history,row_index,date,joint_completed,actual,year,cutoff,method,seed,score,probability,direction_up,actual_up
rolling5_matched,2418,2021-01-08,2021-01-18,-0.0120052904669853,2021,2020-12-31,learned_market,20260910,0.5543016671914011,0.5543016671914011,1,0
rolling5_matched,2423,2021-01-15,2021-01-25,0.0231622460538123,2021,2020-12-31,learned_market,20260910,0.4451999902125013,0.4451999902125013,0,1
rolling5_matched,2428,2021-01-22,2021-02-01,-0.0372511735907923,2021,2020-12-31,learned_market,20260910,0.18168774204984364,0.18168774204984364,0,0
rolling5_matched,2433,2021-01-29,2021-02-08,0.0278689901714626,2021,2020-12-31,learned_market,20260910,0.2027838171307119,0.2027838171307119,0,1
rolling5_matched,2438,2021-02-05,2021-02-22,0.0507379035040882,2021,2020-12-31,learned_market,20260910,0.40374385001284124,0.40374385001284124,0,1
rolling5_matched,2443,2021-02-19,2021-03-01,-0.0684918010685315,2021,2020-12-31,learned_market,20260910,0.3579388638820979,0.3579388638820979,0,0
rolling5_matched,2448,2021-02-26,2021-03-08,-0.0165997123904068,2021,2020-12-31,learned_market,20260910,0.12891074827657095,0.12891074827657095,0,0
rolling5_matched,2453,2021-03-05,2021-03-15,-0.0346560901469681,2021,2020-12-31,learned_market,20260910,0.47411621838716045,0.47411621838716045,0,0
rolling5_matched,2458,2021-03-12,2021-03-22,-0.0210550182560221,2021,2020-12-31,learned_market,20260910,0.5370548852218101,0.5370548852218101,1,0
rolling5_matched,2463,2021-03-19,2021-03-29,0.0087572877565691,2021,2020-12-31,learned_market,20260910,0.5928363526811448,0.5928363526811448,1,1
rolling5_matched,2468,2021-03-26,2021-04-06,0.0250145479448802,2021,2020-12-31,learned_market,20260910,0.4863602650854062,0.4863602650854062,0,1
rolling5_matched,2473,2021-04-02,2021-04-12,-0.0292856811827044,2021,2020-12-31,learned_market,20260910,0.89586670825618,0.89586670825618,1,0
rolling5_matched,2477,2021-04-09,2021-04-19,-0.0120489836840408,2021,2020-12-31,learned_market,20260910,0.5482082167864823,0.5482082167864823,1,0
rolling5_matched,2482,2021-04-16,2021-04-26,0.0382932540809155,2021,2020-12-31,learned_market,20260910,0.6987648687187156,0.6987648687187156,1,1
rolling5_matched,2487,2021-04-23,2021-05-06,-0.0112070185917437,2021,2020-12-31,learned_market,20260910,0.5088479959919473,0.5088479959919473,1,0
rolling5_matched,2492,2021-04-30,2021-05-12,-0.0190946889464188,2021,2020-12-31,learned_market,20260910,0.6028269572194666,0.6028269572194666,1,0
rolling5_matched,2494,2021-05-07,2021-05-17,0.0227674429764228,2021,2020-12-31,learned_market,20260910,0.5471273668438035,0.5471273668438035,1,1
rolling5_matched,2499,2021-05-14,2021-05-24,0.0045940519733895,2021,2020-12-31,learned_market,20260910,0.3045790793672886,0.3045790793672886,0,1
rolling5_matched,2504,2021-05-21,2021-05-31,0.0348855085126711,2021,2020-12-31,learned_market,20260910,0.7339636292495629,0.7339636292495629,1,1
rolling5_matched,2509,2021-05-28,2021-06-07,-0.0062409741861724,2021,2020-12-31,learned_market,20260910,0.7059446964546982,0.7059446964546982,1,0
rolling5_matched,2514,2021-06-04,2021-06-15,-0.0125508761771767,2021,2020-12-31,learned_market,20260910,0.4232659627589165,0.4232659627589165,0,0
rolling5_matched,2519,2021-06-11,2021-06-21,-0.0250011497424577,2021,2020-12-31,learned_market,20260910,0.47410748200291575,0.47410748200291575,0,0
rolling5_matched,2523,2021-06-18,2021-06-28,0.0325308711127356,2021,2020-12-31,learned_market,20260910,0.6038845539974621,0.6038845539974621,1,1
rolling5_matched,2528,2021-06-25,2021-07-05,-0.0342297962734196,2021,2020-12-31,learned_market,20260910,0.22223905219264523,0.22223905219264523,0,0
rolling5_matched,2533,2021-07-02,2021-07-12,0.0068193733271841,2021,2020-12-31,learned_market,20260910,0.6720541940336348,0.6720541940336348,1,1
rolling5_matched,2538,2021-07-09,2021-07-19,-0.0048254045313779,2021,2020-12-31,learned_market,20260910,0.14867950762175997,0.14867950762175997,0,0
rolling5_matched,2543,2021-07-16,2021-07-26,-0.0032299118953994,2021,2020-12-31,learned_market,20260910,0.2955582499694078,0.2955582499694078,0,0
rolling5_matched,2548,2021-07-23,2021-08-02,-0.0537740931579083,2021,2020-12-31,learned_market,20260910,0.6864114658607263,0.6864114658607263,1,0
rolling5_matched,2553,2021-07-30,2021-08-09,0.019904813945049,2021,2020-12-31,learned_market,20260910,0.5826895586975775,0.5826895586975775,1,1
rolling5_matched,2558,2021-08-06,2021-08-16,0.0093369268709639,2021,2020-12-31,learned_market,20260910,0.6819068107530744,0.6819068107530744,1,1
rolling5_matched,2563,2021-08-13,2021-08-23,-0.032048736608373,2021,2020-12-31,learned_market,20260910,0.862803731107195,0.862803731107195,1,0
rolling5_matched,2568,2021-08-20,2021-08-30,0.0145047962107527,2021,2020-12-31,learned_market,20260910,0.8871400755874082,0.8871400755874082,1,1
rolling5_matched,2573,2021-08-27,2021-09-06,-0.0012316820816045,2021,2020-12-31,learned_market,20260910,0.8905891630217841,0.8905891630217841,1,0
rolling5_matched,2578,2021-09-03,2021-09-13,0.0342301066295398,2021,2020-12-31,learned_market,20260910,0.875797959965209,0.875797959965209,1,1
rolling5_matched,2583,2021-09-10,2021-09-22,-0.0471441667981554,2021,2020-12-31,learned_market,20260910,0.8690230041851031,0.8690230041851031,1,0
rolling5_matched,2588,2021-09-17,2021-09-28,0.0209863060789441,2021,2020-12-31,learned_market,20260910,0.8387613269217201,0.8387613269217201,1,1
rolling5_matched,2591,2021-09-24,2021-10-11,0.0144615416200457,2021,2020-12-31,learned_market,20260910,0.8871334386358983,0.8871334386358983,1,1
rolling5_matched,2596,2021-10-08,2021-10-18,-0.0038006269617851,2021,2020-12-31,learned_market,20260910,0.9042985258387507,0.9042985258387507,1,0
rolling5_matched,2601,2021-10-15,2021-10-25,0.0037358989621147,2021,2020-12-31,learned_market,20260910,0.8983488906424026,0.8983488906424026,1,1
rolling5_matched,2606,2021-10-22,2021-11-01,-0.0127041632091318,2021,2020-12-31,learned_market,20260910,0.7644933463523883,0.7644933463523883,1,0
rolling5_matched,2611,2021-10-29,2021-11-08,-0.0075807737801166,2021,2020-12-31,learned_market,20260910,0.8897922111131386,0.8897922111131386,1,0
rolling5_matched,2616,2021-11-05,2021-11-15,0.0110015182343039,2021,2020-12-31,learned_market,20260910,0.9542820289127288,0.9542820289127288,1,1
rolling5_matched,2621,2021-11-12,2021-11-22,0.0002002284238551,2021,2020-12-31,learned_market,20260910,0.9395386325242467,0.9395386325242467,1,1
rolling5_matched,2626,2021-11-19,2021-11-29,-0.0153981603100059,2021,2020-12-31,learned_market,20260910,0.8786955495814841,0.8786955495814841,1,0
rolling5_matched,2631,2021-11-26,2021-12-06,0.0185518287306458,2021,2020-12-31,learned_market,20260910,0.9290960381514132,0.9290960381514132,1,1
rolling5_matched,2636,2021-12-03,2021-12-13,0.0367843110096284,2021,2020-12-31,learned_market,20260910,0.9029640759962172,0.9029640759962172,1,1
rolling5_matched,2641,2021-12-10,2021-12-20,-0.0304615698955996,2021,2020-12-31,learned_market,20260910,0.8223654776486901,0.8223654776486901,1,0
rolling5_matched,2646,2021-12-17,2021-12-27,-0.0034083287233763,2021,2020-12-31,learned_market,20260910,0.7698100754078192,0.7698100754078192,1,0
rolling5_matched,2651,2021-12-24,2022-01-04,0.0080985736506613,2021,2020-12-31,learned_market,20260910,0.8131260803835089,0.8131260803835089,1,1
rolling5_matched,2656,2021-12-31,2022-01-10,-0.0293970528320001,2021,2020-12-31,learned_market,20260910,0.9202832459599823,0.9202832459599823,1,0
rolling5_matched,2418,2021-01-08,2021-01-18,-0.0120052904669853,2021,2020-12-31,learned_vol_interaction,20260910,0.5544771553591142,0.5544771553591142,1,0
rolling5_matched,2423,2021-01-15,2021-01-25,0.0231622460538123,2021,2020-12-31,learned_vol_interaction,20260910,0.4447851098596996,0.4447851098596996,0,1
rolling5_matched,2428,2021-01-22,2021-02-01,-0.0372511735907923,2021,2020-12-31,learned_vol_interaction,20260910,0.1819577238112017,0.1819577238112017,0,0
rolling5_matched,2433,2021-01-29,2021-02-08,0.0278689901714626,2021,2020-12-31,learned_vol_interaction,20260910,0.19998135235842032,0.19998135235842032,0,1
rolling5_matched,2438,2021-02-05,2021-02-22,0.0507379035040882,2021,2020-12-31,learned_vol_interaction,20260910,0.4037110129656103,0.4037110129656103,0,1
rolling5_matched,2443,2021-02-19,2021-03-01,-0.0684918010685315,2021,2020-12-31,learned_vol_interaction,20260910,0.35720740623841996,0.35720740623841996,0,0
rolling5_matched,2448,2021-02-26,2021-03-08,-0.0165997123904068,2021,2020-12-31,learned_vol_interaction,20260910,0.12540695554782408,0.12540695554782408,0,0
rolling5_matched,2453,2021-03-05,2021-03-15,-0.0346560901469681,2021,2020-12-31,learned_vol_interaction,20260910,0.4740435649812071,0.4740435649812071,0,0
rolling5_matched,2458,2021-03-12,2021-03-22,-0.0210550182560221,2021,2020-12-31,learned_vol_interaction,20260910,0.5378543625635299,0.5378543625635299,1,0
rolling5_matched,2463,2021-03-19,2021-03-29,0.0087572877565691,2021,2020-12-31,learned_vol_interaction,20260910,0.5942799344948864,0.5942799344948864,1,1
rolling5_matched,2468,2021-03-26,2021-04-06,0.0250145479448802,2021,2020-12-31,learned_vol_interaction,20260910,0.484146560799669,0.484146560799669,0,1
rolling5_matched,2473,2021-04-02,2021-04-12,-0.0292856811827044,2021,2020-12-31,learned_vol_interaction,20260910,0.8977922038953421,0.8977922038953421,1,0
rolling5_matched,2477,2021-04-09,2021-04-19,-0.0120489836840408,2021,2020-12-31,learned_vol_interaction,20260910,0.5452117100124277,0.5452117100124277,1,0
rolling5_matched,2482,2021-04-16,2021-04-26,0.0382932540809155,2021,2020-12-31,learned_vol_interaction,20260910,0.697194889455522,0.697194889455522,1,1
rolling5_matched,2487,2021-04-23,2021-05-06,-0.0112070185917437,2021,2020-12-31,learned_vol_interaction,20260910,0.5082145395100454,0.5082145395100454,1,0
rolling5_matched,2492,2021-04-30,2021-05-12,-0.0190946889464188,2021,2020-12-31,learned_vol_interaction,20260910,0.6015460590592029,0.6015460590592029,1,0
rolling5_matched,2494,2021-05-07,2021-05-17,0.0227674429764228,2021,2020-12-31,learned_vol_interaction,20260910,0.5451218757383894,0.5451218757383894,1,1
rolling5_matched,2499,2021-05-14,2021-05-24,0.0045940519733895,2021,2020-12-31,learned_vol_interaction,20260910,0.3057578757140875,0.3057578757140875,0,1
rolling5_matched,2504,2021-05-21,2021-05-31,0.0348855085126711,2021,2020-12-31,learned_vol_interaction,20260910,0.7318574403331685,0.7318574403331685,1,1
rolling5_matched,2509,2021-05-28,2021-06-07,-0.0062409741861724,2021,2020-12-31,learned_vol_interaction,20260910,0.705474342979337,0.705474342979337,1,0
rolling5_matched,2514,2021-06-04,2021-06-15,-0.0125508761771767,2021,2020-12-31,learned_vol_interaction,20260910,0.42555317690905414,0.42555317690905414,0,0
rolling5_matched,2519,2021-06-11,2021-06-21,-0.0250011497424577,2021,2020-12-31,learned_vol_interaction,20260910,0.47748321924543424,0.47748321924543424,0,0
rolling5_matched,2523,2021-06-18,2021-06-28,0.0325308711127356,2021,2020-12-31,learned_vol_interaction,20260910,0.6068561408342874,0.6068561408342874,1,1
rolling5_matched,2528,2021-06-25,2021-07-05,-0.0342297962734196,2021,2020-12-31,learned_vol_interaction,20260910,0.22802491716760037,0.22802491716760037,0,0
rolling5_matched,2533,2021-07-02,2021-07-12,0.0068193733271841,2021,2020-12-31,learned_vol_interaction,20260910,0.6712857677813361,0.6712857677813361,1,1
rolling5_matched,2538,2021-07-09,2021-07-19,-0.0048254045313779,2021,2020-12-31,learned_vol_interaction,20260910,0.1511963090853982,0.1511963090853982,0,0
rolling5_matched,2543,2021-07-16,2021-07-26,-0.0032299118953994,2021,2020-12-31,learned_vol_interaction,20260910,0.2971861250398926,0.2971861250398926,0,0
rolling5_matched,2548,2021-07-23,2021-08-02,-0.0537740931579083,2021,2020-12-31,learned_vol_interaction,20260910,0.6863093563432288,0.6863093563432288,1,0
rolling5_matched,2553,2021-07-30,2021-08-09,0.019904813945049,2021,2020-12-31,learned_vol_interaction,20260910,0.5843385889263418,0.5843385889263418,1,1
rolling5_matched,2558,2021-08-06,2021-08-16,0.0093369268709639,2021,2020-12-31,learned_vol_interaction,20260910,0.6842682094664413,0.6842682094664413,1,1
rolling5_matched,2563,2021-08-13,2021-08-23,-0.032048736608373,2021,2020-12-31,learned_vol_interaction,20260910,0.8643478493824519,0.8643478493824519,1,0
rolling5_matched,2568,2021-08-20,2021-08-30,0.0145047962107527,2021,2020-12-31,learned_vol_interaction,20260910,0.8883574588308423,0.8883574588308423,1,1
rolling5_matched,2573,2021-08-27,2021-09-06,-0.0012316820816045,2021,2020-12-31,learned_vol_interaction,20260910,0.8911799178036165,0.8911799178036165,1,0
rolling5_matched,2578,2021-09-03,2021-09-13,0.0342301066295398,2021,2020-12-31,learned_vol_interaction,20260910,0.8754041869081332,0.8754041869081332,1,1
rolling5_matched,2583,2021-09-10,2021-09-22,-0.0471441667981554,2021,2020-12-31,learned_vol_interaction,20260910,0.8684980065011509,0.8684980065011509,1,0
rolling5_matched,2588,2021-09-17,2021-09-28,0.0209863060789441,2021,2020-12-31,learned_vol_interaction,20260910,0.8389947761748052,0.8389947761748052,1,1
rolling5_matched,2591,2021-09-24,2021-10-11,0.0144615416200457,2021,2020-12-31,learned_vol_interaction,20260910,0.8861363994376988,0.8861363994376988,1,1
rolling5_matched,2596,2021-10-08,2021-10-18,-0.0038006269617851,2021,2020-12-31,learned_vol_interaction,20260910,0.9037450924056247,0.9037450924056247,1,0
rolling5_matched,2601,2021-10-15,2021-10-25,0.0037358989621147,2021,2020-12-31,learned_vol_interaction,20260910,0.8975093862158368,0.8975093862158368,1,1
rolling5_matched,2606,2021-10-22,2021-11-01,-0.0127041632091318,2021,2020-12-31,learned_vol_interaction,20260910,0.7649075970919851,0.7649075970919851,1,0
rolling5_matched,2611,2021-10-29,2021-11-08,-0.0075807737801166,2021,2020-12-31,learned_vol_interaction,20260910,0.8892629592259774,0.8892629592259774,1,0
rolling5_matched,2616,2021-11-05,2021-11-15,0.0110015182343039,2021,2020-12-31,learned_vol_interaction,20260910,0.9529185960791537,0.9529185960791537,1,1
rolling5_matched,2621,2021-11-12,2021-11-22,0.0002002284238551,2021,2020-12-31,learned_vol_interaction,20260910,0.9382144598316227,0.9382144598316227,1,1
rolling5_matched,2626,2021-11-19,2021-11-29,-0.0153981603100059,2021,2020-12-31,learned_vol_interaction,20260910,0.8756710274886733,0.8756710274886733,1,0
rolling5_matched,2631,2021-11-26,2021-12-06,0.0185518287306458,2021,2020-12-31,learned_vol_interaction,20260910,0.9266222334499499,0.9266222334499499,1,1
rolling5_matched,2636,2021-12-03,2021-12-13,0.0367843110096284,2021,2020-12-31,learned_vol_interaction,20260910,0.8998597760597618,0.8998597760597618,1,1
rolling5_matched,2641,2021-12-10,2021-12-20,-0.0304615698955996,2021,2020-12-31,learned_vol_interaction,20260910,0.8194197447763955,0.8194197447763955,1,0
rolling5_matched,2646,2021-12-17,2021-12-27,-0.0034083287233763,2021,2020-12-31,learned_vol_interaction,20260910,0.7684170367273327,0.7684170367273327,1,0
rolling5_matched,2651,2021-12-24,2022-01-04,0.0080985736506613,2021,2020-12-31,learned_vol_interaction,20260910,0.8111376397180585,0.8111376397180585,1,1
rolling5_matched,2656,2021-12-31,2022-01-10,-0.0293970528320001,2021,2020-12-31,learned_vol_interaction,20260910,0.918847956728697,0.918847956728697,1,0
rolling5_matched,2418,2021-01-08,2021-01-18,-0.0120052904669853,2021,2020-12-31,learned_order_extension,20260910,0.5564104032366345,0.5564104032366345,1,0
rolling5_matched,2423,2021-01-15,2021-01-25,0.0231622460538123,2021,2020-12-31,learned_order_extension,20260910,0.45364669241143407,0.45364669241143407,0,1
rolling5_matched,2428,2021-01-22,2021-02-01,-0.0372511735907923,2021,2020-12-31,learned_order_extension,20260910,0.19509207489807695,0.19509207489807695,0,0
rolling5_matched,2433,2021-01-29,2021-02-08,0.0278689901714626,2021,2020-12-31,learned_order_extension,20260910,0.19814655731874908,0.19814655731874908,0,1
rolling5_matched,2438,2021-02-05,2021-02-22,0.0507379035040882,2021,2020-12-31,learned_order_extension,20260910,0.4051058747625098,0.4051058747625098,0,1
rolling5_matched,2443,2021-02-19,2021-03-01,-0.0684918010685315,2021,2020-12-31,learned_order_extension,20260910,0.35733621437710045,0.35733621437710045,0,0
rolling5_matched,2448,2021-02-26,2021-03-08,-0.0165997123904068,2021,2020-12-31,learned_order_extension,20260910,0.1266472216791582,0.1266472216791582,0,0
rolling5_matched,2453,2021-03-05,2021-03-15,-0.0346560901469681,2021,2020-12-31,learned_order_extension,20260910,0.47113177126210654,0.47113177126210654,0,0
rolling5_matched,2458,2021-03-12,2021-03-22,-0.0210550182560221,2021,2020-12-31,learned_order_extension,20260910,0.5441417466475557,0.5441417466475557,1,0
rolling5_matched,2463,2021-03-19,2021-03-29,0.0087572877565691,2021,2020-12-31,learned_order_extension,20260910,0.6073873803985592,0.6073873803985592,1,1
rolling5_matched,2468,2021-03-26,2021-04-06,0.0250145479448802,2021,2020-12-31,learned_order_extension,20260910,0.49002490047833996,0.49002490047833996,0,1
rolling5_matched,2473,2021-04-02,2021-04-12,-0.0292856811827044,2021,2020-12-31,learned_order_extension,20260910,0.888228507059213,0.888228507059213,1,0
rolling5_matched,2477,2021-04-09,2021-04-19,-0.0120489836840408,2021,2020-12-31,learned_order_extension,20260910,0.5277927273106622,0.5277927273106622,1,0
rolling5_matched,2482,2021-04-16,2021-04-26,0.0382932540809155,2021,2020-12-31,learned_order_extension,20260910,0.7021646789518609,0.7021646789518609,1,1
rolling5_matched,2487,2021-04-23,2021-05-06,-0.0112070185917437,2021,2020-12-31,learned_order_extension,20260910,0.48071881213237166,0.48071881213237166,0,0
rolling5_matched,2492,2021-04-30,2021-05-12,-0.0190946889464188,2021,2020-12-31,learned_order_extension,20260910,0.5956754336514499,0.5956754336514499,1,0
rolling5_matched,2494,2021-05-07,2021-05-17,0.0227674429764228,2021,2020-12-31,learned_order_extension,20260910,0.531092568706867,0.531092568706867,1,1
rolling5_matched,2499,2021-05-14,2021-05-24,0.0045940519733895,2021,2020-12-31,learned_order_extension,20260910,0.2526271806464783,0.2526271806464783,0,1
rolling5_matched,2504,2021-05-21,2021-05-31,0.0348855085126711,2021,2020-12-31,learned_order_extension,20260910,0.7432993985751355,0.7432993985751355,1,1
rolling5_matched,2509,2021-05-28,2021-06-07,-0.0062409741861724,2021,2020-12-31,learned_order_extension,20260910,0.7065252567788675,0.7065252567788675,1,0
rolling5_matched,2514,2021-06-04,2021-06-15,-0.0125508761771767,2021,2020-12-31,learned_order_extension,20260910,0.41019275777387754,0.41019275777387754,0,0
rolling5_matched,2519,2021-06-11,2021-06-21,-0.0250011497424577,2021,2020-12-31,learned_order_extension,20260910,0.45749806726112047,0.45749806726112047,0,0
rolling5_matched,2523,2021-06-18,2021-06-28,0.0325308711127356,2021,2020-12-31,learned_order_extension,20260910,0.6208290403823192,0.6208290403823192,1,1
rolling5_matched,2528,2021-06-25,2021-07-05,-0.0342297962734196,2021,2020-12-31,learned_order_extension,20260910,0.2049185548710334,0.2049185548710334,0,0
rolling5_matched,2533,2021-07-02,2021-07-12,0.0068193733271841,2021,2020-12-31,learned_order_extension,20260910,0.6925017375295762,0.6925017375295762,1,1
rolling5_matched,2538,2021-07-09,2021-07-19,-0.0048254045313779,2021,2020-12-31,learned_order_extension,20260910,0.11133865094456084,0.11133865094456084,0,0
rolling5_matched,2543,2021-07-16,2021-07-26,-0.0032299118953994,2021,2020-12-31,learned_order_extension,20260910,0.2590754507096207,0.2590754507096207,0,0
rolling5_matched,2548,2021-07-23,2021-08-02,-0.0537740931579083,2021,2020-12-31,learned_order_extension,20260910,0.7111124056956956,0.7111124056956956,1,0
rolling5_matched,2553,2021-07-30,2021-08-09,0.019904813945049,2021,2020-12-31,learned_order_extension,20260910,0.5845004873391334,0.5845004873391334,1,1
rolling5_matched,2558,2021-08-06,2021-08-16,0.0093369268709639,2021,2020-12-31,learned_order_extension,20260910,0.7004631293436857,0.7004631293436857,1,1
rolling5_matched,2563,2021-08-13,2021-08-23,-0.032048736608373,2021,2020-12-31,learned_order_extension,20260910,0.8667909273485789,0.8667909273485789,1,0
rolling5_matched,2568,2021-08-20,2021-08-30,0.0145047962107527,2021,2020-12-31,learned_order_extension,20260910,0.8862742493571982,0.8862742493571982,1,1
rolling5_matched,2573,2021-08-27,2021-09-06,-0.0012316820816045,2021,2020-12-31,learned_order_extension,20260910,0.903560726602613,0.903560726602613,1,0
rolling5_matched,2578,2021-09-03,2021-09-13,0.0342301066295398,2021,2020-12-31,learned_order_extension,20260910,0.8799449525841553,0.8799449525841553,1,1
rolling5_matched,2583,2021-09-10,2021-09-22,-0.0471441667981554,2021,2020-12-31,learned_order_extension,20260910,0.8848812451486692,0.8848812451486692,1,0
rolling5_matched,2588,2021-09-17,2021-09-28,0.0209863060789441,2021,2020-12-31,learned_order_extension,20260910,0.865020268563497,0.865020268563497,1,1
rolling5_matched,2591,2021-09-24,2021-10-11,0.0144615416200457,2021,2020-12-31,learned_order_extension,20260910,0.9162053341903774,0.9162053341903774,1,1
rolling5_matched,2596,2021-10-08,2021-10-18,-0.0038006269617851,2021,2020-12-31,learned_order_extension,20260910,0.9262836896041404,0.9262836896041404,1,0
rolling5_matched,2601,2021-10-15,2021-10-25,0.0037358989621147,2021,2020-12-31,learned_order_extension,20260910,0.9266539127248062,0.9266539127248062,1,1
rolling5_matched,2606,2021-10-22,2021-11-01,-0.0127041632091318,2021,2020-12-31,learned_order_extension,20260910,0.7955419710285541,0.7955419710285541,1,0
rolling5_matched,2611,2021-10-29,2021-11-08,-0.0075807737801166,2021,2020-12-31,learned_order_extension,20260910,0.9227437880173417,0.9227437880173417,1,0
rolling5_matched,2616,2021-11-05,2021-11-15,0.0110015182343039,2021,2020-12-31,learned_order_extension,20260910,0.9715054496314459,0.9715054496314459,1,1
rolling5_matched,2621,2021-11-12,2021-11-22,0.0002002284238551,2021,2020-12-31,learned_order_extension,20260910,0.9679131750360279,0.9679131750360279,1,1
rolling5_matched,2626,2021-11-19,2021-11-29,-0.0153981603100059,2021,2020-12-31,learned_order_extension,20260910,0.9210568116168866,0.9210568116168866,1,0
rolling5_matched,2631,2021-11-26,2021-12-06,0.0185518287306458,2021,2020-12-31,learned_order_extension,20260910,0.9592809346355118,0.9592809346355118,1,1
rolling5_matched,2636,2021-12-03,2021-12-13,0.0367843110096284,2021,2020-12-31,learned_order_extension,20260910,0.9256893632845526,0.9256893632845526,1,1
rolling5_matched,2641,2021-12-10,2021-12-20,-0.0304615698955996,2021,2020-12-31,learned_order_extension,20260910,0.8605168786476123,0.8605168786476123,1,0
rolling5_matched,2646,2021-12-17,2021-12-27,-0.0034083287233763,2021,2020-12-31,learned_order_extension,20260910,0.8163385223330307,0.8163385223330307,1,0
rolling5_matched,2651,2021-12-24,2022-01-04,0.0080985736506613,2021,2020-12-31,learned_order_extension,20260910,0.846256186304794,0.846256186304794,1,1
rolling5_matched,2656,2021-12-31,2022-01-10,-0.0293970528320001,2021,2020-12-31,learned_order_extension,20260910,0.9467247757546454,0.9467247757546454,1,0
rolling5_matched,2418,2021-01-08,2021-01-18,-0.0120052904669853,2021,2020-12-31,learned_order_offset,20260910,0.5589431162182866,0.5589431162182866,1,0
rolling5_matched,2423,2021-01-15,2021-01-25,0.0231622460538123,2021,2020-12-31,learned_order_offset,20260910,0.457964317026674,0.457964317026674,0,1
rolling5_matched,2428,2021-01-22,2021-02-01,-0.0372511735907923,2021,2020-12-31,learned_order_offset,20260910,0.19962774004986114,0.19962774004986114,0,0
rolling5_matched,2433,2021-01-29,2021-02-08,0.0278689901714626,2021,2020-12-31,learned_order_offset,20260910,0.20194924686537333,0.20194924686537333,0,1
rolling5_matched,2438,2021-02-05,2021-02-22,0.0507379035040882,2021,2020-12-31,learned_order_offset,20260910,0.40847759279888163,0.40847759279888163,0,1
rolling5_matched,2443,2021-02-19,2021-03-01,-0.0684918010685315,2021,2020-12-31,learned_order_offset,20260910,0.36236130715081843,0.36236130715081843,0,0
rolling5_matched,2448,2021-02-26,2021-03-08,-0.0165997123904068,2021,2020-12-31,learned_order_offset,20260910,0.12910023561419484,0.12910023561419484,0,0
rolling5_matched,2453,2021-03-05,2021-03-15,-0.0346560901469681,2021,2020-12-31,learned_order_offset,20260910,0.47140576161822323,0.47140576161822323,0,0
rolling5_matched,2458,2021-03-12,2021-03-22,-0.0210550182560221,2021,2020-12-31,learned_order_offset,20260910,0.5414783712769766,0.5414783712769766,1,0
rolling5_matched,2463,2021-03-19,2021-03-29,0.0087572877565691,2021,2020-12-31,learned_order_offset,20260910,0.60468416178277,0.60468416178277,1,1
rolling5_matched,2468,2021-03-26,2021-04-06,0.0250145479448802,2021,2020-12-31,learned_order_offset,20260910,0.4891738169646018,0.4891738169646018,0,1
rolling5_matched,2473,2021-04-02,2021-04-12,-0.0292856811827044,2021,2020-12-31,learned_order_offset,20260910,0.8863636365990732,0.8863636365990732,1,0
rolling5_matched,2477,2021-04-09,2021-04-19,-0.0120489836840408,2021,2020-12-31,learned_order_offset,20260910,0.5259110788049499,0.5259110788049499,1,0
rolling5_matched,2482,2021-04-16,2021-04-26,0.0382932540809155,2021,2020-12-31,learned_order_offset,20260910,0.6983330797343242,0.6983330797343242,1,1
rolling5_matched,2487,2021-04-23,2021-05-06,-0.0112070185917437,2021,2020-12-31,learned_order_offset,20260910,0.4809326896391394,0.4809326896391394,0,0
rolling5_matched,2492,2021-04-30,2021-05-12,-0.0190946889464188,2021,2020-12-31,learned_order_offset,20260910,0.5895416450754326,0.5895416450754326,1,0
rolling5_matched,2494,2021-05-07,2021-05-17,0.0227674429764228,2021,2020-12-31,learned_order_offset,20260910,0.5242828630909089,0.5242828630909089,1,1
rolling5_matched,2499,2021-05-14,2021-05-24,0.0045940519733895,2021,2020-12-31,learned_order_offset,20260910,0.2530766607791276,0.2530766607791276,0,1
rolling5_matched,2504,2021-05-21,2021-05-31,0.0348855085126711,2021,2020-12-31,learned_order_offset,20260910,0.7401052744551876,0.7401052744551876,1,1
rolling5_matched,2509,2021-05-28,2021-06-07,-0.0062409741861724,2021,2020-12-31,learned_order_offset,20260910,0.7021317996340329,0.7021317996340329,1,0
rolling5_matched,2514,2021-06-04,2021-06-15,-0.0125508761771767,2021,2020-12-31,learned_order_offset,20260910,0.4158463132736554,0.4158463132736554,0,0
rolling5_matched,2519,2021-06-11,2021-06-21,-0.0250011497424577,2021,2020-12-31,learned_order_offset,20260910,0.4562397204273188,0.4562397204273188,0,0
rolling5_matched,2523,2021-06-18,2021-06-28,0.0325308711127356,2021,2020-12-31,learned_order_offset,20260910,0.617672238722161,0.617672238722161,1,1
rolling5_matched,2528,2021-06-25,2021-07-05,-0.0342297962734196,2021,2020-12-31,learned_order_offset,20260910,0.20872473418949186,0.20872473418949186,0,0
rolling5_matched,2533,2021-07-02,2021-07-12,0.0068193733271841,2021,2020-12-31,learned_order_offset,20260910,0.6926020210777276,0.6926020210777276,1,1
rolling5_matched,2538,2021-07-09,2021-07-19,-0.0048254045313779,2021,2020-12-31,learned_order_offset,20260910,0.11353979927919157,0.11353979927919157,0,0
rolling5_matched,2543,2021-07-16,2021-07-26,-0.0032299118953994,2021,2020-12-31,learned_order_offset,20260910,0.2627993498396829,0.2627993498396829,0,0
rolling5_matched,2548,2021-07-23,2021-08-02,-0.0537740931579083,2021,2020-12-31,learned_order_offset,20260910,0.7085587985370245,0.7085587985370245,1,0
rolling5_matched,2553,2021-07-30,2021-08-09,0.019904813945049,2021,2020-12-31,learned_order_offset,20260910,0.5849575665260691,0.5849575665260691,1,1
rolling5_matched,2558,2021-08-06,2021-08-16,0.0093369268709639,2021,2020-12-31,learned_order_offset,20260910,0.7004755659911275,0.7004755659911275,1,1
rolling5_matched,2563,2021-08-13,2021-08-23,-0.032048736608373,2021,2020-12-31,learned_order_offset,20260910,0.8649957788757178,0.8649957788757178,1,0
rolling5_matched,2568,2021-08-20,2021-08-30,0.0145047962107527,2021,2020-12-31,learned_order_offset,20260910,0.8847001601730118,0.8847001601730118,1,1
rolling5_matched,2573,2021-08-27,2021-09-06,-0.0012316820816045,2021,2020-12-31,learned_order_offset,20260910,0.8999050458642597,0.8999050458642597,1,0
rolling5_matched,2578,2021-09-03,2021-09-13,0.0342301066295398,2021,2020-12-31,learned_order_offset,20260910,0.8758082784538963,0.8758082784538963,1,1
rolling5_matched,2583,2021-09-10,2021-09-22,-0.0471441667981554,2021,2020-12-31,learned_order_offset,20260910,0.8824209611929394,0.8824209611929394,1,0
rolling5_matched,2588,2021-09-17,2021-09-28,0.0209863060789441,2021,2020-12-31,learned_order_offset,20260910,0.8614320072154322,0.8614320072154322,1,1
rolling5_matched,2591,2021-09-24,2021-10-11,0.0144615416200457,2021,2020-12-31,learned_order_offset,20260910,0.9129422189789098,0.9129422189789098,1,1
rolling5_matched,2596,2021-10-08,2021-10-18,-0.0038006269617851,2021,2020-12-31,learned_order_offset,20260910,0.9243359343855263,0.9243359343855263,1,0
rolling5_matched,2601,2021-10-15,2021-10-25,0.0037358989621147,2021,2020-12-31,learned_order_offset,20260910,0.9243076643037766,0.9243076643037766,1,1
rolling5_matched,2606,2021-10-22,2021-11-01,-0.0127041632091318,2021,2020-12-31,learned_order_offset,20260910,0.7954887358324823,0.7954887358324823,1,0
rolling5_matched,2611,2021-10-29,2021-11-08,-0.0075807737801166,2021,2020-12-31,learned_order_offset,20260910,0.921383212026789,0.921383212026789,1,0
rolling5_matched,2616,2021-11-05,2021-11-15,0.0110015182343039,2021,2020-12-31,learned_order_offset,20260910,0.9706810305251109,0.9706810305251109,1,1
rolling5_matched,2621,2021-11-12,2021-11-22,0.0002002284238551,2021,2020-12-31,learned_order_offset,20260910,0.9666637486480991,0.9666637486480991,1,1
rolling5_matched,2626,2021-11-19,2021-11-29,-0.0153981603100059,2021,2020-12-31,learned_order_offset,20260910,0.9200874088993312,0.9200874088993312,1,0
rolling5_matched,2631,2021-11-26,2021-12-06,0.0185518287306458,2021,2020-12-31,learned_order_offset,20260910,0.9582353089492865,0.9582353089492865,1,1
rolling5_matched,2636,2021-12-03,2021-12-13,0.0367843110096284,2021,2020-12-31,learned_order_offset,20260910,0.9249333037254501,0.9249333037254501,1,1
rolling5_matched,2641,2021-12-10,2021-12-20,-0.0304615698955996,2021,2020-12-31,learned_order_offset,20260910,0.857516327988582,0.857516327988582,1,0
rolling5_matched,2646,2021-12-17,2021-12-27,-0.0034083287233763,2021,2020-12-31,learned_order_offset,20260910,0.8131529988690768,0.8131529988690768,1,0
rolling5_matched,2651,2021-12-24,2022-01-04,0.0080985736506613,2021,2020-12-31,learned_order_offset,20260910,0.8468890111996609,0.8468890111996609,1,1
rolling5_matched,2656,2021-12-31,2022-01-10,-0.0293970528320001,2021,2020-12-31,learned_order_offset,20260910,0.945072700116768,0.945072700116768,1,0
rolling5_matched,2418,2021-01-08,2021-01-18,-0.0120052904669853,2021,2020-12-31,native_mse,20260910,0.005646428224970168,,1,0
rolling5_matched,2423,2021-01-15,2021-01-25,0.0231622460538123,2021,2020-12-31,native_mse,20260910,0.006169702865852297,,1,1
rolling5_matched,2428,2021-01-22,2021-02-01,-0.0372511735907923,2021,2020-12-31,native_mse,20260910,-0.01916513052078323,,0,0
rolling5_matched,2433,2021-01-29,2021-02-08,0.0278689901714626,2021,2020-12-31,native_mse,20260910,-0.021310733552783692,,0,1
rolling5_matched,2438,2021-02-05,2021-02-22,0.0507379035040882,2021,2020-12-31,native_mse,20260910,-0.009764100582795554,,0,1
rolling5_matched,2443,2021-02-19,2021-03-01,-0.0684918010685315,2021,2020-12-31,native_mse,20260910,-0.00604817762234899,,0,0
rolling5_matched,2448,2021-02-26,2021-03-08,-0.0165997123904068,2021,2020-12-31,native_mse,20260910,-0.026757661004833205,,0,0
rolling5_matched,2453,2021-03-05,2021-03-15,-0.0346560901469681,2021,2020-12-31,native_mse,20260910,-0.00773263709367528,,0,0
rolling5_matched,2458,2021-03-12,2021-03-22,-0.0210550182560221,2021,2020-12-31,native_mse,20260910,-0.009325710160897529,,0,0
rolling5_matched,2463,2021-03-19,2021-03-29,0.0087572877565691,2021,2020-12-31,native_mse,20260910,-0.005602930022750403,,0,1
rolling5_matched,2468,2021-03-26,2021-04-06,0.0250145479448802,2021,2020-12-31,native_mse,20260910,-0.010742811028355762,,0,1
rolling5_matched,2473,2021-04-02,2021-04-12,-0.0292856811827044,2021,2020-12-31,native_mse,20260910,0.017600496755732456,,1,0
rolling5_matched,2477,2021-04-09,2021-04-19,-0.0120489836840408,2021,2020-12-31,native_mse,20260910,0.0028415158374881138,,1,0
rolling5_matched,2482,2021-04-16,2021-04-26,0.0382932540809155,2021,2020-12-31,native_mse,20260910,0.01209011417493524,,1,1
rolling5_matched,2487,2021-04-23,2021-05-06,-0.0112070185917437,2021,2020-12-31,native_mse,20260910,-0.0016515174459508747,,0,0
rolling5_matched,2492,2021-04-30,2021-05-12,-0.0190946889464188,2021,2020-12-31,native_mse,20260910,0.0011545872001001711,,1,0
rolling5_matched,2494,2021-05-07,2021-05-17,0.0227674429764228,2021,2020-12-31,native_mse,20260910,0.0014046776285004492,,1,1
rolling5_matched,2499,2021-05-14,2021-05-24,0.0045940519733895,2021,2020-12-31,native_mse,20260910,-0.009231054217736836,,0,1
rolling5_matched,2504,2021-05-21,2021-05-31,0.0348855085126711,2021,2020-12-31,native_mse,20260910,0.005753007983587218,,1,1
rolling5_matched,2509,2021-05-28,2021-06-07,-0.0062409741861724,2021,2020-12-31,native_mse,20260910,0.012401046683347433,,1,0
rolling5_matched,2514,2021-06-04,2021-06-15,-0.0125508761771767,2021,2020-12-31,native_mse,20260910,-0.010833809646107296,,0,0
rolling5_matched,2519,2021-06-11,2021-06-21,-0.0250011497424577,2021,2020-12-31,native_mse,20260910,-0.003993580176776588,,0,0
rolling5_matched,2523,2021-06-18,2021-06-28,0.0325308711127356,2021,2020-12-31,native_mse,20260910,-0.005584605682866945,,0,1
rolling5_matched,2528,2021-06-25,2021-07-05,-0.0342297962734196,2021,2020-12-31,native_mse,20260910,-0.024644033540106452,,0,0
rolling5_matched,2533,2021-07-02,2021-07-12,0.0068193733271841,2021,2020-12-31,native_mse,20260910,-0.0009603809150133384,,0,1
rolling5_matched,2538,2021-07-09,2021-07-19,-0.0048254045313779,2021,2020-12-31,native_mse,20260910,-0.027132044542771613,,0,0
rolling5_matched,2543,2021-07-16,2021-07-26,-0.0032299118953994,2021,2020-12-31,native_mse,20260910,-0.02041843961519878,,0,0
rolling5_matched,2548,2021-07-23,2021-08-02,-0.0537740931579083,2021,2020-12-31,native_mse,20260910,0.00905100957470031,,1,0
rolling5_matched,2553,2021-07-30,2021-08-09,0.019904813945049,2021,2020-12-31,native_mse,20260910,-0.0037713843357003577,,0,1
rolling5_matched,2558,2021-08-06,2021-08-16,0.0093369268709639,2021,2020-12-31,native_mse,20260910,-0.000713579087049619,,0,1
rolling5_matched,2563,2021-08-13,2021-08-23,-0.032048736608373,2021,2020-12-31,native_mse,20260910,0.015245257897286634,,1,0
rolling5_matched,2568,2021-08-20,2021-08-30,0.0145047962107527,2021,2020-12-31,native_mse,20260910,0.022009486570513968,,1,1
rolling5_matched,2573,2021-08-27,2021-09-06,-0.0012316820816045,2021,2020-12-31,native_mse,20260910,0.027555587307800944,,1,0
rolling5_matched,2578,2021-09-03,2021-09-13,0.0342301066295398,2021,2020-12-31,native_mse,20260910,0.026302086369819882,,1,1
rolling5_matched,2583,2021-09-10,2021-09-22,-0.0471441667981554,2021,2020-12-31,native_mse,20260910,0.019205528891715833,,1,0
rolling5_matched,2588,2021-09-17,2021-09-28,0.0209863060789441,2021,2020-12-31,native_mse,20260910,0.01911710376521275,,1,1
rolling5_matched,2591,2021-09-24,2021-10-11,0.0144615416200457,2021,2020-12-31,native_mse,20260910,0.02250473155472411,,1,1
rolling5_matched,2596,2021-10-08,2021-10-18,-0.0038006269617851,2021,2020-12-31,native_mse,20260910,0.023995144538913524,,1,0
rolling5_matched,2601,2021-10-15,2021-10-25,0.0037358989621147,2021,2020-12-31,native_mse,20260910,0.022384891634446503,,1,1
rolling5_matched,2606,2021-10-22,2021-11-01,-0.0127041632091318,2021,2020-12-31,native_mse,20260910,0.005486290497959457,,1,0
rolling5_matched,2611,2021-10-29,2021-11-08,-0.0075807737801166,2021,2020-12-31,native_mse,20260910,0.015901398964482262,,1,0
rolling5_matched,2616,2021-11-05,2021-11-15,0.0110015182343039,2021,2020-12-31,native_mse,20260910,0.02550261848292464,,1,1
rolling5_matched,2621,2021-11-12,2021-11-22,0.0002002284238551,2021,2020-12-31,native_mse,20260910,0.025243601794779108,,1,1
rolling5_matched,2626,2021-11-19,2021-11-29,-0.0153981603100059,2021,2020-12-31,native_mse,20260910,0.015976431114548665,,1,0
rolling5_matched,2631,2021-11-26,2021-12-06,0.0185518287306458,2021,2020-12-31,native_mse,20260910,0.020818424974196555,,1,1
rolling5_matched,2636,2021-12-03,2021-12-13,0.0367843110096284,2021,2020-12-31,native_mse,20260910,0.016339238451012667,,1,1
rolling5_matched,2641,2021-12-10,2021-12-20,-0.0304615698955996,2021,2020-12-31,native_mse,20260910,0.016359118035527635,,1,0
rolling5_matched,2646,2021-12-17,2021-12-27,-0.0034083287233763,2021,2020-12-31,native_mse,20260910,0.013923014654686169,,1,0
rolling5_matched,2651,2021-12-24,2022-01-04,0.0080985736506613,2021,2020-12-31,native_mse,20260910,0.01764665234996801,,1,1
rolling5_matched,2656,2021-12-31,2022-01-10,-0.0293970528320001,2021,2020-12-31,native_mse,20260910,0.021371967446681628,,1,0
rolling5_matched,2418,2021-01-08,2021-01-18,-0.0120052904669853,2021,2020-12-31,training_frequency,-1,0.5577557755775577,0.5577557755775577,1,0
rolling5_matched,2423,2021-01-15,2021-01-25,0.0231622460538123,2021,2020-12-31,training_frequency,-1,0.5577557755775577,0.5577557755775577,1,1
rolling5_matched,2428,2021-01-22,2021-02-01,-0.0372511735907923,2021,2020-12-31,training_frequency,-1,0.5577557755775577,0.5577557755775577,1,0
rolling5_matched,2433,2021-01-29,2021-02-08,0.0278689901714626,2021,2020-12-31,training_frequency,-1,0.5577557755775577,0.5577557755775577,1,1
rolling5_matched,2438,2021-02-05,2021-02-22,0.0507379035040882,2021,2020-12-31,training_frequency,-1,0.5577557755775577,0.5577557755775577,1,1
rolling5_matched,2443,2021-02-19,2021-03-01,-0.0684918010685315,2021,2020-12-31,training_frequency,-1,0.5577557755775577,0.5577557755775577,1,0
rolling5_matched,2448,2021-02-26,2021-03-08,-0.0165997123904068,2021,2020-12-31,training_frequency,-1,0.5577557755775577,0.5577557755775577,1,0
rolling5_matched,2453,2021-03-05,2021-03-15,-0.0346560901469681,2021,2020-12-31,training_frequency,-1,0.5577557755775577,0.5577557755775577,1,0
rolling5_matched,2458,2021-03-12,2021-03-22,-0.0210550182560221,2021,2020-12-31,training_frequency,-1,0.5577557755775577,0.5577557755775577,1,0
rolling5_matched,2463,2021-03-19,2021-03-29,0.0087572877565691,2021,2020-12-31,training_frequency,-1,0.5577557755775577,0.5577557755775577,1,1
rolling5_matched,2468,2021-03-26,2021-04-06,0.0250145479448802,2021,2020-12-31,training_frequency,-1,0.5577557755775577,0.5577557755775577,1,1
rolling5_matched,2473,2021-04-02,2021-04-12,-0.0292856811827044,2021,2020-12-31,training_frequency,-1,0.5577557755775577,0.5577557755775577,1,0
rolling5_matched,2477,2021-04-09,2021-04-19,-0.0120489836840408,2021,2020-12-31,training_frequency,-1,0.5577557755775577,0.5577557755775577,1,0
rolling5_matched,2482,2021-04-16,2021-04-26,0.0382932540809155,2021,2020-12-31,training_frequency,-1,0.5577557755775577,0.5577557755775577,1,1
rolling5_matched,2487,2021-04-23,2021-05-06,-0.0112070185917437,2021,2020-12-31,training_frequency,-1,0.5577557755775577,0.5577557755775577,1,0
rolling5_matched,2492,2021-04-30,2021-05-12,-0.0190946889464188,2021,2020-12-31,training_frequency,-1,0.5577557755775577,0.5577557755775577,1,0
rolling5_matched,2494,2021-05-07,2021-05-17,0.0227674429764228,2021,2020-12-31,training_frequency,-1,0.5577557755775577,0.5577557755775577,1,1
rolling5_matched,2499,2021-05-14,2021-05-24,0.0045940519733895,2021,2020-12-31,training_frequency,-1,0.5577557755775577,0.5577557755775577,1,1
rolling5_matched,2504,2021-05-21,2021-05-31,0.0348855085126711,2021,2020-12-31,training_frequency,-1,0.5577557755775577,0.5577557755775577,1,1
rolling5_matched,2509,2021-05-28,2021-06-07,-0.0062409741861724,2021,2020-12-31,training_frequency,-1,0.5577557755775577,0.5577557755775577,1,0
rolling5_matched,2514,2021-06-04,2021-06-15,-0.0125508761771767,2021,2020-12-31,training_frequency,-1,0.5577557755775577,0.5577557755775577,1,0
rolling5_matched,2519,2021-06-11,2021-06-21,-0.0250011497424577,2021,2020-12-31,training_frequency,-1,0.5577557755775577,0.5577557755775577,1,0
rolling5_matched,2523,2021-06-18,2021-06-28,0.0325308711127356,2021,2020-12-31,training_frequency,-1,0.5577557755775577,0.5577557755775577,1,1
rolling5_matched,2528,2021-06-25,2021-07-05,-0.0342297962734196,2021,2020-12-31,training_frequency,-1,0.5577557755775577,0.5577557755775577,1,0
rolling5_matched,2533,2021-07-02,2021-07-12,0.0068193733271841,2021,2020-12-31,training_frequency,-1,0.5577557755775577,0.5577557755775577,1,1
rolling5_matched,2538,2021-07-09,2021-07-19,-0.0048254045313779,2021,2020-12-31,training_frequency,-1,0.5577557755775577,0.5577557755775577,1,0
rolling5_matched,2543,2021-07-16,2021-07-26,-0.0032299118953994,2021,2020-12-31,training_frequency,-1,0.5577557755775577,0.5577557755775577,1,0
rolling5_matched,2548,2021-07-23,2021-08-02,-0.0537740931579083,2021,2020-12-31,training_frequency,-1,0.5577557755775577,0.5577557755775577,1,0
rolling5_matched,2553,2021-07-30,2021-08-09,0.019904813945049,2021,2020-12-31,training_frequency,-1,0.5577557755775577,0.5577557755775577,1,1
rolling5_matched,2558,2021-08-06,2021-08-16,0.0093369268709639,2021,2020-12-31,training_frequency,-1,0.5577557755775577,0.5577557755775577,1,1
rolling5_matched,2563,2021-08-13,2021-08-23,-0.032048736608373,2021,2020-12-31,training_frequency,-1,0.5577557755775577,0.5577557755775577,1,0
rolling5_matched,2568,2021-08-20,2021-08-30,0.0145047962107527,2021,2020-12-31,training_frequency,-1,0.5577557755775577,0.5577557755775577,1,1
rolling5_matched,2573,2021-08-27,2021-09-06,-0.0012316820816045,2021,2020-12-31,training_frequency,-1,0.5577557755775577,0.5577557755775577,1,0
rolling5_matched,2578,2021-09-03,2021-09-13,0.0342301066295398,2021,2020-12-31,training_frequency,-1,0.5577557755775577,0.5577557755775577,1,1
rolling5_matched,2583,2021-09-10,2021-09-22,-0.0471441667981554,2021,2020-12-31,training_frequency,-1,0.5577557755775577,0.5577557755775577,1,0
rolling5_matched,2588,2021-09-17,2021-09-28,0.0209863060789441,2021,2020-12-31,training_frequency,-1,0.5577557755775577,0.5577557755775577,1,1
rolling5_matched,2591,2021-09-24,2021-10-11,0.0144615416200457,2021,2020-12-31,training_frequency,-1,0.5577557755775577,0.5577557755775577,1,1
rolling5_matched,2596,2021-10-08,2021-10-18,-0.0038006269617851,2021,2020-12-31,training_frequency,-1,0.5577557755775577,0.5577557755775577,1,0
rolling5_matched,2601,2021-10-15,2021-10-25,0.0037358989621147,2021,2020-12-31,training_frequency,-1,0.5577557755775577,0.5577557755775577,1,1
rolling5_matched,2606,2021-10-22,2021-11-01,-0.0127041632091318,2021,2020-12-31,training_frequency,-1,0.5577557755775577,0.5577557755775577,1,0
rolling5_matched,2611,2021-10-29,2021-11-08,-0.0075807737801166,2021,2020-12-31,training_frequency,-1,0.5577557755775577,0.5577557755775577,1,0
rolling5_matched,2616,2021-11-05,2021-11-15,0.0110015182343039,2021,2020-12-31,training_frequency,-1,0.5577557755775577,0.5577557755775577,1,1
rolling5_matched,2621,2021-11-12,2021-11-22,0.0002002284238551,2021,2020-12-31,training_frequency,-1,0.5577557755775577,0.5577557755775577,1,1
rolling5_matched,2626,2021-11-19,2021-11-29,-0.0153981603100059,2021,2020-12-31,training_frequency,-1,0.5577557755775577,0.5577557755775577,1,0
rolling5_matched,2631,2021-11-26,2021-12-06,0.0185518287306458,2021,2020-12-31,training_frequency,-1,0.5577557755775577,0.5577557755775577,1,1
rolling5_matched,2636,2021-12-03,2021-12-13,0.0367843110096284,2021,2020-12-31,training_frequency,-1,0.5577557755775577,0.5577557755775577,1,1
rolling5_matched,2641,2021-12-10,2021-12-20,-0.0304615698955996,2021,2020-12-31,training_frequency,-1,0.5577557755775577,0.5577557755775577,1,0
rolling5_matched,2646,2021-12-17,2021-12-27,-0.0034083287233763,2021,2020-12-31,training_frequency,-1,0.5577557755775577,0.5577557755775577,1,0
rolling5_matched,2651,2021-12-24,2022-01-04,0.0080985736506613,2021,2020-12-31,training_frequency,-1,0.5577557755775577,0.5577557755775577,1,1
rolling5_matched,2656,2021-12-31,2022-01-10,-0.0293970528320001,2021,2020-12-31,training_frequency,-1,0.5577557755775577,0.5577557755775577,1,0
rolling5_matched,2418,2021-01-08,2021-01-18,-0.0120052904669853,2021,2020-12-31,learned_market,20260911,0.5694374952570807,0.5694374952570807,1,0
rolling5_matched,2423,2021-01-15,2021-01-25,0.0231622460538123,2021,2020-12-31,learned_market,20260911,0.5516799773056774,0.5516799773056774,1,1
rolling5_matched,2428,2021-01-22,2021-02-01,-0.0372511735907923,2021,2020-12-31,learned_market,20260911,0.08914226222901946,0.08914226222901946,0,0
rolling5_matched,2433,2021-01-29,2021-02-08,0.0278689901714626,2021,2020-12-31,learned_market,20260911,0.23472059220170846,0.23472059220170846,0,1
rolling5_matched,2438,2021-02-05,2021-02-22,0.0507379035040882,2021,2020-12-31,learned_market,20260911,0.6315227612867199,0.6315227612867199,1,1
rolling5_matched,2443,2021-02-19,2021-03-01,-0.0684918010685315,2021,2020-12-31,learned_market,20260911,0.5989115487420879,0.5989115487420879,1,0
rolling5_matched,2448,2021-02-26,2021-03-08,-0.0165997123904068,2021,2020-12-31,learned_market,20260911,0.5202901544024647,0.5202901544024647,1,0
rolling5_matched,2453,2021-03-05,2021-03-15,-0.0346560901469681,2021,2020-12-31,learned_market,20260911,0.22740641909455875,0.22740641909455875,0,0
rolling5_matched,2458,2021-03-12,2021-03-22,-0.0210550182560221,2021,2020-12-31,learned_market,20260911,0.3278228901413481,0.3278228901413481,0,0
rolling5_matched,2463,2021-03-19,2021-03-29,0.0087572877565691,2021,2020-12-31,learned_market,20260911,0.6411445706870669,0.6411445706870669,1,1
rolling5_matched,2468,2021-03-26,2021-04-06,0.0250145479448802,2021,2020-12-31,learned_market,20260911,0.36810707767996953,0.36810707767996953,0,1
rolling5_matched,2473,2021-04-02,2021-04-12,-0.0292856811827044,2021,2020-12-31,learned_market,20260911,0.41018914239237025,0.41018914239237025,0,0
rolling5_matched,2477,2021-04-09,2021-04-19,-0.0120489836840408,2021,2020-12-31,learned_market,20260911,0.6385189626009152,0.6385189626009152,1,0
rolling5_matched,2482,2021-04-16,2021-04-26,0.0382932540809155,2021,2020-12-31,learned_market,20260911,0.7019110555540702,0.7019110555540702,1,1
rolling5_matched,2487,2021-04-23,2021-05-06,-0.0112070185917437,2021,2020-12-31,learned_market,20260911,0.48005910313932676,0.48005910313932676,0,0
rolling5_matched,2492,2021-04-30,2021-05-12,-0.0190946889464188,2021,2020-12-31,learned_market,20260911,0.5389878414736159,0.5389878414736159,1,0
rolling5_matched,2494,2021-05-07,2021-05-17,0.0227674429764228,2021,2020-12-31,learned_market,20260911,0.5233652522792831,0.5233652522792831,1,1
rolling5_matched,2499,2021-05-14,2021-05-24,0.0045940519733895,2021,2020-12-31,learned_market,20260911,0.49045036283360277,0.49045036283360277,0,1
rolling5_matched,2504,2021-05-21,2021-05-31,0.0348855085126711,2021,2020-12-31,learned_market,20260911,0.594215081663537,0.594215081663537,1,1
rolling5_matched,2509,2021-05-28,2021-06-07,-0.0062409741861724,2021,2020-12-31,learned_market,20260911,0.49390049589660573,0.49390049589660573,0,0
rolling5_matched,2514,2021-06-04,2021-06-15,-0.0125508761771767,2021,2020-12-31,learned_market,20260911,0.5116116755365477,0.5116116755365477,1,0
rolling5_matched,2519,2021-06-11,2021-06-21,-0.0250011497424577,2021,2020-12-31,learned_market,20260911,0.1735565271695539,0.1735565271695539,0,0
rolling5_matched,2523,2021-06-18,2021-06-28,0.0325308711127356,2021,2020-12-31,learned_market,20260911,0.4935189595171778,0.4935189595171778,0,1
rolling5_matched,2528,2021-06-25,2021-07-05,-0.0342297962734196,2021,2020-12-31,learned_market,20260911,0.25796573457615535,0.25796573457615535,0,0
rolling5_matched,2533,2021-07-02,2021-07-12,0.0068193733271841,2021,2020-12-31,learned_market,20260911,0.28371945902680334,0.28371945902680334,0,1
rolling5_matched,2538,2021-07-09,2021-07-19,-0.0048254045313779,2021,2020-12-31,learned_market,20260911,0.2927852376712158,0.2927852376712158,0,0
rolling5_matched,2543,2021-07-16,2021-07-26,-0.0032299118953994,2021,2020-12-31,learned_market,20260911,0.46140971069888376,0.46140971069888376,0,0
rolling5_matched,2548,2021-07-23,2021-08-02,-0.0537740931579083,2021,2020-12-31,learned_market,20260911,0.3064447598544089,0.3064447598544089,0,0
rolling5_matched,2553,2021-07-30,2021-08-09,0.019904813945049,2021,2020-12-31,learned_market,20260911,0.6425555946663399,0.6425555946663399,1,1
rolling5_matched,2558,2021-08-06,2021-08-16,0.0093369268709639,2021,2020-12-31,learned_market,20260911,0.34363180463889,0.34363180463889,0,1
rolling5_matched,2563,2021-08-13,2021-08-23,-0.032048736608373,2021,2020-12-31,learned_market,20260911,0.28671198940906617,0.28671198940906617,0,0
rolling5_matched,2568,2021-08-20,2021-08-30,0.0145047962107527,2021,2020-12-31,learned_market,20260911,0.7242827256157809,0.7242827256157809,1,1
rolling5_matched,2573,2021-08-27,2021-09-06,-0.0012316820816045,2021,2020-12-31,learned_market,20260911,0.5881924363545724,0.5881924363545724,1,0
rolling5_matched,2578,2021-09-03,2021-09-13,0.0342301066295398,2021,2020-12-31,learned_market,20260911,0.7001223485206253,0.7001223485206253,1,1
rolling5_matched,2583,2021-09-10,2021-09-22,-0.0471441667981554,2021,2020-12-31,learned_market,20260911,0.8439426399653651,0.8439426399653651,1,0
rolling5_matched,2588,2021-09-17,2021-09-28,0.0209863060789441,2021,2020-12-31,learned_market,20260911,0.6817604317351076,0.6817604317351076,1,1
rolling5_matched,2591,2021-09-24,2021-10-11,0.0144615416200457,2021,2020-12-31,learned_market,20260911,0.7438892104915847,0.7438892104915847,1,1
rolling5_matched,2596,2021-10-08,2021-10-18,-0.0038006269617851,2021,2020-12-31,learned_market,20260911,0.8505583378721757,0.8505583378721757,1,0
rolling5_matched,2601,2021-10-15,2021-10-25,0.0037358989621147,2021,2020-12-31,learned_market,20260911,0.73526144949353,0.73526144949353,1,1
rolling5_matched,2606,2021-10-22,2021-11-01,-0.0127041632091318,2021,2020-12-31,learned_market,20260911,0.7583470272568396,0.7583470272568396,1,0
rolling5_matched,2611,2021-10-29,2021-11-08,-0.0075807737801166,2021,2020-12-31,learned_market,20260911,0.7878612763463089,0.7878612763463089,1,0
rolling5_matched,2616,2021-11-05,2021-11-15,0.0110015182343039,2021,2020-12-31,learned_market,20260911,0.9404384957123892,0.9404384957123892,1,1
rolling5_matched,2621,2021-11-12,2021-11-22,0.0002002284238551,2021,2020-12-31,learned_market,20260911,0.8808037510923222,0.8808037510923222,1,1
rolling5_matched,2626,2021-11-19,2021-11-29,-0.0153981603100059,2021,2020-12-31,learned_market,20260911,0.727748257263259,0.727748257263259,1,0
rolling5_matched,2631,2021-11-26,2021-12-06,0.0185518287306458,2021,2020-12-31,learned_market,20260911,0.935306686325022,0.935306686325022,1,1
rolling5_matched,2636,2021-12-03,2021-12-13,0.0367843110096284,2021,2020-12-31,learned_market,20260911,0.7969659809421447,0.7969659809421447,1,1
rolling5_matched,2641,2021-12-10,2021-12-20,-0.0304615698955996,2021,2020-12-31,learned_market,20260911,0.42378251414409707,0.42378251414409707,0,0
rolling5_matched,2646,2021-12-17,2021-12-27,-0.0034083287233763,2021,2020-12-31,learned_market,20260911,0.929047171803274,0.929047171803274,1,0
rolling5_matched,2651,2021-12-24,2022-01-04,0.0080985736506613,2021,2020-12-31,learned_market,20260911,0.9218093530963861,0.9218093530963861,1,1
rolling5_matched,2656,2021-12-31,2022-01-10,-0.0293970528320001,2021,2020-12-31,learned_market,20260911,0.8398835101568636,0.8398835101568636,1,0
rolling5_matched,2418,2021-01-08,2021-01-18,-0.0120052904669853,2021,2020-12-31,learned_vol_interaction,20260911,0.5650771911017797,0.5650771911017797,1,0
rolling5_matched,2423,2021-01-15,2021-01-25,0.0231622460538123,2021,2020-12-31,learned_vol_interaction,20260911,0.5488694657628883,0.5488694657628883,1,1
rolling5_matched,2428,2021-01-22,2021-02-01,-0.0372511735907923,2021,2020-12-31,learned_vol_interaction,20260911,0.0873567367788863,0.0873567367788863,0,0
rolling5_matched,2433,2021-01-29,2021-02-08,0.0278689901714626,2021,2020-12-31,learned_vol_interaction,20260911,0.22976735902441286,0.22976735902441286,0,1
rolling5_matched,2438,2021-02-05,2021-02-22,0.0507379035040882,2021,2020-12-31,learned_vol_interaction,20260911,0.6348788659891516,0.6348788659891516,1,1
rolling5_matched,2443,2021-02-19,2021-03-01,-0.0684918010685315,2021,2020-12-31,learned_vol_interaction,20260911,0.5943082786669056,0.5943082786669056,1,0
rolling5_matched,2448,2021-02-26,2021-03-08,-0.0165997123904068,2021,2020-12-31,learned_vol_interaction,20260911,0.5155214705936864,0.5155214705936864,1,0
rolling5_matched,2453,2021-03-05,2021-03-15,-0.0346560901469681,2021,2020-12-31,learned_vol_interaction,20260911,0.21755733221225634,0.21755733221225634,0,0
rolling5_matched,2458,2021-03-12,2021-03-22,-0.0210550182560221,2021,2020-12-31,learned_vol_interaction,20260911,0.31148655396267094,0.31148655396267094,0,0
rolling5_matched,2463,2021-03-19,2021-03-29,0.0087572877565691,2021,2020-12-31,learned_vol_interaction,20260911,0.6492551344697796,0.6492551344697796,1,1
rolling5_matched,2468,2021-03-26,2021-04-06,0.0250145479448802,2021,2020-12-31,learned_vol_interaction,20260911,0.35357384666576697,0.35357384666576697,0,1
rolling5_matched,2473,2021-04-02,2021-04-12,-0.0292856811827044,2021,2020-12-31,learned_vol_interaction,20260911,0.39752937433232466,0.39752937433232466,0,0
rolling5_matched,2477,2021-04-09,2021-04-19,-0.0120489836840408,2021,2020-12-31,learned_vol_interaction,20260911,0.6293388549779164,0.6293388549779164,1,0
rolling5_matched,2482,2021-04-16,2021-04-26,0.0382932540809155,2021,2020-12-31,learned_vol_interaction,20260911,0.7007065114080848,0.7007065114080848,1,1
rolling5_matched,2487,2021-04-23,2021-05-06,-0.0112070185917437,2021,2020-12-31,learned_vol_interaction,20260911,0.4760334207339088,0.4760334207339088,0,0
rolling5_matched,2492,2021-04-30,2021-05-12,-0.0190946889464188,2021,2020-12-31,learned_vol_interaction,20260911,0.5363527515649423,0.5363527515649423,1,0
rolling5_matched,2494,2021-05-07,2021-05-17,0.0227674429764228,2021,2020-12-31,learned_vol_interaction,20260911,0.5132394720477979,0.5132394720477979,1,1
rolling5_matched,2499,2021-05-14,2021-05-24,0.0045940519733895,2021,2020-12-31,learned_vol_interaction,20260911,0.4794837009832192,0.4794837009832192,0,1
rolling5_matched,2504,2021-05-21,2021-05-31,0.0348855085126711,2021,2020-12-31,learned_vol_interaction,20260911,0.5921088847688313,0.5921088847688313,1,1
rolling5_matched,2509,2021-05-28,2021-06-07,-0.0062409741861724,2021,2020-12-31,learned_vol_interaction,20260911,0.4861116338153412,0.4861116338153412,0,0
rolling5_matched,2514,2021-06-04,2021-06-15,-0.0125508761771767,2021,2020-12-31,learned_vol_interaction,20260911,0.5050958840969264,0.5050958840969264,1,0
rolling5_matched,2519,2021-06-11,2021-06-21,-0.0250011497424577,2021,2020-12-31,learned_vol_interaction,20260911,0.1787318161561324,0.1787318161561324,0,0
rolling5_matched,2523,2021-06-18,2021-06-28,0.0325308711127356,2021,2020-12-31,learned_vol_interaction,20260911,0.4874158179135789,0.4874158179135789,0,1
rolling5_matched,2528,2021-06-25,2021-07-05,-0.0342297962734196,2021,2020-12-31,learned_vol_interaction,20260911,0.2719908093367429,0.2719908093367429,0,0
rolling5_matched,2533,2021-07-02,2021-07-12,0.0068193733271841,2021,2020-12-31,learned_vol_interaction,20260911,0.28772778970176255,0.28772778970176255,0,1
rolling5_matched,2538,2021-07-09,2021-07-19,-0.0048254045313779,2021,2020-12-31,learned_vol_interaction,20260911,0.2964617239743068,0.2964617239743068,0,0
rolling5_matched,2543,2021-07-16,2021-07-26,-0.0032299118953994,2021,2020-12-31,learned_vol_interaction,20260911,0.4629863388608729,0.4629863388608729,0,0
rolling5_matched,2548,2021-07-23,2021-08-02,-0.0537740931579083,2021,2020-12-31,learned_vol_interaction,20260911,0.31530883632285356,0.31530883632285356,0,0
rolling5_matched,2553,2021-07-30,2021-08-09,0.019904813945049,2021,2020-12-31,learned_vol_interaction,20260911,0.6502640143078194,0.6502640143078194,1,1
rolling5_matched,2558,2021-08-06,2021-08-16,0.0093369268709639,2021,2020-12-31,learned_vol_interaction,20260911,0.34298291309987117,0.34298291309987117,0,1
rolling5_matched,2563,2021-08-13,2021-08-23,-0.032048736608373,2021,2020-12-31,learned_vol_interaction,20260911,0.2958049985911079,0.2958049985911079,0,0
rolling5_matched,2568,2021-08-20,2021-08-30,0.0145047962107527,2021,2020-12-31,learned_vol_interaction,20260911,0.7268474492759949,0.7268474492759949,1,1
rolling5_matched,2573,2021-08-27,2021-09-06,-0.0012316820816045,2021,2020-12-31,learned_vol_interaction,20260911,0.5959875812392846,0.5959875812392846,1,0
rolling5_matched,2578,2021-09-03,2021-09-13,0.0342301066295398,2021,2020-12-31,learned_vol_interaction,20260911,0.7119140004104284,0.7119140004104284,1,1
rolling5_matched,2583,2021-09-10,2021-09-22,-0.0471441667981554,2021,2020-12-31,learned_vol_interaction,20260911,0.8405711220193549,0.8405711220193549,1,0
rolling5_matched,2588,2021-09-17,2021-09-28,0.0209863060789441,2021,2020-12-31,learned_vol_interaction,20260911,0.6824518893296726,0.6824518893296726,1,1
rolling5_matched,2591,2021-09-24,2021-10-11,0.0144615416200457,2021,2020-12-31,learned_vol_interaction,20260911,0.7474056551032087,0.7474056551032087,1,1
rolling5_matched,2596,2021-10-08,2021-10-18,-0.0038006269617851,2021,2020-12-31,learned_vol_interaction,20260911,0.8502934585123041,0.8502934585123041,1,0
rolling5_matched,2601,2021-10-15,2021-10-25,0.0037358989621147,2021,2020-12-31,learned_vol_interaction,20260911,0.7333595076976466,0.7333595076976466,1,1
rolling5_matched,2606,2021-10-22,2021-11-01,-0.0127041632091318,2021,2020-12-31,learned_vol_interaction,20260911,0.7617651471356113,0.7617651471356113,1,0
rolling5_matched,2611,2021-10-29,2021-11-08,-0.0075807737801166,2021,2020-12-31,learned_vol_interaction,20260911,0.7885065629935826,0.7885065629935826,1,0
rolling5_matched,2616,2021-11-05,2021-11-15,0.0110015182343039,2021,2020-12-31,learned_vol_interaction,20260911,0.9352646005934485,0.9352646005934485,1,1
rolling5_matched,2621,2021-11-12,2021-11-22,0.0002002284238551,2021,2020-12-31,learned_vol_interaction,20260911,0.87235137216424,0.87235137216424,1,1
rolling5_matched,2626,2021-11-19,2021-11-29,-0.0153981603100059,2021,2020-12-31,learned_vol_interaction,20260911,0.7229615633636377,0.7229615633636377,1,0
rolling5_matched,2631,2021-11-26,2021-12-06,0.0185518287306458,2021,2020-12-31,learned_vol_interaction,20260911,0.9297189790223467,0.9297189790223467,1,1
rolling5_matched,2636,2021-12-03,2021-12-13,0.0367843110096284,2021,2020-12-31,learned_vol_interaction,20260911,0.7904652619615984,0.7904652619615984,1,1
rolling5_matched,2641,2021-12-10,2021-12-20,-0.0304615698955996,2021,2020-12-31,learned_vol_interaction,20260911,0.42984246695000355,0.42984246695000355,0,0
rolling5_matched,2646,2021-12-17,2021-12-27,-0.0034083287233763,2021,2020-12-31,learned_vol_interaction,20260911,0.9275166396987163,0.9275166396987163,1,0
rolling5_matched,2651,2021-12-24,2022-01-04,0.0080985736506613,2021,2020-12-31,learned_vol_interaction,20260911,0.9204727611145593,0.9204727611145593,1,1
rolling5_matched,2656,2021-12-31,2022-01-10,-0.0293970528320001,2021,2020-12-31,learned_vol_interaction,20260911,0.8364360226300033,0.8364360226300033,1,0
rolling5_matched,2418,2021-01-08,2021-01-18,-0.0120052904669853,2021,2020-12-31,learned_order_extension,20260911,0.5491711002905019,0.5491711002905019,1,0
rolling5_matched,2423,2021-01-15,2021-01-25,0.0231622460538123,2021,2020-12-31,learned_order_extension,20260911,0.5366299615276171,0.5366299615276171,1,1
rolling5_matched,2428,2021-01-22,2021-02-01,-0.0372511735907923,2021,2020-12-31,learned_order_extension,20260911,0.10126168349032495,0.10126168349032495,0,0
rolling5_matched,2433,2021-01-29,2021-02-08,0.0278689901714626,2021,2020-12-31,learned_order_extension,20260911,0.21772473371890722,0.21772473371890722,0,1
rolling5_matched,2438,2021-02-05,2021-02-22,0.0507379035040882,2021,2020-12-31,learned_order_extension,20260911,0.6519595174232693,0.6519595174232693,1,1
rolling5_matched,2443,2021-02-19,2021-03-01,-0.0684918010685315,2021,2020-12-31,learned_order_extension,20260911,0.6069502652893278,0.6069502652893278,1,0
rolling5_matched,2448,2021-02-26,2021-03-08,-0.0165997123904068,2021,2020-12-31,learned_order_extension,20260911,0.5175741214941647,0.5175741214941647,1,0
rolling5_matched,2453,2021-03-05,2021-03-15,-0.0346560901469681,2021,2020-12-31,learned_order_extension,20260911,0.20981889357332814,0.20981889357332814,0,0
rolling5_matched,2458,2021-03-12,2021-03-22,-0.0210550182560221,2021,2020-12-31,learned_order_extension,20260911,0.3092031748484038,0.3092031748484038,0,0
rolling5_matched,2463,2021-03-19,2021-03-29,0.0087572877565691,2021,2020-12-31,learned_order_extension,20260911,0.6435962034772472,0.6435962034772472,1,1
rolling5_matched,2468,2021-03-26,2021-04-06,0.0250145479448802,2021,2020-12-31,learned_order_extension,20260911,0.37623490286022976,0.37623490286022976,0,1
rolling5_matched,2473,2021-04-02,2021-04-12,-0.0292856811827044,2021,2020-12-31,learned_order_extension,20260911,0.41702428701764244,0.41702428701764244,0,0
rolling5_matched,2477,2021-04-09,2021-04-19,-0.0120489836840408,2021,2020-12-31,learned_order_extension,20260911,0.6346593874422691,0.6346593874422691,1,0
rolling5_matched,2482,2021-04-16,2021-04-26,0.0382932540809155,2021,2020-12-31,learned_order_extension,20260911,0.7106592342316742,0.7106592342316742,1,1
rolling5_matched,2487,2021-04-23,2021-05-06,-0.0112070185917437,2021,2020-12-31,learned_order_extension,20260911,0.4242240688682115,0.4242240688682115,0,0
rolling5_matched,2492,2021-04-30,2021-05-12,-0.0190946889464188,2021,2020-12-31,learned_order_extension,20260911,0.5188971968347681,0.5188971968347681,1,0
rolling5_matched,2494,2021-05-07,2021-05-17,0.0227674429764228,2021,2020-12-31,learned_order_extension,20260911,0.49680455617617586,0.49680455617617586,0,1
rolling5_matched,2499,2021-05-14,2021-05-24,0.0045940519733895,2021,2020-12-31,learned_order_extension,20260911,0.43524523821462563,0.43524523821462563,0,1
rolling5_matched,2504,2021-05-21,2021-05-31,0.0348855085126711,2021,2020-12-31,learned_order_extension,20260911,0.5890318700855596,0.5890318700855596,1,1
rolling5_matched,2509,2021-05-28,2021-06-07,-0.0062409741861724,2021,2020-12-31,learned_order_extension,20260911,0.47863778154123426,0.47863778154123426,0,0
rolling5_matched,2514,2021-06-04,2021-06-15,-0.0125508761771767,2021,2020-12-31,learned_order_extension,20260911,0.48075371018224844,0.48075371018224844,0,0
rolling5_matched,2519,2021-06-11,2021-06-21,-0.0250011497424577,2021,2020-12-31,learned_order_extension,20260911,0.11685102877966642,0.11685102877966642,0,0
rolling5_matched,2523,2021-06-18,2021-06-28,0.0325308711127356,2021,2020-12-31,learned_order_extension,20260911,0.485639284938566,0.485639284938566,0,1
rolling5_matched,2528,2021-06-25,2021-07-05,-0.0342297962734196,2021,2020-12-31,learned_order_extension,20260911,0.20973160400981986,0.20973160400981986,0,0
rolling5_matched,2533,2021-07-02,2021-07-12,0.0068193733271841,2021,2020-12-31,learned_order_extension,20260911,0.25870172796469953,0.25870172796469953,0,1
rolling5_matched,2538,2021-07-09,2021-07-19,-0.0048254045313779,2021,2020-12-31,learned_order_extension,20260911,0.19913700148209995,0.19913700148209995,0,0
rolling5_matched,2543,2021-07-16,2021-07-26,-0.0032299118953994,2021,2020-12-31,learned_order_extension,20260911,0.4213582315630262,0.4213582315630262,0,0
rolling5_matched,2548,2021-07-23,2021-08-02,-0.0537740931579083,2021,2020-12-31,learned_order_extension,20260911,0.24223905891273353,0.24223905891273353,0,0
rolling5_matched,2553,2021-07-30,2021-08-09,0.019904813945049,2021,2020-12-31,learned_order_extension,20260911,0.6620358026804259,0.6620358026804259,1,1
rolling5_matched,2558,2021-08-06,2021-08-16,0.0093369268709639,2021,2020-12-31,learned_order_extension,20260911,0.2983782173104477,0.2983782173104477,0,1
rolling5_matched,2563,2021-08-13,2021-08-23,-0.032048736608373,2021,2020-12-31,learned_order_extension,20260911,0.24900273053769448,0.24900273053769448,0,0
rolling5_matched,2568,2021-08-20,2021-08-30,0.0145047962107527,2021,2020-12-31,learned_order_extension,20260911,0.7279069420774927,0.7279069420774927,1,1
rolling5_matched,2573,2021-08-27,2021-09-06,-0.0012316820816045,2021,2020-12-31,learned_order_extension,20260911,0.569181767926537,0.569181767926537,1,0
rolling5_matched,2578,2021-09-03,2021-09-13,0.0342301066295398,2021,2020-12-31,learned_order_extension,20260911,0.7006789631336707,0.7006789631336707,1,1
rolling5_matched,2583,2021-09-10,2021-09-22,-0.0471441667981554,2021,2020-12-31,learned_order_extension,20260911,0.8654762901396268,0.8654762901396268,1,0
rolling5_matched,2588,2021-09-17,2021-09-28,0.0209863060789441,2021,2020-12-31,learned_order_extension,20260911,0.6851327714298744,0.6851327714298744,1,1
rolling5_matched,2591,2021-09-24,2021-10-11,0.0144615416200457,2021,2020-12-31,learned_order_extension,20260911,0.7727932662727889,0.7727932662727889,1,1
rolling5_matched,2596,2021-10-08,2021-10-18,-0.0038006269617851,2021,2020-12-31,learned_order_extension,20260911,0.8835554054131487,0.8835554054131487,1,0
rolling5_matched,2601,2021-10-15,2021-10-25,0.0037358989621147,2021,2020-12-31,learned_order_extension,20260911,0.7647534869075848,0.7647534869075848,1,1
rolling5_matched,2606,2021-10-22,2021-11-01,-0.0127041632091318,2021,2020-12-31,learned_order_extension,20260911,0.8050929770207874,0.8050929770207874,1,0
rolling5_matched,2611,2021-10-29,2021-11-08,-0.0075807737801166,2021,2020-12-31,learned_order_extension,20260911,0.8504902938795974,0.8504902938795974,1,0
rolling5_matched,2616,2021-11-05,2021-11-15,0.0110015182343039,2021,2020-12-31,learned_order_extension,20260911,0.9765416594166761,0.9765416594166761,1,1
rolling5_matched,2621,2021-11-12,2021-11-22,0.0002002284238551,2021,2020-12-31,learned_order_extension,20260911,0.9438775359639183,0.9438775359639183,1,1
rolling5_matched,2626,2021-11-19,2021-11-29,-0.0153981603100059,2021,2020-12-31,learned_order_extension,20260911,0.804489228799507,0.804489228799507,1,0
rolling5_matched,2631,2021-11-26,2021-12-06,0.0185518287306458,2021,2020-12-31,learned_order_extension,20260911,0.9821668412771738,0.9821668412771738,1,1
rolling5_matched,2636,2021-12-03,2021-12-13,0.0367843110096284,2021,2020-12-31,learned_order_extension,20260911,0.8581478802973443,0.8581478802973443,1,1
rolling5_matched,2641,2021-12-10,2021-12-20,-0.0304615698955996,2021,2020-12-31,learned_order_extension,20260911,0.39862686253466584,0.39862686253466584,0,0
rolling5_matched,2646,2021-12-17,2021-12-27,-0.0034083287233763,2021,2020-12-31,learned_order_extension,20260911,0.9817970977048261,0.9817970977048261,1,0
rolling5_matched,2651,2021-12-24,2022-01-04,0.0080985736506613,2021,2020-12-31,learned_order_extension,20260911,0.9578263249088458,0.9578263249088458,1,1
rolling5_matched,2656,2021-12-31,2022-01-10,-0.0293970528320001,2021,2020-12-31,learned_order_extension,20260911,0.8930948614798274,0.8930948614798274,1,0
rolling5_matched,2418,2021-01-08,2021-01-18,-0.0120052904669853,2021,2020-12-31,learned_order_offset,20260911,0.549788809755223,0.549788809755223,1,0
rolling5_matched,2423,2021-01-15,2021-01-25,0.0231622460538123,2021,2020-12-31,learned_order_offset,20260911,0.5427160428379689,0.5427160428379689,1,1
rolling5_matched,2428,2021-01-22,2021-02-01,-0.0372511735907923,2021,2020-12-31,learned_order_offset,20260911,0.10883181857709198,0.10883181857709198,0,0
rolling5_matched,2433,2021-01-29,2021-02-08,0.0278689901714626,2021,2020-12-31,learned_order_offset,20260911,0.22996031049114668,0.22996031049114668,0,1
rolling5_matched,2438,2021-02-05,2021-02-22,0.0507379035040882,2021,2020-12-31,learned_order_offset,20260911,0.6529444068496958,0.6529444068496958,1,1
rolling5_matched,2443,2021-02-19,2021-03-01,-0.0684918010685315,2021,2020-12-31,learned_order_offset,20260911,0.6091307935544561,0.6091307935544561,1,0
rolling5_matched,2448,2021-02-26,2021-03-08,-0.0165997123904068,2021,2020-12-31,learned_order_offset,20260911,0.5214129474057497,0.5214129474057497,1,0
rolling5_matched,2453,2021-03-05,2021-03-15,-0.0346560901469681,2021,2020-12-31,learned_order_offset,20260911,0.21830503877821206,0.21830503877821206,0,0
rolling5_matched,2458,2021-03-12,2021-03-22,-0.0210550182560221,2021,2020-12-31,learned_order_offset,20260911,0.31579358312808087,0.31579358312808087,0,0
rolling5_matched,2463,2021-03-19,2021-03-29,0.0087572877565691,2021,2020-12-31,learned_order_offset,20260911,0.6456014296407823,0.6456014296407823,1,1
rolling5_matched,2468,2021-03-26,2021-04-06,0.0250145479448802,2021,2020-12-31,learned_order_offset,20260911,0.38331371615586907,0.38331371615586907,0,1
rolling5_matched,2473,2021-04-02,2021-04-12,-0.0292856811827044,2021,2020-12-31,learned_order_offset,20260911,0.4229329061422067,0.4229329061422067,0,0
rolling5_matched,2477,2021-04-09,2021-04-19,-0.0120489836840408,2021,2020-12-31,learned_order_offset,20260911,0.6353611697275269,0.6353611697275269,1,0
rolling5_matched,2482,2021-04-16,2021-04-26,0.0382932540809155,2021,2020-12-31,learned_order_offset,20260911,0.7105874477619395,0.7105874477619395,1,1
rolling5_matched,2487,2021-04-23,2021-05-06,-0.0112070185917437,2021,2020-12-31,learned_order_offset,20260911,0.4296230445466745,0.4296230445466745,0,0
rolling5_matched,2492,2021-04-30,2021-05-12,-0.0190946889464188,2021,2020-12-31,learned_order_offset,20260911,0.5201962842721357,0.5201962842721357,1,0
rolling5_matched,2494,2021-05-07,2021-05-17,0.0227674429764228,2021,2020-12-31,learned_order_offset,20260911,0.49784437338427523,0.49784437338427523,0,1
rolling5_matched,2499,2021-05-14,2021-05-24,0.0045940519733895,2021,2020-12-31,learned_order_offset,20260911,0.4406497104316583,0.4406497104316583,0,1
rolling5_matched,2504,2021-05-21,2021-05-31,0.0348855085126711,2021,2020-12-31,learned_order_offset,20260911,0.5928595850833555,0.5928595850833555,1,1
rolling5_matched,2509,2021-05-28,2021-06-07,-0.0062409741861724,2021,2020-12-31,learned_order_offset,20260911,0.4776247329204181,0.4776247329204181,0,0
rolling5_matched,2514,2021-06-04,2021-06-15,-0.0125508761771767,2021,2020-12-31,learned_order_offset,20260911,0.4831431885429416,0.4831431885429416,0,0
rolling5_matched,2519,2021-06-11,2021-06-21,-0.0250011497424577,2021,2020-12-31,learned_order_offset,20260911,0.12625631454392755,0.12625631454392755,0,0
rolling5_matched,2523,2021-06-18,2021-06-28,0.0325308711127356,2021,2020-12-31,learned_order_offset,20260911,0.4889815282427841,0.4889815282427841,0,1
rolling5_matched,2528,2021-06-25,2021-07-05,-0.0342297962734196,2021,2020-12-31,learned_order_offset,20260911,0.2181214316006963,0.2181214316006963,0,0
rolling5_matched,2533,2021-07-02,2021-07-12,0.0068193733271841,2021,2020-12-31,learned_order_offset,20260911,0.26711263514046485,0.26711263514046485,0,1
rolling5_matched,2538,2021-07-09,2021-07-19,-0.0048254045313779,2021,2020-12-31,learned_order_offset,20260911,0.20700379778990832,0.20700379778990832,0,0
rolling5_matched,2543,2021-07-16,2021-07-26,-0.0032299118953994,2021,2020-12-31,learned_order_offset,20260911,0.4234515516251007,0.4234515516251007,0,0
rolling5_matched,2548,2021-07-23,2021-08-02,-0.0537740931579083,2021,2020-12-31,learned_order_offset,20260911,0.24750263018760502,0.24750263018760502,0,0
rolling5_matched,2553,2021-07-30,2021-08-09,0.019904813945049,2021,2020-12-31,learned_order_offset,20260911,0.6564028216303137,0.6564028216303137,1,1
rolling5_matched,2558,2021-08-06,2021-08-16,0.0093369268709639,2021,2020-12-31,learned_order_offset,20260911,0.3031680318279789,0.3031680318279789,0,1
rolling5_matched,2563,2021-08-13,2021-08-23,-0.032048736608373,2021,2020-12-31,learned_order_offset,20260911,0.2609634787300479,0.2609634787300479,0,0
rolling5_matched,2568,2021-08-20,2021-08-30,0.0145047962107527,2021,2020-12-31,learned_order_offset,20260911,0.7271610485709851,0.7271610485709851,1,1
rolling5_matched,2573,2021-08-27,2021-09-06,-0.0012316820816045,2021,2020-12-31,learned_order_offset,20260911,0.5715228479427832,0.5715228479427832,1,0
rolling5_matched,2578,2021-09-03,2021-09-13,0.0342301066295398,2021,2020-12-31,learned_order_offset,20260911,0.6947293751718796,0.6947293751718796,1,1
rolling5_matched,2583,2021-09-10,2021-09-22,-0.0471441667981554,2021,2020-12-31,learned_order_offset,20260911,0.8545783553583421,0.8545783553583421,1,0
rolling5_matched,2588,2021-09-17,2021-09-28,0.0209863060789441,2021,2020-12-31,learned_order_offset,20260911,0.6863446311493617,0.6863446311493617,1,1
rolling5_matched,2591,2021-09-24,2021-10-11,0.0144615416200457,2021,2020-12-31,learned_order_offset,20260911,0.7681218159767298,0.7681218159767298,1,1
rolling5_matched,2596,2021-10-08,2021-10-18,-0.0038006269617851,2021,2020-12-31,learned_order_offset,20260911,0.8761074017096196,0.8761074017096196,1,0
rolling5_matched,2601,2021-10-15,2021-10-25,0.0037358989621147,2021,2020-12-31,learned_order_offset,20260911,0.7615922478541977,0.7615922478541977,1,1
rolling5_matched,2606,2021-10-22,2021-11-01,-0.0127041632091318,2021,2020-12-31,learned_order_offset,20260911,0.7974558791484863,0.7974558791484863,1,0
rolling5_matched,2611,2021-10-29,2021-11-08,-0.0075807737801166,2021,2020-12-31,learned_order_offset,20260911,0.8390484417087931,0.8390484417087931,1,0
rolling5_matched,2616,2021-11-05,2021-11-15,0.0110015182343039,2021,2020-12-31,learned_order_offset,20260911,0.9726078647930362,0.9726078647930362,1,1
rolling5_matched,2621,2021-11-12,2021-11-22,0.0002002284238551,2021,2020-12-31,learned_order_offset,20260911,0.9377148931785616,0.9377148931785616,1,1
rolling5_matched,2626,2021-11-19,2021-11-29,-0.0153981603100059,2021,2020-12-31,learned_order_offset,20260911,0.7990362991254486,0.7990362991254486,1,0
rolling5_matched,2631,2021-11-26,2021-12-06,0.0185518287306458,2021,2020-12-31,learned_order_offset,20260911,0.9791444375241849,0.9791444375241849,1,1
rolling5_matched,2636,2021-12-03,2021-12-13,0.0367843110096284,2021,2020-12-31,learned_order_offset,20260911,0.8501229069673658,0.8501229069673658,1,1
rolling5_matched,2641,2021-12-10,2021-12-20,-0.0304615698955996,2021,2020-12-31,learned_order_offset,20260911,0.4009420030499226,0.4009420030499226,0,0
rolling5_matched,2646,2021-12-17,2021-12-27,-0.0034083287233763,2021,2020-12-31,learned_order_offset,20260911,0.9778822516036073,0.9778822516036073,1,0
rolling5_matched,2651,2021-12-24,2022-01-04,0.0080985736506613,2021,2020-12-31,learned_order_offset,20260911,0.9527635053628692,0.9527635053628692,1,1
rolling5_matched,2656,2021-12-31,2022-01-10,-0.0293970528320001,2021,2020-12-31,learned_order_offset,20260911,0.8876582012622297,0.8876582012622297,1,0
rolling5_matched,2418,2021-01-08,2021-01-18,-0.0120052904669853,2021,2020-12-31,native_mse,20260911,0.007133338834322569,,1,0
rolling5_matched,2423,2021-01-15,2021-01-25,0.0231622460538123,2021,2020-12-31,native_mse,20260911,0.002225403001972667,,1,1
rolling5_matched,2428,2021-01-22,2021-02-01,-0.0372511735907923,2021,2020-12-31,native_mse,20260911,-0.02699317275698219,,0,0
rolling5_matched,2433,2021-01-29,2021-02-08,0.0278689901714626,2021,2020-12-31,native_mse,20260911,-0.0180782744139986,,0,1
rolling5_matched,2438,2021-02-05,2021-02-22,0.0507379035040882,2021,2020-12-31,native_mse,20260911,0.009706534118984552,,1,1
rolling5_matched,2443,2021-02-19,2021-03-01,-0.0684918010685315,2021,2020-12-31,native_mse,20260911,0.008399709688078787,,1,0
rolling5_matched,2448,2021-02-26,2021-03-08,-0.0165997123904068,2021,2020-12-31,native_mse,20260911,0.00015165896392712978,,1,0
rolling5_matched,2453,2021-03-05,2021-03-15,-0.0346560901469681,2021,2020-12-31,native_mse,20260911,-0.0201297691588288,,0,0
rolling5_matched,2458,2021-03-12,2021-03-22,-0.0210550182560221,2021,2020-12-31,native_mse,20260911,-0.01132299516111791,,0,0
rolling5_matched,2463,2021-03-19,2021-03-29,0.0087572877565691,2021,2020-12-31,native_mse,20260911,0.0015442197907235182,,1,1
rolling5_matched,2468,2021-03-26,2021-04-06,0.0250145479448802,2021,2020-12-31,native_mse,20260911,-0.0054780005090766856,,0,1
rolling5_matched,2473,2021-04-02,2021-04-12,-0.0292856811827044,2021,2020-12-31,native_mse,20260911,-0.005905868229422021,,0,0
rolling5_matched,2477,2021-04-09,2021-04-19,-0.0120489836840408,2021,2020-12-31,native_mse,20260911,0.007012914774983312,,1,0
rolling5_matched,2482,2021-04-16,2021-04-26,0.0382932540809155,2021,2020-12-31,native_mse,20260911,0.012348606982574954,,1,1
rolling5_matched,2487,2021-04-23,2021-05-06,-0.0112070185917437,2021,2020-12-31,native_mse,20260911,0.004349923379192499,,1,0
rolling5_matched,2492,2021-04-30,2021-05-12,-0.0190946889464188,2021,2020-12-31,native_mse,20260911,0.0080195179632179,,1,0
rolling5_matched,2494,2021-05-07,2021-05-17,0.0227674429764228,2021,2020-12-31,native_mse,20260911,0.006243356037811055,,1,1
rolling5_matched,2499,2021-05-14,2021-05-24,0.0045940519733895,2021,2020-12-31,native_mse,20260911,0.003140203971323801,,1,1
rolling5_matched,2504,2021-05-21,2021-05-31,0.0348855085126711,2021,2020-12-31,native_mse,20260911,0.007488865133584431,,1,1
rolling5_matched,2509,2021-05-28,2021-06-07,-0.0062409741861724,2021,2020-12-31,native_mse,20260911,0.007815507908338926,,1,0
rolling5_matched,2514,2021-06-04,2021-06-15,-0.0125508761771767,2021,2020-12-31,native_mse,20260911,0.006408760034663893,,1,0
rolling5_matched,2519,2021-06-11,2021-06-21,-0.0250011497424577,2021,2020-12-31,native_mse,20260911,-0.015909118895032364,,0,0
rolling5_matched,2523,2021-06-18,2021-06-28,0.0325308711127356,2021,2020-12-31,native_mse,20260911,-0.00102951879450607,,0,1
rolling5_matched,2528,2021-06-25,2021-07-05,-0.0342297962734196,2021,2020-12-31,native_mse,20260911,-0.013751108339440286,,0,0
rolling5_matched,2533,2021-07-02,2021-07-12,0.0068193733271841,2021,2020-12-31,native_mse,20260911,-0.013946703512454296,,0,1
rolling5_matched,2538,2021-07-09,2021-07-19,-0.0048254045313779,2021,2020-12-31,native_mse,20260911,-0.009854396593984512,,0,0
rolling5_matched,2543,2021-07-16,2021-07-26,-0.0032299118953994,2021,2020-12-31,native_mse,20260911,-0.0020978263339919974,,0,0
rolling5_matched,2548,2021-07-23,2021-08-02,-0.0537740931579083,2021,2020-12-31,native_mse,20260911,-0.005777548659579983,,0,0
rolling5_matched,2553,2021-07-30,2021-08-09,0.019904813945049,2021,2020-12-31,native_mse,20260911,0.0036477554333159494,,1,1
rolling5_matched,2558,2021-08-06,2021-08-16,0.0093369268709639,2021,2020-12-31,native_mse,20260911,-0.009964108977660606,,0,1
rolling5_matched,2563,2021-08-13,2021-08-23,-0.032048736608373,2021,2020-12-31,native_mse,20260911,-0.013990048680439553,,0,0
rolling5_matched,2568,2021-08-20,2021-08-30,0.0145047962107527,2021,2020-12-31,native_mse,20260911,0.011443182418728423,,1,1
rolling5_matched,2573,2021-08-27,2021-09-06,-0.0012316820816045,2021,2020-12-31,native_mse,20260911,0.00048794843660291244,,1,0
rolling5_matched,2578,2021-09-03,2021-09-13,0.0342301066295398,2021,2020-12-31,native_mse,20260911,0.0075364989070875795,,1,1
rolling5_matched,2583,2021-09-10,2021-09-22,-0.0471441667981554,2021,2020-12-31,native_mse,20260911,0.021380679112182128,,1,0
rolling5_matched,2588,2021-09-17,2021-09-28,0.0209863060789441,2021,2020-12-31,native_mse,20260911,0.005128774231627569,,1,1
rolling5_matched,2591,2021-09-24,2021-10-11,0.0144615416200457,2021,2020-12-31,native_mse,20260911,0.009400996186046976,,1,1
rolling5_matched,2596,2021-10-08,2021-10-18,-0.0038006269617851,2021,2020-12-31,native_mse,20260911,0.01786528350804065,,1,0
rolling5_matched,2601,2021-10-15,2021-10-25,0.0037358989621147,2021,2020-12-31,native_mse,20260911,0.007822294169507792,,1,1
rolling5_matched,2606,2021-10-22,2021-11-01,-0.0127041632091318,2021,2020-12-31,native_mse,20260911,0.00861732423922308,,1,0
rolling5_matched,2611,2021-10-29,2021-11-08,-0.0075807737801166,2021,2020-12-31,native_mse,20260911,0.016245010466575036,,1,0
rolling5_matched,2616,2021-11-05,2021-11-15,0.0110015182343039,2021,2020-12-31,native_mse,20260911,0.03406063860340053,,1,1
rolling5_matched,2621,2021-11-12,2021-11-22,0.0002002284238551,2021,2020-12-31,native_mse,20260911,0.030276470163978574,,1,1
rolling5_matched,2626,2021-11-19,2021-11-29,-0.0153981603100059,2021,2020-12-31,native_mse,20260911,0.008760150134057194,,1,0
rolling5_matched,2631,2021-11-26,2021-12-06,0.0185518287306458,2021,2020-12-31,native_mse,20260911,0.03334735766807741,,1,1
rolling5_matched,2636,2021-12-03,2021-12-13,0.0367843110096284,2021,2020-12-31,native_mse,20260911,0.013980165180789522,,1,1
rolling5_matched,2641,2021-12-10,2021-12-20,-0.0304615698955996,2021,2020-12-31,native_mse,20260911,-0.0006129919803218873,,0,0
rolling5_matched,2646,2021-12-17,2021-12-27,-0.0034083287233763,2021,2020-12-31,native_mse,20260911,0.03527551011779299,,1,0
rolling5_matched,2651,2021-12-24,2022-01-04,0.0080985736506613,2021,2020-12-31,native_mse,20260911,0.03172846360471943,,1,1
rolling5_matched,2656,2021-12-31,2022-01-10,-0.0293970528320001,2021,2020-12-31,native_mse,20260911,0.02113873650136705,,1,0
rolling5_matched,2418,2021-01-08,2021-01-18,-0.0120052904669853,2021,2020-12-31,learned_market,20260912,0.46751955264848144,0.46751955264848144,0,0
rolling5_matched,2423,2021-01-15,2021-01-25,0.0231622460538123,2021,2020-12-31,learned_market,20260912,0.20996383918408212,0.20996383918408212,0,1
rolling5_matched,2428,2021-01-22,2021-02-01,-0.0372511735907923,2021,2020-12-31,learned_market,20260912,0.11541966771824484,0.11541966771824484,0,0
rolling5_matched,2433,2021-01-29,2021-02-08,0.0278689901714626,2021,2020-12-31,learned_market,20260912,0.47805216515205917,0.47805216515205917,0,1
rolling5_matched,2438,2021-02-05,2021-02-22,0.0507379035040882,2021,2020-12-31,learned_market,20260912,0.6599617867808212,0.6599617867808212,1,1
rolling5_matched,2443,2021-02-19,2021-03-01,-0.0684918010685315,2021,2020-12-31,learned_market,20260912,0.385842541748402,0.385842541748402,0,0
rolling5_matched,2448,2021-02-26,2021-03-08,-0.0165997123904068,2021,2020-12-31,learned_market,20260912,0.5719024165385211,0.5719024165385211,1,0
rolling5_matched,2453,2021-03-05,2021-03-15,-0.0346560901469681,2021,2020-12-31,learned_market,20260912,0.5129085555822815,0.5129085555822815,1,0
rolling5_matched,2458,2021-03-12,2021-03-22,-0.0210550182560221,2021,2020-12-31,learned_market,20260912,0.5600089783232041,0.5600089783232041,1,0
rolling5_matched,2463,2021-03-19,2021-03-29,0.0087572877565691,2021,2020-12-31,learned_market,20260912,0.4084985804249052,0.4084985804249052,0,1
rolling5_matched,2468,2021-03-26,2021-04-06,0.0250145479448802,2021,2020-12-31,learned_market,20260912,0.7537418162224062,0.7537418162224062,1,1
rolling5_matched,2473,2021-04-02,2021-04-12,-0.0292856811827044,2021,2020-12-31,learned_market,20260912,0.5998174256012389,0.5998174256012389,1,0
rolling5_matched,2477,2021-04-09,2021-04-19,-0.0120489836840408,2021,2020-12-31,learned_market,20260912,0.5715263431590817,0.5715263431590817,1,0
rolling5_matched,2482,2021-04-16,2021-04-26,0.0382932540809155,2021,2020-12-31,learned_market,20260912,0.6354753346659399,0.6354753346659399,1,1
rolling5_matched,2487,2021-04-23,2021-05-06,-0.0112070185917437,2021,2020-12-31,learned_market,20260912,0.6815584213336012,0.6815584213336012,1,0
rolling5_matched,2492,2021-04-30,2021-05-12,-0.0190946889464188,2021,2020-12-31,learned_market,20260912,0.31404280643738725,0.31404280643738725,0,0
rolling5_matched,2494,2021-05-07,2021-05-17,0.0227674429764228,2021,2020-12-31,learned_market,20260912,0.16718438832302554,0.16718438832302554,0,1
rolling5_matched,2499,2021-05-14,2021-05-24,0.0045940519733895,2021,2020-12-31,learned_market,20260912,0.5564489800421295,0.5564489800421295,1,1
rolling5_matched,2504,2021-05-21,2021-05-31,0.0348855085126711,2021,2020-12-31,learned_market,20260912,0.4257985969324577,0.4257985969324577,0,1
rolling5_matched,2509,2021-05-28,2021-06-07,-0.0062409741861724,2021,2020-12-31,learned_market,20260912,0.4642967242563616,0.4642967242563616,0,0
rolling5_matched,2514,2021-06-04,2021-06-15,-0.0125508761771767,2021,2020-12-31,learned_market,20260912,0.47274099451837176,0.47274099451837176,0,0
rolling5_matched,2519,2021-06-11,2021-06-21,-0.0250011497424577,2021,2020-12-31,learned_market,20260912,0.8320760110578677,0.8320760110578677,1,0
rolling5_matched,2523,2021-06-18,2021-06-28,0.0325308711127356,2021,2020-12-31,learned_market,20260912,0.4654522639660463,0.4654522639660463,0,1
rolling5_matched,2528,2021-06-25,2021-07-05,-0.0342297962734196,2021,2020-12-31,learned_market,20260912,0.12506756063566515,0.12506756063566515,0,0
rolling5_matched,2533,2021-07-02,2021-07-12,0.0068193733271841,2021,2020-12-31,learned_market,20260912,0.4991702141866311,0.4991702141866311,0,1
rolling5_matched,2538,2021-07-09,2021-07-19,-0.0048254045313779,2021,2020-12-31,learned_market,20260912,0.905523164944059,0.905523164944059,1,0
rolling5_matched,2543,2021-07-16,2021-07-26,-0.0032299118953994,2021,2020-12-31,learned_market,20260912,0.3241150411505285,0.3241150411505285,0,0
rolling5_matched,2548,2021-07-23,2021-08-02,-0.0537740931579083,2021,2020-12-31,learned_market,20260912,0.4519589984458149,0.4519589984458149,0,0
rolling5_matched,2553,2021-07-30,2021-08-09,0.019904813945049,2021,2020-12-31,learned_market,20260912,0.18073505750879207,0.18073505750879207,0,1
rolling5_matched,2558,2021-08-06,2021-08-16,0.0093369268709639,2021,2020-12-31,learned_market,20260912,0.4412081746234237,0.4412081746234237,0,1
rolling5_matched,2563,2021-08-13,2021-08-23,-0.032048736608373,2021,2020-12-31,learned_market,20260912,0.7605381728266406,0.7605381728266406,1,0
rolling5_matched,2568,2021-08-20,2021-08-30,0.0145047962107527,2021,2020-12-31,learned_market,20260912,0.8255898452619905,0.8255898452619905,1,1
rolling5_matched,2573,2021-08-27,2021-09-06,-0.0012316820816045,2021,2020-12-31,learned_market,20260912,0.8817020651356723,0.8817020651356723,1,0
rolling5_matched,2578,2021-09-03,2021-09-13,0.0342301066295398,2021,2020-12-31,learned_market,20260912,0.9229709027953475,0.9229709027953475,1,1
rolling5_matched,2583,2021-09-10,2021-09-22,-0.0471441667981554,2021,2020-12-31,learned_market,20260912,0.41884195485326714,0.41884195485326714,0,0
rolling5_matched,2588,2021-09-17,2021-09-28,0.0209863060789441,2021,2020-12-31,learned_market,20260912,0.4435539557764152,0.4435539557764152,0,1
rolling5_matched,2591,2021-09-24,2021-10-11,0.0144615416200457,2021,2020-12-31,learned_market,20260912,0.6016853565878829,0.6016853565878829,1,1
rolling5_matched,2596,2021-10-08,2021-10-18,-0.0038006269617851,2021,2020-12-31,learned_market,20260912,0.9622015168153507,0.9622015168153507,1,0
rolling5_matched,2601,2021-10-15,2021-10-25,0.0037358989621147,2021,2020-12-31,learned_market,20260912,0.41558439020049204,0.41558439020049204,0,1
rolling5_matched,2606,2021-10-22,2021-11-01,-0.0127041632091318,2021,2020-12-31,learned_market,20260912,0.7008991442177313,0.7008991442177313,1,0
rolling5_matched,2611,2021-10-29,2021-11-08,-0.0075807737801166,2021,2020-12-31,learned_market,20260912,0.41204507235351995,0.41204507235351995,0,0
rolling5_matched,2616,2021-11-05,2021-11-15,0.0110015182343039,2021,2020-12-31,learned_market,20260912,0.35355900797058515,0.35355900797058515,0,1
rolling5_matched,2621,2021-11-12,2021-11-22,0.0002002284238551,2021,2020-12-31,learned_market,20260912,0.7338752190527649,0.7338752190527649,1,1
rolling5_matched,2626,2021-11-19,2021-11-29,-0.0153981603100059,2021,2020-12-31,learned_market,20260912,0.8420848305601043,0.8420848305601043,1,0
rolling5_matched,2631,2021-11-26,2021-12-06,0.0185518287306458,2021,2020-12-31,learned_market,20260912,0.3493054070963388,0.3493054070963388,0,1
rolling5_matched,2636,2021-12-03,2021-12-13,0.0367843110096284,2021,2020-12-31,learned_market,20260912,0.15400291249136566,0.15400291249136566,0,1
rolling5_matched,2641,2021-12-10,2021-12-20,-0.0304615698955996,2021,2020-12-31,learned_market,20260912,0.9154866644656555,0.9154866644656555,1,0
rolling5_matched,2646,2021-12-17,2021-12-27,-0.0034083287233763,2021,2020-12-31,learned_market,20260912,0.7254104519818384,0.7254104519818384,1,0
rolling5_matched,2651,2021-12-24,2022-01-04,0.0080985736506613,2021,2020-12-31,learned_market,20260912,0.41878625401254055,0.41878625401254055,0,1
rolling5_matched,2656,2021-12-31,2022-01-10,-0.0293970528320001,2021,2020-12-31,learned_market,20260912,0.9204968417835019,0.9204968417835019,1,0
rolling5_matched,2418,2021-01-08,2021-01-18,-0.0120052904669853,2021,2020-12-31,learned_vol_interaction,20260912,0.4695552775248484,0.4695552775248484,0,0
rolling5_matched,2423,2021-01-15,2021-01-25,0.0231622460538123,2021,2020-12-31,learned_vol_interaction,20260912,0.2106552333028838,0.2106552333028838,0,1
rolling5_matched,2428,2021-01-22,2021-02-01,-0.0372511735907923,2021,2020-12-31,learned_vol_interaction,20260912,0.11551281116788566,0.11551281116788566,0,0
rolling5_matched,2433,2021-01-29,2021-02-08,0.0278689901714626,2021,2020-12-31,learned_vol_interaction,20260912,0.47513326421618685,0.47513326421618685,0,1
rolling5_matched,2438,2021-02-05,2021-02-22,0.0507379035040882,2021,2020-12-31,learned_vol_interaction,20260912,0.6583015840429913,0.6583015840429913,1,1
rolling5_matched,2443,2021-02-19,2021-03-01,-0.0684918010685315,2021,2020-12-31,learned_vol_interaction,20260912,0.3833056542682655,0.3833056542682655,0,0
rolling5_matched,2448,2021-02-26,2021-03-08,-0.0165997123904068,2021,2020-12-31,learned_vol_interaction,20260912,0.575748808249814,0.575748808249814,1,0
rolling5_matched,2453,2021-03-05,2021-03-15,-0.0346560901469681,2021,2020-12-31,learned_vol_interaction,20260912,0.5126958300070394,0.5126958300070394,1,0
rolling5_matched,2458,2021-03-12,2021-03-22,-0.0210550182560221,2021,2020-12-31,learned_vol_interaction,20260912,0.5619542422843561,0.5619542422843561,1,0
rolling5_matched,2463,2021-03-19,2021-03-29,0.0087572877565691,2021,2020-12-31,learned_vol_interaction,20260912,0.40145651015469486,0.40145651015469486,0,1
rolling5_matched,2468,2021-03-26,2021-04-06,0.0250145479448802,2021,2020-12-31,learned_vol_interaction,20260912,0.7602409197540156,0.7602409197540156,1,1
rolling5_matched,2473,2021-04-02,2021-04-12,-0.0292856811827044,2021,2020-12-31,learned_vol_interaction,20260912,0.598169331114229,0.598169331114229,1,0
rolling5_matched,2477,2021-04-09,2021-04-19,-0.0120489836840408,2021,2020-12-31,learned_vol_interaction,20260912,0.571255984528701,0.571255984528701,1,0
rolling5_matched,2482,2021-04-16,2021-04-26,0.0382932540809155,2021,2020-12-31,learned_vol_interaction,20260912,0.6339206728527425,0.6339206728527425,1,1
rolling5_matched,2487,2021-04-23,2021-05-06,-0.0112070185917437,2021,2020-12-31,learned_vol_interaction,20260912,0.6803741418224091,0.6803741418224091,1,0
rolling5_matched,2492,2021-04-30,2021-05-12,-0.0190946889464188,2021,2020-12-31,learned_vol_interaction,20260912,0.31618233992363937,0.31618233992363937,0,0
rolling5_matched,2494,2021-05-07,2021-05-17,0.0227674429764228,2021,2020-12-31,learned_vol_interaction,20260912,0.16994729472826933,0.16994729472826933,0,1
rolling5_matched,2499,2021-05-14,2021-05-24,0.0045940519733895,2021,2020-12-31,learned_vol_interaction,20260912,0.552114079722088,0.552114079722088,1,1
rolling5_matched,2504,2021-05-21,2021-05-31,0.0348855085126711,2021,2020-12-31,learned_vol_interaction,20260912,0.42934812570397035,0.42934812570397035,0,1
rolling5_matched,2509,2021-05-28,2021-06-07,-0.0062409741861724,2021,2020-12-31,learned_vol_interaction,20260912,0.46489216738010186,0.46489216738010186,0,0
rolling5_matched,2514,2021-06-04,2021-06-15,-0.0125508761771767,2021,2020-12-31,learned_vol_interaction,20260912,0.4715723573591902,0.4715723573591902,0,0
rolling5_matched,2519,2021-06-11,2021-06-21,-0.0250011497424577,2021,2020-12-31,learned_vol_interaction,20260912,0.8257244058989475,0.8257244058989475,1,0
rolling5_matched,2523,2021-06-18,2021-06-28,0.0325308711127356,2021,2020-12-31,learned_vol_interaction,20260912,0.4657679722805052,0.4657679722805052,0,1
rolling5_matched,2528,2021-06-25,2021-07-05,-0.0342297962734196,2021,2020-12-31,learned_vol_interaction,20260912,0.1307903770445821,0.1307903770445821,0,0
rolling5_matched,2533,2021-07-02,2021-07-12,0.0068193733271841,2021,2020-12-31,learned_vol_interaction,20260912,0.5050829850670303,0.5050829850670303,1,1
rolling5_matched,2538,2021-07-09,2021-07-19,-0.0048254045313779,2021,2020-12-31,learned_vol_interaction,20260912,0.9040546365870361,0.9040546365870361,1,0
rolling5_matched,2543,2021-07-16,2021-07-26,-0.0032299118953994,2021,2020-12-31,learned_vol_interaction,20260912,0.32318146716695684,0.32318146716695684,0,0
rolling5_matched,2548,2021-07-23,2021-08-02,-0.0537740931579083,2021,2020-12-31,learned_vol_interaction,20260912,0.45857495421066224,0.45857495421066224,0,0
rolling5_matched,2553,2021-07-30,2021-08-09,0.019904813945049,2021,2020-12-31,learned_vol_interaction,20260912,0.17804400170985998,0.17804400170985998,0,1
rolling5_matched,2558,2021-08-06,2021-08-16,0.0093369268709639,2021,2020-12-31,learned_vol_interaction,20260912,0.4380727899469041,0.4380727899469041,0,1
rolling5_matched,2563,2021-08-13,2021-08-23,-0.032048736608373,2021,2020-12-31,learned_vol_interaction,20260912,0.7627544071885068,0.7627544071885068,1,0
rolling5_matched,2568,2021-08-20,2021-08-30,0.0145047962107527,2021,2020-12-31,learned_vol_interaction,20260912,0.8302236139795772,0.8302236139795772,1,1
rolling5_matched,2573,2021-08-27,2021-09-06,-0.0012316820816045,2021,2020-12-31,learned_vol_interaction,20260912,0.8817652840706084,0.8817652840706084,1,0
rolling5_matched,2578,2021-09-03,2021-09-13,0.0342301066295398,2021,2020-12-31,learned_vol_interaction,20260912,0.9222233032319852,0.9222233032319852,1,1
rolling5_matched,2583,2021-09-10,2021-09-22,-0.0471441667981554,2021,2020-12-31,learned_vol_interaction,20260912,0.4165759076051217,0.4165759076051217,0,0
rolling5_matched,2588,2021-09-17,2021-09-28,0.0209863060789441,2021,2020-12-31,learned_vol_interaction,20260912,0.4363648597374307,0.4363648597374307,0,1
rolling5_matched,2591,2021-09-24,2021-10-11,0.0144615416200457,2021,2020-12-31,learned_vol_interaction,20260912,0.5940665688729443,0.5940665688729443,1,1
rolling5_matched,2596,2021-10-08,2021-10-18,-0.0038006269617851,2021,2020-12-31,learned_vol_interaction,20260912,0.9607256180453692,0.9607256180453692,1,0
rolling5_matched,2601,2021-10-15,2021-10-25,0.0037358989621147,2021,2020-12-31,learned_vol_interaction,20260912,0.41451087771763523,0.41451087771763523,0,1
rolling5_matched,2606,2021-10-22,2021-11-01,-0.0127041632091318,2021,2020-12-31,learned_vol_interaction,20260912,0.6959358274060502,0.6959358274060502,1,0
rolling5_matched,2611,2021-10-29,2021-11-08,-0.0075807737801166,2021,2020-12-31,learned_vol_interaction,20260912,0.41431241990167683,0.41431241990167683,0,0
rolling5_matched,2616,2021-11-05,2021-11-15,0.0110015182343039,2021,2020-12-31,learned_vol_interaction,20260912,0.3641286002929854,0.3641286002929854,0,1
rolling5_matched,2621,2021-11-12,2021-11-22,0.0002002284238551,2021,2020-12-31,learned_vol_interaction,20260912,0.7346502940951383,0.7346502940951383,1,1
rolling5_matched,2626,2021-11-19,2021-11-29,-0.0153981603100059,2021,2020-12-31,learned_vol_interaction,20260912,0.8391587201885552,0.8391587201885552,1,0
rolling5_matched,2631,2021-11-26,2021-12-06,0.0185518287306458,2021,2020-12-31,learned_vol_interaction,20260912,0.35336272516203104,0.35336272516203104,0,1
rolling5_matched,2636,2021-12-03,2021-12-13,0.0367843110096284,2021,2020-12-31,learned_vol_interaction,20260912,0.16433151617305292,0.16433151617305292,0,1
rolling5_matched,2641,2021-12-10,2021-12-20,-0.0304615698955996,2021,2020-12-31,learned_vol_interaction,20260912,0.9106938407038757,0.9106938407038757,1,0
rolling5_matched,2646,2021-12-17,2021-12-27,-0.0034083287233763,2021,2020-12-31,learned_vol_interaction,20260912,0.7210059059242102,0.7210059059242102,1,0
rolling5_matched,2651,2021-12-24,2022-01-04,0.0080985736506613,2021,2020-12-31,learned_vol_interaction,20260912,0.4223046805064113,0.4223046805064113,0,1
rolling5_matched,2656,2021-12-31,2022-01-10,-0.0293970528320001,2021,2020-12-31,learned_vol_interaction,20260912,0.9191366398538902,0.9191366398538902,1,0
rolling5_matched,2418,2021-01-08,2021-01-18,-0.0120052904669853,2021,2020-12-31,learned_order_extension,20260912,0.44750856429369246,0.44750856429369246,0,0
rolling5_matched,2423,2021-01-15,2021-01-25,0.0231622460538123,2021,2020-12-31,learned_order_extension,20260912,0.221361549536491,0.221361549536491,0,1
rolling5_matched,2428,2021-01-22,2021-02-01,-0.0372511735907923,2021,2020-12-31,learned_order_extension,20260912,0.12003854812896217,0.12003854812896217,0,0
rolling5_matched,2433,2021-01-29,2021-02-08,0.0278689901714626,2021,2020-12-31,learned_order_extension,20260912,0.47390889680011483,0.47390889680011483,0,1
rolling5_matched,2438,2021-02-05,2021-02-22,0.0507379035040882,2021,2020-12-31,learned_order_extension,20260912,0.6657228317115003,0.6657228317115003,1,1
rolling5_matched,2443,2021-02-19,2021-03-01,-0.0684918010685315,2021,2020-12-31,learned_order_extension,20260912,0.38694772741866945,0.38694772741866945,0,0
rolling5_matched,2448,2021-02-26,2021-03-08,-0.0165997123904068,2021,2020-12-31,learned_order_extension,20260912,0.5801844209353476,0.5801844209353476,1,0
rolling5_matched,2453,2021-03-05,2021-03-15,-0.0346560901469681,2021,2020-12-31,learned_order_extension,20260912,0.5191261193247844,0.5191261193247844,1,0
rolling5_matched,2458,2021-03-12,2021-03-22,-0.0210550182560221,2021,2020-12-31,learned_order_extension,20260912,0.5721468960097628,0.5721468960097628,1,0
rolling5_matched,2463,2021-03-19,2021-03-29,0.0087572877565691,2021,2020-12-31,learned_order_extension,20260912,0.40949375537522836,0.40949375537522836,0,1
rolling5_matched,2468,2021-03-26,2021-04-06,0.0250145479448802,2021,2020-12-31,learned_order_extension,20260912,0.7599600231509034,0.7599600231509034,1,1
rolling5_matched,2473,2021-04-02,2021-04-12,-0.0292856811827044,2021,2020-12-31,learned_order_extension,20260912,0.6076912630573064,0.6076912630573064,1,0
rolling5_matched,2477,2021-04-09,2021-04-19,-0.0120489836840408,2021,2020-12-31,learned_order_extension,20260912,0.5858359913659885,0.5858359913659885,1,0
rolling5_matched,2482,2021-04-16,2021-04-26,0.0382932540809155,2021,2020-12-31,learned_order_extension,20260912,0.649378592430287,0.649378592430287,1,1
rolling5_matched,2487,2021-04-23,2021-05-06,-0.0112070185917437,2021,2020-12-31,learned_order_extension,20260912,0.7021982150745395,0.7021982150745395,1,0
rolling5_matched,2492,2021-04-30,2021-05-12,-0.0190946889464188,2021,2020-12-31,learned_order_extension,20260912,0.2757722613013122,0.2757722613013122,0,0
rolling5_matched,2494,2021-05-07,2021-05-17,0.0227674429764228,2021,2020-12-31,learned_order_extension,20260912,0.13483144972808503,0.13483144972808503,0,1
rolling5_matched,2499,2021-05-14,2021-05-24,0.0045940519733895,2021,2020-12-31,learned_order_extension,20260912,0.5807458299576191,0.5807458299576191,1,1
rolling5_matched,2504,2021-05-21,2021-05-31,0.0348855085126711,2021,2020-12-31,learned_order_extension,20260912,0.3840689301195486,0.3840689301195486,0,1
rolling5_matched,2509,2021-05-28,2021-06-07,-0.0062409741861724,2021,2020-12-31,learned_order_extension,20260912,0.46892790274984403,0.46892790274984403,0,0
rolling5_matched,2514,2021-06-04,2021-06-15,-0.0125508761771767,2021,2020-12-31,learned_order_extension,20260912,0.4420291983704311,0.4420291983704311,0,0
rolling5_matched,2519,2021-06-11,2021-06-21,-0.0250011497424577,2021,2020-12-31,learned_order_extension,20260912,0.8624095383698736,0.8624095383698736,1,0
rolling5_matched,2523,2021-06-18,2021-06-28,0.0325308711127356,2021,2020-12-31,learned_order_extension,20260912,0.4528405451856385,0.4528405451856385,0,1
rolling5_matched,2528,2021-06-25,2021-07-05,-0.0342297962734196,2021,2020-12-31,learned_order_extension,20260912,0.09364734296602437,0.09364734296602437,0,0
rolling5_matched,2533,2021-07-02,2021-07-12,0.0068193733271841,2021,2020-12-31,learned_order_extension,20260912,0.49357773723125914,0.49357773723125914,0,1
rolling5_matched,2538,2021-07-09,2021-07-19,-0.0048254045313779,2021,2020-12-31,learned_order_extension,20260912,0.9271031810011918,0.9271031810011918,1,0
rolling5_matched,2543,2021-07-16,2021-07-26,-0.0032299118953994,2021,2020-12-31,learned_order_extension,20260912,0.27524882137207024,0.27524882137207024,0,0
rolling5_matched,2548,2021-07-23,2021-08-02,-0.0537740931579083,2021,2020-12-31,learned_order_extension,20260912,0.422761914701169,0.422761914701169,0,0
rolling5_matched,2553,2021-07-30,2021-08-09,0.019904813945049,2021,2020-12-31,learned_order_extension,20260912,0.13362714335901735,0.13362714335901735,0,1
rolling5_matched,2558,2021-08-06,2021-08-16,0.0093369268709639,2021,2020-12-31,learned_order_extension,20260912,0.4295599140587193,0.4295599140587193,0,1
rolling5_matched,2563,2021-08-13,2021-08-23,-0.032048736608373,2021,2020-12-31,learned_order_extension,20260912,0.7816845540965788,0.7816845540965788,1,0
rolling5_matched,2568,2021-08-20,2021-08-30,0.0145047962107527,2021,2020-12-31,learned_order_extension,20260912,0.8370585732907281,0.8370585732907281,1,1
rolling5_matched,2573,2021-08-27,2021-09-06,-0.0012316820816045,2021,2020-12-31,learned_order_extension,20260912,0.8979934153540613,0.8979934153540613,1,0
rolling5_matched,2578,2021-09-03,2021-09-13,0.0342301066295398,2021,2020-12-31,learned_order_extension,20260912,0.9406494369824745,0.9406494369824745,1,1
rolling5_matched,2583,2021-09-10,2021-09-22,-0.0471441667981554,2021,2020-12-31,learned_order_extension,20260912,0.40215477459911037,0.40215477459911037,0,0
rolling5_matched,2588,2021-09-17,2021-09-28,0.0209863060789441,2021,2020-12-31,learned_order_extension,20260912,0.40659719767457575,0.40659719767457575,0,1
rolling5_matched,2591,2021-09-24,2021-10-11,0.0144615416200457,2021,2020-12-31,learned_order_extension,20260912,0.601161747386872,0.601161747386872,1,1
rolling5_matched,2596,2021-10-08,2021-10-18,-0.0038006269617851,2021,2020-12-31,learned_order_extension,20260912,0.9736942663830371,0.9736942663830371,1,0
rolling5_matched,2601,2021-10-15,2021-10-25,0.0037358989621147,2021,2020-12-31,learned_order_extension,20260912,0.3786734547553962,0.3786734547553962,0,1
rolling5_matched,2606,2021-10-22,2021-11-01,-0.0127041632091318,2021,2020-12-31,learned_order_extension,20260912,0.7386265559503589,0.7386265559503589,1,0
rolling5_matched,2611,2021-10-29,2021-11-08,-0.0075807737801166,2021,2020-12-31,learned_order_extension,20260912,0.353470590858377,0.353470590858377,0,0
rolling5_matched,2616,2021-11-05,2021-11-15,0.0110015182343039,2021,2020-12-31,learned_order_extension,20260912,0.2859733008950196,0.2859733008950196,0,1
rolling5_matched,2621,2021-11-12,2021-11-22,0.0002002284238551,2021,2020-12-31,learned_order_extension,20260912,0.7776885132878402,0.7776885132878402,1,1
rolling5_matched,2626,2021-11-19,2021-11-29,-0.0153981603100059,2021,2020-12-31,learned_order_extension,20260912,0.8965108351464178,0.8965108351464178,1,0
rolling5_matched,2631,2021-11-26,2021-12-06,0.0185518287306458,2021,2020-12-31,learned_order_extension,20260912,0.2571881546858707,0.2571881546858707,0,1
rolling5_matched,2636,2021-12-03,2021-12-13,0.0367843110096284,2021,2020-12-31,learned_order_extension,20260912,0.11289083805937351,0.11289083805937351,0,1
rolling5_matched,2641,2021-12-10,2021-12-20,-0.0304615698955996,2021,2020-12-31,learned_order_extension,20260912,0.9430690891065908,0.9430690891065908,1,0
rolling5_matched,2646,2021-12-17,2021-12-27,-0.0034083287233763,2021,2020-12-31,learned_order_extension,20260912,0.7804488338249258,0.7804488338249258,1,0
rolling5_matched,2651,2021-12-24,2022-01-04,0.0080985736506613,2021,2020-12-31,learned_order_extension,20260912,0.39127931715900627,0.39127931715900627,0,1
rolling5_matched,2656,2021-12-31,2022-01-10,-0.0293970528320001,2021,2020-12-31,learned_order_extension,20260912,0.946407714840948,0.946407714840948,1,0
rolling5_matched,2418,2021-01-08,2021-01-18,-0.0120052904669853,2021,2020-12-31,learned_order_offset,20260912,0.4469452918014858,0.4469452918014858,0,0
rolling5_matched,2423,2021-01-15,2021-01-25,0.0231622460538123,2021,2020-12-31,learned_order_offset,20260912,0.2227051278995117,0.2227051278995117,0,1
rolling5_matched,2428,2021-01-22,2021-02-01,-0.0372511735907923,2021,2020-12-31,learned_order_offset,20260912,0.12345713744501786,0.12345713744501786,0,0
rolling5_matched,2433,2021-01-29,2021-02-08,0.0278689901714626,2021,2020-12-31,learned_order_offset,20260912,0.4759096846240627,0.4759096846240627,0,1
rolling5_matched,2438,2021-02-05,2021-02-22,0.0507379035040882,2021,2020-12-31,learned_order_offset,20260912,0.6657789015535049,0.6657789015535049,1,1
rolling5_matched,2443,2021-02-19,2021-03-01,-0.0684918010685315,2021,2020-12-31,learned_order_offset,20260912,0.39103856220552663,0.39103856220552663,0,0
rolling5_matched,2448,2021-02-26,2021-03-08,-0.0165997123904068,2021,2020-12-31,learned_order_offset,20260912,0.5810578902153464,0.5810578902153464,1,0
rolling5_matched,2453,2021-03-05,2021-03-15,-0.0346560901469681,2021,2020-12-31,learned_order_offset,20260912,0.5216634264004596,0.5216634264004596,1,0
rolling5_matched,2458,2021-03-12,2021-03-22,-0.0210550182560221,2021,2020-12-31,learned_order_offset,20260912,0.5764425122451368,0.5764425122451368,1,0
rolling5_matched,2463,2021-03-19,2021-03-29,0.0087572877565691,2021,2020-12-31,learned_order_offset,20260912,0.41833073555381706,0.41833073555381706,0,1
rolling5_matched,2468,2021-03-26,2021-04-06,0.0250145479448802,2021,2020-12-31,learned_order_offset,20260912,0.7630332893445634,0.7630332893445634,1,1
rolling5_matched,2473,2021-04-02,2021-04-12,-0.0292856811827044,2021,2020-12-31,learned_order_offset,20260912,0.6118736337943804,0.6118736337943804,1,0
rolling5_matched,2477,2021-04-09,2021-04-19,-0.0120489836840408,2021,2020-12-31,learned_order_offset,20260912,0.5914351860424529,0.5914351860424529,1,0
rolling5_matched,2482,2021-04-16,2021-04-26,0.0382932540809155,2021,2020-12-31,learned_order_offset,20260912,0.6523275289369479,0.6523275289369479,1,1
rolling5_matched,2487,2021-04-23,2021-05-06,-0.0112070185917437,2021,2020-12-31,learned_order_offset,20260912,0.7041848558135764,0.7041848558135764,1,0
rolling5_matched,2492,2021-04-30,2021-05-12,-0.0190946889464188,2021,2020-12-31,learned_order_offset,20260912,0.28216220926442687,0.28216220926442687,0,0
rolling5_matched,2494,2021-05-07,2021-05-17,0.0227674429764228,2021,2020-12-31,learned_order_offset,20260912,0.13975662791953702,0.13975662791953702,0,1
rolling5_matched,2499,2021-05-14,2021-05-24,0.0045940519733895,2021,2020-12-31,learned_order_offset,20260912,0.5838111277995907,0.5838111277995907,1,1
rolling5_matched,2504,2021-05-21,2021-05-31,0.0348855085126711,2021,2020-12-31,learned_order_offset,20260912,0.38832114937853573,0.38832114937853573,0,1
rolling5_matched,2509,2021-05-28,2021-06-07,-0.0062409741861724,2021,2020-12-31,learned_order_offset,20260912,0.4720394864989718,0.4720394864989718,0,0
rolling5_matched,2514,2021-06-04,2021-06-15,-0.0125508761771767,2021,2020-12-31,learned_order_offset,20260912,0.44086287273883457,0.44086287273883457,0,0
rolling5_matched,2519,2021-06-11,2021-06-21,-0.0250011497424577,2021,2020-12-31,learned_order_offset,20260912,0.8580319610347198,0.8580319610347198,1,0
rolling5_matched,2523,2021-06-18,2021-06-28,0.0325308711127356,2021,2020-12-31,learned_order_offset,20260912,0.4571607068762959,0.4571607068762959,0,1
rolling5_matched,2528,2021-06-25,2021-07-05,-0.0342297962734196,2021,2020-12-31,learned_order_offset,20260912,0.09878013628444235,0.09878013628444235,0,0
rolling5_matched,2533,2021-07-02,2021-07-12,0.0068193733271841,2021,2020-12-31,learned_order_offset,20260912,0.4920189549323064,0.4920189549323064,0,1
rolling5_matched,2538,2021-07-09,2021-07-19,-0.0048254045313779,2021,2020-12-31,learned_order_offset,20260912,0.9226227780144055,0.9226227780144055,1,0
rolling5_matched,2543,2021-07-16,2021-07-26,-0.0032299118953994,2021,2020-12-31,learned_order_offset,20260912,0.27701764347402896,0.27701764347402896,0,0
rolling5_matched,2548,2021-07-23,2021-08-02,-0.0537740931579083,2021,2020-12-31,learned_order_offset,20260912,0.4219572517412127,0.4219572517412127,0,0
rolling5_matched,2553,2021-07-30,2021-08-09,0.019904813945049,2021,2020-12-31,learned_order_offset,20260912,0.138246162124747,0.138246162124747,0,1
rolling5_matched,2558,2021-08-06,2021-08-16,0.0093369268709639,2021,2020-12-31,learned_order_offset,20260912,0.4325879029013621,0.4325879029013621,0,1
rolling5_matched,2563,2021-08-13,2021-08-23,-0.032048736608373,2021,2020-12-31,learned_order_offset,20260912,0.7778326740121185,0.7778326740121185,1,0
rolling5_matched,2568,2021-08-20,2021-08-30,0.0145047962107527,2021,2020-12-31,learned_order_offset,20260912,0.8387101550789928,0.8387101550789928,1,1
rolling5_matched,2573,2021-08-27,2021-09-06,-0.0012316820816045,2021,2020-12-31,learned_order_offset,20260912,0.8945273178336518,0.8945273178336518,1,0
rolling5_matched,2578,2021-09-03,2021-09-13,0.0342301066295398,2021,2020-12-31,learned_order_offset,20260912,0.9386056641819707,0.9386056641819707,1,1
rolling5_matched,2583,2021-09-10,2021-09-22,-0.0471441667981554,2021,2020-12-31,learned_order_offset,20260912,0.3975798717242256,0.3975798717242256,0,0
rolling5_matched,2588,2021-09-17,2021-09-28,0.0209863060789441,2021,2020-12-31,learned_order_offset,20260912,0.4056486125499117,0.4056486125499117,0,1
rolling5_matched,2591,2021-09-24,2021-10-11,0.0144615416200457,2021,2020-12-31,learned_order_offset,20260912,0.5965438868837379,0.5965438868837379,1,1
rolling5_matched,2596,2021-10-08,2021-10-18,-0.0038006269617851,2021,2020-12-31,learned_order_offset,20260912,0.9726488675929607,0.9726488675929607,1,0
rolling5_matched,2601,2021-10-15,2021-10-25,0.0037358989621147,2021,2020-12-31,learned_order_offset,20260912,0.38408015873170753,0.38408015873170753,0,1
rolling5_matched,2606,2021-10-22,2021-11-01,-0.0127041632091318,2021,2020-12-31,learned_order_offset,20260912,0.7286731262521431,0.7286731262521431,1,0
rolling5_matched,2611,2021-10-29,2021-11-08,-0.0075807737801166,2021,2020-12-31,learned_order_offset,20260912,0.3541005768884021,0.3541005768884021,0,0
rolling5_matched,2616,2021-11-05,2021-11-15,0.0110015182343039,2021,2020-12-31,learned_order_offset,20260912,0.2895691876102723,0.2895691876102723,0,1
rolling5_matched,2621,2021-11-12,2021-11-22,0.0002002284238551,2021,2020-12-31,learned_order_offset,20260912,0.7691374155040365,0.7691374155040365,1,1
rolling5_matched,2626,2021-11-19,2021-11-29,-0.0153981603100059,2021,2020-12-31,learned_order_offset,20260912,0.8890269534342617,0.8890269534342617,1,0
rolling5_matched,2631,2021-11-26,2021-12-06,0.0185518287306458,2021,2020-12-31,learned_order_offset,20260912,0.26386743407298197,0.26386743407298197,0,1
rolling5_matched,2636,2021-12-03,2021-12-13,0.0367843110096284,2021,2020-12-31,learned_order_offset,20260912,0.11829882643431111,0.11829882643431111,0,1
rolling5_matched,2641,2021-12-10,2021-12-20,-0.0304615698955996,2021,2020-12-31,learned_order_offset,20260912,0.9374855208632811,0.9374855208632811,1,0
rolling5_matched,2646,2021-12-17,2021-12-27,-0.0034083287233763,2021,2020-12-31,learned_order_offset,20260912,0.7684842349774531,0.7684842349774531,1,0
rolling5_matched,2651,2021-12-24,2022-01-04,0.0080985736506613,2021,2020-12-31,learned_order_offset,20260912,0.3898308956930497,0.3898308956930497,0,1
rolling5_matched,2656,2021-12-31,2022-01-10,-0.0293970528320001,2021,2020-12-31,learned_order_offset,20260912,0.942604702114568,0.942604702114568,1,0
rolling5_matched,2418,2021-01-08,2021-01-18,-0.0120052904669853,2021,2020-12-31,native_mse,20260912,-0.0020335005306008256,,0,0
rolling5_matched,2423,2021-01-15,2021-01-25,0.0231622460538123,2021,2020-12-31,native_mse,20260912,-0.018658097815270044,,0,1
rolling5_matched,2428,2021-01-22,2021-02-01,-0.0372511735907923,2021,2020-12-31,native_mse,20260912,-0.02456050452374538,,0,0
rolling5_matched,2433,2021-01-29,2021-02-08,0.0278689901714626,2021,2020-12-31,native_mse,20260912,-0.005210615670191123,,0,1
rolling5_matched,2438,2021-02-05,2021-02-22,0.0507379035040882,2021,2020-12-31,native_mse,20260912,0.005698687150075148,,1,1
rolling5_matched,2443,2021-02-19,2021-03-01,-0.0684918010685315,2021,2020-12-31,native_mse,20260912,-0.00837502363309923,,0,0
rolling5_matched,2448,2021-02-26,2021-03-08,-0.0165997123904068,2021,2020-12-31,native_mse,20260912,0.002462657538136116,,1,0
rolling5_matched,2453,2021-03-05,2021-03-15,-0.0346560901469681,2021,2020-12-31,native_mse,20260912,-0.0012909954254649116,,0,0
rolling5_matched,2458,2021-03-12,2021-03-22,-0.0210550182560221,2021,2020-12-31,native_mse,20260912,0.003497804066735063,,1,0
rolling5_matched,2463,2021-03-19,2021-03-29,0.0087572877565691,2021,2020-12-31,native_mse,20260912,-0.00987106566823222,,0,1
rolling5_matched,2468,2021-03-26,2021-04-06,0.0250145479448802,2021,2020-12-31,native_mse,20260912,0.010792882742149306,,1,1
rolling5_matched,2473,2021-04-02,2021-04-12,-0.0292856811827044,2021,2020-12-31,native_mse,20260912,0.0009750025614022593,,1,0
rolling5_matched,2477,2021-04-09,2021-04-19,-0.0120489836840408,2021,2020-12-31,native_mse,20260912,0.001611483506153184,,1,0
rolling5_matched,2482,2021-04-16,2021-04-26,0.0382932540809155,2021,2020-12-31,native_mse,20260912,0.0025623998977962704,,1,1
rolling5_matched,2487,2021-04-23,2021-05-06,-0.0112070185917437,2021,2020-12-31,native_mse,20260912,0.00599238366190822,,1,0
rolling5_matched,2492,2021-04-30,2021-05-12,-0.0190946889464188,2021,2020-12-31,native_mse,20260912,-0.011121047014646026,,0,0
rolling5_matched,2494,2021-05-07,2021-05-17,0.0227674429764228,2021,2020-12-31,native_mse,20260912,-0.020488244438027166,,0,1
rolling5_matched,2499,2021-05-14,2021-05-24,0.0045940519733895,2021,2020-12-31,native_mse,20260912,0.0031449113123164125,,1,1
rolling5_matched,2504,2021-05-21,2021-05-31,0.0348855085126711,2021,2020-12-31,native_mse,20260912,-0.003760937059822995,,0,1
rolling5_matched,2509,2021-05-28,2021-06-07,-0.0062409741861724,2021,2020-12-31,native_mse,20260912,-0.006099775343028396,,0,0
rolling5_matched,2514,2021-06-04,2021-06-15,-0.0125508761771767,2021,2020-12-31,native_mse,20260912,-0.0022739145417240473,,0,0
rolling5_matched,2519,2021-06-11,2021-06-21,-0.0250011497424577,2021,2020-12-31,native_mse,20260912,0.02052826895996031,,1,0
rolling5_matched,2523,2021-06-18,2021-06-28,0.0325308711127356,2021,2020-12-31,native_mse,20260912,-0.00464858739930939,,0,1
rolling5_matched,2528,2021-06-25,2021-07-05,-0.0342297962734196,2021,2020-12-31,native_mse,20260912,-0.024850742522411328,,0,0
rolling5_matched,2533,2021-07-02,2021-07-12,0.0068193733271841,2021,2020-12-31,native_mse,20260912,-0.000859396593723684,,0,1
rolling5_matched,2538,2021-07-09,2021-07-19,-0.0048254045313779,2021,2020-12-31,native_mse,20260912,0.023199116718688722,,1,0
rolling5_matched,2543,2021-07-16,2021-07-26,-0.0032299118953994,2021,2020-12-31,native_mse,20260912,-0.007946595959099008,,0,0
rolling5_matched,2548,2021-07-23,2021-08-02,-0.0537740931579083,2021,2020-12-31,native_mse,20260912,-0.0027907628330837157,,0,0
rolling5_matched,2553,2021-07-30,2021-08-09,0.019904813945049,2021,2020-12-31,native_mse,20260912,-0.014792302398256185,,0,1
rolling5_matched,2558,2021-08-06,2021-08-16,0.0093369268709639,2021,2020-12-31,native_mse,20260912,0.0011289371415003839,,1,1
rolling5_matched,2563,2021-08-13,2021-08-23,-0.032048736608373,2021,2020-12-31,native_mse,20260912,0.010591128078931528,,1,0
rolling5_matched,2568,2021-08-20,2021-08-30,0.0145047962107527,2021,2020-12-31,native_mse,20260912,0.01529798208403019,,1,1
rolling5_matched,2573,2021-08-27,2021-09-06,-0.0012316820816045,2021,2020-12-31,native_mse,20260912,0.026533562848338767,,1,0
rolling5_matched,2578,2021-09-03,2021-09-13,0.0342301066295398,2021,2020-12-31,native_mse,20260912,0.02694356042254121,,1,1
rolling5_matched,2583,2021-09-10,2021-09-22,-0.0471441667981554,2021,2020-12-31,native_mse,20260912,-2.257352623853768e-05,,0,0
rolling5_matched,2588,2021-09-17,2021-09-28,0.0209863060789441,2021,2020-12-31,native_mse,20260912,-0.0017912582666951733,,0,1
rolling5_matched,2591,2021-09-24,2021-10-11,0.0144615416200457,2021,2020-12-31,native_mse,20260912,0.0088577661250524,,1,1
rolling5_matched,2596,2021-10-08,2021-10-18,-0.0038006269617851,2021,2020-12-31,native_mse,20260912,0.031056174884249024,,1,0
rolling5_matched,2601,2021-10-15,2021-10-25,0.0037358989621147,2021,2020-12-31,native_mse,20260912,-0.004368148999526129,,0,1
rolling5_matched,2606,2021-10-22,2021-11-01,-0.0127041632091318,2021,2020-12-31,native_mse,20260912,0.016967690096919584,,1,0
rolling5_matched,2611,2021-10-29,2021-11-08,-0.0075807737801166,2021,2020-12-31,native_mse,20260912,-0.002852659027900568,,0,0
rolling5_matched,2616,2021-11-05,2021-11-15,0.0110015182343039,2021,2020-12-31,native_mse,20260912,-0.002613352216500518,,0,1
rolling5_matched,2621,2021-11-12,2021-11-22,0.0002002284238551,2021,2020-12-31,native_mse,20260912,0.01898921133424948,,1,1
rolling5_matched,2626,2021-11-19,2021-11-29,-0.0153981603100059,2021,2020-12-31,native_mse,20260912,0.024311878265571674,,1,0
rolling5_matched,2631,2021-11-26,2021-12-06,0.0185518287306458,2021,2020-12-31,native_mse,20260912,-0.007735688554148915,,0,1
rolling5_matched,2636,2021-12-03,2021-12-13,0.0367843110096284,2021,2020-12-31,native_mse,20260912,-0.02126853616681431,,0,1
rolling5_matched,2641,2021-12-10,2021-12-20,-0.0304615698955996,2021,2020-12-31,native_mse,20260912,0.029444360996240412,,1,0
rolling5_matched,2646,2021-12-17,2021-12-27,-0.0034083287233763,2021,2020-12-31,native_mse,20260912,0.016137056648916123,,1,0
rolling5_matched,2651,2021-12-24,2022-01-04,0.0080985736506613,2021,2020-12-31,native_mse,20260912,0.0036451934198876547,,1,1
rolling5_matched,2656,2021-12-31,2022-01-10,-0.0293970528320001,2021,2020-12-31,native_mse,20260912,0.027785788108593612,,1,0
rolling5_matched,2660,2022-01-07,2022-01-17,-0.0173453887283024,2022,2021-12-31,learned_market,20260910,0.7013124651952798,0.7013124651952798,1,0
rolling5_matched,2665,2022-01-14,2022-01-24,0.0053248631776616,2022,2021-12-31,learned_market,20260910,0.6525994301894009,0.6525994301894009,1,1
rolling5_matched,2670,2022-01-21,2022-02-07,-0.0242661876254222,2022,2021-12-31,learned_market,20260910,0.8389865087051944,0.8389865087051944,1,0
rolling5_matched,2675,2022-01-28,2022-02-14,-0.0127539031341488,2022,2021-12-31,learned_market,20260910,0.9393146236022621,0.9393146236022621,1,0
rolling5_matched,2680,2022-02-11,2022-02-21,0.0145498774954033,2022,2021-12-31,learned_market,20260910,0.680566817823538,0.680566817823538,1,1
rolling5_matched,2685,2022-02-18,2022-02-28,-0.0177161244498015,2022,2021-12-31,learned_market,20260910,0.6752415375453013,0.6752415375453013,1,0
rolling5_matched,2690,2022-02-25,2022-03-07,-0.0221791776043331,2022,2021-12-31,learned_market,20260910,0.3430551446711776,0.3430551446711776,0,0
rolling5_matched,2695,2022-03-04,2022-03-14,-0.0480378799422749,2022,2021-12-31,learned_market,20260910,0.2437299188262311,0.2437299188262311,0,0
rolling5_matched,2700,2022-03-11,2022-03-21,0.007530336734814,2022,2021-12-31,learned_market,20260910,0.5955361691555812,0.5955361691555812,1,1
rolling5_matched,2705,2022-03-18,2022-03-28,-0.0353493110038457,2022,2021-12-31,learned_market,20260910,0.40825244119180315,0.40825244119180315,0,0
rolling5_matched,2710,2022-03-25,2022-04-06,0.0314834190717003,2022,2021-12-31,learned_market,20260910,0.10430733366307739,0.10430733366307739,0,1
rolling5_matched,2715,2022-04-01,2022-04-12,-0.0129237372705649,2022,2021-12-31,learned_market,20260910,0.10135500313316254,0.10135500313316254,0,0
rolling5_matched,2718,2022-04-08,2022-04-18,-0.0120986062576864,2022,2021-12-31,learned_market,20260910,0.7038947979550481,0.7038947979550481,1,0
rolling5_matched,2723,2022-04-15,2022-04-25,-0.0528494340140576,2022,2021-12-31,learned_market,20260910,0.7098590780541316,0.7098590780541316,1,0
rolling5_matched,2728,2022-04-22,2022-05-05,0.015736821365468,2022,2021-12-31,learned_market,20260910,0.7762964588158315,0.7762964588158315,1,1
rolling5_matched,2733,2022-04-29,2022-05-11,-0.0278824133054675,2022,2021-12-31,learned_market,20260910,0.8642976780128105,0.8642976780128105,1,0
rolling5_matched,2735,2022-05-06,2022-05-16,0.033741423035827,2022,2021-12-31,learned_market,20260910,0.43990828468721715,0.43990828468721715,0,1
rolling5_matched,2740,2022-05-13,2022-05-23,0.0164308841843088,2022,2021-12-31,learned_market,20260910,0.25190018277459236,0.25190018277459236,0,1
rolling5_matched,2745,2022-05-20,2022-05-30,-0.0147293413085614,2022,2021-12-31,learned_market,20260910,0.35956672723511157,0.35956672723511157,0,0
rolling5_matched,2750,2022-05-27,2022-06-13,0.0431748431927498,2022,2021-12-31,learned_market,20260910,0.6072015945479313,0.6072015945479313,1,1
rolling5_matched,2759,2022-06-10,2022-06-20,0.0306046547112142,2022,2021-12-31,learned_market,20260910,0.37107791293668246,0.37107791293668246,0,1
rolling5_matched,2764,2022-06-17,2022-06-27,0.0211666894141107,2022,2021-12-31,learned_market,20260910,0.09524071048060834,0.09524071048060834,0,1
rolling5_matched,2769,2022-06-24,2022-07-04,0.0074507343130214,2022,2021-12-31,learned_market,20260910,0.375528462325601,0.375528462325601,0,1
rolling5_matched,2774,2022-07-01,2022-07-11,-0.0092349827532707,2022,2021-12-31,learned_market,20260910,0.4263169095557911,0.4263169095557911,0,0
rolling5_matched,2779,2022-07-08,2022-07-18,-0.0326815927737367,2022,2021-12-31,learned_market,20260910,0.12724575541464023,0.12724575541464023,0,0
rolling5_matched,2784,2022-07-15,2022-07-25,-0.0066210715249344,2022,2021-12-31,learned_market,20260910,0.46428876379134226,0.46428876379134226,0,0
rolling5_matched,2789,2022-07-22,2022-08-01,-0.0173077967751003,2022,2021-12-31,learned_market,20260910,0.8713114033200833,0.8713114033200833,1,0
rolling5_matched,2794,2022-07-29,2022-08-08,-0.004456034513838,2022,2021-12-31,learned_market,20260910,0.685622770325717,0.685622770325717,1,0
rolling5_matched,2799,2022-08-05,2022-08-15,0.0091475117753996,2022,2021-12-31,learned_market,20260910,0.8081882257738368,0.8081882257738368,1,1
rolling5_matched,2804,2022-08-12,2022-08-22,-0.0107272727272728,2022,2021-12-31,learned_market,20260910,0.31173367092298193,0.31173367092298193,0,0
rolling5_matched,2809,2022-08-19,2022-08-29,-0.0172375434082356,2022,2021-12-31,learned_market,20260910,0.9086240194641191,0.9086240194641191,1,0
rolling5_matched,2814,2022-08-26,2022-09-05,-0.0131573766941938,2022,2021-12-31,learned_market,20260910,0.6817923810464367,0.6817923810464367,1,0
rolling5_matched,2819,2022-09-02,2022-09-13,0.0253340680878015,2022,2021-12-31,learned_market,20260910,0.8255889112887556,0.8255889112887556,1,1
rolling5_matched,2824,2022-09-09,2022-09-19,-0.044647264962877,2022,2021-12-31,learned_market,20260910,0.6496682942294782,0.6496682942294782,1,0
rolling5_matched,2828,2022-09-16,2022-09-26,-0.025155151434928,2022,2021-12-31,learned_market,20260910,0.6428869108086152,0.6428869108086152,1,0
rolling5_matched,2833,2022-09-23,2022-10-10,-0.0060162941299352,2022,2021-12-31,learned_market,20260910,0.8458213425786468,0.8458213425786468,1,0
rolling5_matched,2838,2022-09-30,2022-10-17,0.0041192047412885,2022,2021-12-31,learned_market,20260910,0.5694323510335477,0.5694323510335477,1,1
rolling5_matched,2843,2022-10-14,2022-10-24,-0.0246766294110258,2022,2021-12-31,learned_market,20260910,0.51799852677869,0.51799852677869,1,0
rolling5_matched,2848,2022-10-21,2022-10-31,-0.059928861134359,2022,2021-12-31,learned_market,20260910,0.30375492765612094,0.30375492765612094,0,0
rolling5_matched,2853,2022-10-28,2022-11-07,0.071339502526744,2022,2021-12-31,learned_market,20260910,0.29649114806008414,0.29649114806008414,0,1
rolling5_matched,2858,2022-11-04,2022-11-14,0.0169449090696014,2022,2021-12-31,learned_market,20260910,0.48621701792705224,0.48621701792705224,0,1
rolling5_matched,2863,2022-11-11,2022-11-21,-0.0127051391515239,2022,2021-12-31,learned_market,20260910,0.41613724896645843,0.41613724896645843,0,0
rolling5_matched,2868,2022-11-18,2022-11-28,-0.0179672806084416,2022,2021-12-31,learned_market,20260910,0.1337805396450337,0.1337805396450337,0,0
rolling5_matched,2873,2022-11-25,2022-12-05,0.0555768659337096,2022,2021-12-31,learned_market,20260910,0.48663153651136015,0.48663153651136015,0,1
rolling5_matched,2878,2022-12-02,2022-12-12,0.0175374394775362,2022,2021-12-31,learned_market,20260910,0.14250396809445498,0.14250396809445498,0,1
rolling5_matched,2883,2022-12-09,2022-12-19,-0.0058850602464181,2022,2021-12-31,learned_market,20260910,0.6254341944705929,0.6254341944705929,1,0
rolling5_matched,2888,2022-12-16,2022-12-26,-0.0309150292073658,2022,2021-12-31,learned_market,20260910,0.7080701085710379,0.7080701085710379,1,0
rolling5_matched,2893,2022-12-23,2023-01-03,0.0089464492229616,2022,2021-12-31,learned_market,20260910,0.7513144590064796,0.7513144590064796,1,1
rolling5_matched,2898,2022-12-30,2023-01-09,0.0345913414268119,2022,2021-12-31,learned_market,20260910,0.18937709595603852,0.18937709595603852,0,1
rolling5_matched,2660,2022-01-07,2022-01-17,-0.0173453887283024,2022,2021-12-31,learned_vol_interaction,20260910,0.709617386522496,0.709617386522496,1,0
rolling5_matched,2665,2022-01-14,2022-01-24,0.0053248631776616,2022,2021-12-31,learned_vol_interaction,20260910,0.6498448121162457,0.6498448121162457,1,1
rolling5_matched,2670,2022-01-21,2022-02-07,-0.0242661876254222,2022,2021-12-31,learned_vol_interaction,20260910,0.8438243955140907,0.8438243955140907,1,0
rolling5_matched,2675,2022-01-28,2022-02-14,-0.0127539031341488,2022,2021-12-31,learned_vol_interaction,20260910,0.942882232366821,0.942882232366821,1,0
rolling5_matched,2680,2022-02-11,2022-02-21,0.0145498774954033,2022,2021-12-31,learned_vol_interaction,20260910,0.6744142682289211,0.6744142682289211,1,1
rolling5_matched,2685,2022-02-18,2022-02-28,-0.0177161244498015,2022,2021-12-31,learned_vol_interaction,20260910,0.6813581091443002,0.6813581091443002,1,0
rolling5_matched,2690,2022-02-25,2022-03-07,-0.0221791776043331,2022,2021-12-31,learned_vol_interaction,20260910,0.3380684198614654,0.3380684198614654,0,0
rolling5_matched,2695,2022-03-04,2022-03-14,-0.0480378799422749,2022,2021-12-31,learned_vol_interaction,20260910,0.23005218679620554,0.23005218679620554,0,0
rolling5_matched,2700,2022-03-11,2022-03-21,0.007530336734814,2022,2021-12-31,learned_vol_interaction,20260910,0.5860509487283634,0.5860509487283634,1,1
rolling5_matched,2705,2022-03-18,2022-03-28,-0.0353493110038457,2022,2021-12-31,learned_vol_interaction,20260910,0.45543413395896637,0.45543413395896637,0,0
rolling5_matched,2710,2022-03-25,2022-04-06,0.0314834190717003,2022,2021-12-31,learned_vol_interaction,20260910,0.14587773264124052,0.14587773264124052,0,1
rolling5_matched,2715,2022-04-01,2022-04-12,-0.0129237372705649,2022,2021-12-31,learned_vol_interaction,20260910,0.1485717366755329,0.1485717366755329,0,0
rolling5_matched,2718,2022-04-08,2022-04-18,-0.0120986062576864,2022,2021-12-31,learned_vol_interaction,20260910,0.6967778555309808,0.6967778555309808,1,0
rolling5_matched,2723,2022-04-15,2022-04-25,-0.0528494340140576,2022,2021-12-31,learned_vol_interaction,20260910,0.7181011276704842,0.7181011276704842,1,0
rolling5_matched,2728,2022-04-22,2022-05-05,0.015736821365468,2022,2021-12-31,learned_vol_interaction,20260910,0.7736343705046136,0.7736343705046136,1,1
rolling5_matched,2733,2022-04-29,2022-05-11,-0.0278824133054675,2022,2021-12-31,learned_vol_interaction,20260910,0.8425016551379938,0.8425016551379938,1,0
rolling5_matched,2735,2022-05-06,2022-05-16,0.033741423035827,2022,2021-12-31,learned_vol_interaction,20260910,0.45874343122048916,0.45874343122048916,0,1
rolling5_matched,2740,2022-05-13,2022-05-23,0.0164308841843088,2022,2021-12-31,learned_vol_interaction,20260910,0.2803782337654121,0.2803782337654121,0,1
rolling5_matched,2745,2022-05-20,2022-05-30,-0.0147293413085614,2022,2021-12-31,learned_vol_interaction,20260910,0.3878496288644364,0.3878496288644364,0,0
rolling5_matched,2750,2022-05-27,2022-06-13,0.0431748431927498,2022,2021-12-31,learned_vol_interaction,20260910,0.6113409913917078,0.6113409913917078,1,1
rolling5_matched,2759,2022-06-10,2022-06-20,0.0306046547112142,2022,2021-12-31,learned_vol_interaction,20260910,0.3716824180322476,0.3716824180322476,0,1
rolling5_matched,2764,2022-06-17,2022-06-27,0.0211666894141107,2022,2021-12-31,learned_vol_interaction,20260910,0.09605443140101169,0.09605443140101169,0,1
rolling5_matched,2769,2022-06-24,2022-07-04,0.0074507343130214,2022,2021-12-31,learned_vol_interaction,20260910,0.3728400929374606,0.3728400929374606,0,1
rolling5_matched,2774,2022-07-01,2022-07-11,-0.0092349827532707,2022,2021-12-31,learned_vol_interaction,20260910,0.4130532283857542,0.4130532283857542,0,0
rolling5_matched,2779,2022-07-08,2022-07-18,-0.0326815927737367,2022,2021-12-31,learned_vol_interaction,20260910,0.12185915930967503,0.12185915930967503,0,0
rolling5_matched,2784,2022-07-15,2022-07-25,-0.0066210715249344,2022,2021-12-31,learned_vol_interaction,20260910,0.4446444415555541,0.4446444415555541,0,0
rolling5_matched,2789,2022-07-22,2022-08-01,-0.0173077967751003,2022,2021-12-31,learned_vol_interaction,20260910,0.8750479839958472,0.8750479839958472,1,0
rolling5_matched,2794,2022-07-29,2022-08-08,-0.004456034513838,2022,2021-12-31,learned_vol_interaction,20260910,0.692963333922137,0.692963333922137,1,0
rolling5_matched,2799,2022-08-05,2022-08-15,0.0091475117753996,2022,2021-12-31,learned_vol_interaction,20260910,0.8137229116026703,0.8137229116026703,1,1
rolling5_matched,2804,2022-08-12,2022-08-22,-0.0107272727272728,2022,2021-12-31,learned_vol_interaction,20260910,0.3044890064197541,0.3044890064197541,0,0
rolling5_matched,2809,2022-08-19,2022-08-29,-0.0172375434082356,2022,2021-12-31,learned_vol_interaction,20260910,0.9136041583967297,0.9136041583967297,1,0
rolling5_matched,2814,2022-08-26,2022-09-05,-0.0131573766941938,2022,2021-12-31,learned_vol_interaction,20260910,0.687719958904593,0.687719958904593,1,0
rolling5_matched,2819,2022-09-02,2022-09-13,0.0253340680878015,2022,2021-12-31,learned_vol_interaction,20260910,0.839122714623355,0.839122714623355,1,1
rolling5_matched,2824,2022-09-09,2022-09-19,-0.044647264962877,2022,2021-12-31,learned_vol_interaction,20260910,0.6347192161927514,0.6347192161927514,1,0
rolling5_matched,2828,2022-09-16,2022-09-26,-0.025155151434928,2022,2021-12-31,learned_vol_interaction,20260910,0.6385620347866181,0.6385620347866181,1,0
rolling5_matched,2833,2022-09-23,2022-10-10,-0.0060162941299352,2022,2021-12-31,learned_vol_interaction,20260910,0.853100069770335,0.853100069770335,1,0
rolling5_matched,2838,2022-09-30,2022-10-17,0.0041192047412885,2022,2021-12-31,learned_vol_interaction,20260910,0.5560772823304703,0.5560772823304703,1,1
rolling5_matched,2843,2022-10-14,2022-10-24,-0.0246766294110258,2022,2021-12-31,learned_vol_interaction,20260910,0.5171888804760307,0.5171888804760307,1,0
rolling5_matched,2848,2022-10-21,2022-10-31,-0.059928861134359,2022,2021-12-31,learned_vol_interaction,20260910,0.29645040757882607,0.29645040757882607,0,0
rolling5_matched,2853,2022-10-28,2022-11-07,0.071339502526744,2022,2021-12-31,learned_vol_interaction,20260910,0.29846432046459287,0.29846432046459287,0,1
rolling5_matched,2858,2022-11-04,2022-11-14,0.0169449090696014,2022,2021-12-31,learned_vol_interaction,20260910,0.49987374357625475,0.49987374357625475,0,1
rolling5_matched,2863,2022-11-11,2022-11-21,-0.0127051391515239,2022,2021-12-31,learned_vol_interaction,20260910,0.424407447977668,0.424407447977668,0,0
rolling5_matched,2868,2022-11-18,2022-11-28,-0.0179672806084416,2022,2021-12-31,learned_vol_interaction,20260910,0.16030673656986738,0.16030673656986738,0,0
rolling5_matched,2873,2022-11-25,2022-12-05,0.0555768659337096,2022,2021-12-31,learned_vol_interaction,20260910,0.4904919874230109,0.4904919874230109,0,1
rolling5_matched,2878,2022-12-02,2022-12-12,0.0175374394775362,2022,2021-12-31,learned_vol_interaction,20260910,0.14260363071030238,0.14260363071030238,0,1
rolling5_matched,2883,2022-12-09,2022-12-19,-0.0058850602464181,2022,2021-12-31,learned_vol_interaction,20260910,0.6321119663993301,0.6321119663993301,1,0
rolling5_matched,2888,2022-12-16,2022-12-26,-0.0309150292073658,2022,2021-12-31,learned_vol_interaction,20260910,0.7124466418950326,0.7124466418950326,1,0
rolling5_matched,2893,2022-12-23,2023-01-03,0.0089464492229616,2022,2021-12-31,learned_vol_interaction,20260910,0.7581832642507735,0.7581832642507735,1,1
rolling5_matched,2898,2022-12-30,2023-01-09,0.0345913414268119,2022,2021-12-31,learned_vol_interaction,20260910,0.1810809434317233,0.1810809434317233,0,1
rolling5_matched,2660,2022-01-07,2022-01-17,-0.0173453887283024,2022,2021-12-31,learned_order_extension,20260910,0.7076211655816799,0.7076211655816799,1,0
rolling5_matched,2665,2022-01-14,2022-01-24,0.0053248631776616,2022,2021-12-31,learned_order_extension,20260910,0.6521762577672576,0.6521762577672576,1,1
rolling5_matched,2670,2022-01-21,2022-02-07,-0.0242661876254222,2022,2021-12-31,learned_order_extension,20260910,0.8579486332327159,0.8579486332327159,1,0
rolling5_matched,2675,2022-01-28,2022-02-14,-0.0127539031341488,2022,2021-12-31,learned_order_extension,20260910,0.9553382419700027,0.9553382419700027,1,0
rolling5_matched,2680,2022-02-11,2022-02-21,0.0145498774954033,2022,2021-12-31,learned_order_extension,20260910,0.676717294122325,0.676717294122325,1,1
rolling5_matched,2685,2022-02-18,2022-02-28,-0.0177161244498015,2022,2021-12-31,learned_order_extension,20260910,0.6922847516515022,0.6922847516515022,1,0
rolling5_matched,2690,2022-02-25,2022-03-07,-0.0221791776043331,2022,2021-12-31,learned_order_extension,20260910,0.293596535993506,0.293596535993506,0,0
rolling5_matched,2695,2022-03-04,2022-03-14,-0.0480378799422749,2022,2021-12-31,learned_order_extension,20260910,0.18488445711130141,0.18488445711130141,0,0
rolling5_matched,2700,2022-03-11,2022-03-21,0.007530336734814,2022,2021-12-31,learned_order_extension,20260910,0.5780020144536799,0.5780020144536799,1,1
rolling5_matched,2705,2022-03-18,2022-03-28,-0.0353493110038457,2022,2021-12-31,learned_order_extension,20260910,0.4460446555192729,0.4460446555192729,0,0
rolling5_matched,2710,2022-03-25,2022-04-06,0.0314834190717003,2022,2021-12-31,learned_order_extension,20260910,0.12642616659978456,0.12642616659978456,0,1
rolling5_matched,2715,2022-04-01,2022-04-12,-0.0129237372705649,2022,2021-12-31,learned_order_extension,20260910,0.12956027929591518,0.12956027929591518,0,0
rolling5_matched,2718,2022-04-08,2022-04-18,-0.0120986062576864,2022,2021-12-31,learned_order_extension,20260910,0.6973210676030029,0.6973210676030029,1,0
rolling5_matched,2723,2022-04-15,2022-04-25,-0.0528494340140576,2022,2021-12-31,learned_order_extension,20260910,0.724225977437743,0.724225977437743,1,0
rolling5_matched,2728,2022-04-22,2022-05-05,0.015736821365468,2022,2021-12-31,learned_order_extension,20260910,0.7708750473648948,0.7708750473648948,1,1
rolling5_matched,2733,2022-04-29,2022-05-11,-0.0278824133054675,2022,2021-12-31,learned_order_extension,20260910,0.8331796376823148,0.8331796376823148,1,0
rolling5_matched,2735,2022-05-06,2022-05-16,0.033741423035827,2022,2021-12-31,learned_order_extension,20260910,0.4535654492403842,0.4535654492403842,0,1
rolling5_matched,2740,2022-05-13,2022-05-23,0.0164308841843088,2022,2021-12-31,learned_order_extension,20260910,0.2849544728203341,0.2849544728203341,0,1
rolling5_matched,2745,2022-05-20,2022-05-30,-0.0147293413085614,2022,2021-12-31,learned_order_extension,20260910,0.3750352872416732,0.3750352872416732,0,0
rolling5_matched,2750,2022-05-27,2022-06-13,0.0431748431927498,2022,2021-12-31,learned_order_extension,20260910,0.6186947684551949,0.6186947684551949,1,1
rolling5_matched,2759,2022-06-10,2022-06-20,0.0306046547112142,2022,2021-12-31,learned_order_extension,20260910,0.3582754241350021,0.3582754241350021,0,1
rolling5_matched,2764,2022-06-17,2022-06-27,0.0211666894141107,2022,2021-12-31,learned_order_extension,20260910,0.0743697348815749,0.0743697348815749,0,1
rolling5_matched,2769,2022-06-24,2022-07-04,0.0074507343130214,2022,2021-12-31,learned_order_extension,20260910,0.3478357663647514,0.3478357663647514,0,1
rolling5_matched,2774,2022-07-01,2022-07-11,-0.0092349827532707,2022,2021-12-31,learned_order_extension,20260910,0.4092957608447954,0.4092957608447954,0,0
rolling5_matched,2779,2022-07-08,2022-07-18,-0.0326815927737367,2022,2021-12-31,learned_order_extension,20260910,0.10789914037172395,0.10789914037172395,0,0
rolling5_matched,2784,2022-07-15,2022-07-25,-0.0066210715249344,2022,2021-12-31,learned_order_extension,20260910,0.4455924716088938,0.4455924716088938,0,0
rolling5_matched,2789,2022-07-22,2022-08-01,-0.0173077967751003,2022,2021-12-31,learned_order_extension,20260910,0.9130544375861812,0.9130544375861812,1,0
rolling5_matched,2794,2022-07-29,2022-08-08,-0.004456034513838,2022,2021-12-31,learned_order_extension,20260910,0.7268031909666607,0.7268031909666607,1,0
rolling5_matched,2799,2022-08-05,2022-08-15,0.0091475117753996,2022,2021-12-31,learned_order_extension,20260910,0.8642952657416229,0.8642952657416229,1,1
rolling5_matched,2804,2022-08-12,2022-08-22,-0.0107272727272728,2022,2021-12-31,learned_order_extension,20260910,0.2528702477768987,0.2528702477768987,0,0
rolling5_matched,2809,2022-08-19,2022-08-29,-0.0172375434082356,2022,2021-12-31,learned_order_extension,20260910,0.9501894029940333,0.9501894029940333,1,0
rolling5_matched,2814,2022-08-26,2022-09-05,-0.0131573766941938,2022,2021-12-31,learned_order_extension,20260910,0.7143777942195381,0.7143777942195381,1,0
rolling5_matched,2819,2022-09-02,2022-09-13,0.0253340680878015,2022,2021-12-31,learned_order_extension,20260910,0.8711254704051327,0.8711254704051327,1,1
rolling5_matched,2824,2022-09-09,2022-09-19,-0.044647264962877,2022,2021-12-31,learned_order_extension,20260910,0.6279227331645405,0.6279227331645405,1,0
rolling5_matched,2828,2022-09-16,2022-09-26,-0.025155151434928,2022,2021-12-31,learned_order_extension,20260910,0.6183411427033008,0.6183411427033008,1,0
rolling5_matched,2833,2022-09-23,2022-10-10,-0.0060162941299352,2022,2021-12-31,learned_order_extension,20260910,0.874651105076492,0.874651105076492,1,0
rolling5_matched,2838,2022-09-30,2022-10-17,0.0041192047412885,2022,2021-12-31,learned_order_extension,20260910,0.5282382716691095,0.5282382716691095,1,1
rolling5_matched,2843,2022-10-14,2022-10-24,-0.0246766294110258,2022,2021-12-31,learned_order_extension,20260910,0.4664985715101701,0.4664985715101701,0,0
rolling5_matched,2848,2022-10-21,2022-10-31,-0.059928861134359,2022,2021-12-31,learned_order_extension,20260910,0.24993453950171218,0.24993453950171218,0,0
rolling5_matched,2853,2022-10-28,2022-11-07,0.071339502526744,2022,2021-12-31,learned_order_extension,20260910,0.2623691544598371,0.2623691544598371,0,1
rolling5_matched,2858,2022-11-04,2022-11-14,0.0169449090696014,2022,2021-12-31,learned_order_extension,20260910,0.4940487199445181,0.4940487199445181,0,1
rolling5_matched,2863,2022-11-11,2022-11-21,-0.0127051391515239,2022,2021-12-31,learned_order_extension,20260910,0.42408318659422245,0.42408318659422245,0,0
rolling5_matched,2868,2022-11-18,2022-11-28,-0.0179672806084416,2022,2021-12-31,learned_order_extension,20260910,0.185446118179322,0.185446118179322,0,0
rolling5_matched,2873,2022-11-25,2022-12-05,0.0555768659337096,2022,2021-12-31,learned_order_extension,20260910,0.5111422727517271,0.5111422727517271,1,1
rolling5_matched,2878,2022-12-02,2022-12-12,0.0175374394775362,2022,2021-12-31,learned_order_extension,20260910,0.17670459733073138,0.17670459733073138,0,1
rolling5_matched,2883,2022-12-09,2022-12-19,-0.0058850602464181,2022,2021-12-31,learned_order_extension,20260910,0.6336398469193819,0.6336398469193819,1,0
rolling5_matched,2888,2022-12-16,2022-12-26,-0.0309150292073658,2022,2021-12-31,learned_order_extension,20260910,0.7125138995955299,0.7125138995955299,1,0
rolling5_matched,2893,2022-12-23,2023-01-03,0.0089464492229616,2022,2021-12-31,learned_order_extension,20260910,0.7545527071384803,0.7545527071384803,1,1
rolling5_matched,2898,2022-12-30,2023-01-09,0.0345913414268119,2022,2021-12-31,learned_order_extension,20260910,0.17837398929379275,0.17837398929379275,0,1
rolling5_matched,2660,2022-01-07,2022-01-17,-0.0173453887283024,2022,2021-12-31,learned_order_offset,20260910,0.7047248161630314,0.7047248161630314,1,0
rolling5_matched,2665,2022-01-14,2022-01-24,0.0053248631776616,2022,2021-12-31,learned_order_offset,20260910,0.6524726559505855,0.6524726559505855,1,1
rolling5_matched,2670,2022-01-21,2022-02-07,-0.0242661876254222,2022,2021-12-31,learned_order_offset,20260910,0.8567242852085015,0.8567242852085015,1,0
rolling5_matched,2675,2022-01-28,2022-02-14,-0.0127539031341488,2022,2021-12-31,learned_order_offset,20260910,0.9548097159042774,0.9548097159042774,1,0
rolling5_matched,2680,2022-02-11,2022-02-21,0.0145498774954033,2022,2021-12-31,learned_order_offset,20260910,0.6775350446571039,0.6775350446571039,1,1
rolling5_matched,2685,2022-02-18,2022-02-28,-0.0177161244498015,2022,2021-12-31,learned_order_offset,20260910,0.6937129699895404,0.6937129699895404,1,0
rolling5_matched,2690,2022-02-25,2022-03-07,-0.0221791776043331,2022,2021-12-31,learned_order_offset,20260910,0.2958010116772381,0.2958010116772381,0,0
rolling5_matched,2695,2022-03-04,2022-03-14,-0.0480378799422749,2022,2021-12-31,learned_order_offset,20260910,0.1877703280288957,0.1877703280288957,0,0
rolling5_matched,2700,2022-03-11,2022-03-21,0.007530336734814,2022,2021-12-31,learned_order_offset,20260910,0.5786008449560534,0.5786008449560534,1,1
rolling5_matched,2705,2022-03-18,2022-03-28,-0.0353493110038457,2022,2021-12-31,learned_order_offset,20260910,0.44325182309434413,0.44325182309434413,0,0
rolling5_matched,2710,2022-03-25,2022-04-06,0.0314834190717003,2022,2021-12-31,learned_order_offset,20260910,0.1264506870144498,0.1264506870144498,0,1
rolling5_matched,2715,2022-04-01,2022-04-12,-0.0129237372705649,2022,2021-12-31,learned_order_offset,20260910,0.12875603051569626,0.12875603051569626,0,0
rolling5_matched,2718,2022-04-08,2022-04-18,-0.0120986062576864,2022,2021-12-31,learned_order_offset,20260910,0.6950995128333359,0.6950995128333359,1,0
rolling5_matched,2723,2022-04-15,2022-04-25,-0.0528494340140576,2022,2021-12-31,learned_order_offset,20260910,0.7236559324921136,0.7236559324921136,1,0
rolling5_matched,2728,2022-04-22,2022-05-05,0.015736821365468,2022,2021-12-31,learned_order_offset,20260910,0.7705858210306522,0.7705858210306522,1,1
rolling5_matched,2733,2022-04-29,2022-05-11,-0.0278824133054675,2022,2021-12-31,learned_order_offset,20260910,0.832877765051439,0.832877765051439,1,0
rolling5_matched,2735,2022-05-06,2022-05-16,0.033741423035827,2022,2021-12-31,learned_order_offset,20260910,0.4528225059482992,0.4528225059482992,0,1
rolling5_matched,2740,2022-05-13,2022-05-23,0.0164308841843088,2022,2021-12-31,learned_order_offset,20260910,0.2848872506913318,0.2848872506913318,0,1
rolling5_matched,2745,2022-05-20,2022-05-30,-0.0147293413085614,2022,2021-12-31,learned_order_offset,20260910,0.37372043047879916,0.37372043047879916,0,0
rolling5_matched,2750,2022-05-27,2022-06-13,0.0431748431927498,2022,2021-12-31,learned_order_offset,20260910,0.6192906459912332,0.6192906459912332,1,1
rolling5_matched,2759,2022-06-10,2022-06-20,0.0306046547112142,2022,2021-12-31,learned_order_offset,20260910,0.35833971107108714,0.35833971107108714,0,1
rolling5_matched,2764,2022-06-17,2022-06-27,0.0211666894141107,2022,2021-12-31,learned_order_offset,20260910,0.07554038131846626,0.07554038131846626,0,1
rolling5_matched,2769,2022-06-24,2022-07-04,0.0074507343130214,2022,2021-12-31,learned_order_offset,20260910,0.34776900365413665,0.34776900365413665,0,1
rolling5_matched,2774,2022-07-01,2022-07-11,-0.0092349827532707,2022,2021-12-31,learned_order_offset,20260910,0.4088845932615609,0.4088845932615609,0,0
rolling5_matched,2779,2022-07-08,2022-07-18,-0.0326815927737367,2022,2021-12-31,learned_order_offset,20260910,0.10997740501601667,0.10997740501601667,0,0
rolling5_matched,2784,2022-07-15,2022-07-25,-0.0066210715249344,2022,2021-12-31,learned_order_offset,20260910,0.44428473467091917,0.44428473467091917,0,0
rolling5_matched,2789,2022-07-22,2022-08-01,-0.0173077967751003,2022,2021-12-31,learned_order_offset,20260910,0.9120944508387069,0.9120944508387069,1,0
rolling5_matched,2794,2022-07-29,2022-08-08,-0.004456034513838,2022,2021-12-31,learned_order_offset,20260910,0.7248979609110742,0.7248979609110742,1,0
rolling5_matched,2799,2022-08-05,2022-08-15,0.0091475117753996,2022,2021-12-31,learned_order_offset,20260910,0.8612204598256593,0.8612204598256593,1,1
rolling5_matched,2804,2022-08-12,2022-08-22,-0.0107272727272728,2022,2021-12-31,learned_order_offset,20260910,0.2549777941506703,0.2549777941506703,0,0
rolling5_matched,2809,2022-08-19,2022-08-29,-0.0172375434082356,2022,2021-12-31,learned_order_offset,20260910,0.9488660804708909,0.9488660804708909,1,0
rolling5_matched,2814,2022-08-26,2022-09-05,-0.0131573766941938,2022,2021-12-31,learned_order_offset,20260910,0.7129886653735793,0.7129886653735793,1,0
rolling5_matched,2819,2022-09-02,2022-09-13,0.0253340680878015,2022,2021-12-31,learned_order_offset,20260910,0.8677434586554089,0.8677434586554089,1,1
rolling5_matched,2824,2022-09-09,2022-09-19,-0.044647264962877,2022,2021-12-31,learned_order_offset,20260910,0.6280895357446413,0.6280895357446413,1,0
rolling5_matched,2828,2022-09-16,2022-09-26,-0.025155151434928,2022,2021-12-31,learned_order_offset,20260910,0.6201015833067636,0.6201015833067636,1,0
rolling5_matched,2833,2022-09-23,2022-10-10,-0.0060162941299352,2022,2021-12-31,learned_order_offset,20260910,0.8733529268330107,0.8733529268330107,1,0
rolling5_matched,2838,2022-09-30,2022-10-17,0.0041192047412885,2022,2021-12-31,learned_order_offset,20260910,0.5307491013704996,0.5307491013704996,1,1
rolling5_matched,2843,2022-10-14,2022-10-24,-0.0246766294110258,2022,2021-12-31,learned_order_offset,20260910,0.46463458190060536,0.46463458190060536,0,0
rolling5_matched,2848,2022-10-21,2022-10-31,-0.059928861134359,2022,2021-12-31,learned_order_offset,20260910,0.2530305717659001,0.2530305717659001,0,0
rolling5_matched,2853,2022-10-28,2022-11-07,0.071339502526744,2022,2021-12-31,learned_order_offset,20260910,0.2645552658630756,0.2645552658630756,0,1
rolling5_matched,2858,2022-11-04,2022-11-14,0.0169449090696014,2022,2021-12-31,learned_order_offset,20260910,0.4939716066011503,0.4939716066011503,0,1
rolling5_matched,2863,2022-11-11,2022-11-21,-0.0127051391515239,2022,2021-12-31,learned_order_offset,20260910,0.42421101793431837,0.42421101793431837,0,0
rolling5_matched,2868,2022-11-18,2022-11-28,-0.0179672806084416,2022,2021-12-31,learned_order_offset,20260910,0.18551215123789638,0.18551215123789638,0,0
rolling5_matched,2873,2022-11-25,2022-12-05,0.0555768659337096,2022,2021-12-31,learned_order_offset,20260910,0.5105228198066478,0.5105228198066478,1,1
rolling5_matched,2878,2022-12-02,2022-12-12,0.0175374394775362,2022,2021-12-31,learned_order_offset,20260910,0.17788987287363128,0.17788987287363128,0,1
rolling5_matched,2883,2022-12-09,2022-12-19,-0.0058850602464181,2022,2021-12-31,learned_order_offset,20260910,0.6342184616401235,0.6342184616401235,1,0
rolling5_matched,2888,2022-12-16,2022-12-26,-0.0309150292073658,2022,2021-12-31,learned_order_offset,20260910,0.7116489417318396,0.7116489417318396,1,0
rolling5_matched,2893,2022-12-23,2023-01-03,0.0089464492229616,2022,2021-12-31,learned_order_offset,20260910,0.7535863361503784,0.7535863361503784,1,1
rolling5_matched,2898,2022-12-30,2023-01-09,0.0345913414268119,2022,2021-12-31,learned_order_offset,20260910,0.17909409976298388,0.17909409976298388,0,1
rolling5_matched,2660,2022-01-07,2022-01-17,-0.0173453887283024,2022,2021-12-31,native_mse,20260910,0.008167779702760726,,1,0
rolling5_matched,2665,2022-01-14,2022-01-24,0.0053248631776616,2022,2021-12-31,native_mse,20260910,0.003757435056828047,,1,1
rolling5_matched,2670,2022-01-21,2022-02-07,-0.0242661876254222,2022,2021-12-31,native_mse,20260910,0.018646739979142502,,1,0
rolling5_matched,2675,2022-01-28,2022-02-14,-0.0127539031341488,2022,2021-12-31,native_mse,20260910,0.022450691455888995,,1,0
rolling5_matched,2680,2022-02-11,2022-02-21,0.0145498774954033,2022,2021-12-31,native_mse,20260910,0.001791475017627301,,1,1
rolling5_matched,2685,2022-02-18,2022-02-28,-0.0177161244498015,2022,2021-12-31,native_mse,20260910,0.0008521141697268957,,1,0
rolling5_matched,2690,2022-02-25,2022-03-07,-0.0221791776043331,2022,2021-12-31,native_mse,20260910,-0.011160695330554473,,0,0
rolling5_matched,2695,2022-03-04,2022-03-14,-0.0480378799422749,2022,2021-12-31,native_mse,20260910,-0.0186138100010333,,0,0
rolling5_matched,2700,2022-03-11,2022-03-21,0.007530336734814,2022,2021-12-31,native_mse,20260910,-0.0017816170508315535,,0,1
rolling5_matched,2705,2022-03-18,2022-03-28,-0.0353493110038457,2022,2021-12-31,native_mse,20260910,-0.01093766513339027,,0,0
rolling5_matched,2710,2022-03-25,2022-04-06,0.0314834190717003,2022,2021-12-31,native_mse,20260910,-0.03194666973152621,,0,1
rolling5_matched,2715,2022-04-01,2022-04-12,-0.0129237372705649,2022,2021-12-31,native_mse,20260910,-0.03274637291112758,,0,0
rolling5_matched,2718,2022-04-08,2022-04-18,-0.0120986062576864,2022,2021-12-31,native_mse,20260910,0.007010851986743755,,1,0
rolling5_matched,2723,2022-04-15,2022-04-25,-0.0528494340140576,2022,2021-12-31,native_mse,20260910,0.002323648933887257,,1,0
rolling5_matched,2728,2022-04-22,2022-05-05,0.015736821365468,2022,2021-12-31,native_mse,20260910,0.0014854026460443322,,1,1
rolling5_matched,2733,2022-04-29,2022-05-11,-0.0278824133054675,2022,2021-12-31,native_mse,20260910,0.011634112362358845,,1,0
rolling5_matched,2735,2022-05-06,2022-05-16,0.033741423035827,2022,2021-12-31,native_mse,20260910,-0.01159035406267573,,0,1
rolling5_matched,2740,2022-05-13,2022-05-23,0.0164308841843088,2022,2021-12-31,native_mse,20260910,-0.02130327340031604,,0,1
rolling5_matched,2745,2022-05-20,2022-05-30,-0.0147293413085614,2022,2021-12-31,native_mse,20260910,-0.010026777490980049,,0,0
rolling5_matched,2750,2022-05-27,2022-06-13,0.0431748431927498,2022,2021-12-31,native_mse,20260910,0.00328482927481839,,1,1
rolling5_matched,2759,2022-06-10,2022-06-20,0.0306046547112142,2022,2021-12-31,native_mse,20260910,-0.0068247386185692534,,0,1
rolling5_matched,2764,2022-06-17,2022-06-27,0.0211666894141107,2022,2021-12-31,native_mse,20260910,-0.030160637483242617,,0,1
rolling5_matched,2769,2022-06-24,2022-07-04,0.0074507343130214,2022,2021-12-31,native_mse,20260910,-0.009696336498211085,,0,1
rolling5_matched,2774,2022-07-01,2022-07-11,-0.0092349827532707,2022,2021-12-31,native_mse,20260910,-0.0053749645884908995,,0,0
rolling5_matched,2779,2022-07-08,2022-07-18,-0.0326815927737367,2022,2021-12-31,native_mse,20260910,-0.023206689532156908,,0,0
rolling5_matched,2784,2022-07-15,2022-07-25,-0.0066210715249344,2022,2021-12-31,native_mse,20260910,-0.001878403307801856,,0,0
rolling5_matched,2789,2022-07-22,2022-08-01,-0.0173077967751003,2022,2021-12-31,native_mse,20260910,0.023138145427283006,,1,0
rolling5_matched,2794,2022-07-29,2022-08-08,-0.004456034513838,2022,2021-12-31,native_mse,20260910,0.012334813861628066,,1,0
rolling5_matched,2799,2022-08-05,2022-08-15,0.0091475117753996,2022,2021-12-31,native_mse,20260910,0.018593618922780962,,1,1
rolling5_matched,2804,2022-08-12,2022-08-22,-0.0107272727272728,2022,2021-12-31,native_mse,20260910,-0.009761342437491253,,0,0
rolling5_matched,2809,2022-08-19,2022-08-29,-0.0172375434082356,2022,2021-12-31,native_mse,20260910,0.023892181586717774,,1,0
rolling5_matched,2814,2022-08-26,2022-09-05,-0.0131573766941938,2022,2021-12-31,native_mse,20260910,0.006491789832579132,,1,0
rolling5_matched,2819,2022-09-02,2022-09-13,0.0253340680878015,2022,2021-12-31,native_mse,20260910,0.014763620876431916,,1,1
rolling5_matched,2824,2022-09-09,2022-09-19,-0.044647264962877,2022,2021-12-31,native_mse,20260910,0.001126269076780771,,1,0
rolling5_matched,2828,2022-09-16,2022-09-26,-0.025155151434928,2022,2021-12-31,native_mse,20260910,-0.0009953664096529176,,0,0
rolling5_matched,2833,2022-09-23,2022-10-10,-0.0060162941299352,2022,2021-12-31,native_mse,20260910,0.016734519442230804,,1,0
rolling5_matched,2838,2022-09-30,2022-10-17,0.0041192047412885,2022,2021-12-31,native_mse,20260910,-0.0018115485907697826,,0,1
rolling5_matched,2843,2022-10-14,2022-10-24,-0.0246766294110258,2022,2021-12-31,native_mse,20260910,-0.0035643920457054134,,0,0
rolling5_matched,2848,2022-10-21,2022-10-31,-0.059928861134359,2022,2021-12-31,native_mse,20260910,-0.020742010991171653,,0,0
rolling5_matched,2853,2022-10-28,2022-11-07,0.071339502526744,2022,2021-12-31,native_mse,20260910,-0.014904020973610974,,0,1
rolling5_matched,2858,2022-11-04,2022-11-14,0.0169449090696014,2022,2021-12-31,native_mse,20260910,-0.007688308517162762,,0,1
rolling5_matched,2863,2022-11-11,2022-11-21,-0.0127051391515239,2022,2021-12-31,native_mse,20260910,-0.011231843402206511,,0,0
rolling5_matched,2868,2022-11-18,2022-11-28,-0.0179672806084416,2022,2021-12-31,native_mse,20260910,-0.027147700994590525,,0,0
rolling5_matched,2873,2022-11-25,2022-12-05,0.0555768659337096,2022,2021-12-31,native_mse,20260910,-0.008758008541837314,,0,1
rolling5_matched,2878,2022-12-02,2022-12-12,0.0175374394775362,2022,2021-12-31,native_mse,20260910,-0.02578236184749763,,0,1
rolling5_matched,2883,2022-12-09,2022-12-19,-0.0058850602464181,2022,2021-12-31,native_mse,20260910,0.005311364265912187,,1,0
rolling5_matched,2888,2022-12-16,2022-12-26,-0.0309150292073658,2022,2021-12-31,native_mse,20260910,0.008561584913618922,,1,0
rolling5_matched,2893,2022-12-23,2023-01-03,0.0089464492229616,2022,2021-12-31,native_mse,20260910,0.009854218972825604,,1,1
rolling5_matched,2898,2022-12-30,2023-01-09,0.0345913414268119,2022,2021-12-31,native_mse,20260910,-0.015612200242831133,,0,1
rolling5_matched,2660,2022-01-07,2022-01-17,-0.0173453887283024,2022,2021-12-31,training_frequency,-1,0.5458298926507019,0.5458298926507019,1,0
rolling5_matched,2665,2022-01-14,2022-01-24,0.0053248631776616,2022,2021-12-31,training_frequency,-1,0.5458298926507019,0.5458298926507019,1,1
rolling5_matched,2670,2022-01-21,2022-02-07,-0.0242661876254222,2022,2021-12-31,training_frequency,-1,0.5458298926507019,0.5458298926507019,1,0
rolling5_matched,2675,2022-01-28,2022-02-14,-0.0127539031341488,2022,2021-12-31,training_frequency,-1,0.5458298926507019,0.5458298926507019,1,0
rolling5_matched,2680,2022-02-11,2022-02-21,0.0145498774954033,2022,2021-12-31,training_frequency,-1,0.5458298926507019,0.5458298926507019,1,1
rolling5_matched,2685,2022-02-18,2022-02-28,-0.0177161244498015,2022,2021-12-31,training_frequency,-1,0.5458298926507019,0.5458298926507019,1,0
rolling5_matched,2690,2022-02-25,2022-03-07,-0.0221791776043331,2022,2021-12-31,training_frequency,-1,0.5458298926507019,0.5458298926507019,1,0
rolling5_matched,2695,2022-03-04,2022-03-14,-0.0480378799422749,2022,2021-12-31,training_frequency,-1,0.5458298926507019,0.5458298926507019,1,0
rolling5_matched,2700,2022-03-11,2022-03-21,0.007530336734814,2022,2021-12-31,training_frequency,-1,0.5458298926507019,0.5458298926507019,1,1
rolling5_matched,2705,2022-03-18,2022-03-28,-0.0353493110038457,2022,2021-12-31,training_frequency,-1,0.5458298926507019,0.5458298926507019,1,0
rolling5_matched,2710,2022-03-25,2022-04-06,0.0314834190717003,2022,2021-12-31,training_frequency,-1,0.5458298926507019,0.5458298926507019,1,1
rolling5_matched,2715,2022-04-01,2022-04-12,-0.0129237372705649,2022,2021-12-31,training_frequency,-1,0.5458298926507019,0.5458298926507019,1,0
rolling5_matched,2718,2022-04-08,2022-04-18,-0.0120986062576864,2022,2021-12-31,training_frequency,-1,0.5458298926507019,0.5458298926507019,1,0
rolling5_matched,2723,2022-04-15,2022-04-25,-0.0528494340140576,2022,2021-12-31,training_frequency,-1,0.5458298926507019,0.5458298926507019,1,0
rolling5_matched,2728,2022-04-22,2022-05-05,0.015736821365468,2022,2021-12-31,training_frequency,-1,0.5458298926507019,0.5458298926507019,1,1
rolling5_matched,2733,2022-04-29,2022-05-11,-0.0278824133054675,2022,2021-12-31,training_frequency,-1,0.5458298926507019,0.5458298926507019,1,0
rolling5_matched,2735,2022-05-06,2022-05-16,0.033741423035827,2022,2021-12-31,training_frequency,-1,0.5458298926507019,0.5458298926507019,1,1
rolling5_matched,2740,2022-05-13,2022-05-23,0.0164308841843088,2022,2021-12-31,training_frequency,-1,0.5458298926507019,0.5458298926507019,1,1
rolling5_matched,2745,2022-05-20,2022-05-30,-0.0147293413085614,2022,2021-12-31,training_frequency,-1,0.5458298926507019,0.5458298926507019,1,0
rolling5_matched,2750,2022-05-27,2022-06-13,0.0431748431927498,2022,2021-12-31,training_frequency,-1,0.5458298926507019,0.5458298926507019,1,1
rolling5_matched,2759,2022-06-10,2022-06-20,0.0306046547112142,2022,2021-12-31,training_frequency,-1,0.5458298926507019,0.5458298926507019,1,1
rolling5_matched,2764,2022-06-17,2022-06-27,0.0211666894141107,2022,2021-12-31,training_frequency,-1,0.5458298926507019,0.5458298926507019,1,1
rolling5_matched,2769,2022-06-24,2022-07-04,0.0074507343130214,2022,2021-12-31,training_frequency,-1,0.5458298926507019,0.5458298926507019,1,1
rolling5_matched,2774,2022-07-01,2022-07-11,-0.0092349827532707,2022,2021-12-31,training_frequency,-1,0.5458298926507019,0.5458298926507019,1,0
rolling5_matched,2779,2022-07-08,2022-07-18,-0.0326815927737367,2022,2021-12-31,training_frequency,-1,0.5458298926507019,0.5458298926507019,1,0
rolling5_matched,2784,2022-07-15,2022-07-25,-0.0066210715249344,2022,2021-12-31,training_frequency,-1,0.5458298926507019,0.5458298926507019,1,0
rolling5_matched,2789,2022-07-22,2022-08-01,-0.0173077967751003,2022,2021-12-31,training_frequency,-1,0.5458298926507019,0.5458298926507019,1,0
rolling5_matched,2794,2022-07-29,2022-08-08,-0.004456034513838,2022,2021-12-31,training_frequency,-1,0.5458298926507019,0.5458298926507019,1,0
rolling5_matched,2799,2022-08-05,2022-08-15,0.0091475117753996,2022,2021-12-31,training_frequency,-1,0.5458298926507019,0.5458298926507019,1,1
rolling5_matched,2804,2022-08-12,2022-08-22,-0.0107272727272728,2022,2021-12-31,training_frequency,-1,0.5458298926507019,0.5458298926507019,1,0
rolling5_matched,2809,2022-08-19,2022-08-29,-0.0172375434082356,2022,2021-12-31,training_frequency,-1,0.5458298926507019,0.5458298926507019,1,0
rolling5_matched,2814,2022-08-26,2022-09-05,-0.0131573766941938,2022,2021-12-31,training_frequency,-1,0.5458298926507019,0.5458298926507019,1,0
rolling5_matched,2819,2022-09-02,2022-09-13,0.0253340680878015,2022,2021-12-31,training_frequency,-1,0.5458298926507019,0.5458298926507019,1,1
rolling5_matched,2824,2022-09-09,2022-09-19,-0.044647264962877,2022,2021-12-31,training_frequency,-1,0.5458298926507019,0.5458298926507019,1,0
rolling5_matched,2828,2022-09-16,2022-09-26,-0.025155151434928,2022,2021-12-31,training_frequency,-1,0.5458298926507019,0.5458298926507019,1,0
rolling5_matched,2833,2022-09-23,2022-10-10,-0.0060162941299352,2022,2021-12-31,training_frequency,-1,0.5458298926507019,0.5458298926507019,1,0
rolling5_matched,2838,2022-09-30,2022-10-17,0.0041192047412885,2022,2021-12-31,training_frequency,-1,0.5458298926507019,0.5458298926507019,1,1
rolling5_matched,2843,2022-10-14,2022-10-24,-0.0246766294110258,2022,2021-12-31,training_frequency,-1,0.5458298926507019,0.5458298926507019,1,0
rolling5_matched,2848,2022-10-21,2022-10-31,-0.059928861134359,2022,2021-12-31,training_frequency,-1,0.5458298926507019,0.5458298926507019,1,0
rolling5_matched,2853,2022-10-28,2022-11-07,0.071339502526744,2022,2021-12-31,training_frequency,-1,0.5458298926507019,0.5458298926507019,1,1
rolling5_matched,2858,2022-11-04,2022-11-14,0.0169449090696014,2022,2021-12-31,training_frequency,-1,0.5458298926507019,0.5458298926507019,1,1
rolling5_matched,2863,2022-11-11,2022-11-21,-0.0127051391515239,2022,2021-12-31,training_frequency,-1,0.5458298926507019,0.5458298926507019,1,0
rolling5_matched,2868,2022-11-18,2022-11-28,-0.0179672806084416,2022,2021-12-31,training_frequency,-1,0.5458298926507019,0.5458298926507019,1,0
rolling5_matched,2873,2022-11-25,2022-12-05,0.0555768659337096,2022,2021-12-31,training_frequency,-1,0.5458298926507019,0.5458298926507019,1,1
rolling5_matched,2878,2022-12-02,2022-12-12,0.0175374394775362,2022,2021-12-31,training_frequency,-1,0.5458298926507019,0.5458298926507019,1,1
rolling5_matched,2883,2022-12-09,2022-12-19,-0.0058850602464181,2022,2021-12-31,training_frequency,-1,0.5458298926507019,0.5458298926507019,1,0
rolling5_matched,2888,2022-12-16,2022-12-26,-0.0309150292073658,2022,2021-12-31,training_frequency,-1,0.5458298926507019,0.5458298926507019,1,0
rolling5_matched,2893,2022-12-23,2023-01-03,0.0089464492229616,2022,2021-12-31,training_frequency,-1,0.5458298926507019,0.5458298926507019,1,1
rolling5_matched,2898,2022-12-30,2023-01-09,0.0345913414268119,2022,2021-12-31,training_frequency,-1,0.5458298926507019,0.5458298926507019,1,1
rolling5_matched,2660,2022-01-07,2022-01-17,-0.0173453887283024,2022,2021-12-31,learned_market,20260911,0.5330810345185255,0.5330810345185255,1,0
rolling5_matched,2665,2022-01-14,2022-01-24,0.0053248631776616,2022,2021-12-31,learned_market,20260911,0.4275720457290508,0.4275720457290508,0,1
rolling5_matched,2670,2022-01-21,2022-02-07,-0.0242661876254222,2022,2021-12-31,learned_market,20260911,0.9626099763986543,0.9626099763986543,1,0
rolling5_matched,2675,2022-01-28,2022-02-14,-0.0127539031341488,2022,2021-12-31,learned_market,20260911,0.5193180174118112,0.5193180174118112,1,0
rolling5_matched,2680,2022-02-11,2022-02-21,0.0145498774954033,2022,2021-12-31,learned_market,20260911,0.5767837889862634,0.5767837889862634,1,1
rolling5_matched,2685,2022-02-18,2022-02-28,-0.0177161244498015,2022,2021-12-31,learned_market,20260911,0.883778608556655,0.883778608556655,1,0
rolling5_matched,2690,2022-02-25,2022-03-07,-0.0221791776043331,2022,2021-12-31,learned_market,20260911,0.8661027353543828,0.8661027353543828,1,0
rolling5_matched,2695,2022-03-04,2022-03-14,-0.0480378799422749,2022,2021-12-31,learned_market,20260911,0.8792989897456176,0.8792989897456176,1,0
rolling5_matched,2700,2022-03-11,2022-03-21,0.007530336734814,2022,2021-12-31,learned_market,20260911,0.7959195786488578,0.7959195786488578,1,1
rolling5_matched,2705,2022-03-18,2022-03-28,-0.0353493110038457,2022,2021-12-31,learned_market,20260911,0.7605182630134947,0.7605182630134947,1,0
rolling5_matched,2710,2022-03-25,2022-04-06,0.0314834190717003,2022,2021-12-31,learned_market,20260911,0.9790887072212039,0.9790887072212039,1,1
rolling5_matched,2715,2022-04-01,2022-04-12,-0.0129237372705649,2022,2021-12-31,learned_market,20260911,0.9819119892108744,0.9819119892108744,1,0
rolling5_matched,2718,2022-04-08,2022-04-18,-0.0120986062576864,2022,2021-12-31,learned_market,20260911,0.8042007714081806,0.8042007714081806,1,0
rolling5_matched,2723,2022-04-15,2022-04-25,-0.0528494340140576,2022,2021-12-31,learned_market,20260911,0.849959558560324,0.849959558560324,1,0
rolling5_matched,2728,2022-04-22,2022-05-05,0.015736821365468,2022,2021-12-31,learned_market,20260911,0.8934553007858147,0.8934553007858147,1,1
rolling5_matched,2733,2022-04-29,2022-05-11,-0.0278824133054675,2022,2021-12-31,learned_market,20260911,0.820030221530377,0.820030221530377,1,0
rolling5_matched,2735,2022-05-06,2022-05-16,0.033741423035827,2022,2021-12-31,learned_market,20260911,0.7651760587865497,0.7651760587865497,1,1
rolling5_matched,2740,2022-05-13,2022-05-23,0.0164308841843088,2022,2021-12-31,learned_market,20260911,0.587986620792247,0.587986620792247,1,1
rolling5_matched,2745,2022-05-20,2022-05-30,-0.0147293413085614,2022,2021-12-31,learned_market,20260911,0.41995435580742424,0.41995435580742424,0,0
rolling5_matched,2750,2022-05-27,2022-06-13,0.0431748431927498,2022,2021-12-31,learned_market,20260911,0.31197727816190746,0.31197727816190746,0,1
rolling5_matched,2759,2022-06-10,2022-06-20,0.0306046547112142,2022,2021-12-31,learned_market,20260911,0.8771891428466495,0.8771891428466495,1,1
rolling5_matched,2764,2022-06-17,2022-06-27,0.0211666894141107,2022,2021-12-31,learned_market,20260911,0.523223736181446,0.523223736181446,1,1
rolling5_matched,2769,2022-06-24,2022-07-04,0.0074507343130214,2022,2021-12-31,learned_market,20260911,0.4143144763158649,0.4143144763158649,0,1
rolling5_matched,2774,2022-07-01,2022-07-11,-0.0092349827532707,2022,2021-12-31,learned_market,20260911,0.42544229049063265,0.42544229049063265,0,0
rolling5_matched,2779,2022-07-08,2022-07-18,-0.0326815927737367,2022,2021-12-31,learned_market,20260911,0.6439645742418753,0.6439645742418753,1,0
rolling5_matched,2784,2022-07-15,2022-07-25,-0.0066210715249344,2022,2021-12-31,learned_market,20260911,0.4643611362551994,0.4643611362551994,0,0
rolling5_matched,2789,2022-07-22,2022-08-01,-0.0173077967751003,2022,2021-12-31,learned_market,20260911,0.3538569527383456,0.3538569527383456,0,0
rolling5_matched,2794,2022-07-29,2022-08-08,-0.004456034513838,2022,2021-12-31,learned_market,20260911,0.42726344497921986,0.42726344497921986,0,0
rolling5_matched,2799,2022-08-05,2022-08-15,0.0091475117753996,2022,2021-12-31,learned_market,20260911,0.8864088185650106,0.8864088185650106,1,1
rolling5_matched,2804,2022-08-12,2022-08-22,-0.0107272727272728,2022,2021-12-31,learned_market,20260911,0.8636167298613052,0.8636167298613052,1,0
rolling5_matched,2809,2022-08-19,2022-08-29,-0.0172375434082356,2022,2021-12-31,learned_market,20260911,0.3044408013187273,0.3044408013187273,0,0
rolling5_matched,2814,2022-08-26,2022-09-05,-0.0131573766941938,2022,2021-12-31,learned_market,20260911,0.8514707334680804,0.8514707334680804,1,0
rolling5_matched,2819,2022-09-02,2022-09-13,0.0253340680878015,2022,2021-12-31,learned_market,20260911,0.7806106449293287,0.7806106449293287,1,1
rolling5_matched,2824,2022-09-09,2022-09-19,-0.044647264962877,2022,2021-12-31,learned_market,20260911,0.6214102619445108,0.6214102619445108,1,0
rolling5_matched,2828,2022-09-16,2022-09-26,-0.025155151434928,2022,2021-12-31,learned_market,20260911,0.39039350880449464,0.39039350880449464,0,0
rolling5_matched,2833,2022-09-23,2022-10-10,-0.0060162941299352,2022,2021-12-31,learned_market,20260911,0.8937636696497443,0.8937636696497443,1,0
rolling5_matched,2838,2022-09-30,2022-10-17,0.0041192047412885,2022,2021-12-31,learned_market,20260911,0.8753246865348893,0.8753246865348893,1,1
rolling5_matched,2843,2022-10-14,2022-10-24,-0.0246766294110258,2022,2021-12-31,learned_market,20260911,0.8974438423137998,0.8974438423137998,1,0
rolling5_matched,2848,2022-10-21,2022-10-31,-0.059928861134359,2022,2021-12-31,learned_market,20260911,0.45221815064537485,0.45221815064537485,0,0
rolling5_matched,2853,2022-10-28,2022-11-07,0.071339502526744,2022,2021-12-31,learned_market,20260911,0.14321226053450206,0.14321226053450206,0,1
rolling5_matched,2858,2022-11-04,2022-11-14,0.0169449090696014,2022,2021-12-31,learned_market,20260911,0.11054979208692416,0.11054979208692416,0,1
rolling5_matched,2863,2022-11-11,2022-11-21,-0.0127051391515239,2022,2021-12-31,learned_market,20260911,0.10406357035086276,0.10406357035086276,0,0
rolling5_matched,2868,2022-11-18,2022-11-28,-0.0179672806084416,2022,2021-12-31,learned_market,20260911,0.16178117416737542,0.16178117416737542,0,0
rolling5_matched,2873,2022-11-25,2022-12-05,0.0555768659337096,2022,2021-12-31,learned_market,20260911,0.3506061127111437,0.3506061127111437,0,1
rolling5_matched,2878,2022-12-02,2022-12-12,0.0175374394775362,2022,2021-12-31,learned_market,20260911,0.4768754578742127,0.4768754578742127,0,1
rolling5_matched,2883,2022-12-09,2022-12-19,-0.0058850602464181,2022,2021-12-31,learned_market,20260911,0.6629042858422122,0.6629042858422122,1,0
rolling5_matched,2888,2022-12-16,2022-12-26,-0.0309150292073658,2022,2021-12-31,learned_market,20260911,0.7361664337839722,0.7361664337839722,1,0
rolling5_matched,2893,2022-12-23,2023-01-03,0.0089464492229616,2022,2021-12-31,learned_market,20260911,0.96372095822956,0.96372095822956,1,1
rolling5_matched,2898,2022-12-30,2023-01-09,0.0345913414268119,2022,2021-12-31,learned_market,20260911,0.8328318733365532,0.8328318733365532,1,1
rolling5_matched,2660,2022-01-07,2022-01-17,-0.0173453887283024,2022,2021-12-31,learned_vol_interaction,20260911,0.5354917695844322,0.5354917695844322,1,0
rolling5_matched,2665,2022-01-14,2022-01-24,0.0053248631776616,2022,2021-12-31,learned_vol_interaction,20260911,0.42956488172700935,0.42956488172700935,0,1
rolling5_matched,2670,2022-01-21,2022-02-07,-0.0242661876254222,2022,2021-12-31,learned_vol_interaction,20260911,0.961049119478527,0.961049119478527,1,0
rolling5_matched,2675,2022-01-28,2022-02-14,-0.0127539031341488,2022,2021-12-31,learned_vol_interaction,20260911,0.5143077345551238,0.5143077345551238,1,0
rolling5_matched,2680,2022-02-11,2022-02-21,0.0145498774954033,2022,2021-12-31,learned_vol_interaction,20260911,0.5758567826280925,0.5758567826280925,1,1
rolling5_matched,2685,2022-02-18,2022-02-28,-0.0177161244498015,2022,2021-12-31,learned_vol_interaction,20260911,0.8821229204265217,0.8821229204265217,1,0
rolling5_matched,2690,2022-02-25,2022-03-07,-0.0221791776043331,2022,2021-12-31,learned_vol_interaction,20260911,0.8668486888991872,0.8668486888991872,1,0
rolling5_matched,2695,2022-03-04,2022-03-14,-0.0480378799422749,2022,2021-12-31,learned_vol_interaction,20260911,0.8752336147103008,0.8752336147103008,1,0
rolling5_matched,2700,2022-03-11,2022-03-21,0.007530336734814,2022,2021-12-31,learned_vol_interaction,20260911,0.7938028006344027,0.7938028006344027,1,1
rolling5_matched,2705,2022-03-18,2022-03-28,-0.0353493110038457,2022,2021-12-31,learned_vol_interaction,20260911,0.7657774166240864,0.7657774166240864,1,0
rolling5_matched,2710,2022-03-25,2022-04-06,0.0314834190717003,2022,2021-12-31,learned_vol_interaction,20260911,0.9822426191865183,0.9822426191865183,1,1
rolling5_matched,2715,2022-04-01,2022-04-12,-0.0129237372705649,2022,2021-12-31,learned_vol_interaction,20260911,0.985449306735146,0.985449306735146,1,0
rolling5_matched,2718,2022-04-08,2022-04-18,-0.0120986062576864,2022,2021-12-31,learned_vol_interaction,20260911,0.8080032755923559,0.8080032755923559,1,0
rolling5_matched,2723,2022-04-15,2022-04-25,-0.0528494340140576,2022,2021-12-31,learned_vol_interaction,20260911,0.8503875393837889,0.8503875393837889,1,0
rolling5_matched,2728,2022-04-22,2022-05-05,0.015736821365468,2022,2021-12-31,learned_vol_interaction,20260911,0.8972831080305498,0.8972831080305498,1,1
rolling5_matched,2733,2022-04-29,2022-05-11,-0.0278824133054675,2022,2021-12-31,learned_vol_interaction,20260911,0.8282547525598274,0.8282547525598274,1,0
rolling5_matched,2735,2022-05-06,2022-05-16,0.033741423035827,2022,2021-12-31,learned_vol_interaction,20260911,0.771789004160181,0.771789004160181,1,1
rolling5_matched,2740,2022-05-13,2022-05-23,0.0164308841843088,2022,2021-12-31,learned_vol_interaction,20260911,0.5833597712188348,0.5833597712188348,1,1
rolling5_matched,2745,2022-05-20,2022-05-30,-0.0147293413085614,2022,2021-12-31,learned_vol_interaction,20260911,0.4054534381785526,0.4054534381785526,0,0
rolling5_matched,2750,2022-05-27,2022-06-13,0.0431748431927498,2022,2021-12-31,learned_vol_interaction,20260911,0.3066539170518767,0.3066539170518767,0,1
rolling5_matched,2759,2022-06-10,2022-06-20,0.0306046547112142,2022,2021-12-31,learned_vol_interaction,20260911,0.877128362222531,0.877128362222531,1,1
rolling5_matched,2764,2022-06-17,2022-06-27,0.0211666894141107,2022,2021-12-31,learned_vol_interaction,20260911,0.5258400269972415,0.5258400269972415,1,1
rolling5_matched,2769,2022-06-24,2022-07-04,0.0074507343130214,2022,2021-12-31,learned_vol_interaction,20260911,0.42196619708926053,0.42196619708926053,0,1
rolling5_matched,2774,2022-07-01,2022-07-11,-0.0092349827532707,2022,2021-12-31,learned_vol_interaction,20260911,0.4274590402086384,0.4274590402086384,0,0
rolling5_matched,2779,2022-07-08,2022-07-18,-0.0326815927737367,2022,2021-12-31,learned_vol_interaction,20260911,0.643005414386061,0.643005414386061,1,0
rolling5_matched,2784,2022-07-15,2022-07-25,-0.0066210715249344,2022,2021-12-31,learned_vol_interaction,20260911,0.46322154752191075,0.46322154752191075,0,0
rolling5_matched,2789,2022-07-22,2022-08-01,-0.0173077967751003,2022,2021-12-31,learned_vol_interaction,20260911,0.3539627987624146,0.3539627987624146,0,0
rolling5_matched,2794,2022-07-29,2022-08-08,-0.004456034513838,2022,2021-12-31,learned_vol_interaction,20260911,0.43421066037781925,0.43421066037781925,0,0
rolling5_matched,2799,2022-08-05,2022-08-15,0.0091475117753996,2022,2021-12-31,learned_vol_interaction,20260911,0.8848830409057182,0.8848830409057182,1,1
rolling5_matched,2804,2022-08-12,2022-08-22,-0.0107272727272728,2022,2021-12-31,learned_vol_interaction,20260911,0.8620598934632707,0.8620598934632707,1,0
rolling5_matched,2809,2022-08-19,2022-08-29,-0.0172375434082356,2022,2021-12-31,learned_vol_interaction,20260911,0.3082801019537155,0.3082801019537155,0,0
rolling5_matched,2814,2022-08-26,2022-09-05,-0.0131573766941938,2022,2021-12-31,learned_vol_interaction,20260911,0.8513052804960539,0.8513052804960539,1,0
rolling5_matched,2819,2022-09-02,2022-09-13,0.0253340680878015,2022,2021-12-31,learned_vol_interaction,20260911,0.7803922738165968,0.7803922738165968,1,1
rolling5_matched,2824,2022-09-09,2022-09-19,-0.044647264962877,2022,2021-12-31,learned_vol_interaction,20260911,0.6211865571249189,0.6211865571249189,1,0
rolling5_matched,2828,2022-09-16,2022-09-26,-0.025155151434928,2022,2021-12-31,learned_vol_interaction,20260911,0.3940674680567787,0.3940674680567787,0,0
rolling5_matched,2833,2022-09-23,2022-10-10,-0.0060162941299352,2022,2021-12-31,learned_vol_interaction,20260911,0.8908059289127983,0.8908059289127983,1,0
rolling5_matched,2838,2022-09-30,2022-10-17,0.0041192047412885,2022,2021-12-31,learned_vol_interaction,20260911,0.8734064054006477,0.8734064054006477,1,1
rolling5_matched,2843,2022-10-14,2022-10-24,-0.0246766294110258,2022,2021-12-31,learned_vol_interaction,20260911,0.8988157410505956,0.8988157410505956,1,0
rolling5_matched,2848,2022-10-21,2022-10-31,-0.059928861134359,2022,2021-12-31,learned_vol_interaction,20260911,0.4561203340051562,0.4561203340051562,0,0
rolling5_matched,2853,2022-10-28,2022-11-07,0.071339502526744,2022,2021-12-31,learned_vol_interaction,20260911,0.14043388164199155,0.14043388164199155,0,1
rolling5_matched,2858,2022-11-04,2022-11-14,0.0169449090696014,2022,2021-12-31,learned_vol_interaction,20260911,0.10105917554673108,0.10105917554673108,0,1
rolling5_matched,2863,2022-11-11,2022-11-21,-0.0127051391515239,2022,2021-12-31,learned_vol_interaction,20260911,0.09481948260728511,0.09481948260728511,0,0
rolling5_matched,2868,2022-11-18,2022-11-28,-0.0179672806084416,2022,2021-12-31,learned_vol_interaction,20260911,0.15160469175489472,0.15160469175489472,0,0
rolling5_matched,2873,2022-11-25,2022-12-05,0.0555768659337096,2022,2021-12-31,learned_vol_interaction,20260911,0.3476450334026858,0.3476450334026858,0,1
rolling5_matched,2878,2022-12-02,2022-12-12,0.0175374394775362,2022,2021-12-31,learned_vol_interaction,20260911,0.4742112261264586,0.4742112261264586,0,1
rolling5_matched,2883,2022-12-09,2022-12-19,-0.0058850602464181,2022,2021-12-31,learned_vol_interaction,20260911,0.6547007664942898,0.6547007664942898,1,0
rolling5_matched,2888,2022-12-16,2022-12-26,-0.0309150292073658,2022,2021-12-31,learned_vol_interaction,20260911,0.7292394400613796,0.7292394400613796,1,0
rolling5_matched,2893,2022-12-23,2023-01-03,0.0089464492229616,2022,2021-12-31,learned_vol_interaction,20260911,0.9625692894550532,0.9625692894550532,1,1
rolling5_matched,2898,2022-12-30,2023-01-09,0.0345913414268119,2022,2021-12-31,learned_vol_interaction,20260911,0.8268942129171647,0.8268942129171647,1,1
rolling5_matched,2660,2022-01-07,2022-01-17,-0.0173453887283024,2022,2021-12-31,learned_order_extension,20260911,0.5375164727757916,0.5375164727757916,1,0
rolling5_matched,2665,2022-01-14,2022-01-24,0.0053248631776616,2022,2021-12-31,learned_order_extension,20260911,0.42513223861353205,0.42513223861353205,0,1
rolling5_matched,2670,2022-01-21,2022-02-07,-0.0242661876254222,2022,2021-12-31,learned_order_extension,20260911,0.9652373272426809,0.9652373272426809,1,0
rolling5_matched,2675,2022-01-28,2022-02-14,-0.0127539031341488,2022,2021-12-31,learned_order_extension,20260911,0.5094114921753513,0.5094114921753513,1,0
rolling5_matched,2680,2022-02-11,2022-02-21,0.0145498774954033,2022,2021-12-31,learned_order_extension,20260911,0.5703343048151475,0.5703343048151475,1,1
rolling5_matched,2685,2022-02-18,2022-02-28,-0.0177161244498015,2022,2021-12-31,learned_order_extension,20260911,0.8862823162032091,0.8862823162032091,1,0
rolling5_matched,2690,2022-02-25,2022-03-07,-0.0221791776043331,2022,2021-12-31,learned_order_extension,20260911,0.8784493107206864,0.8784493107206864,1,0
rolling5_matched,2695,2022-03-04,2022-03-14,-0.0480378799422749,2022,2021-12-31,learned_order_extension,20260911,0.8846444901601499,0.8846444901601499,1,0
rolling5_matched,2700,2022-03-11,2022-03-21,0.007530336734814,2022,2021-12-31,learned_order_extension,20260911,0.7974836506113592,0.7974836506113592,1,1
rolling5_matched,2705,2022-03-18,2022-03-28,-0.0353493110038457,2022,2021-12-31,learned_order_extension,20260911,0.7635327336202715,0.7635327336202715,1,0
rolling5_matched,2710,2022-03-25,2022-04-06,0.0314834190717003,2022,2021-12-31,learned_order_extension,20260911,0.9824243136332875,0.9824243136332875,1,1
rolling5_matched,2715,2022-04-01,2022-04-12,-0.0129237372705649,2022,2021-12-31,learned_order_extension,20260911,0.9855989528300736,0.9855989528300736,1,0
rolling5_matched,2718,2022-04-08,2022-04-18,-0.0120986062576864,2022,2021-12-31,learned_order_extension,20260911,0.8088333107514518,0.8088333107514518,1,0
rolling5_matched,2723,2022-04-15,2022-04-25,-0.0528494340140576,2022,2021-12-31,learned_order_extension,20260911,0.855824565911163,0.855824565911163,1,0
rolling5_matched,2728,2022-04-22,2022-05-05,0.015736821365468,2022,2021-12-31,learned_order_extension,20260911,0.9005813769845862,0.9005813769845862,1,1
rolling5_matched,2733,2022-04-29,2022-05-11,-0.0278824133054675,2022,2021-12-31,learned_order_extension,20260911,0.8237157744884225,0.8237157744884225,1,0
rolling5_matched,2735,2022-05-06,2022-05-16,0.033741423035827,2022,2021-12-31,learned_order_extension,20260911,0.7667027859785124,0.7667027859785124,1,1
rolling5_matched,2740,2022-05-13,2022-05-23,0.0164308841843088,2022,2021-12-31,learned_order_extension,20260911,0.575813459615947,0.575813459615947,1,1
rolling5_matched,2745,2022-05-20,2022-05-30,-0.0147293413085614,2022,2021-12-31,learned_order_extension,20260911,0.397681060317727,0.397681060317727,0,0
rolling5_matched,2750,2022-05-27,2022-06-13,0.0431748431927498,2022,2021-12-31,learned_order_extension,20260911,0.3043454719980725,0.3043454719980725,0,1
rolling5_matched,2759,2022-06-10,2022-06-20,0.0306046547112142,2022,2021-12-31,learned_order_extension,20260911,0.8819362032753847,0.8819362032753847,1,1
rolling5_matched,2764,2022-06-17,2022-06-27,0.0211666894141107,2022,2021-12-31,learned_order_extension,20260911,0.5243472748976961,0.5243472748976961,1,1
rolling5_matched,2769,2022-06-24,2022-07-04,0.0074507343130214,2022,2021-12-31,learned_order_extension,20260911,0.4194509872110244,0.4194509872110244,0,1
rolling5_matched,2774,2022-07-01,2022-07-11,-0.0092349827532707,2022,2021-12-31,learned_order_extension,20260911,0.4240020671570053,0.4240020671570053,0,0
rolling5_matched,2779,2022-07-08,2022-07-18,-0.0326815927737367,2022,2021-12-31,learned_order_extension,20260911,0.6429988936531286,0.6429988936531286,1,0
rolling5_matched,2784,2022-07-15,2022-07-25,-0.0066210715249344,2022,2021-12-31,learned_order_extension,20260911,0.45674058083184804,0.45674058083184804,0,0
rolling5_matched,2789,2022-07-22,2022-08-01,-0.0173077967751003,2022,2021-12-31,learned_order_extension,20260911,0.335423885862389,0.335423885862389,0,0
rolling5_matched,2794,2022-07-29,2022-08-08,-0.004456034513838,2022,2021-12-31,learned_order_extension,20260911,0.4140251678455702,0.4140251678455702,0,0
rolling5_matched,2799,2022-08-05,2022-08-15,0.0091475117753996,2022,2021-12-31,learned_order_extension,20260911,0.9054372187250673,0.9054372187250673,1,1
rolling5_matched,2804,2022-08-12,2022-08-22,-0.0107272727272728,2022,2021-12-31,learned_order_extension,20260911,0.8857487039769701,0.8857487039769701,1,0
rolling5_matched,2809,2022-08-19,2022-08-29,-0.0172375434082356,2022,2021-12-31,learned_order_extension,20260911,0.2800029000773224,0.2800029000773224,0,0
rolling5_matched,2814,2022-08-26,2022-09-05,-0.0131573766941938,2022,2021-12-31,learned_order_extension,20260911,0.8776968268131153,0.8776968268131153,1,0
rolling5_matched,2819,2022-09-02,2022-09-13,0.0253340680878015,2022,2021-12-31,learned_order_extension,20260911,0.7987055615268392,0.7987055615268392,1,1
rolling5_matched,2824,2022-09-09,2022-09-19,-0.044647264962877,2022,2021-12-31,learned_order_extension,20260911,0.621234627955028,0.621234627955028,1,0
rolling5_matched,2828,2022-09-16,2022-09-26,-0.025155151434928,2022,2021-12-31,learned_order_extension,20260911,0.355944652813091,0.355944652813091,0,0
rolling5_matched,2833,2022-09-23,2022-10-10,-0.0060162941299352,2022,2021-12-31,learned_order_extension,20260911,0.9084656801413112,0.9084656801413112,1,0
rolling5_matched,2838,2022-09-30,2022-10-17,0.0041192047412885,2022,2021-12-31,learned_order_extension,20260911,0.8879826821988598,0.8879826821988598,1,1
rolling5_matched,2843,2022-10-14,2022-10-24,-0.0246766294110258,2022,2021-12-31,learned_order_extension,20260911,0.9138445431048906,0.9138445431048906,1,0
rolling5_matched,2848,2022-10-21,2022-10-31,-0.059928861134359,2022,2021-12-31,learned_order_extension,20260911,0.43886506226284067,0.43886506226284067,0,0
rolling5_matched,2853,2022-10-28,2022-11-07,0.071339502526744,2022,2021-12-31,learned_order_extension,20260911,0.13052764021371774,0.13052764021371774,0,1
rolling5_matched,2858,2022-11-04,2022-11-14,0.0169449090696014,2022,2021-12-31,learned_order_extension,20260911,0.09788973931286236,0.09788973931286236,0,1
rolling5_matched,2863,2022-11-11,2022-11-21,-0.0127051391515239,2022,2021-12-31,learned_order_extension,20260911,0.09714664513503168,0.09714664513503168,0,0
rolling5_matched,2868,2022-11-18,2022-11-28,-0.0179672806084416,2022,2021-12-31,learned_order_extension,20260911,0.16107071948673912,0.16107071948673912,0,0
rolling5_matched,2873,2022-11-25,2022-12-05,0.0555768659337096,2022,2021-12-31,learned_order_extension,20260911,0.3629984643420607,0.3629984643420607,0,1
rolling5_matched,2878,2022-12-02,2022-12-12,0.0175374394775362,2022,2021-12-31,learned_order_extension,20260911,0.48171752398256135,0.48171752398256135,0,1
rolling5_matched,2883,2022-12-09,2022-12-19,-0.0058850602464181,2022,2021-12-31,learned_order_extension,20260911,0.6458359657818539,0.6458359657818539,1,0
rolling5_matched,2888,2022-12-16,2022-12-26,-0.0309150292073658,2022,2021-12-31,learned_order_extension,20260911,0.7284924066757245,0.7284924066757245,1,0
rolling5_matched,2893,2022-12-23,2023-01-03,0.0089464492229616,2022,2021-12-31,learned_order_extension,20260911,0.9619483329973605,0.9619483329973605,1,1
rolling5_matched,2898,2022-12-30,2023-01-09,0.0345913414268119,2022,2021-12-31,learned_order_extension,20260911,0.8245705053871829,0.8245705053871829,1,1
rolling5_matched,2660,2022-01-07,2022-01-17,-0.0173453887283024,2022,2021-12-31,learned_order_offset,20260911,0.5390983218414238,0.5390983218414238,1,0
rolling5_matched,2665,2022-01-14,2022-01-24,0.0053248631776616,2022,2021-12-31,learned_order_offset,20260911,0.42776230414386357,0.42776230414386357,0,1
rolling5_matched,2670,2022-01-21,2022-02-07,-0.0242661876254222,2022,2021-12-31,learned_order_offset,20260911,0.9651289908431944,0.9651289908431944,1,0
rolling5_matched,2675,2022-01-28,2022-02-14,-0.0127539031341488,2022,2021-12-31,learned_order_offset,20260911,0.5078053411082889,0.5078053411082889,1,0
rolling5_matched,2680,2022-02-11,2022-02-21,0.0145498774954033,2022,2021-12-31,learned_order_offset,20260911,0.5698738497735445,0.5698738497735445,1,1
rolling5_matched,2685,2022-02-18,2022-02-28,-0.0177161244498015,2022,2021-12-31,learned_order_offset,20260911,0.8860592773715813,0.8860592773715813,1,0
rolling5_matched,2690,2022-02-25,2022-03-07,-0.0221791776043331,2022,2021-12-31,learned_order_offset,20260911,0.8775720905885145,0.8775720905885145,1,0
rolling5_matched,2695,2022-03-04,2022-03-14,-0.0480378799422749,2022,2021-12-31,learned_order_offset,20260911,0.8843171372999319,0.8843171372999319,1,0
rolling5_matched,2700,2022-03-11,2022-03-21,0.007530336734814,2022,2021-12-31,learned_order_offset,20260911,0.7996355803218247,0.7996355803218247,1,1
rolling5_matched,2705,2022-03-18,2022-03-28,-0.0353493110038457,2022,2021-12-31,learned_order_offset,20260911,0.7655085166763903,0.7655085166763903,1,0
rolling5_matched,2710,2022-03-25,2022-04-06,0.0314834190717003,2022,2021-12-31,learned_order_offset,20260911,0.9822703750303815,0.9822703750303815,1,1
rolling5_matched,2715,2022-04-01,2022-04-12,-0.0129237372705649,2022,2021-12-31,learned_order_offset,20260911,0.9854307361250908,0.9854307361250908,1,0
rolling5_matched,2718,2022-04-08,2022-04-18,-0.0120986062576864,2022,2021-12-31,learned_order_offset,20260911,0.8085926001216903,0.8085926001216903,1,0
rolling5_matched,2723,2022-04-15,2022-04-25,-0.0528494340140576,2022,2021-12-31,learned_order_offset,20260911,0.8541977059128781,0.8541977059128781,1,0
rolling5_matched,2728,2022-04-22,2022-05-05,0.015736821365468,2022,2021-12-31,learned_order_offset,20260911,0.8996499565814076,0.8996499565814076,1,1
rolling5_matched,2733,2022-04-29,2022-05-11,-0.0278824133054675,2022,2021-12-31,learned_order_offset,20260911,0.8218528473046111,0.8218528473046111,1,0
rolling5_matched,2735,2022-05-06,2022-05-16,0.033741423035827,2022,2021-12-31,learned_order_offset,20260911,0.7648544926298155,0.7648544926298155,1,1
rolling5_matched,2740,2022-05-13,2022-05-23,0.0164308841843088,2022,2021-12-31,learned_order_offset,20260911,0.5741262831800121,0.5741262831800121,1,1
rolling5_matched,2745,2022-05-20,2022-05-30,-0.0147293413085614,2022,2021-12-31,learned_order_offset,20260911,0.3952328299046891,0.3952328299046891,0,0
rolling5_matched,2750,2022-05-27,2022-06-13,0.0431748431927498,2022,2021-12-31,learned_order_offset,20260911,0.3047765842427937,0.3047765842427937,0,1
rolling5_matched,2759,2022-06-10,2022-06-20,0.0306046547112142,2022,2021-12-31,learned_order_offset,20260911,0.880643116251215,0.880643116251215,1,1
rolling5_matched,2764,2022-06-17,2022-06-27,0.0211666894141107,2022,2021-12-31,learned_order_offset,20260911,0.5237311887775983,0.5237311887775983,1,1
rolling5_matched,2769,2022-06-24,2022-07-04,0.0074507343130214,2022,2021-12-31,learned_order_offset,20260911,0.42033922811726054,0.42033922811726054,0,1
rolling5_matched,2774,2022-07-01,2022-07-11,-0.0092349827532707,2022,2021-12-31,learned_order_offset,20260911,0.42363316280896496,0.42363316280896496,0,0
rolling5_matched,2779,2022-07-08,2022-07-18,-0.0326815927737367,2022,2021-12-31,learned_order_offset,20260911,0.6421030197712644,0.6421030197712644,1,0
rolling5_matched,2784,2022-07-15,2022-07-25,-0.0066210715249344,2022,2021-12-31,learned_order_offset,20260911,0.4569586985640624,0.4569586985640624,0,0
rolling5_matched,2789,2022-07-22,2022-08-01,-0.0173077967751003,2022,2021-12-31,learned_order_offset,20260911,0.33483424593180655,0.33483424593180655,0,0
rolling5_matched,2794,2022-07-29,2022-08-08,-0.004456034513838,2022,2021-12-31,learned_order_offset,20260911,0.41375511235088563,0.41375511235088563,0,0
rolling5_matched,2799,2022-08-05,2022-08-15,0.0091475117753996,2022,2021-12-31,learned_order_offset,20260911,0.9034557619541568,0.9034557619541568,1,1
rolling5_matched,2804,2022-08-12,2022-08-22,-0.0107272727272728,2022,2021-12-31,learned_order_offset,20260911,0.8835798637696157,0.8835798637696157,1,0
rolling5_matched,2809,2022-08-19,2022-08-29,-0.0172375434082356,2022,2021-12-31,learned_order_offset,20260911,0.283023961852151,0.283023961852151,0,0
rolling5_matched,2814,2022-08-26,2022-09-05,-0.0131573766941938,2022,2021-12-31,learned_order_offset,20260911,0.875522959715887,0.875522959715887,1,0
rolling5_matched,2819,2022-09-02,2022-09-13,0.0253340680878015,2022,2021-12-31,learned_order_offset,20260911,0.7972468683332616,0.7972468683332616,1,1
rolling5_matched,2824,2022-09-09,2022-09-19,-0.044647264962877,2022,2021-12-31,learned_order_offset,20260911,0.6191244589863298,0.6191244589863298,1,0
rolling5_matched,2828,2022-09-16,2022-09-26,-0.025155151434928,2022,2021-12-31,learned_order_offset,20260911,0.35786774550320866,0.35786774550320866,0,0
rolling5_matched,2833,2022-09-23,2022-10-10,-0.0060162941299352,2022,2021-12-31,learned_order_offset,20260911,0.9066124598945116,0.9066124598945116,1,0
rolling5_matched,2838,2022-09-30,2022-10-17,0.0041192047412885,2022,2021-12-31,learned_order_offset,20260911,0.8868856630766714,0.8868856630766714,1,1
rolling5_matched,2843,2022-10-14,2022-10-24,-0.0246766294110258,2022,2021-12-31,learned_order_offset,20260911,0.9123434076963046,0.9123434076963046,1,0
rolling5_matched,2848,2022-10-21,2022-10-31,-0.059928861134359,2022,2021-12-31,learned_order_offset,20260911,0.443150356488216,0.443150356488216,0,0
rolling5_matched,2853,2022-10-28,2022-11-07,0.071339502526744,2022,2021-12-31,learned_order_offset,20260911,0.13306187631722913,0.13306187631722913,0,1
rolling5_matched,2858,2022-11-04,2022-11-14,0.0169449090696014,2022,2021-12-31,learned_order_offset,20260911,0.09868639652910143,0.09868639652910143,0,1
rolling5_matched,2863,2022-11-11,2022-11-21,-0.0127051391515239,2022,2021-12-31,learned_order_offset,20260911,0.09712713459107948,0.09712713459107948,0,0
rolling5_matched,2868,2022-11-18,2022-11-28,-0.0179672806084416,2022,2021-12-31,learned_order_offset,20260911,0.16081893959755764,0.16081893959755764,0,0
rolling5_matched,2873,2022-11-25,2022-12-05,0.0555768659337096,2022,2021-12-31,learned_order_offset,20260911,0.36182882650654413,0.36182882650654413,0,1
rolling5_matched,2878,2022-12-02,2022-12-12,0.0175374394775362,2022,2021-12-31,learned_order_offset,20260911,0.4815603994400321,0.4815603994400321,0,1
rolling5_matched,2883,2022-12-09,2022-12-19,-0.0058850602464181,2022,2021-12-31,learned_order_offset,20260911,0.6464264202913231,0.6464264202913231,1,0
rolling5_matched,2888,2022-12-16,2022-12-26,-0.0309150292073658,2022,2021-12-31,learned_order_offset,20260911,0.7290064858943032,0.7290064858943032,1,0
rolling5_matched,2893,2022-12-23,2023-01-03,0.0089464492229616,2022,2021-12-31,learned_order_offset,20260911,0.9614830810349714,0.9614830810349714,1,1
rolling5_matched,2898,2022-12-30,2023-01-09,0.0345913414268119,2022,2021-12-31,learned_order_offset,20260911,0.8234779063054359,0.8234779063054359,1,1
rolling5_matched,2660,2022-01-07,2022-01-17,-0.0173453887283024,2022,2021-12-31,native_mse,20260911,0.004928906859442433,,1,0
rolling5_matched,2665,2022-01-14,2022-01-24,0.0053248631776616,2022,2021-12-31,native_mse,20260911,0.0001748702146427152,,1,1
rolling5_matched,2670,2022-01-21,2022-02-07,-0.0242661876254222,2022,2021-12-31,native_mse,20260911,0.036637426254851876,,1,0
rolling5_matched,2675,2022-01-28,2022-02-14,-0.0127539031341488,2022,2021-12-31,native_mse,20260911,-0.0004884813091273416,,0,0
rolling5_matched,2680,2022-02-11,2022-02-21,0.0145498774954033,2022,2021-12-31,native_mse,20260911,0.007233944791919477,,1,1
rolling5_matched,2685,2022-02-18,2022-02-28,-0.0177161244498015,2022,2021-12-31,native_mse,20260911,0.016430141387171977,,1,0
rolling5_matched,2690,2022-02-25,2022-03-07,-0.0221791776043331,2022,2021-12-31,native_mse,20260911,0.009899195258852054,,1,0
rolling5_matched,2695,2022-03-04,2022-03-14,-0.0480378799422749,2022,2021-12-31,native_mse,20260911,0.015345649503671418,,1,0
rolling5_matched,2700,2022-03-11,2022-03-21,0.007530336734814,2022,2021-12-31,native_mse,20260911,0.014575621703124547,,1,1
rolling5_matched,2705,2022-03-18,2022-03-28,-0.0353493110038457,2022,2021-12-31,native_mse,20260911,0.010276787040740348,,1,0
rolling5_matched,2710,2022-03-25,2022-04-06,0.0314834190717003,2022,2021-12-31,native_mse,20260911,0.04005174147774248,,1,1
rolling5_matched,2715,2022-04-01,2022-04-12,-0.0129237372705649,2022,2021-12-31,native_mse,20260911,0.0433731775109437,,1,0
rolling5_matched,2718,2022-04-08,2022-04-18,-0.0120986062576864,2022,2021-12-31,native_mse,20260911,0.011871409820500905,,1,0
rolling5_matched,2723,2022-04-15,2022-04-25,-0.0528494340140576,2022,2021-12-31,native_mse,20260911,0.0215331035286382,,1,0
rolling5_matched,2728,2022-04-22,2022-05-05,0.015736821365468,2022,2021-12-31,native_mse,20260911,0.02215966977662083,,1,1
rolling5_matched,2733,2022-04-29,2022-05-11,-0.0278824133054675,2022,2021-12-31,native_mse,20260911,0.012977102495353,,1,0
rolling5_matched,2735,2022-05-06,2022-05-16,0.033741423035827,2022,2021-12-31,native_mse,20260911,0.009384777555215128,,1,1
rolling5_matched,2740,2022-05-13,2022-05-23,0.0164308841843088,2022,2021-12-31,native_mse,20260911,0.005483917879096809,,1,1
rolling5_matched,2745,2022-05-20,2022-05-30,-0.0147293413085614,2022,2021-12-31,native_mse,20260911,0.00404525370204286,,1,0
rolling5_matched,2750,2022-05-27,2022-06-13,0.0431748431927498,2022,2021-12-31,native_mse,20260911,-0.00790511801503868,,0,1
rolling5_matched,2759,2022-06-10,2022-06-20,0.0306046547112142,2022,2021-12-31,native_mse,20260911,0.019498444636546486,,1,1
rolling5_matched,2764,2022-06-17,2022-06-27,0.0211666894141107,2022,2021-12-31,native_mse,20260911,0.006439956127879277,,1,1
rolling5_matched,2769,2022-06-24,2022-07-04,0.0074507343130214,2022,2021-12-31,native_mse,20260911,0.002549288360851771,,1,1
rolling5_matched,2774,2022-07-01,2022-07-11,-0.0092349827532707,2022,2021-12-31,native_mse,20260911,0.007105640925385804,,1,0
rolling5_matched,2779,2022-07-08,2022-07-18,-0.0326815927737367,2022,2021-12-31,native_mse,20260911,0.01244910990168913,,1,0
rolling5_matched,2784,2022-07-15,2022-07-25,-0.0066210715249344,2022,2021-12-31,native_mse,20260911,0.003347899378474425,,1,0
rolling5_matched,2789,2022-07-22,2022-08-01,-0.0173077967751003,2022,2021-12-31,native_mse,20260911,-0.0003920899327525657,,0,0
rolling5_matched,2794,2022-07-29,2022-08-08,-0.004456034513838,2022,2021-12-31,native_mse,20260911,0.0015109303977867239,,1,0
rolling5_matched,2799,2022-08-05,2022-08-15,0.0091475117753996,2022,2021-12-31,native_mse,20260911,0.027767480007623482,,1,1
rolling5_matched,2804,2022-08-12,2022-08-22,-0.0107272727272728,2022,2021-12-31,native_mse,20260911,0.02465662949938837,,1,0
rolling5_matched,2809,2022-08-19,2022-08-29,-0.0172375434082356,2022,2021-12-31,native_mse,20260911,-0.003655051720006053,,0,0
rolling5_matched,2814,2022-08-26,2022-09-05,-0.0131573766941938,2022,2021-12-31,native_mse,20260911,0.012464157102993489,,1,0
rolling5_matched,2819,2022-09-02,2022-09-13,0.0253340680878015,2022,2021-12-31,native_mse,20260911,0.011176271022594988,,1,1
rolling5_matched,2824,2022-09-09,2022-09-19,-0.044647264962877,2022,2021-12-31,native_mse,20260911,0.007738242503838302,,1,0
rolling5_matched,2828,2022-09-16,2022-09-26,-0.025155151434928,2022,2021-12-31,native_mse,20260911,0.0019127711218618697,,1,0
rolling5_matched,2833,2022-09-23,2022-10-10,-0.0060162941299352,2022,2021-12-31,native_mse,20260911,0.022393928495589438,,1,0
rolling5_matched,2838,2022-09-30,2022-10-17,0.0041192047412885,2022,2021-12-31,native_mse,20260911,0.013960845403036543,,1,1
rolling5_matched,2843,2022-10-14,2022-10-24,-0.0246766294110258,2022,2021-12-31,native_mse,20260911,0.02322758895118996,,1,0
rolling5_matched,2848,2022-10-21,2022-10-31,-0.059928861134359,2022,2021-12-31,native_mse,20260911,-0.011187476828187663,,0,0
rolling5_matched,2853,2022-10-28,2022-11-07,0.071339502526744,2022,2021-12-31,native_mse,20260911,-0.026733398002601633,,0,1
rolling5_matched,2858,2022-11-04,2022-11-14,0.0169449090696014,2022,2021-12-31,native_mse,20260911,-0.028365831929292606,,0,1
rolling5_matched,2863,2022-11-11,2022-11-21,-0.0127051391515239,2022,2021-12-31,native_mse,20260911,-0.03019237524385303,,0,0
rolling5_matched,2868,2022-11-18,2022-11-28,-0.0179672806084416,2022,2021-12-31,native_mse,20260911,-0.023415903409707263,,0,0
rolling5_matched,2873,2022-11-25,2022-12-05,0.0555768659337096,2022,2021-12-31,native_mse,20260911,-0.010725279116589631,,0,1
rolling5_matched,2878,2022-12-02,2022-12-12,0.0175374394775362,2022,2021-12-31,native_mse,20260911,-0.00581178600449205,,0,1
rolling5_matched,2883,2022-12-09,2022-12-19,-0.0058850602464181,2022,2021-12-31,native_mse,20260911,0.004042228466558167,,1,0
rolling5_matched,2888,2022-12-16,2022-12-26,-0.0309150292073658,2022,2021-12-31,native_mse,20260911,0.008114812097407812,,1,0
rolling5_matched,2893,2022-12-23,2023-01-03,0.0089464492229616,2022,2021-12-31,native_mse,20260911,0.0365445110553258,,1,1
rolling5_matched,2898,2022-12-30,2023-01-09,0.0345913414268119,2022,2021-12-31,native_mse,20260911,0.01846692485962843,,1,1
rolling5_matched,2660,2022-01-07,2022-01-17,-0.0173453887283024,2022,2021-12-31,learned_market,20260912,0.7468414809749853,0.7468414809749853,1,0
rolling5_matched,2665,2022-01-14,2022-01-24,0.0053248631776616,2022,2021-12-31,learned_market,20260912,0.5636717872243651,0.5636717872243651,1,1
rolling5_matched,2670,2022-01-21,2022-02-07,-0.0242661876254222,2022,2021-12-31,learned_market,20260912,0.6745897289004528,0.6745897289004528,1,0
rolling5_matched,2675,2022-01-28,2022-02-14,-0.0127539031341488,2022,2021-12-31,learned_market,20260912,0.6517707097068125,0.6517707097068125,1,0
rolling5_matched,2680,2022-02-11,2022-02-21,0.0145498774954033,2022,2021-12-31,learned_market,20260912,0.5513219959989021,0.5513219959989021,1,1
rolling5_matched,2685,2022-02-18,2022-02-28,-0.0177161244498015,2022,2021-12-31,learned_market,20260912,0.8276917358857679,0.8276917358857679,1,0
rolling5_matched,2690,2022-02-25,2022-03-07,-0.0221791776043331,2022,2021-12-31,learned_market,20260912,0.772221876967548,0.772221876967548,1,0
rolling5_matched,2695,2022-03-04,2022-03-14,-0.0480378799422749,2022,2021-12-31,learned_market,20260912,0.6667248236627861,0.6667248236627861,1,0
rolling5_matched,2700,2022-03-11,2022-03-21,0.007530336734814,2022,2021-12-31,learned_market,20260912,0.2016897023841723,0.2016897023841723,0,1
rolling5_matched,2705,2022-03-18,2022-03-28,-0.0353493110038457,2022,2021-12-31,learned_market,20260912,0.6178846385802115,0.6178846385802115,1,0
rolling5_matched,2710,2022-03-25,2022-04-06,0.0314834190717003,2022,2021-12-31,learned_market,20260912,0.28818549212291966,0.28818549212291966,0,1
rolling5_matched,2715,2022-04-01,2022-04-12,-0.0129237372705649,2022,2021-12-31,learned_market,20260912,0.27007752107738925,0.27007752107738925,0,0
rolling5_matched,2718,2022-04-08,2022-04-18,-0.0120986062576864,2022,2021-12-31,learned_market,20260912,0.3676931495839267,0.3676931495839267,0,0
rolling5_matched,2723,2022-04-15,2022-04-25,-0.0528494340140576,2022,2021-12-31,learned_market,20260912,0.7342920181635629,0.7342920181635629,1,0
rolling5_matched,2728,2022-04-22,2022-05-05,0.015736821365468,2022,2021-12-31,learned_market,20260912,0.4631202444474585,0.4631202444474585,0,1
rolling5_matched,2733,2022-04-29,2022-05-11,-0.0278824133054675,2022,2021-12-31,learned_market,20260912,0.1347300145818251,0.1347300145818251,0,0
rolling5_matched,2735,2022-05-06,2022-05-16,0.033741423035827,2022,2021-12-31,learned_market,20260912,0.293003242219506,0.293003242219506,0,1
rolling5_matched,2740,2022-05-13,2022-05-23,0.0164308841843088,2022,2021-12-31,learned_market,20260912,0.2577616655342352,0.2577616655342352,0,1
rolling5_matched,2745,2022-05-20,2022-05-30,-0.0147293413085614,2022,2021-12-31,learned_market,20260912,0.6175337792627072,0.6175337792627072,1,0
rolling5_matched,2750,2022-05-27,2022-06-13,0.0431748431927498,2022,2021-12-31,learned_market,20260912,0.14336761771383547,0.14336761771383547,0,1
rolling5_matched,2759,2022-06-10,2022-06-20,0.0306046547112142,2022,2021-12-31,learned_market,20260912,0.4835811416703212,0.4835811416703212,0,1
rolling5_matched,2764,2022-06-17,2022-06-27,0.0211666894141107,2022,2021-12-31,learned_market,20260912,0.0961826304715986,0.0961826304715986,0,1
rolling5_matched,2769,2022-06-24,2022-07-04,0.0074507343130214,2022,2021-12-31,learned_market,20260912,0.5878167776946727,0.5878167776946727,1,1
rolling5_matched,2774,2022-07-01,2022-07-11,-0.0092349827532707,2022,2021-12-31,learned_market,20260912,0.6538177125705694,0.6538177125705694,1,0
rolling5_matched,2779,2022-07-08,2022-07-18,-0.0326815927737367,2022,2021-12-31,learned_market,20260912,0.7411008661231338,0.7411008661231338,1,0
rolling5_matched,2784,2022-07-15,2022-07-25,-0.0066210715249344,2022,2021-12-31,learned_market,20260912,0.6222252798931598,0.6222252798931598,1,0
rolling5_matched,2789,2022-07-22,2022-08-01,-0.0173077967751003,2022,2021-12-31,learned_market,20260912,0.9381596091909628,0.9381596091909628,1,0
rolling5_matched,2794,2022-07-29,2022-08-08,-0.004456034513838,2022,2021-12-31,learned_market,20260912,0.9260990728439781,0.9260990728439781,1,0
rolling5_matched,2799,2022-08-05,2022-08-15,0.0091475117753996,2022,2021-12-31,learned_market,20260912,0.9037414076463977,0.9037414076463977,1,1
rolling5_matched,2804,2022-08-12,2022-08-22,-0.0107272727272728,2022,2021-12-31,learned_market,20260912,0.8255426589864101,0.8255426589864101,1,0
rolling5_matched,2809,2022-08-19,2022-08-29,-0.0172375434082356,2022,2021-12-31,learned_market,20260912,0.8914837653946719,0.8914837653946719,1,0
rolling5_matched,2814,2022-08-26,2022-09-05,-0.0131573766941938,2022,2021-12-31,learned_market,20260912,0.7943274130775776,0.7943274130775776,1,0
rolling5_matched,2819,2022-09-02,2022-09-13,0.0253340680878015,2022,2021-12-31,learned_market,20260912,0.9616406052174534,0.9616406052174534,1,1
rolling5_matched,2824,2022-09-09,2022-09-19,-0.044647264962877,2022,2021-12-31,learned_market,20260912,0.9583476318149918,0.9583476318149918,1,0
rolling5_matched,2828,2022-09-16,2022-09-26,-0.025155151434928,2022,2021-12-31,learned_market,20260912,0.8885355890725994,0.8885355890725994,1,0
rolling5_matched,2833,2022-09-23,2022-10-10,-0.0060162941299352,2022,2021-12-31,learned_market,20260912,0.8797901998179579,0.8797901998179579,1,0
rolling5_matched,2838,2022-09-30,2022-10-17,0.0041192047412885,2022,2021-12-31,learned_market,20260912,0.6477150295632779,0.6477150295632779,1,1
rolling5_matched,2843,2022-10-14,2022-10-24,-0.0246766294110258,2022,2021-12-31,learned_market,20260912,0.5199286099491106,0.5199286099491106,1,0
rolling5_matched,2848,2022-10-21,2022-10-31,-0.059928861134359,2022,2021-12-31,learned_market,20260912,0.5672220083244224,0.5672220083244224,1,0
rolling5_matched,2853,2022-10-28,2022-11-07,0.071339502526744,2022,2021-12-31,learned_market,20260912,0.2968028169964353,0.2968028169964353,0,1
rolling5_matched,2858,2022-11-04,2022-11-14,0.0169449090696014,2022,2021-12-31,learned_market,20260912,0.2235461079273899,0.2235461079273899,0,1
rolling5_matched,2863,2022-11-11,2022-11-21,-0.0127051391515239,2022,2021-12-31,learned_market,20260912,0.426376132831882,0.426376132831882,0,0
rolling5_matched,2868,2022-11-18,2022-11-28,-0.0179672806084416,2022,2021-12-31,learned_market,20260912,0.03900511460043944,0.03900511460043944,0,0
rolling5_matched,2873,2022-11-25,2022-12-05,0.0555768659337096,2022,2021-12-31,learned_market,20260912,0.4842345305605842,0.4842345305605842,0,1
rolling5_matched,2878,2022-12-02,2022-12-12,0.0175374394775362,2022,2021-12-31,learned_market,20260912,0.10300513845925953,0.10300513845925953,0,1
rolling5_matched,2883,2022-12-09,2022-12-19,-0.0058850602464181,2022,2021-12-31,learned_market,20260912,0.6409387625886114,0.6409387625886114,1,0
rolling5_matched,2888,2022-12-16,2022-12-26,-0.0309150292073658,2022,2021-12-31,learned_market,20260912,0.5821435049122776,0.5821435049122776,1,0
rolling5_matched,2893,2022-12-23,2023-01-03,0.0089464492229616,2022,2021-12-31,learned_market,20260912,0.715480288332556,0.715480288332556,1,1
rolling5_matched,2898,2022-12-30,2023-01-09,0.0345913414268119,2022,2021-12-31,learned_market,20260912,0.3046701262948855,0.3046701262948855,0,1
rolling5_matched,2660,2022-01-07,2022-01-17,-0.0173453887283024,2022,2021-12-31,learned_vol_interaction,20260912,0.7577110127135466,0.7577110127135466,1,0
rolling5_matched,2665,2022-01-14,2022-01-24,0.0053248631776616,2022,2021-12-31,learned_vol_interaction,20260912,0.5618233909104722,0.5618233909104722,1,1
rolling5_matched,2670,2022-01-21,2022-02-07,-0.0242661876254222,2022,2021-12-31,learned_vol_interaction,20260912,0.6864016483285793,0.6864016483285793,1,0
rolling5_matched,2675,2022-01-28,2022-02-14,-0.0127539031341488,2022,2021-12-31,learned_vol_interaction,20260912,0.645734887041976,0.645734887041976,1,0
rolling5_matched,2680,2022-02-11,2022-02-21,0.0145498774954033,2022,2021-12-31,learned_vol_interaction,20260912,0.5476879144514881,0.5476879144514881,1,1
rolling5_matched,2685,2022-02-18,2022-02-28,-0.0177161244498015,2022,2021-12-31,learned_vol_interaction,20260912,0.829024056408717,0.829024056408717,1,0
rolling5_matched,2690,2022-02-25,2022-03-07,-0.0221791776043331,2022,2021-12-31,learned_vol_interaction,20260912,0.7662720667992176,0.7662720667992176,1,0
rolling5_matched,2695,2022-03-04,2022-03-14,-0.0480378799422749,2022,2021-12-31,learned_vol_interaction,20260912,0.6629615958681822,0.6629615958681822,1,0
rolling5_matched,2700,2022-03-11,2022-03-21,0.007530336734814,2022,2021-12-31,learned_vol_interaction,20260912,0.19511670644318913,0.19511670644318913,0,1
rolling5_matched,2705,2022-03-18,2022-03-28,-0.0353493110038457,2022,2021-12-31,learned_vol_interaction,20260912,0.6089051371775932,0.6089051371775932,1,0
rolling5_matched,2710,2022-03-25,2022-04-06,0.0314834190717003,2022,2021-12-31,learned_vol_interaction,20260912,0.3200740582628241,0.3200740582628241,0,1
rolling5_matched,2715,2022-04-01,2022-04-12,-0.0129237372705649,2022,2021-12-31,learned_vol_interaction,20260912,0.30518143001856807,0.30518143001856807,0,0
rolling5_matched,2718,2022-04-08,2022-04-18,-0.0120986062576864,2022,2021-12-31,learned_vol_interaction,20260912,0.3839214946758573,0.3839214946758573,0,0
rolling5_matched,2723,2022-04-15,2022-04-25,-0.0528494340140576,2022,2021-12-31,learned_vol_interaction,20260912,0.7275596824818599,0.7275596824818599,1,0
rolling5_matched,2728,2022-04-22,2022-05-05,0.015736821365468,2022,2021-12-31,learned_vol_interaction,20260912,0.46144856186123817,0.46144856186123817,0,1
rolling5_matched,2733,2022-04-29,2022-05-11,-0.0278824133054675,2022,2021-12-31,learned_vol_interaction,20260912,0.16392923383489544,0.16392923383489544,0,0
rolling5_matched,2735,2022-05-06,2022-05-16,0.033741423035827,2022,2021-12-31,learned_vol_interaction,20260912,0.3272437674033266,0.3272437674033266,0,1
rolling5_matched,2740,2022-05-13,2022-05-23,0.0164308841843088,2022,2021-12-31,learned_vol_interaction,20260912,0.2745281540852963,0.2745281540852963,0,1
rolling5_matched,2745,2022-05-20,2022-05-30,-0.0147293413085614,2022,2021-12-31,learned_vol_interaction,20260912,0.6100251438015466,0.6100251438015466,1,0
rolling5_matched,2750,2022-05-27,2022-06-13,0.0431748431927498,2022,2021-12-31,learned_vol_interaction,20260912,0.14356249126598394,0.14356249126598394,0,1
rolling5_matched,2759,2022-06-10,2022-06-20,0.0306046547112142,2022,2021-12-31,learned_vol_interaction,20260912,0.47251786120034256,0.47251786120034256,0,1
rolling5_matched,2764,2022-06-17,2022-06-27,0.0211666894141107,2022,2021-12-31,learned_vol_interaction,20260912,0.08977249583581207,0.08977249583581207,0,1
rolling5_matched,2769,2022-06-24,2022-07-04,0.0074507343130214,2022,2021-12-31,learned_vol_interaction,20260912,0.5831591339069818,0.5831591339069818,1,1
rolling5_matched,2774,2022-07-01,2022-07-11,-0.0092349827532707,2022,2021-12-31,learned_vol_interaction,20260912,0.648543634012639,0.648543634012639,1,0
rolling5_matched,2779,2022-07-08,2022-07-18,-0.0326815927737367,2022,2021-12-31,learned_vol_interaction,20260912,0.7373768314920851,0.7373768314920851,1,0
rolling5_matched,2784,2022-07-15,2022-07-25,-0.0066210715249344,2022,2021-12-31,learned_vol_interaction,20260912,0.6184911398375261,0.6184911398375261,1,0
rolling5_matched,2789,2022-07-22,2022-08-01,-0.0173077967751003,2022,2021-12-31,learned_vol_interaction,20260912,0.9379310911502822,0.9379310911502822,1,0
rolling5_matched,2794,2022-07-29,2022-08-08,-0.004456034513838,2022,2021-12-31,learned_vol_interaction,20260912,0.9316276554115562,0.9316276554115562,1,0
rolling5_matched,2799,2022-08-05,2022-08-15,0.0091475117753996,2022,2021-12-31,learned_vol_interaction,20260912,0.9014501433653144,0.9014501433653144,1,1
rolling5_matched,2804,2022-08-12,2022-08-22,-0.0107272727272728,2022,2021-12-31,learned_vol_interaction,20260912,0.829372881417052,0.829372881417052,1,0
rolling5_matched,2809,2022-08-19,2022-08-29,-0.0172375434082356,2022,2021-12-31,learned_vol_interaction,20260912,0.8948566577050115,0.8948566577050115,1,0
rolling5_matched,2814,2022-08-26,2022-09-05,-0.0131573766941938,2022,2021-12-31,learned_vol_interaction,20260912,0.7969214927571394,0.7969214927571394,1,0
rolling5_matched,2819,2022-09-02,2022-09-13,0.0253340680878015,2022,2021-12-31,learned_vol_interaction,20260912,0.9623508353790479,0.9623508353790479,1,1
rolling5_matched,2824,2022-09-09,2022-09-19,-0.044647264962877,2022,2021-12-31,learned_vol_interaction,20260912,0.9598917496476833,0.9598917496476833,1,0
rolling5_matched,2828,2022-09-16,2022-09-26,-0.025155151434928,2022,2021-12-31,learned_vol_interaction,20260912,0.8929146688737687,0.8929146688737687,1,0
rolling5_matched,2833,2022-09-23,2022-10-10,-0.0060162941299352,2022,2021-12-31,learned_vol_interaction,20260912,0.8849371347150343,0.8849371347150343,1,0
rolling5_matched,2838,2022-09-30,2022-10-17,0.0041192047412885,2022,2021-12-31,learned_vol_interaction,20260912,0.640378394782919,0.640378394782919,1,1
rolling5_matched,2843,2022-10-14,2022-10-24,-0.0246766294110258,2022,2021-12-31,learned_vol_interaction,20260912,0.5232978503635936,0.5232978503635936,1,0
rolling5_matched,2848,2022-10-21,2022-10-31,-0.059928861134359,2022,2021-12-31,learned_vol_interaction,20260912,0.5511115712228114,0.5511115712228114,1,0
rolling5_matched,2853,2022-10-28,2022-11-07,0.071339502526744,2022,2021-12-31,learned_vol_interaction,20260912,0.2961307787417649,0.2961307787417649,0,1
rolling5_matched,2858,2022-11-04,2022-11-14,0.0169449090696014,2022,2021-12-31,learned_vol_interaction,20260912,0.236391278381657,0.236391278381657,0,1
rolling5_matched,2863,2022-11-11,2022-11-21,-0.0127051391515239,2022,2021-12-31,learned_vol_interaction,20260912,0.435931174019497,0.435931174019497,0,0
rolling5_matched,2868,2022-11-18,2022-11-28,-0.0179672806084416,2022,2021-12-31,learned_vol_interaction,20260912,0.04805048224056169,0.04805048224056169,0,0
rolling5_matched,2873,2022-11-25,2022-12-05,0.0555768659337096,2022,2021-12-31,learned_vol_interaction,20260912,0.48706630654739,0.48706630654739,0,1
rolling5_matched,2878,2022-12-02,2022-12-12,0.0175374394775362,2022,2021-12-31,learned_vol_interaction,20260912,0.09910064165543606,0.09910064165543606,0,1
rolling5_matched,2883,2022-12-09,2022-12-19,-0.0058850602464181,2022,2021-12-31,learned_vol_interaction,20260912,0.636030283373276,0.636030283373276,1,0
rolling5_matched,2888,2022-12-16,2022-12-26,-0.0309150292073658,2022,2021-12-31,learned_vol_interaction,20260912,0.5875114320260509,0.5875114320260509,1,0
rolling5_matched,2893,2022-12-23,2023-01-03,0.0089464492229616,2022,2021-12-31,learned_vol_interaction,20260912,0.7174078514134256,0.7174078514134256,1,1
rolling5_matched,2898,2022-12-30,2023-01-09,0.0345913414268119,2022,2021-12-31,learned_vol_interaction,20260912,0.28203451556777903,0.28203451556777903,0,1
rolling5_matched,2660,2022-01-07,2022-01-17,-0.0173453887283024,2022,2021-12-31,learned_order_extension,20260912,0.7662874456597915,0.7662874456597915,1,0
rolling5_matched,2665,2022-01-14,2022-01-24,0.0053248631776616,2022,2021-12-31,learned_order_extension,20260912,0.5642556398561256,0.5642556398561256,1,1
rolling5_matched,2670,2022-01-21,2022-02-07,-0.0242661876254222,2022,2021-12-31,learned_order_extension,20260912,0.6990180381954665,0.6990180381954665,1,0
rolling5_matched,2675,2022-01-28,2022-02-14,-0.0127539031341488,2022,2021-12-31,learned_order_extension,20260912,0.654292222384658,0.654292222384658,1,0
rolling5_matched,2680,2022-02-11,2022-02-21,0.0145498774954033,2022,2021-12-31,learned_order_extension,20260912,0.550532903794426,0.550532903794426,1,1
rolling5_matched,2685,2022-02-18,2022-02-28,-0.0177161244498015,2022,2021-12-31,learned_order_extension,20260912,0.8365629164638747,0.8365629164638747,1,0
rolling5_matched,2690,2022-02-25,2022-03-07,-0.0221791776043331,2022,2021-12-31,learned_order_extension,20260912,0.7795371763698127,0.7795371763698127,1,0
rolling5_matched,2695,2022-03-04,2022-03-14,-0.0480378799422749,2022,2021-12-31,learned_order_extension,20260912,0.668026898299707,0.668026898299707,1,0
rolling5_matched,2700,2022-03-11,2022-03-21,0.007530336734814,2022,2021-12-31,learned_order_extension,20260912,0.16931189719886097,0.16931189719886097,0,1
rolling5_matched,2705,2022-03-18,2022-03-28,-0.0353493110038457,2022,2021-12-31,learned_order_extension,20260912,0.5984737633066453,0.5984737633066453,1,0
rolling5_matched,2710,2022-03-25,2022-04-06,0.0314834190717003,2022,2021-12-31,learned_order_extension,20260912,0.29705663552421147,0.29705663552421147,0,1
rolling5_matched,2715,2022-04-01,2022-04-12,-0.0129237372705649,2022,2021-12-31,learned_order_extension,20260912,0.28351343143247465,0.28351343143247465,0,0
rolling5_matched,2718,2022-04-08,2022-04-18,-0.0120986062576864,2022,2021-12-31,learned_order_extension,20260912,0.35095579561682677,0.35095579561682677,0,0
rolling5_matched,2723,2022-04-15,2022-04-25,-0.0528494340140576,2022,2021-12-31,learned_order_extension,20260912,0.7280892091567019,0.7280892091567019,1,0
rolling5_matched,2728,2022-04-22,2022-05-05,0.015736821365468,2022,2021-12-31,learned_order_extension,20260912,0.43859764229869375,0.43859764229869375,0,1
rolling5_matched,2733,2022-04-29,2022-05-11,-0.0278824133054675,2022,2021-12-31,learned_order_extension,20260912,0.16666847195008622,0.16666847195008622,0,0
rolling5_matched,2735,2022-05-06,2022-05-16,0.033741423035827,2022,2021-12-31,learned_order_extension,20260912,0.32651365687068956,0.32651365687068956,0,1
rolling5_matched,2740,2022-05-13,2022-05-23,0.0164308841843088,2022,2021-12-31,learned_order_extension,20260912,0.27682731183177184,0.27682731183177184,0,1
rolling5_matched,2745,2022-05-20,2022-05-30,-0.0147293413085614,2022,2021-12-31,learned_order_extension,20260912,0.6029229217800277,0.6029229217800277,1,0
rolling5_matched,2750,2022-05-27,2022-06-13,0.0431748431927498,2022,2021-12-31,learned_order_extension,20260912,0.14695325857595617,0.14695325857595617,0,1
rolling5_matched,2759,2022-06-10,2022-06-20,0.0306046547112142,2022,2021-12-31,learned_order_extension,20260912,0.46926465450819277,0.46926465450819277,0,1
rolling5_matched,2764,2022-06-17,2022-06-27,0.0211666894141107,2022,2021-12-31,learned_order_extension,20260912,0.07179335628531572,0.07179335628531572,0,1
rolling5_matched,2769,2022-06-24,2022-07-04,0.0074507343130214,2022,2021-12-31,learned_order_extension,20260912,0.584674090781816,0.584674090781816,1,1
rolling5_matched,2774,2022-07-01,2022-07-11,-0.0092349827532707,2022,2021-12-31,learned_order_extension,20260912,0.65927692576316,0.65927692576316,1,0
rolling5_matched,2779,2022-07-08,2022-07-18,-0.0326815927737367,2022,2021-12-31,learned_order_extension,20260912,0.7437667064306823,0.7437667064306823,1,0
rolling5_matched,2784,2022-07-15,2022-07-25,-0.0066210715249344,2022,2021-12-31,learned_order_extension,20260912,0.6178360386055453,0.6178360386055453,1,0
rolling5_matched,2789,2022-07-22,2022-08-01,-0.0173077967751003,2022,2021-12-31,learned_order_extension,20260912,0.9534691722480981,0.9534691722480981,1,0
rolling5_matched,2794,2022-07-29,2022-08-08,-0.004456034513838,2022,2021-12-31,learned_order_extension,20260912,0.9565046474268466,0.9565046474268466,1,0
rolling5_matched,2799,2022-08-05,2022-08-15,0.0091475117753996,2022,2021-12-31,learned_order_extension,20260912,0.9332540548965768,0.9332540548965768,1,1
rolling5_matched,2804,2022-08-12,2022-08-22,-0.0107272727272728,2022,2021-12-31,learned_order_extension,20260912,0.8735679632736093,0.8735679632736093,1,0
rolling5_matched,2809,2022-08-19,2022-08-29,-0.0172375434082356,2022,2021-12-31,learned_order_extension,20260912,0.92943180964347,0.92943180964347,1,0
rolling5_matched,2814,2022-08-26,2022-09-05,-0.0131573766941938,2022,2021-12-31,learned_order_extension,20260912,0.8446182020758181,0.8446182020758181,1,0
rolling5_matched,2819,2022-09-02,2022-09-13,0.0253340680878015,2022,2021-12-31,learned_order_extension,20260912,0.9813503241178183,0.9813503241178183,1,1
rolling5_matched,2824,2022-09-09,2022-09-19,-0.044647264962877,2022,2021-12-31,learned_order_extension,20260912,0.9802480230703726,0.9802480230703726,1,0
rolling5_matched,2828,2022-09-16,2022-09-26,-0.025155151434928,2022,2021-12-31,learned_order_extension,20260912,0.9271551785535691,0.9271551785535691,1,0
rolling5_matched,2833,2022-09-23,2022-10-10,-0.0060162941299352,2022,2021-12-31,learned_order_extension,20260912,0.916805160220407,0.916805160220407,1,0
rolling5_matched,2838,2022-09-30,2022-10-17,0.0041192047412885,2022,2021-12-31,learned_order_extension,20260912,0.644824062767905,0.644824062767905,1,1
rolling5_matched,2843,2022-10-14,2022-10-24,-0.0246766294110258,2022,2021-12-31,learned_order_extension,20260912,0.4990045662789884,0.4990045662789884,0,0
rolling5_matched,2848,2022-10-21,2022-10-31,-0.059928861134359,2022,2021-12-31,learned_order_extension,20260912,0.5289968495904052,0.5289968495904052,1,0
rolling5_matched,2853,2022-10-28,2022-11-07,0.071339502526744,2022,2021-12-31,learned_order_extension,20260912,0.2782696984612579,0.2782696984612579,0,1
rolling5_matched,2858,2022-11-04,2022-11-14,0.0169449090696014,2022,2021-12-31,learned_order_extension,20260912,0.22125830537104726,0.22125830537104726,0,1
rolling5_matched,2863,2022-11-11,2022-11-21,-0.0127051391515239,2022,2021-12-31,learned_order_extension,20260912,0.4297012715025653,0.4297012715025653,0,0
rolling5_matched,2868,2022-11-18,2022-11-28,-0.0179672806084416,2022,2021-12-31,learned_order_extension,20260912,0.05700458751527111,0.05700458751527111,0,0
rolling5_matched,2873,2022-11-25,2022-12-05,0.0555768659337096,2022,2021-12-31,learned_order_extension,20260912,0.4889957361281705,0.4889957361281705,0,1
rolling5_matched,2878,2022-12-02,2022-12-12,0.0175374394775362,2022,2021-12-31,learned_order_extension,20260912,0.12304596468314534,0.12304596468314534,0,1
rolling5_matched,2883,2022-12-09,2022-12-19,-0.0058850602464181,2022,2021-12-31,learned_order_extension,20260912,0.6295189184097147,0.6295189184097147,1,0
rolling5_matched,2888,2022-12-16,2022-12-26,-0.0309150292073658,2022,2021-12-31,learned_order_extension,20260912,0.5892456351834102,0.5892456351834102,1,0
rolling5_matched,2893,2022-12-23,2023-01-03,0.0089464492229616,2022,2021-12-31,learned_order_extension,20260912,0.7133191120749706,0.7133191120749706,1,1
rolling5_matched,2898,2022-12-30,2023-01-09,0.0345913414268119,2022,2021-12-31,learned_order_extension,20260912,0.2773632164407166,0.2773632164407166,0,1
rolling5_matched,2660,2022-01-07,2022-01-17,-0.0173453887283024,2022,2021-12-31,learned_order_offset,20260912,0.767667532081205,0.767667532081205,1,0
rolling5_matched,2665,2022-01-14,2022-01-24,0.0053248631776616,2022,2021-12-31,learned_order_offset,20260912,0.5659814928871832,0.5659814928871832,1,1
rolling5_matched,2670,2022-01-21,2022-02-07,-0.0242661876254222,2022,2021-12-31,learned_order_offset,20260912,0.6989452340711272,0.6989452340711272,1,0
rolling5_matched,2675,2022-01-28,2022-02-14,-0.0127539031341488,2022,2021-12-31,learned_order_offset,20260912,0.6556445268398126,0.6556445268398126,1,0
rolling5_matched,2680,2022-02-11,2022-02-21,0.0145498774954033,2022,2021-12-31,learned_order_offset,20260912,0.5535288337362607,0.5535288337362607,1,1
rolling5_matched,2685,2022-02-18,2022-02-28,-0.0177161244498015,2022,2021-12-31,learned_order_offset,20260912,0.8340962552361413,0.8340962552361413,1,0
rolling5_matched,2690,2022-02-25,2022-03-07,-0.0221791776043331,2022,2021-12-31,learned_order_offset,20260912,0.7797822996375542,0.7797822996375542,1,0
rolling5_matched,2695,2022-03-04,2022-03-14,-0.0480378799422749,2022,2021-12-31,learned_order_offset,20260912,0.6691178641826319,0.6691178641826319,1,0
rolling5_matched,2700,2022-03-11,2022-03-21,0.007530336734814,2022,2021-12-31,learned_order_offset,20260912,0.16984173006370096,0.16984173006370096,0,1
rolling5_matched,2705,2022-03-18,2022-03-28,-0.0353493110038457,2022,2021-12-31,learned_order_offset,20260912,0.5936209427323679,0.5936209427323679,1,0
rolling5_matched,2710,2022-03-25,2022-04-06,0.0314834190717003,2022,2021-12-31,learned_order_offset,20260912,0.29197353249037356,0.29197353249037356,0,1
rolling5_matched,2715,2022-04-01,2022-04-12,-0.0129237372705649,2022,2021-12-31,learned_order_offset,20260912,0.27860806226225443,0.27860806226225443,0,0
rolling5_matched,2718,2022-04-08,2022-04-18,-0.0120986062576864,2022,2021-12-31,learned_order_offset,20260912,0.3473346895609566,0.3473346895609566,0,0
rolling5_matched,2723,2022-04-15,2022-04-25,-0.0528494340140576,2022,2021-12-31,learned_order_offset,20260912,0.7244557029268526,0.7244557029268526,1,0
rolling5_matched,2728,2022-04-22,2022-05-05,0.015736821365468,2022,2021-12-31,learned_order_offset,20260912,0.4387818313117097,0.4387818313117097,0,1
rolling5_matched,2733,2022-04-29,2022-05-11,-0.0278824133054675,2022,2021-12-31,learned_order_offset,20260912,0.16453298150391163,0.16453298150391163,0,0
rolling5_matched,2735,2022-05-06,2022-05-16,0.033741423035827,2022,2021-12-31,learned_order_offset,20260912,0.3251046005258762,0.3251046005258762,0,1
rolling5_matched,2740,2022-05-13,2022-05-23,0.0164308841843088,2022,2021-12-31,learned_order_offset,20260912,0.27757491750313623,0.27757491750313623,0,1
rolling5_matched,2745,2022-05-20,2022-05-30,-0.0147293413085614,2022,2021-12-31,learned_order_offset,20260912,0.5998386842157601,0.5998386842157601,1,0
rolling5_matched,2750,2022-05-27,2022-06-13,0.0431748431927498,2022,2021-12-31,learned_order_offset,20260912,0.14775264075855157,0.14775264075855157,0,1
rolling5_matched,2759,2022-06-10,2022-06-20,0.0306046547112142,2022,2021-12-31,learned_order_offset,20260912,0.46918196154273045,0.46918196154273045,0,1
rolling5_matched,2764,2022-06-17,2022-06-27,0.0211666894141107,2022,2021-12-31,learned_order_offset,20260912,0.07263773040513238,0.07263773040513238,0,1
rolling5_matched,2769,2022-06-24,2022-07-04,0.0074507343130214,2022,2021-12-31,learned_order_offset,20260912,0.582227136520294,0.582227136520294,1,1
rolling5_matched,2774,2022-07-01,2022-07-11,-0.0092349827532707,2022,2021-12-31,learned_order_offset,20260912,0.6571431772541396,0.6571431772541396,1,0
rolling5_matched,2779,2022-07-08,2022-07-18,-0.0326815927737367,2022,2021-12-31,learned_order_offset,20260912,0.7431107230465627,0.7431107230465627,1,0
rolling5_matched,2784,2022-07-15,2022-07-25,-0.0066210715249344,2022,2021-12-31,learned_order_offset,20260912,0.6154868413660362,0.6154868413660362,1,0
rolling5_matched,2789,2022-07-22,2022-08-01,-0.0173077967751003,2022,2021-12-31,learned_order_offset,20260912,0.9524197630774504,0.9524197630774504,1,0
rolling5_matched,2794,2022-07-29,2022-08-08,-0.004456034513838,2022,2021-12-31,learned_order_offset,20260912,0.9557137850661888,0.9557137850661888,1,0
rolling5_matched,2799,2022-08-05,2022-08-15,0.0091475117753996,2022,2021-12-31,learned_order_offset,20260912,0.931973171321403,0.931973171321403,1,1
rolling5_matched,2804,2022-08-12,2022-08-22,-0.0107272727272728,2022,2021-12-31,learned_order_offset,20260912,0.8722470292495753,0.8722470292495753,1,0
rolling5_matched,2809,2022-08-19,2022-08-29,-0.0172375434082356,2022,2021-12-31,learned_order_offset,20260912,0.9280309436676824,0.9280309436676824,1,0
rolling5_matched,2814,2022-08-26,2022-09-05,-0.0131573766941938,2022,2021-12-31,learned_order_offset,20260912,0.8431285382142737,0.8431285382142737,1,0
rolling5_matched,2819,2022-09-02,2022-09-13,0.0253340680878015,2022,2021-12-31,learned_order_offset,20260912,0.980935641854621,0.980935641854621,1,1
rolling5_matched,2824,2022-09-09,2022-09-19,-0.044647264962877,2022,2021-12-31,learned_order_offset,20260912,0.9797084050748516,0.9797084050748516,1,0
rolling5_matched,2828,2022-09-16,2022-09-26,-0.025155151434928,2022,2021-12-31,learned_order_offset,20260912,0.9264162662830143,0.9264162662830143,1,0
rolling5_matched,2833,2022-09-23,2022-10-10,-0.0060162941299352,2022,2021-12-31,learned_order_offset,20260912,0.9164311882002437,0.9164311882002437,1,0
rolling5_matched,2838,2022-09-30,2022-10-17,0.0041192047412885,2022,2021-12-31,learned_order_offset,20260912,0.6476995658076027,0.6476995658076027,1,1
rolling5_matched,2843,2022-10-14,2022-10-24,-0.0246766294110258,2022,2021-12-31,learned_order_offset,20260912,0.5000953802771313,0.5000953802771313,1,0
rolling5_matched,2848,2022-10-21,2022-10-31,-0.059928861134359,2022,2021-12-31,learned_order_offset,20260912,0.5271689683346562,0.5271689683346562,1,0
rolling5_matched,2853,2022-10-28,2022-11-07,0.071339502526744,2022,2021-12-31,learned_order_offset,20260912,0.2814196737498118,0.2814196737498118,0,1
rolling5_matched,2858,2022-11-04,2022-11-14,0.0169449090696014,2022,2021-12-31,learned_order_offset,20260912,0.22365658072203395,0.22365658072203395,0,1
rolling5_matched,2863,2022-11-11,2022-11-21,-0.0127051391515239,2022,2021-12-31,learned_order_offset,20260912,0.43078180944202765,0.43078180944202765,0,0
rolling5_matched,2868,2022-11-18,2022-11-28,-0.0179672806084416,2022,2021-12-31,learned_order_offset,20260912,0.05727673642414087,0.05727673642414087,0,0
rolling5_matched,2873,2022-11-25,2022-12-05,0.0555768659337096,2022,2021-12-31,learned_order_offset,20260912,0.4868882618273663,0.4868882618273663,0,1
rolling5_matched,2878,2022-12-02,2022-12-12,0.0175374394775362,2022,2021-12-31,learned_order_offset,20260912,0.12417333879601496,0.12417333879601496,0,1
rolling5_matched,2883,2022-12-09,2022-12-19,-0.0058850602464181,2022,2021-12-31,learned_order_offset,20260912,0.6290282469758388,0.6290282469758388,1,0
rolling5_matched,2888,2022-12-16,2022-12-26,-0.0309150292073658,2022,2021-12-31,learned_order_offset,20260912,0.5879152073417472,0.5879152073417472,1,0
rolling5_matched,2893,2022-12-23,2023-01-03,0.0089464492229616,2022,2021-12-31,learned_order_offset,20260912,0.7129260772476164,0.7129260772476164,1,1
rolling5_matched,2898,2022-12-30,2023-01-09,0.0345913414268119,2022,2021-12-31,learned_order_offset,20260912,0.27933050211695776,0.27933050211695776,0,1
rolling5_matched,2660,2022-01-07,2022-01-17,-0.0173453887283024,2022,2021-12-31,native_mse,20260912,0.012082103374977088,,1,0
rolling5_matched,2665,2022-01-14,2022-01-24,0.0053248631776616,2022,2021-12-31,native_mse,20260912,0.004812649101687116,,1,1
rolling5_matched,2670,2022-01-21,2022-02-07,-0.0242661876254222,2022,2021-12-31,native_mse,20260912,0.010199263591183332,,1,0
rolling5_matched,2675,2022-01-28,2022-02-14,-0.0127539031341488,2022,2021-12-31,native_mse,20260912,0.00788444121319371,,1,0
rolling5_matched,2680,2022-02-11,2022-02-21,0.0145498774954033,2022,2021-12-31,native_mse,20260912,0.0026152807343657117,,1,1
rolling5_matched,2685,2022-02-18,2022-02-28,-0.0177161244498015,2022,2021-12-31,native_mse,20260912,0.02057017103294026,,1,0
rolling5_matched,2690,2022-02-25,2022-03-07,-0.0221791776043331,2022,2021-12-31,native_mse,20260912,0.00581313085459409,,1,0
rolling5_matched,2695,2022-03-04,2022-03-14,-0.0480378799422749,2022,2021-12-31,native_mse,20260912,0.0018173630084000224,,1,0
rolling5_matched,2700,2022-03-11,2022-03-21,0.007530336734814,2022,2021-12-31,native_mse,20260912,-0.014014633658921125,,0,1
rolling5_matched,2705,2022-03-18,2022-03-28,-0.0353493110038457,2022,2021-12-31,native_mse,20260912,0.006927236736745697,,1,0
rolling5_matched,2710,2022-03-25,2022-04-06,0.0314834190717003,2022,2021-12-31,native_mse,20260912,-0.004696422233272414,,0,1
rolling5_matched,2715,2022-04-01,2022-04-12,-0.0129237372705649,2022,2021-12-31,native_mse,20260912,-0.005544716595460731,,0,0
rolling5_matched,2718,2022-04-08,2022-04-18,-0.0120986062576864,2022,2021-12-31,native_mse,20260912,-0.0023454488436643463,,0,0
rolling5_matched,2723,2022-04-15,2022-04-25,-0.0528494340140576,2022,2021-12-31,native_mse,20260912,0.010601805279465873,,1,0
rolling5_matched,2728,2022-04-22,2022-05-05,0.015736821365468,2022,2021-12-31,native_mse,20260912,-0.0015049722988620755,,0,1
rolling5_matched,2733,2022-04-29,2022-05-11,-0.0278824133054675,2022,2021-12-31,native_mse,20260912,-0.011491460411853652,,0,0
rolling5_matched,2735,2022-05-06,2022-05-16,0.033741423035827,2022,2021-12-31,native_mse,20260912,-0.007599684217040516,,0,1
rolling5_matched,2740,2022-05-13,2022-05-23,0.0164308841843088,2022,2021-12-31,native_mse,20260912,-0.014185390667696775,,0,1
rolling5_matched,2745,2022-05-20,2022-05-30,-0.0147293413085614,2022,2021-12-31,native_mse,20260912,0.005948175926237302,,1,0
rolling5_matched,2750,2022-05-27,2022-06-13,0.0431748431927498,2022,2021-12-31,native_mse,20260912,-0.021455228363906963,,0,1
rolling5_matched,2759,2022-06-10,2022-06-20,0.0306046547112142,2022,2021-12-31,native_mse,20260912,0.0034852737341278827,,1,1
rolling5_matched,2764,2022-06-17,2022-06-27,0.0211666894141107,2022,2021-12-31,native_mse,20260912,-0.021804589252235274,,0,1
rolling5_matched,2769,2022-06-24,2022-07-04,0.0074507343130214,2022,2021-12-31,native_mse,20260912,0.00527067151364115,,1,1
rolling5_matched,2774,2022-07-01,2022-07-11,-0.0092349827532707,2022,2021-12-31,native_mse,20260912,0.005563430872130976,,1,0
rolling5_matched,2779,2022-07-08,2022-07-18,-0.0326815927737367,2022,2021-12-31,native_mse,20260912,0.003354335420678147,,1,0
rolling5_matched,2784,2022-07-15,2022-07-25,-0.0066210715249344,2022,2021-12-31,native_mse,20260912,0.005742053165804674,,1,0
rolling5_matched,2789,2022-07-22,2022-08-01,-0.0173077967751003,2022,2021-12-31,native_mse,20260912,0.028538629023540034,,1,0
rolling5_matched,2794,2022-07-29,2022-08-08,-0.004456034513838,2022,2021-12-31,native_mse,20260912,0.02828470729692765,,1,0
rolling5_matched,2799,2022-08-05,2022-08-15,0.0091475117753996,2022,2021-12-31,native_mse,20260912,0.019199918179949867,,1,1
rolling5_matched,2804,2022-08-12,2022-08-22,-0.0107272727272728,2022,2021-12-31,native_mse,20260912,0.02000837338667779,,1,0
rolling5_matched,2809,2022-08-19,2022-08-29,-0.0172375434082356,2022,2021-12-31,native_mse,20260912,0.0250992918745818,,1,0
rolling5_matched,2814,2022-08-26,2022-09-05,-0.0131573766941938,2022,2021-12-31,native_mse,20260912,0.017605937848412086,,1,0
rolling5_matched,2819,2022-09-02,2022-09-13,0.0253340680878015,2022,2021-12-31,native_mse,20260912,0.031057594030146993,,1,1
rolling5_matched,2824,2022-09-09,2022-09-19,-0.044647264962877,2022,2021-12-31,native_mse,20260912,0.02783895625983263,,1,0
rolling5_matched,2828,2022-09-16,2022-09-26,-0.025155151434928,2022,2021-12-31,native_mse,20260912,0.025047751977413126,,1,0
rolling5_matched,2833,2022-09-23,2022-10-10,-0.0060162941299352,2022,2021-12-31,native_mse,20260912,0.022012170211914976,,1,0
rolling5_matched,2838,2022-09-30,2022-10-17,0.0041192047412885,2022,2021-12-31,native_mse,20260912,0.007248172769439126,,1,1
rolling5_matched,2843,2022-10-14,2022-10-24,-0.0246766294110258,2022,2021-12-31,native_mse,20260912,0.004476581571935259,,1,0
rolling5_matched,2848,2022-10-21,2022-10-31,-0.059928861134359,2022,2021-12-31,native_mse,20260912,0.01089060007769688,,1,0
rolling5_matched,2853,2022-10-28,2022-11-07,0.071339502526744,2022,2021-12-31,native_mse,20260912,-0.007603483254811364,,0,1
rolling5_matched,2858,2022-11-04,2022-11-14,0.0169449090696014,2022,2021-12-31,native_mse,20260912,-0.019327371104027928,,0,1
rolling5_matched,2863,2022-11-11,2022-11-21,-0.0127051391515239,2022,2021-12-31,native_mse,20260912,-0.004885577404178085,,0,0
rolling5_matched,2868,2022-11-18,2022-11-28,-0.0179672806084416,2022,2021-12-31,native_mse,20260912,-0.03789028314734319,,0,0
rolling5_matched,2873,2022-11-25,2022-12-05,0.0555768659337096,2022,2021-12-31,native_mse,20260912,0.00194305728708103,,1,1
rolling5_matched,2878,2022-12-02,2022-12-12,0.0175374394775362,2022,2021-12-31,native_mse,20260912,-0.02365116385686017,,0,1
rolling5_matched,2883,2022-12-09,2022-12-19,-0.0058850602464181,2022,2021-12-31,native_mse,20260912,0.008511427303135937,,1,0
rolling5_matched,2888,2022-12-16,2022-12-26,-0.0309150292073658,2022,2021-12-31,native_mse,20260912,0.007767500086946653,,1,0
rolling5_matched,2893,2022-12-23,2023-01-03,0.0089464492229616,2022,2021-12-31,native_mse,20260912,0.0077877646225442375,,1,1
rolling5_matched,2898,2022-12-30,2023-01-09,0.0345913414268119,2022,2021-12-31,native_mse,20260912,-0.009255553181768598,,0,1
rolling5_matched,2902,2023-01-06,2023-01-16,0.0198447929614133,2023,2022-12-31,learned_market,20260910,0.382204737802888,0.382204737802888,0,1
rolling5_matched,2907,2023-01-13,2023-01-30,0.0465290788350809,2023,2022-12-31,learned_market,20260910,0.26821411004842005,0.26821411004842005,0,1
rolling5_matched,2912,2023-01-20,2023-02-06,-0.0383797057844887,2023,2022-12-31,learned_market,20260910,0.826562680292622,0.826562680292622,1,0
rolling5_matched,2917,2023-02-03,2023-02-13,-0.0012061903149008,2023,2022-12-31,learned_market,20260910,0.845016851471926,0.845016851471926,1,0
rolling5_matched,2922,2023-02-10,2023-02-20,-0.0143746584432821,2023,2022-12-31,learned_market,20260910,0.5712347278710167,0.5712347278710167,1,0
rolling5_matched,2927,2023-02-17,2023-02-27,0.0001237636016198,2023,2022-12-31,learned_market,20260910,0.5969682364207826,0.5969682364207826,1,1
rolling5_matched,2932,2023-02-24,2023-03-06,0.0224454641303217,2023,2022-12-31,learned_market,20260910,0.9080479138779107,0.9080479138779107,1,1
rolling5_matched,2937,2023-03-03,2023-03-13,-0.0407900947678007,2023,2022-12-31,learned_market,20260910,0.9367173547110293,0.9367173547110293,1,0
rolling5_matched,2942,2023-03-10,2023-03-20,5.0471402903706775e-06,2023,2022-12-31,learned_market,20260910,0.26298508257271724,0.26298508257271724,0,1
rolling5_matched,2947,2023-03-17,2023-03-27,0.015302852124583,2023,2022-12-31,learned_market,20260910,0.1424013388347852,0.1424013388347852,0,1
rolling5_matched,2952,2023-03-24,2023-04-03,0.0090274153058433,2023,2022-12-31,learned_market,20260910,0.6632748711934391,0.6632748711934391,1,1
rolling5_matched,2957,2023-03-31,2023-04-10,0.0178317182396383,2023,2022-12-31,learned_market,20260910,0.340731714166263,0.340731714166263,0,1
rolling5_matched,2961,2023-04-07,2023-04-17,-0.0101500238382772,2023,2022-12-31,learned_market,20260910,0.4968968511258816,0.4968968511258816,0,0
rolling5_matched,2966,2023-04-14,2023-04-24,-0.014368947230732,2023,2022-12-31,learned_market,20260910,0.046439903732048,0.046439903732048,0,0
rolling5_matched,2971,2023-04-21,2023-05-04,-0.0044228908788729,2023,2022-12-31,learned_market,20260910,0.08088902479669448,0.08088902479669448,0,0
rolling5_matched,2976,2023-04-28,2023-05-10,0.0036477163153083,2023,2022-12-31,learned_market,20260910,0.45065137524685644,0.45065137524685644,0,1
rolling5_matched,2978,2023-05-05,2023-05-15,-0.0221642407977935,2023,2022-12-31,learned_market,20260910,0.3314842821926545,0.3314842821926545,0,0
rolling5_matched,2983,2023-05-12,2023-05-22,0.0005509250208819,2023,2022-12-31,learned_market,20260910,0.6423695425003143,0.6423695425003143,1,1
rolling5_matched,2988,2023-05-19,2023-05-29,-0.0200253742704897,2023,2022-12-31,learned_market,20260910,0.6772650207250713,0.6772650207250713,1,0
rolling5_matched,2993,2023-05-26,2023-06-05,-0.0003935703040848,2023,2022-12-31,learned_market,20260910,0.6077755417114945,0.6077755417114945,1,0
rolling5_matched,2998,2023-06-02,2023-06-12,-0.0086075595250429,2023,2022-12-31,learned_market,20260910,0.6442205886479535,0.6442205886479535,1,0
rolling5_matched,3003,2023-06-09,2023-06-19,0.0338878539347273,2023,2022-12-31,learned_market,20260910,0.16643008227662953,0.16643008227662953,0,1
rolling5_matched,3008,2023-06-16,2023-07-03,-0.026216632171098,2023,2022-12-31,learned_market,20260910,0.5987451856715139,0.5987451856715139,1,0
rolling5_matched,3016,2023-06-30,2023-07-10,-0.0030441518806006,2023,2022-12-31,learned_market,20260910,0.6058649638365328,0.6058649638365328,1,0
rolling5_matched,3021,2023-07-07,2023-07-17,0.0104280552692135,2023,2022-12-31,learned_market,20260910,0.5703931116609409,0.5703931116609409,1,1
rolling5_matched,3026,2023-07-14,2023-07-24,-0.0201642613135752,2023,2022-12-31,learned_market,20260910,0.5310456982225396,0.5310456982225396,1,0
rolling5_matched,3031,2023-07-21,2023-07-31,0.0566710925894278,2023,2022-12-31,learned_market,20260910,0.5873330746448503,0.5873330746448503,1,1
rolling5_matched,3036,2023-07-28,2023-08-07,-0.0039612927947766,2023,2022-12-31,learned_market,20260910,0.7283878340359696,0.7283878340359696,1,0
rolling5_matched,3041,2023-08-04,2023-08-14,-0.0404899362223548,2023,2022-12-31,learned_market,20260910,0.11861246934881797,0.11861246934881797,0,0
rolling5_matched,3046,2023-08-11,2023-08-21,-0.0176157088591445,2023,2022-12-31,learned_market,20260910,0.6502298748630073,0.6502298748630073,1,0
rolling5_matched,3051,2023-08-18,2023-08-28,0.0366582477081969,2023,2022-12-31,learned_market,20260910,0.5416183247078691,0.5416183247078691,1,1
rolling5_matched,3056,2023-08-25,2023-09-04,-0.025197172476384,2023,2022-12-31,learned_market,20260910,0.10621294869984836,0.10621294869984836,0,0
rolling5_matched,3061,2023-09-01,2023-09-11,-0.0189903461587886,2023,2022-12-31,learned_market,20260910,0.4632159154225405,0.4632159154225405,0,0
rolling5_matched,3066,2023-09-08,2023-09-18,-0.0111346368744954,2023,2022-12-31,learned_market,20260910,0.9164920400157265,0.9164920400157265,1,0
rolling5_matched,3071,2023-09-15,2023-09-25,0.0105787349314532,2023,2022-12-31,learned_market,20260910,0.6492249092864059,0.6492249092864059,1,1
rolling5_matched,3076,2023-09-22,2023-10-16,-0.0198017153282719,2023,2022-12-31,learned_market,20260910,0.11673498094882663,0.11673498094882663,0,0
rolling5_matched,3085,2023-10-13,2023-10-23,-0.0447156690429144,2023,2022-12-31,learned_market,20260910,0.5375777111718244,0.5375777111718244,1,0
rolling5_matched,3090,2023-10-20,2023-10-30,0.0154019770298841,2023,2022-12-31,learned_market,20260910,0.04172331739998919,0.04172331739998919,0,1
rolling5_matched,3095,2023-10-27,2023-11-06,0.0152527637017425,2023,2022-12-31,learned_market,20260910,0.3705711226726098,0.3705711226726098,0,1
rolling5_matched,3100,2023-11-03,2023-11-13,-0.0039935482440582,2023,2022-12-31,learned_market,20260910,0.5385166581583892,0.5385166581583892,1,0
rolling5_matched,3105,2023-11-10,2023-11-20,-0.0067280482816765,2023,2022-12-31,learned_market,20260910,0.3645310407433612,0.3645310407433612,0,0
rolling5_matched,3110,2023-11-17,2023-11-27,-0.0098859017348651,2023,2022-12-31,learned_market,20260910,0.3115843851106113,0.3115843851106113,0,0
rolling5_matched,3115,2023-11-24,2023-12-04,-0.0151084754586299,2023,2022-12-31,learned_market,20260910,0.30705303678727075,0.30705303678727075,0,0
rolling5_matched,3120,2023-12-01,2023-12-11,-0.0295859857973478,2023,2022-12-31,learned_market,20260910,0.22030881922906317,0.22030881922906317,0,0
rolling5_matched,3125,2023-12-08,2023-12-18,-0.0144639658974852,2023,2022-12-31,learned_market,20260910,0.529731771359723,0.529731771359723,1,0
rolling5_matched,3130,2023-12-15,2023-12-25,0.0003424256350643,2023,2022-12-31,learned_market,20260910,0.6427526371928705,0.6427526371928705,1,1
rolling5_matched,3135,2023-12-22,2024-01-02,0.0288079559683274,2023,2022-12-31,learned_market,20260910,0.6848777909412368,0.6848777909412368,1,1
rolling5_matched,3140,2023-12-29,2024-01-08,-0.0302544749829989,2023,2022-12-31,learned_market,20260910,0.7696833338512838,0.7696833338512838,1,0
rolling5_matched,2902,2023-01-06,2023-01-16,0.0198447929614133,2023,2022-12-31,learned_vol_interaction,20260910,0.37716520144150784,0.37716520144150784,0,1
rolling5_matched,2907,2023-01-13,2023-01-30,0.0465290788350809,2023,2022-12-31,learned_vol_interaction,20260910,0.22626554635724275,0.22626554635724275,0,1
rolling5_matched,2912,2023-01-20,2023-02-06,-0.0383797057844887,2023,2022-12-31,learned_vol_interaction,20260910,0.8594087326454907,0.8594087326454907,1,0
rolling5_matched,2917,2023-02-03,2023-02-13,-0.0012061903149008,2023,2022-12-31,learned_vol_interaction,20260910,0.872006005337554,0.872006005337554,1,0
rolling5_matched,2922,2023-02-10,2023-02-20,-0.0143746584432821,2023,2022-12-31,learned_vol_interaction,20260910,0.5667269139889966,0.5667269139889966,1,0
rolling5_matched,2927,2023-02-17,2023-02-27,0.0001237636016198,2023,2022-12-31,learned_vol_interaction,20260910,0.6020617880330684,0.6020617880330684,1,1
rolling5_matched,2932,2023-02-24,2023-03-06,0.0224454641303217,2023,2022-12-31,learned_vol_interaction,20260910,0.9174249142746181,0.9174249142746181,1,1
rolling5_matched,2937,2023-03-03,2023-03-13,-0.0407900947678007,2023,2022-12-31,learned_vol_interaction,20260910,0.947693573583423,0.947693573583423,1,0
rolling5_matched,2942,2023-03-10,2023-03-20,5.0471402903706775e-06,2023,2022-12-31,learned_vol_interaction,20260910,0.24469642047874696,0.24469642047874696,0,1
rolling5_matched,2947,2023-03-17,2023-03-27,0.015302852124583,2023,2022-12-31,learned_vol_interaction,20260910,0.11060546994171305,0.11060546994171305,0,1
rolling5_matched,2952,2023-03-24,2023-04-03,0.0090274153058433,2023,2022-12-31,learned_vol_interaction,20260910,0.6705835048408118,0.6705835048408118,1,1
rolling5_matched,2957,2023-03-31,2023-04-10,0.0178317182396383,2023,2022-12-31,learned_vol_interaction,20260910,0.31462244498032715,0.31462244498032715,0,1
rolling5_matched,2961,2023-04-07,2023-04-17,-0.0101500238382772,2023,2022-12-31,learned_vol_interaction,20260910,0.4848161928330191,0.4848161928330191,0,0
rolling5_matched,2966,2023-04-14,2023-04-24,-0.014368947230732,2023,2022-12-31,learned_vol_interaction,20260910,0.02401492309232246,0.02401492309232246,0,0
rolling5_matched,2971,2023-04-21,2023-05-04,-0.0044228908788729,2023,2022-12-31,learned_vol_interaction,20260910,0.05143379548122655,0.05143379548122655,0,0
rolling5_matched,2976,2023-04-28,2023-05-10,0.0036477163153083,2023,2022-12-31,learned_vol_interaction,20260910,0.43426073110833546,0.43426073110833546,0,1
rolling5_matched,2978,2023-05-05,2023-05-15,-0.0221642407977935,2023,2022-12-31,learned_vol_interaction,20260910,0.3118355718578314,0.3118355718578314,0,0
rolling5_matched,2983,2023-05-12,2023-05-22,0.0005509250208819,2023,2022-12-31,learned_vol_interaction,20260910,0.661728680905816,0.661728680905816,1,1
rolling5_matched,2988,2023-05-19,2023-05-29,-0.0200253742704897,2023,2022-12-31,learned_vol_interaction,20260910,0.7021515775152679,0.7021515775152679,1,0
rolling5_matched,2993,2023-05-26,2023-06-05,-0.0003935703040848,2023,2022-12-31,learned_vol_interaction,20260910,0.623366455434299,0.623366455434299,1,0
rolling5_matched,2998,2023-06-02,2023-06-12,-0.0086075595250429,2023,2022-12-31,learned_vol_interaction,20260910,0.6712537951129022,0.6712537951129022,1,0
rolling5_matched,3003,2023-06-09,2023-06-19,0.0338878539347273,2023,2022-12-31,learned_vol_interaction,20260910,0.14001997271104433,0.14001997271104433,0,1
rolling5_matched,3008,2023-06-16,2023-07-03,-0.026216632171098,2023,2022-12-31,learned_vol_interaction,20260910,0.604048077449573,0.604048077449573,1,0
rolling5_matched,3016,2023-06-30,2023-07-10,-0.0030441518806006,2023,2022-12-31,learned_vol_interaction,20260910,0.6144914952148202,0.6144914952148202,1,0
rolling5_matched,3021,2023-07-07,2023-07-17,0.0104280552692135,2023,2022-12-31,learned_vol_interaction,20260910,0.5531000325128207,0.5531000325128207,1,1
rolling5_matched,3026,2023-07-14,2023-07-24,-0.0201642613135752,2023,2022-12-31,learned_vol_interaction,20260910,0.5268025497652912,0.5268025497652912,1,0
rolling5_matched,3031,2023-07-21,2023-07-31,0.0566710925894278,2023,2022-12-31,learned_vol_interaction,20260910,0.6109501777743451,0.6109501777743451,1,1
rolling5_matched,3036,2023-07-28,2023-08-07,-0.0039612927947766,2023,2022-12-31,learned_vol_interaction,20260910,0.728296447100568,0.728296447100568,1,0
rolling5_matched,3041,2023-08-04,2023-08-14,-0.0404899362223548,2023,2022-12-31,learned_vol_interaction,20260910,0.09236005442963312,0.09236005442963312,0,0
rolling5_matched,3046,2023-08-11,2023-08-21,-0.0176157088591445,2023,2022-12-31,learned_vol_interaction,20260910,0.6575450919745877,0.6575450919745877,1,0
rolling5_matched,3051,2023-08-18,2023-08-28,0.0366582477081969,2023,2022-12-31,learned_vol_interaction,20260910,0.5422446245605526,0.5422446245605526,1,1
rolling5_matched,3056,2023-08-25,2023-09-04,-0.025197172476384,2023,2022-12-31,learned_vol_interaction,20260910,0.08384917427441277,0.08384917427441277,0,0
rolling5_matched,3061,2023-09-01,2023-09-11,-0.0189903461587886,2023,2022-12-31,learned_vol_interaction,20260910,0.4801604918910906,0.4801604918910906,0,0
rolling5_matched,3066,2023-09-08,2023-09-18,-0.0111346368744954,2023,2022-12-31,learned_vol_interaction,20260910,0.9401557321950579,0.9401557321950579,1,0
rolling5_matched,3071,2023-09-15,2023-09-25,0.0105787349314532,2023,2022-12-31,learned_vol_interaction,20260910,0.6679541379962369,0.6679541379962369,1,1
rolling5_matched,3076,2023-09-22,2023-10-16,-0.0198017153282719,2023,2022-12-31,learned_vol_interaction,20260910,0.08075668697017799,0.08075668697017799,0,0
rolling5_matched,3085,2023-10-13,2023-10-23,-0.0447156690429144,2023,2022-12-31,learned_vol_interaction,20260910,0.5191289884833384,0.5191289884833384,1,0
rolling5_matched,3090,2023-10-20,2023-10-30,0.0154019770298841,2023,2022-12-31,learned_vol_interaction,20260910,0.0255809467911051,0.0255809467911051,0,1
rolling5_matched,3095,2023-10-27,2023-11-06,0.0152527637017425,2023,2022-12-31,learned_vol_interaction,20260910,0.3488397951338164,0.3488397951338164,0,1
rolling5_matched,3100,2023-11-03,2023-11-13,-0.0039935482440582,2023,2022-12-31,learned_vol_interaction,20260910,0.5496244651846378,0.5496244651846378,1,0
rolling5_matched,3105,2023-11-10,2023-11-20,-0.0067280482816765,2023,2022-12-31,learned_vol_interaction,20260910,0.35185837630135375,0.35185837630135375,0,0
rolling5_matched,3110,2023-11-17,2023-11-27,-0.0098859017348651,2023,2022-12-31,learned_vol_interaction,20260910,0.27253561694555495,0.27253561694555495,0,0
rolling5_matched,3115,2023-11-24,2023-12-04,-0.0151084754586299,2023,2022-12-31,learned_vol_interaction,20260910,0.27188981134126733,0.27188981134126733,0,0
rolling5_matched,3120,2023-12-01,2023-12-11,-0.0295859857973478,2023,2022-12-31,learned_vol_interaction,20260910,0.18020338229890714,0.18020338229890714,0,0
rolling5_matched,3125,2023-12-08,2023-12-18,-0.0144639658974852,2023,2022-12-31,learned_vol_interaction,20260910,0.5123050714220293,0.5123050714220293,1,0
rolling5_matched,3130,2023-12-15,2023-12-25,0.0003424256350643,2023,2022-12-31,learned_vol_interaction,20260910,0.6643200241519278,0.6643200241519278,1,1
rolling5_matched,3135,2023-12-22,2024-01-02,0.0288079559683274,2023,2022-12-31,learned_vol_interaction,20260910,0.6948004099007942,0.6948004099007942,1,1
rolling5_matched,3140,2023-12-29,2024-01-08,-0.0302544749829989,2023,2022-12-31,learned_vol_interaction,20260910,0.7916805552127608,0.7916805552127608,1,0
rolling5_matched,2902,2023-01-06,2023-01-16,0.0198447929614133,2023,2022-12-31,learned_order_extension,20260910,0.3753653457898438,0.3753653457898438,0,1
rolling5_matched,2907,2023-01-13,2023-01-30,0.0465290788350809,2023,2022-12-31,learned_order_extension,20260910,0.23828223399621487,0.23828223399621487,0,1
rolling5_matched,2912,2023-01-20,2023-02-06,-0.0383797057844887,2023,2022-12-31,learned_order_extension,20260910,0.8462761439628862,0.8462761439628862,1,0
rolling5_matched,2917,2023-02-03,2023-02-13,-0.0012061903149008,2023,2022-12-31,learned_order_extension,20260910,0.8609069038781327,0.8609069038781327,1,0
rolling5_matched,2922,2023-02-10,2023-02-20,-0.0143746584432821,2023,2022-12-31,learned_order_extension,20260910,0.5606705871384258,0.5606705871384258,1,0
rolling5_matched,2927,2023-02-17,2023-02-27,0.0001237636016198,2023,2022-12-31,learned_order_extension,20260910,0.6059020470775891,0.6059020470775891,1,1
rolling5_matched,2932,2023-02-24,2023-03-06,0.0224454641303217,2023,2022-12-31,learned_order_extension,20260910,0.9209473437778338,0.9209473437778338,1,1
rolling5_matched,2937,2023-03-03,2023-03-13,-0.0407900947678007,2023,2022-12-31,learned_order_extension,20260910,0.9488314368212809,0.9488314368212809,1,0
rolling5_matched,2942,2023-03-10,2023-03-20,5.0471402903706775e-06,2023,2022-12-31,learned_order_extension,20260910,0.2547541040533868,0.2547541040533868,0,1
rolling5_matched,2947,2023-03-17,2023-03-27,0.015302852124583,2023,2022-12-31,learned_order_extension,20260910,0.12133559986304117,0.12133559986304117,0,1
rolling5_matched,2952,2023-03-24,2023-04-03,0.0090274153058433,2023,2022-12-31,learned_order_extension,20260910,0.6758927648794711,0.6758927648794711,1,1
rolling5_matched,2957,2023-03-31,2023-04-10,0.0178317182396383,2023,2022-12-31,learned_order_extension,20260910,0.3287076902737837,0.3287076902737837,0,1
rolling5_matched,2961,2023-04-07,2023-04-17,-0.0101500238382772,2023,2022-12-31,learned_order_extension,20260910,0.4796332193717424,0.4796332193717424,0,0
rolling5_matched,2966,2023-04-14,2023-04-24,-0.014368947230732,2023,2022-12-31,learned_order_extension,20260910,0.028828868808344687,0.028828868808344687,0,0
rolling5_matched,2971,2023-04-21,2023-05-04,-0.0044228908788729,2023,2022-12-31,learned_order_extension,20260910,0.060029283293607884,0.060029283293607884,0,0
rolling5_matched,2976,2023-04-28,2023-05-10,0.0036477163153083,2023,2022-12-31,learned_order_extension,20260910,0.4356686296187212,0.4356686296187212,0,1
rolling5_matched,2978,2023-05-05,2023-05-15,-0.0221642407977935,2023,2022-12-31,learned_order_extension,20260910,0.3086874082151246,0.3086874082151246,0,0
rolling5_matched,2983,2023-05-12,2023-05-22,0.0005509250208819,2023,2022-12-31,learned_order_extension,20260910,0.6293611839099005,0.6293611839099005,1,1
rolling5_matched,2988,2023-05-19,2023-05-29,-0.0200253742704897,2023,2022-12-31,learned_order_extension,20260910,0.6804395071598168,0.6804395071598168,1,0
rolling5_matched,2993,2023-05-26,2023-06-05,-0.0003935703040848,2023,2022-12-31,learned_order_extension,20260910,0.6106813010921218,0.6106813010921218,1,0
rolling5_matched,2998,2023-06-02,2023-06-12,-0.0086075595250429,2023,2022-12-31,learned_order_extension,20260910,0.6553340918999917,0.6553340918999917,1,0
rolling5_matched,3003,2023-06-09,2023-06-19,0.0338878539347273,2023,2022-12-31,learned_order_extension,20260910,0.1572508224113615,0.1572508224113615,0,1
rolling5_matched,3008,2023-06-16,2023-07-03,-0.026216632171098,2023,2022-12-31,learned_order_extension,20260910,0.5827415466033328,0.5827415466033328,1,0
rolling5_matched,3016,2023-06-30,2023-07-10,-0.0030441518806006,2023,2022-12-31,learned_order_extension,20260910,0.6004160982539618,0.6004160982539618,1,0
rolling5_matched,3021,2023-07-07,2023-07-17,0.0104280552692135,2023,2022-12-31,learned_order_extension,20260910,0.5337877426206344,0.5337877426206344,1,1
rolling5_matched,3026,2023-07-14,2023-07-24,-0.0201642613135752,2023,2022-12-31,learned_order_extension,20260910,0.49876948062382787,0.49876948062382787,0,0
rolling5_matched,3031,2023-07-21,2023-07-31,0.0566710925894278,2023,2022-12-31,learned_order_extension,20260910,0.5921772592000264,0.5921772592000264,1,1
rolling5_matched,3036,2023-07-28,2023-08-07,-0.0039612927947766,2023,2022-12-31,learned_order_extension,20260910,0.7110735764064484,0.7110735764064484,1,0
rolling5_matched,3041,2023-08-04,2023-08-14,-0.0404899362223548,2023,2022-12-31,learned_order_extension,20260910,0.11245689767420616,0.11245689767420616,0,0
rolling5_matched,3046,2023-08-11,2023-08-21,-0.0176157088591445,2023,2022-12-31,learned_order_extension,20260910,0.6398081556181581,0.6398081556181581,1,0
rolling5_matched,3051,2023-08-18,2023-08-28,0.0366582477081969,2023,2022-12-31,learned_order_extension,20260910,0.5378182949463679,0.5378182949463679,1,1
rolling5_matched,3056,2023-08-25,2023-09-04,-0.025197172476384,2023,2022-12-31,learned_order_extension,20260910,0.09892575043510246,0.09892575043510246,0,0
rolling5_matched,3061,2023-09-01,2023-09-11,-0.0189903461587886,2023,2022-12-31,learned_order_extension,20260910,0.49042453085912274,0.49042453085912274,0,0
rolling5_matched,3066,2023-09-08,2023-09-18,-0.0111346368744954,2023,2022-12-31,learned_order_extension,20260910,0.9292994280299854,0.9292994280299854,1,0
rolling5_matched,3071,2023-09-15,2023-09-25,0.0105787349314532,2023,2022-12-31,learned_order_extension,20260910,0.6685626883905583,0.6685626883905583,1,1
rolling5_matched,3076,2023-09-22,2023-10-16,-0.0198017153282719,2023,2022-12-31,learned_order_extension,20260910,0.08841105689266211,0.08841105689266211,0,0
rolling5_matched,3085,2023-10-13,2023-10-23,-0.0447156690429144,2023,2022-12-31,learned_order_extension,20260910,0.5217096106949992,0.5217096106949992,1,0
rolling5_matched,3090,2023-10-20,2023-10-30,0.0154019770298841,2023,2022-12-31,learned_order_extension,20260910,0.02348306766811122,0.02348306766811122,0,1
rolling5_matched,3095,2023-10-27,2023-11-06,0.0152527637017425,2023,2022-12-31,learned_order_extension,20260910,0.3547071886872277,0.3547071886872277,0,1
rolling5_matched,3100,2023-11-03,2023-11-13,-0.0039935482440582,2023,2022-12-31,learned_order_extension,20260910,0.5497560402109016,0.5497560402109016,1,0
rolling5_matched,3105,2023-11-10,2023-11-20,-0.0067280482816765,2023,2022-12-31,learned_order_extension,20260910,0.3567666186418864,0.3567666186418864,0,0
rolling5_matched,3110,2023-11-17,2023-11-27,-0.0098859017348651,2023,2022-12-31,learned_order_extension,20260910,0.2870032015013912,0.2870032015013912,0,0
rolling5_matched,3115,2023-11-24,2023-12-04,-0.0151084754586299,2023,2022-12-31,learned_order_extension,20260910,0.28632111013457584,0.28632111013457584,0,0
rolling5_matched,3120,2023-12-01,2023-12-11,-0.0295859857973478,2023,2022-12-31,learned_order_extension,20260910,0.17831191603579438,0.17831191603579438,0,0
rolling5_matched,3125,2023-12-08,2023-12-18,-0.0144639658974852,2023,2022-12-31,learned_order_extension,20260910,0.5155941391710758,0.5155941391710758,1,0
rolling5_matched,3130,2023-12-15,2023-12-25,0.0003424256350643,2023,2022-12-31,learned_order_extension,20260910,0.6695261697406554,0.6695261697406554,1,1
rolling5_matched,3135,2023-12-22,2024-01-02,0.0288079559683274,2023,2022-12-31,learned_order_extension,20260910,0.7012735449506493,0.7012735449506493,1,1
rolling5_matched,3140,2023-12-29,2024-01-08,-0.0302544749829989,2023,2022-12-31,learned_order_extension,20260910,0.7772824618427119,0.7772824618427119,1,0
rolling5_matched,2902,2023-01-06,2023-01-16,0.0198447929614133,2023,2022-12-31,learned_order_offset,20260910,0.37484425923529885,0.37484425923529885,0,1
rolling5_matched,2907,2023-01-13,2023-01-30,0.0465290788350809,2023,2022-12-31,learned_order_offset,20260910,0.24111492590797942,0.24111492590797942,0,1
rolling5_matched,2912,2023-01-20,2023-02-06,-0.0383797057844887,2023,2022-12-31,learned_order_offset,20260910,0.84471298855944,0.84471298855944,1,0
rolling5_matched,2917,2023-02-03,2023-02-13,-0.0012061903149008,2023,2022-12-31,learned_order_offset,20260910,0.859864669321739,0.859864669321739,1,0
rolling5_matched,2922,2023-02-10,2023-02-20,-0.0143746584432821,2023,2022-12-31,learned_order_offset,20260910,0.5591431067216923,0.5591431067216923,1,0
rolling5_matched,2927,2023-02-17,2023-02-27,0.0001237636016198,2023,2022-12-31,learned_order_offset,20260910,0.6041505593909456,0.6041505593909456,1,1
rolling5_matched,2932,2023-02-24,2023-03-06,0.0224454641303217,2023,2022-12-31,learned_order_offset,20260910,0.9205374647807417,0.9205374647807417,1,1
rolling5_matched,2937,2023-03-03,2023-03-13,-0.0407900947678007,2023,2022-12-31,learned_order_offset,20260910,0.9485413270280134,0.9485413270280134,1,0
rolling5_matched,2942,2023-03-10,2023-03-20,5.0471402903706775e-06,2023,2022-12-31,learned_order_offset,20260910,0.25560083290237207,0.25560083290237207,0,1
rolling5_matched,2947,2023-03-17,2023-03-27,0.015302852124583,2023,2022-12-31,learned_order_offset,20260910,0.12289836626295028,0.12289836626295028,0,1
rolling5_matched,2952,2023-03-24,2023-04-03,0.0090274153058433,2023,2022-12-31,learned_order_offset,20260910,0.6763879059848192,0.6763879059848192,1,1
rolling5_matched,2957,2023-03-31,2023-04-10,0.0178317182396383,2023,2022-12-31,learned_order_offset,20260910,0.32828977142149574,0.32828977142149574,0,1
rolling5_matched,2961,2023-04-07,2023-04-17,-0.0101500238382772,2023,2022-12-31,learned_order_offset,20260910,0.4795578785829491,0.4795578785829491,0,0
rolling5_matched,2966,2023-04-14,2023-04-24,-0.014368947230732,2023,2022-12-31,learned_order_offset,20260910,0.029461083461439715,0.029461083461439715,0,0
rolling5_matched,2971,2023-04-21,2023-05-04,-0.0044228908788729,2023,2022-12-31,learned_order_offset,20260910,0.0617195269006163,0.0617195269006163,0,0
rolling5_matched,2976,2023-04-28,2023-05-10,0.0036477163153083,2023,2022-12-31,learned_order_offset,20260910,0.438202976790916,0.438202976790916,0,1
rolling5_matched,2978,2023-05-05,2023-05-15,-0.0221642407977935,2023,2022-12-31,learned_order_offset,20260910,0.3097566354561035,0.3097566354561035,0,0
rolling5_matched,2983,2023-05-12,2023-05-22,0.0005509250208819,2023,2022-12-31,learned_order_offset,20260910,0.6296263872070796,0.6296263872070796,1,1
rolling5_matched,2988,2023-05-19,2023-05-29,-0.0200253742704897,2023,2022-12-31,learned_order_offset,20260910,0.6812461504648467,0.6812461504648467,1,0
rolling5_matched,2993,2023-05-26,2023-06-05,-0.0003935703040848,2023,2022-12-31,learned_order_offset,20260910,0.6135733965751106,0.6135733965751106,1,0
rolling5_matched,2998,2023-06-02,2023-06-12,-0.0086075595250429,2023,2022-12-31,learned_order_offset,20260910,0.6579184151271652,0.6579184151271652,1,0
rolling5_matched,3003,2023-06-09,2023-06-19,0.0338878539347273,2023,2022-12-31,learned_order_offset,20260910,0.15893587668112827,0.15893587668112827,0,1
rolling5_matched,3008,2023-06-16,2023-07-03,-0.026216632171098,2023,2022-12-31,learned_order_offset,20260910,0.5838701118267532,0.5838701118267532,1,0
rolling5_matched,3016,2023-06-30,2023-07-10,-0.0030441518806006,2023,2022-12-31,learned_order_offset,20260910,0.6010482251423066,0.6010482251423066,1,0
rolling5_matched,3021,2023-07-07,2023-07-17,0.0104280552692135,2023,2022-12-31,learned_order_offset,20260910,0.534650975631329,0.534650975631329,1,1
rolling5_matched,3026,2023-07-14,2023-07-24,-0.0201642613135752,2023,2022-12-31,learned_order_offset,20260910,0.49886124706496615,0.49886124706496615,0,0
rolling5_matched,3031,2023-07-21,2023-07-31,0.0566710925894278,2023,2022-12-31,learned_order_offset,20260910,0.59268250836412,0.59268250836412,1,1
rolling5_matched,3036,2023-07-28,2023-08-07,-0.0039612927947766,2023,2022-12-31,learned_order_offset,20260910,0.710843197757173,0.710843197757173,1,0
rolling5_matched,3041,2023-08-04,2023-08-14,-0.0404899362223548,2023,2022-12-31,learned_order_offset,20260910,0.11377755863165744,0.11377755863165744,0,0
rolling5_matched,3046,2023-08-11,2023-08-21,-0.0176157088591445,2023,2022-12-31,learned_order_offset,20260910,0.639346957174152,0.639346957174152,1,0
rolling5_matched,3051,2023-08-18,2023-08-28,0.0366582477081969,2023,2022-12-31,learned_order_offset,20260910,0.5390079341813692,0.5390079341813692,1,1
rolling5_matched,3056,2023-08-25,2023-09-04,-0.025197172476384,2023,2022-12-31,learned_order_offset,20260910,0.09960407100878732,0.09960407100878732,0,0
rolling5_matched,3061,2023-09-01,2023-09-11,-0.0189903461587886,2023,2022-12-31,learned_order_offset,20260910,0.49281305095731753,0.49281305095731753,0,0
rolling5_matched,3066,2023-09-08,2023-09-18,-0.0111346368744954,2023,2022-12-31,learned_order_offset,20260910,0.9297150387759485,0.9297150387759485,1,0
rolling5_matched,3071,2023-09-15,2023-09-25,0.0105787349314532,2023,2022-12-31,learned_order_offset,20260910,0.6710586531411571,0.6710586531411571,1,1
rolling5_matched,3076,2023-09-22,2023-10-16,-0.0198017153282719,2023,2022-12-31,learned_order_offset,20260910,0.0902226986684439,0.0902226986684439,0,0
rolling5_matched,3085,2023-10-13,2023-10-23,-0.0447156690429144,2023,2022-12-31,learned_order_offset,20260910,0.5242759710101719,0.5242759710101719,1,0
rolling5_matched,3090,2023-10-20,2023-10-30,0.0154019770298841,2023,2022-12-31,learned_order_offset,20260910,0.024065860125523458,0.024065860125523458,0,1
rolling5_matched,3095,2023-10-27,2023-11-06,0.0152527637017425,2023,2022-12-31,learned_order_offset,20260910,0.35980228742159637,0.35980228742159637,0,1
rolling5_matched,3100,2023-11-03,2023-11-13,-0.0039935482440582,2023,2022-12-31,learned_order_offset,20260910,0.5516774424165638,0.5516774424165638,1,0
rolling5_matched,3105,2023-11-10,2023-11-20,-0.0067280482816765,2023,2022-12-31,learned_order_offset,20260910,0.3592331342535573,0.3592331342535573,0,0
rolling5_matched,3110,2023-11-17,2023-11-27,-0.0098859017348651,2023,2022-12-31,learned_order_offset,20260910,0.2900930106089395,0.2900930106089395,0,0
rolling5_matched,3115,2023-11-24,2023-12-04,-0.0151084754586299,2023,2022-12-31,learned_order_offset,20260910,0.2897557861165949,0.2897557861165949,0,0
rolling5_matched,3120,2023-12-01,2023-12-11,-0.0295859857973478,2023,2022-12-31,learned_order_offset,20260910,0.17937086198188357,0.17937086198188357,0,0
rolling5_matched,3125,2023-12-08,2023-12-18,-0.0144639658974852,2023,2022-12-31,learned_order_offset,20260910,0.5196802759282299,0.5196802759282299,1,0
rolling5_matched,3130,2023-12-15,2023-12-25,0.0003424256350643,2023,2022-12-31,learned_order_offset,20260910,0.6716597079890856,0.6716597079890856,1,1
rolling5_matched,3135,2023-12-22,2024-01-02,0.0288079559683274,2023,2022-12-31,learned_order_offset,20260910,0.7032498811532285,0.7032498811532285,1,1
rolling5_matched,3140,2023-12-29,2024-01-08,-0.0302544749829989,2023,2022-12-31,learned_order_offset,20260910,0.7782178109315346,0.7782178109315346,1,0
rolling5_matched,2902,2023-01-06,2023-01-16,0.0198447929614133,2023,2022-12-31,native_mse,20260910,0.0025303507828459883,,1,1
rolling5_matched,2907,2023-01-13,2023-01-30,0.0465290788350809,2023,2022-12-31,native_mse,20260910,-0.013945950664595794,,0,1
rolling5_matched,2912,2023-01-20,2023-02-06,-0.0383797057844887,2023,2022-12-31,native_mse,20260910,0.024109752554778638,,1,0
rolling5_matched,2917,2023-02-03,2023-02-13,-0.0012061903149008,2023,2022-12-31,native_mse,20260910,0.02582735252600395,,1,0
rolling5_matched,2922,2023-02-10,2023-02-20,-0.0143746584432821,2023,2022-12-31,native_mse,20260910,0.01014768630990798,,1,0
rolling5_matched,2927,2023-02-17,2023-02-27,0.0001237636016198,2023,2022-12-31,native_mse,20260910,0.005192826287318169,,1,1
rolling5_matched,2932,2023-02-24,2023-03-06,0.0224454641303217,2023,2022-12-31,native_mse,20260910,0.034891565743388094,,1,1
rolling5_matched,2937,2023-03-03,2023-03-13,-0.0407900947678007,2023,2022-12-31,native_mse,20260910,0.0379155310352316,,1,0
rolling5_matched,2942,2023-03-10,2023-03-20,5.0471402903706775e-06,2023,2022-12-31,native_mse,20260910,-0.01642027766210629,,0,1
rolling5_matched,2947,2023-03-17,2023-03-27,0.015302852124583,2023,2022-12-31,native_mse,20260910,-0.027898348287671865,,0,1
rolling5_matched,2952,2023-03-24,2023-04-03,0.0090274153058433,2023,2022-12-31,native_mse,20260910,0.012198322198277801,,1,1
rolling5_matched,2957,2023-03-31,2023-04-10,0.0178317182396383,2023,2022-12-31,native_mse,20260910,-0.005786274671915984,,0,1
rolling5_matched,2961,2023-04-07,2023-04-17,-0.0101500238382772,2023,2022-12-31,native_mse,20260910,0.003317424047612874,,1,0
rolling5_matched,2966,2023-04-14,2023-04-24,-0.014368947230732,2023,2022-12-31,native_mse,20260910,-0.041687683581162864,,0,0
rolling5_matched,2971,2023-04-21,2023-05-04,-0.0044228908788729,2023,2022-12-31,native_mse,20260910,-0.03253153966246882,,0,0
rolling5_matched,2976,2023-04-28,2023-05-10,0.0036477163153083,2023,2022-12-31,native_mse,20260910,0.0024212509861165662,,1,1
rolling5_matched,2978,2023-05-05,2023-05-15,-0.0221642407977935,2023,2022-12-31,native_mse,20260910,-0.0035721628929208053,,0,0
rolling5_matched,2983,2023-05-12,2023-05-22,0.0005509250208819,2023,2022-12-31,native_mse,20260910,0.00760640508595667,,1,1
rolling5_matched,2988,2023-05-19,2023-05-29,-0.0200253742704897,2023,2022-12-31,native_mse,20260910,0.010886681580095146,,1,0
rolling5_matched,2993,2023-05-26,2023-06-05,-0.0003935703040848,2023,2022-12-31,native_mse,20260910,0.01617888813185153,,1,0
rolling5_matched,2998,2023-06-02,2023-06-12,-0.0086075595250429,2023,2022-12-31,native_mse,20260910,0.015037867127105987,,1,0
rolling5_matched,3003,2023-06-09,2023-06-19,0.0338878539347273,2023,2022-12-31,native_mse,20260910,-0.022280700540780355,,0,1
rolling5_matched,3008,2023-06-16,2023-07-03,-0.026216632171098,2023,2022-12-31,native_mse,20260910,0.005874328737011543,,1,0
rolling5_matched,3016,2023-06-30,2023-07-10,-0.0030441518806006,2023,2022-12-31,native_mse,20260910,0.008295464819502092,,1,0
rolling5_matched,3021,2023-07-07,2023-07-17,0.0104280552692135,2023,2022-12-31,native_mse,20260910,0.008321947527212659,,1,1
rolling5_matched,3026,2023-07-14,2023-07-24,-0.0201642613135752,2023,2022-12-31,native_mse,20260910,0.007295750656985279,,1,0
rolling5_matched,3031,2023-07-21,2023-07-31,0.0566710925894278,2023,2022-12-31,native_mse,20260910,0.008088056557230367,,1,1
rolling5_matched,3036,2023-07-28,2023-08-07,-0.0039612927947766,2023,2022-12-31,native_mse,20260910,0.015531155770726052,,1,0
rolling5_matched,3041,2023-08-04,2023-08-14,-0.0404899362223548,2023,2022-12-31,native_mse,20260910,-0.03338980680733061,,0,0
rolling5_matched,3046,2023-08-11,2023-08-21,-0.0176157088591445,2023,2022-12-31,native_mse,20260910,0.013530288253272214,,1,0
rolling5_matched,3051,2023-08-18,2023-08-28,0.0366582477081969,2023,2022-12-31,native_mse,20260910,0.00415732995294059,,1,1
rolling5_matched,3056,2023-08-25,2023-09-04,-0.025197172476384,2023,2022-12-31,native_mse,20260910,-0.024929255145308943,,0,0
rolling5_matched,3061,2023-09-01,2023-09-11,-0.0189903461587886,2023,2022-12-31,native_mse,20260910,0.0030715485140103715,,1,0
rolling5_matched,3066,2023-09-08,2023-09-18,-0.0111346368744954,2023,2022-12-31,native_mse,20260910,0.03564026968549164,,1,0
rolling5_matched,3071,2023-09-15,2023-09-25,0.0105787349314532,2023,2022-12-31,native_mse,20260910,0.0069769142493272965,,1,1
rolling5_matched,3076,2023-09-22,2023-10-16,-0.0198017153282719,2023,2022-12-31,native_mse,20260910,-0.03110248166438168,,0,0
rolling5_matched,3085,2023-10-13,2023-10-23,-0.0447156690429144,2023,2022-12-31,native_mse,20260910,0.004860992744482379,,1,0
rolling5_matched,3090,2023-10-20,2023-10-30,0.0154019770298841,2023,2022-12-31,native_mse,20260910,-0.0423445090612458,,0,1
rolling5_matched,3095,2023-10-27,2023-11-06,0.0152527637017425,2023,2022-12-31,native_mse,20260910,-0.0003560478366348784,,0,1
rolling5_matched,3100,2023-11-03,2023-11-13,-0.0039935482440582,2023,2022-12-31,native_mse,20260910,0.0036647981260242574,,1,0
rolling5_matched,3105,2023-11-10,2023-11-20,-0.0067280482816765,2023,2022-12-31,native_mse,20260910,-0.0015775674639703855,,0,0
rolling5_matched,3110,2023-11-17,2023-11-27,-0.0098859017348651,2023,2022-12-31,native_mse,20260910,-0.010519377170118221,,0,0
rolling5_matched,3115,2023-11-24,2023-12-04,-0.0151084754586299,2023,2022-12-31,native_mse,20260910,-0.007122978830449894,,0,0
rolling5_matched,3120,2023-12-01,2023-12-11,-0.0295859857973478,2023,2022-12-31,native_mse,20260910,-0.014865171482867498,,0,0
rolling5_matched,3125,2023-12-08,2023-12-18,-0.0144639658974852,2023,2022-12-31,native_mse,20260910,0.004440445569902735,,1,0
rolling5_matched,3130,2023-12-15,2023-12-25,0.0003424256350643,2023,2022-12-31,native_mse,20260910,0.005449049553476153,,1,1
rolling5_matched,3135,2023-12-22,2024-01-02,0.0288079559683274,2023,2022-12-31,native_mse,20260910,0.011505778104136078,,1,1
rolling5_matched,3140,2023-12-29,2024-01-08,-0.0302544749829989,2023,2022-12-31,native_mse,20260910,0.020405537685530134,,1,0
rolling5_matched,2902,2023-01-06,2023-01-16,0.0198447929614133,2023,2022-12-31,training_frequency,-1,0.5028949545078577,0.5028949545078577,1,1
rolling5_matched,2907,2023-01-13,2023-01-30,0.0465290788350809,2023,2022-12-31,training_frequency,-1,0.5028949545078577,0.5028949545078577,1,1
rolling5_matched,2912,2023-01-20,2023-02-06,-0.0383797057844887,2023,2022-12-31,training_frequency,-1,0.5028949545078577,0.5028949545078577,1,0
rolling5_matched,2917,2023-02-03,2023-02-13,-0.0012061903149008,2023,2022-12-31,training_frequency,-1,0.5028949545078577,0.5028949545078577,1,0
rolling5_matched,2922,2023-02-10,2023-02-20,-0.0143746584432821,2023,2022-12-31,training_frequency,-1,0.5028949545078577,0.5028949545078577,1,0
rolling5_matched,2927,2023-02-17,2023-02-27,0.0001237636016198,2023,2022-12-31,training_frequency,-1,0.5028949545078577,0.5028949545078577,1,1
rolling5_matched,2932,2023-02-24,2023-03-06,0.0224454641303217,2023,2022-12-31,training_frequency,-1,0.5028949545078577,0.5028949545078577,1,1
rolling5_matched,2937,2023-03-03,2023-03-13,-0.0407900947678007,2023,2022-12-31,training_frequency,-1,0.5028949545078577,0.5028949545078577,1,0
rolling5_matched,2942,2023-03-10,2023-03-20,5.0471402903706775e-06,2023,2022-12-31,training_frequency,-1,0.5028949545078577,0.5028949545078577,1,1
rolling5_matched,2947,2023-03-17,2023-03-27,0.015302852124583,2023,2022-12-31,training_frequency,-1,0.5028949545078577,0.5028949545078577,1,1
rolling5_matched,2952,2023-03-24,2023-04-03,0.0090274153058433,2023,2022-12-31,training_frequency,-1,0.5028949545078577,0.5028949545078577,1,1
rolling5_matched,2957,2023-03-31,2023-04-10,0.0178317182396383,2023,2022-12-31,training_frequency,-1,0.5028949545078577,0.5028949545078577,1,1
rolling5_matched,2961,2023-04-07,2023-04-17,-0.0101500238382772,2023,2022-12-31,training_frequency,-1,0.5028949545078577,0.5028949545078577,1,0
rolling5_matched,2966,2023-04-14,2023-04-24,-0.014368947230732,2023,2022-12-31,training_frequency,-1,0.5028949545078577,0.5028949545078577,1,0
rolling5_matched,2971,2023-04-21,2023-05-04,-0.0044228908788729,2023,2022-12-31,training_frequency,-1,0.5028949545078577,0.5028949545078577,1,0
rolling5_matched,2976,2023-04-28,2023-05-10,0.0036477163153083,2023,2022-12-31,training_frequency,-1,0.5028949545078577,0.5028949545078577,1,1
rolling5_matched,2978,2023-05-05,2023-05-15,-0.0221642407977935,2023,2022-12-31,training_frequency,-1,0.5028949545078577,0.5028949545078577,1,0
rolling5_matched,2983,2023-05-12,2023-05-22,0.0005509250208819,2023,2022-12-31,training_frequency,-1,0.5028949545078577,0.5028949545078577,1,1
rolling5_matched,2988,2023-05-19,2023-05-29,-0.0200253742704897,2023,2022-12-31,training_frequency,-1,0.5028949545078577,0.5028949545078577,1,0
rolling5_matched,2993,2023-05-26,2023-06-05,-0.0003935703040848,2023,2022-12-31,training_frequency,-1,0.5028949545078577,0.5028949545078577,1,0
rolling5_matched,2998,2023-06-02,2023-06-12,-0.0086075595250429,2023,2022-12-31,training_frequency,-1,0.5028949545078577,0.5028949545078577,1,0
rolling5_matched,3003,2023-06-09,2023-06-19,0.0338878539347273,2023,2022-12-31,training_frequency,-1,0.5028949545078577,0.5028949545078577,1,1
rolling5_matched,3008,2023-06-16,2023-07-03,-0.026216632171098,2023,2022-12-31,training_frequency,-1,0.5028949545078577,0.5028949545078577,1,0
rolling5_matched,3016,2023-06-30,2023-07-10,-0.0030441518806006,2023,2022-12-31,training_frequency,-1,0.5028949545078577,0.5028949545078577,1,0
rolling5_matched,3021,2023-07-07,2023-07-17,0.0104280552692135,2023,2022-12-31,training_frequency,-1,0.5028949545078577,0.5028949545078577,1,1
rolling5_matched,3026,2023-07-14,2023-07-24,-0.0201642613135752,2023,2022-12-31,training_frequency,-1,0.5028949545078577,0.5028949545078577,1,0
rolling5_matched,3031,2023-07-21,2023-07-31,0.0566710925894278,2023,2022-12-31,training_frequency,-1,0.5028949545078577,0.5028949545078577,1,1
rolling5_matched,3036,2023-07-28,2023-08-07,-0.0039612927947766,2023,2022-12-31,training_frequency,-1,0.5028949545078577,0.5028949545078577,1,0
rolling5_matched,3041,2023-08-04,2023-08-14,-0.0404899362223548,2023,2022-12-31,training_frequency,-1,0.5028949545078577,0.5028949545078577,1,0
rolling5_matched,3046,2023-08-11,2023-08-21,-0.0176157088591445,2023,2022-12-31,training_frequency,-1,0.5028949545078577,0.5028949545078577,1,0
rolling5_matched,3051,2023-08-18,2023-08-28,0.0366582477081969,2023,2022-12-31,training_frequency,-1,0.5028949545078577,0.5028949545078577,1,1
rolling5_matched,3056,2023-08-25,2023-09-04,-0.025197172476384,2023,2022-12-31,training_frequency,-1,0.5028949545078577,0.5028949545078577,1,0
rolling5_matched,3061,2023-09-01,2023-09-11,-0.0189903461587886,2023,2022-12-31,training_frequency,-1,0.5028949545078577,0.5028949545078577,1,0
rolling5_matched,3066,2023-09-08,2023-09-18,-0.0111346368744954,2023,2022-12-31,training_frequency,-1,0.5028949545078577,0.5028949545078577,1,0
rolling5_matched,3071,2023-09-15,2023-09-25,0.0105787349314532,2023,2022-12-31,training_frequency,-1,0.5028949545078577,0.5028949545078577,1,1
rolling5_matched,3076,2023-09-22,2023-10-16,-0.0198017153282719,2023,2022-12-31,training_frequency,-1,0.5028949545078577,0.5028949545078577,1,0
rolling5_matched,3085,2023-10-13,2023-10-23,-0.0447156690429144,2023,2022-12-31,training_frequency,-1,0.5028949545078577,0.5028949545078577,1,0
rolling5_matched,3090,2023-10-20,2023-10-30,0.0154019770298841,2023,2022-12-31,training_frequency,-1,0.5028949545078577,0.5028949545078577,1,1
rolling5_matched,3095,2023-10-27,2023-11-06,0.0152527637017425,2023,2022-12-31,training_frequency,-1,0.5028949545078577,0.5028949545078577,1,1
rolling5_matched,3100,2023-11-03,2023-11-13,-0.0039935482440582,2023,2022-12-31,training_frequency,-1,0.5028949545078577,0.5028949545078577,1,0
rolling5_matched,3105,2023-11-10,2023-11-20,-0.0067280482816765,2023,2022-12-31,training_frequency,-1,0.5028949545078577,0.5028949545078577,1,0
rolling5_matched,3110,2023-11-17,2023-11-27,-0.0098859017348651,2023,2022-12-31,training_frequency,-1,0.5028949545078577,0.5028949545078577,1,0
rolling5_matched,3115,2023-11-24,2023-12-04,-0.0151084754586299,2023,2022-12-31,training_frequency,-1,0.5028949545078577,0.5028949545078577,1,0
rolling5_matched,3120,2023-12-01,2023-12-11,-0.0295859857973478,2023,2022-12-31,training_frequency,-1,0.5028949545078577,0.5028949545078577,1,0
rolling5_matched,3125,2023-12-08,2023-12-18,-0.0144639658974852,2023,2022-12-31,training_frequency,-1,0.5028949545078577,0.5028949545078577,1,0
rolling5_matched,3130,2023-12-15,2023-12-25,0.0003424256350643,2023,2022-12-31,training_frequency,-1,0.5028949545078577,0.5028949545078577,1,1
rolling5_matched,3135,2023-12-22,2024-01-02,0.0288079559683274,2023,2022-12-31,training_frequency,-1,0.5028949545078577,0.5028949545078577,1,1
rolling5_matched,3140,2023-12-29,2024-01-08,-0.0302544749829989,2023,2022-12-31,training_frequency,-1,0.5028949545078577,0.5028949545078577,1,0
rolling5_matched,2902,2023-01-06,2023-01-16,0.0198447929614133,2023,2022-12-31,learned_market,20260911,0.5678579036550615,0.5678579036550615,1,1
rolling5_matched,2907,2023-01-13,2023-01-30,0.0465290788350809,2023,2022-12-31,learned_market,20260911,0.5153709984067019,0.5153709984067019,1,1
rolling5_matched,2912,2023-01-20,2023-02-06,-0.0383797057844887,2023,2022-12-31,learned_market,20260911,0.5942560241234514,0.5942560241234514,1,0
rolling5_matched,2917,2023-02-03,2023-02-13,-0.0012061903149008,2023,2022-12-31,learned_market,20260911,0.6448693358251248,0.6448693358251248,1,0
rolling5_matched,2922,2023-02-10,2023-02-20,-0.0143746584432821,2023,2022-12-31,learned_market,20260911,0.5078965585429268,0.5078965585429268,1,0
rolling5_matched,2927,2023-02-17,2023-02-27,0.0001237636016198,2023,2022-12-31,learned_market,20260911,0.2140633839915529,0.2140633839915529,0,1
rolling5_matched,2932,2023-02-24,2023-03-06,0.0224454641303217,2023,2022-12-31,learned_market,20260911,0.72575704817733,0.72575704817733,1,1
rolling5_matched,2937,2023-03-03,2023-03-13,-0.0407900947678007,2023,2022-12-31,learned_market,20260911,0.9144919413529433,0.9144919413529433,1,0
rolling5_matched,2942,2023-03-10,2023-03-20,5.0471402903706775e-06,2023,2022-12-31,learned_market,20260911,0.4654159797558175,0.4654159797558175,0,1
rolling5_matched,2947,2023-03-17,2023-03-27,0.015302852124583,2023,2022-12-31,learned_market,20260911,0.2221962494215521,0.2221962494215521,0,1
rolling5_matched,2952,2023-03-24,2023-04-03,0.0090274153058433,2023,2022-12-31,learned_market,20260911,0.45980643385143716,0.45980643385143716,0,1
rolling5_matched,2957,2023-03-31,2023-04-10,0.0178317182396383,2023,2022-12-31,learned_market,20260911,0.675747942955293,0.675747942955293,1,1
rolling5_matched,2961,2023-04-07,2023-04-17,-0.0101500238382772,2023,2022-12-31,learned_market,20260911,0.5677011693475946,0.5677011693475946,1,0
rolling5_matched,2966,2023-04-14,2023-04-24,-0.014368947230732,2023,2022-12-31,learned_market,20260911,0.6676748719825225,0.6676748719825225,1,0
rolling5_matched,2971,2023-04-21,2023-05-04,-0.0044228908788729,2023,2022-12-31,learned_market,20260911,0.42803546398285225,0.42803546398285225,0,0
rolling5_matched,2976,2023-04-28,2023-05-10,0.0036477163153083,2023,2022-12-31,learned_market,20260911,0.1324998843023364,0.1324998843023364,0,1
rolling5_matched,2978,2023-05-05,2023-05-15,-0.0221642407977935,2023,2022-12-31,learned_market,20260911,0.14491061559905719,0.14491061559905719,0,0
rolling5_matched,2983,2023-05-12,2023-05-22,0.0005509250208819,2023,2022-12-31,learned_market,20260911,0.7591088304698717,0.7591088304698717,1,1
rolling5_matched,2988,2023-05-19,2023-05-29,-0.0200253742704897,2023,2022-12-31,learned_market,20260911,0.6955069132140549,0.6955069132140549,1,0
rolling5_matched,2993,2023-05-26,2023-06-05,-0.0003935703040848,2023,2022-12-31,learned_market,20260911,0.3869928186247971,0.3869928186247971,0,0
rolling5_matched,2998,2023-06-02,2023-06-12,-0.0086075595250429,2023,2022-12-31,learned_market,20260911,0.15179936188884652,0.15179936188884652,0,0
rolling5_matched,3003,2023-06-09,2023-06-19,0.0338878539347273,2023,2022-12-31,learned_market,20260911,0.3623885632792304,0.3623885632792304,0,1
rolling5_matched,3008,2023-06-16,2023-07-03,-0.026216632171098,2023,2022-12-31,learned_market,20260911,0.6851828291862491,0.6851828291862491,1,0
rolling5_matched,3016,2023-06-30,2023-07-10,-0.0030441518806006,2023,2022-12-31,learned_market,20260911,0.2183934358362232,0.2183934358362232,0,0
rolling5_matched,3021,2023-07-07,2023-07-17,0.0104280552692135,2023,2022-12-31,learned_market,20260911,0.44873202967729353,0.44873202967729353,0,1
rolling5_matched,3026,2023-07-14,2023-07-24,-0.0201642613135752,2023,2022-12-31,learned_market,20260911,0.8468898177334321,0.8468898177334321,1,0
rolling5_matched,3031,2023-07-21,2023-07-31,0.0566710925894278,2023,2022-12-31,learned_market,20260911,0.34436711893996147,0.34436711893996147,0,1
rolling5_matched,3036,2023-07-28,2023-08-07,-0.0039612927947766,2023,2022-12-31,learned_market,20260911,0.30009577083653605,0.30009577083653605,0,0
rolling5_matched,3041,2023-08-04,2023-08-14,-0.0404899362223548,2023,2022-12-31,learned_market,20260911,0.28942681697157097,0.28942681697157097,0,0
rolling5_matched,3046,2023-08-11,2023-08-21,-0.0176157088591445,2023,2022-12-31,learned_market,20260911,0.5938360913758833,0.5938360913758833,1,0
rolling5_matched,3051,2023-08-18,2023-08-28,0.0366582477081969,2023,2022-12-31,learned_market,20260911,0.4543515641627587,0.4543515641627587,0,1
rolling5_matched,3056,2023-08-25,2023-09-04,-0.025197172476384,2023,2022-12-31,learned_market,20260911,0.4572078694865249,0.4572078694865249,0,0
rolling5_matched,3061,2023-09-01,2023-09-11,-0.0189903461587886,2023,2022-12-31,learned_market,20260911,0.13827830522853915,0.13827830522853915,0,0
rolling5_matched,3066,2023-09-08,2023-09-18,-0.0111346368744954,2023,2022-12-31,learned_market,20260911,0.9103652639328091,0.9103652639328091,1,0
rolling5_matched,3071,2023-09-15,2023-09-25,0.0105787349314532,2023,2022-12-31,learned_market,20260911,0.8483818762311065,0.8483818762311065,1,1
rolling5_matched,3076,2023-09-22,2023-10-16,-0.0198017153282719,2023,2022-12-31,learned_market,20260911,0.3158537267347948,0.3158537267347948,0,0
rolling5_matched,3085,2023-10-13,2023-10-23,-0.0447156690429144,2023,2022-12-31,learned_market,20260911,0.6678741286031453,0.6678741286031453,1,0
rolling5_matched,3090,2023-10-20,2023-10-30,0.0154019770298841,2023,2022-12-31,learned_market,20260911,0.20750984277262982,0.20750984277262982,0,1
rolling5_matched,3095,2023-10-27,2023-11-06,0.0152527637017425,2023,2022-12-31,learned_market,20260911,0.8475038262542561,0.8475038262542561,1,1
rolling5_matched,3100,2023-11-03,2023-11-13,-0.0039935482440582,2023,2022-12-31,learned_market,20260911,0.7946616956764601,0.7946616956764601,1,0
rolling5_matched,3105,2023-11-10,2023-11-20,-0.0067280482816765,2023,2022-12-31,learned_market,20260911,0.5951690418982252,0.5951690418982252,1,0
rolling5_matched,3110,2023-11-17,2023-11-27,-0.0098859017348651,2023,2022-12-31,learned_market,20260911,0.25788748453358623,0.25788748453358623,0,0
rolling5_matched,3115,2023-11-24,2023-12-04,-0.0151084754586299,2023,2022-12-31,learned_market,20260911,0.29216020946556615,0.29216020946556615,0,0
rolling5_matched,3120,2023-12-01,2023-12-11,-0.0295859857973478,2023,2022-12-31,learned_market,20260911,0.32109985434257243,0.32109985434257243,0,0
rolling5_matched,3125,2023-12-08,2023-12-18,-0.0144639658974852,2023,2022-12-31,learned_market,20260911,0.34005815125926947,0.34005815125926947,0,0
rolling5_matched,3130,2023-12-15,2023-12-25,0.0003424256350643,2023,2022-12-31,learned_market,20260911,0.37734162071893895,0.37734162071893895,0,1
rolling5_matched,3135,2023-12-22,2024-01-02,0.0288079559683274,2023,2022-12-31,learned_market,20260911,0.42338023090456783,0.42338023090456783,0,1
rolling5_matched,3140,2023-12-29,2024-01-08,-0.0302544749829989,2023,2022-12-31,learned_market,20260911,0.6424393113382304,0.6424393113382304,1,0
rolling5_matched,2902,2023-01-06,2023-01-16,0.0198447929614133,2023,2022-12-31,learned_vol_interaction,20260911,0.5690174858127997,0.5690174858127997,1,1
rolling5_matched,2907,2023-01-13,2023-01-30,0.0465290788350809,2023,2022-12-31,learned_vol_interaction,20260911,0.5174989511572416,0.5174989511572416,1,1
rolling5_matched,2912,2023-01-20,2023-02-06,-0.0383797057844887,2023,2022-12-31,learned_vol_interaction,20260911,0.598044512585979,0.598044512585979,1,0
rolling5_matched,2917,2023-02-03,2023-02-13,-0.0012061903149008,2023,2022-12-31,learned_vol_interaction,20260911,0.6479722828470834,0.6479722828470834,1,0
rolling5_matched,2922,2023-02-10,2023-02-20,-0.0143746584432821,2023,2022-12-31,learned_vol_interaction,20260911,0.509183652110816,0.509183652110816,1,0
rolling5_matched,2927,2023-02-17,2023-02-27,0.0001237636016198,2023,2022-12-31,learned_vol_interaction,20260911,0.20921501268052356,0.20921501268052356,0,1
rolling5_matched,2932,2023-02-24,2023-03-06,0.0224454641303217,2023,2022-12-31,learned_vol_interaction,20260911,0.7264302274816757,0.7264302274816757,1,1
rolling5_matched,2937,2023-03-03,2023-03-13,-0.0407900947678007,2023,2022-12-31,learned_vol_interaction,20260911,0.9162771076435242,0.9162771076435242,1,0
rolling5_matched,2942,2023-03-10,2023-03-20,5.0471402903706775e-06,2023,2022-12-31,learned_vol_interaction,20260911,0.4651207105010463,0.4651207105010463,0,1
rolling5_matched,2947,2023-03-17,2023-03-27,0.015302852124583,2023,2022-12-31,learned_vol_interaction,20260911,0.21831677190352483,0.21831677190352483,0,1
rolling5_matched,2952,2023-03-24,2023-04-03,0.0090274153058433,2023,2022-12-31,learned_vol_interaction,20260911,0.4583062888398276,0.4583062888398276,0,1
rolling5_matched,2957,2023-03-31,2023-04-10,0.0178317182396383,2023,2022-12-31,learned_vol_interaction,20260911,0.6803355160950917,0.6803355160950917,1,1
rolling5_matched,2961,2023-04-07,2023-04-17,-0.0101500238382772,2023,2022-12-31,learned_vol_interaction,20260911,0.568649845651088,0.568649845651088,1,0
rolling5_matched,2966,2023-04-14,2023-04-24,-0.014368947230732,2023,2022-12-31,learned_vol_interaction,20260911,0.6730644362014734,0.6730644362014734,1,0
rolling5_matched,2971,2023-04-21,2023-05-04,-0.0044228908788729,2023,2022-12-31,learned_vol_interaction,20260911,0.4262610844202613,0.4262610844202613,0,0
rolling5_matched,2976,2023-04-28,2023-05-10,0.0036477163153083,2023,2022-12-31,learned_vol_interaction,20260911,0.12875858949672764,0.12875858949672764,0,1
rolling5_matched,2978,2023-05-05,2023-05-15,-0.0221642407977935,2023,2022-12-31,learned_vol_interaction,20260911,0.14013380541761275,0.14013380541761275,0,0
rolling5_matched,2983,2023-05-12,2023-05-22,0.0005509250208819,2023,2022-12-31,learned_vol_interaction,20260911,0.7625874633681748,0.7625874633681748,1,1
rolling5_matched,2988,2023-05-19,2023-05-29,-0.0200253742704897,2023,2022-12-31,learned_vol_interaction,20260911,0.6994726064604629,0.6994726064604629,1,0
rolling5_matched,2993,2023-05-26,2023-06-05,-0.0003935703040848,2023,2022-12-31,learned_vol_interaction,20260911,0.38663759171365486,0.38663759171365486,0,0
rolling5_matched,2998,2023-06-02,2023-06-12,-0.0086075595250429,2023,2022-12-31,learned_vol_interaction,20260911,0.14876158568877562,0.14876158568877562,0,0
rolling5_matched,3003,2023-06-09,2023-06-19,0.0338878539347273,2023,2022-12-31,learned_vol_interaction,20260911,0.3596046262378642,0.3596046262378642,0,1
rolling5_matched,3008,2023-06-16,2023-07-03,-0.026216632171098,2023,2022-12-31,learned_vol_interaction,20260911,0.6899845631375543,0.6899845631375543,1,0
rolling5_matched,3016,2023-06-30,2023-07-10,-0.0030441518806006,2023,2022-12-31,learned_vol_interaction,20260911,0.21419397245916583,0.21419397245916583,0,0
rolling5_matched,3021,2023-07-07,2023-07-17,0.0104280552692135,2023,2022-12-31,learned_vol_interaction,20260911,0.44745150594630223,0.44745150594630223,0,1
rolling5_matched,3026,2023-07-14,2023-07-24,-0.0201642613135752,2023,2022-12-31,learned_vol_interaction,20260911,0.8501769974881497,0.8501769974881497,1,0
rolling5_matched,3031,2023-07-21,2023-07-31,0.0566710925894278,2023,2022-12-31,learned_vol_interaction,20260911,0.3434934439390392,0.3434934439390392,0,1
rolling5_matched,3036,2023-07-28,2023-08-07,-0.0039612927947766,2023,2022-12-31,learned_vol_interaction,20260911,0.2983144676991152,0.2983144676991152,0,0
rolling5_matched,3041,2023-08-04,2023-08-14,-0.0404899362223548,2023,2022-12-31,learned_vol_interaction,20260911,0.2875606719067344,0.2875606719067344,0,0
rolling5_matched,3046,2023-08-11,2023-08-21,-0.0176157088591445,2023,2022-12-31,learned_vol_interaction,20260911,0.5935719100588008,0.5935719100588008,1,0
rolling5_matched,3051,2023-08-18,2023-08-28,0.0366582477081969,2023,2022-12-31,learned_vol_interaction,20260911,0.45426486899111174,0.45426486899111174,0,1
rolling5_matched,3056,2023-08-25,2023-09-04,-0.025197172476384,2023,2022-12-31,learned_vol_interaction,20260911,0.4578093110273266,0.4578093110273266,0,0
rolling5_matched,3061,2023-09-01,2023-09-11,-0.0189903461587886,2023,2022-12-31,learned_vol_interaction,20260911,0.13555722679733737,0.13555722679733737,0,0
rolling5_matched,3066,2023-09-08,2023-09-18,-0.0111346368744954,2023,2022-12-31,learned_vol_interaction,20260911,0.9131014889583831,0.9131014889583831,1,0
rolling5_matched,3071,2023-09-15,2023-09-25,0.0105787349314532,2023,2022-12-31,learned_vol_interaction,20260911,0.8520161749739797,0.8520161749739797,1,1
rolling5_matched,3076,2023-09-22,2023-10-16,-0.0198017153282719,2023,2022-12-31,learned_vol_interaction,20260911,0.31248540477311393,0.31248540477311393,0,0
rolling5_matched,3085,2023-10-13,2023-10-23,-0.0447156690429144,2023,2022-12-31,learned_vol_interaction,20260911,0.6719746206266756,0.6719746206266756,1,0
rolling5_matched,3090,2023-10-20,2023-10-30,0.0154019770298841,2023,2022-12-31,learned_vol_interaction,20260911,0.2041902130412236,0.2041902130412236,0,1
rolling5_matched,3095,2023-10-27,2023-11-06,0.0152527637017425,2023,2022-12-31,learned_vol_interaction,20260911,0.8508643106930388,0.8508643106930388,1,1
rolling5_matched,3100,2023-11-03,2023-11-13,-0.0039935482440582,2023,2022-12-31,learned_vol_interaction,20260911,0.7991367725185611,0.7991367725185611,1,0
rolling5_matched,3105,2023-11-10,2023-11-20,-0.0067280482816765,2023,2022-12-31,learned_vol_interaction,20260911,0.597403455617024,0.597403455617024,1,0
rolling5_matched,3110,2023-11-17,2023-11-27,-0.0098859017348651,2023,2022-12-31,learned_vol_interaction,20260911,0.25285489892729585,0.25285489892729585,0,0
rolling5_matched,3115,2023-11-24,2023-12-04,-0.0151084754586299,2023,2022-12-31,learned_vol_interaction,20260911,0.2887785833219579,0.2887785833219579,0,0
rolling5_matched,3120,2023-12-01,2023-12-11,-0.0295859857973478,2023,2022-12-31,learned_vol_interaction,20260911,0.31605762461716186,0.31605762461716186,0,0
rolling5_matched,3125,2023-12-08,2023-12-18,-0.0144639658974852,2023,2022-12-31,learned_vol_interaction,20260911,0.33422774453832366,0.33422774453832366,0,0
rolling5_matched,3130,2023-12-15,2023-12-25,0.0003424256350643,2023,2022-12-31,learned_vol_interaction,20260911,0.37314069745495104,0.37314069745495104,0,1
rolling5_matched,3135,2023-12-22,2024-01-02,0.0288079559683274,2023,2022-12-31,learned_vol_interaction,20260911,0.41939498252307433,0.41939498252307433,0,1
rolling5_matched,3140,2023-12-29,2024-01-08,-0.0302544749829989,2023,2022-12-31,learned_vol_interaction,20260911,0.6435512459103027,0.6435512459103027,1,0
rolling5_matched,2902,2023-01-06,2023-01-16,0.0198447929614133,2023,2022-12-31,learned_order_extension,20260911,0.5706941711839952,0.5706941711839952,1,1
rolling5_matched,2907,2023-01-13,2023-01-30,0.0465290788350809,2023,2022-12-31,learned_order_extension,20260911,0.5201140102693047,0.5201140102693047,1,1
rolling5_matched,2912,2023-01-20,2023-02-06,-0.0383797057844887,2023,2022-12-31,learned_order_extension,20260911,0.6002498209343803,0.6002498209343803,1,0
rolling5_matched,2917,2023-02-03,2023-02-13,-0.0012061903149008,2023,2022-12-31,learned_order_extension,20260911,0.6505097210847162,0.6505097210847162,1,0
rolling5_matched,2922,2023-02-10,2023-02-20,-0.0143746584432821,2023,2022-12-31,learned_order_extension,20260911,0.5107478343764533,0.5107478343764533,1,0
rolling5_matched,2927,2023-02-17,2023-02-27,0.0001237636016198,2023,2022-12-31,learned_order_extension,20260911,0.20954528605518397,0.20954528605518397,0,1
rolling5_matched,2932,2023-02-24,2023-03-06,0.0224454641303217,2023,2022-12-31,learned_order_extension,20260911,0.7264311703937225,0.7264311703937225,1,1
rolling5_matched,2937,2023-03-03,2023-03-13,-0.0407900947678007,2023,2022-12-31,learned_order_extension,20260911,0.9163980097441243,0.9163980097441243,1,0
rolling5_matched,2942,2023-03-10,2023-03-20,5.0471402903706775e-06,2023,2022-12-31,learned_order_extension,20260911,0.4646205020649372,0.4646205020649372,0,1
rolling5_matched,2947,2023-03-17,2023-03-27,0.015302852124583,2023,2022-12-31,learned_order_extension,20260911,0.2167180541215926,0.2167180541215926,0,1
rolling5_matched,2952,2023-03-24,2023-04-03,0.0090274153058433,2023,2022-12-31,learned_order_extension,20260911,0.4573436478003407,0.4573436478003407,0,1
rolling5_matched,2957,2023-03-31,2023-04-10,0.0178317182396383,2023,2022-12-31,learned_order_extension,20260911,0.6839494683868931,0.6839494683868931,1,1
rolling5_matched,2961,2023-04-07,2023-04-17,-0.0101500238382772,2023,2022-12-31,learned_order_extension,20260911,0.5678822077287016,0.5678822077287016,1,0
rolling5_matched,2966,2023-04-14,2023-04-24,-0.014368947230732,2023,2022-12-31,learned_order_extension,20260911,0.6745691526036781,0.6745691526036781,1,0
rolling5_matched,2971,2023-04-21,2023-05-04,-0.0044228908788729,2023,2022-12-31,learned_order_extension,20260911,0.42413885366112286,0.42413885366112286,0,0
rolling5_matched,2976,2023-04-28,2023-05-10,0.0036477163153083,2023,2022-12-31,learned_order_extension,20260911,0.12532632916993372,0.12532632916993372,0,1
rolling5_matched,2978,2023-05-05,2023-05-15,-0.0221642407977935,2023,2022-12-31,learned_order_extension,20260911,0.13628902570959678,0.13628902570959678,0,0
rolling5_matched,2983,2023-05-12,2023-05-22,0.0005509250208819,2023,2022-12-31,learned_order_extension,20260911,0.7666865752830774,0.7666865752830774,1,1
rolling5_matched,2988,2023-05-19,2023-05-29,-0.0200253742704897,2023,2022-12-31,learned_order_extension,20260911,0.7034179838811906,0.7034179838811906,1,0
rolling5_matched,2993,2023-05-26,2023-06-05,-0.0003935703040848,2023,2022-12-31,learned_order_extension,20260911,0.3843210998358252,0.3843210998358252,0,0
rolling5_matched,2998,2023-06-02,2023-06-12,-0.0086075595250429,2023,2022-12-31,learned_order_extension,20260911,0.14541807089887476,0.14541807089887476,0,0
rolling5_matched,3003,2023-06-09,2023-06-19,0.0338878539347273,2023,2022-12-31,learned_order_extension,20260911,0.3568343576990424,0.3568343576990424,0,1
rolling5_matched,3008,2023-06-16,2023-07-03,-0.026216632171098,2023,2022-12-31,learned_order_extension,20260911,0.6969496046724527,0.6969496046724527,1,0
rolling5_matched,3016,2023-06-30,2023-07-10,-0.0030441518806006,2023,2022-12-31,learned_order_extension,20260911,0.21109189586743482,0.21109189586743482,0,0
rolling5_matched,3021,2023-07-07,2023-07-17,0.0104280552692135,2023,2022-12-31,learned_order_extension,20260911,0.4473873117924256,0.4473873117924256,0,1
rolling5_matched,3026,2023-07-14,2023-07-24,-0.0201642613135752,2023,2022-12-31,learned_order_extension,20260911,0.8546802237331192,0.8546802237331192,1,0
rolling5_matched,3031,2023-07-21,2023-07-31,0.0566710925894278,2023,2022-12-31,learned_order_extension,20260911,0.34281239224190313,0.34281239224190313,0,1
rolling5_matched,3036,2023-07-28,2023-08-07,-0.0039612927947766,2023,2022-12-31,learned_order_extension,20260911,0.29775060648816126,0.29775060648816126,0,0
rolling5_matched,3041,2023-08-04,2023-08-14,-0.0404899362223548,2023,2022-12-31,learned_order_extension,20260911,0.28608532772311374,0.28608532772311374,0,0
rolling5_matched,3046,2023-08-11,2023-08-21,-0.0176157088591445,2023,2022-12-31,learned_order_extension,20260911,0.5926451300377374,0.5926451300377374,1,0
rolling5_matched,3051,2023-08-18,2023-08-28,0.0366582477081969,2023,2022-12-31,learned_order_extension,20260911,0.45534811048505586,0.45534811048505586,0,1
rolling5_matched,3056,2023-08-25,2023-09-04,-0.025197172476384,2023,2022-12-31,learned_order_extension,20260911,0.4597466197361905,0.4597466197361905,0,0
rolling5_matched,3061,2023-09-01,2023-09-11,-0.0189903461587886,2023,2022-12-31,learned_order_extension,20260911,0.13361045493758825,0.13361045493758825,0,0
rolling5_matched,3066,2023-09-08,2023-09-18,-0.0111346368744954,2023,2022-12-31,learned_order_extension,20260911,0.9152247183169387,0.9152247183169387,1,0
rolling5_matched,3071,2023-09-15,2023-09-25,0.0105787349314532,2023,2022-12-31,learned_order_extension,20260911,0.8528828308363777,0.8528828308363777,1,1
rolling5_matched,3076,2023-09-22,2023-10-16,-0.0198017153282719,2023,2022-12-31,learned_order_extension,20260911,0.3122170561805836,0.3122170561805836,0,0
rolling5_matched,3085,2023-10-13,2023-10-23,-0.0447156690429144,2023,2022-12-31,learned_order_extension,20260911,0.671894842376443,0.671894842376443,1,0
rolling5_matched,3090,2023-10-20,2023-10-30,0.0154019770298841,2023,2022-12-31,learned_order_extension,20260911,0.2051888296562979,0.2051888296562979,0,1
rolling5_matched,3095,2023-10-27,2023-11-06,0.0152527637017425,2023,2022-12-31,learned_order_extension,20260911,0.8527006067702865,0.8527006067702865,1,1
rolling5_matched,3100,2023-11-03,2023-11-13,-0.0039935482440582,2023,2022-12-31,learned_order_extension,20260911,0.8006039497799957,0.8006039497799957,1,0
rolling5_matched,3105,2023-11-10,2023-11-20,-0.0067280482816765,2023,2022-12-31,learned_order_extension,20260911,0.5991133926015568,0.5991133926015568,1,0
rolling5_matched,3110,2023-11-17,2023-11-27,-0.0098859017348651,2023,2022-12-31,learned_order_extension,20260911,0.2520035544254906,0.2520035544254906,0,0
rolling5_matched,3115,2023-11-24,2023-12-04,-0.0151084754586299,2023,2022-12-31,learned_order_extension,20260911,0.2883308118215456,0.2883308118215456,0,0
rolling5_matched,3120,2023-12-01,2023-12-11,-0.0295859857973478,2023,2022-12-31,learned_order_extension,20260911,0.31548645350583887,0.31548645350583887,0,0
rolling5_matched,3125,2023-12-08,2023-12-18,-0.0144639658974852,2023,2022-12-31,learned_order_extension,20260911,0.3346759916520339,0.3346759916520339,0,0
rolling5_matched,3130,2023-12-15,2023-12-25,0.0003424256350643,2023,2022-12-31,learned_order_extension,20260911,0.37313341762215185,0.37313341762215185,0,1
rolling5_matched,3135,2023-12-22,2024-01-02,0.0288079559683274,2023,2022-12-31,learned_order_extension,20260911,0.41919027559475236,0.41919027559475236,0,1
rolling5_matched,3140,2023-12-29,2024-01-08,-0.0302544749829989,2023,2022-12-31,learned_order_extension,20260911,0.6455006867575689,0.6455006867575689,1,0
rolling5_matched,2902,2023-01-06,2023-01-16,0.0198447929614133,2023,2022-12-31,learned_order_offset,20260911,0.5704732876543711,0.5704732876543711,1,1
rolling5_matched,2907,2023-01-13,2023-01-30,0.0465290788350809,2023,2022-12-31,learned_order_offset,20260911,0.5203617839284269,0.5203617839284269,1,1
rolling5_matched,2912,2023-01-20,2023-02-06,-0.0383797057844887,2023,2022-12-31,learned_order_offset,20260911,0.6000062639316704,0.6000062639316704,1,0
rolling5_matched,2917,2023-02-03,2023-02-13,-0.0012061903149008,2023,2022-12-31,learned_order_offset,20260911,0.6504197467924825,0.6504197467924825,1,0
rolling5_matched,2922,2023-02-10,2023-02-20,-0.0143746584432821,2023,2022-12-31,learned_order_offset,20260911,0.5107038876979743,0.5107038876979743,1,0
rolling5_matched,2927,2023-02-17,2023-02-27,0.0001237636016198,2023,2022-12-31,learned_order_offset,20260911,0.20942210757756294,0.20942210757756294,0,1
rolling5_matched,2932,2023-02-24,2023-03-06,0.0224454641303217,2023,2022-12-31,learned_order_offset,20260911,0.726303923196128,0.726303923196128,1,1
rolling5_matched,2937,2023-03-03,2023-03-13,-0.0407900947678007,2023,2022-12-31,learned_order_offset,20260911,0.9162835306873608,0.9162835306873608,1,0
rolling5_matched,2942,2023-03-10,2023-03-20,5.0471402903706775e-06,2023,2022-12-31,learned_order_offset,20260911,0.46414770797266897,0.46414770797266897,0,1
rolling5_matched,2947,2023-03-17,2023-03-27,0.015302852124583,2023,2022-12-31,learned_order_offset,20260911,0.21665225715685263,0.21665225715685263,0,1
rolling5_matched,2952,2023-03-24,2023-04-03,0.0090274153058433,2023,2022-12-31,learned_order_offset,20260911,0.4570940378435378,0.4570940378435378,0,1
rolling5_matched,2957,2023-03-31,2023-04-10,0.0178317182396383,2023,2022-12-31,learned_order_offset,20260911,0.6836194398643525,0.6836194398643525,1,1
rolling5_matched,2961,2023-04-07,2023-04-17,-0.0101500238382772,2023,2022-12-31,learned_order_offset,20260911,0.5672495799270926,0.5672495799270926,1,0
rolling5_matched,2966,2023-04-14,2023-04-24,-0.014368947230732,2023,2022-12-31,learned_order_offset,20260911,0.6741316169957359,0.6741316169957359,1,0
rolling5_matched,2971,2023-04-21,2023-05-04,-0.0044228908788729,2023,2022-12-31,learned_order_offset,20260911,0.42385639364999017,0.42385639364999017,0,0
rolling5_matched,2976,2023-04-28,2023-05-10,0.0036477163153083,2023,2022-12-31,learned_order_offset,20260911,0.12532178666254665,0.12532178666254665,0,1
rolling5_matched,2978,2023-05-05,2023-05-15,-0.0221642407977935,2023,2022-12-31,learned_order_offset,20260911,0.13622908400112121,0.13622908400112121,0,0
rolling5_matched,2983,2023-05-12,2023-05-22,0.0005509250208819,2023,2022-12-31,learned_order_offset,20260911,0.7664206025296355,0.7664206025296355,1,1
rolling5_matched,2988,2023-05-19,2023-05-29,-0.0200253742704897,2023,2022-12-31,learned_order_offset,20260911,0.7032429840533002,0.7032429840533002,1,0
rolling5_matched,2993,2023-05-26,2023-06-05,-0.0003935703040848,2023,2022-12-31,learned_order_offset,20260911,0.3840751662896174,0.3840751662896174,0,0
rolling5_matched,2998,2023-06-02,2023-06-12,-0.0086075595250429,2023,2022-12-31,learned_order_offset,20260911,0.14543203246507563,0.14543203246507563,0,0
rolling5_matched,3003,2023-06-09,2023-06-19,0.0338878539347273,2023,2022-12-31,learned_order_offset,20260911,0.35660113081042516,0.35660113081042516,0,1
rolling5_matched,3008,2023-06-16,2023-07-03,-0.026216632171098,2023,2022-12-31,learned_order_offset,20260911,0.6969919956807811,0.6969919956807811,1,0
rolling5_matched,3016,2023-06-30,2023-07-10,-0.0030441518806006,2023,2022-12-31,learned_order_offset,20260911,0.2110957481598921,0.2110957481598921,0,0
rolling5_matched,3021,2023-07-07,2023-07-17,0.0104280552692135,2023,2022-12-31,learned_order_offset,20260911,0.4469975811054578,0.4469975811054578,0,1
rolling5_matched,3026,2023-07-14,2023-07-24,-0.0201642613135752,2023,2022-12-31,learned_order_offset,20260911,0.8545931543232949,0.8545931543232949,1,0
rolling5_matched,3031,2023-07-21,2023-07-31,0.0566710925894278,2023,2022-12-31,learned_order_offset,20260911,0.34277675633714516,0.34277675633714516,0,1
rolling5_matched,3036,2023-07-28,2023-08-07,-0.0039612927947766,2023,2022-12-31,learned_order_offset,20260911,0.2977814664100714,0.2977814664100714,0,0
rolling5_matched,3041,2023-08-04,2023-08-14,-0.0404899362223548,2023,2022-12-31,learned_order_offset,20260911,0.2863175425206771,0.2863175425206771,0,0
rolling5_matched,3046,2023-08-11,2023-08-21,-0.0176157088591445,2023,2022-12-31,learned_order_offset,20260911,0.5924693943287028,0.5924693943287028,1,0
rolling5_matched,3051,2023-08-18,2023-08-28,0.0366582477081969,2023,2022-12-31,learned_order_offset,20260911,0.45550430335600167,0.45550430335600167,0,1
rolling5_matched,3056,2023-08-25,2023-09-04,-0.025197172476384,2023,2022-12-31,learned_order_offset,20260911,0.45997372584186613,0.45997372584186613,0,0
rolling5_matched,3061,2023-09-01,2023-09-11,-0.0189903461587886,2023,2022-12-31,learned_order_offset,20260911,0.1337393066664124,0.1337393066664124,0,0
rolling5_matched,3066,2023-09-08,2023-09-18,-0.0111346368744954,2023,2022-12-31,learned_order_offset,20260911,0.9150245891999208,0.9150245891999208,1,0
rolling5_matched,3071,2023-09-15,2023-09-25,0.0105787349314532,2023,2022-12-31,learned_order_offset,20260911,0.8528008744893631,0.8528008744893631,1,1
rolling5_matched,3076,2023-09-22,2023-10-16,-0.0198017153282719,2023,2022-12-31,learned_order_offset,20260911,0.3120630248766759,0.3120630248766759,0,0
rolling5_matched,3085,2023-10-13,2023-10-23,-0.0447156690429144,2023,2022-12-31,learned_order_offset,20260911,0.6716115173082067,0.6716115173082067,1,0
rolling5_matched,3090,2023-10-20,2023-10-30,0.0154019770298841,2023,2022-12-31,learned_order_offset,20260911,0.20507822331316172,0.20507822331316172,0,1
rolling5_matched,3095,2023-10-27,2023-11-06,0.0152527637017425,2023,2022-12-31,learned_order_offset,20260911,0.8526893005273173,0.8526893005273173,1,1
rolling5_matched,3100,2023-11-03,2023-11-13,-0.0039935482440582,2023,2022-12-31,learned_order_offset,20260911,0.8003295812040946,0.8003295812040946,1,0
rolling5_matched,3105,2023-11-10,2023-11-20,-0.0067280482816765,2023,2022-12-31,learned_order_offset,20260911,0.5988662623205296,0.5988662623205296,1,0
rolling5_matched,3110,2023-11-17,2023-11-27,-0.0098859017348651,2023,2022-12-31,learned_order_offset,20260911,0.2521647695106922,0.2521647695106922,0,0
rolling5_matched,3115,2023-11-24,2023-12-04,-0.0151084754586299,2023,2022-12-31,learned_order_offset,20260911,0.2884302369192529,0.2884302369192529,0,0
rolling5_matched,3120,2023-12-01,2023-12-11,-0.0295859857973478,2023,2022-12-31,learned_order_offset,20260911,0.31552191109134786,0.31552191109134786,0,0
rolling5_matched,3125,2023-12-08,2023-12-18,-0.0144639658974852,2023,2022-12-31,learned_order_offset,20260911,0.33461822088429793,0.33461822088429793,0,0
rolling5_matched,3130,2023-12-15,2023-12-25,0.0003424256350643,2023,2022-12-31,learned_order_offset,20260911,0.3730550714369331,0.3730550714369331,0,1
rolling5_matched,3135,2023-12-22,2024-01-02,0.0288079559683274,2023,2022-12-31,learned_order_offset,20260911,0.41898603912211574,0.41898603912211574,0,1
rolling5_matched,3140,2023-12-29,2024-01-08,-0.0302544749829989,2023,2022-12-31,learned_order_offset,20260911,0.6454583881198339,0.6454583881198339,1,0
rolling5_matched,2902,2023-01-06,2023-01-16,0.0198447929614133,2023,2022-12-31,native_mse,20260911,0.005241090602029726,,1,1
rolling5_matched,2907,2023-01-13,2023-01-30,0.0465290788350809,2023,2022-12-31,native_mse,20260911,0.006852204264636547,,1,1
rolling5_matched,2912,2023-01-20,2023-02-06,-0.0383797057844887,2023,2022-12-31,native_mse,20260911,0.014155202492831509,,1,0
rolling5_matched,2917,2023-02-03,2023-02-13,-0.0012061903149008,2023,2022-12-31,native_mse,20260911,0.008389896912114638,,1,0
rolling5_matched,2922,2023-02-10,2023-02-20,-0.0143746584432821,2023,2022-12-31,native_mse,20260911,0.0038297695839695296,,1,0
rolling5_matched,2927,2023-02-17,2023-02-27,0.0001237636016198,2023,2022-12-31,native_mse,20260911,-0.01878925629685021,,0,1
rolling5_matched,2932,2023-02-24,2023-03-06,0.0224454641303217,2023,2022-12-31,native_mse,20260911,0.021345543646359433,,1,1
rolling5_matched,2937,2023-03-03,2023-03-13,-0.0407900947678007,2023,2022-12-31,native_mse,20260911,0.0317344250900228,,1,0
rolling5_matched,2942,2023-03-10,2023-03-20,5.0471402903706775e-06,2023,2022-12-31,native_mse,20260911,-0.001777958792538758,,0,1
rolling5_matched,2947,2023-03-17,2023-03-27,0.015302852124583,2023,2022-12-31,native_mse,20260911,-0.014412313437201065,,0,1
rolling5_matched,2952,2023-03-24,2023-04-03,0.0090274153058433,2023,2022-12-31,native_mse,20260911,0.0011125413185591913,,1,1
rolling5_matched,2957,2023-03-31,2023-04-10,0.0178317182396383,2023,2022-12-31,native_mse,20260911,0.018963604443940216,,1,1
rolling5_matched,2961,2023-04-07,2023-04-17,-0.0101500238382772,2023,2022-12-31,native_mse,20260911,0.004991729401848689,,1,0
rolling5_matched,2966,2023-04-14,2023-04-24,-0.014368947230732,2023,2022-12-31,native_mse,20260911,0.017847522475906433,,1,0
rolling5_matched,2971,2023-04-21,2023-05-04,-0.0044228908788729,2023,2022-12-31,native_mse,20260911,-0.0035755379863369875,,0,0
rolling5_matched,2976,2023-04-28,2023-05-10,0.0036477163153083,2023,2022-12-31,native_mse,20260911,-0.02363948624690132,,0,1
rolling5_matched,2978,2023-05-05,2023-05-15,-0.0221642407977935,2023,2022-12-31,native_mse,20260911,-0.022637024733094743,,0,0
rolling5_matched,2983,2023-05-12,2023-05-22,0.0005509250208819,2023,2022-12-31,native_mse,20260911,0.01750307575666919,,1,1
rolling5_matched,2988,2023-05-19,2023-05-29,-0.0200253742704897,2023,2022-12-31,native_mse,20260911,0.018042152137360587,,1,0
rolling5_matched,2993,2023-05-26,2023-06-05,-0.0003935703040848,2023,2022-12-31,native_mse,20260911,-0.00533020956921395,,0,0
rolling5_matched,2998,2023-06-02,2023-06-12,-0.0086075595250429,2023,2022-12-31,native_mse,20260911,-0.022662022974334374,,0,0
rolling5_matched,3003,2023-06-09,2023-06-19,0.0338878539347273,2023,2022-12-31,native_mse,20260911,-0.013443601986901489,,0,1
rolling5_matched,3008,2023-06-16,2023-07-03,-0.026216632171098,2023,2022-12-31,native_mse,20260911,0.009522945330658198,,1,0
rolling5_matched,3016,2023-06-30,2023-07-10,-0.0030441518806006,2023,2022-12-31,native_mse,20260911,-0.012938794579990804,,0,0
rolling5_matched,3021,2023-07-07,2023-07-17,0.0104280552692135,2023,2022-12-31,native_mse,20260911,-0.007095341199118389,,0,1
rolling5_matched,3026,2023-07-14,2023-07-24,-0.0201642613135752,2023,2022-12-31,native_mse,20260911,0.02685523019536455,,1,0
rolling5_matched,3031,2023-07-21,2023-07-31,0.0566710925894278,2023,2022-12-31,native_mse,20260911,-0.00667215506977428,,0,1
rolling5_matched,3036,2023-07-28,2023-08-07,-0.0039612927947766,2023,2022-12-31,native_mse,20260911,-0.008854255047613911,,0,0
rolling5_matched,3041,2023-08-04,2023-08-14,-0.0404899362223548,2023,2022-12-31,native_mse,20260911,-0.010318814866709243,,0,0
rolling5_matched,3046,2023-08-11,2023-08-21,-0.0176157088591445,2023,2022-12-31,native_mse,20260911,0.009934655358797949,,1,0
rolling5_matched,3051,2023-08-18,2023-08-28,0.0366582477081969,2023,2022-12-31,native_mse,20260911,-0.00030289093156890415,,0,1
rolling5_matched,3056,2023-08-25,2023-09-04,-0.025197172476384,2023,2022-12-31,native_mse,20260911,0.005005351667188451,,1,0
rolling5_matched,3061,2023-09-01,2023-09-11,-0.0189903461587886,2023,2022-12-31,native_mse,20260911,-0.02082310770156798,,0,0
rolling5_matched,3066,2023-09-08,2023-09-18,-0.0111346368744954,2023,2022-12-31,native_mse,20260911,0.03335692169376806,,1,0
rolling5_matched,3071,2023-09-15,2023-09-25,0.0105787349314532,2023,2022-12-31,native_mse,20260911,0.026986227178522542,,1,1
rolling5_matched,3076,2023-09-22,2023-10-16,-0.0198017153282719,2023,2022-12-31,native_mse,20260911,-0.011961228570154902,,0,0
rolling5_matched,3085,2023-10-13,2023-10-23,-0.0447156690429144,2023,2022-12-31,native_mse,20260911,0.01377873395990827,,1,0
rolling5_matched,3090,2023-10-20,2023-10-30,0.0154019770298841,2023,2022-12-31,native_mse,20260911,-0.021183468249635604,,0,1
rolling5_matched,3095,2023-10-27,2023-11-06,0.0152527637017425,2023,2022-12-31,native_mse,20260911,0.02821625174306755,,1,1
rolling5_matched,3100,2023-11-03,2023-11-13,-0.0039935482440582,2023,2022-12-31,native_mse,20260911,0.013274034514195471,,1,0
rolling5_matched,3105,2023-11-10,2023-11-20,-0.0067280482816765,2023,2022-12-31,native_mse,20260911,0.0055764655333526356,,1,0
rolling5_matched,3110,2023-11-17,2023-11-27,-0.0098859017348651,2023,2022-12-31,native_mse,20260911,-0.009858452647134886,,0,0
rolling5_matched,3115,2023-11-24,2023-12-04,-0.0151084754586299,2023,2022-12-31,native_mse,20260911,-0.008267331831197945,,0,0
rolling5_matched,3120,2023-12-01,2023-12-11,-0.0295859857973478,2023,2022-12-31,native_mse,20260911,-0.009531897884482847,,0,0
rolling5_matched,3125,2023-12-08,2023-12-18,-0.0144639658974852,2023,2022-12-31,native_mse,20260911,-0.00861587062809701,,0,0
rolling5_matched,3130,2023-12-15,2023-12-25,0.0003424256350643,2023,2022-12-31,native_mse,20260911,-0.00856422077211141,,0,1
rolling5_matched,3135,2023-12-22,2024-01-02,0.0288079559683274,2023,2022-12-31,native_mse,20260911,-0.006218018467502233,,0,1
rolling5_matched,3140,2023-12-29,2024-01-08,-0.0302544749829989,2023,2022-12-31,native_mse,20260911,0.009682042698185405,,1,0
rolling5_matched,2902,2023-01-06,2023-01-16,0.0198447929614133,2023,2022-12-31,learned_market,20260912,0.07924343944380043,0.07924343944380043,0,1
rolling5_matched,2907,2023-01-13,2023-01-30,0.0465290788350809,2023,2022-12-31,learned_market,20260912,0.043662887339375164,0.043662887339375164,0,1
rolling5_matched,2912,2023-01-20,2023-02-06,-0.0383797057844887,2023,2022-12-31,learned_market,20260912,0.9264814318415565,0.9264814318415565,1,0
rolling5_matched,2917,2023-02-03,2023-02-13,-0.0012061903149008,2023,2022-12-31,learned_market,20260912,0.7346580169022758,0.7346580169022758,1,0
rolling5_matched,2922,2023-02-10,2023-02-20,-0.0143746584432821,2023,2022-12-31,learned_market,20260912,0.28659763920085046,0.28659763920085046,0,0
rolling5_matched,2927,2023-02-17,2023-02-27,0.0001237636016198,2023,2022-12-31,learned_market,20260912,0.48185179449971877,0.48185179449971877,0,1
rolling5_matched,2932,2023-02-24,2023-03-06,0.0224454641303217,2023,2022-12-31,learned_market,20260912,0.9603343507197608,0.9603343507197608,1,1
rolling5_matched,2937,2023-03-03,2023-03-13,-0.0407900947678007,2023,2022-12-31,learned_market,20260912,0.7942411338759918,0.7942411338759918,1,0
rolling5_matched,2942,2023-03-10,2023-03-20,5.0471402903706775e-06,2023,2022-12-31,learned_market,20260912,0.8310599302713819,0.8310599302713819,1,1
rolling5_matched,2947,2023-03-17,2023-03-27,0.015302852124583,2023,2022-12-31,learned_market,20260912,0.6372647968823166,0.6372647968823166,1,1
rolling5_matched,2952,2023-03-24,2023-04-03,0.0090274153058433,2023,2022-12-31,learned_market,20260912,0.6384109423155956,0.6384109423155956,1,1
rolling5_matched,2957,2023-03-31,2023-04-10,0.0178317182396383,2023,2022-12-31,learned_market,20260912,0.8114224187277747,0.8114224187277747,1,1
rolling5_matched,2961,2023-04-07,2023-04-17,-0.0101500238382772,2023,2022-12-31,learned_market,20260912,0.5433843179183931,0.5433843179183931,1,0
rolling5_matched,2966,2023-04-14,2023-04-24,-0.014368947230732,2023,2022-12-31,learned_market,20260912,0.22031681586383112,0.22031681586383112,0,0
rolling5_matched,2971,2023-04-21,2023-05-04,-0.0044228908788729,2023,2022-12-31,learned_market,20260912,0.07607833435712551,0.07607833435712551,0,0
rolling5_matched,2976,2023-04-28,2023-05-10,0.0036477163153083,2023,2022-12-31,learned_market,20260912,0.10122915807667746,0.10122915807667746,0,1
rolling5_matched,2978,2023-05-05,2023-05-15,-0.0221642407977935,2023,2022-12-31,learned_market,20260912,0.059288311649035294,0.059288311649035294,0,0
rolling5_matched,2983,2023-05-12,2023-05-22,0.0005509250208819,2023,2022-12-31,learned_market,20260912,0.476702497900557,0.476702497900557,0,1
rolling5_matched,2988,2023-05-19,2023-05-29,-0.0200253742704897,2023,2022-12-31,learned_market,20260912,0.6670368548231059,0.6670368548231059,1,0
rolling5_matched,2993,2023-05-26,2023-06-05,-0.0003935703040848,2023,2022-12-31,learned_market,20260912,0.33030762419610504,0.33030762419610504,0,0
rolling5_matched,2998,2023-06-02,2023-06-12,-0.0086075595250429,2023,2022-12-31,learned_market,20260912,0.8637060898557514,0.8637060898557514,1,0
rolling5_matched,3003,2023-06-09,2023-06-19,0.0338878539347273,2023,2022-12-31,learned_market,20260912,0.10026541797197659,0.10026541797197659,0,1
rolling5_matched,3008,2023-06-16,2023-07-03,-0.026216632171098,2023,2022-12-31,learned_market,20260912,0.619671467451848,0.619671467451848,1,0
rolling5_matched,3016,2023-06-30,2023-07-10,-0.0030441518806006,2023,2022-12-31,learned_market,20260912,0.708271192088639,0.708271192088639,1,0
rolling5_matched,3021,2023-07-07,2023-07-17,0.0104280552692135,2023,2022-12-31,learned_market,20260912,0.6725209421123376,0.6725209421123376,1,1
rolling5_matched,3026,2023-07-14,2023-07-24,-0.0201642613135752,2023,2022-12-31,learned_market,20260912,0.8302251609656592,0.8302251609656592,1,0
rolling5_matched,3031,2023-07-21,2023-07-31,0.0566710925894278,2023,2022-12-31,learned_market,20260912,0.6319712416796193,0.6319712416796193,1,1
rolling5_matched,3036,2023-07-28,2023-08-07,-0.0039612927947766,2023,2022-12-31,learned_market,20260912,0.7049182346145528,0.7049182346145528,1,0
rolling5_matched,3041,2023-08-04,2023-08-14,-0.0404899362223548,2023,2022-12-31,learned_market,20260912,0.843968531628135,0.843968531628135,1,0
rolling5_matched,3046,2023-08-11,2023-08-21,-0.0176157088591445,2023,2022-12-31,learned_market,20260912,0.9226647382222845,0.9226647382222845,1,0
rolling5_matched,3051,2023-08-18,2023-08-28,0.0366582477081969,2023,2022-12-31,learned_market,20260912,0.2674432079264185,0.2674432079264185,0,1
rolling5_matched,3056,2023-08-25,2023-09-04,-0.025197172476384,2023,2022-12-31,learned_market,20260912,0.3158317135404262,0.3158317135404262,0,0
rolling5_matched,3061,2023-09-01,2023-09-11,-0.0189903461587886,2023,2022-12-31,learned_market,20260912,0.30354691015650237,0.30354691015650237,0,0
rolling5_matched,3066,2023-09-08,2023-09-18,-0.0111346368744954,2023,2022-12-31,learned_market,20260912,0.6843008305143616,0.6843008305143616,1,0
rolling5_matched,3071,2023-09-15,2023-09-25,0.0105787349314532,2023,2022-12-31,learned_market,20260912,0.5380829950269622,0.5380829950269622,1,1
rolling5_matched,3076,2023-09-22,2023-10-16,-0.0198017153282719,2023,2022-12-31,learned_market,20260912,0.07400819302725797,0.07400819302725797,0,0
rolling5_matched,3085,2023-10-13,2023-10-23,-0.0447156690429144,2023,2022-12-31,learned_market,20260912,0.33961638400840005,0.33961638400840005,0,0
rolling5_matched,3090,2023-10-20,2023-10-30,0.0154019770298841,2023,2022-12-31,learned_market,20260912,0.3757108274966729,0.3757108274966729,0,1
rolling5_matched,3095,2023-10-27,2023-11-06,0.0152527637017425,2023,2022-12-31,learned_market,20260912,0.5622541949481998,0.5622541949481998,1,1
rolling5_matched,3100,2023-11-03,2023-11-13,-0.0039935482440582,2023,2022-12-31,learned_market,20260912,0.7404134681099823,0.7404134681099823,1,0
rolling5_matched,3105,2023-11-10,2023-11-20,-0.0067280482816765,2023,2022-12-31,learned_market,20260912,0.5456803766911429,0.5456803766911429,1,0
rolling5_matched,3110,2023-11-17,2023-11-27,-0.0098859017348651,2023,2022-12-31,learned_market,20260912,0.39789687037758287,0.39789687037758287,0,0
rolling5_matched,3115,2023-11-24,2023-12-04,-0.0151084754586299,2023,2022-12-31,learned_market,20260912,0.5770868605008017,0.5770868605008017,1,0
rolling5_matched,3120,2023-12-01,2023-12-11,-0.0295859857973478,2023,2022-12-31,learned_market,20260912,0.3059302242809609,0.3059302242809609,0,0
rolling5_matched,3125,2023-12-08,2023-12-18,-0.0144639658974852,2023,2022-12-31,learned_market,20260912,0.6739327727984471,0.6739327727984471,1,0
rolling5_matched,3130,2023-12-15,2023-12-25,0.0003424256350643,2023,2022-12-31,learned_market,20260912,0.5982714505542672,0.5982714505542672,1,1
rolling5_matched,3135,2023-12-22,2024-01-02,0.0288079559683274,2023,2022-12-31,learned_market,20260912,0.8215941810065664,0.8215941810065664,1,1
rolling5_matched,3140,2023-12-29,2024-01-08,-0.0302544749829989,2023,2022-12-31,learned_market,20260912,0.4987973283049639,0.4987973283049639,0,0
rolling5_matched,2902,2023-01-06,2023-01-16,0.0198447929614133,2023,2022-12-31,learned_vol_interaction,20260912,0.0634153229364584,0.0634153229364584,0,1
rolling5_matched,2907,2023-01-13,2023-01-30,0.0465290788350809,2023,2022-12-31,learned_vol_interaction,20260912,0.032148724568378646,0.032148724568378646,0,1
rolling5_matched,2912,2023-01-20,2023-02-06,-0.0383797057844887,2023,2022-12-31,learned_vol_interaction,20260912,0.9475826007676225,0.9475826007676225,1,0
rolling5_matched,2917,2023-02-03,2023-02-13,-0.0012061903149008,2023,2022-12-31,learned_vol_interaction,20260912,0.751602396335121,0.751602396335121,1,0
rolling5_matched,2922,2023-02-10,2023-02-20,-0.0143746584432821,2023,2022-12-31,learned_vol_interaction,20260912,0.2697564127216924,0.2697564127216924,0,0
rolling5_matched,2927,2023-02-17,2023-02-27,0.0001237636016198,2023,2022-12-31,learned_vol_interaction,20260912,0.49136492003993254,0.49136492003993254,0,1
rolling5_matched,2932,2023-02-24,2023-03-06,0.0224454641303217,2023,2022-12-31,learned_vol_interaction,20260912,0.9675550332818306,0.9675550332818306,1,1
rolling5_matched,2937,2023-03-03,2023-03-13,-0.0407900947678007,2023,2022-12-31,learned_vol_interaction,20260912,0.8134835307606092,0.8134835307606092,1,0
rolling5_matched,2942,2023-03-10,2023-03-20,5.0471402903706775e-06,2023,2022-12-31,learned_vol_interaction,20260912,0.8532496517386567,0.8532496517386567,1,1
rolling5_matched,2947,2023-03-17,2023-03-27,0.015302852124583,2023,2022-12-31,learned_vol_interaction,20260912,0.6508194598214174,0.6508194598214174,1,1
rolling5_matched,2952,2023-03-24,2023-04-03,0.0090274153058433,2023,2022-12-31,learned_vol_interaction,20260912,0.6492632587896262,0.6492632587896262,1,1
rolling5_matched,2957,2023-03-31,2023-04-10,0.0178317182396383,2023,2022-12-31,learned_vol_interaction,20260912,0.8293617491164422,0.8293617491164422,1,1
rolling5_matched,2961,2023-04-07,2023-04-17,-0.0101500238382772,2023,2022-12-31,learned_vol_interaction,20260912,0.5481511604691445,0.5481511604691445,1,0
rolling5_matched,2966,2023-04-14,2023-04-24,-0.014368947230732,2023,2022-12-31,learned_vol_interaction,20260912,0.18672316448721554,0.18672316448721554,0,0
rolling5_matched,2971,2023-04-21,2023-05-04,-0.0044228908788729,2023,2022-12-31,learned_vol_interaction,20260912,0.0584405928323054,0.0584405928323054,0,0
rolling5_matched,2976,2023-04-28,2023-05-10,0.0036477163153083,2023,2022-12-31,learned_vol_interaction,20260912,0.08130621649978753,0.08130621649978753,0,1
rolling5_matched,2978,2023-05-05,2023-05-15,-0.0221642407977935,2023,2022-12-31,learned_vol_interaction,20260912,0.042048897987117535,0.042048897987117535,0,0
rolling5_matched,2983,2023-05-12,2023-05-22,0.0005509250208819,2023,2022-12-31,learned_vol_interaction,20260912,0.4785688903817087,0.4785688903817087,0,1
rolling5_matched,2988,2023-05-19,2023-05-29,-0.0200253742704897,2023,2022-12-31,learned_vol_interaction,20260912,0.6876387552903188,0.6876387552903188,1,0
rolling5_matched,2993,2023-05-26,2023-06-05,-0.0003935703040848,2023,2022-12-31,learned_vol_interaction,20260912,0.2992009977968138,0.2992009977968138,0,0
rolling5_matched,2998,2023-06-02,2023-06-12,-0.0086075595250429,2023,2022-12-31,learned_vol_interaction,20260912,0.8695466970805119,0.8695466970805119,1,0
rolling5_matched,3003,2023-06-09,2023-06-19,0.0338878539347273,2023,2022-12-31,learned_vol_interaction,20260912,0.0804609757573106,0.0804609757573106,0,1
rolling5_matched,3008,2023-06-16,2023-07-03,-0.026216632171098,2023,2022-12-31,learned_vol_interaction,20260912,0.6234686714276148,0.6234686714276148,1,0
rolling5_matched,3016,2023-06-30,2023-07-10,-0.0030441518806006,2023,2022-12-31,learned_vol_interaction,20260912,0.7096277201171435,0.7096277201171435,1,0
rolling5_matched,3021,2023-07-07,2023-07-17,0.0104280552692135,2023,2022-12-31,learned_vol_interaction,20260912,0.6965081706579621,0.6965081706579621,1,1
rolling5_matched,3026,2023-07-14,2023-07-24,-0.0201642613135752,2023,2022-12-31,learned_vol_interaction,20260912,0.8582187463633171,0.8582187463633171,1,0
rolling5_matched,3031,2023-07-21,2023-07-31,0.0566710925894278,2023,2022-12-31,learned_vol_interaction,20260912,0.6463891959370305,0.6463891959370305,1,1
rolling5_matched,3036,2023-07-28,2023-08-07,-0.0039612927947766,2023,2022-12-31,learned_vol_interaction,20260912,0.7293390421760824,0.7293390421760824,1,0
rolling5_matched,3041,2023-08-04,2023-08-14,-0.0404899362223548,2023,2022-12-31,learned_vol_interaction,20260912,0.8614435784446793,0.8614435784446793,1,0
rolling5_matched,3046,2023-08-11,2023-08-21,-0.0176157088591445,2023,2022-12-31,learned_vol_interaction,20260912,0.9318024562463884,0.9318024562463884,1,0
rolling5_matched,3051,2023-08-18,2023-08-28,0.0366582477081969,2023,2022-12-31,learned_vol_interaction,20260912,0.2625264369327383,0.2625264369327383,0,1
rolling5_matched,3056,2023-08-25,2023-09-04,-0.025197172476384,2023,2022-12-31,learned_vol_interaction,20260912,0.29388365283998996,0.29388365283998996,0,0
rolling5_matched,3061,2023-09-01,2023-09-11,-0.0189903461587886,2023,2022-12-31,learned_vol_interaction,20260912,0.2765782081126319,0.2765782081126319,0,0
rolling5_matched,3066,2023-09-08,2023-09-18,-0.0111346368744954,2023,2022-12-31,learned_vol_interaction,20260912,0.7028274057755163,0.7028274057755163,1,0
rolling5_matched,3071,2023-09-15,2023-09-25,0.0105787349314532,2023,2022-12-31,learned_vol_interaction,20260912,0.550943306473043,0.550943306473043,1,1
rolling5_matched,3076,2023-09-22,2023-10-16,-0.0198017153282719,2023,2022-12-31,learned_vol_interaction,20260912,0.05950342766520374,0.05950342766520374,0,0
rolling5_matched,3085,2023-10-13,2023-10-23,-0.0447156690429144,2023,2022-12-31,learned_vol_interaction,20260912,0.33088786123671393,0.33088786123671393,0,0
rolling5_matched,3090,2023-10-20,2023-10-30,0.0154019770298841,2023,2022-12-31,learned_vol_interaction,20260912,0.36805853284107454,0.36805853284107454,0,1
rolling5_matched,3095,2023-10-27,2023-11-06,0.0152527637017425,2023,2022-12-31,learned_vol_interaction,20260912,0.5683706049488603,0.5683706049488603,1,1
rolling5_matched,3100,2023-11-03,2023-11-13,-0.0039935482440582,2023,2022-12-31,learned_vol_interaction,20260912,0.748525671538576,0.748525671538576,1,0
rolling5_matched,3105,2023-11-10,2023-11-20,-0.0067280482816765,2023,2022-12-31,learned_vol_interaction,20260912,0.5513549762925056,0.5513549762925056,1,0
rolling5_matched,3110,2023-11-17,2023-11-27,-0.0098859017348651,2023,2022-12-31,learned_vol_interaction,20260912,0.3745789514121422,0.3745789514121422,0,0
rolling5_matched,3115,2023-11-24,2023-12-04,-0.0151084754586299,2023,2022-12-31,learned_vol_interaction,20260912,0.5844104059836616,0.5844104059836616,1,0
rolling5_matched,3120,2023-12-01,2023-12-11,-0.0295859857973478,2023,2022-12-31,learned_vol_interaction,20260912,0.28153790647782717,0.28153790647782717,0,0
rolling5_matched,3125,2023-12-08,2023-12-18,-0.0144639658974852,2023,2022-12-31,learned_vol_interaction,20260912,0.6956845949439168,0.6956845949439168,1,0
rolling5_matched,3130,2023-12-15,2023-12-25,0.0003424256350643,2023,2022-12-31,learned_vol_interaction,20260912,0.6022118909864422,0.6022118909864422,1,1
rolling5_matched,3135,2023-12-22,2024-01-02,0.0288079559683274,2023,2022-12-31,learned_vol_interaction,20260912,0.8421475408007383,0.8421475408007383,1,1
rolling5_matched,3140,2023-12-29,2024-01-08,-0.0302544749829989,2023,2022-12-31,learned_vol_interaction,20260912,0.49655305372697056,0.49655305372697056,0,0
rolling5_matched,2902,2023-01-06,2023-01-16,0.0198447929614133,2023,2022-12-31,learned_order_extension,20260912,0.10608792947162707,0.10608792947162707,0,1
rolling5_matched,2907,2023-01-13,2023-01-30,0.0465290788350809,2023,2022-12-31,learned_order_extension,20260912,0.05079013720951,0.05079013720951,0,1
rolling5_matched,2912,2023-01-20,2023-02-06,-0.0383797057844887,2023,2022-12-31,learned_order_extension,20260912,0.9076413854815891,0.9076413854815891,1,0
rolling5_matched,2917,2023-02-03,2023-02-13,-0.0012061903149008,2023,2022-12-31,learned_order_extension,20260912,0.6536777445185291,0.6536777445185291,1,0
rolling5_matched,2922,2023-02-10,2023-02-20,-0.0143746584432821,2023,2022-12-31,learned_order_extension,20260912,0.2677022124344381,0.2677022124344381,0,0
rolling5_matched,2927,2023-02-17,2023-02-27,0.0001237636016198,2023,2022-12-31,learned_order_extension,20260912,0.5223848966059202,0.5223848966059202,1,1
rolling5_matched,2932,2023-02-24,2023-03-06,0.0224454641303217,2023,2022-12-31,learned_order_extension,20260912,0.9695320287522884,0.9695320287522884,1,1
rolling5_matched,2937,2023-03-03,2023-03-13,-0.0407900947678007,2023,2022-12-31,learned_order_extension,20260912,0.826311109173787,0.826311109173787,1,0
rolling5_matched,2942,2023-03-10,2023-03-20,5.0471402903706775e-06,2023,2022-12-31,learned_order_extension,20260912,0.833367840030672,0.833367840030672,1,1
rolling5_matched,2947,2023-03-17,2023-03-27,0.015302852124583,2023,2022-12-31,learned_order_extension,20260912,0.6644242843095067,0.6644242843095067,1,1
rolling5_matched,2952,2023-03-24,2023-04-03,0.0090274153058433,2023,2022-12-31,learned_order_extension,20260912,0.6551095168821521,0.6551095168821521,1,1
rolling5_matched,2957,2023-03-31,2023-04-10,0.0178317182396383,2023,2022-12-31,learned_order_extension,20260912,0.7705112032768519,0.7705112032768519,1,1
rolling5_matched,2961,2023-04-07,2023-04-17,-0.0101500238382772,2023,2022-12-31,learned_order_extension,20260912,0.5835837555215111,0.5835837555215111,1,0
rolling5_matched,2966,2023-04-14,2023-04-24,-0.014368947230732,2023,2022-12-31,learned_order_extension,20260912,0.2304180149654667,0.2304180149654667,0,0
rolling5_matched,2971,2023-04-21,2023-05-04,-0.0044228908788729,2023,2022-12-31,learned_order_extension,20260912,0.10549132526304787,0.10549132526304787,0,0
rolling5_matched,2976,2023-04-28,2023-05-10,0.0036477163153083,2023,2022-12-31,learned_order_extension,20260912,0.1600038329589732,0.1600038329589732,0,1
rolling5_matched,2978,2023-05-05,2023-05-15,-0.0221642407977935,2023,2022-12-31,learned_order_extension,20260912,0.1035692455527415,0.1035692455527415,0,0
rolling5_matched,2983,2023-05-12,2023-05-22,0.0005509250208819,2023,2022-12-31,learned_order_extension,20260912,0.5191972379882367,0.5191972379882367,1,1
rolling5_matched,2988,2023-05-19,2023-05-29,-0.0200253742704897,2023,2022-12-31,learned_order_extension,20260912,0.6409413979900248,0.6409413979900248,1,0
rolling5_matched,2993,2023-05-26,2023-06-05,-0.0003935703040848,2023,2022-12-31,learned_order_extension,20260912,0.3711914406554772,0.3711914406554772,0,0
rolling5_matched,2998,2023-06-02,2023-06-12,-0.0086075595250429,2023,2022-12-31,learned_order_extension,20260912,0.8135467151749406,0.8135467151749406,1,0
rolling5_matched,3003,2023-06-09,2023-06-19,0.0338878539347273,2023,2022-12-31,learned_order_extension,20260912,0.17233537394799492,0.17233537394799492,0,1
rolling5_matched,3008,2023-06-16,2023-07-03,-0.026216632171098,2023,2022-12-31,learned_order_extension,20260912,0.5670294405913562,0.5670294405913562,1,0
rolling5_matched,3016,2023-06-30,2023-07-10,-0.0030441518806006,2023,2022-12-31,learned_order_extension,20260912,0.6365726839206303,0.6365726839206303,1,0
rolling5_matched,3021,2023-07-07,2023-07-17,0.0104280552692135,2023,2022-12-31,learned_order_extension,20260912,0.6610680342501446,0.6610680342501446,1,1
rolling5_matched,3026,2023-07-14,2023-07-24,-0.0201642613135752,2023,2022-12-31,learned_order_extension,20260912,0.7793408384817632,0.7793408384817632,1,0
rolling5_matched,3031,2023-07-21,2023-07-31,0.0566710925894278,2023,2022-12-31,learned_order_extension,20260912,0.5611122672318424,0.5611122672318424,1,1
rolling5_matched,3036,2023-07-28,2023-08-07,-0.0039612927947766,2023,2022-12-31,learned_order_extension,20260912,0.6613422718451163,0.6613422718451163,1,0
rolling5_matched,3041,2023-08-04,2023-08-14,-0.0404899362223548,2023,2022-12-31,learned_order_extension,20260912,0.7942031492789021,0.7942031492789021,1,0
rolling5_matched,3046,2023-08-11,2023-08-21,-0.0176157088591445,2023,2022-12-31,learned_order_extension,20260912,0.9010291454097542,0.9010291454097542,1,0
rolling5_matched,3051,2023-08-18,2023-08-28,0.0366582477081969,2023,2022-12-31,learned_order_extension,20260912,0.30565085667717934,0.30565085667717934,0,1
rolling5_matched,3056,2023-08-25,2023-09-04,-0.025197172476384,2023,2022-12-31,learned_order_extension,20260912,0.34543843615648867,0.34543843615648867,0,0
rolling5_matched,3061,2023-09-01,2023-09-11,-0.0189903461587886,2023,2022-12-31,learned_order_extension,20260912,0.33141678076557574,0.33141678076557574,0,0
rolling5_matched,3066,2023-09-08,2023-09-18,-0.0111346368744954,2023,2022-12-31,learned_order_extension,20260912,0.6912055666487804,0.6912055666487804,1,0
rolling5_matched,3071,2023-09-15,2023-09-25,0.0105787349314532,2023,2022-12-31,learned_order_extension,20260912,0.6100577364050028,0.6100577364050028,1,1
rolling5_matched,3076,2023-09-22,2023-10-16,-0.0198017153282719,2023,2022-12-31,learned_order_extension,20260912,0.07878316792796515,0.07878316792796515,0,0
rolling5_matched,3085,2023-10-13,2023-10-23,-0.0447156690429144,2023,2022-12-31,learned_order_extension,20260912,0.33699240333407876,0.33699240333407876,0,0
rolling5_matched,3090,2023-10-20,2023-10-30,0.0154019770298841,2023,2022-12-31,learned_order_extension,20260912,0.3350148350612434,0.3350148350612434,0,1
rolling5_matched,3095,2023-10-27,2023-11-06,0.0152527637017425,2023,2022-12-31,learned_order_extension,20260912,0.5711474438125884,0.5711474438125884,1,1
rolling5_matched,3100,2023-11-03,2023-11-13,-0.0039935482440582,2023,2022-12-31,learned_order_extension,20260912,0.709470029529051,0.709470029529051,1,0
rolling5_matched,3105,2023-11-10,2023-11-20,-0.0067280482816765,2023,2022-12-31,learned_order_extension,20260912,0.570759731130695,0.570759731130695,1,0
rolling5_matched,3110,2023-11-17,2023-11-27,-0.0098859017348651,2023,2022-12-31,learned_order_extension,20260912,0.41838385628040475,0.41838385628040475,0,0
rolling5_matched,3115,2023-11-24,2023-12-04,-0.0151084754586299,2023,2022-12-31,learned_order_extension,20260912,0.5818711005162645,0.5818711005162645,1,0
rolling5_matched,3120,2023-12-01,2023-12-11,-0.0295859857973478,2023,2022-12-31,learned_order_extension,20260912,0.3448202855215776,0.3448202855215776,0,0
rolling5_matched,3125,2023-12-08,2023-12-18,-0.0144639658974852,2023,2022-12-31,learned_order_extension,20260912,0.7273551418430432,0.7273551418430432,1,0
rolling5_matched,3130,2023-12-15,2023-12-25,0.0003424256350643,2023,2022-12-31,learned_order_extension,20260912,0.621391626379281,0.621391626379281,1,1
rolling5_matched,3135,2023-12-22,2024-01-02,0.0288079559683274,2023,2022-12-31,learned_order_extension,20260912,0.8241686212522598,0.8241686212522598,1,1
rolling5_matched,3140,2023-12-29,2024-01-08,-0.0302544749829989,2023,2022-12-31,learned_order_extension,20260912,0.48928070013025793,0.48928070013025793,0,0
rolling5_matched,2902,2023-01-06,2023-01-16,0.0198447929614133,2023,2022-12-31,learned_order_offset,20260912,0.10884025109012878,0.10884025109012878,0,1
rolling5_matched,2907,2023-01-13,2023-01-30,0.0465290788350809,2023,2022-12-31,learned_order_offset,20260912,0.05649928995438913,0.05649928995438913,0,1
rolling5_matched,2912,2023-01-20,2023-02-06,-0.0383797057844887,2023,2022-12-31,learned_order_offset,20260912,0.8888219775386098,0.8888219775386098,1,0
rolling5_matched,2917,2023-02-03,2023-02-13,-0.0012061903149008,2023,2022-12-31,learned_order_offset,20260912,0.6260085792809413,0.6260085792809413,1,0
rolling5_matched,2922,2023-02-10,2023-02-20,-0.0143746584432821,2023,2022-12-31,learned_order_offset,20260912,0.2619954548348231,0.2619954548348231,0,0
rolling5_matched,2927,2023-02-17,2023-02-27,0.0001237636016198,2023,2022-12-31,learned_order_offset,20260912,0.5268304861904821,0.5268304861904821,1,1
rolling5_matched,2932,2023-02-24,2023-03-06,0.0224454641303217,2023,2022-12-31,learned_order_offset,20260912,0.9627711511761228,0.9627711511761228,1,1
rolling5_matched,2937,2023-03-03,2023-03-13,-0.0407900947678007,2023,2022-12-31,learned_order_offset,20260912,0.8139608650541612,0.8139608650541612,1,0
rolling5_matched,2942,2023-03-10,2023-03-20,5.0471402903706775e-06,2023,2022-12-31,learned_order_offset,20260912,0.8301581038538124,0.8301581038538124,1,1
rolling5_matched,2947,2023-03-17,2023-03-27,0.015302852124583,2023,2022-12-31,learned_order_offset,20260912,0.6698888364547924,0.6698888364547924,1,1
rolling5_matched,2952,2023-03-24,2023-04-03,0.0090274153058433,2023,2022-12-31,learned_order_offset,20260912,0.6588918259461215,0.6588918259461215,1,1
rolling5_matched,2957,2023-03-31,2023-04-10,0.0178317182396383,2023,2022-12-31,learned_order_offset,20260912,0.7706855066319113,0.7706855066319113,1,1
rolling5_matched,2961,2023-04-07,2023-04-17,-0.0101500238382772,2023,2022-12-31,learned_order_offset,20260912,0.5923146772284824,0.5923146772284824,1,0
rolling5_matched,2966,2023-04-14,2023-04-24,-0.014368947230732,2023,2022-12-31,learned_order_offset,20260912,0.24280615791222715,0.24280615791222715,0,0
rolling5_matched,2971,2023-04-21,2023-05-04,-0.0044228908788729,2023,2022-12-31,learned_order_offset,20260912,0.11892271988946024,0.11892271988946024,0,0
rolling5_matched,2976,2023-04-28,2023-05-10,0.0036477163153083,2023,2022-12-31,learned_order_offset,20260912,0.17556677530082831,0.17556677530082831,0,1
rolling5_matched,2978,2023-05-05,2023-05-15,-0.0221642407977935,2023,2022-12-31,learned_order_offset,20260912,0.1149769954262466,0.1149769954262466,0,0
rolling5_matched,2983,2023-05-12,2023-05-22,0.0005509250208819,2023,2022-12-31,learned_order_offset,20260912,0.528677710469002,0.528677710469002,1,1
rolling5_matched,2988,2023-05-19,2023-05-29,-0.0200253742704897,2023,2022-12-31,learned_order_offset,20260912,0.632712298692325,0.632712298692325,1,0
rolling5_matched,2993,2023-05-26,2023-06-05,-0.0003935703040848,2023,2022-12-31,learned_order_offset,20260912,0.37996037102748503,0.37996037102748503,0,0
rolling5_matched,2998,2023-06-02,2023-06-12,-0.0086075595250429,2023,2022-12-31,learned_order_offset,20260912,0.8185003244582489,0.8185003244582489,1,0
rolling5_matched,3003,2023-06-09,2023-06-19,0.0338878539347273,2023,2022-12-31,learned_order_offset,20260912,0.18887291887299285,0.18887291887299285,0,1
rolling5_matched,3008,2023-06-16,2023-07-03,-0.026216632171098,2023,2022-12-31,learned_order_offset,20260912,0.5832436573569336,0.5832436573569336,1,0
rolling5_matched,3016,2023-06-30,2023-07-10,-0.0030441518806006,2023,2022-12-31,learned_order_offset,20260912,0.6531080236902996,0.6531080236902996,1,0
rolling5_matched,3021,2023-07-07,2023-07-17,0.0104280552692135,2023,2022-12-31,learned_order_offset,20260912,0.6658624733206443,0.6658624733206443,1,1
rolling5_matched,3026,2023-07-14,2023-07-24,-0.0201642613135752,2023,2022-12-31,learned_order_offset,20260912,0.7720033493846233,0.7720033493846233,1,0
rolling5_matched,3031,2023-07-21,2023-07-31,0.0566710925894278,2023,2022-12-31,learned_order_offset,20260912,0.5648019403844119,0.5648019403844119,1,1
rolling5_matched,3036,2023-07-28,2023-08-07,-0.0039612927947766,2023,2022-12-31,learned_order_offset,20260912,0.660875988355574,0.660875988355574,1,0
rolling5_matched,3041,2023-08-04,2023-08-14,-0.0404899362223548,2023,2022-12-31,learned_order_offset,20260912,0.7878291804528903,0.7878291804528903,1,0
rolling5_matched,3046,2023-08-11,2023-08-21,-0.0176157088591445,2023,2022-12-31,learned_order_offset,20260912,0.8945145580953732,0.8945145580953732,1,0
rolling5_matched,3051,2023-08-18,2023-08-28,0.0366582477081969,2023,2022-12-31,learned_order_offset,20260912,0.31984309308728204,0.31984309308728204,0,1
rolling5_matched,3056,2023-08-25,2023-09-04,-0.025197172476384,2023,2022-12-31,learned_order_offset,20260912,0.34770207376841605,0.34770207376841605,0,0
rolling5_matched,3061,2023-09-01,2023-09-11,-0.0189903461587886,2023,2022-12-31,learned_order_offset,20260912,0.3296461488328893,0.3296461488328893,0,0
rolling5_matched,3066,2023-09-08,2023-09-18,-0.0111346368744954,2023,2022-12-31,learned_order_offset,20260912,0.6726469904409753,0.6726469904409753,1,0
rolling5_matched,3071,2023-09-15,2023-09-25,0.0105787349314532,2023,2022-12-31,learned_order_offset,20260912,0.6014020294818693,0.6014020294818693,1,1
rolling5_matched,3076,2023-09-22,2023-10-16,-0.0198017153282719,2023,2022-12-31,learned_order_offset,20260912,0.08976645590469469,0.08976645590469469,0,0
rolling5_matched,3085,2023-10-13,2023-10-23,-0.0447156690429144,2023,2022-12-31,learned_order_offset,20260912,0.3569738547121743,0.3569738547121743,0,0
rolling5_matched,3090,2023-10-20,2023-10-30,0.0154019770298841,2023,2022-12-31,learned_order_offset,20260912,0.36490862446258593,0.36490862446258593,0,1
rolling5_matched,3095,2023-10-27,2023-11-06,0.0152527637017425,2023,2022-12-31,learned_order_offset,20260912,0.5743310042885238,0.5743310042885238,1,1
rolling5_matched,3100,2023-11-03,2023-11-13,-0.0039935482440582,2023,2022-12-31,learned_order_offset,20260912,0.7145690217284054,0.7145690217284054,1,0
rolling5_matched,3105,2023-11-10,2023-11-20,-0.0067280482816765,2023,2022-12-31,learned_order_offset,20260912,0.568016956664428,0.568016956664428,1,0
rolling5_matched,3110,2023-11-17,2023-11-27,-0.0098859017348651,2023,2022-12-31,learned_order_offset,20260912,0.431645418427144,0.431645418427144,0,0
rolling5_matched,3115,2023-11-24,2023-12-04,-0.0151084754586299,2023,2022-12-31,learned_order_offset,20260912,0.5832737420091498,0.5832737420091498,1,0
rolling5_matched,3120,2023-12-01,2023-12-11,-0.0295859857973478,2023,2022-12-31,learned_order_offset,20260912,0.3601407033870584,0.3601407033870584,0,0
rolling5_matched,3125,2023-12-08,2023-12-18,-0.0144639658974852,2023,2022-12-31,learned_order_offset,20260912,0.734109146506694,0.734109146506694,1,0
rolling5_matched,3130,2023-12-15,2023-12-25,0.0003424256350643,2023,2022-12-31,learned_order_offset,20260912,0.631513055155924,0.631513055155924,1,1
rolling5_matched,3135,2023-12-22,2024-01-02,0.0288079559683274,2023,2022-12-31,learned_order_offset,20260912,0.8220031929763485,0.8220031929763485,1,1
rolling5_matched,3140,2023-12-29,2024-01-08,-0.0302544749829989,2023,2022-12-31,learned_order_offset,20260912,0.4985570642819672,0.4985570642819672,0,0
rolling5_matched,2902,2023-01-06,2023-01-16,0.0198447929614133,2023,2022-12-31,native_mse,20260912,-0.023400879810404892,,0,1
rolling5_matched,2907,2023-01-13,2023-01-30,0.0465290788350809,2023,2022-12-31,native_mse,20260912,-0.028335711289477136,,0,1
rolling5_matched,2912,2023-01-20,2023-02-06,-0.0383797057844887,2023,2022-12-31,native_mse,20260912,0.031364205246754644,,1,0
rolling5_matched,2917,2023-02-03,2023-02-13,-0.0012061903149008,2023,2022-12-31,native_mse,20260912,0.02023467341808813,,1,0
rolling5_matched,2922,2023-02-10,2023-02-20,-0.0143746584432821,2023,2022-12-31,native_mse,20260912,-0.003497255017020378,,0,0
rolling5_matched,2927,2023-02-17,2023-02-27,0.0001237636016198,2023,2022-12-31,native_mse,20260912,-0.0005614026050937809,,0,1
rolling5_matched,2932,2023-02-24,2023-03-06,0.0224454641303217,2023,2022-12-31,native_mse,20260912,0.03918662090509523,,1,1
rolling5_matched,2937,2023-03-03,2023-03-13,-0.0407900947678007,2023,2022-12-31,native_mse,20260912,0.015846587047376504,,1,0
rolling5_matched,2942,2023-03-10,2023-03-20,5.0471402903706775e-06,2023,2022-12-31,native_mse,20260912,0.015394050273339266,,1,1
rolling5_matched,2947,2023-03-17,2023-03-27,0.015302852124583,2023,2022-12-31,native_mse,20260912,0.005507120924098939,,1,1
rolling5_matched,2952,2023-03-24,2023-04-03,0.0090274153058433,2023,2022-12-31,native_mse,20260912,0.004746969177072739,,1,1
rolling5_matched,2957,2023-03-31,2023-04-10,0.0178317182396383,2023,2022-12-31,native_mse,20260912,0.01672580214724755,,1,1
rolling5_matched,2961,2023-04-07,2023-04-17,-0.0101500238382772,2023,2022-12-31,native_mse,20260912,0.002412828924362901,,1,0
rolling5_matched,2966,2023-04-14,2023-04-24,-0.014368947230732,2023,2022-12-31,native_mse,20260912,-0.00931283939004243,,0,0
rolling5_matched,2971,2023-04-21,2023-05-04,-0.0044228908788729,2023,2022-12-31,native_mse,20260912,-0.027199517195062903,,0,0
rolling5_matched,2976,2023-04-28,2023-05-10,0.0036477163153083,2023,2022-12-31,native_mse,20260912,-0.02391172085522971,,0,1
rolling5_matched,2978,2023-05-05,2023-05-15,-0.0221642407977935,2023,2022-12-31,native_mse,20260912,-0.029093724272933916,,0,0
rolling5_matched,2983,2023-05-12,2023-05-22,0.0005509250208819,2023,2022-12-31,native_mse,20260912,-0.0033773919677218345,,0,1
rolling5_matched,2988,2023-05-19,2023-05-29,-0.0200253742704897,2023,2022-12-31,native_mse,20260912,0.009960937815899533,,1,0
rolling5_matched,2993,2023-05-26,2023-06-05,-0.0003935703040848,2023,2022-12-31,native_mse,20260912,-0.0067717814890528765,,0,0
rolling5_matched,2998,2023-06-02,2023-06-12,-0.0086075595250429,2023,2022-12-31,native_mse,20260912,0.020129757770767923,,1,0
rolling5_matched,3003,2023-06-09,2023-06-19,0.0338878539347273,2023,2022-12-31,native_mse,20260912,-0.024603161829712387,,0,1
rolling5_matched,3008,2023-06-16,2023-07-03,-0.026216632171098,2023,2022-12-31,native_mse,20260912,0.003977535814320186,,1,0
rolling5_matched,3016,2023-06-30,2023-07-10,-0.0030441518806006,2023,2022-12-31,native_mse,20260912,0.004560630326157883,,1,0
rolling5_matched,3021,2023-07-07,2023-07-17,0.0104280552692135,2023,2022-12-31,native_mse,20260912,0.010081380721309305,,1,1
rolling5_matched,3026,2023-07-14,2023-07-24,-0.0201642613135752,2023,2022-12-31,native_mse,20260912,0.013390937337100355,,1,0
rolling5_matched,3031,2023-07-21,2023-07-31,0.0566710925894278,2023,2022-12-31,native_mse,20260912,0.0083724254818083,,1,1
rolling5_matched,3036,2023-07-28,2023-08-07,-0.0039612927947766,2023,2022-12-31,native_mse,20260912,0.00656744528669851,,1,0
rolling5_matched,3041,2023-08-04,2023-08-14,-0.0404899362223548,2023,2022-12-31,native_mse,20260912,0.02202721935636232,,1,0
rolling5_matched,3046,2023-08-11,2023-08-21,-0.0176157088591445,2023,2022-12-31,native_mse,20260912,0.024515507303938203,,1,0
rolling5_matched,3051,2023-08-18,2023-08-28,0.0366582477081969,2023,2022-12-31,native_mse,20260912,-0.012189809416379862,,0,1
rolling5_matched,3056,2023-08-25,2023-09-04,-0.025197172476384,2023,2022-12-31,native_mse,20260912,-0.012148022338214078,,0,0
rolling5_matched,3061,2023-09-01,2023-09-11,-0.0189903461587886,2023,2022-12-31,native_mse,20260912,-0.008295403483958049,,0,0
rolling5_matched,3066,2023-09-08,2023-09-18,-0.0111346368744954,2023,2022-12-31,native_mse,20260912,0.0075133677823684296,,1,0
rolling5_matched,3071,2023-09-15,2023-09-25,0.0105787349314532,2023,2022-12-31,native_mse,20260912,0.0030120956318493096,,1,1
rolling5_matched,3076,2023-09-22,2023-10-16,-0.0198017153282719,2023,2022-12-31,native_mse,20260912,-0.027120179645093553,,0,0
rolling5_matched,3085,2023-10-13,2023-10-23,-0.0447156690429144,2023,2022-12-31,native_mse,20260912,-0.010022273317069622,,0,0
rolling5_matched,3090,2023-10-20,2023-10-30,0.0154019770298841,2023,2022-12-31,native_mse,20260912,-0.007313223874222147,,0,1
rolling5_matched,3095,2023-10-27,2023-11-06,0.0152527637017425,2023,2022-12-31,native_mse,20260912,-0.00020673668371910513,,0,1
rolling5_matched,3100,2023-11-03,2023-11-13,-0.0039935482440582,2023,2022-12-31,native_mse,20260912,0.0068306503338714224,,1,0
rolling5_matched,3105,2023-11-10,2023-11-20,-0.0067280482816765,2023,2022-12-31,native_mse,20260912,0.001910461636421783,,1,0
rolling5_matched,3110,2023-11-17,2023-11-27,-0.0098859017348651,2023,2022-12-31,native_mse,20260912,-0.006913908052796201,,0,0
rolling5_matched,3115,2023-11-24,2023-12-04,-0.0151084754586299,2023,2022-12-31,native_mse,20260912,0.00287625388993617,,1,0
rolling5_matched,3120,2023-12-01,2023-12-11,-0.0295859857973478,2023,2022-12-31,native_mse,20260912,-0.012630552300202835,,0,0
rolling5_matched,3125,2023-12-08,2023-12-18,-0.0144639658974852,2023,2022-12-31,native_mse,20260912,-0.0021968075372250403,,0,0
rolling5_matched,3130,2023-12-15,2023-12-25,0.0003424256350643,2023,2022-12-31,native_mse,20260912,0.003391036171474959,,1,1
rolling5_matched,3135,2023-12-22,2024-01-02,0.0288079559683274,2023,2022-12-31,native_mse,20260912,0.010575230937289343,,1,1
rolling5_matched,3140,2023-12-29,2024-01-08,-0.0302544749829989,2023,2022-12-31,native_mse,20260912,-0.000792698806043807,,0,0
rolling5_matched,3144,2024-01-05,2024-01-15,-0.0158038409563566,2024,2023-12-31,learned_market,20260910,0.2975888696408003,0.2975888696408003,0,0
rolling5_matched,3149,2024-01-12,2024-01-22,-0.002333261979756,2024,2023-12-31,learned_market,20260910,0.45788086846680237,0.45788086846680237,0,0
rolling5_matched,3154,2024-01-19,2024-01-29,0.0223511633823452,2024,2023-12-31,learned_market,20260910,0.7821975790956707,0.7821975790956707,1,1
rolling5_matched,3159,2024-01-26,2024-02-05,-0.0513103415192826,2024,2023-12-31,learned_market,20260910,0.739994733720113,0.739994733720113,1,0
rolling5_matched,3164,2024-02-02,2024-02-26,0.1015374891364462,2024,2023-12-31,learned_market,20260910,0.9112529481176886,0.9112529481176886,1,1
rolling5_matched,3173,2024-02-23,2024-03-04,0.0151569053862528,2024,2023-12-31,learned_market,20260910,0.2702176847409333,0.2702176847409333,0,1
rolling5_matched,3178,2024-03-01,2024-03-11,0.0021394031715169,2024,2023-12-31,learned_market,20260910,0.6416231591920066,0.6416231591920066,1,1
rolling5_matched,3183,2024-03-08,2024-03-18,0.0087762342284414,2024,2023-12-31,learned_market,20260910,0.9605421741448678,0.9605421741448678,1,1
rolling5_matched,3188,2024-03-15,2024-03-25,-0.0112802133595746,2024,2023-12-31,learned_market,20260910,0.885480863878754,0.885480863878754,1,0
rolling5_matched,3193,2024-03-22,2024-04-01,0.0042044725182444,2024,2023-12-31,learned_market,20260910,0.7662735681072097,0.7662735681072097,1,1
rolling5_matched,3198,2024-03-29,2024-04-15,-0.0219845815102011,2024,2023-12-31,learned_market,20260910,0.12579165071853166,0.12579165071853166,0,0
rolling5_matched,3206,2024-04-12,2024-04-22,0.018045199366633,2024,2023-12-31,learned_market,20260910,0.8612557351174066,0.8612557351174066,1,1
rolling5_matched,3211,2024-04-19,2024-04-29,0.0136757744232476,2024,2023-12-31,learned_market,20260910,0.5716488880710544,0.5716488880710544,1,1
rolling5_matched,3216,2024-04-26,2024-05-13,0.0172434956786644,2024,2023-12-31,learned_market,20260910,0.16897710554561193,0.16897710554561193,0,1
rolling5_matched,3223,2024-05-10,2024-05-20,0.0097933549988344,2024,2023-12-31,learned_market,20260910,0.7416135431540475,0.7416135431540475,1,1
rolling5_matched,3228,2024-05-17,2024-05-27,-0.0204803832637164,2024,2023-12-31,learned_market,20260910,0.17033083151346598,0.17033083151346598,0,0
rolling5_matched,3233,2024-05-24,2024-06-03,-0.0081155643048258,2024,2023-12-31,learned_market,20260910,0.07433042270097853,0.07433042270097853,0,0
rolling5_matched,3238,2024-05-31,2024-06-11,-0.0060267570121149,2024,2023-12-31,learned_market,20260910,0.46524522951208935,0.46524522951208935,0,0
rolling5_matched,3243,2024-06-07,2024-06-17,-0.0096686558937179,2024,2023-12-31,learned_market,20260910,0.5502219673953543,0.5502219673953543,1,0
rolling5_matched,3247,2024-06-14,2024-06-24,-0.013573992457631,2024,2023-12-31,learned_market,20260910,0.6760965055054436,0.6760965055054436,1,0
rolling5_matched,3252,2024-06-21,2024-07-01,-0.004427632109257,2024,2023-12-31,learned_market,20260910,0.37806860752676164,0.37806860752676164,0,0
rolling5_matched,3257,2024-06-28,2024-07-08,-0.0108320369203009,2024,2023-12-31,learned_market,20260910,0.2841237531053504,0.2841237531053504,0,0
rolling5_matched,3262,2024-07-05,2024-07-15,0.0122222871842843,2024,2023-12-31,learned_market,20260910,0.22782004287260796,0.22782004287260796,0,1
rolling5_matched,3267,2024-07-12,2024-07-22,0.0218881133018156,2024,2023-12-31,learned_market,20260910,0.47451739851554187,0.47451739851554187,0,1
rolling5_matched,3272,2024-07-19,2024-07-29,-0.0378787022382998,2024,2023-12-31,learned_market,20260910,0.3626848448251348,0.3626848448251348,0,0
rolling5_matched,3277,2024-07-26,2024-08-05,-0.0124134568216732,2024,2023-12-31,learned_market,20260910,0.8157543473517437,0.8157543473517437,1,0
rolling5_matched,3282,2024-08-02,2024-08-12,-0.0102762848330364,2024,2023-12-31,learned_market,20260910,0.4026416791090747,0.4026416791090747,0,0
rolling5_matched,3287,2024-08-09,2024-08-19,0.0050186923751938,2024,2023-12-31,learned_market,20260910,0.7730579000984771,0.7730579000984771,1,1
rolling5_matched,3292,2024-08-16,2024-08-26,-0.0040487282687352,2024,2023-12-31,learned_market,20260910,0.5130225063610332,0.5130225063610332,1,0
rolling5_matched,3297,2024-08-23,2024-09-02,-0.0069594562136714,2024,2023-12-31,learned_market,20260910,0.28475595339592824,0.28475595339592824,0,0
rolling5_matched,3302,2024-08-30,2024-09-09,-0.0280389655151561,2024,2023-12-31,learned_market,20260910,0.09923905479235333,0.09923905479235333,0,0
rolling5_matched,3307,2024-09-06,2024-09-18,-0.0174132138857783,2024,2023-12-31,learned_market,20260910,0.22241886522480978,0.22241886522480978,0,0
rolling5_matched,3312,2024-09-13,2024-09-24,0.0133119329369826,2024,2023-12-31,learned_market,20260910,0.03779379886629469,0.03779379886629469,0,1
rolling5_matched,3315,2024-09-20,2024-09-30,0.2017513988384409,2024,2023-12-31,learned_market,20260910,0.12662352178713923,0.12662352178713923,0,1
rolling5_matched,3320,2024-09-27,2024-10-14,0.0178259004588408,2024,2023-12-31,learned_market,20260910,0.2669881348233202,0.2669881348233202,0,1
rolling5_matched,3325,2024-10-11,2024-10-21,0.0080914993282625,2024,2023-12-31,learned_market,20260910,0.5835233901233746,0.5835233901233746,1,1
rolling5_matched,3330,2024-10-18,2024-10-28,0.0015733867085561,2024,2023-12-31,learned_market,20260910,0.6987612297464398,0.6987612297464398,1,1
rolling5_matched,3335,2024-10-25,2024-11-04,-0.0140142824257356,2024,2023-12-31,learned_market,20260910,0.7796526596186116,0.7796526596186116,1,0
rolling5_matched,3340,2024-11-01,2024-11-11,0.0434152361258277,2024,2023-12-31,learned_market,20260910,0.6788338721178824,0.6788338721178824,1,1
rolling5_matched,3345,2024-11-08,2024-11-18,-0.0208584853931589,2024,2023-12-31,learned_market,20260910,0.38808783108492395,0.38808783108492395,0,0
rolling5_matched,3350,2024-11-15,2024-11-25,-0.0267421712161923,2024,2023-12-31,learned_market,20260910,0.7944266514577601,0.7944266514577601,1,0
rolling5_matched,3355,2024-11-22,2024-12-02,0.0087960346887328,2024,2023-12-31,learned_market,20260910,0.6998568398236709,0.6998568398236709,1,1
rolling5_matched,3360,2024-11-29,2024-12-09,0.0155919891551781,2024,2023-12-31,learned_market,20260910,0.93323392382357,0.93323392382357,1,1
rolling5_matched,3365,2024-12-06,2024-12-16,-0.0100436703218104,2024,2023-12-31,learned_market,20260910,0.7433624478064247,0.7433624478064247,1,0
rolling5_matched,3370,2024-12-13,2024-12-23,-0.0006690784017421,2024,2023-12-31,learned_market,20260910,0.6662060145756752,0.6662060145756752,1,0
rolling5_matched,3375,2024-12-20,2024-12-30,0.0123595076562756,2024,2023-12-31,learned_market,20260910,0.48050126597306486,0.48050126597306486,0,1
rolling5_matched,3380,2024-12-27,2025-01-06,-0.0504714964669198,2024,2023-12-31,learned_market,20260910,0.3396509117178397,0.3396509117178397,0,0
rolling5_matched,3144,2024-01-05,2024-01-15,-0.0158038409563566,2024,2023-12-31,learned_vol_interaction,20260910,0.29747483649630435,0.29747483649630435,0,0
rolling5_matched,3149,2024-01-12,2024-01-22,-0.002333261979756,2024,2023-12-31,learned_vol_interaction,20260910,0.457916691188961,0.457916691188961,0,0
rolling5_matched,3154,2024-01-19,2024-01-29,0.0223511633823452,2024,2023-12-31,learned_vol_interaction,20260910,0.7822137514358625,0.7822137514358625,1,1
rolling5_matched,3159,2024-01-26,2024-02-05,-0.0513103415192826,2024,2023-12-31,learned_vol_interaction,20260910,0.7400343976522671,0.7400343976522671,1,0
rolling5_matched,3164,2024-02-02,2024-02-26,0.1015374891364462,2024,2023-12-31,learned_vol_interaction,20260910,0.9112161611115964,0.9112161611115964,1,1
rolling5_matched,3173,2024-02-23,2024-03-04,0.0151569053862528,2024,2023-12-31,learned_vol_interaction,20260910,0.2701906464053225,0.2701906464053225,0,1
rolling5_matched,3178,2024-03-01,2024-03-11,0.0021394031715169,2024,2023-12-31,learned_vol_interaction,20260910,0.6414781140373405,0.6414781140373405,1,1
rolling5_matched,3183,2024-03-08,2024-03-18,0.0087762342284414,2024,2023-12-31,learned_vol_interaction,20260910,0.9605498012347161,0.9605498012347161,1,1
rolling5_matched,3188,2024-03-15,2024-03-25,-0.0112802133595746,2024,2023-12-31,learned_vol_interaction,20260910,0.8855638314154665,0.8855638314154665,1,0
rolling5_matched,3193,2024-03-22,2024-04-01,0.0042044725182444,2024,2023-12-31,learned_vol_interaction,20260910,0.7664309374523885,0.7664309374523885,1,1
rolling5_matched,3198,2024-03-29,2024-04-15,-0.0219845815102011,2024,2023-12-31,learned_vol_interaction,20260910,0.12560889722460275,0.12560889722460275,0,0
rolling5_matched,3206,2024-04-12,2024-04-22,0.018045199366633,2024,2023-12-31,learned_vol_interaction,20260910,0.8613979312313996,0.8613979312313996,1,1
rolling5_matched,3211,2024-04-19,2024-04-29,0.0136757744232476,2024,2023-12-31,learned_vol_interaction,20260910,0.5717869955403507,0.5717869955403507,1,1
rolling5_matched,3216,2024-04-26,2024-05-13,0.0172434956786644,2024,2023-12-31,learned_vol_interaction,20260910,0.16884285985727457,0.16884285985727457,0,1
rolling5_matched,3223,2024-05-10,2024-05-20,0.0097933549988344,2024,2023-12-31,learned_vol_interaction,20260910,0.7417595677960002,0.7417595677960002,1,1
rolling5_matched,3228,2024-05-17,2024-05-27,-0.0204803832637164,2024,2023-12-31,learned_vol_interaction,20260910,0.17024943538754167,0.17024943538754167,0,0
rolling5_matched,3233,2024-05-24,2024-06-03,-0.0081155643048258,2024,2023-12-31,learned_vol_interaction,20260910,0.07421338253444312,0.07421338253444312,0,0
rolling5_matched,3238,2024-05-31,2024-06-11,-0.0060267570121149,2024,2023-12-31,learned_vol_interaction,20260910,0.4652013876162226,0.4652013876162226,0,0
rolling5_matched,3243,2024-06-07,2024-06-17,-0.0096686558937179,2024,2023-12-31,learned_vol_interaction,20260910,0.5502108527213991,0.5502108527213991,1,0
rolling5_matched,3247,2024-06-14,2024-06-24,-0.013573992457631,2024,2023-12-31,learned_vol_interaction,20260910,0.6760829613789158,0.6760829613789158,1,0
rolling5_matched,3252,2024-06-21,2024-07-01,-0.004427632109257,2024,2023-12-31,learned_vol_interaction,20260910,0.37807064470246504,0.37807064470246504,0,0
rolling5_matched,3257,2024-06-28,2024-07-08,-0.0108320369203009,2024,2023-12-31,learned_vol_interaction,20260910,0.28383670586702475,0.28383670586702475,0,0
rolling5_matched,3262,2024-07-05,2024-07-15,0.0122222871842843,2024,2023-12-31,learned_vol_interaction,20260910,0.2276646400945047,0.2276646400945047,0,1
rolling5_matched,3267,2024-07-12,2024-07-22,0.0218881133018156,2024,2023-12-31,learned_vol_interaction,20260910,0.47450217795668315,0.47450217795668315,0,1
rolling5_matched,3272,2024-07-19,2024-07-29,-0.0378787022382998,2024,2023-12-31,learned_vol_interaction,20260910,0.36249320753484465,0.36249320753484465,0,0
rolling5_matched,3277,2024-07-26,2024-08-05,-0.0124134568216732,2024,2023-12-31,learned_vol_interaction,20260910,0.8159122226889528,0.8159122226889528,1,0
rolling5_matched,3282,2024-08-02,2024-08-12,-0.0102762848330364,2024,2023-12-31,learned_vol_interaction,20260910,0.40265659312422736,0.40265659312422736,0,0
rolling5_matched,3287,2024-08-09,2024-08-19,0.0050186923751938,2024,2023-12-31,learned_vol_interaction,20260910,0.773086315580934,0.773086315580934,1,1
rolling5_matched,3292,2024-08-16,2024-08-26,-0.0040487282687352,2024,2023-12-31,learned_vol_interaction,20260910,0.5129692956797082,0.5129692956797082,1,0
rolling5_matched,3297,2024-08-23,2024-09-02,-0.0069594562136714,2024,2023-12-31,learned_vol_interaction,20260910,0.2846195865198573,0.2846195865198573,0,0
rolling5_matched,3302,2024-08-30,2024-09-09,-0.0280389655151561,2024,2023-12-31,learned_vol_interaction,20260910,0.09902735998614878,0.09902735998614878,0,0
rolling5_matched,3307,2024-09-06,2024-09-18,-0.0174132138857783,2024,2023-12-31,learned_vol_interaction,20260910,0.2223129236747121,0.2223129236747121,0,0
rolling5_matched,3312,2024-09-13,2024-09-24,0.0133119329369826,2024,2023-12-31,learned_vol_interaction,20260910,0.03769945653763524,0.03769945653763524,0,1
rolling5_matched,3315,2024-09-20,2024-09-30,0.2017513988384409,2024,2023-12-31,learned_vol_interaction,20260910,0.12644713759906814,0.12644713759906814,0,1
rolling5_matched,3320,2024-09-27,2024-10-14,0.0178259004588408,2024,2023-12-31,learned_vol_interaction,20260910,0.26716841349802073,0.26716841349802073,0,1
rolling5_matched,3325,2024-10-11,2024-10-21,0.0080914993282625,2024,2023-12-31,learned_vol_interaction,20260910,0.5836244039730338,0.5836244039730338,1,1
rolling5_matched,3330,2024-10-18,2024-10-28,0.0015733867085561,2024,2023-12-31,learned_vol_interaction,20260910,0.698596685653299,0.698596685653299,1,1
rolling5_matched,3335,2024-10-25,2024-11-04,-0.0140142824257356,2024,2023-12-31,learned_vol_interaction,20260910,0.7793685311889292,0.7793685311889292,1,0
rolling5_matched,3340,2024-11-01,2024-11-11,0.0434152361258277,2024,2023-12-31,learned_vol_interaction,20260910,0.678645144006732,0.678645144006732,1,1
rolling5_matched,3345,2024-11-08,2024-11-18,-0.0208584853931589,2024,2023-12-31,learned_vol_interaction,20260910,0.38803719867106745,0.38803719867106745,0,0
rolling5_matched,3350,2024-11-15,2024-11-25,-0.0267421712161923,2024,2023-12-31,learned_vol_interaction,20260910,0.7943618276277034,0.7943618276277034,1,0
rolling5_matched,3355,2024-11-22,2024-12-02,0.0087960346887328,2024,2023-12-31,learned_vol_interaction,20260910,0.6996682520932584,0.6996682520932584,1,1
rolling5_matched,3360,2024-11-29,2024-12-09,0.0155919891551781,2024,2023-12-31,learned_vol_interaction,20260910,0.9331237724202277,0.9331237724202277,1,1
rolling5_matched,3365,2024-12-06,2024-12-16,-0.0100436703218104,2024,2023-12-31,learned_vol_interaction,20260910,0.7432331308096524,0.7432331308096524,1,0
rolling5_matched,3370,2024-12-13,2024-12-23,-0.0006690784017421,2024,2023-12-31,learned_vol_interaction,20260910,0.6660886080779399,0.6660886080779399,1,0
rolling5_matched,3375,2024-12-20,2024-12-30,0.0123595076562756,2024,2023-12-31,learned_vol_interaction,20260910,0.48051183001142106,0.48051183001142106,0,1
rolling5_matched,3380,2024-12-27,2025-01-06,-0.0504714964669198,2024,2023-12-31,learned_vol_interaction,20260910,0.3393964678844379,0.3393964678844379,0,0
rolling5_matched,3144,2024-01-05,2024-01-15,-0.0158038409563566,2024,2023-12-31,learned_order_extension,20260910,0.323140772079329,0.323140772079329,0,0
rolling5_matched,3149,2024-01-12,2024-01-22,-0.002333261979756,2024,2023-12-31,learned_order_extension,20260910,0.4723149110010247,0.4723149110010247,0,0
rolling5_matched,3154,2024-01-19,2024-01-29,0.0223511633823452,2024,2023-12-31,learned_order_extension,20260910,0.7992068605843952,0.7992068605843952,1,1
rolling5_matched,3159,2024-01-26,2024-02-05,-0.0513103415192826,2024,2023-12-31,learned_order_extension,20260910,0.7595418941601957,0.7595418941601957,1,0
rolling5_matched,3164,2024-02-02,2024-02-26,0.1015374891364462,2024,2023-12-31,learned_order_extension,20260910,0.9190400556341461,0.9190400556341461,1,1
rolling5_matched,3173,2024-02-23,2024-03-04,0.0151569053862528,2024,2023-12-31,learned_order_extension,20260910,0.30751998937449904,0.30751998937449904,0,1
rolling5_matched,3178,2024-03-01,2024-03-11,0.0021394031715169,2024,2023-12-31,learned_order_extension,20260910,0.6245306869988199,0.6245306869988199,1,1
rolling5_matched,3183,2024-03-08,2024-03-18,0.0087762342284414,2024,2023-12-31,learned_order_extension,20260910,0.9299627477365197,0.9299627477365197,1,1
rolling5_matched,3188,2024-03-15,2024-03-25,-0.0112802133595746,2024,2023-12-31,learned_order_extension,20260910,0.8407830258826915,0.8407830258826915,1,0
rolling5_matched,3193,2024-03-22,2024-04-01,0.0042044725182444,2024,2023-12-31,learned_order_extension,20260910,0.7282010876970008,0.7282010876970008,1,1
rolling5_matched,3198,2024-03-29,2024-04-15,-0.0219845815102011,2024,2023-12-31,learned_order_extension,20260910,0.14655493803991979,0.14655493803991979,0,0
rolling5_matched,3206,2024-04-12,2024-04-22,0.018045199366633,2024,2023-12-31,learned_order_extension,20260910,0.7773785997681151,0.7773785997681151,1,1
rolling5_matched,3211,2024-04-19,2024-04-29,0.0136757744232476,2024,2023-12-31,learned_order_extension,20260910,0.5279622168982533,0.5279622168982533,1,1
rolling5_matched,3216,2024-04-26,2024-05-13,0.0172434956786644,2024,2023-12-31,learned_order_extension,20260910,0.22010338574996524,0.22010338574996524,0,1
rolling5_matched,3223,2024-05-10,2024-05-20,0.0097933549988344,2024,2023-12-31,learned_order_extension,20260910,0.631057474668014,0.631057474668014,1,1
rolling5_matched,3228,2024-05-17,2024-05-27,-0.0204803832637164,2024,2023-12-31,learned_order_extension,20260910,0.19561232826863784,0.19561232826863784,0,0
rolling5_matched,3233,2024-05-24,2024-06-03,-0.0081155643048258,2024,2023-12-31,learned_order_extension,20260910,0.09531627823309127,0.09531627823309127,0,0
rolling5_matched,3238,2024-05-31,2024-06-11,-0.0060267570121149,2024,2023-12-31,learned_order_extension,20260910,0.46167796365851793,0.46167796365851793,0,0
rolling5_matched,3243,2024-06-07,2024-06-17,-0.0096686558937179,2024,2023-12-31,learned_order_extension,20260910,0.55004288168221,0.55004288168221,1,0
rolling5_matched,3247,2024-06-14,2024-06-24,-0.013573992457631,2024,2023-12-31,learned_order_extension,20260910,0.6638911769678004,0.6638911769678004,1,0
rolling5_matched,3252,2024-06-21,2024-07-01,-0.004427632109257,2024,2023-12-31,learned_order_extension,20260910,0.36946106097338743,0.36946106097338743,0,0
rolling5_matched,3257,2024-06-28,2024-07-08,-0.0108320369203009,2024,2023-12-31,learned_order_extension,20260910,0.2915668522607806,0.2915668522607806,0,0
rolling5_matched,3262,2024-07-05,2024-07-15,0.0122222871842843,2024,2023-12-31,learned_order_extension,20260910,0.2248533185322536,0.2248533185322536,0,1
rolling5_matched,3267,2024-07-12,2024-07-22,0.0218881133018156,2024,2023-12-31,learned_order_extension,20260910,0.4940288902483549,0.4940288902483549,0,1
rolling5_matched,3272,2024-07-19,2024-07-29,-0.0378787022382998,2024,2023-12-31,learned_order_extension,20260910,0.3754195188749892,0.3754195188749892,0,0
rolling5_matched,3277,2024-07-26,2024-08-05,-0.0124134568216732,2024,2023-12-31,learned_order_extension,20260910,0.8059227038849234,0.8059227038849234,1,0
rolling5_matched,3282,2024-08-02,2024-08-12,-0.0102762848330364,2024,2023-12-31,learned_order_extension,20260910,0.4270524027788737,0.4270524027788737,0,0
rolling5_matched,3287,2024-08-09,2024-08-19,0.0050186923751938,2024,2023-12-31,learned_order_extension,20260910,0.7768245568060145,0.7768245568060145,1,1
rolling5_matched,3292,2024-08-16,2024-08-26,-0.0040487282687352,2024,2023-12-31,learned_order_extension,20260910,0.5171980146920268,0.5171980146920268,1,0
rolling5_matched,3297,2024-08-23,2024-09-02,-0.0069594562136714,2024,2023-12-31,learned_order_extension,20260910,0.3102510226268216,0.3102510226268216,0,0
rolling5_matched,3302,2024-08-30,2024-09-09,-0.0280389655151561,2024,2023-12-31,learned_order_extension,20260910,0.13136755383568743,0.13136755383568743,0,0
rolling5_matched,3307,2024-09-06,2024-09-18,-0.0174132138857783,2024,2023-12-31,learned_order_extension,20260910,0.24065719050252357,0.24065719050252357,0,0
rolling5_matched,3312,2024-09-13,2024-09-24,0.0133119329369826,2024,2023-12-31,learned_order_extension,20260910,0.0501568295082011,0.0501568295082011,0,1
rolling5_matched,3315,2024-09-20,2024-09-30,0.2017513988384409,2024,2023-12-31,learned_order_extension,20260910,0.16322776808791947,0.16322776808791947,0,1
rolling5_matched,3320,2024-09-27,2024-10-14,0.0178259004588408,2024,2023-12-31,learned_order_extension,20260910,0.30351187469294527,0.30351187469294527,0,1
rolling5_matched,3325,2024-10-11,2024-10-21,0.0080914993282625,2024,2023-12-31,learned_order_extension,20260910,0.5860260236455896,0.5860260236455896,1,1
rolling5_matched,3330,2024-10-18,2024-10-28,0.0015733867085561,2024,2023-12-31,learned_order_extension,20260910,0.6874087224190356,0.6874087224190356,1,1
rolling5_matched,3335,2024-10-25,2024-11-04,-0.0140142824257356,2024,2023-12-31,learned_order_extension,20260910,0.7686592904936156,0.7686592904936156,1,0
rolling5_matched,3340,2024-11-01,2024-11-11,0.0434152361258277,2024,2023-12-31,learned_order_extension,20260910,0.655976675501891,0.655976675501891,1,1
rolling5_matched,3345,2024-11-08,2024-11-18,-0.0208584853931589,2024,2023-12-31,learned_order_extension,20260910,0.35916533274961954,0.35916533274961954,0,0
rolling5_matched,3350,2024-11-15,2024-11-25,-0.0267421712161923,2024,2023-12-31,learned_order_extension,20260910,0.7814555979596716,0.7814555979596716,1,0
rolling5_matched,3355,2024-11-22,2024-12-02,0.0087960346887328,2024,2023-12-31,learned_order_extension,20260910,0.6834748259981709,0.6834748259981709,1,1
rolling5_matched,3360,2024-11-29,2024-12-09,0.0155919891551781,2024,2023-12-31,learned_order_extension,20260910,0.9390637588894373,0.9390637588894373,1,1
rolling5_matched,3365,2024-12-06,2024-12-16,-0.0100436703218104,2024,2023-12-31,learned_order_extension,20260910,0.7323556123975331,0.7323556123975331,1,0
rolling5_matched,3370,2024-12-13,2024-12-23,-0.0006690784017421,2024,2023-12-31,learned_order_extension,20260910,0.6660378224865537,0.6660378224865537,1,0
rolling5_matched,3375,2024-12-20,2024-12-30,0.0123595076562756,2024,2023-12-31,learned_order_extension,20260910,0.49367778779787874,0.49367778779787874,0,1
rolling5_matched,3380,2024-12-27,2025-01-06,-0.0504714964669198,2024,2023-12-31,learned_order_extension,20260910,0.3056513208239081,0.3056513208239081,0,0
rolling5_matched,3144,2024-01-05,2024-01-15,-0.0158038409563566,2024,2023-12-31,learned_order_offset,20260910,0.3268937841833754,0.3268937841833754,0,0
rolling5_matched,3149,2024-01-12,2024-01-22,-0.002333261979756,2024,2023-12-31,learned_order_offset,20260910,0.47339113661030324,0.47339113661030324,0,0
rolling5_matched,3154,2024-01-19,2024-01-29,0.0223511633823452,2024,2023-12-31,learned_order_offset,20260910,0.7953676394387522,0.7953676394387522,1,1
rolling5_matched,3159,2024-01-26,2024-02-05,-0.0513103415192826,2024,2023-12-31,learned_order_offset,20260910,0.7583145966132894,0.7583145966132894,1,0
rolling5_matched,3164,2024-02-02,2024-02-26,0.1015374891364462,2024,2023-12-31,learned_order_offset,20260910,0.9170621929389456,0.9170621929389456,1,1
rolling5_matched,3173,2024-02-23,2024-03-04,0.0151569053862528,2024,2023-12-31,learned_order_offset,20260910,0.31420549104286016,0.31420549104286016,0,1
rolling5_matched,3178,2024-03-01,2024-03-11,0.0021394031715169,2024,2023-12-31,learned_order_offset,20260910,0.6202430224898088,0.6202430224898088,1,1
rolling5_matched,3183,2024-03-08,2024-03-18,0.0087762342284414,2024,2023-12-31,learned_order_offset,20260910,0.9275029485574378,0.9275029485574378,1,1
rolling5_matched,3188,2024-03-15,2024-03-25,-0.0112802133595746,2024,2023-12-31,learned_order_offset,20260910,0.8387056079973394,0.8387056079973394,1,0
rolling5_matched,3193,2024-03-22,2024-04-01,0.0042044725182444,2024,2023-12-31,learned_order_offset,20260910,0.7252679908003282,0.7252679908003282,1,1
rolling5_matched,3198,2024-03-29,2024-04-15,-0.0219845815102011,2024,2023-12-31,learned_order_offset,20260910,0.1495520460852077,0.1495520460852077,0,0
rolling5_matched,3206,2024-04-12,2024-04-22,0.018045199366633,2024,2023-12-31,learned_order_offset,20260910,0.7743016307149868,0.7743016307149868,1,1
rolling5_matched,3211,2024-04-19,2024-04-29,0.0136757744232476,2024,2023-12-31,learned_order_offset,20260910,0.5188996131021895,0.5188996131021895,1,1
rolling5_matched,3216,2024-04-26,2024-05-13,0.0172434956786644,2024,2023-12-31,learned_order_offset,20260910,0.2169277191332453,0.2169277191332453,0,1
rolling5_matched,3223,2024-05-10,2024-05-20,0.0097933549988344,2024,2023-12-31,learned_order_offset,20260910,0.6152219379983965,0.6152219379983965,1,1
rolling5_matched,3228,2024-05-17,2024-05-27,-0.0204803832637164,2024,2023-12-31,learned_order_offset,20260910,0.18962702540819612,0.18962702540819612,0,0
rolling5_matched,3233,2024-05-24,2024-06-03,-0.0081155643048258,2024,2023-12-31,learned_order_offset,20260910,0.09687291832479475,0.09687291832479475,0,0
rolling5_matched,3238,2024-05-31,2024-06-11,-0.0060267570121149,2024,2023-12-31,learned_order_offset,20260910,0.45672496956328124,0.45672496956328124,0,0
rolling5_matched,3243,2024-06-07,2024-06-17,-0.0096686558937179,2024,2023-12-31,learned_order_offset,20260910,0.5466949229551058,0.5466949229551058,1,0
rolling5_matched,3247,2024-06-14,2024-06-24,-0.013573992457631,2024,2023-12-31,learned_order_offset,20260910,0.660509641720107,0.660509641720107,1,0
rolling5_matched,3252,2024-06-21,2024-07-01,-0.004427632109257,2024,2023-12-31,learned_order_offset,20260910,0.3619999316642845,0.3619999316642845,0,0
rolling5_matched,3257,2024-06-28,2024-07-08,-0.0108320369203009,2024,2023-12-31,learned_order_offset,20260910,0.29490174344290554,0.29490174344290554,0,0
rolling5_matched,3262,2024-07-05,2024-07-15,0.0122222871842843,2024,2023-12-31,learned_order_offset,20260910,0.22844669801599332,0.22844669801599332,0,1
rolling5_matched,3267,2024-07-12,2024-07-22,0.0218881133018156,2024,2023-12-31,learned_order_offset,20260910,0.4902529769707642,0.4902529769707642,0,1
rolling5_matched,3272,2024-07-19,2024-07-29,-0.0378787022382998,2024,2023-12-31,learned_order_offset,20260910,0.37941395951494944,0.37941395951494944,0,0
rolling5_matched,3277,2024-07-26,2024-08-05,-0.0124134568216732,2024,2023-12-31,learned_order_offset,20260910,0.8070919439305109,0.8070919439305109,1,0
rolling5_matched,3282,2024-08-02,2024-08-12,-0.0102762848330364,2024,2023-12-31,learned_order_offset,20260910,0.43833282314327976,0.43833282314327976,0,0
rolling5_matched,3287,2024-08-09,2024-08-19,0.0050186923751938,2024,2023-12-31,learned_order_offset,20260910,0.7755225973823248,0.7755225973823248,1,1
rolling5_matched,3292,2024-08-16,2024-08-26,-0.0040487282687352,2024,2023-12-31,learned_order_offset,20260910,0.5246075664369777,0.5246075664369777,1,0
rolling5_matched,3297,2024-08-23,2024-09-02,-0.0069594562136714,2024,2023-12-31,learned_order_offset,20260910,0.3125889607560905,0.3125889607560905,0,0
rolling5_matched,3302,2024-08-30,2024-09-09,-0.0280389655151561,2024,2023-12-31,learned_order_offset,20260910,0.1358115849738101,0.1358115849738101,0,0
rolling5_matched,3307,2024-09-06,2024-09-18,-0.0174132138857783,2024,2023-12-31,learned_order_offset,20260910,0.24746844608021634,0.24746844608021634,0,0
rolling5_matched,3312,2024-09-13,2024-09-24,0.0133119329369826,2024,2023-12-31,learned_order_offset,20260910,0.05437618925339115,0.05437618925339115,0,1
rolling5_matched,3315,2024-09-20,2024-09-30,0.2017513988384409,2024,2023-12-31,learned_order_offset,20260910,0.17271126941789702,0.17271126941789702,0,1
rolling5_matched,3320,2024-09-27,2024-10-14,0.0178259004588408,2024,2023-12-31,learned_order_offset,20260910,0.30329324889423626,0.30329324889423626,0,1
rolling5_matched,3325,2024-10-11,2024-10-21,0.0080914993282625,2024,2023-12-31,learned_order_offset,20260910,0.5891617126374487,0.5891617126374487,1,1
rolling5_matched,3330,2024-10-18,2024-10-28,0.0015733867085561,2024,2023-12-31,learned_order_offset,20260910,0.6925816961451263,0.6925816961451263,1,1
rolling5_matched,3335,2024-10-25,2024-11-04,-0.0140142824257356,2024,2023-12-31,learned_order_offset,20260910,0.7697576863360964,0.7697576863360964,1,0
rolling5_matched,3340,2024-11-01,2024-11-11,0.0434152361258277,2024,2023-12-31,learned_order_offset,20260910,0.6574775539065129,0.6574775539065129,1,1
rolling5_matched,3345,2024-11-08,2024-11-18,-0.0208584853931589,2024,2023-12-31,learned_order_offset,20260910,0.36012372820184124,0.36012372820184124,0,0
rolling5_matched,3350,2024-11-15,2024-11-25,-0.0267421712161923,2024,2023-12-31,learned_order_offset,20260910,0.7748750090061005,0.7748750090061005,1,0
rolling5_matched,3355,2024-11-22,2024-12-02,0.0087960346887328,2024,2023-12-31,learned_order_offset,20260910,0.6796452210492075,0.6796452210492075,1,1
rolling5_matched,3360,2024-11-29,2024-12-09,0.0155919891551781,2024,2023-12-31,learned_order_offset,20260910,0.9340669537102089,0.9340669537102089,1,1
rolling5_matched,3365,2024-12-06,2024-12-16,-0.0100436703218104,2024,2023-12-31,learned_order_offset,20260910,0.7252429495373534,0.7252429495373534,1,0
rolling5_matched,3370,2024-12-13,2024-12-23,-0.0006690784017421,2024,2023-12-31,learned_order_offset,20260910,0.6565560951987618,0.6565560951987618,1,0
rolling5_matched,3375,2024-12-20,2024-12-30,0.0123595076562756,2024,2023-12-31,learned_order_offset,20260910,0.4788586268311862,0.4788586268311862,0,1
rolling5_matched,3380,2024-12-27,2025-01-06,-0.0504714964669198,2024,2023-12-31,learned_order_offset,20260910,0.3033799603573822,0.3033799603573822,0,0
rolling5_matched,3144,2024-01-05,2024-01-15,-0.0158038409563566,2024,2023-12-31,native_mse,20260910,-0.005681822381386759,,0,0
rolling5_matched,3149,2024-01-12,2024-01-22,-0.002333261979756,2024,2023-12-31,native_mse,20260910,0.002637657482600219,,1,0
rolling5_matched,3154,2024-01-19,2024-01-29,0.0223511633823452,2024,2023-12-31,native_mse,20260910,0.016100745483845453,,1,1
rolling5_matched,3159,2024-01-26,2024-02-05,-0.0513103415192826,2024,2023-12-31,native_mse,20260910,0.01418981265324427,,1,0
rolling5_matched,3164,2024-02-02,2024-02-26,0.1015374891364462,2024,2023-12-31,native_mse,20260910,0.023924134526177525,,1,1
rolling5_matched,3173,2024-02-23,2024-03-04,0.0151569053862528,2024,2023-12-31,native_mse,20260910,-0.01033076703372302,,0,1
rolling5_matched,3178,2024-03-01,2024-03-11,0.0021394031715169,2024,2023-12-31,native_mse,20260910,0.0053702166814804005,,1,1
rolling5_matched,3183,2024-03-08,2024-03-18,0.0087762342284414,2024,2023-12-31,native_mse,20260910,0.03526345110650936,,1,1
rolling5_matched,3188,2024-03-15,2024-03-25,-0.0112802133595746,2024,2023-12-31,native_mse,20260910,0.025835897717907317,,1,0
rolling5_matched,3193,2024-03-22,2024-04-01,0.0042044725182444,2024,2023-12-31,native_mse,20260910,0.019450309268941424,,1,1
rolling5_matched,3198,2024-03-29,2024-04-15,-0.0219845815102011,2024,2023-12-31,native_mse,20260910,-0.010451018720401774,,0,0
rolling5_matched,3206,2024-04-12,2024-04-22,0.018045199366633,2024,2023-12-31,native_mse,20260910,0.02699190781031994,,1,1
rolling5_matched,3211,2024-04-19,2024-04-29,0.0136757744232476,2024,2023-12-31,native_mse,20260910,0.012472765051691268,,1,1
rolling5_matched,3216,2024-04-26,2024-05-13,0.0172434956786644,2024,2023-12-31,native_mse,20260910,-0.006651589187603486,,0,1
rolling5_matched,3223,2024-05-10,2024-05-20,0.0097933549988344,2024,2023-12-31,native_mse,20260910,0.020444701933007896,,1,1
rolling5_matched,3228,2024-05-17,2024-05-27,-0.0204803832637164,2024,2023-12-31,native_mse,20260910,-0.003652496349887284,,0,0
rolling5_matched,3233,2024-05-24,2024-06-03,-0.0081155643048258,2024,2023-12-31,native_mse,20260910,-0.0178987430527285,,0,0
rolling5_matched,3238,2024-05-31,2024-06-11,-0.0060267570121149,2024,2023-12-31,native_mse,20260910,0.005447305967402827,,1,0
rolling5_matched,3243,2024-06-07,2024-06-17,-0.0096686558937179,2024,2023-12-31,native_mse,20260910,0.009238972770103791,,1,0
rolling5_matched,3247,2024-06-14,2024-06-24,-0.013573992457631,2024,2023-12-31,native_mse,20260910,0.01275324286143263,,1,0
rolling5_matched,3252,2024-06-21,2024-07-01,-0.004427632109257,2024,2023-12-31,native_mse,20260910,0.0027042822938951705,,1,0
rolling5_matched,3257,2024-06-28,2024-07-08,-0.0108320369203009,2024,2023-12-31,native_mse,20260910,-0.0029246766316925084,,0,0
rolling5_matched,3262,2024-07-05,2024-07-15,0.0122222871842843,2024,2023-12-31,native_mse,20260910,-0.005147091515319474,,0,1
rolling5_matched,3267,2024-07-12,2024-07-22,0.0218881133018156,2024,2023-12-31,native_mse,20260910,0.005801257634681187,,1,1
rolling5_matched,3272,2024-07-19,2024-07-29,-0.0378787022382998,2024,2023-12-31,native_mse,20260910,0.0014872527884350556,,1,0
rolling5_matched,3277,2024-07-26,2024-08-05,-0.0124134568216732,2024,2023-12-31,native_mse,20260910,0.0215113245507116,,1,0
rolling5_matched,3282,2024-08-02,2024-08-12,-0.0102762848330364,2024,2023-12-31,native_mse,20260910,-0.0007504249454906632,,0,0
rolling5_matched,3287,2024-08-09,2024-08-19,0.0050186923751938,2024,2023-12-31,native_mse,20260910,0.01352151770830169,,1,1
rolling5_matched,3292,2024-08-16,2024-08-26,-0.0040487282687352,2024,2023-12-31,native_mse,20260910,0.0015719482416655757,,1,0
rolling5_matched,3297,2024-08-23,2024-09-02,-0.0069594562136714,2024,2023-12-31,native_mse,20260910,-0.00538502928570268,,0,0
rolling5_matched,3302,2024-08-30,2024-09-09,-0.0280389655151561,2024,2023-12-31,native_mse,20260910,-0.01880371057284353,,0,0
rolling5_matched,3307,2024-09-06,2024-09-18,-0.0174132138857783,2024,2023-12-31,native_mse,20260910,-0.007113836651543102,,0,0
rolling5_matched,3312,2024-09-13,2024-09-24,0.0133119329369826,2024,2023-12-31,native_mse,20260910,-0.02662314434471091,,0,1
rolling5_matched,3315,2024-09-20,2024-09-30,0.2017513988384409,2024,2023-12-31,native_mse,20260910,-0.012460956147106773,,0,1
rolling5_matched,3320,2024-09-27,2024-10-14,0.0178259004588408,2024,2023-12-31,native_mse,20260910,-0.003954949658708416,,0,1
rolling5_matched,3325,2024-10-11,2024-10-21,0.0080914993282625,2024,2023-12-31,native_mse,20260910,0.00461877957656989,,1,1
rolling5_matched,3330,2024-10-18,2024-10-28,0.0015733867085561,2024,2023-12-31,native_mse,20260910,0.008156252283498444,,1,1
rolling5_matched,3335,2024-10-25,2024-11-04,-0.0140142824257356,2024,2023-12-31,native_mse,20260910,0.013014619908526173,,1,0
rolling5_matched,3340,2024-11-01,2024-11-11,0.0434152361258277,2024,2023-12-31,native_mse,20260910,0.004501931633511529,,1,1
rolling5_matched,3345,2024-11-08,2024-11-18,-0.0208584853931589,2024,2023-12-31,native_mse,20260910,-0.0026767802600419863,,0,0
rolling5_matched,3350,2024-11-15,2024-11-25,-0.0267421712161923,2024,2023-12-31,native_mse,20260910,0.01837328666471565,,1,0
rolling5_matched,3355,2024-11-22,2024-12-02,0.0087960346887328,2024,2023-12-31,native_mse,20260910,0.011239261957343984,,1,1
rolling5_matched,3360,2024-11-29,2024-12-09,0.0155919891551781,2024,2023-12-31,native_mse,20260910,0.02768952907946161,,1,1
rolling5_matched,3365,2024-12-06,2024-12-16,-0.0100436703218104,2024,2023-12-31,native_mse,20260910,0.014416320265212116,,1,0
rolling5_matched,3370,2024-12-13,2024-12-23,-0.0006690784017421,2024,2023-12-31,native_mse,20260910,0.011152090416771183,,1,0
rolling5_matched,3375,2024-12-20,2024-12-30,0.0123595076562756,2024,2023-12-31,native_mse,20260910,0.004678802648388911,,1,1
rolling5_matched,3380,2024-12-27,2025-01-06,-0.0504714964669198,2024,2023-12-31,native_mse,20260910,-0.001157022654778274,,0,0
rolling5_matched,3144,2024-01-05,2024-01-15,-0.0158038409563566,2024,2023-12-31,training_frequency,-1,0.5024834437086093,0.5024834437086093,1,0
rolling5_matched,3149,2024-01-12,2024-01-22,-0.002333261979756,2024,2023-12-31,training_frequency,-1,0.5024834437086093,0.5024834437086093,1,0
rolling5_matched,3154,2024-01-19,2024-01-29,0.0223511633823452,2024,2023-12-31,training_frequency,-1,0.5024834437086093,0.5024834437086093,1,1
rolling5_matched,3159,2024-01-26,2024-02-05,-0.0513103415192826,2024,2023-12-31,training_frequency,-1,0.5024834437086093,0.5024834437086093,1,0
rolling5_matched,3164,2024-02-02,2024-02-26,0.1015374891364462,2024,2023-12-31,training_frequency,-1,0.5024834437086093,0.5024834437086093,1,1
rolling5_matched,3173,2024-02-23,2024-03-04,0.0151569053862528,2024,2023-12-31,training_frequency,-1,0.5024834437086093,0.5024834437086093,1,1
rolling5_matched,3178,2024-03-01,2024-03-11,0.0021394031715169,2024,2023-12-31,training_frequency,-1,0.5024834437086093,0.5024834437086093,1,1
rolling5_matched,3183,2024-03-08,2024-03-18,0.0087762342284414,2024,2023-12-31,training_frequency,-1,0.5024834437086093,0.5024834437086093,1,1
rolling5_matched,3188,2024-03-15,2024-03-25,-0.0112802133595746,2024,2023-12-31,training_frequency,-1,0.5024834437086093,0.5024834437086093,1,0
rolling5_matched,3193,2024-03-22,2024-04-01,0.0042044725182444,2024,2023-12-31,training_frequency,-1,0.5024834437086093,0.5024834437086093,1,1
rolling5_matched,3198,2024-03-29,2024-04-15,-0.0219845815102011,2024,2023-12-31,training_frequency,-1,0.5024834437086093,0.5024834437086093,1,0
rolling5_matched,3206,2024-04-12,2024-04-22,0.018045199366633,2024,2023-12-31,training_frequency,-1,0.5024834437086093,0.5024834437086093,1,1
rolling5_matched,3211,2024-04-19,2024-04-29,0.0136757744232476,2024,2023-12-31,training_frequency,-1,0.5024834437086093,0.5024834437086093,1,1
rolling5_matched,3216,2024-04-26,2024-05-13,0.0172434956786644,2024,2023-12-31,training_frequency,-1,0.5024834437086093,0.5024834437086093,1,1
rolling5_matched,3223,2024-05-10,2024-05-20,0.0097933549988344,2024,2023-12-31,training_frequency,-1,0.5024834437086093,0.5024834437086093,1,1
rolling5_matched,3228,2024-05-17,2024-05-27,-0.0204803832637164,2024,2023-12-31,training_frequency,-1,0.5024834437086093,0.5024834437086093,1,0
rolling5_matched,3233,2024-05-24,2024-06-03,-0.0081155643048258,2024,2023-12-31,training_frequency,-1,0.5024834437086093,0.5024834437086093,1,0
rolling5_matched,3238,2024-05-31,2024-06-11,-0.0060267570121149,2024,2023-12-31,training_frequency,-1,0.5024834437086093,0.5024834437086093,1,0
rolling5_matched,3243,2024-06-07,2024-06-17,-0.0096686558937179,2024,2023-12-31,training_frequency,-1,0.5024834437086093,0.5024834437086093,1,0
rolling5_matched,3247,2024-06-14,2024-06-24,-0.013573992457631,2024,2023-12-31,training_frequency,-1,0.5024834437086093,0.5024834437086093,1,0
rolling5_matched,3252,2024-06-21,2024-07-01,-0.004427632109257,2024,2023-12-31,training_frequency,-1,0.5024834437086093,0.5024834437086093,1,0
rolling5_matched,3257,2024-06-28,2024-07-08,-0.0108320369203009,2024,2023-12-31,training_frequency,-1,0.5024834437086093,0.5024834437086093,1,0
rolling5_matched,3262,2024-07-05,2024-07-15,0.0122222871842843,2024,2023-12-31,training_frequency,-1,0.5024834437086093,0.5024834437086093,1,1
rolling5_matched,3267,2024-07-12,2024-07-22,0.0218881133018156,2024,2023-12-31,training_frequency,-1,0.5024834437086093,0.5024834437086093,1,1
rolling5_matched,3272,2024-07-19,2024-07-29,-0.0378787022382998,2024,2023-12-31,training_frequency,-1,0.5024834437086093,0.5024834437086093,1,0
rolling5_matched,3277,2024-07-26,2024-08-05,-0.0124134568216732,2024,2023-12-31,training_frequency,-1,0.5024834437086093,0.5024834437086093,1,0
rolling5_matched,3282,2024-08-02,2024-08-12,-0.0102762848330364,2024,2023-12-31,training_frequency,-1,0.5024834437086093,0.5024834437086093,1,0
rolling5_matched,3287,2024-08-09,2024-08-19,0.0050186923751938,2024,2023-12-31,training_frequency,-1,0.5024834437086093,0.5024834437086093,1,1
rolling5_matched,3292,2024-08-16,2024-08-26,-0.0040487282687352,2024,2023-12-31,training_frequency,-1,0.5024834437086093,0.5024834437086093,1,0
rolling5_matched,3297,2024-08-23,2024-09-02,-0.0069594562136714,2024,2023-12-31,training_frequency,-1,0.5024834437086093,0.5024834437086093,1,0
rolling5_matched,3302,2024-08-30,2024-09-09,-0.0280389655151561,2024,2023-12-31,training_frequency,-1,0.5024834437086093,0.5024834437086093,1,0
rolling5_matched,3307,2024-09-06,2024-09-18,-0.0174132138857783,2024,2023-12-31,training_frequency,-1,0.5024834437086093,0.5024834437086093,1,0
rolling5_matched,3312,2024-09-13,2024-09-24,0.0133119329369826,2024,2023-12-31,training_frequency,-1,0.5024834437086093,0.5024834437086093,1,1
rolling5_matched,3315,2024-09-20,2024-09-30,0.2017513988384409,2024,2023-12-31,training_frequency,-1,0.5024834437086093,0.5024834437086093,1,1
rolling5_matched,3320,2024-09-27,2024-10-14,0.0178259004588408,2024,2023-12-31,training_frequency,-1,0.5024834437086093,0.5024834437086093,1,1
rolling5_matched,3325,2024-10-11,2024-10-21,0.0080914993282625,2024,2023-12-31,training_frequency,-1,0.5024834437086093,0.5024834437086093,1,1
rolling5_matched,3330,2024-10-18,2024-10-28,0.0015733867085561,2024,2023-12-31,training_frequency,-1,0.5024834437086093,0.5024834437086093,1,1
rolling5_matched,3335,2024-10-25,2024-11-04,-0.0140142824257356,2024,2023-12-31,training_frequency,-1,0.5024834437086093,0.5024834437086093,1,0
rolling5_matched,3340,2024-11-01,2024-11-11,0.0434152361258277,2024,2023-12-31,training_frequency,-1,0.5024834437086093,0.5024834437086093,1,1
rolling5_matched,3345,2024-11-08,2024-11-18,-0.0208584853931589,2024,2023-12-31,training_frequency,-1,0.5024834437086093,0.5024834437086093,1,0
rolling5_matched,3350,2024-11-15,2024-11-25,-0.0267421712161923,2024,2023-12-31,training_frequency,-1,0.5024834437086093,0.5024834437086093,1,0
rolling5_matched,3355,2024-11-22,2024-12-02,0.0087960346887328,2024,2023-12-31,training_frequency,-1,0.5024834437086093,0.5024834437086093,1,1
rolling5_matched,3360,2024-11-29,2024-12-09,0.0155919891551781,2024,2023-12-31,training_frequency,-1,0.5024834437086093,0.5024834437086093,1,1
rolling5_matched,3365,2024-12-06,2024-12-16,-0.0100436703218104,2024,2023-12-31,training_frequency,-1,0.5024834437086093,0.5024834437086093,1,0
rolling5_matched,3370,2024-12-13,2024-12-23,-0.0006690784017421,2024,2023-12-31,training_frequency,-1,0.5024834437086093,0.5024834437086093,1,0
rolling5_matched,3375,2024-12-20,2024-12-30,0.0123595076562756,2024,2023-12-31,training_frequency,-1,0.5024834437086093,0.5024834437086093,1,1
rolling5_matched,3380,2024-12-27,2025-01-06,-0.0504714964669198,2024,2023-12-31,training_frequency,-1,0.5024834437086093,0.5024834437086093,1,0
rolling5_matched,3144,2024-01-05,2024-01-15,-0.0158038409563566,2024,2023-12-31,learned_market,20260911,0.23059322922475542,0.23059322922475542,0,0
rolling5_matched,3149,2024-01-12,2024-01-22,-0.002333261979756,2024,2023-12-31,learned_market,20260911,0.12013430524737881,0.12013430524737881,0,0
rolling5_matched,3154,2024-01-19,2024-01-29,0.0223511633823452,2024,2023-12-31,learned_market,20260911,0.9036124345857497,0.9036124345857497,1,1
rolling5_matched,3159,2024-01-26,2024-02-05,-0.0513103415192826,2024,2023-12-31,learned_market,20260911,0.8519432707395138,0.8519432707395138,1,0
rolling5_matched,3164,2024-02-02,2024-02-26,0.1015374891364462,2024,2023-12-31,learned_market,20260911,0.7600097575954537,0.7600097575954537,1,1
rolling5_matched,3173,2024-02-23,2024-03-04,0.0151569053862528,2024,2023-12-31,learned_market,20260911,0.9223526729779526,0.9223526729779526,1,1
rolling5_matched,3178,2024-03-01,2024-03-11,0.0021394031715169,2024,2023-12-31,learned_market,20260911,0.7240186901763509,0.7240186901763509,1,1
rolling5_matched,3183,2024-03-08,2024-03-18,0.0087762342284414,2024,2023-12-31,learned_market,20260911,0.9504695280108112,0.9504695280108112,1,1
rolling5_matched,3188,2024-03-15,2024-03-25,-0.0112802133595746,2024,2023-12-31,learned_market,20260911,0.9414569814249807,0.9414569814249807,1,0
rolling5_matched,3193,2024-03-22,2024-04-01,0.0042044725182444,2024,2023-12-31,learned_market,20260911,0.6365622752443683,0.6365622752443683,1,1
rolling5_matched,3198,2024-03-29,2024-04-15,-0.0219845815102011,2024,2023-12-31,learned_market,20260911,0.037113046962726486,0.037113046962726486,0,0
rolling5_matched,3206,2024-04-12,2024-04-22,0.018045199366633,2024,2023-12-31,learned_market,20260911,0.15490859987213462,0.15490859987213462,0,1
rolling5_matched,3211,2024-04-19,2024-04-29,0.0136757744232476,2024,2023-12-31,learned_market,20260911,0.9575320552494052,0.9575320552494052,1,1
rolling5_matched,3216,2024-04-26,2024-05-13,0.0172434956786644,2024,2023-12-31,learned_market,20260911,0.9551881100364721,0.9551881100364721,1,1
rolling5_matched,3223,2024-05-10,2024-05-20,0.0097933549988344,2024,2023-12-31,learned_market,20260911,0.4144809535094746,0.4144809535094746,0,1
rolling5_matched,3228,2024-05-17,2024-05-27,-0.0204803832637164,2024,2023-12-31,learned_market,20260911,0.34516513545999955,0.34516513545999955,0,0
rolling5_matched,3233,2024-05-24,2024-06-03,-0.0081155643048258,2024,2023-12-31,learned_market,20260911,0.6628758558762472,0.6628758558762472,1,0
rolling5_matched,3238,2024-05-31,2024-06-11,-0.0060267570121149,2024,2023-12-31,learned_market,20260911,0.15111256030843997,0.15111256030843997,0,0
rolling5_matched,3243,2024-06-07,2024-06-17,-0.0096686558937179,2024,2023-12-31,learned_market,20260911,0.34854640505912343,0.34854640505912343,0,0
rolling5_matched,3247,2024-06-14,2024-06-24,-0.013573992457631,2024,2023-12-31,learned_market,20260911,0.7419385986749754,0.7419385986749754,1,0
rolling5_matched,3252,2024-06-21,2024-07-01,-0.004427632109257,2024,2023-12-31,learned_market,20260911,0.3895218666655428,0.3895218666655428,0,0
rolling5_matched,3257,2024-06-28,2024-07-08,-0.0108320369203009,2024,2023-12-31,learned_market,20260911,0.5326741821399826,0.5326741821399826,1,0
rolling5_matched,3262,2024-07-05,2024-07-15,0.0122222871842843,2024,2023-12-31,learned_market,20260911,0.532460861839203,0.532460861839203,1,1
rolling5_matched,3267,2024-07-12,2024-07-22,0.0218881133018156,2024,2023-12-31,learned_market,20260911,0.44615457002634185,0.44615457002634185,0,1
rolling5_matched,3272,2024-07-19,2024-07-29,-0.0378787022382998,2024,2023-12-31,learned_market,20260911,0.5262233910136553,0.5262233910136553,1,0
rolling5_matched,3277,2024-07-26,2024-08-05,-0.0124134568216732,2024,2023-12-31,learned_market,20260911,0.4893398567538232,0.4893398567538232,0,0
rolling5_matched,3282,2024-08-02,2024-08-12,-0.0102762848330364,2024,2023-12-31,learned_market,20260911,0.1374741562478584,0.1374741562478584,0,0
rolling5_matched,3287,2024-08-09,2024-08-19,0.0050186923751938,2024,2023-12-31,learned_market,20260911,0.7099559060215787,0.7099559060215787,1,1
rolling5_matched,3292,2024-08-16,2024-08-26,-0.0040487282687352,2024,2023-12-31,learned_market,20260911,0.11817954080684202,0.11817954080684202,0,0
rolling5_matched,3297,2024-08-23,2024-09-02,-0.0069594562136714,2024,2023-12-31,learned_market,20260911,0.2122280221070916,0.2122280221070916,0,0
rolling5_matched,3302,2024-08-30,2024-09-09,-0.0280389655151561,2024,2023-12-31,learned_market,20260911,0.08036139675451068,0.08036139675451068,0,0
rolling5_matched,3307,2024-09-06,2024-09-18,-0.0174132138857783,2024,2023-12-31,learned_market,20260911,0.01748718369823324,0.01748718369823324,0,0
rolling5_matched,3312,2024-09-13,2024-09-24,0.0133119329369826,2024,2023-12-31,learned_market,20260911,0.12255569912685751,0.12255569912685751,0,1
rolling5_matched,3315,2024-09-20,2024-09-30,0.2017513988384409,2024,2023-12-31,learned_market,20260911,0.36120692816480243,0.36120692816480243,0,1
rolling5_matched,3320,2024-09-27,2024-10-14,0.0178259004588408,2024,2023-12-31,learned_market,20260911,0.21159435811896266,0.21159435811896266,0,1
rolling5_matched,3325,2024-10-11,2024-10-21,0.0080914993282625,2024,2023-12-31,learned_market,20260911,0.4704296615696106,0.4704296615696106,0,1
rolling5_matched,3330,2024-10-18,2024-10-28,0.0015733867085561,2024,2023-12-31,learned_market,20260911,0.20636401603489243,0.20636401603489243,0,1
rolling5_matched,3335,2024-10-25,2024-11-04,-0.0140142824257356,2024,2023-12-31,learned_market,20260911,0.5857585033413851,0.5857585033413851,1,0
rolling5_matched,3340,2024-11-01,2024-11-11,0.0434152361258277,2024,2023-12-31,learned_market,20260911,0.3189678201069894,0.3189678201069894,0,1
rolling5_matched,3345,2024-11-08,2024-11-18,-0.0208584853931589,2024,2023-12-31,learned_market,20260911,0.8009028759510012,0.8009028759510012,1,0
rolling5_matched,3350,2024-11-15,2024-11-25,-0.0267421712161923,2024,2023-12-31,learned_market,20260911,0.4124562466615927,0.4124562466615927,0,0
rolling5_matched,3355,2024-11-22,2024-12-02,0.0087960346887328,2024,2023-12-31,learned_market,20260911,0.45930841459049504,0.45930841459049504,0,1
rolling5_matched,3360,2024-11-29,2024-12-09,0.0155919891551781,2024,2023-12-31,learned_market,20260911,0.6233174283587072,0.6233174283587072,1,1
rolling5_matched,3365,2024-12-06,2024-12-16,-0.0100436703218104,2024,2023-12-31,learned_market,20260911,0.7813274350308872,0.7813274350308872,1,0
rolling5_matched,3370,2024-12-13,2024-12-23,-0.0006690784017421,2024,2023-12-31,learned_market,20260911,0.0765394528948025,0.0765394528948025,0,0
rolling5_matched,3375,2024-12-20,2024-12-30,0.0123595076562756,2024,2023-12-31,learned_market,20260911,0.034521081070364376,0.034521081070364376,0,1
rolling5_matched,3380,2024-12-27,2025-01-06,-0.0504714964669198,2024,2023-12-31,learned_market,20260911,0.24090775984369392,0.24090775984369392,0,0
rolling5_matched,3144,2024-01-05,2024-01-15,-0.0158038409563566,2024,2023-12-31,learned_vol_interaction,20260911,0.22277165699871213,0.22277165699871213,0,0
rolling5_matched,3149,2024-01-12,2024-01-22,-0.002333261979756,2024,2023-12-31,learned_vol_interaction,20260911,0.11237844541314211,0.11237844541314211,0,0
rolling5_matched,3154,2024-01-19,2024-01-29,0.0223511633823452,2024,2023-12-31,learned_vol_interaction,20260911,0.9072630078874218,0.9072630078874218,1,1
rolling5_matched,3159,2024-01-26,2024-02-05,-0.0513103415192826,2024,2023-12-31,learned_vol_interaction,20260911,0.8505168218402678,0.8505168218402678,1,0
rolling5_matched,3164,2024-02-02,2024-02-26,0.1015374891364462,2024,2023-12-31,learned_vol_interaction,20260911,0.7586340980675337,0.7586340980675337,1,1
rolling5_matched,3173,2024-02-23,2024-03-04,0.0151569053862528,2024,2023-12-31,learned_vol_interaction,20260911,0.9176568784450652,0.9176568784450652,1,1
rolling5_matched,3178,2024-03-01,2024-03-11,0.0021394031715169,2024,2023-12-31,learned_vol_interaction,20260911,0.712757216844309,0.712757216844309,1,1
rolling5_matched,3183,2024-03-08,2024-03-18,0.0087762342284414,2024,2023-12-31,learned_vol_interaction,20260911,0.948984106531601,0.948984106531601,1,1
rolling5_matched,3188,2024-03-15,2024-03-25,-0.0112802133595746,2024,2023-12-31,learned_vol_interaction,20260911,0.9444874598653237,0.9444874598653237,1,0
rolling5_matched,3193,2024-03-22,2024-04-01,0.0042044725182444,2024,2023-12-31,learned_vol_interaction,20260911,0.62972603947051,0.62972603947051,1,1
rolling5_matched,3198,2024-03-29,2024-04-15,-0.0219845815102011,2024,2023-12-31,learned_vol_interaction,20260911,0.031662448912792816,0.031662448912792816,0,0
rolling5_matched,3206,2024-04-12,2024-04-22,0.018045199366633,2024,2023-12-31,learned_vol_interaction,20260911,0.14553988819684027,0.14553988819684027,0,1
rolling5_matched,3211,2024-04-19,2024-04-29,0.0136757744232476,2024,2023-12-31,learned_vol_interaction,20260911,0.9601900705059759,0.9601900705059759,1,1
rolling5_matched,3216,2024-04-26,2024-05-13,0.0172434956786644,2024,2023-12-31,learned_vol_interaction,20260911,0.9569705004681006,0.9569705004681006,1,1
rolling5_matched,3223,2024-05-10,2024-05-20,0.0097933549988344,2024,2023-12-31,learned_vol_interaction,20260911,0.4159908523849125,0.4159908523849125,0,1
rolling5_matched,3228,2024-05-17,2024-05-27,-0.0204803832637164,2024,2023-12-31,learned_vol_interaction,20260911,0.33890797980042003,0.33890797980042003,0,0
rolling5_matched,3233,2024-05-24,2024-06-03,-0.0081155643048258,2024,2023-12-31,learned_vol_interaction,20260911,0.6795671043818976,0.6795671043818976,1,0
rolling5_matched,3238,2024-05-31,2024-06-11,-0.0060267570121149,2024,2023-12-31,learned_vol_interaction,20260911,0.1455766463963301,0.1455766463963301,0,0
rolling5_matched,3243,2024-06-07,2024-06-17,-0.0096686558937179,2024,2023-12-31,learned_vol_interaction,20260911,0.3479818972722372,0.3479818972722372,0,0
rolling5_matched,3247,2024-06-14,2024-06-24,-0.013573992457631,2024,2023-12-31,learned_vol_interaction,20260911,0.7513551540577227,0.7513551540577227,1,0
rolling5_matched,3252,2024-06-21,2024-07-01,-0.004427632109257,2024,2023-12-31,learned_vol_interaction,20260911,0.38693270559559967,0.38693270559559967,0,0
rolling5_matched,3257,2024-06-28,2024-07-08,-0.0108320369203009,2024,2023-12-31,learned_vol_interaction,20260911,0.5275966464065206,0.5275966464065206,1,0
rolling5_matched,3262,2024-07-05,2024-07-15,0.0122222871842843,2024,2023-12-31,learned_vol_interaction,20260911,0.5365073630469938,0.5365073630469938,1,1
rolling5_matched,3267,2024-07-12,2024-07-22,0.0218881133018156,2024,2023-12-31,learned_vol_interaction,20260911,0.4418562981946863,0.4418562981946863,0,1
rolling5_matched,3272,2024-07-19,2024-07-29,-0.0378787022382998,2024,2023-12-31,learned_vol_interaction,20260911,0.5308654743469499,0.5308654743469499,1,0
rolling5_matched,3277,2024-07-26,2024-08-05,-0.0124134568216732,2024,2023-12-31,learned_vol_interaction,20260911,0.48383084211384886,0.48383084211384886,0,0
rolling5_matched,3282,2024-08-02,2024-08-12,-0.0102762848330364,2024,2023-12-31,learned_vol_interaction,20260911,0.13381892783904292,0.13381892783904292,0,0
rolling5_matched,3287,2024-08-09,2024-08-19,0.0050186923751938,2024,2023-12-31,learned_vol_interaction,20260911,0.7186483718420476,0.7186483718420476,1,1
rolling5_matched,3292,2024-08-16,2024-08-26,-0.0040487282687352,2024,2023-12-31,learned_vol_interaction,20260911,0.11088138124005038,0.11088138124005038,0,0
rolling5_matched,3297,2024-08-23,2024-09-02,-0.0069594562136714,2024,2023-12-31,learned_vol_interaction,20260911,0.19977638697300928,0.19977638697300928,0,0
rolling5_matched,3302,2024-08-30,2024-09-09,-0.0280389655151561,2024,2023-12-31,learned_vol_interaction,20260911,0.06850084928259997,0.06850084928259997,0,0
rolling5_matched,3307,2024-09-06,2024-09-18,-0.0174132138857783,2024,2023-12-31,learned_vol_interaction,20260911,0.013840500499084783,0.013840500499084783,0,0
rolling5_matched,3312,2024-09-13,2024-09-24,0.0133119329369826,2024,2023-12-31,learned_vol_interaction,20260911,0.1125545048343157,0.1125545048343157,0,1
rolling5_matched,3315,2024-09-20,2024-09-30,0.2017513988384409,2024,2023-12-31,learned_vol_interaction,20260911,0.3454255904975682,0.3454255904975682,0,1
rolling5_matched,3320,2024-09-27,2024-10-14,0.0178259004588408,2024,2023-12-31,learned_vol_interaction,20260911,0.23578461952833044,0.23578461952833044,0,1
rolling5_matched,3325,2024-10-11,2024-10-21,0.0080914993282625,2024,2023-12-31,learned_vol_interaction,20260911,0.49051052729018174,0.49051052729018174,0,1
rolling5_matched,3330,2024-10-18,2024-10-28,0.0015733867085561,2024,2023-12-31,learned_vol_interaction,20260911,0.2591887598981285,0.2591887598981285,0,1
rolling5_matched,3335,2024-10-25,2024-11-04,-0.0140142824257356,2024,2023-12-31,learned_vol_interaction,20260911,0.5902997329577668,0.5902997329577668,1,0
rolling5_matched,3340,2024-11-01,2024-11-11,0.0434152361258277,2024,2023-12-31,learned_vol_interaction,20260911,0.3585134255788116,0.3585134255788116,0,1
rolling5_matched,3345,2024-11-08,2024-11-18,-0.0208584853931589,2024,2023-12-31,learned_vol_interaction,20260911,0.7891506685581792,0.7891506685581792,1,0
rolling5_matched,3350,2024-11-15,2024-11-25,-0.0267421712161923,2024,2023-12-31,learned_vol_interaction,20260911,0.4074518358628554,0.4074518358628554,0,0
rolling5_matched,3355,2024-11-22,2024-12-02,0.0087960346887328,2024,2023-12-31,learned_vol_interaction,20260911,0.45945938946447357,0.45945938946447357,0,1
rolling5_matched,3360,2024-11-29,2024-12-09,0.0155919891551781,2024,2023-12-31,learned_vol_interaction,20260911,0.6223989795617191,0.6223989795617191,1,1
rolling5_matched,3365,2024-12-06,2024-12-16,-0.0100436703218104,2024,2023-12-31,learned_vol_interaction,20260911,0.7769374593831513,0.7769374593831513,1,0
rolling5_matched,3370,2024-12-13,2024-12-23,-0.0006690784017421,2024,2023-12-31,learned_vol_interaction,20260911,0.07343879465919229,0.07343879465919229,0,0
rolling5_matched,3375,2024-12-20,2024-12-30,0.0123595076562756,2024,2023-12-31,learned_vol_interaction,20260911,0.029975999320883316,0.029975999320883316,0,1
rolling5_matched,3380,2024-12-27,2025-01-06,-0.0504714964669198,2024,2023-12-31,learned_vol_interaction,20260911,0.23226520460212818,0.23226520460212818,0,0
rolling5_matched,3144,2024-01-05,2024-01-15,-0.0158038409563566,2024,2023-12-31,learned_order_extension,20260911,0.2616914668505539,0.2616914668505539,0,0
rolling5_matched,3149,2024-01-12,2024-01-22,-0.002333261979756,2024,2023-12-31,learned_order_extension,20260911,0.11419772708994043,0.11419772708994043,0,0
rolling5_matched,3154,2024-01-19,2024-01-29,0.0223511633823452,2024,2023-12-31,learned_order_extension,20260911,0.9273615302114083,0.9273615302114083,1,1
rolling5_matched,3159,2024-01-26,2024-02-05,-0.0513103415192826,2024,2023-12-31,learned_order_extension,20260911,0.8660882282104347,0.8660882282104347,1,0
rolling5_matched,3164,2024-02-02,2024-02-26,0.1015374891364462,2024,2023-12-31,learned_order_extension,20260911,0.7810653173252752,0.7810653173252752,1,1
rolling5_matched,3173,2024-02-23,2024-03-04,0.0151569053862528,2024,2023-12-31,learned_order_extension,20260911,0.8859186473452096,0.8859186473452096,1,1
rolling5_matched,3178,2024-03-01,2024-03-11,0.0021394031715169,2024,2023-12-31,learned_order_extension,20260911,0.7024599989374185,0.7024599989374185,1,1
rolling5_matched,3183,2024-03-08,2024-03-18,0.0087762342284414,2024,2023-12-31,learned_order_extension,20260911,0.9155700831067619,0.9155700831067619,1,1
rolling5_matched,3188,2024-03-15,2024-03-25,-0.0112802133595746,2024,2023-12-31,learned_order_extension,20260911,0.907474653846216,0.907474653846216,1,0
rolling5_matched,3193,2024-03-22,2024-04-01,0.0042044725182444,2024,2023-12-31,learned_order_extension,20260911,0.6071423500830967,0.6071423500830967,1,1
rolling5_matched,3198,2024-03-29,2024-04-15,-0.0219845815102011,2024,2023-12-31,learned_order_extension,20260911,0.040813698416366485,0.040813698416366485,0,0
rolling5_matched,3206,2024-04-12,2024-04-22,0.018045199366633,2024,2023-12-31,learned_order_extension,20260911,0.18328579556717034,0.18328579556717034,0,1
rolling5_matched,3211,2024-04-19,2024-04-29,0.0136757744232476,2024,2023-12-31,learned_order_extension,20260911,0.9221694830203783,0.9221694830203783,1,1
rolling5_matched,3216,2024-04-26,2024-05-13,0.0172434956786644,2024,2023-12-31,learned_order_extension,20260911,0.8858001886679163,0.8858001886679163,1,1
rolling5_matched,3223,2024-05-10,2024-05-20,0.0097933549988344,2024,2023-12-31,learned_order_extension,20260911,0.41757931377892654,0.41757931377892654,0,1
rolling5_matched,3228,2024-05-17,2024-05-27,-0.0204803832637164,2024,2023-12-31,learned_order_extension,20260911,0.3560029694444238,0.3560029694444238,0,0
rolling5_matched,3233,2024-05-24,2024-06-03,-0.0081155643048258,2024,2023-12-31,learned_order_extension,20260911,0.6661575550255537,0.6661575550255537,1,0
rolling5_matched,3238,2024-05-31,2024-06-11,-0.0060267570121149,2024,2023-12-31,learned_order_extension,20260911,0.16832833472711956,0.16832833472711956,0,0
rolling5_matched,3243,2024-06-07,2024-06-17,-0.0096686558937179,2024,2023-12-31,learned_order_extension,20260911,0.35670969522421614,0.35670969522421614,0,0
rolling5_matched,3247,2024-06-14,2024-06-24,-0.013573992457631,2024,2023-12-31,learned_order_extension,20260911,0.7379150545957127,0.7379150545957127,1,0
rolling5_matched,3252,2024-06-21,2024-07-01,-0.004427632109257,2024,2023-12-31,learned_order_extension,20260911,0.3808189875387277,0.3808189875387277,0,0
rolling5_matched,3257,2024-06-28,2024-07-08,-0.0108320369203009,2024,2023-12-31,learned_order_extension,20260911,0.500796048603625,0.500796048603625,1,0
rolling5_matched,3262,2024-07-05,2024-07-15,0.0122222871842843,2024,2023-12-31,learned_order_extension,20260911,0.5318266938595049,0.5318266938595049,1,1
rolling5_matched,3267,2024-07-12,2024-07-22,0.0218881133018156,2024,2023-12-31,learned_order_extension,20260911,0.4408627319938135,0.4408627319938135,0,1
rolling5_matched,3272,2024-07-19,2024-07-29,-0.0378787022382998,2024,2023-12-31,learned_order_extension,20260911,0.5306265678987823,0.5306265678987823,1,0
rolling5_matched,3277,2024-07-26,2024-08-05,-0.0124134568216732,2024,2023-12-31,learned_order_extension,20260911,0.5073341770124069,0.5073341770124069,1,0
rolling5_matched,3282,2024-08-02,2024-08-12,-0.0102762848330364,2024,2023-12-31,learned_order_extension,20260911,0.1466746431518214,0.1466746431518214,0,0
rolling5_matched,3287,2024-08-09,2024-08-19,0.0050186923751938,2024,2023-12-31,learned_order_extension,20260911,0.7201623807884817,0.7201623807884817,1,1
rolling5_matched,3292,2024-08-16,2024-08-26,-0.0040487282687352,2024,2023-12-31,learned_order_extension,20260911,0.1197849777519796,0.1197849777519796,0,0
rolling5_matched,3297,2024-08-23,2024-09-02,-0.0069594562136714,2024,2023-12-31,learned_order_extension,20260911,0.22528565316450477,0.22528565316450477,0,0
rolling5_matched,3302,2024-08-30,2024-09-09,-0.0280389655151561,2024,2023-12-31,learned_order_extension,20260911,0.09151228956383209,0.09151228956383209,0,0
rolling5_matched,3307,2024-09-06,2024-09-18,-0.0174132138857783,2024,2023-12-31,learned_order_extension,20260911,0.017698651730674624,0.017698651730674624,0,0
rolling5_matched,3312,2024-09-13,2024-09-24,0.0133119329369826,2024,2023-12-31,learned_order_extension,20260911,0.12490001598978265,0.12490001598978265,0,1
rolling5_matched,3315,2024-09-20,2024-09-30,0.2017513988384409,2024,2023-12-31,learned_order_extension,20260911,0.3819584578678974,0.3819584578678974,0,1
rolling5_matched,3320,2024-09-27,2024-10-14,0.0178259004588408,2024,2023-12-31,learned_order_extension,20260911,0.32314267896584387,0.32314267896584387,0,1
rolling5_matched,3325,2024-10-11,2024-10-21,0.0080914993282625,2024,2023-12-31,learned_order_extension,20260911,0.5265594891176874,0.5265594891176874,1,1
rolling5_matched,3330,2024-10-18,2024-10-28,0.0015733867085561,2024,2023-12-31,learned_order_extension,20260911,0.3092018594242299,0.3092018594242299,0,1
rolling5_matched,3335,2024-10-25,2024-11-04,-0.0140142824257356,2024,2023-12-31,learned_order_extension,20260911,0.5923012187023767,0.5923012187023767,1,0
rolling5_matched,3340,2024-11-01,2024-11-11,0.0434152361258277,2024,2023-12-31,learned_order_extension,20260911,0.3912140939986607,0.3912140939986607,0,1
rolling5_matched,3345,2024-11-08,2024-11-18,-0.0208584853931589,2024,2023-12-31,learned_order_extension,20260911,0.7820384374251452,0.7820384374251452,1,0
rolling5_matched,3350,2024-11-15,2024-11-25,-0.0267421712161923,2024,2023-12-31,learned_order_extension,20260911,0.401370032876276,0.401370032876276,0,0
rolling5_matched,3355,2024-11-22,2024-12-02,0.0087960346887328,2024,2023-12-31,learned_order_extension,20260911,0.4288293638965787,0.4288293638965787,0,1
rolling5_matched,3360,2024-11-29,2024-12-09,0.0155919891551781,2024,2023-12-31,learned_order_extension,20260911,0.626624528489299,0.626624528489299,1,1
rolling5_matched,3365,2024-12-06,2024-12-16,-0.0100436703218104,2024,2023-12-31,learned_order_extension,20260911,0.7615123780494591,0.7615123780494591,1,0
rolling5_matched,3370,2024-12-13,2024-12-23,-0.0006690784017421,2024,2023-12-31,learned_order_extension,20260911,0.06082225347894923,0.06082225347894923,0,0
rolling5_matched,3375,2024-12-20,2024-12-30,0.0123595076562756,2024,2023-12-31,learned_order_extension,20260911,0.019678868965342777,0.019678868965342777,0,1
rolling5_matched,3380,2024-12-27,2025-01-06,-0.0504714964669198,2024,2023-12-31,learned_order_extension,20260911,0.18895658057621822,0.18895658057621822,0,0
rolling5_matched,3144,2024-01-05,2024-01-15,-0.0158038409563566,2024,2023-12-31,learned_order_offset,20260911,0.2728298924997901,0.2728298924997901,0,0
rolling5_matched,3149,2024-01-12,2024-01-22,-0.002333261979756,2024,2023-12-31,learned_order_offset,20260911,0.11861068676166714,0.11861068676166714,0,0
rolling5_matched,3154,2024-01-19,2024-01-29,0.0223511633823452,2024,2023-12-31,learned_order_offset,20260911,0.9245339406611656,0.9245339406611656,1,1
rolling5_matched,3159,2024-01-26,2024-02-05,-0.0513103415192826,2024,2023-12-31,learned_order_offset,20260911,0.8626204238554142,0.8626204238554142,1,0
rolling5_matched,3164,2024-02-02,2024-02-26,0.1015374891364462,2024,2023-12-31,learned_order_offset,20260911,0.7852550669690033,0.7852550669690033,1,1
rolling5_matched,3173,2024-02-23,2024-03-04,0.0151569053862528,2024,2023-12-31,learned_order_offset,20260911,0.8845108506783299,0.8845108506783299,1,1
rolling5_matched,3178,2024-03-01,2024-03-11,0.0021394031715169,2024,2023-12-31,learned_order_offset,20260911,0.696246397952137,0.696246397952137,1,1
rolling5_matched,3183,2024-03-08,2024-03-18,0.0087762342284414,2024,2023-12-31,learned_order_offset,20260911,0.9123322574939324,0.9123322574939324,1,1
rolling5_matched,3188,2024-03-15,2024-03-25,-0.0112802133595746,2024,2023-12-31,learned_order_offset,20260911,0.9027927198362544,0.9027927198362544,1,0
rolling5_matched,3193,2024-03-22,2024-04-01,0.0042044725182444,2024,2023-12-31,learned_order_offset,20260911,0.5976378259676782,0.5976378259676782,1,1
rolling5_matched,3198,2024-03-29,2024-04-15,-0.0219845815102011,2024,2023-12-31,learned_order_offset,20260911,0.04115108640520176,0.04115108640520176,0,0
rolling5_matched,3206,2024-04-12,2024-04-22,0.018045199366633,2024,2023-12-31,learned_order_offset,20260911,0.17753166964310355,0.17753166964310355,0,1
rolling5_matched,3211,2024-04-19,2024-04-29,0.0136757744232476,2024,2023-12-31,learned_order_offset,20260911,0.9196013598942667,0.9196013598942667,1,1
rolling5_matched,3216,2024-04-26,2024-05-13,0.0172434956786644,2024,2023-12-31,learned_order_offset,20260911,0.8824614278256918,0.8824614278256918,1,1
rolling5_matched,3223,2024-05-10,2024-05-20,0.0097933549988344,2024,2023-12-31,learned_order_offset,20260911,0.4081737062778307,0.4081737062778307,0,1
rolling5_matched,3228,2024-05-17,2024-05-27,-0.0204803832637164,2024,2023-12-31,learned_order_offset,20260911,0.35551509099433726,0.35551509099433726,0,0
rolling5_matched,3233,2024-05-24,2024-06-03,-0.0081155643048258,2024,2023-12-31,learned_order_offset,20260911,0.6646977910280554,0.6646977910280554,1,0
rolling5_matched,3238,2024-05-31,2024-06-11,-0.0060267570121149,2024,2023-12-31,learned_order_offset,20260911,0.17336486843879673,0.17336486843879673,0,0
rolling5_matched,3243,2024-06-07,2024-06-17,-0.0096686558937179,2024,2023-12-31,learned_order_offset,20260911,0.36640704847043154,0.36640704847043154,0,0
rolling5_matched,3247,2024-06-14,2024-06-24,-0.013573992457631,2024,2023-12-31,learned_order_offset,20260911,0.7397730886402881,0.7397730886402881,1,0
rolling5_matched,3252,2024-06-21,2024-07-01,-0.004427632109257,2024,2023-12-31,learned_order_offset,20260911,0.3852366306101185,0.3852366306101185,0,0
rolling5_matched,3257,2024-06-28,2024-07-08,-0.0108320369203009,2024,2023-12-31,learned_order_offset,20260911,0.4981148802080306,0.4981148802080306,0,0
rolling5_matched,3262,2024-07-05,2024-07-15,0.0122222871842843,2024,2023-12-31,learned_order_offset,20260911,0.5299309354954953,0.5299309354954953,1,1
rolling5_matched,3267,2024-07-12,2024-07-22,0.0218881133018156,2024,2023-12-31,learned_order_offset,20260911,0.44159607964731407,0.44159607964731407,0,1
rolling5_matched,3272,2024-07-19,2024-07-29,-0.0378787022382998,2024,2023-12-31,learned_order_offset,20260911,0.5292806349726717,0.5292806349726717,1,0
rolling5_matched,3277,2024-07-26,2024-08-05,-0.0124134568216732,2024,2023-12-31,learned_order_offset,20260911,0.511030758264836,0.511030758264836,1,0
rolling5_matched,3282,2024-08-02,2024-08-12,-0.0102762848330364,2024,2023-12-31,learned_order_offset,20260911,0.1526772476655387,0.1526772476655387,0,0
rolling5_matched,3287,2024-08-09,2024-08-19,0.0050186923751938,2024,2023-12-31,learned_order_offset,20260911,0.7212171998301231,0.7212171998301231,1,1
rolling5_matched,3292,2024-08-16,2024-08-26,-0.0040487282687352,2024,2023-12-31,learned_order_offset,20260911,0.1300889289167322,0.1300889289167322,0,0
rolling5_matched,3297,2024-08-23,2024-09-02,-0.0069594562136714,2024,2023-12-31,learned_order_offset,20260911,0.23903432835083407,0.23903432835083407,0,0
rolling5_matched,3302,2024-08-30,2024-09-09,-0.0280389655151561,2024,2023-12-31,learned_order_offset,20260911,0.0982215320216655,0.0982215320216655,0,0
rolling5_matched,3307,2024-09-06,2024-09-18,-0.0174132138857783,2024,2023-12-31,learned_order_offset,20260911,0.01979616273312261,0.01979616273312261,0,0
rolling5_matched,3312,2024-09-13,2024-09-24,0.0133119329369826,2024,2023-12-31,learned_order_offset,20260911,0.13150458865005527,0.13150458865005527,0,1
rolling5_matched,3315,2024-09-20,2024-09-30,0.2017513988384409,2024,2023-12-31,learned_order_offset,20260911,0.3931941815919876,0.3931941815919876,0,1
rolling5_matched,3320,2024-09-27,2024-10-14,0.0178259004588408,2024,2023-12-31,learned_order_offset,20260911,0.3221325827753509,0.3221325827753509,0,1
rolling5_matched,3325,2024-10-11,2024-10-21,0.0080914993282625,2024,2023-12-31,learned_order_offset,20260911,0.5252314955331382,0.5252314955331382,1,1
rolling5_matched,3330,2024-10-18,2024-10-28,0.0015733867085561,2024,2023-12-31,learned_order_offset,20260911,0.31385743909619035,0.31385743909619035,0,1
rolling5_matched,3335,2024-10-25,2024-11-04,-0.0140142824257356,2024,2023-12-31,learned_order_offset,20260911,0.5910494540390087,0.5910494540390087,1,0
rolling5_matched,3340,2024-11-01,2024-11-11,0.0434152361258277,2024,2023-12-31,learned_order_offset,20260911,0.3919500986309468,0.3919500986309468,0,1
rolling5_matched,3345,2024-11-08,2024-11-18,-0.0208584853931589,2024,2023-12-31,learned_order_offset,20260911,0.7722564828979777,0.7722564828979777,1,0
rolling5_matched,3350,2024-11-15,2024-11-25,-0.0267421712161923,2024,2023-12-31,learned_order_offset,20260911,0.39505782909068154,0.39505782909068154,0,0
rolling5_matched,3355,2024-11-22,2024-12-02,0.0087960346887328,2024,2023-12-31,learned_order_offset,20260911,0.41884706779314274,0.41884706779314274,0,1
rolling5_matched,3360,2024-11-29,2024-12-09,0.0155919891551781,2024,2023-12-31,learned_order_offset,20260911,0.6202158250005477,0.6202158250005477,1,1
rolling5_matched,3365,2024-12-06,2024-12-16,-0.0100436703218104,2024,2023-12-31,learned_order_offset,20260911,0.7528226877774216,0.7528226877774216,1,0
rolling5_matched,3370,2024-12-13,2024-12-23,-0.0006690784017421,2024,2023-12-31,learned_order_offset,20260911,0.06292694105596941,0.06292694105596941,0,0
rolling5_matched,3375,2024-12-20,2024-12-30,0.0123595076562756,2024,2023-12-31,learned_order_offset,20260911,0.021006086475024728,0.021006086475024728,0,1
rolling5_matched,3380,2024-12-27,2025-01-06,-0.0504714964669198,2024,2023-12-31,learned_order_offset,20260911,0.19676732590626123,0.19676732590626123,0,0
rolling5_matched,3144,2024-01-05,2024-01-15,-0.0158038409563566,2024,2023-12-31,native_mse,20260911,-0.009790733402874343,,0,0
rolling5_matched,3149,2024-01-12,2024-01-22,-0.002333261979756,2024,2023-12-31,native_mse,20260911,-0.015104689224881254,,0,0
rolling5_matched,3154,2024-01-19,2024-01-29,0.0223511633823452,2024,2023-12-31,native_mse,20260911,0.026050032621500203,,1,1
rolling5_matched,3159,2024-01-26,2024-02-05,-0.0513103415192826,2024,2023-12-31,native_mse,20260911,0.02080456930915519,,1,0
rolling5_matched,3164,2024-02-02,2024-02-26,0.1015374891364462,2024,2023-12-31,native_mse,20260911,0.01371044943195837,,1,1
rolling5_matched,3173,2024-02-23,2024-03-04,0.0151569053862528,2024,2023-12-31,native_mse,20260911,0.029034763241608738,,1,1
rolling5_matched,3178,2024-03-01,2024-03-11,0.0021394031715169,2024,2023-12-31,native_mse,20260911,0.010879677100515597,,1,1
rolling5_matched,3183,2024-03-08,2024-03-18,0.0087762342284414,2024,2023-12-31,native_mse,20260911,0.033565636109953,,1,1
rolling5_matched,3188,2024-03-15,2024-03-25,-0.0112802133595746,2024,2023-12-31,native_mse,20260911,0.0377390245911877,,1,0
rolling5_matched,3193,2024-03-22,2024-04-01,0.0042044725182444,2024,2023-12-31,native_mse,20260911,0.016013013818014298,,1,1
rolling5_matched,3198,2024-03-29,2024-04-15,-0.0219845815102011,2024,2023-12-31,native_mse,20260911,-0.02222992799088321,,0,0
rolling5_matched,3206,2024-04-12,2024-04-22,0.018045199366633,2024,2023-12-31,native_mse,20260911,-0.006755991949939864,,0,1
rolling5_matched,3211,2024-04-19,2024-04-29,0.0136757744232476,2024,2023-12-31,native_mse,20260911,0.039140513672556894,,1,1
rolling5_matched,3216,2024-04-26,2024-05-13,0.0172434956786644,2024,2023-12-31,native_mse,20260911,0.038856097789178944,,1,1
rolling5_matched,3223,2024-05-10,2024-05-20,0.0097933549988344,2024,2023-12-31,native_mse,20260911,0.004089082467758603,,1,1
rolling5_matched,3228,2024-05-17,2024-05-27,-0.0204803832637164,2024,2023-12-31,native_mse,20260911,0.003526524267675586,,1,0
rolling5_matched,3233,2024-05-24,2024-06-03,-0.0081155643048258,2024,2023-12-31,native_mse,20260911,0.011038726469197716,,1,0
rolling5_matched,3238,2024-05-31,2024-06-11,-0.0060267570121149,2024,2023-12-31,native_mse,20260911,-0.007654298565301309,,0,0
rolling5_matched,3243,2024-06-07,2024-06-17,-0.0096686558937179,2024,2023-12-31,native_mse,20260911,0.00023716529825758932,,1,0
rolling5_matched,3247,2024-06-14,2024-06-24,-0.013573992457631,2024,2023-12-31,native_mse,20260911,0.016406030127579973,,1,0
rolling5_matched,3252,2024-06-21,2024-07-01,-0.004427632109257,2024,2023-12-31,native_mse,20260911,-0.0009963999810484758,,0,0
rolling5_matched,3257,2024-06-28,2024-07-08,-0.0108320369203009,2024,2023-12-31,native_mse,20260911,0.004598061083735111,,1,0
rolling5_matched,3262,2024-07-05,2024-07-15,0.0122222871842843,2024,2023-12-31,native_mse,20260911,0.0033320748188861724,,1,1
rolling5_matched,3267,2024-07-12,2024-07-22,0.0218881133018156,2024,2023-12-31,native_mse,20260911,0.005304252105550284,,1,1
rolling5_matched,3272,2024-07-19,2024-07-29,-0.0378787022382998,2024,2023-12-31,native_mse,20260911,0.006317709091366921,,1,0
rolling5_matched,3277,2024-07-26,2024-08-05,-0.0124134568216732,2024,2023-12-31,native_mse,20260911,0.006151688865576996,,1,0
rolling5_matched,3282,2024-08-02,2024-08-12,-0.0102762848330364,2024,2023-12-31,native_mse,20260911,-0.01768768720026341,,0,0
rolling5_matched,3287,2024-08-09,2024-08-19,0.0050186923751938,2024,2023-12-31,native_mse,20260911,0.009451772872276915,,1,1
rolling5_matched,3292,2024-08-16,2024-08-26,-0.0040487282687352,2024,2023-12-31,native_mse,20260911,-0.016442094735756647,,0,0
rolling5_matched,3297,2024-08-23,2024-09-02,-0.0069594562136714,2024,2023-12-31,native_mse,20260911,-0.0060986947860202315,,0,0
rolling5_matched,3302,2024-08-30,2024-09-09,-0.0280389655151561,2024,2023-12-31,native_mse,20260911,-0.02400404285706221,,0,0
rolling5_matched,3307,2024-09-06,2024-09-18,-0.0174132138857783,2024,2023-12-31,native_mse,20260911,-0.03344862438107684,,0,0
rolling5_matched,3312,2024-09-13,2024-09-24,0.0133119329369826,2024,2023-12-31,native_mse,20260911,-0.01362998915177613,,0,1
rolling5_matched,3315,2024-09-20,2024-09-30,0.2017513988384409,2024,2023-12-31,native_mse,20260911,0.004796747093963261,,1,1
rolling5_matched,3320,2024-09-27,2024-10-14,0.0178259004588408,2024,2023-12-31,native_mse,20260911,-0.007913347489427746,,0,1
rolling5_matched,3325,2024-10-11,2024-10-21,0.0080914993282625,2024,2023-12-31,native_mse,20260911,-0.000741256374695565,,0,1
rolling5_matched,3330,2024-10-18,2024-10-28,0.0015733867085561,2024,2023-12-31,native_mse,20260911,-0.015519460340899321,,0,1
rolling5_matched,3335,2024-10-25,2024-11-04,-0.0140142824257356,2024,2023-12-31,native_mse,20260911,0.0020884026668514005,,1,0
rolling5_matched,3340,2024-11-01,2024-11-11,0.0434152361258277,2024,2023-12-31,native_mse,20260911,-0.009215400416197285,,0,1
rolling5_matched,3345,2024-11-08,2024-11-18,-0.0208584853931589,2024,2023-12-31,native_mse,20260911,0.013708161434923514,,1,0
rolling5_matched,3350,2024-11-15,2024-11-25,-0.0267421712161923,2024,2023-12-31,native_mse,20260911,0.0013696337518878088,,1,0
rolling5_matched,3355,2024-11-22,2024-12-02,0.0087960346887328,2024,2023-12-31,native_mse,20260911,-0.0030883167345827165,,0,1
rolling5_matched,3360,2024-11-29,2024-12-09,0.0155919891551781,2024,2023-12-31,native_mse,20260911,0.003321601950568788,,1,1
rolling5_matched,3365,2024-12-06,2024-12-16,-0.0100436703218104,2024,2023-12-31,native_mse,20260911,0.011871789956512977,,1,0
rolling5_matched,3370,2024-12-13,2024-12-23,-0.0006690784017421,2024,2023-12-31,native_mse,20260911,-0.023924223369953597,,0,0
rolling5_matched,3375,2024-12-20,2024-12-30,0.0123595076562756,2024,2023-12-31,native_mse,20260911,-0.03201436960988708,,0,1
rolling5_matched,3380,2024-12-27,2025-01-06,-0.0504714964669198,2024,2023-12-31,native_mse,20260911,-0.00837455086023227,,0,0
rolling5_matched,3144,2024-01-05,2024-01-15,-0.0158038409563566,2024,2023-12-31,learned_market,20260912,0.4751697816179956,0.4751697816179956,0,0
rolling5_matched,3149,2024-01-12,2024-01-22,-0.002333261979756,2024,2023-12-31,learned_market,20260912,0.8322170531232692,0.8322170531232692,1,0
rolling5_matched,3154,2024-01-19,2024-01-29,0.0223511633823452,2024,2023-12-31,learned_market,20260912,0.8799368959845585,0.8799368959845585,1,1
rolling5_matched,3159,2024-01-26,2024-02-05,-0.0513103415192826,2024,2023-12-31,learned_market,20260912,0.7597326517571831,0.7597326517571831,1,0
rolling5_matched,3164,2024-02-02,2024-02-26,0.1015374891364462,2024,2023-12-31,learned_market,20260912,0.9501173398172128,0.9501173398172128,1,1
rolling5_matched,3173,2024-02-23,2024-03-04,0.0151569053862528,2024,2023-12-31,learned_market,20260912,0.4342621697574788,0.4342621697574788,0,1
rolling5_matched,3178,2024-03-01,2024-03-11,0.0021394031715169,2024,2023-12-31,learned_market,20260912,0.4643176497098513,0.4643176497098513,0,1
rolling5_matched,3183,2024-03-08,2024-03-18,0.0087762342284414,2024,2023-12-31,learned_market,20260912,0.6764181824156995,0.6764181824156995,1,1
rolling5_matched,3188,2024-03-15,2024-03-25,-0.0112802133595746,2024,2023-12-31,learned_market,20260912,0.30106428619984904,0.30106428619984904,0,0
rolling5_matched,3193,2024-03-22,2024-04-01,0.0042044725182444,2024,2023-12-31,learned_market,20260912,0.5151057110691082,0.5151057110691082,1,1
rolling5_matched,3198,2024-03-29,2024-04-15,-0.0219845815102011,2024,2023-12-31,learned_market,20260912,0.5700882347316849,0.5700882347316849,1,0
rolling5_matched,3206,2024-04-12,2024-04-22,0.018045199366633,2024,2023-12-31,learned_market,20260912,0.8332966707024878,0.8332966707024878,1,1
rolling5_matched,3211,2024-04-19,2024-04-29,0.0136757744232476,2024,2023-12-31,learned_market,20260912,0.8677906359686747,0.8677906359686747,1,1
rolling5_matched,3216,2024-04-26,2024-05-13,0.0172434956786644,2024,2023-12-31,learned_market,20260912,0.7043447578421086,0.7043447578421086,1,1
rolling5_matched,3223,2024-05-10,2024-05-20,0.0097933549988344,2024,2023-12-31,learned_market,20260912,0.24832983514497167,0.24832983514497167,0,1
rolling5_matched,3228,2024-05-17,2024-05-27,-0.0204803832637164,2024,2023-12-31,learned_market,20260912,0.06784121819808304,0.06784121819808304,0,0
rolling5_matched,3233,2024-05-24,2024-06-03,-0.0081155643048258,2024,2023-12-31,learned_market,20260912,0.38650607261756137,0.38650607261756137,0,0
rolling5_matched,3238,2024-05-31,2024-06-11,-0.0060267570121149,2024,2023-12-31,learned_market,20260912,0.5767175683765255,0.5767175683765255,1,0
rolling5_matched,3243,2024-06-07,2024-06-17,-0.0096686558937179,2024,2023-12-31,learned_market,20260912,0.30563314007894254,0.30563314007894254,0,0
rolling5_matched,3247,2024-06-14,2024-06-24,-0.013573992457631,2024,2023-12-31,learned_market,20260912,0.580692162438608,0.580692162438608,1,0
rolling5_matched,3252,2024-06-21,2024-07-01,-0.004427632109257,2024,2023-12-31,learned_market,20260912,0.6922517491849192,0.6922517491849192,1,0
rolling5_matched,3257,2024-06-28,2024-07-08,-0.0108320369203009,2024,2023-12-31,learned_market,20260912,0.623453491518214,0.623453491518214,1,0
rolling5_matched,3262,2024-07-05,2024-07-15,0.0122222871842843,2024,2023-12-31,learned_market,20260912,0.6351420146861094,0.6351420146861094,1,1
rolling5_matched,3267,2024-07-12,2024-07-22,0.0218881133018156,2024,2023-12-31,learned_market,20260912,0.26308313662264676,0.26308313662264676,0,1
rolling5_matched,3272,2024-07-19,2024-07-29,-0.0378787022382998,2024,2023-12-31,learned_market,20260912,0.13785711627551894,0.13785711627551894,0,0
rolling5_matched,3277,2024-07-26,2024-08-05,-0.0124134568216732,2024,2023-12-31,learned_market,20260912,0.49949386617807423,0.49949386617807423,0,0
rolling5_matched,3282,2024-08-02,2024-08-12,-0.0102762848330364,2024,2023-12-31,learned_market,20260912,0.8636154443220058,0.8636154443220058,1,0
rolling5_matched,3287,2024-08-09,2024-08-19,0.0050186923751938,2024,2023-12-31,learned_market,20260912,0.8004448302659357,0.8004448302659357,1,1
rolling5_matched,3292,2024-08-16,2024-08-26,-0.0040487282687352,2024,2023-12-31,learned_market,20260912,0.24831598523217457,0.24831598523217457,0,0
rolling5_matched,3297,2024-08-23,2024-09-02,-0.0069594562136714,2024,2023-12-31,learned_market,20260912,0.14907972159720514,0.14907972159720514,0,0
rolling5_matched,3302,2024-08-30,2024-09-09,-0.0280389655151561,2024,2023-12-31,learned_market,20260912,0.2217518335848531,0.2217518335848531,0,0
rolling5_matched,3307,2024-09-06,2024-09-18,-0.0174132138857783,2024,2023-12-31,learned_market,20260912,0.15049547723396334,0.15049547723396334,0,0
rolling5_matched,3312,2024-09-13,2024-09-24,0.0133119329369826,2024,2023-12-31,learned_market,20260912,0.21031957374224444,0.21031957374224444,0,1
rolling5_matched,3315,2024-09-20,2024-09-30,0.2017513988384409,2024,2023-12-31,learned_market,20260912,0.37637731773754934,0.37637731773754934,0,1
rolling5_matched,3320,2024-09-27,2024-10-14,0.0178259004588408,2024,2023-12-31,learned_market,20260912,0.5024303387151642,0.5024303387151642,1,1
rolling5_matched,3325,2024-10-11,2024-10-21,0.0080914993282625,2024,2023-12-31,learned_market,20260912,0.7653651864648425,0.7653651864648425,1,1
rolling5_matched,3330,2024-10-18,2024-10-28,0.0015733867085561,2024,2023-12-31,learned_market,20260912,0.542507863017868,0.542507863017868,1,1
rolling5_matched,3335,2024-10-25,2024-11-04,-0.0140142824257356,2024,2023-12-31,learned_market,20260912,0.4651881783081157,0.4651881783081157,0,0
rolling5_matched,3340,2024-11-01,2024-11-11,0.0434152361258277,2024,2023-12-31,learned_market,20260912,0.8926267162980378,0.8926267162980378,1,1
rolling5_matched,3345,2024-11-08,2024-11-18,-0.0208584853931589,2024,2023-12-31,learned_market,20260912,0.37295277930754295,0.37295277930754295,0,0
rolling5_matched,3350,2024-11-15,2024-11-25,-0.0267421712161923,2024,2023-12-31,learned_market,20260912,0.6575778780570075,0.6575778780570075,1,0
rolling5_matched,3355,2024-11-22,2024-12-02,0.0087960346887328,2024,2023-12-31,learned_market,20260912,0.580411368297152,0.580411368297152,1,1
rolling5_matched,3360,2024-11-29,2024-12-09,0.0155919891551781,2024,2023-12-31,learned_market,20260912,0.7473369692854382,0.7473369692854382,1,1
rolling5_matched,3365,2024-12-06,2024-12-16,-0.0100436703218104,2024,2023-12-31,learned_market,20260912,0.8133493540832021,0.8133493540832021,1,0
rolling5_matched,3370,2024-12-13,2024-12-23,-0.0006690784017421,2024,2023-12-31,learned_market,20260912,0.7901036356020777,0.7901036356020777,1,0
rolling5_matched,3375,2024-12-20,2024-12-30,0.0123595076562756,2024,2023-12-31,learned_market,20260912,0.3807504664700941,0.3807504664700941,0,1
rolling5_matched,3380,2024-12-27,2025-01-06,-0.0504714964669198,2024,2023-12-31,learned_market,20260912,0.1838585400417484,0.1838585400417484,0,0
rolling5_matched,3144,2024-01-05,2024-01-15,-0.0158038409563566,2024,2023-12-31,learned_vol_interaction,20260912,0.4831540010723292,0.4831540010723292,0,0
rolling5_matched,3149,2024-01-12,2024-01-22,-0.002333261979756,2024,2023-12-31,learned_vol_interaction,20260912,0.8252649413699622,0.8252649413699622,1,0
rolling5_matched,3154,2024-01-19,2024-01-29,0.0223511633823452,2024,2023-12-31,learned_vol_interaction,20260912,0.8759667720182829,0.8759667720182829,1,1
rolling5_matched,3159,2024-01-26,2024-02-05,-0.0513103415192826,2024,2023-12-31,learned_vol_interaction,20260912,0.7582623781458896,0.7582623781458896,1,0
rolling5_matched,3164,2024-02-02,2024-02-26,0.1015374891364462,2024,2023-12-31,learned_vol_interaction,20260912,0.9504976110252351,0.9504976110252351,1,1
rolling5_matched,3173,2024-02-23,2024-03-04,0.0151569053862528,2024,2023-12-31,learned_vol_interaction,20260912,0.4322715740515207,0.4322715740515207,0,1
rolling5_matched,3178,2024-03-01,2024-03-11,0.0021394031715169,2024,2023-12-31,learned_vol_interaction,20260912,0.4665713205041699,0.4665713205041699,0,1
rolling5_matched,3183,2024-03-08,2024-03-18,0.0087762342284414,2024,2023-12-31,learned_vol_interaction,20260912,0.677489760790563,0.677489760790563,1,1
rolling5_matched,3188,2024-03-15,2024-03-25,-0.0112802133595746,2024,2023-12-31,learned_vol_interaction,20260912,0.3023875479865873,0.3023875479865873,0,0
rolling5_matched,3193,2024-03-22,2024-04-01,0.0042044725182444,2024,2023-12-31,learned_vol_interaction,20260912,0.5149432479399418,0.5149432479399418,1,1
rolling5_matched,3198,2024-03-29,2024-04-15,-0.0219845815102011,2024,2023-12-31,learned_vol_interaction,20260912,0.5684958075272665,0.5684958075272665,1,0
rolling5_matched,3206,2024-04-12,2024-04-22,0.018045199366633,2024,2023-12-31,learned_vol_interaction,20260912,0.8212688223800966,0.8212688223800966,1,1
rolling5_matched,3211,2024-04-19,2024-04-29,0.0136757744232476,2024,2023-12-31,learned_vol_interaction,20260912,0.8653090657095578,0.8653090657095578,1,1
rolling5_matched,3216,2024-04-26,2024-05-13,0.0172434956786644,2024,2023-12-31,learned_vol_interaction,20260912,0.7066776420119316,0.7066776420119316,1,1
rolling5_matched,3223,2024-05-10,2024-05-20,0.0097933549988344,2024,2023-12-31,learned_vol_interaction,20260912,0.25336571036069716,0.25336571036069716,0,1
rolling5_matched,3228,2024-05-17,2024-05-27,-0.0204803832637164,2024,2023-12-31,learned_vol_interaction,20260912,0.07339824068842142,0.07339824068842142,0,0
rolling5_matched,3233,2024-05-24,2024-06-03,-0.0081155643048258,2024,2023-12-31,learned_vol_interaction,20260912,0.39132587237006616,0.39132587237006616,0,0
rolling5_matched,3238,2024-05-31,2024-06-11,-0.0060267570121149,2024,2023-12-31,learned_vol_interaction,20260912,0.5718977056479416,0.5718977056479416,1,0
rolling5_matched,3243,2024-06-07,2024-06-17,-0.0096686558937179,2024,2023-12-31,learned_vol_interaction,20260912,0.31638585899089117,0.31638585899089117,0,0
rolling5_matched,3247,2024-06-14,2024-06-24,-0.013573992457631,2024,2023-12-31,learned_vol_interaction,20260912,0.5739453025104333,0.5739453025104333,1,0
rolling5_matched,3252,2024-06-21,2024-07-01,-0.004427632109257,2024,2023-12-31,learned_vol_interaction,20260912,0.6811865777152171,0.6811865777152171,1,0
rolling5_matched,3257,2024-06-28,2024-07-08,-0.0108320369203009,2024,2023-12-31,learned_vol_interaction,20260912,0.6184545725560712,0.6184545725560712,1,0
rolling5_matched,3262,2024-07-05,2024-07-15,0.0122222871842843,2024,2023-12-31,learned_vol_interaction,20260912,0.625193098869969,0.625193098869969,1,1
rolling5_matched,3267,2024-07-12,2024-07-22,0.0218881133018156,2024,2023-12-31,learned_vol_interaction,20260912,0.2729369600696815,0.2729369600696815,0,1
rolling5_matched,3272,2024-07-19,2024-07-29,-0.0378787022382998,2024,2023-12-31,learned_vol_interaction,20260912,0.15338320924348392,0.15338320924348392,0,0
rolling5_matched,3277,2024-07-26,2024-08-05,-0.0124134568216732,2024,2023-12-31,learned_vol_interaction,20260912,0.4998960448986946,0.4998960448986946,0,0
rolling5_matched,3282,2024-08-02,2024-08-12,-0.0102762848330364,2024,2023-12-31,learned_vol_interaction,20260912,0.8607134123732025,0.8607134123732025,1,0
rolling5_matched,3287,2024-08-09,2024-08-19,0.0050186923751938,2024,2023-12-31,learned_vol_interaction,20260912,0.7988236226968598,0.7988236226968598,1,1
rolling5_matched,3292,2024-08-16,2024-08-26,-0.0040487282687352,2024,2023-12-31,learned_vol_interaction,20260912,0.2620209050751242,0.2620209050751242,0,0
rolling5_matched,3297,2024-08-23,2024-09-02,-0.0069594562136714,2024,2023-12-31,learned_vol_interaction,20260912,0.1635685435519672,0.1635685435519672,0,0
rolling5_matched,3302,2024-08-30,2024-09-09,-0.0280389655151561,2024,2023-12-31,learned_vol_interaction,20260912,0.24050665681109903,0.24050665681109903,0,0
rolling5_matched,3307,2024-09-06,2024-09-18,-0.0174132138857783,2024,2023-12-31,learned_vol_interaction,20260912,0.1622557170749257,0.1622557170749257,0,0
rolling5_matched,3312,2024-09-13,2024-09-24,0.0133119329369826,2024,2023-12-31,learned_vol_interaction,20260912,0.2270162343829726,0.2270162343829726,0,1
rolling5_matched,3315,2024-09-20,2024-09-30,0.2017513988384409,2024,2023-12-31,learned_vol_interaction,20260912,0.38897059406847473,0.38897059406847473,0,1
rolling5_matched,3320,2024-09-27,2024-10-14,0.0178259004588408,2024,2023-12-31,learned_vol_interaction,20260912,0.5012202836266629,0.5012202836266629,1,1
rolling5_matched,3325,2024-10-11,2024-10-21,0.0080914993282625,2024,2023-12-31,learned_vol_interaction,20260912,0.78566098409988,0.78566098409988,1,1
rolling5_matched,3330,2024-10-18,2024-10-28,0.0015733867085561,2024,2023-12-31,learned_vol_interaction,20260912,0.5328505295401336,0.5328505295401336,1,1
rolling5_matched,3335,2024-10-25,2024-11-04,-0.0140142824257356,2024,2023-12-31,learned_vol_interaction,20260912,0.4443541240646308,0.4443541240646308,0,0
rolling5_matched,3340,2024-11-01,2024-11-11,0.0434152361258277,2024,2023-12-31,learned_vol_interaction,20260912,0.9192941025056283,0.9192941025056283,1,1
rolling5_matched,3345,2024-11-08,2024-11-18,-0.0208584853931589,2024,2023-12-31,learned_vol_interaction,20260912,0.3702949938541776,0.3702949938541776,0,0
rolling5_matched,3350,2024-11-15,2024-11-25,-0.0267421712161923,2024,2023-12-31,learned_vol_interaction,20260912,0.663952418256238,0.663952418256238,1,0
rolling5_matched,3355,2024-11-22,2024-12-02,0.0087960346887328,2024,2023-12-31,learned_vol_interaction,20260912,0.5882863037731338,0.5882863037731338,1,1
rolling5_matched,3360,2024-11-29,2024-12-09,0.0155919891551781,2024,2023-12-31,learned_vol_interaction,20260912,0.7600360535195421,0.7600360535195421,1,1
rolling5_matched,3365,2024-12-06,2024-12-16,-0.0100436703218104,2024,2023-12-31,learned_vol_interaction,20260912,0.8180461535349118,0.8180461535349118,1,0
rolling5_matched,3370,2024-12-13,2024-12-23,-0.0006690784017421,2024,2023-12-31,learned_vol_interaction,20260912,0.7929554300240707,0.7929554300240707,1,0
rolling5_matched,3375,2024-12-20,2024-12-30,0.0123595076562756,2024,2023-12-31,learned_vol_interaction,20260912,0.3818555350973104,0.3818555350973104,0,1
rolling5_matched,3380,2024-12-27,2025-01-06,-0.0504714964669198,2024,2023-12-31,learned_vol_interaction,20260912,0.19517715485359027,0.19517715485359027,0,0
rolling5_matched,3144,2024-01-05,2024-01-15,-0.0158038409563566,2024,2023-12-31,learned_order_extension,20260912,0.4986811374246345,0.4986811374246345,0,0
rolling5_matched,3149,2024-01-12,2024-01-22,-0.002333261979756,2024,2023-12-31,learned_order_extension,20260912,0.8210260351999331,0.8210260351999331,1,0
rolling5_matched,3154,2024-01-19,2024-01-29,0.0223511633823452,2024,2023-12-31,learned_order_extension,20260912,0.8863281022234336,0.8863281022234336,1,1
rolling5_matched,3159,2024-01-26,2024-02-05,-0.0513103415192826,2024,2023-12-31,learned_order_extension,20260912,0.7639455881527224,0.7639455881527224,1,0
rolling5_matched,3164,2024-02-02,2024-02-26,0.1015374891364462,2024,2023-12-31,learned_order_extension,20260912,0.9550280655984659,0.9550280655984659,1,1
rolling5_matched,3173,2024-02-23,2024-03-04,0.0151569053862528,2024,2023-12-31,learned_order_extension,20260912,0.4327275930568405,0.4327275930568405,0,1
rolling5_matched,3178,2024-03-01,2024-03-11,0.0021394031715169,2024,2023-12-31,learned_order_extension,20260912,0.4630039509059674,0.4630039509059674,0,1
rolling5_matched,3183,2024-03-08,2024-03-18,0.0087762342284414,2024,2023-12-31,learned_order_extension,20260912,0.6547272126094199,0.6547272126094199,1,1
rolling5_matched,3188,2024-03-15,2024-03-25,-0.0112802133595746,2024,2023-12-31,learned_order_extension,20260912,0.3025909946916925,0.3025909946916925,0,0
rolling5_matched,3193,2024-03-22,2024-04-01,0.0042044725182444,2024,2023-12-31,learned_order_extension,20260912,0.4992439906416755,0.4992439906416755,0,1
rolling5_matched,3198,2024-03-29,2024-04-15,-0.0219845815102011,2024,2023-12-31,learned_order_extension,20260912,0.5581827036452927,0.5581827036452927,1,0
rolling5_matched,3206,2024-04-12,2024-04-22,0.018045199366633,2024,2023-12-31,learned_order_extension,20260912,0.789421163973398,0.789421163973398,1,1
rolling5_matched,3211,2024-04-19,2024-04-29,0.0136757744232476,2024,2023-12-31,learned_order_extension,20260912,0.8349903653450553,0.8349903653450553,1,1
rolling5_matched,3216,2024-04-26,2024-05-13,0.0172434956786644,2024,2023-12-31,learned_order_extension,20260912,0.6740320103488834,0.6740320103488834,1,1
rolling5_matched,3223,2024-05-10,2024-05-20,0.0097933549988344,2024,2023-12-31,learned_order_extension,20260912,0.27702082055138794,0.27702082055138794,0,1
rolling5_matched,3228,2024-05-17,2024-05-27,-0.0204803832637164,2024,2023-12-31,learned_order_extension,20260912,0.09458193217823416,0.09458193217823416,0,0
rolling5_matched,3233,2024-05-24,2024-06-03,-0.0081155643048258,2024,2023-12-31,learned_order_extension,20260912,0.4054126872751122,0.4054126872751122,0,0
rolling5_matched,3238,2024-05-31,2024-06-11,-0.0060267570121149,2024,2023-12-31,learned_order_extension,20260912,0.5715618832063892,0.5715618832063892,1,0
rolling5_matched,3243,2024-06-07,2024-06-17,-0.0096686558937179,2024,2023-12-31,learned_order_extension,20260912,0.3200525372379232,0.3200525372379232,0,0
rolling5_matched,3247,2024-06-14,2024-06-24,-0.013573992457631,2024,2023-12-31,learned_order_extension,20260912,0.5695216462193572,0.5695216462193572,1,0
rolling5_matched,3252,2024-06-21,2024-07-01,-0.004427632109257,2024,2023-12-31,learned_order_extension,20260912,0.6751762531810303,0.6751762531810303,1,0
rolling5_matched,3257,2024-06-28,2024-07-08,-0.0108320369203009,2024,2023-12-31,learned_order_extension,20260912,0.616140589995573,0.616140589995573,1,0
rolling5_matched,3262,2024-07-05,2024-07-15,0.0122222871842843,2024,2023-12-31,learned_order_extension,20260912,0.6224784676977054,0.6224784676977054,1,1
rolling5_matched,3267,2024-07-12,2024-07-22,0.0218881133018156,2024,2023-12-31,learned_order_extension,20260912,0.2813286248605569,0.2813286248605569,0,1
rolling5_matched,3272,2024-07-19,2024-07-29,-0.0378787022382998,2024,2023-12-31,learned_order_extension,20260912,0.17176515134562992,0.17176515134562992,0,0
rolling5_matched,3277,2024-07-26,2024-08-05,-0.0124134568216732,2024,2023-12-31,learned_order_extension,20260912,0.508427910142543,0.508427910142543,1,0
rolling5_matched,3282,2024-08-02,2024-08-12,-0.0102762848330364,2024,2023-12-31,learned_order_extension,20260912,0.8573634593912567,0.8573634593912567,1,0
rolling5_matched,3287,2024-08-09,2024-08-19,0.0050186923751938,2024,2023-12-31,learned_order_extension,20260912,0.7976910141385575,0.7976910141385575,1,1
rolling5_matched,3292,2024-08-16,2024-08-26,-0.0040487282687352,2024,2023-12-31,learned_order_extension,20260912,0.27414159970893337,0.27414159970893337,0,0
rolling5_matched,3297,2024-08-23,2024-09-02,-0.0069594562136714,2024,2023-12-31,learned_order_extension,20260912,0.18693564065449736,0.18693564065449736,0,0
rolling5_matched,3302,2024-08-30,2024-09-09,-0.0280389655151561,2024,2023-12-31,learned_order_extension,20260912,0.254856460032836,0.254856460032836,0,0
rolling5_matched,3307,2024-09-06,2024-09-18,-0.0174132138857783,2024,2023-12-31,learned_order_extension,20260912,0.17419263646381178,0.17419263646381178,0,0
rolling5_matched,3312,2024-09-13,2024-09-24,0.0133119329369826,2024,2023-12-31,learned_order_extension,20260912,0.23522253496796242,0.23522253496796242,0,1
rolling5_matched,3315,2024-09-20,2024-09-30,0.2017513988384409,2024,2023-12-31,learned_order_extension,20260912,0.401967355532494,0.401967355532494,0,1
rolling5_matched,3320,2024-09-27,2024-10-14,0.0178259004588408,2024,2023-12-31,learned_order_extension,20260912,0.5196830019108922,0.5196830019108922,1,1
rolling5_matched,3325,2024-10-11,2024-10-21,0.0080914993282625,2024,2023-12-31,learned_order_extension,20260912,0.7611628623353581,0.7611628623353581,1,1
rolling5_matched,3330,2024-10-18,2024-10-28,0.0015733867085561,2024,2023-12-31,learned_order_extension,20260912,0.5355732993614083,0.5355732993614083,1,1
rolling5_matched,3335,2024-10-25,2024-11-04,-0.0140142824257356,2024,2023-12-31,learned_order_extension,20260912,0.43978378877979596,0.43978378877979596,0,0
rolling5_matched,3340,2024-11-01,2024-11-11,0.0434152361258277,2024,2023-12-31,learned_order_extension,20260912,0.906960636028981,0.906960636028981,1,1
rolling5_matched,3345,2024-11-08,2024-11-18,-0.0208584853931589,2024,2023-12-31,learned_order_extension,20260912,0.3635095572388991,0.3635095572388991,0,0
rolling5_matched,3350,2024-11-15,2024-11-25,-0.0267421712161923,2024,2023-12-31,learned_order_extension,20260912,0.662901806996336,0.662901806996336,1,0
rolling5_matched,3355,2024-11-22,2024-12-02,0.0087960346887328,2024,2023-12-31,learned_order_extension,20260912,0.5912869840093639,0.5912869840093639,1,1
rolling5_matched,3360,2024-11-29,2024-12-09,0.0155919891551781,2024,2023-12-31,learned_order_extension,20260912,0.7743023883972661,0.7743023883972661,1,1
rolling5_matched,3365,2024-12-06,2024-12-16,-0.0100436703218104,2024,2023-12-31,learned_order_extension,20260912,0.8129421096210537,0.8129421096210537,1,0
rolling5_matched,3370,2024-12-13,2024-12-23,-0.0006690784017421,2024,2023-12-31,learned_order_extension,20260912,0.7970567851348067,0.7970567851348067,1,0
rolling5_matched,3375,2024-12-20,2024-12-30,0.0123595076562756,2024,2023-12-31,learned_order_extension,20260912,0.38255048782897333,0.38255048782897333,0,1
rolling5_matched,3380,2024-12-27,2025-01-06,-0.0504714964669198,2024,2023-12-31,learned_order_extension,20260912,0.17701252270810838,0.17701252270810838,0,0
rolling5_matched,3144,2024-01-05,2024-01-15,-0.0158038409563566,2024,2023-12-31,learned_order_offset,20260912,0.4982256119967475,0.4982256119967475,0,0
rolling5_matched,3149,2024-01-12,2024-01-22,-0.002333261979756,2024,2023-12-31,learned_order_offset,20260912,0.8201404988267026,0.8201404988267026,1,0
rolling5_matched,3154,2024-01-19,2024-01-29,0.0223511633823452,2024,2023-12-31,learned_order_offset,20260912,0.8856914123110601,0.8856914123110601,1,1
rolling5_matched,3159,2024-01-26,2024-02-05,-0.0513103415192826,2024,2023-12-31,learned_order_offset,20260912,0.7628023032928272,0.7628023032928272,1,0
rolling5_matched,3164,2024-02-02,2024-02-26,0.1015374891364462,2024,2023-12-31,learned_order_offset,20260912,0.9540694999991043,0.9540694999991043,1,1
rolling5_matched,3173,2024-02-23,2024-03-04,0.0151569053862528,2024,2023-12-31,learned_order_offset,20260912,0.4320299005806518,0.4320299005806518,0,1
rolling5_matched,3178,2024-03-01,2024-03-11,0.0021394031715169,2024,2023-12-31,learned_order_offset,20260912,0.460957143309452,0.460957143309452,0,1
rolling5_matched,3183,2024-03-08,2024-03-18,0.0087762342284414,2024,2023-12-31,learned_order_offset,20260912,0.6530361812263537,0.6530361812263537,1,1
rolling5_matched,3188,2024-03-15,2024-03-25,-0.0112802133595746,2024,2023-12-31,learned_order_offset,20260912,0.3021620647398468,0.3021620647398468,0,0
rolling5_matched,3193,2024-03-22,2024-04-01,0.0042044725182444,2024,2023-12-31,learned_order_offset,20260912,0.5001841750257894,0.5001841750257894,1,1
rolling5_matched,3198,2024-03-29,2024-04-15,-0.0219845815102011,2024,2023-12-31,learned_order_offset,20260912,0.5562904082870548,0.5562904082870548,1,0
rolling5_matched,3206,2024-04-12,2024-04-22,0.018045199366633,2024,2023-12-31,learned_order_offset,20260912,0.7888680021768854,0.7888680021768854,1,1
rolling5_matched,3211,2024-04-19,2024-04-29,0.0136757744232476,2024,2023-12-31,learned_order_offset,20260912,0.8334782469750822,0.8334782469750822,1,1
rolling5_matched,3216,2024-04-26,2024-05-13,0.0172434956786644,2024,2023-12-31,learned_order_offset,20260912,0.6723949726498663,0.6723949726498663,1,1
rolling5_matched,3223,2024-05-10,2024-05-20,0.0097933549988344,2024,2023-12-31,learned_order_offset,20260912,0.2775269376007219,0.2775269376007219,0,1
rolling5_matched,3228,2024-05-17,2024-05-27,-0.0204803832637164,2024,2023-12-31,learned_order_offset,20260912,0.09623457110094791,0.09623457110094791,0,0
rolling5_matched,3233,2024-05-24,2024-06-03,-0.0081155643048258,2024,2023-12-31,learned_order_offset,20260912,0.40658219736347223,0.40658219736347223,0,0
rolling5_matched,3238,2024-05-31,2024-06-11,-0.0060267570121149,2024,2023-12-31,learned_order_offset,20260912,0.5688203594116017,0.5688203594116017,1,0
rolling5_matched,3243,2024-06-07,2024-06-17,-0.0096686558937179,2024,2023-12-31,learned_order_offset,20260912,0.3202801390797734,0.3202801390797734,0,0
rolling5_matched,3247,2024-06-14,2024-06-24,-0.013573992457631,2024,2023-12-31,learned_order_offset,20260912,0.5675685201842038,0.5675685201842038,1,0
rolling5_matched,3252,2024-06-21,2024-07-01,-0.004427632109257,2024,2023-12-31,learned_order_offset,20260912,0.6707916852716431,0.6707916852716431,1,0
rolling5_matched,3257,2024-06-28,2024-07-08,-0.0108320369203009,2024,2023-12-31,learned_order_offset,20260912,0.6144286469704092,0.6144286469704092,1,0
rolling5_matched,3262,2024-07-05,2024-07-15,0.0122222871842843,2024,2023-12-31,learned_order_offset,20260912,0.620697373654589,0.620697373654589,1,1
rolling5_matched,3267,2024-07-12,2024-07-22,0.0218881133018156,2024,2023-12-31,learned_order_offset,20260912,0.285021639083575,0.285021639083575,0,1
rolling5_matched,3272,2024-07-19,2024-07-29,-0.0378787022382998,2024,2023-12-31,learned_order_offset,20260912,0.17390119336102355,0.17390119336102355,0,0
rolling5_matched,3277,2024-07-26,2024-08-05,-0.0124134568216732,2024,2023-12-31,learned_order_offset,20260912,0.5119968939390084,0.5119968939390084,1,0
rolling5_matched,3282,2024-08-02,2024-08-12,-0.0102762848330364,2024,2023-12-31,learned_order_offset,20260912,0.8568317477726809,0.8568317477726809,1,0
rolling5_matched,3287,2024-08-09,2024-08-19,0.0050186923751938,2024,2023-12-31,learned_order_offset,20260912,0.7957353685195708,0.7957353685195708,1,1
rolling5_matched,3292,2024-08-16,2024-08-26,-0.0040487282687352,2024,2023-12-31,learned_order_offset,20260912,0.27935525947999457,0.27935525947999457,0,0
rolling5_matched,3297,2024-08-23,2024-09-02,-0.0069594562136714,2024,2023-12-31,learned_order_offset,20260912,0.18763917999186938,0.18763917999186938,0,0
rolling5_matched,3302,2024-08-30,2024-09-09,-0.0280389655151561,2024,2023-12-31,learned_order_offset,20260912,0.2568125323015917,0.2568125323015917,0,0
rolling5_matched,3307,2024-09-06,2024-09-18,-0.0174132138857783,2024,2023-12-31,learned_order_offset,20260912,0.17624324393141572,0.17624324393141572,0,0
rolling5_matched,3312,2024-09-13,2024-09-24,0.0133119329369826,2024,2023-12-31,learned_order_offset,20260912,0.23533377261810043,0.23533377261810043,0,1
rolling5_matched,3315,2024-09-20,2024-09-30,0.2017513988384409,2024,2023-12-31,learned_order_offset,20260912,0.4019196934616333,0.4019196934616333,0,1
rolling5_matched,3320,2024-09-27,2024-10-14,0.0178259004588408,2024,2023-12-31,learned_order_offset,20260912,0.5221497465957701,0.5221497465957701,1,1
rolling5_matched,3325,2024-10-11,2024-10-21,0.0080914993282625,2024,2023-12-31,learned_order_offset,20260912,0.7635544877652019,0.7635544877652019,1,1
rolling5_matched,3330,2024-10-18,2024-10-28,0.0015733867085561,2024,2023-12-31,learned_order_offset,20260912,0.5366752886428042,0.5366752886428042,1,1
rolling5_matched,3335,2024-10-25,2024-11-04,-0.0140142824257356,2024,2023-12-31,learned_order_offset,20260912,0.4410036835864099,0.4410036835864099,0,0
rolling5_matched,3340,2024-11-01,2024-11-11,0.0434152361258277,2024,2023-12-31,learned_order_offset,20260912,0.9043263061682911,0.9043263061682911,1,1
rolling5_matched,3345,2024-11-08,2024-11-18,-0.0208584853931589,2024,2023-12-31,learned_order_offset,20260912,0.366234102585937,0.366234102585937,0,0
rolling5_matched,3350,2024-11-15,2024-11-25,-0.0267421712161923,2024,2023-12-31,learned_order_offset,20260912,0.6584452903867432,0.6584452903867432,1,0
rolling5_matched,3355,2024-11-22,2024-12-02,0.0087960346887328,2024,2023-12-31,learned_order_offset,20260912,0.5881976861715297,0.5881976861715297,1,1
rolling5_matched,3360,2024-11-29,2024-12-09,0.0155919891551781,2024,2023-12-31,learned_order_offset,20260912,0.7723283716574586,0.7723283716574586,1,1
rolling5_matched,3365,2024-12-06,2024-12-16,-0.0100436703218104,2024,2023-12-31,learned_order_offset,20260912,0.8090181270793869,0.8090181270793869,1,0
rolling5_matched,3370,2024-12-13,2024-12-23,-0.0006690784017421,2024,2023-12-31,learned_order_offset,20260912,0.79492874201856,0.79492874201856,1,0
rolling5_matched,3375,2024-12-20,2024-12-30,0.0123595076562756,2024,2023-12-31,learned_order_offset,20260912,0.38315303692162944,0.38315303692162944,0,1
rolling5_matched,3380,2024-12-27,2025-01-06,-0.0504714964669198,2024,2023-12-31,learned_order_offset,20260912,0.1790229930449446,0.1790229930449446,0,0
rolling5_matched,3144,2024-01-05,2024-01-15,-0.0158038409563566,2024,2023-12-31,native_mse,20260912,-0.006858521895805693,,0,0
rolling5_matched,3149,2024-01-12,2024-01-22,-0.002333261979756,2024,2023-12-31,native_mse,20260912,0.015590700664526285,,1,0
rolling5_matched,3154,2024-01-19,2024-01-29,0.0223511633823452,2024,2023-12-31,native_mse,20260912,0.019953036428452618,,1,1
rolling5_matched,3159,2024-01-26,2024-02-05,-0.0513103415192826,2024,2023-12-31,native_mse,20260912,0.014284772719156553,,1,0
rolling5_matched,3164,2024-02-02,2024-02-26,0.1015374891364462,2024,2023-12-31,native_mse,20260912,0.026830470539220625,,1,1
rolling5_matched,3173,2024-02-23,2024-03-04,0.0151569053862528,2024,2023-12-31,native_mse,20260912,-0.0010266322095853642,,0,1
rolling5_matched,3178,2024-03-01,2024-03-11,0.0021394031715169,2024,2023-12-31,native_mse,20260912,0.002119090201884846,,1,1
rolling5_matched,3183,2024-03-08,2024-03-18,0.0087762342284414,2024,2023-12-31,native_mse,20260912,0.0060621900209336665,,1,1
rolling5_matched,3188,2024-03-15,2024-03-25,-0.0112802133595746,2024,2023-12-31,native_mse,20260912,-0.004985575630148813,,0,0
rolling5_matched,3193,2024-03-22,2024-04-01,0.0042044725182444,2024,2023-12-31,native_mse,20260912,0.0030297899980356634,,1,1
rolling5_matched,3198,2024-03-29,2024-04-15,-0.0219845815102011,2024,2023-12-31,native_mse,20260912,0.007388772175756918,,1,0
rolling5_matched,3206,2024-04-12,2024-04-22,0.018045199366633,2024,2023-12-31,native_mse,20260912,0.023517138014257137,,1,1
rolling5_matched,3211,2024-04-19,2024-04-29,0.0136757744232476,2024,2023-12-31,native_mse,20260912,0.02628057329910751,,1,1
rolling5_matched,3216,2024-04-26,2024-05-13,0.0172434956786644,2024,2023-12-31,native_mse,20260912,0.012596134277636914,,1,1
rolling5_matched,3223,2024-05-10,2024-05-20,0.0097933549988344,2024,2023-12-31,native_mse,20260912,-0.011949507739055417,,0,1
rolling5_matched,3228,2024-05-17,2024-05-27,-0.0204803832637164,2024,2023-12-31,native_mse,20260912,-0.026064381730260162,,0,0
rolling5_matched,3233,2024-05-24,2024-06-03,-0.0081155643048258,2024,2023-12-31,native_mse,20260912,-0.005304883877756602,,0,0
rolling5_matched,3238,2024-05-31,2024-06-11,-0.0060267570121149,2024,2023-12-31,native_mse,20260912,0.005525330433215662,,1,0
rolling5_matched,3243,2024-06-07,2024-06-17,-0.0096686558937179,2024,2023-12-31,native_mse,20260912,-0.0038576708871396574,,0,0
rolling5_matched,3247,2024-06-14,2024-06-24,-0.013573992457631,2024,2023-12-31,native_mse,20260912,0.006220529406283924,,1,0
rolling5_matched,3252,2024-06-21,2024-07-01,-0.004427632109257,2024,2023-12-31,native_mse,20260912,0.011369452591772217,,1,0
rolling5_matched,3257,2024-06-28,2024-07-08,-0.0108320369203009,2024,2023-12-31,native_mse,20260912,0.006159983469000781,,1,0
rolling5_matched,3262,2024-07-05,2024-07-15,0.0122222871842843,2024,2023-12-31,native_mse,20260912,0.008743049822247077,,1,1
rolling5_matched,3267,2024-07-12,2024-07-22,0.0218881133018156,2024,2023-12-31,native_mse,20260912,-0.01113981719782779,,0,1
rolling5_matched,3272,2024-07-19,2024-07-29,-0.0378787022382998,2024,2023-12-31,native_mse,20260912,-0.019906734781167636,,0,0
rolling5_matched,3277,2024-07-26,2024-08-05,-0.0124134568216732,2024,2023-12-31,native_mse,20260912,0.0011723190863391494,,1,0
rolling5_matched,3282,2024-08-02,2024-08-12,-0.0102762848330364,2024,2023-12-31,native_mse,20260912,0.017257771008012984,,1,0
rolling5_matched,3287,2024-08-09,2024-08-19,0.0050186923751938,2024,2023-12-31,native_mse,20260912,0.01749512654293027,,1,1
rolling5_matched,3292,2024-08-16,2024-08-26,-0.0040487282687352,2024,2023-12-31,native_mse,20260912,-0.009947857545705013,,0,0
rolling5_matched,3297,2024-08-23,2024-09-02,-0.0069594562136714,2024,2023-12-31,native_mse,20260912,-0.020761086303886664,,0,0
rolling5_matched,3302,2024-08-30,2024-09-09,-0.0280389655151561,2024,2023-12-31,native_mse,20260912,-0.013505061565645326,,0,0
rolling5_matched,3307,2024-09-06,2024-09-18,-0.0174132138857783,2024,2023-12-31,native_mse,20260912,-0.02177056795627248,,0,0
rolling5_matched,3312,2024-09-13,2024-09-24,0.0133119329369826,2024,2023-12-31,native_mse,20260912,-0.011418545025585085,,0,1
rolling5_matched,3315,2024-09-20,2024-09-30,0.2017513988384409,2024,2023-12-31,native_mse,20260912,-0.002528583727688767,,0,1
rolling5_matched,3320,2024-09-27,2024-10-14,0.0178259004588408,2024,2023-12-31,native_mse,20260912,-0.005087599497930339,,0,1
rolling5_matched,3325,2024-10-11,2024-10-21,0.0080914993282625,2024,2023-12-31,native_mse,20260912,0.008480029249724418,,1,1
rolling5_matched,3330,2024-10-18,2024-10-28,0.0015733867085561,2024,2023-12-31,native_mse,20260912,-0.0018886060216388334,,0,1
rolling5_matched,3335,2024-10-25,2024-11-04,-0.0140142824257356,2024,2023-12-31,native_mse,20260912,-0.00045313426777426283,,0,0
rolling5_matched,3340,2024-11-01,2024-11-11,0.0434152361258277,2024,2023-12-31,native_mse,20260912,0.02092440990975252,,1,1
rolling5_matched,3345,2024-11-08,2024-11-18,-0.0208584853931589,2024,2023-12-31,native_mse,20260912,-0.005957741803334806,,0,0
rolling5_matched,3350,2024-11-15,2024-11-25,-0.0267421712161923,2024,2023-12-31,native_mse,20260912,0.01149947289571253,,1,0
rolling5_matched,3355,2024-11-22,2024-12-02,0.0087960346887328,2024,2023-12-31,native_mse,20260912,0.007922208366336692,,1,1
rolling5_matched,3360,2024-11-29,2024-12-09,0.0155919891551781,2024,2023-12-31,native_mse,20260912,0.012864718433500594,,1,1
rolling5_matched,3365,2024-12-06,2024-12-16,-0.0100436703218104,2024,2023-12-31,native_mse,20260912,0.020415336301773133,,1,0
rolling5_matched,3370,2024-12-13,2024-12-23,-0.0006690784017421,2024,2023-12-31,native_mse,20260912,0.016493123054081425,,1,0
rolling5_matched,3375,2024-12-20,2024-12-30,0.0123595076562756,2024,2023-12-31,native_mse,20260912,-0.005021320465714832,,0,1
rolling5_matched,3380,2024-12-27,2025-01-06,-0.0504714964669198,2024,2023-12-31,native_mse,20260912,-0.015065323228653768,,0,0
rolling5_matched,3384,2025-01-03,2025-01-13,-0.0189486730632231,2025,2024-12-31,learned_market,20260910,0.306542618939794,0.306542618939794,0,0
rolling5_matched,3389,2025-01-10,2025-01-20,0.0353251773547418,2025,2024-12-31,learned_market,20260910,0.3153362796119205,0.3153362796119205,0,1
rolling5_matched,3394,2025-01-17,2025-01-27,0.000432821422053,2025,2024-12-31,learned_market,20260910,0.546434702876194,0.546434702876194,1,1
rolling5_matched,3399,2025-01-24,2025-02-10,0.0159344898044284,2025,2024-12-31,learned_market,20260910,0.8419010697401866,0.8419010697401866,1,1
rolling5_matched,3403,2025-02-07,2025-02-17,0.0144454990892999,2025,2024-12-31,learned_market,20260910,0.5474229368922265,0.5474229368922265,1,1
rolling5_matched,3408,2025-02-14,2025-02-24,0.0045695818086644,2025,2024-12-31,learned_market,20260910,0.8591891133529042,0.8591891133529042,1,1
rolling5_matched,3413,2025-02-21,2025-03-03,-0.0183210488158531,2025,2024-12-31,learned_market,20260910,0.19128543079235116,0.19128543079235116,0,0
rolling5_matched,3418,2025-02-28,2025-03-10,0.0117650075646844,2025,2024-12-31,learned_market,20260910,0.2604782974844938,0.2604782974844938,0,1
rolling5_matched,3423,2025-03-07,2025-03-17,0.019023819058288,2025,2024-12-31,learned_market,20260910,0.018880507915914488,0.018880507915914488,0,1
rolling5_matched,3428,2025-03-14,2025-03-24,-0.0259983485216283,2025,2024-12-31,learned_market,20260910,0.3791008524074393,0.3791008524074393,0,0
rolling5_matched,3433,2025-03-21,2025-03-31,-0.0025867506275359,2025,2024-12-31,learned_market,20260910,0.2736511654859752,0.2736511654859752,0,0
rolling5_matched,3438,2025-03-28,2025-04-14,-0.0342910101946246,2025,2024-12-31,learned_market,20260910,0.6537325831982651,0.6537325831982651,1,0
rolling5_matched,3447,2025-04-11,2025-04-21,-0.0010339232881941,2025,2024-12-31,learned_market,20260910,0.19966207599896332,0.19966207599896332,0,0
rolling5_matched,3452,2025-04-18,2025-04-28,0.0048432383085554,2025,2024-12-31,learned_market,20260910,0.8211481093750232,0.8211481093750232,1,1
rolling5_matched,3457,2025-04-25,2025-05-12,0.02116527880118,2025,2024-12-31,learned_market,20260910,0.3213968620634096,0.3213968620634096,0,1
rolling5_matched,3464,2025-05-09,2025-05-19,0.0041484224873464,2025,2024-12-31,learned_market,20260910,0.02177064239913114,0.02177064239913114,0,1
rolling5_matched,3469,2025-05-16,2025-05-26,-0.0017462660042188,2025,2024-12-31,learned_market,20260910,0.14698504830117307,0.14698504830117307,0,0
rolling5_matched,3474,2025-05-23,2025-06-03,-0.0109216443615366,2025,2024-12-31,learned_market,20260910,0.11479379699934006,0.11479379699934006,0,0
rolling5_matched,3479,2025-05-30,2025-06-09,0.011566574321892,2025,2024-12-31,learned_market,20260910,0.4694665997970169,0.4694665997970169,0,1
rolling5_matched,3483,2025-06-06,2025-06-16,-0.0062354943524679,2025,2024-12-31,learned_market,20260910,0.6817666629352124,0.6817666629352124,1,0
rolling5_matched,3488,2025-06-13,2025-06-23,-0.005825691168304,2025,2024-12-31,learned_market,20260910,0.4580549543299175,0.4580549543299175,0,0
rolling5_matched,3493,2025-06-20,2025-06-30,0.0232670437490374,2025,2024-12-31,learned_market,20260910,0.6424358757335861,0.6424358757335861,1,1
rolling5_matched,3498,2025-06-27,2025-07-07,0.0145345648685946,2025,2024-12-31,learned_market,20260910,0.3834492347464452,0.3834492347464452,0,1
rolling5_matched,3503,2025-07-04,2025-07-14,0.0110426949002964,2025,2024-12-31,learned_market,20260910,0.4779957093027249,0.4779957093027249,0,1
rolling5_matched,3508,2025-07-11,2025-07-21,0.0120759671840067,2025,2024-12-31,learned_market,20260910,0.1782286715739134,0.1782286715739134,0,1
rolling5_matched,3513,2025-07-18,2025-07-28,0.0143570766898375,2025,2024-12-31,learned_market,20260910,0.6651126546716537,0.6651126546716537,1,1
rolling5_matched,3518,2025-07-25,2025-08-04,-0.0218642507630443,2025,2024-12-31,learned_market,20260910,0.09044261751360101,0.09044261751360101,0,0
rolling5_matched,3523,2025-08-01,2025-08-11,0.0179175520190988,2025,2024-12-31,learned_market,20260910,0.4159234665012623,0.4159234665012623,0,1
rolling5_matched,3528,2025-08-08,2025-08-18,0.026265786598999,2025,2024-12-31,learned_market,20260910,0.563479745021464,0.563479745021464,1,1
rolling5_matched,3533,2025-08-15,2025-08-25,0.0469483790671487,2025,2024-12-31,learned_market,20260910,0.8796676716914833,0.8796676716914833,1,1
rolling5_matched,3538,2025-08-22,2025-09-01,0.0227770368340847,2025,2024-12-31,learned_market,20260910,0.3266706459546011,0.3266706459546011,0,1
rolling5_matched,3543,2025-08-29,2025-09-08,-0.0110053842475337,2025,2024-12-31,learned_market,20260910,0.38347065708160016,0.38347065708160016,0,0
rolling5_matched,3548,2025-09-05,2025-09-15,0.0151594857594405,2025,2024-12-31,learned_market,20260910,0.4119227019213377,0.4119227019213377,0,1
rolling5_matched,3553,2025-09-12,2025-09-22,-0.0050409160971932,2025,2024-12-31,learned_market,20260910,0.24500080375537114,0.24500080375537114,0,0
rolling5_matched,3558,2025-09-19,2025-09-29,0.0095300784790881,2025,2024-12-31,learned_market,20260910,0.3722153126145062,0.3722153126145062,0,1
rolling5_matched,3563,2025-09-26,2025-10-13,-0.0140855274279203,2025,2024-12-31,learned_market,20260910,0.5782657958520949,0.5782657958520949,1,0
rolling5_matched,3567,2025-10-10,2025-10-20,0.015001547584321,2025,2024-12-31,learned_market,20260910,0.1429430323811613,0.1429430323811613,0,1
rolling5_matched,3572,2025-10-17,2025-10-27,0.0309637052897611,2025,2024-12-31,learned_market,20260910,0.053442280771395984,0.053442280771395984,0,1
rolling5_matched,3577,2025-10-24,2025-11-03,-0.013331545863497,2025,2024-12-31,learned_market,20260910,0.24103919029651918,0.24103919029651918,0,0
rolling5_matched,3582,2025-10-31,2025-11-10,0.0110832418536339,2025,2024-12-31,learned_market,20260910,0.5747473890455463,0.5747473890455463,1,1
rolling5_matched,3587,2025-11-07,2025-11-17,-0.0152107881197579,2025,2024-12-31,learned_market,20260910,0.5014865740683714,0.5014865740683714,1,0
rolling5_matched,3592,2025-11-14,2025-11-24,-0.031114557454173,2025,2024-12-31,learned_market,20260910,0.8278939173977542,0.8278939173977542,1,0
rolling5_matched,3597,2025-11-21,2025-12-01,0.0147613767448515,2025,2024-12-31,learned_market,20260910,0.3137319210543688,0.3137319210543688,0,1
rolling5_matched,3602,2025-11-28,2025-12-08,0.0118853804313106,2025,2024-12-31,learned_market,20260910,0.272437161015087,0.272437161015087,0,1
rolling5_matched,3607,2025-12-05,2025-12-15,-0.0093922675990717,2025,2024-12-31,learned_market,20260910,0.6184456509321516,0.6184456509321516,1,0
rolling5_matched,3612,2025-12-12,2025-12-22,0.0082791208791208,2025,2024-12-31,learned_market,20260910,0.42032005149227997,0.42032005149227997,0,1
rolling5_matched,3617,2025-12-19,2025-12-29,0.0153890755001995,2025,2024-12-31,learned_market,20260910,0.5706225697001855,0.5706225697001855,1,1
rolling5_matched,3622,2025-12-26,2026-01-12,0.0239101640737868,2025,2024-12-31,learned_market,20260910,0.26286538327921793,0.26286538327921793,0,1
rolling5_matched,3384,2025-01-03,2025-01-13,-0.0189486730632231,2025,2024-12-31,learned_vol_interaction,20260910,0.3092370727052561,0.3092370727052561,0,0
rolling5_matched,3389,2025-01-10,2025-01-20,0.0353251773547418,2025,2024-12-31,learned_vol_interaction,20260910,0.3134401130463954,0.3134401130463954,0,1
rolling5_matched,3394,2025-01-17,2025-01-27,0.000432821422053,2025,2024-12-31,learned_vol_interaction,20260910,0.5517975285206166,0.5517975285206166,1,1
rolling5_matched,3399,2025-01-24,2025-02-10,0.0159344898044284,2025,2024-12-31,learned_vol_interaction,20260910,0.8408892748182335,0.8408892748182335,1,1
rolling5_matched,3403,2025-02-07,2025-02-17,0.0144454990892999,2025,2024-12-31,learned_vol_interaction,20260910,0.546573421834985,0.546573421834985,1,1
rolling5_matched,3408,2025-02-14,2025-02-24,0.0045695818086644,2025,2024-12-31,learned_vol_interaction,20260910,0.8675386320084076,0.8675386320084076,1,1
rolling5_matched,3413,2025-02-21,2025-03-03,-0.0183210488158531,2025,2024-12-31,learned_vol_interaction,20260910,0.19054695006957334,0.19054695006957334,0,0
rolling5_matched,3418,2025-02-28,2025-03-10,0.0117650075646844,2025,2024-12-31,learned_vol_interaction,20260910,0.26321070896468485,0.26321070896468485,0,1
rolling5_matched,3423,2025-03-07,2025-03-17,0.019023819058288,2025,2024-12-31,learned_vol_interaction,20260910,0.016211348262418386,0.016211348262418386,0,1
rolling5_matched,3428,2025-03-14,2025-03-24,-0.0259983485216283,2025,2024-12-31,learned_vol_interaction,20260910,0.3912816948121533,0.3912816948121533,0,0
rolling5_matched,3433,2025-03-21,2025-03-31,-0.0025867506275359,2025,2024-12-31,learned_vol_interaction,20260910,0.2771890990631075,0.2771890990631075,0,0
rolling5_matched,3438,2025-03-28,2025-04-14,-0.0342910101946246,2025,2024-12-31,learned_vol_interaction,20260910,0.66172794505261,0.66172794505261,1,0
rolling5_matched,3447,2025-04-11,2025-04-21,-0.0010339232881941,2025,2024-12-31,learned_vol_interaction,20260910,0.23027034792981996,0.23027034792981996,0,0
rolling5_matched,3452,2025-04-18,2025-04-28,0.0048432383085554,2025,2024-12-31,learned_vol_interaction,20260910,0.8049308661155259,0.8049308661155259,1,1
rolling5_matched,3457,2025-04-25,2025-05-12,0.02116527880118,2025,2024-12-31,learned_vol_interaction,20260910,0.3367514314567063,0.3367514314567063,0,1
rolling5_matched,3464,2025-05-09,2025-05-19,0.0041484224873464,2025,2024-12-31,learned_vol_interaction,20260910,0.015299831176403178,0.015299831176403178,0,1
rolling5_matched,3469,2025-05-16,2025-05-26,-0.0017462660042188,2025,2024-12-31,learned_vol_interaction,20260910,0.13185022924194717,0.13185022924194717,0,0
rolling5_matched,3474,2025-05-23,2025-06-03,-0.0109216443615366,2025,2024-12-31,learned_vol_interaction,20260910,0.10446110520131914,0.10446110520131914,0,0
rolling5_matched,3479,2025-05-30,2025-06-09,0.011566574321892,2025,2024-12-31,learned_vol_interaction,20260910,0.46629646388117385,0.46629646388117385,0,1
rolling5_matched,3483,2025-06-06,2025-06-16,-0.0062354943524679,2025,2024-12-31,learned_vol_interaction,20260910,0.6913017423117457,0.6913017423117457,1,0
rolling5_matched,3488,2025-06-13,2025-06-23,-0.005825691168304,2025,2024-12-31,learned_vol_interaction,20260910,0.45927304478677017,0.45927304478677017,0,0
rolling5_matched,3493,2025-06-20,2025-06-30,0.0232670437490374,2025,2024-12-31,learned_vol_interaction,20260910,0.6584803862750764,0.6584803862750764,1,1
rolling5_matched,3498,2025-06-27,2025-07-07,0.0145345648685946,2025,2024-12-31,learned_vol_interaction,20260910,0.37243021720166436,0.37243021720166436,0,1
rolling5_matched,3503,2025-07-04,2025-07-14,0.0110426949002964,2025,2024-12-31,learned_vol_interaction,20260910,0.485174572121124,0.485174572121124,0,1
rolling5_matched,3508,2025-07-11,2025-07-21,0.0120759671840067,2025,2024-12-31,learned_vol_interaction,20260910,0.1655931954651121,0.1655931954651121,0,1
rolling5_matched,3513,2025-07-18,2025-07-28,0.0143570766898375,2025,2024-12-31,learned_vol_interaction,20260910,0.6798233480527112,0.6798233480527112,1,1
rolling5_matched,3518,2025-07-25,2025-08-04,-0.0218642507630443,2025,2024-12-31,learned_vol_interaction,20260910,0.07874162179814026,0.07874162179814026,0,0
rolling5_matched,3523,2025-08-01,2025-08-11,0.0179175520190988,2025,2024-12-31,learned_vol_interaction,20260910,0.41578751194779207,0.41578751194779207,0,1
rolling5_matched,3528,2025-08-08,2025-08-18,0.026265786598999,2025,2024-12-31,learned_vol_interaction,20260910,0.5720747553758496,0.5720747553758496,1,1
rolling5_matched,3533,2025-08-15,2025-08-25,0.0469483790671487,2025,2024-12-31,learned_vol_interaction,20260910,0.8969474531930727,0.8969474531930727,1,1
rolling5_matched,3538,2025-08-22,2025-09-01,0.0227770368340847,2025,2024-12-31,learned_vol_interaction,20260910,0.31758522687002855,0.31758522687002855,0,1
rolling5_matched,3543,2025-08-29,2025-09-08,-0.0110053842475337,2025,2024-12-31,learned_vol_interaction,20260910,0.37613145356952626,0.37613145356952626,0,0
rolling5_matched,3548,2025-09-05,2025-09-15,0.0151594857594405,2025,2024-12-31,learned_vol_interaction,20260910,0.40013180336584725,0.40013180336584725,0,1
rolling5_matched,3553,2025-09-12,2025-09-22,-0.0050409160971932,2025,2024-12-31,learned_vol_interaction,20260910,0.23909271463631743,0.23909271463631743,0,0
rolling5_matched,3558,2025-09-19,2025-09-29,0.0095300784790881,2025,2024-12-31,learned_vol_interaction,20260910,0.3729537185955173,0.3729537185955173,0,1
rolling5_matched,3563,2025-09-26,2025-10-13,-0.0140855274279203,2025,2024-12-31,learned_vol_interaction,20260910,0.5725689020738682,0.5725689020738682,1,0
rolling5_matched,3567,2025-10-10,2025-10-20,0.015001547584321,2025,2024-12-31,learned_vol_interaction,20260910,0.13751176806749452,0.13751176806749452,0,1
rolling5_matched,3572,2025-10-17,2025-10-27,0.0309637052897611,2025,2024-12-31,learned_vol_interaction,20260910,0.051086222709055225,0.051086222709055225,0,1
rolling5_matched,3577,2025-10-24,2025-11-03,-0.013331545863497,2025,2024-12-31,learned_vol_interaction,20260910,0.23916989343191253,0.23916989343191253,0,0
rolling5_matched,3582,2025-10-31,2025-11-10,0.0110832418536339,2025,2024-12-31,learned_vol_interaction,20260910,0.5739894217285442,0.5739894217285442,1,1
rolling5_matched,3587,2025-11-07,2025-11-17,-0.0152107881197579,2025,2024-12-31,learned_vol_interaction,20260910,0.4927889932613459,0.4927889932613459,0,0
rolling5_matched,3592,2025-11-14,2025-11-24,-0.031114557454173,2025,2024-12-31,learned_vol_interaction,20260910,0.8322202663210715,0.8322202663210715,1,0
rolling5_matched,3597,2025-11-21,2025-12-01,0.0147613767448515,2025,2024-12-31,learned_vol_interaction,20260910,0.31165980368959956,0.31165980368959956,0,1
rolling5_matched,3602,2025-11-28,2025-12-08,0.0118853804313106,2025,2024-12-31,learned_vol_interaction,20260910,0.26936322480751423,0.26936322480751423,0,1
rolling5_matched,3607,2025-12-05,2025-12-15,-0.0093922675990717,2025,2024-12-31,learned_vol_interaction,20260910,0.6263214343456676,0.6263214343456676,1,0
rolling5_matched,3612,2025-12-12,2025-12-22,0.0082791208791208,2025,2024-12-31,learned_vol_interaction,20260910,0.4181678368321289,0.4181678368321289,0,1
rolling5_matched,3617,2025-12-19,2025-12-29,0.0153890755001995,2025,2024-12-31,learned_vol_interaction,20260910,0.5712095616667731,0.5712095616667731,1,1
rolling5_matched,3622,2025-12-26,2026-01-12,0.0239101640737868,2025,2024-12-31,learned_vol_interaction,20260910,0.26116072972339266,0.26116072972339266,0,1
rolling5_matched,3384,2025-01-03,2025-01-13,-0.0189486730632231,2025,2024-12-31,learned_order_extension,20260910,0.3033094231919512,0.3033094231919512,0,0
rolling5_matched,3389,2025-01-10,2025-01-20,0.0353251773547418,2025,2024-12-31,learned_order_extension,20260910,0.31268352488278633,0.31268352488278633,0,1
rolling5_matched,3394,2025-01-17,2025-01-27,0.000432821422053,2025,2024-12-31,learned_order_extension,20260910,0.552771171726908,0.552771171726908,1,1
rolling5_matched,3399,2025-01-24,2025-02-10,0.0159344898044284,2025,2024-12-31,learned_order_extension,20260910,0.8501133866044566,0.8501133866044566,1,1
rolling5_matched,3403,2025-02-07,2025-02-17,0.0144454990892999,2025,2024-12-31,learned_order_extension,20260910,0.5449583645849906,0.5449583645849906,1,1
rolling5_matched,3408,2025-02-14,2025-02-24,0.0045695818086644,2025,2024-12-31,learned_order_extension,20260910,0.8700901798316434,0.8700901798316434,1,1
rolling5_matched,3413,2025-02-21,2025-03-03,-0.0183210488158531,2025,2024-12-31,learned_order_extension,20260910,0.17964761721185835,0.17964761721185835,0,0
rolling5_matched,3418,2025-02-28,2025-03-10,0.0117650075646844,2025,2024-12-31,learned_order_extension,20260910,0.2555885455700659,0.2555885455700659,0,1
rolling5_matched,3423,2025-03-07,2025-03-17,0.019023819058288,2025,2024-12-31,learned_order_extension,20260910,0.013499068697775151,0.013499068697775151,0,1
rolling5_matched,3428,2025-03-14,2025-03-24,-0.0259983485216283,2025,2024-12-31,learned_order_extension,20260910,0.3894800643634312,0.3894800643634312,0,0
rolling5_matched,3433,2025-03-21,2025-03-31,-0.0025867506275359,2025,2024-12-31,learned_order_extension,20260910,0.2722166438913988,0.2722166438913988,0,0
rolling5_matched,3438,2025-03-28,2025-04-14,-0.0342910101946246,2025,2024-12-31,learned_order_extension,20260910,0.6781413960771588,0.6781413960771588,1,0
rolling5_matched,3447,2025-04-11,2025-04-21,-0.0010339232881941,2025,2024-12-31,learned_order_extension,20260910,0.21194745070730076,0.21194745070730076,0,0
rolling5_matched,3452,2025-04-18,2025-04-28,0.0048432383085554,2025,2024-12-31,learned_order_extension,20260910,0.8112726320200563,0.8112726320200563,1,1
rolling5_matched,3457,2025-04-25,2025-05-12,0.02116527880118,2025,2024-12-31,learned_order_extension,20260910,0.33216855606276535,0.33216855606276535,0,1
rolling5_matched,3464,2025-05-09,2025-05-19,0.0041484224873464,2025,2024-12-31,learned_order_extension,20260910,0.013486423438936421,0.013486423438936421,0,1
rolling5_matched,3469,2025-05-16,2025-05-26,-0.0017462660042188,2025,2024-12-31,learned_order_extension,20260910,0.13442503107185416,0.13442503107185416,0,0
rolling5_matched,3474,2025-05-23,2025-06-03,-0.0109216443615366,2025,2024-12-31,learned_order_extension,20260910,0.11139120167498907,0.11139120167498907,0,0
rolling5_matched,3479,2025-05-30,2025-06-09,0.011566574321892,2025,2024-12-31,learned_order_extension,20260910,0.46508288849988455,0.46508288849988455,0,1
rolling5_matched,3483,2025-06-06,2025-06-16,-0.0062354943524679,2025,2024-12-31,learned_order_extension,20260910,0.6841114420500651,0.6841114420500651,1,0
rolling5_matched,3488,2025-06-13,2025-06-23,-0.005825691168304,2025,2024-12-31,learned_order_extension,20260910,0.4538779643259215,0.4538779643259215,0,0
rolling5_matched,3493,2025-06-20,2025-06-30,0.0232670437490374,2025,2024-12-31,learned_order_extension,20260910,0.6615058009875023,0.6615058009875023,1,1
rolling5_matched,3498,2025-06-27,2025-07-07,0.0145345648685946,2025,2024-12-31,learned_order_extension,20260910,0.3616129367168241,0.3616129367168241,0,1
rolling5_matched,3503,2025-07-04,2025-07-14,0.0110426949002964,2025,2024-12-31,learned_order_extension,20260910,0.48684770307815106,0.48684770307815106,0,1
rolling5_matched,3508,2025-07-11,2025-07-21,0.0120759671840067,2025,2024-12-31,learned_order_extension,20260910,0.1585563272458771,0.1585563272458771,0,1
rolling5_matched,3513,2025-07-18,2025-07-28,0.0143570766898375,2025,2024-12-31,learned_order_extension,20260910,0.6840714647846851,0.6840714647846851,1,1
rolling5_matched,3518,2025-07-25,2025-08-04,-0.0218642507630443,2025,2024-12-31,learned_order_extension,20260910,0.08332369220386758,0.08332369220386758,0,0
rolling5_matched,3523,2025-08-01,2025-08-11,0.0179175520190988,2025,2024-12-31,learned_order_extension,20260910,0.4185570478219069,0.4185570478219069,0,1
rolling5_matched,3528,2025-08-08,2025-08-18,0.026265786598999,2025,2024-12-31,learned_order_extension,20260910,0.5660053258676475,0.5660053258676475,1,1
rolling5_matched,3533,2025-08-15,2025-08-25,0.0469483790671487,2025,2024-12-31,learned_order_extension,20260910,0.8983017752461293,0.8983017752461293,1,1
rolling5_matched,3538,2025-08-22,2025-09-01,0.0227770368340847,2025,2024-12-31,learned_order_extension,20260910,0.3079639103457021,0.3079639103457021,0,1
rolling5_matched,3543,2025-08-29,2025-09-08,-0.0110053842475337,2025,2024-12-31,learned_order_extension,20260910,0.36746690162431317,0.36746690162431317,0,0
rolling5_matched,3548,2025-09-05,2025-09-15,0.0151594857594405,2025,2024-12-31,learned_order_extension,20260910,0.397828794953036,0.397828794953036,0,1
rolling5_matched,3553,2025-09-12,2025-09-22,-0.0050409160971932,2025,2024-12-31,learned_order_extension,20260910,0.24920352296607567,0.24920352296607567,0,0
rolling5_matched,3558,2025-09-19,2025-09-29,0.0095300784790881,2025,2024-12-31,learned_order_extension,20260910,0.3641328191897407,0.3641328191897407,0,1
rolling5_matched,3563,2025-09-26,2025-10-13,-0.0140855274279203,2025,2024-12-31,learned_order_extension,20260910,0.5744783600078657,0.5744783600078657,1,0
rolling5_matched,3567,2025-10-10,2025-10-20,0.015001547584321,2025,2024-12-31,learned_order_extension,20260910,0.1270671279936926,0.1270671279936926,0,1
rolling5_matched,3572,2025-10-17,2025-10-27,0.0309637052897611,2025,2024-12-31,learned_order_extension,20260910,0.048277070946902034,0.048277070946902034,0,1
rolling5_matched,3577,2025-10-24,2025-11-03,-0.013331545863497,2025,2024-12-31,learned_order_extension,20260910,0.23175644363790768,0.23175644363790768,0,0
rolling5_matched,3582,2025-10-31,2025-11-10,0.0110832418536339,2025,2024-12-31,learned_order_extension,20260910,0.5793442520960537,0.5793442520960537,1,1
rolling5_matched,3587,2025-11-07,2025-11-17,-0.0152107881197579,2025,2024-12-31,learned_order_extension,20260910,0.4821709638355386,0.4821709638355386,0,0
rolling5_matched,3592,2025-11-14,2025-11-24,-0.031114557454173,2025,2024-12-31,learned_order_extension,20260910,0.8485813799593084,0.8485813799593084,1,0
rolling5_matched,3597,2025-11-21,2025-12-01,0.0147613767448515,2025,2024-12-31,learned_order_extension,20260910,0.30337748970720185,0.30337748970720185,0,1
rolling5_matched,3602,2025-11-28,2025-12-08,0.0118853804313106,2025,2024-12-31,learned_order_extension,20260910,0.2573976759946089,0.2573976759946089,0,1
rolling5_matched,3607,2025-12-05,2025-12-15,-0.0093922675990717,2025,2024-12-31,learned_order_extension,20260910,0.6456023967514464,0.6456023967514464,1,0
rolling5_matched,3612,2025-12-12,2025-12-22,0.0082791208791208,2025,2024-12-31,learned_order_extension,20260910,0.4167221920849898,0.4167221920849898,0,1
rolling5_matched,3617,2025-12-19,2025-12-29,0.0153890755001995,2025,2024-12-31,learned_order_extension,20260910,0.5747192292052782,0.5747192292052782,1,1
rolling5_matched,3622,2025-12-26,2026-01-12,0.0239101640737868,2025,2024-12-31,learned_order_extension,20260910,0.26492262754555485,0.26492262754555485,0,1
rolling5_matched,3384,2025-01-03,2025-01-13,-0.0189486730632231,2025,2024-12-31,learned_order_offset,20260910,0.30389380503959623,0.30389380503959623,0,0
rolling5_matched,3389,2025-01-10,2025-01-20,0.0353251773547418,2025,2024-12-31,learned_order_offset,20260910,0.3132407924979347,0.3132407924979347,0,1
rolling5_matched,3394,2025-01-17,2025-01-27,0.000432821422053,2025,2024-12-31,learned_order_offset,20260910,0.5526589070524642,0.5526589070524642,1,1
rolling5_matched,3399,2025-01-24,2025-02-10,0.0159344898044284,2025,2024-12-31,learned_order_offset,20260910,0.8500816235786304,0.8500816235786304,1,1
rolling5_matched,3403,2025-02-07,2025-02-17,0.0144454990892999,2025,2024-12-31,learned_order_offset,20260910,0.5451299531117927,0.5451299531117927,1,1
rolling5_matched,3408,2025-02-14,2025-02-24,0.0045695818086644,2025,2024-12-31,learned_order_offset,20260910,0.8703068972097301,0.8703068972097301,1,1
rolling5_matched,3413,2025-02-21,2025-03-03,-0.0183210488158531,2025,2024-12-31,learned_order_offset,20260910,0.1818072564020535,0.1818072564020535,0,0
rolling5_matched,3418,2025-02-28,2025-03-10,0.0117650075646844,2025,2024-12-31,learned_order_offset,20260910,0.2552385243117644,0.2552385243117644,0,1
rolling5_matched,3423,2025-03-07,2025-03-17,0.019023819058288,2025,2024-12-31,learned_order_offset,20260910,0.013645644993536828,0.013645644993536828,0,1
rolling5_matched,3428,2025-03-14,2025-03-24,-0.0259983485216283,2025,2024-12-31,learned_order_offset,20260910,0.3897822248772339,0.3897822248772339,0,0
rolling5_matched,3433,2025-03-21,2025-03-31,-0.0025867506275359,2025,2024-12-31,learned_order_offset,20260910,0.27251718149416476,0.27251718149416476,0,0
rolling5_matched,3438,2025-03-28,2025-04-14,-0.0342910101946246,2025,2024-12-31,learned_order_offset,20260910,0.6769951248231757,0.6769951248231757,1,0
rolling5_matched,3447,2025-04-11,2025-04-21,-0.0010339232881941,2025,2024-12-31,learned_order_offset,20260910,0.2151880704012698,0.2151880704012698,0,0
rolling5_matched,3452,2025-04-18,2025-04-28,0.0048432383085554,2025,2024-12-31,learned_order_offset,20260910,0.810941643180478,0.810941643180478,1,1
rolling5_matched,3457,2025-04-25,2025-05-12,0.02116527880118,2025,2024-12-31,learned_order_offset,20260910,0.3359327561949616,0.3359327561949616,0,1
rolling5_matched,3464,2025-05-09,2025-05-19,0.0041484224873464,2025,2024-12-31,learned_order_offset,20260910,0.013464764949471004,0.013464764949471004,0,1
rolling5_matched,3469,2025-05-16,2025-05-26,-0.0017462660042188,2025,2024-12-31,learned_order_offset,20260910,0.13316824232948152,0.13316824232948152,0,0
rolling5_matched,3474,2025-05-23,2025-06-03,-0.0109216443615366,2025,2024-12-31,learned_order_offset,20260910,0.1108613963972444,0.1108613963972444,0,0
rolling5_matched,3479,2025-05-30,2025-06-09,0.011566574321892,2025,2024-12-31,learned_order_offset,20260910,0.4632883216202623,0.4632883216202623,0,1
rolling5_matched,3483,2025-06-06,2025-06-16,-0.0062354943524679,2025,2024-12-31,learned_order_offset,20260910,0.6836356561006991,0.6836356561006991,1,0
rolling5_matched,3488,2025-06-13,2025-06-23,-0.005825691168304,2025,2024-12-31,learned_order_offset,20260910,0.4524661358901524,0.4524661358901524,0,0
rolling5_matched,3493,2025-06-20,2025-06-30,0.0232670437490374,2025,2024-12-31,learned_order_offset,20260910,0.6598064104861832,0.6598064104861832,1,1
rolling5_matched,3498,2025-06-27,2025-07-07,0.0145345648685946,2025,2024-12-31,learned_order_offset,20260910,0.3623798670195568,0.3623798670195568,0,1
rolling5_matched,3503,2025-07-04,2025-07-14,0.0110426949002964,2025,2024-12-31,learned_order_offset,20260910,0.4842496175835959,0.4842496175835959,0,1
rolling5_matched,3508,2025-07-11,2025-07-21,0.0120759671840067,2025,2024-12-31,learned_order_offset,20260910,0.15779175686187216,0.15779175686187216,0,1
rolling5_matched,3513,2025-07-18,2025-07-28,0.0143570766898375,2025,2024-12-31,learned_order_offset,20260910,0.6831619350659527,0.6831619350659527,1,1
rolling5_matched,3518,2025-07-25,2025-08-04,-0.0218642507630443,2025,2024-12-31,learned_order_offset,20260910,0.08260923635272822,0.08260923635272822,0,0
rolling5_matched,3523,2025-08-01,2025-08-11,0.0179175520190988,2025,2024-12-31,learned_order_offset,20260910,0.4168525988017545,0.4168525988017545,0,1
rolling5_matched,3528,2025-08-08,2025-08-18,0.026265786598999,2025,2024-12-31,learned_order_offset,20260910,0.5636588271764651,0.5636588271764651,1,1
rolling5_matched,3533,2025-08-15,2025-08-25,0.0469483790671487,2025,2024-12-31,learned_order_offset,20260910,0.8981322093925671,0.8981322093925671,1,1
rolling5_matched,3538,2025-08-22,2025-09-01,0.0227770368340847,2025,2024-12-31,learned_order_offset,20260910,0.3062066386841739,0.3062066386841739,0,1
rolling5_matched,3543,2025-08-29,2025-09-08,-0.0110053842475337,2025,2024-12-31,learned_order_offset,20260910,0.3669271038784801,0.3669271038784801,0,0
rolling5_matched,3548,2025-09-05,2025-09-15,0.0151594857594405,2025,2024-12-31,learned_order_offset,20260910,0.39800861824272443,0.39800861824272443,0,1
rolling5_matched,3553,2025-09-12,2025-09-22,-0.0050409160971932,2025,2024-12-31,learned_order_offset,20260910,0.2499478759016586,0.2499478759016586,0,0
rolling5_matched,3558,2025-09-19,2025-09-29,0.0095300784790881,2025,2024-12-31,learned_order_offset,20260910,0.3629384186032016,0.3629384186032016,0,1
rolling5_matched,3563,2025-09-26,2025-10-13,-0.0140855274279203,2025,2024-12-31,learned_order_offset,20260910,0.572728797725272,0.572728797725272,1,0
rolling5_matched,3567,2025-10-10,2025-10-20,0.015001547584321,2025,2024-12-31,learned_order_offset,20260910,0.1277610267232923,0.1277610267232923,0,1
rolling5_matched,3572,2025-10-17,2025-10-27,0.0309637052897611,2025,2024-12-31,learned_order_offset,20260910,0.048623638546068174,0.048623638546068174,0,1
rolling5_matched,3577,2025-10-24,2025-11-03,-0.013331545863497,2025,2024-12-31,learned_order_offset,20260910,0.23178834007637925,0.23178834007637925,0,0
rolling5_matched,3582,2025-10-31,2025-11-10,0.0110832418536339,2025,2024-12-31,learned_order_offset,20260910,0.5780088630996799,0.5780088630996799,1,1
rolling5_matched,3587,2025-11-07,2025-11-17,-0.0152107881197579,2025,2024-12-31,learned_order_offset,20260910,0.4799644697361146,0.4799644697361146,0,0
rolling5_matched,3592,2025-11-14,2025-11-24,-0.031114557454173,2025,2024-12-31,learned_order_offset,20260910,0.8473270746278508,0.8473270746278508,1,0
rolling5_matched,3597,2025-11-21,2025-12-01,0.0147613767448515,2025,2024-12-31,learned_order_offset,20260910,0.30238529235770173,0.30238529235770173,0,1
rolling5_matched,3602,2025-11-28,2025-12-08,0.0118853804313106,2025,2024-12-31,learned_order_offset,20260910,0.2566990806548642,0.2566990806548642,0,1
rolling5_matched,3607,2025-12-05,2025-12-15,-0.0093922675990717,2025,2024-12-31,learned_order_offset,20260910,0.644525938184023,0.644525938184023,1,0
rolling5_matched,3612,2025-12-12,2025-12-22,0.0082791208791208,2025,2024-12-31,learned_order_offset,20260910,0.41510697558527154,0.41510697558527154,0,1
rolling5_matched,3617,2025-12-19,2025-12-29,0.0153890755001995,2025,2024-12-31,learned_order_offset,20260910,0.5726288185938672,0.5726288185938672,1,1
rolling5_matched,3622,2025-12-26,2026-01-12,0.0239101640737868,2025,2024-12-31,learned_order_offset,20260910,0.2637592536293955,0.2637592536293955,0,1
rolling5_matched,3384,2025-01-03,2025-01-13,-0.0189486730632231,2025,2024-12-31,native_mse,20260910,-0.006000669679008309,,0,0
rolling5_matched,3389,2025-01-10,2025-01-20,0.0353251773547418,2025,2024-12-31,native_mse,20260910,-0.008043551985208364,,0,1
rolling5_matched,3394,2025-01-17,2025-01-27,0.000432821422053,2025,2024-12-31,native_mse,20260910,0.003983486985860016,,1,1
rolling5_matched,3399,2025-01-24,2025-02-10,0.0159344898044284,2025,2024-12-31,native_mse,20260910,0.016777581403026823,,1,1
rolling5_matched,3403,2025-02-07,2025-02-17,0.0144454990892999,2025,2024-12-31,native_mse,20260910,0.005588476307791004,,1,1
rolling5_matched,3408,2025-02-14,2025-02-24,0.0045695818086644,2025,2024-12-31,native_mse,20260910,0.019871691494349968,,1,1
rolling5_matched,3413,2025-02-21,2025-03-03,-0.0183210488158531,2025,2024-12-31,native_mse,20260910,-0.007259750080668824,,0,0
rolling5_matched,3418,2025-02-28,2025-03-10,0.0117650075646844,2025,2024-12-31,native_mse,20260910,-0.008155691565557233,,0,1
rolling5_matched,3423,2025-03-07,2025-03-17,0.019023819058288,2025,2024-12-31,native_mse,20260910,-0.03248547236821591,,0,1
rolling5_matched,3428,2025-03-14,2025-03-24,-0.0259983485216283,2025,2024-12-31,native_mse,20260910,-0.002382275539372535,,0,0
rolling5_matched,3433,2025-03-21,2025-03-31,-0.0025867506275359,2025,2024-12-31,native_mse,20260910,-0.005860294684234328,,0,0
rolling5_matched,3438,2025-03-28,2025-04-14,-0.0342910101946246,2025,2024-12-31,native_mse,20260910,0.005507173164135935,,1,0
rolling5_matched,3447,2025-04-11,2025-04-21,-0.0010339232881941,2025,2024-12-31,native_mse,20260910,-0.009264520879431313,,0,0
rolling5_matched,3452,2025-04-18,2025-04-28,0.0048432383085554,2025,2024-12-31,native_mse,20260910,0.014691070213870176,,1,1
rolling5_matched,3457,2025-04-25,2025-05-12,0.02116527880118,2025,2024-12-31,native_mse,20260910,-0.010593782132695047,,0,1
rolling5_matched,3464,2025-05-09,2025-05-19,0.0041484224873464,2025,2024-12-31,native_mse,20260910,-0.03139750714874098,,0,1
rolling5_matched,3469,2025-05-16,2025-05-26,-0.0017462660042188,2025,2024-12-31,native_mse,20260910,-0.014285882597641662,,0,0
rolling5_matched,3474,2025-05-23,2025-06-03,-0.0109216443615366,2025,2024-12-31,native_mse,20260910,-0.01603746553463589,,0,0
rolling5_matched,3479,2025-05-30,2025-06-09,0.011566574321892,2025,2024-12-31,native_mse,20260910,0.0030770609749967413,,1,1
rolling5_matched,3483,2025-06-06,2025-06-16,-0.0062354943524679,2025,2024-12-31,native_mse,20260910,0.012219186065425772,,1,0
rolling5_matched,3488,2025-06-13,2025-06-23,-0.005825691168304,2025,2024-12-31,native_mse,20260910,0.005888455528930646,,1,0
rolling5_matched,3493,2025-06-20,2025-06-30,0.0232670437490374,2025,2024-12-31,native_mse,20260910,0.00893437589631117,,1,1
rolling5_matched,3498,2025-06-27,2025-07-07,0.0145345648685946,2025,2024-12-31,native_mse,20260910,0.003829535571503316,,1,1
rolling5_matched,3503,2025-07-04,2025-07-14,0.0110426949002964,2025,2024-12-31,native_mse,20260910,0.002443517262357323,,1,1
rolling5_matched,3508,2025-07-11,2025-07-21,0.0120759671840067,2025,2024-12-31,native_mse,20260910,-0.006402569098377889,,0,1
rolling5_matched,3513,2025-07-18,2025-07-28,0.0143570766898375,2025,2024-12-31,native_mse,20260910,0.006183303746669766,,1,1
rolling5_matched,3518,2025-07-25,2025-08-04,-0.0218642507630443,2025,2024-12-31,native_mse,20260910,-0.015167956852616163,,0,0
rolling5_matched,3523,2025-08-01,2025-08-11,0.0179175520190988,2025,2024-12-31,native_mse,20260910,-0.0015638499034675252,,0,1
rolling5_matched,3528,2025-08-08,2025-08-18,0.026265786598999,2025,2024-12-31,native_mse,20260910,0.007910382533078424,,1,1
rolling5_matched,3533,2025-08-15,2025-08-25,0.0469483790671487,2025,2024-12-31,native_mse,20260910,0.026401490296228042,,1,1
rolling5_matched,3538,2025-08-22,2025-09-01,0.0227770368340847,2025,2024-12-31,native_mse,20260910,-0.004945098759608904,,0,1
rolling5_matched,3543,2025-08-29,2025-09-08,-0.0110053842475337,2025,2024-12-31,native_mse,20260910,-0.0012677290181364086,,0,0
rolling5_matched,3548,2025-09-05,2025-09-15,0.0151594857594405,2025,2024-12-31,native_mse,20260910,0.00315723662706045,,1,1
rolling5_matched,3553,2025-09-12,2025-09-22,-0.0050409160971932,2025,2024-12-31,native_mse,20260910,-0.008643672676277624,,0,0
rolling5_matched,3558,2025-09-19,2025-09-29,0.0095300784790881,2025,2024-12-31,native_mse,20260910,-0.00826088011441237,,0,1
rolling5_matched,3563,2025-09-26,2025-10-13,-0.0140855274279203,2025,2024-12-31,native_mse,20260910,-0.003047662181199504,,0,0
rolling5_matched,3567,2025-10-10,2025-10-20,0.015001547584321,2025,2024-12-31,native_mse,20260910,-0.01801620411087557,,0,1
rolling5_matched,3572,2025-10-17,2025-10-27,0.0309637052897611,2025,2024-12-31,native_mse,20260910,-0.024403922472365253,,0,1
rolling5_matched,3577,2025-10-24,2025-11-03,-0.013331545863497,2025,2024-12-31,native_mse,20260910,-0.012697105779800592,,0,0
rolling5_matched,3582,2025-10-31,2025-11-10,0.0110832418536339,2025,2024-12-31,native_mse,20260910,-0.000995325674673924,,0,1
rolling5_matched,3587,2025-11-07,2025-11-17,-0.0152107881197579,2025,2024-12-31,native_mse,20260910,-0.004260797988006945,,0,0
rolling5_matched,3592,2025-11-14,2025-11-24,-0.031114557454173,2025,2024-12-31,native_mse,20260910,0.010030879802106034,,1,0
rolling5_matched,3597,2025-11-21,2025-12-01,0.0147613767448515,2025,2024-12-31,native_mse,20260910,-0.006691416402537462,,0,1
rolling5_matched,3602,2025-11-28,2025-12-08,0.0118853804313106,2025,2024-12-31,native_mse,20260910,-0.009751595413579464,,0,1
rolling5_matched,3607,2025-12-05,2025-12-15,-0.0093922675990717,2025,2024-12-31,native_mse,20260910,0.002506709728578725,,1,0
rolling5_matched,3612,2025-12-12,2025-12-22,0.0082791208791208,2025,2024-12-31,native_mse,20260910,-0.0007498782030958268,,0,1
rolling5_matched,3617,2025-12-19,2025-12-29,0.0153890755001995,2025,2024-12-31,native_mse,20260910,0.0032460845686143745,,1,1
rolling5_matched,3622,2025-12-26,2026-01-12,0.0239101640737868,2025,2024-12-31,native_mse,20260910,-0.004630965852358364,,0,1
rolling5_matched,3384,2025-01-03,2025-01-13,-0.0189486730632231,2025,2024-12-31,training_frequency,-1,0.472636815920398,0.472636815920398,0,0
rolling5_matched,3389,2025-01-10,2025-01-20,0.0353251773547418,2025,2024-12-31,training_frequency,-1,0.472636815920398,0.472636815920398,0,1
rolling5_matched,3394,2025-01-17,2025-01-27,0.000432821422053,2025,2024-12-31,training_frequency,-1,0.472636815920398,0.472636815920398,0,1
rolling5_matched,3399,2025-01-24,2025-02-10,0.0159344898044284,2025,2024-12-31,training_frequency,-1,0.472636815920398,0.472636815920398,0,1
rolling5_matched,3403,2025-02-07,2025-02-17,0.0144454990892999,2025,2024-12-31,training_frequency,-1,0.472636815920398,0.472636815920398,0,1
rolling5_matched,3408,2025-02-14,2025-02-24,0.0045695818086644,2025,2024-12-31,training_frequency,-1,0.472636815920398,0.472636815920398,0,1
rolling5_matched,3413,2025-02-21,2025-03-03,-0.0183210488158531,2025,2024-12-31,training_frequency,-1,0.472636815920398,0.472636815920398,0,0
rolling5_matched,3418,2025-02-28,2025-03-10,0.0117650075646844,2025,2024-12-31,training_frequency,-1,0.472636815920398,0.472636815920398,0,1
rolling5_matched,3423,2025-03-07,2025-03-17,0.019023819058288,2025,2024-12-31,training_frequency,-1,0.472636815920398,0.472636815920398,0,1
rolling5_matched,3428,2025-03-14,2025-03-24,-0.0259983485216283,2025,2024-12-31,training_frequency,-1,0.472636815920398,0.472636815920398,0,0
rolling5_matched,3433,2025-03-21,2025-03-31,-0.0025867506275359,2025,2024-12-31,training_frequency,-1,0.472636815920398,0.472636815920398,0,0
rolling5_matched,3438,2025-03-28,2025-04-14,-0.0342910101946246,2025,2024-12-31,training_frequency,-1,0.472636815920398,0.472636815920398,0,0
rolling5_matched,3447,2025-04-11,2025-04-21,-0.0010339232881941,2025,2024-12-31,training_frequency,-1,0.472636815920398,0.472636815920398,0,0
rolling5_matched,3452,2025-04-18,2025-04-28,0.0048432383085554,2025,2024-12-31,training_frequency,-1,0.472636815920398,0.472636815920398,0,1
rolling5_matched,3457,2025-04-25,2025-05-12,0.02116527880118,2025,2024-12-31,training_frequency,-1,0.472636815920398,0.472636815920398,0,1
rolling5_matched,3464,2025-05-09,2025-05-19,0.0041484224873464,2025,2024-12-31,training_frequency,-1,0.472636815920398,0.472636815920398,0,1
rolling5_matched,3469,2025-05-16,2025-05-26,-0.0017462660042188,2025,2024-12-31,training_frequency,-1,0.472636815920398,0.472636815920398,0,0
rolling5_matched,3474,2025-05-23,2025-06-03,-0.0109216443615366,2025,2024-12-31,training_frequency,-1,0.472636815920398,0.472636815920398,0,0
rolling5_matched,3479,2025-05-30,2025-06-09,0.011566574321892,2025,2024-12-31,training_frequency,-1,0.472636815920398,0.472636815920398,0,1
rolling5_matched,3483,2025-06-06,2025-06-16,-0.0062354943524679,2025,2024-12-31,training_frequency,-1,0.472636815920398,0.472636815920398,0,0
rolling5_matched,3488,2025-06-13,2025-06-23,-0.005825691168304,2025,2024-12-31,training_frequency,-1,0.472636815920398,0.472636815920398,0,0
rolling5_matched,3493,2025-06-20,2025-06-30,0.0232670437490374,2025,2024-12-31,training_frequency,-1,0.472636815920398,0.472636815920398,0,1
rolling5_matched,3498,2025-06-27,2025-07-07,0.0145345648685946,2025,2024-12-31,training_frequency,-1,0.472636815920398,0.472636815920398,0,1
rolling5_matched,3503,2025-07-04,2025-07-14,0.0110426949002964,2025,2024-12-31,training_frequency,-1,0.472636815920398,0.472636815920398,0,1
rolling5_matched,3508,2025-07-11,2025-07-21,0.0120759671840067,2025,2024-12-31,training_frequency,-1,0.472636815920398,0.472636815920398,0,1
rolling5_matched,3513,2025-07-18,2025-07-28,0.0143570766898375,2025,2024-12-31,training_frequency,-1,0.472636815920398,0.472636815920398,0,1
rolling5_matched,3518,2025-07-25,2025-08-04,-0.0218642507630443,2025,2024-12-31,training_frequency,-1,0.472636815920398,0.472636815920398,0,0
rolling5_matched,3523,2025-08-01,2025-08-11,0.0179175520190988,2025,2024-12-31,training_frequency,-1,0.472636815920398,0.472636815920398,0,1
rolling5_matched,3528,2025-08-08,2025-08-18,0.026265786598999,2025,2024-12-31,training_frequency,-1,0.472636815920398,0.472636815920398,0,1
rolling5_matched,3533,2025-08-15,2025-08-25,0.0469483790671487,2025,2024-12-31,training_frequency,-1,0.472636815920398,0.472636815920398,0,1
rolling5_matched,3538,2025-08-22,2025-09-01,0.0227770368340847,2025,2024-12-31,training_frequency,-1,0.472636815920398,0.472636815920398,0,1
rolling5_matched,3543,2025-08-29,2025-09-08,-0.0110053842475337,2025,2024-12-31,training_frequency,-1,0.472636815920398,0.472636815920398,0,0
rolling5_matched,3548,2025-09-05,2025-09-15,0.0151594857594405,2025,2024-12-31,training_frequency,-1,0.472636815920398,0.472636815920398,0,1
rolling5_matched,3553,2025-09-12,2025-09-22,-0.0050409160971932,2025,2024-12-31,training_frequency,-1,0.472636815920398,0.472636815920398,0,0
rolling5_matched,3558,2025-09-19,2025-09-29,0.0095300784790881,2025,2024-12-31,training_frequency,-1,0.472636815920398,0.472636815920398,0,1
rolling5_matched,3563,2025-09-26,2025-10-13,-0.0140855274279203,2025,2024-12-31,training_frequency,-1,0.472636815920398,0.472636815920398,0,0
rolling5_matched,3567,2025-10-10,2025-10-20,0.015001547584321,2025,2024-12-31,training_frequency,-1,0.472636815920398,0.472636815920398,0,1
rolling5_matched,3572,2025-10-17,2025-10-27,0.0309637052897611,2025,2024-12-31,training_frequency,-1,0.472636815920398,0.472636815920398,0,1
rolling5_matched,3577,2025-10-24,2025-11-03,-0.013331545863497,2025,2024-12-31,training_frequency,-1,0.472636815920398,0.472636815920398,0,0
rolling5_matched,3582,2025-10-31,2025-11-10,0.0110832418536339,2025,2024-12-31,training_frequency,-1,0.472636815920398,0.472636815920398,0,1
rolling5_matched,3587,2025-11-07,2025-11-17,-0.0152107881197579,2025,2024-12-31,training_frequency,-1,0.472636815920398,0.472636815920398,0,0
rolling5_matched,3592,2025-11-14,2025-11-24,-0.031114557454173,2025,2024-12-31,training_frequency,-1,0.472636815920398,0.472636815920398,0,0
rolling5_matched,3597,2025-11-21,2025-12-01,0.0147613767448515,2025,2024-12-31,training_frequency,-1,0.472636815920398,0.472636815920398,0,1
rolling5_matched,3602,2025-11-28,2025-12-08,0.0118853804313106,2025,2024-12-31,training_frequency,-1,0.472636815920398,0.472636815920398,0,1
rolling5_matched,3607,2025-12-05,2025-12-15,-0.0093922675990717,2025,2024-12-31,training_frequency,-1,0.472636815920398,0.472636815920398,0,0
rolling5_matched,3612,2025-12-12,2025-12-22,0.0082791208791208,2025,2024-12-31,training_frequency,-1,0.472636815920398,0.472636815920398,0,1
rolling5_matched,3617,2025-12-19,2025-12-29,0.0153890755001995,2025,2024-12-31,training_frequency,-1,0.472636815920398,0.472636815920398,0,1
rolling5_matched,3622,2025-12-26,2026-01-12,0.0239101640737868,2025,2024-12-31,training_frequency,-1,0.472636815920398,0.472636815920398,0,1
rolling5_matched,3384,2025-01-03,2025-01-13,-0.0189486730632231,2025,2024-12-31,learned_market,20260911,0.5299617679451654,0.5299617679451654,1,0
rolling5_matched,3389,2025-01-10,2025-01-20,0.0353251773547418,2025,2024-12-31,learned_market,20260911,0.6473594639742629,0.6473594639742629,1,1
rolling5_matched,3394,2025-01-17,2025-01-27,0.000432821422053,2025,2024-12-31,learned_market,20260911,0.6460455927500556,0.6460455927500556,1,1
rolling5_matched,3399,2025-01-24,2025-02-10,0.0159344898044284,2025,2024-12-31,learned_market,20260911,0.6054430751629183,0.6054430751629183,1,1
rolling5_matched,3403,2025-02-07,2025-02-17,0.0144454990892999,2025,2024-12-31,learned_market,20260911,0.5010122132737463,0.5010122132737463,1,1
rolling5_matched,3408,2025-02-14,2025-02-24,0.0045695818086644,2025,2024-12-31,learned_market,20260911,0.22877252989121352,0.22877252989121352,0,1
rolling5_matched,3413,2025-02-21,2025-03-03,-0.0183210488158531,2025,2024-12-31,learned_market,20260911,0.3170857155501606,0.3170857155501606,0,0
rolling5_matched,3418,2025-02-28,2025-03-10,0.0117650075646844,2025,2024-12-31,learned_market,20260911,0.4102328765144361,0.4102328765144361,0,1
rolling5_matched,3423,2025-03-07,2025-03-17,0.019023819058288,2025,2024-12-31,learned_market,20260911,0.5219107538593099,0.5219107538593099,1,1
rolling5_matched,3428,2025-03-14,2025-03-24,-0.0259983485216283,2025,2024-12-31,learned_market,20260911,0.2129566489634111,0.2129566489634111,0,0
rolling5_matched,3433,2025-03-21,2025-03-31,-0.0025867506275359,2025,2024-12-31,learned_market,20260911,0.20437077874211015,0.20437077874211015,0,0
rolling5_matched,3438,2025-03-28,2025-04-14,-0.0342910101946246,2025,2024-12-31,learned_market,20260911,0.609416018697521,0.609416018697521,1,0
rolling5_matched,3447,2025-04-11,2025-04-21,-0.0010339232881941,2025,2024-12-31,learned_market,20260911,0.273880349992432,0.273880349992432,0,0
rolling5_matched,3452,2025-04-18,2025-04-28,0.0048432383085554,2025,2024-12-31,learned_market,20260911,0.2742395568934837,0.2742395568934837,0,1
rolling5_matched,3457,2025-04-25,2025-05-12,0.02116527880118,2025,2024-12-31,learned_market,20260911,0.1221011967015565,0.1221011967015565,0,1
rolling5_matched,3464,2025-05-09,2025-05-19,0.0041484224873464,2025,2024-12-31,learned_market,20260911,0.21903638923381186,0.21903638923381186,0,1
rolling5_matched,3469,2025-05-16,2025-05-26,-0.0017462660042188,2025,2024-12-31,learned_market,20260911,0.1618630034865313,0.1618630034865313,0,0
rolling5_matched,3474,2025-05-23,2025-06-03,-0.0109216443615366,2025,2024-12-31,learned_market,20260911,0.365801393386254,0.365801393386254,0,0
rolling5_matched,3479,2025-05-30,2025-06-09,0.011566574321892,2025,2024-12-31,learned_market,20260911,0.02636182683277422,0.02636182683277422,0,1
rolling5_matched,3483,2025-06-06,2025-06-16,-0.0062354943524679,2025,2024-12-31,learned_market,20260911,0.6908048859655177,0.6908048859655177,1,0
rolling5_matched,3488,2025-06-13,2025-06-23,-0.005825691168304,2025,2024-12-31,learned_market,20260911,0.7265754080761606,0.7265754080761606,1,0
rolling5_matched,3493,2025-06-20,2025-06-30,0.0232670437490374,2025,2024-12-31,learned_market,20260911,0.287394213382599,0.287394213382599,0,1
rolling5_matched,3498,2025-06-27,2025-07-07,0.0145345648685946,2025,2024-12-31,learned_market,20260911,0.31358951234559945,0.31358951234559945,0,1
rolling5_matched,3503,2025-07-04,2025-07-14,0.0110426949002964,2025,2024-12-31,learned_market,20260911,0.43701797109721746,0.43701797109721746,0,1
rolling5_matched,3508,2025-07-11,2025-07-21,0.0120759671840067,2025,2024-12-31,learned_market,20260911,0.296316156768387,0.296316156768387,0,1
rolling5_matched,3513,2025-07-18,2025-07-28,0.0143570766898375,2025,2024-12-31,learned_market,20260911,0.8807229152843108,0.8807229152843108,1,1
rolling5_matched,3518,2025-07-25,2025-08-04,-0.0218642507630443,2025,2024-12-31,learned_market,20260911,0.6742958488463795,0.6742958488463795,1,0
rolling5_matched,3523,2025-08-01,2025-08-11,0.0179175520190988,2025,2024-12-31,learned_market,20260911,0.9449174847724359,0.9449174847724359,1,1
rolling5_matched,3528,2025-08-08,2025-08-18,0.026265786598999,2025,2024-12-31,learned_market,20260911,0.3466503886362927,0.3466503886362927,0,1
rolling5_matched,3533,2025-08-15,2025-08-25,0.0469483790671487,2025,2024-12-31,learned_market,20260911,0.9989054400983959,0.9989054400983959,1,1
rolling5_matched,3538,2025-08-22,2025-09-01,0.0227770368340847,2025,2024-12-31,learned_market,20260911,0.5898314823182472,0.5898314823182472,1,1
rolling5_matched,3543,2025-08-29,2025-09-08,-0.0110053842475337,2025,2024-12-31,learned_market,20260911,0.43708240728820724,0.43708240728820724,0,0
rolling5_matched,3548,2025-09-05,2025-09-15,0.0151594857594405,2025,2024-12-31,learned_market,20260911,0.4871682385498689,0.4871682385498689,0,1
rolling5_matched,3553,2025-09-12,2025-09-22,-0.0050409160971932,2025,2024-12-31,learned_market,20260911,0.8303758480290689,0.8303758480290689,1,0
rolling5_matched,3558,2025-09-19,2025-09-29,0.0095300784790881,2025,2024-12-31,learned_market,20260911,0.5185691864498977,0.5185691864498977,1,1
rolling5_matched,3563,2025-09-26,2025-10-13,-0.0140855274279203,2025,2024-12-31,learned_market,20260911,0.39392227195789015,0.39392227195789015,0,0
rolling5_matched,3567,2025-10-10,2025-10-20,0.015001547584321,2025,2024-12-31,learned_market,20260911,0.34733729958020004,0.34733729958020004,0,1
rolling5_matched,3572,2025-10-17,2025-10-27,0.0309637052897611,2025,2024-12-31,learned_market,20260911,0.6574188512488788,0.6574188512488788,1,1
rolling5_matched,3577,2025-10-24,2025-11-03,-0.013331545863497,2025,2024-12-31,learned_market,20260911,0.28314650350120407,0.28314650350120407,0,0
rolling5_matched,3582,2025-10-31,2025-11-10,0.0110832418536339,2025,2024-12-31,learned_market,20260911,0.7380301780719464,0.7380301780719464,1,1
rolling5_matched,3587,2025-11-07,2025-11-17,-0.0152107881197579,2025,2024-12-31,learned_market,20260911,0.6020220132914285,0.6020220132914285,1,0
rolling5_matched,3592,2025-11-14,2025-11-24,-0.031114557454173,2025,2024-12-31,learned_market,20260911,0.6643522792649592,0.6643522792649592,1,0
rolling5_matched,3597,2025-11-21,2025-12-01,0.0147613767448515,2025,2024-12-31,learned_market,20260911,0.7249127771614442,0.7249127771614442,1,1
rolling5_matched,3602,2025-11-28,2025-12-08,0.0118853804313106,2025,2024-12-31,learned_market,20260911,0.19350803532187622,0.19350803532187622,0,1
rolling5_matched,3607,2025-12-05,2025-12-15,-0.0093922675990717,2025,2024-12-31,learned_market,20260911,0.5328483507303594,0.5328483507303594,1,0
rolling5_matched,3612,2025-12-12,2025-12-22,0.0082791208791208,2025,2024-12-31,learned_market,20260911,0.5988091516951523,0.5988091516951523,1,1
rolling5_matched,3617,2025-12-19,2025-12-29,0.0153890755001995,2025,2024-12-31,learned_market,20260911,0.4566398002389103,0.4566398002389103,0,1
rolling5_matched,3622,2025-12-26,2026-01-12,0.0239101640737868,2025,2024-12-31,learned_market,20260911,0.45194518314386056,0.45194518314386056,0,1
rolling5_matched,3384,2025-01-03,2025-01-13,-0.0189486730632231,2025,2024-12-31,learned_vol_interaction,20260911,0.5251659479105492,0.5251659479105492,1,0
rolling5_matched,3389,2025-01-10,2025-01-20,0.0353251773547418,2025,2024-12-31,learned_vol_interaction,20260911,0.6573471741437545,0.6573471741437545,1,1
rolling5_matched,3394,2025-01-17,2025-01-27,0.000432821422053,2025,2024-12-31,learned_vol_interaction,20260911,0.6454512097964695,0.6454512097964695,1,1
rolling5_matched,3399,2025-01-24,2025-02-10,0.0159344898044284,2025,2024-12-31,learned_vol_interaction,20260911,0.5939677831850648,0.5939677831850648,1,1
rolling5_matched,3403,2025-02-07,2025-02-17,0.0144454990892999,2025,2024-12-31,learned_vol_interaction,20260911,0.4948068895327658,0.4948068895327658,0,1
rolling5_matched,3408,2025-02-14,2025-02-24,0.0045695818086644,2025,2024-12-31,learned_vol_interaction,20260911,0.21726632262479165,0.21726632262479165,0,1
rolling5_matched,3413,2025-02-21,2025-03-03,-0.0183210488158531,2025,2024-12-31,learned_vol_interaction,20260911,0.29111166124936355,0.29111166124936355,0,0
rolling5_matched,3418,2025-02-28,2025-03-10,0.0117650075646844,2025,2024-12-31,learned_vol_interaction,20260911,0.39944774721295967,0.39944774721295967,0,1
rolling5_matched,3423,2025-03-07,2025-03-17,0.019023819058288,2025,2024-12-31,learned_vol_interaction,20260911,0.5350606965124758,0.5350606965124758,1,1
rolling5_matched,3428,2025-03-14,2025-03-24,-0.0259983485216283,2025,2024-12-31,learned_vol_interaction,20260911,0.19154788476027143,0.19154788476027143,0,0
rolling5_matched,3433,2025-03-21,2025-03-31,-0.0025867506275359,2025,2024-12-31,learned_vol_interaction,20260911,0.18795093757077452,0.18795093757077452,0,0
rolling5_matched,3438,2025-03-28,2025-04-14,-0.0342910101946246,2025,2024-12-31,learned_vol_interaction,20260911,0.6161838455221224,0.6161838455221224,1,0
rolling5_matched,3447,2025-04-11,2025-04-21,-0.0010339232881941,2025,2024-12-31,learned_vol_interaction,20260911,0.28974762582792385,0.28974762582792385,0,0
rolling5_matched,3452,2025-04-18,2025-04-28,0.0048432383085554,2025,2024-12-31,learned_vol_interaction,20260911,0.2928647465323608,0.2928647465323608,0,1
rolling5_matched,3457,2025-04-25,2025-05-12,0.02116527880118,2025,2024-12-31,learned_vol_interaction,20260911,0.14992544721714288,0.14992544721714288,0,1
rolling5_matched,3464,2025-05-09,2025-05-19,0.0041484224873464,2025,2024-12-31,learned_vol_interaction,20260911,0.2101215277120317,0.2101215277120317,0,1
rolling5_matched,3469,2025-05-16,2025-05-26,-0.0017462660042188,2025,2024-12-31,learned_vol_interaction,20260911,0.1421188319124831,0.1421188319124831,0,0
rolling5_matched,3474,2025-05-23,2025-06-03,-0.0109216443615366,2025,2024-12-31,learned_vol_interaction,20260911,0.3594924919146776,0.3594924919146776,0,0
rolling5_matched,3479,2025-05-30,2025-06-09,0.011566574321892,2025,2024-12-31,learned_vol_interaction,20260911,0.021119152950558356,0.021119152950558356,0,1
rolling5_matched,3483,2025-06-06,2025-06-16,-0.0062354943524679,2025,2024-12-31,learned_vol_interaction,20260911,0.7157966844452476,0.7157966844452476,1,0
rolling5_matched,3488,2025-06-13,2025-06-23,-0.005825691168304,2025,2024-12-31,learned_vol_interaction,20260911,0.7519758596092846,0.7519758596092846,1,0
rolling5_matched,3493,2025-06-20,2025-06-30,0.0232670437490374,2025,2024-12-31,learned_vol_interaction,20260911,0.2727954911717323,0.2727954911717323,0,1
rolling5_matched,3498,2025-06-27,2025-07-07,0.0145345648685946,2025,2024-12-31,learned_vol_interaction,20260911,0.29452742002233073,0.29452742002233073,0,1
rolling5_matched,3503,2025-07-04,2025-07-14,0.0110426949002964,2025,2024-12-31,learned_vol_interaction,20260911,0.4311873555798214,0.4311873555798214,0,1
rolling5_matched,3508,2025-07-11,2025-07-21,0.0120759671840067,2025,2024-12-31,learned_vol_interaction,20260911,0.27374118763121696,0.27374118763121696,0,1
rolling5_matched,3513,2025-07-18,2025-07-28,0.0143570766898375,2025,2024-12-31,learned_vol_interaction,20260911,0.899367675588476,0.899367675588476,1,1
rolling5_matched,3518,2025-07-25,2025-08-04,-0.0218642507630443,2025,2024-12-31,learned_vol_interaction,20260911,0.6877926781973585,0.6877926781973585,1,0
rolling5_matched,3523,2025-08-01,2025-08-11,0.0179175520190988,2025,2024-12-31,learned_vol_interaction,20260911,0.9514431911211144,0.9514431911211144,1,1
rolling5_matched,3528,2025-08-08,2025-08-18,0.026265786598999,2025,2024-12-31,learned_vol_interaction,20260911,0.355728175366468,0.355728175366468,0,1
rolling5_matched,3533,2025-08-15,2025-08-25,0.0469483790671487,2025,2024-12-31,learned_vol_interaction,20260911,0.9996266745137184,0.9996266745137184,1,1
rolling5_matched,3538,2025-08-22,2025-09-01,0.0227770368340847,2025,2024-12-31,learned_vol_interaction,20260911,0.6022327445744606,0.6022327445744606,1,1
rolling5_matched,3543,2025-08-29,2025-09-08,-0.0110053842475337,2025,2024-12-31,learned_vol_interaction,20260911,0.4181153157623604,0.4181153157623604,0,0
rolling5_matched,3548,2025-09-05,2025-09-15,0.0151594857594405,2025,2024-12-31,learned_vol_interaction,20260911,0.48160856153259907,0.48160856153259907,0,1
rolling5_matched,3553,2025-09-12,2025-09-22,-0.0050409160971932,2025,2024-12-31,learned_vol_interaction,20260911,0.8424438527614723,0.8424438527614723,1,0
rolling5_matched,3558,2025-09-19,2025-09-29,0.0095300784790881,2025,2024-12-31,learned_vol_interaction,20260911,0.5149144355823959,0.5149144355823959,1,1
rolling5_matched,3563,2025-09-26,2025-10-13,-0.0140855274279203,2025,2024-12-31,learned_vol_interaction,20260911,0.38229983319524924,0.38229983319524924,0,0
rolling5_matched,3567,2025-10-10,2025-10-20,0.015001547584321,2025,2024-12-31,learned_vol_interaction,20260911,0.33611172811488366,0.33611172811488366,0,1
rolling5_matched,3572,2025-10-17,2025-10-27,0.0309637052897611,2025,2024-12-31,learned_vol_interaction,20260911,0.6517377654297009,0.6517377654297009,1,1
rolling5_matched,3577,2025-10-24,2025-11-03,-0.013331545863497,2025,2024-12-31,learned_vol_interaction,20260911,0.28147604463627707,0.28147604463627707,0,0
rolling5_matched,3582,2025-10-31,2025-11-10,0.0110832418536339,2025,2024-12-31,learned_vol_interaction,20260911,0.7364385279473393,0.7364385279473393,1,1
rolling5_matched,3587,2025-11-07,2025-11-17,-0.0152107881197579,2025,2024-12-31,learned_vol_interaction,20260911,0.6030179816394627,0.6030179816394627,1,0
rolling5_matched,3592,2025-11-14,2025-11-24,-0.031114557454173,2025,2024-12-31,learned_vol_interaction,20260911,0.6707410907562362,0.6707410907562362,1,0
rolling5_matched,3597,2025-11-21,2025-12-01,0.0147613767448515,2025,2024-12-31,learned_vol_interaction,20260911,0.7270607011576955,0.7270607011576955,1,1
rolling5_matched,3602,2025-11-28,2025-12-08,0.0118853804313106,2025,2024-12-31,learned_vol_interaction,20260911,0.19109674030198343,0.19109674030198343,0,1
rolling5_matched,3607,2025-12-05,2025-12-15,-0.0093922675990717,2025,2024-12-31,learned_vol_interaction,20260911,0.5420247528404306,0.5420247528404306,1,0
rolling5_matched,3612,2025-12-12,2025-12-22,0.0082791208791208,2025,2024-12-31,learned_vol_interaction,20260911,0.5984017547851145,0.5984017547851145,1,1
rolling5_matched,3617,2025-12-19,2025-12-29,0.0153890755001995,2025,2024-12-31,learned_vol_interaction,20260911,0.4493494104646036,0.4493494104646036,0,1
rolling5_matched,3622,2025-12-26,2026-01-12,0.0239101640737868,2025,2024-12-31,learned_vol_interaction,20260911,0.4368830931036635,0.4368830931036635,0,1
rolling5_matched,3384,2025-01-03,2025-01-13,-0.0189486730632231,2025,2024-12-31,learned_order_extension,20260911,0.5248455912147642,0.5248455912147642,1,0
rolling5_matched,3389,2025-01-10,2025-01-20,0.0353251773547418,2025,2024-12-31,learned_order_extension,20260911,0.683342443816543,0.683342443816543,1,1
rolling5_matched,3394,2025-01-17,2025-01-27,0.000432821422053,2025,2024-12-31,learned_order_extension,20260911,0.6869366387173754,0.6869366387173754,1,1
rolling5_matched,3399,2025-01-24,2025-02-10,0.0159344898044284,2025,2024-12-31,learned_order_extension,20260911,0.6047041736454374,0.6047041736454374,1,1
rolling5_matched,3403,2025-02-07,2025-02-17,0.0144454990892999,2025,2024-12-31,learned_order_extension,20260911,0.4892114250268139,0.4892114250268139,0,1
rolling5_matched,3408,2025-02-14,2025-02-24,0.0045695818086644,2025,2024-12-31,learned_order_extension,20260911,0.23679775620654747,0.23679775620654747,0,1
rolling5_matched,3413,2025-02-21,2025-03-03,-0.0183210488158531,2025,2024-12-31,learned_order_extension,20260911,0.26927922193104004,0.26927922193104004,0,0
rolling5_matched,3418,2025-02-28,2025-03-10,0.0117650075646844,2025,2024-12-31,learned_order_extension,20260911,0.4032919407585828,0.4032919407585828,0,1
rolling5_matched,3423,2025-03-07,2025-03-17,0.019023819058288,2025,2024-12-31,learned_order_extension,20260911,0.6299775593502093,0.6299775593502093,1,1
rolling5_matched,3428,2025-03-14,2025-03-24,-0.0259983485216283,2025,2024-12-31,learned_order_extension,20260911,0.19622984362905083,0.19622984362905083,0,0
rolling5_matched,3433,2025-03-21,2025-03-31,-0.0025867506275359,2025,2024-12-31,learned_order_extension,20260911,0.19862955740837832,0.19862955740837832,0,0
rolling5_matched,3438,2025-03-28,2025-04-14,-0.0342910101946246,2025,2024-12-31,learned_order_extension,20260911,0.7175837289851599,0.7175837289851599,1,0
rolling5_matched,3447,2025-04-11,2025-04-21,-0.0010339232881941,2025,2024-12-31,learned_order_extension,20260911,0.22270607215715735,0.22270607215715735,0,0
rolling5_matched,3452,2025-04-18,2025-04-28,0.0048432383085554,2025,2024-12-31,learned_order_extension,20260911,0.22980003535773358,0.22980003535773358,0,1
rolling5_matched,3457,2025-04-25,2025-05-12,0.02116527880118,2025,2024-12-31,learned_order_extension,20260911,0.090454829267962,0.090454829267962,0,1
rolling5_matched,3464,2025-05-09,2025-05-19,0.0041484224873464,2025,2024-12-31,learned_order_extension,20260911,0.20947879893369376,0.20947879893369376,0,1
rolling5_matched,3469,2025-05-16,2025-05-26,-0.0017462660042188,2025,2024-12-31,learned_order_extension,20260911,0.14143707026432398,0.14143707026432398,0,0
rolling5_matched,3474,2025-05-23,2025-06-03,-0.0109216443615366,2025,2024-12-31,learned_order_extension,20260911,0.41621965712811126,0.41621965712811126,0,0
rolling5_matched,3479,2025-05-30,2025-06-09,0.011566574321892,2025,2024-12-31,learned_order_extension,20260911,0.027746435998618608,0.027746435998618608,0,1
rolling5_matched,3483,2025-06-06,2025-06-16,-0.0062354943524679,2025,2024-12-31,learned_order_extension,20260911,0.7415923330359256,0.7415923330359256,1,0
rolling5_matched,3488,2025-06-13,2025-06-23,-0.005825691168304,2025,2024-12-31,learned_order_extension,20260911,0.7578876820326519,0.7578876820326519,1,0
rolling5_matched,3493,2025-06-20,2025-06-30,0.0232670437490374,2025,2024-12-31,learned_order_extension,20260911,0.241774690145468,0.241774690145468,0,1
rolling5_matched,3498,2025-06-27,2025-07-07,0.0145345648685946,2025,2024-12-31,learned_order_extension,20260911,0.28936260279251286,0.28936260279251286,0,1
rolling5_matched,3503,2025-07-04,2025-07-14,0.0110426949002964,2025,2024-12-31,learned_order_extension,20260911,0.43845844874210815,0.43845844874210815,0,1
rolling5_matched,3508,2025-07-11,2025-07-21,0.0120759671840067,2025,2024-12-31,learned_order_extension,20260911,0.2570636460040446,0.2570636460040446,0,1
rolling5_matched,3513,2025-07-18,2025-07-28,0.0143570766898375,2025,2024-12-31,learned_order_extension,20260911,0.9449419717758262,0.9449419717758262,1,1
rolling5_matched,3518,2025-07-25,2025-08-04,-0.0218642507630443,2025,2024-12-31,learned_order_extension,20260911,0.6865880860776041,0.6865880860776041,1,0
rolling5_matched,3523,2025-08-01,2025-08-11,0.0179175520190988,2025,2024-12-31,learned_order_extension,20260911,0.9274070752062284,0.9274070752062284,1,1
rolling5_matched,3528,2025-08-08,2025-08-18,0.026265786598999,2025,2024-12-31,learned_order_extension,20260911,0.38318663068052633,0.38318663068052633,0,1
rolling5_matched,3533,2025-08-15,2025-08-25,0.0469483790671487,2025,2024-12-31,learned_order_extension,20260911,0.9998377148062685,0.9998377148062685,1,1
rolling5_matched,3538,2025-08-22,2025-09-01,0.0227770368340847,2025,2024-12-31,learned_order_extension,20260911,0.6323720866854093,0.6323720866854093,1,1
rolling5_matched,3543,2025-08-29,2025-09-08,-0.0110053842475337,2025,2024-12-31,learned_order_extension,20260911,0.41391428247096435,0.41391428247096435,0,0
rolling5_matched,3548,2025-09-05,2025-09-15,0.0151594857594405,2025,2024-12-31,learned_order_extension,20260911,0.45511724494321015,0.45511724494321015,0,1
rolling5_matched,3553,2025-09-12,2025-09-22,-0.0050409160971932,2025,2024-12-31,learned_order_extension,20260911,0.8349665614717748,0.8349665614717748,1,0
rolling5_matched,3558,2025-09-19,2025-09-29,0.0095300784790881,2025,2024-12-31,learned_order_extension,20260911,0.5192321638143546,0.5192321638143546,1,1
rolling5_matched,3563,2025-09-26,2025-10-13,-0.0140855274279203,2025,2024-12-31,learned_order_extension,20260911,0.3657549808710774,0.3657549808710774,0,0
rolling5_matched,3567,2025-10-10,2025-10-20,0.015001547584321,2025,2024-12-31,learned_order_extension,20260911,0.3129973916401769,0.3129973916401769,0,1
rolling5_matched,3572,2025-10-17,2025-10-27,0.0309637052897611,2025,2024-12-31,learned_order_extension,20260911,0.6570138603096258,0.6570138603096258,1,1
rolling5_matched,3577,2025-10-24,2025-11-03,-0.013331545863497,2025,2024-12-31,learned_order_extension,20260911,0.25939147897126846,0.25939147897126846,0,0
rolling5_matched,3582,2025-10-31,2025-11-10,0.0110832418536339,2025,2024-12-31,learned_order_extension,20260911,0.7792007383430921,0.7792007383430921,1,1
rolling5_matched,3587,2025-11-07,2025-11-17,-0.0152107881197579,2025,2024-12-31,learned_order_extension,20260911,0.6463110291007736,0.6463110291007736,1,0
rolling5_matched,3592,2025-11-14,2025-11-24,-0.031114557454173,2025,2024-12-31,learned_order_extension,20260911,0.7272276670399621,0.7272276670399621,1,0
rolling5_matched,3597,2025-11-21,2025-12-01,0.0147613767448515,2025,2024-12-31,learned_order_extension,20260911,0.7750836734775458,0.7750836734775458,1,1
rolling5_matched,3602,2025-11-28,2025-12-08,0.0118853804313106,2025,2024-12-31,learned_order_extension,20260911,0.149113753070861,0.149113753070861,0,1
rolling5_matched,3607,2025-12-05,2025-12-15,-0.0093922675990717,2025,2024-12-31,learned_order_extension,20260911,0.5991152754064054,0.5991152754064054,1,0
rolling5_matched,3612,2025-12-12,2025-12-22,0.0082791208791208,2025,2024-12-31,learned_order_extension,20260911,0.653313608609841,0.653313608609841,1,1
rolling5_matched,3617,2025-12-19,2025-12-29,0.0153890755001995,2025,2024-12-31,learned_order_extension,20260911,0.4522895863385838,0.4522895863385838,0,1
rolling5_matched,3622,2025-12-26,2026-01-12,0.0239101640737868,2025,2024-12-31,learned_order_extension,20260911,0.45194940650399285,0.45194940650399285,0,1
rolling5_matched,3384,2025-01-03,2025-01-13,-0.0189486730632231,2025,2024-12-31,learned_order_offset,20260911,0.5327732497080974,0.5327732497080974,1,0
rolling5_matched,3389,2025-01-10,2025-01-20,0.0353251773547418,2025,2024-12-31,learned_order_offset,20260911,0.6812124754186221,0.6812124754186221,1,1
rolling5_matched,3394,2025-01-17,2025-01-27,0.000432821422053,2025,2024-12-31,learned_order_offset,20260911,0.6762865071790906,0.6762865071790906,1,1
rolling5_matched,3399,2025-01-24,2025-02-10,0.0159344898044284,2025,2024-12-31,learned_order_offset,20260911,0.6058594814466317,0.6058594814466317,1,1
rolling5_matched,3403,2025-02-07,2025-02-17,0.0144454990892999,2025,2024-12-31,learned_order_offset,20260911,0.48406082750834917,0.48406082750834917,0,1
rolling5_matched,3408,2025-02-14,2025-02-24,0.0045695818086644,2025,2024-12-31,learned_order_offset,20260911,0.23292861267769813,0.23292861267769813,0,1
rolling5_matched,3413,2025-02-21,2025-03-03,-0.0183210488158531,2025,2024-12-31,learned_order_offset,20260911,0.27788668291527957,0.27788668291527957,0,0
rolling5_matched,3418,2025-02-28,2025-03-10,0.0117650075646844,2025,2024-12-31,learned_order_offset,20260911,0.4075197342546643,0.4075197342546643,0,1
rolling5_matched,3423,2025-03-07,2025-03-17,0.019023819058288,2025,2024-12-31,learned_order_offset,20260911,0.6210846793798368,0.6210846793798368,1,1
rolling5_matched,3428,2025-03-14,2025-03-24,-0.0259983485216283,2025,2024-12-31,learned_order_offset,20260911,0.19667902193397083,0.19667902193397083,0,0
rolling5_matched,3433,2025-03-21,2025-03-31,-0.0025867506275359,2025,2024-12-31,learned_order_offset,20260911,0.19255362314752084,0.19255362314752084,0,0
rolling5_matched,3438,2025-03-28,2025-04-14,-0.0342910101946246,2025,2024-12-31,learned_order_offset,20260911,0.702664606633384,0.702664606633384,1,0
rolling5_matched,3447,2025-04-11,2025-04-21,-0.0010339232881941,2025,2024-12-31,learned_order_offset,20260911,0.23024377431109205,0.23024377431109205,0,0
rolling5_matched,3452,2025-04-18,2025-04-28,0.0048432383085554,2025,2024-12-31,learned_order_offset,20260911,0.22706514033738098,0.22706514033738098,0,1
rolling5_matched,3457,2025-04-25,2025-05-12,0.02116527880118,2025,2024-12-31,learned_order_offset,20260911,0.09383340154149833,0.09383340154149833,0,1
rolling5_matched,3464,2025-05-09,2025-05-19,0.0041484224873464,2025,2024-12-31,learned_order_offset,20260911,0.20417637679046477,0.20417637679046477,0,1
rolling5_matched,3469,2025-05-16,2025-05-26,-0.0017462660042188,2025,2024-12-31,learned_order_offset,20260911,0.13717616952248557,0.13717616952248557,0,0
rolling5_matched,3474,2025-05-23,2025-06-03,-0.0109216443615366,2025,2024-12-31,learned_order_offset,20260911,0.4260639028379017,0.4260639028379017,0,0
rolling5_matched,3479,2025-05-30,2025-06-09,0.011566574321892,2025,2024-12-31,learned_order_offset,20260911,0.03088974252337697,0.03088974252337697,0,1
rolling5_matched,3483,2025-06-06,2025-06-16,-0.0062354943524679,2025,2024-12-31,learned_order_offset,20260911,0.7338512197379737,0.7338512197379737,1,0
rolling5_matched,3488,2025-06-13,2025-06-23,-0.005825691168304,2025,2024-12-31,learned_order_offset,20260911,0.7528685212230514,0.7528685212230514,1,0
rolling5_matched,3493,2025-06-20,2025-06-30,0.0232670437490374,2025,2024-12-31,learned_order_offset,20260911,0.24187646291841178,0.24187646291841178,0,1
rolling5_matched,3498,2025-06-27,2025-07-07,0.0145345648685946,2025,2024-12-31,learned_order_offset,20260911,0.29329274385858434,0.29329274385858434,0,1
rolling5_matched,3503,2025-07-04,2025-07-14,0.0110426949002964,2025,2024-12-31,learned_order_offset,20260911,0.4280370010063566,0.4280370010063566,0,1
rolling5_matched,3508,2025-07-11,2025-07-21,0.0120759671840067,2025,2024-12-31,learned_order_offset,20260911,0.24570499259395787,0.24570499259395787,0,1
rolling5_matched,3513,2025-07-18,2025-07-28,0.0143570766898375,2025,2024-12-31,learned_order_offset,20260911,0.9505021245623537,0.9505021245623537,1,1
rolling5_matched,3518,2025-07-25,2025-08-04,-0.0218642507630443,2025,2024-12-31,learned_order_offset,20260911,0.6586857567518359,0.6586857567518359,1,0
rolling5_matched,3523,2025-08-01,2025-08-11,0.0179175520190988,2025,2024-12-31,learned_order_offset,20260911,0.9207063570949019,0.9207063570949019,1,1
rolling5_matched,3528,2025-08-08,2025-08-18,0.026265786598999,2025,2024-12-31,learned_order_offset,20260911,0.37256642193970063,0.37256642193970063,0,1
rolling5_matched,3533,2025-08-15,2025-08-25,0.0469483790671487,2025,2024-12-31,learned_order_offset,20260911,0.9996820824860588,0.9996820824860588,1,1
rolling5_matched,3538,2025-08-22,2025-09-01,0.0227770368340847,2025,2024-12-31,learned_order_offset,20260911,0.6153152837436098,0.6153152837436098,1,1
rolling5_matched,3543,2025-08-29,2025-09-08,-0.0110053842475337,2025,2024-12-31,learned_order_offset,20260911,0.41127299755147473,0.41127299755147473,0,0
rolling5_matched,3548,2025-09-05,2025-09-15,0.0151594857594405,2025,2024-12-31,learned_order_offset,20260911,0.4380576322615154,0.4380576322615154,0,1
rolling5_matched,3553,2025-09-12,2025-09-22,-0.0050409160971932,2025,2024-12-31,learned_order_offset,20260911,0.8060599579276678,0.8060599579276678,1,0
rolling5_matched,3558,2025-09-19,2025-09-29,0.0095300784790881,2025,2024-12-31,learned_order_offset,20260911,0.5152071076027019,0.5152071076027019,1,1
rolling5_matched,3563,2025-09-26,2025-10-13,-0.0140855274279203,2025,2024-12-31,learned_order_offset,20260911,0.37561469508242873,0.37561469508242873,0,0
rolling5_matched,3567,2025-10-10,2025-10-20,0.015001547584321,2025,2024-12-31,learned_order_offset,20260911,0.31692585025104963,0.31692585025104963,0,1
rolling5_matched,3572,2025-10-17,2025-10-27,0.0309637052897611,2025,2024-12-31,learned_order_offset,20260911,0.652852991287267,0.652852991287267,1,1
rolling5_matched,3577,2025-10-24,2025-11-03,-0.013331545863497,2025,2024-12-31,learned_order_offset,20260911,0.2659735561790566,0.2659735561790566,0,0
rolling5_matched,3582,2025-10-31,2025-11-10,0.0110832418536339,2025,2024-12-31,learned_order_offset,20260911,0.7648026236741788,0.7648026236741788,1,1
rolling5_matched,3587,2025-11-07,2025-11-17,-0.0152107881197579,2025,2024-12-31,learned_order_offset,20260911,0.6487467959686336,0.6487467959686336,1,0
rolling5_matched,3592,2025-11-14,2025-11-24,-0.031114557454173,2025,2024-12-31,learned_order_offset,20260911,0.7152466949036935,0.7152466949036935,1,0
rolling5_matched,3597,2025-11-21,2025-12-01,0.0147613767448515,2025,2024-12-31,learned_order_offset,20260911,0.7649288681516444,0.7649288681516444,1,1
rolling5_matched,3602,2025-11-28,2025-12-08,0.0118853804313106,2025,2024-12-31,learned_order_offset,20260911,0.16467174257457337,0.16467174257457337,0,1
rolling5_matched,3607,2025-12-05,2025-12-15,-0.0093922675990717,2025,2024-12-31,learned_order_offset,20260911,0.5963040127063954,0.5963040127063954,1,0
rolling5_matched,3612,2025-12-12,2025-12-22,0.0082791208791208,2025,2024-12-31,learned_order_offset,20260911,0.6522253733216137,0.6522253733216137,1,1
rolling5_matched,3617,2025-12-19,2025-12-29,0.0153890755001995,2025,2024-12-31,learned_order_offset,20260911,0.45298748165519936,0.45298748165519936,0,1
rolling5_matched,3622,2025-12-26,2026-01-12,0.0239101640737868,2025,2024-12-31,learned_order_offset,20260911,0.4471373559189462,0.4471373559189462,0,1
rolling5_matched,3384,2025-01-03,2025-01-13,-0.0189486730632231,2025,2024-12-31,native_mse,20260911,-0.0032928501234631264,,0,0
rolling5_matched,3389,2025-01-10,2025-01-20,0.0353251773547418,2025,2024-12-31,native_mse,20260911,0.0021214385185321393,,1,1
rolling5_matched,3394,2025-01-17,2025-01-27,0.000432821422053,2025,2024-12-31,native_mse,20260911,0.0017925991792929856,,1,1
rolling5_matched,3399,2025-01-24,2025-02-10,0.0159344898044284,2025,2024-12-31,native_mse,20260911,0.0006445339028256662,,1,1
rolling5_matched,3403,2025-02-07,2025-02-17,0.0144454990892999,2025,2024-12-31,native_mse,20260911,-0.001866455011273754,,0,1
rolling5_matched,3408,2025-02-14,2025-02-24,0.0045695818086644,2025,2024-12-31,native_mse,20260911,-0.011983306436527265,,0,1
rolling5_matched,3413,2025-02-21,2025-03-03,-0.0183210488158531,2025,2024-12-31,native_mse,20260911,-0.008805950799368488,,0,0
rolling5_matched,3418,2025-02-28,2025-03-10,0.0117650075646844,2025,2024-12-31,native_mse,20260911,-0.0032336045653063596,,0,1
rolling5_matched,3423,2025-03-07,2025-03-17,0.019023819058288,2025,2024-12-31,native_mse,20260911,0.0005231941515067649,,1,1
rolling5_matched,3428,2025-03-14,2025-03-24,-0.0259983485216283,2025,2024-12-31,native_mse,20260911,-0.013663800570356288,,0,0
rolling5_matched,3433,2025-03-21,2025-03-31,-0.0025867506275359,2025,2024-12-31,native_mse,20260911,-0.013699013141080296,,0,0
rolling5_matched,3438,2025-03-28,2025-04-14,-0.0342910101946246,2025,2024-12-31,native_mse,20260911,-0.0004933566213982143,,0,0
rolling5_matched,3447,2025-04-11,2025-04-21,-0.0010339232881941,2025,2024-12-31,native_mse,20260911,-0.009556610867740836,,0,0
rolling5_matched,3452,2025-04-18,2025-04-28,0.0048432383085554,2025,2024-12-31,native_mse,20260911,-0.009261690233875117,,0,1
rolling5_matched,3457,2025-04-25,2025-05-12,0.02116527880118,2025,2024-12-31,native_mse,20260911,-0.014236423299833973,,0,1
rolling5_matched,3464,2025-05-09,2025-05-19,0.0041484224873464,2025,2024-12-31,native_mse,20260911,-0.010736091738041032,,0,1
rolling5_matched,3469,2025-05-16,2025-05-26,-0.0017462660042188,2025,2024-12-31,native_mse,20260911,-0.016197224676512884,,0,0
rolling5_matched,3474,2025-05-23,2025-06-03,-0.0109216443615366,2025,2024-12-31,native_mse,20260911,-0.007855631220022603,,0,0
rolling5_matched,3479,2025-05-30,2025-06-09,0.011566574321892,2025,2024-12-31,native_mse,20260911,-0.03804304892076113,,0,1
rolling5_matched,3483,2025-06-06,2025-06-16,-0.0062354943524679,2025,2024-12-31,native_mse,20260911,0.004318945984064219,,1,0
rolling5_matched,3488,2025-06-13,2025-06-23,-0.005825691168304,2025,2024-12-31,native_mse,20260911,0.006561067054375669,,1,0
rolling5_matched,3493,2025-06-20,2025-06-30,0.0232670437490374,2025,2024-12-31,native_mse,20260911,-0.00703610295692413,,0,1
rolling5_matched,3498,2025-06-27,2025-07-07,0.0145345648685946,2025,2024-12-31,native_mse,20260911,-0.008677522173833864,,0,1
rolling5_matched,3503,2025-07-04,2025-07-14,0.0110426949002964,2025,2024-12-31,native_mse,20260911,-0.0038502324666010042,,0,1
rolling5_matched,3508,2025-07-11,2025-07-21,0.0120759671840067,2025,2024-12-31,native_mse,20260911,-0.007539477077846086,,0,1
rolling5_matched,3513,2025-07-18,2025-07-28,0.0143570766898375,2025,2024-12-31,native_mse,20260911,0.014791106217818779,,1,1
rolling5_matched,3518,2025-07-25,2025-08-04,-0.0218642507630443,2025,2024-12-31,native_mse,20260911,-0.0013478361498777966,,0,0
rolling5_matched,3523,2025-08-01,2025-08-11,0.0179175520190988,2025,2024-12-31,native_mse,20260911,0.005940160184992837,,1,1
rolling5_matched,3528,2025-08-08,2025-08-18,0.026265786598999,2025,2024-12-31,native_mse,20260911,-0.011233977358228621,,0,1
rolling5_matched,3533,2025-08-15,2025-08-25,0.0469483790671487,2025,2024-12-31,native_mse,20260911,0.056213205798889256,,1,1
rolling5_matched,3538,2025-08-22,2025-09-01,0.0227770368340847,2025,2024-12-31,native_mse,20260911,-0.003034790214696427,,0,1
rolling5_matched,3543,2025-08-29,2025-09-08,-0.0110053842475337,2025,2024-12-31,native_mse,20260911,-0.009397163390206168,,0,0
rolling5_matched,3548,2025-09-05,2025-09-15,0.0151594857594405,2025,2024-12-31,native_mse,20260911,-0.010559634720693935,,0,1
rolling5_matched,3553,2025-09-12,2025-09-22,-0.0050409160971932,2025,2024-12-31,native_mse,20260911,0.000758707436755657,,1,0
rolling5_matched,3558,2025-09-19,2025-09-29,0.0095300784790881,2025,2024-12-31,native_mse,20260911,-0.0066799246965739715,,0,1
rolling5_matched,3563,2025-09-26,2025-10-13,-0.0140855274279203,2025,2024-12-31,native_mse,20260911,-0.00930570457229038,,0,0
rolling5_matched,3567,2025-10-10,2025-10-20,0.015001547584321,2025,2024-12-31,native_mse,20260911,-0.012445407490256693,,0,1
rolling5_matched,3572,2025-10-17,2025-10-27,0.0309637052897611,2025,2024-12-31,native_mse,20260911,-0.0041442208574192325,,0,1
rolling5_matched,3577,2025-10-24,2025-11-03,-0.013331545863497,2025,2024-12-31,native_mse,20260911,-0.014357398564287822,,0,0
rolling5_matched,3582,2025-10-31,2025-11-10,0.0110832418536339,2025,2024-12-31,native_mse,20260911,0.0010064145893981062,,1,1
rolling5_matched,3587,2025-11-07,2025-11-17,-0.0152107881197579,2025,2024-12-31,native_mse,20260911,-0.0038825910169431404,,0,0
rolling5_matched,3592,2025-11-14,2025-11-24,-0.031114557454173,2025,2024-12-31,native_mse,20260911,0.00025103373006073437,,1,0
rolling5_matched,3597,2025-11-21,2025-12-01,0.0147613767448515,2025,2024-12-31,native_mse,20260911,0.0010417499925393838,,1,1
rolling5_matched,3602,2025-11-28,2025-12-08,0.0118853804313106,2025,2024-12-31,native_mse,20260911,-0.016653948603677336,,0,1
rolling5_matched,3607,2025-12-05,2025-12-15,-0.0093922675990717,2025,2024-12-31,native_mse,20260911,-0.002276985241276225,,0,0
rolling5_matched,3612,2025-12-12,2025-12-22,0.0082791208791208,2025,2024-12-31,native_mse,20260911,-0.0005776131284442713,,0,1
rolling5_matched,3617,2025-12-19,2025-12-29,0.0153890755001995,2025,2024-12-31,native_mse,20260911,-0.0038870996083188373,,0,1
rolling5_matched,3622,2025-12-26,2026-01-12,0.0239101640737868,2025,2024-12-31,native_mse,20260911,-0.004957861414427209,,0,1
rolling5_matched,3384,2025-01-03,2025-01-13,-0.0189486730632231,2025,2024-12-31,learned_market,20260912,0.4427595668317406,0.4427595668317406,0,0
rolling5_matched,3389,2025-01-10,2025-01-20,0.0353251773547418,2025,2024-12-31,learned_market,20260912,0.5492837120699213,0.5492837120699213,1,1
rolling5_matched,3394,2025-01-17,2025-01-27,0.000432821422053,2025,2024-12-31,learned_market,20260912,0.6413313841439735,0.6413313841439735,1,1
rolling5_matched,3399,2025-01-24,2025-02-10,0.0159344898044284,2025,2024-12-31,learned_market,20260912,0.8022489190023743,0.8022489190023743,1,1
rolling5_matched,3403,2025-02-07,2025-02-17,0.0144454990892999,2025,2024-12-31,learned_market,20260912,0.7043024319335444,0.7043024319335444,1,1
rolling5_matched,3408,2025-02-14,2025-02-24,0.0045695818086644,2025,2024-12-31,learned_market,20260912,0.3763881932302522,0.3763881932302522,0,1
rolling5_matched,3413,2025-02-21,2025-03-03,-0.0183210488158531,2025,2024-12-31,learned_market,20260912,0.324773979380119,0.324773979380119,0,0
rolling5_matched,3418,2025-02-28,2025-03-10,0.0117650075646844,2025,2024-12-31,learned_market,20260912,0.3984465799578236,0.3984465799578236,0,1
rolling5_matched,3423,2025-03-07,2025-03-17,0.019023819058288,2025,2024-12-31,learned_market,20260912,0.30371889862763757,0.30371889862763757,0,1
rolling5_matched,3428,2025-03-14,2025-03-24,-0.0259983485216283,2025,2024-12-31,learned_market,20260912,0.25382127607832666,0.25382127607832666,0,0
rolling5_matched,3433,2025-03-21,2025-03-31,-0.0025867506275359,2025,2024-12-31,learned_market,20260912,0.07163752437468246,0.07163752437468246,0,0
rolling5_matched,3438,2025-03-28,2025-04-14,-0.0342910101946246,2025,2024-12-31,learned_market,20260912,0.9090243067231274,0.9090243067231274,1,0
rolling5_matched,3447,2025-04-11,2025-04-21,-0.0010339232881941,2025,2024-12-31,learned_market,20260912,0.3095665215507912,0.3095665215507912,0,0
rolling5_matched,3452,2025-04-18,2025-04-28,0.0048432383085554,2025,2024-12-31,learned_market,20260912,0.8452305625881533,0.8452305625881533,1,1
rolling5_matched,3457,2025-04-25,2025-05-12,0.02116527880118,2025,2024-12-31,learned_market,20260912,0.2905531237653224,0.2905531237653224,0,1
rolling5_matched,3464,2025-05-09,2025-05-19,0.0041484224873464,2025,2024-12-31,learned_market,20260912,0.07829702192940338,0.07829702192940338,0,1
rolling5_matched,3469,2025-05-16,2025-05-26,-0.0017462660042188,2025,2024-12-31,learned_market,20260912,0.13357248591946053,0.13357248591946053,0,0
rolling5_matched,3474,2025-05-23,2025-06-03,-0.0109216443615366,2025,2024-12-31,learned_market,20260912,0.10127219723205254,0.10127219723205254,0,0
rolling5_matched,3479,2025-05-30,2025-06-09,0.011566574321892,2025,2024-12-31,learned_market,20260912,0.2740809234923942,0.2740809234923942,0,1
rolling5_matched,3483,2025-06-06,2025-06-16,-0.0062354943524679,2025,2024-12-31,learned_market,20260912,0.3068040671158679,0.3068040671158679,0,0
rolling5_matched,3488,2025-06-13,2025-06-23,-0.005825691168304,2025,2024-12-31,learned_market,20260912,0.06126407280672049,0.06126407280672049,0,0
rolling5_matched,3493,2025-06-20,2025-06-30,0.0232670437490374,2025,2024-12-31,learned_market,20260912,0.5445909256104097,0.5445909256104097,1,1
rolling5_matched,3498,2025-06-27,2025-07-07,0.0145345648685946,2025,2024-12-31,learned_market,20260912,0.6397327341439341,0.6397327341439341,1,1
rolling5_matched,3503,2025-07-04,2025-07-14,0.0110426949002964,2025,2024-12-31,learned_market,20260912,0.6766512832232892,0.6766512832232892,1,1
rolling5_matched,3508,2025-07-11,2025-07-21,0.0120759671840067,2025,2024-12-31,learned_market,20260912,0.6812044060283424,0.6812044060283424,1,1
rolling5_matched,3513,2025-07-18,2025-07-28,0.0143570766898375,2025,2024-12-31,learned_market,20260912,0.8483888815023373,0.8483888815023373,1,1
rolling5_matched,3518,2025-07-25,2025-08-04,-0.0218642507630443,2025,2024-12-31,learned_market,20260912,0.009997609606978437,0.009997609606978437,0,0
rolling5_matched,3523,2025-08-01,2025-08-11,0.0179175520190988,2025,2024-12-31,learned_market,20260912,0.3311160615580793,0.3311160615580793,0,1
rolling5_matched,3528,2025-08-08,2025-08-18,0.026265786598999,2025,2024-12-31,learned_market,20260912,0.15659316661918551,0.15659316661918551,0,1
rolling5_matched,3533,2025-08-15,2025-08-25,0.0469483790671487,2025,2024-12-31,learned_market,20260912,0.9012695059829857,0.9012695059829857,1,1
rolling5_matched,3538,2025-08-22,2025-09-01,0.0227770368340847,2025,2024-12-31,learned_market,20260912,0.9306905891017222,0.9306905891017222,1,1
rolling5_matched,3543,2025-08-29,2025-09-08,-0.0110053842475337,2025,2024-12-31,learned_market,20260912,0.7305188709393173,0.7305188709393173,1,0
rolling5_matched,3548,2025-09-05,2025-09-15,0.0151594857594405,2025,2024-12-31,learned_market,20260912,0.04307439759782444,0.04307439759782444,0,1
rolling5_matched,3553,2025-09-12,2025-09-22,-0.0050409160971932,2025,2024-12-31,learned_market,20260912,0.5740156042807668,0.5740156042807668,1,0
rolling5_matched,3558,2025-09-19,2025-09-29,0.0095300784790881,2025,2024-12-31,learned_market,20260912,0.8214920419316212,0.8214920419316212,1,1
rolling5_matched,3563,2025-09-26,2025-10-13,-0.0140855274279203,2025,2024-12-31,learned_market,20260912,0.3700243015091606,0.3700243015091606,0,0
rolling5_matched,3567,2025-10-10,2025-10-20,0.015001547584321,2025,2024-12-31,learned_market,20260912,0.1823301837626956,0.1823301837626956,0,1
rolling5_matched,3572,2025-10-17,2025-10-27,0.0309637052897611,2025,2024-12-31,learned_market,20260912,0.06174578512401641,0.06174578512401641,0,1
rolling5_matched,3577,2025-10-24,2025-11-03,-0.013331545863497,2025,2024-12-31,learned_market,20260912,0.512874290460605,0.512874290460605,1,0
rolling5_matched,3582,2025-10-31,2025-11-10,0.0110832418536339,2025,2024-12-31,learned_market,20260912,0.4569475252563849,0.4569475252563849,0,1
rolling5_matched,3587,2025-11-07,2025-11-17,-0.0152107881197579,2025,2024-12-31,learned_market,20260912,0.6685466860160565,0.6685466860160565,1,0
rolling5_matched,3592,2025-11-14,2025-11-24,-0.031114557454173,2025,2024-12-31,learned_market,20260912,0.14294764094813758,0.14294764094813758,0,0
rolling5_matched,3597,2025-11-21,2025-12-01,0.0147613767448515,2025,2024-12-31,learned_market,20260912,0.5430335677164816,0.5430335677164816,1,1
rolling5_matched,3602,2025-11-28,2025-12-08,0.0118853804313106,2025,2024-12-31,learned_market,20260912,0.4149254449027627,0.4149254449027627,0,1
rolling5_matched,3607,2025-12-05,2025-12-15,-0.0093922675990717,2025,2024-12-31,learned_market,20260912,0.6514984573885154,0.6514984573885154,1,0
rolling5_matched,3612,2025-12-12,2025-12-22,0.0082791208791208,2025,2024-12-31,learned_market,20260912,0.38045794868094096,0.38045794868094096,0,1
rolling5_matched,3617,2025-12-19,2025-12-29,0.0153890755001995,2025,2024-12-31,learned_market,20260912,0.47204072476829645,0.47204072476829645,0,1
rolling5_matched,3622,2025-12-26,2026-01-12,0.0239101640737868,2025,2024-12-31,learned_market,20260912,0.32477084981661686,0.32477084981661686,0,1
rolling5_matched,3384,2025-01-03,2025-01-13,-0.0189486730632231,2025,2024-12-31,learned_vol_interaction,20260912,0.4404908532013152,0.4404908532013152,0,0
rolling5_matched,3389,2025-01-10,2025-01-20,0.0353251773547418,2025,2024-12-31,learned_vol_interaction,20260912,0.5514968786527515,0.5514968786527515,1,1
rolling5_matched,3394,2025-01-17,2025-01-27,0.000432821422053,2025,2024-12-31,learned_vol_interaction,20260912,0.6424409348838035,0.6424409348838035,1,1
rolling5_matched,3399,2025-01-24,2025-02-10,0.0159344898044284,2025,2024-12-31,learned_vol_interaction,20260912,0.80302909386027,0.80302909386027,1,1
rolling5_matched,3403,2025-02-07,2025-02-17,0.0144454990892999,2025,2024-12-31,learned_vol_interaction,20260912,0.7040777389597457,0.7040777389597457,1,1
rolling5_matched,3408,2025-02-14,2025-02-24,0.0045695818086644,2025,2024-12-31,learned_vol_interaction,20260912,0.3675225106333587,0.3675225106333587,0,1
rolling5_matched,3413,2025-02-21,2025-03-03,-0.0183210488158531,2025,2024-12-31,learned_vol_interaction,20260912,0.3145821255977901,0.3145821255977901,0,0
rolling5_matched,3418,2025-02-28,2025-03-10,0.0117650075646844,2025,2024-12-31,learned_vol_interaction,20260912,0.39342105154389195,0.39342105154389195,0,1
rolling5_matched,3423,2025-03-07,2025-03-17,0.019023819058288,2025,2024-12-31,learned_vol_interaction,20260912,0.30485829158639466,0.30485829158639466,0,1
rolling5_matched,3428,2025-03-14,2025-03-24,-0.0259983485216283,2025,2024-12-31,learned_vol_interaction,20260912,0.25092362912256605,0.25092362912256605,0,0
rolling5_matched,3433,2025-03-21,2025-03-31,-0.0025867506275359,2025,2024-12-31,learned_vol_interaction,20260912,0.06787314368248419,0.06787314368248419,0,0
rolling5_matched,3438,2025-03-28,2025-04-14,-0.0342910101946246,2025,2024-12-31,learned_vol_interaction,20260912,0.916532024806294,0.916532024806294,1,0
rolling5_matched,3447,2025-04-11,2025-04-21,-0.0010339232881941,2025,2024-12-31,learned_vol_interaction,20260912,0.3180140149919216,0.3180140149919216,0,0
rolling5_matched,3452,2025-04-18,2025-04-28,0.0048432383085554,2025,2024-12-31,learned_vol_interaction,20260912,0.8278606991459965,0.8278606991459965,1,1
rolling5_matched,3457,2025-04-25,2025-05-12,0.02116527880118,2025,2024-12-31,learned_vol_interaction,20260912,0.3080482954473841,0.3080482954473841,0,1
rolling5_matched,3464,2025-05-09,2025-05-19,0.0041484224873464,2025,2024-12-31,learned_vol_interaction,20260912,0.0722895233298412,0.0722895233298412,0,1
rolling5_matched,3469,2025-05-16,2025-05-26,-0.0017462660042188,2025,2024-12-31,learned_vol_interaction,20260912,0.1224841739467533,0.1224841739467533,0,0
rolling5_matched,3474,2025-05-23,2025-06-03,-0.0109216443615366,2025,2024-12-31,learned_vol_interaction,20260912,0.09490969489099849,0.09490969489099849,0,0
rolling5_matched,3479,2025-05-30,2025-06-09,0.011566574321892,2025,2024-12-31,learned_vol_interaction,20260912,0.26819349970902123,0.26819349970902123,0,1
rolling5_matched,3483,2025-06-06,2025-06-16,-0.0062354943524679,2025,2024-12-31,learned_vol_interaction,20260912,0.2985110225621953,0.2985110225621953,0,0
rolling5_matched,3488,2025-06-13,2025-06-23,-0.005825691168304,2025,2024-12-31,learned_vol_interaction,20260912,0.05396057582777742,0.05396057582777742,0,0
rolling5_matched,3493,2025-06-20,2025-06-30,0.0232670437490374,2025,2024-12-31,learned_vol_interaction,20260912,0.5604136317794423,0.5604136317794423,1,1
rolling5_matched,3498,2025-06-27,2025-07-07,0.0145345648685946,2025,2024-12-31,learned_vol_interaction,20260912,0.6368306544979305,0.6368306544979305,1,1
rolling5_matched,3503,2025-07-04,2025-07-14,0.0110426949002964,2025,2024-12-31,learned_vol_interaction,20260912,0.6831719536990373,0.6831719536990373,1,1
rolling5_matched,3508,2025-07-11,2025-07-21,0.0120759671840067,2025,2024-12-31,learned_vol_interaction,20260912,0.6881337681998345,0.6881337681998345,1,1
rolling5_matched,3513,2025-07-18,2025-07-28,0.0143570766898375,2025,2024-12-31,learned_vol_interaction,20260912,0.8546482522952549,0.8546482522952549,1,1
rolling5_matched,3518,2025-07-25,2025-08-04,-0.0218642507630443,2025,2024-12-31,learned_vol_interaction,20260912,0.007715240210843607,0.007715240210843607,0,0
rolling5_matched,3523,2025-08-01,2025-08-11,0.0179175520190988,2025,2024-12-31,learned_vol_interaction,20260912,0.3248036875424549,0.3248036875424549,0,1
rolling5_matched,3528,2025-08-08,2025-08-18,0.026265786598999,2025,2024-12-31,learned_vol_interaction,20260912,0.1481397358522978,0.1481397358522978,0,1
rolling5_matched,3533,2025-08-15,2025-08-25,0.0469483790671487,2025,2024-12-31,learned_vol_interaction,20260912,0.9055586560135325,0.9055586560135325,1,1
rolling5_matched,3538,2025-08-22,2025-09-01,0.0227770368340847,2025,2024-12-31,learned_vol_interaction,20260912,0.9339480626789123,0.9339480626789123,1,1
rolling5_matched,3543,2025-08-29,2025-09-08,-0.0110053842475337,2025,2024-12-31,learned_vol_interaction,20260912,0.73105424902547,0.73105424902547,1,0
rolling5_matched,3548,2025-09-05,2025-09-15,0.0151594857594405,2025,2024-12-31,learned_vol_interaction,20260912,0.0419813402337196,0.0419813402337196,0,1
rolling5_matched,3553,2025-09-12,2025-09-22,-0.0050409160971932,2025,2024-12-31,learned_vol_interaction,20260912,0.5721877887586909,0.5721877887586909,1,0
rolling5_matched,3558,2025-09-19,2025-09-29,0.0095300784790881,2025,2024-12-31,learned_vol_interaction,20260912,0.8167792655432069,0.8167792655432069,1,1
rolling5_matched,3563,2025-09-26,2025-10-13,-0.0140855274279203,2025,2024-12-31,learned_vol_interaction,20260912,0.3708865168937685,0.3708865168937685,0,0
rolling5_matched,3567,2025-10-10,2025-10-20,0.015001547584321,2025,2024-12-31,learned_vol_interaction,20260912,0.1794760317985486,0.1794760317985486,0,1
rolling5_matched,3572,2025-10-17,2025-10-27,0.0309637052897611,2025,2024-12-31,learned_vol_interaction,20260912,0.05969784395660177,0.05969784395660177,0,1
rolling5_matched,3577,2025-10-24,2025-11-03,-0.013331545863497,2025,2024-12-31,learned_vol_interaction,20260912,0.5124950842201862,0.5124950842201862,1,0
rolling5_matched,3582,2025-10-31,2025-11-10,0.0110832418536339,2025,2024-12-31,learned_vol_interaction,20260912,0.45380706522803566,0.45380706522803566,0,1
rolling5_matched,3587,2025-11-07,2025-11-17,-0.0152107881197579,2025,2024-12-31,learned_vol_interaction,20260912,0.6741141520190034,0.6741141520190034,1,0
rolling5_matched,3592,2025-11-14,2025-11-24,-0.031114557454173,2025,2024-12-31,learned_vol_interaction,20260912,0.13889806565586205,0.13889806565586205,0,0
rolling5_matched,3597,2025-11-21,2025-12-01,0.0147613767448515,2025,2024-12-31,learned_vol_interaction,20260912,0.546634696347486,0.546634696347486,1,1
rolling5_matched,3602,2025-11-28,2025-12-08,0.0118853804313106,2025,2024-12-31,learned_vol_interaction,20260912,0.4179465906099194,0.4179465906099194,0,1
rolling5_matched,3607,2025-12-05,2025-12-15,-0.0093922675990717,2025,2024-12-31,learned_vol_interaction,20260912,0.6588754620825854,0.6588754620825854,1,0
rolling5_matched,3612,2025-12-12,2025-12-22,0.0082791208791208,2025,2024-12-31,learned_vol_interaction,20260912,0.3784365743365825,0.3784365743365825,0,1
rolling5_matched,3617,2025-12-19,2025-12-29,0.0153890755001995,2025,2024-12-31,learned_vol_interaction,20260912,0.47478173216809505,0.47478173216809505,0,1
rolling5_matched,3622,2025-12-26,2026-01-12,0.0239101640737868,2025,2024-12-31,learned_vol_interaction,20260912,0.31930173545386276,0.31930173545386276,0,1
rolling5_matched,3384,2025-01-03,2025-01-13,-0.0189486730632231,2025,2024-12-31,learned_order_extension,20260912,0.4393290004813402,0.4393290004813402,0,0
rolling5_matched,3389,2025-01-10,2025-01-20,0.0353251773547418,2025,2024-12-31,learned_order_extension,20260912,0.5592889835988148,0.5592889835988148,1,1
rolling5_matched,3394,2025-01-17,2025-01-27,0.000432821422053,2025,2024-12-31,learned_order_extension,20260912,0.6621402915038355,0.6621402915038355,1,1
rolling5_matched,3399,2025-01-24,2025-02-10,0.0159344898044284,2025,2024-12-31,learned_order_extension,20260912,0.8233310801690067,0.8233310801690067,1,1
rolling5_matched,3403,2025-02-07,2025-02-17,0.0144454990892999,2025,2024-12-31,learned_order_extension,20260912,0.7199263203982934,0.7199263203982934,1,1
rolling5_matched,3408,2025-02-14,2025-02-24,0.0045695818086644,2025,2024-12-31,learned_order_extension,20260912,0.37519644879138214,0.37519644879138214,0,1
rolling5_matched,3413,2025-02-21,2025-03-03,-0.0183210488158531,2025,2024-12-31,learned_order_extension,20260912,0.3146832005960543,0.3146832005960543,0,0
rolling5_matched,3418,2025-02-28,2025-03-10,0.0117650075646844,2025,2024-12-31,learned_order_extension,20260912,0.39281447856967133,0.39281447856967133,0,1
rolling5_matched,3423,2025-03-07,2025-03-17,0.019023819058288,2025,2024-12-31,learned_order_extension,20260912,0.3065181542996159,0.3065181542996159,0,1
rolling5_matched,3428,2025-03-14,2025-03-24,-0.0259983485216283,2025,2024-12-31,learned_order_extension,20260912,0.24903500576762244,0.24903500576762244,0,0
rolling5_matched,3433,2025-03-21,2025-03-31,-0.0025867506275359,2025,2024-12-31,learned_order_extension,20260912,0.06258080413919365,0.06258080413919365,0,0
rolling5_matched,3438,2025-03-28,2025-04-14,-0.0342910101946246,2025,2024-12-31,learned_order_extension,20260912,0.9389422453868986,0.9389422453868986,1,0
rolling5_matched,3447,2025-04-11,2025-04-21,-0.0010339232881941,2025,2024-12-31,learned_order_extension,20260912,0.3005262279351548,0.3005262279351548,0,0
rolling5_matched,3452,2025-04-18,2025-04-28,0.0048432383085554,2025,2024-12-31,learned_order_extension,20260912,0.8454122574957262,0.8454122574957262,1,1
rolling5_matched,3457,2025-04-25,2025-05-12,0.02116527880118,2025,2024-12-31,learned_order_extension,20260912,0.2821994221991484,0.2821994221991484,0,1
rolling5_matched,3464,2025-05-09,2025-05-19,0.0041484224873464,2025,2024-12-31,learned_order_extension,20260912,0.06378924978038525,0.06378924978038525,0,1
rolling5_matched,3469,2025-05-16,2025-05-26,-0.0017462660042188,2025,2024-12-31,learned_order_extension,20260912,0.12018518115678165,0.12018518115678165,0,0
rolling5_matched,3474,2025-05-23,2025-06-03,-0.0109216443615366,2025,2024-12-31,learned_order_extension,20260912,0.10840985095888601,0.10840985095888601,0,0
rolling5_matched,3479,2025-05-30,2025-06-09,0.011566574321892,2025,2024-12-31,learned_order_extension,20260912,0.2774189733690343,0.2774189733690343,0,1
rolling5_matched,3483,2025-06-06,2025-06-16,-0.0062354943524679,2025,2024-12-31,learned_order_extension,20260912,0.3079577394077291,0.3079577394077291,0,0
rolling5_matched,3488,2025-06-13,2025-06-23,-0.005825691168304,2025,2024-12-31,learned_order_extension,20260912,0.06389580949711976,0.06389580949711976,0,0
rolling5_matched,3493,2025-06-20,2025-06-30,0.0232670437490374,2025,2024-12-31,learned_order_extension,20260912,0.5723960047531588,0.5723960047531588,1,1
rolling5_matched,3498,2025-06-27,2025-07-07,0.0145345648685946,2025,2024-12-31,learned_order_extension,20260912,0.6359596770484972,0.6359596770484972,1,1
rolling5_matched,3503,2025-07-04,2025-07-14,0.0110426949002964,2025,2024-12-31,learned_order_extension,20260912,0.672711936087737,0.672711936087737,1,1
rolling5_matched,3508,2025-07-11,2025-07-21,0.0120759671840067,2025,2024-12-31,learned_order_extension,20260912,0.6946012846469177,0.6946012846469177,1,1
rolling5_matched,3513,2025-07-18,2025-07-28,0.0143570766898375,2025,2024-12-31,learned_order_extension,20260912,0.855234794805348,0.855234794805348,1,1
rolling5_matched,3518,2025-07-25,2025-08-04,-0.0218642507630443,2025,2024-12-31,learned_order_extension,20260912,0.011029124137341239,0.011029124137341239,0,0
rolling5_matched,3523,2025-08-01,2025-08-11,0.0179175520190988,2025,2024-12-31,learned_order_extension,20260912,0.33825895923594873,0.33825895923594873,0,1
rolling5_matched,3528,2025-08-08,2025-08-18,0.026265786598999,2025,2024-12-31,learned_order_extension,20260912,0.1628354410710543,0.1628354410710543,0,1
rolling5_matched,3533,2025-08-15,2025-08-25,0.0469483790671487,2025,2024-12-31,learned_order_extension,20260912,0.9057288161245813,0.9057288161245813,1,1
rolling5_matched,3538,2025-08-22,2025-09-01,0.0227770368340847,2025,2024-12-31,learned_order_extension,20260912,0.9462347022523048,0.9462347022523048,1,1
rolling5_matched,3543,2025-08-29,2025-09-08,-0.0110053842475337,2025,2024-12-31,learned_order_extension,20260912,0.7317755571678248,0.7317755571678248,1,0
rolling5_matched,3548,2025-09-05,2025-09-15,0.0151594857594405,2025,2024-12-31,learned_order_extension,20260912,0.046143328497529355,0.046143328497529355,0,1
rolling5_matched,3553,2025-09-12,2025-09-22,-0.0050409160971932,2025,2024-12-31,learned_order_extension,20260912,0.5696592654314462,0.5696592654314462,1,0
rolling5_matched,3558,2025-09-19,2025-09-29,0.0095300784790881,2025,2024-12-31,learned_order_extension,20260912,0.8329301968708458,0.8329301968708458,1,1
rolling5_matched,3563,2025-09-26,2025-10-13,-0.0140855274279203,2025,2024-12-31,learned_order_extension,20260912,0.3687940102811721,0.3687940102811721,0,0
rolling5_matched,3567,2025-10-10,2025-10-20,0.015001547584321,2025,2024-12-31,learned_order_extension,20260912,0.1698616378622006,0.1698616378622006,0,1
rolling5_matched,3572,2025-10-17,2025-10-27,0.0309637052897611,2025,2024-12-31,learned_order_extension,20260912,0.05890050144130591,0.05890050144130591,0,1
rolling5_matched,3577,2025-10-24,2025-11-03,-0.013331545863497,2025,2024-12-31,learned_order_extension,20260912,0.5133475160703203,0.5133475160703203,1,0
rolling5_matched,3582,2025-10-31,2025-11-10,0.0110832418536339,2025,2024-12-31,learned_order_extension,20260912,0.4409776123311171,0.4409776123311171,0,1
rolling5_matched,3587,2025-11-07,2025-11-17,-0.0152107881197579,2025,2024-12-31,learned_order_extension,20260912,0.700314691885522,0.700314691885522,1,0
rolling5_matched,3592,2025-11-14,2025-11-24,-0.031114557454173,2025,2024-12-31,learned_order_extension,20260912,0.11039301489191918,0.11039301489191918,0,0
rolling5_matched,3597,2025-11-21,2025-12-01,0.0147613767448515,2025,2024-12-31,learned_order_extension,20260912,0.559879942106958,0.559879942106958,1,1
rolling5_matched,3602,2025-11-28,2025-12-08,0.0118853804313106,2025,2024-12-31,learned_order_extension,20260912,0.4213079796798159,0.4213079796798159,0,1
rolling5_matched,3607,2025-12-05,2025-12-15,-0.0093922675990717,2025,2024-12-31,learned_order_extension,20260912,0.69867922430755,0.69867922430755,1,0
rolling5_matched,3612,2025-12-12,2025-12-22,0.0082791208791208,2025,2024-12-31,learned_order_extension,20260912,0.3735507185757187,0.3735507185757187,0,1
rolling5_matched,3617,2025-12-19,2025-12-29,0.0153890755001995,2025,2024-12-31,learned_order_extension,20260912,0.48869681747453236,0.48869681747453236,0,1
rolling5_matched,3622,2025-12-26,2026-01-12,0.0239101640737868,2025,2024-12-31,learned_order_extension,20260912,0.32955906052544715,0.32955906052544715,0,1
rolling5_matched,3384,2025-01-03,2025-01-13,-0.0189486730632231,2025,2024-12-31,learned_order_offset,20260912,0.44139560479781415,0.44139560479781415,0,0
rolling5_matched,3389,2025-01-10,2025-01-20,0.0353251773547418,2025,2024-12-31,learned_order_offset,20260912,0.5606678995243258,0.5606678995243258,1,1
rolling5_matched,3394,2025-01-17,2025-01-27,0.000432821422053,2025,2024-12-31,learned_order_offset,20260912,0.6603208988352631,0.6603208988352631,1,1
rolling5_matched,3399,2025-01-24,2025-02-10,0.0159344898044284,2025,2024-12-31,learned_order_offset,20260912,0.8196410517840872,0.8196410517840872,1,1
rolling5_matched,3403,2025-02-07,2025-02-17,0.0144454990892999,2025,2024-12-31,learned_order_offset,20260912,0.7166270902882974,0.7166270902882974,1,1
rolling5_matched,3408,2025-02-14,2025-02-24,0.0045695818086644,2025,2024-12-31,learned_order_offset,20260912,0.37209906106513463,0.37209906106513463,0,1
rolling5_matched,3413,2025-02-21,2025-03-03,-0.0183210488158531,2025,2024-12-31,learned_order_offset,20260912,0.3123997456327534,0.3123997456327534,0,0
rolling5_matched,3418,2025-02-28,2025-03-10,0.0117650075646844,2025,2024-12-31,learned_order_offset,20260912,0.39183306374802657,0.39183306374802657,0,1
rolling5_matched,3423,2025-03-07,2025-03-17,0.019023819058288,2025,2024-12-31,learned_order_offset,20260912,0.3095098165801197,0.3095098165801197,0,1
rolling5_matched,3428,2025-03-14,2025-03-24,-0.0259983485216283,2025,2024-12-31,learned_order_offset,20260912,0.24779415471565044,0.24779415471565044,0,0
rolling5_matched,3433,2025-03-21,2025-03-31,-0.0025867506275359,2025,2024-12-31,learned_order_offset,20260912,0.06340662769020325,0.06340662769020325,0,0
rolling5_matched,3438,2025-03-28,2025-04-14,-0.0342910101946246,2025,2024-12-31,learned_order_offset,20260912,0.9372938225210449,0.9372938225210449,1,0
rolling5_matched,3447,2025-04-11,2025-04-21,-0.0010339232881941,2025,2024-12-31,learned_order_offset,20260912,0.3052369491799381,0.3052369491799381,0,0
rolling5_matched,3452,2025-04-18,2025-04-28,0.0048432383085554,2025,2024-12-31,learned_order_offset,20260912,0.8400564717335424,0.8400564717335424,1,1
rolling5_matched,3457,2025-04-25,2025-05-12,0.02116527880118,2025,2024-12-31,learned_order_offset,20260912,0.2864324123568522,0.2864324123568522,0,1
rolling5_matched,3464,2025-05-09,2025-05-19,0.0041484224873464,2025,2024-12-31,learned_order_offset,20260912,0.0655135111020456,0.0655135111020456,0,1
rolling5_matched,3469,2025-05-16,2025-05-26,-0.0017462660042188,2025,2024-12-31,learned_order_offset,20260912,0.1198101624796553,0.1198101624796553,0,0
rolling5_matched,3474,2025-05-23,2025-06-03,-0.0109216443615366,2025,2024-12-31,learned_order_offset,20260912,0.10851584584329123,0.10851584584329123,0,0
rolling5_matched,3479,2025-05-30,2025-06-09,0.011566574321892,2025,2024-12-31,learned_order_offset,20260912,0.2758207544250096,0.2758207544250096,0,1
rolling5_matched,3483,2025-06-06,2025-06-16,-0.0062354943524679,2025,2024-12-31,learned_order_offset,20260912,0.3140195008130405,0.3140195008130405,0,0
rolling5_matched,3488,2025-06-13,2025-06-23,-0.005825691168304,2025,2024-12-31,learned_order_offset,20260912,0.06284178180217752,0.06284178180217752,0,0
rolling5_matched,3493,2025-06-20,2025-06-30,0.0232670437490374,2025,2024-12-31,learned_order_offset,20260912,0.5724628339519591,0.5724628339519591,1,1
rolling5_matched,3498,2025-06-27,2025-07-07,0.0145345648685946,2025,2024-12-31,learned_order_offset,20260912,0.6309146440377257,0.6309146440377257,1,1
rolling5_matched,3503,2025-07-04,2025-07-14,0.0110426949002964,2025,2024-12-31,learned_order_offset,20260912,0.6656835975088939,0.6656835975088939,1,1
rolling5_matched,3508,2025-07-11,2025-07-21,0.0120759671840067,2025,2024-12-31,learned_order_offset,20260912,0.6849614920887969,0.6849614920887969,1,1
rolling5_matched,3513,2025-07-18,2025-07-28,0.0143570766898375,2025,2024-12-31,learned_order_offset,20260912,0.8483934512486931,0.8483934512486931,1,1
rolling5_matched,3518,2025-07-25,2025-08-04,-0.0218642507630443,2025,2024-12-31,learned_order_offset,20260912,0.010684710487838181,0.010684710487838181,0,0
rolling5_matched,3523,2025-08-01,2025-08-11,0.0179175520190988,2025,2024-12-31,learned_order_offset,20260912,0.3318163519381574,0.3318163519381574,0,1
rolling5_matched,3528,2025-08-08,2025-08-18,0.026265786598999,2025,2024-12-31,learned_order_offset,20260912,0.1608183142421308,0.1608183142421308,0,1
rolling5_matched,3533,2025-08-15,2025-08-25,0.0469483790671487,2025,2024-12-31,learned_order_offset,20260912,0.9029950279569416,0.9029950279569416,1,1
rolling5_matched,3538,2025-08-22,2025-09-01,0.0227770368340847,2025,2024-12-31,learned_order_offset,20260912,0.9437142545558262,0.9437142545558262,1,1
rolling5_matched,3543,2025-08-29,2025-09-08,-0.0110053842475337,2025,2024-12-31,learned_order_offset,20260912,0.7245616851385441,0.7245616851385441,1,0
rolling5_matched,3548,2025-09-05,2025-09-15,0.0151594857594405,2025,2024-12-31,learned_order_offset,20260912,0.04623232394187893,0.04623232394187893,0,1
rolling5_matched,3553,2025-09-12,2025-09-22,-0.0050409160971932,2025,2024-12-31,learned_order_offset,20260912,0.5690067571564932,0.5690067571564932,1,0
rolling5_matched,3558,2025-09-19,2025-09-29,0.0095300784790881,2025,2024-12-31,learned_order_offset,20260912,0.8293293137819291,0.8293293137819291,1,1
rolling5_matched,3563,2025-09-26,2025-10-13,-0.0140855274279203,2025,2024-12-31,learned_order_offset,20260912,0.37040694618183895,0.37040694618183895,0,0
rolling5_matched,3567,2025-10-10,2025-10-20,0.015001547584321,2025,2024-12-31,learned_order_offset,20260912,0.1710453112924119,0.1710453112924119,0,1
rolling5_matched,3572,2025-10-17,2025-10-27,0.0309637052897611,2025,2024-12-31,learned_order_offset,20260912,0.05976199604643715,0.05976199604643715,0,1
rolling5_matched,3577,2025-10-24,2025-11-03,-0.013331545863497,2025,2024-12-31,learned_order_offset,20260912,0.512132000936596,0.512132000936596,1,0
rolling5_matched,3582,2025-10-31,2025-11-10,0.0110832418536339,2025,2024-12-31,learned_order_offset,20260912,0.43785182071211703,0.43785182071211703,0,1
rolling5_matched,3587,2025-11-07,2025-11-17,-0.0152107881197579,2025,2024-12-31,learned_order_offset,20260912,0.6975362000085346,0.6975362000085346,1,0
rolling5_matched,3592,2025-11-14,2025-11-24,-0.031114557454173,2025,2024-12-31,learned_order_offset,20260912,0.1124677574752092,0.1124677574752092,0,0
rolling5_matched,3597,2025-11-21,2025-12-01,0.0147613767448515,2025,2024-12-31,learned_order_offset,20260912,0.5591414514237738,0.5591414514237738,1,1
rolling5_matched,3602,2025-11-28,2025-12-08,0.0118853804313106,2025,2024-12-31,learned_order_offset,20260912,0.4243303643148589,0.4243303643148589,0,1
rolling5_matched,3607,2025-12-05,2025-12-15,-0.0093922675990717,2025,2024-12-31,learned_order_offset,20260912,0.6953558460449971,0.6953558460449971,1,0
rolling5_matched,3612,2025-12-12,2025-12-22,0.0082791208791208,2025,2024-12-31,learned_order_offset,20260912,0.37271066920029783,0.37271066920029783,0,1
rolling5_matched,3617,2025-12-19,2025-12-29,0.0153890755001995,2025,2024-12-31,learned_order_offset,20260912,0.48824651995092694,0.48824651995092694,0,1
rolling5_matched,3622,2025-12-26,2026-01-12,0.0239101640737868,2025,2024-12-31,learned_order_offset,20260912,0.32752903685003154,0.32752903685003154,0,1
rolling5_matched,3384,2025-01-03,2025-01-13,-0.0189486730632231,2025,2024-12-31,native_mse,20260912,-0.002134867217834788,,0,0
rolling5_matched,3389,2025-01-10,2025-01-20,0.0353251773547418,2025,2024-12-31,native_mse,20260912,0.0027351761913816126,,1,1
rolling5_matched,3394,2025-01-17,2025-01-27,0.000432821422053,2025,2024-12-31,native_mse,20260912,0.004565159439513073,,1,1
rolling5_matched,3399,2025-01-24,2025-02-10,0.0159344898044284,2025,2024-12-31,native_mse,20260912,0.013355392341793818,,1,1
rolling5_matched,3403,2025-02-07,2025-02-17,0.0144454990892999,2025,2024-12-31,native_mse,20260912,0.008474756240742566,,1,1
rolling5_matched,3408,2025-02-14,2025-02-24,0.0045695818086644,2025,2024-12-31,native_mse,20260912,-0.005581025100312423,,0,1
rolling5_matched,3413,2025-02-21,2025-03-03,-0.0183210488158531,2025,2024-12-31,native_mse,20260912,-0.0052790979770332355,,0,0
rolling5_matched,3418,2025-02-28,2025-03-10,0.0117650075646844,2025,2024-12-31,native_mse,20260912,-0.002872386738373759,,0,1
rolling5_matched,3423,2025-03-07,2025-03-17,0.019023819058288,2025,2024-12-31,native_mse,20260912,-0.003552359729751563,,0,1
rolling5_matched,3428,2025-03-14,2025-03-24,-0.0259983485216283,2025,2024-12-31,native_mse,20260912,-0.012770065485679593,,0,0
rolling5_matched,3433,2025-03-21,2025-03-31,-0.0025867506275359,2025,2024-12-31,native_mse,20260912,-0.0244871533516436,,0,0
rolling5_matched,3438,2025-03-28,2025-04-14,-0.0342910101946246,2025,2024-12-31,native_mse,20260912,0.019651612468995005,,1,0
rolling5_matched,3447,2025-04-11,2025-04-21,-0.0010339232881941,2025,2024-12-31,native_mse,20260912,-0.012018262342498767,,0,0
rolling5_matched,3452,2025-04-18,2025-04-28,0.0048432383085554,2025,2024-12-31,native_mse,20260912,0.009196300442922729,,1,1
rolling5_matched,3457,2025-04-25,2025-05-12,0.02116527880118,2025,2024-12-31,native_mse,20260912,-0.0077467100323381785,,0,1
rolling5_matched,3464,2025-05-09,2025-05-19,0.0041484224873464,2025,2024-12-31,native_mse,20260912,-0.018974522463901303,,0,1
rolling5_matched,3469,2025-05-16,2025-05-26,-0.0017462660042188,2025,2024-12-31,native_mse,20260912,-0.017250890318454854,,0,0
rolling5_matched,3474,2025-05-23,2025-06-03,-0.0109216443615366,2025,2024-12-31,native_mse,20260912,-0.017632987135508853,,0,0
rolling5_matched,3479,2025-05-30,2025-06-09,0.011566574321892,2025,2024-12-31,native_mse,20260912,-0.006198181914329194,,0,1
rolling5_matched,3483,2025-06-06,2025-06-16,-0.0062354943524679,2025,2024-12-31,native_mse,20260912,-0.0032068486398474727,,0,0
rolling5_matched,3488,2025-06-13,2025-06-23,-0.005825691168304,2025,2024-12-31,native_mse,20260912,-0.022198624085769864,,0,0
rolling5_matched,3493,2025-06-20,2025-06-30,0.0232670437490374,2025,2024-12-31,native_mse,20260912,0.004026645393158667,,1,1
rolling5_matched,3498,2025-06-27,2025-07-07,0.0145345648685946,2025,2024-12-31,native_mse,20260912,-0.0002709056241496805,,0,1
rolling5_matched,3503,2025-07-04,2025-07-14,0.0110426949002964,2025,2024-12-31,native_mse,20260912,0.004917269105206115,,1,1
rolling5_matched,3508,2025-07-11,2025-07-21,0.0120759671840067,2025,2024-12-31,native_mse,20260912,0.008443859304499963,,1,1
rolling5_matched,3513,2025-07-18,2025-07-28,0.0143570766898375,2025,2024-12-31,native_mse,20260912,0.009956127109598822,,1,1
rolling5_matched,3518,2025-07-25,2025-08-04,-0.0218642507630443,2025,2024-12-31,native_mse,20260912,-0.04252252718024557,,0,0
rolling5_matched,3523,2025-08-01,2025-08-11,0.0179175520190988,2025,2024-12-31,native_mse,20260912,-0.003361213467787671,,0,1
rolling5_matched,3528,2025-08-08,2025-08-18,0.026265786598999,2025,2024-12-31,native_mse,20260912,-0.013170315834014328,,0,1
rolling5_matched,3533,2025-08-15,2025-08-25,0.0469483790671487,2025,2024-12-31,native_mse,20260912,0.012639028184315103,,1,1
rolling5_matched,3538,2025-08-22,2025-09-01,0.0227770368340847,2025,2024-12-31,native_mse,20260912,0.01766295563339067,,1,1
rolling5_matched,3543,2025-08-29,2025-09-08,-0.0110053842475337,2025,2024-12-31,native_mse,20260912,0.005101778979163052,,1,0
rolling5_matched,3548,2025-09-05,2025-09-15,0.0151594857594405,2025,2024-12-31,native_mse,20260912,-0.0333673321247901,,0,1
rolling5_matched,3553,2025-09-12,2025-09-22,-0.0050409160971932,2025,2024-12-31,native_mse,20260912,-0.0014710164395536113,,0,0
rolling5_matched,3558,2025-09-19,2025-09-29,0.0095300784790881,2025,2024-12-31,native_mse,20260912,0.007441573362710316,,1,1
rolling5_matched,3563,2025-09-26,2025-10-13,-0.0140855274279203,2025,2024-12-31,native_mse,20260912,-0.007162720262633934,,0,0
rolling5_matched,3567,2025-10-10,2025-10-20,0.015001547584321,2025,2024-12-31,native_mse,20260912,-0.014829654375618138,,0,1
rolling5_matched,3572,2025-10-17,2025-10-27,0.0309637052897611,2025,2024-12-31,native_mse,20260912,-0.027407013742491187,,0,1
rolling5_matched,3577,2025-10-24,2025-11-03,-0.013331545863497,2025,2024-12-31,native_mse,20260912,-0.0008414006142873476,,0,0
rolling5_matched,3582,2025-10-31,2025-11-10,0.0110832418536339,2025,2024-12-31,native_mse,20260912,-0.003930665241747133,,0,1
rolling5_matched,3587,2025-11-07,2025-11-17,-0.0152107881197579,2025,2024-12-31,native_mse,20260912,0.003987551684712854,,1,0
rolling5_matched,3592,2025-11-14,2025-11-24,-0.031114557454173,2025,2024-12-31,native_mse,20260912,-0.017461399415180708,,0,0
rolling5_matched,3597,2025-11-21,2025-12-01,0.0147613767448515,2025,2024-12-31,native_mse,20260912,0.002320603033197275,,1,1
rolling5_matched,3602,2025-11-28,2025-12-08,0.0118853804313106,2025,2024-12-31,native_mse,20260912,-0.002785280679662504,,0,1
rolling5_matched,3607,2025-12-05,2025-12-15,-0.0093922675990717,2025,2024-12-31,native_mse,20260912,0.006574968659033215,,1,0
rolling5_matched,3612,2025-12-12,2025-12-22,0.0082791208791208,2025,2024-12-31,native_mse,20260912,-0.005046019798623734,,0,1
rolling5_matched,3617,2025-12-19,2025-12-29,0.0153890755001995,2025,2024-12-31,native_mse,20260912,-0.0016335299150559241,,0,1
rolling5_matched,3622,2025-12-26,2026-01-12,0.0239101640737868,2025,2024-12-31,native_mse,20260912,-0.00729861966578611,,0,1
rolling5_matched,3630,2026-01-09,2026-01-19,-0.0103697336282536,2026,2025-12-31,learned_market,20260910,0.8181815652214602,0.8181815652214602,1,0
rolling5_matched,3635,2026-01-16,2026-01-26,-0.0010190267764643,2026,2025-12-31,learned_market,20260910,0.3598085993491169,0.3598085993491169,0,0
rolling5_matched,3640,2026-01-23,2026-02-02,-0.0087161586128796,2026,2025-12-31,learned_market,20260910,0.5991876460074818,0.5991876460074818,1,0
rolling5_matched,3645,2026-01-30,2026-02-09,0.0041482324550519,2026,2025-12-31,learned_market,20260910,0.5940912899525782,0.5940912899525782,1,1
rolling5_matched,3650,2026-02-06,2026-02-24,0.0071649689901505,2026,2025-12-31,learned_market,20260910,0.40239348507671596,0.40239348507671596,0,1
rolling5_matched,3655,2026-02-13,2026-03-02,-0.0097920588919678,2026,2025-12-31,learned_market,20260910,0.2699773716281434,0.2699773716281434,0,0
rolling5_matched,3659,2026-02-27,2026-03-09,-0.0172526869201304,2026,2025-12-31,learned_market,20260910,0.4575318653070868,0.4575318653070868,0,0
rolling5_matched,3664,2026-03-06,2026-03-16,0.0149926634422041,2026,2025-12-31,learned_market,20260910,0.7670374241680702,0.7670374241680702,1,1
rolling5_matched,3669,2026-03-13,2026-03-23,-0.0364343509194254,2026,2025-12-31,learned_market,20260910,0.5875899388480109,0.5875899388480109,1,0
rolling5_matched,3674,2026-03-20,2026-03-30,-0.0083038829988221,2026,2025-12-31,learned_market,20260910,0.21421939494981893,0.21421939494981893,0,0
rolling5_matched,3679,2026-03-27,2026-04-07,-0.0035591495694504,2026,2025-12-31,learned_market,20260910,0.8344517947336397,0.8344517947336397,1,0
rolling5_matched,3684,2026-04-03,2026-04-13,0.0380736235508991,2026,2025-12-31,learned_market,20260910,0.2490956509254549,0.2490956509254549,0,1
rolling5_matched,3688,2026-04-10,2026-04-20,0.0242766725964382,2026,2025-12-31,learned_market,20260910,0.2949674437933613,0.2949674437933613,0,1
rolling5_matched,3693,2026-04-17,2026-04-27,0.010401572188011,2026,2025-12-31,learned_market,20260910,0.4512446894549473,0.4512446894549473,0,1
rolling5_matched,3698,2026-04-24,2026-05-11,0.0263674696524953,2026,2025-12-31,learned_market,20260910,0.08110593445699964,0.08110593445699964,0,1
rolling5_matched,3705,2026-05-08,2026-05-18,-0.0134529239455926,2026,2025-12-31,learned_market,20260910,0.5706935453372336,0.5706935453372336,1,0
rolling5_matched,3710,2026-05-15,2026-05-25,0.0076235492615268,2026,2025-12-31,learned_market,20260910,0.5934272378798401,0.5934272378798401,1,1
rolling5_matched,3715,2026-05-22,2026-06-01,0.005068538126898,2026,2025-12-31,learned_market,20260910,0.17219546877026792,0.17219546877026792,0,1
rolling5_matched,3720,2026-05-29,2026-06-08,-0.039635353927193,2026,2025-12-31,learned_market,20260910,0.3811143881767394,0.3811143881767394,0,0
rolling5_matched,3725,2026-06-05,2026-06-15,0.0266849782195981,2026,2025-12-31,learned_market,20260910,0.7649439421608761,0.7649439421608761,1,1
rolling5_matched,3730,2026-06-12,2026-06-29,0.0076098142791176,2026,2025-12-31,learned_market,20260910,0.39818838426833775,0.39818838426833775,0,1
rolling5_matched,3739,2026-06-26,2026-07-06,0.0005137647861506,2026,2025-12-31,learned_market,20260910,0.6093054859628818,0.6093054859628818,1,1
rolling5_matched,3744,2026-07-03,2026-07-13,-0.0252847876365399,2026,2025-12-31,learned_market,20260910,0.9339888588424733,0.9339888588424733,1,0
rolling5_matched,3749,2026-07-10,2026-07-20,-0.035775397012711,2026,2025-12-31,learned_market,20260910,0.7316622419508116,0.7316622419508116,1,0
rolling5_matched,3754,2026-07-17,2026-07-27,0.01756245533441,2026,2025-12-31,learned_market,20260910,0.8342523196934075,0.8342523196934075,1,1
rolling5_matched,3759,2026-07-24,2026-08-03,-0.0202339761556519,2026,2025-12-31,learned_market,20260910,0.34880644444951575,0.34880644444951575,0,0
rolling5_matched,3764,2026-07-31,2026-08-10,0.0300318732435738,2026,2025-12-31,learned_market,20260910,0.23358352199024274,0.23358352199024274,0,1
rolling5_matched,3769,2026-08-07,2026-08-17,-0.0056482265760339,2026,2025-12-31,learned_market,20260910,0.5342341302538094,0.5342341302538094,1,0
rolling5_matched,3774,2026-08-14,2026-08-24,-0.0109860710402629,2026,2025-12-31,learned_market,20260910,0.14627466244110568,0.14627466244110568,0,0
rolling5_matched,3779,2026-08-21,2026-08-31,-0.0127592811002066,2026,2025-12-31,learned_market,20260910,0.43172330888942834,0.43172330888942834,0,0
rolling5_matched,3630,2026-01-09,2026-01-19,-0.0103697336282536,2026,2025-12-31,learned_vol_interaction,20260910,0.8227886015578382,0.8227886015578382,1,0
rolling5_matched,3635,2026-01-16,2026-01-26,-0.0010190267764643,2026,2025-12-31,learned_vol_interaction,20260910,0.3567802104578547,0.3567802104578547,0,0
rolling5_matched,3640,2026-01-23,2026-02-02,-0.0087161586128796,2026,2025-12-31,learned_vol_interaction,20260910,0.593544051679788,0.593544051679788,1,0
rolling5_matched,3645,2026-01-30,2026-02-09,0.0041482324550519,2026,2025-12-31,learned_vol_interaction,20260910,0.5896399346376965,0.5896399346376965,1,1
rolling5_matched,3650,2026-02-06,2026-02-24,0.0071649689901505,2026,2025-12-31,learned_vol_interaction,20260910,0.3947134466469859,0.3947134466469859,0,1
rolling5_matched,3655,2026-02-13,2026-03-02,-0.0097920588919678,2026,2025-12-31,learned_vol_interaction,20260910,0.26329662558300265,0.26329662558300265,0,0
rolling5_matched,3659,2026-02-27,2026-03-09,-0.0172526869201304,2026,2025-12-31,learned_vol_interaction,20260910,0.45849026773892765,0.45849026773892765,0,0
rolling5_matched,3664,2026-03-06,2026-03-16,0.0149926634422041,2026,2025-12-31,learned_vol_interaction,20260910,0.7660090702734186,0.7660090702734186,1,1
rolling5_matched,3669,2026-03-13,2026-03-23,-0.0364343509194254,2026,2025-12-31,learned_vol_interaction,20260910,0.5941774650023959,0.5941774650023959,1,0
rolling5_matched,3674,2026-03-20,2026-03-30,-0.0083038829988221,2026,2025-12-31,learned_vol_interaction,20260910,0.21345873291845122,0.21345873291845122,0,0
rolling5_matched,3679,2026-03-27,2026-04-07,-0.0035591495694504,2026,2025-12-31,learned_vol_interaction,20260910,0.8379095819108646,0.8379095819108646,1,0
rolling5_matched,3684,2026-04-03,2026-04-13,0.0380736235508991,2026,2025-12-31,learned_vol_interaction,20260910,0.2520910711307584,0.2520910711307584,0,1
rolling5_matched,3688,2026-04-10,2026-04-20,0.0242766725964382,2026,2025-12-31,learned_vol_interaction,20260910,0.3017225307290219,0.3017225307290219,0,1
rolling5_matched,3693,2026-04-17,2026-04-27,0.010401572188011,2026,2025-12-31,learned_vol_interaction,20260910,0.457650366706575,0.457650366706575,0,1
rolling5_matched,3698,2026-04-24,2026-05-11,0.0263674696524953,2026,2025-12-31,learned_vol_interaction,20260910,0.08243991801554369,0.08243991801554369,0,1
rolling5_matched,3705,2026-05-08,2026-05-18,-0.0134529239455926,2026,2025-12-31,learned_vol_interaction,20260910,0.5705981837817136,0.5705981837817136,1,0
rolling5_matched,3710,2026-05-15,2026-05-25,0.0076235492615268,2026,2025-12-31,learned_vol_interaction,20260910,0.592500699360491,0.592500699360491,1,1
rolling5_matched,3715,2026-05-22,2026-06-01,0.005068538126898,2026,2025-12-31,learned_vol_interaction,20260910,0.16890164619987671,0.16890164619987671,0,1
rolling5_matched,3720,2026-05-29,2026-06-08,-0.039635353927193,2026,2025-12-31,learned_vol_interaction,20260910,0.3828210980158685,0.3828210980158685,0,0
rolling5_matched,3725,2026-06-05,2026-06-15,0.0266849782195981,2026,2025-12-31,learned_vol_interaction,20260910,0.7630671709487776,0.7630671709487776,1,1
rolling5_matched,3730,2026-06-12,2026-06-29,0.0076098142791176,2026,2025-12-31,learned_vol_interaction,20260910,0.389398990257478,0.389398990257478,0,1
rolling5_matched,3739,2026-06-26,2026-07-06,0.0005137647861506,2026,2025-12-31,learned_vol_interaction,20260910,0.6060369594136652,0.6060369594136652,1,1
rolling5_matched,3744,2026-07-03,2026-07-13,-0.0252847876365399,2026,2025-12-31,learned_vol_interaction,20260910,0.9269268098379699,0.9269268098379699,1,0
rolling5_matched,3749,2026-07-10,2026-07-20,-0.035775397012711,2026,2025-12-31,learned_vol_interaction,20260910,0.7263499613353491,0.7263499613353491,1,0
rolling5_matched,3754,2026-07-17,2026-07-27,0.01756245533441,2026,2025-12-31,learned_vol_interaction,20260910,0.81739862714828,0.81739862714828,1,1
rolling5_matched,3759,2026-07-24,2026-08-03,-0.0202339761556519,2026,2025-12-31,learned_vol_interaction,20260910,0.35765575031962415,0.35765575031962415,0,0
rolling5_matched,3764,2026-07-31,2026-08-10,0.0300318732435738,2026,2025-12-31,learned_vol_interaction,20260910,0.24618526596725654,0.24618526596725654,0,1
rolling5_matched,3769,2026-08-07,2026-08-17,-0.0056482265760339,2026,2025-12-31,learned_vol_interaction,20260910,0.5260066272885946,0.5260066272885946,1,0
rolling5_matched,3774,2026-08-14,2026-08-24,-0.0109860710402629,2026,2025-12-31,learned_vol_interaction,20260910,0.15001215738873452,0.15001215738873452,0,0
rolling5_matched,3779,2026-08-21,2026-08-31,-0.0127592811002066,2026,2025-12-31,learned_vol_interaction,20260910,0.4326919030013555,0.4326919030013555,0,0
rolling5_matched,3630,2026-01-09,2026-01-19,-0.0103697336282536,2026,2025-12-31,learned_order_extension,20260910,0.8498948672166082,0.8498948672166082,1,0
rolling5_matched,3635,2026-01-16,2026-01-26,-0.0010190267764643,2026,2025-12-31,learned_order_extension,20260910,0.35496690630978667,0.35496690630978667,0,0
rolling5_matched,3640,2026-01-23,2026-02-02,-0.0087161586128796,2026,2025-12-31,learned_order_extension,20260910,0.602346496957119,0.602346496957119,1,0
rolling5_matched,3645,2026-01-30,2026-02-09,0.0041482324550519,2026,2025-12-31,learned_order_extension,20260910,0.6063397013206433,0.6063397013206433,1,1
rolling5_matched,3650,2026-02-06,2026-02-24,0.0071649689901505,2026,2025-12-31,learned_order_extension,20260910,0.39934788191804643,0.39934788191804643,0,1
rolling5_matched,3655,2026-02-13,2026-03-02,-0.0097920588919678,2026,2025-12-31,learned_order_extension,20260910,0.24904102083839066,0.24904102083839066,0,0
rolling5_matched,3659,2026-02-27,2026-03-09,-0.0172526869201304,2026,2025-12-31,learned_order_extension,20260910,0.4463290267430074,0.4463290267430074,0,0
rolling5_matched,3664,2026-03-06,2026-03-16,0.0149926634422041,2026,2025-12-31,learned_order_extension,20260910,0.804292034641694,0.804292034641694,1,1
rolling5_matched,3669,2026-03-13,2026-03-23,-0.0364343509194254,2026,2025-12-31,learned_order_extension,20260910,0.6115536707112187,0.6115536707112187,1,0
rolling5_matched,3674,2026-03-20,2026-03-30,-0.0083038829988221,2026,2025-12-31,learned_order_extension,20260910,0.17853304534286368,0.17853304534286368,0,0
rolling5_matched,3679,2026-03-27,2026-04-07,-0.0035591495694504,2026,2025-12-31,learned_order_extension,20260910,0.883015948122579,0.883015948122579,1,0
rolling5_matched,3684,2026-04-03,2026-04-13,0.0380736235508991,2026,2025-12-31,learned_order_extension,20260910,0.20983157546158596,0.20983157546158596,0,1
rolling5_matched,3688,2026-04-10,2026-04-20,0.0242766725964382,2026,2025-12-31,learned_order_extension,20260910,0.2760540247240716,0.2760540247240716,0,1
rolling5_matched,3693,2026-04-17,2026-04-27,0.010401572188011,2026,2025-12-31,learned_order_extension,20260910,0.4768602006440176,0.4768602006440176,0,1
rolling5_matched,3698,2026-04-24,2026-05-11,0.0263674696524953,2026,2025-12-31,learned_order_extension,20260910,0.05478991178008098,0.05478991178008098,0,1
rolling5_matched,3705,2026-05-08,2026-05-18,-0.0134529239455926,2026,2025-12-31,learned_order_extension,20260910,0.5910602709922455,0.5910602709922455,1,0
rolling5_matched,3710,2026-05-15,2026-05-25,0.0076235492615268,2026,2025-12-31,learned_order_extension,20260910,0.613195508009293,0.613195508009293,1,1
rolling5_matched,3715,2026-05-22,2026-06-01,0.005068538126898,2026,2025-12-31,learned_order_extension,20260910,0.1380677114044199,0.1380677114044199,0,1
rolling5_matched,3720,2026-05-29,2026-06-08,-0.039635353927193,2026,2025-12-31,learned_order_extension,20260910,0.36054374515839666,0.36054374515839666,0,0
rolling5_matched,3725,2026-06-05,2026-06-15,0.0266849782195981,2026,2025-12-31,learned_order_extension,20260910,0.8045086180220985,0.8045086180220985,1,1
rolling5_matched,3730,2026-06-12,2026-06-29,0.0076098142791176,2026,2025-12-31,learned_order_extension,20260910,0.37033908935455045,0.37033908935455045,0,1
rolling5_matched,3739,2026-06-26,2026-07-06,0.0005137647861506,2026,2025-12-31,learned_order_extension,20260910,0.6205529062941122,0.6205529062941122,1,1
rolling5_matched,3744,2026-07-03,2026-07-13,-0.0252847876365399,2026,2025-12-31,learned_order_extension,20260910,0.9568231262886582,0.9568231262886582,1,0
rolling5_matched,3749,2026-07-10,2026-07-20,-0.035775397012711,2026,2025-12-31,learned_order_extension,20260910,0.7689991168936701,0.7689991168936701,1,0
rolling5_matched,3754,2026-07-17,2026-07-27,0.01756245533441,2026,2025-12-31,learned_order_extension,20260910,0.8495986854008527,0.8495986854008527,1,1
rolling5_matched,3759,2026-07-24,2026-08-03,-0.0202339761556519,2026,2025-12-31,learned_order_extension,20260910,0.33833005820557366,0.33833005820557366,0,0
rolling5_matched,3764,2026-07-31,2026-08-10,0.0300318732435738,2026,2025-12-31,learned_order_extension,20260910,0.2142715760981942,0.2142715760981942,0,1
rolling5_matched,3769,2026-08-07,2026-08-17,-0.0056482265760339,2026,2025-12-31,learned_order_extension,20260910,0.554539068156237,0.554539068156237,1,0
rolling5_matched,3774,2026-08-14,2026-08-24,-0.0109860710402629,2026,2025-12-31,learned_order_extension,20260910,0.11377962734431452,0.11377962734431452,0,0
rolling5_matched,3779,2026-08-21,2026-08-31,-0.0127592811002066,2026,2025-12-31,learned_order_extension,20260910,0.4377704909283419,0.4377704909283419,0,0
rolling5_matched,3630,2026-01-09,2026-01-19,-0.0103697336282536,2026,2025-12-31,learned_order_offset,20260910,0.8493391438723215,0.8493391438723215,1,0
rolling5_matched,3635,2026-01-16,2026-01-26,-0.0010190267764643,2026,2025-12-31,learned_order_offset,20260910,0.35497650693829186,0.35497650693829186,0,0
rolling5_matched,3640,2026-01-23,2026-02-02,-0.0087161586128796,2026,2025-12-31,learned_order_offset,20260910,0.6057049433007008,0.6057049433007008,1,0
rolling5_matched,3645,2026-01-30,2026-02-09,0.0041482324550519,2026,2025-12-31,learned_order_offset,20260910,0.6060925254457582,0.6060925254457582,1,1
rolling5_matched,3650,2026-02-06,2026-02-24,0.0071649689901505,2026,2025-12-31,learned_order_offset,20260910,0.4006015491461071,0.4006015491461071,0,1
rolling5_matched,3655,2026-02-13,2026-03-02,-0.0097920588919678,2026,2025-12-31,learned_order_offset,20260910,0.24896236775733818,0.24896236775733818,0,0
rolling5_matched,3659,2026-02-27,2026-03-09,-0.0172526869201304,2026,2025-12-31,learned_order_offset,20260910,0.4460711818072374,0.4460711818072374,0,0
rolling5_matched,3664,2026-03-06,2026-03-16,0.0149926634422041,2026,2025-12-31,learned_order_offset,20260910,0.8049167044616419,0.8049167044616419,1,1
rolling5_matched,3669,2026-03-13,2026-03-23,-0.0364343509194254,2026,2025-12-31,learned_order_offset,20260910,0.6106929572486723,0.6106929572486723,1,0
rolling5_matched,3674,2026-03-20,2026-03-30,-0.0083038829988221,2026,2025-12-31,learned_order_offset,20260910,0.1803175770255313,0.1803175770255313,0,0
rolling5_matched,3679,2026-03-27,2026-04-07,-0.0035591495694504,2026,2025-12-31,learned_order_offset,20260910,0.8820198957791404,0.8820198957791404,1,0
rolling5_matched,3684,2026-04-03,2026-04-13,0.0380736235508991,2026,2025-12-31,learned_order_offset,20260910,0.21085136661034448,0.21085136661034448,0,1
rolling5_matched,3688,2026-04-10,2026-04-20,0.0242766725964382,2026,2025-12-31,learned_order_offset,20260910,0.2775662451032464,0.2775662451032464,0,1
rolling5_matched,3693,2026-04-17,2026-04-27,0.010401572188011,2026,2025-12-31,learned_order_offset,20260910,0.47659163279502204,0.47659163279502204,0,1
rolling5_matched,3698,2026-04-24,2026-05-11,0.0263674696524953,2026,2025-12-31,learned_order_offset,20260910,0.055409155830968,0.055409155830968,0,1
rolling5_matched,3705,2026-05-08,2026-05-18,-0.0134529239455926,2026,2025-12-31,learned_order_offset,20260910,0.5954960603071711,0.5954960603071711,1,0
rolling5_matched,3710,2026-05-15,2026-05-25,0.0076235492615268,2026,2025-12-31,learned_order_offset,20260910,0.6107518629223776,0.6107518629223776,1,1
rolling5_matched,3715,2026-05-22,2026-06-01,0.005068538126898,2026,2025-12-31,learned_order_offset,20260910,0.14057898852294065,0.14057898852294065,0,1
rolling5_matched,3720,2026-05-29,2026-06-08,-0.039635353927193,2026,2025-12-31,learned_order_offset,20260910,0.36210031320808117,0.36210031320808117,0,0
rolling5_matched,3725,2026-06-05,2026-06-15,0.0266849782195981,2026,2025-12-31,learned_order_offset,20260910,0.8043360021302411,0.8043360021302411,1,1
rolling5_matched,3730,2026-06-12,2026-06-29,0.0076098142791176,2026,2025-12-31,learned_order_offset,20260910,0.37206238303143907,0.37206238303143907,0,1
rolling5_matched,3739,2026-06-26,2026-07-06,0.0005137647861506,2026,2025-12-31,learned_order_offset,20260910,0.621189655841891,0.621189655841891,1,1
rolling5_matched,3744,2026-07-03,2026-07-13,-0.0252847876365399,2026,2025-12-31,learned_order_offset,20260910,0.9568192157915107,0.9568192157915107,1,0
rolling5_matched,3749,2026-07-10,2026-07-20,-0.035775397012711,2026,2025-12-31,learned_order_offset,20260910,0.7680754207376788,0.7680754207376788,1,0
rolling5_matched,3754,2026-07-17,2026-07-27,0.01756245533441,2026,2025-12-31,learned_order_offset,20260910,0.8507747924782234,0.8507747924782234,1,1
rolling5_matched,3759,2026-07-24,2026-08-03,-0.0202339761556519,2026,2025-12-31,learned_order_offset,20260910,0.3391566131781118,0.3391566131781118,0,0
rolling5_matched,3764,2026-07-31,2026-08-10,0.0300318732435738,2026,2025-12-31,learned_order_offset,20260910,0.2154611608945583,0.2154611608945583,0,1
rolling5_matched,3769,2026-08-07,2026-08-17,-0.0056482265760339,2026,2025-12-31,learned_order_offset,20260910,0.5572155912299546,0.5572155912299546,1,0
rolling5_matched,3774,2026-08-14,2026-08-24,-0.0109860710402629,2026,2025-12-31,learned_order_offset,20260910,0.11512645480117482,0.11512645480117482,0,0
rolling5_matched,3779,2026-08-21,2026-08-31,-0.0127592811002066,2026,2025-12-31,learned_order_offset,20260910,0.4405085262522808,0.4405085262522808,0,0
rolling5_matched,3630,2026-01-09,2026-01-19,-0.0103697336282536,2026,2025-12-31,native_mse,20260910,0.010703361408985446,,1,0
rolling5_matched,3635,2026-01-16,2026-01-26,-0.0010190267764643,2026,2025-12-31,native_mse,20260910,-0.011624469485016569,,0,0
rolling5_matched,3640,2026-01-23,2026-02-02,-0.0087161586128796,2026,2025-12-31,native_mse,20260910,0.0019876658630304444,,1,0
rolling5_matched,3645,2026-01-30,2026-02-09,0.0041482324550519,2026,2025-12-31,native_mse,20260910,0.0002265297433024046,,1,1
rolling5_matched,3650,2026-02-06,2026-02-24,0.0071649689901505,2026,2025-12-31,native_mse,20260910,-0.007812227859076561,,0,1
rolling5_matched,3655,2026-02-13,2026-03-02,-0.0097920588919678,2026,2025-12-31,native_mse,20260910,-0.010100315119221893,,0,0
rolling5_matched,3659,2026-02-27,2026-03-09,-0.0172526869201304,2026,2025-12-31,native_mse,20260910,-0.0007433346100326037,,0,0
rolling5_matched,3664,2026-03-06,2026-03-16,0.0149926634422041,2026,2025-12-31,native_mse,20260910,0.010443697427926654,,1,1
rolling5_matched,3669,2026-03-13,2026-03-23,-0.0364343509194254,2026,2025-12-31,native_mse,20260910,6.991191416842534e-05,,1,0
rolling5_matched,3674,2026-03-20,2026-03-30,-0.0083038829988221,2026,2025-12-31,native_mse,20260910,-0.01418801412075521,,0,0
rolling5_matched,3679,2026-03-27,2026-04-07,-0.0035591495694504,2026,2025-12-31,native_mse,20260910,0.01389948367737912,,1,0
rolling5_matched,3684,2026-04-03,2026-04-13,0.0380736235508991,2026,2025-12-31,native_mse,20260910,-0.012729127210727756,,0,1
rolling5_matched,3688,2026-04-10,2026-04-20,0.0242766725964382,2026,2025-12-31,native_mse,20260910,-0.011846552828248013,,0,1
rolling5_matched,3693,2026-04-17,2026-04-27,0.010401572188011,2026,2025-12-31,native_mse,20260910,-0.006753808690560151,,0,1
rolling5_matched,3698,2026-04-24,2026-05-11,0.0263674696524953,2026,2025-12-31,native_mse,20260910,-0.024367330749706644,,0,1
rolling5_matched,3705,2026-05-08,2026-05-18,-0.0134529239455926,2026,2025-12-31,native_mse,20260910,0.004150967071755239,,1,0
rolling5_matched,3710,2026-05-15,2026-05-25,0.0076235492615268,2026,2025-12-31,native_mse,20260910,-0.0007490413982569411,,0,1
rolling5_matched,3715,2026-05-22,2026-06-01,0.005068538126898,2026,2025-12-31,native_mse,20260910,-0.01938855946422554,,0,1
rolling5_matched,3720,2026-05-29,2026-06-08,-0.039635353927193,2026,2025-12-31,native_mse,20260910,-0.006266887040706898,,0,0
rolling5_matched,3725,2026-06-05,2026-06-15,0.0266849782195981,2026,2025-12-31,native_mse,20260910,0.008867182889949152,,1,1
rolling5_matched,3730,2026-06-12,2026-06-29,0.0076098142791176,2026,2025-12-31,native_mse,20260910,-0.004891417833762802,,0,1
rolling5_matched,3739,2026-06-26,2026-07-06,0.0005137647861506,2026,2025-12-31,native_mse,20260910,0.0036095177721259595,,1,1
rolling5_matched,3744,2026-07-03,2026-07-13,-0.0252847876365399,2026,2025-12-31,native_mse,20260910,0.025929267141984683,,1,0
rolling5_matched,3749,2026-07-10,2026-07-20,-0.035775397012711,2026,2025-12-31,native_mse,20260910,0.006108670708973077,,1,0
rolling5_matched,3754,2026-07-17,2026-07-27,0.01756245533441,2026,2025-12-31,native_mse,20260910,0.015036427805300836,,1,1
rolling5_matched,3759,2026-07-24,2026-08-03,-0.0202339761556519,2026,2025-12-31,native_mse,20260910,-0.006293593077103262,,0,0
rolling5_matched,3764,2026-07-31,2026-08-10,0.0300318732435738,2026,2025-12-31,native_mse,20260910,-0.014264941795547288,,0,1
rolling5_matched,3769,2026-08-07,2026-08-17,-0.0056482265760339,2026,2025-12-31,native_mse,20260910,-0.0006213317123090998,,0,0
rolling5_matched,3774,2026-08-14,2026-08-24,-0.0109860710402629,2026,2025-12-31,native_mse,20260910,-0.016882479034132234,,0,0
rolling5_matched,3779,2026-08-21,2026-08-31,-0.0127592811002066,2026,2025-12-31,native_mse,20260910,-0.004389938276412133,,0,0
rolling5_matched,3630,2026-01-09,2026-01-19,-0.0103697336282536,2026,2025-12-31,training_frequency,-1,0.4792703150912106,0.4792703150912106,0,0
rolling5_matched,3635,2026-01-16,2026-01-26,-0.0010190267764643,2026,2025-12-31,training_frequency,-1,0.4792703150912106,0.4792703150912106,0,0
rolling5_matched,3640,2026-01-23,2026-02-02,-0.0087161586128796,2026,2025-12-31,training_frequency,-1,0.4792703150912106,0.4792703150912106,0,0
rolling5_matched,3645,2026-01-30,2026-02-09,0.0041482324550519,2026,2025-12-31,training_frequency,-1,0.4792703150912106,0.4792703150912106,0,1
rolling5_matched,3650,2026-02-06,2026-02-24,0.0071649689901505,2026,2025-12-31,training_frequency,-1,0.4792703150912106,0.4792703150912106,0,1
rolling5_matched,3655,2026-02-13,2026-03-02,-0.0097920588919678,2026,2025-12-31,training_frequency,-1,0.4792703150912106,0.4792703150912106,0,0
rolling5_matched,3659,2026-02-27,2026-03-09,-0.0172526869201304,2026,2025-12-31,training_frequency,-1,0.4792703150912106,0.4792703150912106,0,0
rolling5_matched,3664,2026-03-06,2026-03-16,0.0149926634422041,2026,2025-12-31,training_frequency,-1,0.4792703150912106,0.4792703150912106,0,1
rolling5_matched,3669,2026-03-13,2026-03-23,-0.0364343509194254,2026,2025-12-31,training_frequency,-1,0.4792703150912106,0.4792703150912106,0,0
rolling5_matched,3674,2026-03-20,2026-03-30,-0.0083038829988221,2026,2025-12-31,training_frequency,-1,0.4792703150912106,0.4792703150912106,0,0
rolling5_matched,3679,2026-03-27,2026-04-07,-0.0035591495694504,2026,2025-12-31,training_frequency,-1,0.4792703150912106,0.4792703150912106,0,0
rolling5_matched,3684,2026-04-03,2026-04-13,0.0380736235508991,2026,2025-12-31,training_frequency,-1,0.4792703150912106,0.4792703150912106,0,1
rolling5_matched,3688,2026-04-10,2026-04-20,0.0242766725964382,2026,2025-12-31,training_frequency,-1,0.4792703150912106,0.4792703150912106,0,1
rolling5_matched,3693,2026-04-17,2026-04-27,0.010401572188011,2026,2025-12-31,training_frequency,-1,0.4792703150912106,0.4792703150912106,0,1
rolling5_matched,3698,2026-04-24,2026-05-11,0.0263674696524953,2026,2025-12-31,training_frequency,-1,0.4792703150912106,0.4792703150912106,0,1
rolling5_matched,3705,2026-05-08,2026-05-18,-0.0134529239455926,2026,2025-12-31,training_frequency,-1,0.4792703150912106,0.4792703150912106,0,0
rolling5_matched,3710,2026-05-15,2026-05-25,0.0076235492615268,2026,2025-12-31,training_frequency,-1,0.4792703150912106,0.4792703150912106,0,1
rolling5_matched,3715,2026-05-22,2026-06-01,0.005068538126898,2026,2025-12-31,training_frequency,-1,0.4792703150912106,0.4792703150912106,0,1
rolling5_matched,3720,2026-05-29,2026-06-08,-0.039635353927193,2026,2025-12-31,training_frequency,-1,0.4792703150912106,0.4792703150912106,0,0
rolling5_matched,3725,2026-06-05,2026-06-15,0.0266849782195981,2026,2025-12-31,training_frequency,-1,0.4792703150912106,0.4792703150912106,0,1
rolling5_matched,3730,2026-06-12,2026-06-29,0.0076098142791176,2026,2025-12-31,training_frequency,-1,0.4792703150912106,0.4792703150912106,0,1
rolling5_matched,3739,2026-06-26,2026-07-06,0.0005137647861506,2026,2025-12-31,training_frequency,-1,0.4792703150912106,0.4792703150912106,0,1
rolling5_matched,3744,2026-07-03,2026-07-13,-0.0252847876365399,2026,2025-12-31,training_frequency,-1,0.4792703150912106,0.4792703150912106,0,0
rolling5_matched,3749,2026-07-10,2026-07-20,-0.035775397012711,2026,2025-12-31,training_frequency,-1,0.4792703150912106,0.4792703150912106,0,0
rolling5_matched,3754,2026-07-17,2026-07-27,0.01756245533441,2026,2025-12-31,training_frequency,-1,0.4792703150912106,0.4792703150912106,0,1
rolling5_matched,3759,2026-07-24,2026-08-03,-0.0202339761556519,2026,2025-12-31,training_frequency,-1,0.4792703150912106,0.4792703150912106,0,0
rolling5_matched,3764,2026-07-31,2026-08-10,0.0300318732435738,2026,2025-12-31,training_frequency,-1,0.4792703150912106,0.4792703150912106,0,1
rolling5_matched,3769,2026-08-07,2026-08-17,-0.0056482265760339,2026,2025-12-31,training_frequency,-1,0.4792703150912106,0.4792703150912106,0,0
rolling5_matched,3774,2026-08-14,2026-08-24,-0.0109860710402629,2026,2025-12-31,training_frequency,-1,0.4792703150912106,0.4792703150912106,0,0
rolling5_matched,3779,2026-08-21,2026-08-31,-0.0127592811002066,2026,2025-12-31,training_frequency,-1,0.4792703150912106,0.4792703150912106,0,0
rolling5_matched,3630,2026-01-09,2026-01-19,-0.0103697336282536,2026,2025-12-31,learned_market,20260911,0.33625527072742045,0.33625527072742045,0,0
rolling5_matched,3635,2026-01-16,2026-01-26,-0.0010190267764643,2026,2025-12-31,learned_market,20260911,0.04259322933626158,0.04259322933626158,0,0
rolling5_matched,3640,2026-01-23,2026-02-02,-0.0087161586128796,2026,2025-12-31,learned_market,20260911,0.801875283870228,0.801875283870228,1,0
rolling5_matched,3645,2026-01-30,2026-02-09,0.0041482324550519,2026,2025-12-31,learned_market,20260911,0.2676514735778593,0.2676514735778593,0,1
rolling5_matched,3650,2026-02-06,2026-02-24,0.0071649689901505,2026,2025-12-31,learned_market,20260911,0.7107260843230299,0.7107260843230299,1,1
rolling5_matched,3655,2026-02-13,2026-03-02,-0.0097920588919678,2026,2025-12-31,learned_market,20260911,0.3780220517675074,0.3780220517675074,0,0
rolling5_matched,3659,2026-02-27,2026-03-09,-0.0172526869201304,2026,2025-12-31,learned_market,20260911,0.32343254164288476,0.32343254164288476,0,0
rolling5_matched,3664,2026-03-06,2026-03-16,0.0149926634422041,2026,2025-12-31,learned_market,20260911,0.3303671788617622,0.3303671788617622,0,1
rolling5_matched,3669,2026-03-13,2026-03-23,-0.0364343509194254,2026,2025-12-31,learned_market,20260911,0.39027621727516015,0.39027621727516015,0,0
rolling5_matched,3674,2026-03-20,2026-03-30,-0.0083038829988221,2026,2025-12-31,learned_market,20260911,0.08417885064661203,0.08417885064661203,0,0
rolling5_matched,3679,2026-03-27,2026-04-07,-0.0035591495694504,2026,2025-12-31,learned_market,20260911,0.41841795283752253,0.41841795283752253,0,0
rolling5_matched,3684,2026-04-03,2026-04-13,0.0380736235508991,2026,2025-12-31,learned_market,20260911,0.0672438220615655,0.0672438220615655,0,1
rolling5_matched,3688,2026-04-10,2026-04-20,0.0242766725964382,2026,2025-12-31,learned_market,20260911,0.1820604185151932,0.1820604185151932,0,1
rolling5_matched,3693,2026-04-17,2026-04-27,0.010401572188011,2026,2025-12-31,learned_market,20260911,0.31620770498116996,0.31620770498116996,0,1
rolling5_matched,3698,2026-04-24,2026-05-11,0.0263674696524953,2026,2025-12-31,learned_market,20260911,0.3657445073927423,0.3657445073927423,0,1
rolling5_matched,3705,2026-05-08,2026-05-18,-0.0134529239455926,2026,2025-12-31,learned_market,20260911,0.6662277922295656,0.6662277922295656,1,0
rolling5_matched,3710,2026-05-15,2026-05-25,0.0076235492615268,2026,2025-12-31,learned_market,20260911,0.7610551371861312,0.7610551371861312,1,1
rolling5_matched,3715,2026-05-22,2026-06-01,0.005068538126898,2026,2025-12-31,learned_market,20260911,0.4446827259385254,0.4446827259385254,0,1
rolling5_matched,3720,2026-05-29,2026-06-08,-0.039635353927193,2026,2025-12-31,learned_market,20260911,0.8396312746976881,0.8396312746976881,1,0
rolling5_matched,3725,2026-06-05,2026-06-15,0.0266849782195981,2026,2025-12-31,learned_market,20260911,0.8592331782778387,0.8592331782778387,1,1
rolling5_matched,3730,2026-06-12,2026-06-29,0.0076098142791176,2026,2025-12-31,learned_market,20260911,0.6098227984047324,0.6098227984047324,1,1
rolling5_matched,3739,2026-06-26,2026-07-06,0.0005137647861506,2026,2025-12-31,learned_market,20260911,0.33770743177373497,0.33770743177373497,0,1
rolling5_matched,3744,2026-07-03,2026-07-13,-0.0252847876365399,2026,2025-12-31,learned_market,20260911,0.8179343923132661,0.8179343923132661,1,0
rolling5_matched,3749,2026-07-10,2026-07-20,-0.035775397012711,2026,2025-12-31,learned_market,20260911,0.30247233403253476,0.30247233403253476,0,0
rolling5_matched,3754,2026-07-17,2026-07-27,0.01756245533441,2026,2025-12-31,learned_market,20260911,0.32406762177020226,0.32406762177020226,0,1
rolling5_matched,3759,2026-07-24,2026-08-03,-0.0202339761556519,2026,2025-12-31,learned_market,20260911,0.2825652233933086,0.2825652233933086,0,0
rolling5_matched,3764,2026-07-31,2026-08-10,0.0300318732435738,2026,2025-12-31,learned_market,20260911,0.392014774710855,0.392014774710855,0,1
rolling5_matched,3769,2026-08-07,2026-08-17,-0.0056482265760339,2026,2025-12-31,learned_market,20260911,0.6022696411088353,0.6022696411088353,1,0
rolling5_matched,3774,2026-08-14,2026-08-24,-0.0109860710402629,2026,2025-12-31,learned_market,20260911,0.30850055094439793,0.30850055094439793,0,0
rolling5_matched,3779,2026-08-21,2026-08-31,-0.0127592811002066,2026,2025-12-31,learned_market,20260911,0.33273504025886175,0.33273504025886175,0,0
rolling5_matched,3630,2026-01-09,2026-01-19,-0.0103697336282536,2026,2025-12-31,learned_vol_interaction,20260911,0.3350956204532554,0.3350956204532554,0,0
rolling5_matched,3635,2026-01-16,2026-01-26,-0.0010190267764643,2026,2025-12-31,learned_vol_interaction,20260911,0.031329851658574055,0.031329851658574055,0,0
rolling5_matched,3640,2026-01-23,2026-02-02,-0.0087161586128796,2026,2025-12-31,learned_vol_interaction,20260911,0.8309784351241765,0.8309784351241765,1,0
rolling5_matched,3645,2026-01-30,2026-02-09,0.0041482324550519,2026,2025-12-31,learned_vol_interaction,20260911,0.2485115445445805,0.2485115445445805,0,1
rolling5_matched,3650,2026-02-06,2026-02-24,0.0071649689901505,2026,2025-12-31,learned_vol_interaction,20260911,0.7288751450469678,0.7288751450469678,1,1
rolling5_matched,3655,2026-02-13,2026-03-02,-0.0097920588919678,2026,2025-12-31,learned_vol_interaction,20260911,0.36902933022871864,0.36902933022871864,0,0
rolling5_matched,3659,2026-02-27,2026-03-09,-0.0172526869201304,2026,2025-12-31,learned_vol_interaction,20260911,0.31594947542897517,0.31594947542897517,0,0
rolling5_matched,3664,2026-03-06,2026-03-16,0.0149926634422041,2026,2025-12-31,learned_vol_interaction,20260911,0.3202955477675218,0.3202955477675218,0,1
rolling5_matched,3669,2026-03-13,2026-03-23,-0.0364343509194254,2026,2025-12-31,learned_vol_interaction,20260911,0.3848755542663461,0.3848755542663461,0,0
rolling5_matched,3674,2026-03-20,2026-03-30,-0.0083038829988221,2026,2025-12-31,learned_vol_interaction,20260911,0.0740792717280334,0.0740792717280334,0,0
rolling5_matched,3679,2026-03-27,2026-04-07,-0.0035591495694504,2026,2025-12-31,learned_vol_interaction,20260911,0.41612305718859,0.41612305718859,0,0
rolling5_matched,3684,2026-04-03,2026-04-13,0.0380736235508991,2026,2025-12-31,learned_vol_interaction,20260911,0.07205754301945545,0.07205754301945545,0,1
rolling5_matched,3688,2026-04-10,2026-04-20,0.0242766725964382,2026,2025-12-31,learned_vol_interaction,20260911,0.20487537361594596,0.20487537361594596,0,1
rolling5_matched,3693,2026-04-17,2026-04-27,0.010401572188011,2026,2025-12-31,learned_vol_interaction,20260911,0.32407224944060165,0.32407224944060165,0,1
rolling5_matched,3698,2026-04-24,2026-05-11,0.0263674696524953,2026,2025-12-31,learned_vol_interaction,20260911,0.36120490369487357,0.36120490369487357,0,1
rolling5_matched,3705,2026-05-08,2026-05-18,-0.0134529239455926,2026,2025-12-31,learned_vol_interaction,20260911,0.6777159142822985,0.6777159142822985,1,0
rolling5_matched,3710,2026-05-15,2026-05-25,0.0076235492615268,2026,2025-12-31,learned_vol_interaction,20260911,0.7829430471997423,0.7829430471997423,1,1
rolling5_matched,3715,2026-05-22,2026-06-01,0.005068538126898,2026,2025-12-31,learned_vol_interaction,20260911,0.43145852427246084,0.43145852427246084,0,1
rolling5_matched,3720,2026-05-29,2026-06-08,-0.039635353927193,2026,2025-12-31,learned_vol_interaction,20260911,0.8493622515630548,0.8493622515630548,1,0
rolling5_matched,3725,2026-06-05,2026-06-15,0.0266849782195981,2026,2025-12-31,learned_vol_interaction,20260911,0.8649360202079115,0.8649360202079115,1,1
rolling5_matched,3730,2026-06-12,2026-06-29,0.0076098142791176,2026,2025-12-31,learned_vol_interaction,20260911,0.6147958119269027,0.6147958119269027,1,1
rolling5_matched,3739,2026-06-26,2026-07-06,0.0005137647861506,2026,2025-12-31,learned_vol_interaction,20260911,0.35019700114693186,0.35019700114693186,0,1
rolling5_matched,3744,2026-07-03,2026-07-13,-0.0252847876365399,2026,2025-12-31,learned_vol_interaction,20260911,0.7775446793562631,0.7775446793562631,1,0
rolling5_matched,3749,2026-07-10,2026-07-20,-0.035775397012711,2026,2025-12-31,learned_vol_interaction,20260911,0.3237516157222848,0.3237516157222848,0,0
rolling5_matched,3754,2026-07-17,2026-07-27,0.01756245533441,2026,2025-12-31,learned_vol_interaction,20260911,0.35797152625996864,0.35797152625996864,0,1
rolling5_matched,3759,2026-07-24,2026-08-03,-0.0202339761556519,2026,2025-12-31,learned_vol_interaction,20260911,0.3191825105927621,0.3191825105927621,0,0
rolling5_matched,3764,2026-07-31,2026-08-10,0.0300318732435738,2026,2025-12-31,learned_vol_interaction,20260911,0.4033911626334125,0.4033911626334125,0,1
rolling5_matched,3769,2026-08-07,2026-08-17,-0.0056482265760339,2026,2025-12-31,learned_vol_interaction,20260911,0.582857843496802,0.582857843496802,1,0
rolling5_matched,3774,2026-08-14,2026-08-24,-0.0109860710402629,2026,2025-12-31,learned_vol_interaction,20260911,0.3149441625021823,0.3149441625021823,0,0
rolling5_matched,3779,2026-08-21,2026-08-31,-0.0127592811002066,2026,2025-12-31,learned_vol_interaction,20260911,0.3323858718403626,0.3323858718403626,0,0
rolling5_matched,3630,2026-01-09,2026-01-19,-0.0103697336282536,2026,2025-12-31,learned_order_extension,20260911,0.31311436079283905,0.31311436079283905,0,0
rolling5_matched,3635,2026-01-16,2026-01-26,-0.0010190267764643,2026,2025-12-31,learned_order_extension,20260911,0.02337280388650882,0.02337280388650882,0,0
rolling5_matched,3640,2026-01-23,2026-02-02,-0.0087161586128796,2026,2025-12-31,learned_order_extension,20260911,0.8670255827768065,0.8670255827768065,1,0
rolling5_matched,3645,2026-01-30,2026-02-09,0.0041482324550519,2026,2025-12-31,learned_order_extension,20260911,0.22004772061036695,0.22004772061036695,0,1
rolling5_matched,3650,2026-02-06,2026-02-24,0.0071649689901505,2026,2025-12-31,learned_order_extension,20260911,0.7449636674288016,0.7449636674288016,1,1
rolling5_matched,3655,2026-02-13,2026-03-02,-0.0097920588919678,2026,2025-12-31,learned_order_extension,20260911,0.365537089763576,0.365537089763576,0,0
rolling5_matched,3659,2026-02-27,2026-03-09,-0.0172526869201304,2026,2025-12-31,learned_order_extension,20260911,0.2794813328098182,0.2794813328098182,0,0
rolling5_matched,3664,2026-03-06,2026-03-16,0.0149926634422041,2026,2025-12-31,learned_order_extension,20260911,0.28975027412550636,0.28975027412550636,0,1
rolling5_matched,3669,2026-03-13,2026-03-23,-0.0364343509194254,2026,2025-12-31,learned_order_extension,20260911,0.3749207496647527,0.3749207496647527,0,0
rolling5_matched,3674,2026-03-20,2026-03-30,-0.0083038829988221,2026,2025-12-31,learned_order_extension,20260911,0.04240590958533408,0.04240590958533408,0,0
rolling5_matched,3679,2026-03-27,2026-04-07,-0.0035591495694504,2026,2025-12-31,learned_order_extension,20260911,0.3903006704708009,0.3903006704708009,0,0
rolling5_matched,3684,2026-04-03,2026-04-13,0.0380736235508991,2026,2025-12-31,learned_order_extension,20260911,0.03460654479684051,0.03460654479684051,0,1
rolling5_matched,3688,2026-04-10,2026-04-20,0.0242766725964382,2026,2025-12-31,learned_order_extension,20260911,0.12070980351923216,0.12070980351923216,0,1
rolling5_matched,3693,2026-04-17,2026-04-27,0.010401572188011,2026,2025-12-31,learned_order_extension,20260911,0.2605320061627383,0.2605320061627383,0,1
rolling5_matched,3698,2026-04-24,2026-05-11,0.0263674696524953,2026,2025-12-31,learned_order_extension,20260911,0.3228831657476049,0.3228831657476049,0,1
rolling5_matched,3705,2026-05-08,2026-05-18,-0.0134529239455926,2026,2025-12-31,learned_order_extension,20260911,0.7101995490480449,0.7101995490480449,1,0
rolling5_matched,3710,2026-05-15,2026-05-25,0.0076235492615268,2026,2025-12-31,learned_order_extension,20260911,0.8429978733471796,0.8429978733471796,1,1
rolling5_matched,3715,2026-05-22,2026-06-01,0.005068538126898,2026,2025-12-31,learned_order_extension,20260911,0.43522369714958187,0.43522369714958187,0,1
rolling5_matched,3720,2026-05-29,2026-06-08,-0.039635353927193,2026,2025-12-31,learned_order_extension,20260911,0.9096289426593899,0.9096289426593899,1,0
rolling5_matched,3725,2026-06-05,2026-06-15,0.0266849782195981,2026,2025-12-31,learned_order_extension,20260911,0.9111078812732154,0.9111078812732154,1,1
rolling5_matched,3730,2026-06-12,2026-06-29,0.0076098142791176,2026,2025-12-31,learned_order_extension,20260911,0.6586463228676286,0.6586463228676286,1,1
rolling5_matched,3739,2026-06-26,2026-07-06,0.0005137647861506,2026,2025-12-31,learned_order_extension,20260911,0.30306480128133106,0.30306480128133106,0,1
rolling5_matched,3744,2026-07-03,2026-07-13,-0.0252847876365399,2026,2025-12-31,learned_order_extension,20260911,0.8367713735917266,0.8367713735917266,1,0
rolling5_matched,3749,2026-07-10,2026-07-20,-0.035775397012711,2026,2025-12-31,learned_order_extension,20260911,0.2870455035843157,0.2870455035843157,0,0
rolling5_matched,3754,2026-07-17,2026-07-27,0.01756245533441,2026,2025-12-31,learned_order_extension,20260911,0.31008620138820225,0.31008620138820225,0,1
rolling5_matched,3759,2026-07-24,2026-08-03,-0.0202339761556519,2026,2025-12-31,learned_order_extension,20260911,0.25325416460896455,0.25325416460896455,0,0
rolling5_matched,3764,2026-07-31,2026-08-10,0.0300318732435738,2026,2025-12-31,learned_order_extension,20260911,0.3634363688298593,0.3634363688298593,0,1
rolling5_matched,3769,2026-08-07,2026-08-17,-0.0056482265760339,2026,2025-12-31,learned_order_extension,20260911,0.60057403960797,0.60057403960797,1,0
rolling5_matched,3774,2026-08-14,2026-08-24,-0.0109860710402629,2026,2025-12-31,learned_order_extension,20260911,0.2548863796220266,0.2548863796220266,0,0
rolling5_matched,3779,2026-08-21,2026-08-31,-0.0127592811002066,2026,2025-12-31,learned_order_extension,20260911,0.2866082534701673,0.2866082534701673,0,0
rolling5_matched,3630,2026-01-09,2026-01-19,-0.0103697336282536,2026,2025-12-31,learned_order_offset,20260911,0.3167425507808199,0.3167425507808199,0,0
rolling5_matched,3635,2026-01-16,2026-01-26,-0.0010190267764643,2026,2025-12-31,learned_order_offset,20260911,0.024061648054672962,0.024061648054672962,0,0
rolling5_matched,3640,2026-01-23,2026-02-02,-0.0087161586128796,2026,2025-12-31,learned_order_offset,20260911,0.865178471077758,0.865178471077758,1,0
rolling5_matched,3645,2026-01-30,2026-02-09,0.0041482324550519,2026,2025-12-31,learned_order_offset,20260911,0.22362670661325837,0.22362670661325837,0,1
rolling5_matched,3650,2026-02-06,2026-02-24,0.0071649689901505,2026,2025-12-31,learned_order_offset,20260911,0.7483943279074879,0.7483943279074879,1,1
rolling5_matched,3655,2026-02-13,2026-03-02,-0.0097920588919678,2026,2025-12-31,learned_order_offset,20260911,0.3725731076416972,0.3725731076416972,0,0
rolling5_matched,3659,2026-02-27,2026-03-09,-0.0172526869201304,2026,2025-12-31,learned_order_offset,20260911,0.2785206845097449,0.2785206845097449,0,0
rolling5_matched,3664,2026-03-06,2026-03-16,0.0149926634422041,2026,2025-12-31,learned_order_offset,20260911,0.29389477466429376,0.29389477466429376,0,1
rolling5_matched,3669,2026-03-13,2026-03-23,-0.0364343509194254,2026,2025-12-31,learned_order_offset,20260911,0.3748172070161118,0.3748172070161118,0,0
rolling5_matched,3674,2026-03-20,2026-03-30,-0.0083038829988221,2026,2025-12-31,learned_order_offset,20260911,0.044692335617330256,0.044692335617330256,0,0
rolling5_matched,3679,2026-03-27,2026-04-07,-0.0035591495694504,2026,2025-12-31,learned_order_offset,20260911,0.39337640955423975,0.39337640955423975,0,0
rolling5_matched,3684,2026-04-03,2026-04-13,0.0380736235508991,2026,2025-12-31,learned_order_offset,20260911,0.03824810511307921,0.03824810511307921,0,1
rolling5_matched,3688,2026-04-10,2026-04-20,0.0242766725964382,2026,2025-12-31,learned_order_offset,20260911,0.12971900354749435,0.12971900354749435,0,1
rolling5_matched,3693,2026-04-17,2026-04-27,0.010401572188011,2026,2025-12-31,learned_order_offset,20260911,0.27548072277034397,0.27548072277034397,0,1
rolling5_matched,3698,2026-04-24,2026-05-11,0.0263674696524953,2026,2025-12-31,learned_order_offset,20260911,0.3224135392874415,0.3224135392874415,0,1
rolling5_matched,3705,2026-05-08,2026-05-18,-0.0134529239455926,2026,2025-12-31,learned_order_offset,20260911,0.69636750173437,0.69636750173437,1,0
rolling5_matched,3710,2026-05-15,2026-05-25,0.0076235492615268,2026,2025-12-31,learned_order_offset,20260911,0.8279728033606515,0.8279728033606515,1,1
rolling5_matched,3715,2026-05-22,2026-06-01,0.005068538126898,2026,2025-12-31,learned_order_offset,20260911,0.43536444322560863,0.43536444322560863,0,1
rolling5_matched,3720,2026-05-29,2026-06-08,-0.039635353927193,2026,2025-12-31,learned_order_offset,20260911,0.9043499222543453,0.9043499222543453,1,0
rolling5_matched,3725,2026-06-05,2026-06-15,0.0266849782195981,2026,2025-12-31,learned_order_offset,20260911,0.9122991680173514,0.9122991680173514,1,1
rolling5_matched,3730,2026-06-12,2026-06-29,0.0076098142791176,2026,2025-12-31,learned_order_offset,20260911,0.6599648163576255,0.6599648163576255,1,1
rolling5_matched,3739,2026-06-26,2026-07-06,0.0005137647861506,2026,2025-12-31,learned_order_offset,20260911,0.30786343179575903,0.30786343179575903,0,1
rolling5_matched,3744,2026-07-03,2026-07-13,-0.0252847876365399,2026,2025-12-31,learned_order_offset,20260911,0.8310939792746925,0.8310939792746925,1,0
rolling5_matched,3749,2026-07-10,2026-07-20,-0.035775397012711,2026,2025-12-31,learned_order_offset,20260911,0.301972683157121,0.301972683157121,0,0
rolling5_matched,3754,2026-07-17,2026-07-27,0.01756245533441,2026,2025-12-31,learned_order_offset,20260911,0.32503873836232927,0.32503873836232927,0,1
rolling5_matched,3759,2026-07-24,2026-08-03,-0.0202339761556519,2026,2025-12-31,learned_order_offset,20260911,0.27504210778033467,0.27504210778033467,0,0
rolling5_matched,3764,2026-07-31,2026-08-10,0.0300318732435738,2026,2025-12-31,learned_order_offset,20260911,0.37285527377181027,0.37285527377181027,0,1
rolling5_matched,3769,2026-08-07,2026-08-17,-0.0056482265760339,2026,2025-12-31,learned_order_offset,20260911,0.6032505027886287,0.6032505027886287,1,0
rolling5_matched,3774,2026-08-14,2026-08-24,-0.0109860710402629,2026,2025-12-31,learned_order_offset,20260911,0.26350200605978397,0.26350200605978397,0,0
rolling5_matched,3779,2026-08-21,2026-08-31,-0.0127592811002066,2026,2025-12-31,learned_order_offset,20260911,0.2838027857902495,0.2838027857902495,0,0
rolling5_matched,3630,2026-01-09,2026-01-19,-0.0103697336282536,2026,2025-12-31,native_mse,20260911,-0.0065312779587831426,,0,0
rolling5_matched,3635,2026-01-16,2026-01-26,-0.0010190267764643,2026,2025-12-31,native_mse,20260911,-0.022016660365067473,,0,0
rolling5_matched,3640,2026-01-23,2026-02-02,-0.0087161586128796,2026,2025-12-31,native_mse,20260911,0.009895177569952514,,1,0
rolling5_matched,3645,2026-01-30,2026-02-09,0.0041482324550519,2026,2025-12-31,native_mse,20260911,-0.006006371698266115,,0,1
rolling5_matched,3650,2026-02-06,2026-02-24,0.0071649689901505,2026,2025-12-31,native_mse,20260911,0.0058875115001217945,,1,1
rolling5_matched,3655,2026-02-13,2026-03-02,-0.0097920588919678,2026,2025-12-31,native_mse,20260911,-0.007210357123785428,,0,0
rolling5_matched,3659,2026-02-27,2026-03-09,-0.0172526869201304,2026,2025-12-31,native_mse,20260911,-0.006790013670632331,,0,0
rolling5_matched,3664,2026-03-06,2026-03-16,0.0149926634422041,2026,2025-12-31,native_mse,20260911,-0.007668598769666973,,0,1
rolling5_matched,3669,2026-03-13,2026-03-23,-0.0364343509194254,2026,2025-12-31,native_mse,20260911,-0.003052461743049223,,0,0
rolling5_matched,3674,2026-03-20,2026-03-30,-0.0083038829988221,2026,2025-12-31,native_mse,20260911,-0.015497192088162387,,0,0
rolling5_matched,3679,2026-03-27,2026-04-07,-0.0035591495694504,2026,2025-12-31,native_mse,20260911,-0.005202065502283364,,0,0
rolling5_matched,3684,2026-04-03,2026-04-13,0.0380736235508991,2026,2025-12-31,native_mse,20260911,-0.02127872397038103,,0,1
rolling5_matched,3688,2026-04-10,2026-04-20,0.0242766725964382,2026,2025-12-31,native_mse,20260911,-0.01254162510004684,,0,1
rolling5_matched,3693,2026-04-17,2026-04-27,0.010401572188011,2026,2025-12-31,native_mse,20260911,-0.009399051353817458,,0,1
rolling5_matched,3698,2026-04-24,2026-05-11,0.0263674696524953,2026,2025-12-31,native_mse,20260911,-0.005892221048393375,,0,1
rolling5_matched,3705,2026-05-08,2026-05-18,-0.0134529239455926,2026,2025-12-31,native_mse,20260911,0.006694395348778338,,1,0
rolling5_matched,3710,2026-05-15,2026-05-25,0.0076235492615268,2026,2025-12-31,native_mse,20260911,0.010074949203509717,,1,1
rolling5_matched,3715,2026-05-22,2026-06-01,0.005068538126898,2026,2025-12-31,native_mse,20260911,-0.0008783755036362198,,0,1
rolling5_matched,3720,2026-05-29,2026-06-08,-0.039635353927193,2026,2025-12-31,native_mse,20260911,0.011640614775998771,,1,0
rolling5_matched,3725,2026-06-05,2026-06-15,0.0266849782195981,2026,2025-12-31,native_mse,20260911,0.01453160978665915,,1,1
rolling5_matched,3730,2026-06-12,2026-06-29,0.0076098142791176,2026,2025-12-31,native_mse,20260911,-0.0005274765109520851,,0,1
rolling5_matched,3739,2026-06-26,2026-07-06,0.0005137647861506,2026,2025-12-31,native_mse,20260911,-0.0043676656041428796,,0,1
rolling5_matched,3744,2026-07-03,2026-07-13,-0.0252847876365399,2026,2025-12-31,native_mse,20260911,0.006950837470736361,,1,0
rolling5_matched,3749,2026-07-10,2026-07-20,-0.035775397012711,2026,2025-12-31,native_mse,20260911,-0.009865502290072036,,0,0
rolling5_matched,3754,2026-07-17,2026-07-27,0.01756245533441,2026,2025-12-31,native_mse,20260911,-0.007811725890782371,,0,1
rolling5_matched,3759,2026-07-24,2026-08-03,-0.0202339761556519,2026,2025-12-31,native_mse,20260911,-0.012724292768144825,,0,0
rolling5_matched,3764,2026-07-31,2026-08-10,0.0300318732435738,2026,2025-12-31,native_mse,20260911,-0.007385213272102648,,0,1
rolling5_matched,3769,2026-08-07,2026-08-17,-0.0056482265760339,2026,2025-12-31,native_mse,20260911,-0.001960100173130987,,0,0
rolling5_matched,3774,2026-08-14,2026-08-24,-0.0109860710402629,2026,2025-12-31,native_mse,20260911,-0.007331093316509546,,0,0
rolling5_matched,3779,2026-08-21,2026-08-31,-0.0127592811002066,2026,2025-12-31,native_mse,20260911,-0.005006345418087589,,0,0
rolling5_matched,3630,2026-01-09,2026-01-19,-0.0103697336282536,2026,2025-12-31,learned_market,20260912,0.7509555559807454,0.7509555559807454,1,0
rolling5_matched,3635,2026-01-16,2026-01-26,-0.0010190267764643,2026,2025-12-31,learned_market,20260912,0.351961561001958,0.351961561001958,0,0
rolling5_matched,3640,2026-01-23,2026-02-02,-0.0087161586128796,2026,2025-12-31,learned_market,20260912,0.08227586878432494,0.08227586878432494,0,0
rolling5_matched,3645,2026-01-30,2026-02-09,0.0041482324550519,2026,2025-12-31,learned_market,20260912,0.052333884287975474,0.052333884287975474,0,1
rolling5_matched,3650,2026-02-06,2026-02-24,0.0071649689901505,2026,2025-12-31,learned_market,20260912,0.0184874960557834,0.0184874960557834,0,1
rolling5_matched,3655,2026-02-13,2026-03-02,-0.0097920588919678,2026,2025-12-31,learned_market,20260912,0.06999346505689671,0.06999346505689671,0,0
rolling5_matched,3659,2026-02-27,2026-03-09,-0.0172526869201304,2026,2025-12-31,learned_market,20260912,0.6409781971210718,0.6409781971210718,1,0
rolling5_matched,3664,2026-03-06,2026-03-16,0.0149926634422041,2026,2025-12-31,learned_market,20260912,0.7286167786703046,0.7286167786703046,1,1
rolling5_matched,3669,2026-03-13,2026-03-23,-0.0364343509194254,2026,2025-12-31,learned_market,20260912,0.7947362063321755,0.7947362063321755,1,0
rolling5_matched,3674,2026-03-20,2026-03-30,-0.0083038829988221,2026,2025-12-31,learned_market,20260912,0.9607462263059591,0.9607462263059591,1,0
rolling5_matched,3679,2026-03-27,2026-04-07,-0.0035591495694504,2026,2025-12-31,learned_market,20260912,0.9186239256003773,0.9186239256003773,1,0
rolling5_matched,3684,2026-04-03,2026-04-13,0.0380736235508991,2026,2025-12-31,learned_market,20260912,0.42394801699629187,0.42394801699629187,0,1
rolling5_matched,3688,2026-04-10,2026-04-20,0.0242766725964382,2026,2025-12-31,learned_market,20260912,0.34445995794954815,0.34445995794954815,0,1
rolling5_matched,3693,2026-04-17,2026-04-27,0.010401572188011,2026,2025-12-31,learned_market,20260912,0.378393058043132,0.378393058043132,0,1
rolling5_matched,3698,2026-04-24,2026-05-11,0.0263674696524953,2026,2025-12-31,learned_market,20260912,0.6294973380780036,0.6294973380780036,1,1
rolling5_matched,3705,2026-05-08,2026-05-18,-0.0134529239455926,2026,2025-12-31,learned_market,20260912,0.7391673453036615,0.7391673453036615,1,0
rolling5_matched,3710,2026-05-15,2026-05-25,0.0076235492615268,2026,2025-12-31,learned_market,20260912,0.6986434356530318,0.6986434356530318,1,1
rolling5_matched,3715,2026-05-22,2026-06-01,0.005068538126898,2026,2025-12-31,learned_market,20260912,0.8597258029499044,0.8597258029499044,1,1
rolling5_matched,3720,2026-05-29,2026-06-08,-0.039635353927193,2026,2025-12-31,learned_market,20260912,0.12782526799182314,0.12782526799182314,0,0
rolling5_matched,3725,2026-06-05,2026-06-15,0.0266849782195981,2026,2025-12-31,learned_market,20260912,0.21046706020620057,0.21046706020620057,0,1
rolling5_matched,3730,2026-06-12,2026-06-29,0.0076098142791176,2026,2025-12-31,learned_market,20260912,0.31637583826943316,0.31637583826943316,0,1
rolling5_matched,3739,2026-06-26,2026-07-06,0.0005137647861506,2026,2025-12-31,learned_market,20260912,0.7853545836379278,0.7853545836379278,1,1
rolling5_matched,3744,2026-07-03,2026-07-13,-0.0252847876365399,2026,2025-12-31,learned_market,20260912,0.5948650474661288,0.5948650474661288,1,0
rolling5_matched,3749,2026-07-10,2026-07-20,-0.035775397012711,2026,2025-12-31,learned_market,20260912,0.14638194385572773,0.14638194385572773,0,0
rolling5_matched,3754,2026-07-17,2026-07-27,0.01756245533441,2026,2025-12-31,learned_market,20260912,0.803798844888106,0.803798844888106,1,1
rolling5_matched,3759,2026-07-24,2026-08-03,-0.0202339761556519,2026,2025-12-31,learned_market,20260912,0.6795515414593055,0.6795515414593055,1,0
rolling5_matched,3764,2026-07-31,2026-08-10,0.0300318732435738,2026,2025-12-31,learned_market,20260912,0.9472111687900662,0.9472111687900662,1,1
rolling5_matched,3769,2026-08-07,2026-08-17,-0.0056482265760339,2026,2025-12-31,learned_market,20260912,0.2664821474866808,0.2664821474866808,0,0
rolling5_matched,3774,2026-08-14,2026-08-24,-0.0109860710402629,2026,2025-12-31,learned_market,20260912,0.3653232634268071,0.3653232634268071,0,0
rolling5_matched,3779,2026-08-21,2026-08-31,-0.0127592811002066,2026,2025-12-31,learned_market,20260912,0.4749010202845521,0.4749010202845521,0,0
rolling5_matched,3630,2026-01-09,2026-01-19,-0.0103697336282536,2026,2025-12-31,learned_vol_interaction,20260912,0.7479437301657644,0.7479437301657644,1,0
rolling5_matched,3635,2026-01-16,2026-01-26,-0.0010190267764643,2026,2025-12-31,learned_vol_interaction,20260912,0.35257226405059716,0.35257226405059716,0,0
rolling5_matched,3640,2026-01-23,2026-02-02,-0.0087161586128796,2026,2025-12-31,learned_vol_interaction,20260912,0.08493573307009131,0.08493573307009131,0,0
rolling5_matched,3645,2026-01-30,2026-02-09,0.0041482324550519,2026,2025-12-31,learned_vol_interaction,20260912,0.05465552501427018,0.05465552501427018,0,1
rolling5_matched,3650,2026-02-06,2026-02-24,0.0071649689901505,2026,2025-12-31,learned_vol_interaction,20260912,0.019688178702228835,0.019688178702228835,0,1
rolling5_matched,3655,2026-02-13,2026-03-02,-0.0097920588919678,2026,2025-12-31,learned_vol_interaction,20260912,0.07102986784297646,0.07102986784297646,0,0
rolling5_matched,3659,2026-02-27,2026-03-09,-0.0172526869201304,2026,2025-12-31,learned_vol_interaction,20260912,0.6374642424473783,0.6374642424473783,1,0
rolling5_matched,3664,2026-03-06,2026-03-16,0.0149926634422041,2026,2025-12-31,learned_vol_interaction,20260912,0.7246042833029307,0.7246042833029307,1,1
rolling5_matched,3669,2026-03-13,2026-03-23,-0.0364343509194254,2026,2025-12-31,learned_vol_interaction,20260912,0.7928202233863643,0.7928202233863643,1,0
rolling5_matched,3674,2026-03-20,2026-03-30,-0.0083038829988221,2026,2025-12-31,learned_vol_interaction,20260912,0.9596670956028043,0.9596670956028043,1,0
rolling5_matched,3679,2026-03-27,2026-04-07,-0.0035591495694504,2026,2025-12-31,learned_vol_interaction,20260912,0.9186874435373851,0.9186874435373851,1,0
rolling5_matched,3684,2026-04-03,2026-04-13,0.0380736235508991,2026,2025-12-31,learned_vol_interaction,20260912,0.4224542618725617,0.4224542618725617,0,1
rolling5_matched,3688,2026-04-10,2026-04-20,0.0242766725964382,2026,2025-12-31,learned_vol_interaction,20260912,0.3386724394018394,0.3386724394018394,0,1
rolling5_matched,3693,2026-04-17,2026-04-27,0.010401572188011,2026,2025-12-31,learned_vol_interaction,20260912,0.3733301641794763,0.3733301641794763,0,1
rolling5_matched,3698,2026-04-24,2026-05-11,0.0263674696524953,2026,2025-12-31,learned_vol_interaction,20260912,0.6276030535825439,0.6276030535825439,1,1
rolling5_matched,3705,2026-05-08,2026-05-18,-0.0134529239455926,2026,2025-12-31,learned_vol_interaction,20260912,0.7385674701453712,0.7385674701453712,1,0
rolling5_matched,3710,2026-05-15,2026-05-25,0.0076235492615268,2026,2025-12-31,learned_vol_interaction,20260912,0.7003192212744044,0.7003192212744044,1,1
rolling5_matched,3715,2026-05-22,2026-06-01,0.005068538126898,2026,2025-12-31,learned_vol_interaction,20260912,0.8604915546654419,0.8604915546654419,1,1
rolling5_matched,3720,2026-05-29,2026-06-08,-0.039635353927193,2026,2025-12-31,learned_vol_interaction,20260912,0.12879438376742797,0.12879438376742797,0,0
rolling5_matched,3725,2026-06-05,2026-06-15,0.0266849782195981,2026,2025-12-31,learned_vol_interaction,20260912,0.21133951263231798,0.21133951263231798,0,1
rolling5_matched,3730,2026-06-12,2026-06-29,0.0076098142791176,2026,2025-12-31,learned_vol_interaction,20260912,0.3136614754288001,0.3136614754288001,0,1
rolling5_matched,3739,2026-06-26,2026-07-06,0.0005137647861506,2026,2025-12-31,learned_vol_interaction,20260912,0.7903293882107264,0.7903293882107264,1,1
rolling5_matched,3744,2026-07-03,2026-07-13,-0.0252847876365399,2026,2025-12-31,learned_vol_interaction,20260912,0.5975248558877877,0.5975248558877877,1,0
rolling5_matched,3749,2026-07-10,2026-07-20,-0.035775397012711,2026,2025-12-31,learned_vol_interaction,20260912,0.14004890835987138,0.14004890835987138,0,0
rolling5_matched,3754,2026-07-17,2026-07-27,0.01756245533441,2026,2025-12-31,learned_vol_interaction,20260912,0.8136949953055946,0.8136949953055946,1,1
rolling5_matched,3759,2026-07-24,2026-08-03,-0.0202339761556519,2026,2025-12-31,learned_vol_interaction,20260912,0.6848894929550424,0.6848894929550424,1,0
rolling5_matched,3764,2026-07-31,2026-08-10,0.0300318732435738,2026,2025-12-31,learned_vol_interaction,20260912,0.9509611537381083,0.9509611537381083,1,1
rolling5_matched,3769,2026-08-07,2026-08-17,-0.0056482265760339,2026,2025-12-31,learned_vol_interaction,20260912,0.25902983492148235,0.25902983492148235,0,0
rolling5_matched,3774,2026-08-14,2026-08-24,-0.0109860710402629,2026,2025-12-31,learned_vol_interaction,20260912,0.362786532940244,0.362786532940244,0,0
rolling5_matched,3779,2026-08-21,2026-08-31,-0.0127592811002066,2026,2025-12-31,learned_vol_interaction,20260912,0.4774958334391531,0.4774958334391531,0,0
rolling5_matched,3630,2026-01-09,2026-01-19,-0.0103697336282536,2026,2025-12-31,learned_order_extension,20260912,0.7590954952852393,0.7590954952852393,1,0
rolling5_matched,3635,2026-01-16,2026-01-26,-0.0010190267764643,2026,2025-12-31,learned_order_extension,20260912,0.3545807119215417,0.3545807119215417,0,0
rolling5_matched,3640,2026-01-23,2026-02-02,-0.0087161586128796,2026,2025-12-31,learned_order_extension,20260912,0.07842724330717116,0.07842724330717116,0,0
rolling5_matched,3645,2026-01-30,2026-02-09,0.0041482324550519,2026,2025-12-31,learned_order_extension,20260912,0.04671417826377232,0.04671417826377232,0,1
rolling5_matched,3650,2026-02-06,2026-02-24,0.0071649689901505,2026,2025-12-31,learned_order_extension,20260912,0.018257626857674767,0.018257626857674767,0,1
rolling5_matched,3655,2026-02-13,2026-03-02,-0.0097920588919678,2026,2025-12-31,learned_order_extension,20260912,0.06642254716948383,0.06642254716948383,0,0
rolling5_matched,3659,2026-02-27,2026-03-09,-0.0172526869201304,2026,2025-12-31,learned_order_extension,20260912,0.670399823972981,0.670399823972981,1,0
rolling5_matched,3664,2026-03-06,2026-03-16,0.0149926634422041,2026,2025-12-31,learned_order_extension,20260912,0.7434227370243016,0.7434227370243016,1,1
rolling5_matched,3669,2026-03-13,2026-03-23,-0.0364343509194254,2026,2025-12-31,learned_order_extension,20260912,0.8142186509278276,0.8142186509278276,1,0
rolling5_matched,3674,2026-03-20,2026-03-30,-0.0083038829988221,2026,2025-12-31,learned_order_extension,20260912,0.9708756920332446,0.9708756920332446,1,0
rolling5_matched,3679,2026-03-27,2026-04-07,-0.0035591495694504,2026,2025-12-31,learned_order_extension,20260912,0.9389281868887304,0.9389281868887304,1,0
rolling5_matched,3684,2026-04-03,2026-04-13,0.0380736235508991,2026,2025-12-31,learned_order_extension,20260912,0.4096986048712058,0.4096986048712058,0,1
rolling5_matched,3688,2026-04-10,2026-04-20,0.0242766725964382,2026,2025-12-31,learned_order_extension,20260912,0.3211772228647691,0.3211772228647691,0,1
rolling5_matched,3693,2026-04-17,2026-04-27,0.010401572188011,2026,2025-12-31,learned_order_extension,20260912,0.3501398154007376,0.3501398154007376,0,1
rolling5_matched,3698,2026-04-24,2026-05-11,0.0263674696524953,2026,2025-12-31,learned_order_extension,20260912,0.636883153228081,0.636883153228081,1,1
rolling5_matched,3705,2026-05-08,2026-05-18,-0.0134529239455926,2026,2025-12-31,learned_order_extension,20260912,0.7566072648721435,0.7566072648721435,1,0
rolling5_matched,3710,2026-05-15,2026-05-25,0.0076235492615268,2026,2025-12-31,learned_order_extension,20260912,0.7271092256173888,0.7271092256173888,1,1
rolling5_matched,3715,2026-05-22,2026-06-01,0.005068538126898,2026,2025-12-31,learned_order_extension,20260912,0.8835357796289791,0.8835357796289791,1,1
rolling5_matched,3720,2026-05-29,2026-06-08,-0.039635353927193,2026,2025-12-31,learned_order_extension,20260912,0.10560845045098721,0.10560845045098721,0,0
rolling5_matched,3725,2026-06-05,2026-06-15,0.0266849782195981,2026,2025-12-31,learned_order_extension,20260912,0.18695086216287501,0.18695086216287501,0,1
rolling5_matched,3730,2026-06-12,2026-06-29,0.0076098142791176,2026,2025-12-31,learned_order_extension,20260912,0.30517824679428573,0.30517824679428573,0,1
rolling5_matched,3739,2026-06-26,2026-07-06,0.0005137647861506,2026,2025-12-31,learned_order_extension,20260912,0.8155966296384441,0.8155966296384441,1,1
rolling5_matched,3744,2026-07-03,2026-07-13,-0.0252847876365399,2026,2025-12-31,learned_order_extension,20260912,0.6098932187185298,0.6098932187185298,1,0
rolling5_matched,3749,2026-07-10,2026-07-20,-0.035775397012711,2026,2025-12-31,learned_order_extension,20260912,0.1190099799927047,0.1190099799927047,0,0
rolling5_matched,3754,2026-07-17,2026-07-27,0.01756245533441,2026,2025-12-31,learned_order_extension,20260912,0.828511142460912,0.828511142460912,1,1
rolling5_matched,3759,2026-07-24,2026-08-03,-0.0202339761556519,2026,2025-12-31,learned_order_extension,20260912,0.702599598374259,0.702599598374259,1,0
rolling5_matched,3764,2026-07-31,2026-08-10,0.0300318732435738,2026,2025-12-31,learned_order_extension,20260912,0.9694751064347575,0.9694751064347575,1,1
rolling5_matched,3769,2026-08-07,2026-08-17,-0.0056482265760339,2026,2025-12-31,learned_order_extension,20260912,0.24388198743056103,0.24388198743056103,0,0
rolling5_matched,3774,2026-08-14,2026-08-24,-0.0109860710402629,2026,2025-12-31,learned_order_extension,20260912,0.3498385768741345,0.3498385768741345,0,0
rolling5_matched,3779,2026-08-21,2026-08-31,-0.0127592811002066,2026,2025-12-31,learned_order_extension,20260912,0.46858319593019165,0.46858319593019165,0,0
rolling5_matched,3630,2026-01-09,2026-01-19,-0.0103697336282536,2026,2025-12-31,learned_order_offset,20260912,0.759236574741583,0.759236574741583,1,0
rolling5_matched,3635,2026-01-16,2026-01-26,-0.0010190267764643,2026,2025-12-31,learned_order_offset,20260912,0.35761055746732306,0.35761055746732306,0,0
rolling5_matched,3640,2026-01-23,2026-02-02,-0.0087161586128796,2026,2025-12-31,learned_order_offset,20260912,0.08070541289958076,0.08070541289958076,0,0
rolling5_matched,3645,2026-01-30,2026-02-09,0.0041482324550519,2026,2025-12-31,learned_order_offset,20260912,0.04850495838413612,0.04850495838413612,0,1
rolling5_matched,3650,2026-02-06,2026-02-24,0.0071649689901505,2026,2025-12-31,learned_order_offset,20260912,0.019149900690799065,0.019149900690799065,0,1
rolling5_matched,3655,2026-02-13,2026-03-02,-0.0097920588919678,2026,2025-12-31,learned_order_offset,20260912,0.06782162606501646,0.06782162606501646,0,0
rolling5_matched,3659,2026-02-27,2026-03-09,-0.0172526869201304,2026,2025-12-31,learned_order_offset,20260912,0.6744350689726903,0.6744350689726903,1,0
rolling5_matched,3664,2026-03-06,2026-03-16,0.0149926634422041,2026,2025-12-31,learned_order_offset,20260912,0.7409263774406829,0.7409263774406829,1,1
rolling5_matched,3669,2026-03-13,2026-03-23,-0.0364343509194254,2026,2025-12-31,learned_order_offset,20260912,0.8133371191201397,0.8133371191201397,1,0
rolling5_matched,3674,2026-03-20,2026-03-30,-0.0083038829988221,2026,2025-12-31,learned_order_offset,20260912,0.9699139680495843,0.9699139680495843,1,0
rolling5_matched,3679,2026-03-27,2026-04-07,-0.0035591495694504,2026,2025-12-31,learned_order_offset,20260912,0.9381025149481804,0.9381025149481804,1,0
rolling5_matched,3684,2026-04-03,2026-04-13,0.0380736235508991,2026,2025-12-31,learned_order_offset,20260912,0.4181495797192366,0.4181495797192366,0,1
rolling5_matched,3688,2026-04-10,2026-04-20,0.0242766725964382,2026,2025-12-31,learned_order_offset,20260912,0.32223285012772046,0.32223285012772046,0,1
rolling5_matched,3693,2026-04-17,2026-04-27,0.010401572188011,2026,2025-12-31,learned_order_offset,20260912,0.35056418545533924,0.35056418545533924,0,1
rolling5_matched,3698,2026-04-24,2026-05-11,0.0263674696524953,2026,2025-12-31,learned_order_offset,20260912,0.6370579869668006,0.6370579869668006,1,1
rolling5_matched,3705,2026-05-08,2026-05-18,-0.0134529239455926,2026,2025-12-31,learned_order_offset,20260912,0.7575394840603901,0.7575394840603901,1,0
rolling5_matched,3710,2026-05-15,2026-05-25,0.0076235492615268,2026,2025-12-31,learned_order_offset,20260912,0.7353629866852647,0.7353629866852647,1,1
rolling5_matched,3715,2026-05-22,2026-06-01,0.005068538126898,2026,2025-12-31,learned_order_offset,20260912,0.8824008508334896,0.8824008508334896,1,1
rolling5_matched,3720,2026-05-29,2026-06-08,-0.039635353927193,2026,2025-12-31,learned_order_offset,20260912,0.10755381971294194,0.10755381971294194,0,0
rolling5_matched,3725,2026-06-05,2026-06-15,0.0266849782195981,2026,2025-12-31,learned_order_offset,20260912,0.19061249276750536,0.19061249276750536,0,1
rolling5_matched,3730,2026-06-12,2026-06-29,0.0076098142791176,2026,2025-12-31,learned_order_offset,20260912,0.30670254591902557,0.30670254591902557,0,1
rolling5_matched,3739,2026-06-26,2026-07-06,0.0005137647861506,2026,2025-12-31,learned_order_offset,20260912,0.8154576864443597,0.8154576864443597,1,1
rolling5_matched,3744,2026-07-03,2026-07-13,-0.0252847876365399,2026,2025-12-31,learned_order_offset,20260912,0.6092187448205294,0.6092187448205294,1,0
rolling5_matched,3749,2026-07-10,2026-07-20,-0.035775397012711,2026,2025-12-31,learned_order_offset,20260912,0.1217602466430443,0.1217602466430443,0,0
rolling5_matched,3754,2026-07-17,2026-07-27,0.01756245533441,2026,2025-12-31,learned_order_offset,20260912,0.8303401217796199,0.8303401217796199,1,1
rolling5_matched,3759,2026-07-24,2026-08-03,-0.0202339761556519,2026,2025-12-31,learned_order_offset,20260912,0.7025638638057938,0.7025638638057938,1,0
rolling5_matched,3764,2026-07-31,2026-08-10,0.0300318732435738,2026,2025-12-31,learned_order_offset,20260912,0.9696118360776067,0.9696118360776067,1,1
rolling5_matched,3769,2026-08-07,2026-08-17,-0.0056482265760339,2026,2025-12-31,learned_order_offset,20260912,0.24550037718855805,0.24550037718855805,0,0
rolling5_matched,3774,2026-08-14,2026-08-24,-0.0109860710402629,2026,2025-12-31,learned_order_offset,20260912,0.35119433510764686,0.35119433510764686,0,0
rolling5_matched,3779,2026-08-21,2026-08-31,-0.0127592811002066,2026,2025-12-31,learned_order_offset,20260912,0.4703844501082157,0.4703844501082157,0,0
rolling5_matched,3630,2026-01-09,2026-01-19,-0.0103697336282536,2026,2025-12-31,native_mse,20260912,0.010274831820504189,,1,0
rolling5_matched,3635,2026-01-16,2026-01-26,-0.0010190267764643,2026,2025-12-31,native_mse,20260912,-0.003084738841893509,,0,0
rolling5_matched,3640,2026-01-23,2026-02-02,-0.0087161586128796,2026,2025-12-31,native_mse,20260912,-0.0228500368929212,,0,0
rolling5_matched,3645,2026-01-30,2026-02-09,0.0041482324550519,2026,2025-12-31,native_mse,20260912,-0.028221236571030362,,0,1
rolling5_matched,3650,2026-02-06,2026-02-24,0.0071649689901505,2026,2025-12-31,native_mse,20260912,-0.04546700814010413,,0,1
rolling5_matched,3655,2026-02-13,2026-03-02,-0.0097920588919678,2026,2025-12-31,native_mse,20260912,-0.023570312604097372,,0,0
rolling5_matched,3659,2026-02-27,2026-03-09,-0.0172526869201304,2026,2025-12-31,native_mse,20260912,-0.009738271107261305,,0,0
rolling5_matched,3664,2026-03-06,2026-03-16,0.0149926634422041,2026,2025-12-31,native_mse,20260912,0.0012187924677216858,,1,1
rolling5_matched,3669,2026-03-13,2026-03-23,-0.0364343509194254,2026,2025-12-31,native_mse,20260912,0.011976422468187543,,1,0
rolling5_matched,3674,2026-03-20,2026-03-30,-0.0083038829988221,2026,2025-12-31,native_mse,20260912,0.022333123280176694,,1,0
rolling5_matched,3679,2026-03-27,2026-04-07,-0.0035591495694504,2026,2025-12-31,native_mse,20260912,0.018138722524009387,,1,0
rolling5_matched,3684,2026-04-03,2026-04-13,0.0380736235508991,2026,2025-12-31,native_mse,20260912,0.0030779153620699934,,1,1
rolling5_matched,3688,2026-04-10,2026-04-20,0.0242766725964382,2026,2025-12-31,native_mse,20260912,-0.00982256952901569,,0,1
rolling5_matched,3693,2026-04-17,2026-04-27,0.010401572188011,2026,2025-12-31,native_mse,20260912,-0.005535179766573983,,0,1
rolling5_matched,3698,2026-04-24,2026-05-11,0.0263674696524953,2026,2025-12-31,native_mse,20260912,0.0033169897531836697,,1,1
rolling5_matched,3705,2026-05-08,2026-05-18,-0.0134529239455926,2026,2025-12-31,native_mse,20260912,0.010202363145781759,,1,0
rolling5_matched,3710,2026-05-15,2026-05-25,0.0076235492615268,2026,2025-12-31,native_mse,20260912,0.025369753599491646,,1,1
rolling5_matched,3715,2026-05-22,2026-06-01,0.005068538126898,2026,2025-12-31,native_mse,20260912,0.014857548467937095,,1,1
rolling5_matched,3720,2026-05-29,2026-06-08,-0.039635353927193,2026,2025-12-31,native_mse,20260912,-0.02135996344531464,,0,0
rolling5_matched,3725,2026-06-05,2026-06-15,0.0266849782195981,2026,2025-12-31,native_mse,20260912,-0.014135601022755535,,0,1
rolling5_matched,3730,2026-06-12,2026-06-29,0.0076098142791176,2026,2025-12-31,native_mse,20260912,-0.0021991439665067962,,0,1
rolling5_matched,3739,2026-06-26,2026-07-06,0.0005137647861506,2026,2025-12-31,native_mse,20260912,0.002561052585265396,,1,1
rolling5_matched,3744,2026-07-03,2026-07-13,-0.0252847876365399,2026,2025-12-31,native_mse,20260912,0.0020117956939433197,,1,0
rolling5_matched,3749,2026-07-10,2026-07-20,-0.035775397012711,2026,2025-12-31,native_mse,20260912,-0.021845559468848967,,0,0
rolling5_matched,3754,2026-07-17,2026-07-27,0.01756245533441,2026,2025-12-31,native_mse,20260912,0.005703116713766119,,1,1
rolling5_matched,3759,2026-07-24,2026-08-03,-0.0202339761556519,2026,2025-12-31,native_mse,20260912,0.007578364822711621,,1,0
rolling5_matched,3764,2026-07-31,2026-08-10,0.0300318732435738,2026,2025-12-31,native_mse,20260912,0.01682940562633298,,1,1
rolling5_matched,3769,2026-08-07,2026-08-17,-0.0056482265760339,2026,2025-12-31,native_mse,20260912,-0.010615964737068374,,0,0
rolling5_matched,3774,2026-08-14,2026-08-24,-0.0109860710402629,2026,2025-12-31,native_mse,20260912,-0.004195145220977127,,0,0
rolling5_matched,3779,2026-08-21,2026-08-31,-0.0127592811002066,2026,2025-12-31,native_mse,20260912,0.00025529942138762234,,1,0
rolling5_annual20,2418,2021-01-08,2021-01-18,-0.0120052904669853,2021,2020-12-31,learned_market,20260910,0.5528369602637446,0.5528369602637446,1,0
rolling5_annual20,2423,2021-01-15,2021-01-25,0.0231622460538123,2021,2020-12-31,learned_market,20260910,0.49674166213102977,0.49674166213102977,0,1
rolling5_annual20,2428,2021-01-22,2021-02-01,-0.0372511735907923,2021,2020-12-31,learned_market,20260910,0.3933637003220593,0.3933637003220593,0,0
rolling5_annual20,2433,2021-01-29,2021-02-08,0.0278689901714626,2021,2020-12-31,learned_market,20260910,0.4313547922375263,0.4313547922375263,0,1
rolling5_annual20,2438,2021-02-05,2021-02-22,0.0507379035040882,2021,2020-12-31,learned_market,20260910,0.40357928349119826,0.40357928349119826,0,1
rolling5_annual20,2443,2021-02-19,2021-03-01,-0.0684918010685315,2021,2020-12-31,learned_market,20260910,0.49513830982070434,0.49513830982070434,0,0
rolling5_annual20,2448,2021-02-26,2021-03-08,-0.0165997123904068,2021,2020-12-31,learned_market,20260910,0.43315180971386896,0.43315180971386896,0,0
rolling5_annual20,2453,2021-03-05,2021-03-15,-0.0346560901469681,2021,2020-12-31,learned_market,20260910,0.40131415281599914,0.40131415281599914,0,0
rolling5_annual20,2458,2021-03-12,2021-03-22,-0.0210550182560221,2021,2020-12-31,learned_market,20260910,0.47295990993929365,0.47295990993929365,0,0
rolling5_annual20,2463,2021-03-19,2021-03-29,0.0087572877565691,2021,2020-12-31,learned_market,20260910,0.6783048076904669,0.6783048076904669,1,1
rolling5_annual20,2468,2021-03-26,2021-04-06,0.0250145479448802,2021,2020-12-31,learned_market,20260910,0.6020041018019381,0.6020041018019381,1,1
rolling5_annual20,2473,2021-04-02,2021-04-12,-0.0292856811827044,2021,2020-12-31,learned_market,20260910,0.5183679897795258,0.5183679897795258,1,0
rolling5_annual20,2477,2021-04-09,2021-04-19,-0.0120489836840408,2021,2020-12-31,learned_market,20260910,0.6850249402938339,0.6850249402938339,1,0
rolling5_annual20,2482,2021-04-16,2021-04-26,0.0382932540809155,2021,2020-12-31,learned_market,20260910,0.609924220475271,0.609924220475271,1,1
rolling5_annual20,2487,2021-04-23,2021-05-06,-0.0112070185917437,2021,2020-12-31,learned_market,20260910,0.6788658728472401,0.6788658728472401,1,0
rolling5_annual20,2492,2021-04-30,2021-05-12,-0.0190946889464188,2021,2020-12-31,learned_market,20260910,0.6869387015648898,0.6869387015648898,1,0
rolling5_annual20,2494,2021-05-07,2021-05-17,0.0227674429764228,2021,2020-12-31,learned_market,20260910,0.707143295820497,0.707143295820497,1,1
rolling5_annual20,2499,2021-05-14,2021-05-24,0.0045940519733895,2021,2020-12-31,learned_market,20260910,0.6297830216175037,0.6297830216175037,1,1
rolling5_annual20,2504,2021-05-21,2021-05-31,0.0348855085126711,2021,2020-12-31,learned_market,20260910,0.6135561076345685,0.6135561076345685,1,1
rolling5_annual20,2509,2021-05-28,2021-06-07,-0.0062409741861724,2021,2020-12-31,learned_market,20260910,0.5954545940650008,0.5954545940650008,1,0
rolling5_annual20,2514,2021-06-04,2021-06-15,-0.0125508761771767,2021,2020-12-31,learned_market,20260910,0.5021950734156202,0.5021950734156202,1,0
rolling5_annual20,2519,2021-06-11,2021-06-21,-0.0250011497424577,2021,2020-12-31,learned_market,20260910,0.35343278398049977,0.35343278398049977,0,0
rolling5_annual20,2523,2021-06-18,2021-06-28,0.0325308711127356,2021,2020-12-31,learned_market,20260910,0.3221586033468014,0.3221586033468014,0,1
rolling5_annual20,2528,2021-06-25,2021-07-05,-0.0342297962734196,2021,2020-12-31,learned_market,20260910,0.4336393441432385,0.4336393441432385,0,0
rolling5_annual20,2533,2021-07-02,2021-07-12,0.0068193733271841,2021,2020-12-31,learned_market,20260910,0.3704733615248586,0.3704733615248586,0,1
rolling5_annual20,2538,2021-07-09,2021-07-19,-0.0048254045313779,2021,2020-12-31,learned_market,20260910,0.38743639841929484,0.38743639841929484,0,0
rolling5_annual20,2543,2021-07-16,2021-07-26,-0.0032299118953994,2021,2020-12-31,learned_market,20260910,0.3392496570286791,0.3392496570286791,0,0
rolling5_annual20,2548,2021-07-23,2021-08-02,-0.0537740931579083,2021,2020-12-31,learned_market,20260910,0.4242757327433418,0.4242757327433418,0,0
rolling5_annual20,2553,2021-07-30,2021-08-09,0.019904813945049,2021,2020-12-31,learned_market,20260910,0.44622832370349025,0.44622832370349025,0,1
rolling5_annual20,2558,2021-08-06,2021-08-16,0.0093369268709639,2021,2020-12-31,learned_market,20260910,0.40768230665718896,0.40768230665718896,0,1
rolling5_annual20,2563,2021-08-13,2021-08-23,-0.032048736608373,2021,2020-12-31,learned_market,20260910,0.4025918663246775,0.4025918663246775,0,0
rolling5_annual20,2568,2021-08-20,2021-08-30,0.0145047962107527,2021,2020-12-31,learned_market,20260910,0.5581931205458567,0.5581931205458567,1,1
rolling5_annual20,2573,2021-08-27,2021-09-06,-0.0012316820816045,2021,2020-12-31,learned_market,20260910,0.5652685808405962,0.5652685808405962,1,0
rolling5_annual20,2578,2021-09-03,2021-09-13,0.0342301066295398,2021,2020-12-31,learned_market,20260910,0.7414364016645572,0.7414364016645572,1,1
rolling5_annual20,2583,2021-09-10,2021-09-22,-0.0471441667981554,2021,2020-12-31,learned_market,20260910,0.7365374093158319,0.7365374093158319,1,0
rolling5_annual20,2588,2021-09-17,2021-09-28,0.0209863060789441,2021,2020-12-31,learned_market,20260910,0.7129908769856873,0.7129908769856873,1,1
rolling5_annual20,2591,2021-09-24,2021-10-11,0.0144615416200457,2021,2020-12-31,learned_market,20260910,0.7494998617287155,0.7494998617287155,1,1
rolling5_annual20,2596,2021-10-08,2021-10-18,-0.0038006269617851,2021,2020-12-31,learned_market,20260910,0.7103284017268151,0.7103284017268151,1,0
rolling5_annual20,2601,2021-10-15,2021-10-25,0.0037358989621147,2021,2020-12-31,learned_market,20260910,0.7054426847772952,0.7054426847772952,1,1
rolling5_annual20,2606,2021-10-22,2021-11-01,-0.0127041632091318,2021,2020-12-31,learned_market,20260910,0.561668990030631,0.561668990030631,1,0
rolling5_annual20,2611,2021-10-29,2021-11-08,-0.0075807737801166,2021,2020-12-31,learned_market,20260910,0.5778524508006477,0.5778524508006477,1,0
rolling5_annual20,2616,2021-11-05,2021-11-15,0.0110015182343039,2021,2020-12-31,learned_market,20260910,0.6566176820686879,0.6566176820686879,1,1
rolling5_annual20,2621,2021-11-12,2021-11-22,0.0002002284238551,2021,2020-12-31,learned_market,20260910,0.7459419474434704,0.7459419474434704,1,1
rolling5_annual20,2626,2021-11-19,2021-11-29,-0.0153981603100059,2021,2020-12-31,learned_market,20260910,0.7859013728177604,0.7859013728177604,1,0
rolling5_annual20,2631,2021-11-26,2021-12-06,0.0185518287306458,2021,2020-12-31,learned_market,20260910,0.679954560670936,0.679954560670936,1,1
rolling5_annual20,2636,2021-12-03,2021-12-13,0.0367843110096284,2021,2020-12-31,learned_market,20260910,0.6823399841098169,0.6823399841098169,1,1
rolling5_annual20,2641,2021-12-10,2021-12-20,-0.0304615698955996,2021,2020-12-31,learned_market,20260910,0.6068383170365979,0.6068383170365979,1,0
rolling5_annual20,2646,2021-12-17,2021-12-27,-0.0034083287233763,2021,2020-12-31,learned_market,20260910,0.7177286585161153,0.7177286585161153,1,0
rolling5_annual20,2651,2021-12-24,2022-01-04,0.0080985736506613,2021,2020-12-31,learned_market,20260910,0.7527245234710195,0.7527245234710195,1,1
rolling5_annual20,2656,2021-12-31,2022-01-10,-0.0293970528320001,2021,2020-12-31,learned_market,20260910,0.7407762805267725,0.7407762805267725,1,0
rolling5_annual20,2418,2021-01-08,2021-01-18,-0.0120052904669853,2021,2020-12-31,learned_vol_interaction,20260910,0.5286701081389081,0.5286701081389081,1,0
rolling5_annual20,2423,2021-01-15,2021-01-25,0.0231622460538123,2021,2020-12-31,learned_vol_interaction,20260910,0.47178291125549215,0.47178291125549215,0,1
rolling5_annual20,2428,2021-01-22,2021-02-01,-0.0372511735907923,2021,2020-12-31,learned_vol_interaction,20260910,0.3671123538576221,0.3671123538576221,0,0
rolling5_annual20,2433,2021-01-29,2021-02-08,0.0278689901714626,2021,2020-12-31,learned_vol_interaction,20260910,0.434482531700876,0.434482531700876,0,1
rolling5_annual20,2438,2021-02-05,2021-02-22,0.0507379035040882,2021,2020-12-31,learned_vol_interaction,20260910,0.42570726310777396,0.42570726310777396,0,1
rolling5_annual20,2443,2021-02-19,2021-03-01,-0.0684918010685315,2021,2020-12-31,learned_vol_interaction,20260910,0.4791771552633417,0.4791771552633417,0,0
rolling5_annual20,2448,2021-02-26,2021-03-08,-0.0165997123904068,2021,2020-12-31,learned_vol_interaction,20260910,0.4783928105694597,0.4783928105694597,0,0
rolling5_annual20,2453,2021-03-05,2021-03-15,-0.0346560901469681,2021,2020-12-31,learned_vol_interaction,20260910,0.4610266286466043,0.4610266286466043,0,0
rolling5_annual20,2458,2021-03-12,2021-03-22,-0.0210550182560221,2021,2020-12-31,learned_vol_interaction,20260910,0.48103471562569133,0.48103471562569133,0,0
rolling5_annual20,2463,2021-03-19,2021-03-29,0.0087572877565691,2021,2020-12-31,learned_vol_interaction,20260910,0.5872740166666267,0.5872740166666267,1,1
rolling5_annual20,2468,2021-03-26,2021-04-06,0.0250145479448802,2021,2020-12-31,learned_vol_interaction,20260910,0.5791980511717043,0.5791980511717043,1,1
rolling5_annual20,2473,2021-04-02,2021-04-12,-0.0292856811827044,2021,2020-12-31,learned_vol_interaction,20260910,0.5665920928801257,0.5665920928801257,1,0
rolling5_annual20,2477,2021-04-09,2021-04-19,-0.0120489836840408,2021,2020-12-31,learned_vol_interaction,20260910,0.7108940398772539,0.7108940398772539,1,0
rolling5_annual20,2482,2021-04-16,2021-04-26,0.0382932540809155,2021,2020-12-31,learned_vol_interaction,20260910,0.6177612563202494,0.6177612563202494,1,1
rolling5_annual20,2487,2021-04-23,2021-05-06,-0.0112070185917437,2021,2020-12-31,learned_vol_interaction,20260910,0.7142122563040804,0.7142122563040804,1,0
rolling5_annual20,2492,2021-04-30,2021-05-12,-0.0190946889464188,2021,2020-12-31,learned_vol_interaction,20260910,0.6941591991721776,0.6941591991721776,1,0
rolling5_annual20,2494,2021-05-07,2021-05-17,0.0227674429764228,2021,2020-12-31,learned_vol_interaction,20260910,0.7158017585661451,0.7158017585661451,1,1
rolling5_annual20,2499,2021-05-14,2021-05-24,0.0045940519733895,2021,2020-12-31,learned_vol_interaction,20260910,0.6694091341375065,0.6694091341375065,1,1
rolling5_annual20,2504,2021-05-21,2021-05-31,0.0348855085126711,2021,2020-12-31,learned_vol_interaction,20260910,0.636918321286237,0.636918321286237,1,1
rolling5_annual20,2509,2021-05-28,2021-06-07,-0.0062409741861724,2021,2020-12-31,learned_vol_interaction,20260910,0.5964746009268665,0.5964746009268665,1,0
rolling5_annual20,2514,2021-06-04,2021-06-15,-0.0125508761771767,2021,2020-12-31,learned_vol_interaction,20260910,0.4714551199386704,0.4714551199386704,0,0
rolling5_annual20,2519,2021-06-11,2021-06-21,-0.0250011497424577,2021,2020-12-31,learned_vol_interaction,20260910,0.2976695737938547,0.2976695737938547,0,0
rolling5_annual20,2523,2021-06-18,2021-06-28,0.0325308711127356,2021,2020-12-31,learned_vol_interaction,20260910,0.2852455047514334,0.2852455047514334,0,1
rolling5_annual20,2528,2021-06-25,2021-07-05,-0.0342297962734196,2021,2020-12-31,learned_vol_interaction,20260910,0.36967907658300214,0.36967907658300214,0,0
rolling5_annual20,2533,2021-07-02,2021-07-12,0.0068193733271841,2021,2020-12-31,learned_vol_interaction,20260910,0.33854643902626746,0.33854643902626746,0,1
rolling5_annual20,2538,2021-07-09,2021-07-19,-0.0048254045313779,2021,2020-12-31,learned_vol_interaction,20260910,0.33440628192539174,0.33440628192539174,0,0
rolling5_annual20,2543,2021-07-16,2021-07-26,-0.0032299118953994,2021,2020-12-31,learned_vol_interaction,20260910,0.2983054237457592,0.2983054237457592,0,0
rolling5_annual20,2548,2021-07-23,2021-08-02,-0.0537740931579083,2021,2020-12-31,learned_vol_interaction,20260910,0.3973707608981436,0.3973707608981436,0,0
rolling5_annual20,2553,2021-07-30,2021-08-09,0.019904813945049,2021,2020-12-31,learned_vol_interaction,20260910,0.45645753128071037,0.45645753128071037,0,1
rolling5_annual20,2558,2021-08-06,2021-08-16,0.0093369268709639,2021,2020-12-31,learned_vol_interaction,20260910,0.4414614197613605,0.4414614197613605,0,1
rolling5_annual20,2563,2021-08-13,2021-08-23,-0.032048736608373,2021,2020-12-31,learned_vol_interaction,20260910,0.454673473148584,0.454673473148584,0,0
rolling5_annual20,2568,2021-08-20,2021-08-30,0.0145047962107527,2021,2020-12-31,learned_vol_interaction,20260910,0.5753590432785457,0.5753590432785457,1,1
rolling5_annual20,2573,2021-08-27,2021-09-06,-0.0012316820816045,2021,2020-12-31,learned_vol_interaction,20260910,0.5964802029549509,0.5964802029549509,1,0
rolling5_annual20,2578,2021-09-03,2021-09-13,0.0342301066295398,2021,2020-12-31,learned_vol_interaction,20260910,0.7511535519201762,0.7511535519201762,1,1
rolling5_annual20,2583,2021-09-10,2021-09-22,-0.0471441667981554,2021,2020-12-31,learned_vol_interaction,20260910,0.7354885736856006,0.7354885736856006,1,0
rolling5_annual20,2588,2021-09-17,2021-09-28,0.0209863060789441,2021,2020-12-31,learned_vol_interaction,20260910,0.742822186176108,0.742822186176108,1,1
rolling5_annual20,2591,2021-09-24,2021-10-11,0.0144615416200457,2021,2020-12-31,learned_vol_interaction,20260910,0.7830893595033332,0.7830893595033332,1,1
rolling5_annual20,2596,2021-10-08,2021-10-18,-0.0038006269617851,2021,2020-12-31,learned_vol_interaction,20260910,0.7389350198038485,0.7389350198038485,1,0
rolling5_annual20,2601,2021-10-15,2021-10-25,0.0037358989621147,2021,2020-12-31,learned_vol_interaction,20260910,0.7518254704320237,0.7518254704320237,1,1
rolling5_annual20,2606,2021-10-22,2021-11-01,-0.0127041632091318,2021,2020-12-31,learned_vol_interaction,20260910,0.5667069692887503,0.5667069692887503,1,0
rolling5_annual20,2611,2021-10-29,2021-11-08,-0.0075807737801166,2021,2020-12-31,learned_vol_interaction,20260910,0.5978906470541093,0.5978906470541093,1,0
rolling5_annual20,2616,2021-11-05,2021-11-15,0.0110015182343039,2021,2020-12-31,learned_vol_interaction,20260910,0.7049509607400938,0.7049509607400938,1,1
rolling5_annual20,2621,2021-11-12,2021-11-22,0.0002002284238551,2021,2020-12-31,learned_vol_interaction,20260910,0.7921347100152616,0.7921347100152616,1,1
rolling5_annual20,2626,2021-11-19,2021-11-29,-0.0153981603100059,2021,2020-12-31,learned_vol_interaction,20260910,0.8444124098063084,0.8444124098063084,1,0
rolling5_annual20,2631,2021-11-26,2021-12-06,0.0185518287306458,2021,2020-12-31,learned_vol_interaction,20260910,0.7462862952782527,0.7462862952782527,1,1
rolling5_annual20,2636,2021-12-03,2021-12-13,0.0367843110096284,2021,2020-12-31,learned_vol_interaction,20260910,0.7334407137174276,0.7334407137174276,1,1
rolling5_annual20,2641,2021-12-10,2021-12-20,-0.0304615698955996,2021,2020-12-31,learned_vol_interaction,20260910,0.6381604092645059,0.6381604092645059,1,0
rolling5_annual20,2646,2021-12-17,2021-12-27,-0.0034083287233763,2021,2020-12-31,learned_vol_interaction,20260910,0.7623862004352224,0.7623862004352224,1,0
rolling5_annual20,2651,2021-12-24,2022-01-04,0.0080985736506613,2021,2020-12-31,learned_vol_interaction,20260910,0.801892985798022,0.801892985798022,1,1
rolling5_annual20,2656,2021-12-31,2022-01-10,-0.0293970528320001,2021,2020-12-31,learned_vol_interaction,20260910,0.7781175029999812,0.7781175029999812,1,0
rolling5_annual20,2418,2021-01-08,2021-01-18,-0.0120052904669853,2021,2020-12-31,learned_order_extension,20260910,0.5330538496767134,0.5330538496767134,1,0
rolling5_annual20,2423,2021-01-15,2021-01-25,0.0231622460538123,2021,2020-12-31,learned_order_extension,20260910,0.479592338912861,0.479592338912861,0,1
rolling5_annual20,2428,2021-01-22,2021-02-01,-0.0372511735907923,2021,2020-12-31,learned_order_extension,20260910,0.3707727762571325,0.3707727762571325,0,0
rolling5_annual20,2433,2021-01-29,2021-02-08,0.0278689901714626,2021,2020-12-31,learned_order_extension,20260910,0.43176970986504826,0.43176970986504826,0,1
rolling5_annual20,2438,2021-02-05,2021-02-22,0.0507379035040882,2021,2020-12-31,learned_order_extension,20260910,0.41923333650784145,0.41923333650784145,0,1
rolling5_annual20,2443,2021-02-19,2021-03-01,-0.0684918010685315,2021,2020-12-31,learned_order_extension,20260910,0.47927687031403743,0.47927687031403743,0,0
rolling5_annual20,2448,2021-02-26,2021-03-08,-0.0165997123904068,2021,2020-12-31,learned_order_extension,20260910,0.4709068161644563,0.4709068161644563,0,0
rolling5_annual20,2453,2021-03-05,2021-03-15,-0.0346560901469681,2021,2020-12-31,learned_order_extension,20260910,0.45619563032762256,0.45619563032762256,0,0
rolling5_annual20,2458,2021-03-12,2021-03-22,-0.0210550182560221,2021,2020-12-31,learned_order_extension,20260910,0.47999849102949665,0.47999849102949665,0,0
rolling5_annual20,2463,2021-03-19,2021-03-29,0.0087572877565691,2021,2020-12-31,learned_order_extension,20260910,0.5898698686538169,0.5898698686538169,1,1
rolling5_annual20,2468,2021-03-26,2021-04-06,0.0250145479448802,2021,2020-12-31,learned_order_extension,20260910,0.5737573684172776,0.5737573684172776,1,1
rolling5_annual20,2473,2021-04-02,2021-04-12,-0.0292856811827044,2021,2020-12-31,learned_order_extension,20260910,0.5606987442866249,0.5606987442866249,1,0
rolling5_annual20,2477,2021-04-09,2021-04-19,-0.0120489836840408,2021,2020-12-31,learned_order_extension,20260910,0.7182274336525071,0.7182274336525071,1,0
rolling5_annual20,2482,2021-04-16,2021-04-26,0.0382932540809155,2021,2020-12-31,learned_order_extension,20260910,0.6304814445875302,0.6304814445875302,1,1
rolling5_annual20,2487,2021-04-23,2021-05-06,-0.0112070185917437,2021,2020-12-31,learned_order_extension,20260910,0.7209122130262224,0.7209122130262224,1,0
rolling5_annual20,2492,2021-04-30,2021-05-12,-0.0190946889464188,2021,2020-12-31,learned_order_extension,20260910,0.7079591515466482,0.7079591515466482,1,0
rolling5_annual20,2494,2021-05-07,2021-05-17,0.0227674429764228,2021,2020-12-31,learned_order_extension,20260910,0.7249150404118895,0.7249150404118895,1,1
rolling5_annual20,2499,2021-05-14,2021-05-24,0.0045940519733895,2021,2020-12-31,learned_order_extension,20260910,0.6698431717025706,0.6698431717025706,1,1
rolling5_annual20,2504,2021-05-21,2021-05-31,0.0348855085126711,2021,2020-12-31,learned_order_extension,20260910,0.637226950963881,0.637226950963881,1,1
rolling5_annual20,2509,2021-05-28,2021-06-07,-0.0062409741861724,2021,2020-12-31,learned_order_extension,20260910,0.5886282988716269,0.5886282988716269,1,0
rolling5_annual20,2514,2021-06-04,2021-06-15,-0.0125508761771767,2021,2020-12-31,learned_order_extension,20260910,0.45708512700896387,0.45708512700896387,0,0
rolling5_annual20,2519,2021-06-11,2021-06-21,-0.0250011497424577,2021,2020-12-31,learned_order_extension,20260910,0.2698925230706461,0.2698925230706461,0,0
rolling5_annual20,2523,2021-06-18,2021-06-28,0.0325308711127356,2021,2020-12-31,learned_order_extension,20260910,0.2635709565277681,0.2635709565277681,0,1
rolling5_annual20,2528,2021-06-25,2021-07-05,-0.0342297962734196,2021,2020-12-31,learned_order_extension,20260910,0.3555705506909634,0.3555705506909634,0,0
rolling5_annual20,2533,2021-07-02,2021-07-12,0.0068193733271841,2021,2020-12-31,learned_order_extension,20260910,0.3215356208455046,0.3215356208455046,0,1
rolling5_annual20,2538,2021-07-09,2021-07-19,-0.0048254045313779,2021,2020-12-31,learned_order_extension,20260910,0.30960513014389496,0.30960513014389496,0,0
rolling5_annual20,2543,2021-07-16,2021-07-26,-0.0032299118953994,2021,2020-12-31,learned_order_extension,20260910,0.26346674807178416,0.26346674807178416,0,0
rolling5_annual20,2548,2021-07-23,2021-08-02,-0.0537740931579083,2021,2020-12-31,learned_order_extension,20260910,0.37768275856106887,0.37768275856106887,0,0
rolling5_annual20,2553,2021-07-30,2021-08-09,0.019904813945049,2021,2020-12-31,learned_order_extension,20260910,0.4428695355453456,0.4428695355453456,0,1
rolling5_annual20,2558,2021-08-06,2021-08-16,0.0093369268709639,2021,2020-12-31,learned_order_extension,20260910,0.4229515556966854,0.4229515556966854,0,1
rolling5_annual20,2563,2021-08-13,2021-08-23,-0.032048736608373,2021,2020-12-31,learned_order_extension,20260910,0.4456618802062691,0.4456618802062691,0,0
rolling5_annual20,2568,2021-08-20,2021-08-30,0.0145047962107527,2021,2020-12-31,learned_order_extension,20260910,0.5729448112364248,0.5729448112364248,1,1
rolling5_annual20,2573,2021-08-27,2021-09-06,-0.0012316820816045,2021,2020-12-31,learned_order_extension,20260910,0.5932306473216634,0.5932306473216634,1,0
rolling5_annual20,2578,2021-09-03,2021-09-13,0.0342301066295398,2021,2020-12-31,learned_order_extension,20260910,0.7530250371326861,0.7530250371326861,1,1
rolling5_annual20,2583,2021-09-10,2021-09-22,-0.0471441667981554,2021,2020-12-31,learned_order_extension,20260910,0.7486737724952331,0.7486737724952331,1,0
rolling5_annual20,2588,2021-09-17,2021-09-28,0.0209863060789441,2021,2020-12-31,learned_order_extension,20260910,0.7583098115704442,0.7583098115704442,1,1
rolling5_annual20,2591,2021-09-24,2021-10-11,0.0144615416200457,2021,2020-12-31,learned_order_extension,20260910,0.8103635906047445,0.8103635906047445,1,1
rolling5_annual20,2596,2021-10-08,2021-10-18,-0.0038006269617851,2021,2020-12-31,learned_order_extension,20260910,0.7561808318033095,0.7561808318033095,1,0
rolling5_annual20,2601,2021-10-15,2021-10-25,0.0037358989621147,2021,2020-12-31,learned_order_extension,20260910,0.7694557887920218,0.7694557887920218,1,1
rolling5_annual20,2606,2021-10-22,2021-11-01,-0.0127041632091318,2021,2020-12-31,learned_order_extension,20260910,0.5615338980352494,0.5615338980352494,1,0
rolling5_annual20,2611,2021-10-29,2021-11-08,-0.0075807737801166,2021,2020-12-31,learned_order_extension,20260910,0.6036504395848563,0.6036504395848563,1,0
rolling5_annual20,2616,2021-11-05,2021-11-15,0.0110015182343039,2021,2020-12-31,learned_order_extension,20260910,0.7240099906328699,0.7240099906328699,1,1
rolling5_annual20,2621,2021-11-12,2021-11-22,0.0002002284238551,2021,2020-12-31,learned_order_extension,20260910,0.8323347557675079,0.8323347557675079,1,1
rolling5_annual20,2626,2021-11-19,2021-11-29,-0.0153981603100059,2021,2020-12-31,learned_order_extension,20260910,0.8873632409726487,0.8873632409726487,1,0
rolling5_annual20,2631,2021-11-26,2021-12-06,0.0185518287306458,2021,2020-12-31,learned_order_extension,20260910,0.7750880996921731,0.7750880996921731,1,1
rolling5_annual20,2636,2021-12-03,2021-12-13,0.0367843110096284,2021,2020-12-31,learned_order_extension,20260910,0.7534897898811092,0.7534897898811092,1,1
rolling5_annual20,2641,2021-12-10,2021-12-20,-0.0304615698955996,2021,2020-12-31,learned_order_extension,20260910,0.6528475687663766,0.6528475687663766,1,0
rolling5_annual20,2646,2021-12-17,2021-12-27,-0.0034083287233763,2021,2020-12-31,learned_order_extension,20260910,0.799691742557479,0.799691742557479,1,0
rolling5_annual20,2651,2021-12-24,2022-01-04,0.0080985736506613,2021,2020-12-31,learned_order_extension,20260910,0.8273154011733129,0.8273154011733129,1,1
rolling5_annual20,2656,2021-12-31,2022-01-10,-0.0293970528320001,2021,2020-12-31,learned_order_extension,20260910,0.8069727850322581,0.8069727850322581,1,0
rolling5_annual20,2418,2021-01-08,2021-01-18,-0.0120052904669853,2021,2020-12-31,learned_order_offset,20260910,0.5336151486659025,0.5336151486659025,1,0
rolling5_annual20,2423,2021-01-15,2021-01-25,0.0231622460538123,2021,2020-12-31,learned_order_offset,20260910,0.48002913839274924,0.48002913839274924,0,1
rolling5_annual20,2428,2021-01-22,2021-02-01,-0.0372511735907923,2021,2020-12-31,learned_order_offset,20260910,0.37113237990157133,0.37113237990157133,0,0
rolling5_annual20,2433,2021-01-29,2021-02-08,0.0278689901714626,2021,2020-12-31,learned_order_offset,20260910,0.43182028534515077,0.43182028534515077,0,1
rolling5_annual20,2438,2021-02-05,2021-02-22,0.0507379035040882,2021,2020-12-31,learned_order_offset,20260910,0.4191495029175148,0.4191495029175148,0,1
rolling5_annual20,2443,2021-02-19,2021-03-01,-0.0684918010685315,2021,2020-12-31,learned_order_offset,20260910,0.479618495019198,0.479618495019198,0,0
rolling5_annual20,2448,2021-02-26,2021-03-08,-0.0165997123904068,2021,2020-12-31,learned_order_offset,20260910,0.47073396029682846,0.47073396029682846,0,0
rolling5_annual20,2453,2021-03-05,2021-03-15,-0.0346560901469681,2021,2020-12-31,learned_order_offset,20260910,0.4561872166710552,0.4561872166710552,0,0
rolling5_annual20,2458,2021-03-12,2021-03-22,-0.0210550182560221,2021,2020-12-31,learned_order_offset,20260910,0.48027551652013106,0.48027551652013106,0,0
rolling5_annual20,2463,2021-03-19,2021-03-29,0.0087572877565691,2021,2020-12-31,learned_order_offset,20260910,0.5905225656238325,0.5905225656238325,1,1
rolling5_annual20,2468,2021-03-26,2021-04-06,0.0250145479448802,2021,2020-12-31,learned_order_offset,20260910,0.5737282476957762,0.5737282476957762,1,1
rolling5_annual20,2473,2021-04-02,2021-04-12,-0.0292856811827044,2021,2020-12-31,learned_order_offset,20260910,0.5601705309594638,0.5601705309594638,1,0
rolling5_annual20,2477,2021-04-09,2021-04-19,-0.0120489836840408,2021,2020-12-31,learned_order_offset,20260910,0.7179682807976931,0.7179682807976931,1,0
rolling5_annual20,2482,2021-04-16,2021-04-26,0.0382932540809155,2021,2020-12-31,learned_order_offset,20260910,0.6306810809758883,0.6306810809758883,1,1
rolling5_annual20,2487,2021-04-23,2021-05-06,-0.0112070185917437,2021,2020-12-31,learned_order_offset,20260910,0.7206078147510746,0.7206078147510746,1,0
rolling5_annual20,2492,2021-04-30,2021-05-12,-0.0190946889464188,2021,2020-12-31,learned_order_offset,20260910,0.7081889914509276,0.7081889914509276,1,0
rolling5_annual20,2494,2021-05-07,2021-05-17,0.0227674429764228,2021,2020-12-31,learned_order_offset,20260910,0.7251521525843039,0.7251521525843039,1,1
rolling5_annual20,2499,2021-05-14,2021-05-24,0.0045940519733895,2021,2020-12-31,learned_order_offset,20260910,0.6694154575019221,0.6694154575019221,1,1
rolling5_annual20,2504,2021-05-21,2021-05-31,0.0348855085126711,2021,2020-12-31,learned_order_offset,20260910,0.6371708245860618,0.6371708245860618,1,1
rolling5_annual20,2509,2021-05-28,2021-06-07,-0.0062409741861724,2021,2020-12-31,learned_order_offset,20260910,0.5888200734182478,0.5888200734182478,1,0
rolling5_annual20,2514,2021-06-04,2021-06-15,-0.0125508761771767,2021,2020-12-31,learned_order_offset,20260910,0.45742240834197484,0.45742240834197484,0,0
rolling5_annual20,2519,2021-06-11,2021-06-21,-0.0250011497424577,2021,2020-12-31,learned_order_offset,20260910,0.2701660447902878,0.2701660447902878,0,0
rolling5_annual20,2523,2021-06-18,2021-06-28,0.0325308711127356,2021,2020-12-31,learned_order_offset,20260910,0.2637900504073793,0.2637900504073793,0,1
rolling5_annual20,2528,2021-06-25,2021-07-05,-0.0342297962734196,2021,2020-12-31,learned_order_offset,20260910,0.3559086153667759,0.3559086153667759,0,0
rolling5_annual20,2533,2021-07-02,2021-07-12,0.0068193733271841,2021,2020-12-31,learned_order_offset,20260910,0.3216916416287179,0.3216916416287179,0,1
rolling5_annual20,2538,2021-07-09,2021-07-19,-0.0048254045313779,2021,2020-12-31,learned_order_offset,20260910,0.3101145030268536,0.3101145030268536,0,0
rolling5_annual20,2543,2021-07-16,2021-07-26,-0.0032299118953994,2021,2020-12-31,learned_order_offset,20260910,0.26392360125279063,0.26392360125279063,0,0
rolling5_annual20,2548,2021-07-23,2021-08-02,-0.0537740931579083,2021,2020-12-31,learned_order_offset,20260910,0.3781019647861085,0.3781019647861085,0,0
rolling5_annual20,2553,2021-07-30,2021-08-09,0.019904813945049,2021,2020-12-31,learned_order_offset,20260910,0.443071770145631,0.443071770145631,0,1
rolling5_annual20,2558,2021-08-06,2021-08-16,0.0093369268709639,2021,2020-12-31,learned_order_offset,20260910,0.4229308279115627,0.4229308279115627,0,1
rolling5_annual20,2563,2021-08-13,2021-08-23,-0.032048736608373,2021,2020-12-31,learned_order_offset,20260910,0.4454769793108894,0.4454769793108894,0,0
rolling5_annual20,2568,2021-08-20,2021-08-30,0.0145047962107527,2021,2020-12-31,learned_order_offset,20260910,0.5730433431588372,0.5730433431588372,1,1
rolling5_annual20,2573,2021-08-27,2021-09-06,-0.0012316820816045,2021,2020-12-31,learned_order_offset,20260910,0.5924044756946784,0.5924044756946784,1,0
rolling5_annual20,2578,2021-09-03,2021-09-13,0.0342301066295398,2021,2020-12-31,learned_order_offset,20260910,0.7533662187579737,0.7533662187579737,1,1
rolling5_annual20,2583,2021-09-10,2021-09-22,-0.0471441667981554,2021,2020-12-31,learned_order_offset,20260910,0.7490237805795243,0.7490237805795243,1,0
rolling5_annual20,2588,2021-09-17,2021-09-28,0.0209863060789441,2021,2020-12-31,learned_order_offset,20260910,0.7578019779876107,0.7578019779876107,1,1
rolling5_annual20,2591,2021-09-24,2021-10-11,0.0144615416200457,2021,2020-12-31,learned_order_offset,20260910,0.8099614624313016,0.8099614624313016,1,1
rolling5_annual20,2596,2021-10-08,2021-10-18,-0.0038006269617851,2021,2020-12-31,learned_order_offset,20260910,0.7558117307103386,0.7558117307103386,1,0
rolling5_annual20,2601,2021-10-15,2021-10-25,0.0037358989621147,2021,2020-12-31,learned_order_offset,20260910,0.7689767891616536,0.7689767891616536,1,1
rolling5_annual20,2606,2021-10-22,2021-11-01,-0.0127041632091318,2021,2020-12-31,learned_order_offset,20260910,0.5615967587205846,0.5615967587205846,1,0
rolling5_annual20,2611,2021-10-29,2021-11-08,-0.0075807737801166,2021,2020-12-31,learned_order_offset,20260910,0.6034269345495461,0.6034269345495461,1,0
rolling5_annual20,2616,2021-11-05,2021-11-15,0.0110015182343039,2021,2020-12-31,learned_order_offset,20260910,0.7234699294457386,0.7234699294457386,1,1
rolling5_annual20,2621,2021-11-12,2021-11-22,0.0002002284238551,2021,2020-12-31,learned_order_offset,20260910,0.8319926561058519,0.8319926561058519,1,1
rolling5_annual20,2626,2021-11-19,2021-11-29,-0.0153981603100059,2021,2020-12-31,learned_order_offset,20260910,0.887309504410544,0.887309504410544,1,0
rolling5_annual20,2631,2021-11-26,2021-12-06,0.0185518287306458,2021,2020-12-31,learned_order_offset,20260910,0.7746760492907543,0.7746760492907543,1,1
rolling5_annual20,2636,2021-12-03,2021-12-13,0.0367843110096284,2021,2020-12-31,learned_order_offset,20260910,0.7532912032975808,0.7532912032975808,1,1
rolling5_annual20,2641,2021-12-10,2021-12-20,-0.0304615698955996,2021,2020-12-31,learned_order_offset,20260910,0.6527672096530658,0.6527672096530658,1,0
rolling5_annual20,2646,2021-12-17,2021-12-27,-0.0034083287233763,2021,2020-12-31,learned_order_offset,20260910,0.7996262996967062,0.7996262996967062,1,0
rolling5_annual20,2651,2021-12-24,2022-01-04,0.0080985736506613,2021,2020-12-31,learned_order_offset,20260910,0.8271891503369482,0.8271891503369482,1,1
rolling5_annual20,2656,2021-12-31,2022-01-10,-0.0293970528320001,2021,2020-12-31,learned_order_offset,20260910,0.8067823326626401,0.8067823326626401,1,0
rolling5_annual20,2418,2021-01-08,2021-01-18,-0.0120052904669853,2021,2020-12-31,native_mse,20260910,-0.00016719672473286887,,0,0
rolling5_annual20,2423,2021-01-15,2021-01-25,0.0231622460538123,2021,2020-12-31,native_mse,20260910,-0.0024576018862454926,,0,1
rolling5_annual20,2428,2021-01-22,2021-02-01,-0.0372511735907923,2021,2020-12-31,native_mse,20260910,-0.003647746896638798,,0,0
rolling5_annual20,2433,2021-01-29,2021-02-08,0.0278689901714626,2021,2020-12-31,native_mse,20260910,-0.0025472735860022446,,0,1
rolling5_annual20,2438,2021-02-05,2021-02-22,0.0507379035040882,2021,2020-12-31,native_mse,20260910,-0.0030793775400414984,,0,1
rolling5_annual20,2443,2021-02-19,2021-03-01,-0.0684918010685315,2021,2020-12-31,native_mse,20260910,-0.0023490676188242655,,0,0
rolling5_annual20,2448,2021-02-26,2021-03-08,-0.0165997123904068,2021,2020-12-31,native_mse,20260910,-0.0023665663755005908,,0,0
rolling5_annual20,2453,2021-03-05,2021-03-15,-0.0346560901469681,2021,2020-12-31,native_mse,20260910,-0.0014253865572098575,,0,0
rolling5_annual20,2458,2021-03-12,2021-03-22,-0.0210550182560221,2021,2020-12-31,native_mse,20260910,-0.0005000901973691782,,0,0
rolling5_annual20,2463,2021-03-19,2021-03-29,0.0087572877565691,2021,2020-12-31,native_mse,20260910,0.006023340982564988,,1,1
rolling5_annual20,2468,2021-03-26,2021-04-06,0.0250145479448802,2021,2020-12-31,native_mse,20260910,0.005598392317839315,,1,1
rolling5_annual20,2473,2021-04-02,2021-04-12,-0.0292856811827044,2021,2020-12-31,native_mse,20260910,0.0036485752776130036,,1,0
rolling5_annual20,2477,2021-04-09,2021-04-19,-0.0120489836840408,2021,2020-12-31,native_mse,20260910,0.007350243400305611,,1,0
rolling5_annual20,2482,2021-04-16,2021-04-26,0.0382932540809155,2021,2020-12-31,native_mse,20260910,0.002900059176571625,,1,1
rolling5_annual20,2487,2021-04-23,2021-05-06,-0.0112070185917437,2021,2020-12-31,native_mse,20260910,0.007596625467989239,,1,0
rolling5_annual20,2492,2021-04-30,2021-05-12,-0.0190946889464188,2021,2020-12-31,native_mse,20260910,0.007105998256782256,,1,0
rolling5_annual20,2494,2021-05-07,2021-05-17,0.0227674429764228,2021,2020-12-31,native_mse,20260910,0.0072995237328683515,,1,1
rolling5_annual20,2499,2021-05-14,2021-05-24,0.0045940519733895,2021,2020-12-31,native_mse,20260910,0.006906583839110419,,1,1
rolling5_annual20,2504,2021-05-21,2021-05-31,0.0348855085126711,2021,2020-12-31,native_mse,20260910,0.0039949465805707365,,1,1
rolling5_annual20,2509,2021-05-28,2021-06-07,-0.0062409741861724,2021,2020-12-31,native_mse,20260910,0.004302626766656515,,1,0
rolling5_annual20,2514,2021-06-04,2021-06-15,-0.0125508761771767,2021,2020-12-31,native_mse,20260910,0.0018010688105476373,,1,0
rolling5_annual20,2519,2021-06-11,2021-06-21,-0.0250011497424577,2021,2020-12-31,native_mse,20260910,-0.0027939130847951473,,0,0
rolling5_annual20,2523,2021-06-18,2021-06-28,0.0325308711127356,2021,2020-12-31,native_mse,20260910,-0.0024054667576293687,,0,1
rolling5_annual20,2528,2021-06-25,2021-07-05,-0.0342297962734196,2021,2020-12-31,native_mse,20260910,-0.0021641013171994155,,0,0
rolling5_annual20,2533,2021-07-02,2021-07-12,0.0068193733271841,2021,2020-12-31,native_mse,20260910,-0.002740282150259048,,0,1
rolling5_annual20,2538,2021-07-09,2021-07-19,-0.0048254045313779,2021,2020-12-31,native_mse,20260910,-0.0025804416168060183,,0,0
rolling5_annual20,2543,2021-07-16,2021-07-26,-0.0032299118953994,2021,2020-12-31,native_mse,20260910,-0.0035112489700114967,,0,0
rolling5_annual20,2548,2021-07-23,2021-08-02,-0.0537740931579083,2021,2020-12-31,native_mse,20260910,-0.002252148085559406,,0,0
rolling5_annual20,2553,2021-07-30,2021-08-09,0.019904813945049,2021,2020-12-31,native_mse,20260910,-0.0013935392955686378,,0,1
rolling5_annual20,2558,2021-08-06,2021-08-16,0.0093369268709639,2021,2020-12-31,native_mse,20260910,-0.0008547058545780883,,0,1
rolling5_annual20,2563,2021-08-13,2021-08-23,-0.032048736608373,2021,2020-12-31,native_mse,20260910,-0.0010996712313164061,,0,0
rolling5_annual20,2568,2021-08-20,2021-08-30,0.0145047962107527,2021,2020-12-31,native_mse,20260910,0.0014984460902095808,,1,1
rolling5_annual20,2573,2021-08-27,2021-09-06,-0.0012316820816045,2021,2020-12-31,native_mse,20260910,0.006590900742918945,,1,0
rolling5_annual20,2578,2021-09-03,2021-09-13,0.0342301066295398,2021,2020-12-31,native_mse,20260910,0.009486980636077728,,1,1
rolling5_annual20,2583,2021-09-10,2021-09-22,-0.0471441667981554,2021,2020-12-31,native_mse,20260910,0.009371153033789907,,1,0
rolling5_annual20,2588,2021-09-17,2021-09-28,0.0209863060789441,2021,2020-12-31,native_mse,20260910,0.009603132896707183,,1,1
rolling5_annual20,2591,2021-09-24,2021-10-11,0.0144615416200457,2021,2020-12-31,native_mse,20260910,0.009682760274058575,,1,1
rolling5_annual20,2596,2021-10-08,2021-10-18,-0.0038006269617851,2021,2020-12-31,native_mse,20260910,0.009091248352644028,,1,0
rolling5_annual20,2601,2021-10-15,2021-10-25,0.0037358989621147,2021,2020-12-31,native_mse,20260910,0.008469619450977196,,1,1
rolling5_annual20,2606,2021-10-22,2021-11-01,-0.0127041632091318,2021,2020-12-31,native_mse,20260910,0.0008933657456787875,,1,0
rolling5_annual20,2611,2021-10-29,2021-11-08,-0.0075807737801166,2021,2020-12-31,native_mse,20260910,0.002406790555140204,,1,0
rolling5_annual20,2616,2021-11-05,2021-11-15,0.0110015182343039,2021,2020-12-31,native_mse,20260910,0.004495816516502967,,1,1
rolling5_annual20,2621,2021-11-12,2021-11-22,0.0002002284238551,2021,2020-12-31,native_mse,20260910,0.008345328596010884,,1,1
rolling5_annual20,2626,2021-11-19,2021-11-29,-0.0153981603100059,2021,2020-12-31,native_mse,20260910,0.006936498727743483,,1,0
rolling5_annual20,2631,2021-11-26,2021-12-06,0.0185518287306458,2021,2020-12-31,native_mse,20260910,0.0043122154605937865,,1,1
rolling5_annual20,2636,2021-12-03,2021-12-13,0.0367843110096284,2021,2020-12-31,native_mse,20260910,0.003903132217743633,,1,1
rolling5_annual20,2641,2021-12-10,2021-12-20,-0.0304615698955996,2021,2020-12-31,native_mse,20260910,0.0011584734670292821,,1,0
rolling5_annual20,2646,2021-12-17,2021-12-27,-0.0034083287233763,2021,2020-12-31,native_mse,20260910,0.008060168302998738,,1,0
rolling5_annual20,2651,2021-12-24,2022-01-04,0.0080985736506613,2021,2020-12-31,native_mse,20260910,0.0074924187486900135,,1,1
rolling5_annual20,2656,2021-12-31,2022-01-10,-0.0293970528320001,2021,2020-12-31,native_mse,20260910,0.008334791957105143,,1,0
rolling5_annual20,2418,2021-01-08,2021-01-18,-0.0120052904669853,2021,2020-12-31,training_frequency,-1,0.5577557755775577,0.5577557755775577,1,0
rolling5_annual20,2423,2021-01-15,2021-01-25,0.0231622460538123,2021,2020-12-31,training_frequency,-1,0.5577557755775577,0.5577557755775577,1,1
rolling5_annual20,2428,2021-01-22,2021-02-01,-0.0372511735907923,2021,2020-12-31,training_frequency,-1,0.5577557755775577,0.5577557755775577,1,0
rolling5_annual20,2433,2021-01-29,2021-02-08,0.0278689901714626,2021,2020-12-31,training_frequency,-1,0.5577557755775577,0.5577557755775577,1,1
rolling5_annual20,2438,2021-02-05,2021-02-22,0.0507379035040882,2021,2020-12-31,training_frequency,-1,0.5577557755775577,0.5577557755775577,1,1
rolling5_annual20,2443,2021-02-19,2021-03-01,-0.0684918010685315,2021,2020-12-31,training_frequency,-1,0.5577557755775577,0.5577557755775577,1,0
rolling5_annual20,2448,2021-02-26,2021-03-08,-0.0165997123904068,2021,2020-12-31,training_frequency,-1,0.5577557755775577,0.5577557755775577,1,0
rolling5_annual20,2453,2021-03-05,2021-03-15,-0.0346560901469681,2021,2020-12-31,training_frequency,-1,0.5577557755775577,0.5577557755775577,1,0
rolling5_annual20,2458,2021-03-12,2021-03-22,-0.0210550182560221,2021,2020-12-31,training_frequency,-1,0.5577557755775577,0.5577557755775577,1,0
rolling5_annual20,2463,2021-03-19,2021-03-29,0.0087572877565691,2021,2020-12-31,training_frequency,-1,0.5577557755775577,0.5577557755775577,1,1
rolling5_annual20,2468,2021-03-26,2021-04-06,0.0250145479448802,2021,2020-12-31,training_frequency,-1,0.5577557755775577,0.5577557755775577,1,1
rolling5_annual20,2473,2021-04-02,2021-04-12,-0.0292856811827044,2021,2020-12-31,training_frequency,-1,0.5577557755775577,0.5577557755775577,1,0
rolling5_annual20,2477,2021-04-09,2021-04-19,-0.0120489836840408,2021,2020-12-31,training_frequency,-1,0.5577557755775577,0.5577557755775577,1,0
rolling5_annual20,2482,2021-04-16,2021-04-26,0.0382932540809155,2021,2020-12-31,training_frequency,-1,0.5577557755775577,0.5577557755775577,1,1
rolling5_annual20,2487,2021-04-23,2021-05-06,-0.0112070185917437,2021,2020-12-31,training_frequency,-1,0.5577557755775577,0.5577557755775577,1,0
rolling5_annual20,2492,2021-04-30,2021-05-12,-0.0190946889464188,2021,2020-12-31,training_frequency,-1,0.5577557755775577,0.5577557755775577,1,0
rolling5_annual20,2494,2021-05-07,2021-05-17,0.0227674429764228,2021,2020-12-31,training_frequency,-1,0.5577557755775577,0.5577557755775577,1,1
rolling5_annual20,2499,2021-05-14,2021-05-24,0.0045940519733895,2021,2020-12-31,training_frequency,-1,0.5577557755775577,0.5577557755775577,1,1
rolling5_annual20,2504,2021-05-21,2021-05-31,0.0348855085126711,2021,2020-12-31,training_frequency,-1,0.5577557755775577,0.5577557755775577,1,1
rolling5_annual20,2509,2021-05-28,2021-06-07,-0.0062409741861724,2021,2020-12-31,training_frequency,-1,0.5577557755775577,0.5577557755775577,1,0
rolling5_annual20,2514,2021-06-04,2021-06-15,-0.0125508761771767,2021,2020-12-31,training_frequency,-1,0.5577557755775577,0.5577557755775577,1,0
rolling5_annual20,2519,2021-06-11,2021-06-21,-0.0250011497424577,2021,2020-12-31,training_frequency,-1,0.5577557755775577,0.5577557755775577,1,0
rolling5_annual20,2523,2021-06-18,2021-06-28,0.0325308711127356,2021,2020-12-31,training_frequency,-1,0.5577557755775577,0.5577557755775577,1,1
rolling5_annual20,2528,2021-06-25,2021-07-05,-0.0342297962734196,2021,2020-12-31,training_frequency,-1,0.5577557755775577,0.5577557755775577,1,0
rolling5_annual20,2533,2021-07-02,2021-07-12,0.0068193733271841,2021,2020-12-31,training_frequency,-1,0.5577557755775577,0.5577557755775577,1,1
rolling5_annual20,2538,2021-07-09,2021-07-19,-0.0048254045313779,2021,2020-12-31,training_frequency,-1,0.5577557755775577,0.5577557755775577,1,0
rolling5_annual20,2543,2021-07-16,2021-07-26,-0.0032299118953994,2021,2020-12-31,training_frequency,-1,0.5577557755775577,0.5577557755775577,1,0
rolling5_annual20,2548,2021-07-23,2021-08-02,-0.0537740931579083,2021,2020-12-31,training_frequency,-1,0.5577557755775577,0.5577557755775577,1,0
rolling5_annual20,2553,2021-07-30,2021-08-09,0.019904813945049,2021,2020-12-31,training_frequency,-1,0.5577557755775577,0.5577557755775577,1,1
rolling5_annual20,2558,2021-08-06,2021-08-16,0.0093369268709639,2021,2020-12-31,training_frequency,-1,0.5577557755775577,0.5577557755775577,1,1
rolling5_annual20,2563,2021-08-13,2021-08-23,-0.032048736608373,2021,2020-12-31,training_frequency,-1,0.5577557755775577,0.5577557755775577,1,0
rolling5_annual20,2568,2021-08-20,2021-08-30,0.0145047962107527,2021,2020-12-31,training_frequency,-1,0.5577557755775577,0.5577557755775577,1,1
rolling5_annual20,2573,2021-08-27,2021-09-06,-0.0012316820816045,2021,2020-12-31,training_frequency,-1,0.5577557755775577,0.5577557755775577,1,0
rolling5_annual20,2578,2021-09-03,2021-09-13,0.0342301066295398,2021,2020-12-31,training_frequency,-1,0.5577557755775577,0.5577557755775577,1,1
rolling5_annual20,2583,2021-09-10,2021-09-22,-0.0471441667981554,2021,2020-12-31,training_frequency,-1,0.5577557755775577,0.5577557755775577,1,0
rolling5_annual20,2588,2021-09-17,2021-09-28,0.0209863060789441,2021,2020-12-31,training_frequency,-1,0.5577557755775577,0.5577557755775577,1,1
rolling5_annual20,2591,2021-09-24,2021-10-11,0.0144615416200457,2021,2020-12-31,training_frequency,-1,0.5577557755775577,0.5577557755775577,1,1
rolling5_annual20,2596,2021-10-08,2021-10-18,-0.0038006269617851,2021,2020-12-31,training_frequency,-1,0.5577557755775577,0.5577557755775577,1,0
rolling5_annual20,2601,2021-10-15,2021-10-25,0.0037358989621147,2021,2020-12-31,training_frequency,-1,0.5577557755775577,0.5577557755775577,1,1
rolling5_annual20,2606,2021-10-22,2021-11-01,-0.0127041632091318,2021,2020-12-31,training_frequency,-1,0.5577557755775577,0.5577557755775577,1,0
rolling5_annual20,2611,2021-10-29,2021-11-08,-0.0075807737801166,2021,2020-12-31,training_frequency,-1,0.5577557755775577,0.5577557755775577,1,0
rolling5_annual20,2616,2021-11-05,2021-11-15,0.0110015182343039,2021,2020-12-31,training_frequency,-1,0.5577557755775577,0.5577557755775577,1,1
rolling5_annual20,2621,2021-11-12,2021-11-22,0.0002002284238551,2021,2020-12-31,training_frequency,-1,0.5577557755775577,0.5577557755775577,1,1
rolling5_annual20,2626,2021-11-19,2021-11-29,-0.0153981603100059,2021,2020-12-31,training_frequency,-1,0.5577557755775577,0.5577557755775577,1,0
rolling5_annual20,2631,2021-11-26,2021-12-06,0.0185518287306458,2021,2020-12-31,training_frequency,-1,0.5577557755775577,0.5577557755775577,1,1
rolling5_annual20,2636,2021-12-03,2021-12-13,0.0367843110096284,2021,2020-12-31,training_frequency,-1,0.5577557755775577,0.5577557755775577,1,1
rolling5_annual20,2641,2021-12-10,2021-12-20,-0.0304615698955996,2021,2020-12-31,training_frequency,-1,0.5577557755775577,0.5577557755775577,1,0
rolling5_annual20,2646,2021-12-17,2021-12-27,-0.0034083287233763,2021,2020-12-31,training_frequency,-1,0.5577557755775577,0.5577557755775577,1,0
rolling5_annual20,2651,2021-12-24,2022-01-04,0.0080985736506613,2021,2020-12-31,training_frequency,-1,0.5577557755775577,0.5577557755775577,1,1
rolling5_annual20,2656,2021-12-31,2022-01-10,-0.0293970528320001,2021,2020-12-31,training_frequency,-1,0.5577557755775577,0.5577557755775577,1,0
rolling5_annual20,2418,2021-01-08,2021-01-18,-0.0120052904669853,2021,2020-12-31,learned_market,20260911,0.47359422145655633,0.47359422145655633,0,0
rolling5_annual20,2423,2021-01-15,2021-01-25,0.0231622460538123,2021,2020-12-31,learned_market,20260911,0.29529449998072343,0.29529449998072343,0,1
rolling5_annual20,2428,2021-01-22,2021-02-01,-0.0372511735907923,2021,2020-12-31,learned_market,20260911,0.47394332492431446,0.47394332492431446,0,0
rolling5_annual20,2433,2021-01-29,2021-02-08,0.0278689901714626,2021,2020-12-31,learned_market,20260911,0.34860128575085947,0.34860128575085947,0,1
rolling5_annual20,2438,2021-02-05,2021-02-22,0.0507379035040882,2021,2020-12-31,learned_market,20260911,0.5472341429725764,0.5472341429725764,1,1
rolling5_annual20,2443,2021-02-19,2021-03-01,-0.0684918010685315,2021,2020-12-31,learned_market,20260911,0.4390527856170199,0.4390527856170199,0,0
rolling5_annual20,2448,2021-02-26,2021-03-08,-0.0165997123904068,2021,2020-12-31,learned_market,20260911,0.4901857818012489,0.4901857818012489,0,0
rolling5_annual20,2453,2021-03-05,2021-03-15,-0.0346560901469681,2021,2020-12-31,learned_market,20260911,0.3640545492155067,0.3640545492155067,0,0
rolling5_annual20,2458,2021-03-12,2021-03-22,-0.0210550182560221,2021,2020-12-31,learned_market,20260911,0.27457561641477635,0.27457561641477635,0,0
rolling5_annual20,2463,2021-03-19,2021-03-29,0.0087572877565691,2021,2020-12-31,learned_market,20260911,0.5317095579141908,0.5317095579141908,1,1
rolling5_annual20,2468,2021-03-26,2021-04-06,0.0250145479448802,2021,2020-12-31,learned_market,20260911,0.48950965003399194,0.48950965003399194,0,1
rolling5_annual20,2473,2021-04-02,2021-04-12,-0.0292856811827044,2021,2020-12-31,learned_market,20260911,0.6284072500994273,0.6284072500994273,1,0
rolling5_annual20,2477,2021-04-09,2021-04-19,-0.0120489836840408,2021,2020-12-31,learned_market,20260911,0.5279187640170273,0.5279187640170273,1,0
rolling5_annual20,2482,2021-04-16,2021-04-26,0.0382932540809155,2021,2020-12-31,learned_market,20260911,0.4865076820291842,0.4865076820291842,0,1
rolling5_annual20,2487,2021-04-23,2021-05-06,-0.0112070185917437,2021,2020-12-31,learned_market,20260911,0.5300805747669529,0.5300805747669529,1,0
rolling5_annual20,2492,2021-04-30,2021-05-12,-0.0190946889464188,2021,2020-12-31,learned_market,20260911,0.6951452745996383,0.6951452745996383,1,0
rolling5_annual20,2494,2021-05-07,2021-05-17,0.0227674429764228,2021,2020-12-31,learned_market,20260911,0.7605988126578928,0.7605988126578928,1,1
rolling5_annual20,2499,2021-05-14,2021-05-24,0.0045940519733895,2021,2020-12-31,learned_market,20260911,0.431899455562366,0.431899455562366,0,1
rolling5_annual20,2504,2021-05-21,2021-05-31,0.0348855085126711,2021,2020-12-31,learned_market,20260911,0.6176291390559848,0.6176291390559848,1,1
rolling5_annual20,2509,2021-05-28,2021-06-07,-0.0062409741861724,2021,2020-12-31,learned_market,20260911,0.5529696066128726,0.5529696066128726,1,0
rolling5_annual20,2514,2021-06-04,2021-06-15,-0.0125508761771767,2021,2020-12-31,learned_market,20260911,0.43021338956165145,0.43021338956165145,0,0
rolling5_annual20,2519,2021-06-11,2021-06-21,-0.0250011497424577,2021,2020-12-31,learned_market,20260911,0.23588261601608784,0.23588261601608784,0,0
rolling5_annual20,2523,2021-06-18,2021-06-28,0.0325308711127356,2021,2020-12-31,learned_market,20260911,0.4400528193036787,0.4400528193036787,0,1
rolling5_annual20,2528,2021-06-25,2021-07-05,-0.0342297962734196,2021,2020-12-31,learned_market,20260911,0.398327544114051,0.398327544114051,0,0
rolling5_annual20,2533,2021-07-02,2021-07-12,0.0068193733271841,2021,2020-12-31,learned_market,20260911,0.48682640109202396,0.48682640109202396,0,1
rolling5_annual20,2538,2021-07-09,2021-07-19,-0.0048254045313779,2021,2020-12-31,learned_market,20260911,0.24332467078520445,0.24332467078520445,0,0
rolling5_annual20,2543,2021-07-16,2021-07-26,-0.0032299118953994,2021,2020-12-31,learned_market,20260911,0.35925555662388703,0.35925555662388703,0,0
rolling5_annual20,2548,2021-07-23,2021-08-02,-0.0537740931579083,2021,2020-12-31,learned_market,20260911,0.39776512063817443,0.39776512063817443,0,0
rolling5_annual20,2553,2021-07-30,2021-08-09,0.019904813945049,2021,2020-12-31,learned_market,20260911,0.552232244409667,0.552232244409667,1,1
rolling5_annual20,2558,2021-08-06,2021-08-16,0.0093369268709639,2021,2020-12-31,learned_market,20260911,0.6069177458010507,0.6069177458010507,1,1
rolling5_annual20,2563,2021-08-13,2021-08-23,-0.032048736608373,2021,2020-12-31,learned_market,20260911,0.6395330957156883,0.6395330957156883,1,0
rolling5_annual20,2568,2021-08-20,2021-08-30,0.0145047962107527,2021,2020-12-31,learned_market,20260911,0.49778467368571605,0.49778467368571605,0,1
rolling5_annual20,2573,2021-08-27,2021-09-06,-0.0012316820816045,2021,2020-12-31,learned_market,20260911,0.7992998823896141,0.7992998823896141,1,0
rolling5_annual20,2578,2021-09-03,2021-09-13,0.0342301066295398,2021,2020-12-31,learned_market,20260911,0.7641264012677613,0.7641264012677613,1,1
rolling5_annual20,2583,2021-09-10,2021-09-22,-0.0471441667981554,2021,2020-12-31,learned_market,20260911,0.7188187190189923,0.7188187190189923,1,0
rolling5_annual20,2588,2021-09-17,2021-09-28,0.0209863060789441,2021,2020-12-31,learned_market,20260911,0.752347288149094,0.752347288149094,1,1
rolling5_annual20,2591,2021-09-24,2021-10-11,0.0144615416200457,2021,2020-12-31,learned_market,20260911,0.64950288661138,0.64950288661138,1,1
rolling5_annual20,2596,2021-10-08,2021-10-18,-0.0038006269617851,2021,2020-12-31,learned_market,20260911,0.8841800832116901,0.8841800832116901,1,0
rolling5_annual20,2601,2021-10-15,2021-10-25,0.0037358989621147,2021,2020-12-31,learned_market,20260911,0.808000302780614,0.808000302780614,1,1
rolling5_annual20,2606,2021-10-22,2021-11-01,-0.0127041632091318,2021,2020-12-31,learned_market,20260911,0.6012191405144072,0.6012191405144072,1,0
rolling5_annual20,2611,2021-10-29,2021-11-08,-0.0075807737801166,2021,2020-12-31,learned_market,20260911,0.8459495803183871,0.8459495803183871,1,0
rolling5_annual20,2616,2021-11-05,2021-11-15,0.0110015182343039,2021,2020-12-31,learned_market,20260911,0.7615166605786978,0.7615166605786978,1,1
rolling5_annual20,2621,2021-11-12,2021-11-22,0.0002002284238551,2021,2020-12-31,learned_market,20260911,0.8358507607737684,0.8358507607737684,1,1
rolling5_annual20,2626,2021-11-19,2021-11-29,-0.0153981603100059,2021,2020-12-31,learned_market,20260911,0.7375348414146127,0.7375348414146127,1,0
rolling5_annual20,2631,2021-11-26,2021-12-06,0.0185518287306458,2021,2020-12-31,learned_market,20260911,0.8422699714267883,0.8422699714267883,1,1
rolling5_annual20,2636,2021-12-03,2021-12-13,0.0367843110096284,2021,2020-12-31,learned_market,20260911,0.651184941553755,0.651184941553755,1,1
rolling5_annual20,2641,2021-12-10,2021-12-20,-0.0304615698955996,2021,2020-12-31,learned_market,20260911,0.65987980276308,0.65987980276308,1,0
rolling5_annual20,2646,2021-12-17,2021-12-27,-0.0034083287233763,2021,2020-12-31,learned_market,20260911,0.8092775433852759,0.8092775433852759,1,0
rolling5_annual20,2651,2021-12-24,2022-01-04,0.0080985736506613,2021,2020-12-31,learned_market,20260911,0.6585163511207842,0.6585163511207842,1,1
rolling5_annual20,2656,2021-12-31,2022-01-10,-0.0293970528320001,2021,2020-12-31,learned_market,20260911,0.8164002048089696,0.8164002048089696,1,0
rolling5_annual20,2418,2021-01-08,2021-01-18,-0.0120052904669853,2021,2020-12-31,learned_vol_interaction,20260911,0.4754556903392312,0.4754556903392312,0,0
rolling5_annual20,2423,2021-01-15,2021-01-25,0.0231622460538123,2021,2020-12-31,learned_vol_interaction,20260911,0.2910478720938869,0.2910478720938869,0,1
rolling5_annual20,2428,2021-01-22,2021-02-01,-0.0372511735907923,2021,2020-12-31,learned_vol_interaction,20260911,0.4793404787070586,0.4793404787070586,0,0
rolling5_annual20,2433,2021-01-29,2021-02-08,0.0278689901714626,2021,2020-12-31,learned_vol_interaction,20260911,0.3407014751351651,0.3407014751351651,0,1
rolling5_annual20,2438,2021-02-05,2021-02-22,0.0507379035040882,2021,2020-12-31,learned_vol_interaction,20260911,0.5419487770679454,0.5419487770679454,1,1
rolling5_annual20,2443,2021-02-19,2021-03-01,-0.0684918010685315,2021,2020-12-31,learned_vol_interaction,20260911,0.42680484014134457,0.42680484014134457,0,0
rolling5_annual20,2448,2021-02-26,2021-03-08,-0.0165997123904068,2021,2020-12-31,learned_vol_interaction,20260911,0.48165522036766006,0.48165522036766006,0,0
rolling5_annual20,2453,2021-03-05,2021-03-15,-0.0346560901469681,2021,2020-12-31,learned_vol_interaction,20260911,0.3506881836542513,0.3506881836542513,0,0
rolling5_annual20,2458,2021-03-12,2021-03-22,-0.0210550182560221,2021,2020-12-31,learned_vol_interaction,20260911,0.23467895972096536,0.23467895972096536,0,0
rolling5_annual20,2463,2021-03-19,2021-03-29,0.0087572877565691,2021,2020-12-31,learned_vol_interaction,20260911,0.5417459151974428,0.5417459151974428,1,1
rolling5_annual20,2468,2021-03-26,2021-04-06,0.0250145479448802,2021,2020-12-31,learned_vol_interaction,20260911,0.48054571329537366,0.48054571329537366,0,1
rolling5_annual20,2473,2021-04-02,2021-04-12,-0.0292856811827044,2021,2020-12-31,learned_vol_interaction,20260911,0.6505026926141996,0.6505026926141996,1,0
rolling5_annual20,2477,2021-04-09,2021-04-19,-0.0120489836840408,2021,2020-12-31,learned_vol_interaction,20260911,0.5238037480083749,0.5238037480083749,1,0
rolling5_annual20,2482,2021-04-16,2021-04-26,0.0382932540809155,2021,2020-12-31,learned_vol_interaction,20260911,0.4746098723057128,0.4746098723057128,0,1
rolling5_annual20,2487,2021-04-23,2021-05-06,-0.0112070185917437,2021,2020-12-31,learned_vol_interaction,20260911,0.527013271372353,0.527013271372353,1,0
rolling5_annual20,2492,2021-04-30,2021-05-12,-0.0190946889464188,2021,2020-12-31,learned_vol_interaction,20260911,0.6901244469023494,0.6901244469023494,1,0
rolling5_annual20,2494,2021-05-07,2021-05-17,0.0227674429764228,2021,2020-12-31,learned_vol_interaction,20260911,0.754839297520103,0.754839297520103,1,1
rolling5_annual20,2499,2021-05-14,2021-05-24,0.0045940519733895,2021,2020-12-31,learned_vol_interaction,20260911,0.43398865323186975,0.43398865323186975,0,1
rolling5_annual20,2504,2021-05-21,2021-05-31,0.0348855085126711,2021,2020-12-31,learned_vol_interaction,20260911,0.6023590417130459,0.6023590417130459,1,1
rolling5_annual20,2509,2021-05-28,2021-06-07,-0.0062409741861724,2021,2020-12-31,learned_vol_interaction,20260911,0.5524495113584302,0.5524495113584302,1,0
rolling5_annual20,2514,2021-06-04,2021-06-15,-0.0125508761771767,2021,2020-12-31,learned_vol_interaction,20260911,0.4338741634973696,0.4338741634973696,0,0
rolling5_annual20,2519,2021-06-11,2021-06-21,-0.0250011497424577,2021,2020-12-31,learned_vol_interaction,20260911,0.243541607825957,0.243541607825957,0,0
rolling5_annual20,2523,2021-06-18,2021-06-28,0.0325308711127356,2021,2020-12-31,learned_vol_interaction,20260911,0.44439540821990653,0.44439540821990653,0,1
rolling5_annual20,2528,2021-06-25,2021-07-05,-0.0342297962734196,2021,2020-12-31,learned_vol_interaction,20260911,0.4173214962232166,0.4173214962232166,0,0
rolling5_annual20,2533,2021-07-02,2021-07-12,0.0068193733271841,2021,2020-12-31,learned_vol_interaction,20260911,0.48991781025485154,0.48991781025485154,0,1
rolling5_annual20,2538,2021-07-09,2021-07-19,-0.0048254045313779,2021,2020-12-31,learned_vol_interaction,20260911,0.2599569018271382,0.2599569018271382,0,0
rolling5_annual20,2543,2021-07-16,2021-07-26,-0.0032299118953994,2021,2020-12-31,learned_vol_interaction,20260911,0.36450308143319354,0.36450308143319354,0,0
rolling5_annual20,2548,2021-07-23,2021-08-02,-0.0537740931579083,2021,2020-12-31,learned_vol_interaction,20260911,0.410758949240298,0.410758949240298,0,0
rolling5_annual20,2553,2021-07-30,2021-08-09,0.019904813945049,2021,2020-12-31,learned_vol_interaction,20260911,0.5670421120159365,0.5670421120159365,1,1
rolling5_annual20,2558,2021-08-06,2021-08-16,0.0093369268709639,2021,2020-12-31,learned_vol_interaction,20260911,0.611366208230644,0.611366208230644,1,1
rolling5_annual20,2563,2021-08-13,2021-08-23,-0.032048736608373,2021,2020-12-31,learned_vol_interaction,20260911,0.6499874314301235,0.6499874314301235,1,0
rolling5_annual20,2568,2021-08-20,2021-08-30,0.0145047962107527,2021,2020-12-31,learned_vol_interaction,20260911,0.47410312241187347,0.47410312241187347,0,1
rolling5_annual20,2573,2021-08-27,2021-09-06,-0.0012316820816045,2021,2020-12-31,learned_vol_interaction,20260911,0.8077225877731411,0.8077225877731411,1,0
rolling5_annual20,2578,2021-09-03,2021-09-13,0.0342301066295398,2021,2020-12-31,learned_vol_interaction,20260911,0.7569737160491476,0.7569737160491476,1,1
rolling5_annual20,2583,2021-09-10,2021-09-22,-0.0471441667981554,2021,2020-12-31,learned_vol_interaction,20260911,0.7237383960115724,0.7237383960115724,1,0
rolling5_annual20,2588,2021-09-17,2021-09-28,0.0209863060789441,2021,2020-12-31,learned_vol_interaction,20260911,0.7461756198869361,0.7461756198869361,1,1
rolling5_annual20,2591,2021-09-24,2021-10-11,0.0144615416200457,2021,2020-12-31,learned_vol_interaction,20260911,0.6456719612096069,0.6456719612096069,1,1
rolling5_annual20,2596,2021-10-08,2021-10-18,-0.0038006269617851,2021,2020-12-31,learned_vol_interaction,20260911,0.875333160760423,0.875333160760423,1,0
rolling5_annual20,2601,2021-10-15,2021-10-25,0.0037358989621147,2021,2020-12-31,learned_vol_interaction,20260911,0.8004373767510682,0.8004373767510682,1,1
rolling5_annual20,2606,2021-10-22,2021-11-01,-0.0127041632091318,2021,2020-12-31,learned_vol_interaction,20260911,0.5995948918940573,0.5995948918940573,1,0
rolling5_annual20,2611,2021-10-29,2021-11-08,-0.0075807737801166,2021,2020-12-31,learned_vol_interaction,20260911,0.8299973805985322,0.8299973805985322,1,0
rolling5_annual20,2616,2021-11-05,2021-11-15,0.0110015182343039,2021,2020-12-31,learned_vol_interaction,20260911,0.7454576562803179,0.7454576562803179,1,1
rolling5_annual20,2621,2021-11-12,2021-11-22,0.0002002284238551,2021,2020-12-31,learned_vol_interaction,20260911,0.8210682676498052,0.8210682676498052,1,1
rolling5_annual20,2626,2021-11-19,2021-11-29,-0.0153981603100059,2021,2020-12-31,learned_vol_interaction,20260911,0.7379015555048399,0.7379015555048399,1,0
rolling5_annual20,2631,2021-11-26,2021-12-06,0.0185518287306458,2021,2020-12-31,learned_vol_interaction,20260911,0.8181276512073538,0.8181276512073538,1,1
rolling5_annual20,2636,2021-12-03,2021-12-13,0.0367843110096284,2021,2020-12-31,learned_vol_interaction,20260911,0.6331433744995425,0.6331433744995425,1,1
rolling5_annual20,2641,2021-12-10,2021-12-20,-0.0304615698955996,2021,2020-12-31,learned_vol_interaction,20260911,0.6422061841446076,0.6422061841446076,1,0
rolling5_annual20,2646,2021-12-17,2021-12-27,-0.0034083287233763,2021,2020-12-31,learned_vol_interaction,20260911,0.7937547176618065,0.7937547176618065,1,0
rolling5_annual20,2651,2021-12-24,2022-01-04,0.0080985736506613,2021,2020-12-31,learned_vol_interaction,20260911,0.6518706715070531,0.6518706715070531,1,1
rolling5_annual20,2656,2021-12-31,2022-01-10,-0.0293970528320001,2021,2020-12-31,learned_vol_interaction,20260911,0.8048743420145822,0.8048743420145822,1,0
rolling5_annual20,2418,2021-01-08,2021-01-18,-0.0120052904669853,2021,2020-12-31,learned_order_extension,20260911,0.4707924056292956,0.4707924056292956,0,0
rolling5_annual20,2423,2021-01-15,2021-01-25,0.0231622460538123,2021,2020-12-31,learned_order_extension,20260911,0.30199104403875826,0.30199104403875826,0,1
rolling5_annual20,2428,2021-01-22,2021-02-01,-0.0372511735907923,2021,2020-12-31,learned_order_extension,20260911,0.4727671753713422,0.4727671753713422,0,0
rolling5_annual20,2433,2021-01-29,2021-02-08,0.0278689901714626,2021,2020-12-31,learned_order_extension,20260911,0.33076330033756096,0.33076330033756096,0,1
rolling5_annual20,2438,2021-02-05,2021-02-22,0.0507379035040882,2021,2020-12-31,learned_order_extension,20260911,0.5463864019131583,0.5463864019131583,1,1
rolling5_annual20,2443,2021-02-19,2021-03-01,-0.0684918010685315,2021,2020-12-31,learned_order_extension,20260911,0.423629668613555,0.423629668613555,0,0
rolling5_annual20,2448,2021-02-26,2021-03-08,-0.0165997123904068,2021,2020-12-31,learned_order_extension,20260911,0.4833188959367285,0.4833188959367285,0,0
rolling5_annual20,2453,2021-03-05,2021-03-15,-0.0346560901469681,2021,2020-12-31,learned_order_extension,20260911,0.3468677434509978,0.3468677434509978,0,0
rolling5_annual20,2458,2021-03-12,2021-03-22,-0.0210550182560221,2021,2020-12-31,learned_order_extension,20260911,0.2385842218483661,0.2385842218483661,0,0
rolling5_annual20,2463,2021-03-19,2021-03-29,0.0087572877565691,2021,2020-12-31,learned_order_extension,20260911,0.532998967015209,0.532998967015209,1,1
rolling5_annual20,2468,2021-03-26,2021-04-06,0.0250145479448802,2021,2020-12-31,learned_order_extension,20260911,0.48258967958160864,0.48258967958160864,0,1
rolling5_annual20,2473,2021-04-02,2021-04-12,-0.0292856811827044,2021,2020-12-31,learned_order_extension,20260911,0.6435569143740099,0.6435569143740099,1,0
rolling5_annual20,2477,2021-04-09,2021-04-19,-0.0120489836840408,2021,2020-12-31,learned_order_extension,20260911,0.5172587608947022,0.5172587608947022,1,0
rolling5_annual20,2482,2021-04-16,2021-04-26,0.0382932540809155,2021,2020-12-31,learned_order_extension,20260911,0.45050831794964574,0.45050831794964574,0,1
rolling5_annual20,2487,2021-04-23,2021-05-06,-0.0112070185917437,2021,2020-12-31,learned_order_extension,20260911,0.50667980676185,0.50667980676185,1,0
rolling5_annual20,2492,2021-04-30,2021-05-12,-0.0190946889464188,2021,2020-12-31,learned_order_extension,20260911,0.7098069326540961,0.7098069326540961,1,0
rolling5_annual20,2494,2021-05-07,2021-05-17,0.0227674429764228,2021,2020-12-31,learned_order_extension,20260911,0.7808980561683019,0.7808980561683019,1,1
rolling5_annual20,2499,2021-05-14,2021-05-24,0.0045940519733895,2021,2020-12-31,learned_order_extension,20260911,0.39413011936164705,0.39413011936164705,0,1
rolling5_annual20,2504,2021-05-21,2021-05-31,0.0348855085126711,2021,2020-12-31,learned_order_extension,20260911,0.6034561668947356,0.6034561668947356,1,1
rolling5_annual20,2509,2021-05-28,2021-06-07,-0.0062409741861724,2021,2020-12-31,learned_order_extension,20260911,0.5608652950070303,0.5608652950070303,1,0
rolling5_annual20,2514,2021-06-04,2021-06-15,-0.0125508761771767,2021,2020-12-31,learned_order_extension,20260911,0.41641551181704617,0.41641551181704617,0,0
rolling5_annual20,2519,2021-06-11,2021-06-21,-0.0250011497424577,2021,2020-12-31,learned_order_extension,20260911,0.1949333176792701,0.1949333176792701,0,0
rolling5_annual20,2523,2021-06-18,2021-06-28,0.0325308711127356,2021,2020-12-31,learned_order_extension,20260911,0.4247939305836327,0.4247939305836327,0,1
rolling5_annual20,2528,2021-06-25,2021-07-05,-0.0342297962734196,2021,2020-12-31,learned_order_extension,20260911,0.40325405625265054,0.40325405625265054,0,0
rolling5_annual20,2533,2021-07-02,2021-07-12,0.0068193733271841,2021,2020-12-31,learned_order_extension,20260911,0.4870314747634348,0.4870314747634348,0,1
rolling5_annual20,2538,2021-07-09,2021-07-19,-0.0048254045313779,2021,2020-12-31,learned_order_extension,20260911,0.18885603482317434,0.18885603482317434,0,0
rolling5_annual20,2543,2021-07-16,2021-07-26,-0.0032299118953994,2021,2020-12-31,learned_order_extension,20260911,0.3017342200602158,0.3017342200602158,0,0
rolling5_annual20,2548,2021-07-23,2021-08-02,-0.0537740931579083,2021,2020-12-31,learned_order_extension,20260911,0.36810694455242254,0.36810694455242254,0,0
rolling5_annual20,2553,2021-07-30,2021-08-09,0.019904813945049,2021,2020-12-31,learned_order_extension,20260911,0.551068322085785,0.551068322085785,1,1
rolling5_annual20,2558,2021-08-06,2021-08-16,0.0093369268709639,2021,2020-12-31,learned_order_extension,20260911,0.5976356202999715,0.5976356202999715,1,1
rolling5_annual20,2563,2021-08-13,2021-08-23,-0.032048736608373,2021,2020-12-31,learned_order_extension,20260911,0.6460173631921735,0.6460173631921735,1,0
rolling5_annual20,2568,2021-08-20,2021-08-30,0.0145047962107527,2021,2020-12-31,learned_order_extension,20260911,0.4599800330212217,0.4599800330212217,0,1
rolling5_annual20,2573,2021-08-27,2021-09-06,-0.0012316820816045,2021,2020-12-31,learned_order_extension,20260911,0.8227439473299855,0.8227439473299855,1,0
rolling5_annual20,2578,2021-09-03,2021-09-13,0.0342301066295398,2021,2020-12-31,learned_order_extension,20260911,0.7764255721144454,0.7764255721144454,1,1
rolling5_annual20,2583,2021-09-10,2021-09-22,-0.0471441667981554,2021,2020-12-31,learned_order_extension,20260911,0.7513357425734236,0.7513357425734236,1,0
rolling5_annual20,2588,2021-09-17,2021-09-28,0.0209863060789441,2021,2020-12-31,learned_order_extension,20260911,0.7836614478285994,0.7836614478285994,1,1
rolling5_annual20,2591,2021-09-24,2021-10-11,0.0144615416200457,2021,2020-12-31,learned_order_extension,20260911,0.6693079201625165,0.6693079201625165,1,1
rolling5_annual20,2596,2021-10-08,2021-10-18,-0.0038006269617851,2021,2020-12-31,learned_order_extension,20260911,0.9147819069976973,0.9147819069976973,1,0
rolling5_annual20,2601,2021-10-15,2021-10-25,0.0037358989621147,2021,2020-12-31,learned_order_extension,20260911,0.8517574469574731,0.8517574469574731,1,1
rolling5_annual20,2606,2021-10-22,2021-11-01,-0.0127041632091318,2021,2020-12-31,learned_order_extension,20260911,0.6154285400261708,0.6154285400261708,1,0
rolling5_annual20,2611,2021-10-29,2021-11-08,-0.0075807737801166,2021,2020-12-31,learned_order_extension,20260911,0.8907785475547534,0.8907785475547534,1,0
rolling5_annual20,2616,2021-11-05,2021-11-15,0.0110015182343039,2021,2020-12-31,learned_order_extension,20260911,0.7990810555097849,0.7990810555097849,1,1
rolling5_annual20,2621,2021-11-12,2021-11-22,0.0002002284238551,2021,2020-12-31,learned_order_extension,20260911,0.8960874331639135,0.8960874331639135,1,1
rolling5_annual20,2626,2021-11-19,2021-11-29,-0.0153981603100059,2021,2020-12-31,learned_order_extension,20260911,0.8006062899104016,0.8006062899104016,1,0
rolling5_annual20,2631,2021-11-26,2021-12-06,0.0185518287306458,2021,2020-12-31,learned_order_extension,20260911,0.893587178645622,0.893587178645622,1,1
rolling5_annual20,2636,2021-12-03,2021-12-13,0.0367843110096284,2021,2020-12-31,learned_order_extension,20260911,0.6611268686227788,0.6611268686227788,1,1
rolling5_annual20,2641,2021-12-10,2021-12-20,-0.0304615698955996,2021,2020-12-31,learned_order_extension,20260911,0.6790175452231214,0.6790175452231214,1,0
rolling5_annual20,2646,2021-12-17,2021-12-27,-0.0034083287233763,2021,2020-12-31,learned_order_extension,20260911,0.8684853861974482,0.8684853861974482,1,0
rolling5_annual20,2651,2021-12-24,2022-01-04,0.0080985736506613,2021,2020-12-31,learned_order_extension,20260911,0.6637992247007115,0.6637992247007115,1,1
rolling5_annual20,2656,2021-12-31,2022-01-10,-0.0293970528320001,2021,2020-12-31,learned_order_extension,20260911,0.8513666174941731,0.8513666174941731,1,0
rolling5_annual20,2418,2021-01-08,2021-01-18,-0.0120052904669853,2021,2020-12-31,learned_order_offset,20260911,0.46966493933917947,0.46966493933917947,0,0
rolling5_annual20,2423,2021-01-15,2021-01-25,0.0231622460538123,2021,2020-12-31,learned_order_offset,20260911,0.30026263179565904,0.30026263179565904,0,1
rolling5_annual20,2428,2021-01-22,2021-02-01,-0.0372511735907923,2021,2020-12-31,learned_order_offset,20260911,0.47083079059127375,0.47083079059127375,0,0
rolling5_annual20,2433,2021-01-29,2021-02-08,0.0278689901714626,2021,2020-12-31,learned_order_offset,20260911,0.3308151678188049,0.3308151678188049,0,1
rolling5_annual20,2438,2021-02-05,2021-02-22,0.0507379035040882,2021,2020-12-31,learned_order_offset,20260911,0.5458888183275549,0.5458888183275549,1,1
rolling5_annual20,2443,2021-02-19,2021-03-01,-0.0684918010685315,2021,2020-12-31,learned_order_offset,20260911,0.4238553224614908,0.4238553224614908,0,0
rolling5_annual20,2448,2021-02-26,2021-03-08,-0.0165997123904068,2021,2020-12-31,learned_order_offset,20260911,0.4840844360242453,0.4840844360242453,0,0
rolling5_annual20,2453,2021-03-05,2021-03-15,-0.0346560901469681,2021,2020-12-31,learned_order_offset,20260911,0.34642186749779336,0.34642186749779336,0,0
rolling5_annual20,2458,2021-03-12,2021-03-22,-0.0210550182560221,2021,2020-12-31,learned_order_offset,20260911,0.23704081021871007,0.23704081021871007,0,0
rolling5_annual20,2463,2021-03-19,2021-03-29,0.0087572877565691,2021,2020-12-31,learned_order_offset,20260911,0.5312704874985703,0.5312704874985703,1,1
rolling5_annual20,2468,2021-03-26,2021-04-06,0.0250145479448802,2021,2020-12-31,learned_order_offset,20260911,0.48113132203479025,0.48113132203479025,0,1
rolling5_annual20,2473,2021-04-02,2021-04-12,-0.0292856811827044,2021,2020-12-31,learned_order_offset,20260911,0.6426571671723265,0.6426571671723265,1,0
rolling5_annual20,2477,2021-04-09,2021-04-19,-0.0120489836840408,2021,2020-12-31,learned_order_offset,20260911,0.5170676205088839,0.5170676205088839,1,0
rolling5_annual20,2482,2021-04-16,2021-04-26,0.0382932540809155,2021,2020-12-31,learned_order_offset,20260911,0.45037422792655746,0.45037422792655746,0,1
rolling5_annual20,2487,2021-04-23,2021-05-06,-0.0112070185917437,2021,2020-12-31,learned_order_offset,20260911,0.5047827959577951,0.5047827959577951,1,0
rolling5_annual20,2492,2021-04-30,2021-05-12,-0.0190946889464188,2021,2020-12-31,learned_order_offset,20260911,0.7084828106212467,0.7084828106212467,1,0
rolling5_annual20,2494,2021-05-07,2021-05-17,0.0227674429764228,2021,2020-12-31,learned_order_offset,20260911,0.7798146116297984,0.7798146116297984,1,1
rolling5_annual20,2499,2021-05-14,2021-05-24,0.0045940519733895,2021,2020-12-31,learned_order_offset,20260911,0.39380849753299824,0.39380849753299824,0,1
rolling5_annual20,2504,2021-05-21,2021-05-31,0.0348855085126711,2021,2020-12-31,learned_order_offset,20260911,0.6027515999296177,0.6027515999296177,1,1
rolling5_annual20,2509,2021-05-28,2021-06-07,-0.0062409741861724,2021,2020-12-31,learned_order_offset,20260911,0.5597480832986254,0.5597480832986254,1,0
rolling5_annual20,2514,2021-06-04,2021-06-15,-0.0125508761771767,2021,2020-12-31,learned_order_offset,20260911,0.41739120526524837,0.41739120526524837,0,0
rolling5_annual20,2519,2021-06-11,2021-06-21,-0.0250011497424577,2021,2020-12-31,learned_order_offset,20260911,0.1959833797723796,0.1959833797723796,0,0
rolling5_annual20,2523,2021-06-18,2021-06-28,0.0325308711127356,2021,2020-12-31,learned_order_offset,20260911,0.42516594768657723,0.42516594768657723,0,1
rolling5_annual20,2528,2021-06-25,2021-07-05,-0.0342297962734196,2021,2020-12-31,learned_order_offset,20260911,0.40512520197902574,0.40512520197902574,0,0
rolling5_annual20,2533,2021-07-02,2021-07-12,0.0068193733271841,2021,2020-12-31,learned_order_offset,20260911,0.48834019247779775,0.48834019247779775,0,1
rolling5_annual20,2538,2021-07-09,2021-07-19,-0.0048254045313779,2021,2020-12-31,learned_order_offset,20260911,0.1899218857560688,0.1899218857560688,0,0
rolling5_annual20,2543,2021-07-16,2021-07-26,-0.0032299118953994,2021,2020-12-31,learned_order_offset,20260911,0.30227219210751677,0.30227219210751677,0,0
rolling5_annual20,2548,2021-07-23,2021-08-02,-0.0537740931579083,2021,2020-12-31,learned_order_offset,20260911,0.3682876710362575,0.3682876710362575,0,0
rolling5_annual20,2553,2021-07-30,2021-08-09,0.019904813945049,2021,2020-12-31,learned_order_offset,20260911,0.5493128567304749,0.5493128567304749,1,1
rolling5_annual20,2558,2021-08-06,2021-08-16,0.0093369268709639,2021,2020-12-31,learned_order_offset,20260911,0.5952755431654839,0.5952755431654839,1,1
rolling5_annual20,2563,2021-08-13,2021-08-23,-0.032048736608373,2021,2020-12-31,learned_order_offset,20260911,0.6435678005185,0.6435678005185,1,0
rolling5_annual20,2568,2021-08-20,2021-08-30,0.0145047962107527,2021,2020-12-31,learned_order_offset,20260911,0.45941912601595664,0.45941912601595664,0,1
rolling5_annual20,2573,2021-08-27,2021-09-06,-0.0012316820816045,2021,2020-12-31,learned_order_offset,20260911,0.8199221886042931,0.8199221886042931,1,0
rolling5_annual20,2578,2021-09-03,2021-09-13,0.0342301066295398,2021,2020-12-31,learned_order_offset,20260911,0.7736884948382853,0.7736884948382853,1,1
rolling5_annual20,2583,2021-09-10,2021-09-22,-0.0471441667981554,2021,2020-12-31,learned_order_offset,20260911,0.7486660391902702,0.7486660391902702,1,0
rolling5_annual20,2588,2021-09-17,2021-09-28,0.0209863060789441,2021,2020-12-31,learned_order_offset,20260911,0.7812035509395332,0.7812035509395332,1,1
rolling5_annual20,2591,2021-09-24,2021-10-11,0.0144615416200457,2021,2020-12-31,learned_order_offset,20260911,0.6670102925222845,0.6670102925222845,1,1
rolling5_annual20,2596,2021-10-08,2021-10-18,-0.0038006269617851,2021,2020-12-31,learned_order_offset,20260911,0.9142972109372612,0.9142972109372612,1,0
rolling5_annual20,2601,2021-10-15,2021-10-25,0.0037358989621147,2021,2020-12-31,learned_order_offset,20260911,0.8514946837763709,0.8514946837763709,1,1
rolling5_annual20,2606,2021-10-22,2021-11-01,-0.0127041632091318,2021,2020-12-31,learned_order_offset,20260911,0.6153835261273471,0.6153835261273471,1,0
rolling5_annual20,2611,2021-10-29,2021-11-08,-0.0075807737801166,2021,2020-12-31,learned_order_offset,20260911,0.8905919911114152,0.8905919911114152,1,0
rolling5_annual20,2616,2021-11-05,2021-11-15,0.0110015182343039,2021,2020-12-31,learned_order_offset,20260911,0.7978265534432464,0.7978265534432464,1,1
rolling5_annual20,2621,2021-11-12,2021-11-22,0.0002002284238551,2021,2020-12-31,learned_order_offset,20260911,0.8952774170529411,0.8952774170529411,1,1
rolling5_annual20,2626,2021-11-19,2021-11-29,-0.0153981603100059,2021,2020-12-31,learned_order_offset,20260911,0.7999840840098098,0.7999840840098098,1,0
rolling5_annual20,2631,2021-11-26,2021-12-06,0.0185518287306458,2021,2020-12-31,learned_order_offset,20260911,0.8929926071982257,0.8929926071982257,1,1
rolling5_annual20,2636,2021-12-03,2021-12-13,0.0367843110096284,2021,2020-12-31,learned_order_offset,20260911,0.6617706981211336,0.6617706981211336,1,1
rolling5_annual20,2641,2021-12-10,2021-12-20,-0.0304615698955996,2021,2020-12-31,learned_order_offset,20260911,0.6793586467002075,0.6793586467002075,1,0
rolling5_annual20,2646,2021-12-17,2021-12-27,-0.0034083287233763,2021,2020-12-31,learned_order_offset,20260911,0.8677053304579374,0.8677053304579374,1,0
rolling5_annual20,2651,2021-12-24,2022-01-04,0.0080985736506613,2021,2020-12-31,learned_order_offset,20260911,0.6618536694473734,0.6618536694473734,1,1
rolling5_annual20,2656,2021-12-31,2022-01-10,-0.0293970528320001,2021,2020-12-31,learned_order_offset,20260911,0.8504487860668164,0.8504487860668164,1,0
rolling5_annual20,2418,2021-01-08,2021-01-18,-0.0120052904669853,2021,2020-12-31,native_mse,20260911,0.008552411017393067,,1,0
rolling5_annual20,2423,2021-01-15,2021-01-25,0.0231622460538123,2021,2020-12-31,native_mse,20260911,0.004218820233000888,,1,1
rolling5_annual20,2428,2021-01-22,2021-02-01,-0.0372511735907923,2021,2020-12-31,native_mse,20260911,0.004959951689017089,,1,0
rolling5_annual20,2433,2021-01-29,2021-02-08,0.0278689901714626,2021,2020-12-31,native_mse,20260911,-0.006242641410233065,,0,1
rolling5_annual20,2438,2021-02-05,2021-02-22,0.0507379035040882,2021,2020-12-31,native_mse,20260911,0.0007951359987466982,,1,1
rolling5_annual20,2443,2021-02-19,2021-03-01,-0.0684918010685315,2021,2020-12-31,native_mse,20260911,-0.0016330918552967294,,0,0
rolling5_annual20,2448,2021-02-26,2021-03-08,-0.0165997123904068,2021,2020-12-31,native_mse,20260911,-0.00533638880364651,,0,0
rolling5_annual20,2453,2021-03-05,2021-03-15,-0.0346560901469681,2021,2020-12-31,native_mse,20260911,-0.011674592766508288,,0,0
rolling5_annual20,2458,2021-03-12,2021-03-22,-0.0210550182560221,2021,2020-12-31,native_mse,20260911,-0.007847066861436623,,0,0
rolling5_annual20,2463,2021-03-19,2021-03-29,0.0087572877565691,2021,2020-12-31,native_mse,20260911,-0.0039060339233599494,,0,1
rolling5_annual20,2468,2021-03-26,2021-04-06,0.0250145479448802,2021,2020-12-31,native_mse,20260911,0.0009273635613917179,,1,1
rolling5_annual20,2473,2021-04-02,2021-04-12,-0.0292856811827044,2021,2020-12-31,native_mse,20260911,-0.0027355840325147787,,0,0
rolling5_annual20,2477,2021-04-09,2021-04-19,-0.0120489836840408,2021,2020-12-31,native_mse,20260911,-0.0036343506408249315,,0,0
rolling5_annual20,2482,2021-04-16,2021-04-26,0.0382932540809155,2021,2020-12-31,native_mse,20260911,-0.0006724515978878938,,0,1
rolling5_annual20,2487,2021-04-23,2021-05-06,-0.0112070185917437,2021,2020-12-31,native_mse,20260911,0.0055289088739753755,,1,0
rolling5_annual20,2492,2021-04-30,2021-05-12,-0.0190946889464188,2021,2020-12-31,native_mse,20260911,0.0033327575219957396,,1,0
rolling5_annual20,2494,2021-05-07,2021-05-17,0.0227674429764228,2021,2020-12-31,native_mse,20260911,0.0021669511395786133,,1,1
rolling5_annual20,2499,2021-05-14,2021-05-24,0.0045940519733895,2021,2020-12-31,native_mse,20260911,0.0011114542693073139,,1,1
rolling5_annual20,2504,2021-05-21,2021-05-31,0.0348855085126711,2021,2020-12-31,native_mse,20260911,0.008400289317996804,,1,1
rolling5_annual20,2509,2021-05-28,2021-06-07,-0.0062409741861724,2021,2020-12-31,native_mse,20260911,0.0007953145198423817,,1,0
rolling5_annual20,2514,2021-06-04,2021-06-15,-0.0125508761771767,2021,2020-12-31,native_mse,20260911,-0.007020166164517651,,0,0
rolling5_annual20,2519,2021-06-11,2021-06-21,-0.0250011497424577,2021,2020-12-31,native_mse,20260911,-0.008619872591947365,,0,0
rolling5_annual20,2523,2021-06-18,2021-06-28,0.0325308711127356,2021,2020-12-31,native_mse,20260911,-0.008791375820448139,,0,1
rolling5_annual20,2528,2021-06-25,2021-07-05,-0.0342297962734196,2021,2020-12-31,native_mse,20260911,-0.008045520831514462,,0,0
rolling5_annual20,2533,2021-07-02,2021-07-12,0.0068193733271841,2021,2020-12-31,native_mse,20260911,-0.007174844548354277,,0,1
rolling5_annual20,2538,2021-07-09,2021-07-19,-0.0048254045313779,2021,2020-12-31,native_mse,20260911,-0.015340492927170088,,0,0
rolling5_annual20,2543,2021-07-16,2021-07-26,-0.0032299118953994,2021,2020-12-31,native_mse,20260911,-0.005208717730643443,,0,0
rolling5_annual20,2548,2021-07-23,2021-08-02,-0.0537740931579083,2021,2020-12-31,native_mse,20260911,-0.005850917345567664,,0,0
rolling5_annual20,2553,2021-07-30,2021-08-09,0.019904813945049,2021,2020-12-31,native_mse,20260911,-0.0028205260505218244,,0,1
rolling5_annual20,2558,2021-08-06,2021-08-16,0.0093369268709639,2021,2020-12-31,native_mse,20260911,0.0007831311211854701,,1,1
rolling5_annual20,2563,2021-08-13,2021-08-23,-0.032048736608373,2021,2020-12-31,native_mse,20260911,-0.0005906639308137641,,0,0
rolling5_annual20,2568,2021-08-20,2021-08-30,0.0145047962107527,2021,2020-12-31,native_mse,20260911,-0.004641917146108556,,0,1
rolling5_annual20,2573,2021-08-27,2021-09-06,-0.0012316820816045,2021,2020-12-31,native_mse,20260911,0.014579973106645959,,1,0
rolling5_annual20,2578,2021-09-03,2021-09-13,0.0342301066295398,2021,2020-12-31,native_mse,20260911,0.008593989010996025,,1,1
rolling5_annual20,2583,2021-09-10,2021-09-22,-0.0471441667981554,2021,2020-12-31,native_mse,20260911,0.008313547741757724,,1,0
rolling5_annual20,2588,2021-09-17,2021-09-28,0.0209863060789441,2021,2020-12-31,native_mse,20260911,0.01165935650344279,,1,1
rolling5_annual20,2591,2021-09-24,2021-10-11,0.0144615416200457,2021,2020-12-31,native_mse,20260911,0.005518532924551857,,1,1
rolling5_annual20,2596,2021-10-08,2021-10-18,-0.0038006269617851,2021,2020-12-31,native_mse,20260911,0.012263523541426666,,1,0
rolling5_annual20,2601,2021-10-15,2021-10-25,0.0037358989621147,2021,2020-12-31,native_mse,20260911,0.005744974739242532,,1,1
rolling5_annual20,2606,2021-10-22,2021-11-01,-0.0127041632091318,2021,2020-12-31,native_mse,20260911,-0.002876912071818175,,0,0
rolling5_annual20,2611,2021-10-29,2021-11-08,-0.0075807737801166,2021,2020-12-31,native_mse,20260911,0.007299876265916085,,1,0
rolling5_annual20,2616,2021-11-05,2021-11-15,0.0110015182343039,2021,2020-12-31,native_mse,20260911,0.01509194783358179,,1,1
rolling5_annual20,2621,2021-11-12,2021-11-22,0.0002002284238551,2021,2020-12-31,native_mse,20260911,0.015091062401740971,,1,1
rolling5_annual20,2626,2021-11-19,2021-11-29,-0.0153981603100059,2021,2020-12-31,native_mse,20260911,0.0038828482450291406,,1,0
rolling5_annual20,2631,2021-11-26,2021-12-06,0.0185518287306458,2021,2020-12-31,native_mse,20260911,0.012319022901115752,,1,1
rolling5_annual20,2636,2021-12-03,2021-12-13,0.0367843110096284,2021,2020-12-31,native_mse,20260911,-0.0032795392457900994,,0,1
rolling5_annual20,2641,2021-12-10,2021-12-20,-0.0304615698955996,2021,2020-12-31,native_mse,20260911,0.0011267436480836153,,1,0
rolling5_annual20,2646,2021-12-17,2021-12-27,-0.0034083287233763,2021,2020-12-31,native_mse,20260911,0.009051863032613542,,1,0
rolling5_annual20,2651,2021-12-24,2022-01-04,0.0080985736506613,2021,2020-12-31,native_mse,20260911,0.011692479032888078,,1,1
rolling5_annual20,2656,2021-12-31,2022-01-10,-0.0293970528320001,2021,2020-12-31,native_mse,20260911,0.0061027978323025915,,1,0
rolling5_annual20,2418,2021-01-08,2021-01-18,-0.0120052904669853,2021,2020-12-31,learned_market,20260912,0.49622809203697066,0.49622809203697066,0,0
rolling5_annual20,2423,2021-01-15,2021-01-25,0.0231622460538123,2021,2020-12-31,learned_market,20260912,0.30299511780142024,0.30299511780142024,0,1
rolling5_annual20,2428,2021-01-22,2021-02-01,-0.0372511735907923,2021,2020-12-31,learned_market,20260912,0.2926269390741677,0.2926269390741677,0,0
rolling5_annual20,2433,2021-01-29,2021-02-08,0.0278689901714626,2021,2020-12-31,learned_market,20260912,0.4834854236532544,0.4834854236532544,0,1
rolling5_annual20,2438,2021-02-05,2021-02-22,0.0507379035040882,2021,2020-12-31,learned_market,20260912,0.5449307431156443,0.5449307431156443,1,1
rolling5_annual20,2443,2021-02-19,2021-03-01,-0.0684918010685315,2021,2020-12-31,learned_market,20260912,0.37156624296606255,0.37156624296606255,0,0
rolling5_annual20,2448,2021-02-26,2021-03-08,-0.0165997123904068,2021,2020-12-31,learned_market,20260912,0.5679579035959068,0.5679579035959068,1,0
rolling5_annual20,2453,2021-03-05,2021-03-15,-0.0346560901469681,2021,2020-12-31,learned_market,20260912,0.4912573433049491,0.4912573433049491,0,0
rolling5_annual20,2458,2021-03-12,2021-03-22,-0.0210550182560221,2021,2020-12-31,learned_market,20260912,0.4975950072849539,0.4975950072849539,0,0
rolling5_annual20,2463,2021-03-19,2021-03-29,0.0087572877565691,2021,2020-12-31,learned_market,20260912,0.4862560848839745,0.4862560848839745,0,1
rolling5_annual20,2468,2021-03-26,2021-04-06,0.0250145479448802,2021,2020-12-31,learned_market,20260912,0.5757817923341705,0.5757817923341705,1,1
rolling5_annual20,2473,2021-04-02,2021-04-12,-0.0292856811827044,2021,2020-12-31,learned_market,20260912,0.56297665502886,0.56297665502886,1,0
rolling5_annual20,2477,2021-04-09,2021-04-19,-0.0120489836840408,2021,2020-12-31,learned_market,20260912,0.6833728945724409,0.6833728945724409,1,0
rolling5_annual20,2482,2021-04-16,2021-04-26,0.0382932540809155,2021,2020-12-31,learned_market,20260912,0.6069844199651692,0.6069844199651692,1,1
rolling5_annual20,2487,2021-04-23,2021-05-06,-0.0112070185917437,2021,2020-12-31,learned_market,20260912,0.6957153692040717,0.6957153692040717,1,0
rolling5_annual20,2492,2021-04-30,2021-05-12,-0.0190946889464188,2021,2020-12-31,learned_market,20260912,0.49572812581073494,0.49572812581073494,0,0
rolling5_annual20,2494,2021-05-07,2021-05-17,0.0227674429764228,2021,2020-12-31,learned_market,20260912,0.5923668300862341,0.5923668300862341,1,1
rolling5_annual20,2499,2021-05-14,2021-05-24,0.0045940519733895,2021,2020-12-31,learned_market,20260912,0.5283594579480488,0.5283594579480488,1,1
rolling5_annual20,2504,2021-05-21,2021-05-31,0.0348855085126711,2021,2020-12-31,learned_market,20260912,0.6202700684440092,0.6202700684440092,1,1
rolling5_annual20,2509,2021-05-28,2021-06-07,-0.0062409741861724,2021,2020-12-31,learned_market,20260912,0.5014076959249572,0.5014076959249572,1,0
rolling5_annual20,2514,2021-06-04,2021-06-15,-0.0125508761771767,2021,2020-12-31,learned_market,20260912,0.32971545266050545,0.32971545266050545,0,0
rolling5_annual20,2519,2021-06-11,2021-06-21,-0.0250011497424577,2021,2020-12-31,learned_market,20260912,0.4358470115181578,0.4358470115181578,0,0
rolling5_annual20,2523,2021-06-18,2021-06-28,0.0325308711127356,2021,2020-12-31,learned_market,20260912,0.39660974147357,0.39660974147357,0,1
rolling5_annual20,2528,2021-06-25,2021-07-05,-0.0342297962734196,2021,2020-12-31,learned_market,20260912,0.2996275446219084,0.2996275446219084,0,0
rolling5_annual20,2533,2021-07-02,2021-07-12,0.0068193733271841,2021,2020-12-31,learned_market,20260912,0.5151635455277491,0.5151635455277491,1,1
rolling5_annual20,2538,2021-07-09,2021-07-19,-0.0048254045313779,2021,2020-12-31,learned_market,20260912,0.6207119283283139,0.6207119283283139,1,0
rolling5_annual20,2543,2021-07-16,2021-07-26,-0.0032299118953994,2021,2020-12-31,learned_market,20260912,0.49005551482262627,0.49005551482262627,0,0
rolling5_annual20,2548,2021-07-23,2021-08-02,-0.0537740931579083,2021,2020-12-31,learned_market,20260912,0.6154753433492549,0.6154753433492549,1,0
rolling5_annual20,2553,2021-07-30,2021-08-09,0.019904813945049,2021,2020-12-31,learned_market,20260912,0.5234204191777538,0.5234204191777538,1,1
rolling5_annual20,2558,2021-08-06,2021-08-16,0.0093369268709639,2021,2020-12-31,learned_market,20260912,0.5141172877385481,0.5141172877385481,1,1
rolling5_annual20,2563,2021-08-13,2021-08-23,-0.032048736608373,2021,2020-12-31,learned_market,20260912,0.799712207667327,0.799712207667327,1,0
rolling5_annual20,2568,2021-08-20,2021-08-30,0.0145047962107527,2021,2020-12-31,learned_market,20260912,0.6945524744678218,0.6945524744678218,1,1
rolling5_annual20,2573,2021-08-27,2021-09-06,-0.0012316820816045,2021,2020-12-31,learned_market,20260912,0.650209110265474,0.650209110265474,1,0
rolling5_annual20,2578,2021-09-03,2021-09-13,0.0342301066295398,2021,2020-12-31,learned_market,20260912,0.5845335348210389,0.5845335348210389,1,1
rolling5_annual20,2583,2021-09-10,2021-09-22,-0.0471441667981554,2021,2020-12-31,learned_market,20260912,0.5978406592956743,0.5978406592956743,1,0
rolling5_annual20,2588,2021-09-17,2021-09-28,0.0209863060789441,2021,2020-12-31,learned_market,20260912,0.5426754501942058,0.5426754501942058,1,1
rolling5_annual20,2591,2021-09-24,2021-10-11,0.0144615416200457,2021,2020-12-31,learned_market,20260912,0.43126701380981713,0.43126701380981713,0,1
rolling5_annual20,2596,2021-10-08,2021-10-18,-0.0038006269617851,2021,2020-12-31,learned_market,20260912,0.6941559587516039,0.6941559587516039,1,0
rolling5_annual20,2601,2021-10-15,2021-10-25,0.0037358989621147,2021,2020-12-31,learned_market,20260912,0.5572300046897983,0.5572300046897983,1,1
rolling5_annual20,2606,2021-10-22,2021-11-01,-0.0127041632091318,2021,2020-12-31,learned_market,20260912,0.6299600436601378,0.6299600436601378,1,0
rolling5_annual20,2611,2021-10-29,2021-11-08,-0.0075807737801166,2021,2020-12-31,learned_market,20260912,0.464512357293061,0.464512357293061,0,0
rolling5_annual20,2616,2021-11-05,2021-11-15,0.0110015182343039,2021,2020-12-31,learned_market,20260912,0.508116852058366,0.508116852058366,1,1
rolling5_annual20,2621,2021-11-12,2021-11-22,0.0002002284238551,2021,2020-12-31,learned_market,20260912,0.6443350708781979,0.6443350708781979,1,1
rolling5_annual20,2626,2021-11-19,2021-11-29,-0.0153981603100059,2021,2020-12-31,learned_market,20260912,0.6693433688568049,0.6693433688568049,1,0
rolling5_annual20,2631,2021-11-26,2021-12-06,0.0185518287306458,2021,2020-12-31,learned_market,20260912,0.4564357929986235,0.4564357929986235,0,1
rolling5_annual20,2636,2021-12-03,2021-12-13,0.0367843110096284,2021,2020-12-31,learned_market,20260912,0.41978771600214365,0.41978771600214365,0,1
rolling5_annual20,2641,2021-12-10,2021-12-20,-0.0304615698955996,2021,2020-12-31,learned_market,20260912,0.6271976821534841,0.6271976821534841,1,0
rolling5_annual20,2646,2021-12-17,2021-12-27,-0.0034083287233763,2021,2020-12-31,learned_market,20260912,0.6038032181672566,0.6038032181672566,1,0
rolling5_annual20,2651,2021-12-24,2022-01-04,0.0080985736506613,2021,2020-12-31,learned_market,20260912,0.46482306192949696,0.46482306192949696,0,1
rolling5_annual20,2656,2021-12-31,2022-01-10,-0.0293970528320001,2021,2020-12-31,learned_market,20260912,0.6466363276154498,0.6466363276154498,1,0
rolling5_annual20,2418,2021-01-08,2021-01-18,-0.0120052904669853,2021,2020-12-31,learned_vol_interaction,20260912,0.49620713842529096,0.49620713842529096,0,0
rolling5_annual20,2423,2021-01-15,2021-01-25,0.0231622460538123,2021,2020-12-31,learned_vol_interaction,20260912,0.30370534508378266,0.30370534508378266,0,1
rolling5_annual20,2428,2021-01-22,2021-02-01,-0.0372511735907923,2021,2020-12-31,learned_vol_interaction,20260912,0.2931342483584557,0.2931342483584557,0,0
rolling5_annual20,2433,2021-01-29,2021-02-08,0.0278689901714626,2021,2020-12-31,learned_vol_interaction,20260912,0.4851476188516167,0.4851476188516167,0,1
rolling5_annual20,2438,2021-02-05,2021-02-22,0.0507379035040882,2021,2020-12-31,learned_vol_interaction,20260912,0.5455559755252699,0.5455559755252699,1,1
rolling5_annual20,2443,2021-02-19,2021-03-01,-0.0684918010685315,2021,2020-12-31,learned_vol_interaction,20260912,0.37201410439640853,0.37201410439640853,0,0
rolling5_annual20,2448,2021-02-26,2021-03-08,-0.0165997123904068,2021,2020-12-31,learned_vol_interaction,20260912,0.5647303221106473,0.5647303221106473,1,0
rolling5_annual20,2453,2021-03-05,2021-03-15,-0.0346560901469681,2021,2020-12-31,learned_vol_interaction,20260912,0.4925362885158211,0.4925362885158211,0,0
rolling5_annual20,2458,2021-03-12,2021-03-22,-0.0210550182560221,2021,2020-12-31,learned_vol_interaction,20260912,0.5001941106115585,0.5001941106115585,1,0
rolling5_annual20,2463,2021-03-19,2021-03-29,0.0087572877565691,2021,2020-12-31,learned_vol_interaction,20260912,0.4917119078225818,0.4917119078225818,0,1
rolling5_annual20,2468,2021-03-26,2021-04-06,0.0250145479448802,2021,2020-12-31,learned_vol_interaction,20260912,0.5754614207160266,0.5754614207160266,1,1
rolling5_annual20,2473,2021-04-02,2021-04-12,-0.0292856811827044,2021,2020-12-31,learned_vol_interaction,20260912,0.5647750064828143,0.5647750064828143,1,0
rolling5_annual20,2477,2021-04-09,2021-04-19,-0.0120489836840408,2021,2020-12-31,learned_vol_interaction,20260912,0.6851225390103307,0.6851225390103307,1,0
rolling5_annual20,2482,2021-04-16,2021-04-26,0.0382932540809155,2021,2020-12-31,learned_vol_interaction,20260912,0.6079794499510633,0.6079794499510633,1,1
rolling5_annual20,2487,2021-04-23,2021-05-06,-0.0112070185917437,2021,2020-12-31,learned_vol_interaction,20260912,0.6970440278111448,0.6970440278111448,1,0
rolling5_annual20,2492,2021-04-30,2021-05-12,-0.0190946889464188,2021,2020-12-31,learned_vol_interaction,20260912,0.49508455771909865,0.49508455771909865,0,0
rolling5_annual20,2494,2021-05-07,2021-05-17,0.0227674429764228,2021,2020-12-31,learned_vol_interaction,20260912,0.5936076847954643,0.5936076847954643,1,1
rolling5_annual20,2499,2021-05-14,2021-05-24,0.0045940519733895,2021,2020-12-31,learned_vol_interaction,20260912,0.5260594519724338,0.5260594519724338,1,1
rolling5_annual20,2504,2021-05-21,2021-05-31,0.0348855085126711,2021,2020-12-31,learned_vol_interaction,20260912,0.6194700609717307,0.6194700609717307,1,1
rolling5_annual20,2509,2021-05-28,2021-06-07,-0.0062409741861724,2021,2020-12-31,learned_vol_interaction,20260912,0.4999311238130264,0.4999311238130264,0,0
rolling5_annual20,2514,2021-06-04,2021-06-15,-0.0125508761771767,2021,2020-12-31,learned_vol_interaction,20260912,0.32963442443266894,0.32963442443266894,0,0
rolling5_annual20,2519,2021-06-11,2021-06-21,-0.0250011497424577,2021,2020-12-31,learned_vol_interaction,20260912,0.43487798405591244,0.43487798405591244,0,0
rolling5_annual20,2523,2021-06-18,2021-06-28,0.0325308711127356,2021,2020-12-31,learned_vol_interaction,20260912,0.39563184997461803,0.39563184997461803,0,1
rolling5_annual20,2528,2021-06-25,2021-07-05,-0.0342297962734196,2021,2020-12-31,learned_vol_interaction,20260912,0.2936971410007611,0.2936971410007611,0,0
rolling5_annual20,2533,2021-07-02,2021-07-12,0.0068193733271841,2021,2020-12-31,learned_vol_interaction,20260912,0.5148668706411704,0.5148668706411704,1,1
rolling5_annual20,2538,2021-07-09,2021-07-19,-0.0048254045313779,2021,2020-12-31,learned_vol_interaction,20260912,0.6186903340218607,0.6186903340218607,1,0
rolling5_annual20,2543,2021-07-16,2021-07-26,-0.0032299118953994,2021,2020-12-31,learned_vol_interaction,20260912,0.4865946477628708,0.4865946477628708,0,0
rolling5_annual20,2548,2021-07-23,2021-08-02,-0.0537740931579083,2021,2020-12-31,learned_vol_interaction,20260912,0.6139762603963855,0.6139762603963855,1,0
rolling5_annual20,2553,2021-07-30,2021-08-09,0.019904813945049,2021,2020-12-31,learned_vol_interaction,20260912,0.5240194778238666,0.5240194778238666,1,1
rolling5_annual20,2558,2021-08-06,2021-08-16,0.0093369268709639,2021,2020-12-31,learned_vol_interaction,20260912,0.5136649464816024,0.5136649464816024,1,1
rolling5_annual20,2563,2021-08-13,2021-08-23,-0.032048736608373,2021,2020-12-31,learned_vol_interaction,20260912,0.7945167952306426,0.7945167952306426,1,0
rolling5_annual20,2568,2021-08-20,2021-08-30,0.0145047962107527,2021,2020-12-31,learned_vol_interaction,20260912,0.6928180790402312,0.6928180790402312,1,1
rolling5_annual20,2573,2021-08-27,2021-09-06,-0.0012316820816045,2021,2020-12-31,learned_vol_interaction,20260912,0.6501421001064899,0.6501421001064899,1,0
rolling5_annual20,2578,2021-09-03,2021-09-13,0.0342301066295398,2021,2020-12-31,learned_vol_interaction,20260912,0.5834223088141877,0.5834223088141877,1,1
rolling5_annual20,2583,2021-09-10,2021-09-22,-0.0471441667981554,2021,2020-12-31,learned_vol_interaction,20260912,0.5980779969137336,0.5980779969137336,1,0
rolling5_annual20,2588,2021-09-17,2021-09-28,0.0209863060789441,2021,2020-12-31,learned_vol_interaction,20260912,0.5427243889928098,0.5427243889928098,1,1
rolling5_annual20,2591,2021-09-24,2021-10-11,0.0144615416200457,2021,2020-12-31,learned_vol_interaction,20260912,0.42884602217775675,0.42884602217775675,0,1
rolling5_annual20,2596,2021-10-08,2021-10-18,-0.0038006269617851,2021,2020-12-31,learned_vol_interaction,20260912,0.695102696328134,0.695102696328134,1,0
rolling5_annual20,2601,2021-10-15,2021-10-25,0.0037358989621147,2021,2020-12-31,learned_vol_interaction,20260912,0.5555453048521898,0.5555453048521898,1,1
rolling5_annual20,2606,2021-10-22,2021-11-01,-0.0127041632091318,2021,2020-12-31,learned_vol_interaction,20260912,0.6315277731833727,0.6315277731833727,1,0
rolling5_annual20,2611,2021-10-29,2021-11-08,-0.0075807737801166,2021,2020-12-31,learned_vol_interaction,20260912,0.46060481961428473,0.46060481961428473,0,0
rolling5_annual20,2616,2021-11-05,2021-11-15,0.0110015182343039,2021,2020-12-31,learned_vol_interaction,20260912,0.5028238020220486,0.5028238020220486,1,1
rolling5_annual20,2621,2021-11-12,2021-11-22,0.0002002284238551,2021,2020-12-31,learned_vol_interaction,20260912,0.6449850400218169,0.6449850400218169,1,1
rolling5_annual20,2626,2021-11-19,2021-11-29,-0.0153981603100059,2021,2020-12-31,learned_vol_interaction,20260912,0.6701888269993593,0.6701888269993593,1,0
rolling5_annual20,2631,2021-11-26,2021-12-06,0.0185518287306458,2021,2020-12-31,learned_vol_interaction,20260912,0.45043317964934776,0.45043317964934776,0,1
rolling5_annual20,2636,2021-12-03,2021-12-13,0.0367843110096284,2021,2020-12-31,learned_vol_interaction,20260912,0.41071461893066585,0.41071461893066585,0,1
rolling5_annual20,2641,2021-12-10,2021-12-20,-0.0304615698955996,2021,2020-12-31,learned_vol_interaction,20260912,0.6266555065384815,0.6266555065384815,1,0
rolling5_annual20,2646,2021-12-17,2021-12-27,-0.0034083287233763,2021,2020-12-31,learned_vol_interaction,20260912,0.6026505934203981,0.6026505934203981,1,0
rolling5_annual20,2651,2021-12-24,2022-01-04,0.0080985736506613,2021,2020-12-31,learned_vol_interaction,20260912,0.46036515762682995,0.46036515762682995,0,1
rolling5_annual20,2656,2021-12-31,2022-01-10,-0.0293970528320001,2021,2020-12-31,learned_vol_interaction,20260912,0.6445590390816363,0.6445590390816363,1,0
rolling5_annual20,2418,2021-01-08,2021-01-18,-0.0120052904669853,2021,2020-12-31,learned_order_extension,20260912,0.4980709373270918,0.4980709373270918,0,0
rolling5_annual20,2423,2021-01-15,2021-01-25,0.0231622460538123,2021,2020-12-31,learned_order_extension,20260912,0.3077801048995167,0.3077801048995167,0,1
rolling5_annual20,2428,2021-01-22,2021-02-01,-0.0372511735907923,2021,2020-12-31,learned_order_extension,20260912,0.2945790953929349,0.2945790953929349,0,0
rolling5_annual20,2433,2021-01-29,2021-02-08,0.0278689901714626,2021,2020-12-31,learned_order_extension,20260912,0.4869306132003812,0.4869306132003812,0,1
rolling5_annual20,2438,2021-02-05,2021-02-22,0.0507379035040882,2021,2020-12-31,learned_order_extension,20260912,0.5470942643821933,0.5470942643821933,1,1
rolling5_annual20,2443,2021-02-19,2021-03-01,-0.0684918010685315,2021,2020-12-31,learned_order_extension,20260912,0.37256373051610003,0.37256373051610003,0,0
rolling5_annual20,2448,2021-02-26,2021-03-08,-0.0165997123904068,2021,2020-12-31,learned_order_extension,20260912,0.5652884202407723,0.5652884202407723,1,0
rolling5_annual20,2453,2021-03-05,2021-03-15,-0.0346560901469681,2021,2020-12-31,learned_order_extension,20260912,0.4938099782773414,0.4938099782773414,0,0
rolling5_annual20,2458,2021-03-12,2021-03-22,-0.0210550182560221,2021,2020-12-31,learned_order_extension,20260912,0.5011342068332141,0.5011342068332141,1,0
rolling5_annual20,2463,2021-03-19,2021-03-29,0.0087572877565691,2021,2020-12-31,learned_order_extension,20260912,0.49318584601318854,0.49318584601318854,0,1
rolling5_annual20,2468,2021-03-26,2021-04-06,0.0250145479448802,2021,2020-12-31,learned_order_extension,20260912,0.5765372992952104,0.5765372992952104,1,1
rolling5_annual20,2473,2021-04-02,2021-04-12,-0.0292856811827044,2021,2020-12-31,learned_order_extension,20260912,0.5661836120897463,0.5661836120897463,1,0
rolling5_annual20,2477,2021-04-09,2021-04-19,-0.0120489836840408,2021,2020-12-31,learned_order_extension,20260912,0.687046194737299,0.687046194737299,1,0
rolling5_annual20,2482,2021-04-16,2021-04-26,0.0382932540809155,2021,2020-12-31,learned_order_extension,20260912,0.6079705501613304,0.6079705501613304,1,1
rolling5_annual20,2487,2021-04-23,2021-05-06,-0.0112070185917437,2021,2020-12-31,learned_order_extension,20260912,0.7001630679827717,0.7001630679827717,1,0
rolling5_annual20,2492,2021-04-30,2021-05-12,-0.0190946889464188,2021,2020-12-31,learned_order_extension,20260912,0.4918375430018398,0.4918375430018398,0,0
rolling5_annual20,2494,2021-05-07,2021-05-17,0.0227674429764228,2021,2020-12-31,learned_order_extension,20260912,0.5924909504537539,0.5924909504537539,1,1
rolling5_annual20,2499,2021-05-14,2021-05-24,0.0045940519733895,2021,2020-12-31,learned_order_extension,20260912,0.5211782975246303,0.5211782975246303,1,1
rolling5_annual20,2504,2021-05-21,2021-05-31,0.0348855085126711,2021,2020-12-31,learned_order_extension,20260912,0.6201148626993727,0.6201148626993727,1,1
rolling5_annual20,2509,2021-05-28,2021-06-07,-0.0062409741861724,2021,2020-12-31,learned_order_extension,20260912,0.49912386449059004,0.49912386449059004,0,0
rolling5_annual20,2514,2021-06-04,2021-06-15,-0.0125508761771767,2021,2020-12-31,learned_order_extension,20260912,0.3220408483503156,0.3220408483503156,0,0
rolling5_annual20,2519,2021-06-11,2021-06-21,-0.0250011497424577,2021,2020-12-31,learned_order_extension,20260912,0.4292917957601971,0.4292917957601971,0,0
rolling5_annual20,2523,2021-06-18,2021-06-28,0.0325308711127356,2021,2020-12-31,learned_order_extension,20260912,0.39019861803489025,0.39019861803489025,0,1
rolling5_annual20,2528,2021-06-25,2021-07-05,-0.0342297962734196,2021,2020-12-31,learned_order_extension,20260912,0.28601239769549003,0.28601239769549003,0,0
rolling5_annual20,2533,2021-07-02,2021-07-12,0.0068193733271841,2021,2020-12-31,learned_order_extension,20260912,0.511988380684367,0.511988380684367,1,1
rolling5_annual20,2538,2021-07-09,2021-07-19,-0.0048254045313779,2021,2020-12-31,learned_order_extension,20260912,0.6213632916420614,0.6213632916420614,1,0
rolling5_annual20,2543,2021-07-16,2021-07-26,-0.0032299118953994,2021,2020-12-31,learned_order_extension,20260912,0.4783021837038135,0.4783021837038135,0,0
rolling5_annual20,2548,2021-07-23,2021-08-02,-0.0537740931579083,2021,2020-12-31,learned_order_extension,20260912,0.6124295217712632,0.6124295217712632,1,0
rolling5_annual20,2553,2021-07-30,2021-08-09,0.019904813945049,2021,2020-12-31,learned_order_extension,20260912,0.5183173735705874,0.5183173735705874,1,1
rolling5_annual20,2558,2021-08-06,2021-08-16,0.0093369268709639,2021,2020-12-31,learned_order_extension,20260912,0.509509202348959,0.509509202348959,1,1
rolling5_annual20,2563,2021-08-13,2021-08-23,-0.032048736608373,2021,2020-12-31,learned_order_extension,20260912,0.7945715828017712,0.7945715828017712,1,0
rolling5_annual20,2568,2021-08-20,2021-08-30,0.0145047962107527,2021,2020-12-31,learned_order_extension,20260912,0.6924411435011819,0.6924411435011819,1,1
rolling5_annual20,2573,2021-08-27,2021-09-06,-0.0012316820816045,2021,2020-12-31,learned_order_extension,20260912,0.6485120883138071,0.6485120883138071,1,0
rolling5_annual20,2578,2021-09-03,2021-09-13,0.0342301066295398,2021,2020-12-31,learned_order_extension,20260912,0.5805757513729569,0.5805757513729569,1,1
rolling5_annual20,2583,2021-09-10,2021-09-22,-0.0471441667981554,2021,2020-12-31,learned_order_extension,20260912,0.5978065821661347,0.5978065821661347,1,0
rolling5_annual20,2588,2021-09-17,2021-09-28,0.0209863060789441,2021,2020-12-31,learned_order_extension,20260912,0.5376103337187045,0.5376103337187045,1,1
rolling5_annual20,2591,2021-09-24,2021-10-11,0.0144615416200457,2021,2020-12-31,learned_order_extension,20260912,0.4159392588263915,0.4159392588263915,0,1
rolling5_annual20,2596,2021-10-08,2021-10-18,-0.0038006269617851,2021,2020-12-31,learned_order_extension,20260912,0.6977983653498382,0.6977983653498382,1,0
rolling5_annual20,2601,2021-10-15,2021-10-25,0.0037358989621147,2021,2020-12-31,learned_order_extension,20260912,0.5511774737639048,0.5511774737639048,1,1
rolling5_annual20,2606,2021-10-22,2021-11-01,-0.0127041632091318,2021,2020-12-31,learned_order_extension,20260912,0.6314497295780248,0.6314497295780248,1,0
rolling5_annual20,2611,2021-10-29,2021-11-08,-0.0075807737801166,2021,2020-12-31,learned_order_extension,20260912,0.4555702872833959,0.4555702872833959,0,0
rolling5_annual20,2616,2021-11-05,2021-11-15,0.0110015182343039,2021,2020-12-31,learned_order_extension,20260912,0.49440987235614653,0.49440987235614653,0,1
rolling5_annual20,2621,2021-11-12,2021-11-22,0.0002002284238551,2021,2020-12-31,learned_order_extension,20260912,0.6457846168027762,0.6457846168027762,1,1
rolling5_annual20,2626,2021-11-19,2021-11-29,-0.0153981603100059,2021,2020-12-31,learned_order_extension,20260912,0.6758557957877199,0.6758557957877199,1,0
rolling5_annual20,2631,2021-11-26,2021-12-06,0.0185518287306458,2021,2020-12-31,learned_order_extension,20260912,0.43384934218808535,0.43384934218808535,0,1
rolling5_annual20,2636,2021-12-03,2021-12-13,0.0367843110096284,2021,2020-12-31,learned_order_extension,20260912,0.40088382776410036,0.40088382776410036,0,1
rolling5_annual20,2641,2021-12-10,2021-12-20,-0.0304615698955996,2021,2020-12-31,learned_order_extension,20260912,0.6273782384824466,0.6273782384824466,1,0
rolling5_annual20,2646,2021-12-17,2021-12-27,-0.0034083287233763,2021,2020-12-31,learned_order_extension,20260912,0.5990729401360653,0.5990729401360653,1,0
rolling5_annual20,2651,2021-12-24,2022-01-04,0.0080985736506613,2021,2020-12-31,learned_order_extension,20260912,0.44993121305292894,0.44993121305292894,0,1
rolling5_annual20,2656,2021-12-31,2022-01-10,-0.0293970528320001,2021,2020-12-31,learned_order_extension,20260912,0.6465331383092103,0.6465331383092103,1,0
rolling5_annual20,2418,2021-01-08,2021-01-18,-0.0120052904669853,2021,2020-12-31,learned_order_offset,20260912,0.4978619856473434,0.4978619856473434,0,0
rolling5_annual20,2423,2021-01-15,2021-01-25,0.0231622460538123,2021,2020-12-31,learned_order_offset,20260912,0.30753172112864313,0.30753172112864313,0,1
rolling5_annual20,2428,2021-01-22,2021-02-01,-0.0372511735907923,2021,2020-12-31,learned_order_offset,20260912,0.29417599189344534,0.29417599189344534,0,0
rolling5_annual20,2433,2021-01-29,2021-02-08,0.0278689901714626,2021,2020-12-31,learned_order_offset,20260912,0.48673077860534075,0.48673077860534075,0,1
rolling5_annual20,2438,2021-02-05,2021-02-22,0.0507379035040882,2021,2020-12-31,learned_order_offset,20260912,0.5468628858044645,0.5468628858044645,1,1
rolling5_annual20,2443,2021-02-19,2021-03-01,-0.0684918010685315,2021,2020-12-31,learned_order_offset,20260912,0.37253784220409425,0.37253784220409425,0,0
rolling5_annual20,2448,2021-02-26,2021-03-08,-0.0165997123904068,2021,2020-12-31,learned_order_offset,20260912,0.5649799919042372,0.5649799919042372,1,0
rolling5_annual20,2453,2021-03-05,2021-03-15,-0.0346560901469681,2021,2020-12-31,learned_order_offset,20260912,0.49348358050186064,0.49348358050186064,0,0
rolling5_annual20,2458,2021-03-12,2021-03-22,-0.0210550182560221,2021,2020-12-31,learned_order_offset,20260912,0.500928953286114,0.500928953286114,1,0
rolling5_annual20,2463,2021-03-19,2021-03-29,0.0087572877565691,2021,2020-12-31,learned_order_offset,20260912,0.493170220106531,0.493170220106531,0,1
rolling5_annual20,2468,2021-03-26,2021-04-06,0.0250145479448802,2021,2020-12-31,learned_order_offset,20260912,0.5766144810517231,0.5766144810517231,1,1
rolling5_annual20,2473,2021-04-02,2021-04-12,-0.0292856811827044,2021,2020-12-31,learned_order_offset,20260912,0.566102470284805,0.566102470284805,1,0
rolling5_annual20,2477,2021-04-09,2021-04-19,-0.0120489836840408,2021,2020-12-31,learned_order_offset,20260912,0.6869015293782829,0.6869015293782829,1,0
rolling5_annual20,2482,2021-04-16,2021-04-26,0.0382932540809155,2021,2020-12-31,learned_order_offset,20260912,0.6078000978596377,0.6078000978596377,1,1
rolling5_annual20,2487,2021-04-23,2021-05-06,-0.0112070185917437,2021,2020-12-31,learned_order_offset,20260912,0.6999268378054232,0.6999268378054232,1,0
rolling5_annual20,2492,2021-04-30,2021-05-12,-0.0190946889464188,2021,2020-12-31,learned_order_offset,20260912,0.49168441153382075,0.49168441153382075,0,0
rolling5_annual20,2494,2021-05-07,2021-05-17,0.0227674429764228,2021,2020-12-31,learned_order_offset,20260912,0.5919092456876717,0.5919092456876717,1,1
rolling5_annual20,2499,2021-05-14,2021-05-24,0.0045940519733895,2021,2020-12-31,learned_order_offset,20260912,0.5203594988625989,0.5203594988625989,1,1
rolling5_annual20,2504,2021-05-21,2021-05-31,0.0348855085126711,2021,2020-12-31,learned_order_offset,20260912,0.6196299438561572,0.6196299438561572,1,1
rolling5_annual20,2509,2021-05-28,2021-06-07,-0.0062409741861724,2021,2020-12-31,learned_order_offset,20260912,0.498513660109647,0.498513660109647,0,0
rolling5_annual20,2514,2021-06-04,2021-06-15,-0.0125508761771767,2021,2020-12-31,learned_order_offset,20260912,0.32211543056065006,0.32211543056065006,0,0
rolling5_annual20,2519,2021-06-11,2021-06-21,-0.0250011497424577,2021,2020-12-31,learned_order_offset,20260912,0.4292652143972748,0.4292652143972748,0,0
rolling5_annual20,2523,2021-06-18,2021-06-28,0.0325308711127356,2021,2020-12-31,learned_order_offset,20260912,0.389839647004703,0.389839647004703,0,1
rolling5_annual20,2528,2021-06-25,2021-07-05,-0.0342297962734196,2021,2020-12-31,learned_order_offset,20260912,0.2857328768925556,0.2857328768925556,0,0
rolling5_annual20,2533,2021-07-02,2021-07-12,0.0068193733271841,2021,2020-12-31,learned_order_offset,20260912,0.5120272781444086,0.5120272781444086,1,1
rolling5_annual20,2538,2021-07-09,2021-07-19,-0.0048254045313779,2021,2020-12-31,learned_order_offset,20260912,0.6210298644444885,0.6210298644444885,1,0
rolling5_annual20,2543,2021-07-16,2021-07-26,-0.0032299118953994,2021,2020-12-31,learned_order_offset,20260912,0.47780664490085595,0.47780664490085595,0,0
rolling5_annual20,2548,2021-07-23,2021-08-02,-0.0537740931579083,2021,2020-12-31,learned_order_offset,20260912,0.6120939315881804,0.6120939315881804,1,0
rolling5_annual20,2553,2021-07-30,2021-08-09,0.019904813945049,2021,2020-12-31,learned_order_offset,20260912,0.5180210270033623,0.5180210270033623,1,1
rolling5_annual20,2558,2021-08-06,2021-08-16,0.0093369268709639,2021,2020-12-31,learned_order_offset,20260912,0.5092578634100278,0.5092578634100278,1,1
rolling5_annual20,2563,2021-08-13,2021-08-23,-0.032048736608373,2021,2020-12-31,learned_order_offset,20260912,0.7940343211531239,0.7940343211531239,1,0
rolling5_annual20,2568,2021-08-20,2021-08-30,0.0145047962107527,2021,2020-12-31,learned_order_offset,20260912,0.6920631539348041,0.6920631539348041,1,1
rolling5_annual20,2573,2021-08-27,2021-09-06,-0.0012316820816045,2021,2020-12-31,learned_order_offset,20260912,0.6483618872645227,0.6483618872645227,1,0
rolling5_annual20,2578,2021-09-03,2021-09-13,0.0342301066295398,2021,2020-12-31,learned_order_offset,20260912,0.5804326441216299,0.5804326441216299,1,1
rolling5_annual20,2583,2021-09-10,2021-09-22,-0.0471441667981554,2021,2020-12-31,learned_order_offset,20260912,0.5974417197776336,0.5974417197776336,1,0
rolling5_annual20,2588,2021-09-17,2021-09-28,0.0209863060789441,2021,2020-12-31,learned_order_offset,20260912,0.5373217574451546,0.5373217574451546,1,1
rolling5_annual20,2591,2021-09-24,2021-10-11,0.0144615416200457,2021,2020-12-31,learned_order_offset,20260912,0.4161001339098918,0.4161001339098918,0,1
rolling5_annual20,2596,2021-10-08,2021-10-18,-0.0038006269617851,2021,2020-12-31,learned_order_offset,20260912,0.6979478393130971,0.6979478393130971,1,0
rolling5_annual20,2601,2021-10-15,2021-10-25,0.0037358989621147,2021,2020-12-31,learned_order_offset,20260912,0.5509092482748328,0.5509092482748328,1,1
rolling5_annual20,2606,2021-10-22,2021-11-01,-0.0127041632091318,2021,2020-12-31,learned_order_offset,20260912,0.6314800730261438,0.6314800730261438,1,0
rolling5_annual20,2611,2021-10-29,2021-11-08,-0.0075807737801166,2021,2020-12-31,learned_order_offset,20260912,0.4556342209286503,0.4556342209286503,0,0
rolling5_annual20,2616,2021-11-05,2021-11-15,0.0110015182343039,2021,2020-12-31,learned_order_offset,20260912,0.4943242193979672,0.4943242193979672,0,1
rolling5_annual20,2621,2021-11-12,2021-11-22,0.0002002284238551,2021,2020-12-31,learned_order_offset,20260912,0.6453907944726573,0.6453907944726573,1,1
rolling5_annual20,2626,2021-11-19,2021-11-29,-0.0153981603100059,2021,2020-12-31,learned_order_offset,20260912,0.6755480100450049,0.6755480100450049,1,0
rolling5_annual20,2631,2021-11-26,2021-12-06,0.0185518287306458,2021,2020-12-31,learned_order_offset,20260912,0.433749464940142,0.433749464940142,0,1
rolling5_annual20,2636,2021-12-03,2021-12-13,0.0367843110096284,2021,2020-12-31,learned_order_offset,20260912,0.40082929584196636,0.40082929584196636,0,1
rolling5_annual20,2641,2021-12-10,2021-12-20,-0.0304615698955996,2021,2020-12-31,learned_order_offset,20260912,0.6269777961806212,0.6269777961806212,1,0
rolling5_annual20,2646,2021-12-17,2021-12-27,-0.0034083287233763,2021,2020-12-31,learned_order_offset,20260912,0.5984618782434332,0.5984618782434332,1,0
rolling5_annual20,2651,2021-12-24,2022-01-04,0.0080985736506613,2021,2020-12-31,learned_order_offset,20260912,0.4493817362197275,0.4493817362197275,0,1
rolling5_annual20,2656,2021-12-31,2022-01-10,-0.0293970528320001,2021,2020-12-31,learned_order_offset,20260912,0.6464286773203256,0.6464286773203256,1,0
rolling5_annual20,2418,2021-01-08,2021-01-18,-0.0120052904669853,2021,2020-12-31,native_mse,20260912,0.001397497585867654,,1,0
rolling5_annual20,2423,2021-01-15,2021-01-25,0.0231622460538123,2021,2020-12-31,native_mse,20260912,0.0006715229500529757,,1,1
rolling5_annual20,2428,2021-01-22,2021-02-01,-0.0372511735907923,2021,2020-12-31,native_mse,20260912,0.0008989216255188498,,1,0
rolling5_annual20,2433,2021-01-29,2021-02-08,0.0278689901714626,2021,2020-12-31,native_mse,20260912,0.0007959764416317159,,1,1
rolling5_annual20,2438,2021-02-05,2021-02-22,0.0507379035040882,2021,2020-12-31,native_mse,20260912,0.0012803740659475327,,1,1
rolling5_annual20,2443,2021-02-19,2021-03-01,-0.0684918010685315,2021,2020-12-31,native_mse,20260912,0.0009133829615551264,,1,0
rolling5_annual20,2448,2021-02-26,2021-03-08,-0.0165997123904068,2021,2020-12-31,native_mse,20260912,0.0013704992420810927,,1,0
rolling5_annual20,2453,2021-03-05,2021-03-15,-0.0346560901469681,2021,2020-12-31,native_mse,20260912,0.0008756814992302536,,1,0
rolling5_annual20,2458,2021-03-12,2021-03-22,-0.0210550182560221,2021,2020-12-31,native_mse,20260912,0.0011757184818956695,,1,0
rolling5_annual20,2463,2021-03-19,2021-03-29,0.0087572877565691,2021,2020-12-31,native_mse,20260912,0.0010792053864410744,,1,1
rolling5_annual20,2468,2021-03-26,2021-04-06,0.0250145479448802,2021,2020-12-31,native_mse,20260912,0.0011499309968955886,,1,1
rolling5_annual20,2473,2021-04-02,2021-04-12,-0.0292856811827044,2021,2020-12-31,native_mse,20260912,0.0010410156043567688,,1,0
rolling5_annual20,2477,2021-04-09,2021-04-19,-0.0120489836840408,2021,2020-12-31,native_mse,20260912,0.0015346227958627386,,1,0
rolling5_annual20,2482,2021-04-16,2021-04-26,0.0382932540809155,2021,2020-12-31,native_mse,20260912,0.001333459240383137,,1,1
rolling5_annual20,2487,2021-04-23,2021-05-06,-0.0112070185917437,2021,2020-12-31,native_mse,20260912,0.0016691075435783544,,1,0
rolling5_annual20,2492,2021-04-30,2021-05-12,-0.0190946889464188,2021,2020-12-31,native_mse,20260912,0.0008697905080337705,,1,0
rolling5_annual20,2494,2021-05-07,2021-05-17,0.0227674429764228,2021,2020-12-31,native_mse,20260912,0.0011496090030479206,,1,1
rolling5_annual20,2499,2021-05-14,2021-05-24,0.0045940519733895,2021,2020-12-31,native_mse,20260912,0.0010483063772099349,,1,1
rolling5_annual20,2504,2021-05-21,2021-05-31,0.0348855085126711,2021,2020-12-31,native_mse,20260912,0.0011439525898009322,,1,1
rolling5_annual20,2509,2021-05-28,2021-06-07,-0.0062409741861724,2021,2020-12-31,native_mse,20260912,0.0011525125328662067,,1,0
rolling5_annual20,2514,2021-06-04,2021-06-15,-0.0125508761771767,2021,2020-12-31,native_mse,20260912,0.0007128828650729158,,1,0
rolling5_annual20,2519,2021-06-11,2021-06-21,-0.0250011497424577,2021,2020-12-31,native_mse,20260912,0.0008407535701623152,,1,0
rolling5_annual20,2523,2021-06-18,2021-06-28,0.0325308711127356,2021,2020-12-31,native_mse,20260912,0.0005295128002944305,,1,1
rolling5_annual20,2528,2021-06-25,2021-07-05,-0.0342297962734196,2021,2020-12-31,native_mse,20260912,0.0004392776625445282,,1,0
rolling5_annual20,2533,2021-07-02,2021-07-12,0.0068193733271841,2021,2020-12-31,native_mse,20260912,0.0008802423955353033,,1,1
rolling5_annual20,2538,2021-07-09,2021-07-19,-0.0048254045313779,2021,2020-12-31,native_mse,20260912,0.001025036941487719,,1,0
rolling5_annual20,2543,2021-07-16,2021-07-26,-0.0032299118953994,2021,2020-12-31,native_mse,20260912,0.0009848540154367372,,1,0
rolling5_annual20,2548,2021-07-23,2021-08-02,-0.0537740931579083,2021,2020-12-31,native_mse,20260912,0.0010837390229232473,,1,0
rolling5_annual20,2553,2021-07-30,2021-08-09,0.019904813945049,2021,2020-12-31,native_mse,20260912,0.0007753634039124927,,1,1
rolling5_annual20,2558,2021-08-06,2021-08-16,0.0093369268709639,2021,2020-12-31,native_mse,20260912,0.0010686946751112278,,1,1
rolling5_annual20,2563,2021-08-13,2021-08-23,-0.032048736608373,2021,2020-12-31,native_mse,20260912,0.0016819071064647707,,1,0
rolling5_annual20,2568,2021-08-20,2021-08-30,0.0145047962107527,2021,2020-12-31,native_mse,20260912,0.0015674609930577542,,1,1
rolling5_annual20,2573,2021-08-27,2021-09-06,-0.0012316820816045,2021,2020-12-31,native_mse,20260912,0.0015518786224257932,,1,0
rolling5_annual20,2578,2021-09-03,2021-09-13,0.0342301066295398,2021,2020-12-31,native_mse,20260912,0.0015775578367383941,,1,1
rolling5_annual20,2583,2021-09-10,2021-09-22,-0.0471441667981554,2021,2020-12-31,native_mse,20260912,0.00097730888589041,,1,0
rolling5_annual20,2588,2021-09-17,2021-09-28,0.0209863060789441,2021,2020-12-31,native_mse,20260912,0.0010514539644274003,,1,1
rolling5_annual20,2591,2021-09-24,2021-10-11,0.0144615416200457,2021,2020-12-31,native_mse,20260912,0.0009736007301348337,,1,1
rolling5_annual20,2596,2021-10-08,2021-10-18,-0.0038006269617851,2021,2020-12-31,native_mse,20260912,0.0017059097904301645,,1,0
rolling5_annual20,2601,2021-10-15,2021-10-25,0.0037358989621147,2021,2020-12-31,native_mse,20260912,0.0013112113818953192,,1,1
rolling5_annual20,2606,2021-10-22,2021-11-01,-0.0127041632091318,2021,2020-12-31,native_mse,20260912,0.001166627382206441,,1,0
rolling5_annual20,2611,2021-10-29,2021-11-08,-0.0075807737801166,2021,2020-12-31,native_mse,20260912,0.0010497018546840582,,1,0
rolling5_annual20,2616,2021-11-05,2021-11-15,0.0110015182343039,2021,2020-12-31,native_mse,20260912,0.0009666279543883876,,1,1
rolling5_annual20,2621,2021-11-12,2021-11-22,0.0002002284238551,2021,2020-12-31,native_mse,20260912,0.00100753152357648,,1,1
rolling5_annual20,2626,2021-11-19,2021-11-29,-0.0153981603100059,2021,2020-12-31,native_mse,20260912,0.0011440904261233744,,1,0
rolling5_annual20,2631,2021-11-26,2021-12-06,0.0185518287306458,2021,2020-12-31,native_mse,20260912,0.0008222023383696463,,1,1
rolling5_annual20,2636,2021-12-03,2021-12-13,0.0367843110096284,2021,2020-12-31,native_mse,20260912,0.000663622110562264,,1,1
rolling5_annual20,2641,2021-12-10,2021-12-20,-0.0304615698955996,2021,2020-12-31,native_mse,20260912,0.0012207854253852776,,1,0
rolling5_annual20,2646,2021-12-17,2021-12-27,-0.0034083287233763,2021,2020-12-31,native_mse,20260912,0.0012339786672550855,,1,0
rolling5_annual20,2651,2021-12-24,2022-01-04,0.0080985736506613,2021,2020-12-31,native_mse,20260912,0.0010451229218044734,,1,1
rolling5_annual20,2656,2021-12-31,2022-01-10,-0.0293970528320001,2021,2020-12-31,native_mse,20260912,0.001214204791414166,,1,0
rolling5_annual20,2660,2022-01-07,2022-01-17,-0.0173453887283024,2022,2021-12-31,learned_market,20260910,0.5688001187262542,0.5688001187262542,1,0
rolling5_annual20,2665,2022-01-14,2022-01-24,0.0053248631776616,2022,2021-12-31,learned_market,20260910,0.6536697221556952,0.6536697221556952,1,1
rolling5_annual20,2670,2022-01-21,2022-02-07,-0.0242661876254222,2022,2021-12-31,learned_market,20260910,0.667180452286777,0.667180452286777,1,0
rolling5_annual20,2675,2022-01-28,2022-02-14,-0.0127539031341488,2022,2021-12-31,learned_market,20260910,0.6821990081341186,0.6821990081341186,1,0
rolling5_annual20,2680,2022-02-11,2022-02-21,0.0145498774954033,2022,2021-12-31,learned_market,20260910,0.6685932622029157,0.6685932622029157,1,1
rolling5_annual20,2685,2022-02-18,2022-02-28,-0.0177161244498015,2022,2021-12-31,learned_market,20260910,0.721020181747073,0.721020181747073,1,0
rolling5_annual20,2690,2022-02-25,2022-03-07,-0.0221791776043331,2022,2021-12-31,learned_market,20260910,0.6720256213340763,0.6720256213340763,1,0
rolling5_annual20,2695,2022-03-04,2022-03-14,-0.0480378799422749,2022,2021-12-31,learned_market,20260910,0.6491632424244927,0.6491632424244927,1,0
rolling5_annual20,2700,2022-03-11,2022-03-21,0.007530336734814,2022,2021-12-31,learned_market,20260910,0.7072260560701839,0.7072260560701839,1,1
rolling5_annual20,2705,2022-03-18,2022-03-28,-0.0353493110038457,2022,2021-12-31,learned_market,20260910,0.680562718896786,0.680562718896786,1,0
rolling5_annual20,2710,2022-03-25,2022-04-06,0.0314834190717003,2022,2021-12-31,learned_market,20260910,0.7149297850291989,0.7149297850291989,1,1
rolling5_annual20,2715,2022-04-01,2022-04-12,-0.0129237372705649,2022,2021-12-31,learned_market,20260910,0.699650234779605,0.699650234779605,1,0
rolling5_annual20,2718,2022-04-08,2022-04-18,-0.0120986062576864,2022,2021-12-31,learned_market,20260910,0.7081466712193373,0.7081466712193373,1,0
rolling5_annual20,2723,2022-04-15,2022-04-25,-0.0528494340140576,2022,2021-12-31,learned_market,20260910,0.6903510287050534,0.6903510287050534,1,0
rolling5_annual20,2728,2022-04-22,2022-05-05,0.015736821365468,2022,2021-12-31,learned_market,20260910,0.6523274039170177,0.6523274039170177,1,1
rolling5_annual20,2733,2022-04-29,2022-05-11,-0.0278824133054675,2022,2021-12-31,learned_market,20260910,0.6356812320546283,0.6356812320546283,1,0
rolling5_annual20,2735,2022-05-06,2022-05-16,0.033741423035827,2022,2021-12-31,learned_market,20260910,0.655223736292306,0.655223736292306,1,1
rolling5_annual20,2740,2022-05-13,2022-05-23,0.0164308841843088,2022,2021-12-31,learned_market,20260910,0.6496742007126685,0.6496742007126685,1,1
rolling5_annual20,2745,2022-05-20,2022-05-30,-0.0147293413085614,2022,2021-12-31,learned_market,20260910,0.5903492522212237,0.5903492522212237,1,0
rolling5_annual20,2750,2022-05-27,2022-06-13,0.0431748431927498,2022,2021-12-31,learned_market,20260910,0.5153438231225524,0.5153438231225524,1,1
rolling5_annual20,2759,2022-06-10,2022-06-20,0.0306046547112142,2022,2021-12-31,learned_market,20260910,0.5373450933252282,0.5373450933252282,1,1
rolling5_annual20,2764,2022-06-17,2022-06-27,0.0211666894141107,2022,2021-12-31,learned_market,20260910,0.48085394757640604,0.48085394757640604,0,1
rolling5_annual20,2769,2022-06-24,2022-07-04,0.0074507343130214,2022,2021-12-31,learned_market,20260910,0.48460550715379297,0.48460550715379297,0,1
rolling5_annual20,2774,2022-07-01,2022-07-11,-0.0092349827532707,2022,2021-12-31,learned_market,20260910,0.5770861008001591,0.5770861008001591,1,0
rolling5_annual20,2779,2022-07-08,2022-07-18,-0.0326815927737367,2022,2021-12-31,learned_market,20260910,0.5381607401143592,0.5381607401143592,1,0
rolling5_annual20,2784,2022-07-15,2022-07-25,-0.0066210715249344,2022,2021-12-31,learned_market,20260910,0.4788824704425519,0.4788824704425519,0,0
rolling5_annual20,2789,2022-07-22,2022-08-01,-0.0173077967751003,2022,2021-12-31,learned_market,20260910,0.567115820912824,0.567115820912824,1,0
rolling5_annual20,2794,2022-07-29,2022-08-08,-0.004456034513838,2022,2021-12-31,learned_market,20260910,0.7475455860840632,0.7475455860840632,1,0
rolling5_annual20,2799,2022-08-05,2022-08-15,0.0091475117753996,2022,2021-12-31,learned_market,20260910,0.6586912425838466,0.6586912425838466,1,1
rolling5_annual20,2804,2022-08-12,2022-08-22,-0.0107272727272728,2022,2021-12-31,learned_market,20260910,0.6453382465097172,0.6453382465097172,1,0
rolling5_annual20,2809,2022-08-19,2022-08-29,-0.0172375434082356,2022,2021-12-31,learned_market,20260910,0.674643796620323,0.674643796620323,1,0
rolling5_annual20,2814,2022-08-26,2022-09-05,-0.0131573766941938,2022,2021-12-31,learned_market,20260910,0.6396510058407642,0.6396510058407642,1,0
rolling5_annual20,2819,2022-09-02,2022-09-13,0.0253340680878015,2022,2021-12-31,learned_market,20260910,0.6087605094365632,0.6087605094365632,1,1
rolling5_annual20,2824,2022-09-09,2022-09-19,-0.044647264962877,2022,2021-12-31,learned_market,20260910,0.7721790950630053,0.7721790950630053,1,0
rolling5_annual20,2828,2022-09-16,2022-09-26,-0.025155151434928,2022,2021-12-31,learned_market,20260910,0.5649186144863099,0.5649186144863099,1,0
rolling5_annual20,2833,2022-09-23,2022-10-10,-0.0060162941299352,2022,2021-12-31,learned_market,20260910,0.7324525583451496,0.7324525583451496,1,0
rolling5_annual20,2838,2022-09-30,2022-10-17,0.0041192047412885,2022,2021-12-31,learned_market,20260910,0.551594616292446,0.551594616292446,1,1
rolling5_annual20,2843,2022-10-14,2022-10-24,-0.0246766294110258,2022,2021-12-31,learned_market,20260910,0.6403027330022243,0.6403027330022243,1,0
rolling5_annual20,2848,2022-10-21,2022-10-31,-0.059928861134359,2022,2021-12-31,learned_market,20260910,0.6606065161528551,0.6606065161528551,1,0
rolling5_annual20,2853,2022-10-28,2022-11-07,0.071339502526744,2022,2021-12-31,learned_market,20260910,0.48869287053926297,0.48869287053926297,0,1
rolling5_annual20,2858,2022-11-04,2022-11-14,0.0169449090696014,2022,2021-12-31,learned_market,20260910,0.6432135269489713,0.6432135269489713,1,1
rolling5_annual20,2863,2022-11-11,2022-11-21,-0.0127051391515239,2022,2021-12-31,learned_market,20260910,0.606337907594987,0.606337907594987,1,0
rolling5_annual20,2868,2022-11-18,2022-11-28,-0.0179672806084416,2022,2021-12-31,learned_market,20260910,0.6352060184234257,0.6352060184234257,1,0
rolling5_annual20,2873,2022-11-25,2022-12-05,0.0555768659337096,2022,2021-12-31,learned_market,20260910,0.5292964513377313,0.5292964513377313,1,1
rolling5_annual20,2878,2022-12-02,2022-12-12,0.0175374394775362,2022,2021-12-31,learned_market,20260910,0.481550712810143,0.481550712810143,0,1
rolling5_annual20,2883,2022-12-09,2022-12-19,-0.0058850602464181,2022,2021-12-31,learned_market,20260910,0.4285114421333059,0.4285114421333059,0,0
rolling5_annual20,2888,2022-12-16,2022-12-26,-0.0309150292073658,2022,2021-12-31,learned_market,20260910,0.606228916591695,0.606228916591695,1,0
rolling5_annual20,2893,2022-12-23,2023-01-03,0.0089464492229616,2022,2021-12-31,learned_market,20260910,0.5056788487987638,0.5056788487987638,1,1
rolling5_annual20,2898,2022-12-30,2023-01-09,0.0345913414268119,2022,2021-12-31,learned_market,20260910,0.5477899926075573,0.5477899926075573,1,1
rolling5_annual20,2660,2022-01-07,2022-01-17,-0.0173453887283024,2022,2021-12-31,learned_vol_interaction,20260910,0.5831076461801695,0.5831076461801695,1,0
rolling5_annual20,2665,2022-01-14,2022-01-24,0.0053248631776616,2022,2021-12-31,learned_vol_interaction,20260910,0.6744765119030697,0.6744765119030697,1,1
rolling5_annual20,2670,2022-01-21,2022-02-07,-0.0242661876254222,2022,2021-12-31,learned_vol_interaction,20260910,0.6652743592454685,0.6652743592454685,1,0
rolling5_annual20,2675,2022-01-28,2022-02-14,-0.0127539031341488,2022,2021-12-31,learned_vol_interaction,20260910,0.6916788990216658,0.6916788990216658,1,0
rolling5_annual20,2680,2022-02-11,2022-02-21,0.0145498774954033,2022,2021-12-31,learned_vol_interaction,20260910,0.6656475068815167,0.6656475068815167,1,1
rolling5_annual20,2685,2022-02-18,2022-02-28,-0.0177161244498015,2022,2021-12-31,learned_vol_interaction,20260910,0.7192657526415306,0.7192657526415306,1,0
rolling5_annual20,2690,2022-02-25,2022-03-07,-0.0221791776043331,2022,2021-12-31,learned_vol_interaction,20260910,0.665128795190077,0.665128795190077,1,0
rolling5_annual20,2695,2022-03-04,2022-03-14,-0.0480378799422749,2022,2021-12-31,learned_vol_interaction,20260910,0.6570221213989423,0.6570221213989423,1,0
rolling5_annual20,2700,2022-03-11,2022-03-21,0.007530336734814,2022,2021-12-31,learned_vol_interaction,20260910,0.7032750021899432,0.7032750021899432,1,1
rolling5_annual20,2705,2022-03-18,2022-03-28,-0.0353493110038457,2022,2021-12-31,learned_vol_interaction,20260910,0.6524086529307518,0.6524086529307518,1,0
rolling5_annual20,2710,2022-03-25,2022-04-06,0.0314834190717003,2022,2021-12-31,learned_vol_interaction,20260910,0.6942468524177501,0.6942468524177501,1,1
rolling5_annual20,2715,2022-04-01,2022-04-12,-0.0129237372705649,2022,2021-12-31,learned_vol_interaction,20260910,0.6692714430207383,0.6692714430207383,1,0
rolling5_annual20,2718,2022-04-08,2022-04-18,-0.0120986062576864,2022,2021-12-31,learned_vol_interaction,20260910,0.6870213134300237,0.6870213134300237,1,0
rolling5_annual20,2723,2022-04-15,2022-04-25,-0.0528494340140576,2022,2021-12-31,learned_vol_interaction,20260910,0.6863123370385322,0.6863123370385322,1,0
rolling5_annual20,2728,2022-04-22,2022-05-05,0.015736821365468,2022,2021-12-31,learned_vol_interaction,20260910,0.650740889856783,0.650740889856783,1,1
rolling5_annual20,2733,2022-04-29,2022-05-11,-0.0278824133054675,2022,2021-12-31,learned_vol_interaction,20260910,0.6202221031032191,0.6202221031032191,1,0
rolling5_annual20,2735,2022-05-06,2022-05-16,0.033741423035827,2022,2021-12-31,learned_vol_interaction,20260910,0.6392496752711616,0.6392496752711616,1,1
rolling5_annual20,2740,2022-05-13,2022-05-23,0.0164308841843088,2022,2021-12-31,learned_vol_interaction,20260910,0.6413212557500495,0.6413212557500495,1,1
rolling5_annual20,2745,2022-05-20,2022-05-30,-0.0147293413085614,2022,2021-12-31,learned_vol_interaction,20260910,0.5814333950080588,0.5814333950080588,1,0
rolling5_annual20,2750,2022-05-27,2022-06-13,0.0431748431927498,2022,2021-12-31,learned_vol_interaction,20260910,0.5197460553923614,0.5197460553923614,1,1
rolling5_annual20,2759,2022-06-10,2022-06-20,0.0306046547112142,2022,2021-12-31,learned_vol_interaction,20260910,0.5385759882805518,0.5385759882805518,1,1
rolling5_annual20,2764,2022-06-17,2022-06-27,0.0211666894141107,2022,2021-12-31,learned_vol_interaction,20260910,0.48255164210709656,0.48255164210709656,0,1
rolling5_annual20,2769,2022-06-24,2022-07-04,0.0074507343130214,2022,2021-12-31,learned_vol_interaction,20260910,0.4796566656164814,0.4796566656164814,0,1
rolling5_annual20,2774,2022-07-01,2022-07-11,-0.0092349827532707,2022,2021-12-31,learned_vol_interaction,20260910,0.5729293041374858,0.5729293041374858,1,0
rolling5_annual20,2779,2022-07-08,2022-07-18,-0.0326815927737367,2022,2021-12-31,learned_vol_interaction,20260910,0.5302683386209299,0.5302683386209299,1,0
rolling5_annual20,2784,2022-07-15,2022-07-25,-0.0066210715249344,2022,2021-12-31,learned_vol_interaction,20260910,0.4744529012062564,0.4744529012062564,0,0
rolling5_annual20,2789,2022-07-22,2022-08-01,-0.0173077967751003,2022,2021-12-31,learned_vol_interaction,20260910,0.568735503293615,0.568735503293615,1,0
rolling5_annual20,2794,2022-07-29,2022-08-08,-0.004456034513838,2022,2021-12-31,learned_vol_interaction,20260910,0.7449112931956193,0.7449112931956193,1,0
rolling5_annual20,2799,2022-08-05,2022-08-15,0.0091475117753996,2022,2021-12-31,learned_vol_interaction,20260910,0.6690803670858058,0.6690803670858058,1,1
rolling5_annual20,2804,2022-08-12,2022-08-22,-0.0107272727272728,2022,2021-12-31,learned_vol_interaction,20260910,0.6571875580323422,0.6571875580323422,1,0
rolling5_annual20,2809,2022-08-19,2022-08-29,-0.0172375434082356,2022,2021-12-31,learned_vol_interaction,20260910,0.6670716563865554,0.6670716563865554,1,0
rolling5_annual20,2814,2022-08-26,2022-09-05,-0.0131573766941938,2022,2021-12-31,learned_vol_interaction,20260910,0.6419725542084096,0.6419725542084096,1,0
rolling5_annual20,2819,2022-09-02,2022-09-13,0.0253340680878015,2022,2021-12-31,learned_vol_interaction,20260910,0.6153521718981038,0.6153521718981038,1,1
rolling5_annual20,2824,2022-09-09,2022-09-19,-0.044647264962877,2022,2021-12-31,learned_vol_interaction,20260910,0.784077999023363,0.784077999023363,1,0
rolling5_annual20,2828,2022-09-16,2022-09-26,-0.025155151434928,2022,2021-12-31,learned_vol_interaction,20260910,0.5761867154144525,0.5761867154144525,1,0
rolling5_annual20,2833,2022-09-23,2022-10-10,-0.0060162941299352,2022,2021-12-31,learned_vol_interaction,20260910,0.7436633183671754,0.7436633183671754,1,0
rolling5_annual20,2838,2022-09-30,2022-10-17,0.0041192047412885,2022,2021-12-31,learned_vol_interaction,20260910,0.5600994269795847,0.5600994269795847,1,1
rolling5_annual20,2843,2022-10-14,2022-10-24,-0.0246766294110258,2022,2021-12-31,learned_vol_interaction,20260910,0.6357117591692524,0.6357117591692524,1,0
rolling5_annual20,2848,2022-10-21,2022-10-31,-0.059928861134359,2022,2021-12-31,learned_vol_interaction,20260910,0.6680943131119911,0.6680943131119911,1,0
rolling5_annual20,2853,2022-10-28,2022-11-07,0.071339502526744,2022,2021-12-31,learned_vol_interaction,20260910,0.4928902394481825,0.4928902394481825,0,1
rolling5_annual20,2858,2022-11-04,2022-11-14,0.0169449090696014,2022,2021-12-31,learned_vol_interaction,20260910,0.6146316194730053,0.6146316194730053,1,1
rolling5_annual20,2863,2022-11-11,2022-11-21,-0.0127051391515239,2022,2021-12-31,learned_vol_interaction,20260910,0.5902125996115632,0.5902125996115632,1,0
rolling5_annual20,2868,2022-11-18,2022-11-28,-0.0179672806084416,2022,2021-12-31,learned_vol_interaction,20260910,0.6226898926200907,0.6226898926200907,1,0
rolling5_annual20,2873,2022-11-25,2022-12-05,0.0555768659337096,2022,2021-12-31,learned_vol_interaction,20260910,0.5363930512088583,0.5363930512088583,1,1
rolling5_annual20,2878,2022-12-02,2022-12-12,0.0175374394775362,2022,2021-12-31,learned_vol_interaction,20260910,0.4815686247668643,0.4815686247668643,0,1
rolling5_annual20,2883,2022-12-09,2022-12-19,-0.0058850602464181,2022,2021-12-31,learned_vol_interaction,20260910,0.4159362652943189,0.4159362652943189,0,0
rolling5_annual20,2888,2022-12-16,2022-12-26,-0.0309150292073658,2022,2021-12-31,learned_vol_interaction,20260910,0.605083809558607,0.605083809558607,1,0
rolling5_annual20,2893,2022-12-23,2023-01-03,0.0089464492229616,2022,2021-12-31,learned_vol_interaction,20260910,0.4991053059678844,0.4991053059678844,0,1
rolling5_annual20,2898,2022-12-30,2023-01-09,0.0345913414268119,2022,2021-12-31,learned_vol_interaction,20260910,0.5490024086475767,0.5490024086475767,1,1
rolling5_annual20,2660,2022-01-07,2022-01-17,-0.0173453887283024,2022,2021-12-31,learned_order_extension,20260910,0.566864392886939,0.566864392886939,1,0
rolling5_annual20,2665,2022-01-14,2022-01-24,0.0053248631776616,2022,2021-12-31,learned_order_extension,20260910,0.6690763940918765,0.6690763940918765,1,1
rolling5_annual20,2670,2022-01-21,2022-02-07,-0.0242661876254222,2022,2021-12-31,learned_order_extension,20260910,0.6566842946116621,0.6566842946116621,1,0
rolling5_annual20,2675,2022-01-28,2022-02-14,-0.0127539031341488,2022,2021-12-31,learned_order_extension,20260910,0.668769824144909,0.668769824144909,1,0
rolling5_annual20,2680,2022-02-11,2022-02-21,0.0145498774954033,2022,2021-12-31,learned_order_extension,20260910,0.6554002636047295,0.6554002636047295,1,1
rolling5_annual20,2685,2022-02-18,2022-02-28,-0.0177161244498015,2022,2021-12-31,learned_order_extension,20260910,0.7136098531605942,0.7136098531605942,1,0
rolling5_annual20,2690,2022-02-25,2022-03-07,-0.0221791776043331,2022,2021-12-31,learned_order_extension,20260910,0.6487731912125562,0.6487731912125562,1,0
rolling5_annual20,2695,2022-03-04,2022-03-14,-0.0480378799422749,2022,2021-12-31,learned_order_extension,20260910,0.6318792296674466,0.6318792296674466,1,0
rolling5_annual20,2700,2022-03-11,2022-03-21,0.007530336734814,2022,2021-12-31,learned_order_extension,20260910,0.6914869969738268,0.6914869969738268,1,1
rolling5_annual20,2705,2022-03-18,2022-03-28,-0.0353493110038457,2022,2021-12-31,learned_order_extension,20260910,0.6587542387705517,0.6587542387705517,1,0
rolling5_annual20,2710,2022-03-25,2022-04-06,0.0314834190717003,2022,2021-12-31,learned_order_extension,20260910,0.6972076913228429,0.6972076913228429,1,1
rolling5_annual20,2715,2022-04-01,2022-04-12,-0.0129237372705649,2022,2021-12-31,learned_order_extension,20260910,0.6698700948387382,0.6698700948387382,1,0
rolling5_annual20,2718,2022-04-08,2022-04-18,-0.0120986062576864,2022,2021-12-31,learned_order_extension,20260910,0.6806371615463094,0.6806371615463094,1,0
rolling5_annual20,2723,2022-04-15,2022-04-25,-0.0528494340140576,2022,2021-12-31,learned_order_extension,20260910,0.6734562693191574,0.6734562693191574,1,0
rolling5_annual20,2728,2022-04-22,2022-05-05,0.015736821365468,2022,2021-12-31,learned_order_extension,20260910,0.6412880357294892,0.6412880357294892,1,1
rolling5_annual20,2733,2022-04-29,2022-05-11,-0.0278824133054675,2022,2021-12-31,learned_order_extension,20260910,0.6287985885797217,0.6287985885797217,1,0
rolling5_annual20,2735,2022-05-06,2022-05-16,0.033741423035827,2022,2021-12-31,learned_order_extension,20260910,0.6540416538097915,0.6540416538097915,1,1
rolling5_annual20,2740,2022-05-13,2022-05-23,0.0164308841843088,2022,2021-12-31,learned_order_extension,20260910,0.6547674512326901,0.6547674512326901,1,1
rolling5_annual20,2745,2022-05-20,2022-05-30,-0.0147293413085614,2022,2021-12-31,learned_order_extension,20260910,0.5882230547766246,0.5882230547766246,1,0
rolling5_annual20,2750,2022-05-27,2022-06-13,0.0431748431927498,2022,2021-12-31,learned_order_extension,20260910,0.508142218915277,0.508142218915277,1,1
rolling5_annual20,2759,2022-06-10,2022-06-20,0.0306046547112142,2022,2021-12-31,learned_order_extension,20260910,0.5322541068789998,0.5322541068789998,1,1
rolling5_annual20,2764,2022-06-17,2022-06-27,0.0211666894141107,2022,2021-12-31,learned_order_extension,20260910,0.4859253122353308,0.4859253122353308,0,1
rolling5_annual20,2769,2022-06-24,2022-07-04,0.0074507343130214,2022,2021-12-31,learned_order_extension,20260910,0.4875812841679665,0.4875812841679665,0,1
rolling5_annual20,2774,2022-07-01,2022-07-11,-0.0092349827532707,2022,2021-12-31,learned_order_extension,20260910,0.5673900409205141,0.5673900409205141,1,0
rolling5_annual20,2779,2022-07-08,2022-07-18,-0.0326815927737367,2022,2021-12-31,learned_order_extension,20260910,0.5410131618864253,0.5410131618864253,1,0
rolling5_annual20,2784,2022-07-15,2022-07-25,-0.0066210715249344,2022,2021-12-31,learned_order_extension,20260910,0.47973859027832644,0.47973859027832644,0,0
rolling5_annual20,2789,2022-07-22,2022-08-01,-0.0173077967751003,2022,2021-12-31,learned_order_extension,20260910,0.5665009900782988,0.5665009900782988,1,0
rolling5_annual20,2794,2022-07-29,2022-08-08,-0.004456034513838,2022,2021-12-31,learned_order_extension,20260910,0.6826002369228839,0.6826002369228839,1,0
rolling5_annual20,2799,2022-08-05,2022-08-15,0.0091475117753996,2022,2021-12-31,learned_order_extension,20260910,0.6264531350174127,0.6264531350174127,1,1
rolling5_annual20,2804,2022-08-12,2022-08-22,-0.0107272727272728,2022,2021-12-31,learned_order_extension,20260910,0.6234550049594982,0.6234550049594982,1,0
rolling5_annual20,2809,2022-08-19,2022-08-29,-0.0172375434082356,2022,2021-12-31,learned_order_extension,20260910,0.614312207680884,0.614312207680884,1,0
rolling5_annual20,2814,2022-08-26,2022-09-05,-0.0131573766941938,2022,2021-12-31,learned_order_extension,20260910,0.6167311395003157,0.6167311395003157,1,0
rolling5_annual20,2819,2022-09-02,2022-09-13,0.0253340680878015,2022,2021-12-31,learned_order_extension,20260910,0.5957625148526239,0.5957625148526239,1,1
rolling5_annual20,2824,2022-09-09,2022-09-19,-0.044647264962877,2022,2021-12-31,learned_order_extension,20260910,0.6877495846105631,0.6877495846105631,1,0
rolling5_annual20,2828,2022-09-16,2022-09-26,-0.025155151434928,2022,2021-12-31,learned_order_extension,20260910,0.5682731902480352,0.5682731902480352,1,0
rolling5_annual20,2833,2022-09-23,2022-10-10,-0.0060162941299352,2022,2021-12-31,learned_order_extension,20260910,0.6781748015829271,0.6781748015829271,1,0
rolling5_annual20,2838,2022-09-30,2022-10-17,0.0041192047412885,2022,2021-12-31,learned_order_extension,20260910,0.5645710885067642,0.5645710885067642,1,1
rolling5_annual20,2843,2022-10-14,2022-10-24,-0.0246766294110258,2022,2021-12-31,learned_order_extension,20260910,0.6076423145030778,0.6076423145030778,1,0
rolling5_annual20,2848,2022-10-21,2022-10-31,-0.059928861134359,2022,2021-12-31,learned_order_extension,20260910,0.6557670364672438,0.6557670364672438,1,0
rolling5_annual20,2853,2022-10-28,2022-11-07,0.071339502526744,2022,2021-12-31,learned_order_extension,20260910,0.49762556857203943,0.49762556857203943,0,1
rolling5_annual20,2858,2022-11-04,2022-11-14,0.0169449090696014,2022,2021-12-31,learned_order_extension,20260910,0.613159850832912,0.613159850832912,1,1
rolling5_annual20,2863,2022-11-11,2022-11-21,-0.0127051391515239,2022,2021-12-31,learned_order_extension,20260910,0.5964706436497149,0.5964706436497149,1,0
rolling5_annual20,2868,2022-11-18,2022-11-28,-0.0179672806084416,2022,2021-12-31,learned_order_extension,20260910,0.6322085568902898,0.6322085568902898,1,0
rolling5_annual20,2873,2022-11-25,2022-12-05,0.0555768659337096,2022,2021-12-31,learned_order_extension,20260910,0.5288535444594932,0.5288535444594932,1,1
rolling5_annual20,2878,2022-12-02,2022-12-12,0.0175374394775362,2022,2021-12-31,learned_order_extension,20260910,0.45376890427100824,0.45376890427100824,0,1
rolling5_annual20,2883,2022-12-09,2022-12-19,-0.0058850602464181,2022,2021-12-31,learned_order_extension,20260910,0.3857611085657667,0.3857611085657667,0,0
rolling5_annual20,2888,2022-12-16,2022-12-26,-0.0309150292073658,2022,2021-12-31,learned_order_extension,20260910,0.6088248587164643,0.6088248587164643,1,0
rolling5_annual20,2893,2022-12-23,2023-01-03,0.0089464492229616,2022,2021-12-31,learned_order_extension,20260910,0.4984357443577794,0.4984357443577794,0,1
rolling5_annual20,2898,2022-12-30,2023-01-09,0.0345913414268119,2022,2021-12-31,learned_order_extension,20260910,0.5535432643045607,0.5535432643045607,1,1
rolling5_annual20,2660,2022-01-07,2022-01-17,-0.0173453887283024,2022,2021-12-31,learned_order_offset,20260910,0.5666647543526758,0.5666647543526758,1,0
rolling5_annual20,2665,2022-01-14,2022-01-24,0.0053248631776616,2022,2021-12-31,learned_order_offset,20260910,0.6685371525240916,0.6685371525240916,1,1
rolling5_annual20,2670,2022-01-21,2022-02-07,-0.0242661876254222,2022,2021-12-31,learned_order_offset,20260910,0.6567323025522784,0.6567323025522784,1,0
rolling5_annual20,2675,2022-01-28,2022-02-14,-0.0127539031341488,2022,2021-12-31,learned_order_offset,20260910,0.6683313210695451,0.6683313210695451,1,0
rolling5_annual20,2680,2022-02-11,2022-02-21,0.0145498774954033,2022,2021-12-31,learned_order_offset,20260910,0.6551608348224088,0.6551608348224088,1,1
rolling5_annual20,2685,2022-02-18,2022-02-28,-0.0177161244498015,2022,2021-12-31,learned_order_offset,20260910,0.713244067556852,0.713244067556852,1,0
rolling5_annual20,2690,2022-02-25,2022-03-07,-0.0221791776043331,2022,2021-12-31,learned_order_offset,20260910,0.6484724441889236,0.6484724441889236,1,0
rolling5_annual20,2695,2022-03-04,2022-03-14,-0.0480378799422749,2022,2021-12-31,learned_order_offset,20260910,0.6314504954417829,0.6314504954417829,1,0
rolling5_annual20,2700,2022-03-11,2022-03-21,0.007530336734814,2022,2021-12-31,learned_order_offset,20260910,0.691194443082509,0.691194443082509,1,1
rolling5_annual20,2705,2022-03-18,2022-03-28,-0.0353493110038457,2022,2021-12-31,learned_order_offset,20260910,0.6583803934930407,0.6583803934930407,1,0
rolling5_annual20,2710,2022-03-25,2022-04-06,0.0314834190717003,2022,2021-12-31,learned_order_offset,20260910,0.696855601595334,0.696855601595334,1,1
rolling5_annual20,2715,2022-04-01,2022-04-12,-0.0129237372705649,2022,2021-12-31,learned_order_offset,20260910,0.6694890325996018,0.6694890325996018,1,0
rolling5_annual20,2718,2022-04-08,2022-04-18,-0.0120986062576864,2022,2021-12-31,learned_order_offset,20260910,0.6803426001198963,0.6803426001198963,1,0
rolling5_annual20,2723,2022-04-15,2022-04-25,-0.0528494340140576,2022,2021-12-31,learned_order_offset,20260910,0.6731249980220481,0.6731249980220481,1,0
rolling5_annual20,2728,2022-04-22,2022-05-05,0.015736821365468,2022,2021-12-31,learned_order_offset,20260910,0.641097331377158,0.641097331377158,1,1
rolling5_annual20,2733,2022-04-29,2022-05-11,-0.0278824133054675,2022,2021-12-31,learned_order_offset,20260910,0.6286451625043376,0.6286451625043376,1,0
rolling5_annual20,2735,2022-05-06,2022-05-16,0.033741423035827,2022,2021-12-31,learned_order_offset,20260910,0.6539023380631441,0.6539023380631441,1,1
rolling5_annual20,2740,2022-05-13,2022-05-23,0.0164308841843088,2022,2021-12-31,learned_order_offset,20260910,0.6546369622968728,0.6546369622968728,1,1
rolling5_annual20,2745,2022-05-20,2022-05-30,-0.0147293413085614,2022,2021-12-31,learned_order_offset,20260910,0.5880855347067084,0.5880855347067084,1,0
rolling5_annual20,2750,2022-05-27,2022-06-13,0.0431748431927498,2022,2021-12-31,learned_order_offset,20260910,0.5080704772787945,0.5080704772787945,1,1
rolling5_annual20,2759,2022-06-10,2022-06-20,0.0306046547112142,2022,2021-12-31,learned_order_offset,20260910,0.5321675139264588,0.5321675139264588,1,1
rolling5_annual20,2764,2022-06-17,2022-06-27,0.0211666894141107,2022,2021-12-31,learned_order_offset,20260910,0.485730573138482,0.485730573138482,0,1
rolling5_annual20,2769,2022-06-24,2022-07-04,0.0074507343130214,2022,2021-12-31,learned_order_offset,20260910,0.48755264163513784,0.48755264163513784,0,1
rolling5_annual20,2774,2022-07-01,2022-07-11,-0.0092349827532707,2022,2021-12-31,learned_order_offset,20260910,0.5672840355549256,0.5672840355549256,1,0
rolling5_annual20,2779,2022-07-08,2022-07-18,-0.0326815927737367,2022,2021-12-31,learned_order_offset,20260910,0.5409192694310424,0.5409192694310424,1,0
rolling5_annual20,2784,2022-07-15,2022-07-25,-0.0066210715249344,2022,2021-12-31,learned_order_offset,20260910,0.47961995538049773,0.47961995538049773,0,0
rolling5_annual20,2789,2022-07-22,2022-08-01,-0.0173077967751003,2022,2021-12-31,learned_order_offset,20260910,0.5660618100474655,0.5660618100474655,1,0
rolling5_annual20,2794,2022-07-29,2022-08-08,-0.004456034513838,2022,2021-12-31,learned_order_offset,20260910,0.6825374208841533,0.6825374208841533,1,0
rolling5_annual20,2799,2022-08-05,2022-08-15,0.0091475117753996,2022,2021-12-31,learned_order_offset,20260910,0.6262247306552385,0.6262247306552385,1,1
rolling5_annual20,2804,2022-08-12,2022-08-22,-0.0107272727272728,2022,2021-12-31,learned_order_offset,20260910,0.6232298710955773,0.6232298710955773,1,0
rolling5_annual20,2809,2022-08-19,2022-08-29,-0.0172375434082356,2022,2021-12-31,learned_order_offset,20260910,0.6145969170972031,0.6145969170972031,1,0
rolling5_annual20,2814,2022-08-26,2022-09-05,-0.0131573766941938,2022,2021-12-31,learned_order_offset,20260910,0.6165117624275381,0.6165117624275381,1,0
rolling5_annual20,2819,2022-09-02,2022-09-13,0.0253340680878015,2022,2021-12-31,learned_order_offset,20260910,0.5955551925854443,0.5955551925854443,1,1
rolling5_annual20,2824,2022-09-09,2022-09-19,-0.044647264962877,2022,2021-12-31,learned_order_offset,20260910,0.6875149953447156,0.6875149953447156,1,0
rolling5_annual20,2828,2022-09-16,2022-09-26,-0.025155151434928,2022,2021-12-31,learned_order_offset,20260910,0.5682727339716999,0.5682727339716999,1,0
rolling5_annual20,2833,2022-09-23,2022-10-10,-0.0060162941299352,2022,2021-12-31,learned_order_offset,20260910,0.6779775008589831,0.6779775008589831,1,0
rolling5_annual20,2838,2022-09-30,2022-10-17,0.0041192047412885,2022,2021-12-31,learned_order_offset,20260910,0.5645126654405718,0.5645126654405718,1,1
rolling5_annual20,2843,2022-10-14,2022-10-24,-0.0246766294110258,2022,2021-12-31,learned_order_offset,20260910,0.6075471196498429,0.6075471196498429,1,0
rolling5_annual20,2848,2022-10-21,2022-10-31,-0.059928861134359,2022,2021-12-31,learned_order_offset,20260910,0.6556958121122778,0.6556958121122778,1,0
rolling5_annual20,2853,2022-10-28,2022-11-07,0.071339502526744,2022,2021-12-31,learned_order_offset,20260910,0.4975115636558439,0.4975115636558439,0,1
rolling5_annual20,2858,2022-11-04,2022-11-14,0.0169449090696014,2022,2021-12-31,learned_order_offset,20260910,0.6129918071450171,0.6129918071450171,1,1
rolling5_annual20,2863,2022-11-11,2022-11-21,-0.0127051391515239,2022,2021-12-31,learned_order_offset,20260910,0.5961930236665007,0.5961930236665007,1,0
rolling5_annual20,2868,2022-11-18,2022-11-28,-0.0179672806084416,2022,2021-12-31,learned_order_offset,20260910,0.6320302130297768,0.6320302130297768,1,0
rolling5_annual20,2873,2022-11-25,2022-12-05,0.0555768659337096,2022,2021-12-31,learned_order_offset,20260910,0.5287341743413922,0.5287341743413922,1,1
rolling5_annual20,2878,2022-12-02,2022-12-12,0.0175374394775362,2022,2021-12-31,learned_order_offset,20260910,0.4541058300911641,0.4541058300911641,0,1
rolling5_annual20,2883,2022-12-09,2022-12-19,-0.0058850602464181,2022,2021-12-31,learned_order_offset,20260910,0.3859837300056836,0.3859837300056836,0,0
rolling5_annual20,2888,2022-12-16,2022-12-26,-0.0309150292073658,2022,2021-12-31,learned_order_offset,20260910,0.6086215781798711,0.6086215781798711,1,0
rolling5_annual20,2893,2022-12-23,2023-01-03,0.0089464492229616,2022,2021-12-31,learned_order_offset,20260910,0.49854238556394687,0.49854238556394687,0,1
rolling5_annual20,2898,2022-12-30,2023-01-09,0.0345913414268119,2022,2021-12-31,learned_order_offset,20260910,0.5537040132227125,0.5537040132227125,1,1
rolling5_annual20,2660,2022-01-07,2022-01-17,-0.0173453887283024,2022,2021-12-31,native_mse,20260910,-0.0034182510339292468,,0,0
rolling5_annual20,2665,2022-01-14,2022-01-24,0.0053248631776616,2022,2021-12-31,native_mse,20260910,0.004761167720503064,,1,1
rolling5_annual20,2670,2022-01-21,2022-02-07,-0.0242661876254222,2022,2021-12-31,native_mse,20260910,0.013137367547165641,,1,0
rolling5_annual20,2675,2022-01-28,2022-02-14,-0.0127539031341488,2022,2021-12-31,native_mse,20260910,0.010886081661597602,,1,0
rolling5_annual20,2680,2022-02-11,2022-02-21,0.0145498774954033,2022,2021-12-31,native_mse,20260910,0.008879219089809445,,1,1
rolling5_annual20,2685,2022-02-18,2022-02-28,-0.0177161244498015,2022,2021-12-31,native_mse,20260910,0.009476567447344621,,1,0
rolling5_annual20,2690,2022-02-25,2022-03-07,-0.0221791776043331,2022,2021-12-31,native_mse,20260910,0.01051598647298397,,1,0
rolling5_annual20,2695,2022-03-04,2022-03-14,-0.0480378799422749,2022,2021-12-31,native_mse,20260910,0.007053677912636015,,1,0
rolling5_annual20,2700,2022-03-11,2022-03-21,0.007530336734814,2022,2021-12-31,native_mse,20260910,0.010804442451387935,,1,1
rolling5_annual20,2705,2022-03-18,2022-03-28,-0.0353493110038457,2022,2021-12-31,native_mse,20260910,0.0072982657258971444,,1,0
rolling5_annual20,2710,2022-03-25,2022-04-06,0.0314834190717003,2022,2021-12-31,native_mse,20260910,0.007546796616275884,,1,1
rolling5_annual20,2715,2022-04-01,2022-04-12,-0.0129237372705649,2022,2021-12-31,native_mse,20260910,0.006781430452769677,,1,0
rolling5_annual20,2718,2022-04-08,2022-04-18,-0.0120986062576864,2022,2021-12-31,native_mse,20260910,0.00652895075643567,,1,0
rolling5_annual20,2723,2022-04-15,2022-04-25,-0.0528494340140576,2022,2021-12-31,native_mse,20260910,0.006385447465197085,,1,0
rolling5_annual20,2728,2022-04-22,2022-05-05,0.015736821365468,2022,2021-12-31,native_mse,20260910,0.005099274511858865,,1,1
rolling5_annual20,2733,2022-04-29,2022-05-11,-0.0278824133054675,2022,2021-12-31,native_mse,20260910,0.004344044298975658,,1,0
rolling5_annual20,2735,2022-05-06,2022-05-16,0.033741423035827,2022,2021-12-31,native_mse,20260910,0.0035518248227642247,,1,1
rolling5_annual20,2740,2022-05-13,2022-05-23,0.0164308841843088,2022,2021-12-31,native_mse,20260910,0.002890441768532801,,1,1
rolling5_annual20,2745,2022-05-20,2022-05-30,-0.0147293413085614,2022,2021-12-31,native_mse,20260910,0.002556802191789734,,1,0
rolling5_annual20,2750,2022-05-27,2022-06-13,0.0431748431927498,2022,2021-12-31,native_mse,20260910,-0.006714076298392413,,0,1
rolling5_annual20,2759,2022-06-10,2022-06-20,0.0306046547112142,2022,2021-12-31,native_mse,20260910,-0.0017160693271902699,,0,1
rolling5_annual20,2764,2022-06-17,2022-06-27,0.0211666894141107,2022,2021-12-31,native_mse,20260910,-0.005554400786314341,,0,1
rolling5_annual20,2769,2022-06-24,2022-07-04,0.0074507343130214,2022,2021-12-31,native_mse,20260910,-0.006611900023593844,,0,1
rolling5_annual20,2774,2022-07-01,2022-07-11,-0.0092349827532707,2022,2021-12-31,native_mse,20260910,-0.001849659274069034,,0,0
rolling5_annual20,2779,2022-07-08,2022-07-18,-0.0326815927737367,2022,2021-12-31,native_mse,20260910,-0.0036295526636022737,,0,0
rolling5_annual20,2784,2022-07-15,2022-07-25,-0.0066210715249344,2022,2021-12-31,native_mse,20260910,-0.00726704662423343,,0,0
rolling5_annual20,2789,2022-07-22,2022-08-01,-0.0173077967751003,2022,2021-12-31,native_mse,20260910,-0.005304375487712945,,0,0
rolling5_annual20,2794,2022-07-29,2022-08-08,-0.004456034513838,2022,2021-12-31,native_mse,20260910,0.012166125781651363,,1,0
rolling5_annual20,2799,2022-08-05,2022-08-15,0.0091475117753996,2022,2021-12-31,native_mse,20260910,0.004077391662883762,,1,1
rolling5_annual20,2804,2022-08-12,2022-08-22,-0.0107272727272728,2022,2021-12-31,native_mse,20260910,0.0035826870942200968,,1,0
rolling5_annual20,2809,2022-08-19,2022-08-29,-0.0172375434082356,2022,2021-12-31,native_mse,20260910,0.012796192349441387,,1,0
rolling5_annual20,2814,2022-08-26,2022-09-05,-0.0131573766941938,2022,2021-12-31,native_mse,20260910,0.0045980644388349074,,1,0
rolling5_annual20,2819,2022-09-02,2022-09-13,0.0253340680878015,2022,2021-12-31,native_mse,20260910,0.0016393163861851791,,1,1
rolling5_annual20,2824,2022-09-09,2022-09-19,-0.044647264962877,2022,2021-12-31,native_mse,20260910,0.011024491197755238,,1,0
rolling5_annual20,2828,2022-09-16,2022-09-26,-0.025155151434928,2022,2021-12-31,native_mse,20260910,0.0006249539921165778,,1,0
rolling5_annual20,2833,2022-09-23,2022-10-10,-0.0060162941299352,2022,2021-12-31,native_mse,20260910,0.00941379002591237,,1,0
rolling5_annual20,2838,2022-09-30,2022-10-17,0.0041192047412885,2022,2021-12-31,native_mse,20260910,-0.003455449604433236,,0,1
rolling5_annual20,2843,2022-10-14,2022-10-24,-0.0246766294110258,2022,2021-12-31,native_mse,20260910,0.004982119577206458,,1,0
rolling5_annual20,2848,2022-10-21,2022-10-31,-0.059928861134359,2022,2021-12-31,native_mse,20260910,0.004400428951388619,,1,0
rolling5_annual20,2853,2022-10-28,2022-11-07,0.071339502526744,2022,2021-12-31,native_mse,20260910,-0.004533662272660886,,0,1
rolling5_annual20,2858,2022-11-04,2022-11-14,0.0169449090696014,2022,2021-12-31,native_mse,20260910,0.009145763900992613,,1,1
rolling5_annual20,2863,2022-11-11,2022-11-21,-0.0127051391515239,2022,2021-12-31,native_mse,20260910,0.005105981957746508,,1,0
rolling5_annual20,2868,2022-11-18,2022-11-28,-0.0179672806084416,2022,2021-12-31,native_mse,20260910,0.004390010241707061,,1,0
rolling5_annual20,2873,2022-11-25,2022-12-05,0.0555768659337096,2022,2021-12-31,native_mse,20260910,-0.0021694749097981593,,0,1
rolling5_annual20,2878,2022-12-02,2022-12-12,0.0175374394775362,2022,2021-12-31,native_mse,20260910,-0.008963509314181651,,0,1
rolling5_annual20,2883,2022-12-09,2022-12-19,-0.0058850602464181,2022,2021-12-31,native_mse,20260910,-0.008742160121666592,,0,0
rolling5_annual20,2888,2022-12-16,2022-12-26,-0.0309150292073658,2022,2021-12-31,native_mse,20260910,0.00021070675399415396,,1,0
rolling5_annual20,2893,2022-12-23,2023-01-03,0.0089464492229616,2022,2021-12-31,native_mse,20260910,-0.006931659189351796,,0,1
rolling5_annual20,2898,2022-12-30,2023-01-09,0.0345913414268119,2022,2021-12-31,native_mse,20260910,-0.004005139352311209,,0,1
rolling5_annual20,2660,2022-01-07,2022-01-17,-0.0173453887283024,2022,2021-12-31,training_frequency,-1,0.5458298926507019,0.5458298926507019,1,0
rolling5_annual20,2665,2022-01-14,2022-01-24,0.0053248631776616,2022,2021-12-31,training_frequency,-1,0.5458298926507019,0.5458298926507019,1,1
rolling5_annual20,2670,2022-01-21,2022-02-07,-0.0242661876254222,2022,2021-12-31,training_frequency,-1,0.5458298926507019,0.5458298926507019,1,0
rolling5_annual20,2675,2022-01-28,2022-02-14,-0.0127539031341488,2022,2021-12-31,training_frequency,-1,0.5458298926507019,0.5458298926507019,1,0
rolling5_annual20,2680,2022-02-11,2022-02-21,0.0145498774954033,2022,2021-12-31,training_frequency,-1,0.5458298926507019,0.5458298926507019,1,1
rolling5_annual20,2685,2022-02-18,2022-02-28,-0.0177161244498015,2022,2021-12-31,training_frequency,-1,0.5458298926507019,0.5458298926507019,1,0
rolling5_annual20,2690,2022-02-25,2022-03-07,-0.0221791776043331,2022,2021-12-31,training_frequency,-1,0.5458298926507019,0.5458298926507019,1,0
rolling5_annual20,2695,2022-03-04,2022-03-14,-0.0480378799422749,2022,2021-12-31,training_frequency,-1,0.5458298926507019,0.5458298926507019,1,0
rolling5_annual20,2700,2022-03-11,2022-03-21,0.007530336734814,2022,2021-12-31,training_frequency,-1,0.5458298926507019,0.5458298926507019,1,1
rolling5_annual20,2705,2022-03-18,2022-03-28,-0.0353493110038457,2022,2021-12-31,training_frequency,-1,0.5458298926507019,0.5458298926507019,1,0
rolling5_annual20,2710,2022-03-25,2022-04-06,0.0314834190717003,2022,2021-12-31,training_frequency,-1,0.5458298926507019,0.5458298926507019,1,1
rolling5_annual20,2715,2022-04-01,2022-04-12,-0.0129237372705649,2022,2021-12-31,training_frequency,-1,0.5458298926507019,0.5458298926507019,1,0
rolling5_annual20,2718,2022-04-08,2022-04-18,-0.0120986062576864,2022,2021-12-31,training_frequency,-1,0.5458298926507019,0.5458298926507019,1,0
rolling5_annual20,2723,2022-04-15,2022-04-25,-0.0528494340140576,2022,2021-12-31,training_frequency,-1,0.5458298926507019,0.5458298926507019,1,0
rolling5_annual20,2728,2022-04-22,2022-05-05,0.015736821365468,2022,2021-12-31,training_frequency,-1,0.5458298926507019,0.5458298926507019,1,1
rolling5_annual20,2733,2022-04-29,2022-05-11,-0.0278824133054675,2022,2021-12-31,training_frequency,-1,0.5458298926507019,0.5458298926507019,1,0
rolling5_annual20,2735,2022-05-06,2022-05-16,0.033741423035827,2022,2021-12-31,training_frequency,-1,0.5458298926507019,0.5458298926507019,1,1
rolling5_annual20,2740,2022-05-13,2022-05-23,0.0164308841843088,2022,2021-12-31,training_frequency,-1,0.5458298926507019,0.5458298926507019,1,1
rolling5_annual20,2745,2022-05-20,2022-05-30,-0.0147293413085614,2022,2021-12-31,training_frequency,-1,0.5458298926507019,0.5458298926507019,1,0
rolling5_annual20,2750,2022-05-27,2022-06-13,0.0431748431927498,2022,2021-12-31,training_frequency,-1,0.5458298926507019,0.5458298926507019,1,1
rolling5_annual20,2759,2022-06-10,2022-06-20,0.0306046547112142,2022,2021-12-31,training_frequency,-1,0.5458298926507019,0.5458298926507019,1,1
rolling5_annual20,2764,2022-06-17,2022-06-27,0.0211666894141107,2022,2021-12-31,training_frequency,-1,0.5458298926507019,0.5458298926507019,1,1
rolling5_annual20,2769,2022-06-24,2022-07-04,0.0074507343130214,2022,2021-12-31,training_frequency,-1,0.5458298926507019,0.5458298926507019,1,1
rolling5_annual20,2774,2022-07-01,2022-07-11,-0.0092349827532707,2022,2021-12-31,training_frequency,-1,0.5458298926507019,0.5458298926507019,1,0
rolling5_annual20,2779,2022-07-08,2022-07-18,-0.0326815927737367,2022,2021-12-31,training_frequency,-1,0.5458298926507019,0.5458298926507019,1,0
rolling5_annual20,2784,2022-07-15,2022-07-25,-0.0066210715249344,2022,2021-12-31,training_frequency,-1,0.5458298926507019,0.5458298926507019,1,0
rolling5_annual20,2789,2022-07-22,2022-08-01,-0.0173077967751003,2022,2021-12-31,training_frequency,-1,0.5458298926507019,0.5458298926507019,1,0
rolling5_annual20,2794,2022-07-29,2022-08-08,-0.004456034513838,2022,2021-12-31,training_frequency,-1,0.5458298926507019,0.5458298926507019,1,0
rolling5_annual20,2799,2022-08-05,2022-08-15,0.0091475117753996,2022,2021-12-31,training_frequency,-1,0.5458298926507019,0.5458298926507019,1,1
rolling5_annual20,2804,2022-08-12,2022-08-22,-0.0107272727272728,2022,2021-12-31,training_frequency,-1,0.5458298926507019,0.5458298926507019,1,0
rolling5_annual20,2809,2022-08-19,2022-08-29,-0.0172375434082356,2022,2021-12-31,training_frequency,-1,0.5458298926507019,0.5458298926507019,1,0
rolling5_annual20,2814,2022-08-26,2022-09-05,-0.0131573766941938,2022,2021-12-31,training_frequency,-1,0.5458298926507019,0.5458298926507019,1,0
rolling5_annual20,2819,2022-09-02,2022-09-13,0.0253340680878015,2022,2021-12-31,training_frequency,-1,0.5458298926507019,0.5458298926507019,1,1
rolling5_annual20,2824,2022-09-09,2022-09-19,-0.044647264962877,2022,2021-12-31,training_frequency,-1,0.5458298926507019,0.5458298926507019,1,0
rolling5_annual20,2828,2022-09-16,2022-09-26,-0.025155151434928,2022,2021-12-31,training_frequency,-1,0.5458298926507019,0.5458298926507019,1,0
rolling5_annual20,2833,2022-09-23,2022-10-10,-0.0060162941299352,2022,2021-12-31,training_frequency,-1,0.5458298926507019,0.5458298926507019,1,0
rolling5_annual20,2838,2022-09-30,2022-10-17,0.0041192047412885,2022,2021-12-31,training_frequency,-1,0.5458298926507019,0.5458298926507019,1,1
rolling5_annual20,2843,2022-10-14,2022-10-24,-0.0246766294110258,2022,2021-12-31,training_frequency,-1,0.5458298926507019,0.5458298926507019,1,0
rolling5_annual20,2848,2022-10-21,2022-10-31,-0.059928861134359,2022,2021-12-31,training_frequency,-1,0.5458298926507019,0.5458298926507019,1,0
rolling5_annual20,2853,2022-10-28,2022-11-07,0.071339502526744,2022,2021-12-31,training_frequency,-1,0.5458298926507019,0.5458298926507019,1,1
rolling5_annual20,2858,2022-11-04,2022-11-14,0.0169449090696014,2022,2021-12-31,training_frequency,-1,0.5458298926507019,0.5458298926507019,1,1
rolling5_annual20,2863,2022-11-11,2022-11-21,-0.0127051391515239,2022,2021-12-31,training_frequency,-1,0.5458298926507019,0.5458298926507019,1,0
rolling5_annual20,2868,2022-11-18,2022-11-28,-0.0179672806084416,2022,2021-12-31,training_frequency,-1,0.5458298926507019,0.5458298926507019,1,0
rolling5_annual20,2873,2022-11-25,2022-12-05,0.0555768659337096,2022,2021-12-31,training_frequency,-1,0.5458298926507019,0.5458298926507019,1,1
rolling5_annual20,2878,2022-12-02,2022-12-12,0.0175374394775362,2022,2021-12-31,training_frequency,-1,0.5458298926507019,0.5458298926507019,1,1
rolling5_annual20,2883,2022-12-09,2022-12-19,-0.0058850602464181,2022,2021-12-31,training_frequency,-1,0.5458298926507019,0.5458298926507019,1,0
rolling5_annual20,2888,2022-12-16,2022-12-26,-0.0309150292073658,2022,2021-12-31,training_frequency,-1,0.5458298926507019,0.5458298926507019,1,0
rolling5_annual20,2893,2022-12-23,2023-01-03,0.0089464492229616,2022,2021-12-31,training_frequency,-1,0.5458298926507019,0.5458298926507019,1,1
rolling5_annual20,2898,2022-12-30,2023-01-09,0.0345913414268119,2022,2021-12-31,training_frequency,-1,0.5458298926507019,0.5458298926507019,1,1
rolling5_annual20,2660,2022-01-07,2022-01-17,-0.0173453887283024,2022,2021-12-31,learned_market,20260911,0.7294539059117436,0.7294539059117436,1,0
rolling5_annual20,2665,2022-01-14,2022-01-24,0.0053248631776616,2022,2021-12-31,learned_market,20260911,0.8407883156513567,0.8407883156513567,1,1
rolling5_annual20,2670,2022-01-21,2022-02-07,-0.0242661876254222,2022,2021-12-31,learned_market,20260911,0.6706767764059957,0.6706767764059957,1,0
rolling5_annual20,2675,2022-01-28,2022-02-14,-0.0127539031341488,2022,2021-12-31,learned_market,20260911,0.49396242770649035,0.49396242770649035,0,0
rolling5_annual20,2680,2022-02-11,2022-02-21,0.0145498774954033,2022,2021-12-31,learned_market,20260911,0.6718433913580089,0.6718433913580089,1,1
rolling5_annual20,2685,2022-02-18,2022-02-28,-0.0177161244498015,2022,2021-12-31,learned_market,20260911,0.5840107527473801,0.5840107527473801,1,0
rolling5_annual20,2690,2022-02-25,2022-03-07,-0.0221791776043331,2022,2021-12-31,learned_market,20260911,0.59915482742086,0.59915482742086,1,0
rolling5_annual20,2695,2022-03-04,2022-03-14,-0.0480378799422749,2022,2021-12-31,learned_market,20260911,0.64751535974218,0.64751535974218,1,0
rolling5_annual20,2700,2022-03-11,2022-03-21,0.007530336734814,2022,2021-12-31,learned_market,20260911,0.6601858855959774,0.6601858855959774,1,1
rolling5_annual20,2705,2022-03-18,2022-03-28,-0.0353493110038457,2022,2021-12-31,learned_market,20260911,0.5676194322684474,0.5676194322684474,1,0
rolling5_annual20,2710,2022-03-25,2022-04-06,0.0314834190717003,2022,2021-12-31,learned_market,20260911,0.7331434681165004,0.7331434681165004,1,1
rolling5_annual20,2715,2022-04-01,2022-04-12,-0.0129237372705649,2022,2021-12-31,learned_market,20260911,0.7319064424968235,0.7319064424968235,1,0
rolling5_annual20,2718,2022-04-08,2022-04-18,-0.0120986062576864,2022,2021-12-31,learned_market,20260911,0.6054453974595707,0.6054453974595707,1,0
rolling5_annual20,2723,2022-04-15,2022-04-25,-0.0528494340140576,2022,2021-12-31,learned_market,20260911,0.780048801319433,0.780048801319433,1,0
rolling5_annual20,2728,2022-04-22,2022-05-05,0.015736821365468,2022,2021-12-31,learned_market,20260911,0.734465746968055,0.734465746968055,1,1
rolling5_annual20,2733,2022-04-29,2022-05-11,-0.0278824133054675,2022,2021-12-31,learned_market,20260911,0.5168257973739826,0.5168257973739826,1,0
rolling5_annual20,2735,2022-05-06,2022-05-16,0.033741423035827,2022,2021-12-31,learned_market,20260911,0.40189346381722363,0.40189346381722363,0,1
rolling5_annual20,2740,2022-05-13,2022-05-23,0.0164308841843088,2022,2021-12-31,learned_market,20260911,0.5083996095353812,0.5083996095353812,1,1
rolling5_annual20,2745,2022-05-20,2022-05-30,-0.0147293413085614,2022,2021-12-31,learned_market,20260911,0.554311952008104,0.554311952008104,1,0
rolling5_annual20,2750,2022-05-27,2022-06-13,0.0431748431927498,2022,2021-12-31,learned_market,20260911,0.6026682500069707,0.6026682500069707,1,1
rolling5_annual20,2759,2022-06-10,2022-06-20,0.0306046547112142,2022,2021-12-31,learned_market,20260911,0.32881944420528136,0.32881944420528136,0,1
rolling5_annual20,2764,2022-06-17,2022-06-27,0.0211666894141107,2022,2021-12-31,learned_market,20260911,0.35966324404140343,0.35966324404140343,0,1
rolling5_annual20,2769,2022-06-24,2022-07-04,0.0074507343130214,2022,2021-12-31,learned_market,20260911,0.46809827445499036,0.46809827445499036,0,1
rolling5_annual20,2774,2022-07-01,2022-07-11,-0.0092349827532707,2022,2021-12-31,learned_market,20260911,0.5193349295186931,0.5193349295186931,1,0
rolling5_annual20,2779,2022-07-08,2022-07-18,-0.0326815927737367,2022,2021-12-31,learned_market,20260911,0.5210563697553774,0.5210563697553774,1,0
rolling5_annual20,2784,2022-07-15,2022-07-25,-0.0066210715249344,2022,2021-12-31,learned_market,20260911,0.276078528858952,0.276078528858952,0,0
rolling5_annual20,2789,2022-07-22,2022-08-01,-0.0173077967751003,2022,2021-12-31,learned_market,20260911,0.3174121093765397,0.3174121093765397,0,0
rolling5_annual20,2794,2022-07-29,2022-08-08,-0.004456034513838,2022,2021-12-31,learned_market,20260911,0.5558739451685917,0.5558739451685917,1,0
rolling5_annual20,2799,2022-08-05,2022-08-15,0.0091475117753996,2022,2021-12-31,learned_market,20260911,0.7108208060891671,0.7108208060891671,1,1
rolling5_annual20,2804,2022-08-12,2022-08-22,-0.0107272727272728,2022,2021-12-31,learned_market,20260911,0.7273713339025305,0.7273713339025305,1,0
rolling5_annual20,2809,2022-08-19,2022-08-29,-0.0172375434082356,2022,2021-12-31,learned_market,20260911,0.6886147057688298,0.6886147057688298,1,0
rolling5_annual20,2814,2022-08-26,2022-09-05,-0.0131573766941938,2022,2021-12-31,learned_market,20260911,0.7346873214158656,0.7346873214158656,1,0
rolling5_annual20,2819,2022-09-02,2022-09-13,0.0253340680878015,2022,2021-12-31,learned_market,20260911,0.6710140552387813,0.6710140552387813,1,1
rolling5_annual20,2824,2022-09-09,2022-09-19,-0.044647264962877,2022,2021-12-31,learned_market,20260911,0.6038239271387368,0.6038239271387368,1,0
rolling5_annual20,2828,2022-09-16,2022-09-26,-0.025155151434928,2022,2021-12-31,learned_market,20260911,0.6255457939860786,0.6255457939860786,1,0
rolling5_annual20,2833,2022-09-23,2022-10-10,-0.0060162941299352,2022,2021-12-31,learned_market,20260911,0.7610381426054592,0.7610381426054592,1,0
rolling5_annual20,2838,2022-09-30,2022-10-17,0.0041192047412885,2022,2021-12-31,learned_market,20260911,0.6286054158457117,0.6286054158457117,1,1
rolling5_annual20,2843,2022-10-14,2022-10-24,-0.0246766294110258,2022,2021-12-31,learned_market,20260911,0.6024904340723066,0.6024904340723066,1,0
rolling5_annual20,2848,2022-10-21,2022-10-31,-0.059928861134359,2022,2021-12-31,learned_market,20260911,0.7274642486524198,0.7274642486524198,1,0
rolling5_annual20,2853,2022-10-28,2022-11-07,0.071339502526744,2022,2021-12-31,learned_market,20260911,0.6162056186940947,0.6162056186940947,1,1
rolling5_annual20,2858,2022-11-04,2022-11-14,0.0169449090696014,2022,2021-12-31,learned_market,20260911,0.2741800907264702,0.2741800907264702,0,1
rolling5_annual20,2863,2022-11-11,2022-11-21,-0.0127051391515239,2022,2021-12-31,learned_market,20260911,0.4034782500066313,0.4034782500066313,0,0
rolling5_annual20,2868,2022-11-18,2022-11-28,-0.0179672806084416,2022,2021-12-31,learned_market,20260911,0.28542469178379576,0.28542469178379576,0,0
rolling5_annual20,2873,2022-11-25,2022-12-05,0.0555768659337096,2022,2021-12-31,learned_market,20260911,0.47138114372847095,0.47138114372847095,0,1
rolling5_annual20,2878,2022-12-02,2022-12-12,0.0175374394775362,2022,2021-12-31,learned_market,20260911,0.619105964448534,0.619105964448534,1,1
rolling5_annual20,2883,2022-12-09,2022-12-19,-0.0058850602464181,2022,2021-12-31,learned_market,20260911,0.5282980986624768,0.5282980986624768,1,0
rolling5_annual20,2888,2022-12-16,2022-12-26,-0.0309150292073658,2022,2021-12-31,learned_market,20260911,0.4732576186190321,0.4732576186190321,0,0
rolling5_annual20,2893,2022-12-23,2023-01-03,0.0089464492229616,2022,2021-12-31,learned_market,20260911,0.6046975557386036,0.6046975557386036,1,1
rolling5_annual20,2898,2022-12-30,2023-01-09,0.0345913414268119,2022,2021-12-31,learned_market,20260911,0.3076905762143074,0.3076905762143074,0,1
rolling5_annual20,2660,2022-01-07,2022-01-17,-0.0173453887283024,2022,2021-12-31,learned_vol_interaction,20260911,0.7282516722944598,0.7282516722944598,1,0
rolling5_annual20,2665,2022-01-14,2022-01-24,0.0053248631776616,2022,2021-12-31,learned_vol_interaction,20260911,0.8368717958263094,0.8368717958263094,1,1
rolling5_annual20,2670,2022-01-21,2022-02-07,-0.0242661876254222,2022,2021-12-31,learned_vol_interaction,20260911,0.669613908132946,0.669613908132946,1,0
rolling5_annual20,2675,2022-01-28,2022-02-14,-0.0127539031341488,2022,2021-12-31,learned_vol_interaction,20260911,0.49771804856397844,0.49771804856397844,0,0
rolling5_annual20,2680,2022-02-11,2022-02-21,0.0145498774954033,2022,2021-12-31,learned_vol_interaction,20260911,0.6694625883349451,0.6694625883349451,1,1
rolling5_annual20,2685,2022-02-18,2022-02-28,-0.0177161244498015,2022,2021-12-31,learned_vol_interaction,20260911,0.5867879452577756,0.5867879452577756,1,0
rolling5_annual20,2690,2022-02-25,2022-03-07,-0.0221791776043331,2022,2021-12-31,learned_vol_interaction,20260911,0.6015705830845076,0.6015705830845076,1,0
rolling5_annual20,2695,2022-03-04,2022-03-14,-0.0480378799422749,2022,2021-12-31,learned_vol_interaction,20260911,0.6516108393132726,0.6516108393132726,1,0
rolling5_annual20,2700,2022-03-11,2022-03-21,0.007530336734814,2022,2021-12-31,learned_vol_interaction,20260911,0.6653311044961694,0.6653311044961694,1,1
rolling5_annual20,2705,2022-03-18,2022-03-28,-0.0353493110038457,2022,2021-12-31,learned_vol_interaction,20260911,0.567250973729041,0.567250973729041,1,0
rolling5_annual20,2710,2022-03-25,2022-04-06,0.0314834190717003,2022,2021-12-31,learned_vol_interaction,20260911,0.7397988804119464,0.7397988804119464,1,1
rolling5_annual20,2715,2022-04-01,2022-04-12,-0.0129237372705649,2022,2021-12-31,learned_vol_interaction,20260911,0.7431810041436555,0.7431810041436555,1,0
rolling5_annual20,2718,2022-04-08,2022-04-18,-0.0120986062576864,2022,2021-12-31,learned_vol_interaction,20260911,0.601115184023622,0.601115184023622,1,0
rolling5_annual20,2723,2022-04-15,2022-04-25,-0.0528494340140576,2022,2021-12-31,learned_vol_interaction,20260911,0.7843896219441964,0.7843896219441964,1,0
rolling5_annual20,2728,2022-04-22,2022-05-05,0.015736821365468,2022,2021-12-31,learned_vol_interaction,20260911,0.7408337892127695,0.7408337892127695,1,1
rolling5_annual20,2733,2022-04-29,2022-05-11,-0.0278824133054675,2022,2021-12-31,learned_vol_interaction,20260911,0.5124458489532762,0.5124458489532762,1,0
rolling5_annual20,2735,2022-05-06,2022-05-16,0.033741423035827,2022,2021-12-31,learned_vol_interaction,20260911,0.38434598170774237,0.38434598170774237,0,1
rolling5_annual20,2740,2022-05-13,2022-05-23,0.0164308841843088,2022,2021-12-31,learned_vol_interaction,20260911,0.4962015474558973,0.4962015474558973,0,1
rolling5_annual20,2745,2022-05-20,2022-05-30,-0.0147293413085614,2022,2021-12-31,learned_vol_interaction,20260911,0.5536729513391327,0.5536729513391327,1,0
rolling5_annual20,2750,2022-05-27,2022-06-13,0.0431748431927498,2022,2021-12-31,learned_vol_interaction,20260911,0.6054554975797125,0.6054554975797125,1,1
rolling5_annual20,2759,2022-06-10,2022-06-20,0.0306046547112142,2022,2021-12-31,learned_vol_interaction,20260911,0.33012579252956525,0.33012579252956525,0,1
rolling5_annual20,2764,2022-06-17,2022-06-27,0.0211666894141107,2022,2021-12-31,learned_vol_interaction,20260911,0.36375167025478616,0.36375167025478616,0,1
rolling5_annual20,2769,2022-06-24,2022-07-04,0.0074507343130214,2022,2021-12-31,learned_vol_interaction,20260911,0.47411451496984686,0.47411451496984686,0,1
rolling5_annual20,2774,2022-07-01,2022-07-11,-0.0092349827532707,2022,2021-12-31,learned_vol_interaction,20260911,0.5243593636282992,0.5243593636282992,1,0
rolling5_annual20,2779,2022-07-08,2022-07-18,-0.0326815927737367,2022,2021-12-31,learned_vol_interaction,20260911,0.5287137474480963,0.5287137474480963,1,0
rolling5_annual20,2784,2022-07-15,2022-07-25,-0.0066210715249344,2022,2021-12-31,learned_vol_interaction,20260911,0.28286663565549924,0.28286663565549924,0,0
rolling5_annual20,2789,2022-07-22,2022-08-01,-0.0173077967751003,2022,2021-12-31,learned_vol_interaction,20260911,0.32529843901510974,0.32529843901510974,0,0
rolling5_annual20,2794,2022-07-29,2022-08-08,-0.004456034513838,2022,2021-12-31,learned_vol_interaction,20260911,0.5568653358658677,0.5568653358658677,1,0
rolling5_annual20,2799,2022-08-05,2022-08-15,0.0091475117753996,2022,2021-12-31,learned_vol_interaction,20260911,0.7117205557364277,0.7117205557364277,1,1
rolling5_annual20,2804,2022-08-12,2022-08-22,-0.0107272727272728,2022,2021-12-31,learned_vol_interaction,20260911,0.728089070877284,0.728089070877284,1,0
rolling5_annual20,2809,2022-08-19,2022-08-29,-0.0172375434082356,2022,2021-12-31,learned_vol_interaction,20260911,0.6906588614286806,0.6906588614286806,1,0
rolling5_annual20,2814,2022-08-26,2022-09-05,-0.0131573766941938,2022,2021-12-31,learned_vol_interaction,20260911,0.7374791554763223,0.7374791554763223,1,0
rolling5_annual20,2819,2022-09-02,2022-09-13,0.0253340680878015,2022,2021-12-31,learned_vol_interaction,20260911,0.6762833071893946,0.6762833071893946,1,1
rolling5_annual20,2824,2022-09-09,2022-09-19,-0.044647264962877,2022,2021-12-31,learned_vol_interaction,20260911,0.6072920416996368,0.6072920416996368,1,0
rolling5_annual20,2828,2022-09-16,2022-09-26,-0.025155151434928,2022,2021-12-31,learned_vol_interaction,20260911,0.6281865846659338,0.6281865846659338,1,0
rolling5_annual20,2833,2022-09-23,2022-10-10,-0.0060162941299352,2022,2021-12-31,learned_vol_interaction,20260911,0.7572974806973762,0.7572974806973762,1,0
rolling5_annual20,2838,2022-09-30,2022-10-17,0.0041192047412885,2022,2021-12-31,learned_vol_interaction,20260911,0.6301564951939066,0.6301564951939066,1,1
rolling5_annual20,2843,2022-10-14,2022-10-24,-0.0246766294110258,2022,2021-12-31,learned_vol_interaction,20260911,0.6036044775658358,0.6036044775658358,1,0
rolling5_annual20,2848,2022-10-21,2022-10-31,-0.059928861134359,2022,2021-12-31,learned_vol_interaction,20260911,0.726257224907292,0.726257224907292,1,0
rolling5_annual20,2853,2022-10-28,2022-11-07,0.071339502526744,2022,2021-12-31,learned_vol_interaction,20260911,0.6194197152198353,0.6194197152198353,1,1
rolling5_annual20,2858,2022-11-04,2022-11-14,0.0169449090696014,2022,2021-12-31,learned_vol_interaction,20260911,0.2623086047561504,0.2623086047561504,0,1
rolling5_annual20,2863,2022-11-11,2022-11-21,-0.0127051391515239,2022,2021-12-31,learned_vol_interaction,20260911,0.3957947302193098,0.3957947302193098,0,0
rolling5_annual20,2868,2022-11-18,2022-11-28,-0.0179672806084416,2022,2021-12-31,learned_vol_interaction,20260911,0.27002199366661744,0.27002199366661744,0,0
rolling5_annual20,2873,2022-11-25,2022-12-05,0.0555768659337096,2022,2021-12-31,learned_vol_interaction,20260911,0.4675758528871144,0.4675758528871144,0,1
rolling5_annual20,2878,2022-12-02,2022-12-12,0.0175374394775362,2022,2021-12-31,learned_vol_interaction,20260911,0.6179388855194429,0.6179388855194429,1,1
rolling5_annual20,2883,2022-12-09,2022-12-19,-0.0058850602464181,2022,2021-12-31,learned_vol_interaction,20260911,0.5307559736215643,0.5307559736215643,1,0
rolling5_annual20,2888,2022-12-16,2022-12-26,-0.0309150292073658,2022,2021-12-31,learned_vol_interaction,20260911,0.4750923081261837,0.4750923081261837,0,0
rolling5_annual20,2893,2022-12-23,2023-01-03,0.0089464492229616,2022,2021-12-31,learned_vol_interaction,20260911,0.6024109731884131,0.6024109731884131,1,1
rolling5_annual20,2898,2022-12-30,2023-01-09,0.0345913414268119,2022,2021-12-31,learned_vol_interaction,20260911,0.3155450399210081,0.3155450399210081,0,1
rolling5_annual20,2660,2022-01-07,2022-01-17,-0.0173453887283024,2022,2021-12-31,learned_order_extension,20260911,0.7315565762281606,0.7315565762281606,1,0
rolling5_annual20,2665,2022-01-14,2022-01-24,0.0053248631776616,2022,2021-12-31,learned_order_extension,20260911,0.8308708352808971,0.8308708352808971,1,1
rolling5_annual20,2670,2022-01-21,2022-02-07,-0.0242661876254222,2022,2021-12-31,learned_order_extension,20260911,0.6953405747399578,0.6953405747399578,1,0
rolling5_annual20,2675,2022-01-28,2022-02-14,-0.0127539031341488,2022,2021-12-31,learned_order_extension,20260911,0.47011278529334005,0.47011278529334005,0,0
rolling5_annual20,2680,2022-02-11,2022-02-21,0.0145498774954033,2022,2021-12-31,learned_order_extension,20260911,0.6818533435255958,0.6818533435255958,1,1
rolling5_annual20,2685,2022-02-18,2022-02-28,-0.0177161244498015,2022,2021-12-31,learned_order_extension,20260911,0.5955146443753425,0.5955146443753425,1,0
rolling5_annual20,2690,2022-02-25,2022-03-07,-0.0221791776043331,2022,2021-12-31,learned_order_extension,20260911,0.609831009331646,0.609831009331646,1,0
rolling5_annual20,2695,2022-03-04,2022-03-14,-0.0480378799422749,2022,2021-12-31,learned_order_extension,20260911,0.6608881864634962,0.6608881864634962,1,0
rolling5_annual20,2700,2022-03-11,2022-03-21,0.007530336734814,2022,2021-12-31,learned_order_extension,20260911,0.667203580437131,0.667203580437131,1,1
rolling5_annual20,2705,2022-03-18,2022-03-28,-0.0353493110038457,2022,2021-12-31,learned_order_extension,20260911,0.5665388063290007,0.5665388063290007,1,0
rolling5_annual20,2710,2022-03-25,2022-04-06,0.0314834190717003,2022,2021-12-31,learned_order_extension,20260911,0.7315317518580224,0.7315317518580224,1,1
rolling5_annual20,2715,2022-04-01,2022-04-12,-0.0129237372705649,2022,2021-12-31,learned_order_extension,20260911,0.7324552613785594,0.7324552613785594,1,0
rolling5_annual20,2718,2022-04-08,2022-04-18,-0.0120986062576864,2022,2021-12-31,learned_order_extension,20260911,0.5757660544472725,0.5757660544472725,1,0
rolling5_annual20,2723,2022-04-15,2022-04-25,-0.0528494340140576,2022,2021-12-31,learned_order_extension,20260911,0.7914821695285316,0.7914821695285316,1,0
rolling5_annual20,2728,2022-04-22,2022-05-05,0.015736821365468,2022,2021-12-31,learned_order_extension,20260911,0.7445035554337466,0.7445035554337466,1,1
rolling5_annual20,2733,2022-04-29,2022-05-11,-0.0278824133054675,2022,2021-12-31,learned_order_extension,20260911,0.512691847329782,0.512691847329782,1,0
rolling5_annual20,2735,2022-05-06,2022-05-16,0.033741423035827,2022,2021-12-31,learned_order_extension,20260911,0.39192947263156325,0.39192947263156325,0,1
rolling5_annual20,2740,2022-05-13,2022-05-23,0.0164308841843088,2022,2021-12-31,learned_order_extension,20260911,0.4923475901483292,0.4923475901483292,0,1
rolling5_annual20,2745,2022-05-20,2022-05-30,-0.0147293413085614,2022,2021-12-31,learned_order_extension,20260911,0.5453859955701774,0.5453859955701774,1,0
rolling5_annual20,2750,2022-05-27,2022-06-13,0.0431748431927498,2022,2021-12-31,learned_order_extension,20260911,0.606543809827078,0.606543809827078,1,1
rolling5_annual20,2759,2022-06-10,2022-06-20,0.0306046547112142,2022,2021-12-31,learned_order_extension,20260911,0.3194430778691506,0.3194430778691506,0,1
rolling5_annual20,2764,2022-06-17,2022-06-27,0.0211666894141107,2022,2021-12-31,learned_order_extension,20260911,0.33808664733638566,0.33808664733638566,0,1
rolling5_annual20,2769,2022-06-24,2022-07-04,0.0074507343130214,2022,2021-12-31,learned_order_extension,20260911,0.4651372063002809,0.4651372063002809,0,1
rolling5_annual20,2774,2022-07-01,2022-07-11,-0.0092349827532707,2022,2021-12-31,learned_order_extension,20260911,0.5074843163264047,0.5074843163264047,1,0
rolling5_annual20,2779,2022-07-08,2022-07-18,-0.0326815927737367,2022,2021-12-31,learned_order_extension,20260911,0.5121847716177591,0.5121847716177591,1,0
rolling5_annual20,2784,2022-07-15,2022-07-25,-0.0066210715249344,2022,2021-12-31,learned_order_extension,20260911,0.2684864364550306,0.2684864364550306,0,0
rolling5_annual20,2789,2022-07-22,2022-08-01,-0.0173077967751003,2022,2021-12-31,learned_order_extension,20260911,0.2677542813034704,0.2677542813034704,0,0
rolling5_annual20,2794,2022-07-29,2022-08-08,-0.004456034513838,2022,2021-12-31,learned_order_extension,20260911,0.5491944105847139,0.5491944105847139,1,0
rolling5_annual20,2799,2022-08-05,2022-08-15,0.0091475117753996,2022,2021-12-31,learned_order_extension,20260911,0.777138078827454,0.777138078827454,1,1
rolling5_annual20,2804,2022-08-12,2022-08-22,-0.0107272727272728,2022,2021-12-31,learned_order_extension,20260911,0.7974960640657842,0.7974960640657842,1,0
rolling5_annual20,2809,2022-08-19,2022-08-29,-0.0172375434082356,2022,2021-12-31,learned_order_extension,20260911,0.7637706546439285,0.7637706546439285,1,0
rolling5_annual20,2814,2022-08-26,2022-09-05,-0.0131573766941938,2022,2021-12-31,learned_order_extension,20260911,0.8226540126203189,0.8226540126203189,1,0
rolling5_annual20,2819,2022-09-02,2022-09-13,0.0253340680878015,2022,2021-12-31,learned_order_extension,20260911,0.7276803329800616,0.7276803329800616,1,1
rolling5_annual20,2824,2022-09-09,2022-09-19,-0.044647264962877,2022,2021-12-31,learned_order_extension,20260911,0.6403269116194389,0.6403269116194389,1,0
rolling5_annual20,2828,2022-09-16,2022-09-26,-0.025155151434928,2022,2021-12-31,learned_order_extension,20260911,0.672911792764146,0.672911792764146,1,0
rolling5_annual20,2833,2022-09-23,2022-10-10,-0.0060162941299352,2022,2021-12-31,learned_order_extension,20260911,0.8103058077398577,0.8103058077398577,1,0
rolling5_annual20,2838,2022-09-30,2022-10-17,0.0041192047412885,2022,2021-12-31,learned_order_extension,20260911,0.6385508768739941,0.6385508768739941,1,1
rolling5_annual20,2843,2022-10-14,2022-10-24,-0.0246766294110258,2022,2021-12-31,learned_order_extension,20260911,0.6040798099433027,0.6040798099433027,1,0
rolling5_annual20,2848,2022-10-21,2022-10-31,-0.059928861134359,2022,2021-12-31,learned_order_extension,20260911,0.7460757510851368,0.7460757510851368,1,0
rolling5_annual20,2853,2022-10-28,2022-11-07,0.071339502526744,2022,2021-12-31,learned_order_extension,20260911,0.617431468121719,0.617431468121719,1,1
rolling5_annual20,2858,2022-11-04,2022-11-14,0.0169449090696014,2022,2021-12-31,learned_order_extension,20260911,0.23004652965456976,0.23004652965456976,0,1
rolling5_annual20,2863,2022-11-11,2022-11-21,-0.0127051391515239,2022,2021-12-31,learned_order_extension,20260911,0.4001949641411597,0.4001949641411597,0,0
rolling5_annual20,2868,2022-11-18,2022-11-28,-0.0179672806084416,2022,2021-12-31,learned_order_extension,20260911,0.30403744962658297,0.30403744962658297,0,0
rolling5_annual20,2873,2022-11-25,2022-12-05,0.0555768659337096,2022,2021-12-31,learned_order_extension,20260911,0.4839806901293675,0.4839806901293675,0,1
rolling5_annual20,2878,2022-12-02,2022-12-12,0.0175374394775362,2022,2021-12-31,learned_order_extension,20260911,0.6025716211552316,0.6025716211552316,1,1
rolling5_annual20,2883,2022-12-09,2022-12-19,-0.0058850602464181,2022,2021-12-31,learned_order_extension,20260911,0.544959524525394,0.544959524525394,1,0
rolling5_annual20,2888,2022-12-16,2022-12-26,-0.0309150292073658,2022,2021-12-31,learned_order_extension,20260911,0.4782827682771969,0.4782827682771969,0,0
rolling5_annual20,2893,2022-12-23,2023-01-03,0.0089464492229616,2022,2021-12-31,learned_order_extension,20260911,0.5868134156375693,0.5868134156375693,1,1
rolling5_annual20,2898,2022-12-30,2023-01-09,0.0345913414268119,2022,2021-12-31,learned_order_extension,20260911,0.3072064907465254,0.3072064907465254,0,1
rolling5_annual20,2660,2022-01-07,2022-01-17,-0.0173453887283024,2022,2021-12-31,learned_order_offset,20260911,0.7303915631000331,0.7303915631000331,1,0
rolling5_annual20,2665,2022-01-14,2022-01-24,0.0053248631776616,2022,2021-12-31,learned_order_offset,20260911,0.8287429062191539,0.8287429062191539,1,1
rolling5_annual20,2670,2022-01-21,2022-02-07,-0.0242661876254222,2022,2021-12-31,learned_order_offset,20260911,0.6946014374965778,0.6946014374965778,1,0
rolling5_annual20,2675,2022-01-28,2022-02-14,-0.0127539031341488,2022,2021-12-31,learned_order_offset,20260911,0.47036190476294487,0.47036190476294487,0,0
rolling5_annual20,2680,2022-02-11,2022-02-21,0.0145498774954033,2022,2021-12-31,learned_order_offset,20260911,0.6802368405234962,0.6802368405234962,1,1
rolling5_annual20,2685,2022-02-18,2022-02-28,-0.0177161244498015,2022,2021-12-31,learned_order_offset,20260911,0.596796587857382,0.596796587857382,1,0
rolling5_annual20,2690,2022-02-25,2022-03-07,-0.0221791776043331,2022,2021-12-31,learned_order_offset,20260911,0.6102898323949857,0.6102898323949857,1,0
rolling5_annual20,2695,2022-03-04,2022-03-14,-0.0480378799422749,2022,2021-12-31,learned_order_offset,20260911,0.6602950267381666,0.6602950267381666,1,0
rolling5_annual20,2700,2022-03-11,2022-03-21,0.007530336734814,2022,2021-12-31,learned_order_offset,20260911,0.6664417620027226,0.6664417620027226,1,1
rolling5_annual20,2705,2022-03-18,2022-03-28,-0.0353493110038457,2022,2021-12-31,learned_order_offset,20260911,0.5665934515797131,0.5665934515797131,1,0
rolling5_annual20,2710,2022-03-25,2022-04-06,0.0314834190717003,2022,2021-12-31,learned_order_offset,20260911,0.7312694881776368,0.7312694881776368,1,1
rolling5_annual20,2715,2022-04-01,2022-04-12,-0.0129237372705649,2022,2021-12-31,learned_order_offset,20260911,0.7324670213429436,0.7324670213429436,1,0
rolling5_annual20,2718,2022-04-08,2022-04-18,-0.0120986062576864,2022,2021-12-31,learned_order_offset,20260911,0.5743123235952446,0.5743123235952446,1,0
rolling5_annual20,2723,2022-04-15,2022-04-25,-0.0528494340140576,2022,2021-12-31,learned_order_offset,20260911,0.789920397567569,0.789920397567569,1,0
rolling5_annual20,2728,2022-04-22,2022-05-05,0.015736821365468,2022,2021-12-31,learned_order_offset,20260911,0.7438162541041152,0.7438162541041152,1,1
rolling5_annual20,2733,2022-04-29,2022-05-11,-0.0278824133054675,2022,2021-12-31,learned_order_offset,20260911,0.5113015107739602,0.5113015107739602,1,0
rolling5_annual20,2735,2022-05-06,2022-05-16,0.033741423035827,2022,2021-12-31,learned_order_offset,20260911,0.3890720337526808,0.3890720337526808,0,1
rolling5_annual20,2740,2022-05-13,2022-05-23,0.0164308841843088,2022,2021-12-31,learned_order_offset,20260911,0.4890167561559044,0.4890167561559044,0,1
rolling5_annual20,2745,2022-05-20,2022-05-30,-0.0147293413085614,2022,2021-12-31,learned_order_offset,20260911,0.5443348672271099,0.5443348672271099,1,0
rolling5_annual20,2750,2022-05-27,2022-06-13,0.0431748431927498,2022,2021-12-31,learned_order_offset,20260911,0.6058889369805722,0.6058889369805722,1,1
rolling5_annual20,2759,2022-06-10,2022-06-20,0.0306046547112142,2022,2021-12-31,learned_order_offset,20260911,0.3203786258296504,0.3203786258296504,0,1
rolling5_annual20,2764,2022-06-17,2022-06-27,0.0211666894141107,2022,2021-12-31,learned_order_offset,20260911,0.3393918095171554,0.3393918095171554,0,1
rolling5_annual20,2769,2022-06-24,2022-07-04,0.0074507343130214,2022,2021-12-31,learned_order_offset,20260911,0.4655557857250781,0.4655557857250781,0,1
rolling5_annual20,2774,2022-07-01,2022-07-11,-0.0092349827532707,2022,2021-12-31,learned_order_offset,20260911,0.5070250526739909,0.5070250526739909,1,0
rolling5_annual20,2779,2022-07-08,2022-07-18,-0.0326815927737367,2022,2021-12-31,learned_order_offset,20260911,0.5121244968373462,0.5121244968373462,1,0
rolling5_annual20,2784,2022-07-15,2022-07-25,-0.0066210715249344,2022,2021-12-31,learned_order_offset,20260911,0.27002224125244795,0.27002224125244795,0,0
rolling5_annual20,2789,2022-07-22,2022-08-01,-0.0173077967751003,2022,2021-12-31,learned_order_offset,20260911,0.2693979955700283,0.2693979955700283,0,0
rolling5_annual20,2794,2022-07-29,2022-08-08,-0.004456034513838,2022,2021-12-31,learned_order_offset,20260911,0.5493720737942515,0.5493720737942515,1,0
rolling5_annual20,2799,2022-08-05,2022-08-15,0.0091475117753996,2022,2021-12-31,learned_order_offset,20260911,0.7763427204784161,0.7763427204784161,1,1
rolling5_annual20,2804,2022-08-12,2022-08-22,-0.0107272727272728,2022,2021-12-31,learned_order_offset,20260911,0.7964144422108967,0.7964144422108967,1,0
rolling5_annual20,2809,2022-08-19,2022-08-29,-0.0172375434082356,2022,2021-12-31,learned_order_offset,20260911,0.7629768652536982,0.7629768652536982,1,0
rolling5_annual20,2814,2022-08-26,2022-09-05,-0.0131573766941938,2022,2021-12-31,learned_order_offset,20260911,0.8221287067625676,0.8221287067625676,1,0
rolling5_annual20,2819,2022-09-02,2022-09-13,0.0253340680878015,2022,2021-12-31,learned_order_offset,20260911,0.7281487114609698,0.7281487114609698,1,1
rolling5_annual20,2824,2022-09-09,2022-09-19,-0.044647264962877,2022,2021-12-31,learned_order_offset,20260911,0.6402873789680222,0.6402873789680222,1,0
rolling5_annual20,2828,2022-09-16,2022-09-26,-0.025155151434928,2022,2021-12-31,learned_order_offset,20260911,0.6729215132790227,0.6729215132790227,1,0
rolling5_annual20,2833,2022-09-23,2022-10-10,-0.0060162941299352,2022,2021-12-31,learned_order_offset,20260911,0.8081806233925085,0.8081806233925085,1,0
rolling5_annual20,2838,2022-09-30,2022-10-17,0.0041192047412885,2022,2021-12-31,learned_order_offset,20260911,0.6388405343021406,0.6388405343021406,1,1
rolling5_annual20,2843,2022-10-14,2022-10-24,-0.0246766294110258,2022,2021-12-31,learned_order_offset,20260911,0.6039684511962653,0.6039684511962653,1,0
rolling5_annual20,2848,2022-10-21,2022-10-31,-0.059928861134359,2022,2021-12-31,learned_order_offset,20260911,0.7450194088842416,0.7450194088842416,1,0
rolling5_annual20,2853,2022-10-28,2022-11-07,0.071339502526744,2022,2021-12-31,learned_order_offset,20260911,0.6172868621197211,0.6172868621197211,1,1
rolling5_annual20,2858,2022-11-04,2022-11-14,0.0169449090696014,2022,2021-12-31,learned_order_offset,20260911,0.2288997396561917,0.2288997396561917,0,1
rolling5_annual20,2863,2022-11-11,2022-11-21,-0.0127051391515239,2022,2021-12-31,learned_order_offset,20260911,0.39873151134177104,0.39873151134177104,0,0
rolling5_annual20,2868,2022-11-18,2022-11-28,-0.0179672806084416,2022,2021-12-31,learned_order_offset,20260911,0.3021649857617269,0.3021649857617269,0,0
rolling5_annual20,2873,2022-11-25,2022-12-05,0.0555768659337096,2022,2021-12-31,learned_order_offset,20260911,0.4818279173695329,0.4818279173695329,0,1
rolling5_annual20,2878,2022-12-02,2022-12-12,0.0175374394775362,2022,2021-12-31,learned_order_offset,20260911,0.6005376182272921,0.6005376182272921,1,1
rolling5_annual20,2883,2022-12-09,2022-12-19,-0.0058850602464181,2022,2021-12-31,learned_order_offset,20260911,0.5449944358245183,0.5449944358245183,1,0
rolling5_annual20,2888,2022-12-16,2022-12-26,-0.0309150292073658,2022,2021-12-31,learned_order_offset,20260911,0.4788884926887394,0.4788884926887394,0,0
rolling5_annual20,2893,2022-12-23,2023-01-03,0.0089464492229616,2022,2021-12-31,learned_order_offset,20260911,0.5860352502699303,0.5860352502699303,1,1
rolling5_annual20,2898,2022-12-30,2023-01-09,0.0345913414268119,2022,2021-12-31,learned_order_offset,20260911,0.308675753062318,0.308675753062318,0,1
rolling5_annual20,2660,2022-01-07,2022-01-17,-0.0173453887283024,2022,2021-12-31,native_mse,20260911,0.007330315708159769,,1,0
rolling5_annual20,2665,2022-01-14,2022-01-24,0.0053248631776616,2022,2021-12-31,native_mse,20260911,0.015471274729398543,,1,1
rolling5_annual20,2670,2022-01-21,2022-02-07,-0.0242661876254222,2022,2021-12-31,native_mse,20260911,0.009873111042602054,,1,0
rolling5_annual20,2675,2022-01-28,2022-02-14,-0.0127539031341488,2022,2021-12-31,native_mse,20260911,0.0025503118790792955,,1,0
rolling5_annual20,2680,2022-02-11,2022-02-21,0.0145498774954033,2022,2021-12-31,native_mse,20260911,0.0063949393307865515,,1,1
rolling5_annual20,2685,2022-02-18,2022-02-28,-0.0177161244498015,2022,2021-12-31,native_mse,20260911,0.004306186298337274,,1,0
rolling5_annual20,2690,2022-02-25,2022-03-07,-0.0221791776043331,2022,2021-12-31,native_mse,20260911,0.00884306439536679,,1,0
rolling5_annual20,2695,2022-03-04,2022-03-14,-0.0480378799422749,2022,2021-12-31,native_mse,20260911,0.008878575004775912,,1,0
rolling5_annual20,2700,2022-03-11,2022-03-21,0.007530336734814,2022,2021-12-31,native_mse,20260911,0.008804997087552644,,1,1
rolling5_annual20,2705,2022-03-18,2022-03-28,-0.0353493110038457,2022,2021-12-31,native_mse,20260911,0.0029149751065889705,,1,0
rolling5_annual20,2710,2022-03-25,2022-04-06,0.0314834190717003,2022,2021-12-31,native_mse,20260911,0.009608904415587632,,1,1
rolling5_annual20,2715,2022-04-01,2022-04-12,-0.0129237372705649,2022,2021-12-31,native_mse,20260911,0.013290024702572031,,1,0
rolling5_annual20,2718,2022-04-08,2022-04-18,-0.0120986062576864,2022,2021-12-31,native_mse,20260911,0.0032429576095984285,,1,0
rolling5_annual20,2723,2022-04-15,2022-04-25,-0.0528494340140576,2022,2021-12-31,native_mse,20260911,0.016983479995433693,,1,0
rolling5_annual20,2728,2022-04-22,2022-05-05,0.015736821365468,2022,2021-12-31,native_mse,20260911,0.011987542362233185,,1,1
rolling5_annual20,2733,2022-04-29,2022-05-11,-0.0278824133054675,2022,2021-12-31,native_mse,20260911,0.0046606294840712235,,1,0
rolling5_annual20,2735,2022-05-06,2022-05-16,0.033741423035827,2022,2021-12-31,native_mse,20260911,-0.002196005566182584,,0,1
rolling5_annual20,2740,2022-05-13,2022-05-23,0.0164308841843088,2022,2021-12-31,native_mse,20260911,0.0038854901281264037,,1,1
rolling5_annual20,2745,2022-05-20,2022-05-30,-0.0147293413085614,2022,2021-12-31,native_mse,20260911,0.005767086549547615,,1,0
rolling5_annual20,2750,2022-05-27,2022-06-13,0.0431748431927498,2022,2021-12-31,native_mse,20260911,0.001263767062796844,,1,1
rolling5_annual20,2759,2022-06-10,2022-06-20,0.0306046547112142,2022,2021-12-31,native_mse,20260911,-0.0024637080117748144,,0,1
rolling5_annual20,2764,2022-06-17,2022-06-27,0.0211666894141107,2022,2021-12-31,native_mse,20260911,-0.0034192691302211337,,0,1
rolling5_annual20,2769,2022-06-24,2022-07-04,0.0074507343130214,2022,2021-12-31,native_mse,20260911,0.0007173637240202417,,1,1
rolling5_annual20,2774,2022-07-01,2022-07-11,-0.0092349827532707,2022,2021-12-31,native_mse,20260911,0.00019356382111467723,,1,0
rolling5_annual20,2779,2022-07-08,2022-07-18,-0.0326815927737367,2022,2021-12-31,native_mse,20260911,-0.002705313965036355,,0,0
rolling5_annual20,2784,2022-07-15,2022-07-25,-0.0066210715249344,2022,2021-12-31,native_mse,20260911,-0.01432584048846508,,0,0
rolling5_annual20,2789,2022-07-22,2022-08-01,-0.0173077967751003,2022,2021-12-31,native_mse,20260911,-0.01380965748442494,,0,0
rolling5_annual20,2794,2022-07-29,2022-08-08,-0.004456034513838,2022,2021-12-31,native_mse,20260911,-0.0005052222003642227,,0,0
rolling5_annual20,2799,2022-08-05,2022-08-15,0.0091475117753996,2022,2021-12-31,native_mse,20260911,0.011525493600414192,,1,1
rolling5_annual20,2804,2022-08-12,2022-08-22,-0.0107272727272728,2022,2021-12-31,native_mse,20260911,0.011216024245490553,,1,0
rolling5_annual20,2809,2022-08-19,2022-08-29,-0.0172375434082356,2022,2021-12-31,native_mse,20260911,0.011754323018096325,,1,0
rolling5_annual20,2814,2022-08-26,2022-09-05,-0.0131573766941938,2022,2021-12-31,native_mse,20260911,0.015594603509631271,,1,0
rolling5_annual20,2819,2022-09-02,2022-09-13,0.0253340680878015,2022,2021-12-31,native_mse,20260911,0.010900596081000016,,1,1
rolling5_annual20,2824,2022-09-09,2022-09-19,-0.044647264962877,2022,2021-12-31,native_mse,20260911,0.009845699372826781,,1,0
rolling5_annual20,2828,2022-09-16,2022-09-26,-0.025155151434928,2022,2021-12-31,native_mse,20260911,0.008491582609497948,,1,0
rolling5_annual20,2833,2022-09-23,2022-10-10,-0.0060162941299352,2022,2021-12-31,native_mse,20260911,0.016496050845990925,,1,0
rolling5_annual20,2838,2022-09-30,2022-10-17,0.0041192047412885,2022,2021-12-31,native_mse,20260911,0.0066528810646222045,,1,1
rolling5_annual20,2843,2022-10-14,2022-10-24,-0.0246766294110258,2022,2021-12-31,native_mse,20260911,0.007009044538463505,,1,0
rolling5_annual20,2848,2022-10-21,2022-10-31,-0.059928861134359,2022,2021-12-31,native_mse,20260911,0.010852556503638734,,1,0
rolling5_annual20,2853,2022-10-28,2022-11-07,0.071339502526744,2022,2021-12-31,native_mse,20260911,0.006842543646863063,,1,1
rolling5_annual20,2858,2022-11-04,2022-11-14,0.0169449090696014,2022,2021-12-31,native_mse,20260911,-0.008549410923537592,,0,1
rolling5_annual20,2863,2022-11-11,2022-11-21,-0.0127051391515239,2022,2021-12-31,native_mse,20260911,-0.005215109557773304,,0,0
rolling5_annual20,2868,2022-11-18,2022-11-28,-0.0179672806084416,2022,2021-12-31,native_mse,20260911,-0.010307087880643545,,0,0
rolling5_annual20,2873,2022-11-25,2022-12-05,0.0555768659337096,2022,2021-12-31,native_mse,20260911,0.0013951717650121252,,1,1
rolling5_annual20,2878,2022-12-02,2022-12-12,0.0175374394775362,2022,2021-12-31,native_mse,20260911,0.009832549235191711,,1,1
rolling5_annual20,2883,2022-12-09,2022-12-19,-0.0058850602464181,2022,2021-12-31,native_mse,20260911,0.003809464155812216,,1,0
rolling5_annual20,2888,2022-12-16,2022-12-26,-0.0309150292073658,2022,2021-12-31,native_mse,20260911,-0.00026475301217457076,,0,0
rolling5_annual20,2893,2022-12-23,2023-01-03,0.0089464492229616,2022,2021-12-31,native_mse,20260911,0.0011212783896272817,,1,1
rolling5_annual20,2898,2022-12-30,2023-01-09,0.0345913414268119,2022,2021-12-31,native_mse,20260911,-0.013209134532423342,,0,1
rolling5_annual20,2660,2022-01-07,2022-01-17,-0.0173453887283024,2022,2021-12-31,learned_market,20260912,0.7009067848418016,0.7009067848418016,1,0
rolling5_annual20,2665,2022-01-14,2022-01-24,0.0053248631776616,2022,2021-12-31,learned_market,20260912,0.5203651032719439,0.5203651032719439,1,1
rolling5_annual20,2670,2022-01-21,2022-02-07,-0.0242661876254222,2022,2021-12-31,learned_market,20260912,0.7176249995689795,0.7176249995689795,1,0
rolling5_annual20,2675,2022-01-28,2022-02-14,-0.0127539031341488,2022,2021-12-31,learned_market,20260912,0.5468589290358572,0.5468589290358572,1,0
rolling5_annual20,2680,2022-02-11,2022-02-21,0.0145498774954033,2022,2021-12-31,learned_market,20260912,0.6301827176961465,0.6301827176961465,1,1
rolling5_annual20,2685,2022-02-18,2022-02-28,-0.0177161244498015,2022,2021-12-31,learned_market,20260912,0.7133251277073638,0.7133251277073638,1,0
rolling5_annual20,2690,2022-02-25,2022-03-07,-0.0221791776043331,2022,2021-12-31,learned_market,20260912,0.7021196640037924,0.7021196640037924,1,0
rolling5_annual20,2695,2022-03-04,2022-03-14,-0.0480378799422749,2022,2021-12-31,learned_market,20260912,0.719986373445646,0.719986373445646,1,0
rolling5_annual20,2700,2022-03-11,2022-03-21,0.007530336734814,2022,2021-12-31,learned_market,20260912,0.6467498960464059,0.6467498960464059,1,1
rolling5_annual20,2705,2022-03-18,2022-03-28,-0.0353493110038457,2022,2021-12-31,learned_market,20260912,0.6307138428823564,0.6307138428823564,1,0
rolling5_annual20,2710,2022-03-25,2022-04-06,0.0314834190717003,2022,2021-12-31,learned_market,20260912,0.5581715372656506,0.5581715372656506,1,1
rolling5_annual20,2715,2022-04-01,2022-04-12,-0.0129237372705649,2022,2021-12-31,learned_market,20260912,0.5905723686816398,0.5905723686816398,1,0
rolling5_annual20,2718,2022-04-08,2022-04-18,-0.0120986062576864,2022,2021-12-31,learned_market,20260912,0.5651619134469777,0.5651619134469777,1,0
rolling5_annual20,2723,2022-04-15,2022-04-25,-0.0528494340140576,2022,2021-12-31,learned_market,20260912,0.5782075738978683,0.5782075738978683,1,0
rolling5_annual20,2728,2022-04-22,2022-05-05,0.015736821365468,2022,2021-12-31,learned_market,20260912,0.5086735366407256,0.5086735366407256,1,1
rolling5_annual20,2733,2022-04-29,2022-05-11,-0.0278824133054675,2022,2021-12-31,learned_market,20260912,0.354488852979164,0.354488852979164,0,0
rolling5_annual20,2735,2022-05-06,2022-05-16,0.033741423035827,2022,2021-12-31,learned_market,20260912,0.43196496938917867,0.43196496938917867,0,1
rolling5_annual20,2740,2022-05-13,2022-05-23,0.0164308841843088,2022,2021-12-31,learned_market,20260912,0.4392929502217229,0.4392929502217229,0,1
rolling5_annual20,2745,2022-05-20,2022-05-30,-0.0147293413085614,2022,2021-12-31,learned_market,20260912,0.4708416760329488,0.4708416760329488,0,0
rolling5_annual20,2750,2022-05-27,2022-06-13,0.0431748431927498,2022,2021-12-31,learned_market,20260912,0.4574571545139993,0.4574571545139993,0,1
rolling5_annual20,2759,2022-06-10,2022-06-20,0.0306046547112142,2022,2021-12-31,learned_market,20260912,0.3474663460356004,0.3474663460356004,0,1
rolling5_annual20,2764,2022-06-17,2022-06-27,0.0211666894141107,2022,2021-12-31,learned_market,20260912,0.3212471828605167,0.3212471828605167,0,1
rolling5_annual20,2769,2022-06-24,2022-07-04,0.0074507343130214,2022,2021-12-31,learned_market,20260912,0.4025755619428385,0.4025755619428385,0,1
rolling5_annual20,2774,2022-07-01,2022-07-11,-0.0092349827532707,2022,2021-12-31,learned_market,20260912,0.3925821543273538,0.3925821543273538,0,0
rolling5_annual20,2779,2022-07-08,2022-07-18,-0.0326815927737367,2022,2021-12-31,learned_market,20260912,0.4605216629741631,0.4605216629741631,0,0
rolling5_annual20,2784,2022-07-15,2022-07-25,-0.0066210715249344,2022,2021-12-31,learned_market,20260912,0.5098027754769087,0.5098027754769087,1,0
rolling5_annual20,2789,2022-07-22,2022-08-01,-0.0173077967751003,2022,2021-12-31,learned_market,20260912,0.5524679777609933,0.5524679777609933,1,0
rolling5_annual20,2794,2022-07-29,2022-08-08,-0.004456034513838,2022,2021-12-31,learned_market,20260912,0.7218475045000325,0.7218475045000325,1,0
rolling5_annual20,2799,2022-08-05,2022-08-15,0.0091475117753996,2022,2021-12-31,learned_market,20260912,0.6532039852224342,0.6532039852224342,1,1
rolling5_annual20,2804,2022-08-12,2022-08-22,-0.0107272727272728,2022,2021-12-31,learned_market,20260912,0.5709775205876944,0.5709775205876944,1,0
rolling5_annual20,2809,2022-08-19,2022-08-29,-0.0172375434082356,2022,2021-12-31,learned_market,20260912,0.5697718161826372,0.5697718161826372,1,0
rolling5_annual20,2814,2022-08-26,2022-09-05,-0.0131573766941938,2022,2021-12-31,learned_market,20260912,0.6007938734692848,0.6007938734692848,1,0
rolling5_annual20,2819,2022-09-02,2022-09-13,0.0253340680878015,2022,2021-12-31,learned_market,20260912,0.6776668778650508,0.6776668778650508,1,1
rolling5_annual20,2824,2022-09-09,2022-09-19,-0.044647264962877,2022,2021-12-31,learned_market,20260912,0.7725381912044669,0.7725381912044669,1,0
rolling5_annual20,2828,2022-09-16,2022-09-26,-0.025155151434928,2022,2021-12-31,learned_market,20260912,0.7541769397244196,0.7541769397244196,1,0
rolling5_annual20,2833,2022-09-23,2022-10-10,-0.0060162941299352,2022,2021-12-31,learned_market,20260912,0.7274092875597576,0.7274092875597576,1,0
rolling5_annual20,2838,2022-09-30,2022-10-17,0.0041192047412885,2022,2021-12-31,learned_market,20260912,0.701145229530902,0.701145229530902,1,1
rolling5_annual20,2843,2022-10-14,2022-10-24,-0.0246766294110258,2022,2021-12-31,learned_market,20260912,0.5970595273904789,0.5970595273904789,1,0
rolling5_annual20,2848,2022-10-21,2022-10-31,-0.059928861134359,2022,2021-12-31,learned_market,20260912,0.6553886906733675,0.6553886906733675,1,0
rolling5_annual20,2853,2022-10-28,2022-11-07,0.071339502526744,2022,2021-12-31,learned_market,20260912,0.536234004877414,0.536234004877414,1,1
rolling5_annual20,2858,2022-11-04,2022-11-14,0.0169449090696014,2022,2021-12-31,learned_market,20260912,0.4957647389493266,0.4957647389493266,0,1
rolling5_annual20,2863,2022-11-11,2022-11-21,-0.0127051391515239,2022,2021-12-31,learned_market,20260912,0.49717853346026714,0.49717853346026714,0,0
rolling5_annual20,2868,2022-11-18,2022-11-28,-0.0179672806084416,2022,2021-12-31,learned_market,20260912,0.39757537516440544,0.39757537516440544,0,0
rolling5_annual20,2873,2022-11-25,2022-12-05,0.0555768659337096,2022,2021-12-31,learned_market,20260912,0.4703283336277873,0.4703283336277873,0,1
rolling5_annual20,2878,2022-12-02,2022-12-12,0.0175374394775362,2022,2021-12-31,learned_market,20260912,0.46280647087624205,0.46280647087624205,0,1
rolling5_annual20,2883,2022-12-09,2022-12-19,-0.0058850602464181,2022,2021-12-31,learned_market,20260912,0.5138988126075588,0.5138988126075588,1,0
rolling5_annual20,2888,2022-12-16,2022-12-26,-0.0309150292073658,2022,2021-12-31,learned_market,20260912,0.6075433752083854,0.6075433752083854,1,0
rolling5_annual20,2893,2022-12-23,2023-01-03,0.0089464492229616,2022,2021-12-31,learned_market,20260912,0.4612100469329253,0.4612100469329253,0,1
rolling5_annual20,2898,2022-12-30,2023-01-09,0.0345913414268119,2022,2021-12-31,learned_market,20260912,0.4443371333138752,0.4443371333138752,0,1
rolling5_annual20,2660,2022-01-07,2022-01-17,-0.0173453887283024,2022,2021-12-31,learned_vol_interaction,20260912,0.7072606777672634,0.7072606777672634,1,0
rolling5_annual20,2665,2022-01-14,2022-01-24,0.0053248631776616,2022,2021-12-31,learned_vol_interaction,20260912,0.5232340507750105,0.5232340507750105,1,1
rolling5_annual20,2670,2022-01-21,2022-02-07,-0.0242661876254222,2022,2021-12-31,learned_vol_interaction,20260912,0.723517227135196,0.723517227135196,1,0
rolling5_annual20,2675,2022-01-28,2022-02-14,-0.0127539031341488,2022,2021-12-31,learned_vol_interaction,20260912,0.5573504263949657,0.5573504263949657,1,0
rolling5_annual20,2680,2022-02-11,2022-02-21,0.0145498774954033,2022,2021-12-31,learned_vol_interaction,20260912,0.6206875889696911,0.6206875889696911,1,1
rolling5_annual20,2685,2022-02-18,2022-02-28,-0.0177161244498015,2022,2021-12-31,learned_vol_interaction,20260912,0.7137718136904925,0.7137718136904925,1,0
rolling5_annual20,2690,2022-02-25,2022-03-07,-0.0221791776043331,2022,2021-12-31,learned_vol_interaction,20260912,0.6900080859244496,0.6900080859244496,1,0
rolling5_annual20,2695,2022-03-04,2022-03-14,-0.0480378799422749,2022,2021-12-31,learned_vol_interaction,20260912,0.7251850433232085,0.7251850433232085,1,0
rolling5_annual20,2700,2022-03-11,2022-03-21,0.007530336734814,2022,2021-12-31,learned_vol_interaction,20260912,0.6323197465308961,0.6323197465308961,1,1
rolling5_annual20,2705,2022-03-18,2022-03-28,-0.0353493110038457,2022,2021-12-31,learned_vol_interaction,20260912,0.5933343778810724,0.5933343778810724,1,0
rolling5_annual20,2710,2022-03-25,2022-04-06,0.0314834190717003,2022,2021-12-31,learned_vol_interaction,20260912,0.5562710543563346,0.5562710543563346,1,1
rolling5_annual20,2715,2022-04-01,2022-04-12,-0.0129237372705649,2022,2021-12-31,learned_vol_interaction,20260912,0.5637358072675225,0.5637358072675225,1,0
rolling5_annual20,2718,2022-04-08,2022-04-18,-0.0120986062576864,2022,2021-12-31,learned_vol_interaction,20260912,0.5628559944649006,0.5628559944649006,1,0
rolling5_annual20,2723,2022-04-15,2022-04-25,-0.0528494340140576,2022,2021-12-31,learned_vol_interaction,20260912,0.5747919255172403,0.5747919255172403,1,0
rolling5_annual20,2728,2022-04-22,2022-05-05,0.015736821365468,2022,2021-12-31,learned_vol_interaction,20260912,0.5170916019143975,0.5170916019143975,1,1
rolling5_annual20,2733,2022-04-29,2022-05-11,-0.0278824133054675,2022,2021-12-31,learned_vol_interaction,20260912,0.40387814010224393,0.40387814010224393,0,0
rolling5_annual20,2735,2022-05-06,2022-05-16,0.033741423035827,2022,2021-12-31,learned_vol_interaction,20260912,0.4773185927787562,0.4773185927787562,0,1
rolling5_annual20,2740,2022-05-13,2022-05-23,0.0164308841843088,2022,2021-12-31,learned_vol_interaction,20260912,0.4698933454358381,0.4698933454358381,0,1
rolling5_annual20,2745,2022-05-20,2022-05-30,-0.0147293413085614,2022,2021-12-31,learned_vol_interaction,20260912,0.4802495124922596,0.4802495124922596,0,0
rolling5_annual20,2750,2022-05-27,2022-06-13,0.0431748431927498,2022,2021-12-31,learned_vol_interaction,20260912,0.4601952965187793,0.4601952965187793,0,1
rolling5_annual20,2759,2022-06-10,2022-06-20,0.0306046547112142,2022,2021-12-31,learned_vol_interaction,20260912,0.32387572436005274,0.32387572436005274,0,1
rolling5_annual20,2764,2022-06-17,2022-06-27,0.0211666894141107,2022,2021-12-31,learned_vol_interaction,20260912,0.2947636043884615,0.2947636043884615,0,1
rolling5_annual20,2769,2022-06-24,2022-07-04,0.0074507343130214,2022,2021-12-31,learned_vol_interaction,20260912,0.374996784204944,0.374996784204944,0,1
rolling5_annual20,2774,2022-07-01,2022-07-11,-0.0092349827532707,2022,2021-12-31,learned_vol_interaction,20260912,0.3627477495911205,0.3627477495911205,0,0
rolling5_annual20,2779,2022-07-08,2022-07-18,-0.0326815927737367,2022,2021-12-31,learned_vol_interaction,20260912,0.4386327346901708,0.4386327346901708,0,0
rolling5_annual20,2784,2022-07-15,2022-07-25,-0.0066210715249344,2022,2021-12-31,learned_vol_interaction,20260912,0.48961628460365914,0.48961628460365914,0,0
rolling5_annual20,2789,2022-07-22,2022-08-01,-0.0173077967751003,2022,2021-12-31,learned_vol_interaction,20260912,0.5476518151604005,0.5476518151604005,1,0
rolling5_annual20,2794,2022-07-29,2022-08-08,-0.004456034513838,2022,2021-12-31,learned_vol_interaction,20260912,0.7328326518032054,0.7328326518032054,1,0
rolling5_annual20,2799,2022-08-05,2022-08-15,0.0091475117753996,2022,2021-12-31,learned_vol_interaction,20260912,0.6561494296696646,0.6561494296696646,1,1
rolling5_annual20,2804,2022-08-12,2022-08-22,-0.0107272727272728,2022,2021-12-31,learned_vol_interaction,20260912,0.5667272646102238,0.5667272646102238,1,0
rolling5_annual20,2809,2022-08-19,2022-08-29,-0.0172375434082356,2022,2021-12-31,learned_vol_interaction,20260912,0.5755574714973257,0.5755574714973257,1,0
rolling5_annual20,2814,2022-08-26,2022-09-05,-0.0131573766941938,2022,2021-12-31,learned_vol_interaction,20260912,0.5992889777279924,0.5992889777279924,1,0
rolling5_annual20,2819,2022-09-02,2022-09-13,0.0253340680878015,2022,2021-12-31,learned_vol_interaction,20260912,0.6636201775005496,0.6636201775005496,1,1
rolling5_annual20,2824,2022-09-09,2022-09-19,-0.044647264962877,2022,2021-12-31,learned_vol_interaction,20260912,0.7803694380682105,0.7803694380682105,1,0
rolling5_annual20,2828,2022-09-16,2022-09-26,-0.025155151434928,2022,2021-12-31,learned_vol_interaction,20260912,0.7561873327161356,0.7561873327161356,1,0
rolling5_annual20,2833,2022-09-23,2022-10-10,-0.0060162941299352,2022,2021-12-31,learned_vol_interaction,20260912,0.741993522692739,0.741993522692739,1,0
rolling5_annual20,2838,2022-09-30,2022-10-17,0.0041192047412885,2022,2021-12-31,learned_vol_interaction,20260912,0.7050997161299666,0.7050997161299666,1,1
rolling5_annual20,2843,2022-10-14,2022-10-24,-0.0246766294110258,2022,2021-12-31,learned_vol_interaction,20260912,0.5871886836004885,0.5871886836004885,1,0
rolling5_annual20,2848,2022-10-21,2022-10-31,-0.059928861134359,2022,2021-12-31,learned_vol_interaction,20260912,0.6628098538254427,0.6628098538254427,1,0
rolling5_annual20,2853,2022-10-28,2022-11-07,0.071339502526744,2022,2021-12-31,learned_vol_interaction,20260912,0.534286880369217,0.534286880369217,1,1
rolling5_annual20,2858,2022-11-04,2022-11-14,0.0169449090696014,2022,2021-12-31,learned_vol_interaction,20260912,0.49519570030892074,0.49519570030892074,0,1
rolling5_annual20,2863,2022-11-11,2022-11-21,-0.0127051391515239,2022,2021-12-31,learned_vol_interaction,20260912,0.5081257076644325,0.5081257076644325,1,0
rolling5_annual20,2868,2022-11-18,2022-11-28,-0.0179672806084416,2022,2021-12-31,learned_vol_interaction,20260912,0.42590416475914467,0.42590416475914467,0,0
rolling5_annual20,2873,2022-11-25,2022-12-05,0.0555768659337096,2022,2021-12-31,learned_vol_interaction,20260912,0.47730469118095553,0.47730469118095553,0,1
rolling5_annual20,2878,2022-12-02,2022-12-12,0.0175374394775362,2022,2021-12-31,learned_vol_interaction,20260912,0.4581192490056767,0.4581192490056767,0,1
rolling5_annual20,2883,2022-12-09,2022-12-19,-0.0058850602464181,2022,2021-12-31,learned_vol_interaction,20260912,0.5107074648650665,0.5107074648650665,1,0
rolling5_annual20,2888,2022-12-16,2022-12-26,-0.0309150292073658,2022,2021-12-31,learned_vol_interaction,20260912,0.6126209226288903,0.6126209226288903,1,0
rolling5_annual20,2893,2022-12-23,2023-01-03,0.0089464492229616,2022,2021-12-31,learned_vol_interaction,20260912,0.4525053522549514,0.4525053522549514,0,1
rolling5_annual20,2898,2022-12-30,2023-01-09,0.0345913414268119,2022,2021-12-31,learned_vol_interaction,20260912,0.42145340218542343,0.42145340218542343,0,1
rolling5_annual20,2660,2022-01-07,2022-01-17,-0.0173453887283024,2022,2021-12-31,learned_order_extension,20260912,0.7021249449389755,0.7021249449389755,1,0
rolling5_annual20,2665,2022-01-14,2022-01-24,0.0053248631776616,2022,2021-12-31,learned_order_extension,20260912,0.519422850065438,0.519422850065438,1,1
rolling5_annual20,2670,2022-01-21,2022-02-07,-0.0242661876254222,2022,2021-12-31,learned_order_extension,20260912,0.7149761694840576,0.7149761694840576,1,0
rolling5_annual20,2675,2022-01-28,2022-02-14,-0.0127539031341488,2022,2021-12-31,learned_order_extension,20260912,0.5563462821352916,0.5563462821352916,1,0
rolling5_annual20,2680,2022-02-11,2022-02-21,0.0145498774954033,2022,2021-12-31,learned_order_extension,20260912,0.6112227291481532,0.6112227291481532,1,1
rolling5_annual20,2685,2022-02-18,2022-02-28,-0.0177161244498015,2022,2021-12-31,learned_order_extension,20260912,0.7082710857336353,0.7082710857336353,1,0
rolling5_annual20,2690,2022-02-25,2022-03-07,-0.0221791776043331,2022,2021-12-31,learned_order_extension,20260912,0.672646545498505,0.672646545498505,1,0
rolling5_annual20,2695,2022-03-04,2022-03-14,-0.0480378799422749,2022,2021-12-31,learned_order_extension,20260912,0.7063888110552541,0.7063888110552541,1,0
rolling5_annual20,2700,2022-03-11,2022-03-21,0.007530336734814,2022,2021-12-31,learned_order_extension,20260912,0.6284040084971629,0.6284040084971629,1,1
rolling5_annual20,2705,2022-03-18,2022-03-28,-0.0353493110038457,2022,2021-12-31,learned_order_extension,20260912,0.5929220651203073,0.5929220651203073,1,0
rolling5_annual20,2710,2022-03-25,2022-04-06,0.0314834190717003,2022,2021-12-31,learned_order_extension,20260912,0.560900893741765,0.560900893741765,1,1
rolling5_annual20,2715,2022-04-01,2022-04-12,-0.0129237372705649,2022,2021-12-31,learned_order_extension,20260912,0.5663838497464478,0.5663838497464478,1,0
rolling5_annual20,2718,2022-04-08,2022-04-18,-0.0120986062576864,2022,2021-12-31,learned_order_extension,20260912,0.5658097590213205,0.5658097590213205,1,0
rolling5_annual20,2723,2022-04-15,2022-04-25,-0.0528494340140576,2022,2021-12-31,learned_order_extension,20260912,0.5761777041401651,0.5761777041401651,1,0
rolling5_annual20,2728,2022-04-22,2022-05-05,0.015736821365468,2022,2021-12-31,learned_order_extension,20260912,0.5221611817410305,0.5221611817410305,1,1
rolling5_annual20,2733,2022-04-29,2022-05-11,-0.0278824133054675,2022,2021-12-31,learned_order_extension,20260912,0.4014543582757582,0.4014543582757582,0,0
rolling5_annual20,2735,2022-05-06,2022-05-16,0.033741423035827,2022,2021-12-31,learned_order_extension,20260912,0.47602162546573495,0.47602162546573495,0,1
rolling5_annual20,2740,2022-05-13,2022-05-23,0.0164308841843088,2022,2021-12-31,learned_order_extension,20260912,0.4674156580741896,0.4674156580741896,0,1
rolling5_annual20,2745,2022-05-20,2022-05-30,-0.0147293413085614,2022,2021-12-31,learned_order_extension,20260912,0.48286106588586175,0.48286106588586175,0,0
rolling5_annual20,2750,2022-05-27,2022-06-13,0.0431748431927498,2022,2021-12-31,learned_order_extension,20260912,0.4605980778391567,0.4605980778391567,0,1
rolling5_annual20,2759,2022-06-10,2022-06-20,0.0306046547112142,2022,2021-12-31,learned_order_extension,20260912,0.3307362612743242,0.3307362612743242,0,1
rolling5_annual20,2764,2022-06-17,2022-06-27,0.0211666894141107,2022,2021-12-31,learned_order_extension,20260912,0.312819666276213,0.312819666276213,0,1
rolling5_annual20,2769,2022-06-24,2022-07-04,0.0074507343130214,2022,2021-12-31,learned_order_extension,20260912,0.38479843885136705,0.38479843885136705,0,1
rolling5_annual20,2774,2022-07-01,2022-07-11,-0.0092349827532707,2022,2021-12-31,learned_order_extension,20260912,0.374217053609673,0.374217053609673,0,0
rolling5_annual20,2779,2022-07-08,2022-07-18,-0.0326815927737367,2022,2021-12-31,learned_order_extension,20260912,0.4519894158378443,0.4519894158378443,0,0
rolling5_annual20,2784,2022-07-15,2022-07-25,-0.0066210715249344,2022,2021-12-31,learned_order_extension,20260912,0.4940204054336156,0.4940204054336156,0,0
rolling5_annual20,2789,2022-07-22,2022-08-01,-0.0173077967751003,2022,2021-12-31,learned_order_extension,20260912,0.5530846362953933,0.5530846362953933,1,0
rolling5_annual20,2794,2022-07-29,2022-08-08,-0.004456034513838,2022,2021-12-31,learned_order_extension,20260912,0.7003654415092999,0.7003654415092999,1,0
rolling5_annual20,2799,2022-08-05,2022-08-15,0.0091475117753996,2022,2021-12-31,learned_order_extension,20260912,0.6341161655828421,0.6341161655828421,1,1
rolling5_annual20,2804,2022-08-12,2022-08-22,-0.0107272727272728,2022,2021-12-31,learned_order_extension,20260912,0.5691662323086379,0.5691662323086379,1,0
rolling5_annual20,2809,2022-08-19,2022-08-29,-0.0172375434082356,2022,2021-12-31,learned_order_extension,20260912,0.5696880836750867,0.5696880836750867,1,0
rolling5_annual20,2814,2022-08-26,2022-09-05,-0.0131573766941938,2022,2021-12-31,learned_order_extension,20260912,0.5878257984810045,0.5878257984810045,1,0
rolling5_annual20,2819,2022-09-02,2022-09-13,0.0253340680878015,2022,2021-12-31,learned_order_extension,20260912,0.6379877793880597,0.6379877793880597,1,1
rolling5_annual20,2824,2022-09-09,2022-09-19,-0.044647264962877,2022,2021-12-31,learned_order_extension,20260912,0.7291911589139091,0.7291911589139091,1,0
rolling5_annual20,2828,2022-09-16,2022-09-26,-0.025155151434928,2022,2021-12-31,learned_order_extension,20260912,0.7111098702993732,0.7111098702993732,1,0
rolling5_annual20,2833,2022-09-23,2022-10-10,-0.0060162941299352,2022,2021-12-31,learned_order_extension,20260912,0.7077372458929503,0.7077372458929503,1,0
rolling5_annual20,2838,2022-09-30,2022-10-17,0.0041192047412885,2022,2021-12-31,learned_order_extension,20260912,0.6810391020203391,0.6810391020203391,1,1
rolling5_annual20,2843,2022-10-14,2022-10-24,-0.0246766294110258,2022,2021-12-31,learned_order_extension,20260912,0.5780452108695775,0.5780452108695775,1,0
rolling5_annual20,2848,2022-10-21,2022-10-31,-0.059928861134359,2022,2021-12-31,learned_order_extension,20260912,0.6522176427129165,0.6522176427129165,1,0
rolling5_annual20,2853,2022-10-28,2022-11-07,0.071339502526744,2022,2021-12-31,learned_order_extension,20260912,0.5335986065550459,0.5335986065550459,1,1
rolling5_annual20,2858,2022-11-04,2022-11-14,0.0169449090696014,2022,2021-12-31,learned_order_extension,20260912,0.4987947331500217,0.4987947331500217,0,1
rolling5_annual20,2863,2022-11-11,2022-11-21,-0.0127051391515239,2022,2021-12-31,learned_order_extension,20260912,0.5087391037241329,0.5087391037241329,1,0
rolling5_annual20,2868,2022-11-18,2022-11-28,-0.0179672806084416,2022,2021-12-31,learned_order_extension,20260912,0.4198421144660997,0.4198421144660997,0,0
rolling5_annual20,2873,2022-11-25,2022-12-05,0.0555768659337096,2022,2021-12-31,learned_order_extension,20260912,0.46813125282876833,0.46813125282876833,0,1
rolling5_annual20,2878,2022-12-02,2022-12-12,0.0175374394775362,2022,2021-12-31,learned_order_extension,20260912,0.4494453870275048,0.4494453870275048,0,1
rolling5_annual20,2883,2022-12-09,2022-12-19,-0.0058850602464181,2022,2021-12-31,learned_order_extension,20260912,0.5078172034516703,0.5078172034516703,1,0
rolling5_annual20,2888,2022-12-16,2022-12-26,-0.0309150292073658,2022,2021-12-31,learned_order_extension,20260912,0.6174086923329795,0.6174086923329795,1,0
rolling5_annual20,2893,2022-12-23,2023-01-03,0.0089464492229616,2022,2021-12-31,learned_order_extension,20260912,0.45819657918619455,0.45819657918619455,0,1
rolling5_annual20,2898,2022-12-30,2023-01-09,0.0345913414268119,2022,2021-12-31,learned_order_extension,20260912,0.4265465221917634,0.4265465221917634,0,1
rolling5_annual20,2660,2022-01-07,2022-01-17,-0.0173453887283024,2022,2021-12-31,learned_order_offset,20260912,0.7021002597589074,0.7021002597589074,1,0
rolling5_annual20,2665,2022-01-14,2022-01-24,0.0053248631776616,2022,2021-12-31,learned_order_offset,20260912,0.5194500670143739,0.5194500670143739,1,1
rolling5_annual20,2670,2022-01-21,2022-02-07,-0.0242661876254222,2022,2021-12-31,learned_order_offset,20260912,0.7150659531425939,0.7150659531425939,1,0
rolling5_annual20,2675,2022-01-28,2022-02-14,-0.0127539031341488,2022,2021-12-31,learned_order_offset,20260912,0.5563566039667686,0.5563566039667686,1,0
rolling5_annual20,2680,2022-02-11,2022-02-21,0.0145498774954033,2022,2021-12-31,learned_order_offset,20260912,0.6110482909835675,0.6110482909835675,1,1
rolling5_annual20,2685,2022-02-18,2022-02-28,-0.0177161244498015,2022,2021-12-31,learned_order_offset,20260912,0.7082662053268953,0.7082662053268953,1,0
rolling5_annual20,2690,2022-02-25,2022-03-07,-0.0221791776043331,2022,2021-12-31,learned_order_offset,20260912,0.6726443299723985,0.6726443299723985,1,0
rolling5_annual20,2695,2022-03-04,2022-03-14,-0.0480378799422749,2022,2021-12-31,learned_order_offset,20260912,0.7063540116439039,0.7063540116439039,1,0
rolling5_annual20,2700,2022-03-11,2022-03-21,0.007530336734814,2022,2021-12-31,learned_order_offset,20260912,0.6284302090313957,0.6284302090313957,1,1
rolling5_annual20,2705,2022-03-18,2022-03-28,-0.0353493110038457,2022,2021-12-31,learned_order_offset,20260912,0.5930408007656572,0.5930408007656572,1,0
rolling5_annual20,2710,2022-03-25,2022-04-06,0.0314834190717003,2022,2021-12-31,learned_order_offset,20260912,0.5609837979969954,0.5609837979969954,1,1
rolling5_annual20,2715,2022-04-01,2022-04-12,-0.0129237372705649,2022,2021-12-31,learned_order_offset,20260912,0.5664637136117925,0.5664637136117925,1,0
rolling5_annual20,2718,2022-04-08,2022-04-18,-0.0120986062576864,2022,2021-12-31,learned_order_offset,20260912,0.5658239286779201,0.5658239286779201,1,0
rolling5_annual20,2723,2022-04-15,2022-04-25,-0.0528494340140576,2022,2021-12-31,learned_order_offset,20260912,0.5762053845604607,0.5762053845604607,1,0
rolling5_annual20,2728,2022-04-22,2022-05-05,0.015736821365468,2022,2021-12-31,learned_order_offset,20260912,0.5222181583301384,0.5222181583301384,1,1
rolling5_annual20,2733,2022-04-29,2022-05-11,-0.0278824133054675,2022,2021-12-31,learned_order_offset,20260912,0.40156189565790024,0.40156189565790024,0,0
rolling5_annual20,2735,2022-05-06,2022-05-16,0.033741423035827,2022,2021-12-31,learned_order_offset,20260912,0.4760551178307766,0.4760551178307766,0,1
rolling5_annual20,2740,2022-05-13,2022-05-23,0.0164308841843088,2022,2021-12-31,learned_order_offset,20260912,0.46741359959285833,0.46741359959285833,0,1
rolling5_annual20,2745,2022-05-20,2022-05-30,-0.0147293413085614,2022,2021-12-31,learned_order_offset,20260912,0.4829666670195881,0.4829666670195881,0,0
rolling5_annual20,2750,2022-05-27,2022-06-13,0.0431748431927498,2022,2021-12-31,learned_order_offset,20260912,0.4606339295692324,0.4606339295692324,0,1
rolling5_annual20,2759,2022-06-10,2022-06-20,0.0306046547112142,2022,2021-12-31,learned_order_offset,20260912,0.3309313135172127,0.3309313135172127,0,1
rolling5_annual20,2764,2022-06-17,2022-06-27,0.0211666894141107,2022,2021-12-31,learned_order_offset,20260912,0.31302829433814716,0.31302829433814716,0,1
rolling5_annual20,2769,2022-06-24,2022-07-04,0.0074507343130214,2022,2021-12-31,learned_order_offset,20260912,0.38491716457946495,0.38491716457946495,0,1
rolling5_annual20,2774,2022-07-01,2022-07-11,-0.0092349827532707,2022,2021-12-31,learned_order_offset,20260912,0.3742631378177632,0.3742631378177632,0,0
rolling5_annual20,2779,2022-07-08,2022-07-18,-0.0326815927737367,2022,2021-12-31,learned_order_offset,20260912,0.45196032259529306,0.45196032259529306,0,0
rolling5_annual20,2784,2022-07-15,2022-07-25,-0.0066210715249344,2022,2021-12-31,learned_order_offset,20260912,0.49395559112838827,0.49395559112838827,0,0
rolling5_annual20,2789,2022-07-22,2022-08-01,-0.0173077967751003,2022,2021-12-31,learned_order_offset,20260912,0.5530567140533315,0.5530567140533315,1,0
rolling5_annual20,2794,2022-07-29,2022-08-08,-0.004456034513838,2022,2021-12-31,learned_order_offset,20260912,0.7004287549044343,0.7004287549044343,1,0
rolling5_annual20,2799,2022-08-05,2022-08-15,0.0091475117753996,2022,2021-12-31,learned_order_offset,20260912,0.6341811795165448,0.6341811795165448,1,1
rolling5_annual20,2804,2022-08-12,2022-08-22,-0.0107272727272728,2022,2021-12-31,learned_order_offset,20260912,0.5692369708416735,0.5692369708416735,1,0
rolling5_annual20,2809,2022-08-19,2022-08-29,-0.0172375434082356,2022,2021-12-31,learned_order_offset,20260912,0.569797003520037,0.569797003520037,1,0
rolling5_annual20,2814,2022-08-26,2022-09-05,-0.0131573766941938,2022,2021-12-31,learned_order_offset,20260912,0.5879050437117161,0.5879050437117161,1,0
rolling5_annual20,2819,2022-09-02,2022-09-13,0.0253340680878015,2022,2021-12-31,learned_order_offset,20260912,0.6381022660159982,0.6381022660159982,1,1
rolling5_annual20,2824,2022-09-09,2022-09-19,-0.044647264962877,2022,2021-12-31,learned_order_offset,20260912,0.729222320192203,0.729222320192203,1,0
rolling5_annual20,2828,2022-09-16,2022-09-26,-0.025155151434928,2022,2021-12-31,learned_order_offset,20260912,0.7111932176188367,0.7111932176188367,1,0
rolling5_annual20,2833,2022-09-23,2022-10-10,-0.0060162941299352,2022,2021-12-31,learned_order_offset,20260912,0.7077217498942572,0.7077217498942572,1,0
rolling5_annual20,2838,2022-09-30,2022-10-17,0.0041192047412885,2022,2021-12-31,learned_order_offset,20260912,0.6810773659822338,0.6810773659822338,1,1
rolling5_annual20,2843,2022-10-14,2022-10-24,-0.0246766294110258,2022,2021-12-31,learned_order_offset,20260912,0.5780788256268797,0.5780788256268797,1,0
rolling5_annual20,2848,2022-10-21,2022-10-31,-0.059928861134359,2022,2021-12-31,learned_order_offset,20260912,0.6522206517177457,0.6522206517177457,1,0
rolling5_annual20,2853,2022-10-28,2022-11-07,0.071339502526744,2022,2021-12-31,learned_order_offset,20260912,0.5335953389035146,0.5335953389035146,1,1
rolling5_annual20,2858,2022-11-04,2022-11-14,0.0169449090696014,2022,2021-12-31,learned_order_offset,20260912,0.49899626271395653,0.49899626271395653,0,1
rolling5_annual20,2863,2022-11-11,2022-11-21,-0.0127051391515239,2022,2021-12-31,learned_order_offset,20260912,0.5087287832505283,0.5087287832505283,1,0
rolling5_annual20,2868,2022-11-18,2022-11-28,-0.0179672806084416,2022,2021-12-31,learned_order_offset,20260912,0.4199934200293093,0.4199934200293093,0,0
rolling5_annual20,2873,2022-11-25,2022-12-05,0.0555768659337096,2022,2021-12-31,learned_order_offset,20260912,0.4681523148388295,0.4681523148388295,0,1
rolling5_annual20,2878,2022-12-02,2022-12-12,0.0175374394775362,2022,2021-12-31,learned_order_offset,20260912,0.4495540620666624,0.4495540620666624,0,1
rolling5_annual20,2883,2022-12-09,2022-12-19,-0.0058850602464181,2022,2021-12-31,learned_order_offset,20260912,0.5079832164008727,0.5079832164008727,1,0
rolling5_annual20,2888,2022-12-16,2022-12-26,-0.0309150292073658,2022,2021-12-31,learned_order_offset,20260912,0.617550495391565,0.617550495391565,1,0
rolling5_annual20,2893,2022-12-23,2023-01-03,0.0089464492229616,2022,2021-12-31,learned_order_offset,20260912,0.45834125092049666,0.45834125092049666,0,1
rolling5_annual20,2898,2022-12-30,2023-01-09,0.0345913414268119,2022,2021-12-31,learned_order_offset,20260912,0.42667020854201704,0.42667020854201704,0,1
rolling5_annual20,2660,2022-01-07,2022-01-17,-0.0173453887283024,2022,2021-12-31,native_mse,20260912,0.001814179283598589,,1,0
rolling5_annual20,2665,2022-01-14,2022-01-24,0.0053248631776616,2022,2021-12-31,native_mse,20260912,0.0008133505012356114,,1,1
rolling5_annual20,2670,2022-01-21,2022-02-07,-0.0242661876254222,2022,2021-12-31,native_mse,20260912,0.003394922189452561,,1,0
rolling5_annual20,2675,2022-01-28,2022-02-14,-0.0127539031341488,2022,2021-12-31,native_mse,20260912,0.001858669558311765,,1,0
rolling5_annual20,2680,2022-02-11,2022-02-21,0.0145498774954033,2022,2021-12-31,native_mse,20260912,0.003479305001395758,,1,1
rolling5_annual20,2685,2022-02-18,2022-02-28,-0.0177161244498015,2022,2021-12-31,native_mse,20260912,0.00484344917433416,,1,0
rolling5_annual20,2690,2022-02-25,2022-03-07,-0.0221791776043331,2022,2021-12-31,native_mse,20260912,0.004930593592929232,,1,0
rolling5_annual20,2695,2022-03-04,2022-03-14,-0.0480378799422749,2022,2021-12-31,native_mse,20260912,0.004780982951547397,,1,0
rolling5_annual20,2700,2022-03-11,2022-03-21,0.007530336734814,2022,2021-12-31,native_mse,20260912,0.004193854635787947,,1,1
rolling5_annual20,2705,2022-03-18,2022-03-28,-0.0353493110038457,2022,2021-12-31,native_mse,20260912,0.004396502651581285,,1,0
rolling5_annual20,2710,2022-03-25,2022-04-06,0.0314834190717003,2022,2021-12-31,native_mse,20260912,0.0036897334948297125,,1,1
rolling5_annual20,2715,2022-04-01,2022-04-12,-0.0129237372705649,2022,2021-12-31,native_mse,20260912,0.003704448832752752,,1,0
rolling5_annual20,2718,2022-04-08,2022-04-18,-0.0120986062576864,2022,2021-12-31,native_mse,20260912,0.0033120503584409514,,1,0
rolling5_annual20,2723,2022-04-15,2022-04-25,-0.0528494340140576,2022,2021-12-31,native_mse,20260912,0.0030085181253416615,,1,0
rolling5_annual20,2728,2022-04-22,2022-05-05,0.015736821365468,2022,2021-12-31,native_mse,20260912,0.0026567146550084044,,1,1
rolling5_annual20,2733,2022-04-29,2022-05-11,-0.0278824133054675,2022,2021-12-31,native_mse,20260912,0.0018367479372410052,,1,0
rolling5_annual20,2735,2022-05-06,2022-05-16,0.033741423035827,2022,2021-12-31,native_mse,20260912,0.0020912186604119124,,1,1
rolling5_annual20,2740,2022-05-13,2022-05-23,0.0164308841843088,2022,2021-12-31,native_mse,20260912,0.0018493178254621319,,1,1
rolling5_annual20,2745,2022-05-20,2022-05-30,-0.0147293413085614,2022,2021-12-31,native_mse,20260912,0.0016372108848958446,,1,0
rolling5_annual20,2750,2022-05-27,2022-06-13,0.0431748431927498,2022,2021-12-31,native_mse,20260912,0.0012702553294938346,,1,1
rolling5_annual20,2759,2022-06-10,2022-06-20,0.0306046547112142,2022,2021-12-31,native_mse,20260912,-0.00018870985334741705,,0,1
rolling5_annual20,2764,2022-06-17,2022-06-27,0.0211666894141107,2022,2021-12-31,native_mse,20260912,-0.0009698518035469311,,0,1
rolling5_annual20,2769,2022-06-24,2022-07-04,0.0074507343130214,2022,2021-12-31,native_mse,20260912,-0.00016157705520515077,,0,1
rolling5_annual20,2774,2022-07-01,2022-07-11,-0.0092349827532707,2022,2021-12-31,native_mse,20260912,0.00012114906253678204,,1,0
rolling5_annual20,2779,2022-07-08,2022-07-18,-0.0326815927737367,2022,2021-12-31,native_mse,20260912,0.0009385572149118832,,1,0
rolling5_annual20,2784,2022-07-15,2022-07-25,-0.0066210715249344,2022,2021-12-31,native_mse,20260912,0.0008465033870475552,,1,0
rolling5_annual20,2789,2022-07-22,2022-08-01,-0.0173077967751003,2022,2021-12-31,native_mse,20260912,0.001749105544547778,,1,0
rolling5_annual20,2794,2022-07-29,2022-08-08,-0.004456034513838,2022,2021-12-31,native_mse,20260912,0.0022855909610094674,,1,0
rolling5_annual20,2799,2022-08-05,2022-08-15,0.0091475117753996,2022,2021-12-31,native_mse,20260912,0.0023275813973101045,,1,1
rolling5_annual20,2804,2022-08-12,2022-08-22,-0.0107272727272728,2022,2021-12-31,native_mse,20260912,0.00116828161002665,,1,0
rolling5_annual20,2809,2022-08-19,2022-08-29,-0.0172375434082356,2022,2021-12-31,native_mse,20260912,0.002641518401624336,,1,0
rolling5_annual20,2814,2022-08-26,2022-09-05,-0.0131573766941938,2022,2021-12-31,native_mse,20260912,0.00258122146459616,,1,0
rolling5_annual20,2819,2022-09-02,2022-09-13,0.0253340680878015,2022,2021-12-31,native_mse,20260912,0.003426320209529877,,1,1
rolling5_annual20,2824,2022-09-09,2022-09-19,-0.044647264962877,2022,2021-12-31,native_mse,20260912,0.004071954177543495,,1,0
rolling5_annual20,2828,2022-09-16,2022-09-26,-0.025155151434928,2022,2021-12-31,native_mse,20260912,0.004321372628556118,,1,0
rolling5_annual20,2833,2022-09-23,2022-10-10,-0.0060162941299352,2022,2021-12-31,native_mse,20260912,0.0034216908995016978,,1,0
rolling5_annual20,2838,2022-09-30,2022-10-17,0.0041192047412885,2022,2021-12-31,native_mse,20260912,0.003515450079575204,,1,1
rolling5_annual20,2843,2022-10-14,2022-10-24,-0.0246766294110258,2022,2021-12-31,native_mse,20260912,0.002607809358206801,,1,0
rolling5_annual20,2848,2022-10-21,2022-10-31,-0.059928861134359,2022,2021-12-31,native_mse,20260912,0.003699251753992663,,1,0
rolling5_annual20,2853,2022-10-28,2022-11-07,0.071339502526744,2022,2021-12-31,native_mse,20260912,0.0018115173178016464,,1,1
rolling5_annual20,2858,2022-11-04,2022-11-14,0.0169449090696014,2022,2021-12-31,native_mse,20260912,0.0023418219066621243,,1,1
rolling5_annual20,2863,2022-11-11,2022-11-21,-0.0127051391515239,2022,2021-12-31,native_mse,20260912,0.0018573604038192703,,1,0
rolling5_annual20,2868,2022-11-18,2022-11-28,-0.0179672806084416,2022,2021-12-31,native_mse,20260912,0.0016249204309614228,,1,0
rolling5_annual20,2873,2022-11-25,2022-12-05,0.0555768659337096,2022,2021-12-31,native_mse,20260912,0.0016075771422150188,,1,1
rolling5_annual20,2878,2022-12-02,2022-12-12,0.0175374394775362,2022,2021-12-31,native_mse,20260912,0.0015010231403169106,,1,1
rolling5_annual20,2883,2022-12-09,2022-12-19,-0.0058850602464181,2022,2021-12-31,native_mse,20260912,0.001187317105345827,,1,0
rolling5_annual20,2888,2022-12-16,2022-12-26,-0.0309150292073658,2022,2021-12-31,native_mse,20260912,0.0019485697779955545,,1,0
rolling5_annual20,2893,2022-12-23,2023-01-03,0.0089464492229616,2022,2021-12-31,native_mse,20260912,0.0001928217320369698,,1,1
rolling5_annual20,2898,2022-12-30,2023-01-09,0.0345913414268119,2022,2021-12-31,native_mse,20260912,0.00047968928790032895,,1,1
rolling5_annual20,2902,2023-01-06,2023-01-16,0.0198447929614133,2023,2022-12-31,learned_market,20260910,0.2720748657753032,0.2720748657753032,0,1
rolling5_annual20,2907,2023-01-13,2023-01-30,0.0465290788350809,2023,2022-12-31,learned_market,20260910,0.47236248212800225,0.47236248212800225,0,1
rolling5_annual20,2912,2023-01-20,2023-02-06,-0.0383797057844887,2023,2022-12-31,learned_market,20260910,0.406664897579608,0.406664897579608,0,0
rolling5_annual20,2917,2023-02-03,2023-02-13,-0.0012061903149008,2023,2022-12-31,learned_market,20260910,0.7077615943567296,0.7077615943567296,1,0
rolling5_annual20,2922,2023-02-10,2023-02-20,-0.0143746584432821,2023,2022-12-31,learned_market,20260910,0.3396729663973045,0.3396729663973045,0,0
rolling5_annual20,2927,2023-02-17,2023-02-27,0.0001237636016198,2023,2022-12-31,learned_market,20260910,0.3940367299508906,0.3940367299508906,0,1
rolling5_annual20,2932,2023-02-24,2023-03-06,0.0224454641303217,2023,2022-12-31,learned_market,20260910,0.6368517662464305,0.6368517662464305,1,1
rolling5_annual20,2937,2023-03-03,2023-03-13,-0.0407900947678007,2023,2022-12-31,learned_market,20260910,0.7365179717700991,0.7365179717700991,1,0
rolling5_annual20,2942,2023-03-10,2023-03-20,5.0471402903706775e-06,2023,2022-12-31,learned_market,20260910,0.5813776336748179,0.5813776336748179,1,1
rolling5_annual20,2947,2023-03-17,2023-03-27,0.015302852124583,2023,2022-12-31,learned_market,20260910,0.42485803758448765,0.42485803758448765,0,1
rolling5_annual20,2952,2023-03-24,2023-04-03,0.0090274153058433,2023,2022-12-31,learned_market,20260910,0.37090574302943613,0.37090574302943613,0,1
rolling5_annual20,2957,2023-03-31,2023-04-10,0.0178317182396383,2023,2022-12-31,learned_market,20260910,0.3924154635264961,0.3924154635264961,0,1
rolling5_annual20,2961,2023-04-07,2023-04-17,-0.0101500238382772,2023,2022-12-31,learned_market,20260910,0.595589872428567,0.595589872428567,1,0
rolling5_annual20,2966,2023-04-14,2023-04-24,-0.014368947230732,2023,2022-12-31,learned_market,20260910,0.3348532730298861,0.3348532730298861,0,0
rolling5_annual20,2971,2023-04-21,2023-05-04,-0.0044228908788729,2023,2022-12-31,learned_market,20260910,0.4942947568375473,0.4942947568375473,0,0
rolling5_annual20,2976,2023-04-28,2023-05-10,0.0036477163153083,2023,2022-12-31,learned_market,20260910,0.3714756111943182,0.3714756111943182,0,1
rolling5_annual20,2978,2023-05-05,2023-05-15,-0.0221642407977935,2023,2022-12-31,learned_market,20260910,0.4497529451200874,0.4497529451200874,0,0
rolling5_annual20,2983,2023-05-12,2023-05-22,0.0005509250208819,2023,2022-12-31,learned_market,20260910,0.33357360179734663,0.33357360179734663,0,1
rolling5_annual20,2988,2023-05-19,2023-05-29,-0.0200253742704897,2023,2022-12-31,learned_market,20260910,0.5625170222669913,0.5625170222669913,1,0
rolling5_annual20,2993,2023-05-26,2023-06-05,-0.0003935703040848,2023,2022-12-31,learned_market,20260910,0.516241495805648,0.516241495805648,1,0
rolling5_annual20,2998,2023-06-02,2023-06-12,-0.0086075595250429,2023,2022-12-31,learned_market,20260910,0.4611271604446467,0.4611271604446467,0,0
rolling5_annual20,3003,2023-06-09,2023-06-19,0.0338878539347273,2023,2022-12-31,learned_market,20260910,0.3966512245556026,0.3966512245556026,0,1
rolling5_annual20,3008,2023-06-16,2023-07-03,-0.026216632171098,2023,2022-12-31,learned_market,20260910,0.4023630749492596,0.4023630749492596,0,0
rolling5_annual20,3016,2023-06-30,2023-07-10,-0.0030441518806006,2023,2022-12-31,learned_market,20260910,0.4213657002217921,0.4213657002217921,0,0
rolling5_annual20,3021,2023-07-07,2023-07-17,0.0104280552692135,2023,2022-12-31,learned_market,20260910,0.4148371344756111,0.4148371344756111,0,1
rolling5_annual20,3026,2023-07-14,2023-07-24,-0.0201642613135752,2023,2022-12-31,learned_market,20260910,0.6799807480428174,0.6799807480428174,1,0
rolling5_annual20,3031,2023-07-21,2023-07-31,0.0566710925894278,2023,2022-12-31,learned_market,20260910,0.6185965077641518,0.6185965077641518,1,1
rolling5_annual20,3036,2023-07-28,2023-08-07,-0.0039612927947766,2023,2022-12-31,learned_market,20260910,0.4215659804761882,0.4215659804761882,0,0
rolling5_annual20,3041,2023-08-04,2023-08-14,-0.0404899362223548,2023,2022-12-31,learned_market,20260910,0.3422681158561934,0.3422681158561934,0,0
rolling5_annual20,3046,2023-08-11,2023-08-21,-0.0176157088591445,2023,2022-12-31,learned_market,20260910,0.26755143190839087,0.26755143190839087,0,0
rolling5_annual20,3051,2023-08-18,2023-08-28,0.0366582477081969,2023,2022-12-31,learned_market,20260910,0.6094913814194294,0.6094913814194294,1,1
rolling5_annual20,3056,2023-08-25,2023-09-04,-0.025197172476384,2023,2022-12-31,learned_market,20260910,0.292415818373573,0.292415818373573,0,0
rolling5_annual20,3061,2023-09-01,2023-09-11,-0.0189903461587886,2023,2022-12-31,learned_market,20260910,0.5727239862672711,0.5727239862672711,1,0
rolling5_annual20,3066,2023-09-08,2023-09-18,-0.0111346368744954,2023,2022-12-31,learned_market,20260910,0.6046775279486832,0.6046775279486832,1,0
rolling5_annual20,3071,2023-09-15,2023-09-25,0.0105787349314532,2023,2022-12-31,learned_market,20260910,0.6861367371884997,0.6861367371884997,1,1
rolling5_annual20,3076,2023-09-22,2023-10-16,-0.0198017153282719,2023,2022-12-31,learned_market,20260910,0.32435597972671854,0.32435597972671854,0,0
rolling5_annual20,3085,2023-10-13,2023-10-23,-0.0447156690429144,2023,2022-12-31,learned_market,20260910,0.3366428872487967,0.3366428872487967,0,0
rolling5_annual20,3090,2023-10-20,2023-10-30,0.0154019770298841,2023,2022-12-31,learned_market,20260910,0.4792037045854395,0.4792037045854395,0,1
rolling5_annual20,3095,2023-10-27,2023-11-06,0.0152527637017425,2023,2022-12-31,learned_market,20260910,0.6386844483724466,0.6386844483724466,1,1
rolling5_annual20,3100,2023-11-03,2023-11-13,-0.0039935482440582,2023,2022-12-31,learned_market,20260910,0.6170835844519411,0.6170835844519411,1,0
rolling5_annual20,3105,2023-11-10,2023-11-20,-0.0067280482816765,2023,2022-12-31,learned_market,20260910,0.3617740113477979,0.3617740113477979,0,0
rolling5_annual20,3110,2023-11-17,2023-11-27,-0.0098859017348651,2023,2022-12-31,learned_market,20260910,0.5114167478805792,0.5114167478805792,1,0
rolling5_annual20,3115,2023-11-24,2023-12-04,-0.0151084754586299,2023,2022-12-31,learned_market,20260910,0.5960268347540447,0.5960268347540447,1,0
rolling5_annual20,3120,2023-12-01,2023-12-11,-0.0295859857973478,2023,2022-12-31,learned_market,20260910,0.6275300780761194,0.6275300780761194,1,0
rolling5_annual20,3125,2023-12-08,2023-12-18,-0.0144639658974852,2023,2022-12-31,learned_market,20260910,0.6978902969610717,0.6978902969610717,1,0
rolling5_annual20,3130,2023-12-15,2023-12-25,0.0003424256350643,2023,2022-12-31,learned_market,20260910,0.5086640997863847,0.5086640997863847,1,1
rolling5_annual20,3135,2023-12-22,2024-01-02,0.0288079559683274,2023,2022-12-31,learned_market,20260910,0.33152588960837426,0.33152588960837426,0,1
rolling5_annual20,3140,2023-12-29,2024-01-08,-0.0302544749829989,2023,2022-12-31,learned_market,20260910,0.5861986603183404,0.5861986603183404,1,0
rolling5_annual20,2902,2023-01-06,2023-01-16,0.0198447929614133,2023,2022-12-31,learned_vol_interaction,20260910,0.2579229355480302,0.2579229355480302,0,1
rolling5_annual20,2907,2023-01-13,2023-01-30,0.0465290788350809,2023,2022-12-31,learned_vol_interaction,20260910,0.46834593067568,0.46834593067568,0,1
rolling5_annual20,2912,2023-01-20,2023-02-06,-0.0383797057844887,2023,2022-12-31,learned_vol_interaction,20260910,0.3968582316115995,0.3968582316115995,0,0
rolling5_annual20,2917,2023-02-03,2023-02-13,-0.0012061903149008,2023,2022-12-31,learned_vol_interaction,20260910,0.7386639107975522,0.7386639107975522,1,0
rolling5_annual20,2922,2023-02-10,2023-02-20,-0.0143746584432821,2023,2022-12-31,learned_vol_interaction,20260910,0.3303769483660095,0.3303769483660095,0,0
rolling5_annual20,2927,2023-02-17,2023-02-27,0.0001237636016198,2023,2022-12-31,learned_vol_interaction,20260910,0.37895686267521006,0.37895686267521006,0,1
rolling5_annual20,2932,2023-02-24,2023-03-06,0.0224454641303217,2023,2022-12-31,learned_vol_interaction,20260910,0.6474147480213357,0.6474147480213357,1,1
rolling5_annual20,2937,2023-03-03,2023-03-13,-0.0407900947678007,2023,2022-12-31,learned_vol_interaction,20260910,0.7530412308563522,0.7530412308563522,1,0
rolling5_annual20,2942,2023-03-10,2023-03-20,5.0471402903706775e-06,2023,2022-12-31,learned_vol_interaction,20260910,0.5873882519994295,0.5873882519994295,1,1
rolling5_annual20,2947,2023-03-17,2023-03-27,0.015302852124583,2023,2022-12-31,learned_vol_interaction,20260910,0.41458186592231894,0.41458186592231894,0,1
rolling5_annual20,2952,2023-03-24,2023-04-03,0.0090274153058433,2023,2022-12-31,learned_vol_interaction,20260910,0.35652402288788393,0.35652402288788393,0,1
rolling5_annual20,2957,2023-03-31,2023-04-10,0.0178317182396383,2023,2022-12-31,learned_vol_interaction,20260910,0.3863632737017367,0.3863632737017367,0,1
rolling5_annual20,2961,2023-04-07,2023-04-17,-0.0101500238382772,2023,2022-12-31,learned_vol_interaction,20260910,0.6043529683218729,0.6043529683218729,1,0
rolling5_annual20,2966,2023-04-14,2023-04-24,-0.014368947230732,2023,2022-12-31,learned_vol_interaction,20260910,0.3144567628179821,0.3144567628179821,0,0
rolling5_annual20,2971,2023-04-21,2023-05-04,-0.0044228908788729,2023,2022-12-31,learned_vol_interaction,20260910,0.4875429689874716,0.4875429689874716,0,0
rolling5_annual20,2976,2023-04-28,2023-05-10,0.0036477163153083,2023,2022-12-31,learned_vol_interaction,20260910,0.3596297147597128,0.3596297147597128,0,1
rolling5_annual20,2978,2023-05-05,2023-05-15,-0.0221642407977935,2023,2022-12-31,learned_vol_interaction,20260910,0.44140831433605277,0.44140831433605277,0,0
rolling5_annual20,2983,2023-05-12,2023-05-22,0.0005509250208819,2023,2022-12-31,learned_vol_interaction,20260910,0.3241710306632204,0.3241710306632204,0,1
rolling5_annual20,2988,2023-05-19,2023-05-29,-0.0200253742704897,2023,2022-12-31,learned_vol_interaction,20260910,0.5771140415412856,0.5771140415412856,1,0
rolling5_annual20,2993,2023-05-26,2023-06-05,-0.0003935703040848,2023,2022-12-31,learned_vol_interaction,20260910,0.5170651713386136,0.5170651713386136,1,0
rolling5_annual20,2998,2023-06-02,2023-06-12,-0.0086075595250429,2023,2022-12-31,learned_vol_interaction,20260910,0.45864589830252817,0.45864589830252817,0,0
rolling5_annual20,3003,2023-06-09,2023-06-19,0.0338878539347273,2023,2022-12-31,learned_vol_interaction,20260910,0.3918169460644426,0.3918169460644426,0,1
rolling5_annual20,3008,2023-06-16,2023-07-03,-0.026216632171098,2023,2022-12-31,learned_vol_interaction,20260910,0.39897150529552516,0.39897150529552516,0,0
rolling5_annual20,3016,2023-06-30,2023-07-10,-0.0030441518806006,2023,2022-12-31,learned_vol_interaction,20260910,0.4213702849064111,0.4213702849064111,0,0
rolling5_annual20,3021,2023-07-07,2023-07-17,0.0104280552692135,2023,2022-12-31,learned_vol_interaction,20260910,0.40513894935035405,0.40513894935035405,0,1
rolling5_annual20,3026,2023-07-14,2023-07-24,-0.0201642613135752,2023,2022-12-31,learned_vol_interaction,20260910,0.6982450832721806,0.6982450832721806,1,0
rolling5_annual20,3031,2023-07-21,2023-07-31,0.0566710925894278,2023,2022-12-31,learned_vol_interaction,20260910,0.6403583446603761,0.6403583446603761,1,1
rolling5_annual20,3036,2023-07-28,2023-08-07,-0.0039612927947766,2023,2022-12-31,learned_vol_interaction,20260910,0.41454143432883767,0.41454143432883767,0,0
rolling5_annual20,3041,2023-08-04,2023-08-14,-0.0404899362223548,2023,2022-12-31,learned_vol_interaction,20260910,0.3264187058912034,0.3264187058912034,0,0
rolling5_annual20,3046,2023-08-11,2023-08-21,-0.0176157088591445,2023,2022-12-31,learned_vol_interaction,20260910,0.2554527395532382,0.2554527395532382,0,0
rolling5_annual20,3051,2023-08-18,2023-08-28,0.0366582477081969,2023,2022-12-31,learned_vol_interaction,20260910,0.6149345833754644,0.6149345833754644,1,1
rolling5_annual20,3056,2023-08-25,2023-09-04,-0.025197172476384,2023,2022-12-31,learned_vol_interaction,20260910,0.2816747132417266,0.2816747132417266,0,0
rolling5_annual20,3061,2023-09-01,2023-09-11,-0.0189903461587886,2023,2022-12-31,learned_vol_interaction,20260910,0.586511889761913,0.586511889761913,1,0
rolling5_annual20,3066,2023-09-08,2023-09-18,-0.0111346368744954,2023,2022-12-31,learned_vol_interaction,20260910,0.6154558472253346,0.6154558472253346,1,0
rolling5_annual20,3071,2023-09-15,2023-09-25,0.0105787349314532,2023,2022-12-31,learned_vol_interaction,20260910,0.6977509115308642,0.6977509115308642,1,1
rolling5_annual20,3076,2023-09-22,2023-10-16,-0.0198017153282719,2023,2022-12-31,learned_vol_interaction,20260910,0.30811498908515295,0.30811498908515295,0,0
rolling5_annual20,3085,2023-10-13,2023-10-23,-0.0447156690429144,2023,2022-12-31,learned_vol_interaction,20260910,0.3186248238753865,0.3186248238753865,0,0
rolling5_annual20,3090,2023-10-20,2023-10-30,0.0154019770298841,2023,2022-12-31,learned_vol_interaction,20260910,0.47503108967166396,0.47503108967166396,0,1
rolling5_annual20,3095,2023-10-27,2023-11-06,0.0152527637017425,2023,2022-12-31,learned_vol_interaction,20260910,0.6510572958536329,0.6510572958536329,1,1
rolling5_annual20,3100,2023-11-03,2023-11-13,-0.0039935482440582,2023,2022-12-31,learned_vol_interaction,20260910,0.6337676621247442,0.6337676621247442,1,0
rolling5_annual20,3105,2023-11-10,2023-11-20,-0.0067280482816765,2023,2022-12-31,learned_vol_interaction,20260910,0.3556888618333624,0.3556888618333624,0,0
rolling5_annual20,3110,2023-11-17,2023-11-27,-0.0098859017348651,2023,2022-12-31,learned_vol_interaction,20260910,0.5240193760809451,0.5240193760809451,1,0
rolling5_annual20,3115,2023-11-24,2023-12-04,-0.0151084754586299,2023,2022-12-31,learned_vol_interaction,20260910,0.6213508844304936,0.6213508844304936,1,0
rolling5_annual20,3120,2023-12-01,2023-12-11,-0.0295859857973478,2023,2022-12-31,learned_vol_interaction,20260910,0.6548455848453286,0.6548455848453286,1,0
rolling5_annual20,3125,2023-12-08,2023-12-18,-0.0144639658974852,2023,2022-12-31,learned_vol_interaction,20260910,0.7239937201245994,0.7239937201245994,1,0
rolling5_annual20,3130,2023-12-15,2023-12-25,0.0003424256350643,2023,2022-12-31,learned_vol_interaction,20260910,0.5093696275054393,0.5093696275054393,1,1
rolling5_annual20,3135,2023-12-22,2024-01-02,0.0288079559683274,2023,2022-12-31,learned_vol_interaction,20260910,0.3111064131878885,0.3111064131878885,0,1
rolling5_annual20,3140,2023-12-29,2024-01-08,-0.0302544749829989,2023,2022-12-31,learned_vol_interaction,20260910,0.5998966954203862,0.5998966954203862,1,0
rolling5_annual20,2902,2023-01-06,2023-01-16,0.0198447929614133,2023,2022-12-31,learned_order_extension,20260910,0.2943161630816726,0.2943161630816726,0,1
rolling5_annual20,2907,2023-01-13,2023-01-30,0.0465290788350809,2023,2022-12-31,learned_order_extension,20260910,0.46027187341536235,0.46027187341536235,0,1
rolling5_annual20,2912,2023-01-20,2023-02-06,-0.0383797057844887,2023,2022-12-31,learned_order_extension,20260910,0.3872152058090037,0.3872152058090037,0,0
rolling5_annual20,2917,2023-02-03,2023-02-13,-0.0012061903149008,2023,2022-12-31,learned_order_extension,20260910,0.7087431108814826,0.7087431108814826,1,0
rolling5_annual20,2922,2023-02-10,2023-02-20,-0.0143746584432821,2023,2022-12-31,learned_order_extension,20260910,0.33420380659580207,0.33420380659580207,0,0
rolling5_annual20,2927,2023-02-17,2023-02-27,0.0001237636016198,2023,2022-12-31,learned_order_extension,20260910,0.37695809393703467,0.37695809393703467,0,1
rolling5_annual20,2932,2023-02-24,2023-03-06,0.0224454641303217,2023,2022-12-31,learned_order_extension,20260910,0.6504979423759706,0.6504979423759706,1,1
rolling5_annual20,2937,2023-03-03,2023-03-13,-0.0407900947678007,2023,2022-12-31,learned_order_extension,20260910,0.7451391997229981,0.7451391997229981,1,0
rolling5_annual20,2942,2023-03-10,2023-03-20,5.0471402903706775e-06,2023,2022-12-31,learned_order_extension,20260910,0.5807717243209339,0.5807717243209339,1,1
rolling5_annual20,2947,2023-03-17,2023-03-27,0.015302852124583,2023,2022-12-31,learned_order_extension,20260910,0.4261400351912486,0.4261400351912486,0,1
rolling5_annual20,2952,2023-03-24,2023-04-03,0.0090274153058433,2023,2022-12-31,learned_order_extension,20260910,0.35549705087245137,0.35549705087245137,0,1
rolling5_annual20,2957,2023-03-31,2023-04-10,0.0178317182396383,2023,2022-12-31,learned_order_extension,20260910,0.38561638910546875,0.38561638910546875,0,1
rolling5_annual20,2961,2023-04-07,2023-04-17,-0.0101500238382772,2023,2022-12-31,learned_order_extension,20260910,0.5803253034213908,0.5803253034213908,1,0
rolling5_annual20,2966,2023-04-14,2023-04-24,-0.014368947230732,2023,2022-12-31,learned_order_extension,20260910,0.3132796546081912,0.3132796546081912,0,0
rolling5_annual20,2971,2023-04-21,2023-05-04,-0.0044228908788729,2023,2022-12-31,learned_order_extension,20260910,0.5129717529119044,0.5129717529119044,1,0
rolling5_annual20,2976,2023-04-28,2023-05-10,0.0036477163153083,2023,2022-12-31,learned_order_extension,20260910,0.3973579997453356,0.3973579997453356,0,1
rolling5_annual20,2978,2023-05-05,2023-05-15,-0.0221642407977935,2023,2022-12-31,learned_order_extension,20260910,0.4552249172640749,0.4552249172640749,0,0
rolling5_annual20,2983,2023-05-12,2023-05-22,0.0005509250208819,2023,2022-12-31,learned_order_extension,20260910,0.3862794729795211,0.3862794729795211,0,1
rolling5_annual20,2988,2023-05-19,2023-05-29,-0.0200253742704897,2023,2022-12-31,learned_order_extension,20260910,0.558285474010296,0.558285474010296,1,0
rolling5_annual20,2993,2023-05-26,2023-06-05,-0.0003935703040848,2023,2022-12-31,learned_order_extension,20260910,0.5195420946101187,0.5195420946101187,1,0
rolling5_annual20,2998,2023-06-02,2023-06-12,-0.0086075595250429,2023,2022-12-31,learned_order_extension,20260910,0.4764646687624865,0.4764646687624865,0,0
rolling5_annual20,3003,2023-06-09,2023-06-19,0.0338878539347273,2023,2022-12-31,learned_order_extension,20260910,0.4399504044091518,0.4399504044091518,0,1
rolling5_annual20,3008,2023-06-16,2023-07-03,-0.026216632171098,2023,2022-12-31,learned_order_extension,20260910,0.4403657460993596,0.4403657460993596,0,0
rolling5_annual20,3016,2023-06-30,2023-07-10,-0.0030441518806006,2023,2022-12-31,learned_order_extension,20260910,0.44347540699034627,0.44347540699034627,0,0
rolling5_annual20,3021,2023-07-07,2023-07-17,0.0104280552692135,2023,2022-12-31,learned_order_extension,20260910,0.42525896977192723,0.42525896977192723,0,1
rolling5_annual20,3026,2023-07-14,2023-07-24,-0.0201642613135752,2023,2022-12-31,learned_order_extension,20260910,0.6244950957532646,0.6244950957532646,1,0
rolling5_annual20,3031,2023-07-21,2023-07-31,0.0566710925894278,2023,2022-12-31,learned_order_extension,20260910,0.591193586714307,0.591193586714307,1,1
rolling5_annual20,3036,2023-07-28,2023-08-07,-0.0039612927947766,2023,2022-12-31,learned_order_extension,20260910,0.4137031126689188,0.4137031126689188,0,0
rolling5_annual20,3041,2023-08-04,2023-08-14,-0.0404899362223548,2023,2022-12-31,learned_order_extension,20260910,0.34971805428457803,0.34971805428457803,0,0
rolling5_annual20,3046,2023-08-11,2023-08-21,-0.0176157088591445,2023,2022-12-31,learned_order_extension,20260910,0.2809005484837032,0.2809005484837032,0,0
rolling5_annual20,3051,2023-08-18,2023-08-28,0.0366582477081969,2023,2022-12-31,learned_order_extension,20260910,0.5809843846986696,0.5809843846986696,1,1
rolling5_annual20,3056,2023-08-25,2023-09-04,-0.025197172476384,2023,2022-12-31,learned_order_extension,20260910,0.31129405822030537,0.31129405822030537,0,0
rolling5_annual20,3061,2023-09-01,2023-09-11,-0.0189903461587886,2023,2022-12-31,learned_order_extension,20260910,0.5671782602532678,0.5671782602532678,1,0
rolling5_annual20,3066,2023-09-08,2023-09-18,-0.0111346368744954,2023,2022-12-31,learned_order_extension,20260910,0.5986378602457478,0.5986378602457478,1,0
rolling5_annual20,3071,2023-09-15,2023-09-25,0.0105787349314532,2023,2022-12-31,learned_order_extension,20260910,0.6895171394617714,0.6895171394617714,1,1
rolling5_annual20,3076,2023-09-22,2023-10-16,-0.0198017153282719,2023,2022-12-31,learned_order_extension,20260910,0.33512334993612697,0.33512334993612697,0,0
rolling5_annual20,3085,2023-10-13,2023-10-23,-0.0447156690429144,2023,2022-12-31,learned_order_extension,20260910,0.30440510308782714,0.30440510308782714,0,0
rolling5_annual20,3090,2023-10-20,2023-10-30,0.0154019770298841,2023,2022-12-31,learned_order_extension,20260910,0.4766281929131953,0.4766281929131953,0,1
rolling5_annual20,3095,2023-10-27,2023-11-06,0.0152527637017425,2023,2022-12-31,learned_order_extension,20260910,0.626916446466881,0.626916446466881,1,1
rolling5_annual20,3100,2023-11-03,2023-11-13,-0.0039935482440582,2023,2022-12-31,learned_order_extension,20260910,0.6201049564983336,0.6201049564983336,1,0
rolling5_annual20,3105,2023-11-10,2023-11-20,-0.0067280482816765,2023,2022-12-31,learned_order_extension,20260910,0.3738864366587212,0.3738864366587212,0,0
rolling5_annual20,3110,2023-11-17,2023-11-27,-0.0098859017348651,2023,2022-12-31,learned_order_extension,20260910,0.5345355040949834,0.5345355040949834,1,0
rolling5_annual20,3115,2023-11-24,2023-12-04,-0.0151084754586299,2023,2022-12-31,learned_order_extension,20260910,0.5989782474931528,0.5989782474931528,1,0
rolling5_annual20,3120,2023-12-01,2023-12-11,-0.0295859857973478,2023,2022-12-31,learned_order_extension,20260910,0.6371672623479381,0.6371672623479381,1,0
rolling5_annual20,3125,2023-12-08,2023-12-18,-0.0144639658974852,2023,2022-12-31,learned_order_extension,20260910,0.726127480353712,0.726127480353712,1,0
rolling5_annual20,3130,2023-12-15,2023-12-25,0.0003424256350643,2023,2022-12-31,learned_order_extension,20260910,0.5071153715809007,0.5071153715809007,1,1
rolling5_annual20,3135,2023-12-22,2024-01-02,0.0288079559683274,2023,2022-12-31,learned_order_extension,20260910,0.3270929793257609,0.3270929793257609,0,1
rolling5_annual20,3140,2023-12-29,2024-01-08,-0.0302544749829989,2023,2022-12-31,learned_order_extension,20260910,0.5992256981518858,0.5992256981518858,1,0
rolling5_annual20,2902,2023-01-06,2023-01-16,0.0198447929614133,2023,2022-12-31,learned_order_offset,20260910,0.29436491679511234,0.29436491679511234,0,1
rolling5_annual20,2907,2023-01-13,2023-01-30,0.0465290788350809,2023,2022-12-31,learned_order_offset,20260910,0.45922844261203544,0.45922844261203544,0,1
rolling5_annual20,2912,2023-01-20,2023-02-06,-0.0383797057844887,2023,2022-12-31,learned_order_offset,20260910,0.3863007910171924,0.3863007910171924,0,0
rolling5_annual20,2917,2023-02-03,2023-02-13,-0.0012061903149008,2023,2022-12-31,learned_order_offset,20260910,0.708109906191393,0.708109906191393,1,0
rolling5_annual20,2922,2023-02-10,2023-02-20,-0.0143746584432821,2023,2022-12-31,learned_order_offset,20260910,0.3342356424663725,0.3342356424663725,0,0
rolling5_annual20,2927,2023-02-17,2023-02-27,0.0001237636016198,2023,2022-12-31,learned_order_offset,20260910,0.3768936129162209,0.3768936129162209,0,1
rolling5_annual20,2932,2023-02-24,2023-03-06,0.0224454641303217,2023,2022-12-31,learned_order_offset,20260910,0.650954614063496,0.650954614063496,1,1
rolling5_annual20,2937,2023-03-03,2023-03-13,-0.0407900947678007,2023,2022-12-31,learned_order_offset,20260910,0.744213255918267,0.744213255918267,1,0
rolling5_annual20,2942,2023-03-10,2023-03-20,5.0471402903706775e-06,2023,2022-12-31,learned_order_offset,20260910,0.581402685223824,0.581402685223824,1,1
rolling5_annual20,2947,2023-03-17,2023-03-27,0.015302852124583,2023,2022-12-31,learned_order_offset,20260910,0.4267138677564879,0.4267138677564879,0,1
rolling5_annual20,2952,2023-03-24,2023-04-03,0.0090274153058433,2023,2022-12-31,learned_order_offset,20260910,0.3550974197538086,0.3550974197538086,0,1
rolling5_annual20,2957,2023-03-31,2023-04-10,0.0178317182396383,2023,2022-12-31,learned_order_offset,20260910,0.38476763491007665,0.38476763491007665,0,1
rolling5_annual20,2961,2023-04-07,2023-04-17,-0.0101500238382772,2023,2022-12-31,learned_order_offset,20260910,0.5794010068026585,0.5794010068026585,1,0
rolling5_annual20,2966,2023-04-14,2023-04-24,-0.014368947230732,2023,2022-12-31,learned_order_offset,20260910,0.31197453771328737,0.31197453771328737,0,0
rolling5_annual20,2971,2023-04-21,2023-05-04,-0.0044228908788729,2023,2022-12-31,learned_order_offset,20260910,0.5149450703710334,0.5149450703710334,1,0
rolling5_annual20,2976,2023-04-28,2023-05-10,0.0036477163153083,2023,2022-12-31,learned_order_offset,20260910,0.39823395699918146,0.39823395699918146,0,1
rolling5_annual20,2978,2023-05-05,2023-05-15,-0.0221642407977935,2023,2022-12-31,learned_order_offset,20260910,0.4559542898668919,0.4559542898668919,0,0
rolling5_annual20,2983,2023-05-12,2023-05-22,0.0005509250208819,2023,2022-12-31,learned_order_offset,20260910,0.38735140673750457,0.38735140673750457,0,1
rolling5_annual20,2988,2023-05-19,2023-05-29,-0.0200253742704897,2023,2022-12-31,learned_order_offset,20260910,0.5583236766115218,0.5583236766115218,1,0
rolling5_annual20,2993,2023-05-26,2023-06-05,-0.0003935703040848,2023,2022-12-31,learned_order_offset,20260910,0.5196713253356512,0.5196713253356512,1,0
rolling5_annual20,2998,2023-06-02,2023-06-12,-0.0086075595250429,2023,2022-12-31,learned_order_offset,20260910,0.4774002230107331,0.4774002230107331,0,0
rolling5_annual20,3003,2023-06-09,2023-06-19,0.0338878539347273,2023,2022-12-31,learned_order_offset,20260910,0.44203236200402185,0.44203236200402185,0,1
rolling5_annual20,3008,2023-06-16,2023-07-03,-0.026216632171098,2023,2022-12-31,learned_order_offset,20260910,0.44122158681927054,0.44122158681927054,0,0
rolling5_annual20,3016,2023-06-30,2023-07-10,-0.0030441518806006,2023,2022-12-31,learned_order_offset,20260910,0.4443353288773946,0.4443353288773946,0,0
rolling5_annual20,3021,2023-07-07,2023-07-17,0.0104280552692135,2023,2022-12-31,learned_order_offset,20260910,0.4256085180406109,0.4256085180406109,0,1
rolling5_annual20,3026,2023-07-14,2023-07-24,-0.0201642613135752,2023,2022-12-31,learned_order_offset,20260910,0.623906968031916,0.623906968031916,1,0
rolling5_annual20,3031,2023-07-21,2023-07-31,0.0566710925894278,2023,2022-12-31,learned_order_offset,20260910,0.5909164484602238,0.5909164484602238,1,1
rolling5_annual20,3036,2023-07-28,2023-08-07,-0.0039612927947766,2023,2022-12-31,learned_order_offset,20260910,0.4138182586819264,0.4138182586819264,0,0
rolling5_annual20,3041,2023-08-04,2023-08-14,-0.0404899362223548,2023,2022-12-31,learned_order_offset,20260910,0.3499694885504753,0.3499694885504753,0,0
rolling5_annual20,3046,2023-08-11,2023-08-21,-0.0176157088591445,2023,2022-12-31,learned_order_offset,20260910,0.28220374642564056,0.28220374642564056,0,0
rolling5_annual20,3051,2023-08-18,2023-08-28,0.0366582477081969,2023,2022-12-31,learned_order_offset,20260910,0.5800249132918106,0.5800249132918106,1,1
rolling5_annual20,3056,2023-08-25,2023-09-04,-0.025197172476384,2023,2022-12-31,learned_order_offset,20260910,0.311648784966294,0.311648784966294,0,0
rolling5_annual20,3061,2023-09-01,2023-09-11,-0.0189903461587886,2023,2022-12-31,learned_order_offset,20260910,0.566362837903968,0.566362837903968,1,0
rolling5_annual20,3066,2023-09-08,2023-09-18,-0.0111346368744954,2023,2022-12-31,learned_order_offset,20260910,0.5991422738205142,0.5991422738205142,1,0
rolling5_annual20,3071,2023-09-15,2023-09-25,0.0105787349314532,2023,2022-12-31,learned_order_offset,20260910,0.6890568513220626,0.6890568513220626,1,1
rolling5_annual20,3076,2023-09-22,2023-10-16,-0.0198017153282719,2023,2022-12-31,learned_order_offset,20260910,0.33653104179539023,0.33653104179539023,0,0
rolling5_annual20,3085,2023-10-13,2023-10-23,-0.0447156690429144,2023,2022-12-31,learned_order_offset,20260910,0.3043326508764281,0.3043326508764281,0,0
rolling5_annual20,3090,2023-10-20,2023-10-30,0.0154019770298841,2023,2022-12-31,learned_order_offset,20260910,0.47659825611933193,0.47659825611933193,0,1
rolling5_annual20,3095,2023-10-27,2023-11-06,0.0152527637017425,2023,2022-12-31,learned_order_offset,20260910,0.6264366229627167,0.6264366229627167,1,1
rolling5_annual20,3100,2023-11-03,2023-11-13,-0.0039935482440582,2023,2022-12-31,learned_order_offset,20260910,0.6200843647075565,0.6200843647075565,1,0
rolling5_annual20,3105,2023-11-10,2023-11-20,-0.0067280482816765,2023,2022-12-31,learned_order_offset,20260910,0.37497342119156146,0.37497342119156146,0,0
rolling5_annual20,3110,2023-11-17,2023-11-27,-0.0098859017348651,2023,2022-12-31,learned_order_offset,20260910,0.5354394988574229,0.5354394988574229,1,0
rolling5_annual20,3115,2023-11-24,2023-12-04,-0.0151084754586299,2023,2022-12-31,learned_order_offset,20260910,0.5989205204906171,0.5989205204906171,1,0
rolling5_annual20,3120,2023-12-01,2023-12-11,-0.0295859857973478,2023,2022-12-31,learned_order_offset,20260910,0.6373428416572482,0.6373428416572482,1,0
rolling5_annual20,3125,2023-12-08,2023-12-18,-0.0144639658974852,2023,2022-12-31,learned_order_offset,20260910,0.7263297183442197,0.7263297183442197,1,0
rolling5_annual20,3130,2023-12-15,2023-12-25,0.0003424256350643,2023,2022-12-31,learned_order_offset,20260910,0.5070535490594527,0.5070535490594527,1,1
rolling5_annual20,3135,2023-12-22,2024-01-02,0.0288079559683274,2023,2022-12-31,learned_order_offset,20260910,0.3275411380993484,0.3275411380993484,0,1
rolling5_annual20,3140,2023-12-29,2024-01-08,-0.0302544749829989,2023,2022-12-31,learned_order_offset,20260910,0.5991665765171357,0.5991665765171357,1,0
rolling5_annual20,2902,2023-01-06,2023-01-16,0.0198447929614133,2023,2022-12-31,native_mse,20260910,-0.0025267983391307767,,0,1
rolling5_annual20,2907,2023-01-13,2023-01-30,0.0465290788350809,2023,2022-12-31,native_mse,20260910,-0.0004635399148201708,,0,1
rolling5_annual20,2912,2023-01-20,2023-02-06,-0.0383797057844887,2023,2022-12-31,native_mse,20260910,7.519190422555292e-05,,1,0
rolling5_annual20,2917,2023-02-03,2023-02-13,-0.0012061903149008,2023,2022-12-31,native_mse,20260910,0.0016271329266920357,,1,0
rolling5_annual20,2922,2023-02-10,2023-02-20,-0.0143746584432821,2023,2022-12-31,native_mse,20260910,-0.0011564163814400644,,0,0
rolling5_annual20,2927,2023-02-17,2023-02-27,0.0001237636016198,2023,2022-12-31,native_mse,20260910,-0.0016426518503498255,,0,1
rolling5_annual20,2932,2023-02-24,2023-03-06,0.0224454641303217,2023,2022-12-31,native_mse,20260910,0.0015810555880606469,,1,1
rolling5_annual20,2937,2023-03-03,2023-03-13,-0.0407900947678007,2023,2022-12-31,native_mse,20260910,0.0007073892257839969,,1,0
rolling5_annual20,2942,2023-03-10,2023-03-20,5.0471402903706775e-06,2023,2022-12-31,native_mse,20260910,-0.0001794060398361263,,0,1
rolling5_annual20,2947,2023-03-17,2023-03-27,0.015302852124583,2023,2022-12-31,native_mse,20260910,-0.0018976163672993884,,0,1
rolling5_annual20,2952,2023-03-24,2023-04-03,0.0090274153058433,2023,2022-12-31,native_mse,20260910,-0.001832954139676603,,0,1
rolling5_annual20,2957,2023-03-31,2023-04-10,0.0178317182396383,2023,2022-12-31,native_mse,20260910,-0.00172129069982479,,0,1
rolling5_annual20,2961,2023-04-07,2023-04-17,-0.0101500238382772,2023,2022-12-31,native_mse,20260910,-0.00033641886926452733,,0,0
rolling5_annual20,2966,2023-04-14,2023-04-24,-0.014368947230732,2023,2022-12-31,native_mse,20260910,-0.0013230092163269815,,0,0
rolling5_annual20,2971,2023-04-21,2023-05-04,-0.0044228908788729,2023,2022-12-31,native_mse,20260910,-0.0007286066396655064,,0,0
rolling5_annual20,2976,2023-04-28,2023-05-10,0.0036477163153083,2023,2022-12-31,native_mse,20260910,-0.00030575704561793394,,0,1
rolling5_annual20,2978,2023-05-05,2023-05-15,-0.0221642407977935,2023,2022-12-31,native_mse,20260910,-0.00011486613921578474,,0,0
rolling5_annual20,2983,2023-05-12,2023-05-22,0.0005509250208819,2023,2022-12-31,native_mse,20260910,-0.0001792163459168561,,0,1
rolling5_annual20,2988,2023-05-19,2023-05-29,-0.0200253742704897,2023,2022-12-31,native_mse,20260910,0.0009439667644663131,,1,0
rolling5_annual20,2993,2023-05-26,2023-06-05,-0.0003935703040848,2023,2022-12-31,native_mse,20260910,0.000557122093874036,,1,0
rolling5_annual20,2998,2023-06-02,2023-06-12,-0.0086075595250429,2023,2022-12-31,native_mse,20260910,-0.001180815938657947,,0,0
rolling5_annual20,3003,2023-06-09,2023-06-19,0.0338878539347273,2023,2022-12-31,native_mse,20260910,-0.0014426234760102343,,0,1
rolling5_annual20,3008,2023-06-16,2023-07-03,-0.026216632171098,2023,2022-12-31,native_mse,20260910,-0.0010042817493535598,,0,0
rolling5_annual20,3016,2023-06-30,2023-07-10,-0.0030441518806006,2023,2022-12-31,native_mse,20260910,-0.0011931588855691256,,0,0
rolling5_annual20,3021,2023-07-07,2023-07-17,0.0104280552692135,2023,2022-12-31,native_mse,20260910,-0.001925244639091561,,0,1
rolling5_annual20,3026,2023-07-14,2023-07-24,-0.0201642613135752,2023,2022-12-31,native_mse,20260910,0.00072512762062503,,1,0
rolling5_annual20,3031,2023-07-21,2023-07-31,0.0566710925894278,2023,2022-12-31,native_mse,20260910,0.0009939160139214966,,1,1
rolling5_annual20,3036,2023-07-28,2023-08-07,-0.0039612927947766,2023,2022-12-31,native_mse,20260910,-0.0005682320215149167,,0,0
rolling5_annual20,3041,2023-08-04,2023-08-14,-0.0404899362223548,2023,2022-12-31,native_mse,20260910,-0.0009301134947241365,,0,0
rolling5_annual20,3046,2023-08-11,2023-08-21,-0.0176157088591445,2023,2022-12-31,native_mse,20260910,-0.000726777176221484,,0,0
rolling5_annual20,3051,2023-08-18,2023-08-28,0.0366582477081969,2023,2022-12-31,native_mse,20260910,0.0008756120897448488,,1,1
rolling5_annual20,3056,2023-08-25,2023-09-04,-0.025197172476384,2023,2022-12-31,native_mse,20260910,-0.0006648239910763075,,0,0
rolling5_annual20,3061,2023-09-01,2023-09-11,-0.0189903461587886,2023,2022-12-31,native_mse,20260910,0.00015839660362514175,,1,0
rolling5_annual20,3066,2023-09-08,2023-09-18,-0.0111346368744954,2023,2022-12-31,native_mse,20260910,0.001744965500114605,,1,0
rolling5_annual20,3071,2023-09-15,2023-09-25,0.0105787349314532,2023,2022-12-31,native_mse,20260910,0.0006876575211446893,,1,1
rolling5_annual20,3076,2023-09-22,2023-10-16,-0.0198017153282719,2023,2022-12-31,native_mse,20260910,-0.00243132015475,,0,0
rolling5_annual20,3085,2023-10-13,2023-10-23,-0.0447156690429144,2023,2022-12-31,native_mse,20260910,-0.0021908711949872265,,0,0
rolling5_annual20,3090,2023-10-20,2023-10-30,0.0154019770298841,2023,2022-12-31,native_mse,20260910,-0.0005611083237640583,,0,1
rolling5_annual20,3095,2023-10-27,2023-11-06,0.0152527637017425,2023,2022-12-31,native_mse,20260910,0.0010289915405626282,,1,1
rolling5_annual20,3100,2023-11-03,2023-11-13,-0.0039935482440582,2023,2022-12-31,native_mse,20260910,0.001023319006735779,,1,0
rolling5_annual20,3105,2023-11-10,2023-11-20,-0.0067280482816765,2023,2022-12-31,native_mse,20260910,-0.0009564130384265961,,0,0
rolling5_annual20,3110,2023-11-17,2023-11-27,-0.0098859017348651,2023,2022-12-31,native_mse,20260910,0.00023192130830153903,,1,0
rolling5_annual20,3115,2023-11-24,2023-12-04,-0.0151084754586299,2023,2022-12-31,native_mse,20260910,0.0008732338960994725,,1,0
rolling5_annual20,3120,2023-12-01,2023-12-11,-0.0295859857973478,2023,2022-12-31,native_mse,20260910,0.000837366835393595,,1,0
rolling5_annual20,3125,2023-12-08,2023-12-18,-0.0144639658974852,2023,2022-12-31,native_mse,20260910,0.0006391538307731006,,1,0
rolling5_annual20,3130,2023-12-15,2023-12-25,0.0003424256350643,2023,2022-12-31,native_mse,20260910,0.000382991564868559,,1,1
rolling5_annual20,3135,2023-12-22,2024-01-02,0.0288079559683274,2023,2022-12-31,native_mse,20260910,-0.0008222024683218445,,0,1
rolling5_annual20,3140,2023-12-29,2024-01-08,-0.0302544749829989,2023,2022-12-31,native_mse,20260910,0.0008212539531046094,,1,0
rolling5_annual20,2902,2023-01-06,2023-01-16,0.0198447929614133,2023,2022-12-31,training_frequency,-1,0.5028949545078577,0.5028949545078577,1,1
rolling5_annual20,2907,2023-01-13,2023-01-30,0.0465290788350809,2023,2022-12-31,training_frequency,-1,0.5028949545078577,0.5028949545078577,1,1
rolling5_annual20,2912,2023-01-20,2023-02-06,-0.0383797057844887,2023,2022-12-31,training_frequency,-1,0.5028949545078577,0.5028949545078577,1,0
rolling5_annual20,2917,2023-02-03,2023-02-13,-0.0012061903149008,2023,2022-12-31,training_frequency,-1,0.5028949545078577,0.5028949545078577,1,0
rolling5_annual20,2922,2023-02-10,2023-02-20,-0.0143746584432821,2023,2022-12-31,training_frequency,-1,0.5028949545078577,0.5028949545078577,1,0
rolling5_annual20,2927,2023-02-17,2023-02-27,0.0001237636016198,2023,2022-12-31,training_frequency,-1,0.5028949545078577,0.5028949545078577,1,1
rolling5_annual20,2932,2023-02-24,2023-03-06,0.0224454641303217,2023,2022-12-31,training_frequency,-1,0.5028949545078577,0.5028949545078577,1,1
rolling5_annual20,2937,2023-03-03,2023-03-13,-0.0407900947678007,2023,2022-12-31,training_frequency,-1,0.5028949545078577,0.5028949545078577,1,0
rolling5_annual20,2942,2023-03-10,2023-03-20,5.0471402903706775e-06,2023,2022-12-31,training_frequency,-1,0.5028949545078577,0.5028949545078577,1,1
rolling5_annual20,2947,2023-03-17,2023-03-27,0.015302852124583,2023,2022-12-31,training_frequency,-1,0.5028949545078577,0.5028949545078577,1,1
rolling5_annual20,2952,2023-03-24,2023-04-03,0.0090274153058433,2023,2022-12-31,training_frequency,-1,0.5028949545078577,0.5028949545078577,1,1
rolling5_annual20,2957,2023-03-31,2023-04-10,0.0178317182396383,2023,2022-12-31,training_frequency,-1,0.5028949545078577,0.5028949545078577,1,1
rolling5_annual20,2961,2023-04-07,2023-04-17,-0.0101500238382772,2023,2022-12-31,training_frequency,-1,0.5028949545078577,0.5028949545078577,1,0
rolling5_annual20,2966,2023-04-14,2023-04-24,-0.014368947230732,2023,2022-12-31,training_frequency,-1,0.5028949545078577,0.5028949545078577,1,0
rolling5_annual20,2971,2023-04-21,2023-05-04,-0.0044228908788729,2023,2022-12-31,training_frequency,-1,0.5028949545078577,0.5028949545078577,1,0
rolling5_annual20,2976,2023-04-28,2023-05-10,0.0036477163153083,2023,2022-12-31,training_frequency,-1,0.5028949545078577,0.5028949545078577,1,1
rolling5_annual20,2978,2023-05-05,2023-05-15,-0.0221642407977935,2023,2022-12-31,training_frequency,-1,0.5028949545078577,0.5028949545078577,1,0
rolling5_annual20,2983,2023-05-12,2023-05-22,0.0005509250208819,2023,2022-12-31,training_frequency,-1,0.5028949545078577,0.5028949545078577,1,1
rolling5_annual20,2988,2023-05-19,2023-05-29,-0.0200253742704897,2023,2022-12-31,training_frequency,-1,0.5028949545078577,0.5028949545078577,1,0
rolling5_annual20,2993,2023-05-26,2023-06-05,-0.0003935703040848,2023,2022-12-31,training_frequency,-1,0.5028949545078577,0.5028949545078577,1,0
rolling5_annual20,2998,2023-06-02,2023-06-12,-0.0086075595250429,2023,2022-12-31,training_frequency,-1,0.5028949545078577,0.5028949545078577,1,0
rolling5_annual20,3003,2023-06-09,2023-06-19,0.0338878539347273,2023,2022-12-31,training_frequency,-1,0.5028949545078577,0.5028949545078577,1,1
rolling5_annual20,3008,2023-06-16,2023-07-03,-0.026216632171098,2023,2022-12-31,training_frequency,-1,0.5028949545078577,0.5028949545078577,1,0
rolling5_annual20,3016,2023-06-30,2023-07-10,-0.0030441518806006,2023,2022-12-31,training_frequency,-1,0.5028949545078577,0.5028949545078577,1,0
rolling5_annual20,3021,2023-07-07,2023-07-17,0.0104280552692135,2023,2022-12-31,training_frequency,-1,0.5028949545078577,0.5028949545078577,1,1
rolling5_annual20,3026,2023-07-14,2023-07-24,-0.0201642613135752,2023,2022-12-31,training_frequency,-1,0.5028949545078577,0.5028949545078577,1,0
rolling5_annual20,3031,2023-07-21,2023-07-31,0.0566710925894278,2023,2022-12-31,training_frequency,-1,0.5028949545078577,0.5028949545078577,1,1
rolling5_annual20,3036,2023-07-28,2023-08-07,-0.0039612927947766,2023,2022-12-31,training_frequency,-1,0.5028949545078577,0.5028949545078577,1,0
rolling5_annual20,3041,2023-08-04,2023-08-14,-0.0404899362223548,2023,2022-12-31,training_frequency,-1,0.5028949545078577,0.5028949545078577,1,0
rolling5_annual20,3046,2023-08-11,2023-08-21,-0.0176157088591445,2023,2022-12-31,training_frequency,-1,0.5028949545078577,0.5028949545078577,1,0
rolling5_annual20,3051,2023-08-18,2023-08-28,0.0366582477081969,2023,2022-12-31,training_frequency,-1,0.5028949545078577,0.5028949545078577,1,1
rolling5_annual20,3056,2023-08-25,2023-09-04,-0.025197172476384,2023,2022-12-31,training_frequency,-1,0.5028949545078577,0.5028949545078577,1,0
rolling5_annual20,3061,2023-09-01,2023-09-11,-0.0189903461587886,2023,2022-12-31,training_frequency,-1,0.5028949545078577,0.5028949545078577,1,0
rolling5_annual20,3066,2023-09-08,2023-09-18,-0.0111346368744954,2023,2022-12-31,training_frequency,-1,0.5028949545078577,0.5028949545078577,1,0
rolling5_annual20,3071,2023-09-15,2023-09-25,0.0105787349314532,2023,2022-12-31,training_frequency,-1,0.5028949545078577,0.5028949545078577,1,1
rolling5_annual20,3076,2023-09-22,2023-10-16,-0.0198017153282719,2023,2022-12-31,training_frequency,-1,0.5028949545078577,0.5028949545078577,1,0
rolling5_annual20,3085,2023-10-13,2023-10-23,-0.0447156690429144,2023,2022-12-31,training_frequency,-1,0.5028949545078577,0.5028949545078577,1,0
rolling5_annual20,3090,2023-10-20,2023-10-30,0.0154019770298841,2023,2022-12-31,training_frequency,-1,0.5028949545078577,0.5028949545078577,1,1
rolling5_annual20,3095,2023-10-27,2023-11-06,0.0152527637017425,2023,2022-12-31,training_frequency,-1,0.5028949545078577,0.5028949545078577,1,1
rolling5_annual20,3100,2023-11-03,2023-11-13,-0.0039935482440582,2023,2022-12-31,training_frequency,-1,0.5028949545078577,0.5028949545078577,1,0
rolling5_annual20,3105,2023-11-10,2023-11-20,-0.0067280482816765,2023,2022-12-31,training_frequency,-1,0.5028949545078577,0.5028949545078577,1,0
rolling5_annual20,3110,2023-11-17,2023-11-27,-0.0098859017348651,2023,2022-12-31,training_frequency,-1,0.5028949545078577,0.5028949545078577,1,0
rolling5_annual20,3115,2023-11-24,2023-12-04,-0.0151084754586299,2023,2022-12-31,training_frequency,-1,0.5028949545078577,0.5028949545078577,1,0
rolling5_annual20,3120,2023-12-01,2023-12-11,-0.0295859857973478,2023,2022-12-31,training_frequency,-1,0.5028949545078577,0.5028949545078577,1,0
rolling5_annual20,3125,2023-12-08,2023-12-18,-0.0144639658974852,2023,2022-12-31,training_frequency,-1,0.5028949545078577,0.5028949545078577,1,0
rolling5_annual20,3130,2023-12-15,2023-12-25,0.0003424256350643,2023,2022-12-31,training_frequency,-1,0.5028949545078577,0.5028949545078577,1,1
rolling5_annual20,3135,2023-12-22,2024-01-02,0.0288079559683274,2023,2022-12-31,training_frequency,-1,0.5028949545078577,0.5028949545078577,1,1
rolling5_annual20,3140,2023-12-29,2024-01-08,-0.0302544749829989,2023,2022-12-31,training_frequency,-1,0.5028949545078577,0.5028949545078577,1,0
rolling5_annual20,2902,2023-01-06,2023-01-16,0.0198447929614133,2023,2022-12-31,learned_market,20260911,0.4109996836659653,0.4109996836659653,0,1
rolling5_annual20,2907,2023-01-13,2023-01-30,0.0465290788350809,2023,2022-12-31,learned_market,20260911,0.344318482304961,0.344318482304961,0,1
rolling5_annual20,2912,2023-01-20,2023-02-06,-0.0383797057844887,2023,2022-12-31,learned_market,20260911,0.6588589521771411,0.6588589521771411,1,0
rolling5_annual20,2917,2023-02-03,2023-02-13,-0.0012061903149008,2023,2022-12-31,learned_market,20260911,0.5846417083500102,0.5846417083500102,1,0
rolling5_annual20,2922,2023-02-10,2023-02-20,-0.0143746584432821,2023,2022-12-31,learned_market,20260911,0.37229435163057095,0.37229435163057095,0,0
rolling5_annual20,2927,2023-02-17,2023-02-27,0.0001237636016198,2023,2022-12-31,learned_market,20260911,0.4278917331001193,0.4278917331001193,0,1
rolling5_annual20,2932,2023-02-24,2023-03-06,0.0224454641303217,2023,2022-12-31,learned_market,20260911,0.6524353768671635,0.6524353768671635,1,1
rolling5_annual20,2937,2023-03-03,2023-03-13,-0.0407900947678007,2023,2022-12-31,learned_market,20260911,0.767620468884498,0.767620468884498,1,0
rolling5_annual20,2942,2023-03-10,2023-03-20,5.0471402903706775e-06,2023,2022-12-31,learned_market,20260911,0.6078004132598206,0.6078004132598206,1,1
rolling5_annual20,2947,2023-03-17,2023-03-27,0.015302852124583,2023,2022-12-31,learned_market,20260911,0.41902195233093853,0.41902195233093853,0,1
rolling5_annual20,2952,2023-03-24,2023-04-03,0.0090274153058433,2023,2022-12-31,learned_market,20260911,0.4677158880927443,0.4677158880927443,0,1
rolling5_annual20,2957,2023-03-31,2023-04-10,0.0178317182396383,2023,2022-12-31,learned_market,20260911,0.5644297293997745,0.5644297293997745,1,1
rolling5_annual20,2961,2023-04-07,2023-04-17,-0.0101500238382772,2023,2022-12-31,learned_market,20260911,0.5123926969413866,0.5123926969413866,1,0
rolling5_annual20,2966,2023-04-14,2023-04-24,-0.014368947230732,2023,2022-12-31,learned_market,20260911,0.511707795083602,0.511707795083602,1,0
rolling5_annual20,2971,2023-04-21,2023-05-04,-0.0044228908788729,2023,2022-12-31,learned_market,20260911,0.37484009153446224,0.37484009153446224,0,0
rolling5_annual20,2976,2023-04-28,2023-05-10,0.0036477163153083,2023,2022-12-31,learned_market,20260911,0.35090610116443816,0.35090610116443816,0,1
rolling5_annual20,2978,2023-05-05,2023-05-15,-0.0221642407977935,2023,2022-12-31,learned_market,20260911,0.34027916805748615,0.34027916805748615,0,0
rolling5_annual20,2983,2023-05-12,2023-05-22,0.0005509250208819,2023,2022-12-31,learned_market,20260911,0.49754285644712,0.49754285644712,0,1
rolling5_annual20,2988,2023-05-19,2023-05-29,-0.0200253742704897,2023,2022-12-31,learned_market,20260911,0.7549084578883676,0.7549084578883676,1,0
rolling5_annual20,2993,2023-05-26,2023-06-05,-0.0003935703040848,2023,2022-12-31,learned_market,20260911,0.5039392773809649,0.5039392773809649,1,0
rolling5_annual20,2998,2023-06-02,2023-06-12,-0.0086075595250429,2023,2022-12-31,learned_market,20260911,0.39899180688484476,0.39899180688484476,0,0
rolling5_annual20,3003,2023-06-09,2023-06-19,0.0338878539347273,2023,2022-12-31,learned_market,20260911,0.4684734509310129,0.4684734509310129,0,1
rolling5_annual20,3008,2023-06-16,2023-07-03,-0.026216632171098,2023,2022-12-31,learned_market,20260911,0.43999508820011124,0.43999508820011124,0,0
rolling5_annual20,3016,2023-06-30,2023-07-10,-0.0030441518806006,2023,2022-12-31,learned_market,20260911,0.494623114929346,0.494623114929346,0,0
rolling5_annual20,3021,2023-07-07,2023-07-17,0.0104280552692135,2023,2022-12-31,learned_market,20260911,0.4321304643658555,0.4321304643658555,0,1
rolling5_annual20,3026,2023-07-14,2023-07-24,-0.0201642613135752,2023,2022-12-31,learned_market,20260911,0.40871557780436546,0.40871557780436546,0,0
rolling5_annual20,3031,2023-07-21,2023-07-31,0.0566710925894278,2023,2022-12-31,learned_market,20260911,0.39545774353332364,0.39545774353332364,0,1
rolling5_annual20,3036,2023-07-28,2023-08-07,-0.0039612927947766,2023,2022-12-31,learned_market,20260911,0.42456681759896686,0.42456681759896686,0,0
rolling5_annual20,3041,2023-08-04,2023-08-14,-0.0404899362223548,2023,2022-12-31,learned_market,20260911,0.4091884265741096,0.4091884265741096,0,0
rolling5_annual20,3046,2023-08-11,2023-08-21,-0.0176157088591445,2023,2022-12-31,learned_market,20260911,0.6814136065435475,0.6814136065435475,1,0
rolling5_annual20,3051,2023-08-18,2023-08-28,0.0366582477081969,2023,2022-12-31,learned_market,20260911,0.47430326900984304,0.47430326900984304,0,1
rolling5_annual20,3056,2023-08-25,2023-09-04,-0.025197172476384,2023,2022-12-31,learned_market,20260911,0.5259209733581712,0.5259209733581712,1,0
rolling5_annual20,3061,2023-09-01,2023-09-11,-0.0189903461587886,2023,2022-12-31,learned_market,20260911,0.395595892092896,0.395595892092896,0,0
rolling5_annual20,3066,2023-09-08,2023-09-18,-0.0111346368744954,2023,2022-12-31,learned_market,20260911,0.5798161195333322,0.5798161195333322,1,0
rolling5_annual20,3071,2023-09-15,2023-09-25,0.0105787349314532,2023,2022-12-31,learned_market,20260911,0.7450189853974029,0.7450189853974029,1,1
rolling5_annual20,3076,2023-09-22,2023-10-16,-0.0198017153282719,2023,2022-12-31,learned_market,20260911,0.583578965260687,0.583578965260687,1,0
rolling5_annual20,3085,2023-10-13,2023-10-23,-0.0447156690429144,2023,2022-12-31,learned_market,20260911,0.3579981426496856,0.3579981426496856,0,0
rolling5_annual20,3090,2023-10-20,2023-10-30,0.0154019770298841,2023,2022-12-31,learned_market,20260911,0.3588375166965016,0.3588375166965016,0,1
rolling5_annual20,3095,2023-10-27,2023-11-06,0.0152527637017425,2023,2022-12-31,learned_market,20260911,0.4539820534579447,0.4539820534579447,0,1
rolling5_annual20,3100,2023-11-03,2023-11-13,-0.0039935482440582,2023,2022-12-31,learned_market,20260911,0.6448898642116608,0.6448898642116608,1,0
rolling5_annual20,3105,2023-11-10,2023-11-20,-0.0067280482816765,2023,2022-12-31,learned_market,20260911,0.47717516538664567,0.47717516538664567,0,0
rolling5_annual20,3110,2023-11-17,2023-11-27,-0.0098859017348651,2023,2022-12-31,learned_market,20260911,0.4340988928329714,0.4340988928329714,0,0
rolling5_annual20,3115,2023-11-24,2023-12-04,-0.0151084754586299,2023,2022-12-31,learned_market,20260911,0.48953743061998295,0.48953743061998295,0,0
rolling5_annual20,3120,2023-12-01,2023-12-11,-0.0295859857973478,2023,2022-12-31,learned_market,20260911,0.5673430499138431,0.5673430499138431,1,0
rolling5_annual20,3125,2023-12-08,2023-12-18,-0.0144639658974852,2023,2022-12-31,learned_market,20260911,0.4498414785432064,0.4498414785432064,0,0
rolling5_annual20,3130,2023-12-15,2023-12-25,0.0003424256350643,2023,2022-12-31,learned_market,20260911,0.4536437127074865,0.4536437127074865,0,1
rolling5_annual20,3135,2023-12-22,2024-01-02,0.0288079559683274,2023,2022-12-31,learned_market,20260911,0.4739524108128557,0.4739524108128557,0,1
rolling5_annual20,3140,2023-12-29,2024-01-08,-0.0302544749829989,2023,2022-12-31,learned_market,20260911,0.541540127112818,0.541540127112818,1,0
rolling5_annual20,2902,2023-01-06,2023-01-16,0.0198447929614133,2023,2022-12-31,learned_vol_interaction,20260911,0.40969442309749926,0.40969442309749926,0,1
rolling5_annual20,2907,2023-01-13,2023-01-30,0.0465290788350809,2023,2022-12-31,learned_vol_interaction,20260911,0.36456829174456845,0.36456829174456845,0,1
rolling5_annual20,2912,2023-01-20,2023-02-06,-0.0383797057844887,2023,2022-12-31,learned_vol_interaction,20260911,0.5794436004575169,0.5794436004575169,1,0
rolling5_annual20,2917,2023-02-03,2023-02-13,-0.0012061903149008,2023,2022-12-31,learned_vol_interaction,20260911,0.5514968469417321,0.5514968469417321,1,0
rolling5_annual20,2922,2023-02-10,2023-02-20,-0.0143746584432821,2023,2022-12-31,learned_vol_interaction,20260911,0.3927055424872561,0.3927055424872561,0,0
rolling5_annual20,2927,2023-02-17,2023-02-27,0.0001237636016198,2023,2022-12-31,learned_vol_interaction,20260911,0.44774683758526995,0.44774683758526995,0,1
rolling5_annual20,2932,2023-02-24,2023-03-06,0.0224454641303217,2023,2022-12-31,learned_vol_interaction,20260911,0.619096546985403,0.619096546985403,1,1
rolling5_annual20,2937,2023-03-03,2023-03-13,-0.0407900947678007,2023,2022-12-31,learned_vol_interaction,20260911,0.7361671223361639,0.7361671223361639,1,0
rolling5_annual20,2942,2023-03-10,2023-03-20,5.0471402903706775e-06,2023,2022-12-31,learned_vol_interaction,20260911,0.5923713060138441,0.5923713060138441,1,1
rolling5_annual20,2947,2023-03-17,2023-03-27,0.015302852124583,2023,2022-12-31,learned_vol_interaction,20260911,0.44129297023126407,0.44129297023126407,0,1
rolling5_annual20,2952,2023-03-24,2023-04-03,0.0090274153058433,2023,2022-12-31,learned_vol_interaction,20260911,0.48118952805584325,0.48118952805584325,0,1
rolling5_annual20,2957,2023-03-31,2023-04-10,0.0178317182396383,2023,2022-12-31,learned_vol_interaction,20260911,0.5581984383579583,0.5581984383579583,1,1
rolling5_annual20,2961,2023-04-07,2023-04-17,-0.0101500238382772,2023,2022-12-31,learned_vol_interaction,20260911,0.505035431875157,0.505035431875157,1,0
rolling5_annual20,2966,2023-04-14,2023-04-24,-0.014368947230732,2023,2022-12-31,learned_vol_interaction,20260911,0.49347349841953947,0.49347349841953947,0,0
rolling5_annual20,2971,2023-04-21,2023-05-04,-0.0044228908788729,2023,2022-12-31,learned_vol_interaction,20260911,0.397890632401885,0.397890632401885,0,0
rolling5_annual20,2976,2023-04-28,2023-05-10,0.0036477163153083,2023,2022-12-31,learned_vol_interaction,20260911,0.3746539512039826,0.3746539512039826,0,1
rolling5_annual20,2978,2023-05-05,2023-05-15,-0.0221642407977935,2023,2022-12-31,learned_vol_interaction,20260911,0.3794183322213578,0.3794183322213578,0,0
rolling5_annual20,2983,2023-05-12,2023-05-22,0.0005509250208819,2023,2022-12-31,learned_vol_interaction,20260911,0.5207253080904825,0.5207253080904825,1,1
rolling5_annual20,2988,2023-05-19,2023-05-29,-0.0200253742704897,2023,2022-12-31,learned_vol_interaction,20260911,0.7158994131477658,0.7158994131477658,1,0
rolling5_annual20,2993,2023-05-26,2023-06-05,-0.0003935703040848,2023,2022-12-31,learned_vol_interaction,20260911,0.5106796239963189,0.5106796239963189,1,0
rolling5_annual20,2998,2023-06-02,2023-06-12,-0.0086075595250429,2023,2022-12-31,learned_vol_interaction,20260911,0.41473330630809063,0.41473330630809063,0,0
rolling5_annual20,3003,2023-06-09,2023-06-19,0.0338878539347273,2023,2022-12-31,learned_vol_interaction,20260911,0.4862687443116524,0.4862687443116524,0,1
rolling5_annual20,3008,2023-06-16,2023-07-03,-0.026216632171098,2023,2022-12-31,learned_vol_interaction,20260911,0.4615744120462823,0.4615744120462823,0,0
rolling5_annual20,3016,2023-06-30,2023-07-10,-0.0030441518806006,2023,2022-12-31,learned_vol_interaction,20260911,0.5010023580261896,0.5010023580261896,1,0
rolling5_annual20,3021,2023-07-07,2023-07-17,0.0104280552692135,2023,2022-12-31,learned_vol_interaction,20260911,0.4535961698689514,0.4535961698689514,0,1
rolling5_annual20,3026,2023-07-14,2023-07-24,-0.0201642613135752,2023,2022-12-31,learned_vol_interaction,20260911,0.4201550783721589,0.4201550783721589,0,0
rolling5_annual20,3031,2023-07-21,2023-07-31,0.0566710925894278,2023,2022-12-31,learned_vol_interaction,20260911,0.41973638258801144,0.41973638258801144,0,1
rolling5_annual20,3036,2023-07-28,2023-08-07,-0.0039612927947766,2023,2022-12-31,learned_vol_interaction,20260911,0.4355598052653261,0.4355598052653261,0,0
rolling5_annual20,3041,2023-08-04,2023-08-14,-0.0404899362223548,2023,2022-12-31,learned_vol_interaction,20260911,0.4290686701601754,0.4290686701601754,0,0
rolling5_annual20,3046,2023-08-11,2023-08-21,-0.0176157088591445,2023,2022-12-31,learned_vol_interaction,20260911,0.6483499817470775,0.6483499817470775,1,0
rolling5_annual20,3051,2023-08-18,2023-08-28,0.0366582477081969,2023,2022-12-31,learned_vol_interaction,20260911,0.4685532098964361,0.4685532098964361,0,1
rolling5_annual20,3056,2023-08-25,2023-09-04,-0.025197172476384,2023,2022-12-31,learned_vol_interaction,20260911,0.5257411151596749,0.5257411151596749,1,0
rolling5_annual20,3061,2023-09-01,2023-09-11,-0.0189903461587886,2023,2022-12-31,learned_vol_interaction,20260911,0.41992779299148897,0.41992779299148897,0,0
rolling5_annual20,3066,2023-09-08,2023-09-18,-0.0111346368744954,2023,2022-12-31,learned_vol_interaction,20260911,0.5715992642380437,0.5715992642380437,1,0
rolling5_annual20,3071,2023-09-15,2023-09-25,0.0105787349314532,2023,2022-12-31,learned_vol_interaction,20260911,0.7246958473990663,0.7246958473990663,1,1
rolling5_annual20,3076,2023-09-22,2023-10-16,-0.0198017153282719,2023,2022-12-31,learned_vol_interaction,20260911,0.5741177426590414,0.5741177426590414,1,0
rolling5_annual20,3085,2023-10-13,2023-10-23,-0.0447156690429144,2023,2022-12-31,learned_vol_interaction,20260911,0.41539523650185506,0.41539523650185506,0,0
rolling5_annual20,3090,2023-10-20,2023-10-30,0.0154019770298841,2023,2022-12-31,learned_vol_interaction,20260911,0.39602818271396684,0.39602818271396684,0,1
rolling5_annual20,3095,2023-10-27,2023-11-06,0.0152527637017425,2023,2022-12-31,learned_vol_interaction,20260911,0.45018443670947017,0.45018443670947017,0,1
rolling5_annual20,3100,2023-11-03,2023-11-13,-0.0039935482440582,2023,2022-12-31,learned_vol_interaction,20260911,0.6264483655444874,0.6264483655444874,1,0
rolling5_annual20,3105,2023-11-10,2023-11-20,-0.0067280482816765,2023,2022-12-31,learned_vol_interaction,20260911,0.48882825355110876,0.48882825355110876,0,0
rolling5_annual20,3110,2023-11-17,2023-11-27,-0.0098859017348651,2023,2022-12-31,learned_vol_interaction,20260911,0.47053591225397523,0.47053591225397523,0,0
rolling5_annual20,3115,2023-11-24,2023-12-04,-0.0151084754586299,2023,2022-12-31,learned_vol_interaction,20260911,0.49169623921075156,0.49169623921075156,0,0
rolling5_annual20,3120,2023-12-01,2023-12-11,-0.0295859857973478,2023,2022-12-31,learned_vol_interaction,20260911,0.5520999893298595,0.5520999893298595,1,0
rolling5_annual20,3125,2023-12-08,2023-12-18,-0.0144639658974852,2023,2022-12-31,learned_vol_interaction,20260911,0.501992489183067,0.501992489183067,1,0
rolling5_annual20,3130,2023-12-15,2023-12-25,0.0003424256350643,2023,2022-12-31,learned_vol_interaction,20260911,0.5078798503052024,0.5078798503052024,1,1
rolling5_annual20,3135,2023-12-22,2024-01-02,0.0288079559683274,2023,2022-12-31,learned_vol_interaction,20260911,0.5114946607126839,0.5114946607126839,1,1
rolling5_annual20,3140,2023-12-29,2024-01-08,-0.0302544749829989,2023,2022-12-31,learned_vol_interaction,20260911,0.547108241269633,0.547108241269633,1,0
rolling5_annual20,2902,2023-01-06,2023-01-16,0.0198447929614133,2023,2022-12-31,learned_order_extension,20260911,0.4111458737354107,0.4111458737354107,0,1
rolling5_annual20,2907,2023-01-13,2023-01-30,0.0465290788350809,2023,2022-12-31,learned_order_extension,20260911,0.36472782557647304,0.36472782557647304,0,1
rolling5_annual20,2912,2023-01-20,2023-02-06,-0.0383797057844887,2023,2022-12-31,learned_order_extension,20260911,0.5780473136480286,0.5780473136480286,1,0
rolling5_annual20,2917,2023-02-03,2023-02-13,-0.0012061903149008,2023,2022-12-31,learned_order_extension,20260911,0.5514322848293292,0.5514322848293292,1,0
rolling5_annual20,2922,2023-02-10,2023-02-20,-0.0143746584432821,2023,2022-12-31,learned_order_extension,20260911,0.3920291907474336,0.3920291907474336,0,0
rolling5_annual20,2927,2023-02-17,2023-02-27,0.0001237636016198,2023,2022-12-31,learned_order_extension,20260911,0.4473244932999703,0.4473244932999703,0,1
rolling5_annual20,2932,2023-02-24,2023-03-06,0.0224454641303217,2023,2022-12-31,learned_order_extension,20260911,0.6194433589464242,0.6194433589464242,1,1
rolling5_annual20,2937,2023-03-03,2023-03-13,-0.0407900947678007,2023,2022-12-31,learned_order_extension,20260911,0.7367440693214489,0.7367440693214489,1,0
rolling5_annual20,2942,2023-03-10,2023-03-20,5.0471402903706775e-06,2023,2022-12-31,learned_order_extension,20260911,0.5926520405957385,0.5926520405957385,1,1
rolling5_annual20,2947,2023-03-17,2023-03-27,0.015302852124583,2023,2022-12-31,learned_order_extension,20260911,0.44150652320643097,0.44150652320643097,0,1
rolling5_annual20,2952,2023-03-24,2023-04-03,0.0090274153058433,2023,2022-12-31,learned_order_extension,20260911,0.4806406899115495,0.4806406899115495,0,1
rolling5_annual20,2957,2023-03-31,2023-04-10,0.0178317182396383,2023,2022-12-31,learned_order_extension,20260911,0.5564015664237618,0.5564015664237618,1,1
rolling5_annual20,2961,2023-04-07,2023-04-17,-0.0101500238382772,2023,2022-12-31,learned_order_extension,20260911,0.5048460180326865,0.5048460180326865,1,0
rolling5_annual20,2966,2023-04-14,2023-04-24,-0.014368947230732,2023,2022-12-31,learned_order_extension,20260911,0.49439461564860404,0.49439461564860404,0,0
rolling5_annual20,2971,2023-04-21,2023-05-04,-0.0044228908788729,2023,2022-12-31,learned_order_extension,20260911,0.39936804356030803,0.39936804356030803,0,0
rolling5_annual20,2976,2023-04-28,2023-05-10,0.0036477163153083,2023,2022-12-31,learned_order_extension,20260911,0.37816937180792504,0.37816937180792504,0,1
rolling5_annual20,2978,2023-05-05,2023-05-15,-0.0221642407977935,2023,2022-12-31,learned_order_extension,20260911,0.3826637989359542,0.3826637989359542,0,0
rolling5_annual20,2983,2023-05-12,2023-05-22,0.0005509250208819,2023,2022-12-31,learned_order_extension,20260911,0.5207604762186022,0.5207604762186022,1,1
rolling5_annual20,2988,2023-05-19,2023-05-29,-0.0200253742704897,2023,2022-12-31,learned_order_extension,20260911,0.7111561389087265,0.7111561389087265,1,0
rolling5_annual20,2993,2023-05-26,2023-06-05,-0.0003935703040848,2023,2022-12-31,learned_order_extension,20260911,0.5113938646839422,0.5113938646839422,1,0
rolling5_annual20,2998,2023-06-02,2023-06-12,-0.0086075595250429,2023,2022-12-31,learned_order_extension,20260911,0.4176728512227212,0.4176728512227212,0,0
rolling5_annual20,3003,2023-06-09,2023-06-19,0.0338878539347273,2023,2022-12-31,learned_order_extension,20260911,0.4874736850302981,0.4874736850302981,0,1
rolling5_annual20,3008,2023-06-16,2023-07-03,-0.026216632171098,2023,2022-12-31,learned_order_extension,20260911,0.4634868787327687,0.4634868787327687,0,0
rolling5_annual20,3016,2023-06-30,2023-07-10,-0.0030441518806006,2023,2022-12-31,learned_order_extension,20260911,0.4996986134035337,0.4996986134035337,0,0
rolling5_annual20,3021,2023-07-07,2023-07-17,0.0104280552692135,2023,2022-12-31,learned_order_extension,20260911,0.45538171676954997,0.45538171676954997,0,1
rolling5_annual20,3026,2023-07-14,2023-07-24,-0.0201642613135752,2023,2022-12-31,learned_order_extension,20260911,0.4205002443689337,0.4205002443689337,0,0
rolling5_annual20,3031,2023-07-21,2023-07-31,0.0566710925894278,2023,2022-12-31,learned_order_extension,20260911,0.4215274592494197,0.4215274592494197,0,1
rolling5_annual20,3036,2023-07-28,2023-08-07,-0.0039612927947766,2023,2022-12-31,learned_order_extension,20260911,0.4356725165305554,0.4356725165305554,0,0
rolling5_annual20,3041,2023-08-04,2023-08-14,-0.0404899362223548,2023,2022-12-31,learned_order_extension,20260911,0.4299948290683337,0.4299948290683337,0,0
rolling5_annual20,3046,2023-08-11,2023-08-21,-0.0176157088591445,2023,2022-12-31,learned_order_extension,20260911,0.6456500137103086,0.6456500137103086,1,0
rolling5_annual20,3051,2023-08-18,2023-08-28,0.0366582477081969,2023,2022-12-31,learned_order_extension,20260911,0.4693034993568277,0.4693034993568277,0,1
rolling5_annual20,3056,2023-08-25,2023-09-04,-0.025197172476384,2023,2022-12-31,learned_order_extension,20260911,0.5242955671160714,0.5242955671160714,1,0
rolling5_annual20,3061,2023-09-01,2023-09-11,-0.0189903461587886,2023,2022-12-31,learned_order_extension,20260911,0.42158907759995046,0.42158907759995046,0,0
rolling5_annual20,3066,2023-09-08,2023-09-18,-0.0111346368744954,2023,2022-12-31,learned_order_extension,20260911,0.5704903883683057,0.5704903883683057,1,0
rolling5_annual20,3071,2023-09-15,2023-09-25,0.0105787349314532,2023,2022-12-31,learned_order_extension,20260911,0.7245642790810853,0.7245642790810853,1,1
rolling5_annual20,3076,2023-09-22,2023-10-16,-0.0198017153282719,2023,2022-12-31,learned_order_extension,20260911,0.5739727811559294,0.5739727811559294,1,0
rolling5_annual20,3085,2023-10-13,2023-10-23,-0.0447156690429144,2023,2022-12-31,learned_order_extension,20260911,0.4139931180140543,0.4139931180140543,0,0
rolling5_annual20,3090,2023-10-20,2023-10-30,0.0154019770298841,2023,2022-12-31,learned_order_extension,20260911,0.3944057654473215,0.3944057654473215,0,1
rolling5_annual20,3095,2023-10-27,2023-11-06,0.0152527637017425,2023,2022-12-31,learned_order_extension,20260911,0.4502403120277905,0.4502403120277905,0,1
rolling5_annual20,3100,2023-11-03,2023-11-13,-0.0039935482440582,2023,2022-12-31,learned_order_extension,20260911,0.6267194325981077,0.6267194325981077,1,0
rolling5_annual20,3105,2023-11-10,2023-11-20,-0.0067280482816765,2023,2022-12-31,learned_order_extension,20260911,0.48963316699884657,0.48963316699884657,0,0
rolling5_annual20,3110,2023-11-17,2023-11-27,-0.0098859017348651,2023,2022-12-31,learned_order_extension,20260911,0.4709484230698352,0.4709484230698352,0,0
rolling5_annual20,3115,2023-11-24,2023-12-04,-0.0151084754586299,2023,2022-12-31,learned_order_extension,20260911,0.4924402664260258,0.4924402664260258,0,0
rolling5_annual20,3120,2023-12-01,2023-12-11,-0.0295859857973478,2023,2022-12-31,learned_order_extension,20260911,0.5525965286737049,0.5525965286737049,1,0
rolling5_annual20,3125,2023-12-08,2023-12-18,-0.0144639658974852,2023,2022-12-31,learned_order_extension,20260911,0.5015390464653725,0.5015390464653725,1,0
rolling5_annual20,3130,2023-12-15,2023-12-25,0.0003424256350643,2023,2022-12-31,learned_order_extension,20260911,0.5087914991053046,0.5087914991053046,1,1
rolling5_annual20,3135,2023-12-22,2024-01-02,0.0288079559683274,2023,2022-12-31,learned_order_extension,20260911,0.5129484282652336,0.5129484282652336,1,1
rolling5_annual20,3140,2023-12-29,2024-01-08,-0.0302544749829989,2023,2022-12-31,learned_order_extension,20260911,0.5470363355753182,0.5470363355753182,1,0
rolling5_annual20,2902,2023-01-06,2023-01-16,0.0198447929614133,2023,2022-12-31,learned_order_offset,20260911,0.41117201615041793,0.41117201615041793,0,1
rolling5_annual20,2907,2023-01-13,2023-01-30,0.0465290788350809,2023,2022-12-31,learned_order_offset,20260911,0.364680620051655,0.364680620051655,0,1
rolling5_annual20,2912,2023-01-20,2023-02-06,-0.0383797057844887,2023,2022-12-31,learned_order_offset,20260911,0.578179649696222,0.578179649696222,1,0
rolling5_annual20,2917,2023-02-03,2023-02-13,-0.0012061903149008,2023,2022-12-31,learned_order_offset,20260911,0.5515128874638535,0.5515128874638535,1,0
rolling5_annual20,2922,2023-02-10,2023-02-20,-0.0143746584432821,2023,2022-12-31,learned_order_offset,20260911,0.39192014326711666,0.39192014326711666,0,0
rolling5_annual20,2927,2023-02-17,2023-02-27,0.0001237636016198,2023,2022-12-31,learned_order_offset,20260911,0.44735551730013157,0.44735551730013157,0,1
rolling5_annual20,2932,2023-02-24,2023-03-06,0.0224454641303217,2023,2022-12-31,learned_order_offset,20260911,0.6194755772192605,0.6194755772192605,1,1
rolling5_annual20,2937,2023-03-03,2023-03-13,-0.0407900947678007,2023,2022-12-31,learned_order_offset,20260911,0.7367890366176728,0.7367890366176728,1,0
rolling5_annual20,2942,2023-03-10,2023-03-20,5.0471402903706775e-06,2023,2022-12-31,learned_order_offset,20260911,0.5927141757173765,0.5927141757173765,1,1
rolling5_annual20,2947,2023-03-17,2023-03-27,0.015302852124583,2023,2022-12-31,learned_order_offset,20260911,0.44144992787218895,0.44144992787218895,0,1
rolling5_annual20,2952,2023-03-24,2023-04-03,0.0090274153058433,2023,2022-12-31,learned_order_offset,20260911,0.48064826466248156,0.48064826466248156,0,1
rolling5_annual20,2957,2023-03-31,2023-04-10,0.0178317182396383,2023,2022-12-31,learned_order_offset,20260911,0.556461403271004,0.556461403271004,1,1
rolling5_annual20,2961,2023-04-07,2023-04-17,-0.0101500238382772,2023,2022-12-31,learned_order_offset,20260911,0.504790898079976,0.504790898079976,1,0
rolling5_annual20,2966,2023-04-14,2023-04-24,-0.014368947230732,2023,2022-12-31,learned_order_offset,20260911,0.4942633891147542,0.4942633891147542,0,0
rolling5_annual20,2971,2023-04-21,2023-05-04,-0.0044228908788729,2023,2022-12-31,learned_order_offset,20260911,0.39928777128910625,0.39928777128910625,0,0
rolling5_annual20,2976,2023-04-28,2023-05-10,0.0036477163153083,2023,2022-12-31,learned_order_offset,20260911,0.37810919654324093,0.37810919654324093,0,1
rolling5_annual20,2978,2023-05-05,2023-05-15,-0.0221642407977935,2023,2022-12-31,learned_order_offset,20260911,0.3825900800128016,0.3825900800128016,0,0
rolling5_annual20,2983,2023-05-12,2023-05-22,0.0005509250208819,2023,2022-12-31,learned_order_offset,20260911,0.5206526224591033,0.5206526224591033,1,1
rolling5_annual20,2988,2023-05-19,2023-05-29,-0.0200253742704897,2023,2022-12-31,learned_order_offset,20260911,0.7111689672715988,0.7111689672715988,1,0
rolling5_annual20,2993,2023-05-26,2023-06-05,-0.0003935703040848,2023,2022-12-31,learned_order_offset,20260911,0.5113376197418289,0.5113376197418289,1,0
rolling5_annual20,2998,2023-06-02,2023-06-12,-0.0086075595250429,2023,2022-12-31,learned_order_offset,20260911,0.4176331380681734,0.4176331380681734,0,0
rolling5_annual20,3003,2023-06-09,2023-06-19,0.0338878539347273,2023,2022-12-31,learned_order_offset,20260911,0.4874307767794157,0.4874307767794157,0,1
rolling5_annual20,3008,2023-06-16,2023-07-03,-0.026216632171098,2023,2022-12-31,learned_order_offset,20260911,0.46345232219332494,0.46345232219332494,0,0
rolling5_annual20,3016,2023-06-30,2023-07-10,-0.0030441518806006,2023,2022-12-31,learned_order_offset,20260911,0.4995175845112385,0.4995175845112385,0,0
rolling5_annual20,3021,2023-07-07,2023-07-17,0.0104280552692135,2023,2022-12-31,learned_order_offset,20260911,0.45528383097218506,0.45528383097218506,0,1
rolling5_annual20,3026,2023-07-14,2023-07-24,-0.0201642613135752,2023,2022-12-31,learned_order_offset,20260911,0.4203945553087095,0.4203945553087095,0,0
rolling5_annual20,3031,2023-07-21,2023-07-31,0.0566710925894278,2023,2022-12-31,learned_order_offset,20260911,0.42144143747309903,0.42144143747309903,0,1
rolling5_annual20,3036,2023-07-28,2023-08-07,-0.0039612927947766,2023,2022-12-31,learned_order_offset,20260911,0.43557039697383443,0.43557039697383443,0,0
rolling5_annual20,3041,2023-08-04,2023-08-14,-0.0404899362223548,2023,2022-12-31,learned_order_offset,20260911,0.4299283654009098,0.4299283654009098,0,0
rolling5_annual20,3046,2023-08-11,2023-08-21,-0.0176157088591445,2023,2022-12-31,learned_order_offset,20260911,0.6456581739098262,0.6456581739098262,1,0
rolling5_annual20,3051,2023-08-18,2023-08-28,0.0366582477081969,2023,2022-12-31,learned_order_offset,20260911,0.4691814705322716,0.4691814705322716,0,1
rolling5_annual20,3056,2023-08-25,2023-09-04,-0.025197172476384,2023,2022-12-31,learned_order_offset,20260911,0.5242305786306066,0.5242305786306066,1,0
rolling5_annual20,3061,2023-09-01,2023-09-11,-0.0189903461587886,2023,2022-12-31,learned_order_offset,20260911,0.42160328494796695,0.42160328494796695,0,0
rolling5_annual20,3066,2023-09-08,2023-09-18,-0.0111346368744954,2023,2022-12-31,learned_order_offset,20260911,0.5704835756699517,0.5704835756699517,1,0
rolling5_annual20,3071,2023-09-15,2023-09-25,0.0105787349314532,2023,2022-12-31,learned_order_offset,20260911,0.7245399993588199,0.7245399993588199,1,1
rolling5_annual20,3076,2023-09-22,2023-10-16,-0.0198017153282719,2023,2022-12-31,learned_order_offset,20260911,0.5739768927489775,0.5739768927489775,1,0
rolling5_annual20,3085,2023-10-13,2023-10-23,-0.0447156690429144,2023,2022-12-31,learned_order_offset,20260911,0.41394113216444295,0.41394113216444295,0,0
rolling5_annual20,3090,2023-10-20,2023-10-30,0.0154019770298841,2023,2022-12-31,learned_order_offset,20260911,0.39430167113872755,0.39430167113872755,0,1
rolling5_annual20,3095,2023-10-27,2023-11-06,0.0152527637017425,2023,2022-12-31,learned_order_offset,20260911,0.4501343269025366,0.4501343269025366,0,1
rolling5_annual20,3100,2023-11-03,2023-11-13,-0.0039935482440582,2023,2022-12-31,learned_order_offset,20260911,0.6266722795392108,0.6266722795392108,1,0
rolling5_annual20,3105,2023-11-10,2023-11-20,-0.0067280482816765,2023,2022-12-31,learned_order_offset,20260911,0.489557046421052,0.489557046421052,0,0
rolling5_annual20,3110,2023-11-17,2023-11-27,-0.0098859017348651,2023,2022-12-31,learned_order_offset,20260911,0.4708554636543184,0.4708554636543184,0,0
rolling5_annual20,3115,2023-11-24,2023-12-04,-0.0151084754586299,2023,2022-12-31,learned_order_offset,20260911,0.4923953847682294,0.4923953847682294,0,0
rolling5_annual20,3120,2023-12-01,2023-12-11,-0.0295859857973478,2023,2022-12-31,learned_order_offset,20260911,0.5525585072519134,0.5525585072519134,1,0
rolling5_annual20,3125,2023-12-08,2023-12-18,-0.0144639658974852,2023,2022-12-31,learned_order_offset,20260911,0.5014419516642048,0.5014419516642048,1,0
rolling5_annual20,3130,2023-12-15,2023-12-25,0.0003424256350643,2023,2022-12-31,learned_order_offset,20260911,0.5087083495432813,0.5087083495432813,1,1
rolling5_annual20,3135,2023-12-22,2024-01-02,0.0288079559683274,2023,2022-12-31,learned_order_offset,20260911,0.5128931356137608,0.5128931356137608,1,1
rolling5_annual20,3140,2023-12-29,2024-01-08,-0.0302544749829989,2023,2022-12-31,learned_order_offset,20260911,0.5469781332746243,0.5469781332746243,1,0
rolling5_annual20,2902,2023-01-06,2023-01-16,0.0198447929614133,2023,2022-12-31,native_mse,20260911,-0.0028881799476405084,,0,1
rolling5_annual20,2907,2023-01-13,2023-01-30,0.0465290788350809,2023,2022-12-31,native_mse,20260911,0.002600529697082545,,1,1
rolling5_annual20,2912,2023-01-20,2023-02-06,-0.0383797057844887,2023,2022-12-31,native_mse,20260911,0.009824735187562814,,1,0
rolling5_annual20,2917,2023-02-03,2023-02-13,-0.0012061903149008,2023,2022-12-31,native_mse,20260911,0.001758336799202022,,1,0
rolling5_annual20,2922,2023-02-10,2023-02-20,-0.0143746584432821,2023,2022-12-31,native_mse,20260911,-0.004455423490420713,,0,0
rolling5_annual20,2927,2023-02-17,2023-02-27,0.0001237636016198,2023,2022-12-31,native_mse,20260911,-0.004320463721841919,,0,1
rolling5_annual20,2932,2023-02-24,2023-03-06,0.0224454641303217,2023,2022-12-31,native_mse,20260911,0.007109894584169036,,1,1
rolling5_annual20,2937,2023-03-03,2023-03-13,-0.0407900947678007,2023,2022-12-31,native_mse,20260911,0.012121075090535267,,1,0
rolling5_annual20,2942,2023-03-10,2023-03-20,5.0471402903706775e-06,2023,2022-12-31,native_mse,20260911,-0.0015684618293498606,,0,1
rolling5_annual20,2947,2023-03-17,2023-03-27,0.015302852124583,2023,2022-12-31,native_mse,20260911,-0.00455123687690783,,0,1
rolling5_annual20,2952,2023-03-24,2023-04-03,0.0090274153058433,2023,2022-12-31,native_mse,20260911,-0.0032713642765306557,,0,1
rolling5_annual20,2957,2023-03-31,2023-04-10,0.0178317182396383,2023,2022-12-31,native_mse,20260911,0.009972413917103892,,1,1
rolling5_annual20,2961,2023-04-07,2023-04-17,-0.0101500238382772,2023,2022-12-31,native_mse,20260911,0.007806808930188104,,1,0
rolling5_annual20,2966,2023-04-14,2023-04-24,-0.014368947230732,2023,2022-12-31,native_mse,20260911,0.007226249329863683,,1,0
rolling5_annual20,2971,2023-04-21,2023-05-04,-0.0044228908788729,2023,2022-12-31,native_mse,20260911,-0.0024232716039148286,,0,0
rolling5_annual20,2976,2023-04-28,2023-05-10,0.0036477163153083,2023,2022-12-31,native_mse,20260911,-0.003907239624967295,,0,1
rolling5_annual20,2978,2023-05-05,2023-05-15,-0.0221642407977935,2023,2022-12-31,native_mse,20260911,-0.0031947009428460477,,0,0
rolling5_annual20,2983,2023-05-12,2023-05-22,0.0005509250208819,2023,2022-12-31,native_mse,20260911,0.003981441571850173,,1,1
rolling5_annual20,2988,2023-05-19,2023-05-29,-0.0200253742704897,2023,2022-12-31,native_mse,20260911,0.01107004322684732,,1,0
rolling5_annual20,2993,2023-05-26,2023-06-05,-0.0003935703040848,2023,2022-12-31,native_mse,20260911,0.004560043069480671,,1,0
rolling5_annual20,2998,2023-06-02,2023-06-12,-0.0086075595250429,2023,2022-12-31,native_mse,20260911,-0.0048559678058000275,,0,0
rolling5_annual20,3003,2023-06-09,2023-06-19,0.0338878539347273,2023,2022-12-31,native_mse,20260911,-0.0042897134995229635,,0,1
rolling5_annual20,3008,2023-06-16,2023-07-03,-0.026216632171098,2023,2022-12-31,native_mse,20260911,-0.004761761648113702,,0,0
rolling5_annual20,3016,2023-06-30,2023-07-10,-0.0030441518806006,2023,2022-12-31,native_mse,20260911,0.001449000541630631,,1,0
rolling5_annual20,3021,2023-07-07,2023-07-17,0.0104280552692135,2023,2022-12-31,native_mse,20260911,-0.005015012063383114,,0,1
rolling5_annual20,3026,2023-07-14,2023-07-24,-0.0201642613135752,2023,2022-12-31,native_mse,20260911,-0.002212730290267345,,0,0
rolling5_annual20,3031,2023-07-21,2023-07-31,0.0566710925894278,2023,2022-12-31,native_mse,20260911,-0.005112763962830667,,0,1
rolling5_annual20,3036,2023-07-28,2023-08-07,-0.0039612927947766,2023,2022-12-31,native_mse,20260911,-0.0052814272148835025,,0,0
rolling5_annual20,3041,2023-08-04,2023-08-14,-0.0404899362223548,2023,2022-12-31,native_mse,20260911,-0.004618211999064367,,0,0
rolling5_annual20,3046,2023-08-11,2023-08-21,-0.0176157088591445,2023,2022-12-31,native_mse,20260911,0.009053312378542757,,1,0
rolling5_annual20,3051,2023-08-18,2023-08-28,0.0366582477081969,2023,2022-12-31,native_mse,20260911,0.004561021250172811,,1,1
rolling5_annual20,3056,2023-08-25,2023-09-04,-0.025197172476384,2023,2022-12-31,native_mse,20260911,-0.0025275908526821967,,0,0
rolling5_annual20,3061,2023-09-01,2023-09-11,-0.0189903461587886,2023,2022-12-31,native_mse,20260911,-0.0049631793698849645,,0,0
rolling5_annual20,3066,2023-09-08,2023-09-18,-0.0111346368744954,2023,2022-12-31,native_mse,20260911,0.00680202581529956,,1,0
rolling5_annual20,3071,2023-09-15,2023-09-25,0.0105787349314532,2023,2022-12-31,native_mse,20260911,0.008596091481564963,,1,1
rolling5_annual20,3076,2023-09-22,2023-10-16,-0.0198017153282719,2023,2022-12-31,native_mse,20260911,-0.0031471179155324424,,0,0
rolling5_annual20,3085,2023-10-13,2023-10-23,-0.0447156690429144,2023,2022-12-31,native_mse,20260911,-0.004148291730857776,,0,0
rolling5_annual20,3090,2023-10-20,2023-10-30,0.0154019770298841,2023,2022-12-31,native_mse,20260911,-0.005712800982170543,,0,1
rolling5_annual20,3095,2023-10-27,2023-11-06,0.0152527637017425,2023,2022-12-31,native_mse,20260911,-0.0033253387808900993,,0,1
rolling5_annual20,3100,2023-11-03,2023-11-13,-0.0039935482440582,2023,2022-12-31,native_mse,20260911,-0.0006739370262628165,,0,0
rolling5_annual20,3105,2023-11-10,2023-11-20,-0.0067280482816765,2023,2022-12-31,native_mse,20260911,-0.004003258050664914,,0,0
rolling5_annual20,3110,2023-11-17,2023-11-27,-0.0098859017348651,2023,2022-12-31,native_mse,20260911,-0.003231557067429336,,0,0
rolling5_annual20,3115,2023-11-24,2023-12-04,-0.0151084754586299,2023,2022-12-31,native_mse,20260911,-0.003968465813336381,,0,0
rolling5_annual20,3120,2023-12-01,2023-12-11,-0.0295859857973478,2023,2022-12-31,native_mse,20260911,-0.004170192617569334,,0,0
rolling5_annual20,3125,2023-12-08,2023-12-18,-0.0144639658974852,2023,2022-12-31,native_mse,20260911,-0.004708072283208354,,0,0
rolling5_annual20,3130,2023-12-15,2023-12-25,0.0003424256350643,2023,2022-12-31,native_mse,20260911,-0.005014383450601872,,0,1
rolling5_annual20,3135,2023-12-22,2024-01-02,0.0288079559683274,2023,2022-12-31,native_mse,20260911,-0.005140476035149425,,0,1
rolling5_annual20,3140,2023-12-29,2024-01-08,-0.0302544749829989,2023,2022-12-31,native_mse,20260911,-0.0034098597743402285,,0,0
rolling5_annual20,2902,2023-01-06,2023-01-16,0.0198447929614133,2023,2022-12-31,learned_market,20260912,0.30052885603711643,0.30052885603711643,0,1
rolling5_annual20,2907,2023-01-13,2023-01-30,0.0465290788350809,2023,2022-12-31,learned_market,20260912,0.25642703962175933,0.25642703962175933,0,1
rolling5_annual20,2912,2023-01-20,2023-02-06,-0.0383797057844887,2023,2022-12-31,learned_market,20260912,0.6884031394091166,0.6884031394091166,1,0
rolling5_annual20,2917,2023-02-03,2023-02-13,-0.0012061903149008,2023,2022-12-31,learned_market,20260912,0.48719446040105807,0.48719446040105807,0,0
rolling5_annual20,2922,2023-02-10,2023-02-20,-0.0143746584432821,2023,2022-12-31,learned_market,20260912,0.25478983111842135,0.25478983111842135,0,0
rolling5_annual20,2927,2023-02-17,2023-02-27,0.0001237636016198,2023,2022-12-31,learned_market,20260912,0.4079835806267681,0.4079835806267681,0,1
rolling5_annual20,2932,2023-02-24,2023-03-06,0.0224454641303217,2023,2022-12-31,learned_market,20260912,0.7137242634797857,0.7137242634797857,1,1
rolling5_annual20,2937,2023-03-03,2023-03-13,-0.0407900947678007,2023,2022-12-31,learned_market,20260912,0.5807881322909977,0.5807881322909977,1,0
rolling5_annual20,2942,2023-03-10,2023-03-20,5.0471402903706775e-06,2023,2022-12-31,learned_market,20260912,0.41460120883303464,0.41460120883303464,0,1
rolling5_annual20,2947,2023-03-17,2023-03-27,0.015302852124583,2023,2022-12-31,learned_market,20260912,0.30490069121650976,0.30490069121650976,0,1
rolling5_annual20,2952,2023-03-24,2023-04-03,0.0090274153058433,2023,2022-12-31,learned_market,20260912,0.5481390563099999,0.5481390563099999,1,1
rolling5_annual20,2957,2023-03-31,2023-04-10,0.0178317182396383,2023,2022-12-31,learned_market,20260912,0.611788401190659,0.611788401190659,1,1
rolling5_annual20,2961,2023-04-07,2023-04-17,-0.0101500238382772,2023,2022-12-31,learned_market,20260912,0.6373271507100488,0.6373271507100488,1,0
rolling5_annual20,2966,2023-04-14,2023-04-24,-0.014368947230732,2023,2022-12-31,learned_market,20260912,0.3845861584135212,0.3845861584135212,0,0
rolling5_annual20,2971,2023-04-21,2023-05-04,-0.0044228908788729,2023,2022-12-31,learned_market,20260912,0.3355239890755223,0.3355239890755223,0,0
rolling5_annual20,2976,2023-04-28,2023-05-10,0.0036477163153083,2023,2022-12-31,learned_market,20260912,0.4803897810444189,0.4803897810444189,0,1
rolling5_annual20,2978,2023-05-05,2023-05-15,-0.0221642407977935,2023,2022-12-31,learned_market,20260912,0.3214134174707162,0.3214134174707162,0,0
rolling5_annual20,2983,2023-05-12,2023-05-22,0.0005509250208819,2023,2022-12-31,learned_market,20260912,0.41963299671663734,0.41963299671663734,0,1
rolling5_annual20,2988,2023-05-19,2023-05-29,-0.0200253742704897,2023,2022-12-31,learned_market,20260912,0.663522806485192,0.663522806485192,1,0
rolling5_annual20,2993,2023-05-26,2023-06-05,-0.0003935703040848,2023,2022-12-31,learned_market,20260912,0.4734681491976751,0.4734681491976751,0,0
rolling5_annual20,2998,2023-06-02,2023-06-12,-0.0086075595250429,2023,2022-12-31,learned_market,20260912,0.40456629164978614,0.40456629164978614,0,0
rolling5_annual20,3003,2023-06-09,2023-06-19,0.0338878539347273,2023,2022-12-31,learned_market,20260912,0.30238432481971794,0.30238432481971794,0,1
rolling5_annual20,3008,2023-06-16,2023-07-03,-0.026216632171098,2023,2022-12-31,learned_market,20260912,0.3205141256506379,0.3205141256506379,0,0
rolling5_annual20,3016,2023-06-30,2023-07-10,-0.0030441518806006,2023,2022-12-31,learned_market,20260912,0.6005178559534365,0.6005178559534365,1,0
rolling5_annual20,3021,2023-07-07,2023-07-17,0.0104280552692135,2023,2022-12-31,learned_market,20260912,0.5476174471948578,0.5476174471948578,1,1
rolling5_annual20,3026,2023-07-14,2023-07-24,-0.0201642613135752,2023,2022-12-31,learned_market,20260912,0.6522486120714398,0.6522486120714398,1,0
rolling5_annual20,3031,2023-07-21,2023-07-31,0.0566710925894278,2023,2022-12-31,learned_market,20260912,0.20700617431869667,0.20700617431869667,0,1
rolling5_annual20,3036,2023-07-28,2023-08-07,-0.0039612927947766,2023,2022-12-31,learned_market,20260912,0.5519262606194112,0.5519262606194112,1,0
rolling5_annual20,3041,2023-08-04,2023-08-14,-0.0404899362223548,2023,2022-12-31,learned_market,20260912,0.698021646037714,0.698021646037714,1,0
rolling5_annual20,3046,2023-08-11,2023-08-21,-0.0176157088591445,2023,2022-12-31,learned_market,20260912,0.8237624858039104,0.8237624858039104,1,0
rolling5_annual20,3051,2023-08-18,2023-08-28,0.0366582477081969,2023,2022-12-31,learned_market,20260912,0.41339516348274463,0.41339516348274463,0,1
rolling5_annual20,3056,2023-08-25,2023-09-04,-0.025197172476384,2023,2022-12-31,learned_market,20260912,0.3598651609059206,0.3598651609059206,0,0
rolling5_annual20,3061,2023-09-01,2023-09-11,-0.0189903461587886,2023,2022-12-31,learned_market,20260912,0.20617247589152174,0.20617247589152174,0,0
rolling5_annual20,3066,2023-09-08,2023-09-18,-0.0111346368744954,2023,2022-12-31,learned_market,20260912,0.5244948098725477,0.5244948098725477,1,0
rolling5_annual20,3071,2023-09-15,2023-09-25,0.0105787349314532,2023,2022-12-31,learned_market,20260912,0.42649757606540895,0.42649757606540895,0,1
rolling5_annual20,3076,2023-09-22,2023-10-16,-0.0198017153282719,2023,2022-12-31,learned_market,20260912,0.39337289072406006,0.39337289072406006,0,0
rolling5_annual20,3085,2023-10-13,2023-10-23,-0.0447156690429144,2023,2022-12-31,learned_market,20260912,0.4051323519183057,0.4051323519183057,0,0
rolling5_annual20,3090,2023-10-20,2023-10-30,0.0154019770298841,2023,2022-12-31,learned_market,20260912,0.42792799402792364,0.42792799402792364,0,1
rolling5_annual20,3095,2023-10-27,2023-11-06,0.0152527637017425,2023,2022-12-31,learned_market,20260912,0.8240190987748505,0.8240190987748505,1,1
rolling5_annual20,3100,2023-11-03,2023-11-13,-0.0039935482440582,2023,2022-12-31,learned_market,20260912,0.33754986377054375,0.33754986377054375,0,0
rolling5_annual20,3105,2023-11-10,2023-11-20,-0.0067280482816765,2023,2022-12-31,learned_market,20260912,0.3096005024492078,0.3096005024492078,0,0
rolling5_annual20,3110,2023-11-17,2023-11-27,-0.0098859017348651,2023,2022-12-31,learned_market,20260912,0.23080061298231305,0.23080061298231305,0,0
rolling5_annual20,3115,2023-11-24,2023-12-04,-0.0151084754586299,2023,2022-12-31,learned_market,20260912,0.5553831028305749,0.5553831028305749,1,0
rolling5_annual20,3120,2023-12-01,2023-12-11,-0.0295859857973478,2023,2022-12-31,learned_market,20260912,0.32478025991580023,0.32478025991580023,0,0
rolling5_annual20,3125,2023-12-08,2023-12-18,-0.0144639658974852,2023,2022-12-31,learned_market,20260912,0.40036832492522306,0.40036832492522306,0,0
rolling5_annual20,3130,2023-12-15,2023-12-25,0.0003424256350643,2023,2022-12-31,learned_market,20260912,0.44964329660525715,0.44964329660525715,0,1
rolling5_annual20,3135,2023-12-22,2024-01-02,0.0288079559683274,2023,2022-12-31,learned_market,20260912,0.3375856151969073,0.3375856151969073,0,1
rolling5_annual20,3140,2023-12-29,2024-01-08,-0.0302544749829989,2023,2022-12-31,learned_market,20260912,0.27918279853505146,0.27918279853505146,0,0
rolling5_annual20,2902,2023-01-06,2023-01-16,0.0198447929614133,2023,2022-12-31,learned_vol_interaction,20260912,0.28965659740268485,0.28965659740268485,0,1
rolling5_annual20,2907,2023-01-13,2023-01-30,0.0465290788350809,2023,2022-12-31,learned_vol_interaction,20260912,0.24376767561556023,0.24376767561556023,0,1
rolling5_annual20,2912,2023-01-20,2023-02-06,-0.0383797057844887,2023,2022-12-31,learned_vol_interaction,20260912,0.7144269683090918,0.7144269683090918,1,0
rolling5_annual20,2917,2023-02-03,2023-02-13,-0.0012061903149008,2023,2022-12-31,learned_vol_interaction,20260912,0.48449097695552545,0.48449097695552545,0,0
rolling5_annual20,2922,2023-02-10,2023-02-20,-0.0143746584432821,2023,2022-12-31,learned_vol_interaction,20260912,0.24568395555451436,0.24568395555451436,0,0
rolling5_annual20,2927,2023-02-17,2023-02-27,0.0001237636016198,2023,2022-12-31,learned_vol_interaction,20260912,0.4043340500782045,0.4043340500782045,0,1
rolling5_annual20,2932,2023-02-24,2023-03-06,0.0224454641303217,2023,2022-12-31,learned_vol_interaction,20260912,0.7237644100552868,0.7237644100552868,1,1
rolling5_annual20,2937,2023-03-03,2023-03-13,-0.0407900947678007,2023,2022-12-31,learned_vol_interaction,20260912,0.5909800662310533,0.5909800662310533,1,0
rolling5_annual20,2942,2023-03-10,2023-03-20,5.0471402903706775e-06,2023,2022-12-31,learned_vol_interaction,20260912,0.42073806711796297,0.42073806711796297,0,1
rolling5_annual20,2947,2023-03-17,2023-03-27,0.015302852124583,2023,2022-12-31,learned_vol_interaction,20260912,0.29115877511006416,0.29115877511006416,0,1
rolling5_annual20,2952,2023-03-24,2023-04-03,0.0090274153058433,2023,2022-12-31,learned_vol_interaction,20260912,0.5529999746105244,0.5529999746105244,1,1
rolling5_annual20,2957,2023-03-31,2023-04-10,0.0178317182396383,2023,2022-12-31,learned_vol_interaction,20260912,0.632100803954458,0.632100803954458,1,1
rolling5_annual20,2961,2023-04-07,2023-04-17,-0.0101500238382772,2023,2022-12-31,learned_vol_interaction,20260912,0.6574524863442807,0.6574524863442807,1,0
rolling5_annual20,2966,2023-04-14,2023-04-24,-0.014368947230732,2023,2022-12-31,learned_vol_interaction,20260912,0.37636812323839336,0.37636812323839336,0,0
rolling5_annual20,2971,2023-04-21,2023-05-04,-0.0044228908788729,2023,2022-12-31,learned_vol_interaction,20260912,0.32843574732408615,0.32843574732408615,0,0
rolling5_annual20,2976,2023-04-28,2023-05-10,0.0036477163153083,2023,2022-12-31,learned_vol_interaction,20260912,0.47644399303156704,0.47644399303156704,0,1
rolling5_annual20,2978,2023-05-05,2023-05-15,-0.0221642407977935,2023,2022-12-31,learned_vol_interaction,20260912,0.30788719174740625,0.30788719174740625,0,0
rolling5_annual20,2983,2023-05-12,2023-05-22,0.0005509250208819,2023,2022-12-31,learned_vol_interaction,20260912,0.42598051823633404,0.42598051823633404,0,1
rolling5_annual20,2988,2023-05-19,2023-05-29,-0.0200253742704897,2023,2022-12-31,learned_vol_interaction,20260912,0.6767118241469199,0.6767118241469199,1,0
rolling5_annual20,2993,2023-05-26,2023-06-05,-0.0003935703040848,2023,2022-12-31,learned_vol_interaction,20260912,0.4883023609978598,0.4883023609978598,0,0
rolling5_annual20,2998,2023-06-02,2023-06-12,-0.0086075595250429,2023,2022-12-31,learned_vol_interaction,20260912,0.3935432366359235,0.3935432366359235,0,0
rolling5_annual20,3003,2023-06-09,2023-06-19,0.0338878539347273,2023,2022-12-31,learned_vol_interaction,20260912,0.27933481732197507,0.27933481732197507,0,1
rolling5_annual20,3008,2023-06-16,2023-07-03,-0.026216632171098,2023,2022-12-31,learned_vol_interaction,20260912,0.29070233426464753,0.29070233426464753,0,0
rolling5_annual20,3016,2023-06-30,2023-07-10,-0.0030441518806006,2023,2022-12-31,learned_vol_interaction,20260912,0.6177370664994124,0.6177370664994124,1,0
rolling5_annual20,3021,2023-07-07,2023-07-17,0.0104280552692135,2023,2022-12-31,learned_vol_interaction,20260912,0.5594291110807199,0.5594291110807199,1,1
rolling5_annual20,3026,2023-07-14,2023-07-24,-0.0201642613135752,2023,2022-12-31,learned_vol_interaction,20260912,0.6679523881039575,0.6679523881039575,1,0
rolling5_annual20,3031,2023-07-21,2023-07-31,0.0566710925894278,2023,2022-12-31,learned_vol_interaction,20260912,0.18635602070763757,0.18635602070763757,0,1
rolling5_annual20,3036,2023-07-28,2023-08-07,-0.0039612927947766,2023,2022-12-31,learned_vol_interaction,20260912,0.5478407814968878,0.5478407814968878,1,0
rolling5_annual20,3041,2023-08-04,2023-08-14,-0.0404899362223548,2023,2022-12-31,learned_vol_interaction,20260912,0.7033947900566206,0.7033947900566206,1,0
rolling5_annual20,3046,2023-08-11,2023-08-21,-0.0176157088591445,2023,2022-12-31,learned_vol_interaction,20260912,0.8317318095324455,0.8317318095324455,1,0
rolling5_annual20,3051,2023-08-18,2023-08-28,0.0366582477081969,2023,2022-12-31,learned_vol_interaction,20260912,0.42483786987653466,0.42483786987653466,0,1
rolling5_annual20,3056,2023-08-25,2023-09-04,-0.025197172476384,2023,2022-12-31,learned_vol_interaction,20260912,0.3505140150291582,0.3505140150291582,0,0
rolling5_annual20,3061,2023-09-01,2023-09-11,-0.0189903461587886,2023,2022-12-31,learned_vol_interaction,20260912,0.18874661788961722,0.18874661788961722,0,0
rolling5_annual20,3066,2023-09-08,2023-09-18,-0.0111346368744954,2023,2022-12-31,learned_vol_interaction,20260912,0.5206780629644419,0.5206780629644419,1,0
rolling5_annual20,3071,2023-09-15,2023-09-25,0.0105787349314532,2023,2022-12-31,learned_vol_interaction,20260912,0.41117262447742026,0.41117262447742026,0,1
rolling5_annual20,3076,2023-09-22,2023-10-16,-0.0198017153282719,2023,2022-12-31,learned_vol_interaction,20260912,0.38889293355827786,0.38889293355827786,0,0
rolling5_annual20,3085,2023-10-13,2023-10-23,-0.0447156690429144,2023,2022-12-31,learned_vol_interaction,20260912,0.39717111617291695,0.39717111617291695,0,0
rolling5_annual20,3090,2023-10-20,2023-10-30,0.0154019770298841,2023,2022-12-31,learned_vol_interaction,20260912,0.4308265287381603,0.4308265287381603,0,1
rolling5_annual20,3095,2023-10-27,2023-11-06,0.0152527637017425,2023,2022-12-31,learned_vol_interaction,20260912,0.8384544931958045,0.8384544931958045,1,1
rolling5_annual20,3100,2023-11-03,2023-11-13,-0.0039935482440582,2023,2022-12-31,learned_vol_interaction,20260912,0.33445935995483883,0.33445935995483883,0,0
rolling5_annual20,3105,2023-11-10,2023-11-20,-0.0067280482816765,2023,2022-12-31,learned_vol_interaction,20260912,0.30339931623024247,0.30339931623024247,0,0
rolling5_annual20,3110,2023-11-17,2023-11-27,-0.0098859017348651,2023,2022-12-31,learned_vol_interaction,20260912,0.20180911255113013,0.20180911255113013,0,0
rolling5_annual20,3115,2023-11-24,2023-12-04,-0.0151084754586299,2023,2022-12-31,learned_vol_interaction,20260912,0.57528908196144,0.57528908196144,1,0
rolling5_annual20,3120,2023-12-01,2023-12-11,-0.0295859857973478,2023,2022-12-31,learned_vol_interaction,20260912,0.3067644832038629,0.3067644832038629,0,0
rolling5_annual20,3125,2023-12-08,2023-12-18,-0.0144639658974852,2023,2022-12-31,learned_vol_interaction,20260912,0.39015816974445156,0.39015816974445156,0,0
rolling5_annual20,3130,2023-12-15,2023-12-25,0.0003424256350643,2023,2022-12-31,learned_vol_interaction,20260912,0.4406724982532778,0.4406724982532778,0,1
rolling5_annual20,3135,2023-12-22,2024-01-02,0.0288079559683274,2023,2022-12-31,learned_vol_interaction,20260912,0.31235414694997865,0.31235414694997865,0,1
rolling5_annual20,3140,2023-12-29,2024-01-08,-0.0302544749829989,2023,2022-12-31,learned_vol_interaction,20260912,0.26760132191925856,0.26760132191925856,0,0
rolling5_annual20,2902,2023-01-06,2023-01-16,0.0198447929614133,2023,2022-12-31,learned_order_extension,20260912,0.3320870087441045,0.3320870087441045,0,1
rolling5_annual20,2907,2023-01-13,2023-01-30,0.0465290788350809,2023,2022-12-31,learned_order_extension,20260912,0.27988954900977053,0.27988954900977053,0,1
rolling5_annual20,2912,2023-01-20,2023-02-06,-0.0383797057844887,2023,2022-12-31,learned_order_extension,20260912,0.6620064456911843,0.6620064456911843,1,0
rolling5_annual20,2917,2023-02-03,2023-02-13,-0.0012061903149008,2023,2022-12-31,learned_order_extension,20260912,0.47399209037220413,0.47399209037220413,0,0
rolling5_annual20,2922,2023-02-10,2023-02-20,-0.0143746584432821,2023,2022-12-31,learned_order_extension,20260912,0.24616016767148868,0.24616016767148868,0,0
rolling5_annual20,2927,2023-02-17,2023-02-27,0.0001237636016198,2023,2022-12-31,learned_order_extension,20260912,0.39614793530843245,0.39614793530843245,0,1
rolling5_annual20,2932,2023-02-24,2023-03-06,0.0224454641303217,2023,2022-12-31,learned_order_extension,20260912,0.7129289281429624,0.7129289281429624,1,1
rolling5_annual20,2937,2023-03-03,2023-03-13,-0.0407900947678007,2023,2022-12-31,learned_order_extension,20260912,0.5872179709776264,0.5872179709776264,1,0
rolling5_annual20,2942,2023-03-10,2023-03-20,5.0471402903706775e-06,2023,2022-12-31,learned_order_extension,20260912,0.45917963346836393,0.45917963346836393,0,1
rolling5_annual20,2947,2023-03-17,2023-03-27,0.015302852124583,2023,2022-12-31,learned_order_extension,20260912,0.3321757909492291,0.3321757909492291,0,1
rolling5_annual20,2952,2023-03-24,2023-04-03,0.0090274153058433,2023,2022-12-31,learned_order_extension,20260912,0.5428268381901444,0.5428268381901444,1,1
rolling5_annual20,2957,2023-03-31,2023-04-10,0.0178317182396383,2023,2022-12-31,learned_order_extension,20260912,0.5750765947333518,0.5750765947333518,1,1
rolling5_annual20,2961,2023-04-07,2023-04-17,-0.0101500238382772,2023,2022-12-31,learned_order_extension,20260912,0.637499787070465,0.637499787070465,1,0
rolling5_annual20,2966,2023-04-14,2023-04-24,-0.014368947230732,2023,2022-12-31,learned_order_extension,20260912,0.39981071424461395,0.39981071424461395,0,0
rolling5_annual20,2971,2023-04-21,2023-05-04,-0.0044228908788729,2023,2022-12-31,learned_order_extension,20260912,0.3696006256220921,0.3696006256220921,0,0
rolling5_annual20,2976,2023-04-28,2023-05-10,0.0036477163153083,2023,2022-12-31,learned_order_extension,20260912,0.4688564801514378,0.4688564801514378,0,1
rolling5_annual20,2978,2023-05-05,2023-05-15,-0.0221642407977935,2023,2022-12-31,learned_order_extension,20260912,0.35316398446807334,0.35316398446807334,0,0
rolling5_annual20,2983,2023-05-12,2023-05-22,0.0005509250208819,2023,2022-12-31,learned_order_extension,20260912,0.4594935783345266,0.4594935783345266,0,1
rolling5_annual20,2988,2023-05-19,2023-05-29,-0.0200253742704897,2023,2022-12-31,learned_order_extension,20260912,0.5613551046736279,0.5613551046736279,1,0
rolling5_annual20,2993,2023-05-26,2023-06-05,-0.0003935703040848,2023,2022-12-31,learned_order_extension,20260912,0.4825311640837267,0.4825311640837267,0,0
rolling5_annual20,2998,2023-06-02,2023-06-12,-0.0086075595250429,2023,2022-12-31,learned_order_extension,20260912,0.43993698612115767,0.43993698612115767,0,0
rolling5_annual20,3003,2023-06-09,2023-06-19,0.0338878539347273,2023,2022-12-31,learned_order_extension,20260912,0.35568367267039286,0.35568367267039286,0,1
rolling5_annual20,3008,2023-06-16,2023-07-03,-0.026216632171098,2023,2022-12-31,learned_order_extension,20260912,0.39069608421932794,0.39069608421932794,0,0
rolling5_annual20,3016,2023-06-30,2023-07-10,-0.0030441518806006,2023,2022-12-31,learned_order_extension,20260912,0.5677359269311923,0.5677359269311923,1,0
rolling5_annual20,3021,2023-07-07,2023-07-17,0.0104280552692135,2023,2022-12-31,learned_order_extension,20260912,0.5454708742834323,0.5454708742834323,1,1
rolling5_annual20,3026,2023-07-14,2023-07-24,-0.0201642613135752,2023,2022-12-31,learned_order_extension,20260912,0.5829444980994714,0.5829444980994714,1,0
rolling5_annual20,3031,2023-07-21,2023-07-31,0.0566710925894278,2023,2022-12-31,learned_order_extension,20260912,0.2735077969075347,0.2735077969075347,0,1
rolling5_annual20,3036,2023-07-28,2023-08-07,-0.0039612927947766,2023,2022-12-31,learned_order_extension,20260912,0.5280526191390094,0.5280526191390094,1,0
rolling5_annual20,3041,2023-08-04,2023-08-14,-0.0404899362223548,2023,2022-12-31,learned_order_extension,20260912,0.6473763569680311,0.6473763569680311,1,0
rolling5_annual20,3046,2023-08-11,2023-08-21,-0.0176157088591445,2023,2022-12-31,learned_order_extension,20260912,0.7564070090465949,0.7564070090465949,1,0
rolling5_annual20,3051,2023-08-18,2023-08-28,0.0366582477081969,2023,2022-12-31,learned_order_extension,20260912,0.4265030263110565,0.4265030263110565,0,1
rolling5_annual20,3056,2023-08-25,2023-09-04,-0.025197172476384,2023,2022-12-31,learned_order_extension,20260912,0.3737136272862438,0.3737136272862438,0,0
rolling5_annual20,3061,2023-09-01,2023-09-11,-0.0189903461587886,2023,2022-12-31,learned_order_extension,20260912,0.2333986657354188,0.2333986657354188,0,0
rolling5_annual20,3066,2023-09-08,2023-09-18,-0.0111346368744954,2023,2022-12-31,learned_order_extension,20260912,0.4849329777395086,0.4849329777395086,0,0
rolling5_annual20,3071,2023-09-15,2023-09-25,0.0105787349314532,2023,2022-12-31,learned_order_extension,20260912,0.41318970667133637,0.41318970667133637,0,1
rolling5_annual20,3076,2023-09-22,2023-10-16,-0.0198017153282719,2023,2022-12-31,learned_order_extension,20260912,0.4108197709059615,0.4108197709059615,0,0
rolling5_annual20,3085,2023-10-13,2023-10-23,-0.0447156690429144,2023,2022-12-31,learned_order_extension,20260912,0.402471925725188,0.402471925725188,0,0
rolling5_annual20,3090,2023-10-20,2023-10-30,0.0154019770298841,2023,2022-12-31,learned_order_extension,20260912,0.4456780475483379,0.4456780475483379,0,1
rolling5_annual20,3095,2023-10-27,2023-11-06,0.0152527637017425,2023,2022-12-31,learned_order_extension,20260912,0.8012946083073389,0.8012946083073389,1,1
rolling5_annual20,3100,2023-11-03,2023-11-13,-0.0039935482440582,2023,2022-12-31,learned_order_extension,20260912,0.37660086608637366,0.37660086608637366,0,0
rolling5_annual20,3105,2023-11-10,2023-11-20,-0.0067280482816765,2023,2022-12-31,learned_order_extension,20260912,0.32244723471503595,0.32244723471503595,0,0
rolling5_annual20,3110,2023-11-17,2023-11-27,-0.0098859017348651,2023,2022-12-31,learned_order_extension,20260912,0.25164320767898957,0.25164320767898957,0,0
rolling5_annual20,3115,2023-11-24,2023-12-04,-0.0151084754586299,2023,2022-12-31,learned_order_extension,20260912,0.5499344358185067,0.5499344358185067,1,0
rolling5_annual20,3120,2023-12-01,2023-12-11,-0.0295859857973478,2023,2022-12-31,learned_order_extension,20260912,0.3442150767646824,0.3442150767646824,0,0
rolling5_annual20,3125,2023-12-08,2023-12-18,-0.0144639658974852,2023,2022-12-31,learned_order_extension,20260912,0.3993508171201843,0.3993508171201843,0,0
rolling5_annual20,3130,2023-12-15,2023-12-25,0.0003424256350643,2023,2022-12-31,learned_order_extension,20260912,0.46301510595525036,0.46301510595525036,0,1
rolling5_annual20,3135,2023-12-22,2024-01-02,0.0288079559683274,2023,2022-12-31,learned_order_extension,20260912,0.3352091402952182,0.3352091402952182,0,1
rolling5_annual20,3140,2023-12-29,2024-01-08,-0.0302544749829989,2023,2022-12-31,learned_order_extension,20260912,0.32249353537551856,0.32249353537551856,0,0
rolling5_annual20,2902,2023-01-06,2023-01-16,0.0198447929614133,2023,2022-12-31,learned_order_offset,20260912,0.33518639317613286,0.33518639317613286,0,1
rolling5_annual20,2907,2023-01-13,2023-01-30,0.0465290788350809,2023,2022-12-31,learned_order_offset,20260912,0.283926532884273,0.283926532884273,0,1
rolling5_annual20,2912,2023-01-20,2023-02-06,-0.0383797057844887,2023,2022-12-31,learned_order_offset,20260912,0.656265266213206,0.656265266213206,1,0
rolling5_annual20,2917,2023-02-03,2023-02-13,-0.0012061903149008,2023,2022-12-31,learned_order_offset,20260912,0.47265762776020354,0.47265762776020354,0,0
rolling5_annual20,2922,2023-02-10,2023-02-20,-0.0143746584432821,2023,2022-12-31,learned_order_offset,20260912,0.2502577591654617,0.2502577591654617,0,0
rolling5_annual20,2927,2023-02-17,2023-02-27,0.0001237636016198,2023,2022-12-31,learned_order_offset,20260912,0.3981719184557722,0.3981719184557722,0,1
rolling5_annual20,2932,2023-02-24,2023-03-06,0.0224454641303217,2023,2022-12-31,learned_order_offset,20260912,0.7071114667508918,0.7071114667508918,1,1
rolling5_annual20,2937,2023-03-03,2023-03-13,-0.0407900947678007,2023,2022-12-31,learned_order_offset,20260912,0.5854544425200702,0.5854544425200702,1,0
rolling5_annual20,2942,2023-03-10,2023-03-20,5.0471402903706775e-06,2023,2022-12-31,learned_order_offset,20260912,0.4623204109511431,0.4623204109511431,0,1
rolling5_annual20,2947,2023-03-17,2023-03-27,0.015302852124583,2023,2022-12-31,learned_order_offset,20260912,0.339217920591994,0.339217920591994,0,1
rolling5_annual20,2952,2023-03-24,2023-04-03,0.0090274153058433,2023,2022-12-31,learned_order_offset,20260912,0.5430909588293242,0.5430909588293242,1,1
rolling5_annual20,2957,2023-03-31,2023-04-10,0.0178317182396383,2023,2022-12-31,learned_order_offset,20260912,0.5725347377994414,0.5725347377994414,1,1
rolling5_annual20,2961,2023-04-07,2023-04-17,-0.0101500238382772,2023,2022-12-31,learned_order_offset,20260912,0.6359786222461823,0.6359786222461823,1,0
rolling5_annual20,2966,2023-04-14,2023-04-24,-0.014368947230732,2023,2022-12-31,learned_order_offset,20260912,0.4040571614648592,0.4040571614648592,0,0
rolling5_annual20,2971,2023-04-21,2023-05-04,-0.0044228908788729,2023,2022-12-31,learned_order_offset,20260912,0.373753908234859,0.373753908234859,0,0
rolling5_annual20,2976,2023-04-28,2023-05-10,0.0036477163153083,2023,2022-12-31,learned_order_offset,20260912,0.4682938791565345,0.4682938791565345,0,1
rolling5_annual20,2978,2023-05-05,2023-05-15,-0.0221642407977935,2023,2022-12-31,learned_order_offset,20260912,0.35468620955831676,0.35468620955831676,0,0
rolling5_annual20,2983,2023-05-12,2023-05-22,0.0005509250208819,2023,2022-12-31,learned_order_offset,20260912,0.45944687309341087,0.45944687309341087,0,1
rolling5_annual20,2988,2023-05-19,2023-05-29,-0.0200253742704897,2023,2022-12-31,learned_order_offset,20260912,0.5528609060536627,0.5528609060536627,1,0
rolling5_annual20,2993,2023-05-26,2023-06-05,-0.0003935703040848,2023,2022-12-31,learned_order_offset,20260912,0.48081388523345875,0.48081388523345875,0,0
rolling5_annual20,2998,2023-06-02,2023-06-12,-0.0086075595250429,2023,2022-12-31,learned_order_offset,20260912,0.4462826688282708,0.4462826688282708,0,0
rolling5_annual20,3003,2023-06-09,2023-06-19,0.0338878539347273,2023,2022-12-31,learned_order_offset,20260912,0.3657926874386867,0.3657926874386867,0,1
rolling5_annual20,3008,2023-06-16,2023-07-03,-0.026216632171098,2023,2022-12-31,learned_order_offset,20260912,0.3970710272316485,0.3970710272316485,0,0
rolling5_annual20,3016,2023-06-30,2023-07-10,-0.0030441518806006,2023,2022-12-31,learned_order_offset,20260912,0.5701260577969851,0.5701260577969851,1,0
rolling5_annual20,3021,2023-07-07,2023-07-17,0.0104280552692135,2023,2022-12-31,learned_order_offset,20260912,0.5489589265996276,0.5489589265996276,1,1
rolling5_annual20,3026,2023-07-14,2023-07-24,-0.0201642613135752,2023,2022-12-31,learned_order_offset,20260912,0.5824558395211001,0.5824558395211001,1,0
rolling5_annual20,3031,2023-07-21,2023-07-31,0.0566710925894278,2023,2022-12-31,learned_order_offset,20260912,0.27988978715458734,0.27988978715458734,0,1
rolling5_annual20,3036,2023-07-28,2023-08-07,-0.0039612927947766,2023,2022-12-31,learned_order_offset,20260912,0.5284081434359106,0.5284081434359106,1,0
rolling5_annual20,3041,2023-08-04,2023-08-14,-0.0404899362223548,2023,2022-12-31,learned_order_offset,20260912,0.6464705079150657,0.6464705079150657,1,0
rolling5_annual20,3046,2023-08-11,2023-08-21,-0.0176157088591445,2023,2022-12-31,learned_order_offset,20260912,0.7497865485741146,0.7497865485741146,1,0
rolling5_annual20,3051,2023-08-18,2023-08-28,0.0366582477081969,2023,2022-12-31,learned_order_offset,20260912,0.42522859880571334,0.42522859880571334,0,1
rolling5_annual20,3056,2023-08-25,2023-09-04,-0.025197172476384,2023,2022-12-31,learned_order_offset,20260912,0.37460809335848105,0.37460809335848105,0,0
rolling5_annual20,3061,2023-09-01,2023-09-11,-0.0189903461587886,2023,2022-12-31,learned_order_offset,20260912,0.23706180643728625,0.23706180643728625,0,0
rolling5_annual20,3066,2023-09-08,2023-09-18,-0.0111346368744954,2023,2022-12-31,learned_order_offset,20260912,0.48285979946132007,0.48285979946132007,0,0
rolling5_annual20,3071,2023-09-15,2023-09-25,0.0105787349314532,2023,2022-12-31,learned_order_offset,20260912,0.4157390136403382,0.4157390136403382,0,1
rolling5_annual20,3076,2023-09-22,2023-10-16,-0.0198017153282719,2023,2022-12-31,learned_order_offset,20260912,0.41199571148298614,0.41199571148298614,0,0
rolling5_annual20,3085,2023-10-13,2023-10-23,-0.0447156690429144,2023,2022-12-31,learned_order_offset,20260912,0.4059248823551379,0.4059248823551379,0,0
rolling5_annual20,3090,2023-10-20,2023-10-30,0.0154019770298841,2023,2022-12-31,learned_order_offset,20260912,0.4501575758379855,0.4501575758379855,0,1
rolling5_annual20,3095,2023-10-27,2023-11-06,0.0152527637017425,2023,2022-12-31,learned_order_offset,20260912,0.7973405969170546,0.7973405969170546,1,1
rolling5_annual20,3100,2023-11-03,2023-11-13,-0.0039935482440582,2023,2022-12-31,learned_order_offset,20260912,0.3814727694051757,0.3814727694051757,0,0
rolling5_annual20,3105,2023-11-10,2023-11-20,-0.0067280482816765,2023,2022-12-31,learned_order_offset,20260912,0.3253531314093673,0.3253531314093673,0,0
rolling5_annual20,3110,2023-11-17,2023-11-27,-0.0098859017348651,2023,2022-12-31,learned_order_offset,20260912,0.25963837970729076,0.25963837970729076,0,0
rolling5_annual20,3115,2023-11-24,2023-12-04,-0.0151084754586299,2023,2022-12-31,learned_order_offset,20260912,0.5477382248343785,0.5477382248343785,1,0
rolling5_annual20,3120,2023-12-01,2023-12-11,-0.0295859857973478,2023,2022-12-31,learned_order_offset,20260912,0.3506669447445297,0.3506669447445297,0,0
rolling5_annual20,3125,2023-12-08,2023-12-18,-0.0144639658974852,2023,2022-12-31,learned_order_offset,20260912,0.4047710646356656,0.4047710646356656,0,0
rolling5_annual20,3130,2023-12-15,2023-12-25,0.0003424256350643,2023,2022-12-31,learned_order_offset,20260912,0.46679369387633696,0.46679369387633696,0,1
rolling5_annual20,3135,2023-12-22,2024-01-02,0.0288079559683274,2023,2022-12-31,learned_order_offset,20260912,0.3410249039308952,0.3410249039308952,0,1
rolling5_annual20,3140,2023-12-29,2024-01-08,-0.0302544749829989,2023,2022-12-31,learned_order_offset,20260912,0.32740429145882843,0.32740429145882843,0,0
rolling5_annual20,2902,2023-01-06,2023-01-16,0.0198447929614133,2023,2022-12-31,native_mse,20260912,0.0004281627694943007,,1,1
rolling5_annual20,2907,2023-01-13,2023-01-30,0.0465290788350809,2023,2022-12-31,native_mse,20260912,4.2102919401855305e-05,,1,1
rolling5_annual20,2912,2023-01-20,2023-02-06,-0.0383797057844887,2023,2022-12-31,native_mse,20260912,0.0010967633118809882,,1,0
rolling5_annual20,2917,2023-02-03,2023-02-13,-0.0012061903149008,2023,2022-12-31,native_mse,20260912,0.0008747039967658528,,1,0
rolling5_annual20,2922,2023-02-10,2023-02-20,-0.0143746584432821,2023,2022-12-31,native_mse,20260912,0.0001818132935792269,,1,0
rolling5_annual20,2927,2023-02-17,2023-02-27,0.0001237636016198,2023,2022-12-31,native_mse,20260912,0.00010126624081480557,,1,1
rolling5_annual20,2932,2023-02-24,2023-03-06,0.0224454641303217,2023,2022-12-31,native_mse,20260912,0.000782385799644381,,1,1
rolling5_annual20,2937,2023-03-03,2023-03-13,-0.0407900947678007,2023,2022-12-31,native_mse,20260912,0.00040350503591383166,,1,0
rolling5_annual20,2942,2023-03-10,2023-03-20,5.0471402903706775e-06,2023,2022-12-31,native_mse,20260912,0.00023517524465769396,,1,1
rolling5_annual20,2947,2023-03-17,2023-03-27,0.015302852124583,2023,2022-12-31,native_mse,20260912,-0.0005550490015326846,,0,1
rolling5_annual20,2952,2023-03-24,2023-04-03,0.0090274153058433,2023,2022-12-31,native_mse,20260912,0.0004555071806066471,,1,1
rolling5_annual20,2957,2023-03-31,2023-04-10,0.0178317182396383,2023,2022-12-31,native_mse,20260912,0.0006137448037054246,,1,1
rolling5_annual20,2961,2023-04-07,2023-04-17,-0.0101500238382772,2023,2022-12-31,native_mse,20260912,0.0007714668086940345,,1,0
rolling5_annual20,2966,2023-04-14,2023-04-24,-0.014368947230732,2023,2022-12-31,native_mse,20260912,0.0006120128536014287,,1,0
rolling5_annual20,2971,2023-04-21,2023-05-04,-0.0044228908788729,2023,2022-12-31,native_mse,20260912,0.0004168718728952876,,1,0
rolling5_annual20,2976,2023-04-28,2023-05-10,0.0036477163153083,2023,2022-12-31,native_mse,20260912,0.0007975995131662927,,1,1
rolling5_annual20,2978,2023-05-05,2023-05-15,-0.0221642407977935,2023,2022-12-31,native_mse,20260912,3.748499343571029e-05,,1,0
rolling5_annual20,2983,2023-05-12,2023-05-22,0.0005509250208819,2023,2022-12-31,native_mse,20260912,0.00013564688457888487,,1,1
rolling5_annual20,2988,2023-05-19,2023-05-29,-0.0200253742704897,2023,2022-12-31,native_mse,20260912,0.0006049797039520234,,1,0
rolling5_annual20,2993,2023-05-26,2023-06-05,-0.0003935703040848,2023,2022-12-31,native_mse,20260912,5.080512794837295e-05,,1,0
rolling5_annual20,2998,2023-06-02,2023-06-12,-0.0086075595250429,2023,2022-12-31,native_mse,20260912,-0.0003527596454530836,,0,0
rolling5_annual20,3003,2023-06-09,2023-06-19,0.0338878539347273,2023,2022-12-31,native_mse,20260912,-0.0004629538008774116,,0,1
rolling5_annual20,3008,2023-06-16,2023-07-03,-0.026216632171098,2023,2022-12-31,native_mse,20260912,-0.0003413110242915335,,0,0
rolling5_annual20,3016,2023-06-30,2023-07-10,-0.0030441518806006,2023,2022-12-31,native_mse,20260912,0.0003431408638381007,,1,0
rolling5_annual20,3021,2023-07-07,2023-07-17,0.0104280552692135,2023,2022-12-31,native_mse,20260912,0.000814771057302496,,1,1
rolling5_annual20,3026,2023-07-14,2023-07-24,-0.0201642613135752,2023,2022-12-31,native_mse,20260912,0.0006501402430561996,,1,0
rolling5_annual20,3031,2023-07-21,2023-07-31,0.0566710925894278,2023,2022-12-31,native_mse,20260912,2.5045124957704355e-05,,1,1
rolling5_annual20,3036,2023-07-28,2023-08-07,-0.0039612927947766,2023,2022-12-31,native_mse,20260912,0.00047471401642830695,,1,0
rolling5_annual20,3041,2023-08-04,2023-08-14,-0.0404899362223548,2023,2022-12-31,native_mse,20260912,0.0008553072765691807,,1,0
rolling5_annual20,3046,2023-08-11,2023-08-21,-0.0176157088591445,2023,2022-12-31,native_mse,20260912,0.0015027086256146451,,1,0
rolling5_annual20,3051,2023-08-18,2023-08-28,0.0366582477081969,2023,2022-12-31,native_mse,20260912,0.0006099353623650846,,1,1
rolling5_annual20,3056,2023-08-25,2023-09-04,-0.025197172476384,2023,2022-12-31,native_mse,20260912,0.00044421971221099443,,1,0
rolling5_annual20,3061,2023-09-01,2023-09-11,-0.0189903461587886,2023,2022-12-31,native_mse,20260912,-0.0002025361551160587,,0,0
rolling5_annual20,3066,2023-09-08,2023-09-18,-0.0111346368744954,2023,2022-12-31,native_mse,20260912,0.00041052847232038274,,1,0
rolling5_annual20,3071,2023-09-15,2023-09-25,0.0105787349314532,2023,2022-12-31,native_mse,20260912,0.0001624781603077036,,1,1
rolling5_annual20,3076,2023-09-22,2023-10-16,-0.0198017153282719,2023,2022-12-31,native_mse,20260912,-2.0047557486308507e-05,,0,0
rolling5_annual20,3085,2023-10-13,2023-10-23,-0.0447156690429144,2023,2022-12-31,native_mse,20260912,-7.666747850147154e-05,,0,0
rolling5_annual20,3090,2023-10-20,2023-10-30,0.0154019770298841,2023,2022-12-31,native_mse,20260912,0.00029732197364893017,,1,1
rolling5_annual20,3095,2023-10-27,2023-11-06,0.0152527637017425,2023,2022-12-31,native_mse,20260912,0.0012245039371740986,,1,1
rolling5_annual20,3100,2023-11-03,2023-11-13,-0.0039935482440582,2023,2022-12-31,native_mse,20260912,0.00041856415378897153,,1,0
rolling5_annual20,3105,2023-11-10,2023-11-20,-0.0067280482816765,2023,2022-12-31,native_mse,20260912,0.00022000524072862617,,1,0
rolling5_annual20,3110,2023-11-17,2023-11-27,-0.0098859017348651,2023,2022-12-31,native_mse,20260912,-0.00011003873914113989,,0,0
rolling5_annual20,3115,2023-11-24,2023-12-04,-0.0151084754586299,2023,2022-12-31,native_mse,20260912,0.0006004861455855604,,1,0
rolling5_annual20,3120,2023-12-01,2023-12-11,-0.0295859857973478,2023,2022-12-31,native_mse,20260912,9.164477722239853e-05,,1,0
rolling5_annual20,3125,2023-12-08,2023-12-18,-0.0144639658974852,2023,2022-12-31,native_mse,20260912,0.0003716320497864135,,1,0
rolling5_annual20,3130,2023-12-15,2023-12-25,0.0003424256350643,2023,2022-12-31,native_mse,20260912,0.0007186720416179463,,1,1
rolling5_annual20,3135,2023-12-22,2024-01-02,0.0288079559683274,2023,2022-12-31,native_mse,20260912,0.00031752353260434155,,1,1
rolling5_annual20,3140,2023-12-29,2024-01-08,-0.0302544749829989,2023,2022-12-31,native_mse,20260912,-5.293223214677527e-06,,0,0
rolling5_annual20,3144,2024-01-05,2024-01-15,-0.0158038409563566,2024,2023-12-31,learned_market,20260910,0.37911601118731636,0.37911601118731636,0,0
rolling5_annual20,3149,2024-01-12,2024-01-22,-0.002333261979756,2024,2023-12-31,learned_market,20260910,0.4589111880907024,0.4589111880907024,0,0
rolling5_annual20,3154,2024-01-19,2024-01-29,0.0223511633823452,2024,2023-12-31,learned_market,20260910,0.41956122213307734,0.41956122213307734,0,1
rolling5_annual20,3159,2024-01-26,2024-02-05,-0.0513103415192826,2024,2023-12-31,learned_market,20260910,0.4467918935376125,0.4467918935376125,0,0
rolling5_annual20,3164,2024-02-02,2024-02-26,0.1015374891364462,2024,2023-12-31,learned_market,20260910,0.6470923056808707,0.6470923056808707,1,1
rolling5_annual20,3173,2024-02-23,2024-03-04,0.0151569053862528,2024,2023-12-31,learned_market,20260910,0.6974540268702009,0.6974540268702009,1,1
rolling5_annual20,3178,2024-03-01,2024-03-11,0.0021394031715169,2024,2023-12-31,learned_market,20260910,0.6539310685581109,0.6539310685581109,1,1
rolling5_annual20,3183,2024-03-08,2024-03-18,0.0087762342284414,2024,2023-12-31,learned_market,20260910,0.651636534380962,0.651636534380962,1,1
rolling5_annual20,3188,2024-03-15,2024-03-25,-0.0112802133595746,2024,2023-12-31,learned_market,20260910,0.6184866579610433,0.6184866579610433,1,0
rolling5_annual20,3193,2024-03-22,2024-04-01,0.0042044725182444,2024,2023-12-31,learned_market,20260910,0.49537529534083324,0.49537529534083324,0,1
rolling5_annual20,3198,2024-03-29,2024-04-15,-0.0219845815102011,2024,2023-12-31,learned_market,20260910,0.4469684467331579,0.4469684467331579,0,0
rolling5_annual20,3206,2024-04-12,2024-04-22,0.018045199366633,2024,2023-12-31,learned_market,20260910,0.40607560893230144,0.40607560893230144,0,1
rolling5_annual20,3211,2024-04-19,2024-04-29,0.0136757744232476,2024,2023-12-31,learned_market,20260910,0.3892776100417879,0.3892776100417879,0,1
rolling5_annual20,3216,2024-04-26,2024-05-13,0.0172434956786644,2024,2023-12-31,learned_market,20260910,0.3282744753478747,0.3282744753478747,0,1
rolling5_annual20,3223,2024-05-10,2024-05-20,0.0097933549988344,2024,2023-12-31,learned_market,20260910,0.3990687988287244,0.3990687988287244,0,1
rolling5_annual20,3228,2024-05-17,2024-05-27,-0.0204803832637164,2024,2023-12-31,learned_market,20260910,0.3897084593157539,0.3897084593157539,0,0
rolling5_annual20,3233,2024-05-24,2024-06-03,-0.0081155643048258,2024,2023-12-31,learned_market,20260910,0.43186519496988945,0.43186519496988945,0,0
rolling5_annual20,3238,2024-05-31,2024-06-11,-0.0060267570121149,2024,2023-12-31,learned_market,20260910,0.4565336986968196,0.4565336986968196,0,0
rolling5_annual20,3243,2024-06-07,2024-06-17,-0.0096686558937179,2024,2023-12-31,learned_market,20260910,0.6105718695143069,0.6105718695143069,1,0
rolling5_annual20,3247,2024-06-14,2024-06-24,-0.013573992457631,2024,2023-12-31,learned_market,20260910,0.6713582427300896,0.6713582427300896,1,0
rolling5_annual20,3252,2024-06-21,2024-07-01,-0.004427632109257,2024,2023-12-31,learned_market,20260910,0.4416184455773017,0.4416184455773017,0,0
rolling5_annual20,3257,2024-06-28,2024-07-08,-0.0108320369203009,2024,2023-12-31,learned_market,20260910,0.5341806270801527,0.5341806270801527,1,0
rolling5_annual20,3262,2024-07-05,2024-07-15,0.0122222871842843,2024,2023-12-31,learned_market,20260910,0.5312099723736838,0.5312099723736838,1,1
rolling5_annual20,3267,2024-07-12,2024-07-22,0.0218881133018156,2024,2023-12-31,learned_market,20260910,0.4706196251419226,0.4706196251419226,0,1
rolling5_annual20,3272,2024-07-19,2024-07-29,-0.0378787022382998,2024,2023-12-31,learned_market,20260910,0.5105887349481063,0.5105887349481063,1,0
rolling5_annual20,3277,2024-07-26,2024-08-05,-0.0124134568216732,2024,2023-12-31,learned_market,20260910,0.5168087974043634,0.5168087974043634,1,0
rolling5_annual20,3282,2024-08-02,2024-08-12,-0.0102762848330364,2024,2023-12-31,learned_market,20260910,0.5103969021168359,0.5103969021168359,1,0
rolling5_annual20,3287,2024-08-09,2024-08-19,0.0050186923751938,2024,2023-12-31,learned_market,20260910,0.5738642832331972,0.5738642832331972,1,1
rolling5_annual20,3292,2024-08-16,2024-08-26,-0.0040487282687352,2024,2023-12-31,learned_market,20260910,0.3949171401752265,0.3949171401752265,0,0
rolling5_annual20,3297,2024-08-23,2024-09-02,-0.0069594562136714,2024,2023-12-31,learned_market,20260910,0.29072042976701107,0.29072042976701107,0,0
rolling5_annual20,3302,2024-08-30,2024-09-09,-0.0280389655151561,2024,2023-12-31,learned_market,20260910,0.2698525733496452,0.2698525733496452,0,0
rolling5_annual20,3307,2024-09-06,2024-09-18,-0.0174132138857783,2024,2023-12-31,learned_market,20260910,0.28624372995779085,0.28624372995779085,0,0
rolling5_annual20,3312,2024-09-13,2024-09-24,0.0133119329369826,2024,2023-12-31,learned_market,20260910,0.3257397725885097,0.3257397725885097,0,1
rolling5_annual20,3315,2024-09-20,2024-09-30,0.2017513988384409,2024,2023-12-31,learned_market,20260910,0.30329361432845675,0.30329361432845675,0,1
rolling5_annual20,3320,2024-09-27,2024-10-14,0.0178259004588408,2024,2023-12-31,learned_market,20260910,0.5539828044064032,0.5539828044064032,1,1
rolling5_annual20,3325,2024-10-11,2024-10-21,0.0080914993282625,2024,2023-12-31,learned_market,20260910,0.5869953939238736,0.5869953939238736,1,1
rolling5_annual20,3330,2024-10-18,2024-10-28,0.0015733867085561,2024,2023-12-31,learned_market,20260910,0.461607129389693,0.461607129389693,0,1
rolling5_annual20,3335,2024-10-25,2024-11-04,-0.0140142824257356,2024,2023-12-31,learned_market,20260910,0.4436454565513719,0.4436454565513719,0,0
rolling5_annual20,3340,2024-11-01,2024-11-11,0.0434152361258277,2024,2023-12-31,learned_market,20260910,0.4265577715457495,0.4265577715457495,0,1
rolling5_annual20,3345,2024-11-08,2024-11-18,-0.0208584853931589,2024,2023-12-31,learned_market,20260910,0.3988216599252063,0.3988216599252063,0,0
rolling5_annual20,3350,2024-11-15,2024-11-25,-0.0267421712161923,2024,2023-12-31,learned_market,20260910,0.4128285607379882,0.4128285607379882,0,0
rolling5_annual20,3355,2024-11-22,2024-12-02,0.0087960346887328,2024,2023-12-31,learned_market,20260910,0.5498480838757407,0.5498480838757407,1,1
rolling5_annual20,3360,2024-11-29,2024-12-09,0.0155919891551781,2024,2023-12-31,learned_market,20260910,0.5787371739371491,0.5787371739371491,1,1
rolling5_annual20,3365,2024-12-06,2024-12-16,-0.0100436703218104,2024,2023-12-31,learned_market,20260910,0.5274145252381006,0.5274145252381006,1,0
rolling5_annual20,3370,2024-12-13,2024-12-23,-0.0006690784017421,2024,2023-12-31,learned_market,20260910,0.44138037595664,0.44138037595664,0,0
rolling5_annual20,3375,2024-12-20,2024-12-30,0.0123595076562756,2024,2023-12-31,learned_market,20260910,0.4027666853457167,0.4027666853457167,0,1
rolling5_annual20,3380,2024-12-27,2025-01-06,-0.0504714964669198,2024,2023-12-31,learned_market,20260910,0.38910693571889354,0.38910693571889354,0,0
rolling5_annual20,3144,2024-01-05,2024-01-15,-0.0158038409563566,2024,2023-12-31,learned_vol_interaction,20260910,0.375948748112503,0.375948748112503,0,0
rolling5_annual20,3149,2024-01-12,2024-01-22,-0.002333261979756,2024,2023-12-31,learned_vol_interaction,20260910,0.4653387886294592,0.4653387886294592,0,0
rolling5_annual20,3154,2024-01-19,2024-01-29,0.0223511633823452,2024,2023-12-31,learned_vol_interaction,20260910,0.409541362332266,0.409541362332266,0,1
rolling5_annual20,3159,2024-01-26,2024-02-05,-0.0513103415192826,2024,2023-12-31,learned_vol_interaction,20260910,0.4427031623961251,0.4427031623961251,0,0
rolling5_annual20,3164,2024-02-02,2024-02-26,0.1015374891364462,2024,2023-12-31,learned_vol_interaction,20260910,0.6537066574488869,0.6537066574488869,1,1
rolling5_annual20,3173,2024-02-23,2024-03-04,0.0151569053862528,2024,2023-12-31,learned_vol_interaction,20260910,0.689311779469667,0.689311779469667,1,1
rolling5_annual20,3178,2024-03-01,2024-03-11,0.0021394031715169,2024,2023-12-31,learned_vol_interaction,20260910,0.6480049647794901,0.6480049647794901,1,1
rolling5_annual20,3183,2024-03-08,2024-03-18,0.0087762342284414,2024,2023-12-31,learned_vol_interaction,20260910,0.6491293260006892,0.6491293260006892,1,1
rolling5_annual20,3188,2024-03-15,2024-03-25,-0.0112802133595746,2024,2023-12-31,learned_vol_interaction,20260910,0.6390487602979349,0.6390487602979349,1,0
rolling5_annual20,3193,2024-03-22,2024-04-01,0.0042044725182444,2024,2023-12-31,learned_vol_interaction,20260910,0.502579297882782,0.502579297882782,1,1
rolling5_annual20,3198,2024-03-29,2024-04-15,-0.0219845815102011,2024,2023-12-31,learned_vol_interaction,20260910,0.4621147966680959,0.4621147966680959,0,0
rolling5_annual20,3206,2024-04-12,2024-04-22,0.018045199366633,2024,2023-12-31,learned_vol_interaction,20260910,0.3996858180028398,0.3996858180028398,0,1
rolling5_annual20,3211,2024-04-19,2024-04-29,0.0136757744232476,2024,2023-12-31,learned_vol_interaction,20260910,0.37319633634071175,0.37319633634071175,0,1
rolling5_annual20,3216,2024-04-26,2024-05-13,0.0172434956786644,2024,2023-12-31,learned_vol_interaction,20260910,0.3146645175119406,0.3146645175119406,0,1
rolling5_annual20,3223,2024-05-10,2024-05-20,0.0097933549988344,2024,2023-12-31,learned_vol_interaction,20260910,0.37518028476500903,0.37518028476500903,0,1
rolling5_annual20,3228,2024-05-17,2024-05-27,-0.0204803832637164,2024,2023-12-31,learned_vol_interaction,20260910,0.3743945093004113,0.3743945093004113,0,0
rolling5_annual20,3233,2024-05-24,2024-06-03,-0.0081155643048258,2024,2023-12-31,learned_vol_interaction,20260910,0.41682706486348087,0.41682706486348087,0,0
rolling5_annual20,3238,2024-05-31,2024-06-11,-0.0060267570121149,2024,2023-12-31,learned_vol_interaction,20260910,0.4492331097002634,0.4492331097002634,0,0
rolling5_annual20,3243,2024-06-07,2024-06-17,-0.0096686558937179,2024,2023-12-31,learned_vol_interaction,20260910,0.646939742462589,0.646939742462589,1,0
rolling5_annual20,3247,2024-06-14,2024-06-24,-0.013573992457631,2024,2023-12-31,learned_vol_interaction,20260910,0.728816996452314,0.728816996452314,1,0
rolling5_annual20,3252,2024-06-21,2024-07-01,-0.004427632109257,2024,2023-12-31,learned_vol_interaction,20260910,0.45786386069259544,0.45786386069259544,0,0
rolling5_annual20,3257,2024-06-28,2024-07-08,-0.0108320369203009,2024,2023-12-31,learned_vol_interaction,20260910,0.5781155623946855,0.5781155623946855,1,0
rolling5_annual20,3262,2024-07-05,2024-07-15,0.0122222871842843,2024,2023-12-31,learned_vol_interaction,20260910,0.5756856823794781,0.5756856823794781,1,1
rolling5_annual20,3267,2024-07-12,2024-07-22,0.0218881133018156,2024,2023-12-31,learned_vol_interaction,20260910,0.4866386539421122,0.4866386539421122,0,1
rolling5_annual20,3272,2024-07-19,2024-07-29,-0.0378787022382998,2024,2023-12-31,learned_vol_interaction,20260910,0.5389372826354385,0.5389372826354385,1,0
rolling5_annual20,3277,2024-07-26,2024-08-05,-0.0124134568216732,2024,2023-12-31,learned_vol_interaction,20260910,0.5302304235904278,0.5302304235904278,1,0
rolling5_annual20,3282,2024-08-02,2024-08-12,-0.0102762848330364,2024,2023-12-31,learned_vol_interaction,20260910,0.5215565305204753,0.5215565305204753,1,0
rolling5_annual20,3287,2024-08-09,2024-08-19,0.0050186923751938,2024,2023-12-31,learned_vol_interaction,20260910,0.5855654639145639,0.5855654639145639,1,1
rolling5_annual20,3292,2024-08-16,2024-08-26,-0.0040487282687352,2024,2023-12-31,learned_vol_interaction,20260910,0.3778758904529602,0.3778758904529602,0,0
rolling5_annual20,3297,2024-08-23,2024-09-02,-0.0069594562136714,2024,2023-12-31,learned_vol_interaction,20260910,0.25486310438949394,0.25486310438949394,0,0
rolling5_annual20,3302,2024-08-30,2024-09-09,-0.0280389655151561,2024,2023-12-31,learned_vol_interaction,20260910,0.23399162737304185,0.23399162737304185,0,0
rolling5_annual20,3307,2024-09-06,2024-09-18,-0.0174132138857783,2024,2023-12-31,learned_vol_interaction,20260910,0.25707507643008914,0.25707507643008914,0,0
rolling5_annual20,3312,2024-09-13,2024-09-24,0.0133119329369826,2024,2023-12-31,learned_vol_interaction,20260910,0.3084747782851401,0.3084747782851401,0,1
rolling5_annual20,3315,2024-09-20,2024-09-30,0.2017513988384409,2024,2023-12-31,learned_vol_interaction,20260910,0.2767223781764832,0.2767223781764832,0,1
rolling5_annual20,3320,2024-09-27,2024-10-14,0.0178259004588408,2024,2023-12-31,learned_vol_interaction,20260910,0.539577352579499,0.539577352579499,1,1
rolling5_annual20,3325,2024-10-11,2024-10-21,0.0080914993282625,2024,2023-12-31,learned_vol_interaction,20260910,0.5707045524539156,0.5707045524539156,1,1
rolling5_annual20,3330,2024-10-18,2024-10-28,0.0015733867085561,2024,2023-12-31,learned_vol_interaction,20260910,0.5457998125542788,0.5457998125542788,1,1
rolling5_annual20,3335,2024-10-25,2024-11-04,-0.0140142824257356,2024,2023-12-31,learned_vol_interaction,20260910,0.5480447349870543,0.5480447349870543,1,0
rolling5_annual20,3340,2024-11-01,2024-11-11,0.0434152361258277,2024,2023-12-31,learned_vol_interaction,20260910,0.5424556290324919,0.5424556290324919,1,1
rolling5_annual20,3345,2024-11-08,2024-11-18,-0.0208584853931589,2024,2023-12-31,learned_vol_interaction,20260910,0.41385174274995,0.41385174274995,0,0
rolling5_annual20,3350,2024-11-15,2024-11-25,-0.0267421712161923,2024,2023-12-31,learned_vol_interaction,20260910,0.40978407838391767,0.40978407838391767,0,0
rolling5_annual20,3355,2024-11-22,2024-12-02,0.0087960346887328,2024,2023-12-31,learned_vol_interaction,20260910,0.5313658042769484,0.5313658042769484,1,1
rolling5_annual20,3360,2024-11-29,2024-12-09,0.0155919891551781,2024,2023-12-31,learned_vol_interaction,20260910,0.5550717836556399,0.5550717836556399,1,1
rolling5_annual20,3365,2024-12-06,2024-12-16,-0.0100436703218104,2024,2023-12-31,learned_vol_interaction,20260910,0.5155855931739847,0.5155855931739847,1,0
rolling5_annual20,3370,2024-12-13,2024-12-23,-0.0006690784017421,2024,2023-12-31,learned_vol_interaction,20260910,0.4374261593980381,0.4374261593980381,0,0
rolling5_annual20,3375,2024-12-20,2024-12-30,0.0123595076562756,2024,2023-12-31,learned_vol_interaction,20260910,0.38028593735367683,0.38028593735367683,0,1
rolling5_annual20,3380,2024-12-27,2025-01-06,-0.0504714964669198,2024,2023-12-31,learned_vol_interaction,20260910,0.35616480654444505,0.35616480654444505,0,0
rolling5_annual20,3144,2024-01-05,2024-01-15,-0.0158038409563566,2024,2023-12-31,learned_order_extension,20260910,0.4019000383386628,0.4019000383386628,0,0
rolling5_annual20,3149,2024-01-12,2024-01-22,-0.002333261979756,2024,2023-12-31,learned_order_extension,20260910,0.4536929976964038,0.4536929976964038,0,0
rolling5_annual20,3154,2024-01-19,2024-01-29,0.0223511633823452,2024,2023-12-31,learned_order_extension,20260910,0.4065097447533653,0.4065097447533653,0,1
rolling5_annual20,3159,2024-01-26,2024-02-05,-0.0513103415192826,2024,2023-12-31,learned_order_extension,20260910,0.4181108069924978,0.4181108069924978,0,0
rolling5_annual20,3164,2024-02-02,2024-02-26,0.1015374891364462,2024,2023-12-31,learned_order_extension,20260910,0.6639940867614434,0.6639940867614434,1,1
rolling5_annual20,3173,2024-02-23,2024-03-04,0.0151569053862528,2024,2023-12-31,learned_order_extension,20260910,0.6509742827223437,0.6509742827223437,1,1
rolling5_annual20,3178,2024-03-01,2024-03-11,0.0021394031715169,2024,2023-12-31,learned_order_extension,20260910,0.596427953854031,0.596427953854031,1,1
rolling5_annual20,3183,2024-03-08,2024-03-18,0.0087762342284414,2024,2023-12-31,learned_order_extension,20260910,0.5823638998065179,0.5823638998065179,1,1
rolling5_annual20,3188,2024-03-15,2024-03-25,-0.0112802133595746,2024,2023-12-31,learned_order_extension,20260910,0.5649258035498114,0.5649258035498114,1,0
rolling5_annual20,3193,2024-03-22,2024-04-01,0.0042044725182444,2024,2023-12-31,learned_order_extension,20260910,0.4756478826315535,0.4756478826315535,0,1
rolling5_annual20,3198,2024-03-29,2024-04-15,-0.0219845815102011,2024,2023-12-31,learned_order_extension,20260910,0.44826023295447676,0.44826023295447676,0,0
rolling5_annual20,3206,2024-04-12,2024-04-22,0.018045199366633,2024,2023-12-31,learned_order_extension,20260910,0.3886483454535768,0.3886483454535768,0,1
rolling5_annual20,3211,2024-04-19,2024-04-29,0.0136757744232476,2024,2023-12-31,learned_order_extension,20260910,0.3831378513745901,0.3831378513745901,0,1
rolling5_annual20,3216,2024-04-26,2024-05-13,0.0172434956786644,2024,2023-12-31,learned_order_extension,20260910,0.37424697076859526,0.37424697076859526,0,1
rolling5_annual20,3223,2024-05-10,2024-05-20,0.0097933549988344,2024,2023-12-31,learned_order_extension,20260910,0.3903039016654425,0.3903039016654425,0,1
rolling5_annual20,3228,2024-05-17,2024-05-27,-0.0204803832637164,2024,2023-12-31,learned_order_extension,20260910,0.40843859964633433,0.40843859964633433,0,0
rolling5_annual20,3233,2024-05-24,2024-06-03,-0.0081155643048258,2024,2023-12-31,learned_order_extension,20260910,0.43309876347512,0.43309876347512,0,0
rolling5_annual20,3238,2024-05-31,2024-06-11,-0.0060267570121149,2024,2023-12-31,learned_order_extension,20260910,0.446586280617722,0.446586280617722,0,0
rolling5_annual20,3243,2024-06-07,2024-06-17,-0.0096686558937179,2024,2023-12-31,learned_order_extension,20260910,0.626798924605605,0.626798924605605,1,0
rolling5_annual20,3247,2024-06-14,2024-06-24,-0.013573992457631,2024,2023-12-31,learned_order_extension,20260910,0.7178883635744532,0.7178883635744532,1,0
rolling5_annual20,3252,2024-06-21,2024-07-01,-0.004427632109257,2024,2023-12-31,learned_order_extension,20260910,0.4529899421679954,0.4529899421679954,0,0
rolling5_annual20,3257,2024-06-28,2024-07-08,-0.0108320369203009,2024,2023-12-31,learned_order_extension,20260910,0.5695267559005048,0.5695267559005048,1,0
rolling5_annual20,3262,2024-07-05,2024-07-15,0.0122222871842843,2024,2023-12-31,learned_order_extension,20260910,0.5846151349808663,0.5846151349808663,1,1
rolling5_annual20,3267,2024-07-12,2024-07-22,0.0218881133018156,2024,2023-12-31,learned_order_extension,20260910,0.4936385751696033,0.4936385751696033,0,1
rolling5_annual20,3272,2024-07-19,2024-07-29,-0.0378787022382998,2024,2023-12-31,learned_order_extension,20260910,0.5296682623864001,0.5296682623864001,1,0
rolling5_annual20,3277,2024-07-26,2024-08-05,-0.0124134568216732,2024,2023-12-31,learned_order_extension,20260910,0.5342552376814222,0.5342552376814222,1,0
rolling5_annual20,3282,2024-08-02,2024-08-12,-0.0102762848330364,2024,2023-12-31,learned_order_extension,20260910,0.5292356219824177,0.5292356219824177,1,0
rolling5_annual20,3287,2024-08-09,2024-08-19,0.0050186923751938,2024,2023-12-31,learned_order_extension,20260910,0.5758956552207214,0.5758956552207214,1,1
rolling5_annual20,3292,2024-08-16,2024-08-26,-0.0040487282687352,2024,2023-12-31,learned_order_extension,20260910,0.3908604034072806,0.3908604034072806,0,0
rolling5_annual20,3297,2024-08-23,2024-09-02,-0.0069594562136714,2024,2023-12-31,learned_order_extension,20260910,0.2988950234639935,0.2988950234639935,0,0
rolling5_annual20,3302,2024-08-30,2024-09-09,-0.0280389655151561,2024,2023-12-31,learned_order_extension,20260910,0.2686520456873332,0.2686520456873332,0,0
rolling5_annual20,3307,2024-09-06,2024-09-18,-0.0174132138857783,2024,2023-12-31,learned_order_extension,20260910,0.28845699674235586,0.28845699674235586,0,0
rolling5_annual20,3312,2024-09-13,2024-09-24,0.0133119329369826,2024,2023-12-31,learned_order_extension,20260910,0.3306515596775702,0.3306515596775702,0,1
rolling5_annual20,3315,2024-09-20,2024-09-30,0.2017513988384409,2024,2023-12-31,learned_order_extension,20260910,0.3078891103773537,0.3078891103773537,0,1
rolling5_annual20,3320,2024-09-27,2024-10-14,0.0178259004588408,2024,2023-12-31,learned_order_extension,20260910,0.5428289525080278,0.5428289525080278,1,1
rolling5_annual20,3325,2024-10-11,2024-10-21,0.0080914993282625,2024,2023-12-31,learned_order_extension,20260910,0.5822023275306868,0.5822023275306868,1,1
rolling5_annual20,3330,2024-10-18,2024-10-28,0.0015733867085561,2024,2023-12-31,learned_order_extension,20260910,0.5714046015164417,0.5714046015164417,1,1
rolling5_annual20,3335,2024-10-25,2024-11-04,-0.0140142824257356,2024,2023-12-31,learned_order_extension,20260910,0.5699380979169686,0.5699380979169686,1,0
rolling5_annual20,3340,2024-11-01,2024-11-11,0.0434152361258277,2024,2023-12-31,learned_order_extension,20260910,0.5940299307722281,0.5940299307722281,1,1
rolling5_annual20,3345,2024-11-08,2024-11-18,-0.0208584853931589,2024,2023-12-31,learned_order_extension,20260910,0.411107283779769,0.411107283779769,0,0
rolling5_annual20,3350,2024-11-15,2024-11-25,-0.0267421712161923,2024,2023-12-31,learned_order_extension,20260910,0.39605543665647713,0.39605543665647713,0,0
rolling5_annual20,3355,2024-11-22,2024-12-02,0.0087960346887328,2024,2023-12-31,learned_order_extension,20260910,0.5115475257965196,0.5115475257965196,1,1
rolling5_annual20,3360,2024-11-29,2024-12-09,0.0155919891551781,2024,2023-12-31,learned_order_extension,20260910,0.5440391301685066,0.5440391301685066,1,1
rolling5_annual20,3365,2024-12-06,2024-12-16,-0.0100436703218104,2024,2023-12-31,learned_order_extension,20260910,0.49467283869914347,0.49467283869914347,0,0
rolling5_annual20,3370,2024-12-13,2024-12-23,-0.0006690784017421,2024,2023-12-31,learned_order_extension,20260910,0.41586894239738387,0.41586894239738387,0,0
rolling5_annual20,3375,2024-12-20,2024-12-30,0.0123595076562756,2024,2023-12-31,learned_order_extension,20260910,0.35397540001038474,0.35397540001038474,0,1
rolling5_annual20,3380,2024-12-27,2025-01-06,-0.0504714964669198,2024,2023-12-31,learned_order_extension,20260910,0.3176586272754358,0.3176586272754358,0,0
rolling5_annual20,3144,2024-01-05,2024-01-15,-0.0158038409563566,2024,2023-12-31,learned_order_offset,20260910,0.40294607271257427,0.40294607271257427,0,0
rolling5_annual20,3149,2024-01-12,2024-01-22,-0.002333261979756,2024,2023-12-31,learned_order_offset,20260910,0.45320010017286466,0.45320010017286466,0,0
rolling5_annual20,3154,2024-01-19,2024-01-29,0.0223511633823452,2024,2023-12-31,learned_order_offset,20260910,0.40698948981731453,0.40698948981731453,0,1
rolling5_annual20,3159,2024-01-26,2024-02-05,-0.0513103415192826,2024,2023-12-31,learned_order_offset,20260910,0.4180998926398431,0.4180998926398431,0,0
rolling5_annual20,3164,2024-02-02,2024-02-26,0.1015374891364462,2024,2023-12-31,learned_order_offset,20260910,0.662467427882048,0.662467427882048,1,1
rolling5_annual20,3173,2024-02-23,2024-03-04,0.0151569053862528,2024,2023-12-31,learned_order_offset,20260910,0.6495192030104356,0.6495192030104356,1,1
rolling5_annual20,3178,2024-03-01,2024-03-11,0.0021394031715169,2024,2023-12-31,learned_order_offset,20260910,0.5953483627631191,0.5953483627631191,1,1
rolling5_annual20,3183,2024-03-08,2024-03-18,0.0087762342284414,2024,2023-12-31,learned_order_offset,20260910,0.5813453143574694,0.5813453143574694,1,1
rolling5_annual20,3188,2024-03-15,2024-03-25,-0.0112802133595746,2024,2023-12-31,learned_order_offset,20260910,0.5629285714576356,0.5629285714576356,1,0
rolling5_annual20,3193,2024-03-22,2024-04-01,0.0042044725182444,2024,2023-12-31,learned_order_offset,20260910,0.4746800194029474,0.4746800194029474,0,1
rolling5_annual20,3198,2024-03-29,2024-04-15,-0.0219845815102011,2024,2023-12-31,learned_order_offset,20260910,0.4474975970181041,0.4474975970181041,0,0
rolling5_annual20,3206,2024-04-12,2024-04-22,0.018045199366633,2024,2023-12-31,learned_order_offset,20260910,0.38808228102297715,0.38808228102297715,0,1
rolling5_annual20,3211,2024-04-19,2024-04-29,0.0136757744232476,2024,2023-12-31,learned_order_offset,20260910,0.3836585040753394,0.3836585040753394,0,1
rolling5_annual20,3216,2024-04-26,2024-05-13,0.0172434956786644,2024,2023-12-31,learned_order_offset,20260910,0.3751323735259505,0.3751323735259505,0,1
rolling5_annual20,3223,2024-05-10,2024-05-20,0.0097933549988344,2024,2023-12-31,learned_order_offset,20260910,0.39075291038896165,0.39075291038896165,0,1
rolling5_annual20,3228,2024-05-17,2024-05-27,-0.0204803832637164,2024,2023-12-31,learned_order_offset,20260910,0.4087832887536437,0.4087832887536437,0,0
rolling5_annual20,3233,2024-05-24,2024-06-03,-0.0081155643048258,2024,2023-12-31,learned_order_offset,20260910,0.4331137649724263,0.4331137649724263,0,0
rolling5_annual20,3238,2024-05-31,2024-06-11,-0.0060267570121149,2024,2023-12-31,learned_order_offset,20260910,0.44619955765953745,0.44619955765953745,0,0
rolling5_annual20,3243,2024-06-07,2024-06-17,-0.0096686558937179,2024,2023-12-31,learned_order_offset,20260910,0.6254437339879714,0.6254437339879714,1,0
rolling5_annual20,3247,2024-06-14,2024-06-24,-0.013573992457631,2024,2023-12-31,learned_order_offset,20260910,0.71648459870885,0.71648459870885,1,0
rolling5_annual20,3252,2024-06-21,2024-07-01,-0.004427632109257,2024,2023-12-31,learned_order_offset,20260910,0.4526436242684473,0.4526436242684473,0,0
rolling5_annual20,3257,2024-06-28,2024-07-08,-0.0108320369203009,2024,2023-12-31,learned_order_offset,20260910,0.5689843527024087,0.5689843527024087,1,0
rolling5_annual20,3262,2024-07-05,2024-07-15,0.0122222871842843,2024,2023-12-31,learned_order_offset,20260910,0.5842448716823806,0.5842448716823806,1,1
rolling5_annual20,3267,2024-07-12,2024-07-22,0.0218881133018156,2024,2023-12-31,learned_order_offset,20260910,0.4936392396364766,0.4936392396364766,0,1
rolling5_annual20,3272,2024-07-19,2024-07-29,-0.0378787022382998,2024,2023-12-31,learned_order_offset,20260910,0.5295267723966676,0.5295267723966676,1,0
rolling5_annual20,3277,2024-07-26,2024-08-05,-0.0124134568216732,2024,2023-12-31,learned_order_offset,20260910,0.534747071252778,0.534747071252778,1,0
rolling5_annual20,3282,2024-08-02,2024-08-12,-0.0102762848330364,2024,2023-12-31,learned_order_offset,20260910,0.5292954801203056,0.5292954801203056,1,0
rolling5_annual20,3287,2024-08-09,2024-08-19,0.0050186923751938,2024,2023-12-31,learned_order_offset,20260910,0.5750745514649787,0.5750745514649787,1,1
rolling5_annual20,3292,2024-08-16,2024-08-26,-0.0040487282687352,2024,2023-12-31,learned_order_offset,20260910,0.39186360794620234,0.39186360794620234,0,0
rolling5_annual20,3297,2024-08-23,2024-09-02,-0.0069594562136714,2024,2023-12-31,learned_order_offset,20260910,0.30043221421652405,0.30043221421652405,0,0
rolling5_annual20,3302,2024-08-30,2024-09-09,-0.0280389655151561,2024,2023-12-31,learned_order_offset,20260910,0.2705414281447007,0.2705414281447007,0,0
rolling5_annual20,3307,2024-09-06,2024-09-18,-0.0174132138857783,2024,2023-12-31,learned_order_offset,20260910,0.2898359177118046,0.2898359177118046,0,0
rolling5_annual20,3312,2024-09-13,2024-09-24,0.0133119329369826,2024,2023-12-31,learned_order_offset,20260910,0.33145087529619405,0.33145087529619405,0,1
rolling5_annual20,3315,2024-09-20,2024-09-30,0.2017513988384409,2024,2023-12-31,learned_order_offset,20260910,0.30890371440648795,0.30890371440648795,0,1
rolling5_annual20,3320,2024-09-27,2024-10-14,0.0178259004588408,2024,2023-12-31,learned_order_offset,20260910,0.5430894109936676,0.5430894109936676,1,1
rolling5_annual20,3325,2024-10-11,2024-10-21,0.0080914993282625,2024,2023-12-31,learned_order_offset,20260910,0.5826381124149342,0.5826381124149342,1,1
rolling5_annual20,3330,2024-10-18,2024-10-28,0.0015733867085561,2024,2023-12-31,learned_order_offset,20260910,0.5719329439518137,0.5719329439518137,1,1
rolling5_annual20,3335,2024-10-25,2024-11-04,-0.0140142824257356,2024,2023-12-31,learned_order_offset,20260910,0.5699230458006388,0.5699230458006388,1,0
rolling5_annual20,3340,2024-11-01,2024-11-11,0.0434152361258277,2024,2023-12-31,learned_order_offset,20260910,0.5943872844245232,0.5943872844245232,1,1
rolling5_annual20,3345,2024-11-08,2024-11-18,-0.0208584853931589,2024,2023-12-31,learned_order_offset,20260910,0.4117587061424781,0.4117587061424781,0,0
rolling5_annual20,3350,2024-11-15,2024-11-25,-0.0267421712161923,2024,2023-12-31,learned_order_offset,20260910,0.39692557218174884,0.39692557218174884,0,0
rolling5_annual20,3355,2024-11-22,2024-12-02,0.0087960346887328,2024,2023-12-31,learned_order_offset,20260910,0.5105432513675927,0.5105432513675927,1,1
rolling5_annual20,3360,2024-11-29,2024-12-09,0.0155919891551781,2024,2023-12-31,learned_order_offset,20260910,0.5431521172921228,0.5431521172921228,1,1
rolling5_annual20,3365,2024-12-06,2024-12-16,-0.0100436703218104,2024,2023-12-31,learned_order_offset,20260910,0.4931973928594116,0.4931973928594116,0,0
rolling5_annual20,3370,2024-12-13,2024-12-23,-0.0006690784017421,2024,2023-12-31,learned_order_offset,20260910,0.4157930804208651,0.4157930804208651,0,0
rolling5_annual20,3375,2024-12-20,2024-12-30,0.0123595076562756,2024,2023-12-31,learned_order_offset,20260910,0.35365572271165413,0.35365572271165413,0,1
rolling5_annual20,3380,2024-12-27,2025-01-06,-0.0504714964669198,2024,2023-12-31,learned_order_offset,20260910,0.3182149884773887,0.3182149884773887,0,0
rolling5_annual20,3144,2024-01-05,2024-01-15,-0.0158038409563566,2024,2023-12-31,native_mse,20260910,0.000251131835275678,,1,0
rolling5_annual20,3149,2024-01-12,2024-01-22,-0.002333261979756,2024,2023-12-31,native_mse,20260910,0.0007362057214049004,,1,0
rolling5_annual20,3154,2024-01-19,2024-01-29,0.0223511633823452,2024,2023-12-31,native_mse,20260910,-0.00023540604600351487,,0,1
rolling5_annual20,3159,2024-01-26,2024-02-05,-0.0513103415192826,2024,2023-12-31,native_mse,20260910,-0.001531436704987099,,0,0
rolling5_annual20,3164,2024-02-02,2024-02-26,0.1015374891364462,2024,2023-12-31,native_mse,20260910,0.004796229141878599,,1,1
rolling5_annual20,3173,2024-02-23,2024-03-04,0.0151569053862528,2024,2023-12-31,native_mse,20260910,0.005981439448417525,,1,1
rolling5_annual20,3178,2024-03-01,2024-03-11,0.0021394031715169,2024,2023-12-31,native_mse,20260910,0.002923079585146593,,1,1
rolling5_annual20,3183,2024-03-08,2024-03-18,0.0087762342284414,2024,2023-12-31,native_mse,20260910,0.004534858645957669,,1,1
rolling5_annual20,3188,2024-03-15,2024-03-25,-0.0112802133595746,2024,2023-12-31,native_mse,20260910,0.004141952477981538,,1,0
rolling5_annual20,3193,2024-03-22,2024-04-01,0.0042044725182444,2024,2023-12-31,native_mse,20260910,0.0018727898596620025,,1,1
rolling5_annual20,3198,2024-03-29,2024-04-15,-0.0219845815102011,2024,2023-12-31,native_mse,20260910,0.0003645787473085561,,1,0
rolling5_annual20,3206,2024-04-12,2024-04-22,0.018045199366633,2024,2023-12-31,native_mse,20260910,-0.00021832918624461518,,0,1
rolling5_annual20,3211,2024-04-19,2024-04-29,0.0136757744232476,2024,2023-12-31,native_mse,20260910,0.0005323002819172812,,1,1
rolling5_annual20,3216,2024-04-26,2024-05-13,0.0172434956786644,2024,2023-12-31,native_mse,20260910,-0.00014728683736751251,,0,1
rolling5_annual20,3223,2024-05-10,2024-05-20,0.0097933549988344,2024,2023-12-31,native_mse,20260910,0.0004133340837300701,,1,1
rolling5_annual20,3228,2024-05-17,2024-05-27,-0.0204803832637164,2024,2023-12-31,native_mse,20260910,0.0036262081384896457,,1,0
rolling5_annual20,3233,2024-05-24,2024-06-03,-0.0081155643048258,2024,2023-12-31,native_mse,20260910,0.0049904247327292855,,1,0
rolling5_annual20,3238,2024-05-31,2024-06-11,-0.0060267570121149,2024,2023-12-31,native_mse,20260910,0.0040244113389711345,,1,0
rolling5_annual20,3243,2024-06-07,2024-06-17,-0.0096686558937179,2024,2023-12-31,native_mse,20260910,0.008609928356971403,,1,0
rolling5_annual20,3247,2024-06-14,2024-06-24,-0.013573992457631,2024,2023-12-31,native_mse,20260910,0.008961501129694911,,1,0
rolling5_annual20,3252,2024-06-21,2024-07-01,-0.004427632109257,2024,2023-12-31,native_mse,20260910,0.0009177608055072099,,1,0
rolling5_annual20,3257,2024-06-28,2024-07-08,-0.0108320369203009,2024,2023-12-31,native_mse,20260910,0.0030020981914033497,,1,0
rolling5_annual20,3262,2024-07-05,2024-07-15,0.0122222871842843,2024,2023-12-31,native_mse,20260910,0.00336049012064386,,1,1
rolling5_annual20,3267,2024-07-12,2024-07-22,0.0218881133018156,2024,2023-12-31,native_mse,20260910,-0.0006421845267103974,,0,1
rolling5_annual20,3272,2024-07-19,2024-07-29,-0.0378787022382998,2024,2023-12-31,native_mse,20260910,0.0004540341648428114,,1,0
rolling5_annual20,3277,2024-07-26,2024-08-05,-0.0124134568216732,2024,2023-12-31,native_mse,20260910,0.0013231998081271626,,1,0
rolling5_annual20,3282,2024-08-02,2024-08-12,-0.0102762848330364,2024,2023-12-31,native_mse,20260910,0.001303372172405589,,1,0
rolling5_annual20,3287,2024-08-09,2024-08-19,0.0050186923751938,2024,2023-12-31,native_mse,20260910,0.00011119162293128984,,1,1
rolling5_annual20,3292,2024-08-16,2024-08-26,-0.0040487282687352,2024,2023-12-31,native_mse,20260910,0.0014903087569155989,,1,0
rolling5_annual20,3297,2024-08-23,2024-09-02,-0.0069594562136714,2024,2023-12-31,native_mse,20260910,-0.0030751570665977007,,0,0
rolling5_annual20,3302,2024-08-30,2024-09-09,-0.0280389655151561,2024,2023-12-31,native_mse,20260910,-0.003508085985855703,,0,0
rolling5_annual20,3307,2024-09-06,2024-09-18,-0.0174132138857783,2024,2023-12-31,native_mse,20260910,-0.0025693655960970898,,0,0
rolling5_annual20,3312,2024-09-13,2024-09-24,0.0133119329369826,2024,2023-12-31,native_mse,20260910,0.00017194356388446877,,1,1
rolling5_annual20,3315,2024-09-20,2024-09-30,0.2017513988384409,2024,2023-12-31,native_mse,20260910,0.0007791555801138394,,1,1
rolling5_annual20,3320,2024-09-27,2024-10-14,0.0178259004588408,2024,2023-12-31,native_mse,20260910,0.0007616530796663938,,1,1
rolling5_annual20,3325,2024-10-11,2024-10-21,0.0080914993282625,2024,2023-12-31,native_mse,20260910,-0.0026429925872939004,,0,1
rolling5_annual20,3330,2024-10-18,2024-10-28,0.0015733867085561,2024,2023-12-31,native_mse,20260910,-0.004083051697418182,,0,1
rolling5_annual20,3335,2024-10-25,2024-11-04,-0.0140142824257356,2024,2023-12-31,native_mse,20260910,-0.003618447449131282,,0,0
rolling5_annual20,3340,2024-11-01,2024-11-11,0.0434152361258277,2024,2023-12-31,native_mse,20260910,-0.0042863223001300965,,0,1
rolling5_annual20,3345,2024-11-08,2024-11-18,-0.0208584853931589,2024,2023-12-31,native_mse,20260910,-0.0028591792362593097,,0,0
rolling5_annual20,3350,2024-11-15,2024-11-25,-0.0267421712161923,2024,2023-12-31,native_mse,20260910,-0.0017028092388012967,,0,0
rolling5_annual20,3355,2024-11-22,2024-12-02,0.0087960346887328,2024,2023-12-31,native_mse,20260910,-0.0009456406767515755,,0,1
rolling5_annual20,3360,2024-11-29,2024-12-09,0.0155919891551781,2024,2023-12-31,native_mse,20260910,-0.0002599534945060551,,0,1
rolling5_annual20,3365,2024-12-06,2024-12-16,-0.0100436703218104,2024,2023-12-31,native_mse,20260910,0.0007542474780432574,,1,0
rolling5_annual20,3370,2024-12-13,2024-12-23,-0.0006690784017421,2024,2023-12-31,native_mse,20260910,-0.0007125951992407705,,0,0
rolling5_annual20,3375,2024-12-20,2024-12-30,0.0123595076562756,2024,2023-12-31,native_mse,20260910,-0.0012475930255920083,,0,1
rolling5_annual20,3380,2024-12-27,2025-01-06,-0.0504714964669198,2024,2023-12-31,native_mse,20260910,-0.00024548952899875387,,0,0
rolling5_annual20,3144,2024-01-05,2024-01-15,-0.0158038409563566,2024,2023-12-31,training_frequency,-1,0.5024834437086093,0.5024834437086093,1,0
rolling5_annual20,3149,2024-01-12,2024-01-22,-0.002333261979756,2024,2023-12-31,training_frequency,-1,0.5024834437086093,0.5024834437086093,1,0
rolling5_annual20,3154,2024-01-19,2024-01-29,0.0223511633823452,2024,2023-12-31,training_frequency,-1,0.5024834437086093,0.5024834437086093,1,1
rolling5_annual20,3159,2024-01-26,2024-02-05,-0.0513103415192826,2024,2023-12-31,training_frequency,-1,0.5024834437086093,0.5024834437086093,1,0
rolling5_annual20,3164,2024-02-02,2024-02-26,0.1015374891364462,2024,2023-12-31,training_frequency,-1,0.5024834437086093,0.5024834437086093,1,1
rolling5_annual20,3173,2024-02-23,2024-03-04,0.0151569053862528,2024,2023-12-31,training_frequency,-1,0.5024834437086093,0.5024834437086093,1,1
rolling5_annual20,3178,2024-03-01,2024-03-11,0.0021394031715169,2024,2023-12-31,training_frequency,-1,0.5024834437086093,0.5024834437086093,1,1
rolling5_annual20,3183,2024-03-08,2024-03-18,0.0087762342284414,2024,2023-12-31,training_frequency,-1,0.5024834437086093,0.5024834437086093,1,1
rolling5_annual20,3188,2024-03-15,2024-03-25,-0.0112802133595746,2024,2023-12-31,training_frequency,-1,0.5024834437086093,0.5024834437086093,1,0
rolling5_annual20,3193,2024-03-22,2024-04-01,0.0042044725182444,2024,2023-12-31,training_frequency,-1,0.5024834437086093,0.5024834437086093,1,1
rolling5_annual20,3198,2024-03-29,2024-04-15,-0.0219845815102011,2024,2023-12-31,training_frequency,-1,0.5024834437086093,0.5024834437086093,1,0
rolling5_annual20,3206,2024-04-12,2024-04-22,0.018045199366633,2024,2023-12-31,training_frequency,-1,0.5024834437086093,0.5024834437086093,1,1
rolling5_annual20,3211,2024-04-19,2024-04-29,0.0136757744232476,2024,2023-12-31,training_frequency,-1,0.5024834437086093,0.5024834437086093,1,1
rolling5_annual20,3216,2024-04-26,2024-05-13,0.0172434956786644,2024,2023-12-31,training_frequency,-1,0.5024834437086093,0.5024834437086093,1,1
rolling5_annual20,3223,2024-05-10,2024-05-20,0.0097933549988344,2024,2023-12-31,training_frequency,-1,0.5024834437086093,0.5024834437086093,1,1
rolling5_annual20,3228,2024-05-17,2024-05-27,-0.0204803832637164,2024,2023-12-31,training_frequency,-1,0.5024834437086093,0.5024834437086093,1,0
rolling5_annual20,3233,2024-05-24,2024-06-03,-0.0081155643048258,2024,2023-12-31,training_frequency,-1,0.5024834437086093,0.5024834437086093,1,0
rolling5_annual20,3238,2024-05-31,2024-06-11,-0.0060267570121149,2024,2023-12-31,training_frequency,-1,0.5024834437086093,0.5024834437086093,1,0
rolling5_annual20,3243,2024-06-07,2024-06-17,-0.0096686558937179,2024,2023-12-31,training_frequency,-1,0.5024834437086093,0.5024834437086093,1,0
rolling5_annual20,3247,2024-06-14,2024-06-24,-0.013573992457631,2024,2023-12-31,training_frequency,-1,0.5024834437086093,0.5024834437086093,1,0
rolling5_annual20,3252,2024-06-21,2024-07-01,-0.004427632109257,2024,2023-12-31,training_frequency,-1,0.5024834437086093,0.5024834437086093,1,0
rolling5_annual20,3257,2024-06-28,2024-07-08,-0.0108320369203009,2024,2023-12-31,training_frequency,-1,0.5024834437086093,0.5024834437086093,1,0
rolling5_annual20,3262,2024-07-05,2024-07-15,0.0122222871842843,2024,2023-12-31,training_frequency,-1,0.5024834437086093,0.5024834437086093,1,1
rolling5_annual20,3267,2024-07-12,2024-07-22,0.0218881133018156,2024,2023-12-31,training_frequency,-1,0.5024834437086093,0.5024834437086093,1,1
rolling5_annual20,3272,2024-07-19,2024-07-29,-0.0378787022382998,2024,2023-12-31,training_frequency,-1,0.5024834437086093,0.5024834437086093,1,0
rolling5_annual20,3277,2024-07-26,2024-08-05,-0.0124134568216732,2024,2023-12-31,training_frequency,-1,0.5024834437086093,0.5024834437086093,1,0
rolling5_annual20,3282,2024-08-02,2024-08-12,-0.0102762848330364,2024,2023-12-31,training_frequency,-1,0.5024834437086093,0.5024834437086093,1,0
rolling5_annual20,3287,2024-08-09,2024-08-19,0.0050186923751938,2024,2023-12-31,training_frequency,-1,0.5024834437086093,0.5024834437086093,1,1
rolling5_annual20,3292,2024-08-16,2024-08-26,-0.0040487282687352,2024,2023-12-31,training_frequency,-1,0.5024834437086093,0.5024834437086093,1,0
rolling5_annual20,3297,2024-08-23,2024-09-02,-0.0069594562136714,2024,2023-12-31,training_frequency,-1,0.5024834437086093,0.5024834437086093,1,0
rolling5_annual20,3302,2024-08-30,2024-09-09,-0.0280389655151561,2024,2023-12-31,training_frequency,-1,0.5024834437086093,0.5024834437086093,1,0
rolling5_annual20,3307,2024-09-06,2024-09-18,-0.0174132138857783,2024,2023-12-31,training_frequency,-1,0.5024834437086093,0.5024834437086093,1,0
rolling5_annual20,3312,2024-09-13,2024-09-24,0.0133119329369826,2024,2023-12-31,training_frequency,-1,0.5024834437086093,0.5024834437086093,1,1
rolling5_annual20,3315,2024-09-20,2024-09-30,0.2017513988384409,2024,2023-12-31,training_frequency,-1,0.5024834437086093,0.5024834437086093,1,1
rolling5_annual20,3320,2024-09-27,2024-10-14,0.0178259004588408,2024,2023-12-31,training_frequency,-1,0.5024834437086093,0.5024834437086093,1,1
rolling5_annual20,3325,2024-10-11,2024-10-21,0.0080914993282625,2024,2023-12-31,training_frequency,-1,0.5024834437086093,0.5024834437086093,1,1
rolling5_annual20,3330,2024-10-18,2024-10-28,0.0015733867085561,2024,2023-12-31,training_frequency,-1,0.5024834437086093,0.5024834437086093,1,1
rolling5_annual20,3335,2024-10-25,2024-11-04,-0.0140142824257356,2024,2023-12-31,training_frequency,-1,0.5024834437086093,0.5024834437086093,1,0
rolling5_annual20,3340,2024-11-01,2024-11-11,0.0434152361258277,2024,2023-12-31,training_frequency,-1,0.5024834437086093,0.5024834437086093,1,1
rolling5_annual20,3345,2024-11-08,2024-11-18,-0.0208584853931589,2024,2023-12-31,training_frequency,-1,0.5024834437086093,0.5024834437086093,1,0
rolling5_annual20,3350,2024-11-15,2024-11-25,-0.0267421712161923,2024,2023-12-31,training_frequency,-1,0.5024834437086093,0.5024834437086093,1,0
rolling5_annual20,3355,2024-11-22,2024-12-02,0.0087960346887328,2024,2023-12-31,training_frequency,-1,0.5024834437086093,0.5024834437086093,1,1
rolling5_annual20,3360,2024-11-29,2024-12-09,0.0155919891551781,2024,2023-12-31,training_frequency,-1,0.5024834437086093,0.5024834437086093,1,1
rolling5_annual20,3365,2024-12-06,2024-12-16,-0.0100436703218104,2024,2023-12-31,training_frequency,-1,0.5024834437086093,0.5024834437086093,1,0
rolling5_annual20,3370,2024-12-13,2024-12-23,-0.0006690784017421,2024,2023-12-31,training_frequency,-1,0.5024834437086093,0.5024834437086093,1,0
rolling5_annual20,3375,2024-12-20,2024-12-30,0.0123595076562756,2024,2023-12-31,training_frequency,-1,0.5024834437086093,0.5024834437086093,1,1
rolling5_annual20,3380,2024-12-27,2025-01-06,-0.0504714964669198,2024,2023-12-31,training_frequency,-1,0.5024834437086093,0.5024834437086093,1,0
rolling5_annual20,3144,2024-01-05,2024-01-15,-0.0158038409563566,2024,2023-12-31,learned_market,20260911,0.5054381986976906,0.5054381986976906,1,0
rolling5_annual20,3149,2024-01-12,2024-01-22,-0.002333261979756,2024,2023-12-31,learned_market,20260911,0.5344404908323787,0.5344404908323787,1,0
rolling5_annual20,3154,2024-01-19,2024-01-29,0.0223511633823452,2024,2023-12-31,learned_market,20260911,0.6056082203678326,0.6056082203678326,1,1
rolling5_annual20,3159,2024-01-26,2024-02-05,-0.0513103415192826,2024,2023-12-31,learned_market,20260911,0.536236284491504,0.536236284491504,1,0
rolling5_annual20,3164,2024-02-02,2024-02-26,0.1015374891364462,2024,2023-12-31,learned_market,20260911,0.5342416496354764,0.5342416496354764,1,1
rolling5_annual20,3173,2024-02-23,2024-03-04,0.0151569053862528,2024,2023-12-31,learned_market,20260911,0.636064859077555,0.636064859077555,1,1
rolling5_annual20,3178,2024-03-01,2024-03-11,0.0021394031715169,2024,2023-12-31,learned_market,20260911,0.5744958412225454,0.5744958412225454,1,1
rolling5_annual20,3183,2024-03-08,2024-03-18,0.0087762342284414,2024,2023-12-31,learned_market,20260911,0.6235376359173743,0.6235376359173743,1,1
rolling5_annual20,3188,2024-03-15,2024-03-25,-0.0112802133595746,2024,2023-12-31,learned_market,20260911,0.5250838960153138,0.5250838960153138,1,0
rolling5_annual20,3193,2024-03-22,2024-04-01,0.0042044725182444,2024,2023-12-31,learned_market,20260911,0.5710939352608271,0.5710939352608271,1,1
rolling5_annual20,3198,2024-03-29,2024-04-15,-0.0219845815102011,2024,2023-12-31,learned_market,20260911,0.3834197760468657,0.3834197760468657,0,0
rolling5_annual20,3206,2024-04-12,2024-04-22,0.018045199366633,2024,2023-12-31,learned_market,20260911,0.4010137779932345,0.4010137779932345,0,1
rolling5_annual20,3211,2024-04-19,2024-04-29,0.0136757744232476,2024,2023-12-31,learned_market,20260911,0.6881239388416772,0.6881239388416772,1,1
rolling5_annual20,3216,2024-04-26,2024-05-13,0.0172434956786644,2024,2023-12-31,learned_market,20260911,0.7017626392504613,0.7017626392504613,1,1
rolling5_annual20,3223,2024-05-10,2024-05-20,0.0097933549988344,2024,2023-12-31,learned_market,20260911,0.34643372246634235,0.34643372246634235,0,1
rolling5_annual20,3228,2024-05-17,2024-05-27,-0.0204803832637164,2024,2023-12-31,learned_market,20260911,0.4431227189539159,0.4431227189539159,0,0
rolling5_annual20,3233,2024-05-24,2024-06-03,-0.0081155643048258,2024,2023-12-31,learned_market,20260911,0.37604335071722716,0.37604335071722716,0,0
rolling5_annual20,3238,2024-05-31,2024-06-11,-0.0060267570121149,2024,2023-12-31,learned_market,20260911,0.4623695985721365,0.4623695985721365,0,0
rolling5_annual20,3243,2024-06-07,2024-06-17,-0.0096686558937179,2024,2023-12-31,learned_market,20260911,0.4582644121723416,0.4582644121723416,0,0
rolling5_annual20,3247,2024-06-14,2024-06-24,-0.013573992457631,2024,2023-12-31,learned_market,20260911,0.547653314525006,0.547653314525006,1,0
rolling5_annual20,3252,2024-06-21,2024-07-01,-0.004427632109257,2024,2023-12-31,learned_market,20260911,0.47189161681005365,0.47189161681005365,0,0
rolling5_annual20,3257,2024-06-28,2024-07-08,-0.0108320369203009,2024,2023-12-31,learned_market,20260911,0.5123469688343429,0.5123469688343429,1,0
rolling5_annual20,3262,2024-07-05,2024-07-15,0.0122222871842843,2024,2023-12-31,learned_market,20260911,0.45126286241747676,0.45126286241747676,0,1
rolling5_annual20,3267,2024-07-12,2024-07-22,0.0218881133018156,2024,2023-12-31,learned_market,20260911,0.5332769498693494,0.5332769498693494,1,1
rolling5_annual20,3272,2024-07-19,2024-07-29,-0.0378787022382998,2024,2023-12-31,learned_market,20260911,0.40748796116344355,0.40748796116344355,0,0
rolling5_annual20,3277,2024-07-26,2024-08-05,-0.0124134568216732,2024,2023-12-31,learned_market,20260911,0.478355530473102,0.478355530473102,0,0
rolling5_annual20,3282,2024-08-02,2024-08-12,-0.0102762848330364,2024,2023-12-31,learned_market,20260911,0.3834188816798506,0.3834188816798506,0,0
rolling5_annual20,3287,2024-08-09,2024-08-19,0.0050186923751938,2024,2023-12-31,learned_market,20260911,0.42469973553977347,0.42469973553977347,0,1
rolling5_annual20,3292,2024-08-16,2024-08-26,-0.0040487282687352,2024,2023-12-31,learned_market,20260911,0.29687018071515625,0.29687018071515625,0,0
rolling5_annual20,3297,2024-08-23,2024-09-02,-0.0069594562136714,2024,2023-12-31,learned_market,20260911,0.34723831026140495,0.34723831026140495,0,0
rolling5_annual20,3302,2024-08-30,2024-09-09,-0.0280389655151561,2024,2023-12-31,learned_market,20260911,0.338131357699674,0.338131357699674,0,0
rolling5_annual20,3307,2024-09-06,2024-09-18,-0.0174132138857783,2024,2023-12-31,learned_market,20260911,0.3981701161949381,0.3981701161949381,0,0
rolling5_annual20,3312,2024-09-13,2024-09-24,0.0133119329369826,2024,2023-12-31,learned_market,20260911,0.4602703023881774,0.4602703023881774,0,1
rolling5_annual20,3315,2024-09-20,2024-09-30,0.2017513988384409,2024,2023-12-31,learned_market,20260911,0.48844687615774224,0.48844687615774224,0,1
rolling5_annual20,3320,2024-09-27,2024-10-14,0.0178259004588408,2024,2023-12-31,learned_market,20260911,0.6935862325010999,0.6935862325010999,1,1
rolling5_annual20,3325,2024-10-11,2024-10-21,0.0080914993282625,2024,2023-12-31,learned_market,20260911,0.7037035552786773,0.7037035552786773,1,1
rolling5_annual20,3330,2024-10-18,2024-10-28,0.0015733867085561,2024,2023-12-31,learned_market,20260911,0.6276974127279125,0.6276974127279125,1,1
rolling5_annual20,3335,2024-10-25,2024-11-04,-0.0140142824257356,2024,2023-12-31,learned_market,20260911,0.45809633325380006,0.45809633325380006,0,0
rolling5_annual20,3340,2024-11-01,2024-11-11,0.0434152361258277,2024,2023-12-31,learned_market,20260911,0.4000970572378428,0.4000970572378428,0,1
rolling5_annual20,3345,2024-11-08,2024-11-18,-0.0208584853931589,2024,2023-12-31,learned_market,20260911,0.40593736915879713,0.40593736915879713,0,0
rolling5_annual20,3350,2024-11-15,2024-11-25,-0.0267421712161923,2024,2023-12-31,learned_market,20260911,0.455730074665633,0.455730074665633,0,0
rolling5_annual20,3355,2024-11-22,2024-12-02,0.0087960346887328,2024,2023-12-31,learned_market,20260911,0.3896395612224614,0.3896395612224614,0,1
rolling5_annual20,3360,2024-11-29,2024-12-09,0.0155919891551781,2024,2023-12-31,learned_market,20260911,0.5648004239815676,0.5648004239815676,1,1
rolling5_annual20,3365,2024-12-06,2024-12-16,-0.0100436703218104,2024,2023-12-31,learned_market,20260911,0.4339892041348209,0.4339892041348209,0,0
rolling5_annual20,3370,2024-12-13,2024-12-23,-0.0006690784017421,2024,2023-12-31,learned_market,20260911,0.31485157623264104,0.31485157623264104,0,0
rolling5_annual20,3375,2024-12-20,2024-12-30,0.0123595076562756,2024,2023-12-31,learned_market,20260911,0.30917200008354345,0.30917200008354345,0,1
rolling5_annual20,3380,2024-12-27,2025-01-06,-0.0504714964669198,2024,2023-12-31,learned_market,20260911,0.5719698356929027,0.5719698356929027,1,0
rolling5_annual20,3144,2024-01-05,2024-01-15,-0.0158038409563566,2024,2023-12-31,learned_vol_interaction,20260911,0.5055907048902185,0.5055907048902185,1,0
rolling5_annual20,3149,2024-01-12,2024-01-22,-0.002333261979756,2024,2023-12-31,learned_vol_interaction,20260911,0.5345697430715253,0.5345697430715253,1,0
rolling5_annual20,3154,2024-01-19,2024-01-29,0.0223511633823452,2024,2023-12-31,learned_vol_interaction,20260911,0.6057144516952688,0.6057144516952688,1,1
rolling5_annual20,3159,2024-01-26,2024-02-05,-0.0513103415192826,2024,2023-12-31,learned_vol_interaction,20260911,0.5360497014286747,0.5360497014286747,1,0
rolling5_annual20,3164,2024-02-02,2024-02-26,0.1015374891364462,2024,2023-12-31,learned_vol_interaction,20260911,0.5340699292580867,0.5340699292580867,1,1
rolling5_annual20,3173,2024-02-23,2024-03-04,0.0151569053862528,2024,2023-12-31,learned_vol_interaction,20260911,0.635598842460853,0.635598842460853,1,1
rolling5_annual20,3178,2024-03-01,2024-03-11,0.0021394031715169,2024,2023-12-31,learned_vol_interaction,20260911,0.5740233508322927,0.5740233508322927,1,1
rolling5_annual20,3183,2024-03-08,2024-03-18,0.0087762342284414,2024,2023-12-31,learned_vol_interaction,20260911,0.6228491427098055,0.6228491427098055,1,1
rolling5_annual20,3188,2024-03-15,2024-03-25,-0.0112802133595746,2024,2023-12-31,learned_vol_interaction,20260911,0.5244855050624243,0.5244855050624243,1,0
rolling5_annual20,3193,2024-03-22,2024-04-01,0.0042044725182444,2024,2023-12-31,learned_vol_interaction,20260911,0.5705279783235351,0.5705279783235351,1,1
rolling5_annual20,3198,2024-03-29,2024-04-15,-0.0219845815102011,2024,2023-12-31,learned_vol_interaction,20260911,0.38271605688876176,0.38271605688876176,0,0
rolling5_annual20,3206,2024-04-12,2024-04-22,0.018045199366633,2024,2023-12-31,learned_vol_interaction,20260911,0.4005671244257861,0.4005671244257861,0,1
rolling5_annual20,3211,2024-04-19,2024-04-29,0.0136757744232476,2024,2023-12-31,learned_vol_interaction,20260911,0.6887193746097363,0.6887193746097363,1,1
rolling5_annual20,3216,2024-04-26,2024-05-13,0.0172434956786644,2024,2023-12-31,learned_vol_interaction,20260911,0.7022970676469774,0.7022970676469774,1,1
rolling5_annual20,3223,2024-05-10,2024-05-20,0.0097933549988344,2024,2023-12-31,learned_vol_interaction,20260911,0.3455594321474703,0.3455594321474703,0,1
rolling5_annual20,3228,2024-05-17,2024-05-27,-0.0204803832637164,2024,2023-12-31,learned_vol_interaction,20260911,0.44349832999365935,0.44349832999365935,0,0
rolling5_annual20,3233,2024-05-24,2024-06-03,-0.0081155643048258,2024,2023-12-31,learned_vol_interaction,20260911,0.37584176621168797,0.37584176621168797,0,0
rolling5_annual20,3238,2024-05-31,2024-06-11,-0.0060267570121149,2024,2023-12-31,learned_vol_interaction,20260911,0.462679170258509,0.462679170258509,0,0
rolling5_annual20,3243,2024-06-07,2024-06-17,-0.0096686558937179,2024,2023-12-31,learned_vol_interaction,20260911,0.45791502581125104,0.45791502581125104,0,0
rolling5_annual20,3247,2024-06-14,2024-06-24,-0.013573992457631,2024,2023-12-31,learned_vol_interaction,20260911,0.5487064397258339,0.5487064397258339,1,0
rolling5_annual20,3252,2024-06-21,2024-07-01,-0.004427632109257,2024,2023-12-31,learned_vol_interaction,20260911,0.4727875387503036,0.4727875387503036,0,0
rolling5_annual20,3257,2024-06-28,2024-07-08,-0.0108320369203009,2024,2023-12-31,learned_vol_interaction,20260911,0.5132044653177142,0.5132044653177142,1,0
rolling5_annual20,3262,2024-07-05,2024-07-15,0.0122222871842843,2024,2023-12-31,learned_vol_interaction,20260911,0.4522611437941403,0.4522611437941403,0,1
rolling5_annual20,3267,2024-07-12,2024-07-22,0.0218881133018156,2024,2023-12-31,learned_vol_interaction,20260911,0.534956256393257,0.534956256393257,1,1
rolling5_annual20,3272,2024-07-19,2024-07-29,-0.0378787022382998,2024,2023-12-31,learned_vol_interaction,20260911,0.40803032188098237,0.40803032188098237,0,0
rolling5_annual20,3277,2024-07-26,2024-08-05,-0.0124134568216732,2024,2023-12-31,learned_vol_interaction,20260911,0.47904891822544815,0.47904891822544815,0,0
rolling5_annual20,3282,2024-08-02,2024-08-12,-0.0102762848330364,2024,2023-12-31,learned_vol_interaction,20260911,0.3835304997712279,0.3835304997712279,0,0
rolling5_annual20,3287,2024-08-09,2024-08-19,0.0050186923751938,2024,2023-12-31,learned_vol_interaction,20260911,0.4241805247030577,0.4241805247030577,0,1
rolling5_annual20,3292,2024-08-16,2024-08-26,-0.0040487282687352,2024,2023-12-31,learned_vol_interaction,20260911,0.2956504689782993,0.2956504689782993,0,0
rolling5_annual20,3297,2024-08-23,2024-09-02,-0.0069594562136714,2024,2023-12-31,learned_vol_interaction,20260911,0.3460155814509531,0.3460155814509531,0,0
rolling5_annual20,3302,2024-08-30,2024-09-09,-0.0280389655151561,2024,2023-12-31,learned_vol_interaction,20260911,0.33759368552448255,0.33759368552448255,0,0
rolling5_annual20,3307,2024-09-06,2024-09-18,-0.0174132138857783,2024,2023-12-31,learned_vol_interaction,20260911,0.397975241873378,0.397975241873378,0,0
rolling5_annual20,3312,2024-09-13,2024-09-24,0.0133119329369826,2024,2023-12-31,learned_vol_interaction,20260911,0.461342267631887,0.461342267631887,0,1
rolling5_annual20,3315,2024-09-20,2024-09-30,0.2017513988384409,2024,2023-12-31,learned_vol_interaction,20260911,0.4886156386697026,0.4886156386697026,0,1
rolling5_annual20,3320,2024-09-27,2024-10-14,0.0178259004588408,2024,2023-12-31,learned_vol_interaction,20260911,0.6918366307791042,0.6918366307791042,1,1
rolling5_annual20,3325,2024-10-11,2024-10-21,0.0080914993282625,2024,2023-12-31,learned_vol_interaction,20260911,0.7018703597644868,0.7018703597644868,1,1
rolling5_annual20,3330,2024-10-18,2024-10-28,0.0015733867085561,2024,2023-12-31,learned_vol_interaction,20260911,0.6274387204351971,0.6274387204351971,1,1
rolling5_annual20,3335,2024-10-25,2024-11-04,-0.0140142824257356,2024,2023-12-31,learned_vol_interaction,20260911,0.4612473434817257,0.4612473434817257,0,0
rolling5_annual20,3340,2024-11-01,2024-11-11,0.0434152361258277,2024,2023-12-31,learned_vol_interaction,20260911,0.40396264616491484,0.40396264616491484,0,1
rolling5_annual20,3345,2024-11-08,2024-11-18,-0.0208584853931589,2024,2023-12-31,learned_vol_interaction,20260911,0.4058838104038455,0.4058838104038455,0,0
rolling5_annual20,3350,2024-11-15,2024-11-25,-0.0267421712161923,2024,2023-12-31,learned_vol_interaction,20260911,0.4556461044457154,0.4556461044457154,0,0
rolling5_annual20,3355,2024-11-22,2024-12-02,0.0087960346887328,2024,2023-12-31,learned_vol_interaction,20260911,0.3897555680643098,0.3897555680643098,0,1
rolling5_annual20,3360,2024-11-29,2024-12-09,0.0155919891551781,2024,2023-12-31,learned_vol_interaction,20260911,0.5639943448578677,0.5639943448578677,1,1
rolling5_annual20,3365,2024-12-06,2024-12-16,-0.0100436703218104,2024,2023-12-31,learned_vol_interaction,20260911,0.43406190636390596,0.43406190636390596,0,0
rolling5_annual20,3370,2024-12-13,2024-12-23,-0.0006690784017421,2024,2023-12-31,learned_vol_interaction,20260911,0.31406271260453134,0.31406271260453134,0,0
rolling5_annual20,3375,2024-12-20,2024-12-30,0.0123595076562756,2024,2023-12-31,learned_vol_interaction,20260911,0.3085226494455729,0.3085226494455729,0,1
rolling5_annual20,3380,2024-12-27,2025-01-06,-0.0504714964669198,2024,2023-12-31,learned_vol_interaction,20260911,0.5726178987535363,0.5726178987535363,1,0
rolling5_annual20,3144,2024-01-05,2024-01-15,-0.0158038409563566,2024,2023-12-31,learned_order_extension,20260911,0.5046246382575834,0.5046246382575834,1,0
rolling5_annual20,3149,2024-01-12,2024-01-22,-0.002333261979756,2024,2023-12-31,learned_order_extension,20260911,0.5273727883107168,0.5273727883107168,1,0
rolling5_annual20,3154,2024-01-19,2024-01-29,0.0223511633823452,2024,2023-12-31,learned_order_extension,20260911,0.6361976645125996,0.6361976645125996,1,1
rolling5_annual20,3159,2024-01-26,2024-02-05,-0.0513103415192826,2024,2023-12-31,learned_order_extension,20260911,0.5444608640891567,0.5444608640891567,1,0
rolling5_annual20,3164,2024-02-02,2024-02-26,0.1015374891364462,2024,2023-12-31,learned_order_extension,20260911,0.545031438848448,0.545031438848448,1,1
rolling5_annual20,3173,2024-02-23,2024-03-04,0.0151569053862528,2024,2023-12-31,learned_order_extension,20260911,0.6125199424254827,0.6125199424254827,1,1
rolling5_annual20,3178,2024-03-01,2024-03-11,0.0021394031715169,2024,2023-12-31,learned_order_extension,20260911,0.5496769035930799,0.5496769035930799,1,1
rolling5_annual20,3183,2024-03-08,2024-03-18,0.0087762342284414,2024,2023-12-31,learned_order_extension,20260911,0.5653384521782018,0.5653384521782018,1,1
rolling5_annual20,3188,2024-03-15,2024-03-25,-0.0112802133595746,2024,2023-12-31,learned_order_extension,20260911,0.4741066250462846,0.4741066250462846,0,0
rolling5_annual20,3193,2024-03-22,2024-04-01,0.0042044725182444,2024,2023-12-31,learned_order_extension,20260911,0.5034201205076809,0.5034201205076809,1,1
rolling5_annual20,3198,2024-03-29,2024-04-15,-0.0219845815102011,2024,2023-12-31,learned_order_extension,20260911,0.3647496103237538,0.3647496103237538,0,0
rolling5_annual20,3206,2024-04-12,2024-04-22,0.018045199366633,2024,2023-12-31,learned_order_extension,20260911,0.3866844940005672,0.3866844940005672,0,1
rolling5_annual20,3211,2024-04-19,2024-04-29,0.0136757744232476,2024,2023-12-31,learned_order_extension,20260911,0.5343459488053159,0.5343459488053159,1,1
rolling5_annual20,3216,2024-04-26,2024-05-13,0.0172434956786644,2024,2023-12-31,learned_order_extension,20260911,0.513240014593565,0.513240014593565,1,1
rolling5_annual20,3223,2024-05-10,2024-05-20,0.0097933549988344,2024,2023-12-31,learned_order_extension,20260911,0.3965400007837658,0.3965400007837658,0,1
rolling5_annual20,3228,2024-05-17,2024-05-27,-0.0204803832637164,2024,2023-12-31,learned_order_extension,20260911,0.45967482999568354,0.45967482999568354,0,0
rolling5_annual20,3233,2024-05-24,2024-06-03,-0.0081155643048258,2024,2023-12-31,learned_order_extension,20260911,0.4103835614322711,0.4103835614322711,0,0
rolling5_annual20,3238,2024-05-31,2024-06-11,-0.0060267570121149,2024,2023-12-31,learned_order_extension,20260911,0.483584132532498,0.483584132532498,0,0
rolling5_annual20,3243,2024-06-07,2024-06-17,-0.0096686558937179,2024,2023-12-31,learned_order_extension,20260911,0.4576789647131029,0.4576789647131029,0,0
rolling5_annual20,3247,2024-06-14,2024-06-24,-0.013573992457631,2024,2023-12-31,learned_order_extension,20260911,0.5515041025200125,0.5515041025200125,1,0
rolling5_annual20,3252,2024-06-21,2024-07-01,-0.004427632109257,2024,2023-12-31,learned_order_extension,20260911,0.4894889896317385,0.4894889896317385,0,0
rolling5_annual20,3257,2024-06-28,2024-07-08,-0.0108320369203009,2024,2023-12-31,learned_order_extension,20260911,0.5121801875037945,0.5121801875037945,1,0
rolling5_annual20,3262,2024-07-05,2024-07-15,0.0122222871842843,2024,2023-12-31,learned_order_extension,20260911,0.45115521138622566,0.45115521138622566,0,1
rolling5_annual20,3267,2024-07-12,2024-07-22,0.0218881133018156,2024,2023-12-31,learned_order_extension,20260911,0.5531026546000134,0.5531026546000134,1,1
rolling5_annual20,3272,2024-07-19,2024-07-29,-0.0378787022382998,2024,2023-12-31,learned_order_extension,20260911,0.43829998086615624,0.43829998086615624,0,0
rolling5_annual20,3277,2024-07-26,2024-08-05,-0.0124134568216732,2024,2023-12-31,learned_order_extension,20260911,0.5141057686767685,0.5141057686767685,1,0
rolling5_annual20,3282,2024-08-02,2024-08-12,-0.0102762848330364,2024,2023-12-31,learned_order_extension,20260911,0.41788195157055885,0.41788195157055885,0,0
rolling5_annual20,3287,2024-08-09,2024-08-19,0.0050186923751938,2024,2023-12-31,learned_order_extension,20260911,0.461166338855283,0.461166338855283,0,1
rolling5_annual20,3292,2024-08-16,2024-08-26,-0.0040487282687352,2024,2023-12-31,learned_order_extension,20260911,0.3524150315340549,0.3524150315340549,0,0
rolling5_annual20,3297,2024-08-23,2024-09-02,-0.0069594562136714,2024,2023-12-31,learned_order_extension,20260911,0.3805014561152239,0.3805014561152239,0,0
rolling5_annual20,3302,2024-08-30,2024-09-09,-0.0280389655151561,2024,2023-12-31,learned_order_extension,20260911,0.3769790143868762,0.3769790143868762,0,0
rolling5_annual20,3307,2024-09-06,2024-09-18,-0.0174132138857783,2024,2023-12-31,learned_order_extension,20260911,0.4377655525059009,0.4377655525059009,0,0
rolling5_annual20,3312,2024-09-13,2024-09-24,0.0133119329369826,2024,2023-12-31,learned_order_extension,20260911,0.47634533351149555,0.47634533351149555,0,1
rolling5_annual20,3315,2024-09-20,2024-09-30,0.2017513988384409,2024,2023-12-31,learned_order_extension,20260911,0.4741196298736314,0.4741196298736314,0,1
rolling5_annual20,3320,2024-09-27,2024-10-14,0.0178259004588408,2024,2023-12-31,learned_order_extension,20260911,0.6045687657277363,0.6045687657277363,1,1
rolling5_annual20,3325,2024-10-11,2024-10-21,0.0080914993282625,2024,2023-12-31,learned_order_extension,20260911,0.6645766250551,0.6645766250551,1,1
rolling5_annual20,3330,2024-10-18,2024-10-28,0.0015733867085561,2024,2023-12-31,learned_order_extension,20260911,0.6217401283532429,0.6217401283532429,1,1
rolling5_annual20,3335,2024-10-25,2024-11-04,-0.0140142824257356,2024,2023-12-31,learned_order_extension,20260911,0.516035023904667,0.516035023904667,1,0
rolling5_annual20,3340,2024-11-01,2024-11-11,0.0434152361258277,2024,2023-12-31,learned_order_extension,20260911,0.5005097124804287,0.5005097124804287,1,1
rolling5_annual20,3345,2024-11-08,2024-11-18,-0.0208584853931589,2024,2023-12-31,learned_order_extension,20260911,0.3862789521746162,0.3862789521746162,0,0
rolling5_annual20,3350,2024-11-15,2024-11-25,-0.0267421712161923,2024,2023-12-31,learned_order_extension,20260911,0.42164042720008793,0.42164042720008793,0,0
rolling5_annual20,3355,2024-11-22,2024-12-02,0.0087960346887328,2024,2023-12-31,learned_order_extension,20260911,0.3587358053522859,0.3587358053522859,0,1
rolling5_annual20,3360,2024-11-29,2024-12-09,0.0155919891551781,2024,2023-12-31,learned_order_extension,20260911,0.5668511595937642,0.5668511595937642,1,1
rolling5_annual20,3365,2024-12-06,2024-12-16,-0.0100436703218104,2024,2023-12-31,learned_order_extension,20260911,0.4286991101928549,0.4286991101928549,0,0
rolling5_annual20,3370,2024-12-13,2024-12-23,-0.0006690784017421,2024,2023-12-31,learned_order_extension,20260911,0.2761154663058125,0.2761154663058125,0,0
rolling5_annual20,3375,2024-12-20,2024-12-30,0.0123595076562756,2024,2023-12-31,learned_order_extension,20260911,0.2681467130129062,0.2681467130129062,0,1
rolling5_annual20,3380,2024-12-27,2025-01-06,-0.0504714964669198,2024,2023-12-31,learned_order_extension,20260911,0.6253462942157451,0.6253462942157451,1,0
rolling5_annual20,3144,2024-01-05,2024-01-15,-0.0158038409563566,2024,2023-12-31,learned_order_offset,20260911,0.5039028855862143,0.5039028855862143,1,0
rolling5_annual20,3149,2024-01-12,2024-01-22,-0.002333261979756,2024,2023-12-31,learned_order_offset,20260911,0.5267036688758374,0.5267036688758374,1,0
rolling5_annual20,3154,2024-01-19,2024-01-29,0.0223511633823452,2024,2023-12-31,learned_order_offset,20260911,0.6349472157761124,0.6349472157761124,1,1
rolling5_annual20,3159,2024-01-26,2024-02-05,-0.0513103415192826,2024,2023-12-31,learned_order_offset,20260911,0.5443793909861219,0.5443793909861219,1,0
rolling5_annual20,3164,2024-02-02,2024-02-26,0.1015374891364462,2024,2023-12-31,learned_order_offset,20260911,0.5451794882867483,0.5451794882867483,1,1
rolling5_annual20,3173,2024-02-23,2024-03-04,0.0151569053862528,2024,2023-12-31,learned_order_offset,20260911,0.6109679669122872,0.6109679669122872,1,1
rolling5_annual20,3178,2024-03-01,2024-03-11,0.0021394031715169,2024,2023-12-31,learned_order_offset,20260911,0.5481247094966736,0.5481247094966736,1,1
rolling5_annual20,3183,2024-03-08,2024-03-18,0.0087762342284414,2024,2023-12-31,learned_order_offset,20260911,0.5633395909983205,0.5633395909983205,1,1
rolling5_annual20,3188,2024-03-15,2024-03-25,-0.0112802133595746,2024,2023-12-31,learned_order_offset,20260911,0.47094256842793375,0.47094256842793375,0,0
rolling5_annual20,3193,2024-03-22,2024-04-01,0.0042044725182444,2024,2023-12-31,learned_order_offset,20260911,0.4995363819528175,0.4995363819528175,0,1
rolling5_annual20,3198,2024-03-29,2024-04-15,-0.0219845815102011,2024,2023-12-31,learned_order_offset,20260911,0.3626011592845029,0.3626011592845029,0,0
rolling5_annual20,3206,2024-04-12,2024-04-22,0.018045199366633,2024,2023-12-31,learned_order_offset,20260911,0.38475750018966987,0.38475750018966987,0,1
rolling5_annual20,3211,2024-04-19,2024-04-29,0.0136757744232476,2024,2023-12-31,learned_order_offset,20260911,0.5305043269791333,0.5305043269791333,1,1
rolling5_annual20,3216,2024-04-26,2024-05-13,0.0172434956786644,2024,2023-12-31,learned_order_offset,20260911,0.5107638404545624,0.5107638404545624,1,1
rolling5_annual20,3223,2024-05-10,2024-05-20,0.0097933549988344,2024,2023-12-31,learned_order_offset,20260911,0.3967922716976589,0.3967922716976589,0,1
rolling5_annual20,3228,2024-05-17,2024-05-27,-0.0204803832637164,2024,2023-12-31,learned_order_offset,20260911,0.459025127987619,0.459025127987619,0,0
rolling5_annual20,3233,2024-05-24,2024-06-03,-0.0081155643048258,2024,2023-12-31,learned_order_offset,20260911,0.40953378651570865,0.40953378651570865,0,0
rolling5_annual20,3238,2024-05-31,2024-06-11,-0.0060267570121149,2024,2023-12-31,learned_order_offset,20260911,0.48223477976059065,0.48223477976059065,0,0
rolling5_annual20,3243,2024-06-07,2024-06-17,-0.0096686558937179,2024,2023-12-31,learned_order_offset,20260911,0.456270009415854,0.456270009415854,0,0
rolling5_annual20,3247,2024-06-14,2024-06-24,-0.013573992457631,2024,2023-12-31,learned_order_offset,20260911,0.5504043507355747,0.5504043507355747,1,0
rolling5_annual20,3252,2024-06-21,2024-07-01,-0.004427632109257,2024,2023-12-31,learned_order_offset,20260911,0.48936496243955907,0.48936496243955907,0,0
rolling5_annual20,3257,2024-06-28,2024-07-08,-0.0108320369203009,2024,2023-12-31,learned_order_offset,20260911,0.51219411188397,0.51219411188397,1,0
rolling5_annual20,3262,2024-07-05,2024-07-15,0.0122222871842843,2024,2023-12-31,learned_order_offset,20260911,0.4508497655906378,0.4508497655906378,0,1
rolling5_annual20,3267,2024-07-12,2024-07-22,0.0218881133018156,2024,2023-12-31,learned_order_offset,20260911,0.5509513713756881,0.5509513713756881,1,1
rolling5_annual20,3272,2024-07-19,2024-07-29,-0.0378787022382998,2024,2023-12-31,learned_order_offset,20260911,0.4378580673825642,0.4378580673825642,0,0
rolling5_annual20,3277,2024-07-26,2024-08-05,-0.0124134568216732,2024,2023-12-31,learned_order_offset,20260911,0.5143054270726866,0.5143054270726866,1,0
rolling5_annual20,3282,2024-08-02,2024-08-12,-0.0102762848330364,2024,2023-12-31,learned_order_offset,20260911,0.4187543205474362,0.4187543205474362,0,0
rolling5_annual20,3287,2024-08-09,2024-08-19,0.0050186923751938,2024,2023-12-31,learned_order_offset,20260911,0.46274794534702096,0.46274794534702096,0,1
rolling5_annual20,3292,2024-08-16,2024-08-26,-0.0040487282687352,2024,2023-12-31,learned_order_offset,20260911,0.35619445584136267,0.35619445584136267,0,0
rolling5_annual20,3297,2024-08-23,2024-09-02,-0.0069594562136714,2024,2023-12-31,learned_order_offset,20260911,0.3834802143774693,0.3834802143774693,0,0
rolling5_annual20,3302,2024-08-30,2024-09-09,-0.0280389655151561,2024,2023-12-31,learned_order_offset,20260911,0.37959140825702087,0.37959140825702087,0,0
rolling5_annual20,3307,2024-09-06,2024-09-18,-0.0174132138857783,2024,2023-12-31,learned_order_offset,20260911,0.4399785205661903,0.4399785205661903,0,0
rolling5_annual20,3312,2024-09-13,2024-09-24,0.0133119329369826,2024,2023-12-31,learned_order_offset,20260911,0.4763444943146473,0.4763444943146473,0,1
rolling5_annual20,3315,2024-09-20,2024-09-30,0.2017513988384409,2024,2023-12-31,learned_order_offset,20260911,0.47380763133966547,0.47380763133966547,0,1
rolling5_annual20,3320,2024-09-27,2024-10-14,0.0178259004588408,2024,2023-12-31,learned_order_offset,20260911,0.6050544676220191,0.6050544676220191,1,1
rolling5_annual20,3325,2024-10-11,2024-10-21,0.0080914993282625,2024,2023-12-31,learned_order_offset,20260911,0.6643779049639545,0.6643779049639545,1,1
rolling5_annual20,3330,2024-10-18,2024-10-28,0.0015733867085561,2024,2023-12-31,learned_order_offset,20260911,0.6227872251882844,0.6227872251882844,1,1
rolling5_annual20,3335,2024-10-25,2024-11-04,-0.0140142824257356,2024,2023-12-31,learned_order_offset,20260911,0.5165538018073565,0.5165538018073565,1,0
rolling5_annual20,3340,2024-11-01,2024-11-11,0.0434152361258277,2024,2023-12-31,learned_order_offset,20260911,0.5002268984226751,0.5002268984226751,1,1
rolling5_annual20,3345,2024-11-08,2024-11-18,-0.0208584853931589,2024,2023-12-31,learned_order_offset,20260911,0.3875660008845143,0.3875660008845143,0,0
rolling5_annual20,3350,2024-11-15,2024-11-25,-0.0267421712161923,2024,2023-12-31,learned_order_offset,20260911,0.42067738369660546,0.42067738369660546,0,0
rolling5_annual20,3355,2024-11-22,2024-12-02,0.0087960346887328,2024,2023-12-31,learned_order_offset,20260911,0.359617784320977,0.359617784320977,0,1
rolling5_annual20,3360,2024-11-29,2024-12-09,0.0155919891551781,2024,2023-12-31,learned_order_offset,20260911,0.5668993585118391,0.5668993585118391,1,1
rolling5_annual20,3365,2024-12-06,2024-12-16,-0.0100436703218104,2024,2023-12-31,learned_order_offset,20260911,0.4285689114501956,0.4285689114501956,0,0
rolling5_annual20,3370,2024-12-13,2024-12-23,-0.0006690784017421,2024,2023-12-31,learned_order_offset,20260911,0.277133608311407,0.277133608311407,0,0
rolling5_annual20,3375,2024-12-20,2024-12-30,0.0123595076562756,2024,2023-12-31,learned_order_offset,20260911,0.26960863109736993,0.26960863109736993,0,1
rolling5_annual20,3380,2024-12-27,2025-01-06,-0.0504714964669198,2024,2023-12-31,learned_order_offset,20260911,0.6241226842198904,0.6241226842198904,1,0
rolling5_annual20,3144,2024-01-05,2024-01-15,-0.0158038409563566,2024,2023-12-31,native_mse,20260911,0.006524465736805172,,1,0
rolling5_annual20,3149,2024-01-12,2024-01-22,-0.002333261979756,2024,2023-12-31,native_mse,20260911,0.008213225375018137,,1,0
rolling5_annual20,3154,2024-01-19,2024-01-29,0.0223511633823452,2024,2023-12-31,native_mse,20260911,0.009988969845384454,,1,1
rolling5_annual20,3159,2024-01-26,2024-02-05,-0.0513103415192826,2024,2023-12-31,native_mse,20260911,0.007709942184731473,,1,0
rolling5_annual20,3164,2024-02-02,2024-02-26,0.1015374891364462,2024,2023-12-31,native_mse,20260911,0.006449485928463916,,1,1
rolling5_annual20,3173,2024-02-23,2024-03-04,0.0151569053862528,2024,2023-12-31,native_mse,20260911,0.010256530380527457,,1,1
rolling5_annual20,3178,2024-03-01,2024-03-11,0.0021394031715169,2024,2023-12-31,native_mse,20260911,0.00705766649461919,,1,1
rolling5_annual20,3183,2024-03-08,2024-03-18,0.0087762342284414,2024,2023-12-31,native_mse,20260911,0.008632918878357794,,1,1
rolling5_annual20,3188,2024-03-15,2024-03-25,-0.0112802133595746,2024,2023-12-31,native_mse,20260911,0.004101422624994645,,1,0
rolling5_annual20,3193,2024-03-22,2024-04-01,0.0042044725182444,2024,2023-12-31,native_mse,20260911,0.0049895841353934664,,1,1
rolling5_annual20,3198,2024-03-29,2024-04-15,-0.0219845815102011,2024,2023-12-31,native_mse,20260911,0.0016010611409444046,,1,0
rolling5_annual20,3206,2024-04-12,2024-04-22,0.018045199366633,2024,2023-12-31,native_mse,20260911,0.001857502186560773,,1,1
rolling5_annual20,3211,2024-04-19,2024-04-29,0.0136757744232476,2024,2023-12-31,native_mse,20260911,0.009651811290201222,,1,1
rolling5_annual20,3216,2024-04-26,2024-05-13,0.0172434956786644,2024,2023-12-31,native_mse,20260911,0.005960111287081512,,1,1
rolling5_annual20,3223,2024-05-10,2024-05-20,0.0097933549988344,2024,2023-12-31,native_mse,20260911,-0.004933376296222066,,0,1
rolling5_annual20,3228,2024-05-17,2024-05-27,-0.0204803832637164,2024,2023-12-31,native_mse,20260911,-0.003099362011607103,,0,0
rolling5_annual20,3233,2024-05-24,2024-06-03,-0.0081155643048258,2024,2023-12-31,native_mse,20260911,-0.0038744398417857777,,0,0
rolling5_annual20,3238,2024-05-31,2024-06-11,-0.0060267570121149,2024,2023-12-31,native_mse,20260911,-0.0020292253039693184,,0,0
rolling5_annual20,3243,2024-06-07,2024-06-17,-0.0096686558937179,2024,2023-12-31,native_mse,20260911,5.7354393489387904e-05,,1,0
rolling5_annual20,3247,2024-06-14,2024-06-24,-0.013573992457631,2024,2023-12-31,native_mse,20260911,0.0016373878025280563,,1,0
rolling5_annual20,3252,2024-06-21,2024-07-01,-0.004427632109257,2024,2023-12-31,native_mse,20260911,0.0027588932782398315,,1,0
rolling5_annual20,3257,2024-06-28,2024-07-08,-0.0108320369203009,2024,2023-12-31,native_mse,20260911,0.0032470747873102144,,1,0
rolling5_annual20,3262,2024-07-05,2024-07-15,0.0122222871842843,2024,2023-12-31,native_mse,20260911,0.002652089101692747,,1,1
rolling5_annual20,3267,2024-07-12,2024-07-22,0.0218881133018156,2024,2023-12-31,native_mse,20260911,0.004450330503533944,,1,1
rolling5_annual20,3272,2024-07-19,2024-07-29,-0.0378787022382998,2024,2023-12-31,native_mse,20260911,-0.0012744559041647184,,0,0
rolling5_annual20,3277,2024-07-26,2024-08-05,-0.0124134568216732,2024,2023-12-31,native_mse,20260911,-0.001291795834448832,,0,0
rolling5_annual20,3282,2024-08-02,2024-08-12,-0.0102762848330364,2024,2023-12-31,native_mse,20260911,-0.002458562952290899,,0,0
rolling5_annual20,3287,2024-08-09,2024-08-19,0.0050186923751938,2024,2023-12-31,native_mse,20260911,-0.0009352769264030156,,0,1
rolling5_annual20,3292,2024-08-16,2024-08-26,-0.0040487282687352,2024,2023-12-31,native_mse,20260911,-0.0034014636043486098,,0,0
rolling5_annual20,3297,2024-08-23,2024-09-02,-0.0069594562136714,2024,2023-12-31,native_mse,20260911,-0.0018665564124188876,,0,0
rolling5_annual20,3302,2024-08-30,2024-09-09,-0.0280389655151561,2024,2023-12-31,native_mse,20260911,2.766314850337684e-05,,1,0
rolling5_annual20,3307,2024-09-06,2024-09-18,-0.0174132138857783,2024,2023-12-31,native_mse,20260911,0.0015093996928045017,,1,0
rolling5_annual20,3312,2024-09-13,2024-09-24,0.0133119329369826,2024,2023-12-31,native_mse,20260911,0.005047902673988417,,1,1
rolling5_annual20,3315,2024-09-20,2024-09-30,0.2017513988384409,2024,2023-12-31,native_mse,20260911,0.006841795120835749,,1,1
rolling5_annual20,3320,2024-09-27,2024-10-14,0.0178259004588408,2024,2023-12-31,native_mse,20260911,0.011643607701046107,,1,1
rolling5_annual20,3325,2024-10-11,2024-10-21,0.0080914993282625,2024,2023-12-31,native_mse,20260911,0.006958055096152153,,1,1
rolling5_annual20,3330,2024-10-18,2024-10-28,0.0015733867085561,2024,2023-12-31,native_mse,20260911,0.0035488889473533555,,1,1
rolling5_annual20,3335,2024-10-25,2024-11-04,-0.0140142824257356,2024,2023-12-31,native_mse,20260911,-0.004087166652715301,,0,0
rolling5_annual20,3340,2024-11-01,2024-11-11,0.0434152361258277,2024,2023-12-31,native_mse,20260911,-0.008879815780234165,,0,1
rolling5_annual20,3345,2024-11-08,2024-11-18,-0.0208584853931589,2024,2023-12-31,native_mse,20260911,-0.0016665405141504353,,0,0
rolling5_annual20,3350,2024-11-15,2024-11-25,-0.0267421712161923,2024,2023-12-31,native_mse,20260911,-0.0014397200836903515,,0,0
rolling5_annual20,3355,2024-11-22,2024-12-02,0.0087960346887328,2024,2023-12-31,native_mse,20260911,-0.00394305191034785,,0,1
rolling5_annual20,3360,2024-11-29,2024-12-09,0.0155919891551781,2024,2023-12-31,native_mse,20260911,-0.003787046789689023,,0,1
rolling5_annual20,3365,2024-12-06,2024-12-16,-0.0100436703218104,2024,2023-12-31,native_mse,20260911,-0.0013163950781598383,,0,0
rolling5_annual20,3370,2024-12-13,2024-12-23,-0.0006690784017421,2024,2023-12-31,native_mse,20260911,-0.007731413237017607,,0,0
rolling5_annual20,3375,2024-12-20,2024-12-30,0.0123595076562756,2024,2023-12-31,native_mse,20260911,-0.005503589541502588,,0,1
rolling5_annual20,3380,2024-12-27,2025-01-06,-0.0504714964669198,2024,2023-12-31,native_mse,20260911,0.006049137218951889,,1,0
rolling5_annual20,3144,2024-01-05,2024-01-15,-0.0158038409563566,2024,2023-12-31,learned_market,20260912,0.5011992069392154,0.5011992069392154,1,0
rolling5_annual20,3149,2024-01-12,2024-01-22,-0.002333261979756,2024,2023-12-31,learned_market,20260912,0.47277699760132935,0.47277699760132935,0,0
rolling5_annual20,3154,2024-01-19,2024-01-29,0.0223511633823452,2024,2023-12-31,learned_market,20260912,0.4519385169732587,0.4519385169732587,0,1
rolling5_annual20,3159,2024-01-26,2024-02-05,-0.0513103415192826,2024,2023-12-31,learned_market,20260912,0.5136187590656476,0.5136187590656476,1,0
rolling5_annual20,3164,2024-02-02,2024-02-26,0.1015374891364462,2024,2023-12-31,learned_market,20260912,0.5626550395617658,0.5626550395617658,1,1
rolling5_annual20,3173,2024-02-23,2024-03-04,0.0151569053862528,2024,2023-12-31,learned_market,20260912,0.4999534810647158,0.4999534810647158,0,1
rolling5_annual20,3178,2024-03-01,2024-03-11,0.0021394031715169,2024,2023-12-31,learned_market,20260912,0.5749313458355619,0.5749313458355619,1,1
rolling5_annual20,3183,2024-03-08,2024-03-18,0.0087762342284414,2024,2023-12-31,learned_market,20260912,0.5879570158742811,0.5879570158742811,1,1
rolling5_annual20,3188,2024-03-15,2024-03-25,-0.0112802133595746,2024,2023-12-31,learned_market,20260912,0.48185973058558346,0.48185973058558346,0,0
rolling5_annual20,3193,2024-03-22,2024-04-01,0.0042044725182444,2024,2023-12-31,learned_market,20260912,0.5819259306110321,0.5819259306110321,1,1
rolling5_annual20,3198,2024-03-29,2024-04-15,-0.0219845815102011,2024,2023-12-31,learned_market,20260912,0.5513216063045803,0.5513216063045803,1,0
rolling5_annual20,3206,2024-04-12,2024-04-22,0.018045199366633,2024,2023-12-31,learned_market,20260912,0.5884547036684491,0.5884547036684491,1,1
rolling5_annual20,3211,2024-04-19,2024-04-29,0.0136757744232476,2024,2023-12-31,learned_market,20260912,0.6010925671138769,0.6010925671138769,1,1
rolling5_annual20,3216,2024-04-26,2024-05-13,0.0172434956786644,2024,2023-12-31,learned_market,20260912,0.44046614548943686,0.44046614548943686,0,1
rolling5_annual20,3223,2024-05-10,2024-05-20,0.0097933549988344,2024,2023-12-31,learned_market,20260912,0.26259823398744064,0.26259823398744064,0,1
rolling5_annual20,3228,2024-05-17,2024-05-27,-0.0204803832637164,2024,2023-12-31,learned_market,20260912,0.25562213134474004,0.25562213134474004,0,0
rolling5_annual20,3233,2024-05-24,2024-06-03,-0.0081155643048258,2024,2023-12-31,learned_market,20260912,0.29490360620746897,0.29490360620746897,0,0
rolling5_annual20,3238,2024-05-31,2024-06-11,-0.0060267570121149,2024,2023-12-31,learned_market,20260912,0.3110520233043453,0.3110520233043453,0,0
rolling5_annual20,3243,2024-06-07,2024-06-17,-0.0096686558937179,2024,2023-12-31,learned_market,20260912,0.3842886357568022,0.3842886357568022,0,0
rolling5_annual20,3247,2024-06-14,2024-06-24,-0.013573992457631,2024,2023-12-31,learned_market,20260912,0.4060511684917983,0.4060511684917983,0,0
rolling5_annual20,3252,2024-06-21,2024-07-01,-0.004427632109257,2024,2023-12-31,learned_market,20260912,0.44936005072663476,0.44936005072663476,0,0
rolling5_annual20,3257,2024-06-28,2024-07-08,-0.0108320369203009,2024,2023-12-31,learned_market,20260912,0.43297494254632307,0.43297494254632307,0,0
rolling5_annual20,3262,2024-07-05,2024-07-15,0.0122222871842843,2024,2023-12-31,learned_market,20260912,0.6034793238713074,0.6034793238713074,1,1
rolling5_annual20,3267,2024-07-12,2024-07-22,0.0218881133018156,2024,2023-12-31,learned_market,20260912,0.5610794385801106,0.5610794385801106,1,1
rolling5_annual20,3272,2024-07-19,2024-07-29,-0.0378787022382998,2024,2023-12-31,learned_market,20260912,0.47508444844981573,0.47508444844981573,0,0
rolling5_annual20,3277,2024-07-26,2024-08-05,-0.0124134568216732,2024,2023-12-31,learned_market,20260912,0.6067866221715498,0.6067866221715498,1,0
rolling5_annual20,3282,2024-08-02,2024-08-12,-0.0102762848330364,2024,2023-12-31,learned_market,20260912,0.5988840805331399,0.5988840805331399,1,0
rolling5_annual20,3287,2024-08-09,2024-08-19,0.0050186923751938,2024,2023-12-31,learned_market,20260912,0.49990964765168316,0.49990964765168316,0,1
rolling5_annual20,3292,2024-08-16,2024-08-26,-0.0040487282687352,2024,2023-12-31,learned_market,20260912,0.386114932843502,0.386114932843502,0,0
rolling5_annual20,3297,2024-08-23,2024-09-02,-0.0069594562136714,2024,2023-12-31,learned_market,20260912,0.29793160550776904,0.29793160550776904,0,0
rolling5_annual20,3302,2024-08-30,2024-09-09,-0.0280389655151561,2024,2023-12-31,learned_market,20260912,0.3333966760605091,0.3333966760605091,0,0
rolling5_annual20,3307,2024-09-06,2024-09-18,-0.0174132138857783,2024,2023-12-31,learned_market,20260912,0.4055616172512009,0.4055616172512009,0,0
rolling5_annual20,3312,2024-09-13,2024-09-24,0.0133119329369826,2024,2023-12-31,learned_market,20260912,0.38664422840881285,0.38664422840881285,0,1
rolling5_annual20,3315,2024-09-20,2024-09-30,0.2017513988384409,2024,2023-12-31,learned_market,20260912,0.4117180714207147,0.4117180714207147,0,1
rolling5_annual20,3320,2024-09-27,2024-10-14,0.0178259004588408,2024,2023-12-31,learned_market,20260912,0.42243022170956096,0.42243022170956096,0,1
rolling5_annual20,3325,2024-10-11,2024-10-21,0.0080914993282625,2024,2023-12-31,learned_market,20260912,0.6391238419546599,0.6391238419546599,1,1
rolling5_annual20,3330,2024-10-18,2024-10-28,0.0015733867085561,2024,2023-12-31,learned_market,20260912,0.7479133612500116,0.7479133612500116,1,1
rolling5_annual20,3335,2024-10-25,2024-11-04,-0.0140142824257356,2024,2023-12-31,learned_market,20260912,0.7047213785907145,0.7047213785907145,1,0
rolling5_annual20,3340,2024-11-01,2024-11-11,0.0434152361258277,2024,2023-12-31,learned_market,20260912,0.7564382143782475,0.7564382143782475,1,1
rolling5_annual20,3345,2024-11-08,2024-11-18,-0.0208584853931589,2024,2023-12-31,learned_market,20260912,0.6534693612294474,0.6534693612294474,1,0
rolling5_annual20,3350,2024-11-15,2024-11-25,-0.0267421712161923,2024,2023-12-31,learned_market,20260912,0.6053975436260323,0.6053975436260323,1,0
rolling5_annual20,3355,2024-11-22,2024-12-02,0.0087960346887328,2024,2023-12-31,learned_market,20260912,0.6365936876664182,0.6365936876664182,1,1
rolling5_annual20,3360,2024-11-29,2024-12-09,0.0155919891551781,2024,2023-12-31,learned_market,20260912,0.5579955410836633,0.5579955410836633,1,1
rolling5_annual20,3365,2024-12-06,2024-12-16,-0.0100436703218104,2024,2023-12-31,learned_market,20260912,0.541404145848568,0.541404145848568,1,0
rolling5_annual20,3370,2024-12-13,2024-12-23,-0.0006690784017421,2024,2023-12-31,learned_market,20260912,0.39882455300182545,0.39882455300182545,0,0
rolling5_annual20,3375,2024-12-20,2024-12-30,0.0123595076562756,2024,2023-12-31,learned_market,20260912,0.3151494536061462,0.3151494536061462,0,1
rolling5_annual20,3380,2024-12-27,2025-01-06,-0.0504714964669198,2024,2023-12-31,learned_market,20260912,0.28110990925447626,0.28110990925447626,0,0
rolling5_annual20,3144,2024-01-05,2024-01-15,-0.0158038409563566,2024,2023-12-31,learned_vol_interaction,20260912,0.4952442890139834,0.4952442890139834,0,0
rolling5_annual20,3149,2024-01-12,2024-01-22,-0.002333261979756,2024,2023-12-31,learned_vol_interaction,20260912,0.46734394081550534,0.46734394081550534,0,0
rolling5_annual20,3154,2024-01-19,2024-01-29,0.0223511633823452,2024,2023-12-31,learned_vol_interaction,20260912,0.4458542659590224,0.4458542659590224,0,1
rolling5_annual20,3159,2024-01-26,2024-02-05,-0.0513103415192826,2024,2023-12-31,learned_vol_interaction,20260912,0.5051200250772759,0.5051200250772759,1,0
rolling5_annual20,3164,2024-02-02,2024-02-26,0.1015374891364462,2024,2023-12-31,learned_vol_interaction,20260912,0.5544379606615297,0.5544379606615297,1,1
rolling5_annual20,3173,2024-02-23,2024-03-04,0.0151569053862528,2024,2023-12-31,learned_vol_interaction,20260912,0.4830624305901862,0.4830624305901862,0,1
rolling5_annual20,3178,2024-03-01,2024-03-11,0.0021394031715169,2024,2023-12-31,learned_vol_interaction,20260912,0.5592748903954966,0.5592748903954966,1,1
rolling5_annual20,3183,2024-03-08,2024-03-18,0.0087762342284414,2024,2023-12-31,learned_vol_interaction,20260912,0.5740363843191351,0.5740363843191351,1,1
rolling5_annual20,3188,2024-03-15,2024-03-25,-0.0112802133595746,2024,2023-12-31,learned_vol_interaction,20260912,0.4809004633653104,0.4809004633653104,0,0
rolling5_annual20,3193,2024-03-22,2024-04-01,0.0042044725182444,2024,2023-12-31,learned_vol_interaction,20260912,0.5933081539859947,0.5933081539859947,1,1
rolling5_annual20,3198,2024-03-29,2024-04-15,-0.0219845815102011,2024,2023-12-31,learned_vol_interaction,20260912,0.5653073701837698,0.5653073701837698,1,0
rolling5_annual20,3206,2024-04-12,2024-04-22,0.018045199366633,2024,2023-12-31,learned_vol_interaction,20260912,0.6033137229015121,0.6033137229015121,1,1
rolling5_annual20,3211,2024-04-19,2024-04-29,0.0136757744232476,2024,2023-12-31,learned_vol_interaction,20260912,0.6013392386798665,0.6013392386798665,1,1
rolling5_annual20,3216,2024-04-26,2024-05-13,0.0172434956786644,2024,2023-12-31,learned_vol_interaction,20260912,0.43642493305163865,0.43642493305163865,0,1
rolling5_annual20,3223,2024-05-10,2024-05-20,0.0097933549988344,2024,2023-12-31,learned_vol_interaction,20260912,0.26616465038111153,0.26616465038111153,0,1
rolling5_annual20,3228,2024-05-17,2024-05-27,-0.0204803832637164,2024,2023-12-31,learned_vol_interaction,20260912,0.2488786215709529,0.2488786215709529,0,0
rolling5_annual20,3233,2024-05-24,2024-06-03,-0.0081155643048258,2024,2023-12-31,learned_vol_interaction,20260912,0.28744477926146755,0.28744477926146755,0,0
rolling5_annual20,3238,2024-05-31,2024-06-11,-0.0060267570121149,2024,2023-12-31,learned_vol_interaction,20260912,0.3030632705456588,0.3030632705456588,0,0
rolling5_annual20,3243,2024-06-07,2024-06-17,-0.0096686558937179,2024,2023-12-31,learned_vol_interaction,20260912,0.3753543443366508,0.3753543443366508,0,0
rolling5_annual20,3247,2024-06-14,2024-06-24,-0.013573992457631,2024,2023-12-31,learned_vol_interaction,20260912,0.397914021804278,0.397914021804278,0,0
rolling5_annual20,3252,2024-06-21,2024-07-01,-0.004427632109257,2024,2023-12-31,learned_vol_interaction,20260912,0.45060839168891526,0.45060839168891526,0,0
rolling5_annual20,3257,2024-06-28,2024-07-08,-0.0108320369203009,2024,2023-12-31,learned_vol_interaction,20260912,0.42556707786565773,0.42556707786565773,0,0
rolling5_annual20,3262,2024-07-05,2024-07-15,0.0122222871842843,2024,2023-12-31,learned_vol_interaction,20260912,0.6195668960408595,0.6195668960408595,1,1
rolling5_annual20,3267,2024-07-12,2024-07-22,0.0218881133018156,2024,2023-12-31,learned_vol_interaction,20260912,0.5647279382660869,0.5647279382660869,1,1
rolling5_annual20,3272,2024-07-19,2024-07-29,-0.0378787022382998,2024,2023-12-31,learned_vol_interaction,20260912,0.4675814127015745,0.4675814127015745,0,0
rolling5_annual20,3277,2024-07-26,2024-08-05,-0.0124134568216732,2024,2023-12-31,learned_vol_interaction,20260912,0.6123160507995845,0.6123160507995845,1,0
rolling5_annual20,3282,2024-08-02,2024-08-12,-0.0102762848330364,2024,2023-12-31,learned_vol_interaction,20260912,0.5993027434239192,0.5993027434239192,1,0
rolling5_annual20,3287,2024-08-09,2024-08-19,0.0050186923751938,2024,2023-12-31,learned_vol_interaction,20260912,0.49286935350004685,0.49286935350004685,0,1
rolling5_annual20,3292,2024-08-16,2024-08-26,-0.0040487282687352,2024,2023-12-31,learned_vol_interaction,20260912,0.37415507577043683,0.37415507577043683,0,0
rolling5_annual20,3297,2024-08-23,2024-09-02,-0.0069594562136714,2024,2023-12-31,learned_vol_interaction,20260912,0.2775486555086619,0.2775486555086619,0,0
rolling5_annual20,3302,2024-08-30,2024-09-09,-0.0280389655151561,2024,2023-12-31,learned_vol_interaction,20260912,0.3043107501623469,0.3043107501623469,0,0
rolling5_annual20,3307,2024-09-06,2024-09-18,-0.0174132138857783,2024,2023-12-31,learned_vol_interaction,20260912,0.391111048873372,0.391111048873372,0,0
rolling5_annual20,3312,2024-09-13,2024-09-24,0.0133119329369826,2024,2023-12-31,learned_vol_interaction,20260912,0.36688921505206057,0.36688921505206057,0,1
rolling5_annual20,3315,2024-09-20,2024-09-30,0.2017513988384409,2024,2023-12-31,learned_vol_interaction,20260912,0.3927215894593369,0.3927215894593369,0,1
rolling5_annual20,3320,2024-09-27,2024-10-14,0.0178259004588408,2024,2023-12-31,learned_vol_interaction,20260912,0.4442843434187072,0.4442843434187072,0,1
rolling5_annual20,3325,2024-10-11,2024-10-21,0.0080914993282625,2024,2023-12-31,learned_vol_interaction,20260912,0.6154592441744525,0.6154592441744525,1,1
rolling5_annual20,3330,2024-10-18,2024-10-28,0.0015733867085561,2024,2023-12-31,learned_vol_interaction,20260912,0.6984112732542341,0.6984112732542341,1,1
rolling5_annual20,3335,2024-10-25,2024-11-04,-0.0140142824257356,2024,2023-12-31,learned_vol_interaction,20260912,0.6614014700577392,0.6614014700577392,1,0
rolling5_annual20,3340,2024-11-01,2024-11-11,0.0434152361258277,2024,2023-12-31,learned_vol_interaction,20260912,0.6960317071765945,0.6960317071765945,1,1
rolling5_annual20,3345,2024-11-08,2024-11-18,-0.0208584853931589,2024,2023-12-31,learned_vol_interaction,20260912,0.627992228455405,0.627992228455405,1,0
rolling5_annual20,3350,2024-11-15,2024-11-25,-0.0267421712161923,2024,2023-12-31,learned_vol_interaction,20260912,0.600402896142829,0.600402896142829,1,0
rolling5_annual20,3355,2024-11-22,2024-12-02,0.0087960346887328,2024,2023-12-31,learned_vol_interaction,20260912,0.6257055825822537,0.6257055825822537,1,1
rolling5_annual20,3360,2024-11-29,2024-12-09,0.0155919891551781,2024,2023-12-31,learned_vol_interaction,20260912,0.5403979506938085,0.5403979506938085,1,1
rolling5_annual20,3365,2024-12-06,2024-12-16,-0.0100436703218104,2024,2023-12-31,learned_vol_interaction,20260912,0.5359614220710596,0.5359614220710596,1,0
rolling5_annual20,3370,2024-12-13,2024-12-23,-0.0006690784017421,2024,2023-12-31,learned_vol_interaction,20260912,0.4004266447398538,0.4004266447398538,0,0
rolling5_annual20,3375,2024-12-20,2024-12-30,0.0123595076562756,2024,2023-12-31,learned_vol_interaction,20260912,0.3173047617142704,0.3173047617142704,0,1
rolling5_annual20,3380,2024-12-27,2025-01-06,-0.0504714964669198,2024,2023-12-31,learned_vol_interaction,20260912,0.27582764169478674,0.27582764169478674,0,0
rolling5_annual20,3144,2024-01-05,2024-01-15,-0.0158038409563566,2024,2023-12-31,learned_order_extension,20260912,0.5535119994762409,0.5535119994762409,1,0
rolling5_annual20,3149,2024-01-12,2024-01-22,-0.002333261979756,2024,2023-12-31,learned_order_extension,20260912,0.48736548091739423,0.48736548091739423,0,0
rolling5_annual20,3154,2024-01-19,2024-01-29,0.0223511633823452,2024,2023-12-31,learned_order_extension,20260912,0.4215435053964147,0.4215435053964147,0,1
rolling5_annual20,3159,2024-01-26,2024-02-05,-0.0513103415192826,2024,2023-12-31,learned_order_extension,20260912,0.48649269504735876,0.48649269504735876,0,0
rolling5_annual20,3164,2024-02-02,2024-02-26,0.1015374891364462,2024,2023-12-31,learned_order_extension,20260912,0.5496050819275686,0.5496050819275686,1,1
rolling5_annual20,3173,2024-02-23,2024-03-04,0.0151569053862528,2024,2023-12-31,learned_order_extension,20260912,0.4386082807089806,0.4386082807089806,0,1
rolling5_annual20,3178,2024-03-01,2024-03-11,0.0021394031715169,2024,2023-12-31,learned_order_extension,20260912,0.46924981751922445,0.46924981751922445,0,1
rolling5_annual20,3183,2024-03-08,2024-03-18,0.0087762342284414,2024,2023-12-31,learned_order_extension,20260912,0.4701956287186797,0.4701956287186797,0,1
rolling5_annual20,3188,2024-03-15,2024-03-25,-0.0112802133595746,2024,2023-12-31,learned_order_extension,20260912,0.41374971985365583,0.41374971985365583,0,0
rolling5_annual20,3193,2024-03-22,2024-04-01,0.0042044725182444,2024,2023-12-31,learned_order_extension,20260912,0.4779698312307604,0.4779698312307604,0,1
rolling5_annual20,3198,2024-03-29,2024-04-15,-0.0219845815102011,2024,2023-12-31,learned_order_extension,20260912,0.47494867441409877,0.47494867441409877,0,0
rolling5_annual20,3206,2024-04-12,2024-04-22,0.018045199366633,2024,2023-12-31,learned_order_extension,20260912,0.4521631675666491,0.4521631675666491,0,1
rolling5_annual20,3211,2024-04-19,2024-04-29,0.0136757744232476,2024,2023-12-31,learned_order_extension,20260912,0.46878386183965415,0.46878386183965415,0,1
rolling5_annual20,3216,2024-04-26,2024-05-13,0.0172434956786644,2024,2023-12-31,learned_order_extension,20260912,0.43436499150897173,0.43436499150897173,0,1
rolling5_annual20,3223,2024-05-10,2024-05-20,0.0097933549988344,2024,2023-12-31,learned_order_extension,20260912,0.38174358105162726,0.38174358105162726,0,1
rolling5_annual20,3228,2024-05-17,2024-05-27,-0.0204803832637164,2024,2023-12-31,learned_order_extension,20260912,0.35464216087181455,0.35464216087181455,0,0
rolling5_annual20,3233,2024-05-24,2024-06-03,-0.0081155643048258,2024,2023-12-31,learned_order_extension,20260912,0.3707564745857874,0.3707564745857874,0,0
rolling5_annual20,3238,2024-05-31,2024-06-11,-0.0060267570121149,2024,2023-12-31,learned_order_extension,20260912,0.3486366599267159,0.3486366599267159,0,0
rolling5_annual20,3243,2024-06-07,2024-06-17,-0.0096686558937179,2024,2023-12-31,learned_order_extension,20260912,0.40347652723788147,0.40347652723788147,0,0
rolling5_annual20,3247,2024-06-14,2024-06-24,-0.013573992457631,2024,2023-12-31,learned_order_extension,20260912,0.4129717305667233,0.4129717305667233,0,0
rolling5_annual20,3252,2024-06-21,2024-07-01,-0.004427632109257,2024,2023-12-31,learned_order_extension,20260912,0.4595021392734005,0.4595021392734005,0,0
rolling5_annual20,3257,2024-06-28,2024-07-08,-0.0108320369203009,2024,2023-12-31,learned_order_extension,20260912,0.4553896778333283,0.4553896778333283,0,0
rolling5_annual20,3262,2024-07-05,2024-07-15,0.0122222871842843,2024,2023-12-31,learned_order_extension,20260912,0.6482583591356186,0.6482583591356186,1,1
rolling5_annual20,3267,2024-07-12,2024-07-22,0.0218881133018156,2024,2023-12-31,learned_order_extension,20260912,0.5768939392068954,0.5768939392068954,1,1
rolling5_annual20,3272,2024-07-19,2024-07-29,-0.0378787022382998,2024,2023-12-31,learned_order_extension,20260912,0.5138214723605654,0.5138214723605654,1,0
rolling5_annual20,3277,2024-07-26,2024-08-05,-0.0124134568216732,2024,2023-12-31,learned_order_extension,20260912,0.6251892673443031,0.6251892673443031,1,0
rolling5_annual20,3282,2024-08-02,2024-08-12,-0.0102762848330364,2024,2023-12-31,learned_order_extension,20260912,0.6275315784950272,0.6275315784950272,1,0
rolling5_annual20,3287,2024-08-09,2024-08-19,0.0050186923751938,2024,2023-12-31,learned_order_extension,20260912,0.5359642347219611,0.5359642347219611,1,1
rolling5_annual20,3292,2024-08-16,2024-08-26,-0.0040487282687352,2024,2023-12-31,learned_order_extension,20260912,0.42012358052309684,0.42012358052309684,0,0
rolling5_annual20,3297,2024-08-23,2024-09-02,-0.0069594562136714,2024,2023-12-31,learned_order_extension,20260912,0.382715542188067,0.382715542188067,0,0
rolling5_annual20,3302,2024-08-30,2024-09-09,-0.0280389655151561,2024,2023-12-31,learned_order_extension,20260912,0.4020856235184914,0.4020856235184914,0,0
rolling5_annual20,3307,2024-09-06,2024-09-18,-0.0174132138857783,2024,2023-12-31,learned_order_extension,20260912,0.4515132387885508,0.4515132387885508,0,0
rolling5_annual20,3312,2024-09-13,2024-09-24,0.0133119329369826,2024,2023-12-31,learned_order_extension,20260912,0.41574811043305754,0.41574811043305754,0,1
rolling5_annual20,3315,2024-09-20,2024-09-30,0.2017513988384409,2024,2023-12-31,learned_order_extension,20260912,0.4804948585987177,0.4804948585987177,0,1
rolling5_annual20,3320,2024-09-27,2024-10-14,0.0178259004588408,2024,2023-12-31,learned_order_extension,20260912,0.576228156163883,0.576228156163883,1,1
rolling5_annual20,3325,2024-10-11,2024-10-21,0.0080914993282625,2024,2023-12-31,learned_order_extension,20260912,0.5860467122529138,0.5860467122529138,1,1
rolling5_annual20,3330,2024-10-18,2024-10-28,0.0015733867085561,2024,2023-12-31,learned_order_extension,20260912,0.612479916640697,0.612479916640697,1,1
rolling5_annual20,3335,2024-10-25,2024-11-04,-0.0140142824257356,2024,2023-12-31,learned_order_extension,20260912,0.5803945500365179,0.5803945500365179,1,0
rolling5_annual20,3340,2024-11-01,2024-11-11,0.0434152361258277,2024,2023-12-31,learned_order_extension,20260912,0.5735861212793831,0.5735861212793831,1,1
rolling5_annual20,3345,2024-11-08,2024-11-18,-0.0208584853931589,2024,2023-12-31,learned_order_extension,20260912,0.5817441245707554,0.5817441245707554,1,0
rolling5_annual20,3350,2024-11-15,2024-11-25,-0.0267421712161923,2024,2023-12-31,learned_order_extension,20260912,0.566996458597694,0.566996458597694,1,0
rolling5_annual20,3355,2024-11-22,2024-12-02,0.0087960346887328,2024,2023-12-31,learned_order_extension,20260912,0.6308649379708478,0.6308649379708478,1,1
rolling5_annual20,3360,2024-11-29,2024-12-09,0.0155919891551781,2024,2023-12-31,learned_order_extension,20260912,0.5481166154807285,0.5481166154807285,1,1
rolling5_annual20,3365,2024-12-06,2024-12-16,-0.0100436703218104,2024,2023-12-31,learned_order_extension,20260912,0.5160872470925407,0.5160872470925407,1,0
rolling5_annual20,3370,2024-12-13,2024-12-23,-0.0006690784017421,2024,2023-12-31,learned_order_extension,20260912,0.3979505994458215,0.3979505994458215,0,0
rolling5_annual20,3375,2024-12-20,2024-12-30,0.0123595076562756,2024,2023-12-31,learned_order_extension,20260912,0.2883934543425278,0.2883934543425278,0,1
rolling5_annual20,3380,2024-12-27,2025-01-06,-0.0504714964669198,2024,2023-12-31,learned_order_extension,20260912,0.2139925614407288,0.2139925614407288,0,0
rolling5_annual20,3144,2024-01-05,2024-01-15,-0.0158038409563566,2024,2023-12-31,learned_order_offset,20260912,0.555524023910941,0.555524023910941,1,0
rolling5_annual20,3149,2024-01-12,2024-01-22,-0.002333261979756,2024,2023-12-31,learned_order_offset,20260912,0.4886344435127239,0.4886344435127239,0,0
rolling5_annual20,3154,2024-01-19,2024-01-29,0.0223511633823452,2024,2023-12-31,learned_order_offset,20260912,0.4229445653552536,0.4229445653552536,0,1
rolling5_annual20,3159,2024-01-26,2024-02-05,-0.0513103415192826,2024,2023-12-31,learned_order_offset,20260912,0.4868819752675603,0.4868819752675603,0,0
rolling5_annual20,3164,2024-02-02,2024-02-26,0.1015374891364462,2024,2023-12-31,learned_order_offset,20260912,0.5512261346233363,0.5512261346233363,1,1
rolling5_annual20,3173,2024-02-23,2024-03-04,0.0151569053862528,2024,2023-12-31,learned_order_offset,20260912,0.4383060233141652,0.4383060233141652,0,1
rolling5_annual20,3178,2024-03-01,2024-03-11,0.0021394031715169,2024,2023-12-31,learned_order_offset,20260912,0.4671863792327489,0.4671863792327489,0,1
rolling5_annual20,3183,2024-03-08,2024-03-18,0.0087762342284414,2024,2023-12-31,learned_order_offset,20260912,0.4682690873666851,0.4682690873666851,0,1
rolling5_annual20,3188,2024-03-15,2024-03-25,-0.0112802133595746,2024,2023-12-31,learned_order_offset,20260912,0.410883959095752,0.410883959095752,0,0
rolling5_annual20,3193,2024-03-22,2024-04-01,0.0042044725182444,2024,2023-12-31,learned_order_offset,20260912,0.4736922823747903,0.4736922823747903,0,1
rolling5_annual20,3198,2024-03-29,2024-04-15,-0.0219845815102011,2024,2023-12-31,learned_order_offset,20260912,0.4721761686206615,0.4721761686206615,0,0
rolling5_annual20,3206,2024-04-12,2024-04-22,0.018045199366633,2024,2023-12-31,learned_order_offset,20260912,0.44900290436109536,0.44900290436109536,0,1
rolling5_annual20,3211,2024-04-19,2024-04-29,0.0136757744232476,2024,2023-12-31,learned_order_offset,20260912,0.4666007685534335,0.4666007685534335,0,1
rolling5_annual20,3216,2024-04-26,2024-05-13,0.0172434956786644,2024,2023-12-31,learned_order_offset,20260912,0.4343770329705723,0.4343770329705723,0,1
rolling5_annual20,3223,2024-05-10,2024-05-20,0.0097933549988344,2024,2023-12-31,learned_order_offset,20260912,0.3824496760888333,0.3824496760888333,0,1
rolling5_annual20,3228,2024-05-17,2024-05-27,-0.0204803832637164,2024,2023-12-31,learned_order_offset,20260912,0.35711137240492025,0.35711137240492025,0,0
rolling5_annual20,3233,2024-05-24,2024-06-03,-0.0081155643048258,2024,2023-12-31,learned_order_offset,20260912,0.3737645520851825,0.3737645520851825,0,0
rolling5_annual20,3238,2024-05-31,2024-06-11,-0.0060267570121149,2024,2023-12-31,learned_order_offset,20260912,0.3510285369082652,0.3510285369082652,0,0
rolling5_annual20,3243,2024-06-07,2024-06-17,-0.0096686558937179,2024,2023-12-31,learned_order_offset,20260912,0.4052492624281903,0.4052492624281903,0,0
rolling5_annual20,3247,2024-06-14,2024-06-24,-0.013573992457631,2024,2023-12-31,learned_order_offset,20260912,0.41450780904711865,0.41450780904711865,0,0
rolling5_annual20,3252,2024-06-21,2024-07-01,-0.004427632109257,2024,2023-12-31,learned_order_offset,20260912,0.46004587730144675,0.46004587730144675,0,0
rolling5_annual20,3257,2024-06-28,2024-07-08,-0.0108320369203009,2024,2023-12-31,learned_order_offset,20260912,0.4589655459892309,0.4589655459892309,0,0
rolling5_annual20,3262,2024-07-05,2024-07-15,0.0122222871842843,2024,2023-12-31,learned_order_offset,20260912,0.6488790466154806,0.6488790466154806,1,1
rolling5_annual20,3267,2024-07-12,2024-07-22,0.0218881133018156,2024,2023-12-31,learned_order_offset,20260912,0.5774913316908258,0.5774913316908258,1,1
rolling5_annual20,3272,2024-07-19,2024-07-29,-0.0378787022382998,2024,2023-12-31,learned_order_offset,20260912,0.5157601153269719,0.5157601153269719,1,0
rolling5_annual20,3277,2024-07-26,2024-08-05,-0.0124134568216732,2024,2023-12-31,learned_order_offset,20260912,0.6244882450131677,0.6244882450131677,1,0
rolling5_annual20,3282,2024-08-02,2024-08-12,-0.0102762848330364,2024,2023-12-31,learned_order_offset,20260912,0.6270675399861252,0.6270675399861252,1,0
rolling5_annual20,3287,2024-08-09,2024-08-19,0.0050186923751938,2024,2023-12-31,learned_order_offset,20260912,0.5377555905505339,0.5377555905505339,1,1
rolling5_annual20,3292,2024-08-16,2024-08-26,-0.0040487282687352,2024,2023-12-31,learned_order_offset,20260912,0.42279669771745343,0.42279669771745343,0,0
rolling5_annual20,3297,2024-08-23,2024-09-02,-0.0069594562136714,2024,2023-12-31,learned_order_offset,20260912,0.3863647344348675,0.3863647344348675,0,0
rolling5_annual20,3302,2024-08-30,2024-09-09,-0.0280389655151561,2024,2023-12-31,learned_order_offset,20260912,0.4062697859689684,0.4062697859689684,0,0
rolling5_annual20,3307,2024-09-06,2024-09-18,-0.0174132138857783,2024,2023-12-31,learned_order_offset,20260912,0.45448430889716435,0.45448430889716435,0,0
rolling5_annual20,3312,2024-09-13,2024-09-24,0.0133119329369826,2024,2023-12-31,learned_order_offset,20260912,0.41946199575362714,0.41946199575362714,0,1
rolling5_annual20,3315,2024-09-20,2024-09-30,0.2017513988384409,2024,2023-12-31,learned_order_offset,20260912,0.48448722299654073,0.48448722299654073,0,1
rolling5_annual20,3320,2024-09-27,2024-10-14,0.0178259004588408,2024,2023-12-31,learned_order_offset,20260912,0.5746740950620535,0.5746740950620535,1,1
rolling5_annual20,3325,2024-10-11,2024-10-21,0.0080914993282625,2024,2023-12-31,learned_order_offset,20260912,0.5862386145900477,0.5862386145900477,1,1
rolling5_annual20,3330,2024-10-18,2024-10-28,0.0015733867085561,2024,2023-12-31,learned_order_offset,20260912,0.6125407697732707,0.6125407697732707,1,1
rolling5_annual20,3335,2024-10-25,2024-11-04,-0.0140142824257356,2024,2023-12-31,learned_order_offset,20260912,0.5782982032930605,0.5782982032930605,1,0
rolling5_annual20,3340,2024-11-01,2024-11-11,0.0434152361258277,2024,2023-12-31,learned_order_offset,20260912,0.5719000509394175,0.5719000509394175,1,1
rolling5_annual20,3345,2024-11-08,2024-11-18,-0.0208584853931589,2024,2023-12-31,learned_order_offset,20260912,0.5792076167183184,0.5792076167183184,1,0
rolling5_annual20,3350,2024-11-15,2024-11-25,-0.0267421712161923,2024,2023-12-31,learned_order_offset,20260912,0.5639088935846646,0.5639088935846646,1,0
rolling5_annual20,3355,2024-11-22,2024-12-02,0.0087960346887328,2024,2023-12-31,learned_order_offset,20260912,0.6291616290547493,0.6291616290547493,1,1
rolling5_annual20,3360,2024-11-29,2024-12-09,0.0155919891551781,2024,2023-12-31,learned_order_offset,20260912,0.5470802465571543,0.5470802465571543,1,1
rolling5_annual20,3365,2024-12-06,2024-12-16,-0.0100436703218104,2024,2023-12-31,learned_order_offset,20260912,0.5150626516103205,0.5150626516103205,1,0
rolling5_annual20,3370,2024-12-13,2024-12-23,-0.0006690784017421,2024,2023-12-31,learned_order_offset,20260912,0.3987822872324129,0.3987822872324129,0,0
rolling5_annual20,3375,2024-12-20,2024-12-30,0.0123595076562756,2024,2023-12-31,learned_order_offset,20260912,0.2901534172352464,0.2901534172352464,0,1
rolling5_annual20,3380,2024-12-27,2025-01-06,-0.0504714964669198,2024,2023-12-31,learned_order_offset,20260912,0.2168218722083948,0.2168218722083948,0,0
rolling5_annual20,3144,2024-01-05,2024-01-15,-0.0158038409563566,2024,2023-12-31,native_mse,20260912,0.001652613648937757,,1,0
rolling5_annual20,3149,2024-01-12,2024-01-22,-0.002333261979756,2024,2023-12-31,native_mse,20260912,0.0017566823014709063,,1,0
rolling5_annual20,3154,2024-01-19,2024-01-29,0.0223511633823452,2024,2023-12-31,native_mse,20260912,0.0017349357863463528,,1,1
rolling5_annual20,3159,2024-01-26,2024-02-05,-0.0513103415192826,2024,2023-12-31,native_mse,20260912,0.0017756045446650414,,1,0
rolling5_annual20,3164,2024-02-02,2024-02-26,0.1015374891364462,2024,2023-12-31,native_mse,20260912,0.0017702651342618495,,1,1
rolling5_annual20,3173,2024-02-23,2024-03-04,0.0151569053862528,2024,2023-12-31,native_mse,20260912,0.0018705013508167863,,1,1
rolling5_annual20,3178,2024-03-01,2024-03-11,0.0021394031715169,2024,2023-12-31,native_mse,20260912,0.0020966839632058165,,1,1
rolling5_annual20,3183,2024-03-08,2024-03-18,0.0087762342284414,2024,2023-12-31,native_mse,20260912,0.0021229030867072935,,1,1
rolling5_annual20,3188,2024-03-15,2024-03-25,-0.0112802133595746,2024,2023-12-31,native_mse,20260912,0.002169492364912302,,1,0
rolling5_annual20,3193,2024-03-22,2024-04-01,0.0042044725182444,2024,2023-12-31,native_mse,20260912,0.0021346683785466035,,1,1
rolling5_annual20,3198,2024-03-29,2024-04-15,-0.0219845815102011,2024,2023-12-31,native_mse,20260912,0.001970104765042201,,1,0
rolling5_annual20,3206,2024-04-12,2024-04-22,0.018045199366633,2024,2023-12-31,native_mse,20260912,0.0018950666103198662,,1,1
rolling5_annual20,3211,2024-04-19,2024-04-29,0.0136757744232476,2024,2023-12-31,native_mse,20260912,0.0014826942470986316,,1,1
rolling5_annual20,3216,2024-04-26,2024-05-13,0.0172434956786644,2024,2023-12-31,native_mse,20260912,0.0010502698704938512,,1,1
rolling5_annual20,3223,2024-05-10,2024-05-20,0.0097933549988344,2024,2023-12-31,native_mse,20260912,0.0008603132721811119,,1,1
rolling5_annual20,3228,2024-05-17,2024-05-27,-0.0204803832637164,2024,2023-12-31,native_mse,20260912,0.000598359363630433,,1,0
rolling5_annual20,3233,2024-05-24,2024-06-03,-0.0081155643048258,2024,2023-12-31,native_mse,20260912,0.0005736014331172037,,1,0
rolling5_annual20,3238,2024-05-31,2024-06-11,-0.0060267570121149,2024,2023-12-31,native_mse,20260912,0.0005483327414548749,,1,0
rolling5_annual20,3243,2024-06-07,2024-06-17,-0.0096686558937179,2024,2023-12-31,native_mse,20260912,0.000585176229140396,,1,0
rolling5_annual20,3247,2024-06-14,2024-06-24,-0.013573992457631,2024,2023-12-31,native_mse,20260912,0.000605835607878555,,1,0
rolling5_annual20,3252,2024-06-21,2024-07-01,-0.004427632109257,2024,2023-12-31,native_mse,20260912,0.0006286050015987623,,1,0
rolling5_annual20,3257,2024-06-28,2024-07-08,-0.0108320369203009,2024,2023-12-31,native_mse,20260912,0.00064228262166844,,1,0
rolling5_annual20,3262,2024-07-05,2024-07-15,0.0122222871842843,2024,2023-12-31,native_mse,20260912,0.000721007461573622,,1,1
rolling5_annual20,3267,2024-07-12,2024-07-22,0.0218881133018156,2024,2023-12-31,native_mse,20260912,0.000821435978076197,,1,1
rolling5_annual20,3272,2024-07-19,2024-07-29,-0.0378787022382998,2024,2023-12-31,native_mse,20260912,0.0008418861287390497,,1,0
rolling5_annual20,3277,2024-07-26,2024-08-05,-0.0124134568216732,2024,2023-12-31,native_mse,20260912,0.0012675510770958798,,1,0
rolling5_annual20,3282,2024-08-02,2024-08-12,-0.0102762848330364,2024,2023-12-31,native_mse,20260912,0.0015249857513458085,,1,0
rolling5_annual20,3287,2024-08-09,2024-08-19,0.0050186923751938,2024,2023-12-31,native_mse,20260912,0.0015779514189250905,,1,1
rolling5_annual20,3292,2024-08-16,2024-08-26,-0.0040487282687352,2024,2023-12-31,native_mse,20260912,0.0013998325080271312,,1,0
rolling5_annual20,3297,2024-08-23,2024-09-02,-0.0069594562136714,2024,2023-12-31,native_mse,20260912,0.0014255873683507452,,1,0
rolling5_annual20,3302,2024-08-30,2024-09-09,-0.0280389655151561,2024,2023-12-31,native_mse,20260912,0.0015330401621674865,,1,0
rolling5_annual20,3307,2024-09-06,2024-09-18,-0.0174132138857783,2024,2023-12-31,native_mse,20260912,0.0015627932338450265,,1,0
rolling5_annual20,3312,2024-09-13,2024-09-24,0.0133119329369826,2024,2023-12-31,native_mse,20260912,0.0015103830852308555,,1,1
rolling5_annual20,3315,2024-09-20,2024-09-30,0.2017513988384409,2024,2023-12-31,native_mse,20260912,0.0015343284400254939,,1,1
rolling5_annual20,3320,2024-09-27,2024-10-14,0.0178259004588408,2024,2023-12-31,native_mse,20260912,0.0015725051425186597,,1,1
rolling5_annual20,3325,2024-10-11,2024-10-21,0.0080914993282625,2024,2023-12-31,native_mse,20260912,0.0019394229622847915,,1,1
rolling5_annual20,3330,2024-10-18,2024-10-28,0.0015733867085561,2024,2023-12-31,native_mse,20260912,0.0021210173726156634,,1,1
rolling5_annual20,3335,2024-10-25,2024-11-04,-0.0140142824257356,2024,2023-12-31,native_mse,20260912,0.0021565584052961957,,1,0
rolling5_annual20,3340,2024-11-01,2024-11-11,0.0434152361258277,2024,2023-12-31,native_mse,20260912,0.002066143931918221,,1,1
rolling5_annual20,3345,2024-11-08,2024-11-18,-0.0208584853931589,2024,2023-12-31,native_mse,20260912,0.0019328021834634566,,1,0
rolling5_annual20,3350,2024-11-15,2024-11-25,-0.0267421712161923,2024,2023-12-31,native_mse,20260912,0.0016078398644429398,,1,0
rolling5_annual20,3355,2024-11-22,2024-12-02,0.0087960346887328,2024,2023-12-31,native_mse,20260912,0.0014387624930086427,,1,1
rolling5_annual20,3360,2024-11-29,2024-12-09,0.0155919891551781,2024,2023-12-31,native_mse,20260912,0.001055672591838617,,1,1
rolling5_annual20,3365,2024-12-06,2024-12-16,-0.0100436703218104,2024,2023-12-31,native_mse,20260912,0.0009332123922739673,,1,0
rolling5_annual20,3370,2024-12-13,2024-12-23,-0.0006690784017421,2024,2023-12-31,native_mse,20260912,0.0007303535282016855,,1,0
rolling5_annual20,3375,2024-12-20,2024-12-30,0.0123595076562756,2024,2023-12-31,native_mse,20260912,0.0006347143027364932,,1,1
rolling5_annual20,3380,2024-12-27,2025-01-06,-0.0504714964669198,2024,2023-12-31,native_mse,20260912,0.0004962445983289108,,1,0
rolling5_annual20,3384,2025-01-03,2025-01-13,-0.0189486730632231,2025,2024-12-31,learned_market,20260910,0.38233645545210077,0.38233645545210077,0,0
rolling5_annual20,3389,2025-01-10,2025-01-20,0.0353251773547418,2025,2024-12-31,learned_market,20260910,0.3910227915849612,0.3910227915849612,0,1
rolling5_annual20,3394,2025-01-17,2025-01-27,0.000432821422053,2025,2024-12-31,learned_market,20260910,0.49015728346105064,0.49015728346105064,0,1
rolling5_annual20,3399,2025-01-24,2025-02-10,0.0159344898044284,2025,2024-12-31,learned_market,20260910,0.43779872313730184,0.43779872313730184,0,1
rolling5_annual20,3403,2025-02-07,2025-02-17,0.0144454990892999,2025,2024-12-31,learned_market,20260910,0.5065763414140139,0.5065763414140139,1,1
rolling5_annual20,3408,2025-02-14,2025-02-24,0.0045695818086644,2025,2024-12-31,learned_market,20260910,0.5698063647751795,0.5698063647751795,1,1
rolling5_annual20,3413,2025-02-21,2025-03-03,-0.0183210488158531,2025,2024-12-31,learned_market,20260910,0.5387747536285505,0.5387747536285505,1,0
rolling5_annual20,3418,2025-02-28,2025-03-10,0.0117650075646844,2025,2024-12-31,learned_market,20260910,0.4812656782302869,0.4812656782302869,0,1
rolling5_annual20,3423,2025-03-07,2025-03-17,0.019023819058288,2025,2024-12-31,learned_market,20260910,0.6111767156385011,0.6111767156385011,1,1
rolling5_annual20,3428,2025-03-14,2025-03-24,-0.0259983485216283,2025,2024-12-31,learned_market,20260910,0.44730435644814126,0.44730435644814126,0,0
rolling5_annual20,3433,2025-03-21,2025-03-31,-0.0025867506275359,2025,2024-12-31,learned_market,20260910,0.5315675954271929,0.5315675954271929,1,0
rolling5_annual20,3438,2025-03-28,2025-04-14,-0.0342910101946246,2025,2024-12-31,learned_market,20260910,0.7166635184412673,0.7166635184412673,1,0
rolling5_annual20,3447,2025-04-11,2025-04-21,-0.0010339232881941,2025,2024-12-31,learned_market,20260910,0.5214083358108379,0.5214083358108379,1,0
rolling5_annual20,3452,2025-04-18,2025-04-28,0.0048432383085554,2025,2024-12-31,learned_market,20260910,0.7734052582999416,0.7734052582999416,1,1
rolling5_annual20,3457,2025-04-25,2025-05-12,0.02116527880118,2025,2024-12-31,learned_market,20260910,0.4558498073052,0.4558498073052,0,1
rolling5_annual20,3464,2025-05-09,2025-05-19,0.0041484224873464,2025,2024-12-31,learned_market,20260910,0.3719118552957933,0.3719118552957933,0,1
rolling5_annual20,3469,2025-05-16,2025-05-26,-0.0017462660042188,2025,2024-12-31,learned_market,20260910,0.3347557846128493,0.3347557846128493,0,0
rolling5_annual20,3474,2025-05-23,2025-06-03,-0.0109216443615366,2025,2024-12-31,learned_market,20260910,0.4355752261120325,0.4355752261120325,0,0
rolling5_annual20,3479,2025-05-30,2025-06-09,0.011566574321892,2025,2024-12-31,learned_market,20260910,0.36634985851125834,0.36634985851125834,0,1
rolling5_annual20,3483,2025-06-06,2025-06-16,-0.0062354943524679,2025,2024-12-31,learned_market,20260910,0.4008337518523243,0.4008337518523243,0,0
rolling5_annual20,3488,2025-06-13,2025-06-23,-0.005825691168304,2025,2024-12-31,learned_market,20260910,0.39810789776620636,0.39810789776620636,0,0
rolling5_annual20,3493,2025-06-20,2025-06-30,0.0232670437490374,2025,2024-12-31,learned_market,20260910,0.4122689448247892,0.4122689448247892,0,1
rolling5_annual20,3498,2025-06-27,2025-07-07,0.0145345648685946,2025,2024-12-31,learned_market,20260910,0.3732862575696102,0.3732862575696102,0,1
rolling5_annual20,3503,2025-07-04,2025-07-14,0.0110426949002964,2025,2024-12-31,learned_market,20260910,0.7015823439777326,0.7015823439777326,1,1
rolling5_annual20,3508,2025-07-11,2025-07-21,0.0120759671840067,2025,2024-12-31,learned_market,20260910,0.7139989728727871,0.7139989728727871,1,1
rolling5_annual20,3513,2025-07-18,2025-07-28,0.0143570766898375,2025,2024-12-31,learned_market,20260910,0.4034517865000961,0.4034517865000961,0,1
rolling5_annual20,3518,2025-07-25,2025-08-04,-0.0218642507630443,2025,2024-12-31,learned_market,20260910,0.48275696040931965,0.48275696040931965,0,0
rolling5_annual20,3523,2025-08-01,2025-08-11,0.0179175520190988,2025,2024-12-31,learned_market,20260910,0.5124883538124961,0.5124883538124961,1,1
rolling5_annual20,3528,2025-08-08,2025-08-18,0.026265786598999,2025,2024-12-31,learned_market,20260910,0.337061662660508,0.337061662660508,0,1
rolling5_annual20,3533,2025-08-15,2025-08-25,0.0469483790671487,2025,2024-12-31,learned_market,20260910,0.4403874641150846,0.4403874641150846,0,1
rolling5_annual20,3538,2025-08-22,2025-09-01,0.0227770368340847,2025,2024-12-31,learned_market,20260910,0.4148027182610919,0.4148027182610919,0,1
rolling5_annual20,3543,2025-08-29,2025-09-08,-0.0110053842475337,2025,2024-12-31,learned_market,20260910,0.44547018940253946,0.44547018940253946,0,0
rolling5_annual20,3548,2025-09-05,2025-09-15,0.0151594857594405,2025,2024-12-31,learned_market,20260910,0.439099196508694,0.439099196508694,0,1
rolling5_annual20,3553,2025-09-12,2025-09-22,-0.0050409160971932,2025,2024-12-31,learned_market,20260910,0.47404842126415475,0.47404842126415475,0,0
rolling5_annual20,3558,2025-09-19,2025-09-29,0.0095300784790881,2025,2024-12-31,learned_market,20260910,0.46350428274903427,0.46350428274903427,0,1
rolling5_annual20,3563,2025-09-26,2025-10-13,-0.0140855274279203,2025,2024-12-31,learned_market,20260910,0.47329908698714157,0.47329908698714157,0,0
rolling5_annual20,3567,2025-10-10,2025-10-20,0.015001547584321,2025,2024-12-31,learned_market,20260910,0.4508331585950284,0.4508331585950284,0,1
rolling5_annual20,3572,2025-10-17,2025-10-27,0.0309637052897611,2025,2024-12-31,learned_market,20260910,0.4380873622035425,0.4380873622035425,0,1
rolling5_annual20,3577,2025-10-24,2025-11-03,-0.013331545863497,2025,2024-12-31,learned_market,20260910,0.45478895664449515,0.45478895664449515,0,0
rolling5_annual20,3582,2025-10-31,2025-11-10,0.0110832418536339,2025,2024-12-31,learned_market,20260910,0.45629729111767653,0.45629729111767653,0,1
rolling5_annual20,3587,2025-11-07,2025-11-17,-0.0152107881197579,2025,2024-12-31,learned_market,20260910,0.4596017809890631,0.4596017809890631,0,0
rolling5_annual20,3592,2025-11-14,2025-11-24,-0.031114557454173,2025,2024-12-31,learned_market,20260910,0.421919095541908,0.421919095541908,0,0
rolling5_annual20,3597,2025-11-21,2025-12-01,0.0147613767448515,2025,2024-12-31,learned_market,20260910,0.3917781851882584,0.3917781851882584,0,1
rolling5_annual20,3602,2025-11-28,2025-12-08,0.0118853804313106,2025,2024-12-31,learned_market,20260910,0.391495718394583,0.391495718394583,0,1
rolling5_annual20,3607,2025-12-05,2025-12-15,-0.0093922675990717,2025,2024-12-31,learned_market,20260910,0.391998136773391,0.391998136773391,0,0
rolling5_annual20,3612,2025-12-12,2025-12-22,0.0082791208791208,2025,2024-12-31,learned_market,20260910,0.414619478732369,0.414619478732369,0,1
rolling5_annual20,3617,2025-12-19,2025-12-29,0.0153890755001995,2025,2024-12-31,learned_market,20260910,0.584196917516146,0.584196917516146,1,1
rolling5_annual20,3622,2025-12-26,2026-01-12,0.0239101640737868,2025,2024-12-31,learned_market,20260910,0.3188740450267267,0.3188740450267267,0,1
rolling5_annual20,3384,2025-01-03,2025-01-13,-0.0189486730632231,2025,2024-12-31,learned_vol_interaction,20260910,0.38666219011730185,0.38666219011730185,0,0
rolling5_annual20,3389,2025-01-10,2025-01-20,0.0353251773547418,2025,2024-12-31,learned_vol_interaction,20260910,0.3791321657754841,0.3791321657754841,0,1
rolling5_annual20,3394,2025-01-17,2025-01-27,0.000432821422053,2025,2024-12-31,learned_vol_interaction,20260910,0.4768105126561029,0.4768105126561029,0,1
rolling5_annual20,3399,2025-01-24,2025-02-10,0.0159344898044284,2025,2024-12-31,learned_vol_interaction,20260910,0.46081361135637805,0.46081361135637805,0,1
rolling5_annual20,3403,2025-02-07,2025-02-17,0.0144454990892999,2025,2024-12-31,learned_vol_interaction,20260910,0.5021249737202294,0.5021249737202294,1,1
rolling5_annual20,3408,2025-02-14,2025-02-24,0.0045695818086644,2025,2024-12-31,learned_vol_interaction,20260910,0.5796741457129003,0.5796741457129003,1,1
rolling5_annual20,3413,2025-02-21,2025-03-03,-0.0183210488158531,2025,2024-12-31,learned_vol_interaction,20260910,0.5894724308913238,0.5894724308913238,1,0
rolling5_annual20,3418,2025-02-28,2025-03-10,0.0117650075646844,2025,2024-12-31,learned_vol_interaction,20260910,0.5038224926529957,0.5038224926529957,1,1
rolling5_annual20,3423,2025-03-07,2025-03-17,0.019023819058288,2025,2024-12-31,learned_vol_interaction,20260910,0.6257731101792092,0.6257731101792092,1,1
rolling5_annual20,3428,2025-03-14,2025-03-24,-0.0259983485216283,2025,2024-12-31,learned_vol_interaction,20260910,0.44102075881393793,0.44102075881393793,0,0
rolling5_annual20,3433,2025-03-21,2025-03-31,-0.0025867506275359,2025,2024-12-31,learned_vol_interaction,20260910,0.5122265111637169,0.5122265111637169,1,0
rolling5_annual20,3438,2025-03-28,2025-04-14,-0.0342910101946246,2025,2024-12-31,learned_vol_interaction,20260910,0.7509067743034049,0.7509067743034049,1,0
rolling5_annual20,3447,2025-04-11,2025-04-21,-0.0010339232881941,2025,2024-12-31,learned_vol_interaction,20260910,0.5594314824149098,0.5594314824149098,1,0
rolling5_annual20,3452,2025-04-18,2025-04-28,0.0048432383085554,2025,2024-12-31,learned_vol_interaction,20260910,0.6161803550192988,0.6161803550192988,1,1
rolling5_annual20,3457,2025-04-25,2025-05-12,0.02116527880118,2025,2024-12-31,learned_vol_interaction,20260910,0.5129504837776576,0.5129504837776576,1,1
rolling5_annual20,3464,2025-05-09,2025-05-19,0.0041484224873464,2025,2024-12-31,learned_vol_interaction,20260910,0.3397584672529613,0.3397584672529613,0,1
rolling5_annual20,3469,2025-05-16,2025-05-26,-0.0017462660042188,2025,2024-12-31,learned_vol_interaction,20260910,0.3057602604209353,0.3057602604209353,0,0
rolling5_annual20,3474,2025-05-23,2025-06-03,-0.0109216443615366,2025,2024-12-31,learned_vol_interaction,20260910,0.4388710457955909,0.4388710457955909,0,0
rolling5_annual20,3479,2025-05-30,2025-06-09,0.011566574321892,2025,2024-12-31,learned_vol_interaction,20260910,0.36460442555702505,0.36460442555702505,0,1
rolling5_annual20,3483,2025-06-06,2025-06-16,-0.0062354943524679,2025,2024-12-31,learned_vol_interaction,20260910,0.39394803233936054,0.39394803233936054,0,0
rolling5_annual20,3488,2025-06-13,2025-06-23,-0.005825691168304,2025,2024-12-31,learned_vol_interaction,20260910,0.3901672438709687,0.3901672438709687,0,0
rolling5_annual20,3493,2025-06-20,2025-06-30,0.0232670437490374,2025,2024-12-31,learned_vol_interaction,20260910,0.422539141417078,0.422539141417078,0,1
rolling5_annual20,3498,2025-06-27,2025-07-07,0.0145345648685946,2025,2024-12-31,learned_vol_interaction,20260910,0.38892299865015934,0.38892299865015934,0,1
rolling5_annual20,3503,2025-07-04,2025-07-14,0.0110426949002964,2025,2024-12-31,learned_vol_interaction,20260910,0.7804471157978421,0.7804471157978421,1,1
rolling5_annual20,3508,2025-07-11,2025-07-21,0.0120759671840067,2025,2024-12-31,learned_vol_interaction,20260910,0.8059006088843718,0.8059006088843718,1,1
rolling5_annual20,3513,2025-07-18,2025-07-28,0.0143570766898375,2025,2024-12-31,learned_vol_interaction,20260910,0.4022202754416644,0.4022202754416644,0,1
rolling5_annual20,3518,2025-07-25,2025-08-04,-0.0218642507630443,2025,2024-12-31,learned_vol_interaction,20260910,0.4655503807560464,0.4655503807560464,0,0
rolling5_annual20,3523,2025-08-01,2025-08-11,0.0179175520190988,2025,2024-12-31,learned_vol_interaction,20260910,0.5131744614899625,0.5131744614899625,1,1
rolling5_annual20,3528,2025-08-08,2025-08-18,0.026265786598999,2025,2024-12-31,learned_vol_interaction,20260910,0.26813484576790564,0.26813484576790564,0,1
rolling5_annual20,3533,2025-08-15,2025-08-25,0.0469483790671487,2025,2024-12-31,learned_vol_interaction,20260910,0.3957918177235022,0.3957918177235022,0,1
rolling5_annual20,3538,2025-08-22,2025-09-01,0.0227770368340847,2025,2024-12-31,learned_vol_interaction,20260910,0.3814946408024303,0.3814946408024303,0,1
rolling5_annual20,3543,2025-08-29,2025-09-08,-0.0110053842475337,2025,2024-12-31,learned_vol_interaction,20260910,0.4238694970722328,0.4238694970722328,0,0
rolling5_annual20,3548,2025-09-05,2025-09-15,0.0151594857594405,2025,2024-12-31,learned_vol_interaction,20260910,0.43903974814462976,0.43903974814462976,0,1
rolling5_annual20,3553,2025-09-12,2025-09-22,-0.0050409160971932,2025,2024-12-31,learned_vol_interaction,20260910,0.47422353562658653,0.47422353562658653,0,0
rolling5_annual20,3558,2025-09-19,2025-09-29,0.0095300784790881,2025,2024-12-31,learned_vol_interaction,20260910,0.458739778875352,0.458739778875352,0,1
rolling5_annual20,3563,2025-09-26,2025-10-13,-0.0140855274279203,2025,2024-12-31,learned_vol_interaction,20260910,0.45076701170720995,0.45076701170720995,0,0
rolling5_annual20,3567,2025-10-10,2025-10-20,0.015001547584321,2025,2024-12-31,learned_vol_interaction,20260910,0.44722373023939194,0.44722373023939194,0,1
rolling5_annual20,3572,2025-10-17,2025-10-27,0.0309637052897611,2025,2024-12-31,learned_vol_interaction,20260910,0.4295343873662784,0.4295343873662784,0,1
rolling5_annual20,3577,2025-10-24,2025-11-03,-0.013331545863497,2025,2024-12-31,learned_vol_interaction,20260910,0.44980770107691576,0.44980770107691576,0,0
rolling5_annual20,3582,2025-10-31,2025-11-10,0.0110832418536339,2025,2024-12-31,learned_vol_interaction,20260910,0.4681567893812729,0.4681567893812729,0,1
rolling5_annual20,3587,2025-11-07,2025-11-17,-0.0152107881197579,2025,2024-12-31,learned_vol_interaction,20260910,0.4479188757258939,0.4479188757258939,0,0
rolling5_annual20,3592,2025-11-14,2025-11-24,-0.031114557454173,2025,2024-12-31,learned_vol_interaction,20260910,0.4196138900791056,0.4196138900791056,0,0
rolling5_annual20,3597,2025-11-21,2025-12-01,0.0147613767448515,2025,2024-12-31,learned_vol_interaction,20260910,0.3983762032629547,0.3983762032629547,0,1
rolling5_annual20,3602,2025-11-28,2025-12-08,0.0118853804313106,2025,2024-12-31,learned_vol_interaction,20260910,0.3714344427967257,0.3714344427967257,0,1
rolling5_annual20,3607,2025-12-05,2025-12-15,-0.0093922675990717,2025,2024-12-31,learned_vol_interaction,20260910,0.39417455635477106,0.39417455635477106,0,0
rolling5_annual20,3612,2025-12-12,2025-12-22,0.0082791208791208,2025,2024-12-31,learned_vol_interaction,20260910,0.4149719916251764,0.4149719916251764,0,1
rolling5_annual20,3617,2025-12-19,2025-12-29,0.0153890755001995,2025,2024-12-31,learned_vol_interaction,20260910,0.6003183983490965,0.6003183983490965,1,1
rolling5_annual20,3622,2025-12-26,2026-01-12,0.0239101640737868,2025,2024-12-31,learned_vol_interaction,20260910,0.30192881781235653,0.30192881781235653,0,1
rolling5_annual20,3384,2025-01-03,2025-01-13,-0.0189486730632231,2025,2024-12-31,learned_order_extension,20260910,0.36600157937330885,0.36600157937330885,0,0
rolling5_annual20,3389,2025-01-10,2025-01-20,0.0353251773547418,2025,2024-12-31,learned_order_extension,20260910,0.35256611690823136,0.35256611690823136,0,1
rolling5_annual20,3394,2025-01-17,2025-01-27,0.000432821422053,2025,2024-12-31,learned_order_extension,20260910,0.48744472138871614,0.48744472138871614,0,1
rolling5_annual20,3399,2025-01-24,2025-02-10,0.0159344898044284,2025,2024-12-31,learned_order_extension,20260910,0.4710830358173244,0.4710830358173244,0,1
rolling5_annual20,3403,2025-02-07,2025-02-17,0.0144454990892999,2025,2024-12-31,learned_order_extension,20260910,0.5229042647242248,0.5229042647242248,1,1
rolling5_annual20,3408,2025-02-14,2025-02-24,0.0045695818086644,2025,2024-12-31,learned_order_extension,20260910,0.5778482952092869,0.5778482952092869,1,1
rolling5_annual20,3413,2025-02-21,2025-03-03,-0.0183210488158531,2025,2024-12-31,learned_order_extension,20260910,0.6398652110146743,0.6398652110146743,1,0
rolling5_annual20,3418,2025-02-28,2025-03-10,0.0117650075646844,2025,2024-12-31,learned_order_extension,20260910,0.5091435465758709,0.5091435465758709,1,1
rolling5_annual20,3423,2025-03-07,2025-03-17,0.019023819058288,2025,2024-12-31,learned_order_extension,20260910,0.6768915881499589,0.6768915881499589,1,1
rolling5_annual20,3428,2025-03-14,2025-03-24,-0.0259983485216283,2025,2024-12-31,learned_order_extension,20260910,0.45607712059245215,0.45607712059245215,0,0
rolling5_annual20,3433,2025-03-21,2025-03-31,-0.0025867506275359,2025,2024-12-31,learned_order_extension,20260910,0.5368074346463041,0.5368074346463041,1,0
rolling5_annual20,3438,2025-03-28,2025-04-14,-0.0342910101946246,2025,2024-12-31,learned_order_extension,20260910,0.8368647681799748,0.8368647681799748,1,0
rolling5_annual20,3447,2025-04-11,2025-04-21,-0.0010339232881941,2025,2024-12-31,learned_order_extension,20260910,0.567649834278569,0.567649834278569,1,0
rolling5_annual20,3452,2025-04-18,2025-04-28,0.0048432383085554,2025,2024-12-31,learned_order_extension,20260910,0.681410394058545,0.681410394058545,1,1
rolling5_annual20,3457,2025-04-25,2025-05-12,0.02116527880118,2025,2024-12-31,learned_order_extension,20260910,0.5052829053147527,0.5052829053147527,1,1
rolling5_annual20,3464,2025-05-09,2025-05-19,0.0041484224873464,2025,2024-12-31,learned_order_extension,20260910,0.3280238538809617,0.3280238538809617,0,1
rolling5_annual20,3469,2025-05-16,2025-05-26,-0.0017462660042188,2025,2024-12-31,learned_order_extension,20260910,0.3040369005743606,0.3040369005743606,0,0
rolling5_annual20,3474,2025-05-23,2025-06-03,-0.0109216443615366,2025,2024-12-31,learned_order_extension,20260910,0.44422438744915205,0.44422438744915205,0,0
rolling5_annual20,3479,2025-05-30,2025-06-09,0.011566574321892,2025,2024-12-31,learned_order_extension,20260910,0.38913330899989523,0.38913330899989523,0,1
rolling5_annual20,3483,2025-06-06,2025-06-16,-0.0062354943524679,2025,2024-12-31,learned_order_extension,20260910,0.40874376815426067,0.40874376815426067,0,0
rolling5_annual20,3488,2025-06-13,2025-06-23,-0.005825691168304,2025,2024-12-31,learned_order_extension,20260910,0.3992895348297111,0.3992895348297111,0,0
rolling5_annual20,3493,2025-06-20,2025-06-30,0.0232670437490374,2025,2024-12-31,learned_order_extension,20260910,0.43522740351269595,0.43522740351269595,0,1
rolling5_annual20,3498,2025-06-27,2025-07-07,0.0145345648685946,2025,2024-12-31,learned_order_extension,20260910,0.40978431801033516,0.40978431801033516,0,1
rolling5_annual20,3503,2025-07-04,2025-07-14,0.0110426949002964,2025,2024-12-31,learned_order_extension,20260910,0.7176321167186754,0.7176321167186754,1,1
rolling5_annual20,3508,2025-07-11,2025-07-21,0.0120759671840067,2025,2024-12-31,learned_order_extension,20260910,0.8326931438759837,0.8326931438759837,1,1
rolling5_annual20,3513,2025-07-18,2025-07-28,0.0143570766898375,2025,2024-12-31,learned_order_extension,20260910,0.39152870941681295,0.39152870941681295,0,1
rolling5_annual20,3518,2025-07-25,2025-08-04,-0.0218642507630443,2025,2024-12-31,learned_order_extension,20260910,0.44803558799905846,0.44803558799905846,0,0
rolling5_annual20,3523,2025-08-01,2025-08-11,0.0179175520190988,2025,2024-12-31,learned_order_extension,20260910,0.4974977283652398,0.4974977283652398,0,1
rolling5_annual20,3528,2025-08-08,2025-08-18,0.026265786598999,2025,2024-12-31,learned_order_extension,20260910,0.28923456244235046,0.28923456244235046,0,1
rolling5_annual20,3533,2025-08-15,2025-08-25,0.0469483790671487,2025,2024-12-31,learned_order_extension,20260910,0.37567196821432247,0.37567196821432247,0,1
rolling5_annual20,3538,2025-08-22,2025-09-01,0.0227770368340847,2025,2024-12-31,learned_order_extension,20260910,0.35309160588380617,0.35309160588380617,0,1
rolling5_annual20,3543,2025-08-29,2025-09-08,-0.0110053842475337,2025,2024-12-31,learned_order_extension,20260910,0.414950573852872,0.414950573852872,0,0
rolling5_annual20,3548,2025-09-05,2025-09-15,0.0151594857594405,2025,2024-12-31,learned_order_extension,20260910,0.44419609703054896,0.44419609703054896,0,1
rolling5_annual20,3553,2025-09-12,2025-09-22,-0.0050409160971932,2025,2024-12-31,learned_order_extension,20260910,0.48911647755360804,0.48911647755360804,0,0
rolling5_annual20,3558,2025-09-19,2025-09-29,0.0095300784790881,2025,2024-12-31,learned_order_extension,20260910,0.4484611229876225,0.4484611229876225,0,1
rolling5_annual20,3563,2025-09-26,2025-10-13,-0.0140855274279203,2025,2024-12-31,learned_order_extension,20260910,0.4329956852716207,0.4329956852716207,0,0
rolling5_annual20,3567,2025-10-10,2025-10-20,0.015001547584321,2025,2024-12-31,learned_order_extension,20260910,0.4374250973987012,0.4374250973987012,0,1
rolling5_annual20,3572,2025-10-17,2025-10-27,0.0309637052897611,2025,2024-12-31,learned_order_extension,20260910,0.42175299872804267,0.42175299872804267,0,1
rolling5_annual20,3577,2025-10-24,2025-11-03,-0.013331545863497,2025,2024-12-31,learned_order_extension,20260910,0.4366552310757828,0.4366552310757828,0,0
rolling5_annual20,3582,2025-10-31,2025-11-10,0.0110832418536339,2025,2024-12-31,learned_order_extension,20260910,0.44422704458498696,0.44422704458498696,0,1
rolling5_annual20,3587,2025-11-07,2025-11-17,-0.0152107881197579,2025,2024-12-31,learned_order_extension,20260910,0.4121821919684248,0.4121821919684248,0,0
rolling5_annual20,3592,2025-11-14,2025-11-24,-0.031114557454173,2025,2024-12-31,learned_order_extension,20260910,0.3834394392569858,0.3834394392569858,0,0
rolling5_annual20,3597,2025-11-21,2025-12-01,0.0147613767448515,2025,2024-12-31,learned_order_extension,20260910,0.36890976533068714,0.36890976533068714,0,1
rolling5_annual20,3602,2025-11-28,2025-12-08,0.0118853804313106,2025,2024-12-31,learned_order_extension,20260910,0.32234639686295663,0.32234639686295663,0,1
rolling5_annual20,3607,2025-12-05,2025-12-15,-0.0093922675990717,2025,2024-12-31,learned_order_extension,20260910,0.3536741737892265,0.3536741737892265,0,0
rolling5_annual20,3612,2025-12-12,2025-12-22,0.0082791208791208,2025,2024-12-31,learned_order_extension,20260910,0.4084124508900537,0.4084124508900537,0,1
rolling5_annual20,3617,2025-12-19,2025-12-29,0.0153890755001995,2025,2024-12-31,learned_order_extension,20260910,0.6626830721040038,0.6626830721040038,1,1
rolling5_annual20,3622,2025-12-26,2026-01-12,0.0239101640737868,2025,2024-12-31,learned_order_extension,20260910,0.29817910640968603,0.29817910640968603,0,1
rolling5_annual20,3384,2025-01-03,2025-01-13,-0.0189486730632231,2025,2024-12-31,learned_order_offset,20260910,0.36669421956338505,0.36669421956338505,0,0
rolling5_annual20,3389,2025-01-10,2025-01-20,0.0353251773547418,2025,2024-12-31,learned_order_offset,20260910,0.35282059228350937,0.35282059228350937,0,1
rolling5_annual20,3394,2025-01-17,2025-01-27,0.000432821422053,2025,2024-12-31,learned_order_offset,20260910,0.48807314138283653,0.48807314138283653,0,1
rolling5_annual20,3399,2025-01-24,2025-02-10,0.0159344898044284,2025,2024-12-31,learned_order_offset,20260910,0.4717801139449288,0.4717801139449288,0,1
rolling5_annual20,3403,2025-02-07,2025-02-17,0.0144454990892999,2025,2024-12-31,learned_order_offset,20260910,0.524022842955718,0.524022842955718,1,1
rolling5_annual20,3408,2025-02-14,2025-02-24,0.0045695818086644,2025,2024-12-31,learned_order_offset,20260910,0.5772818750748553,0.5772818750748553,1,1
rolling5_annual20,3413,2025-02-21,2025-03-03,-0.0183210488158531,2025,2024-12-31,learned_order_offset,20260910,0.6395827908381064,0.6395827908381064,1,0
rolling5_annual20,3418,2025-02-28,2025-03-10,0.0117650075646844,2025,2024-12-31,learned_order_offset,20260910,0.5071295431195366,0.5071295431195366,1,1
rolling5_annual20,3423,2025-03-07,2025-03-17,0.019023819058288,2025,2024-12-31,learned_order_offset,20260910,0.6756470892929178,0.6756470892929178,1,1
rolling5_annual20,3428,2025-03-14,2025-03-24,-0.0259983485216283,2025,2024-12-31,learned_order_offset,20260910,0.455714753994421,0.455714753994421,0,0
rolling5_annual20,3433,2025-03-21,2025-03-31,-0.0025867506275359,2025,2024-12-31,learned_order_offset,20260910,0.5359223493617127,0.5359223493617127,1,0
rolling5_annual20,3438,2025-03-28,2025-04-14,-0.0342910101946246,2025,2024-12-31,learned_order_offset,20260910,0.834993269183481,0.834993269183481,1,0
rolling5_annual20,3447,2025-04-11,2025-04-21,-0.0010339232881941,2025,2024-12-31,learned_order_offset,20260910,0.5649605883931398,0.5649605883931398,1,0
rolling5_annual20,3452,2025-04-18,2025-04-28,0.0048432383085554,2025,2024-12-31,learned_order_offset,20260910,0.6812464486051237,0.6812464486051237,1,1
rolling5_annual20,3457,2025-04-25,2025-05-12,0.02116527880118,2025,2024-12-31,learned_order_offset,20260910,0.5051445248644001,0.5051445248644001,1,1
rolling5_annual20,3464,2025-05-09,2025-05-19,0.0041484224873464,2025,2024-12-31,learned_order_offset,20260910,0.3288144848914296,0.3288144848914296,0,1
rolling5_annual20,3469,2025-05-16,2025-05-26,-0.0017462660042188,2025,2024-12-31,learned_order_offset,20260910,0.3043209517441266,0.3043209517441266,0,0
rolling5_annual20,3474,2025-05-23,2025-06-03,-0.0109216443615366,2025,2024-12-31,learned_order_offset,20260910,0.44478990167489674,0.44478990167489674,0,0
rolling5_annual20,3479,2025-05-30,2025-06-09,0.011566574321892,2025,2024-12-31,learned_order_offset,20260910,0.3894673260808954,0.3894673260808954,0,1
rolling5_annual20,3483,2025-06-06,2025-06-16,-0.0062354943524679,2025,2024-12-31,learned_order_offset,20260910,0.4096952673269118,0.4096952673269118,0,0
rolling5_annual20,3488,2025-06-13,2025-06-23,-0.005825691168304,2025,2024-12-31,learned_order_offset,20260910,0.3998744310516097,0.3998744310516097,0,0
rolling5_annual20,3493,2025-06-20,2025-06-30,0.0232670437490374,2025,2024-12-31,learned_order_offset,20260910,0.43535837385464177,0.43535837385464177,0,1
rolling5_annual20,3498,2025-06-27,2025-07-07,0.0145345648685946,2025,2024-12-31,learned_order_offset,20260910,0.4097128200210753,0.4097128200210753,0,1
rolling5_annual20,3503,2025-07-04,2025-07-14,0.0110426949002964,2025,2024-12-31,learned_order_offset,20260910,0.7138049429629315,0.7138049429629315,1,1
rolling5_annual20,3508,2025-07-11,2025-07-21,0.0120759671840067,2025,2024-12-31,learned_order_offset,20260910,0.8295391005206344,0.8295391005206344,1,1
rolling5_annual20,3513,2025-07-18,2025-07-28,0.0143570766898375,2025,2024-12-31,learned_order_offset,20260910,0.3912754070593162,0.3912754070593162,0,1
rolling5_annual20,3518,2025-07-25,2025-08-04,-0.0218642507630443,2025,2024-12-31,learned_order_offset,20260910,0.4472338795260976,0.4472338795260976,0,0
rolling5_annual20,3523,2025-08-01,2025-08-11,0.0179175520190988,2025,2024-12-31,learned_order_offset,20260910,0.49738369791735854,0.49738369791735854,0,1
rolling5_annual20,3528,2025-08-08,2025-08-18,0.026265786598999,2025,2024-12-31,learned_order_offset,20260910,0.29021186818668443,0.29021186818668443,0,1
rolling5_annual20,3533,2025-08-15,2025-08-25,0.0469483790671487,2025,2024-12-31,learned_order_offset,20260910,0.3765210913585545,0.3765210913585545,0,1
rolling5_annual20,3538,2025-08-22,2025-09-01,0.0227770368340847,2025,2024-12-31,learned_order_offset,20260910,0.3535124963113698,0.3535124963113698,0,1
rolling5_annual20,3543,2025-08-29,2025-09-08,-0.0110053842475337,2025,2024-12-31,learned_order_offset,20260910,0.4155611592025284,0.4155611592025284,0,0
rolling5_annual20,3548,2025-09-05,2025-09-15,0.0151594857594405,2025,2024-12-31,learned_order_offset,20260910,0.44480586026466634,0.44480586026466634,0,1
rolling5_annual20,3553,2025-09-12,2025-09-22,-0.0050409160971932,2025,2024-12-31,learned_order_offset,20260910,0.4900756775013041,0.4900756775013041,0,0
rolling5_annual20,3558,2025-09-19,2025-09-29,0.0095300784790881,2025,2024-12-31,learned_order_offset,20260910,0.4492520954551793,0.4492520954551793,0,1
rolling5_annual20,3563,2025-09-26,2025-10-13,-0.0140855274279203,2025,2024-12-31,learned_order_offset,20260910,0.4335073624553348,0.4335073624553348,0,0
rolling5_annual20,3567,2025-10-10,2025-10-20,0.015001547584321,2025,2024-12-31,learned_order_offset,20260910,0.4383291264578575,0.4383291264578575,0,1
rolling5_annual20,3572,2025-10-17,2025-10-27,0.0309637052897611,2025,2024-12-31,learned_order_offset,20260910,0.42244156693704515,0.42244156693704515,0,1
rolling5_annual20,3577,2025-10-24,2025-11-03,-0.013331545863497,2025,2024-12-31,learned_order_offset,20260910,0.4373772094377323,0.4373772094377323,0,0
rolling5_annual20,3582,2025-10-31,2025-11-10,0.0110832418536339,2025,2024-12-31,learned_order_offset,20260910,0.4448868201240668,0.4448868201240668,0,1
rolling5_annual20,3587,2025-11-07,2025-11-17,-0.0152107881197579,2025,2024-12-31,learned_order_offset,20260910,0.4128358919320841,0.4128358919320841,0,0
rolling5_annual20,3592,2025-11-14,2025-11-24,-0.031114557454173,2025,2024-12-31,learned_order_offset,20260910,0.3842630437962762,0.3842630437962762,0,0
rolling5_annual20,3597,2025-11-21,2025-12-01,0.0147613767448515,2025,2024-12-31,learned_order_offset,20260910,0.369912667424471,0.369912667424471,0,1
rolling5_annual20,3602,2025-11-28,2025-12-08,0.0118853804313106,2025,2024-12-31,learned_order_offset,20260910,0.3228815407821598,0.3228815407821598,0,1
rolling5_annual20,3607,2025-12-05,2025-12-15,-0.0093922675990717,2025,2024-12-31,learned_order_offset,20260910,0.3542499269143583,0.3542499269143583,0,0
rolling5_annual20,3612,2025-12-12,2025-12-22,0.0082791208791208,2025,2024-12-31,learned_order_offset,20260910,0.4080196331095147,0.4080196331095147,0,1
rolling5_annual20,3617,2025-12-19,2025-12-29,0.0153890755001995,2025,2024-12-31,learned_order_offset,20260910,0.6618244415513685,0.6618244415513685,1,1
rolling5_annual20,3622,2025-12-26,2026-01-12,0.0239101640737868,2025,2024-12-31,learned_order_offset,20260910,0.2985952086190204,0.2985952086190204,0,1
rolling5_annual20,3384,2025-01-03,2025-01-13,-0.0189486730632231,2025,2024-12-31,native_mse,20260910,-0.0042551962797835255,,0,0
rolling5_annual20,3389,2025-01-10,2025-01-20,0.0353251773547418,2025,2024-12-31,native_mse,20260910,-0.004346017102457373,,0,1
rolling5_annual20,3394,2025-01-17,2025-01-27,0.000432821422053,2025,2024-12-31,native_mse,20260910,-0.0019110835117753682,,0,1
rolling5_annual20,3399,2025-01-24,2025-02-10,0.0159344898044284,2025,2024-12-31,native_mse,20260910,-0.0018767518511483509,,0,1
rolling5_annual20,3403,2025-02-07,2025-02-17,0.0144454990892999,2025,2024-12-31,native_mse,20260910,-0.0005243581714439598,,0,1
rolling5_annual20,3408,2025-02-14,2025-02-24,0.0045695818086644,2025,2024-12-31,native_mse,20260910,0.0018166916350322408,,1,1
rolling5_annual20,3413,2025-02-21,2025-03-03,-0.0183210488158531,2025,2024-12-31,native_mse,20260910,-0.0017910693651536675,,0,0
rolling5_annual20,3418,2025-02-28,2025-03-10,0.0117650075646844,2025,2024-12-31,native_mse,20260910,8.039864129989814e-05,,1,1
rolling5_annual20,3423,2025-03-07,2025-03-17,0.019023819058288,2025,2024-12-31,native_mse,20260910,0.00045020548490624885,,1,1
rolling5_annual20,3428,2025-03-14,2025-03-24,-0.0259983485216283,2025,2024-12-31,native_mse,20260910,0.004030585426274574,,1,0
rolling5_annual20,3433,2025-03-21,2025-03-31,-0.0025867506275359,2025,2024-12-31,native_mse,20260910,0.0025467178052053364,,1,0
rolling5_annual20,3438,2025-03-28,2025-04-14,-0.0342910101946246,2025,2024-12-31,native_mse,20260910,0.007880897711304511,,1,0
rolling5_annual20,3447,2025-04-11,2025-04-21,-0.0010339232881941,2025,2024-12-31,native_mse,20260910,5.880823721327009e-05,,1,0
rolling5_annual20,3452,2025-04-18,2025-04-28,0.0048432383085554,2025,2024-12-31,native_mse,20260910,0.005609692399565023,,1,1
rolling5_annual20,3457,2025-04-25,2025-05-12,0.02116527880118,2025,2024-12-31,native_mse,20260910,-0.000987643148635555,,0,1
rolling5_annual20,3464,2025-05-09,2025-05-19,0.0041484224873464,2025,2024-12-31,native_mse,20260910,-0.0013747677302766792,,0,1
rolling5_annual20,3469,2025-05-16,2025-05-26,-0.0017462660042188,2025,2024-12-31,native_mse,20260910,-0.0004666942525332647,,0,0
rolling5_annual20,3474,2025-05-23,2025-06-03,-0.0109216443615366,2025,2024-12-31,native_mse,20260910,-0.0003784346347167226,,0,0
rolling5_annual20,3479,2025-05-30,2025-06-09,0.011566574321892,2025,2024-12-31,native_mse,20260910,0.0010175785321809984,,1,1
rolling5_annual20,3483,2025-06-06,2025-06-16,-0.0062354943524679,2025,2024-12-31,native_mse,20260910,-0.0001914645603575384,,0,0
rolling5_annual20,3488,2025-06-13,2025-06-23,-0.005825691168304,2025,2024-12-31,native_mse,20260910,1.1665969000571627e-05,,1,0
rolling5_annual20,3493,2025-06-20,2025-06-30,0.0232670437490374,2025,2024-12-31,native_mse,20260910,0.0007044968618821799,,1,1
rolling5_annual20,3498,2025-06-27,2025-07-07,0.0145345648685946,2025,2024-12-31,native_mse,20260910,-0.003232334991441291,,0,1
rolling5_annual20,3503,2025-07-04,2025-07-14,0.0110426949002964,2025,2024-12-31,native_mse,20260910,0.003419117861495023,,1,1
rolling5_annual20,3508,2025-07-11,2025-07-21,0.0120759671840067,2025,2024-12-31,native_mse,20260910,0.011140680775400312,,1,1
rolling5_annual20,3513,2025-07-18,2025-07-28,0.0143570766898375,2025,2024-12-31,native_mse,20260910,-0.002127522022613997,,0,1
rolling5_annual20,3518,2025-07-25,2025-08-04,-0.0218642507630443,2025,2024-12-31,native_mse,20260910,-0.001869242573817923,,0,0
rolling5_annual20,3523,2025-08-01,2025-08-11,0.0179175520190988,2025,2024-12-31,native_mse,20260910,2.2319590068522338e-05,,1,1
rolling5_annual20,3528,2025-08-08,2025-08-18,0.026265786598999,2025,2024-12-31,native_mse,20260910,-0.004614466433741538,,0,1
rolling5_annual20,3533,2025-08-15,2025-08-25,0.0469483790671487,2025,2024-12-31,native_mse,20260910,-0.0013489789955213162,,0,1
rolling5_annual20,3538,2025-08-22,2025-09-01,0.0227770368340847,2025,2024-12-31,native_mse,20260910,-0.004341013056443359,,0,1
rolling5_annual20,3543,2025-08-29,2025-09-08,-0.0110053842475337,2025,2024-12-31,native_mse,20260910,-0.004924417538845909,,0,0
rolling5_annual20,3548,2025-09-05,2025-09-15,0.0151594857594405,2025,2024-12-31,native_mse,20260910,-0.004519124644784283,,0,1
rolling5_annual20,3553,2025-09-12,2025-09-22,-0.0050409160971932,2025,2024-12-31,native_mse,20260910,-0.004114428954602145,,0,0
rolling5_annual20,3558,2025-09-19,2025-09-29,0.0095300784790881,2025,2024-12-31,native_mse,20260910,-0.0047590961051182015,,0,1
rolling5_annual20,3563,2025-09-26,2025-10-13,-0.0140855274279203,2025,2024-12-31,native_mse,20260910,-0.004219803127072934,,0,0
rolling5_annual20,3567,2025-10-10,2025-10-20,0.015001547584321,2025,2024-12-31,native_mse,20260910,-0.003823350500415441,,0,1
rolling5_annual20,3572,2025-10-17,2025-10-27,0.0309637052897611,2025,2024-12-31,native_mse,20260910,-0.003866623261027931,,0,1
rolling5_annual20,3577,2025-10-24,2025-11-03,-0.013331545863497,2025,2024-12-31,native_mse,20260910,-0.0036382658807448576,,0,0
rolling5_annual20,3582,2025-10-31,2025-11-10,0.0110832418536339,2025,2024-12-31,native_mse,20260910,-0.003790641327688186,,0,1
rolling5_annual20,3587,2025-11-07,2025-11-17,-0.0152107881197579,2025,2024-12-31,native_mse,20260910,-0.003538974204578519,,0,0
rolling5_annual20,3592,2025-11-14,2025-11-24,-0.031114557454173,2025,2024-12-31,native_mse,20260910,-0.003282621345580935,,0,0
rolling5_annual20,3597,2025-11-21,2025-12-01,0.0147613767448515,2025,2024-12-31,native_mse,20260910,-0.0034884891644206416,,0,1
rolling5_annual20,3602,2025-11-28,2025-12-08,0.0118853804313106,2025,2024-12-31,native_mse,20260910,-0.003806133337151431,,0,1
rolling5_annual20,3607,2025-12-05,2025-12-15,-0.0093922675990717,2025,2024-12-31,native_mse,20260910,-0.003208553856296927,,0,0
rolling5_annual20,3612,2025-12-12,2025-12-22,0.0082791208791208,2025,2024-12-31,native_mse,20260910,0.0022387132272507658,,1,1
rolling5_annual20,3617,2025-12-19,2025-12-29,0.0153890755001995,2025,2024-12-31,native_mse,20260910,0.006486312528548796,,1,1
rolling5_annual20,3622,2025-12-26,2026-01-12,0.0239101640737868,2025,2024-12-31,native_mse,20260910,-0.0003728277129905187,,0,1
rolling5_annual20,3384,2025-01-03,2025-01-13,-0.0189486730632231,2025,2024-12-31,training_frequency,-1,0.472636815920398,0.472636815920398,0,0
rolling5_annual20,3389,2025-01-10,2025-01-20,0.0353251773547418,2025,2024-12-31,training_frequency,-1,0.472636815920398,0.472636815920398,0,1
rolling5_annual20,3394,2025-01-17,2025-01-27,0.000432821422053,2025,2024-12-31,training_frequency,-1,0.472636815920398,0.472636815920398,0,1
rolling5_annual20,3399,2025-01-24,2025-02-10,0.0159344898044284,2025,2024-12-31,training_frequency,-1,0.472636815920398,0.472636815920398,0,1
rolling5_annual20,3403,2025-02-07,2025-02-17,0.0144454990892999,2025,2024-12-31,training_frequency,-1,0.472636815920398,0.472636815920398,0,1
rolling5_annual20,3408,2025-02-14,2025-02-24,0.0045695818086644,2025,2024-12-31,training_frequency,-1,0.472636815920398,0.472636815920398,0,1
rolling5_annual20,3413,2025-02-21,2025-03-03,-0.0183210488158531,2025,2024-12-31,training_frequency,-1,0.472636815920398,0.472636815920398,0,0
rolling5_annual20,3418,2025-02-28,2025-03-10,0.0117650075646844,2025,2024-12-31,training_frequency,-1,0.472636815920398,0.472636815920398,0,1
rolling5_annual20,3423,2025-03-07,2025-03-17,0.019023819058288,2025,2024-12-31,training_frequency,-1,0.472636815920398,0.472636815920398,0,1
rolling5_annual20,3428,2025-03-14,2025-03-24,-0.0259983485216283,2025,2024-12-31,training_frequency,-1,0.472636815920398,0.472636815920398,0,0
rolling5_annual20,3433,2025-03-21,2025-03-31,-0.0025867506275359,2025,2024-12-31,training_frequency,-1,0.472636815920398,0.472636815920398,0,0
rolling5_annual20,3438,2025-03-28,2025-04-14,-0.0342910101946246,2025,2024-12-31,training_frequency,-1,0.472636815920398,0.472636815920398,0,0
rolling5_annual20,3447,2025-04-11,2025-04-21,-0.0010339232881941,2025,2024-12-31,training_frequency,-1,0.472636815920398,0.472636815920398,0,0
rolling5_annual20,3452,2025-04-18,2025-04-28,0.0048432383085554,2025,2024-12-31,training_frequency,-1,0.472636815920398,0.472636815920398,0,1
rolling5_annual20,3457,2025-04-25,2025-05-12,0.02116527880118,2025,2024-12-31,training_frequency,-1,0.472636815920398,0.472636815920398,0,1
rolling5_annual20,3464,2025-05-09,2025-05-19,0.0041484224873464,2025,2024-12-31,training_frequency,-1,0.472636815920398,0.472636815920398,0,1
rolling5_annual20,3469,2025-05-16,2025-05-26,-0.0017462660042188,2025,2024-12-31,training_frequency,-1,0.472636815920398,0.472636815920398,0,0
rolling5_annual20,3474,2025-05-23,2025-06-03,-0.0109216443615366,2025,2024-12-31,training_frequency,-1,0.472636815920398,0.472636815920398,0,0
rolling5_annual20,3479,2025-05-30,2025-06-09,0.011566574321892,2025,2024-12-31,training_frequency,-1,0.472636815920398,0.472636815920398,0,1
rolling5_annual20,3483,2025-06-06,2025-06-16,-0.0062354943524679,2025,2024-12-31,training_frequency,-1,0.472636815920398,0.472636815920398,0,0
rolling5_annual20,3488,2025-06-13,2025-06-23,-0.005825691168304,2025,2024-12-31,training_frequency,-1,0.472636815920398,0.472636815920398,0,0
rolling5_annual20,3493,2025-06-20,2025-06-30,0.0232670437490374,2025,2024-12-31,training_frequency,-1,0.472636815920398,0.472636815920398,0,1
rolling5_annual20,3498,2025-06-27,2025-07-07,0.0145345648685946,2025,2024-12-31,training_frequency,-1,0.472636815920398,0.472636815920398,0,1
rolling5_annual20,3503,2025-07-04,2025-07-14,0.0110426949002964,2025,2024-12-31,training_frequency,-1,0.472636815920398,0.472636815920398,0,1
rolling5_annual20,3508,2025-07-11,2025-07-21,0.0120759671840067,2025,2024-12-31,training_frequency,-1,0.472636815920398,0.472636815920398,0,1
rolling5_annual20,3513,2025-07-18,2025-07-28,0.0143570766898375,2025,2024-12-31,training_frequency,-1,0.472636815920398,0.472636815920398,0,1
rolling5_annual20,3518,2025-07-25,2025-08-04,-0.0218642507630443,2025,2024-12-31,training_frequency,-1,0.472636815920398,0.472636815920398,0,0
rolling5_annual20,3523,2025-08-01,2025-08-11,0.0179175520190988,2025,2024-12-31,training_frequency,-1,0.472636815920398,0.472636815920398,0,1
rolling5_annual20,3528,2025-08-08,2025-08-18,0.026265786598999,2025,2024-12-31,training_frequency,-1,0.472636815920398,0.472636815920398,0,1
rolling5_annual20,3533,2025-08-15,2025-08-25,0.0469483790671487,2025,2024-12-31,training_frequency,-1,0.472636815920398,0.472636815920398,0,1
rolling5_annual20,3538,2025-08-22,2025-09-01,0.0227770368340847,2025,2024-12-31,training_frequency,-1,0.472636815920398,0.472636815920398,0,1
rolling5_annual20,3543,2025-08-29,2025-09-08,-0.0110053842475337,2025,2024-12-31,training_frequency,-1,0.472636815920398,0.472636815920398,0,0
rolling5_annual20,3548,2025-09-05,2025-09-15,0.0151594857594405,2025,2024-12-31,training_frequency,-1,0.472636815920398,0.472636815920398,0,1
rolling5_annual20,3553,2025-09-12,2025-09-22,-0.0050409160971932,2025,2024-12-31,training_frequency,-1,0.472636815920398,0.472636815920398,0,0
rolling5_annual20,3558,2025-09-19,2025-09-29,0.0095300784790881,2025,2024-12-31,training_frequency,-1,0.472636815920398,0.472636815920398,0,1
rolling5_annual20,3563,2025-09-26,2025-10-13,-0.0140855274279203,2025,2024-12-31,training_frequency,-1,0.472636815920398,0.472636815920398,0,0
rolling5_annual20,3567,2025-10-10,2025-10-20,0.015001547584321,2025,2024-12-31,training_frequency,-1,0.472636815920398,0.472636815920398,0,1
rolling5_annual20,3572,2025-10-17,2025-10-27,0.0309637052897611,2025,2024-12-31,training_frequency,-1,0.472636815920398,0.472636815920398,0,1
rolling5_annual20,3577,2025-10-24,2025-11-03,-0.013331545863497,2025,2024-12-31,training_frequency,-1,0.472636815920398,0.472636815920398,0,0
rolling5_annual20,3582,2025-10-31,2025-11-10,0.0110832418536339,2025,2024-12-31,training_frequency,-1,0.472636815920398,0.472636815920398,0,1
rolling5_annual20,3587,2025-11-07,2025-11-17,-0.0152107881197579,2025,2024-12-31,training_frequency,-1,0.472636815920398,0.472636815920398,0,0
rolling5_annual20,3592,2025-11-14,2025-11-24,-0.031114557454173,2025,2024-12-31,training_frequency,-1,0.472636815920398,0.472636815920398,0,0
rolling5_annual20,3597,2025-11-21,2025-12-01,0.0147613767448515,2025,2024-12-31,training_frequency,-1,0.472636815920398,0.472636815920398,0,1
rolling5_annual20,3602,2025-11-28,2025-12-08,0.0118853804313106,2025,2024-12-31,training_frequency,-1,0.472636815920398,0.472636815920398,0,1
rolling5_annual20,3607,2025-12-05,2025-12-15,-0.0093922675990717,2025,2024-12-31,training_frequency,-1,0.472636815920398,0.472636815920398,0,0
rolling5_annual20,3612,2025-12-12,2025-12-22,0.0082791208791208,2025,2024-12-31,training_frequency,-1,0.472636815920398,0.472636815920398,0,1
rolling5_annual20,3617,2025-12-19,2025-12-29,0.0153890755001995,2025,2024-12-31,training_frequency,-1,0.472636815920398,0.472636815920398,0,1
rolling5_annual20,3622,2025-12-26,2026-01-12,0.0239101640737868,2025,2024-12-31,training_frequency,-1,0.472636815920398,0.472636815920398,0,1
rolling5_annual20,3384,2025-01-03,2025-01-13,-0.0189486730632231,2025,2024-12-31,learned_market,20260911,0.42821132783780086,0.42821132783780086,0,0
rolling5_annual20,3389,2025-01-10,2025-01-20,0.0353251773547418,2025,2024-12-31,learned_market,20260911,0.3899957296673264,0.3899957296673264,0,1
rolling5_annual20,3394,2025-01-17,2025-01-27,0.000432821422053,2025,2024-12-31,learned_market,20260911,0.5369659260153571,0.5369659260153571,1,1
rolling5_annual20,3399,2025-01-24,2025-02-10,0.0159344898044284,2025,2024-12-31,learned_market,20260911,0.579417237715051,0.579417237715051,1,1
rolling5_annual20,3403,2025-02-07,2025-02-17,0.0144454990892999,2025,2024-12-31,learned_market,20260911,0.6179638900480853,0.6179638900480853,1,1
rolling5_annual20,3408,2025-02-14,2025-02-24,0.0045695818086644,2025,2024-12-31,learned_market,20260911,0.616114705527485,0.616114705527485,1,1
rolling5_annual20,3413,2025-02-21,2025-03-03,-0.0183210488158531,2025,2024-12-31,learned_market,20260911,0.562117179520429,0.562117179520429,1,0
rolling5_annual20,3418,2025-02-28,2025-03-10,0.0117650075646844,2025,2024-12-31,learned_market,20260911,0.5285781284571346,0.5285781284571346,1,1
rolling5_annual20,3423,2025-03-07,2025-03-17,0.019023819058288,2025,2024-12-31,learned_market,20260911,0.4669000809915797,0.4669000809915797,0,1
rolling5_annual20,3428,2025-03-14,2025-03-24,-0.0259983485216283,2025,2024-12-31,learned_market,20260911,0.5699083421091582,0.5699083421091582,1,0
rolling5_annual20,3433,2025-03-21,2025-03-31,-0.0025867506275359,2025,2024-12-31,learned_market,20260911,0.41241409635776066,0.41241409635776066,0,0
rolling5_annual20,3438,2025-03-28,2025-04-14,-0.0342910101946246,2025,2024-12-31,learned_market,20260911,0.48277123146752016,0.48277123146752016,0,0
rolling5_annual20,3447,2025-04-11,2025-04-21,-0.0010339232881941,2025,2024-12-31,learned_market,20260911,0.5805268836119362,0.5805268836119362,1,0
rolling5_annual20,3452,2025-04-18,2025-04-28,0.0048432383085554,2025,2024-12-31,learned_market,20260911,0.5688872565915271,0.5688872565915271,1,1
rolling5_annual20,3457,2025-04-25,2025-05-12,0.02116527880118,2025,2024-12-31,learned_market,20260911,0.46122086100259085,0.46122086100259085,0,1
rolling5_annual20,3464,2025-05-09,2025-05-19,0.0041484224873464,2025,2024-12-31,learned_market,20260911,0.36466861561285696,0.36466861561285696,0,1
rolling5_annual20,3469,2025-05-16,2025-05-26,-0.0017462660042188,2025,2024-12-31,learned_market,20260911,0.18741885684315504,0.18741885684315504,0,0
rolling5_annual20,3474,2025-05-23,2025-06-03,-0.0109216443615366,2025,2024-12-31,learned_market,20260911,0.3329216730635309,0.3329216730635309,0,0
rolling5_annual20,3479,2025-05-30,2025-06-09,0.011566574321892,2025,2024-12-31,learned_market,20260911,0.27007284209566695,0.27007284209566695,0,1
rolling5_annual20,3483,2025-06-06,2025-06-16,-0.0062354943524679,2025,2024-12-31,learned_market,20260911,0.5350200825873069,0.5350200825873069,1,0
rolling5_annual20,3488,2025-06-13,2025-06-23,-0.005825691168304,2025,2024-12-31,learned_market,20260911,0.46140451244920655,0.46140451244920655,0,0
rolling5_annual20,3493,2025-06-20,2025-06-30,0.0232670437490374,2025,2024-12-31,learned_market,20260911,0.5232923093031243,0.5232923093031243,1,1
rolling5_annual20,3498,2025-06-27,2025-07-07,0.0145345648685946,2025,2024-12-31,learned_market,20260911,0.5610127223665392,0.5610127223665392,1,1
rolling5_annual20,3503,2025-07-04,2025-07-14,0.0110426949002964,2025,2024-12-31,learned_market,20260911,0.6568898114490267,0.6568898114490267,1,1
rolling5_annual20,3508,2025-07-11,2025-07-21,0.0120759671840067,2025,2024-12-31,learned_market,20260911,0.43798275099067796,0.43798275099067796,0,1
rolling5_annual20,3513,2025-07-18,2025-07-28,0.0143570766898375,2025,2024-12-31,learned_market,20260911,0.45123982610211855,0.45123982610211855,0,1
rolling5_annual20,3518,2025-07-25,2025-08-04,-0.0218642507630443,2025,2024-12-31,learned_market,20260911,0.37704556959575936,0.37704556959575936,0,0
rolling5_annual20,3523,2025-08-01,2025-08-11,0.0179175520190988,2025,2024-12-31,learned_market,20260911,0.3633584459405606,0.3633584459405606,0,1
rolling5_annual20,3528,2025-08-08,2025-08-18,0.026265786598999,2025,2024-12-31,learned_market,20260911,0.25506671682854865,0.25506671682854865,0,1
rolling5_annual20,3533,2025-08-15,2025-08-25,0.0469483790671487,2025,2024-12-31,learned_market,20260911,0.43449755283990127,0.43449755283990127,0,1
rolling5_annual20,3538,2025-08-22,2025-09-01,0.0227770368340847,2025,2024-12-31,learned_market,20260911,0.2874119167958537,0.2874119167958537,0,1
rolling5_annual20,3543,2025-08-29,2025-09-08,-0.0110053842475337,2025,2024-12-31,learned_market,20260911,0.4144480705711107,0.4144480705711107,0,0
rolling5_annual20,3548,2025-09-05,2025-09-15,0.0151594857594405,2025,2024-12-31,learned_market,20260911,0.3838102273043383,0.3838102273043383,0,1
rolling5_annual20,3553,2025-09-12,2025-09-22,-0.0050409160971932,2025,2024-12-31,learned_market,20260911,0.5124875202553011,0.5124875202553011,1,0
rolling5_annual20,3558,2025-09-19,2025-09-29,0.0095300784790881,2025,2024-12-31,learned_market,20260911,0.3928507736042907,0.3928507736042907,0,1
rolling5_annual20,3563,2025-09-26,2025-10-13,-0.0140855274279203,2025,2024-12-31,learned_market,20260911,0.41332433429860765,0.41332433429860765,0,0
rolling5_annual20,3567,2025-10-10,2025-10-20,0.015001547584321,2025,2024-12-31,learned_market,20260911,0.39652535500617797,0.39652535500617797,0,1
rolling5_annual20,3572,2025-10-17,2025-10-27,0.0309637052897611,2025,2024-12-31,learned_market,20260911,0.42439454752251166,0.42439454752251166,0,1
rolling5_annual20,3577,2025-10-24,2025-11-03,-0.013331545863497,2025,2024-12-31,learned_market,20260911,0.4963236766187404,0.4963236766187404,0,0
rolling5_annual20,3582,2025-10-31,2025-11-10,0.0110832418536339,2025,2024-12-31,learned_market,20260911,0.4730427794043573,0.4730427794043573,0,1
rolling5_annual20,3587,2025-11-07,2025-11-17,-0.0152107881197579,2025,2024-12-31,learned_market,20260911,0.44365920815082127,0.44365920815082127,0,0
rolling5_annual20,3592,2025-11-14,2025-11-24,-0.031114557454173,2025,2024-12-31,learned_market,20260911,0.3630011295793128,0.3630011295793128,0,0
rolling5_annual20,3597,2025-11-21,2025-12-01,0.0147613767448515,2025,2024-12-31,learned_market,20260911,0.4325167072212306,0.4325167072212306,0,1
rolling5_annual20,3602,2025-11-28,2025-12-08,0.0118853804313106,2025,2024-12-31,learned_market,20260911,0.4434066953212215,0.4434066953212215,0,1
rolling5_annual20,3607,2025-12-05,2025-12-15,-0.0093922675990717,2025,2024-12-31,learned_market,20260911,0.47126486204905454,0.47126486204905454,0,0
rolling5_annual20,3612,2025-12-12,2025-12-22,0.0082791208791208,2025,2024-12-31,learned_market,20260911,0.466174156942272,0.466174156942272,0,1
rolling5_annual20,3617,2025-12-19,2025-12-29,0.0153890755001995,2025,2024-12-31,learned_market,20260911,0.5523517140626968,0.5523517140626968,1,1
rolling5_annual20,3622,2025-12-26,2026-01-12,0.0239101640737868,2025,2024-12-31,learned_market,20260911,0.533323234860134,0.533323234860134,1,1
rolling5_annual20,3384,2025-01-03,2025-01-13,-0.0189486730632231,2025,2024-12-31,learned_vol_interaction,20260911,0.4305231359543153,0.4305231359543153,0,0
rolling5_annual20,3389,2025-01-10,2025-01-20,0.0353251773547418,2025,2024-12-31,learned_vol_interaction,20260911,0.38884089510088987,0.38884089510088987,0,1
rolling5_annual20,3394,2025-01-17,2025-01-27,0.000432821422053,2025,2024-12-31,learned_vol_interaction,20260911,0.5344292773183893,0.5344292773183893,1,1
rolling5_annual20,3399,2025-01-24,2025-02-10,0.0159344898044284,2025,2024-12-31,learned_vol_interaction,20260911,0.5733087009015438,0.5733087009015438,1,1
rolling5_annual20,3403,2025-02-07,2025-02-17,0.0144454990892999,2025,2024-12-31,learned_vol_interaction,20260911,0.6229730094392066,0.6229730094392066,1,1
rolling5_annual20,3408,2025-02-14,2025-02-24,0.0045695818086644,2025,2024-12-31,learned_vol_interaction,20260911,0.6249392220388966,0.6249392220388966,1,1
rolling5_annual20,3413,2025-02-21,2025-03-03,-0.0183210488158531,2025,2024-12-31,learned_vol_interaction,20260911,0.5770853748295083,0.5770853748295083,1,0
rolling5_annual20,3418,2025-02-28,2025-03-10,0.0117650075646844,2025,2024-12-31,learned_vol_interaction,20260911,0.5320196258694382,0.5320196258694382,1,1
rolling5_annual20,3423,2025-03-07,2025-03-17,0.019023819058288,2025,2024-12-31,learned_vol_interaction,20260911,0.4709950343968562,0.4709950343968562,0,1
rolling5_annual20,3428,2025-03-14,2025-03-24,-0.0259983485216283,2025,2024-12-31,learned_vol_interaction,20260911,0.5689479286300063,0.5689479286300063,1,0
rolling5_annual20,3433,2025-03-21,2025-03-31,-0.0025867506275359,2025,2024-12-31,learned_vol_interaction,20260911,0.4073280883173269,0.4073280883173269,0,0
rolling5_annual20,3438,2025-03-28,2025-04-14,-0.0342910101946246,2025,2024-12-31,learned_vol_interaction,20260911,0.4833458290624725,0.4833458290624725,0,0
rolling5_annual20,3447,2025-04-11,2025-04-21,-0.0010339232881941,2025,2024-12-31,learned_vol_interaction,20260911,0.5558462748112867,0.5558462748112867,1,0
rolling5_annual20,3452,2025-04-18,2025-04-28,0.0048432383085554,2025,2024-12-31,learned_vol_interaction,20260911,0.5512669000081979,0.5512669000081979,1,1
rolling5_annual20,3457,2025-04-25,2025-05-12,0.02116527880118,2025,2024-12-31,learned_vol_interaction,20260911,0.46126589698872084,0.46126589698872084,0,1
rolling5_annual20,3464,2025-05-09,2025-05-19,0.0041484224873464,2025,2024-12-31,learned_vol_interaction,20260911,0.3657811119346164,0.3657811119346164,0,1
rolling5_annual20,3469,2025-05-16,2025-05-26,-0.0017462660042188,2025,2024-12-31,learned_vol_interaction,20260911,0.17005088379113875,0.17005088379113875,0,0
rolling5_annual20,3474,2025-05-23,2025-06-03,-0.0109216443615366,2025,2024-12-31,learned_vol_interaction,20260911,0.33365244663818855,0.33365244663818855,0,0
rolling5_annual20,3479,2025-05-30,2025-06-09,0.011566574321892,2025,2024-12-31,learned_vol_interaction,20260911,0.25952747706866647,0.25952747706866647,0,1
rolling5_annual20,3483,2025-06-06,2025-06-16,-0.0062354943524679,2025,2024-12-31,learned_vol_interaction,20260911,0.5526607674508816,0.5526607674508816,1,0
rolling5_annual20,3488,2025-06-13,2025-06-23,-0.005825691168304,2025,2024-12-31,learned_vol_interaction,20260911,0.47804200570352084,0.47804200570352084,0,0
rolling5_annual20,3493,2025-06-20,2025-06-30,0.0232670437490374,2025,2024-12-31,learned_vol_interaction,20260911,0.5462388483085826,0.5462388483085826,1,1
rolling5_annual20,3498,2025-06-27,2025-07-07,0.0145345648685946,2025,2024-12-31,learned_vol_interaction,20260911,0.578261270104434,0.578261270104434,1,1
rolling5_annual20,3503,2025-07-04,2025-07-14,0.0110426949002964,2025,2024-12-31,learned_vol_interaction,20260911,0.6743637676475238,0.6743637676475238,1,1
rolling5_annual20,3508,2025-07-11,2025-07-21,0.0120759671840067,2025,2024-12-31,learned_vol_interaction,20260911,0.44186685371591494,0.44186685371591494,0,1
rolling5_annual20,3513,2025-07-18,2025-07-28,0.0143570766898375,2025,2024-12-31,learned_vol_interaction,20260911,0.4541727142574433,0.4541727142574433,0,1
rolling5_annual20,3518,2025-07-25,2025-08-04,-0.0218642507630443,2025,2024-12-31,learned_vol_interaction,20260911,0.3697066493096656,0.3697066493096656,0,0
rolling5_annual20,3523,2025-08-01,2025-08-11,0.0179175520190988,2025,2024-12-31,learned_vol_interaction,20260911,0.3568661377683452,0.3568661377683452,0,1
rolling5_annual20,3528,2025-08-08,2025-08-18,0.026265786598999,2025,2024-12-31,learned_vol_interaction,20260911,0.24449969015279646,0.24449969015279646,0,1
rolling5_annual20,3533,2025-08-15,2025-08-25,0.0469483790671487,2025,2024-12-31,learned_vol_interaction,20260911,0.4318144455464327,0.4318144455464327,0,1
rolling5_annual20,3538,2025-08-22,2025-09-01,0.0227770368340847,2025,2024-12-31,learned_vol_interaction,20260911,0.27370668176480956,0.27370668176480956,0,1
rolling5_annual20,3543,2025-08-29,2025-09-08,-0.0110053842475337,2025,2024-12-31,learned_vol_interaction,20260911,0.40151160251610146,0.40151160251610146,0,0
rolling5_annual20,3548,2025-09-05,2025-09-15,0.0151594857594405,2025,2024-12-31,learned_vol_interaction,20260911,0.3754866622737605,0.3754866622737605,0,1
rolling5_annual20,3553,2025-09-12,2025-09-22,-0.0050409160971932,2025,2024-12-31,learned_vol_interaction,20260911,0.5014167977109265,0.5014167977109265,1,0
rolling5_annual20,3558,2025-09-19,2025-09-29,0.0095300784790881,2025,2024-12-31,learned_vol_interaction,20260911,0.38974705652523406,0.38974705652523406,0,1
rolling5_annual20,3563,2025-09-26,2025-10-13,-0.0140855274279203,2025,2024-12-31,learned_vol_interaction,20260911,0.40553483605344315,0.40553483605344315,0,0
rolling5_annual20,3567,2025-10-10,2025-10-20,0.015001547584321,2025,2024-12-31,learned_vol_interaction,20260911,0.39263370477182047,0.39263370477182047,0,1
rolling5_annual20,3572,2025-10-17,2025-10-27,0.0309637052897611,2025,2024-12-31,learned_vol_interaction,20260911,0.42128573794261726,0.42128573794261726,0,1
rolling5_annual20,3577,2025-10-24,2025-11-03,-0.013331545863497,2025,2024-12-31,learned_vol_interaction,20260911,0.49112931362620926,0.49112931362620926,0,0
rolling5_annual20,3582,2025-10-31,2025-11-10,0.0110832418536339,2025,2024-12-31,learned_vol_interaction,20260911,0.46985105287253015,0.46985105287253015,0,1
rolling5_annual20,3587,2025-11-07,2025-11-17,-0.0152107881197579,2025,2024-12-31,learned_vol_interaction,20260911,0.4380619074891022,0.4380619074891022,0,0
rolling5_annual20,3592,2025-11-14,2025-11-24,-0.031114557454173,2025,2024-12-31,learned_vol_interaction,20260911,0.3608128995476907,0.3608128995476907,0,0
rolling5_annual20,3597,2025-11-21,2025-12-01,0.0147613767448515,2025,2024-12-31,learned_vol_interaction,20260911,0.43045334038020117,0.43045334038020117,0,1
rolling5_annual20,3602,2025-11-28,2025-12-08,0.0118853804313106,2025,2024-12-31,learned_vol_interaction,20260911,0.44305774903695255,0.44305774903695255,0,1
rolling5_annual20,3607,2025-12-05,2025-12-15,-0.0093922675990717,2025,2024-12-31,learned_vol_interaction,20260911,0.47164710073246285,0.47164710073246285,0,0
rolling5_annual20,3612,2025-12-12,2025-12-22,0.0082791208791208,2025,2024-12-31,learned_vol_interaction,20260911,0.46870417547105653,0.46870417547105653,0,1
rolling5_annual20,3617,2025-12-19,2025-12-29,0.0153890755001995,2025,2024-12-31,learned_vol_interaction,20260911,0.5642517372007931,0.5642517372007931,1,1
rolling5_annual20,3622,2025-12-26,2026-01-12,0.0239101640737868,2025,2024-12-31,learned_vol_interaction,20260911,0.5419304727663321,0.5419304727663321,1,1
rolling5_annual20,3384,2025-01-03,2025-01-13,-0.0189486730632231,2025,2024-12-31,learned_order_extension,20260911,0.43065388292304235,0.43065388292304235,0,0
rolling5_annual20,3389,2025-01-10,2025-01-20,0.0353251773547418,2025,2024-12-31,learned_order_extension,20260911,0.3891931634884253,0.3891931634884253,0,1
rolling5_annual20,3394,2025-01-17,2025-01-27,0.000432821422053,2025,2024-12-31,learned_order_extension,20260911,0.5293310636016386,0.5293310636016386,1,1
rolling5_annual20,3399,2025-01-24,2025-02-10,0.0159344898044284,2025,2024-12-31,learned_order_extension,20260911,0.5678795814188538,0.5678795814188538,1,1
rolling5_annual20,3403,2025-02-07,2025-02-17,0.0144454990892999,2025,2024-12-31,learned_order_extension,20260911,0.6181569415812861,0.6181569415812861,1,1
rolling5_annual20,3408,2025-02-14,2025-02-24,0.0045695818086644,2025,2024-12-31,learned_order_extension,20260911,0.623244763024503,0.623244763024503,1,1
rolling5_annual20,3413,2025-02-21,2025-03-03,-0.0183210488158531,2025,2024-12-31,learned_order_extension,20260911,0.5698307059548449,0.5698307059548449,1,0
rolling5_annual20,3418,2025-02-28,2025-03-10,0.0117650075646844,2025,2024-12-31,learned_order_extension,20260911,0.5277004284689892,0.5277004284689892,1,1
rolling5_annual20,3423,2025-03-07,2025-03-17,0.019023819058288,2025,2024-12-31,learned_order_extension,20260911,0.4694347191401159,0.4694347191401159,0,1
rolling5_annual20,3428,2025-03-14,2025-03-24,-0.0259983485216283,2025,2024-12-31,learned_order_extension,20260911,0.5654667556034778,0.5654667556034778,1,0
rolling5_annual20,3433,2025-03-21,2025-03-31,-0.0025867506275359,2025,2024-12-31,learned_order_extension,20260911,0.40561065982780425,0.40561065982780425,0,0
rolling5_annual20,3438,2025-03-28,2025-04-14,-0.0342910101946246,2025,2024-12-31,learned_order_extension,20260911,0.47795042275731253,0.47795042275731253,0,0
rolling5_annual20,3447,2025-04-11,2025-04-21,-0.0010339232881941,2025,2024-12-31,learned_order_extension,20260911,0.5534048068203342,0.5534048068203342,1,0
rolling5_annual20,3452,2025-04-18,2025-04-28,0.0048432383085554,2025,2024-12-31,learned_order_extension,20260911,0.5527203776973565,0.5527203776973565,1,1
rolling5_annual20,3457,2025-04-25,2025-05-12,0.02116527880118,2025,2024-12-31,learned_order_extension,20260911,0.46353892920875955,0.46353892920875955,0,1
rolling5_annual20,3464,2025-05-09,2025-05-19,0.0041484224873464,2025,2024-12-31,learned_order_extension,20260911,0.3649445140094585,0.3649445140094585,0,1
rolling5_annual20,3469,2025-05-16,2025-05-26,-0.0017462660042188,2025,2024-12-31,learned_order_extension,20260911,0.17192052045639458,0.17192052045639458,0,0
rolling5_annual20,3474,2025-05-23,2025-06-03,-0.0109216443615366,2025,2024-12-31,learned_order_extension,20260911,0.3297069268491959,0.3297069268491959,0,0
rolling5_annual20,3479,2025-05-30,2025-06-09,0.011566574321892,2025,2024-12-31,learned_order_extension,20260911,0.25644623657123405,0.25644623657123405,0,1
rolling5_annual20,3483,2025-06-06,2025-06-16,-0.0062354943524679,2025,2024-12-31,learned_order_extension,20260911,0.5532426962840995,0.5532426962840995,1,0
rolling5_annual20,3488,2025-06-13,2025-06-23,-0.005825691168304,2025,2024-12-31,learned_order_extension,20260911,0.47407583994699376,0.47407583994699376,0,0
rolling5_annual20,3493,2025-06-20,2025-06-30,0.0232670437490374,2025,2024-12-31,learned_order_extension,20260911,0.5441758763268831,0.5441758763268831,1,1
rolling5_annual20,3498,2025-06-27,2025-07-07,0.0145345648685946,2025,2024-12-31,learned_order_extension,20260911,0.5789884729243365,0.5789884729243365,1,1
rolling5_annual20,3503,2025-07-04,2025-07-14,0.0110426949002964,2025,2024-12-31,learned_order_extension,20260911,0.6783853641950703,0.6783853641950703,1,1
rolling5_annual20,3508,2025-07-11,2025-07-21,0.0120759671840067,2025,2024-12-31,learned_order_extension,20260911,0.44194145653903777,0.44194145653903777,0,1
rolling5_annual20,3513,2025-07-18,2025-07-28,0.0143570766898375,2025,2024-12-31,learned_order_extension,20260911,0.4542765697501973,0.4542765697501973,0,1
rolling5_annual20,3518,2025-07-25,2025-08-04,-0.0218642507630443,2025,2024-12-31,learned_order_extension,20260911,0.3705804310840424,0.3705804310840424,0,0
rolling5_annual20,3523,2025-08-01,2025-08-11,0.0179175520190988,2025,2024-12-31,learned_order_extension,20260911,0.35640700933897784,0.35640700933897784,0,1
rolling5_annual20,3528,2025-08-08,2025-08-18,0.026265786598999,2025,2024-12-31,learned_order_extension,20260911,0.2417717229228953,0.2417717229228953,0,1
rolling5_annual20,3533,2025-08-15,2025-08-25,0.0469483790671487,2025,2024-12-31,learned_order_extension,20260911,0.43183334017409475,0.43183334017409475,0,1
rolling5_annual20,3538,2025-08-22,2025-09-01,0.0227770368340847,2025,2024-12-31,learned_order_extension,20260911,0.27716170555763187,0.27716170555763187,0,1
rolling5_annual20,3543,2025-08-29,2025-09-08,-0.0110053842475337,2025,2024-12-31,learned_order_extension,20260911,0.4016632874897146,0.4016632874897146,0,0
rolling5_annual20,3548,2025-09-05,2025-09-15,0.0151594857594405,2025,2024-12-31,learned_order_extension,20260911,0.37420831674124977,0.37420831674124977,0,1
rolling5_annual20,3553,2025-09-12,2025-09-22,-0.0050409160971932,2025,2024-12-31,learned_order_extension,20260911,0.503147055984005,0.503147055984005,1,0
rolling5_annual20,3558,2025-09-19,2025-09-29,0.0095300784790881,2025,2024-12-31,learned_order_extension,20260911,0.39333913585245617,0.39333913585245617,0,1
rolling5_annual20,3563,2025-09-26,2025-10-13,-0.0140855274279203,2025,2024-12-31,learned_order_extension,20260911,0.4081318148640021,0.4081318148640021,0,0
rolling5_annual20,3567,2025-10-10,2025-10-20,0.015001547584321,2025,2024-12-31,learned_order_extension,20260911,0.39565615038452323,0.39565615038452323,0,1
rolling5_annual20,3572,2025-10-17,2025-10-27,0.0309637052897611,2025,2024-12-31,learned_order_extension,20260911,0.42255179794346875,0.42255179794346875,0,1
rolling5_annual20,3577,2025-10-24,2025-11-03,-0.013331545863497,2025,2024-12-31,learned_order_extension,20260911,0.49361418515659217,0.49361418515659217,0,0
rolling5_annual20,3582,2025-10-31,2025-11-10,0.0110832418536339,2025,2024-12-31,learned_order_extension,20260911,0.4726211474285555,0.4726211474285555,0,1
rolling5_annual20,3587,2025-11-07,2025-11-17,-0.0152107881197579,2025,2024-12-31,learned_order_extension,20260911,0.4416487626577909,0.4416487626577909,0,0
rolling5_annual20,3592,2025-11-14,2025-11-24,-0.031114557454173,2025,2024-12-31,learned_order_extension,20260911,0.3660465218959073,0.3660465218959073,0,0
rolling5_annual20,3597,2025-11-21,2025-12-01,0.0147613767448515,2025,2024-12-31,learned_order_extension,20260911,0.43021957760648394,0.43021957760648394,0,1
rolling5_annual20,3602,2025-11-28,2025-12-08,0.0118853804313106,2025,2024-12-31,learned_order_extension,20260911,0.44090841427684524,0.44090841427684524,0,1
rolling5_annual20,3607,2025-12-05,2025-12-15,-0.0093922675990717,2025,2024-12-31,learned_order_extension,20260911,0.46850888999820245,0.46850888999820245,0,0
rolling5_annual20,3612,2025-12-12,2025-12-22,0.0082791208791208,2025,2024-12-31,learned_order_extension,20260911,0.46414163121931723,0.46414163121931723,0,1
rolling5_annual20,3617,2025-12-19,2025-12-29,0.0153890755001995,2025,2024-12-31,learned_order_extension,20260911,0.5579043003982375,0.5579043003982375,1,1
rolling5_annual20,3622,2025-12-26,2026-01-12,0.0239101640737868,2025,2024-12-31,learned_order_extension,20260911,0.5396185574902365,0.5396185574902365,1,1
rolling5_annual20,3384,2025-01-03,2025-01-13,-0.0189486730632231,2025,2024-12-31,learned_order_offset,20260911,0.430743812553328,0.430743812553328,0,0
rolling5_annual20,3389,2025-01-10,2025-01-20,0.0353251773547418,2025,2024-12-31,learned_order_offset,20260911,0.3892930545383684,0.3892930545383684,0,1
rolling5_annual20,3394,2025-01-17,2025-01-27,0.000432821422053,2025,2024-12-31,learned_order_offset,20260911,0.52934454260111,0.52934454260111,1,1
rolling5_annual20,3399,2025-01-24,2025-02-10,0.0159344898044284,2025,2024-12-31,learned_order_offset,20260911,0.5679288793949586,0.5679288793949586,1,1
rolling5_annual20,3403,2025-02-07,2025-02-17,0.0144454990892999,2025,2024-12-31,learned_order_offset,20260911,0.6181544426401614,0.6181544426401614,1,1
rolling5_annual20,3408,2025-02-14,2025-02-24,0.0045695818086644,2025,2024-12-31,learned_order_offset,20260911,0.6233447631977894,0.6233447631977894,1,1
rolling5_annual20,3413,2025-02-21,2025-03-03,-0.0183210488158531,2025,2024-12-31,learned_order_offset,20260911,0.5699444546955538,0.5699444546955538,1,0
rolling5_annual20,3418,2025-02-28,2025-03-10,0.0117650075646844,2025,2024-12-31,learned_order_offset,20260911,0.5277660121776485,0.5277660121776485,1,1
rolling5_annual20,3423,2025-03-07,2025-03-17,0.019023819058288,2025,2024-12-31,learned_order_offset,20260911,0.46953630716328854,0.46953630716328854,0,1
rolling5_annual20,3428,2025-03-14,2025-03-24,-0.0259983485216283,2025,2024-12-31,learned_order_offset,20260911,0.5655482902240324,0.5655482902240324,1,0
rolling5_annual20,3433,2025-03-21,2025-03-31,-0.0025867506275359,2025,2024-12-31,learned_order_offset,20260911,0.4056793971990091,0.4056793971990091,0,0
rolling5_annual20,3438,2025-03-28,2025-04-14,-0.0342910101946246,2025,2024-12-31,learned_order_offset,20260911,0.4779797038173516,0.4779797038173516,0,0
rolling5_annual20,3447,2025-04-11,2025-04-21,-0.0010339232881941,2025,2024-12-31,learned_order_offset,20260911,0.5534156127217199,0.5534156127217199,1,0
rolling5_annual20,3452,2025-04-18,2025-04-28,0.0048432383085554,2025,2024-12-31,learned_order_offset,20260911,0.5527711816702962,0.5527711816702962,1,1
rolling5_annual20,3457,2025-04-25,2025-05-12,0.02116527880118,2025,2024-12-31,learned_order_offset,20260911,0.4636520171330569,0.4636520171330569,0,1
rolling5_annual20,3464,2025-05-09,2025-05-19,0.0041484224873464,2025,2024-12-31,learned_order_offset,20260911,0.3649837526397116,0.3649837526397116,0,1
rolling5_annual20,3469,2025-05-16,2025-05-26,-0.0017462660042188,2025,2024-12-31,learned_order_offset,20260911,0.17197716836939528,0.17197716836939528,0,0
rolling5_annual20,3474,2025-05-23,2025-06-03,-0.0109216443615366,2025,2024-12-31,learned_order_offset,20260911,0.32979664486342924,0.32979664486342924,0,0
rolling5_annual20,3479,2025-05-30,2025-06-09,0.011566574321892,2025,2024-12-31,learned_order_offset,20260911,0.25647722408918133,0.25647722408918133,0,1
rolling5_annual20,3483,2025-06-06,2025-06-16,-0.0062354943524679,2025,2024-12-31,learned_order_offset,20260911,0.5531494136647972,0.5531494136647972,1,0
rolling5_annual20,3488,2025-06-13,2025-06-23,-0.005825691168304,2025,2024-12-31,learned_order_offset,20260911,0.4740674277221567,0.4740674277221567,0,0
rolling5_annual20,3493,2025-06-20,2025-06-30,0.0232670437490374,2025,2024-12-31,learned_order_offset,20260911,0.5441829119226477,0.5441829119226477,1,1
rolling5_annual20,3498,2025-06-27,2025-07-07,0.0145345648685946,2025,2024-12-31,learned_order_offset,20260911,0.578950056434683,0.578950056434683,1,1
rolling5_annual20,3503,2025-07-04,2025-07-14,0.0110426949002964,2025,2024-12-31,learned_order_offset,20260911,0.678441879183803,0.678441879183803,1,1
rolling5_annual20,3508,2025-07-11,2025-07-21,0.0120759671840067,2025,2024-12-31,learned_order_offset,20260911,0.44212080116495506,0.44212080116495506,0,1
rolling5_annual20,3513,2025-07-18,2025-07-28,0.0143570766898375,2025,2024-12-31,learned_order_offset,20260911,0.4543231137369766,0.4543231137369766,0,1
rolling5_annual20,3518,2025-07-25,2025-08-04,-0.0218642507630443,2025,2024-12-31,learned_order_offset,20260911,0.370682013137504,0.370682013137504,0,0
rolling5_annual20,3523,2025-08-01,2025-08-11,0.0179175520190988,2025,2024-12-31,learned_order_offset,20260911,0.35640730086727934,0.35640730086727934,0,1
rolling5_annual20,3528,2025-08-08,2025-08-18,0.026265786598999,2025,2024-12-31,learned_order_offset,20260911,0.2417753577493673,0.2417753577493673,0,1
rolling5_annual20,3533,2025-08-15,2025-08-25,0.0469483790671487,2025,2024-12-31,learned_order_offset,20260911,0.4318249881848226,0.4318249881848226,0,1
rolling5_annual20,3538,2025-08-22,2025-09-01,0.0227770368340847,2025,2024-12-31,learned_order_offset,20260911,0.2771710881877151,0.2771710881877151,0,1
rolling5_annual20,3543,2025-08-29,2025-09-08,-0.0110053842475337,2025,2024-12-31,learned_order_offset,20260911,0.4015498956176379,0.4015498956176379,0,0
rolling5_annual20,3548,2025-09-05,2025-09-15,0.0151594857594405,2025,2024-12-31,learned_order_offset,20260911,0.37420565733546446,0.37420565733546446,0,1
rolling5_annual20,3553,2025-09-12,2025-09-22,-0.0050409160971932,2025,2024-12-31,learned_order_offset,20260911,0.5031042607505921,0.5031042607505921,1,0
rolling5_annual20,3558,2025-09-19,2025-09-29,0.0095300784790881,2025,2024-12-31,learned_order_offset,20260911,0.39333063714085875,0.39333063714085875,0,1
rolling5_annual20,3563,2025-09-26,2025-10-13,-0.0140855274279203,2025,2024-12-31,learned_order_offset,20260911,0.40808585003619935,0.40808585003619935,0,0
rolling5_annual20,3567,2025-10-10,2025-10-20,0.015001547584321,2025,2024-12-31,learned_order_offset,20260911,0.3957431714352963,0.3957431714352963,0,1
rolling5_annual20,3572,2025-10-17,2025-10-27,0.0309637052897611,2025,2024-12-31,learned_order_offset,20260911,0.42266319973139616,0.42266319973139616,0,1
rolling5_annual20,3577,2025-10-24,2025-11-03,-0.013331545863497,2025,2024-12-31,learned_order_offset,20260911,0.49371915485702594,0.49371915485702594,0,0
rolling5_annual20,3582,2025-10-31,2025-11-10,0.0110832418536339,2025,2024-12-31,learned_order_offset,20260911,0.47277881290406026,0.47277881290406026,0,1
rolling5_annual20,3587,2025-11-07,2025-11-17,-0.0152107881197579,2025,2024-12-31,learned_order_offset,20260911,0.4417302067850907,0.4417302067850907,0,0
rolling5_annual20,3592,2025-11-14,2025-11-24,-0.031114557454173,2025,2024-12-31,learned_order_offset,20260911,0.3662030345617859,0.3662030345617859,0,0
rolling5_annual20,3597,2025-11-21,2025-12-01,0.0147613767448515,2025,2024-12-31,learned_order_offset,20260911,0.4303049057033289,0.4303049057033289,0,1
rolling5_annual20,3602,2025-11-28,2025-12-08,0.0118853804313106,2025,2024-12-31,learned_order_offset,20260911,0.4410215325004137,0.4410215325004137,0,1
rolling5_annual20,3607,2025-12-05,2025-12-15,-0.0093922675990717,2025,2024-12-31,learned_order_offset,20260911,0.46862239506081244,0.46862239506081244,0,0
rolling5_annual20,3612,2025-12-12,2025-12-22,0.0082791208791208,2025,2024-12-31,learned_order_offset,20260911,0.4642603203194423,0.4642603203194423,0,1
rolling5_annual20,3617,2025-12-19,2025-12-29,0.0153890755001995,2025,2024-12-31,learned_order_offset,20260911,0.557967937341776,0.557967937341776,1,1
rolling5_annual20,3622,2025-12-26,2026-01-12,0.0239101640737868,2025,2024-12-31,learned_order_offset,20260911,0.5397728826316699,0.5397728826316699,1,1
rolling5_annual20,3384,2025-01-03,2025-01-13,-0.0189486730632231,2025,2024-12-31,native_mse,20260911,-0.002243633031677963,,0,0
rolling5_annual20,3389,2025-01-10,2025-01-20,0.0353251773547418,2025,2024-12-31,native_mse,20260911,-0.0018394813791051527,,0,1
rolling5_annual20,3394,2025-01-17,2025-01-27,0.000432821422053,2025,2024-12-31,native_mse,20260911,-0.0014393263633927758,,0,1
rolling5_annual20,3399,2025-01-24,2025-02-10,0.0159344898044284,2025,2024-12-31,native_mse,20260911,-0.0005732481089145066,,0,1
rolling5_annual20,3403,2025-02-07,2025-02-17,0.0144454990892999,2025,2024-12-31,native_mse,20260911,-0.0003493640286036611,,0,1
rolling5_annual20,3408,2025-02-14,2025-02-24,0.0045695818086644,2025,2024-12-31,native_mse,20260911,-6.571465300264602e-06,,0,1
rolling5_annual20,3413,2025-02-21,2025-03-03,-0.0183210488158531,2025,2024-12-31,native_mse,20260911,0.00010564573035517886,,1,0
rolling5_annual20,3418,2025-02-28,2025-03-10,0.0117650075646844,2025,2024-12-31,native_mse,20260911,0.00030938900384146466,,1,1
rolling5_annual20,3423,2025-03-07,2025-03-17,0.019023819058288,2025,2024-12-31,native_mse,20260911,0.0003527669941379203,,1,1
rolling5_annual20,3428,2025-03-14,2025-03-24,-0.0259983485216283,2025,2024-12-31,native_mse,20260911,0.0004719065040533454,,1,0
rolling5_annual20,3433,2025-03-21,2025-03-31,-0.0025867506275359,2025,2024-12-31,native_mse,20260911,0.0001374212134311476,,1,0
rolling5_annual20,3438,2025-03-28,2025-04-14,-0.0342910101946246,2025,2024-12-31,native_mse,20260911,0.0003460895283123176,,1,0
rolling5_annual20,3447,2025-04-11,2025-04-21,-0.0010339232881941,2025,2024-12-31,native_mse,20260911,0.000247650617921614,,1,0
rolling5_annual20,3452,2025-04-18,2025-04-28,0.0048432383085554,2025,2024-12-31,native_mse,20260911,0.0005399418130639047,,1,1
rolling5_annual20,3457,2025-04-25,2025-05-12,0.02116527880118,2025,2024-12-31,native_mse,20260911,0.00041859235087992534,,1,1
rolling5_annual20,3464,2025-05-09,2025-05-19,0.0041484224873464,2025,2024-12-31,native_mse,20260911,-0.00023324757687195213,,0,1
rolling5_annual20,3469,2025-05-16,2025-05-26,-0.0017462660042188,2025,2024-12-31,native_mse,20260911,-0.0007053097438131018,,0,0
rolling5_annual20,3474,2025-05-23,2025-06-03,-0.0109216443615366,2025,2024-12-31,native_mse,20260911,-0.0004283154814639044,,0,0
rolling5_annual20,3479,2025-05-30,2025-06-09,0.011566574321892,2025,2024-12-31,native_mse,20260911,-0.0007435280421209072,,0,1
rolling5_annual20,3483,2025-06-06,2025-06-16,-0.0062354943524679,2025,2024-12-31,native_mse,20260911,0.00031992663879525335,,1,0
rolling5_annual20,3488,2025-06-13,2025-06-23,-0.005825691168304,2025,2024-12-31,native_mse,20260911,-0.00012583521126832513,,0,0
rolling5_annual20,3493,2025-06-20,2025-06-30,0.0232670437490374,2025,2024-12-31,native_mse,20260911,0.0004804870845920942,,1,1
rolling5_annual20,3498,2025-06-27,2025-07-07,0.0145345648685946,2025,2024-12-31,native_mse,20260911,0.0003559800730399111,,1,1
rolling5_annual20,3503,2025-07-04,2025-07-14,0.0110426949002964,2025,2024-12-31,native_mse,20260911,0.0001003436982822433,,1,1
rolling5_annual20,3508,2025-07-11,2025-07-21,0.0120759671840067,2025,2024-12-31,native_mse,20260911,0.00011930674045287023,,1,1
rolling5_annual20,3513,2025-07-18,2025-07-28,0.0143570766898375,2025,2024-12-31,native_mse,20260911,-0.00014021210404791933,,0,1
rolling5_annual20,3518,2025-07-25,2025-08-04,-0.0218642507630443,2025,2024-12-31,native_mse,20260911,-0.0010675431152552786,,0,0
rolling5_annual20,3523,2025-08-01,2025-08-11,0.0179175520190988,2025,2024-12-31,native_mse,20260911,-0.0011114652147751107,,0,1
rolling5_annual20,3528,2025-08-08,2025-08-18,0.026265786598999,2025,2024-12-31,native_mse,20260911,-0.0011821175732785794,,0,1
rolling5_annual20,3533,2025-08-15,2025-08-25,0.0469483790671487,2025,2024-12-31,native_mse,20260911,-0.001692750035902398,,0,1
rolling5_annual20,3538,2025-08-22,2025-09-01,0.0227770368340847,2025,2024-12-31,native_mse,20260911,-0.0020785336587941633,,0,1
rolling5_annual20,3543,2025-08-29,2025-09-08,-0.0110053842475337,2025,2024-12-31,native_mse,20260911,-0.0022958519339049935,,0,0
rolling5_annual20,3548,2025-09-05,2025-09-15,0.0151594857594405,2025,2024-12-31,native_mse,20260911,-0.002811169444921857,,0,1
rolling5_annual20,3553,2025-09-12,2025-09-22,-0.0050409160971932,2025,2024-12-31,native_mse,20260911,-0.0028821755195373713,,0,0
rolling5_annual20,3558,2025-09-19,2025-09-29,0.0095300784790881,2025,2024-12-31,native_mse,20260911,-0.0027270038017814854,,0,1
rolling5_annual20,3563,2025-09-26,2025-10-13,-0.0140855274279203,2025,2024-12-31,native_mse,20260911,-0.002671446424452231,,0,0
rolling5_annual20,3567,2025-10-10,2025-10-20,0.015001547584321,2025,2024-12-31,native_mse,20260911,-0.002875353278749809,,0,1
rolling5_annual20,3572,2025-10-17,2025-10-27,0.0309637052897611,2025,2024-12-31,native_mse,20260911,-0.0026759293493526775,,0,1
rolling5_annual20,3577,2025-10-24,2025-11-03,-0.013331545863497,2025,2024-12-31,native_mse,20260911,-0.0024118634853773644,,0,0
rolling5_annual20,3582,2025-10-31,2025-11-10,0.0110832418536339,2025,2024-12-31,native_mse,20260911,-0.0024513790865101073,,0,1
rolling5_annual20,3587,2025-11-07,2025-11-17,-0.0152107881197579,2025,2024-12-31,native_mse,20260911,-0.0023441841984512364,,0,0
rolling5_annual20,3592,2025-11-14,2025-11-24,-0.031114557454173,2025,2024-12-31,native_mse,20260911,-0.0023326617843834286,,0,0
rolling5_annual20,3597,2025-11-21,2025-12-01,0.0147613767448515,2025,2024-12-31,native_mse,20260911,-0.0021695162719280723,,0,1
rolling5_annual20,3602,2025-11-28,2025-12-08,0.0118853804313106,2025,2024-12-31,native_mse,20260911,-0.0021230276394656705,,0,1
rolling5_annual20,3607,2025-12-05,2025-12-15,-0.0093922675990717,2025,2024-12-31,native_mse,20260911,-0.0018508009821854902,,0,0
rolling5_annual20,3612,2025-12-12,2025-12-22,0.0082791208791208,2025,2024-12-31,native_mse,20260911,-0.0014574936445709685,,0,1
rolling5_annual20,3617,2025-12-19,2025-12-29,0.0153890755001995,2025,2024-12-31,native_mse,20260911,-0.001196551069802699,,0,1
rolling5_annual20,3622,2025-12-26,2026-01-12,0.0239101640737868,2025,2024-12-31,native_mse,20260911,-0.0009424910062058391,,0,1
rolling5_annual20,3384,2025-01-03,2025-01-13,-0.0189486730632231,2025,2024-12-31,learned_market,20260912,0.42089025641362,0.42089025641362,0,0
rolling5_annual20,3389,2025-01-10,2025-01-20,0.0353251773547418,2025,2024-12-31,learned_market,20260912,0.6539720773420672,0.6539720773420672,1,1
rolling5_annual20,3394,2025-01-17,2025-01-27,0.000432821422053,2025,2024-12-31,learned_market,20260912,0.5597316894392553,0.5597316894392553,1,1
rolling5_annual20,3399,2025-01-24,2025-02-10,0.0159344898044284,2025,2024-12-31,learned_market,20260912,0.7143346906245566,0.7143346906245566,1,1
rolling5_annual20,3403,2025-02-07,2025-02-17,0.0144454990892999,2025,2024-12-31,learned_market,20260912,0.6628191037923492,0.6628191037923492,1,1
rolling5_annual20,3408,2025-02-14,2025-02-24,0.0045695818086644,2025,2024-12-31,learned_market,20260912,0.6357468977060057,0.6357468977060057,1,1
rolling5_annual20,3413,2025-02-21,2025-03-03,-0.0183210488158531,2025,2024-12-31,learned_market,20260912,0.3807729420629625,0.3807729420629625,0,0
rolling5_annual20,3418,2025-02-28,2025-03-10,0.0117650075646844,2025,2024-12-31,learned_market,20260912,0.5714127704615375,0.5714127704615375,1,1
rolling5_annual20,3423,2025-03-07,2025-03-17,0.019023819058288,2025,2024-12-31,learned_market,20260912,0.2731298059228326,0.2731298059228326,0,1
rolling5_annual20,3428,2025-03-14,2025-03-24,-0.0259983485216283,2025,2024-12-31,learned_market,20260912,0.696672234818679,0.696672234818679,1,0
rolling5_annual20,3433,2025-03-21,2025-03-31,-0.0025867506275359,2025,2024-12-31,learned_market,20260912,0.5676267142547179,0.5676267142547179,1,0
rolling5_annual20,3438,2025-03-28,2025-04-14,-0.0342910101946246,2025,2024-12-31,learned_market,20260912,0.560911448173473,0.560911448173473,1,0
rolling5_annual20,3447,2025-04-11,2025-04-21,-0.0010339232881941,2025,2024-12-31,learned_market,20260912,0.5215906360273727,0.5215906360273727,1,0
rolling5_annual20,3452,2025-04-18,2025-04-28,0.0048432383085554,2025,2024-12-31,learned_market,20260912,0.6471632189538753,0.6471632189538753,1,1
rolling5_annual20,3457,2025-04-25,2025-05-12,0.02116527880118,2025,2024-12-31,learned_market,20260912,0.4695696106758965,0.4695696106758965,0,1
rolling5_annual20,3464,2025-05-09,2025-05-19,0.0041484224873464,2025,2024-12-31,learned_market,20260912,0.22514170688818488,0.22514170688818488,0,1
rolling5_annual20,3469,2025-05-16,2025-05-26,-0.0017462660042188,2025,2024-12-31,learned_market,20260912,0.31332898029792033,0.31332898029792033,0,0
rolling5_annual20,3474,2025-05-23,2025-06-03,-0.0109216443615366,2025,2024-12-31,learned_market,20260912,0.19958434143711248,0.19958434143711248,0,0
rolling5_annual20,3479,2025-05-30,2025-06-09,0.011566574321892,2025,2024-12-31,learned_market,20260912,0.15629075747992066,0.15629075747992066,0,1
rolling5_annual20,3483,2025-06-06,2025-06-16,-0.0062354943524679,2025,2024-12-31,learned_market,20260912,0.37428363998955994,0.37428363998955994,0,0
rolling5_annual20,3488,2025-06-13,2025-06-23,-0.005825691168304,2025,2024-12-31,learned_market,20260912,0.2863959921610815,0.2863959921610815,0,0
rolling5_annual20,3493,2025-06-20,2025-06-30,0.0232670437490374,2025,2024-12-31,learned_market,20260912,0.41408451859112755,0.41408451859112755,0,1
rolling5_annual20,3498,2025-06-27,2025-07-07,0.0145345648685946,2025,2024-12-31,learned_market,20260912,0.5266011272495493,0.5266011272495493,1,1
rolling5_annual20,3503,2025-07-04,2025-07-14,0.0110426949002964,2025,2024-12-31,learned_market,20260912,0.44691982418443277,0.44691982418443277,0,1
rolling5_annual20,3508,2025-07-11,2025-07-21,0.0120759671840067,2025,2024-12-31,learned_market,20260912,0.5272263603973415,0.5272263603973415,1,1
rolling5_annual20,3513,2025-07-18,2025-07-28,0.0143570766898375,2025,2024-12-31,learned_market,20260912,0.7010339582730474,0.7010339582730474,1,1
rolling5_annual20,3518,2025-07-25,2025-08-04,-0.0218642507630443,2025,2024-12-31,learned_market,20260912,0.5207227531667084,0.5207227531667084,1,0
rolling5_annual20,3523,2025-08-01,2025-08-11,0.0179175520190988,2025,2024-12-31,learned_market,20260912,0.5533128799487951,0.5533128799487951,1,1
rolling5_annual20,3528,2025-08-08,2025-08-18,0.026265786598999,2025,2024-12-31,learned_market,20260912,0.2654483154600339,0.2654483154600339,0,1
rolling5_annual20,3533,2025-08-15,2025-08-25,0.0469483790671487,2025,2024-12-31,learned_market,20260912,0.430346000343231,0.430346000343231,0,1
rolling5_annual20,3538,2025-08-22,2025-09-01,0.0227770368340847,2025,2024-12-31,learned_market,20260912,0.3374740410180076,0.3374740410180076,0,1
rolling5_annual20,3543,2025-08-29,2025-09-08,-0.0110053842475337,2025,2024-12-31,learned_market,20260912,0.6668290394265773,0.6668290394265773,1,0
rolling5_annual20,3548,2025-09-05,2025-09-15,0.0151594857594405,2025,2024-12-31,learned_market,20260912,0.4151247806853778,0.4151247806853778,0,1
rolling5_annual20,3553,2025-09-12,2025-09-22,-0.0050409160971932,2025,2024-12-31,learned_market,20260912,0.616582283637926,0.616582283637926,1,0
rolling5_annual20,3558,2025-09-19,2025-09-29,0.0095300784790881,2025,2024-12-31,learned_market,20260912,0.346159438667962,0.346159438667962,0,1
rolling5_annual20,3563,2025-09-26,2025-10-13,-0.0140855274279203,2025,2024-12-31,learned_market,20260912,0.49779557172832706,0.49779557172832706,0,0
rolling5_annual20,3567,2025-10-10,2025-10-20,0.015001547584321,2025,2024-12-31,learned_market,20260912,0.3895908035061002,0.3895908035061002,0,1
rolling5_annual20,3572,2025-10-17,2025-10-27,0.0309637052897611,2025,2024-12-31,learned_market,20260912,0.3177445291528448,0.3177445291528448,0,1
rolling5_annual20,3577,2025-10-24,2025-11-03,-0.013331545863497,2025,2024-12-31,learned_market,20260912,0.42278957435073633,0.42278957435073633,0,0
rolling5_annual20,3582,2025-10-31,2025-11-10,0.0110832418536339,2025,2024-12-31,learned_market,20260912,0.3919874136237784,0.3919874136237784,0,1
rolling5_annual20,3587,2025-11-07,2025-11-17,-0.0152107881197579,2025,2024-12-31,learned_market,20260912,0.6609499739654151,0.6609499739654151,1,0
rolling5_annual20,3592,2025-11-14,2025-11-24,-0.031114557454173,2025,2024-12-31,learned_market,20260912,0.3466593681574228,0.3466593681574228,0,0
rolling5_annual20,3597,2025-11-21,2025-12-01,0.0147613767448515,2025,2024-12-31,learned_market,20260912,0.4838072174788579,0.4838072174788579,0,1
rolling5_annual20,3602,2025-11-28,2025-12-08,0.0118853804313106,2025,2024-12-31,learned_market,20260912,0.414545745424932,0.414545745424932,0,1
rolling5_annual20,3607,2025-12-05,2025-12-15,-0.0093922675990717,2025,2024-12-31,learned_market,20260912,0.4072710676381864,0.4072710676381864,0,0
rolling5_annual20,3612,2025-12-12,2025-12-22,0.0082791208791208,2025,2024-12-31,learned_market,20260912,0.6119699471537875,0.6119699471537875,1,1
rolling5_annual20,3617,2025-12-19,2025-12-29,0.0153890755001995,2025,2024-12-31,learned_market,20260912,0.6182896063570782,0.6182896063570782,1,1
rolling5_annual20,3622,2025-12-26,2026-01-12,0.0239101640737868,2025,2024-12-31,learned_market,20260912,0.5300571832747044,0.5300571832747044,1,1
rolling5_annual20,3384,2025-01-03,2025-01-13,-0.0189486730632231,2025,2024-12-31,learned_vol_interaction,20260912,0.4216991098514313,0.4216991098514313,0,0
rolling5_annual20,3389,2025-01-10,2025-01-20,0.0353251773547418,2025,2024-12-31,learned_vol_interaction,20260912,0.6572683815072808,0.6572683815072808,1,1
rolling5_annual20,3394,2025-01-17,2025-01-27,0.000432821422053,2025,2024-12-31,learned_vol_interaction,20260912,0.5624117839252505,0.5624117839252505,1,1
rolling5_annual20,3399,2025-01-24,2025-02-10,0.0159344898044284,2025,2024-12-31,learned_vol_interaction,20260912,0.7143566519320824,0.7143566519320824,1,1
rolling5_annual20,3403,2025-02-07,2025-02-17,0.0144454990892999,2025,2024-12-31,learned_vol_interaction,20260912,0.6656753647706254,0.6656753647706254,1,1
rolling5_annual20,3408,2025-02-14,2025-02-24,0.0045695818086644,2025,2024-12-31,learned_vol_interaction,20260912,0.6366748986711647,0.6366748986711647,1,1
rolling5_annual20,3413,2025-02-21,2025-03-03,-0.0183210488158531,2025,2024-12-31,learned_vol_interaction,20260912,0.3758479309011285,0.3758479309011285,0,0
rolling5_annual20,3418,2025-02-28,2025-03-10,0.0117650075646844,2025,2024-12-31,learned_vol_interaction,20260912,0.5709205167438731,0.5709205167438731,1,1
rolling5_annual20,3423,2025-03-07,2025-03-17,0.019023819058288,2025,2024-12-31,learned_vol_interaction,20260912,0.2697314685006311,0.2697314685006311,0,1
rolling5_annual20,3428,2025-03-14,2025-03-24,-0.0259983485216283,2025,2024-12-31,learned_vol_interaction,20260912,0.6971511109958376,0.6971511109958376,1,0
rolling5_annual20,3433,2025-03-21,2025-03-31,-0.0025867506275359,2025,2024-12-31,learned_vol_interaction,20260912,0.5692380331101397,0.5692380331101397,1,0
rolling5_annual20,3438,2025-03-28,2025-04-14,-0.0342910101946246,2025,2024-12-31,learned_vol_interaction,20260912,0.5653548865619433,0.5653548865619433,1,0
rolling5_annual20,3447,2025-04-11,2025-04-21,-0.0010339232881941,2025,2024-12-31,learned_vol_interaction,20260912,0.5182124590150238,0.5182124590150238,1,0
rolling5_annual20,3452,2025-04-18,2025-04-28,0.0048432383085554,2025,2024-12-31,learned_vol_interaction,20260912,0.6373210111342115,0.6373210111342115,1,1
rolling5_annual20,3457,2025-04-25,2025-05-12,0.02116527880118,2025,2024-12-31,learned_vol_interaction,20260912,0.4715989287340677,0.4715989287340677,0,1
rolling5_annual20,3464,2025-05-09,2025-05-19,0.0041484224873464,2025,2024-12-31,learned_vol_interaction,20260912,0.2195213618582217,0.2195213618582217,0,1
rolling5_annual20,3469,2025-05-16,2025-05-26,-0.0017462660042188,2025,2024-12-31,learned_vol_interaction,20260912,0.30980692288748674,0.30980692288748674,0,0
rolling5_annual20,3474,2025-05-23,2025-06-03,-0.0109216443615366,2025,2024-12-31,learned_vol_interaction,20260912,0.19480935035671804,0.19480935035671804,0,0
rolling5_annual20,3479,2025-05-30,2025-06-09,0.011566574321892,2025,2024-12-31,learned_vol_interaction,20260912,0.15118619506064962,0.15118619506064962,0,1
rolling5_annual20,3483,2025-06-06,2025-06-16,-0.0062354943524679,2025,2024-12-31,learned_vol_interaction,20260912,0.37427363804780367,0.37427363804780367,0,0
rolling5_annual20,3488,2025-06-13,2025-06-23,-0.005825691168304,2025,2024-12-31,learned_vol_interaction,20260912,0.28249272154558186,0.28249272154558186,0,0
rolling5_annual20,3493,2025-06-20,2025-06-30,0.0232670437490374,2025,2024-12-31,learned_vol_interaction,20260912,0.41432413530429735,0.41432413530429735,0,1
rolling5_annual20,3498,2025-06-27,2025-07-07,0.0145345648685946,2025,2024-12-31,learned_vol_interaction,20260912,0.527574063118162,0.527574063118162,1,1
rolling5_annual20,3503,2025-07-04,2025-07-14,0.0110426949002964,2025,2024-12-31,learned_vol_interaction,20260912,0.4460138413271689,0.4460138413271689,0,1
rolling5_annual20,3508,2025-07-11,2025-07-21,0.0120759671840067,2025,2024-12-31,learned_vol_interaction,20260912,0.5313131532633956,0.5313131532633956,1,1
rolling5_annual20,3513,2025-07-18,2025-07-28,0.0143570766898375,2025,2024-12-31,learned_vol_interaction,20260912,0.7086416116210668,0.7086416116210668,1,1
rolling5_annual20,3518,2025-07-25,2025-08-04,-0.0218642507630443,2025,2024-12-31,learned_vol_interaction,20260912,0.5244618144098299,0.5244618144098299,1,0
rolling5_annual20,3523,2025-08-01,2025-08-11,0.0179175520190988,2025,2024-12-31,learned_vol_interaction,20260912,0.5580312472539825,0.5580312472539825,1,1
rolling5_annual20,3528,2025-08-08,2025-08-18,0.026265786598999,2025,2024-12-31,learned_vol_interaction,20260912,0.25990682624063666,0.25990682624063666,0,1
rolling5_annual20,3533,2025-08-15,2025-08-25,0.0469483790671487,2025,2024-12-31,learned_vol_interaction,20260912,0.4307306379319456,0.4307306379319456,0,1
rolling5_annual20,3538,2025-08-22,2025-09-01,0.0227770368340847,2025,2024-12-31,learned_vol_interaction,20260912,0.3345407523434467,0.3345407523434467,0,1
rolling5_annual20,3543,2025-08-29,2025-09-08,-0.0110053842475337,2025,2024-12-31,learned_vol_interaction,20260912,0.6696935042280467,0.6696935042280467,1,0
rolling5_annual20,3548,2025-09-05,2025-09-15,0.0151594857594405,2025,2024-12-31,learned_vol_interaction,20260912,0.4127840561217513,0.4127840561217513,0,1
rolling5_annual20,3553,2025-09-12,2025-09-22,-0.0050409160971932,2025,2024-12-31,learned_vol_interaction,20260912,0.6132751573531933,0.6132751573531933,1,0
rolling5_annual20,3558,2025-09-19,2025-09-29,0.0095300784790881,2025,2024-12-31,learned_vol_interaction,20260912,0.3454408676898515,0.3454408676898515,0,1
rolling5_annual20,3563,2025-09-26,2025-10-13,-0.0140855274279203,2025,2024-12-31,learned_vol_interaction,20260912,0.49682258462544754,0.49682258462544754,0,0
rolling5_annual20,3567,2025-10-10,2025-10-20,0.015001547584321,2025,2024-12-31,learned_vol_interaction,20260912,0.38708416794246603,0.38708416794246603,0,1
rolling5_annual20,3572,2025-10-17,2025-10-27,0.0309637052897611,2025,2024-12-31,learned_vol_interaction,20260912,0.3157098671172643,0.3157098671172643,0,1
rolling5_annual20,3577,2025-10-24,2025-11-03,-0.013331545863497,2025,2024-12-31,learned_vol_interaction,20260912,0.4208911959584494,0.4208911959584494,0,0
rolling5_annual20,3582,2025-10-31,2025-11-10,0.0110832418536339,2025,2024-12-31,learned_vol_interaction,20260912,0.3900158389526887,0.3900158389526887,0,1
rolling5_annual20,3587,2025-11-07,2025-11-17,-0.0152107881197579,2025,2024-12-31,learned_vol_interaction,20260912,0.659622747508864,0.659622747508864,1,0
rolling5_annual20,3592,2025-11-14,2025-11-24,-0.031114557454173,2025,2024-12-31,learned_vol_interaction,20260912,0.34326605537210186,0.34326605537210186,0,0
rolling5_annual20,3597,2025-11-21,2025-12-01,0.0147613767448515,2025,2024-12-31,learned_vol_interaction,20260912,0.48314566355901645,0.48314566355901645,0,1
rolling5_annual20,3602,2025-11-28,2025-12-08,0.0118853804313106,2025,2024-12-31,learned_vol_interaction,20260912,0.41500219502025004,0.41500219502025004,0,1
rolling5_annual20,3607,2025-12-05,2025-12-15,-0.0093922675990717,2025,2024-12-31,learned_vol_interaction,20260912,0.4068651499818389,0.4068651499818389,0,0
rolling5_annual20,3612,2025-12-12,2025-12-22,0.0082791208791208,2025,2024-12-31,learned_vol_interaction,20260912,0.616228716247792,0.616228716247792,1,1
rolling5_annual20,3617,2025-12-19,2025-12-29,0.0153890755001995,2025,2024-12-31,learned_vol_interaction,20260912,0.623898158108595,0.623898158108595,1,1
rolling5_annual20,3622,2025-12-26,2026-01-12,0.0239101640737868,2025,2024-12-31,learned_vol_interaction,20260912,0.5313345497973928,0.5313345497973928,1,1
rolling5_annual20,3384,2025-01-03,2025-01-13,-0.0189486730632231,2025,2024-12-31,learned_order_extension,20260912,0.43188465804609494,0.43188465804609494,0,0
rolling5_annual20,3389,2025-01-10,2025-01-20,0.0353251773547418,2025,2024-12-31,learned_order_extension,20260912,0.7180313467789317,0.7180313467789317,1,1
rolling5_annual20,3394,2025-01-17,2025-01-27,0.000432821422053,2025,2024-12-31,learned_order_extension,20260912,0.6186516338053223,0.6186516338053223,1,1
rolling5_annual20,3399,2025-01-24,2025-02-10,0.0159344898044284,2025,2024-12-31,learned_order_extension,20260912,0.7832822932916682,0.7832822932916682,1,1
rolling5_annual20,3403,2025-02-07,2025-02-17,0.0144454990892999,2025,2024-12-31,learned_order_extension,20260912,0.7098765758367355,0.7098765758367355,1,1
rolling5_annual20,3408,2025-02-14,2025-02-24,0.0045695818086644,2025,2024-12-31,learned_order_extension,20260912,0.6855283540318028,0.6855283540318028,1,1
rolling5_annual20,3413,2025-02-21,2025-03-03,-0.0183210488158531,2025,2024-12-31,learned_order_extension,20260912,0.40938066472725215,0.40938066472725215,0,0
rolling5_annual20,3418,2025-02-28,2025-03-10,0.0117650075646844,2025,2024-12-31,learned_order_extension,20260912,0.6433684681685069,0.6433684681685069,1,1
rolling5_annual20,3423,2025-03-07,2025-03-17,0.019023819058288,2025,2024-12-31,learned_order_extension,20260912,0.25002023502263354,0.25002023502263354,0,1
rolling5_annual20,3428,2025-03-14,2025-03-24,-0.0259983485216283,2025,2024-12-31,learned_order_extension,20260912,0.7238176657049011,0.7238176657049011,1,0
rolling5_annual20,3433,2025-03-21,2025-03-31,-0.0025867506275359,2025,2024-12-31,learned_order_extension,20260912,0.5988742871040955,0.5988742871040955,1,0
rolling5_annual20,3438,2025-03-28,2025-04-14,-0.0342910101946246,2025,2024-12-31,learned_order_extension,20260912,0.6204095542696454,0.6204095542696454,1,0
rolling5_annual20,3447,2025-04-11,2025-04-21,-0.0010339232881941,2025,2024-12-31,learned_order_extension,20260912,0.5146965896009417,0.5146965896009417,1,0
rolling5_annual20,3452,2025-04-18,2025-04-28,0.0048432383085554,2025,2024-12-31,learned_order_extension,20260912,0.6661309990671398,0.6661309990671398,1,1
rolling5_annual20,3457,2025-04-25,2025-05-12,0.02116527880118,2025,2024-12-31,learned_order_extension,20260912,0.4604952035655177,0.4604952035655177,0,1
rolling5_annual20,3464,2025-05-09,2025-05-19,0.0041484224873464,2025,2024-12-31,learned_order_extension,20260912,0.21512770114159974,0.21512770114159974,0,1
rolling5_annual20,3469,2025-05-16,2025-05-26,-0.0017462660042188,2025,2024-12-31,learned_order_extension,20260912,0.3277789625470372,0.3277789625470372,0,0
rolling5_annual20,3474,2025-05-23,2025-06-03,-0.0109216443615366,2025,2024-12-31,learned_order_extension,20260912,0.22531154624064548,0.22531154624064548,0,0
rolling5_annual20,3479,2025-05-30,2025-06-09,0.011566574321892,2025,2024-12-31,learned_order_extension,20260912,0.20222044538989106,0.20222044538989106,0,1
rolling5_annual20,3483,2025-06-06,2025-06-16,-0.0062354943524679,2025,2024-12-31,learned_order_extension,20260912,0.407089298223714,0.407089298223714,0,0
rolling5_annual20,3488,2025-06-13,2025-06-23,-0.005825691168304,2025,2024-12-31,learned_order_extension,20260912,0.2982937492446568,0.2982937492446568,0,0
rolling5_annual20,3493,2025-06-20,2025-06-30,0.0232670437490374,2025,2024-12-31,learned_order_extension,20260912,0.4376549986924258,0.4376549986924258,0,1
rolling5_annual20,3498,2025-06-27,2025-07-07,0.0145345648685946,2025,2024-12-31,learned_order_extension,20260912,0.5181270090222981,0.5181270090222981,1,1
rolling5_annual20,3503,2025-07-04,2025-07-14,0.0110426949002964,2025,2024-12-31,learned_order_extension,20260912,0.44975661840836995,0.44975661840836995,0,1
rolling5_annual20,3508,2025-07-11,2025-07-21,0.0120759671840067,2025,2024-12-31,learned_order_extension,20260912,0.5396775320772306,0.5396775320772306,1,1
rolling5_annual20,3513,2025-07-18,2025-07-28,0.0143570766898375,2025,2024-12-31,learned_order_extension,20260912,0.7181896217551942,0.7181896217551942,1,1
rolling5_annual20,3518,2025-07-25,2025-08-04,-0.0218642507630443,2025,2024-12-31,learned_order_extension,20260912,0.4788967000353738,0.4788967000353738,0,0
rolling5_annual20,3523,2025-08-01,2025-08-11,0.0179175520190988,2025,2024-12-31,learned_order_extension,20260912,0.5048920607412078,0.5048920607412078,1,1
rolling5_annual20,3528,2025-08-08,2025-08-18,0.026265786598999,2025,2024-12-31,learned_order_extension,20260912,0.2671707254058088,0.2671707254058088,0,1
rolling5_annual20,3533,2025-08-15,2025-08-25,0.0469483790671487,2025,2024-12-31,learned_order_extension,20260912,0.42899078082677655,0.42899078082677655,0,1
rolling5_annual20,3538,2025-08-22,2025-09-01,0.0227770368340847,2025,2024-12-31,learned_order_extension,20260912,0.3149107808618338,0.3149107808618338,0,1
rolling5_annual20,3543,2025-08-29,2025-09-08,-0.0110053842475337,2025,2024-12-31,learned_order_extension,20260912,0.6822563563025544,0.6822563563025544,1,0
rolling5_annual20,3548,2025-09-05,2025-09-15,0.0151594857594405,2025,2024-12-31,learned_order_extension,20260912,0.413546101176203,0.413546101176203,0,1
rolling5_annual20,3553,2025-09-12,2025-09-22,-0.0050409160971932,2025,2024-12-31,learned_order_extension,20260912,0.5955127190576712,0.5955127190576712,1,0
rolling5_annual20,3558,2025-09-19,2025-09-29,0.0095300784790881,2025,2024-12-31,learned_order_extension,20260912,0.3203365822384075,0.3203365822384075,0,1
rolling5_annual20,3563,2025-09-26,2025-10-13,-0.0140855274279203,2025,2024-12-31,learned_order_extension,20260912,0.49370493999167486,0.49370493999167486,0,0
rolling5_annual20,3567,2025-10-10,2025-10-20,0.015001547584321,2025,2024-12-31,learned_order_extension,20260912,0.3618256973057808,0.3618256973057808,0,1
rolling5_annual20,3572,2025-10-17,2025-10-27,0.0309637052897611,2025,2024-12-31,learned_order_extension,20260912,0.312619869218582,0.312619869218582,0,1
rolling5_annual20,3577,2025-10-24,2025-11-03,-0.013331545863497,2025,2024-12-31,learned_order_extension,20260912,0.40985370086401507,0.40985370086401507,0,0
rolling5_annual20,3582,2025-10-31,2025-11-10,0.0110832418536339,2025,2024-12-31,learned_order_extension,20260912,0.3627331529148393,0.3627331529148393,0,1
rolling5_annual20,3587,2025-11-07,2025-11-17,-0.0152107881197579,2025,2024-12-31,learned_order_extension,20260912,0.718885721140873,0.718885721140873,1,0
rolling5_annual20,3592,2025-11-14,2025-11-24,-0.031114557454173,2025,2024-12-31,learned_order_extension,20260912,0.30698939617400184,0.30698939617400184,0,0
rolling5_annual20,3597,2025-11-21,2025-12-01,0.0147613767448515,2025,2024-12-31,learned_order_extension,20260912,0.5182169356345201,0.5182169356345201,1,1
rolling5_annual20,3602,2025-11-28,2025-12-08,0.0118853804313106,2025,2024-12-31,learned_order_extension,20260912,0.4275392206065502,0.4275392206065502,0,1
rolling5_annual20,3607,2025-12-05,2025-12-15,-0.0093922675990717,2025,2024-12-31,learned_order_extension,20260912,0.4221602938281845,0.4221602938281845,0,0
rolling5_annual20,3612,2025-12-12,2025-12-22,0.0082791208791208,2025,2024-12-31,learned_order_extension,20260912,0.686955951008886,0.686955951008886,1,1
rolling5_annual20,3617,2025-12-19,2025-12-29,0.0153890755001995,2025,2024-12-31,learned_order_extension,20260912,0.6978439415509934,0.6978439415509934,1,1
rolling5_annual20,3622,2025-12-26,2026-01-12,0.0239101640737868,2025,2024-12-31,learned_order_extension,20260912,0.5576069048924787,0.5576069048924787,1,1
rolling5_annual20,3384,2025-01-03,2025-01-13,-0.0189486730632231,2025,2024-12-31,learned_order_offset,20260912,0.4326309825835323,0.4326309825835323,0,0
rolling5_annual20,3389,2025-01-10,2025-01-20,0.0353251773547418,2025,2024-12-31,learned_order_offset,20260912,0.7155096866522207,0.7155096866522207,1,1
rolling5_annual20,3394,2025-01-17,2025-01-27,0.000432821422053,2025,2024-12-31,learned_order_offset,20260912,0.6172483281551261,0.6172483281551261,1,1
rolling5_annual20,3399,2025-01-24,2025-02-10,0.0159344898044284,2025,2024-12-31,learned_order_offset,20260912,0.7808632543831274,0.7808632543831274,1,1
rolling5_annual20,3403,2025-02-07,2025-02-17,0.0144454990892999,2025,2024-12-31,learned_order_offset,20260912,0.7081726942730068,0.7081726942730068,1,1
rolling5_annual20,3408,2025-02-14,2025-02-24,0.0045695818086644,2025,2024-12-31,learned_order_offset,20260912,0.6832841057647039,0.6832841057647039,1,1
rolling5_annual20,3413,2025-02-21,2025-03-03,-0.0183210488158531,2025,2024-12-31,learned_order_offset,20260912,0.4117646835265383,0.4117646835265383,0,0
rolling5_annual20,3418,2025-02-28,2025-03-10,0.0117650075646844,2025,2024-12-31,learned_order_offset,20260912,0.6412881777301309,0.6412881777301309,1,1
rolling5_annual20,3423,2025-03-07,2025-03-17,0.019023819058288,2025,2024-12-31,learned_order_offset,20260912,0.25180315037211576,0.25180315037211576,0,1
rolling5_annual20,3428,2025-03-14,2025-03-24,-0.0259983485216283,2025,2024-12-31,learned_order_offset,20260912,0.7172777696525664,0.7172777696525664,1,0
rolling5_annual20,3433,2025-03-21,2025-03-31,-0.0025867506275359,2025,2024-12-31,learned_order_offset,20260912,0.5938462138293957,0.5938462138293957,1,0
rolling5_annual20,3438,2025-03-28,2025-04-14,-0.0342910101946246,2025,2024-12-31,learned_order_offset,20260912,0.6157709090258536,0.6157709090258536,1,0
rolling5_annual20,3447,2025-04-11,2025-04-21,-0.0010339232881941,2025,2024-12-31,learned_order_offset,20260912,0.5120728879925767,0.5120728879925767,1,0
rolling5_annual20,3452,2025-04-18,2025-04-28,0.0048432383085554,2025,2024-12-31,learned_order_offset,20260912,0.6635249152228766,0.6635249152228766,1,1
rolling5_annual20,3457,2025-04-25,2025-05-12,0.02116527880118,2025,2024-12-31,learned_order_offset,20260912,0.46286812448480785,0.46286812448480785,0,1
rolling5_annual20,3464,2025-05-09,2025-05-19,0.0041484224873464,2025,2024-12-31,learned_order_offset,20260912,0.21962607564301329,0.21962607564301329,0,1
rolling5_annual20,3469,2025-05-16,2025-05-26,-0.0017462660042188,2025,2024-12-31,learned_order_offset,20260912,0.33141150174739936,0.33141150174739936,0,0
rolling5_annual20,3474,2025-05-23,2025-06-03,-0.0109216443615366,2025,2024-12-31,learned_order_offset,20260912,0.23046429657969508,0.23046429657969508,0,0
rolling5_annual20,3479,2025-05-30,2025-06-09,0.011566574321892,2025,2024-12-31,learned_order_offset,20260912,0.2076334788658006,0.2076334788658006,0,1
rolling5_annual20,3483,2025-06-06,2025-06-16,-0.0062354943524679,2025,2024-12-31,learned_order_offset,20260912,0.4107608831952894,0.4107608831952894,0,0
rolling5_annual20,3488,2025-06-13,2025-06-23,-0.005825691168304,2025,2024-12-31,learned_order_offset,20260912,0.2988370145555203,0.2988370145555203,0,0
rolling5_annual20,3493,2025-06-20,2025-06-30,0.0232670437490374,2025,2024-12-31,learned_order_offset,20260912,0.4375904241651662,0.4375904241651662,0,1
rolling5_annual20,3498,2025-06-27,2025-07-07,0.0145345648685946,2025,2024-12-31,learned_order_offset,20260912,0.51621490195825,0.51621490195825,1,1
rolling5_annual20,3503,2025-07-04,2025-07-14,0.0110426949002964,2025,2024-12-31,learned_order_offset,20260912,0.4492168708376479,0.4492168708376479,0,1
rolling5_annual20,3508,2025-07-11,2025-07-21,0.0120759671840067,2025,2024-12-31,learned_order_offset,20260912,0.5370542470526525,0.5370542470526525,1,1
rolling5_annual20,3513,2025-07-18,2025-07-28,0.0143570766898375,2025,2024-12-31,learned_order_offset,20260912,0.7112619395712232,0.7112619395712232,1,1
rolling5_annual20,3518,2025-07-25,2025-08-04,-0.0218642507630443,2025,2024-12-31,learned_order_offset,20260912,0.4726001591921405,0.4726001591921405,0,0
rolling5_annual20,3523,2025-08-01,2025-08-11,0.0179175520190988,2025,2024-12-31,learned_order_offset,20260912,0.5020957913429207,0.5020957913429207,1,1
rolling5_annual20,3528,2025-08-08,2025-08-18,0.026265786598999,2025,2024-12-31,learned_order_offset,20260912,0.2658596532709608,0.2658596532709608,0,1
rolling5_annual20,3533,2025-08-15,2025-08-25,0.0469483790671487,2025,2024-12-31,learned_order_offset,20260912,0.4277797400971979,0.4277797400971979,0,1
rolling5_annual20,3538,2025-08-22,2025-09-01,0.0227770368340847,2025,2024-12-31,learned_order_offset,20260912,0.31588824917538333,0.31588824917538333,0,1
rolling5_annual20,3543,2025-08-29,2025-09-08,-0.0110053842475337,2025,2024-12-31,learned_order_offset,20260912,0.6781481763268534,0.6781481763268534,1,0
rolling5_annual20,3548,2025-09-05,2025-09-15,0.0151594857594405,2025,2024-12-31,learned_order_offset,20260912,0.41515740085251923,0.41515740085251923,0,1
rolling5_annual20,3553,2025-09-12,2025-09-22,-0.0050409160971932,2025,2024-12-31,learned_order_offset,20260912,0.595827474959161,0.595827474959161,1,0
rolling5_annual20,3558,2025-09-19,2025-09-29,0.0095300784790881,2025,2024-12-31,learned_order_offset,20260912,0.32359209816667756,0.32359209816667756,0,1
rolling5_annual20,3563,2025-09-26,2025-10-13,-0.0140855274279203,2025,2024-12-31,learned_order_offset,20260912,0.4955932405531918,0.4955932405531918,0,0
rolling5_annual20,3567,2025-10-10,2025-10-20,0.015001547584321,2025,2024-12-31,learned_order_offset,20260912,0.3626841037082148,0.3626841037082148,0,1
rolling5_annual20,3572,2025-10-17,2025-10-27,0.0309637052897611,2025,2024-12-31,learned_order_offset,20260912,0.3155072074467302,0.3155072074467302,0,1
rolling5_annual20,3577,2025-10-24,2025-11-03,-0.013331545863497,2025,2024-12-31,learned_order_offset,20260912,0.41018847226300936,0.41018847226300936,0,0
rolling5_annual20,3582,2025-10-31,2025-11-10,0.0110832418536339,2025,2024-12-31,learned_order_offset,20260912,0.36389960460436116,0.36389960460436116,0,1
rolling5_annual20,3587,2025-11-07,2025-11-17,-0.0152107881197579,2025,2024-12-31,learned_order_offset,20260912,0.7158905437459984,0.7158905437459984,1,0
rolling5_annual20,3592,2025-11-14,2025-11-24,-0.031114557454173,2025,2024-12-31,learned_order_offset,20260912,0.30770955732411853,0.30770955732411853,0,0
rolling5_annual20,3597,2025-11-21,2025-12-01,0.0147613767448515,2025,2024-12-31,learned_order_offset,20260912,0.5191415404011084,0.5191415404011084,1,1
rolling5_annual20,3602,2025-11-28,2025-12-08,0.0118853804313106,2025,2024-12-31,learned_order_offset,20260912,0.42732723868442246,0.42732723868442246,0,1
rolling5_annual20,3607,2025-12-05,2025-12-15,-0.0093922675990717,2025,2024-12-31,learned_order_offset,20260912,0.42170161654928456,0.42170161654928456,0,0
rolling5_annual20,3612,2025-12-12,2025-12-22,0.0082791208791208,2025,2024-12-31,learned_order_offset,20260912,0.6839209467759624,0.6839209467759624,1,1
rolling5_annual20,3617,2025-12-19,2025-12-29,0.0153890755001995,2025,2024-12-31,learned_order_offset,20260912,0.6937306559843779,0.6937306559843779,1,1
rolling5_annual20,3622,2025-12-26,2026-01-12,0.0239101640737868,2025,2024-12-31,learned_order_offset,20260912,0.556765310818863,0.556765310818863,1,1
rolling5_annual20,3384,2025-01-03,2025-01-13,-0.0189486730632231,2025,2024-12-31,native_mse,20260912,-0.003930728949605344,,0,0
rolling5_annual20,3389,2025-01-10,2025-01-20,0.0353251773547418,2025,2024-12-31,native_mse,20260912,0.004608697114816542,,1,1
rolling5_annual20,3394,2025-01-17,2025-01-27,0.000432821422053,2025,2024-12-31,native_mse,20260912,-0.0013781107886780553,,0,1
rolling5_annual20,3399,2025-01-24,2025-02-10,0.0159344898044284,2025,2024-12-31,native_mse,20260912,0.008065382377116114,,1,1
rolling5_annual20,3403,2025-02-07,2025-02-17,0.0144454990892999,2025,2024-12-31,native_mse,20260912,0.0020560919017093573,,1,1
rolling5_annual20,3408,2025-02-14,2025-02-24,0.0045695818086644,2025,2024-12-31,native_mse,20260912,0.0004574229206631815,,1,1
rolling5_annual20,3413,2025-02-21,2025-03-03,-0.0183210488158531,2025,2024-12-31,native_mse,20260912,-0.004487069050516085,,0,0
rolling5_annual20,3418,2025-02-28,2025-03-10,0.0117650075646844,2025,2024-12-31,native_mse,20260912,0.007907777385840498,,1,1
rolling5_annual20,3423,2025-03-07,2025-03-17,0.019023819058288,2025,2024-12-31,native_mse,20260912,-0.007080334543719193,,0,1
rolling5_annual20,3428,2025-03-14,2025-03-24,-0.0259983485216283,2025,2024-12-31,native_mse,20260912,0.005416181842733637,,1,0
rolling5_annual20,3433,2025-03-21,2025-03-31,-0.0025867506275359,2025,2024-12-31,native_mse,20260912,0.0028174386195491687,,1,0
rolling5_annual20,3438,2025-03-28,2025-04-14,-0.0342910101946246,2025,2024-12-31,native_mse,20260912,0.0006099430279859906,,1,0
rolling5_annual20,3447,2025-04-11,2025-04-21,-0.0010339232881941,2025,2024-12-31,native_mse,20260912,-0.0038314464400373087,,0,0
rolling5_annual20,3452,2025-04-18,2025-04-28,0.0048432383085554,2025,2024-12-31,native_mse,20260912,-0.002239070357372274,,0,1
rolling5_annual20,3457,2025-04-25,2025-05-12,0.02116527880118,2025,2024-12-31,native_mse,20260912,-0.0030291142570267483,,0,1
rolling5_annual20,3464,2025-05-09,2025-05-19,0.0041484224873464,2025,2024-12-31,native_mse,20260912,-0.006797100864360832,,0,1
rolling5_annual20,3469,2025-05-16,2025-05-26,-0.0017462660042188,2025,2024-12-31,native_mse,20260912,0.0011635229802106158,,1,0
rolling5_annual20,3474,2025-05-23,2025-06-03,-0.0109216443615366,2025,2024-12-31,native_mse,20260912,-0.0015437185640202761,,0,0
rolling5_annual20,3479,2025-05-30,2025-06-09,0.011566574321892,2025,2024-12-31,native_mse,20260912,-0.007042284452490261,,0,1
rolling5_annual20,3483,2025-06-06,2025-06-16,-0.0062354943524679,2025,2024-12-31,native_mse,20260912,0.00028466611619904517,,1,0
rolling5_annual20,3488,2025-06-13,2025-06-23,-0.005825691168304,2025,2024-12-31,native_mse,20260912,-0.006674179072757184,,0,0
rolling5_annual20,3493,2025-06-20,2025-06-30,0.0232670437490374,2025,2024-12-31,native_mse,20260912,-0.0026285119113171485,,0,1
rolling5_annual20,3498,2025-06-27,2025-07-07,0.0145345648685946,2025,2024-12-31,native_mse,20260912,-0.001664357643481335,,0,1
rolling5_annual20,3503,2025-07-04,2025-07-14,0.0110426949002964,2025,2024-12-31,native_mse,20260912,0.0037107408116209707,,1,1
rolling5_annual20,3508,2025-07-11,2025-07-21,0.0120759671840067,2025,2024-12-31,native_mse,20260912,0.002218014475368515,,1,1
rolling5_annual20,3513,2025-07-18,2025-07-28,0.0143570766898375,2025,2024-12-31,native_mse,20260912,0.009911597608358887,,1,1
rolling5_annual20,3518,2025-07-25,2025-08-04,-0.0218642507630443,2025,2024-12-31,native_mse,20260912,-0.0013540938427923275,,0,0
rolling5_annual20,3523,2025-08-01,2025-08-11,0.0179175520190988,2025,2024-12-31,native_mse,20260912,0.002501110312004882,,1,1
rolling5_annual20,3528,2025-08-08,2025-08-18,0.026265786598999,2025,2024-12-31,native_mse,20260912,-0.006121881900028309,,0,1
rolling5_annual20,3533,2025-08-15,2025-08-25,0.0469483790671487,2025,2024-12-31,native_mse,20260912,-0.0031833828356847573,,0,1
rolling5_annual20,3538,2025-08-22,2025-09-01,0.0227770368340847,2025,2024-12-31,native_mse,20260912,-0.005229739970136804,,0,1
rolling5_annual20,3543,2025-08-29,2025-09-08,-0.0110053842475337,2025,2024-12-31,native_mse,20260912,0.0017396293034999204,,1,0
rolling5_annual20,3548,2025-09-05,2025-09-15,0.0151594857594405,2025,2024-12-31,native_mse,20260912,-0.006315423164964012,,0,1
rolling5_annual20,3553,2025-09-12,2025-09-22,-0.0050409160971932,2025,2024-12-31,native_mse,20260912,0.0036445584301978444,,1,0
rolling5_annual20,3558,2025-09-19,2025-09-29,0.0095300784790881,2025,2024-12-31,native_mse,20260912,-0.007907179585583714,,0,1
rolling5_annual20,3563,2025-09-26,2025-10-13,-0.0140855274279203,2025,2024-12-31,native_mse,20260912,-0.0016751946251609804,,0,0
rolling5_annual20,3567,2025-10-10,2025-10-20,0.015001547584321,2025,2024-12-31,native_mse,20260912,-0.006402638764524997,,0,1
rolling5_annual20,3572,2025-10-17,2025-10-27,0.0309637052897611,2025,2024-12-31,native_mse,20260912,-0.00870396964325983,,0,1
rolling5_annual20,3577,2025-10-24,2025-11-03,-0.013331545863497,2025,2024-12-31,native_mse,20260912,-0.005475122015119508,,0,0
rolling5_annual20,3582,2025-10-31,2025-11-10,0.0110832418536339,2025,2024-12-31,native_mse,20260912,-0.006949842516906396,,0,1
rolling5_annual20,3587,2025-11-07,2025-11-17,-0.0152107881197579,2025,2024-12-31,native_mse,20260912,0.005808210669049744,,1,0
rolling5_annual20,3592,2025-11-14,2025-11-24,-0.031114557454173,2025,2024-12-31,native_mse,20260912,-0.005729952989633713,,0,0
rolling5_annual20,3597,2025-11-21,2025-12-01,0.0147613767448515,2025,2024-12-31,native_mse,20260912,-0.0015450315646448089,,0,1
rolling5_annual20,3602,2025-11-28,2025-12-08,0.0118853804313106,2025,2024-12-31,native_mse,20260912,-0.0032204954130721736,,0,1
rolling5_annual20,3607,2025-12-05,2025-12-15,-0.0093922675990717,2025,2024-12-31,native_mse,20260912,-0.0047114270439592345,,0,0
rolling5_annual20,3612,2025-12-12,2025-12-22,0.0082791208791208,2025,2024-12-31,native_mse,20260912,0.0035042182684974187,,1,1
rolling5_annual20,3617,2025-12-19,2025-12-29,0.0153890755001995,2025,2024-12-31,native_mse,20260912,-0.0005370407904008248,,0,1
rolling5_annual20,3622,2025-12-26,2026-01-12,0.0239101640737868,2025,2024-12-31,native_mse,20260912,0.002315041428841435,,1,1
rolling5_annual20,3630,2026-01-09,2026-01-19,-0.0103697336282536,2026,2025-12-31,learned_market,20260910,0.5209270458842004,0.5209270458842004,1,0
rolling5_annual20,3635,2026-01-16,2026-01-26,-0.0010190267764643,2026,2025-12-31,learned_market,20260910,0.5197139065453521,0.5197139065453521,1,0
rolling5_annual20,3640,2026-01-23,2026-02-02,-0.0087161586128796,2026,2025-12-31,learned_market,20260910,0.2755814653004309,0.2755814653004309,0,0
rolling5_annual20,3645,2026-01-30,2026-02-09,0.0041482324550519,2026,2025-12-31,learned_market,20260910,0.41561123934774186,0.41561123934774186,0,1
rolling5_annual20,3650,2026-02-06,2026-02-24,0.0071649689901505,2026,2025-12-31,learned_market,20260910,0.5571228245636697,0.5571228245636697,1,1
rolling5_annual20,3655,2026-02-13,2026-03-02,-0.0097920588919678,2026,2025-12-31,learned_market,20260910,0.4304939364707622,0.4304939364707622,0,0
rolling5_annual20,3659,2026-02-27,2026-03-09,-0.0172526869201304,2026,2025-12-31,learned_market,20260910,0.5160143853208942,0.5160143853208942,1,0
rolling5_annual20,3664,2026-03-06,2026-03-16,0.0149926634422041,2026,2025-12-31,learned_market,20260910,0.4236869357819852,0.4236869357819852,0,1
rolling5_annual20,3669,2026-03-13,2026-03-23,-0.0364343509194254,2026,2025-12-31,learned_market,20260910,0.40086366037455606,0.40086366037455606,0,0
rolling5_annual20,3674,2026-03-20,2026-03-30,-0.0083038829988221,2026,2025-12-31,learned_market,20260910,0.43855196230093557,0.43855196230093557,0,0
rolling5_annual20,3679,2026-03-27,2026-04-07,-0.0035591495694504,2026,2025-12-31,learned_market,20260910,0.5651756750942187,0.5651756750942187,1,0
rolling5_annual20,3684,2026-04-03,2026-04-13,0.0380736235508991,2026,2025-12-31,learned_market,20260910,0.5135356772227653,0.5135356772227653,1,1
rolling5_annual20,3688,2026-04-10,2026-04-20,0.0242766725964382,2026,2025-12-31,learned_market,20260910,0.4414243711182377,0.4414243711182377,0,1
rolling5_annual20,3693,2026-04-17,2026-04-27,0.010401572188011,2026,2025-12-31,learned_market,20260910,0.5274890760934624,0.5274890760934624,1,1
rolling5_annual20,3698,2026-04-24,2026-05-11,0.0263674696524953,2026,2025-12-31,learned_market,20260910,0.5599058490281199,0.5599058490281199,1,1
rolling5_annual20,3705,2026-05-08,2026-05-18,-0.0134529239455926,2026,2025-12-31,learned_market,20260910,0.7550729207988254,0.7550729207988254,1,0
rolling5_annual20,3710,2026-05-15,2026-05-25,0.0076235492615268,2026,2025-12-31,learned_market,20260910,0.804363668790624,0.804363668790624,1,1
rolling5_annual20,3715,2026-05-22,2026-06-01,0.005068538126898,2026,2025-12-31,learned_market,20260910,0.34489025597783224,0.34489025597783224,0,1
rolling5_annual20,3720,2026-05-29,2026-06-08,-0.039635353927193,2026,2025-12-31,learned_market,20260910,0.4051698015001944,0.4051698015001944,0,0
rolling5_annual20,3725,2026-06-05,2026-06-15,0.0266849782195981,2026,2025-12-31,learned_market,20260910,0.43325058670455674,0.43325058670455674,0,1
rolling5_annual20,3730,2026-06-12,2026-06-29,0.0076098142791176,2026,2025-12-31,learned_market,20260910,0.4284564728112197,0.4284564728112197,0,1
rolling5_annual20,3739,2026-06-26,2026-07-06,0.0005137647861506,2026,2025-12-31,learned_market,20260910,0.5031202151919982,0.5031202151919982,1,1
rolling5_annual20,3744,2026-07-03,2026-07-13,-0.0252847876365399,2026,2025-12-31,learned_market,20260910,0.48746869649780666,0.48746869649780666,0,0
rolling5_annual20,3749,2026-07-10,2026-07-20,-0.035775397012711,2026,2025-12-31,learned_market,20260910,0.5959903216474544,0.5959903216474544,1,0
rolling5_annual20,3754,2026-07-17,2026-07-27,0.01756245533441,2026,2025-12-31,learned_market,20260910,0.5449511844259397,0.5449511844259397,1,1
rolling5_annual20,3759,2026-07-24,2026-08-03,-0.0202339761556519,2026,2025-12-31,learned_market,20260910,0.5453196593301617,0.5453196593301617,1,0
rolling5_annual20,3764,2026-07-31,2026-08-10,0.0300318732435738,2026,2025-12-31,learned_market,20260910,0.2767208007713581,0.2767208007713581,0,1
rolling5_annual20,3769,2026-08-07,2026-08-17,-0.0056482265760339,2026,2025-12-31,learned_market,20260910,0.5027122241666967,0.5027122241666967,1,0
rolling5_annual20,3774,2026-08-14,2026-08-24,-0.0109860710402629,2026,2025-12-31,learned_market,20260910,0.5310817605680674,0.5310817605680674,1,0
rolling5_annual20,3779,2026-08-21,2026-08-31,-0.0127592811002066,2026,2025-12-31,learned_market,20260910,0.6651537896005871,0.6651537896005871,1,0
rolling5_annual20,3630,2026-01-09,2026-01-19,-0.0103697336282536,2026,2025-12-31,learned_vol_interaction,20260910,0.5249822005515526,0.5249822005515526,1,0
rolling5_annual20,3635,2026-01-16,2026-01-26,-0.0010190267764643,2026,2025-12-31,learned_vol_interaction,20260910,0.5217999415123397,0.5217999415123397,1,0
rolling5_annual20,3640,2026-01-23,2026-02-02,-0.0087161586128796,2026,2025-12-31,learned_vol_interaction,20260910,0.2703686171181188,0.2703686171181188,0,0
rolling5_annual20,3645,2026-01-30,2026-02-09,0.0041482324550519,2026,2025-12-31,learned_vol_interaction,20260910,0.4125281641526105,0.4125281641526105,0,1
rolling5_annual20,3650,2026-02-06,2026-02-24,0.0071649689901505,2026,2025-12-31,learned_vol_interaction,20260910,0.5560675092745206,0.5560675092745206,1,1
rolling5_annual20,3655,2026-02-13,2026-03-02,-0.0097920588919678,2026,2025-12-31,learned_vol_interaction,20260910,0.4244643603856174,0.4244643603856174,0,0
rolling5_annual20,3659,2026-02-27,2026-03-09,-0.0172526869201304,2026,2025-12-31,learned_vol_interaction,20260910,0.5169468531475478,0.5169468531475478,1,0
rolling5_annual20,3664,2026-03-06,2026-03-16,0.0149926634422041,2026,2025-12-31,learned_vol_interaction,20260910,0.42392001130005047,0.42392001130005047,0,1
rolling5_annual20,3669,2026-03-13,2026-03-23,-0.0364343509194254,2026,2025-12-31,learned_vol_interaction,20260910,0.3996582436829412,0.3996582436829412,0,0
rolling5_annual20,3674,2026-03-20,2026-03-30,-0.0083038829988221,2026,2025-12-31,learned_vol_interaction,20260910,0.4401239045442557,0.4401239045442557,0,0
rolling5_annual20,3679,2026-03-27,2026-04-07,-0.0035591495694504,2026,2025-12-31,learned_vol_interaction,20260910,0.5634266232389387,0.5634266232389387,1,0
rolling5_annual20,3684,2026-04-03,2026-04-13,0.0380736235508991,2026,2025-12-31,learned_vol_interaction,20260910,0.515659416956686,0.515659416956686,1,1
rolling5_annual20,3688,2026-04-10,2026-04-20,0.0242766725964382,2026,2025-12-31,learned_vol_interaction,20260910,0.4493722448458667,0.4493722448458667,0,1
rolling5_annual20,3693,2026-04-17,2026-04-27,0.010401572188011,2026,2025-12-31,learned_vol_interaction,20260910,0.5273621904757047,0.5273621904757047,1,1
rolling5_annual20,3698,2026-04-24,2026-05-11,0.0263674696524953,2026,2025-12-31,learned_vol_interaction,20260910,0.562569101111175,0.562569101111175,1,1
rolling5_annual20,3705,2026-05-08,2026-05-18,-0.0134529239455926,2026,2025-12-31,learned_vol_interaction,20260910,0.7583539673291619,0.7583539673291619,1,0
rolling5_annual20,3710,2026-05-15,2026-05-25,0.0076235492615268,2026,2025-12-31,learned_vol_interaction,20260910,0.808954967014337,0.808954967014337,1,1
rolling5_annual20,3715,2026-05-22,2026-06-01,0.005068538126898,2026,2025-12-31,learned_vol_interaction,20260910,0.3451660204622861,0.3451660204622861,0,1
rolling5_annual20,3720,2026-05-29,2026-06-08,-0.039635353927193,2026,2025-12-31,learned_vol_interaction,20260910,0.40602485778719405,0.40602485778719405,0,0
rolling5_annual20,3725,2026-06-05,2026-06-15,0.0266849782195981,2026,2025-12-31,learned_vol_interaction,20260910,0.432960289448338,0.432960289448338,0,1
rolling5_annual20,3730,2026-06-12,2026-06-29,0.0076098142791176,2026,2025-12-31,learned_vol_interaction,20260910,0.4280160370991171,0.4280160370991171,0,1
rolling5_annual20,3739,2026-06-26,2026-07-06,0.0005137647861506,2026,2025-12-31,learned_vol_interaction,20260910,0.5090642838694552,0.5090642838694552,1,1
rolling5_annual20,3744,2026-07-03,2026-07-13,-0.0252847876365399,2026,2025-12-31,learned_vol_interaction,20260910,0.49593440700267954,0.49593440700267954,0,0
rolling5_annual20,3749,2026-07-10,2026-07-20,-0.035775397012711,2026,2025-12-31,learned_vol_interaction,20260910,0.5920303453730118,0.5920303453730118,1,0
rolling5_annual20,3754,2026-07-17,2026-07-27,0.01756245533441,2026,2025-12-31,learned_vol_interaction,20260910,0.5400320366057051,0.5400320366057051,1,1
rolling5_annual20,3759,2026-07-24,2026-08-03,-0.0202339761556519,2026,2025-12-31,learned_vol_interaction,20260910,0.5452135003498544,0.5452135003498544,1,0
rolling5_annual20,3764,2026-07-31,2026-08-10,0.0300318732435738,2026,2025-12-31,learned_vol_interaction,20260910,0.2927729237284659,0.2927729237284659,0,1
rolling5_annual20,3769,2026-08-07,2026-08-17,-0.0056482265760339,2026,2025-12-31,learned_vol_interaction,20260910,0.5018241632757133,0.5018241632757133,1,0
rolling5_annual20,3774,2026-08-14,2026-08-24,-0.0109860710402629,2026,2025-12-31,learned_vol_interaction,20260910,0.5283667849838735,0.5283667849838735,1,0
rolling5_annual20,3779,2026-08-21,2026-08-31,-0.0127592811002066,2026,2025-12-31,learned_vol_interaction,20260910,0.6645868105074454,0.6645868105074454,1,0
rolling5_annual20,3630,2026-01-09,2026-01-19,-0.0103697336282536,2026,2025-12-31,learned_order_extension,20260910,0.5118603699776423,0.5118603699776423,1,0
rolling5_annual20,3635,2026-01-16,2026-01-26,-0.0010190267764643,2026,2025-12-31,learned_order_extension,20260910,0.5121161981098539,0.5121161981098539,1,0
rolling5_annual20,3640,2026-01-23,2026-02-02,-0.0087161586128796,2026,2025-12-31,learned_order_extension,20260910,0.2938325386236829,0.2938325386236829,0,0
rolling5_annual20,3645,2026-01-30,2026-02-09,0.0041482324550519,2026,2025-12-31,learned_order_extension,20260910,0.43621861720931454,0.43621861720931454,0,1
rolling5_annual20,3650,2026-02-06,2026-02-24,0.0071649689901505,2026,2025-12-31,learned_order_extension,20260910,0.5517322930511716,0.5517322930511716,1,1
rolling5_annual20,3655,2026-02-13,2026-03-02,-0.0097920588919678,2026,2025-12-31,learned_order_extension,20260910,0.4214021419664105,0.4214021419664105,0,0
rolling5_annual20,3659,2026-02-27,2026-03-09,-0.0172526869201304,2026,2025-12-31,learned_order_extension,20260910,0.5148692090014166,0.5148692090014166,1,0
rolling5_annual20,3664,2026-03-06,2026-03-16,0.0149926634422041,2026,2025-12-31,learned_order_extension,20260910,0.43198850893548346,0.43198850893548346,0,1
rolling5_annual20,3669,2026-03-13,2026-03-23,-0.0364343509194254,2026,2025-12-31,learned_order_extension,20260910,0.42629911883001154,0.42629911883001154,0,0
rolling5_annual20,3674,2026-03-20,2026-03-30,-0.0083038829988221,2026,2025-12-31,learned_order_extension,20260910,0.4749564207401761,0.4749564207401761,0,0
rolling5_annual20,3679,2026-03-27,2026-04-07,-0.0035591495694504,2026,2025-12-31,learned_order_extension,20260910,0.5307522668879032,0.5307522668879032,1,0
rolling5_annual20,3684,2026-04-03,2026-04-13,0.0380736235508991,2026,2025-12-31,learned_order_extension,20260910,0.4794368120870296,0.4794368120870296,0,1
rolling5_annual20,3688,2026-04-10,2026-04-20,0.0242766725964382,2026,2025-12-31,learned_order_extension,20260910,0.46167487445755256,0.46167487445755256,0,1
rolling5_annual20,3693,2026-04-17,2026-04-27,0.010401572188011,2026,2025-12-31,learned_order_extension,20260910,0.48915840397780913,0.48915840397780913,0,1
rolling5_annual20,3698,2026-04-24,2026-05-11,0.0263674696524953,2026,2025-12-31,learned_order_extension,20260910,0.5334939283024217,0.5334939283024217,1,1
rolling5_annual20,3705,2026-05-08,2026-05-18,-0.0134529239455926,2026,2025-12-31,learned_order_extension,20260910,0.6608729457947353,0.6608729457947353,1,0
rolling5_annual20,3710,2026-05-15,2026-05-25,0.0076235492615268,2026,2025-12-31,learned_order_extension,20260910,0.6621456099988644,0.6621456099988644,1,1
rolling5_annual20,3715,2026-05-22,2026-06-01,0.005068538126898,2026,2025-12-31,learned_order_extension,20260910,0.40802462143294466,0.40802462143294466,0,1
rolling5_annual20,3720,2026-05-29,2026-06-08,-0.039635353927193,2026,2025-12-31,learned_order_extension,20260910,0.4710367249905899,0.4710367249905899,0,0
rolling5_annual20,3725,2026-06-05,2026-06-15,0.0266849782195981,2026,2025-12-31,learned_order_extension,20260910,0.4787674603567685,0.4787674603567685,0,1
rolling5_annual20,3730,2026-06-12,2026-06-29,0.0076098142791176,2026,2025-12-31,learned_order_extension,20260910,0.46726942898894935,0.46726942898894935,0,1
rolling5_annual20,3739,2026-06-26,2026-07-06,0.0005137647861506,2026,2025-12-31,learned_order_extension,20260910,0.50390759823315,0.50390759823315,1,1
rolling5_annual20,3744,2026-07-03,2026-07-13,-0.0252847876365399,2026,2025-12-31,learned_order_extension,20260910,0.5209645843255333,0.5209645843255333,1,0
rolling5_annual20,3749,2026-07-10,2026-07-20,-0.035775397012711,2026,2025-12-31,learned_order_extension,20260910,0.5454797914275038,0.5454797914275038,1,0
rolling5_annual20,3754,2026-07-17,2026-07-27,0.01756245533441,2026,2025-12-31,learned_order_extension,20260910,0.509635762223466,0.509635762223466,1,1
rolling5_annual20,3759,2026-07-24,2026-08-03,-0.0202339761556519,2026,2025-12-31,learned_order_extension,20260910,0.518520792881256,0.518520792881256,1,0
rolling5_annual20,3764,2026-07-31,2026-08-10,0.0300318732435738,2026,2025-12-31,learned_order_extension,20260910,0.36135032927063787,0.36135032927063787,0,1
rolling5_annual20,3769,2026-08-07,2026-08-17,-0.0056482265760339,2026,2025-12-31,learned_order_extension,20260910,0.4821947855603083,0.4821947855603083,0,0
rolling5_annual20,3774,2026-08-14,2026-08-24,-0.0109860710402629,2026,2025-12-31,learned_order_extension,20260910,0.49567013865267634,0.49567013865267634,0,0
rolling5_annual20,3779,2026-08-21,2026-08-31,-0.0127592811002066,2026,2025-12-31,learned_order_extension,20260910,0.5942017644460034,0.5942017644460034,1,0
rolling5_annual20,3630,2026-01-09,2026-01-19,-0.0103697336282536,2026,2025-12-31,learned_order_offset,20260910,0.5108025931769093,0.5108025931769093,1,0
rolling5_annual20,3635,2026-01-16,2026-01-26,-0.0010190267764643,2026,2025-12-31,learned_order_offset,20260910,0.5113982623384066,0.5113982623384066,1,0
rolling5_annual20,3640,2026-01-23,2026-02-02,-0.0087161586128796,2026,2025-12-31,learned_order_offset,20260910,0.2944555803643879,0.2944555803643879,0,0
rolling5_annual20,3645,2026-01-30,2026-02-09,0.0041482324550519,2026,2025-12-31,learned_order_offset,20260910,0.43663121014690576,0.43663121014690576,0,1
rolling5_annual20,3650,2026-02-06,2026-02-24,0.0071649689901505,2026,2025-12-31,learned_order_offset,20260910,0.5521384139661094,0.5521384139661094,1,1
rolling5_annual20,3655,2026-02-13,2026-03-02,-0.0097920588919678,2026,2025-12-31,learned_order_offset,20260910,0.42280069136931375,0.42280069136931375,0,0
rolling5_annual20,3659,2026-02-27,2026-03-09,-0.0172526869201304,2026,2025-12-31,learned_order_offset,20260910,0.5153156845902671,0.5153156845902671,1,0
rolling5_annual20,3664,2026-03-06,2026-03-16,0.0149926634422041,2026,2025-12-31,learned_order_offset,20260910,0.43177972341367155,0.43177972341367155,0,1
rolling5_annual20,3669,2026-03-13,2026-03-23,-0.0364343509194254,2026,2025-12-31,learned_order_offset,20260910,0.4256062271162684,0.4256062271162684,0,0
rolling5_annual20,3674,2026-03-20,2026-03-30,-0.0083038829988221,2026,2025-12-31,learned_order_offset,20260910,0.47357009046646403,0.47357009046646403,0,0
rolling5_annual20,3679,2026-03-27,2026-04-07,-0.0035591495694504,2026,2025-12-31,learned_order_offset,20260910,0.5299745221118999,0.5299745221118999,1,0
rolling5_annual20,3684,2026-04-03,2026-04-13,0.0380736235508991,2026,2025-12-31,learned_order_offset,20260910,0.4782165227179181,0.4782165227179181,0,1
rolling5_annual20,3688,2026-04-10,2026-04-20,0.0242766725964382,2026,2025-12-31,learned_order_offset,20260910,0.4615862587370742,0.4615862587370742,0,1
rolling5_annual20,3693,2026-04-17,2026-04-27,0.010401572188011,2026,2025-12-31,learned_order_offset,20260910,0.48781762002384393,0.48781762002384393,0,1
rolling5_annual20,3698,2026-04-24,2026-05-11,0.0263674696524953,2026,2025-12-31,learned_order_offset,20260910,0.5331761180129994,0.5331761180129994,1,1
rolling5_annual20,3705,2026-05-08,2026-05-18,-0.0134529239455926,2026,2025-12-31,learned_order_offset,20260910,0.6596035363014215,0.6596035363014215,1,0
rolling5_annual20,3710,2026-05-15,2026-05-25,0.0076235492615268,2026,2025-12-31,learned_order_offset,20260910,0.6598534157480438,0.6598534157480438,1,1
rolling5_annual20,3715,2026-05-22,2026-06-01,0.005068538126898,2026,2025-12-31,learned_order_offset,20260910,0.4084421988760729,0.4084421988760729,0,1
rolling5_annual20,3720,2026-05-29,2026-06-08,-0.039635353927193,2026,2025-12-31,learned_order_offset,20260910,0.4707708671158844,0.4707708671158844,0,0
rolling5_annual20,3725,2026-06-05,2026-06-15,0.0266849782195981,2026,2025-12-31,learned_order_offset,20260910,0.47868630672112744,0.47868630672112744,0,1
rolling5_annual20,3730,2026-06-12,2026-06-29,0.0076098142791176,2026,2025-12-31,learned_order_offset,20260910,0.46795283108360136,0.46795283108360136,0,1
rolling5_annual20,3739,2026-06-26,2026-07-06,0.0005137647861506,2026,2025-12-31,learned_order_offset,20260910,0.502351064392109,0.502351064392109,1,1
rolling5_annual20,3744,2026-07-03,2026-07-13,-0.0252847876365399,2026,2025-12-31,learned_order_offset,20260910,0.5200345973909772,0.5200345973909772,1,0
rolling5_annual20,3749,2026-07-10,2026-07-20,-0.035775397012711,2026,2025-12-31,learned_order_offset,20260910,0.5436950585124818,0.5436950585124818,1,0
rolling5_annual20,3754,2026-07-17,2026-07-27,0.01756245533441,2026,2025-12-31,learned_order_offset,20260910,0.508054785466941,0.508054785466941,1,1
rolling5_annual20,3759,2026-07-24,2026-08-03,-0.0202339761556519,2026,2025-12-31,learned_order_offset,20260910,0.5169961256143539,0.5169961256143539,1,0
rolling5_annual20,3764,2026-07-31,2026-08-10,0.0300318732435738,2026,2025-12-31,learned_order_offset,20260910,0.3614644685354211,0.3614644685354211,0,1
rolling5_annual20,3769,2026-08-07,2026-08-17,-0.0056482265760339,2026,2025-12-31,learned_order_offset,20260910,0.48135180455157167,0.48135180455157167,0,0
rolling5_annual20,3774,2026-08-14,2026-08-24,-0.0109860710402629,2026,2025-12-31,learned_order_offset,20260910,0.49538994348876286,0.49538994348876286,0,0
rolling5_annual20,3779,2026-08-21,2026-08-31,-0.0127592811002066,2026,2025-12-31,learned_order_offset,20260910,0.593020025927001,0.593020025927001,1,0
rolling5_annual20,3630,2026-01-09,2026-01-19,-0.0103697336282536,2026,2025-12-31,native_mse,20260910,-0.002855102612462861,,0,0
rolling5_annual20,3635,2026-01-16,2026-01-26,-0.0010190267764643,2026,2025-12-31,native_mse,20260910,-0.00015744638603756636,,0,0
rolling5_annual20,3640,2026-01-23,2026-02-02,-0.0087161586128796,2026,2025-12-31,native_mse,20260910,-0.006105688647517694,,0,0
rolling5_annual20,3645,2026-01-30,2026-02-09,0.0041482324550519,2026,2025-12-31,native_mse,20260910,-0.0019649521887390433,,0,1
rolling5_annual20,3650,2026-02-06,2026-02-24,0.0071649689901505,2026,2025-12-31,native_mse,20260910,0.0047027542719540035,,1,1
rolling5_annual20,3655,2026-02-13,2026-03-02,-0.0097920588919678,2026,2025-12-31,native_mse,20260910,0.0004179826835146159,,1,0
rolling5_annual20,3659,2026-02-27,2026-03-09,-0.0172526869201304,2026,2025-12-31,native_mse,20260910,0.0022625269962182996,,1,0
rolling5_annual20,3664,2026-03-06,2026-03-16,0.0149926634422041,2026,2025-12-31,native_mse,20260910,-0.003806878947664824,,0,1
rolling5_annual20,3669,2026-03-13,2026-03-23,-0.0364343509194254,2026,2025-12-31,native_mse,20260910,-0.006468904470141985,,0,0
rolling5_annual20,3674,2026-03-20,2026-03-30,-0.0083038829988221,2026,2025-12-31,native_mse,20260910,-0.006677801015318794,,0,0
rolling5_annual20,3679,2026-03-27,2026-04-07,-0.0035591495694504,2026,2025-12-31,native_mse,20260910,-0.0012459609623288559,,0,0
rolling5_annual20,3684,2026-04-03,2026-04-13,0.0380736235508991,2026,2025-12-31,native_mse,20260910,-0.0002708764126667155,,0,1
rolling5_annual20,3688,2026-04-10,2026-04-20,0.0242766725964382,2026,2025-12-31,native_mse,20260910,-0.0014516073248232214,,0,1
rolling5_annual20,3693,2026-04-17,2026-04-27,0.010401572188011,2026,2025-12-31,native_mse,20260910,-0.00019243492513075974,,0,1
rolling5_annual20,3698,2026-04-24,2026-05-11,0.0263674696524953,2026,2025-12-31,native_mse,20260910,0.00044530537803680217,,1,1
rolling5_annual20,3705,2026-05-08,2026-05-18,-0.0134529239455926,2026,2025-12-31,native_mse,20260910,0.00821158666179363,,1,0
rolling5_annual20,3710,2026-05-15,2026-05-25,0.0076235492615268,2026,2025-12-31,native_mse,20260910,0.009209478129531542,,1,1
rolling5_annual20,3715,2026-05-22,2026-06-01,0.005068538126898,2026,2025-12-31,native_mse,20260910,-0.0037899662548005076,,0,1
rolling5_annual20,3720,2026-05-29,2026-06-08,-0.039635353927193,2026,2025-12-31,native_mse,20260910,-0.005878390043911763,,0,0
rolling5_annual20,3725,2026-06-05,2026-06-15,0.0266849782195981,2026,2025-12-31,native_mse,20260910,-0.005079831260852612,,0,1
rolling5_annual20,3730,2026-06-12,2026-06-29,0.0076098142791176,2026,2025-12-31,native_mse,20260910,-0.0013875397965599067,,0,1
rolling5_annual20,3739,2026-06-26,2026-07-06,0.0005137647861506,2026,2025-12-31,native_mse,20260910,-0.002031043716013942,,0,1
rolling5_annual20,3744,2026-07-03,2026-07-13,-0.0252847876365399,2026,2025-12-31,native_mse,20260910,-0.003966417206833292,,0,0
rolling5_annual20,3749,2026-07-10,2026-07-20,-0.035775397012711,2026,2025-12-31,native_mse,20260910,-0.000224192482655729,,0,0
rolling5_annual20,3754,2026-07-17,2026-07-27,0.01756245533441,2026,2025-12-31,native_mse,20260910,-0.001279240964054163,,0,1
rolling5_annual20,3759,2026-07-24,2026-08-03,-0.0202339761556519,2026,2025-12-31,native_mse,20260910,-0.0020989123929827714,,0,0
rolling5_annual20,3764,2026-07-31,2026-08-10,0.0300318732435738,2026,2025-12-31,native_mse,20260910,-0.005698998401180227,,0,1
rolling5_annual20,3769,2026-08-07,2026-08-17,-0.0056482265760339,2026,2025-12-31,native_mse,20260910,-0.000843785639629233,,0,0
rolling5_annual20,3774,2026-08-14,2026-08-24,-0.0109860710402629,2026,2025-12-31,native_mse,20260910,0.001103287661206875,,1,0
rolling5_annual20,3779,2026-08-21,2026-08-31,-0.0127592811002066,2026,2025-12-31,native_mse,20260910,0.005195736341319573,,1,0
rolling5_annual20,3630,2026-01-09,2026-01-19,-0.0103697336282536,2026,2025-12-31,training_frequency,-1,0.4792703150912106,0.4792703150912106,0,0
rolling5_annual20,3635,2026-01-16,2026-01-26,-0.0010190267764643,2026,2025-12-31,training_frequency,-1,0.4792703150912106,0.4792703150912106,0,0
rolling5_annual20,3640,2026-01-23,2026-02-02,-0.0087161586128796,2026,2025-12-31,training_frequency,-1,0.4792703150912106,0.4792703150912106,0,0
rolling5_annual20,3645,2026-01-30,2026-02-09,0.0041482324550519,2026,2025-12-31,training_frequency,-1,0.4792703150912106,0.4792703150912106,0,1
rolling5_annual20,3650,2026-02-06,2026-02-24,0.0071649689901505,2026,2025-12-31,training_frequency,-1,0.4792703150912106,0.4792703150912106,0,1
rolling5_annual20,3655,2026-02-13,2026-03-02,-0.0097920588919678,2026,2025-12-31,training_frequency,-1,0.4792703150912106,0.4792703150912106,0,0
rolling5_annual20,3659,2026-02-27,2026-03-09,-0.0172526869201304,2026,2025-12-31,training_frequency,-1,0.4792703150912106,0.4792703150912106,0,0
rolling5_annual20,3664,2026-03-06,2026-03-16,0.0149926634422041,2026,2025-12-31,training_frequency,-1,0.4792703150912106,0.4792703150912106,0,1
rolling5_annual20,3669,2026-03-13,2026-03-23,-0.0364343509194254,2026,2025-12-31,training_frequency,-1,0.4792703150912106,0.4792703150912106,0,0
rolling5_annual20,3674,2026-03-20,2026-03-30,-0.0083038829988221,2026,2025-12-31,training_frequency,-1,0.4792703150912106,0.4792703150912106,0,0
rolling5_annual20,3679,2026-03-27,2026-04-07,-0.0035591495694504,2026,2025-12-31,training_frequency,-1,0.4792703150912106,0.4792703150912106,0,0
rolling5_annual20,3684,2026-04-03,2026-04-13,0.0380736235508991,2026,2025-12-31,training_frequency,-1,0.4792703150912106,0.4792703150912106,0,1
rolling5_annual20,3688,2026-04-10,2026-04-20,0.0242766725964382,2026,2025-12-31,training_frequency,-1,0.4792703150912106,0.4792703150912106,0,1
rolling5_annual20,3693,2026-04-17,2026-04-27,0.010401572188011,2026,2025-12-31,training_frequency,-1,0.4792703150912106,0.4792703150912106,0,1
rolling5_annual20,3698,2026-04-24,2026-05-11,0.0263674696524953,2026,2025-12-31,training_frequency,-1,0.4792703150912106,0.4792703150912106,0,1
rolling5_annual20,3705,2026-05-08,2026-05-18,-0.0134529239455926,2026,2025-12-31,training_frequency,-1,0.4792703150912106,0.4792703150912106,0,0
rolling5_annual20,3710,2026-05-15,2026-05-25,0.0076235492615268,2026,2025-12-31,training_frequency,-1,0.4792703150912106,0.4792703150912106,0,1
rolling5_annual20,3715,2026-05-22,2026-06-01,0.005068538126898,2026,2025-12-31,training_frequency,-1,0.4792703150912106,0.4792703150912106,0,1
rolling5_annual20,3720,2026-05-29,2026-06-08,-0.039635353927193,2026,2025-12-31,training_frequency,-1,0.4792703150912106,0.4792703150912106,0,0
rolling5_annual20,3725,2026-06-05,2026-06-15,0.0266849782195981,2026,2025-12-31,training_frequency,-1,0.4792703150912106,0.4792703150912106,0,1
rolling5_annual20,3730,2026-06-12,2026-06-29,0.0076098142791176,2026,2025-12-31,training_frequency,-1,0.4792703150912106,0.4792703150912106,0,1
rolling5_annual20,3739,2026-06-26,2026-07-06,0.0005137647861506,2026,2025-12-31,training_frequency,-1,0.4792703150912106,0.4792703150912106,0,1
rolling5_annual20,3744,2026-07-03,2026-07-13,-0.0252847876365399,2026,2025-12-31,training_frequency,-1,0.4792703150912106,0.4792703150912106,0,0
rolling5_annual20,3749,2026-07-10,2026-07-20,-0.035775397012711,2026,2025-12-31,training_frequency,-1,0.4792703150912106,0.4792703150912106,0,0
rolling5_annual20,3754,2026-07-17,2026-07-27,0.01756245533441,2026,2025-12-31,training_frequency,-1,0.4792703150912106,0.4792703150912106,0,1
rolling5_annual20,3759,2026-07-24,2026-08-03,-0.0202339761556519,2026,2025-12-31,training_frequency,-1,0.4792703150912106,0.4792703150912106,0,0
rolling5_annual20,3764,2026-07-31,2026-08-10,0.0300318732435738,2026,2025-12-31,training_frequency,-1,0.4792703150912106,0.4792703150912106,0,1
rolling5_annual20,3769,2026-08-07,2026-08-17,-0.0056482265760339,2026,2025-12-31,training_frequency,-1,0.4792703150912106,0.4792703150912106,0,0
rolling5_annual20,3774,2026-08-14,2026-08-24,-0.0109860710402629,2026,2025-12-31,training_frequency,-1,0.4792703150912106,0.4792703150912106,0,0
rolling5_annual20,3779,2026-08-21,2026-08-31,-0.0127592811002066,2026,2025-12-31,training_frequency,-1,0.4792703150912106,0.4792703150912106,0,0
rolling5_annual20,3630,2026-01-09,2026-01-19,-0.0103697336282536,2026,2025-12-31,learned_market,20260911,0.5413510609744506,0.5413510609744506,1,0
rolling5_annual20,3635,2026-01-16,2026-01-26,-0.0010190267764643,2026,2025-12-31,learned_market,20260911,0.5314359715780813,0.5314359715780813,1,0
rolling5_annual20,3640,2026-01-23,2026-02-02,-0.0087161586128796,2026,2025-12-31,learned_market,20260911,0.5322660389568398,0.5322660389568398,1,0
rolling5_annual20,3645,2026-01-30,2026-02-09,0.0041482324550519,2026,2025-12-31,learned_market,20260911,0.45886324630014486,0.45886324630014486,0,1
rolling5_annual20,3650,2026-02-06,2026-02-24,0.0071649689901505,2026,2025-12-31,learned_market,20260911,0.5329149888621901,0.5329149888621901,1,1
rolling5_annual20,3655,2026-02-13,2026-03-02,-0.0097920588919678,2026,2025-12-31,learned_market,20260911,0.5096151640594386,0.5096151640594386,1,0
rolling5_annual20,3659,2026-02-27,2026-03-09,-0.0172526869201304,2026,2025-12-31,learned_market,20260911,0.5369210179709557,0.5369210179709557,1,0
rolling5_annual20,3664,2026-03-06,2026-03-16,0.0149926634422041,2026,2025-12-31,learned_market,20260911,0.6237121770434778,0.6237121770434778,1,1
rolling5_annual20,3669,2026-03-13,2026-03-23,-0.0364343509194254,2026,2025-12-31,learned_market,20260911,0.45542191984179375,0.45542191984179375,0,0
rolling5_annual20,3674,2026-03-20,2026-03-30,-0.0083038829988221,2026,2025-12-31,learned_market,20260911,0.46187353471109566,0.46187353471109566,0,0
rolling5_annual20,3679,2026-03-27,2026-04-07,-0.0035591495694504,2026,2025-12-31,learned_market,20260911,0.4403313235638202,0.4403313235638202,0,0
rolling5_annual20,3684,2026-04-03,2026-04-13,0.0380736235508991,2026,2025-12-31,learned_market,20260911,0.4917583888579656,0.4917583888579656,0,1
rolling5_annual20,3688,2026-04-10,2026-04-20,0.0242766725964382,2026,2025-12-31,learned_market,20260911,0.42353463813148706,0.42353463813148706,0,1
rolling5_annual20,3693,2026-04-17,2026-04-27,0.010401572188011,2026,2025-12-31,learned_market,20260911,0.47814615742976047,0.47814615742976047,0,1
rolling5_annual20,3698,2026-04-24,2026-05-11,0.0263674696524953,2026,2025-12-31,learned_market,20260911,0.397009215522116,0.397009215522116,0,1
rolling5_annual20,3705,2026-05-08,2026-05-18,-0.0134529239455926,2026,2025-12-31,learned_market,20260911,0.41986421610847413,0.41986421610847413,0,0
rolling5_annual20,3710,2026-05-15,2026-05-25,0.0076235492615268,2026,2025-12-31,learned_market,20260911,0.49182407037984965,0.49182407037984965,0,1
rolling5_annual20,3715,2026-05-22,2026-06-01,0.005068538126898,2026,2025-12-31,learned_market,20260911,0.5675464106677375,0.5675464106677375,1,1
rolling5_annual20,3720,2026-05-29,2026-06-08,-0.039635353927193,2026,2025-12-31,learned_market,20260911,0.5335990500389893,0.5335990500389893,1,0
rolling5_annual20,3725,2026-06-05,2026-06-15,0.0266849782195981,2026,2025-12-31,learned_market,20260911,0.3985532767602021,0.3985532767602021,0,1
rolling5_annual20,3730,2026-06-12,2026-06-29,0.0076098142791176,2026,2025-12-31,learned_market,20260911,0.3056186128589413,0.3056186128589413,0,1
rolling5_annual20,3739,2026-06-26,2026-07-06,0.0005137647861506,2026,2025-12-31,learned_market,20260911,0.47152715176422977,0.47152715176422977,0,1
rolling5_annual20,3744,2026-07-03,2026-07-13,-0.0252847876365399,2026,2025-12-31,learned_market,20260911,0.47689492186403626,0.47689492186403626,0,0
rolling5_annual20,3749,2026-07-10,2026-07-20,-0.035775397012711,2026,2025-12-31,learned_market,20260911,0.41690635812319604,0.41690635812319604,0,0
rolling5_annual20,3754,2026-07-17,2026-07-27,0.01756245533441,2026,2025-12-31,learned_market,20260911,0.4469468298475024,0.4469468298475024,0,1
rolling5_annual20,3759,2026-07-24,2026-08-03,-0.0202339761556519,2026,2025-12-31,learned_market,20260911,0.4523286144237616,0.4523286144237616,0,0
rolling5_annual20,3764,2026-07-31,2026-08-10,0.0300318732435738,2026,2025-12-31,learned_market,20260911,0.43916052641204817,0.43916052641204817,0,1
rolling5_annual20,3769,2026-08-07,2026-08-17,-0.0056482265760339,2026,2025-12-31,learned_market,20260911,0.33016870403212256,0.33016870403212256,0,0
rolling5_annual20,3774,2026-08-14,2026-08-24,-0.0109860710402629,2026,2025-12-31,learned_market,20260911,0.459964206845313,0.459964206845313,0,0
rolling5_annual20,3779,2026-08-21,2026-08-31,-0.0127592811002066,2026,2025-12-31,learned_market,20260911,0.4343413838297144,0.4343413838297144,0,0
rolling5_annual20,3630,2026-01-09,2026-01-19,-0.0103697336282536,2026,2025-12-31,learned_vol_interaction,20260911,0.5419308229071979,0.5419308229071979,1,0
rolling5_annual20,3635,2026-01-16,2026-01-26,-0.0010190267764643,2026,2025-12-31,learned_vol_interaction,20260911,0.5357337652448725,0.5357337652448725,1,0
rolling5_annual20,3640,2026-01-23,2026-02-02,-0.0087161586128796,2026,2025-12-31,learned_vol_interaction,20260911,0.5371665022159147,0.5371665022159147,1,0
rolling5_annual20,3645,2026-01-30,2026-02-09,0.0041482324550519,2026,2025-12-31,learned_vol_interaction,20260911,0.4536669400564477,0.4536669400564477,0,1
rolling5_annual20,3650,2026-02-06,2026-02-24,0.0071649689901505,2026,2025-12-31,learned_vol_interaction,20260911,0.535655258471591,0.535655258471591,1,1
rolling5_annual20,3655,2026-02-13,2026-03-02,-0.0097920588919678,2026,2025-12-31,learned_vol_interaction,20260911,0.5053590625088199,0.5053590625088199,1,0
rolling5_annual20,3659,2026-02-27,2026-03-09,-0.0172526869201304,2026,2025-12-31,learned_vol_interaction,20260911,0.5322976681186429,0.5322976681186429,1,0
rolling5_annual20,3664,2026-03-06,2026-03-16,0.0149926634422041,2026,2025-12-31,learned_vol_interaction,20260911,0.6174856955773433,0.6174856955773433,1,1
rolling5_annual20,3669,2026-03-13,2026-03-23,-0.0364343509194254,2026,2025-12-31,learned_vol_interaction,20260911,0.44896092371547813,0.44896092371547813,0,0
rolling5_annual20,3674,2026-03-20,2026-03-30,-0.0083038829988221,2026,2025-12-31,learned_vol_interaction,20260911,0.45425867209133697,0.45425867209133697,0,0
rolling5_annual20,3679,2026-03-27,2026-04-07,-0.0035591495694504,2026,2025-12-31,learned_vol_interaction,20260911,0.43340188452247674,0.43340188452247674,0,0
rolling5_annual20,3684,2026-04-03,2026-04-13,0.0380736235508991,2026,2025-12-31,learned_vol_interaction,20260911,0.4940578595412546,0.4940578595412546,0,1
rolling5_annual20,3688,2026-04-10,2026-04-20,0.0242766725964382,2026,2025-12-31,learned_vol_interaction,20260911,0.4337471397432452,0.4337471397432452,0,1
rolling5_annual20,3693,2026-04-17,2026-04-27,0.010401572188011,2026,2025-12-31,learned_vol_interaction,20260911,0.4850032907922162,0.4850032907922162,0,1
rolling5_annual20,3698,2026-04-24,2026-05-11,0.0263674696524953,2026,2025-12-31,learned_vol_interaction,20260911,0.4058893273550579,0.4058893273550579,0,1
rolling5_annual20,3705,2026-05-08,2026-05-18,-0.0134529239455926,2026,2025-12-31,learned_vol_interaction,20260911,0.42973836440374286,0.42973836440374286,0,0
rolling5_annual20,3710,2026-05-15,2026-05-25,0.0076235492615268,2026,2025-12-31,learned_vol_interaction,20260911,0.4949230127164896,0.4949230127164896,0,1
rolling5_annual20,3715,2026-05-22,2026-06-01,0.005068538126898,2026,2025-12-31,learned_vol_interaction,20260911,0.5688910502105043,0.5688910502105043,1,1
rolling5_annual20,3720,2026-05-29,2026-06-08,-0.039635353927193,2026,2025-12-31,learned_vol_interaction,20260911,0.5277526974219006,0.5277526974219006,1,0
rolling5_annual20,3725,2026-06-05,2026-06-15,0.0266849782195981,2026,2025-12-31,learned_vol_interaction,20260911,0.3941068335829671,0.3941068335829671,0,1
rolling5_annual20,3730,2026-06-12,2026-06-29,0.0076098142791176,2026,2025-12-31,learned_vol_interaction,20260911,0.3023086014266972,0.3023086014266972,0,1
rolling5_annual20,3739,2026-06-26,2026-07-06,0.0005137647861506,2026,2025-12-31,learned_vol_interaction,20260911,0.4831146486882105,0.4831146486882105,0,1
rolling5_annual20,3744,2026-07-03,2026-07-13,-0.0252847876365399,2026,2025-12-31,learned_vol_interaction,20260911,0.49898148490775307,0.49898148490775307,0,0
rolling5_annual20,3749,2026-07-10,2026-07-20,-0.035775397012711,2026,2025-12-31,learned_vol_interaction,20260911,0.44261446479912836,0.44261446479912836,0,0
rolling5_annual20,3754,2026-07-17,2026-07-27,0.01756245533441,2026,2025-12-31,learned_vol_interaction,20260911,0.4550925466085049,0.4550925466085049,0,1
rolling5_annual20,3759,2026-07-24,2026-08-03,-0.0202339761556519,2026,2025-12-31,learned_vol_interaction,20260911,0.46430649386915596,0.46430649386915596,0,0
rolling5_annual20,3764,2026-07-31,2026-08-10,0.0300318732435738,2026,2025-12-31,learned_vol_interaction,20260911,0.4507338855746796,0.4507338855746796,0,1
rolling5_annual20,3769,2026-08-07,2026-08-17,-0.0056482265760339,2026,2025-12-31,learned_vol_interaction,20260911,0.3598878838643001,0.3598878838643001,0,0
rolling5_annual20,3774,2026-08-14,2026-08-24,-0.0109860710402629,2026,2025-12-31,learned_vol_interaction,20260911,0.4653583842913121,0.4653583842913121,0,0
rolling5_annual20,3779,2026-08-21,2026-08-31,-0.0127592811002066,2026,2025-12-31,learned_vol_interaction,20260911,0.4414273259619546,0.4414273259619546,0,0
rolling5_annual20,3630,2026-01-09,2026-01-19,-0.0103697336282536,2026,2025-12-31,learned_order_extension,20260911,0.5459060256811782,0.5459060256811782,1,0
rolling5_annual20,3635,2026-01-16,2026-01-26,-0.0010190267764643,2026,2025-12-31,learned_order_extension,20260911,0.5315584772037104,0.5315584772037104,1,0
rolling5_annual20,3640,2026-01-23,2026-02-02,-0.0087161586128796,2026,2025-12-31,learned_order_extension,20260911,0.5380779045961513,0.5380779045961513,1,0
rolling5_annual20,3645,2026-01-30,2026-02-09,0.0041482324550519,2026,2025-12-31,learned_order_extension,20260911,0.43274829616923166,0.43274829616923166,0,1
rolling5_annual20,3650,2026-02-06,2026-02-24,0.0071649689901505,2026,2025-12-31,learned_order_extension,20260911,0.5358238036456818,0.5358238036456818,1,1
rolling5_annual20,3655,2026-02-13,2026-03-02,-0.0097920588919678,2026,2025-12-31,learned_order_extension,20260911,0.5188075700840837,0.5188075700840837,1,0
rolling5_annual20,3659,2026-02-27,2026-03-09,-0.0172526869201304,2026,2025-12-31,learned_order_extension,20260911,0.5395237482049954,0.5395237482049954,1,0
rolling5_annual20,3664,2026-03-06,2026-03-16,0.0149926634422041,2026,2025-12-31,learned_order_extension,20260911,0.6721134681647395,0.6721134681647395,1,1
rolling5_annual20,3669,2026-03-13,2026-03-23,-0.0364343509194254,2026,2025-12-31,learned_order_extension,20260911,0.44254310728173424,0.44254310728173424,0,0
rolling5_annual20,3674,2026-03-20,2026-03-30,-0.0083038829988221,2026,2025-12-31,learned_order_extension,20260911,0.4378410999680901,0.4378410999680901,0,0
rolling5_annual20,3679,2026-03-27,2026-04-07,-0.0035591495694504,2026,2025-12-31,learned_order_extension,20260911,0.4159760364157841,0.4159760364157841,0,0
rolling5_annual20,3684,2026-04-03,2026-04-13,0.0380736235508991,2026,2025-12-31,learned_order_extension,20260911,0.5225865555186127,0.5225865555186127,1,1
rolling5_annual20,3688,2026-04-10,2026-04-20,0.0242766725964382,2026,2025-12-31,learned_order_extension,20260911,0.3902218447958239,0.3902218447958239,0,1
rolling5_annual20,3693,2026-04-17,2026-04-27,0.010401572188011,2026,2025-12-31,learned_order_extension,20260911,0.47502129653057895,0.47502129653057895,0,1
rolling5_annual20,3698,2026-04-24,2026-05-11,0.0263674696524953,2026,2025-12-31,learned_order_extension,20260911,0.3615628091350967,0.3615628091350967,0,1
rolling5_annual20,3705,2026-05-08,2026-05-18,-0.0134529239455926,2026,2025-12-31,learned_order_extension,20260911,0.37473317599903294,0.37473317599903294,0,0
rolling5_annual20,3710,2026-05-15,2026-05-25,0.0076235492615268,2026,2025-12-31,learned_order_extension,20260911,0.48789190366124763,0.48789190366124763,0,1
rolling5_annual20,3715,2026-05-22,2026-06-01,0.005068538126898,2026,2025-12-31,learned_order_extension,20260911,0.6050079630522534,0.6050079630522534,1,1
rolling5_annual20,3720,2026-05-29,2026-06-08,-0.039635353927193,2026,2025-12-31,learned_order_extension,20260911,0.5389218116035444,0.5389218116035444,1,0
rolling5_annual20,3725,2026-06-05,2026-06-15,0.0266849782195981,2026,2025-12-31,learned_order_extension,20260911,0.3259340934446785,0.3259340934446785,0,1
rolling5_annual20,3730,2026-06-12,2026-06-29,0.0076098142791176,2026,2025-12-31,learned_order_extension,20260911,0.20659956001017632,0.20659956001017632,0,1
rolling5_annual20,3739,2026-06-26,2026-07-06,0.0005137647861506,2026,2025-12-31,learned_order_extension,20260911,0.43462554431806527,0.43462554431806527,0,1
rolling5_annual20,3744,2026-07-03,2026-07-13,-0.0252847876365399,2026,2025-12-31,learned_order_extension,20260911,0.4506693788167256,0.4506693788167256,0,0
rolling5_annual20,3749,2026-07-10,2026-07-20,-0.035775397012711,2026,2025-12-31,learned_order_extension,20260911,0.3824829838916093,0.3824829838916093,0,0
rolling5_annual20,3754,2026-07-17,2026-07-27,0.01756245533441,2026,2025-12-31,learned_order_extension,20260911,0.43688665591392856,0.43688665591392856,0,1
rolling5_annual20,3759,2026-07-24,2026-08-03,-0.0202339761556519,2026,2025-12-31,learned_order_extension,20260911,0.44905597298529143,0.44905597298529143,0,0
rolling5_annual20,3764,2026-07-31,2026-08-10,0.0300318732435738,2026,2025-12-31,learned_order_extension,20260911,0.4331657943702479,0.4331657943702479,0,1
rolling5_annual20,3769,2026-08-07,2026-08-17,-0.0056482265760339,2026,2025-12-31,learned_order_extension,20260911,0.2872017560126486,0.2872017560126486,0,0
rolling5_annual20,3774,2026-08-14,2026-08-24,-0.0109860710402629,2026,2025-12-31,learned_order_extension,20260911,0.46907910630736294,0.46907910630736294,0,0
rolling5_annual20,3779,2026-08-21,2026-08-31,-0.0127592811002066,2026,2025-12-31,learned_order_extension,20260911,0.44303971633290073,0.44303971633290073,0,0
rolling5_annual20,3630,2026-01-09,2026-01-19,-0.0103697336282536,2026,2025-12-31,learned_order_offset,20260911,0.545843670764125,0.545843670764125,1,0
rolling5_annual20,3635,2026-01-16,2026-01-26,-0.0010190267764643,2026,2025-12-31,learned_order_offset,20260911,0.5315791456859873,0.5315791456859873,1,0
rolling5_annual20,3640,2026-01-23,2026-02-02,-0.0087161586128796,2026,2025-12-31,learned_order_offset,20260911,0.5378362799693707,0.5378362799693707,1,0
rolling5_annual20,3645,2026-01-30,2026-02-09,0.0041482324550519,2026,2025-12-31,learned_order_offset,20260911,0.43267035311859725,0.43267035311859725,0,1
rolling5_annual20,3650,2026-02-06,2026-02-24,0.0071649689901505,2026,2025-12-31,learned_order_offset,20260911,0.5355468761174008,0.5355468761174008,1,1
rolling5_annual20,3655,2026-02-13,2026-03-02,-0.0097920588919678,2026,2025-12-31,learned_order_offset,20260911,0.5185004295200895,0.5185004295200895,1,0
rolling5_annual20,3659,2026-02-27,2026-03-09,-0.0172526869201304,2026,2025-12-31,learned_order_offset,20260911,0.5394279755034715,0.5394279755034715,1,0
rolling5_annual20,3664,2026-03-06,2026-03-16,0.0149926634422041,2026,2025-12-31,learned_order_offset,20260911,0.6720878025271129,0.6720878025271129,1,1
rolling5_annual20,3669,2026-03-13,2026-03-23,-0.0364343509194254,2026,2025-12-31,learned_order_offset,20260911,0.44301866763301645,0.44301866763301645,0,0
rolling5_annual20,3674,2026-03-20,2026-03-30,-0.0083038829988221,2026,2025-12-31,learned_order_offset,20260911,0.4379475907087764,0.4379475907087764,0,0
rolling5_annual20,3679,2026-03-27,2026-04-07,-0.0035591495694504,2026,2025-12-31,learned_order_offset,20260911,0.4162726411546184,0.4162726411546184,0,0
rolling5_annual20,3684,2026-04-03,2026-04-13,0.0380736235508991,2026,2025-12-31,learned_order_offset,20260911,0.5224823337812894,0.5224823337812894,1,1
rolling5_annual20,3688,2026-04-10,2026-04-20,0.0242766725964382,2026,2025-12-31,learned_order_offset,20260911,0.3902357573397548,0.3902357573397548,0,1
rolling5_annual20,3693,2026-04-17,2026-04-27,0.010401572188011,2026,2025-12-31,learned_order_offset,20260911,0.47553685695761877,0.47553685695761877,0,1
rolling5_annual20,3698,2026-04-24,2026-05-11,0.0263674696524953,2026,2025-12-31,learned_order_offset,20260911,0.3620463682387632,0.3620463682387632,0,1
rolling5_annual20,3705,2026-05-08,2026-05-18,-0.0134529239455926,2026,2025-12-31,learned_order_offset,20260911,0.37506110199237114,0.37506110199237114,0,0
rolling5_annual20,3710,2026-05-15,2026-05-25,0.0076235492615268,2026,2025-12-31,learned_order_offset,20260911,0.4883726515758041,0.4883726515758041,0,1
rolling5_annual20,3715,2026-05-22,2026-06-01,0.005068538126898,2026,2025-12-31,learned_order_offset,20260911,0.604795171228401,0.604795171228401,1,1
rolling5_annual20,3720,2026-05-29,2026-06-08,-0.039635353927193,2026,2025-12-31,learned_order_offset,20260911,0.539117103351593,0.539117103351593,1,0
rolling5_annual20,3725,2026-06-05,2026-06-15,0.0266849782195981,2026,2025-12-31,learned_order_offset,20260911,0.32656706271307595,0.32656706271307595,0,1
rolling5_annual20,3730,2026-06-12,2026-06-29,0.0076098142791176,2026,2025-12-31,learned_order_offset,20260911,0.20714161696112363,0.20714161696112363,0,1
rolling5_annual20,3739,2026-06-26,2026-07-06,0.0005137647861506,2026,2025-12-31,learned_order_offset,20260911,0.4347302511570772,0.4347302511570772,0,1
rolling5_annual20,3744,2026-07-03,2026-07-13,-0.0252847876365399,2026,2025-12-31,learned_order_offset,20260911,0.4511056441001019,0.4511056441001019,0,0
rolling5_annual20,3749,2026-07-10,2026-07-20,-0.035775397012711,2026,2025-12-31,learned_order_offset,20260911,0.3827592265438766,0.3827592265438766,0,0
rolling5_annual20,3754,2026-07-17,2026-07-27,0.01756245533441,2026,2025-12-31,learned_order_offset,20260911,0.43716941946487026,0.43716941946487026,0,1
rolling5_annual20,3759,2026-07-24,2026-08-03,-0.0202339761556519,2026,2025-12-31,learned_order_offset,20260911,0.44889763247147363,0.44889763247147363,0,0
rolling5_annual20,3764,2026-07-31,2026-08-10,0.0300318732435738,2026,2025-12-31,learned_order_offset,20260911,0.43353434012232234,0.43353434012232234,0,1
rolling5_annual20,3769,2026-08-07,2026-08-17,-0.0056482265760339,2026,2025-12-31,learned_order_offset,20260911,0.2875992386914778,0.2875992386914778,0,0
rolling5_annual20,3774,2026-08-14,2026-08-24,-0.0109860710402629,2026,2025-12-31,learned_order_offset,20260911,0.46970929218369795,0.46970929218369795,0,0
rolling5_annual20,3779,2026-08-21,2026-08-31,-0.0127592811002066,2026,2025-12-31,learned_order_offset,20260911,0.44364661674139716,0.44364661674139716,0,0
rolling5_annual20,3630,2026-01-09,2026-01-19,-0.0103697336282536,2026,2025-12-31,native_mse,20260911,-0.0030890692487675277,,0,0
rolling5_annual20,3635,2026-01-16,2026-01-26,-0.0010190267764643,2026,2025-12-31,native_mse,20260911,-0.0029844245717806552,,0,0
rolling5_annual20,3640,2026-01-23,2026-02-02,-0.0087161586128796,2026,2025-12-31,native_mse,20260911,-0.0018485669736654138,,0,0
rolling5_annual20,3645,2026-01-30,2026-02-09,0.0041482324550519,2026,2025-12-31,native_mse,20260911,-0.002659061252019485,,0,1
rolling5_annual20,3650,2026-02-06,2026-02-24,0.0071649689901505,2026,2025-12-31,native_mse,20260911,-0.0015567976959256278,,0,1
rolling5_annual20,3655,2026-02-13,2026-03-02,-0.0097920588919678,2026,2025-12-31,native_mse,20260911,-0.0015389707922718095,,0,0
rolling5_annual20,3659,2026-02-27,2026-03-09,-0.0172526869201304,2026,2025-12-31,native_mse,20260911,-0.0019681718770543553,,0,0
rolling5_annual20,3664,2026-03-06,2026-03-16,0.0149926634422041,2026,2025-12-31,native_mse,20260911,0.00014521785716820214,,1,1
rolling5_annual20,3669,2026-03-13,2026-03-23,-0.0364343509194254,2026,2025-12-31,native_mse,20260911,-0.0022671453715006956,,0,0
rolling5_annual20,3674,2026-03-20,2026-03-30,-0.0083038829988221,2026,2025-12-31,native_mse,20260911,-0.001986856137592856,,0,0
rolling5_annual20,3679,2026-03-27,2026-04-07,-0.0035591495694504,2026,2025-12-31,native_mse,20260911,-0.002218520604235266,,0,0
rolling5_annual20,3684,2026-04-03,2026-04-13,0.0380736235508991,2026,2025-12-31,native_mse,20260911,-0.002090390096021022,,0,1
rolling5_annual20,3688,2026-04-10,2026-04-20,0.0242766725964382,2026,2025-12-31,native_mse,20260911,-0.0024408235069100508,,0,1
rolling5_annual20,3693,2026-04-17,2026-04-27,0.010401572188011,2026,2025-12-31,native_mse,20260911,-0.0029629470272129906,,0,1
rolling5_annual20,3698,2026-04-24,2026-05-11,0.0263674696524953,2026,2025-12-31,native_mse,20260911,-0.003359926419865766,,0,1
rolling5_annual20,3705,2026-05-08,2026-05-18,-0.0134529239455926,2026,2025-12-31,native_mse,20260911,-0.002535154678821143,,0,0
rolling5_annual20,3710,2026-05-15,2026-05-25,0.0076235492615268,2026,2025-12-31,native_mse,20260911,-0.002260058894062486,,0,1
rolling5_annual20,3715,2026-05-22,2026-06-01,0.005068538126898,2026,2025-12-31,native_mse,20260911,-0.0015057276938992676,,0,1
rolling5_annual20,3720,2026-05-29,2026-06-08,-0.039635353927193,2026,2025-12-31,native_mse,20260911,-0.002635162144589442,,0,0
rolling5_annual20,3725,2026-06-05,2026-06-15,0.0266849782195981,2026,2025-12-31,native_mse,20260911,-0.003913781241526722,,0,1
rolling5_annual20,3730,2026-06-12,2026-06-29,0.0076098142791176,2026,2025-12-31,native_mse,20260911,-0.0036857925348870147,,0,1
rolling5_annual20,3739,2026-06-26,2026-07-06,0.0005137647861506,2026,2025-12-31,native_mse,20260911,-0.0021369319429553274,,0,1
rolling5_annual20,3744,2026-07-03,2026-07-13,-0.0252847876365399,2026,2025-12-31,native_mse,20260911,-0.0022933277317483012,,0,0
rolling5_annual20,3749,2026-07-10,2026-07-20,-0.035775397012711,2026,2025-12-31,native_mse,20260911,-0.0023056933526758674,,0,0
rolling5_annual20,3754,2026-07-17,2026-07-27,0.01756245533441,2026,2025-12-31,native_mse,20260911,-0.0024493044555773855,,0,1
rolling5_annual20,3759,2026-07-24,2026-08-03,-0.0202339761556519,2026,2025-12-31,native_mse,20260911,-0.0026633393533010696,,0,0
rolling5_annual20,3764,2026-07-31,2026-08-10,0.0300318732435738,2026,2025-12-31,native_mse,20260911,-0.0024432171596736993,,0,1
rolling5_annual20,3769,2026-08-07,2026-08-17,-0.0056482265760339,2026,2025-12-31,native_mse,20260911,-0.0034017483589926685,,0,0
rolling5_annual20,3774,2026-08-14,2026-08-24,-0.0109860710402629,2026,2025-12-31,native_mse,20260911,-0.002813706354026954,,0,0
rolling5_annual20,3779,2026-08-21,2026-08-31,-0.0127592811002066,2026,2025-12-31,native_mse,20260911,-0.0019809857134933735,,0,0
rolling5_annual20,3630,2026-01-09,2026-01-19,-0.0103697336282536,2026,2025-12-31,learned_market,20260912,0.5119803822427041,0.5119803822427041,1,0
rolling5_annual20,3635,2026-01-16,2026-01-26,-0.0010190267764643,2026,2025-12-31,learned_market,20260912,0.5563532391014436,0.5563532391014436,1,0
rolling5_annual20,3640,2026-01-23,2026-02-02,-0.0087161586128796,2026,2025-12-31,learned_market,20260912,0.47986345901765604,0.47986345901765604,0,0
rolling5_annual20,3645,2026-01-30,2026-02-09,0.0041482324550519,2026,2025-12-31,learned_market,20260912,0.5030177692550698,0.5030177692550698,1,1
rolling5_annual20,3650,2026-02-06,2026-02-24,0.0071649689901505,2026,2025-12-31,learned_market,20260912,0.43906676808287387,0.43906676808287387,0,1
rolling5_annual20,3655,2026-02-13,2026-03-02,-0.0097920588919678,2026,2025-12-31,learned_market,20260912,0.431368044613122,0.431368044613122,0,0
rolling5_annual20,3659,2026-02-27,2026-03-09,-0.0172526869201304,2026,2025-12-31,learned_market,20260912,0.48137527566018024,0.48137527566018024,0,0
rolling5_annual20,3664,2026-03-06,2026-03-16,0.0149926634422041,2026,2025-12-31,learned_market,20260912,0.46731902499821354,0.46731902499821354,0,1
rolling5_annual20,3669,2026-03-13,2026-03-23,-0.0364343509194254,2026,2025-12-31,learned_market,20260912,0.5227160800792146,0.5227160800792146,1,0
rolling5_annual20,3674,2026-03-20,2026-03-30,-0.0083038829988221,2026,2025-12-31,learned_market,20260912,0.4464645109091068,0.4464645109091068,0,0
rolling5_annual20,3679,2026-03-27,2026-04-07,-0.0035591495694504,2026,2025-12-31,learned_market,20260912,0.39113208857052434,0.39113208857052434,0,0
rolling5_annual20,3684,2026-04-03,2026-04-13,0.0380736235508991,2026,2025-12-31,learned_market,20260912,0.42407385697810146,0.42407385697810146,0,1
rolling5_annual20,3688,2026-04-10,2026-04-20,0.0242766725964382,2026,2025-12-31,learned_market,20260912,0.4843345016251858,0.4843345016251858,0,1
rolling5_annual20,3693,2026-04-17,2026-04-27,0.010401572188011,2026,2025-12-31,learned_market,20260912,0.42352930830164365,0.42352930830164365,0,1
rolling5_annual20,3698,2026-04-24,2026-05-11,0.0263674696524953,2026,2025-12-31,learned_market,20260912,0.43134778732263795,0.43134778732263795,0,1
rolling5_annual20,3705,2026-05-08,2026-05-18,-0.0134529239455926,2026,2025-12-31,learned_market,20260912,0.47804055860260325,0.47804055860260325,0,0
rolling5_annual20,3710,2026-05-15,2026-05-25,0.0076235492615268,2026,2025-12-31,learned_market,20260912,0.5242439932504063,0.5242439932504063,1,1
rolling5_annual20,3715,2026-05-22,2026-06-01,0.005068538126898,2026,2025-12-31,learned_market,20260912,0.5118662537721262,0.5118662537721262,1,1
rolling5_annual20,3720,2026-05-29,2026-06-08,-0.039635353927193,2026,2025-12-31,learned_market,20260912,0.47332917945413594,0.47332917945413594,0,0
rolling5_annual20,3725,2026-06-05,2026-06-15,0.0266849782195981,2026,2025-12-31,learned_market,20260912,0.46849386998390014,0.46849386998390014,0,1
rolling5_annual20,3730,2026-06-12,2026-06-29,0.0076098142791176,2026,2025-12-31,learned_market,20260912,0.4497314325369085,0.4497314325369085,0,1
rolling5_annual20,3739,2026-06-26,2026-07-06,0.0005137647861506,2026,2025-12-31,learned_market,20260912,0.5338580433420232,0.5338580433420232,1,1
rolling5_annual20,3744,2026-07-03,2026-07-13,-0.0252847876365399,2026,2025-12-31,learned_market,20260912,0.5044753570507676,0.5044753570507676,1,0
rolling5_annual20,3749,2026-07-10,2026-07-20,-0.035775397012711,2026,2025-12-31,learned_market,20260912,0.5207542189486483,0.5207542189486483,1,0
rolling5_annual20,3754,2026-07-17,2026-07-27,0.01756245533441,2026,2025-12-31,learned_market,20260912,0.4491236951454709,0.4491236951454709,0,1
rolling5_annual20,3759,2026-07-24,2026-08-03,-0.0202339761556519,2026,2025-12-31,learned_market,20260912,0.45912056712344607,0.45912056712344607,0,0
rolling5_annual20,3764,2026-07-31,2026-08-10,0.0300318732435738,2026,2025-12-31,learned_market,20260912,0.4747199415260046,0.4747199415260046,0,1
rolling5_annual20,3769,2026-08-07,2026-08-17,-0.0056482265760339,2026,2025-12-31,learned_market,20260912,0.5169922363203473,0.5169922363203473,1,0
rolling5_annual20,3774,2026-08-14,2026-08-24,-0.0109860710402629,2026,2025-12-31,learned_market,20260912,0.47409296619698144,0.47409296619698144,0,0
rolling5_annual20,3779,2026-08-21,2026-08-31,-0.0127592811002066,2026,2025-12-31,learned_market,20260912,0.4643846053465112,0.4643846053465112,0,0
rolling5_annual20,3630,2026-01-09,2026-01-19,-0.0103697336282536,2026,2025-12-31,learned_vol_interaction,20260912,0.5113420632666249,0.5113420632666249,1,0
rolling5_annual20,3635,2026-01-16,2026-01-26,-0.0010190267764643,2026,2025-12-31,learned_vol_interaction,20260912,0.5720485316988371,0.5720485316988371,1,0
rolling5_annual20,3640,2026-01-23,2026-02-02,-0.0087161586128796,2026,2025-12-31,learned_vol_interaction,20260912,0.46450523759698337,0.46450523759698337,0,0
rolling5_annual20,3645,2026-01-30,2026-02-09,0.0041482324550519,2026,2025-12-31,learned_vol_interaction,20260912,0.5055364466448413,0.5055364466448413,1,1
rolling5_annual20,3650,2026-02-06,2026-02-24,0.0071649689901505,2026,2025-12-31,learned_vol_interaction,20260912,0.42116451389141074,0.42116451389141074,0,1
rolling5_annual20,3655,2026-02-13,2026-03-02,-0.0097920588919678,2026,2025-12-31,learned_vol_interaction,20260912,0.4216952789502379,0.4216952789502379,0,0
rolling5_annual20,3659,2026-02-27,2026-03-09,-0.0172526869201304,2026,2025-12-31,learned_vol_interaction,20260912,0.46280074037648433,0.46280074037648433,0,0
rolling5_annual20,3664,2026-03-06,2026-03-16,0.0149926634422041,2026,2025-12-31,learned_vol_interaction,20260912,0.4454734654507731,0.4454734654507731,0,1
rolling5_annual20,3669,2026-03-13,2026-03-23,-0.0364343509194254,2026,2025-12-31,learned_vol_interaction,20260912,0.5162800418391823,0.5162800418391823,1,0
rolling5_annual20,3674,2026-03-20,2026-03-30,-0.0083038829988221,2026,2025-12-31,learned_vol_interaction,20260912,0.44815597826032155,0.44815597826032155,0,0
rolling5_annual20,3679,2026-03-27,2026-04-07,-0.0035591495694504,2026,2025-12-31,learned_vol_interaction,20260912,0.41145491799092687,0.41145491799092687,0,0
rolling5_annual20,3684,2026-04-03,2026-04-13,0.0380736235508991,2026,2025-12-31,learned_vol_interaction,20260912,0.44194013633414186,0.44194013633414186,0,1
rolling5_annual20,3688,2026-04-10,2026-04-20,0.0242766725964382,2026,2025-12-31,learned_vol_interaction,20260912,0.474602811789107,0.474602811789107,0,1
rolling5_annual20,3693,2026-04-17,2026-04-27,0.010401572188011,2026,2025-12-31,learned_vol_interaction,20260912,0.4655670623093444,0.4655670623093444,0,1
rolling5_annual20,3698,2026-04-24,2026-05-11,0.0263674696524953,2026,2025-12-31,learned_vol_interaction,20260912,0.42735120615774097,0.42735120615774097,0,1
rolling5_annual20,3705,2026-05-08,2026-05-18,-0.0134529239455926,2026,2025-12-31,learned_vol_interaction,20260912,0.45536406167315674,0.45536406167315674,0,0
rolling5_annual20,3710,2026-05-15,2026-05-25,0.0076235492615268,2026,2025-12-31,learned_vol_interaction,20260912,0.5065051153684339,0.5065051153684339,1,1
rolling5_annual20,3715,2026-05-22,2026-06-01,0.005068538126898,2026,2025-12-31,learned_vol_interaction,20260912,0.49203695640068734,0.49203695640068734,0,1
rolling5_annual20,3720,2026-05-29,2026-06-08,-0.039635353927193,2026,2025-12-31,learned_vol_interaction,20260912,0.47113595890062737,0.47113595890062737,0,0
rolling5_annual20,3725,2026-06-05,2026-06-15,0.0266849782195981,2026,2025-12-31,learned_vol_interaction,20260912,0.45682558024935527,0.45682558024935527,0,1
rolling5_annual20,3730,2026-06-12,2026-06-29,0.0076098142791176,2026,2025-12-31,learned_vol_interaction,20260912,0.442975733059148,0.442975733059148,0,1
rolling5_annual20,3739,2026-06-26,2026-07-06,0.0005137647861506,2026,2025-12-31,learned_vol_interaction,20260912,0.5201528170131723,0.5201528170131723,1,1
rolling5_annual20,3744,2026-07-03,2026-07-13,-0.0252847876365399,2026,2025-12-31,learned_vol_interaction,20260912,0.5167437066245485,0.5167437066245485,1,0
rolling5_annual20,3749,2026-07-10,2026-07-20,-0.035775397012711,2026,2025-12-31,learned_vol_interaction,20260912,0.5240977712551413,0.5240977712551413,1,0
rolling5_annual20,3754,2026-07-17,2026-07-27,0.01756245533441,2026,2025-12-31,learned_vol_interaction,20260912,0.5152580314937659,0.5152580314937659,1,1
rolling5_annual20,3759,2026-07-24,2026-08-03,-0.0202339761556519,2026,2025-12-31,learned_vol_interaction,20260912,0.5102837642282361,0.5102837642282361,1,0
rolling5_annual20,3764,2026-07-31,2026-08-10,0.0300318732435738,2026,2025-12-31,learned_vol_interaction,20260912,0.49813339636912884,0.49813339636912884,0,1
rolling5_annual20,3769,2026-08-07,2026-08-17,-0.0056482265760339,2026,2025-12-31,learned_vol_interaction,20260912,0.4913068589563322,0.4913068589563322,0,0
rolling5_annual20,3774,2026-08-14,2026-08-24,-0.0109860710402629,2026,2025-12-31,learned_vol_interaction,20260912,0.46547315716272203,0.46547315716272203,0,0
rolling5_annual20,3779,2026-08-21,2026-08-31,-0.0127592811002066,2026,2025-12-31,learned_vol_interaction,20260912,0.4565503959943362,0.4565503959943362,0,0
rolling5_annual20,3630,2026-01-09,2026-01-19,-0.0103697336282536,2026,2025-12-31,learned_order_extension,20260912,0.5234527600872158,0.5234527600872158,1,0
rolling5_annual20,3635,2026-01-16,2026-01-26,-0.0010190267764643,2026,2025-12-31,learned_order_extension,20260912,0.5847075352595175,0.5847075352595175,1,0
rolling5_annual20,3640,2026-01-23,2026-02-02,-0.0087161586128796,2026,2025-12-31,learned_order_extension,20260912,0.4700767353741261,0.4700767353741261,0,0
rolling5_annual20,3645,2026-01-30,2026-02-09,0.0041482324550519,2026,2025-12-31,learned_order_extension,20260912,0.5148835278265028,0.5148835278265028,1,1
rolling5_annual20,3650,2026-02-06,2026-02-24,0.0071649689901505,2026,2025-12-31,learned_order_extension,20260912,0.4220765070574473,0.4220765070574473,0,1
rolling5_annual20,3655,2026-02-13,2026-03-02,-0.0097920588919678,2026,2025-12-31,learned_order_extension,20260912,0.41397752179190594,0.41397752179190594,0,0
rolling5_annual20,3659,2026-02-27,2026-03-09,-0.0172526869201304,2026,2025-12-31,learned_order_extension,20260912,0.45946498078572456,0.45946498078572456,0,0
rolling5_annual20,3664,2026-03-06,2026-03-16,0.0149926634422041,2026,2025-12-31,learned_order_extension,20260912,0.44635455978232025,0.44635455978232025,0,1
rolling5_annual20,3669,2026-03-13,2026-03-23,-0.0364343509194254,2026,2025-12-31,learned_order_extension,20260912,0.5383866937008707,0.5383866937008707,1,0
rolling5_annual20,3674,2026-03-20,2026-03-30,-0.0083038829988221,2026,2025-12-31,learned_order_extension,20260912,0.43243079892634145,0.43243079892634145,0,0
rolling5_annual20,3679,2026-03-27,2026-04-07,-0.0035591495694504,2026,2025-12-31,learned_order_extension,20260912,0.3847558274890985,0.3847558274890985,0,0
rolling5_annual20,3684,2026-04-03,2026-04-13,0.0380736235508991,2026,2025-12-31,learned_order_extension,20260912,0.4144033852774401,0.4144033852774401,0,1
rolling5_annual20,3688,2026-04-10,2026-04-20,0.0242766725964382,2026,2025-12-31,learned_order_extension,20260912,0.47938167585700264,0.47938167585700264,0,1
rolling5_annual20,3693,2026-04-17,2026-04-27,0.010401572188011,2026,2025-12-31,learned_order_extension,20260912,0.4174512738947204,0.4174512738947204,0,1
rolling5_annual20,3698,2026-04-24,2026-05-11,0.0263674696524953,2026,2025-12-31,learned_order_extension,20260912,0.40789835430240917,0.40789835430240917,0,1
rolling5_annual20,3705,2026-05-08,2026-05-18,-0.0134529239455926,2026,2025-12-31,learned_order_extension,20260912,0.4584298418185969,0.4584298418185969,0,0
rolling5_annual20,3710,2026-05-15,2026-05-25,0.0076235492615268,2026,2025-12-31,learned_order_extension,20260912,0.5410895291105667,0.5410895291105667,1,1
rolling5_annual20,3715,2026-05-22,2026-06-01,0.005068538126898,2026,2025-12-31,learned_order_extension,20260912,0.5021226383630596,0.5021226383630596,1,1
rolling5_annual20,3720,2026-05-29,2026-06-08,-0.039635353927193,2026,2025-12-31,learned_order_extension,20260912,0.4573299409387087,0.4573299409387087,0,0
rolling5_annual20,3725,2026-06-05,2026-06-15,0.0266849782195981,2026,2025-12-31,learned_order_extension,20260912,0.4366421559336363,0.4366421559336363,0,1
rolling5_annual20,3730,2026-06-12,2026-06-29,0.0076098142791176,2026,2025-12-31,learned_order_extension,20260912,0.4102842493878904,0.4102842493878904,0,1
rolling5_annual20,3739,2026-06-26,2026-07-06,0.0005137647861506,2026,2025-12-31,learned_order_extension,20260912,0.5188140124051438,0.5188140124051438,1,1
rolling5_annual20,3744,2026-07-03,2026-07-13,-0.0252847876365399,2026,2025-12-31,learned_order_extension,20260912,0.4989429054386354,0.4989429054386354,0,0
rolling5_annual20,3749,2026-07-10,2026-07-20,-0.035775397012711,2026,2025-12-31,learned_order_extension,20260912,0.5236629920895812,0.5236629920895812,1,0
rolling5_annual20,3754,2026-07-17,2026-07-27,0.01756245533441,2026,2025-12-31,learned_order_extension,20260912,0.5032118538805617,0.5032118538805617,1,1
rolling5_annual20,3759,2026-07-24,2026-08-03,-0.0202339761556519,2026,2025-12-31,learned_order_extension,20260912,0.4921460637997216,0.4921460637997216,0,0
rolling5_annual20,3764,2026-07-31,2026-08-10,0.0300318732435738,2026,2025-12-31,learned_order_extension,20260912,0.4818553927993659,0.4818553927993659,0,1
rolling5_annual20,3769,2026-08-07,2026-08-17,-0.0056482265760339,2026,2025-12-31,learned_order_extension,20260912,0.5028354128920006,0.5028354128920006,1,0
rolling5_annual20,3774,2026-08-14,2026-08-24,-0.0109860710402629,2026,2025-12-31,learned_order_extension,20260912,0.4725810214103995,0.4725810214103995,0,0
rolling5_annual20,3779,2026-08-21,2026-08-31,-0.0127592811002066,2026,2025-12-31,learned_order_extension,20260912,0.46653070967261673,0.46653070967261673,0,0
rolling5_annual20,3630,2026-01-09,2026-01-19,-0.0103697336282536,2026,2025-12-31,learned_order_offset,20260912,0.5234772415055928,0.5234772415055928,1,0
rolling5_annual20,3635,2026-01-16,2026-01-26,-0.0010190267764643,2026,2025-12-31,learned_order_offset,20260912,0.5844150879103954,0.5844150879103954,1,0
rolling5_annual20,3640,2026-01-23,2026-02-02,-0.0087161586128796,2026,2025-12-31,learned_order_offset,20260912,0.46996206356235715,0.46996206356235715,0,0
rolling5_annual20,3645,2026-01-30,2026-02-09,0.0041482324550519,2026,2025-12-31,learned_order_offset,20260912,0.514701020079869,0.514701020079869,1,1
rolling5_annual20,3650,2026-02-06,2026-02-24,0.0071649689901505,2026,2025-12-31,learned_order_offset,20260912,0.42213589824970216,0.42213589824970216,0,1
rolling5_annual20,3655,2026-02-13,2026-03-02,-0.0097920588919678,2026,2025-12-31,learned_order_offset,20260912,0.4139092534456115,0.4139092534456115,0,0
rolling5_annual20,3659,2026-02-27,2026-03-09,-0.0172526869201304,2026,2025-12-31,learned_order_offset,20260912,0.4590491088219428,0.4590491088219428,0,0
rolling5_annual20,3664,2026-03-06,2026-03-16,0.0149926634422041,2026,2025-12-31,learned_order_offset,20260912,0.4464707132363767,0.4464707132363767,0,1
rolling5_annual20,3669,2026-03-13,2026-03-23,-0.0364343509194254,2026,2025-12-31,learned_order_offset,20260912,0.5384561051408137,0.5384561051408137,1,0
rolling5_annual20,3674,2026-03-20,2026-03-30,-0.0083038829988221,2026,2025-12-31,learned_order_offset,20260912,0.43269622737784763,0.43269622737784763,0,0
rolling5_annual20,3679,2026-03-27,2026-04-07,-0.0035591495694504,2026,2025-12-31,learned_order_offset,20260912,0.3852504154330894,0.3852504154330894,0,0
rolling5_annual20,3684,2026-04-03,2026-04-13,0.0380736235508991,2026,2025-12-31,learned_order_offset,20260912,0.41463312595207424,0.41463312595207424,0,1
rolling5_annual20,3688,2026-04-10,2026-04-20,0.0242766725964382,2026,2025-12-31,learned_order_offset,20260912,0.47957887458862364,0.47957887458862364,0,1
rolling5_annual20,3693,2026-04-17,2026-04-27,0.010401572188011,2026,2025-12-31,learned_order_offset,20260912,0.4174462723853696,0.4174462723853696,0,1
rolling5_annual20,3698,2026-04-24,2026-05-11,0.0263674696524953,2026,2025-12-31,learned_order_offset,20260912,0.4078121898572776,0.4078121898572776,0,1
rolling5_annual20,3705,2026-05-08,2026-05-18,-0.0134529239455926,2026,2025-12-31,learned_order_offset,20260912,0.45820168742787637,0.45820168742787637,0,0
rolling5_annual20,3710,2026-05-15,2026-05-25,0.0076235492615268,2026,2025-12-31,learned_order_offset,20260912,0.5408516437983437,0.5408516437983437,1,1
rolling5_annual20,3715,2026-05-22,2026-06-01,0.005068538126898,2026,2025-12-31,learned_order_offset,20260912,0.5018942264488259,0.5018942264488259,1,1
rolling5_annual20,3720,2026-05-29,2026-06-08,-0.039635353927193,2026,2025-12-31,learned_order_offset,20260912,0.4571886722395474,0.4571886722395474,0,0
rolling5_annual20,3725,2026-06-05,2026-06-15,0.0266849782195981,2026,2025-12-31,learned_order_offset,20260912,0.43649391290109524,0.43649391290109524,0,1
rolling5_annual20,3730,2026-06-12,2026-06-29,0.0076098142791176,2026,2025-12-31,learned_order_offset,20260912,0.4101169616257996,0.4101169616257996,0,1
rolling5_annual20,3739,2026-06-26,2026-07-06,0.0005137647861506,2026,2025-12-31,learned_order_offset,20260912,0.5185047287941408,0.5185047287941408,1,1
rolling5_annual20,3744,2026-07-03,2026-07-13,-0.0252847876365399,2026,2025-12-31,learned_order_offset,20260912,0.4988441113201745,0.4988441113201745,0,0
rolling5_annual20,3749,2026-07-10,2026-07-20,-0.035775397012711,2026,2025-12-31,learned_order_offset,20260912,0.523535406519861,0.523535406519861,1,0
rolling5_annual20,3754,2026-07-17,2026-07-27,0.01756245533441,2026,2025-12-31,learned_order_offset,20260912,0.5033052897147685,0.5033052897147685,1,1
rolling5_annual20,3759,2026-07-24,2026-08-03,-0.0202339761556519,2026,2025-12-31,learned_order_offset,20260912,0.4922428591218114,0.4922428591218114,0,0
rolling5_annual20,3764,2026-07-31,2026-08-10,0.0300318732435738,2026,2025-12-31,learned_order_offset,20260912,0.4819029511308941,0.4819029511308941,0,1
rolling5_annual20,3769,2026-08-07,2026-08-17,-0.0056482265760339,2026,2025-12-31,learned_order_offset,20260912,0.5027660682169325,0.5027660682169325,1,0
rolling5_annual20,3774,2026-08-14,2026-08-24,-0.0109860710402629,2026,2025-12-31,learned_order_offset,20260912,0.4725999925469034,0.4725999925469034,0,0
rolling5_annual20,3779,2026-08-21,2026-08-31,-0.0127592811002066,2026,2025-12-31,learned_order_offset,20260912,0.4665968127191565,0.4665968127191565,0,0
rolling5_annual20,3630,2026-01-09,2026-01-19,-0.0103697336282536,2026,2025-12-31,native_mse,20260912,-0.0012654744629118373,,0,0
rolling5_annual20,3635,2026-01-16,2026-01-26,-0.0010190267764643,2026,2025-12-31,native_mse,20260912,-0.0009824454910161004,,0,0
rolling5_annual20,3640,2026-01-23,2026-02-02,-0.0087161586128796,2026,2025-12-31,native_mse,20260912,-0.0014318861524315442,,0,0
rolling5_annual20,3645,2026-01-30,2026-02-09,0.0041482324550519,2026,2025-12-31,native_mse,20260912,-0.0015519331724585116,,0,1
rolling5_annual20,3650,2026-02-06,2026-02-24,0.0071649689901505,2026,2025-12-31,native_mse,20260912,-0.0016869022750859507,,0,1
rolling5_annual20,3655,2026-02-13,2026-03-02,-0.0097920588919678,2026,2025-12-31,native_mse,20260912,-0.0011765097827620523,,0,0
rolling5_annual20,3659,2026-02-27,2026-03-09,-0.0172526869201304,2026,2025-12-31,native_mse,20260912,-0.0007085124719817442,,0,0
rolling5_annual20,3664,2026-03-06,2026-03-16,0.0149926634422041,2026,2025-12-31,native_mse,20260912,-0.0009899154221996353,,0,1
rolling5_annual20,3669,2026-03-13,2026-03-23,-0.0364343509194254,2026,2025-12-31,native_mse,20260912,-0.0011266305599294578,,0,0
rolling5_annual20,3674,2026-03-20,2026-03-30,-0.0083038829988221,2026,2025-12-31,native_mse,20260912,-0.001524311581453077,,0,0
rolling5_annual20,3679,2026-03-27,2026-04-07,-0.0035591495694504,2026,2025-12-31,native_mse,20260912,-0.0019205134194293897,,0,0
rolling5_annual20,3684,2026-04-03,2026-04-13,0.0380736235508991,2026,2025-12-31,native_mse,20260912,-0.0011376256916386593,,0,1
rolling5_annual20,3688,2026-04-10,2026-04-20,0.0242766725964382,2026,2025-12-31,native_mse,20260912,-0.0013216896399536517,,0,1
rolling5_annual20,3693,2026-04-17,2026-04-27,0.010401572188011,2026,2025-12-31,native_mse,20260912,-0.0015028502660909705,,0,1
rolling5_annual20,3698,2026-04-24,2026-05-11,0.0263674696524953,2026,2025-12-31,native_mse,20260912,-0.0012568015547876838,,0,1
rolling5_annual20,3705,2026-05-08,2026-05-18,-0.0134529239455926,2026,2025-12-31,native_mse,20260912,-0.0004371239494575972,,0,0
rolling5_annual20,3710,2026-05-15,2026-05-25,0.0076235492615268,2026,2025-12-31,native_mse,20260912,6.163719011948235e-05,,1,1
rolling5_annual20,3715,2026-05-22,2026-06-01,0.005068538126898,2026,2025-12-31,native_mse,20260912,7.730204085298746e-06,,1,1
rolling5_annual20,3720,2026-05-29,2026-06-08,-0.039635353927193,2026,2025-12-31,native_mse,20260912,-0.00019569943758148556,,0,0
rolling5_annual20,3725,2026-06-05,2026-06-15,0.0266849782195981,2026,2025-12-31,native_mse,20260912,-0.00010540438898025962,,0,1
rolling5_annual20,3730,2026-06-12,2026-06-29,0.0076098142791176,2026,2025-12-31,native_mse,20260912,-0.0007095936265099443,,0,1
rolling5_annual20,3739,2026-06-26,2026-07-06,0.0005137647861506,2026,2025-12-31,native_mse,20260912,-0.00033128119271872585,,0,1
rolling5_annual20,3744,2026-07-03,2026-07-13,-0.0252847876365399,2026,2025-12-31,native_mse,20260912,-0.0011443460816151978,,0,0
rolling5_annual20,3749,2026-07-10,2026-07-20,-0.035775397012711,2026,2025-12-31,native_mse,20260912,-0.0017039989678604111,,0,0
rolling5_annual20,3754,2026-07-17,2026-07-27,0.01756245533441,2026,2025-12-31,native_mse,20260912,-0.0017003094595498154,,0,1
rolling5_annual20,3759,2026-07-24,2026-08-03,-0.0202339761556519,2026,2025-12-31,native_mse,20260912,-0.0018633248001663242,,0,0
rolling5_annual20,3764,2026-07-31,2026-08-10,0.0300318732435738,2026,2025-12-31,native_mse,20260912,-0.0013665112944695823,,0,1
rolling5_annual20,3769,2026-08-07,2026-08-17,-0.0056482265760339,2026,2025-12-31,native_mse,20260912,-0.0010726869031266657,,0,0
rolling5_annual20,3774,2026-08-14,2026-08-24,-0.0109860710402629,2026,2025-12-31,native_mse,20260912,-0.0012030503226100222,,0,0
rolling5_annual20,3779,2026-08-21,2026-08-31,-0.0127592811002066,2026,2025-12-31,native_mse,20260912,-0.0005090624873602664,,0,0
rolling5_quarterly20,2418,2021-01-08,2021-01-18,-0.0120052904669853,2021,2020-12-31,learned_market,20260910,0.5528369602637446,0.5528369602637446,1,0
rolling5_quarterly20,2423,2021-01-15,2021-01-25,0.0231622460538123,2021,2020-12-31,learned_market,20260910,0.49674166213102977,0.49674166213102977,0,1
rolling5_quarterly20,2428,2021-01-22,2021-02-01,-0.0372511735907923,2021,2020-12-31,learned_market,20260910,0.3933637003220593,0.3933637003220593,0,0
rolling5_quarterly20,2433,2021-01-29,2021-02-08,0.0278689901714626,2021,2020-12-31,learned_market,20260910,0.4313547922375263,0.4313547922375263,0,1
rolling5_quarterly20,2438,2021-02-05,2021-02-22,0.0507379035040882,2021,2020-12-31,learned_market,20260910,0.40357928349119826,0.40357928349119826,0,1
rolling5_quarterly20,2443,2021-02-19,2021-03-01,-0.0684918010685315,2021,2020-12-31,learned_market,20260910,0.49513830982070434,0.49513830982070434,0,0
rolling5_quarterly20,2448,2021-02-26,2021-03-08,-0.0165997123904068,2021,2020-12-31,learned_market,20260910,0.43315180971386896,0.43315180971386896,0,0
rolling5_quarterly20,2453,2021-03-05,2021-03-15,-0.0346560901469681,2021,2020-12-31,learned_market,20260910,0.40131415281599914,0.40131415281599914,0,0
rolling5_quarterly20,2458,2021-03-12,2021-03-22,-0.0210550182560221,2021,2020-12-31,learned_market,20260910,0.47295990993929365,0.47295990993929365,0,0
rolling5_quarterly20,2463,2021-03-19,2021-03-29,0.0087572877565691,2021,2020-12-31,learned_market,20260910,0.6783048076904669,0.6783048076904669,1,1
rolling5_quarterly20,2468,2021-03-26,2021-04-06,0.0250145479448802,2021,2020-12-31,learned_market,20260910,0.6020041018019381,0.6020041018019381,1,1
rolling5_quarterly20,2418,2021-01-08,2021-01-18,-0.0120052904669853,2021,2020-12-31,learned_vol_interaction,20260910,0.5286701081389081,0.5286701081389081,1,0
rolling5_quarterly20,2423,2021-01-15,2021-01-25,0.0231622460538123,2021,2020-12-31,learned_vol_interaction,20260910,0.47178291125549215,0.47178291125549215,0,1
rolling5_quarterly20,2428,2021-01-22,2021-02-01,-0.0372511735907923,2021,2020-12-31,learned_vol_interaction,20260910,0.3671123538576221,0.3671123538576221,0,0
rolling5_quarterly20,2433,2021-01-29,2021-02-08,0.0278689901714626,2021,2020-12-31,learned_vol_interaction,20260910,0.434482531700876,0.434482531700876,0,1
rolling5_quarterly20,2438,2021-02-05,2021-02-22,0.0507379035040882,2021,2020-12-31,learned_vol_interaction,20260910,0.42570726310777396,0.42570726310777396,0,1
rolling5_quarterly20,2443,2021-02-19,2021-03-01,-0.0684918010685315,2021,2020-12-31,learned_vol_interaction,20260910,0.4791771552633417,0.4791771552633417,0,0
rolling5_quarterly20,2448,2021-02-26,2021-03-08,-0.0165997123904068,2021,2020-12-31,learned_vol_interaction,20260910,0.4783928105694597,0.4783928105694597,0,0
rolling5_quarterly20,2453,2021-03-05,2021-03-15,-0.0346560901469681,2021,2020-12-31,learned_vol_interaction,20260910,0.4610266286466043,0.4610266286466043,0,0
rolling5_quarterly20,2458,2021-03-12,2021-03-22,-0.0210550182560221,2021,2020-12-31,learned_vol_interaction,20260910,0.48103471562569133,0.48103471562569133,0,0
rolling5_quarterly20,2463,2021-03-19,2021-03-29,0.0087572877565691,2021,2020-12-31,learned_vol_interaction,20260910,0.5872740166666267,0.5872740166666267,1,1
rolling5_quarterly20,2468,2021-03-26,2021-04-06,0.0250145479448802,2021,2020-12-31,learned_vol_interaction,20260910,0.5791980511717043,0.5791980511717043,1,1
rolling5_quarterly20,2418,2021-01-08,2021-01-18,-0.0120052904669853,2021,2020-12-31,learned_order_extension,20260910,0.5330538496767134,0.5330538496767134,1,0
rolling5_quarterly20,2423,2021-01-15,2021-01-25,0.0231622460538123,2021,2020-12-31,learned_order_extension,20260910,0.479592338912861,0.479592338912861,0,1
rolling5_quarterly20,2428,2021-01-22,2021-02-01,-0.0372511735907923,2021,2020-12-31,learned_order_extension,20260910,0.3707727762571325,0.3707727762571325,0,0
rolling5_quarterly20,2433,2021-01-29,2021-02-08,0.0278689901714626,2021,2020-12-31,learned_order_extension,20260910,0.43176970986504826,0.43176970986504826,0,1
rolling5_quarterly20,2438,2021-02-05,2021-02-22,0.0507379035040882,2021,2020-12-31,learned_order_extension,20260910,0.41923333650784145,0.41923333650784145,0,1
rolling5_quarterly20,2443,2021-02-19,2021-03-01,-0.0684918010685315,2021,2020-12-31,learned_order_extension,20260910,0.47927687031403743,0.47927687031403743,0,0
rolling5_quarterly20,2448,2021-02-26,2021-03-08,-0.0165997123904068,2021,2020-12-31,learned_order_extension,20260910,0.4709068161644563,0.4709068161644563,0,0
rolling5_quarterly20,2453,2021-03-05,2021-03-15,-0.0346560901469681,2021,2020-12-31,learned_order_extension,20260910,0.45619563032762256,0.45619563032762256,0,0
rolling5_quarterly20,2458,2021-03-12,2021-03-22,-0.0210550182560221,2021,2020-12-31,learned_order_extension,20260910,0.47999849102949665,0.47999849102949665,0,0
rolling5_quarterly20,2463,2021-03-19,2021-03-29,0.0087572877565691,2021,2020-12-31,learned_order_extension,20260910,0.5898698686538169,0.5898698686538169,1,1
rolling5_quarterly20,2468,2021-03-26,2021-04-06,0.0250145479448802,2021,2020-12-31,learned_order_extension,20260910,0.5737573684172776,0.5737573684172776,1,1
rolling5_quarterly20,2418,2021-01-08,2021-01-18,-0.0120052904669853,2021,2020-12-31,learned_order_offset,20260910,0.5336151486659025,0.5336151486659025,1,0
rolling5_quarterly20,2423,2021-01-15,2021-01-25,0.0231622460538123,2021,2020-12-31,learned_order_offset,20260910,0.48002913839274924,0.48002913839274924,0,1
rolling5_quarterly20,2428,2021-01-22,2021-02-01,-0.0372511735907923,2021,2020-12-31,learned_order_offset,20260910,0.37113237990157133,0.37113237990157133,0,0
rolling5_quarterly20,2433,2021-01-29,2021-02-08,0.0278689901714626,2021,2020-12-31,learned_order_offset,20260910,0.43182028534515077,0.43182028534515077,0,1
rolling5_quarterly20,2438,2021-02-05,2021-02-22,0.0507379035040882,2021,2020-12-31,learned_order_offset,20260910,0.4191495029175148,0.4191495029175148,0,1
rolling5_quarterly20,2443,2021-02-19,2021-03-01,-0.0684918010685315,2021,2020-12-31,learned_order_offset,20260910,0.479618495019198,0.479618495019198,0,0
rolling5_quarterly20,2448,2021-02-26,2021-03-08,-0.0165997123904068,2021,2020-12-31,learned_order_offset,20260910,0.47073396029682846,0.47073396029682846,0,0
rolling5_quarterly20,2453,2021-03-05,2021-03-15,-0.0346560901469681,2021,2020-12-31,learned_order_offset,20260910,0.4561872166710552,0.4561872166710552,0,0
rolling5_quarterly20,2458,2021-03-12,2021-03-22,-0.0210550182560221,2021,2020-12-31,learned_order_offset,20260910,0.48027551652013106,0.48027551652013106,0,0
rolling5_quarterly20,2463,2021-03-19,2021-03-29,0.0087572877565691,2021,2020-12-31,learned_order_offset,20260910,0.5905225656238325,0.5905225656238325,1,1
rolling5_quarterly20,2468,2021-03-26,2021-04-06,0.0250145479448802,2021,2020-12-31,learned_order_offset,20260910,0.5737282476957762,0.5737282476957762,1,1
rolling5_quarterly20,2418,2021-01-08,2021-01-18,-0.0120052904669853,2021,2020-12-31,native_mse,20260910,-0.00016719672473286887,,0,0
rolling5_quarterly20,2423,2021-01-15,2021-01-25,0.0231622460538123,2021,2020-12-31,native_mse,20260910,-0.0024576018862454926,,0,1
rolling5_quarterly20,2428,2021-01-22,2021-02-01,-0.0372511735907923,2021,2020-12-31,native_mse,20260910,-0.003647746896638798,,0,0
rolling5_quarterly20,2433,2021-01-29,2021-02-08,0.0278689901714626,2021,2020-12-31,native_mse,20260910,-0.0025472735860022446,,0,1
rolling5_quarterly20,2438,2021-02-05,2021-02-22,0.0507379035040882,2021,2020-12-31,native_mse,20260910,-0.0030793775400414984,,0,1
rolling5_quarterly20,2443,2021-02-19,2021-03-01,-0.0684918010685315,2021,2020-12-31,native_mse,20260910,-0.0023490676188242655,,0,0
rolling5_quarterly20,2448,2021-02-26,2021-03-08,-0.0165997123904068,2021,2020-12-31,native_mse,20260910,-0.0023665663755005908,,0,0
rolling5_quarterly20,2453,2021-03-05,2021-03-15,-0.0346560901469681,2021,2020-12-31,native_mse,20260910,-0.0014253865572098575,,0,0
rolling5_quarterly20,2458,2021-03-12,2021-03-22,-0.0210550182560221,2021,2020-12-31,native_mse,20260910,-0.0005000901973691782,,0,0
rolling5_quarterly20,2463,2021-03-19,2021-03-29,0.0087572877565691,2021,2020-12-31,native_mse,20260910,0.006023340982564988,,1,1
rolling5_quarterly20,2468,2021-03-26,2021-04-06,0.0250145479448802,2021,2020-12-31,native_mse,20260910,0.005598392317839315,,1,1
rolling5_quarterly20,2418,2021-01-08,2021-01-18,-0.0120052904669853,2021,2020-12-31,training_frequency,-1,0.5577557755775577,0.5577557755775577,1,0
rolling5_quarterly20,2423,2021-01-15,2021-01-25,0.0231622460538123,2021,2020-12-31,training_frequency,-1,0.5577557755775577,0.5577557755775577,1,1
rolling5_quarterly20,2428,2021-01-22,2021-02-01,-0.0372511735907923,2021,2020-12-31,training_frequency,-1,0.5577557755775577,0.5577557755775577,1,0
rolling5_quarterly20,2433,2021-01-29,2021-02-08,0.0278689901714626,2021,2020-12-31,training_frequency,-1,0.5577557755775577,0.5577557755775577,1,1
rolling5_quarterly20,2438,2021-02-05,2021-02-22,0.0507379035040882,2021,2020-12-31,training_frequency,-1,0.5577557755775577,0.5577557755775577,1,1
rolling5_quarterly20,2443,2021-02-19,2021-03-01,-0.0684918010685315,2021,2020-12-31,training_frequency,-1,0.5577557755775577,0.5577557755775577,1,0
rolling5_quarterly20,2448,2021-02-26,2021-03-08,-0.0165997123904068,2021,2020-12-31,training_frequency,-1,0.5577557755775577,0.5577557755775577,1,0
rolling5_quarterly20,2453,2021-03-05,2021-03-15,-0.0346560901469681,2021,2020-12-31,training_frequency,-1,0.5577557755775577,0.5577557755775577,1,0
rolling5_quarterly20,2458,2021-03-12,2021-03-22,-0.0210550182560221,2021,2020-12-31,training_frequency,-1,0.5577557755775577,0.5577557755775577,1,0
rolling5_quarterly20,2463,2021-03-19,2021-03-29,0.0087572877565691,2021,2020-12-31,training_frequency,-1,0.5577557755775577,0.5577557755775577,1,1
rolling5_quarterly20,2468,2021-03-26,2021-04-06,0.0250145479448802,2021,2020-12-31,training_frequency,-1,0.5577557755775577,0.5577557755775577,1,1
rolling5_quarterly20,2418,2021-01-08,2021-01-18,-0.0120052904669853,2021,2020-12-31,learned_market,20260911,0.47359422145655633,0.47359422145655633,0,0
rolling5_quarterly20,2423,2021-01-15,2021-01-25,0.0231622460538123,2021,2020-12-31,learned_market,20260911,0.29529449998072343,0.29529449998072343,0,1
rolling5_quarterly20,2428,2021-01-22,2021-02-01,-0.0372511735907923,2021,2020-12-31,learned_market,20260911,0.47394332492431446,0.47394332492431446,0,0
rolling5_quarterly20,2433,2021-01-29,2021-02-08,0.0278689901714626,2021,2020-12-31,learned_market,20260911,0.34860128575085947,0.34860128575085947,0,1
rolling5_quarterly20,2438,2021-02-05,2021-02-22,0.0507379035040882,2021,2020-12-31,learned_market,20260911,0.5472341429725764,0.5472341429725764,1,1
rolling5_quarterly20,2443,2021-02-19,2021-03-01,-0.0684918010685315,2021,2020-12-31,learned_market,20260911,0.4390527856170199,0.4390527856170199,0,0
rolling5_quarterly20,2448,2021-02-26,2021-03-08,-0.0165997123904068,2021,2020-12-31,learned_market,20260911,0.4901857818012489,0.4901857818012489,0,0
rolling5_quarterly20,2453,2021-03-05,2021-03-15,-0.0346560901469681,2021,2020-12-31,learned_market,20260911,0.3640545492155067,0.3640545492155067,0,0
rolling5_quarterly20,2458,2021-03-12,2021-03-22,-0.0210550182560221,2021,2020-12-31,learned_market,20260911,0.27457561641477635,0.27457561641477635,0,0
rolling5_quarterly20,2463,2021-03-19,2021-03-29,0.0087572877565691,2021,2020-12-31,learned_market,20260911,0.5317095579141908,0.5317095579141908,1,1
rolling5_quarterly20,2468,2021-03-26,2021-04-06,0.0250145479448802,2021,2020-12-31,learned_market,20260911,0.48950965003399194,0.48950965003399194,0,1
rolling5_quarterly20,2418,2021-01-08,2021-01-18,-0.0120052904669853,2021,2020-12-31,learned_vol_interaction,20260911,0.4754556903392312,0.4754556903392312,0,0
rolling5_quarterly20,2423,2021-01-15,2021-01-25,0.0231622460538123,2021,2020-12-31,learned_vol_interaction,20260911,0.2910478720938869,0.2910478720938869,0,1
rolling5_quarterly20,2428,2021-01-22,2021-02-01,-0.0372511735907923,2021,2020-12-31,learned_vol_interaction,20260911,0.4793404787070586,0.4793404787070586,0,0
rolling5_quarterly20,2433,2021-01-29,2021-02-08,0.0278689901714626,2021,2020-12-31,learned_vol_interaction,20260911,0.3407014751351651,0.3407014751351651,0,1
rolling5_quarterly20,2438,2021-02-05,2021-02-22,0.0507379035040882,2021,2020-12-31,learned_vol_interaction,20260911,0.5419487770679454,0.5419487770679454,1,1
rolling5_quarterly20,2443,2021-02-19,2021-03-01,-0.0684918010685315,2021,2020-12-31,learned_vol_interaction,20260911,0.42680484014134457,0.42680484014134457,0,0
rolling5_quarterly20,2448,2021-02-26,2021-03-08,-0.0165997123904068,2021,2020-12-31,learned_vol_interaction,20260911,0.48165522036766006,0.48165522036766006,0,0
rolling5_quarterly20,2453,2021-03-05,2021-03-15,-0.0346560901469681,2021,2020-12-31,learned_vol_interaction,20260911,0.3506881836542513,0.3506881836542513,0,0
rolling5_quarterly20,2458,2021-03-12,2021-03-22,-0.0210550182560221,2021,2020-12-31,learned_vol_interaction,20260911,0.23467895972096536,0.23467895972096536,0,0
rolling5_quarterly20,2463,2021-03-19,2021-03-29,0.0087572877565691,2021,2020-12-31,learned_vol_interaction,20260911,0.5417459151974428,0.5417459151974428,1,1
rolling5_quarterly20,2468,2021-03-26,2021-04-06,0.0250145479448802,2021,2020-12-31,learned_vol_interaction,20260911,0.48054571329537366,0.48054571329537366,0,1
rolling5_quarterly20,2418,2021-01-08,2021-01-18,-0.0120052904669853,2021,2020-12-31,learned_order_extension,20260911,0.4707924056292956,0.4707924056292956,0,0
rolling5_quarterly20,2423,2021-01-15,2021-01-25,0.0231622460538123,2021,2020-12-31,learned_order_extension,20260911,0.30199104403875826,0.30199104403875826,0,1
rolling5_quarterly20,2428,2021-01-22,2021-02-01,-0.0372511735907923,2021,2020-12-31,learned_order_extension,20260911,0.4727671753713422,0.4727671753713422,0,0
rolling5_quarterly20,2433,2021-01-29,2021-02-08,0.0278689901714626,2021,2020-12-31,learned_order_extension,20260911,0.33076330033756096,0.33076330033756096,0,1
rolling5_quarterly20,2438,2021-02-05,2021-02-22,0.0507379035040882,2021,2020-12-31,learned_order_extension,20260911,0.5463864019131583,0.5463864019131583,1,1
rolling5_quarterly20,2443,2021-02-19,2021-03-01,-0.0684918010685315,2021,2020-12-31,learned_order_extension,20260911,0.423629668613555,0.423629668613555,0,0
rolling5_quarterly20,2448,2021-02-26,2021-03-08,-0.0165997123904068,2021,2020-12-31,learned_order_extension,20260911,0.4833188959367285,0.4833188959367285,0,0
rolling5_quarterly20,2453,2021-03-05,2021-03-15,-0.0346560901469681,2021,2020-12-31,learned_order_extension,20260911,0.3468677434509978,0.3468677434509978,0,0
rolling5_quarterly20,2458,2021-03-12,2021-03-22,-0.0210550182560221,2021,2020-12-31,learned_order_extension,20260911,0.2385842218483661,0.2385842218483661,0,0
rolling5_quarterly20,2463,2021-03-19,2021-03-29,0.0087572877565691,2021,2020-12-31,learned_order_extension,20260911,0.532998967015209,0.532998967015209,1,1
rolling5_quarterly20,2468,2021-03-26,2021-04-06,0.0250145479448802,2021,2020-12-31,learned_order_extension,20260911,0.48258967958160864,0.48258967958160864,0,1
rolling5_quarterly20,2418,2021-01-08,2021-01-18,-0.0120052904669853,2021,2020-12-31,learned_order_offset,20260911,0.46966493933917947,0.46966493933917947,0,0
rolling5_quarterly20,2423,2021-01-15,2021-01-25,0.0231622460538123,2021,2020-12-31,learned_order_offset,20260911,0.30026263179565904,0.30026263179565904,0,1
rolling5_quarterly20,2428,2021-01-22,2021-02-01,-0.0372511735907923,2021,2020-12-31,learned_order_offset,20260911,0.47083079059127375,0.47083079059127375,0,0
rolling5_quarterly20,2433,2021-01-29,2021-02-08,0.0278689901714626,2021,2020-12-31,learned_order_offset,20260911,0.3308151678188049,0.3308151678188049,0,1
rolling5_quarterly20,2438,2021-02-05,2021-02-22,0.0507379035040882,2021,2020-12-31,learned_order_offset,20260911,0.5458888183275549,0.5458888183275549,1,1
rolling5_quarterly20,2443,2021-02-19,2021-03-01,-0.0684918010685315,2021,2020-12-31,learned_order_offset,20260911,0.4238553224614908,0.4238553224614908,0,0
rolling5_quarterly20,2448,2021-02-26,2021-03-08,-0.0165997123904068,2021,2020-12-31,learned_order_offset,20260911,0.4840844360242453,0.4840844360242453,0,0
rolling5_quarterly20,2453,2021-03-05,2021-03-15,-0.0346560901469681,2021,2020-12-31,learned_order_offset,20260911,0.34642186749779336,0.34642186749779336,0,0
rolling5_quarterly20,2458,2021-03-12,2021-03-22,-0.0210550182560221,2021,2020-12-31,learned_order_offset,20260911,0.23704081021871007,0.23704081021871007,0,0
rolling5_quarterly20,2463,2021-03-19,2021-03-29,0.0087572877565691,2021,2020-12-31,learned_order_offset,20260911,0.5312704874985703,0.5312704874985703,1,1
rolling5_quarterly20,2468,2021-03-26,2021-04-06,0.0250145479448802,2021,2020-12-31,learned_order_offset,20260911,0.48113132203479025,0.48113132203479025,0,1
rolling5_quarterly20,2418,2021-01-08,2021-01-18,-0.0120052904669853,2021,2020-12-31,native_mse,20260911,0.008552411017393067,,1,0
rolling5_quarterly20,2423,2021-01-15,2021-01-25,0.0231622460538123,2021,2020-12-31,native_mse,20260911,0.004218820233000888,,1,1
rolling5_quarterly20,2428,2021-01-22,2021-02-01,-0.0372511735907923,2021,2020-12-31,native_mse,20260911,0.004959951689017089,,1,0
rolling5_quarterly20,2433,2021-01-29,2021-02-08,0.0278689901714626,2021,2020-12-31,native_mse,20260911,-0.006242641410233065,,0,1
rolling5_quarterly20,2438,2021-02-05,2021-02-22,0.0507379035040882,2021,2020-12-31,native_mse,20260911,0.0007951359987466982,,1,1
rolling5_quarterly20,2443,2021-02-19,2021-03-01,-0.0684918010685315,2021,2020-12-31,native_mse,20260911,-0.0016330918552967294,,0,0
rolling5_quarterly20,2448,2021-02-26,2021-03-08,-0.0165997123904068,2021,2020-12-31,native_mse,20260911,-0.00533638880364651,,0,0
rolling5_quarterly20,2453,2021-03-05,2021-03-15,-0.0346560901469681,2021,2020-12-31,native_mse,20260911,-0.011674592766508288,,0,0
rolling5_quarterly20,2458,2021-03-12,2021-03-22,-0.0210550182560221,2021,2020-12-31,native_mse,20260911,-0.007847066861436623,,0,0
rolling5_quarterly20,2463,2021-03-19,2021-03-29,0.0087572877565691,2021,2020-12-31,native_mse,20260911,-0.0039060339233599494,,0,1
rolling5_quarterly20,2468,2021-03-26,2021-04-06,0.0250145479448802,2021,2020-12-31,native_mse,20260911,0.0009273635613917179,,1,1
rolling5_quarterly20,2418,2021-01-08,2021-01-18,-0.0120052904669853,2021,2020-12-31,learned_market,20260912,0.49622809203697066,0.49622809203697066,0,0
rolling5_quarterly20,2423,2021-01-15,2021-01-25,0.0231622460538123,2021,2020-12-31,learned_market,20260912,0.30299511780142024,0.30299511780142024,0,1
rolling5_quarterly20,2428,2021-01-22,2021-02-01,-0.0372511735907923,2021,2020-12-31,learned_market,20260912,0.2926269390741677,0.2926269390741677,0,0
rolling5_quarterly20,2433,2021-01-29,2021-02-08,0.0278689901714626,2021,2020-12-31,learned_market,20260912,0.4834854236532544,0.4834854236532544,0,1
rolling5_quarterly20,2438,2021-02-05,2021-02-22,0.0507379035040882,2021,2020-12-31,learned_market,20260912,0.5449307431156443,0.5449307431156443,1,1
rolling5_quarterly20,2443,2021-02-19,2021-03-01,-0.0684918010685315,2021,2020-12-31,learned_market,20260912,0.37156624296606255,0.37156624296606255,0,0
rolling5_quarterly20,2448,2021-02-26,2021-03-08,-0.0165997123904068,2021,2020-12-31,learned_market,20260912,0.5679579035959068,0.5679579035959068,1,0
rolling5_quarterly20,2453,2021-03-05,2021-03-15,-0.0346560901469681,2021,2020-12-31,learned_market,20260912,0.4912573433049491,0.4912573433049491,0,0
rolling5_quarterly20,2458,2021-03-12,2021-03-22,-0.0210550182560221,2021,2020-12-31,learned_market,20260912,0.4975950072849539,0.4975950072849539,0,0
rolling5_quarterly20,2463,2021-03-19,2021-03-29,0.0087572877565691,2021,2020-12-31,learned_market,20260912,0.4862560848839745,0.4862560848839745,0,1
rolling5_quarterly20,2468,2021-03-26,2021-04-06,0.0250145479448802,2021,2020-12-31,learned_market,20260912,0.5757817923341705,0.5757817923341705,1,1
rolling5_quarterly20,2418,2021-01-08,2021-01-18,-0.0120052904669853,2021,2020-12-31,learned_vol_interaction,20260912,0.49620713842529096,0.49620713842529096,0,0
rolling5_quarterly20,2423,2021-01-15,2021-01-25,0.0231622460538123,2021,2020-12-31,learned_vol_interaction,20260912,0.30370534508378266,0.30370534508378266,0,1
rolling5_quarterly20,2428,2021-01-22,2021-02-01,-0.0372511735907923,2021,2020-12-31,learned_vol_interaction,20260912,0.2931342483584557,0.2931342483584557,0,0
rolling5_quarterly20,2433,2021-01-29,2021-02-08,0.0278689901714626,2021,2020-12-31,learned_vol_interaction,20260912,0.4851476188516167,0.4851476188516167,0,1
rolling5_quarterly20,2438,2021-02-05,2021-02-22,0.0507379035040882,2021,2020-12-31,learned_vol_interaction,20260912,0.5455559755252699,0.5455559755252699,1,1
rolling5_quarterly20,2443,2021-02-19,2021-03-01,-0.0684918010685315,2021,2020-12-31,learned_vol_interaction,20260912,0.37201410439640853,0.37201410439640853,0,0
rolling5_quarterly20,2448,2021-02-26,2021-03-08,-0.0165997123904068,2021,2020-12-31,learned_vol_interaction,20260912,0.5647303221106473,0.5647303221106473,1,0
rolling5_quarterly20,2453,2021-03-05,2021-03-15,-0.0346560901469681,2021,2020-12-31,learned_vol_interaction,20260912,0.4925362885158211,0.4925362885158211,0,0
rolling5_quarterly20,2458,2021-03-12,2021-03-22,-0.0210550182560221,2021,2020-12-31,learned_vol_interaction,20260912,0.5001941106115585,0.5001941106115585,1,0
rolling5_quarterly20,2463,2021-03-19,2021-03-29,0.0087572877565691,2021,2020-12-31,learned_vol_interaction,20260912,0.4917119078225818,0.4917119078225818,0,1
rolling5_quarterly20,2468,2021-03-26,2021-04-06,0.0250145479448802,2021,2020-12-31,learned_vol_interaction,20260912,0.5754614207160266,0.5754614207160266,1,1
rolling5_quarterly20,2418,2021-01-08,2021-01-18,-0.0120052904669853,2021,2020-12-31,learned_order_extension,20260912,0.4980709373270918,0.4980709373270918,0,0
rolling5_quarterly20,2423,2021-01-15,2021-01-25,0.0231622460538123,2021,2020-12-31,learned_order_extension,20260912,0.3077801048995167,0.3077801048995167,0,1
rolling5_quarterly20,2428,2021-01-22,2021-02-01,-0.0372511735907923,2021,2020-12-31,learned_order_extension,20260912,0.2945790953929349,0.2945790953929349,0,0
rolling5_quarterly20,2433,2021-01-29,2021-02-08,0.0278689901714626,2021,2020-12-31,learned_order_extension,20260912,0.4869306132003812,0.4869306132003812,0,1
rolling5_quarterly20,2438,2021-02-05,2021-02-22,0.0507379035040882,2021,2020-12-31,learned_order_extension,20260912,0.5470942643821933,0.5470942643821933,1,1
rolling5_quarterly20,2443,2021-02-19,2021-03-01,-0.0684918010685315,2021,2020-12-31,learned_order_extension,20260912,0.37256373051610003,0.37256373051610003,0,0
rolling5_quarterly20,2448,2021-02-26,2021-03-08,-0.0165997123904068,2021,2020-12-31,learned_order_extension,20260912,0.5652884202407723,0.5652884202407723,1,0
rolling5_quarterly20,2453,2021-03-05,2021-03-15,-0.0346560901469681,2021,2020-12-31,learned_order_extension,20260912,0.4938099782773414,0.4938099782773414,0,0
rolling5_quarterly20,2458,2021-03-12,2021-03-22,-0.0210550182560221,2021,2020-12-31,learned_order_extension,20260912,0.5011342068332141,0.5011342068332141,1,0
rolling5_quarterly20,2463,2021-03-19,2021-03-29,0.0087572877565691,2021,2020-12-31,learned_order_extension,20260912,0.49318584601318854,0.49318584601318854,0,1
rolling5_quarterly20,2468,2021-03-26,2021-04-06,0.0250145479448802,2021,2020-12-31,learned_order_extension,20260912,0.5765372992952104,0.5765372992952104,1,1
rolling5_quarterly20,2418,2021-01-08,2021-01-18,-0.0120052904669853,2021,2020-12-31,learned_order_offset,20260912,0.4978619856473434,0.4978619856473434,0,0
rolling5_quarterly20,2423,2021-01-15,2021-01-25,0.0231622460538123,2021,2020-12-31,learned_order_offset,20260912,0.30753172112864313,0.30753172112864313,0,1
rolling5_quarterly20,2428,2021-01-22,2021-02-01,-0.0372511735907923,2021,2020-12-31,learned_order_offset,20260912,0.29417599189344534,0.29417599189344534,0,0
rolling5_quarterly20,2433,2021-01-29,2021-02-08,0.0278689901714626,2021,2020-12-31,learned_order_offset,20260912,0.48673077860534075,0.48673077860534075,0,1
rolling5_quarterly20,2438,2021-02-05,2021-02-22,0.0507379035040882,2021,2020-12-31,learned_order_offset,20260912,0.5468628858044645,0.5468628858044645,1,1
rolling5_quarterly20,2443,2021-02-19,2021-03-01,-0.0684918010685315,2021,2020-12-31,learned_order_offset,20260912,0.37253784220409425,0.37253784220409425,0,0
rolling5_quarterly20,2448,2021-02-26,2021-03-08,-0.0165997123904068,2021,2020-12-31,learned_order_offset,20260912,0.5649799919042372,0.5649799919042372,1,0
rolling5_quarterly20,2453,2021-03-05,2021-03-15,-0.0346560901469681,2021,2020-12-31,learned_order_offset,20260912,0.49348358050186064,0.49348358050186064,0,0
rolling5_quarterly20,2458,2021-03-12,2021-03-22,-0.0210550182560221,2021,2020-12-31,learned_order_offset,20260912,0.500928953286114,0.500928953286114,1,0
rolling5_quarterly20,2463,2021-03-19,2021-03-29,0.0087572877565691,2021,2020-12-31,learned_order_offset,20260912,0.493170220106531,0.493170220106531,0,1
rolling5_quarterly20,2468,2021-03-26,2021-04-06,0.0250145479448802,2021,2020-12-31,learned_order_offset,20260912,0.5766144810517231,0.5766144810517231,1,1
rolling5_quarterly20,2418,2021-01-08,2021-01-18,-0.0120052904669853,2021,2020-12-31,native_mse,20260912,0.001397497585867654,,1,0
rolling5_quarterly20,2423,2021-01-15,2021-01-25,0.0231622460538123,2021,2020-12-31,native_mse,20260912,0.0006715229500529757,,1,1
rolling5_quarterly20,2428,2021-01-22,2021-02-01,-0.0372511735907923,2021,2020-12-31,native_mse,20260912,0.0008989216255188498,,1,0
rolling5_quarterly20,2433,2021-01-29,2021-02-08,0.0278689901714626,2021,2020-12-31,native_mse,20260912,0.0007959764416317159,,1,1
rolling5_quarterly20,2438,2021-02-05,2021-02-22,0.0507379035040882,2021,2020-12-31,native_mse,20260912,0.0012803740659475327,,1,1
rolling5_quarterly20,2443,2021-02-19,2021-03-01,-0.0684918010685315,2021,2020-12-31,native_mse,20260912,0.0009133829615551264,,1,0
rolling5_quarterly20,2448,2021-02-26,2021-03-08,-0.0165997123904068,2021,2020-12-31,native_mse,20260912,0.0013704992420810927,,1,0
rolling5_quarterly20,2453,2021-03-05,2021-03-15,-0.0346560901469681,2021,2020-12-31,native_mse,20260912,0.0008756814992302536,,1,0
rolling5_quarterly20,2458,2021-03-12,2021-03-22,-0.0210550182560221,2021,2020-12-31,native_mse,20260912,0.0011757184818956695,,1,0
rolling5_quarterly20,2463,2021-03-19,2021-03-29,0.0087572877565691,2021,2020-12-31,native_mse,20260912,0.0010792053864410744,,1,1
rolling5_quarterly20,2468,2021-03-26,2021-04-06,0.0250145479448802,2021,2020-12-31,native_mse,20260912,0.0011499309968955886,,1,1
rolling5_quarterly20,2473,2021-04-02,2021-04-12,-0.0292856811827044,2021,2021-03-31,learned_market,20260910,0.5258613390024429,0.5258613390024429,1,0
rolling5_quarterly20,2477,2021-04-09,2021-04-19,-0.0120489836840408,2021,2021-03-31,learned_market,20260910,0.6441046528560855,0.6441046528560855,1,0
rolling5_quarterly20,2482,2021-04-16,2021-04-26,0.0382932540809155,2021,2021-03-31,learned_market,20260910,0.4742786364651774,0.4742786364651774,0,1
rolling5_quarterly20,2487,2021-04-23,2021-05-06,-0.0112070185917437,2021,2021-03-31,learned_market,20260910,0.5555785348722293,0.5555785348722293,1,0
rolling5_quarterly20,2492,2021-04-30,2021-05-12,-0.0190946889464188,2021,2021-03-31,learned_market,20260910,0.42272640679576357,0.42272640679576357,0,0
rolling5_quarterly20,2494,2021-05-07,2021-05-17,0.0227674429764228,2021,2021-03-31,learned_market,20260910,0.39694684250967216,0.39694684250967216,0,1
rolling5_quarterly20,2499,2021-05-14,2021-05-24,0.0045940519733895,2021,2021-03-31,learned_market,20260910,0.2818831045774974,0.2818831045774974,0,1
rolling5_quarterly20,2504,2021-05-21,2021-05-31,0.0348855085126711,2021,2021-03-31,learned_market,20260910,0.4040020793624917,0.4040020793624917,0,1
rolling5_quarterly20,2509,2021-05-28,2021-06-07,-0.0062409741861724,2021,2021-03-31,learned_market,20260910,0.2953302820658713,0.2953302820658713,0,0
rolling5_quarterly20,2514,2021-06-04,2021-06-15,-0.0125508761771767,2021,2021-03-31,learned_market,20260910,0.4756553075252896,0.4756553075252896,0,0
rolling5_quarterly20,2519,2021-06-11,2021-06-21,-0.0250011497424577,2021,2021-03-31,learned_market,20260910,0.3275447979115265,0.3275447979115265,0,0
rolling5_quarterly20,2523,2021-06-18,2021-06-28,0.0325308711127356,2021,2021-03-31,learned_market,20260910,0.3462608467477399,0.3462608467477399,0,1
rolling5_quarterly20,2528,2021-06-25,2021-07-05,-0.0342297962734196,2021,2021-03-31,learned_market,20260910,0.4218246327909419,0.4218246327909419,0,0
rolling5_quarterly20,2473,2021-04-02,2021-04-12,-0.0292856811827044,2021,2021-03-31,learned_vol_interaction,20260910,0.5289321432241126,0.5289321432241126,1,0
rolling5_quarterly20,2477,2021-04-09,2021-04-19,-0.0120489836840408,2021,2021-03-31,learned_vol_interaction,20260910,0.6430556809014485,0.6430556809014485,1,0
rolling5_quarterly20,2482,2021-04-16,2021-04-26,0.0382932540809155,2021,2021-03-31,learned_vol_interaction,20260910,0.47655026374642534,0.47655026374642534,0,1
rolling5_quarterly20,2487,2021-04-23,2021-05-06,-0.0112070185917437,2021,2021-03-31,learned_vol_interaction,20260910,0.5571765228905103,0.5571765228905103,1,0
rolling5_quarterly20,2492,2021-04-30,2021-05-12,-0.0190946889464188,2021,2021-03-31,learned_vol_interaction,20260910,0.42153213200860096,0.42153213200860096,0,0
rolling5_quarterly20,2494,2021-05-07,2021-05-17,0.0227674429764228,2021,2021-03-31,learned_vol_interaction,20260910,0.39596564388519656,0.39596564388519656,0,1
rolling5_quarterly20,2499,2021-05-14,2021-05-24,0.0045940519733895,2021,2021-03-31,learned_vol_interaction,20260910,0.2792935222461973,0.2792935222461973,0,1
rolling5_quarterly20,2504,2021-05-21,2021-05-31,0.0348855085126711,2021,2021-03-31,learned_vol_interaction,20260910,0.40365339152216245,0.40365339152216245,0,1
rolling5_quarterly20,2509,2021-05-28,2021-06-07,-0.0062409741861724,2021,2021-03-31,learned_vol_interaction,20260910,0.2930497775285238,0.2930497775285238,0,0
rolling5_quarterly20,2514,2021-06-04,2021-06-15,-0.0125508761771767,2021,2021-03-31,learned_vol_interaction,20260910,0.47461685402666903,0.47461685402666903,0,0
rolling5_quarterly20,2519,2021-06-11,2021-06-21,-0.0250011497424577,2021,2021-03-31,learned_vol_interaction,20260910,0.32407442165797284,0.32407442165797284,0,0
rolling5_quarterly20,2523,2021-06-18,2021-06-28,0.0325308711127356,2021,2021-03-31,learned_vol_interaction,20260910,0.342991758978554,0.342991758978554,0,1
rolling5_quarterly20,2528,2021-06-25,2021-07-05,-0.0342297962734196,2021,2021-03-31,learned_vol_interaction,20260910,0.4201094284490479,0.4201094284490479,0,0
rolling5_quarterly20,2473,2021-04-02,2021-04-12,-0.0292856811827044,2021,2021-03-31,learned_order_extension,20260910,0.5490073364020918,0.5490073364020918,1,0
rolling5_quarterly20,2477,2021-04-09,2021-04-19,-0.0120489836840408,2021,2021-03-31,learned_order_extension,20260910,0.653922214832989,0.653922214832989,1,0
rolling5_quarterly20,2482,2021-04-16,2021-04-26,0.0382932540809155,2021,2021-03-31,learned_order_extension,20260910,0.43818405519178005,0.43818405519178005,0,1
rolling5_quarterly20,2487,2021-04-23,2021-05-06,-0.0112070185917437,2021,2021-03-31,learned_order_extension,20260910,0.5638714964423698,0.5638714964423698,1,0
rolling5_quarterly20,2492,2021-04-30,2021-05-12,-0.0190946889464188,2021,2021-03-31,learned_order_extension,20260910,0.3733616308882794,0.3733616308882794,0,0
rolling5_quarterly20,2494,2021-05-07,2021-05-17,0.0227674429764228,2021,2021-03-31,learned_order_extension,20260910,0.3534758631111769,0.3534758631111769,0,1
rolling5_quarterly20,2499,2021-05-14,2021-05-24,0.0045940519733895,2021,2021-03-31,learned_order_extension,20260910,0.18338607793012404,0.18338607793012404,0,1
rolling5_quarterly20,2504,2021-05-21,2021-05-31,0.0348855085126711,2021,2021-03-31,learned_order_extension,20260910,0.33306815927520067,0.33306815927520067,0,1
rolling5_quarterly20,2509,2021-05-28,2021-06-07,-0.0062409741861724,2021,2021-03-31,learned_order_extension,20260910,0.24256142700200456,0.24256142700200456,0,0
rolling5_quarterly20,2514,2021-06-04,2021-06-15,-0.0125508761771767,2021,2021-03-31,learned_order_extension,20260910,0.445378627014675,0.445378627014675,0,0
rolling5_quarterly20,2519,2021-06-11,2021-06-21,-0.0250011497424577,2021,2021-03-31,learned_order_extension,20260910,0.24769981891101267,0.24769981891101267,0,0
rolling5_quarterly20,2523,2021-06-18,2021-06-28,0.0325308711127356,2021,2021-03-31,learned_order_extension,20260910,0.2774038831101571,0.2774038831101571,0,1
rolling5_quarterly20,2528,2021-06-25,2021-07-05,-0.0342297962734196,2021,2021-03-31,learned_order_extension,20260910,0.39925916750348306,0.39925916750348306,0,0
rolling5_quarterly20,2473,2021-04-02,2021-04-12,-0.0292856811827044,2021,2021-03-31,learned_order_offset,20260910,0.5502389189314807,0.5502389189314807,1,0
rolling5_quarterly20,2477,2021-04-09,2021-04-19,-0.0120489836840408,2021,2021-03-31,learned_order_offset,20260910,0.6534661968065623,0.6534661968065623,1,0
rolling5_quarterly20,2482,2021-04-16,2021-04-26,0.0382932540809155,2021,2021-03-31,learned_order_offset,20260910,0.4381917725561827,0.4381917725561827,0,1
rolling5_quarterly20,2487,2021-04-23,2021-05-06,-0.0112070185917437,2021,2021-03-31,learned_order_offset,20260910,0.5625990726094786,0.5625990726094786,1,0
rolling5_quarterly20,2492,2021-04-30,2021-05-12,-0.0190946889464188,2021,2021-03-31,learned_order_offset,20260910,0.373460849762728,0.373460849762728,0,0
rolling5_quarterly20,2494,2021-05-07,2021-05-17,0.0227674429764228,2021,2021-03-31,learned_order_offset,20260910,0.35339429855436605,0.35339429855436605,0,1
rolling5_quarterly20,2499,2021-05-14,2021-05-24,0.0045940519733895,2021,2021-03-31,learned_order_offset,20260910,0.18393495638002455,0.18393495638002455,0,1
rolling5_quarterly20,2504,2021-05-21,2021-05-31,0.0348855085126711,2021,2021-03-31,learned_order_offset,20260910,0.33289324280836685,0.33289324280836685,0,1
rolling5_quarterly20,2509,2021-05-28,2021-06-07,-0.0062409741861724,2021,2021-03-31,learned_order_offset,20260910,0.24308088945217457,0.24308088945217457,0,0
rolling5_quarterly20,2514,2021-06-04,2021-06-15,-0.0125508761771767,2021,2021-03-31,learned_order_offset,20260910,0.4463055988861567,0.4463055988861567,0,0
rolling5_quarterly20,2519,2021-06-11,2021-06-21,-0.0250011497424577,2021,2021-03-31,learned_order_offset,20260910,0.24895879530925455,0.24895879530925455,0,0
rolling5_quarterly20,2523,2021-06-18,2021-06-28,0.0325308711127356,2021,2021-03-31,learned_order_offset,20260910,0.2786687593056938,0.2786687593056938,0,1
rolling5_quarterly20,2528,2021-06-25,2021-07-05,-0.0342297962734196,2021,2021-03-31,learned_order_offset,20260910,0.4000718035772639,0.4000718035772639,0,0
rolling5_quarterly20,2473,2021-04-02,2021-04-12,-0.0292856811827044,2021,2021-03-31,native_mse,20260910,-0.011121534934725653,,0,0
rolling5_quarterly20,2477,2021-04-09,2021-04-19,-0.0120489836840408,2021,2021-03-31,native_mse,20260910,-0.00574429145777601,,0,0
rolling5_quarterly20,2482,2021-04-16,2021-04-26,0.0382932540809155,2021,2021-03-31,native_mse,20260910,-0.009872839476137972,,0,1
rolling5_quarterly20,2487,2021-04-23,2021-05-06,-0.0112070185917437,2021,2021-03-31,native_mse,20260910,-0.010987896346777593,,0,0
rolling5_quarterly20,2492,2021-04-30,2021-05-12,-0.0190946889464188,2021,2021-03-31,native_mse,20260910,-0.012894560568597184,,0,0
rolling5_quarterly20,2494,2021-05-07,2021-05-17,0.0227674429764228,2021,2021-03-31,native_mse,20260910,-0.012801028107569369,,0,1
rolling5_quarterly20,2499,2021-05-14,2021-05-24,0.0045940519733895,2021,2021-03-31,native_mse,20260910,-0.01845169474507621,,0,1
rolling5_quarterly20,2504,2021-05-21,2021-05-31,0.0348855085126711,2021,2021-03-31,native_mse,20260910,-0.013535912619913654,,0,1
rolling5_quarterly20,2509,2021-05-28,2021-06-07,-0.0062409741861724,2021,2021-03-31,native_mse,20260910,-0.018437975206516723,,0,0
rolling5_quarterly20,2514,2021-06-04,2021-06-15,-0.0125508761771767,2021,2021-03-31,native_mse,20260910,-0.012298809896565288,,0,0
rolling5_quarterly20,2519,2021-06-11,2021-06-21,-0.0250011497424577,2021,2021-03-31,native_mse,20260910,-0.016405674383091304,,0,0
rolling5_quarterly20,2523,2021-06-18,2021-06-28,0.0325308711127356,2021,2021-03-31,native_mse,20260910,-0.01564222716891689,,0,1
rolling5_quarterly20,2528,2021-06-25,2021-07-05,-0.0342297962734196,2021,2021-03-31,native_mse,20260910,-0.013305726376569004,,0,0
rolling5_quarterly20,2473,2021-04-02,2021-04-12,-0.0292856811827044,2021,2021-03-31,training_frequency,-1,0.5540875309661437,0.5540875309661437,1,0
rolling5_quarterly20,2477,2021-04-09,2021-04-19,-0.0120489836840408,2021,2021-03-31,training_frequency,-1,0.5540875309661437,0.5540875309661437,1,0
rolling5_quarterly20,2482,2021-04-16,2021-04-26,0.0382932540809155,2021,2021-03-31,training_frequency,-1,0.5540875309661437,0.5540875309661437,1,1
rolling5_quarterly20,2487,2021-04-23,2021-05-06,-0.0112070185917437,2021,2021-03-31,training_frequency,-1,0.5540875309661437,0.5540875309661437,1,0
rolling5_quarterly20,2492,2021-04-30,2021-05-12,-0.0190946889464188,2021,2021-03-31,training_frequency,-1,0.5540875309661437,0.5540875309661437,1,0
rolling5_quarterly20,2494,2021-05-07,2021-05-17,0.0227674429764228,2021,2021-03-31,training_frequency,-1,0.5540875309661437,0.5540875309661437,1,1
rolling5_quarterly20,2499,2021-05-14,2021-05-24,0.0045940519733895,2021,2021-03-31,training_frequency,-1,0.5540875309661437,0.5540875309661437,1,1
rolling5_quarterly20,2504,2021-05-21,2021-05-31,0.0348855085126711,2021,2021-03-31,training_frequency,-1,0.5540875309661437,0.5540875309661437,1,1
rolling5_quarterly20,2509,2021-05-28,2021-06-07,-0.0062409741861724,2021,2021-03-31,training_frequency,-1,0.5540875309661437,0.5540875309661437,1,0
rolling5_quarterly20,2514,2021-06-04,2021-06-15,-0.0125508761771767,2021,2021-03-31,training_frequency,-1,0.5540875309661437,0.5540875309661437,1,0
rolling5_quarterly20,2519,2021-06-11,2021-06-21,-0.0250011497424577,2021,2021-03-31,training_frequency,-1,0.5540875309661437,0.5540875309661437,1,0
rolling5_quarterly20,2523,2021-06-18,2021-06-28,0.0325308711127356,2021,2021-03-31,training_frequency,-1,0.5540875309661437,0.5540875309661437,1,1
rolling5_quarterly20,2528,2021-06-25,2021-07-05,-0.0342297962734196,2021,2021-03-31,training_frequency,-1,0.5540875309661437,0.5540875309661437,1,0
rolling5_quarterly20,2473,2021-04-02,2021-04-12,-0.0292856811827044,2021,2021-03-31,learned_market,20260911,0.39025934266907936,0.39025934266907936,0,0
rolling5_quarterly20,2477,2021-04-09,2021-04-19,-0.0120489836840408,2021,2021-03-31,learned_market,20260911,0.2391787896386326,0.2391787896386326,0,0
rolling5_quarterly20,2482,2021-04-16,2021-04-26,0.0382932540809155,2021,2021-03-31,learned_market,20260911,0.6493984338546157,0.6493984338546157,1,1
rolling5_quarterly20,2487,2021-04-23,2021-05-06,-0.0112070185917437,2021,2021-03-31,learned_market,20260911,0.5339975806152012,0.5339975806152012,1,0
rolling5_quarterly20,2492,2021-04-30,2021-05-12,-0.0190946889464188,2021,2021-03-31,learned_market,20260911,0.3501119775720423,0.3501119775720423,0,0
rolling5_quarterly20,2494,2021-05-07,2021-05-17,0.0227674429764228,2021,2021-03-31,learned_market,20260911,0.338549148823974,0.338549148823974,0,1
rolling5_quarterly20,2499,2021-05-14,2021-05-24,0.0045940519733895,2021,2021-03-31,learned_market,20260911,0.431115773022914,0.431115773022914,0,1
rolling5_quarterly20,2504,2021-05-21,2021-05-31,0.0348855085126711,2021,2021-03-31,learned_market,20260911,0.43539441636060655,0.43539441636060655,0,1
rolling5_quarterly20,2509,2021-05-28,2021-06-07,-0.0062409741861724,2021,2021-03-31,learned_market,20260911,0.2937501557144846,0.2937501557144846,0,0
rolling5_quarterly20,2514,2021-06-04,2021-06-15,-0.0125508761771767,2021,2021-03-31,learned_market,20260911,0.5496029158499584,0.5496029158499584,1,0
rolling5_quarterly20,2519,2021-06-11,2021-06-21,-0.0250011497424577,2021,2021-03-31,learned_market,20260911,0.4258252141993273,0.4258252141993273,0,0
rolling5_quarterly20,2523,2021-06-18,2021-06-28,0.0325308711127356,2021,2021-03-31,learned_market,20260911,0.30573197956759146,0.30573197956759146,0,1
rolling5_quarterly20,2528,2021-06-25,2021-07-05,-0.0342297962734196,2021,2021-03-31,learned_market,20260911,0.5684321914192889,0.5684321914192889,1,0
rolling5_quarterly20,2473,2021-04-02,2021-04-12,-0.0292856811827044,2021,2021-03-31,learned_vol_interaction,20260911,0.4088695382816309,0.4088695382816309,0,0
rolling5_quarterly20,2477,2021-04-09,2021-04-19,-0.0120489836840408,2021,2021-03-31,learned_vol_interaction,20260911,0.2582634945379446,0.2582634945379446,0,0
rolling5_quarterly20,2482,2021-04-16,2021-04-26,0.0382932540809155,2021,2021-03-31,learned_vol_interaction,20260911,0.6469512129907087,0.6469512129907087,1,1
rolling5_quarterly20,2487,2021-04-23,2021-05-06,-0.0112070185917437,2021,2021-03-31,learned_vol_interaction,20260911,0.5307498520794002,0.5307498520794002,1,0
rolling5_quarterly20,2492,2021-04-30,2021-05-12,-0.0190946889464188,2021,2021-03-31,learned_vol_interaction,20260911,0.32864497005224685,0.32864497005224685,0,0
rolling5_quarterly20,2494,2021-05-07,2021-05-17,0.0227674429764228,2021,2021-03-31,learned_vol_interaction,20260911,0.32010292977120963,0.32010292977120963,0,1
rolling5_quarterly20,2499,2021-05-14,2021-05-24,0.0045940519733895,2021,2021-03-31,learned_vol_interaction,20260911,0.42374801082216296,0.42374801082216296,0,1
rolling5_quarterly20,2504,2021-05-21,2021-05-31,0.0348855085126711,2021,2021-03-31,learned_vol_interaction,20260911,0.4154482233597339,0.4154482233597339,0,1
rolling5_quarterly20,2509,2021-05-28,2021-06-07,-0.0062409741861724,2021,2021-03-31,learned_vol_interaction,20260911,0.28886533200659953,0.28886533200659953,0,0
rolling5_quarterly20,2514,2021-06-04,2021-06-15,-0.0125508761771767,2021,2021-03-31,learned_vol_interaction,20260911,0.5467944179550633,0.5467944179550633,1,0
rolling5_quarterly20,2519,2021-06-11,2021-06-21,-0.0250011497424577,2021,2021-03-31,learned_vol_interaction,20260911,0.41463261548303,0.41463261548303,0,0
rolling5_quarterly20,2523,2021-06-18,2021-06-28,0.0325308711127356,2021,2021-03-31,learned_vol_interaction,20260911,0.2884235839437609,0.2884235839437609,0,1
rolling5_quarterly20,2528,2021-06-25,2021-07-05,-0.0342297962734196,2021,2021-03-31,learned_vol_interaction,20260911,0.5711896139042792,0.5711896139042792,1,0
rolling5_quarterly20,2473,2021-04-02,2021-04-12,-0.0292856811827044,2021,2021-03-31,learned_order_extension,20260911,0.4119283840870476,0.4119283840870476,0,0
rolling5_quarterly20,2477,2021-04-09,2021-04-19,-0.0120489836840408,2021,2021-03-31,learned_order_extension,20260911,0.18443763690844373,0.18443763690844373,0,0
rolling5_quarterly20,2482,2021-04-16,2021-04-26,0.0382932540809155,2021,2021-03-31,learned_order_extension,20260911,0.6433258108413872,0.6433258108413872,1,1
rolling5_quarterly20,2487,2021-04-23,2021-05-06,-0.0112070185917437,2021,2021-03-31,learned_order_extension,20260911,0.49394688575087736,0.49394688575087736,0,0
rolling5_quarterly20,2492,2021-04-30,2021-05-12,-0.0190946889464188,2021,2021-03-31,learned_order_extension,20260911,0.24752986751646103,0.24752986751646103,0,0
rolling5_quarterly20,2494,2021-05-07,2021-05-17,0.0227674429764228,2021,2021-03-31,learned_order_extension,20260911,0.2660242071246963,0.2660242071246963,0,1
rolling5_quarterly20,2499,2021-05-14,2021-05-24,0.0045940519733895,2021,2021-03-31,learned_order_extension,20260911,0.33690675720601504,0.33690675720601504,0,1
rolling5_quarterly20,2504,2021-05-21,2021-05-31,0.0348855085126711,2021,2021-03-31,learned_order_extension,20260911,0.3455486239265232,0.3455486239265232,0,1
rolling5_quarterly20,2509,2021-05-28,2021-06-07,-0.0062409741861724,2021,2021-03-31,learned_order_extension,20260911,0.22497001832054883,0.22497001832054883,0,0
rolling5_quarterly20,2514,2021-06-04,2021-06-15,-0.0125508761771767,2021,2021-03-31,learned_order_extension,20260911,0.49073619728608636,0.49073619728608636,0,0
rolling5_quarterly20,2519,2021-06-11,2021-06-21,-0.0250011497424577,2021,2021-03-31,learned_order_extension,20260911,0.3273072316540684,0.3273072316540684,0,0
rolling5_quarterly20,2523,2021-06-18,2021-06-28,0.0325308711127356,2021,2021-03-31,learned_order_extension,20260911,0.20044847769468938,0.20044847769468938,0,1
rolling5_quarterly20,2528,2021-06-25,2021-07-05,-0.0342297962734196,2021,2021-03-31,learned_order_extension,20260911,0.5391048495628331,0.5391048495628331,1,0
rolling5_quarterly20,2473,2021-04-02,2021-04-12,-0.0292856811827044,2021,2021-03-31,learned_order_offset,20260911,0.42233683776606007,0.42233683776606007,0,0
rolling5_quarterly20,2477,2021-04-09,2021-04-19,-0.0120489836840408,2021,2021-03-31,learned_order_offset,20260911,0.19962895996003388,0.19962895996003388,0,0
rolling5_quarterly20,2482,2021-04-16,2021-04-26,0.0382932540809155,2021,2021-03-31,learned_order_offset,20260911,0.6478507269196011,0.6478507269196011,1,1
rolling5_quarterly20,2487,2021-04-23,2021-05-06,-0.0112070185917437,2021,2021-03-31,learned_order_offset,20260911,0.5061838338180918,0.5061838338180918,1,0
rolling5_quarterly20,2492,2021-04-30,2021-05-12,-0.0190946889464188,2021,2021-03-31,learned_order_offset,20260911,0.2635077956118431,0.2635077956118431,0,0
rolling5_quarterly20,2494,2021-05-07,2021-05-17,0.0227674429764228,2021,2021-03-31,learned_order_offset,20260911,0.28392079760057876,0.28392079760057876,0,1
rolling5_quarterly20,2499,2021-05-14,2021-05-24,0.0045940519733895,2021,2021-03-31,learned_order_offset,20260911,0.3563495425210523,0.3563495425210523,0,1
rolling5_quarterly20,2504,2021-05-21,2021-05-31,0.0348855085126711,2021,2021-03-31,learned_order_offset,20260911,0.36955139377152435,0.36955139377152435,0,1
rolling5_quarterly20,2509,2021-05-28,2021-06-07,-0.0062409741861724,2021,2021-03-31,learned_order_offset,20260911,0.23943821708777913,0.23943821708777913,0,0
rolling5_quarterly20,2514,2021-06-04,2021-06-15,-0.0125508761771767,2021,2021-03-31,learned_order_offset,20260911,0.4914583738910865,0.4914583738910865,0,0
rolling5_quarterly20,2519,2021-06-11,2021-06-21,-0.0250011497424577,2021,2021-03-31,learned_order_offset,20260911,0.3363248039620797,0.3363248039620797,0,0
rolling5_quarterly20,2523,2021-06-18,2021-06-28,0.0325308711127356,2021,2021-03-31,learned_order_offset,20260911,0.2132488965477232,0.2132488965477232,0,1
rolling5_quarterly20,2528,2021-06-25,2021-07-05,-0.0342297962734196,2021,2021-03-31,learned_order_offset,20260911,0.5324772516235396,0.5324772516235396,1,0
rolling5_quarterly20,2473,2021-04-02,2021-04-12,-0.0292856811827044,2021,2021-03-31,native_mse,20260911,-0.010051018062618274,,0,0
rolling5_quarterly20,2477,2021-04-09,2021-04-19,-0.0120489836840408,2021,2021-03-31,native_mse,20260911,-0.013793043222159134,,0,0
rolling5_quarterly20,2482,2021-04-16,2021-04-26,0.0382932540809155,2021,2021-03-31,native_mse,20260911,0.006327026667995858,,1,1
rolling5_quarterly20,2487,2021-04-23,2021-05-06,-0.0112070185917437,2021,2021-03-31,native_mse,20260911,0.0019807386719184043,,1,0
rolling5_quarterly20,2492,2021-04-30,2021-05-12,-0.0190946889464188,2021,2021-03-31,native_mse,20260911,-0.001077138784301497,,0,0
rolling5_quarterly20,2494,2021-05-07,2021-05-17,0.0227674429764228,2021,2021-03-31,native_mse,20260911,-0.001655070304304401,,0,1
rolling5_quarterly20,2499,2021-05-14,2021-05-24,0.0045940519733895,2021,2021-03-31,native_mse,20260911,-0.0005959028501427684,,0,1
rolling5_quarterly20,2504,2021-05-21,2021-05-31,0.0348855085126711,2021,2021-03-31,native_mse,20260911,-0.0019919928115775657,,0,1
rolling5_quarterly20,2509,2021-05-28,2021-06-07,-0.0062409741861724,2021,2021-03-31,native_mse,20260911,-0.0026246727435406216,,0,0
rolling5_quarterly20,2514,2021-06-04,2021-06-15,-0.0125508761771767,2021,2021-03-31,native_mse,20260911,0.0060933159615284525,,1,0
rolling5_quarterly20,2519,2021-06-11,2021-06-21,-0.0250011497424577,2021,2021-03-31,native_mse,20260911,-0.0014833836818926383,,0,0
rolling5_quarterly20,2523,2021-06-18,2021-06-28,0.0325308711127356,2021,2021-03-31,native_mse,20260911,-0.006345080657019862,,0,1
rolling5_quarterly20,2528,2021-06-25,2021-07-05,-0.0342297962734196,2021,2021-03-31,native_mse,20260911,0.0064044427938680926,,1,0
rolling5_quarterly20,2473,2021-04-02,2021-04-12,-0.0292856811827044,2021,2021-03-31,learned_market,20260912,0.6125827836835842,0.6125827836835842,1,0
rolling5_quarterly20,2477,2021-04-09,2021-04-19,-0.0120489836840408,2021,2021-03-31,learned_market,20260912,0.6233782305486041,0.6233782305486041,1,0
rolling5_quarterly20,2482,2021-04-16,2021-04-26,0.0382932540809155,2021,2021-03-31,learned_market,20260912,0.6309430538514893,0.6309430538514893,1,1
rolling5_quarterly20,2487,2021-04-23,2021-05-06,-0.0112070185917437,2021,2021-03-31,learned_market,20260912,0.6807656565333642,0.6807656565333642,1,0
rolling5_quarterly20,2492,2021-04-30,2021-05-12,-0.0190946889464188,2021,2021-03-31,learned_market,20260912,0.594775228909742,0.594775228909742,1,0
rolling5_quarterly20,2494,2021-05-07,2021-05-17,0.0227674429764228,2021,2021-03-31,learned_market,20260912,0.6033959640748205,0.6033959640748205,1,1
rolling5_quarterly20,2499,2021-05-14,2021-05-24,0.0045940519733895,2021,2021-03-31,learned_market,20260912,0.521156236635147,0.521156236635147,1,1
rolling5_quarterly20,2504,2021-05-21,2021-05-31,0.0348855085126711,2021,2021-03-31,learned_market,20260912,0.6361884490634858,0.6361884490634858,1,1
rolling5_quarterly20,2509,2021-05-28,2021-06-07,-0.0062409741861724,2021,2021-03-31,learned_market,20260912,0.2675431350251451,0.2675431350251451,0,0
rolling5_quarterly20,2514,2021-06-04,2021-06-15,-0.0125508761771767,2021,2021-03-31,learned_market,20260912,0.32708293502208863,0.32708293502208863,0,0
rolling5_quarterly20,2519,2021-06-11,2021-06-21,-0.0250011497424577,2021,2021-03-31,learned_market,20260912,0.47701566074269086,0.47701566074269086,0,0
rolling5_quarterly20,2523,2021-06-18,2021-06-28,0.0325308711127356,2021,2021-03-31,learned_market,20260912,0.5207659054289886,0.5207659054289886,1,1
rolling5_quarterly20,2528,2021-06-25,2021-07-05,-0.0342297962734196,2021,2021-03-31,learned_market,20260912,0.3271908426498382,0.3271908426498382,0,0
rolling5_quarterly20,2473,2021-04-02,2021-04-12,-0.0292856811827044,2021,2021-03-31,learned_vol_interaction,20260912,0.6101951094927482,0.6101951094927482,1,0
rolling5_quarterly20,2477,2021-04-09,2021-04-19,-0.0120489836840408,2021,2021-03-31,learned_vol_interaction,20260912,0.6179123217833538,0.6179123217833538,1,0
rolling5_quarterly20,2482,2021-04-16,2021-04-26,0.0382932540809155,2021,2021-03-31,learned_vol_interaction,20260912,0.6306993927077905,0.6306993927077905,1,1
rolling5_quarterly20,2487,2021-04-23,2021-05-06,-0.0112070185917437,2021,2021-03-31,learned_vol_interaction,20260912,0.6790016304730004,0.6790016304730004,1,0
rolling5_quarterly20,2492,2021-04-30,2021-05-12,-0.0190946889464188,2021,2021-03-31,learned_vol_interaction,20260912,0.6005927344142381,0.6005927344142381,1,0
rolling5_quarterly20,2494,2021-05-07,2021-05-17,0.0227674429764228,2021,2021-03-31,learned_vol_interaction,20260912,0.6094991688505578,0.6094991688505578,1,1
rolling5_quarterly20,2499,2021-05-14,2021-05-24,0.0045940519733895,2021,2021-03-31,learned_vol_interaction,20260912,0.5287938426474235,0.5287938426474235,1,1
rolling5_quarterly20,2504,2021-05-21,2021-05-31,0.0348855085126711,2021,2021-03-31,learned_vol_interaction,20260912,0.6432275630580383,0.6432275630580383,1,1
rolling5_quarterly20,2509,2021-05-28,2021-06-07,-0.0062409741861724,2021,2021-03-31,learned_vol_interaction,20260912,0.26581838413786707,0.26581838413786707,0,0
rolling5_quarterly20,2514,2021-06-04,2021-06-15,-0.0125508761771767,2021,2021-03-31,learned_vol_interaction,20260912,0.3297034694888792,0.3297034694888792,0,0
rolling5_quarterly20,2519,2021-06-11,2021-06-21,-0.0250011497424577,2021,2021-03-31,learned_vol_interaction,20260912,0.48520583106062143,0.48520583106062143,0,0
rolling5_quarterly20,2523,2021-06-18,2021-06-28,0.0325308711127356,2021,2021-03-31,learned_vol_interaction,20260912,0.5282938929682901,0.5282938929682901,1,1
rolling5_quarterly20,2528,2021-06-25,2021-07-05,-0.0342297962734196,2021,2021-03-31,learned_vol_interaction,20260912,0.3423570035548134,0.3423570035548134,0,0
rolling5_quarterly20,2473,2021-04-02,2021-04-12,-0.0292856811827044,2021,2021-03-31,learned_order_extension,20260912,0.6084254773666068,0.6084254773666068,1,0
rolling5_quarterly20,2477,2021-04-09,2021-04-19,-0.0120489836840408,2021,2021-03-31,learned_order_extension,20260912,0.6296086296590327,0.6296086296590327,1,0
rolling5_quarterly20,2482,2021-04-16,2021-04-26,0.0382932540809155,2021,2021-03-31,learned_order_extension,20260912,0.6121375255861762,0.6121375255861762,1,1
rolling5_quarterly20,2487,2021-04-23,2021-05-06,-0.0112070185917437,2021,2021-03-31,learned_order_extension,20260912,0.6965777621683392,0.6965777621683392,1,0
rolling5_quarterly20,2492,2021-04-30,2021-05-12,-0.0190946889464188,2021,2021-03-31,learned_order_extension,20260912,0.5776873866349191,0.5776873866349191,1,0
rolling5_quarterly20,2494,2021-05-07,2021-05-17,0.0227674429764228,2021,2021-03-31,learned_order_extension,20260912,0.5941415161293595,0.5941415161293595,1,1
rolling5_quarterly20,2499,2021-05-14,2021-05-24,0.0045940519733895,2021,2021-03-31,learned_order_extension,20260912,0.440668780815776,0.440668780815776,0,1
rolling5_quarterly20,2504,2021-05-21,2021-05-31,0.0348855085126711,2021,2021-03-31,learned_order_extension,20260912,0.6675064147098697,0.6675064147098697,1,1
rolling5_quarterly20,2509,2021-05-28,2021-06-07,-0.0062409741861724,2021,2021-03-31,learned_order_extension,20260912,0.20935740873295364,0.20935740873295364,0,0
rolling5_quarterly20,2514,2021-06-04,2021-06-15,-0.0125508761771767,2021,2021-03-31,learned_order_extension,20260912,0.25735816236166287,0.25735816236166287,0,0
rolling5_quarterly20,2519,2021-06-11,2021-06-21,-0.0250011497424577,2021,2021-03-31,learned_order_extension,20260912,0.45791278849577616,0.45791278849577616,0,0
rolling5_quarterly20,2523,2021-06-18,2021-06-28,0.0325308711127356,2021,2021-03-31,learned_order_extension,20260912,0.522544230465608,0.522544230465608,1,1
rolling5_quarterly20,2528,2021-06-25,2021-07-05,-0.0342297962734196,2021,2021-03-31,learned_order_extension,20260912,0.2862608293631477,0.2862608293631477,0,0
rolling5_quarterly20,2473,2021-04-02,2021-04-12,-0.0292856811827044,2021,2021-03-31,learned_order_offset,20260912,0.606703080338726,0.606703080338726,1,0
rolling5_quarterly20,2477,2021-04-09,2021-04-19,-0.0120489836840408,2021,2021-03-31,learned_order_offset,20260912,0.6279520891590116,0.6279520891590116,1,0
rolling5_quarterly20,2482,2021-04-16,2021-04-26,0.0382932540809155,2021,2021-03-31,learned_order_offset,20260912,0.611139820961153,0.611139820961153,1,1
rolling5_quarterly20,2487,2021-04-23,2021-05-06,-0.0112070185917437,2021,2021-03-31,learned_order_offset,20260912,0.693157226152968,0.693157226152968,1,0
rolling5_quarterly20,2492,2021-04-30,2021-05-12,-0.0190946889464188,2021,2021-03-31,learned_order_offset,20260912,0.5736689371465556,0.5736689371465556,1,0
rolling5_quarterly20,2494,2021-05-07,2021-05-17,0.0227674429764228,2021,2021-03-31,learned_order_offset,20260912,0.5905908046147036,0.5905908046147036,1,1
rolling5_quarterly20,2499,2021-05-14,2021-05-24,0.0045940519733895,2021,2021-03-31,learned_order_offset,20260912,0.43986879352711106,0.43986879352711106,0,1
rolling5_quarterly20,2504,2021-05-21,2021-05-31,0.0348855085126711,2021,2021-03-31,learned_order_offset,20260912,0.6658648538351057,0.6658648538351057,1,1
rolling5_quarterly20,2509,2021-05-28,2021-06-07,-0.0062409741861724,2021,2021-03-31,learned_order_offset,20260912,0.2106953738054843,0.2106953738054843,0,0
rolling5_quarterly20,2514,2021-06-04,2021-06-15,-0.0125508761771767,2021,2021-03-31,learned_order_offset,20260912,0.2593662173574779,0.2593662173574779,0,0
rolling5_quarterly20,2519,2021-06-11,2021-06-21,-0.0250011497424577,2021,2021-03-31,learned_order_offset,20260912,0.46023447246704907,0.46023447246704907,0,0
rolling5_quarterly20,2523,2021-06-18,2021-06-28,0.0325308711127356,2021,2021-03-31,learned_order_offset,20260912,0.523716297448659,0.523716297448659,1,1
rolling5_quarterly20,2528,2021-06-25,2021-07-05,-0.0342297962734196,2021,2021-03-31,learned_order_offset,20260912,0.28838863379125285,0.28838863379125285,0,0
rolling5_quarterly20,2473,2021-04-02,2021-04-12,-0.0292856811827044,2021,2021-03-31,native_mse,20260912,0.00034221748392208027,,1,0
rolling5_quarterly20,2477,2021-04-09,2021-04-19,-0.0120489836840408,2021,2021-03-31,native_mse,20260912,-0.0010066054660574008,,0,0
rolling5_quarterly20,2482,2021-04-16,2021-04-26,0.0382932540809155,2021,2021-03-31,native_mse,20260912,-0.0024780562901787445,,0,1
rolling5_quarterly20,2487,2021-04-23,2021-05-06,-0.0112070185917437,2021,2021-03-31,native_mse,20260912,0.0022298640543692446,,1,0
rolling5_quarterly20,2492,2021-04-30,2021-05-12,-0.0190946889464188,2021,2021-03-31,native_mse,20260912,-0.002940297308177278,,0,0
rolling5_quarterly20,2494,2021-05-07,2021-05-17,0.0227674429764228,2021,2021-03-31,native_mse,20260912,-0.003065824376582846,,0,1
rolling5_quarterly20,2499,2021-05-14,2021-05-24,0.0045940519733895,2021,2021-03-31,native_mse,20260912,-0.005063676402254209,,0,1
rolling5_quarterly20,2504,2021-05-21,2021-05-31,0.0348855085126711,2021,2021-03-31,native_mse,20260912,-0.0022013604716049277,,0,1
rolling5_quarterly20,2509,2021-05-28,2021-06-07,-0.0062409741861724,2021,2021-03-31,native_mse,20260912,-0.009797018250665094,,0,0
rolling5_quarterly20,2514,2021-06-04,2021-06-15,-0.0125508761771767,2021,2021-03-31,native_mse,20260912,-0.006985548359103238,,0,0
rolling5_quarterly20,2519,2021-06-11,2021-06-21,-0.0250011497424577,2021,2021-03-31,native_mse,20260912,-0.0045570930305017625,,0,0
rolling5_quarterly20,2523,2021-06-18,2021-06-28,0.0325308711127356,2021,2021-03-31,native_mse,20260912,-0.003787628361399419,,0,1
rolling5_quarterly20,2528,2021-06-25,2021-07-05,-0.0342297962734196,2021,2021-03-31,native_mse,20260912,-0.006053712643971381,,0,0
rolling5_quarterly20,2533,2021-07-02,2021-07-12,0.0068193733271841,2021,2021-06-30,learned_market,20260910,0.5567585810423529,0.5567585810423529,1,1
rolling5_quarterly20,2538,2021-07-09,2021-07-19,-0.0048254045313779,2021,2021-06-30,learned_market,20260910,0.590274426713499,0.590274426713499,1,0
rolling5_quarterly20,2543,2021-07-16,2021-07-26,-0.0032299118953994,2021,2021-06-30,learned_market,20260910,0.5802107492571029,0.5802107492571029,1,0
rolling5_quarterly20,2548,2021-07-23,2021-08-02,-0.0537740931579083,2021,2021-06-30,learned_market,20260910,0.41299533654830406,0.41299533654830406,0,0
rolling5_quarterly20,2553,2021-07-30,2021-08-09,0.019904813945049,2021,2021-06-30,learned_market,20260910,0.47224943157810806,0.47224943157810806,0,1
rolling5_quarterly20,2558,2021-08-06,2021-08-16,0.0093369268709639,2021,2021-06-30,learned_market,20260910,0.4814364916559057,0.4814364916559057,0,1
rolling5_quarterly20,2563,2021-08-13,2021-08-23,-0.032048736608373,2021,2021-06-30,learned_market,20260910,0.715199905701126,0.715199905701126,1,0
rolling5_quarterly20,2568,2021-08-20,2021-08-30,0.0145047962107527,2021,2021-06-30,learned_market,20260910,0.7338940995120234,0.7338940995120234,1,1
rolling5_quarterly20,2573,2021-08-27,2021-09-06,-0.0012316820816045,2021,2021-06-30,learned_market,20260910,0.6587454738251534,0.6587454738251534,1,0
rolling5_quarterly20,2578,2021-09-03,2021-09-13,0.0342301066295398,2021,2021-06-30,learned_market,20260910,0.6840100519918928,0.6840100519918928,1,1
rolling5_quarterly20,2583,2021-09-10,2021-09-22,-0.0471441667981554,2021,2021-06-30,learned_market,20260910,0.6358800931310994,0.6358800931310994,1,0
rolling5_quarterly20,2588,2021-09-17,2021-09-28,0.0209863060789441,2021,2021-06-30,learned_market,20260910,0.5809787761408027,0.5809787761408027,1,1
rolling5_quarterly20,2591,2021-09-24,2021-10-11,0.0144615416200457,2021,2021-06-30,learned_market,20260910,0.6468770391676613,0.6468770391676613,1,1
rolling5_quarterly20,2533,2021-07-02,2021-07-12,0.0068193733271841,2021,2021-06-30,learned_vol_interaction,20260910,0.5615144266299691,0.5615144266299691,1,1
rolling5_quarterly20,2538,2021-07-09,2021-07-19,-0.0048254045313779,2021,2021-06-30,learned_vol_interaction,20260910,0.5940612605288133,0.5940612605288133,1,0
rolling5_quarterly20,2543,2021-07-16,2021-07-26,-0.0032299118953994,2021,2021-06-30,learned_vol_interaction,20260910,0.5737858788730857,0.5737858788730857,1,0
rolling5_quarterly20,2548,2021-07-23,2021-08-02,-0.0537740931579083,2021,2021-06-30,learned_vol_interaction,20260910,0.41879918920191245,0.41879918920191245,0,0
rolling5_quarterly20,2553,2021-07-30,2021-08-09,0.019904813945049,2021,2021-06-30,learned_vol_interaction,20260910,0.4807093955252361,0.4807093955252361,0,1
rolling5_quarterly20,2558,2021-08-06,2021-08-16,0.0093369268709639,2021,2021-06-30,learned_vol_interaction,20260910,0.4730186336226681,0.4730186336226681,0,1
rolling5_quarterly20,2563,2021-08-13,2021-08-23,-0.032048736608373,2021,2021-06-30,learned_vol_interaction,20260910,0.7548042898351573,0.7548042898351573,1,0
rolling5_quarterly20,2568,2021-08-20,2021-08-30,0.0145047962107527,2021,2021-06-30,learned_vol_interaction,20260910,0.7748215236410463,0.7748215236410463,1,1
rolling5_quarterly20,2573,2021-08-27,2021-09-06,-0.0012316820816045,2021,2021-06-30,learned_vol_interaction,20260910,0.6795534031815486,0.6795534031815486,1,0
rolling5_quarterly20,2578,2021-09-03,2021-09-13,0.0342301066295398,2021,2021-06-30,learned_vol_interaction,20260910,0.6941471382330614,0.6941471382330614,1,1
rolling5_quarterly20,2583,2021-09-10,2021-09-22,-0.0471441667981554,2021,2021-06-30,learned_vol_interaction,20260910,0.6365504379986996,0.6365504379986996,1,0
rolling5_quarterly20,2588,2021-09-17,2021-09-28,0.0209863060789441,2021,2021-06-30,learned_vol_interaction,20260910,0.5770593503069986,0.5770593503069986,1,1
rolling5_quarterly20,2591,2021-09-24,2021-10-11,0.0144615416200457,2021,2021-06-30,learned_vol_interaction,20260910,0.6455770260466096,0.6455770260466096,1,1
rolling5_quarterly20,2533,2021-07-02,2021-07-12,0.0068193733271841,2021,2021-06-30,learned_order_extension,20260910,0.5508809097636846,0.5508809097636846,1,1
rolling5_quarterly20,2538,2021-07-09,2021-07-19,-0.0048254045313779,2021,2021-06-30,learned_order_extension,20260910,0.612929305201781,0.612929305201781,1,0
rolling5_quarterly20,2543,2021-07-16,2021-07-26,-0.0032299118953994,2021,2021-06-30,learned_order_extension,20260910,0.6116564557612626,0.6116564557612626,1,0
rolling5_quarterly20,2548,2021-07-23,2021-08-02,-0.0537740931579083,2021,2021-06-30,learned_order_extension,20260910,0.38951619765437606,0.38951619765437606,0,0
rolling5_quarterly20,2553,2021-07-30,2021-08-09,0.019904813945049,2021,2021-06-30,learned_order_extension,20260910,0.47427603063489193,0.47427603063489193,0,1
rolling5_quarterly20,2558,2021-08-06,2021-08-16,0.0093369268709639,2021,2021-06-30,learned_order_extension,20260910,0.44497850966306446,0.44497850966306446,0,1
rolling5_quarterly20,2563,2021-08-13,2021-08-23,-0.032048736608373,2021,2021-06-30,learned_order_extension,20260910,0.7748598677123714,0.7748598677123714,1,0
rolling5_quarterly20,2568,2021-08-20,2021-08-30,0.0145047962107527,2021,2021-06-30,learned_order_extension,20260910,0.7827921223784564,0.7827921223784564,1,1
rolling5_quarterly20,2573,2021-08-27,2021-09-06,-0.0012316820816045,2021,2021-06-30,learned_order_extension,20260910,0.7142938002094076,0.7142938002094076,1,0
rolling5_quarterly20,2578,2021-09-03,2021-09-13,0.0342301066295398,2021,2021-06-30,learned_order_extension,20260910,0.7404646371060095,0.7404646371060095,1,1
rolling5_quarterly20,2583,2021-09-10,2021-09-22,-0.0471441667981554,2021,2021-06-30,learned_order_extension,20260910,0.6897817010736494,0.6897817010736494,1,0
rolling5_quarterly20,2588,2021-09-17,2021-09-28,0.0209863060789441,2021,2021-06-30,learned_order_extension,20260910,0.5802081380177766,0.5802081380177766,1,1
rolling5_quarterly20,2591,2021-09-24,2021-10-11,0.0144615416200457,2021,2021-06-30,learned_order_extension,20260910,0.6875402151250106,0.6875402151250106,1,1
rolling5_quarterly20,2533,2021-07-02,2021-07-12,0.0068193733271841,2021,2021-06-30,learned_order_offset,20260910,0.5468452975022327,0.5468452975022327,1,1
rolling5_quarterly20,2538,2021-07-09,2021-07-19,-0.0048254045313779,2021,2021-06-30,learned_order_offset,20260910,0.6096844230694186,0.6096844230694186,1,0
rolling5_quarterly20,2543,2021-07-16,2021-07-26,-0.0032299118953994,2021,2021-06-30,learned_order_offset,20260910,0.6085877777142517,0.6085877777142517,1,0
rolling5_quarterly20,2548,2021-07-23,2021-08-02,-0.0537740931579083,2021,2021-06-30,learned_order_offset,20260910,0.3897536391010893,0.3897536391010893,0,0
rolling5_quarterly20,2553,2021-07-30,2021-08-09,0.019904813945049,2021,2021-06-30,learned_order_offset,20260910,0.4785779512525902,0.4785779512525902,0,1
rolling5_quarterly20,2558,2021-08-06,2021-08-16,0.0093369268709639,2021,2021-06-30,learned_order_offset,20260910,0.447580673273844,0.447580673273844,0,1
rolling5_quarterly20,2563,2021-08-13,2021-08-23,-0.032048736608373,2021,2021-06-30,learned_order_offset,20260910,0.774021735444986,0.774021735444986,1,0
rolling5_quarterly20,2568,2021-08-20,2021-08-30,0.0145047962107527,2021,2021-06-30,learned_order_offset,20260910,0.7806243189594675,0.7806243189594675,1,1
rolling5_quarterly20,2573,2021-08-27,2021-09-06,-0.0012316820816045,2021,2021-06-30,learned_order_offset,20260910,0.7119844039262494,0.7119844039262494,1,0
rolling5_quarterly20,2578,2021-09-03,2021-09-13,0.0342301066295398,2021,2021-06-30,learned_order_offset,20260910,0.7380124456272092,0.7380124456272092,1,1
rolling5_quarterly20,2583,2021-09-10,2021-09-22,-0.0471441667981554,2021,2021-06-30,learned_order_offset,20260910,0.6870837596756905,0.6870837596756905,1,0
rolling5_quarterly20,2588,2021-09-17,2021-09-28,0.0209863060789441,2021,2021-06-30,learned_order_offset,20260910,0.5793862846052723,0.5793862846052723,1,1
rolling5_quarterly20,2591,2021-09-24,2021-10-11,0.0144615416200457,2021,2021-06-30,learned_order_offset,20260910,0.6828467546515218,0.6828467546515218,1,1
rolling5_quarterly20,2533,2021-07-02,2021-07-12,0.0068193733271841,2021,2021-06-30,native_mse,20260910,0.0026030907130309773,,1,1
rolling5_quarterly20,2538,2021-07-09,2021-07-19,-0.0048254045313779,2021,2021-06-30,native_mse,20260910,0.007151476005597042,,1,0
rolling5_quarterly20,2543,2021-07-16,2021-07-26,-0.0032299118953994,2021,2021-06-30,native_mse,20260910,0.005977909944746521,,1,0
rolling5_quarterly20,2548,2021-07-23,2021-08-02,-0.0537740931579083,2021,2021-06-30,native_mse,20260910,0.0019321125051174862,,1,0
rolling5_quarterly20,2553,2021-07-30,2021-08-09,0.019904813945049,2021,2021-06-30,native_mse,20260910,0.0018933749926028907,,1,1
rolling5_quarterly20,2558,2021-08-06,2021-08-16,0.0093369268709639,2021,2021-06-30,native_mse,20260910,5.7800565291542955e-05,,1,1
rolling5_quarterly20,2563,2021-08-13,2021-08-23,-0.032048736608373,2021,2021-06-30,native_mse,20260910,0.00981843508259709,,1,0
rolling5_quarterly20,2568,2021-08-20,2021-08-30,0.0145047962107527,2021,2021-06-30,native_mse,20260910,0.008991952614860257,,1,1
rolling5_quarterly20,2573,2021-08-27,2021-09-06,-0.0012316820816045,2021,2021-06-30,native_mse,20260910,0.006714570064115615,,1,0
rolling5_quarterly20,2578,2021-09-03,2021-09-13,0.0342301066295398,2021,2021-06-30,native_mse,20260910,0.008008266662470339,,1,1
rolling5_quarterly20,2583,2021-09-10,2021-09-22,-0.0471441667981554,2021,2021-06-30,native_mse,20260910,0.008581290176718053,,1,0
rolling5_quarterly20,2588,2021-09-17,2021-09-28,0.0209863060789441,2021,2021-06-30,native_mse,20260910,0.0036513631404097753,,1,1
rolling5_quarterly20,2591,2021-09-24,2021-10-11,0.0144615416200457,2021,2021-06-30,native_mse,20260910,0.007305910984890919,,1,1
rolling5_quarterly20,2533,2021-07-02,2021-07-12,0.0068193733271841,2021,2021-06-30,training_frequency,-1,0.5537190082644629,0.5537190082644629,1,1
rolling5_quarterly20,2538,2021-07-09,2021-07-19,-0.0048254045313779,2021,2021-06-30,training_frequency,-1,0.5537190082644629,0.5537190082644629,1,0
rolling5_quarterly20,2543,2021-07-16,2021-07-26,-0.0032299118953994,2021,2021-06-30,training_frequency,-1,0.5537190082644629,0.5537190082644629,1,0
rolling5_quarterly20,2548,2021-07-23,2021-08-02,-0.0537740931579083,2021,2021-06-30,training_frequency,-1,0.5537190082644629,0.5537190082644629,1,0
rolling5_quarterly20,2553,2021-07-30,2021-08-09,0.019904813945049,2021,2021-06-30,training_frequency,-1,0.5537190082644629,0.5537190082644629,1,1
rolling5_quarterly20,2558,2021-08-06,2021-08-16,0.0093369268709639,2021,2021-06-30,training_frequency,-1,0.5537190082644629,0.5537190082644629,1,1
rolling5_quarterly20,2563,2021-08-13,2021-08-23,-0.032048736608373,2021,2021-06-30,training_frequency,-1,0.5537190082644629,0.5537190082644629,1,0
rolling5_quarterly20,2568,2021-08-20,2021-08-30,0.0145047962107527,2021,2021-06-30,training_frequency,-1,0.5537190082644629,0.5537190082644629,1,1
rolling5_quarterly20,2573,2021-08-27,2021-09-06,-0.0012316820816045,2021,2021-06-30,training_frequency,-1,0.5537190082644629,0.5537190082644629,1,0
rolling5_quarterly20,2578,2021-09-03,2021-09-13,0.0342301066295398,2021,2021-06-30,training_frequency,-1,0.5537190082644629,0.5537190082644629,1,1
rolling5_quarterly20,2583,2021-09-10,2021-09-22,-0.0471441667981554,2021,2021-06-30,training_frequency,-1,0.5537190082644629,0.5537190082644629,1,0
rolling5_quarterly20,2588,2021-09-17,2021-09-28,0.0209863060789441,2021,2021-06-30,training_frequency,-1,0.5537190082644629,0.5537190082644629,1,1
rolling5_quarterly20,2591,2021-09-24,2021-10-11,0.0144615416200457,2021,2021-06-30,training_frequency,-1,0.5537190082644629,0.5537190082644629,1,1
rolling5_quarterly20,2533,2021-07-02,2021-07-12,0.0068193733271841,2021,2021-06-30,learned_market,20260911,0.5439411252062546,0.5439411252062546,1,1
rolling5_quarterly20,2538,2021-07-09,2021-07-19,-0.0048254045313779,2021,2021-06-30,learned_market,20260911,0.4095706640997586,0.4095706640997586,0,0
rolling5_quarterly20,2543,2021-07-16,2021-07-26,-0.0032299118953994,2021,2021-06-30,learned_market,20260911,0.3545692944830203,0.3545692944830203,0,0
rolling5_quarterly20,2548,2021-07-23,2021-08-02,-0.0537740931579083,2021,2021-06-30,learned_market,20260911,0.45317517392429346,0.45317517392429346,0,0
rolling5_quarterly20,2553,2021-07-30,2021-08-09,0.019904813945049,2021,2021-06-30,learned_market,20260911,0.4908686084125346,0.4908686084125346,0,1
rolling5_quarterly20,2558,2021-08-06,2021-08-16,0.0093369268709639,2021,2021-06-30,learned_market,20260911,0.5974866559619716,0.5974866559619716,1,1
rolling5_quarterly20,2563,2021-08-13,2021-08-23,-0.032048736608373,2021,2021-06-30,learned_market,20260911,0.4090126411143567,0.4090126411143567,0,0
rolling5_quarterly20,2568,2021-08-20,2021-08-30,0.0145047962107527,2021,2021-06-30,learned_market,20260911,0.5571102259533074,0.5571102259533074,1,1
rolling5_quarterly20,2573,2021-08-27,2021-09-06,-0.0012316820816045,2021,2021-06-30,learned_market,20260911,0.6785350648385048,0.6785350648385048,1,0
rolling5_quarterly20,2578,2021-09-03,2021-09-13,0.0342301066295398,2021,2021-06-30,learned_market,20260911,0.21761345176708174,0.21761345176708174,0,1
rolling5_quarterly20,2583,2021-09-10,2021-09-22,-0.0471441667981554,2021,2021-06-30,learned_market,20260911,0.6093781121460314,0.6093781121460314,1,0
rolling5_quarterly20,2588,2021-09-17,2021-09-28,0.0209863060789441,2021,2021-06-30,learned_market,20260911,0.7533985129421196,0.7533985129421196,1,1
rolling5_quarterly20,2591,2021-09-24,2021-10-11,0.0144615416200457,2021,2021-06-30,learned_market,20260911,0.45962541485422703,0.45962541485422703,0,1
rolling5_quarterly20,2533,2021-07-02,2021-07-12,0.0068193733271841,2021,2021-06-30,learned_vol_interaction,20260911,0.548050705679344,0.548050705679344,1,1
rolling5_quarterly20,2538,2021-07-09,2021-07-19,-0.0048254045313779,2021,2021-06-30,learned_vol_interaction,20260911,0.3995474645186755,0.3995474645186755,0,0
rolling5_quarterly20,2543,2021-07-16,2021-07-26,-0.0032299118953994,2021,2021-06-30,learned_vol_interaction,20260911,0.35828429670564316,0.35828429670564316,0,0
rolling5_quarterly20,2548,2021-07-23,2021-08-02,-0.0537740931579083,2021,2021-06-30,learned_vol_interaction,20260911,0.4676653896026453,0.4676653896026453,0,0
rolling5_quarterly20,2553,2021-07-30,2021-08-09,0.019904813945049,2021,2021-06-30,learned_vol_interaction,20260911,0.5092089549089754,0.5092089549089754,1,1
rolling5_quarterly20,2558,2021-08-06,2021-08-16,0.0093369268709639,2021,2021-06-30,learned_vol_interaction,20260911,0.5887168203461687,0.5887168203461687,1,1
rolling5_quarterly20,2563,2021-08-13,2021-08-23,-0.032048736608373,2021,2021-06-30,learned_vol_interaction,20260911,0.4372222359838616,0.4372222359838616,0,0
rolling5_quarterly20,2568,2021-08-20,2021-08-30,0.0145047962107527,2021,2021-06-30,learned_vol_interaction,20260911,0.5712975789491527,0.5712975789491527,1,1
rolling5_quarterly20,2573,2021-08-27,2021-09-06,-0.0012316820816045,2021,2021-06-30,learned_vol_interaction,20260911,0.6840629554868645,0.6840629554868645,1,0
rolling5_quarterly20,2578,2021-09-03,2021-09-13,0.0342301066295398,2021,2021-06-30,learned_vol_interaction,20260911,0.2285808557635192,0.2285808557635192,0,1
rolling5_quarterly20,2583,2021-09-10,2021-09-22,-0.0471441667981554,2021,2021-06-30,learned_vol_interaction,20260911,0.5944060964308967,0.5944060964308967,1,0
rolling5_quarterly20,2588,2021-09-17,2021-09-28,0.0209863060789441,2021,2021-06-30,learned_vol_interaction,20260911,0.7553662731697404,0.7553662731697404,1,1
rolling5_quarterly20,2591,2021-09-24,2021-10-11,0.0144615416200457,2021,2021-06-30,learned_vol_interaction,20260911,0.44472688699264556,0.44472688699264556,0,1
rolling5_quarterly20,2533,2021-07-02,2021-07-12,0.0068193733271841,2021,2021-06-30,learned_order_extension,20260911,0.5469446172807801,0.5469446172807801,1,1
rolling5_quarterly20,2538,2021-07-09,2021-07-19,-0.0048254045313779,2021,2021-06-30,learned_order_extension,20260911,0.3550238966694777,0.3550238966694777,0,0
rolling5_quarterly20,2543,2021-07-16,2021-07-26,-0.0032299118953994,2021,2021-06-30,learned_order_extension,20260911,0.27979532184121825,0.27979532184121825,0,0
rolling5_quarterly20,2548,2021-07-23,2021-08-02,-0.0537740931579083,2021,2021-06-30,learned_order_extension,20260911,0.41902592869445576,0.41902592869445576,0,0
rolling5_quarterly20,2553,2021-07-30,2021-08-09,0.019904813945049,2021,2021-06-30,learned_order_extension,20260911,0.4476990676003008,0.4476990676003008,0,1
rolling5_quarterly20,2558,2021-08-06,2021-08-16,0.0093369268709639,2021,2021-06-30,learned_order_extension,20260911,0.5723373271678699,0.5723373271678699,1,1
rolling5_quarterly20,2563,2021-08-13,2021-08-23,-0.032048736608373,2021,2021-06-30,learned_order_extension,20260911,0.38928805175593867,0.38928805175593867,0,0
rolling5_quarterly20,2568,2021-08-20,2021-08-30,0.0145047962107527,2021,2021-06-30,learned_order_extension,20260911,0.5403634893067286,0.5403634893067286,1,1
rolling5_quarterly20,2573,2021-08-27,2021-09-06,-0.0012316820816045,2021,2021-06-30,learned_order_extension,20260911,0.6817291471783891,0.6817291471783891,1,0
rolling5_quarterly20,2578,2021-09-03,2021-09-13,0.0342301066295398,2021,2021-06-30,learned_order_extension,20260911,0.1740440131472281,0.1740440131472281,0,1
rolling5_quarterly20,2583,2021-09-10,2021-09-22,-0.0471441667981554,2021,2021-06-30,learned_order_extension,20260911,0.612111651925709,0.612111651925709,1,0
rolling5_quarterly20,2588,2021-09-17,2021-09-28,0.0209863060789441,2021,2021-06-30,learned_order_extension,20260911,0.8026703700897128,0.8026703700897128,1,1
rolling5_quarterly20,2591,2021-09-24,2021-10-11,0.0144615416200457,2021,2021-06-30,learned_order_extension,20260911,0.38853464793818604,0.38853464793818604,0,1
rolling5_quarterly20,2533,2021-07-02,2021-07-12,0.0068193733271841,2021,2021-06-30,learned_order_offset,20260911,0.5498836400515642,0.5498836400515642,1,1
rolling5_quarterly20,2538,2021-07-09,2021-07-19,-0.0048254045313779,2021,2021-06-30,learned_order_offset,20260911,0.357311117531807,0.357311117531807,0,0
rolling5_quarterly20,2543,2021-07-16,2021-07-26,-0.0032299118953994,2021,2021-06-30,learned_order_offset,20260911,0.2818384004089196,0.2818384004089196,0,0
rolling5_quarterly20,2548,2021-07-23,2021-08-02,-0.0537740931579083,2021,2021-06-30,learned_order_offset,20260911,0.41633403006478364,0.41633403006478364,0,0
rolling5_quarterly20,2553,2021-07-30,2021-08-09,0.019904813945049,2021,2021-06-30,learned_order_offset,20260911,0.44199572361686346,0.44199572361686346,0,1
rolling5_quarterly20,2558,2021-08-06,2021-08-16,0.0093369268709639,2021,2021-06-30,learned_order_offset,20260911,0.5694774396699621,0.5694774396699621,1,1
rolling5_quarterly20,2563,2021-08-13,2021-08-23,-0.032048736608373,2021,2021-06-30,learned_order_offset,20260911,0.3874643146350053,0.3874643146350053,0,0
rolling5_quarterly20,2568,2021-08-20,2021-08-30,0.0145047962107527,2021,2021-06-30,learned_order_offset,20260911,0.5371609736404384,0.5371609736404384,1,1
rolling5_quarterly20,2573,2021-08-27,2021-09-06,-0.0012316820816045,2021,2021-06-30,learned_order_offset,20260911,0.6753036271377767,0.6753036271377767,1,0
rolling5_quarterly20,2578,2021-09-03,2021-09-13,0.0342301066295398,2021,2021-06-30,learned_order_offset,20260911,0.17350294981563824,0.17350294981563824,0,1
rolling5_quarterly20,2583,2021-09-10,2021-09-22,-0.0471441667981554,2021,2021-06-30,learned_order_offset,20260911,0.6065386167995864,0.6065386167995864,1,0
rolling5_quarterly20,2588,2021-09-17,2021-09-28,0.0209863060789441,2021,2021-06-30,learned_order_offset,20260911,0.7968894332540242,0.7968894332540242,1,1
rolling5_quarterly20,2591,2021-09-24,2021-10-11,0.0144615416200457,2021,2021-06-30,learned_order_offset,20260911,0.39016457273811794,0.39016457273811794,0,1
rolling5_quarterly20,2533,2021-07-02,2021-07-12,0.0068193733271841,2021,2021-06-30,native_mse,20260911,-0.00186573505158145,,0,1
rolling5_quarterly20,2538,2021-07-09,2021-07-19,-0.0048254045313779,2021,2021-06-30,native_mse,20260911,-0.00434853203448061,,0,0
rolling5_quarterly20,2543,2021-07-16,2021-07-26,-0.0032299118953994,2021,2021-06-30,native_mse,20260911,-0.005756434236828355,,0,0
rolling5_quarterly20,2548,2021-07-23,2021-08-02,-0.0537740931579083,2021,2021-06-30,native_mse,20260911,-0.0024538478716219863,,0,0
rolling5_quarterly20,2553,2021-07-30,2021-08-09,0.019904813945049,2021,2021-06-30,native_mse,20260911,0.001882912718931369,,1,1
rolling5_quarterly20,2558,2021-08-06,2021-08-16,0.0093369268709639,2021,2021-06-30,native_mse,20260911,0.0038273122449029207,,1,1
rolling5_quarterly20,2563,2021-08-13,2021-08-23,-0.032048736608373,2021,2021-06-30,native_mse,20260911,-0.008190623036046852,,0,0
rolling5_quarterly20,2568,2021-08-20,2021-08-30,0.0145047962107527,2021,2021-06-30,native_mse,20260911,0.0024685329933029562,,1,1
rolling5_quarterly20,2573,2021-08-27,2021-09-06,-0.0012316820816045,2021,2021-06-30,native_mse,20260911,0.011728682724098561,,1,0
rolling5_quarterly20,2578,2021-09-03,2021-09-13,0.0342301066295398,2021,2021-06-30,native_mse,20260911,-0.007988656176603801,,0,1
rolling5_quarterly20,2583,2021-09-10,2021-09-22,-0.0471441667981554,2021,2021-06-30,native_mse,20260911,0.00876112559541114,,1,0
rolling5_quarterly20,2588,2021-09-17,2021-09-28,0.0209863060789441,2021,2021-06-30,native_mse,20260911,0.016509512060184688,,1,1
rolling5_quarterly20,2591,2021-09-24,2021-10-11,0.0144615416200457,2021,2021-06-30,native_mse,20260911,-0.005608108434125727,,0,1
rolling5_quarterly20,2533,2021-07-02,2021-07-12,0.0068193733271841,2021,2021-06-30,learned_market,20260912,0.5282746576508737,0.5282746576508737,1,1
rolling5_quarterly20,2538,2021-07-09,2021-07-19,-0.0048254045313779,2021,2021-06-30,learned_market,20260912,0.412952299242382,0.412952299242382,0,0
rolling5_quarterly20,2543,2021-07-16,2021-07-26,-0.0032299118953994,2021,2021-06-30,learned_market,20260912,0.48277026060069766,0.48277026060069766,0,0
rolling5_quarterly20,2548,2021-07-23,2021-08-02,-0.0537740931579083,2021,2021-06-30,learned_market,20260912,0.508199650051976,0.508199650051976,1,0
rolling5_quarterly20,2553,2021-07-30,2021-08-09,0.019904813945049,2021,2021-06-30,learned_market,20260912,0.6070040637882298,0.6070040637882298,1,1
rolling5_quarterly20,2558,2021-08-06,2021-08-16,0.0093369268709639,2021,2021-06-30,learned_market,20260912,0.7383927475865234,0.7383927475865234,1,1
rolling5_quarterly20,2563,2021-08-13,2021-08-23,-0.032048736608373,2021,2021-06-30,learned_market,20260912,0.6795373750693372,0.6795373750693372,1,0
rolling5_quarterly20,2568,2021-08-20,2021-08-30,0.0145047962107527,2021,2021-06-30,learned_market,20260912,0.6303315853564857,0.6303315853564857,1,1
rolling5_quarterly20,2573,2021-08-27,2021-09-06,-0.0012316820816045,2021,2021-06-30,learned_market,20260912,0.7397111343276157,0.7397111343276157,1,0
rolling5_quarterly20,2578,2021-09-03,2021-09-13,0.0342301066295398,2021,2021-06-30,learned_market,20260912,0.6054359794152202,0.6054359794152202,1,1
rolling5_quarterly20,2583,2021-09-10,2021-09-22,-0.0471441667981554,2021,2021-06-30,learned_market,20260912,0.43341647525431937,0.43341647525431937,0,0
rolling5_quarterly20,2588,2021-09-17,2021-09-28,0.0209863060789441,2021,2021-06-30,learned_market,20260912,0.5349449037592907,0.5349449037592907,1,1
rolling5_quarterly20,2591,2021-09-24,2021-10-11,0.0144615416200457,2021,2021-06-30,learned_market,20260912,0.5216968016477128,0.5216968016477128,1,1
rolling5_quarterly20,2533,2021-07-02,2021-07-12,0.0068193733271841,2021,2021-06-30,learned_vol_interaction,20260912,0.5297552192650874,0.5297552192650874,1,1
rolling5_quarterly20,2538,2021-07-09,2021-07-19,-0.0048254045313779,2021,2021-06-30,learned_vol_interaction,20260912,0.4145165493018493,0.4145165493018493,0,0
rolling5_quarterly20,2543,2021-07-16,2021-07-26,-0.0032299118953994,2021,2021-06-30,learned_vol_interaction,20260912,0.4829969295930266,0.4829969295930266,0,0
rolling5_quarterly20,2548,2021-07-23,2021-08-02,-0.0537740931579083,2021,2021-06-30,learned_vol_interaction,20260912,0.5150386079696837,0.5150386079696837,1,0
rolling5_quarterly20,2553,2021-07-30,2021-08-09,0.019904813945049,2021,2021-06-30,learned_vol_interaction,20260912,0.6152468350241691,0.6152468350241691,1,1
rolling5_quarterly20,2558,2021-08-06,2021-08-16,0.0093369268709639,2021,2021-06-30,learned_vol_interaction,20260912,0.7536316092478886,0.7536316092478886,1,1
rolling5_quarterly20,2563,2021-08-13,2021-08-23,-0.032048736608373,2021,2021-06-30,learned_vol_interaction,20260912,0.6906672242210196,0.6906672242210196,1,0
rolling5_quarterly20,2568,2021-08-20,2021-08-30,0.0145047962107527,2021,2021-06-30,learned_vol_interaction,20260912,0.6373893481561094,0.6373893481561094,1,1
rolling5_quarterly20,2573,2021-08-27,2021-09-06,-0.0012316820816045,2021,2021-06-30,learned_vol_interaction,20260912,0.7480592142579664,0.7480592142579664,1,0
rolling5_quarterly20,2578,2021-09-03,2021-09-13,0.0342301066295398,2021,2021-06-30,learned_vol_interaction,20260912,0.6105794658880195,0.6105794658880195,1,1
rolling5_quarterly20,2583,2021-09-10,2021-09-22,-0.0471441667981554,2021,2021-06-30,learned_vol_interaction,20260912,0.43242976662934773,0.43242976662934773,0,0
rolling5_quarterly20,2588,2021-09-17,2021-09-28,0.0209863060789441,2021,2021-06-30,learned_vol_interaction,20260912,0.5398013522662275,0.5398013522662275,1,1
rolling5_quarterly20,2591,2021-09-24,2021-10-11,0.0144615416200457,2021,2021-06-30,learned_vol_interaction,20260912,0.5231628953713682,0.5231628953713682,1,1
rolling5_quarterly20,2533,2021-07-02,2021-07-12,0.0068193733271841,2021,2021-06-30,learned_order_extension,20260912,0.5372073597490268,0.5372073597490268,1,1
rolling5_quarterly20,2538,2021-07-09,2021-07-19,-0.0048254045313779,2021,2021-06-30,learned_order_extension,20260912,0.31889285735901746,0.31889285735901746,0,0
rolling5_quarterly20,2543,2021-07-16,2021-07-26,-0.0032299118953994,2021,2021-06-30,learned_order_extension,20260912,0.4264676450697272,0.4264676450697272,0,0
rolling5_quarterly20,2548,2021-07-23,2021-08-02,-0.0537740931579083,2021,2021-06-30,learned_order_extension,20260912,0.536528202219858,0.536528202219858,1,0
rolling5_quarterly20,2553,2021-07-30,2021-08-09,0.019904813945049,2021,2021-06-30,learned_order_extension,20260912,0.6733708059677496,0.6733708059677496,1,1
rolling5_quarterly20,2558,2021-08-06,2021-08-16,0.0093369268709639,2021,2021-06-30,learned_order_extension,20260912,0.8409430783000063,0.8409430783000063,1,1
rolling5_quarterly20,2563,2021-08-13,2021-08-23,-0.032048736608373,2021,2021-06-30,learned_order_extension,20260912,0.7342072817717988,0.7342072817717988,1,0
rolling5_quarterly20,2568,2021-08-20,2021-08-30,0.0145047962107527,2021,2021-06-30,learned_order_extension,20260912,0.6447704835126586,0.6447704835126586,1,1
rolling5_quarterly20,2573,2021-08-27,2021-09-06,-0.0012316820816045,2021,2021-06-30,learned_order_extension,20260912,0.8046421592266353,0.8046421592266353,1,0
rolling5_quarterly20,2578,2021-09-03,2021-09-13,0.0342301066295398,2021,2021-06-30,learned_order_extension,20260912,0.6249783457154123,0.6249783457154123,1,1
rolling5_quarterly20,2583,2021-09-10,2021-09-22,-0.0471441667981554,2021,2021-06-30,learned_order_extension,20260912,0.37692177896943135,0.37692177896943135,0,0
rolling5_quarterly20,2588,2021-09-17,2021-09-28,0.0209863060789441,2021,2021-06-30,learned_order_extension,20260912,0.5249211656851279,0.5249211656851279,1,1
rolling5_quarterly20,2591,2021-09-24,2021-10-11,0.0144615416200457,2021,2021-06-30,learned_order_extension,20260912,0.4665445253607357,0.4665445253607357,0,1
rolling5_quarterly20,2533,2021-07-02,2021-07-12,0.0068193733271841,2021,2021-06-30,learned_order_offset,20260912,0.5376631464721581,0.5376631464721581,1,1
rolling5_quarterly20,2538,2021-07-09,2021-07-19,-0.0048254045313779,2021,2021-06-30,learned_order_offset,20260912,0.3202831632835705,0.3202831632835705,0,0
rolling5_quarterly20,2543,2021-07-16,2021-07-26,-0.0032299118953994,2021,2021-06-30,learned_order_offset,20260912,0.4270233903886597,0.4270233903886597,0,0
rolling5_quarterly20,2548,2021-07-23,2021-08-02,-0.0537740931579083,2021,2021-06-30,learned_order_offset,20260912,0.5374475656864174,0.5374475656864174,1,0
rolling5_quarterly20,2553,2021-07-30,2021-08-09,0.019904813945049,2021,2021-06-30,learned_order_offset,20260912,0.6728022321003013,0.6728022321003013,1,1
rolling5_quarterly20,2558,2021-08-06,2021-08-16,0.0093369268709639,2021,2021-06-30,learned_order_offset,20260912,0.8397590553849191,0.8397590553849191,1,1
rolling5_quarterly20,2563,2021-08-13,2021-08-23,-0.032048736608373,2021,2021-06-30,learned_order_offset,20260912,0.7334546207363266,0.7334546207363266,1,0
rolling5_quarterly20,2568,2021-08-20,2021-08-30,0.0145047962107527,2021,2021-06-30,learned_order_offset,20260912,0.6440024105009282,0.6440024105009282,1,1
rolling5_quarterly20,2573,2021-08-27,2021-09-06,-0.0012316820816045,2021,2021-06-30,learned_order_offset,20260912,0.8037838759827708,0.8037838759827708,1,0
rolling5_quarterly20,2578,2021-09-03,2021-09-13,0.0342301066295398,2021,2021-06-30,learned_order_offset,20260912,0.622345972576459,0.622345972576459,1,1
rolling5_quarterly20,2583,2021-09-10,2021-09-22,-0.0471441667981554,2021,2021-06-30,learned_order_offset,20260912,0.37731854270107257,0.37731854270107257,0,0
rolling5_quarterly20,2588,2021-09-17,2021-09-28,0.0209863060789441,2021,2021-06-30,learned_order_offset,20260912,0.5254229242070672,0.5254229242070672,1,1
rolling5_quarterly20,2591,2021-09-24,2021-10-11,0.0144615416200457,2021,2021-06-30,learned_order_offset,20260912,0.4684432877481487,0.4684432877481487,0,1
rolling5_quarterly20,2533,2021-07-02,2021-07-12,0.0068193733271841,2021,2021-06-30,native_mse,20260912,0.0019275994101316907,,1,1
rolling5_quarterly20,2538,2021-07-09,2021-07-19,-0.0048254045313779,2021,2021-06-30,native_mse,20260912,0.0005900780137545127,,1,0
rolling5_quarterly20,2543,2021-07-16,2021-07-26,-0.0032299118953994,2021,2021-06-30,native_mse,20260912,0.0019410013226387164,,1,0
rolling5_quarterly20,2548,2021-07-23,2021-08-02,-0.0537740931579083,2021,2021-06-30,native_mse,20260912,0.001426636654554413,,1,0
rolling5_quarterly20,2553,2021-07-30,2021-08-09,0.019904813945049,2021,2021-06-30,native_mse,20260912,0.0033997313316196597,,1,1
rolling5_quarterly20,2558,2021-08-06,2021-08-16,0.0093369268709639,2021,2021-06-30,native_mse,20260912,0.004497641312310606,,1,1
rolling5_quarterly20,2563,2021-08-13,2021-08-23,-0.032048736608373,2021,2021-06-30,native_mse,20260912,0.0045809651440398705,,1,0
rolling5_quarterly20,2568,2021-08-20,2021-08-30,0.0145047962107527,2021,2021-06-30,native_mse,20260912,0.0034984397642321653,,1,1
rolling5_quarterly20,2573,2021-08-27,2021-09-06,-0.0012316820816045,2021,2021-06-30,native_mse,20260912,0.00483291877082534,,1,0
rolling5_quarterly20,2578,2021-09-03,2021-09-13,0.0342301066295398,2021,2021-06-30,native_mse,20260912,0.005028295194554805,,1,1
rolling5_quarterly20,2583,2021-09-10,2021-09-22,-0.0471441667981554,2021,2021-06-30,native_mse,20260912,0.002155068447597837,,1,0
rolling5_quarterly20,2588,2021-09-17,2021-09-28,0.0209863060789441,2021,2021-06-30,native_mse,20260912,0.0037576371810382385,,1,1
rolling5_quarterly20,2591,2021-09-24,2021-10-11,0.0144615416200457,2021,2021-06-30,native_mse,20260912,0.0031743595270600044,,1,1
rolling5_quarterly20,2596,2021-10-08,2021-10-18,-0.0038006269617851,2021,2021-09-30,learned_market,20260910,0.5527892690749976,0.5527892690749976,1,0
rolling5_quarterly20,2601,2021-10-15,2021-10-25,0.0037358989621147,2021,2021-09-30,learned_market,20260910,0.6215666435405626,0.6215666435405626,1,1
rolling5_quarterly20,2606,2021-10-22,2021-11-01,-0.0127041632091318,2021,2021-09-30,learned_market,20260910,0.571197832854175,0.571197832854175,1,0
rolling5_quarterly20,2611,2021-10-29,2021-11-08,-0.0075807737801166,2021,2021-09-30,learned_market,20260910,0.5941653327635315,0.5941653327635315,1,0
rolling5_quarterly20,2616,2021-11-05,2021-11-15,0.0110015182343039,2021,2021-09-30,learned_market,20260910,0.6835903802188961,0.6835903802188961,1,1
rolling5_quarterly20,2621,2021-11-12,2021-11-22,0.0002002284238551,2021,2021-09-30,learned_market,20260910,0.6974757844300383,0.6974757844300383,1,1
rolling5_quarterly20,2626,2021-11-19,2021-11-29,-0.0153981603100059,2021,2021-09-30,learned_market,20260910,0.6191043598009225,0.6191043598009225,1,0
rolling5_quarterly20,2631,2021-11-26,2021-12-06,0.0185518287306458,2021,2021-09-30,learned_market,20260910,0.5604411443924512,0.5604411443924512,1,1
rolling5_quarterly20,2636,2021-12-03,2021-12-13,0.0367843110096284,2021,2021-09-30,learned_market,20260910,0.6062606294960584,0.6062606294960584,1,1
rolling5_quarterly20,2641,2021-12-10,2021-12-20,-0.0304615698955996,2021,2021-09-30,learned_market,20260910,0.4889005413384067,0.4889005413384067,0,0
rolling5_quarterly20,2646,2021-12-17,2021-12-27,-0.0034083287233763,2021,2021-09-30,learned_market,20260910,0.7720877394102768,0.7720877394102768,1,0
rolling5_quarterly20,2651,2021-12-24,2022-01-04,0.0080985736506613,2021,2021-09-30,learned_market,20260910,0.7793567830465852,0.7793567830465852,1,1
rolling5_quarterly20,2656,2021-12-31,2022-01-10,-0.0293970528320001,2021,2021-09-30,learned_market,20260910,0.7443456019845733,0.7443456019845733,1,0
rolling5_quarterly20,2596,2021-10-08,2021-10-18,-0.0038006269617851,2021,2021-09-30,learned_vol_interaction,20260910,0.5523601255778632,0.5523601255778632,1,0
rolling5_quarterly20,2601,2021-10-15,2021-10-25,0.0037358989621147,2021,2021-09-30,learned_vol_interaction,20260910,0.6430894809668346,0.6430894809668346,1,1
rolling5_quarterly20,2606,2021-10-22,2021-11-01,-0.0127041632091318,2021,2021-09-30,learned_vol_interaction,20260910,0.5817940491138361,0.5817940491138361,1,0
rolling5_quarterly20,2611,2021-10-29,2021-11-08,-0.0075807737801166,2021,2021-09-30,learned_vol_interaction,20260910,0.6005599828153512,0.6005599828153512,1,0
rolling5_quarterly20,2616,2021-11-05,2021-11-15,0.0110015182343039,2021,2021-09-30,learned_vol_interaction,20260910,0.7112206997394926,0.7112206997394926,1,1
rolling5_quarterly20,2621,2021-11-12,2021-11-22,0.0002002284238551,2021,2021-09-30,learned_vol_interaction,20260910,0.7122705894111078,0.7122705894111078,1,1
rolling5_quarterly20,2626,2021-11-19,2021-11-29,-0.0153981603100059,2021,2021-09-30,learned_vol_interaction,20260910,0.6304432150505305,0.6304432150505305,1,0
rolling5_quarterly20,2631,2021-11-26,2021-12-06,0.0185518287306458,2021,2021-09-30,learned_vol_interaction,20260910,0.5639999693974609,0.5639999693974609,1,1
rolling5_quarterly20,2636,2021-12-03,2021-12-13,0.0367843110096284,2021,2021-09-30,learned_vol_interaction,20260910,0.6102429912458176,0.6102429912458176,1,1
rolling5_quarterly20,2641,2021-12-10,2021-12-20,-0.0304615698955996,2021,2021-09-30,learned_vol_interaction,20260910,0.4643066011172361,0.4643066011172361,0,0
rolling5_quarterly20,2646,2021-12-17,2021-12-27,-0.0034083287233763,2021,2021-09-30,learned_vol_interaction,20260910,0.7822912126629868,0.7822912126629868,1,0
rolling5_quarterly20,2651,2021-12-24,2022-01-04,0.0080985736506613,2021,2021-09-30,learned_vol_interaction,20260910,0.7872287495553403,0.7872287495553403,1,1
rolling5_quarterly20,2656,2021-12-31,2022-01-10,-0.0293970528320001,2021,2021-09-30,learned_vol_interaction,20260910,0.7402719914306648,0.7402719914306648,1,0
rolling5_quarterly20,2596,2021-10-08,2021-10-18,-0.0038006269617851,2021,2021-09-30,learned_order_extension,20260910,0.5667401070068748,0.5667401070068748,1,0
rolling5_quarterly20,2601,2021-10-15,2021-10-25,0.0037358989621147,2021,2021-09-30,learned_order_extension,20260910,0.6472994107955802,0.6472994107955802,1,1
rolling5_quarterly20,2606,2021-10-22,2021-11-01,-0.0127041632091318,2021,2021-09-30,learned_order_extension,20260910,0.5869789876199325,0.5869789876199325,1,0
rolling5_quarterly20,2611,2021-10-29,2021-11-08,-0.0075807737801166,2021,2021-09-30,learned_order_extension,20260910,0.6054573271048073,0.6054573271048073,1,0
rolling5_quarterly20,2616,2021-11-05,2021-11-15,0.0110015182343039,2021,2021-09-30,learned_order_extension,20260910,0.686503658965248,0.686503658965248,1,1
rolling5_quarterly20,2621,2021-11-12,2021-11-22,0.0002002284238551,2021,2021-09-30,learned_order_extension,20260910,0.666194366749508,0.666194366749508,1,1
rolling5_quarterly20,2626,2021-11-19,2021-11-29,-0.0153981603100059,2021,2021-09-30,learned_order_extension,20260910,0.6125250277114138,0.6125250277114138,1,0
rolling5_quarterly20,2631,2021-11-26,2021-12-06,0.0185518287306458,2021,2021-09-30,learned_order_extension,20260910,0.5600388617755991,0.5600388617755991,1,1
rolling5_quarterly20,2636,2021-12-03,2021-12-13,0.0367843110096284,2021,2021-09-30,learned_order_extension,20260910,0.5903075394756455,0.5903075394756455,1,1
rolling5_quarterly20,2641,2021-12-10,2021-12-20,-0.0304615698955996,2021,2021-09-30,learned_order_extension,20260910,0.454834167750246,0.454834167750246,0,0
rolling5_quarterly20,2646,2021-12-17,2021-12-27,-0.0034083287233763,2021,2021-09-30,learned_order_extension,20260910,0.7105979386552971,0.7105979386552971,1,0
rolling5_quarterly20,2651,2021-12-24,2022-01-04,0.0080985736506613,2021,2021-09-30,learned_order_extension,20260910,0.7553738810897244,0.7553738810897244,1,1
rolling5_quarterly20,2656,2021-12-31,2022-01-10,-0.0293970528320001,2021,2021-09-30,learned_order_extension,20260910,0.7037089814752173,0.7037089814752173,1,0
rolling5_quarterly20,2596,2021-10-08,2021-10-18,-0.0038006269617851,2021,2021-09-30,learned_order_offset,20260910,0.5677438660345278,0.5677438660345278,1,0
rolling5_quarterly20,2601,2021-10-15,2021-10-25,0.0037358989621147,2021,2021-09-30,learned_order_offset,20260910,0.6470133051402688,0.6470133051402688,1,1
rolling5_quarterly20,2606,2021-10-22,2021-11-01,-0.0127041632091318,2021,2021-09-30,learned_order_offset,20260910,0.5872704764556504,0.5872704764556504,1,0
rolling5_quarterly20,2611,2021-10-29,2021-11-08,-0.0075807737801166,2021,2021-09-30,learned_order_offset,20260910,0.6042130900589153,0.6042130900589153,1,0
rolling5_quarterly20,2616,2021-11-05,2021-11-15,0.0110015182343039,2021,2021-09-30,learned_order_offset,20260910,0.6862377609423215,0.6862377609423215,1,1
rolling5_quarterly20,2621,2021-11-12,2021-11-22,0.0002002284238551,2021,2021-09-30,learned_order_offset,20260910,0.6655665673670889,0.6655665673670889,1,1
rolling5_quarterly20,2626,2021-11-19,2021-11-29,-0.0153981603100059,2021,2021-09-30,learned_order_offset,20260910,0.6124991694834663,0.6124991694834663,1,0
rolling5_quarterly20,2631,2021-11-26,2021-12-06,0.0185518287306458,2021,2021-09-30,learned_order_offset,20260910,0.5598993395213535,0.5598993395213535,1,1
rolling5_quarterly20,2636,2021-12-03,2021-12-13,0.0367843110096284,2021,2021-09-30,learned_order_offset,20260910,0.5900536381913065,0.5900536381913065,1,1
rolling5_quarterly20,2641,2021-12-10,2021-12-20,-0.0304615698955996,2021,2021-09-30,learned_order_offset,20260910,0.455582801714737,0.455582801714737,0,0
rolling5_quarterly20,2646,2021-12-17,2021-12-27,-0.0034083287233763,2021,2021-09-30,learned_order_offset,20260910,0.709985887135481,0.709985887135481,1,0
rolling5_quarterly20,2651,2021-12-24,2022-01-04,0.0080985736506613,2021,2021-09-30,learned_order_offset,20260910,0.7550588140590017,0.7550588140590017,1,1
rolling5_quarterly20,2656,2021-12-31,2022-01-10,-0.0293970528320001,2021,2021-09-30,learned_order_offset,20260910,0.7037642175638061,0.7037642175638061,1,0
rolling5_quarterly20,2596,2021-10-08,2021-10-18,-0.0038006269617851,2021,2021-09-30,native_mse,20260910,-0.0006827918036724874,,0,0
rolling5_quarterly20,2601,2021-10-15,2021-10-25,0.0037358989621147,2021,2021-09-30,native_mse,20260910,-0.0005841717668237482,,0,1
rolling5_quarterly20,2606,2021-10-22,2021-11-01,-0.0127041632091318,2021,2021-09-30,native_mse,20260910,-0.0011884501097586472,,0,0
rolling5_quarterly20,2611,2021-10-29,2021-11-08,-0.0075807737801166,2021,2021-09-30,native_mse,20260910,-0.000398578721876259,,0,0
rolling5_quarterly20,2616,2021-11-05,2021-11-15,0.0110015182343039,2021,2021-09-30,native_mse,20260910,0.003595227262228986,,1,1
rolling5_quarterly20,2621,2021-11-12,2021-11-22,0.0002002284238551,2021,2021-09-30,native_mse,20260910,0.002562723226309486,,1,1
rolling5_quarterly20,2626,2021-11-19,2021-11-29,-0.0153981603100059,2021,2021-09-30,native_mse,20260910,0.002539111054865859,,1,0
rolling5_quarterly20,2631,2021-11-26,2021-12-06,0.0185518287306458,2021,2021-09-30,native_mse,20260910,-0.0024472554756539366,,0,1
rolling5_quarterly20,2636,2021-12-03,2021-12-13,0.0367843110096284,2021,2021-09-30,native_mse,20260910,0.0004582173216936172,,1,1
rolling5_quarterly20,2641,2021-12-10,2021-12-20,-0.0304615698955996,2021,2021-09-30,native_mse,20260910,-0.0006184505939552027,,0,0
rolling5_quarterly20,2646,2021-12-17,2021-12-27,-0.0034083287233763,2021,2021-09-30,native_mse,20260910,0.004665413196335302,,1,0
rolling5_quarterly20,2651,2021-12-24,2022-01-04,0.0080985736506613,2021,2021-09-30,native_mse,20260910,0.004516362260842577,,1,1
rolling5_quarterly20,2656,2021-12-31,2022-01-10,-0.0293970528320001,2021,2021-09-30,native_mse,20260910,0.004700191536147603,,1,0
rolling5_quarterly20,2596,2021-10-08,2021-10-18,-0.0038006269617851,2021,2021-09-30,training_frequency,-1,0.5512396694214876,0.5512396694214876,1,0
rolling5_quarterly20,2601,2021-10-15,2021-10-25,0.0037358989621147,2021,2021-09-30,training_frequency,-1,0.5512396694214876,0.5512396694214876,1,1
rolling5_quarterly20,2606,2021-10-22,2021-11-01,-0.0127041632091318,2021,2021-09-30,training_frequency,-1,0.5512396694214876,0.5512396694214876,1,0
rolling5_quarterly20,2611,2021-10-29,2021-11-08,-0.0075807737801166,2021,2021-09-30,training_frequency,-1,0.5512396694214876,0.5512396694214876,1,0
rolling5_quarterly20,2616,2021-11-05,2021-11-15,0.0110015182343039,2021,2021-09-30,training_frequency,-1,0.5512396694214876,0.5512396694214876,1,1
rolling5_quarterly20,2621,2021-11-12,2021-11-22,0.0002002284238551,2021,2021-09-30,training_frequency,-1,0.5512396694214876,0.5512396694214876,1,1
rolling5_quarterly20,2626,2021-11-19,2021-11-29,-0.0153981603100059,2021,2021-09-30,training_frequency,-1,0.5512396694214876,0.5512396694214876,1,0
rolling5_quarterly20,2631,2021-11-26,2021-12-06,0.0185518287306458,2021,2021-09-30,training_frequency,-1,0.5512396694214876,0.5512396694214876,1,1
rolling5_quarterly20,2636,2021-12-03,2021-12-13,0.0367843110096284,2021,2021-09-30,training_frequency,-1,0.5512396694214876,0.5512396694214876,1,1
rolling5_quarterly20,2641,2021-12-10,2021-12-20,-0.0304615698955996,2021,2021-09-30,training_frequency,-1,0.5512396694214876,0.5512396694214876,1,0
rolling5_quarterly20,2646,2021-12-17,2021-12-27,-0.0034083287233763,2021,2021-09-30,training_frequency,-1,0.5512396694214876,0.5512396694214876,1,0
rolling5_quarterly20,2651,2021-12-24,2022-01-04,0.0080985736506613,2021,2021-09-30,training_frequency,-1,0.5512396694214876,0.5512396694214876,1,1
rolling5_quarterly20,2656,2021-12-31,2022-01-10,-0.0293970528320001,2021,2021-09-30,training_frequency,-1,0.5512396694214876,0.5512396694214876,1,0
rolling5_quarterly20,2596,2021-10-08,2021-10-18,-0.0038006269617851,2021,2021-09-30,learned_market,20260911,0.6475308423668434,0.6475308423668434,1,0
rolling5_quarterly20,2601,2021-10-15,2021-10-25,0.0037358989621147,2021,2021-09-30,learned_market,20260911,0.3798477325792941,0.3798477325792941,0,1
rolling5_quarterly20,2606,2021-10-22,2021-11-01,-0.0127041632091318,2021,2021-09-30,learned_market,20260911,0.6806737605970341,0.6806737605970341,1,0
rolling5_quarterly20,2611,2021-10-29,2021-11-08,-0.0075807737801166,2021,2021-09-30,learned_market,20260911,0.6598817416440863,0.6598817416440863,1,0
rolling5_quarterly20,2616,2021-11-05,2021-11-15,0.0110015182343039,2021,2021-09-30,learned_market,20260911,0.8660078575425803,0.8660078575425803,1,1
rolling5_quarterly20,2621,2021-11-12,2021-11-22,0.0002002284238551,2021,2021-09-30,learned_market,20260911,0.6904442558671334,0.6904442558671334,1,1
rolling5_quarterly20,2626,2021-11-19,2021-11-29,-0.0153981603100059,2021,2021-09-30,learned_market,20260911,0.7070564056557318,0.7070564056557318,1,0
rolling5_quarterly20,2631,2021-11-26,2021-12-06,0.0185518287306458,2021,2021-09-30,learned_market,20260911,0.5971347061559532,0.5971347061559532,1,1
rolling5_quarterly20,2636,2021-12-03,2021-12-13,0.0367843110096284,2021,2021-09-30,learned_market,20260911,0.6939098513963804,0.6939098513963804,1,1
rolling5_quarterly20,2641,2021-12-10,2021-12-20,-0.0304615698955996,2021,2021-09-30,learned_market,20260911,0.588838733985568,0.588838733985568,1,0
rolling5_quarterly20,2646,2021-12-17,2021-12-27,-0.0034083287233763,2021,2021-09-30,learned_market,20260911,0.8614815768024312,0.8614815768024312,1,0
rolling5_quarterly20,2651,2021-12-24,2022-01-04,0.0080985736506613,2021,2021-09-30,learned_market,20260911,0.57762149367626,0.57762149367626,1,1
rolling5_quarterly20,2656,2021-12-31,2022-01-10,-0.0293970528320001,2021,2021-09-30,learned_market,20260911,0.7619523222828112,0.7619523222828112,1,0
rolling5_quarterly20,2596,2021-10-08,2021-10-18,-0.0038006269617851,2021,2021-09-30,learned_vol_interaction,20260911,0.6443756963300961,0.6443756963300961,1,0
rolling5_quarterly20,2601,2021-10-15,2021-10-25,0.0037358989621147,2021,2021-09-30,learned_vol_interaction,20260911,0.4069687327811715,0.4069687327811715,0,1
rolling5_quarterly20,2606,2021-10-22,2021-11-01,-0.0127041632091318,2021,2021-09-30,learned_vol_interaction,20260911,0.6763627472225044,0.6763627472225044,1,0
rolling5_quarterly20,2611,2021-10-29,2021-11-08,-0.0075807737801166,2021,2021-09-30,learned_vol_interaction,20260911,0.6459804536309974,0.6459804536309974,1,0
rolling5_quarterly20,2616,2021-11-05,2021-11-15,0.0110015182343039,2021,2021-09-30,learned_vol_interaction,20260911,0.8475016519322595,0.8475016519322595,1,1
rolling5_quarterly20,2621,2021-11-12,2021-11-22,0.0002002284238551,2021,2021-09-30,learned_vol_interaction,20260911,0.6792349860751771,0.6792349860751771,1,1
rolling5_quarterly20,2626,2021-11-19,2021-11-29,-0.0153981603100059,2021,2021-09-30,learned_vol_interaction,20260911,0.6901330858993026,0.6901330858993026,1,0
rolling5_quarterly20,2631,2021-11-26,2021-12-06,0.0185518287306458,2021,2021-09-30,learned_vol_interaction,20260911,0.597219944983146,0.597219944983146,1,1
rolling5_quarterly20,2636,2021-12-03,2021-12-13,0.0367843110096284,2021,2021-09-30,learned_vol_interaction,20260911,0.6692515675488548,0.6692515675488548,1,1
rolling5_quarterly20,2641,2021-12-10,2021-12-20,-0.0304615698955996,2021,2021-09-30,learned_vol_interaction,20260911,0.5807317460528437,0.5807317460528437,1,0
rolling5_quarterly20,2646,2021-12-17,2021-12-27,-0.0034083287233763,2021,2021-09-30,learned_vol_interaction,20260911,0.8430050445261329,0.8430050445261329,1,0
rolling5_quarterly20,2651,2021-12-24,2022-01-04,0.0080985736506613,2021,2021-09-30,learned_vol_interaction,20260911,0.5808738550764532,0.5808738550764532,1,1
rolling5_quarterly20,2656,2021-12-31,2022-01-10,-0.0293970528320001,2021,2021-09-30,learned_vol_interaction,20260911,0.7555020685704928,0.7555020685704928,1,0
rolling5_quarterly20,2596,2021-10-08,2021-10-18,-0.0038006269617851,2021,2021-09-30,learned_order_extension,20260911,0.671196544035063,0.671196544035063,1,0
rolling5_quarterly20,2601,2021-10-15,2021-10-25,0.0037358989621147,2021,2021-09-30,learned_order_extension,20260911,0.35105506049668933,0.35105506049668933,0,1
rolling5_quarterly20,2606,2021-10-22,2021-11-01,-0.0127041632091318,2021,2021-09-30,learned_order_extension,20260911,0.7047950087063927,0.7047950087063927,1,0
rolling5_quarterly20,2611,2021-10-29,2021-11-08,-0.0075807737801166,2021,2021-09-30,learned_order_extension,20260911,0.6545537435243307,0.6545537435243307,1,0
rolling5_quarterly20,2616,2021-11-05,2021-11-15,0.0110015182343039,2021,2021-09-30,learned_order_extension,20260911,0.894497309922372,0.894497309922372,1,1
rolling5_quarterly20,2621,2021-11-12,2021-11-22,0.0002002284238551,2021,2021-09-30,learned_order_extension,20260911,0.7084226741708958,0.7084226741708958,1,1
rolling5_quarterly20,2626,2021-11-19,2021-11-29,-0.0153981603100059,2021,2021-09-30,learned_order_extension,20260911,0.7563604990884634,0.7563604990884634,1,0
rolling5_quarterly20,2631,2021-11-26,2021-12-06,0.0185518287306458,2021,2021-09-30,learned_order_extension,20260911,0.5957038415223416,0.5957038415223416,1,1
rolling5_quarterly20,2636,2021-12-03,2021-12-13,0.0367843110096284,2021,2021-09-30,learned_order_extension,20260911,0.7131162509365381,0.7131162509365381,1,1
rolling5_quarterly20,2641,2021-12-10,2021-12-20,-0.0304615698955996,2021,2021-09-30,learned_order_extension,20260911,0.6025823457830449,0.6025823457830449,1,0
rolling5_quarterly20,2646,2021-12-17,2021-12-27,-0.0034083287233763,2021,2021-09-30,learned_order_extension,20260911,0.9152935652012628,0.9152935652012628,1,0
rolling5_quarterly20,2651,2021-12-24,2022-01-04,0.0080985736506613,2021,2021-09-30,learned_order_extension,20260911,0.5817432562398891,0.5817432562398891,1,1
rolling5_quarterly20,2656,2021-12-31,2022-01-10,-0.0293970528320001,2021,2021-09-30,learned_order_extension,20260911,0.7672821562287089,0.7672821562287089,1,0
rolling5_quarterly20,2596,2021-10-08,2021-10-18,-0.0038006269617851,2021,2021-09-30,learned_order_offset,20260911,0.6721424020278397,0.6721424020278397,1,0
rolling5_quarterly20,2601,2021-10-15,2021-10-25,0.0037358989621147,2021,2021-09-30,learned_order_offset,20260911,0.3577129302316291,0.3577129302316291,0,1
rolling5_quarterly20,2606,2021-10-22,2021-11-01,-0.0127041632091318,2021,2021-09-30,learned_order_offset,20260911,0.6941539644259743,0.6941539644259743,1,0
rolling5_quarterly20,2611,2021-10-29,2021-11-08,-0.0075807737801166,2021,2021-09-30,learned_order_offset,20260911,0.6414520311556204,0.6414520311556204,1,0
rolling5_quarterly20,2616,2021-11-05,2021-11-15,0.0110015182343039,2021,2021-09-30,learned_order_offset,20260911,0.8869579175913065,0.8869579175913065,1,1
rolling5_quarterly20,2621,2021-11-12,2021-11-22,0.0002002284238551,2021,2021-09-30,learned_order_offset,20260911,0.6947982920313038,0.6947982920313038,1,1
rolling5_quarterly20,2626,2021-11-19,2021-11-29,-0.0153981603100059,2021,2021-09-30,learned_order_offset,20260911,0.7457221153898742,0.7457221153898742,1,0
rolling5_quarterly20,2631,2021-11-26,2021-12-06,0.0185518287306458,2021,2021-09-30,learned_order_offset,20260911,0.588211462686183,0.588211462686183,1,1
rolling5_quarterly20,2636,2021-12-03,2021-12-13,0.0367843110096284,2021,2021-09-30,learned_order_offset,20260911,0.7045740634968517,0.7045740634968517,1,1
rolling5_quarterly20,2641,2021-12-10,2021-12-20,-0.0304615698955996,2021,2021-09-30,learned_order_offset,20260911,0.5945525167819916,0.5945525167819916,1,0
rolling5_quarterly20,2646,2021-12-17,2021-12-27,-0.0034083287233763,2021,2021-09-30,learned_order_offset,20260911,0.9076335929559786,0.9076335929559786,1,0
rolling5_quarterly20,2651,2021-12-24,2022-01-04,0.0080985736506613,2021,2021-09-30,learned_order_offset,20260911,0.5815904337008793,0.5815904337008793,1,1
rolling5_quarterly20,2656,2021-12-31,2022-01-10,-0.0293970528320001,2021,2021-09-30,learned_order_offset,20260911,0.7577905044430244,0.7577905044430244,1,0
rolling5_quarterly20,2596,2021-10-08,2021-10-18,-0.0038006269617851,2021,2021-09-30,native_mse,20260911,-0.00032111756665701135,,0,0
rolling5_quarterly20,2601,2021-10-15,2021-10-25,0.0037358989621147,2021,2021-09-30,native_mse,20260911,-0.010944511807851455,,0,1
rolling5_quarterly20,2606,2021-10-22,2021-11-01,-0.0127041632091318,2021,2021-09-30,native_mse,20260911,0.003311111336366578,,1,0
rolling5_quarterly20,2611,2021-10-29,2021-11-08,-0.0075807737801166,2021,2021-09-30,native_mse,20260911,0.003731769473727457,,1,0
rolling5_quarterly20,2616,2021-11-05,2021-11-15,0.0110015182343039,2021,2021-09-30,native_mse,20260911,0.019577263387385264,,1,1
rolling5_quarterly20,2621,2021-11-12,2021-11-22,0.0002002284238551,2021,2021-09-30,native_mse,20260911,0.006355492727609144,,1,1
rolling5_quarterly20,2626,2021-11-19,2021-11-29,-0.0153981603100059,2021,2021-09-30,native_mse,20260911,0.006850561651819818,,1,0
rolling5_quarterly20,2631,2021-11-26,2021-12-06,0.0185518287306458,2021,2021-09-30,native_mse,20260911,0.003241034442058354,,1,1
rolling5_quarterly20,2636,2021-12-03,2021-12-13,0.0367843110096284,2021,2021-09-30,native_mse,20260911,0.007982417622374323,,1,1
rolling5_quarterly20,2641,2021-12-10,2021-12-20,-0.0304615698955996,2021,2021-09-30,native_mse,20260911,0.004409706772361826,,1,0
rolling5_quarterly20,2646,2021-12-17,2021-12-27,-0.0034083287233763,2021,2021-09-30,native_mse,20260911,0.017665541245398982,,1,0
rolling5_quarterly20,2651,2021-12-24,2022-01-04,0.0080985736506613,2021,2021-09-30,native_mse,20260911,0.0012662018346683472,,1,1
rolling5_quarterly20,2656,2021-12-31,2022-01-10,-0.0293970528320001,2021,2021-09-30,native_mse,20260911,-0.001536159103653855,,0,0
rolling5_quarterly20,2596,2021-10-08,2021-10-18,-0.0038006269617851,2021,2021-09-30,learned_market,20260912,0.6565963544230468,0.6565963544230468,1,0
rolling5_quarterly20,2601,2021-10-15,2021-10-25,0.0037358989621147,2021,2021-09-30,learned_market,20260912,0.5287220196807928,0.5287220196807928,1,1
rolling5_quarterly20,2606,2021-10-22,2021-11-01,-0.0127041632091318,2021,2021-09-30,learned_market,20260912,0.6710625385013522,0.6710625385013522,1,0
rolling5_quarterly20,2611,2021-10-29,2021-11-08,-0.0075807737801166,2021,2021-09-30,learned_market,20260912,0.658253715048455,0.658253715048455,1,0
rolling5_quarterly20,2616,2021-11-05,2021-11-15,0.0110015182343039,2021,2021-09-30,learned_market,20260912,0.6108906865607471,0.6108906865607471,1,1
rolling5_quarterly20,2621,2021-11-12,2021-11-22,0.0002002284238551,2021,2021-09-30,learned_market,20260912,0.5485792710074195,0.5485792710074195,1,1
rolling5_quarterly20,2626,2021-11-19,2021-11-29,-0.0153981603100059,2021,2021-09-30,learned_market,20260912,0.6091326879415976,0.6091326879415976,1,0
rolling5_quarterly20,2631,2021-11-26,2021-12-06,0.0185518287306458,2021,2021-09-30,learned_market,20260912,0.6184629665552458,0.6184629665552458,1,1
rolling5_quarterly20,2636,2021-12-03,2021-12-13,0.0367843110096284,2021,2021-09-30,learned_market,20260912,0.5255617991321033,0.5255617991321033,1,1
rolling5_quarterly20,2641,2021-12-10,2021-12-20,-0.0304615698955996,2021,2021-09-30,learned_market,20260912,0.34415395156480216,0.34415395156480216,0,0
rolling5_quarterly20,2646,2021-12-17,2021-12-27,-0.0034083287233763,2021,2021-09-30,learned_market,20260912,0.7881039632736708,0.7881039632736708,1,0
rolling5_quarterly20,2651,2021-12-24,2022-01-04,0.0080985736506613,2021,2021-09-30,learned_market,20260912,0.6561671124008442,0.6561671124008442,1,1
rolling5_quarterly20,2656,2021-12-31,2022-01-10,-0.0293970528320001,2021,2021-09-30,learned_market,20260912,0.5745032846973477,0.5745032846973477,1,0
rolling5_quarterly20,2596,2021-10-08,2021-10-18,-0.0038006269617851,2021,2021-09-30,learned_vol_interaction,20260912,0.6636484702464681,0.6636484702464681,1,0
rolling5_quarterly20,2601,2021-10-15,2021-10-25,0.0037358989621147,2021,2021-09-30,learned_vol_interaction,20260912,0.5154223561105131,0.5154223561105131,1,1
rolling5_quarterly20,2606,2021-10-22,2021-11-01,-0.0127041632091318,2021,2021-09-30,learned_vol_interaction,20260912,0.6776310296052149,0.6776310296052149,1,0
rolling5_quarterly20,2611,2021-10-29,2021-11-08,-0.0075807737801166,2021,2021-09-30,learned_vol_interaction,20260912,0.6685295692797747,0.6685295692797747,1,0
rolling5_quarterly20,2616,2021-11-05,2021-11-15,0.0110015182343039,2021,2021-09-30,learned_vol_interaction,20260912,0.6187895316047238,0.6187895316047238,1,1
rolling5_quarterly20,2621,2021-11-12,2021-11-22,0.0002002284238551,2021,2021-09-30,learned_vol_interaction,20260912,0.5470389970656289,0.5470389970656289,1,1
rolling5_quarterly20,2626,2021-11-19,2021-11-29,-0.0153981603100059,2021,2021-09-30,learned_vol_interaction,20260912,0.6099898256688371,0.6099898256688371,1,0
rolling5_quarterly20,2631,2021-11-26,2021-12-06,0.0185518287306458,2021,2021-09-30,learned_vol_interaction,20260912,0.6123838188706114,0.6123838188706114,1,1
rolling5_quarterly20,2636,2021-12-03,2021-12-13,0.0367843110096284,2021,2021-09-30,learned_vol_interaction,20260912,0.4992939728856046,0.4992939728856046,0,1
rolling5_quarterly20,2641,2021-12-10,2021-12-20,-0.0304615698955996,2021,2021-09-30,learned_vol_interaction,20260912,0.30654052515684754,0.30654052515684754,0,0
rolling5_quarterly20,2646,2021-12-17,2021-12-27,-0.0034083287233763,2021,2021-09-30,learned_vol_interaction,20260912,0.8027491776595705,0.8027491776595705,1,0
rolling5_quarterly20,2651,2021-12-24,2022-01-04,0.0080985736506613,2021,2021-09-30,learned_vol_interaction,20260912,0.6681489401902718,0.6681489401902718,1,1
rolling5_quarterly20,2656,2021-12-31,2022-01-10,-0.0293970528320001,2021,2021-09-30,learned_vol_interaction,20260912,0.5709942396587441,0.5709942396587441,1,0
rolling5_quarterly20,2596,2021-10-08,2021-10-18,-0.0038006269617851,2021,2021-09-30,learned_order_extension,20260912,0.6632971272432711,0.6632971272432711,1,0
rolling5_quarterly20,2601,2021-10-15,2021-10-25,0.0037358989621147,2021,2021-09-30,learned_order_extension,20260912,0.4983627390580806,0.4983627390580806,0,1
rolling5_quarterly20,2606,2021-10-22,2021-11-01,-0.0127041632091318,2021,2021-09-30,learned_order_extension,20260912,0.6850092708499012,0.6850092708499012,1,0
rolling5_quarterly20,2611,2021-10-29,2021-11-08,-0.0075807737801166,2021,2021-09-30,learned_order_extension,20260912,0.6760913528849455,0.6760913528849455,1,0
rolling5_quarterly20,2616,2021-11-05,2021-11-15,0.0110015182343039,2021,2021-09-30,learned_order_extension,20260912,0.6222385370317429,0.6222385370317429,1,1
rolling5_quarterly20,2621,2021-11-12,2021-11-22,0.0002002284238551,2021,2021-09-30,learned_order_extension,20260912,0.5399257255928697,0.5399257255928697,1,1
rolling5_quarterly20,2626,2021-11-19,2021-11-29,-0.0153981603100059,2021,2021-09-30,learned_order_extension,20260912,0.6286646302292667,0.6286646302292667,1,0
rolling5_quarterly20,2631,2021-11-26,2021-12-06,0.0185518287306458,2021,2021-09-30,learned_order_extension,20260912,0.6226414363136864,0.6226414363136864,1,1
rolling5_quarterly20,2636,2021-12-03,2021-12-13,0.0367843110096284,2021,2021-09-30,learned_order_extension,20260912,0.4877667151803892,0.4877667151803892,0,1
rolling5_quarterly20,2641,2021-12-10,2021-12-20,-0.0304615698955996,2021,2021-09-30,learned_order_extension,20260912,0.28344116898603666,0.28344116898603666,0,0
rolling5_quarterly20,2646,2021-12-17,2021-12-27,-0.0034083287233763,2021,2021-09-30,learned_order_extension,20260912,0.8399584474902737,0.8399584474902737,1,0
rolling5_quarterly20,2651,2021-12-24,2022-01-04,0.0080985736506613,2021,2021-09-30,learned_order_extension,20260912,0.6784748874497056,0.6784748874497056,1,1
rolling5_quarterly20,2656,2021-12-31,2022-01-10,-0.0293970528320001,2021,2021-09-30,learned_order_extension,20260912,0.569020407621152,0.569020407621152,1,0
rolling5_quarterly20,2596,2021-10-08,2021-10-18,-0.0038006269617851,2021,2021-09-30,learned_order_offset,20260912,0.6625586841709331,0.6625586841709331,1,0
rolling5_quarterly20,2601,2021-10-15,2021-10-25,0.0037358989621147,2021,2021-09-30,learned_order_offset,20260912,0.4983262513827513,0.4983262513827513,0,1
rolling5_quarterly20,2606,2021-10-22,2021-11-01,-0.0127041632091318,2021,2021-09-30,learned_order_offset,20260912,0.6838568052376518,0.6838568052376518,1,0
rolling5_quarterly20,2611,2021-10-29,2021-11-08,-0.0075807737801166,2021,2021-09-30,learned_order_offset,20260912,0.6747256158901486,0.6747256158901486,1,0
rolling5_quarterly20,2616,2021-11-05,2021-11-15,0.0110015182343039,2021,2021-09-30,learned_order_offset,20260912,0.6214653202714306,0.6214653202714306,1,1
rolling5_quarterly20,2621,2021-11-12,2021-11-22,0.0002002284238551,2021,2021-09-30,learned_order_offset,20260912,0.540120023227932,0.540120023227932,1,1
rolling5_quarterly20,2626,2021-11-19,2021-11-29,-0.0153981603100059,2021,2021-09-30,learned_order_offset,20260912,0.628956688744342,0.628956688744342,1,0
rolling5_quarterly20,2631,2021-11-26,2021-12-06,0.0185518287306458,2021,2021-09-30,learned_order_offset,20260912,0.6231544316406531,0.6231544316406531,1,1
rolling5_quarterly20,2636,2021-12-03,2021-12-13,0.0367843110096284,2021,2021-09-30,learned_order_offset,20260912,0.48752648042845054,0.48752648042845054,0,1
rolling5_quarterly20,2641,2021-12-10,2021-12-20,-0.0304615698955996,2021,2021-09-30,learned_order_offset,20260912,0.28504451414692134,0.28504451414692134,0,0
rolling5_quarterly20,2646,2021-12-17,2021-12-27,-0.0034083287233763,2021,2021-09-30,learned_order_offset,20260912,0.8389180218155712,0.8389180218155712,1,0
rolling5_quarterly20,2651,2021-12-24,2022-01-04,0.0080985736506613,2021,2021-09-30,learned_order_offset,20260912,0.6780534434797785,0.6780534434797785,1,1
rolling5_quarterly20,2656,2021-12-31,2022-01-10,-0.0293970528320001,2021,2021-09-30,learned_order_offset,20260912,0.5678863834452259,0.5678863834452259,1,0
rolling5_quarterly20,2596,2021-10-08,2021-10-18,-0.0038006269617851,2021,2021-09-30,native_mse,20260912,0.004536618453162899,,1,0
rolling5_quarterly20,2601,2021-10-15,2021-10-25,0.0037358989621147,2021,2021-09-30,native_mse,20260912,0.003354331891419893,,1,1
rolling5_quarterly20,2606,2021-10-22,2021-11-01,-0.0127041632091318,2021,2021-09-30,native_mse,20260912,0.003075040762026274,,1,0
rolling5_quarterly20,2611,2021-10-29,2021-11-08,-0.0075807737801166,2021,2021-09-30,native_mse,20260912,0.0038491432704178133,,1,0
rolling5_quarterly20,2616,2021-11-05,2021-11-15,0.0110015182343039,2021,2021-09-30,native_mse,20260912,0.0037326555604403405,,1,1
rolling5_quarterly20,2621,2021-11-12,2021-11-22,0.0002002284238551,2021,2021-09-30,native_mse,20260912,0.0020506296334828773,,1,1
rolling5_quarterly20,2626,2021-11-19,2021-11-29,-0.0153981603100059,2021,2021-09-30,native_mse,20260912,0.002272027599302362,,1,0
rolling5_quarterly20,2631,2021-11-26,2021-12-06,0.0185518287306458,2021,2021-09-30,native_mse,20260912,0.0024479282637570312,,1,1
rolling5_quarterly20,2636,2021-12-03,2021-12-13,0.0367843110096284,2021,2021-09-30,native_mse,20260912,0.0013942815388636766,,1,1
rolling5_quarterly20,2641,2021-12-10,2021-12-20,-0.0304615698955996,2021,2021-09-30,native_mse,20260912,5.635373326893503e-05,,1,0
rolling5_quarterly20,2646,2021-12-17,2021-12-27,-0.0034083287233763,2021,2021-09-30,native_mse,20260912,0.0027252662309283342,,1,0
rolling5_quarterly20,2651,2021-12-24,2022-01-04,0.0080985736506613,2021,2021-09-30,native_mse,20260912,0.0020088825588499286,,1,1
rolling5_quarterly20,2656,2021-12-31,2022-01-10,-0.0293970528320001,2021,2021-09-30,native_mse,20260912,0.001721674591588966,,1,0
rolling5_quarterly20,2660,2022-01-07,2022-01-17,-0.0173453887283024,2022,2021-12-31,learned_market,20260910,0.5688001187262542,0.5688001187262542,1,0
rolling5_quarterly20,2665,2022-01-14,2022-01-24,0.0053248631776616,2022,2021-12-31,learned_market,20260910,0.6536697221556952,0.6536697221556952,1,1
rolling5_quarterly20,2670,2022-01-21,2022-02-07,-0.0242661876254222,2022,2021-12-31,learned_market,20260910,0.667180452286777,0.667180452286777,1,0
rolling5_quarterly20,2675,2022-01-28,2022-02-14,-0.0127539031341488,2022,2021-12-31,learned_market,20260910,0.6821990081341186,0.6821990081341186,1,0
rolling5_quarterly20,2680,2022-02-11,2022-02-21,0.0145498774954033,2022,2021-12-31,learned_market,20260910,0.6685932622029157,0.6685932622029157,1,1
rolling5_quarterly20,2685,2022-02-18,2022-02-28,-0.0177161244498015,2022,2021-12-31,learned_market,20260910,0.721020181747073,0.721020181747073,1,0
rolling5_quarterly20,2690,2022-02-25,2022-03-07,-0.0221791776043331,2022,2021-12-31,learned_market,20260910,0.6720256213340763,0.6720256213340763,1,0
rolling5_quarterly20,2695,2022-03-04,2022-03-14,-0.0480378799422749,2022,2021-12-31,learned_market,20260910,0.6491632424244927,0.6491632424244927,1,0
rolling5_quarterly20,2700,2022-03-11,2022-03-21,0.007530336734814,2022,2021-12-31,learned_market,20260910,0.7072260560701839,0.7072260560701839,1,1
rolling5_quarterly20,2705,2022-03-18,2022-03-28,-0.0353493110038457,2022,2021-12-31,learned_market,20260910,0.680562718896786,0.680562718896786,1,0
rolling5_quarterly20,2710,2022-03-25,2022-04-06,0.0314834190717003,2022,2021-12-31,learned_market,20260910,0.7149297850291989,0.7149297850291989,1,1
rolling5_quarterly20,2660,2022-01-07,2022-01-17,-0.0173453887283024,2022,2021-12-31,learned_vol_interaction,20260910,0.5831076461801695,0.5831076461801695,1,0
rolling5_quarterly20,2665,2022-01-14,2022-01-24,0.0053248631776616,2022,2021-12-31,learned_vol_interaction,20260910,0.6744765119030697,0.6744765119030697,1,1
rolling5_quarterly20,2670,2022-01-21,2022-02-07,-0.0242661876254222,2022,2021-12-31,learned_vol_interaction,20260910,0.6652743592454685,0.6652743592454685,1,0
rolling5_quarterly20,2675,2022-01-28,2022-02-14,-0.0127539031341488,2022,2021-12-31,learned_vol_interaction,20260910,0.6916788990216658,0.6916788990216658,1,0
rolling5_quarterly20,2680,2022-02-11,2022-02-21,0.0145498774954033,2022,2021-12-31,learned_vol_interaction,20260910,0.6656475068815167,0.6656475068815167,1,1
rolling5_quarterly20,2685,2022-02-18,2022-02-28,-0.0177161244498015,2022,2021-12-31,learned_vol_interaction,20260910,0.7192657526415306,0.7192657526415306,1,0
rolling5_quarterly20,2690,2022-02-25,2022-03-07,-0.0221791776043331,2022,2021-12-31,learned_vol_interaction,20260910,0.665128795190077,0.665128795190077,1,0
rolling5_quarterly20,2695,2022-03-04,2022-03-14,-0.0480378799422749,2022,2021-12-31,learned_vol_interaction,20260910,0.6570221213989423,0.6570221213989423,1,0
rolling5_quarterly20,2700,2022-03-11,2022-03-21,0.007530336734814,2022,2021-12-31,learned_vol_interaction,20260910,0.7032750021899432,0.7032750021899432,1,1
rolling5_quarterly20,2705,2022-03-18,2022-03-28,-0.0353493110038457,2022,2021-12-31,learned_vol_interaction,20260910,0.6524086529307518,0.6524086529307518,1,0
rolling5_quarterly20,2710,2022-03-25,2022-04-06,0.0314834190717003,2022,2021-12-31,learned_vol_interaction,20260910,0.6942468524177501,0.6942468524177501,1,1
rolling5_quarterly20,2660,2022-01-07,2022-01-17,-0.0173453887283024,2022,2021-12-31,learned_order_extension,20260910,0.566864392886939,0.566864392886939,1,0
rolling5_quarterly20,2665,2022-01-14,2022-01-24,0.0053248631776616,2022,2021-12-31,learned_order_extension,20260910,0.6690763940918765,0.6690763940918765,1,1
rolling5_quarterly20,2670,2022-01-21,2022-02-07,-0.0242661876254222,2022,2021-12-31,learned_order_extension,20260910,0.6566842946116621,0.6566842946116621,1,0
rolling5_quarterly20,2675,2022-01-28,2022-02-14,-0.0127539031341488,2022,2021-12-31,learned_order_extension,20260910,0.668769824144909,0.668769824144909,1,0
rolling5_quarterly20,2680,2022-02-11,2022-02-21,0.0145498774954033,2022,2021-12-31,learned_order_extension,20260910,0.6554002636047295,0.6554002636047295,1,1
rolling5_quarterly20,2685,2022-02-18,2022-02-28,-0.0177161244498015,2022,2021-12-31,learned_order_extension,20260910,0.7136098531605942,0.7136098531605942,1,0
rolling5_quarterly20,2690,2022-02-25,2022-03-07,-0.0221791776043331,2022,2021-12-31,learned_order_extension,20260910,0.6487731912125562,0.6487731912125562,1,0
rolling5_quarterly20,2695,2022-03-04,2022-03-14,-0.0480378799422749,2022,2021-12-31,learned_order_extension,20260910,0.6318792296674466,0.6318792296674466,1,0
rolling5_quarterly20,2700,2022-03-11,2022-03-21,0.007530336734814,2022,2021-12-31,learned_order_extension,20260910,0.6914869969738268,0.6914869969738268,1,1
rolling5_quarterly20,2705,2022-03-18,2022-03-28,-0.0353493110038457,2022,2021-12-31,learned_order_extension,20260910,0.6587542387705517,0.6587542387705517,1,0
rolling5_quarterly20,2710,2022-03-25,2022-04-06,0.0314834190717003,2022,2021-12-31,learned_order_extension,20260910,0.6972076913228429,0.6972076913228429,1,1
rolling5_quarterly20,2660,2022-01-07,2022-01-17,-0.0173453887283024,2022,2021-12-31,learned_order_offset,20260910,0.5666647543526758,0.5666647543526758,1,0
rolling5_quarterly20,2665,2022-01-14,2022-01-24,0.0053248631776616,2022,2021-12-31,learned_order_offset,20260910,0.6685371525240916,0.6685371525240916,1,1
rolling5_quarterly20,2670,2022-01-21,2022-02-07,-0.0242661876254222,2022,2021-12-31,learned_order_offset,20260910,0.6567323025522784,0.6567323025522784,1,0
rolling5_quarterly20,2675,2022-01-28,2022-02-14,-0.0127539031341488,2022,2021-12-31,learned_order_offset,20260910,0.6683313210695451,0.6683313210695451,1,0
rolling5_quarterly20,2680,2022-02-11,2022-02-21,0.0145498774954033,2022,2021-12-31,learned_order_offset,20260910,0.6551608348224088,0.6551608348224088,1,1
rolling5_quarterly20,2685,2022-02-18,2022-02-28,-0.0177161244498015,2022,2021-12-31,learned_order_offset,20260910,0.713244067556852,0.713244067556852,1,0
rolling5_quarterly20,2690,2022-02-25,2022-03-07,-0.0221791776043331,2022,2021-12-31,learned_order_offset,20260910,0.6484724441889236,0.6484724441889236,1,0
rolling5_quarterly20,2695,2022-03-04,2022-03-14,-0.0480378799422749,2022,2021-12-31,learned_order_offset,20260910,0.6314504954417829,0.6314504954417829,1,0
rolling5_quarterly20,2700,2022-03-11,2022-03-21,0.007530336734814,2022,2021-12-31,learned_order_offset,20260910,0.691194443082509,0.691194443082509,1,1
rolling5_quarterly20,2705,2022-03-18,2022-03-28,-0.0353493110038457,2022,2021-12-31,learned_order_offset,20260910,0.6583803934930407,0.6583803934930407,1,0
rolling5_quarterly20,2710,2022-03-25,2022-04-06,0.0314834190717003,2022,2021-12-31,learned_order_offset,20260910,0.696855601595334,0.696855601595334,1,1
rolling5_quarterly20,2660,2022-01-07,2022-01-17,-0.0173453887283024,2022,2021-12-31,native_mse,20260910,-0.0034182510339292468,,0,0
rolling5_quarterly20,2665,2022-01-14,2022-01-24,0.0053248631776616,2022,2021-12-31,native_mse,20260910,0.004761167720503064,,1,1
rolling5_quarterly20,2670,2022-01-21,2022-02-07,-0.0242661876254222,2022,2021-12-31,native_mse,20260910,0.013137367547165641,,1,0
rolling5_quarterly20,2675,2022-01-28,2022-02-14,-0.0127539031341488,2022,2021-12-31,native_mse,20260910,0.010886081661597602,,1,0
rolling5_quarterly20,2680,2022-02-11,2022-02-21,0.0145498774954033,2022,2021-12-31,native_mse,20260910,0.008879219089809445,,1,1
rolling5_quarterly20,2685,2022-02-18,2022-02-28,-0.0177161244498015,2022,2021-12-31,native_mse,20260910,0.009476567447344621,,1,0
rolling5_quarterly20,2690,2022-02-25,2022-03-07,-0.0221791776043331,2022,2021-12-31,native_mse,20260910,0.01051598647298397,,1,0
rolling5_quarterly20,2695,2022-03-04,2022-03-14,-0.0480378799422749,2022,2021-12-31,native_mse,20260910,0.007053677912636015,,1,0
rolling5_quarterly20,2700,2022-03-11,2022-03-21,0.007530336734814,2022,2021-12-31,native_mse,20260910,0.010804442451387935,,1,1
rolling5_quarterly20,2705,2022-03-18,2022-03-28,-0.0353493110038457,2022,2021-12-31,native_mse,20260910,0.0072982657258971444,,1,0
rolling5_quarterly20,2710,2022-03-25,2022-04-06,0.0314834190717003,2022,2021-12-31,native_mse,20260910,0.007546796616275884,,1,1
rolling5_quarterly20,2660,2022-01-07,2022-01-17,-0.0173453887283024,2022,2021-12-31,training_frequency,-1,0.5458298926507019,0.5458298926507019,1,0
rolling5_quarterly20,2665,2022-01-14,2022-01-24,0.0053248631776616,2022,2021-12-31,training_frequency,-1,0.5458298926507019,0.5458298926507019,1,1
rolling5_quarterly20,2670,2022-01-21,2022-02-07,-0.0242661876254222,2022,2021-12-31,training_frequency,-1,0.5458298926507019,0.5458298926507019,1,0
rolling5_quarterly20,2675,2022-01-28,2022-02-14,-0.0127539031341488,2022,2021-12-31,training_frequency,-1,0.5458298926507019,0.5458298926507019,1,0
rolling5_quarterly20,2680,2022-02-11,2022-02-21,0.0145498774954033,2022,2021-12-31,training_frequency,-1,0.5458298926507019,0.5458298926507019,1,1
rolling5_quarterly20,2685,2022-02-18,2022-02-28,-0.0177161244498015,2022,2021-12-31,training_frequency,-1,0.5458298926507019,0.5458298926507019,1,0
rolling5_quarterly20,2690,2022-02-25,2022-03-07,-0.0221791776043331,2022,2021-12-31,training_frequency,-1,0.5458298926507019,0.5458298926507019,1,0
rolling5_quarterly20,2695,2022-03-04,2022-03-14,-0.0480378799422749,2022,2021-12-31,training_frequency,-1,0.5458298926507019,0.5458298926507019,1,0
rolling5_quarterly20,2700,2022-03-11,2022-03-21,0.007530336734814,2022,2021-12-31,training_frequency,-1,0.5458298926507019,0.5458298926507019,1,1
rolling5_quarterly20,2705,2022-03-18,2022-03-28,-0.0353493110038457,2022,2021-12-31,training_frequency,-1,0.5458298926507019,0.5458298926507019,1,0
rolling5_quarterly20,2710,2022-03-25,2022-04-06,0.0314834190717003,2022,2021-12-31,training_frequency,-1,0.5458298926507019,0.5458298926507019,1,1
rolling5_quarterly20,2660,2022-01-07,2022-01-17,-0.0173453887283024,2022,2021-12-31,learned_market,20260911,0.7294539059117436,0.7294539059117436,1,0
rolling5_quarterly20,2665,2022-01-14,2022-01-24,0.0053248631776616,2022,2021-12-31,learned_market,20260911,0.8407883156513567,0.8407883156513567,1,1
rolling5_quarterly20,2670,2022-01-21,2022-02-07,-0.0242661876254222,2022,2021-12-31,learned_market,20260911,0.6706767764059957,0.6706767764059957,1,0
rolling5_quarterly20,2675,2022-01-28,2022-02-14,-0.0127539031341488,2022,2021-12-31,learned_market,20260911,0.49396242770649035,0.49396242770649035,0,0
rolling5_quarterly20,2680,2022-02-11,2022-02-21,0.0145498774954033,2022,2021-12-31,learned_market,20260911,0.6718433913580089,0.6718433913580089,1,1
rolling5_quarterly20,2685,2022-02-18,2022-02-28,-0.0177161244498015,2022,2021-12-31,learned_market,20260911,0.5840107527473801,0.5840107527473801,1,0
rolling5_quarterly20,2690,2022-02-25,2022-03-07,-0.0221791776043331,2022,2021-12-31,learned_market,20260911,0.59915482742086,0.59915482742086,1,0
rolling5_quarterly20,2695,2022-03-04,2022-03-14,-0.0480378799422749,2022,2021-12-31,learned_market,20260911,0.64751535974218,0.64751535974218,1,0
rolling5_quarterly20,2700,2022-03-11,2022-03-21,0.007530336734814,2022,2021-12-31,learned_market,20260911,0.6601858855959774,0.6601858855959774,1,1
rolling5_quarterly20,2705,2022-03-18,2022-03-28,-0.0353493110038457,2022,2021-12-31,learned_market,20260911,0.5676194322684474,0.5676194322684474,1,0
rolling5_quarterly20,2710,2022-03-25,2022-04-06,0.0314834190717003,2022,2021-12-31,learned_market,20260911,0.7331434681165004,0.7331434681165004,1,1
rolling5_quarterly20,2660,2022-01-07,2022-01-17,-0.0173453887283024,2022,2021-12-31,learned_vol_interaction,20260911,0.7282516722944598,0.7282516722944598,1,0
rolling5_quarterly20,2665,2022-01-14,2022-01-24,0.0053248631776616,2022,2021-12-31,learned_vol_interaction,20260911,0.8368717958263094,0.8368717958263094,1,1
rolling5_quarterly20,2670,2022-01-21,2022-02-07,-0.0242661876254222,2022,2021-12-31,learned_vol_interaction,20260911,0.669613908132946,0.669613908132946,1,0
rolling5_quarterly20,2675,2022-01-28,2022-02-14,-0.0127539031341488,2022,2021-12-31,learned_vol_interaction,20260911,0.49771804856397844,0.49771804856397844,0,0
rolling5_quarterly20,2680,2022-02-11,2022-02-21,0.0145498774954033,2022,2021-12-31,learned_vol_interaction,20260911,0.6694625883349451,0.6694625883349451,1,1
rolling5_quarterly20,2685,2022-02-18,2022-02-28,-0.0177161244498015,2022,2021-12-31,learned_vol_interaction,20260911,0.5867879452577756,0.5867879452577756,1,0
rolling5_quarterly20,2690,2022-02-25,2022-03-07,-0.0221791776043331,2022,2021-12-31,learned_vol_interaction,20260911,0.6015705830845076,0.6015705830845076,1,0
rolling5_quarterly20,2695,2022-03-04,2022-03-14,-0.0480378799422749,2022,2021-12-31,learned_vol_interaction,20260911,0.6516108393132726,0.6516108393132726,1,0
rolling5_quarterly20,2700,2022-03-11,2022-03-21,0.007530336734814,2022,2021-12-31,learned_vol_interaction,20260911,0.6653311044961694,0.6653311044961694,1,1
rolling5_quarterly20,2705,2022-03-18,2022-03-28,-0.0353493110038457,2022,2021-12-31,learned_vol_interaction,20260911,0.567250973729041,0.567250973729041,1,0
rolling5_quarterly20,2710,2022-03-25,2022-04-06,0.0314834190717003,2022,2021-12-31,learned_vol_interaction,20260911,0.7397988804119464,0.7397988804119464,1,1
rolling5_quarterly20,2660,2022-01-07,2022-01-17,-0.0173453887283024,2022,2021-12-31,learned_order_extension,20260911,0.7315565762281606,0.7315565762281606,1,0
rolling5_quarterly20,2665,2022-01-14,2022-01-24,0.0053248631776616,2022,2021-12-31,learned_order_extension,20260911,0.8308708352808971,0.8308708352808971,1,1
rolling5_quarterly20,2670,2022-01-21,2022-02-07,-0.0242661876254222,2022,2021-12-31,learned_order_extension,20260911,0.6953405747399578,0.6953405747399578,1,0
rolling5_quarterly20,2675,2022-01-28,2022-02-14,-0.0127539031341488,2022,2021-12-31,learned_order_extension,20260911,0.47011278529334005,0.47011278529334005,0,0
rolling5_quarterly20,2680,2022-02-11,2022-02-21,0.0145498774954033,2022,2021-12-31,learned_order_extension,20260911,0.6818533435255958,0.6818533435255958,1,1
rolling5_quarterly20,2685,2022-02-18,2022-02-28,-0.0177161244498015,2022,2021-12-31,learned_order_extension,20260911,0.5955146443753425,0.5955146443753425,1,0
rolling5_quarterly20,2690,2022-02-25,2022-03-07,-0.0221791776043331,2022,2021-12-31,learned_order_extension,20260911,0.609831009331646,0.609831009331646,1,0
rolling5_quarterly20,2695,2022-03-04,2022-03-14,-0.0480378799422749,2022,2021-12-31,learned_order_extension,20260911,0.6608881864634962,0.6608881864634962,1,0
rolling5_quarterly20,2700,2022-03-11,2022-03-21,0.007530336734814,2022,2021-12-31,learned_order_extension,20260911,0.667203580437131,0.667203580437131,1,1
rolling5_quarterly20,2705,2022-03-18,2022-03-28,-0.0353493110038457,2022,2021-12-31,learned_order_extension,20260911,0.5665388063290007,0.5665388063290007,1,0
rolling5_quarterly20,2710,2022-03-25,2022-04-06,0.0314834190717003,2022,2021-12-31,learned_order_extension,20260911,0.7315317518580224,0.7315317518580224,1,1
rolling5_quarterly20,2660,2022-01-07,2022-01-17,-0.0173453887283024,2022,2021-12-31,learned_order_offset,20260911,0.7303915631000331,0.7303915631000331,1,0
rolling5_quarterly20,2665,2022-01-14,2022-01-24,0.0053248631776616,2022,2021-12-31,learned_order_offset,20260911,0.8287429062191539,0.8287429062191539,1,1
rolling5_quarterly20,2670,2022-01-21,2022-02-07,-0.0242661876254222,2022,2021-12-31,learned_order_offset,20260911,0.6946014374965778,0.6946014374965778,1,0
rolling5_quarterly20,2675,2022-01-28,2022-02-14,-0.0127539031341488,2022,2021-12-31,learned_order_offset,20260911,0.47036190476294487,0.47036190476294487,0,0
rolling5_quarterly20,2680,2022-02-11,2022-02-21,0.0145498774954033,2022,2021-12-31,learned_order_offset,20260911,0.6802368405234962,0.6802368405234962,1,1
rolling5_quarterly20,2685,2022-02-18,2022-02-28,-0.0177161244498015,2022,2021-12-31,learned_order_offset,20260911,0.596796587857382,0.596796587857382,1,0
rolling5_quarterly20,2690,2022-02-25,2022-03-07,-0.0221791776043331,2022,2021-12-31,learned_order_offset,20260911,0.6102898323949857,0.6102898323949857,1,0
rolling5_quarterly20,2695,2022-03-04,2022-03-14,-0.0480378799422749,2022,2021-12-31,learned_order_offset,20260911,0.6602950267381666,0.6602950267381666,1,0
rolling5_quarterly20,2700,2022-03-11,2022-03-21,0.007530336734814,2022,2021-12-31,learned_order_offset,20260911,0.6664417620027226,0.6664417620027226,1,1
rolling5_quarterly20,2705,2022-03-18,2022-03-28,-0.0353493110038457,2022,2021-12-31,learned_order_offset,20260911,0.5665934515797131,0.5665934515797131,1,0
rolling5_quarterly20,2710,2022-03-25,2022-04-06,0.0314834190717003,2022,2021-12-31,learned_order_offset,20260911,0.7312694881776368,0.7312694881776368,1,1
rolling5_quarterly20,2660,2022-01-07,2022-01-17,-0.0173453887283024,2022,2021-12-31,native_mse,20260911,0.007330315708159769,,1,0
rolling5_quarterly20,2665,2022-01-14,2022-01-24,0.0053248631776616,2022,2021-12-31,native_mse,20260911,0.015471274729398543,,1,1
rolling5_quarterly20,2670,2022-01-21,2022-02-07,-0.0242661876254222,2022,2021-12-31,native_mse,20260911,0.009873111042602054,,1,0
rolling5_quarterly20,2675,2022-01-28,2022-02-14,-0.0127539031341488,2022,2021-12-31,native_mse,20260911,0.0025503118790792955,,1,0
rolling5_quarterly20,2680,2022-02-11,2022-02-21,0.0145498774954033,2022,2021-12-31,native_mse,20260911,0.0063949393307865515,,1,1
rolling5_quarterly20,2685,2022-02-18,2022-02-28,-0.0177161244498015,2022,2021-12-31,native_mse,20260911,0.004306186298337274,,1,0
rolling5_quarterly20,2690,2022-02-25,2022-03-07,-0.0221791776043331,2022,2021-12-31,native_mse,20260911,0.00884306439536679,,1,0
rolling5_quarterly20,2695,2022-03-04,2022-03-14,-0.0480378799422749,2022,2021-12-31,native_mse,20260911,0.008878575004775912,,1,0
rolling5_quarterly20,2700,2022-03-11,2022-03-21,0.007530336734814,2022,2021-12-31,native_mse,20260911,0.008804997087552644,,1,1
rolling5_quarterly20,2705,2022-03-18,2022-03-28,-0.0353493110038457,2022,2021-12-31,native_mse,20260911,0.0029149751065889705,,1,0
rolling5_quarterly20,2710,2022-03-25,2022-04-06,0.0314834190717003,2022,2021-12-31,native_mse,20260911,0.009608904415587632,,1,1
rolling5_quarterly20,2660,2022-01-07,2022-01-17,-0.0173453887283024,2022,2021-12-31,learned_market,20260912,0.7009067848418016,0.7009067848418016,1,0
rolling5_quarterly20,2665,2022-01-14,2022-01-24,0.0053248631776616,2022,2021-12-31,learned_market,20260912,0.5203651032719439,0.5203651032719439,1,1
rolling5_quarterly20,2670,2022-01-21,2022-02-07,-0.0242661876254222,2022,2021-12-31,learned_market,20260912,0.7176249995689795,0.7176249995689795,1,0
rolling5_quarterly20,2675,2022-01-28,2022-02-14,-0.0127539031341488,2022,2021-12-31,learned_market,20260912,0.5468589290358572,0.5468589290358572,1,0
rolling5_quarterly20,2680,2022-02-11,2022-02-21,0.0145498774954033,2022,2021-12-31,learned_market,20260912,0.6301827176961465,0.6301827176961465,1,1
rolling5_quarterly20,2685,2022-02-18,2022-02-28,-0.0177161244498015,2022,2021-12-31,learned_market,20260912,0.7133251277073638,0.7133251277073638,1,0
rolling5_quarterly20,2690,2022-02-25,2022-03-07,-0.0221791776043331,2022,2021-12-31,learned_market,20260912,0.7021196640037924,0.7021196640037924,1,0
rolling5_quarterly20,2695,2022-03-04,2022-03-14,-0.0480378799422749,2022,2021-12-31,learned_market,20260912,0.719986373445646,0.719986373445646,1,0
rolling5_quarterly20,2700,2022-03-11,2022-03-21,0.007530336734814,2022,2021-12-31,learned_market,20260912,0.6467498960464059,0.6467498960464059,1,1
rolling5_quarterly20,2705,2022-03-18,2022-03-28,-0.0353493110038457,2022,2021-12-31,learned_market,20260912,0.6307138428823564,0.6307138428823564,1,0
rolling5_quarterly20,2710,2022-03-25,2022-04-06,0.0314834190717003,2022,2021-12-31,learned_market,20260912,0.5581715372656506,0.5581715372656506,1,1
rolling5_quarterly20,2660,2022-01-07,2022-01-17,-0.0173453887283024,2022,2021-12-31,learned_vol_interaction,20260912,0.7072606777672634,0.7072606777672634,1,0
rolling5_quarterly20,2665,2022-01-14,2022-01-24,0.0053248631776616,2022,2021-12-31,learned_vol_interaction,20260912,0.5232340507750105,0.5232340507750105,1,1
rolling5_quarterly20,2670,2022-01-21,2022-02-07,-0.0242661876254222,2022,2021-12-31,learned_vol_interaction,20260912,0.723517227135196,0.723517227135196,1,0
rolling5_quarterly20,2675,2022-01-28,2022-02-14,-0.0127539031341488,2022,2021-12-31,learned_vol_interaction,20260912,0.5573504263949657,0.5573504263949657,1,0
rolling5_quarterly20,2680,2022-02-11,2022-02-21,0.0145498774954033,2022,2021-12-31,learned_vol_interaction,20260912,0.6206875889696911,0.6206875889696911,1,1
rolling5_quarterly20,2685,2022-02-18,2022-02-28,-0.0177161244498015,2022,2021-12-31,learned_vol_interaction,20260912,0.7137718136904925,0.7137718136904925,1,0
rolling5_quarterly20,2690,2022-02-25,2022-03-07,-0.0221791776043331,2022,2021-12-31,learned_vol_interaction,20260912,0.6900080859244496,0.6900080859244496,1,0
rolling5_quarterly20,2695,2022-03-04,2022-03-14,-0.0480378799422749,2022,2021-12-31,learned_vol_interaction,20260912,0.7251850433232085,0.7251850433232085,1,0
rolling5_quarterly20,2700,2022-03-11,2022-03-21,0.007530336734814,2022,2021-12-31,learned_vol_interaction,20260912,0.6323197465308961,0.6323197465308961,1,1
rolling5_quarterly20,2705,2022-03-18,2022-03-28,-0.0353493110038457,2022,2021-12-31,learned_vol_interaction,20260912,0.5933343778810724,0.5933343778810724,1,0
rolling5_quarterly20,2710,2022-03-25,2022-04-06,0.0314834190717003,2022,2021-12-31,learned_vol_interaction,20260912,0.5562710543563346,0.5562710543563346,1,1
rolling5_quarterly20,2660,2022-01-07,2022-01-17,-0.0173453887283024,2022,2021-12-31,learned_order_extension,20260912,0.7021249449389755,0.7021249449389755,1,0
rolling5_quarterly20,2665,2022-01-14,2022-01-24,0.0053248631776616,2022,2021-12-31,learned_order_extension,20260912,0.519422850065438,0.519422850065438,1,1
rolling5_quarterly20,2670,2022-01-21,2022-02-07,-0.0242661876254222,2022,2021-12-31,learned_order_extension,20260912,0.7149761694840576,0.7149761694840576,1,0
rolling5_quarterly20,2675,2022-01-28,2022-02-14,-0.0127539031341488,2022,2021-12-31,learned_order_extension,20260912,0.5563462821352916,0.5563462821352916,1,0
rolling5_quarterly20,2680,2022-02-11,2022-02-21,0.0145498774954033,2022,2021-12-31,learned_order_extension,20260912,0.6112227291481532,0.6112227291481532,1,1
rolling5_quarterly20,2685,2022-02-18,2022-02-28,-0.0177161244498015,2022,2021-12-31,learned_order_extension,20260912,0.7082710857336353,0.7082710857336353,1,0
rolling5_quarterly20,2690,2022-02-25,2022-03-07,-0.0221791776043331,2022,2021-12-31,learned_order_extension,20260912,0.672646545498505,0.672646545498505,1,0
rolling5_quarterly20,2695,2022-03-04,2022-03-14,-0.0480378799422749,2022,2021-12-31,learned_order_extension,20260912,0.7063888110552541,0.7063888110552541,1,0
rolling5_quarterly20,2700,2022-03-11,2022-03-21,0.007530336734814,2022,2021-12-31,learned_order_extension,20260912,0.6284040084971629,0.6284040084971629,1,1
rolling5_quarterly20,2705,2022-03-18,2022-03-28,-0.0353493110038457,2022,2021-12-31,learned_order_extension,20260912,0.5929220651203073,0.5929220651203073,1,0
rolling5_quarterly20,2710,2022-03-25,2022-04-06,0.0314834190717003,2022,2021-12-31,learned_order_extension,20260912,0.560900893741765,0.560900893741765,1,1
rolling5_quarterly20,2660,2022-01-07,2022-01-17,-0.0173453887283024,2022,2021-12-31,learned_order_offset,20260912,0.7021002597589074,0.7021002597589074,1,0
rolling5_quarterly20,2665,2022-01-14,2022-01-24,0.0053248631776616,2022,2021-12-31,learned_order_offset,20260912,0.5194500670143739,0.5194500670143739,1,1
rolling5_quarterly20,2670,2022-01-21,2022-02-07,-0.0242661876254222,2022,2021-12-31,learned_order_offset,20260912,0.7150659531425939,0.7150659531425939,1,0
rolling5_quarterly20,2675,2022-01-28,2022-02-14,-0.0127539031341488,2022,2021-12-31,learned_order_offset,20260912,0.5563566039667686,0.5563566039667686,1,0
rolling5_quarterly20,2680,2022-02-11,2022-02-21,0.0145498774954033,2022,2021-12-31,learned_order_offset,20260912,0.6110482909835675,0.6110482909835675,1,1
rolling5_quarterly20,2685,2022-02-18,2022-02-28,-0.0177161244498015,2022,2021-12-31,learned_order_offset,20260912,0.7082662053268953,0.7082662053268953,1,0
rolling5_quarterly20,2690,2022-02-25,2022-03-07,-0.0221791776043331,2022,2021-12-31,learned_order_offset,20260912,0.6726443299723985,0.6726443299723985,1,0
rolling5_quarterly20,2695,2022-03-04,2022-03-14,-0.0480378799422749,2022,2021-12-31,learned_order_offset,20260912,0.7063540116439039,0.7063540116439039,1,0
rolling5_quarterly20,2700,2022-03-11,2022-03-21,0.007530336734814,2022,2021-12-31,learned_order_offset,20260912,0.6284302090313957,0.6284302090313957,1,1
rolling5_quarterly20,2705,2022-03-18,2022-03-28,-0.0353493110038457,2022,2021-12-31,learned_order_offset,20260912,0.5930408007656572,0.5930408007656572,1,0
rolling5_quarterly20,2710,2022-03-25,2022-04-06,0.0314834190717003,2022,2021-12-31,learned_order_offset,20260912,0.5609837979969954,0.5609837979969954,1,1
rolling5_quarterly20,2660,2022-01-07,2022-01-17,-0.0173453887283024,2022,2021-12-31,native_mse,20260912,0.001814179283598589,,1,0
rolling5_quarterly20,2665,2022-01-14,2022-01-24,0.0053248631776616,2022,2021-12-31,native_mse,20260912,0.0008133505012356114,,1,1
rolling5_quarterly20,2670,2022-01-21,2022-02-07,-0.0242661876254222,2022,2021-12-31,native_mse,20260912,0.003394922189452561,,1,0
rolling5_quarterly20,2675,2022-01-28,2022-02-14,-0.0127539031341488,2022,2021-12-31,native_mse,20260912,0.001858669558311765,,1,0
rolling5_quarterly20,2680,2022-02-11,2022-02-21,0.0145498774954033,2022,2021-12-31,native_mse,20260912,0.003479305001395758,,1,1
rolling5_quarterly20,2685,2022-02-18,2022-02-28,-0.0177161244498015,2022,2021-12-31,native_mse,20260912,0.00484344917433416,,1,0
rolling5_quarterly20,2690,2022-02-25,2022-03-07,-0.0221791776043331,2022,2021-12-31,native_mse,20260912,0.004930593592929232,,1,0
rolling5_quarterly20,2695,2022-03-04,2022-03-14,-0.0480378799422749,2022,2021-12-31,native_mse,20260912,0.004780982951547397,,1,0
rolling5_quarterly20,2700,2022-03-11,2022-03-21,0.007530336734814,2022,2021-12-31,native_mse,20260912,0.004193854635787947,,1,1
rolling5_quarterly20,2705,2022-03-18,2022-03-28,-0.0353493110038457,2022,2021-12-31,native_mse,20260912,0.004396502651581285,,1,0
rolling5_quarterly20,2710,2022-03-25,2022-04-06,0.0314834190717003,2022,2021-12-31,native_mse,20260912,0.0036897334948297125,,1,1
rolling5_quarterly20,2715,2022-04-01,2022-04-12,-0.0129237372705649,2022,2022-03-31,learned_market,20260910,0.6657610806617622,0.6657610806617622,1,0
rolling5_quarterly20,2718,2022-04-08,2022-04-18,-0.0120986062576864,2022,2022-03-31,learned_market,20260910,0.7123136893944411,0.7123136893944411,1,0
rolling5_quarterly20,2723,2022-04-15,2022-04-25,-0.0528494340140576,2022,2022-03-31,learned_market,20260910,0.6963272343274004,0.6963272343274004,1,0
rolling5_quarterly20,2728,2022-04-22,2022-05-05,0.015736821365468,2022,2022-03-31,learned_market,20260910,0.6434034460933518,0.6434034460933518,1,1
rolling5_quarterly20,2733,2022-04-29,2022-05-11,-0.0278824133054675,2022,2022-03-31,learned_market,20260910,0.6314169752483431,0.6314169752483431,1,0
rolling5_quarterly20,2735,2022-05-06,2022-05-16,0.033741423035827,2022,2022-03-31,learned_market,20260910,0.6899883787809881,0.6899883787809881,1,1
rolling5_quarterly20,2740,2022-05-13,2022-05-23,0.0164308841843088,2022,2022-03-31,learned_market,20260910,0.611028423826379,0.611028423826379,1,1
rolling5_quarterly20,2745,2022-05-20,2022-05-30,-0.0147293413085614,2022,2022-03-31,learned_market,20260910,0.6166213960855893,0.6166213960855893,1,0
rolling5_quarterly20,2750,2022-05-27,2022-06-13,0.0431748431927498,2022,2022-03-31,learned_market,20260910,0.6143808697958796,0.6143808697958796,1,1
rolling5_quarterly20,2759,2022-06-10,2022-06-20,0.0306046547112142,2022,2022-03-31,learned_market,20260910,0.5202851547615872,0.5202851547615872,1,1
rolling5_quarterly20,2764,2022-06-17,2022-06-27,0.0211666894141107,2022,2022-03-31,learned_market,20260910,0.48173801434619434,0.48173801434619434,0,1
rolling5_quarterly20,2769,2022-06-24,2022-07-04,0.0074507343130214,2022,2022-03-31,learned_market,20260910,0.46507170446278023,0.46507170446278023,0,1
rolling5_quarterly20,2715,2022-04-01,2022-04-12,-0.0129237372705649,2022,2022-03-31,learned_vol_interaction,20260910,0.621754775755741,0.621754775755741,1,0
rolling5_quarterly20,2718,2022-04-08,2022-04-18,-0.0120986062576864,2022,2022-03-31,learned_vol_interaction,20260910,0.6609553889957375,0.6609553889957375,1,0
rolling5_quarterly20,2723,2022-04-15,2022-04-25,-0.0528494340140576,2022,2022-03-31,learned_vol_interaction,20260910,0.6879401915781087,0.6879401915781087,1,0
rolling5_quarterly20,2728,2022-04-22,2022-05-05,0.015736821365468,2022,2022-03-31,learned_vol_interaction,20260910,0.6345392825311976,0.6345392825311976,1,1
rolling5_quarterly20,2733,2022-04-29,2022-05-11,-0.0278824133054675,2022,2022-03-31,learned_vol_interaction,20260910,0.5945380953525474,0.5945380953525474,1,0
rolling5_quarterly20,2735,2022-05-06,2022-05-16,0.033741423035827,2022,2022-03-31,learned_vol_interaction,20260910,0.6429671921214314,0.6429671921214314,1,1
rolling5_quarterly20,2740,2022-05-13,2022-05-23,0.0164308841843088,2022,2022-03-31,learned_vol_interaction,20260910,0.6082702387255048,0.6082702387255048,1,1
rolling5_quarterly20,2745,2022-05-20,2022-05-30,-0.0147293413085614,2022,2022-03-31,learned_vol_interaction,20260910,0.5804442543367117,0.5804442543367117,1,0
rolling5_quarterly20,2750,2022-05-27,2022-06-13,0.0431748431927498,2022,2022-03-31,learned_vol_interaction,20260910,0.5946973151533957,0.5946973151533957,1,1
rolling5_quarterly20,2759,2022-06-10,2022-06-20,0.0306046547112142,2022,2022-03-31,learned_vol_interaction,20260910,0.498937097541101,0.498937097541101,0,1
rolling5_quarterly20,2764,2022-06-17,2022-06-27,0.0211666894141107,2022,2022-03-31,learned_vol_interaction,20260910,0.4860601438542216,0.4860601438542216,0,1
rolling5_quarterly20,2769,2022-06-24,2022-07-04,0.0074507343130214,2022,2022-03-31,learned_vol_interaction,20260910,0.4310539709625373,0.4310539709625373,0,1
rolling5_quarterly20,2715,2022-04-01,2022-04-12,-0.0129237372705649,2022,2022-03-31,learned_order_extension,20260910,0.6146800453071823,0.6146800453071823,1,0
rolling5_quarterly20,2718,2022-04-08,2022-04-18,-0.0120986062576864,2022,2022-03-31,learned_order_extension,20260910,0.6614951871904194,0.6614951871904194,1,0
rolling5_quarterly20,2723,2022-04-15,2022-04-25,-0.0528494340140576,2022,2022-03-31,learned_order_extension,20260910,0.7112874988814653,0.7112874988814653,1,0
rolling5_quarterly20,2728,2022-04-22,2022-05-05,0.015736821365468,2022,2022-03-31,learned_order_extension,20260910,0.6382138031241997,0.6382138031241997,1,1
rolling5_quarterly20,2733,2022-04-29,2022-05-11,-0.0278824133054675,2022,2022-03-31,learned_order_extension,20260910,0.5709049502534009,0.5709049502534009,1,0
rolling5_quarterly20,2735,2022-05-06,2022-05-16,0.033741423035827,2022,2022-03-31,learned_order_extension,20260910,0.6132738646426721,0.6132738646426721,1,1
rolling5_quarterly20,2740,2022-05-13,2022-05-23,0.0164308841843088,2022,2022-03-31,learned_order_extension,20260910,0.6030346603313684,0.6030346603313684,1,1
rolling5_quarterly20,2745,2022-05-20,2022-05-30,-0.0147293413085614,2022,2022-03-31,learned_order_extension,20260910,0.5669212103678467,0.5669212103678467,1,0
rolling5_quarterly20,2750,2022-05-27,2022-06-13,0.0431748431927498,2022,2022-03-31,learned_order_extension,20260910,0.5809395705683814,0.5809395705683814,1,1
rolling5_quarterly20,2759,2022-06-10,2022-06-20,0.0306046547112142,2022,2022-03-31,learned_order_extension,20260910,0.49769381237602517,0.49769381237602517,0,1
rolling5_quarterly20,2764,2022-06-17,2022-06-27,0.0211666894141107,2022,2022-03-31,learned_order_extension,20260910,0.5027821946687203,0.5027821946687203,1,1
rolling5_quarterly20,2769,2022-06-24,2022-07-04,0.0074507343130214,2022,2022-03-31,learned_order_extension,20260910,0.40448302205454145,0.40448302205454145,0,1
rolling5_quarterly20,2715,2022-04-01,2022-04-12,-0.0129237372705649,2022,2022-03-31,learned_order_offset,20260910,0.6138925875039757,0.6138925875039757,1,0
rolling5_quarterly20,2718,2022-04-08,2022-04-18,-0.0120986062576864,2022,2022-03-31,learned_order_offset,20260910,0.660721538339991,0.660721538339991,1,0
rolling5_quarterly20,2723,2022-04-15,2022-04-25,-0.0528494340140576,2022,2022-03-31,learned_order_offset,20260910,0.7104643266264489,0.7104643266264489,1,0
rolling5_quarterly20,2728,2022-04-22,2022-05-05,0.015736821365468,2022,2022-03-31,learned_order_offset,20260910,0.6371294441859645,0.6371294441859645,1,1
rolling5_quarterly20,2733,2022-04-29,2022-05-11,-0.0278824133054675,2022,2022-03-31,learned_order_offset,20260910,0.5701752157135338,0.5701752157135338,1,0
rolling5_quarterly20,2735,2022-05-06,2022-05-16,0.033741423035827,2022,2022-03-31,learned_order_offset,20260910,0.6126097443186246,0.6126097443186246,1,1
rolling5_quarterly20,2740,2022-05-13,2022-05-23,0.0164308841843088,2022,2022-03-31,learned_order_offset,20260910,0.6023715142134911,0.6023715142134911,1,1
rolling5_quarterly20,2745,2022-05-20,2022-05-30,-0.0147293413085614,2022,2022-03-31,learned_order_offset,20260910,0.5659841669568837,0.5659841669568837,1,0
rolling5_quarterly20,2750,2022-05-27,2022-06-13,0.0431748431927498,2022,2022-03-31,learned_order_offset,20260910,0.579926763428582,0.579926763428582,1,1
rolling5_quarterly20,2759,2022-06-10,2022-06-20,0.0306046547112142,2022,2022-03-31,learned_order_offset,20260910,0.49691231408195363,0.49691231408195363,0,1
rolling5_quarterly20,2764,2022-06-17,2022-06-27,0.0211666894141107,2022,2022-03-31,learned_order_offset,20260910,0.5027183259061064,0.5027183259061064,1,1
rolling5_quarterly20,2769,2022-06-24,2022-07-04,0.0074507343130214,2022,2022-03-31,learned_order_offset,20260910,0.4040164515795055,0.4040164515795055,0,1
rolling5_quarterly20,2715,2022-04-01,2022-04-12,-0.0129237372705649,2022,2022-03-31,native_mse,20260910,0.007824732697636384,,1,0
rolling5_quarterly20,2718,2022-04-08,2022-04-18,-0.0120986062576864,2022,2022-03-31,native_mse,20260910,0.009073654014535044,,1,0
rolling5_quarterly20,2723,2022-04-15,2022-04-25,-0.0528494340140576,2022,2022-03-31,native_mse,20260910,0.008957164505987995,,1,0
rolling5_quarterly20,2728,2022-04-22,2022-05-05,0.015736821365468,2022,2022-03-31,native_mse,20260910,0.007311631200230853,,1,1
rolling5_quarterly20,2733,2022-04-29,2022-05-11,-0.0278824133054675,2022,2022-03-31,native_mse,20260910,0.005913657394214247,,1,0
rolling5_quarterly20,2735,2022-05-06,2022-05-16,0.033741423035827,2022,2022-03-31,native_mse,20260910,0.0070191838714370675,,1,1
rolling5_quarterly20,2740,2022-05-13,2022-05-23,0.0164308841843088,2022,2022-03-31,native_mse,20260910,0.004108975894773187,,1,1
rolling5_quarterly20,2745,2022-05-20,2022-05-30,-0.0147293413085614,2022,2022-03-31,native_mse,20260910,0.004894090727918527,,1,0
rolling5_quarterly20,2750,2022-05-27,2022-06-13,0.0431748431927498,2022,2022-03-31,native_mse,20260910,0.0024650408687258997,,1,1
rolling5_quarterly20,2759,2022-06-10,2022-06-20,0.0306046547112142,2022,2022-03-31,native_mse,20260910,0.0013405050053833108,,1,1
rolling5_quarterly20,2764,2022-06-17,2022-06-27,0.0211666894141107,2022,2022-03-31,native_mse,20260910,-0.002147702942218299,,0,1
rolling5_quarterly20,2769,2022-06-24,2022-07-04,0.0074507343130214,2022,2022-03-31,native_mse,20260910,-0.0012825694140970278,,0,1
rolling5_quarterly20,2715,2022-04-01,2022-04-12,-0.0129237372705649,2022,2022-03-31,training_frequency,-1,0.5264462809917355,0.5264462809917355,1,0
rolling5_quarterly20,2718,2022-04-08,2022-04-18,-0.0120986062576864,2022,2022-03-31,training_frequency,-1,0.5264462809917355,0.5264462809917355,1,0
rolling5_quarterly20,2723,2022-04-15,2022-04-25,-0.0528494340140576,2022,2022-03-31,training_frequency,-1,0.5264462809917355,0.5264462809917355,1,0
rolling5_quarterly20,2728,2022-04-22,2022-05-05,0.015736821365468,2022,2022-03-31,training_frequency,-1,0.5264462809917355,0.5264462809917355,1,1
rolling5_quarterly20,2733,2022-04-29,2022-05-11,-0.0278824133054675,2022,2022-03-31,training_frequency,-1,0.5264462809917355,0.5264462809917355,1,0
rolling5_quarterly20,2735,2022-05-06,2022-05-16,0.033741423035827,2022,2022-03-31,training_frequency,-1,0.5264462809917355,0.5264462809917355,1,1
rolling5_quarterly20,2740,2022-05-13,2022-05-23,0.0164308841843088,2022,2022-03-31,training_frequency,-1,0.5264462809917355,0.5264462809917355,1,1
rolling5_quarterly20,2745,2022-05-20,2022-05-30,-0.0147293413085614,2022,2022-03-31,training_frequency,-1,0.5264462809917355,0.5264462809917355,1,0
rolling5_quarterly20,2750,2022-05-27,2022-06-13,0.0431748431927498,2022,2022-03-31,training_frequency,-1,0.5264462809917355,0.5264462809917355,1,1
rolling5_quarterly20,2759,2022-06-10,2022-06-20,0.0306046547112142,2022,2022-03-31,training_frequency,-1,0.5264462809917355,0.5264462809917355,1,1
rolling5_quarterly20,2764,2022-06-17,2022-06-27,0.0211666894141107,2022,2022-03-31,training_frequency,-1,0.5264462809917355,0.5264462809917355,1,1
rolling5_quarterly20,2769,2022-06-24,2022-07-04,0.0074507343130214,2022,2022-03-31,training_frequency,-1,0.5264462809917355,0.5264462809917355,1,1
rolling5_quarterly20,2715,2022-04-01,2022-04-12,-0.0129237372705649,2022,2022-03-31,learned_market,20260911,0.4815259691689039,0.4815259691689039,0,0
rolling5_quarterly20,2718,2022-04-08,2022-04-18,-0.0120986062576864,2022,2022-03-31,learned_market,20260911,0.5421340930355624,0.5421340930355624,1,0
rolling5_quarterly20,2723,2022-04-15,2022-04-25,-0.0528494340140576,2022,2022-03-31,learned_market,20260911,0.4828312846147989,0.4828312846147989,0,0
rolling5_quarterly20,2728,2022-04-22,2022-05-05,0.015736821365468,2022,2022-03-31,learned_market,20260911,0.5253844299313556,0.5253844299313556,1,1
rolling5_quarterly20,2733,2022-04-29,2022-05-11,-0.0278824133054675,2022,2022-03-31,learned_market,20260911,0.3861232602155503,0.3861232602155503,0,0
rolling5_quarterly20,2735,2022-05-06,2022-05-16,0.033741423035827,2022,2022-03-31,learned_market,20260911,0.431761334469292,0.431761334469292,0,1
rolling5_quarterly20,2740,2022-05-13,2022-05-23,0.0164308841843088,2022,2022-03-31,learned_market,20260911,0.43967018284867626,0.43967018284867626,0,1
rolling5_quarterly20,2745,2022-05-20,2022-05-30,-0.0147293413085614,2022,2022-03-31,learned_market,20260911,0.34575076177848985,0.34575076177848985,0,0
rolling5_quarterly20,2750,2022-05-27,2022-06-13,0.0431748431927498,2022,2022-03-31,learned_market,20260911,0.4603768763652326,0.4603768763652326,0,1
rolling5_quarterly20,2759,2022-06-10,2022-06-20,0.0306046547112142,2022,2022-03-31,learned_market,20260911,0.4601261855133546,0.4601261855133546,0,1
rolling5_quarterly20,2764,2022-06-17,2022-06-27,0.0211666894141107,2022,2022-03-31,learned_market,20260911,0.40487552020943185,0.40487552020943185,0,1
rolling5_quarterly20,2769,2022-06-24,2022-07-04,0.0074507343130214,2022,2022-03-31,learned_market,20260911,0.5697881490301063,0.5697881490301063,1,1
rolling5_quarterly20,2715,2022-04-01,2022-04-12,-0.0129237372705649,2022,2022-03-31,learned_vol_interaction,20260911,0.47623087868885333,0.47623087868885333,0,0
rolling5_quarterly20,2718,2022-04-08,2022-04-18,-0.0120986062576864,2022,2022-03-31,learned_vol_interaction,20260911,0.5416134229317182,0.5416134229317182,1,0
rolling5_quarterly20,2723,2022-04-15,2022-04-25,-0.0528494340140576,2022,2022-03-31,learned_vol_interaction,20260911,0.48203231391547685,0.48203231391547685,0,0
rolling5_quarterly20,2728,2022-04-22,2022-05-05,0.015736821365468,2022,2022-03-31,learned_vol_interaction,20260911,0.5290332538181589,0.5290332538181589,1,1
rolling5_quarterly20,2733,2022-04-29,2022-05-11,-0.0278824133054675,2022,2022-03-31,learned_vol_interaction,20260911,0.3752220465537482,0.3752220465537482,0,0
rolling5_quarterly20,2735,2022-05-06,2022-05-16,0.033741423035827,2022,2022-03-31,learned_vol_interaction,20260911,0.4223137822973929,0.4223137822973929,0,1
rolling5_quarterly20,2740,2022-05-13,2022-05-23,0.0164308841843088,2022,2022-03-31,learned_vol_interaction,20260911,0.43397322571487895,0.43397322571487895,0,1
rolling5_quarterly20,2745,2022-05-20,2022-05-30,-0.0147293413085614,2022,2022-03-31,learned_vol_interaction,20260911,0.33471498397754124,0.33471498397754124,0,0
rolling5_quarterly20,2750,2022-05-27,2022-06-13,0.0431748431927498,2022,2022-03-31,learned_vol_interaction,20260911,0.4618137673589965,0.4618137673589965,0,1
rolling5_quarterly20,2759,2022-06-10,2022-06-20,0.0306046547112142,2022,2022-03-31,learned_vol_interaction,20260911,0.46602514213624563,0.46602514213624563,0,1
rolling5_quarterly20,2764,2022-06-17,2022-06-27,0.0211666894141107,2022,2022-03-31,learned_vol_interaction,20260911,0.4109118324626241,0.4109118324626241,0,1
rolling5_quarterly20,2769,2022-06-24,2022-07-04,0.0074507343130214,2022,2022-03-31,learned_vol_interaction,20260911,0.5729496864050265,0.5729496864050265,1,1
rolling5_quarterly20,2715,2022-04-01,2022-04-12,-0.0129237372705649,2022,2022-03-31,learned_order_extension,20260911,0.46891680480273806,0.46891680480273806,0,0
rolling5_quarterly20,2718,2022-04-08,2022-04-18,-0.0120986062576864,2022,2022-03-31,learned_order_extension,20260911,0.543149866515817,0.543149866515817,1,0
rolling5_quarterly20,2723,2022-04-15,2022-04-25,-0.0528494340140576,2022,2022-03-31,learned_order_extension,20260911,0.4577946427277639,0.4577946427277639,0,0
rolling5_quarterly20,2728,2022-04-22,2022-05-05,0.015736821365468,2022,2022-03-31,learned_order_extension,20260911,0.5464849088542789,0.5464849088542789,1,1
rolling5_quarterly20,2733,2022-04-29,2022-05-11,-0.0278824133054675,2022,2022-03-31,learned_order_extension,20260911,0.39761106387355716,0.39761106387355716,0,0
rolling5_quarterly20,2735,2022-05-06,2022-05-16,0.033741423035827,2022,2022-03-31,learned_order_extension,20260911,0.43854560732970044,0.43854560732970044,0,1
rolling5_quarterly20,2740,2022-05-13,2022-05-23,0.0164308841843088,2022,2022-03-31,learned_order_extension,20260911,0.4577708786421143,0.4577708786421143,0,1
rolling5_quarterly20,2745,2022-05-20,2022-05-30,-0.0147293413085614,2022,2022-03-31,learned_order_extension,20260911,0.2923736209066001,0.2923736209066001,0,0
rolling5_quarterly20,2750,2022-05-27,2022-06-13,0.0431748431927498,2022,2022-03-31,learned_order_extension,20260911,0.4679547018163603,0.4679547018163603,0,1
rolling5_quarterly20,2759,2022-06-10,2022-06-20,0.0306046547112142,2022,2022-03-31,learned_order_extension,20260911,0.4433288317145274,0.4433288317145274,0,1
rolling5_quarterly20,2764,2022-06-17,2022-06-27,0.0211666894141107,2022,2022-03-31,learned_order_extension,20260911,0.35315643153231446,0.35315643153231446,0,1
rolling5_quarterly20,2769,2022-06-24,2022-07-04,0.0074507343130214,2022,2022-03-31,learned_order_extension,20260911,0.5845605439498828,0.5845605439498828,1,1
rolling5_quarterly20,2715,2022-04-01,2022-04-12,-0.0129237372705649,2022,2022-03-31,learned_order_offset,20260911,0.46891668911105494,0.46891668911105494,0,0
rolling5_quarterly20,2718,2022-04-08,2022-04-18,-0.0120986062576864,2022,2022-03-31,learned_order_offset,20260911,0.5445942639442958,0.5445942639442958,1,0
rolling5_quarterly20,2723,2022-04-15,2022-04-25,-0.0528494340140576,2022,2022-03-31,learned_order_offset,20260911,0.45877198866722413,0.45877198866722413,0,0
rolling5_quarterly20,2728,2022-04-22,2022-05-05,0.015736821365468,2022,2022-03-31,learned_order_offset,20260911,0.5475544222706673,0.5475544222706673,1,1
rolling5_quarterly20,2733,2022-04-29,2022-05-11,-0.0278824133054675,2022,2022-03-31,learned_order_offset,20260911,0.3963343724928461,0.3963343724928461,0,0
rolling5_quarterly20,2735,2022-05-06,2022-05-16,0.033741423035827,2022,2022-03-31,learned_order_offset,20260911,0.43765491714302224,0.43765491714302224,0,1
rolling5_quarterly20,2740,2022-05-13,2022-05-23,0.0164308841843088,2022,2022-03-31,learned_order_offset,20260911,0.4574914035626185,0.4574914035626185,0,1
rolling5_quarterly20,2745,2022-05-20,2022-05-30,-0.0147293413085614,2022,2022-03-31,learned_order_offset,20260911,0.2913831565695459,0.2913831565695459,0,0
rolling5_quarterly20,2750,2022-05-27,2022-06-13,0.0431748431927498,2022,2022-03-31,learned_order_offset,20260911,0.4690541817989307,0.4690541817989307,0,1
rolling5_quarterly20,2759,2022-06-10,2022-06-20,0.0306046547112142,2022,2022-03-31,learned_order_offset,20260911,0.44378194725267606,0.44378194725267606,0,1
rolling5_quarterly20,2764,2022-06-17,2022-06-27,0.0211666894141107,2022,2022-03-31,learned_order_offset,20260911,0.3549040773239369,0.3549040773239369,0,1
rolling5_quarterly20,2769,2022-06-24,2022-07-04,0.0074507343130214,2022,2022-03-31,learned_order_offset,20260911,0.5848785714039653,0.5848785714039653,1,1
rolling5_quarterly20,2715,2022-04-01,2022-04-12,-0.0129237372705649,2022,2022-03-31,native_mse,20260911,0.0039471317447760685,,1,0
rolling5_quarterly20,2718,2022-04-08,2022-04-18,-0.0120986062576864,2022,2022-03-31,native_mse,20260911,0.0017451788683221648,,1,0
rolling5_quarterly20,2723,2022-04-15,2022-04-25,-0.0528494340140576,2022,2022-03-31,native_mse,20260911,-0.00042776760404798645,,0,0
rolling5_quarterly20,2728,2022-04-22,2022-05-05,0.015736821365468,2022,2022-03-31,native_mse,20260911,0.0006517030550885627,,1,1
rolling5_quarterly20,2733,2022-04-29,2022-05-11,-0.0278824133054675,2022,2022-03-31,native_mse,20260911,-0.002866141404684044,,0,0
rolling5_quarterly20,2735,2022-05-06,2022-05-16,0.033741423035827,2022,2022-03-31,native_mse,20260911,-0.005349763572902354,,0,1
rolling5_quarterly20,2740,2022-05-13,2022-05-23,0.0164308841843088,2022,2022-03-31,native_mse,20260911,-0.005938680576450755,,0,1
rolling5_quarterly20,2745,2022-05-20,2022-05-30,-0.0147293413085614,2022,2022-03-31,native_mse,20260911,-0.009162856600872783,,0,0
rolling5_quarterly20,2750,2022-05-27,2022-06-13,0.0431748431927498,2022,2022-03-31,native_mse,20260911,-0.005025113697774359,,0,1
rolling5_quarterly20,2759,2022-06-10,2022-06-20,0.0306046547112142,2022,2022-03-31,native_mse,20260911,-0.002405244467902704,,0,1
rolling5_quarterly20,2764,2022-06-17,2022-06-27,0.0211666894141107,2022,2022-03-31,native_mse,20260911,-0.007807299313240273,,0,1
rolling5_quarterly20,2769,2022-06-24,2022-07-04,0.0074507343130214,2022,2022-03-31,native_mse,20260911,0.00044936449405173177,,1,1
rolling5_quarterly20,2715,2022-04-01,2022-04-12,-0.0129237372705649,2022,2022-03-31,learned_market,20260912,0.6409007289416275,0.6409007289416275,1,0
rolling5_quarterly20,2718,2022-04-08,2022-04-18,-0.0120986062576864,2022,2022-03-31,learned_market,20260912,0.5629455287787022,0.5629455287787022,1,0
rolling5_quarterly20,2723,2022-04-15,2022-04-25,-0.0528494340140576,2022,2022-03-31,learned_market,20260912,0.4647743359451959,0.4647743359451959,0,0
rolling5_quarterly20,2728,2022-04-22,2022-05-05,0.015736821365468,2022,2022-03-31,learned_market,20260912,0.554981064432588,0.554981064432588,1,1
rolling5_quarterly20,2733,2022-04-29,2022-05-11,-0.0278824133054675,2022,2022-03-31,learned_market,20260912,0.3600930200650127,0.3600930200650127,0,0
rolling5_quarterly20,2735,2022-05-06,2022-05-16,0.033741423035827,2022,2022-03-31,learned_market,20260912,0.48439478947278386,0.48439478947278386,0,1
rolling5_quarterly20,2740,2022-05-13,2022-05-23,0.0164308841843088,2022,2022-03-31,learned_market,20260912,0.38671202364194257,0.38671202364194257,0,1
rolling5_quarterly20,2745,2022-05-20,2022-05-30,-0.0147293413085614,2022,2022-03-31,learned_market,20260912,0.42924813229484465,0.42924813229484465,0,0
rolling5_quarterly20,2750,2022-05-27,2022-06-13,0.0431748431927498,2022,2022-03-31,learned_market,20260912,0.4198080071928659,0.4198080071928659,0,1
rolling5_quarterly20,2759,2022-06-10,2022-06-20,0.0306046547112142,2022,2022-03-31,learned_market,20260912,0.5013549366062531,0.5013549366062531,1,1
rolling5_quarterly20,2764,2022-06-17,2022-06-27,0.0211666894141107,2022,2022-03-31,learned_market,20260912,0.3836760206409566,0.3836760206409566,0,1
rolling5_quarterly20,2769,2022-06-24,2022-07-04,0.0074507343130214,2022,2022-03-31,learned_market,20260912,0.473763043416294,0.473763043416294,0,1
rolling5_quarterly20,2715,2022-04-01,2022-04-12,-0.0129237372705649,2022,2022-03-31,learned_vol_interaction,20260912,0.6574609681848205,0.6574609681848205,1,0
rolling5_quarterly20,2718,2022-04-08,2022-04-18,-0.0120986062576864,2022,2022-03-31,learned_vol_interaction,20260912,0.5627042877505288,0.5627042877505288,1,0
rolling5_quarterly20,2723,2022-04-15,2022-04-25,-0.0528494340140576,2022,2022-03-31,learned_vol_interaction,20260912,0.4617012538694167,0.4617012538694167,0,0
rolling5_quarterly20,2728,2022-04-22,2022-05-05,0.015736821365468,2022,2022-03-31,learned_vol_interaction,20260912,0.5584618379590809,0.5584618379590809,1,1
rolling5_quarterly20,2733,2022-04-29,2022-05-11,-0.0278824133054675,2022,2022-03-31,learned_vol_interaction,20260912,0.3429423201346178,0.3429423201346178,0,0
rolling5_quarterly20,2735,2022-05-06,2022-05-16,0.033741423035827,2022,2022-03-31,learned_vol_interaction,20260912,0.48095693906306985,0.48095693906306985,0,1
rolling5_quarterly20,2740,2022-05-13,2022-05-23,0.0164308841843088,2022,2022-03-31,learned_vol_interaction,20260912,0.3689017582965388,0.3689017582965388,0,1
rolling5_quarterly20,2745,2022-05-20,2022-05-30,-0.0147293413085614,2022,2022-03-31,learned_vol_interaction,20260912,0.42031216740148786,0.42031216740148786,0,0
rolling5_quarterly20,2750,2022-05-27,2022-06-13,0.0431748431927498,2022,2022-03-31,learned_vol_interaction,20260912,0.4129643967015287,0.4129643967015287,0,1
rolling5_quarterly20,2759,2022-06-10,2022-06-20,0.0306046547112142,2022,2022-03-31,learned_vol_interaction,20260912,0.5085047996267403,0.5085047996267403,1,1
rolling5_quarterly20,2764,2022-06-17,2022-06-27,0.0211666894141107,2022,2022-03-31,learned_vol_interaction,20260912,0.3928699473602718,0.3928699473602718,0,1
rolling5_quarterly20,2769,2022-06-24,2022-07-04,0.0074507343130214,2022,2022-03-31,learned_vol_interaction,20260912,0.47804613083259956,0.47804613083259956,0,1
rolling5_quarterly20,2715,2022-04-01,2022-04-12,-0.0129237372705649,2022,2022-03-31,learned_order_extension,20260912,0.660750367137052,0.660750367137052,1,0
rolling5_quarterly20,2718,2022-04-08,2022-04-18,-0.0120986062576864,2022,2022-03-31,learned_order_extension,20260912,0.5496535644532415,0.5496535644532415,1,0
rolling5_quarterly20,2723,2022-04-15,2022-04-25,-0.0528494340140576,2022,2022-03-31,learned_order_extension,20260912,0.4108293626736907,0.4108293626736907,0,0
rolling5_quarterly20,2728,2022-04-22,2022-05-05,0.015736821365468,2022,2022-03-31,learned_order_extension,20260912,0.5418177807793677,0.5418177807793677,1,1
rolling5_quarterly20,2733,2022-04-29,2022-05-11,-0.0278824133054675,2022,2022-03-31,learned_order_extension,20260912,0.36828755711964967,0.36828755711964967,0,0
rolling5_quarterly20,2735,2022-05-06,2022-05-16,0.033741423035827,2022,2022-03-31,learned_order_extension,20260912,0.4902994964178664,0.4902994964178664,0,1
rolling5_quarterly20,2740,2022-05-13,2022-05-23,0.0164308841843088,2022,2022-03-31,learned_order_extension,20260912,0.39597189394006643,0.39597189394006643,0,1
rolling5_quarterly20,2745,2022-05-20,2022-05-30,-0.0147293413085614,2022,2022-03-31,learned_order_extension,20260912,0.4036896951492416,0.4036896951492416,0,0
rolling5_quarterly20,2750,2022-05-27,2022-06-13,0.0431748431927498,2022,2022-03-31,learned_order_extension,20260912,0.419220363462915,0.419220363462915,0,1
rolling5_quarterly20,2759,2022-06-10,2022-06-20,0.0306046547112142,2022,2022-03-31,learned_order_extension,20260912,0.5051202801394234,0.5051202801394234,1,1
rolling5_quarterly20,2764,2022-06-17,2022-06-27,0.0211666894141107,2022,2022-03-31,learned_order_extension,20260912,0.35848845044168814,0.35848845044168814,0,1
rolling5_quarterly20,2769,2022-06-24,2022-07-04,0.0074507343130214,2022,2022-03-31,learned_order_extension,20260912,0.4736984309105027,0.4736984309105027,0,1
rolling5_quarterly20,2715,2022-04-01,2022-04-12,-0.0129237372705649,2022,2022-03-31,learned_order_offset,20260912,0.6588742802614664,0.6588742802614664,1,0
rolling5_quarterly20,2718,2022-04-08,2022-04-18,-0.0120986062576864,2022,2022-03-31,learned_order_offset,20260912,0.5486231011380918,0.5486231011380918,1,0
rolling5_quarterly20,2723,2022-04-15,2022-04-25,-0.0528494340140576,2022,2022-03-31,learned_order_offset,20260912,0.4122864172102382,0.4122864172102382,0,0
rolling5_quarterly20,2728,2022-04-22,2022-05-05,0.015736821365468,2022,2022-03-31,learned_order_offset,20260912,0.5422359789430446,0.5422359789430446,1,1
rolling5_quarterly20,2733,2022-04-29,2022-05-11,-0.0278824133054675,2022,2022-03-31,learned_order_offset,20260912,0.3694889450894753,0.3694889450894753,0,0
rolling5_quarterly20,2735,2022-05-06,2022-05-16,0.033741423035827,2022,2022-03-31,learned_order_offset,20260912,0.490370688374018,0.490370688374018,0,1
rolling5_quarterly20,2740,2022-05-13,2022-05-23,0.0164308841843088,2022,2022-03-31,learned_order_offset,20260912,0.39701822000991066,0.39701822000991066,0,1
rolling5_quarterly20,2745,2022-05-20,2022-05-30,-0.0147293413085614,2022,2022-03-31,learned_order_offset,20260912,0.4037613822971266,0.4037613822971266,0,0
rolling5_quarterly20,2750,2022-05-27,2022-06-13,0.0431748431927498,2022,2022-03-31,learned_order_offset,20260912,0.4207176247774682,0.4207176247774682,0,1
rolling5_quarterly20,2759,2022-06-10,2022-06-20,0.0306046547112142,2022,2022-03-31,learned_order_offset,20260912,0.5049249813036071,0.5049249813036071,1,1
rolling5_quarterly20,2764,2022-06-17,2022-06-27,0.0211666894141107,2022,2022-03-31,learned_order_offset,20260912,0.3592966768234705,0.3592966768234705,0,1
rolling5_quarterly20,2769,2022-06-24,2022-07-04,0.0074507343130214,2022,2022-03-31,learned_order_offset,20260912,0.47362420153748364,0.47362420153748364,0,1
rolling5_quarterly20,2715,2022-04-01,2022-04-12,-0.0129237372705649,2022,2022-03-31,native_mse,20260912,0.001702553452433414,,1,0
rolling5_quarterly20,2718,2022-04-08,2022-04-18,-0.0120986062576864,2022,2022-03-31,native_mse,20260912,0.0016871415514609028,,1,0
rolling5_quarterly20,2723,2022-04-15,2022-04-25,-0.0528494340140576,2022,2022-03-31,native_mse,20260912,0.0016754762997175424,,1,0
rolling5_quarterly20,2728,2022-04-22,2022-05-05,0.015736821365468,2022,2022-03-31,native_mse,20260912,0.0016771469061470584,,1,1
rolling5_quarterly20,2733,2022-04-29,2022-05-11,-0.0278824133054675,2022,2022-03-31,native_mse,20260912,0.001660944052266257,,1,0
rolling5_quarterly20,2735,2022-05-06,2022-05-16,0.033741423035827,2022,2022-03-31,native_mse,20260912,0.0016677523588071465,,1,1
rolling5_quarterly20,2740,2022-05-13,2022-05-23,0.0164308841843088,2022,2022-03-31,native_mse,20260912,0.0016528657782195321,,1,1
rolling5_quarterly20,2745,2022-05-20,2022-05-30,-0.0147293413085614,2022,2022-03-31,native_mse,20260912,0.0016666242809943138,,1,0
rolling5_quarterly20,2750,2022-05-27,2022-06-13,0.0431748431927498,2022,2022-03-31,native_mse,20260912,0.001669484445555681,,1,1
rolling5_quarterly20,2759,2022-06-10,2022-06-20,0.0306046547112142,2022,2022-03-31,native_mse,20260912,0.0016612206354826053,,1,1
rolling5_quarterly20,2764,2022-06-17,2022-06-27,0.0211666894141107,2022,2022-03-31,native_mse,20260912,0.0016620032450057871,,1,1
rolling5_quarterly20,2769,2022-06-24,2022-07-04,0.0074507343130214,2022,2022-03-31,native_mse,20260912,0.0016655330183682725,,1,1
rolling5_quarterly20,2774,2022-07-01,2022-07-11,-0.0092349827532707,2022,2022-06-30,learned_market,20260910,0.619793841204511,0.619793841204511,1,0
rolling5_quarterly20,2779,2022-07-08,2022-07-18,-0.0326815927737367,2022,2022-06-30,learned_market,20260910,0.5599817261796305,0.5599817261796305,1,0
rolling5_quarterly20,2784,2022-07-15,2022-07-25,-0.0066210715249344,2022,2022-06-30,learned_market,20260910,0.49944380380347825,0.49944380380347825,0,0
rolling5_quarterly20,2789,2022-07-22,2022-08-01,-0.0173077967751003,2022,2022-06-30,learned_market,20260910,0.5488248155062169,0.5488248155062169,1,0
rolling5_quarterly20,2794,2022-07-29,2022-08-08,-0.004456034513838,2022,2022-06-30,learned_market,20260910,0.6572863745992888,0.6572863745992888,1,0
rolling5_quarterly20,2799,2022-08-05,2022-08-15,0.0091475117753996,2022,2022-06-30,learned_market,20260910,0.6809227787719514,0.6809227787719514,1,1
rolling5_quarterly20,2804,2022-08-12,2022-08-22,-0.0107272727272728,2022,2022-06-30,learned_market,20260910,0.6431933936342776,0.6431933936342776,1,0
rolling5_quarterly20,2809,2022-08-19,2022-08-29,-0.0172375434082356,2022,2022-06-30,learned_market,20260910,0.6249896491115783,0.6249896491115783,1,0
rolling5_quarterly20,2814,2022-08-26,2022-09-05,-0.0131573766941938,2022,2022-06-30,learned_market,20260910,0.6236205762456983,0.6236205762456983,1,0
rolling5_quarterly20,2819,2022-09-02,2022-09-13,0.0253340680878015,2022,2022-06-30,learned_market,20260910,0.5516350909910994,0.5516350909910994,1,1
rolling5_quarterly20,2824,2022-09-09,2022-09-19,-0.044647264962877,2022,2022-06-30,learned_market,20260910,0.5002107054085085,0.5002107054085085,1,0
rolling5_quarterly20,2828,2022-09-16,2022-09-26,-0.025155151434928,2022,2022-06-30,learned_market,20260910,0.42376419206004523,0.42376419206004523,0,0
rolling5_quarterly20,2833,2022-09-23,2022-10-10,-0.0060162941299352,2022,2022-06-30,learned_market,20260910,0.5722218227058127,0.5722218227058127,1,0
rolling5_quarterly20,2838,2022-09-30,2022-10-17,0.0041192047412885,2022,2022-06-30,learned_market,20260910,0.5612488529037627,0.5612488529037627,1,1
rolling5_quarterly20,2774,2022-07-01,2022-07-11,-0.0092349827532707,2022,2022-06-30,learned_vol_interaction,20260910,0.6235922145607186,0.6235922145607186,1,0
rolling5_quarterly20,2779,2022-07-08,2022-07-18,-0.0326815927737367,2022,2022-06-30,learned_vol_interaction,20260910,0.5709931458567311,0.5709931458567311,1,0
rolling5_quarterly20,2784,2022-07-15,2022-07-25,-0.0066210715249344,2022,2022-06-30,learned_vol_interaction,20260910,0.5156221884290565,0.5156221884290565,1,0
rolling5_quarterly20,2789,2022-07-22,2022-08-01,-0.0173077967751003,2022,2022-06-30,learned_vol_interaction,20260910,0.5594873542121575,0.5594873542121575,1,0
rolling5_quarterly20,2794,2022-07-29,2022-08-08,-0.004456034513838,2022,2022-06-30,learned_vol_interaction,20260910,0.6564189541119424,0.6564189541119424,1,0
rolling5_quarterly20,2799,2022-08-05,2022-08-15,0.0091475117753996,2022,2022-06-30,learned_vol_interaction,20260910,0.6757802244181662,0.6757802244181662,1,1
rolling5_quarterly20,2804,2022-08-12,2022-08-22,-0.0107272727272728,2022,2022-06-30,learned_vol_interaction,20260910,0.6396073248206999,0.6396073248206999,1,0
rolling5_quarterly20,2809,2022-08-19,2022-08-29,-0.0172375434082356,2022,2022-06-30,learned_vol_interaction,20260910,0.6175623295223863,0.6175623295223863,1,0
rolling5_quarterly20,2814,2022-08-26,2022-09-05,-0.0131573766941938,2022,2022-06-30,learned_vol_interaction,20260910,0.6121768395332172,0.6121768395332172,1,0
rolling5_quarterly20,2819,2022-09-02,2022-09-13,0.0253340680878015,2022,2022-06-30,learned_vol_interaction,20260910,0.5464962899997203,0.5464962899997203,1,1
rolling5_quarterly20,2824,2022-09-09,2022-09-19,-0.044647264962877,2022,2022-06-30,learned_vol_interaction,20260910,0.5017561883115181,0.5017561883115181,1,0
rolling5_quarterly20,2828,2022-09-16,2022-09-26,-0.025155151434928,2022,2022-06-30,learned_vol_interaction,20260910,0.4362329093032947,0.4362329093032947,0,0
rolling5_quarterly20,2833,2022-09-23,2022-10-10,-0.0060162941299352,2022,2022-06-30,learned_vol_interaction,20260910,0.5701419747402517,0.5701419747402517,1,0
rolling5_quarterly20,2838,2022-09-30,2022-10-17,0.0041192047412885,2022,2022-06-30,learned_vol_interaction,20260910,0.5615917447592492,0.5615917447592492,1,1
rolling5_quarterly20,2774,2022-07-01,2022-07-11,-0.0092349827532707,2022,2022-06-30,learned_order_extension,20260910,0.6242994340075476,0.6242994340075476,1,0
rolling5_quarterly20,2779,2022-07-08,2022-07-18,-0.0326815927737367,2022,2022-06-30,learned_order_extension,20260910,0.5697509580700361,0.5697509580700361,1,0
rolling5_quarterly20,2784,2022-07-15,2022-07-25,-0.0066210715249344,2022,2022-06-30,learned_order_extension,20260910,0.5129478940116637,0.5129478940116637,1,0
rolling5_quarterly20,2789,2022-07-22,2022-08-01,-0.0173077967751003,2022,2022-06-30,learned_order_extension,20260910,0.5582494111403958,0.5582494111403958,1,0
rolling5_quarterly20,2794,2022-07-29,2022-08-08,-0.004456034513838,2022,2022-06-30,learned_order_extension,20260910,0.664899615370832,0.664899615370832,1,0
rolling5_quarterly20,2799,2022-08-05,2022-08-15,0.0091475117753996,2022,2022-06-30,learned_order_extension,20260910,0.6873638612607549,0.6873638612607549,1,1
rolling5_quarterly20,2804,2022-08-12,2022-08-22,-0.0107272727272728,2022,2022-06-30,learned_order_extension,20260910,0.6482177595775833,0.6482177595775833,1,0
rolling5_quarterly20,2809,2022-08-19,2022-08-29,-0.0172375434082356,2022,2022-06-30,learned_order_extension,20260910,0.6266576032554213,0.6266576032554213,1,0
rolling5_quarterly20,2814,2022-08-26,2022-09-05,-0.0131573766941938,2022,2022-06-30,learned_order_extension,20260910,0.6219432702865839,0.6219432702865839,1,0
rolling5_quarterly20,2819,2022-09-02,2022-09-13,0.0253340680878015,2022,2022-06-30,learned_order_extension,20260910,0.5481795028018075,0.5481795028018075,1,1
rolling5_quarterly20,2824,2022-09-09,2022-09-19,-0.044647264962877,2022,2022-06-30,learned_order_extension,20260910,0.49769253597510466,0.49769253597510466,0,0
rolling5_quarterly20,2828,2022-09-16,2022-09-26,-0.025155151434928,2022,2022-06-30,learned_order_extension,20260910,0.4268401741911161,0.4268401741911161,0,0
rolling5_quarterly20,2833,2022-09-23,2022-10-10,-0.0060162941299352,2022,2022-06-30,learned_order_extension,20260910,0.5740181266050759,0.5740181266050759,1,0
rolling5_quarterly20,2838,2022-09-30,2022-10-17,0.0041192047412885,2022,2022-06-30,learned_order_extension,20260910,0.5637803643524656,0.5637803643524656,1,1
rolling5_quarterly20,2774,2022-07-01,2022-07-11,-0.0092349827532707,2022,2022-06-30,learned_order_offset,20260910,0.6243013099587151,0.6243013099587151,1,0
rolling5_quarterly20,2779,2022-07-08,2022-07-18,-0.0326815927737367,2022,2022-06-30,learned_order_offset,20260910,0.5697268665956132,0.5697268665956132,1,0
rolling5_quarterly20,2784,2022-07-15,2022-07-25,-0.0066210715249344,2022,2022-06-30,learned_order_offset,20260910,0.5128619346792849,0.5128619346792849,1,0
rolling5_quarterly20,2789,2022-07-22,2022-08-01,-0.0173077967751003,2022,2022-06-30,learned_order_offset,20260910,0.5582011573198974,0.5582011573198974,1,0
rolling5_quarterly20,2794,2022-07-29,2022-08-08,-0.004456034513838,2022,2022-06-30,learned_order_offset,20260910,0.6648755997805684,0.6648755997805684,1,0
rolling5_quarterly20,2799,2022-08-05,2022-08-15,0.0091475117753996,2022,2022-06-30,learned_order_offset,20260910,0.6873690500833066,0.6873690500833066,1,1
rolling5_quarterly20,2804,2022-08-12,2022-08-22,-0.0107272727272728,2022,2022-06-30,learned_order_offset,20260910,0.6482013931634264,0.6482013931634264,1,0
rolling5_quarterly20,2809,2022-08-19,2022-08-29,-0.0172375434082356,2022,2022-06-30,learned_order_offset,20260910,0.6266088323326171,0.6266088323326171,1,0
rolling5_quarterly20,2814,2022-08-26,2022-09-05,-0.0131573766941938,2022,2022-06-30,learned_order_offset,20260910,0.6219297802444276,0.6219297802444276,1,0
rolling5_quarterly20,2819,2022-09-02,2022-09-13,0.0253340680878015,2022,2022-06-30,learned_order_offset,20260910,0.5481770870452699,0.5481770870452699,1,1
rolling5_quarterly20,2824,2022-09-09,2022-09-19,-0.044647264962877,2022,2022-06-30,learned_order_offset,20260910,0.4977125338061168,0.4977125338061168,0,0
rolling5_quarterly20,2828,2022-09-16,2022-09-26,-0.025155151434928,2022,2022-06-30,learned_order_offset,20260910,0.4267887586408245,0.4267887586408245,0,0
rolling5_quarterly20,2833,2022-09-23,2022-10-10,-0.0060162941299352,2022,2022-06-30,learned_order_offset,20260910,0.5740017091389759,0.5740017091389759,1,0
rolling5_quarterly20,2838,2022-09-30,2022-10-17,0.0041192047412885,2022,2022-06-30,learned_order_offset,20260910,0.5637529625729524,0.5637529625729524,1,1
rolling5_quarterly20,2774,2022-07-01,2022-07-11,-0.0092349827532707,2022,2022-06-30,native_mse,20260910,0.001435540567402617,,1,0
rolling5_quarterly20,2779,2022-07-08,2022-07-18,-0.0326815927737367,2022,2022-06-30,native_mse,20260910,0.0014749899349747332,,1,0
rolling5_quarterly20,2784,2022-07-15,2022-07-25,-0.0066210715249344,2022,2022-06-30,native_mse,20260910,0.0008863014478238179,,1,0
rolling5_quarterly20,2789,2022-07-22,2022-08-01,-0.0173077967751003,2022,2022-06-30,native_mse,20260910,0.001250052353224537,,1,0
rolling5_quarterly20,2794,2022-07-29,2022-08-08,-0.004456034513838,2022,2022-06-30,native_mse,20260910,0.00244141428468841,,1,0
rolling5_quarterly20,2799,2022-08-05,2022-08-15,0.0091475117753996,2022,2022-06-30,native_mse,20260910,0.002497122203046454,,1,1
rolling5_quarterly20,2804,2022-08-12,2022-08-22,-0.0107272727272728,2022,2022-06-30,native_mse,20260910,0.0021144369048111712,,1,0
rolling5_quarterly20,2809,2022-08-19,2022-08-29,-0.0172375434082356,2022,2022-06-30,native_mse,20260910,0.0017112931503550496,,1,0
rolling5_quarterly20,2814,2022-08-26,2022-09-05,-0.0131573766941938,2022,2022-06-30,native_mse,20260910,0.0015414510416514164,,1,0
rolling5_quarterly20,2819,2022-09-02,2022-09-13,0.0253340680878015,2022,2022-06-30,native_mse,20260910,0.0016359672449836405,,1,1
rolling5_quarterly20,2824,2022-09-09,2022-09-19,-0.044647264962877,2022,2022-06-30,native_mse,20260910,0.0013122941092315048,,1,0
rolling5_quarterly20,2828,2022-09-16,2022-09-26,-0.025155151434928,2022,2022-06-30,native_mse,20260910,0.0008919137723466756,,1,0
rolling5_quarterly20,2833,2022-09-23,2022-10-10,-0.0060162941299352,2022,2022-06-30,native_mse,20260910,0.0018969285567368307,,1,0
rolling5_quarterly20,2838,2022-09-30,2022-10-17,0.0041192047412885,2022,2022-06-30,native_mse,20260910,0.002054243795813457,,1,1
rolling5_quarterly20,2774,2022-07-01,2022-07-11,-0.0092349827532707,2022,2022-06-30,training_frequency,-1,0.5318444995864351,0.5318444995864351,1,0
rolling5_quarterly20,2779,2022-07-08,2022-07-18,-0.0326815927737367,2022,2022-06-30,training_frequency,-1,0.5318444995864351,0.5318444995864351,1,0
rolling5_quarterly20,2784,2022-07-15,2022-07-25,-0.0066210715249344,2022,2022-06-30,training_frequency,-1,0.5318444995864351,0.5318444995864351,1,0
rolling5_quarterly20,2789,2022-07-22,2022-08-01,-0.0173077967751003,2022,2022-06-30,training_frequency,-1,0.5318444995864351,0.5318444995864351,1,0
rolling5_quarterly20,2794,2022-07-29,2022-08-08,-0.004456034513838,2022,2022-06-30,training_frequency,-1,0.5318444995864351,0.5318444995864351,1,0
rolling5_quarterly20,2799,2022-08-05,2022-08-15,0.0091475117753996,2022,2022-06-30,training_frequency,-1,0.5318444995864351,0.5318444995864351,1,1
rolling5_quarterly20,2804,2022-08-12,2022-08-22,-0.0107272727272728,2022,2022-06-30,training_frequency,-1,0.5318444995864351,0.5318444995864351,1,0
rolling5_quarterly20,2809,2022-08-19,2022-08-29,-0.0172375434082356,2022,2022-06-30,training_frequency,-1,0.5318444995864351,0.5318444995864351,1,0
rolling5_quarterly20,2814,2022-08-26,2022-09-05,-0.0131573766941938,2022,2022-06-30,training_frequency,-1,0.5318444995864351,0.5318444995864351,1,0
rolling5_quarterly20,2819,2022-09-02,2022-09-13,0.0253340680878015,2022,2022-06-30,training_frequency,-1,0.5318444995864351,0.5318444995864351,1,1
rolling5_quarterly20,2824,2022-09-09,2022-09-19,-0.044647264962877,2022,2022-06-30,training_frequency,-1,0.5318444995864351,0.5318444995864351,1,0
rolling5_quarterly20,2828,2022-09-16,2022-09-26,-0.025155151434928,2022,2022-06-30,training_frequency,-1,0.5318444995864351,0.5318444995864351,1,0
rolling5_quarterly20,2833,2022-09-23,2022-10-10,-0.0060162941299352,2022,2022-06-30,training_frequency,-1,0.5318444995864351,0.5318444995864351,1,0
rolling5_quarterly20,2838,2022-09-30,2022-10-17,0.0041192047412885,2022,2022-06-30,training_frequency,-1,0.5318444995864351,0.5318444995864351,1,1
rolling5_quarterly20,2774,2022-07-01,2022-07-11,-0.0092349827532707,2022,2022-06-30,learned_market,20260911,0.48905480753781355,0.48905480753781355,0,0
rolling5_quarterly20,2779,2022-07-08,2022-07-18,-0.0326815927737367,2022,2022-06-30,learned_market,20260911,0.4597188832683581,0.4597188832683581,0,0
rolling5_quarterly20,2784,2022-07-15,2022-07-25,-0.0066210715249344,2022,2022-06-30,learned_market,20260911,0.5411675778297973,0.5411675778297973,1,0
rolling5_quarterly20,2789,2022-07-22,2022-08-01,-0.0173077967751003,2022,2022-06-30,learned_market,20260911,0.5098933031840579,0.5098933031840579,1,0
rolling5_quarterly20,2794,2022-07-29,2022-08-08,-0.004456034513838,2022,2022-06-30,learned_market,20260911,0.4982082380990237,0.4982082380990237,0,0
rolling5_quarterly20,2799,2022-08-05,2022-08-15,0.0091475117753996,2022,2022-06-30,learned_market,20260911,0.6981491103496951,0.6981491103496951,1,1
rolling5_quarterly20,2804,2022-08-12,2022-08-22,-0.0107272727272728,2022,2022-06-30,learned_market,20260911,0.5254997585448639,0.5254997585448639,1,0
rolling5_quarterly20,2809,2022-08-19,2022-08-29,-0.0172375434082356,2022,2022-06-30,learned_market,20260911,0.6179693676599638,0.6179693676599638,1,0
rolling5_quarterly20,2814,2022-08-26,2022-09-05,-0.0131573766941938,2022,2022-06-30,learned_market,20260911,0.6972812754525025,0.6972812754525025,1,0
rolling5_quarterly20,2819,2022-09-02,2022-09-13,0.0253340680878015,2022,2022-06-30,learned_market,20260911,0.6088004238052147,0.6088004238052147,1,1
rolling5_quarterly20,2824,2022-09-09,2022-09-19,-0.044647264962877,2022,2022-06-30,learned_market,20260911,0.5373671757943848,0.5373671757943848,1,0
rolling5_quarterly20,2828,2022-09-16,2022-09-26,-0.025155151434928,2022,2022-06-30,learned_market,20260911,0.5155563449700131,0.5155563449700131,1,0
rolling5_quarterly20,2833,2022-09-23,2022-10-10,-0.0060162941299352,2022,2022-06-30,learned_market,20260911,0.5997574623781897,0.5997574623781897,1,0
rolling5_quarterly20,2838,2022-09-30,2022-10-17,0.0041192047412885,2022,2022-06-30,learned_market,20260911,0.511398354675144,0.511398354675144,1,1
rolling5_quarterly20,2774,2022-07-01,2022-07-11,-0.0092349827532707,2022,2022-06-30,learned_vol_interaction,20260911,0.5055538727983303,0.5055538727983303,1,0
rolling5_quarterly20,2779,2022-07-08,2022-07-18,-0.0326815927737367,2022,2022-06-30,learned_vol_interaction,20260911,0.4931756756562518,0.4931756756562518,0,0
rolling5_quarterly20,2784,2022-07-15,2022-07-25,-0.0066210715249344,2022,2022-06-30,learned_vol_interaction,20260911,0.5706671000697786,0.5706671000697786,1,0
rolling5_quarterly20,2789,2022-07-22,2022-08-01,-0.0173077967751003,2022,2022-06-30,learned_vol_interaction,20260911,0.5403580906145617,0.5403580906145617,1,0
rolling5_quarterly20,2794,2022-07-29,2022-08-08,-0.004456034513838,2022,2022-06-30,learned_vol_interaction,20260911,0.5225782399109293,0.5225782399109293,1,0
rolling5_quarterly20,2799,2022-08-05,2022-08-15,0.0091475117753996,2022,2022-06-30,learned_vol_interaction,20260911,0.6844509158691552,0.6844509158691552,1,1
rolling5_quarterly20,2804,2022-08-12,2022-08-22,-0.0107272727272728,2022,2022-06-30,learned_vol_interaction,20260911,0.5295744235121421,0.5295744235121421,1,0
rolling5_quarterly20,2809,2022-08-19,2022-08-29,-0.0172375434082356,2022,2022-06-30,learned_vol_interaction,20260911,0.6220125668956018,0.6220125668956018,1,0
rolling5_quarterly20,2814,2022-08-26,2022-09-05,-0.0131573766941938,2022,2022-06-30,learned_vol_interaction,20260911,0.6902288182928159,0.6902288182928159,1,0
rolling5_quarterly20,2819,2022-09-02,2022-09-13,0.0253340680878015,2022,2022-06-30,learned_vol_interaction,20260911,0.608305704610598,0.608305704610598,1,1
rolling5_quarterly20,2824,2022-09-09,2022-09-19,-0.044647264962877,2022,2022-06-30,learned_vol_interaction,20260911,0.5449528462896989,0.5449528462896989,1,0
rolling5_quarterly20,2828,2022-09-16,2022-09-26,-0.025155151434928,2022,2022-06-30,learned_vol_interaction,20260911,0.5289431668794489,0.5289431668794489,1,0
rolling5_quarterly20,2833,2022-09-23,2022-10-10,-0.0060162941299352,2022,2022-06-30,learned_vol_interaction,20260911,0.5956842907536017,0.5956842907536017,1,0
rolling5_quarterly20,2838,2022-09-30,2022-10-17,0.0041192047412885,2022,2022-06-30,learned_vol_interaction,20260911,0.5188524254369121,0.5188524254369121,1,1
rolling5_quarterly20,2774,2022-07-01,2022-07-11,-0.0092349827532707,2022,2022-06-30,learned_order_extension,20260911,0.4866070602260097,0.4866070602260097,0,0
rolling5_quarterly20,2779,2022-07-08,2022-07-18,-0.0326815927737367,2022,2022-06-30,learned_order_extension,20260911,0.4043044822538486,0.4043044822538486,0,0
rolling5_quarterly20,2784,2022-07-15,2022-07-25,-0.0066210715249344,2022,2022-06-30,learned_order_extension,20260911,0.5073951093679718,0.5073951093679718,1,0
rolling5_quarterly20,2789,2022-07-22,2022-08-01,-0.0173077967751003,2022,2022-06-30,learned_order_extension,20260911,0.4544137731848558,0.4544137731848558,0,0
rolling5_quarterly20,2794,2022-07-29,2022-08-08,-0.004456034513838,2022,2022-06-30,learned_order_extension,20260911,0.40152540168340867,0.40152540168340867,0,0
rolling5_quarterly20,2799,2022-08-05,2022-08-15,0.0091475117753996,2022,2022-06-30,learned_order_extension,20260911,0.9189283458516447,0.9189283458516447,1,1
rolling5_quarterly20,2804,2022-08-12,2022-08-22,-0.0107272727272728,2022,2022-06-30,learned_order_extension,20260911,0.511018975719948,0.511018975719948,1,0
rolling5_quarterly20,2809,2022-08-19,2022-08-29,-0.0172375434082356,2022,2022-06-30,learned_order_extension,20260911,0.829253354852496,0.829253354852496,1,0
rolling5_quarterly20,2814,2022-08-26,2022-09-05,-0.0131573766941938,2022,2022-06-30,learned_order_extension,20260911,0.9403702651709104,0.9403702651709104,1,0
rolling5_quarterly20,2819,2022-09-02,2022-09-13,0.0253340680878015,2022,2022-06-30,learned_order_extension,20260911,0.6991728959088623,0.6991728959088623,1,1
rolling5_quarterly20,2824,2022-09-09,2022-09-19,-0.044647264962877,2022,2022-06-30,learned_order_extension,20260911,0.501578012817659,0.501578012817659,1,0
rolling5_quarterly20,2828,2022-09-16,2022-09-26,-0.025155151434928,2022,2022-06-30,learned_order_extension,20260911,0.3973300964108831,0.3973300964108831,0,0
rolling5_quarterly20,2833,2022-09-23,2022-10-10,-0.0060162941299352,2022,2022-06-30,learned_order_extension,20260911,0.5758208460328876,0.5758208460328876,1,0
rolling5_quarterly20,2838,2022-09-30,2022-10-17,0.0041192047412885,2022,2022-06-30,learned_order_extension,20260911,0.3241621658987564,0.3241621658987564,0,1
rolling5_quarterly20,2774,2022-07-01,2022-07-11,-0.0092349827532707,2022,2022-06-30,learned_order_offset,20260911,0.48794420484495,0.48794420484495,0,0
rolling5_quarterly20,2779,2022-07-08,2022-07-18,-0.0326815927737367,2022,2022-06-30,learned_order_offset,20260911,0.41372864346177246,0.41372864346177246,0,0
rolling5_quarterly20,2784,2022-07-15,2022-07-25,-0.0066210715249344,2022,2022-06-30,learned_order_offset,20260911,0.5143185311942342,0.5143185311942342,1,0
rolling5_quarterly20,2789,2022-07-22,2022-08-01,-0.0173077967751003,2022,2022-06-30,learned_order_offset,20260911,0.46349301919489877,0.46349301919489877,0,0
rolling5_quarterly20,2794,2022-07-29,2022-08-08,-0.004456034513838,2022,2022-06-30,learned_order_offset,20260911,0.4094771091181965,0.4094771091181965,0,0
rolling5_quarterly20,2799,2022-08-05,2022-08-15,0.0091475117753996,2022,2022-06-30,learned_order_offset,20260911,0.9164016957718013,0.9164016957718013,1,1
rolling5_quarterly20,2804,2022-08-12,2022-08-22,-0.0107272727272728,2022,2022-06-30,learned_order_offset,20260911,0.5123873279731895,0.5123873279731895,1,0
rolling5_quarterly20,2809,2022-08-19,2022-08-29,-0.0172375434082356,2022,2022-06-30,learned_order_offset,20260911,0.8273611060478465,0.8273611060478465,1,0
rolling5_quarterly20,2814,2022-08-26,2022-09-05,-0.0131573766941938,2022,2022-06-30,learned_order_offset,20260911,0.9385764074278214,0.9385764074278214,1,0
rolling5_quarterly20,2819,2022-09-02,2022-09-13,0.0253340680878015,2022,2022-06-30,learned_order_offset,20260911,0.69852440992871,0.69852440992871,1,1
rolling5_quarterly20,2824,2022-09-09,2022-09-19,-0.044647264962877,2022,2022-06-30,learned_order_offset,20260911,0.5035993210563164,0.5035993210563164,1,0
rolling5_quarterly20,2828,2022-09-16,2022-09-26,-0.025155151434928,2022,2022-06-30,learned_order_offset,20260911,0.3997594060579617,0.3997594060579617,0,0
rolling5_quarterly20,2833,2022-09-23,2022-10-10,-0.0060162941299352,2022,2022-06-30,learned_order_offset,20260911,0.5754485753085669,0.5754485753085669,1,0
rolling5_quarterly20,2838,2022-09-30,2022-10-17,0.0041192047412885,2022,2022-06-30,learned_order_offset,20260911,0.32848126541170686,0.32848126541170686,0,1
rolling5_quarterly20,2774,2022-07-01,2022-07-11,-0.0092349827532707,2022,2022-06-30,native_mse,20260911,-0.0010934857669890323,,0,0
rolling5_quarterly20,2779,2022-07-08,2022-07-18,-0.0326815927737367,2022,2022-06-30,native_mse,20260911,-0.0029274270356391408,,0,0
rolling5_quarterly20,2784,2022-07-15,2022-07-25,-0.0066210715249344,2022,2022-06-30,native_mse,20260911,-0.0007754364292441379,,0,0
rolling5_quarterly20,2789,2022-07-22,2022-08-01,-0.0173077967751003,2022,2022-06-30,native_mse,20260911,-0.0013567276625698888,,0,0
rolling5_quarterly20,2794,2022-07-29,2022-08-08,-0.004456034513838,2022,2022-06-30,native_mse,20260911,-0.006212022931480951,,0,0
rolling5_quarterly20,2799,2022-08-05,2022-08-15,0.0091475117753996,2022,2022-06-30,native_mse,20260911,0.010750943449500186,,1,1
rolling5_quarterly20,2804,2022-08-12,2022-08-22,-0.0107272727272728,2022,2022-06-30,native_mse,20260911,-2.3874337030699907e-05,,0,0
rolling5_quarterly20,2809,2022-08-19,2022-08-29,-0.0172375434082356,2022,2022-06-30,native_mse,20260911,0.007494473905294387,,1,0
rolling5_quarterly20,2814,2022-08-26,2022-09-05,-0.0131573766941938,2022,2022-06-30,native_mse,20260911,0.011520015909334418,,1,0
rolling5_quarterly20,2819,2022-09-02,2022-09-13,0.0253340680878015,2022,2022-06-30,native_mse,20260911,0.0023735226666316426,,1,1
rolling5_quarterly20,2824,2022-09-09,2022-09-19,-0.044647264962877,2022,2022-06-30,native_mse,20260911,-0.0003801498760634418,,0,0
rolling5_quarterly20,2828,2022-09-16,2022-09-26,-0.025155151434928,2022,2022-06-30,native_mse,20260911,-0.00097779802706551,,0,0
rolling5_quarterly20,2833,2022-09-23,2022-10-10,-0.0060162941299352,2022,2022-06-30,native_mse,20260911,3.778186008426051e-05,,1,0
rolling5_quarterly20,2838,2022-09-30,2022-10-17,0.0041192047412885,2022,2022-06-30,native_mse,20260911,-0.0009600467825933835,,0,1
rolling5_quarterly20,2774,2022-07-01,2022-07-11,-0.0092349827532707,2022,2022-06-30,learned_market,20260912,0.4843600038497579,0.4843600038497579,0,0
rolling5_quarterly20,2779,2022-07-08,2022-07-18,-0.0326815927737367,2022,2022-06-30,learned_market,20260912,0.6393285597581414,0.6393285597581414,1,0
rolling5_quarterly20,2784,2022-07-15,2022-07-25,-0.0066210715249344,2022,2022-06-30,learned_market,20260912,0.522577660058269,0.522577660058269,1,0
rolling5_quarterly20,2789,2022-07-22,2022-08-01,-0.0173077967751003,2022,2022-06-30,learned_market,20260912,0.7405992087946358,0.7405992087946358,1,0
rolling5_quarterly20,2794,2022-07-29,2022-08-08,-0.004456034513838,2022,2022-06-30,learned_market,20260912,0.8292595216185289,0.8292595216185289,1,0
rolling5_quarterly20,2799,2022-08-05,2022-08-15,0.0091475117753996,2022,2022-06-30,learned_market,20260912,0.7498122862058896,0.7498122862058896,1,1
rolling5_quarterly20,2804,2022-08-12,2022-08-22,-0.0107272727272728,2022,2022-06-30,learned_market,20260912,0.6629800708810126,0.6629800708810126,1,0
rolling5_quarterly20,2809,2022-08-19,2022-08-29,-0.0172375434082356,2022,2022-06-30,learned_market,20260912,0.4327288898152756,0.4327288898152756,0,0
rolling5_quarterly20,2814,2022-08-26,2022-09-05,-0.0131573766941938,2022,2022-06-30,learned_market,20260912,0.4810724493070587,0.4810724493070587,0,0
rolling5_quarterly20,2819,2022-09-02,2022-09-13,0.0253340680878015,2022,2022-06-30,learned_market,20260912,0.4722043533847743,0.4722043533847743,0,1
rolling5_quarterly20,2824,2022-09-09,2022-09-19,-0.044647264962877,2022,2022-06-30,learned_market,20260912,0.537909641441008,0.537909641441008,1,0
rolling5_quarterly20,2828,2022-09-16,2022-09-26,-0.025155151434928,2022,2022-06-30,learned_market,20260912,0.4146078516856466,0.4146078516856466,0,0
rolling5_quarterly20,2833,2022-09-23,2022-10-10,-0.0060162941299352,2022,2022-06-30,learned_market,20260912,0.7780322425427436,0.7780322425427436,1,0
rolling5_quarterly20,2838,2022-09-30,2022-10-17,0.0041192047412885,2022,2022-06-30,learned_market,20260912,0.666504954022878,0.666504954022878,1,1
rolling5_quarterly20,2774,2022-07-01,2022-07-11,-0.0092349827532707,2022,2022-06-30,learned_vol_interaction,20260912,0.5091374418034451,0.5091374418034451,1,0
rolling5_quarterly20,2779,2022-07-08,2022-07-18,-0.0326815927737367,2022,2022-06-30,learned_vol_interaction,20260912,0.6486169716571992,0.6486169716571992,1,0
rolling5_quarterly20,2784,2022-07-15,2022-07-25,-0.0066210715249344,2022,2022-06-30,learned_vol_interaction,20260912,0.5297294516128532,0.5297294516128532,1,0
rolling5_quarterly20,2789,2022-07-22,2022-08-01,-0.0173077967751003,2022,2022-06-30,learned_vol_interaction,20260912,0.7267561645043217,0.7267561645043217,1,0
rolling5_quarterly20,2794,2022-07-29,2022-08-08,-0.004456034513838,2022,2022-06-30,learned_vol_interaction,20260912,0.8081076476325271,0.8081076476325271,1,0
rolling5_quarterly20,2799,2022-08-05,2022-08-15,0.0091475117753996,2022,2022-06-30,learned_vol_interaction,20260912,0.740946467894361,0.740946467894361,1,1
rolling5_quarterly20,2804,2022-08-12,2022-08-22,-0.0107272727272728,2022,2022-06-30,learned_vol_interaction,20260912,0.6542582293469414,0.6542582293469414,1,0
rolling5_quarterly20,2809,2022-08-19,2022-08-29,-0.0172375434082356,2022,2022-06-30,learned_vol_interaction,20260912,0.43317124707238497,0.43317124707238497,0,0
rolling5_quarterly20,2814,2022-08-26,2022-09-05,-0.0131573766941938,2022,2022-06-30,learned_vol_interaction,20260912,0.48332762966355997,0.48332762966355997,0,0
rolling5_quarterly20,2819,2022-09-02,2022-09-13,0.0253340680878015,2022,2022-06-30,learned_vol_interaction,20260912,0.48696654383493054,0.48696654383493054,0,1
rolling5_quarterly20,2824,2022-09-09,2022-09-19,-0.044647264962877,2022,2022-06-30,learned_vol_interaction,20260912,0.5396945708396798,0.5396945708396798,1,0
rolling5_quarterly20,2828,2022-09-16,2022-09-26,-0.025155151434928,2022,2022-06-30,learned_vol_interaction,20260912,0.42998743285842295,0.42998743285842295,0,0
rolling5_quarterly20,2833,2022-09-23,2022-10-10,-0.0060162941299352,2022,2022-06-30,learned_vol_interaction,20260912,0.7603857944390613,0.7603857944390613,1,0
rolling5_quarterly20,2838,2022-09-30,2022-10-17,0.0041192047412885,2022,2022-06-30,learned_vol_interaction,20260912,0.6660030321463589,0.6660030321463589,1,1
rolling5_quarterly20,2774,2022-07-01,2022-07-11,-0.0092349827532707,2022,2022-06-30,learned_order_extension,20260912,0.5085890441748564,0.5085890441748564,1,0
rolling5_quarterly20,2779,2022-07-08,2022-07-18,-0.0326815927737367,2022,2022-06-30,learned_order_extension,20260912,0.657097276492001,0.657097276492001,1,0
rolling5_quarterly20,2784,2022-07-15,2022-07-25,-0.0066210715249344,2022,2022-06-30,learned_order_extension,20260912,0.5258273615139288,0.5258273615139288,1,0
rolling5_quarterly20,2789,2022-07-22,2022-08-01,-0.0173077967751003,2022,2022-06-30,learned_order_extension,20260912,0.751636310006206,0.751636310006206,1,0
rolling5_quarterly20,2794,2022-07-29,2022-08-08,-0.004456034513838,2022,2022-06-30,learned_order_extension,20260912,0.860139511294122,0.860139511294122,1,0
rolling5_quarterly20,2799,2022-08-05,2022-08-15,0.0091475117753996,2022,2022-06-30,learned_order_extension,20260912,0.7890471543673158,0.7890471543673158,1,1
rolling5_quarterly20,2804,2022-08-12,2022-08-22,-0.0107272727272728,2022,2022-06-30,learned_order_extension,20260912,0.6880623264448874,0.6880623264448874,1,0
rolling5_quarterly20,2809,2022-08-19,2022-08-29,-0.0172375434082356,2022,2022-06-30,learned_order_extension,20260912,0.4109975190457418,0.4109975190457418,0,0
rolling5_quarterly20,2814,2022-08-26,2022-09-05,-0.0131573766941938,2022,2022-06-30,learned_order_extension,20260912,0.4607588300074731,0.4607588300074731,0,0
rolling5_quarterly20,2819,2022-09-02,2022-09-13,0.0253340680878015,2022,2022-06-30,learned_order_extension,20260912,0.4517462697002862,0.4517462697002862,0,1
rolling5_quarterly20,2824,2022-09-09,2022-09-19,-0.044647264962877,2022,2022-06-30,learned_order_extension,20260912,0.5315374555837298,0.5315374555837298,1,0
rolling5_quarterly20,2828,2022-09-16,2022-09-26,-0.025155151434928,2022,2022-06-30,learned_order_extension,20260912,0.38424207894461015,0.38424207894461015,0,0
rolling5_quarterly20,2833,2022-09-23,2022-10-10,-0.0060162941299352,2022,2022-06-30,learned_order_extension,20260912,0.7980231291957786,0.7980231291957786,1,0
rolling5_quarterly20,2838,2022-09-30,2022-10-17,0.0041192047412885,2022,2022-06-30,learned_order_extension,20260912,0.6746456739294456,0.6746456739294456,1,1
rolling5_quarterly20,2774,2022-07-01,2022-07-11,-0.0092349827532707,2022,2022-06-30,learned_order_offset,20260912,0.5084421700928562,0.5084421700928562,1,0
rolling5_quarterly20,2779,2022-07-08,2022-07-18,-0.0326815927737367,2022,2022-06-30,learned_order_offset,20260912,0.6565708054216706,0.6565708054216706,1,0
rolling5_quarterly20,2784,2022-07-15,2022-07-25,-0.0066210715249344,2022,2022-06-30,learned_order_offset,20260912,0.5257424791248194,0.5257424791248194,1,0
rolling5_quarterly20,2789,2022-07-22,2022-08-01,-0.0173077967751003,2022,2022-06-30,learned_order_offset,20260912,0.7502412008222793,0.7502412008222793,1,0
rolling5_quarterly20,2794,2022-07-29,2022-08-08,-0.004456034513838,2022,2022-06-30,learned_order_offset,20260912,0.859347060480515,0.859347060480515,1,0
rolling5_quarterly20,2799,2022-08-05,2022-08-15,0.0091475117753996,2022,2022-06-30,learned_order_offset,20260912,0.7883967679410188,0.7883967679410188,1,1
rolling5_quarterly20,2804,2022-08-12,2022-08-22,-0.0107272727272728,2022,2022-06-30,learned_order_offset,20260912,0.6874994446386715,0.6874994446386715,1,0
rolling5_quarterly20,2809,2022-08-19,2022-08-29,-0.0172375434082356,2022,2022-06-30,learned_order_offset,20260912,0.4116588935286602,0.4116588935286602,0,0
rolling5_quarterly20,2814,2022-08-26,2022-09-05,-0.0131573766941938,2022,2022-06-30,learned_order_offset,20260912,0.46115188746889224,0.46115188746889224,0,0
rolling5_quarterly20,2819,2022-09-02,2022-09-13,0.0253340680878015,2022,2022-06-30,learned_order_offset,20260912,0.4528492479073054,0.4528492479073054,0,1
rolling5_quarterly20,2824,2022-09-09,2022-09-19,-0.044647264962877,2022,2022-06-30,learned_order_offset,20260912,0.5319226914583202,0.5319226914583202,1,0
rolling5_quarterly20,2828,2022-09-16,2022-09-26,-0.025155151434928,2022,2022-06-30,learned_order_offset,20260912,0.3862570966168958,0.3862570966168958,0,0
rolling5_quarterly20,2833,2022-09-23,2022-10-10,-0.0060162941299352,2022,2022-06-30,learned_order_offset,20260912,0.7978187597733133,0.7978187597733133,1,0
rolling5_quarterly20,2838,2022-09-30,2022-10-17,0.0041192047412885,2022,2022-06-30,learned_order_offset,20260912,0.6754814028330591,0.6754814028330591,1,1
rolling5_quarterly20,2774,2022-07-01,2022-07-11,-0.0092349827532707,2022,2022-06-30,native_mse,20260912,0.00011747517049843343,,1,0
rolling5_quarterly20,2779,2022-07-08,2022-07-18,-0.0326815927737367,2022,2022-06-30,native_mse,20260912,0.0009725437700674167,,1,0
rolling5_quarterly20,2784,2022-07-15,2022-07-25,-0.0066210715249344,2022,2022-06-30,native_mse,20260912,0.0004629350736235458,,1,0
rolling5_quarterly20,2789,2022-07-22,2022-08-01,-0.0173077967751003,2022,2022-06-30,native_mse,20260912,0.0007703318183163482,,1,0
rolling5_quarterly20,2794,2022-07-29,2022-08-08,-0.004456034513838,2022,2022-06-30,native_mse,20260912,0.0012785434024942127,,1,0
rolling5_quarterly20,2799,2022-08-05,2022-08-15,0.0091475117753996,2022,2022-06-30,native_mse,20260912,0.001819318459690643,,1,1
rolling5_quarterly20,2804,2022-08-12,2022-08-22,-0.0107272727272728,2022,2022-06-30,native_mse,20260912,-0.0004477237913480133,,0,0
rolling5_quarterly20,2809,2022-08-19,2022-08-29,-0.0172375434082356,2022,2022-06-30,native_mse,20260912,-0.0010018413569017387,,0,0
rolling5_quarterly20,2814,2022-08-26,2022-09-05,-0.0131573766941938,2022,2022-06-30,native_mse,20260912,2.8517757604707523e-05,,1,0
rolling5_quarterly20,2819,2022-09-02,2022-09-13,0.0253340680878015,2022,2022-06-30,native_mse,20260912,0.0002477101744319314,,1,1
rolling5_quarterly20,2824,2022-09-09,2022-09-19,-0.044647264962877,2022,2022-06-30,native_mse,20260912,0.0014895575727095788,,1,0
rolling5_quarterly20,2828,2022-09-16,2022-09-26,-0.025155151434928,2022,2022-06-30,native_mse,20260912,0.0007430945887672534,,1,0
rolling5_quarterly20,2833,2022-09-23,2022-10-10,-0.0060162941299352,2022,2022-06-30,native_mse,20260912,0.0011026983667612247,,1,0
rolling5_quarterly20,2838,2022-09-30,2022-10-17,0.0041192047412885,2022,2022-06-30,native_mse,20260912,0.0004289301595704083,,1,1
rolling5_quarterly20,2843,2022-10-14,2022-10-24,-0.0246766294110258,2022,2022-09-30,learned_market,20260910,0.6452081595589204,0.6452081595589204,1,0
rolling5_quarterly20,2848,2022-10-21,2022-10-31,-0.059928861134359,2022,2022-09-30,learned_market,20260910,0.4666132985426214,0.4666132985426214,0,0
rolling5_quarterly20,2853,2022-10-28,2022-11-07,0.071339502526744,2022,2022-09-30,learned_market,20260910,0.3891223887048264,0.3891223887048264,0,1
rolling5_quarterly20,2858,2022-11-04,2022-11-14,0.0169449090696014,2022,2022-09-30,learned_market,20260910,0.3736061959685469,0.3736061959685469,0,1
rolling5_quarterly20,2863,2022-11-11,2022-11-21,-0.0127051391515239,2022,2022-09-30,learned_market,20260910,0.4256674446785628,0.4256674446785628,0,0
rolling5_quarterly20,2868,2022-11-18,2022-11-28,-0.0179672806084416,2022,2022-09-30,learned_market,20260910,0.43804868090203325,0.43804868090203325,0,0
rolling5_quarterly20,2873,2022-11-25,2022-12-05,0.0555768659337096,2022,2022-09-30,learned_market,20260910,0.6712743126844113,0.6712743126844113,1,1
rolling5_quarterly20,2878,2022-12-02,2022-12-12,0.0175374394775362,2022,2022-09-30,learned_market,20260910,0.4519238405170902,0.4519238405170902,0,1
rolling5_quarterly20,2883,2022-12-09,2022-12-19,-0.0058850602464181,2022,2022-09-30,learned_market,20260910,0.4794393766045289,0.4794393766045289,0,0
rolling5_quarterly20,2888,2022-12-16,2022-12-26,-0.0309150292073658,2022,2022-09-30,learned_market,20260910,0.46952129772849666,0.46952129772849666,0,0
rolling5_quarterly20,2893,2022-12-23,2023-01-03,0.0089464492229616,2022,2022-09-30,learned_market,20260910,0.4750187848899786,0.4750187848899786,0,1
rolling5_quarterly20,2898,2022-12-30,2023-01-09,0.0345913414268119,2022,2022-09-30,learned_market,20260910,0.3723417603950521,0.3723417603950521,0,1
rolling5_quarterly20,2843,2022-10-14,2022-10-24,-0.0246766294110258,2022,2022-09-30,learned_vol_interaction,20260910,0.6576807295711039,0.6576807295711039,1,0
rolling5_quarterly20,2848,2022-10-21,2022-10-31,-0.059928861134359,2022,2022-09-30,learned_vol_interaction,20260910,0.4786459083301549,0.4786459083301549,0,0
rolling5_quarterly20,2853,2022-10-28,2022-11-07,0.071339502526744,2022,2022-09-30,learned_vol_interaction,20260910,0.37244602617640693,0.37244602617640693,0,1
rolling5_quarterly20,2858,2022-11-04,2022-11-14,0.0169449090696014,2022,2022-09-30,learned_vol_interaction,20260910,0.3077840264266804,0.3077840264266804,0,1
rolling5_quarterly20,2863,2022-11-11,2022-11-21,-0.0127051391515239,2022,2022-09-30,learned_vol_interaction,20260910,0.38930186872233113,0.38930186872233113,0,0
rolling5_quarterly20,2868,2022-11-18,2022-11-28,-0.0179672806084416,2022,2022-09-30,learned_vol_interaction,20260910,0.4093589627441297,0.4093589627441297,0,0
rolling5_quarterly20,2873,2022-11-25,2022-12-05,0.0555768659337096,2022,2022-09-30,learned_vol_interaction,20260910,0.7019184615310735,0.7019184615310735,1,1
rolling5_quarterly20,2878,2022-12-02,2022-12-12,0.0175374394775362,2022,2022-09-30,learned_vol_interaction,20260910,0.4438857115721963,0.4438857115721963,0,1
rolling5_quarterly20,2883,2022-12-09,2022-12-19,-0.0058850602464181,2022,2022-09-30,learned_vol_interaction,20260910,0.4864581801747019,0.4864581801747019,0,0
rolling5_quarterly20,2888,2022-12-16,2022-12-26,-0.0309150292073658,2022,2022-09-30,learned_vol_interaction,20260910,0.45429293175414276,0.45429293175414276,0,0
rolling5_quarterly20,2893,2022-12-23,2023-01-03,0.0089464492229616,2022,2022-09-30,learned_vol_interaction,20260910,0.4707108909009375,0.4707108909009375,0,1
rolling5_quarterly20,2898,2022-12-30,2023-01-09,0.0345913414268119,2022,2022-09-30,learned_vol_interaction,20260910,0.4117067749490089,0.4117067749490089,0,1
rolling5_quarterly20,2843,2022-10-14,2022-10-24,-0.0246766294110258,2022,2022-09-30,learned_order_extension,20260910,0.6982254531079508,0.6982254531079508,1,0
rolling5_quarterly20,2848,2022-10-21,2022-10-31,-0.059928861134359,2022,2022-09-30,learned_order_extension,20260910,0.47471390497945054,0.47471390497945054,0,0
rolling5_quarterly20,2853,2022-10-28,2022-11-07,0.071339502526744,2022,2022-09-30,learned_order_extension,20260910,0.3669433804231918,0.3669433804231918,0,1
rolling5_quarterly20,2858,2022-11-04,2022-11-14,0.0169449090696014,2022,2022-09-30,learned_order_extension,20260910,0.30712740914909575,0.30712740914909575,0,1
rolling5_quarterly20,2863,2022-11-11,2022-11-21,-0.0127051391515239,2022,2022-09-30,learned_order_extension,20260910,0.4049817823803629,0.4049817823803629,0,0
rolling5_quarterly20,2868,2022-11-18,2022-11-28,-0.0179672806084416,2022,2022-09-30,learned_order_extension,20260910,0.4206361392743569,0.4206361392743569,0,0
rolling5_quarterly20,2873,2022-11-25,2022-12-05,0.0555768659337096,2022,2022-09-30,learned_order_extension,20260910,0.6729561615490135,0.6729561615490135,1,1
rolling5_quarterly20,2878,2022-12-02,2022-12-12,0.0175374394775362,2022,2022-09-30,learned_order_extension,20260910,0.45282572975326224,0.45282572975326224,0,1
rolling5_quarterly20,2883,2022-12-09,2022-12-19,-0.0058850602464181,2022,2022-09-30,learned_order_extension,20260910,0.4897682399422053,0.4897682399422053,0,0
rolling5_quarterly20,2888,2022-12-16,2022-12-26,-0.0309150292073658,2022,2022-09-30,learned_order_extension,20260910,0.4488304515273528,0.4488304515273528,0,0
rolling5_quarterly20,2893,2022-12-23,2023-01-03,0.0089464492229616,2022,2022-09-30,learned_order_extension,20260910,0.4679911827710144,0.4679911827710144,0,1
rolling5_quarterly20,2898,2022-12-30,2023-01-09,0.0345913414268119,2022,2022-09-30,learned_order_extension,20260910,0.40485674421587114,0.40485674421587114,0,1
rolling5_quarterly20,2843,2022-10-14,2022-10-24,-0.0246766294110258,2022,2022-09-30,learned_order_offset,20260910,0.6980587943207188,0.6980587943207188,1,0
rolling5_quarterly20,2848,2022-10-21,2022-10-31,-0.059928861134359,2022,2022-09-30,learned_order_offset,20260910,0.4750414772336446,0.4750414772336446,0,0
rolling5_quarterly20,2853,2022-10-28,2022-11-07,0.071339502526744,2022,2022-09-30,learned_order_offset,20260910,0.36715629745056977,0.36715629745056977,0,1
rolling5_quarterly20,2858,2022-11-04,2022-11-14,0.0169449090696014,2022,2022-09-30,learned_order_offset,20260910,0.30776033596907726,0.30776033596907726,0,1
rolling5_quarterly20,2863,2022-11-11,2022-11-21,-0.0127051391515239,2022,2022-09-30,learned_order_offset,20260910,0.4062333682794067,0.4062333682794067,0,0
rolling5_quarterly20,2868,2022-11-18,2022-11-28,-0.0179672806084416,2022,2022-09-30,learned_order_offset,20260910,0.4209529435136024,0.4209529435136024,0,0
rolling5_quarterly20,2873,2022-11-25,2022-12-05,0.0555768659337096,2022,2022-09-30,learned_order_offset,20260910,0.6728641932642022,0.6728641932642022,1,1
rolling5_quarterly20,2878,2022-12-02,2022-12-12,0.0175374394775362,2022,2022-09-30,learned_order_offset,20260910,0.4526047029593026,0.4526047029593026,0,1
rolling5_quarterly20,2883,2022-12-09,2022-12-19,-0.0058850602464181,2022,2022-09-30,learned_order_offset,20260910,0.4898263967691102,0.4898263967691102,0,0
rolling5_quarterly20,2888,2022-12-16,2022-12-26,-0.0309150292073658,2022,2022-09-30,learned_order_offset,20260910,0.4488052038134414,0.4488052038134414,0,0
rolling5_quarterly20,2893,2022-12-23,2023-01-03,0.0089464492229616,2022,2022-09-30,learned_order_offset,20260910,0.46804325361885285,0.46804325361885285,0,1
rolling5_quarterly20,2898,2022-12-30,2023-01-09,0.0345913414268119,2022,2022-09-30,learned_order_offset,20260910,0.4048509175316064,0.4048509175316064,0,1
rolling5_quarterly20,2843,2022-10-14,2022-10-24,-0.0246766294110258,2022,2022-09-30,native_mse,20260910,0.0036878392272191958,,1,0
rolling5_quarterly20,2848,2022-10-21,2022-10-31,-0.059928861134359,2022,2022-09-30,native_mse,20260910,-0.0037544223959454534,,0,0
rolling5_quarterly20,2853,2022-10-28,2022-11-07,0.071339502526744,2022,2022-09-30,native_mse,20260910,-0.0066465156700020326,,0,1
rolling5_quarterly20,2858,2022-11-04,2022-11-14,0.0169449090696014,2022,2022-09-30,native_mse,20260910,-0.006556241852138484,,0,1
rolling5_quarterly20,2863,2022-11-11,2022-11-21,-0.0127051391515239,2022,2022-09-30,native_mse,20260910,-0.004848106663230553,,0,0
rolling5_quarterly20,2868,2022-11-18,2022-11-28,-0.0179672806084416,2022,2022-09-30,native_mse,20260910,-0.00449815932133045,,0,0
rolling5_quarterly20,2873,2022-11-25,2022-12-05,0.0555768659337096,2022,2022-09-30,native_mse,20260910,0.00010893606066864439,,1,1
rolling5_quarterly20,2878,2022-12-02,2022-12-12,0.0175374394775362,2022,2022-09-30,native_mse,20260910,-0.003266468140198284,,0,1
rolling5_quarterly20,2883,2022-12-09,2022-12-19,-0.0058850602464181,2022,2022-09-30,native_mse,20260910,-0.003588167921990857,,0,0
rolling5_quarterly20,2888,2022-12-16,2022-12-26,-0.0309150292073658,2022,2022-09-30,native_mse,20260910,-0.0022393990690161873,,0,0
rolling5_quarterly20,2893,2022-12-23,2023-01-03,0.0089464492229616,2022,2022-09-30,native_mse,20260910,-0.0025490078655159808,,0,1
rolling5_quarterly20,2898,2022-12-30,2023-01-09,0.0345913414268119,2022,2022-09-30,native_mse,20260910,-0.004676704783770364,,0,1
rolling5_quarterly20,2843,2022-10-14,2022-10-24,-0.0246766294110258,2022,2022-09-30,training_frequency,-1,0.5119933829611248,0.5119933829611248,1,0
rolling5_quarterly20,2848,2022-10-21,2022-10-31,-0.059928861134359,2022,2022-09-30,training_frequency,-1,0.5119933829611248,0.5119933829611248,1,0
rolling5_quarterly20,2853,2022-10-28,2022-11-07,0.071339502526744,2022,2022-09-30,training_frequency,-1,0.5119933829611248,0.5119933829611248,1,1
rolling5_quarterly20,2858,2022-11-04,2022-11-14,0.0169449090696014,2022,2022-09-30,training_frequency,-1,0.5119933829611248,0.5119933829611248,1,1
rolling5_quarterly20,2863,2022-11-11,2022-11-21,-0.0127051391515239,2022,2022-09-30,training_frequency,-1,0.5119933829611248,0.5119933829611248,1,0
rolling5_quarterly20,2868,2022-11-18,2022-11-28,-0.0179672806084416,2022,2022-09-30,training_frequency,-1,0.5119933829611248,0.5119933829611248,1,0
rolling5_quarterly20,2873,2022-11-25,2022-12-05,0.0555768659337096,2022,2022-09-30,training_frequency,-1,0.5119933829611248,0.5119933829611248,1,1
rolling5_quarterly20,2878,2022-12-02,2022-12-12,0.0175374394775362,2022,2022-09-30,training_frequency,-1,0.5119933829611248,0.5119933829611248,1,1
rolling5_quarterly20,2883,2022-12-09,2022-12-19,-0.0058850602464181,2022,2022-09-30,training_frequency,-1,0.5119933829611248,0.5119933829611248,1,0
rolling5_quarterly20,2888,2022-12-16,2022-12-26,-0.0309150292073658,2022,2022-09-30,training_frequency,-1,0.5119933829611248,0.5119933829611248,1,0
rolling5_quarterly20,2893,2022-12-23,2023-01-03,0.0089464492229616,2022,2022-09-30,training_frequency,-1,0.5119933829611248,0.5119933829611248,1,1
rolling5_quarterly20,2898,2022-12-30,2023-01-09,0.0345913414268119,2022,2022-09-30,training_frequency,-1,0.5119933829611248,0.5119933829611248,1,1
rolling5_quarterly20,2843,2022-10-14,2022-10-24,-0.0246766294110258,2022,2022-09-30,learned_market,20260911,0.5705908835014479,0.5705908835014479,1,0
rolling5_quarterly20,2848,2022-10-21,2022-10-31,-0.059928861134359,2022,2022-09-30,learned_market,20260911,0.5455598827276664,0.5455598827276664,1,0
rolling5_quarterly20,2853,2022-10-28,2022-11-07,0.071339502526744,2022,2022-09-30,learned_market,20260911,0.3987955195430465,0.3987955195430465,0,1
rolling5_quarterly20,2858,2022-11-04,2022-11-14,0.0169449090696014,2022,2022-09-30,learned_market,20260911,0.4638241681769798,0.4638241681769798,0,1
rolling5_quarterly20,2863,2022-11-11,2022-11-21,-0.0127051391515239,2022,2022-09-30,learned_market,20260911,0.47407219201445966,0.47407219201445966,0,0
rolling5_quarterly20,2868,2022-11-18,2022-11-28,-0.0179672806084416,2022,2022-09-30,learned_market,20260911,0.42319172064773297,0.42319172064773297,0,0
rolling5_quarterly20,2873,2022-11-25,2022-12-05,0.0555768659337096,2022,2022-09-30,learned_market,20260911,0.5906976847458376,0.5906976847458376,1,1
rolling5_quarterly20,2878,2022-12-02,2022-12-12,0.0175374394775362,2022,2022-09-30,learned_market,20260911,0.6710910129581701,0.6710910129581701,1,1
rolling5_quarterly20,2883,2022-12-09,2022-12-19,-0.0058850602464181,2022,2022-09-30,learned_market,20260911,0.6225637237409036,0.6225637237409036,1,0
rolling5_quarterly20,2888,2022-12-16,2022-12-26,-0.0309150292073658,2022,2022-09-30,learned_market,20260911,0.5870289712418023,0.5870289712418023,1,0
rolling5_quarterly20,2893,2022-12-23,2023-01-03,0.0089464492229616,2022,2022-09-30,learned_market,20260911,0.590180698333638,0.590180698333638,1,1
rolling5_quarterly20,2898,2022-12-30,2023-01-09,0.0345913414268119,2022,2022-09-30,learned_market,20260911,0.49134609252085687,0.49134609252085687,0,1
rolling5_quarterly20,2843,2022-10-14,2022-10-24,-0.0246766294110258,2022,2022-09-30,learned_vol_interaction,20260911,0.5706536621724257,0.5706536621724257,1,0
rolling5_quarterly20,2848,2022-10-21,2022-10-31,-0.059928861134359,2022,2022-09-30,learned_vol_interaction,20260911,0.5429132916746604,0.5429132916746604,1,0
rolling5_quarterly20,2853,2022-10-28,2022-11-07,0.071339502526744,2022,2022-09-30,learned_vol_interaction,20260911,0.3940329699484328,0.3940329699484328,0,1
rolling5_quarterly20,2858,2022-11-04,2022-11-14,0.0169449090696014,2022,2022-09-30,learned_vol_interaction,20260911,0.4611420032629341,0.4611420032629341,0,1
rolling5_quarterly20,2863,2022-11-11,2022-11-21,-0.0127051391515239,2022,2022-09-30,learned_vol_interaction,20260911,0.47676477474534706,0.47676477474534706,0,0
rolling5_quarterly20,2868,2022-11-18,2022-11-28,-0.0179672806084416,2022,2022-09-30,learned_vol_interaction,20260911,0.4184403902035215,0.4184403902035215,0,0
rolling5_quarterly20,2873,2022-11-25,2022-12-05,0.0555768659337096,2022,2022-09-30,learned_vol_interaction,20260911,0.5937865781694732,0.5937865781694732,1,1
rolling5_quarterly20,2878,2022-12-02,2022-12-12,0.0175374394775362,2022,2022-09-30,learned_vol_interaction,20260911,0.6711789438661201,0.6711789438661201,1,1
rolling5_quarterly20,2883,2022-12-09,2022-12-19,-0.0058850602464181,2022,2022-09-30,learned_vol_interaction,20260911,0.6217932258204484,0.6217932258204484,1,0
rolling5_quarterly20,2888,2022-12-16,2022-12-26,-0.0309150292073658,2022,2022-09-30,learned_vol_interaction,20260911,0.5841513507102293,0.5841513507102293,1,0
rolling5_quarterly20,2893,2022-12-23,2023-01-03,0.0089464492229616,2022,2022-09-30,learned_vol_interaction,20260911,0.5867907331976844,0.5867907331976844,1,1
rolling5_quarterly20,2898,2022-12-30,2023-01-09,0.0345913414268119,2022,2022-09-30,learned_vol_interaction,20260911,0.4896958334176031,0.4896958334176031,0,1
rolling5_quarterly20,2843,2022-10-14,2022-10-24,-0.0246766294110258,2022,2022-09-30,learned_order_extension,20260911,0.6682998736439592,0.6682998736439592,1,0
rolling5_quarterly20,2848,2022-10-21,2022-10-31,-0.059928861134359,2022,2022-09-30,learned_order_extension,20260911,0.5678005551943904,0.5678005551943904,1,0
rolling5_quarterly20,2853,2022-10-28,2022-11-07,0.071339502526744,2022,2022-09-30,learned_order_extension,20260911,0.34960747076105003,0.34960747076105003,0,1
rolling5_quarterly20,2858,2022-11-04,2022-11-14,0.0169449090696014,2022,2022-09-30,learned_order_extension,20260911,0.4584432397056186,0.4584432397056186,0,1
rolling5_quarterly20,2863,2022-11-11,2022-11-21,-0.0127051391515239,2022,2022-09-30,learned_order_extension,20260911,0.47685209261642986,0.47685209261642986,0,0
rolling5_quarterly20,2868,2022-11-18,2022-11-28,-0.0179672806084416,2022,2022-09-30,learned_order_extension,20260911,0.4643558451135239,0.4643558451135239,0,0
rolling5_quarterly20,2873,2022-11-25,2022-12-05,0.0555768659337096,2022,2022-09-30,learned_order_extension,20260911,0.5517240047068096,0.5517240047068096,1,1
rolling5_quarterly20,2878,2022-12-02,2022-12-12,0.0175374394775362,2022,2022-09-30,learned_order_extension,20260911,0.573972614404966,0.573972614404966,1,1
rolling5_quarterly20,2883,2022-12-09,2022-12-19,-0.0058850602464181,2022,2022-09-30,learned_order_extension,20260911,0.5371880798067493,0.5371880798067493,1,0
rolling5_quarterly20,2888,2022-12-16,2022-12-26,-0.0309150292073658,2022,2022-09-30,learned_order_extension,20260911,0.5695662070325997,0.5695662070325997,1,0
rolling5_quarterly20,2893,2022-12-23,2023-01-03,0.0089464492229616,2022,2022-09-30,learned_order_extension,20260911,0.5699991128749536,0.5699991128749536,1,1
rolling5_quarterly20,2898,2022-12-30,2023-01-09,0.0345913414268119,2022,2022-09-30,learned_order_extension,20260911,0.49224605106366803,0.49224605106366803,0,1
rolling5_quarterly20,2843,2022-10-14,2022-10-24,-0.0246766294110258,2022,2022-09-30,learned_order_offset,20260911,0.6679273538950293,0.6679273538950293,1,0
rolling5_quarterly20,2848,2022-10-21,2022-10-31,-0.059928861134359,2022,2022-09-30,learned_order_offset,20260911,0.5700795604973954,0.5700795604973954,1,0
rolling5_quarterly20,2853,2022-10-28,2022-11-07,0.071339502526744,2022,2022-09-30,learned_order_offset,20260911,0.35572072258378606,0.35572072258378606,0,1
rolling5_quarterly20,2858,2022-11-04,2022-11-14,0.0169449090696014,2022,2022-09-30,learned_order_offset,20260911,0.463674304363542,0.463674304363542,0,1
rolling5_quarterly20,2863,2022-11-11,2022-11-21,-0.0127051391515239,2022,2022-09-30,learned_order_offset,20260911,0.4775077415677234,0.4775077415677234,0,0
rolling5_quarterly20,2868,2022-11-18,2022-11-28,-0.0179672806084416,2022,2022-09-30,learned_order_offset,20260911,0.46496563313032324,0.46496563313032324,0,0
rolling5_quarterly20,2873,2022-11-25,2022-12-05,0.0555768659337096,2022,2022-09-30,learned_order_offset,20260911,0.5524555056076766,0.5524555056076766,1,1
rolling5_quarterly20,2878,2022-12-02,2022-12-12,0.0175374394775362,2022,2022-09-30,learned_order_offset,20260911,0.5710250508152785,0.5710250508152785,1,1
rolling5_quarterly20,2883,2022-12-09,2022-12-19,-0.0058850602464181,2022,2022-09-30,learned_order_offset,20260911,0.5379761589297143,0.5379761589297143,1,0
rolling5_quarterly20,2888,2022-12-16,2022-12-26,-0.0309150292073658,2022,2022-09-30,learned_order_offset,20260911,0.5678397389941932,0.5678397389941932,1,0
rolling5_quarterly20,2893,2022-12-23,2023-01-03,0.0089464492229616,2022,2022-09-30,learned_order_offset,20260911,0.5672817187465837,0.5672817187465837,1,1
rolling5_quarterly20,2898,2022-12-30,2023-01-09,0.0345913414268119,2022,2022-09-30,learned_order_offset,20260911,0.49240767520737383,0.49240767520737383,0,1
rolling5_quarterly20,2843,2022-10-14,2022-10-24,-0.0246766294110258,2022,2022-09-30,native_mse,20260911,-0.0025075202653713903,,0,0
rolling5_quarterly20,2848,2022-10-21,2022-10-31,-0.059928861134359,2022,2022-09-30,native_mse,20260911,-0.003675039544219458,,0,0
rolling5_quarterly20,2853,2022-10-28,2022-11-07,0.071339502526744,2022,2022-09-30,native_mse,20260911,-0.005919916919682958,,0,1
rolling5_quarterly20,2858,2022-11-04,2022-11-14,0.0169449090696014,2022,2022-09-30,native_mse,20260911,-0.003379617697946661,,0,1
rolling5_quarterly20,2863,2022-11-11,2022-11-21,-0.0127051391515239,2022,2022-09-30,native_mse,20260911,-0.004347768912168115,,0,0
rolling5_quarterly20,2868,2022-11-18,2022-11-28,-0.0179672806084416,2022,2022-09-30,native_mse,20260911,-0.005702774695534494,,0,0
rolling5_quarterly20,2873,2022-11-25,2022-12-05,0.0555768659337096,2022,2022-09-30,native_mse,20260911,0.0023426567269946583,,1,1
rolling5_quarterly20,2878,2022-12-02,2022-12-12,0.0175374394775362,2022,2022-09-30,native_mse,20260911,0.010471486054633194,,1,1
rolling5_quarterly20,2883,2022-12-09,2022-12-19,-0.0058850602464181,2022,2022-09-30,native_mse,20260911,0.008559647399989313,,1,0
rolling5_quarterly20,2888,2022-12-16,2022-12-26,-0.0309150292073658,2022,2022-09-30,native_mse,20260911,0.004552848109813119,,1,0
rolling5_quarterly20,2893,2022-12-23,2023-01-03,0.0089464492229616,2022,2022-09-30,native_mse,20260911,0.0006757994453766154,,1,1
rolling5_quarterly20,2898,2022-12-30,2023-01-09,0.0345913414268119,2022,2022-09-30,native_mse,20260911,-0.006184678747639304,,0,1
rolling5_quarterly20,2843,2022-10-14,2022-10-24,-0.0246766294110258,2022,2022-09-30,learned_market,20260912,0.35163780067554523,0.35163780067554523,0,0
rolling5_quarterly20,2848,2022-10-21,2022-10-31,-0.059928861134359,2022,2022-09-30,learned_market,20260912,0.46451557383829295,0.46451557383829295,0,0
rolling5_quarterly20,2853,2022-10-28,2022-11-07,0.071339502526744,2022,2022-09-30,learned_market,20260912,0.706393266491983,0.706393266491983,1,1
rolling5_quarterly20,2858,2022-11-04,2022-11-14,0.0169449090696014,2022,2022-09-30,learned_market,20260912,0.6165844815328757,0.6165844815328757,1,1
rolling5_quarterly20,2863,2022-11-11,2022-11-21,-0.0127051391515239,2022,2022-09-30,learned_market,20260912,0.6027216890303329,0.6027216890303329,1,0
rolling5_quarterly20,2868,2022-11-18,2022-11-28,-0.0179672806084416,2022,2022-09-30,learned_market,20260912,0.3195341403160907,0.3195341403160907,0,0
rolling5_quarterly20,2873,2022-11-25,2022-12-05,0.0555768659337096,2022,2022-09-30,learned_market,20260912,0.43610017079978397,0.43610017079978397,0,1
rolling5_quarterly20,2878,2022-12-02,2022-12-12,0.0175374394775362,2022,2022-09-30,learned_market,20260912,0.38824181509272476,0.38824181509272476,0,1
rolling5_quarterly20,2883,2022-12-09,2022-12-19,-0.0058850602464181,2022,2022-09-30,learned_market,20260912,0.6855368805215174,0.6855368805215174,1,0
rolling5_quarterly20,2888,2022-12-16,2022-12-26,-0.0309150292073658,2022,2022-09-30,learned_market,20260912,0.42796388590980095,0.42796388590980095,0,0
rolling5_quarterly20,2893,2022-12-23,2023-01-03,0.0089464492229616,2022,2022-09-30,learned_market,20260912,0.3114965726102582,0.3114965726102582,0,1
rolling5_quarterly20,2898,2022-12-30,2023-01-09,0.0345913414268119,2022,2022-09-30,learned_market,20260912,0.4329357676188234,0.4329357676188234,0,1
rolling5_quarterly20,2843,2022-10-14,2022-10-24,-0.0246766294110258,2022,2022-09-30,learned_vol_interaction,20260912,0.3474081333086499,0.3474081333086499,0,0
rolling5_quarterly20,2848,2022-10-21,2022-10-31,-0.059928861134359,2022,2022-09-30,learned_vol_interaction,20260912,0.4530819291394448,0.4530819291394448,0,0
rolling5_quarterly20,2853,2022-10-28,2022-11-07,0.071339502526744,2022,2022-09-30,learned_vol_interaction,20260912,0.6838989093296504,0.6838989093296504,1,1
rolling5_quarterly20,2858,2022-11-04,2022-11-14,0.0169449090696014,2022,2022-09-30,learned_vol_interaction,20260912,0.5720011263319774,0.5720011263319774,1,1
rolling5_quarterly20,2863,2022-11-11,2022-11-21,-0.0127051391515239,2022,2022-09-30,learned_vol_interaction,20260912,0.57775989962199,0.57775989962199,1,0
rolling5_quarterly20,2868,2022-11-18,2022-11-28,-0.0179672806084416,2022,2022-09-30,learned_vol_interaction,20260912,0.38308153936147105,0.38308153936147105,0,0
rolling5_quarterly20,2873,2022-11-25,2022-12-05,0.0555768659337096,2022,2022-09-30,learned_vol_interaction,20260912,0.443639331675196,0.443639331675196,0,1
rolling5_quarterly20,2878,2022-12-02,2022-12-12,0.0175374394775362,2022,2022-09-30,learned_vol_interaction,20260912,0.3830801768404789,0.3830801768404789,0,1
rolling5_quarterly20,2883,2022-12-09,2022-12-19,-0.0058850602464181,2022,2022-09-30,learned_vol_interaction,20260912,0.7014978110476505,0.7014978110476505,1,0
rolling5_quarterly20,2888,2022-12-16,2022-12-26,-0.0309150292073658,2022,2022-09-30,learned_vol_interaction,20260912,0.4191889963108256,0.4191889963108256,0,0
rolling5_quarterly20,2893,2022-12-23,2023-01-03,0.0089464492229616,2022,2022-09-30,learned_vol_interaction,20260912,0.30970547395484055,0.30970547395484055,0,1
rolling5_quarterly20,2898,2022-12-30,2023-01-09,0.0345913414268119,2022,2022-09-30,learned_vol_interaction,20260912,0.42825972098645376,0.42825972098645376,0,1
rolling5_quarterly20,2843,2022-10-14,2022-10-24,-0.0246766294110258,2022,2022-09-30,learned_order_extension,20260912,0.2999263627501994,0.2999263627501994,0,0
rolling5_quarterly20,2848,2022-10-21,2022-10-31,-0.059928861134359,2022,2022-09-30,learned_order_extension,20260912,0.44573757580374995,0.44573757580374995,0,0
rolling5_quarterly20,2853,2022-10-28,2022-11-07,0.071339502526744,2022,2022-09-30,learned_order_extension,20260912,0.7054998559057799,0.7054998559057799,1,1
rolling5_quarterly20,2858,2022-11-04,2022-11-14,0.0169449090696014,2022,2022-09-30,learned_order_extension,20260912,0.5789454278347536,0.5789454278347536,1,1
rolling5_quarterly20,2863,2022-11-11,2022-11-21,-0.0127051391515239,2022,2022-09-30,learned_order_extension,20260912,0.5658686263462104,0.5658686263462104,1,0
rolling5_quarterly20,2868,2022-11-18,2022-11-28,-0.0179672806084416,2022,2022-09-30,learned_order_extension,20260912,0.3991292477127287,0.3991292477127287,0,0
rolling5_quarterly20,2873,2022-11-25,2022-12-05,0.0555768659337096,2022,2022-09-30,learned_order_extension,20260912,0.45275965027615817,0.45275965027615817,0,1
rolling5_quarterly20,2878,2022-12-02,2022-12-12,0.0175374394775362,2022,2022-09-30,learned_order_extension,20260912,0.3976599663183797,0.3976599663183797,0,1
rolling5_quarterly20,2883,2022-12-09,2022-12-19,-0.0058850602464181,2022,2022-09-30,learned_order_extension,20260912,0.6591147054623541,0.6591147054623541,1,0
rolling5_quarterly20,2888,2022-12-16,2022-12-26,-0.0309150292073658,2022,2022-09-30,learned_order_extension,20260912,0.4284968654174109,0.4284968654174109,0,0
rolling5_quarterly20,2893,2022-12-23,2023-01-03,0.0089464492229616,2022,2022-09-30,learned_order_extension,20260912,0.3106578923329198,0.3106578923329198,0,1
rolling5_quarterly20,2898,2022-12-30,2023-01-09,0.0345913414268119,2022,2022-09-30,learned_order_extension,20260912,0.4230106769324954,0.4230106769324954,0,1
rolling5_quarterly20,2843,2022-10-14,2022-10-24,-0.0246766294110258,2022,2022-09-30,learned_order_offset,20260912,0.30340691027886274,0.30340691027886274,0,0
rolling5_quarterly20,2848,2022-10-21,2022-10-31,-0.059928861134359,2022,2022-09-30,learned_order_offset,20260912,0.4459414939165009,0.4459414939165009,0,0
rolling5_quarterly20,2853,2022-10-28,2022-11-07,0.071339502526744,2022,2022-09-30,learned_order_offset,20260912,0.7075493893037402,0.7075493893037402,1,1
rolling5_quarterly20,2858,2022-11-04,2022-11-14,0.0169449090696014,2022,2022-09-30,learned_order_offset,20260912,0.5787690692742402,0.5787690692742402,1,1
rolling5_quarterly20,2863,2022-11-11,2022-11-21,-0.0127051391515239,2022,2022-09-30,learned_order_offset,20260912,0.5650840817652794,0.5650840817652794,1,0
rolling5_quarterly20,2868,2022-11-18,2022-11-28,-0.0179672806084416,2022,2022-09-30,learned_order_offset,20260912,0.3990549893014359,0.3990549893014359,0,0
rolling5_quarterly20,2873,2022-11-25,2022-12-05,0.0555768659337096,2022,2022-09-30,learned_order_offset,20260912,0.45247202096358863,0.45247202096358863,0,1
rolling5_quarterly20,2878,2022-12-02,2022-12-12,0.0175374394775362,2022,2022-09-30,learned_order_offset,20260912,0.3967421918040325,0.3967421918040325,0,1
rolling5_quarterly20,2883,2022-12-09,2022-12-19,-0.0058850602464181,2022,2022-09-30,learned_order_offset,20260912,0.659066855353292,0.659066855353292,1,0
rolling5_quarterly20,2888,2022-12-16,2022-12-26,-0.0309150292073658,2022,2022-09-30,learned_order_offset,20260912,0.42998397433521496,0.42998397433521496,0,0
rolling5_quarterly20,2893,2022-12-23,2023-01-03,0.0089464492229616,2022,2022-09-30,learned_order_offset,20260912,0.31115467214552384,0.31115467214552384,0,1
rolling5_quarterly20,2898,2022-12-30,2023-01-09,0.0345913414268119,2022,2022-09-30,learned_order_offset,20260912,0.4235670448406667,0.4235670448406667,0,1
rolling5_quarterly20,2843,2022-10-14,2022-10-24,-0.0246766294110258,2022,2022-09-30,native_mse,20260912,-0.007677116275072066,,0,0
rolling5_quarterly20,2848,2022-10-21,2022-10-31,-0.059928861134359,2022,2022-09-30,native_mse,20260912,-6.627668378096077e-06,,0,0
rolling5_quarterly20,2853,2022-10-28,2022-11-07,0.071339502526744,2022,2022-09-30,native_mse,20260912,0.005522430181992321,,1,1
rolling5_quarterly20,2858,2022-11-04,2022-11-14,0.0169449090696014,2022,2022-09-30,native_mse,20260912,0.007129236986857289,,1,1
rolling5_quarterly20,2863,2022-11-11,2022-11-21,-0.0127051391515239,2022,2022-09-30,native_mse,20260912,-0.0012376018145100346,,0,0
rolling5_quarterly20,2868,2022-11-18,2022-11-28,-0.0179672806084416,2022,2022-09-30,native_mse,20260912,-0.0038642113004778897,,0,0
rolling5_quarterly20,2873,2022-11-25,2022-12-05,0.0555768659337096,2022,2022-09-30,native_mse,20260912,-0.0012402748764505588,,0,1
rolling5_quarterly20,2878,2022-12-02,2022-12-12,0.0175374394775362,2022,2022-09-30,native_mse,20260912,-0.0017905737033859805,,0,1
rolling5_quarterly20,2883,2022-12-09,2022-12-19,-0.0058850602464181,2022,2022-09-30,native_mse,20260912,0.009181122844875537,,1,0
rolling5_quarterly20,2888,2022-12-16,2022-12-26,-0.0309150292073658,2022,2022-09-30,native_mse,20260912,-0.0008905280730834438,,0,0
rolling5_quarterly20,2893,2022-12-23,2023-01-03,0.0089464492229616,2022,2022-09-30,native_mse,20260912,-0.001210536821459024,,0,1
rolling5_quarterly20,2898,2022-12-30,2023-01-09,0.0345913414268119,2022,2022-09-30,native_mse,20260912,-0.0009494459300440872,,0,1
rolling5_quarterly20,2902,2023-01-06,2023-01-16,0.0198447929614133,2023,2022-12-31,learned_market,20260910,0.2720748657753032,0.2720748657753032,0,1
rolling5_quarterly20,2907,2023-01-13,2023-01-30,0.0465290788350809,2023,2022-12-31,learned_market,20260910,0.47236248212800225,0.47236248212800225,0,1
rolling5_quarterly20,2912,2023-01-20,2023-02-06,-0.0383797057844887,2023,2022-12-31,learned_market,20260910,0.406664897579608,0.406664897579608,0,0
rolling5_quarterly20,2917,2023-02-03,2023-02-13,-0.0012061903149008,2023,2022-12-31,learned_market,20260910,0.7077615943567296,0.7077615943567296,1,0
rolling5_quarterly20,2922,2023-02-10,2023-02-20,-0.0143746584432821,2023,2022-12-31,learned_market,20260910,0.3396729663973045,0.3396729663973045,0,0
rolling5_quarterly20,2927,2023-02-17,2023-02-27,0.0001237636016198,2023,2022-12-31,learned_market,20260910,0.3940367299508906,0.3940367299508906,0,1
rolling5_quarterly20,2932,2023-02-24,2023-03-06,0.0224454641303217,2023,2022-12-31,learned_market,20260910,0.6368517662464305,0.6368517662464305,1,1
rolling5_quarterly20,2937,2023-03-03,2023-03-13,-0.0407900947678007,2023,2022-12-31,learned_market,20260910,0.7365179717700991,0.7365179717700991,1,0
rolling5_quarterly20,2942,2023-03-10,2023-03-20,5.0471402903706775e-06,2023,2022-12-31,learned_market,20260910,0.5813776336748179,0.5813776336748179,1,1
rolling5_quarterly20,2947,2023-03-17,2023-03-27,0.015302852124583,2023,2022-12-31,learned_market,20260910,0.42485803758448765,0.42485803758448765,0,1
rolling5_quarterly20,2952,2023-03-24,2023-04-03,0.0090274153058433,2023,2022-12-31,learned_market,20260910,0.37090574302943613,0.37090574302943613,0,1
rolling5_quarterly20,2957,2023-03-31,2023-04-10,0.0178317182396383,2023,2022-12-31,learned_market,20260910,0.3924154635264961,0.3924154635264961,0,1
rolling5_quarterly20,2902,2023-01-06,2023-01-16,0.0198447929614133,2023,2022-12-31,learned_vol_interaction,20260910,0.2579229355480302,0.2579229355480302,0,1
rolling5_quarterly20,2907,2023-01-13,2023-01-30,0.0465290788350809,2023,2022-12-31,learned_vol_interaction,20260910,0.46834593067568,0.46834593067568,0,1
rolling5_quarterly20,2912,2023-01-20,2023-02-06,-0.0383797057844887,2023,2022-12-31,learned_vol_interaction,20260910,0.3968582316115995,0.3968582316115995,0,0
rolling5_quarterly20,2917,2023-02-03,2023-02-13,-0.0012061903149008,2023,2022-12-31,learned_vol_interaction,20260910,0.7386639107975522,0.7386639107975522,1,0
rolling5_quarterly20,2922,2023-02-10,2023-02-20,-0.0143746584432821,2023,2022-12-31,learned_vol_interaction,20260910,0.3303769483660095,0.3303769483660095,0,0
rolling5_quarterly20,2927,2023-02-17,2023-02-27,0.0001237636016198,2023,2022-12-31,learned_vol_interaction,20260910,0.37895686267521006,0.37895686267521006,0,1
rolling5_quarterly20,2932,2023-02-24,2023-03-06,0.0224454641303217,2023,2022-12-31,learned_vol_interaction,20260910,0.6474147480213357,0.6474147480213357,1,1
rolling5_quarterly20,2937,2023-03-03,2023-03-13,-0.0407900947678007,2023,2022-12-31,learned_vol_interaction,20260910,0.7530412308563522,0.7530412308563522,1,0
rolling5_quarterly20,2942,2023-03-10,2023-03-20,5.0471402903706775e-06,2023,2022-12-31,learned_vol_interaction,20260910,0.5873882519994295,0.5873882519994295,1,1
rolling5_quarterly20,2947,2023-03-17,2023-03-27,0.015302852124583,2023,2022-12-31,learned_vol_interaction,20260910,0.41458186592231894,0.41458186592231894,0,1
rolling5_quarterly20,2952,2023-03-24,2023-04-03,0.0090274153058433,2023,2022-12-31,learned_vol_interaction,20260910,0.35652402288788393,0.35652402288788393,0,1
rolling5_quarterly20,2957,2023-03-31,2023-04-10,0.0178317182396383,2023,2022-12-31,learned_vol_interaction,20260910,0.3863632737017367,0.3863632737017367,0,1
rolling5_quarterly20,2902,2023-01-06,2023-01-16,0.0198447929614133,2023,2022-12-31,learned_order_extension,20260910,0.2943161630816726,0.2943161630816726,0,1
rolling5_quarterly20,2907,2023-01-13,2023-01-30,0.0465290788350809,2023,2022-12-31,learned_order_extension,20260910,0.46027187341536235,0.46027187341536235,0,1
rolling5_quarterly20,2912,2023-01-20,2023-02-06,-0.0383797057844887,2023,2022-12-31,learned_order_extension,20260910,0.3872152058090037,0.3872152058090037,0,0
rolling5_quarterly20,2917,2023-02-03,2023-02-13,-0.0012061903149008,2023,2022-12-31,learned_order_extension,20260910,0.7087431108814826,0.7087431108814826,1,0
rolling5_quarterly20,2922,2023-02-10,2023-02-20,-0.0143746584432821,2023,2022-12-31,learned_order_extension,20260910,0.33420380659580207,0.33420380659580207,0,0
rolling5_quarterly20,2927,2023-02-17,2023-02-27,0.0001237636016198,2023,2022-12-31,learned_order_extension,20260910,0.37695809393703467,0.37695809393703467,0,1
rolling5_quarterly20,2932,2023-02-24,2023-03-06,0.0224454641303217,2023,2022-12-31,learned_order_extension,20260910,0.6504979423759706,0.6504979423759706,1,1
rolling5_quarterly20,2937,2023-03-03,2023-03-13,-0.0407900947678007,2023,2022-12-31,learned_order_extension,20260910,0.7451391997229981,0.7451391997229981,1,0
rolling5_quarterly20,2942,2023-03-10,2023-03-20,5.0471402903706775e-06,2023,2022-12-31,learned_order_extension,20260910,0.5807717243209339,0.5807717243209339,1,1
rolling5_quarterly20,2947,2023-03-17,2023-03-27,0.015302852124583,2023,2022-12-31,learned_order_extension,20260910,0.4261400351912486,0.4261400351912486,0,1
rolling5_quarterly20,2952,2023-03-24,2023-04-03,0.0090274153058433,2023,2022-12-31,learned_order_extension,20260910,0.35549705087245137,0.35549705087245137,0,1
rolling5_quarterly20,2957,2023-03-31,2023-04-10,0.0178317182396383,2023,2022-12-31,learned_order_extension,20260910,0.38561638910546875,0.38561638910546875,0,1
rolling5_quarterly20,2902,2023-01-06,2023-01-16,0.0198447929614133,2023,2022-12-31,learned_order_offset,20260910,0.29436491679511234,0.29436491679511234,0,1
rolling5_quarterly20,2907,2023-01-13,2023-01-30,0.0465290788350809,2023,2022-12-31,learned_order_offset,20260910,0.45922844261203544,0.45922844261203544,0,1
rolling5_quarterly20,2912,2023-01-20,2023-02-06,-0.0383797057844887,2023,2022-12-31,learned_order_offset,20260910,0.3863007910171924,0.3863007910171924,0,0
rolling5_quarterly20,2917,2023-02-03,2023-02-13,-0.0012061903149008,2023,2022-12-31,learned_order_offset,20260910,0.708109906191393,0.708109906191393,1,0
rolling5_quarterly20,2922,2023-02-10,2023-02-20,-0.0143746584432821,2023,2022-12-31,learned_order_offset,20260910,0.3342356424663725,0.3342356424663725,0,0
rolling5_quarterly20,2927,2023-02-17,2023-02-27,0.0001237636016198,2023,2022-12-31,learned_order_offset,20260910,0.3768936129162209,0.3768936129162209,0,1
rolling5_quarterly20,2932,2023-02-24,2023-03-06,0.0224454641303217,2023,2022-12-31,learned_order_offset,20260910,0.650954614063496,0.650954614063496,1,1
rolling5_quarterly20,2937,2023-03-03,2023-03-13,-0.0407900947678007,2023,2022-12-31,learned_order_offset,20260910,0.744213255918267,0.744213255918267,1,0
rolling5_quarterly20,2942,2023-03-10,2023-03-20,5.0471402903706775e-06,2023,2022-12-31,learned_order_offset,20260910,0.581402685223824,0.581402685223824,1,1
rolling5_quarterly20,2947,2023-03-17,2023-03-27,0.015302852124583,2023,2022-12-31,learned_order_offset,20260910,0.4267138677564879,0.4267138677564879,0,1
rolling5_quarterly20,2952,2023-03-24,2023-04-03,0.0090274153058433,2023,2022-12-31,learned_order_offset,20260910,0.3550974197538086,0.3550974197538086,0,1
rolling5_quarterly20,2957,2023-03-31,2023-04-10,0.0178317182396383,2023,2022-12-31,learned_order_offset,20260910,0.38476763491007665,0.38476763491007665,0,1
rolling5_quarterly20,2902,2023-01-06,2023-01-16,0.0198447929614133,2023,2022-12-31,native_mse,20260910,-0.0025267983391307767,,0,1
rolling5_quarterly20,2907,2023-01-13,2023-01-30,0.0465290788350809,2023,2022-12-31,native_mse,20260910,-0.0004635399148201708,,0,1
rolling5_quarterly20,2912,2023-01-20,2023-02-06,-0.0383797057844887,2023,2022-12-31,native_mse,20260910,7.519190422555292e-05,,1,0
rolling5_quarterly20,2917,2023-02-03,2023-02-13,-0.0012061903149008,2023,2022-12-31,native_mse,20260910,0.0016271329266920357,,1,0
rolling5_quarterly20,2922,2023-02-10,2023-02-20,-0.0143746584432821,2023,2022-12-31,native_mse,20260910,-0.0011564163814400644,,0,0
rolling5_quarterly20,2927,2023-02-17,2023-02-27,0.0001237636016198,2023,2022-12-31,native_mse,20260910,-0.0016426518503498255,,0,1
rolling5_quarterly20,2932,2023-02-24,2023-03-06,0.0224454641303217,2023,2022-12-31,native_mse,20260910,0.0015810555880606469,,1,1
rolling5_quarterly20,2937,2023-03-03,2023-03-13,-0.0407900947678007,2023,2022-12-31,native_mse,20260910,0.0007073892257839969,,1,0
rolling5_quarterly20,2942,2023-03-10,2023-03-20,5.0471402903706775e-06,2023,2022-12-31,native_mse,20260910,-0.0001794060398361263,,0,1
rolling5_quarterly20,2947,2023-03-17,2023-03-27,0.015302852124583,2023,2022-12-31,native_mse,20260910,-0.0018976163672993884,,0,1
rolling5_quarterly20,2952,2023-03-24,2023-04-03,0.0090274153058433,2023,2022-12-31,native_mse,20260910,-0.001832954139676603,,0,1
rolling5_quarterly20,2957,2023-03-31,2023-04-10,0.0178317182396383,2023,2022-12-31,native_mse,20260910,-0.00172129069982479,,0,1
rolling5_quarterly20,2902,2023-01-06,2023-01-16,0.0198447929614133,2023,2022-12-31,training_frequency,-1,0.5028949545078577,0.5028949545078577,1,1
rolling5_quarterly20,2907,2023-01-13,2023-01-30,0.0465290788350809,2023,2022-12-31,training_frequency,-1,0.5028949545078577,0.5028949545078577,1,1
rolling5_quarterly20,2912,2023-01-20,2023-02-06,-0.0383797057844887,2023,2022-12-31,training_frequency,-1,0.5028949545078577,0.5028949545078577,1,0
rolling5_quarterly20,2917,2023-02-03,2023-02-13,-0.0012061903149008,2023,2022-12-31,training_frequency,-1,0.5028949545078577,0.5028949545078577,1,0
rolling5_quarterly20,2922,2023-02-10,2023-02-20,-0.0143746584432821,2023,2022-12-31,training_frequency,-1,0.5028949545078577,0.5028949545078577,1,0
rolling5_quarterly20,2927,2023-02-17,2023-02-27,0.0001237636016198,2023,2022-12-31,training_frequency,-1,0.5028949545078577,0.5028949545078577,1,1
rolling5_quarterly20,2932,2023-02-24,2023-03-06,0.0224454641303217,2023,2022-12-31,training_frequency,-1,0.5028949545078577,0.5028949545078577,1,1
rolling5_quarterly20,2937,2023-03-03,2023-03-13,-0.0407900947678007,2023,2022-12-31,training_frequency,-1,0.5028949545078577,0.5028949545078577,1,0
rolling5_quarterly20,2942,2023-03-10,2023-03-20,5.0471402903706775e-06,2023,2022-12-31,training_frequency,-1,0.5028949545078577,0.5028949545078577,1,1
rolling5_quarterly20,2947,2023-03-17,2023-03-27,0.015302852124583,2023,2022-12-31,training_frequency,-1,0.5028949545078577,0.5028949545078577,1,1
rolling5_quarterly20,2952,2023-03-24,2023-04-03,0.0090274153058433,2023,2022-12-31,training_frequency,-1,0.5028949545078577,0.5028949545078577,1,1
rolling5_quarterly20,2957,2023-03-31,2023-04-10,0.0178317182396383,2023,2022-12-31,training_frequency,-1,0.5028949545078577,0.5028949545078577,1,1
rolling5_quarterly20,2902,2023-01-06,2023-01-16,0.0198447929614133,2023,2022-12-31,learned_market,20260911,0.4109996836659653,0.4109996836659653,0,1
rolling5_quarterly20,2907,2023-01-13,2023-01-30,0.0465290788350809,2023,2022-12-31,learned_market,20260911,0.344318482304961,0.344318482304961,0,1
rolling5_quarterly20,2912,2023-01-20,2023-02-06,-0.0383797057844887,2023,2022-12-31,learned_market,20260911,0.6588589521771411,0.6588589521771411,1,0
rolling5_quarterly20,2917,2023-02-03,2023-02-13,-0.0012061903149008,2023,2022-12-31,learned_market,20260911,0.5846417083500102,0.5846417083500102,1,0
rolling5_quarterly20,2922,2023-02-10,2023-02-20,-0.0143746584432821,2023,2022-12-31,learned_market,20260911,0.37229435163057095,0.37229435163057095,0,0
rolling5_quarterly20,2927,2023-02-17,2023-02-27,0.0001237636016198,2023,2022-12-31,learned_market,20260911,0.4278917331001193,0.4278917331001193,0,1
rolling5_quarterly20,2932,2023-02-24,2023-03-06,0.0224454641303217,2023,2022-12-31,learned_market,20260911,0.6524353768671635,0.6524353768671635,1,1
rolling5_quarterly20,2937,2023-03-03,2023-03-13,-0.0407900947678007,2023,2022-12-31,learned_market,20260911,0.767620468884498,0.767620468884498,1,0
rolling5_quarterly20,2942,2023-03-10,2023-03-20,5.0471402903706775e-06,2023,2022-12-31,learned_market,20260911,0.6078004132598206,0.6078004132598206,1,1
rolling5_quarterly20,2947,2023-03-17,2023-03-27,0.015302852124583,2023,2022-12-31,learned_market,20260911,0.41902195233093853,0.41902195233093853,0,1
rolling5_quarterly20,2952,2023-03-24,2023-04-03,0.0090274153058433,2023,2022-12-31,learned_market,20260911,0.4677158880927443,0.4677158880927443,0,1
rolling5_quarterly20,2957,2023-03-31,2023-04-10,0.0178317182396383,2023,2022-12-31,learned_market,20260911,0.5644297293997745,0.5644297293997745,1,1
rolling5_quarterly20,2902,2023-01-06,2023-01-16,0.0198447929614133,2023,2022-12-31,learned_vol_interaction,20260911,0.40969442309749926,0.40969442309749926,0,1
rolling5_quarterly20,2907,2023-01-13,2023-01-30,0.0465290788350809,2023,2022-12-31,learned_vol_interaction,20260911,0.36456829174456845,0.36456829174456845,0,1
rolling5_quarterly20,2912,2023-01-20,2023-02-06,-0.0383797057844887,2023,2022-12-31,learned_vol_interaction,20260911,0.5794436004575169,0.5794436004575169,1,0
rolling5_quarterly20,2917,2023-02-03,2023-02-13,-0.0012061903149008,2023,2022-12-31,learned_vol_interaction,20260911,0.5514968469417321,0.5514968469417321,1,0
rolling5_quarterly20,2922,2023-02-10,2023-02-20,-0.0143746584432821,2023,2022-12-31,learned_vol_interaction,20260911,0.3927055424872561,0.3927055424872561,0,0
rolling5_quarterly20,2927,2023-02-17,2023-02-27,0.0001237636016198,2023,2022-12-31,learned_vol_interaction,20260911,0.44774683758526995,0.44774683758526995,0,1
rolling5_quarterly20,2932,2023-02-24,2023-03-06,0.0224454641303217,2023,2022-12-31,learned_vol_interaction,20260911,0.619096546985403,0.619096546985403,1,1
rolling5_quarterly20,2937,2023-03-03,2023-03-13,-0.0407900947678007,2023,2022-12-31,learned_vol_interaction,20260911,0.7361671223361639,0.7361671223361639,1,0
rolling5_quarterly20,2942,2023-03-10,2023-03-20,5.0471402903706775e-06,2023,2022-12-31,learned_vol_interaction,20260911,0.5923713060138441,0.5923713060138441,1,1
rolling5_quarterly20,2947,2023-03-17,2023-03-27,0.015302852124583,2023,2022-12-31,learned_vol_interaction,20260911,0.44129297023126407,0.44129297023126407,0,1
rolling5_quarterly20,2952,2023-03-24,2023-04-03,0.0090274153058433,2023,2022-12-31,learned_vol_interaction,20260911,0.48118952805584325,0.48118952805584325,0,1
rolling5_quarterly20,2957,2023-03-31,2023-04-10,0.0178317182396383,2023,2022-12-31,learned_vol_interaction,20260911,0.5581984383579583,0.5581984383579583,1,1
rolling5_quarterly20,2902,2023-01-06,2023-01-16,0.0198447929614133,2023,2022-12-31,learned_order_extension,20260911,0.4111458737354107,0.4111458737354107,0,1
rolling5_quarterly20,2907,2023-01-13,2023-01-30,0.0465290788350809,2023,2022-12-31,learned_order_extension,20260911,0.36472782557647304,0.36472782557647304,0,1
rolling5_quarterly20,2912,2023-01-20,2023-02-06,-0.0383797057844887,2023,2022-12-31,learned_order_extension,20260911,0.5780473136480286,0.5780473136480286,1,0
rolling5_quarterly20,2917,2023-02-03,2023-02-13,-0.0012061903149008,2023,2022-12-31,learned_order_extension,20260911,0.5514322848293292,0.5514322848293292,1,0
rolling5_quarterly20,2922,2023-02-10,2023-02-20,-0.0143746584432821,2023,2022-12-31,learned_order_extension,20260911,0.3920291907474336,0.3920291907474336,0,0
rolling5_quarterly20,2927,2023-02-17,2023-02-27,0.0001237636016198,2023,2022-12-31,learned_order_extension,20260911,0.4473244932999703,0.4473244932999703,0,1
rolling5_quarterly20,2932,2023-02-24,2023-03-06,0.0224454641303217,2023,2022-12-31,learned_order_extension,20260911,0.6194433589464242,0.6194433589464242,1,1
rolling5_quarterly20,2937,2023-03-03,2023-03-13,-0.0407900947678007,2023,2022-12-31,learned_order_extension,20260911,0.7367440693214489,0.7367440693214489,1,0
rolling5_quarterly20,2942,2023-03-10,2023-03-20,5.0471402903706775e-06,2023,2022-12-31,learned_order_extension,20260911,0.5926520405957385,0.5926520405957385,1,1
rolling5_quarterly20,2947,2023-03-17,2023-03-27,0.015302852124583,2023,2022-12-31,learned_order_extension,20260911,0.44150652320643097,0.44150652320643097,0,1
rolling5_quarterly20,2952,2023-03-24,2023-04-03,0.0090274153058433,2023,2022-12-31,learned_order_extension,20260911,0.4806406899115495,0.4806406899115495,0,1
rolling5_quarterly20,2957,2023-03-31,2023-04-10,0.0178317182396383,2023,2022-12-31,learned_order_extension,20260911,0.5564015664237618,0.5564015664237618,1,1
rolling5_quarterly20,2902,2023-01-06,2023-01-16,0.0198447929614133,2023,2022-12-31,learned_order_offset,20260911,0.41117201615041793,0.41117201615041793,0,1
rolling5_quarterly20,2907,2023-01-13,2023-01-30,0.0465290788350809,2023,2022-12-31,learned_order_offset,20260911,0.364680620051655,0.364680620051655,0,1
rolling5_quarterly20,2912,2023-01-20,2023-02-06,-0.0383797057844887,2023,2022-12-31,learned_order_offset,20260911,0.578179649696222,0.578179649696222,1,0
rolling5_quarterly20,2917,2023-02-03,2023-02-13,-0.0012061903149008,2023,2022-12-31,learned_order_offset,20260911,0.5515128874638535,0.5515128874638535,1,0
rolling5_quarterly20,2922,2023-02-10,2023-02-20,-0.0143746584432821,2023,2022-12-31,learned_order_offset,20260911,0.39192014326711666,0.39192014326711666,0,0
rolling5_quarterly20,2927,2023-02-17,2023-02-27,0.0001237636016198,2023,2022-12-31,learned_order_offset,20260911,0.44735551730013157,0.44735551730013157,0,1
rolling5_quarterly20,2932,2023-02-24,2023-03-06,0.0224454641303217,2023,2022-12-31,learned_order_offset,20260911,0.6194755772192605,0.6194755772192605,1,1
rolling5_quarterly20,2937,2023-03-03,2023-03-13,-0.0407900947678007,2023,2022-12-31,learned_order_offset,20260911,0.7367890366176728,0.7367890366176728,1,0
rolling5_quarterly20,2942,2023-03-10,2023-03-20,5.0471402903706775e-06,2023,2022-12-31,learned_order_offset,20260911,0.5927141757173765,0.5927141757173765,1,1
rolling5_quarterly20,2947,2023-03-17,2023-03-27,0.015302852124583,2023,2022-12-31,learned_order_offset,20260911,0.44144992787218895,0.44144992787218895,0,1
rolling5_quarterly20,2952,2023-03-24,2023-04-03,0.0090274153058433,2023,2022-12-31,learned_order_offset,20260911,0.48064826466248156,0.48064826466248156,0,1
rolling5_quarterly20,2957,2023-03-31,2023-04-10,0.0178317182396383,2023,2022-12-31,learned_order_offset,20260911,0.556461403271004,0.556461403271004,1,1
rolling5_quarterly20,2902,2023-01-06,2023-01-16,0.0198447929614133,2023,2022-12-31,native_mse,20260911,-0.0028881799476405084,,0,1
rolling5_quarterly20,2907,2023-01-13,2023-01-30,0.0465290788350809,2023,2022-12-31,native_mse,20260911,0.002600529697082545,,1,1
rolling5_quarterly20,2912,2023-01-20,2023-02-06,-0.0383797057844887,2023,2022-12-31,native_mse,20260911,0.009824735187562814,,1,0
rolling5_quarterly20,2917,2023-02-03,2023-02-13,-0.0012061903149008,2023,2022-12-31,native_mse,20260911,0.001758336799202022,,1,0
rolling5_quarterly20,2922,2023-02-10,2023-02-20,-0.0143746584432821,2023,2022-12-31,native_mse,20260911,-0.004455423490420713,,0,0
rolling5_quarterly20,2927,2023-02-17,2023-02-27,0.0001237636016198,2023,2022-12-31,native_mse,20260911,-0.004320463721841919,,0,1
rolling5_quarterly20,2932,2023-02-24,2023-03-06,0.0224454641303217,2023,2022-12-31,native_mse,20260911,0.007109894584169036,,1,1
rolling5_quarterly20,2937,2023-03-03,2023-03-13,-0.0407900947678007,2023,2022-12-31,native_mse,20260911,0.012121075090535267,,1,0
rolling5_quarterly20,2942,2023-03-10,2023-03-20,5.0471402903706775e-06,2023,2022-12-31,native_mse,20260911,-0.0015684618293498606,,0,1
rolling5_quarterly20,2947,2023-03-17,2023-03-27,0.015302852124583,2023,2022-12-31,native_mse,20260911,-0.00455123687690783,,0,1
rolling5_quarterly20,2952,2023-03-24,2023-04-03,0.0090274153058433,2023,2022-12-31,native_mse,20260911,-0.0032713642765306557,,0,1
rolling5_quarterly20,2957,2023-03-31,2023-04-10,0.0178317182396383,2023,2022-12-31,native_mse,20260911,0.009972413917103892,,1,1
rolling5_quarterly20,2902,2023-01-06,2023-01-16,0.0198447929614133,2023,2022-12-31,learned_market,20260912,0.30052885603711643,0.30052885603711643,0,1
rolling5_quarterly20,2907,2023-01-13,2023-01-30,0.0465290788350809,2023,2022-12-31,learned_market,20260912,0.25642703962175933,0.25642703962175933,0,1
rolling5_quarterly20,2912,2023-01-20,2023-02-06,-0.0383797057844887,2023,2022-12-31,learned_market,20260912,0.6884031394091166,0.6884031394091166,1,0
rolling5_quarterly20,2917,2023-02-03,2023-02-13,-0.0012061903149008,2023,2022-12-31,learned_market,20260912,0.48719446040105807,0.48719446040105807,0,0
rolling5_quarterly20,2922,2023-02-10,2023-02-20,-0.0143746584432821,2023,2022-12-31,learned_market,20260912,0.25478983111842135,0.25478983111842135,0,0
rolling5_quarterly20,2927,2023-02-17,2023-02-27,0.0001237636016198,2023,2022-12-31,learned_market,20260912,0.4079835806267681,0.4079835806267681,0,1
rolling5_quarterly20,2932,2023-02-24,2023-03-06,0.0224454641303217,2023,2022-12-31,learned_market,20260912,0.7137242634797857,0.7137242634797857,1,1
rolling5_quarterly20,2937,2023-03-03,2023-03-13,-0.0407900947678007,2023,2022-12-31,learned_market,20260912,0.5807881322909977,0.5807881322909977,1,0
rolling5_quarterly20,2942,2023-03-10,2023-03-20,5.0471402903706775e-06,2023,2022-12-31,learned_market,20260912,0.41460120883303464,0.41460120883303464,0,1
rolling5_quarterly20,2947,2023-03-17,2023-03-27,0.015302852124583,2023,2022-12-31,learned_market,20260912,0.30490069121650976,0.30490069121650976,0,1
rolling5_quarterly20,2952,2023-03-24,2023-04-03,0.0090274153058433,2023,2022-12-31,learned_market,20260912,0.5481390563099999,0.5481390563099999,1,1
rolling5_quarterly20,2957,2023-03-31,2023-04-10,0.0178317182396383,2023,2022-12-31,learned_market,20260912,0.611788401190659,0.611788401190659,1,1
rolling5_quarterly20,2902,2023-01-06,2023-01-16,0.0198447929614133,2023,2022-12-31,learned_vol_interaction,20260912,0.28965659740268485,0.28965659740268485,0,1
rolling5_quarterly20,2907,2023-01-13,2023-01-30,0.0465290788350809,2023,2022-12-31,learned_vol_interaction,20260912,0.24376767561556023,0.24376767561556023,0,1
rolling5_quarterly20,2912,2023-01-20,2023-02-06,-0.0383797057844887,2023,2022-12-31,learned_vol_interaction,20260912,0.7144269683090918,0.7144269683090918,1,0
rolling5_quarterly20,2917,2023-02-03,2023-02-13,-0.0012061903149008,2023,2022-12-31,learned_vol_interaction,20260912,0.48449097695552545,0.48449097695552545,0,0
rolling5_quarterly20,2922,2023-02-10,2023-02-20,-0.0143746584432821,2023,2022-12-31,learned_vol_interaction,20260912,0.24568395555451436,0.24568395555451436,0,0
rolling5_quarterly20,2927,2023-02-17,2023-02-27,0.0001237636016198,2023,2022-12-31,learned_vol_interaction,20260912,0.4043340500782045,0.4043340500782045,0,1
rolling5_quarterly20,2932,2023-02-24,2023-03-06,0.0224454641303217,2023,2022-12-31,learned_vol_interaction,20260912,0.7237644100552868,0.7237644100552868,1,1
rolling5_quarterly20,2937,2023-03-03,2023-03-13,-0.0407900947678007,2023,2022-12-31,learned_vol_interaction,20260912,0.5909800662310533,0.5909800662310533,1,0
rolling5_quarterly20,2942,2023-03-10,2023-03-20,5.0471402903706775e-06,2023,2022-12-31,learned_vol_interaction,20260912,0.42073806711796297,0.42073806711796297,0,1
rolling5_quarterly20,2947,2023-03-17,2023-03-27,0.015302852124583,2023,2022-12-31,learned_vol_interaction,20260912,0.29115877511006416,0.29115877511006416,0,1
rolling5_quarterly20,2952,2023-03-24,2023-04-03,0.0090274153058433,2023,2022-12-31,learned_vol_interaction,20260912,0.5529999746105244,0.5529999746105244,1,1
rolling5_quarterly20,2957,2023-03-31,2023-04-10,0.0178317182396383,2023,2022-12-31,learned_vol_interaction,20260912,0.632100803954458,0.632100803954458,1,1
rolling5_quarterly20,2902,2023-01-06,2023-01-16,0.0198447929614133,2023,2022-12-31,learned_order_extension,20260912,0.3320870087441045,0.3320870087441045,0,1
rolling5_quarterly20,2907,2023-01-13,2023-01-30,0.0465290788350809,2023,2022-12-31,learned_order_extension,20260912,0.27988954900977053,0.27988954900977053,0,1
rolling5_quarterly20,2912,2023-01-20,2023-02-06,-0.0383797057844887,2023,2022-12-31,learned_order_extension,20260912,0.6620064456911843,0.6620064456911843,1,0
rolling5_quarterly20,2917,2023-02-03,2023-02-13,-0.0012061903149008,2023,2022-12-31,learned_order_extension,20260912,0.47399209037220413,0.47399209037220413,0,0
rolling5_quarterly20,2922,2023-02-10,2023-02-20,-0.0143746584432821,2023,2022-12-31,learned_order_extension,20260912,0.24616016767148868,0.24616016767148868,0,0
rolling5_quarterly20,2927,2023-02-17,2023-02-27,0.0001237636016198,2023,2022-12-31,learned_order_extension,20260912,0.39614793530843245,0.39614793530843245,0,1
rolling5_quarterly20,2932,2023-02-24,2023-03-06,0.0224454641303217,2023,2022-12-31,learned_order_extension,20260912,0.7129289281429624,0.7129289281429624,1,1
rolling5_quarterly20,2937,2023-03-03,2023-03-13,-0.0407900947678007,2023,2022-12-31,learned_order_extension,20260912,0.5872179709776264,0.5872179709776264,1,0
rolling5_quarterly20,2942,2023-03-10,2023-03-20,5.0471402903706775e-06,2023,2022-12-31,learned_order_extension,20260912,0.45917963346836393,0.45917963346836393,0,1
rolling5_quarterly20,2947,2023-03-17,2023-03-27,0.015302852124583,2023,2022-12-31,learned_order_extension,20260912,0.3321757909492291,0.3321757909492291,0,1
rolling5_quarterly20,2952,2023-03-24,2023-04-03,0.0090274153058433,2023,2022-12-31,learned_order_extension,20260912,0.5428268381901444,0.5428268381901444,1,1
rolling5_quarterly20,2957,2023-03-31,2023-04-10,0.0178317182396383,2023,2022-12-31,learned_order_extension,20260912,0.5750765947333518,0.5750765947333518,1,1
rolling5_quarterly20,2902,2023-01-06,2023-01-16,0.0198447929614133,2023,2022-12-31,learned_order_offset,20260912,0.33518639317613286,0.33518639317613286,0,1
rolling5_quarterly20,2907,2023-01-13,2023-01-30,0.0465290788350809,2023,2022-12-31,learned_order_offset,20260912,0.283926532884273,0.283926532884273,0,1
rolling5_quarterly20,2912,2023-01-20,2023-02-06,-0.0383797057844887,2023,2022-12-31,learned_order_offset,20260912,0.656265266213206,0.656265266213206,1,0
rolling5_quarterly20,2917,2023-02-03,2023-02-13,-0.0012061903149008,2023,2022-12-31,learned_order_offset,20260912,0.47265762776020354,0.47265762776020354,0,0
rolling5_quarterly20,2922,2023-02-10,2023-02-20,-0.0143746584432821,2023,2022-12-31,learned_order_offset,20260912,0.2502577591654617,0.2502577591654617,0,0
rolling5_quarterly20,2927,2023-02-17,2023-02-27,0.0001237636016198,2023,2022-12-31,learned_order_offset,20260912,0.3981719184557722,0.3981719184557722,0,1
rolling5_quarterly20,2932,2023-02-24,2023-03-06,0.0224454641303217,2023,2022-12-31,learned_order_offset,20260912,0.7071114667508918,0.7071114667508918,1,1
rolling5_quarterly20,2937,2023-03-03,2023-03-13,-0.0407900947678007,2023,2022-12-31,learned_order_offset,20260912,0.5854544425200702,0.5854544425200702,1,0
rolling5_quarterly20,2942,2023-03-10,2023-03-20,5.0471402903706775e-06,2023,2022-12-31,learned_order_offset,20260912,0.4623204109511431,0.4623204109511431,0,1
rolling5_quarterly20,2947,2023-03-17,2023-03-27,0.015302852124583,2023,2022-12-31,learned_order_offset,20260912,0.339217920591994,0.339217920591994,0,1
rolling5_quarterly20,2952,2023-03-24,2023-04-03,0.0090274153058433,2023,2022-12-31,learned_order_offset,20260912,0.5430909588293242,0.5430909588293242,1,1
rolling5_quarterly20,2957,2023-03-31,2023-04-10,0.0178317182396383,2023,2022-12-31,learned_order_offset,20260912,0.5725347377994414,0.5725347377994414,1,1
rolling5_quarterly20,2902,2023-01-06,2023-01-16,0.0198447929614133,2023,2022-12-31,native_mse,20260912,0.0004281627694943007,,1,1
rolling5_quarterly20,2907,2023-01-13,2023-01-30,0.0465290788350809,2023,2022-12-31,native_mse,20260912,4.2102919401855305e-05,,1,1
rolling5_quarterly20,2912,2023-01-20,2023-02-06,-0.0383797057844887,2023,2022-12-31,native_mse,20260912,0.0010967633118809882,,1,0
rolling5_quarterly20,2917,2023-02-03,2023-02-13,-0.0012061903149008,2023,2022-12-31,native_mse,20260912,0.0008747039967658528,,1,0
rolling5_quarterly20,2922,2023-02-10,2023-02-20,-0.0143746584432821,2023,2022-12-31,native_mse,20260912,0.0001818132935792269,,1,0
rolling5_quarterly20,2927,2023-02-17,2023-02-27,0.0001237636016198,2023,2022-12-31,native_mse,20260912,0.00010126624081480557,,1,1
rolling5_quarterly20,2932,2023-02-24,2023-03-06,0.0224454641303217,2023,2022-12-31,native_mse,20260912,0.000782385799644381,,1,1
rolling5_quarterly20,2937,2023-03-03,2023-03-13,-0.0407900947678007,2023,2022-12-31,native_mse,20260912,0.00040350503591383166,,1,0
rolling5_quarterly20,2942,2023-03-10,2023-03-20,5.0471402903706775e-06,2023,2022-12-31,native_mse,20260912,0.00023517524465769396,,1,1
rolling5_quarterly20,2947,2023-03-17,2023-03-27,0.015302852124583,2023,2022-12-31,native_mse,20260912,-0.0005550490015326846,,0,1
rolling5_quarterly20,2952,2023-03-24,2023-04-03,0.0090274153058433,2023,2022-12-31,native_mse,20260912,0.0004555071806066471,,1,1
rolling5_quarterly20,2957,2023-03-31,2023-04-10,0.0178317182396383,2023,2022-12-31,native_mse,20260912,0.0006137448037054246,,1,1
rolling5_quarterly20,2961,2023-04-07,2023-04-17,-0.0101500238382772,2023,2023-03-31,learned_market,20260910,0.37593526623306,0.37593526623306,0,0
rolling5_quarterly20,2966,2023-04-14,2023-04-24,-0.014368947230732,2023,2023-03-31,learned_market,20260910,0.4549034276704409,0.4549034276704409,0,0
rolling5_quarterly20,2971,2023-04-21,2023-05-04,-0.0044228908788729,2023,2023-03-31,learned_market,20260910,0.3651705014481235,0.3651705014481235,0,0
rolling5_quarterly20,2976,2023-04-28,2023-05-10,0.0036477163153083,2023,2023-03-31,learned_market,20260910,0.3259826236500373,0.3259826236500373,0,1
rolling5_quarterly20,2978,2023-05-05,2023-05-15,-0.0221642407977935,2023,2023-03-31,learned_market,20260910,0.3776339649592133,0.3776339649592133,0,0
rolling5_quarterly20,2983,2023-05-12,2023-05-22,0.0005509250208819,2023,2023-03-31,learned_market,20260910,0.4560648341898013,0.4560648341898013,0,1
rolling5_quarterly20,2988,2023-05-19,2023-05-29,-0.0200253742704897,2023,2023-03-31,learned_market,20260910,0.5113844196496643,0.5113844196496643,1,0
rolling5_quarterly20,2993,2023-05-26,2023-06-05,-0.0003935703040848,2023,2023-03-31,learned_market,20260910,0.4907935676504571,0.4907935676504571,0,0
rolling5_quarterly20,2998,2023-06-02,2023-06-12,-0.0086075595250429,2023,2023-03-31,learned_market,20260910,0.45511004111059894,0.45511004111059894,0,0
rolling5_quarterly20,3003,2023-06-09,2023-06-19,0.0338878539347273,2023,2023-03-31,learned_market,20260910,0.14421470871104813,0.14421470871104813,0,1
rolling5_quarterly20,3008,2023-06-16,2023-07-03,-0.026216632171098,2023,2023-03-31,learned_market,20260910,0.3240324510420699,0.3240324510420699,0,0
rolling5_quarterly20,3016,2023-06-30,2023-07-10,-0.0030441518806006,2023,2023-03-31,learned_market,20260910,0.7441571076294555,0.7441571076294555,1,0
rolling5_quarterly20,2961,2023-04-07,2023-04-17,-0.0101500238382772,2023,2023-03-31,learned_vol_interaction,20260910,0.3795357753129173,0.3795357753129173,0,0
rolling5_quarterly20,2966,2023-04-14,2023-04-24,-0.014368947230732,2023,2023-03-31,learned_vol_interaction,20260910,0.44880329818176234,0.44880329818176234,0,0
rolling5_quarterly20,2971,2023-04-21,2023-05-04,-0.0044228908788729,2023,2023-03-31,learned_vol_interaction,20260910,0.3686857403336971,0.3686857403336971,0,0
rolling5_quarterly20,2976,2023-04-28,2023-05-10,0.0036477163153083,2023,2023-03-31,learned_vol_interaction,20260910,0.33678356851515523,0.33678356851515523,0,1
rolling5_quarterly20,2978,2023-05-05,2023-05-15,-0.0221642407977935,2023,2023-03-31,learned_vol_interaction,20260910,0.39015900610601995,0.39015900610601995,0,0
rolling5_quarterly20,2983,2023-05-12,2023-05-22,0.0005509250208819,2023,2023-03-31,learned_vol_interaction,20260910,0.46132184334907256,0.46132184334907256,0,1
rolling5_quarterly20,2988,2023-05-19,2023-05-29,-0.0200253742704897,2023,2023-03-31,learned_vol_interaction,20260910,0.5182892450887199,0.5182892450887199,1,0
rolling5_quarterly20,2993,2023-05-26,2023-06-05,-0.0003935703040848,2023,2023-03-31,learned_vol_interaction,20260910,0.4899872165405114,0.4899872165405114,0,0
rolling5_quarterly20,2998,2023-06-02,2023-06-12,-0.0086075595250429,2023,2023-03-31,learned_vol_interaction,20260910,0.46143795311967134,0.46143795311967134,0,0
rolling5_quarterly20,3003,2023-06-09,2023-06-19,0.0338878539347273,2023,2023-03-31,learned_vol_interaction,20260910,0.16319255229897126,0.16319255229897126,0,1
rolling5_quarterly20,3008,2023-06-16,2023-07-03,-0.026216632171098,2023,2023-03-31,learned_vol_interaction,20260910,0.33501377661955634,0.33501377661955634,0,0
rolling5_quarterly20,3016,2023-06-30,2023-07-10,-0.0030441518806006,2023,2023-03-31,learned_vol_interaction,20260910,0.725333757504961,0.725333757504961,1,0
rolling5_quarterly20,2961,2023-04-07,2023-04-17,-0.0101500238382772,2023,2023-03-31,learned_order_extension,20260910,0.39349010415133684,0.39349010415133684,0,0
rolling5_quarterly20,2966,2023-04-14,2023-04-24,-0.014368947230732,2023,2023-03-31,learned_order_extension,20260910,0.44860652304055376,0.44860652304055376,0,0
rolling5_quarterly20,2971,2023-04-21,2023-05-04,-0.0044228908788729,2023,2023-03-31,learned_order_extension,20260910,0.39462983226777815,0.39462983226777815,0,0
rolling5_quarterly20,2976,2023-04-28,2023-05-10,0.0036477163153083,2023,2023-03-31,learned_order_extension,20260910,0.39243491872288316,0.39243491872288316,0,1
rolling5_quarterly20,2978,2023-05-05,2023-05-15,-0.0221642407977935,2023,2023-03-31,learned_order_extension,20260910,0.4369426253907197,0.4369426253907197,0,0
rolling5_quarterly20,2983,2023-05-12,2023-05-22,0.0005509250208819,2023,2023-03-31,learned_order_extension,20260910,0.4816567117292656,0.4816567117292656,0,1
rolling5_quarterly20,2988,2023-05-19,2023-05-29,-0.0200253742704897,2023,2023-03-31,learned_order_extension,20260910,0.5319795199576576,0.5319795199576576,1,0
rolling5_quarterly20,2993,2023-05-26,2023-06-05,-0.0003935703040848,2023,2023-03-31,learned_order_extension,20260910,0.4910782189383302,0.4910782189383302,0,0
rolling5_quarterly20,2998,2023-06-02,2023-06-12,-0.0086075595250429,2023,2023-03-31,learned_order_extension,20260910,0.4708037550209143,0.4708037550209143,0,0
rolling5_quarterly20,3003,2023-06-09,2023-06-19,0.0338878539347273,2023,2023-03-31,learned_order_extension,20260910,0.23507051475775192,0.23507051475775192,0,1
rolling5_quarterly20,3008,2023-06-16,2023-07-03,-0.026216632171098,2023,2023-03-31,learned_order_extension,20260910,0.4124597539821369,0.4124597539821369,0,0
rolling5_quarterly20,3016,2023-06-30,2023-07-10,-0.0030441518806006,2023,2023-03-31,learned_order_extension,20260910,0.6577785966937468,0.6577785966937468,1,0
rolling5_quarterly20,2961,2023-04-07,2023-04-17,-0.0101500238382772,2023,2023-03-31,learned_order_offset,20260910,0.3938872416146997,0.3938872416146997,0,0
rolling5_quarterly20,2966,2023-04-14,2023-04-24,-0.014368947230732,2023,2023-03-31,learned_order_offset,20260910,0.450259707673142,0.450259707673142,0,0
rolling5_quarterly20,2971,2023-04-21,2023-05-04,-0.0044228908788729,2023,2023-03-31,learned_order_offset,20260910,0.3967797068683436,0.3967797068683436,0,0
rolling5_quarterly20,2976,2023-04-28,2023-05-10,0.0036477163153083,2023,2023-03-31,learned_order_offset,20260910,0.3941447126306326,0.3941447126306326,0,1
rolling5_quarterly20,2978,2023-05-05,2023-05-15,-0.0221642407977935,2023,2023-03-31,learned_order_offset,20260910,0.43911731561718564,0.43911731561718564,0,0
rolling5_quarterly20,2983,2023-05-12,2023-05-22,0.0005509250208819,2023,2023-03-31,learned_order_offset,20260910,0.48239767650911614,0.48239767650911614,0,1
rolling5_quarterly20,2988,2023-05-19,2023-05-29,-0.0200253742704897,2023,2023-03-31,learned_order_offset,20260910,0.5327660592451154,0.5327660592451154,1,0
rolling5_quarterly20,2993,2023-05-26,2023-06-05,-0.0003935703040848,2023,2023-03-31,learned_order_offset,20260910,0.49139724748206715,0.49139724748206715,0,0
rolling5_quarterly20,2998,2023-06-02,2023-06-12,-0.0086075595250429,2023,2023-03-31,learned_order_offset,20260910,0.47210668354791324,0.47210668354791324,0,0
rolling5_quarterly20,3003,2023-06-09,2023-06-19,0.0338878539347273,2023,2023-03-31,learned_order_offset,20260910,0.2384933992072625,0.2384933992072625,0,1
rolling5_quarterly20,3008,2023-06-16,2023-07-03,-0.026216632171098,2023,2023-03-31,learned_order_offset,20260910,0.41480469306887996,0.41480469306887996,0,0
rolling5_quarterly20,3016,2023-06-30,2023-07-10,-0.0030441518806006,2023,2023-03-31,learned_order_offset,20260910,0.6562023787774762,0.6562023787774762,1,0
rolling5_quarterly20,2961,2023-04-07,2023-04-17,-0.0101500238382772,2023,2023-03-31,native_mse,20260910,-0.004399989674983201,,0,0
rolling5_quarterly20,2966,2023-04-14,2023-04-24,-0.014368947230732,2023,2023-03-31,native_mse,20260910,0.0038342523829796465,,1,0
rolling5_quarterly20,2971,2023-04-21,2023-05-04,-0.0044228908788729,2023,2023-03-31,native_mse,20260910,-0.004016898934168355,,0,0
rolling5_quarterly20,2976,2023-04-28,2023-05-10,0.0036477163153083,2023,2023-03-31,native_mse,20260910,-0.008088671875432926,,0,1
rolling5_quarterly20,2978,2023-05-05,2023-05-15,-0.0221642407977935,2023,2023-03-31,native_mse,20260910,-0.0016263984844314917,,0,0
rolling5_quarterly20,2983,2023-05-12,2023-05-22,0.0005509250208819,2023,2023-03-31,native_mse,20260910,-0.0012785440651149847,,0,1
rolling5_quarterly20,2988,2023-05-19,2023-05-29,-0.0200253742704897,2023,2023-03-31,native_mse,20260910,0.0023288905736327512,,1,0
rolling5_quarterly20,2993,2023-05-26,2023-06-05,-0.0003935703040848,2023,2023-03-31,native_mse,20260910,-0.000813819413486179,,0,0
rolling5_quarterly20,2998,2023-06-02,2023-06-12,-0.0086075595250429,2023,2023-03-31,native_mse,20260910,0.0026775171568037487,,1,0
rolling5_quarterly20,3003,2023-06-09,2023-06-19,0.0338878539347273,2023,2023-03-31,native_mse,20260910,-0.008263020809460706,,0,1
rolling5_quarterly20,3008,2023-06-16,2023-07-03,-0.026216632171098,2023,2023-03-31,native_mse,20260910,0.003665235387318723,,1,0
rolling5_quarterly20,3016,2023-06-30,2023-07-10,-0.0030441518806006,2023,2023-03-31,native_mse,20260910,0.015126508687175869,,1,0
rolling5_quarterly20,2961,2023-04-07,2023-04-17,-0.0101500238382772,2023,2023-03-31,training_frequency,-1,0.5062034739454094,0.5062034739454094,1,0
rolling5_quarterly20,2966,2023-04-14,2023-04-24,-0.014368947230732,2023,2023-03-31,training_frequency,-1,0.5062034739454094,0.5062034739454094,1,0
rolling5_quarterly20,2971,2023-04-21,2023-05-04,-0.0044228908788729,2023,2023-03-31,training_frequency,-1,0.5062034739454094,0.5062034739454094,1,0
rolling5_quarterly20,2976,2023-04-28,2023-05-10,0.0036477163153083,2023,2023-03-31,training_frequency,-1,0.5062034739454094,0.5062034739454094,1,1
rolling5_quarterly20,2978,2023-05-05,2023-05-15,-0.0221642407977935,2023,2023-03-31,training_frequency,-1,0.5062034739454094,0.5062034739454094,1,0
rolling5_quarterly20,2983,2023-05-12,2023-05-22,0.0005509250208819,2023,2023-03-31,training_frequency,-1,0.5062034739454094,0.5062034739454094,1,1
rolling5_quarterly20,2988,2023-05-19,2023-05-29,-0.0200253742704897,2023,2023-03-31,training_frequency,-1,0.5062034739454094,0.5062034739454094,1,0
rolling5_quarterly20,2993,2023-05-26,2023-06-05,-0.0003935703040848,2023,2023-03-31,training_frequency,-1,0.5062034739454094,0.5062034739454094,1,0
rolling5_quarterly20,2998,2023-06-02,2023-06-12,-0.0086075595250429,2023,2023-03-31,training_frequency,-1,0.5062034739454094,0.5062034739454094,1,0
rolling5_quarterly20,3003,2023-06-09,2023-06-19,0.0338878539347273,2023,2023-03-31,training_frequency,-1,0.5062034739454094,0.5062034739454094,1,1
rolling5_quarterly20,3008,2023-06-16,2023-07-03,-0.026216632171098,2023,2023-03-31,training_frequency,-1,0.5062034739454094,0.5062034739454094,1,0
rolling5_quarterly20,3016,2023-06-30,2023-07-10,-0.0030441518806006,2023,2023-03-31,training_frequency,-1,0.5062034739454094,0.5062034739454094,1,0
rolling5_quarterly20,2961,2023-04-07,2023-04-17,-0.0101500238382772,2023,2023-03-31,learned_market,20260911,0.30158060855939894,0.30158060855939894,0,0
rolling5_quarterly20,2966,2023-04-14,2023-04-24,-0.014368947230732,2023,2023-03-31,learned_market,20260911,0.3023921503426452,0.3023921503426452,0,0
rolling5_quarterly20,2971,2023-04-21,2023-05-04,-0.0044228908788729,2023,2023-03-31,learned_market,20260911,0.34005388724659635,0.34005388724659635,0,0
rolling5_quarterly20,2976,2023-04-28,2023-05-10,0.0036477163153083,2023,2023-03-31,learned_market,20260911,0.4894660365875555,0.4894660365875555,0,1
rolling5_quarterly20,2978,2023-05-05,2023-05-15,-0.0221642407977935,2023,2023-03-31,learned_market,20260911,0.526536517099934,0.526536517099934,1,0
rolling5_quarterly20,2983,2023-05-12,2023-05-22,0.0005509250208819,2023,2023-03-31,learned_market,20260911,0.48130856804540156,0.48130856804540156,0,1
rolling5_quarterly20,2988,2023-05-19,2023-05-29,-0.0200253742704897,2023,2023-03-31,learned_market,20260911,0.6951545205287017,0.6951545205287017,1,0
rolling5_quarterly20,2993,2023-05-26,2023-06-05,-0.0003935703040848,2023,2023-03-31,learned_market,20260911,0.6886509495467189,0.6886509495467189,1,0
rolling5_quarterly20,2998,2023-06-02,2023-06-12,-0.0086075595250429,2023,2023-03-31,learned_market,20260911,0.5085378675470479,0.5085378675470479,1,0
rolling5_quarterly20,3003,2023-06-09,2023-06-19,0.0338878539347273,2023,2023-03-31,learned_market,20260911,0.5331660770118225,0.5331660770118225,1,1
rolling5_quarterly20,3008,2023-06-16,2023-07-03,-0.026216632171098,2023,2023-03-31,learned_market,20260911,0.50633832379614,0.50633832379614,1,0
rolling5_quarterly20,3016,2023-06-30,2023-07-10,-0.0030441518806006,2023,2023-03-31,learned_market,20260911,0.4110832965224684,0.4110832965224684,0,0
rolling5_quarterly20,2961,2023-04-07,2023-04-17,-0.0101500238382772,2023,2023-03-31,learned_vol_interaction,20260911,0.28088139974808146,0.28088139974808146,0,0
rolling5_quarterly20,2966,2023-04-14,2023-04-24,-0.014368947230732,2023,2023-03-31,learned_vol_interaction,20260911,0.28228583885741715,0.28228583885741715,0,0
rolling5_quarterly20,2971,2023-04-21,2023-05-04,-0.0044228908788729,2023,2023-03-31,learned_vol_interaction,20260911,0.3239667845690819,0.3239667845690819,0,0
rolling5_quarterly20,2976,2023-04-28,2023-05-10,0.0036477163153083,2023,2023-03-31,learned_vol_interaction,20260911,0.49184858345704785,0.49184858345704785,0,1
rolling5_quarterly20,2978,2023-05-05,2023-05-15,-0.0221642407977935,2023,2023-03-31,learned_vol_interaction,20260911,0.5401850574512966,0.5401850574512966,1,0
rolling5_quarterly20,2983,2023-05-12,2023-05-22,0.0005509250208819,2023,2023-03-31,learned_vol_interaction,20260911,0.48301604513149415,0.48301604513149415,0,1
rolling5_quarterly20,2988,2023-05-19,2023-05-29,-0.0200253742704897,2023,2023-03-31,learned_vol_interaction,20260911,0.7210712876613906,0.7210712876613906,1,0
rolling5_quarterly20,2993,2023-05-26,2023-06-05,-0.0003935703040848,2023,2023-03-31,learned_vol_interaction,20260911,0.7192927356373703,0.7192927356373703,1,0
rolling5_quarterly20,2998,2023-06-02,2023-06-12,-0.0086075595250429,2023,2023-03-31,learned_vol_interaction,20260911,0.5177514954796575,0.5177514954796575,1,0
rolling5_quarterly20,3003,2023-06-09,2023-06-19,0.0338878539347273,2023,2023-03-31,learned_vol_interaction,20260911,0.5448639217869804,0.5448639217869804,1,1
rolling5_quarterly20,3008,2023-06-16,2023-07-03,-0.026216632171098,2023,2023-03-31,learned_vol_interaction,20260911,0.5168557592094289,0.5168557592094289,1,0
rolling5_quarterly20,3016,2023-06-30,2023-07-10,-0.0030441518806006,2023,2023-03-31,learned_vol_interaction,20260911,0.40329237808410534,0.40329237808410534,0,0
rolling5_quarterly20,2961,2023-04-07,2023-04-17,-0.0101500238382772,2023,2023-03-31,learned_order_extension,20260911,0.28402654411072253,0.28402654411072253,0,0
rolling5_quarterly20,2966,2023-04-14,2023-04-24,-0.014368947230732,2023,2023-03-31,learned_order_extension,20260911,0.29633742049932976,0.29633742049932976,0,0
rolling5_quarterly20,2971,2023-04-21,2023-05-04,-0.0044228908788729,2023,2023-03-31,learned_order_extension,20260911,0.33831253895852464,0.33831253895852464,0,0
rolling5_quarterly20,2976,2023-04-28,2023-05-10,0.0036477163153083,2023,2023-03-31,learned_order_extension,20260911,0.5022235163999125,0.5022235163999125,1,1
rolling5_quarterly20,2978,2023-05-05,2023-05-15,-0.0221642407977935,2023,2023-03-31,learned_order_extension,20260911,0.5450255863578835,0.5450255863578835,1,0
rolling5_quarterly20,2983,2023-05-12,2023-05-22,0.0005509250208819,2023,2023-03-31,learned_order_extension,20260911,0.4898308021312994,0.4898308021312994,0,1
rolling5_quarterly20,2988,2023-05-19,2023-05-29,-0.0200253742704897,2023,2023-03-31,learned_order_extension,20260911,0.6924502980099647,0.6924502980099647,1,0
rolling5_quarterly20,2993,2023-05-26,2023-06-05,-0.0003935703040848,2023,2023-03-31,learned_order_extension,20260911,0.6872084821741259,0.6872084821741259,1,0
rolling5_quarterly20,2998,2023-06-02,2023-06-12,-0.0086075595250429,2023,2023-03-31,learned_order_extension,20260911,0.5191977115687586,0.5191977115687586,1,0
rolling5_quarterly20,3003,2023-06-09,2023-06-19,0.0338878539347273,2023,2023-03-31,learned_order_extension,20260911,0.5397907358443851,0.5397907358443851,1,1
rolling5_quarterly20,3008,2023-06-16,2023-07-03,-0.026216632171098,2023,2023-03-31,learned_order_extension,20260911,0.5217218841506195,0.5217218841506195,1,0
rolling5_quarterly20,3016,2023-06-30,2023-07-10,-0.0030441518806006,2023,2023-03-31,learned_order_extension,20260911,0.4250080202176597,0.4250080202176597,0,0
rolling5_quarterly20,2961,2023-04-07,2023-04-17,-0.0101500238382772,2023,2023-03-31,learned_order_offset,20260911,0.28394295604095615,0.28394295604095615,0,0
rolling5_quarterly20,2966,2023-04-14,2023-04-24,-0.014368947230732,2023,2023-03-31,learned_order_offset,20260911,0.29707480948422943,0.29707480948422943,0,0
rolling5_quarterly20,2971,2023-04-21,2023-05-04,-0.0044228908788729,2023,2023-03-31,learned_order_offset,20260911,0.3389563146862364,0.3389563146862364,0,0
rolling5_quarterly20,2976,2023-04-28,2023-05-10,0.0036477163153083,2023,2023-03-31,learned_order_offset,20260911,0.5033864328399164,0.5033864328399164,1,1
rolling5_quarterly20,2978,2023-05-05,2023-05-15,-0.0221642407977935,2023,2023-03-31,learned_order_offset,20260911,0.5464532693478896,0.5464532693478896,1,0
rolling5_quarterly20,2983,2023-05-12,2023-05-22,0.0005509250208819,2023,2023-03-31,learned_order_offset,20260911,0.4901195721279856,0.4901195721279856,0,1
rolling5_quarterly20,2988,2023-05-19,2023-05-29,-0.0200253742704897,2023,2023-03-31,learned_order_offset,20260911,0.6924500609628789,0.6924500609628789,1,0
rolling5_quarterly20,2993,2023-05-26,2023-06-05,-0.0003935703040848,2023,2023-03-31,learned_order_offset,20260911,0.68690579313688,0.68690579313688,1,0
rolling5_quarterly20,2998,2023-06-02,2023-06-12,-0.0086075595250429,2023,2023-03-31,learned_order_offset,20260911,0.519948279409465,0.519948279409465,1,0
rolling5_quarterly20,3003,2023-06-09,2023-06-19,0.0338878539347273,2023,2023-03-31,learned_order_offset,20260911,0.5403705015996499,0.5403705015996499,1,1
rolling5_quarterly20,3008,2023-06-16,2023-07-03,-0.026216632171098,2023,2023-03-31,learned_order_offset,20260911,0.5228892445311873,0.5228892445311873,1,0
rolling5_quarterly20,3016,2023-06-30,2023-07-10,-0.0030441518806006,2023,2023-03-31,learned_order_offset,20260911,0.42648463291537836,0.42648463291537836,0,0
rolling5_quarterly20,2961,2023-04-07,2023-04-17,-0.0101500238382772,2023,2023-03-31,native_mse,20260911,0.000599548858238723,,1,0
rolling5_quarterly20,2966,2023-04-14,2023-04-24,-0.014368947230732,2023,2023-03-31,native_mse,20260911,0.0005223500335057116,,1,0
rolling5_quarterly20,2971,2023-04-21,2023-05-04,-0.0044228908788729,2023,2023-03-31,native_mse,20260911,0.0006092200368461449,,1,0
rolling5_quarterly20,2976,2023-04-28,2023-05-10,0.0036477163153083,2023,2023-03-31,native_mse,20260911,0.0006011038599774573,,1,1
rolling5_quarterly20,2978,2023-05-05,2023-05-15,-0.0221642407977935,2023,2023-03-31,native_mse,20260911,0.0006219430127387509,,1,0
rolling5_quarterly20,2983,2023-05-12,2023-05-22,0.0005509250208819,2023,2023-03-31,native_mse,20260911,0.0005911229875555926,,1,1
rolling5_quarterly20,2988,2023-05-19,2023-05-29,-0.0200253742704897,2023,2023-03-31,native_mse,20260911,0.0007245747372831711,,1,0
rolling5_quarterly20,2993,2023-05-26,2023-06-05,-0.0003935703040848,2023,2023-03-31,native_mse,20260911,0.000590014264462587,,1,0
rolling5_quarterly20,2998,2023-06-02,2023-06-12,-0.0086075595250429,2023,2023-03-31,native_mse,20260911,0.0003658744349984628,,1,0
rolling5_quarterly20,3003,2023-06-09,2023-06-19,0.0338878539347273,2023,2023-03-31,native_mse,20260911,0.0005651532601952419,,1,1
rolling5_quarterly20,3008,2023-06-16,2023-07-03,-0.026216632171098,2023,2023-03-31,native_mse,20260911,0.00046340428058326273,,1,0
rolling5_quarterly20,3016,2023-06-30,2023-07-10,-0.0030441518806006,2023,2023-03-31,native_mse,20260911,2.6056745172742734e-05,,1,0
rolling5_quarterly20,2961,2023-04-07,2023-04-17,-0.0101500238382772,2023,2023-03-31,learned_market,20260912,0.30056590577873604,0.30056590577873604,0,0
rolling5_quarterly20,2966,2023-04-14,2023-04-24,-0.014368947230732,2023,2023-03-31,learned_market,20260912,0.4325071373584202,0.4325071373584202,0,0
rolling5_quarterly20,2971,2023-04-21,2023-05-04,-0.0044228908788729,2023,2023-03-31,learned_market,20260912,0.45697524644412457,0.45697524644412457,0,0
rolling5_quarterly20,2976,2023-04-28,2023-05-10,0.0036477163153083,2023,2023-03-31,learned_market,20260912,0.4940946800734329,0.4940946800734329,0,1
rolling5_quarterly20,2978,2023-05-05,2023-05-15,-0.0221642407977935,2023,2023-03-31,learned_market,20260912,0.5067608785530151,0.5067608785530151,1,0
rolling5_quarterly20,2983,2023-05-12,2023-05-22,0.0005509250208819,2023,2023-03-31,learned_market,20260912,0.6517348709997379,0.6517348709997379,1,1
rolling5_quarterly20,2988,2023-05-19,2023-05-29,-0.0200253742704897,2023,2023-03-31,learned_market,20260912,0.6430913823851918,0.6430913823851918,1,0
rolling5_quarterly20,2993,2023-05-26,2023-06-05,-0.0003935703040848,2023,2023-03-31,learned_market,20260912,0.6079319084206473,0.6079319084206473,1,0
rolling5_quarterly20,2998,2023-06-02,2023-06-12,-0.0086075595250429,2023,2023-03-31,learned_market,20260912,0.642337562620736,0.642337562620736,1,0
rolling5_quarterly20,3003,2023-06-09,2023-06-19,0.0338878539347273,2023,2023-03-31,learned_market,20260912,0.4415598364194483,0.4415598364194483,0,1
rolling5_quarterly20,3008,2023-06-16,2023-07-03,-0.026216632171098,2023,2023-03-31,learned_market,20260912,0.38121230676468315,0.38121230676468315,0,0
rolling5_quarterly20,3016,2023-06-30,2023-07-10,-0.0030441518806006,2023,2023-03-31,learned_market,20260912,0.3816400035451023,0.3816400035451023,0,0
rolling5_quarterly20,2961,2023-04-07,2023-04-17,-0.0101500238382772,2023,2023-03-31,learned_vol_interaction,20260912,0.26422684637347615,0.26422684637347615,0,0
rolling5_quarterly20,2966,2023-04-14,2023-04-24,-0.014368947230732,2023,2023-03-31,learned_vol_interaction,20260912,0.4294292382506993,0.4294292382506993,0,0
rolling5_quarterly20,2971,2023-04-21,2023-05-04,-0.0044228908788729,2023,2023-03-31,learned_vol_interaction,20260912,0.44910308016298667,0.44910308016298667,0,0
rolling5_quarterly20,2976,2023-04-28,2023-05-10,0.0036477163153083,2023,2023-03-31,learned_vol_interaction,20260912,0.4862176193813909,0.4862176193813909,0,1
rolling5_quarterly20,2978,2023-05-05,2023-05-15,-0.0221642407977935,2023,2023-03-31,learned_vol_interaction,20260912,0.5008848491587311,0.5008848491587311,1,0
rolling5_quarterly20,2983,2023-05-12,2023-05-22,0.0005509250208819,2023,2023-03-31,learned_vol_interaction,20260912,0.6769418490645667,0.6769418490645667,1,1
rolling5_quarterly20,2988,2023-05-19,2023-05-29,-0.0200253742704897,2023,2023-03-31,learned_vol_interaction,20260912,0.6658015928434314,0.6658015928434314,1,0
rolling5_quarterly20,2993,2023-05-26,2023-06-05,-0.0003935703040848,2023,2023-03-31,learned_vol_interaction,20260912,0.6362710669059575,0.6362710669059575,1,0
rolling5_quarterly20,2998,2023-06-02,2023-06-12,-0.0086075595250429,2023,2023-03-31,learned_vol_interaction,20260912,0.6693077134794901,0.6693077134794901,1,0
rolling5_quarterly20,3003,2023-06-09,2023-06-19,0.0338878539347273,2023,2023-03-31,learned_vol_interaction,20260912,0.43417460116277046,0.43417460116277046,0,1
rolling5_quarterly20,3008,2023-06-16,2023-07-03,-0.026216632171098,2023,2023-03-31,learned_vol_interaction,20260912,0.3618401772775955,0.3618401772775955,0,0
rolling5_quarterly20,3016,2023-06-30,2023-07-10,-0.0030441518806006,2023,2023-03-31,learned_vol_interaction,20260912,0.3617669760612716,0.3617669760612716,0,0
rolling5_quarterly20,2961,2023-04-07,2023-04-17,-0.0101500238382772,2023,2023-03-31,learned_order_extension,20260912,0.31008343416022777,0.31008343416022777,0,0
rolling5_quarterly20,2966,2023-04-14,2023-04-24,-0.014368947230732,2023,2023-03-31,learned_order_extension,20260912,0.45971631478616753,0.45971631478616753,0,0
rolling5_quarterly20,2971,2023-04-21,2023-05-04,-0.0044228908788729,2023,2023-03-31,learned_order_extension,20260912,0.5049052055851607,0.5049052055851607,1,0
rolling5_quarterly20,2976,2023-04-28,2023-05-10,0.0036477163153083,2023,2023-03-31,learned_order_extension,20260912,0.4910443174046096,0.4910443174046096,0,1
rolling5_quarterly20,2978,2023-05-05,2023-05-15,-0.0221642407977935,2023,2023-03-31,learned_order_extension,20260912,0.47763341200164217,0.47763341200164217,0,0
rolling5_quarterly20,2983,2023-05-12,2023-05-22,0.0005509250208819,2023,2023-03-31,learned_order_extension,20260912,0.5439702389849611,0.5439702389849611,1,1
rolling5_quarterly20,2988,2023-05-19,2023-05-29,-0.0200253742704897,2023,2023-03-31,learned_order_extension,20260912,0.5381260516699745,0.5381260516699745,1,0
rolling5_quarterly20,2993,2023-05-26,2023-06-05,-0.0003935703040848,2023,2023-03-31,learned_order_extension,20260912,0.5971646726905644,0.5971646726905644,1,0
rolling5_quarterly20,2998,2023-06-02,2023-06-12,-0.0086075595250429,2023,2023-03-31,learned_order_extension,20260912,0.6171484019843744,0.6171484019843744,1,0
rolling5_quarterly20,3003,2023-06-09,2023-06-19,0.0338878539347273,2023,2023-03-31,learned_order_extension,20260912,0.4670028690614776,0.4670028690614776,0,1
rolling5_quarterly20,3008,2023-06-16,2023-07-03,-0.026216632171098,2023,2023-03-31,learned_order_extension,20260912,0.4339680059802527,0.4339680059802527,0,0
rolling5_quarterly20,3016,2023-06-30,2023-07-10,-0.0030441518806006,2023,2023-03-31,learned_order_extension,20260912,0.40799604763038816,0.40799604763038816,0,0
rolling5_quarterly20,2961,2023-04-07,2023-04-17,-0.0101500238382772,2023,2023-03-31,learned_order_offset,20260912,0.3170528984507857,0.3170528984507857,0,0
rolling5_quarterly20,2966,2023-04-14,2023-04-24,-0.014368947230732,2023,2023-03-31,learned_order_offset,20260912,0.4621133767881298,0.4621133767881298,0,0
rolling5_quarterly20,2971,2023-04-21,2023-05-04,-0.0044228908788729,2023,2023-03-31,learned_order_offset,20260912,0.5084242708429545,0.5084242708429545,1,0
rolling5_quarterly20,2976,2023-04-28,2023-05-10,0.0036477163153083,2023,2023-03-31,learned_order_offset,20260912,0.49258332334831373,0.49258332334831373,0,1
rolling5_quarterly20,2978,2023-05-05,2023-05-15,-0.0221642407977935,2023,2023-03-31,learned_order_offset,20260912,0.47727972569750987,0.47727972569750987,0,0
rolling5_quarterly20,2983,2023-05-12,2023-05-22,0.0005509250208819,2023,2023-03-31,learned_order_offset,20260912,0.54189275314329,0.54189275314329,1,1
rolling5_quarterly20,2988,2023-05-19,2023-05-29,-0.0200253742704897,2023,2023-03-31,learned_order_offset,20260912,0.5349737825461626,0.5349737825461626,1,0
rolling5_quarterly20,2993,2023-05-26,2023-06-05,-0.0003935703040848,2023,2023-03-31,learned_order_offset,20260912,0.5948914302225717,0.5948914302225717,1,0
rolling5_quarterly20,2998,2023-06-02,2023-06-12,-0.0086075595250429,2023,2023-03-31,learned_order_offset,20260912,0.6135415468393579,0.6135415468393579,1,0
rolling5_quarterly20,3003,2023-06-09,2023-06-19,0.0338878539347273,2023,2023-03-31,learned_order_offset,20260912,0.4694850791166378,0.4694850791166378,0,1
rolling5_quarterly20,3008,2023-06-16,2023-07-03,-0.026216632171098,2023,2023-03-31,learned_order_offset,20260912,0.4357781608392519,0.4357781608392519,0,0
rolling5_quarterly20,3016,2023-06-30,2023-07-10,-0.0030441518806006,2023,2023-03-31,learned_order_offset,20260912,0.4087641030239458,0.4087641030239458,0,0
rolling5_quarterly20,2961,2023-04-07,2023-04-17,-0.0101500238382772,2023,2023-03-31,native_mse,20260912,0.00032476592761984983,,1,0
rolling5_quarterly20,2966,2023-04-14,2023-04-24,-0.014368947230732,2023,2023-03-31,native_mse,20260912,0.0005679185018631456,,1,0
rolling5_quarterly20,2971,2023-04-21,2023-05-04,-0.0044228908788729,2023,2023-03-31,native_mse,20260912,0.0006373317440670048,,1,0
rolling5_quarterly20,2976,2023-04-28,2023-05-10,0.0036477163153083,2023,2023-03-31,native_mse,20260912,0.0006258502687163625,,1,1
rolling5_quarterly20,2978,2023-05-05,2023-05-15,-0.0221642407977935,2023,2023-03-31,native_mse,20260912,0.000693081005816588,,1,0
rolling5_quarterly20,2983,2023-05-12,2023-05-22,0.0005509250208819,2023,2023-03-31,native_mse,20260912,0.00081675640634947,,1,1
rolling5_quarterly20,2988,2023-05-19,2023-05-29,-0.0200253742704897,2023,2023-03-31,native_mse,20260912,0.0009162150651417659,,1,0
rolling5_quarterly20,2993,2023-05-26,2023-06-05,-0.0003935703040848,2023,2023-03-31,native_mse,20260912,0.0008998980405651215,,1,0
rolling5_quarterly20,2998,2023-06-02,2023-06-12,-0.0086075595250429,2023,2023-03-31,native_mse,20260912,0.0007879292585911814,,1,0
rolling5_quarterly20,3003,2023-06-09,2023-06-19,0.0338878539347273,2023,2023-03-31,native_mse,20260912,0.0006204777717082922,,1,1
rolling5_quarterly20,3008,2023-06-16,2023-07-03,-0.026216632171098,2023,2023-03-31,native_mse,20260912,0.0006589470550944238,,1,0
rolling5_quarterly20,3016,2023-06-30,2023-07-10,-0.0030441518806006,2023,2023-03-31,native_mse,20260912,0.0006134395248930843,,1,0
rolling5_quarterly20,3021,2023-07-07,2023-07-17,0.0104280552692135,2023,2023-06-30,learned_market,20260910,0.6519001854694813,0.6519001854694813,1,1
rolling5_quarterly20,3026,2023-07-14,2023-07-24,-0.0201642613135752,2023,2023-06-30,learned_market,20260910,0.5344638487720267,0.5344638487720267,1,0
rolling5_quarterly20,3031,2023-07-21,2023-07-31,0.0566710925894278,2023,2023-06-30,learned_market,20260910,0.6036835717460964,0.6036835717460964,1,1
rolling5_quarterly20,3036,2023-07-28,2023-08-07,-0.0039612927947766,2023,2023-06-30,learned_market,20260910,0.5909156006197072,0.5909156006197072,1,0
rolling5_quarterly20,3041,2023-08-04,2023-08-14,-0.0404899362223548,2023,2023-06-30,learned_market,20260910,0.48294063059287223,0.48294063059287223,0,0
rolling5_quarterly20,3046,2023-08-11,2023-08-21,-0.0176157088591445,2023,2023-06-30,learned_market,20260910,0.5758646336185191,0.5758646336185191,1,0
rolling5_quarterly20,3051,2023-08-18,2023-08-28,0.0366582477081969,2023,2023-06-30,learned_market,20260910,0.4081250792007685,0.4081250792007685,0,1
rolling5_quarterly20,3056,2023-08-25,2023-09-04,-0.025197172476384,2023,2023-06-30,learned_market,20260910,0.4928297008093505,0.4928297008093505,0,0
rolling5_quarterly20,3061,2023-09-01,2023-09-11,-0.0189903461587886,2023,2023-06-30,learned_market,20260910,0.46033183260591154,0.46033183260591154,0,0
rolling5_quarterly20,3066,2023-09-08,2023-09-18,-0.0111346368744954,2023,2023-06-30,learned_market,20260910,0.5101022973308358,0.5101022973308358,1,0
rolling5_quarterly20,3071,2023-09-15,2023-09-25,0.0105787349314532,2023,2023-06-30,learned_market,20260910,0.6854902642175824,0.6854902642175824,1,1
rolling5_quarterly20,3076,2023-09-22,2023-10-16,-0.0198017153282719,2023,2023-06-30,learned_market,20260910,0.5068692551819141,0.5068692551819141,1,0
rolling5_quarterly20,3021,2023-07-07,2023-07-17,0.0104280552692135,2023,2023-06-30,learned_vol_interaction,20260910,0.662714174984703,0.662714174984703,1,1
rolling5_quarterly20,3026,2023-07-14,2023-07-24,-0.0201642613135752,2023,2023-06-30,learned_vol_interaction,20260910,0.5456343181762892,0.5456343181762892,1,0
rolling5_quarterly20,3031,2023-07-21,2023-07-31,0.0566710925894278,2023,2023-06-30,learned_vol_interaction,20260910,0.6291405284809951,0.6291405284809951,1,1
rolling5_quarterly20,3036,2023-07-28,2023-08-07,-0.0039612927947766,2023,2023-06-30,learned_vol_interaction,20260910,0.6050337219388924,0.6050337219388924,1,0
rolling5_quarterly20,3041,2023-08-04,2023-08-14,-0.0404899362223548,2023,2023-06-30,learned_vol_interaction,20260910,0.48557376028209215,0.48557376028209215,0,0
rolling5_quarterly20,3046,2023-08-11,2023-08-21,-0.0176157088591445,2023,2023-06-30,learned_vol_interaction,20260910,0.5742114426942233,0.5742114426942233,1,0
rolling5_quarterly20,3051,2023-08-18,2023-08-28,0.0366582477081969,2023,2023-06-30,learned_vol_interaction,20260910,0.40276310850370944,0.40276310850370944,0,1
rolling5_quarterly20,3056,2023-08-25,2023-09-04,-0.025197172476384,2023,2023-06-30,learned_vol_interaction,20260910,0.49187079484099117,0.49187079484099117,0,0
rolling5_quarterly20,3061,2023-09-01,2023-09-11,-0.0189903461587886,2023,2023-06-30,learned_vol_interaction,20260910,0.4518607858190659,0.4518607858190659,0,0
rolling5_quarterly20,3066,2023-09-08,2023-09-18,-0.0111346368744954,2023,2023-06-30,learned_vol_interaction,20260910,0.5107754915403727,0.5107754915403727,1,0
rolling5_quarterly20,3071,2023-09-15,2023-09-25,0.0105787349314532,2023,2023-06-30,learned_vol_interaction,20260910,0.7093676271439148,0.7093676271439148,1,1
rolling5_quarterly20,3076,2023-09-22,2023-10-16,-0.0198017153282719,2023,2023-06-30,learned_vol_interaction,20260910,0.5125592105658051,0.5125592105658051,1,0
rolling5_quarterly20,3021,2023-07-07,2023-07-17,0.0104280552692135,2023,2023-06-30,learned_order_extension,20260910,0.6251388222224806,0.6251388222224806,1,1
rolling5_quarterly20,3026,2023-07-14,2023-07-24,-0.0201642613135752,2023,2023-06-30,learned_order_extension,20260910,0.5483531626248971,0.5483531626248971,1,0
rolling5_quarterly20,3031,2023-07-21,2023-07-31,0.0566710925894278,2023,2023-06-30,learned_order_extension,20260910,0.6007614492153508,0.6007614492153508,1,1
rolling5_quarterly20,3036,2023-07-28,2023-08-07,-0.0039612927947766,2023,2023-06-30,learned_order_extension,20260910,0.5942533620905828,0.5942533620905828,1,0
rolling5_quarterly20,3041,2023-08-04,2023-08-14,-0.0404899362223548,2023,2023-06-30,learned_order_extension,20260910,0.47579965404659447,0.47579965404659447,0,0
rolling5_quarterly20,3046,2023-08-11,2023-08-21,-0.0176157088591445,2023,2023-06-30,learned_order_extension,20260910,0.5584238118995631,0.5584238118995631,1,0
rolling5_quarterly20,3051,2023-08-18,2023-08-28,0.0366582477081969,2023,2023-06-30,learned_order_extension,20260910,0.4116009151593393,0.4116009151593393,0,1
rolling5_quarterly20,3056,2023-08-25,2023-09-04,-0.025197172476384,2023,2023-06-30,learned_order_extension,20260910,0.49141330869805605,0.49141330869805605,0,0
rolling5_quarterly20,3061,2023-09-01,2023-09-11,-0.0189903461587886,2023,2023-06-30,learned_order_extension,20260910,0.4655481295985415,0.4655481295985415,0,0
rolling5_quarterly20,3066,2023-09-08,2023-09-18,-0.0111346368744954,2023,2023-06-30,learned_order_extension,20260910,0.5068979173392241,0.5068979173392241,1,0
rolling5_quarterly20,3071,2023-09-15,2023-09-25,0.0105787349314532,2023,2023-06-30,learned_order_extension,20260910,0.6895846427223751,0.6895846427223751,1,1
rolling5_quarterly20,3076,2023-09-22,2023-10-16,-0.0198017153282719,2023,2023-06-30,learned_order_extension,20260910,0.5143223996607716,0.5143223996607716,1,0
rolling5_quarterly20,3021,2023-07-07,2023-07-17,0.0104280552692135,2023,2023-06-30,learned_order_offset,20260910,0.6242038805513287,0.6242038805513287,1,1
rolling5_quarterly20,3026,2023-07-14,2023-07-24,-0.0201642613135752,2023,2023-06-30,learned_order_offset,20260910,0.5483280344198788,0.5483280344198788,1,0
rolling5_quarterly20,3031,2023-07-21,2023-07-31,0.0566710925894278,2023,2023-06-30,learned_order_offset,20260910,0.5998072906892798,0.5998072906892798,1,1
rolling5_quarterly20,3036,2023-07-28,2023-08-07,-0.0039612927947766,2023,2023-06-30,learned_order_offset,20260910,0.5942462856095541,0.5942462856095541,1,0
rolling5_quarterly20,3041,2023-08-04,2023-08-14,-0.0404899362223548,2023,2023-06-30,learned_order_offset,20260910,0.47492790646257516,0.47492790646257516,0,0
rolling5_quarterly20,3046,2023-08-11,2023-08-21,-0.0176157088591445,2023,2023-06-30,learned_order_offset,20260910,0.5579507249355051,0.5579507249355051,1,0
rolling5_quarterly20,3051,2023-08-18,2023-08-28,0.0366582477081969,2023,2023-06-30,learned_order_offset,20260910,0.4115745748357748,0.4115745748357748,0,1
rolling5_quarterly20,3056,2023-08-25,2023-09-04,-0.025197172476384,2023,2023-06-30,learned_order_offset,20260910,0.4911855089700518,0.4911855089700518,0,0
rolling5_quarterly20,3061,2023-09-01,2023-09-11,-0.0189903461587886,2023,2023-06-30,learned_order_offset,20260910,0.46501993812768827,0.46501993812768827,0,0
rolling5_quarterly20,3066,2023-09-08,2023-09-18,-0.0111346368744954,2023,2023-06-30,learned_order_offset,20260910,0.507235025608944,0.507235025608944,1,0
rolling5_quarterly20,3071,2023-09-15,2023-09-25,0.0105787349314532,2023,2023-06-30,learned_order_offset,20260910,0.6882326817110969,0.6882326817110969,1,1
rolling5_quarterly20,3076,2023-09-22,2023-10-16,-0.0198017153282719,2023,2023-06-30,learned_order_offset,20260910,0.5145046865212324,0.5145046865212324,1,0
rolling5_quarterly20,3021,2023-07-07,2023-07-17,0.0104280552692135,2023,2023-06-30,native_mse,20260910,0.002180880083405775,,1,1
rolling5_quarterly20,3026,2023-07-14,2023-07-24,-0.0201642613135752,2023,2023-06-30,native_mse,20260910,0.00112597955895408,,1,0
rolling5_quarterly20,3031,2023-07-21,2023-07-31,0.0566710925894278,2023,2023-06-30,native_mse,20260910,0.0015745564535444248,,1,1
rolling5_quarterly20,3036,2023-07-28,2023-08-07,-0.0039612927947766,2023,2023-06-30,native_mse,20260910,0.0019734627549799133,,1,0
rolling5_quarterly20,3041,2023-08-04,2023-08-14,-0.0404899362223548,2023,2023-06-30,native_mse,20260910,0.0002948331852161148,,1,0
rolling5_quarterly20,3046,2023-08-11,2023-08-21,-0.0176157088591445,2023,2023-06-30,native_mse,20260910,0.0015850528400304313,,1,0
rolling5_quarterly20,3051,2023-08-18,2023-08-28,0.0366582477081969,2023,2023-06-30,native_mse,20260910,2.575869028006994e-05,,1,1
rolling5_quarterly20,3056,2023-08-25,2023-09-04,-0.025197172476384,2023,2023-06-30,native_mse,20260910,0.0007892606317070379,,1,0
rolling5_quarterly20,3061,2023-09-01,2023-09-11,-0.0189903461587886,2023,2023-06-30,native_mse,20260910,-0.0002894840471310701,,0,0
rolling5_quarterly20,3066,2023-09-08,2023-09-18,-0.0111346368744954,2023,2023-06-30,native_mse,20260910,-0.0008144004464919817,,0,0
rolling5_quarterly20,3071,2023-09-15,2023-09-25,0.0105787349314532,2023,2023-06-30,native_mse,20260910,0.0007971016130119248,,1,1
rolling5_quarterly20,3076,2023-09-22,2023-10-16,-0.0198017153282719,2023,2023-06-30,native_mse,20260910,-0.0003235117670612375,,0,0
rolling5_quarterly20,3021,2023-07-07,2023-07-17,0.0104280552692135,2023,2023-06-30,training_frequency,-1,0.5132450331125827,0.5132450331125827,1,1
rolling5_quarterly20,3026,2023-07-14,2023-07-24,-0.0201642613135752,2023,2023-06-30,training_frequency,-1,0.5132450331125827,0.5132450331125827,1,0
rolling5_quarterly20,3031,2023-07-21,2023-07-31,0.0566710925894278,2023,2023-06-30,training_frequency,-1,0.5132450331125827,0.5132450331125827,1,1
rolling5_quarterly20,3036,2023-07-28,2023-08-07,-0.0039612927947766,2023,2023-06-30,training_frequency,-1,0.5132450331125827,0.5132450331125827,1,0
rolling5_quarterly20,3041,2023-08-04,2023-08-14,-0.0404899362223548,2023,2023-06-30,training_frequency,-1,0.5132450331125827,0.5132450331125827,1,0
rolling5_quarterly20,3046,2023-08-11,2023-08-21,-0.0176157088591445,2023,2023-06-30,training_frequency,-1,0.5132450331125827,0.5132450331125827,1,0
rolling5_quarterly20,3051,2023-08-18,2023-08-28,0.0366582477081969,2023,2023-06-30,training_frequency,-1,0.5132450331125827,0.5132450331125827,1,1
rolling5_quarterly20,3056,2023-08-25,2023-09-04,-0.025197172476384,2023,2023-06-30,training_frequency,-1,0.5132450331125827,0.5132450331125827,1,0
rolling5_quarterly20,3061,2023-09-01,2023-09-11,-0.0189903461587886,2023,2023-06-30,training_frequency,-1,0.5132450331125827,0.5132450331125827,1,0
rolling5_quarterly20,3066,2023-09-08,2023-09-18,-0.0111346368744954,2023,2023-06-30,training_frequency,-1,0.5132450331125827,0.5132450331125827,1,0
rolling5_quarterly20,3071,2023-09-15,2023-09-25,0.0105787349314532,2023,2023-06-30,training_frequency,-1,0.5132450331125827,0.5132450331125827,1,1
rolling5_quarterly20,3076,2023-09-22,2023-10-16,-0.0198017153282719,2023,2023-06-30,training_frequency,-1,0.5132450331125827,0.5132450331125827,1,0
rolling5_quarterly20,3021,2023-07-07,2023-07-17,0.0104280552692135,2023,2023-06-30,learned_market,20260911,0.6385539936799303,0.6385539936799303,1,1
rolling5_quarterly20,3026,2023-07-14,2023-07-24,-0.0201642613135752,2023,2023-06-30,learned_market,20260911,0.5869632371482364,0.5869632371482364,1,0
rolling5_quarterly20,3031,2023-07-21,2023-07-31,0.0566710925894278,2023,2023-06-30,learned_market,20260911,0.5846674430631745,0.5846674430631745,1,1
rolling5_quarterly20,3036,2023-07-28,2023-08-07,-0.0039612927947766,2023,2023-06-30,learned_market,20260911,0.5651863229535441,0.5651863229535441,1,0
rolling5_quarterly20,3041,2023-08-04,2023-08-14,-0.0404899362223548,2023,2023-06-30,learned_market,20260911,0.5132296763244902,0.5132296763244902,1,0
rolling5_quarterly20,3046,2023-08-11,2023-08-21,-0.0176157088591445,2023,2023-06-30,learned_market,20260911,0.6371362338372827,0.6371362338372827,1,0
rolling5_quarterly20,3051,2023-08-18,2023-08-28,0.0366582477081969,2023,2023-06-30,learned_market,20260911,0.5777014799619401,0.5777014799619401,1,1
rolling5_quarterly20,3056,2023-08-25,2023-09-04,-0.025197172476384,2023,2023-06-30,learned_market,20260911,0.5962808747420711,0.5962808747420711,1,0
rolling5_quarterly20,3061,2023-09-01,2023-09-11,-0.0189903461587886,2023,2023-06-30,learned_market,20260911,0.3635116288557967,0.3635116288557967,0,0
rolling5_quarterly20,3066,2023-09-08,2023-09-18,-0.0111346368744954,2023,2023-06-30,learned_market,20260911,0.7055301188718053,0.7055301188718053,1,0
rolling5_quarterly20,3071,2023-09-15,2023-09-25,0.0105787349314532,2023,2023-06-30,learned_market,20260911,0.5569264383101256,0.5569264383101256,1,1
rolling5_quarterly20,3076,2023-09-22,2023-10-16,-0.0198017153282719,2023,2023-06-30,learned_market,20260911,0.45374654206955317,0.45374654206955317,0,0
rolling5_quarterly20,3021,2023-07-07,2023-07-17,0.0104280552692135,2023,2023-06-30,learned_vol_interaction,20260911,0.6380762077875903,0.6380762077875903,1,1
rolling5_quarterly20,3026,2023-07-14,2023-07-24,-0.0201642613135752,2023,2023-06-30,learned_vol_interaction,20260911,0.5868864875812138,0.5868864875812138,1,0
rolling5_quarterly20,3031,2023-07-21,2023-07-31,0.0566710925894278,2023,2023-06-30,learned_vol_interaction,20260911,0.5844364128801124,0.5844364128801124,1,1
rolling5_quarterly20,3036,2023-07-28,2023-08-07,-0.0039612927947766,2023,2023-06-30,learned_vol_interaction,20260911,0.565172818896788,0.565172818896788,1,0
rolling5_quarterly20,3041,2023-08-04,2023-08-14,-0.0404899362223548,2023,2023-06-30,learned_vol_interaction,20260911,0.513161430341554,0.513161430341554,1,0
rolling5_quarterly20,3046,2023-08-11,2023-08-21,-0.0176157088591445,2023,2023-06-30,learned_vol_interaction,20260911,0.6370625912077367,0.6370625912077367,1,0
rolling5_quarterly20,3051,2023-08-18,2023-08-28,0.0366582477081969,2023,2023-06-30,learned_vol_interaction,20260911,0.5775906080843096,0.5775906080843096,1,1
rolling5_quarterly20,3056,2023-08-25,2023-09-04,-0.025197172476384,2023,2023-06-30,learned_vol_interaction,20260911,0.5962070152261163,0.5962070152261163,1,0
rolling5_quarterly20,3061,2023-09-01,2023-09-11,-0.0189903461587886,2023,2023-06-30,learned_vol_interaction,20260911,0.3639345466794987,0.3639345466794987,0,0
rolling5_quarterly20,3066,2023-09-08,2023-09-18,-0.0111346368744954,2023,2023-06-30,learned_vol_interaction,20260911,0.7052085445920268,0.7052085445920268,1,0
rolling5_quarterly20,3071,2023-09-15,2023-09-25,0.0105787349314532,2023,2023-06-30,learned_vol_interaction,20260911,0.5565808580063363,0.5565808580063363,1,1
rolling5_quarterly20,3076,2023-09-22,2023-10-16,-0.0198017153282719,2023,2023-06-30,learned_vol_interaction,20260911,0.4541680110643569,0.4541680110643569,0,0
rolling5_quarterly20,3021,2023-07-07,2023-07-17,0.0104280552692135,2023,2023-06-30,learned_order_extension,20260911,0.5445657346671946,0.5445657346671946,1,1
rolling5_quarterly20,3026,2023-07-14,2023-07-24,-0.0201642613135752,2023,2023-06-30,learned_order_extension,20260911,0.5596973739094527,0.5596973739094527,1,0
rolling5_quarterly20,3031,2023-07-21,2023-07-31,0.0566710925894278,2023,2023-06-30,learned_order_extension,20260911,0.5615002984003561,0.5615002984003561,1,1
rolling5_quarterly20,3036,2023-07-28,2023-08-07,-0.0039612927947766,2023,2023-06-30,learned_order_extension,20260911,0.5772945314671631,0.5772945314671631,1,0
rolling5_quarterly20,3041,2023-08-04,2023-08-14,-0.0404899362223548,2023,2023-06-30,learned_order_extension,20260911,0.516612392454982,0.516612392454982,1,0
rolling5_quarterly20,3046,2023-08-11,2023-08-21,-0.0176157088591445,2023,2023-06-30,learned_order_extension,20260911,0.6010165651973792,0.6010165651973792,1,0
rolling5_quarterly20,3051,2023-08-18,2023-08-28,0.0366582477081969,2023,2023-06-30,learned_order_extension,20260911,0.5345232494796854,0.5345232494796854,1,1
rolling5_quarterly20,3056,2023-08-25,2023-09-04,-0.025197172476384,2023,2023-06-30,learned_order_extension,20260911,0.5576845878862361,0.5576845878862361,1,0
rolling5_quarterly20,3061,2023-09-01,2023-09-11,-0.0189903461587886,2023,2023-06-30,learned_order_extension,20260911,0.4141855148994433,0.4141855148994433,0,0
rolling5_quarterly20,3066,2023-09-08,2023-09-18,-0.0111346368744954,2023,2023-06-30,learned_order_extension,20260911,0.6157334670651029,0.6157334670651029,1,0
rolling5_quarterly20,3071,2023-09-15,2023-09-25,0.0105787349314532,2023,2023-06-30,learned_order_extension,20260911,0.5241548622733669,0.5241548622733669,1,1
rolling5_quarterly20,3076,2023-09-22,2023-10-16,-0.0198017153282719,2023,2023-06-30,learned_order_extension,20260911,0.4747770523700329,0.4747770523700329,0,0
rolling5_quarterly20,3021,2023-07-07,2023-07-17,0.0104280552692135,2023,2023-06-30,learned_order_offset,20260911,0.541619183172651,0.541619183172651,1,1
rolling5_quarterly20,3026,2023-07-14,2023-07-24,-0.0201642613135752,2023,2023-06-30,learned_order_offset,20260911,0.5584767804425196,0.5584767804425196,1,0
rolling5_quarterly20,3031,2023-07-21,2023-07-31,0.0566710925894278,2023,2023-06-30,learned_order_offset,20260911,0.560576992938744,0.560576992938744,1,1
rolling5_quarterly20,3036,2023-07-28,2023-08-07,-0.0039612927947766,2023,2023-06-30,learned_order_offset,20260911,0.575333067395373,0.575333067395373,1,0
rolling5_quarterly20,3041,2023-08-04,2023-08-14,-0.0404899362223548,2023,2023-06-30,learned_order_offset,20260911,0.5157625100842705,0.5157625100842705,1,0
rolling5_quarterly20,3046,2023-08-11,2023-08-21,-0.0176157088591445,2023,2023-06-30,learned_order_offset,20260911,0.5973308114487169,0.5973308114487169,1,0
rolling5_quarterly20,3051,2023-08-18,2023-08-28,0.0366582477081969,2023,2023-06-30,learned_order_offset,20260911,0.5313107375190489,0.5313107375190489,1,1
rolling5_quarterly20,3056,2023-08-25,2023-09-04,-0.025197172476384,2023,2023-06-30,learned_order_offset,20260911,0.5544689663367969,0.5544689663367969,1,0
rolling5_quarterly20,3061,2023-09-01,2023-09-11,-0.0189903461587886,2023,2023-06-30,learned_order_offset,20260911,0.41559485980283206,0.41559485980283206,0,0
rolling5_quarterly20,3066,2023-09-08,2023-09-18,-0.0111346368744954,2023,2023-06-30,learned_order_offset,20260911,0.6141599340657421,0.6141599340657421,1,0
rolling5_quarterly20,3071,2023-09-15,2023-09-25,0.0105787349314532,2023,2023-06-30,learned_order_offset,20260911,0.5223561291980028,0.5223561291980028,1,1
rolling5_quarterly20,3076,2023-09-22,2023-10-16,-0.0198017153282719,2023,2023-06-30,learned_order_offset,20260911,0.4734420301895119,0.4734420301895119,0,0
rolling5_quarterly20,3021,2023-07-07,2023-07-17,0.0104280552692135,2023,2023-06-30,native_mse,20260911,0.003923048614965533,,1,1
rolling5_quarterly20,3026,2023-07-14,2023-07-24,-0.0201642613135752,2023,2023-06-30,native_mse,20260911,-0.0028087784543915015,,0,0
rolling5_quarterly20,3031,2023-07-21,2023-07-31,0.0566710925894278,2023,2023-06-30,native_mse,20260911,-0.0014856765018450427,,0,1
rolling5_quarterly20,3036,2023-07-28,2023-08-07,-0.0039612927947766,2023,2023-06-30,native_mse,20260911,-0.0016361373409586055,,0,0
rolling5_quarterly20,3041,2023-08-04,2023-08-14,-0.0404899362223548,2023,2023-06-30,native_mse,20260911,-0.0012123842701979332,,0,0
rolling5_quarterly20,3046,2023-08-11,2023-08-21,-0.0176157088591445,2023,2023-06-30,native_mse,20260911,-0.0013844374822215507,,0,0
rolling5_quarterly20,3051,2023-08-18,2023-08-28,0.0366582477081969,2023,2023-06-30,native_mse,20260911,-0.0008561077882274669,,0,1
rolling5_quarterly20,3056,2023-08-25,2023-09-04,-0.025197172476384,2023,2023-06-30,native_mse,20260911,-0.003711097600135901,,0,0
rolling5_quarterly20,3061,2023-09-01,2023-09-11,-0.0189903461587886,2023,2023-06-30,native_mse,20260911,-0.004980381647226534,,0,0
rolling5_quarterly20,3066,2023-09-08,2023-09-18,-0.0111346368744954,2023,2023-06-30,native_mse,20260911,0.010407258694655147,,1,0
rolling5_quarterly20,3071,2023-09-15,2023-09-25,0.0105787349314532,2023,2023-06-30,native_mse,20260911,0.0018014761298844437,,1,1
rolling5_quarterly20,3076,2023-09-22,2023-10-16,-0.0198017153282719,2023,2023-06-30,native_mse,20260911,-0.005314292331649352,,0,0
rolling5_quarterly20,3021,2023-07-07,2023-07-17,0.0104280552692135,2023,2023-06-30,learned_market,20260912,0.5106225107038358,0.5106225107038358,1,1
rolling5_quarterly20,3026,2023-07-14,2023-07-24,-0.0201642613135752,2023,2023-06-30,learned_market,20260912,0.481211287195745,0.481211287195745,0,0
rolling5_quarterly20,3031,2023-07-21,2023-07-31,0.0566710925894278,2023,2023-06-30,learned_market,20260912,0.5053092033873688,0.5053092033873688,1,1
rolling5_quarterly20,3036,2023-07-28,2023-08-07,-0.0039612927947766,2023,2023-06-30,learned_market,20260912,0.40764651416194075,0.40764651416194075,0,0
rolling5_quarterly20,3041,2023-08-04,2023-08-14,-0.0404899362223548,2023,2023-06-30,learned_market,20260912,0.4525942124030988,0.4525942124030988,0,0
rolling5_quarterly20,3046,2023-08-11,2023-08-21,-0.0176157088591445,2023,2023-06-30,learned_market,20260912,0.6367695064946417,0.6367695064946417,1,0
rolling5_quarterly20,3051,2023-08-18,2023-08-28,0.0366582477081969,2023,2023-06-30,learned_market,20260912,0.585795136057815,0.585795136057815,1,1
rolling5_quarterly20,3056,2023-08-25,2023-09-04,-0.025197172476384,2023,2023-06-30,learned_market,20260912,0.5230047872639554,0.5230047872639554,1,0
rolling5_quarterly20,3061,2023-09-01,2023-09-11,-0.0189903461587886,2023,2023-06-30,learned_market,20260912,0.531390023153318,0.531390023153318,1,0
rolling5_quarterly20,3066,2023-09-08,2023-09-18,-0.0111346368744954,2023,2023-06-30,learned_market,20260912,0.463373646110596,0.463373646110596,0,0
rolling5_quarterly20,3071,2023-09-15,2023-09-25,0.0105787349314532,2023,2023-06-30,learned_market,20260912,0.5498864930328065,0.5498864930328065,1,1
rolling5_quarterly20,3076,2023-09-22,2023-10-16,-0.0198017153282719,2023,2023-06-30,learned_market,20260912,0.47835829463192764,0.47835829463192764,0,0
rolling5_quarterly20,3021,2023-07-07,2023-07-17,0.0104280552692135,2023,2023-06-30,learned_vol_interaction,20260912,0.49892779227654577,0.49892779227654577,0,1
rolling5_quarterly20,3026,2023-07-14,2023-07-24,-0.0201642613135752,2023,2023-06-30,learned_vol_interaction,20260912,0.46570508498355445,0.46570508498355445,0,0
rolling5_quarterly20,3031,2023-07-21,2023-07-31,0.0566710925894278,2023,2023-06-30,learned_vol_interaction,20260912,0.49215061246232794,0.49215061246232794,0,1
rolling5_quarterly20,3036,2023-07-28,2023-08-07,-0.0039612927947766,2023,2023-06-30,learned_vol_interaction,20260912,0.4052470218085824,0.4052470218085824,0,0
rolling5_quarterly20,3041,2023-08-04,2023-08-14,-0.0404899362223548,2023,2023-06-30,learned_vol_interaction,20260912,0.45188859415290444,0.45188859415290444,0,0
rolling5_quarterly20,3046,2023-08-11,2023-08-21,-0.0176157088591445,2023,2023-06-30,learned_vol_interaction,20260912,0.633729568575128,0.633729568575128,1,0
rolling5_quarterly20,3051,2023-08-18,2023-08-28,0.0366582477081969,2023,2023-06-30,learned_vol_interaction,20260912,0.5966108906977715,0.5966108906977715,1,1
rolling5_quarterly20,3056,2023-08-25,2023-09-04,-0.025197172476384,2023,2023-06-30,learned_vol_interaction,20260912,0.514474161912981,0.514474161912981,1,0
rolling5_quarterly20,3061,2023-09-01,2023-09-11,-0.0189903461587886,2023,2023-06-30,learned_vol_interaction,20260912,0.5300725871883967,0.5300725871883967,1,0
rolling5_quarterly20,3066,2023-09-08,2023-09-18,-0.0111346368744954,2023,2023-06-30,learned_vol_interaction,20260912,0.4482181255007485,0.4482181255007485,0,0
rolling5_quarterly20,3071,2023-09-15,2023-09-25,0.0105787349314532,2023,2023-06-30,learned_vol_interaction,20260912,0.5489140895363982,0.5489140895363982,1,1
rolling5_quarterly20,3076,2023-09-22,2023-10-16,-0.0198017153282719,2023,2023-06-30,learned_vol_interaction,20260912,0.4685536827792616,0.4685536827792616,0,0
rolling5_quarterly20,3021,2023-07-07,2023-07-17,0.0104280552692135,2023,2023-06-30,learned_order_extension,20260912,0.5678123204456272,0.5678123204456272,1,1
rolling5_quarterly20,3026,2023-07-14,2023-07-24,-0.0201642613135752,2023,2023-06-30,learned_order_extension,20260912,0.5549278210067523,0.5549278210067523,1,0
rolling5_quarterly20,3031,2023-07-21,2023-07-31,0.0566710925894278,2023,2023-06-30,learned_order_extension,20260912,0.55555895045433,0.55555895045433,1,1
rolling5_quarterly20,3036,2023-07-28,2023-08-07,-0.0039612927947766,2023,2023-06-30,learned_order_extension,20260912,0.4367531113585792,0.4367531113585792,0,0
rolling5_quarterly20,3041,2023-08-04,2023-08-14,-0.0404899362223548,2023,2023-06-30,learned_order_extension,20260912,0.4470249663793712,0.4470249663793712,0,0
rolling5_quarterly20,3046,2023-08-11,2023-08-21,-0.0176157088591445,2023,2023-06-30,learned_order_extension,20260912,0.5862229803996221,0.5862229803996221,1,0
rolling5_quarterly20,3051,2023-08-18,2023-08-28,0.0366582477081969,2023,2023-06-30,learned_order_extension,20260912,0.5716199022953973,0.5716199022953973,1,1
rolling5_quarterly20,3056,2023-08-25,2023-09-04,-0.025197172476384,2023,2023-06-30,learned_order_extension,20260912,0.5345191616239761,0.5345191616239761,1,0
rolling5_quarterly20,3061,2023-09-01,2023-09-11,-0.0189903461587886,2023,2023-06-30,learned_order_extension,20260912,0.5258570473758273,0.5258570473758273,1,0
rolling5_quarterly20,3066,2023-09-08,2023-09-18,-0.0111346368744954,2023,2023-06-30,learned_order_extension,20260912,0.49873852401709134,0.49873852401709134,0,0
rolling5_quarterly20,3071,2023-09-15,2023-09-25,0.0105787349314532,2023,2023-06-30,learned_order_extension,20260912,0.560582775603832,0.560582775603832,1,1
rolling5_quarterly20,3076,2023-09-22,2023-10-16,-0.0198017153282719,2023,2023-06-30,learned_order_extension,20260912,0.49123880335181125,0.49123880335181125,0,0
rolling5_quarterly20,3021,2023-07-07,2023-07-17,0.0104280552692135,2023,2023-06-30,learned_order_offset,20260912,0.5673081715784969,0.5673081715784969,1,1
rolling5_quarterly20,3026,2023-07-14,2023-07-24,-0.0201642613135752,2023,2023-06-30,learned_order_offset,20260912,0.5570961758973624,0.5570961758973624,1,0
rolling5_quarterly20,3031,2023-07-21,2023-07-31,0.0566710925894278,2023,2023-06-30,learned_order_offset,20260912,0.5587639990052338,0.5587639990052338,1,1
rolling5_quarterly20,3036,2023-07-28,2023-08-07,-0.0039612927947766,2023,2023-06-30,learned_order_offset,20260912,0.43855508611655086,0.43855508611655086,0,0
rolling5_quarterly20,3041,2023-08-04,2023-08-14,-0.0404899362223548,2023,2023-06-30,learned_order_offset,20260912,0.44446082456480357,0.44446082456480357,0,0
rolling5_quarterly20,3046,2023-08-11,2023-08-21,-0.0176157088591445,2023,2023-06-30,learned_order_offset,20260912,0.5831281703331852,0.5831281703331852,1,0
rolling5_quarterly20,3051,2023-08-18,2023-08-28,0.0366582477081969,2023,2023-06-30,learned_order_offset,20260912,0.570481111305164,0.570481111305164,1,1
rolling5_quarterly20,3056,2023-08-25,2023-09-04,-0.025197172476384,2023,2023-06-30,learned_order_offset,20260912,0.5352415223397153,0.5352415223397153,1,0
rolling5_quarterly20,3061,2023-09-01,2023-09-11,-0.0189903461587886,2023,2023-06-30,learned_order_offset,20260912,0.5268909592868679,0.5268909592868679,1,0
rolling5_quarterly20,3066,2023-09-08,2023-09-18,-0.0111346368744954,2023,2023-06-30,learned_order_offset,20260912,0.5066543557972274,0.5066543557972274,1,0
rolling5_quarterly20,3071,2023-09-15,2023-09-25,0.0105787349314532,2023,2023-06-30,learned_order_offset,20260912,0.5588886877727001,0.5588886877727001,1,1
rolling5_quarterly20,3076,2023-09-22,2023-10-16,-0.0198017153282719,2023,2023-06-30,learned_order_offset,20260912,0.4937309056369533,0.4937309056369533,0,0
rolling5_quarterly20,3021,2023-07-07,2023-07-17,0.0104280552692135,2023,2023-06-30,native_mse,20260912,0.0008065997645816601,,1,1
rolling5_quarterly20,3026,2023-07-14,2023-07-24,-0.0201642613135752,2023,2023-06-30,native_mse,20260912,0.0010335099133802906,,1,0
rolling5_quarterly20,3031,2023-07-21,2023-07-31,0.0566710925894278,2023,2023-06-30,native_mse,20260912,0.0008618843556380477,,1,1
rolling5_quarterly20,3036,2023-07-28,2023-08-07,-0.0039612927947766,2023,2023-06-30,native_mse,20260912,0.000873269238289306,,1,0
rolling5_quarterly20,3041,2023-08-04,2023-08-14,-0.0404899362223548,2023,2023-06-30,native_mse,20260912,0.0010356182788933607,,1,0
rolling5_quarterly20,3046,2023-08-11,2023-08-21,-0.0176157088591445,2023,2023-06-30,native_mse,20260912,0.001587249732282235,,1,0
rolling5_quarterly20,3051,2023-08-18,2023-08-28,0.0366582477081969,2023,2023-06-30,native_mse,20260912,0.0010113651018620663,,1,1
rolling5_quarterly20,3056,2023-08-25,2023-09-04,-0.025197172476384,2023,2023-06-30,native_mse,20260912,0.0011022597786808745,,1,0
rolling5_quarterly20,3061,2023-09-01,2023-09-11,-0.0189903461587886,2023,2023-06-30,native_mse,20260912,0.0008987711848772968,,1,0
rolling5_quarterly20,3066,2023-09-08,2023-09-18,-0.0111346368744954,2023,2023-06-30,native_mse,20260912,0.0008160932714749686,,1,0
rolling5_quarterly20,3071,2023-09-15,2023-09-25,0.0105787349314532,2023,2023-06-30,native_mse,20260912,0.0007703401386850866,,1,1
rolling5_quarterly20,3076,2023-09-22,2023-10-16,-0.0198017153282719,2023,2023-06-30,native_mse,20260912,0.0008049332917312616,,1,0
rolling5_quarterly20,3085,2023-10-13,2023-10-23,-0.0447156690429144,2023,2023-09-30,learned_market,20260910,0.47481566549552745,0.47481566549552745,0,0
rolling5_quarterly20,3090,2023-10-20,2023-10-30,0.0154019770298841,2023,2023-09-30,learned_market,20260910,0.5148213240328953,0.5148213240328953,1,1
rolling5_quarterly20,3095,2023-10-27,2023-11-06,0.0152527637017425,2023,2023-09-30,learned_market,20260910,0.3982896204418653,0.3982896204418653,0,1
rolling5_quarterly20,3100,2023-11-03,2023-11-13,-0.0039935482440582,2023,2023-09-30,learned_market,20260910,0.34525033784697473,0.34525033784697473,0,0
rolling5_quarterly20,3105,2023-11-10,2023-11-20,-0.0067280482816765,2023,2023-09-30,learned_market,20260910,0.37330191430866294,0.37330191430866294,0,0
rolling5_quarterly20,3110,2023-11-17,2023-11-27,-0.0098859017348651,2023,2023-09-30,learned_market,20260910,0.38224135254500935,0.38224135254500935,0,0
rolling5_quarterly20,3115,2023-11-24,2023-12-04,-0.0151084754586299,2023,2023-09-30,learned_market,20260910,0.41901530820565364,0.41901530820565364,0,0
rolling5_quarterly20,3120,2023-12-01,2023-12-11,-0.0295859857973478,2023,2023-09-30,learned_market,20260910,0.5152432556167983,0.5152432556167983,1,0
rolling5_quarterly20,3125,2023-12-08,2023-12-18,-0.0144639658974852,2023,2023-09-30,learned_market,20260910,0.4805777768517,0.4805777768517,0,0
rolling5_quarterly20,3130,2023-12-15,2023-12-25,0.0003424256350643,2023,2023-09-30,learned_market,20260910,0.496849419268342,0.496849419268342,0,1
rolling5_quarterly20,3135,2023-12-22,2024-01-02,0.0288079559683274,2023,2023-09-30,learned_market,20260910,0.6705769484350597,0.6705769484350597,1,1
rolling5_quarterly20,3140,2023-12-29,2024-01-08,-0.0302544749829989,2023,2023-09-30,learned_market,20260910,0.5010934905197834,0.5010934905197834,1,0
rolling5_quarterly20,3085,2023-10-13,2023-10-23,-0.0447156690429144,2023,2023-09-30,learned_vol_interaction,20260910,0.47105904591591313,0.47105904591591313,0,0
rolling5_quarterly20,3090,2023-10-20,2023-10-30,0.0154019770298841,2023,2023-09-30,learned_vol_interaction,20260910,0.5182510602785155,0.5182510602785155,1,1
rolling5_quarterly20,3095,2023-10-27,2023-11-06,0.0152527637017425,2023,2023-09-30,learned_vol_interaction,20260910,0.39165405940754483,0.39165405940754483,0,1
rolling5_quarterly20,3100,2023-11-03,2023-11-13,-0.0039935482440582,2023,2023-09-30,learned_vol_interaction,20260910,0.32713457559029263,0.32713457559029263,0,0
rolling5_quarterly20,3105,2023-11-10,2023-11-20,-0.0067280482816765,2023,2023-09-30,learned_vol_interaction,20260910,0.3608279054222674,0.3608279054222674,0,0
rolling5_quarterly20,3110,2023-11-17,2023-11-27,-0.0098859017348651,2023,2023-09-30,learned_vol_interaction,20260910,0.361456435723033,0.361456435723033,0,0
rolling5_quarterly20,3115,2023-11-24,2023-12-04,-0.0151084754586299,2023,2023-09-30,learned_vol_interaction,20260910,0.407887671152477,0.407887671152477,0,0
rolling5_quarterly20,3120,2023-12-01,2023-12-11,-0.0295859857973478,2023,2023-09-30,learned_vol_interaction,20260910,0.5150188031352253,0.5150188031352253,1,0
rolling5_quarterly20,3125,2023-12-08,2023-12-18,-0.0144639658974852,2023,2023-09-30,learned_vol_interaction,20260910,0.4792626509531456,0.4792626509531456,0,0
rolling5_quarterly20,3130,2023-12-15,2023-12-25,0.0003424256350643,2023,2023-09-30,learned_vol_interaction,20260910,0.49887025875311164,0.49887025875311164,0,1
rolling5_quarterly20,3135,2023-12-22,2024-01-02,0.0288079559683274,2023,2023-09-30,learned_vol_interaction,20260910,0.6996605386446912,0.6996605386446912,1,1
rolling5_quarterly20,3140,2023-12-29,2024-01-08,-0.0302544749829989,2023,2023-09-30,learned_vol_interaction,20260910,0.4966803776874017,0.4966803776874017,0,0
rolling5_quarterly20,3085,2023-10-13,2023-10-23,-0.0447156690429144,2023,2023-09-30,learned_order_extension,20260910,0.4756518151607614,0.4756518151607614,0,0
rolling5_quarterly20,3090,2023-10-20,2023-10-30,0.0154019770298841,2023,2023-09-30,learned_order_extension,20260910,0.5348958985521713,0.5348958985521713,1,1
rolling5_quarterly20,3095,2023-10-27,2023-11-06,0.0152527637017425,2023,2023-09-30,learned_order_extension,20260910,0.44168174229757606,0.44168174229757606,0,1
rolling5_quarterly20,3100,2023-11-03,2023-11-13,-0.0039935482440582,2023,2023-09-30,learned_order_extension,20260910,0.37965233317765984,0.37965233317765984,0,0
rolling5_quarterly20,3105,2023-11-10,2023-11-20,-0.0067280482816765,2023,2023-09-30,learned_order_extension,20260910,0.4059339505088347,0.4059339505088347,0,0
rolling5_quarterly20,3110,2023-11-17,2023-11-27,-0.0098859017348651,2023,2023-09-30,learned_order_extension,20260910,0.4088566416266195,0.4088566416266195,0,0
rolling5_quarterly20,3115,2023-11-24,2023-12-04,-0.0151084754586299,2023,2023-09-30,learned_order_extension,20260910,0.4438936683614073,0.4438936683614073,0,0
rolling5_quarterly20,3120,2023-12-01,2023-12-11,-0.0295859857973478,2023,2023-09-30,learned_order_extension,20260910,0.5252128818647408,0.5252128818647408,1,0
rolling5_quarterly20,3125,2023-12-08,2023-12-18,-0.0144639658974852,2023,2023-09-30,learned_order_extension,20260910,0.49537680452570787,0.49537680452570787,0,0
rolling5_quarterly20,3130,2023-12-15,2023-12-25,0.0003424256350643,2023,2023-09-30,learned_order_extension,20260910,0.5055531115923088,0.5055531115923088,1,1
rolling5_quarterly20,3135,2023-12-22,2024-01-02,0.0288079559683274,2023,2023-09-30,learned_order_extension,20260910,0.6711722178663895,0.6711722178663895,1,1
rolling5_quarterly20,3140,2023-12-29,2024-01-08,-0.0302544749829989,2023,2023-09-30,learned_order_extension,20260910,0.4890387239958674,0.4890387239958674,0,0
rolling5_quarterly20,3085,2023-10-13,2023-10-23,-0.0447156690429144,2023,2023-09-30,learned_order_offset,20260910,0.47465915673192205,0.47465915673192205,0,0
rolling5_quarterly20,3090,2023-10-20,2023-10-30,0.0154019770298841,2023,2023-09-30,learned_order_offset,20260910,0.5333267539985492,0.5333267539985492,1,1
rolling5_quarterly20,3095,2023-10-27,2023-11-06,0.0152527637017425,2023,2023-09-30,learned_order_offset,20260910,0.44372315595635875,0.44372315595635875,0,1
rolling5_quarterly20,3100,2023-11-03,2023-11-13,-0.0039935482440582,2023,2023-09-30,learned_order_offset,20260910,0.38570770401882326,0.38570770401882326,0,0
rolling5_quarterly20,3105,2023-11-10,2023-11-20,-0.0067280482816765,2023,2023-09-30,learned_order_offset,20260910,0.4108594524981887,0.4108594524981887,0,0
rolling5_quarterly20,3110,2023-11-17,2023-11-27,-0.0098859017348651,2023,2023-09-30,learned_order_offset,20260910,0.41267404061574553,0.41267404061574553,0,0
rolling5_quarterly20,3115,2023-11-24,2023-12-04,-0.0151084754586299,2023,2023-09-30,learned_order_offset,20260910,0.4454031686410033,0.4454031686410033,0,0
rolling5_quarterly20,3120,2023-12-01,2023-12-11,-0.0295859857973478,2023,2023-09-30,learned_order_offset,20260910,0.5237345260674265,0.5237345260674265,1,0
rolling5_quarterly20,3125,2023-12-08,2023-12-18,-0.0144639658974852,2023,2023-09-30,learned_order_offset,20260910,0.49508050854529995,0.49508050854529995,0,0
rolling5_quarterly20,3130,2023-12-15,2023-12-25,0.0003424256350643,2023,2023-09-30,learned_order_offset,20260910,0.504230692660198,0.504230692660198,1,1
rolling5_quarterly20,3135,2023-12-22,2024-01-02,0.0288079559683274,2023,2023-09-30,learned_order_offset,20260910,0.6643156801459347,0.6643156801459347,1,1
rolling5_quarterly20,3140,2023-12-29,2024-01-08,-0.0302544749829989,2023,2023-09-30,learned_order_offset,20260910,0.48849160557704213,0.48849160557704213,0,0
rolling5_quarterly20,3085,2023-10-13,2023-10-23,-0.0447156690429144,2023,2023-09-30,native_mse,20260910,0.0013266607227994918,,1,0
rolling5_quarterly20,3090,2023-10-20,2023-10-30,0.0154019770298841,2023,2023-09-30,native_mse,20260910,0.0013784276919106126,,1,1
rolling5_quarterly20,3095,2023-10-27,2023-11-06,0.0152527637017425,2023,2023-09-30,native_mse,20260910,-0.00039525135044444115,,0,1
rolling5_quarterly20,3100,2023-11-03,2023-11-13,-0.0039935482440582,2023,2023-09-30,native_mse,20260910,-0.00017126707564018174,,0,0
rolling5_quarterly20,3105,2023-11-10,2023-11-20,-0.0067280482816765,2023,2023-09-30,native_mse,20260910,-1.4594819630706773e-07,,0,0
rolling5_quarterly20,3110,2023-11-17,2023-11-27,-0.0098859017348651,2023,2023-09-30,native_mse,20260910,0.0017302594476542948,,1,0
rolling5_quarterly20,3115,2023-11-24,2023-12-04,-0.0151084754586299,2023,2023-09-30,native_mse,20260910,0.001663168714561194,,1,0
rolling5_quarterly20,3120,2023-12-01,2023-12-11,-0.0295859857973478,2023,2023-09-30,native_mse,20260910,0.0017259376035128663,,1,0
rolling5_quarterly20,3125,2023-12-08,2023-12-18,-0.0144639658974852,2023,2023-09-30,native_mse,20260910,0.0017587704217238128,,1,0
rolling5_quarterly20,3130,2023-12-15,2023-12-25,0.0003424256350643,2023,2023-09-30,native_mse,20260910,0.0021397794834700705,,1,1
rolling5_quarterly20,3135,2023-12-22,2024-01-02,0.0288079559683274,2023,2023-09-30,native_mse,20260910,0.0033387874878155893,,1,1
rolling5_quarterly20,3140,2023-12-29,2024-01-08,-0.0302544749829989,2023,2023-09-30,native_mse,20260910,0.002066149558067958,,1,0
rolling5_quarterly20,3085,2023-10-13,2023-10-23,-0.0447156690429144,2023,2023-09-30,training_frequency,-1,0.5082781456953642,0.5082781456953642,1,0
rolling5_quarterly20,3090,2023-10-20,2023-10-30,0.0154019770298841,2023,2023-09-30,training_frequency,-1,0.5082781456953642,0.5082781456953642,1,1
rolling5_quarterly20,3095,2023-10-27,2023-11-06,0.0152527637017425,2023,2023-09-30,training_frequency,-1,0.5082781456953642,0.5082781456953642,1,1
rolling5_quarterly20,3100,2023-11-03,2023-11-13,-0.0039935482440582,2023,2023-09-30,training_frequency,-1,0.5082781456953642,0.5082781456953642,1,0
rolling5_quarterly20,3105,2023-11-10,2023-11-20,-0.0067280482816765,2023,2023-09-30,training_frequency,-1,0.5082781456953642,0.5082781456953642,1,0
rolling5_quarterly20,3110,2023-11-17,2023-11-27,-0.0098859017348651,2023,2023-09-30,training_frequency,-1,0.5082781456953642,0.5082781456953642,1,0
rolling5_quarterly20,3115,2023-11-24,2023-12-04,-0.0151084754586299,2023,2023-09-30,training_frequency,-1,0.5082781456953642,0.5082781456953642,1,0
rolling5_quarterly20,3120,2023-12-01,2023-12-11,-0.0295859857973478,2023,2023-09-30,training_frequency,-1,0.5082781456953642,0.5082781456953642,1,0
rolling5_quarterly20,3125,2023-12-08,2023-12-18,-0.0144639658974852,2023,2023-09-30,training_frequency,-1,0.5082781456953642,0.5082781456953642,1,0
rolling5_quarterly20,3130,2023-12-15,2023-12-25,0.0003424256350643,2023,2023-09-30,training_frequency,-1,0.5082781456953642,0.5082781456953642,1,1
rolling5_quarterly20,3135,2023-12-22,2024-01-02,0.0288079559683274,2023,2023-09-30,training_frequency,-1,0.5082781456953642,0.5082781456953642,1,1
rolling5_quarterly20,3140,2023-12-29,2024-01-08,-0.0302544749829989,2023,2023-09-30,training_frequency,-1,0.5082781456953642,0.5082781456953642,1,0
rolling5_quarterly20,3085,2023-10-13,2023-10-23,-0.0447156690429144,2023,2023-09-30,learned_market,20260911,0.4794069209011325,0.4794069209011325,0,0
rolling5_quarterly20,3090,2023-10-20,2023-10-30,0.0154019770298841,2023,2023-09-30,learned_market,20260911,0.5913519908341457,0.5913519908341457,1,1
rolling5_quarterly20,3095,2023-10-27,2023-11-06,0.0152527637017425,2023,2023-09-30,learned_market,20260911,0.5227080415831771,0.5227080415831771,1,1
rolling5_quarterly20,3100,2023-11-03,2023-11-13,-0.0039935482440582,2023,2023-09-30,learned_market,20260911,0.6228731562235539,0.6228731562235539,1,0
rolling5_quarterly20,3105,2023-11-10,2023-11-20,-0.0067280482816765,2023,2023-09-30,learned_market,20260911,0.46653235117155234,0.46653235117155234,0,0
rolling5_quarterly20,3110,2023-11-17,2023-11-27,-0.0098859017348651,2023,2023-09-30,learned_market,20260911,0.28977310701352593,0.28977310701352593,0,0
rolling5_quarterly20,3115,2023-11-24,2023-12-04,-0.0151084754586299,2023,2023-09-30,learned_market,20260911,0.505972147676512,0.505972147676512,1,0
rolling5_quarterly20,3120,2023-12-01,2023-12-11,-0.0295859857973478,2023,2023-09-30,learned_market,20260911,0.5216627973166218,0.5216627973166218,1,0
rolling5_quarterly20,3125,2023-12-08,2023-12-18,-0.0144639658974852,2023,2023-09-30,learned_market,20260911,0.3665928191439946,0.3665928191439946,0,0
rolling5_quarterly20,3130,2023-12-15,2023-12-25,0.0003424256350643,2023,2023-09-30,learned_market,20260911,0.3484948525559686,0.3484948525559686,0,1
rolling5_quarterly20,3135,2023-12-22,2024-01-02,0.0288079559683274,2023,2023-09-30,learned_market,20260911,0.435953432709489,0.435953432709489,0,1
rolling5_quarterly20,3140,2023-12-29,2024-01-08,-0.0302544749829989,2023,2023-09-30,learned_market,20260911,0.5270001229133183,0.5270001229133183,1,0
rolling5_quarterly20,3085,2023-10-13,2023-10-23,-0.0447156690429144,2023,2023-09-30,learned_vol_interaction,20260911,0.47242188139352825,0.47242188139352825,0,0
rolling5_quarterly20,3090,2023-10-20,2023-10-30,0.0154019770298841,2023,2023-09-30,learned_vol_interaction,20260911,0.5900967030751333,0.5900967030751333,1,1
rolling5_quarterly20,3095,2023-10-27,2023-11-06,0.0152527637017425,2023,2023-09-30,learned_vol_interaction,20260911,0.5214791712678203,0.5214791712678203,1,1
rolling5_quarterly20,3100,2023-11-03,2023-11-13,-0.0039935482440582,2023,2023-09-30,learned_vol_interaction,20260911,0.614724006409439,0.614724006409439,1,0
rolling5_quarterly20,3105,2023-11-10,2023-11-20,-0.0067280482816765,2023,2023-09-30,learned_vol_interaction,20260911,0.46476891507453244,0.46476891507453244,0,0
rolling5_quarterly20,3110,2023-11-17,2023-11-27,-0.0098859017348651,2023,2023-09-30,learned_vol_interaction,20260911,0.3017328589836818,0.3017328589836818,0,0
rolling5_quarterly20,3115,2023-11-24,2023-12-04,-0.0151084754586299,2023,2023-09-30,learned_vol_interaction,20260911,0.5065290027226462,0.5065290027226462,1,0
rolling5_quarterly20,3120,2023-12-01,2023-12-11,-0.0295859857973478,2023,2023-09-30,learned_vol_interaction,20260911,0.5186988786224982,0.5186988786224982,1,0
rolling5_quarterly20,3125,2023-12-08,2023-12-18,-0.0144639658974852,2023,2023-09-30,learned_vol_interaction,20260911,0.3722375329533558,0.3722375329533558,0,0
rolling5_quarterly20,3130,2023-12-15,2023-12-25,0.0003424256350643,2023,2023-09-30,learned_vol_interaction,20260911,0.35798968809408943,0.35798968809408943,0,1
rolling5_quarterly20,3135,2023-12-22,2024-01-02,0.0288079559683274,2023,2023-09-30,learned_vol_interaction,20260911,0.4395592033352707,0.4395592033352707,0,1
rolling5_quarterly20,3140,2023-12-29,2024-01-08,-0.0302544749829989,2023,2023-09-30,learned_vol_interaction,20260911,0.5263297213213495,0.5263297213213495,1,0
rolling5_quarterly20,3085,2023-10-13,2023-10-23,-0.0447156690429144,2023,2023-09-30,learned_order_extension,20260911,0.47158427719366525,0.47158427719366525,0,0
rolling5_quarterly20,3090,2023-10-20,2023-10-30,0.0154019770298841,2023,2023-09-30,learned_order_extension,20260911,0.6238123345198376,0.6238123345198376,1,1
rolling5_quarterly20,3095,2023-10-27,2023-11-06,0.0152527637017425,2023,2023-09-30,learned_order_extension,20260911,0.5344313409133935,0.5344313409133935,1,1
rolling5_quarterly20,3100,2023-11-03,2023-11-13,-0.0039935482440582,2023,2023-09-30,learned_order_extension,20260911,0.6279108199851617,0.6279108199851617,1,0
rolling5_quarterly20,3105,2023-11-10,2023-11-20,-0.0067280482816765,2023,2023-09-30,learned_order_extension,20260911,0.48586323099952816,0.48586323099952816,0,0
rolling5_quarterly20,3110,2023-11-17,2023-11-27,-0.0098859017348651,2023,2023-09-30,learned_order_extension,20260911,0.33073900519334853,0.33073900519334853,0,0
rolling5_quarterly20,3115,2023-11-24,2023-12-04,-0.0151084754586299,2023,2023-09-30,learned_order_extension,20260911,0.5089465356066584,0.5089465356066584,1,0
rolling5_quarterly20,3120,2023-12-01,2023-12-11,-0.0295859857973478,2023,2023-09-30,learned_order_extension,20260911,0.5162400037588725,0.5162400037588725,1,0
rolling5_quarterly20,3125,2023-12-08,2023-12-18,-0.0144639658974852,2023,2023-09-30,learned_order_extension,20260911,0.36278527016719303,0.36278527016719303,0,0
rolling5_quarterly20,3130,2023-12-15,2023-12-25,0.0003424256350643,2023,2023-09-30,learned_order_extension,20260911,0.3776483753214441,0.3776483753214441,0,1
rolling5_quarterly20,3135,2023-12-22,2024-01-02,0.0288079559683274,2023,2023-09-30,learned_order_extension,20260911,0.4611653024926148,0.4611653024926148,0,1
rolling5_quarterly20,3140,2023-12-29,2024-01-08,-0.0302544749829989,2023,2023-09-30,learned_order_extension,20260911,0.5445362358383158,0.5445362358383158,1,0
rolling5_quarterly20,3085,2023-10-13,2023-10-23,-0.0447156690429144,2023,2023-09-30,learned_order_offset,20260911,0.47263654898941226,0.47263654898941226,0,0
rolling5_quarterly20,3090,2023-10-20,2023-10-30,0.0154019770298841,2023,2023-09-30,learned_order_offset,20260911,0.6224417815113356,0.6224417815113356,1,1
rolling5_quarterly20,3095,2023-10-27,2023-11-06,0.0152527637017425,2023,2023-09-30,learned_order_offset,20260911,0.5329023119348223,0.5329023119348223,1,1
rolling5_quarterly20,3100,2023-11-03,2023-11-13,-0.0039935482440582,2023,2023-09-30,learned_order_offset,20260911,0.6258975415485999,0.6258975415485999,1,0
rolling5_quarterly20,3105,2023-11-10,2023-11-20,-0.0067280482816765,2023,2023-09-30,learned_order_offset,20260911,0.4870358027181054,0.4870358027181054,0,0
rolling5_quarterly20,3110,2023-11-17,2023-11-27,-0.0098859017348651,2023,2023-09-30,learned_order_offset,20260911,0.3337406151879388,0.3337406151879388,0,0
rolling5_quarterly20,3115,2023-11-24,2023-12-04,-0.0151084754586299,2023,2023-09-30,learned_order_offset,20260911,0.5085595673722819,0.5085595673722819,1,0
rolling5_quarterly20,3120,2023-12-01,2023-12-11,-0.0295859857973478,2023,2023-09-30,learned_order_offset,20260911,0.5139655707636979,0.5139655707636979,1,0
rolling5_quarterly20,3125,2023-12-08,2023-12-18,-0.0144639658974852,2023,2023-09-30,learned_order_offset,20260911,0.363915839341684,0.363915839341684,0,0
rolling5_quarterly20,3130,2023-12-15,2023-12-25,0.0003424256350643,2023,2023-09-30,learned_order_offset,20260911,0.37929196775230145,0.37929196775230145,0,1
rolling5_quarterly20,3135,2023-12-22,2024-01-02,0.0288079559683274,2023,2023-09-30,learned_order_offset,20260911,0.46155103729236746,0.46155103729236746,0,1
rolling5_quarterly20,3140,2023-12-29,2024-01-08,-0.0302544749829989,2023,2023-09-30,learned_order_offset,20260911,0.5458581108526647,0.5458581108526647,1,0
rolling5_quarterly20,3085,2023-10-13,2023-10-23,-0.0447156690429144,2023,2023-09-30,native_mse,20260911,0.0013842234729912575,,1,0
rolling5_quarterly20,3090,2023-10-20,2023-10-30,0.0154019770298841,2023,2023-09-30,native_mse,20260911,0.0046799705514883345,,1,1
rolling5_quarterly20,3095,2023-10-27,2023-11-06,0.0152527637017425,2023,2023-09-30,native_mse,20260911,0.004027834509946787,,1,1
rolling5_quarterly20,3100,2023-11-03,2023-11-13,-0.0039935482440582,2023,2023-09-30,native_mse,20260911,0.006310229185618544,,1,0
rolling5_quarterly20,3105,2023-11-10,2023-11-20,-0.0067280482816765,2023,2023-09-30,native_mse,20260911,0.001295590025087878,,1,0
rolling5_quarterly20,3110,2023-11-17,2023-11-27,-0.0098859017348651,2023,2023-09-30,native_mse,20260911,-0.00399184847875551,,0,0
rolling5_quarterly20,3115,2023-11-24,2023-12-04,-0.0151084754586299,2023,2023-09-30,native_mse,20260911,-0.0020942049645986333,,0,0
rolling5_quarterly20,3120,2023-12-01,2023-12-11,-0.0295859857973478,2023,2023-09-30,native_mse,20260911,-0.0007956496868436606,,0,0
rolling5_quarterly20,3125,2023-12-08,2023-12-18,-0.0144639658974852,2023,2023-09-30,native_mse,20260911,-0.002656717659528187,,0,0
rolling5_quarterly20,3130,2023-12-15,2023-12-25,0.0003424256350643,2023,2023-09-30,native_mse,20260911,-0.0032293413290901273,,0,1
rolling5_quarterly20,3135,2023-12-22,2024-01-02,0.0288079559683274,2023,2023-09-30,native_mse,20260911,-0.002542363263844138,,0,1
rolling5_quarterly20,3140,2023-12-29,2024-01-08,-0.0302544749829989,2023,2023-09-30,native_mse,20260911,-8.304004111591096e-05,,0,0
rolling5_quarterly20,3085,2023-10-13,2023-10-23,-0.0447156690429144,2023,2023-09-30,learned_market,20260912,0.41038897471704766,0.41038897471704766,0,0
rolling5_quarterly20,3090,2023-10-20,2023-10-30,0.0154019770298841,2023,2023-09-30,learned_market,20260912,0.679291460748571,0.679291460748571,1,1
rolling5_quarterly20,3095,2023-10-27,2023-11-06,0.0152527637017425,2023,2023-09-30,learned_market,20260912,0.656711039157915,0.656711039157915,1,1
rolling5_quarterly20,3100,2023-11-03,2023-11-13,-0.0039935482440582,2023,2023-09-30,learned_market,20260912,0.6515426206207262,0.6515426206207262,1,0
rolling5_quarterly20,3105,2023-11-10,2023-11-20,-0.0067280482816765,2023,2023-09-30,learned_market,20260912,0.6753406461199734,0.6753406461199734,1,0
rolling5_quarterly20,3110,2023-11-17,2023-11-27,-0.0098859017348651,2023,2023-09-30,learned_market,20260912,0.5788589221471837,0.5788589221471837,1,0
rolling5_quarterly20,3115,2023-11-24,2023-12-04,-0.0151084754586299,2023,2023-09-30,learned_market,20260912,0.4541934287564175,0.4541934287564175,0,0
rolling5_quarterly20,3120,2023-12-01,2023-12-11,-0.0295859857973478,2023,2023-09-30,learned_market,20260912,0.5224003694829998,0.5224003694829998,1,0
rolling5_quarterly20,3125,2023-12-08,2023-12-18,-0.0144639658974852,2023,2023-09-30,learned_market,20260912,0.5601458485045411,0.5601458485045411,1,0
rolling5_quarterly20,3130,2023-12-15,2023-12-25,0.0003424256350643,2023,2023-09-30,learned_market,20260912,0.6462090253427485,0.6462090253427485,1,1
rolling5_quarterly20,3135,2023-12-22,2024-01-02,0.0288079559683274,2023,2023-09-30,learned_market,20260912,0.5568260984604853,0.5568260984604853,1,1
rolling5_quarterly20,3140,2023-12-29,2024-01-08,-0.0302544749829989,2023,2023-09-30,learned_market,20260912,0.3955539064446914,0.3955539064446914,0,0
rolling5_quarterly20,3085,2023-10-13,2023-10-23,-0.0447156690429144,2023,2023-09-30,learned_vol_interaction,20260912,0.40742698847280767,0.40742698847280767,0,0
rolling5_quarterly20,3090,2023-10-20,2023-10-30,0.0154019770298841,2023,2023-09-30,learned_vol_interaction,20260912,0.6835621068094718,0.6835621068094718,1,1
rolling5_quarterly20,3095,2023-10-27,2023-11-06,0.0152527637017425,2023,2023-09-30,learned_vol_interaction,20260912,0.6615579342445417,0.6615579342445417,1,1
rolling5_quarterly20,3100,2023-11-03,2023-11-13,-0.0039935482440582,2023,2023-09-30,learned_vol_interaction,20260912,0.6562727549174884,0.6562727549174884,1,0
rolling5_quarterly20,3105,2023-11-10,2023-11-20,-0.0067280482816765,2023,2023-09-30,learned_vol_interaction,20260912,0.6804240385518601,0.6804240385518601,1,0
rolling5_quarterly20,3110,2023-11-17,2023-11-27,-0.0098859017348651,2023,2023-09-30,learned_vol_interaction,20260912,0.5815131948008795,0.5815131948008795,1,0
rolling5_quarterly20,3115,2023-11-24,2023-12-04,-0.0151084754586299,2023,2023-09-30,learned_vol_interaction,20260912,0.45303651997363703,0.45303651997363703,0,0
rolling5_quarterly20,3120,2023-12-01,2023-12-11,-0.0295859857973478,2023,2023-09-30,learned_vol_interaction,20260912,0.5235997082650378,0.5235997082650378,1,0
rolling5_quarterly20,3125,2023-12-08,2023-12-18,-0.0144639658974852,2023,2023-09-30,learned_vol_interaction,20260912,0.562865734141371,0.562865734141371,1,0
rolling5_quarterly20,3130,2023-12-15,2023-12-25,0.0003424256350643,2023,2023-09-30,learned_vol_interaction,20260912,0.6517409888508875,0.6517409888508875,1,1
rolling5_quarterly20,3135,2023-12-22,2024-01-02,0.0288079559683274,2023,2023-09-30,learned_vol_interaction,20260912,0.5599206868612561,0.5599206868612561,1,1
rolling5_quarterly20,3140,2023-12-29,2024-01-08,-0.0302544749829989,2023,2023-09-30,learned_vol_interaction,20260912,0.3945840432752154,0.3945840432752154,0,0
rolling5_quarterly20,3085,2023-10-13,2023-10-23,-0.0447156690429144,2023,2023-09-30,learned_order_extension,20260912,0.41966535867345706,0.41966535867345706,0,0
rolling5_quarterly20,3090,2023-10-20,2023-10-30,0.0154019770298841,2023,2023-09-30,learned_order_extension,20260912,0.7000946927100931,0.7000946927100931,1,1
rolling5_quarterly20,3095,2023-10-27,2023-11-06,0.0152527637017425,2023,2023-09-30,learned_order_extension,20260912,0.6424109532378793,0.6424109532378793,1,1
rolling5_quarterly20,3100,2023-11-03,2023-11-13,-0.0039935482440582,2023,2023-09-30,learned_order_extension,20260912,0.6395509954021994,0.6395509954021994,1,0
rolling5_quarterly20,3105,2023-11-10,2023-11-20,-0.0067280482816765,2023,2023-09-30,learned_order_extension,20260912,0.6702519770532039,0.6702519770532039,1,0
rolling5_quarterly20,3110,2023-11-17,2023-11-27,-0.0098859017348651,2023,2023-09-30,learned_order_extension,20260912,0.5773354678871788,0.5773354678871788,1,0
rolling5_quarterly20,3115,2023-11-24,2023-12-04,-0.0151084754586299,2023,2023-09-30,learned_order_extension,20260912,0.46212534350141016,0.46212534350141016,0,0
rolling5_quarterly20,3120,2023-12-01,2023-12-11,-0.0295859857973478,2023,2023-09-30,learned_order_extension,20260912,0.5329028654214156,0.5329028654214156,1,0
rolling5_quarterly20,3125,2023-12-08,2023-12-18,-0.0144639658974852,2023,2023-09-30,learned_order_extension,20260912,0.572902105206992,0.572902105206992,1,0
rolling5_quarterly20,3130,2023-12-15,2023-12-25,0.0003424256350643,2023,2023-09-30,learned_order_extension,20260912,0.6522535909502305,0.6522535909502305,1,1
rolling5_quarterly20,3135,2023-12-22,2024-01-02,0.0288079559683274,2023,2023-09-30,learned_order_extension,20260912,0.5508473523738235,0.5508473523738235,1,1
rolling5_quarterly20,3140,2023-12-29,2024-01-08,-0.0302544749829989,2023,2023-09-30,learned_order_extension,20260912,0.42017235557998717,0.42017235557998717,0,0
rolling5_quarterly20,3085,2023-10-13,2023-10-23,-0.0447156690429144,2023,2023-09-30,learned_order_offset,20260912,0.4229466155832559,0.4229466155832559,0,0
rolling5_quarterly20,3090,2023-10-20,2023-10-30,0.0154019770298841,2023,2023-09-30,learned_order_offset,20260912,0.6984449021546293,0.6984449021546293,1,1
rolling5_quarterly20,3095,2023-10-27,2023-11-06,0.0152527637017425,2023,2023-09-30,learned_order_offset,20260912,0.641282480549226,0.641282480549226,1,1
rolling5_quarterly20,3100,2023-11-03,2023-11-13,-0.0039935482440582,2023,2023-09-30,learned_order_offset,20260912,0.6370496700266265,0.6370496700266265,1,0
rolling5_quarterly20,3105,2023-11-10,2023-11-20,-0.0067280482816765,2023,2023-09-30,learned_order_offset,20260912,0.6690240540855824,0.6690240540855824,1,0
rolling5_quarterly20,3110,2023-11-17,2023-11-27,-0.0098859017348651,2023,2023-09-30,learned_order_offset,20260912,0.5780152775707134,0.5780152775707134,1,0
rolling5_quarterly20,3115,2023-11-24,2023-12-04,-0.0151084754586299,2023,2023-09-30,learned_order_offset,20260912,0.46469650002408297,0.46469650002408297,0,0
rolling5_quarterly20,3120,2023-12-01,2023-12-11,-0.0295859857973478,2023,2023-09-30,learned_order_offset,20260912,0.5340968532038188,0.5340968532038188,1,0
rolling5_quarterly20,3125,2023-12-08,2023-12-18,-0.0144639658974852,2023,2023-09-30,learned_order_offset,20260912,0.5729648704229251,0.5729648704229251,1,0
rolling5_quarterly20,3130,2023-12-15,2023-12-25,0.0003424256350643,2023,2023-09-30,learned_order_offset,20260912,0.6502304104044417,0.6502304104044417,1,1
rolling5_quarterly20,3135,2023-12-22,2024-01-02,0.0288079559683274,2023,2023-09-30,learned_order_offset,20260912,0.5493503765988045,0.5493503765988045,1,1
rolling5_quarterly20,3140,2023-12-29,2024-01-08,-0.0302544749829989,2023,2023-09-30,learned_order_offset,20260912,0.4208971008088554,0.4208971008088554,0,0
rolling5_quarterly20,3085,2023-10-13,2023-10-23,-0.0447156690429144,2023,2023-09-30,native_mse,20260912,0.0010359634476132186,,1,0
rolling5_quarterly20,3090,2023-10-20,2023-10-30,0.0154019770298841,2023,2023-09-30,native_mse,20260912,0.001154967852473527,,1,1
rolling5_quarterly20,3095,2023-10-27,2023-11-06,0.0152527637017425,2023,2023-09-30,native_mse,20260912,0.0012296747317640914,,1,1
rolling5_quarterly20,3100,2023-11-03,2023-11-13,-0.0039935482440582,2023,2023-09-30,native_mse,20260912,0.0012340097731694283,,1,0
rolling5_quarterly20,3105,2023-11-10,2023-11-20,-0.0067280482816765,2023,2023-09-30,native_mse,20260912,0.0012610941178146464,,1,0
rolling5_quarterly20,3110,2023-11-17,2023-11-27,-0.0098859017348651,2023,2023-09-30,native_mse,20260912,0.0012295305750368685,,1,0
rolling5_quarterly20,3115,2023-11-24,2023-12-04,-0.0151084754586299,2023,2023-09-30,native_mse,20260912,0.0011458334493915153,,1,0
rolling5_quarterly20,3120,2023-12-01,2023-12-11,-0.0295859857973478,2023,2023-09-30,native_mse,20260912,0.001221581769460762,,1,0
rolling5_quarterly20,3125,2023-12-08,2023-12-18,-0.0144639658974852,2023,2023-09-30,native_mse,20260912,0.0012691088317736984,,1,0
rolling5_quarterly20,3130,2023-12-15,2023-12-25,0.0003424256350643,2023,2023-09-30,native_mse,20260912,0.0013168751594421443,,1,1
rolling5_quarterly20,3135,2023-12-22,2024-01-02,0.0288079559683274,2023,2023-09-30,native_mse,20260912,0.001216920485456675,,1,1
rolling5_quarterly20,3140,2023-12-29,2024-01-08,-0.0302544749829989,2023,2023-09-30,native_mse,20260912,0.0010908157707614431,,1,0
rolling5_quarterly20,3144,2024-01-05,2024-01-15,-0.0158038409563566,2024,2023-12-31,learned_market,20260910,0.37911601118731636,0.37911601118731636,0,0
rolling5_quarterly20,3149,2024-01-12,2024-01-22,-0.002333261979756,2024,2023-12-31,learned_market,20260910,0.4589111880907024,0.4589111880907024,0,0
rolling5_quarterly20,3154,2024-01-19,2024-01-29,0.0223511633823452,2024,2023-12-31,learned_market,20260910,0.41956122213307734,0.41956122213307734,0,1
rolling5_quarterly20,3159,2024-01-26,2024-02-05,-0.0513103415192826,2024,2023-12-31,learned_market,20260910,0.4467918935376125,0.4467918935376125,0,0
rolling5_quarterly20,3164,2024-02-02,2024-02-26,0.1015374891364462,2024,2023-12-31,learned_market,20260910,0.6470923056808707,0.6470923056808707,1,1
rolling5_quarterly20,3173,2024-02-23,2024-03-04,0.0151569053862528,2024,2023-12-31,learned_market,20260910,0.6974540268702009,0.6974540268702009,1,1
rolling5_quarterly20,3178,2024-03-01,2024-03-11,0.0021394031715169,2024,2023-12-31,learned_market,20260910,0.6539310685581109,0.6539310685581109,1,1
rolling5_quarterly20,3183,2024-03-08,2024-03-18,0.0087762342284414,2024,2023-12-31,learned_market,20260910,0.651636534380962,0.651636534380962,1,1
rolling5_quarterly20,3188,2024-03-15,2024-03-25,-0.0112802133595746,2024,2023-12-31,learned_market,20260910,0.6184866579610433,0.6184866579610433,1,0
rolling5_quarterly20,3193,2024-03-22,2024-04-01,0.0042044725182444,2024,2023-12-31,learned_market,20260910,0.49537529534083324,0.49537529534083324,0,1
rolling5_quarterly20,3198,2024-03-29,2024-04-15,-0.0219845815102011,2024,2023-12-31,learned_market,20260910,0.4469684467331579,0.4469684467331579,0,0
rolling5_quarterly20,3144,2024-01-05,2024-01-15,-0.0158038409563566,2024,2023-12-31,learned_vol_interaction,20260910,0.375948748112503,0.375948748112503,0,0
rolling5_quarterly20,3149,2024-01-12,2024-01-22,-0.002333261979756,2024,2023-12-31,learned_vol_interaction,20260910,0.4653387886294592,0.4653387886294592,0,0
rolling5_quarterly20,3154,2024-01-19,2024-01-29,0.0223511633823452,2024,2023-12-31,learned_vol_interaction,20260910,0.409541362332266,0.409541362332266,0,1
rolling5_quarterly20,3159,2024-01-26,2024-02-05,-0.0513103415192826,2024,2023-12-31,learned_vol_interaction,20260910,0.4427031623961251,0.4427031623961251,0,0
rolling5_quarterly20,3164,2024-02-02,2024-02-26,0.1015374891364462,2024,2023-12-31,learned_vol_interaction,20260910,0.6537066574488869,0.6537066574488869,1,1
rolling5_quarterly20,3173,2024-02-23,2024-03-04,0.0151569053862528,2024,2023-12-31,learned_vol_interaction,20260910,0.689311779469667,0.689311779469667,1,1
rolling5_quarterly20,3178,2024-03-01,2024-03-11,0.0021394031715169,2024,2023-12-31,learned_vol_interaction,20260910,0.6480049647794901,0.6480049647794901,1,1
rolling5_quarterly20,3183,2024-03-08,2024-03-18,0.0087762342284414,2024,2023-12-31,learned_vol_interaction,20260910,0.6491293260006892,0.6491293260006892,1,1
rolling5_quarterly20,3188,2024-03-15,2024-03-25,-0.0112802133595746,2024,2023-12-31,learned_vol_interaction,20260910,0.6390487602979349,0.6390487602979349,1,0
rolling5_quarterly20,3193,2024-03-22,2024-04-01,0.0042044725182444,2024,2023-12-31,learned_vol_interaction,20260910,0.502579297882782,0.502579297882782,1,1
rolling5_quarterly20,3198,2024-03-29,2024-04-15,-0.0219845815102011,2024,2023-12-31,learned_vol_interaction,20260910,0.4621147966680959,0.4621147966680959,0,0
rolling5_quarterly20,3144,2024-01-05,2024-01-15,-0.0158038409563566,2024,2023-12-31,learned_order_extension,20260910,0.4019000383386628,0.4019000383386628,0,0
rolling5_quarterly20,3149,2024-01-12,2024-01-22,-0.002333261979756,2024,2023-12-31,learned_order_extension,20260910,0.4536929976964038,0.4536929976964038,0,0
rolling5_quarterly20,3154,2024-01-19,2024-01-29,0.0223511633823452,2024,2023-12-31,learned_order_extension,20260910,0.4065097447533653,0.4065097447533653,0,1
rolling5_quarterly20,3159,2024-01-26,2024-02-05,-0.0513103415192826,2024,2023-12-31,learned_order_extension,20260910,0.4181108069924978,0.4181108069924978,0,0
rolling5_quarterly20,3164,2024-02-02,2024-02-26,0.1015374891364462,2024,2023-12-31,learned_order_extension,20260910,0.6639940867614434,0.6639940867614434,1,1
rolling5_quarterly20,3173,2024-02-23,2024-03-04,0.0151569053862528,2024,2023-12-31,learned_order_extension,20260910,0.6509742827223437,0.6509742827223437,1,1
rolling5_quarterly20,3178,2024-03-01,2024-03-11,0.0021394031715169,2024,2023-12-31,learned_order_extension,20260910,0.596427953854031,0.596427953854031,1,1
rolling5_quarterly20,3183,2024-03-08,2024-03-18,0.0087762342284414,2024,2023-12-31,learned_order_extension,20260910,0.5823638998065179,0.5823638998065179,1,1
rolling5_quarterly20,3188,2024-03-15,2024-03-25,-0.0112802133595746,2024,2023-12-31,learned_order_extension,20260910,0.5649258035498114,0.5649258035498114,1,0
rolling5_quarterly20,3193,2024-03-22,2024-04-01,0.0042044725182444,2024,2023-12-31,learned_order_extension,20260910,0.4756478826315535,0.4756478826315535,0,1
rolling5_quarterly20,3198,2024-03-29,2024-04-15,-0.0219845815102011,2024,2023-12-31,learned_order_extension,20260910,0.44826023295447676,0.44826023295447676,0,0
rolling5_quarterly20,3144,2024-01-05,2024-01-15,-0.0158038409563566,2024,2023-12-31,learned_order_offset,20260910,0.40294607271257427,0.40294607271257427,0,0
rolling5_quarterly20,3149,2024-01-12,2024-01-22,-0.002333261979756,2024,2023-12-31,learned_order_offset,20260910,0.45320010017286466,0.45320010017286466,0,0
rolling5_quarterly20,3154,2024-01-19,2024-01-29,0.0223511633823452,2024,2023-12-31,learned_order_offset,20260910,0.40698948981731453,0.40698948981731453,0,1
rolling5_quarterly20,3159,2024-01-26,2024-02-05,-0.0513103415192826,2024,2023-12-31,learned_order_offset,20260910,0.4180998926398431,0.4180998926398431,0,0
rolling5_quarterly20,3164,2024-02-02,2024-02-26,0.1015374891364462,2024,2023-12-31,learned_order_offset,20260910,0.662467427882048,0.662467427882048,1,1
rolling5_quarterly20,3173,2024-02-23,2024-03-04,0.0151569053862528,2024,2023-12-31,learned_order_offset,20260910,0.6495192030104356,0.6495192030104356,1,1
rolling5_quarterly20,3178,2024-03-01,2024-03-11,0.0021394031715169,2024,2023-12-31,learned_order_offset,20260910,0.5953483627631191,0.5953483627631191,1,1
rolling5_quarterly20,3183,2024-03-08,2024-03-18,0.0087762342284414,2024,2023-12-31,learned_order_offset,20260910,0.5813453143574694,0.5813453143574694,1,1
rolling5_quarterly20,3188,2024-03-15,2024-03-25,-0.0112802133595746,2024,2023-12-31,learned_order_offset,20260910,0.5629285714576356,0.5629285714576356,1,0
rolling5_quarterly20,3193,2024-03-22,2024-04-01,0.0042044725182444,2024,2023-12-31,learned_order_offset,20260910,0.4746800194029474,0.4746800194029474,0,1
rolling5_quarterly20,3198,2024-03-29,2024-04-15,-0.0219845815102011,2024,2023-12-31,learned_order_offset,20260910,0.4474975970181041,0.4474975970181041,0,0
rolling5_quarterly20,3144,2024-01-05,2024-01-15,-0.0158038409563566,2024,2023-12-31,native_mse,20260910,0.000251131835275678,,1,0
rolling5_quarterly20,3149,2024-01-12,2024-01-22,-0.002333261979756,2024,2023-12-31,native_mse,20260910,0.0007362057214049004,,1,0
rolling5_quarterly20,3154,2024-01-19,2024-01-29,0.0223511633823452,2024,2023-12-31,native_mse,20260910,-0.00023540604600351487,,0,1
rolling5_quarterly20,3159,2024-01-26,2024-02-05,-0.0513103415192826,2024,2023-12-31,native_mse,20260910,-0.001531436704987099,,0,0
rolling5_quarterly20,3164,2024-02-02,2024-02-26,0.1015374891364462,2024,2023-12-31,native_mse,20260910,0.004796229141878599,,1,1
rolling5_quarterly20,3173,2024-02-23,2024-03-04,0.0151569053862528,2024,2023-12-31,native_mse,20260910,0.005981439448417525,,1,1
rolling5_quarterly20,3178,2024-03-01,2024-03-11,0.0021394031715169,2024,2023-12-31,native_mse,20260910,0.002923079585146593,,1,1
rolling5_quarterly20,3183,2024-03-08,2024-03-18,0.0087762342284414,2024,2023-12-31,native_mse,20260910,0.004534858645957669,,1,1
rolling5_quarterly20,3188,2024-03-15,2024-03-25,-0.0112802133595746,2024,2023-12-31,native_mse,20260910,0.004141952477981538,,1,0
rolling5_quarterly20,3193,2024-03-22,2024-04-01,0.0042044725182444,2024,2023-12-31,native_mse,20260910,0.0018727898596620025,,1,1
rolling5_quarterly20,3198,2024-03-29,2024-04-15,-0.0219845815102011,2024,2023-12-31,native_mse,20260910,0.0003645787473085561,,1,0
rolling5_quarterly20,3144,2024-01-05,2024-01-15,-0.0158038409563566,2024,2023-12-31,training_frequency,-1,0.5024834437086093,0.5024834437086093,1,0
rolling5_quarterly20,3149,2024-01-12,2024-01-22,-0.002333261979756,2024,2023-12-31,training_frequency,-1,0.5024834437086093,0.5024834437086093,1,0
rolling5_quarterly20,3154,2024-01-19,2024-01-29,0.0223511633823452,2024,2023-12-31,training_frequency,-1,0.5024834437086093,0.5024834437086093,1,1
rolling5_quarterly20,3159,2024-01-26,2024-02-05,-0.0513103415192826,2024,2023-12-31,training_frequency,-1,0.5024834437086093,0.5024834437086093,1,0
rolling5_quarterly20,3164,2024-02-02,2024-02-26,0.1015374891364462,2024,2023-12-31,training_frequency,-1,0.5024834437086093,0.5024834437086093,1,1
rolling5_quarterly20,3173,2024-02-23,2024-03-04,0.0151569053862528,2024,2023-12-31,training_frequency,-1,0.5024834437086093,0.5024834437086093,1,1
rolling5_quarterly20,3178,2024-03-01,2024-03-11,0.0021394031715169,2024,2023-12-31,training_frequency,-1,0.5024834437086093,0.5024834437086093,1,1
rolling5_quarterly20,3183,2024-03-08,2024-03-18,0.0087762342284414,2024,2023-12-31,training_frequency,-1,0.5024834437086093,0.5024834437086093,1,1
rolling5_quarterly20,3188,2024-03-15,2024-03-25,-0.0112802133595746,2024,2023-12-31,training_frequency,-1,0.5024834437086093,0.5024834437086093,1,0
rolling5_quarterly20,3193,2024-03-22,2024-04-01,0.0042044725182444,2024,2023-12-31,training_frequency,-1,0.5024834437086093,0.5024834437086093,1,1
rolling5_quarterly20,3198,2024-03-29,2024-04-15,-0.0219845815102011,2024,2023-12-31,training_frequency,-1,0.5024834437086093,0.5024834437086093,1,0
rolling5_quarterly20,3144,2024-01-05,2024-01-15,-0.0158038409563566,2024,2023-12-31,learned_market,20260911,0.5054381986976906,0.5054381986976906,1,0
rolling5_quarterly20,3149,2024-01-12,2024-01-22,-0.002333261979756,2024,2023-12-31,learned_market,20260911,0.5344404908323787,0.5344404908323787,1,0
rolling5_quarterly20,3154,2024-01-19,2024-01-29,0.0223511633823452,2024,2023-12-31,learned_market,20260911,0.6056082203678326,0.6056082203678326,1,1
rolling5_quarterly20,3159,2024-01-26,2024-02-05,-0.0513103415192826,2024,2023-12-31,learned_market,20260911,0.536236284491504,0.536236284491504,1,0
rolling5_quarterly20,3164,2024-02-02,2024-02-26,0.1015374891364462,2024,2023-12-31,learned_market,20260911,0.5342416496354764,0.5342416496354764,1,1
rolling5_quarterly20,3173,2024-02-23,2024-03-04,0.0151569053862528,2024,2023-12-31,learned_market,20260911,0.636064859077555,0.636064859077555,1,1
rolling5_quarterly20,3178,2024-03-01,2024-03-11,0.0021394031715169,2024,2023-12-31,learned_market,20260911,0.5744958412225454,0.5744958412225454,1,1
rolling5_quarterly20,3183,2024-03-08,2024-03-18,0.0087762342284414,2024,2023-12-31,learned_market,20260911,0.6235376359173743,0.6235376359173743,1,1
rolling5_quarterly20,3188,2024-03-15,2024-03-25,-0.0112802133595746,2024,2023-12-31,learned_market,20260911,0.5250838960153138,0.5250838960153138,1,0
rolling5_quarterly20,3193,2024-03-22,2024-04-01,0.0042044725182444,2024,2023-12-31,learned_market,20260911,0.5710939352608271,0.5710939352608271,1,1
rolling5_quarterly20,3198,2024-03-29,2024-04-15,-0.0219845815102011,2024,2023-12-31,learned_market,20260911,0.3834197760468657,0.3834197760468657,0,0
rolling5_quarterly20,3144,2024-01-05,2024-01-15,-0.0158038409563566,2024,2023-12-31,learned_vol_interaction,20260911,0.5055907048902185,0.5055907048902185,1,0
rolling5_quarterly20,3149,2024-01-12,2024-01-22,-0.002333261979756,2024,2023-12-31,learned_vol_interaction,20260911,0.5345697430715253,0.5345697430715253,1,0
rolling5_quarterly20,3154,2024-01-19,2024-01-29,0.0223511633823452,2024,2023-12-31,learned_vol_interaction,20260911,0.6057144516952688,0.6057144516952688,1,1
rolling5_quarterly20,3159,2024-01-26,2024-02-05,-0.0513103415192826,2024,2023-12-31,learned_vol_interaction,20260911,0.5360497014286747,0.5360497014286747,1,0
rolling5_quarterly20,3164,2024-02-02,2024-02-26,0.1015374891364462,2024,2023-12-31,learned_vol_interaction,20260911,0.5340699292580867,0.5340699292580867,1,1
rolling5_quarterly20,3173,2024-02-23,2024-03-04,0.0151569053862528,2024,2023-12-31,learned_vol_interaction,20260911,0.635598842460853,0.635598842460853,1,1
rolling5_quarterly20,3178,2024-03-01,2024-03-11,0.0021394031715169,2024,2023-12-31,learned_vol_interaction,20260911,0.5740233508322927,0.5740233508322927,1,1
rolling5_quarterly20,3183,2024-03-08,2024-03-18,0.0087762342284414,2024,2023-12-31,learned_vol_interaction,20260911,0.6228491427098055,0.6228491427098055,1,1
rolling5_quarterly20,3188,2024-03-15,2024-03-25,-0.0112802133595746,2024,2023-12-31,learned_vol_interaction,20260911,0.5244855050624243,0.5244855050624243,1,0
rolling5_quarterly20,3193,2024-03-22,2024-04-01,0.0042044725182444,2024,2023-12-31,learned_vol_interaction,20260911,0.5705279783235351,0.5705279783235351,1,1
rolling5_quarterly20,3198,2024-03-29,2024-04-15,-0.0219845815102011,2024,2023-12-31,learned_vol_interaction,20260911,0.38271605688876176,0.38271605688876176,0,0
rolling5_quarterly20,3144,2024-01-05,2024-01-15,-0.0158038409563566,2024,2023-12-31,learned_order_extension,20260911,0.5046246382575834,0.5046246382575834,1,0
rolling5_quarterly20,3149,2024-01-12,2024-01-22,-0.002333261979756,2024,2023-12-31,learned_order_extension,20260911,0.5273727883107168,0.5273727883107168,1,0
rolling5_quarterly20,3154,2024-01-19,2024-01-29,0.0223511633823452,2024,2023-12-31,learned_order_extension,20260911,0.6361976645125996,0.6361976645125996,1,1
rolling5_quarterly20,3159,2024-01-26,2024-02-05,-0.0513103415192826,2024,2023-12-31,learned_order_extension,20260911,0.5444608640891567,0.5444608640891567,1,0
rolling5_quarterly20,3164,2024-02-02,2024-02-26,0.1015374891364462,2024,2023-12-31,learned_order_extension,20260911,0.545031438848448,0.545031438848448,1,1
rolling5_quarterly20,3173,2024-02-23,2024-03-04,0.0151569053862528,2024,2023-12-31,learned_order_extension,20260911,0.6125199424254827,0.6125199424254827,1,1
rolling5_quarterly20,3178,2024-03-01,2024-03-11,0.0021394031715169,2024,2023-12-31,learned_order_extension,20260911,0.5496769035930799,0.5496769035930799,1,1
rolling5_quarterly20,3183,2024-03-08,2024-03-18,0.0087762342284414,2024,2023-12-31,learned_order_extension,20260911,0.5653384521782018,0.5653384521782018,1,1
rolling5_quarterly20,3188,2024-03-15,2024-03-25,-0.0112802133595746,2024,2023-12-31,learned_order_extension,20260911,0.4741066250462846,0.4741066250462846,0,0
rolling5_quarterly20,3193,2024-03-22,2024-04-01,0.0042044725182444,2024,2023-12-31,learned_order_extension,20260911,0.5034201205076809,0.5034201205076809,1,1
rolling5_quarterly20,3198,2024-03-29,2024-04-15,-0.0219845815102011,2024,2023-12-31,learned_order_extension,20260911,0.3647496103237538,0.3647496103237538,0,0
rolling5_quarterly20,3144,2024-01-05,2024-01-15,-0.0158038409563566,2024,2023-12-31,learned_order_offset,20260911,0.5039028855862143,0.5039028855862143,1,0
rolling5_quarterly20,3149,2024-01-12,2024-01-22,-0.002333261979756,2024,2023-12-31,learned_order_offset,20260911,0.5267036688758374,0.5267036688758374,1,0
rolling5_quarterly20,3154,2024-01-19,2024-01-29,0.0223511633823452,2024,2023-12-31,learned_order_offset,20260911,0.6349472157761124,0.6349472157761124,1,1
rolling5_quarterly20,3159,2024-01-26,2024-02-05,-0.0513103415192826,2024,2023-12-31,learned_order_offset,20260911,0.5443793909861219,0.5443793909861219,1,0
rolling5_quarterly20,3164,2024-02-02,2024-02-26,0.1015374891364462,2024,2023-12-31,learned_order_offset,20260911,0.5451794882867483,0.5451794882867483,1,1
rolling5_quarterly20,3173,2024-02-23,2024-03-04,0.0151569053862528,2024,2023-12-31,learned_order_offset,20260911,0.6109679669122872,0.6109679669122872,1,1
rolling5_quarterly20,3178,2024-03-01,2024-03-11,0.0021394031715169,2024,2023-12-31,learned_order_offset,20260911,0.5481247094966736,0.5481247094966736,1,1
rolling5_quarterly20,3183,2024-03-08,2024-03-18,0.0087762342284414,2024,2023-12-31,learned_order_offset,20260911,0.5633395909983205,0.5633395909983205,1,1
rolling5_quarterly20,3188,2024-03-15,2024-03-25,-0.0112802133595746,2024,2023-12-31,learned_order_offset,20260911,0.47094256842793375,0.47094256842793375,0,0
rolling5_quarterly20,3193,2024-03-22,2024-04-01,0.0042044725182444,2024,2023-12-31,learned_order_offset,20260911,0.4995363819528175,0.4995363819528175,0,1
rolling5_quarterly20,3198,2024-03-29,2024-04-15,-0.0219845815102011,2024,2023-12-31,learned_order_offset,20260911,0.3626011592845029,0.3626011592845029,0,0
rolling5_quarterly20,3144,2024-01-05,2024-01-15,-0.0158038409563566,2024,2023-12-31,native_mse,20260911,0.006524465736805172,,1,0
rolling5_quarterly20,3149,2024-01-12,2024-01-22,-0.002333261979756,2024,2023-12-31,native_mse,20260911,0.008213225375018137,,1,0
rolling5_quarterly20,3154,2024-01-19,2024-01-29,0.0223511633823452,2024,2023-12-31,native_mse,20260911,0.009988969845384454,,1,1
rolling5_quarterly20,3159,2024-01-26,2024-02-05,-0.0513103415192826,2024,2023-12-31,native_mse,20260911,0.007709942184731473,,1,0
rolling5_quarterly20,3164,2024-02-02,2024-02-26,0.1015374891364462,2024,2023-12-31,native_mse,20260911,0.006449485928463916,,1,1
rolling5_quarterly20,3173,2024-02-23,2024-03-04,0.0151569053862528,2024,2023-12-31,native_mse,20260911,0.010256530380527457,,1,1
rolling5_quarterly20,3178,2024-03-01,2024-03-11,0.0021394031715169,2024,2023-12-31,native_mse,20260911,0.00705766649461919,,1,1
rolling5_quarterly20,3183,2024-03-08,2024-03-18,0.0087762342284414,2024,2023-12-31,native_mse,20260911,0.008632918878357794,,1,1
rolling5_quarterly20,3188,2024-03-15,2024-03-25,-0.0112802133595746,2024,2023-12-31,native_mse,20260911,0.004101422624994645,,1,0
rolling5_quarterly20,3193,2024-03-22,2024-04-01,0.0042044725182444,2024,2023-12-31,native_mse,20260911,0.0049895841353934664,,1,1
rolling5_quarterly20,3198,2024-03-29,2024-04-15,-0.0219845815102011,2024,2023-12-31,native_mse,20260911,0.0016010611409444046,,1,0
rolling5_quarterly20,3144,2024-01-05,2024-01-15,-0.0158038409563566,2024,2023-12-31,learned_market,20260912,0.5011992069392154,0.5011992069392154,1,0
rolling5_quarterly20,3149,2024-01-12,2024-01-22,-0.002333261979756,2024,2023-12-31,learned_market,20260912,0.47277699760132935,0.47277699760132935,0,0
rolling5_quarterly20,3154,2024-01-19,2024-01-29,0.0223511633823452,2024,2023-12-31,learned_market,20260912,0.4519385169732587,0.4519385169732587,0,1
rolling5_quarterly20,3159,2024-01-26,2024-02-05,-0.0513103415192826,2024,2023-12-31,learned_market,20260912,0.5136187590656476,0.5136187590656476,1,0
rolling5_quarterly20,3164,2024-02-02,2024-02-26,0.1015374891364462,2024,2023-12-31,learned_market,20260912,0.5626550395617658,0.5626550395617658,1,1
rolling5_quarterly20,3173,2024-02-23,2024-03-04,0.0151569053862528,2024,2023-12-31,learned_market,20260912,0.4999534810647158,0.4999534810647158,0,1
rolling5_quarterly20,3178,2024-03-01,2024-03-11,0.0021394031715169,2024,2023-12-31,learned_market,20260912,0.5749313458355619,0.5749313458355619,1,1
rolling5_quarterly20,3183,2024-03-08,2024-03-18,0.0087762342284414,2024,2023-12-31,learned_market,20260912,0.5879570158742811,0.5879570158742811,1,1
rolling5_quarterly20,3188,2024-03-15,2024-03-25,-0.0112802133595746,2024,2023-12-31,learned_market,20260912,0.48185973058558346,0.48185973058558346,0,0
rolling5_quarterly20,3193,2024-03-22,2024-04-01,0.0042044725182444,2024,2023-12-31,learned_market,20260912,0.5819259306110321,0.5819259306110321,1,1
rolling5_quarterly20,3198,2024-03-29,2024-04-15,-0.0219845815102011,2024,2023-12-31,learned_market,20260912,0.5513216063045803,0.5513216063045803,1,0
rolling5_quarterly20,3144,2024-01-05,2024-01-15,-0.0158038409563566,2024,2023-12-31,learned_vol_interaction,20260912,0.4952442890139834,0.4952442890139834,0,0
rolling5_quarterly20,3149,2024-01-12,2024-01-22,-0.002333261979756,2024,2023-12-31,learned_vol_interaction,20260912,0.46734394081550534,0.46734394081550534,0,0
rolling5_quarterly20,3154,2024-01-19,2024-01-29,0.0223511633823452,2024,2023-12-31,learned_vol_interaction,20260912,0.4458542659590224,0.4458542659590224,0,1
rolling5_quarterly20,3159,2024-01-26,2024-02-05,-0.0513103415192826,2024,2023-12-31,learned_vol_interaction,20260912,0.5051200250772759,0.5051200250772759,1,0
rolling5_quarterly20,3164,2024-02-02,2024-02-26,0.1015374891364462,2024,2023-12-31,learned_vol_interaction,20260912,0.5544379606615297,0.5544379606615297,1,1
rolling5_quarterly20,3173,2024-02-23,2024-03-04,0.0151569053862528,2024,2023-12-31,learned_vol_interaction,20260912,0.4830624305901862,0.4830624305901862,0,1
rolling5_quarterly20,3178,2024-03-01,2024-03-11,0.0021394031715169,2024,2023-12-31,learned_vol_interaction,20260912,0.5592748903954966,0.5592748903954966,1,1
rolling5_quarterly20,3183,2024-03-08,2024-03-18,0.0087762342284414,2024,2023-12-31,learned_vol_interaction,20260912,0.5740363843191351,0.5740363843191351,1,1
rolling5_quarterly20,3188,2024-03-15,2024-03-25,-0.0112802133595746,2024,2023-12-31,learned_vol_interaction,20260912,0.4809004633653104,0.4809004633653104,0,0
rolling5_quarterly20,3193,2024-03-22,2024-04-01,0.0042044725182444,2024,2023-12-31,learned_vol_interaction,20260912,0.5933081539859947,0.5933081539859947,1,1
rolling5_quarterly20,3198,2024-03-29,2024-04-15,-0.0219845815102011,2024,2023-12-31,learned_vol_interaction,20260912,0.5653073701837698,0.5653073701837698,1,0
rolling5_quarterly20,3144,2024-01-05,2024-01-15,-0.0158038409563566,2024,2023-12-31,learned_order_extension,20260912,0.5535119994762409,0.5535119994762409,1,0
rolling5_quarterly20,3149,2024-01-12,2024-01-22,-0.002333261979756,2024,2023-12-31,learned_order_extension,20260912,0.48736548091739423,0.48736548091739423,0,0
rolling5_quarterly20,3154,2024-01-19,2024-01-29,0.0223511633823452,2024,2023-12-31,learned_order_extension,20260912,0.4215435053964147,0.4215435053964147,0,1
rolling5_quarterly20,3159,2024-01-26,2024-02-05,-0.0513103415192826,2024,2023-12-31,learned_order_extension,20260912,0.48649269504735876,0.48649269504735876,0,0
rolling5_quarterly20,3164,2024-02-02,2024-02-26,0.1015374891364462,2024,2023-12-31,learned_order_extension,20260912,0.5496050819275686,0.5496050819275686,1,1
rolling5_quarterly20,3173,2024-02-23,2024-03-04,0.0151569053862528,2024,2023-12-31,learned_order_extension,20260912,0.4386082807089806,0.4386082807089806,0,1
rolling5_quarterly20,3178,2024-03-01,2024-03-11,0.0021394031715169,2024,2023-12-31,learned_order_extension,20260912,0.46924981751922445,0.46924981751922445,0,1
rolling5_quarterly20,3183,2024-03-08,2024-03-18,0.0087762342284414,2024,2023-12-31,learned_order_extension,20260912,0.4701956287186797,0.4701956287186797,0,1
rolling5_quarterly20,3188,2024-03-15,2024-03-25,-0.0112802133595746,2024,2023-12-31,learned_order_extension,20260912,0.41374971985365583,0.41374971985365583,0,0
rolling5_quarterly20,3193,2024-03-22,2024-04-01,0.0042044725182444,2024,2023-12-31,learned_order_extension,20260912,0.4779698312307604,0.4779698312307604,0,1
rolling5_quarterly20,3198,2024-03-29,2024-04-15,-0.0219845815102011,2024,2023-12-31,learned_order_extension,20260912,0.47494867441409877,0.47494867441409877,0,0
rolling5_quarterly20,3144,2024-01-05,2024-01-15,-0.0158038409563566,2024,2023-12-31,learned_order_offset,20260912,0.555524023910941,0.555524023910941,1,0
rolling5_quarterly20,3149,2024-01-12,2024-01-22,-0.002333261979756,2024,2023-12-31,learned_order_offset,20260912,0.4886344435127239,0.4886344435127239,0,0
rolling5_quarterly20,3154,2024-01-19,2024-01-29,0.0223511633823452,2024,2023-12-31,learned_order_offset,20260912,0.4229445653552536,0.4229445653552536,0,1
rolling5_quarterly20,3159,2024-01-26,2024-02-05,-0.0513103415192826,2024,2023-12-31,learned_order_offset,20260912,0.4868819752675603,0.4868819752675603,0,0
rolling5_quarterly20,3164,2024-02-02,2024-02-26,0.1015374891364462,2024,2023-12-31,learned_order_offset,20260912,0.5512261346233363,0.5512261346233363,1,1
rolling5_quarterly20,3173,2024-02-23,2024-03-04,0.0151569053862528,2024,2023-12-31,learned_order_offset,20260912,0.4383060233141652,0.4383060233141652,0,1
rolling5_quarterly20,3178,2024-03-01,2024-03-11,0.0021394031715169,2024,2023-12-31,learned_order_offset,20260912,0.4671863792327489,0.4671863792327489,0,1
rolling5_quarterly20,3183,2024-03-08,2024-03-18,0.0087762342284414,2024,2023-12-31,learned_order_offset,20260912,0.4682690873666851,0.4682690873666851,0,1
rolling5_quarterly20,3188,2024-03-15,2024-03-25,-0.0112802133595746,2024,2023-12-31,learned_order_offset,20260912,0.410883959095752,0.410883959095752,0,0
rolling5_quarterly20,3193,2024-03-22,2024-04-01,0.0042044725182444,2024,2023-12-31,learned_order_offset,20260912,0.4736922823747903,0.4736922823747903,0,1
rolling5_quarterly20,3198,2024-03-29,2024-04-15,-0.0219845815102011,2024,2023-12-31,learned_order_offset,20260912,0.4721761686206615,0.4721761686206615,0,0
rolling5_quarterly20,3144,2024-01-05,2024-01-15,-0.0158038409563566,2024,2023-12-31,native_mse,20260912,0.001652613648937757,,1,0
rolling5_quarterly20,3149,2024-01-12,2024-01-22,-0.002333261979756,2024,2023-12-31,native_mse,20260912,0.0017566823014709063,,1,0
rolling5_quarterly20,3154,2024-01-19,2024-01-29,0.0223511633823452,2024,2023-12-31,native_mse,20260912,0.0017349357863463528,,1,1
rolling5_quarterly20,3159,2024-01-26,2024-02-05,-0.0513103415192826,2024,2023-12-31,native_mse,20260912,0.0017756045446650414,,1,0
rolling5_quarterly20,3164,2024-02-02,2024-02-26,0.1015374891364462,2024,2023-12-31,native_mse,20260912,0.0017702651342618495,,1,1
rolling5_quarterly20,3173,2024-02-23,2024-03-04,0.0151569053862528,2024,2023-12-31,native_mse,20260912,0.0018705013508167863,,1,1
rolling5_quarterly20,3178,2024-03-01,2024-03-11,0.0021394031715169,2024,2023-12-31,native_mse,20260912,0.0020966839632058165,,1,1
rolling5_quarterly20,3183,2024-03-08,2024-03-18,0.0087762342284414,2024,2023-12-31,native_mse,20260912,0.0021229030867072935,,1,1
rolling5_quarterly20,3188,2024-03-15,2024-03-25,-0.0112802133595746,2024,2023-12-31,native_mse,20260912,0.002169492364912302,,1,0
rolling5_quarterly20,3193,2024-03-22,2024-04-01,0.0042044725182444,2024,2023-12-31,native_mse,20260912,0.0021346683785466035,,1,1
rolling5_quarterly20,3198,2024-03-29,2024-04-15,-0.0219845815102011,2024,2023-12-31,native_mse,20260912,0.001970104765042201,,1,0
rolling5_quarterly20,3206,2024-04-12,2024-04-22,0.018045199366633,2024,2024-03-31,learned_market,20260910,0.36481496691294235,0.36481496691294235,0,1
rolling5_quarterly20,3211,2024-04-19,2024-04-29,0.0136757744232476,2024,2024-03-31,learned_market,20260910,0.49080268119560144,0.49080268119560144,0,1
rolling5_quarterly20,3216,2024-04-26,2024-05-13,0.0172434956786644,2024,2024-03-31,learned_market,20260910,0.42001612340690464,0.42001612340690464,0,1
rolling5_quarterly20,3223,2024-05-10,2024-05-20,0.0097933549988344,2024,2024-03-31,learned_market,20260910,0.41286300396349457,0.41286300396349457,0,1
rolling5_quarterly20,3228,2024-05-17,2024-05-27,-0.0204803832637164,2024,2024-03-31,learned_market,20260910,0.36536747132444714,0.36536747132444714,0,0
rolling5_quarterly20,3233,2024-05-24,2024-06-03,-0.0081155643048258,2024,2024-03-31,learned_market,20260910,0.3256448538427216,0.3256448538427216,0,0
rolling5_quarterly20,3238,2024-05-31,2024-06-11,-0.0060267570121149,2024,2024-03-31,learned_market,20260910,0.3802400141767598,0.3802400141767598,0,0
rolling5_quarterly20,3243,2024-06-07,2024-06-17,-0.0096686558937179,2024,2024-03-31,learned_market,20260910,0.36332984691419945,0.36332984691419945,0,0
rolling5_quarterly20,3247,2024-06-14,2024-06-24,-0.013573992457631,2024,2024-03-31,learned_market,20260910,0.3932431422253744,0.3932431422253744,0,0
rolling5_quarterly20,3252,2024-06-21,2024-07-01,-0.004427632109257,2024,2024-03-31,learned_market,20260910,0.3938724303177765,0.3938724303177765,0,0
rolling5_quarterly20,3257,2024-06-28,2024-07-08,-0.0108320369203009,2024,2024-03-31,learned_market,20260910,0.45694007185172103,0.45694007185172103,0,0
rolling5_quarterly20,3206,2024-04-12,2024-04-22,0.018045199366633,2024,2024-03-31,learned_vol_interaction,20260910,0.3980332998766492,0.3980332998766492,0,1
rolling5_quarterly20,3211,2024-04-19,2024-04-29,0.0136757744232476,2024,2024-03-31,learned_vol_interaction,20260910,0.494615175581136,0.494615175581136,0,1
rolling5_quarterly20,3216,2024-04-26,2024-05-13,0.0172434956786644,2024,2024-03-31,learned_vol_interaction,20260910,0.42750573895431054,0.42750573895431054,0,1
rolling5_quarterly20,3223,2024-05-10,2024-05-20,0.0097933549988344,2024,2024-03-31,learned_vol_interaction,20260910,0.419615168774979,0.419615168774979,0,1
rolling5_quarterly20,3228,2024-05-17,2024-05-27,-0.0204803832637164,2024,2024-03-31,learned_vol_interaction,20260910,0.38836762218226734,0.38836762218226734,0,0
rolling5_quarterly20,3233,2024-05-24,2024-06-03,-0.0081155643048258,2024,2024-03-31,learned_vol_interaction,20260910,0.3456581981513588,0.3456581981513588,0,0
rolling5_quarterly20,3238,2024-05-31,2024-06-11,-0.0060267570121149,2024,2024-03-31,learned_vol_interaction,20260910,0.3894668124012434,0.3894668124012434,0,0
rolling5_quarterly20,3243,2024-06-07,2024-06-17,-0.0096686558937179,2024,2024-03-31,learned_vol_interaction,20260910,0.3900515400561807,0.3900515400561807,0,0
rolling5_quarterly20,3247,2024-06-14,2024-06-24,-0.013573992457631,2024,2024-03-31,learned_vol_interaction,20260910,0.4028543391766063,0.4028543391766063,0,0
rolling5_quarterly20,3252,2024-06-21,2024-07-01,-0.004427632109257,2024,2024-03-31,learned_vol_interaction,20260910,0.4033111659970172,0.4033111659970172,0,0
rolling5_quarterly20,3257,2024-06-28,2024-07-08,-0.0108320369203009,2024,2024-03-31,learned_vol_interaction,20260910,0.4400352321432039,0.4400352321432039,0,0
rolling5_quarterly20,3206,2024-04-12,2024-04-22,0.018045199366633,2024,2024-03-31,learned_order_extension,20260910,0.4831292480770912,0.4831292480770912,0,1
rolling5_quarterly20,3211,2024-04-19,2024-04-29,0.0136757744232476,2024,2024-03-31,learned_order_extension,20260910,0.4677796282714028,0.4677796282714028,0,1
rolling5_quarterly20,3216,2024-04-26,2024-05-13,0.0172434956786644,2024,2024-03-31,learned_order_extension,20260910,0.5075638953039129,0.5075638953039129,1,1
rolling5_quarterly20,3223,2024-05-10,2024-05-20,0.0097933549988344,2024,2024-03-31,learned_order_extension,20260910,0.5239129927244998,0.5239129927244998,1,1
rolling5_quarterly20,3228,2024-05-17,2024-05-27,-0.0204803832637164,2024,2024-03-31,learned_order_extension,20260910,0.4996554947220647,0.4996554947220647,0,0
rolling5_quarterly20,3233,2024-05-24,2024-06-03,-0.0081155643048258,2024,2024-03-31,learned_order_extension,20260910,0.41037785113131675,0.41037785113131675,0,0
rolling5_quarterly20,3238,2024-05-31,2024-06-11,-0.0060267570121149,2024,2024-03-31,learned_order_extension,20260910,0.4208335871853153,0.4208335871853153,0,0
rolling5_quarterly20,3243,2024-06-07,2024-06-17,-0.0096686558937179,2024,2024-03-31,learned_order_extension,20260910,0.40695834678680276,0.40695834678680276,0,0
rolling5_quarterly20,3247,2024-06-14,2024-06-24,-0.013573992457631,2024,2024-03-31,learned_order_extension,20260910,0.4200397470728118,0.4200397470728118,0,0
rolling5_quarterly20,3252,2024-06-21,2024-07-01,-0.004427632109257,2024,2024-03-31,learned_order_extension,20260910,0.43835820998670316,0.43835820998670316,0,0
rolling5_quarterly20,3257,2024-06-28,2024-07-08,-0.0108320369203009,2024,2024-03-31,learned_order_extension,20260910,0.4527780575388098,0.4527780575388098,0,0
rolling5_quarterly20,3206,2024-04-12,2024-04-22,0.018045199366633,2024,2024-03-31,learned_order_offset,20260910,0.48534536208977797,0.48534536208977797,0,1
rolling5_quarterly20,3211,2024-04-19,2024-04-29,0.0136757744232476,2024,2024-03-31,learned_order_offset,20260910,0.46724963469521985,0.46724963469521985,0,1
rolling5_quarterly20,3216,2024-04-26,2024-05-13,0.0172434956786644,2024,2024-03-31,learned_order_offset,20260910,0.5080011027957916,0.5080011027957916,1,1
rolling5_quarterly20,3223,2024-05-10,2024-05-20,0.0097933549988344,2024,2024-03-31,learned_order_offset,20260910,0.5243079712146723,0.5243079712146723,1,1
rolling5_quarterly20,3228,2024-05-17,2024-05-27,-0.0204803832637164,2024,2024-03-31,learned_order_offset,20260910,0.5008599918943664,0.5008599918943664,1,0
rolling5_quarterly20,3233,2024-05-24,2024-06-03,-0.0081155643048258,2024,2024-03-31,learned_order_offset,20260910,0.41259712120875863,0.41259712120875863,0,0
rolling5_quarterly20,3238,2024-05-31,2024-06-11,-0.0060267570121149,2024,2024-03-31,learned_order_offset,20260910,0.4220693130138518,0.4220693130138518,0,0
rolling5_quarterly20,3243,2024-06-07,2024-06-17,-0.0096686558937179,2024,2024-03-31,learned_order_offset,20260910,0.40873541715735584,0.40873541715735584,0,0
rolling5_quarterly20,3247,2024-06-14,2024-06-24,-0.013573992457631,2024,2024-03-31,learned_order_offset,20260910,0.42162666061205256,0.42162666061205256,0,0
rolling5_quarterly20,3252,2024-06-21,2024-07-01,-0.004427632109257,2024,2024-03-31,learned_order_offset,20260910,0.43973780735711254,0.43973780735711254,0,0
rolling5_quarterly20,3257,2024-06-28,2024-07-08,-0.0108320369203009,2024,2024-03-31,learned_order_offset,20260910,0.4528904281846022,0.4528904281846022,0,0
rolling5_quarterly20,3206,2024-04-12,2024-04-22,0.018045199366633,2024,2024-03-31,native_mse,20260910,-0.0004643302421249696,,0,1
rolling5_quarterly20,3211,2024-04-19,2024-04-29,0.0136757744232476,2024,2024-03-31,native_mse,20260910,0.00038529884712620914,,1,1
rolling5_quarterly20,3216,2024-04-26,2024-05-13,0.0172434956786644,2024,2024-03-31,native_mse,20260910,-0.0005113135158111755,,0,1
rolling5_quarterly20,3223,2024-05-10,2024-05-20,0.0097933549988344,2024,2024-03-31,native_mse,20260910,-0.0005197987774144295,,0,1
rolling5_quarterly20,3228,2024-05-17,2024-05-27,-0.0204803832637164,2024,2024-03-31,native_mse,20260910,-7.865930647875436e-05,,0,0
rolling5_quarterly20,3233,2024-05-24,2024-06-03,-0.0081155643048258,2024,2024-03-31,native_mse,20260910,-0.0012281695979052916,,0,0
rolling5_quarterly20,3238,2024-05-31,2024-06-11,-0.0060267570121149,2024,2024-03-31,native_mse,20260910,-0.00028615214511190293,,0,0
rolling5_quarterly20,3243,2024-06-07,2024-06-17,-0.0096686558937179,2024,2024-03-31,native_mse,20260910,-0.0014995507029191113,,0,0
rolling5_quarterly20,3247,2024-06-14,2024-06-24,-0.013573992457631,2024,2024-03-31,native_mse,20260910,-0.000442733102964501,,0,0
rolling5_quarterly20,3252,2024-06-21,2024-07-01,-0.004427632109257,2024,2024-03-31,native_mse,20260910,0.00016138856778677056,,1,0
rolling5_quarterly20,3257,2024-06-28,2024-07-08,-0.0108320369203009,2024,2024-03-31,native_mse,20260910,0.0002878590954904379,,1,0
rolling5_quarterly20,3206,2024-04-12,2024-04-22,0.018045199366633,2024,2024-03-31,training_frequency,-1,0.4900662251655629,0.4900662251655629,0,1
rolling5_quarterly20,3211,2024-04-19,2024-04-29,0.0136757744232476,2024,2024-03-31,training_frequency,-1,0.4900662251655629,0.4900662251655629,0,1
rolling5_quarterly20,3216,2024-04-26,2024-05-13,0.0172434956786644,2024,2024-03-31,training_frequency,-1,0.4900662251655629,0.4900662251655629,0,1
rolling5_quarterly20,3223,2024-05-10,2024-05-20,0.0097933549988344,2024,2024-03-31,training_frequency,-1,0.4900662251655629,0.4900662251655629,0,1
rolling5_quarterly20,3228,2024-05-17,2024-05-27,-0.0204803832637164,2024,2024-03-31,training_frequency,-1,0.4900662251655629,0.4900662251655629,0,0
rolling5_quarterly20,3233,2024-05-24,2024-06-03,-0.0081155643048258,2024,2024-03-31,training_frequency,-1,0.4900662251655629,0.4900662251655629,0,0
rolling5_quarterly20,3238,2024-05-31,2024-06-11,-0.0060267570121149,2024,2024-03-31,training_frequency,-1,0.4900662251655629,0.4900662251655629,0,0
rolling5_quarterly20,3243,2024-06-07,2024-06-17,-0.0096686558937179,2024,2024-03-31,training_frequency,-1,0.4900662251655629,0.4900662251655629,0,0
rolling5_quarterly20,3247,2024-06-14,2024-06-24,-0.013573992457631,2024,2024-03-31,training_frequency,-1,0.4900662251655629,0.4900662251655629,0,0
rolling5_quarterly20,3252,2024-06-21,2024-07-01,-0.004427632109257,2024,2024-03-31,training_frequency,-1,0.4900662251655629,0.4900662251655629,0,0
rolling5_quarterly20,3257,2024-06-28,2024-07-08,-0.0108320369203009,2024,2024-03-31,training_frequency,-1,0.4900662251655629,0.4900662251655629,0,0
rolling5_quarterly20,3206,2024-04-12,2024-04-22,0.018045199366633,2024,2024-03-31,learned_market,20260911,0.4089570317874958,0.4089570317874958,0,1
rolling5_quarterly20,3211,2024-04-19,2024-04-29,0.0136757744232476,2024,2024-03-31,learned_market,20260911,0.4012717587255201,0.4012717587255201,0,1
rolling5_quarterly20,3216,2024-04-26,2024-05-13,0.0172434956786644,2024,2024-03-31,learned_market,20260911,0.4767314415313899,0.4767314415313899,0,1
rolling5_quarterly20,3223,2024-05-10,2024-05-20,0.0097933549988344,2024,2024-03-31,learned_market,20260911,0.1807649311250288,0.1807649311250288,0,1
rolling5_quarterly20,3228,2024-05-17,2024-05-27,-0.0204803832637164,2024,2024-03-31,learned_market,20260911,0.2168234826126849,0.2168234826126849,0,0
rolling5_quarterly20,3233,2024-05-24,2024-06-03,-0.0081155643048258,2024,2024-03-31,learned_market,20260911,0.347500641967205,0.347500641967205,0,0
rolling5_quarterly20,3238,2024-05-31,2024-06-11,-0.0060267570121149,2024,2024-03-31,learned_market,20260911,0.4049427892495548,0.4049427892495548,0,0
rolling5_quarterly20,3243,2024-06-07,2024-06-17,-0.0096686558937179,2024,2024-03-31,learned_market,20260911,0.3505673761483228,0.3505673761483228,0,0
rolling5_quarterly20,3247,2024-06-14,2024-06-24,-0.013573992457631,2024,2024-03-31,learned_market,20260911,0.6324423152855878,0.6324423152855878,1,0
rolling5_quarterly20,3252,2024-06-21,2024-07-01,-0.004427632109257,2024,2024-03-31,learned_market,20260911,0.6354982589195415,0.6354982589195415,1,0
rolling5_quarterly20,3257,2024-06-28,2024-07-08,-0.0108320369203009,2024,2024-03-31,learned_market,20260911,0.7369680620050166,0.7369680620050166,1,0
rolling5_quarterly20,3206,2024-04-12,2024-04-22,0.018045199366633,2024,2024-03-31,learned_vol_interaction,20260911,0.40606107786829043,0.40606107786829043,0,1
rolling5_quarterly20,3211,2024-04-19,2024-04-29,0.0136757744232476,2024,2024-03-31,learned_vol_interaction,20260911,0.3999485017390055,0.3999485017390055,0,1
rolling5_quarterly20,3216,2024-04-26,2024-05-13,0.0172434956786644,2024,2024-03-31,learned_vol_interaction,20260911,0.47597187487909554,0.47597187487909554,0,1
rolling5_quarterly20,3223,2024-05-10,2024-05-20,0.0097933549988344,2024,2024-03-31,learned_vol_interaction,20260911,0.17273030314066007,0.17273030314066007,0,1
rolling5_quarterly20,3228,2024-05-17,2024-05-27,-0.0204803832637164,2024,2024-03-31,learned_vol_interaction,20260911,0.21036010715995876,0.21036010715995876,0,0
rolling5_quarterly20,3233,2024-05-24,2024-06-03,-0.0081155643048258,2024,2024-03-31,learned_vol_interaction,20260911,0.3452241378964112,0.3452241378964112,0,0
rolling5_quarterly20,3238,2024-05-31,2024-06-11,-0.0060267570121149,2024,2024-03-31,learned_vol_interaction,20260911,0.40621757870241787,0.40621757870241787,0,0
rolling5_quarterly20,3243,2024-06-07,2024-06-17,-0.0096686558937179,2024,2024-03-31,learned_vol_interaction,20260911,0.3476181281054193,0.3476181281054193,0,0
rolling5_quarterly20,3247,2024-06-14,2024-06-24,-0.013573992457631,2024,2024-03-31,learned_vol_interaction,20260911,0.6450475922572699,0.6450475922572699,1,0
rolling5_quarterly20,3252,2024-06-21,2024-07-01,-0.004427632109257,2024,2024-03-31,learned_vol_interaction,20260911,0.6504567515453593,0.6504567515453593,1,0
rolling5_quarterly20,3257,2024-06-28,2024-07-08,-0.0108320369203009,2024,2024-03-31,learned_vol_interaction,20260911,0.753217421329801,0.753217421329801,1,0
rolling5_quarterly20,3206,2024-04-12,2024-04-22,0.018045199366633,2024,2024-03-31,learned_order_extension,20260911,0.4086278670062301,0.4086278670062301,0,1
rolling5_quarterly20,3211,2024-04-19,2024-04-29,0.0136757744232476,2024,2024-03-31,learned_order_extension,20260911,0.41837687471610036,0.41837687471610036,0,1
rolling5_quarterly20,3216,2024-04-26,2024-05-13,0.0172434956786644,2024,2024-03-31,learned_order_extension,20260911,0.4730500698242547,0.4730500698242547,0,1
rolling5_quarterly20,3223,2024-05-10,2024-05-20,0.0097933549988344,2024,2024-03-31,learned_order_extension,20260911,0.24026430424232934,0.24026430424232934,0,1
rolling5_quarterly20,3228,2024-05-17,2024-05-27,-0.0204803832637164,2024,2024-03-31,learned_order_extension,20260911,0.272604149089626,0.272604149089626,0,0
rolling5_quarterly20,3233,2024-05-24,2024-06-03,-0.0081155643048258,2024,2024-03-31,learned_order_extension,20260911,0.3667529406649948,0.3667529406649948,0,0
rolling5_quarterly20,3238,2024-05-31,2024-06-11,-0.0060267570121149,2024,2024-03-31,learned_order_extension,20260911,0.42815835589959,0.42815835589959,0,0
rolling5_quarterly20,3243,2024-06-07,2024-06-17,-0.0096686558937179,2024,2024-03-31,learned_order_extension,20260911,0.36258703100019013,0.36258703100019013,0,0
rolling5_quarterly20,3247,2024-06-14,2024-06-24,-0.013573992457631,2024,2024-03-31,learned_order_extension,20260911,0.6530580191206522,0.6530580191206522,1,0
rolling5_quarterly20,3252,2024-06-21,2024-07-01,-0.004427632109257,2024,2024-03-31,learned_order_extension,20260911,0.6590873809093772,0.6590873809093772,1,0
rolling5_quarterly20,3257,2024-06-28,2024-07-08,-0.0108320369203009,2024,2024-03-31,learned_order_extension,20260911,0.7535675997393085,0.7535675997393085,1,0
rolling5_quarterly20,3206,2024-04-12,2024-04-22,0.018045199366633,2024,2024-03-31,learned_order_offset,20260911,0.40852714567963117,0.40852714567963117,0,1
rolling5_quarterly20,3211,2024-04-19,2024-04-29,0.0136757744232476,2024,2024-03-31,learned_order_offset,20260911,0.4188788718091269,0.4188788718091269,0,1
rolling5_quarterly20,3216,2024-04-26,2024-05-13,0.0172434956786644,2024,2024-03-31,learned_order_offset,20260911,0.4732558916374173,0.4732558916374173,0,1
rolling5_quarterly20,3223,2024-05-10,2024-05-20,0.0097933549988344,2024,2024-03-31,learned_order_offset,20260911,0.24258108434979272,0.24258108434979272,0,1
rolling5_quarterly20,3228,2024-05-17,2024-05-27,-0.0204803832637164,2024,2024-03-31,learned_order_offset,20260911,0.2755470304423825,0.2755470304423825,0,0
rolling5_quarterly20,3233,2024-05-24,2024-06-03,-0.0081155643048258,2024,2024-03-31,learned_order_offset,20260911,0.3674761666550779,0.3674761666550779,0,0
rolling5_quarterly20,3238,2024-05-31,2024-06-11,-0.0060267570121149,2024,2024-03-31,learned_order_offset,20260911,0.42851312328708485,0.42851312328708485,0,0
rolling5_quarterly20,3243,2024-06-07,2024-06-17,-0.0096686558937179,2024,2024-03-31,learned_order_offset,20260911,0.3632345770787845,0.3632345770787845,0,0
rolling5_quarterly20,3247,2024-06-14,2024-06-24,-0.013573992457631,2024,2024-03-31,learned_order_offset,20260911,0.6531706479184036,0.6531706479184036,1,0
rolling5_quarterly20,3252,2024-06-21,2024-07-01,-0.004427632109257,2024,2024-03-31,learned_order_offset,20260911,0.6587285367120508,0.6587285367120508,1,0
rolling5_quarterly20,3257,2024-06-28,2024-07-08,-0.0108320369203009,2024,2024-03-31,learned_order_offset,20260911,0.7530008218439971,0.7530008218439971,1,0
rolling5_quarterly20,3206,2024-04-12,2024-04-22,0.018045199366633,2024,2024-03-31,native_mse,20260911,-0.004926972475437629,,0,1
rolling5_quarterly20,3211,2024-04-19,2024-04-29,0.0136757744232476,2024,2024-03-31,native_mse,20260911,-0.004542154805556486,,0,1
rolling5_quarterly20,3216,2024-04-26,2024-05-13,0.0172434956786644,2024,2024-03-31,native_mse,20260911,0.0005613678449203369,,1,1
rolling5_quarterly20,3223,2024-05-10,2024-05-20,0.0097933549988344,2024,2024-03-31,native_mse,20260911,-0.006270533723002531,,0,1
rolling5_quarterly20,3228,2024-05-17,2024-05-27,-0.0204803832637164,2024,2024-03-31,native_mse,20260911,-0.0026720228733190304,,0,0
rolling5_quarterly20,3233,2024-05-24,2024-06-03,-0.0081155643048258,2024,2024-03-31,native_mse,20260911,-0.005583583775174217,,0,0
rolling5_quarterly20,3238,2024-05-31,2024-06-11,-0.0060267570121149,2024,2024-03-31,native_mse,20260911,-0.0022236610438124763,,0,0
rolling5_quarterly20,3243,2024-06-07,2024-06-17,-0.0096686558937179,2024,2024-03-31,native_mse,20260911,-0.0058972806887008095,,0,0
rolling5_quarterly20,3247,2024-06-14,2024-06-24,-0.013573992457631,2024,2024-03-31,native_mse,20260911,0.0030486117486302603,,1,0
rolling5_quarterly20,3252,2024-06-21,2024-07-01,-0.004427632109257,2024,2024-03-31,native_mse,20260911,0.0011186937849588996,,1,0
rolling5_quarterly20,3257,2024-06-28,2024-07-08,-0.0108320369203009,2024,2024-03-31,native_mse,20260911,0.006659241449019537,,1,0
rolling5_quarterly20,3206,2024-04-12,2024-04-22,0.018045199366633,2024,2024-03-31,learned_market,20260912,0.3677924309008217,0.3677924309008217,0,1
rolling5_quarterly20,3211,2024-04-19,2024-04-29,0.0136757744232476,2024,2024-03-31,learned_market,20260912,0.18553753603943676,0.18553753603943676,0,1
rolling5_quarterly20,3216,2024-04-26,2024-05-13,0.0172434956786644,2024,2024-03-31,learned_market,20260912,0.2569116500643585,0.2569116500643585,0,1
rolling5_quarterly20,3223,2024-05-10,2024-05-20,0.0097933549988344,2024,2024-03-31,learned_market,20260912,0.20074764672557024,0.20074764672557024,0,1
rolling5_quarterly20,3228,2024-05-17,2024-05-27,-0.0204803832637164,2024,2024-03-31,learned_market,20260912,0.19551349128909873,0.19551349128909873,0,0
rolling5_quarterly20,3233,2024-05-24,2024-06-03,-0.0081155643048258,2024,2024-03-31,learned_market,20260912,0.19894420249102565,0.19894420249102565,0,0
rolling5_quarterly20,3238,2024-05-31,2024-06-11,-0.0060267570121149,2024,2024-03-31,learned_market,20260912,0.35221298603247253,0.35221298603247253,0,0
rolling5_quarterly20,3243,2024-06-07,2024-06-17,-0.0096686558937179,2024,2024-03-31,learned_market,20260912,0.22766753219219338,0.22766753219219338,0,0
rolling5_quarterly20,3247,2024-06-14,2024-06-24,-0.013573992457631,2024,2024-03-31,learned_market,20260912,0.7721923358421349,0.7721923358421349,1,0
rolling5_quarterly20,3252,2024-06-21,2024-07-01,-0.004427632109257,2024,2024-03-31,learned_market,20260912,0.7170435865640827,0.7170435865640827,1,0
rolling5_quarterly20,3257,2024-06-28,2024-07-08,-0.0108320369203009,2024,2024-03-31,learned_market,20260912,0.7706964589655069,0.7706964589655069,1,0
rolling5_quarterly20,3206,2024-04-12,2024-04-22,0.018045199366633,2024,2024-03-31,learned_vol_interaction,20260912,0.3658285219168996,0.3658285219168996,0,1
rolling5_quarterly20,3211,2024-04-19,2024-04-29,0.0136757744232476,2024,2024-03-31,learned_vol_interaction,20260912,0.18351988833280425,0.18351988833280425,0,1
rolling5_quarterly20,3216,2024-04-26,2024-05-13,0.0172434956786644,2024,2024-03-31,learned_vol_interaction,20260912,0.2549761480045362,0.2549761480045362,0,1
rolling5_quarterly20,3223,2024-05-10,2024-05-20,0.0097933549988344,2024,2024-03-31,learned_vol_interaction,20260912,0.19643781063769794,0.19643781063769794,0,1
rolling5_quarterly20,3228,2024-05-17,2024-05-27,-0.0204803832637164,2024,2024-03-31,learned_vol_interaction,20260912,0.1916215154307374,0.1916215154307374,0,0
rolling5_quarterly20,3233,2024-05-24,2024-06-03,-0.0081155643048258,2024,2024-03-31,learned_vol_interaction,20260912,0.19478707818027408,0.19478707818027408,0,0
rolling5_quarterly20,3238,2024-05-31,2024-06-11,-0.0060267570121149,2024,2024-03-31,learned_vol_interaction,20260912,0.3523528064665436,0.3523528064665436,0,0
rolling5_quarterly20,3243,2024-06-07,2024-06-17,-0.0096686558937179,2024,2024-03-31,learned_vol_interaction,20260912,0.22221978556394265,0.22221978556394265,0,0
rolling5_quarterly20,3247,2024-06-14,2024-06-24,-0.013573992457631,2024,2024-03-31,learned_vol_interaction,20260912,0.7811238456365552,0.7811238456365552,1,0
rolling5_quarterly20,3252,2024-06-21,2024-07-01,-0.004427632109257,2024,2024-03-31,learned_vol_interaction,20260912,0.7307289363853523,0.7307289363853523,1,0
rolling5_quarterly20,3257,2024-06-28,2024-07-08,-0.0108320369203009,2024,2024-03-31,learned_vol_interaction,20260912,0.7837250922270995,0.7837250922270995,1,0
rolling5_quarterly20,3206,2024-04-12,2024-04-22,0.018045199366633,2024,2024-03-31,learned_order_extension,20260912,0.3697330950307734,0.3697330950307734,0,1
rolling5_quarterly20,3211,2024-04-19,2024-04-29,0.0136757744232476,2024,2024-03-31,learned_order_extension,20260912,0.22918830780872676,0.22918830780872676,0,1
rolling5_quarterly20,3216,2024-04-26,2024-05-13,0.0172434956786644,2024,2024-03-31,learned_order_extension,20260912,0.30605868377576917,0.30605868377576917,0,1
rolling5_quarterly20,3223,2024-05-10,2024-05-20,0.0097933549988344,2024,2024-03-31,learned_order_extension,20260912,0.24617385620298354,0.24617385620298354,0,1
rolling5_quarterly20,3228,2024-05-17,2024-05-27,-0.0204803832637164,2024,2024-03-31,learned_order_extension,20260912,0.23184637977979022,0.23184637977979022,0,0
rolling5_quarterly20,3233,2024-05-24,2024-06-03,-0.0081155643048258,2024,2024-03-31,learned_order_extension,20260912,0.23312360435183332,0.23312360435183332,0,0
rolling5_quarterly20,3238,2024-05-31,2024-06-11,-0.0060267570121149,2024,2024-03-31,learned_order_extension,20260912,0.3612082432520633,0.3612082432520633,0,0
rolling5_quarterly20,3243,2024-06-07,2024-06-17,-0.0096686558937179,2024,2024-03-31,learned_order_extension,20260912,0.24181064936017194,0.24181064936017194,0,0
rolling5_quarterly20,3247,2024-06-14,2024-06-24,-0.013573992457631,2024,2024-03-31,learned_order_extension,20260912,0.7672669234965543,0.7672669234965543,1,0
rolling5_quarterly20,3252,2024-06-21,2024-07-01,-0.004427632109257,2024,2024-03-31,learned_order_extension,20260912,0.7208166066272953,0.7208166066272953,1,0
rolling5_quarterly20,3257,2024-06-28,2024-07-08,-0.0108320369203009,2024,2024-03-31,learned_order_extension,20260912,0.7721344941200653,0.7721344941200653,1,0
rolling5_quarterly20,3206,2024-04-12,2024-04-22,0.018045199366633,2024,2024-03-31,learned_order_offset,20260912,0.3707132606349626,0.3707132606349626,0,1
rolling5_quarterly20,3211,2024-04-19,2024-04-29,0.0136757744232476,2024,2024-03-31,learned_order_offset,20260912,0.23059142957532194,0.23059142957532194,0,1
rolling5_quarterly20,3216,2024-04-26,2024-05-13,0.0172434956786644,2024,2024-03-31,learned_order_offset,20260912,0.30772154322374584,0.30772154322374584,0,1
rolling5_quarterly20,3223,2024-05-10,2024-05-20,0.0097933549988344,2024,2024-03-31,learned_order_offset,20260912,0.24750554488646748,0.24750554488646748,0,1
rolling5_quarterly20,3228,2024-05-17,2024-05-27,-0.0204803832637164,2024,2024-03-31,learned_order_offset,20260912,0.233489605409839,0.233489605409839,0,0
rolling5_quarterly20,3233,2024-05-24,2024-06-03,-0.0081155643048258,2024,2024-03-31,learned_order_offset,20260912,0.23482914826213386,0.23482914826213386,0,0
rolling5_quarterly20,3238,2024-05-31,2024-06-11,-0.0060267570121149,2024,2024-03-31,learned_order_offset,20260912,0.3623799423061142,0.3623799423061142,0,0
rolling5_quarterly20,3243,2024-06-07,2024-06-17,-0.0096686558937179,2024,2024-03-31,learned_order_offset,20260912,0.24291595785497808,0.24291595785497808,0,0
rolling5_quarterly20,3247,2024-06-14,2024-06-24,-0.013573992457631,2024,2024-03-31,learned_order_offset,20260912,0.7657276164877262,0.7657276164877262,1,0
rolling5_quarterly20,3252,2024-06-21,2024-07-01,-0.004427632109257,2024,2024-03-31,learned_order_offset,20260912,0.7188336919681293,0.7188336919681293,1,0
rolling5_quarterly20,3257,2024-06-28,2024-07-08,-0.0108320369203009,2024,2024-03-31,learned_order_offset,20260912,0.7701778406267031,0.7701778406267031,1,0
rolling5_quarterly20,3206,2024-04-12,2024-04-22,0.018045199366633,2024,2024-03-31,native_mse,20260912,-0.0009924944446430789,,0,1
rolling5_quarterly20,3211,2024-04-19,2024-04-29,0.0136757744232476,2024,2024-03-31,native_mse,20260912,-0.0055237185843753376,,0,1
rolling5_quarterly20,3216,2024-04-26,2024-05-13,0.0172434956786644,2024,2024-03-31,native_mse,20260912,-0.003091511349343884,,0,1
rolling5_quarterly20,3223,2024-05-10,2024-05-20,0.0097933549988344,2024,2024-03-31,native_mse,20260912,-0.005727328817960202,,0,1
rolling5_quarterly20,3228,2024-05-17,2024-05-27,-0.0204803832637164,2024,2024-03-31,native_mse,20260912,-0.005888311683720337,,0,0
rolling5_quarterly20,3233,2024-05-24,2024-06-03,-0.0081155643048258,2024,2024-03-31,native_mse,20260912,-0.006425396922635175,,0,0
rolling5_quarterly20,3238,2024-05-31,2024-06-11,-0.0060267570121149,2024,2024-03-31,native_mse,20260912,-0.0022672407137335833,,0,0
rolling5_quarterly20,3243,2024-06-07,2024-06-17,-0.0096686558937179,2024,2024-03-31,native_mse,20260912,-0.005211634729606723,,0,0
rolling5_quarterly20,3247,2024-06-14,2024-06-24,-0.013573992457631,2024,2024-03-31,native_mse,20260912,0.010390944153493769,,1,0
rolling5_quarterly20,3252,2024-06-21,2024-07-01,-0.004427632109257,2024,2024-03-31,native_mse,20260912,0.008434228205704445,,1,0
rolling5_quarterly20,3257,2024-06-28,2024-07-08,-0.0108320369203009,2024,2024-03-31,native_mse,20260912,0.009894223220709136,,1,0
rolling5_quarterly20,3262,2024-07-05,2024-07-15,0.0122222871842843,2024,2024-06-30,learned_market,20260910,0.35885471714703593,0.35885471714703593,0,1
rolling5_quarterly20,3267,2024-07-12,2024-07-22,0.0218881133018156,2024,2024-06-30,learned_market,20260910,0.4572592921017044,0.4572592921017044,0,1
rolling5_quarterly20,3272,2024-07-19,2024-07-29,-0.0378787022382998,2024,2024-06-30,learned_market,20260910,0.4035592807534626,0.4035592807534626,0,0
rolling5_quarterly20,3277,2024-07-26,2024-08-05,-0.0124134568216732,2024,2024-06-30,learned_market,20260910,0.5031590580474308,0.5031590580474308,1,0
rolling5_quarterly20,3282,2024-08-02,2024-08-12,-0.0102762848330364,2024,2024-06-30,learned_market,20260910,0.4541349338810022,0.4541349338810022,0,0
rolling5_quarterly20,3287,2024-08-09,2024-08-19,0.0050186923751938,2024,2024-06-30,learned_market,20260910,0.4255605877298955,0.4255605877298955,0,1
rolling5_quarterly20,3292,2024-08-16,2024-08-26,-0.0040487282687352,2024,2024-06-30,learned_market,20260910,0.2537812181101763,0.2537812181101763,0,0
rolling5_quarterly20,3297,2024-08-23,2024-09-02,-0.0069594562136714,2024,2024-06-30,learned_market,20260910,0.23687084520971538,0.23687084520971538,0,0
rolling5_quarterly20,3302,2024-08-30,2024-09-09,-0.0280389655151561,2024,2024-06-30,learned_market,20260910,0.18160395753770403,0.18160395753770403,0,0
rolling5_quarterly20,3307,2024-09-06,2024-09-18,-0.0174132138857783,2024,2024-06-30,learned_market,20260910,0.22686308797849822,0.22686308797849822,0,0
rolling5_quarterly20,3312,2024-09-13,2024-09-24,0.0133119329369826,2024,2024-06-30,learned_market,20260910,0.1656452986294026,0.1656452986294026,0,1
rolling5_quarterly20,3315,2024-09-20,2024-09-30,0.2017513988384409,2024,2024-06-30,learned_market,20260910,0.20089437122386505,0.20089437122386505,0,1
rolling5_quarterly20,3320,2024-09-27,2024-10-14,0.0178259004588408,2024,2024-06-30,learned_market,20260910,0.5996525285137606,0.5996525285137606,1,1
rolling5_quarterly20,3262,2024-07-05,2024-07-15,0.0122222871842843,2024,2024-06-30,learned_vol_interaction,20260910,0.36296513810268255,0.36296513810268255,0,1
rolling5_quarterly20,3267,2024-07-12,2024-07-22,0.0218881133018156,2024,2024-06-30,learned_vol_interaction,20260910,0.46997189011012347,0.46997189011012347,0,1
rolling5_quarterly20,3272,2024-07-19,2024-07-29,-0.0378787022382998,2024,2024-06-30,learned_vol_interaction,20260910,0.4076053213125255,0.4076053213125255,0,0
rolling5_quarterly20,3277,2024-07-26,2024-08-05,-0.0124134568216732,2024,2024-06-30,learned_vol_interaction,20260910,0.5133180379168312,0.5133180379168312,1,0
rolling5_quarterly20,3282,2024-08-02,2024-08-12,-0.0102762848330364,2024,2024-06-30,learned_vol_interaction,20260910,0.45733360178972887,0.45733360178972887,0,0
rolling5_quarterly20,3287,2024-08-09,2024-08-19,0.0050186923751938,2024,2024-06-30,learned_vol_interaction,20260910,0.42899648949370717,0.42899648949370717,0,1
rolling5_quarterly20,3292,2024-08-16,2024-08-26,-0.0040487282687352,2024,2024-06-30,learned_vol_interaction,20260910,0.2513069364181074,0.2513069364181074,0,0
rolling5_quarterly20,3297,2024-08-23,2024-09-02,-0.0069594562136714,2024,2024-06-30,learned_vol_interaction,20260910,0.23127257082433506,0.23127257082433506,0,0
rolling5_quarterly20,3302,2024-08-30,2024-09-09,-0.0280389655151561,2024,2024-06-30,learned_vol_interaction,20260910,0.17168623644058653,0.17168623644058653,0,0
rolling5_quarterly20,3307,2024-09-06,2024-09-18,-0.0174132138857783,2024,2024-06-30,learned_vol_interaction,20260910,0.22218356927362187,0.22218356927362187,0,0
rolling5_quarterly20,3312,2024-09-13,2024-09-24,0.0133119329369826,2024,2024-06-30,learned_vol_interaction,20260910,0.15820752683656164,0.15820752683656164,0,1
rolling5_quarterly20,3315,2024-09-20,2024-09-30,0.2017513988384409,2024,2024-06-30,learned_vol_interaction,20260910,0.19470530643922743,0.19470530643922743,0,1
rolling5_quarterly20,3320,2024-09-27,2024-10-14,0.0178259004588408,2024,2024-06-30,learned_vol_interaction,20260910,0.6046805094565438,0.6046805094565438,1,1
rolling5_quarterly20,3262,2024-07-05,2024-07-15,0.0122222871842843,2024,2024-06-30,learned_order_extension,20260910,0.3496305478307506,0.3496305478307506,0,1
rolling5_quarterly20,3267,2024-07-12,2024-07-22,0.0218881133018156,2024,2024-06-30,learned_order_extension,20260910,0.4516671640141093,0.4516671640141093,0,1
rolling5_quarterly20,3272,2024-07-19,2024-07-29,-0.0378787022382998,2024,2024-06-30,learned_order_extension,20260910,0.3849159375957701,0.3849159375957701,0,0
rolling5_quarterly20,3277,2024-07-26,2024-08-05,-0.0124134568216732,2024,2024-06-30,learned_order_extension,20260910,0.5243846057096,0.5243846057096,1,0
rolling5_quarterly20,3282,2024-08-02,2024-08-12,-0.0102762848330364,2024,2024-06-30,learned_order_extension,20260910,0.4680327540398222,0.4680327540398222,0,0
rolling5_quarterly20,3287,2024-08-09,2024-08-19,0.0050186923751938,2024,2024-06-30,learned_order_extension,20260910,0.4455338595131995,0.4455338595131995,0,1
rolling5_quarterly20,3292,2024-08-16,2024-08-26,-0.0040487282687352,2024,2024-06-30,learned_order_extension,20260910,0.2534774215479514,0.2534774215479514,0,0
rolling5_quarterly20,3297,2024-08-23,2024-09-02,-0.0069594562136714,2024,2024-06-30,learned_order_extension,20260910,0.2069106002049589,0.2069106002049589,0,0
rolling5_quarterly20,3302,2024-08-30,2024-09-09,-0.0280389655151561,2024,2024-06-30,learned_order_extension,20260910,0.14617314609063017,0.14617314609063017,0,0
rolling5_quarterly20,3307,2024-09-06,2024-09-18,-0.0174132138857783,2024,2024-06-30,learned_order_extension,20260910,0.20562567416072364,0.20562567416072364,0,0
rolling5_quarterly20,3312,2024-09-13,2024-09-24,0.0133119329369826,2024,2024-06-30,learned_order_extension,20260910,0.14533886316001696,0.14533886316001696,0,1
rolling5_quarterly20,3315,2024-09-20,2024-09-30,0.2017513988384409,2024,2024-06-30,learned_order_extension,20260910,0.16432450527953985,0.16432450527953985,0,1
rolling5_quarterly20,3320,2024-09-27,2024-10-14,0.0178259004588408,2024,2024-06-30,learned_order_extension,20260910,0.5780937202832864,0.5780937202832864,1,1
rolling5_quarterly20,3262,2024-07-05,2024-07-15,0.0122222871842843,2024,2024-06-30,learned_order_offset,20260910,0.35085331854443086,0.35085331854443086,0,1
rolling5_quarterly20,3267,2024-07-12,2024-07-22,0.0218881133018156,2024,2024-06-30,learned_order_offset,20260910,0.45190743748146717,0.45190743748146717,0,1
rolling5_quarterly20,3272,2024-07-19,2024-07-29,-0.0378787022382998,2024,2024-06-30,learned_order_offset,20260910,0.385805466650063,0.385805466650063,0,0
rolling5_quarterly20,3277,2024-07-26,2024-08-05,-0.0124134568216732,2024,2024-06-30,learned_order_offset,20260910,0.5239824419531534,0.5239824419531534,1,0
rolling5_quarterly20,3282,2024-08-02,2024-08-12,-0.0102762848330364,2024,2024-06-30,learned_order_offset,20260910,0.46870807874801496,0.46870807874801496,0,0
rolling5_quarterly20,3287,2024-08-09,2024-08-19,0.0050186923751938,2024,2024-06-30,learned_order_offset,20260910,0.44613484073169896,0.44613484073169896,0,1
rolling5_quarterly20,3292,2024-08-16,2024-08-26,-0.0040487282687352,2024,2024-06-30,learned_order_offset,20260910,0.2550635714666145,0.2550635714666145,0,0
rolling5_quarterly20,3297,2024-08-23,2024-09-02,-0.0069594562136714,2024,2024-06-30,learned_order_offset,20260910,0.20841483981172731,0.20841483981172731,0,0
rolling5_quarterly20,3302,2024-08-30,2024-09-09,-0.0280389655151561,2024,2024-06-30,learned_order_offset,20260910,0.1478061835097086,0.1478061835097086,0,0
rolling5_quarterly20,3307,2024-09-06,2024-09-18,-0.0174132138857783,2024,2024-06-30,learned_order_offset,20260910,0.20742109452146854,0.20742109452146854,0,0
rolling5_quarterly20,3312,2024-09-13,2024-09-24,0.0133119329369826,2024,2024-06-30,learned_order_offset,20260910,0.14717530235748089,0.14717530235748089,0,1
rolling5_quarterly20,3315,2024-09-20,2024-09-30,0.2017513988384409,2024,2024-06-30,learned_order_offset,20260910,0.16627940227346166,0.16627940227346166,0,1
rolling5_quarterly20,3320,2024-09-27,2024-10-14,0.0178259004588408,2024,2024-06-30,learned_order_offset,20260910,0.5790873300142283,0.5790873300142283,1,1
rolling5_quarterly20,3262,2024-07-05,2024-07-15,0.0122222871842843,2024,2024-06-30,native_mse,20260910,0.0002210908879739684,,1,1
rolling5_quarterly20,3267,2024-07-12,2024-07-22,0.0218881133018156,2024,2024-06-30,native_mse,20260910,0.00023503773563502122,,1,1
rolling5_quarterly20,3272,2024-07-19,2024-07-29,-0.0378787022382998,2024,2024-06-30,native_mse,20260910,0.00016594266253554848,,1,0
rolling5_quarterly20,3277,2024-07-26,2024-08-05,-0.0124134568216732,2024,2024-06-30,native_mse,20260910,0.00029991536499104085,,1,0
rolling5_quarterly20,3282,2024-08-02,2024-08-12,-0.0102762848330364,2024,2024-06-30,native_mse,20260910,0.00027377053860901584,,1,0
rolling5_quarterly20,3287,2024-08-09,2024-08-19,0.0050186923751938,2024,2024-06-30,native_mse,20260910,0.00030002314197242867,,1,1
rolling5_quarterly20,3292,2024-08-16,2024-08-26,-0.0040487282687352,2024,2024-06-30,native_mse,20260910,0.0002452238773700876,,1,0
rolling5_quarterly20,3297,2024-08-23,2024-09-02,-0.0069594562136714,2024,2024-06-30,native_mse,20260910,0.00020589292188534194,,1,0
rolling5_quarterly20,3302,2024-08-30,2024-09-09,-0.0280389655151561,2024,2024-06-30,native_mse,20260910,0.0001537958949186504,,1,0
rolling5_quarterly20,3307,2024-09-06,2024-09-18,-0.0174132138857783,2024,2024-06-30,native_mse,20260910,0.00018223628824864935,,1,0
rolling5_quarterly20,3312,2024-09-13,2024-09-24,0.0133119329369826,2024,2024-06-30,native_mse,20260910,0.00014025294319913988,,1,1
rolling5_quarterly20,3315,2024-09-20,2024-09-30,0.2017513988384409,2024,2024-06-30,native_mse,20260910,0.0001272030200557341,,1,1
rolling5_quarterly20,3320,2024-09-27,2024-10-14,0.0178259004588408,2024,2024-06-30,native_mse,20260910,0.00025550993430583074,,1,1
rolling5_quarterly20,3262,2024-07-05,2024-07-15,0.0122222871842843,2024,2024-06-30,training_frequency,-1,0.48384424192212094,0.48384424192212094,0,1
rolling5_quarterly20,3267,2024-07-12,2024-07-22,0.0218881133018156,2024,2024-06-30,training_frequency,-1,0.48384424192212094,0.48384424192212094,0,1
rolling5_quarterly20,3272,2024-07-19,2024-07-29,-0.0378787022382998,2024,2024-06-30,training_frequency,-1,0.48384424192212094,0.48384424192212094,0,0
rolling5_quarterly20,3277,2024-07-26,2024-08-05,-0.0124134568216732,2024,2024-06-30,training_frequency,-1,0.48384424192212094,0.48384424192212094,0,0
rolling5_quarterly20,3282,2024-08-02,2024-08-12,-0.0102762848330364,2024,2024-06-30,training_frequency,-1,0.48384424192212094,0.48384424192212094,0,0
rolling5_quarterly20,3287,2024-08-09,2024-08-19,0.0050186923751938,2024,2024-06-30,training_frequency,-1,0.48384424192212094,0.48384424192212094,0,1
rolling5_quarterly20,3292,2024-08-16,2024-08-26,-0.0040487282687352,2024,2024-06-30,training_frequency,-1,0.48384424192212094,0.48384424192212094,0,0
rolling5_quarterly20,3297,2024-08-23,2024-09-02,-0.0069594562136714,2024,2024-06-30,training_frequency,-1,0.48384424192212094,0.48384424192212094,0,0
rolling5_quarterly20,3302,2024-08-30,2024-09-09,-0.0280389655151561,2024,2024-06-30,training_frequency,-1,0.48384424192212094,0.48384424192212094,0,0
rolling5_quarterly20,3307,2024-09-06,2024-09-18,-0.0174132138857783,2024,2024-06-30,training_frequency,-1,0.48384424192212094,0.48384424192212094,0,0
rolling5_quarterly20,3312,2024-09-13,2024-09-24,0.0133119329369826,2024,2024-06-30,training_frequency,-1,0.48384424192212094,0.48384424192212094,0,1
rolling5_quarterly20,3315,2024-09-20,2024-09-30,0.2017513988384409,2024,2024-06-30,training_frequency,-1,0.48384424192212094,0.48384424192212094,0,1
rolling5_quarterly20,3320,2024-09-27,2024-10-14,0.0178259004588408,2024,2024-06-30,training_frequency,-1,0.48384424192212094,0.48384424192212094,0,1
rolling5_quarterly20,3262,2024-07-05,2024-07-15,0.0122222871842843,2024,2024-06-30,learned_market,20260911,0.49926336201821037,0.49926336201821037,0,1
rolling5_quarterly20,3267,2024-07-12,2024-07-22,0.0218881133018156,2024,2024-06-30,learned_market,20260911,0.5425997935935994,0.5425997935935994,1,1
rolling5_quarterly20,3272,2024-07-19,2024-07-29,-0.0378787022382998,2024,2024-06-30,learned_market,20260911,0.3531895310078307,0.3531895310078307,0,0
rolling5_quarterly20,3277,2024-07-26,2024-08-05,-0.0124134568216732,2024,2024-06-30,learned_market,20260911,0.33662017284418605,0.33662017284418605,0,0
rolling5_quarterly20,3282,2024-08-02,2024-08-12,-0.0102762848330364,2024,2024-06-30,learned_market,20260911,0.34663488552561844,0.34663488552561844,0,0
rolling5_quarterly20,3287,2024-08-09,2024-08-19,0.0050186923751938,2024,2024-06-30,learned_market,20260911,0.3472888645018024,0.3472888645018024,0,1
rolling5_quarterly20,3292,2024-08-16,2024-08-26,-0.0040487282687352,2024,2024-06-30,learned_market,20260911,0.3709206112066167,0.3709206112066167,0,0
rolling5_quarterly20,3297,2024-08-23,2024-09-02,-0.0069594562136714,2024,2024-06-30,learned_market,20260911,0.37398727964832545,0.37398727964832545,0,0
rolling5_quarterly20,3302,2024-08-30,2024-09-09,-0.0280389655151561,2024,2024-06-30,learned_market,20260911,0.33083510215085854,0.33083510215085854,0,0
rolling5_quarterly20,3307,2024-09-06,2024-09-18,-0.0174132138857783,2024,2024-06-30,learned_market,20260911,0.3898053484058455,0.3898053484058455,0,0
rolling5_quarterly20,3312,2024-09-13,2024-09-24,0.0133119329369826,2024,2024-06-30,learned_market,20260911,0.5394691889321068,0.5394691889321068,1,1
rolling5_quarterly20,3315,2024-09-20,2024-09-30,0.2017513988384409,2024,2024-06-30,learned_market,20260911,0.5133326078636644,0.5133326078636644,1,1
rolling5_quarterly20,3320,2024-09-27,2024-10-14,0.0178259004588408,2024,2024-06-30,learned_market,20260911,0.6015290438070128,0.6015290438070128,1,1
rolling5_quarterly20,3262,2024-07-05,2024-07-15,0.0122222871842843,2024,2024-06-30,learned_vol_interaction,20260911,0.5100450758170141,0.5100450758170141,1,1
rolling5_quarterly20,3267,2024-07-12,2024-07-22,0.0218881133018156,2024,2024-06-30,learned_vol_interaction,20260911,0.5540443263053525,0.5540443263053525,1,1
rolling5_quarterly20,3272,2024-07-19,2024-07-29,-0.0378787022382998,2024,2024-06-30,learned_vol_interaction,20260911,0.3515228972803217,0.3515228972803217,0,0
rolling5_quarterly20,3277,2024-07-26,2024-08-05,-0.0124134568216732,2024,2024-06-30,learned_vol_interaction,20260911,0.3341241033876801,0.3341241033876801,0,0
rolling5_quarterly20,3282,2024-08-02,2024-08-12,-0.0102762848330364,2024,2024-06-30,learned_vol_interaction,20260911,0.3455706704174254,0.3455706704174254,0,0
rolling5_quarterly20,3287,2024-08-09,2024-08-19,0.0050186923751938,2024,2024-06-30,learned_vol_interaction,20260911,0.34706503852868326,0.34706503852868326,0,1
rolling5_quarterly20,3292,2024-08-16,2024-08-26,-0.0040487282687352,2024,2024-06-30,learned_vol_interaction,20260911,0.36629945245793444,0.36629945245793444,0,0
rolling5_quarterly20,3297,2024-08-23,2024-09-02,-0.0069594562136714,2024,2024-06-30,learned_vol_interaction,20260911,0.36958115767505195,0.36958115767505195,0,0
rolling5_quarterly20,3302,2024-08-30,2024-09-09,-0.0280389655151561,2024,2024-06-30,learned_vol_interaction,20260911,0.32790990549679655,0.32790990549679655,0,0
rolling5_quarterly20,3307,2024-09-06,2024-09-18,-0.0174132138857783,2024,2024-06-30,learned_vol_interaction,20260911,0.38793670892155274,0.38793670892155274,0,0
rolling5_quarterly20,3312,2024-09-13,2024-09-24,0.0133119329369826,2024,2024-06-30,learned_vol_interaction,20260911,0.5517692493344187,0.5517692493344187,1,1
rolling5_quarterly20,3315,2024-09-20,2024-09-30,0.2017513988384409,2024,2024-06-30,learned_vol_interaction,20260911,0.5245996472153479,0.5245996472153479,1,1
rolling5_quarterly20,3320,2024-09-27,2024-10-14,0.0178259004588408,2024,2024-06-30,learned_vol_interaction,20260911,0.5964904757034302,0.5964904757034302,1,1
rolling5_quarterly20,3262,2024-07-05,2024-07-15,0.0122222871842843,2024,2024-06-30,learned_order_extension,20260911,0.5191300890339636,0.5191300890339636,1,1
rolling5_quarterly20,3267,2024-07-12,2024-07-22,0.0218881133018156,2024,2024-06-30,learned_order_extension,20260911,0.5667695090228085,0.5667695090228085,1,1
rolling5_quarterly20,3272,2024-07-19,2024-07-29,-0.0378787022382998,2024,2024-06-30,learned_order_extension,20260911,0.3513431346532841,0.3513431346532841,0,0
rolling5_quarterly20,3277,2024-07-26,2024-08-05,-0.0124134568216732,2024,2024-06-30,learned_order_extension,20260911,0.34807339364025935,0.34807339364025935,0,0
rolling5_quarterly20,3282,2024-08-02,2024-08-12,-0.0102762848330364,2024,2024-06-30,learned_order_extension,20260911,0.36181287856212313,0.36181287856212313,0,0
rolling5_quarterly20,3287,2024-08-09,2024-08-19,0.0050186923751938,2024,2024-06-30,learned_order_extension,20260911,0.35618523413803976,0.35618523413803976,0,1
rolling5_quarterly20,3292,2024-08-16,2024-08-26,-0.0040487282687352,2024,2024-06-30,learned_order_extension,20260911,0.36876658521228184,0.36876658521228184,0,0
rolling5_quarterly20,3297,2024-08-23,2024-09-02,-0.0069594562136714,2024,2024-06-30,learned_order_extension,20260911,0.3814030017899543,0.3814030017899543,0,0
rolling5_quarterly20,3302,2024-08-30,2024-09-09,-0.0280389655151561,2024,2024-06-30,learned_order_extension,20260911,0.3388243491448714,0.3388243491448714,0,0
rolling5_quarterly20,3307,2024-09-06,2024-09-18,-0.0174132138857783,2024,2024-06-30,learned_order_extension,20260911,0.38480604239520316,0.38480604239520316,0,0
rolling5_quarterly20,3312,2024-09-13,2024-09-24,0.0133119329369826,2024,2024-06-30,learned_order_extension,20260911,0.5504708018071092,0.5504708018071092,1,1
rolling5_quarterly20,3315,2024-09-20,2024-09-30,0.2017513988384409,2024,2024-06-30,learned_order_extension,20260911,0.5042782067360811,0.5042782067360811,1,1
rolling5_quarterly20,3320,2024-09-27,2024-10-14,0.0178259004588408,2024,2024-06-30,learned_order_extension,20260911,0.5880054127676086,0.5880054127676086,1,1
rolling5_quarterly20,3262,2024-07-05,2024-07-15,0.0122222871842843,2024,2024-06-30,learned_order_offset,20260911,0.5182231034484239,0.5182231034484239,1,1
rolling5_quarterly20,3267,2024-07-12,2024-07-22,0.0218881133018156,2024,2024-06-30,learned_order_offset,20260911,0.5656521610062714,0.5656521610062714,1,1
rolling5_quarterly20,3272,2024-07-19,2024-07-29,-0.0378787022382998,2024,2024-06-30,learned_order_offset,20260911,0.3506573528699996,0.3506573528699996,0,0
rolling5_quarterly20,3277,2024-07-26,2024-08-05,-0.0124134568216732,2024,2024-06-30,learned_order_offset,20260911,0.34740916198009875,0.34740916198009875,0,0
rolling5_quarterly20,3282,2024-08-02,2024-08-12,-0.0102762848330364,2024,2024-06-30,learned_order_offset,20260911,0.36107768822327224,0.36107768822327224,0,0
rolling5_quarterly20,3287,2024-08-09,2024-08-19,0.0050186923751938,2024,2024-06-30,learned_order_offset,20260911,0.3556894679009878,0.3556894679009878,0,1
rolling5_quarterly20,3292,2024-08-16,2024-08-26,-0.0040487282687352,2024,2024-06-30,learned_order_offset,20260911,0.36786802152697495,0.36786802152697495,0,0
rolling5_quarterly20,3297,2024-08-23,2024-09-02,-0.0069594562136714,2024,2024-06-30,learned_order_offset,20260911,0.38100256016734824,0.38100256016734824,0,0
rolling5_quarterly20,3302,2024-08-30,2024-09-09,-0.0280389655151561,2024,2024-06-30,learned_order_offset,20260911,0.3384070097824698,0.3384070097824698,0,0
rolling5_quarterly20,3307,2024-09-06,2024-09-18,-0.0174132138857783,2024,2024-06-30,learned_order_offset,20260911,0.38375781217618415,0.38375781217618415,0,0
rolling5_quarterly20,3312,2024-09-13,2024-09-24,0.0133119329369826,2024,2024-06-30,learned_order_offset,20260911,0.5492050115709807,0.5492050115709807,1,1
rolling5_quarterly20,3315,2024-09-20,2024-09-30,0.2017513988384409,2024,2024-06-30,learned_order_offset,20260911,0.502240376679328,0.502240376679328,1,1
rolling5_quarterly20,3320,2024-09-27,2024-10-14,0.0178259004588408,2024,2024-06-30,learned_order_offset,20260911,0.5869013469734462,0.5869013469734462,1,1
rolling5_quarterly20,3262,2024-07-05,2024-07-15,0.0122222871842843,2024,2024-06-30,native_mse,20260911,0.0022063649127273834,,1,1
rolling5_quarterly20,3267,2024-07-12,2024-07-22,0.0218881133018156,2024,2024-06-30,native_mse,20260911,0.0072675497607299685,,1,1
rolling5_quarterly20,3272,2024-07-19,2024-07-29,-0.0378787022382998,2024,2024-06-30,native_mse,20260911,-0.00029526634190647284,,0,0
rolling5_quarterly20,3277,2024-07-26,2024-08-05,-0.0124134568216732,2024,2024-06-30,native_mse,20260911,-0.0019553013707518823,,0,0
rolling5_quarterly20,3282,2024-08-02,2024-08-12,-0.0102762848330364,2024,2024-06-30,native_mse,20260911,-0.002961244203583157,,0,0
rolling5_quarterly20,3287,2024-08-09,2024-08-19,0.0050186923751938,2024,2024-06-30,native_mse,20260911,-0.0021567936990000976,,0,1
rolling5_quarterly20,3292,2024-08-16,2024-08-26,-0.0040487282687352,2024,2024-06-30,native_mse,20260911,-0.002375826317191247,,0,0
rolling5_quarterly20,3297,2024-08-23,2024-09-02,-0.0069594562136714,2024,2024-06-30,native_mse,20260911,-0.0020557317979738757,,0,0
rolling5_quarterly20,3302,2024-08-30,2024-09-09,-0.0280389655151561,2024,2024-06-30,native_mse,20260911,-0.0021289239541183004,,0,0
rolling5_quarterly20,3307,2024-09-06,2024-09-18,-0.0174132138857783,2024,2024-06-30,native_mse,20260911,0.0010821822610360093,,1,0
rolling5_quarterly20,3312,2024-09-13,2024-09-24,0.0133119329369826,2024,2024-06-30,native_mse,20260911,0.006951981095854778,,1,1
rolling5_quarterly20,3315,2024-09-20,2024-09-30,0.2017513988384409,2024,2024-06-30,native_mse,20260911,0.0071853596383526066,,1,1
rolling5_quarterly20,3320,2024-09-27,2024-10-14,0.0178259004588408,2024,2024-06-30,native_mse,20260911,0.0056180969564602135,,1,1
rolling5_quarterly20,3262,2024-07-05,2024-07-15,0.0122222871842843,2024,2024-06-30,learned_market,20260912,0.38308537703653767,0.38308537703653767,0,1
rolling5_quarterly20,3267,2024-07-12,2024-07-22,0.0218881133018156,2024,2024-06-30,learned_market,20260912,0.4903970935465509,0.4903970935465509,0,1
rolling5_quarterly20,3272,2024-07-19,2024-07-29,-0.0378787022382998,2024,2024-06-30,learned_market,20260912,0.4078583533871781,0.4078583533871781,0,0
rolling5_quarterly20,3277,2024-07-26,2024-08-05,-0.0124134568216732,2024,2024-06-30,learned_market,20260912,0.48126227682814804,0.48126227682814804,0,0
rolling5_quarterly20,3282,2024-08-02,2024-08-12,-0.0102762848330364,2024,2024-06-30,learned_market,20260912,0.5554159159918475,0.5554159159918475,1,0
rolling5_quarterly20,3287,2024-08-09,2024-08-19,0.0050186923751938,2024,2024-06-30,learned_market,20260912,0.49526216509720167,0.49526216509720167,0,1
rolling5_quarterly20,3292,2024-08-16,2024-08-26,-0.0040487282687352,2024,2024-06-30,learned_market,20260912,0.41532669621811413,0.41532669621811413,0,0
rolling5_quarterly20,3297,2024-08-23,2024-09-02,-0.0069594562136714,2024,2024-06-30,learned_market,20260912,0.46702028125888956,0.46702028125888956,0,0
rolling5_quarterly20,3302,2024-08-30,2024-09-09,-0.0280389655151561,2024,2024-06-30,learned_market,20260912,0.5324773445809716,0.5324773445809716,1,0
rolling5_quarterly20,3307,2024-09-06,2024-09-18,-0.0174132138857783,2024,2024-06-30,learned_market,20260912,0.5633964001508858,0.5633964001508858,1,0
rolling5_quarterly20,3312,2024-09-13,2024-09-24,0.0133119329369826,2024,2024-06-30,learned_market,20260912,0.4375559495919445,0.4375559495919445,0,1
rolling5_quarterly20,3315,2024-09-20,2024-09-30,0.2017513988384409,2024,2024-06-30,learned_market,20260912,0.40781506096461695,0.40781506096461695,0,1
rolling5_quarterly20,3320,2024-09-27,2024-10-14,0.0178259004588408,2024,2024-06-30,learned_market,20260912,0.635214110909462,0.635214110909462,1,1
rolling5_quarterly20,3262,2024-07-05,2024-07-15,0.0122222871842843,2024,2024-06-30,learned_vol_interaction,20260912,0.3657911651317119,0.3657911651317119,0,1
rolling5_quarterly20,3267,2024-07-12,2024-07-22,0.0218881133018156,2024,2024-06-30,learned_vol_interaction,20260912,0.49384544732487307,0.49384544732487307,0,1
rolling5_quarterly20,3272,2024-07-19,2024-07-29,-0.0378787022382998,2024,2024-06-30,learned_vol_interaction,20260912,0.3954223667252114,0.3954223667252114,0,0
rolling5_quarterly20,3277,2024-07-26,2024-08-05,-0.0124134568216732,2024,2024-06-30,learned_vol_interaction,20260912,0.4787906953277079,0.4787906953277079,0,0
rolling5_quarterly20,3282,2024-08-02,2024-08-12,-0.0102762848330364,2024,2024-06-30,learned_vol_interaction,20260912,0.5539916333782376,0.5539916333782376,1,0
rolling5_quarterly20,3287,2024-08-09,2024-08-19,0.0050186923751938,2024,2024-06-30,learned_vol_interaction,20260912,0.49695431257940026,0.49695431257940026,0,1
rolling5_quarterly20,3292,2024-08-16,2024-08-26,-0.0040487282687352,2024,2024-06-30,learned_vol_interaction,20260912,0.4185325709900823,0.4185325709900823,0,0
rolling5_quarterly20,3297,2024-08-23,2024-09-02,-0.0069594562136714,2024,2024-06-30,learned_vol_interaction,20260912,0.46915534634443173,0.46915534634443173,0,0
rolling5_quarterly20,3302,2024-08-30,2024-09-09,-0.0280389655151561,2024,2024-06-30,learned_vol_interaction,20260912,0.5322400347269141,0.5322400347269141,1,0
rolling5_quarterly20,3307,2024-09-06,2024-09-18,-0.0174132138857783,2024,2024-06-30,learned_vol_interaction,20260912,0.5725002894215793,0.5725002894215793,1,0
rolling5_quarterly20,3312,2024-09-13,2024-09-24,0.0133119329369826,2024,2024-06-30,learned_vol_interaction,20260912,0.43123082857659817,0.43123082857659817,0,1
rolling5_quarterly20,3315,2024-09-20,2024-09-30,0.2017513988384409,2024,2024-06-30,learned_vol_interaction,20260912,0.39518311059480926,0.39518311059480926,0,1
rolling5_quarterly20,3320,2024-09-27,2024-10-14,0.0178259004588408,2024,2024-06-30,learned_vol_interaction,20260912,0.6343607231914342,0.6343607231914342,1,1
rolling5_quarterly20,3262,2024-07-05,2024-07-15,0.0122222871842843,2024,2024-06-30,learned_order_extension,20260912,0.3686059534585239,0.3686059534585239,0,1
rolling5_quarterly20,3267,2024-07-12,2024-07-22,0.0218881133018156,2024,2024-06-30,learned_order_extension,20260912,0.4939548818279702,0.4939548818279702,0,1
rolling5_quarterly20,3272,2024-07-19,2024-07-29,-0.0378787022382998,2024,2024-06-30,learned_order_extension,20260912,0.3994418719246097,0.3994418719246097,0,0
rolling5_quarterly20,3277,2024-07-26,2024-08-05,-0.0124134568216732,2024,2024-06-30,learned_order_extension,20260912,0.48838095559832007,0.48838095559832007,0,0
rolling5_quarterly20,3282,2024-08-02,2024-08-12,-0.0102762848330364,2024,2024-06-30,learned_order_extension,20260912,0.5523839220383376,0.5523839220383376,1,0
rolling5_quarterly20,3287,2024-08-09,2024-08-19,0.0050186923751938,2024,2024-06-30,learned_order_extension,20260912,0.4979146599200485,0.4979146599200485,0,1
rolling5_quarterly20,3292,2024-08-16,2024-08-26,-0.0040487282687352,2024,2024-06-30,learned_order_extension,20260912,0.4321286150229903,0.4321286150229903,0,0
rolling5_quarterly20,3297,2024-08-23,2024-09-02,-0.0069594562136714,2024,2024-06-30,learned_order_extension,20260912,0.4806052293335455,0.4806052293335455,0,0
rolling5_quarterly20,3302,2024-08-30,2024-09-09,-0.0280389655151561,2024,2024-06-30,learned_order_extension,20260912,0.5441361552308042,0.5441361552308042,1,0
rolling5_quarterly20,3307,2024-09-06,2024-09-18,-0.0174132138857783,2024,2024-06-30,learned_order_extension,20260912,0.5756430923501367,0.5756430923501367,1,0
rolling5_quarterly20,3312,2024-09-13,2024-09-24,0.0133119329369826,2024,2024-06-30,learned_order_extension,20260912,0.44067374475298104,0.44067374475298104,0,1
rolling5_quarterly20,3315,2024-09-20,2024-09-30,0.2017513988384409,2024,2024-06-30,learned_order_extension,20260912,0.4161446505570892,0.4161446505570892,0,1
rolling5_quarterly20,3320,2024-09-27,2024-10-14,0.0178259004588408,2024,2024-06-30,learned_order_extension,20260912,0.6286001340328515,0.6286001340328515,1,1
rolling5_quarterly20,3262,2024-07-05,2024-07-15,0.0122222871842843,2024,2024-06-30,learned_order_offset,20260912,0.36796639216364735,0.36796639216364735,0,1
rolling5_quarterly20,3267,2024-07-12,2024-07-22,0.0218881133018156,2024,2024-06-30,learned_order_offset,20260912,0.4935672382574856,0.4935672382574856,0,1
rolling5_quarterly20,3272,2024-07-19,2024-07-29,-0.0378787022382998,2024,2024-06-30,learned_order_offset,20260912,0.3988467803393887,0.3988467803393887,0,0
rolling5_quarterly20,3277,2024-07-26,2024-08-05,-0.0124134568216732,2024,2024-06-30,learned_order_offset,20260912,0.4882449043656292,0.4882449043656292,0,0
rolling5_quarterly20,3282,2024-08-02,2024-08-12,-0.0102762848330364,2024,2024-06-30,learned_order_offset,20260912,0.552596522862595,0.552596522862595,1,0
rolling5_quarterly20,3287,2024-08-09,2024-08-19,0.0050186923751938,2024,2024-06-30,learned_order_offset,20260912,0.4982634783671064,0.4982634783671064,0,1
rolling5_quarterly20,3292,2024-08-16,2024-08-26,-0.0040487282687352,2024,2024-06-30,learned_order_offset,20260912,0.4328347550752289,0.4328347550752289,0,0
rolling5_quarterly20,3297,2024-08-23,2024-09-02,-0.0069594562136714,2024,2024-06-30,learned_order_offset,20260912,0.4810860603570061,0.4810860603570061,0,0
rolling5_quarterly20,3302,2024-08-30,2024-09-09,-0.0280389655151561,2024,2024-06-30,learned_order_offset,20260912,0.5448776743089333,0.5448776743089333,1,0
rolling5_quarterly20,3307,2024-09-06,2024-09-18,-0.0174132138857783,2024,2024-06-30,learned_order_offset,20260912,0.5762998487716574,0.5762998487716574,1,0
rolling5_quarterly20,3312,2024-09-13,2024-09-24,0.0133119329369826,2024,2024-06-30,learned_order_offset,20260912,0.4409419007578728,0.4409419007578728,0,1
rolling5_quarterly20,3315,2024-09-20,2024-09-30,0.2017513988384409,2024,2024-06-30,learned_order_offset,20260912,0.4164464435770593,0.4164464435770593,0,1
rolling5_quarterly20,3320,2024-09-27,2024-10-14,0.0178259004588408,2024,2024-06-30,learned_order_offset,20260912,0.6286305677953709,0.6286305677953709,1,1
rolling5_quarterly20,3262,2024-07-05,2024-07-15,0.0122222871842843,2024,2024-06-30,native_mse,20260912,-7.112075499722927e-05,,0,1
rolling5_quarterly20,3267,2024-07-12,2024-07-22,0.0218881133018156,2024,2024-06-30,native_mse,20260912,0.00021828975741253323,,1,1
rolling5_quarterly20,3272,2024-07-19,2024-07-29,-0.0378787022382998,2024,2024-06-30,native_mse,20260912,0.0008953758365154369,,1,0
rolling5_quarterly20,3277,2024-07-26,2024-08-05,-0.0124134568216732,2024,2024-06-30,native_mse,20260912,0.0012203626712836099,,1,0
rolling5_quarterly20,3282,2024-08-02,2024-08-12,-0.0102762848330364,2024,2024-06-30,native_mse,20260912,0.001116527679235826,,1,0
rolling5_quarterly20,3287,2024-08-09,2024-08-19,0.0050186923751938,2024,2024-06-30,native_mse,20260912,0.001254333060637622,,1,1
rolling5_quarterly20,3292,2024-08-16,2024-08-26,-0.0040487282687352,2024,2024-06-30,native_mse,20260912,-0.0003027936561789486,,0,0
rolling5_quarterly20,3297,2024-08-23,2024-09-02,-0.0069594562136714,2024,2024-06-30,native_mse,20260912,0.0007531572457285208,,1,0
rolling5_quarterly20,3302,2024-08-30,2024-09-09,-0.0280389655151561,2024,2024-06-30,native_mse,20260912,0.0007223816114488174,,1,0
rolling5_quarterly20,3307,2024-09-06,2024-09-18,-0.0174132138857783,2024,2024-06-30,native_mse,20260912,0.0007847984060827837,,1,0
rolling5_quarterly20,3312,2024-09-13,2024-09-24,0.0133119329369826,2024,2024-06-30,native_mse,20260912,0.0002325253247107184,,1,1
rolling5_quarterly20,3315,2024-09-20,2024-09-30,0.2017513988384409,2024,2024-06-30,native_mse,20260912,5.013608914537841e-05,,1,1
rolling5_quarterly20,3320,2024-09-27,2024-10-14,0.0178259004588408,2024,2024-06-30,native_mse,20260912,0.0007726599140245288,,1,1
rolling5_quarterly20,3325,2024-10-11,2024-10-21,0.0080914993282625,2024,2024-09-30,learned_market,20260910,0.7223818309175172,0.7223818309175172,1,1
rolling5_quarterly20,3330,2024-10-18,2024-10-28,0.0015733867085561,2024,2024-09-30,learned_market,20260910,0.4534093847466764,0.4534093847466764,0,1
rolling5_quarterly20,3335,2024-10-25,2024-11-04,-0.0140142824257356,2024,2024-09-30,learned_market,20260910,0.4558335534500947,0.4558335534500947,0,0
rolling5_quarterly20,3340,2024-11-01,2024-11-11,0.0434152361258277,2024,2024-09-30,learned_market,20260910,0.5180548234327812,0.5180548234327812,1,1
rolling5_quarterly20,3345,2024-11-08,2024-11-18,-0.0208584853931589,2024,2024-09-30,learned_market,20260910,0.4303080280466914,0.4303080280466914,0,0
rolling5_quarterly20,3350,2024-11-15,2024-11-25,-0.0267421712161923,2024,2024-09-30,learned_market,20260910,0.5109805523974972,0.5109805523974972,1,0
rolling5_quarterly20,3355,2024-11-22,2024-12-02,0.0087960346887328,2024,2024-09-30,learned_market,20260910,0.5656385950433839,0.5656385950433839,1,1
rolling5_quarterly20,3360,2024-11-29,2024-12-09,0.0155919891551781,2024,2024-09-30,learned_market,20260910,0.5880984550580931,0.5880984550580931,1,1
rolling5_quarterly20,3365,2024-12-06,2024-12-16,-0.0100436703218104,2024,2024-09-30,learned_market,20260910,0.5490535080030001,0.5490535080030001,1,0
rolling5_quarterly20,3370,2024-12-13,2024-12-23,-0.0006690784017421,2024,2024-09-30,learned_market,20260910,0.5597579955956384,0.5597579955956384,1,0
rolling5_quarterly20,3375,2024-12-20,2024-12-30,0.0123595076562756,2024,2024-09-30,learned_market,20260910,0.4958176694332395,0.4958176694332395,0,1
rolling5_quarterly20,3380,2024-12-27,2025-01-06,-0.0504714964669198,2024,2024-09-30,learned_market,20260910,0.43560700624190934,0.43560700624190934,0,0
rolling5_quarterly20,3325,2024-10-11,2024-10-21,0.0080914993282625,2024,2024-09-30,learned_vol_interaction,20260910,0.7033254671870405,0.7033254671870405,1,1
rolling5_quarterly20,3330,2024-10-18,2024-10-28,0.0015733867085561,2024,2024-09-30,learned_vol_interaction,20260910,0.4989555747193717,0.4989555747193717,0,1
rolling5_quarterly20,3335,2024-10-25,2024-11-04,-0.0140142824257356,2024,2024-09-30,learned_vol_interaction,20260910,0.4975234181660413,0.4975234181660413,0,0
rolling5_quarterly20,3340,2024-11-01,2024-11-11,0.0434152361258277,2024,2024-09-30,learned_vol_interaction,20260910,0.5386290695573167,0.5386290695573167,1,1
rolling5_quarterly20,3345,2024-11-08,2024-11-18,-0.0208584853931589,2024,2024-09-30,learned_vol_interaction,20260910,0.43339392545540806,0.43339392545540806,0,0
rolling5_quarterly20,3350,2024-11-15,2024-11-25,-0.0267421712161923,2024,2024-09-30,learned_vol_interaction,20260910,0.5043248816052123,0.5043248816052123,1,0
rolling5_quarterly20,3355,2024-11-22,2024-12-02,0.0087960346887328,2024,2024-09-30,learned_vol_interaction,20260910,0.557218077264473,0.557218077264473,1,1
rolling5_quarterly20,3360,2024-11-29,2024-12-09,0.0155919891551781,2024,2024-09-30,learned_vol_interaction,20260910,0.5756898447896543,0.5756898447896543,1,1
rolling5_quarterly20,3365,2024-12-06,2024-12-16,-0.0100436703218104,2024,2024-09-30,learned_vol_interaction,20260910,0.5423076015410206,0.5423076015410206,1,0
rolling5_quarterly20,3370,2024-12-13,2024-12-23,-0.0006690784017421,2024,2024-09-30,learned_vol_interaction,20260910,0.554712316913434,0.554712316913434,1,0
rolling5_quarterly20,3375,2024-12-20,2024-12-30,0.0123595076562756,2024,2024-09-30,learned_vol_interaction,20260910,0.4931170260547335,0.4931170260547335,0,1
rolling5_quarterly20,3380,2024-12-27,2025-01-06,-0.0504714964669198,2024,2024-09-30,learned_vol_interaction,20260910,0.43515879795060486,0.43515879795060486,0,0
rolling5_quarterly20,3325,2024-10-11,2024-10-21,0.0080914993282625,2024,2024-09-30,learned_order_extension,20260910,0.6571166849684009,0.6571166849684009,1,1
rolling5_quarterly20,3330,2024-10-18,2024-10-28,0.0015733867085561,2024,2024-09-30,learned_order_extension,20260910,0.5384379306563015,0.5384379306563015,1,1
rolling5_quarterly20,3335,2024-10-25,2024-11-04,-0.0140142824257356,2024,2024-09-30,learned_order_extension,20260910,0.5302022272855527,0.5302022272855527,1,0
rolling5_quarterly20,3340,2024-11-01,2024-11-11,0.0434152361258277,2024,2024-09-30,learned_order_extension,20260910,0.5709838664901546,0.5709838664901546,1,1
rolling5_quarterly20,3345,2024-11-08,2024-11-18,-0.0208584853931589,2024,2024-09-30,learned_order_extension,20260910,0.44082154758268016,0.44082154758268016,0,0
rolling5_quarterly20,3350,2024-11-15,2024-11-25,-0.0267421712161923,2024,2024-09-30,learned_order_extension,20260910,0.5065327366776807,0.5065327366776807,1,0
rolling5_quarterly20,3355,2024-11-22,2024-12-02,0.0087960346887328,2024,2024-09-30,learned_order_extension,20260910,0.5560933461338259,0.5560933461338259,1,1
rolling5_quarterly20,3360,2024-11-29,2024-12-09,0.0155919891551781,2024,2024-09-30,learned_order_extension,20260910,0.583193242121201,0.583193242121201,1,1
rolling5_quarterly20,3365,2024-12-06,2024-12-16,-0.0100436703218104,2024,2024-09-30,learned_order_extension,20260910,0.5373954137023743,0.5373954137023743,1,0
rolling5_quarterly20,3370,2024-12-13,2024-12-23,-0.0006690784017421,2024,2024-09-30,learned_order_extension,20260910,0.5568194445853835,0.5568194445853835,1,0
rolling5_quarterly20,3375,2024-12-20,2024-12-30,0.0123595076562756,2024,2024-09-30,learned_order_extension,20260910,0.49500238648519435,0.49500238648519435,0,1
rolling5_quarterly20,3380,2024-12-27,2025-01-06,-0.0504714964669198,2024,2024-09-30,learned_order_extension,20260910,0.4314680296036353,0.4314680296036353,0,0
rolling5_quarterly20,3325,2024-10-11,2024-10-21,0.0080914993282625,2024,2024-09-30,learned_order_offset,20260910,0.6575983593027476,0.6575983593027476,1,1
rolling5_quarterly20,3330,2024-10-18,2024-10-28,0.0015733867085561,2024,2024-09-30,learned_order_offset,20260910,0.5394585705319417,0.5394585705319417,1,1
rolling5_quarterly20,3335,2024-10-25,2024-11-04,-0.0140142824257356,2024,2024-09-30,learned_order_offset,20260910,0.5318957128294163,0.5318957128294163,1,0
rolling5_quarterly20,3340,2024-11-01,2024-11-11,0.0434152361258277,2024,2024-09-30,learned_order_offset,20260910,0.5726208470118356,0.5726208470118356,1,1
rolling5_quarterly20,3345,2024-11-08,2024-11-18,-0.0208584853931589,2024,2024-09-30,learned_order_offset,20260910,0.44322949320633626,0.44322949320633626,0,0
rolling5_quarterly20,3350,2024-11-15,2024-11-25,-0.0267421712161923,2024,2024-09-30,learned_order_offset,20260910,0.5082595144907314,0.5082595144907314,1,0
rolling5_quarterly20,3355,2024-11-22,2024-12-02,0.0087960346887328,2024,2024-09-30,learned_order_offset,20260910,0.5572707829618239,0.5572707829618239,1,1
rolling5_quarterly20,3360,2024-11-29,2024-12-09,0.0155919891551781,2024,2024-09-30,learned_order_offset,20260910,0.5839153575241138,0.5839153575241138,1,1
rolling5_quarterly20,3365,2024-12-06,2024-12-16,-0.0100436703218104,2024,2024-09-30,learned_order_offset,20260910,0.53783305599963,0.53783305599963,1,0
rolling5_quarterly20,3370,2024-12-13,2024-12-23,-0.0006690784017421,2024,2024-09-30,learned_order_offset,20260910,0.5571530578748167,0.5571530578748167,1,0
rolling5_quarterly20,3375,2024-12-20,2024-12-30,0.0123595076562756,2024,2024-09-30,learned_order_offset,20260910,0.49505214612620996,0.49505214612620996,0,1
rolling5_quarterly20,3380,2024-12-27,2025-01-06,-0.0504714964669198,2024,2024-09-30,learned_order_offset,20260910,0.4318160097753067,0.4318160097753067,0,0
rolling5_quarterly20,3325,2024-10-11,2024-10-21,0.0080914993282625,2024,2024-09-30,native_mse,20260910,0.0026239009787989353,,1,1
rolling5_quarterly20,3330,2024-10-18,2024-10-28,0.0015733867085561,2024,2024-09-30,native_mse,20260910,-0.0017178734650304145,,0,1
rolling5_quarterly20,3335,2024-10-25,2024-11-04,-0.0140142824257356,2024,2024-09-30,native_mse,20260910,-0.002453412716915306,,0,0
rolling5_quarterly20,3340,2024-11-01,2024-11-11,0.0434152361258277,2024,2024-09-30,native_mse,20260910,-0.002301409103036727,,0,1
rolling5_quarterly20,3345,2024-11-08,2024-11-18,-0.0208584853931589,2024,2024-09-30,native_mse,20260910,-0.00218083824737973,,0,0
rolling5_quarterly20,3350,2024-11-15,2024-11-25,-0.0267421712161923,2024,2024-09-30,native_mse,20260910,-0.0015390643331655211,,0,0
rolling5_quarterly20,3355,2024-11-22,2024-12-02,0.0087960346887328,2024,2024-09-30,native_mse,20260910,-0.0008797280050298845,,0,1
rolling5_quarterly20,3360,2024-11-29,2024-12-09,0.0155919891551781,2024,2024-09-30,native_mse,20260910,-0.0007872881439079114,,0,1
rolling5_quarterly20,3365,2024-12-06,2024-12-16,-0.0100436703218104,2024,2024-09-30,native_mse,20260910,-0.0009134339394952792,,0,0
rolling5_quarterly20,3370,2024-12-13,2024-12-23,-0.0006690784017421,2024,2024-09-30,native_mse,20260910,-0.0009292729532519675,,0,0
rolling5_quarterly20,3375,2024-12-20,2024-12-30,0.0123595076562756,2024,2024-09-30,native_mse,20260910,-0.001160819994485149,,0,1
rolling5_quarterly20,3380,2024-12-27,2025-01-06,-0.0504714964669198,2024,2024-09-30,native_mse,20260910,-0.001325717937245472,,0,0
rolling5_quarterly20,3325,2024-10-11,2024-10-21,0.0080914993282625,2024,2024-09-30,training_frequency,-1,0.472636815920398,0.472636815920398,0,1
rolling5_quarterly20,3330,2024-10-18,2024-10-28,0.0015733867085561,2024,2024-09-30,training_frequency,-1,0.472636815920398,0.472636815920398,0,1
rolling5_quarterly20,3335,2024-10-25,2024-11-04,-0.0140142824257356,2024,2024-09-30,training_frequency,-1,0.472636815920398,0.472636815920398,0,0
rolling5_quarterly20,3340,2024-11-01,2024-11-11,0.0434152361258277,2024,2024-09-30,training_frequency,-1,0.472636815920398,0.472636815920398,0,1
rolling5_quarterly20,3345,2024-11-08,2024-11-18,-0.0208584853931589,2024,2024-09-30,training_frequency,-1,0.472636815920398,0.472636815920398,0,0
rolling5_quarterly20,3350,2024-11-15,2024-11-25,-0.0267421712161923,2024,2024-09-30,training_frequency,-1,0.472636815920398,0.472636815920398,0,0
rolling5_quarterly20,3355,2024-11-22,2024-12-02,0.0087960346887328,2024,2024-09-30,training_frequency,-1,0.472636815920398,0.472636815920398,0,1
rolling5_quarterly20,3360,2024-11-29,2024-12-09,0.0155919891551781,2024,2024-09-30,training_frequency,-1,0.472636815920398,0.472636815920398,0,1
rolling5_quarterly20,3365,2024-12-06,2024-12-16,-0.0100436703218104,2024,2024-09-30,training_frequency,-1,0.472636815920398,0.472636815920398,0,0
rolling5_quarterly20,3370,2024-12-13,2024-12-23,-0.0006690784017421,2024,2024-09-30,training_frequency,-1,0.472636815920398,0.472636815920398,0,0
rolling5_quarterly20,3375,2024-12-20,2024-12-30,0.0123595076562756,2024,2024-09-30,training_frequency,-1,0.472636815920398,0.472636815920398,0,1
rolling5_quarterly20,3380,2024-12-27,2025-01-06,-0.0504714964669198,2024,2024-09-30,training_frequency,-1,0.472636815920398,0.472636815920398,0,0
rolling5_quarterly20,3325,2024-10-11,2024-10-21,0.0080914993282625,2024,2024-09-30,learned_market,20260911,0.7862698543870271,0.7862698543870271,1,1
rolling5_quarterly20,3330,2024-10-18,2024-10-28,0.0015733867085561,2024,2024-09-30,learned_market,20260911,0.6496539808240852,0.6496539808240852,1,1
rolling5_quarterly20,3335,2024-10-25,2024-11-04,-0.0140142824257356,2024,2024-09-30,learned_market,20260911,0.6815727250310246,0.6815727250310246,1,0
rolling5_quarterly20,3340,2024-11-01,2024-11-11,0.0434152361258277,2024,2024-09-30,learned_market,20260911,0.6453074427543951,0.6453074427543951,1,1
rolling5_quarterly20,3345,2024-11-08,2024-11-18,-0.0208584853931589,2024,2024-09-30,learned_market,20260911,0.5889280779418027,0.5889280779418027,1,0
rolling5_quarterly20,3350,2024-11-15,2024-11-25,-0.0267421712161923,2024,2024-09-30,learned_market,20260911,0.4835805930824309,0.4835805930824309,0,0
rolling5_quarterly20,3355,2024-11-22,2024-12-02,0.0087960346887328,2024,2024-09-30,learned_market,20260911,0.4178541409437096,0.4178541409437096,0,1
rolling5_quarterly20,3360,2024-11-29,2024-12-09,0.0155919891551781,2024,2024-09-30,learned_market,20260911,0.5288037759540485,0.5288037759540485,1,1
rolling5_quarterly20,3365,2024-12-06,2024-12-16,-0.0100436703218104,2024,2024-09-30,learned_market,20260911,0.42477643774714846,0.42477643774714846,0,0
rolling5_quarterly20,3370,2024-12-13,2024-12-23,-0.0006690784017421,2024,2024-09-30,learned_market,20260911,0.46627514507681644,0.46627514507681644,0,0
rolling5_quarterly20,3375,2024-12-20,2024-12-30,0.0123595076562756,2024,2024-09-30,learned_market,20260911,0.3755162379982086,0.3755162379982086,0,1
rolling5_quarterly20,3380,2024-12-27,2025-01-06,-0.0504714964669198,2024,2024-09-30,learned_market,20260911,0.4180437448195221,0.4180437448195221,0,0
rolling5_quarterly20,3325,2024-10-11,2024-10-21,0.0080914993282625,2024,2024-09-30,learned_vol_interaction,20260911,0.7658445367772845,0.7658445367772845,1,1
rolling5_quarterly20,3330,2024-10-18,2024-10-28,0.0015733867085561,2024,2024-09-30,learned_vol_interaction,20260911,0.6498566386986956,0.6498566386986956,1,1
rolling5_quarterly20,3335,2024-10-25,2024-11-04,-0.0140142824257356,2024,2024-09-30,learned_vol_interaction,20260911,0.6806485150978931,0.6806485150978931,1,0
rolling5_quarterly20,3340,2024-11-01,2024-11-11,0.0434152361258277,2024,2024-09-30,learned_vol_interaction,20260911,0.6479406672487928,0.6479406672487928,1,1
rolling5_quarterly20,3345,2024-11-08,2024-11-18,-0.0208584853931589,2024,2024-09-30,learned_vol_interaction,20260911,0.5851799073472874,0.5851799073472874,1,0
rolling5_quarterly20,3350,2024-11-15,2024-11-25,-0.0267421712161923,2024,2024-09-30,learned_vol_interaction,20260911,0.4746648557473515,0.4746648557473515,0,0
rolling5_quarterly20,3355,2024-11-22,2024-12-02,0.0087960346887328,2024,2024-09-30,learned_vol_interaction,20260911,0.420982142588683,0.420982142588683,0,1
rolling5_quarterly20,3360,2024-11-29,2024-12-09,0.0155919891551781,2024,2024-09-30,learned_vol_interaction,20260911,0.525043911062535,0.525043911062535,1,1
rolling5_quarterly20,3365,2024-12-06,2024-12-16,-0.0100436703218104,2024,2024-09-30,learned_vol_interaction,20260911,0.42389690736277646,0.42389690736277646,0,0
rolling5_quarterly20,3370,2024-12-13,2024-12-23,-0.0006690784017421,2024,2024-09-30,learned_vol_interaction,20260911,0.46126942160404677,0.46126942160404677,0,0
rolling5_quarterly20,3375,2024-12-20,2024-12-30,0.0123595076562756,2024,2024-09-30,learned_vol_interaction,20260911,0.3708367002614678,0.3708367002614678,0,1
rolling5_quarterly20,3380,2024-12-27,2025-01-06,-0.0504714964669198,2024,2024-09-30,learned_vol_interaction,20260911,0.41609305150520337,0.41609305150520337,0,0
rolling5_quarterly20,3325,2024-10-11,2024-10-21,0.0080914993282625,2024,2024-09-30,learned_order_extension,20260911,0.7132453070812638,0.7132453070812638,1,1
rolling5_quarterly20,3330,2024-10-18,2024-10-28,0.0015733867085561,2024,2024-09-30,learned_order_extension,20260911,0.658880503129361,0.658880503129361,1,1
rolling5_quarterly20,3335,2024-10-25,2024-11-04,-0.0140142824257356,2024,2024-09-30,learned_order_extension,20260911,0.6692122628776845,0.6692122628776845,1,0
rolling5_quarterly20,3340,2024-11-01,2024-11-11,0.0434152361258277,2024,2024-09-30,learned_order_extension,20260911,0.6564671490992956,0.6564671490992956,1,1
rolling5_quarterly20,3345,2024-11-08,2024-11-18,-0.0208584853931589,2024,2024-09-30,learned_order_extension,20260911,0.5746086671808738,0.5746086671808738,1,0
rolling5_quarterly20,3350,2024-11-15,2024-11-25,-0.0267421712161923,2024,2024-09-30,learned_order_extension,20260911,0.47265632048306916,0.47265632048306916,0,0
rolling5_quarterly20,3355,2024-11-22,2024-12-02,0.0087960346887328,2024,2024-09-30,learned_order_extension,20260911,0.40299452008314257,0.40299452008314257,0,1
rolling5_quarterly20,3360,2024-11-29,2024-12-09,0.0155919891551781,2024,2024-09-30,learned_order_extension,20260911,0.5073569890330512,0.5073569890330512,1,1
rolling5_quarterly20,3365,2024-12-06,2024-12-16,-0.0100436703218104,2024,2024-09-30,learned_order_extension,20260911,0.4162251236844687,0.4162251236844687,0,0
rolling5_quarterly20,3370,2024-12-13,2024-12-23,-0.0006690784017421,2024,2024-09-30,learned_order_extension,20260911,0.4468854107409228,0.4468854107409228,0,0
rolling5_quarterly20,3375,2024-12-20,2024-12-30,0.0123595076562756,2024,2024-09-30,learned_order_extension,20260911,0.3471682456237233,0.3471682456237233,0,1
rolling5_quarterly20,3380,2024-12-27,2025-01-06,-0.0504714964669198,2024,2024-09-30,learned_order_extension,20260911,0.4117884702299777,0.4117884702299777,0,0
rolling5_quarterly20,3325,2024-10-11,2024-10-21,0.0080914993282625,2024,2024-09-30,learned_order_offset,20260911,0.7130298105496495,0.7130298105496495,1,1
rolling5_quarterly20,3330,2024-10-18,2024-10-28,0.0015733867085561,2024,2024-09-30,learned_order_offset,20260911,0.659319842987245,0.659319842987245,1,1
rolling5_quarterly20,3335,2024-10-25,2024-11-04,-0.0140142824257356,2024,2024-09-30,learned_order_offset,20260911,0.669368690866205,0.669368690866205,1,0
rolling5_quarterly20,3340,2024-11-01,2024-11-11,0.0434152361258277,2024,2024-09-30,learned_order_offset,20260911,0.6569362063444621,0.6569362063444621,1,1
rolling5_quarterly20,3345,2024-11-08,2024-11-18,-0.0208584853931589,2024,2024-09-30,learned_order_offset,20260911,0.5750312133597572,0.5750312133597572,1,0
rolling5_quarterly20,3350,2024-11-15,2024-11-25,-0.0267421712161923,2024,2024-09-30,learned_order_offset,20260911,0.47314464941241335,0.47314464941241335,0,0
rolling5_quarterly20,3355,2024-11-22,2024-12-02,0.0087960346887328,2024,2024-09-30,learned_order_offset,20260911,0.4037164494788259,0.4037164494788259,0,1
rolling5_quarterly20,3360,2024-11-29,2024-12-09,0.0155919891551781,2024,2024-09-30,learned_order_offset,20260911,0.5079064428004708,0.5079064428004708,1,1
rolling5_quarterly20,3365,2024-12-06,2024-12-16,-0.0100436703218104,2024,2024-09-30,learned_order_offset,20260911,0.4167249498381365,0.4167249498381365,0,0
rolling5_quarterly20,3370,2024-12-13,2024-12-23,-0.0006690784017421,2024,2024-09-30,learned_order_offset,20260911,0.44697611277328325,0.44697611277328325,0,0
rolling5_quarterly20,3375,2024-12-20,2024-12-30,0.0123595076562756,2024,2024-09-30,learned_order_offset,20260911,0.3474727267166414,0.3474727267166414,0,1
rolling5_quarterly20,3380,2024-12-27,2025-01-06,-0.0504714964669198,2024,2024-09-30,learned_order_offset,20260911,0.41216355158393075,0.41216355158393075,0,0
rolling5_quarterly20,3325,2024-10-11,2024-10-21,0.0080914993282625,2024,2024-09-30,native_mse,20260911,0.0022882021921208032,,1,1
rolling5_quarterly20,3330,2024-10-18,2024-10-28,0.0015733867085561,2024,2024-09-30,native_mse,20260911,-0.0006027069144923121,,0,1
rolling5_quarterly20,3335,2024-10-25,2024-11-04,-0.0140142824257356,2024,2024-09-30,native_mse,20260911,-0.0003823763577150486,,0,0
rolling5_quarterly20,3340,2024-11-01,2024-11-11,0.0434152361258277,2024,2024-09-30,native_mse,20260911,-0.0020640984840279942,,0,1
rolling5_quarterly20,3345,2024-11-08,2024-11-18,-0.0208584853931589,2024,2024-09-30,native_mse,20260911,-0.0008359034343116882,,0,0
rolling5_quarterly20,3350,2024-11-15,2024-11-25,-0.0267421712161923,2024,2024-09-30,native_mse,20260911,-0.0020384836296776536,,0,0
rolling5_quarterly20,3355,2024-11-22,2024-12-02,0.0087960346887328,2024,2024-09-30,native_mse,20260911,-0.002477668817477511,,0,1
rolling5_quarterly20,3360,2024-11-29,2024-12-09,0.0155919891551781,2024,2024-09-30,native_mse,20260911,-0.002081184542285648,,0,1
rolling5_quarterly20,3365,2024-12-06,2024-12-16,-0.0100436703218104,2024,2024-09-30,native_mse,20260911,-0.0027839272705283786,,0,0
rolling5_quarterly20,3370,2024-12-13,2024-12-23,-0.0006690784017421,2024,2024-09-30,native_mse,20260911,-0.003319511809778678,,0,0
rolling5_quarterly20,3375,2024-12-20,2024-12-30,0.0123595076562756,2024,2024-09-30,native_mse,20260911,-0.003070830398151085,,0,1
rolling5_quarterly20,3380,2024-12-27,2025-01-06,-0.0504714964669198,2024,2024-09-30,native_mse,20260911,-0.0018728850607017016,,0,0
rolling5_quarterly20,3325,2024-10-11,2024-10-21,0.0080914993282625,2024,2024-09-30,learned_market,20260912,0.7538884887199693,0.7538884887199693,1,1
rolling5_quarterly20,3330,2024-10-18,2024-10-28,0.0015733867085561,2024,2024-09-30,learned_market,20260912,0.6798603359532077,0.6798603359532077,1,1
rolling5_quarterly20,3335,2024-10-25,2024-11-04,-0.0140142824257356,2024,2024-09-30,learned_market,20260912,0.7564302992617123,0.7564302992617123,1,0
rolling5_quarterly20,3340,2024-11-01,2024-11-11,0.0434152361258277,2024,2024-09-30,learned_market,20260912,0.6717115824574459,0.6717115824574459,1,1
rolling5_quarterly20,3345,2024-11-08,2024-11-18,-0.0208584853931589,2024,2024-09-30,learned_market,20260912,0.6786813067486877,0.6786813067486877,1,0
rolling5_quarterly20,3350,2024-11-15,2024-11-25,-0.0267421712161923,2024,2024-09-30,learned_market,20260912,0.4767059916471869,0.4767059916471869,0,0
rolling5_quarterly20,3355,2024-11-22,2024-12-02,0.0087960346887328,2024,2024-09-30,learned_market,20260912,0.576192769430147,0.576192769430147,1,1
rolling5_quarterly20,3360,2024-11-29,2024-12-09,0.0155919891551781,2024,2024-09-30,learned_market,20260912,0.4321369959289535,0.4321369959289535,0,1
rolling5_quarterly20,3365,2024-12-06,2024-12-16,-0.0100436703218104,2024,2024-09-30,learned_market,20260912,0.3658585527338697,0.3658585527338697,0,0
rolling5_quarterly20,3370,2024-12-13,2024-12-23,-0.0006690784017421,2024,2024-09-30,learned_market,20260912,0.396453115987086,0.396453115987086,0,0
rolling5_quarterly20,3375,2024-12-20,2024-12-30,0.0123595076562756,2024,2024-09-30,learned_market,20260912,0.400216673511061,0.400216673511061,0,1
rolling5_quarterly20,3380,2024-12-27,2025-01-06,-0.0504714964669198,2024,2024-09-30,learned_market,20260912,0.368998895292996,0.368998895292996,0,0
rolling5_quarterly20,3325,2024-10-11,2024-10-21,0.0080914993282625,2024,2024-09-30,learned_vol_interaction,20260912,0.7219391305949698,0.7219391305949698,1,1
rolling5_quarterly20,3330,2024-10-18,2024-10-28,0.0015733867085561,2024,2024-09-30,learned_vol_interaction,20260912,0.6725276281227442,0.6725276281227442,1,1
rolling5_quarterly20,3335,2024-10-25,2024-11-04,-0.0140142824257356,2024,2024-09-30,learned_vol_interaction,20260912,0.7224848000244141,0.7224848000244141,1,0
rolling5_quarterly20,3340,2024-11-01,2024-11-11,0.0434152361258277,2024,2024-09-30,learned_vol_interaction,20260912,0.6599797142484618,0.6599797142484618,1,1
rolling5_quarterly20,3345,2024-11-08,2024-11-18,-0.0208584853931589,2024,2024-09-30,learned_vol_interaction,20260912,0.6607564807903036,0.6607564807903036,1,0
rolling5_quarterly20,3350,2024-11-15,2024-11-25,-0.0267421712161923,2024,2024-09-30,learned_vol_interaction,20260912,0.4733177184064361,0.4733177184064361,0,0
rolling5_quarterly20,3355,2024-11-22,2024-12-02,0.0087960346887328,2024,2024-09-30,learned_vol_interaction,20260912,0.5686768878477426,0.5686768878477426,1,1
rolling5_quarterly20,3360,2024-11-29,2024-12-09,0.0155919891551781,2024,2024-09-30,learned_vol_interaction,20260912,0.4382341171278092,0.4382341171278092,0,1
rolling5_quarterly20,3365,2024-12-06,2024-12-16,-0.0100436703218104,2024,2024-09-30,learned_vol_interaction,20260912,0.363335144504853,0.363335144504853,0,0
rolling5_quarterly20,3370,2024-12-13,2024-12-23,-0.0006690784017421,2024,2024-09-30,learned_vol_interaction,20260912,0.3957635099194133,0.3957635099194133,0,0
rolling5_quarterly20,3375,2024-12-20,2024-12-30,0.0123595076562756,2024,2024-09-30,learned_vol_interaction,20260912,0.39257799808728805,0.39257799808728805,0,1
rolling5_quarterly20,3380,2024-12-27,2025-01-06,-0.0504714964669198,2024,2024-09-30,learned_vol_interaction,20260912,0.36106534099622983,0.36106534099622983,0,0
rolling5_quarterly20,3325,2024-10-11,2024-10-21,0.0080914993282625,2024,2024-09-30,learned_order_extension,20260912,0.6095498168084245,0.6095498168084245,1,1
rolling5_quarterly20,3330,2024-10-18,2024-10-28,0.0015733867085561,2024,2024-09-30,learned_order_extension,20260912,0.66882712857754,0.66882712857754,1,1
rolling5_quarterly20,3335,2024-10-25,2024-11-04,-0.0140142824257356,2024,2024-09-30,learned_order_extension,20260912,0.6813310667239736,0.6813310667239736,1,0
rolling5_quarterly20,3340,2024-11-01,2024-11-11,0.0434152361258277,2024,2024-09-30,learned_order_extension,20260912,0.6507694389385634,0.6507694389385634,1,1
rolling5_quarterly20,3345,2024-11-08,2024-11-18,-0.0208584853931589,2024,2024-09-30,learned_order_extension,20260912,0.6215402282176122,0.6215402282176122,1,0
rolling5_quarterly20,3350,2024-11-15,2024-11-25,-0.0267421712161923,2024,2024-09-30,learned_order_extension,20260912,0.457881767045502,0.457881767045502,0,0
rolling5_quarterly20,3355,2024-11-22,2024-12-02,0.0087960346887328,2024,2024-09-30,learned_order_extension,20260912,0.5536377608327395,0.5536377608327395,1,1
rolling5_quarterly20,3360,2024-11-29,2024-12-09,0.0155919891551781,2024,2024-09-30,learned_order_extension,20260912,0.40257052075166133,0.40257052075166133,0,1
rolling5_quarterly20,3365,2024-12-06,2024-12-16,-0.0100436703218104,2024,2024-09-30,learned_order_extension,20260912,0.3632231771799268,0.3632231771799268,0,0
rolling5_quarterly20,3370,2024-12-13,2024-12-23,-0.0006690784017421,2024,2024-09-30,learned_order_extension,20260912,0.3509179554681743,0.3509179554681743,0,0
rolling5_quarterly20,3375,2024-12-20,2024-12-30,0.0123595076562756,2024,2024-09-30,learned_order_extension,20260912,0.33925927667029915,0.33925927667029915,0,1
rolling5_quarterly20,3380,2024-12-27,2025-01-06,-0.0504714964669198,2024,2024-09-30,learned_order_extension,20260912,0.2949100149933831,0.2949100149933831,0,0
rolling5_quarterly20,3325,2024-10-11,2024-10-21,0.0080914993282625,2024,2024-09-30,learned_order_offset,20260912,0.6061740695453446,0.6061740695453446,1,1
rolling5_quarterly20,3330,2024-10-18,2024-10-28,0.0015733867085561,2024,2024-09-30,learned_order_offset,20260912,0.6647820289962038,0.6647820289962038,1,1
rolling5_quarterly20,3335,2024-10-25,2024-11-04,-0.0140142824257356,2024,2024-09-30,learned_order_offset,20260912,0.6764700522114145,0.6764700522114145,1,0
rolling5_quarterly20,3340,2024-11-01,2024-11-11,0.0434152361258277,2024,2024-09-30,learned_order_offset,20260912,0.6468135498853865,0.6468135498853865,1,1
rolling5_quarterly20,3345,2024-11-08,2024-11-18,-0.0208584853931589,2024,2024-09-30,learned_order_offset,20260912,0.6155960945921097,0.6155960945921097,1,0
rolling5_quarterly20,3350,2024-11-15,2024-11-25,-0.0267421712161923,2024,2024-09-30,learned_order_offset,20260912,0.456437455879842,0.456437455879842,0,0
rolling5_quarterly20,3355,2024-11-22,2024-12-02,0.0087960346887328,2024,2024-09-30,learned_order_offset,20260912,0.549653573502821,0.549653573502821,1,1
rolling5_quarterly20,3360,2024-11-29,2024-12-09,0.0155919891551781,2024,2024-09-30,learned_order_offset,20260912,0.4077493336653729,0.4077493336653729,0,1
rolling5_quarterly20,3365,2024-12-06,2024-12-16,-0.0100436703218104,2024,2024-09-30,learned_order_offset,20260912,0.3698750167244937,0.3698750167244937,0,0
rolling5_quarterly20,3370,2024-12-13,2024-12-23,-0.0006690784017421,2024,2024-09-30,learned_order_offset,20260912,0.3575987703217315,0.3575987703217315,0,0
rolling5_quarterly20,3375,2024-12-20,2024-12-30,0.0123595076562756,2024,2024-09-30,learned_order_offset,20260912,0.3437834793070616,0.3437834793070616,0,1
rolling5_quarterly20,3380,2024-12-27,2025-01-06,-0.0504714964669198,2024,2024-09-30,learned_order_offset,20260912,0.30076015889842517,0.30076015889842517,0,0
rolling5_quarterly20,3325,2024-10-11,2024-10-21,0.0080914993282625,2024,2024-09-30,native_mse,20260912,0.001566609711930832,,1,1
rolling5_quarterly20,3330,2024-10-18,2024-10-28,0.0015733867085561,2024,2024-09-30,native_mse,20260912,0.0010145272796064713,,1,1
rolling5_quarterly20,3335,2024-10-25,2024-11-04,-0.0140142824257356,2024,2024-09-30,native_mse,20260912,0.001260134756358397,,1,0
rolling5_quarterly20,3340,2024-11-01,2024-11-11,0.0434152361258277,2024,2024-09-30,native_mse,20260912,0.0007730039825982139,,1,1
rolling5_quarterly20,3345,2024-11-08,2024-11-18,-0.0208584853931589,2024,2024-09-30,native_mse,20260912,0.0008414523573510093,,1,0
rolling5_quarterly20,3350,2024-11-15,2024-11-25,-0.0267421712161923,2024,2024-09-30,native_mse,20260912,-9.512198983252523e-05,,0,0
rolling5_quarterly20,3355,2024-11-22,2024-12-02,0.0087960346887328,2024,2024-09-30,native_mse,20260912,4.564766152198821e-05,,1,1
rolling5_quarterly20,3360,2024-11-29,2024-12-09,0.0155919891551781,2024,2024-09-30,native_mse,20260912,-0.00048355856058813443,,0,1
rolling5_quarterly20,3365,2024-12-06,2024-12-16,-0.0100436703218104,2024,2024-09-30,native_mse,20260912,-0.0008319065572051895,,0,0
rolling5_quarterly20,3370,2024-12-13,2024-12-23,-0.0006690784017421,2024,2024-09-30,native_mse,20260912,-0.0007724634845578278,,0,0
rolling5_quarterly20,3375,2024-12-20,2024-12-30,0.0123595076562756,2024,2024-09-30,native_mse,20260912,-0.0005006169045183746,,0,1
rolling5_quarterly20,3380,2024-12-27,2025-01-06,-0.0504714964669198,2024,2024-09-30,native_mse,20260912,-0.0008720139500235697,,0,0
rolling5_quarterly20,3384,2025-01-03,2025-01-13,-0.0189486730632231,2025,2024-12-31,learned_market,20260910,0.38233645545210077,0.38233645545210077,0,0
rolling5_quarterly20,3389,2025-01-10,2025-01-20,0.0353251773547418,2025,2024-12-31,learned_market,20260910,0.3910227915849612,0.3910227915849612,0,1
rolling5_quarterly20,3394,2025-01-17,2025-01-27,0.000432821422053,2025,2024-12-31,learned_market,20260910,0.49015728346105064,0.49015728346105064,0,1
rolling5_quarterly20,3399,2025-01-24,2025-02-10,0.0159344898044284,2025,2024-12-31,learned_market,20260910,0.43779872313730184,0.43779872313730184,0,1
rolling5_quarterly20,3403,2025-02-07,2025-02-17,0.0144454990892999,2025,2024-12-31,learned_market,20260910,0.5065763414140139,0.5065763414140139,1,1
rolling5_quarterly20,3408,2025-02-14,2025-02-24,0.0045695818086644,2025,2024-12-31,learned_market,20260910,0.5698063647751795,0.5698063647751795,1,1
rolling5_quarterly20,3413,2025-02-21,2025-03-03,-0.0183210488158531,2025,2024-12-31,learned_market,20260910,0.5387747536285505,0.5387747536285505,1,0
rolling5_quarterly20,3418,2025-02-28,2025-03-10,0.0117650075646844,2025,2024-12-31,learned_market,20260910,0.4812656782302869,0.4812656782302869,0,1
rolling5_quarterly20,3423,2025-03-07,2025-03-17,0.019023819058288,2025,2024-12-31,learned_market,20260910,0.6111767156385011,0.6111767156385011,1,1
rolling5_quarterly20,3428,2025-03-14,2025-03-24,-0.0259983485216283,2025,2024-12-31,learned_market,20260910,0.44730435644814126,0.44730435644814126,0,0
rolling5_quarterly20,3433,2025-03-21,2025-03-31,-0.0025867506275359,2025,2024-12-31,learned_market,20260910,0.5315675954271929,0.5315675954271929,1,0
rolling5_quarterly20,3438,2025-03-28,2025-04-14,-0.0342910101946246,2025,2024-12-31,learned_market,20260910,0.7166635184412673,0.7166635184412673,1,0
rolling5_quarterly20,3384,2025-01-03,2025-01-13,-0.0189486730632231,2025,2024-12-31,learned_vol_interaction,20260910,0.38666219011730185,0.38666219011730185,0,0
rolling5_quarterly20,3389,2025-01-10,2025-01-20,0.0353251773547418,2025,2024-12-31,learned_vol_interaction,20260910,0.3791321657754841,0.3791321657754841,0,1
rolling5_quarterly20,3394,2025-01-17,2025-01-27,0.000432821422053,2025,2024-12-31,learned_vol_interaction,20260910,0.4768105126561029,0.4768105126561029,0,1
rolling5_quarterly20,3399,2025-01-24,2025-02-10,0.0159344898044284,2025,2024-12-31,learned_vol_interaction,20260910,0.46081361135637805,0.46081361135637805,0,1
rolling5_quarterly20,3403,2025-02-07,2025-02-17,0.0144454990892999,2025,2024-12-31,learned_vol_interaction,20260910,0.5021249737202294,0.5021249737202294,1,1
rolling5_quarterly20,3408,2025-02-14,2025-02-24,0.0045695818086644,2025,2024-12-31,learned_vol_interaction,20260910,0.5796741457129003,0.5796741457129003,1,1
rolling5_quarterly20,3413,2025-02-21,2025-03-03,-0.0183210488158531,2025,2024-12-31,learned_vol_interaction,20260910,0.5894724308913238,0.5894724308913238,1,0
rolling5_quarterly20,3418,2025-02-28,2025-03-10,0.0117650075646844,2025,2024-12-31,learned_vol_interaction,20260910,0.5038224926529957,0.5038224926529957,1,1
rolling5_quarterly20,3423,2025-03-07,2025-03-17,0.019023819058288,2025,2024-12-31,learned_vol_interaction,20260910,0.6257731101792092,0.6257731101792092,1,1
rolling5_quarterly20,3428,2025-03-14,2025-03-24,-0.0259983485216283,2025,2024-12-31,learned_vol_interaction,20260910,0.44102075881393793,0.44102075881393793,0,0
rolling5_quarterly20,3433,2025-03-21,2025-03-31,-0.0025867506275359,2025,2024-12-31,learned_vol_interaction,20260910,0.5122265111637169,0.5122265111637169,1,0
rolling5_quarterly20,3438,2025-03-28,2025-04-14,-0.0342910101946246,2025,2024-12-31,learned_vol_interaction,20260910,0.7509067743034049,0.7509067743034049,1,0
rolling5_quarterly20,3384,2025-01-03,2025-01-13,-0.0189486730632231,2025,2024-12-31,learned_order_extension,20260910,0.36600157937330885,0.36600157937330885,0,0
rolling5_quarterly20,3389,2025-01-10,2025-01-20,0.0353251773547418,2025,2024-12-31,learned_order_extension,20260910,0.35256611690823136,0.35256611690823136,0,1
rolling5_quarterly20,3394,2025-01-17,2025-01-27,0.000432821422053,2025,2024-12-31,learned_order_extension,20260910,0.48744472138871614,0.48744472138871614,0,1
rolling5_quarterly20,3399,2025-01-24,2025-02-10,0.0159344898044284,2025,2024-12-31,learned_order_extension,20260910,0.4710830358173244,0.4710830358173244,0,1
rolling5_quarterly20,3403,2025-02-07,2025-02-17,0.0144454990892999,2025,2024-12-31,learned_order_extension,20260910,0.5229042647242248,0.5229042647242248,1,1
rolling5_quarterly20,3408,2025-02-14,2025-02-24,0.0045695818086644,2025,2024-12-31,learned_order_extension,20260910,0.5778482952092869,0.5778482952092869,1,1
rolling5_quarterly20,3413,2025-02-21,2025-03-03,-0.0183210488158531,2025,2024-12-31,learned_order_extension,20260910,0.6398652110146743,0.6398652110146743,1,0
rolling5_quarterly20,3418,2025-02-28,2025-03-10,0.0117650075646844,2025,2024-12-31,learned_order_extension,20260910,0.5091435465758709,0.5091435465758709,1,1
rolling5_quarterly20,3423,2025-03-07,2025-03-17,0.019023819058288,2025,2024-12-31,learned_order_extension,20260910,0.6768915881499589,0.6768915881499589,1,1
rolling5_quarterly20,3428,2025-03-14,2025-03-24,-0.0259983485216283,2025,2024-12-31,learned_order_extension,20260910,0.45607712059245215,0.45607712059245215,0,0
rolling5_quarterly20,3433,2025-03-21,2025-03-31,-0.0025867506275359,2025,2024-12-31,learned_order_extension,20260910,0.5368074346463041,0.5368074346463041,1,0
rolling5_quarterly20,3438,2025-03-28,2025-04-14,-0.0342910101946246,2025,2024-12-31,learned_order_extension,20260910,0.8368647681799748,0.8368647681799748,1,0
rolling5_quarterly20,3384,2025-01-03,2025-01-13,-0.0189486730632231,2025,2024-12-31,learned_order_offset,20260910,0.36669421956338505,0.36669421956338505,0,0
rolling5_quarterly20,3389,2025-01-10,2025-01-20,0.0353251773547418,2025,2024-12-31,learned_order_offset,20260910,0.35282059228350937,0.35282059228350937,0,1
rolling5_quarterly20,3394,2025-01-17,2025-01-27,0.000432821422053,2025,2024-12-31,learned_order_offset,20260910,0.48807314138283653,0.48807314138283653,0,1
rolling5_quarterly20,3399,2025-01-24,2025-02-10,0.0159344898044284,2025,2024-12-31,learned_order_offset,20260910,0.4717801139449288,0.4717801139449288,0,1
rolling5_quarterly20,3403,2025-02-07,2025-02-17,0.0144454990892999,2025,2024-12-31,learned_order_offset,20260910,0.524022842955718,0.524022842955718,1,1
rolling5_quarterly20,3408,2025-02-14,2025-02-24,0.0045695818086644,2025,2024-12-31,learned_order_offset,20260910,0.5772818750748553,0.5772818750748553,1,1
rolling5_quarterly20,3413,2025-02-21,2025-03-03,-0.0183210488158531,2025,2024-12-31,learned_order_offset,20260910,0.6395827908381064,0.6395827908381064,1,0
rolling5_quarterly20,3418,2025-02-28,2025-03-10,0.0117650075646844,2025,2024-12-31,learned_order_offset,20260910,0.5071295431195366,0.5071295431195366,1,1
rolling5_quarterly20,3423,2025-03-07,2025-03-17,0.019023819058288,2025,2024-12-31,learned_order_offset,20260910,0.6756470892929178,0.6756470892929178,1,1
rolling5_quarterly20,3428,2025-03-14,2025-03-24,-0.0259983485216283,2025,2024-12-31,learned_order_offset,20260910,0.455714753994421,0.455714753994421,0,0
rolling5_quarterly20,3433,2025-03-21,2025-03-31,-0.0025867506275359,2025,2024-12-31,learned_order_offset,20260910,0.5359223493617127,0.5359223493617127,1,0
rolling5_quarterly20,3438,2025-03-28,2025-04-14,-0.0342910101946246,2025,2024-12-31,learned_order_offset,20260910,0.834993269183481,0.834993269183481,1,0
rolling5_quarterly20,3384,2025-01-03,2025-01-13,-0.0189486730632231,2025,2024-12-31,native_mse,20260910,-0.0042551962797835255,,0,0
rolling5_quarterly20,3389,2025-01-10,2025-01-20,0.0353251773547418,2025,2024-12-31,native_mse,20260910,-0.004346017102457373,,0,1
rolling5_quarterly20,3394,2025-01-17,2025-01-27,0.000432821422053,2025,2024-12-31,native_mse,20260910,-0.0019110835117753682,,0,1
rolling5_quarterly20,3399,2025-01-24,2025-02-10,0.0159344898044284,2025,2024-12-31,native_mse,20260910,-0.0018767518511483509,,0,1
rolling5_quarterly20,3403,2025-02-07,2025-02-17,0.0144454990892999,2025,2024-12-31,native_mse,20260910,-0.0005243581714439598,,0,1
rolling5_quarterly20,3408,2025-02-14,2025-02-24,0.0045695818086644,2025,2024-12-31,native_mse,20260910,0.0018166916350322408,,1,1
rolling5_quarterly20,3413,2025-02-21,2025-03-03,-0.0183210488158531,2025,2024-12-31,native_mse,20260910,-0.0017910693651536675,,0,0
rolling5_quarterly20,3418,2025-02-28,2025-03-10,0.0117650075646844,2025,2024-12-31,native_mse,20260910,8.039864129989814e-05,,1,1
rolling5_quarterly20,3423,2025-03-07,2025-03-17,0.019023819058288,2025,2024-12-31,native_mse,20260910,0.00045020548490624885,,1,1
rolling5_quarterly20,3428,2025-03-14,2025-03-24,-0.0259983485216283,2025,2024-12-31,native_mse,20260910,0.004030585426274574,,1,0
rolling5_quarterly20,3433,2025-03-21,2025-03-31,-0.0025867506275359,2025,2024-12-31,native_mse,20260910,0.0025467178052053364,,1,0
rolling5_quarterly20,3438,2025-03-28,2025-04-14,-0.0342910101946246,2025,2024-12-31,native_mse,20260910,0.007880897711304511,,1,0
rolling5_quarterly20,3384,2025-01-03,2025-01-13,-0.0189486730632231,2025,2024-12-31,training_frequency,-1,0.472636815920398,0.472636815920398,0,0
rolling5_quarterly20,3389,2025-01-10,2025-01-20,0.0353251773547418,2025,2024-12-31,training_frequency,-1,0.472636815920398,0.472636815920398,0,1
rolling5_quarterly20,3394,2025-01-17,2025-01-27,0.000432821422053,2025,2024-12-31,training_frequency,-1,0.472636815920398,0.472636815920398,0,1
rolling5_quarterly20,3399,2025-01-24,2025-02-10,0.0159344898044284,2025,2024-12-31,training_frequency,-1,0.472636815920398,0.472636815920398,0,1
rolling5_quarterly20,3403,2025-02-07,2025-02-17,0.0144454990892999,2025,2024-12-31,training_frequency,-1,0.472636815920398,0.472636815920398,0,1
rolling5_quarterly20,3408,2025-02-14,2025-02-24,0.0045695818086644,2025,2024-12-31,training_frequency,-1,0.472636815920398,0.472636815920398,0,1
rolling5_quarterly20,3413,2025-02-21,2025-03-03,-0.0183210488158531,2025,2024-12-31,training_frequency,-1,0.472636815920398,0.472636815920398,0,0
rolling5_quarterly20,3418,2025-02-28,2025-03-10,0.0117650075646844,2025,2024-12-31,training_frequency,-1,0.472636815920398,0.472636815920398,0,1
rolling5_quarterly20,3423,2025-03-07,2025-03-17,0.019023819058288,2025,2024-12-31,training_frequency,-1,0.472636815920398,0.472636815920398,0,1
rolling5_quarterly20,3428,2025-03-14,2025-03-24,-0.0259983485216283,2025,2024-12-31,training_frequency,-1,0.472636815920398,0.472636815920398,0,0
rolling5_quarterly20,3433,2025-03-21,2025-03-31,-0.0025867506275359,2025,2024-12-31,training_frequency,-1,0.472636815920398,0.472636815920398,0,0
rolling5_quarterly20,3438,2025-03-28,2025-04-14,-0.0342910101946246,2025,2024-12-31,training_frequency,-1,0.472636815920398,0.472636815920398,0,0
rolling5_quarterly20,3384,2025-01-03,2025-01-13,-0.0189486730632231,2025,2024-12-31,learned_market,20260911,0.42821132783780086,0.42821132783780086,0,0
rolling5_quarterly20,3389,2025-01-10,2025-01-20,0.0353251773547418,2025,2024-12-31,learned_market,20260911,0.3899957296673264,0.3899957296673264,0,1
rolling5_quarterly20,3394,2025-01-17,2025-01-27,0.000432821422053,2025,2024-12-31,learned_market,20260911,0.5369659260153571,0.5369659260153571,1,1
rolling5_quarterly20,3399,2025-01-24,2025-02-10,0.0159344898044284,2025,2024-12-31,learned_market,20260911,0.579417237715051,0.579417237715051,1,1
rolling5_quarterly20,3403,2025-02-07,2025-02-17,0.0144454990892999,2025,2024-12-31,learned_market,20260911,0.6179638900480853,0.6179638900480853,1,1
rolling5_quarterly20,3408,2025-02-14,2025-02-24,0.0045695818086644,2025,2024-12-31,learned_market,20260911,0.616114705527485,0.616114705527485,1,1
rolling5_quarterly20,3413,2025-02-21,2025-03-03,-0.0183210488158531,2025,2024-12-31,learned_market,20260911,0.562117179520429,0.562117179520429,1,0
rolling5_quarterly20,3418,2025-02-28,2025-03-10,0.0117650075646844,2025,2024-12-31,learned_market,20260911,0.5285781284571346,0.5285781284571346,1,1
rolling5_quarterly20,3423,2025-03-07,2025-03-17,0.019023819058288,2025,2024-12-31,learned_market,20260911,0.4669000809915797,0.4669000809915797,0,1
rolling5_quarterly20,3428,2025-03-14,2025-03-24,-0.0259983485216283,2025,2024-12-31,learned_market,20260911,0.5699083421091582,0.5699083421091582,1,0
rolling5_quarterly20,3433,2025-03-21,2025-03-31,-0.0025867506275359,2025,2024-12-31,learned_market,20260911,0.41241409635776066,0.41241409635776066,0,0
rolling5_quarterly20,3438,2025-03-28,2025-04-14,-0.0342910101946246,2025,2024-12-31,learned_market,20260911,0.48277123146752016,0.48277123146752016,0,0
rolling5_quarterly20,3384,2025-01-03,2025-01-13,-0.0189486730632231,2025,2024-12-31,learned_vol_interaction,20260911,0.4305231359543153,0.4305231359543153,0,0
rolling5_quarterly20,3389,2025-01-10,2025-01-20,0.0353251773547418,2025,2024-12-31,learned_vol_interaction,20260911,0.38884089510088987,0.38884089510088987,0,1
rolling5_quarterly20,3394,2025-01-17,2025-01-27,0.000432821422053,2025,2024-12-31,learned_vol_interaction,20260911,0.5344292773183893,0.5344292773183893,1,1
rolling5_quarterly20,3399,2025-01-24,2025-02-10,0.0159344898044284,2025,2024-12-31,learned_vol_interaction,20260911,0.5733087009015438,0.5733087009015438,1,1
rolling5_quarterly20,3403,2025-02-07,2025-02-17,0.0144454990892999,2025,2024-12-31,learned_vol_interaction,20260911,0.6229730094392066,0.6229730094392066,1,1
rolling5_quarterly20,3408,2025-02-14,2025-02-24,0.0045695818086644,2025,2024-12-31,learned_vol_interaction,20260911,0.6249392220388966,0.6249392220388966,1,1
rolling5_quarterly20,3413,2025-02-21,2025-03-03,-0.0183210488158531,2025,2024-12-31,learned_vol_interaction,20260911,0.5770853748295083,0.5770853748295083,1,0
rolling5_quarterly20,3418,2025-02-28,2025-03-10,0.0117650075646844,2025,2024-12-31,learned_vol_interaction,20260911,0.5320196258694382,0.5320196258694382,1,1
rolling5_quarterly20,3423,2025-03-07,2025-03-17,0.019023819058288,2025,2024-12-31,learned_vol_interaction,20260911,0.4709950343968562,0.4709950343968562,0,1
rolling5_quarterly20,3428,2025-03-14,2025-03-24,-0.0259983485216283,2025,2024-12-31,learned_vol_interaction,20260911,0.5689479286300063,0.5689479286300063,1,0
rolling5_quarterly20,3433,2025-03-21,2025-03-31,-0.0025867506275359,2025,2024-12-31,learned_vol_interaction,20260911,0.4073280883173269,0.4073280883173269,0,0
rolling5_quarterly20,3438,2025-03-28,2025-04-14,-0.0342910101946246,2025,2024-12-31,learned_vol_interaction,20260911,0.4833458290624725,0.4833458290624725,0,0
rolling5_quarterly20,3384,2025-01-03,2025-01-13,-0.0189486730632231,2025,2024-12-31,learned_order_extension,20260911,0.43065388292304235,0.43065388292304235,0,0
rolling5_quarterly20,3389,2025-01-10,2025-01-20,0.0353251773547418,2025,2024-12-31,learned_order_extension,20260911,0.3891931634884253,0.3891931634884253,0,1
rolling5_quarterly20,3394,2025-01-17,2025-01-27,0.000432821422053,2025,2024-12-31,learned_order_extension,20260911,0.5293310636016386,0.5293310636016386,1,1
rolling5_quarterly20,3399,2025-01-24,2025-02-10,0.0159344898044284,2025,2024-12-31,learned_order_extension,20260911,0.5678795814188538,0.5678795814188538,1,1
rolling5_quarterly20,3403,2025-02-07,2025-02-17,0.0144454990892999,2025,2024-12-31,learned_order_extension,20260911,0.6181569415812861,0.6181569415812861,1,1
rolling5_quarterly20,3408,2025-02-14,2025-02-24,0.0045695818086644,2025,2024-12-31,learned_order_extension,20260911,0.623244763024503,0.623244763024503,1,1
rolling5_quarterly20,3413,2025-02-21,2025-03-03,-0.0183210488158531,2025,2024-12-31,learned_order_extension,20260911,0.5698307059548449,0.5698307059548449,1,0
rolling5_quarterly20,3418,2025-02-28,2025-03-10,0.0117650075646844,2025,2024-12-31,learned_order_extension,20260911,0.5277004284689892,0.5277004284689892,1,1
rolling5_quarterly20,3423,2025-03-07,2025-03-17,0.019023819058288,2025,2024-12-31,learned_order_extension,20260911,0.4694347191401159,0.4694347191401159,0,1
rolling5_quarterly20,3428,2025-03-14,2025-03-24,-0.0259983485216283,2025,2024-12-31,learned_order_extension,20260911,0.5654667556034778,0.5654667556034778,1,0
rolling5_quarterly20,3433,2025-03-21,2025-03-31,-0.0025867506275359,2025,2024-12-31,learned_order_extension,20260911,0.40561065982780425,0.40561065982780425,0,0
rolling5_quarterly20,3438,2025-03-28,2025-04-14,-0.0342910101946246,2025,2024-12-31,learned_order_extension,20260911,0.47795042275731253,0.47795042275731253,0,0
rolling5_quarterly20,3384,2025-01-03,2025-01-13,-0.0189486730632231,2025,2024-12-31,learned_order_offset,20260911,0.430743812553328,0.430743812553328,0,0
rolling5_quarterly20,3389,2025-01-10,2025-01-20,0.0353251773547418,2025,2024-12-31,learned_order_offset,20260911,0.3892930545383684,0.3892930545383684,0,1
rolling5_quarterly20,3394,2025-01-17,2025-01-27,0.000432821422053,2025,2024-12-31,learned_order_offset,20260911,0.52934454260111,0.52934454260111,1,1
rolling5_quarterly20,3399,2025-01-24,2025-02-10,0.0159344898044284,2025,2024-12-31,learned_order_offset,20260911,0.5679288793949586,0.5679288793949586,1,1
rolling5_quarterly20,3403,2025-02-07,2025-02-17,0.0144454990892999,2025,2024-12-31,learned_order_offset,20260911,0.6181544426401614,0.6181544426401614,1,1
rolling5_quarterly20,3408,2025-02-14,2025-02-24,0.0045695818086644,2025,2024-12-31,learned_order_offset,20260911,0.6233447631977894,0.6233447631977894,1,1
rolling5_quarterly20,3413,2025-02-21,2025-03-03,-0.0183210488158531,2025,2024-12-31,learned_order_offset,20260911,0.5699444546955538,0.5699444546955538,1,0
rolling5_quarterly20,3418,2025-02-28,2025-03-10,0.0117650075646844,2025,2024-12-31,learned_order_offset,20260911,0.5277660121776485,0.5277660121776485,1,1
rolling5_quarterly20,3423,2025-03-07,2025-03-17,0.019023819058288,2025,2024-12-31,learned_order_offset,20260911,0.46953630716328854,0.46953630716328854,0,1
rolling5_quarterly20,3428,2025-03-14,2025-03-24,-0.0259983485216283,2025,2024-12-31,learned_order_offset,20260911,0.5655482902240324,0.5655482902240324,1,0
rolling5_quarterly20,3433,2025-03-21,2025-03-31,-0.0025867506275359,2025,2024-12-31,learned_order_offset,20260911,0.4056793971990091,0.4056793971990091,0,0
rolling5_quarterly20,3438,2025-03-28,2025-04-14,-0.0342910101946246,2025,2024-12-31,learned_order_offset,20260911,0.4779797038173516,0.4779797038173516,0,0
rolling5_quarterly20,3384,2025-01-03,2025-01-13,-0.0189486730632231,2025,2024-12-31,native_mse,20260911,-0.002243633031677963,,0,0
rolling5_quarterly20,3389,2025-01-10,2025-01-20,0.0353251773547418,2025,2024-12-31,native_mse,20260911,-0.0018394813791051527,,0,1
rolling5_quarterly20,3394,2025-01-17,2025-01-27,0.000432821422053,2025,2024-12-31,native_mse,20260911,-0.0014393263633927758,,0,1
rolling5_quarterly20,3399,2025-01-24,2025-02-10,0.0159344898044284,2025,2024-12-31,native_mse,20260911,-0.0005732481089145066,,0,1
rolling5_quarterly20,3403,2025-02-07,2025-02-17,0.0144454990892999,2025,2024-12-31,native_mse,20260911,-0.0003493640286036611,,0,1
rolling5_quarterly20,3408,2025-02-14,2025-02-24,0.0045695818086644,2025,2024-12-31,native_mse,20260911,-6.571465300264602e-06,,0,1
rolling5_quarterly20,3413,2025-02-21,2025-03-03,-0.0183210488158531,2025,2024-12-31,native_mse,20260911,0.00010564573035517886,,1,0
rolling5_quarterly20,3418,2025-02-28,2025-03-10,0.0117650075646844,2025,2024-12-31,native_mse,20260911,0.00030938900384146466,,1,1
rolling5_quarterly20,3423,2025-03-07,2025-03-17,0.019023819058288,2025,2024-12-31,native_mse,20260911,0.0003527669941379203,,1,1
rolling5_quarterly20,3428,2025-03-14,2025-03-24,-0.0259983485216283,2025,2024-12-31,native_mse,20260911,0.0004719065040533454,,1,0
rolling5_quarterly20,3433,2025-03-21,2025-03-31,-0.0025867506275359,2025,2024-12-31,native_mse,20260911,0.0001374212134311476,,1,0
rolling5_quarterly20,3438,2025-03-28,2025-04-14,-0.0342910101946246,2025,2024-12-31,native_mse,20260911,0.0003460895283123176,,1,0
rolling5_quarterly20,3384,2025-01-03,2025-01-13,-0.0189486730632231,2025,2024-12-31,learned_market,20260912,0.42089025641362,0.42089025641362,0,0
rolling5_quarterly20,3389,2025-01-10,2025-01-20,0.0353251773547418,2025,2024-12-31,learned_market,20260912,0.6539720773420672,0.6539720773420672,1,1
rolling5_quarterly20,3394,2025-01-17,2025-01-27,0.000432821422053,2025,2024-12-31,learned_market,20260912,0.5597316894392553,0.5597316894392553,1,1
rolling5_quarterly20,3399,2025-01-24,2025-02-10,0.0159344898044284,2025,2024-12-31,learned_market,20260912,0.7143346906245566,0.7143346906245566,1,1
rolling5_quarterly20,3403,2025-02-07,2025-02-17,0.0144454990892999,2025,2024-12-31,learned_market,20260912,0.6628191037923492,0.6628191037923492,1,1
rolling5_quarterly20,3408,2025-02-14,2025-02-24,0.0045695818086644,2025,2024-12-31,learned_market,20260912,0.6357468977060057,0.6357468977060057,1,1
rolling5_quarterly20,3413,2025-02-21,2025-03-03,-0.0183210488158531,2025,2024-12-31,learned_market,20260912,0.3807729420629625,0.3807729420629625,0,0
rolling5_quarterly20,3418,2025-02-28,2025-03-10,0.0117650075646844,2025,2024-12-31,learned_market,20260912,0.5714127704615375,0.5714127704615375,1,1
rolling5_quarterly20,3423,2025-03-07,2025-03-17,0.019023819058288,2025,2024-12-31,learned_market,20260912,0.2731298059228326,0.2731298059228326,0,1
rolling5_quarterly20,3428,2025-03-14,2025-03-24,-0.0259983485216283,2025,2024-12-31,learned_market,20260912,0.696672234818679,0.696672234818679,1,0
rolling5_quarterly20,3433,2025-03-21,2025-03-31,-0.0025867506275359,2025,2024-12-31,learned_market,20260912,0.5676267142547179,0.5676267142547179,1,0
rolling5_quarterly20,3438,2025-03-28,2025-04-14,-0.0342910101946246,2025,2024-12-31,learned_market,20260912,0.560911448173473,0.560911448173473,1,0
rolling5_quarterly20,3384,2025-01-03,2025-01-13,-0.0189486730632231,2025,2024-12-31,learned_vol_interaction,20260912,0.4216991098514313,0.4216991098514313,0,0
rolling5_quarterly20,3389,2025-01-10,2025-01-20,0.0353251773547418,2025,2024-12-31,learned_vol_interaction,20260912,0.6572683815072808,0.6572683815072808,1,1
rolling5_quarterly20,3394,2025-01-17,2025-01-27,0.000432821422053,2025,2024-12-31,learned_vol_interaction,20260912,0.5624117839252505,0.5624117839252505,1,1
rolling5_quarterly20,3399,2025-01-24,2025-02-10,0.0159344898044284,2025,2024-12-31,learned_vol_interaction,20260912,0.7143566519320824,0.7143566519320824,1,1
rolling5_quarterly20,3403,2025-02-07,2025-02-17,0.0144454990892999,2025,2024-12-31,learned_vol_interaction,20260912,0.6656753647706254,0.6656753647706254,1,1
rolling5_quarterly20,3408,2025-02-14,2025-02-24,0.0045695818086644,2025,2024-12-31,learned_vol_interaction,20260912,0.6366748986711647,0.6366748986711647,1,1
rolling5_quarterly20,3413,2025-02-21,2025-03-03,-0.0183210488158531,2025,2024-12-31,learned_vol_interaction,20260912,0.3758479309011285,0.3758479309011285,0,0
rolling5_quarterly20,3418,2025-02-28,2025-03-10,0.0117650075646844,2025,2024-12-31,learned_vol_interaction,20260912,0.5709205167438731,0.5709205167438731,1,1
rolling5_quarterly20,3423,2025-03-07,2025-03-17,0.019023819058288,2025,2024-12-31,learned_vol_interaction,20260912,0.2697314685006311,0.2697314685006311,0,1
rolling5_quarterly20,3428,2025-03-14,2025-03-24,-0.0259983485216283,2025,2024-12-31,learned_vol_interaction,20260912,0.6971511109958376,0.6971511109958376,1,0
rolling5_quarterly20,3433,2025-03-21,2025-03-31,-0.0025867506275359,2025,2024-12-31,learned_vol_interaction,20260912,0.5692380331101397,0.5692380331101397,1,0
rolling5_quarterly20,3438,2025-03-28,2025-04-14,-0.0342910101946246,2025,2024-12-31,learned_vol_interaction,20260912,0.5653548865619433,0.5653548865619433,1,0
rolling5_quarterly20,3384,2025-01-03,2025-01-13,-0.0189486730632231,2025,2024-12-31,learned_order_extension,20260912,0.43188465804609494,0.43188465804609494,0,0
rolling5_quarterly20,3389,2025-01-10,2025-01-20,0.0353251773547418,2025,2024-12-31,learned_order_extension,20260912,0.7180313467789317,0.7180313467789317,1,1
rolling5_quarterly20,3394,2025-01-17,2025-01-27,0.000432821422053,2025,2024-12-31,learned_order_extension,20260912,0.6186516338053223,0.6186516338053223,1,1
rolling5_quarterly20,3399,2025-01-24,2025-02-10,0.0159344898044284,2025,2024-12-31,learned_order_extension,20260912,0.7832822932916682,0.7832822932916682,1,1
rolling5_quarterly20,3403,2025-02-07,2025-02-17,0.0144454990892999,2025,2024-12-31,learned_order_extension,20260912,0.7098765758367355,0.7098765758367355,1,1
rolling5_quarterly20,3408,2025-02-14,2025-02-24,0.0045695818086644,2025,2024-12-31,learned_order_extension,20260912,0.6855283540318028,0.6855283540318028,1,1
rolling5_quarterly20,3413,2025-02-21,2025-03-03,-0.0183210488158531,2025,2024-12-31,learned_order_extension,20260912,0.40938066472725215,0.40938066472725215,0,0
rolling5_quarterly20,3418,2025-02-28,2025-03-10,0.0117650075646844,2025,2024-12-31,learned_order_extension,20260912,0.6433684681685069,0.6433684681685069,1,1
rolling5_quarterly20,3423,2025-03-07,2025-03-17,0.019023819058288,2025,2024-12-31,learned_order_extension,20260912,0.25002023502263354,0.25002023502263354,0,1
rolling5_quarterly20,3428,2025-03-14,2025-03-24,-0.0259983485216283,2025,2024-12-31,learned_order_extension,20260912,0.7238176657049011,0.7238176657049011,1,0
rolling5_quarterly20,3433,2025-03-21,2025-03-31,-0.0025867506275359,2025,2024-12-31,learned_order_extension,20260912,0.5988742871040955,0.5988742871040955,1,0
rolling5_quarterly20,3438,2025-03-28,2025-04-14,-0.0342910101946246,2025,2024-12-31,learned_order_extension,20260912,0.6204095542696454,0.6204095542696454,1,0
rolling5_quarterly20,3384,2025-01-03,2025-01-13,-0.0189486730632231,2025,2024-12-31,learned_order_offset,20260912,0.4326309825835323,0.4326309825835323,0,0
rolling5_quarterly20,3389,2025-01-10,2025-01-20,0.0353251773547418,2025,2024-12-31,learned_order_offset,20260912,0.7155096866522207,0.7155096866522207,1,1
rolling5_quarterly20,3394,2025-01-17,2025-01-27,0.000432821422053,2025,2024-12-31,learned_order_offset,20260912,0.6172483281551261,0.6172483281551261,1,1
rolling5_quarterly20,3399,2025-01-24,2025-02-10,0.0159344898044284,2025,2024-12-31,learned_order_offset,20260912,0.7808632543831274,0.7808632543831274,1,1
rolling5_quarterly20,3403,2025-02-07,2025-02-17,0.0144454990892999,2025,2024-12-31,learned_order_offset,20260912,0.7081726942730068,0.7081726942730068,1,1
rolling5_quarterly20,3408,2025-02-14,2025-02-24,0.0045695818086644,2025,2024-12-31,learned_order_offset,20260912,0.6832841057647039,0.6832841057647039,1,1
rolling5_quarterly20,3413,2025-02-21,2025-03-03,-0.0183210488158531,2025,2024-12-31,learned_order_offset,20260912,0.4117646835265383,0.4117646835265383,0,0
rolling5_quarterly20,3418,2025-02-28,2025-03-10,0.0117650075646844,2025,2024-12-31,learned_order_offset,20260912,0.6412881777301309,0.6412881777301309,1,1
rolling5_quarterly20,3423,2025-03-07,2025-03-17,0.019023819058288,2025,2024-12-31,learned_order_offset,20260912,0.25180315037211576,0.25180315037211576,0,1
rolling5_quarterly20,3428,2025-03-14,2025-03-24,-0.0259983485216283,2025,2024-12-31,learned_order_offset,20260912,0.7172777696525664,0.7172777696525664,1,0
rolling5_quarterly20,3433,2025-03-21,2025-03-31,-0.0025867506275359,2025,2024-12-31,learned_order_offset,20260912,0.5938462138293957,0.5938462138293957,1,0
rolling5_quarterly20,3438,2025-03-28,2025-04-14,-0.0342910101946246,2025,2024-12-31,learned_order_offset,20260912,0.6157709090258536,0.6157709090258536,1,0
rolling5_quarterly20,3384,2025-01-03,2025-01-13,-0.0189486730632231,2025,2024-12-31,native_mse,20260912,-0.003930728949605344,,0,0
rolling5_quarterly20,3389,2025-01-10,2025-01-20,0.0353251773547418,2025,2024-12-31,native_mse,20260912,0.004608697114816542,,1,1
rolling5_quarterly20,3394,2025-01-17,2025-01-27,0.000432821422053,2025,2024-12-31,native_mse,20260912,-0.0013781107886780553,,0,1
rolling5_quarterly20,3399,2025-01-24,2025-02-10,0.0159344898044284,2025,2024-12-31,native_mse,20260912,0.008065382377116114,,1,1
rolling5_quarterly20,3403,2025-02-07,2025-02-17,0.0144454990892999,2025,2024-12-31,native_mse,20260912,0.0020560919017093573,,1,1
rolling5_quarterly20,3408,2025-02-14,2025-02-24,0.0045695818086644,2025,2024-12-31,native_mse,20260912,0.0004574229206631815,,1,1
rolling5_quarterly20,3413,2025-02-21,2025-03-03,-0.0183210488158531,2025,2024-12-31,native_mse,20260912,-0.004487069050516085,,0,0
rolling5_quarterly20,3418,2025-02-28,2025-03-10,0.0117650075646844,2025,2024-12-31,native_mse,20260912,0.007907777385840498,,1,1
rolling5_quarterly20,3423,2025-03-07,2025-03-17,0.019023819058288,2025,2024-12-31,native_mse,20260912,-0.007080334543719193,,0,1
rolling5_quarterly20,3428,2025-03-14,2025-03-24,-0.0259983485216283,2025,2024-12-31,native_mse,20260912,0.005416181842733637,,1,0
rolling5_quarterly20,3433,2025-03-21,2025-03-31,-0.0025867506275359,2025,2024-12-31,native_mse,20260912,0.0028174386195491687,,1,0
rolling5_quarterly20,3438,2025-03-28,2025-04-14,-0.0342910101946246,2025,2024-12-31,native_mse,20260912,0.0006099430279859906,,1,0
rolling5_quarterly20,3447,2025-04-11,2025-04-21,-0.0010339232881941,2025,2025-03-31,learned_market,20260910,0.48902029973528105,0.48902029973528105,0,0
rolling5_quarterly20,3452,2025-04-18,2025-04-28,0.0048432383085554,2025,2025-03-31,learned_market,20260910,0.5866920560297286,0.5866920560297286,1,1
rolling5_quarterly20,3457,2025-04-25,2025-05-12,0.02116527880118,2025,2025-03-31,learned_market,20260910,0.5731372947010925,0.5731372947010925,1,1
rolling5_quarterly20,3464,2025-05-09,2025-05-19,0.0041484224873464,2025,2025-03-31,learned_market,20260910,0.32782082078119523,0.32782082078119523,0,1
rolling5_quarterly20,3469,2025-05-16,2025-05-26,-0.0017462660042188,2025,2025-03-31,learned_market,20260910,0.1645284543362779,0.1645284543362779,0,0
rolling5_quarterly20,3474,2025-05-23,2025-06-03,-0.0109216443615366,2025,2025-03-31,learned_market,20260910,0.2900649544062695,0.2900649544062695,0,0
rolling5_quarterly20,3479,2025-05-30,2025-06-09,0.011566574321892,2025,2025-03-31,learned_market,20260910,0.4461837311558508,0.4461837311558508,0,1
rolling5_quarterly20,3483,2025-06-06,2025-06-16,-0.0062354943524679,2025,2025-03-31,learned_market,20260910,0.3957352706497931,0.3957352706497931,0,0
rolling5_quarterly20,3488,2025-06-13,2025-06-23,-0.005825691168304,2025,2025-03-31,learned_market,20260910,0.4229650030223698,0.4229650030223698,0,0
rolling5_quarterly20,3493,2025-06-20,2025-06-30,0.0232670437490374,2025,2025-03-31,learned_market,20260910,0.4616602460519056,0.4616602460519056,0,1
rolling5_quarterly20,3498,2025-06-27,2025-07-07,0.0145345648685946,2025,2025-03-31,learned_market,20260910,0.44924653376447227,0.44924653376447227,0,1
rolling5_quarterly20,3447,2025-04-11,2025-04-21,-0.0010339232881941,2025,2025-03-31,learned_vol_interaction,20260910,0.4868917461454384,0.4868917461454384,0,0
rolling5_quarterly20,3452,2025-04-18,2025-04-28,0.0048432383085554,2025,2025-03-31,learned_vol_interaction,20260910,0.5719781547533134,0.5719781547533134,1,1
rolling5_quarterly20,3457,2025-04-25,2025-05-12,0.02116527880118,2025,2025-03-31,learned_vol_interaction,20260910,0.5574012102091229,0.5574012102091229,1,1
rolling5_quarterly20,3464,2025-05-09,2025-05-19,0.0041484224873464,2025,2025-03-31,learned_vol_interaction,20260910,0.31544219351441705,0.31544219351441705,0,1
rolling5_quarterly20,3469,2025-05-16,2025-05-26,-0.0017462660042188,2025,2025-03-31,learned_vol_interaction,20260910,0.15258816958275687,0.15258816958275687,0,0
rolling5_quarterly20,3474,2025-05-23,2025-06-03,-0.0109216443615366,2025,2025-03-31,learned_vol_interaction,20260910,0.2808915878173955,0.2808915878173955,0,0
rolling5_quarterly20,3479,2025-05-30,2025-06-09,0.011566574321892,2025,2025-03-31,learned_vol_interaction,20260910,0.44462717442513766,0.44462717442513766,0,1
rolling5_quarterly20,3483,2025-06-06,2025-06-16,-0.0062354943524679,2025,2025-03-31,learned_vol_interaction,20260910,0.39936174398524815,0.39936174398524815,0,0
rolling5_quarterly20,3488,2025-06-13,2025-06-23,-0.005825691168304,2025,2025-03-31,learned_vol_interaction,20260910,0.42738855922302177,0.42738855922302177,0,0
rolling5_quarterly20,3493,2025-06-20,2025-06-30,0.0232670437490374,2025,2025-03-31,learned_vol_interaction,20260910,0.4725300219244351,0.4725300219244351,0,1
rolling5_quarterly20,3498,2025-06-27,2025-07-07,0.0145345648685946,2025,2025-03-31,learned_vol_interaction,20260910,0.4581738101787991,0.4581738101787991,0,1
rolling5_quarterly20,3447,2025-04-11,2025-04-21,-0.0010339232881941,2025,2025-03-31,learned_order_extension,20260910,0.487996689197565,0.487996689197565,0,0
rolling5_quarterly20,3452,2025-04-18,2025-04-28,0.0048432383085554,2025,2025-03-31,learned_order_extension,20260910,0.5735911549281706,0.5735911549281706,1,1
rolling5_quarterly20,3457,2025-04-25,2025-05-12,0.02116527880118,2025,2025-03-31,learned_order_extension,20260910,0.5597689079011154,0.5597689079011154,1,1
rolling5_quarterly20,3464,2025-05-09,2025-05-19,0.0041484224873464,2025,2025-03-31,learned_order_extension,20260910,0.3146738266597134,0.3146738266597134,0,1
rolling5_quarterly20,3469,2025-05-16,2025-05-26,-0.0017462660042188,2025,2025-03-31,learned_order_extension,20260910,0.1526175157900268,0.1526175157900268,0,0
rolling5_quarterly20,3474,2025-05-23,2025-06-03,-0.0109216443615366,2025,2025-03-31,learned_order_extension,20260910,0.28135342719892736,0.28135342719892736,0,0
rolling5_quarterly20,3479,2025-05-30,2025-06-09,0.011566574321892,2025,2025-03-31,learned_order_extension,20260910,0.444935886366889,0.444935886366889,0,1
rolling5_quarterly20,3483,2025-06-06,2025-06-16,-0.0062354943524679,2025,2025-03-31,learned_order_extension,20260910,0.3996943281946733,0.3996943281946733,0,0
rolling5_quarterly20,3488,2025-06-13,2025-06-23,-0.005825691168304,2025,2025-03-31,learned_order_extension,20260910,0.4283294349154895,0.4283294349154895,0,0
rolling5_quarterly20,3493,2025-06-20,2025-06-30,0.0232670437490374,2025,2025-03-31,learned_order_extension,20260910,0.47259681965093225,0.47259681965093225,0,1
rolling5_quarterly20,3498,2025-06-27,2025-07-07,0.0145345648685946,2025,2025-03-31,learned_order_extension,20260910,0.4583574146168196,0.4583574146168196,0,1
rolling5_quarterly20,3447,2025-04-11,2025-04-21,-0.0010339232881941,2025,2025-03-31,learned_order_offset,20260910,0.4879141746502549,0.4879141746502549,0,0
rolling5_quarterly20,3452,2025-04-18,2025-04-28,0.0048432383085554,2025,2025-03-31,learned_order_offset,20260910,0.5735595171457172,0.5735595171457172,1,1
rolling5_quarterly20,3457,2025-04-25,2025-05-12,0.02116527880118,2025,2025-03-31,learned_order_offset,20260910,0.5597390890926285,0.5597390890926285,1,1
rolling5_quarterly20,3464,2025-05-09,2025-05-19,0.0041484224873464,2025,2025-03-31,learned_order_offset,20260910,0.31467989094923215,0.31467989094923215,0,1
rolling5_quarterly20,3469,2025-05-16,2025-05-26,-0.0017462660042188,2025,2025-03-31,learned_order_offset,20260910,0.15260790916801326,0.15260790916801326,0,0
rolling5_quarterly20,3474,2025-05-23,2025-06-03,-0.0109216443615366,2025,2025-03-31,learned_order_offset,20260910,0.28136424869042237,0.28136424869042237,0,0
rolling5_quarterly20,3479,2025-05-30,2025-06-09,0.011566574321892,2025,2025-03-31,learned_order_offset,20260910,0.4448598068324379,0.4448598068324379,0,1
rolling5_quarterly20,3483,2025-06-06,2025-06-16,-0.0062354943524679,2025,2025-03-31,learned_order_offset,20260910,0.3996547612629761,0.3996547612629761,0,0
rolling5_quarterly20,3488,2025-06-13,2025-06-23,-0.005825691168304,2025,2025-03-31,learned_order_offset,20260910,0.4283254929754554,0.4283254929754554,0,0
rolling5_quarterly20,3493,2025-06-20,2025-06-30,0.0232670437490374,2025,2025-03-31,learned_order_offset,20260910,0.4725910725395034,0.4725910725395034,0,1
rolling5_quarterly20,3498,2025-06-27,2025-07-07,0.0145345648685946,2025,2025-03-31,learned_order_offset,20260910,0.45836484802042105,0.45836484802042105,0,1
rolling5_quarterly20,3447,2025-04-11,2025-04-21,-0.0010339232881941,2025,2025-03-31,native_mse,20260910,0.0003764553317362584,,1,0
rolling5_quarterly20,3452,2025-04-18,2025-04-28,0.0048432383085554,2025,2025-03-31,native_mse,20260910,0.001972404165182938,,1,1
rolling5_quarterly20,3457,2025-04-25,2025-05-12,0.02116527880118,2025,2025-03-31,native_mse,20260910,0.0009083560513011399,,1,1
rolling5_quarterly20,3464,2025-05-09,2025-05-19,0.0041484224873464,2025,2025-03-31,native_mse,20260910,-0.003628854165126455,,0,1
rolling5_quarterly20,3469,2025-05-16,2025-05-26,-0.0017462660042188,2025,2025-03-31,native_mse,20260910,-0.008814704434235468,,0,0
rolling5_quarterly20,3474,2025-05-23,2025-06-03,-0.0109216443615366,2025,2025-03-31,native_mse,20260910,-0.006885048978379099,,0,0
rolling5_quarterly20,3479,2025-05-30,2025-06-09,0.011566574321892,2025,2025-03-31,native_mse,20260910,0.0024903064349453903,,1,1
rolling5_quarterly20,3483,2025-06-06,2025-06-16,-0.0062354943524679,2025,2025-03-31,native_mse,20260910,0.004716539553232774,,1,0
rolling5_quarterly20,3488,2025-06-13,2025-06-23,-0.005825691168304,2025,2025-03-31,native_mse,20260910,0.005734119632796297,,1,0
rolling5_quarterly20,3493,2025-06-20,2025-06-30,0.0232670437490374,2025,2025-03-31,native_mse,20260910,0.006873276017995834,,1,1
rolling5_quarterly20,3498,2025-06-27,2025-07-07,0.0145345648685946,2025,2025-03-31,native_mse,20260910,0.004220227541813794,,1,1
rolling5_quarterly20,3447,2025-04-11,2025-04-21,-0.0010339232881941,2025,2025-03-31,training_frequency,-1,0.4738589211618257,0.4738589211618257,0,0
rolling5_quarterly20,3452,2025-04-18,2025-04-28,0.0048432383085554,2025,2025-03-31,training_frequency,-1,0.4738589211618257,0.4738589211618257,0,1
rolling5_quarterly20,3457,2025-04-25,2025-05-12,0.02116527880118,2025,2025-03-31,training_frequency,-1,0.4738589211618257,0.4738589211618257,0,1
rolling5_quarterly20,3464,2025-05-09,2025-05-19,0.0041484224873464,2025,2025-03-31,training_frequency,-1,0.4738589211618257,0.4738589211618257,0,1
rolling5_quarterly20,3469,2025-05-16,2025-05-26,-0.0017462660042188,2025,2025-03-31,training_frequency,-1,0.4738589211618257,0.4738589211618257,0,0
rolling5_quarterly20,3474,2025-05-23,2025-06-03,-0.0109216443615366,2025,2025-03-31,training_frequency,-1,0.4738589211618257,0.4738589211618257,0,0
rolling5_quarterly20,3479,2025-05-30,2025-06-09,0.011566574321892,2025,2025-03-31,training_frequency,-1,0.4738589211618257,0.4738589211618257,0,1
rolling5_quarterly20,3483,2025-06-06,2025-06-16,-0.0062354943524679,2025,2025-03-31,training_frequency,-1,0.4738589211618257,0.4738589211618257,0,0
rolling5_quarterly20,3488,2025-06-13,2025-06-23,-0.005825691168304,2025,2025-03-31,training_frequency,-1,0.4738589211618257,0.4738589211618257,0,0
rolling5_quarterly20,3493,2025-06-20,2025-06-30,0.0232670437490374,2025,2025-03-31,training_frequency,-1,0.4738589211618257,0.4738589211618257,0,1
rolling5_quarterly20,3498,2025-06-27,2025-07-07,0.0145345648685946,2025,2025-03-31,training_frequency,-1,0.4738589211618257,0.4738589211618257,0,1
rolling5_quarterly20,3447,2025-04-11,2025-04-21,-0.0010339232881941,2025,2025-03-31,learned_market,20260911,0.5339706112070994,0.5339706112070994,1,0
rolling5_quarterly20,3452,2025-04-18,2025-04-28,0.0048432383085554,2025,2025-03-31,learned_market,20260911,0.5389785644620063,0.5389785644620063,1,1
rolling5_quarterly20,3457,2025-04-25,2025-05-12,0.02116527880118,2025,2025-03-31,learned_market,20260911,0.30201021694118185,0.30201021694118185,0,1
rolling5_quarterly20,3464,2025-05-09,2025-05-19,0.0041484224873464,2025,2025-03-31,learned_market,20260911,0.3027934819439546,0.3027934819439546,0,1
rolling5_quarterly20,3469,2025-05-16,2025-05-26,-0.0017462660042188,2025,2025-03-31,learned_market,20260911,0.4859979447675756,0.4859979447675756,0,0
rolling5_quarterly20,3474,2025-05-23,2025-06-03,-0.0109216443615366,2025,2025-03-31,learned_market,20260911,0.5895869306131521,0.5895869306131521,1,0
rolling5_quarterly20,3479,2025-05-30,2025-06-09,0.011566574321892,2025,2025-03-31,learned_market,20260911,0.46508988646218635,0.46508988646218635,0,1
rolling5_quarterly20,3483,2025-06-06,2025-06-16,-0.0062354943524679,2025,2025-03-31,learned_market,20260911,0.6346896282172676,0.6346896282172676,1,0
rolling5_quarterly20,3488,2025-06-13,2025-06-23,-0.005825691168304,2025,2025-03-31,learned_market,20260911,0.44337647444416883,0.44337647444416883,0,0
rolling5_quarterly20,3493,2025-06-20,2025-06-30,0.0232670437490374,2025,2025-03-31,learned_market,20260911,0.4071251814251424,0.4071251814251424,0,1
rolling5_quarterly20,3498,2025-06-27,2025-07-07,0.0145345648685946,2025,2025-03-31,learned_market,20260911,0.49400990025801955,0.49400990025801955,0,1
rolling5_quarterly20,3447,2025-04-11,2025-04-21,-0.0010339232881941,2025,2025-03-31,learned_vol_interaction,20260911,0.5051804137007636,0.5051804137007636,1,0
rolling5_quarterly20,3452,2025-04-18,2025-04-28,0.0048432383085554,2025,2025-03-31,learned_vol_interaction,20260911,0.5031235711999467,0.5031235711999467,1,1
rolling5_quarterly20,3457,2025-04-25,2025-05-12,0.02116527880118,2025,2025-03-31,learned_vol_interaction,20260911,0.37231352810377677,0.37231352810377677,0,1
rolling5_quarterly20,3464,2025-05-09,2025-05-19,0.0041484224873464,2025,2025-03-31,learned_vol_interaction,20260911,0.24908950135017094,0.24908950135017094,0,1
rolling5_quarterly20,3469,2025-05-16,2025-05-26,-0.0017462660042188,2025,2025-03-31,learned_vol_interaction,20260911,0.4911960464083783,0.4911960464083783,0,0
rolling5_quarterly20,3474,2025-05-23,2025-06-03,-0.0109216443615366,2025,2025-03-31,learned_vol_interaction,20260911,0.616553442062201,0.616553442062201,1,0
rolling5_quarterly20,3479,2025-05-30,2025-06-09,0.011566574321892,2025,2025-03-31,learned_vol_interaction,20260911,0.4584028393062967,0.4584028393062967,0,1
rolling5_quarterly20,3483,2025-06-06,2025-06-16,-0.0062354943524679,2025,2025-03-31,learned_vol_interaction,20260911,0.6812085394860422,0.6812085394860422,1,0
rolling5_quarterly20,3488,2025-06-13,2025-06-23,-0.005825691168304,2025,2025-03-31,learned_vol_interaction,20260911,0.45420301817464437,0.45420301817464437,0,0
rolling5_quarterly20,3493,2025-06-20,2025-06-30,0.0232670437490374,2025,2025-03-31,learned_vol_interaction,20260911,0.397051192666087,0.397051192666087,0,1
rolling5_quarterly20,3498,2025-06-27,2025-07-07,0.0145345648685946,2025,2025-03-31,learned_vol_interaction,20260911,0.5151243336283148,0.5151243336283148,1,1
rolling5_quarterly20,3447,2025-04-11,2025-04-21,-0.0010339232881941,2025,2025-03-31,learned_order_extension,20260911,0.49165796804414874,0.49165796804414874,0,0
rolling5_quarterly20,3452,2025-04-18,2025-04-28,0.0048432383085554,2025,2025-03-31,learned_order_extension,20260911,0.49737740631927496,0.49737740631927496,0,1
rolling5_quarterly20,3457,2025-04-25,2025-05-12,0.02116527880118,2025,2025-03-31,learned_order_extension,20260911,0.3780370628444033,0.3780370628444033,0,1
rolling5_quarterly20,3464,2025-05-09,2025-05-19,0.0041484224873464,2025,2025-03-31,learned_order_extension,20260911,0.2533439948414495,0.2533439948414495,0,1
rolling5_quarterly20,3469,2025-05-16,2025-05-26,-0.0017462660042188,2025,2025-03-31,learned_order_extension,20260911,0.49740398998483193,0.49740398998483193,0,0
rolling5_quarterly20,3474,2025-05-23,2025-06-03,-0.0109216443615366,2025,2025-03-31,learned_order_extension,20260911,0.6267898122809912,0.6267898122809912,1,0
rolling5_quarterly20,3479,2025-05-30,2025-06-09,0.011566574321892,2025,2025-03-31,learned_order_extension,20260911,0.4608146764167255,0.4608146764167255,0,1
rolling5_quarterly20,3483,2025-06-06,2025-06-16,-0.0062354943524679,2025,2025-03-31,learned_order_extension,20260911,0.6869346152878459,0.6869346152878459,1,0
rolling5_quarterly20,3488,2025-06-13,2025-06-23,-0.005825691168304,2025,2025-03-31,learned_order_extension,20260911,0.4554477457590243,0.4554477457590243,0,0
rolling5_quarterly20,3493,2025-06-20,2025-06-30,0.0232670437490374,2025,2025-03-31,learned_order_extension,20260911,0.390353789899851,0.390353789899851,0,1
rolling5_quarterly20,3498,2025-06-27,2025-07-07,0.0145345648685946,2025,2025-03-31,learned_order_extension,20260911,0.5179155167809375,0.5179155167809375,1,1
rolling5_quarterly20,3447,2025-04-11,2025-04-21,-0.0010339232881941,2025,2025-03-31,learned_order_offset,20260911,0.491741737532103,0.491741737532103,0,0
rolling5_quarterly20,3452,2025-04-18,2025-04-28,0.0048432383085554,2025,2025-03-31,learned_order_offset,20260911,0.4977578304225208,0.4977578304225208,0,1
rolling5_quarterly20,3457,2025-04-25,2025-05-12,0.02116527880118,2025,2025-03-31,learned_order_offset,20260911,0.3778141719746358,0.3778141719746358,0,1
rolling5_quarterly20,3464,2025-05-09,2025-05-19,0.0041484224873464,2025,2025-03-31,learned_order_offset,20260911,0.2536806944050115,0.2536806944050115,0,1
rolling5_quarterly20,3469,2025-05-16,2025-05-26,-0.0017462660042188,2025,2025-03-31,learned_order_offset,20260911,0.4976452619565422,0.4976452619565422,0,0
rolling5_quarterly20,3474,2025-05-23,2025-06-03,-0.0109216443615366,2025,2025-03-31,learned_order_offset,20260911,0.6267843848267632,0.6267843848267632,1,0
rolling5_quarterly20,3479,2025-05-30,2025-06-09,0.011566574321892,2025,2025-03-31,learned_order_offset,20260911,0.46081506923183674,0.46081506923183674,0,1
rolling5_quarterly20,3483,2025-06-06,2025-06-16,-0.0062354943524679,2025,2025-03-31,learned_order_offset,20260911,0.6866911350363377,0.6866911350363377,1,0
rolling5_quarterly20,3488,2025-06-13,2025-06-23,-0.005825691168304,2025,2025-03-31,learned_order_offset,20260911,0.4555769639178047,0.4555769639178047,0,0
rolling5_quarterly20,3493,2025-06-20,2025-06-30,0.0232670437490374,2025,2025-03-31,learned_order_offset,20260911,0.3904770720112581,0.3904770720112581,0,1
rolling5_quarterly20,3498,2025-06-27,2025-07-07,0.0145345648685946,2025,2025-03-31,learned_order_offset,20260911,0.517925995058028,0.517925995058028,1,1
rolling5_quarterly20,3447,2025-04-11,2025-04-21,-0.0010339232881941,2025,2025-03-31,native_mse,20260911,0.0025106557050959665,,1,0
rolling5_quarterly20,3452,2025-04-18,2025-04-28,0.0048432383085554,2025,2025-03-31,native_mse,20260911,0.0036010225304794474,,1,1
rolling5_quarterly20,3457,2025-04-25,2025-05-12,0.02116527880118,2025,2025-03-31,native_mse,20260911,-0.0002720023580205475,,0,1
rolling5_quarterly20,3464,2025-05-09,2025-05-19,0.0041484224873464,2025,2025-03-31,native_mse,20260911,-0.0006676944069281199,,0,1
rolling5_quarterly20,3469,2025-05-16,2025-05-26,-0.0017462660042188,2025,2025-03-31,native_mse,20260911,0.0027645905722182267,,1,0
rolling5_quarterly20,3474,2025-05-23,2025-06-03,-0.0109216443615366,2025,2025-03-31,native_mse,20260911,0.005426495236233276,,1,0
rolling5_quarterly20,3479,2025-05-30,2025-06-09,0.011566574321892,2025,2025-03-31,native_mse,20260911,0.00028753513682765614,,1,1
rolling5_quarterly20,3483,2025-06-06,2025-06-16,-0.0062354943524679,2025,2025-03-31,native_mse,20260911,0.00590354963516514,,1,0
rolling5_quarterly20,3488,2025-06-13,2025-06-23,-0.005825691168304,2025,2025-03-31,native_mse,20260911,0.003878897174069717,,1,0
rolling5_quarterly20,3493,2025-06-20,2025-06-30,0.0232670437490374,2025,2025-03-31,native_mse,20260911,0.0014875958634192766,,1,1
rolling5_quarterly20,3498,2025-06-27,2025-07-07,0.0145345648685946,2025,2025-03-31,native_mse,20260911,0.0028411025833807143,,1,1
rolling5_quarterly20,3447,2025-04-11,2025-04-21,-0.0010339232881941,2025,2025-03-31,learned_market,20260912,0.591203646138952,0.591203646138952,1,0
rolling5_quarterly20,3452,2025-04-18,2025-04-28,0.0048432383085554,2025,2025-03-31,learned_market,20260912,0.5450944553496572,0.5450944553496572,1,1
rolling5_quarterly20,3457,2025-04-25,2025-05-12,0.02116527880118,2025,2025-03-31,learned_market,20260912,0.523832860511323,0.523832860511323,1,1
rolling5_quarterly20,3464,2025-05-09,2025-05-19,0.0041484224873464,2025,2025-03-31,learned_market,20260912,0.21895346051152623,0.21895346051152623,0,1
rolling5_quarterly20,3469,2025-05-16,2025-05-26,-0.0017462660042188,2025,2025-03-31,learned_market,20260912,0.14754778213407138,0.14754778213407138,0,0
rolling5_quarterly20,3474,2025-05-23,2025-06-03,-0.0109216443615366,2025,2025-03-31,learned_market,20260912,0.4490238468368554,0.4490238468368554,0,0
rolling5_quarterly20,3479,2025-05-30,2025-06-09,0.011566574321892,2025,2025-03-31,learned_market,20260912,0.4087501658746459,0.4087501658746459,0,1
rolling5_quarterly20,3483,2025-06-06,2025-06-16,-0.0062354943524679,2025,2025-03-31,learned_market,20260912,0.5677849887474619,0.5677849887474619,1,0
rolling5_quarterly20,3488,2025-06-13,2025-06-23,-0.005825691168304,2025,2025-03-31,learned_market,20260912,0.4315592836104081,0.4315592836104081,0,0
rolling5_quarterly20,3493,2025-06-20,2025-06-30,0.0232670437490374,2025,2025-03-31,learned_market,20260912,0.41867636041055784,0.41867636041055784,0,1
rolling5_quarterly20,3498,2025-06-27,2025-07-07,0.0145345648685946,2025,2025-03-31,learned_market,20260912,0.49469959184690154,0.49469959184690154,0,1
rolling5_quarterly20,3447,2025-04-11,2025-04-21,-0.0010339232881941,2025,2025-03-31,learned_vol_interaction,20260912,0.5386185794766684,0.5386185794766684,1,0
rolling5_quarterly20,3452,2025-04-18,2025-04-28,0.0048432383085554,2025,2025-03-31,learned_vol_interaction,20260912,0.5076862733091132,0.5076862733091132,1,1
rolling5_quarterly20,3457,2025-04-25,2025-05-12,0.02116527880118,2025,2025-03-31,learned_vol_interaction,20260912,0.49996089352507145,0.49996089352507145,0,1
rolling5_quarterly20,3464,2025-05-09,2025-05-19,0.0041484224873464,2025,2025-03-31,learned_vol_interaction,20260912,0.16654595291391433,0.16654595291391433,0,1
rolling5_quarterly20,3469,2025-05-16,2025-05-26,-0.0017462660042188,2025,2025-03-31,learned_vol_interaction,20260912,0.08198005407504697,0.08198005407504697,0,0
rolling5_quarterly20,3474,2025-05-23,2025-06-03,-0.0109216443615366,2025,2025-03-31,learned_vol_interaction,20260912,0.46777093613816045,0.46777093613816045,0,0
rolling5_quarterly20,3479,2025-05-30,2025-06-09,0.011566574321892,2025,2025-03-31,learned_vol_interaction,20260912,0.42294280127587963,0.42294280127587963,0,1
rolling5_quarterly20,3483,2025-06-06,2025-06-16,-0.0062354943524679,2025,2025-03-31,learned_vol_interaction,20260912,0.6344891196607358,0.6344891196607358,1,0
rolling5_quarterly20,3488,2025-06-13,2025-06-23,-0.005825691168304,2025,2025-03-31,learned_vol_interaction,20260912,0.44118918377250144,0.44118918377250144,0,0
rolling5_quarterly20,3493,2025-06-20,2025-06-30,0.0232670437490374,2025,2025-03-31,learned_vol_interaction,20260912,0.41513586357468685,0.41513586357468685,0,1
rolling5_quarterly20,3498,2025-06-27,2025-07-07,0.0145345648685946,2025,2025-03-31,learned_vol_interaction,20260912,0.5164990634259856,0.5164990634259856,1,1
rolling5_quarterly20,3447,2025-04-11,2025-04-21,-0.0010339232881941,2025,2025-03-31,learned_order_extension,20260912,0.4972773550497118,0.4972773550497118,0,0
rolling5_quarterly20,3452,2025-04-18,2025-04-28,0.0048432383085554,2025,2025-03-31,learned_order_extension,20260912,0.4867559741447844,0.4867559741447844,0,1
rolling5_quarterly20,3457,2025-04-25,2025-05-12,0.02116527880118,2025,2025-03-31,learned_order_extension,20260912,0.46912244744005416,0.46912244744005416,0,1
rolling5_quarterly20,3464,2025-05-09,2025-05-19,0.0041484224873464,2025,2025-03-31,learned_order_extension,20260912,0.18565680803728754,0.18565680803728754,0,1
rolling5_quarterly20,3469,2025-05-16,2025-05-26,-0.0017462660042188,2025,2025-03-31,learned_order_extension,20260912,0.0764886671279997,0.0764886671279997,0,0
rolling5_quarterly20,3474,2025-05-23,2025-06-03,-0.0109216443615366,2025,2025-03-31,learned_order_extension,20260912,0.4388868919805063,0.4388868919805063,0,0
rolling5_quarterly20,3479,2025-05-30,2025-06-09,0.011566574321892,2025,2025-03-31,learned_order_extension,20260912,0.3824048451971446,0.3824048451971446,0,1
rolling5_quarterly20,3483,2025-06-06,2025-06-16,-0.0062354943524679,2025,2025-03-31,learned_order_extension,20260912,0.6374684448995988,0.6374684448995988,1,0
rolling5_quarterly20,3488,2025-06-13,2025-06-23,-0.005825691168304,2025,2025-03-31,learned_order_extension,20260912,0.4204302908384,0.4204302908384,0,0
rolling5_quarterly20,3493,2025-06-20,2025-06-30,0.0232670437490374,2025,2025-03-31,learned_order_extension,20260912,0.38501684179910717,0.38501684179910717,0,1
rolling5_quarterly20,3498,2025-06-27,2025-07-07,0.0145345648685946,2025,2025-03-31,learned_order_extension,20260912,0.5110099865061024,0.5110099865061024,1,1
rolling5_quarterly20,3447,2025-04-11,2025-04-21,-0.0010339232881941,2025,2025-03-31,learned_order_offset,20260912,0.49715951958262034,0.49715951958262034,0,0
rolling5_quarterly20,3452,2025-04-18,2025-04-28,0.0048432383085554,2025,2025-03-31,learned_order_offset,20260912,0.4871184817500733,0.4871184817500733,0,1
rolling5_quarterly20,3457,2025-04-25,2025-05-12,0.02116527880118,2025,2025-03-31,learned_order_offset,20260912,0.46896021328010706,0.46896021328010706,0,1
rolling5_quarterly20,3464,2025-05-09,2025-05-19,0.0041484224873464,2025,2025-03-31,learned_order_offset,20260912,0.18695187487144238,0.18695187487144238,0,1
rolling5_quarterly20,3469,2025-05-16,2025-05-26,-0.0017462660042188,2025,2025-03-31,learned_order_offset,20260912,0.07740752312169209,0.07740752312169209,0,0
rolling5_quarterly20,3474,2025-05-23,2025-06-03,-0.0109216443615366,2025,2025-03-31,learned_order_offset,20260912,0.43418304452788414,0.43418304452788414,0,0
rolling5_quarterly20,3479,2025-05-30,2025-06-09,0.011566574321892,2025,2025-03-31,learned_order_offset,20260912,0.37922196404436415,0.37922196404436415,0,1
rolling5_quarterly20,3483,2025-06-06,2025-06-16,-0.0062354943524679,2025,2025-03-31,learned_order_offset,20260912,0.6343629775811233,0.6343629775811233,1,0
rolling5_quarterly20,3488,2025-06-13,2025-06-23,-0.005825691168304,2025,2025-03-31,learned_order_offset,20260912,0.418596016649145,0.418596016649145,0,0
rolling5_quarterly20,3493,2025-06-20,2025-06-30,0.0232670437490374,2025,2025-03-31,learned_order_offset,20260912,0.38405763740224536,0.38405763740224536,0,1
rolling5_quarterly20,3498,2025-06-27,2025-07-07,0.0145345648685946,2025,2025-03-31,learned_order_offset,20260912,0.510617912057575,0.510617912057575,1,1
rolling5_quarterly20,3447,2025-04-11,2025-04-21,-0.0010339232881941,2025,2025-03-31,native_mse,20260912,0.0008086375225854492,,1,0
rolling5_quarterly20,3452,2025-04-18,2025-04-28,0.0048432383085554,2025,2025-03-31,native_mse,20260912,0.0007681414221124439,,1,1
rolling5_quarterly20,3457,2025-04-25,2025-05-12,0.02116527880118,2025,2025-03-31,native_mse,20260912,0.0007508827899443413,,1,1
rolling5_quarterly20,3464,2025-05-09,2025-05-19,0.0041484224873464,2025,2025-03-31,native_mse,20260912,0.0006518095912490829,,1,1
rolling5_quarterly20,3469,2025-05-16,2025-05-26,-0.0017462660042188,2025,2025-03-31,native_mse,20260912,0.0004514302683112801,,1,0
rolling5_quarterly20,3474,2025-05-23,2025-06-03,-0.0109216443615366,2025,2025-03-31,native_mse,20260912,0.0006338883390941672,,1,0
rolling5_quarterly20,3479,2025-05-30,2025-06-09,0.011566574321892,2025,2025-03-31,native_mse,20260912,0.0006396479453047744,,1,1
rolling5_quarterly20,3483,2025-06-06,2025-06-16,-0.0062354943524679,2025,2025-03-31,native_mse,20260912,0.0008096707846713672,,1,0
rolling5_quarterly20,3488,2025-06-13,2025-06-23,-0.005825691168304,2025,2025-03-31,native_mse,20260912,0.0007331776726404483,,1,0
rolling5_quarterly20,3493,2025-06-20,2025-06-30,0.0232670437490374,2025,2025-03-31,native_mse,20260912,0.0008053921582345272,,1,1
rolling5_quarterly20,3498,2025-06-27,2025-07-07,0.0145345648685946,2025,2025-03-31,native_mse,20260912,0.0007717756977229871,,1,1
rolling5_quarterly20,3503,2025-07-04,2025-07-14,0.0110426949002964,2025,2025-06-30,learned_market,20260910,0.5482412092070321,0.5482412092070321,1,1
rolling5_quarterly20,3508,2025-07-11,2025-07-21,0.0120759671840067,2025,2025-06-30,learned_market,20260910,0.5429613298128232,0.5429613298128232,1,1
rolling5_quarterly20,3513,2025-07-18,2025-07-28,0.0143570766898375,2025,2025-06-30,learned_market,20260910,0.5508719664148073,0.5508719664148073,1,1
rolling5_quarterly20,3518,2025-07-25,2025-08-04,-0.0218642507630443,2025,2025-06-30,learned_market,20260910,0.4570721933065444,0.4570721933065444,0,0
rolling5_quarterly20,3523,2025-08-01,2025-08-11,0.0179175520190988,2025,2025-06-30,learned_market,20260910,0.4010968267296317,0.4010968267296317,0,1
rolling5_quarterly20,3528,2025-08-08,2025-08-18,0.026265786598999,2025,2025-06-30,learned_market,20260910,0.5273385236654498,0.5273385236654498,1,1
rolling5_quarterly20,3533,2025-08-15,2025-08-25,0.0469483790671487,2025,2025-06-30,learned_market,20260910,0.45384723626301465,0.45384723626301465,0,1
rolling5_quarterly20,3538,2025-08-22,2025-09-01,0.0227770368340847,2025,2025-06-30,learned_market,20260910,0.32803808954116526,0.32803808954116526,0,1
rolling5_quarterly20,3543,2025-08-29,2025-09-08,-0.0110053842475337,2025,2025-06-30,learned_market,20260910,0.5354359018141299,0.5354359018141299,1,0
rolling5_quarterly20,3548,2025-09-05,2025-09-15,0.0151594857594405,2025,2025-06-30,learned_market,20260910,0.4422438297425585,0.4422438297425585,0,1
rolling5_quarterly20,3553,2025-09-12,2025-09-22,-0.0050409160971932,2025,2025-06-30,learned_market,20260910,0.531658944395088,0.531658944395088,1,0
rolling5_quarterly20,3558,2025-09-19,2025-09-29,0.0095300784790881,2025,2025-06-30,learned_market,20260910,0.42282501197873146,0.42282501197873146,0,1
rolling5_quarterly20,3563,2025-09-26,2025-10-13,-0.0140855274279203,2025,2025-06-30,learned_market,20260910,0.6679064982688356,0.6679064982688356,1,0
rolling5_quarterly20,3503,2025-07-04,2025-07-14,0.0110426949002964,2025,2025-06-30,learned_vol_interaction,20260910,0.54779409866689,0.54779409866689,1,1
rolling5_quarterly20,3508,2025-07-11,2025-07-21,0.0120759671840067,2025,2025-06-30,learned_vol_interaction,20260910,0.5412999593092593,0.5412999593092593,1,1
rolling5_quarterly20,3513,2025-07-18,2025-07-28,0.0143570766898375,2025,2025-06-30,learned_vol_interaction,20260910,0.5469772341496162,0.5469772341496162,1,1
rolling5_quarterly20,3518,2025-07-25,2025-08-04,-0.0218642507630443,2025,2025-06-30,learned_vol_interaction,20260910,0.46076674545858987,0.46076674545858987,0,0
rolling5_quarterly20,3523,2025-08-01,2025-08-11,0.0179175520190988,2025,2025-06-30,learned_vol_interaction,20260910,0.40640820119367094,0.40640820119367094,0,1
rolling5_quarterly20,3528,2025-08-08,2025-08-18,0.026265786598999,2025,2025-06-30,learned_vol_interaction,20260910,0.5295162106132196,0.5295162106132196,1,1
rolling5_quarterly20,3533,2025-08-15,2025-08-25,0.0469483790671487,2025,2025-06-30,learned_vol_interaction,20260910,0.4567939930734443,0.4567939930734443,0,1
rolling5_quarterly20,3538,2025-08-22,2025-09-01,0.0227770368340847,2025,2025-06-30,learned_vol_interaction,20260910,0.33304713468156605,0.33304713468156605,0,1
rolling5_quarterly20,3543,2025-08-29,2025-09-08,-0.0110053842475337,2025,2025-06-30,learned_vol_interaction,20260910,0.5361063056289526,0.5361063056289526,1,0
rolling5_quarterly20,3548,2025-09-05,2025-09-15,0.0151594857594405,2025,2025-06-30,learned_vol_interaction,20260910,0.44250558259735234,0.44250558259735234,0,1
rolling5_quarterly20,3553,2025-09-12,2025-09-22,-0.0050409160971932,2025,2025-06-30,learned_vol_interaction,20260910,0.5305438385693867,0.5305438385693867,1,0
rolling5_quarterly20,3558,2025-09-19,2025-09-29,0.0095300784790881,2025,2025-06-30,learned_vol_interaction,20260910,0.4216315654130565,0.4216315654130565,0,1
rolling5_quarterly20,3563,2025-09-26,2025-10-13,-0.0140855274279203,2025,2025-06-30,learned_vol_interaction,20260910,0.6699488718361828,0.6699488718361828,1,0
rolling5_quarterly20,3503,2025-07-04,2025-07-14,0.0110426949002964,2025,2025-06-30,learned_order_extension,20260910,0.5463686578236228,0.5463686578236228,1,1
rolling5_quarterly20,3508,2025-07-11,2025-07-21,0.0120759671840067,2025,2025-06-30,learned_order_extension,20260910,0.5401562776487688,0.5401562776487688,1,1
rolling5_quarterly20,3513,2025-07-18,2025-07-28,0.0143570766898375,2025,2025-06-30,learned_order_extension,20260910,0.5456393161535666,0.5456393161535666,1,1
rolling5_quarterly20,3518,2025-07-25,2025-08-04,-0.0218642507630443,2025,2025-06-30,learned_order_extension,20260910,0.45985204404444097,0.45985204404444097,0,0
rolling5_quarterly20,3523,2025-08-01,2025-08-11,0.0179175520190988,2025,2025-06-30,learned_order_extension,20260910,0.40331628211556,0.40331628211556,0,1
rolling5_quarterly20,3528,2025-08-08,2025-08-18,0.026265786598999,2025,2025-06-30,learned_order_extension,20260910,0.5317858598275179,0.5317858598275179,1,1
rolling5_quarterly20,3533,2025-08-15,2025-08-25,0.0469483790671487,2025,2025-06-30,learned_order_extension,20260910,0.45410933339936793,0.45410933339936793,0,1
rolling5_quarterly20,3538,2025-08-22,2025-09-01,0.0227770368340847,2025,2025-06-30,learned_order_extension,20260910,0.34196408377761517,0.34196408377761517,0,1
rolling5_quarterly20,3543,2025-08-29,2025-09-08,-0.0110053842475337,2025,2025-06-30,learned_order_extension,20260910,0.5354570008422377,0.5354570008422377,1,0
rolling5_quarterly20,3548,2025-09-05,2025-09-15,0.0151594857594405,2025,2025-06-30,learned_order_extension,20260910,0.44194690155221156,0.44194690155221156,0,1
rolling5_quarterly20,3553,2025-09-12,2025-09-22,-0.0050409160971932,2025,2025-06-30,learned_order_extension,20260910,0.5278656572177818,0.5278656572177818,1,0
rolling5_quarterly20,3558,2025-09-19,2025-09-29,0.0095300784790881,2025,2025-06-30,learned_order_extension,20260910,0.4249244481546965,0.4249244481546965,0,1
rolling5_quarterly20,3563,2025-09-26,2025-10-13,-0.0140855274279203,2025,2025-06-30,learned_order_extension,20260910,0.6617517157508613,0.6617517157508613,1,0
rolling5_quarterly20,3503,2025-07-04,2025-07-14,0.0110426949002964,2025,2025-06-30,learned_order_offset,20260910,0.5462149906212175,0.5462149906212175,1,1
rolling5_quarterly20,3508,2025-07-11,2025-07-21,0.0120759671840067,2025,2025-06-30,learned_order_offset,20260910,0.5401347693807496,0.5401347693807496,1,1
rolling5_quarterly20,3513,2025-07-18,2025-07-28,0.0143570766898375,2025,2025-06-30,learned_order_offset,20260910,0.5453887379715777,0.5453887379715777,1,1
rolling5_quarterly20,3518,2025-07-25,2025-08-04,-0.0218642507630443,2025,2025-06-30,learned_order_offset,20260910,0.4600151025377401,0.4600151025377401,0,0
rolling5_quarterly20,3523,2025-08-01,2025-08-11,0.0179175520190988,2025,2025-06-30,learned_order_offset,20260910,0.403493639239713,0.403493639239713,0,1
rolling5_quarterly20,3528,2025-08-08,2025-08-18,0.026265786598999,2025,2025-06-30,learned_order_offset,20260910,0.5318944261245001,0.5318944261245001,1,1
rolling5_quarterly20,3533,2025-08-15,2025-08-25,0.0469483790671487,2025,2025-06-30,learned_order_offset,20260910,0.4541199171180463,0.4541199171180463,0,1
rolling5_quarterly20,3538,2025-08-22,2025-09-01,0.0227770368340847,2025,2025-06-30,learned_order_offset,20260910,0.3424643685570247,0.3424643685570247,0,1
rolling5_quarterly20,3543,2025-08-29,2025-09-08,-0.0110053842475337,2025,2025-06-30,learned_order_offset,20260910,0.5354188179182977,0.5354188179182977,1,0
rolling5_quarterly20,3548,2025-09-05,2025-09-15,0.0151594857594405,2025,2025-06-30,learned_order_offset,20260910,0.44234843706703786,0.44234843706703786,0,1
rolling5_quarterly20,3553,2025-09-12,2025-09-22,-0.0050409160971932,2025,2025-06-30,learned_order_offset,20260910,0.527660700245175,0.527660700245175,1,0
rolling5_quarterly20,3558,2025-09-19,2025-09-29,0.0095300784790881,2025,2025-06-30,learned_order_offset,20260910,0.4250978043829327,0.4250978043829327,0,1
rolling5_quarterly20,3563,2025-09-26,2025-10-13,-0.0140855274279203,2025,2025-06-30,learned_order_offset,20260910,0.6612929704162825,0.6612929704162825,1,0
rolling5_quarterly20,3503,2025-07-04,2025-07-14,0.0110426949002964,2025,2025-06-30,native_mse,20260910,-1.9103704555239288e-05,,0,1
rolling5_quarterly20,3508,2025-07-11,2025-07-21,0.0120759671840067,2025,2025-06-30,native_mse,20260910,0.0013026157736130343,,1,1
rolling5_quarterly20,3513,2025-07-18,2025-07-28,0.0143570766898375,2025,2025-06-30,native_mse,20260910,0.000684515619798105,,1,1
rolling5_quarterly20,3518,2025-07-25,2025-08-04,-0.0218642507630443,2025,2025-06-30,native_mse,20260910,0.00015450959545286328,,1,0
rolling5_quarterly20,3523,2025-08-01,2025-08-11,0.0179175520190988,2025,2025-06-30,native_mse,20260910,-0.0015432069637098121,,0,1
rolling5_quarterly20,3528,2025-08-08,2025-08-18,0.026265786598999,2025,2025-06-30,native_mse,20260910,0.0010928568564952125,,1,1
rolling5_quarterly20,3533,2025-08-15,2025-08-25,0.0469483790671487,2025,2025-06-30,native_mse,20260910,-0.001037573873376638,,0,1
rolling5_quarterly20,3538,2025-08-22,2025-09-01,0.0227770368340847,2025,2025-06-30,native_mse,20260910,-0.0024068968315971557,,0,1
rolling5_quarterly20,3543,2025-08-29,2025-09-08,-0.0110053842475337,2025,2025-06-30,native_mse,20260910,-0.0009003483845479181,,0,0
rolling5_quarterly20,3548,2025-09-05,2025-09-15,0.0151594857594405,2025,2025-06-30,native_mse,20260910,-0.0017334678121250923,,0,1
rolling5_quarterly20,3553,2025-09-12,2025-09-22,-0.0050409160971932,2025,2025-06-30,native_mse,20260910,-0.0011831665728066678,,0,0
rolling5_quarterly20,3558,2025-09-19,2025-09-29,0.0095300784790881,2025,2025-06-30,native_mse,20260910,-0.0021062366207734136,,0,1
rolling5_quarterly20,3563,2025-09-26,2025-10-13,-0.0140855274279203,2025,2025-06-30,native_mse,20260910,7.504235768726429e-05,,1,0
rolling5_quarterly20,3503,2025-07-04,2025-07-14,0.0110426949002964,2025,2025-06-30,training_frequency,-1,0.4701492537313433,0.4701492537313433,0,1
rolling5_quarterly20,3508,2025-07-11,2025-07-21,0.0120759671840067,2025,2025-06-30,training_frequency,-1,0.4701492537313433,0.4701492537313433,0,1
rolling5_quarterly20,3513,2025-07-18,2025-07-28,0.0143570766898375,2025,2025-06-30,training_frequency,-1,0.4701492537313433,0.4701492537313433,0,1
rolling5_quarterly20,3518,2025-07-25,2025-08-04,-0.0218642507630443,2025,2025-06-30,training_frequency,-1,0.4701492537313433,0.4701492537313433,0,0
rolling5_quarterly20,3523,2025-08-01,2025-08-11,0.0179175520190988,2025,2025-06-30,training_frequency,-1,0.4701492537313433,0.4701492537313433,0,1
rolling5_quarterly20,3528,2025-08-08,2025-08-18,0.026265786598999,2025,2025-06-30,training_frequency,-1,0.4701492537313433,0.4701492537313433,0,1
rolling5_quarterly20,3533,2025-08-15,2025-08-25,0.0469483790671487,2025,2025-06-30,training_frequency,-1,0.4701492537313433,0.4701492537313433,0,1
rolling5_quarterly20,3538,2025-08-22,2025-09-01,0.0227770368340847,2025,2025-06-30,training_frequency,-1,0.4701492537313433,0.4701492537313433,0,1
rolling5_quarterly20,3543,2025-08-29,2025-09-08,-0.0110053842475337,2025,2025-06-30,training_frequency,-1,0.4701492537313433,0.4701492537313433,0,0
rolling5_quarterly20,3548,2025-09-05,2025-09-15,0.0151594857594405,2025,2025-06-30,training_frequency,-1,0.4701492537313433,0.4701492537313433,0,1
rolling5_quarterly20,3553,2025-09-12,2025-09-22,-0.0050409160971932,2025,2025-06-30,training_frequency,-1,0.4701492537313433,0.4701492537313433,0,0
rolling5_quarterly20,3558,2025-09-19,2025-09-29,0.0095300784790881,2025,2025-06-30,training_frequency,-1,0.4701492537313433,0.4701492537313433,0,1
rolling5_quarterly20,3563,2025-09-26,2025-10-13,-0.0140855274279203,2025,2025-06-30,training_frequency,-1,0.4701492537313433,0.4701492537313433,0,0
rolling5_quarterly20,3503,2025-07-04,2025-07-14,0.0110426949002964,2025,2025-06-30,learned_market,20260911,0.4225539604500009,0.4225539604500009,0,1
rolling5_quarterly20,3508,2025-07-11,2025-07-21,0.0120759671840067,2025,2025-06-30,learned_market,20260911,0.5122754828758834,0.5122754828758834,1,1
rolling5_quarterly20,3513,2025-07-18,2025-07-28,0.0143570766898375,2025,2025-06-30,learned_market,20260911,0.6213388383890261,0.6213388383890261,1,1
rolling5_quarterly20,3518,2025-07-25,2025-08-04,-0.0218642507630443,2025,2025-06-30,learned_market,20260911,0.44805790294497905,0.44805790294497905,0,0
rolling5_quarterly20,3523,2025-08-01,2025-08-11,0.0179175520190988,2025,2025-06-30,learned_market,20260911,0.4591295082122057,0.4591295082122057,0,1
rolling5_quarterly20,3528,2025-08-08,2025-08-18,0.026265786598999,2025,2025-06-30,learned_market,20260911,0.43547603665139994,0.43547603665139994,0,1
rolling5_quarterly20,3533,2025-08-15,2025-08-25,0.0469483790671487,2025,2025-06-30,learned_market,20260911,0.4829200433002393,0.4829200433002393,0,1
rolling5_quarterly20,3538,2025-08-22,2025-09-01,0.0227770368340847,2025,2025-06-30,learned_market,20260911,0.3838942737288458,0.3838942737288458,0,1
rolling5_quarterly20,3543,2025-08-29,2025-09-08,-0.0110053842475337,2025,2025-06-30,learned_market,20260911,0.3183971610152378,0.3183971610152378,0,0
rolling5_quarterly20,3548,2025-09-05,2025-09-15,0.0151594857594405,2025,2025-06-30,learned_market,20260911,0.43585358824354486,0.43585358824354486,0,1
rolling5_quarterly20,3553,2025-09-12,2025-09-22,-0.0050409160971932,2025,2025-06-30,learned_market,20260911,0.42431202985511574,0.42431202985511574,0,0
rolling5_quarterly20,3558,2025-09-19,2025-09-29,0.0095300784790881,2025,2025-06-30,learned_market,20260911,0.4914099693128478,0.4914099693128478,0,1
rolling5_quarterly20,3563,2025-09-26,2025-10-13,-0.0140855274279203,2025,2025-06-30,learned_market,20260911,0.4761881933020761,0.4761881933020761,0,0
rolling5_quarterly20,3503,2025-07-04,2025-07-14,0.0110426949002964,2025,2025-06-30,learned_vol_interaction,20260911,0.4313453833517234,0.4313453833517234,0,1
rolling5_quarterly20,3508,2025-07-11,2025-07-21,0.0120759671840067,2025,2025-06-30,learned_vol_interaction,20260911,0.5636250906555929,0.5636250906555929,1,1
rolling5_quarterly20,3513,2025-07-18,2025-07-28,0.0143570766898375,2025,2025-06-30,learned_vol_interaction,20260911,0.7096608861539614,0.7096608861539614,1,1
rolling5_quarterly20,3518,2025-07-25,2025-08-04,-0.0218642507630443,2025,2025-06-30,learned_vol_interaction,20260911,0.5011781170178179,0.5011781170178179,1,0
rolling5_quarterly20,3523,2025-08-01,2025-08-11,0.0179175520190988,2025,2025-06-30,learned_vol_interaction,20260911,0.49502124996079777,0.49502124996079777,0,1
rolling5_quarterly20,3528,2025-08-08,2025-08-18,0.026265786598999,2025,2025-06-30,learned_vol_interaction,20260911,0.44918020968520245,0.44918020968520245,0,1
rolling5_quarterly20,3533,2025-08-15,2025-08-25,0.0469483790671487,2025,2025-06-30,learned_vol_interaction,20260911,0.5307078423437459,0.5307078423437459,1,1
rolling5_quarterly20,3538,2025-08-22,2025-09-01,0.0227770368340847,2025,2025-06-30,learned_vol_interaction,20260911,0.3814479492446672,0.3814479492446672,0,1
rolling5_quarterly20,3543,2025-08-29,2025-09-08,-0.0110053842475337,2025,2025-06-30,learned_vol_interaction,20260911,0.30120937608387915,0.30120937608387915,0,0
rolling5_quarterly20,3548,2025-09-05,2025-09-15,0.0151594857594405,2025,2025-06-30,learned_vol_interaction,20260911,0.4330192240079598,0.4330192240079598,0,1
rolling5_quarterly20,3553,2025-09-12,2025-09-22,-0.0050409160971932,2025,2025-06-30,learned_vol_interaction,20260911,0.422415006960148,0.422415006960148,0,0
rolling5_quarterly20,3558,2025-09-19,2025-09-29,0.0095300784790881,2025,2025-06-30,learned_vol_interaction,20260911,0.48875996377082875,0.48875996377082875,0,1
rolling5_quarterly20,3563,2025-09-26,2025-10-13,-0.0140855274279203,2025,2025-06-30,learned_vol_interaction,20260911,0.4824997356429379,0.4824997356429379,0,0
rolling5_quarterly20,3503,2025-07-04,2025-07-14,0.0110426949002964,2025,2025-06-30,learned_order_extension,20260911,0.43482602527899195,0.43482602527899195,0,1
rolling5_quarterly20,3508,2025-07-11,2025-07-21,0.0120759671840067,2025,2025-06-30,learned_order_extension,20260911,0.5857060808764846,0.5857060808764846,1,1
rolling5_quarterly20,3513,2025-07-18,2025-07-28,0.0143570766898375,2025,2025-06-30,learned_order_extension,20260911,0.7218824342846829,0.7218824342846829,1,1
rolling5_quarterly20,3518,2025-07-25,2025-08-04,-0.0218642507630443,2025,2025-06-30,learned_order_extension,20260911,0.4811368516278285,0.4811368516278285,0,0
rolling5_quarterly20,3523,2025-08-01,2025-08-11,0.0179175520190988,2025,2025-06-30,learned_order_extension,20260911,0.48824778134792063,0.48824778134792063,0,1
rolling5_quarterly20,3528,2025-08-08,2025-08-18,0.026265786598999,2025,2025-06-30,learned_order_extension,20260911,0.4460007628431334,0.4460007628431334,0,1
rolling5_quarterly20,3533,2025-08-15,2025-08-25,0.0469483790671487,2025,2025-06-30,learned_order_extension,20260911,0.5277420348935848,0.5277420348935848,1,1
rolling5_quarterly20,3538,2025-08-22,2025-09-01,0.0227770368340847,2025,2025-06-30,learned_order_extension,20260911,0.3720263831060902,0.3720263831060902,0,1
rolling5_quarterly20,3543,2025-08-29,2025-09-08,-0.0110053842475337,2025,2025-06-30,learned_order_extension,20260911,0.28765628496315054,0.28765628496315054,0,0
rolling5_quarterly20,3548,2025-09-05,2025-09-15,0.0151594857594405,2025,2025-06-30,learned_order_extension,20260911,0.4280762790608415,0.4280762790608415,0,1
rolling5_quarterly20,3553,2025-09-12,2025-09-22,-0.0050409160971932,2025,2025-06-30,learned_order_extension,20260911,0.43250849075612846,0.43250849075612846,0,0
rolling5_quarterly20,3558,2025-09-19,2025-09-29,0.0095300784790881,2025,2025-06-30,learned_order_extension,20260911,0.5027182378901665,0.5027182378901665,1,1
rolling5_quarterly20,3563,2025-09-26,2025-10-13,-0.0140855274279203,2025,2025-06-30,learned_order_extension,20260911,0.48638351452336165,0.48638351452336165,0,0
rolling5_quarterly20,3503,2025-07-04,2025-07-14,0.0110426949002964,2025,2025-06-30,learned_order_offset,20260911,0.43379005741841575,0.43379005741841575,0,1
rolling5_quarterly20,3508,2025-07-11,2025-07-21,0.0120759671840067,2025,2025-06-30,learned_order_offset,20260911,0.5844301703915894,0.5844301703915894,1,1
rolling5_quarterly20,3513,2025-07-18,2025-07-28,0.0143570766898375,2025,2025-06-30,learned_order_offset,20260911,0.7199112374115008,0.7199112374115008,1,1
rolling5_quarterly20,3518,2025-07-25,2025-08-04,-0.0218642507630443,2025,2025-06-30,learned_order_offset,20260911,0.4798056052234653,0.4798056052234653,0,0
rolling5_quarterly20,3523,2025-08-01,2025-08-11,0.0179175520190988,2025,2025-06-30,learned_order_offset,20260911,0.48778385589117784,0.48778385589117784,0,1
rolling5_quarterly20,3528,2025-08-08,2025-08-18,0.026265786598999,2025,2025-06-30,learned_order_offset,20260911,0.4465065870826119,0.4465065870826119,0,1
rolling5_quarterly20,3533,2025-08-15,2025-08-25,0.0469483790671487,2025,2025-06-30,learned_order_offset,20260911,0.5266075088968507,0.5266075088968507,1,1
rolling5_quarterly20,3538,2025-08-22,2025-09-01,0.0227770368340847,2025,2025-06-30,learned_order_offset,20260911,0.3718691038953182,0.3718691038953182,0,1
rolling5_quarterly20,3543,2025-08-29,2025-09-08,-0.0110053842475337,2025,2025-06-30,learned_order_offset,20260911,0.2861746735142101,0.2861746735142101,0,0
rolling5_quarterly20,3548,2025-09-05,2025-09-15,0.0151594857594405,2025,2025-06-30,learned_order_offset,20260911,0.428648897713642,0.428648897713642,0,1
rolling5_quarterly20,3553,2025-09-12,2025-09-22,-0.0050409160971932,2025,2025-06-30,learned_order_offset,20260911,0.43339795756749283,0.43339795756749283,0,0
rolling5_quarterly20,3558,2025-09-19,2025-09-29,0.0095300784790881,2025,2025-06-30,learned_order_offset,20260911,0.5036892540866253,0.5036892540866253,1,1
rolling5_quarterly20,3563,2025-09-26,2025-10-13,-0.0140855274279203,2025,2025-06-30,learned_order_offset,20260911,0.48692794701585307,0.48692794701585307,0,0
rolling5_quarterly20,3503,2025-07-04,2025-07-14,0.0110426949002964,2025,2025-06-30,native_mse,20260911,-0.00033301750648773415,,0,1
rolling5_quarterly20,3508,2025-07-11,2025-07-21,0.0120759671840067,2025,2025-06-30,native_mse,20260911,0.0014785265430621564,,1,1
rolling5_quarterly20,3513,2025-07-18,2025-07-28,0.0143570766898375,2025,2025-06-30,native_mse,20260911,0.0022906693505243313,,1,1
rolling5_quarterly20,3518,2025-07-25,2025-08-04,-0.0218642507630443,2025,2025-06-30,native_mse,20260911,-0.00023523143662481651,,0,0
rolling5_quarterly20,3523,2025-08-01,2025-08-11,0.0179175520190988,2025,2025-06-30,native_mse,20260911,-0.0003726364286433809,,0,1
rolling5_quarterly20,3528,2025-08-08,2025-08-18,0.026265786598999,2025,2025-06-30,native_mse,20260911,-0.0015278782535979455,,0,1
rolling5_quarterly20,3533,2025-08-15,2025-08-25,0.0469483790671487,2025,2025-06-30,native_mse,20260911,-0.0008819814296351211,,0,1
rolling5_quarterly20,3538,2025-08-22,2025-09-01,0.0227770368340847,2025,2025-06-30,native_mse,20260911,-0.0015165271606416815,,0,1
rolling5_quarterly20,3543,2025-08-29,2025-09-08,-0.0110053842475337,2025,2025-06-30,native_mse,20260911,-0.0022849261413773977,,0,0
rolling5_quarterly20,3548,2025-09-05,2025-09-15,0.0151594857594405,2025,2025-06-30,native_mse,20260911,-0.0011486222644751004,,0,1
rolling5_quarterly20,3553,2025-09-12,2025-09-22,-0.0050409160971932,2025,2025-06-30,native_mse,20260911,-0.0010105225311087605,,0,0
rolling5_quarterly20,3558,2025-09-19,2025-09-29,0.0095300784790881,2025,2025-06-30,native_mse,20260911,-0.0007998085488316637,,0,1
rolling5_quarterly20,3563,2025-09-26,2025-10-13,-0.0140855274279203,2025,2025-06-30,native_mse,20260911,-0.0009334975329235662,,0,0
rolling5_quarterly20,3503,2025-07-04,2025-07-14,0.0110426949002964,2025,2025-06-30,learned_market,20260912,0.3959818692244062,0.3959818692244062,0,1
rolling5_quarterly20,3508,2025-07-11,2025-07-21,0.0120759671840067,2025,2025-06-30,learned_market,20260912,0.3824829129010704,0.3824829129010704,0,1
rolling5_quarterly20,3513,2025-07-18,2025-07-28,0.0143570766898375,2025,2025-06-30,learned_market,20260912,0.564802284810332,0.564802284810332,1,1
rolling5_quarterly20,3518,2025-07-25,2025-08-04,-0.0218642507630443,2025,2025-06-30,learned_market,20260912,0.307092804517789,0.307092804517789,0,0
rolling5_quarterly20,3523,2025-08-01,2025-08-11,0.0179175520190988,2025,2025-06-30,learned_market,20260912,0.335482411963749,0.335482411963749,0,1
rolling5_quarterly20,3528,2025-08-08,2025-08-18,0.026265786598999,2025,2025-06-30,learned_market,20260912,0.19295371846319295,0.19295371846319295,0,1
rolling5_quarterly20,3533,2025-08-15,2025-08-25,0.0469483790671487,2025,2025-06-30,learned_market,20260912,0.35577872820458056,0.35577872820458056,0,1
rolling5_quarterly20,3538,2025-08-22,2025-09-01,0.0227770368340847,2025,2025-06-30,learned_market,20260912,0.2257482653516637,0.2257482653516637,0,1
rolling5_quarterly20,3543,2025-08-29,2025-09-08,-0.0110053842475337,2025,2025-06-30,learned_market,20260912,0.5117947876703753,0.5117947876703753,1,0
rolling5_quarterly20,3548,2025-09-05,2025-09-15,0.0151594857594405,2025,2025-06-30,learned_market,20260912,0.4772636254070662,0.4772636254070662,0,1
rolling5_quarterly20,3553,2025-09-12,2025-09-22,-0.0050409160971932,2025,2025-06-30,learned_market,20260912,0.5334443501014826,0.5334443501014826,1,0
rolling5_quarterly20,3558,2025-09-19,2025-09-29,0.0095300784790881,2025,2025-06-30,learned_market,20260912,0.4165570002706819,0.4165570002706819,0,1
rolling5_quarterly20,3563,2025-09-26,2025-10-13,-0.0140855274279203,2025,2025-06-30,learned_market,20260912,0.4004546284923204,0.4004546284923204,0,0
rolling5_quarterly20,3503,2025-07-04,2025-07-14,0.0110426949002964,2025,2025-06-30,learned_vol_interaction,20260912,0.38929045016250186,0.38929045016250186,0,1
rolling5_quarterly20,3508,2025-07-11,2025-07-21,0.0120759671840067,2025,2025-06-30,learned_vol_interaction,20260912,0.37514735154886375,0.37514735154886375,0,1
rolling5_quarterly20,3513,2025-07-18,2025-07-28,0.0143570766898375,2025,2025-06-30,learned_vol_interaction,20260912,0.5673431961352524,0.5673431961352524,1,1
rolling5_quarterly20,3518,2025-07-25,2025-08-04,-0.0218642507630443,2025,2025-06-30,learned_vol_interaction,20260912,0.29446055581352654,0.29446055581352654,0,0
rolling5_quarterly20,3523,2025-08-01,2025-08-11,0.0179175520190988,2025,2025-06-30,learned_vol_interaction,20260912,0.32899901483008087,0.32899901483008087,0,1
rolling5_quarterly20,3528,2025-08-08,2025-08-18,0.026265786598999,2025,2025-06-30,learned_vol_interaction,20260912,0.1812459560407144,0.1812459560407144,0,1
rolling5_quarterly20,3533,2025-08-15,2025-08-25,0.0469483790671487,2025,2025-06-30,learned_vol_interaction,20260912,0.34685227212558134,0.34685227212558134,0,1
rolling5_quarterly20,3538,2025-08-22,2025-09-01,0.0227770368340847,2025,2025-06-30,learned_vol_interaction,20260912,0.21555998085087422,0.21555998085087422,0,1
rolling5_quarterly20,3543,2025-08-29,2025-09-08,-0.0110053842475337,2025,2025-06-30,learned_vol_interaction,20260912,0.507935558590745,0.507935558590745,1,0
rolling5_quarterly20,3548,2025-09-05,2025-09-15,0.0151594857594405,2025,2025-06-30,learned_vol_interaction,20260912,0.4678147739840111,0.4678147739840111,0,1
rolling5_quarterly20,3553,2025-09-12,2025-09-22,-0.0050409160971932,2025,2025-06-30,learned_vol_interaction,20260912,0.5263352861120437,0.5263352861120437,1,0
rolling5_quarterly20,3558,2025-09-19,2025-09-29,0.0095300784790881,2025,2025-06-30,learned_vol_interaction,20260912,0.412997795501015,0.412997795501015,0,1
rolling5_quarterly20,3563,2025-09-26,2025-10-13,-0.0140855274279203,2025,2025-06-30,learned_vol_interaction,20260912,0.3986904125357934,0.3986904125357934,0,0
rolling5_quarterly20,3503,2025-07-04,2025-07-14,0.0110426949002964,2025,2025-06-30,learned_order_extension,20260912,0.3695749181969098,0.3695749181969098,0,1
rolling5_quarterly20,3508,2025-07-11,2025-07-21,0.0120759671840067,2025,2025-06-30,learned_order_extension,20260912,0.3848453474805873,0.3848453474805873,0,1
rolling5_quarterly20,3513,2025-07-18,2025-07-28,0.0143570766898375,2025,2025-06-30,learned_order_extension,20260912,0.5807031824767923,0.5807031824767923,1,1
rolling5_quarterly20,3518,2025-07-25,2025-08-04,-0.0218642507630443,2025,2025-06-30,learned_order_extension,20260912,0.28686205872747056,0.28686205872747056,0,0
rolling5_quarterly20,3523,2025-08-01,2025-08-11,0.0179175520190988,2025,2025-06-30,learned_order_extension,20260912,0.31675253538243664,0.31675253538243664,0,1
rolling5_quarterly20,3528,2025-08-08,2025-08-18,0.026265786598999,2025,2025-06-30,learned_order_extension,20260912,0.15302656801861578,0.15302656801861578,0,1
rolling5_quarterly20,3533,2025-08-15,2025-08-25,0.0469483790671487,2025,2025-06-30,learned_order_extension,20260912,0.34239785218731017,0.34239785218731017,0,1
rolling5_quarterly20,3538,2025-08-22,2025-09-01,0.0227770368340847,2025,2025-06-30,learned_order_extension,20260912,0.2461702960742601,0.2461702960742601,0,1
rolling5_quarterly20,3543,2025-08-29,2025-09-08,-0.0110053842475337,2025,2025-06-30,learned_order_extension,20260912,0.5140902991133405,0.5140902991133405,1,0
rolling5_quarterly20,3548,2025-09-05,2025-09-15,0.0151594857594405,2025,2025-06-30,learned_order_extension,20260912,0.4821015439262179,0.4821015439262179,0,1
rolling5_quarterly20,3553,2025-09-12,2025-09-22,-0.0050409160971932,2025,2025-06-30,learned_order_extension,20260912,0.5343957471283032,0.5343957471283032,1,0
rolling5_quarterly20,3558,2025-09-19,2025-09-29,0.0095300784790881,2025,2025-06-30,learned_order_extension,20260912,0.42819748999780743,0.42819748999780743,0,1
rolling5_quarterly20,3563,2025-09-26,2025-10-13,-0.0140855274279203,2025,2025-06-30,learned_order_extension,20260912,0.4044071722743214,0.4044071722743214,0,0
rolling5_quarterly20,3503,2025-07-04,2025-07-14,0.0110426949002964,2025,2025-06-30,learned_order_offset,20260912,0.36961865411796146,0.36961865411796146,0,1
rolling5_quarterly20,3508,2025-07-11,2025-07-21,0.0120759671840067,2025,2025-06-30,learned_order_offset,20260912,0.38579626983408316,0.38579626983408316,0,1
rolling5_quarterly20,3513,2025-07-18,2025-07-28,0.0143570766898375,2025,2025-06-30,learned_order_offset,20260912,0.5811565489424632,0.5811565489424632,1,1
rolling5_quarterly20,3518,2025-07-25,2025-08-04,-0.0218642507630443,2025,2025-06-30,learned_order_offset,20260912,0.28809647594984933,0.28809647594984933,0,0
rolling5_quarterly20,3523,2025-08-01,2025-08-11,0.0179175520190988,2025,2025-06-30,learned_order_offset,20260912,0.31842798192265925,0.31842798192265925,0,1
rolling5_quarterly20,3528,2025-08-08,2025-08-18,0.026265786598999,2025,2025-06-30,learned_order_offset,20260912,0.15407307534768633,0.15407307534768633,0,1
rolling5_quarterly20,3533,2025-08-15,2025-08-25,0.0469483790671487,2025,2025-06-30,learned_order_offset,20260912,0.343207443117627,0.343207443117627,0,1
rolling5_quarterly20,3538,2025-08-22,2025-09-01,0.0227770368340847,2025,2025-06-30,learned_order_offset,20260912,0.2476533032481119,0.2476533032481119,0,1
rolling5_quarterly20,3543,2025-08-29,2025-09-08,-0.0110053842475337,2025,2025-06-30,learned_order_offset,20260912,0.514160121804106,0.514160121804106,1,0
rolling5_quarterly20,3548,2025-09-05,2025-09-15,0.0151594857594405,2025,2025-06-30,learned_order_offset,20260912,0.4822213845873195,0.4822213845873195,0,1
rolling5_quarterly20,3553,2025-09-12,2025-09-22,-0.0050409160971932,2025,2025-06-30,learned_order_offset,20260912,0.5338459479741178,0.5338459479741178,1,0
rolling5_quarterly20,3558,2025-09-19,2025-09-29,0.0095300784790881,2025,2025-06-30,learned_order_offset,20260912,0.4287409782325577,0.4287409782325577,0,1
rolling5_quarterly20,3563,2025-09-26,2025-10-13,-0.0140855274279203,2025,2025-06-30,learned_order_offset,20260912,0.4042491917030843,0.4042491917030843,0,0
rolling5_quarterly20,3503,2025-07-04,2025-07-14,0.0110426949002964,2025,2025-06-30,native_mse,20260912,-0.0007419695842650083,,0,1
rolling5_quarterly20,3508,2025-07-11,2025-07-21,0.0120759671840067,2025,2025-06-30,native_mse,20260912,-0.0007347204726018442,,0,1
rolling5_quarterly20,3513,2025-07-18,2025-07-28,0.0143570766898375,2025,2025-06-30,native_mse,20260912,-0.0007308984445157619,,0,1
rolling5_quarterly20,3518,2025-07-25,2025-08-04,-0.0218642507630443,2025,2025-06-30,native_mse,20260912,-0.0007573882200387425,,0,0
rolling5_quarterly20,3523,2025-08-01,2025-08-11,0.0179175520190988,2025,2025-06-30,native_mse,20260912,-0.0007845804761936798,,0,1
rolling5_quarterly20,3528,2025-08-08,2025-08-18,0.026265786598999,2025,2025-06-30,native_mse,20260912,-0.0008016680122793817,,0,1
rolling5_quarterly20,3533,2025-08-15,2025-08-25,0.0469483790671487,2025,2025-06-30,native_mse,20260912,-0.0008050740471458538,,0,1
rolling5_quarterly20,3538,2025-08-22,2025-09-01,0.0227770368340847,2025,2025-06-30,native_mse,20260912,-0.0008568586955615199,,0,1
rolling5_quarterly20,3543,2025-08-29,2025-09-08,-0.0110053842475337,2025,2025-06-30,native_mse,20260912,-0.0008500237025508632,,0,0
rolling5_quarterly20,3548,2025-09-05,2025-09-15,0.0151594857594405,2025,2025-06-30,native_mse,20260912,-0.0008521264312494462,,0,1
rolling5_quarterly20,3553,2025-09-12,2025-09-22,-0.0050409160971932,2025,2025-06-30,native_mse,20260912,-0.0008681844015233075,,0,0
rolling5_quarterly20,3558,2025-09-19,2025-09-29,0.0095300784790881,2025,2025-06-30,native_mse,20260912,-0.000880432715853964,,0,1
rolling5_quarterly20,3563,2025-09-26,2025-10-13,-0.0140855274279203,2025,2025-06-30,native_mse,20260912,-0.0008825259110398536,,0,0
rolling5_quarterly20,3567,2025-10-10,2025-10-20,0.015001547584321,2025,2025-09-30,learned_market,20260910,0.6435992742483966,0.6435992742483966,1,1
rolling5_quarterly20,3572,2025-10-17,2025-10-27,0.0309637052897611,2025,2025-09-30,learned_market,20260910,0.6287121037376326,0.6287121037376326,1,1
rolling5_quarterly20,3577,2025-10-24,2025-11-03,-0.013331545863497,2025,2025-09-30,learned_market,20260910,0.5516997649170364,0.5516997649170364,1,0
rolling5_quarterly20,3582,2025-10-31,2025-11-10,0.0110832418536339,2025,2025-09-30,learned_market,20260910,0.6783861268125213,0.6783861268125213,1,1
rolling5_quarterly20,3587,2025-11-07,2025-11-17,-0.0152107881197579,2025,2025-09-30,learned_market,20260910,0.5266363555012753,0.5266363555012753,1,0
rolling5_quarterly20,3592,2025-11-14,2025-11-24,-0.031114557454173,2025,2025-09-30,learned_market,20260910,0.4950349584160251,0.4950349584160251,0,0
rolling5_quarterly20,3597,2025-11-21,2025-12-01,0.0147613767448515,2025,2025-09-30,learned_market,20260910,0.3502528334170131,0.3502528334170131,0,1
rolling5_quarterly20,3602,2025-11-28,2025-12-08,0.0118853804313106,2025,2025-09-30,learned_market,20260910,0.30847690628240493,0.30847690628240493,0,1
rolling5_quarterly20,3607,2025-12-05,2025-12-15,-0.0093922675990717,2025,2025-09-30,learned_market,20260910,0.4962226987972121,0.4962226987972121,0,0
rolling5_quarterly20,3612,2025-12-12,2025-12-22,0.0082791208791208,2025,2025-09-30,learned_market,20260910,0.4928501740521331,0.4928501740521331,0,1
rolling5_quarterly20,3617,2025-12-19,2025-12-29,0.0153890755001995,2025,2025-09-30,learned_market,20260910,0.48844702706555027,0.48844702706555027,0,1
rolling5_quarterly20,3622,2025-12-26,2026-01-12,0.0239101640737868,2025,2025-09-30,learned_market,20260910,0.5312079338972673,0.5312079338972673,1,1
rolling5_quarterly20,3567,2025-10-10,2025-10-20,0.015001547584321,2025,2025-09-30,learned_vol_interaction,20260910,0.6429571235820805,0.6429571235820805,1,1
rolling5_quarterly20,3572,2025-10-17,2025-10-27,0.0309637052897611,2025,2025-09-30,learned_vol_interaction,20260910,0.629132690558048,0.629132690558048,1,1
rolling5_quarterly20,3577,2025-10-24,2025-11-03,-0.013331545863497,2025,2025-09-30,learned_vol_interaction,20260910,0.5513165266426138,0.5513165266426138,1,0
rolling5_quarterly20,3582,2025-10-31,2025-11-10,0.0110832418536339,2025,2025-09-30,learned_vol_interaction,20260910,0.6776834509440302,0.6776834509440302,1,1
rolling5_quarterly20,3587,2025-11-07,2025-11-17,-0.0152107881197579,2025,2025-09-30,learned_vol_interaction,20260910,0.5253556284701238,0.5253556284701238,1,0
rolling5_quarterly20,3592,2025-11-14,2025-11-24,-0.031114557454173,2025,2025-09-30,learned_vol_interaction,20260910,0.4948961359012057,0.4948961359012057,0,0
rolling5_quarterly20,3597,2025-11-21,2025-12-01,0.0147613767448515,2025,2025-09-30,learned_vol_interaction,20260910,0.3495246383368603,0.3495246383368603,0,1
rolling5_quarterly20,3602,2025-11-28,2025-12-08,0.0118853804313106,2025,2025-09-30,learned_vol_interaction,20260910,0.30605305569658015,0.30605305569658015,0,1
rolling5_quarterly20,3607,2025-12-05,2025-12-15,-0.0093922675990717,2025,2025-09-30,learned_vol_interaction,20260910,0.49933813056988596,0.49933813056988596,0,0
rolling5_quarterly20,3612,2025-12-12,2025-12-22,0.0082791208791208,2025,2025-09-30,learned_vol_interaction,20260910,0.49366308847675694,0.49366308847675694,0,1
rolling5_quarterly20,3617,2025-12-19,2025-12-29,0.0153890755001995,2025,2025-09-30,learned_vol_interaction,20260910,0.49179249004203296,0.49179249004203296,0,1
rolling5_quarterly20,3622,2025-12-26,2026-01-12,0.0239101640737868,2025,2025-09-30,learned_vol_interaction,20260910,0.5350049750441105,0.5350049750441105,1,1
rolling5_quarterly20,3567,2025-10-10,2025-10-20,0.015001547584321,2025,2025-09-30,learned_order_extension,20260910,0.641925181049446,0.641925181049446,1,1
rolling5_quarterly20,3572,2025-10-17,2025-10-27,0.0309637052897611,2025,2025-09-30,learned_order_extension,20260910,0.6331926608699034,0.6331926608699034,1,1
rolling5_quarterly20,3577,2025-10-24,2025-11-03,-0.013331545863497,2025,2025-09-30,learned_order_extension,20260910,0.5531805968269428,0.5531805968269428,1,0
rolling5_quarterly20,3582,2025-10-31,2025-11-10,0.0110832418536339,2025,2025-09-30,learned_order_extension,20260910,0.6736535528675377,0.6736535528675377,1,1
rolling5_quarterly20,3587,2025-11-07,2025-11-17,-0.0152107881197579,2025,2025-09-30,learned_order_extension,20260910,0.5342847556416161,0.5342847556416161,1,0
rolling5_quarterly20,3592,2025-11-14,2025-11-24,-0.031114557454173,2025,2025-09-30,learned_order_extension,20260910,0.5124430486337752,0.5124430486337752,1,0
rolling5_quarterly20,3597,2025-11-21,2025-12-01,0.0147613767448515,2025,2025-09-30,learned_order_extension,20260910,0.36511690340852926,0.36511690340852926,0,1
rolling5_quarterly20,3602,2025-11-28,2025-12-08,0.0118853804313106,2025,2025-09-30,learned_order_extension,20260910,0.3221087522714073,0.3221087522714073,0,1
rolling5_quarterly20,3607,2025-12-05,2025-12-15,-0.0093922675990717,2025,2025-09-30,learned_order_extension,20260910,0.5095452849797492,0.5095452849797492,1,0
rolling5_quarterly20,3612,2025-12-12,2025-12-22,0.0082791208791208,2025,2025-09-30,learned_order_extension,20260910,0.49189803064626886,0.49189803064626886,0,1
rolling5_quarterly20,3617,2025-12-19,2025-12-29,0.0153890755001995,2025,2025-09-30,learned_order_extension,20260910,0.49442564545736295,0.49442564545736295,0,1
rolling5_quarterly20,3622,2025-12-26,2026-01-12,0.0239101640737868,2025,2025-09-30,learned_order_extension,20260910,0.535884834405052,0.535884834405052,1,1
rolling5_quarterly20,3567,2025-10-10,2025-10-20,0.015001547584321,2025,2025-09-30,learned_order_offset,20260910,0.6415660899706191,0.6415660899706191,1,1
rolling5_quarterly20,3572,2025-10-17,2025-10-27,0.0309637052897611,2025,2025-09-30,learned_order_offset,20260910,0.6328235678930864,0.6328235678930864,1,1
rolling5_quarterly20,3577,2025-10-24,2025-11-03,-0.013331545863497,2025,2025-09-30,learned_order_offset,20260910,0.5529130930565155,0.5529130930565155,1,0
rolling5_quarterly20,3582,2025-10-31,2025-11-10,0.0110832418536339,2025,2025-09-30,learned_order_offset,20260910,0.6733553958507016,0.6733553958507016,1,1
rolling5_quarterly20,3587,2025-11-07,2025-11-17,-0.0152107881197579,2025,2025-09-30,learned_order_offset,20260910,0.5342134384491102,0.5342134384491102,1,0
rolling5_quarterly20,3592,2025-11-14,2025-11-24,-0.031114557454173,2025,2025-09-30,learned_order_offset,20260910,0.5122089548850489,0.5122089548850489,1,0
rolling5_quarterly20,3597,2025-11-21,2025-12-01,0.0147613767448515,2025,2025-09-30,learned_order_offset,20260910,0.36508919648180993,0.36508919648180993,0,1
rolling5_quarterly20,3602,2025-11-28,2025-12-08,0.0118853804313106,2025,2025-09-30,learned_order_offset,20260910,0.32213591153340254,0.32213591153340254,0,1
rolling5_quarterly20,3607,2025-12-05,2025-12-15,-0.0093922675990717,2025,2025-09-30,learned_order_offset,20260910,0.5093535702773954,0.5093535702773954,1,0
rolling5_quarterly20,3612,2025-12-12,2025-12-22,0.0082791208791208,2025,2025-09-30,learned_order_offset,20260910,0.49172398793570116,0.49172398793570116,0,1
rolling5_quarterly20,3617,2025-12-19,2025-12-29,0.0153890755001995,2025,2025-09-30,learned_order_offset,20260910,0.4946030913030016,0.4946030913030016,0,1
rolling5_quarterly20,3622,2025-12-26,2026-01-12,0.0239101640737868,2025,2025-09-30,learned_order_offset,20260910,0.5358123898497301,0.5358123898497301,1,1
rolling5_quarterly20,3567,2025-10-10,2025-10-20,0.015001547584321,2025,2025-09-30,native_mse,20260910,0.002313081665589868,,1,1
rolling5_quarterly20,3572,2025-10-17,2025-10-27,0.0309637052897611,2025,2025-09-30,native_mse,20260910,0.0034868770291024537,,1,1
rolling5_quarterly20,3577,2025-10-24,2025-11-03,-0.013331545863497,2025,2025-09-30,native_mse,20260910,0.0006762561442290357,,1,0
rolling5_quarterly20,3582,2025-10-31,2025-11-10,0.0110832418536339,2025,2025-09-30,native_mse,20260910,0.004320822262318718,,1,1
rolling5_quarterly20,3587,2025-11-07,2025-11-17,-0.0152107881197579,2025,2025-09-30,native_mse,20260910,-0.002629664690881513,,0,0
rolling5_quarterly20,3592,2025-11-14,2025-11-24,-0.031114557454173,2025,2025-09-30,native_mse,20260910,-0.004624677490090262,,0,0
rolling5_quarterly20,3597,2025-11-21,2025-12-01,0.0147613767448515,2025,2025-09-30,native_mse,20260910,-0.006503123721055792,,0,1
rolling5_quarterly20,3602,2025-11-28,2025-12-08,0.0118853804313106,2025,2025-09-30,native_mse,20260910,-0.0061309126490518085,,0,1
rolling5_quarterly20,3607,2025-12-05,2025-12-15,-0.0093922675990717,2025,2025-09-30,native_mse,20260910,-0.0020675315456520162,,0,0
rolling5_quarterly20,3612,2025-12-12,2025-12-22,0.0082791208791208,2025,2025-09-30,native_mse,20260910,-0.000736216329738361,,0,1
rolling5_quarterly20,3617,2025-12-19,2025-12-29,0.0153890755001995,2025,2025-09-30,native_mse,20260910,-0.0010231449560132184,,0,1
rolling5_quarterly20,3622,2025-12-26,2026-01-12,0.0239101640737868,2025,2025-09-30,native_mse,20260910,0.00014387180880524902,,1,1
rolling5_quarterly20,3567,2025-10-10,2025-10-20,0.015001547584321,2025,2025-09-30,training_frequency,-1,0.48258706467661694,0.48258706467661694,0,1
rolling5_quarterly20,3572,2025-10-17,2025-10-27,0.0309637052897611,2025,2025-09-30,training_frequency,-1,0.48258706467661694,0.48258706467661694,0,1
rolling5_quarterly20,3577,2025-10-24,2025-11-03,-0.013331545863497,2025,2025-09-30,training_frequency,-1,0.48258706467661694,0.48258706467661694,0,0
rolling5_quarterly20,3582,2025-10-31,2025-11-10,0.0110832418536339,2025,2025-09-30,training_frequency,-1,0.48258706467661694,0.48258706467661694,0,1
rolling5_quarterly20,3587,2025-11-07,2025-11-17,-0.0152107881197579,2025,2025-09-30,training_frequency,-1,0.48258706467661694,0.48258706467661694,0,0
rolling5_quarterly20,3592,2025-11-14,2025-11-24,-0.031114557454173,2025,2025-09-30,training_frequency,-1,0.48258706467661694,0.48258706467661694,0,0
rolling5_quarterly20,3597,2025-11-21,2025-12-01,0.0147613767448515,2025,2025-09-30,training_frequency,-1,0.48258706467661694,0.48258706467661694,0,1
rolling5_quarterly20,3602,2025-11-28,2025-12-08,0.0118853804313106,2025,2025-09-30,training_frequency,-1,0.48258706467661694,0.48258706467661694,0,1
rolling5_quarterly20,3607,2025-12-05,2025-12-15,-0.0093922675990717,2025,2025-09-30,training_frequency,-1,0.48258706467661694,0.48258706467661694,0,0
rolling5_quarterly20,3612,2025-12-12,2025-12-22,0.0082791208791208,2025,2025-09-30,training_frequency,-1,0.48258706467661694,0.48258706467661694,0,1
rolling5_quarterly20,3617,2025-12-19,2025-12-29,0.0153890755001995,2025,2025-09-30,training_frequency,-1,0.48258706467661694,0.48258706467661694,0,1
rolling5_quarterly20,3622,2025-12-26,2026-01-12,0.0239101640737868,2025,2025-09-30,training_frequency,-1,0.48258706467661694,0.48258706467661694,0,1
rolling5_quarterly20,3567,2025-10-10,2025-10-20,0.015001547584321,2025,2025-09-30,learned_market,20260911,0.5806663224682966,0.5806663224682966,1,1
rolling5_quarterly20,3572,2025-10-17,2025-10-27,0.0309637052897611,2025,2025-09-30,learned_market,20260911,0.46647450700195825,0.46647450700195825,0,1
rolling5_quarterly20,3577,2025-10-24,2025-11-03,-0.013331545863497,2025,2025-09-30,learned_market,20260911,0.5553688477953251,0.5553688477953251,1,0
rolling5_quarterly20,3582,2025-10-31,2025-11-10,0.0110832418536339,2025,2025-09-30,learned_market,20260911,0.6114233367889323,0.6114233367889323,1,1
rolling5_quarterly20,3587,2025-11-07,2025-11-17,-0.0152107881197579,2025,2025-09-30,learned_market,20260911,0.6471580973280795,0.6471580973280795,1,0
rolling5_quarterly20,3592,2025-11-14,2025-11-24,-0.031114557454173,2025,2025-09-30,learned_market,20260911,0.48749767504191344,0.48749767504191344,0,0
rolling5_quarterly20,3597,2025-11-21,2025-12-01,0.0147613767448515,2025,2025-09-30,learned_market,20260911,0.45929329458016,0.45929329458016,0,1
rolling5_quarterly20,3602,2025-11-28,2025-12-08,0.0118853804313106,2025,2025-09-30,learned_market,20260911,0.4884098912168414,0.4884098912168414,0,1
rolling5_quarterly20,3607,2025-12-05,2025-12-15,-0.0093922675990717,2025,2025-09-30,learned_market,20260911,0.5632852553262144,0.5632852553262144,1,0
rolling5_quarterly20,3612,2025-12-12,2025-12-22,0.0082791208791208,2025,2025-09-30,learned_market,20260911,0.5957234526088288,0.5957234526088288,1,1
rolling5_quarterly20,3617,2025-12-19,2025-12-29,0.0153890755001995,2025,2025-09-30,learned_market,20260911,0.5957826413797528,0.5957826413797528,1,1
rolling5_quarterly20,3622,2025-12-26,2026-01-12,0.0239101640737868,2025,2025-09-30,learned_market,20260911,0.5598445612785987,0.5598445612785987,1,1
rolling5_quarterly20,3567,2025-10-10,2025-10-20,0.015001547584321,2025,2025-09-30,learned_vol_interaction,20260911,0.5725952428111969,0.5725952428111969,1,1
rolling5_quarterly20,3572,2025-10-17,2025-10-27,0.0309637052897611,2025,2025-09-30,learned_vol_interaction,20260911,0.4622665752884285,0.4622665752884285,0,1
rolling5_quarterly20,3577,2025-10-24,2025-11-03,-0.013331545863497,2025,2025-09-30,learned_vol_interaction,20260911,0.5550532353626157,0.5550532353626157,1,0
rolling5_quarterly20,3582,2025-10-31,2025-11-10,0.0110832418536339,2025,2025-09-30,learned_vol_interaction,20260911,0.6087163827678918,0.6087163827678918,1,1
rolling5_quarterly20,3587,2025-11-07,2025-11-17,-0.0152107881197579,2025,2025-09-30,learned_vol_interaction,20260911,0.6472620052850945,0.6472620052850945,1,0
rolling5_quarterly20,3592,2025-11-14,2025-11-24,-0.031114557454173,2025,2025-09-30,learned_vol_interaction,20260911,0.4862867782286048,0.4862867782286048,0,0
rolling5_quarterly20,3597,2025-11-21,2025-12-01,0.0147613767448515,2025,2025-09-30,learned_vol_interaction,20260911,0.4667677201041479,0.4667677201041479,0,1
rolling5_quarterly20,3602,2025-11-28,2025-12-08,0.0118853804313106,2025,2025-09-30,learned_vol_interaction,20260911,0.4953614437496012,0.4953614437496012,0,1
rolling5_quarterly20,3607,2025-12-05,2025-12-15,-0.0093922675990717,2025,2025-09-30,learned_vol_interaction,20260911,0.5766976445857427,0.5766976445857427,1,0
rolling5_quarterly20,3612,2025-12-12,2025-12-22,0.0082791208791208,2025,2025-09-30,learned_vol_interaction,20260911,0.6089157897934144,0.6089157897934144,1,1
rolling5_quarterly20,3617,2025-12-19,2025-12-29,0.0153890755001995,2025,2025-09-30,learned_vol_interaction,20260911,0.6099399767232881,0.6099399767232881,1,1
rolling5_quarterly20,3622,2025-12-26,2026-01-12,0.0239101640737868,2025,2025-09-30,learned_vol_interaction,20260911,0.5716868320252088,0.5716868320252088,1,1
rolling5_quarterly20,3567,2025-10-10,2025-10-20,0.015001547584321,2025,2025-09-30,learned_order_extension,20260911,0.5780098339771998,0.5780098339771998,1,1
rolling5_quarterly20,3572,2025-10-17,2025-10-27,0.0309637052897611,2025,2025-09-30,learned_order_extension,20260911,0.4619750727487048,0.4619750727487048,0,1
rolling5_quarterly20,3577,2025-10-24,2025-11-03,-0.013331545863497,2025,2025-09-30,learned_order_extension,20260911,0.5625204755323762,0.5625204755323762,1,0
rolling5_quarterly20,3582,2025-10-31,2025-11-10,0.0110832418536339,2025,2025-09-30,learned_order_extension,20260911,0.6211735209910709,0.6211735209910709,1,1
rolling5_quarterly20,3587,2025-11-07,2025-11-17,-0.0152107881197579,2025,2025-09-30,learned_order_extension,20260911,0.6817617257214994,0.6817617257214994,1,0
rolling5_quarterly20,3592,2025-11-14,2025-11-24,-0.031114557454173,2025,2025-09-30,learned_order_extension,20260911,0.48385075070277395,0.48385075070277395,0,0
rolling5_quarterly20,3597,2025-11-21,2025-12-01,0.0147613767448515,2025,2025-09-30,learned_order_extension,20260911,0.45238851569453836,0.45238851569453836,0,1
rolling5_quarterly20,3602,2025-11-28,2025-12-08,0.0118853804313106,2025,2025-09-30,learned_order_extension,20260911,0.4969411131813146,0.4969411131813146,0,1
rolling5_quarterly20,3607,2025-12-05,2025-12-15,-0.0093922675990717,2025,2025-09-30,learned_order_extension,20260911,0.6019354294256841,0.6019354294256841,1,0
rolling5_quarterly20,3612,2025-12-12,2025-12-22,0.0082791208791208,2025,2025-09-30,learned_order_extension,20260911,0.6422441557468097,0.6422441557468097,1,1
rolling5_quarterly20,3617,2025-12-19,2025-12-29,0.0153890755001995,2025,2025-09-30,learned_order_extension,20260911,0.6296444362415561,0.6296444362415561,1,1
rolling5_quarterly20,3622,2025-12-26,2026-01-12,0.0239101640737868,2025,2025-09-30,learned_order_extension,20260911,0.5725283069788549,0.5725283069788549,1,1
rolling5_quarterly20,3567,2025-10-10,2025-10-20,0.015001547584321,2025,2025-09-30,learned_order_offset,20260911,0.5775758021991055,0.5775758021991055,1,1
rolling5_quarterly20,3572,2025-10-17,2025-10-27,0.0309637052897611,2025,2025-09-30,learned_order_offset,20260911,0.46238008767604794,0.46238008767604794,0,1
rolling5_quarterly20,3577,2025-10-24,2025-11-03,-0.013331545863497,2025,2025-09-30,learned_order_offset,20260911,0.562788129670054,0.562788129670054,1,0
rolling5_quarterly20,3582,2025-10-31,2025-11-10,0.0110832418536339,2025,2025-09-30,learned_order_offset,20260911,0.620016659752629,0.620016659752629,1,1
rolling5_quarterly20,3587,2025-11-07,2025-11-17,-0.0152107881197579,2025,2025-09-30,learned_order_offset,20260911,0.6809904572922887,0.6809904572922887,1,0
rolling5_quarterly20,3592,2025-11-14,2025-11-24,-0.031114557454173,2025,2025-09-30,learned_order_offset,20260911,0.48321822472911274,0.48321822472911274,0,0
rolling5_quarterly20,3597,2025-11-21,2025-12-01,0.0147613767448515,2025,2025-09-30,learned_order_offset,20260911,0.45138374575038465,0.45138374575038465,0,1
rolling5_quarterly20,3602,2025-11-28,2025-12-08,0.0118853804313106,2025,2025-09-30,learned_order_offset,20260911,0.49652671541090343,0.49652671541090343,0,1
rolling5_quarterly20,3607,2025-12-05,2025-12-15,-0.0093922675990717,2025,2025-09-30,learned_order_offset,20260911,0.6014320070867115,0.6014320070867115,1,0
rolling5_quarterly20,3612,2025-12-12,2025-12-22,0.0082791208791208,2025,2025-09-30,learned_order_offset,20260911,0.6414903220526852,0.6414903220526852,1,1
rolling5_quarterly20,3617,2025-12-19,2025-12-29,0.0153890755001995,2025,2025-09-30,learned_order_offset,20260911,0.6281143099937878,0.6281143099937878,1,1
rolling5_quarterly20,3622,2025-12-26,2026-01-12,0.0239101640737868,2025,2025-09-30,learned_order_offset,20260911,0.5715110488910421,0.5715110488910421,1,1
rolling5_quarterly20,3567,2025-10-10,2025-10-20,0.015001547584321,2025,2025-09-30,native_mse,20260911,-7.997717041398307e-05,,0,1
rolling5_quarterly20,3572,2025-10-17,2025-10-27,0.0309637052897611,2025,2025-09-30,native_mse,20260911,-0.00014736527617291217,,0,1
rolling5_quarterly20,3577,2025-10-24,2025-11-03,-0.013331545863497,2025,2025-09-30,native_mse,20260911,-9.006593323211643e-05,,0,0
rolling5_quarterly20,3582,2025-10-31,2025-11-10,0.0110832418536339,2025,2025-09-30,native_mse,20260911,-3.377812509493174e-05,,0,1
rolling5_quarterly20,3587,2025-11-07,2025-11-17,-0.0152107881197579,2025,2025-09-30,native_mse,20260911,-2.0406205722129376e-05,,0,0
rolling5_quarterly20,3592,2025-11-14,2025-11-24,-0.031114557454173,2025,2025-09-30,native_mse,20260911,-0.00014200553907473825,,0,0
rolling5_quarterly20,3597,2025-11-21,2025-12-01,0.0147613767448515,2025,2025-09-30,native_mse,20260911,-0.00013603866369803392,,0,1
rolling5_quarterly20,3602,2025-11-28,2025-12-08,0.0118853804313106,2025,2025-09-30,native_mse,20260911,-0.0001271179217769145,,0,1
rolling5_quarterly20,3607,2025-12-05,2025-12-15,-0.0093922675990717,2025,2025-09-30,native_mse,20260911,-7.637315778028056e-05,,0,0
rolling5_quarterly20,3612,2025-12-12,2025-12-22,0.0082791208791208,2025,2025-09-30,native_mse,20260911,-5.936537589686924e-05,,0,1
rolling5_quarterly20,3617,2025-12-19,2025-12-29,0.0153890755001995,2025,2025-09-30,native_mse,20260911,-3.5366375782314174e-05,,0,1
rolling5_quarterly20,3622,2025-12-26,2026-01-12,0.0239101640737868,2025,2025-09-30,native_mse,20260911,-3.4760547120432915e-05,,0,1
rolling5_quarterly20,3567,2025-10-10,2025-10-20,0.015001547584321,2025,2025-09-30,learned_market,20260912,0.5190028709901674,0.5190028709901674,1,1
rolling5_quarterly20,3572,2025-10-17,2025-10-27,0.0309637052897611,2025,2025-09-30,learned_market,20260912,0.48857883826018117,0.48857883826018117,0,1
rolling5_quarterly20,3577,2025-10-24,2025-11-03,-0.013331545863497,2025,2025-09-30,learned_market,20260912,0.415742047688649,0.415742047688649,0,0
rolling5_quarterly20,3582,2025-10-31,2025-11-10,0.0110832418536339,2025,2025-09-30,learned_market,20260912,0.5208417165229731,0.5208417165229731,1,1
rolling5_quarterly20,3587,2025-11-07,2025-11-17,-0.0152107881197579,2025,2025-09-30,learned_market,20260912,0.5001910121454797,0.5001910121454797,1,0
rolling5_quarterly20,3592,2025-11-14,2025-11-24,-0.031114557454173,2025,2025-09-30,learned_market,20260912,0.5839730130526706,0.5839730130526706,1,0
rolling5_quarterly20,3597,2025-11-21,2025-12-01,0.0147613767448515,2025,2025-09-30,learned_market,20260912,0.5879076240430555,0.5879076240430555,1,1
rolling5_quarterly20,3602,2025-11-28,2025-12-08,0.0118853804313106,2025,2025-09-30,learned_market,20260912,0.48042140009752116,0.48042140009752116,0,1
rolling5_quarterly20,3607,2025-12-05,2025-12-15,-0.0093922675990717,2025,2025-09-30,learned_market,20260912,0.41767011119413566,0.41767011119413566,0,0
rolling5_quarterly20,3612,2025-12-12,2025-12-22,0.0082791208791208,2025,2025-09-30,learned_market,20260912,0.46066988114999535,0.46066988114999535,0,1
rolling5_quarterly20,3617,2025-12-19,2025-12-29,0.0153890755001995,2025,2025-09-30,learned_market,20260912,0.5622049039624527,0.5622049039624527,1,1
rolling5_quarterly20,3622,2025-12-26,2026-01-12,0.0239101640737868,2025,2025-09-30,learned_market,20260912,0.5300974016999505,0.5300974016999505,1,1
rolling5_quarterly20,3567,2025-10-10,2025-10-20,0.015001547584321,2025,2025-09-30,learned_vol_interaction,20260912,0.5250398387213334,0.5250398387213334,1,1
rolling5_quarterly20,3572,2025-10-17,2025-10-27,0.0309637052897611,2025,2025-09-30,learned_vol_interaction,20260912,0.49298702479299855,0.49298702479299855,0,1
rolling5_quarterly20,3577,2025-10-24,2025-11-03,-0.013331545863497,2025,2025-09-30,learned_vol_interaction,20260912,0.41683139397843294,0.41683139397843294,0,0
rolling5_quarterly20,3582,2025-10-31,2025-11-10,0.0110832418536339,2025,2025-09-30,learned_vol_interaction,20260912,0.5290838733048993,0.5290838733048993,1,1
rolling5_quarterly20,3587,2025-11-07,2025-11-17,-0.0152107881197579,2025,2025-09-30,learned_vol_interaction,20260912,0.5120351288389733,0.5120351288389733,1,0
rolling5_quarterly20,3592,2025-11-14,2025-11-24,-0.031114557454173,2025,2025-09-30,learned_vol_interaction,20260912,0.5907899574966257,0.5907899574966257,1,0
rolling5_quarterly20,3597,2025-11-21,2025-12-01,0.0147613767448515,2025,2025-09-30,learned_vol_interaction,20260912,0.5941612278717225,0.5941612278717225,1,1
rolling5_quarterly20,3602,2025-11-28,2025-12-08,0.0118853804313106,2025,2025-09-30,learned_vol_interaction,20260912,0.4799693920854184,0.4799693920854184,0,1
rolling5_quarterly20,3607,2025-12-05,2025-12-15,-0.0093922675990717,2025,2025-09-30,learned_vol_interaction,20260912,0.4239437974807962,0.4239437974807962,0,0
rolling5_quarterly20,3612,2025-12-12,2025-12-22,0.0082791208791208,2025,2025-09-30,learned_vol_interaction,20260912,0.4689701912921153,0.4689701912921153,0,1
rolling5_quarterly20,3617,2025-12-19,2025-12-29,0.0153890755001995,2025,2025-09-30,learned_vol_interaction,20260912,0.5585723465087064,0.5585723465087064,1,1
rolling5_quarterly20,3622,2025-12-26,2026-01-12,0.0239101640737868,2025,2025-09-30,learned_vol_interaction,20260912,0.5335268648909843,0.5335268648909843,1,1
rolling5_quarterly20,3567,2025-10-10,2025-10-20,0.015001547584321,2025,2025-09-30,learned_order_extension,20260912,0.5164679866820294,0.5164679866820294,1,1
rolling5_quarterly20,3572,2025-10-17,2025-10-27,0.0309637052897611,2025,2025-09-30,learned_order_extension,20260912,0.4901449330226442,0.4901449330226442,0,1
rolling5_quarterly20,3577,2025-10-24,2025-11-03,-0.013331545863497,2025,2025-09-30,learned_order_extension,20260912,0.4057876612185737,0.4057876612185737,0,0
rolling5_quarterly20,3582,2025-10-31,2025-11-10,0.0110832418536339,2025,2025-09-30,learned_order_extension,20260912,0.5243666834808366,0.5243666834808366,1,1
rolling5_quarterly20,3587,2025-11-07,2025-11-17,-0.0152107881197579,2025,2025-09-30,learned_order_extension,20260912,0.5026326433389663,0.5026326433389663,1,0
rolling5_quarterly20,3592,2025-11-14,2025-11-24,-0.031114557454173,2025,2025-09-30,learned_order_extension,20260912,0.611688920341953,0.611688920341953,1,0
rolling5_quarterly20,3597,2025-11-21,2025-12-01,0.0147613767448515,2025,2025-09-30,learned_order_extension,20260912,0.6200140233516066,0.6200140233516066,1,1
rolling5_quarterly20,3602,2025-11-28,2025-12-08,0.0118853804313106,2025,2025-09-30,learned_order_extension,20260912,0.48594727914852237,0.48594727914852237,0,1
rolling5_quarterly20,3607,2025-12-05,2025-12-15,-0.0093922675990717,2025,2025-09-30,learned_order_extension,20260912,0.396810735403104,0.396810735403104,0,0
rolling5_quarterly20,3612,2025-12-12,2025-12-22,0.0082791208791208,2025,2025-09-30,learned_order_extension,20260912,0.47513517334864697,0.47513517334864697,0,1
rolling5_quarterly20,3617,2025-12-19,2025-12-29,0.0153890755001995,2025,2025-09-30,learned_order_extension,20260912,0.5834439045219089,0.5834439045219089,1,1
rolling5_quarterly20,3622,2025-12-26,2026-01-12,0.0239101640737868,2025,2025-09-30,learned_order_extension,20260912,0.5428163625965078,0.5428163625965078,1,1
rolling5_quarterly20,3567,2025-10-10,2025-10-20,0.015001547584321,2025,2025-09-30,learned_order_offset,20260912,0.5152638320938057,0.5152638320938057,1,1
rolling5_quarterly20,3572,2025-10-17,2025-10-27,0.0309637052897611,2025,2025-09-30,learned_order_offset,20260912,0.4896411937798008,0.4896411937798008,0,1
rolling5_quarterly20,3577,2025-10-24,2025-11-03,-0.013331545863497,2025,2025-09-30,learned_order_offset,20260912,0.40578185998135,0.40578185998135,0,0
rolling5_quarterly20,3582,2025-10-31,2025-11-10,0.0110832418536339,2025,2025-09-30,learned_order_offset,20260912,0.5236385577499212,0.5236385577499212,1,1
rolling5_quarterly20,3587,2025-11-07,2025-11-17,-0.0152107881197579,2025,2025-09-30,learned_order_offset,20260912,0.5017856670803632,0.5017856670803632,1,0
rolling5_quarterly20,3592,2025-11-14,2025-11-24,-0.031114557454173,2025,2025-09-30,learned_order_offset,20260912,0.6104527463375279,0.6104527463375279,1,0
rolling5_quarterly20,3597,2025-11-21,2025-12-01,0.0147613767448515,2025,2025-09-30,learned_order_offset,20260912,0.6194948083301773,0.6194948083301773,1,1
rolling5_quarterly20,3602,2025-11-28,2025-12-08,0.0118853804313106,2025,2025-09-30,learned_order_offset,20260912,0.4863804521761509,0.4863804521761509,0,1
rolling5_quarterly20,3607,2025-12-05,2025-12-15,-0.0093922675990717,2025,2025-09-30,learned_order_offset,20260912,0.3978303154781289,0.3978303154781289,0,0
rolling5_quarterly20,3612,2025-12-12,2025-12-22,0.0082791208791208,2025,2025-09-30,learned_order_offset,20260912,0.47691761310154657,0.47691761310154657,0,1
rolling5_quarterly20,3617,2025-12-19,2025-12-29,0.0153890755001995,2025,2025-09-30,learned_order_offset,20260912,0.5836752133829377,0.5836752133829377,1,1
rolling5_quarterly20,3622,2025-12-26,2026-01-12,0.0239101640737868,2025,2025-09-30,learned_order_offset,20260912,0.5435022156730848,0.5435022156730848,1,1
rolling5_quarterly20,3567,2025-10-10,2025-10-20,0.015001547584321,2025,2025-09-30,native_mse,20260912,-1.2733908256446169e-05,,0,1
rolling5_quarterly20,3572,2025-10-17,2025-10-27,0.0309637052897611,2025,2025-09-30,native_mse,20260912,-2.295756158943857e-05,,0,1
rolling5_quarterly20,3577,2025-10-24,2025-11-03,-0.013331545863497,2025,2025-09-30,native_mse,20260912,-3.0373842096385992e-05,,0,0
rolling5_quarterly20,3582,2025-10-31,2025-11-10,0.0110832418536339,2025,2025-09-30,native_mse,20260912,-1.297786364584357e-05,,0,1
rolling5_quarterly20,3587,2025-11-07,2025-11-17,-0.0152107881197579,2025,2025-09-30,native_mse,20260912,-5.364642987202e-06,,0,0
rolling5_quarterly20,3592,2025-11-14,2025-11-24,-0.031114557454173,2025,2025-09-30,native_mse,20260912,6.096126617211728e-06,,1,0
rolling5_quarterly20,3597,2025-11-21,2025-12-01,0.0147613767448515,2025,2025-09-30,native_mse,20260912,1.0520221196590938e-05,,1,1
rolling5_quarterly20,3602,2025-11-28,2025-12-08,0.0118853804313106,2025,2025-09-30,native_mse,20260912,-1.841669431746864e-06,,0,1
rolling5_quarterly20,3607,2025-12-05,2025-12-15,-0.0093922675990717,2025,2025-09-30,native_mse,20260912,-1.44822726753496e-05,,0,0
rolling5_quarterly20,3612,2025-12-12,2025-12-22,0.0082791208791208,2025,2025-09-30,native_mse,20260912,-7.758098375127207e-06,,0,1
rolling5_quarterly20,3617,2025-12-19,2025-12-29,0.0153890755001995,2025,2025-09-30,native_mse,20260912,1.9513044418077724e-05,,1,1
rolling5_quarterly20,3622,2025-12-26,2026-01-12,0.0239101640737868,2025,2025-09-30,native_mse,20260912,1.9732955245797346e-05,,1,1
rolling5_quarterly20,3630,2026-01-09,2026-01-19,-0.0103697336282536,2026,2025-12-31,learned_market,20260910,0.5209270458842004,0.5209270458842004,1,0
rolling5_quarterly20,3635,2026-01-16,2026-01-26,-0.0010190267764643,2026,2025-12-31,learned_market,20260910,0.5197139065453521,0.5197139065453521,1,0
rolling5_quarterly20,3640,2026-01-23,2026-02-02,-0.0087161586128796,2026,2025-12-31,learned_market,20260910,0.2755814653004309,0.2755814653004309,0,0
rolling5_quarterly20,3645,2026-01-30,2026-02-09,0.0041482324550519,2026,2025-12-31,learned_market,20260910,0.41561123934774186,0.41561123934774186,0,1
rolling5_quarterly20,3650,2026-02-06,2026-02-24,0.0071649689901505,2026,2025-12-31,learned_market,20260910,0.5571228245636697,0.5571228245636697,1,1
rolling5_quarterly20,3655,2026-02-13,2026-03-02,-0.0097920588919678,2026,2025-12-31,learned_market,20260910,0.4304939364707622,0.4304939364707622,0,0
rolling5_quarterly20,3659,2026-02-27,2026-03-09,-0.0172526869201304,2026,2025-12-31,learned_market,20260910,0.5160143853208942,0.5160143853208942,1,0
rolling5_quarterly20,3664,2026-03-06,2026-03-16,0.0149926634422041,2026,2025-12-31,learned_market,20260910,0.4236869357819852,0.4236869357819852,0,1
rolling5_quarterly20,3669,2026-03-13,2026-03-23,-0.0364343509194254,2026,2025-12-31,learned_market,20260910,0.40086366037455606,0.40086366037455606,0,0
rolling5_quarterly20,3674,2026-03-20,2026-03-30,-0.0083038829988221,2026,2025-12-31,learned_market,20260910,0.43855196230093557,0.43855196230093557,0,0
rolling5_quarterly20,3679,2026-03-27,2026-04-07,-0.0035591495694504,2026,2025-12-31,learned_market,20260910,0.5651756750942187,0.5651756750942187,1,0
rolling5_quarterly20,3630,2026-01-09,2026-01-19,-0.0103697336282536,2026,2025-12-31,learned_vol_interaction,20260910,0.5249822005515526,0.5249822005515526,1,0
rolling5_quarterly20,3635,2026-01-16,2026-01-26,-0.0010190267764643,2026,2025-12-31,learned_vol_interaction,20260910,0.5217999415123397,0.5217999415123397,1,0
rolling5_quarterly20,3640,2026-01-23,2026-02-02,-0.0087161586128796,2026,2025-12-31,learned_vol_interaction,20260910,0.2703686171181188,0.2703686171181188,0,0
rolling5_quarterly20,3645,2026-01-30,2026-02-09,0.0041482324550519,2026,2025-12-31,learned_vol_interaction,20260910,0.4125281641526105,0.4125281641526105,0,1
rolling5_quarterly20,3650,2026-02-06,2026-02-24,0.0071649689901505,2026,2025-12-31,learned_vol_interaction,20260910,0.5560675092745206,0.5560675092745206,1,1
rolling5_quarterly20,3655,2026-02-13,2026-03-02,-0.0097920588919678,2026,2025-12-31,learned_vol_interaction,20260910,0.4244643603856174,0.4244643603856174,0,0
rolling5_quarterly20,3659,2026-02-27,2026-03-09,-0.0172526869201304,2026,2025-12-31,learned_vol_interaction,20260910,0.5169468531475478,0.5169468531475478,1,0
rolling5_quarterly20,3664,2026-03-06,2026-03-16,0.0149926634422041,2026,2025-12-31,learned_vol_interaction,20260910,0.42392001130005047,0.42392001130005047,0,1
rolling5_quarterly20,3669,2026-03-13,2026-03-23,-0.0364343509194254,2026,2025-12-31,learned_vol_interaction,20260910,0.3996582436829412,0.3996582436829412,0,0
rolling5_quarterly20,3674,2026-03-20,2026-03-30,-0.0083038829988221,2026,2025-12-31,learned_vol_interaction,20260910,0.4401239045442557,0.4401239045442557,0,0
rolling5_quarterly20,3679,2026-03-27,2026-04-07,-0.0035591495694504,2026,2025-12-31,learned_vol_interaction,20260910,0.5634266232389387,0.5634266232389387,1,0
rolling5_quarterly20,3630,2026-01-09,2026-01-19,-0.0103697336282536,2026,2025-12-31,learned_order_extension,20260910,0.5118603699776423,0.5118603699776423,1,0
rolling5_quarterly20,3635,2026-01-16,2026-01-26,-0.0010190267764643,2026,2025-12-31,learned_order_extension,20260910,0.5121161981098539,0.5121161981098539,1,0
rolling5_quarterly20,3640,2026-01-23,2026-02-02,-0.0087161586128796,2026,2025-12-31,learned_order_extension,20260910,0.2938325386236829,0.2938325386236829,0,0
rolling5_quarterly20,3645,2026-01-30,2026-02-09,0.0041482324550519,2026,2025-12-31,learned_order_extension,20260910,0.43621861720931454,0.43621861720931454,0,1
rolling5_quarterly20,3650,2026-02-06,2026-02-24,0.0071649689901505,2026,2025-12-31,learned_order_extension,20260910,0.5517322930511716,0.5517322930511716,1,1
rolling5_quarterly20,3655,2026-02-13,2026-03-02,-0.0097920588919678,2026,2025-12-31,learned_order_extension,20260910,0.4214021419664105,0.4214021419664105,0,0
rolling5_quarterly20,3659,2026-02-27,2026-03-09,-0.0172526869201304,2026,2025-12-31,learned_order_extension,20260910,0.5148692090014166,0.5148692090014166,1,0
rolling5_quarterly20,3664,2026-03-06,2026-03-16,0.0149926634422041,2026,2025-12-31,learned_order_extension,20260910,0.43198850893548346,0.43198850893548346,0,1
rolling5_quarterly20,3669,2026-03-13,2026-03-23,-0.0364343509194254,2026,2025-12-31,learned_order_extension,20260910,0.42629911883001154,0.42629911883001154,0,0
rolling5_quarterly20,3674,2026-03-20,2026-03-30,-0.0083038829988221,2026,2025-12-31,learned_order_extension,20260910,0.4749564207401761,0.4749564207401761,0,0
rolling5_quarterly20,3679,2026-03-27,2026-04-07,-0.0035591495694504,2026,2025-12-31,learned_order_extension,20260910,0.5307522668879032,0.5307522668879032,1,0
rolling5_quarterly20,3630,2026-01-09,2026-01-19,-0.0103697336282536,2026,2025-12-31,learned_order_offset,20260910,0.5108025931769093,0.5108025931769093,1,0
rolling5_quarterly20,3635,2026-01-16,2026-01-26,-0.0010190267764643,2026,2025-12-31,learned_order_offset,20260910,0.5113982623384066,0.5113982623384066,1,0
rolling5_quarterly20,3640,2026-01-23,2026-02-02,-0.0087161586128796,2026,2025-12-31,learned_order_offset,20260910,0.2944555803643879,0.2944555803643879,0,0
rolling5_quarterly20,3645,2026-01-30,2026-02-09,0.0041482324550519,2026,2025-12-31,learned_order_offset,20260910,0.43663121014690576,0.43663121014690576,0,1
rolling5_quarterly20,3650,2026-02-06,2026-02-24,0.0071649689901505,2026,2025-12-31,learned_order_offset,20260910,0.5521384139661094,0.5521384139661094,1,1
rolling5_quarterly20,3655,2026-02-13,2026-03-02,-0.0097920588919678,2026,2025-12-31,learned_order_offset,20260910,0.42280069136931375,0.42280069136931375,0,0
rolling5_quarterly20,3659,2026-02-27,2026-03-09,-0.0172526869201304,2026,2025-12-31,learned_order_offset,20260910,0.5153156845902671,0.5153156845902671,1,0
rolling5_quarterly20,3664,2026-03-06,2026-03-16,0.0149926634422041,2026,2025-12-31,learned_order_offset,20260910,0.43177972341367155,0.43177972341367155,0,1
rolling5_quarterly20,3669,2026-03-13,2026-03-23,-0.0364343509194254,2026,2025-12-31,learned_order_offset,20260910,0.4256062271162684,0.4256062271162684,0,0
rolling5_quarterly20,3674,2026-03-20,2026-03-30,-0.0083038829988221,2026,2025-12-31,learned_order_offset,20260910,0.47357009046646403,0.47357009046646403,0,0
rolling5_quarterly20,3679,2026-03-27,2026-04-07,-0.0035591495694504,2026,2025-12-31,learned_order_offset,20260910,0.5299745221118999,0.5299745221118999,1,0
rolling5_quarterly20,3630,2026-01-09,2026-01-19,-0.0103697336282536,2026,2025-12-31,native_mse,20260910,-0.002855102612462861,,0,0
rolling5_quarterly20,3635,2026-01-16,2026-01-26,-0.0010190267764643,2026,2025-12-31,native_mse,20260910,-0.00015744638603756636,,0,0
rolling5_quarterly20,3640,2026-01-23,2026-02-02,-0.0087161586128796,2026,2025-12-31,native_mse,20260910,-0.006105688647517694,,0,0
rolling5_quarterly20,3645,2026-01-30,2026-02-09,0.0041482324550519,2026,2025-12-31,native_mse,20260910,-0.0019649521887390433,,0,1
rolling5_quarterly20,3650,2026-02-06,2026-02-24,0.0071649689901505,2026,2025-12-31,native_mse,20260910,0.0047027542719540035,,1,1
rolling5_quarterly20,3655,2026-02-13,2026-03-02,-0.0097920588919678,2026,2025-12-31,native_mse,20260910,0.0004179826835146159,,1,0
rolling5_quarterly20,3659,2026-02-27,2026-03-09,-0.0172526869201304,2026,2025-12-31,native_mse,20260910,0.0022625269962182996,,1,0
rolling5_quarterly20,3664,2026-03-06,2026-03-16,0.0149926634422041,2026,2025-12-31,native_mse,20260910,-0.003806878947664824,,0,1
rolling5_quarterly20,3669,2026-03-13,2026-03-23,-0.0364343509194254,2026,2025-12-31,native_mse,20260910,-0.006468904470141985,,0,0
rolling5_quarterly20,3674,2026-03-20,2026-03-30,-0.0083038829988221,2026,2025-12-31,native_mse,20260910,-0.006677801015318794,,0,0
rolling5_quarterly20,3679,2026-03-27,2026-04-07,-0.0035591495694504,2026,2025-12-31,native_mse,20260910,-0.0012459609623288559,,0,0
rolling5_quarterly20,3630,2026-01-09,2026-01-19,-0.0103697336282536,2026,2025-12-31,training_frequency,-1,0.4792703150912106,0.4792703150912106,0,0
rolling5_quarterly20,3635,2026-01-16,2026-01-26,-0.0010190267764643,2026,2025-12-31,training_frequency,-1,0.4792703150912106,0.4792703150912106,0,0
rolling5_quarterly20,3640,2026-01-23,2026-02-02,-0.0087161586128796,2026,2025-12-31,training_frequency,-1,0.4792703150912106,0.4792703150912106,0,0
rolling5_quarterly20,3645,2026-01-30,2026-02-09,0.0041482324550519,2026,2025-12-31,training_frequency,-1,0.4792703150912106,0.4792703150912106,0,1
rolling5_quarterly20,3650,2026-02-06,2026-02-24,0.0071649689901505,2026,2025-12-31,training_frequency,-1,0.4792703150912106,0.4792703150912106,0,1
rolling5_quarterly20,3655,2026-02-13,2026-03-02,-0.0097920588919678,2026,2025-12-31,training_frequency,-1,0.4792703150912106,0.4792703150912106,0,0
rolling5_quarterly20,3659,2026-02-27,2026-03-09,-0.0172526869201304,2026,2025-12-31,training_frequency,-1,0.4792703150912106,0.4792703150912106,0,0
rolling5_quarterly20,3664,2026-03-06,2026-03-16,0.0149926634422041,2026,2025-12-31,training_frequency,-1,0.4792703150912106,0.4792703150912106,0,1
rolling5_quarterly20,3669,2026-03-13,2026-03-23,-0.0364343509194254,2026,2025-12-31,training_frequency,-1,0.4792703150912106,0.4792703150912106,0,0
rolling5_quarterly20,3674,2026-03-20,2026-03-30,-0.0083038829988221,2026,2025-12-31,training_frequency,-1,0.4792703150912106,0.4792703150912106,0,0
rolling5_quarterly20,3679,2026-03-27,2026-04-07,-0.0035591495694504,2026,2025-12-31,training_frequency,-1,0.4792703150912106,0.4792703150912106,0,0
rolling5_quarterly20,3630,2026-01-09,2026-01-19,-0.0103697336282536,2026,2025-12-31,learned_market,20260911,0.5413510609744506,0.5413510609744506,1,0
rolling5_quarterly20,3635,2026-01-16,2026-01-26,-0.0010190267764643,2026,2025-12-31,learned_market,20260911,0.5314359715780813,0.5314359715780813,1,0
rolling5_quarterly20,3640,2026-01-23,2026-02-02,-0.0087161586128796,2026,2025-12-31,learned_market,20260911,0.5322660389568398,0.5322660389568398,1,0
rolling5_quarterly20,3645,2026-01-30,2026-02-09,0.0041482324550519,2026,2025-12-31,learned_market,20260911,0.45886324630014486,0.45886324630014486,0,1
rolling5_quarterly20,3650,2026-02-06,2026-02-24,0.0071649689901505,2026,2025-12-31,learned_market,20260911,0.5329149888621901,0.5329149888621901,1,1
rolling5_quarterly20,3655,2026-02-13,2026-03-02,-0.0097920588919678,2026,2025-12-31,learned_market,20260911,0.5096151640594386,0.5096151640594386,1,0
rolling5_quarterly20,3659,2026-02-27,2026-03-09,-0.0172526869201304,2026,2025-12-31,learned_market,20260911,0.5369210179709557,0.5369210179709557,1,0
rolling5_quarterly20,3664,2026-03-06,2026-03-16,0.0149926634422041,2026,2025-12-31,learned_market,20260911,0.6237121770434778,0.6237121770434778,1,1
rolling5_quarterly20,3669,2026-03-13,2026-03-23,-0.0364343509194254,2026,2025-12-31,learned_market,20260911,0.45542191984179375,0.45542191984179375,0,0
rolling5_quarterly20,3674,2026-03-20,2026-03-30,-0.0083038829988221,2026,2025-12-31,learned_market,20260911,0.46187353471109566,0.46187353471109566,0,0
rolling5_quarterly20,3679,2026-03-27,2026-04-07,-0.0035591495694504,2026,2025-12-31,learned_market,20260911,0.4403313235638202,0.4403313235638202,0,0
rolling5_quarterly20,3630,2026-01-09,2026-01-19,-0.0103697336282536,2026,2025-12-31,learned_vol_interaction,20260911,0.5419308229071979,0.5419308229071979,1,0
rolling5_quarterly20,3635,2026-01-16,2026-01-26,-0.0010190267764643,2026,2025-12-31,learned_vol_interaction,20260911,0.5357337652448725,0.5357337652448725,1,0
rolling5_quarterly20,3640,2026-01-23,2026-02-02,-0.0087161586128796,2026,2025-12-31,learned_vol_interaction,20260911,0.5371665022159147,0.5371665022159147,1,0
rolling5_quarterly20,3645,2026-01-30,2026-02-09,0.0041482324550519,2026,2025-12-31,learned_vol_interaction,20260911,0.4536669400564477,0.4536669400564477,0,1
rolling5_quarterly20,3650,2026-02-06,2026-02-24,0.0071649689901505,2026,2025-12-31,learned_vol_interaction,20260911,0.535655258471591,0.535655258471591,1,1
rolling5_quarterly20,3655,2026-02-13,2026-03-02,-0.0097920588919678,2026,2025-12-31,learned_vol_interaction,20260911,0.5053590625088199,0.5053590625088199,1,0
rolling5_quarterly20,3659,2026-02-27,2026-03-09,-0.0172526869201304,2026,2025-12-31,learned_vol_interaction,20260911,0.5322976681186429,0.5322976681186429,1,0
rolling5_quarterly20,3664,2026-03-06,2026-03-16,0.0149926634422041,2026,2025-12-31,learned_vol_interaction,20260911,0.6174856955773433,0.6174856955773433,1,1
rolling5_quarterly20,3669,2026-03-13,2026-03-23,-0.0364343509194254,2026,2025-12-31,learned_vol_interaction,20260911,0.44896092371547813,0.44896092371547813,0,0
rolling5_quarterly20,3674,2026-03-20,2026-03-30,-0.0083038829988221,2026,2025-12-31,learned_vol_interaction,20260911,0.45425867209133697,0.45425867209133697,0,0
rolling5_quarterly20,3679,2026-03-27,2026-04-07,-0.0035591495694504,2026,2025-12-31,learned_vol_interaction,20260911,0.43340188452247674,0.43340188452247674,0,0
rolling5_quarterly20,3630,2026-01-09,2026-01-19,-0.0103697336282536,2026,2025-12-31,learned_order_extension,20260911,0.5459060256811782,0.5459060256811782,1,0
rolling5_quarterly20,3635,2026-01-16,2026-01-26,-0.0010190267764643,2026,2025-12-31,learned_order_extension,20260911,0.5315584772037104,0.5315584772037104,1,0
rolling5_quarterly20,3640,2026-01-23,2026-02-02,-0.0087161586128796,2026,2025-12-31,learned_order_extension,20260911,0.5380779045961513,0.5380779045961513,1,0
rolling5_quarterly20,3645,2026-01-30,2026-02-09,0.0041482324550519,2026,2025-12-31,learned_order_extension,20260911,0.43274829616923166,0.43274829616923166,0,1
rolling5_quarterly20,3650,2026-02-06,2026-02-24,0.0071649689901505,2026,2025-12-31,learned_order_extension,20260911,0.5358238036456818,0.5358238036456818,1,1
rolling5_quarterly20,3655,2026-02-13,2026-03-02,-0.0097920588919678,2026,2025-12-31,learned_order_extension,20260911,0.5188075700840837,0.5188075700840837,1,0
rolling5_quarterly20,3659,2026-02-27,2026-03-09,-0.0172526869201304,2026,2025-12-31,learned_order_extension,20260911,0.5395237482049954,0.5395237482049954,1,0
rolling5_quarterly20,3664,2026-03-06,2026-03-16,0.0149926634422041,2026,2025-12-31,learned_order_extension,20260911,0.6721134681647395,0.6721134681647395,1,1
rolling5_quarterly20,3669,2026-03-13,2026-03-23,-0.0364343509194254,2026,2025-12-31,learned_order_extension,20260911,0.44254310728173424,0.44254310728173424,0,0
rolling5_quarterly20,3674,2026-03-20,2026-03-30,-0.0083038829988221,2026,2025-12-31,learned_order_extension,20260911,0.4378410999680901,0.4378410999680901,0,0
rolling5_quarterly20,3679,2026-03-27,2026-04-07,-0.0035591495694504,2026,2025-12-31,learned_order_extension,20260911,0.4159760364157841,0.4159760364157841,0,0
rolling5_quarterly20,3630,2026-01-09,2026-01-19,-0.0103697336282536,2026,2025-12-31,learned_order_offset,20260911,0.545843670764125,0.545843670764125,1,0
rolling5_quarterly20,3635,2026-01-16,2026-01-26,-0.0010190267764643,2026,2025-12-31,learned_order_offset,20260911,0.5315791456859873,0.5315791456859873,1,0
rolling5_quarterly20,3640,2026-01-23,2026-02-02,-0.0087161586128796,2026,2025-12-31,learned_order_offset,20260911,0.5378362799693707,0.5378362799693707,1,0
rolling5_quarterly20,3645,2026-01-30,2026-02-09,0.0041482324550519,2026,2025-12-31,learned_order_offset,20260911,0.43267035311859725,0.43267035311859725,0,1
rolling5_quarterly20,3650,2026-02-06,2026-02-24,0.0071649689901505,2026,2025-12-31,learned_order_offset,20260911,0.5355468761174008,0.5355468761174008,1,1
rolling5_quarterly20,3655,2026-02-13,2026-03-02,-0.0097920588919678,2026,2025-12-31,learned_order_offset,20260911,0.5185004295200895,0.5185004295200895,1,0
rolling5_quarterly20,3659,2026-02-27,2026-03-09,-0.0172526869201304,2026,2025-12-31,learned_order_offset,20260911,0.5394279755034715,0.5394279755034715,1,0
rolling5_quarterly20,3664,2026-03-06,2026-03-16,0.0149926634422041,2026,2025-12-31,learned_order_offset,20260911,0.6720878025271129,0.6720878025271129,1,1
rolling5_quarterly20,3669,2026-03-13,2026-03-23,-0.0364343509194254,2026,2025-12-31,learned_order_offset,20260911,0.44301866763301645,0.44301866763301645,0,0
rolling5_quarterly20,3674,2026-03-20,2026-03-30,-0.0083038829988221,2026,2025-12-31,learned_order_offset,20260911,0.4379475907087764,0.4379475907087764,0,0
rolling5_quarterly20,3679,2026-03-27,2026-04-07,-0.0035591495694504,2026,2025-12-31,learned_order_offset,20260911,0.4162726411546184,0.4162726411546184,0,0
rolling5_quarterly20,3630,2026-01-09,2026-01-19,-0.0103697336282536,2026,2025-12-31,native_mse,20260911,-0.0030890692487675277,,0,0
rolling5_quarterly20,3635,2026-01-16,2026-01-26,-0.0010190267764643,2026,2025-12-31,native_mse,20260911,-0.0029844245717806552,,0,0
rolling5_quarterly20,3640,2026-01-23,2026-02-02,-0.0087161586128796,2026,2025-12-31,native_mse,20260911,-0.0018485669736654138,,0,0
rolling5_quarterly20,3645,2026-01-30,2026-02-09,0.0041482324550519,2026,2025-12-31,native_mse,20260911,-0.002659061252019485,,0,1
rolling5_quarterly20,3650,2026-02-06,2026-02-24,0.0071649689901505,2026,2025-12-31,native_mse,20260911,-0.0015567976959256278,,0,1
rolling5_quarterly20,3655,2026-02-13,2026-03-02,-0.0097920588919678,2026,2025-12-31,native_mse,20260911,-0.0015389707922718095,,0,0
rolling5_quarterly20,3659,2026-02-27,2026-03-09,-0.0172526869201304,2026,2025-12-31,native_mse,20260911,-0.0019681718770543553,,0,0
rolling5_quarterly20,3664,2026-03-06,2026-03-16,0.0149926634422041,2026,2025-12-31,native_mse,20260911,0.00014521785716820214,,1,1
rolling5_quarterly20,3669,2026-03-13,2026-03-23,-0.0364343509194254,2026,2025-12-31,native_mse,20260911,-0.0022671453715006956,,0,0
rolling5_quarterly20,3674,2026-03-20,2026-03-30,-0.0083038829988221,2026,2025-12-31,native_mse,20260911,-0.001986856137592856,,0,0
rolling5_quarterly20,3679,2026-03-27,2026-04-07,-0.0035591495694504,2026,2025-12-31,native_mse,20260911,-0.002218520604235266,,0,0
rolling5_quarterly20,3630,2026-01-09,2026-01-19,-0.0103697336282536,2026,2025-12-31,learned_market,20260912,0.5119803822427041,0.5119803822427041,1,0
rolling5_quarterly20,3635,2026-01-16,2026-01-26,-0.0010190267764643,2026,2025-12-31,learned_market,20260912,0.5563532391014436,0.5563532391014436,1,0
rolling5_quarterly20,3640,2026-01-23,2026-02-02,-0.0087161586128796,2026,2025-12-31,learned_market,20260912,0.47986345901765604,0.47986345901765604,0,0
rolling5_quarterly20,3645,2026-01-30,2026-02-09,0.0041482324550519,2026,2025-12-31,learned_market,20260912,0.5030177692550698,0.5030177692550698,1,1
rolling5_quarterly20,3650,2026-02-06,2026-02-24,0.0071649689901505,2026,2025-12-31,learned_market,20260912,0.43906676808287387,0.43906676808287387,0,1
rolling5_quarterly20,3655,2026-02-13,2026-03-02,-0.0097920588919678,2026,2025-12-31,learned_market,20260912,0.431368044613122,0.431368044613122,0,0
rolling5_quarterly20,3659,2026-02-27,2026-03-09,-0.0172526869201304,2026,2025-12-31,learned_market,20260912,0.48137527566018024,0.48137527566018024,0,0
rolling5_quarterly20,3664,2026-03-06,2026-03-16,0.0149926634422041,2026,2025-12-31,learned_market,20260912,0.46731902499821354,0.46731902499821354,0,1
rolling5_quarterly20,3669,2026-03-13,2026-03-23,-0.0364343509194254,2026,2025-12-31,learned_market,20260912,0.5227160800792146,0.5227160800792146,1,0
rolling5_quarterly20,3674,2026-03-20,2026-03-30,-0.0083038829988221,2026,2025-12-31,learned_market,20260912,0.4464645109091068,0.4464645109091068,0,0
rolling5_quarterly20,3679,2026-03-27,2026-04-07,-0.0035591495694504,2026,2025-12-31,learned_market,20260912,0.39113208857052434,0.39113208857052434,0,0
rolling5_quarterly20,3630,2026-01-09,2026-01-19,-0.0103697336282536,2026,2025-12-31,learned_vol_interaction,20260912,0.5113420632666249,0.5113420632666249,1,0
rolling5_quarterly20,3635,2026-01-16,2026-01-26,-0.0010190267764643,2026,2025-12-31,learned_vol_interaction,20260912,0.5720485316988371,0.5720485316988371,1,0
rolling5_quarterly20,3640,2026-01-23,2026-02-02,-0.0087161586128796,2026,2025-12-31,learned_vol_interaction,20260912,0.46450523759698337,0.46450523759698337,0,0
rolling5_quarterly20,3645,2026-01-30,2026-02-09,0.0041482324550519,2026,2025-12-31,learned_vol_interaction,20260912,0.5055364466448413,0.5055364466448413,1,1
rolling5_quarterly20,3650,2026-02-06,2026-02-24,0.0071649689901505,2026,2025-12-31,learned_vol_interaction,20260912,0.42116451389141074,0.42116451389141074,0,1
rolling5_quarterly20,3655,2026-02-13,2026-03-02,-0.0097920588919678,2026,2025-12-31,learned_vol_interaction,20260912,0.4216952789502379,0.4216952789502379,0,0
rolling5_quarterly20,3659,2026-02-27,2026-03-09,-0.0172526869201304,2026,2025-12-31,learned_vol_interaction,20260912,0.46280074037648433,0.46280074037648433,0,0
rolling5_quarterly20,3664,2026-03-06,2026-03-16,0.0149926634422041,2026,2025-12-31,learned_vol_interaction,20260912,0.4454734654507731,0.4454734654507731,0,1
rolling5_quarterly20,3669,2026-03-13,2026-03-23,-0.0364343509194254,2026,2025-12-31,learned_vol_interaction,20260912,0.5162800418391823,0.5162800418391823,1,0
rolling5_quarterly20,3674,2026-03-20,2026-03-30,-0.0083038829988221,2026,2025-12-31,learned_vol_interaction,20260912,0.44815597826032155,0.44815597826032155,0,0
rolling5_quarterly20,3679,2026-03-27,2026-04-07,-0.0035591495694504,2026,2025-12-31,learned_vol_interaction,20260912,0.41145491799092687,0.41145491799092687,0,0
rolling5_quarterly20,3630,2026-01-09,2026-01-19,-0.0103697336282536,2026,2025-12-31,learned_order_extension,20260912,0.5234527600872158,0.5234527600872158,1,0
rolling5_quarterly20,3635,2026-01-16,2026-01-26,-0.0010190267764643,2026,2025-12-31,learned_order_extension,20260912,0.5847075352595175,0.5847075352595175,1,0
rolling5_quarterly20,3640,2026-01-23,2026-02-02,-0.0087161586128796,2026,2025-12-31,learned_order_extension,20260912,0.4700767353741261,0.4700767353741261,0,0
rolling5_quarterly20,3645,2026-01-30,2026-02-09,0.0041482324550519,2026,2025-12-31,learned_order_extension,20260912,0.5148835278265028,0.5148835278265028,1,1
rolling5_quarterly20,3650,2026-02-06,2026-02-24,0.0071649689901505,2026,2025-12-31,learned_order_extension,20260912,0.4220765070574473,0.4220765070574473,0,1
rolling5_quarterly20,3655,2026-02-13,2026-03-02,-0.0097920588919678,2026,2025-12-31,learned_order_extension,20260912,0.41397752179190594,0.41397752179190594,0,0
rolling5_quarterly20,3659,2026-02-27,2026-03-09,-0.0172526869201304,2026,2025-12-31,learned_order_extension,20260912,0.45946498078572456,0.45946498078572456,0,0
rolling5_quarterly20,3664,2026-03-06,2026-03-16,0.0149926634422041,2026,2025-12-31,learned_order_extension,20260912,0.44635455978232025,0.44635455978232025,0,1
rolling5_quarterly20,3669,2026-03-13,2026-03-23,-0.0364343509194254,2026,2025-12-31,learned_order_extension,20260912,0.5383866937008707,0.5383866937008707,1,0
rolling5_quarterly20,3674,2026-03-20,2026-03-30,-0.0083038829988221,2026,2025-12-31,learned_order_extension,20260912,0.43243079892634145,0.43243079892634145,0,0
rolling5_quarterly20,3679,2026-03-27,2026-04-07,-0.0035591495694504,2026,2025-12-31,learned_order_extension,20260912,0.3847558274890985,0.3847558274890985,0,0
rolling5_quarterly20,3630,2026-01-09,2026-01-19,-0.0103697336282536,2026,2025-12-31,learned_order_offset,20260912,0.5234772415055928,0.5234772415055928,1,0
rolling5_quarterly20,3635,2026-01-16,2026-01-26,-0.0010190267764643,2026,2025-12-31,learned_order_offset,20260912,0.5844150879103954,0.5844150879103954,1,0
rolling5_quarterly20,3640,2026-01-23,2026-02-02,-0.0087161586128796,2026,2025-12-31,learned_order_offset,20260912,0.46996206356235715,0.46996206356235715,0,0
rolling5_quarterly20,3645,2026-01-30,2026-02-09,0.0041482324550519,2026,2025-12-31,learned_order_offset,20260912,0.514701020079869,0.514701020079869,1,1
rolling5_quarterly20,3650,2026-02-06,2026-02-24,0.0071649689901505,2026,2025-12-31,learned_order_offset,20260912,0.42213589824970216,0.42213589824970216,0,1
rolling5_quarterly20,3655,2026-02-13,2026-03-02,-0.0097920588919678,2026,2025-12-31,learned_order_offset,20260912,0.4139092534456115,0.4139092534456115,0,0
rolling5_quarterly20,3659,2026-02-27,2026-03-09,-0.0172526869201304,2026,2025-12-31,learned_order_offset,20260912,0.4590491088219428,0.4590491088219428,0,0
rolling5_quarterly20,3664,2026-03-06,2026-03-16,0.0149926634422041,2026,2025-12-31,learned_order_offset,20260912,0.4464707132363767,0.4464707132363767,0,1
rolling5_quarterly20,3669,2026-03-13,2026-03-23,-0.0364343509194254,2026,2025-12-31,learned_order_offset,20260912,0.5384561051408137,0.5384561051408137,1,0
rolling5_quarterly20,3674,2026-03-20,2026-03-30,-0.0083038829988221,2026,2025-12-31,learned_order_offset,20260912,0.43269622737784763,0.43269622737784763,0,0
rolling5_quarterly20,3679,2026-03-27,2026-04-07,-0.0035591495694504,2026,2025-12-31,learned_order_offset,20260912,0.3852504154330894,0.3852504154330894,0,0
rolling5_quarterly20,3630,2026-01-09,2026-01-19,-0.0103697336282536,2026,2025-12-31,native_mse,20260912,-0.0012654744629118373,,0,0
rolling5_quarterly20,3635,2026-01-16,2026-01-26,-0.0010190267764643,2026,2025-12-31,native_mse,20260912,-0.0009824454910161004,,0,0
rolling5_quarterly20,3640,2026-01-23,2026-02-02,-0.0087161586128796,2026,2025-12-31,native_mse,20260912,-0.0014318861524315442,,0,0
rolling5_quarterly20,3645,2026-01-30,2026-02-09,0.0041482324550519,2026,2025-12-31,native_mse,20260912,-0.0015519331724585116,,0,1
rolling5_quarterly20,3650,2026-02-06,2026-02-24,0.0071649689901505,2026,2025-12-31,native_mse,20260912,-0.0016869022750859507,,0,1
rolling5_quarterly20,3655,2026-02-13,2026-03-02,-0.0097920588919678,2026,2025-12-31,native_mse,20260912,-0.0011765097827620523,,0,0
rolling5_quarterly20,3659,2026-02-27,2026-03-09,-0.0172526869201304,2026,2025-12-31,native_mse,20260912,-0.0007085124719817442,,0,0
rolling5_quarterly20,3664,2026-03-06,2026-03-16,0.0149926634422041,2026,2025-12-31,native_mse,20260912,-0.0009899154221996353,,0,1
rolling5_quarterly20,3669,2026-03-13,2026-03-23,-0.0364343509194254,2026,2025-12-31,native_mse,20260912,-0.0011266305599294578,,0,0
rolling5_quarterly20,3674,2026-03-20,2026-03-30,-0.0083038829988221,2026,2025-12-31,native_mse,20260912,-0.001524311581453077,,0,0
rolling5_quarterly20,3679,2026-03-27,2026-04-07,-0.0035591495694504,2026,2025-12-31,native_mse,20260912,-0.0019205134194293897,,0,0
rolling5_quarterly20,3684,2026-04-03,2026-04-13,0.0380736235508991,2026,2026-03-31,learned_market,20260910,0.39241028506201636,0.39241028506201636,0,1
rolling5_quarterly20,3688,2026-04-10,2026-04-20,0.0242766725964382,2026,2026-03-31,learned_market,20260910,0.5169377404748233,0.5169377404748233,1,1
rolling5_quarterly20,3693,2026-04-17,2026-04-27,0.010401572188011,2026,2026-03-31,learned_market,20260910,0.47418983869876236,0.47418983869876236,0,1
rolling5_quarterly20,3698,2026-04-24,2026-05-11,0.0263674696524953,2026,2026-03-31,learned_market,20260910,0.6647346925663404,0.6647346925663404,1,1
rolling5_quarterly20,3705,2026-05-08,2026-05-18,-0.0134529239455926,2026,2026-03-31,learned_market,20260910,0.6310430172786323,0.6310430172786323,1,0
rolling5_quarterly20,3710,2026-05-15,2026-05-25,0.0076235492615268,2026,2026-03-31,learned_market,20260910,0.7339858803131507,0.7339858803131507,1,1
rolling5_quarterly20,3715,2026-05-22,2026-06-01,0.005068538126898,2026,2026-03-31,learned_market,20260910,0.3722366345244741,0.3722366345244741,0,1
rolling5_quarterly20,3720,2026-05-29,2026-06-08,-0.039635353927193,2026,2026-03-31,learned_market,20260910,0.5738788855476706,0.5738788855476706,1,0
rolling5_quarterly20,3725,2026-06-05,2026-06-15,0.0266849782195981,2026,2026-03-31,learned_market,20260910,0.25351761231248876,0.25351761231248876,0,1
rolling5_quarterly20,3730,2026-06-12,2026-06-29,0.0076098142791176,2026,2026-03-31,learned_market,20260910,0.329390720484821,0.329390720484821,0,1
rolling5_quarterly20,3739,2026-06-26,2026-07-06,0.0005137647861506,2026,2026-03-31,learned_market,20260910,0.5390848614488513,0.5390848614488513,1,1
rolling5_quarterly20,3684,2026-04-03,2026-04-13,0.0380736235508991,2026,2026-03-31,learned_vol_interaction,20260910,0.39762762966818155,0.39762762966818155,0,1
rolling5_quarterly20,3688,2026-04-10,2026-04-20,0.0242766725964382,2026,2026-03-31,learned_vol_interaction,20260910,0.5162381871720598,0.5162381871720598,1,1
rolling5_quarterly20,3693,2026-04-17,2026-04-27,0.010401572188011,2026,2026-03-31,learned_vol_interaction,20260910,0.47832985368039693,0.47832985368039693,0,1
rolling5_quarterly20,3698,2026-04-24,2026-05-11,0.0263674696524953,2026,2026-03-31,learned_vol_interaction,20260910,0.6553127758495785,0.6553127758495785,1,1
rolling5_quarterly20,3705,2026-05-08,2026-05-18,-0.0134529239455926,2026,2026-03-31,learned_vol_interaction,20260910,0.62476370384552,0.62476370384552,1,0
rolling5_quarterly20,3710,2026-05-15,2026-05-25,0.0076235492615268,2026,2026-03-31,learned_vol_interaction,20260910,0.7401958192855663,0.7401958192855663,1,1
rolling5_quarterly20,3715,2026-05-22,2026-06-01,0.005068538126898,2026,2026-03-31,learned_vol_interaction,20260910,0.36038913361132935,0.36038913361132935,0,1
rolling5_quarterly20,3720,2026-05-29,2026-06-08,-0.039635353927193,2026,2026-03-31,learned_vol_interaction,20260910,0.5721796704718467,0.5721796704718467,1,0
rolling5_quarterly20,3725,2026-06-05,2026-06-15,0.0266849782195981,2026,2026-03-31,learned_vol_interaction,20260910,0.25730623793246943,0.25730623793246943,0,1
rolling5_quarterly20,3730,2026-06-12,2026-06-29,0.0076098142791176,2026,2026-03-31,learned_vol_interaction,20260910,0.3314817509016033,0.3314817509016033,0,1
rolling5_quarterly20,3739,2026-06-26,2026-07-06,0.0005137647861506,2026,2026-03-31,learned_vol_interaction,20260910,0.5351763830546745,0.5351763830546745,1,1
rolling5_quarterly20,3684,2026-04-03,2026-04-13,0.0380736235508991,2026,2026-03-31,learned_order_extension,20260910,0.39510792975889625,0.39510792975889625,0,1
rolling5_quarterly20,3688,2026-04-10,2026-04-20,0.0242766725964382,2026,2026-03-31,learned_order_extension,20260910,0.517365895943164,0.517365895943164,1,1
rolling5_quarterly20,3693,2026-04-17,2026-04-27,0.010401572188011,2026,2026-03-31,learned_order_extension,20260910,0.4768980954175349,0.4768980954175349,0,1
rolling5_quarterly20,3698,2026-04-24,2026-05-11,0.0263674696524953,2026,2026-03-31,learned_order_extension,20260910,0.6590913305313446,0.6590913305313446,1,1
rolling5_quarterly20,3705,2026-05-08,2026-05-18,-0.0134529239455926,2026,2026-03-31,learned_order_extension,20260910,0.627251666064712,0.627251666064712,1,0
rolling5_quarterly20,3710,2026-05-15,2026-05-25,0.0076235492615268,2026,2026-03-31,learned_order_extension,20260910,0.746556337350328,0.746556337350328,1,1
rolling5_quarterly20,3715,2026-05-22,2026-06-01,0.005068538126898,2026,2026-03-31,learned_order_extension,20260910,0.3580918092875753,0.3580918092875753,0,1
rolling5_quarterly20,3720,2026-05-29,2026-06-08,-0.039635353927193,2026,2026-03-31,learned_order_extension,20260910,0.5746805382356841,0.5746805382356841,1,0
rolling5_quarterly20,3725,2026-06-05,2026-06-15,0.0266849782195981,2026,2026-03-31,learned_order_extension,20260910,0.25295677917202136,0.25295677917202136,0,1
rolling5_quarterly20,3730,2026-06-12,2026-06-29,0.0076098142791176,2026,2026-03-31,learned_order_extension,20260910,0.32800364282629446,0.32800364282629446,0,1
rolling5_quarterly20,3739,2026-06-26,2026-07-06,0.0005137647861506,2026,2026-03-31,learned_order_extension,20260910,0.5360430348384599,0.5360430348384599,1,1
rolling5_quarterly20,3684,2026-04-03,2026-04-13,0.0380736235508991,2026,2026-03-31,learned_order_offset,20260910,0.39521416553724414,0.39521416553724414,0,1
rolling5_quarterly20,3688,2026-04-10,2026-04-20,0.0242766725964382,2026,2026-03-31,learned_order_offset,20260910,0.5175375118180918,0.5175375118180918,1,1
rolling5_quarterly20,3693,2026-04-17,2026-04-27,0.010401572188011,2026,2026-03-31,learned_order_offset,20260910,0.47693888859037636,0.47693888859037636,0,1
rolling5_quarterly20,3698,2026-04-24,2026-05-11,0.0263674696524953,2026,2026-03-31,learned_order_offset,20260910,0.659070836489104,0.659070836489104,1,1
rolling5_quarterly20,3705,2026-05-08,2026-05-18,-0.0134529239455926,2026,2026-03-31,learned_order_offset,20260910,0.6270015821301352,0.6270015821301352,1,0
rolling5_quarterly20,3710,2026-05-15,2026-05-25,0.0076235492615268,2026,2026-03-31,learned_order_offset,20260910,0.746511199162218,0.746511199162218,1,1
rolling5_quarterly20,3715,2026-05-22,2026-06-01,0.005068538126898,2026,2026-03-31,learned_order_offset,20260910,0.35814644603283374,0.35814644603283374,0,1
rolling5_quarterly20,3720,2026-05-29,2026-06-08,-0.039635353927193,2026,2026-03-31,learned_order_offset,20260910,0.5747033448674275,0.5747033448674275,1,0
rolling5_quarterly20,3725,2026-06-05,2026-06-15,0.0266849782195981,2026,2026-03-31,learned_order_offset,20260910,0.25308866813782444,0.25308866813782444,0,1
rolling5_quarterly20,3730,2026-06-12,2026-06-29,0.0076098142791176,2026,2026-03-31,learned_order_offset,20260910,0.32802174670778245,0.32802174670778245,0,1
rolling5_quarterly20,3739,2026-06-26,2026-07-06,0.0005137647861506,2026,2026-03-31,learned_order_offset,20260910,0.5362670534365485,0.5362670534365485,1,1
rolling5_quarterly20,3684,2026-04-03,2026-04-13,0.0380736235508991,2026,2026-03-31,native_mse,20260910,-0.00014319552946393744,,0,1
rolling5_quarterly20,3688,2026-04-10,2026-04-20,0.0242766725964382,2026,2026-03-31,native_mse,20260910,5.773383396637043e-05,,1,1
rolling5_quarterly20,3693,2026-04-17,2026-04-27,0.010401572188011,2026,2026-03-31,native_mse,20260910,0.0001958148516248497,,1,1
rolling5_quarterly20,3698,2026-04-24,2026-05-11,0.0263674696524953,2026,2026-03-31,native_mse,20260910,0.000724112483122109,,1,1
rolling5_quarterly20,3705,2026-05-08,2026-05-18,-0.0134529239455926,2026,2026-03-31,native_mse,20260910,-0.00022003122074600606,,0,0
rolling5_quarterly20,3710,2026-05-15,2026-05-25,0.0076235492615268,2026,2026-03-31,native_mse,20260910,0.0008123602829428998,,1,1
rolling5_quarterly20,3715,2026-05-22,2026-06-01,0.005068538126898,2026,2026-03-31,native_mse,20260910,-0.0004487777446913649,,0,1
rolling5_quarterly20,3720,2026-05-29,2026-06-08,-0.039635353927193,2026,2026-03-31,native_mse,20260910,0.00026322456377332116,,1,0
rolling5_quarterly20,3725,2026-06-05,2026-06-15,0.0266849782195981,2026,2026-03-31,native_mse,20260910,-0.00042092341561298,,0,1
rolling5_quarterly20,3730,2026-06-12,2026-06-29,0.0076098142791176,2026,2026-03-31,native_mse,20260910,-0.0008916975811329038,,0,1
rolling5_quarterly20,3739,2026-06-26,2026-07-06,0.0005137647861506,2026,2026-03-31,native_mse,20260910,-0.0005895887791642716,,0,1
rolling5_quarterly20,3684,2026-04-03,2026-04-13,0.0380736235508991,2026,2026-03-31,training_frequency,-1,0.4792358803986711,0.4792358803986711,0,1
rolling5_quarterly20,3688,2026-04-10,2026-04-20,0.0242766725964382,2026,2026-03-31,training_frequency,-1,0.4792358803986711,0.4792358803986711,0,1
rolling5_quarterly20,3693,2026-04-17,2026-04-27,0.010401572188011,2026,2026-03-31,training_frequency,-1,0.4792358803986711,0.4792358803986711,0,1
rolling5_quarterly20,3698,2026-04-24,2026-05-11,0.0263674696524953,2026,2026-03-31,training_frequency,-1,0.4792358803986711,0.4792358803986711,0,1
rolling5_quarterly20,3705,2026-05-08,2026-05-18,-0.0134529239455926,2026,2026-03-31,training_frequency,-1,0.4792358803986711,0.4792358803986711,0,0
rolling5_quarterly20,3710,2026-05-15,2026-05-25,0.0076235492615268,2026,2026-03-31,training_frequency,-1,0.4792358803986711,0.4792358803986711,0,1
rolling5_quarterly20,3715,2026-05-22,2026-06-01,0.005068538126898,2026,2026-03-31,training_frequency,-1,0.4792358803986711,0.4792358803986711,0,1
rolling5_quarterly20,3720,2026-05-29,2026-06-08,-0.039635353927193,2026,2026-03-31,training_frequency,-1,0.4792358803986711,0.4792358803986711,0,0
rolling5_quarterly20,3725,2026-06-05,2026-06-15,0.0266849782195981,2026,2026-03-31,training_frequency,-1,0.4792358803986711,0.4792358803986711,0,1
rolling5_quarterly20,3730,2026-06-12,2026-06-29,0.0076098142791176,2026,2026-03-31,training_frequency,-1,0.4792358803986711,0.4792358803986711,0,1
rolling5_quarterly20,3739,2026-06-26,2026-07-06,0.0005137647861506,2026,2026-03-31,training_frequency,-1,0.4792358803986711,0.4792358803986711,0,1
rolling5_quarterly20,3684,2026-04-03,2026-04-13,0.0380736235508991,2026,2026-03-31,learned_market,20260911,0.5126751088027216,0.5126751088027216,1,1
rolling5_quarterly20,3688,2026-04-10,2026-04-20,0.0242766725964382,2026,2026-03-31,learned_market,20260911,0.4263185546075955,0.4263185546075955,0,1
rolling5_quarterly20,3693,2026-04-17,2026-04-27,0.010401572188011,2026,2026-03-31,learned_market,20260911,0.4436265038510065,0.4436265038510065,0,1
rolling5_quarterly20,3698,2026-04-24,2026-05-11,0.0263674696524953,2026,2026-03-31,learned_market,20260911,0.38791732495575165,0.38791732495575165,0,1
rolling5_quarterly20,3705,2026-05-08,2026-05-18,-0.0134529239455926,2026,2026-03-31,learned_market,20260911,0.5721407017587333,0.5721407017587333,1,0
rolling5_quarterly20,3710,2026-05-15,2026-05-25,0.0076235492615268,2026,2026-03-31,learned_market,20260911,0.6683261836005036,0.6683261836005036,1,1
rolling5_quarterly20,3715,2026-05-22,2026-06-01,0.005068538126898,2026,2026-03-31,learned_market,20260911,0.5484890123937292,0.5484890123937292,1,1
rolling5_quarterly20,3720,2026-05-29,2026-06-08,-0.039635353927193,2026,2026-03-31,learned_market,20260911,0.5169458947522697,0.5169458947522697,1,0
rolling5_quarterly20,3725,2026-06-05,2026-06-15,0.0266849782195981,2026,2026-03-31,learned_market,20260911,0.5866678575298284,0.5866678575298284,1,1
rolling5_quarterly20,3730,2026-06-12,2026-06-29,0.0076098142791176,2026,2026-03-31,learned_market,20260911,0.4766834414143764,0.4766834414143764,0,1
rolling5_quarterly20,3739,2026-06-26,2026-07-06,0.0005137647861506,2026,2026-03-31,learned_market,20260911,0.5886009684822692,0.5886009684822692,1,1
rolling5_quarterly20,3684,2026-04-03,2026-04-13,0.0380736235508991,2026,2026-03-31,learned_vol_interaction,20260911,0.5129314662649458,0.5129314662649458,1,1
rolling5_quarterly20,3688,2026-04-10,2026-04-20,0.0242766725964382,2026,2026-03-31,learned_vol_interaction,20260911,0.4300830354970306,0.4300830354970306,0,1
rolling5_quarterly20,3693,2026-04-17,2026-04-27,0.010401572188011,2026,2026-03-31,learned_vol_interaction,20260911,0.447513580945076,0.447513580945076,0,1
rolling5_quarterly20,3698,2026-04-24,2026-05-11,0.0263674696524953,2026,2026-03-31,learned_vol_interaction,20260911,0.3816667863876321,0.3816667863876321,0,1
rolling5_quarterly20,3705,2026-05-08,2026-05-18,-0.0134529239455926,2026,2026-03-31,learned_vol_interaction,20260911,0.5692503345384763,0.5692503345384763,1,0
rolling5_quarterly20,3710,2026-05-15,2026-05-25,0.0076235492615268,2026,2026-03-31,learned_vol_interaction,20260911,0.6775653572014777,0.6775653572014777,1,1
rolling5_quarterly20,3715,2026-05-22,2026-06-01,0.005068538126898,2026,2026-03-31,learned_vol_interaction,20260911,0.5469929817334598,0.5469929817334598,1,1
rolling5_quarterly20,3720,2026-05-29,2026-06-08,-0.039635353927193,2026,2026-03-31,learned_vol_interaction,20260911,0.5168216512464717,0.5168216512464717,1,0
rolling5_quarterly20,3725,2026-06-05,2026-06-15,0.0266849782195981,2026,2026-03-31,learned_vol_interaction,20260911,0.5910974895180864,0.5910974895180864,1,1
rolling5_quarterly20,3730,2026-06-12,2026-06-29,0.0076098142791176,2026,2026-03-31,learned_vol_interaction,20260911,0.4780045703153989,0.4780045703153989,0,1
rolling5_quarterly20,3739,2026-06-26,2026-07-06,0.0005137647861506,2026,2026-03-31,learned_vol_interaction,20260911,0.5786337091798411,0.5786337091798411,1,1
rolling5_quarterly20,3684,2026-04-03,2026-04-13,0.0380736235508991,2026,2026-03-31,learned_order_extension,20260911,0.5794912628084326,0.5794912628084326,1,1
rolling5_quarterly20,3688,2026-04-10,2026-04-20,0.0242766725964382,2026,2026-03-31,learned_order_extension,20260911,0.42040029040334587,0.42040029040334587,0,1
rolling5_quarterly20,3693,2026-04-17,2026-04-27,0.010401572188011,2026,2026-03-31,learned_order_extension,20260911,0.4210991922849304,0.4210991922849304,0,1
rolling5_quarterly20,3698,2026-04-24,2026-05-11,0.0263674696524953,2026,2026-03-31,learned_order_extension,20260911,0.3262455272245863,0.3262455272245863,0,1
rolling5_quarterly20,3705,2026-05-08,2026-05-18,-0.0134529239455926,2026,2026-03-31,learned_order_extension,20260911,0.6031506671650431,0.6031506671650431,1,0
rolling5_quarterly20,3710,2026-05-15,2026-05-25,0.0076235492615268,2026,2026-03-31,learned_order_extension,20260911,0.7863552533531497,0.7863552533531497,1,1
rolling5_quarterly20,3715,2026-05-22,2026-06-01,0.005068538126898,2026,2026-03-31,learned_order_extension,20260911,0.5755140203162029,0.5755140203162029,1,1
rolling5_quarterly20,3720,2026-05-29,2026-06-08,-0.039635353927193,2026,2026-03-31,learned_order_extension,20260911,0.5099860986924982,0.5099860986924982,1,0
rolling5_quarterly20,3725,2026-06-05,2026-06-15,0.0266849782195981,2026,2026-03-31,learned_order_extension,20260911,0.6453627715775692,0.6453627715775692,1,1
rolling5_quarterly20,3730,2026-06-12,2026-06-29,0.0076098142791176,2026,2026-03-31,learned_order_extension,20260911,0.46644212558900333,0.46644212558900333,0,1
rolling5_quarterly20,3739,2026-06-26,2026-07-06,0.0005137647861506,2026,2026-03-31,learned_order_extension,20260911,0.5889702453817588,0.5889702453817588,1,1
rolling5_quarterly20,3684,2026-04-03,2026-04-13,0.0380736235508991,2026,2026-03-31,learned_order_offset,20260911,0.5803451749061208,0.5803451749061208,1,1
rolling5_quarterly20,3688,2026-04-10,2026-04-20,0.0242766725964382,2026,2026-03-31,learned_order_offset,20260911,0.4209588332588006,0.4209588332588006,0,1
rolling5_quarterly20,3693,2026-04-17,2026-04-27,0.010401572188011,2026,2026-03-31,learned_order_offset,20260911,0.42159356038180446,0.42159356038180446,0,1
rolling5_quarterly20,3698,2026-04-24,2026-05-11,0.0263674696524953,2026,2026-03-31,learned_order_offset,20260911,0.326557967370713,0.326557967370713,0,1
rolling5_quarterly20,3705,2026-05-08,2026-05-18,-0.0134529239455926,2026,2026-03-31,learned_order_offset,20260911,0.6023992060194469,0.6023992060194469,1,0
rolling5_quarterly20,3710,2026-05-15,2026-05-25,0.0076235492615268,2026,2026-03-31,learned_order_offset,20260911,0.785295030155677,0.785295030155677,1,1
rolling5_quarterly20,3715,2026-05-22,2026-06-01,0.005068538126898,2026,2026-03-31,learned_order_offset,20260911,0.5758838632822583,0.5758838632822583,1,1
rolling5_quarterly20,3720,2026-05-29,2026-06-08,-0.039635353927193,2026,2026-03-31,learned_order_offset,20260911,0.5104390981647484,0.5104390981647484,1,0
rolling5_quarterly20,3725,2026-06-05,2026-06-15,0.0266849782195981,2026,2026-03-31,learned_order_offset,20260911,0.6454893508528844,0.6454893508528844,1,1
rolling5_quarterly20,3730,2026-06-12,2026-06-29,0.0076098142791176,2026,2026-03-31,learned_order_offset,20260911,0.46790836316421247,0.46790836316421247,0,1
rolling5_quarterly20,3739,2026-06-26,2026-07-06,0.0005137647861506,2026,2026-03-31,learned_order_offset,20260911,0.589410553143432,0.589410553143432,1,1
rolling5_quarterly20,3684,2026-04-03,2026-04-13,0.0380736235508991,2026,2026-03-31,native_mse,20260911,-0.0019124452534227021,,0,1
rolling5_quarterly20,3688,2026-04-10,2026-04-20,0.0242766725964382,2026,2026-03-31,native_mse,20260911,-0.0019342551747113647,,0,1
rolling5_quarterly20,3693,2026-04-17,2026-04-27,0.010401572188011,2026,2026-03-31,native_mse,20260911,-0.00144641801384709,,0,1
rolling5_quarterly20,3698,2026-04-24,2026-05-11,0.0263674696524953,2026,2026-03-31,native_mse,20260911,-0.0005808715330917601,,0,1
rolling5_quarterly20,3705,2026-05-08,2026-05-18,-0.0134529239455926,2026,2026-03-31,native_mse,20260911,-0.00011236471917385096,,0,0
rolling5_quarterly20,3710,2026-05-15,2026-05-25,0.0076235492615268,2026,2026-03-31,native_mse,20260911,-0.000584956890080839,,0,1
rolling5_quarterly20,3715,2026-05-22,2026-06-01,0.005068538126898,2026,2026-03-31,native_mse,20260911,-0.000916677121685315,,0,1
rolling5_quarterly20,3720,2026-05-29,2026-06-08,-0.039635353927193,2026,2026-03-31,native_mse,20260911,-0.0014775217251078634,,0,0
rolling5_quarterly20,3725,2026-06-05,2026-06-15,0.0266849782195981,2026,2026-03-31,native_mse,20260911,-0.0015384178935881356,,0,1
rolling5_quarterly20,3730,2026-06-12,2026-06-29,0.0076098142791176,2026,2026-03-31,native_mse,20260911,-0.0027366447571166054,,0,1
rolling5_quarterly20,3739,2026-06-26,2026-07-06,0.0005137647861506,2026,2026-03-31,native_mse,20260911,-0.0016438931745952827,,0,1
rolling5_quarterly20,3684,2026-04-03,2026-04-13,0.0380736235508991,2026,2026-03-31,learned_market,20260912,0.28079515695457213,0.28079515695457213,0,1
rolling5_quarterly20,3688,2026-04-10,2026-04-20,0.0242766725964382,2026,2026-03-31,learned_market,20260912,0.3398833255750669,0.3398833255750669,0,1
rolling5_quarterly20,3693,2026-04-17,2026-04-27,0.010401572188011,2026,2026-03-31,learned_market,20260912,0.3049881070573726,0.3049881070573726,0,1
rolling5_quarterly20,3698,2026-04-24,2026-05-11,0.0263674696524953,2026,2026-03-31,learned_market,20260912,0.3679267448816251,0.3679267448816251,0,1
rolling5_quarterly20,3705,2026-05-08,2026-05-18,-0.0134529239455926,2026,2026-03-31,learned_market,20260912,0.5648571411884054,0.5648571411884054,1,0
rolling5_quarterly20,3710,2026-05-15,2026-05-25,0.0076235492615268,2026,2026-03-31,learned_market,20260912,0.5278081726043261,0.5278081726043261,1,1
rolling5_quarterly20,3715,2026-05-22,2026-06-01,0.005068538126898,2026,2026-03-31,learned_market,20260912,0.532281473995714,0.532281473995714,1,1
rolling5_quarterly20,3720,2026-05-29,2026-06-08,-0.039635353927193,2026,2026-03-31,learned_market,20260912,0.5333353421245425,0.5333353421245425,1,0
rolling5_quarterly20,3725,2026-06-05,2026-06-15,0.0266849782195981,2026,2026-03-31,learned_market,20260912,0.42617346339981593,0.42617346339981593,0,1
rolling5_quarterly20,3730,2026-06-12,2026-06-29,0.0076098142791176,2026,2026-03-31,learned_market,20260912,0.46615265634511643,0.46615265634511643,0,1
rolling5_quarterly20,3739,2026-06-26,2026-07-06,0.0005137647861506,2026,2026-03-31,learned_market,20260912,0.49644492396446366,0.49644492396446366,0,1
rolling5_quarterly20,3684,2026-04-03,2026-04-13,0.0380736235508991,2026,2026-03-31,learned_vol_interaction,20260912,0.2979397623850595,0.2979397623850595,0,1
rolling5_quarterly20,3688,2026-04-10,2026-04-20,0.0242766725964382,2026,2026-03-31,learned_vol_interaction,20260912,0.3657544035132658,0.3657544035132658,0,1
rolling5_quarterly20,3693,2026-04-17,2026-04-27,0.010401572188011,2026,2026-03-31,learned_vol_interaction,20260912,0.34811841823317174,0.34811841823317174,0,1
rolling5_quarterly20,3698,2026-04-24,2026-05-11,0.0263674696524953,2026,2026-03-31,learned_vol_interaction,20260912,0.3720652848476656,0.3720652848476656,0,1
rolling5_quarterly20,3705,2026-05-08,2026-05-18,-0.0134529239455926,2026,2026-03-31,learned_vol_interaction,20260912,0.5750997384107293,0.5750997384107293,1,0
rolling5_quarterly20,3710,2026-05-15,2026-05-25,0.0076235492615268,2026,2026-03-31,learned_vol_interaction,20260912,0.5397431751341865,0.5397431751341865,1,1
rolling5_quarterly20,3715,2026-05-22,2026-06-01,0.005068538126898,2026,2026-03-31,learned_vol_interaction,20260912,0.5399952750253602,0.5399952750253602,1,1
rolling5_quarterly20,3720,2026-05-29,2026-06-08,-0.039635353927193,2026,2026-03-31,learned_vol_interaction,20260912,0.5392002354108337,0.5392002354108337,1,0
rolling5_quarterly20,3725,2026-06-05,2026-06-15,0.0266849782195981,2026,2026-03-31,learned_vol_interaction,20260912,0.435540463867711,0.435540463867711,0,1
rolling5_quarterly20,3730,2026-06-12,2026-06-29,0.0076098142791176,2026,2026-03-31,learned_vol_interaction,20260912,0.4723541421559366,0.4723541421559366,0,1
rolling5_quarterly20,3739,2026-06-26,2026-07-06,0.0005137647861506,2026,2026-03-31,learned_vol_interaction,20260912,0.5108872603961117,0.5108872603961117,1,1
rolling5_quarterly20,3684,2026-04-03,2026-04-13,0.0380736235508991,2026,2026-03-31,learned_order_extension,20260912,0.24018503715890444,0.24018503715890444,0,1
rolling5_quarterly20,3688,2026-04-10,2026-04-20,0.0242766725964382,2026,2026-03-31,learned_order_extension,20260912,0.3089812750263809,0.3089812750263809,0,1
rolling5_quarterly20,3693,2026-04-17,2026-04-27,0.010401572188011,2026,2026-03-31,learned_order_extension,20260912,0.2750972247879915,0.2750972247879915,0,1
rolling5_quarterly20,3698,2026-04-24,2026-05-11,0.0263674696524953,2026,2026-03-31,learned_order_extension,20260912,0.33855236950552364,0.33855236950552364,0,1
rolling5_quarterly20,3705,2026-05-08,2026-05-18,-0.0134529239455926,2026,2026-03-31,learned_order_extension,20260912,0.6102702364664025,0.6102702364664025,1,0
rolling5_quarterly20,3710,2026-05-15,2026-05-25,0.0076235492615268,2026,2026-03-31,learned_order_extension,20260912,0.5522911906449051,0.5522911906449051,1,1
rolling5_quarterly20,3715,2026-05-22,2026-06-01,0.005068538126898,2026,2026-03-31,learned_order_extension,20260912,0.5427381166112013,0.5427381166112013,1,1
rolling5_quarterly20,3720,2026-05-29,2026-06-08,-0.039635353927193,2026,2026-03-31,learned_order_extension,20260912,0.5516086874640608,0.5516086874640608,1,0
rolling5_quarterly20,3725,2026-06-05,2026-06-15,0.0266849782195981,2026,2026-03-31,learned_order_extension,20260912,0.41669821511918853,0.41669821511918853,0,1
rolling5_quarterly20,3730,2026-06-12,2026-06-29,0.0076098142791176,2026,2026-03-31,learned_order_extension,20260912,0.4488682381380366,0.4488682381380366,0,1
rolling5_quarterly20,3739,2026-06-26,2026-07-06,0.0005137647861506,2026,2026-03-31,learned_order_extension,20260912,0.49943176032650194,0.49943176032650194,0,1
rolling5_quarterly20,3684,2026-04-03,2026-04-13,0.0380736235508991,2026,2026-03-31,learned_order_offset,20260912,0.24111671389354214,0.24111671389354214,0,1
rolling5_quarterly20,3688,2026-04-10,2026-04-20,0.0242766725964382,2026,2026-03-31,learned_order_offset,20260912,0.30981429414574013,0.30981429414574013,0,1
rolling5_quarterly20,3693,2026-04-17,2026-04-27,0.010401572188011,2026,2026-03-31,learned_order_offset,20260912,0.2760088881251445,0.2760088881251445,0,1
rolling5_quarterly20,3698,2026-04-24,2026-05-11,0.0263674696524953,2026,2026-03-31,learned_order_offset,20260912,0.3400083231110454,0.3400083231110454,0,1
rolling5_quarterly20,3705,2026-05-08,2026-05-18,-0.0134529239455926,2026,2026-03-31,learned_order_offset,20260912,0.6103685554847909,0.6103685554847909,1,0
rolling5_quarterly20,3710,2026-05-15,2026-05-25,0.0076235492615268,2026,2026-03-31,learned_order_offset,20260912,0.5520478041181508,0.5520478041181508,1,1
rolling5_quarterly20,3715,2026-05-22,2026-06-01,0.005068538126898,2026,2026-03-31,learned_order_offset,20260912,0.5421157498051391,0.5421157498051391,1,1
rolling5_quarterly20,3720,2026-05-29,2026-06-08,-0.039635353927193,2026,2026-03-31,learned_order_offset,20260912,0.5507122046261228,0.5507122046261228,1,0
rolling5_quarterly20,3725,2026-06-05,2026-06-15,0.0266849782195981,2026,2026-03-31,learned_order_offset,20260912,0.4163998189343969,0.4163998189343969,0,1
rolling5_quarterly20,3730,2026-06-12,2026-06-29,0.0076098142791176,2026,2026-03-31,learned_order_offset,20260912,0.44823561209332285,0.44823561209332285,0,1
rolling5_quarterly20,3739,2026-06-26,2026-07-06,0.0005137647861506,2026,2026-03-31,learned_order_offset,20260912,0.4993709505742236,0.4993709505742236,0,1
rolling5_quarterly20,3684,2026-04-03,2026-04-13,0.0380736235508991,2026,2026-03-31,native_mse,20260912,-0.0030945458071693697,,0,1
rolling5_quarterly20,3688,2026-04-10,2026-04-20,0.0242766725964382,2026,2026-03-31,native_mse,20260912,-0.001228833030079878,,0,1
rolling5_quarterly20,3693,2026-04-17,2026-04-27,0.010401572188011,2026,2026-03-31,native_mse,20260912,-0.003743157920818021,,0,1
rolling5_quarterly20,3698,2026-04-24,2026-05-11,0.0263674696524953,2026,2026-03-31,native_mse,20260912,-0.0022007716877413775,,0,1
rolling5_quarterly20,3705,2026-05-08,2026-05-18,-0.0134529239455926,2026,2026-03-31,native_mse,20260912,-0.0016008489946984436,,0,0
rolling5_quarterly20,3710,2026-05-15,2026-05-25,0.0076235492615268,2026,2026-03-31,native_mse,20260912,-0.0009685678350874986,,0,1
rolling5_quarterly20,3715,2026-05-22,2026-06-01,0.005068538126898,2026,2026-03-31,native_mse,20260912,-0.00040239641318840684,,0,1
rolling5_quarterly20,3720,2026-05-29,2026-06-08,-0.039635353927193,2026,2026-03-31,native_mse,20260912,-0.0009866824269668323,,0,0
rolling5_quarterly20,3725,2026-06-05,2026-06-15,0.0266849782195981,2026,2026-03-31,native_mse,20260912,-0.001493202087662725,,0,1
rolling5_quarterly20,3730,2026-06-12,2026-06-29,0.0076098142791176,2026,2026-03-31,native_mse,20260912,-0.0012335489119336964,,0,1
rolling5_quarterly20,3739,2026-06-26,2026-07-06,0.0005137647861506,2026,2026-03-31,native_mse,20260912,-0.0021666160377350756,,0,1
rolling5_quarterly20,3744,2026-07-03,2026-07-13,-0.0252847876365399,2026,2026-06-30,learned_market,20260910,0.4157877776693426,0.4157877776693426,0,0
rolling5_quarterly20,3749,2026-07-10,2026-07-20,-0.035775397012711,2026,2026-06-30,learned_market,20260910,0.5670519361437086,0.5670519361437086,1,0
rolling5_quarterly20,3754,2026-07-17,2026-07-27,0.01756245533441,2026,2026-06-30,learned_market,20260910,0.4889508719127862,0.4889508719127862,0,1
rolling5_quarterly20,3759,2026-07-24,2026-08-03,-0.0202339761556519,2026,2026-06-30,learned_market,20260910,0.5386649611517792,0.5386649611517792,1,0
rolling5_quarterly20,3764,2026-07-31,2026-08-10,0.0300318732435738,2026,2026-06-30,learned_market,20260910,0.454216654679229,0.454216654679229,0,1
rolling5_quarterly20,3769,2026-08-07,2026-08-17,-0.0056482265760339,2026,2026-06-30,learned_market,20260910,0.708532077321978,0.708532077321978,1,0
rolling5_quarterly20,3774,2026-08-14,2026-08-24,-0.0109860710402629,2026,2026-06-30,learned_market,20260910,0.6256299123352969,0.6256299123352969,1,0
rolling5_quarterly20,3779,2026-08-21,2026-08-31,-0.0127592811002066,2026,2026-06-30,learned_market,20260910,0.5039679042580597,0.5039679042580597,1,0
rolling5_quarterly20,3744,2026-07-03,2026-07-13,-0.0252847876365399,2026,2026-06-30,learned_vol_interaction,20260910,0.5030448760054288,0.5030448760054288,1,0
rolling5_quarterly20,3749,2026-07-10,2026-07-20,-0.035775397012711,2026,2026-06-30,learned_vol_interaction,20260910,0.5563332786690885,0.5563332786690885,1,0
rolling5_quarterly20,3754,2026-07-17,2026-07-27,0.01756245533441,2026,2026-06-30,learned_vol_interaction,20260910,0.5004722945330423,0.5004722945330423,1,1
rolling5_quarterly20,3759,2026-07-24,2026-08-03,-0.0202339761556519,2026,2026-06-30,learned_vol_interaction,20260910,0.5451040948238337,0.5451040948238337,1,0
rolling5_quarterly20,3764,2026-07-31,2026-08-10,0.0300318732435738,2026,2026-06-30,learned_vol_interaction,20260910,0.488949768615699,0.488949768615699,0,1
rolling5_quarterly20,3769,2026-08-07,2026-08-17,-0.0056482265760339,2026,2026-06-30,learned_vol_interaction,20260910,0.6134915596541495,0.6134915596541495,1,0
rolling5_quarterly20,3774,2026-08-14,2026-08-24,-0.0109860710402629,2026,2026-06-30,learned_vol_interaction,20260910,0.5896895462839868,0.5896895462839868,1,0
rolling5_quarterly20,3779,2026-08-21,2026-08-31,-0.0127592811002066,2026,2026-06-30,learned_vol_interaction,20260910,0.499152803253846,0.499152803253846,0,0
rolling5_quarterly20,3744,2026-07-03,2026-07-13,-0.0252847876365399,2026,2026-06-30,learned_order_extension,20260910,0.5184945133186614,0.5184945133186614,1,0
rolling5_quarterly20,3749,2026-07-10,2026-07-20,-0.035775397012711,2026,2026-06-30,learned_order_extension,20260910,0.5484802163402765,0.5484802163402765,1,0
rolling5_quarterly20,3754,2026-07-17,2026-07-27,0.01756245533441,2026,2026-06-30,learned_order_extension,20260910,0.5000240884679232,0.5000240884679232,1,1
rolling5_quarterly20,3759,2026-07-24,2026-08-03,-0.0202339761556519,2026,2026-06-30,learned_order_extension,20260910,0.5386365492692583,0.5386365492692583,1,0
rolling5_quarterly20,3764,2026-07-31,2026-08-10,0.0300318732435738,2026,2026-06-30,learned_order_extension,20260910,0.4915570027925477,0.4915570027925477,0,1
rolling5_quarterly20,3769,2026-08-07,2026-08-17,-0.0056482265760339,2026,2026-06-30,learned_order_extension,20260910,0.5858073647764717,0.5858073647764717,1,0
rolling5_quarterly20,3774,2026-08-14,2026-08-24,-0.0109860710402629,2026,2026-06-30,learned_order_extension,20260910,0.5732760920440171,0.5732760920440171,1,0
rolling5_quarterly20,3779,2026-08-21,2026-08-31,-0.0127592811002066,2026,2026-06-30,learned_order_extension,20260910,0.4999010329839013,0.4999010329839013,0,0
rolling5_quarterly20,3744,2026-07-03,2026-07-13,-0.0252847876365399,2026,2026-06-30,learned_order_offset,20260910,0.5185586017099949,0.5185586017099949,1,0
rolling5_quarterly20,3749,2026-07-10,2026-07-20,-0.035775397012711,2026,2026-06-30,learned_order_offset,20260910,0.5483510129646648,0.5483510129646648,1,0
rolling5_quarterly20,3754,2026-07-17,2026-07-27,0.01756245533441,2026,2026-06-30,learned_order_offset,20260910,0.5001199798351418,0.5001199798351418,1,1
rolling5_quarterly20,3759,2026-07-24,2026-08-03,-0.0202339761556519,2026,2026-06-30,learned_order_offset,20260910,0.5386511459341838,0.5386511459341838,1,0
rolling5_quarterly20,3764,2026-07-31,2026-08-10,0.0300318732435738,2026,2026-06-30,learned_order_offset,20260910,0.49154651312116326,0.49154651312116326,0,1
rolling5_quarterly20,3769,2026-08-07,2026-08-17,-0.0056482265760339,2026,2026-06-30,learned_order_offset,20260910,0.5855382179031855,0.5855382179031855,1,0
rolling5_quarterly20,3774,2026-08-14,2026-08-24,-0.0109860710402629,2026,2026-06-30,learned_order_offset,20260910,0.5731589835875054,0.5731589835875054,1,0
rolling5_quarterly20,3779,2026-08-21,2026-08-31,-0.0127592811002066,2026,2026-06-30,learned_order_offset,20260910,0.5000789608769955,0.5000789608769955,1,0
rolling5_quarterly20,3744,2026-07-03,2026-07-13,-0.0252847876365399,2026,2026-06-30,native_mse,20260910,-0.001532768165404779,,0,0
rolling5_quarterly20,3749,2026-07-10,2026-07-20,-0.035775397012711,2026,2026-06-30,native_mse,20260910,-1.7961255109437603e-05,,0,0
rolling5_quarterly20,3754,2026-07-17,2026-07-27,0.01756245533441,2026,2026-06-30,native_mse,20260910,-0.0025554628214973013,,0,1
rolling5_quarterly20,3759,2026-07-24,2026-08-03,-0.0202339761556519,2026,2026-06-30,native_mse,20260910,-0.0015851800772846267,,0,0
rolling5_quarterly20,3764,2026-07-31,2026-08-10,0.0300318732435738,2026,2026-06-30,native_mse,20260910,-0.002559513751385806,,0,1
rolling5_quarterly20,3769,2026-08-07,2026-08-17,-0.0056482265760339,2026,2026-06-30,native_mse,20260910,0.005985376505234667,,1,0
rolling5_quarterly20,3774,2026-08-14,2026-08-24,-0.0109860710402629,2026,2026-06-30,native_mse,20260910,0.007006825913489947,,1,0
rolling5_quarterly20,3779,2026-08-21,2026-08-31,-0.0127592811002066,2026,2026-06-30,native_mse,20260910,-0.0019014070118959316,,0,0
rolling5_quarterly20,3744,2026-07-03,2026-07-13,-0.0252847876365399,2026,2026-06-30,training_frequency,-1,0.4908637873754153,0.4908637873754153,0,0
rolling5_quarterly20,3749,2026-07-10,2026-07-20,-0.035775397012711,2026,2026-06-30,training_frequency,-1,0.4908637873754153,0.4908637873754153,0,0
rolling5_quarterly20,3754,2026-07-17,2026-07-27,0.01756245533441,2026,2026-06-30,training_frequency,-1,0.4908637873754153,0.4908637873754153,0,1
rolling5_quarterly20,3759,2026-07-24,2026-08-03,-0.0202339761556519,2026,2026-06-30,training_frequency,-1,0.4908637873754153,0.4908637873754153,0,0
rolling5_quarterly20,3764,2026-07-31,2026-08-10,0.0300318732435738,2026,2026-06-30,training_frequency,-1,0.4908637873754153,0.4908637873754153,0,1
rolling5_quarterly20,3769,2026-08-07,2026-08-17,-0.0056482265760339,2026,2026-06-30,training_frequency,-1,0.4908637873754153,0.4908637873754153,0,0
rolling5_quarterly20,3774,2026-08-14,2026-08-24,-0.0109860710402629,2026,2026-06-30,training_frequency,-1,0.4908637873754153,0.4908637873754153,0,0
rolling5_quarterly20,3779,2026-08-21,2026-08-31,-0.0127592811002066,2026,2026-06-30,training_frequency,-1,0.4908637873754153,0.4908637873754153,0,0
rolling5_quarterly20,3744,2026-07-03,2026-07-13,-0.0252847876365399,2026,2026-06-30,learned_market,20260911,0.5943908308229285,0.5943908308229285,1,0
rolling5_quarterly20,3749,2026-07-10,2026-07-20,-0.035775397012711,2026,2026-06-30,learned_market,20260911,0.7555308395688862,0.7555308395688862,1,0
rolling5_quarterly20,3754,2026-07-17,2026-07-27,0.01756245533441,2026,2026-06-30,learned_market,20260911,0.39905483425576843,0.39905483425576843,0,1
rolling5_quarterly20,3759,2026-07-24,2026-08-03,-0.0202339761556519,2026,2026-06-30,learned_market,20260911,0.4422268250492167,0.4422268250492167,0,0
rolling5_quarterly20,3764,2026-07-31,2026-08-10,0.0300318732435738,2026,2026-06-30,learned_market,20260911,0.4494674250541724,0.4494674250541724,0,1
rolling5_quarterly20,3769,2026-08-07,2026-08-17,-0.0056482265760339,2026,2026-06-30,learned_market,20260911,0.5667108348012992,0.5667108348012992,1,0
rolling5_quarterly20,3774,2026-08-14,2026-08-24,-0.0109860710402629,2026,2026-06-30,learned_market,20260911,0.7735913015811817,0.7735913015811817,1,0
rolling5_quarterly20,3779,2026-08-21,2026-08-31,-0.0127592811002066,2026,2026-06-30,learned_market,20260911,0.4243915751562403,0.4243915751562403,0,0
rolling5_quarterly20,3744,2026-07-03,2026-07-13,-0.0252847876365399,2026,2026-06-30,learned_vol_interaction,20260911,0.5919578891501052,0.5919578891501052,1,0
rolling5_quarterly20,3749,2026-07-10,2026-07-20,-0.035775397012711,2026,2026-06-30,learned_vol_interaction,20260911,0.6609416920917698,0.6609416920917698,1,0
rolling5_quarterly20,3754,2026-07-17,2026-07-27,0.01756245533441,2026,2026-06-30,learned_vol_interaction,20260911,0.45062309161997033,0.45062309161997033,0,1
rolling5_quarterly20,3759,2026-07-24,2026-08-03,-0.0202339761556519,2026,2026-06-30,learned_vol_interaction,20260911,0.4696202564183708,0.4696202564183708,0,0
rolling5_quarterly20,3764,2026-07-31,2026-08-10,0.0300318732435738,2026,2026-06-30,learned_vol_interaction,20260911,0.4826652060906683,0.4826652060906683,0,1
rolling5_quarterly20,3769,2026-08-07,2026-08-17,-0.0056482265760339,2026,2026-06-30,learned_vol_interaction,20260911,0.5455132069520042,0.5455132069520042,1,0
rolling5_quarterly20,3774,2026-08-14,2026-08-24,-0.0109860710402629,2026,2026-06-30,learned_vol_interaction,20260911,0.7358530136883186,0.7358530136883186,1,0
rolling5_quarterly20,3779,2026-08-21,2026-08-31,-0.0127592811002066,2026,2026-06-30,learned_vol_interaction,20260911,0.42910766379307197,0.42910766379307197,0,0
rolling5_quarterly20,3744,2026-07-03,2026-07-13,-0.0252847876365399,2026,2026-06-30,learned_order_extension,20260911,0.6162108115049949,0.6162108115049949,1,0
rolling5_quarterly20,3749,2026-07-10,2026-07-20,-0.035775397012711,2026,2026-06-30,learned_order_extension,20260911,0.7405295848755352,0.7405295848755352,1,0
rolling5_quarterly20,3754,2026-07-17,2026-07-27,0.01756245533441,2026,2026-06-30,learned_order_extension,20260911,0.4282339392146849,0.4282339392146849,0,1
rolling5_quarterly20,3759,2026-07-24,2026-08-03,-0.0202339761556519,2026,2026-06-30,learned_order_extension,20260911,0.425637898541763,0.425637898541763,0,0
rolling5_quarterly20,3764,2026-07-31,2026-08-10,0.0300318732435738,2026,2026-06-30,learned_order_extension,20260911,0.44313031199273445,0.44313031199273445,0,1
rolling5_quarterly20,3769,2026-08-07,2026-08-17,-0.0056482265760339,2026,2026-06-30,learned_order_extension,20260911,0.5823966414311446,0.5823966414311446,1,0
rolling5_quarterly20,3774,2026-08-14,2026-08-24,-0.0109860710402629,2026,2026-06-30,learned_order_extension,20260911,0.854583080560117,0.854583080560117,1,0
rolling5_quarterly20,3779,2026-08-21,2026-08-31,-0.0127592811002066,2026,2026-06-30,learned_order_extension,20260911,0.40014135786286503,0.40014135786286503,0,0
rolling5_quarterly20,3744,2026-07-03,2026-07-13,-0.0252847876365399,2026,2026-06-30,learned_order_offset,20260911,0.616944943052108,0.616944943052108,1,0
rolling5_quarterly20,3749,2026-07-10,2026-07-20,-0.035775397012711,2026,2026-06-30,learned_order_offset,20260911,0.7401840121481001,0.7401840121481001,1,0
rolling5_quarterly20,3754,2026-07-17,2026-07-27,0.01756245533441,2026,2026-06-30,learned_order_offset,20260911,0.42859416131529793,0.42859416131529793,0,1
rolling5_quarterly20,3759,2026-07-24,2026-08-03,-0.0202339761556519,2026,2026-06-30,learned_order_offset,20260911,0.42477867482680154,0.42477867482680154,0,0
rolling5_quarterly20,3764,2026-07-31,2026-08-10,0.0300318732435738,2026,2026-06-30,learned_order_offset,20260911,0.4418536944814031,0.4418536944814031,0,1
rolling5_quarterly20,3769,2026-08-07,2026-08-17,-0.0056482265760339,2026,2026-06-30,learned_order_offset,20260911,0.5826070552721219,0.5826070552721219,1,0
rolling5_quarterly20,3774,2026-08-14,2026-08-24,-0.0109860710402629,2026,2026-06-30,learned_order_offset,20260911,0.8545925354601336,0.8545925354601336,1,0
rolling5_quarterly20,3779,2026-08-21,2026-08-31,-0.0127592811002066,2026,2026-06-30,learned_order_offset,20260911,0.4004403234198939,0.4004403234198939,0,0
rolling5_quarterly20,3744,2026-07-03,2026-07-13,-0.0252847876365399,2026,2026-06-30,native_mse,20260911,0.0005907043953067334,,1,0
rolling5_quarterly20,3749,2026-07-10,2026-07-20,-0.035775397012711,2026,2026-06-30,native_mse,20260911,-0.0005204536775110572,,0,0
rolling5_quarterly20,3754,2026-07-17,2026-07-27,0.01756245533441,2026,2026-06-30,native_mse,20260911,-0.005355748262082251,,0,1
rolling5_quarterly20,3759,2026-07-24,2026-08-03,-0.0202339761556519,2026,2026-06-30,native_mse,20260911,-0.001946390709466889,,0,0
rolling5_quarterly20,3764,2026-07-31,2026-08-10,0.0300318732435738,2026,2026-06-30,native_mse,20260911,-0.002854171954910923,,0,1
rolling5_quarterly20,3769,2026-08-07,2026-08-17,-0.0056482265760339,2026,2026-06-30,native_mse,20260911,-0.002186301482136344,,0,0
rolling5_quarterly20,3774,2026-08-14,2026-08-24,-0.0109860710402629,2026,2026-06-30,native_mse,20260911,0.0035734334875951327,,1,0
rolling5_quarterly20,3779,2026-08-21,2026-08-31,-0.0127592811002066,2026,2026-06-30,native_mse,20260911,-0.002245037852201042,,0,0
rolling5_quarterly20,3744,2026-07-03,2026-07-13,-0.0252847876365399,2026,2026-06-30,learned_market,20260912,0.637060209064655,0.637060209064655,1,0
rolling5_quarterly20,3749,2026-07-10,2026-07-20,-0.035775397012711,2026,2026-06-30,learned_market,20260912,0.5607876183489375,0.5607876183489375,1,0
rolling5_quarterly20,3754,2026-07-17,2026-07-27,0.01756245533441,2026,2026-06-30,learned_market,20260912,0.6222610275314263,0.6222610275314263,1,1
rolling5_quarterly20,3759,2026-07-24,2026-08-03,-0.0202339761556519,2026,2026-06-30,learned_market,20260912,0.592536968649949,0.592536968649949,1,0
rolling5_quarterly20,3764,2026-07-31,2026-08-10,0.0300318732435738,2026,2026-06-30,learned_market,20260912,0.5183052714501355,0.5183052714501355,1,1
rolling5_quarterly20,3769,2026-08-07,2026-08-17,-0.0056482265760339,2026,2026-06-30,learned_market,20260912,0.5479131198097198,0.5479131198097198,1,0
rolling5_quarterly20,3774,2026-08-14,2026-08-24,-0.0109860710402629,2026,2026-06-30,learned_market,20260912,0.5154238153551274,0.5154238153551274,1,0
rolling5_quarterly20,3779,2026-08-21,2026-08-31,-0.0127592811002066,2026,2026-06-30,learned_market,20260912,0.45278874545653186,0.45278874545653186,0,0
rolling5_quarterly20,3744,2026-07-03,2026-07-13,-0.0252847876365399,2026,2026-06-30,learned_vol_interaction,20260912,0.6250542236318799,0.6250542236318799,1,0
rolling5_quarterly20,3749,2026-07-10,2026-07-20,-0.035775397012711,2026,2026-06-30,learned_vol_interaction,20260912,0.5569596205895193,0.5569596205895193,1,0
rolling5_quarterly20,3754,2026-07-17,2026-07-27,0.01756245533441,2026,2026-06-30,learned_vol_interaction,20260912,0.6098327319881705,0.6098327319881705,1,1
rolling5_quarterly20,3759,2026-07-24,2026-08-03,-0.0202339761556519,2026,2026-06-30,learned_vol_interaction,20260912,0.5839355431564375,0.5839355431564375,1,0
rolling5_quarterly20,3764,2026-07-31,2026-08-10,0.0300318732435738,2026,2026-06-30,learned_vol_interaction,20260912,0.5186468728328596,0.5186468728328596,1,1
rolling5_quarterly20,3769,2026-08-07,2026-08-17,-0.0056482265760339,2026,2026-06-30,learned_vol_interaction,20260912,0.543166109737037,0.543166109737037,1,0
rolling5_quarterly20,3774,2026-08-14,2026-08-24,-0.0109860710402629,2026,2026-06-30,learned_vol_interaction,20260912,0.5099695055623356,0.5099695055623356,1,0
rolling5_quarterly20,3779,2026-08-21,2026-08-31,-0.0127592811002066,2026,2026-06-30,learned_vol_interaction,20260912,0.44995384562107177,0.44995384562107177,0,0
rolling5_quarterly20,3744,2026-07-03,2026-07-13,-0.0252847876365399,2026,2026-06-30,learned_order_extension,20260912,0.654045262583854,0.654045262583854,1,0
rolling5_quarterly20,3749,2026-07-10,2026-07-20,-0.035775397012711,2026,2026-06-30,learned_order_extension,20260912,0.5525045692850709,0.5525045692850709,1,0
rolling5_quarterly20,3754,2026-07-17,2026-07-27,0.01756245533441,2026,2026-06-30,learned_order_extension,20260912,0.6348288582036042,0.6348288582036042,1,1
rolling5_quarterly20,3759,2026-07-24,2026-08-03,-0.0202339761556519,2026,2026-06-30,learned_order_extension,20260912,0.5982040070811668,0.5982040070811668,1,0
rolling5_quarterly20,3764,2026-07-31,2026-08-10,0.0300318732435738,2026,2026-06-30,learned_order_extension,20260912,0.49652550001057916,0.49652550001057916,0,1
rolling5_quarterly20,3769,2026-08-07,2026-08-17,-0.0056482265760339,2026,2026-06-30,learned_order_extension,20260912,0.554390777891988,0.554390777891988,1,0
rolling5_quarterly20,3774,2026-08-14,2026-08-24,-0.0109860710402629,2026,2026-06-30,learned_order_extension,20260912,0.5130077717410805,0.5130077717410805,1,0
rolling5_quarterly20,3779,2026-08-21,2026-08-31,-0.0127592811002066,2026,2026-06-30,learned_order_extension,20260912,0.41651467058468866,0.41651467058468866,0,0
rolling5_quarterly20,3744,2026-07-03,2026-07-13,-0.0252847876365399,2026,2026-06-30,learned_order_offset,20260912,0.6548202500600654,0.6548202500600654,1,0
rolling5_quarterly20,3749,2026-07-10,2026-07-20,-0.035775397012711,2026,2026-06-30,learned_order_offset,20260912,0.5550903011603351,0.5550903011603351,1,0
rolling5_quarterly20,3754,2026-07-17,2026-07-27,0.01756245533441,2026,2026-06-30,learned_order_offset,20260912,0.6366131879842456,0.6366131879842456,1,1
rolling5_quarterly20,3759,2026-07-24,2026-08-03,-0.0202339761556519,2026,2026-06-30,learned_order_offset,20260912,0.5994701385896818,0.5994701385896818,1,0
rolling5_quarterly20,3764,2026-07-31,2026-08-10,0.0300318732435738,2026,2026-06-30,learned_order_offset,20260912,0.4998223061528287,0.4998223061528287,0,1
rolling5_quarterly20,3769,2026-08-07,2026-08-17,-0.0056482265760339,2026,2026-06-30,learned_order_offset,20260912,0.557036122437049,0.557036122437049,1,0
rolling5_quarterly20,3774,2026-08-14,2026-08-24,-0.0109860710402629,2026,2026-06-30,learned_order_offset,20260912,0.5147880462959863,0.5147880462959863,1,0
rolling5_quarterly20,3779,2026-08-21,2026-08-31,-0.0127592811002066,2026,2026-06-30,learned_order_offset,20260912,0.418658058356415,0.418658058356415,0,0
rolling5_quarterly20,3744,2026-07-03,2026-07-13,-0.0252847876365399,2026,2026-06-30,native_mse,20260912,-0.0003121150296072248,,0,0
rolling5_quarterly20,3749,2026-07-10,2026-07-20,-0.035775397012711,2026,2026-06-30,native_mse,20260912,-0.00031131443407068183,,0,0
rolling5_quarterly20,3754,2026-07-17,2026-07-27,0.01756245533441,2026,2026-06-30,native_mse,20260912,-0.00029810307304587016,,0,1
rolling5_quarterly20,3759,2026-07-24,2026-08-03,-0.0202339761556519,2026,2026-06-30,native_mse,20260912,-0.0003392124537842759,,0,0
rolling5_quarterly20,3764,2026-07-31,2026-08-10,0.0300318732435738,2026,2026-06-30,native_mse,20260912,-0.0003997919899038482,,0,1
rolling5_quarterly20,3769,2026-08-07,2026-08-17,-0.0056482265760339,2026,2026-06-30,native_mse,20260912,-0.00041460192551202787,,0,0
rolling5_quarterly20,3774,2026-08-14,2026-08-24,-0.0109860710402629,2026,2026-06-30,native_mse,20260912,-0.0003728942743362206,,0,0
rolling5_quarterly20,3779,2026-08-21,2026-08-31,-0.0127592811002066,2026,2026-06-30,native_mse,20260912,-0.00022138618564031433,,0,0
state90,2418,2021-01-08,2021-01-18,-0.0120052904669853,2021,2020-12-31,learned_market,20260910,0.5528369602637446,0.5528369602637446,1,0
state90,2423,2021-01-15,2021-01-25,0.0231622460538123,2021,2020-12-31,learned_market,20260910,0.49674166213102977,0.49674166213102977,0,1
state90,2428,2021-01-22,2021-02-01,-0.0372511735907923,2021,2020-12-31,learned_market,20260910,0.3933637003220593,0.3933637003220593,0,0
state90,2433,2021-01-29,2021-02-08,0.0278689901714626,2021,2020-12-31,learned_market,20260910,0.4313547922375263,0.4313547922375263,0,1
state90,2438,2021-02-05,2021-02-22,0.0507379035040882,2021,2020-12-31,learned_market,20260910,0.40357928349119826,0.40357928349119826,0,1
state90,2443,2021-02-19,2021-03-01,-0.0684918010685315,2021,2020-12-31,learned_market,20260910,0.49513830982070434,0.49513830982070434,0,0
state90,2448,2021-02-26,2021-03-08,-0.0165997123904068,2021,2020-12-31,learned_market,20260910,0.43315180971386896,0.43315180971386896,0,0
state90,2453,2021-03-05,2021-03-15,-0.0346560901469681,2021,2020-12-31,learned_market,20260910,0.40131415281599914,0.40131415281599914,0,0
state90,2458,2021-03-12,2021-03-22,-0.0210550182560221,2021,2020-12-31,learned_market,20260910,0.47295990993929365,0.47295990993929365,0,0
state90,2463,2021-03-19,2021-03-29,0.0087572877565691,2021,2020-12-31,learned_market,20260910,0.6783048076904669,0.6783048076904669,1,1
state90,2468,2021-03-26,2021-04-06,0.0250145479448802,2021,2020-12-31,learned_market,20260910,0.6020041018019381,0.6020041018019381,1,1
state90,2473,2021-04-02,2021-04-12,-0.0292856811827044,2021,2020-12-31,learned_market,20260910,0.5183679897795258,0.5183679897795258,1,0
state90,2477,2021-04-09,2021-04-19,-0.0120489836840408,2021,2020-12-31,learned_market,20260910,0.6850249402938339,0.6850249402938339,1,0
state90,2482,2021-04-16,2021-04-26,0.0382932540809155,2021,2020-12-31,learned_market,20260910,0.609924220475271,0.609924220475271,1,1
state90,2487,2021-04-23,2021-05-06,-0.0112070185917437,2021,2020-12-31,learned_market,20260910,0.6788658728472401,0.6788658728472401,1,0
state90,2492,2021-04-30,2021-05-12,-0.0190946889464188,2021,2020-12-31,learned_market,20260910,0.6869387015648898,0.6869387015648898,1,0
state90,2494,2021-05-07,2021-05-17,0.0227674429764228,2021,2020-12-31,learned_market,20260910,0.707143295820497,0.707143295820497,1,1
state90,2499,2021-05-14,2021-05-24,0.0045940519733895,2021,2020-12-31,learned_market,20260910,0.6297830216175037,0.6297830216175037,1,1
state90,2504,2021-05-21,2021-05-31,0.0348855085126711,2021,2020-12-31,learned_market,20260910,0.6135561076345685,0.6135561076345685,1,1
state90,2509,2021-05-28,2021-06-07,-0.0062409741861724,2021,2020-12-31,learned_market,20260910,0.5954545940650008,0.5954545940650008,1,0
state90,2514,2021-06-04,2021-06-15,-0.0125508761771767,2021,2020-12-31,learned_market,20260910,0.5021950734156202,0.5021950734156202,1,0
state90,2519,2021-06-11,2021-06-21,-0.0250011497424577,2021,2020-12-31,learned_market,20260910,0.35343278398049977,0.35343278398049977,0,0
state90,2523,2021-06-18,2021-06-28,0.0325308711127356,2021,2020-12-31,learned_market,20260910,0.3221586033468014,0.3221586033468014,0,1
state90,2528,2021-06-25,2021-07-05,-0.0342297962734196,2021,2020-12-31,learned_market,20260910,0.4336393441432385,0.4336393441432385,0,0
state90,2533,2021-07-02,2021-07-12,0.0068193733271841,2021,2020-12-31,learned_market,20260910,0.3704733615248586,0.3704733615248586,0,1
state90,2538,2021-07-09,2021-07-19,-0.0048254045313779,2021,2020-12-31,learned_market,20260910,0.38743639841929484,0.38743639841929484,0,0
state90,2543,2021-07-16,2021-07-26,-0.0032299118953994,2021,2020-12-31,learned_market,20260910,0.3392496570286791,0.3392496570286791,0,0
state90,2548,2021-07-23,2021-08-02,-0.0537740931579083,2021,2020-12-31,learned_market,20260910,0.4242757327433418,0.4242757327433418,0,0
state90,2553,2021-07-30,2021-08-09,0.019904813945049,2021,2020-12-31,learned_market,20260910,0.44622832370349025,0.44622832370349025,0,1
state90,2558,2021-08-06,2021-08-16,0.0093369268709639,2021,2020-12-31,learned_market,20260910,0.40768230665718896,0.40768230665718896,0,1
state90,2563,2021-08-13,2021-08-23,-0.032048736608373,2021,2020-12-31,learned_market,20260910,0.4025918663246775,0.4025918663246775,0,0
state90,2568,2021-08-20,2021-08-30,0.0145047962107527,2021,2020-12-31,learned_market,20260910,0.5581931205458567,0.5581931205458567,1,1
state90,2573,2021-08-27,2021-09-06,-0.0012316820816045,2021,2020-12-31,learned_market,20260910,0.5652685808405962,0.5652685808405962,1,0
state90,2578,2021-09-03,2021-09-13,0.0342301066295398,2021,2020-12-31,learned_market,20260910,0.7414364016645572,0.7414364016645572,1,1
state90,2583,2021-09-10,2021-09-22,-0.0471441667981554,2021,2020-12-31,learned_market,20260910,0.7365374093158319,0.7365374093158319,1,0
state90,2588,2021-09-17,2021-09-28,0.0209863060789441,2021,2020-12-31,learned_market,20260910,0.7129908769856873,0.7129908769856873,1,1
state90,2591,2021-09-24,2021-10-11,0.0144615416200457,2021,2020-12-31,learned_market,20260910,0.7494998617287155,0.7494998617287155,1,1
state90,2596,2021-10-08,2021-10-18,-0.0038006269617851,2021,2020-12-31,learned_market,20260910,0.7103284017268151,0.7103284017268151,1,0
state90,2601,2021-10-15,2021-10-25,0.0037358989621147,2021,2020-12-31,learned_market,20260910,0.7054426847772952,0.7054426847772952,1,1
state90,2606,2021-10-22,2021-11-01,-0.0127041632091318,2021,2020-12-31,learned_market,20260910,0.561668990030631,0.561668990030631,1,0
state90,2611,2021-10-29,2021-11-08,-0.0075807737801166,2021,2020-12-31,learned_market,20260910,0.5778524508006477,0.5778524508006477,1,0
state90,2616,2021-11-05,2021-11-15,0.0110015182343039,2021,2020-12-31,learned_market,20260910,0.6566176820686879,0.6566176820686879,1,1
state90,2621,2021-11-12,2021-11-22,0.0002002284238551,2021,2020-12-31,learned_market,20260910,0.7459419474434704,0.7459419474434704,1,1
state90,2626,2021-11-19,2021-11-29,-0.0153981603100059,2021,2020-12-31,learned_market,20260910,0.7859013728177604,0.7859013728177604,1,0
state90,2631,2021-11-26,2021-12-06,0.0185518287306458,2021,2020-12-31,learned_market,20260910,0.679954560670936,0.679954560670936,1,1
state90,2636,2021-12-03,2021-12-13,0.0367843110096284,2021,2020-12-31,learned_market,20260910,0.6823399841098169,0.6823399841098169,1,1
state90,2641,2021-12-10,2021-12-20,-0.0304615698955996,2021,2020-12-31,learned_market,20260910,0.6068383170365979,0.6068383170365979,1,0
state90,2646,2021-12-17,2021-12-27,-0.0034083287233763,2021,2020-12-31,learned_market,20260910,0.7177286585161153,0.7177286585161153,1,0
state90,2651,2021-12-24,2022-01-04,0.0080985736506613,2021,2020-12-31,learned_market,20260910,0.7527245234710195,0.7527245234710195,1,1
state90,2656,2021-12-31,2022-01-10,-0.0293970528320001,2021,2020-12-31,learned_market,20260910,0.7407762805267725,0.7407762805267725,1,0
state90,2418,2021-01-08,2021-01-18,-0.0120052904669853,2021,2020-12-31,learned_vol_interaction,20260910,0.5286701081389081,0.5286701081389081,1,0
state90,2423,2021-01-15,2021-01-25,0.0231622460538123,2021,2020-12-31,learned_vol_interaction,20260910,0.47178291125549215,0.47178291125549215,0,1
state90,2428,2021-01-22,2021-02-01,-0.0372511735907923,2021,2020-12-31,learned_vol_interaction,20260910,0.3671123538576221,0.3671123538576221,0,0
state90,2433,2021-01-29,2021-02-08,0.0278689901714626,2021,2020-12-31,learned_vol_interaction,20260910,0.434482531700876,0.434482531700876,0,1
state90,2438,2021-02-05,2021-02-22,0.0507379035040882,2021,2020-12-31,learned_vol_interaction,20260910,0.42570726310777396,0.42570726310777396,0,1
state90,2443,2021-02-19,2021-03-01,-0.0684918010685315,2021,2020-12-31,learned_vol_interaction,20260910,0.4791771552633417,0.4791771552633417,0,0
state90,2448,2021-02-26,2021-03-08,-0.0165997123904068,2021,2020-12-31,learned_vol_interaction,20260910,0.4783928105694597,0.4783928105694597,0,0
state90,2453,2021-03-05,2021-03-15,-0.0346560901469681,2021,2020-12-31,learned_vol_interaction,20260910,0.4610266286466043,0.4610266286466043,0,0
state90,2458,2021-03-12,2021-03-22,-0.0210550182560221,2021,2020-12-31,learned_vol_interaction,20260910,0.48103471562569133,0.48103471562569133,0,0
state90,2463,2021-03-19,2021-03-29,0.0087572877565691,2021,2020-12-31,learned_vol_interaction,20260910,0.5872740166666267,0.5872740166666267,1,1
state90,2468,2021-03-26,2021-04-06,0.0250145479448802,2021,2020-12-31,learned_vol_interaction,20260910,0.5791980511717043,0.5791980511717043,1,1
state90,2473,2021-04-02,2021-04-12,-0.0292856811827044,2021,2020-12-31,learned_vol_interaction,20260910,0.5665920928801257,0.5665920928801257,1,0
state90,2477,2021-04-09,2021-04-19,-0.0120489836840408,2021,2020-12-31,learned_vol_interaction,20260910,0.7108940398772539,0.7108940398772539,1,0
state90,2482,2021-04-16,2021-04-26,0.0382932540809155,2021,2020-12-31,learned_vol_interaction,20260910,0.6177612563202494,0.6177612563202494,1,1
state90,2487,2021-04-23,2021-05-06,-0.0112070185917437,2021,2020-12-31,learned_vol_interaction,20260910,0.7142122563040804,0.7142122563040804,1,0
state90,2492,2021-04-30,2021-05-12,-0.0190946889464188,2021,2020-12-31,learned_vol_interaction,20260910,0.6941591991721776,0.6941591991721776,1,0
state90,2494,2021-05-07,2021-05-17,0.0227674429764228,2021,2020-12-31,learned_vol_interaction,20260910,0.7158017585661451,0.7158017585661451,1,1
state90,2499,2021-05-14,2021-05-24,0.0045940519733895,2021,2020-12-31,learned_vol_interaction,20260910,0.6694091341375065,0.6694091341375065,1,1
state90,2504,2021-05-21,2021-05-31,0.0348855085126711,2021,2020-12-31,learned_vol_interaction,20260910,0.636918321286237,0.636918321286237,1,1
state90,2509,2021-05-28,2021-06-07,-0.0062409741861724,2021,2020-12-31,learned_vol_interaction,20260910,0.5964746009268665,0.5964746009268665,1,0
state90,2514,2021-06-04,2021-06-15,-0.0125508761771767,2021,2020-12-31,learned_vol_interaction,20260910,0.4714551199386704,0.4714551199386704,0,0
state90,2519,2021-06-11,2021-06-21,-0.0250011497424577,2021,2020-12-31,learned_vol_interaction,20260910,0.2976695737938547,0.2976695737938547,0,0
state90,2523,2021-06-18,2021-06-28,0.0325308711127356,2021,2020-12-31,learned_vol_interaction,20260910,0.2852455047514334,0.2852455047514334,0,1
state90,2528,2021-06-25,2021-07-05,-0.0342297962734196,2021,2020-12-31,learned_vol_interaction,20260910,0.36967907658300214,0.36967907658300214,0,0
state90,2533,2021-07-02,2021-07-12,0.0068193733271841,2021,2020-12-31,learned_vol_interaction,20260910,0.33854643902626746,0.33854643902626746,0,1
state90,2538,2021-07-09,2021-07-19,-0.0048254045313779,2021,2020-12-31,learned_vol_interaction,20260910,0.33440628192539174,0.33440628192539174,0,0
state90,2543,2021-07-16,2021-07-26,-0.0032299118953994,2021,2020-12-31,learned_vol_interaction,20260910,0.2983054237457592,0.2983054237457592,0,0
state90,2548,2021-07-23,2021-08-02,-0.0537740931579083,2021,2020-12-31,learned_vol_interaction,20260910,0.3973707608981436,0.3973707608981436,0,0
state90,2553,2021-07-30,2021-08-09,0.019904813945049,2021,2020-12-31,learned_vol_interaction,20260910,0.45645753128071037,0.45645753128071037,0,1
state90,2558,2021-08-06,2021-08-16,0.0093369268709639,2021,2020-12-31,learned_vol_interaction,20260910,0.4414614197613605,0.4414614197613605,0,1
state90,2563,2021-08-13,2021-08-23,-0.032048736608373,2021,2020-12-31,learned_vol_interaction,20260910,0.454673473148584,0.454673473148584,0,0
state90,2568,2021-08-20,2021-08-30,0.0145047962107527,2021,2020-12-31,learned_vol_interaction,20260910,0.5753590432785457,0.5753590432785457,1,1
state90,2573,2021-08-27,2021-09-06,-0.0012316820816045,2021,2020-12-31,learned_vol_interaction,20260910,0.5964802029549509,0.5964802029549509,1,0
state90,2578,2021-09-03,2021-09-13,0.0342301066295398,2021,2020-12-31,learned_vol_interaction,20260910,0.7511535519201762,0.7511535519201762,1,1
state90,2583,2021-09-10,2021-09-22,-0.0471441667981554,2021,2020-12-31,learned_vol_interaction,20260910,0.7354885736856006,0.7354885736856006,1,0
state90,2588,2021-09-17,2021-09-28,0.0209863060789441,2021,2020-12-31,learned_vol_interaction,20260910,0.742822186176108,0.742822186176108,1,1
state90,2591,2021-09-24,2021-10-11,0.0144615416200457,2021,2020-12-31,learned_vol_interaction,20260910,0.7830893595033332,0.7830893595033332,1,1
state90,2596,2021-10-08,2021-10-18,-0.0038006269617851,2021,2020-12-31,learned_vol_interaction,20260910,0.7389350198038485,0.7389350198038485,1,0
state90,2601,2021-10-15,2021-10-25,0.0037358989621147,2021,2020-12-31,learned_vol_interaction,20260910,0.7518254704320237,0.7518254704320237,1,1
state90,2606,2021-10-22,2021-11-01,-0.0127041632091318,2021,2020-12-31,learned_vol_interaction,20260910,0.5667069692887503,0.5667069692887503,1,0
state90,2611,2021-10-29,2021-11-08,-0.0075807737801166,2021,2020-12-31,learned_vol_interaction,20260910,0.5978906470541093,0.5978906470541093,1,0
state90,2616,2021-11-05,2021-11-15,0.0110015182343039,2021,2020-12-31,learned_vol_interaction,20260910,0.7049509607400938,0.7049509607400938,1,1
state90,2621,2021-11-12,2021-11-22,0.0002002284238551,2021,2020-12-31,learned_vol_interaction,20260910,0.7921347100152616,0.7921347100152616,1,1
state90,2626,2021-11-19,2021-11-29,-0.0153981603100059,2021,2020-12-31,learned_vol_interaction,20260910,0.8444124098063084,0.8444124098063084,1,0
state90,2631,2021-11-26,2021-12-06,0.0185518287306458,2021,2020-12-31,learned_vol_interaction,20260910,0.7462862952782527,0.7462862952782527,1,1
state90,2636,2021-12-03,2021-12-13,0.0367843110096284,2021,2020-12-31,learned_vol_interaction,20260910,0.7334407137174276,0.7334407137174276,1,1
state90,2641,2021-12-10,2021-12-20,-0.0304615698955996,2021,2020-12-31,learned_vol_interaction,20260910,0.6381604092645059,0.6381604092645059,1,0
state90,2646,2021-12-17,2021-12-27,-0.0034083287233763,2021,2020-12-31,learned_vol_interaction,20260910,0.7623862004352224,0.7623862004352224,1,0
state90,2651,2021-12-24,2022-01-04,0.0080985736506613,2021,2020-12-31,learned_vol_interaction,20260910,0.801892985798022,0.801892985798022,1,1
state90,2656,2021-12-31,2022-01-10,-0.0293970528320001,2021,2020-12-31,learned_vol_interaction,20260910,0.7781175029999812,0.7781175029999812,1,0
state90,2418,2021-01-08,2021-01-18,-0.0120052904669853,2021,2020-12-31,learned_order_extension,20260910,0.5330538496767134,0.5330538496767134,1,0
state90,2423,2021-01-15,2021-01-25,0.0231622460538123,2021,2020-12-31,learned_order_extension,20260910,0.479592338912861,0.479592338912861,0,1
state90,2428,2021-01-22,2021-02-01,-0.0372511735907923,2021,2020-12-31,learned_order_extension,20260910,0.3707727762571325,0.3707727762571325,0,0
state90,2433,2021-01-29,2021-02-08,0.0278689901714626,2021,2020-12-31,learned_order_extension,20260910,0.43176970986504826,0.43176970986504826,0,1
state90,2438,2021-02-05,2021-02-22,0.0507379035040882,2021,2020-12-31,learned_order_extension,20260910,0.41923333650784145,0.41923333650784145,0,1
state90,2443,2021-02-19,2021-03-01,-0.0684918010685315,2021,2020-12-31,learned_order_extension,20260910,0.47927687031403743,0.47927687031403743,0,0
state90,2448,2021-02-26,2021-03-08,-0.0165997123904068,2021,2020-12-31,learned_order_extension,20260910,0.4709068161644563,0.4709068161644563,0,0
state90,2453,2021-03-05,2021-03-15,-0.0346560901469681,2021,2020-12-31,learned_order_extension,20260910,0.45619563032762256,0.45619563032762256,0,0
state90,2458,2021-03-12,2021-03-22,-0.0210550182560221,2021,2020-12-31,learned_order_extension,20260910,0.47999849102949665,0.47999849102949665,0,0
state90,2463,2021-03-19,2021-03-29,0.0087572877565691,2021,2020-12-31,learned_order_extension,20260910,0.5898698686538169,0.5898698686538169,1,1
state90,2468,2021-03-26,2021-04-06,0.0250145479448802,2021,2020-12-31,learned_order_extension,20260910,0.5737573684172776,0.5737573684172776,1,1
state90,2473,2021-04-02,2021-04-12,-0.0292856811827044,2021,2020-12-31,learned_order_extension,20260910,0.5606987442866249,0.5606987442866249,1,0
state90,2477,2021-04-09,2021-04-19,-0.0120489836840408,2021,2020-12-31,learned_order_extension,20260910,0.7182274336525071,0.7182274336525071,1,0
state90,2482,2021-04-16,2021-04-26,0.0382932540809155,2021,2020-12-31,learned_order_extension,20260910,0.6304814445875302,0.6304814445875302,1,1
state90,2487,2021-04-23,2021-05-06,-0.0112070185917437,2021,2020-12-31,learned_order_extension,20260910,0.7209122130262224,0.7209122130262224,1,0
state90,2492,2021-04-30,2021-05-12,-0.0190946889464188,2021,2020-12-31,learned_order_extension,20260910,0.7079591515466482,0.7079591515466482,1,0
state90,2494,2021-05-07,2021-05-17,0.0227674429764228,2021,2020-12-31,learned_order_extension,20260910,0.7249150404118895,0.7249150404118895,1,1
state90,2499,2021-05-14,2021-05-24,0.0045940519733895,2021,2020-12-31,learned_order_extension,20260910,0.6698431717025706,0.6698431717025706,1,1
state90,2504,2021-05-21,2021-05-31,0.0348855085126711,2021,2020-12-31,learned_order_extension,20260910,0.637226950963881,0.637226950963881,1,1
state90,2509,2021-05-28,2021-06-07,-0.0062409741861724,2021,2020-12-31,learned_order_extension,20260910,0.5886282988716269,0.5886282988716269,1,0
state90,2514,2021-06-04,2021-06-15,-0.0125508761771767,2021,2020-12-31,learned_order_extension,20260910,0.45708512700896387,0.45708512700896387,0,0
state90,2519,2021-06-11,2021-06-21,-0.0250011497424577,2021,2020-12-31,learned_order_extension,20260910,0.2698925230706461,0.2698925230706461,0,0
state90,2523,2021-06-18,2021-06-28,0.0325308711127356,2021,2020-12-31,learned_order_extension,20260910,0.2635709565277681,0.2635709565277681,0,1
state90,2528,2021-06-25,2021-07-05,-0.0342297962734196,2021,2020-12-31,learned_order_extension,20260910,0.3555705506909634,0.3555705506909634,0,0
state90,2533,2021-07-02,2021-07-12,0.0068193733271841,2021,2020-12-31,learned_order_extension,20260910,0.3215356208455046,0.3215356208455046,0,1
state90,2538,2021-07-09,2021-07-19,-0.0048254045313779,2021,2020-12-31,learned_order_extension,20260910,0.30960513014389496,0.30960513014389496,0,0
state90,2543,2021-07-16,2021-07-26,-0.0032299118953994,2021,2020-12-31,learned_order_extension,20260910,0.26346674807178416,0.26346674807178416,0,0
state90,2548,2021-07-23,2021-08-02,-0.0537740931579083,2021,2020-12-31,learned_order_extension,20260910,0.37768275856106887,0.37768275856106887,0,0
state90,2553,2021-07-30,2021-08-09,0.019904813945049,2021,2020-12-31,learned_order_extension,20260910,0.4428695355453456,0.4428695355453456,0,1
state90,2558,2021-08-06,2021-08-16,0.0093369268709639,2021,2020-12-31,learned_order_extension,20260910,0.4229515556966854,0.4229515556966854,0,1
state90,2563,2021-08-13,2021-08-23,-0.032048736608373,2021,2020-12-31,learned_order_extension,20260910,0.4456618802062691,0.4456618802062691,0,0
state90,2568,2021-08-20,2021-08-30,0.0145047962107527,2021,2020-12-31,learned_order_extension,20260910,0.5729448112364248,0.5729448112364248,1,1
state90,2573,2021-08-27,2021-09-06,-0.0012316820816045,2021,2020-12-31,learned_order_extension,20260910,0.5932306473216634,0.5932306473216634,1,0
state90,2578,2021-09-03,2021-09-13,0.0342301066295398,2021,2020-12-31,learned_order_extension,20260910,0.7530250371326861,0.7530250371326861,1,1
state90,2583,2021-09-10,2021-09-22,-0.0471441667981554,2021,2020-12-31,learned_order_extension,20260910,0.7486737724952331,0.7486737724952331,1,0
state90,2588,2021-09-17,2021-09-28,0.0209863060789441,2021,2020-12-31,learned_order_extension,20260910,0.7583098115704442,0.7583098115704442,1,1
state90,2591,2021-09-24,2021-10-11,0.0144615416200457,2021,2020-12-31,learned_order_extension,20260910,0.8103635906047445,0.8103635906047445,1,1
state90,2596,2021-10-08,2021-10-18,-0.0038006269617851,2021,2020-12-31,learned_order_extension,20260910,0.7561808318033095,0.7561808318033095,1,0
state90,2601,2021-10-15,2021-10-25,0.0037358989621147,2021,2020-12-31,learned_order_extension,20260910,0.7694557887920218,0.7694557887920218,1,1
state90,2606,2021-10-22,2021-11-01,-0.0127041632091318,2021,2020-12-31,learned_order_extension,20260910,0.5615338980352494,0.5615338980352494,1,0
state90,2611,2021-10-29,2021-11-08,-0.0075807737801166,2021,2020-12-31,learned_order_extension,20260910,0.6036504395848563,0.6036504395848563,1,0
state90,2616,2021-11-05,2021-11-15,0.0110015182343039,2021,2020-12-31,learned_order_extension,20260910,0.7240099906328699,0.7240099906328699,1,1
state90,2621,2021-11-12,2021-11-22,0.0002002284238551,2021,2020-12-31,learned_order_extension,20260910,0.8323347557675079,0.8323347557675079,1,1
state90,2626,2021-11-19,2021-11-29,-0.0153981603100059,2021,2020-12-31,learned_order_extension,20260910,0.8873632409726487,0.8873632409726487,1,0
state90,2631,2021-11-26,2021-12-06,0.0185518287306458,2021,2020-12-31,learned_order_extension,20260910,0.7750880996921731,0.7750880996921731,1,1
state90,2636,2021-12-03,2021-12-13,0.0367843110096284,2021,2020-12-31,learned_order_extension,20260910,0.7534897898811092,0.7534897898811092,1,1
state90,2641,2021-12-10,2021-12-20,-0.0304615698955996,2021,2020-12-31,learned_order_extension,20260910,0.6528475687663766,0.6528475687663766,1,0
state90,2646,2021-12-17,2021-12-27,-0.0034083287233763,2021,2020-12-31,learned_order_extension,20260910,0.799691742557479,0.799691742557479,1,0
state90,2651,2021-12-24,2022-01-04,0.0080985736506613,2021,2020-12-31,learned_order_extension,20260910,0.8273154011733129,0.8273154011733129,1,1
state90,2656,2021-12-31,2022-01-10,-0.0293970528320001,2021,2020-12-31,learned_order_extension,20260910,0.8069727850322581,0.8069727850322581,1,0
state90,2418,2021-01-08,2021-01-18,-0.0120052904669853,2021,2020-12-31,learned_order_offset,20260910,0.5336151486659025,0.5336151486659025,1,0
state90,2423,2021-01-15,2021-01-25,0.0231622460538123,2021,2020-12-31,learned_order_offset,20260910,0.48002913839274924,0.48002913839274924,0,1
state90,2428,2021-01-22,2021-02-01,-0.0372511735907923,2021,2020-12-31,learned_order_offset,20260910,0.37113237990157133,0.37113237990157133,0,0
state90,2433,2021-01-29,2021-02-08,0.0278689901714626,2021,2020-12-31,learned_order_offset,20260910,0.43182028534515077,0.43182028534515077,0,1
state90,2438,2021-02-05,2021-02-22,0.0507379035040882,2021,2020-12-31,learned_order_offset,20260910,0.4191495029175148,0.4191495029175148,0,1
state90,2443,2021-02-19,2021-03-01,-0.0684918010685315,2021,2020-12-31,learned_order_offset,20260910,0.479618495019198,0.479618495019198,0,0
state90,2448,2021-02-26,2021-03-08,-0.0165997123904068,2021,2020-12-31,learned_order_offset,20260910,0.47073396029682846,0.47073396029682846,0,0
state90,2453,2021-03-05,2021-03-15,-0.0346560901469681,2021,2020-12-31,learned_order_offset,20260910,0.4561872166710552,0.4561872166710552,0,0
state90,2458,2021-03-12,2021-03-22,-0.0210550182560221,2021,2020-12-31,learned_order_offset,20260910,0.48027551652013106,0.48027551652013106,0,0
state90,2463,2021-03-19,2021-03-29,0.0087572877565691,2021,2020-12-31,learned_order_offset,20260910,0.5905225656238325,0.5905225656238325,1,1
state90,2468,2021-03-26,2021-04-06,0.0250145479448802,2021,2020-12-31,learned_order_offset,20260910,0.5737282476957762,0.5737282476957762,1,1
state90,2473,2021-04-02,2021-04-12,-0.0292856811827044,2021,2020-12-31,learned_order_offset,20260910,0.5601705309594638,0.5601705309594638,1,0
state90,2477,2021-04-09,2021-04-19,-0.0120489836840408,2021,2020-12-31,learned_order_offset,20260910,0.7179682807976931,0.7179682807976931,1,0
state90,2482,2021-04-16,2021-04-26,0.0382932540809155,2021,2020-12-31,learned_order_offset,20260910,0.6306810809758883,0.6306810809758883,1,1
state90,2487,2021-04-23,2021-05-06,-0.0112070185917437,2021,2020-12-31,learned_order_offset,20260910,0.7206078147510746,0.7206078147510746,1,0
state90,2492,2021-04-30,2021-05-12,-0.0190946889464188,2021,2020-12-31,learned_order_offset,20260910,0.7081889914509276,0.7081889914509276,1,0
state90,2494,2021-05-07,2021-05-17,0.0227674429764228,2021,2020-12-31,learned_order_offset,20260910,0.7251521525843039,0.7251521525843039,1,1
state90,2499,2021-05-14,2021-05-24,0.0045940519733895,2021,2020-12-31,learned_order_offset,20260910,0.6694154575019221,0.6694154575019221,1,1
state90,2504,2021-05-21,2021-05-31,0.0348855085126711,2021,2020-12-31,learned_order_offset,20260910,0.6371708245860618,0.6371708245860618,1,1
state90,2509,2021-05-28,2021-06-07,-0.0062409741861724,2021,2020-12-31,learned_order_offset,20260910,0.5888200734182478,0.5888200734182478,1,0
state90,2514,2021-06-04,2021-06-15,-0.0125508761771767,2021,2020-12-31,learned_order_offset,20260910,0.45742240834197484,0.45742240834197484,0,0
state90,2519,2021-06-11,2021-06-21,-0.0250011497424577,2021,2020-12-31,learned_order_offset,20260910,0.2701660447902878,0.2701660447902878,0,0
state90,2523,2021-06-18,2021-06-28,0.0325308711127356,2021,2020-12-31,learned_order_offset,20260910,0.2637900504073793,0.2637900504073793,0,1
state90,2528,2021-06-25,2021-07-05,-0.0342297962734196,2021,2020-12-31,learned_order_offset,20260910,0.3559086153667759,0.3559086153667759,0,0
state90,2533,2021-07-02,2021-07-12,0.0068193733271841,2021,2020-12-31,learned_order_offset,20260910,0.3216916416287179,0.3216916416287179,0,1
state90,2538,2021-07-09,2021-07-19,-0.0048254045313779,2021,2020-12-31,learned_order_offset,20260910,0.3101145030268536,0.3101145030268536,0,0
state90,2543,2021-07-16,2021-07-26,-0.0032299118953994,2021,2020-12-31,learned_order_offset,20260910,0.26392360125279063,0.26392360125279063,0,0
state90,2548,2021-07-23,2021-08-02,-0.0537740931579083,2021,2020-12-31,learned_order_offset,20260910,0.3781019647861085,0.3781019647861085,0,0
state90,2553,2021-07-30,2021-08-09,0.019904813945049,2021,2020-12-31,learned_order_offset,20260910,0.443071770145631,0.443071770145631,0,1
state90,2558,2021-08-06,2021-08-16,0.0093369268709639,2021,2020-12-31,learned_order_offset,20260910,0.4229308279115627,0.4229308279115627,0,1
state90,2563,2021-08-13,2021-08-23,-0.032048736608373,2021,2020-12-31,learned_order_offset,20260910,0.4454769793108894,0.4454769793108894,0,0
state90,2568,2021-08-20,2021-08-30,0.0145047962107527,2021,2020-12-31,learned_order_offset,20260910,0.5730433431588372,0.5730433431588372,1,1
state90,2573,2021-08-27,2021-09-06,-0.0012316820816045,2021,2020-12-31,learned_order_offset,20260910,0.5924044756946784,0.5924044756946784,1,0
state90,2578,2021-09-03,2021-09-13,0.0342301066295398,2021,2020-12-31,learned_order_offset,20260910,0.7533662187579737,0.7533662187579737,1,1
state90,2583,2021-09-10,2021-09-22,-0.0471441667981554,2021,2020-12-31,learned_order_offset,20260910,0.7490237805795243,0.7490237805795243,1,0
state90,2588,2021-09-17,2021-09-28,0.0209863060789441,2021,2020-12-31,learned_order_offset,20260910,0.7578019779876107,0.7578019779876107,1,1
state90,2591,2021-09-24,2021-10-11,0.0144615416200457,2021,2020-12-31,learned_order_offset,20260910,0.8099614624313016,0.8099614624313016,1,1
state90,2596,2021-10-08,2021-10-18,-0.0038006269617851,2021,2020-12-31,learned_order_offset,20260910,0.7558117307103386,0.7558117307103386,1,0
state90,2601,2021-10-15,2021-10-25,0.0037358989621147,2021,2020-12-31,learned_order_offset,20260910,0.7689767891616536,0.7689767891616536,1,1
state90,2606,2021-10-22,2021-11-01,-0.0127041632091318,2021,2020-12-31,learned_order_offset,20260910,0.5615967587205846,0.5615967587205846,1,0
state90,2611,2021-10-29,2021-11-08,-0.0075807737801166,2021,2020-12-31,learned_order_offset,20260910,0.6034269345495461,0.6034269345495461,1,0
state90,2616,2021-11-05,2021-11-15,0.0110015182343039,2021,2020-12-31,learned_order_offset,20260910,0.7234699294457386,0.7234699294457386,1,1
state90,2621,2021-11-12,2021-11-22,0.0002002284238551,2021,2020-12-31,learned_order_offset,20260910,0.8319926561058519,0.8319926561058519,1,1
state90,2626,2021-11-19,2021-11-29,-0.0153981603100059,2021,2020-12-31,learned_order_offset,20260910,0.887309504410544,0.887309504410544,1,0
state90,2631,2021-11-26,2021-12-06,0.0185518287306458,2021,2020-12-31,learned_order_offset,20260910,0.7746760492907543,0.7746760492907543,1,1
state90,2636,2021-12-03,2021-12-13,0.0367843110096284,2021,2020-12-31,learned_order_offset,20260910,0.7532912032975808,0.7532912032975808,1,1
state90,2641,2021-12-10,2021-12-20,-0.0304615698955996,2021,2020-12-31,learned_order_offset,20260910,0.6527672096530658,0.6527672096530658,1,0
state90,2646,2021-12-17,2021-12-27,-0.0034083287233763,2021,2020-12-31,learned_order_offset,20260910,0.7996262996967062,0.7996262996967062,1,0
state90,2651,2021-12-24,2022-01-04,0.0080985736506613,2021,2020-12-31,learned_order_offset,20260910,0.8271891503369482,0.8271891503369482,1,1
state90,2656,2021-12-31,2022-01-10,-0.0293970528320001,2021,2020-12-31,learned_order_offset,20260910,0.8067823326626401,0.8067823326626401,1,0
state90,2418,2021-01-08,2021-01-18,-0.0120052904669853,2021,2020-12-31,native_mse,20260910,-0.00016719672473286887,,0,0
state90,2423,2021-01-15,2021-01-25,0.0231622460538123,2021,2020-12-31,native_mse,20260910,-0.0024576018862454926,,0,1
state90,2428,2021-01-22,2021-02-01,-0.0372511735907923,2021,2020-12-31,native_mse,20260910,-0.003647746896638798,,0,0
state90,2433,2021-01-29,2021-02-08,0.0278689901714626,2021,2020-12-31,native_mse,20260910,-0.0025472735860022446,,0,1
state90,2438,2021-02-05,2021-02-22,0.0507379035040882,2021,2020-12-31,native_mse,20260910,-0.0030793775400414984,,0,1
state90,2443,2021-02-19,2021-03-01,-0.0684918010685315,2021,2020-12-31,native_mse,20260910,-0.0023490676188242655,,0,0
state90,2448,2021-02-26,2021-03-08,-0.0165997123904068,2021,2020-12-31,native_mse,20260910,-0.0023665663755005908,,0,0
state90,2453,2021-03-05,2021-03-15,-0.0346560901469681,2021,2020-12-31,native_mse,20260910,-0.0014253865572098575,,0,0
state90,2458,2021-03-12,2021-03-22,-0.0210550182560221,2021,2020-12-31,native_mse,20260910,-0.0005000901973691782,,0,0
state90,2463,2021-03-19,2021-03-29,0.0087572877565691,2021,2020-12-31,native_mse,20260910,0.006023340982564988,,1,1
state90,2468,2021-03-26,2021-04-06,0.0250145479448802,2021,2020-12-31,native_mse,20260910,0.005598392317839315,,1,1
state90,2473,2021-04-02,2021-04-12,-0.0292856811827044,2021,2020-12-31,native_mse,20260910,0.0036485752776130036,,1,0
state90,2477,2021-04-09,2021-04-19,-0.0120489836840408,2021,2020-12-31,native_mse,20260910,0.007350243400305611,,1,0
state90,2482,2021-04-16,2021-04-26,0.0382932540809155,2021,2020-12-31,native_mse,20260910,0.002900059176571625,,1,1
state90,2487,2021-04-23,2021-05-06,-0.0112070185917437,2021,2020-12-31,native_mse,20260910,0.007596625467989239,,1,0
state90,2492,2021-04-30,2021-05-12,-0.0190946889464188,2021,2020-12-31,native_mse,20260910,0.007105998256782256,,1,0
state90,2494,2021-05-07,2021-05-17,0.0227674429764228,2021,2020-12-31,native_mse,20260910,0.0072995237328683515,,1,1
state90,2499,2021-05-14,2021-05-24,0.0045940519733895,2021,2020-12-31,native_mse,20260910,0.006906583839110419,,1,1
state90,2504,2021-05-21,2021-05-31,0.0348855085126711,2021,2020-12-31,native_mse,20260910,0.0039949465805707365,,1,1
state90,2509,2021-05-28,2021-06-07,-0.0062409741861724,2021,2020-12-31,native_mse,20260910,0.004302626766656515,,1,0
state90,2514,2021-06-04,2021-06-15,-0.0125508761771767,2021,2020-12-31,native_mse,20260910,0.0018010688105476373,,1,0
state90,2519,2021-06-11,2021-06-21,-0.0250011497424577,2021,2020-12-31,native_mse,20260910,-0.0027939130847951473,,0,0
state90,2523,2021-06-18,2021-06-28,0.0325308711127356,2021,2020-12-31,native_mse,20260910,-0.0024054667576293687,,0,1
state90,2528,2021-06-25,2021-07-05,-0.0342297962734196,2021,2020-12-31,native_mse,20260910,-0.0021641013171994155,,0,0
state90,2533,2021-07-02,2021-07-12,0.0068193733271841,2021,2020-12-31,native_mse,20260910,-0.002740282150259048,,0,1
state90,2538,2021-07-09,2021-07-19,-0.0048254045313779,2021,2020-12-31,native_mse,20260910,-0.0025804416168060183,,0,0
state90,2543,2021-07-16,2021-07-26,-0.0032299118953994,2021,2020-12-31,native_mse,20260910,-0.0035112489700114967,,0,0
state90,2548,2021-07-23,2021-08-02,-0.0537740931579083,2021,2020-12-31,native_mse,20260910,-0.002252148085559406,,0,0
state90,2553,2021-07-30,2021-08-09,0.019904813945049,2021,2020-12-31,native_mse,20260910,-0.0013935392955686378,,0,1
state90,2558,2021-08-06,2021-08-16,0.0093369268709639,2021,2020-12-31,native_mse,20260910,-0.0008547058545780883,,0,1
state90,2563,2021-08-13,2021-08-23,-0.032048736608373,2021,2020-12-31,native_mse,20260910,-0.0010996712313164061,,0,0
state90,2568,2021-08-20,2021-08-30,0.0145047962107527,2021,2020-12-31,native_mse,20260910,0.0014984460902095808,,1,1
state90,2573,2021-08-27,2021-09-06,-0.0012316820816045,2021,2020-12-31,native_mse,20260910,0.006590900742918945,,1,0
state90,2578,2021-09-03,2021-09-13,0.0342301066295398,2021,2020-12-31,native_mse,20260910,0.009486980636077728,,1,1
state90,2583,2021-09-10,2021-09-22,-0.0471441667981554,2021,2020-12-31,native_mse,20260910,0.009371153033789907,,1,0
state90,2588,2021-09-17,2021-09-28,0.0209863060789441,2021,2020-12-31,native_mse,20260910,0.009603132896707183,,1,1
state90,2591,2021-09-24,2021-10-11,0.0144615416200457,2021,2020-12-31,native_mse,20260910,0.009682760274058575,,1,1
state90,2596,2021-10-08,2021-10-18,-0.0038006269617851,2021,2020-12-31,native_mse,20260910,0.009091248352644028,,1,0
state90,2601,2021-10-15,2021-10-25,0.0037358989621147,2021,2020-12-31,native_mse,20260910,0.008469619450977196,,1,1
state90,2606,2021-10-22,2021-11-01,-0.0127041632091318,2021,2020-12-31,native_mse,20260910,0.0008933657456787875,,1,0
state90,2611,2021-10-29,2021-11-08,-0.0075807737801166,2021,2020-12-31,native_mse,20260910,0.002406790555140204,,1,0
state90,2616,2021-11-05,2021-11-15,0.0110015182343039,2021,2020-12-31,native_mse,20260910,0.004495816516502967,,1,1
state90,2621,2021-11-12,2021-11-22,0.0002002284238551,2021,2020-12-31,native_mse,20260910,0.008345328596010884,,1,1
state90,2626,2021-11-19,2021-11-29,-0.0153981603100059,2021,2020-12-31,native_mse,20260910,0.006936498727743483,,1,0
state90,2631,2021-11-26,2021-12-06,0.0185518287306458,2021,2020-12-31,native_mse,20260910,0.0043122154605937865,,1,1
state90,2636,2021-12-03,2021-12-13,0.0367843110096284,2021,2020-12-31,native_mse,20260910,0.003903132217743633,,1,1
state90,2641,2021-12-10,2021-12-20,-0.0304615698955996,2021,2020-12-31,native_mse,20260910,0.0011584734670292821,,1,0
state90,2646,2021-12-17,2021-12-27,-0.0034083287233763,2021,2020-12-31,native_mse,20260910,0.008060168302998738,,1,0
state90,2651,2021-12-24,2022-01-04,0.0080985736506613,2021,2020-12-31,native_mse,20260910,0.0074924187486900135,,1,1
state90,2656,2021-12-31,2022-01-10,-0.0293970528320001,2021,2020-12-31,native_mse,20260910,0.008334791957105143,,1,0
state90,2418,2021-01-08,2021-01-18,-0.0120052904669853,2021,2020-12-31,training_frequency,-1,0.5577557755775577,0.5577557755775577,1,0
state90,2423,2021-01-15,2021-01-25,0.0231622460538123,2021,2020-12-31,training_frequency,-1,0.5577557755775577,0.5577557755775577,1,1
state90,2428,2021-01-22,2021-02-01,-0.0372511735907923,2021,2020-12-31,training_frequency,-1,0.5577557755775577,0.5577557755775577,1,0
state90,2433,2021-01-29,2021-02-08,0.0278689901714626,2021,2020-12-31,training_frequency,-1,0.5577557755775577,0.5577557755775577,1,1
state90,2438,2021-02-05,2021-02-22,0.0507379035040882,2021,2020-12-31,training_frequency,-1,0.5577557755775577,0.5577557755775577,1,1
state90,2443,2021-02-19,2021-03-01,-0.0684918010685315,2021,2020-12-31,training_frequency,-1,0.5577557755775577,0.5577557755775577,1,0
state90,2448,2021-02-26,2021-03-08,-0.0165997123904068,2021,2020-12-31,training_frequency,-1,0.5577557755775577,0.5577557755775577,1,0
state90,2453,2021-03-05,2021-03-15,-0.0346560901469681,2021,2020-12-31,training_frequency,-1,0.5577557755775577,0.5577557755775577,1,0
state90,2458,2021-03-12,2021-03-22,-0.0210550182560221,2021,2020-12-31,training_frequency,-1,0.5577557755775577,0.5577557755775577,1,0
state90,2463,2021-03-19,2021-03-29,0.0087572877565691,2021,2020-12-31,training_frequency,-1,0.5577557755775577,0.5577557755775577,1,1
state90,2468,2021-03-26,2021-04-06,0.0250145479448802,2021,2020-12-31,training_frequency,-1,0.5577557755775577,0.5577557755775577,1,1
state90,2473,2021-04-02,2021-04-12,-0.0292856811827044,2021,2020-12-31,training_frequency,-1,0.5577557755775577,0.5577557755775577,1,0
state90,2477,2021-04-09,2021-04-19,-0.0120489836840408,2021,2020-12-31,training_frequency,-1,0.5577557755775577,0.5577557755775577,1,0
state90,2482,2021-04-16,2021-04-26,0.0382932540809155,2021,2020-12-31,training_frequency,-1,0.5577557755775577,0.5577557755775577,1,1
state90,2487,2021-04-23,2021-05-06,-0.0112070185917437,2021,2020-12-31,training_frequency,-1,0.5577557755775577,0.5577557755775577,1,0
state90,2492,2021-04-30,2021-05-12,-0.0190946889464188,2021,2020-12-31,training_frequency,-1,0.5577557755775577,0.5577557755775577,1,0
state90,2494,2021-05-07,2021-05-17,0.0227674429764228,2021,2020-12-31,training_frequency,-1,0.5577557755775577,0.5577557755775577,1,1
state90,2499,2021-05-14,2021-05-24,0.0045940519733895,2021,2020-12-31,training_frequency,-1,0.5577557755775577,0.5577557755775577,1,1
state90,2504,2021-05-21,2021-05-31,0.0348855085126711,2021,2020-12-31,training_frequency,-1,0.5577557755775577,0.5577557755775577,1,1
state90,2509,2021-05-28,2021-06-07,-0.0062409741861724,2021,2020-12-31,training_frequency,-1,0.5577557755775577,0.5577557755775577,1,0
state90,2514,2021-06-04,2021-06-15,-0.0125508761771767,2021,2020-12-31,training_frequency,-1,0.5577557755775577,0.5577557755775577,1,0
state90,2519,2021-06-11,2021-06-21,-0.0250011497424577,2021,2020-12-31,training_frequency,-1,0.5577557755775577,0.5577557755775577,1,0
state90,2523,2021-06-18,2021-06-28,0.0325308711127356,2021,2020-12-31,training_frequency,-1,0.5577557755775577,0.5577557755775577,1,1
state90,2528,2021-06-25,2021-07-05,-0.0342297962734196,2021,2020-12-31,training_frequency,-1,0.5577557755775577,0.5577557755775577,1,0
state90,2533,2021-07-02,2021-07-12,0.0068193733271841,2021,2020-12-31,training_frequency,-1,0.5577557755775577,0.5577557755775577,1,1
state90,2538,2021-07-09,2021-07-19,-0.0048254045313779,2021,2020-12-31,training_frequency,-1,0.5577557755775577,0.5577557755775577,1,0
state90,2543,2021-07-16,2021-07-26,-0.0032299118953994,2021,2020-12-31,training_frequency,-1,0.5577557755775577,0.5577557755775577,1,0
state90,2548,2021-07-23,2021-08-02,-0.0537740931579083,2021,2020-12-31,training_frequency,-1,0.5577557755775577,0.5577557755775577,1,0
state90,2553,2021-07-30,2021-08-09,0.019904813945049,2021,2020-12-31,training_frequency,-1,0.5577557755775577,0.5577557755775577,1,1
state90,2558,2021-08-06,2021-08-16,0.0093369268709639,2021,2020-12-31,training_frequency,-1,0.5577557755775577,0.5577557755775577,1,1
state90,2563,2021-08-13,2021-08-23,-0.032048736608373,2021,2020-12-31,training_frequency,-1,0.5577557755775577,0.5577557755775577,1,0
state90,2568,2021-08-20,2021-08-30,0.0145047962107527,2021,2020-12-31,training_frequency,-1,0.5577557755775577,0.5577557755775577,1,1
state90,2573,2021-08-27,2021-09-06,-0.0012316820816045,2021,2020-12-31,training_frequency,-1,0.5577557755775577,0.5577557755775577,1,0
state90,2578,2021-09-03,2021-09-13,0.0342301066295398,2021,2020-12-31,training_frequency,-1,0.5577557755775577,0.5577557755775577,1,1
state90,2583,2021-09-10,2021-09-22,-0.0471441667981554,2021,2020-12-31,training_frequency,-1,0.5577557755775577,0.5577557755775577,1,0
state90,2588,2021-09-17,2021-09-28,0.0209863060789441,2021,2020-12-31,training_frequency,-1,0.5577557755775577,0.5577557755775577,1,1
state90,2591,2021-09-24,2021-10-11,0.0144615416200457,2021,2020-12-31,training_frequency,-1,0.5577557755775577,0.5577557755775577,1,1
state90,2596,2021-10-08,2021-10-18,-0.0038006269617851,2021,2020-12-31,training_frequency,-1,0.5577557755775577,0.5577557755775577,1,0
state90,2601,2021-10-15,2021-10-25,0.0037358989621147,2021,2020-12-31,training_frequency,-1,0.5577557755775577,0.5577557755775577,1,1
state90,2606,2021-10-22,2021-11-01,-0.0127041632091318,2021,2020-12-31,training_frequency,-1,0.5577557755775577,0.5577557755775577,1,0
state90,2611,2021-10-29,2021-11-08,-0.0075807737801166,2021,2020-12-31,training_frequency,-1,0.5577557755775577,0.5577557755775577,1,0
state90,2616,2021-11-05,2021-11-15,0.0110015182343039,2021,2020-12-31,training_frequency,-1,0.5577557755775577,0.5577557755775577,1,1
state90,2621,2021-11-12,2021-11-22,0.0002002284238551,2021,2020-12-31,training_frequency,-1,0.5577557755775577,0.5577557755775577,1,1
state90,2626,2021-11-19,2021-11-29,-0.0153981603100059,2021,2020-12-31,training_frequency,-1,0.5577557755775577,0.5577557755775577,1,0
state90,2631,2021-11-26,2021-12-06,0.0185518287306458,2021,2020-12-31,training_frequency,-1,0.5577557755775577,0.5577557755775577,1,1
state90,2636,2021-12-03,2021-12-13,0.0367843110096284,2021,2020-12-31,training_frequency,-1,0.5577557755775577,0.5577557755775577,1,1
state90,2641,2021-12-10,2021-12-20,-0.0304615698955996,2021,2020-12-31,training_frequency,-1,0.5577557755775577,0.5577557755775577,1,0
state90,2646,2021-12-17,2021-12-27,-0.0034083287233763,2021,2020-12-31,training_frequency,-1,0.5577557755775577,0.5577557755775577,1,0
state90,2651,2021-12-24,2022-01-04,0.0080985736506613,2021,2020-12-31,training_frequency,-1,0.5577557755775577,0.5577557755775577,1,1
state90,2656,2021-12-31,2022-01-10,-0.0293970528320001,2021,2020-12-31,training_frequency,-1,0.5577557755775577,0.5577557755775577,1,0
state90,2418,2021-01-08,2021-01-18,-0.0120052904669853,2021,2020-12-31,learned_market,20260911,0.47359422145655633,0.47359422145655633,0,0
state90,2423,2021-01-15,2021-01-25,0.0231622460538123,2021,2020-12-31,learned_market,20260911,0.29529449998072343,0.29529449998072343,0,1
state90,2428,2021-01-22,2021-02-01,-0.0372511735907923,2021,2020-12-31,learned_market,20260911,0.47394332492431446,0.47394332492431446,0,0
state90,2433,2021-01-29,2021-02-08,0.0278689901714626,2021,2020-12-31,learned_market,20260911,0.34860128575085947,0.34860128575085947,0,1
state90,2438,2021-02-05,2021-02-22,0.0507379035040882,2021,2020-12-31,learned_market,20260911,0.5472341429725764,0.5472341429725764,1,1
state90,2443,2021-02-19,2021-03-01,-0.0684918010685315,2021,2020-12-31,learned_market,20260911,0.4390527856170199,0.4390527856170199,0,0
state90,2448,2021-02-26,2021-03-08,-0.0165997123904068,2021,2020-12-31,learned_market,20260911,0.4901857818012489,0.4901857818012489,0,0
state90,2453,2021-03-05,2021-03-15,-0.0346560901469681,2021,2020-12-31,learned_market,20260911,0.3640545492155067,0.3640545492155067,0,0
state90,2458,2021-03-12,2021-03-22,-0.0210550182560221,2021,2020-12-31,learned_market,20260911,0.27457561641477635,0.27457561641477635,0,0
state90,2463,2021-03-19,2021-03-29,0.0087572877565691,2021,2020-12-31,learned_market,20260911,0.5317095579141908,0.5317095579141908,1,1
state90,2468,2021-03-26,2021-04-06,0.0250145479448802,2021,2020-12-31,learned_market,20260911,0.48950965003399194,0.48950965003399194,0,1
state90,2473,2021-04-02,2021-04-12,-0.0292856811827044,2021,2020-12-31,learned_market,20260911,0.6284072500994273,0.6284072500994273,1,0
state90,2477,2021-04-09,2021-04-19,-0.0120489836840408,2021,2020-12-31,learned_market,20260911,0.5279187640170273,0.5279187640170273,1,0
state90,2482,2021-04-16,2021-04-26,0.0382932540809155,2021,2020-12-31,learned_market,20260911,0.4865076820291842,0.4865076820291842,0,1
state90,2487,2021-04-23,2021-05-06,-0.0112070185917437,2021,2020-12-31,learned_market,20260911,0.5300805747669529,0.5300805747669529,1,0
state90,2492,2021-04-30,2021-05-12,-0.0190946889464188,2021,2020-12-31,learned_market,20260911,0.6951452745996383,0.6951452745996383,1,0
state90,2494,2021-05-07,2021-05-17,0.0227674429764228,2021,2020-12-31,learned_market,20260911,0.7605988126578928,0.7605988126578928,1,1
state90,2499,2021-05-14,2021-05-24,0.0045940519733895,2021,2020-12-31,learned_market,20260911,0.431899455562366,0.431899455562366,0,1
state90,2504,2021-05-21,2021-05-31,0.0348855085126711,2021,2020-12-31,learned_market,20260911,0.6176291390559848,0.6176291390559848,1,1
state90,2509,2021-05-28,2021-06-07,-0.0062409741861724,2021,2020-12-31,learned_market,20260911,0.5529696066128726,0.5529696066128726,1,0
state90,2514,2021-06-04,2021-06-15,-0.0125508761771767,2021,2020-12-31,learned_market,20260911,0.43021338956165145,0.43021338956165145,0,0
state90,2519,2021-06-11,2021-06-21,-0.0250011497424577,2021,2020-12-31,learned_market,20260911,0.23588261601608784,0.23588261601608784,0,0
state90,2523,2021-06-18,2021-06-28,0.0325308711127356,2021,2020-12-31,learned_market,20260911,0.4400528193036787,0.4400528193036787,0,1
state90,2528,2021-06-25,2021-07-05,-0.0342297962734196,2021,2020-12-31,learned_market,20260911,0.398327544114051,0.398327544114051,0,0
state90,2533,2021-07-02,2021-07-12,0.0068193733271841,2021,2020-12-31,learned_market,20260911,0.48682640109202396,0.48682640109202396,0,1
state90,2538,2021-07-09,2021-07-19,-0.0048254045313779,2021,2020-12-31,learned_market,20260911,0.24332467078520445,0.24332467078520445,0,0
state90,2543,2021-07-16,2021-07-26,-0.0032299118953994,2021,2020-12-31,learned_market,20260911,0.35925555662388703,0.35925555662388703,0,0
state90,2548,2021-07-23,2021-08-02,-0.0537740931579083,2021,2020-12-31,learned_market,20260911,0.39776512063817443,0.39776512063817443,0,0
state90,2553,2021-07-30,2021-08-09,0.019904813945049,2021,2020-12-31,learned_market,20260911,0.552232244409667,0.552232244409667,1,1
state90,2558,2021-08-06,2021-08-16,0.0093369268709639,2021,2020-12-31,learned_market,20260911,0.6069177458010507,0.6069177458010507,1,1
state90,2563,2021-08-13,2021-08-23,-0.032048736608373,2021,2020-12-31,learned_market,20260911,0.6395330957156883,0.6395330957156883,1,0
state90,2568,2021-08-20,2021-08-30,0.0145047962107527,2021,2020-12-31,learned_market,20260911,0.49778467368571605,0.49778467368571605,0,1
state90,2573,2021-08-27,2021-09-06,-0.0012316820816045,2021,2020-12-31,learned_market,20260911,0.7992998823896141,0.7992998823896141,1,0
state90,2578,2021-09-03,2021-09-13,0.0342301066295398,2021,2020-12-31,learned_market,20260911,0.7641264012677613,0.7641264012677613,1,1
state90,2583,2021-09-10,2021-09-22,-0.0471441667981554,2021,2020-12-31,learned_market,20260911,0.7188187190189923,0.7188187190189923,1,0
state90,2588,2021-09-17,2021-09-28,0.0209863060789441,2021,2020-12-31,learned_market,20260911,0.752347288149094,0.752347288149094,1,1
state90,2591,2021-09-24,2021-10-11,0.0144615416200457,2021,2020-12-31,learned_market,20260911,0.64950288661138,0.64950288661138,1,1
state90,2596,2021-10-08,2021-10-18,-0.0038006269617851,2021,2020-12-31,learned_market,20260911,0.8841800832116901,0.8841800832116901,1,0
state90,2601,2021-10-15,2021-10-25,0.0037358989621147,2021,2020-12-31,learned_market,20260911,0.808000302780614,0.808000302780614,1,1
state90,2606,2021-10-22,2021-11-01,-0.0127041632091318,2021,2020-12-31,learned_market,20260911,0.6012191405144072,0.6012191405144072,1,0
state90,2611,2021-10-29,2021-11-08,-0.0075807737801166,2021,2020-12-31,learned_market,20260911,0.8459495803183871,0.8459495803183871,1,0
state90,2616,2021-11-05,2021-11-15,0.0110015182343039,2021,2020-12-31,learned_market,20260911,0.7615166605786978,0.7615166605786978,1,1
state90,2621,2021-11-12,2021-11-22,0.0002002284238551,2021,2020-12-31,learned_market,20260911,0.8358507607737684,0.8358507607737684,1,1
state90,2626,2021-11-19,2021-11-29,-0.0153981603100059,2021,2020-12-31,learned_market,20260911,0.7375348414146127,0.7375348414146127,1,0
state90,2631,2021-11-26,2021-12-06,0.0185518287306458,2021,2020-12-31,learned_market,20260911,0.8422699714267883,0.8422699714267883,1,1
state90,2636,2021-12-03,2021-12-13,0.0367843110096284,2021,2020-12-31,learned_market,20260911,0.651184941553755,0.651184941553755,1,1
state90,2641,2021-12-10,2021-12-20,-0.0304615698955996,2021,2020-12-31,learned_market,20260911,0.65987980276308,0.65987980276308,1,0
state90,2646,2021-12-17,2021-12-27,-0.0034083287233763,2021,2020-12-31,learned_market,20260911,0.8092775433852759,0.8092775433852759,1,0
state90,2651,2021-12-24,2022-01-04,0.0080985736506613,2021,2020-12-31,learned_market,20260911,0.6585163511207842,0.6585163511207842,1,1
state90,2656,2021-12-31,2022-01-10,-0.0293970528320001,2021,2020-12-31,learned_market,20260911,0.8164002048089696,0.8164002048089696,1,0
state90,2418,2021-01-08,2021-01-18,-0.0120052904669853,2021,2020-12-31,learned_vol_interaction,20260911,0.4754556903392312,0.4754556903392312,0,0
state90,2423,2021-01-15,2021-01-25,0.0231622460538123,2021,2020-12-31,learned_vol_interaction,20260911,0.2910478720938869,0.2910478720938869,0,1
state90,2428,2021-01-22,2021-02-01,-0.0372511735907923,2021,2020-12-31,learned_vol_interaction,20260911,0.4793404787070586,0.4793404787070586,0,0
state90,2433,2021-01-29,2021-02-08,0.0278689901714626,2021,2020-12-31,learned_vol_interaction,20260911,0.3407014751351651,0.3407014751351651,0,1
state90,2438,2021-02-05,2021-02-22,0.0507379035040882,2021,2020-12-31,learned_vol_interaction,20260911,0.5419487770679454,0.5419487770679454,1,1
state90,2443,2021-02-19,2021-03-01,-0.0684918010685315,2021,2020-12-31,learned_vol_interaction,20260911,0.42680484014134457,0.42680484014134457,0,0
state90,2448,2021-02-26,2021-03-08,-0.0165997123904068,2021,2020-12-31,learned_vol_interaction,20260911,0.48165522036766006,0.48165522036766006,0,0
state90,2453,2021-03-05,2021-03-15,-0.0346560901469681,2021,2020-12-31,learned_vol_interaction,20260911,0.3506881836542513,0.3506881836542513,0,0
state90,2458,2021-03-12,2021-03-22,-0.0210550182560221,2021,2020-12-31,learned_vol_interaction,20260911,0.23467895972096536,0.23467895972096536,0,0
state90,2463,2021-03-19,2021-03-29,0.0087572877565691,2021,2020-12-31,learned_vol_interaction,20260911,0.5417459151974428,0.5417459151974428,1,1
state90,2468,2021-03-26,2021-04-06,0.0250145479448802,2021,2020-12-31,learned_vol_interaction,20260911,0.48054571329537366,0.48054571329537366,0,1
state90,2473,2021-04-02,2021-04-12,-0.0292856811827044,2021,2020-12-31,learned_vol_interaction,20260911,0.6505026926141996,0.6505026926141996,1,0
state90,2477,2021-04-09,2021-04-19,-0.0120489836840408,2021,2020-12-31,learned_vol_interaction,20260911,0.5238037480083749,0.5238037480083749,1,0
state90,2482,2021-04-16,2021-04-26,0.0382932540809155,2021,2020-12-31,learned_vol_interaction,20260911,0.4746098723057128,0.4746098723057128,0,1
state90,2487,2021-04-23,2021-05-06,-0.0112070185917437,2021,2020-12-31,learned_vol_interaction,20260911,0.527013271372353,0.527013271372353,1,0
state90,2492,2021-04-30,2021-05-12,-0.0190946889464188,2021,2020-12-31,learned_vol_interaction,20260911,0.6901244469023494,0.6901244469023494,1,0
state90,2494,2021-05-07,2021-05-17,0.0227674429764228,2021,2020-12-31,learned_vol_interaction,20260911,0.754839297520103,0.754839297520103,1,1
state90,2499,2021-05-14,2021-05-24,0.0045940519733895,2021,2020-12-31,learned_vol_interaction,20260911,0.43398865323186975,0.43398865323186975,0,1
state90,2504,2021-05-21,2021-05-31,0.0348855085126711,2021,2020-12-31,learned_vol_interaction,20260911,0.6023590417130459,0.6023590417130459,1,1
state90,2509,2021-05-28,2021-06-07,-0.0062409741861724,2021,2020-12-31,learned_vol_interaction,20260911,0.5524495113584302,0.5524495113584302,1,0
state90,2514,2021-06-04,2021-06-15,-0.0125508761771767,2021,2020-12-31,learned_vol_interaction,20260911,0.4338741634973696,0.4338741634973696,0,0
state90,2519,2021-06-11,2021-06-21,-0.0250011497424577,2021,2020-12-31,learned_vol_interaction,20260911,0.243541607825957,0.243541607825957,0,0
state90,2523,2021-06-18,2021-06-28,0.0325308711127356,2021,2020-12-31,learned_vol_interaction,20260911,0.44439540821990653,0.44439540821990653,0,1
state90,2528,2021-06-25,2021-07-05,-0.0342297962734196,2021,2020-12-31,learned_vol_interaction,20260911,0.4173214962232166,0.4173214962232166,0,0
state90,2533,2021-07-02,2021-07-12,0.0068193733271841,2021,2020-12-31,learned_vol_interaction,20260911,0.48991781025485154,0.48991781025485154,0,1
state90,2538,2021-07-09,2021-07-19,-0.0048254045313779,2021,2020-12-31,learned_vol_interaction,20260911,0.2599569018271382,0.2599569018271382,0,0
state90,2543,2021-07-16,2021-07-26,-0.0032299118953994,2021,2020-12-31,learned_vol_interaction,20260911,0.36450308143319354,0.36450308143319354,0,0
state90,2548,2021-07-23,2021-08-02,-0.0537740931579083,2021,2020-12-31,learned_vol_interaction,20260911,0.410758949240298,0.410758949240298,0,0
state90,2553,2021-07-30,2021-08-09,0.019904813945049,2021,2020-12-31,learned_vol_interaction,20260911,0.5670421120159365,0.5670421120159365,1,1
state90,2558,2021-08-06,2021-08-16,0.0093369268709639,2021,2020-12-31,learned_vol_interaction,20260911,0.611366208230644,0.611366208230644,1,1
state90,2563,2021-08-13,2021-08-23,-0.032048736608373,2021,2020-12-31,learned_vol_interaction,20260911,0.6499874314301235,0.6499874314301235,1,0
state90,2568,2021-08-20,2021-08-30,0.0145047962107527,2021,2020-12-31,learned_vol_interaction,20260911,0.47410312241187347,0.47410312241187347,0,1
state90,2573,2021-08-27,2021-09-06,-0.0012316820816045,2021,2020-12-31,learned_vol_interaction,20260911,0.8077225877731411,0.8077225877731411,1,0
state90,2578,2021-09-03,2021-09-13,0.0342301066295398,2021,2020-12-31,learned_vol_interaction,20260911,0.7569737160491476,0.7569737160491476,1,1
state90,2583,2021-09-10,2021-09-22,-0.0471441667981554,2021,2020-12-31,learned_vol_interaction,20260911,0.7237383960115724,0.7237383960115724,1,0
state90,2588,2021-09-17,2021-09-28,0.0209863060789441,2021,2020-12-31,learned_vol_interaction,20260911,0.7461756198869361,0.7461756198869361,1,1
state90,2591,2021-09-24,2021-10-11,0.0144615416200457,2021,2020-12-31,learned_vol_interaction,20260911,0.6456719612096069,0.6456719612096069,1,1
state90,2596,2021-10-08,2021-10-18,-0.0038006269617851,2021,2020-12-31,learned_vol_interaction,20260911,0.875333160760423,0.875333160760423,1,0
state90,2601,2021-10-15,2021-10-25,0.0037358989621147,2021,2020-12-31,learned_vol_interaction,20260911,0.8004373767510682,0.8004373767510682,1,1
state90,2606,2021-10-22,2021-11-01,-0.0127041632091318,2021,2020-12-31,learned_vol_interaction,20260911,0.5995948918940573,0.5995948918940573,1,0
state90,2611,2021-10-29,2021-11-08,-0.0075807737801166,2021,2020-12-31,learned_vol_interaction,20260911,0.8299973805985322,0.8299973805985322,1,0
state90,2616,2021-11-05,2021-11-15,0.0110015182343039,2021,2020-12-31,learned_vol_interaction,20260911,0.7454576562803179,0.7454576562803179,1,1
state90,2621,2021-11-12,2021-11-22,0.0002002284238551,2021,2020-12-31,learned_vol_interaction,20260911,0.8210682676498052,0.8210682676498052,1,1
state90,2626,2021-11-19,2021-11-29,-0.0153981603100059,2021,2020-12-31,learned_vol_interaction,20260911,0.7379015555048399,0.7379015555048399,1,0
state90,2631,2021-11-26,2021-12-06,0.0185518287306458,2021,2020-12-31,learned_vol_interaction,20260911,0.8181276512073538,0.8181276512073538,1,1
state90,2636,2021-12-03,2021-12-13,0.0367843110096284,2021,2020-12-31,learned_vol_interaction,20260911,0.6331433744995425,0.6331433744995425,1,1
state90,2641,2021-12-10,2021-12-20,-0.0304615698955996,2021,2020-12-31,learned_vol_interaction,20260911,0.6422061841446076,0.6422061841446076,1,0
state90,2646,2021-12-17,2021-12-27,-0.0034083287233763,2021,2020-12-31,learned_vol_interaction,20260911,0.7937547176618065,0.7937547176618065,1,0
state90,2651,2021-12-24,2022-01-04,0.0080985736506613,2021,2020-12-31,learned_vol_interaction,20260911,0.6518706715070531,0.6518706715070531,1,1
state90,2656,2021-12-31,2022-01-10,-0.0293970528320001,2021,2020-12-31,learned_vol_interaction,20260911,0.8048743420145822,0.8048743420145822,1,0
state90,2418,2021-01-08,2021-01-18,-0.0120052904669853,2021,2020-12-31,learned_order_extension,20260911,0.4707924056292956,0.4707924056292956,0,0
state90,2423,2021-01-15,2021-01-25,0.0231622460538123,2021,2020-12-31,learned_order_extension,20260911,0.30199104403875826,0.30199104403875826,0,1
state90,2428,2021-01-22,2021-02-01,-0.0372511735907923,2021,2020-12-31,learned_order_extension,20260911,0.4727671753713422,0.4727671753713422,0,0
state90,2433,2021-01-29,2021-02-08,0.0278689901714626,2021,2020-12-31,learned_order_extension,20260911,0.33076330033756096,0.33076330033756096,0,1
state90,2438,2021-02-05,2021-02-22,0.0507379035040882,2021,2020-12-31,learned_order_extension,20260911,0.5463864019131583,0.5463864019131583,1,1
state90,2443,2021-02-19,2021-03-01,-0.0684918010685315,2021,2020-12-31,learned_order_extension,20260911,0.423629668613555,0.423629668613555,0,0
state90,2448,2021-02-26,2021-03-08,-0.0165997123904068,2021,2020-12-31,learned_order_extension,20260911,0.4833188959367285,0.4833188959367285,0,0
state90,2453,2021-03-05,2021-03-15,-0.0346560901469681,2021,2020-12-31,learned_order_extension,20260911,0.3468677434509978,0.3468677434509978,0,0
state90,2458,2021-03-12,2021-03-22,-0.0210550182560221,2021,2020-12-31,learned_order_extension,20260911,0.2385842218483661,0.2385842218483661,0,0
state90,2463,2021-03-19,2021-03-29,0.0087572877565691,2021,2020-12-31,learned_order_extension,20260911,0.532998967015209,0.532998967015209,1,1
state90,2468,2021-03-26,2021-04-06,0.0250145479448802,2021,2020-12-31,learned_order_extension,20260911,0.48258967958160864,0.48258967958160864,0,1
state90,2473,2021-04-02,2021-04-12,-0.0292856811827044,2021,2020-12-31,learned_order_extension,20260911,0.6435569143740099,0.6435569143740099,1,0
state90,2477,2021-04-09,2021-04-19,-0.0120489836840408,2021,2020-12-31,learned_order_extension,20260911,0.5172587608947022,0.5172587608947022,1,0
state90,2482,2021-04-16,2021-04-26,0.0382932540809155,2021,2020-12-31,learned_order_extension,20260911,0.45050831794964574,0.45050831794964574,0,1
state90,2487,2021-04-23,2021-05-06,-0.0112070185917437,2021,2020-12-31,learned_order_extension,20260911,0.50667980676185,0.50667980676185,1,0
state90,2492,2021-04-30,2021-05-12,-0.0190946889464188,2021,2020-12-31,learned_order_extension,20260911,0.7098069326540961,0.7098069326540961,1,0
state90,2494,2021-05-07,2021-05-17,0.0227674429764228,2021,2020-12-31,learned_order_extension,20260911,0.7808980561683019,0.7808980561683019,1,1
state90,2499,2021-05-14,2021-05-24,0.0045940519733895,2021,2020-12-31,learned_order_extension,20260911,0.39413011936164705,0.39413011936164705,0,1
state90,2504,2021-05-21,2021-05-31,0.0348855085126711,2021,2020-12-31,learned_order_extension,20260911,0.6034561668947356,0.6034561668947356,1,1
state90,2509,2021-05-28,2021-06-07,-0.0062409741861724,2021,2020-12-31,learned_order_extension,20260911,0.5608652950070303,0.5608652950070303,1,0
state90,2514,2021-06-04,2021-06-15,-0.0125508761771767,2021,2020-12-31,learned_order_extension,20260911,0.41641551181704617,0.41641551181704617,0,0
state90,2519,2021-06-11,2021-06-21,-0.0250011497424577,2021,2020-12-31,learned_order_extension,20260911,0.1949333176792701,0.1949333176792701,0,0
state90,2523,2021-06-18,2021-06-28,0.0325308711127356,2021,2020-12-31,learned_order_extension,20260911,0.4247939305836327,0.4247939305836327,0,1
state90,2528,2021-06-25,2021-07-05,-0.0342297962734196,2021,2020-12-31,learned_order_extension,20260911,0.40325405625265054,0.40325405625265054,0,0
state90,2533,2021-07-02,2021-07-12,0.0068193733271841,2021,2020-12-31,learned_order_extension,20260911,0.4870314747634348,0.4870314747634348,0,1
state90,2538,2021-07-09,2021-07-19,-0.0048254045313779,2021,2020-12-31,learned_order_extension,20260911,0.18885603482317434,0.18885603482317434,0,0
state90,2543,2021-07-16,2021-07-26,-0.0032299118953994,2021,2020-12-31,learned_order_extension,20260911,0.3017342200602158,0.3017342200602158,0,0
state90,2548,2021-07-23,2021-08-02,-0.0537740931579083,2021,2020-12-31,learned_order_extension,20260911,0.36810694455242254,0.36810694455242254,0,0
state90,2553,2021-07-30,2021-08-09,0.019904813945049,2021,2020-12-31,learned_order_extension,20260911,0.551068322085785,0.551068322085785,1,1
state90,2558,2021-08-06,2021-08-16,0.0093369268709639,2021,2020-12-31,learned_order_extension,20260911,0.5976356202999715,0.5976356202999715,1,1
state90,2563,2021-08-13,2021-08-23,-0.032048736608373,2021,2020-12-31,learned_order_extension,20260911,0.6460173631921735,0.6460173631921735,1,0
state90,2568,2021-08-20,2021-08-30,0.0145047962107527,2021,2020-12-31,learned_order_extension,20260911,0.4599800330212217,0.4599800330212217,0,1
state90,2573,2021-08-27,2021-09-06,-0.0012316820816045,2021,2020-12-31,learned_order_extension,20260911,0.8227439473299855,0.8227439473299855,1,0
state90,2578,2021-09-03,2021-09-13,0.0342301066295398,2021,2020-12-31,learned_order_extension,20260911,0.7764255721144454,0.7764255721144454,1,1
state90,2583,2021-09-10,2021-09-22,-0.0471441667981554,2021,2020-12-31,learned_order_extension,20260911,0.7513357425734236,0.7513357425734236,1,0
state90,2588,2021-09-17,2021-09-28,0.0209863060789441,2021,2020-12-31,learned_order_extension,20260911,0.7836614478285994,0.7836614478285994,1,1
state90,2591,2021-09-24,2021-10-11,0.0144615416200457,2021,2020-12-31,learned_order_extension,20260911,0.6693079201625165,0.6693079201625165,1,1
state90,2596,2021-10-08,2021-10-18,-0.0038006269617851,2021,2020-12-31,learned_order_extension,20260911,0.9147819069976973,0.9147819069976973,1,0
state90,2601,2021-10-15,2021-10-25,0.0037358989621147,2021,2020-12-31,learned_order_extension,20260911,0.8517574469574731,0.8517574469574731,1,1
state90,2606,2021-10-22,2021-11-01,-0.0127041632091318,2021,2020-12-31,learned_order_extension,20260911,0.6154285400261708,0.6154285400261708,1,0
state90,2611,2021-10-29,2021-11-08,-0.0075807737801166,2021,2020-12-31,learned_order_extension,20260911,0.8907785475547534,0.8907785475547534,1,0
state90,2616,2021-11-05,2021-11-15,0.0110015182343039,2021,2020-12-31,learned_order_extension,20260911,0.7990810555097849,0.7990810555097849,1,1
state90,2621,2021-11-12,2021-11-22,0.0002002284238551,2021,2020-12-31,learned_order_extension,20260911,0.8960874331639135,0.8960874331639135,1,1
state90,2626,2021-11-19,2021-11-29,-0.0153981603100059,2021,2020-12-31,learned_order_extension,20260911,0.8006062899104016,0.8006062899104016,1,0
state90,2631,2021-11-26,2021-12-06,0.0185518287306458,2021,2020-12-31,learned_order_extension,20260911,0.893587178645622,0.893587178645622,1,1
state90,2636,2021-12-03,2021-12-13,0.0367843110096284,2021,2020-12-31,learned_order_extension,20260911,0.6611268686227788,0.6611268686227788,1,1
state90,2641,2021-12-10,2021-12-20,-0.0304615698955996,2021,2020-12-31,learned_order_extension,20260911,0.6790175452231214,0.6790175452231214,1,0
state90,2646,2021-12-17,2021-12-27,-0.0034083287233763,2021,2020-12-31,learned_order_extension,20260911,0.8684853861974482,0.8684853861974482,1,0
state90,2651,2021-12-24,2022-01-04,0.0080985736506613,2021,2020-12-31,learned_order_extension,20260911,0.6637992247007115,0.6637992247007115,1,1
state90,2656,2021-12-31,2022-01-10,-0.0293970528320001,2021,2020-12-31,learned_order_extension,20260911,0.8513666174941731,0.8513666174941731,1,0
state90,2418,2021-01-08,2021-01-18,-0.0120052904669853,2021,2020-12-31,learned_order_offset,20260911,0.46966493933917947,0.46966493933917947,0,0
state90,2423,2021-01-15,2021-01-25,0.0231622460538123,2021,2020-12-31,learned_order_offset,20260911,0.30026263179565904,0.30026263179565904,0,1
state90,2428,2021-01-22,2021-02-01,-0.0372511735907923,2021,2020-12-31,learned_order_offset,20260911,0.47083079059127375,0.47083079059127375,0,0
state90,2433,2021-01-29,2021-02-08,0.0278689901714626,2021,2020-12-31,learned_order_offset,20260911,0.3308151678188049,0.3308151678188049,0,1
state90,2438,2021-02-05,2021-02-22,0.0507379035040882,2021,2020-12-31,learned_order_offset,20260911,0.5458888183275549,0.5458888183275549,1,1
state90,2443,2021-02-19,2021-03-01,-0.0684918010685315,2021,2020-12-31,learned_order_offset,20260911,0.4238553224614908,0.4238553224614908,0,0
state90,2448,2021-02-26,2021-03-08,-0.0165997123904068,2021,2020-12-31,learned_order_offset,20260911,0.4840844360242453,0.4840844360242453,0,0
state90,2453,2021-03-05,2021-03-15,-0.0346560901469681,2021,2020-12-31,learned_order_offset,20260911,0.34642186749779336,0.34642186749779336,0,0
state90,2458,2021-03-12,2021-03-22,-0.0210550182560221,2021,2020-12-31,learned_order_offset,20260911,0.23704081021871007,0.23704081021871007,0,0
state90,2463,2021-03-19,2021-03-29,0.0087572877565691,2021,2020-12-31,learned_order_offset,20260911,0.5312704874985703,0.5312704874985703,1,1
state90,2468,2021-03-26,2021-04-06,0.0250145479448802,2021,2020-12-31,learned_order_offset,20260911,0.48113132203479025,0.48113132203479025,0,1
state90,2473,2021-04-02,2021-04-12,-0.0292856811827044,2021,2020-12-31,learned_order_offset,20260911,0.6426571671723265,0.6426571671723265,1,0
state90,2477,2021-04-09,2021-04-19,-0.0120489836840408,2021,2020-12-31,learned_order_offset,20260911,0.5170676205088839,0.5170676205088839,1,0
state90,2482,2021-04-16,2021-04-26,0.0382932540809155,2021,2020-12-31,learned_order_offset,20260911,0.45037422792655746,0.45037422792655746,0,1
state90,2487,2021-04-23,2021-05-06,-0.0112070185917437,2021,2020-12-31,learned_order_offset,20260911,0.5047827959577951,0.5047827959577951,1,0
state90,2492,2021-04-30,2021-05-12,-0.0190946889464188,2021,2020-12-31,learned_order_offset,20260911,0.7084828106212467,0.7084828106212467,1,0
state90,2494,2021-05-07,2021-05-17,0.0227674429764228,2021,2020-12-31,learned_order_offset,20260911,0.7798146116297984,0.7798146116297984,1,1
state90,2499,2021-05-14,2021-05-24,0.0045940519733895,2021,2020-12-31,learned_order_offset,20260911,0.39380849753299824,0.39380849753299824,0,1
state90,2504,2021-05-21,2021-05-31,0.0348855085126711,2021,2020-12-31,learned_order_offset,20260911,0.6027515999296177,0.6027515999296177,1,1
state90,2509,2021-05-28,2021-06-07,-0.0062409741861724,2021,2020-12-31,learned_order_offset,20260911,0.5597480832986254,0.5597480832986254,1,0
state90,2514,2021-06-04,2021-06-15,-0.0125508761771767,2021,2020-12-31,learned_order_offset,20260911,0.41739120526524837,0.41739120526524837,0,0
state90,2519,2021-06-11,2021-06-21,-0.0250011497424577,2021,2020-12-31,learned_order_offset,20260911,0.1959833797723796,0.1959833797723796,0,0
state90,2523,2021-06-18,2021-06-28,0.0325308711127356,2021,2020-12-31,learned_order_offset,20260911,0.42516594768657723,0.42516594768657723,0,1
state90,2528,2021-06-25,2021-07-05,-0.0342297962734196,2021,2020-12-31,learned_order_offset,20260911,0.40512520197902574,0.40512520197902574,0,0
state90,2533,2021-07-02,2021-07-12,0.0068193733271841,2021,2020-12-31,learned_order_offset,20260911,0.48834019247779775,0.48834019247779775,0,1
state90,2538,2021-07-09,2021-07-19,-0.0048254045313779,2021,2020-12-31,learned_order_offset,20260911,0.1899218857560688,0.1899218857560688,0,0
state90,2543,2021-07-16,2021-07-26,-0.0032299118953994,2021,2020-12-31,learned_order_offset,20260911,0.30227219210751677,0.30227219210751677,0,0
state90,2548,2021-07-23,2021-08-02,-0.0537740931579083,2021,2020-12-31,learned_order_offset,20260911,0.3682876710362575,0.3682876710362575,0,0
state90,2553,2021-07-30,2021-08-09,0.019904813945049,2021,2020-12-31,learned_order_offset,20260911,0.5493128567304749,0.5493128567304749,1,1
state90,2558,2021-08-06,2021-08-16,0.0093369268709639,2021,2020-12-31,learned_order_offset,20260911,0.5952755431654839,0.5952755431654839,1,1
state90,2563,2021-08-13,2021-08-23,-0.032048736608373,2021,2020-12-31,learned_order_offset,20260911,0.6435678005185,0.6435678005185,1,0
state90,2568,2021-08-20,2021-08-30,0.0145047962107527,2021,2020-12-31,learned_order_offset,20260911,0.45941912601595664,0.45941912601595664,0,1
state90,2573,2021-08-27,2021-09-06,-0.0012316820816045,2021,2020-12-31,learned_order_offset,20260911,0.8199221886042931,0.8199221886042931,1,0
state90,2578,2021-09-03,2021-09-13,0.0342301066295398,2021,2020-12-31,learned_order_offset,20260911,0.7736884948382853,0.7736884948382853,1,1
state90,2583,2021-09-10,2021-09-22,-0.0471441667981554,2021,2020-12-31,learned_order_offset,20260911,0.7486660391902702,0.7486660391902702,1,0
state90,2588,2021-09-17,2021-09-28,0.0209863060789441,2021,2020-12-31,learned_order_offset,20260911,0.7812035509395332,0.7812035509395332,1,1
state90,2591,2021-09-24,2021-10-11,0.0144615416200457,2021,2020-12-31,learned_order_offset,20260911,0.6670102925222845,0.6670102925222845,1,1
state90,2596,2021-10-08,2021-10-18,-0.0038006269617851,2021,2020-12-31,learned_order_offset,20260911,0.9142972109372612,0.9142972109372612,1,0
state90,2601,2021-10-15,2021-10-25,0.0037358989621147,2021,2020-12-31,learned_order_offset,20260911,0.8514946837763709,0.8514946837763709,1,1
state90,2606,2021-10-22,2021-11-01,-0.0127041632091318,2021,2020-12-31,learned_order_offset,20260911,0.6153835261273471,0.6153835261273471,1,0
state90,2611,2021-10-29,2021-11-08,-0.0075807737801166,2021,2020-12-31,learned_order_offset,20260911,0.8905919911114152,0.8905919911114152,1,0
state90,2616,2021-11-05,2021-11-15,0.0110015182343039,2021,2020-12-31,learned_order_offset,20260911,0.7978265534432464,0.7978265534432464,1,1
state90,2621,2021-11-12,2021-11-22,0.0002002284238551,2021,2020-12-31,learned_order_offset,20260911,0.8952774170529411,0.8952774170529411,1,1
state90,2626,2021-11-19,2021-11-29,-0.0153981603100059,2021,2020-12-31,learned_order_offset,20260911,0.7999840840098098,0.7999840840098098,1,0
state90,2631,2021-11-26,2021-12-06,0.0185518287306458,2021,2020-12-31,learned_order_offset,20260911,0.8929926071982257,0.8929926071982257,1,1
state90,2636,2021-12-03,2021-12-13,0.0367843110096284,2021,2020-12-31,learned_order_offset,20260911,0.6617706981211336,0.6617706981211336,1,1
state90,2641,2021-12-10,2021-12-20,-0.0304615698955996,2021,2020-12-31,learned_order_offset,20260911,0.6793586467002075,0.6793586467002075,1,0
state90,2646,2021-12-17,2021-12-27,-0.0034083287233763,2021,2020-12-31,learned_order_offset,20260911,0.8677053304579374,0.8677053304579374,1,0
state90,2651,2021-12-24,2022-01-04,0.0080985736506613,2021,2020-12-31,learned_order_offset,20260911,0.6618536694473734,0.6618536694473734,1,1
state90,2656,2021-12-31,2022-01-10,-0.0293970528320001,2021,2020-12-31,learned_order_offset,20260911,0.8504487860668164,0.8504487860668164,1,0
state90,2418,2021-01-08,2021-01-18,-0.0120052904669853,2021,2020-12-31,native_mse,20260911,0.008552411017393067,,1,0
state90,2423,2021-01-15,2021-01-25,0.0231622460538123,2021,2020-12-31,native_mse,20260911,0.004218820233000888,,1,1
state90,2428,2021-01-22,2021-02-01,-0.0372511735907923,2021,2020-12-31,native_mse,20260911,0.004959951689017089,,1,0
state90,2433,2021-01-29,2021-02-08,0.0278689901714626,2021,2020-12-31,native_mse,20260911,-0.006242641410233065,,0,1
state90,2438,2021-02-05,2021-02-22,0.0507379035040882,2021,2020-12-31,native_mse,20260911,0.0007951359987466982,,1,1
state90,2443,2021-02-19,2021-03-01,-0.0684918010685315,2021,2020-12-31,native_mse,20260911,-0.0016330918552967294,,0,0
state90,2448,2021-02-26,2021-03-08,-0.0165997123904068,2021,2020-12-31,native_mse,20260911,-0.00533638880364651,,0,0
state90,2453,2021-03-05,2021-03-15,-0.0346560901469681,2021,2020-12-31,native_mse,20260911,-0.011674592766508288,,0,0
state90,2458,2021-03-12,2021-03-22,-0.0210550182560221,2021,2020-12-31,native_mse,20260911,-0.007847066861436623,,0,0
state90,2463,2021-03-19,2021-03-29,0.0087572877565691,2021,2020-12-31,native_mse,20260911,-0.0039060339233599494,,0,1
state90,2468,2021-03-26,2021-04-06,0.0250145479448802,2021,2020-12-31,native_mse,20260911,0.0009273635613917179,,1,1
state90,2473,2021-04-02,2021-04-12,-0.0292856811827044,2021,2020-12-31,native_mse,20260911,-0.0027355840325147787,,0,0
state90,2477,2021-04-09,2021-04-19,-0.0120489836840408,2021,2020-12-31,native_mse,20260911,-0.0036343506408249315,,0,0
state90,2482,2021-04-16,2021-04-26,0.0382932540809155,2021,2020-12-31,native_mse,20260911,-0.0006724515978878938,,0,1
state90,2487,2021-04-23,2021-05-06,-0.0112070185917437,2021,2020-12-31,native_mse,20260911,0.0055289088739753755,,1,0
state90,2492,2021-04-30,2021-05-12,-0.0190946889464188,2021,2020-12-31,native_mse,20260911,0.0033327575219957396,,1,0
state90,2494,2021-05-07,2021-05-17,0.0227674429764228,2021,2020-12-31,native_mse,20260911,0.0021669511395786133,,1,1
state90,2499,2021-05-14,2021-05-24,0.0045940519733895,2021,2020-12-31,native_mse,20260911,0.0011114542693073139,,1,1
state90,2504,2021-05-21,2021-05-31,0.0348855085126711,2021,2020-12-31,native_mse,20260911,0.008400289317996804,,1,1
state90,2509,2021-05-28,2021-06-07,-0.0062409741861724,2021,2020-12-31,native_mse,20260911,0.0007953145198423817,,1,0
state90,2514,2021-06-04,2021-06-15,-0.0125508761771767,2021,2020-12-31,native_mse,20260911,-0.007020166164517651,,0,0
state90,2519,2021-06-11,2021-06-21,-0.0250011497424577,2021,2020-12-31,native_mse,20260911,-0.008619872591947365,,0,0
state90,2523,2021-06-18,2021-06-28,0.0325308711127356,2021,2020-12-31,native_mse,20260911,-0.008791375820448139,,0,1
state90,2528,2021-06-25,2021-07-05,-0.0342297962734196,2021,2020-12-31,native_mse,20260911,-0.008045520831514462,,0,0
state90,2533,2021-07-02,2021-07-12,0.0068193733271841,2021,2020-12-31,native_mse,20260911,-0.007174844548354277,,0,1
state90,2538,2021-07-09,2021-07-19,-0.0048254045313779,2021,2020-12-31,native_mse,20260911,-0.015340492927170088,,0,0
state90,2543,2021-07-16,2021-07-26,-0.0032299118953994,2021,2020-12-31,native_mse,20260911,-0.005208717730643443,,0,0
state90,2548,2021-07-23,2021-08-02,-0.0537740931579083,2021,2020-12-31,native_mse,20260911,-0.005850917345567664,,0,0
state90,2553,2021-07-30,2021-08-09,0.019904813945049,2021,2020-12-31,native_mse,20260911,-0.0028205260505218244,,0,1
state90,2558,2021-08-06,2021-08-16,0.0093369268709639,2021,2020-12-31,native_mse,20260911,0.0007831311211854701,,1,1
state90,2563,2021-08-13,2021-08-23,-0.032048736608373,2021,2020-12-31,native_mse,20260911,-0.0005906639308137641,,0,0
state90,2568,2021-08-20,2021-08-30,0.0145047962107527,2021,2020-12-31,native_mse,20260911,-0.004641917146108556,,0,1
state90,2573,2021-08-27,2021-09-06,-0.0012316820816045,2021,2020-12-31,native_mse,20260911,0.014579973106645959,,1,0
state90,2578,2021-09-03,2021-09-13,0.0342301066295398,2021,2020-12-31,native_mse,20260911,0.008593989010996025,,1,1
state90,2583,2021-09-10,2021-09-22,-0.0471441667981554,2021,2020-12-31,native_mse,20260911,0.008313547741757724,,1,0
state90,2588,2021-09-17,2021-09-28,0.0209863060789441,2021,2020-12-31,native_mse,20260911,0.01165935650344279,,1,1
state90,2591,2021-09-24,2021-10-11,0.0144615416200457,2021,2020-12-31,native_mse,20260911,0.005518532924551857,,1,1
state90,2596,2021-10-08,2021-10-18,-0.0038006269617851,2021,2020-12-31,native_mse,20260911,0.012263523541426666,,1,0
state90,2601,2021-10-15,2021-10-25,0.0037358989621147,2021,2020-12-31,native_mse,20260911,0.005744974739242532,,1,1
state90,2606,2021-10-22,2021-11-01,-0.0127041632091318,2021,2020-12-31,native_mse,20260911,-0.002876912071818175,,0,0
state90,2611,2021-10-29,2021-11-08,-0.0075807737801166,2021,2020-12-31,native_mse,20260911,0.007299876265916085,,1,0
state90,2616,2021-11-05,2021-11-15,0.0110015182343039,2021,2020-12-31,native_mse,20260911,0.01509194783358179,,1,1
state90,2621,2021-11-12,2021-11-22,0.0002002284238551,2021,2020-12-31,native_mse,20260911,0.015091062401740971,,1,1
state90,2626,2021-11-19,2021-11-29,-0.0153981603100059,2021,2020-12-31,native_mse,20260911,0.0038828482450291406,,1,0
state90,2631,2021-11-26,2021-12-06,0.0185518287306458,2021,2020-12-31,native_mse,20260911,0.012319022901115752,,1,1
state90,2636,2021-12-03,2021-12-13,0.0367843110096284,2021,2020-12-31,native_mse,20260911,-0.0032795392457900994,,0,1
state90,2641,2021-12-10,2021-12-20,-0.0304615698955996,2021,2020-12-31,native_mse,20260911,0.0011267436480836153,,1,0
state90,2646,2021-12-17,2021-12-27,-0.0034083287233763,2021,2020-12-31,native_mse,20260911,0.009051863032613542,,1,0
state90,2651,2021-12-24,2022-01-04,0.0080985736506613,2021,2020-12-31,native_mse,20260911,0.011692479032888078,,1,1
state90,2656,2021-12-31,2022-01-10,-0.0293970528320001,2021,2020-12-31,native_mse,20260911,0.0061027978323025915,,1,0
state90,2418,2021-01-08,2021-01-18,-0.0120052904669853,2021,2020-12-31,learned_market,20260912,0.49622809203697066,0.49622809203697066,0,0
state90,2423,2021-01-15,2021-01-25,0.0231622460538123,2021,2020-12-31,learned_market,20260912,0.30299511780142024,0.30299511780142024,0,1
state90,2428,2021-01-22,2021-02-01,-0.0372511735907923,2021,2020-12-31,learned_market,20260912,0.2926269390741677,0.2926269390741677,0,0
state90,2433,2021-01-29,2021-02-08,0.0278689901714626,2021,2020-12-31,learned_market,20260912,0.4834854236532544,0.4834854236532544,0,1
state90,2438,2021-02-05,2021-02-22,0.0507379035040882,2021,2020-12-31,learned_market,20260912,0.5449307431156443,0.5449307431156443,1,1
state90,2443,2021-02-19,2021-03-01,-0.0684918010685315,2021,2020-12-31,learned_market,20260912,0.37156624296606255,0.37156624296606255,0,0
state90,2448,2021-02-26,2021-03-08,-0.0165997123904068,2021,2020-12-31,learned_market,20260912,0.5679579035959068,0.5679579035959068,1,0
state90,2453,2021-03-05,2021-03-15,-0.0346560901469681,2021,2020-12-31,learned_market,20260912,0.4912573433049491,0.4912573433049491,0,0
state90,2458,2021-03-12,2021-03-22,-0.0210550182560221,2021,2020-12-31,learned_market,20260912,0.4975950072849539,0.4975950072849539,0,0
state90,2463,2021-03-19,2021-03-29,0.0087572877565691,2021,2020-12-31,learned_market,20260912,0.4862560848839745,0.4862560848839745,0,1
state90,2468,2021-03-26,2021-04-06,0.0250145479448802,2021,2020-12-31,learned_market,20260912,0.5757817923341705,0.5757817923341705,1,1
state90,2473,2021-04-02,2021-04-12,-0.0292856811827044,2021,2020-12-31,learned_market,20260912,0.56297665502886,0.56297665502886,1,0
state90,2477,2021-04-09,2021-04-19,-0.0120489836840408,2021,2020-12-31,learned_market,20260912,0.6833728945724409,0.6833728945724409,1,0
state90,2482,2021-04-16,2021-04-26,0.0382932540809155,2021,2020-12-31,learned_market,20260912,0.6069844199651692,0.6069844199651692,1,1
state90,2487,2021-04-23,2021-05-06,-0.0112070185917437,2021,2020-12-31,learned_market,20260912,0.6957153692040717,0.6957153692040717,1,0
state90,2492,2021-04-30,2021-05-12,-0.0190946889464188,2021,2020-12-31,learned_market,20260912,0.49572812581073494,0.49572812581073494,0,0
state90,2494,2021-05-07,2021-05-17,0.0227674429764228,2021,2020-12-31,learned_market,20260912,0.5923668300862341,0.5923668300862341,1,1
state90,2499,2021-05-14,2021-05-24,0.0045940519733895,2021,2020-12-31,learned_market,20260912,0.5283594579480488,0.5283594579480488,1,1
state90,2504,2021-05-21,2021-05-31,0.0348855085126711,2021,2020-12-31,learned_market,20260912,0.6202700684440092,0.6202700684440092,1,1
state90,2509,2021-05-28,2021-06-07,-0.0062409741861724,2021,2020-12-31,learned_market,20260912,0.5014076959249572,0.5014076959249572,1,0
state90,2514,2021-06-04,2021-06-15,-0.0125508761771767,2021,2020-12-31,learned_market,20260912,0.32971545266050545,0.32971545266050545,0,0
state90,2519,2021-06-11,2021-06-21,-0.0250011497424577,2021,2020-12-31,learned_market,20260912,0.4358470115181578,0.4358470115181578,0,0
state90,2523,2021-06-18,2021-06-28,0.0325308711127356,2021,2020-12-31,learned_market,20260912,0.39660974147357,0.39660974147357,0,1
state90,2528,2021-06-25,2021-07-05,-0.0342297962734196,2021,2020-12-31,learned_market,20260912,0.2996275446219084,0.2996275446219084,0,0
state90,2533,2021-07-02,2021-07-12,0.0068193733271841,2021,2020-12-31,learned_market,20260912,0.5151635455277491,0.5151635455277491,1,1
state90,2538,2021-07-09,2021-07-19,-0.0048254045313779,2021,2020-12-31,learned_market,20260912,0.6207119283283139,0.6207119283283139,1,0
state90,2543,2021-07-16,2021-07-26,-0.0032299118953994,2021,2020-12-31,learned_market,20260912,0.49005551482262627,0.49005551482262627,0,0
state90,2548,2021-07-23,2021-08-02,-0.0537740931579083,2021,2020-12-31,learned_market,20260912,0.6154753433492549,0.6154753433492549,1,0
state90,2553,2021-07-30,2021-08-09,0.019904813945049,2021,2020-12-31,learned_market,20260912,0.5234204191777538,0.5234204191777538,1,1
state90,2558,2021-08-06,2021-08-16,0.0093369268709639,2021,2020-12-31,learned_market,20260912,0.5141172877385481,0.5141172877385481,1,1
state90,2563,2021-08-13,2021-08-23,-0.032048736608373,2021,2020-12-31,learned_market,20260912,0.799712207667327,0.799712207667327,1,0
state90,2568,2021-08-20,2021-08-30,0.0145047962107527,2021,2020-12-31,learned_market,20260912,0.6945524744678218,0.6945524744678218,1,1
state90,2573,2021-08-27,2021-09-06,-0.0012316820816045,2021,2020-12-31,learned_market,20260912,0.650209110265474,0.650209110265474,1,0
state90,2578,2021-09-03,2021-09-13,0.0342301066295398,2021,2020-12-31,learned_market,20260912,0.5845335348210389,0.5845335348210389,1,1
state90,2583,2021-09-10,2021-09-22,-0.0471441667981554,2021,2020-12-31,learned_market,20260912,0.5978406592956743,0.5978406592956743,1,0
state90,2588,2021-09-17,2021-09-28,0.0209863060789441,2021,2020-12-31,learned_market,20260912,0.5426754501942058,0.5426754501942058,1,1
state90,2591,2021-09-24,2021-10-11,0.0144615416200457,2021,2020-12-31,learned_market,20260912,0.43126701380981713,0.43126701380981713,0,1
state90,2596,2021-10-08,2021-10-18,-0.0038006269617851,2021,2020-12-31,learned_market,20260912,0.6941559587516039,0.6941559587516039,1,0
state90,2601,2021-10-15,2021-10-25,0.0037358989621147,2021,2020-12-31,learned_market,20260912,0.5572300046897983,0.5572300046897983,1,1
state90,2606,2021-10-22,2021-11-01,-0.0127041632091318,2021,2020-12-31,learned_market,20260912,0.6299600436601378,0.6299600436601378,1,0
state90,2611,2021-10-29,2021-11-08,-0.0075807737801166,2021,2020-12-31,learned_market,20260912,0.464512357293061,0.464512357293061,0,0
state90,2616,2021-11-05,2021-11-15,0.0110015182343039,2021,2020-12-31,learned_market,20260912,0.508116852058366,0.508116852058366,1,1
state90,2621,2021-11-12,2021-11-22,0.0002002284238551,2021,2020-12-31,learned_market,20260912,0.6443350708781979,0.6443350708781979,1,1
state90,2626,2021-11-19,2021-11-29,-0.0153981603100059,2021,2020-12-31,learned_market,20260912,0.6693433688568049,0.6693433688568049,1,0
state90,2631,2021-11-26,2021-12-06,0.0185518287306458,2021,2020-12-31,learned_market,20260912,0.4564357929986235,0.4564357929986235,0,1
state90,2636,2021-12-03,2021-12-13,0.0367843110096284,2021,2020-12-31,learned_market,20260912,0.41978771600214365,0.41978771600214365,0,1
state90,2641,2021-12-10,2021-12-20,-0.0304615698955996,2021,2020-12-31,learned_market,20260912,0.6271976821534841,0.6271976821534841,1,0
state90,2646,2021-12-17,2021-12-27,-0.0034083287233763,2021,2020-12-31,learned_market,20260912,0.6038032181672566,0.6038032181672566,1,0
state90,2651,2021-12-24,2022-01-04,0.0080985736506613,2021,2020-12-31,learned_market,20260912,0.46482306192949696,0.46482306192949696,0,1
state90,2656,2021-12-31,2022-01-10,-0.0293970528320001,2021,2020-12-31,learned_market,20260912,0.6466363276154498,0.6466363276154498,1,0
state90,2418,2021-01-08,2021-01-18,-0.0120052904669853,2021,2020-12-31,learned_vol_interaction,20260912,0.49620713842529096,0.49620713842529096,0,0
state90,2423,2021-01-15,2021-01-25,0.0231622460538123,2021,2020-12-31,learned_vol_interaction,20260912,0.30370534508378266,0.30370534508378266,0,1
state90,2428,2021-01-22,2021-02-01,-0.0372511735907923,2021,2020-12-31,learned_vol_interaction,20260912,0.2931342483584557,0.2931342483584557,0,0
state90,2433,2021-01-29,2021-02-08,0.0278689901714626,2021,2020-12-31,learned_vol_interaction,20260912,0.4851476188516167,0.4851476188516167,0,1
state90,2438,2021-02-05,2021-02-22,0.0507379035040882,2021,2020-12-31,learned_vol_interaction,20260912,0.5455559755252699,0.5455559755252699,1,1
state90,2443,2021-02-19,2021-03-01,-0.0684918010685315,2021,2020-12-31,learned_vol_interaction,20260912,0.37201410439640853,0.37201410439640853,0,0
state90,2448,2021-02-26,2021-03-08,-0.0165997123904068,2021,2020-12-31,learned_vol_interaction,20260912,0.5647303221106473,0.5647303221106473,1,0
state90,2453,2021-03-05,2021-03-15,-0.0346560901469681,2021,2020-12-31,learned_vol_interaction,20260912,0.4925362885158211,0.4925362885158211,0,0
state90,2458,2021-03-12,2021-03-22,-0.0210550182560221,2021,2020-12-31,learned_vol_interaction,20260912,0.5001941106115585,0.5001941106115585,1,0
state90,2463,2021-03-19,2021-03-29,0.0087572877565691,2021,2020-12-31,learned_vol_interaction,20260912,0.4917119078225818,0.4917119078225818,0,1
state90,2468,2021-03-26,2021-04-06,0.0250145479448802,2021,2020-12-31,learned_vol_interaction,20260912,0.5754614207160266,0.5754614207160266,1,1
state90,2473,2021-04-02,2021-04-12,-0.0292856811827044,2021,2020-12-31,learned_vol_interaction,20260912,0.5647750064828143,0.5647750064828143,1,0
state90,2477,2021-04-09,2021-04-19,-0.0120489836840408,2021,2020-12-31,learned_vol_interaction,20260912,0.6851225390103307,0.6851225390103307,1,0
state90,2482,2021-04-16,2021-04-26,0.0382932540809155,2021,2020-12-31,learned_vol_interaction,20260912,0.6079794499510633,0.6079794499510633,1,1
state90,2487,2021-04-23,2021-05-06,-0.0112070185917437,2021,2020-12-31,learned_vol_interaction,20260912,0.6970440278111448,0.6970440278111448,1,0
state90,2492,2021-04-30,2021-05-12,-0.0190946889464188,2021,2020-12-31,learned_vol_interaction,20260912,0.49508455771909865,0.49508455771909865,0,0
state90,2494,2021-05-07,2021-05-17,0.0227674429764228,2021,2020-12-31,learned_vol_interaction,20260912,0.5936076847954643,0.5936076847954643,1,1
state90,2499,2021-05-14,2021-05-24,0.0045940519733895,2021,2020-12-31,learned_vol_interaction,20260912,0.5260594519724338,0.5260594519724338,1,1
state90,2504,2021-05-21,2021-05-31,0.0348855085126711,2021,2020-12-31,learned_vol_interaction,20260912,0.6194700609717307,0.6194700609717307,1,1
state90,2509,2021-05-28,2021-06-07,-0.0062409741861724,2021,2020-12-31,learned_vol_interaction,20260912,0.4999311238130264,0.4999311238130264,0,0
state90,2514,2021-06-04,2021-06-15,-0.0125508761771767,2021,2020-12-31,learned_vol_interaction,20260912,0.32963442443266894,0.32963442443266894,0,0
state90,2519,2021-06-11,2021-06-21,-0.0250011497424577,2021,2020-12-31,learned_vol_interaction,20260912,0.43487798405591244,0.43487798405591244,0,0
state90,2523,2021-06-18,2021-06-28,0.0325308711127356,2021,2020-12-31,learned_vol_interaction,20260912,0.39563184997461803,0.39563184997461803,0,1
state90,2528,2021-06-25,2021-07-05,-0.0342297962734196,2021,2020-12-31,learned_vol_interaction,20260912,0.2936971410007611,0.2936971410007611,0,0
state90,2533,2021-07-02,2021-07-12,0.0068193733271841,2021,2020-12-31,learned_vol_interaction,20260912,0.5148668706411704,0.5148668706411704,1,1
state90,2538,2021-07-09,2021-07-19,-0.0048254045313779,2021,2020-12-31,learned_vol_interaction,20260912,0.6186903340218607,0.6186903340218607,1,0
state90,2543,2021-07-16,2021-07-26,-0.0032299118953994,2021,2020-12-31,learned_vol_interaction,20260912,0.4865946477628708,0.4865946477628708,0,0
state90,2548,2021-07-23,2021-08-02,-0.0537740931579083,2021,2020-12-31,learned_vol_interaction,20260912,0.6139762603963855,0.6139762603963855,1,0
state90,2553,2021-07-30,2021-08-09,0.019904813945049,2021,2020-12-31,learned_vol_interaction,20260912,0.5240194778238666,0.5240194778238666,1,1
state90,2558,2021-08-06,2021-08-16,0.0093369268709639,2021,2020-12-31,learned_vol_interaction,20260912,0.5136649464816024,0.5136649464816024,1,1
state90,2563,2021-08-13,2021-08-23,-0.032048736608373,2021,2020-12-31,learned_vol_interaction,20260912,0.7945167952306426,0.7945167952306426,1,0
state90,2568,2021-08-20,2021-08-30,0.0145047962107527,2021,2020-12-31,learned_vol_interaction,20260912,0.6928180790402312,0.6928180790402312,1,1
state90,2573,2021-08-27,2021-09-06,-0.0012316820816045,2021,2020-12-31,learned_vol_interaction,20260912,0.6501421001064899,0.6501421001064899,1,0
state90,2578,2021-09-03,2021-09-13,0.0342301066295398,2021,2020-12-31,learned_vol_interaction,20260912,0.5834223088141877,0.5834223088141877,1,1
state90,2583,2021-09-10,2021-09-22,-0.0471441667981554,2021,2020-12-31,learned_vol_interaction,20260912,0.5980779969137336,0.5980779969137336,1,0
state90,2588,2021-09-17,2021-09-28,0.0209863060789441,2021,2020-12-31,learned_vol_interaction,20260912,0.5427243889928098,0.5427243889928098,1,1
state90,2591,2021-09-24,2021-10-11,0.0144615416200457,2021,2020-12-31,learned_vol_interaction,20260912,0.42884602217775675,0.42884602217775675,0,1
state90,2596,2021-10-08,2021-10-18,-0.0038006269617851,2021,2020-12-31,learned_vol_interaction,20260912,0.695102696328134,0.695102696328134,1,0
state90,2601,2021-10-15,2021-10-25,0.0037358989621147,2021,2020-12-31,learned_vol_interaction,20260912,0.5555453048521898,0.5555453048521898,1,1
state90,2606,2021-10-22,2021-11-01,-0.0127041632091318,2021,2020-12-31,learned_vol_interaction,20260912,0.6315277731833727,0.6315277731833727,1,0
state90,2611,2021-10-29,2021-11-08,-0.0075807737801166,2021,2020-12-31,learned_vol_interaction,20260912,0.46060481961428473,0.46060481961428473,0,0
state90,2616,2021-11-05,2021-11-15,0.0110015182343039,2021,2020-12-31,learned_vol_interaction,20260912,0.5028238020220486,0.5028238020220486,1,1
state90,2621,2021-11-12,2021-11-22,0.0002002284238551,2021,2020-12-31,learned_vol_interaction,20260912,0.6449850400218169,0.6449850400218169,1,1
state90,2626,2021-11-19,2021-11-29,-0.0153981603100059,2021,2020-12-31,learned_vol_interaction,20260912,0.6701888269993593,0.6701888269993593,1,0
state90,2631,2021-11-26,2021-12-06,0.0185518287306458,2021,2020-12-31,learned_vol_interaction,20260912,0.45043317964934776,0.45043317964934776,0,1
state90,2636,2021-12-03,2021-12-13,0.0367843110096284,2021,2020-12-31,learned_vol_interaction,20260912,0.41071461893066585,0.41071461893066585,0,1
state90,2641,2021-12-10,2021-12-20,-0.0304615698955996,2021,2020-12-31,learned_vol_interaction,20260912,0.6266555065384815,0.6266555065384815,1,0
state90,2646,2021-12-17,2021-12-27,-0.0034083287233763,2021,2020-12-31,learned_vol_interaction,20260912,0.6026505934203981,0.6026505934203981,1,0
state90,2651,2021-12-24,2022-01-04,0.0080985736506613,2021,2020-12-31,learned_vol_interaction,20260912,0.46036515762682995,0.46036515762682995,0,1
state90,2656,2021-12-31,2022-01-10,-0.0293970528320001,2021,2020-12-31,learned_vol_interaction,20260912,0.6445590390816363,0.6445590390816363,1,0
state90,2418,2021-01-08,2021-01-18,-0.0120052904669853,2021,2020-12-31,learned_order_extension,20260912,0.4980709373270918,0.4980709373270918,0,0
state90,2423,2021-01-15,2021-01-25,0.0231622460538123,2021,2020-12-31,learned_order_extension,20260912,0.3077801048995167,0.3077801048995167,0,1
state90,2428,2021-01-22,2021-02-01,-0.0372511735907923,2021,2020-12-31,learned_order_extension,20260912,0.2945790953929349,0.2945790953929349,0,0
state90,2433,2021-01-29,2021-02-08,0.0278689901714626,2021,2020-12-31,learned_order_extension,20260912,0.4869306132003812,0.4869306132003812,0,1
state90,2438,2021-02-05,2021-02-22,0.0507379035040882,2021,2020-12-31,learned_order_extension,20260912,0.5470942643821933,0.5470942643821933,1,1
state90,2443,2021-02-19,2021-03-01,-0.0684918010685315,2021,2020-12-31,learned_order_extension,20260912,0.37256373051610003,0.37256373051610003,0,0
state90,2448,2021-02-26,2021-03-08,-0.0165997123904068,2021,2020-12-31,learned_order_extension,20260912,0.5652884202407723,0.5652884202407723,1,0
state90,2453,2021-03-05,2021-03-15,-0.0346560901469681,2021,2020-12-31,learned_order_extension,20260912,0.4938099782773414,0.4938099782773414,0,0
state90,2458,2021-03-12,2021-03-22,-0.0210550182560221,2021,2020-12-31,learned_order_extension,20260912,0.5011342068332141,0.5011342068332141,1,0
state90,2463,2021-03-19,2021-03-29,0.0087572877565691,2021,2020-12-31,learned_order_extension,20260912,0.49318584601318854,0.49318584601318854,0,1
state90,2468,2021-03-26,2021-04-06,0.0250145479448802,2021,2020-12-31,learned_order_extension,20260912,0.5765372992952104,0.5765372992952104,1,1
state90,2473,2021-04-02,2021-04-12,-0.0292856811827044,2021,2020-12-31,learned_order_extension,20260912,0.5661836120897463,0.5661836120897463,1,0
state90,2477,2021-04-09,2021-04-19,-0.0120489836840408,2021,2020-12-31,learned_order_extension,20260912,0.687046194737299,0.687046194737299,1,0
state90,2482,2021-04-16,2021-04-26,0.0382932540809155,2021,2020-12-31,learned_order_extension,20260912,0.6079705501613304,0.6079705501613304,1,1
state90,2487,2021-04-23,2021-05-06,-0.0112070185917437,2021,2020-12-31,learned_order_extension,20260912,0.7001630679827717,0.7001630679827717,1,0
state90,2492,2021-04-30,2021-05-12,-0.0190946889464188,2021,2020-12-31,learned_order_extension,20260912,0.4918375430018398,0.4918375430018398,0,0
state90,2494,2021-05-07,2021-05-17,0.0227674429764228,2021,2020-12-31,learned_order_extension,20260912,0.5924909504537539,0.5924909504537539,1,1
state90,2499,2021-05-14,2021-05-24,0.0045940519733895,2021,2020-12-31,learned_order_extension,20260912,0.5211782975246303,0.5211782975246303,1,1
state90,2504,2021-05-21,2021-05-31,0.0348855085126711,2021,2020-12-31,learned_order_extension,20260912,0.6201148626993727,0.6201148626993727,1,1
state90,2509,2021-05-28,2021-06-07,-0.0062409741861724,2021,2020-12-31,learned_order_extension,20260912,0.49912386449059004,0.49912386449059004,0,0
state90,2514,2021-06-04,2021-06-15,-0.0125508761771767,2021,2020-12-31,learned_order_extension,20260912,0.3220408483503156,0.3220408483503156,0,0
state90,2519,2021-06-11,2021-06-21,-0.0250011497424577,2021,2020-12-31,learned_order_extension,20260912,0.4292917957601971,0.4292917957601971,0,0
state90,2523,2021-06-18,2021-06-28,0.0325308711127356,2021,2020-12-31,learned_order_extension,20260912,0.39019861803489025,0.39019861803489025,0,1
state90,2528,2021-06-25,2021-07-05,-0.0342297962734196,2021,2020-12-31,learned_order_extension,20260912,0.28601239769549003,0.28601239769549003,0,0
state90,2533,2021-07-02,2021-07-12,0.0068193733271841,2021,2020-12-31,learned_order_extension,20260912,0.511988380684367,0.511988380684367,1,1
state90,2538,2021-07-09,2021-07-19,-0.0048254045313779,2021,2020-12-31,learned_order_extension,20260912,0.6213632916420614,0.6213632916420614,1,0
state90,2543,2021-07-16,2021-07-26,-0.0032299118953994,2021,2020-12-31,learned_order_extension,20260912,0.4783021837038135,0.4783021837038135,0,0
state90,2548,2021-07-23,2021-08-02,-0.0537740931579083,2021,2020-12-31,learned_order_extension,20260912,0.6124295217712632,0.6124295217712632,1,0
state90,2553,2021-07-30,2021-08-09,0.019904813945049,2021,2020-12-31,learned_order_extension,20260912,0.5183173735705874,0.5183173735705874,1,1
state90,2558,2021-08-06,2021-08-16,0.0093369268709639,2021,2020-12-31,learned_order_extension,20260912,0.509509202348959,0.509509202348959,1,1
state90,2563,2021-08-13,2021-08-23,-0.032048736608373,2021,2020-12-31,learned_order_extension,20260912,0.7945715828017712,0.7945715828017712,1,0
state90,2568,2021-08-20,2021-08-30,0.0145047962107527,2021,2020-12-31,learned_order_extension,20260912,0.6924411435011819,0.6924411435011819,1,1
state90,2573,2021-08-27,2021-09-06,-0.0012316820816045,2021,2020-12-31,learned_order_extension,20260912,0.6485120883138071,0.6485120883138071,1,0
state90,2578,2021-09-03,2021-09-13,0.0342301066295398,2021,2020-12-31,learned_order_extension,20260912,0.5805757513729569,0.5805757513729569,1,1
state90,2583,2021-09-10,2021-09-22,-0.0471441667981554,2021,2020-12-31,learned_order_extension,20260912,0.5978065821661347,0.5978065821661347,1,0
state90,2588,2021-09-17,2021-09-28,0.0209863060789441,2021,2020-12-31,learned_order_extension,20260912,0.5376103337187045,0.5376103337187045,1,1
state90,2591,2021-09-24,2021-10-11,0.0144615416200457,2021,2020-12-31,learned_order_extension,20260912,0.4159392588263915,0.4159392588263915,0,1
state90,2596,2021-10-08,2021-10-18,-0.0038006269617851,2021,2020-12-31,learned_order_extension,20260912,0.6977983653498382,0.6977983653498382,1,0
state90,2601,2021-10-15,2021-10-25,0.0037358989621147,2021,2020-12-31,learned_order_extension,20260912,0.5511774737639048,0.5511774737639048,1,1
state90,2606,2021-10-22,2021-11-01,-0.0127041632091318,2021,2020-12-31,learned_order_extension,20260912,0.6314497295780248,0.6314497295780248,1,0
state90,2611,2021-10-29,2021-11-08,-0.0075807737801166,2021,2020-12-31,learned_order_extension,20260912,0.4555702872833959,0.4555702872833959,0,0
state90,2616,2021-11-05,2021-11-15,0.0110015182343039,2021,2020-12-31,learned_order_extension,20260912,0.49440987235614653,0.49440987235614653,0,1
state90,2621,2021-11-12,2021-11-22,0.0002002284238551,2021,2020-12-31,learned_order_extension,20260912,0.6457846168027762,0.6457846168027762,1,1
state90,2626,2021-11-19,2021-11-29,-0.0153981603100059,2021,2020-12-31,learned_order_extension,20260912,0.6758557957877199,0.6758557957877199,1,0
state90,2631,2021-11-26,2021-12-06,0.0185518287306458,2021,2020-12-31,learned_order_extension,20260912,0.43384934218808535,0.43384934218808535,0,1
state90,2636,2021-12-03,2021-12-13,0.0367843110096284,2021,2020-12-31,learned_order_extension,20260912,0.40088382776410036,0.40088382776410036,0,1
state90,2641,2021-12-10,2021-12-20,-0.0304615698955996,2021,2020-12-31,learned_order_extension,20260912,0.6273782384824466,0.6273782384824466,1,0
state90,2646,2021-12-17,2021-12-27,-0.0034083287233763,2021,2020-12-31,learned_order_extension,20260912,0.5990729401360653,0.5990729401360653,1,0
state90,2651,2021-12-24,2022-01-04,0.0080985736506613,2021,2020-12-31,learned_order_extension,20260912,0.44993121305292894,0.44993121305292894,0,1
state90,2656,2021-12-31,2022-01-10,-0.0293970528320001,2021,2020-12-31,learned_order_extension,20260912,0.6465331383092103,0.6465331383092103,1,0
state90,2418,2021-01-08,2021-01-18,-0.0120052904669853,2021,2020-12-31,learned_order_offset,20260912,0.4978619856473434,0.4978619856473434,0,0
state90,2423,2021-01-15,2021-01-25,0.0231622460538123,2021,2020-12-31,learned_order_offset,20260912,0.30753172112864313,0.30753172112864313,0,1
state90,2428,2021-01-22,2021-02-01,-0.0372511735907923,2021,2020-12-31,learned_order_offset,20260912,0.29417599189344534,0.29417599189344534,0,0
state90,2433,2021-01-29,2021-02-08,0.0278689901714626,2021,2020-12-31,learned_order_offset,20260912,0.48673077860534075,0.48673077860534075,0,1
state90,2438,2021-02-05,2021-02-22,0.0507379035040882,2021,2020-12-31,learned_order_offset,20260912,0.5468628858044645,0.5468628858044645,1,1
state90,2443,2021-02-19,2021-03-01,-0.0684918010685315,2021,2020-12-31,learned_order_offset,20260912,0.37253784220409425,0.37253784220409425,0,0
state90,2448,2021-02-26,2021-03-08,-0.0165997123904068,2021,2020-12-31,learned_order_offset,20260912,0.5649799919042372,0.5649799919042372,1,0
state90,2453,2021-03-05,2021-03-15,-0.0346560901469681,2021,2020-12-31,learned_order_offset,20260912,0.49348358050186064,0.49348358050186064,0,0
state90,2458,2021-03-12,2021-03-22,-0.0210550182560221,2021,2020-12-31,learned_order_offset,20260912,0.500928953286114,0.500928953286114,1,0
state90,2463,2021-03-19,2021-03-29,0.0087572877565691,2021,2020-12-31,learned_order_offset,20260912,0.493170220106531,0.493170220106531,0,1
state90,2468,2021-03-26,2021-04-06,0.0250145479448802,2021,2020-12-31,learned_order_offset,20260912,0.5766144810517231,0.5766144810517231,1,1
state90,2473,2021-04-02,2021-04-12,-0.0292856811827044,2021,2020-12-31,learned_order_offset,20260912,0.566102470284805,0.566102470284805,1,0
state90,2477,2021-04-09,2021-04-19,-0.0120489836840408,2021,2020-12-31,learned_order_offset,20260912,0.6869015293782829,0.6869015293782829,1,0
state90,2482,2021-04-16,2021-04-26,0.0382932540809155,2021,2020-12-31,learned_order_offset,20260912,0.6078000978596377,0.6078000978596377,1,1
state90,2487,2021-04-23,2021-05-06,-0.0112070185917437,2021,2020-12-31,learned_order_offset,20260912,0.6999268378054232,0.6999268378054232,1,0
state90,2492,2021-04-30,2021-05-12,-0.0190946889464188,2021,2020-12-31,learned_order_offset,20260912,0.49168441153382075,0.49168441153382075,0,0
state90,2494,2021-05-07,2021-05-17,0.0227674429764228,2021,2020-12-31,learned_order_offset,20260912,0.5919092456876717,0.5919092456876717,1,1
state90,2499,2021-05-14,2021-05-24,0.0045940519733895,2021,2020-12-31,learned_order_offset,20260912,0.5203594988625989,0.5203594988625989,1,1
state90,2504,2021-05-21,2021-05-31,0.0348855085126711,2021,2020-12-31,learned_order_offset,20260912,0.6196299438561572,0.6196299438561572,1,1
state90,2509,2021-05-28,2021-06-07,-0.0062409741861724,2021,2020-12-31,learned_order_offset,20260912,0.498513660109647,0.498513660109647,0,0
state90,2514,2021-06-04,2021-06-15,-0.0125508761771767,2021,2020-12-31,learned_order_offset,20260912,0.32211543056065006,0.32211543056065006,0,0
state90,2519,2021-06-11,2021-06-21,-0.0250011497424577,2021,2020-12-31,learned_order_offset,20260912,0.4292652143972748,0.4292652143972748,0,0
state90,2523,2021-06-18,2021-06-28,0.0325308711127356,2021,2020-12-31,learned_order_offset,20260912,0.389839647004703,0.389839647004703,0,1
state90,2528,2021-06-25,2021-07-05,-0.0342297962734196,2021,2020-12-31,learned_order_offset,20260912,0.2857328768925556,0.2857328768925556,0,0
state90,2533,2021-07-02,2021-07-12,0.0068193733271841,2021,2020-12-31,learned_order_offset,20260912,0.5120272781444086,0.5120272781444086,1,1
state90,2538,2021-07-09,2021-07-19,-0.0048254045313779,2021,2020-12-31,learned_order_offset,20260912,0.6210298644444885,0.6210298644444885,1,0
state90,2543,2021-07-16,2021-07-26,-0.0032299118953994,2021,2020-12-31,learned_order_offset,20260912,0.47780664490085595,0.47780664490085595,0,0
state90,2548,2021-07-23,2021-08-02,-0.0537740931579083,2021,2020-12-31,learned_order_offset,20260912,0.6120939315881804,0.6120939315881804,1,0
state90,2553,2021-07-30,2021-08-09,0.019904813945049,2021,2020-12-31,learned_order_offset,20260912,0.5180210270033623,0.5180210270033623,1,1
state90,2558,2021-08-06,2021-08-16,0.0093369268709639,2021,2020-12-31,learned_order_offset,20260912,0.5092578634100278,0.5092578634100278,1,1
state90,2563,2021-08-13,2021-08-23,-0.032048736608373,2021,2020-12-31,learned_order_offset,20260912,0.7940343211531239,0.7940343211531239,1,0
state90,2568,2021-08-20,2021-08-30,0.0145047962107527,2021,2020-12-31,learned_order_offset,20260912,0.6920631539348041,0.6920631539348041,1,1
state90,2573,2021-08-27,2021-09-06,-0.0012316820816045,2021,2020-12-31,learned_order_offset,20260912,0.6483618872645227,0.6483618872645227,1,0
state90,2578,2021-09-03,2021-09-13,0.0342301066295398,2021,2020-12-31,learned_order_offset,20260912,0.5804326441216299,0.5804326441216299,1,1
state90,2583,2021-09-10,2021-09-22,-0.0471441667981554,2021,2020-12-31,learned_order_offset,20260912,0.5974417197776336,0.5974417197776336,1,0
state90,2588,2021-09-17,2021-09-28,0.0209863060789441,2021,2020-12-31,learned_order_offset,20260912,0.5373217574451546,0.5373217574451546,1,1
state90,2591,2021-09-24,2021-10-11,0.0144615416200457,2021,2020-12-31,learned_order_offset,20260912,0.4161001339098918,0.4161001339098918,0,1
state90,2596,2021-10-08,2021-10-18,-0.0038006269617851,2021,2020-12-31,learned_order_offset,20260912,0.6979478393130971,0.6979478393130971,1,0
state90,2601,2021-10-15,2021-10-25,0.0037358989621147,2021,2020-12-31,learned_order_offset,20260912,0.5509092482748328,0.5509092482748328,1,1
state90,2606,2021-10-22,2021-11-01,-0.0127041632091318,2021,2020-12-31,learned_order_offset,20260912,0.6314800730261438,0.6314800730261438,1,0
state90,2611,2021-10-29,2021-11-08,-0.0075807737801166,2021,2020-12-31,learned_order_offset,20260912,0.4556342209286503,0.4556342209286503,0,0
state90,2616,2021-11-05,2021-11-15,0.0110015182343039,2021,2020-12-31,learned_order_offset,20260912,0.4943242193979672,0.4943242193979672,0,1
state90,2621,2021-11-12,2021-11-22,0.0002002284238551,2021,2020-12-31,learned_order_offset,20260912,0.6453907944726573,0.6453907944726573,1,1
state90,2626,2021-11-19,2021-11-29,-0.0153981603100059,2021,2020-12-31,learned_order_offset,20260912,0.6755480100450049,0.6755480100450049,1,0
state90,2631,2021-11-26,2021-12-06,0.0185518287306458,2021,2020-12-31,learned_order_offset,20260912,0.433749464940142,0.433749464940142,0,1
state90,2636,2021-12-03,2021-12-13,0.0367843110096284,2021,2020-12-31,learned_order_offset,20260912,0.40082929584196636,0.40082929584196636,0,1
state90,2641,2021-12-10,2021-12-20,-0.0304615698955996,2021,2020-12-31,learned_order_offset,20260912,0.6269777961806212,0.6269777961806212,1,0
state90,2646,2021-12-17,2021-12-27,-0.0034083287233763,2021,2020-12-31,learned_order_offset,20260912,0.5984618782434332,0.5984618782434332,1,0
state90,2651,2021-12-24,2022-01-04,0.0080985736506613,2021,2020-12-31,learned_order_offset,20260912,0.4493817362197275,0.4493817362197275,0,1
state90,2656,2021-12-31,2022-01-10,-0.0293970528320001,2021,2020-12-31,learned_order_offset,20260912,0.6464286773203256,0.6464286773203256,1,0
state90,2418,2021-01-08,2021-01-18,-0.0120052904669853,2021,2020-12-31,native_mse,20260912,0.001397497585867654,,1,0
state90,2423,2021-01-15,2021-01-25,0.0231622460538123,2021,2020-12-31,native_mse,20260912,0.0006715229500529757,,1,1
state90,2428,2021-01-22,2021-02-01,-0.0372511735907923,2021,2020-12-31,native_mse,20260912,0.0008989216255188498,,1,0
state90,2433,2021-01-29,2021-02-08,0.0278689901714626,2021,2020-12-31,native_mse,20260912,0.0007959764416317159,,1,1
state90,2438,2021-02-05,2021-02-22,0.0507379035040882,2021,2020-12-31,native_mse,20260912,0.0012803740659475327,,1,1
state90,2443,2021-02-19,2021-03-01,-0.0684918010685315,2021,2020-12-31,native_mse,20260912,0.0009133829615551264,,1,0
state90,2448,2021-02-26,2021-03-08,-0.0165997123904068,2021,2020-12-31,native_mse,20260912,0.0013704992420810927,,1,0
state90,2453,2021-03-05,2021-03-15,-0.0346560901469681,2021,2020-12-31,native_mse,20260912,0.0008756814992302536,,1,0
state90,2458,2021-03-12,2021-03-22,-0.0210550182560221,2021,2020-12-31,native_mse,20260912,0.0011757184818956695,,1,0
state90,2463,2021-03-19,2021-03-29,0.0087572877565691,2021,2020-12-31,native_mse,20260912,0.0010792053864410744,,1,1
state90,2468,2021-03-26,2021-04-06,0.0250145479448802,2021,2020-12-31,native_mse,20260912,0.0011499309968955886,,1,1
state90,2473,2021-04-02,2021-04-12,-0.0292856811827044,2021,2020-12-31,native_mse,20260912,0.0010410156043567688,,1,0
state90,2477,2021-04-09,2021-04-19,-0.0120489836840408,2021,2020-12-31,native_mse,20260912,0.0015346227958627386,,1,0
state90,2482,2021-04-16,2021-04-26,0.0382932540809155,2021,2020-12-31,native_mse,20260912,0.001333459240383137,,1,1
state90,2487,2021-04-23,2021-05-06,-0.0112070185917437,2021,2020-12-31,native_mse,20260912,0.0016691075435783544,,1,0
state90,2492,2021-04-30,2021-05-12,-0.0190946889464188,2021,2020-12-31,native_mse,20260912,0.0008697905080337705,,1,0
state90,2494,2021-05-07,2021-05-17,0.0227674429764228,2021,2020-12-31,native_mse,20260912,0.0011496090030479206,,1,1
state90,2499,2021-05-14,2021-05-24,0.0045940519733895,2021,2020-12-31,native_mse,20260912,0.0010483063772099349,,1,1
state90,2504,2021-05-21,2021-05-31,0.0348855085126711,2021,2020-12-31,native_mse,20260912,0.0011439525898009322,,1,1
state90,2509,2021-05-28,2021-06-07,-0.0062409741861724,2021,2020-12-31,native_mse,20260912,0.0011525125328662067,,1,0
state90,2514,2021-06-04,2021-06-15,-0.0125508761771767,2021,2020-12-31,native_mse,20260912,0.0007128828650729158,,1,0
state90,2519,2021-06-11,2021-06-21,-0.0250011497424577,2021,2020-12-31,native_mse,20260912,0.0008407535701623152,,1,0
state90,2523,2021-06-18,2021-06-28,0.0325308711127356,2021,2020-12-31,native_mse,20260912,0.0005295128002944305,,1,1
state90,2528,2021-06-25,2021-07-05,-0.0342297962734196,2021,2020-12-31,native_mse,20260912,0.0004392776625445282,,1,0
state90,2533,2021-07-02,2021-07-12,0.0068193733271841,2021,2020-12-31,native_mse,20260912,0.0008802423955353033,,1,1
state90,2538,2021-07-09,2021-07-19,-0.0048254045313779,2021,2020-12-31,native_mse,20260912,0.001025036941487719,,1,0
state90,2543,2021-07-16,2021-07-26,-0.0032299118953994,2021,2020-12-31,native_mse,20260912,0.0009848540154367372,,1,0
state90,2548,2021-07-23,2021-08-02,-0.0537740931579083,2021,2020-12-31,native_mse,20260912,0.0010837390229232473,,1,0
state90,2553,2021-07-30,2021-08-09,0.019904813945049,2021,2020-12-31,native_mse,20260912,0.0007753634039124927,,1,1
state90,2558,2021-08-06,2021-08-16,0.0093369268709639,2021,2020-12-31,native_mse,20260912,0.0010686946751112278,,1,1
state90,2563,2021-08-13,2021-08-23,-0.032048736608373,2021,2020-12-31,native_mse,20260912,0.0016819071064647707,,1,0
state90,2568,2021-08-20,2021-08-30,0.0145047962107527,2021,2020-12-31,native_mse,20260912,0.0015674609930577542,,1,1
state90,2573,2021-08-27,2021-09-06,-0.0012316820816045,2021,2020-12-31,native_mse,20260912,0.0015518786224257932,,1,0
state90,2578,2021-09-03,2021-09-13,0.0342301066295398,2021,2020-12-31,native_mse,20260912,0.0015775578367383941,,1,1
state90,2583,2021-09-10,2021-09-22,-0.0471441667981554,2021,2020-12-31,native_mse,20260912,0.00097730888589041,,1,0
state90,2588,2021-09-17,2021-09-28,0.0209863060789441,2021,2020-12-31,native_mse,20260912,0.0010514539644274003,,1,1
state90,2591,2021-09-24,2021-10-11,0.0144615416200457,2021,2020-12-31,native_mse,20260912,0.0009736007301348337,,1,1
state90,2596,2021-10-08,2021-10-18,-0.0038006269617851,2021,2020-12-31,native_mse,20260912,0.0017059097904301645,,1,0
state90,2601,2021-10-15,2021-10-25,0.0037358989621147,2021,2020-12-31,native_mse,20260912,0.0013112113818953192,,1,1
state90,2606,2021-10-22,2021-11-01,-0.0127041632091318,2021,2020-12-31,native_mse,20260912,0.001166627382206441,,1,0
state90,2611,2021-10-29,2021-11-08,-0.0075807737801166,2021,2020-12-31,native_mse,20260912,0.0010497018546840582,,1,0
state90,2616,2021-11-05,2021-11-15,0.0110015182343039,2021,2020-12-31,native_mse,20260912,0.0009666279543883876,,1,1
state90,2621,2021-11-12,2021-11-22,0.0002002284238551,2021,2020-12-31,native_mse,20260912,0.00100753152357648,,1,1
state90,2626,2021-11-19,2021-11-29,-0.0153981603100059,2021,2020-12-31,native_mse,20260912,0.0011440904261233744,,1,0
state90,2631,2021-11-26,2021-12-06,0.0185518287306458,2021,2020-12-31,native_mse,20260912,0.0008222023383696463,,1,1
state90,2636,2021-12-03,2021-12-13,0.0367843110096284,2021,2020-12-31,native_mse,20260912,0.000663622110562264,,1,1
state90,2641,2021-12-10,2021-12-20,-0.0304615698955996,2021,2020-12-31,native_mse,20260912,0.0012207854253852776,,1,0
state90,2646,2021-12-17,2021-12-27,-0.0034083287233763,2021,2020-12-31,native_mse,20260912,0.0012339786672550855,,1,0
state90,2651,2021-12-24,2022-01-04,0.0080985736506613,2021,2020-12-31,native_mse,20260912,0.0010451229218044734,,1,1
state90,2656,2021-12-31,2022-01-10,-0.0293970528320001,2021,2020-12-31,native_mse,20260912,0.001214204791414166,,1,0
state90,2660,2022-01-07,2022-01-17,-0.0173453887283024,2022,2021-12-31,learned_market,20260910,0.5688001187262542,0.5688001187262542,1,0
state90,2665,2022-01-14,2022-01-24,0.0053248631776616,2022,2021-12-31,learned_market,20260910,0.6536697221556952,0.6536697221556952,1,1
state90,2670,2022-01-21,2022-02-07,-0.0242661876254222,2022,2021-12-31,learned_market,20260910,0.667180452286777,0.667180452286777,1,0
state90,2675,2022-01-28,2022-02-14,-0.0127539031341488,2022,2021-12-31,learned_market,20260910,0.6821990081341186,0.6821990081341186,1,0
state90,2680,2022-02-11,2022-02-21,0.0145498774954033,2022,2021-12-31,learned_market,20260910,0.6685932622029157,0.6685932622029157,1,1
state90,2685,2022-02-18,2022-02-28,-0.0177161244498015,2022,2021-12-31,learned_market,20260910,0.721020181747073,0.721020181747073,1,0
state90,2690,2022-02-25,2022-03-07,-0.0221791776043331,2022,2021-12-31,learned_market,20260910,0.6720256213340763,0.6720256213340763,1,0
state90,2695,2022-03-04,2022-03-14,-0.0480378799422749,2022,2021-12-31,learned_market,20260910,0.6491632424244927,0.6491632424244927,1,0
state90,2700,2022-03-11,2022-03-21,0.007530336734814,2022,2021-12-31,learned_market,20260910,0.7072260560701839,0.7072260560701839,1,1
state90,2705,2022-03-18,2022-03-28,-0.0353493110038457,2022,2021-12-31,learned_market,20260910,0.680562718896786,0.680562718896786,1,0
state90,2710,2022-03-25,2022-04-06,0.0314834190717003,2022,2021-12-31,learned_market,20260910,0.7149297850291989,0.7149297850291989,1,1
state90,2715,2022-04-01,2022-04-12,-0.0129237372705649,2022,2021-12-31,learned_market,20260910,0.699650234779605,0.699650234779605,1,0
state90,2718,2022-04-08,2022-04-18,-0.0120986062576864,2022,2021-12-31,learned_market,20260910,0.7081466712193373,0.7081466712193373,1,0
state90,2723,2022-04-15,2022-04-25,-0.0528494340140576,2022,2021-12-31,learned_market,20260910,0.6903510287050534,0.6903510287050534,1,0
state90,2728,2022-04-22,2022-05-05,0.015736821365468,2022,2021-12-31,learned_market,20260910,0.6523274039170177,0.6523274039170177,1,1
state90,2733,2022-04-29,2022-05-11,-0.0278824133054675,2022,2021-12-31,learned_market,20260910,0.6356812320546283,0.6356812320546283,1,0
state90,2735,2022-05-06,2022-05-16,0.033741423035827,2022,2021-12-31,learned_market,20260910,0.655223736292306,0.655223736292306,1,1
state90,2740,2022-05-13,2022-05-23,0.0164308841843088,2022,2021-12-31,learned_market,20260910,0.6496742007126685,0.6496742007126685,1,1
state90,2745,2022-05-20,2022-05-30,-0.0147293413085614,2022,2021-12-31,learned_market,20260910,0.5903492522212237,0.5903492522212237,1,0
state90,2750,2022-05-27,2022-06-13,0.0431748431927498,2022,2021-12-31,learned_market,20260910,0.5153438231225524,0.5153438231225524,1,1
state90,2759,2022-06-10,2022-06-20,0.0306046547112142,2022,2021-12-31,learned_market,20260910,0.5373450933252282,0.5373450933252282,1,1
state90,2764,2022-06-17,2022-06-27,0.0211666894141107,2022,2021-12-31,learned_market,20260910,0.48085394757640604,0.48085394757640604,0,1
state90,2769,2022-06-24,2022-07-04,0.0074507343130214,2022,2021-12-31,learned_market,20260910,0.48460550715379297,0.48460550715379297,0,1
state90,2774,2022-07-01,2022-07-11,-0.0092349827532707,2022,2021-12-31,learned_market,20260910,0.5770861008001591,0.5770861008001591,1,0
state90,2779,2022-07-08,2022-07-18,-0.0326815927737367,2022,2021-12-31,learned_market,20260910,0.5381607401143592,0.5381607401143592,1,0
state90,2784,2022-07-15,2022-07-25,-0.0066210715249344,2022,2021-12-31,learned_market,20260910,0.4788824704425519,0.4788824704425519,0,0
state90,2789,2022-07-22,2022-08-01,-0.0173077967751003,2022,2021-12-31,learned_market,20260910,0.567115820912824,0.567115820912824,1,0
state90,2794,2022-07-29,2022-08-08,-0.004456034513838,2022,2021-12-31,learned_market,20260910,0.7475455860840632,0.7475455860840632,1,0
state90,2799,2022-08-05,2022-08-15,0.0091475117753996,2022,2021-12-31,learned_market,20260910,0.6586912425838466,0.6586912425838466,1,1
state90,2804,2022-08-12,2022-08-22,-0.0107272727272728,2022,2021-12-31,learned_market,20260910,0.6453382465097172,0.6453382465097172,1,0
state90,2809,2022-08-19,2022-08-29,-0.0172375434082356,2022,2021-12-31,learned_market,20260910,0.674643796620323,0.674643796620323,1,0
state90,2814,2022-08-26,2022-09-05,-0.0131573766941938,2022,2021-12-31,learned_market,20260910,0.6396510058407642,0.6396510058407642,1,0
state90,2819,2022-09-02,2022-09-13,0.0253340680878015,2022,2021-12-31,learned_market,20260910,0.6087605094365632,0.6087605094365632,1,1
state90,2824,2022-09-09,2022-09-19,-0.044647264962877,2022,2021-12-31,learned_market,20260910,0.7721790950630053,0.7721790950630053,1,0
state90,2828,2022-09-16,2022-09-26,-0.025155151434928,2022,2021-12-31,learned_market,20260910,0.5649186144863099,0.5649186144863099,1,0
state90,2833,2022-09-23,2022-10-10,-0.0060162941299352,2022,2021-12-31,learned_market,20260910,0.7324525583451496,0.7324525583451496,1,0
state90,2838,2022-09-30,2022-10-17,0.0041192047412885,2022,2021-12-31,learned_market,20260910,0.551594616292446,0.551594616292446,1,1
state90,2843,2022-10-14,2022-10-24,-0.0246766294110258,2022,2021-12-31,learned_market,20260910,0.6403027330022243,0.6403027330022243,1,0
state90,2848,2022-10-21,2022-10-31,-0.059928861134359,2022,2021-12-31,learned_market,20260910,0.6606065161528551,0.6606065161528551,1,0
state90,2853,2022-10-28,2022-11-07,0.071339502526744,2022,2021-12-31,learned_market,20260910,0.48869287053926297,0.48869287053926297,0,1
state90,2858,2022-11-04,2022-11-14,0.0169449090696014,2022,2021-12-31,learned_market,20260910,0.6432135269489713,0.6432135269489713,1,1
state90,2863,2022-11-11,2022-11-21,-0.0127051391515239,2022,2021-12-31,learned_market,20260910,0.606337907594987,0.606337907594987,1,0
state90,2868,2022-11-18,2022-11-28,-0.0179672806084416,2022,2021-12-31,learned_market,20260910,0.6352060184234257,0.6352060184234257,1,0
state90,2873,2022-11-25,2022-12-05,0.0555768659337096,2022,2021-12-31,learned_market,20260910,0.5292964513377313,0.5292964513377313,1,1
state90,2878,2022-12-02,2022-12-12,0.0175374394775362,2022,2021-12-31,learned_market,20260910,0.481550712810143,0.481550712810143,0,1
state90,2883,2022-12-09,2022-12-19,-0.0058850602464181,2022,2021-12-31,learned_market,20260910,0.4285114421333059,0.4285114421333059,0,0
state90,2888,2022-12-16,2022-12-26,-0.0309150292073658,2022,2021-12-31,learned_market,20260910,0.606228916591695,0.606228916591695,1,0
state90,2893,2022-12-23,2023-01-03,0.0089464492229616,2022,2021-12-31,learned_market,20260910,0.5056788487987638,0.5056788487987638,1,1
state90,2898,2022-12-30,2023-01-09,0.0345913414268119,2022,2021-12-31,learned_market,20260910,0.5477899926075573,0.5477899926075573,1,1
state90,2660,2022-01-07,2022-01-17,-0.0173453887283024,2022,2021-12-31,learned_vol_interaction,20260910,0.5831076461801695,0.5831076461801695,1,0
state90,2665,2022-01-14,2022-01-24,0.0053248631776616,2022,2021-12-31,learned_vol_interaction,20260910,0.6744765119030697,0.6744765119030697,1,1
state90,2670,2022-01-21,2022-02-07,-0.0242661876254222,2022,2021-12-31,learned_vol_interaction,20260910,0.6652743592454685,0.6652743592454685,1,0
state90,2675,2022-01-28,2022-02-14,-0.0127539031341488,2022,2021-12-31,learned_vol_interaction,20260910,0.6916788990216658,0.6916788990216658,1,0
state90,2680,2022-02-11,2022-02-21,0.0145498774954033,2022,2021-12-31,learned_vol_interaction,20260910,0.6656475068815167,0.6656475068815167,1,1
state90,2685,2022-02-18,2022-02-28,-0.0177161244498015,2022,2021-12-31,learned_vol_interaction,20260910,0.7192657526415306,0.7192657526415306,1,0
state90,2690,2022-02-25,2022-03-07,-0.0221791776043331,2022,2021-12-31,learned_vol_interaction,20260910,0.665128795190077,0.665128795190077,1,0
state90,2695,2022-03-04,2022-03-14,-0.0480378799422749,2022,2021-12-31,learned_vol_interaction,20260910,0.6570221213989423,0.6570221213989423,1,0
state90,2700,2022-03-11,2022-03-21,0.007530336734814,2022,2021-12-31,learned_vol_interaction,20260910,0.7032750021899432,0.7032750021899432,1,1
state90,2705,2022-03-18,2022-03-28,-0.0353493110038457,2022,2021-12-31,learned_vol_interaction,20260910,0.6524086529307518,0.6524086529307518,1,0
state90,2710,2022-03-25,2022-04-06,0.0314834190717003,2022,2021-12-31,learned_vol_interaction,20260910,0.6942468524177501,0.6942468524177501,1,1
state90,2715,2022-04-01,2022-04-12,-0.0129237372705649,2022,2021-12-31,learned_vol_interaction,20260910,0.6692714430207383,0.6692714430207383,1,0
state90,2718,2022-04-08,2022-04-18,-0.0120986062576864,2022,2021-12-31,learned_vol_interaction,20260910,0.6870213134300237,0.6870213134300237,1,0
state90,2723,2022-04-15,2022-04-25,-0.0528494340140576,2022,2021-12-31,learned_vol_interaction,20260910,0.6863123370385322,0.6863123370385322,1,0
state90,2728,2022-04-22,2022-05-05,0.015736821365468,2022,2021-12-31,learned_vol_interaction,20260910,0.650740889856783,0.650740889856783,1,1
state90,2733,2022-04-29,2022-05-11,-0.0278824133054675,2022,2021-12-31,learned_vol_interaction,20260910,0.6202221031032191,0.6202221031032191,1,0
state90,2735,2022-05-06,2022-05-16,0.033741423035827,2022,2021-12-31,learned_vol_interaction,20260910,0.6392496752711616,0.6392496752711616,1,1
state90,2740,2022-05-13,2022-05-23,0.0164308841843088,2022,2021-12-31,learned_vol_interaction,20260910,0.6413212557500495,0.6413212557500495,1,1
state90,2745,2022-05-20,2022-05-30,-0.0147293413085614,2022,2021-12-31,learned_vol_interaction,20260910,0.5814333950080588,0.5814333950080588,1,0
state90,2750,2022-05-27,2022-06-13,0.0431748431927498,2022,2021-12-31,learned_vol_interaction,20260910,0.5197460553923614,0.5197460553923614,1,1
state90,2759,2022-06-10,2022-06-20,0.0306046547112142,2022,2021-12-31,learned_vol_interaction,20260910,0.5385759882805518,0.5385759882805518,1,1
state90,2764,2022-06-17,2022-06-27,0.0211666894141107,2022,2021-12-31,learned_vol_interaction,20260910,0.48255164210709656,0.48255164210709656,0,1
state90,2769,2022-06-24,2022-07-04,0.0074507343130214,2022,2021-12-31,learned_vol_interaction,20260910,0.4796566656164814,0.4796566656164814,0,1
state90,2774,2022-07-01,2022-07-11,-0.0092349827532707,2022,2021-12-31,learned_vol_interaction,20260910,0.5729293041374858,0.5729293041374858,1,0
state90,2779,2022-07-08,2022-07-18,-0.0326815927737367,2022,2021-12-31,learned_vol_interaction,20260910,0.5302683386209299,0.5302683386209299,1,0
state90,2784,2022-07-15,2022-07-25,-0.0066210715249344,2022,2021-12-31,learned_vol_interaction,20260910,0.4744529012062564,0.4744529012062564,0,0
state90,2789,2022-07-22,2022-08-01,-0.0173077967751003,2022,2021-12-31,learned_vol_interaction,20260910,0.568735503293615,0.568735503293615,1,0
state90,2794,2022-07-29,2022-08-08,-0.004456034513838,2022,2021-12-31,learned_vol_interaction,20260910,0.7449112931956193,0.7449112931956193,1,0
state90,2799,2022-08-05,2022-08-15,0.0091475117753996,2022,2021-12-31,learned_vol_interaction,20260910,0.6690803670858058,0.6690803670858058,1,1
state90,2804,2022-08-12,2022-08-22,-0.0107272727272728,2022,2021-12-31,learned_vol_interaction,20260910,0.6571875580323422,0.6571875580323422,1,0
state90,2809,2022-08-19,2022-08-29,-0.0172375434082356,2022,2021-12-31,learned_vol_interaction,20260910,0.6670716563865554,0.6670716563865554,1,0
state90,2814,2022-08-26,2022-09-05,-0.0131573766941938,2022,2021-12-31,learned_vol_interaction,20260910,0.6419725542084096,0.6419725542084096,1,0
state90,2819,2022-09-02,2022-09-13,0.0253340680878015,2022,2021-12-31,learned_vol_interaction,20260910,0.6153521718981038,0.6153521718981038,1,1
state90,2824,2022-09-09,2022-09-19,-0.044647264962877,2022,2021-12-31,learned_vol_interaction,20260910,0.784077999023363,0.784077999023363,1,0
state90,2828,2022-09-16,2022-09-26,-0.025155151434928,2022,2021-12-31,learned_vol_interaction,20260910,0.5761867154144525,0.5761867154144525,1,0
state90,2833,2022-09-23,2022-10-10,-0.0060162941299352,2022,2021-12-31,learned_vol_interaction,20260910,0.7436633183671754,0.7436633183671754,1,0
state90,2838,2022-09-30,2022-10-17,0.0041192047412885,2022,2021-12-31,learned_vol_interaction,20260910,0.5600994269795847,0.5600994269795847,1,1
state90,2843,2022-10-14,2022-10-24,-0.0246766294110258,2022,2021-12-31,learned_vol_interaction,20260910,0.6357117591692524,0.6357117591692524,1,0
state90,2848,2022-10-21,2022-10-31,-0.059928861134359,2022,2021-12-31,learned_vol_interaction,20260910,0.6680943131119911,0.6680943131119911,1,0
state90,2853,2022-10-28,2022-11-07,0.071339502526744,2022,2021-12-31,learned_vol_interaction,20260910,0.4928902394481825,0.4928902394481825,0,1
state90,2858,2022-11-04,2022-11-14,0.0169449090696014,2022,2021-12-31,learned_vol_interaction,20260910,0.6146316194730053,0.6146316194730053,1,1
state90,2863,2022-11-11,2022-11-21,-0.0127051391515239,2022,2021-12-31,learned_vol_interaction,20260910,0.5902125996115632,0.5902125996115632,1,0
state90,2868,2022-11-18,2022-11-28,-0.0179672806084416,2022,2021-12-31,learned_vol_interaction,20260910,0.6226898926200907,0.6226898926200907,1,0
state90,2873,2022-11-25,2022-12-05,0.0555768659337096,2022,2021-12-31,learned_vol_interaction,20260910,0.5363930512088583,0.5363930512088583,1,1
state90,2878,2022-12-02,2022-12-12,0.0175374394775362,2022,2021-12-31,learned_vol_interaction,20260910,0.4815686247668643,0.4815686247668643,0,1
state90,2883,2022-12-09,2022-12-19,-0.0058850602464181,2022,2021-12-31,learned_vol_interaction,20260910,0.4159362652943189,0.4159362652943189,0,0
state90,2888,2022-12-16,2022-12-26,-0.0309150292073658,2022,2021-12-31,learned_vol_interaction,20260910,0.605083809558607,0.605083809558607,1,0
state90,2893,2022-12-23,2023-01-03,0.0089464492229616,2022,2021-12-31,learned_vol_interaction,20260910,0.4991053059678844,0.4991053059678844,0,1
state90,2898,2022-12-30,2023-01-09,0.0345913414268119,2022,2021-12-31,learned_vol_interaction,20260910,0.5490024086475767,0.5490024086475767,1,1
state90,2660,2022-01-07,2022-01-17,-0.0173453887283024,2022,2021-12-31,learned_order_extension,20260910,0.566864392886939,0.566864392886939,1,0
state90,2665,2022-01-14,2022-01-24,0.0053248631776616,2022,2021-12-31,learned_order_extension,20260910,0.6690763940918765,0.6690763940918765,1,1
state90,2670,2022-01-21,2022-02-07,-0.0242661876254222,2022,2021-12-31,learned_order_extension,20260910,0.6566842946116621,0.6566842946116621,1,0
state90,2675,2022-01-28,2022-02-14,-0.0127539031341488,2022,2021-12-31,learned_order_extension,20260910,0.668769824144909,0.668769824144909,1,0
state90,2680,2022-02-11,2022-02-21,0.0145498774954033,2022,2021-12-31,learned_order_extension,20260910,0.6554002636047295,0.6554002636047295,1,1
state90,2685,2022-02-18,2022-02-28,-0.0177161244498015,2022,2021-12-31,learned_order_extension,20260910,0.7136098531605942,0.7136098531605942,1,0
state90,2690,2022-02-25,2022-03-07,-0.0221791776043331,2022,2021-12-31,learned_order_extension,20260910,0.6487731912125562,0.6487731912125562,1,0
state90,2695,2022-03-04,2022-03-14,-0.0480378799422749,2022,2021-12-31,learned_order_extension,20260910,0.6318792296674466,0.6318792296674466,1,0
state90,2700,2022-03-11,2022-03-21,0.007530336734814,2022,2021-12-31,learned_order_extension,20260910,0.6914869969738268,0.6914869969738268,1,1
state90,2705,2022-03-18,2022-03-28,-0.0353493110038457,2022,2021-12-31,learned_order_extension,20260910,0.6587542387705517,0.6587542387705517,1,0
state90,2710,2022-03-25,2022-04-06,0.0314834190717003,2022,2021-12-31,learned_order_extension,20260910,0.6972076913228429,0.6972076913228429,1,1
state90,2715,2022-04-01,2022-04-12,-0.0129237372705649,2022,2021-12-31,learned_order_extension,20260910,0.6698700948387382,0.6698700948387382,1,0
state90,2718,2022-04-08,2022-04-18,-0.0120986062576864,2022,2021-12-31,learned_order_extension,20260910,0.6806371615463094,0.6806371615463094,1,0
state90,2723,2022-04-15,2022-04-25,-0.0528494340140576,2022,2021-12-31,learned_order_extension,20260910,0.6734562693191574,0.6734562693191574,1,0
state90,2728,2022-04-22,2022-05-05,0.015736821365468,2022,2021-12-31,learned_order_extension,20260910,0.6412880357294892,0.6412880357294892,1,1
state90,2733,2022-04-29,2022-05-11,-0.0278824133054675,2022,2021-12-31,learned_order_extension,20260910,0.6287985885797217,0.6287985885797217,1,0
state90,2735,2022-05-06,2022-05-16,0.033741423035827,2022,2021-12-31,learned_order_extension,20260910,0.6540416538097915,0.6540416538097915,1,1
state90,2740,2022-05-13,2022-05-23,0.0164308841843088,2022,2021-12-31,learned_order_extension,20260910,0.6547674512326901,0.6547674512326901,1,1
state90,2745,2022-05-20,2022-05-30,-0.0147293413085614,2022,2021-12-31,learned_order_extension,20260910,0.5882230547766246,0.5882230547766246,1,0
state90,2750,2022-05-27,2022-06-13,0.0431748431927498,2022,2021-12-31,learned_order_extension,20260910,0.508142218915277,0.508142218915277,1,1
state90,2759,2022-06-10,2022-06-20,0.0306046547112142,2022,2021-12-31,learned_order_extension,20260910,0.5322541068789998,0.5322541068789998,1,1
state90,2764,2022-06-17,2022-06-27,0.0211666894141107,2022,2021-12-31,learned_order_extension,20260910,0.4859253122353308,0.4859253122353308,0,1
state90,2769,2022-06-24,2022-07-04,0.0074507343130214,2022,2021-12-31,learned_order_extension,20260910,0.4875812841679665,0.4875812841679665,0,1
state90,2774,2022-07-01,2022-07-11,-0.0092349827532707,2022,2021-12-31,learned_order_extension,20260910,0.5673900409205141,0.5673900409205141,1,0
state90,2779,2022-07-08,2022-07-18,-0.0326815927737367,2022,2021-12-31,learned_order_extension,20260910,0.5410131618864253,0.5410131618864253,1,0
state90,2784,2022-07-15,2022-07-25,-0.0066210715249344,2022,2021-12-31,learned_order_extension,20260910,0.47973859027832644,0.47973859027832644,0,0
state90,2789,2022-07-22,2022-08-01,-0.0173077967751003,2022,2021-12-31,learned_order_extension,20260910,0.5665009900782988,0.5665009900782988,1,0
state90,2794,2022-07-29,2022-08-08,-0.004456034513838,2022,2021-12-31,learned_order_extension,20260910,0.6826002369228839,0.6826002369228839,1,0
state90,2799,2022-08-05,2022-08-15,0.0091475117753996,2022,2021-12-31,learned_order_extension,20260910,0.6264531350174127,0.6264531350174127,1,1
state90,2804,2022-08-12,2022-08-22,-0.0107272727272728,2022,2021-12-31,learned_order_extension,20260910,0.6234550049594982,0.6234550049594982,1,0
state90,2809,2022-08-19,2022-08-29,-0.0172375434082356,2022,2021-12-31,learned_order_extension,20260910,0.614312207680884,0.614312207680884,1,0
state90,2814,2022-08-26,2022-09-05,-0.0131573766941938,2022,2021-12-31,learned_order_extension,20260910,0.6167311395003157,0.6167311395003157,1,0
state90,2819,2022-09-02,2022-09-13,0.0253340680878015,2022,2021-12-31,learned_order_extension,20260910,0.5957625148526239,0.5957625148526239,1,1
state90,2824,2022-09-09,2022-09-19,-0.044647264962877,2022,2021-12-31,learned_order_extension,20260910,0.6877495846105631,0.6877495846105631,1,0
state90,2828,2022-09-16,2022-09-26,-0.025155151434928,2022,2021-12-31,learned_order_extension,20260910,0.5682731902480352,0.5682731902480352,1,0
state90,2833,2022-09-23,2022-10-10,-0.0060162941299352,2022,2021-12-31,learned_order_extension,20260910,0.6781748015829271,0.6781748015829271,1,0
state90,2838,2022-09-30,2022-10-17,0.0041192047412885,2022,2021-12-31,learned_order_extension,20260910,0.5645710885067642,0.5645710885067642,1,1
state90,2843,2022-10-14,2022-10-24,-0.0246766294110258,2022,2021-12-31,learned_order_extension,20260910,0.6076423145030778,0.6076423145030778,1,0
state90,2848,2022-10-21,2022-10-31,-0.059928861134359,2022,2021-12-31,learned_order_extension,20260910,0.6557670364672438,0.6557670364672438,1,0
state90,2853,2022-10-28,2022-11-07,0.071339502526744,2022,2021-12-31,learned_order_extension,20260910,0.49762556857203943,0.49762556857203943,0,1
state90,2858,2022-11-04,2022-11-14,0.0169449090696014,2022,2021-12-31,learned_order_extension,20260910,0.613159850832912,0.613159850832912,1,1
state90,2863,2022-11-11,2022-11-21,-0.0127051391515239,2022,2021-12-31,learned_order_extension,20260910,0.5964706436497149,0.5964706436497149,1,0
state90,2868,2022-11-18,2022-11-28,-0.0179672806084416,2022,2021-12-31,learned_order_extension,20260910,0.6322085568902898,0.6322085568902898,1,0
state90,2873,2022-11-25,2022-12-05,0.0555768659337096,2022,2021-12-31,learned_order_extension,20260910,0.5288535444594932,0.5288535444594932,1,1
state90,2878,2022-12-02,2022-12-12,0.0175374394775362,2022,2021-12-31,learned_order_extension,20260910,0.45376890427100824,0.45376890427100824,0,1
state90,2883,2022-12-09,2022-12-19,-0.0058850602464181,2022,2021-12-31,learned_order_extension,20260910,0.3857611085657667,0.3857611085657667,0,0
state90,2888,2022-12-16,2022-12-26,-0.0309150292073658,2022,2021-12-31,learned_order_extension,20260910,0.6088248587164643,0.6088248587164643,1,0
state90,2893,2022-12-23,2023-01-03,0.0089464492229616,2022,2021-12-31,learned_order_extension,20260910,0.4984357443577794,0.4984357443577794,0,1
state90,2898,2022-12-30,2023-01-09,0.0345913414268119,2022,2021-12-31,learned_order_extension,20260910,0.5535432643045607,0.5535432643045607,1,1
state90,2660,2022-01-07,2022-01-17,-0.0173453887283024,2022,2021-12-31,learned_order_offset,20260910,0.5666647543526758,0.5666647543526758,1,0
state90,2665,2022-01-14,2022-01-24,0.0053248631776616,2022,2021-12-31,learned_order_offset,20260910,0.6685371525240916,0.6685371525240916,1,1
state90,2670,2022-01-21,2022-02-07,-0.0242661876254222,2022,2021-12-31,learned_order_offset,20260910,0.6567323025522784,0.6567323025522784,1,0
state90,2675,2022-01-28,2022-02-14,-0.0127539031341488,2022,2021-12-31,learned_order_offset,20260910,0.6683313210695451,0.6683313210695451,1,0
state90,2680,2022-02-11,2022-02-21,0.0145498774954033,2022,2021-12-31,learned_order_offset,20260910,0.6551608348224088,0.6551608348224088,1,1
state90,2685,2022-02-18,2022-02-28,-0.0177161244498015,2022,2021-12-31,learned_order_offset,20260910,0.713244067556852,0.713244067556852,1,0
state90,2690,2022-02-25,2022-03-07,-0.0221791776043331,2022,2021-12-31,learned_order_offset,20260910,0.6484724441889236,0.6484724441889236,1,0
state90,2695,2022-03-04,2022-03-14,-0.0480378799422749,2022,2021-12-31,learned_order_offset,20260910,0.6314504954417829,0.6314504954417829,1,0
state90,2700,2022-03-11,2022-03-21,0.007530336734814,2022,2021-12-31,learned_order_offset,20260910,0.691194443082509,0.691194443082509,1,1
state90,2705,2022-03-18,2022-03-28,-0.0353493110038457,2022,2021-12-31,learned_order_offset,20260910,0.6583803934930407,0.6583803934930407,1,0
state90,2710,2022-03-25,2022-04-06,0.0314834190717003,2022,2021-12-31,learned_order_offset,20260910,0.696855601595334,0.696855601595334,1,1
state90,2715,2022-04-01,2022-04-12,-0.0129237372705649,2022,2021-12-31,learned_order_offset,20260910,0.6694890325996018,0.6694890325996018,1,0
state90,2718,2022-04-08,2022-04-18,-0.0120986062576864,2022,2021-12-31,learned_order_offset,20260910,0.6803426001198963,0.6803426001198963,1,0
state90,2723,2022-04-15,2022-04-25,-0.0528494340140576,2022,2021-12-31,learned_order_offset,20260910,0.6731249980220481,0.6731249980220481,1,0
state90,2728,2022-04-22,2022-05-05,0.015736821365468,2022,2021-12-31,learned_order_offset,20260910,0.641097331377158,0.641097331377158,1,1
state90,2733,2022-04-29,2022-05-11,-0.0278824133054675,2022,2021-12-31,learned_order_offset,20260910,0.6286451625043376,0.6286451625043376,1,0
state90,2735,2022-05-06,2022-05-16,0.033741423035827,2022,2021-12-31,learned_order_offset,20260910,0.6539023380631441,0.6539023380631441,1,1
state90,2740,2022-05-13,2022-05-23,0.0164308841843088,2022,2021-12-31,learned_order_offset,20260910,0.6546369622968728,0.6546369622968728,1,1
state90,2745,2022-05-20,2022-05-30,-0.0147293413085614,2022,2021-12-31,learned_order_offset,20260910,0.5880855347067084,0.5880855347067084,1,0
state90,2750,2022-05-27,2022-06-13,0.0431748431927498,2022,2021-12-31,learned_order_offset,20260910,0.5080704772787945,0.5080704772787945,1,1
state90,2759,2022-06-10,2022-06-20,0.0306046547112142,2022,2021-12-31,learned_order_offset,20260910,0.5321675139264588,0.5321675139264588,1,1
state90,2764,2022-06-17,2022-06-27,0.0211666894141107,2022,2021-12-31,learned_order_offset,20260910,0.485730573138482,0.485730573138482,0,1
state90,2769,2022-06-24,2022-07-04,0.0074507343130214,2022,2021-12-31,learned_order_offset,20260910,0.48755264163513784,0.48755264163513784,0,1
state90,2774,2022-07-01,2022-07-11,-0.0092349827532707,2022,2021-12-31,learned_order_offset,20260910,0.5672840355549256,0.5672840355549256,1,0
state90,2779,2022-07-08,2022-07-18,-0.0326815927737367,2022,2021-12-31,learned_order_offset,20260910,0.5409192694310424,0.5409192694310424,1,0
state90,2784,2022-07-15,2022-07-25,-0.0066210715249344,2022,2021-12-31,learned_order_offset,20260910,0.47961995538049773,0.47961995538049773,0,0
state90,2789,2022-07-22,2022-08-01,-0.0173077967751003,2022,2021-12-31,learned_order_offset,20260910,0.5660618100474655,0.5660618100474655,1,0
state90,2794,2022-07-29,2022-08-08,-0.004456034513838,2022,2021-12-31,learned_order_offset,20260910,0.6825374208841533,0.6825374208841533,1,0
state90,2799,2022-08-05,2022-08-15,0.0091475117753996,2022,2021-12-31,learned_order_offset,20260910,0.6262247306552385,0.6262247306552385,1,1
state90,2804,2022-08-12,2022-08-22,-0.0107272727272728,2022,2021-12-31,learned_order_offset,20260910,0.6232298710955773,0.6232298710955773,1,0
state90,2809,2022-08-19,2022-08-29,-0.0172375434082356,2022,2021-12-31,learned_order_offset,20260910,0.6145969170972031,0.6145969170972031,1,0
state90,2814,2022-08-26,2022-09-05,-0.0131573766941938,2022,2021-12-31,learned_order_offset,20260910,0.6165117624275381,0.6165117624275381,1,0
state90,2819,2022-09-02,2022-09-13,0.0253340680878015,2022,2021-12-31,learned_order_offset,20260910,0.5955551925854443,0.5955551925854443,1,1
state90,2824,2022-09-09,2022-09-19,-0.044647264962877,2022,2021-12-31,learned_order_offset,20260910,0.6875149953447156,0.6875149953447156,1,0
state90,2828,2022-09-16,2022-09-26,-0.025155151434928,2022,2021-12-31,learned_order_offset,20260910,0.5682727339716999,0.5682727339716999,1,0
state90,2833,2022-09-23,2022-10-10,-0.0060162941299352,2022,2021-12-31,learned_order_offset,20260910,0.6779775008589831,0.6779775008589831,1,0
state90,2838,2022-09-30,2022-10-17,0.0041192047412885,2022,2021-12-31,learned_order_offset,20260910,0.5645126654405718,0.5645126654405718,1,1
state90,2843,2022-10-14,2022-10-24,-0.0246766294110258,2022,2021-12-31,learned_order_offset,20260910,0.6075471196498429,0.6075471196498429,1,0
state90,2848,2022-10-21,2022-10-31,-0.059928861134359,2022,2021-12-31,learned_order_offset,20260910,0.6556958121122778,0.6556958121122778,1,0
state90,2853,2022-10-28,2022-11-07,0.071339502526744,2022,2021-12-31,learned_order_offset,20260910,0.4975115636558439,0.4975115636558439,0,1
state90,2858,2022-11-04,2022-11-14,0.0169449090696014,2022,2021-12-31,learned_order_offset,20260910,0.6129918071450171,0.6129918071450171,1,1
state90,2863,2022-11-11,2022-11-21,-0.0127051391515239,2022,2021-12-31,learned_order_offset,20260910,0.5961930236665007,0.5961930236665007,1,0
state90,2868,2022-11-18,2022-11-28,-0.0179672806084416,2022,2021-12-31,learned_order_offset,20260910,0.6320302130297768,0.6320302130297768,1,0
state90,2873,2022-11-25,2022-12-05,0.0555768659337096,2022,2021-12-31,learned_order_offset,20260910,0.5287341743413922,0.5287341743413922,1,1
state90,2878,2022-12-02,2022-12-12,0.0175374394775362,2022,2021-12-31,learned_order_offset,20260910,0.4541058300911641,0.4541058300911641,0,1
state90,2883,2022-12-09,2022-12-19,-0.0058850602464181,2022,2021-12-31,learned_order_offset,20260910,0.3859837300056836,0.3859837300056836,0,0
state90,2888,2022-12-16,2022-12-26,-0.0309150292073658,2022,2021-12-31,learned_order_offset,20260910,0.6086215781798711,0.6086215781798711,1,0
state90,2893,2022-12-23,2023-01-03,0.0089464492229616,2022,2021-12-31,learned_order_offset,20260910,0.49854238556394687,0.49854238556394687,0,1
state90,2898,2022-12-30,2023-01-09,0.0345913414268119,2022,2021-12-31,learned_order_offset,20260910,0.5537040132227125,0.5537040132227125,1,1
state90,2660,2022-01-07,2022-01-17,-0.0173453887283024,2022,2021-12-31,native_mse,20260910,-0.0034182510339292468,,0,0
state90,2665,2022-01-14,2022-01-24,0.0053248631776616,2022,2021-12-31,native_mse,20260910,0.004761167720503064,,1,1
state90,2670,2022-01-21,2022-02-07,-0.0242661876254222,2022,2021-12-31,native_mse,20260910,0.013137367547165641,,1,0
state90,2675,2022-01-28,2022-02-14,-0.0127539031341488,2022,2021-12-31,native_mse,20260910,0.010886081661597602,,1,0
state90,2680,2022-02-11,2022-02-21,0.0145498774954033,2022,2021-12-31,native_mse,20260910,0.008879219089809445,,1,1
state90,2685,2022-02-18,2022-02-28,-0.0177161244498015,2022,2021-12-31,native_mse,20260910,0.009476567447344621,,1,0
state90,2690,2022-02-25,2022-03-07,-0.0221791776043331,2022,2021-12-31,native_mse,20260910,0.01051598647298397,,1,0
state90,2695,2022-03-04,2022-03-14,-0.0480378799422749,2022,2021-12-31,native_mse,20260910,0.007053677912636015,,1,0
state90,2700,2022-03-11,2022-03-21,0.007530336734814,2022,2021-12-31,native_mse,20260910,0.010804442451387935,,1,1
state90,2705,2022-03-18,2022-03-28,-0.0353493110038457,2022,2021-12-31,native_mse,20260910,0.0072982657258971444,,1,0
state90,2710,2022-03-25,2022-04-06,0.0314834190717003,2022,2021-12-31,native_mse,20260910,0.007546796616275884,,1,1
state90,2715,2022-04-01,2022-04-12,-0.0129237372705649,2022,2021-12-31,native_mse,20260910,0.006781430452769677,,1,0
state90,2718,2022-04-08,2022-04-18,-0.0120986062576864,2022,2021-12-31,native_mse,20260910,0.00652895075643567,,1,0
state90,2723,2022-04-15,2022-04-25,-0.0528494340140576,2022,2021-12-31,native_mse,20260910,0.006385447465197085,,1,0
state90,2728,2022-04-22,2022-05-05,0.015736821365468,2022,2021-12-31,native_mse,20260910,0.005099274511858865,,1,1
state90,2733,2022-04-29,2022-05-11,-0.0278824133054675,2022,2021-12-31,native_mse,20260910,0.004344044298975658,,1,0
state90,2735,2022-05-06,2022-05-16,0.033741423035827,2022,2021-12-31,native_mse,20260910,0.0035518248227642247,,1,1
state90,2740,2022-05-13,2022-05-23,0.0164308841843088,2022,2021-12-31,native_mse,20260910,0.002890441768532801,,1,1
state90,2745,2022-05-20,2022-05-30,-0.0147293413085614,2022,2021-12-31,native_mse,20260910,0.002556802191789734,,1,0
state90,2750,2022-05-27,2022-06-13,0.0431748431927498,2022,2021-12-31,native_mse,20260910,-0.006714076298392413,,0,1
state90,2759,2022-06-10,2022-06-20,0.0306046547112142,2022,2021-12-31,native_mse,20260910,-0.0017160693271902699,,0,1
state90,2764,2022-06-17,2022-06-27,0.0211666894141107,2022,2021-12-31,native_mse,20260910,-0.005554400786314341,,0,1
state90,2769,2022-06-24,2022-07-04,0.0074507343130214,2022,2021-12-31,native_mse,20260910,-0.006611900023593844,,0,1
state90,2774,2022-07-01,2022-07-11,-0.0092349827532707,2022,2021-12-31,native_mse,20260910,-0.001849659274069034,,0,0
state90,2779,2022-07-08,2022-07-18,-0.0326815927737367,2022,2021-12-31,native_mse,20260910,-0.0036295526636022737,,0,0
state90,2784,2022-07-15,2022-07-25,-0.0066210715249344,2022,2021-12-31,native_mse,20260910,-0.00726704662423343,,0,0
state90,2789,2022-07-22,2022-08-01,-0.0173077967751003,2022,2021-12-31,native_mse,20260910,-0.005304375487712945,,0,0
state90,2794,2022-07-29,2022-08-08,-0.004456034513838,2022,2021-12-31,native_mse,20260910,0.012166125781651363,,1,0
state90,2799,2022-08-05,2022-08-15,0.0091475117753996,2022,2021-12-31,native_mse,20260910,0.004077391662883762,,1,1
state90,2804,2022-08-12,2022-08-22,-0.0107272727272728,2022,2021-12-31,native_mse,20260910,0.0035826870942200968,,1,0
state90,2809,2022-08-19,2022-08-29,-0.0172375434082356,2022,2021-12-31,native_mse,20260910,0.012796192349441387,,1,0
state90,2814,2022-08-26,2022-09-05,-0.0131573766941938,2022,2021-12-31,native_mse,20260910,0.0045980644388349074,,1,0
state90,2819,2022-09-02,2022-09-13,0.0253340680878015,2022,2021-12-31,native_mse,20260910,0.0016393163861851791,,1,1
state90,2824,2022-09-09,2022-09-19,-0.044647264962877,2022,2021-12-31,native_mse,20260910,0.011024491197755238,,1,0
state90,2828,2022-09-16,2022-09-26,-0.025155151434928,2022,2021-12-31,native_mse,20260910,0.0006249539921165778,,1,0
state90,2833,2022-09-23,2022-10-10,-0.0060162941299352,2022,2021-12-31,native_mse,20260910,0.00941379002591237,,1,0
state90,2838,2022-09-30,2022-10-17,0.0041192047412885,2022,2021-12-31,native_mse,20260910,-0.003455449604433236,,0,1
state90,2843,2022-10-14,2022-10-24,-0.0246766294110258,2022,2021-12-31,native_mse,20260910,0.004982119577206458,,1,0
state90,2848,2022-10-21,2022-10-31,-0.059928861134359,2022,2021-12-31,native_mse,20260910,0.004400428951388619,,1,0
state90,2853,2022-10-28,2022-11-07,0.071339502526744,2022,2021-12-31,native_mse,20260910,-0.004533662272660886,,0,1
state90,2858,2022-11-04,2022-11-14,0.0169449090696014,2022,2021-12-31,native_mse,20260910,0.009145763900992613,,1,1
state90,2863,2022-11-11,2022-11-21,-0.0127051391515239,2022,2021-12-31,native_mse,20260910,0.005105981957746508,,1,0
state90,2868,2022-11-18,2022-11-28,-0.0179672806084416,2022,2021-12-31,native_mse,20260910,0.004390010241707061,,1,0
state90,2873,2022-11-25,2022-12-05,0.0555768659337096,2022,2021-12-31,native_mse,20260910,-0.0021694749097981593,,0,1
state90,2878,2022-12-02,2022-12-12,0.0175374394775362,2022,2021-12-31,native_mse,20260910,-0.008963509314181651,,0,1
state90,2883,2022-12-09,2022-12-19,-0.0058850602464181,2022,2021-12-31,native_mse,20260910,-0.008742160121666592,,0,0
state90,2888,2022-12-16,2022-12-26,-0.0309150292073658,2022,2021-12-31,native_mse,20260910,0.00021070675399415396,,1,0
state90,2893,2022-12-23,2023-01-03,0.0089464492229616,2022,2021-12-31,native_mse,20260910,-0.006931659189351796,,0,1
state90,2898,2022-12-30,2023-01-09,0.0345913414268119,2022,2021-12-31,native_mse,20260910,-0.004005139352311209,,0,1
state90,2660,2022-01-07,2022-01-17,-0.0173453887283024,2022,2021-12-31,training_frequency,-1,0.5458298926507019,0.5458298926507019,1,0
state90,2665,2022-01-14,2022-01-24,0.0053248631776616,2022,2021-12-31,training_frequency,-1,0.5458298926507019,0.5458298926507019,1,1
state90,2670,2022-01-21,2022-02-07,-0.0242661876254222,2022,2021-12-31,training_frequency,-1,0.5458298926507019,0.5458298926507019,1,0
state90,2675,2022-01-28,2022-02-14,-0.0127539031341488,2022,2021-12-31,training_frequency,-1,0.5458298926507019,0.5458298926507019,1,0
state90,2680,2022-02-11,2022-02-21,0.0145498774954033,2022,2021-12-31,training_frequency,-1,0.5458298926507019,0.5458298926507019,1,1
state90,2685,2022-02-18,2022-02-28,-0.0177161244498015,2022,2021-12-31,training_frequency,-1,0.5458298926507019,0.5458298926507019,1,0
state90,2690,2022-02-25,2022-03-07,-0.0221791776043331,2022,2021-12-31,training_frequency,-1,0.5458298926507019,0.5458298926507019,1,0
state90,2695,2022-03-04,2022-03-14,-0.0480378799422749,2022,2021-12-31,training_frequency,-1,0.5458298926507019,0.5458298926507019,1,0
state90,2700,2022-03-11,2022-03-21,0.007530336734814,2022,2021-12-31,training_frequency,-1,0.5458298926507019,0.5458298926507019,1,1
state90,2705,2022-03-18,2022-03-28,-0.0353493110038457,2022,2021-12-31,training_frequency,-1,0.5458298926507019,0.5458298926507019,1,0
state90,2710,2022-03-25,2022-04-06,0.0314834190717003,2022,2021-12-31,training_frequency,-1,0.5458298926507019,0.5458298926507019,1,1
state90,2715,2022-04-01,2022-04-12,-0.0129237372705649,2022,2021-12-31,training_frequency,-1,0.5458298926507019,0.5458298926507019,1,0
state90,2718,2022-04-08,2022-04-18,-0.0120986062576864,2022,2021-12-31,training_frequency,-1,0.5458298926507019,0.5458298926507019,1,0
state90,2723,2022-04-15,2022-04-25,-0.0528494340140576,2022,2021-12-31,training_frequency,-1,0.5458298926507019,0.5458298926507019,1,0
state90,2728,2022-04-22,2022-05-05,0.015736821365468,2022,2021-12-31,training_frequency,-1,0.5458298926507019,0.5458298926507019,1,1
state90,2733,2022-04-29,2022-05-11,-0.0278824133054675,2022,2021-12-31,training_frequency,-1,0.5458298926507019,0.5458298926507019,1,0
state90,2735,2022-05-06,2022-05-16,0.033741423035827,2022,2021-12-31,training_frequency,-1,0.5458298926507019,0.5458298926507019,1,1
state90,2740,2022-05-13,2022-05-23,0.0164308841843088,2022,2021-12-31,training_frequency,-1,0.5458298926507019,0.5458298926507019,1,1
state90,2745,2022-05-20,2022-05-30,-0.0147293413085614,2022,2021-12-31,training_frequency,-1,0.5458298926507019,0.5458298926507019,1,0
state90,2750,2022-05-27,2022-06-13,0.0431748431927498,2022,2021-12-31,training_frequency,-1,0.5458298926507019,0.5458298926507019,1,1
state90,2759,2022-06-10,2022-06-20,0.0306046547112142,2022,2021-12-31,training_frequency,-1,0.5458298926507019,0.5458298926507019,1,1
state90,2764,2022-06-17,2022-06-27,0.0211666894141107,2022,2021-12-31,training_frequency,-1,0.5458298926507019,0.5458298926507019,1,1
state90,2769,2022-06-24,2022-07-04,0.0074507343130214,2022,2021-12-31,training_frequency,-1,0.5458298926507019,0.5458298926507019,1,1
state90,2774,2022-07-01,2022-07-11,-0.0092349827532707,2022,2021-12-31,training_frequency,-1,0.5458298926507019,0.5458298926507019,1,0
state90,2779,2022-07-08,2022-07-18,-0.0326815927737367,2022,2021-12-31,training_frequency,-1,0.5458298926507019,0.5458298926507019,1,0
state90,2784,2022-07-15,2022-07-25,-0.0066210715249344,2022,2021-12-31,training_frequency,-1,0.5458298926507019,0.5458298926507019,1,0
state90,2789,2022-07-22,2022-08-01,-0.0173077967751003,2022,2021-12-31,training_frequency,-1,0.5458298926507019,0.5458298926507019,1,0
state90,2794,2022-07-29,2022-08-08,-0.004456034513838,2022,2021-12-31,training_frequency,-1,0.5458298926507019,0.5458298926507019,1,0
state90,2799,2022-08-05,2022-08-15,0.0091475117753996,2022,2021-12-31,training_frequency,-1,0.5458298926507019,0.5458298926507019,1,1
state90,2804,2022-08-12,2022-08-22,-0.0107272727272728,2022,2021-12-31,training_frequency,-1,0.5458298926507019,0.5458298926507019,1,0
state90,2809,2022-08-19,2022-08-29,-0.0172375434082356,2022,2021-12-31,training_frequency,-1,0.5458298926507019,0.5458298926507019,1,0
state90,2814,2022-08-26,2022-09-05,-0.0131573766941938,2022,2021-12-31,training_frequency,-1,0.5458298926507019,0.5458298926507019,1,0
state90,2819,2022-09-02,2022-09-13,0.0253340680878015,2022,2021-12-31,training_frequency,-1,0.5458298926507019,0.5458298926507019,1,1
state90,2824,2022-09-09,2022-09-19,-0.044647264962877,2022,2021-12-31,training_frequency,-1,0.5458298926507019,0.5458298926507019,1,0
state90,2828,2022-09-16,2022-09-26,-0.025155151434928,2022,2021-12-31,training_frequency,-1,0.5458298926507019,0.5458298926507019,1,0
state90,2833,2022-09-23,2022-10-10,-0.0060162941299352,2022,2021-12-31,training_frequency,-1,0.5458298926507019,0.5458298926507019,1,0
state90,2838,2022-09-30,2022-10-17,0.0041192047412885,2022,2021-12-31,training_frequency,-1,0.5458298926507019,0.5458298926507019,1,1
state90,2843,2022-10-14,2022-10-24,-0.0246766294110258,2022,2021-12-31,training_frequency,-1,0.5458298926507019,0.5458298926507019,1,0
state90,2848,2022-10-21,2022-10-31,-0.059928861134359,2022,2021-12-31,training_frequency,-1,0.5458298926507019,0.5458298926507019,1,0
state90,2853,2022-10-28,2022-11-07,0.071339502526744,2022,2021-12-31,training_frequency,-1,0.5458298926507019,0.5458298926507019,1,1
state90,2858,2022-11-04,2022-11-14,0.0169449090696014,2022,2021-12-31,training_frequency,-1,0.5458298926507019,0.5458298926507019,1,1
state90,2863,2022-11-11,2022-11-21,-0.0127051391515239,2022,2021-12-31,training_frequency,-1,0.5458298926507019,0.5458298926507019,1,0
state90,2868,2022-11-18,2022-11-28,-0.0179672806084416,2022,2021-12-31,training_frequency,-1,0.5458298926507019,0.5458298926507019,1,0
state90,2873,2022-11-25,2022-12-05,0.0555768659337096,2022,2021-12-31,training_frequency,-1,0.5458298926507019,0.5458298926507019,1,1
state90,2878,2022-12-02,2022-12-12,0.0175374394775362,2022,2021-12-31,training_frequency,-1,0.5458298926507019,0.5458298926507019,1,1
state90,2883,2022-12-09,2022-12-19,-0.0058850602464181,2022,2021-12-31,training_frequency,-1,0.5458298926507019,0.5458298926507019,1,0
state90,2888,2022-12-16,2022-12-26,-0.0309150292073658,2022,2021-12-31,training_frequency,-1,0.5458298926507019,0.5458298926507019,1,0
state90,2893,2022-12-23,2023-01-03,0.0089464492229616,2022,2021-12-31,training_frequency,-1,0.5458298926507019,0.5458298926507019,1,1
state90,2898,2022-12-30,2023-01-09,0.0345913414268119,2022,2021-12-31,training_frequency,-1,0.5458298926507019,0.5458298926507019,1,1
state90,2660,2022-01-07,2022-01-17,-0.0173453887283024,2022,2021-12-31,learned_market,20260911,0.7294539059117436,0.7294539059117436,1,0
state90,2665,2022-01-14,2022-01-24,0.0053248631776616,2022,2021-12-31,learned_market,20260911,0.8407883156513567,0.8407883156513567,1,1
state90,2670,2022-01-21,2022-02-07,-0.0242661876254222,2022,2021-12-31,learned_market,20260911,0.6706767764059957,0.6706767764059957,1,0
state90,2675,2022-01-28,2022-02-14,-0.0127539031341488,2022,2021-12-31,learned_market,20260911,0.49396242770649035,0.49396242770649035,0,0
state90,2680,2022-02-11,2022-02-21,0.0145498774954033,2022,2021-12-31,learned_market,20260911,0.6718433913580089,0.6718433913580089,1,1
state90,2685,2022-02-18,2022-02-28,-0.0177161244498015,2022,2021-12-31,learned_market,20260911,0.5840107527473801,0.5840107527473801,1,0
state90,2690,2022-02-25,2022-03-07,-0.0221791776043331,2022,2021-12-31,learned_market,20260911,0.59915482742086,0.59915482742086,1,0
state90,2695,2022-03-04,2022-03-14,-0.0480378799422749,2022,2021-12-31,learned_market,20260911,0.64751535974218,0.64751535974218,1,0
state90,2700,2022-03-11,2022-03-21,0.007530336734814,2022,2021-12-31,learned_market,20260911,0.6601858855959774,0.6601858855959774,1,1
state90,2705,2022-03-18,2022-03-28,-0.0353493110038457,2022,2021-12-31,learned_market,20260911,0.5676194322684474,0.5676194322684474,1,0
state90,2710,2022-03-25,2022-04-06,0.0314834190717003,2022,2021-12-31,learned_market,20260911,0.7331434681165004,0.7331434681165004,1,1
state90,2715,2022-04-01,2022-04-12,-0.0129237372705649,2022,2021-12-31,learned_market,20260911,0.7319064424968235,0.7319064424968235,1,0
state90,2718,2022-04-08,2022-04-18,-0.0120986062576864,2022,2021-12-31,learned_market,20260911,0.6054453974595707,0.6054453974595707,1,0
state90,2723,2022-04-15,2022-04-25,-0.0528494340140576,2022,2021-12-31,learned_market,20260911,0.780048801319433,0.780048801319433,1,0
state90,2728,2022-04-22,2022-05-05,0.015736821365468,2022,2021-12-31,learned_market,20260911,0.734465746968055,0.734465746968055,1,1
state90,2733,2022-04-29,2022-05-11,-0.0278824133054675,2022,2021-12-31,learned_market,20260911,0.5168257973739826,0.5168257973739826,1,0
state90,2735,2022-05-06,2022-05-16,0.033741423035827,2022,2021-12-31,learned_market,20260911,0.40189346381722363,0.40189346381722363,0,1
state90,2740,2022-05-13,2022-05-23,0.0164308841843088,2022,2021-12-31,learned_market,20260911,0.5083996095353812,0.5083996095353812,1,1
state90,2745,2022-05-20,2022-05-30,-0.0147293413085614,2022,2021-12-31,learned_market,20260911,0.554311952008104,0.554311952008104,1,0
state90,2750,2022-05-27,2022-06-13,0.0431748431927498,2022,2021-12-31,learned_market,20260911,0.6026682500069707,0.6026682500069707,1,1
state90,2759,2022-06-10,2022-06-20,0.0306046547112142,2022,2021-12-31,learned_market,20260911,0.32881944420528136,0.32881944420528136,0,1
state90,2764,2022-06-17,2022-06-27,0.0211666894141107,2022,2021-12-31,learned_market,20260911,0.35966324404140343,0.35966324404140343,0,1
state90,2769,2022-06-24,2022-07-04,0.0074507343130214,2022,2021-12-31,learned_market,20260911,0.46809827445499036,0.46809827445499036,0,1
state90,2774,2022-07-01,2022-07-11,-0.0092349827532707,2022,2021-12-31,learned_market,20260911,0.5193349295186931,0.5193349295186931,1,0
state90,2779,2022-07-08,2022-07-18,-0.0326815927737367,2022,2021-12-31,learned_market,20260911,0.5210563697553774,0.5210563697553774,1,0
state90,2784,2022-07-15,2022-07-25,-0.0066210715249344,2022,2021-12-31,learned_market,20260911,0.276078528858952,0.276078528858952,0,0
state90,2789,2022-07-22,2022-08-01,-0.0173077967751003,2022,2021-12-31,learned_market,20260911,0.3174121093765397,0.3174121093765397,0,0
state90,2794,2022-07-29,2022-08-08,-0.004456034513838,2022,2021-12-31,learned_market,20260911,0.5558739451685917,0.5558739451685917,1,0
state90,2799,2022-08-05,2022-08-15,0.0091475117753996,2022,2021-12-31,learned_market,20260911,0.7108208060891671,0.7108208060891671,1,1
state90,2804,2022-08-12,2022-08-22,-0.0107272727272728,2022,2021-12-31,learned_market,20260911,0.7273713339025305,0.7273713339025305,1,0
state90,2809,2022-08-19,2022-08-29,-0.0172375434082356,2022,2021-12-31,learned_market,20260911,0.6886147057688298,0.6886147057688298,1,0
state90,2814,2022-08-26,2022-09-05,-0.0131573766941938,2022,2021-12-31,learned_market,20260911,0.7346873214158656,0.7346873214158656,1,0
state90,2819,2022-09-02,2022-09-13,0.0253340680878015,2022,2021-12-31,learned_market,20260911,0.6710140552387813,0.6710140552387813,1,1
state90,2824,2022-09-09,2022-09-19,-0.044647264962877,2022,2021-12-31,learned_market,20260911,0.6038239271387368,0.6038239271387368,1,0
state90,2828,2022-09-16,2022-09-26,-0.025155151434928,2022,2021-12-31,learned_market,20260911,0.6255457939860786,0.6255457939860786,1,0
state90,2833,2022-09-23,2022-10-10,-0.0060162941299352,2022,2021-12-31,learned_market,20260911,0.7610381426054592,0.7610381426054592,1,0
state90,2838,2022-09-30,2022-10-17,0.0041192047412885,2022,2021-12-31,learned_market,20260911,0.6286054158457117,0.6286054158457117,1,1
state90,2843,2022-10-14,2022-10-24,-0.0246766294110258,2022,2021-12-31,learned_market,20260911,0.6024904340723066,0.6024904340723066,1,0
state90,2848,2022-10-21,2022-10-31,-0.059928861134359,2022,2021-12-31,learned_market,20260911,0.7274642486524198,0.7274642486524198,1,0
state90,2853,2022-10-28,2022-11-07,0.071339502526744,2022,2021-12-31,learned_market,20260911,0.6162056186940947,0.6162056186940947,1,1
state90,2858,2022-11-04,2022-11-14,0.0169449090696014,2022,2021-12-31,learned_market,20260911,0.2741800907264702,0.2741800907264702,0,1
state90,2863,2022-11-11,2022-11-21,-0.0127051391515239,2022,2021-12-31,learned_market,20260911,0.4034782500066313,0.4034782500066313,0,0
state90,2868,2022-11-18,2022-11-28,-0.0179672806084416,2022,2021-12-31,learned_market,20260911,0.28542469178379576,0.28542469178379576,0,0
state90,2873,2022-11-25,2022-12-05,0.0555768659337096,2022,2021-12-31,learned_market,20260911,0.47138114372847095,0.47138114372847095,0,1
state90,2878,2022-12-02,2022-12-12,0.0175374394775362,2022,2021-12-31,learned_market,20260911,0.619105964448534,0.619105964448534,1,1
state90,2883,2022-12-09,2022-12-19,-0.0058850602464181,2022,2021-12-31,learned_market,20260911,0.5282980986624768,0.5282980986624768,1,0
state90,2888,2022-12-16,2022-12-26,-0.0309150292073658,2022,2021-12-31,learned_market,20260911,0.4732576186190321,0.4732576186190321,0,0
state90,2893,2022-12-23,2023-01-03,0.0089464492229616,2022,2021-12-31,learned_market,20260911,0.6046975557386036,0.6046975557386036,1,1
state90,2898,2022-12-30,2023-01-09,0.0345913414268119,2022,2021-12-31,learned_market,20260911,0.3076905762143074,0.3076905762143074,0,1
state90,2660,2022-01-07,2022-01-17,-0.0173453887283024,2022,2021-12-31,learned_vol_interaction,20260911,0.7282516722944598,0.7282516722944598,1,0
state90,2665,2022-01-14,2022-01-24,0.0053248631776616,2022,2021-12-31,learned_vol_interaction,20260911,0.8368717958263094,0.8368717958263094,1,1
state90,2670,2022-01-21,2022-02-07,-0.0242661876254222,2022,2021-12-31,learned_vol_interaction,20260911,0.669613908132946,0.669613908132946,1,0
state90,2675,2022-01-28,2022-02-14,-0.0127539031341488,2022,2021-12-31,learned_vol_interaction,20260911,0.49771804856397844,0.49771804856397844,0,0
state90,2680,2022-02-11,2022-02-21,0.0145498774954033,2022,2021-12-31,learned_vol_interaction,20260911,0.6694625883349451,0.6694625883349451,1,1
state90,2685,2022-02-18,2022-02-28,-0.0177161244498015,2022,2021-12-31,learned_vol_interaction,20260911,0.5867879452577756,0.5867879452577756,1,0
state90,2690,2022-02-25,2022-03-07,-0.0221791776043331,2022,2021-12-31,learned_vol_interaction,20260911,0.6015705830845076,0.6015705830845076,1,0
state90,2695,2022-03-04,2022-03-14,-0.0480378799422749,2022,2021-12-31,learned_vol_interaction,20260911,0.6516108393132726,0.6516108393132726,1,0
state90,2700,2022-03-11,2022-03-21,0.007530336734814,2022,2021-12-31,learned_vol_interaction,20260911,0.6653311044961694,0.6653311044961694,1,1
state90,2705,2022-03-18,2022-03-28,-0.0353493110038457,2022,2021-12-31,learned_vol_interaction,20260911,0.567250973729041,0.567250973729041,1,0
state90,2710,2022-03-25,2022-04-06,0.0314834190717003,2022,2021-12-31,learned_vol_interaction,20260911,0.7397988804119464,0.7397988804119464,1,1
state90,2715,2022-04-01,2022-04-12,-0.0129237372705649,2022,2021-12-31,learned_vol_interaction,20260911,0.7431810041436555,0.7431810041436555,1,0
state90,2718,2022-04-08,2022-04-18,-0.0120986062576864,2022,2021-12-31,learned_vol_interaction,20260911,0.601115184023622,0.601115184023622,1,0
state90,2723,2022-04-15,2022-04-25,-0.0528494340140576,2022,2021-12-31,learned_vol_interaction,20260911,0.7843896219441964,0.7843896219441964,1,0
state90,2728,2022-04-22,2022-05-05,0.015736821365468,2022,2021-12-31,learned_vol_interaction,20260911,0.7408337892127695,0.7408337892127695,1,1
state90,2733,2022-04-29,2022-05-11,-0.0278824133054675,2022,2021-12-31,learned_vol_interaction,20260911,0.5124458489532762,0.5124458489532762,1,0
state90,2735,2022-05-06,2022-05-16,0.033741423035827,2022,2021-12-31,learned_vol_interaction,20260911,0.38434598170774237,0.38434598170774237,0,1
state90,2740,2022-05-13,2022-05-23,0.0164308841843088,2022,2021-12-31,learned_vol_interaction,20260911,0.4962015474558973,0.4962015474558973,0,1
state90,2745,2022-05-20,2022-05-30,-0.0147293413085614,2022,2021-12-31,learned_vol_interaction,20260911,0.5536729513391327,0.5536729513391327,1,0
state90,2750,2022-05-27,2022-06-13,0.0431748431927498,2022,2021-12-31,learned_vol_interaction,20260911,0.6054554975797125,0.6054554975797125,1,1
state90,2759,2022-06-10,2022-06-20,0.0306046547112142,2022,2021-12-31,learned_vol_interaction,20260911,0.33012579252956525,0.33012579252956525,0,1
state90,2764,2022-06-17,2022-06-27,0.0211666894141107,2022,2021-12-31,learned_vol_interaction,20260911,0.36375167025478616,0.36375167025478616,0,1
state90,2769,2022-06-24,2022-07-04,0.0074507343130214,2022,2021-12-31,learned_vol_interaction,20260911,0.47411451496984686,0.47411451496984686,0,1
state90,2774,2022-07-01,2022-07-11,-0.0092349827532707,2022,2021-12-31,learned_vol_interaction,20260911,0.5243593636282992,0.5243593636282992,1,0
state90,2779,2022-07-08,2022-07-18,-0.0326815927737367,2022,2021-12-31,learned_vol_interaction,20260911,0.5287137474480963,0.5287137474480963,1,0
state90,2784,2022-07-15,2022-07-25,-0.0066210715249344,2022,2021-12-31,learned_vol_interaction,20260911,0.28286663565549924,0.28286663565549924,0,0
state90,2789,2022-07-22,2022-08-01,-0.0173077967751003,2022,2021-12-31,learned_vol_interaction,20260911,0.32529843901510974,0.32529843901510974,0,0
state90,2794,2022-07-29,2022-08-08,-0.004456034513838,2022,2021-12-31,learned_vol_interaction,20260911,0.5568653358658677,0.5568653358658677,1,0
state90,2799,2022-08-05,2022-08-15,0.0091475117753996,2022,2021-12-31,learned_vol_interaction,20260911,0.7117205557364277,0.7117205557364277,1,1
state90,2804,2022-08-12,2022-08-22,-0.0107272727272728,2022,2021-12-31,learned_vol_interaction,20260911,0.728089070877284,0.728089070877284,1,0
state90,2809,2022-08-19,2022-08-29,-0.0172375434082356,2022,2021-12-31,learned_vol_interaction,20260911,0.6906588614286806,0.6906588614286806,1,0
state90,2814,2022-08-26,2022-09-05,-0.0131573766941938,2022,2021-12-31,learned_vol_interaction,20260911,0.7374791554763223,0.7374791554763223,1,0
state90,2819,2022-09-02,2022-09-13,0.0253340680878015,2022,2021-12-31,learned_vol_interaction,20260911,0.6762833071893946,0.6762833071893946,1,1
state90,2824,2022-09-09,2022-09-19,-0.044647264962877,2022,2021-12-31,learned_vol_interaction,20260911,0.6072920416996368,0.6072920416996368,1,0
state90,2828,2022-09-16,2022-09-26,-0.025155151434928,2022,2021-12-31,learned_vol_interaction,20260911,0.6281865846659338,0.6281865846659338,1,0
state90,2833,2022-09-23,2022-10-10,-0.0060162941299352,2022,2021-12-31,learned_vol_interaction,20260911,0.7572974806973762,0.7572974806973762,1,0
state90,2838,2022-09-30,2022-10-17,0.0041192047412885,2022,2021-12-31,learned_vol_interaction,20260911,0.6301564951939066,0.6301564951939066,1,1
state90,2843,2022-10-14,2022-10-24,-0.0246766294110258,2022,2021-12-31,learned_vol_interaction,20260911,0.6036044775658358,0.6036044775658358,1,0
state90,2848,2022-10-21,2022-10-31,-0.059928861134359,2022,2021-12-31,learned_vol_interaction,20260911,0.726257224907292,0.726257224907292,1,0
state90,2853,2022-10-28,2022-11-07,0.071339502526744,2022,2021-12-31,learned_vol_interaction,20260911,0.6194197152198353,0.6194197152198353,1,1
state90,2858,2022-11-04,2022-11-14,0.0169449090696014,2022,2021-12-31,learned_vol_interaction,20260911,0.2623086047561504,0.2623086047561504,0,1
state90,2863,2022-11-11,2022-11-21,-0.0127051391515239,2022,2021-12-31,learned_vol_interaction,20260911,0.3957947302193098,0.3957947302193098,0,0
state90,2868,2022-11-18,2022-11-28,-0.0179672806084416,2022,2021-12-31,learned_vol_interaction,20260911,0.27002199366661744,0.27002199366661744,0,0
state90,2873,2022-11-25,2022-12-05,0.0555768659337096,2022,2021-12-31,learned_vol_interaction,20260911,0.4675758528871144,0.4675758528871144,0,1
state90,2878,2022-12-02,2022-12-12,0.0175374394775362,2022,2021-12-31,learned_vol_interaction,20260911,0.6179388855194429,0.6179388855194429,1,1
state90,2883,2022-12-09,2022-12-19,-0.0058850602464181,2022,2021-12-31,learned_vol_interaction,20260911,0.5307559736215643,0.5307559736215643,1,0
state90,2888,2022-12-16,2022-12-26,-0.0309150292073658,2022,2021-12-31,learned_vol_interaction,20260911,0.4750923081261837,0.4750923081261837,0,0
state90,2893,2022-12-23,2023-01-03,0.0089464492229616,2022,2021-12-31,learned_vol_interaction,20260911,0.6024109731884131,0.6024109731884131,1,1
state90,2898,2022-12-30,2023-01-09,0.0345913414268119,2022,2021-12-31,learned_vol_interaction,20260911,0.3155450399210081,0.3155450399210081,0,1
state90,2660,2022-01-07,2022-01-17,-0.0173453887283024,2022,2021-12-31,learned_order_extension,20260911,0.7315565762281606,0.7315565762281606,1,0
state90,2665,2022-01-14,2022-01-24,0.0053248631776616,2022,2021-12-31,learned_order_extension,20260911,0.8308708352808971,0.8308708352808971,1,1
state90,2670,2022-01-21,2022-02-07,-0.0242661876254222,2022,2021-12-31,learned_order_extension,20260911,0.6953405747399578,0.6953405747399578,1,0
state90,2675,2022-01-28,2022-02-14,-0.0127539031341488,2022,2021-12-31,learned_order_extension,20260911,0.47011278529334005,0.47011278529334005,0,0
state90,2680,2022-02-11,2022-02-21,0.0145498774954033,2022,2021-12-31,learned_order_extension,20260911,0.6818533435255958,0.6818533435255958,1,1
state90,2685,2022-02-18,2022-02-28,-0.0177161244498015,2022,2021-12-31,learned_order_extension,20260911,0.5955146443753425,0.5955146443753425,1,0
state90,2690,2022-02-25,2022-03-07,-0.0221791776043331,2022,2021-12-31,learned_order_extension,20260911,0.609831009331646,0.609831009331646,1,0
state90,2695,2022-03-04,2022-03-14,-0.0480378799422749,2022,2021-12-31,learned_order_extension,20260911,0.6608881864634962,0.6608881864634962,1,0
state90,2700,2022-03-11,2022-03-21,0.007530336734814,2022,2021-12-31,learned_order_extension,20260911,0.667203580437131,0.667203580437131,1,1
state90,2705,2022-03-18,2022-03-28,-0.0353493110038457,2022,2021-12-31,learned_order_extension,20260911,0.5665388063290007,0.5665388063290007,1,0
state90,2710,2022-03-25,2022-04-06,0.0314834190717003,2022,2021-12-31,learned_order_extension,20260911,0.7315317518580224,0.7315317518580224,1,1
state90,2715,2022-04-01,2022-04-12,-0.0129237372705649,2022,2021-12-31,learned_order_extension,20260911,0.7324552613785594,0.7324552613785594,1,0
state90,2718,2022-04-08,2022-04-18,-0.0120986062576864,2022,2021-12-31,learned_order_extension,20260911,0.5757660544472725,0.5757660544472725,1,0
state90,2723,2022-04-15,2022-04-25,-0.0528494340140576,2022,2021-12-31,learned_order_extension,20260911,0.7914821695285316,0.7914821695285316,1,0
state90,2728,2022-04-22,2022-05-05,0.015736821365468,2022,2021-12-31,learned_order_extension,20260911,0.7445035554337466,0.7445035554337466,1,1
state90,2733,2022-04-29,2022-05-11,-0.0278824133054675,2022,2021-12-31,learned_order_extension,20260911,0.512691847329782,0.512691847329782,1,0
state90,2735,2022-05-06,2022-05-16,0.033741423035827,2022,2021-12-31,learned_order_extension,20260911,0.39192947263156325,0.39192947263156325,0,1
state90,2740,2022-05-13,2022-05-23,0.0164308841843088,2022,2021-12-31,learned_order_extension,20260911,0.4923475901483292,0.4923475901483292,0,1
state90,2745,2022-05-20,2022-05-30,-0.0147293413085614,2022,2021-12-31,learned_order_extension,20260911,0.5453859955701774,0.5453859955701774,1,0
state90,2750,2022-05-27,2022-06-13,0.0431748431927498,2022,2021-12-31,learned_order_extension,20260911,0.606543809827078,0.606543809827078,1,1
state90,2759,2022-06-10,2022-06-20,0.0306046547112142,2022,2021-12-31,learned_order_extension,20260911,0.3194430778691506,0.3194430778691506,0,1
state90,2764,2022-06-17,2022-06-27,0.0211666894141107,2022,2021-12-31,learned_order_extension,20260911,0.33808664733638566,0.33808664733638566,0,1
state90,2769,2022-06-24,2022-07-04,0.0074507343130214,2022,2021-12-31,learned_order_extension,20260911,0.4651372063002809,0.4651372063002809,0,1
state90,2774,2022-07-01,2022-07-11,-0.0092349827532707,2022,2021-12-31,learned_order_extension,20260911,0.5074843163264047,0.5074843163264047,1,0
state90,2779,2022-07-08,2022-07-18,-0.0326815927737367,2022,2021-12-31,learned_order_extension,20260911,0.5121847716177591,0.5121847716177591,1,0
state90,2784,2022-07-15,2022-07-25,-0.0066210715249344,2022,2021-12-31,learned_order_extension,20260911,0.2684864364550306,0.2684864364550306,0,0
state90,2789,2022-07-22,2022-08-01,-0.0173077967751003,2022,2021-12-31,learned_order_extension,20260911,0.2677542813034704,0.2677542813034704,0,0
state90,2794,2022-07-29,2022-08-08,-0.004456034513838,2022,2021-12-31,learned_order_extension,20260911,0.5491944105847139,0.5491944105847139,1,0
state90,2799,2022-08-05,2022-08-15,0.0091475117753996,2022,2021-12-31,learned_order_extension,20260911,0.777138078827454,0.777138078827454,1,1
state90,2804,2022-08-12,2022-08-22,-0.0107272727272728,2022,2021-12-31,learned_order_extension,20260911,0.7974960640657842,0.7974960640657842,1,0
state90,2809,2022-08-19,2022-08-29,-0.0172375434082356,2022,2021-12-31,learned_order_extension,20260911,0.7637706546439285,0.7637706546439285,1,0
state90,2814,2022-08-26,2022-09-05,-0.0131573766941938,2022,2021-12-31,learned_order_extension,20260911,0.8226540126203189,0.8226540126203189,1,0
state90,2819,2022-09-02,2022-09-13,0.0253340680878015,2022,2021-12-31,learned_order_extension,20260911,0.7276803329800616,0.7276803329800616,1,1
state90,2824,2022-09-09,2022-09-19,-0.044647264962877,2022,2021-12-31,learned_order_extension,20260911,0.6403269116194389,0.6403269116194389,1,0
state90,2828,2022-09-16,2022-09-26,-0.025155151434928,2022,2021-12-31,learned_order_extension,20260911,0.672911792764146,0.672911792764146,1,0
state90,2833,2022-09-23,2022-10-10,-0.0060162941299352,2022,2021-12-31,learned_order_extension,20260911,0.8103058077398577,0.8103058077398577,1,0
state90,2838,2022-09-30,2022-10-17,0.0041192047412885,2022,2021-12-31,learned_order_extension,20260911,0.6385508768739941,0.6385508768739941,1,1
state90,2843,2022-10-14,2022-10-24,-0.0246766294110258,2022,2021-12-31,learned_order_extension,20260911,0.6040798099433027,0.6040798099433027,1,0
state90,2848,2022-10-21,2022-10-31,-0.059928861134359,2022,2021-12-31,learned_order_extension,20260911,0.7460757510851368,0.7460757510851368,1,0
state90,2853,2022-10-28,2022-11-07,0.071339502526744,2022,2021-12-31,learned_order_extension,20260911,0.617431468121719,0.617431468121719,1,1
state90,2858,2022-11-04,2022-11-14,0.0169449090696014,2022,2021-12-31,learned_order_extension,20260911,0.23004652965456976,0.23004652965456976,0,1
state90,2863,2022-11-11,2022-11-21,-0.0127051391515239,2022,2021-12-31,learned_order_extension,20260911,0.4001949641411597,0.4001949641411597,0,0
state90,2868,2022-11-18,2022-11-28,-0.0179672806084416,2022,2021-12-31,learned_order_extension,20260911,0.30403744962658297,0.30403744962658297,0,0
state90,2873,2022-11-25,2022-12-05,0.0555768659337096,2022,2021-12-31,learned_order_extension,20260911,0.4839806901293675,0.4839806901293675,0,1
state90,2878,2022-12-02,2022-12-12,0.0175374394775362,2022,2021-12-31,learned_order_extension,20260911,0.6025716211552316,0.6025716211552316,1,1
state90,2883,2022-12-09,2022-12-19,-0.0058850602464181,2022,2021-12-31,learned_order_extension,20260911,0.544959524525394,0.544959524525394,1,0
state90,2888,2022-12-16,2022-12-26,-0.0309150292073658,2022,2021-12-31,learned_order_extension,20260911,0.4782827682771969,0.4782827682771969,0,0
state90,2893,2022-12-23,2023-01-03,0.0089464492229616,2022,2021-12-31,learned_order_extension,20260911,0.5868134156375693,0.5868134156375693,1,1
state90,2898,2022-12-30,2023-01-09,0.0345913414268119,2022,2021-12-31,learned_order_extension,20260911,0.3072064907465254,0.3072064907465254,0,1
state90,2660,2022-01-07,2022-01-17,-0.0173453887283024,2022,2021-12-31,learned_order_offset,20260911,0.7303915631000331,0.7303915631000331,1,0
state90,2665,2022-01-14,2022-01-24,0.0053248631776616,2022,2021-12-31,learned_order_offset,20260911,0.8287429062191539,0.8287429062191539,1,1
state90,2670,2022-01-21,2022-02-07,-0.0242661876254222,2022,2021-12-31,learned_order_offset,20260911,0.6946014374965778,0.6946014374965778,1,0
state90,2675,2022-01-28,2022-02-14,-0.0127539031341488,2022,2021-12-31,learned_order_offset,20260911,0.47036190476294487,0.47036190476294487,0,0
state90,2680,2022-02-11,2022-02-21,0.0145498774954033,2022,2021-12-31,learned_order_offset,20260911,0.6802368405234962,0.6802368405234962,1,1
state90,2685,2022-02-18,2022-02-28,-0.0177161244498015,2022,2021-12-31,learned_order_offset,20260911,0.596796587857382,0.596796587857382,1,0
state90,2690,2022-02-25,2022-03-07,-0.0221791776043331,2022,2021-12-31,learned_order_offset,20260911,0.6102898323949857,0.6102898323949857,1,0
state90,2695,2022-03-04,2022-03-14,-0.0480378799422749,2022,2021-12-31,learned_order_offset,20260911,0.6602950267381666,0.6602950267381666,1,0
state90,2700,2022-03-11,2022-03-21,0.007530336734814,2022,2021-12-31,learned_order_offset,20260911,0.6664417620027226,0.6664417620027226,1,1
state90,2705,2022-03-18,2022-03-28,-0.0353493110038457,2022,2021-12-31,learned_order_offset,20260911,0.5665934515797131,0.5665934515797131,1,0
state90,2710,2022-03-25,2022-04-06,0.0314834190717003,2022,2021-12-31,learned_order_offset,20260911,0.7312694881776368,0.7312694881776368,1,1
state90,2715,2022-04-01,2022-04-12,-0.0129237372705649,2022,2021-12-31,learned_order_offset,20260911,0.7324670213429436,0.7324670213429436,1,0
state90,2718,2022-04-08,2022-04-18,-0.0120986062576864,2022,2021-12-31,learned_order_offset,20260911,0.5743123235952446,0.5743123235952446,1,0
state90,2723,2022-04-15,2022-04-25,-0.0528494340140576,2022,2021-12-31,learned_order_offset,20260911,0.789920397567569,0.789920397567569,1,0
state90,2728,2022-04-22,2022-05-05,0.015736821365468,2022,2021-12-31,learned_order_offset,20260911,0.7438162541041152,0.7438162541041152,1,1
state90,2733,2022-04-29,2022-05-11,-0.0278824133054675,2022,2021-12-31,learned_order_offset,20260911,0.5113015107739602,0.5113015107739602,1,0
state90,2735,2022-05-06,2022-05-16,0.033741423035827,2022,2021-12-31,learned_order_offset,20260911,0.3890720337526808,0.3890720337526808,0,1
state90,2740,2022-05-13,2022-05-23,0.0164308841843088,2022,2021-12-31,learned_order_offset,20260911,0.4890167561559044,0.4890167561559044,0,1
state90,2745,2022-05-20,2022-05-30,-0.0147293413085614,2022,2021-12-31,learned_order_offset,20260911,0.5443348672271099,0.5443348672271099,1,0
state90,2750,2022-05-27,2022-06-13,0.0431748431927498,2022,2021-12-31,learned_order_offset,20260911,0.6058889369805722,0.6058889369805722,1,1
state90,2759,2022-06-10,2022-06-20,0.0306046547112142,2022,2021-12-31,learned_order_offset,20260911,0.3203786258296504,0.3203786258296504,0,1
state90,2764,2022-06-17,2022-06-27,0.0211666894141107,2022,2021-12-31,learned_order_offset,20260911,0.3393918095171554,0.3393918095171554,0,1
state90,2769,2022-06-24,2022-07-04,0.0074507343130214,2022,2021-12-31,learned_order_offset,20260911,0.4655557857250781,0.4655557857250781,0,1
state90,2774,2022-07-01,2022-07-11,-0.0092349827532707,2022,2021-12-31,learned_order_offset,20260911,0.5070250526739909,0.5070250526739909,1,0
state90,2779,2022-07-08,2022-07-18,-0.0326815927737367,2022,2021-12-31,learned_order_offset,20260911,0.5121244968373462,0.5121244968373462,1,0
state90,2784,2022-07-15,2022-07-25,-0.0066210715249344,2022,2021-12-31,learned_order_offset,20260911,0.27002224125244795,0.27002224125244795,0,0
state90,2789,2022-07-22,2022-08-01,-0.0173077967751003,2022,2021-12-31,learned_order_offset,20260911,0.2693979955700283,0.2693979955700283,0,0
state90,2794,2022-07-29,2022-08-08,-0.004456034513838,2022,2021-12-31,learned_order_offset,20260911,0.5493720737942515,0.5493720737942515,1,0
state90,2799,2022-08-05,2022-08-15,0.0091475117753996,2022,2021-12-31,learned_order_offset,20260911,0.7763427204784161,0.7763427204784161,1,1
state90,2804,2022-08-12,2022-08-22,-0.0107272727272728,2022,2021-12-31,learned_order_offset,20260911,0.7964144422108967,0.7964144422108967,1,0
state90,2809,2022-08-19,2022-08-29,-0.0172375434082356,2022,2021-12-31,learned_order_offset,20260911,0.7629768652536982,0.7629768652536982,1,0
state90,2814,2022-08-26,2022-09-05,-0.0131573766941938,2022,2021-12-31,learned_order_offset,20260911,0.8221287067625676,0.8221287067625676,1,0
state90,2819,2022-09-02,2022-09-13,0.0253340680878015,2022,2021-12-31,learned_order_offset,20260911,0.7281487114609698,0.7281487114609698,1,1
state90,2824,2022-09-09,2022-09-19,-0.044647264962877,2022,2021-12-31,learned_order_offset,20260911,0.6402873789680222,0.6402873789680222,1,0
state90,2828,2022-09-16,2022-09-26,-0.025155151434928,2022,2021-12-31,learned_order_offset,20260911,0.6729215132790227,0.6729215132790227,1,0
state90,2833,2022-09-23,2022-10-10,-0.0060162941299352,2022,2021-12-31,learned_order_offset,20260911,0.8081806233925085,0.8081806233925085,1,0
state90,2838,2022-09-30,2022-10-17,0.0041192047412885,2022,2021-12-31,learned_order_offset,20260911,0.6388405343021406,0.6388405343021406,1,1
state90,2843,2022-10-14,2022-10-24,-0.0246766294110258,2022,2021-12-31,learned_order_offset,20260911,0.6039684511962653,0.6039684511962653,1,0
state90,2848,2022-10-21,2022-10-31,-0.059928861134359,2022,2021-12-31,learned_order_offset,20260911,0.7450194088842416,0.7450194088842416,1,0
state90,2853,2022-10-28,2022-11-07,0.071339502526744,2022,2021-12-31,learned_order_offset,20260911,0.6172868621197211,0.6172868621197211,1,1
state90,2858,2022-11-04,2022-11-14,0.0169449090696014,2022,2021-12-31,learned_order_offset,20260911,0.2288997396561917,0.2288997396561917,0,1
state90,2863,2022-11-11,2022-11-21,-0.0127051391515239,2022,2021-12-31,learned_order_offset,20260911,0.39873151134177104,0.39873151134177104,0,0
state90,2868,2022-11-18,2022-11-28,-0.0179672806084416,2022,2021-12-31,learned_order_offset,20260911,0.3021649857617269,0.3021649857617269,0,0
state90,2873,2022-11-25,2022-12-05,0.0555768659337096,2022,2021-12-31,learned_order_offset,20260911,0.4818279173695329,0.4818279173695329,0,1
state90,2878,2022-12-02,2022-12-12,0.0175374394775362,2022,2021-12-31,learned_order_offset,20260911,0.6005376182272921,0.6005376182272921,1,1
state90,2883,2022-12-09,2022-12-19,-0.0058850602464181,2022,2021-12-31,learned_order_offset,20260911,0.5449944358245183,0.5449944358245183,1,0
state90,2888,2022-12-16,2022-12-26,-0.0309150292073658,2022,2021-12-31,learned_order_offset,20260911,0.4788884926887394,0.4788884926887394,0,0
state90,2893,2022-12-23,2023-01-03,0.0089464492229616,2022,2021-12-31,learned_order_offset,20260911,0.5860352502699303,0.5860352502699303,1,1
state90,2898,2022-12-30,2023-01-09,0.0345913414268119,2022,2021-12-31,learned_order_offset,20260911,0.308675753062318,0.308675753062318,0,1
state90,2660,2022-01-07,2022-01-17,-0.0173453887283024,2022,2021-12-31,native_mse,20260911,0.007330315708159769,,1,0
state90,2665,2022-01-14,2022-01-24,0.0053248631776616,2022,2021-12-31,native_mse,20260911,0.015471274729398543,,1,1
state90,2670,2022-01-21,2022-02-07,-0.0242661876254222,2022,2021-12-31,native_mse,20260911,0.009873111042602054,,1,0
state90,2675,2022-01-28,2022-02-14,-0.0127539031341488,2022,2021-12-31,native_mse,20260911,0.0025503118790792955,,1,0
state90,2680,2022-02-11,2022-02-21,0.0145498774954033,2022,2021-12-31,native_mse,20260911,0.0063949393307865515,,1,1
state90,2685,2022-02-18,2022-02-28,-0.0177161244498015,2022,2021-12-31,native_mse,20260911,0.004306186298337274,,1,0
state90,2690,2022-02-25,2022-03-07,-0.0221791776043331,2022,2021-12-31,native_mse,20260911,0.00884306439536679,,1,0
state90,2695,2022-03-04,2022-03-14,-0.0480378799422749,2022,2021-12-31,native_mse,20260911,0.008878575004775912,,1,0
state90,2700,2022-03-11,2022-03-21,0.007530336734814,2022,2021-12-31,native_mse,20260911,0.008804997087552644,,1,1
state90,2705,2022-03-18,2022-03-28,-0.0353493110038457,2022,2021-12-31,native_mse,20260911,0.0029149751065889705,,1,0
state90,2710,2022-03-25,2022-04-06,0.0314834190717003,2022,2021-12-31,native_mse,20260911,0.009608904415587632,,1,1
state90,2715,2022-04-01,2022-04-12,-0.0129237372705649,2022,2021-12-31,native_mse,20260911,0.013290024702572031,,1,0
state90,2718,2022-04-08,2022-04-18,-0.0120986062576864,2022,2021-12-31,native_mse,20260911,0.0032429576095984285,,1,0
state90,2723,2022-04-15,2022-04-25,-0.0528494340140576,2022,2021-12-31,native_mse,20260911,0.016983479995433693,,1,0
state90,2728,2022-04-22,2022-05-05,0.015736821365468,2022,2021-12-31,native_mse,20260911,0.011987542362233185,,1,1
state90,2733,2022-04-29,2022-05-11,-0.0278824133054675,2022,2021-12-31,native_mse,20260911,0.0046606294840712235,,1,0
state90,2735,2022-05-06,2022-05-16,0.033741423035827,2022,2021-12-31,native_mse,20260911,-0.002196005566182584,,0,1
state90,2740,2022-05-13,2022-05-23,0.0164308841843088,2022,2021-12-31,native_mse,20260911,0.0038854901281264037,,1,1
state90,2745,2022-05-20,2022-05-30,-0.0147293413085614,2022,2021-12-31,native_mse,20260911,0.005767086549547615,,1,0
state90,2750,2022-05-27,2022-06-13,0.0431748431927498,2022,2021-12-31,native_mse,20260911,0.001263767062796844,,1,1
state90,2759,2022-06-10,2022-06-20,0.0306046547112142,2022,2021-12-31,native_mse,20260911,-0.0024637080117748144,,0,1
state90,2764,2022-06-17,2022-06-27,0.0211666894141107,2022,2021-12-31,native_mse,20260911,-0.0034192691302211337,,0,1
state90,2769,2022-06-24,2022-07-04,0.0074507343130214,2022,2021-12-31,native_mse,20260911,0.0007173637240202417,,1,1
state90,2774,2022-07-01,2022-07-11,-0.0092349827532707,2022,2021-12-31,native_mse,20260911,0.00019356382111467723,,1,0
state90,2779,2022-07-08,2022-07-18,-0.0326815927737367,2022,2021-12-31,native_mse,20260911,-0.002705313965036355,,0,0
state90,2784,2022-07-15,2022-07-25,-0.0066210715249344,2022,2021-12-31,native_mse,20260911,-0.01432584048846508,,0,0
state90,2789,2022-07-22,2022-08-01,-0.0173077967751003,2022,2021-12-31,native_mse,20260911,-0.01380965748442494,,0,0
state90,2794,2022-07-29,2022-08-08,-0.004456034513838,2022,2021-12-31,native_mse,20260911,-0.0005052222003642227,,0,0
state90,2799,2022-08-05,2022-08-15,0.0091475117753996,2022,2021-12-31,native_mse,20260911,0.011525493600414192,,1,1
state90,2804,2022-08-12,2022-08-22,-0.0107272727272728,2022,2021-12-31,native_mse,20260911,0.011216024245490553,,1,0
state90,2809,2022-08-19,2022-08-29,-0.0172375434082356,2022,2021-12-31,native_mse,20260911,0.011754323018096325,,1,0
state90,2814,2022-08-26,2022-09-05,-0.0131573766941938,2022,2021-12-31,native_mse,20260911,0.015594603509631271,,1,0
state90,2819,2022-09-02,2022-09-13,0.0253340680878015,2022,2021-12-31,native_mse,20260911,0.010900596081000016,,1,1
state90,2824,2022-09-09,2022-09-19,-0.044647264962877,2022,2021-12-31,native_mse,20260911,0.009845699372826781,,1,0
state90,2828,2022-09-16,2022-09-26,-0.025155151434928,2022,2021-12-31,native_mse,20260911,0.008491582609497948,,1,0
state90,2833,2022-09-23,2022-10-10,-0.0060162941299352,2022,2021-12-31,native_mse,20260911,0.016496050845990925,,1,0
state90,2838,2022-09-30,2022-10-17,0.0041192047412885,2022,2021-12-31,native_mse,20260911,0.0066528810646222045,,1,1
state90,2843,2022-10-14,2022-10-24,-0.0246766294110258,2022,2021-12-31,native_mse,20260911,0.007009044538463505,,1,0
state90,2848,2022-10-21,2022-10-31,-0.059928861134359,2022,2021-12-31,native_mse,20260911,0.010852556503638734,,1,0
state90,2853,2022-10-28,2022-11-07,0.071339502526744,2022,2021-12-31,native_mse,20260911,0.006842543646863063,,1,1
state90,2858,2022-11-04,2022-11-14,0.0169449090696014,2022,2021-12-31,native_mse,20260911,-0.008549410923537592,,0,1
state90,2863,2022-11-11,2022-11-21,-0.0127051391515239,2022,2021-12-31,native_mse,20260911,-0.005215109557773304,,0,0
state90,2868,2022-11-18,2022-11-28,-0.0179672806084416,2022,2021-12-31,native_mse,20260911,-0.010307087880643545,,0,0
state90,2873,2022-11-25,2022-12-05,0.0555768659337096,2022,2021-12-31,native_mse,20260911,0.0013951717650121252,,1,1
state90,2878,2022-12-02,2022-12-12,0.0175374394775362,2022,2021-12-31,native_mse,20260911,0.009832549235191711,,1,1
state90,2883,2022-12-09,2022-12-19,-0.0058850602464181,2022,2021-12-31,native_mse,20260911,0.003809464155812216,,1,0
state90,2888,2022-12-16,2022-12-26,-0.0309150292073658,2022,2021-12-31,native_mse,20260911,-0.00026475301217457076,,0,0
state90,2893,2022-12-23,2023-01-03,0.0089464492229616,2022,2021-12-31,native_mse,20260911,0.0011212783896272817,,1,1
state90,2898,2022-12-30,2023-01-09,0.0345913414268119,2022,2021-12-31,native_mse,20260911,-0.013209134532423342,,0,1
state90,2660,2022-01-07,2022-01-17,-0.0173453887283024,2022,2021-12-31,learned_market,20260912,0.7009067848418016,0.7009067848418016,1,0
state90,2665,2022-01-14,2022-01-24,0.0053248631776616,2022,2021-12-31,learned_market,20260912,0.5203651032719439,0.5203651032719439,1,1
state90,2670,2022-01-21,2022-02-07,-0.0242661876254222,2022,2021-12-31,learned_market,20260912,0.7176249995689795,0.7176249995689795,1,0
state90,2675,2022-01-28,2022-02-14,-0.0127539031341488,2022,2021-12-31,learned_market,20260912,0.5468589290358572,0.5468589290358572,1,0
state90,2680,2022-02-11,2022-02-21,0.0145498774954033,2022,2021-12-31,learned_market,20260912,0.6301827176961465,0.6301827176961465,1,1
state90,2685,2022-02-18,2022-02-28,-0.0177161244498015,2022,2021-12-31,learned_market,20260912,0.7133251277073638,0.7133251277073638,1,0
state90,2690,2022-02-25,2022-03-07,-0.0221791776043331,2022,2021-12-31,learned_market,20260912,0.7021196640037924,0.7021196640037924,1,0
state90,2695,2022-03-04,2022-03-14,-0.0480378799422749,2022,2021-12-31,learned_market,20260912,0.719986373445646,0.719986373445646,1,0
state90,2700,2022-03-11,2022-03-21,0.007530336734814,2022,2021-12-31,learned_market,20260912,0.6467498960464059,0.6467498960464059,1,1
state90,2705,2022-03-18,2022-03-28,-0.0353493110038457,2022,2021-12-31,learned_market,20260912,0.6307138428823564,0.6307138428823564,1,0
state90,2710,2022-03-25,2022-04-06,0.0314834190717003,2022,2021-12-31,learned_market,20260912,0.5581715372656506,0.5581715372656506,1,1
state90,2715,2022-04-01,2022-04-12,-0.0129237372705649,2022,2021-12-31,learned_market,20260912,0.5905723686816398,0.5905723686816398,1,0
state90,2718,2022-04-08,2022-04-18,-0.0120986062576864,2022,2021-12-31,learned_market,20260912,0.5651619134469777,0.5651619134469777,1,0
state90,2723,2022-04-15,2022-04-25,-0.0528494340140576,2022,2021-12-31,learned_market,20260912,0.5782075738978683,0.5782075738978683,1,0
state90,2728,2022-04-22,2022-05-05,0.015736821365468,2022,2021-12-31,learned_market,20260912,0.5086735366407256,0.5086735366407256,1,1
state90,2733,2022-04-29,2022-05-11,-0.0278824133054675,2022,2021-12-31,learned_market,20260912,0.354488852979164,0.354488852979164,0,0
state90,2735,2022-05-06,2022-05-16,0.033741423035827,2022,2021-12-31,learned_market,20260912,0.43196496938917867,0.43196496938917867,0,1
state90,2740,2022-05-13,2022-05-23,0.0164308841843088,2022,2021-12-31,learned_market,20260912,0.4392929502217229,0.4392929502217229,0,1
state90,2745,2022-05-20,2022-05-30,-0.0147293413085614,2022,2021-12-31,learned_market,20260912,0.4708416760329488,0.4708416760329488,0,0
state90,2750,2022-05-27,2022-06-13,0.0431748431927498,2022,2021-12-31,learned_market,20260912,0.4574571545139993,0.4574571545139993,0,1
state90,2759,2022-06-10,2022-06-20,0.0306046547112142,2022,2021-12-31,learned_market,20260912,0.3474663460356004,0.3474663460356004,0,1
state90,2764,2022-06-17,2022-06-27,0.0211666894141107,2022,2021-12-31,learned_market,20260912,0.3212471828605167,0.3212471828605167,0,1
state90,2769,2022-06-24,2022-07-04,0.0074507343130214,2022,2021-12-31,learned_market,20260912,0.4025755619428385,0.4025755619428385,0,1
state90,2774,2022-07-01,2022-07-11,-0.0092349827532707,2022,2021-12-31,learned_market,20260912,0.3925821543273538,0.3925821543273538,0,0
state90,2779,2022-07-08,2022-07-18,-0.0326815927737367,2022,2021-12-31,learned_market,20260912,0.4605216629741631,0.4605216629741631,0,0
state90,2784,2022-07-15,2022-07-25,-0.0066210715249344,2022,2021-12-31,learned_market,20260912,0.5098027754769087,0.5098027754769087,1,0
state90,2789,2022-07-22,2022-08-01,-0.0173077967751003,2022,2021-12-31,learned_market,20260912,0.5524679777609933,0.5524679777609933,1,0
state90,2794,2022-07-29,2022-08-08,-0.004456034513838,2022,2021-12-31,learned_market,20260912,0.7218475045000325,0.7218475045000325,1,0
state90,2799,2022-08-05,2022-08-15,0.0091475117753996,2022,2021-12-31,learned_market,20260912,0.6532039852224342,0.6532039852224342,1,1
state90,2804,2022-08-12,2022-08-22,-0.0107272727272728,2022,2021-12-31,learned_market,20260912,0.5709775205876944,0.5709775205876944,1,0
state90,2809,2022-08-19,2022-08-29,-0.0172375434082356,2022,2021-12-31,learned_market,20260912,0.5697718161826372,0.5697718161826372,1,0
state90,2814,2022-08-26,2022-09-05,-0.0131573766941938,2022,2021-12-31,learned_market,20260912,0.6007938734692848,0.6007938734692848,1,0
state90,2819,2022-09-02,2022-09-13,0.0253340680878015,2022,2021-12-31,learned_market,20260912,0.6776668778650508,0.6776668778650508,1,1
state90,2824,2022-09-09,2022-09-19,-0.044647264962877,2022,2021-12-31,learned_market,20260912,0.7725381912044669,0.7725381912044669,1,0
state90,2828,2022-09-16,2022-09-26,-0.025155151434928,2022,2021-12-31,learned_market,20260912,0.7541769397244196,0.7541769397244196,1,0
state90,2833,2022-09-23,2022-10-10,-0.0060162941299352,2022,2021-12-31,learned_market,20260912,0.7274092875597576,0.7274092875597576,1,0
state90,2838,2022-09-30,2022-10-17,0.0041192047412885,2022,2021-12-31,learned_market,20260912,0.701145229530902,0.701145229530902,1,1
state90,2843,2022-10-14,2022-10-24,-0.0246766294110258,2022,2021-12-31,learned_market,20260912,0.5970595273904789,0.5970595273904789,1,0
state90,2848,2022-10-21,2022-10-31,-0.059928861134359,2022,2021-12-31,learned_market,20260912,0.6553886906733675,0.6553886906733675,1,0
state90,2853,2022-10-28,2022-11-07,0.071339502526744,2022,2021-12-31,learned_market,20260912,0.536234004877414,0.536234004877414,1,1
state90,2858,2022-11-04,2022-11-14,0.0169449090696014,2022,2021-12-31,learned_market,20260912,0.4957647389493266,0.4957647389493266,0,1
state90,2863,2022-11-11,2022-11-21,-0.0127051391515239,2022,2021-12-31,learned_market,20260912,0.49717853346026714,0.49717853346026714,0,0
state90,2868,2022-11-18,2022-11-28,-0.0179672806084416,2022,2021-12-31,learned_market,20260912,0.39757537516440544,0.39757537516440544,0,0
state90,2873,2022-11-25,2022-12-05,0.0555768659337096,2022,2021-12-31,learned_market,20260912,0.4703283336277873,0.4703283336277873,0,1
state90,2878,2022-12-02,2022-12-12,0.0175374394775362,2022,2021-12-31,learned_market,20260912,0.46280647087624205,0.46280647087624205,0,1
state90,2883,2022-12-09,2022-12-19,-0.0058850602464181,2022,2021-12-31,learned_market,20260912,0.5138988126075588,0.5138988126075588,1,0
state90,2888,2022-12-16,2022-12-26,-0.0309150292073658,2022,2021-12-31,learned_market,20260912,0.6075433752083854,0.6075433752083854,1,0
state90,2893,2022-12-23,2023-01-03,0.0089464492229616,2022,2021-12-31,learned_market,20260912,0.4612100469329253,0.4612100469329253,0,1
state90,2898,2022-12-30,2023-01-09,0.0345913414268119,2022,2021-12-31,learned_market,20260912,0.4443371333138752,0.4443371333138752,0,1
state90,2660,2022-01-07,2022-01-17,-0.0173453887283024,2022,2021-12-31,learned_vol_interaction,20260912,0.7072606777672634,0.7072606777672634,1,0
state90,2665,2022-01-14,2022-01-24,0.0053248631776616,2022,2021-12-31,learned_vol_interaction,20260912,0.5232340507750105,0.5232340507750105,1,1
state90,2670,2022-01-21,2022-02-07,-0.0242661876254222,2022,2021-12-31,learned_vol_interaction,20260912,0.723517227135196,0.723517227135196,1,0
state90,2675,2022-01-28,2022-02-14,-0.0127539031341488,2022,2021-12-31,learned_vol_interaction,20260912,0.5573504263949657,0.5573504263949657,1,0
state90,2680,2022-02-11,2022-02-21,0.0145498774954033,2022,2021-12-31,learned_vol_interaction,20260912,0.6206875889696911,0.6206875889696911,1,1
state90,2685,2022-02-18,2022-02-28,-0.0177161244498015,2022,2021-12-31,learned_vol_interaction,20260912,0.7137718136904925,0.7137718136904925,1,0
state90,2690,2022-02-25,2022-03-07,-0.0221791776043331,2022,2021-12-31,learned_vol_interaction,20260912,0.6900080859244496,0.6900080859244496,1,0
state90,2695,2022-03-04,2022-03-14,-0.0480378799422749,2022,2021-12-31,learned_vol_interaction,20260912,0.7251850433232085,0.7251850433232085,1,0
state90,2700,2022-03-11,2022-03-21,0.007530336734814,2022,2021-12-31,learned_vol_interaction,20260912,0.6323197465308961,0.6323197465308961,1,1
state90,2705,2022-03-18,2022-03-28,-0.0353493110038457,2022,2021-12-31,learned_vol_interaction,20260912,0.5933343778810724,0.5933343778810724,1,0
state90,2710,2022-03-25,2022-04-06,0.0314834190717003,2022,2021-12-31,learned_vol_interaction,20260912,0.5562710543563346,0.5562710543563346,1,1
state90,2715,2022-04-01,2022-04-12,-0.0129237372705649,2022,2021-12-31,learned_vol_interaction,20260912,0.5637358072675225,0.5637358072675225,1,0
state90,2718,2022-04-08,2022-04-18,-0.0120986062576864,2022,2021-12-31,learned_vol_interaction,20260912,0.5628559944649006,0.5628559944649006,1,0
state90,2723,2022-04-15,2022-04-25,-0.0528494340140576,2022,2021-12-31,learned_vol_interaction,20260912,0.5747919255172403,0.5747919255172403,1,0
state90,2728,2022-04-22,2022-05-05,0.015736821365468,2022,2021-12-31,learned_vol_interaction,20260912,0.5170916019143975,0.5170916019143975,1,1
state90,2733,2022-04-29,2022-05-11,-0.0278824133054675,2022,2021-12-31,learned_vol_interaction,20260912,0.40387814010224393,0.40387814010224393,0,0
state90,2735,2022-05-06,2022-05-16,0.033741423035827,2022,2021-12-31,learned_vol_interaction,20260912,0.4773185927787562,0.4773185927787562,0,1
state90,2740,2022-05-13,2022-05-23,0.0164308841843088,2022,2021-12-31,learned_vol_interaction,20260912,0.4698933454358381,0.4698933454358381,0,1
state90,2745,2022-05-20,2022-05-30,-0.0147293413085614,2022,2021-12-31,learned_vol_interaction,20260912,0.4802495124922596,0.4802495124922596,0,0
state90,2750,2022-05-27,2022-06-13,0.0431748431927498,2022,2021-12-31,learned_vol_interaction,20260912,0.4601952965187793,0.4601952965187793,0,1
state90,2759,2022-06-10,2022-06-20,0.0306046547112142,2022,2021-12-31,learned_vol_interaction,20260912,0.32387572436005274,0.32387572436005274,0,1
state90,2764,2022-06-17,2022-06-27,0.0211666894141107,2022,2021-12-31,learned_vol_interaction,20260912,0.2947636043884615,0.2947636043884615,0,1
state90,2769,2022-06-24,2022-07-04,0.0074507343130214,2022,2021-12-31,learned_vol_interaction,20260912,0.374996784204944,0.374996784204944,0,1
state90,2774,2022-07-01,2022-07-11,-0.0092349827532707,2022,2021-12-31,learned_vol_interaction,20260912,0.3627477495911205,0.3627477495911205,0,0
state90,2779,2022-07-08,2022-07-18,-0.0326815927737367,2022,2021-12-31,learned_vol_interaction,20260912,0.4386327346901708,0.4386327346901708,0,0
state90,2784,2022-07-15,2022-07-25,-0.0066210715249344,2022,2021-12-31,learned_vol_interaction,20260912,0.48961628460365914,0.48961628460365914,0,0
state90,2789,2022-07-22,2022-08-01,-0.0173077967751003,2022,2021-12-31,learned_vol_interaction,20260912,0.5476518151604005,0.5476518151604005,1,0
state90,2794,2022-07-29,2022-08-08,-0.004456034513838,2022,2021-12-31,learned_vol_interaction,20260912,0.7328326518032054,0.7328326518032054,1,0
state90,2799,2022-08-05,2022-08-15,0.0091475117753996,2022,2021-12-31,learned_vol_interaction,20260912,0.6561494296696646,0.6561494296696646,1,1
state90,2804,2022-08-12,2022-08-22,-0.0107272727272728,2022,2021-12-31,learned_vol_interaction,20260912,0.5667272646102238,0.5667272646102238,1,0
state90,2809,2022-08-19,2022-08-29,-0.0172375434082356,2022,2021-12-31,learned_vol_interaction,20260912,0.5755574714973257,0.5755574714973257,1,0
state90,2814,2022-08-26,2022-09-05,-0.0131573766941938,2022,2021-12-31,learned_vol_interaction,20260912,0.5992889777279924,0.5992889777279924,1,0
state90,2819,2022-09-02,2022-09-13,0.0253340680878015,2022,2021-12-31,learned_vol_interaction,20260912,0.6636201775005496,0.6636201775005496,1,1
state90,2824,2022-09-09,2022-09-19,-0.044647264962877,2022,2021-12-31,learned_vol_interaction,20260912,0.7803694380682105,0.7803694380682105,1,0
state90,2828,2022-09-16,2022-09-26,-0.025155151434928,2022,2021-12-31,learned_vol_interaction,20260912,0.7561873327161356,0.7561873327161356,1,0
state90,2833,2022-09-23,2022-10-10,-0.0060162941299352,2022,2021-12-31,learned_vol_interaction,20260912,0.741993522692739,0.741993522692739,1,0
state90,2838,2022-09-30,2022-10-17,0.0041192047412885,2022,2021-12-31,learned_vol_interaction,20260912,0.7050997161299666,0.7050997161299666,1,1
state90,2843,2022-10-14,2022-10-24,-0.0246766294110258,2022,2021-12-31,learned_vol_interaction,20260912,0.5871886836004885,0.5871886836004885,1,0
state90,2848,2022-10-21,2022-10-31,-0.059928861134359,2022,2021-12-31,learned_vol_interaction,20260912,0.6628098538254427,0.6628098538254427,1,0
state90,2853,2022-10-28,2022-11-07,0.071339502526744,2022,2021-12-31,learned_vol_interaction,20260912,0.534286880369217,0.534286880369217,1,1
state90,2858,2022-11-04,2022-11-14,0.0169449090696014,2022,2021-12-31,learned_vol_interaction,20260912,0.49519570030892074,0.49519570030892074,0,1
state90,2863,2022-11-11,2022-11-21,-0.0127051391515239,2022,2021-12-31,learned_vol_interaction,20260912,0.5081257076644325,0.5081257076644325,1,0
state90,2868,2022-11-18,2022-11-28,-0.0179672806084416,2022,2021-12-31,learned_vol_interaction,20260912,0.42590416475914467,0.42590416475914467,0,0
state90,2873,2022-11-25,2022-12-05,0.0555768659337096,2022,2021-12-31,learned_vol_interaction,20260912,0.47730469118095553,0.47730469118095553,0,1
state90,2878,2022-12-02,2022-12-12,0.0175374394775362,2022,2021-12-31,learned_vol_interaction,20260912,0.4581192490056767,0.4581192490056767,0,1
state90,2883,2022-12-09,2022-12-19,-0.0058850602464181,2022,2021-12-31,learned_vol_interaction,20260912,0.5107074648650665,0.5107074648650665,1,0
state90,2888,2022-12-16,2022-12-26,-0.0309150292073658,2022,2021-12-31,learned_vol_interaction,20260912,0.6126209226288903,0.6126209226288903,1,0
state90,2893,2022-12-23,2023-01-03,0.0089464492229616,2022,2021-12-31,learned_vol_interaction,20260912,0.4525053522549514,0.4525053522549514,0,1
state90,2898,2022-12-30,2023-01-09,0.0345913414268119,2022,2021-12-31,learned_vol_interaction,20260912,0.42145340218542343,0.42145340218542343,0,1
state90,2660,2022-01-07,2022-01-17,-0.0173453887283024,2022,2021-12-31,learned_order_extension,20260912,0.7021249449389755,0.7021249449389755,1,0
state90,2665,2022-01-14,2022-01-24,0.0053248631776616,2022,2021-12-31,learned_order_extension,20260912,0.519422850065438,0.519422850065438,1,1
state90,2670,2022-01-21,2022-02-07,-0.0242661876254222,2022,2021-12-31,learned_order_extension,20260912,0.7149761694840576,0.7149761694840576,1,0
state90,2675,2022-01-28,2022-02-14,-0.0127539031341488,2022,2021-12-31,learned_order_extension,20260912,0.5563462821352916,0.5563462821352916,1,0
state90,2680,2022-02-11,2022-02-21,0.0145498774954033,2022,2021-12-31,learned_order_extension,20260912,0.6112227291481532,0.6112227291481532,1,1
state90,2685,2022-02-18,2022-02-28,-0.0177161244498015,2022,2021-12-31,learned_order_extension,20260912,0.7082710857336353,0.7082710857336353,1,0
state90,2690,2022-02-25,2022-03-07,-0.0221791776043331,2022,2021-12-31,learned_order_extension,20260912,0.672646545498505,0.672646545498505,1,0
state90,2695,2022-03-04,2022-03-14,-0.0480378799422749,2022,2021-12-31,learned_order_extension,20260912,0.7063888110552541,0.7063888110552541,1,0
state90,2700,2022-03-11,2022-03-21,0.007530336734814,2022,2021-12-31,learned_order_extension,20260912,0.6284040084971629,0.6284040084971629,1,1
state90,2705,2022-03-18,2022-03-28,-0.0353493110038457,2022,2021-12-31,learned_order_extension,20260912,0.5929220651203073,0.5929220651203073,1,0
state90,2710,2022-03-25,2022-04-06,0.0314834190717003,2022,2021-12-31,learned_order_extension,20260912,0.560900893741765,0.560900893741765,1,1
state90,2715,2022-04-01,2022-04-12,-0.0129237372705649,2022,2021-12-31,learned_order_extension,20260912,0.5663838497464478,0.5663838497464478,1,0
state90,2718,2022-04-08,2022-04-18,-0.0120986062576864,2022,2021-12-31,learned_order_extension,20260912,0.5658097590213205,0.5658097590213205,1,0
state90,2723,2022-04-15,2022-04-25,-0.0528494340140576,2022,2021-12-31,learned_order_extension,20260912,0.5761777041401651,0.5761777041401651,1,0
state90,2728,2022-04-22,2022-05-05,0.015736821365468,2022,2021-12-31,learned_order_extension,20260912,0.5221611817410305,0.5221611817410305,1,1
state90,2733,2022-04-29,2022-05-11,-0.0278824133054675,2022,2021-12-31,learned_order_extension,20260912,0.4014543582757582,0.4014543582757582,0,0
state90,2735,2022-05-06,2022-05-16,0.033741423035827,2022,2021-12-31,learned_order_extension,20260912,0.47602162546573495,0.47602162546573495,0,1
state90,2740,2022-05-13,2022-05-23,0.0164308841843088,2022,2021-12-31,learned_order_extension,20260912,0.4674156580741896,0.4674156580741896,0,1
state90,2745,2022-05-20,2022-05-30,-0.0147293413085614,2022,2021-12-31,learned_order_extension,20260912,0.48286106588586175,0.48286106588586175,0,0
state90,2750,2022-05-27,2022-06-13,0.0431748431927498,2022,2021-12-31,learned_order_extension,20260912,0.4605980778391567,0.4605980778391567,0,1
state90,2759,2022-06-10,2022-06-20,0.0306046547112142,2022,2021-12-31,learned_order_extension,20260912,0.3307362612743242,0.3307362612743242,0,1
state90,2764,2022-06-17,2022-06-27,0.0211666894141107,2022,2021-12-31,learned_order_extension,20260912,0.312819666276213,0.312819666276213,0,1
state90,2769,2022-06-24,2022-07-04,0.0074507343130214,2022,2021-12-31,learned_order_extension,20260912,0.38479843885136705,0.38479843885136705,0,1
state90,2774,2022-07-01,2022-07-11,-0.0092349827532707,2022,2021-12-31,learned_order_extension,20260912,0.374217053609673,0.374217053609673,0,0
state90,2779,2022-07-08,2022-07-18,-0.0326815927737367,2022,2021-12-31,learned_order_extension,20260912,0.4519894158378443,0.4519894158378443,0,0
state90,2784,2022-07-15,2022-07-25,-0.0066210715249344,2022,2021-12-31,learned_order_extension,20260912,0.4940204054336156,0.4940204054336156,0,0
state90,2789,2022-07-22,2022-08-01,-0.0173077967751003,2022,2021-12-31,learned_order_extension,20260912,0.5530846362953933,0.5530846362953933,1,0
state90,2794,2022-07-29,2022-08-08,-0.004456034513838,2022,2021-12-31,learned_order_extension,20260912,0.7003654415092999,0.7003654415092999,1,0
state90,2799,2022-08-05,2022-08-15,0.0091475117753996,2022,2021-12-31,learned_order_extension,20260912,0.6341161655828421,0.6341161655828421,1,1
state90,2804,2022-08-12,2022-08-22,-0.0107272727272728,2022,2021-12-31,learned_order_extension,20260912,0.5691662323086379,0.5691662323086379,1,0
state90,2809,2022-08-19,2022-08-29,-0.0172375434082356,2022,2021-12-31,learned_order_extension,20260912,0.5696880836750867,0.5696880836750867,1,0
state90,2814,2022-08-26,2022-09-05,-0.0131573766941938,2022,2021-12-31,learned_order_extension,20260912,0.5878257984810045,0.5878257984810045,1,0
state90,2819,2022-09-02,2022-09-13,0.0253340680878015,2022,2021-12-31,learned_order_extension,20260912,0.6379877793880597,0.6379877793880597,1,1
state90,2824,2022-09-09,2022-09-19,-0.044647264962877,2022,2021-12-31,learned_order_extension,20260912,0.7291911589139091,0.7291911589139091,1,0
state90,2828,2022-09-16,2022-09-26,-0.025155151434928,2022,2021-12-31,learned_order_extension,20260912,0.7111098702993732,0.7111098702993732,1,0
state90,2833,2022-09-23,2022-10-10,-0.0060162941299352,2022,2021-12-31,learned_order_extension,20260912,0.7077372458929503,0.7077372458929503,1,0
state90,2838,2022-09-30,2022-10-17,0.0041192047412885,2022,2021-12-31,learned_order_extension,20260912,0.6810391020203391,0.6810391020203391,1,1
state90,2843,2022-10-14,2022-10-24,-0.0246766294110258,2022,2021-12-31,learned_order_extension,20260912,0.5780452108695775,0.5780452108695775,1,0
state90,2848,2022-10-21,2022-10-31,-0.059928861134359,2022,2021-12-31,learned_order_extension,20260912,0.6522176427129165,0.6522176427129165,1,0
state90,2853,2022-10-28,2022-11-07,0.071339502526744,2022,2021-12-31,learned_order_extension,20260912,0.5335986065550459,0.5335986065550459,1,1
state90,2858,2022-11-04,2022-11-14,0.0169449090696014,2022,2021-12-31,learned_order_extension,20260912,0.4987947331500217,0.4987947331500217,0,1
state90,2863,2022-11-11,2022-11-21,-0.0127051391515239,2022,2021-12-31,learned_order_extension,20260912,0.5087391037241329,0.5087391037241329,1,0
state90,2868,2022-11-18,2022-11-28,-0.0179672806084416,2022,2021-12-31,learned_order_extension,20260912,0.4198421144660997,0.4198421144660997,0,0
state90,2873,2022-11-25,2022-12-05,0.0555768659337096,2022,2021-12-31,learned_order_extension,20260912,0.46813125282876833,0.46813125282876833,0,1
state90,2878,2022-12-02,2022-12-12,0.0175374394775362,2022,2021-12-31,learned_order_extension,20260912,0.4494453870275048,0.4494453870275048,0,1
state90,2883,2022-12-09,2022-12-19,-0.0058850602464181,2022,2021-12-31,learned_order_extension,20260912,0.5078172034516703,0.5078172034516703,1,0
state90,2888,2022-12-16,2022-12-26,-0.0309150292073658,2022,2021-12-31,learned_order_extension,20260912,0.6174086923329795,0.6174086923329795,1,0
state90,2893,2022-12-23,2023-01-03,0.0089464492229616,2022,2021-12-31,learned_order_extension,20260912,0.45819657918619455,0.45819657918619455,0,1
state90,2898,2022-12-30,2023-01-09,0.0345913414268119,2022,2021-12-31,learned_order_extension,20260912,0.4265465221917634,0.4265465221917634,0,1
state90,2660,2022-01-07,2022-01-17,-0.0173453887283024,2022,2021-12-31,learned_order_offset,20260912,0.7021002597589074,0.7021002597589074,1,0
state90,2665,2022-01-14,2022-01-24,0.0053248631776616,2022,2021-12-31,learned_order_offset,20260912,0.5194500670143739,0.5194500670143739,1,1
state90,2670,2022-01-21,2022-02-07,-0.0242661876254222,2022,2021-12-31,learned_order_offset,20260912,0.7150659531425939,0.7150659531425939,1,0
state90,2675,2022-01-28,2022-02-14,-0.0127539031341488,2022,2021-12-31,learned_order_offset,20260912,0.5563566039667686,0.5563566039667686,1,0
state90,2680,2022-02-11,2022-02-21,0.0145498774954033,2022,2021-12-31,learned_order_offset,20260912,0.6110482909835675,0.6110482909835675,1,1
state90,2685,2022-02-18,2022-02-28,-0.0177161244498015,2022,2021-12-31,learned_order_offset,20260912,0.7082662053268953,0.7082662053268953,1,0
state90,2690,2022-02-25,2022-03-07,-0.0221791776043331,2022,2021-12-31,learned_order_offset,20260912,0.6726443299723985,0.6726443299723985,1,0
state90,2695,2022-03-04,2022-03-14,-0.0480378799422749,2022,2021-12-31,learned_order_offset,20260912,0.7063540116439039,0.7063540116439039,1,0
state90,2700,2022-03-11,2022-03-21,0.007530336734814,2022,2021-12-31,learned_order_offset,20260912,0.6284302090313957,0.6284302090313957,1,1
state90,2705,2022-03-18,2022-03-28,-0.0353493110038457,2022,2021-12-31,learned_order_offset,20260912,0.5930408007656572,0.5930408007656572,1,0
state90,2710,2022-03-25,2022-04-06,0.0314834190717003,2022,2021-12-31,learned_order_offset,20260912,0.5609837979969954,0.5609837979969954,1,1
state90,2715,2022-04-01,2022-04-12,-0.0129237372705649,2022,2021-12-31,learned_order_offset,20260912,0.5664637136117925,0.5664637136117925,1,0
state90,2718,2022-04-08,2022-04-18,-0.0120986062576864,2022,2021-12-31,learned_order_offset,20260912,0.5658239286779201,0.5658239286779201,1,0
state90,2723,2022-04-15,2022-04-25,-0.0528494340140576,2022,2021-12-31,learned_order_offset,20260912,0.5762053845604607,0.5762053845604607,1,0
state90,2728,2022-04-22,2022-05-05,0.015736821365468,2022,2021-12-31,learned_order_offset,20260912,0.5222181583301384,0.5222181583301384,1,1
state90,2733,2022-04-29,2022-05-11,-0.0278824133054675,2022,2021-12-31,learned_order_offset,20260912,0.40156189565790024,0.40156189565790024,0,0
state90,2735,2022-05-06,2022-05-16,0.033741423035827,2022,2021-12-31,learned_order_offset,20260912,0.4760551178307766,0.4760551178307766,0,1
state90,2740,2022-05-13,2022-05-23,0.0164308841843088,2022,2021-12-31,learned_order_offset,20260912,0.46741359959285833,0.46741359959285833,0,1
state90,2745,2022-05-20,2022-05-30,-0.0147293413085614,2022,2021-12-31,learned_order_offset,20260912,0.4829666670195881,0.4829666670195881,0,0
state90,2750,2022-05-27,2022-06-13,0.0431748431927498,2022,2021-12-31,learned_order_offset,20260912,0.4606339295692324,0.4606339295692324,0,1
state90,2759,2022-06-10,2022-06-20,0.0306046547112142,2022,2021-12-31,learned_order_offset,20260912,0.3309313135172127,0.3309313135172127,0,1
state90,2764,2022-06-17,2022-06-27,0.0211666894141107,2022,2021-12-31,learned_order_offset,20260912,0.31302829433814716,0.31302829433814716,0,1
state90,2769,2022-06-24,2022-07-04,0.0074507343130214,2022,2021-12-31,learned_order_offset,20260912,0.38491716457946495,0.38491716457946495,0,1
state90,2774,2022-07-01,2022-07-11,-0.0092349827532707,2022,2021-12-31,learned_order_offset,20260912,0.3742631378177632,0.3742631378177632,0,0
state90,2779,2022-07-08,2022-07-18,-0.0326815927737367,2022,2021-12-31,learned_order_offset,20260912,0.45196032259529306,0.45196032259529306,0,0
state90,2784,2022-07-15,2022-07-25,-0.0066210715249344,2022,2021-12-31,learned_order_offset,20260912,0.49395559112838827,0.49395559112838827,0,0
state90,2789,2022-07-22,2022-08-01,-0.0173077967751003,2022,2021-12-31,learned_order_offset,20260912,0.5530567140533315,0.5530567140533315,1,0
state90,2794,2022-07-29,2022-08-08,-0.004456034513838,2022,2021-12-31,learned_order_offset,20260912,0.7004287549044343,0.7004287549044343,1,0
state90,2799,2022-08-05,2022-08-15,0.0091475117753996,2022,2021-12-31,learned_order_offset,20260912,0.6341811795165448,0.6341811795165448,1,1
state90,2804,2022-08-12,2022-08-22,-0.0107272727272728,2022,2021-12-31,learned_order_offset,20260912,0.5692369708416735,0.5692369708416735,1,0
state90,2809,2022-08-19,2022-08-29,-0.0172375434082356,2022,2021-12-31,learned_order_offset,20260912,0.569797003520037,0.569797003520037,1,0
state90,2814,2022-08-26,2022-09-05,-0.0131573766941938,2022,2021-12-31,learned_order_offset,20260912,0.5879050437117161,0.5879050437117161,1,0
state90,2819,2022-09-02,2022-09-13,0.0253340680878015,2022,2021-12-31,learned_order_offset,20260912,0.6381022660159982,0.6381022660159982,1,1
state90,2824,2022-09-09,2022-09-19,-0.044647264962877,2022,2021-12-31,learned_order_offset,20260912,0.729222320192203,0.729222320192203,1,0
state90,2828,2022-09-16,2022-09-26,-0.025155151434928,2022,2021-12-31,learned_order_offset,20260912,0.7111932176188367,0.7111932176188367,1,0
state90,2833,2022-09-23,2022-10-10,-0.0060162941299352,2022,2021-12-31,learned_order_offset,20260912,0.7077217498942572,0.7077217498942572,1,0
state90,2838,2022-09-30,2022-10-17,0.0041192047412885,2022,2021-12-31,learned_order_offset,20260912,0.6810773659822338,0.6810773659822338,1,1
state90,2843,2022-10-14,2022-10-24,-0.0246766294110258,2022,2021-12-31,learned_order_offset,20260912,0.5780788256268797,0.5780788256268797,1,0
state90,2848,2022-10-21,2022-10-31,-0.059928861134359,2022,2021-12-31,learned_order_offset,20260912,0.6522206517177457,0.6522206517177457,1,0
state90,2853,2022-10-28,2022-11-07,0.071339502526744,2022,2021-12-31,learned_order_offset,20260912,0.5335953389035146,0.5335953389035146,1,1
state90,2858,2022-11-04,2022-11-14,0.0169449090696014,2022,2021-12-31,learned_order_offset,20260912,0.49899626271395653,0.49899626271395653,0,1
state90,2863,2022-11-11,2022-11-21,-0.0127051391515239,2022,2021-12-31,learned_order_offset,20260912,0.5087287832505283,0.5087287832505283,1,0
state90,2868,2022-11-18,2022-11-28,-0.0179672806084416,2022,2021-12-31,learned_order_offset,20260912,0.4199934200293093,0.4199934200293093,0,0
state90,2873,2022-11-25,2022-12-05,0.0555768659337096,2022,2021-12-31,learned_order_offset,20260912,0.4681523148388295,0.4681523148388295,0,1
state90,2878,2022-12-02,2022-12-12,0.0175374394775362,2022,2021-12-31,learned_order_offset,20260912,0.4495540620666624,0.4495540620666624,0,1
state90,2883,2022-12-09,2022-12-19,-0.0058850602464181,2022,2021-12-31,learned_order_offset,20260912,0.5079832164008727,0.5079832164008727,1,0
state90,2888,2022-12-16,2022-12-26,-0.0309150292073658,2022,2021-12-31,learned_order_offset,20260912,0.617550495391565,0.617550495391565,1,0
state90,2893,2022-12-23,2023-01-03,0.0089464492229616,2022,2021-12-31,learned_order_offset,20260912,0.45834125092049666,0.45834125092049666,0,1
state90,2898,2022-12-30,2023-01-09,0.0345913414268119,2022,2021-12-31,learned_order_offset,20260912,0.42667020854201704,0.42667020854201704,0,1
state90,2660,2022-01-07,2022-01-17,-0.0173453887283024,2022,2021-12-31,native_mse,20260912,0.001814179283598589,,1,0
state90,2665,2022-01-14,2022-01-24,0.0053248631776616,2022,2021-12-31,native_mse,20260912,0.0008133505012356114,,1,1
state90,2670,2022-01-21,2022-02-07,-0.0242661876254222,2022,2021-12-31,native_mse,20260912,0.003394922189452561,,1,0
state90,2675,2022-01-28,2022-02-14,-0.0127539031341488,2022,2021-12-31,native_mse,20260912,0.001858669558311765,,1,0
state90,2680,2022-02-11,2022-02-21,0.0145498774954033,2022,2021-12-31,native_mse,20260912,0.003479305001395758,,1,1
state90,2685,2022-02-18,2022-02-28,-0.0177161244498015,2022,2021-12-31,native_mse,20260912,0.00484344917433416,,1,0
state90,2690,2022-02-25,2022-03-07,-0.0221791776043331,2022,2021-12-31,native_mse,20260912,0.004930593592929232,,1,0
state90,2695,2022-03-04,2022-03-14,-0.0480378799422749,2022,2021-12-31,native_mse,20260912,0.004780982951547397,,1,0
state90,2700,2022-03-11,2022-03-21,0.007530336734814,2022,2021-12-31,native_mse,20260912,0.004193854635787947,,1,1
state90,2705,2022-03-18,2022-03-28,-0.0353493110038457,2022,2021-12-31,native_mse,20260912,0.004396502651581285,,1,0
state90,2710,2022-03-25,2022-04-06,0.0314834190717003,2022,2021-12-31,native_mse,20260912,0.0036897334948297125,,1,1
state90,2715,2022-04-01,2022-04-12,-0.0129237372705649,2022,2021-12-31,native_mse,20260912,0.003704448832752752,,1,0
state90,2718,2022-04-08,2022-04-18,-0.0120986062576864,2022,2021-12-31,native_mse,20260912,0.0033120503584409514,,1,0
state90,2723,2022-04-15,2022-04-25,-0.0528494340140576,2022,2021-12-31,native_mse,20260912,0.0030085181253416615,,1,0
state90,2728,2022-04-22,2022-05-05,0.015736821365468,2022,2021-12-31,native_mse,20260912,0.0026567146550084044,,1,1
state90,2733,2022-04-29,2022-05-11,-0.0278824133054675,2022,2021-12-31,native_mse,20260912,0.0018367479372410052,,1,0
state90,2735,2022-05-06,2022-05-16,0.033741423035827,2022,2021-12-31,native_mse,20260912,0.0020912186604119124,,1,1
state90,2740,2022-05-13,2022-05-23,0.0164308841843088,2022,2021-12-31,native_mse,20260912,0.0018493178254621319,,1,1
state90,2745,2022-05-20,2022-05-30,-0.0147293413085614,2022,2021-12-31,native_mse,20260912,0.0016372108848958446,,1,0
state90,2750,2022-05-27,2022-06-13,0.0431748431927498,2022,2021-12-31,native_mse,20260912,0.0012702553294938346,,1,1
state90,2759,2022-06-10,2022-06-20,0.0306046547112142,2022,2021-12-31,native_mse,20260912,-0.00018870985334741705,,0,1
state90,2764,2022-06-17,2022-06-27,0.0211666894141107,2022,2021-12-31,native_mse,20260912,-0.0009698518035469311,,0,1
state90,2769,2022-06-24,2022-07-04,0.0074507343130214,2022,2021-12-31,native_mse,20260912,-0.00016157705520515077,,0,1
state90,2774,2022-07-01,2022-07-11,-0.0092349827532707,2022,2021-12-31,native_mse,20260912,0.00012114906253678204,,1,0
state90,2779,2022-07-08,2022-07-18,-0.0326815927737367,2022,2021-12-31,native_mse,20260912,0.0009385572149118832,,1,0
state90,2784,2022-07-15,2022-07-25,-0.0066210715249344,2022,2021-12-31,native_mse,20260912,0.0008465033870475552,,1,0
state90,2789,2022-07-22,2022-08-01,-0.0173077967751003,2022,2021-12-31,native_mse,20260912,0.001749105544547778,,1,0
state90,2794,2022-07-29,2022-08-08,-0.004456034513838,2022,2021-12-31,native_mse,20260912,0.0022855909610094674,,1,0
state90,2799,2022-08-05,2022-08-15,0.0091475117753996,2022,2021-12-31,native_mse,20260912,0.0023275813973101045,,1,1
state90,2804,2022-08-12,2022-08-22,-0.0107272727272728,2022,2021-12-31,native_mse,20260912,0.00116828161002665,,1,0
state90,2809,2022-08-19,2022-08-29,-0.0172375434082356,2022,2021-12-31,native_mse,20260912,0.002641518401624336,,1,0
state90,2814,2022-08-26,2022-09-05,-0.0131573766941938,2022,2021-12-31,native_mse,20260912,0.00258122146459616,,1,0
state90,2819,2022-09-02,2022-09-13,0.0253340680878015,2022,2021-12-31,native_mse,20260912,0.003426320209529877,,1,1
state90,2824,2022-09-09,2022-09-19,-0.044647264962877,2022,2021-12-31,native_mse,20260912,0.004071954177543495,,1,0
state90,2828,2022-09-16,2022-09-26,-0.025155151434928,2022,2021-12-31,native_mse,20260912,0.004321372628556118,,1,0
state90,2833,2022-09-23,2022-10-10,-0.0060162941299352,2022,2021-12-31,native_mse,20260912,0.0034216908995016978,,1,0
state90,2838,2022-09-30,2022-10-17,0.0041192047412885,2022,2021-12-31,native_mse,20260912,0.003515450079575204,,1,1
state90,2843,2022-10-14,2022-10-24,-0.0246766294110258,2022,2021-12-31,native_mse,20260912,0.002607809358206801,,1,0
state90,2848,2022-10-21,2022-10-31,-0.059928861134359,2022,2021-12-31,native_mse,20260912,0.003699251753992663,,1,0
state90,2853,2022-10-28,2022-11-07,0.071339502526744,2022,2021-12-31,native_mse,20260912,0.0018115173178016464,,1,1
state90,2858,2022-11-04,2022-11-14,0.0169449090696014,2022,2021-12-31,native_mse,20260912,0.0023418219066621243,,1,1
state90,2863,2022-11-11,2022-11-21,-0.0127051391515239,2022,2021-12-31,native_mse,20260912,0.0018573604038192703,,1,0
state90,2868,2022-11-18,2022-11-28,-0.0179672806084416,2022,2021-12-31,native_mse,20260912,0.0016249204309614228,,1,0
state90,2873,2022-11-25,2022-12-05,0.0555768659337096,2022,2021-12-31,native_mse,20260912,0.0016075771422150188,,1,1
state90,2878,2022-12-02,2022-12-12,0.0175374394775362,2022,2021-12-31,native_mse,20260912,0.0015010231403169106,,1,1
state90,2883,2022-12-09,2022-12-19,-0.0058850602464181,2022,2021-12-31,native_mse,20260912,0.001187317105345827,,1,0
state90,2888,2022-12-16,2022-12-26,-0.0309150292073658,2022,2021-12-31,native_mse,20260912,0.0019485697779955545,,1,0
state90,2893,2022-12-23,2023-01-03,0.0089464492229616,2022,2021-12-31,native_mse,20260912,0.0001928217320369698,,1,1
state90,2898,2022-12-30,2023-01-09,0.0345913414268119,2022,2021-12-31,native_mse,20260912,0.00047968928790032895,,1,1
state90,2902,2023-01-06,2023-01-16,0.0198447929614133,2023,2022-12-31,learned_market,20260910,0.2720748657753032,0.2720748657753032,0,1
state90,2907,2023-01-13,2023-01-30,0.0465290788350809,2023,2022-12-31,learned_market,20260910,0.47236248212800225,0.47236248212800225,0,1
state90,2912,2023-01-20,2023-02-06,-0.0383797057844887,2023,2022-12-31,learned_market,20260910,0.406664897579608,0.406664897579608,0,0
state90,2917,2023-02-03,2023-02-13,-0.0012061903149008,2023,2022-12-31,learned_market,20260910,0.7077615943567296,0.7077615943567296,1,0
state90,2922,2023-02-10,2023-02-20,-0.0143746584432821,2023,2022-12-31,learned_market,20260910,0.3396729663973045,0.3396729663973045,0,0
state90,2927,2023-02-17,2023-02-27,0.0001237636016198,2023,2022-12-31,learned_market,20260910,0.3940367299508906,0.3940367299508906,0,1
state90,2932,2023-02-24,2023-03-06,0.0224454641303217,2023,2022-12-31,learned_market,20260910,0.6368517662464305,0.6368517662464305,1,1
state90,2937,2023-03-03,2023-03-13,-0.0407900947678007,2023,2022-12-31,learned_market,20260910,0.7365179717700991,0.7365179717700991,1,0
state90,2942,2023-03-10,2023-03-20,5.0471402903706775e-06,2023,2022-12-31,learned_market,20260910,0.5813776336748179,0.5813776336748179,1,1
state90,2947,2023-03-17,2023-03-27,0.015302852124583,2023,2022-12-31,learned_market,20260910,0.42485803758448765,0.42485803758448765,0,1
state90,2952,2023-03-24,2023-04-03,0.0090274153058433,2023,2022-12-31,learned_market,20260910,0.37090574302943613,0.37090574302943613,0,1
state90,2957,2023-03-31,2023-04-10,0.0178317182396383,2023,2022-12-31,learned_market,20260910,0.3924154635264961,0.3924154635264961,0,1
state90,2961,2023-04-07,2023-04-17,-0.0101500238382772,2023,2022-12-31,learned_market,20260910,0.595589872428567,0.595589872428567,1,0
state90,2966,2023-04-14,2023-04-24,-0.014368947230732,2023,2022-12-31,learned_market,20260910,0.3348532730298861,0.3348532730298861,0,0
state90,2971,2023-04-21,2023-05-04,-0.0044228908788729,2023,2022-12-31,learned_market,20260910,0.4942947568375473,0.4942947568375473,0,0
state90,2976,2023-04-28,2023-05-10,0.0036477163153083,2023,2022-12-31,learned_market,20260910,0.3714756111943182,0.3714756111943182,0,1
state90,2978,2023-05-05,2023-05-15,-0.0221642407977935,2023,2022-12-31,learned_market,20260910,0.4497529451200874,0.4497529451200874,0,0
state90,2983,2023-05-12,2023-05-22,0.0005509250208819,2023,2022-12-31,learned_market,20260910,0.33357360179734663,0.33357360179734663,0,1
state90,2988,2023-05-19,2023-05-29,-0.0200253742704897,2023,2022-12-31,learned_market,20260910,0.5625170222669913,0.5625170222669913,1,0
state90,2993,2023-05-26,2023-06-05,-0.0003935703040848,2023,2022-12-31,learned_market,20260910,0.516241495805648,0.516241495805648,1,0
state90,2998,2023-06-02,2023-06-12,-0.0086075595250429,2023,2022-12-31,learned_market,20260910,0.4611271604446467,0.4611271604446467,0,0
state90,3003,2023-06-09,2023-06-19,0.0338878539347273,2023,2022-12-31,learned_market,20260910,0.3966512245556026,0.3966512245556026,0,1
state90,3008,2023-06-16,2023-07-03,-0.026216632171098,2023,2022-12-31,learned_market,20260910,0.4023630749492596,0.4023630749492596,0,0
state90,3016,2023-06-30,2023-07-10,-0.0030441518806006,2023,2022-12-31,learned_market,20260910,0.4213657002217921,0.4213657002217921,0,0
state90,3021,2023-07-07,2023-07-17,0.0104280552692135,2023,2022-12-31,learned_market,20260910,0.4148371344756111,0.4148371344756111,0,1
state90,3026,2023-07-14,2023-07-24,-0.0201642613135752,2023,2022-12-31,learned_market,20260910,0.6799807480428174,0.6799807480428174,1,0
state90,3031,2023-07-21,2023-07-31,0.0566710925894278,2023,2022-12-31,learned_market,20260910,0.6185965077641518,0.6185965077641518,1,1
state90,3036,2023-07-28,2023-08-07,-0.0039612927947766,2023,2022-12-31,learned_market,20260910,0.4215659804761882,0.4215659804761882,0,0
state90,3041,2023-08-04,2023-08-14,-0.0404899362223548,2023,2022-12-31,learned_market,20260910,0.3422681158561934,0.3422681158561934,0,0
state90,3046,2023-08-11,2023-08-21,-0.0176157088591445,2023,2022-12-31,learned_market,20260910,0.26755143190839087,0.26755143190839087,0,0
state90,3051,2023-08-18,2023-08-28,0.0366582477081969,2023,2022-12-31,learned_market,20260910,0.6094913814194294,0.6094913814194294,1,1
state90,3056,2023-08-25,2023-09-04,-0.025197172476384,2023,2022-12-31,learned_market,20260910,0.292415818373573,0.292415818373573,0,0
state90,3061,2023-09-01,2023-09-11,-0.0189903461587886,2023,2022-12-31,learned_market,20260910,0.5727239862672711,0.5727239862672711,1,0
state90,3066,2023-09-08,2023-09-18,-0.0111346368744954,2023,2022-12-31,learned_market,20260910,0.6046775279486832,0.6046775279486832,1,0
state90,3071,2023-09-15,2023-09-25,0.0105787349314532,2023,2022-12-31,learned_market,20260910,0.6861367371884997,0.6861367371884997,1,1
state90,3076,2023-09-22,2023-10-16,-0.0198017153282719,2023,2022-12-31,learned_market,20260910,0.32435597972671854,0.32435597972671854,0,0
state90,3085,2023-10-13,2023-10-23,-0.0447156690429144,2023,2022-12-31,learned_market,20260910,0.3366428872487967,0.3366428872487967,0,0
state90,3090,2023-10-20,2023-10-30,0.0154019770298841,2023,2022-12-31,learned_market,20260910,0.4792037045854395,0.4792037045854395,0,1
state90,3095,2023-10-27,2023-11-06,0.0152527637017425,2023,2022-12-31,learned_market,20260910,0.6386844483724466,0.6386844483724466,1,1
state90,3100,2023-11-03,2023-11-13,-0.0039935482440582,2023,2022-12-31,learned_market,20260910,0.6170835844519411,0.6170835844519411,1,0
state90,3105,2023-11-10,2023-11-20,-0.0067280482816765,2023,2022-12-31,learned_market,20260910,0.3617740113477979,0.3617740113477979,0,0
state90,3110,2023-11-17,2023-11-27,-0.0098859017348651,2023,2022-12-31,learned_market,20260910,0.5114167478805792,0.5114167478805792,1,0
state90,3115,2023-11-24,2023-12-04,-0.0151084754586299,2023,2022-12-31,learned_market,20260910,0.5960268347540447,0.5960268347540447,1,0
state90,3120,2023-12-01,2023-12-11,-0.0295859857973478,2023,2022-12-31,learned_market,20260910,0.6275300780761194,0.6275300780761194,1,0
state90,3125,2023-12-08,2023-12-18,-0.0144639658974852,2023,2022-12-31,learned_market,20260910,0.6978902969610717,0.6978902969610717,1,0
state90,3130,2023-12-15,2023-12-25,0.0003424256350643,2023,2022-12-31,learned_market,20260910,0.5086640997863847,0.5086640997863847,1,1
state90,3135,2023-12-22,2024-01-02,0.0288079559683274,2023,2022-12-31,learned_market,20260910,0.33152588960837426,0.33152588960837426,0,1
state90,3140,2023-12-29,2024-01-08,-0.0302544749829989,2023,2022-12-31,learned_market,20260910,0.5861986603183404,0.5861986603183404,1,0
state90,2902,2023-01-06,2023-01-16,0.0198447929614133,2023,2022-12-31,learned_vol_interaction,20260910,0.2579229355480302,0.2579229355480302,0,1
state90,2907,2023-01-13,2023-01-30,0.0465290788350809,2023,2022-12-31,learned_vol_interaction,20260910,0.46834593067568,0.46834593067568,0,1
state90,2912,2023-01-20,2023-02-06,-0.0383797057844887,2023,2022-12-31,learned_vol_interaction,20260910,0.3968582316115995,0.3968582316115995,0,0
state90,2917,2023-02-03,2023-02-13,-0.0012061903149008,2023,2022-12-31,learned_vol_interaction,20260910,0.7386639107975522,0.7386639107975522,1,0
state90,2922,2023-02-10,2023-02-20,-0.0143746584432821,2023,2022-12-31,learned_vol_interaction,20260910,0.3303769483660095,0.3303769483660095,0,0
state90,2927,2023-02-17,2023-02-27,0.0001237636016198,2023,2022-12-31,learned_vol_interaction,20260910,0.37895686267521006,0.37895686267521006,0,1
state90,2932,2023-02-24,2023-03-06,0.0224454641303217,2023,2022-12-31,learned_vol_interaction,20260910,0.6474147480213357,0.6474147480213357,1,1
state90,2937,2023-03-03,2023-03-13,-0.0407900947678007,2023,2022-12-31,learned_vol_interaction,20260910,0.7530412308563522,0.7530412308563522,1,0
state90,2942,2023-03-10,2023-03-20,5.0471402903706775e-06,2023,2022-12-31,learned_vol_interaction,20260910,0.5873882519994295,0.5873882519994295,1,1
state90,2947,2023-03-17,2023-03-27,0.015302852124583,2023,2022-12-31,learned_vol_interaction,20260910,0.41458186592231894,0.41458186592231894,0,1
state90,2952,2023-03-24,2023-04-03,0.0090274153058433,2023,2022-12-31,learned_vol_interaction,20260910,0.35652402288788393,0.35652402288788393,0,1
state90,2957,2023-03-31,2023-04-10,0.0178317182396383,2023,2022-12-31,learned_vol_interaction,20260910,0.3863632737017367,0.3863632737017367,0,1
state90,2961,2023-04-07,2023-04-17,-0.0101500238382772,2023,2022-12-31,learned_vol_interaction,20260910,0.6043529683218729,0.6043529683218729,1,0
state90,2966,2023-04-14,2023-04-24,-0.014368947230732,2023,2022-12-31,learned_vol_interaction,20260910,0.3144567628179821,0.3144567628179821,0,0
state90,2971,2023-04-21,2023-05-04,-0.0044228908788729,2023,2022-12-31,learned_vol_interaction,20260910,0.4875429689874716,0.4875429689874716,0,0
state90,2976,2023-04-28,2023-05-10,0.0036477163153083,2023,2022-12-31,learned_vol_interaction,20260910,0.3596297147597128,0.3596297147597128,0,1
state90,2978,2023-05-05,2023-05-15,-0.0221642407977935,2023,2022-12-31,learned_vol_interaction,20260910,0.44140831433605277,0.44140831433605277,0,0
state90,2983,2023-05-12,2023-05-22,0.0005509250208819,2023,2022-12-31,learned_vol_interaction,20260910,0.3241710306632204,0.3241710306632204,0,1
state90,2988,2023-05-19,2023-05-29,-0.0200253742704897,2023,2022-12-31,learned_vol_interaction,20260910,0.5771140415412856,0.5771140415412856,1,0
state90,2993,2023-05-26,2023-06-05,-0.0003935703040848,2023,2022-12-31,learned_vol_interaction,20260910,0.5170651713386136,0.5170651713386136,1,0
state90,2998,2023-06-02,2023-06-12,-0.0086075595250429,2023,2022-12-31,learned_vol_interaction,20260910,0.45864589830252817,0.45864589830252817,0,0
state90,3003,2023-06-09,2023-06-19,0.0338878539347273,2023,2022-12-31,learned_vol_interaction,20260910,0.3918169460644426,0.3918169460644426,0,1
state90,3008,2023-06-16,2023-07-03,-0.026216632171098,2023,2022-12-31,learned_vol_interaction,20260910,0.39897150529552516,0.39897150529552516,0,0
state90,3016,2023-06-30,2023-07-10,-0.0030441518806006,2023,2022-12-31,learned_vol_interaction,20260910,0.4213702849064111,0.4213702849064111,0,0
state90,3021,2023-07-07,2023-07-17,0.0104280552692135,2023,2022-12-31,learned_vol_interaction,20260910,0.40513894935035405,0.40513894935035405,0,1
state90,3026,2023-07-14,2023-07-24,-0.0201642613135752,2023,2022-12-31,learned_vol_interaction,20260910,0.6982450832721806,0.6982450832721806,1,0
state90,3031,2023-07-21,2023-07-31,0.0566710925894278,2023,2022-12-31,learned_vol_interaction,20260910,0.6403583446603761,0.6403583446603761,1,1
state90,3036,2023-07-28,2023-08-07,-0.0039612927947766,2023,2022-12-31,learned_vol_interaction,20260910,0.41454143432883767,0.41454143432883767,0,0
state90,3041,2023-08-04,2023-08-14,-0.0404899362223548,2023,2022-12-31,learned_vol_interaction,20260910,0.3264187058912034,0.3264187058912034,0,0
state90,3046,2023-08-11,2023-08-21,-0.0176157088591445,2023,2022-12-31,learned_vol_interaction,20260910,0.2554527395532382,0.2554527395532382,0,0
state90,3051,2023-08-18,2023-08-28,0.0366582477081969,2023,2022-12-31,learned_vol_interaction,20260910,0.6149345833754644,0.6149345833754644,1,1
state90,3056,2023-08-25,2023-09-04,-0.025197172476384,2023,2022-12-31,learned_vol_interaction,20260910,0.2816747132417266,0.2816747132417266,0,0
state90,3061,2023-09-01,2023-09-11,-0.0189903461587886,2023,2022-12-31,learned_vol_interaction,20260910,0.586511889761913,0.586511889761913,1,0
state90,3066,2023-09-08,2023-09-18,-0.0111346368744954,2023,2022-12-31,learned_vol_interaction,20260910,0.6154558472253346,0.6154558472253346,1,0
state90,3071,2023-09-15,2023-09-25,0.0105787349314532,2023,2022-12-31,learned_vol_interaction,20260910,0.6977509115308642,0.6977509115308642,1,1
state90,3076,2023-09-22,2023-10-16,-0.0198017153282719,2023,2022-12-31,learned_vol_interaction,20260910,0.30811498908515295,0.30811498908515295,0,0
state90,3085,2023-10-13,2023-10-23,-0.0447156690429144,2023,2022-12-31,learned_vol_interaction,20260910,0.3186248238753865,0.3186248238753865,0,0
state90,3090,2023-10-20,2023-10-30,0.0154019770298841,2023,2022-12-31,learned_vol_interaction,20260910,0.47503108967166396,0.47503108967166396,0,1
state90,3095,2023-10-27,2023-11-06,0.0152527637017425,2023,2022-12-31,learned_vol_interaction,20260910,0.6510572958536329,0.6510572958536329,1,1
state90,3100,2023-11-03,2023-11-13,-0.0039935482440582,2023,2022-12-31,learned_vol_interaction,20260910,0.6337676621247442,0.6337676621247442,1,0
state90,3105,2023-11-10,2023-11-20,-0.0067280482816765,2023,2022-12-31,learned_vol_interaction,20260910,0.3556888618333624,0.3556888618333624,0,0
state90,3110,2023-11-17,2023-11-27,-0.0098859017348651,2023,2022-12-31,learned_vol_interaction,20260910,0.5240193760809451,0.5240193760809451,1,0
state90,3115,2023-11-24,2023-12-04,-0.0151084754586299,2023,2022-12-31,learned_vol_interaction,20260910,0.6213508844304936,0.6213508844304936,1,0
state90,3120,2023-12-01,2023-12-11,-0.0295859857973478,2023,2022-12-31,learned_vol_interaction,20260910,0.6548455848453286,0.6548455848453286,1,0
state90,3125,2023-12-08,2023-12-18,-0.0144639658974852,2023,2022-12-31,learned_vol_interaction,20260910,0.7239937201245994,0.7239937201245994,1,0
state90,3130,2023-12-15,2023-12-25,0.0003424256350643,2023,2022-12-31,learned_vol_interaction,20260910,0.5093696275054393,0.5093696275054393,1,1
state90,3135,2023-12-22,2024-01-02,0.0288079559683274,2023,2022-12-31,learned_vol_interaction,20260910,0.3111064131878885,0.3111064131878885,0,1
state90,3140,2023-12-29,2024-01-08,-0.0302544749829989,2023,2022-12-31,learned_vol_interaction,20260910,0.5998966954203862,0.5998966954203862,1,0
state90,2902,2023-01-06,2023-01-16,0.0198447929614133,2023,2022-12-31,learned_order_extension,20260910,0.2943161630816726,0.2943161630816726,0,1
state90,2907,2023-01-13,2023-01-30,0.0465290788350809,2023,2022-12-31,learned_order_extension,20260910,0.46027187341536235,0.46027187341536235,0,1
state90,2912,2023-01-20,2023-02-06,-0.0383797057844887,2023,2022-12-31,learned_order_extension,20260910,0.3872152058090037,0.3872152058090037,0,0
state90,2917,2023-02-03,2023-02-13,-0.0012061903149008,2023,2022-12-31,learned_order_extension,20260910,0.7087431108814826,0.7087431108814826,1,0
state90,2922,2023-02-10,2023-02-20,-0.0143746584432821,2023,2022-12-31,learned_order_extension,20260910,0.33420380659580207,0.33420380659580207,0,0
state90,2927,2023-02-17,2023-02-27,0.0001237636016198,2023,2022-12-31,learned_order_extension,20260910,0.37695809393703467,0.37695809393703467,0,1
state90,2932,2023-02-24,2023-03-06,0.0224454641303217,2023,2022-12-31,learned_order_extension,20260910,0.6504979423759706,0.6504979423759706,1,1
state90,2937,2023-03-03,2023-03-13,-0.0407900947678007,2023,2022-12-31,learned_order_extension,20260910,0.7451391997229981,0.7451391997229981,1,0
state90,2942,2023-03-10,2023-03-20,5.0471402903706775e-06,2023,2022-12-31,learned_order_extension,20260910,0.5807717243209339,0.5807717243209339,1,1
state90,2947,2023-03-17,2023-03-27,0.015302852124583,2023,2022-12-31,learned_order_extension,20260910,0.4261400351912486,0.4261400351912486,0,1
state90,2952,2023-03-24,2023-04-03,0.0090274153058433,2023,2022-12-31,learned_order_extension,20260910,0.35549705087245137,0.35549705087245137,0,1
state90,2957,2023-03-31,2023-04-10,0.0178317182396383,2023,2022-12-31,learned_order_extension,20260910,0.38561638910546875,0.38561638910546875,0,1
state90,2961,2023-04-07,2023-04-17,-0.0101500238382772,2023,2022-12-31,learned_order_extension,20260910,0.5803253034213908,0.5803253034213908,1,0
state90,2966,2023-04-14,2023-04-24,-0.014368947230732,2023,2022-12-31,learned_order_extension,20260910,0.3132796546081912,0.3132796546081912,0,0
state90,2971,2023-04-21,2023-05-04,-0.0044228908788729,2023,2022-12-31,learned_order_extension,20260910,0.5129717529119044,0.5129717529119044,1,0
state90,2976,2023-04-28,2023-05-10,0.0036477163153083,2023,2022-12-31,learned_order_extension,20260910,0.3973579997453356,0.3973579997453356,0,1
state90,2978,2023-05-05,2023-05-15,-0.0221642407977935,2023,2022-12-31,learned_order_extension,20260910,0.4552249172640749,0.4552249172640749,0,0
state90,2983,2023-05-12,2023-05-22,0.0005509250208819,2023,2022-12-31,learned_order_extension,20260910,0.3862794729795211,0.3862794729795211,0,1
state90,2988,2023-05-19,2023-05-29,-0.0200253742704897,2023,2022-12-31,learned_order_extension,20260910,0.558285474010296,0.558285474010296,1,0
state90,2993,2023-05-26,2023-06-05,-0.0003935703040848,2023,2022-12-31,learned_order_extension,20260910,0.5195420946101187,0.5195420946101187,1,0
state90,2998,2023-06-02,2023-06-12,-0.0086075595250429,2023,2022-12-31,learned_order_extension,20260910,0.4764646687624865,0.4764646687624865,0,0
state90,3003,2023-06-09,2023-06-19,0.0338878539347273,2023,2022-12-31,learned_order_extension,20260910,0.4399504044091518,0.4399504044091518,0,1
state90,3008,2023-06-16,2023-07-03,-0.026216632171098,2023,2022-12-31,learned_order_extension,20260910,0.4403657460993596,0.4403657460993596,0,0
state90,3016,2023-06-30,2023-07-10,-0.0030441518806006,2023,2022-12-31,learned_order_extension,20260910,0.44347540699034627,0.44347540699034627,0,0
state90,3021,2023-07-07,2023-07-17,0.0104280552692135,2023,2022-12-31,learned_order_extension,20260910,0.42525896977192723,0.42525896977192723,0,1
state90,3026,2023-07-14,2023-07-24,-0.0201642613135752,2023,2022-12-31,learned_order_extension,20260910,0.6244950957532646,0.6244950957532646,1,0
state90,3031,2023-07-21,2023-07-31,0.0566710925894278,2023,2022-12-31,learned_order_extension,20260910,0.591193586714307,0.591193586714307,1,1
state90,3036,2023-07-28,2023-08-07,-0.0039612927947766,2023,2022-12-31,learned_order_extension,20260910,0.4137031126689188,0.4137031126689188,0,0
state90,3041,2023-08-04,2023-08-14,-0.0404899362223548,2023,2022-12-31,learned_order_extension,20260910,0.34971805428457803,0.34971805428457803,0,0
state90,3046,2023-08-11,2023-08-21,-0.0176157088591445,2023,2022-12-31,learned_order_extension,20260910,0.2809005484837032,0.2809005484837032,0,0
state90,3051,2023-08-18,2023-08-28,0.0366582477081969,2023,2022-12-31,learned_order_extension,20260910,0.5809843846986696,0.5809843846986696,1,1
state90,3056,2023-08-25,2023-09-04,-0.025197172476384,2023,2022-12-31,learned_order_extension,20260910,0.31129405822030537,0.31129405822030537,0,0
state90,3061,2023-09-01,2023-09-11,-0.0189903461587886,2023,2022-12-31,learned_order_extension,20260910,0.5671782602532678,0.5671782602532678,1,0
state90,3066,2023-09-08,2023-09-18,-0.0111346368744954,2023,2022-12-31,learned_order_extension,20260910,0.5986378602457478,0.5986378602457478,1,0
state90,3071,2023-09-15,2023-09-25,0.0105787349314532,2023,2022-12-31,learned_order_extension,20260910,0.6895171394617714,0.6895171394617714,1,1
state90,3076,2023-09-22,2023-10-16,-0.0198017153282719,2023,2022-12-31,learned_order_extension,20260910,0.33512334993612697,0.33512334993612697,0,0
state90,3085,2023-10-13,2023-10-23,-0.0447156690429144,2023,2022-12-31,learned_order_extension,20260910,0.30440510308782714,0.30440510308782714,0,0
state90,3090,2023-10-20,2023-10-30,0.0154019770298841,2023,2022-12-31,learned_order_extension,20260910,0.4766281929131953,0.4766281929131953,0,1
state90,3095,2023-10-27,2023-11-06,0.0152527637017425,2023,2022-12-31,learned_order_extension,20260910,0.626916446466881,0.626916446466881,1,1
state90,3100,2023-11-03,2023-11-13,-0.0039935482440582,2023,2022-12-31,learned_order_extension,20260910,0.6201049564983336,0.6201049564983336,1,0
state90,3105,2023-11-10,2023-11-20,-0.0067280482816765,2023,2022-12-31,learned_order_extension,20260910,0.3738864366587212,0.3738864366587212,0,0
state90,3110,2023-11-17,2023-11-27,-0.0098859017348651,2023,2022-12-31,learned_order_extension,20260910,0.5345355040949834,0.5345355040949834,1,0
state90,3115,2023-11-24,2023-12-04,-0.0151084754586299,2023,2022-12-31,learned_order_extension,20260910,0.5989782474931528,0.5989782474931528,1,0
state90,3120,2023-12-01,2023-12-11,-0.0295859857973478,2023,2022-12-31,learned_order_extension,20260910,0.6371672623479381,0.6371672623479381,1,0
state90,3125,2023-12-08,2023-12-18,-0.0144639658974852,2023,2022-12-31,learned_order_extension,20260910,0.726127480353712,0.726127480353712,1,0
state90,3130,2023-12-15,2023-12-25,0.0003424256350643,2023,2022-12-31,learned_order_extension,20260910,0.5071153715809007,0.5071153715809007,1,1
state90,3135,2023-12-22,2024-01-02,0.0288079559683274,2023,2022-12-31,learned_order_extension,20260910,0.3270929793257609,0.3270929793257609,0,1
state90,3140,2023-12-29,2024-01-08,-0.0302544749829989,2023,2022-12-31,learned_order_extension,20260910,0.5992256981518858,0.5992256981518858,1,0
state90,2902,2023-01-06,2023-01-16,0.0198447929614133,2023,2022-12-31,learned_order_offset,20260910,0.29436491679511234,0.29436491679511234,0,1
state90,2907,2023-01-13,2023-01-30,0.0465290788350809,2023,2022-12-31,learned_order_offset,20260910,0.45922844261203544,0.45922844261203544,0,1
state90,2912,2023-01-20,2023-02-06,-0.0383797057844887,2023,2022-12-31,learned_order_offset,20260910,0.3863007910171924,0.3863007910171924,0,0
state90,2917,2023-02-03,2023-02-13,-0.0012061903149008,2023,2022-12-31,learned_order_offset,20260910,0.708109906191393,0.708109906191393,1,0
state90,2922,2023-02-10,2023-02-20,-0.0143746584432821,2023,2022-12-31,learned_order_offset,20260910,0.3342356424663725,0.3342356424663725,0,0
state90,2927,2023-02-17,2023-02-27,0.0001237636016198,2023,2022-12-31,learned_order_offset,20260910,0.3768936129162209,0.3768936129162209,0,1
state90,2932,2023-02-24,2023-03-06,0.0224454641303217,2023,2022-12-31,learned_order_offset,20260910,0.650954614063496,0.650954614063496,1,1
state90,2937,2023-03-03,2023-03-13,-0.0407900947678007,2023,2022-12-31,learned_order_offset,20260910,0.744213255918267,0.744213255918267,1,0
state90,2942,2023-03-10,2023-03-20,5.0471402903706775e-06,2023,2022-12-31,learned_order_offset,20260910,0.581402685223824,0.581402685223824,1,1
state90,2947,2023-03-17,2023-03-27,0.015302852124583,2023,2022-12-31,learned_order_offset,20260910,0.4267138677564879,0.4267138677564879,0,1
state90,2952,2023-03-24,2023-04-03,0.0090274153058433,2023,2022-12-31,learned_order_offset,20260910,0.3550974197538086,0.3550974197538086,0,1
state90,2957,2023-03-31,2023-04-10,0.0178317182396383,2023,2022-12-31,learned_order_offset,20260910,0.38476763491007665,0.38476763491007665,0,1
state90,2961,2023-04-07,2023-04-17,-0.0101500238382772,2023,2022-12-31,learned_order_offset,20260910,0.5794010068026585,0.5794010068026585,1,0
state90,2966,2023-04-14,2023-04-24,-0.014368947230732,2023,2022-12-31,learned_order_offset,20260910,0.31197453771328737,0.31197453771328737,0,0
state90,2971,2023-04-21,2023-05-04,-0.0044228908788729,2023,2022-12-31,learned_order_offset,20260910,0.5149450703710334,0.5149450703710334,1,0
state90,2976,2023-04-28,2023-05-10,0.0036477163153083,2023,2022-12-31,learned_order_offset,20260910,0.39823395699918146,0.39823395699918146,0,1
state90,2978,2023-05-05,2023-05-15,-0.0221642407977935,2023,2022-12-31,learned_order_offset,20260910,0.4559542898668919,0.4559542898668919,0,0
state90,2983,2023-05-12,2023-05-22,0.0005509250208819,2023,2022-12-31,learned_order_offset,20260910,0.38735140673750457,0.38735140673750457,0,1
state90,2988,2023-05-19,2023-05-29,-0.0200253742704897,2023,2022-12-31,learned_order_offset,20260910,0.5583236766115218,0.5583236766115218,1,0
state90,2993,2023-05-26,2023-06-05,-0.0003935703040848,2023,2022-12-31,learned_order_offset,20260910,0.5196713253356512,0.5196713253356512,1,0
state90,2998,2023-06-02,2023-06-12,-0.0086075595250429,2023,2022-12-31,learned_order_offset,20260910,0.4774002230107331,0.4774002230107331,0,0
state90,3003,2023-06-09,2023-06-19,0.0338878539347273,2023,2022-12-31,learned_order_offset,20260910,0.44203236200402185,0.44203236200402185,0,1
state90,3008,2023-06-16,2023-07-03,-0.026216632171098,2023,2022-12-31,learned_order_offset,20260910,0.44122158681927054,0.44122158681927054,0,0
state90,3016,2023-06-30,2023-07-10,-0.0030441518806006,2023,2022-12-31,learned_order_offset,20260910,0.4443353288773946,0.4443353288773946,0,0
state90,3021,2023-07-07,2023-07-17,0.0104280552692135,2023,2022-12-31,learned_order_offset,20260910,0.4256085180406109,0.4256085180406109,0,1
state90,3026,2023-07-14,2023-07-24,-0.0201642613135752,2023,2022-12-31,learned_order_offset,20260910,0.623906968031916,0.623906968031916,1,0
state90,3031,2023-07-21,2023-07-31,0.0566710925894278,2023,2022-12-31,learned_order_offset,20260910,0.5909164484602238,0.5909164484602238,1,1
state90,3036,2023-07-28,2023-08-07,-0.0039612927947766,2023,2022-12-31,learned_order_offset,20260910,0.4138182586819264,0.4138182586819264,0,0
state90,3041,2023-08-04,2023-08-14,-0.0404899362223548,2023,2022-12-31,learned_order_offset,20260910,0.3499694885504753,0.3499694885504753,0,0
state90,3046,2023-08-11,2023-08-21,-0.0176157088591445,2023,2022-12-31,learned_order_offset,20260910,0.28220374642564056,0.28220374642564056,0,0
state90,3051,2023-08-18,2023-08-28,0.0366582477081969,2023,2022-12-31,learned_order_offset,20260910,0.5800249132918106,0.5800249132918106,1,1
state90,3056,2023-08-25,2023-09-04,-0.025197172476384,2023,2022-12-31,learned_order_offset,20260910,0.311648784966294,0.311648784966294,0,0
state90,3061,2023-09-01,2023-09-11,-0.0189903461587886,2023,2022-12-31,learned_order_offset,20260910,0.566362837903968,0.566362837903968,1,0
state90,3066,2023-09-08,2023-09-18,-0.0111346368744954,2023,2022-12-31,learned_order_offset,20260910,0.5991422738205142,0.5991422738205142,1,0
state90,3071,2023-09-15,2023-09-25,0.0105787349314532,2023,2022-12-31,learned_order_offset,20260910,0.6890568513220626,0.6890568513220626,1,1
state90,3076,2023-09-22,2023-10-16,-0.0198017153282719,2023,2022-12-31,learned_order_offset,20260910,0.33653104179539023,0.33653104179539023,0,0
state90,3085,2023-10-13,2023-10-23,-0.0447156690429144,2023,2022-12-31,learned_order_offset,20260910,0.3043326508764281,0.3043326508764281,0,0
state90,3090,2023-10-20,2023-10-30,0.0154019770298841,2023,2022-12-31,learned_order_offset,20260910,0.47659825611933193,0.47659825611933193,0,1
state90,3095,2023-10-27,2023-11-06,0.0152527637017425,2023,2022-12-31,learned_order_offset,20260910,0.6264366229627167,0.6264366229627167,1,1
state90,3100,2023-11-03,2023-11-13,-0.0039935482440582,2023,2022-12-31,learned_order_offset,20260910,0.6200843647075565,0.6200843647075565,1,0
state90,3105,2023-11-10,2023-11-20,-0.0067280482816765,2023,2022-12-31,learned_order_offset,20260910,0.37497342119156146,0.37497342119156146,0,0
state90,3110,2023-11-17,2023-11-27,-0.0098859017348651,2023,2022-12-31,learned_order_offset,20260910,0.5354394988574229,0.5354394988574229,1,0
state90,3115,2023-11-24,2023-12-04,-0.0151084754586299,2023,2022-12-31,learned_order_offset,20260910,0.5989205204906171,0.5989205204906171,1,0
state90,3120,2023-12-01,2023-12-11,-0.0295859857973478,2023,2022-12-31,learned_order_offset,20260910,0.6373428416572482,0.6373428416572482,1,0
state90,3125,2023-12-08,2023-12-18,-0.0144639658974852,2023,2022-12-31,learned_order_offset,20260910,0.7263297183442197,0.7263297183442197,1,0
state90,3130,2023-12-15,2023-12-25,0.0003424256350643,2023,2022-12-31,learned_order_offset,20260910,0.5070535490594527,0.5070535490594527,1,1
state90,3135,2023-12-22,2024-01-02,0.0288079559683274,2023,2022-12-31,learned_order_offset,20260910,0.3275411380993484,0.3275411380993484,0,1
state90,3140,2023-12-29,2024-01-08,-0.0302544749829989,2023,2022-12-31,learned_order_offset,20260910,0.5991665765171357,0.5991665765171357,1,0
state90,2902,2023-01-06,2023-01-16,0.0198447929614133,2023,2022-12-31,native_mse,20260910,-0.0025267983391307767,,0,1
state90,2907,2023-01-13,2023-01-30,0.0465290788350809,2023,2022-12-31,native_mse,20260910,-0.0004635399148201708,,0,1
state90,2912,2023-01-20,2023-02-06,-0.0383797057844887,2023,2022-12-31,native_mse,20260910,7.519190422555292e-05,,1,0
state90,2917,2023-02-03,2023-02-13,-0.0012061903149008,2023,2022-12-31,native_mse,20260910,0.0016271329266920357,,1,0
state90,2922,2023-02-10,2023-02-20,-0.0143746584432821,2023,2022-12-31,native_mse,20260910,-0.0011564163814400644,,0,0
state90,2927,2023-02-17,2023-02-27,0.0001237636016198,2023,2022-12-31,native_mse,20260910,-0.0016426518503498255,,0,1
state90,2932,2023-02-24,2023-03-06,0.0224454641303217,2023,2022-12-31,native_mse,20260910,0.0015810555880606469,,1,1
state90,2937,2023-03-03,2023-03-13,-0.0407900947678007,2023,2022-12-31,native_mse,20260910,0.0007073892257839969,,1,0
state90,2942,2023-03-10,2023-03-20,5.0471402903706775e-06,2023,2022-12-31,native_mse,20260910,-0.0001794060398361263,,0,1
state90,2947,2023-03-17,2023-03-27,0.015302852124583,2023,2022-12-31,native_mse,20260910,-0.0018976163672993884,,0,1
state90,2952,2023-03-24,2023-04-03,0.0090274153058433,2023,2022-12-31,native_mse,20260910,-0.001832954139676603,,0,1
state90,2957,2023-03-31,2023-04-10,0.0178317182396383,2023,2022-12-31,native_mse,20260910,-0.00172129069982479,,0,1
state90,2961,2023-04-07,2023-04-17,-0.0101500238382772,2023,2022-12-31,native_mse,20260910,-0.00033641886926452733,,0,0
state90,2966,2023-04-14,2023-04-24,-0.014368947230732,2023,2022-12-31,native_mse,20260910,-0.0013230092163269815,,0,0
state90,2971,2023-04-21,2023-05-04,-0.0044228908788729,2023,2022-12-31,native_mse,20260910,-0.0007286066396655064,,0,0
state90,2976,2023-04-28,2023-05-10,0.0036477163153083,2023,2022-12-31,native_mse,20260910,-0.00030575704561793394,,0,1
state90,2978,2023-05-05,2023-05-15,-0.0221642407977935,2023,2022-12-31,native_mse,20260910,-0.00011486613921578474,,0,0
state90,2983,2023-05-12,2023-05-22,0.0005509250208819,2023,2022-12-31,native_mse,20260910,-0.0001792163459168561,,0,1
state90,2988,2023-05-19,2023-05-29,-0.0200253742704897,2023,2022-12-31,native_mse,20260910,0.0009439667644663131,,1,0
state90,2993,2023-05-26,2023-06-05,-0.0003935703040848,2023,2022-12-31,native_mse,20260910,0.000557122093874036,,1,0
state90,2998,2023-06-02,2023-06-12,-0.0086075595250429,2023,2022-12-31,native_mse,20260910,-0.001180815938657947,,0,0
state90,3003,2023-06-09,2023-06-19,0.0338878539347273,2023,2022-12-31,native_mse,20260910,-0.0014426234760102343,,0,1
state90,3008,2023-06-16,2023-07-03,-0.026216632171098,2023,2022-12-31,native_mse,20260910,-0.0010042817493535598,,0,0
state90,3016,2023-06-30,2023-07-10,-0.0030441518806006,2023,2022-12-31,native_mse,20260910,-0.0011931588855691256,,0,0
state90,3021,2023-07-07,2023-07-17,0.0104280552692135,2023,2022-12-31,native_mse,20260910,-0.001925244639091561,,0,1
state90,3026,2023-07-14,2023-07-24,-0.0201642613135752,2023,2022-12-31,native_mse,20260910,0.00072512762062503,,1,0
state90,3031,2023-07-21,2023-07-31,0.0566710925894278,2023,2022-12-31,native_mse,20260910,0.0009939160139214966,,1,1
state90,3036,2023-07-28,2023-08-07,-0.0039612927947766,2023,2022-12-31,native_mse,20260910,-0.0005682320215149167,,0,0
state90,3041,2023-08-04,2023-08-14,-0.0404899362223548,2023,2022-12-31,native_mse,20260910,-0.0009301134947241365,,0,0
state90,3046,2023-08-11,2023-08-21,-0.0176157088591445,2023,2022-12-31,native_mse,20260910,-0.000726777176221484,,0,0
state90,3051,2023-08-18,2023-08-28,0.0366582477081969,2023,2022-12-31,native_mse,20260910,0.0008756120897448488,,1,1
state90,3056,2023-08-25,2023-09-04,-0.025197172476384,2023,2022-12-31,native_mse,20260910,-0.0006648239910763075,,0,0
state90,3061,2023-09-01,2023-09-11,-0.0189903461587886,2023,2022-12-31,native_mse,20260910,0.00015839660362514175,,1,0
state90,3066,2023-09-08,2023-09-18,-0.0111346368744954,2023,2022-12-31,native_mse,20260910,0.001744965500114605,,1,0
state90,3071,2023-09-15,2023-09-25,0.0105787349314532,2023,2022-12-31,native_mse,20260910,0.0006876575211446893,,1,1
state90,3076,2023-09-22,2023-10-16,-0.0198017153282719,2023,2022-12-31,native_mse,20260910,-0.00243132015475,,0,0
state90,3085,2023-10-13,2023-10-23,-0.0447156690429144,2023,2022-12-31,native_mse,20260910,-0.0021908711949872265,,0,0
state90,3090,2023-10-20,2023-10-30,0.0154019770298841,2023,2022-12-31,native_mse,20260910,-0.0005611083237640583,,0,1
state90,3095,2023-10-27,2023-11-06,0.0152527637017425,2023,2022-12-31,native_mse,20260910,0.0010289915405626282,,1,1
state90,3100,2023-11-03,2023-11-13,-0.0039935482440582,2023,2022-12-31,native_mse,20260910,0.001023319006735779,,1,0
state90,3105,2023-11-10,2023-11-20,-0.0067280482816765,2023,2022-12-31,native_mse,20260910,-0.0009564130384265961,,0,0
state90,3110,2023-11-17,2023-11-27,-0.0098859017348651,2023,2022-12-31,native_mse,20260910,0.00023192130830153903,,1,0
state90,3115,2023-11-24,2023-12-04,-0.0151084754586299,2023,2022-12-31,native_mse,20260910,0.0008732338960994725,,1,0
state90,3120,2023-12-01,2023-12-11,-0.0295859857973478,2023,2022-12-31,native_mse,20260910,0.000837366835393595,,1,0
state90,3125,2023-12-08,2023-12-18,-0.0144639658974852,2023,2022-12-31,native_mse,20260910,0.0006391538307731006,,1,0
state90,3130,2023-12-15,2023-12-25,0.0003424256350643,2023,2022-12-31,native_mse,20260910,0.000382991564868559,,1,1
state90,3135,2023-12-22,2024-01-02,0.0288079559683274,2023,2022-12-31,native_mse,20260910,-0.0008222024683218445,,0,1
state90,3140,2023-12-29,2024-01-08,-0.0302544749829989,2023,2022-12-31,native_mse,20260910,0.0008212539531046094,,1,0
state90,2902,2023-01-06,2023-01-16,0.0198447929614133,2023,2022-12-31,training_frequency,-1,0.5028949545078577,0.5028949545078577,1,1
state90,2907,2023-01-13,2023-01-30,0.0465290788350809,2023,2022-12-31,training_frequency,-1,0.5028949545078577,0.5028949545078577,1,1
state90,2912,2023-01-20,2023-02-06,-0.0383797057844887,2023,2022-12-31,training_frequency,-1,0.5028949545078577,0.5028949545078577,1,0
state90,2917,2023-02-03,2023-02-13,-0.0012061903149008,2023,2022-12-31,training_frequency,-1,0.5028949545078577,0.5028949545078577,1,0
state90,2922,2023-02-10,2023-02-20,-0.0143746584432821,2023,2022-12-31,training_frequency,-1,0.5028949545078577,0.5028949545078577,1,0
state90,2927,2023-02-17,2023-02-27,0.0001237636016198,2023,2022-12-31,training_frequency,-1,0.5028949545078577,0.5028949545078577,1,1
state90,2932,2023-02-24,2023-03-06,0.0224454641303217,2023,2022-12-31,training_frequency,-1,0.5028949545078577,0.5028949545078577,1,1
state90,2937,2023-03-03,2023-03-13,-0.0407900947678007,2023,2022-12-31,training_frequency,-1,0.5028949545078577,0.5028949545078577,1,0
state90,2942,2023-03-10,2023-03-20,5.0471402903706775e-06,2023,2022-12-31,training_frequency,-1,0.5028949545078577,0.5028949545078577,1,1
state90,2947,2023-03-17,2023-03-27,0.015302852124583,2023,2022-12-31,training_frequency,-1,0.5028949545078577,0.5028949545078577,1,1
state90,2952,2023-03-24,2023-04-03,0.0090274153058433,2023,2022-12-31,training_frequency,-1,0.5028949545078577,0.5028949545078577,1,1
state90,2957,2023-03-31,2023-04-10,0.0178317182396383,2023,2022-12-31,training_frequency,-1,0.5028949545078577,0.5028949545078577,1,1
state90,2961,2023-04-07,2023-04-17,-0.0101500238382772,2023,2022-12-31,training_frequency,-1,0.5028949545078577,0.5028949545078577,1,0
state90,2966,2023-04-14,2023-04-24,-0.014368947230732,2023,2022-12-31,training_frequency,-1,0.5028949545078577,0.5028949545078577,1,0
state90,2971,2023-04-21,2023-05-04,-0.0044228908788729,2023,2022-12-31,training_frequency,-1,0.5028949545078577,0.5028949545078577,1,0
state90,2976,2023-04-28,2023-05-10,0.0036477163153083,2023,2022-12-31,training_frequency,-1,0.5028949545078577,0.5028949545078577,1,1
state90,2978,2023-05-05,2023-05-15,-0.0221642407977935,2023,2022-12-31,training_frequency,-1,0.5028949545078577,0.5028949545078577,1,0
state90,2983,2023-05-12,2023-05-22,0.0005509250208819,2023,2022-12-31,training_frequency,-1,0.5028949545078577,0.5028949545078577,1,1
state90,2988,2023-05-19,2023-05-29,-0.0200253742704897,2023,2022-12-31,training_frequency,-1,0.5028949545078577,0.5028949545078577,1,0
state90,2993,2023-05-26,2023-06-05,-0.0003935703040848,2023,2022-12-31,training_frequency,-1,0.5028949545078577,0.5028949545078577,1,0
state90,2998,2023-06-02,2023-06-12,-0.0086075595250429,2023,2022-12-31,training_frequency,-1,0.5028949545078577,0.5028949545078577,1,0
state90,3003,2023-06-09,2023-06-19,0.0338878539347273,2023,2022-12-31,training_frequency,-1,0.5028949545078577,0.5028949545078577,1,1
state90,3008,2023-06-16,2023-07-03,-0.026216632171098,2023,2022-12-31,training_frequency,-1,0.5028949545078577,0.5028949545078577,1,0
state90,3016,2023-06-30,2023-07-10,-0.0030441518806006,2023,2022-12-31,training_frequency,-1,0.5028949545078577,0.5028949545078577,1,0
state90,3021,2023-07-07,2023-07-17,0.0104280552692135,2023,2022-12-31,training_frequency,-1,0.5028949545078577,0.5028949545078577,1,1
state90,3026,2023-07-14,2023-07-24,-0.0201642613135752,2023,2022-12-31,training_frequency,-1,0.5028949545078577,0.5028949545078577,1,0
state90,3031,2023-07-21,2023-07-31,0.0566710925894278,2023,2022-12-31,training_frequency,-1,0.5028949545078577,0.5028949545078577,1,1
state90,3036,2023-07-28,2023-08-07,-0.0039612927947766,2023,2022-12-31,training_frequency,-1,0.5028949545078577,0.5028949545078577,1,0
state90,3041,2023-08-04,2023-08-14,-0.0404899362223548,2023,2022-12-31,training_frequency,-1,0.5028949545078577,0.5028949545078577,1,0
state90,3046,2023-08-11,2023-08-21,-0.0176157088591445,2023,2022-12-31,training_frequency,-1,0.5028949545078577,0.5028949545078577,1,0
state90,3051,2023-08-18,2023-08-28,0.0366582477081969,2023,2022-12-31,training_frequency,-1,0.5028949545078577,0.5028949545078577,1,1
state90,3056,2023-08-25,2023-09-04,-0.025197172476384,2023,2022-12-31,training_frequency,-1,0.5028949545078577,0.5028949545078577,1,0
state90,3061,2023-09-01,2023-09-11,-0.0189903461587886,2023,2022-12-31,training_frequency,-1,0.5028949545078577,0.5028949545078577,1,0
state90,3066,2023-09-08,2023-09-18,-0.0111346368744954,2023,2022-12-31,training_frequency,-1,0.5028949545078577,0.5028949545078577,1,0
state90,3071,2023-09-15,2023-09-25,0.0105787349314532,2023,2022-12-31,training_frequency,-1,0.5028949545078577,0.5028949545078577,1,1
state90,3076,2023-09-22,2023-10-16,-0.0198017153282719,2023,2022-12-31,training_frequency,-1,0.5028949545078577,0.5028949545078577,1,0
state90,3085,2023-10-13,2023-10-23,-0.0447156690429144,2023,2022-12-31,training_frequency,-1,0.5028949545078577,0.5028949545078577,1,0
state90,3090,2023-10-20,2023-10-30,0.0154019770298841,2023,2022-12-31,training_frequency,-1,0.5028949545078577,0.5028949545078577,1,1
state90,3095,2023-10-27,2023-11-06,0.0152527637017425,2023,2022-12-31,training_frequency,-1,0.5028949545078577,0.5028949545078577,1,1
state90,3100,2023-11-03,2023-11-13,-0.0039935482440582,2023,2022-12-31,training_frequency,-1,0.5028949545078577,0.5028949545078577,1,0
state90,3105,2023-11-10,2023-11-20,-0.0067280482816765,2023,2022-12-31,training_frequency,-1,0.5028949545078577,0.5028949545078577,1,0
state90,3110,2023-11-17,2023-11-27,-0.0098859017348651,2023,2022-12-31,training_frequency,-1,0.5028949545078577,0.5028949545078577,1,0
state90,3115,2023-11-24,2023-12-04,-0.0151084754586299,2023,2022-12-31,training_frequency,-1,0.5028949545078577,0.5028949545078577,1,0
state90,3120,2023-12-01,2023-12-11,-0.0295859857973478,2023,2022-12-31,training_frequency,-1,0.5028949545078577,0.5028949545078577,1,0
state90,3125,2023-12-08,2023-12-18,-0.0144639658974852,2023,2022-12-31,training_frequency,-1,0.5028949545078577,0.5028949545078577,1,0
state90,3130,2023-12-15,2023-12-25,0.0003424256350643,2023,2022-12-31,training_frequency,-1,0.5028949545078577,0.5028949545078577,1,1
state90,3135,2023-12-22,2024-01-02,0.0288079559683274,2023,2022-12-31,training_frequency,-1,0.5028949545078577,0.5028949545078577,1,1
state90,3140,2023-12-29,2024-01-08,-0.0302544749829989,2023,2022-12-31,training_frequency,-1,0.5028949545078577,0.5028949545078577,1,0
state90,2902,2023-01-06,2023-01-16,0.0198447929614133,2023,2022-12-31,learned_market,20260911,0.4109996836659653,0.4109996836659653,0,1
state90,2907,2023-01-13,2023-01-30,0.0465290788350809,2023,2022-12-31,learned_market,20260911,0.344318482304961,0.344318482304961,0,1
state90,2912,2023-01-20,2023-02-06,-0.0383797057844887,2023,2022-12-31,learned_market,20260911,0.6588589521771411,0.6588589521771411,1,0
state90,2917,2023-02-03,2023-02-13,-0.0012061903149008,2023,2022-12-31,learned_market,20260911,0.5846417083500102,0.5846417083500102,1,0
state90,2922,2023-02-10,2023-02-20,-0.0143746584432821,2023,2022-12-31,learned_market,20260911,0.37229435163057095,0.37229435163057095,0,0
state90,2927,2023-02-17,2023-02-27,0.0001237636016198,2023,2022-12-31,learned_market,20260911,0.4278917331001193,0.4278917331001193,0,1
state90,2932,2023-02-24,2023-03-06,0.0224454641303217,2023,2022-12-31,learned_market,20260911,0.6524353768671635,0.6524353768671635,1,1
state90,2937,2023-03-03,2023-03-13,-0.0407900947678007,2023,2022-12-31,learned_market,20260911,0.767620468884498,0.767620468884498,1,0
state90,2942,2023-03-10,2023-03-20,5.0471402903706775e-06,2023,2022-12-31,learned_market,20260911,0.6078004132598206,0.6078004132598206,1,1
state90,2947,2023-03-17,2023-03-27,0.015302852124583,2023,2022-12-31,learned_market,20260911,0.41902195233093853,0.41902195233093853,0,1
state90,2952,2023-03-24,2023-04-03,0.0090274153058433,2023,2022-12-31,learned_market,20260911,0.4677158880927443,0.4677158880927443,0,1
state90,2957,2023-03-31,2023-04-10,0.0178317182396383,2023,2022-12-31,learned_market,20260911,0.5644297293997745,0.5644297293997745,1,1
state90,2961,2023-04-07,2023-04-17,-0.0101500238382772,2023,2022-12-31,learned_market,20260911,0.5123926969413866,0.5123926969413866,1,0
state90,2966,2023-04-14,2023-04-24,-0.014368947230732,2023,2022-12-31,learned_market,20260911,0.511707795083602,0.511707795083602,1,0
state90,2971,2023-04-21,2023-05-04,-0.0044228908788729,2023,2022-12-31,learned_market,20260911,0.37484009153446224,0.37484009153446224,0,0
state90,2976,2023-04-28,2023-05-10,0.0036477163153083,2023,2022-12-31,learned_market,20260911,0.35090610116443816,0.35090610116443816,0,1
state90,2978,2023-05-05,2023-05-15,-0.0221642407977935,2023,2022-12-31,learned_market,20260911,0.34027916805748615,0.34027916805748615,0,0
state90,2983,2023-05-12,2023-05-22,0.0005509250208819,2023,2022-12-31,learned_market,20260911,0.49754285644712,0.49754285644712,0,1
state90,2988,2023-05-19,2023-05-29,-0.0200253742704897,2023,2022-12-31,learned_market,20260911,0.7549084578883676,0.7549084578883676,1,0
state90,2993,2023-05-26,2023-06-05,-0.0003935703040848,2023,2022-12-31,learned_market,20260911,0.5039392773809649,0.5039392773809649,1,0
state90,2998,2023-06-02,2023-06-12,-0.0086075595250429,2023,2022-12-31,learned_market,20260911,0.39899180688484476,0.39899180688484476,0,0
state90,3003,2023-06-09,2023-06-19,0.0338878539347273,2023,2022-12-31,learned_market,20260911,0.4684734509310129,0.4684734509310129,0,1
state90,3008,2023-06-16,2023-07-03,-0.026216632171098,2023,2022-12-31,learned_market,20260911,0.43999508820011124,0.43999508820011124,0,0
state90,3016,2023-06-30,2023-07-10,-0.0030441518806006,2023,2022-12-31,learned_market,20260911,0.494623114929346,0.494623114929346,0,0
state90,3021,2023-07-07,2023-07-17,0.0104280552692135,2023,2022-12-31,learned_market,20260911,0.4321304643658555,0.4321304643658555,0,1
state90,3026,2023-07-14,2023-07-24,-0.0201642613135752,2023,2022-12-31,learned_market,20260911,0.40871557780436546,0.40871557780436546,0,0
state90,3031,2023-07-21,2023-07-31,0.0566710925894278,2023,2022-12-31,learned_market,20260911,0.39545774353332364,0.39545774353332364,0,1
state90,3036,2023-07-28,2023-08-07,-0.0039612927947766,2023,2022-12-31,learned_market,20260911,0.42456681759896686,0.42456681759896686,0,0
state90,3041,2023-08-04,2023-08-14,-0.0404899362223548,2023,2022-12-31,learned_market,20260911,0.4091884265741096,0.4091884265741096,0,0
state90,3046,2023-08-11,2023-08-21,-0.0176157088591445,2023,2022-12-31,learned_market,20260911,0.6814136065435475,0.6814136065435475,1,0
state90,3051,2023-08-18,2023-08-28,0.0366582477081969,2023,2022-12-31,learned_market,20260911,0.47430326900984304,0.47430326900984304,0,1
state90,3056,2023-08-25,2023-09-04,-0.025197172476384,2023,2022-12-31,learned_market,20260911,0.5259209733581712,0.5259209733581712,1,0
state90,3061,2023-09-01,2023-09-11,-0.0189903461587886,2023,2022-12-31,learned_market,20260911,0.395595892092896,0.395595892092896,0,0
state90,3066,2023-09-08,2023-09-18,-0.0111346368744954,2023,2022-12-31,learned_market,20260911,0.5798161195333322,0.5798161195333322,1,0
state90,3071,2023-09-15,2023-09-25,0.0105787349314532,2023,2022-12-31,learned_market,20260911,0.7450189853974029,0.7450189853974029,1,1
state90,3076,2023-09-22,2023-10-16,-0.0198017153282719,2023,2022-12-31,learned_market,20260911,0.583578965260687,0.583578965260687,1,0
state90,3085,2023-10-13,2023-10-23,-0.0447156690429144,2023,2022-12-31,learned_market,20260911,0.3579981426496856,0.3579981426496856,0,0
state90,3090,2023-10-20,2023-10-30,0.0154019770298841,2023,2022-12-31,learned_market,20260911,0.3588375166965016,0.3588375166965016,0,1
state90,3095,2023-10-27,2023-11-06,0.0152527637017425,2023,2022-12-31,learned_market,20260911,0.4539820534579447,0.4539820534579447,0,1
state90,3100,2023-11-03,2023-11-13,-0.0039935482440582,2023,2022-12-31,learned_market,20260911,0.6448898642116608,0.6448898642116608,1,0
state90,3105,2023-11-10,2023-11-20,-0.0067280482816765,2023,2022-12-31,learned_market,20260911,0.47717516538664567,0.47717516538664567,0,0
state90,3110,2023-11-17,2023-11-27,-0.0098859017348651,2023,2022-12-31,learned_market,20260911,0.4340988928329714,0.4340988928329714,0,0
state90,3115,2023-11-24,2023-12-04,-0.0151084754586299,2023,2022-12-31,learned_market,20260911,0.48953743061998295,0.48953743061998295,0,0
state90,3120,2023-12-01,2023-12-11,-0.0295859857973478,2023,2022-12-31,learned_market,20260911,0.5673430499138431,0.5673430499138431,1,0
state90,3125,2023-12-08,2023-12-18,-0.0144639658974852,2023,2022-12-31,learned_market,20260911,0.4498414785432064,0.4498414785432064,0,0
state90,3130,2023-12-15,2023-12-25,0.0003424256350643,2023,2022-12-31,learned_market,20260911,0.4536437127074865,0.4536437127074865,0,1
state90,3135,2023-12-22,2024-01-02,0.0288079559683274,2023,2022-12-31,learned_market,20260911,0.4739524108128557,0.4739524108128557,0,1
state90,3140,2023-12-29,2024-01-08,-0.0302544749829989,2023,2022-12-31,learned_market,20260911,0.541540127112818,0.541540127112818,1,0
state90,2902,2023-01-06,2023-01-16,0.0198447929614133,2023,2022-12-31,learned_vol_interaction,20260911,0.40969442309749926,0.40969442309749926,0,1
state90,2907,2023-01-13,2023-01-30,0.0465290788350809,2023,2022-12-31,learned_vol_interaction,20260911,0.36456829174456845,0.36456829174456845,0,1
state90,2912,2023-01-20,2023-02-06,-0.0383797057844887,2023,2022-12-31,learned_vol_interaction,20260911,0.5794436004575169,0.5794436004575169,1,0
state90,2917,2023-02-03,2023-02-13,-0.0012061903149008,2023,2022-12-31,learned_vol_interaction,20260911,0.5514968469417321,0.5514968469417321,1,0
state90,2922,2023-02-10,2023-02-20,-0.0143746584432821,2023,2022-12-31,learned_vol_interaction,20260911,0.3927055424872561,0.3927055424872561,0,0
state90,2927,2023-02-17,2023-02-27,0.0001237636016198,2023,2022-12-31,learned_vol_interaction,20260911,0.44774683758526995,0.44774683758526995,0,1
state90,2932,2023-02-24,2023-03-06,0.0224454641303217,2023,2022-12-31,learned_vol_interaction,20260911,0.619096546985403,0.619096546985403,1,1
state90,2937,2023-03-03,2023-03-13,-0.0407900947678007,2023,2022-12-31,learned_vol_interaction,20260911,0.7361671223361639,0.7361671223361639,1,0
state90,2942,2023-03-10,2023-03-20,5.0471402903706775e-06,2023,2022-12-31,learned_vol_interaction,20260911,0.5923713060138441,0.5923713060138441,1,1
state90,2947,2023-03-17,2023-03-27,0.015302852124583,2023,2022-12-31,learned_vol_interaction,20260911,0.44129297023126407,0.44129297023126407,0,1
state90,2952,2023-03-24,2023-04-03,0.0090274153058433,2023,2022-12-31,learned_vol_interaction,20260911,0.48118952805584325,0.48118952805584325,0,1
state90,2957,2023-03-31,2023-04-10,0.0178317182396383,2023,2022-12-31,learned_vol_interaction,20260911,0.5581984383579583,0.5581984383579583,1,1
state90,2961,2023-04-07,2023-04-17,-0.0101500238382772,2023,2022-12-31,learned_vol_interaction,20260911,0.505035431875157,0.505035431875157,1,0
state90,2966,2023-04-14,2023-04-24,-0.014368947230732,2023,2022-12-31,learned_vol_interaction,20260911,0.49347349841953947,0.49347349841953947,0,0
state90,2971,2023-04-21,2023-05-04,-0.0044228908788729,2023,2022-12-31,learned_vol_interaction,20260911,0.397890632401885,0.397890632401885,0,0
state90,2976,2023-04-28,2023-05-10,0.0036477163153083,2023,2022-12-31,learned_vol_interaction,20260911,0.3746539512039826,0.3746539512039826,0,1
state90,2978,2023-05-05,2023-05-15,-0.0221642407977935,2023,2022-12-31,learned_vol_interaction,20260911,0.3794183322213578,0.3794183322213578,0,0
state90,2983,2023-05-12,2023-05-22,0.0005509250208819,2023,2022-12-31,learned_vol_interaction,20260911,0.5207253080904825,0.5207253080904825,1,1
state90,2988,2023-05-19,2023-05-29,-0.0200253742704897,2023,2022-12-31,learned_vol_interaction,20260911,0.7158994131477658,0.7158994131477658,1,0
state90,2993,2023-05-26,2023-06-05,-0.0003935703040848,2023,2022-12-31,learned_vol_interaction,20260911,0.5106796239963189,0.5106796239963189,1,0
state90,2998,2023-06-02,2023-06-12,-0.0086075595250429,2023,2022-12-31,learned_vol_interaction,20260911,0.41473330630809063,0.41473330630809063,0,0
state90,3003,2023-06-09,2023-06-19,0.0338878539347273,2023,2022-12-31,learned_vol_interaction,20260911,0.4862687443116524,0.4862687443116524,0,1
state90,3008,2023-06-16,2023-07-03,-0.026216632171098,2023,2022-12-31,learned_vol_interaction,20260911,0.4615744120462823,0.4615744120462823,0,0
state90,3016,2023-06-30,2023-07-10,-0.0030441518806006,2023,2022-12-31,learned_vol_interaction,20260911,0.5010023580261896,0.5010023580261896,1,0
state90,3021,2023-07-07,2023-07-17,0.0104280552692135,2023,2022-12-31,learned_vol_interaction,20260911,0.4535961698689514,0.4535961698689514,0,1
state90,3026,2023-07-14,2023-07-24,-0.0201642613135752,2023,2022-12-31,learned_vol_interaction,20260911,0.4201550783721589,0.4201550783721589,0,0
state90,3031,2023-07-21,2023-07-31,0.0566710925894278,2023,2022-12-31,learned_vol_interaction,20260911,0.41973638258801144,0.41973638258801144,0,1
state90,3036,2023-07-28,2023-08-07,-0.0039612927947766,2023,2022-12-31,learned_vol_interaction,20260911,0.4355598052653261,0.4355598052653261,0,0
state90,3041,2023-08-04,2023-08-14,-0.0404899362223548,2023,2022-12-31,learned_vol_interaction,20260911,0.4290686701601754,0.4290686701601754,0,0
state90,3046,2023-08-11,2023-08-21,-0.0176157088591445,2023,2022-12-31,learned_vol_interaction,20260911,0.6483499817470775,0.6483499817470775,1,0
state90,3051,2023-08-18,2023-08-28,0.0366582477081969,2023,2022-12-31,learned_vol_interaction,20260911,0.4685532098964361,0.4685532098964361,0,1
state90,3056,2023-08-25,2023-09-04,-0.025197172476384,2023,2022-12-31,learned_vol_interaction,20260911,0.5257411151596749,0.5257411151596749,1,0
state90,3061,2023-09-01,2023-09-11,-0.0189903461587886,2023,2022-12-31,learned_vol_interaction,20260911,0.41992779299148897,0.41992779299148897,0,0
state90,3066,2023-09-08,2023-09-18,-0.0111346368744954,2023,2022-12-31,learned_vol_interaction,20260911,0.5715992642380437,0.5715992642380437,1,0
state90,3071,2023-09-15,2023-09-25,0.0105787349314532,2023,2022-12-31,learned_vol_interaction,20260911,0.7246958473990663,0.7246958473990663,1,1
state90,3076,2023-09-22,2023-10-16,-0.0198017153282719,2023,2022-12-31,learned_vol_interaction,20260911,0.5741177426590414,0.5741177426590414,1,0
state90,3085,2023-10-13,2023-10-23,-0.0447156690429144,2023,2022-12-31,learned_vol_interaction,20260911,0.41539523650185506,0.41539523650185506,0,0
state90,3090,2023-10-20,2023-10-30,0.0154019770298841,2023,2022-12-31,learned_vol_interaction,20260911,0.39602818271396684,0.39602818271396684,0,1
state90,3095,2023-10-27,2023-11-06,0.0152527637017425,2023,2022-12-31,learned_vol_interaction,20260911,0.45018443670947017,0.45018443670947017,0,1
state90,3100,2023-11-03,2023-11-13,-0.0039935482440582,2023,2022-12-31,learned_vol_interaction,20260911,0.6264483655444874,0.6264483655444874,1,0
state90,3105,2023-11-10,2023-11-20,-0.0067280482816765,2023,2022-12-31,learned_vol_interaction,20260911,0.48882825355110876,0.48882825355110876,0,0
state90,3110,2023-11-17,2023-11-27,-0.0098859017348651,2023,2022-12-31,learned_vol_interaction,20260911,0.47053591225397523,0.47053591225397523,0,0
state90,3115,2023-11-24,2023-12-04,-0.0151084754586299,2023,2022-12-31,learned_vol_interaction,20260911,0.49169623921075156,0.49169623921075156,0,0
state90,3120,2023-12-01,2023-12-11,-0.0295859857973478,2023,2022-12-31,learned_vol_interaction,20260911,0.5520999893298595,0.5520999893298595,1,0
state90,3125,2023-12-08,2023-12-18,-0.0144639658974852,2023,2022-12-31,learned_vol_interaction,20260911,0.501992489183067,0.501992489183067,1,0
state90,3130,2023-12-15,2023-12-25,0.0003424256350643,2023,2022-12-31,learned_vol_interaction,20260911,0.5078798503052024,0.5078798503052024,1,1
state90,3135,2023-12-22,2024-01-02,0.0288079559683274,2023,2022-12-31,learned_vol_interaction,20260911,0.5114946607126839,0.5114946607126839,1,1
state90,3140,2023-12-29,2024-01-08,-0.0302544749829989,2023,2022-12-31,learned_vol_interaction,20260911,0.547108241269633,0.547108241269633,1,0
state90,2902,2023-01-06,2023-01-16,0.0198447929614133,2023,2022-12-31,learned_order_extension,20260911,0.4111458737354107,0.4111458737354107,0,1
state90,2907,2023-01-13,2023-01-30,0.0465290788350809,2023,2022-12-31,learned_order_extension,20260911,0.36472782557647304,0.36472782557647304,0,1
state90,2912,2023-01-20,2023-02-06,-0.0383797057844887,2023,2022-12-31,learned_order_extension,20260911,0.5780473136480286,0.5780473136480286,1,0
state90,2917,2023-02-03,2023-02-13,-0.0012061903149008,2023,2022-12-31,learned_order_extension,20260911,0.5514322848293292,0.5514322848293292,1,0
state90,2922,2023-02-10,2023-02-20,-0.0143746584432821,2023,2022-12-31,learned_order_extension,20260911,0.3920291907474336,0.3920291907474336,0,0
state90,2927,2023-02-17,2023-02-27,0.0001237636016198,2023,2022-12-31,learned_order_extension,20260911,0.4473244932999703,0.4473244932999703,0,1
state90,2932,2023-02-24,2023-03-06,0.0224454641303217,2023,2022-12-31,learned_order_extension,20260911,0.6194433589464242,0.6194433589464242,1,1
state90,2937,2023-03-03,2023-03-13,-0.0407900947678007,2023,2022-12-31,learned_order_extension,20260911,0.7367440693214489,0.7367440693214489,1,0
state90,2942,2023-03-10,2023-03-20,5.0471402903706775e-06,2023,2022-12-31,learned_order_extension,20260911,0.5926520405957385,0.5926520405957385,1,1
state90,2947,2023-03-17,2023-03-27,0.015302852124583,2023,2022-12-31,learned_order_extension,20260911,0.44150652320643097,0.44150652320643097,0,1
state90,2952,2023-03-24,2023-04-03,0.0090274153058433,2023,2022-12-31,learned_order_extension,20260911,0.4806406899115495,0.4806406899115495,0,1
state90,2957,2023-03-31,2023-04-10,0.0178317182396383,2023,2022-12-31,learned_order_extension,20260911,0.5564015664237618,0.5564015664237618,1,1
state90,2961,2023-04-07,2023-04-17,-0.0101500238382772,2023,2022-12-31,learned_order_extension,20260911,0.5048460180326865,0.5048460180326865,1,0
state90,2966,2023-04-14,2023-04-24,-0.014368947230732,2023,2022-12-31,learned_order_extension,20260911,0.49439461564860404,0.49439461564860404,0,0
state90,2971,2023-04-21,2023-05-04,-0.0044228908788729,2023,2022-12-31,learned_order_extension,20260911,0.39936804356030803,0.39936804356030803,0,0
state90,2976,2023-04-28,2023-05-10,0.0036477163153083,2023,2022-12-31,learned_order_extension,20260911,0.37816937180792504,0.37816937180792504,0,1
state90,2978,2023-05-05,2023-05-15,-0.0221642407977935,2023,2022-12-31,learned_order_extension,20260911,0.3826637989359542,0.3826637989359542,0,0
state90,2983,2023-05-12,2023-05-22,0.0005509250208819,2023,2022-12-31,learned_order_extension,20260911,0.5207604762186022,0.5207604762186022,1,1
state90,2988,2023-05-19,2023-05-29,-0.0200253742704897,2023,2022-12-31,learned_order_extension,20260911,0.7111561389087265,0.7111561389087265,1,0
state90,2993,2023-05-26,2023-06-05,-0.0003935703040848,2023,2022-12-31,learned_order_extension,20260911,0.5113938646839422,0.5113938646839422,1,0
state90,2998,2023-06-02,2023-06-12,-0.0086075595250429,2023,2022-12-31,learned_order_extension,20260911,0.4176728512227212,0.4176728512227212,0,0
state90,3003,2023-06-09,2023-06-19,0.0338878539347273,2023,2022-12-31,learned_order_extension,20260911,0.4874736850302981,0.4874736850302981,0,1
state90,3008,2023-06-16,2023-07-03,-0.026216632171098,2023,2022-12-31,learned_order_extension,20260911,0.4634868787327687,0.4634868787327687,0,0
state90,3016,2023-06-30,2023-07-10,-0.0030441518806006,2023,2022-12-31,learned_order_extension,20260911,0.4996986134035337,0.4996986134035337,0,0
state90,3021,2023-07-07,2023-07-17,0.0104280552692135,2023,2022-12-31,learned_order_extension,20260911,0.45538171676954997,0.45538171676954997,0,1
state90,3026,2023-07-14,2023-07-24,-0.0201642613135752,2023,2022-12-31,learned_order_extension,20260911,0.4205002443689337,0.4205002443689337,0,0
state90,3031,2023-07-21,2023-07-31,0.0566710925894278,2023,2022-12-31,learned_order_extension,20260911,0.4215274592494197,0.4215274592494197,0,1
state90,3036,2023-07-28,2023-08-07,-0.0039612927947766,2023,2022-12-31,learned_order_extension,20260911,0.4356725165305554,0.4356725165305554,0,0
state90,3041,2023-08-04,2023-08-14,-0.0404899362223548,2023,2022-12-31,learned_order_extension,20260911,0.4299948290683337,0.4299948290683337,0,0
state90,3046,2023-08-11,2023-08-21,-0.0176157088591445,2023,2022-12-31,learned_order_extension,20260911,0.6456500137103086,0.6456500137103086,1,0
state90,3051,2023-08-18,2023-08-28,0.0366582477081969,2023,2022-12-31,learned_order_extension,20260911,0.4693034993568277,0.4693034993568277,0,1
state90,3056,2023-08-25,2023-09-04,-0.025197172476384,2023,2022-12-31,learned_order_extension,20260911,0.5242955671160714,0.5242955671160714,1,0
state90,3061,2023-09-01,2023-09-11,-0.0189903461587886,2023,2022-12-31,learned_order_extension,20260911,0.42158907759995046,0.42158907759995046,0,0
state90,3066,2023-09-08,2023-09-18,-0.0111346368744954,2023,2022-12-31,learned_order_extension,20260911,0.5704903883683057,0.5704903883683057,1,0
state90,3071,2023-09-15,2023-09-25,0.0105787349314532,2023,2022-12-31,learned_order_extension,20260911,0.7245642790810853,0.7245642790810853,1,1
state90,3076,2023-09-22,2023-10-16,-0.0198017153282719,2023,2022-12-31,learned_order_extension,20260911,0.5739727811559294,0.5739727811559294,1,0
state90,3085,2023-10-13,2023-10-23,-0.0447156690429144,2023,2022-12-31,learned_order_extension,20260911,0.4139931180140543,0.4139931180140543,0,0
state90,3090,2023-10-20,2023-10-30,0.0154019770298841,2023,2022-12-31,learned_order_extension,20260911,0.3944057654473215,0.3944057654473215,0,1
state90,3095,2023-10-27,2023-11-06,0.0152527637017425,2023,2022-12-31,learned_order_extension,20260911,0.4502403120277905,0.4502403120277905,0,1
state90,3100,2023-11-03,2023-11-13,-0.0039935482440582,2023,2022-12-31,learned_order_extension,20260911,0.6267194325981077,0.6267194325981077,1,0
state90,3105,2023-11-10,2023-11-20,-0.0067280482816765,2023,2022-12-31,learned_order_extension,20260911,0.48963316699884657,0.48963316699884657,0,0
state90,3110,2023-11-17,2023-11-27,-0.0098859017348651,2023,2022-12-31,learned_order_extension,20260911,0.4709484230698352,0.4709484230698352,0,0
state90,3115,2023-11-24,2023-12-04,-0.0151084754586299,2023,2022-12-31,learned_order_extension,20260911,0.4924402664260258,0.4924402664260258,0,0
state90,3120,2023-12-01,2023-12-11,-0.0295859857973478,2023,2022-12-31,learned_order_extension,20260911,0.5525965286737049,0.5525965286737049,1,0
state90,3125,2023-12-08,2023-12-18,-0.0144639658974852,2023,2022-12-31,learned_order_extension,20260911,0.5015390464653725,0.5015390464653725,1,0
state90,3130,2023-12-15,2023-12-25,0.0003424256350643,2023,2022-12-31,learned_order_extension,20260911,0.5087914991053046,0.5087914991053046,1,1
state90,3135,2023-12-22,2024-01-02,0.0288079559683274,2023,2022-12-31,learned_order_extension,20260911,0.5129484282652336,0.5129484282652336,1,1
state90,3140,2023-12-29,2024-01-08,-0.0302544749829989,2023,2022-12-31,learned_order_extension,20260911,0.5470363355753182,0.5470363355753182,1,0
state90,2902,2023-01-06,2023-01-16,0.0198447929614133,2023,2022-12-31,learned_order_offset,20260911,0.41117201615041793,0.41117201615041793,0,1
state90,2907,2023-01-13,2023-01-30,0.0465290788350809,2023,2022-12-31,learned_order_offset,20260911,0.364680620051655,0.364680620051655,0,1
state90,2912,2023-01-20,2023-02-06,-0.0383797057844887,2023,2022-12-31,learned_order_offset,20260911,0.578179649696222,0.578179649696222,1,0
state90,2917,2023-02-03,2023-02-13,-0.0012061903149008,2023,2022-12-31,learned_order_offset,20260911,0.5515128874638535,0.5515128874638535,1,0
state90,2922,2023-02-10,2023-02-20,-0.0143746584432821,2023,2022-12-31,learned_order_offset,20260911,0.39192014326711666,0.39192014326711666,0,0
state90,2927,2023-02-17,2023-02-27,0.0001237636016198,2023,2022-12-31,learned_order_offset,20260911,0.44735551730013157,0.44735551730013157,0,1
state90,2932,2023-02-24,2023-03-06,0.0224454641303217,2023,2022-12-31,learned_order_offset,20260911,0.6194755772192605,0.6194755772192605,1,1
state90,2937,2023-03-03,2023-03-13,-0.0407900947678007,2023,2022-12-31,learned_order_offset,20260911,0.7367890366176728,0.7367890366176728,1,0
state90,2942,2023-03-10,2023-03-20,5.0471402903706775e-06,2023,2022-12-31,learned_order_offset,20260911,0.5927141757173765,0.5927141757173765,1,1
state90,2947,2023-03-17,2023-03-27,0.015302852124583,2023,2022-12-31,learned_order_offset,20260911,0.44144992787218895,0.44144992787218895,0,1
state90,2952,2023-03-24,2023-04-03,0.0090274153058433,2023,2022-12-31,learned_order_offset,20260911,0.48064826466248156,0.48064826466248156,0,1
state90,2957,2023-03-31,2023-04-10,0.0178317182396383,2023,2022-12-31,learned_order_offset,20260911,0.556461403271004,0.556461403271004,1,1
state90,2961,2023-04-07,2023-04-17,-0.0101500238382772,2023,2022-12-31,learned_order_offset,20260911,0.504790898079976,0.504790898079976,1,0
state90,2966,2023-04-14,2023-04-24,-0.014368947230732,2023,2022-12-31,learned_order_offset,20260911,0.4942633891147542,0.4942633891147542,0,0
state90,2971,2023-04-21,2023-05-04,-0.0044228908788729,2023,2022-12-31,learned_order_offset,20260911,0.39928777128910625,0.39928777128910625,0,0
state90,2976,2023-04-28,2023-05-10,0.0036477163153083,2023,2022-12-31,learned_order_offset,20260911,0.37810919654324093,0.37810919654324093,0,1
state90,2978,2023-05-05,2023-05-15,-0.0221642407977935,2023,2022-12-31,learned_order_offset,20260911,0.3825900800128016,0.3825900800128016,0,0
state90,2983,2023-05-12,2023-05-22,0.0005509250208819,2023,2022-12-31,learned_order_offset,20260911,0.5206526224591033,0.5206526224591033,1,1
state90,2988,2023-05-19,2023-05-29,-0.0200253742704897,2023,2022-12-31,learned_order_offset,20260911,0.7111689672715988,0.7111689672715988,1,0
state90,2993,2023-05-26,2023-06-05,-0.0003935703040848,2023,2022-12-31,learned_order_offset,20260911,0.5113376197418289,0.5113376197418289,1,0
state90,2998,2023-06-02,2023-06-12,-0.0086075595250429,2023,2022-12-31,learned_order_offset,20260911,0.4176331380681734,0.4176331380681734,0,0
state90,3003,2023-06-09,2023-06-19,0.0338878539347273,2023,2022-12-31,learned_order_offset,20260911,0.4874307767794157,0.4874307767794157,0,1
state90,3008,2023-06-16,2023-07-03,-0.026216632171098,2023,2022-12-31,learned_order_offset,20260911,0.46345232219332494,0.46345232219332494,0,0
state90,3016,2023-06-30,2023-07-10,-0.0030441518806006,2023,2022-12-31,learned_order_offset,20260911,0.4995175845112385,0.4995175845112385,0,0
state90,3021,2023-07-07,2023-07-17,0.0104280552692135,2023,2022-12-31,learned_order_offset,20260911,0.45528383097218506,0.45528383097218506,0,1
state90,3026,2023-07-14,2023-07-24,-0.0201642613135752,2023,2022-12-31,learned_order_offset,20260911,0.4203945553087095,0.4203945553087095,0,0
state90,3031,2023-07-21,2023-07-31,0.0566710925894278,2023,2022-12-31,learned_order_offset,20260911,0.42144143747309903,0.42144143747309903,0,1
state90,3036,2023-07-28,2023-08-07,-0.0039612927947766,2023,2022-12-31,learned_order_offset,20260911,0.43557039697383443,0.43557039697383443,0,0
state90,3041,2023-08-04,2023-08-14,-0.0404899362223548,2023,2022-12-31,learned_order_offset,20260911,0.4299283654009098,0.4299283654009098,0,0
state90,3046,2023-08-11,2023-08-21,-0.0176157088591445,2023,2022-12-31,learned_order_offset,20260911,0.6456581739098262,0.6456581739098262,1,0
state90,3051,2023-08-18,2023-08-28,0.0366582477081969,2023,2022-12-31,learned_order_offset,20260911,0.4691814705322716,0.4691814705322716,0,1
state90,3056,2023-08-25,2023-09-04,-0.025197172476384,2023,2022-12-31,learned_order_offset,20260911,0.5242305786306066,0.5242305786306066,1,0
state90,3061,2023-09-01,2023-09-11,-0.0189903461587886,2023,2022-12-31,learned_order_offset,20260911,0.42160328494796695,0.42160328494796695,0,0
state90,3066,2023-09-08,2023-09-18,-0.0111346368744954,2023,2022-12-31,learned_order_offset,20260911,0.5704835756699517,0.5704835756699517,1,0
state90,3071,2023-09-15,2023-09-25,0.0105787349314532,2023,2022-12-31,learned_order_offset,20260911,0.7245399993588199,0.7245399993588199,1,1
state90,3076,2023-09-22,2023-10-16,-0.0198017153282719,2023,2022-12-31,learned_order_offset,20260911,0.5739768927489775,0.5739768927489775,1,0
state90,3085,2023-10-13,2023-10-23,-0.0447156690429144,2023,2022-12-31,learned_order_offset,20260911,0.41394113216444295,0.41394113216444295,0,0
state90,3090,2023-10-20,2023-10-30,0.0154019770298841,2023,2022-12-31,learned_order_offset,20260911,0.39430167113872755,0.39430167113872755,0,1
state90,3095,2023-10-27,2023-11-06,0.0152527637017425,2023,2022-12-31,learned_order_offset,20260911,0.4501343269025366,0.4501343269025366,0,1
state90,3100,2023-11-03,2023-11-13,-0.0039935482440582,2023,2022-12-31,learned_order_offset,20260911,0.6266722795392108,0.6266722795392108,1,0
state90,3105,2023-11-10,2023-11-20,-0.0067280482816765,2023,2022-12-31,learned_order_offset,20260911,0.489557046421052,0.489557046421052,0,0
state90,3110,2023-11-17,2023-11-27,-0.0098859017348651,2023,2022-12-31,learned_order_offset,20260911,0.4708554636543184,0.4708554636543184,0,0
state90,3115,2023-11-24,2023-12-04,-0.0151084754586299,2023,2022-12-31,learned_order_offset,20260911,0.4923953847682294,0.4923953847682294,0,0
state90,3120,2023-12-01,2023-12-11,-0.0295859857973478,2023,2022-12-31,learned_order_offset,20260911,0.5525585072519134,0.5525585072519134,1,0
state90,3125,2023-12-08,2023-12-18,-0.0144639658974852,2023,2022-12-31,learned_order_offset,20260911,0.5014419516642048,0.5014419516642048,1,0
state90,3130,2023-12-15,2023-12-25,0.0003424256350643,2023,2022-12-31,learned_order_offset,20260911,0.5087083495432813,0.5087083495432813,1,1
state90,3135,2023-12-22,2024-01-02,0.0288079559683274,2023,2022-12-31,learned_order_offset,20260911,0.5128931356137608,0.5128931356137608,1,1
state90,3140,2023-12-29,2024-01-08,-0.0302544749829989,2023,2022-12-31,learned_order_offset,20260911,0.5469781332746243,0.5469781332746243,1,0
state90,2902,2023-01-06,2023-01-16,0.0198447929614133,2023,2022-12-31,native_mse,20260911,-0.0028881799476405084,,0,1
state90,2907,2023-01-13,2023-01-30,0.0465290788350809,2023,2022-12-31,native_mse,20260911,0.002600529697082545,,1,1
state90,2912,2023-01-20,2023-02-06,-0.0383797057844887,2023,2022-12-31,native_mse,20260911,0.009824735187562814,,1,0
state90,2917,2023-02-03,2023-02-13,-0.0012061903149008,2023,2022-12-31,native_mse,20260911,0.001758336799202022,,1,0
state90,2922,2023-02-10,2023-02-20,-0.0143746584432821,2023,2022-12-31,native_mse,20260911,-0.004455423490420713,,0,0
state90,2927,2023-02-17,2023-02-27,0.0001237636016198,2023,2022-12-31,native_mse,20260911,-0.004320463721841919,,0,1
state90,2932,2023-02-24,2023-03-06,0.0224454641303217,2023,2022-12-31,native_mse,20260911,0.007109894584169036,,1,1
state90,2937,2023-03-03,2023-03-13,-0.0407900947678007,2023,2022-12-31,native_mse,20260911,0.012121075090535267,,1,0
state90,2942,2023-03-10,2023-03-20,5.0471402903706775e-06,2023,2022-12-31,native_mse,20260911,-0.0015684618293498606,,0,1
state90,2947,2023-03-17,2023-03-27,0.015302852124583,2023,2022-12-31,native_mse,20260911,-0.00455123687690783,,0,1
state90,2952,2023-03-24,2023-04-03,0.0090274153058433,2023,2022-12-31,native_mse,20260911,-0.0032713642765306557,,0,1
state90,2957,2023-03-31,2023-04-10,0.0178317182396383,2023,2022-12-31,native_mse,20260911,0.009972413917103892,,1,1
state90,2961,2023-04-07,2023-04-17,-0.0101500238382772,2023,2022-12-31,native_mse,20260911,0.007806808930188104,,1,0
state90,2966,2023-04-14,2023-04-24,-0.014368947230732,2023,2022-12-31,native_mse,20260911,0.007226249329863683,,1,0
state90,2971,2023-04-21,2023-05-04,-0.0044228908788729,2023,2022-12-31,native_mse,20260911,-0.0024232716039148286,,0,0
state90,2976,2023-04-28,2023-05-10,0.0036477163153083,2023,2022-12-31,native_mse,20260911,-0.003907239624967295,,0,1
state90,2978,2023-05-05,2023-05-15,-0.0221642407977935,2023,2022-12-31,native_mse,20260911,-0.0031947009428460477,,0,0
state90,2983,2023-05-12,2023-05-22,0.0005509250208819,2023,2022-12-31,native_mse,20260911,0.003981441571850173,,1,1
state90,2988,2023-05-19,2023-05-29,-0.0200253742704897,2023,2022-12-31,native_mse,20260911,0.01107004322684732,,1,0
state90,2993,2023-05-26,2023-06-05,-0.0003935703040848,2023,2022-12-31,native_mse,20260911,0.004560043069480671,,1,0
state90,2998,2023-06-02,2023-06-12,-0.0086075595250429,2023,2022-12-31,native_mse,20260911,-0.0048559678058000275,,0,0
state90,3003,2023-06-09,2023-06-19,0.0338878539347273,2023,2022-12-31,native_mse,20260911,-0.0042897134995229635,,0,1
state90,3008,2023-06-16,2023-07-03,-0.026216632171098,2023,2022-12-31,native_mse,20260911,-0.004761761648113702,,0,0
state90,3016,2023-06-30,2023-07-10,-0.0030441518806006,2023,2022-12-31,native_mse,20260911,0.001449000541630631,,1,0
state90,3021,2023-07-07,2023-07-17,0.0104280552692135,2023,2022-12-31,native_mse,20260911,-0.005015012063383114,,0,1
state90,3026,2023-07-14,2023-07-24,-0.0201642613135752,2023,2022-12-31,native_mse,20260911,-0.002212730290267345,,0,0
state90,3031,2023-07-21,2023-07-31,0.0566710925894278,2023,2022-12-31,native_mse,20260911,-0.005112763962830667,,0,1
state90,3036,2023-07-28,2023-08-07,-0.0039612927947766,2023,2022-12-31,native_mse,20260911,-0.0052814272148835025,,0,0
state90,3041,2023-08-04,2023-08-14,-0.0404899362223548,2023,2022-12-31,native_mse,20260911,-0.004618211999064367,,0,0
state90,3046,2023-08-11,2023-08-21,-0.0176157088591445,2023,2022-12-31,native_mse,20260911,0.009053312378542757,,1,0
state90,3051,2023-08-18,2023-08-28,0.0366582477081969,2023,2022-12-31,native_mse,20260911,0.004561021250172811,,1,1
state90,3056,2023-08-25,2023-09-04,-0.025197172476384,2023,2022-12-31,native_mse,20260911,-0.0025275908526821967,,0,0
state90,3061,2023-09-01,2023-09-11,-0.0189903461587886,2023,2022-12-31,native_mse,20260911,-0.0049631793698849645,,0,0
state90,3066,2023-09-08,2023-09-18,-0.0111346368744954,2023,2022-12-31,native_mse,20260911,0.00680202581529956,,1,0
state90,3071,2023-09-15,2023-09-25,0.0105787349314532,2023,2022-12-31,native_mse,20260911,0.008596091481564963,,1,1
state90,3076,2023-09-22,2023-10-16,-0.0198017153282719,2023,2022-12-31,native_mse,20260911,-0.0031471179155324424,,0,0
state90,3085,2023-10-13,2023-10-23,-0.0447156690429144,2023,2022-12-31,native_mse,20260911,-0.004148291730857776,,0,0
state90,3090,2023-10-20,2023-10-30,0.0154019770298841,2023,2022-12-31,native_mse,20260911,-0.005712800982170543,,0,1
state90,3095,2023-10-27,2023-11-06,0.0152527637017425,2023,2022-12-31,native_mse,20260911,-0.0033253387808900993,,0,1
state90,3100,2023-11-03,2023-11-13,-0.0039935482440582,2023,2022-12-31,native_mse,20260911,-0.0006739370262628165,,0,0
state90,3105,2023-11-10,2023-11-20,-0.0067280482816765,2023,2022-12-31,native_mse,20260911,-0.004003258050664914,,0,0
state90,3110,2023-11-17,2023-11-27,-0.0098859017348651,2023,2022-12-31,native_mse,20260911,-0.003231557067429336,,0,0
state90,3115,2023-11-24,2023-12-04,-0.0151084754586299,2023,2022-12-31,native_mse,20260911,-0.003968465813336381,,0,0
state90,3120,2023-12-01,2023-12-11,-0.0295859857973478,2023,2022-12-31,native_mse,20260911,-0.004170192617569334,,0,0
state90,3125,2023-12-08,2023-12-18,-0.0144639658974852,2023,2022-12-31,native_mse,20260911,-0.004708072283208354,,0,0
state90,3130,2023-12-15,2023-12-25,0.0003424256350643,2023,2022-12-31,native_mse,20260911,-0.005014383450601872,,0,1
state90,3135,2023-12-22,2024-01-02,0.0288079559683274,2023,2022-12-31,native_mse,20260911,-0.005140476035149425,,0,1
state90,3140,2023-12-29,2024-01-08,-0.0302544749829989,2023,2022-12-31,native_mse,20260911,-0.0034098597743402285,,0,0
state90,2902,2023-01-06,2023-01-16,0.0198447929614133,2023,2022-12-31,learned_market,20260912,0.30052885603711643,0.30052885603711643,0,1
state90,2907,2023-01-13,2023-01-30,0.0465290788350809,2023,2022-12-31,learned_market,20260912,0.25642703962175933,0.25642703962175933,0,1
state90,2912,2023-01-20,2023-02-06,-0.0383797057844887,2023,2022-12-31,learned_market,20260912,0.6884031394091166,0.6884031394091166,1,0
state90,2917,2023-02-03,2023-02-13,-0.0012061903149008,2023,2022-12-31,learned_market,20260912,0.48719446040105807,0.48719446040105807,0,0
state90,2922,2023-02-10,2023-02-20,-0.0143746584432821,2023,2022-12-31,learned_market,20260912,0.25478983111842135,0.25478983111842135,0,0
state90,2927,2023-02-17,2023-02-27,0.0001237636016198,2023,2022-12-31,learned_market,20260912,0.4079835806267681,0.4079835806267681,0,1
state90,2932,2023-02-24,2023-03-06,0.0224454641303217,2023,2022-12-31,learned_market,20260912,0.7137242634797857,0.7137242634797857,1,1
state90,2937,2023-03-03,2023-03-13,-0.0407900947678007,2023,2022-12-31,learned_market,20260912,0.5807881322909977,0.5807881322909977,1,0
state90,2942,2023-03-10,2023-03-20,5.0471402903706775e-06,2023,2022-12-31,learned_market,20260912,0.41460120883303464,0.41460120883303464,0,1
state90,2947,2023-03-17,2023-03-27,0.015302852124583,2023,2022-12-31,learned_market,20260912,0.30490069121650976,0.30490069121650976,0,1
state90,2952,2023-03-24,2023-04-03,0.0090274153058433,2023,2022-12-31,learned_market,20260912,0.5481390563099999,0.5481390563099999,1,1
state90,2957,2023-03-31,2023-04-10,0.0178317182396383,2023,2022-12-31,learned_market,20260912,0.611788401190659,0.611788401190659,1,1
state90,2961,2023-04-07,2023-04-17,-0.0101500238382772,2023,2022-12-31,learned_market,20260912,0.6373271507100488,0.6373271507100488,1,0
state90,2966,2023-04-14,2023-04-24,-0.014368947230732,2023,2022-12-31,learned_market,20260912,0.3845861584135212,0.3845861584135212,0,0
state90,2971,2023-04-21,2023-05-04,-0.0044228908788729,2023,2022-12-31,learned_market,20260912,0.3355239890755223,0.3355239890755223,0,0
state90,2976,2023-04-28,2023-05-10,0.0036477163153083,2023,2022-12-31,learned_market,20260912,0.4803897810444189,0.4803897810444189,0,1
state90,2978,2023-05-05,2023-05-15,-0.0221642407977935,2023,2022-12-31,learned_market,20260912,0.3214134174707162,0.3214134174707162,0,0
state90,2983,2023-05-12,2023-05-22,0.0005509250208819,2023,2022-12-31,learned_market,20260912,0.41963299671663734,0.41963299671663734,0,1
state90,2988,2023-05-19,2023-05-29,-0.0200253742704897,2023,2022-12-31,learned_market,20260912,0.663522806485192,0.663522806485192,1,0
state90,2993,2023-05-26,2023-06-05,-0.0003935703040848,2023,2022-12-31,learned_market,20260912,0.4734681491976751,0.4734681491976751,0,0
state90,2998,2023-06-02,2023-06-12,-0.0086075595250429,2023,2022-12-31,learned_market,20260912,0.40456629164978614,0.40456629164978614,0,0
state90,3003,2023-06-09,2023-06-19,0.0338878539347273,2023,2022-12-31,learned_market,20260912,0.30238432481971794,0.30238432481971794,0,1
state90,3008,2023-06-16,2023-07-03,-0.026216632171098,2023,2022-12-31,learned_market,20260912,0.3205141256506379,0.3205141256506379,0,0
state90,3016,2023-06-30,2023-07-10,-0.0030441518806006,2023,2022-12-31,learned_market,20260912,0.6005178559534365,0.6005178559534365,1,0
state90,3021,2023-07-07,2023-07-17,0.0104280552692135,2023,2022-12-31,learned_market,20260912,0.5476174471948578,0.5476174471948578,1,1
state90,3026,2023-07-14,2023-07-24,-0.0201642613135752,2023,2022-12-31,learned_market,20260912,0.6522486120714398,0.6522486120714398,1,0
state90,3031,2023-07-21,2023-07-31,0.0566710925894278,2023,2022-12-31,learned_market,20260912,0.20700617431869667,0.20700617431869667,0,1
state90,3036,2023-07-28,2023-08-07,-0.0039612927947766,2023,2022-12-31,learned_market,20260912,0.5519262606194112,0.5519262606194112,1,0
state90,3041,2023-08-04,2023-08-14,-0.0404899362223548,2023,2022-12-31,learned_market,20260912,0.698021646037714,0.698021646037714,1,0
state90,3046,2023-08-11,2023-08-21,-0.0176157088591445,2023,2022-12-31,learned_market,20260912,0.8237624858039104,0.8237624858039104,1,0
state90,3051,2023-08-18,2023-08-28,0.0366582477081969,2023,2022-12-31,learned_market,20260912,0.41339516348274463,0.41339516348274463,0,1
state90,3056,2023-08-25,2023-09-04,-0.025197172476384,2023,2022-12-31,learned_market,20260912,0.3598651609059206,0.3598651609059206,0,0
state90,3061,2023-09-01,2023-09-11,-0.0189903461587886,2023,2022-12-31,learned_market,20260912,0.20617247589152174,0.20617247589152174,0,0
state90,3066,2023-09-08,2023-09-18,-0.0111346368744954,2023,2022-12-31,learned_market,20260912,0.5244948098725477,0.5244948098725477,1,0
state90,3071,2023-09-15,2023-09-25,0.0105787349314532,2023,2022-12-31,learned_market,20260912,0.42649757606540895,0.42649757606540895,0,1
state90,3076,2023-09-22,2023-10-16,-0.0198017153282719,2023,2022-12-31,learned_market,20260912,0.39337289072406006,0.39337289072406006,0,0
state90,3085,2023-10-13,2023-10-23,-0.0447156690429144,2023,2022-12-31,learned_market,20260912,0.4051323519183057,0.4051323519183057,0,0
state90,3090,2023-10-20,2023-10-30,0.0154019770298841,2023,2022-12-31,learned_market,20260912,0.42792799402792364,0.42792799402792364,0,1
state90,3095,2023-10-27,2023-11-06,0.0152527637017425,2023,2022-12-31,learned_market,20260912,0.8240190987748505,0.8240190987748505,1,1
state90,3100,2023-11-03,2023-11-13,-0.0039935482440582,2023,2022-12-31,learned_market,20260912,0.33754986377054375,0.33754986377054375,0,0
state90,3105,2023-11-10,2023-11-20,-0.0067280482816765,2023,2022-12-31,learned_market,20260912,0.3096005024492078,0.3096005024492078,0,0
state90,3110,2023-11-17,2023-11-27,-0.0098859017348651,2023,2022-12-31,learned_market,20260912,0.23080061298231305,0.23080061298231305,0,0
state90,3115,2023-11-24,2023-12-04,-0.0151084754586299,2023,2022-12-31,learned_market,20260912,0.5553831028305749,0.5553831028305749,1,0
state90,3120,2023-12-01,2023-12-11,-0.0295859857973478,2023,2022-12-31,learned_market,20260912,0.32478025991580023,0.32478025991580023,0,0
state90,3125,2023-12-08,2023-12-18,-0.0144639658974852,2023,2022-12-31,learned_market,20260912,0.40036832492522306,0.40036832492522306,0,0
state90,3130,2023-12-15,2023-12-25,0.0003424256350643,2023,2022-12-31,learned_market,20260912,0.44964329660525715,0.44964329660525715,0,1
state90,3135,2023-12-22,2024-01-02,0.0288079559683274,2023,2022-12-31,learned_market,20260912,0.3375856151969073,0.3375856151969073,0,1
state90,3140,2023-12-29,2024-01-08,-0.0302544749829989,2023,2022-12-31,learned_market,20260912,0.27918279853505146,0.27918279853505146,0,0
state90,2902,2023-01-06,2023-01-16,0.0198447929614133,2023,2022-12-31,learned_vol_interaction,20260912,0.28965659740268485,0.28965659740268485,0,1
state90,2907,2023-01-13,2023-01-30,0.0465290788350809,2023,2022-12-31,learned_vol_interaction,20260912,0.24376767561556023,0.24376767561556023,0,1
state90,2912,2023-01-20,2023-02-06,-0.0383797057844887,2023,2022-12-31,learned_vol_interaction,20260912,0.7144269683090918,0.7144269683090918,1,0
state90,2917,2023-02-03,2023-02-13,-0.0012061903149008,2023,2022-12-31,learned_vol_interaction,20260912,0.48449097695552545,0.48449097695552545,0,0
state90,2922,2023-02-10,2023-02-20,-0.0143746584432821,2023,2022-12-31,learned_vol_interaction,20260912,0.24568395555451436,0.24568395555451436,0,0
state90,2927,2023-02-17,2023-02-27,0.0001237636016198,2023,2022-12-31,learned_vol_interaction,20260912,0.4043340500782045,0.4043340500782045,0,1
state90,2932,2023-02-24,2023-03-06,0.0224454641303217,2023,2022-12-31,learned_vol_interaction,20260912,0.7237644100552868,0.7237644100552868,1,1
state90,2937,2023-03-03,2023-03-13,-0.0407900947678007,2023,2022-12-31,learned_vol_interaction,20260912,0.5909800662310533,0.5909800662310533,1,0
state90,2942,2023-03-10,2023-03-20,5.0471402903706775e-06,2023,2022-12-31,learned_vol_interaction,20260912,0.42073806711796297,0.42073806711796297,0,1
state90,2947,2023-03-17,2023-03-27,0.015302852124583,2023,2022-12-31,learned_vol_interaction,20260912,0.29115877511006416,0.29115877511006416,0,1
state90,2952,2023-03-24,2023-04-03,0.0090274153058433,2023,2022-12-31,learned_vol_interaction,20260912,0.5529999746105244,0.5529999746105244,1,1
state90,2957,2023-03-31,2023-04-10,0.0178317182396383,2023,2022-12-31,learned_vol_interaction,20260912,0.632100803954458,0.632100803954458,1,1
state90,2961,2023-04-07,2023-04-17,-0.0101500238382772,2023,2022-12-31,learned_vol_interaction,20260912,0.6574524863442807,0.6574524863442807,1,0
state90,2966,2023-04-14,2023-04-24,-0.014368947230732,2023,2022-12-31,learned_vol_interaction,20260912,0.37636812323839336,0.37636812323839336,0,0
state90,2971,2023-04-21,2023-05-04,-0.0044228908788729,2023,2022-12-31,learned_vol_interaction,20260912,0.32843574732408615,0.32843574732408615,0,0
state90,2976,2023-04-28,2023-05-10,0.0036477163153083,2023,2022-12-31,learned_vol_interaction,20260912,0.47644399303156704,0.47644399303156704,0,1
state90,2978,2023-05-05,2023-05-15,-0.0221642407977935,2023,2022-12-31,learned_vol_interaction,20260912,0.30788719174740625,0.30788719174740625,0,0
state90,2983,2023-05-12,2023-05-22,0.0005509250208819,2023,2022-12-31,learned_vol_interaction,20260912,0.42598051823633404,0.42598051823633404,0,1
state90,2988,2023-05-19,2023-05-29,-0.0200253742704897,2023,2022-12-31,learned_vol_interaction,20260912,0.6767118241469199,0.6767118241469199,1,0
state90,2993,2023-05-26,2023-06-05,-0.0003935703040848,2023,2022-12-31,learned_vol_interaction,20260912,0.4883023609978598,0.4883023609978598,0,0
state90,2998,2023-06-02,2023-06-12,-0.0086075595250429,2023,2022-12-31,learned_vol_interaction,20260912,0.3935432366359235,0.3935432366359235,0,0
state90,3003,2023-06-09,2023-06-19,0.0338878539347273,2023,2022-12-31,learned_vol_interaction,20260912,0.27933481732197507,0.27933481732197507,0,1
state90,3008,2023-06-16,2023-07-03,-0.026216632171098,2023,2022-12-31,learned_vol_interaction,20260912,0.29070233426464753,0.29070233426464753,0,0
state90,3016,2023-06-30,2023-07-10,-0.0030441518806006,2023,2022-12-31,learned_vol_interaction,20260912,0.6177370664994124,0.6177370664994124,1,0
state90,3021,2023-07-07,2023-07-17,0.0104280552692135,2023,2022-12-31,learned_vol_interaction,20260912,0.5594291110807199,0.5594291110807199,1,1
state90,3026,2023-07-14,2023-07-24,-0.0201642613135752,2023,2022-12-31,learned_vol_interaction,20260912,0.6679523881039575,0.6679523881039575,1,0
state90,3031,2023-07-21,2023-07-31,0.0566710925894278,2023,2022-12-31,learned_vol_interaction,20260912,0.18635602070763757,0.18635602070763757,0,1
state90,3036,2023-07-28,2023-08-07,-0.0039612927947766,2023,2022-12-31,learned_vol_interaction,20260912,0.5478407814968878,0.5478407814968878,1,0
state90,3041,2023-08-04,2023-08-14,-0.0404899362223548,2023,2022-12-31,learned_vol_interaction,20260912,0.7033947900566206,0.7033947900566206,1,0
state90,3046,2023-08-11,2023-08-21,-0.0176157088591445,2023,2022-12-31,learned_vol_interaction,20260912,0.8317318095324455,0.8317318095324455,1,0
state90,3051,2023-08-18,2023-08-28,0.0366582477081969,2023,2022-12-31,learned_vol_interaction,20260912,0.42483786987653466,0.42483786987653466,0,1
state90,3056,2023-08-25,2023-09-04,-0.025197172476384,2023,2022-12-31,learned_vol_interaction,20260912,0.3505140150291582,0.3505140150291582,0,0
state90,3061,2023-09-01,2023-09-11,-0.0189903461587886,2023,2022-12-31,learned_vol_interaction,20260912,0.18874661788961722,0.18874661788961722,0,0
state90,3066,2023-09-08,2023-09-18,-0.0111346368744954,2023,2022-12-31,learned_vol_interaction,20260912,0.5206780629644419,0.5206780629644419,1,0
state90,3071,2023-09-15,2023-09-25,0.0105787349314532,2023,2022-12-31,learned_vol_interaction,20260912,0.41117262447742026,0.41117262447742026,0,1
state90,3076,2023-09-22,2023-10-16,-0.0198017153282719,2023,2022-12-31,learned_vol_interaction,20260912,0.38889293355827786,0.38889293355827786,0,0
state90,3085,2023-10-13,2023-10-23,-0.0447156690429144,2023,2022-12-31,learned_vol_interaction,20260912,0.39717111617291695,0.39717111617291695,0,0
state90,3090,2023-10-20,2023-10-30,0.0154019770298841,2023,2022-12-31,learned_vol_interaction,20260912,0.4308265287381603,0.4308265287381603,0,1
state90,3095,2023-10-27,2023-11-06,0.0152527637017425,2023,2022-12-31,learned_vol_interaction,20260912,0.8384544931958045,0.8384544931958045,1,1
state90,3100,2023-11-03,2023-11-13,-0.0039935482440582,2023,2022-12-31,learned_vol_interaction,20260912,0.33445935995483883,0.33445935995483883,0,0
state90,3105,2023-11-10,2023-11-20,-0.0067280482816765,2023,2022-12-31,learned_vol_interaction,20260912,0.30339931623024247,0.30339931623024247,0,0
state90,3110,2023-11-17,2023-11-27,-0.0098859017348651,2023,2022-12-31,learned_vol_interaction,20260912,0.20180911255113013,0.20180911255113013,0,0
state90,3115,2023-11-24,2023-12-04,-0.0151084754586299,2023,2022-12-31,learned_vol_interaction,20260912,0.57528908196144,0.57528908196144,1,0
state90,3120,2023-12-01,2023-12-11,-0.0295859857973478,2023,2022-12-31,learned_vol_interaction,20260912,0.3067644832038629,0.3067644832038629,0,0
state90,3125,2023-12-08,2023-12-18,-0.0144639658974852,2023,2022-12-31,learned_vol_interaction,20260912,0.39015816974445156,0.39015816974445156,0,0
state90,3130,2023-12-15,2023-12-25,0.0003424256350643,2023,2022-12-31,learned_vol_interaction,20260912,0.4406724982532778,0.4406724982532778,0,1
state90,3135,2023-12-22,2024-01-02,0.0288079559683274,2023,2022-12-31,learned_vol_interaction,20260912,0.31235414694997865,0.31235414694997865,0,1
state90,3140,2023-12-29,2024-01-08,-0.0302544749829989,2023,2022-12-31,learned_vol_interaction,20260912,0.26760132191925856,0.26760132191925856,0,0
state90,2902,2023-01-06,2023-01-16,0.0198447929614133,2023,2022-12-31,learned_order_extension,20260912,0.3320870087441045,0.3320870087441045,0,1
state90,2907,2023-01-13,2023-01-30,0.0465290788350809,2023,2022-12-31,learned_order_extension,20260912,0.27988954900977053,0.27988954900977053,0,1
state90,2912,2023-01-20,2023-02-06,-0.0383797057844887,2023,2022-12-31,learned_order_extension,20260912,0.6620064456911843,0.6620064456911843,1,0
state90,2917,2023-02-03,2023-02-13,-0.0012061903149008,2023,2022-12-31,learned_order_extension,20260912,0.47399209037220413,0.47399209037220413,0,0
state90,2922,2023-02-10,2023-02-20,-0.0143746584432821,2023,2022-12-31,learned_order_extension,20260912,0.24616016767148868,0.24616016767148868,0,0
state90,2927,2023-02-17,2023-02-27,0.0001237636016198,2023,2022-12-31,learned_order_extension,20260912,0.39614793530843245,0.39614793530843245,0,1
state90,2932,2023-02-24,2023-03-06,0.0224454641303217,2023,2022-12-31,learned_order_extension,20260912,0.7129289281429624,0.7129289281429624,1,1
state90,2937,2023-03-03,2023-03-13,-0.0407900947678007,2023,2022-12-31,learned_order_extension,20260912,0.5872179709776264,0.5872179709776264,1,0
state90,2942,2023-03-10,2023-03-20,5.0471402903706775e-06,2023,2022-12-31,learned_order_extension,20260912,0.45917963346836393,0.45917963346836393,0,1
state90,2947,2023-03-17,2023-03-27,0.015302852124583,2023,2022-12-31,learned_order_extension,20260912,0.3321757909492291,0.3321757909492291,0,1
state90,2952,2023-03-24,2023-04-03,0.0090274153058433,2023,2022-12-31,learned_order_extension,20260912,0.5428268381901444,0.5428268381901444,1,1
state90,2957,2023-03-31,2023-04-10,0.0178317182396383,2023,2022-12-31,learned_order_extension,20260912,0.5750765947333518,0.5750765947333518,1,1
state90,2961,2023-04-07,2023-04-17,-0.0101500238382772,2023,2022-12-31,learned_order_extension,20260912,0.637499787070465,0.637499787070465,1,0
state90,2966,2023-04-14,2023-04-24,-0.014368947230732,2023,2022-12-31,learned_order_extension,20260912,0.39981071424461395,0.39981071424461395,0,0
state90,2971,2023-04-21,2023-05-04,-0.0044228908788729,2023,2022-12-31,learned_order_extension,20260912,0.3696006256220921,0.3696006256220921,0,0
state90,2976,2023-04-28,2023-05-10,0.0036477163153083,2023,2022-12-31,learned_order_extension,20260912,0.4688564801514378,0.4688564801514378,0,1
state90,2978,2023-05-05,2023-05-15,-0.0221642407977935,2023,2022-12-31,learned_order_extension,20260912,0.35316398446807334,0.35316398446807334,0,0
state90,2983,2023-05-12,2023-05-22,0.0005509250208819,2023,2022-12-31,learned_order_extension,20260912,0.4594935783345266,0.4594935783345266,0,1
state90,2988,2023-05-19,2023-05-29,-0.0200253742704897,2023,2022-12-31,learned_order_extension,20260912,0.5613551046736279,0.5613551046736279,1,0
state90,2993,2023-05-26,2023-06-05,-0.0003935703040848,2023,2022-12-31,learned_order_extension,20260912,0.4825311640837267,0.4825311640837267,0,0
state90,2998,2023-06-02,2023-06-12,-0.0086075595250429,2023,2022-12-31,learned_order_extension,20260912,0.43993698612115767,0.43993698612115767,0,0
state90,3003,2023-06-09,2023-06-19,0.0338878539347273,2023,2022-12-31,learned_order_extension,20260912,0.35568367267039286,0.35568367267039286,0,1
state90,3008,2023-06-16,2023-07-03,-0.026216632171098,2023,2022-12-31,learned_order_extension,20260912,0.39069608421932794,0.39069608421932794,0,0
state90,3016,2023-06-30,2023-07-10,-0.0030441518806006,2023,2022-12-31,learned_order_extension,20260912,0.5677359269311923,0.5677359269311923,1,0
state90,3021,2023-07-07,2023-07-17,0.0104280552692135,2023,2022-12-31,learned_order_extension,20260912,0.5454708742834323,0.5454708742834323,1,1
state90,3026,2023-07-14,2023-07-24,-0.0201642613135752,2023,2022-12-31,learned_order_extension,20260912,0.5829444980994714,0.5829444980994714,1,0
state90,3031,2023-07-21,2023-07-31,0.0566710925894278,2023,2022-12-31,learned_order_extension,20260912,0.2735077969075347,0.2735077969075347,0,1
state90,3036,2023-07-28,2023-08-07,-0.0039612927947766,2023,2022-12-31,learned_order_extension,20260912,0.5280526191390094,0.5280526191390094,1,0
state90,3041,2023-08-04,2023-08-14,-0.0404899362223548,2023,2022-12-31,learned_order_extension,20260912,0.6473763569680311,0.6473763569680311,1,0
state90,3046,2023-08-11,2023-08-21,-0.0176157088591445,2023,2022-12-31,learned_order_extension,20260912,0.7564070090465949,0.7564070090465949,1,0
state90,3051,2023-08-18,2023-08-28,0.0366582477081969,2023,2022-12-31,learned_order_extension,20260912,0.4265030263110565,0.4265030263110565,0,1
state90,3056,2023-08-25,2023-09-04,-0.025197172476384,2023,2022-12-31,learned_order_extension,20260912,0.3737136272862438,0.3737136272862438,0,0
state90,3061,2023-09-01,2023-09-11,-0.0189903461587886,2023,2022-12-31,learned_order_extension,20260912,0.2333986657354188,0.2333986657354188,0,0
state90,3066,2023-09-08,2023-09-18,-0.0111346368744954,2023,2022-12-31,learned_order_extension,20260912,0.4849329777395086,0.4849329777395086,0,0
state90,3071,2023-09-15,2023-09-25,0.0105787349314532,2023,2022-12-31,learned_order_extension,20260912,0.41318970667133637,0.41318970667133637,0,1
state90,3076,2023-09-22,2023-10-16,-0.0198017153282719,2023,2022-12-31,learned_order_extension,20260912,0.4108197709059615,0.4108197709059615,0,0
state90,3085,2023-10-13,2023-10-23,-0.0447156690429144,2023,2022-12-31,learned_order_extension,20260912,0.402471925725188,0.402471925725188,0,0
state90,3090,2023-10-20,2023-10-30,0.0154019770298841,2023,2022-12-31,learned_order_extension,20260912,0.4456780475483379,0.4456780475483379,0,1
state90,3095,2023-10-27,2023-11-06,0.0152527637017425,2023,2022-12-31,learned_order_extension,20260912,0.8012946083073389,0.8012946083073389,1,1
state90,3100,2023-11-03,2023-11-13,-0.0039935482440582,2023,2022-12-31,learned_order_extension,20260912,0.37660086608637366,0.37660086608637366,0,0
state90,3105,2023-11-10,2023-11-20,-0.0067280482816765,2023,2022-12-31,learned_order_extension,20260912,0.32244723471503595,0.32244723471503595,0,0
state90,3110,2023-11-17,2023-11-27,-0.0098859017348651,2023,2022-12-31,learned_order_extension,20260912,0.25164320767898957,0.25164320767898957,0,0
state90,3115,2023-11-24,2023-12-04,-0.0151084754586299,2023,2022-12-31,learned_order_extension,20260912,0.5499344358185067,0.5499344358185067,1,0
state90,3120,2023-12-01,2023-12-11,-0.0295859857973478,2023,2022-12-31,learned_order_extension,20260912,0.3442150767646824,0.3442150767646824,0,0
state90,3125,2023-12-08,2023-12-18,-0.0144639658974852,2023,2022-12-31,learned_order_extension,20260912,0.3993508171201843,0.3993508171201843,0,0
state90,3130,2023-12-15,2023-12-25,0.0003424256350643,2023,2022-12-31,learned_order_extension,20260912,0.46301510595525036,0.46301510595525036,0,1
state90,3135,2023-12-22,2024-01-02,0.0288079559683274,2023,2022-12-31,learned_order_extension,20260912,0.3352091402952182,0.3352091402952182,0,1
state90,3140,2023-12-29,2024-01-08,-0.0302544749829989,2023,2022-12-31,learned_order_extension,20260912,0.32249353537551856,0.32249353537551856,0,0
state90,2902,2023-01-06,2023-01-16,0.0198447929614133,2023,2022-12-31,learned_order_offset,20260912,0.33518639317613286,0.33518639317613286,0,1
state90,2907,2023-01-13,2023-01-30,0.0465290788350809,2023,2022-12-31,learned_order_offset,20260912,0.283926532884273,0.283926532884273,0,1
state90,2912,2023-01-20,2023-02-06,-0.0383797057844887,2023,2022-12-31,learned_order_offset,20260912,0.656265266213206,0.656265266213206,1,0
state90,2917,2023-02-03,2023-02-13,-0.0012061903149008,2023,2022-12-31,learned_order_offset,20260912,0.47265762776020354,0.47265762776020354,0,0
state90,2922,2023-02-10,2023-02-20,-0.0143746584432821,2023,2022-12-31,learned_order_offset,20260912,0.2502577591654617,0.2502577591654617,0,0
state90,2927,2023-02-17,2023-02-27,0.0001237636016198,2023,2022-12-31,learned_order_offset,20260912,0.3981719184557722,0.3981719184557722,0,1
state90,2932,2023-02-24,2023-03-06,0.0224454641303217,2023,2022-12-31,learned_order_offset,20260912,0.7071114667508918,0.7071114667508918,1,1
state90,2937,2023-03-03,2023-03-13,-0.0407900947678007,2023,2022-12-31,learned_order_offset,20260912,0.5854544425200702,0.5854544425200702,1,0
state90,2942,2023-03-10,2023-03-20,5.0471402903706775e-06,2023,2022-12-31,learned_order_offset,20260912,0.4623204109511431,0.4623204109511431,0,1
state90,2947,2023-03-17,2023-03-27,0.015302852124583,2023,2022-12-31,learned_order_offset,20260912,0.339217920591994,0.339217920591994,0,1
state90,2952,2023-03-24,2023-04-03,0.0090274153058433,2023,2022-12-31,learned_order_offset,20260912,0.5430909588293242,0.5430909588293242,1,1
state90,2957,2023-03-31,2023-04-10,0.0178317182396383,2023,2022-12-31,learned_order_offset,20260912,0.5725347377994414,0.5725347377994414,1,1
state90,2961,2023-04-07,2023-04-17,-0.0101500238382772,2023,2022-12-31,learned_order_offset,20260912,0.6359786222461823,0.6359786222461823,1,0
state90,2966,2023-04-14,2023-04-24,-0.014368947230732,2023,2022-12-31,learned_order_offset,20260912,0.4040571614648592,0.4040571614648592,0,0
state90,2971,2023-04-21,2023-05-04,-0.0044228908788729,2023,2022-12-31,learned_order_offset,20260912,0.373753908234859,0.373753908234859,0,0
state90,2976,2023-04-28,2023-05-10,0.0036477163153083,2023,2022-12-31,learned_order_offset,20260912,0.4682938791565345,0.4682938791565345,0,1
state90,2978,2023-05-05,2023-05-15,-0.0221642407977935,2023,2022-12-31,learned_order_offset,20260912,0.35468620955831676,0.35468620955831676,0,0
state90,2983,2023-05-12,2023-05-22,0.0005509250208819,2023,2022-12-31,learned_order_offset,20260912,0.45944687309341087,0.45944687309341087,0,1
state90,2988,2023-05-19,2023-05-29,-0.0200253742704897,2023,2022-12-31,learned_order_offset,20260912,0.5528609060536627,0.5528609060536627,1,0
state90,2993,2023-05-26,2023-06-05,-0.0003935703040848,2023,2022-12-31,learned_order_offset,20260912,0.48081388523345875,0.48081388523345875,0,0
state90,2998,2023-06-02,2023-06-12,-0.0086075595250429,2023,2022-12-31,learned_order_offset,20260912,0.4462826688282708,0.4462826688282708,0,0
state90,3003,2023-06-09,2023-06-19,0.0338878539347273,2023,2022-12-31,learned_order_offset,20260912,0.3657926874386867,0.3657926874386867,0,1
state90,3008,2023-06-16,2023-07-03,-0.026216632171098,2023,2022-12-31,learned_order_offset,20260912,0.3970710272316485,0.3970710272316485,0,0
state90,3016,2023-06-30,2023-07-10,-0.0030441518806006,2023,2022-12-31,learned_order_offset,20260912,0.5701260577969851,0.5701260577969851,1,0
state90,3021,2023-07-07,2023-07-17,0.0104280552692135,2023,2022-12-31,learned_order_offset,20260912,0.5489589265996276,0.5489589265996276,1,1
state90,3026,2023-07-14,2023-07-24,-0.0201642613135752,2023,2022-12-31,learned_order_offset,20260912,0.5824558395211001,0.5824558395211001,1,0
state90,3031,2023-07-21,2023-07-31,0.0566710925894278,2023,2022-12-31,learned_order_offset,20260912,0.27988978715458734,0.27988978715458734,0,1
state90,3036,2023-07-28,2023-08-07,-0.0039612927947766,2023,2022-12-31,learned_order_offset,20260912,0.5284081434359106,0.5284081434359106,1,0
state90,3041,2023-08-04,2023-08-14,-0.0404899362223548,2023,2022-12-31,learned_order_offset,20260912,0.6464705079150657,0.6464705079150657,1,0
state90,3046,2023-08-11,2023-08-21,-0.0176157088591445,2023,2022-12-31,learned_order_offset,20260912,0.7497865485741146,0.7497865485741146,1,0
state90,3051,2023-08-18,2023-08-28,0.0366582477081969,2023,2022-12-31,learned_order_offset,20260912,0.42522859880571334,0.42522859880571334,0,1
state90,3056,2023-08-25,2023-09-04,-0.025197172476384,2023,2022-12-31,learned_order_offset,20260912,0.37460809335848105,0.37460809335848105,0,0
state90,3061,2023-09-01,2023-09-11,-0.0189903461587886,2023,2022-12-31,learned_order_offset,20260912,0.23706180643728625,0.23706180643728625,0,0
state90,3066,2023-09-08,2023-09-18,-0.0111346368744954,2023,2022-12-31,learned_order_offset,20260912,0.48285979946132007,0.48285979946132007,0,0
state90,3071,2023-09-15,2023-09-25,0.0105787349314532,2023,2022-12-31,learned_order_offset,20260912,0.4157390136403382,0.4157390136403382,0,1
state90,3076,2023-09-22,2023-10-16,-0.0198017153282719,2023,2022-12-31,learned_order_offset,20260912,0.41199571148298614,0.41199571148298614,0,0
state90,3085,2023-10-13,2023-10-23,-0.0447156690429144,2023,2022-12-31,learned_order_offset,20260912,0.4059248823551379,0.4059248823551379,0,0
state90,3090,2023-10-20,2023-10-30,0.0154019770298841,2023,2022-12-31,learned_order_offset,20260912,0.4501575758379855,0.4501575758379855,0,1
state90,3095,2023-10-27,2023-11-06,0.0152527637017425,2023,2022-12-31,learned_order_offset,20260912,0.7973405969170546,0.7973405969170546,1,1
state90,3100,2023-11-03,2023-11-13,-0.0039935482440582,2023,2022-12-31,learned_order_offset,20260912,0.3814727694051757,0.3814727694051757,0,0
state90,3105,2023-11-10,2023-11-20,-0.0067280482816765,2023,2022-12-31,learned_order_offset,20260912,0.3253531314093673,0.3253531314093673,0,0
state90,3110,2023-11-17,2023-11-27,-0.0098859017348651,2023,2022-12-31,learned_order_offset,20260912,0.25963837970729076,0.25963837970729076,0,0
state90,3115,2023-11-24,2023-12-04,-0.0151084754586299,2023,2022-12-31,learned_order_offset,20260912,0.5477382248343785,0.5477382248343785,1,0
state90,3120,2023-12-01,2023-12-11,-0.0295859857973478,2023,2022-12-31,learned_order_offset,20260912,0.3506669447445297,0.3506669447445297,0,0
state90,3125,2023-12-08,2023-12-18,-0.0144639658974852,2023,2022-12-31,learned_order_offset,20260912,0.4047710646356656,0.4047710646356656,0,0
state90,3130,2023-12-15,2023-12-25,0.0003424256350643,2023,2022-12-31,learned_order_offset,20260912,0.46679369387633696,0.46679369387633696,0,1
state90,3135,2023-12-22,2024-01-02,0.0288079559683274,2023,2022-12-31,learned_order_offset,20260912,0.3410249039308952,0.3410249039308952,0,1
state90,3140,2023-12-29,2024-01-08,-0.0302544749829989,2023,2022-12-31,learned_order_offset,20260912,0.32740429145882843,0.32740429145882843,0,0
state90,2902,2023-01-06,2023-01-16,0.0198447929614133,2023,2022-12-31,native_mse,20260912,0.0004281627694943007,,1,1
state90,2907,2023-01-13,2023-01-30,0.0465290788350809,2023,2022-12-31,native_mse,20260912,4.2102919401855305e-05,,1,1
state90,2912,2023-01-20,2023-02-06,-0.0383797057844887,2023,2022-12-31,native_mse,20260912,0.0010967633118809882,,1,0
state90,2917,2023-02-03,2023-02-13,-0.0012061903149008,2023,2022-12-31,native_mse,20260912,0.0008747039967658528,,1,0
state90,2922,2023-02-10,2023-02-20,-0.0143746584432821,2023,2022-12-31,native_mse,20260912,0.0001818132935792269,,1,0
state90,2927,2023-02-17,2023-02-27,0.0001237636016198,2023,2022-12-31,native_mse,20260912,0.00010126624081480557,,1,1
state90,2932,2023-02-24,2023-03-06,0.0224454641303217,2023,2022-12-31,native_mse,20260912,0.000782385799644381,,1,1
state90,2937,2023-03-03,2023-03-13,-0.0407900947678007,2023,2022-12-31,native_mse,20260912,0.00040350503591383166,,1,0
state90,2942,2023-03-10,2023-03-20,5.0471402903706775e-06,2023,2022-12-31,native_mse,20260912,0.00023517524465769396,,1,1
state90,2947,2023-03-17,2023-03-27,0.015302852124583,2023,2022-12-31,native_mse,20260912,-0.0005550490015326846,,0,1
state90,2952,2023-03-24,2023-04-03,0.0090274153058433,2023,2022-12-31,native_mse,20260912,0.0004555071806066471,,1,1
state90,2957,2023-03-31,2023-04-10,0.0178317182396383,2023,2022-12-31,native_mse,20260912,0.0006137448037054246,,1,1
state90,2961,2023-04-07,2023-04-17,-0.0101500238382772,2023,2022-12-31,native_mse,20260912,0.0007714668086940345,,1,0
state90,2966,2023-04-14,2023-04-24,-0.014368947230732,2023,2022-12-31,native_mse,20260912,0.0006120128536014287,,1,0
state90,2971,2023-04-21,2023-05-04,-0.0044228908788729,2023,2022-12-31,native_mse,20260912,0.0004168718728952876,,1,0
state90,2976,2023-04-28,2023-05-10,0.0036477163153083,2023,2022-12-31,native_mse,20260912,0.0007975995131662927,,1,1
state90,2978,2023-05-05,2023-05-15,-0.0221642407977935,2023,2022-12-31,native_mse,20260912,3.748499343571029e-05,,1,0
state90,2983,2023-05-12,2023-05-22,0.0005509250208819,2023,2022-12-31,native_mse,20260912,0.00013564688457888487,,1,1
state90,2988,2023-05-19,2023-05-29,-0.0200253742704897,2023,2022-12-31,native_mse,20260912,0.0006049797039520234,,1,0
state90,2993,2023-05-26,2023-06-05,-0.0003935703040848,2023,2022-12-31,native_mse,20260912,5.080512794837295e-05,,1,0
state90,2998,2023-06-02,2023-06-12,-0.0086075595250429,2023,2022-12-31,native_mse,20260912,-0.0003527596454530836,,0,0
state90,3003,2023-06-09,2023-06-19,0.0338878539347273,2023,2022-12-31,native_mse,20260912,-0.0004629538008774116,,0,1
state90,3008,2023-06-16,2023-07-03,-0.026216632171098,2023,2022-12-31,native_mse,20260912,-0.0003413110242915335,,0,0
state90,3016,2023-06-30,2023-07-10,-0.0030441518806006,2023,2022-12-31,native_mse,20260912,0.0003431408638381007,,1,0
state90,3021,2023-07-07,2023-07-17,0.0104280552692135,2023,2022-12-31,native_mse,20260912,0.000814771057302496,,1,1
state90,3026,2023-07-14,2023-07-24,-0.0201642613135752,2023,2022-12-31,native_mse,20260912,0.0006501402430561996,,1,0
state90,3031,2023-07-21,2023-07-31,0.0566710925894278,2023,2022-12-31,native_mse,20260912,2.5045124957704355e-05,,1,1
state90,3036,2023-07-28,2023-08-07,-0.0039612927947766,2023,2022-12-31,native_mse,20260912,0.00047471401642830695,,1,0
state90,3041,2023-08-04,2023-08-14,-0.0404899362223548,2023,2022-12-31,native_mse,20260912,0.0008553072765691807,,1,0
state90,3046,2023-08-11,2023-08-21,-0.0176157088591445,2023,2022-12-31,native_mse,20260912,0.0015027086256146451,,1,0
state90,3051,2023-08-18,2023-08-28,0.0366582477081969,2023,2022-12-31,native_mse,20260912,0.0006099353623650846,,1,1
state90,3056,2023-08-25,2023-09-04,-0.025197172476384,2023,2022-12-31,native_mse,20260912,0.00044421971221099443,,1,0
state90,3061,2023-09-01,2023-09-11,-0.0189903461587886,2023,2022-12-31,native_mse,20260912,-0.0002025361551160587,,0,0
state90,3066,2023-09-08,2023-09-18,-0.0111346368744954,2023,2022-12-31,native_mse,20260912,0.00041052847232038274,,1,0
state90,3071,2023-09-15,2023-09-25,0.0105787349314532,2023,2022-12-31,native_mse,20260912,0.0001624781603077036,,1,1
state90,3076,2023-09-22,2023-10-16,-0.0198017153282719,2023,2022-12-31,native_mse,20260912,-2.0047557486308507e-05,,0,0
state90,3085,2023-10-13,2023-10-23,-0.0447156690429144,2023,2022-12-31,native_mse,20260912,-7.666747850147154e-05,,0,0
state90,3090,2023-10-20,2023-10-30,0.0154019770298841,2023,2022-12-31,native_mse,20260912,0.00029732197364893017,,1,1
state90,3095,2023-10-27,2023-11-06,0.0152527637017425,2023,2022-12-31,native_mse,20260912,0.0012245039371740986,,1,1
state90,3100,2023-11-03,2023-11-13,-0.0039935482440582,2023,2022-12-31,native_mse,20260912,0.00041856415378897153,,1,0
state90,3105,2023-11-10,2023-11-20,-0.0067280482816765,2023,2022-12-31,native_mse,20260912,0.00022000524072862617,,1,0
state90,3110,2023-11-17,2023-11-27,-0.0098859017348651,2023,2022-12-31,native_mse,20260912,-0.00011003873914113989,,0,0
state90,3115,2023-11-24,2023-12-04,-0.0151084754586299,2023,2022-12-31,native_mse,20260912,0.0006004861455855604,,1,0
state90,3120,2023-12-01,2023-12-11,-0.0295859857973478,2023,2022-12-31,native_mse,20260912,9.164477722239853e-05,,1,0
state90,3125,2023-12-08,2023-12-18,-0.0144639658974852,2023,2022-12-31,native_mse,20260912,0.0003716320497864135,,1,0
state90,3130,2023-12-15,2023-12-25,0.0003424256350643,2023,2022-12-31,native_mse,20260912,0.0007186720416179463,,1,1
state90,3135,2023-12-22,2024-01-02,0.0288079559683274,2023,2022-12-31,native_mse,20260912,0.00031752353260434155,,1,1
state90,3140,2023-12-29,2024-01-08,-0.0302544749829989,2023,2022-12-31,native_mse,20260912,-5.293223214677527e-06,,0,0
state90,3144,2024-01-05,2024-01-15,-0.0158038409563566,2024,2023-12-31,learned_market,20260910,0.37911601118731636,0.37911601118731636,0,0
state90,3149,2024-01-12,2024-01-22,-0.002333261979756,2024,2023-12-31,learned_market,20260910,0.4589111880907024,0.4589111880907024,0,0
state90,3154,2024-01-19,2024-01-29,0.0223511633823452,2024,2023-12-31,learned_market,20260910,0.41956122213307734,0.41956122213307734,0,1
state90,3159,2024-01-26,2024-02-05,-0.0513103415192826,2024,2023-12-31,learned_market,20260910,0.4467918935376125,0.4467918935376125,0,0
state90,3164,2024-02-02,2024-02-26,0.1015374891364462,2024,2023-12-31,learned_market,20260910,0.6470923056808707,0.6470923056808707,1,1
state90,3173,2024-02-23,2024-03-04,0.0151569053862528,2024,2023-12-31,learned_market,20260910,0.6974540268702009,0.6974540268702009,1,1
state90,3178,2024-03-01,2024-03-11,0.0021394031715169,2024,2023-12-31,learned_market,20260910,0.6539310685581109,0.6539310685581109,1,1
state90,3183,2024-03-08,2024-03-18,0.0087762342284414,2024,2023-12-31,learned_market,20260910,0.651636534380962,0.651636534380962,1,1
state90,3188,2024-03-15,2024-03-25,-0.0112802133595746,2024,2023-12-31,learned_market,20260910,0.6184866579610433,0.6184866579610433,1,0
state90,3193,2024-03-22,2024-04-01,0.0042044725182444,2024,2023-12-31,learned_market,20260910,0.49537529534083324,0.49537529534083324,0,1
state90,3198,2024-03-29,2024-04-15,-0.0219845815102011,2024,2023-12-31,learned_market,20260910,0.4469684467331579,0.4469684467331579,0,0
state90,3206,2024-04-12,2024-04-22,0.018045199366633,2024,2023-12-31,learned_market,20260910,0.40607560893230144,0.40607560893230144,0,1
state90,3211,2024-04-19,2024-04-29,0.0136757744232476,2024,2023-12-31,learned_market,20260910,0.3892776100417879,0.3892776100417879,0,1
state90,3216,2024-04-26,2024-05-13,0.0172434956786644,2024,2023-12-31,learned_market,20260910,0.3282744753478747,0.3282744753478747,0,1
state90,3223,2024-05-10,2024-05-20,0.0097933549988344,2024,2023-12-31,learned_market,20260910,0.3990687988287244,0.3990687988287244,0,1
state90,3228,2024-05-17,2024-05-27,-0.0204803832637164,2024,2023-12-31,learned_market,20260910,0.3897084593157539,0.3897084593157539,0,0
state90,3233,2024-05-24,2024-06-03,-0.0081155643048258,2024,2023-12-31,learned_market,20260910,0.43186519496988945,0.43186519496988945,0,0
state90,3238,2024-05-31,2024-06-11,-0.0060267570121149,2024,2023-12-31,learned_market,20260910,0.4565336986968196,0.4565336986968196,0,0
state90,3243,2024-06-07,2024-06-17,-0.0096686558937179,2024,2023-12-31,learned_market,20260910,0.6105718695143069,0.6105718695143069,1,0
state90,3247,2024-06-14,2024-06-24,-0.013573992457631,2024,2023-12-31,learned_market,20260910,0.6713582427300896,0.6713582427300896,1,0
state90,3252,2024-06-21,2024-07-01,-0.004427632109257,2024,2023-12-31,learned_market,20260910,0.4416184455773017,0.4416184455773017,0,0
state90,3257,2024-06-28,2024-07-08,-0.0108320369203009,2024,2023-12-31,learned_market,20260910,0.5341806270801527,0.5341806270801527,1,0
state90,3262,2024-07-05,2024-07-15,0.0122222871842843,2024,2023-12-31,learned_market,20260910,0.5312099723736838,0.5312099723736838,1,1
state90,3267,2024-07-12,2024-07-22,0.0218881133018156,2024,2023-12-31,learned_market,20260910,0.4706196251419226,0.4706196251419226,0,1
state90,3272,2024-07-19,2024-07-29,-0.0378787022382998,2024,2023-12-31,learned_market,20260910,0.5105887349481063,0.5105887349481063,1,0
state90,3277,2024-07-26,2024-08-05,-0.0124134568216732,2024,2023-12-31,learned_market,20260910,0.5168087974043634,0.5168087974043634,1,0
state90,3282,2024-08-02,2024-08-12,-0.0102762848330364,2024,2023-12-31,learned_market,20260910,0.5103969021168359,0.5103969021168359,1,0
state90,3287,2024-08-09,2024-08-19,0.0050186923751938,2024,2023-12-31,learned_market,20260910,0.5738642832331972,0.5738642832331972,1,1
state90,3292,2024-08-16,2024-08-26,-0.0040487282687352,2024,2023-12-31,learned_market,20260910,0.3949171401752265,0.3949171401752265,0,0
state90,3297,2024-08-23,2024-09-02,-0.0069594562136714,2024,2023-12-31,learned_market,20260910,0.29072042976701107,0.29072042976701107,0,0
state90,3302,2024-08-30,2024-09-09,-0.0280389655151561,2024,2023-12-31,learned_market,20260910,0.2698525733496452,0.2698525733496452,0,0
state90,3307,2024-09-06,2024-09-18,-0.0174132138857783,2024,2023-12-31,learned_market,20260910,0.28624372995779085,0.28624372995779085,0,0
state90,3312,2024-09-13,2024-09-24,0.0133119329369826,2024,2023-12-31,learned_market,20260910,0.3257397725885097,0.3257397725885097,0,1
state90,3315,2024-09-20,2024-09-30,0.2017513988384409,2024,2023-12-31,learned_market,20260910,0.30329361432845675,0.30329361432845675,0,1
state90,3320,2024-09-27,2024-10-14,0.0178259004588408,2024,2023-12-31,learned_market,20260910,0.5539828044064032,0.5539828044064032,1,1
state90,3325,2024-10-11,2024-10-21,0.0080914993282625,2024,2023-12-31,learned_market,20260910,0.5869953939238736,0.5869953939238736,1,1
state90,3330,2024-10-18,2024-10-28,0.0015733867085561,2024,2023-12-31,learned_market,20260910,0.461607129389693,0.461607129389693,0,1
state90,3335,2024-10-25,2024-11-04,-0.0140142824257356,2024,2023-12-31,learned_market,20260910,0.4436454565513719,0.4436454565513719,0,0
state90,3340,2024-11-01,2024-11-11,0.0434152361258277,2024,2023-12-31,learned_market,20260910,0.4265577715457495,0.4265577715457495,0,1
state90,3345,2024-11-08,2024-11-18,-0.0208584853931589,2024,2023-12-31,learned_market,20260910,0.3988216599252063,0.3988216599252063,0,0
state90,3350,2024-11-15,2024-11-25,-0.0267421712161923,2024,2023-12-31,learned_market,20260910,0.4128285607379882,0.4128285607379882,0,0
state90,3355,2024-11-22,2024-12-02,0.0087960346887328,2024,2023-12-31,learned_market,20260910,0.5498480838757407,0.5498480838757407,1,1
state90,3360,2024-11-29,2024-12-09,0.0155919891551781,2024,2023-12-31,learned_market,20260910,0.5787371739371491,0.5787371739371491,1,1
state90,3365,2024-12-06,2024-12-16,-0.0100436703218104,2024,2023-12-31,learned_market,20260910,0.5274145252381006,0.5274145252381006,1,0
state90,3370,2024-12-13,2024-12-23,-0.0006690784017421,2024,2023-12-31,learned_market,20260910,0.44138037595664,0.44138037595664,0,0
state90,3375,2024-12-20,2024-12-30,0.0123595076562756,2024,2023-12-31,learned_market,20260910,0.4027666853457167,0.4027666853457167,0,1
state90,3380,2024-12-27,2025-01-06,-0.0504714964669198,2024,2023-12-31,learned_market,20260910,0.38910693571889354,0.38910693571889354,0,0
state90,3144,2024-01-05,2024-01-15,-0.0158038409563566,2024,2023-12-31,learned_vol_interaction,20260910,0.375948748112503,0.375948748112503,0,0
state90,3149,2024-01-12,2024-01-22,-0.002333261979756,2024,2023-12-31,learned_vol_interaction,20260910,0.4653387886294592,0.4653387886294592,0,0
state90,3154,2024-01-19,2024-01-29,0.0223511633823452,2024,2023-12-31,learned_vol_interaction,20260910,0.409541362332266,0.409541362332266,0,1
state90,3159,2024-01-26,2024-02-05,-0.0513103415192826,2024,2023-12-31,learned_vol_interaction,20260910,0.4427031623961251,0.4427031623961251,0,0
state90,3164,2024-02-02,2024-02-26,0.1015374891364462,2024,2023-12-31,learned_vol_interaction,20260910,0.6537066574488869,0.6537066574488869,1,1
state90,3173,2024-02-23,2024-03-04,0.0151569053862528,2024,2023-12-31,learned_vol_interaction,20260910,0.689311779469667,0.689311779469667,1,1
state90,3178,2024-03-01,2024-03-11,0.0021394031715169,2024,2023-12-31,learned_vol_interaction,20260910,0.6480049647794901,0.6480049647794901,1,1
state90,3183,2024-03-08,2024-03-18,0.0087762342284414,2024,2023-12-31,learned_vol_interaction,20260910,0.6491293260006892,0.6491293260006892,1,1
state90,3188,2024-03-15,2024-03-25,-0.0112802133595746,2024,2023-12-31,learned_vol_interaction,20260910,0.6390487602979349,0.6390487602979349,1,0
state90,3193,2024-03-22,2024-04-01,0.0042044725182444,2024,2023-12-31,learned_vol_interaction,20260910,0.502579297882782,0.502579297882782,1,1
state90,3198,2024-03-29,2024-04-15,-0.0219845815102011,2024,2023-12-31,learned_vol_interaction,20260910,0.4621147966680959,0.4621147966680959,0,0
state90,3206,2024-04-12,2024-04-22,0.018045199366633,2024,2023-12-31,learned_vol_interaction,20260910,0.3996858180028398,0.3996858180028398,0,1
state90,3211,2024-04-19,2024-04-29,0.0136757744232476,2024,2023-12-31,learned_vol_interaction,20260910,0.37319633634071175,0.37319633634071175,0,1
state90,3216,2024-04-26,2024-05-13,0.0172434956786644,2024,2023-12-31,learned_vol_interaction,20260910,0.3146645175119406,0.3146645175119406,0,1
state90,3223,2024-05-10,2024-05-20,0.0097933549988344,2024,2023-12-31,learned_vol_interaction,20260910,0.37518028476500903,0.37518028476500903,0,1
state90,3228,2024-05-17,2024-05-27,-0.0204803832637164,2024,2023-12-31,learned_vol_interaction,20260910,0.3743945093004113,0.3743945093004113,0,0
state90,3233,2024-05-24,2024-06-03,-0.0081155643048258,2024,2023-12-31,learned_vol_interaction,20260910,0.41682706486348087,0.41682706486348087,0,0
state90,3238,2024-05-31,2024-06-11,-0.0060267570121149,2024,2023-12-31,learned_vol_interaction,20260910,0.4492331097002634,0.4492331097002634,0,0
state90,3243,2024-06-07,2024-06-17,-0.0096686558937179,2024,2023-12-31,learned_vol_interaction,20260910,0.646939742462589,0.646939742462589,1,0
state90,3247,2024-06-14,2024-06-24,-0.013573992457631,2024,2023-12-31,learned_vol_interaction,20260910,0.728816996452314,0.728816996452314,1,0
state90,3252,2024-06-21,2024-07-01,-0.004427632109257,2024,2023-12-31,learned_vol_interaction,20260910,0.45786386069259544,0.45786386069259544,0,0
state90,3257,2024-06-28,2024-07-08,-0.0108320369203009,2024,2023-12-31,learned_vol_interaction,20260910,0.5781155623946855,0.5781155623946855,1,0
state90,3262,2024-07-05,2024-07-15,0.0122222871842843,2024,2023-12-31,learned_vol_interaction,20260910,0.5756856823794781,0.5756856823794781,1,1
state90,3267,2024-07-12,2024-07-22,0.0218881133018156,2024,2023-12-31,learned_vol_interaction,20260910,0.4866386539421122,0.4866386539421122,0,1
state90,3272,2024-07-19,2024-07-29,-0.0378787022382998,2024,2023-12-31,learned_vol_interaction,20260910,0.5389372826354385,0.5389372826354385,1,0
state90,3277,2024-07-26,2024-08-05,-0.0124134568216732,2024,2023-12-31,learned_vol_interaction,20260910,0.5302304235904278,0.5302304235904278,1,0
state90,3282,2024-08-02,2024-08-12,-0.0102762848330364,2024,2023-12-31,learned_vol_interaction,20260910,0.5215565305204753,0.5215565305204753,1,0
state90,3287,2024-08-09,2024-08-19,0.0050186923751938,2024,2023-12-31,learned_vol_interaction,20260910,0.5855654639145639,0.5855654639145639,1,1
state90,3292,2024-08-16,2024-08-26,-0.0040487282687352,2024,2023-12-31,learned_vol_interaction,20260910,0.3778758904529602,0.3778758904529602,0,0
state90,3297,2024-08-23,2024-09-02,-0.0069594562136714,2024,2023-12-31,learned_vol_interaction,20260910,0.25486310438949394,0.25486310438949394,0,0
state90,3302,2024-08-30,2024-09-09,-0.0280389655151561,2024,2023-12-31,learned_vol_interaction,20260910,0.23399162737304185,0.23399162737304185,0,0
state90,3307,2024-09-06,2024-09-18,-0.0174132138857783,2024,2023-12-31,learned_vol_interaction,20260910,0.25707507643008914,0.25707507643008914,0,0
state90,3312,2024-09-13,2024-09-24,0.0133119329369826,2024,2023-12-31,learned_vol_interaction,20260910,0.3084747782851401,0.3084747782851401,0,1
state90,3315,2024-09-20,2024-09-30,0.2017513988384409,2024,2023-12-31,learned_vol_interaction,20260910,0.2767223781764832,0.2767223781764832,0,1
state90,3320,2024-09-27,2024-10-14,0.0178259004588408,2024,2023-12-31,learned_vol_interaction,20260910,0.539577352579499,0.539577352579499,1,1
state90,3325,2024-10-11,2024-10-21,0.0080914993282625,2024,2023-12-31,learned_vol_interaction,20260910,0.5707045524539156,0.5707045524539156,1,1
state90,3330,2024-10-18,2024-10-28,0.0015733867085561,2024,2023-12-31,learned_vol_interaction,20260910,0.5457998125542788,0.5457998125542788,1,1
state90,3335,2024-10-25,2024-11-04,-0.0140142824257356,2024,2023-12-31,learned_vol_interaction,20260910,0.5480447349870543,0.5480447349870543,1,0
state90,3340,2024-11-01,2024-11-11,0.0434152361258277,2024,2023-12-31,learned_vol_interaction,20260910,0.5424556290324919,0.5424556290324919,1,1
state90,3345,2024-11-08,2024-11-18,-0.0208584853931589,2024,2023-12-31,learned_vol_interaction,20260910,0.41385174274995,0.41385174274995,0,0
state90,3350,2024-11-15,2024-11-25,-0.0267421712161923,2024,2023-12-31,learned_vol_interaction,20260910,0.40978407838391767,0.40978407838391767,0,0
state90,3355,2024-11-22,2024-12-02,0.0087960346887328,2024,2023-12-31,learned_vol_interaction,20260910,0.5313658042769484,0.5313658042769484,1,1
state90,3360,2024-11-29,2024-12-09,0.0155919891551781,2024,2023-12-31,learned_vol_interaction,20260910,0.5550717836556399,0.5550717836556399,1,1
state90,3365,2024-12-06,2024-12-16,-0.0100436703218104,2024,2023-12-31,learned_vol_interaction,20260910,0.5155855931739847,0.5155855931739847,1,0
state90,3370,2024-12-13,2024-12-23,-0.0006690784017421,2024,2023-12-31,learned_vol_interaction,20260910,0.4374261593980381,0.4374261593980381,0,0
state90,3375,2024-12-20,2024-12-30,0.0123595076562756,2024,2023-12-31,learned_vol_interaction,20260910,0.38028593735367683,0.38028593735367683,0,1
state90,3380,2024-12-27,2025-01-06,-0.0504714964669198,2024,2023-12-31,learned_vol_interaction,20260910,0.35616480654444505,0.35616480654444505,0,0
state90,3144,2024-01-05,2024-01-15,-0.0158038409563566,2024,2023-12-31,learned_order_extension,20260910,0.4019000383386628,0.4019000383386628,0,0
state90,3149,2024-01-12,2024-01-22,-0.002333261979756,2024,2023-12-31,learned_order_extension,20260910,0.4536929976964038,0.4536929976964038,0,0
state90,3154,2024-01-19,2024-01-29,0.0223511633823452,2024,2023-12-31,learned_order_extension,20260910,0.4065097447533653,0.4065097447533653,0,1
state90,3159,2024-01-26,2024-02-05,-0.0513103415192826,2024,2023-12-31,learned_order_extension,20260910,0.4181108069924978,0.4181108069924978,0,0
state90,3164,2024-02-02,2024-02-26,0.1015374891364462,2024,2023-12-31,learned_order_extension,20260910,0.6639940867614434,0.6639940867614434,1,1
state90,3173,2024-02-23,2024-03-04,0.0151569053862528,2024,2023-12-31,learned_order_extension,20260910,0.6509742827223437,0.6509742827223437,1,1
state90,3178,2024-03-01,2024-03-11,0.0021394031715169,2024,2023-12-31,learned_order_extension,20260910,0.596427953854031,0.596427953854031,1,1
state90,3183,2024-03-08,2024-03-18,0.0087762342284414,2024,2023-12-31,learned_order_extension,20260910,0.5823638998065179,0.5823638998065179,1,1
state90,3188,2024-03-15,2024-03-25,-0.0112802133595746,2024,2023-12-31,learned_order_extension,20260910,0.5649258035498114,0.5649258035498114,1,0
state90,3193,2024-03-22,2024-04-01,0.0042044725182444,2024,2023-12-31,learned_order_extension,20260910,0.4756478826315535,0.4756478826315535,0,1
state90,3198,2024-03-29,2024-04-15,-0.0219845815102011,2024,2023-12-31,learned_order_extension,20260910,0.44826023295447676,0.44826023295447676,0,0
state90,3206,2024-04-12,2024-04-22,0.018045199366633,2024,2023-12-31,learned_order_extension,20260910,0.3886483454535768,0.3886483454535768,0,1
state90,3211,2024-04-19,2024-04-29,0.0136757744232476,2024,2023-12-31,learned_order_extension,20260910,0.3831378513745901,0.3831378513745901,0,1
state90,3216,2024-04-26,2024-05-13,0.0172434956786644,2024,2023-12-31,learned_order_extension,20260910,0.37424697076859526,0.37424697076859526,0,1
state90,3223,2024-05-10,2024-05-20,0.0097933549988344,2024,2023-12-31,learned_order_extension,20260910,0.3903039016654425,0.3903039016654425,0,1
state90,3228,2024-05-17,2024-05-27,-0.0204803832637164,2024,2023-12-31,learned_order_extension,20260910,0.40843859964633433,0.40843859964633433,0,0
state90,3233,2024-05-24,2024-06-03,-0.0081155643048258,2024,2023-12-31,learned_order_extension,20260910,0.43309876347512,0.43309876347512,0,0
state90,3238,2024-05-31,2024-06-11,-0.0060267570121149,2024,2023-12-31,learned_order_extension,20260910,0.446586280617722,0.446586280617722,0,0
state90,3243,2024-06-07,2024-06-17,-0.0096686558937179,2024,2023-12-31,learned_order_extension,20260910,0.626798924605605,0.626798924605605,1,0
state90,3247,2024-06-14,2024-06-24,-0.013573992457631,2024,2023-12-31,learned_order_extension,20260910,0.7178883635744532,0.7178883635744532,1,0
state90,3252,2024-06-21,2024-07-01,-0.004427632109257,2024,2023-12-31,learned_order_extension,20260910,0.4529899421679954,0.4529899421679954,0,0
state90,3257,2024-06-28,2024-07-08,-0.0108320369203009,2024,2023-12-31,learned_order_extension,20260910,0.5695267559005048,0.5695267559005048,1,0
state90,3262,2024-07-05,2024-07-15,0.0122222871842843,2024,2023-12-31,learned_order_extension,20260910,0.5846151349808663,0.5846151349808663,1,1
state90,3267,2024-07-12,2024-07-22,0.0218881133018156,2024,2023-12-31,learned_order_extension,20260910,0.4936385751696033,0.4936385751696033,0,1
state90,3272,2024-07-19,2024-07-29,-0.0378787022382998,2024,2023-12-31,learned_order_extension,20260910,0.5296682623864001,0.5296682623864001,1,0
state90,3277,2024-07-26,2024-08-05,-0.0124134568216732,2024,2023-12-31,learned_order_extension,20260910,0.5342552376814222,0.5342552376814222,1,0
state90,3282,2024-08-02,2024-08-12,-0.0102762848330364,2024,2023-12-31,learned_order_extension,20260910,0.5292356219824177,0.5292356219824177,1,0
state90,3287,2024-08-09,2024-08-19,0.0050186923751938,2024,2023-12-31,learned_order_extension,20260910,0.5758956552207214,0.5758956552207214,1,1
state90,3292,2024-08-16,2024-08-26,-0.0040487282687352,2024,2023-12-31,learned_order_extension,20260910,0.3908604034072806,0.3908604034072806,0,0
state90,3297,2024-08-23,2024-09-02,-0.0069594562136714,2024,2023-12-31,learned_order_extension,20260910,0.2988950234639935,0.2988950234639935,0,0
state90,3302,2024-08-30,2024-09-09,-0.0280389655151561,2024,2023-12-31,learned_order_extension,20260910,0.2686520456873332,0.2686520456873332,0,0
state90,3307,2024-09-06,2024-09-18,-0.0174132138857783,2024,2023-12-31,learned_order_extension,20260910,0.28845699674235586,0.28845699674235586,0,0
state90,3312,2024-09-13,2024-09-24,0.0133119329369826,2024,2023-12-31,learned_order_extension,20260910,0.3306515596775702,0.3306515596775702,0,1
state90,3315,2024-09-20,2024-09-30,0.2017513988384409,2024,2023-12-31,learned_order_extension,20260910,0.3078891103773537,0.3078891103773537,0,1
state90,3320,2024-09-27,2024-10-14,0.0178259004588408,2024,2023-12-31,learned_order_extension,20260910,0.5428289525080278,0.5428289525080278,1,1
state90,3325,2024-10-11,2024-10-21,0.0080914993282625,2024,2023-12-31,learned_order_extension,20260910,0.5822023275306868,0.5822023275306868,1,1
state90,3330,2024-10-18,2024-10-28,0.0015733867085561,2024,2023-12-31,learned_order_extension,20260910,0.5714046015164417,0.5714046015164417,1,1
state90,3335,2024-10-25,2024-11-04,-0.0140142824257356,2024,2023-12-31,learned_order_extension,20260910,0.5699380979169686,0.5699380979169686,1,0
state90,3340,2024-11-01,2024-11-11,0.0434152361258277,2024,2023-12-31,learned_order_extension,20260910,0.5940299307722281,0.5940299307722281,1,1
state90,3345,2024-11-08,2024-11-18,-0.0208584853931589,2024,2023-12-31,learned_order_extension,20260910,0.411107283779769,0.411107283779769,0,0
state90,3350,2024-11-15,2024-11-25,-0.0267421712161923,2024,2023-12-31,learned_order_extension,20260910,0.39605543665647713,0.39605543665647713,0,0
state90,3355,2024-11-22,2024-12-02,0.0087960346887328,2024,2023-12-31,learned_order_extension,20260910,0.5115475257965196,0.5115475257965196,1,1
state90,3360,2024-11-29,2024-12-09,0.0155919891551781,2024,2023-12-31,learned_order_extension,20260910,0.5440391301685066,0.5440391301685066,1,1
state90,3365,2024-12-06,2024-12-16,-0.0100436703218104,2024,2023-12-31,learned_order_extension,20260910,0.49467283869914347,0.49467283869914347,0,0
state90,3370,2024-12-13,2024-12-23,-0.0006690784017421,2024,2023-12-31,learned_order_extension,20260910,0.41586894239738387,0.41586894239738387,0,0
state90,3375,2024-12-20,2024-12-30,0.0123595076562756,2024,2023-12-31,learned_order_extension,20260910,0.35397540001038474,0.35397540001038474,0,1
state90,3380,2024-12-27,2025-01-06,-0.0504714964669198,2024,2023-12-31,learned_order_extension,20260910,0.3176586272754358,0.3176586272754358,0,0
state90,3144,2024-01-05,2024-01-15,-0.0158038409563566,2024,2023-12-31,learned_order_offset,20260910,0.40294607271257427,0.40294607271257427,0,0
state90,3149,2024-01-12,2024-01-22,-0.002333261979756,2024,2023-12-31,learned_order_offset,20260910,0.45320010017286466,0.45320010017286466,0,0
state90,3154,2024-01-19,2024-01-29,0.0223511633823452,2024,2023-12-31,learned_order_offset,20260910,0.40698948981731453,0.40698948981731453,0,1
state90,3159,2024-01-26,2024-02-05,-0.0513103415192826,2024,2023-12-31,learned_order_offset,20260910,0.4180998926398431,0.4180998926398431,0,0
state90,3164,2024-02-02,2024-02-26,0.1015374891364462,2024,2023-12-31,learned_order_offset,20260910,0.662467427882048,0.662467427882048,1,1
state90,3173,2024-02-23,2024-03-04,0.0151569053862528,2024,2023-12-31,learned_order_offset,20260910,0.6495192030104356,0.6495192030104356,1,1
state90,3178,2024-03-01,2024-03-11,0.0021394031715169,2024,2023-12-31,learned_order_offset,20260910,0.5953483627631191,0.5953483627631191,1,1
state90,3183,2024-03-08,2024-03-18,0.0087762342284414,2024,2023-12-31,learned_order_offset,20260910,0.5813453143574694,0.5813453143574694,1,1
state90,3188,2024-03-15,2024-03-25,-0.0112802133595746,2024,2023-12-31,learned_order_offset,20260910,0.5629285714576356,0.5629285714576356,1,0
state90,3193,2024-03-22,2024-04-01,0.0042044725182444,2024,2023-12-31,learned_order_offset,20260910,0.4746800194029474,0.4746800194029474,0,1
state90,3198,2024-03-29,2024-04-15,-0.0219845815102011,2024,2023-12-31,learned_order_offset,20260910,0.4474975970181041,0.4474975970181041,0,0
state90,3206,2024-04-12,2024-04-22,0.018045199366633,2024,2023-12-31,learned_order_offset,20260910,0.38808228102297715,0.38808228102297715,0,1
state90,3211,2024-04-19,2024-04-29,0.0136757744232476,2024,2023-12-31,learned_order_offset,20260910,0.3836585040753394,0.3836585040753394,0,1
state90,3216,2024-04-26,2024-05-13,0.0172434956786644,2024,2023-12-31,learned_order_offset,20260910,0.3751323735259505,0.3751323735259505,0,1
state90,3223,2024-05-10,2024-05-20,0.0097933549988344,2024,2023-12-31,learned_order_offset,20260910,0.39075291038896165,0.39075291038896165,0,1
state90,3228,2024-05-17,2024-05-27,-0.0204803832637164,2024,2023-12-31,learned_order_offset,20260910,0.4087832887536437,0.4087832887536437,0,0
state90,3233,2024-05-24,2024-06-03,-0.0081155643048258,2024,2023-12-31,learned_order_offset,20260910,0.4331137649724263,0.4331137649724263,0,0
state90,3238,2024-05-31,2024-06-11,-0.0060267570121149,2024,2023-12-31,learned_order_offset,20260910,0.44619955765953745,0.44619955765953745,0,0
state90,3243,2024-06-07,2024-06-17,-0.0096686558937179,2024,2023-12-31,learned_order_offset,20260910,0.6254437339879714,0.6254437339879714,1,0
state90,3247,2024-06-14,2024-06-24,-0.013573992457631,2024,2023-12-31,learned_order_offset,20260910,0.71648459870885,0.71648459870885,1,0
state90,3252,2024-06-21,2024-07-01,-0.004427632109257,2024,2023-12-31,learned_order_offset,20260910,0.4526436242684473,0.4526436242684473,0,0
state90,3257,2024-06-28,2024-07-08,-0.0108320369203009,2024,2023-12-31,learned_order_offset,20260910,0.5689843527024087,0.5689843527024087,1,0
state90,3262,2024-07-05,2024-07-15,0.0122222871842843,2024,2023-12-31,learned_order_offset,20260910,0.5842448716823806,0.5842448716823806,1,1
state90,3267,2024-07-12,2024-07-22,0.0218881133018156,2024,2023-12-31,learned_order_offset,20260910,0.4936392396364766,0.4936392396364766,0,1
state90,3272,2024-07-19,2024-07-29,-0.0378787022382998,2024,2023-12-31,learned_order_offset,20260910,0.5295267723966676,0.5295267723966676,1,0
state90,3277,2024-07-26,2024-08-05,-0.0124134568216732,2024,2023-12-31,learned_order_offset,20260910,0.534747071252778,0.534747071252778,1,0
state90,3282,2024-08-02,2024-08-12,-0.0102762848330364,2024,2023-12-31,learned_order_offset,20260910,0.5292954801203056,0.5292954801203056,1,0
state90,3287,2024-08-09,2024-08-19,0.0050186923751938,2024,2023-12-31,learned_order_offset,20260910,0.5750745514649787,0.5750745514649787,1,1
state90,3292,2024-08-16,2024-08-26,-0.0040487282687352,2024,2023-12-31,learned_order_offset,20260910,0.39186360794620234,0.39186360794620234,0,0
state90,3297,2024-08-23,2024-09-02,-0.0069594562136714,2024,2023-12-31,learned_order_offset,20260910,0.30043221421652405,0.30043221421652405,0,0
state90,3302,2024-08-30,2024-09-09,-0.0280389655151561,2024,2023-12-31,learned_order_offset,20260910,0.2705414281447007,0.2705414281447007,0,0
state90,3307,2024-09-06,2024-09-18,-0.0174132138857783,2024,2023-12-31,learned_order_offset,20260910,0.2898359177118046,0.2898359177118046,0,0
state90,3312,2024-09-13,2024-09-24,0.0133119329369826,2024,2023-12-31,learned_order_offset,20260910,0.33145087529619405,0.33145087529619405,0,1
state90,3315,2024-09-20,2024-09-30,0.2017513988384409,2024,2023-12-31,learned_order_offset,20260910,0.30890371440648795,0.30890371440648795,0,1
state90,3320,2024-09-27,2024-10-14,0.0178259004588408,2024,2023-12-31,learned_order_offset,20260910,0.5430894109936676,0.5430894109936676,1,1
state90,3325,2024-10-11,2024-10-21,0.0080914993282625,2024,2023-12-31,learned_order_offset,20260910,0.5826381124149342,0.5826381124149342,1,1
state90,3330,2024-10-18,2024-10-28,0.0015733867085561,2024,2023-12-31,learned_order_offset,20260910,0.5719329439518137,0.5719329439518137,1,1
state90,3335,2024-10-25,2024-11-04,-0.0140142824257356,2024,2023-12-31,learned_order_offset,20260910,0.5699230458006388,0.5699230458006388,1,0
state90,3340,2024-11-01,2024-11-11,0.0434152361258277,2024,2023-12-31,learned_order_offset,20260910,0.5943872844245232,0.5943872844245232,1,1
state90,3345,2024-11-08,2024-11-18,-0.0208584853931589,2024,2023-12-31,learned_order_offset,20260910,0.4117587061424781,0.4117587061424781,0,0
state90,3350,2024-11-15,2024-11-25,-0.0267421712161923,2024,2023-12-31,learned_order_offset,20260910,0.39692557218174884,0.39692557218174884,0,0
state90,3355,2024-11-22,2024-12-02,0.0087960346887328,2024,2023-12-31,learned_order_offset,20260910,0.5105432513675927,0.5105432513675927,1,1
state90,3360,2024-11-29,2024-12-09,0.0155919891551781,2024,2023-12-31,learned_order_offset,20260910,0.5431521172921228,0.5431521172921228,1,1
state90,3365,2024-12-06,2024-12-16,-0.0100436703218104,2024,2023-12-31,learned_order_offset,20260910,0.4931973928594116,0.4931973928594116,0,0
state90,3370,2024-12-13,2024-12-23,-0.0006690784017421,2024,2023-12-31,learned_order_offset,20260910,0.4157930804208651,0.4157930804208651,0,0
state90,3375,2024-12-20,2024-12-30,0.0123595076562756,2024,2023-12-31,learned_order_offset,20260910,0.35365572271165413,0.35365572271165413,0,1
state90,3380,2024-12-27,2025-01-06,-0.0504714964669198,2024,2023-12-31,learned_order_offset,20260910,0.3182149884773887,0.3182149884773887,0,0
state90,3144,2024-01-05,2024-01-15,-0.0158038409563566,2024,2023-12-31,native_mse,20260910,0.000251131835275678,,1,0
state90,3149,2024-01-12,2024-01-22,-0.002333261979756,2024,2023-12-31,native_mse,20260910,0.0007362057214049004,,1,0
state90,3154,2024-01-19,2024-01-29,0.0223511633823452,2024,2023-12-31,native_mse,20260910,-0.00023540604600351487,,0,1
state90,3159,2024-01-26,2024-02-05,-0.0513103415192826,2024,2023-12-31,native_mse,20260910,-0.001531436704987099,,0,0
state90,3164,2024-02-02,2024-02-26,0.1015374891364462,2024,2023-12-31,native_mse,20260910,0.004796229141878599,,1,1
state90,3173,2024-02-23,2024-03-04,0.0151569053862528,2024,2023-12-31,native_mse,20260910,0.005981439448417525,,1,1
state90,3178,2024-03-01,2024-03-11,0.0021394031715169,2024,2023-12-31,native_mse,20260910,0.002923079585146593,,1,1
state90,3183,2024-03-08,2024-03-18,0.0087762342284414,2024,2023-12-31,native_mse,20260910,0.004534858645957669,,1,1
state90,3188,2024-03-15,2024-03-25,-0.0112802133595746,2024,2023-12-31,native_mse,20260910,0.004141952477981538,,1,0
state90,3193,2024-03-22,2024-04-01,0.0042044725182444,2024,2023-12-31,native_mse,20260910,0.0018727898596620025,,1,1
state90,3198,2024-03-29,2024-04-15,-0.0219845815102011,2024,2023-12-31,native_mse,20260910,0.0003645787473085561,,1,0
state90,3206,2024-04-12,2024-04-22,0.018045199366633,2024,2023-12-31,native_mse,20260910,-0.00021832918624461518,,0,1
state90,3211,2024-04-19,2024-04-29,0.0136757744232476,2024,2023-12-31,native_mse,20260910,0.0005323002819172812,,1,1
state90,3216,2024-04-26,2024-05-13,0.0172434956786644,2024,2023-12-31,native_mse,20260910,-0.00014728683736751251,,0,1
state90,3223,2024-05-10,2024-05-20,0.0097933549988344,2024,2023-12-31,native_mse,20260910,0.0004133340837300701,,1,1
state90,3228,2024-05-17,2024-05-27,-0.0204803832637164,2024,2023-12-31,native_mse,20260910,0.0036262081384896457,,1,0
state90,3233,2024-05-24,2024-06-03,-0.0081155643048258,2024,2023-12-31,native_mse,20260910,0.0049904247327292855,,1,0
state90,3238,2024-05-31,2024-06-11,-0.0060267570121149,2024,2023-12-31,native_mse,20260910,0.0040244113389711345,,1,0
state90,3243,2024-06-07,2024-06-17,-0.0096686558937179,2024,2023-12-31,native_mse,20260910,0.008609928356971403,,1,0
state90,3247,2024-06-14,2024-06-24,-0.013573992457631,2024,2023-12-31,native_mse,20260910,0.008961501129694911,,1,0
state90,3252,2024-06-21,2024-07-01,-0.004427632109257,2024,2023-12-31,native_mse,20260910,0.0009177608055072099,,1,0
state90,3257,2024-06-28,2024-07-08,-0.0108320369203009,2024,2023-12-31,native_mse,20260910,0.0030020981914033497,,1,0
state90,3262,2024-07-05,2024-07-15,0.0122222871842843,2024,2023-12-31,native_mse,20260910,0.00336049012064386,,1,1
state90,3267,2024-07-12,2024-07-22,0.0218881133018156,2024,2023-12-31,native_mse,20260910,-0.0006421845267103974,,0,1
state90,3272,2024-07-19,2024-07-29,-0.0378787022382998,2024,2023-12-31,native_mse,20260910,0.0004540341648428114,,1,0
state90,3277,2024-07-26,2024-08-05,-0.0124134568216732,2024,2023-12-31,native_mse,20260910,0.0013231998081271626,,1,0
state90,3282,2024-08-02,2024-08-12,-0.0102762848330364,2024,2023-12-31,native_mse,20260910,0.001303372172405589,,1,0
state90,3287,2024-08-09,2024-08-19,0.0050186923751938,2024,2023-12-31,native_mse,20260910,0.00011119162293128984,,1,1
state90,3292,2024-08-16,2024-08-26,-0.0040487282687352,2024,2023-12-31,native_mse,20260910,0.0014903087569155989,,1,0
state90,3297,2024-08-23,2024-09-02,-0.0069594562136714,2024,2023-12-31,native_mse,20260910,-0.0030751570665977007,,0,0
state90,3302,2024-08-30,2024-09-09,-0.0280389655151561,2024,2023-12-31,native_mse,20260910,-0.003508085985855703,,0,0
state90,3307,2024-09-06,2024-09-18,-0.0174132138857783,2024,2023-12-31,native_mse,20260910,-0.0025693655960970898,,0,0
state90,3312,2024-09-13,2024-09-24,0.0133119329369826,2024,2023-12-31,native_mse,20260910,0.00017194356388446877,,1,1
state90,3315,2024-09-20,2024-09-30,0.2017513988384409,2024,2023-12-31,native_mse,20260910,0.0007791555801138394,,1,1
state90,3320,2024-09-27,2024-10-14,0.0178259004588408,2024,2023-12-31,native_mse,20260910,0.0007616530796663938,,1,1
state90,3325,2024-10-11,2024-10-21,0.0080914993282625,2024,2023-12-31,native_mse,20260910,-0.0026429925872939004,,0,1
state90,3330,2024-10-18,2024-10-28,0.0015733867085561,2024,2023-12-31,native_mse,20260910,-0.004083051697418182,,0,1
state90,3335,2024-10-25,2024-11-04,-0.0140142824257356,2024,2023-12-31,native_mse,20260910,-0.003618447449131282,,0,0
state90,3340,2024-11-01,2024-11-11,0.0434152361258277,2024,2023-12-31,native_mse,20260910,-0.0042863223001300965,,0,1
state90,3345,2024-11-08,2024-11-18,-0.0208584853931589,2024,2023-12-31,native_mse,20260910,-0.0028591792362593097,,0,0
state90,3350,2024-11-15,2024-11-25,-0.0267421712161923,2024,2023-12-31,native_mse,20260910,-0.0017028092388012967,,0,0
state90,3355,2024-11-22,2024-12-02,0.0087960346887328,2024,2023-12-31,native_mse,20260910,-0.0009456406767515755,,0,1
state90,3360,2024-11-29,2024-12-09,0.0155919891551781,2024,2023-12-31,native_mse,20260910,-0.0002599534945060551,,0,1
state90,3365,2024-12-06,2024-12-16,-0.0100436703218104,2024,2023-12-31,native_mse,20260910,0.0007542474780432574,,1,0
state90,3370,2024-12-13,2024-12-23,-0.0006690784017421,2024,2023-12-31,native_mse,20260910,-0.0007125951992407705,,0,0
state90,3375,2024-12-20,2024-12-30,0.0123595076562756,2024,2023-12-31,native_mse,20260910,-0.0012475930255920083,,0,1
state90,3380,2024-12-27,2025-01-06,-0.0504714964669198,2024,2023-12-31,native_mse,20260910,-0.00024548952899875387,,0,0
state90,3144,2024-01-05,2024-01-15,-0.0158038409563566,2024,2023-12-31,training_frequency,-1,0.5024834437086093,0.5024834437086093,1,0
state90,3149,2024-01-12,2024-01-22,-0.002333261979756,2024,2023-12-31,training_frequency,-1,0.5024834437086093,0.5024834437086093,1,0
state90,3154,2024-01-19,2024-01-29,0.0223511633823452,2024,2023-12-31,training_frequency,-1,0.5024834437086093,0.5024834437086093,1,1
state90,3159,2024-01-26,2024-02-05,-0.0513103415192826,2024,2023-12-31,training_frequency,-1,0.5024834437086093,0.5024834437086093,1,0
state90,3164,2024-02-02,2024-02-26,0.1015374891364462,2024,2023-12-31,training_frequency,-1,0.5024834437086093,0.5024834437086093,1,1
state90,3173,2024-02-23,2024-03-04,0.0151569053862528,2024,2023-12-31,training_frequency,-1,0.5024834437086093,0.5024834437086093,1,1
state90,3178,2024-03-01,2024-03-11,0.0021394031715169,2024,2023-12-31,training_frequency,-1,0.5024834437086093,0.5024834437086093,1,1
state90,3183,2024-03-08,2024-03-18,0.0087762342284414,2024,2023-12-31,training_frequency,-1,0.5024834437086093,0.5024834437086093,1,1
state90,3188,2024-03-15,2024-03-25,-0.0112802133595746,2024,2023-12-31,training_frequency,-1,0.5024834437086093,0.5024834437086093,1,0
state90,3193,2024-03-22,2024-04-01,0.0042044725182444,2024,2023-12-31,training_frequency,-1,0.5024834437086093,0.5024834437086093,1,1
state90,3198,2024-03-29,2024-04-15,-0.0219845815102011,2024,2023-12-31,training_frequency,-1,0.5024834437086093,0.5024834437086093,1,0
state90,3206,2024-04-12,2024-04-22,0.018045199366633,2024,2023-12-31,training_frequency,-1,0.5024834437086093,0.5024834437086093,1,1
state90,3211,2024-04-19,2024-04-29,0.0136757744232476,2024,2023-12-31,training_frequency,-1,0.5024834437086093,0.5024834437086093,1,1
state90,3216,2024-04-26,2024-05-13,0.0172434956786644,2024,2023-12-31,training_frequency,-1,0.5024834437086093,0.5024834437086093,1,1
state90,3223,2024-05-10,2024-05-20,0.0097933549988344,2024,2023-12-31,training_frequency,-1,0.5024834437086093,0.5024834437086093,1,1
state90,3228,2024-05-17,2024-05-27,-0.0204803832637164,2024,2023-12-31,training_frequency,-1,0.5024834437086093,0.5024834437086093,1,0
state90,3233,2024-05-24,2024-06-03,-0.0081155643048258,2024,2023-12-31,training_frequency,-1,0.5024834437086093,0.5024834437086093,1,0
state90,3238,2024-05-31,2024-06-11,-0.0060267570121149,2024,2023-12-31,training_frequency,-1,0.5024834437086093,0.5024834437086093,1,0
state90,3243,2024-06-07,2024-06-17,-0.0096686558937179,2024,2023-12-31,training_frequency,-1,0.5024834437086093,0.5024834437086093,1,0
state90,3247,2024-06-14,2024-06-24,-0.013573992457631,2024,2023-12-31,training_frequency,-1,0.5024834437086093,0.5024834437086093,1,0
state90,3252,2024-06-21,2024-07-01,-0.004427632109257,2024,2023-12-31,training_frequency,-1,0.5024834437086093,0.5024834437086093,1,0
state90,3257,2024-06-28,2024-07-08,-0.0108320369203009,2024,2023-12-31,training_frequency,-1,0.5024834437086093,0.5024834437086093,1,0
state90,3262,2024-07-05,2024-07-15,0.0122222871842843,2024,2023-12-31,training_frequency,-1,0.5024834437086093,0.5024834437086093,1,1
state90,3267,2024-07-12,2024-07-22,0.0218881133018156,2024,2023-12-31,training_frequency,-1,0.5024834437086093,0.5024834437086093,1,1
state90,3272,2024-07-19,2024-07-29,-0.0378787022382998,2024,2023-12-31,training_frequency,-1,0.5024834437086093,0.5024834437086093,1,0
state90,3277,2024-07-26,2024-08-05,-0.0124134568216732,2024,2023-12-31,training_frequency,-1,0.5024834437086093,0.5024834437086093,1,0
state90,3282,2024-08-02,2024-08-12,-0.0102762848330364,2024,2023-12-31,training_frequency,-1,0.5024834437086093,0.5024834437086093,1,0
state90,3287,2024-08-09,2024-08-19,0.0050186923751938,2024,2023-12-31,training_frequency,-1,0.5024834437086093,0.5024834437086093,1,1
state90,3292,2024-08-16,2024-08-26,-0.0040487282687352,2024,2023-12-31,training_frequency,-1,0.5024834437086093,0.5024834437086093,1,0
state90,3297,2024-08-23,2024-09-02,-0.0069594562136714,2024,2023-12-31,training_frequency,-1,0.5024834437086093,0.5024834437086093,1,0
state90,3302,2024-08-30,2024-09-09,-0.0280389655151561,2024,2023-12-31,training_frequency,-1,0.5024834437086093,0.5024834437086093,1,0
state90,3307,2024-09-06,2024-09-18,-0.0174132138857783,2024,2023-12-31,training_frequency,-1,0.5024834437086093,0.5024834437086093,1,0
state90,3312,2024-09-13,2024-09-24,0.0133119329369826,2024,2023-12-31,training_frequency,-1,0.5024834437086093,0.5024834437086093,1,1
state90,3315,2024-09-20,2024-09-30,0.2017513988384409,2024,2023-12-31,training_frequency,-1,0.5024834437086093,0.5024834437086093,1,1
state90,3320,2024-09-27,2024-10-14,0.0178259004588408,2024,2023-12-31,training_frequency,-1,0.5024834437086093,0.5024834437086093,1,1
state90,3325,2024-10-11,2024-10-21,0.0080914993282625,2024,2023-12-31,training_frequency,-1,0.5024834437086093,0.5024834437086093,1,1
state90,3330,2024-10-18,2024-10-28,0.0015733867085561,2024,2023-12-31,training_frequency,-1,0.5024834437086093,0.5024834437086093,1,1
state90,3335,2024-10-25,2024-11-04,-0.0140142824257356,2024,2023-12-31,training_frequency,-1,0.5024834437086093,0.5024834437086093,1,0
state90,3340,2024-11-01,2024-11-11,0.0434152361258277,2024,2023-12-31,training_frequency,-1,0.5024834437086093,0.5024834437086093,1,1
state90,3345,2024-11-08,2024-11-18,-0.0208584853931589,2024,2023-12-31,training_frequency,-1,0.5024834437086093,0.5024834437086093,1,0
state90,3350,2024-11-15,2024-11-25,-0.0267421712161923,2024,2023-12-31,training_frequency,-1,0.5024834437086093,0.5024834437086093,1,0
state90,3355,2024-11-22,2024-12-02,0.0087960346887328,2024,2023-12-31,training_frequency,-1,0.5024834437086093,0.5024834437086093,1,1
state90,3360,2024-11-29,2024-12-09,0.0155919891551781,2024,2023-12-31,training_frequency,-1,0.5024834437086093,0.5024834437086093,1,1
state90,3365,2024-12-06,2024-12-16,-0.0100436703218104,2024,2023-12-31,training_frequency,-1,0.5024834437086093,0.5024834437086093,1,0
state90,3370,2024-12-13,2024-12-23,-0.0006690784017421,2024,2023-12-31,training_frequency,-1,0.5024834437086093,0.5024834437086093,1,0
state90,3375,2024-12-20,2024-12-30,0.0123595076562756,2024,2023-12-31,training_frequency,-1,0.5024834437086093,0.5024834437086093,1,1
state90,3380,2024-12-27,2025-01-06,-0.0504714964669198,2024,2023-12-31,training_frequency,-1,0.5024834437086093,0.5024834437086093,1,0
state90,3144,2024-01-05,2024-01-15,-0.0158038409563566,2024,2023-12-31,learned_market,20260911,0.5054381986976906,0.5054381986976906,1,0
state90,3149,2024-01-12,2024-01-22,-0.002333261979756,2024,2023-12-31,learned_market,20260911,0.5344404908323787,0.5344404908323787,1,0
state90,3154,2024-01-19,2024-01-29,0.0223511633823452,2024,2023-12-31,learned_market,20260911,0.6056082203678326,0.6056082203678326,1,1
state90,3159,2024-01-26,2024-02-05,-0.0513103415192826,2024,2023-12-31,learned_market,20260911,0.536236284491504,0.536236284491504,1,0
state90,3164,2024-02-02,2024-02-26,0.1015374891364462,2024,2023-12-31,learned_market,20260911,0.5342416496354764,0.5342416496354764,1,1
state90,3173,2024-02-23,2024-03-04,0.0151569053862528,2024,2023-12-31,learned_market,20260911,0.636064859077555,0.636064859077555,1,1
state90,3178,2024-03-01,2024-03-11,0.0021394031715169,2024,2023-12-31,learned_market,20260911,0.5744958412225454,0.5744958412225454,1,1
state90,3183,2024-03-08,2024-03-18,0.0087762342284414,2024,2023-12-31,learned_market,20260911,0.6235376359173743,0.6235376359173743,1,1
state90,3188,2024-03-15,2024-03-25,-0.0112802133595746,2024,2023-12-31,learned_market,20260911,0.5250838960153138,0.5250838960153138,1,0
state90,3193,2024-03-22,2024-04-01,0.0042044725182444,2024,2023-12-31,learned_market,20260911,0.5710939352608271,0.5710939352608271,1,1
state90,3198,2024-03-29,2024-04-15,-0.0219845815102011,2024,2023-12-31,learned_market,20260911,0.3834197760468657,0.3834197760468657,0,0
state90,3206,2024-04-12,2024-04-22,0.018045199366633,2024,2023-12-31,learned_market,20260911,0.4010137779932345,0.4010137779932345,0,1
state90,3211,2024-04-19,2024-04-29,0.0136757744232476,2024,2023-12-31,learned_market,20260911,0.6881239388416772,0.6881239388416772,1,1
state90,3216,2024-04-26,2024-05-13,0.0172434956786644,2024,2023-12-31,learned_market,20260911,0.7017626392504613,0.7017626392504613,1,1
state90,3223,2024-05-10,2024-05-20,0.0097933549988344,2024,2023-12-31,learned_market,20260911,0.34643372246634235,0.34643372246634235,0,1
state90,3228,2024-05-17,2024-05-27,-0.0204803832637164,2024,2023-12-31,learned_market,20260911,0.4431227189539159,0.4431227189539159,0,0
state90,3233,2024-05-24,2024-06-03,-0.0081155643048258,2024,2023-12-31,learned_market,20260911,0.37604335071722716,0.37604335071722716,0,0
state90,3238,2024-05-31,2024-06-11,-0.0060267570121149,2024,2023-12-31,learned_market,20260911,0.4623695985721365,0.4623695985721365,0,0
state90,3243,2024-06-07,2024-06-17,-0.0096686558937179,2024,2023-12-31,learned_market,20260911,0.4582644121723416,0.4582644121723416,0,0
state90,3247,2024-06-14,2024-06-24,-0.013573992457631,2024,2023-12-31,learned_market,20260911,0.547653314525006,0.547653314525006,1,0
state90,3252,2024-06-21,2024-07-01,-0.004427632109257,2024,2023-12-31,learned_market,20260911,0.47189161681005365,0.47189161681005365,0,0
state90,3257,2024-06-28,2024-07-08,-0.0108320369203009,2024,2023-12-31,learned_market,20260911,0.5123469688343429,0.5123469688343429,1,0
state90,3262,2024-07-05,2024-07-15,0.0122222871842843,2024,2023-12-31,learned_market,20260911,0.45126286241747676,0.45126286241747676,0,1
state90,3267,2024-07-12,2024-07-22,0.0218881133018156,2024,2023-12-31,learned_market,20260911,0.5332769498693494,0.5332769498693494,1,1
state90,3272,2024-07-19,2024-07-29,-0.0378787022382998,2024,2023-12-31,learned_market,20260911,0.40748796116344355,0.40748796116344355,0,0
state90,3277,2024-07-26,2024-08-05,-0.0124134568216732,2024,2023-12-31,learned_market,20260911,0.478355530473102,0.478355530473102,0,0
state90,3282,2024-08-02,2024-08-12,-0.0102762848330364,2024,2023-12-31,learned_market,20260911,0.3834188816798506,0.3834188816798506,0,0
state90,3287,2024-08-09,2024-08-19,0.0050186923751938,2024,2023-12-31,learned_market,20260911,0.42469973553977347,0.42469973553977347,0,1
state90,3292,2024-08-16,2024-08-26,-0.0040487282687352,2024,2023-12-31,learned_market,20260911,0.29687018071515625,0.29687018071515625,0,0
state90,3297,2024-08-23,2024-09-02,-0.0069594562136714,2024,2023-12-31,learned_market,20260911,0.34723831026140495,0.34723831026140495,0,0
state90,3302,2024-08-30,2024-09-09,-0.0280389655151561,2024,2023-12-31,learned_market,20260911,0.338131357699674,0.338131357699674,0,0
state90,3307,2024-09-06,2024-09-18,-0.0174132138857783,2024,2023-12-31,learned_market,20260911,0.3981701161949381,0.3981701161949381,0,0
state90,3312,2024-09-13,2024-09-24,0.0133119329369826,2024,2023-12-31,learned_market,20260911,0.4602703023881774,0.4602703023881774,0,1
state90,3315,2024-09-20,2024-09-30,0.2017513988384409,2024,2023-12-31,learned_market,20260911,0.48844687615774224,0.48844687615774224,0,1
state90,3320,2024-09-27,2024-10-14,0.0178259004588408,2024,2023-12-31,learned_market,20260911,0.6935862325010999,0.6935862325010999,1,1
state90,3325,2024-10-11,2024-10-21,0.0080914993282625,2024,2023-12-31,learned_market,20260911,0.7037035552786773,0.7037035552786773,1,1
state90,3330,2024-10-18,2024-10-28,0.0015733867085561,2024,2023-12-31,learned_market,20260911,0.6276974127279125,0.6276974127279125,1,1
state90,3335,2024-10-25,2024-11-04,-0.0140142824257356,2024,2023-12-31,learned_market,20260911,0.45809633325380006,0.45809633325380006,0,0
state90,3340,2024-11-01,2024-11-11,0.0434152361258277,2024,2023-12-31,learned_market,20260911,0.4000970572378428,0.4000970572378428,0,1
state90,3345,2024-11-08,2024-11-18,-0.0208584853931589,2024,2023-12-31,learned_market,20260911,0.40593736915879713,0.40593736915879713,0,0
state90,3350,2024-11-15,2024-11-25,-0.0267421712161923,2024,2023-12-31,learned_market,20260911,0.455730074665633,0.455730074665633,0,0
state90,3355,2024-11-22,2024-12-02,0.0087960346887328,2024,2023-12-31,learned_market,20260911,0.3896395612224614,0.3896395612224614,0,1
state90,3360,2024-11-29,2024-12-09,0.0155919891551781,2024,2023-12-31,learned_market,20260911,0.5648004239815676,0.5648004239815676,1,1
state90,3365,2024-12-06,2024-12-16,-0.0100436703218104,2024,2023-12-31,learned_market,20260911,0.4339892041348209,0.4339892041348209,0,0
state90,3370,2024-12-13,2024-12-23,-0.0006690784017421,2024,2023-12-31,learned_market,20260911,0.31485157623264104,0.31485157623264104,0,0
state90,3375,2024-12-20,2024-12-30,0.0123595076562756,2024,2023-12-31,learned_market,20260911,0.30917200008354345,0.30917200008354345,0,1
state90,3380,2024-12-27,2025-01-06,-0.0504714964669198,2024,2023-12-31,learned_market,20260911,0.5719698356929027,0.5719698356929027,1,0
state90,3144,2024-01-05,2024-01-15,-0.0158038409563566,2024,2023-12-31,learned_vol_interaction,20260911,0.5055907048902185,0.5055907048902185,1,0
state90,3149,2024-01-12,2024-01-22,-0.002333261979756,2024,2023-12-31,learned_vol_interaction,20260911,0.5345697430715253,0.5345697430715253,1,0
state90,3154,2024-01-19,2024-01-29,0.0223511633823452,2024,2023-12-31,learned_vol_interaction,20260911,0.6057144516952688,0.6057144516952688,1,1
state90,3159,2024-01-26,2024-02-05,-0.0513103415192826,2024,2023-12-31,learned_vol_interaction,20260911,0.5360497014286747,0.5360497014286747,1,0
state90,3164,2024-02-02,2024-02-26,0.1015374891364462,2024,2023-12-31,learned_vol_interaction,20260911,0.5340699292580867,0.5340699292580867,1,1
state90,3173,2024-02-23,2024-03-04,0.0151569053862528,2024,2023-12-31,learned_vol_interaction,20260911,0.635598842460853,0.635598842460853,1,1
state90,3178,2024-03-01,2024-03-11,0.0021394031715169,2024,2023-12-31,learned_vol_interaction,20260911,0.5740233508322927,0.5740233508322927,1,1
state90,3183,2024-03-08,2024-03-18,0.0087762342284414,2024,2023-12-31,learned_vol_interaction,20260911,0.6228491427098055,0.6228491427098055,1,1
state90,3188,2024-03-15,2024-03-25,-0.0112802133595746,2024,2023-12-31,learned_vol_interaction,20260911,0.5244855050624243,0.5244855050624243,1,0
state90,3193,2024-03-22,2024-04-01,0.0042044725182444,2024,2023-12-31,learned_vol_interaction,20260911,0.5705279783235351,0.5705279783235351,1,1
state90,3198,2024-03-29,2024-04-15,-0.0219845815102011,2024,2023-12-31,learned_vol_interaction,20260911,0.38271605688876176,0.38271605688876176,0,0
state90,3206,2024-04-12,2024-04-22,0.018045199366633,2024,2023-12-31,learned_vol_interaction,20260911,0.4005671244257861,0.4005671244257861,0,1
state90,3211,2024-04-19,2024-04-29,0.0136757744232476,2024,2023-12-31,learned_vol_interaction,20260911,0.6887193746097363,0.6887193746097363,1,1
state90,3216,2024-04-26,2024-05-13,0.0172434956786644,2024,2023-12-31,learned_vol_interaction,20260911,0.7022970676469774,0.7022970676469774,1,1
state90,3223,2024-05-10,2024-05-20,0.0097933549988344,2024,2023-12-31,learned_vol_interaction,20260911,0.3455594321474703,0.3455594321474703,0,1
state90,3228,2024-05-17,2024-05-27,-0.0204803832637164,2024,2023-12-31,learned_vol_interaction,20260911,0.44349832999365935,0.44349832999365935,0,0
state90,3233,2024-05-24,2024-06-03,-0.0081155643048258,2024,2023-12-31,learned_vol_interaction,20260911,0.37584176621168797,0.37584176621168797,0,0
state90,3238,2024-05-31,2024-06-11,-0.0060267570121149,2024,2023-12-31,learned_vol_interaction,20260911,0.462679170258509,0.462679170258509,0,0
state90,3243,2024-06-07,2024-06-17,-0.0096686558937179,2024,2023-12-31,learned_vol_interaction,20260911,0.45791502581125104,0.45791502581125104,0,0
state90,3247,2024-06-14,2024-06-24,-0.013573992457631,2024,2023-12-31,learned_vol_interaction,20260911,0.5487064397258339,0.5487064397258339,1,0
state90,3252,2024-06-21,2024-07-01,-0.004427632109257,2024,2023-12-31,learned_vol_interaction,20260911,0.4727875387503036,0.4727875387503036,0,0
state90,3257,2024-06-28,2024-07-08,-0.0108320369203009,2024,2023-12-31,learned_vol_interaction,20260911,0.5132044653177142,0.5132044653177142,1,0
state90,3262,2024-07-05,2024-07-15,0.0122222871842843,2024,2023-12-31,learned_vol_interaction,20260911,0.4522611437941403,0.4522611437941403,0,1
state90,3267,2024-07-12,2024-07-22,0.0218881133018156,2024,2023-12-31,learned_vol_interaction,20260911,0.534956256393257,0.534956256393257,1,1
state90,3272,2024-07-19,2024-07-29,-0.0378787022382998,2024,2023-12-31,learned_vol_interaction,20260911,0.40803032188098237,0.40803032188098237,0,0
state90,3277,2024-07-26,2024-08-05,-0.0124134568216732,2024,2023-12-31,learned_vol_interaction,20260911,0.47904891822544815,0.47904891822544815,0,0
state90,3282,2024-08-02,2024-08-12,-0.0102762848330364,2024,2023-12-31,learned_vol_interaction,20260911,0.3835304997712279,0.3835304997712279,0,0
state90,3287,2024-08-09,2024-08-19,0.0050186923751938,2024,2023-12-31,learned_vol_interaction,20260911,0.4241805247030577,0.4241805247030577,0,1
state90,3292,2024-08-16,2024-08-26,-0.0040487282687352,2024,2023-12-31,learned_vol_interaction,20260911,0.2956504689782993,0.2956504689782993,0,0
state90,3297,2024-08-23,2024-09-02,-0.0069594562136714,2024,2023-12-31,learned_vol_interaction,20260911,0.3460155814509531,0.3460155814509531,0,0
state90,3302,2024-08-30,2024-09-09,-0.0280389655151561,2024,2023-12-31,learned_vol_interaction,20260911,0.33759368552448255,0.33759368552448255,0,0
state90,3307,2024-09-06,2024-09-18,-0.0174132138857783,2024,2023-12-31,learned_vol_interaction,20260911,0.397975241873378,0.397975241873378,0,0
state90,3312,2024-09-13,2024-09-24,0.0133119329369826,2024,2023-12-31,learned_vol_interaction,20260911,0.461342267631887,0.461342267631887,0,1
state90,3315,2024-09-20,2024-09-30,0.2017513988384409,2024,2023-12-31,learned_vol_interaction,20260911,0.4886156386697026,0.4886156386697026,0,1
state90,3320,2024-09-27,2024-10-14,0.0178259004588408,2024,2023-12-31,learned_vol_interaction,20260911,0.6918366307791042,0.6918366307791042,1,1
state90,3325,2024-10-11,2024-10-21,0.0080914993282625,2024,2023-12-31,learned_vol_interaction,20260911,0.7018703597644868,0.7018703597644868,1,1
state90,3330,2024-10-18,2024-10-28,0.0015733867085561,2024,2023-12-31,learned_vol_interaction,20260911,0.6274387204351971,0.6274387204351971,1,1
state90,3335,2024-10-25,2024-11-04,-0.0140142824257356,2024,2023-12-31,learned_vol_interaction,20260911,0.4612473434817257,0.4612473434817257,0,0
state90,3340,2024-11-01,2024-11-11,0.0434152361258277,2024,2023-12-31,learned_vol_interaction,20260911,0.40396264616491484,0.40396264616491484,0,1
state90,3345,2024-11-08,2024-11-18,-0.0208584853931589,2024,2023-12-31,learned_vol_interaction,20260911,0.4058838104038455,0.4058838104038455,0,0
state90,3350,2024-11-15,2024-11-25,-0.0267421712161923,2024,2023-12-31,learned_vol_interaction,20260911,0.4556461044457154,0.4556461044457154,0,0
state90,3355,2024-11-22,2024-12-02,0.0087960346887328,2024,2023-12-31,learned_vol_interaction,20260911,0.3897555680643098,0.3897555680643098,0,1
state90,3360,2024-11-29,2024-12-09,0.0155919891551781,2024,2023-12-31,learned_vol_interaction,20260911,0.5639943448578677,0.5639943448578677,1,1
state90,3365,2024-12-06,2024-12-16,-0.0100436703218104,2024,2023-12-31,learned_vol_interaction,20260911,0.43406190636390596,0.43406190636390596,0,0
state90,3370,2024-12-13,2024-12-23,-0.0006690784017421,2024,2023-12-31,learned_vol_interaction,20260911,0.31406271260453134,0.31406271260453134,0,0
state90,3375,2024-12-20,2024-12-30,0.0123595076562756,2024,2023-12-31,learned_vol_interaction,20260911,0.3085226494455729,0.3085226494455729,0,1
state90,3380,2024-12-27,2025-01-06,-0.0504714964669198,2024,2023-12-31,learned_vol_interaction,20260911,0.5726178987535363,0.5726178987535363,1,0
state90,3144,2024-01-05,2024-01-15,-0.0158038409563566,2024,2023-12-31,learned_order_extension,20260911,0.5046246382575834,0.5046246382575834,1,0
state90,3149,2024-01-12,2024-01-22,-0.002333261979756,2024,2023-12-31,learned_order_extension,20260911,0.5273727883107168,0.5273727883107168,1,0
state90,3154,2024-01-19,2024-01-29,0.0223511633823452,2024,2023-12-31,learned_order_extension,20260911,0.6361976645125996,0.6361976645125996,1,1
state90,3159,2024-01-26,2024-02-05,-0.0513103415192826,2024,2023-12-31,learned_order_extension,20260911,0.5444608640891567,0.5444608640891567,1,0
state90,3164,2024-02-02,2024-02-26,0.1015374891364462,2024,2023-12-31,learned_order_extension,20260911,0.545031438848448,0.545031438848448,1,1
state90,3173,2024-02-23,2024-03-04,0.0151569053862528,2024,2023-12-31,learned_order_extension,20260911,0.6125199424254827,0.6125199424254827,1,1
state90,3178,2024-03-01,2024-03-11,0.0021394031715169,2024,2023-12-31,learned_order_extension,20260911,0.5496769035930799,0.5496769035930799,1,1
state90,3183,2024-03-08,2024-03-18,0.0087762342284414,2024,2023-12-31,learned_order_extension,20260911,0.5653384521782018,0.5653384521782018,1,1
state90,3188,2024-03-15,2024-03-25,-0.0112802133595746,2024,2023-12-31,learned_order_extension,20260911,0.4741066250462846,0.4741066250462846,0,0
state90,3193,2024-03-22,2024-04-01,0.0042044725182444,2024,2023-12-31,learned_order_extension,20260911,0.5034201205076809,0.5034201205076809,1,1
state90,3198,2024-03-29,2024-04-15,-0.0219845815102011,2024,2023-12-31,learned_order_extension,20260911,0.3647496103237538,0.3647496103237538,0,0
state90,3206,2024-04-12,2024-04-22,0.018045199366633,2024,2023-12-31,learned_order_extension,20260911,0.3866844940005672,0.3866844940005672,0,1
state90,3211,2024-04-19,2024-04-29,0.0136757744232476,2024,2023-12-31,learned_order_extension,20260911,0.5343459488053159,0.5343459488053159,1,1
state90,3216,2024-04-26,2024-05-13,0.0172434956786644,2024,2023-12-31,learned_order_extension,20260911,0.513240014593565,0.513240014593565,1,1
state90,3223,2024-05-10,2024-05-20,0.0097933549988344,2024,2023-12-31,learned_order_extension,20260911,0.3965400007837658,0.3965400007837658,0,1
state90,3228,2024-05-17,2024-05-27,-0.0204803832637164,2024,2023-12-31,learned_order_extension,20260911,0.45967482999568354,0.45967482999568354,0,0
state90,3233,2024-05-24,2024-06-03,-0.0081155643048258,2024,2023-12-31,learned_order_extension,20260911,0.4103835614322711,0.4103835614322711,0,0
state90,3238,2024-05-31,2024-06-11,-0.0060267570121149,2024,2023-12-31,learned_order_extension,20260911,0.483584132532498,0.483584132532498,0,0
state90,3243,2024-06-07,2024-06-17,-0.0096686558937179,2024,2023-12-31,learned_order_extension,20260911,0.4576789647131029,0.4576789647131029,0,0
state90,3247,2024-06-14,2024-06-24,-0.013573992457631,2024,2023-12-31,learned_order_extension,20260911,0.5515041025200125,0.5515041025200125,1,0
state90,3252,2024-06-21,2024-07-01,-0.004427632109257,2024,2023-12-31,learned_order_extension,20260911,0.4894889896317385,0.4894889896317385,0,0
state90,3257,2024-06-28,2024-07-08,-0.0108320369203009,2024,2023-12-31,learned_order_extension,20260911,0.5121801875037945,0.5121801875037945,1,0
state90,3262,2024-07-05,2024-07-15,0.0122222871842843,2024,2023-12-31,learned_order_extension,20260911,0.45115521138622566,0.45115521138622566,0,1
state90,3267,2024-07-12,2024-07-22,0.0218881133018156,2024,2023-12-31,learned_order_extension,20260911,0.5531026546000134,0.5531026546000134,1,1
state90,3272,2024-07-19,2024-07-29,-0.0378787022382998,2024,2023-12-31,learned_order_extension,20260911,0.43829998086615624,0.43829998086615624,0,0
state90,3277,2024-07-26,2024-08-05,-0.0124134568216732,2024,2023-12-31,learned_order_extension,20260911,0.5141057686767685,0.5141057686767685,1,0
state90,3282,2024-08-02,2024-08-12,-0.0102762848330364,2024,2023-12-31,learned_order_extension,20260911,0.41788195157055885,0.41788195157055885,0,0
state90,3287,2024-08-09,2024-08-19,0.0050186923751938,2024,2023-12-31,learned_order_extension,20260911,0.461166338855283,0.461166338855283,0,1
state90,3292,2024-08-16,2024-08-26,-0.0040487282687352,2024,2023-12-31,learned_order_extension,20260911,0.3524150315340549,0.3524150315340549,0,0
state90,3297,2024-08-23,2024-09-02,-0.0069594562136714,2024,2023-12-31,learned_order_extension,20260911,0.3805014561152239,0.3805014561152239,0,0
state90,3302,2024-08-30,2024-09-09,-0.0280389655151561,2024,2023-12-31,learned_order_extension,20260911,0.3769790143868762,0.3769790143868762,0,0
state90,3307,2024-09-06,2024-09-18,-0.0174132138857783,2024,2023-12-31,learned_order_extension,20260911,0.4377655525059009,0.4377655525059009,0,0
state90,3312,2024-09-13,2024-09-24,0.0133119329369826,2024,2023-12-31,learned_order_extension,20260911,0.47634533351149555,0.47634533351149555,0,1
state90,3315,2024-09-20,2024-09-30,0.2017513988384409,2024,2023-12-31,learned_order_extension,20260911,0.4741196298736314,0.4741196298736314,0,1
state90,3320,2024-09-27,2024-10-14,0.0178259004588408,2024,2023-12-31,learned_order_extension,20260911,0.6045687657277363,0.6045687657277363,1,1
state90,3325,2024-10-11,2024-10-21,0.0080914993282625,2024,2023-12-31,learned_order_extension,20260911,0.6645766250551,0.6645766250551,1,1
state90,3330,2024-10-18,2024-10-28,0.0015733867085561,2024,2023-12-31,learned_order_extension,20260911,0.6217401283532429,0.6217401283532429,1,1
state90,3335,2024-10-25,2024-11-04,-0.0140142824257356,2024,2023-12-31,learned_order_extension,20260911,0.516035023904667,0.516035023904667,1,0
state90,3340,2024-11-01,2024-11-11,0.0434152361258277,2024,2023-12-31,learned_order_extension,20260911,0.5005097124804287,0.5005097124804287,1,1
state90,3345,2024-11-08,2024-11-18,-0.0208584853931589,2024,2023-12-31,learned_order_extension,20260911,0.3862789521746162,0.3862789521746162,0,0
state90,3350,2024-11-15,2024-11-25,-0.0267421712161923,2024,2023-12-31,learned_order_extension,20260911,0.42164042720008793,0.42164042720008793,0,0
state90,3355,2024-11-22,2024-12-02,0.0087960346887328,2024,2023-12-31,learned_order_extension,20260911,0.3587358053522859,0.3587358053522859,0,1
state90,3360,2024-11-29,2024-12-09,0.0155919891551781,2024,2023-12-31,learned_order_extension,20260911,0.5668511595937642,0.5668511595937642,1,1
state90,3365,2024-12-06,2024-12-16,-0.0100436703218104,2024,2023-12-31,learned_order_extension,20260911,0.4286991101928549,0.4286991101928549,0,0
state90,3370,2024-12-13,2024-12-23,-0.0006690784017421,2024,2023-12-31,learned_order_extension,20260911,0.2761154663058125,0.2761154663058125,0,0
state90,3375,2024-12-20,2024-12-30,0.0123595076562756,2024,2023-12-31,learned_order_extension,20260911,0.2681467130129062,0.2681467130129062,0,1
state90,3380,2024-12-27,2025-01-06,-0.0504714964669198,2024,2023-12-31,learned_order_extension,20260911,0.6253462942157451,0.6253462942157451,1,0
state90,3144,2024-01-05,2024-01-15,-0.0158038409563566,2024,2023-12-31,learned_order_offset,20260911,0.5039028855862143,0.5039028855862143,1,0
state90,3149,2024-01-12,2024-01-22,-0.002333261979756,2024,2023-12-31,learned_order_offset,20260911,0.5267036688758374,0.5267036688758374,1,0
state90,3154,2024-01-19,2024-01-29,0.0223511633823452,2024,2023-12-31,learned_order_offset,20260911,0.6349472157761124,0.6349472157761124,1,1
state90,3159,2024-01-26,2024-02-05,-0.0513103415192826,2024,2023-12-31,learned_order_offset,20260911,0.5443793909861219,0.5443793909861219,1,0
state90,3164,2024-02-02,2024-02-26,0.1015374891364462,2024,2023-12-31,learned_order_offset,20260911,0.5451794882867483,0.5451794882867483,1,1
state90,3173,2024-02-23,2024-03-04,0.0151569053862528,2024,2023-12-31,learned_order_offset,20260911,0.6109679669122872,0.6109679669122872,1,1
state90,3178,2024-03-01,2024-03-11,0.0021394031715169,2024,2023-12-31,learned_order_offset,20260911,0.5481247094966736,0.5481247094966736,1,1
state90,3183,2024-03-08,2024-03-18,0.0087762342284414,2024,2023-12-31,learned_order_offset,20260911,0.5633395909983205,0.5633395909983205,1,1
state90,3188,2024-03-15,2024-03-25,-0.0112802133595746,2024,2023-12-31,learned_order_offset,20260911,0.47094256842793375,0.47094256842793375,0,0
state90,3193,2024-03-22,2024-04-01,0.0042044725182444,2024,2023-12-31,learned_order_offset,20260911,0.4995363819528175,0.4995363819528175,0,1
state90,3198,2024-03-29,2024-04-15,-0.0219845815102011,2024,2023-12-31,learned_order_offset,20260911,0.3626011592845029,0.3626011592845029,0,0
state90,3206,2024-04-12,2024-04-22,0.018045199366633,2024,2023-12-31,learned_order_offset,20260911,0.38475750018966987,0.38475750018966987,0,1
state90,3211,2024-04-19,2024-04-29,0.0136757744232476,2024,2023-12-31,learned_order_offset,20260911,0.5305043269791333,0.5305043269791333,1,1
state90,3216,2024-04-26,2024-05-13,0.0172434956786644,2024,2023-12-31,learned_order_offset,20260911,0.5107638404545624,0.5107638404545624,1,1
state90,3223,2024-05-10,2024-05-20,0.0097933549988344,2024,2023-12-31,learned_order_offset,20260911,0.3967922716976589,0.3967922716976589,0,1
state90,3228,2024-05-17,2024-05-27,-0.0204803832637164,2024,2023-12-31,learned_order_offset,20260911,0.459025127987619,0.459025127987619,0,0
state90,3233,2024-05-24,2024-06-03,-0.0081155643048258,2024,2023-12-31,learned_order_offset,20260911,0.40953378651570865,0.40953378651570865,0,0
state90,3238,2024-05-31,2024-06-11,-0.0060267570121149,2024,2023-12-31,learned_order_offset,20260911,0.48223477976059065,0.48223477976059065,0,0
state90,3243,2024-06-07,2024-06-17,-0.0096686558937179,2024,2023-12-31,learned_order_offset,20260911,0.456270009415854,0.456270009415854,0,0
state90,3247,2024-06-14,2024-06-24,-0.013573992457631,2024,2023-12-31,learned_order_offset,20260911,0.5504043507355747,0.5504043507355747,1,0
state90,3252,2024-06-21,2024-07-01,-0.004427632109257,2024,2023-12-31,learned_order_offset,20260911,0.48936496243955907,0.48936496243955907,0,0
state90,3257,2024-06-28,2024-07-08,-0.0108320369203009,2024,2023-12-31,learned_order_offset,20260911,0.51219411188397,0.51219411188397,1,0
state90,3262,2024-07-05,2024-07-15,0.0122222871842843,2024,2023-12-31,learned_order_offset,20260911,0.4508497655906378,0.4508497655906378,0,1
state90,3267,2024-07-12,2024-07-22,0.0218881133018156,2024,2023-12-31,learned_order_offset,20260911,0.5509513713756881,0.5509513713756881,1,1
state90,3272,2024-07-19,2024-07-29,-0.0378787022382998,2024,2023-12-31,learned_order_offset,20260911,0.4378580673825642,0.4378580673825642,0,0
state90,3277,2024-07-26,2024-08-05,-0.0124134568216732,2024,2023-12-31,learned_order_offset,20260911,0.5143054270726866,0.5143054270726866,1,0
state90,3282,2024-08-02,2024-08-12,-0.0102762848330364,2024,2023-12-31,learned_order_offset,20260911,0.4187543205474362,0.4187543205474362,0,0
state90,3287,2024-08-09,2024-08-19,0.0050186923751938,2024,2023-12-31,learned_order_offset,20260911,0.46274794534702096,0.46274794534702096,0,1
state90,3292,2024-08-16,2024-08-26,-0.0040487282687352,2024,2023-12-31,learned_order_offset,20260911,0.35619445584136267,0.35619445584136267,0,0
state90,3297,2024-08-23,2024-09-02,-0.0069594562136714,2024,2023-12-31,learned_order_offset,20260911,0.3834802143774693,0.3834802143774693,0,0
state90,3302,2024-08-30,2024-09-09,-0.0280389655151561,2024,2023-12-31,learned_order_offset,20260911,0.37959140825702087,0.37959140825702087,0,0
state90,3307,2024-09-06,2024-09-18,-0.0174132138857783,2024,2023-12-31,learned_order_offset,20260911,0.4399785205661903,0.4399785205661903,0,0
state90,3312,2024-09-13,2024-09-24,0.0133119329369826,2024,2023-12-31,learned_order_offset,20260911,0.4763444943146473,0.4763444943146473,0,1
state90,3315,2024-09-20,2024-09-30,0.2017513988384409,2024,2023-12-31,learned_order_offset,20260911,0.47380763133966547,0.47380763133966547,0,1
state90,3320,2024-09-27,2024-10-14,0.0178259004588408,2024,2023-12-31,learned_order_offset,20260911,0.6050544676220191,0.6050544676220191,1,1
state90,3325,2024-10-11,2024-10-21,0.0080914993282625,2024,2023-12-31,learned_order_offset,20260911,0.6643779049639545,0.6643779049639545,1,1
state90,3330,2024-10-18,2024-10-28,0.0015733867085561,2024,2023-12-31,learned_order_offset,20260911,0.6227872251882844,0.6227872251882844,1,1
state90,3335,2024-10-25,2024-11-04,-0.0140142824257356,2024,2023-12-31,learned_order_offset,20260911,0.5165538018073565,0.5165538018073565,1,0
state90,3340,2024-11-01,2024-11-11,0.0434152361258277,2024,2023-12-31,learned_order_offset,20260911,0.5002268984226751,0.5002268984226751,1,1
state90,3345,2024-11-08,2024-11-18,-0.0208584853931589,2024,2023-12-31,learned_order_offset,20260911,0.3875660008845143,0.3875660008845143,0,0
state90,3350,2024-11-15,2024-11-25,-0.0267421712161923,2024,2023-12-31,learned_order_offset,20260911,0.42067738369660546,0.42067738369660546,0,0
state90,3355,2024-11-22,2024-12-02,0.0087960346887328,2024,2023-12-31,learned_order_offset,20260911,0.359617784320977,0.359617784320977,0,1
state90,3360,2024-11-29,2024-12-09,0.0155919891551781,2024,2023-12-31,learned_order_offset,20260911,0.5668993585118391,0.5668993585118391,1,1
state90,3365,2024-12-06,2024-12-16,-0.0100436703218104,2024,2023-12-31,learned_order_offset,20260911,0.4285689114501956,0.4285689114501956,0,0
state90,3370,2024-12-13,2024-12-23,-0.0006690784017421,2024,2023-12-31,learned_order_offset,20260911,0.277133608311407,0.277133608311407,0,0
state90,3375,2024-12-20,2024-12-30,0.0123595076562756,2024,2023-12-31,learned_order_offset,20260911,0.26960863109736993,0.26960863109736993,0,1
state90,3380,2024-12-27,2025-01-06,-0.0504714964669198,2024,2023-12-31,learned_order_offset,20260911,0.6241226842198904,0.6241226842198904,1,0
state90,3144,2024-01-05,2024-01-15,-0.0158038409563566,2024,2023-12-31,native_mse,20260911,0.006524465736805172,,1,0
state90,3149,2024-01-12,2024-01-22,-0.002333261979756,2024,2023-12-31,native_mse,20260911,0.008213225375018137,,1,0
state90,3154,2024-01-19,2024-01-29,0.0223511633823452,2024,2023-12-31,native_mse,20260911,0.009988969845384454,,1,1
state90,3159,2024-01-26,2024-02-05,-0.0513103415192826,2024,2023-12-31,native_mse,20260911,0.007709942184731473,,1,0
state90,3164,2024-02-02,2024-02-26,0.1015374891364462,2024,2023-12-31,native_mse,20260911,0.006449485928463916,,1,1
state90,3173,2024-02-23,2024-03-04,0.0151569053862528,2024,2023-12-31,native_mse,20260911,0.010256530380527457,,1,1
state90,3178,2024-03-01,2024-03-11,0.0021394031715169,2024,2023-12-31,native_mse,20260911,0.00705766649461919,,1,1
state90,3183,2024-03-08,2024-03-18,0.0087762342284414,2024,2023-12-31,native_mse,20260911,0.008632918878357794,,1,1
state90,3188,2024-03-15,2024-03-25,-0.0112802133595746,2024,2023-12-31,native_mse,20260911,0.004101422624994645,,1,0
state90,3193,2024-03-22,2024-04-01,0.0042044725182444,2024,2023-12-31,native_mse,20260911,0.0049895841353934664,,1,1
state90,3198,2024-03-29,2024-04-15,-0.0219845815102011,2024,2023-12-31,native_mse,20260911,0.0016010611409444046,,1,0
state90,3206,2024-04-12,2024-04-22,0.018045199366633,2024,2023-12-31,native_mse,20260911,0.001857502186560773,,1,1
state90,3211,2024-04-19,2024-04-29,0.0136757744232476,2024,2023-12-31,native_mse,20260911,0.009651811290201222,,1,1
state90,3216,2024-04-26,2024-05-13,0.0172434956786644,2024,2023-12-31,native_mse,20260911,0.005960111287081512,,1,1
state90,3223,2024-05-10,2024-05-20,0.0097933549988344,2024,2023-12-31,native_mse,20260911,-0.004933376296222066,,0,1
state90,3228,2024-05-17,2024-05-27,-0.0204803832637164,2024,2023-12-31,native_mse,20260911,-0.003099362011607103,,0,0
state90,3233,2024-05-24,2024-06-03,-0.0081155643048258,2024,2023-12-31,native_mse,20260911,-0.0038744398417857777,,0,0
state90,3238,2024-05-31,2024-06-11,-0.0060267570121149,2024,2023-12-31,native_mse,20260911,-0.0020292253039693184,,0,0
state90,3243,2024-06-07,2024-06-17,-0.0096686558937179,2024,2023-12-31,native_mse,20260911,5.7354393489387904e-05,,1,0
state90,3247,2024-06-14,2024-06-24,-0.013573992457631,2024,2023-12-31,native_mse,20260911,0.0016373878025280563,,1,0
state90,3252,2024-06-21,2024-07-01,-0.004427632109257,2024,2023-12-31,native_mse,20260911,0.0027588932782398315,,1,0
state90,3257,2024-06-28,2024-07-08,-0.0108320369203009,2024,2023-12-31,native_mse,20260911,0.0032470747873102144,,1,0
state90,3262,2024-07-05,2024-07-15,0.0122222871842843,2024,2023-12-31,native_mse,20260911,0.002652089101692747,,1,1
state90,3267,2024-07-12,2024-07-22,0.0218881133018156,2024,2023-12-31,native_mse,20260911,0.004450330503533944,,1,1
state90,3272,2024-07-19,2024-07-29,-0.0378787022382998,2024,2023-12-31,native_mse,20260911,-0.0012744559041647184,,0,0
state90,3277,2024-07-26,2024-08-05,-0.0124134568216732,2024,2023-12-31,native_mse,20260911,-0.001291795834448832,,0,0
state90,3282,2024-08-02,2024-08-12,-0.0102762848330364,2024,2023-12-31,native_mse,20260911,-0.002458562952290899,,0,0
state90,3287,2024-08-09,2024-08-19,0.0050186923751938,2024,2023-12-31,native_mse,20260911,-0.0009352769264030156,,0,1
state90,3292,2024-08-16,2024-08-26,-0.0040487282687352,2024,2023-12-31,native_mse,20260911,-0.0034014636043486098,,0,0
state90,3297,2024-08-23,2024-09-02,-0.0069594562136714,2024,2023-12-31,native_mse,20260911,-0.0018665564124188876,,0,0
state90,3302,2024-08-30,2024-09-09,-0.0280389655151561,2024,2023-12-31,native_mse,20260911,2.766314850337684e-05,,1,0
state90,3307,2024-09-06,2024-09-18,-0.0174132138857783,2024,2023-12-31,native_mse,20260911,0.0015093996928045017,,1,0
state90,3312,2024-09-13,2024-09-24,0.0133119329369826,2024,2023-12-31,native_mse,20260911,0.005047902673988417,,1,1
state90,3315,2024-09-20,2024-09-30,0.2017513988384409,2024,2023-12-31,native_mse,20260911,0.006841795120835749,,1,1
state90,3320,2024-09-27,2024-10-14,0.0178259004588408,2024,2023-12-31,native_mse,20260911,0.011643607701046107,,1,1
state90,3325,2024-10-11,2024-10-21,0.0080914993282625,2024,2023-12-31,native_mse,20260911,0.006958055096152153,,1,1
state90,3330,2024-10-18,2024-10-28,0.0015733867085561,2024,2023-12-31,native_mse,20260911,0.0035488889473533555,,1,1
state90,3335,2024-10-25,2024-11-04,-0.0140142824257356,2024,2023-12-31,native_mse,20260911,-0.004087166652715301,,0,0
state90,3340,2024-11-01,2024-11-11,0.0434152361258277,2024,2023-12-31,native_mse,20260911,-0.008879815780234165,,0,1
state90,3345,2024-11-08,2024-11-18,-0.0208584853931589,2024,2023-12-31,native_mse,20260911,-0.0016665405141504353,,0,0
state90,3350,2024-11-15,2024-11-25,-0.0267421712161923,2024,2023-12-31,native_mse,20260911,-0.0014397200836903515,,0,0
state90,3355,2024-11-22,2024-12-02,0.0087960346887328,2024,2023-12-31,native_mse,20260911,-0.00394305191034785,,0,1
state90,3360,2024-11-29,2024-12-09,0.0155919891551781,2024,2023-12-31,native_mse,20260911,-0.003787046789689023,,0,1
state90,3365,2024-12-06,2024-12-16,-0.0100436703218104,2024,2023-12-31,native_mse,20260911,-0.0013163950781598383,,0,0
state90,3370,2024-12-13,2024-12-23,-0.0006690784017421,2024,2023-12-31,native_mse,20260911,-0.007731413237017607,,0,0
state90,3375,2024-12-20,2024-12-30,0.0123595076562756,2024,2023-12-31,native_mse,20260911,-0.005503589541502588,,0,1
state90,3380,2024-12-27,2025-01-06,-0.0504714964669198,2024,2023-12-31,native_mse,20260911,0.006049137218951889,,1,0
state90,3144,2024-01-05,2024-01-15,-0.0158038409563566,2024,2023-12-31,learned_market,20260912,0.5011992069392154,0.5011992069392154,1,0
state90,3149,2024-01-12,2024-01-22,-0.002333261979756,2024,2023-12-31,learned_market,20260912,0.47277699760132935,0.47277699760132935,0,0
state90,3154,2024-01-19,2024-01-29,0.0223511633823452,2024,2023-12-31,learned_market,20260912,0.4519385169732587,0.4519385169732587,0,1
state90,3159,2024-01-26,2024-02-05,-0.0513103415192826,2024,2023-12-31,learned_market,20260912,0.5136187590656476,0.5136187590656476,1,0
state90,3164,2024-02-02,2024-02-26,0.1015374891364462,2024,2023-12-31,learned_market,20260912,0.5626550395617658,0.5626550395617658,1,1
state90,3173,2024-02-23,2024-03-04,0.0151569053862528,2024,2023-12-31,learned_market,20260912,0.4999534810647158,0.4999534810647158,0,1
state90,3178,2024-03-01,2024-03-11,0.0021394031715169,2024,2023-12-31,learned_market,20260912,0.5749313458355619,0.5749313458355619,1,1
state90,3183,2024-03-08,2024-03-18,0.0087762342284414,2024,2023-12-31,learned_market,20260912,0.5879570158742811,0.5879570158742811,1,1
state90,3188,2024-03-15,2024-03-25,-0.0112802133595746,2024,2023-12-31,learned_market,20260912,0.48185973058558346,0.48185973058558346,0,0
state90,3193,2024-03-22,2024-04-01,0.0042044725182444,2024,2023-12-31,learned_market,20260912,0.5819259306110321,0.5819259306110321,1,1
state90,3198,2024-03-29,2024-04-15,-0.0219845815102011,2024,2023-12-31,learned_market,20260912,0.5513216063045803,0.5513216063045803,1,0
state90,3206,2024-04-12,2024-04-22,0.018045199366633,2024,2023-12-31,learned_market,20260912,0.5884547036684491,0.5884547036684491,1,1
state90,3211,2024-04-19,2024-04-29,0.0136757744232476,2024,2023-12-31,learned_market,20260912,0.6010925671138769,0.6010925671138769,1,1
state90,3216,2024-04-26,2024-05-13,0.0172434956786644,2024,2023-12-31,learned_market,20260912,0.44046614548943686,0.44046614548943686,0,1
state90,3223,2024-05-10,2024-05-20,0.0097933549988344,2024,2023-12-31,learned_market,20260912,0.26259823398744064,0.26259823398744064,0,1
state90,3228,2024-05-17,2024-05-27,-0.0204803832637164,2024,2023-12-31,learned_market,20260912,0.25562213134474004,0.25562213134474004,0,0
state90,3233,2024-05-24,2024-06-03,-0.0081155643048258,2024,2023-12-31,learned_market,20260912,0.29490360620746897,0.29490360620746897,0,0
state90,3238,2024-05-31,2024-06-11,-0.0060267570121149,2024,2023-12-31,learned_market,20260912,0.3110520233043453,0.3110520233043453,0,0
state90,3243,2024-06-07,2024-06-17,-0.0096686558937179,2024,2023-12-31,learned_market,20260912,0.3842886357568022,0.3842886357568022,0,0
state90,3247,2024-06-14,2024-06-24,-0.013573992457631,2024,2023-12-31,learned_market,20260912,0.4060511684917983,0.4060511684917983,0,0
state90,3252,2024-06-21,2024-07-01,-0.004427632109257,2024,2023-12-31,learned_market,20260912,0.44936005072663476,0.44936005072663476,0,0
state90,3257,2024-06-28,2024-07-08,-0.0108320369203009,2024,2023-12-31,learned_market,20260912,0.43297494254632307,0.43297494254632307,0,0
state90,3262,2024-07-05,2024-07-15,0.0122222871842843,2024,2023-12-31,learned_market,20260912,0.6034793238713074,0.6034793238713074,1,1
state90,3267,2024-07-12,2024-07-22,0.0218881133018156,2024,2023-12-31,learned_market,20260912,0.5610794385801106,0.5610794385801106,1,1
state90,3272,2024-07-19,2024-07-29,-0.0378787022382998,2024,2023-12-31,learned_market,20260912,0.47508444844981573,0.47508444844981573,0,0
state90,3277,2024-07-26,2024-08-05,-0.0124134568216732,2024,2023-12-31,learned_market,20260912,0.6067866221715498,0.6067866221715498,1,0
state90,3282,2024-08-02,2024-08-12,-0.0102762848330364,2024,2023-12-31,learned_market,20260912,0.5988840805331399,0.5988840805331399,1,0
state90,3287,2024-08-09,2024-08-19,0.0050186923751938,2024,2023-12-31,learned_market,20260912,0.49990964765168316,0.49990964765168316,0,1
state90,3292,2024-08-16,2024-08-26,-0.0040487282687352,2024,2023-12-31,learned_market,20260912,0.386114932843502,0.386114932843502,0,0
state90,3297,2024-08-23,2024-09-02,-0.0069594562136714,2024,2023-12-31,learned_market,20260912,0.29793160550776904,0.29793160550776904,0,0
state90,3302,2024-08-30,2024-09-09,-0.0280389655151561,2024,2023-12-31,learned_market,20260912,0.3333966760605091,0.3333966760605091,0,0
state90,3307,2024-09-06,2024-09-18,-0.0174132138857783,2024,2023-12-31,learned_market,20260912,0.4055616172512009,0.4055616172512009,0,0
state90,3312,2024-09-13,2024-09-24,0.0133119329369826,2024,2023-12-31,learned_market,20260912,0.38664422840881285,0.38664422840881285,0,1
state90,3315,2024-09-20,2024-09-30,0.2017513988384409,2024,2023-12-31,learned_market,20260912,0.4117180714207147,0.4117180714207147,0,1
state90,3320,2024-09-27,2024-10-14,0.0178259004588408,2024,2023-12-31,learned_market,20260912,0.42243022170956096,0.42243022170956096,0,1
state90,3325,2024-10-11,2024-10-21,0.0080914993282625,2024,2023-12-31,learned_market,20260912,0.6391238419546599,0.6391238419546599,1,1
state90,3330,2024-10-18,2024-10-28,0.0015733867085561,2024,2023-12-31,learned_market,20260912,0.7479133612500116,0.7479133612500116,1,1
state90,3335,2024-10-25,2024-11-04,-0.0140142824257356,2024,2023-12-31,learned_market,20260912,0.7047213785907145,0.7047213785907145,1,0
state90,3340,2024-11-01,2024-11-11,0.0434152361258277,2024,2023-12-31,learned_market,20260912,0.7564382143782475,0.7564382143782475,1,1
state90,3345,2024-11-08,2024-11-18,-0.0208584853931589,2024,2023-12-31,learned_market,20260912,0.6534693612294474,0.6534693612294474,1,0
state90,3350,2024-11-15,2024-11-25,-0.0267421712161923,2024,2023-12-31,learned_market,20260912,0.6053975436260323,0.6053975436260323,1,0
state90,3355,2024-11-22,2024-12-02,0.0087960346887328,2024,2023-12-31,learned_market,20260912,0.6365936876664182,0.6365936876664182,1,1
state90,3360,2024-11-29,2024-12-09,0.0155919891551781,2024,2023-12-31,learned_market,20260912,0.5579955410836633,0.5579955410836633,1,1
state90,3365,2024-12-06,2024-12-16,-0.0100436703218104,2024,2023-12-31,learned_market,20260912,0.541404145848568,0.541404145848568,1,0
state90,3370,2024-12-13,2024-12-23,-0.0006690784017421,2024,2023-12-31,learned_market,20260912,0.39882455300182545,0.39882455300182545,0,0
state90,3375,2024-12-20,2024-12-30,0.0123595076562756,2024,2023-12-31,learned_market,20260912,0.3151494536061462,0.3151494536061462,0,1
state90,3380,2024-12-27,2025-01-06,-0.0504714964669198,2024,2023-12-31,learned_market,20260912,0.28110990925447626,0.28110990925447626,0,0
state90,3144,2024-01-05,2024-01-15,-0.0158038409563566,2024,2023-12-31,learned_vol_interaction,20260912,0.4952442890139834,0.4952442890139834,0,0
state90,3149,2024-01-12,2024-01-22,-0.002333261979756,2024,2023-12-31,learned_vol_interaction,20260912,0.46734394081550534,0.46734394081550534,0,0
state90,3154,2024-01-19,2024-01-29,0.0223511633823452,2024,2023-12-31,learned_vol_interaction,20260912,0.4458542659590224,0.4458542659590224,0,1
state90,3159,2024-01-26,2024-02-05,-0.0513103415192826,2024,2023-12-31,learned_vol_interaction,20260912,0.5051200250772759,0.5051200250772759,1,0
state90,3164,2024-02-02,2024-02-26,0.1015374891364462,2024,2023-12-31,learned_vol_interaction,20260912,0.5544379606615297,0.5544379606615297,1,1
state90,3173,2024-02-23,2024-03-04,0.0151569053862528,2024,2023-12-31,learned_vol_interaction,20260912,0.4830624305901862,0.4830624305901862,0,1
state90,3178,2024-03-01,2024-03-11,0.0021394031715169,2024,2023-12-31,learned_vol_interaction,20260912,0.5592748903954966,0.5592748903954966,1,1
state90,3183,2024-03-08,2024-03-18,0.0087762342284414,2024,2023-12-31,learned_vol_interaction,20260912,0.5740363843191351,0.5740363843191351,1,1
state90,3188,2024-03-15,2024-03-25,-0.0112802133595746,2024,2023-12-31,learned_vol_interaction,20260912,0.4809004633653104,0.4809004633653104,0,0
state90,3193,2024-03-22,2024-04-01,0.0042044725182444,2024,2023-12-31,learned_vol_interaction,20260912,0.5933081539859947,0.5933081539859947,1,1
state90,3198,2024-03-29,2024-04-15,-0.0219845815102011,2024,2023-12-31,learned_vol_interaction,20260912,0.5653073701837698,0.5653073701837698,1,0
state90,3206,2024-04-12,2024-04-22,0.018045199366633,2024,2023-12-31,learned_vol_interaction,20260912,0.6033137229015121,0.6033137229015121,1,1
state90,3211,2024-04-19,2024-04-29,0.0136757744232476,2024,2023-12-31,learned_vol_interaction,20260912,0.6013392386798665,0.6013392386798665,1,1
state90,3216,2024-04-26,2024-05-13,0.0172434956786644,2024,2023-12-31,learned_vol_interaction,20260912,0.43642493305163865,0.43642493305163865,0,1
state90,3223,2024-05-10,2024-05-20,0.0097933549988344,2024,2023-12-31,learned_vol_interaction,20260912,0.26616465038111153,0.26616465038111153,0,1
state90,3228,2024-05-17,2024-05-27,-0.0204803832637164,2024,2023-12-31,learned_vol_interaction,20260912,0.2488786215709529,0.2488786215709529,0,0
state90,3233,2024-05-24,2024-06-03,-0.0081155643048258,2024,2023-12-31,learned_vol_interaction,20260912,0.28744477926146755,0.28744477926146755,0,0
state90,3238,2024-05-31,2024-06-11,-0.0060267570121149,2024,2023-12-31,learned_vol_interaction,20260912,0.3030632705456588,0.3030632705456588,0,0
state90,3243,2024-06-07,2024-06-17,-0.0096686558937179,2024,2023-12-31,learned_vol_interaction,20260912,0.3753543443366508,0.3753543443366508,0,0
state90,3247,2024-06-14,2024-06-24,-0.013573992457631,2024,2023-12-31,learned_vol_interaction,20260912,0.397914021804278,0.397914021804278,0,0
state90,3252,2024-06-21,2024-07-01,-0.004427632109257,2024,2023-12-31,learned_vol_interaction,20260912,0.45060839168891526,0.45060839168891526,0,0
state90,3257,2024-06-28,2024-07-08,-0.0108320369203009,2024,2023-12-31,learned_vol_interaction,20260912,0.42556707786565773,0.42556707786565773,0,0
state90,3262,2024-07-05,2024-07-15,0.0122222871842843,2024,2023-12-31,learned_vol_interaction,20260912,0.6195668960408595,0.6195668960408595,1,1
state90,3267,2024-07-12,2024-07-22,0.0218881133018156,2024,2023-12-31,learned_vol_interaction,20260912,0.5647279382660869,0.5647279382660869,1,1
state90,3272,2024-07-19,2024-07-29,-0.0378787022382998,2024,2023-12-31,learned_vol_interaction,20260912,0.4675814127015745,0.4675814127015745,0,0
state90,3277,2024-07-26,2024-08-05,-0.0124134568216732,2024,2023-12-31,learned_vol_interaction,20260912,0.6123160507995845,0.6123160507995845,1,0
state90,3282,2024-08-02,2024-08-12,-0.0102762848330364,2024,2023-12-31,learned_vol_interaction,20260912,0.5993027434239192,0.5993027434239192,1,0
state90,3287,2024-08-09,2024-08-19,0.0050186923751938,2024,2023-12-31,learned_vol_interaction,20260912,0.49286935350004685,0.49286935350004685,0,1
state90,3292,2024-08-16,2024-08-26,-0.0040487282687352,2024,2023-12-31,learned_vol_interaction,20260912,0.37415507577043683,0.37415507577043683,0,0
state90,3297,2024-08-23,2024-09-02,-0.0069594562136714,2024,2023-12-31,learned_vol_interaction,20260912,0.2775486555086619,0.2775486555086619,0,0
state90,3302,2024-08-30,2024-09-09,-0.0280389655151561,2024,2023-12-31,learned_vol_interaction,20260912,0.3043107501623469,0.3043107501623469,0,0
state90,3307,2024-09-06,2024-09-18,-0.0174132138857783,2024,2023-12-31,learned_vol_interaction,20260912,0.391111048873372,0.391111048873372,0,0
state90,3312,2024-09-13,2024-09-24,0.0133119329369826,2024,2023-12-31,learned_vol_interaction,20260912,0.36688921505206057,0.36688921505206057,0,1
state90,3315,2024-09-20,2024-09-30,0.2017513988384409,2024,2023-12-31,learned_vol_interaction,20260912,0.3927215894593369,0.3927215894593369,0,1
state90,3320,2024-09-27,2024-10-14,0.0178259004588408,2024,2023-12-31,learned_vol_interaction,20260912,0.4442843434187072,0.4442843434187072,0,1
state90,3325,2024-10-11,2024-10-21,0.0080914993282625,2024,2023-12-31,learned_vol_interaction,20260912,0.6154592441744525,0.6154592441744525,1,1
state90,3330,2024-10-18,2024-10-28,0.0015733867085561,2024,2023-12-31,learned_vol_interaction,20260912,0.6984112732542341,0.6984112732542341,1,1
state90,3335,2024-10-25,2024-11-04,-0.0140142824257356,2024,2023-12-31,learned_vol_interaction,20260912,0.6614014700577392,0.6614014700577392,1,0
state90,3340,2024-11-01,2024-11-11,0.0434152361258277,2024,2023-12-31,learned_vol_interaction,20260912,0.6960317071765945,0.6960317071765945,1,1
state90,3345,2024-11-08,2024-11-18,-0.0208584853931589,2024,2023-12-31,learned_vol_interaction,20260912,0.627992228455405,0.627992228455405,1,0
state90,3350,2024-11-15,2024-11-25,-0.0267421712161923,2024,2023-12-31,learned_vol_interaction,20260912,0.600402896142829,0.600402896142829,1,0
state90,3355,2024-11-22,2024-12-02,0.0087960346887328,2024,2023-12-31,learned_vol_interaction,20260912,0.6257055825822537,0.6257055825822537,1,1
state90,3360,2024-11-29,2024-12-09,0.0155919891551781,2024,2023-12-31,learned_vol_interaction,20260912,0.5403979506938085,0.5403979506938085,1,1
state90,3365,2024-12-06,2024-12-16,-0.0100436703218104,2024,2023-12-31,learned_vol_interaction,20260912,0.5359614220710596,0.5359614220710596,1,0
state90,3370,2024-12-13,2024-12-23,-0.0006690784017421,2024,2023-12-31,learned_vol_interaction,20260912,0.4004266447398538,0.4004266447398538,0,0
state90,3375,2024-12-20,2024-12-30,0.0123595076562756,2024,2023-12-31,learned_vol_interaction,20260912,0.3173047617142704,0.3173047617142704,0,1
state90,3380,2024-12-27,2025-01-06,-0.0504714964669198,2024,2023-12-31,learned_vol_interaction,20260912,0.27582764169478674,0.27582764169478674,0,0
state90,3144,2024-01-05,2024-01-15,-0.0158038409563566,2024,2023-12-31,learned_order_extension,20260912,0.5535119994762409,0.5535119994762409,1,0
state90,3149,2024-01-12,2024-01-22,-0.002333261979756,2024,2023-12-31,learned_order_extension,20260912,0.48736548091739423,0.48736548091739423,0,0
state90,3154,2024-01-19,2024-01-29,0.0223511633823452,2024,2023-12-31,learned_order_extension,20260912,0.4215435053964147,0.4215435053964147,0,1
state90,3159,2024-01-26,2024-02-05,-0.0513103415192826,2024,2023-12-31,learned_order_extension,20260912,0.48649269504735876,0.48649269504735876,0,0
state90,3164,2024-02-02,2024-02-26,0.1015374891364462,2024,2023-12-31,learned_order_extension,20260912,0.5496050819275686,0.5496050819275686,1,1
state90,3173,2024-02-23,2024-03-04,0.0151569053862528,2024,2023-12-31,learned_order_extension,20260912,0.4386082807089806,0.4386082807089806,0,1
state90,3178,2024-03-01,2024-03-11,0.0021394031715169,2024,2023-12-31,learned_order_extension,20260912,0.46924981751922445,0.46924981751922445,0,1
state90,3183,2024-03-08,2024-03-18,0.0087762342284414,2024,2023-12-31,learned_order_extension,20260912,0.4701956287186797,0.4701956287186797,0,1
state90,3188,2024-03-15,2024-03-25,-0.0112802133595746,2024,2023-12-31,learned_order_extension,20260912,0.41374971985365583,0.41374971985365583,0,0
state90,3193,2024-03-22,2024-04-01,0.0042044725182444,2024,2023-12-31,learned_order_extension,20260912,0.4779698312307604,0.4779698312307604,0,1
state90,3198,2024-03-29,2024-04-15,-0.0219845815102011,2024,2023-12-31,learned_order_extension,20260912,0.47494867441409877,0.47494867441409877,0,0
state90,3206,2024-04-12,2024-04-22,0.018045199366633,2024,2023-12-31,learned_order_extension,20260912,0.4521631675666491,0.4521631675666491,0,1
state90,3211,2024-04-19,2024-04-29,0.0136757744232476,2024,2023-12-31,learned_order_extension,20260912,0.46878386183965415,0.46878386183965415,0,1
state90,3216,2024-04-26,2024-05-13,0.0172434956786644,2024,2023-12-31,learned_order_extension,20260912,0.43436499150897173,0.43436499150897173,0,1
state90,3223,2024-05-10,2024-05-20,0.0097933549988344,2024,2023-12-31,learned_order_extension,20260912,0.38174358105162726,0.38174358105162726,0,1
state90,3228,2024-05-17,2024-05-27,-0.0204803832637164,2024,2023-12-31,learned_order_extension,20260912,0.35464216087181455,0.35464216087181455,0,0
state90,3233,2024-05-24,2024-06-03,-0.0081155643048258,2024,2023-12-31,learned_order_extension,20260912,0.3707564745857874,0.3707564745857874,0,0
state90,3238,2024-05-31,2024-06-11,-0.0060267570121149,2024,2023-12-31,learned_order_extension,20260912,0.3486366599267159,0.3486366599267159,0,0
state90,3243,2024-06-07,2024-06-17,-0.0096686558937179,2024,2023-12-31,learned_order_extension,20260912,0.40347652723788147,0.40347652723788147,0,0
state90,3247,2024-06-14,2024-06-24,-0.013573992457631,2024,2023-12-31,learned_order_extension,20260912,0.4129717305667233,0.4129717305667233,0,0
state90,3252,2024-06-21,2024-07-01,-0.004427632109257,2024,2023-12-31,learned_order_extension,20260912,0.4595021392734005,0.4595021392734005,0,0
state90,3257,2024-06-28,2024-07-08,-0.0108320369203009,2024,2023-12-31,learned_order_extension,20260912,0.4553896778333283,0.4553896778333283,0,0
state90,3262,2024-07-05,2024-07-15,0.0122222871842843,2024,2023-12-31,learned_order_extension,20260912,0.6482583591356186,0.6482583591356186,1,1
state90,3267,2024-07-12,2024-07-22,0.0218881133018156,2024,2023-12-31,learned_order_extension,20260912,0.5768939392068954,0.5768939392068954,1,1
state90,3272,2024-07-19,2024-07-29,-0.0378787022382998,2024,2023-12-31,learned_order_extension,20260912,0.5138214723605654,0.5138214723605654,1,0
state90,3277,2024-07-26,2024-08-05,-0.0124134568216732,2024,2023-12-31,learned_order_extension,20260912,0.6251892673443031,0.6251892673443031,1,0
state90,3282,2024-08-02,2024-08-12,-0.0102762848330364,2024,2023-12-31,learned_order_extension,20260912,0.6275315784950272,0.6275315784950272,1,0
state90,3287,2024-08-09,2024-08-19,0.0050186923751938,2024,2023-12-31,learned_order_extension,20260912,0.5359642347219611,0.5359642347219611,1,1
state90,3292,2024-08-16,2024-08-26,-0.0040487282687352,2024,2023-12-31,learned_order_extension,20260912,0.42012358052309684,0.42012358052309684,0,0
state90,3297,2024-08-23,2024-09-02,-0.0069594562136714,2024,2023-12-31,learned_order_extension,20260912,0.382715542188067,0.382715542188067,0,0
state90,3302,2024-08-30,2024-09-09,-0.0280389655151561,2024,2023-12-31,learned_order_extension,20260912,0.4020856235184914,0.4020856235184914,0,0
state90,3307,2024-09-06,2024-09-18,-0.0174132138857783,2024,2023-12-31,learned_order_extension,20260912,0.4515132387885508,0.4515132387885508,0,0
state90,3312,2024-09-13,2024-09-24,0.0133119329369826,2024,2023-12-31,learned_order_extension,20260912,0.41574811043305754,0.41574811043305754,0,1
state90,3315,2024-09-20,2024-09-30,0.2017513988384409,2024,2023-12-31,learned_order_extension,20260912,0.4804948585987177,0.4804948585987177,0,1
state90,3320,2024-09-27,2024-10-14,0.0178259004588408,2024,2023-12-31,learned_order_extension,20260912,0.576228156163883,0.576228156163883,1,1
state90,3325,2024-10-11,2024-10-21,0.0080914993282625,2024,2023-12-31,learned_order_extension,20260912,0.5860467122529138,0.5860467122529138,1,1
state90,3330,2024-10-18,2024-10-28,0.0015733867085561,2024,2023-12-31,learned_order_extension,20260912,0.612479916640697,0.612479916640697,1,1
state90,3335,2024-10-25,2024-11-04,-0.0140142824257356,2024,2023-12-31,learned_order_extension,20260912,0.5803945500365179,0.5803945500365179,1,0
state90,3340,2024-11-01,2024-11-11,0.0434152361258277,2024,2023-12-31,learned_order_extension,20260912,0.5735861212793831,0.5735861212793831,1,1
state90,3345,2024-11-08,2024-11-18,-0.0208584853931589,2024,2023-12-31,learned_order_extension,20260912,0.5817441245707554,0.5817441245707554,1,0
state90,3350,2024-11-15,2024-11-25,-0.0267421712161923,2024,2023-12-31,learned_order_extension,20260912,0.566996458597694,0.566996458597694,1,0
state90,3355,2024-11-22,2024-12-02,0.0087960346887328,2024,2023-12-31,learned_order_extension,20260912,0.6308649379708478,0.6308649379708478,1,1
state90,3360,2024-11-29,2024-12-09,0.0155919891551781,2024,2023-12-31,learned_order_extension,20260912,0.5481166154807285,0.5481166154807285,1,1
state90,3365,2024-12-06,2024-12-16,-0.0100436703218104,2024,2023-12-31,learned_order_extension,20260912,0.5160872470925407,0.5160872470925407,1,0
state90,3370,2024-12-13,2024-12-23,-0.0006690784017421,2024,2023-12-31,learned_order_extension,20260912,0.3979505994458215,0.3979505994458215,0,0
state90,3375,2024-12-20,2024-12-30,0.0123595076562756,2024,2023-12-31,learned_order_extension,20260912,0.2883934543425278,0.2883934543425278,0,1
state90,3380,2024-12-27,2025-01-06,-0.0504714964669198,2024,2023-12-31,learned_order_extension,20260912,0.2139925614407288,0.2139925614407288,0,0
state90,3144,2024-01-05,2024-01-15,-0.0158038409563566,2024,2023-12-31,learned_order_offset,20260912,0.555524023910941,0.555524023910941,1,0
state90,3149,2024-01-12,2024-01-22,-0.002333261979756,2024,2023-12-31,learned_order_offset,20260912,0.4886344435127239,0.4886344435127239,0,0
state90,3154,2024-01-19,2024-01-29,0.0223511633823452,2024,2023-12-31,learned_order_offset,20260912,0.4229445653552536,0.4229445653552536,0,1
state90,3159,2024-01-26,2024-02-05,-0.0513103415192826,2024,2023-12-31,learned_order_offset,20260912,0.4868819752675603,0.4868819752675603,0,0
state90,3164,2024-02-02,2024-02-26,0.1015374891364462,2024,2023-12-31,learned_order_offset,20260912,0.5512261346233363,0.5512261346233363,1,1
state90,3173,2024-02-23,2024-03-04,0.0151569053862528,2024,2023-12-31,learned_order_offset,20260912,0.4383060233141652,0.4383060233141652,0,1
state90,3178,2024-03-01,2024-03-11,0.0021394031715169,2024,2023-12-31,learned_order_offset,20260912,0.4671863792327489,0.4671863792327489,0,1
state90,3183,2024-03-08,2024-03-18,0.0087762342284414,2024,2023-12-31,learned_order_offset,20260912,0.4682690873666851,0.4682690873666851,0,1
state90,3188,2024-03-15,2024-03-25,-0.0112802133595746,2024,2023-12-31,learned_order_offset,20260912,0.410883959095752,0.410883959095752,0,0
state90,3193,2024-03-22,2024-04-01,0.0042044725182444,2024,2023-12-31,learned_order_offset,20260912,0.4736922823747903,0.4736922823747903,0,1
state90,3198,2024-03-29,2024-04-15,-0.0219845815102011,2024,2023-12-31,learned_order_offset,20260912,0.4721761686206615,0.4721761686206615,0,0
state90,3206,2024-04-12,2024-04-22,0.018045199366633,2024,2023-12-31,learned_order_offset,20260912,0.44900290436109536,0.44900290436109536,0,1
state90,3211,2024-04-19,2024-04-29,0.0136757744232476,2024,2023-12-31,learned_order_offset,20260912,0.4666007685534335,0.4666007685534335,0,1
state90,3216,2024-04-26,2024-05-13,0.0172434956786644,2024,2023-12-31,learned_order_offset,20260912,0.4343770329705723,0.4343770329705723,0,1
state90,3223,2024-05-10,2024-05-20,0.0097933549988344,2024,2023-12-31,learned_order_offset,20260912,0.3824496760888333,0.3824496760888333,0,1
state90,3228,2024-05-17,2024-05-27,-0.0204803832637164,2024,2023-12-31,learned_order_offset,20260912,0.35711137240492025,0.35711137240492025,0,0
state90,3233,2024-05-24,2024-06-03,-0.0081155643048258,2024,2023-12-31,learned_order_offset,20260912,0.3737645520851825,0.3737645520851825,0,0
state90,3238,2024-05-31,2024-06-11,-0.0060267570121149,2024,2023-12-31,learned_order_offset,20260912,0.3510285369082652,0.3510285369082652,0,0
state90,3243,2024-06-07,2024-06-17,-0.0096686558937179,2024,2023-12-31,learned_order_offset,20260912,0.4052492624281903,0.4052492624281903,0,0
state90,3247,2024-06-14,2024-06-24,-0.013573992457631,2024,2023-12-31,learned_order_offset,20260912,0.41450780904711865,0.41450780904711865,0,0
state90,3252,2024-06-21,2024-07-01,-0.004427632109257,2024,2023-12-31,learned_order_offset,20260912,0.46004587730144675,0.46004587730144675,0,0
state90,3257,2024-06-28,2024-07-08,-0.0108320369203009,2024,2023-12-31,learned_order_offset,20260912,0.4589655459892309,0.4589655459892309,0,0
state90,3262,2024-07-05,2024-07-15,0.0122222871842843,2024,2023-12-31,learned_order_offset,20260912,0.6488790466154806,0.6488790466154806,1,1
state90,3267,2024-07-12,2024-07-22,0.0218881133018156,2024,2023-12-31,learned_order_offset,20260912,0.5774913316908258,0.5774913316908258,1,1
state90,3272,2024-07-19,2024-07-29,-0.0378787022382998,2024,2023-12-31,learned_order_offset,20260912,0.5157601153269719,0.5157601153269719,1,0
state90,3277,2024-07-26,2024-08-05,-0.0124134568216732,2024,2023-12-31,learned_order_offset,20260912,0.6244882450131677,0.6244882450131677,1,0
state90,3282,2024-08-02,2024-08-12,-0.0102762848330364,2024,2023-12-31,learned_order_offset,20260912,0.6270675399861252,0.6270675399861252,1,0
state90,3287,2024-08-09,2024-08-19,0.0050186923751938,2024,2023-12-31,learned_order_offset,20260912,0.5377555905505339,0.5377555905505339,1,1
state90,3292,2024-08-16,2024-08-26,-0.0040487282687352,2024,2023-12-31,learned_order_offset,20260912,0.42279669771745343,0.42279669771745343,0,0
state90,3297,2024-08-23,2024-09-02,-0.0069594562136714,2024,2023-12-31,learned_order_offset,20260912,0.3863647344348675,0.3863647344348675,0,0
state90,3302,2024-08-30,2024-09-09,-0.0280389655151561,2024,2023-12-31,learned_order_offset,20260912,0.4062697859689684,0.4062697859689684,0,0
state90,3307,2024-09-06,2024-09-18,-0.0174132138857783,2024,2023-12-31,learned_order_offset,20260912,0.45448430889716435,0.45448430889716435,0,0
state90,3312,2024-09-13,2024-09-24,0.0133119329369826,2024,2023-12-31,learned_order_offset,20260912,0.41946199575362714,0.41946199575362714,0,1
state90,3315,2024-09-20,2024-09-30,0.2017513988384409,2024,2023-12-31,learned_order_offset,20260912,0.48448722299654073,0.48448722299654073,0,1
state90,3320,2024-09-27,2024-10-14,0.0178259004588408,2024,2023-12-31,learned_order_offset,20260912,0.5746740950620535,0.5746740950620535,1,1
state90,3325,2024-10-11,2024-10-21,0.0080914993282625,2024,2023-12-31,learned_order_offset,20260912,0.5862386145900477,0.5862386145900477,1,1
state90,3330,2024-10-18,2024-10-28,0.0015733867085561,2024,2023-12-31,learned_order_offset,20260912,0.6125407697732707,0.6125407697732707,1,1
state90,3335,2024-10-25,2024-11-04,-0.0140142824257356,2024,2023-12-31,learned_order_offset,20260912,0.5782982032930605,0.5782982032930605,1,0
state90,3340,2024-11-01,2024-11-11,0.0434152361258277,2024,2023-12-31,learned_order_offset,20260912,0.5719000509394175,0.5719000509394175,1,1
state90,3345,2024-11-08,2024-11-18,-0.0208584853931589,2024,2023-12-31,learned_order_offset,20260912,0.5792076167183184,0.5792076167183184,1,0
state90,3350,2024-11-15,2024-11-25,-0.0267421712161923,2024,2023-12-31,learned_order_offset,20260912,0.5639088935846646,0.5639088935846646,1,0
state90,3355,2024-11-22,2024-12-02,0.0087960346887328,2024,2023-12-31,learned_order_offset,20260912,0.6291616290547493,0.6291616290547493,1,1
state90,3360,2024-11-29,2024-12-09,0.0155919891551781,2024,2023-12-31,learned_order_offset,20260912,0.5470802465571543,0.5470802465571543,1,1
state90,3365,2024-12-06,2024-12-16,-0.0100436703218104,2024,2023-12-31,learned_order_offset,20260912,0.5150626516103205,0.5150626516103205,1,0
state90,3370,2024-12-13,2024-12-23,-0.0006690784017421,2024,2023-12-31,learned_order_offset,20260912,0.3987822872324129,0.3987822872324129,0,0
state90,3375,2024-12-20,2024-12-30,0.0123595076562756,2024,2023-12-31,learned_order_offset,20260912,0.2901534172352464,0.2901534172352464,0,1
state90,3380,2024-12-27,2025-01-06,-0.0504714964669198,2024,2023-12-31,learned_order_offset,20260912,0.2168218722083948,0.2168218722083948,0,0
state90,3144,2024-01-05,2024-01-15,-0.0158038409563566,2024,2023-12-31,native_mse,20260912,0.001652613648937757,,1,0
state90,3149,2024-01-12,2024-01-22,-0.002333261979756,2024,2023-12-31,native_mse,20260912,0.0017566823014709063,,1,0
state90,3154,2024-01-19,2024-01-29,0.0223511633823452,2024,2023-12-31,native_mse,20260912,0.0017349357863463528,,1,1
state90,3159,2024-01-26,2024-02-05,-0.0513103415192826,2024,2023-12-31,native_mse,20260912,0.0017756045446650414,,1,0
state90,3164,2024-02-02,2024-02-26,0.1015374891364462,2024,2023-12-31,native_mse,20260912,0.0017702651342618495,,1,1
state90,3173,2024-02-23,2024-03-04,0.0151569053862528,2024,2023-12-31,native_mse,20260912,0.0018705013508167863,,1,1
state90,3178,2024-03-01,2024-03-11,0.0021394031715169,2024,2023-12-31,native_mse,20260912,0.0020966839632058165,,1,1
state90,3183,2024-03-08,2024-03-18,0.0087762342284414,2024,2023-12-31,native_mse,20260912,0.0021229030867072935,,1,1
state90,3188,2024-03-15,2024-03-25,-0.0112802133595746,2024,2023-12-31,native_mse,20260912,0.002169492364912302,,1,0
state90,3193,2024-03-22,2024-04-01,0.0042044725182444,2024,2023-12-31,native_mse,20260912,0.0021346683785466035,,1,1
state90,3198,2024-03-29,2024-04-15,-0.0219845815102011,2024,2023-12-31,native_mse,20260912,0.001970104765042201,,1,0
state90,3206,2024-04-12,2024-04-22,0.018045199366633,2024,2023-12-31,native_mse,20260912,0.0018950666103198662,,1,1
state90,3211,2024-04-19,2024-04-29,0.0136757744232476,2024,2023-12-31,native_mse,20260912,0.0014826942470986316,,1,1
state90,3216,2024-04-26,2024-05-13,0.0172434956786644,2024,2023-12-31,native_mse,20260912,0.0010502698704938512,,1,1
state90,3223,2024-05-10,2024-05-20,0.0097933549988344,2024,2023-12-31,native_mse,20260912,0.0008603132721811119,,1,1
state90,3228,2024-05-17,2024-05-27,-0.0204803832637164,2024,2023-12-31,native_mse,20260912,0.000598359363630433,,1,0
state90,3233,2024-05-24,2024-06-03,-0.0081155643048258,2024,2023-12-31,native_mse,20260912,0.0005736014331172037,,1,0
state90,3238,2024-05-31,2024-06-11,-0.0060267570121149,2024,2023-12-31,native_mse,20260912,0.0005483327414548749,,1,0
state90,3243,2024-06-07,2024-06-17,-0.0096686558937179,2024,2023-12-31,native_mse,20260912,0.000585176229140396,,1,0
state90,3247,2024-06-14,2024-06-24,-0.013573992457631,2024,2023-12-31,native_mse,20260912,0.000605835607878555,,1,0
state90,3252,2024-06-21,2024-07-01,-0.004427632109257,2024,2023-12-31,native_mse,20260912,0.0006286050015987623,,1,0
state90,3257,2024-06-28,2024-07-08,-0.0108320369203009,2024,2023-12-31,native_mse,20260912,0.00064228262166844,,1,0
state90,3262,2024-07-05,2024-07-15,0.0122222871842843,2024,2023-12-31,native_mse,20260912,0.000721007461573622,,1,1
state90,3267,2024-07-12,2024-07-22,0.0218881133018156,2024,2023-12-31,native_mse,20260912,0.000821435978076197,,1,1
state90,3272,2024-07-19,2024-07-29,-0.0378787022382998,2024,2023-12-31,native_mse,20260912,0.0008418861287390497,,1,0
state90,3277,2024-07-26,2024-08-05,-0.0124134568216732,2024,2023-12-31,native_mse,20260912,0.0012675510770958798,,1,0
state90,3282,2024-08-02,2024-08-12,-0.0102762848330364,2024,2023-12-31,native_mse,20260912,0.0015249857513458085,,1,0
state90,3287,2024-08-09,2024-08-19,0.0050186923751938,2024,2023-12-31,native_mse,20260912,0.0015779514189250905,,1,1
state90,3292,2024-08-16,2024-08-26,-0.0040487282687352,2024,2023-12-31,native_mse,20260912,0.0013998325080271312,,1,0
state90,3297,2024-08-23,2024-09-02,-0.0069594562136714,2024,2023-12-31,native_mse,20260912,0.0014255873683507452,,1,0
state90,3302,2024-08-30,2024-09-09,-0.0280389655151561,2024,2023-12-31,native_mse,20260912,0.0015330401621674865,,1,0
state90,3307,2024-09-06,2024-09-18,-0.0174132138857783,2024,2023-12-31,native_mse,20260912,0.0015627932338450265,,1,0
state90,3312,2024-09-13,2024-09-24,0.0133119329369826,2024,2023-12-31,native_mse,20260912,0.0015103830852308555,,1,1
state90,3315,2024-09-20,2024-09-30,0.2017513988384409,2024,2023-12-31,native_mse,20260912,0.0015343284400254939,,1,1
state90,3320,2024-09-27,2024-10-14,0.0178259004588408,2024,2023-12-31,native_mse,20260912,0.0015725051425186597,,1,1
state90,3325,2024-10-11,2024-10-21,0.0080914993282625,2024,2023-12-31,native_mse,20260912,0.0019394229622847915,,1,1
state90,3330,2024-10-18,2024-10-28,0.0015733867085561,2024,2023-12-31,native_mse,20260912,0.0021210173726156634,,1,1
state90,3335,2024-10-25,2024-11-04,-0.0140142824257356,2024,2023-12-31,native_mse,20260912,0.0021565584052961957,,1,0
state90,3340,2024-11-01,2024-11-11,0.0434152361258277,2024,2023-12-31,native_mse,20260912,0.002066143931918221,,1,1
state90,3345,2024-11-08,2024-11-18,-0.0208584853931589,2024,2023-12-31,native_mse,20260912,0.0019328021834634566,,1,0
state90,3350,2024-11-15,2024-11-25,-0.0267421712161923,2024,2023-12-31,native_mse,20260912,0.0016078398644429398,,1,0
state90,3355,2024-11-22,2024-12-02,0.0087960346887328,2024,2023-12-31,native_mse,20260912,0.0014387624930086427,,1,1
state90,3360,2024-11-29,2024-12-09,0.0155919891551781,2024,2023-12-31,native_mse,20260912,0.001055672591838617,,1,1
state90,3365,2024-12-06,2024-12-16,-0.0100436703218104,2024,2023-12-31,native_mse,20260912,0.0009332123922739673,,1,0
state90,3370,2024-12-13,2024-12-23,-0.0006690784017421,2024,2023-12-31,native_mse,20260912,0.0007303535282016855,,1,0
state90,3375,2024-12-20,2024-12-30,0.0123595076562756,2024,2023-12-31,native_mse,20260912,0.0006347143027364932,,1,1
state90,3380,2024-12-27,2025-01-06,-0.0504714964669198,2024,2023-12-31,native_mse,20260912,0.0004962445983289108,,1,0
state90,3384,2025-01-03,2025-01-13,-0.0189486730632231,2025,2024-12-31,learned_market,20260910,0.38233645545210077,0.38233645545210077,0,0
state90,3389,2025-01-10,2025-01-20,0.0353251773547418,2025,2024-12-31,learned_market,20260910,0.3910227915849612,0.3910227915849612,0,1
state90,3394,2025-01-17,2025-01-27,0.000432821422053,2025,2024-12-31,learned_market,20260910,0.49015728346105064,0.49015728346105064,0,1
state90,3399,2025-01-24,2025-02-10,0.0159344898044284,2025,2024-12-31,learned_market,20260910,0.43779872313730184,0.43779872313730184,0,1
state90,3403,2025-02-07,2025-02-17,0.0144454990892999,2025,2024-12-31,learned_market,20260910,0.5065763414140139,0.5065763414140139,1,1
state90,3408,2025-02-14,2025-02-24,0.0045695818086644,2025,2024-12-31,learned_market,20260910,0.5698063647751795,0.5698063647751795,1,1
state90,3413,2025-02-21,2025-03-03,-0.0183210488158531,2025,2024-12-31,learned_market,20260910,0.5387747536285505,0.5387747536285505,1,0
state90,3418,2025-02-28,2025-03-10,0.0117650075646844,2025,2024-12-31,learned_market,20260910,0.4812656782302869,0.4812656782302869,0,1
state90,3423,2025-03-07,2025-03-17,0.019023819058288,2025,2024-12-31,learned_market,20260910,0.6111767156385011,0.6111767156385011,1,1
state90,3428,2025-03-14,2025-03-24,-0.0259983485216283,2025,2024-12-31,learned_market,20260910,0.44730435644814126,0.44730435644814126,0,0
state90,3433,2025-03-21,2025-03-31,-0.0025867506275359,2025,2024-12-31,learned_market,20260910,0.5315675954271929,0.5315675954271929,1,0
state90,3438,2025-03-28,2025-04-14,-0.0342910101946246,2025,2024-12-31,learned_market,20260910,0.7166635184412673,0.7166635184412673,1,0
state90,3384,2025-01-03,2025-01-13,-0.0189486730632231,2025,2024-12-31,learned_vol_interaction,20260910,0.38666219011730185,0.38666219011730185,0,0
state90,3389,2025-01-10,2025-01-20,0.0353251773547418,2025,2024-12-31,learned_vol_interaction,20260910,0.3791321657754841,0.3791321657754841,0,1
state90,3394,2025-01-17,2025-01-27,0.000432821422053,2025,2024-12-31,learned_vol_interaction,20260910,0.4768105126561029,0.4768105126561029,0,1
state90,3399,2025-01-24,2025-02-10,0.0159344898044284,2025,2024-12-31,learned_vol_interaction,20260910,0.46081361135637805,0.46081361135637805,0,1
state90,3403,2025-02-07,2025-02-17,0.0144454990892999,2025,2024-12-31,learned_vol_interaction,20260910,0.5021249737202294,0.5021249737202294,1,1
state90,3408,2025-02-14,2025-02-24,0.0045695818086644,2025,2024-12-31,learned_vol_interaction,20260910,0.5796741457129003,0.5796741457129003,1,1
state90,3413,2025-02-21,2025-03-03,-0.0183210488158531,2025,2024-12-31,learned_vol_interaction,20260910,0.5894724308913238,0.5894724308913238,1,0
state90,3418,2025-02-28,2025-03-10,0.0117650075646844,2025,2024-12-31,learned_vol_interaction,20260910,0.5038224926529957,0.5038224926529957,1,1
state90,3423,2025-03-07,2025-03-17,0.019023819058288,2025,2024-12-31,learned_vol_interaction,20260910,0.6257731101792092,0.6257731101792092,1,1
state90,3428,2025-03-14,2025-03-24,-0.0259983485216283,2025,2024-12-31,learned_vol_interaction,20260910,0.44102075881393793,0.44102075881393793,0,0
state90,3433,2025-03-21,2025-03-31,-0.0025867506275359,2025,2024-12-31,learned_vol_interaction,20260910,0.5122265111637169,0.5122265111637169,1,0
state90,3438,2025-03-28,2025-04-14,-0.0342910101946246,2025,2024-12-31,learned_vol_interaction,20260910,0.7509067743034049,0.7509067743034049,1,0
state90,3384,2025-01-03,2025-01-13,-0.0189486730632231,2025,2024-12-31,learned_order_extension,20260910,0.36600157937330885,0.36600157937330885,0,0
state90,3389,2025-01-10,2025-01-20,0.0353251773547418,2025,2024-12-31,learned_order_extension,20260910,0.35256611690823136,0.35256611690823136,0,1
state90,3394,2025-01-17,2025-01-27,0.000432821422053,2025,2024-12-31,learned_order_extension,20260910,0.48744472138871614,0.48744472138871614,0,1
state90,3399,2025-01-24,2025-02-10,0.0159344898044284,2025,2024-12-31,learned_order_extension,20260910,0.4710830358173244,0.4710830358173244,0,1
state90,3403,2025-02-07,2025-02-17,0.0144454990892999,2025,2024-12-31,learned_order_extension,20260910,0.5229042647242248,0.5229042647242248,1,1
state90,3408,2025-02-14,2025-02-24,0.0045695818086644,2025,2024-12-31,learned_order_extension,20260910,0.5778482952092869,0.5778482952092869,1,1
state90,3413,2025-02-21,2025-03-03,-0.0183210488158531,2025,2024-12-31,learned_order_extension,20260910,0.6398652110146743,0.6398652110146743,1,0
state90,3418,2025-02-28,2025-03-10,0.0117650075646844,2025,2024-12-31,learned_order_extension,20260910,0.5091435465758709,0.5091435465758709,1,1
state90,3423,2025-03-07,2025-03-17,0.019023819058288,2025,2024-12-31,learned_order_extension,20260910,0.6768915881499589,0.6768915881499589,1,1
state90,3428,2025-03-14,2025-03-24,-0.0259983485216283,2025,2024-12-31,learned_order_extension,20260910,0.45607712059245215,0.45607712059245215,0,0
state90,3433,2025-03-21,2025-03-31,-0.0025867506275359,2025,2024-12-31,learned_order_extension,20260910,0.5368074346463041,0.5368074346463041,1,0
state90,3438,2025-03-28,2025-04-14,-0.0342910101946246,2025,2024-12-31,learned_order_extension,20260910,0.8368647681799748,0.8368647681799748,1,0
state90,3384,2025-01-03,2025-01-13,-0.0189486730632231,2025,2024-12-31,learned_order_offset,20260910,0.36669421956338505,0.36669421956338505,0,0
state90,3389,2025-01-10,2025-01-20,0.0353251773547418,2025,2024-12-31,learned_order_offset,20260910,0.35282059228350937,0.35282059228350937,0,1
state90,3394,2025-01-17,2025-01-27,0.000432821422053,2025,2024-12-31,learned_order_offset,20260910,0.48807314138283653,0.48807314138283653,0,1
state90,3399,2025-01-24,2025-02-10,0.0159344898044284,2025,2024-12-31,learned_order_offset,20260910,0.4717801139449288,0.4717801139449288,0,1
state90,3403,2025-02-07,2025-02-17,0.0144454990892999,2025,2024-12-31,learned_order_offset,20260910,0.524022842955718,0.524022842955718,1,1
state90,3408,2025-02-14,2025-02-24,0.0045695818086644,2025,2024-12-31,learned_order_offset,20260910,0.5772818750748553,0.5772818750748553,1,1
state90,3413,2025-02-21,2025-03-03,-0.0183210488158531,2025,2024-12-31,learned_order_offset,20260910,0.6395827908381064,0.6395827908381064,1,0
state90,3418,2025-02-28,2025-03-10,0.0117650075646844,2025,2024-12-31,learned_order_offset,20260910,0.5071295431195366,0.5071295431195366,1,1
state90,3423,2025-03-07,2025-03-17,0.019023819058288,2025,2024-12-31,learned_order_offset,20260910,0.6756470892929178,0.6756470892929178,1,1
state90,3428,2025-03-14,2025-03-24,-0.0259983485216283,2025,2024-12-31,learned_order_offset,20260910,0.455714753994421,0.455714753994421,0,0
state90,3433,2025-03-21,2025-03-31,-0.0025867506275359,2025,2024-12-31,learned_order_offset,20260910,0.5359223493617127,0.5359223493617127,1,0
state90,3438,2025-03-28,2025-04-14,-0.0342910101946246,2025,2024-12-31,learned_order_offset,20260910,0.834993269183481,0.834993269183481,1,0
state90,3384,2025-01-03,2025-01-13,-0.0189486730632231,2025,2024-12-31,native_mse,20260910,-0.0042551962797835255,,0,0
state90,3389,2025-01-10,2025-01-20,0.0353251773547418,2025,2024-12-31,native_mse,20260910,-0.004346017102457373,,0,1
state90,3394,2025-01-17,2025-01-27,0.000432821422053,2025,2024-12-31,native_mse,20260910,-0.0019110835117753682,,0,1
state90,3399,2025-01-24,2025-02-10,0.0159344898044284,2025,2024-12-31,native_mse,20260910,-0.0018767518511483509,,0,1
state90,3403,2025-02-07,2025-02-17,0.0144454990892999,2025,2024-12-31,native_mse,20260910,-0.0005243581714439598,,0,1
state90,3408,2025-02-14,2025-02-24,0.0045695818086644,2025,2024-12-31,native_mse,20260910,0.0018166916350322408,,1,1
state90,3413,2025-02-21,2025-03-03,-0.0183210488158531,2025,2024-12-31,native_mse,20260910,-0.0017910693651536675,,0,0
state90,3418,2025-02-28,2025-03-10,0.0117650075646844,2025,2024-12-31,native_mse,20260910,8.039864129989814e-05,,1,1
state90,3423,2025-03-07,2025-03-17,0.019023819058288,2025,2024-12-31,native_mse,20260910,0.00045020548490624885,,1,1
state90,3428,2025-03-14,2025-03-24,-0.0259983485216283,2025,2024-12-31,native_mse,20260910,0.004030585426274574,,1,0
state90,3433,2025-03-21,2025-03-31,-0.0025867506275359,2025,2024-12-31,native_mse,20260910,0.0025467178052053364,,1,0
state90,3438,2025-03-28,2025-04-14,-0.0342910101946246,2025,2024-12-31,native_mse,20260910,0.007880897711304511,,1,0
state90,3384,2025-01-03,2025-01-13,-0.0189486730632231,2025,2024-12-31,training_frequency,-1,0.472636815920398,0.472636815920398,0,0
state90,3389,2025-01-10,2025-01-20,0.0353251773547418,2025,2024-12-31,training_frequency,-1,0.472636815920398,0.472636815920398,0,1
state90,3394,2025-01-17,2025-01-27,0.000432821422053,2025,2024-12-31,training_frequency,-1,0.472636815920398,0.472636815920398,0,1
state90,3399,2025-01-24,2025-02-10,0.0159344898044284,2025,2024-12-31,training_frequency,-1,0.472636815920398,0.472636815920398,0,1
state90,3403,2025-02-07,2025-02-17,0.0144454990892999,2025,2024-12-31,training_frequency,-1,0.472636815920398,0.472636815920398,0,1
state90,3408,2025-02-14,2025-02-24,0.0045695818086644,2025,2024-12-31,training_frequency,-1,0.472636815920398,0.472636815920398,0,1
state90,3413,2025-02-21,2025-03-03,-0.0183210488158531,2025,2024-12-31,training_frequency,-1,0.472636815920398,0.472636815920398,0,0
state90,3418,2025-02-28,2025-03-10,0.0117650075646844,2025,2024-12-31,training_frequency,-1,0.472636815920398,0.472636815920398,0,1
state90,3423,2025-03-07,2025-03-17,0.019023819058288,2025,2024-12-31,training_frequency,-1,0.472636815920398,0.472636815920398,0,1
state90,3428,2025-03-14,2025-03-24,-0.0259983485216283,2025,2024-12-31,training_frequency,-1,0.472636815920398,0.472636815920398,0,0
state90,3433,2025-03-21,2025-03-31,-0.0025867506275359,2025,2024-12-31,training_frequency,-1,0.472636815920398,0.472636815920398,0,0
state90,3438,2025-03-28,2025-04-14,-0.0342910101946246,2025,2024-12-31,training_frequency,-1,0.472636815920398,0.472636815920398,0,0
state90,3384,2025-01-03,2025-01-13,-0.0189486730632231,2025,2024-12-31,learned_market,20260911,0.42821132783780086,0.42821132783780086,0,0
state90,3389,2025-01-10,2025-01-20,0.0353251773547418,2025,2024-12-31,learned_market,20260911,0.3899957296673264,0.3899957296673264,0,1
state90,3394,2025-01-17,2025-01-27,0.000432821422053,2025,2024-12-31,learned_market,20260911,0.5369659260153571,0.5369659260153571,1,1
state90,3399,2025-01-24,2025-02-10,0.0159344898044284,2025,2024-12-31,learned_market,20260911,0.579417237715051,0.579417237715051,1,1
state90,3403,2025-02-07,2025-02-17,0.0144454990892999,2025,2024-12-31,learned_market,20260911,0.6179638900480853,0.6179638900480853,1,1
state90,3408,2025-02-14,2025-02-24,0.0045695818086644,2025,2024-12-31,learned_market,20260911,0.616114705527485,0.616114705527485,1,1
state90,3413,2025-02-21,2025-03-03,-0.0183210488158531,2025,2024-12-31,learned_market,20260911,0.562117179520429,0.562117179520429,1,0
state90,3418,2025-02-28,2025-03-10,0.0117650075646844,2025,2024-12-31,learned_market,20260911,0.5285781284571346,0.5285781284571346,1,1
state90,3423,2025-03-07,2025-03-17,0.019023819058288,2025,2024-12-31,learned_market,20260911,0.4669000809915797,0.4669000809915797,0,1
state90,3428,2025-03-14,2025-03-24,-0.0259983485216283,2025,2024-12-31,learned_market,20260911,0.5699083421091582,0.5699083421091582,1,0
state90,3433,2025-03-21,2025-03-31,-0.0025867506275359,2025,2024-12-31,learned_market,20260911,0.41241409635776066,0.41241409635776066,0,0
state90,3438,2025-03-28,2025-04-14,-0.0342910101946246,2025,2024-12-31,learned_market,20260911,0.48277123146752016,0.48277123146752016,0,0
state90,3384,2025-01-03,2025-01-13,-0.0189486730632231,2025,2024-12-31,learned_vol_interaction,20260911,0.4305231359543153,0.4305231359543153,0,0
state90,3389,2025-01-10,2025-01-20,0.0353251773547418,2025,2024-12-31,learned_vol_interaction,20260911,0.38884089510088987,0.38884089510088987,0,1
state90,3394,2025-01-17,2025-01-27,0.000432821422053,2025,2024-12-31,learned_vol_interaction,20260911,0.5344292773183893,0.5344292773183893,1,1
state90,3399,2025-01-24,2025-02-10,0.0159344898044284,2025,2024-12-31,learned_vol_interaction,20260911,0.5733087009015438,0.5733087009015438,1,1
state90,3403,2025-02-07,2025-02-17,0.0144454990892999,2025,2024-12-31,learned_vol_interaction,20260911,0.6229730094392066,0.6229730094392066,1,1
state90,3408,2025-02-14,2025-02-24,0.0045695818086644,2025,2024-12-31,learned_vol_interaction,20260911,0.6249392220388966,0.6249392220388966,1,1
state90,3413,2025-02-21,2025-03-03,-0.0183210488158531,2025,2024-12-31,learned_vol_interaction,20260911,0.5770853748295083,0.5770853748295083,1,0
state90,3418,2025-02-28,2025-03-10,0.0117650075646844,2025,2024-12-31,learned_vol_interaction,20260911,0.5320196258694382,0.5320196258694382,1,1
state90,3423,2025-03-07,2025-03-17,0.019023819058288,2025,2024-12-31,learned_vol_interaction,20260911,0.4709950343968562,0.4709950343968562,0,1
state90,3428,2025-03-14,2025-03-24,-0.0259983485216283,2025,2024-12-31,learned_vol_interaction,20260911,0.5689479286300063,0.5689479286300063,1,0
state90,3433,2025-03-21,2025-03-31,-0.0025867506275359,2025,2024-12-31,learned_vol_interaction,20260911,0.4073280883173269,0.4073280883173269,0,0
state90,3438,2025-03-28,2025-04-14,-0.0342910101946246,2025,2024-12-31,learned_vol_interaction,20260911,0.4833458290624725,0.4833458290624725,0,0
state90,3384,2025-01-03,2025-01-13,-0.0189486730632231,2025,2024-12-31,learned_order_extension,20260911,0.43065388292304235,0.43065388292304235,0,0
state90,3389,2025-01-10,2025-01-20,0.0353251773547418,2025,2024-12-31,learned_order_extension,20260911,0.3891931634884253,0.3891931634884253,0,1
state90,3394,2025-01-17,2025-01-27,0.000432821422053,2025,2024-12-31,learned_order_extension,20260911,0.5293310636016386,0.5293310636016386,1,1
state90,3399,2025-01-24,2025-02-10,0.0159344898044284,2025,2024-12-31,learned_order_extension,20260911,0.5678795814188538,0.5678795814188538,1,1
state90,3403,2025-02-07,2025-02-17,0.0144454990892999,2025,2024-12-31,learned_order_extension,20260911,0.6181569415812861,0.6181569415812861,1,1
state90,3408,2025-02-14,2025-02-24,0.0045695818086644,2025,2024-12-31,learned_order_extension,20260911,0.623244763024503,0.623244763024503,1,1
state90,3413,2025-02-21,2025-03-03,-0.0183210488158531,2025,2024-12-31,learned_order_extension,20260911,0.5698307059548449,0.5698307059548449,1,0
state90,3418,2025-02-28,2025-03-10,0.0117650075646844,2025,2024-12-31,learned_order_extension,20260911,0.5277004284689892,0.5277004284689892,1,1
state90,3423,2025-03-07,2025-03-17,0.019023819058288,2025,2024-12-31,learned_order_extension,20260911,0.4694347191401159,0.4694347191401159,0,1
state90,3428,2025-03-14,2025-03-24,-0.0259983485216283,2025,2024-12-31,learned_order_extension,20260911,0.5654667556034778,0.5654667556034778,1,0
state90,3433,2025-03-21,2025-03-31,-0.0025867506275359,2025,2024-12-31,learned_order_extension,20260911,0.40561065982780425,0.40561065982780425,0,0
state90,3438,2025-03-28,2025-04-14,-0.0342910101946246,2025,2024-12-31,learned_order_extension,20260911,0.47795042275731253,0.47795042275731253,0,0
state90,3384,2025-01-03,2025-01-13,-0.0189486730632231,2025,2024-12-31,learned_order_offset,20260911,0.430743812553328,0.430743812553328,0,0
state90,3389,2025-01-10,2025-01-20,0.0353251773547418,2025,2024-12-31,learned_order_offset,20260911,0.3892930545383684,0.3892930545383684,0,1
state90,3394,2025-01-17,2025-01-27,0.000432821422053,2025,2024-12-31,learned_order_offset,20260911,0.52934454260111,0.52934454260111,1,1
state90,3399,2025-01-24,2025-02-10,0.0159344898044284,2025,2024-12-31,learned_order_offset,20260911,0.5679288793949586,0.5679288793949586,1,1
state90,3403,2025-02-07,2025-02-17,0.0144454990892999,2025,2024-12-31,learned_order_offset,20260911,0.6181544426401614,0.6181544426401614,1,1
state90,3408,2025-02-14,2025-02-24,0.0045695818086644,2025,2024-12-31,learned_order_offset,20260911,0.6233447631977894,0.6233447631977894,1,1
state90,3413,2025-02-21,2025-03-03,-0.0183210488158531,2025,2024-12-31,learned_order_offset,20260911,0.5699444546955538,0.5699444546955538,1,0
state90,3418,2025-02-28,2025-03-10,0.0117650075646844,2025,2024-12-31,learned_order_offset,20260911,0.5277660121776485,0.5277660121776485,1,1
state90,3423,2025-03-07,2025-03-17,0.019023819058288,2025,2024-12-31,learned_order_offset,20260911,0.46953630716328854,0.46953630716328854,0,1
state90,3428,2025-03-14,2025-03-24,-0.0259983485216283,2025,2024-12-31,learned_order_offset,20260911,0.5655482902240324,0.5655482902240324,1,0
state90,3433,2025-03-21,2025-03-31,-0.0025867506275359,2025,2024-12-31,learned_order_offset,20260911,0.4056793971990091,0.4056793971990091,0,0
state90,3438,2025-03-28,2025-04-14,-0.0342910101946246,2025,2024-12-31,learned_order_offset,20260911,0.4779797038173516,0.4779797038173516,0,0
state90,3384,2025-01-03,2025-01-13,-0.0189486730632231,2025,2024-12-31,native_mse,20260911,-0.002243633031677963,,0,0
state90,3389,2025-01-10,2025-01-20,0.0353251773547418,2025,2024-12-31,native_mse,20260911,-0.0018394813791051527,,0,1
state90,3394,2025-01-17,2025-01-27,0.000432821422053,2025,2024-12-31,native_mse,20260911,-0.0014393263633927758,,0,1
state90,3399,2025-01-24,2025-02-10,0.0159344898044284,2025,2024-12-31,native_mse,20260911,-0.0005732481089145066,,0,1
state90,3403,2025-02-07,2025-02-17,0.0144454990892999,2025,2024-12-31,native_mse,20260911,-0.0003493640286036611,,0,1
state90,3408,2025-02-14,2025-02-24,0.0045695818086644,2025,2024-12-31,native_mse,20260911,-6.571465300264602e-06,,0,1
state90,3413,2025-02-21,2025-03-03,-0.0183210488158531,2025,2024-12-31,native_mse,20260911,0.00010564573035517886,,1,0
state90,3418,2025-02-28,2025-03-10,0.0117650075646844,2025,2024-12-31,native_mse,20260911,0.00030938900384146466,,1,1
state90,3423,2025-03-07,2025-03-17,0.019023819058288,2025,2024-12-31,native_mse,20260911,0.0003527669941379203,,1,1
state90,3428,2025-03-14,2025-03-24,-0.0259983485216283,2025,2024-12-31,native_mse,20260911,0.0004719065040533454,,1,0
state90,3433,2025-03-21,2025-03-31,-0.0025867506275359,2025,2024-12-31,native_mse,20260911,0.0001374212134311476,,1,0
state90,3438,2025-03-28,2025-04-14,-0.0342910101946246,2025,2024-12-31,native_mse,20260911,0.0003460895283123176,,1,0
state90,3384,2025-01-03,2025-01-13,-0.0189486730632231,2025,2024-12-31,learned_market,20260912,0.42089025641362,0.42089025641362,0,0
state90,3389,2025-01-10,2025-01-20,0.0353251773547418,2025,2024-12-31,learned_market,20260912,0.6539720773420672,0.6539720773420672,1,1
state90,3394,2025-01-17,2025-01-27,0.000432821422053,2025,2024-12-31,learned_market,20260912,0.5597316894392553,0.5597316894392553,1,1
state90,3399,2025-01-24,2025-02-10,0.0159344898044284,2025,2024-12-31,learned_market,20260912,0.7143346906245566,0.7143346906245566,1,1
state90,3403,2025-02-07,2025-02-17,0.0144454990892999,2025,2024-12-31,learned_market,20260912,0.6628191037923492,0.6628191037923492,1,1
state90,3408,2025-02-14,2025-02-24,0.0045695818086644,2025,2024-12-31,learned_market,20260912,0.6357468977060057,0.6357468977060057,1,1
state90,3413,2025-02-21,2025-03-03,-0.0183210488158531,2025,2024-12-31,learned_market,20260912,0.3807729420629625,0.3807729420629625,0,0
state90,3418,2025-02-28,2025-03-10,0.0117650075646844,2025,2024-12-31,learned_market,20260912,0.5714127704615375,0.5714127704615375,1,1
state90,3423,2025-03-07,2025-03-17,0.019023819058288,2025,2024-12-31,learned_market,20260912,0.2731298059228326,0.2731298059228326,0,1
state90,3428,2025-03-14,2025-03-24,-0.0259983485216283,2025,2024-12-31,learned_market,20260912,0.696672234818679,0.696672234818679,1,0
state90,3433,2025-03-21,2025-03-31,-0.0025867506275359,2025,2024-12-31,learned_market,20260912,0.5676267142547179,0.5676267142547179,1,0
state90,3438,2025-03-28,2025-04-14,-0.0342910101946246,2025,2024-12-31,learned_market,20260912,0.560911448173473,0.560911448173473,1,0
state90,3384,2025-01-03,2025-01-13,-0.0189486730632231,2025,2024-12-31,learned_vol_interaction,20260912,0.4216991098514313,0.4216991098514313,0,0
state90,3389,2025-01-10,2025-01-20,0.0353251773547418,2025,2024-12-31,learned_vol_interaction,20260912,0.6572683815072808,0.6572683815072808,1,1
state90,3394,2025-01-17,2025-01-27,0.000432821422053,2025,2024-12-31,learned_vol_interaction,20260912,0.5624117839252505,0.5624117839252505,1,1
state90,3399,2025-01-24,2025-02-10,0.0159344898044284,2025,2024-12-31,learned_vol_interaction,20260912,0.7143566519320824,0.7143566519320824,1,1
state90,3403,2025-02-07,2025-02-17,0.0144454990892999,2025,2024-12-31,learned_vol_interaction,20260912,0.6656753647706254,0.6656753647706254,1,1
state90,3408,2025-02-14,2025-02-24,0.0045695818086644,2025,2024-12-31,learned_vol_interaction,20260912,0.6366748986711647,0.6366748986711647,1,1
state90,3413,2025-02-21,2025-03-03,-0.0183210488158531,2025,2024-12-31,learned_vol_interaction,20260912,0.3758479309011285,0.3758479309011285,0,0
state90,3418,2025-02-28,2025-03-10,0.0117650075646844,2025,2024-12-31,learned_vol_interaction,20260912,0.5709205167438731,0.5709205167438731,1,1
state90,3423,2025-03-07,2025-03-17,0.019023819058288,2025,2024-12-31,learned_vol_interaction,20260912,0.2697314685006311,0.2697314685006311,0,1
state90,3428,2025-03-14,2025-03-24,-0.0259983485216283,2025,2024-12-31,learned_vol_interaction,20260912,0.6971511109958376,0.6971511109958376,1,0
state90,3433,2025-03-21,2025-03-31,-0.0025867506275359,2025,2024-12-31,learned_vol_interaction,20260912,0.5692380331101397,0.5692380331101397,1,0
state90,3438,2025-03-28,2025-04-14,-0.0342910101946246,2025,2024-12-31,learned_vol_interaction,20260912,0.5653548865619433,0.5653548865619433,1,0
state90,3384,2025-01-03,2025-01-13,-0.0189486730632231,2025,2024-12-31,learned_order_extension,20260912,0.43188465804609494,0.43188465804609494,0,0
state90,3389,2025-01-10,2025-01-20,0.0353251773547418,2025,2024-12-31,learned_order_extension,20260912,0.7180313467789317,0.7180313467789317,1,1
state90,3394,2025-01-17,2025-01-27,0.000432821422053,2025,2024-12-31,learned_order_extension,20260912,0.6186516338053223,0.6186516338053223,1,1
state90,3399,2025-01-24,2025-02-10,0.0159344898044284,2025,2024-12-31,learned_order_extension,20260912,0.7832822932916682,0.7832822932916682,1,1
state90,3403,2025-02-07,2025-02-17,0.0144454990892999,2025,2024-12-31,learned_order_extension,20260912,0.7098765758367355,0.7098765758367355,1,1
state90,3408,2025-02-14,2025-02-24,0.0045695818086644,2025,2024-12-31,learned_order_extension,20260912,0.6855283540318028,0.6855283540318028,1,1
state90,3413,2025-02-21,2025-03-03,-0.0183210488158531,2025,2024-12-31,learned_order_extension,20260912,0.40938066472725215,0.40938066472725215,0,0
state90,3418,2025-02-28,2025-03-10,0.0117650075646844,2025,2024-12-31,learned_order_extension,20260912,0.6433684681685069,0.6433684681685069,1,1
state90,3423,2025-03-07,2025-03-17,0.019023819058288,2025,2024-12-31,learned_order_extension,20260912,0.25002023502263354,0.25002023502263354,0,1
state90,3428,2025-03-14,2025-03-24,-0.0259983485216283,2025,2024-12-31,learned_order_extension,20260912,0.7238176657049011,0.7238176657049011,1,0
state90,3433,2025-03-21,2025-03-31,-0.0025867506275359,2025,2024-12-31,learned_order_extension,20260912,0.5988742871040955,0.5988742871040955,1,0
state90,3438,2025-03-28,2025-04-14,-0.0342910101946246,2025,2024-12-31,learned_order_extension,20260912,0.6204095542696454,0.6204095542696454,1,0
state90,3384,2025-01-03,2025-01-13,-0.0189486730632231,2025,2024-12-31,learned_order_offset,20260912,0.4326309825835323,0.4326309825835323,0,0
state90,3389,2025-01-10,2025-01-20,0.0353251773547418,2025,2024-12-31,learned_order_offset,20260912,0.7155096866522207,0.7155096866522207,1,1
state90,3394,2025-01-17,2025-01-27,0.000432821422053,2025,2024-12-31,learned_order_offset,20260912,0.6172483281551261,0.6172483281551261,1,1
state90,3399,2025-01-24,2025-02-10,0.0159344898044284,2025,2024-12-31,learned_order_offset,20260912,0.7808632543831274,0.7808632543831274,1,1
state90,3403,2025-02-07,2025-02-17,0.0144454990892999,2025,2024-12-31,learned_order_offset,20260912,0.7081726942730068,0.7081726942730068,1,1
state90,3408,2025-02-14,2025-02-24,0.0045695818086644,2025,2024-12-31,learned_order_offset,20260912,0.6832841057647039,0.6832841057647039,1,1
state90,3413,2025-02-21,2025-03-03,-0.0183210488158531,2025,2024-12-31,learned_order_offset,20260912,0.4117646835265383,0.4117646835265383,0,0
state90,3418,2025-02-28,2025-03-10,0.0117650075646844,2025,2024-12-31,learned_order_offset,20260912,0.6412881777301309,0.6412881777301309,1,1
state90,3423,2025-03-07,2025-03-17,0.019023819058288,2025,2024-12-31,learned_order_offset,20260912,0.25180315037211576,0.25180315037211576,0,1
state90,3428,2025-03-14,2025-03-24,-0.0259983485216283,2025,2024-12-31,learned_order_offset,20260912,0.7172777696525664,0.7172777696525664,1,0
state90,3433,2025-03-21,2025-03-31,-0.0025867506275359,2025,2024-12-31,learned_order_offset,20260912,0.5938462138293957,0.5938462138293957,1,0
state90,3438,2025-03-28,2025-04-14,-0.0342910101946246,2025,2024-12-31,learned_order_offset,20260912,0.6157709090258536,0.6157709090258536,1,0
state90,3384,2025-01-03,2025-01-13,-0.0189486730632231,2025,2024-12-31,native_mse,20260912,-0.003930728949605344,,0,0
state90,3389,2025-01-10,2025-01-20,0.0353251773547418,2025,2024-12-31,native_mse,20260912,0.004608697114816542,,1,1
state90,3394,2025-01-17,2025-01-27,0.000432821422053,2025,2024-12-31,native_mse,20260912,-0.0013781107886780553,,0,1
state90,3399,2025-01-24,2025-02-10,0.0159344898044284,2025,2024-12-31,native_mse,20260912,0.008065382377116114,,1,1
state90,3403,2025-02-07,2025-02-17,0.0144454990892999,2025,2024-12-31,native_mse,20260912,0.0020560919017093573,,1,1
state90,3408,2025-02-14,2025-02-24,0.0045695818086644,2025,2024-12-31,native_mse,20260912,0.0004574229206631815,,1,1
state90,3413,2025-02-21,2025-03-03,-0.0183210488158531,2025,2024-12-31,native_mse,20260912,-0.004487069050516085,,0,0
state90,3418,2025-02-28,2025-03-10,0.0117650075646844,2025,2024-12-31,native_mse,20260912,0.007907777385840498,,1,1
state90,3423,2025-03-07,2025-03-17,0.019023819058288,2025,2024-12-31,native_mse,20260912,-0.007080334543719193,,0,1
state90,3428,2025-03-14,2025-03-24,-0.0259983485216283,2025,2024-12-31,native_mse,20260912,0.005416181842733637,,1,0
state90,3433,2025-03-21,2025-03-31,-0.0025867506275359,2025,2024-12-31,native_mse,20260912,0.0028174386195491687,,1,0
state90,3438,2025-03-28,2025-04-14,-0.0342910101946246,2025,2024-12-31,native_mse,20260912,0.0006099430279859906,,1,0
state90,3447,2025-04-11,2025-04-21,-0.0010339232881941,2025,2025-03-31,learned_market,20260910,0.48902029973528105,0.48902029973528105,0,0
state90,3452,2025-04-18,2025-04-28,0.0048432383085554,2025,2025-03-31,learned_market,20260910,0.5866920560297286,0.5866920560297286,1,1
state90,3457,2025-04-25,2025-05-12,0.02116527880118,2025,2025-03-31,learned_market,20260910,0.5731372947010925,0.5731372947010925,1,1
state90,3464,2025-05-09,2025-05-19,0.0041484224873464,2025,2025-03-31,learned_market,20260910,0.32782082078119523,0.32782082078119523,0,1
state90,3469,2025-05-16,2025-05-26,-0.0017462660042188,2025,2025-03-31,learned_market,20260910,0.1645284543362779,0.1645284543362779,0,0
state90,3474,2025-05-23,2025-06-03,-0.0109216443615366,2025,2025-03-31,learned_market,20260910,0.2900649544062695,0.2900649544062695,0,0
state90,3479,2025-05-30,2025-06-09,0.011566574321892,2025,2025-03-31,learned_market,20260910,0.4461837311558508,0.4461837311558508,0,1
state90,3483,2025-06-06,2025-06-16,-0.0062354943524679,2025,2025-03-31,learned_market,20260910,0.3957352706497931,0.3957352706497931,0,0
state90,3488,2025-06-13,2025-06-23,-0.005825691168304,2025,2025-03-31,learned_market,20260910,0.4229650030223698,0.4229650030223698,0,0
state90,3493,2025-06-20,2025-06-30,0.0232670437490374,2025,2025-03-31,learned_market,20260910,0.4616602460519056,0.4616602460519056,0,1
state90,3498,2025-06-27,2025-07-07,0.0145345648685946,2025,2025-03-31,learned_market,20260910,0.44924653376447227,0.44924653376447227,0,1
state90,3447,2025-04-11,2025-04-21,-0.0010339232881941,2025,2025-03-31,learned_vol_interaction,20260910,0.4868917461454384,0.4868917461454384,0,0
state90,3452,2025-04-18,2025-04-28,0.0048432383085554,2025,2025-03-31,learned_vol_interaction,20260910,0.5719781547533134,0.5719781547533134,1,1
state90,3457,2025-04-25,2025-05-12,0.02116527880118,2025,2025-03-31,learned_vol_interaction,20260910,0.5574012102091229,0.5574012102091229,1,1
state90,3464,2025-05-09,2025-05-19,0.0041484224873464,2025,2025-03-31,learned_vol_interaction,20260910,0.31544219351441705,0.31544219351441705,0,1
state90,3469,2025-05-16,2025-05-26,-0.0017462660042188,2025,2025-03-31,learned_vol_interaction,20260910,0.15258816958275687,0.15258816958275687,0,0
state90,3474,2025-05-23,2025-06-03,-0.0109216443615366,2025,2025-03-31,learned_vol_interaction,20260910,0.2808915878173955,0.2808915878173955,0,0
state90,3479,2025-05-30,2025-06-09,0.011566574321892,2025,2025-03-31,learned_vol_interaction,20260910,0.44462717442513766,0.44462717442513766,0,1
state90,3483,2025-06-06,2025-06-16,-0.0062354943524679,2025,2025-03-31,learned_vol_interaction,20260910,0.39936174398524815,0.39936174398524815,0,0
state90,3488,2025-06-13,2025-06-23,-0.005825691168304,2025,2025-03-31,learned_vol_interaction,20260910,0.42738855922302177,0.42738855922302177,0,0
state90,3493,2025-06-20,2025-06-30,0.0232670437490374,2025,2025-03-31,learned_vol_interaction,20260910,0.4725300219244351,0.4725300219244351,0,1
state90,3498,2025-06-27,2025-07-07,0.0145345648685946,2025,2025-03-31,learned_vol_interaction,20260910,0.4581738101787991,0.4581738101787991,0,1
state90,3447,2025-04-11,2025-04-21,-0.0010339232881941,2025,2025-03-31,learned_order_extension,20260910,0.487996689197565,0.487996689197565,0,0
state90,3452,2025-04-18,2025-04-28,0.0048432383085554,2025,2025-03-31,learned_order_extension,20260910,0.5735911549281706,0.5735911549281706,1,1
state90,3457,2025-04-25,2025-05-12,0.02116527880118,2025,2025-03-31,learned_order_extension,20260910,0.5597689079011154,0.5597689079011154,1,1
state90,3464,2025-05-09,2025-05-19,0.0041484224873464,2025,2025-03-31,learned_order_extension,20260910,0.3146738266597134,0.3146738266597134,0,1
state90,3469,2025-05-16,2025-05-26,-0.0017462660042188,2025,2025-03-31,learned_order_extension,20260910,0.1526175157900268,0.1526175157900268,0,0
state90,3474,2025-05-23,2025-06-03,-0.0109216443615366,2025,2025-03-31,learned_order_extension,20260910,0.28135342719892736,0.28135342719892736,0,0
state90,3479,2025-05-30,2025-06-09,0.011566574321892,2025,2025-03-31,learned_order_extension,20260910,0.444935886366889,0.444935886366889,0,1
state90,3483,2025-06-06,2025-06-16,-0.0062354943524679,2025,2025-03-31,learned_order_extension,20260910,0.3996943281946733,0.3996943281946733,0,0
state90,3488,2025-06-13,2025-06-23,-0.005825691168304,2025,2025-03-31,learned_order_extension,20260910,0.4283294349154895,0.4283294349154895,0,0
state90,3493,2025-06-20,2025-06-30,0.0232670437490374,2025,2025-03-31,learned_order_extension,20260910,0.47259681965093225,0.47259681965093225,0,1
state90,3498,2025-06-27,2025-07-07,0.0145345648685946,2025,2025-03-31,learned_order_extension,20260910,0.4583574146168196,0.4583574146168196,0,1
state90,3447,2025-04-11,2025-04-21,-0.0010339232881941,2025,2025-03-31,learned_order_offset,20260910,0.4879141746502549,0.4879141746502549,0,0
state90,3452,2025-04-18,2025-04-28,0.0048432383085554,2025,2025-03-31,learned_order_offset,20260910,0.5735595171457172,0.5735595171457172,1,1
state90,3457,2025-04-25,2025-05-12,0.02116527880118,2025,2025-03-31,learned_order_offset,20260910,0.5597390890926285,0.5597390890926285,1,1
state90,3464,2025-05-09,2025-05-19,0.0041484224873464,2025,2025-03-31,learned_order_offset,20260910,0.31467989094923215,0.31467989094923215,0,1
state90,3469,2025-05-16,2025-05-26,-0.0017462660042188,2025,2025-03-31,learned_order_offset,20260910,0.15260790916801326,0.15260790916801326,0,0
state90,3474,2025-05-23,2025-06-03,-0.0109216443615366,2025,2025-03-31,learned_order_offset,20260910,0.28136424869042237,0.28136424869042237,0,0
state90,3479,2025-05-30,2025-06-09,0.011566574321892,2025,2025-03-31,learned_order_offset,20260910,0.4448598068324379,0.4448598068324379,0,1
state90,3483,2025-06-06,2025-06-16,-0.0062354943524679,2025,2025-03-31,learned_order_offset,20260910,0.3996547612629761,0.3996547612629761,0,0
state90,3488,2025-06-13,2025-06-23,-0.005825691168304,2025,2025-03-31,learned_order_offset,20260910,0.4283254929754554,0.4283254929754554,0,0
state90,3493,2025-06-20,2025-06-30,0.0232670437490374,2025,2025-03-31,learned_order_offset,20260910,0.4725910725395034,0.4725910725395034,0,1
state90,3498,2025-06-27,2025-07-07,0.0145345648685946,2025,2025-03-31,learned_order_offset,20260910,0.45836484802042105,0.45836484802042105,0,1
state90,3447,2025-04-11,2025-04-21,-0.0010339232881941,2025,2025-03-31,native_mse,20260910,0.0003764553317362584,,1,0
state90,3452,2025-04-18,2025-04-28,0.0048432383085554,2025,2025-03-31,native_mse,20260910,0.001972404165182938,,1,1
state90,3457,2025-04-25,2025-05-12,0.02116527880118,2025,2025-03-31,native_mse,20260910,0.0009083560513011399,,1,1
state90,3464,2025-05-09,2025-05-19,0.0041484224873464,2025,2025-03-31,native_mse,20260910,-0.003628854165126455,,0,1
state90,3469,2025-05-16,2025-05-26,-0.0017462660042188,2025,2025-03-31,native_mse,20260910,-0.008814704434235468,,0,0
state90,3474,2025-05-23,2025-06-03,-0.0109216443615366,2025,2025-03-31,native_mse,20260910,-0.006885048978379099,,0,0
state90,3479,2025-05-30,2025-06-09,0.011566574321892,2025,2025-03-31,native_mse,20260910,0.0024903064349453903,,1,1
state90,3483,2025-06-06,2025-06-16,-0.0062354943524679,2025,2025-03-31,native_mse,20260910,0.004716539553232774,,1,0
state90,3488,2025-06-13,2025-06-23,-0.005825691168304,2025,2025-03-31,native_mse,20260910,0.005734119632796297,,1,0
state90,3493,2025-06-20,2025-06-30,0.0232670437490374,2025,2025-03-31,native_mse,20260910,0.006873276017995834,,1,1
state90,3498,2025-06-27,2025-07-07,0.0145345648685946,2025,2025-03-31,native_mse,20260910,0.004220227541813794,,1,1
state90,3447,2025-04-11,2025-04-21,-0.0010339232881941,2025,2025-03-31,training_frequency,-1,0.4738589211618257,0.4738589211618257,0,0
state90,3452,2025-04-18,2025-04-28,0.0048432383085554,2025,2025-03-31,training_frequency,-1,0.4738589211618257,0.4738589211618257,0,1
state90,3457,2025-04-25,2025-05-12,0.02116527880118,2025,2025-03-31,training_frequency,-1,0.4738589211618257,0.4738589211618257,0,1
state90,3464,2025-05-09,2025-05-19,0.0041484224873464,2025,2025-03-31,training_frequency,-1,0.4738589211618257,0.4738589211618257,0,1
state90,3469,2025-05-16,2025-05-26,-0.0017462660042188,2025,2025-03-31,training_frequency,-1,0.4738589211618257,0.4738589211618257,0,0
state90,3474,2025-05-23,2025-06-03,-0.0109216443615366,2025,2025-03-31,training_frequency,-1,0.4738589211618257,0.4738589211618257,0,0
state90,3479,2025-05-30,2025-06-09,0.011566574321892,2025,2025-03-31,training_frequency,-1,0.4738589211618257,0.4738589211618257,0,1
state90,3483,2025-06-06,2025-06-16,-0.0062354943524679,2025,2025-03-31,training_frequency,-1,0.4738589211618257,0.4738589211618257,0,0
state90,3488,2025-06-13,2025-06-23,-0.005825691168304,2025,2025-03-31,training_frequency,-1,0.4738589211618257,0.4738589211618257,0,0
state90,3493,2025-06-20,2025-06-30,0.0232670437490374,2025,2025-03-31,training_frequency,-1,0.4738589211618257,0.4738589211618257,0,1
state90,3498,2025-06-27,2025-07-07,0.0145345648685946,2025,2025-03-31,training_frequency,-1,0.4738589211618257,0.4738589211618257,0,1
state90,3447,2025-04-11,2025-04-21,-0.0010339232881941,2025,2025-03-31,learned_market,20260911,0.5339706112070994,0.5339706112070994,1,0
state90,3452,2025-04-18,2025-04-28,0.0048432383085554,2025,2025-03-31,learned_market,20260911,0.5389785644620063,0.5389785644620063,1,1
state90,3457,2025-04-25,2025-05-12,0.02116527880118,2025,2025-03-31,learned_market,20260911,0.30201021694118185,0.30201021694118185,0,1
state90,3464,2025-05-09,2025-05-19,0.0041484224873464,2025,2025-03-31,learned_market,20260911,0.3027934819439546,0.3027934819439546,0,1
state90,3469,2025-05-16,2025-05-26,-0.0017462660042188,2025,2025-03-31,learned_market,20260911,0.4859979447675756,0.4859979447675756,0,0
state90,3474,2025-05-23,2025-06-03,-0.0109216443615366,2025,2025-03-31,learned_market,20260911,0.5895869306131521,0.5895869306131521,1,0
state90,3479,2025-05-30,2025-06-09,0.011566574321892,2025,2025-03-31,learned_market,20260911,0.46508988646218635,0.46508988646218635,0,1
state90,3483,2025-06-06,2025-06-16,-0.0062354943524679,2025,2025-03-31,learned_market,20260911,0.6346896282172676,0.6346896282172676,1,0
state90,3488,2025-06-13,2025-06-23,-0.005825691168304,2025,2025-03-31,learned_market,20260911,0.44337647444416883,0.44337647444416883,0,0
state90,3493,2025-06-20,2025-06-30,0.0232670437490374,2025,2025-03-31,learned_market,20260911,0.4071251814251424,0.4071251814251424,0,1
state90,3498,2025-06-27,2025-07-07,0.0145345648685946,2025,2025-03-31,learned_market,20260911,0.49400990025801955,0.49400990025801955,0,1
state90,3447,2025-04-11,2025-04-21,-0.0010339232881941,2025,2025-03-31,learned_vol_interaction,20260911,0.5051804137007636,0.5051804137007636,1,0
state90,3452,2025-04-18,2025-04-28,0.0048432383085554,2025,2025-03-31,learned_vol_interaction,20260911,0.5031235711999467,0.5031235711999467,1,1
state90,3457,2025-04-25,2025-05-12,0.02116527880118,2025,2025-03-31,learned_vol_interaction,20260911,0.37231352810377677,0.37231352810377677,0,1
state90,3464,2025-05-09,2025-05-19,0.0041484224873464,2025,2025-03-31,learned_vol_interaction,20260911,0.24908950135017094,0.24908950135017094,0,1
state90,3469,2025-05-16,2025-05-26,-0.0017462660042188,2025,2025-03-31,learned_vol_interaction,20260911,0.4911960464083783,0.4911960464083783,0,0
state90,3474,2025-05-23,2025-06-03,-0.0109216443615366,2025,2025-03-31,learned_vol_interaction,20260911,0.616553442062201,0.616553442062201,1,0
state90,3479,2025-05-30,2025-06-09,0.011566574321892,2025,2025-03-31,learned_vol_interaction,20260911,0.4584028393062967,0.4584028393062967,0,1
state90,3483,2025-06-06,2025-06-16,-0.0062354943524679,2025,2025-03-31,learned_vol_interaction,20260911,0.6812085394860422,0.6812085394860422,1,0
state90,3488,2025-06-13,2025-06-23,-0.005825691168304,2025,2025-03-31,learned_vol_interaction,20260911,0.45420301817464437,0.45420301817464437,0,0
state90,3493,2025-06-20,2025-06-30,0.0232670437490374,2025,2025-03-31,learned_vol_interaction,20260911,0.397051192666087,0.397051192666087,0,1
state90,3498,2025-06-27,2025-07-07,0.0145345648685946,2025,2025-03-31,learned_vol_interaction,20260911,0.5151243336283148,0.5151243336283148,1,1
state90,3447,2025-04-11,2025-04-21,-0.0010339232881941,2025,2025-03-31,learned_order_extension,20260911,0.49165796804414874,0.49165796804414874,0,0
state90,3452,2025-04-18,2025-04-28,0.0048432383085554,2025,2025-03-31,learned_order_extension,20260911,0.49737740631927496,0.49737740631927496,0,1
state90,3457,2025-04-25,2025-05-12,0.02116527880118,2025,2025-03-31,learned_order_extension,20260911,0.3780370628444033,0.3780370628444033,0,1
state90,3464,2025-05-09,2025-05-19,0.0041484224873464,2025,2025-03-31,learned_order_extension,20260911,0.2533439948414495,0.2533439948414495,0,1
state90,3469,2025-05-16,2025-05-26,-0.0017462660042188,2025,2025-03-31,learned_order_extension,20260911,0.49740398998483193,0.49740398998483193,0,0
state90,3474,2025-05-23,2025-06-03,-0.0109216443615366,2025,2025-03-31,learned_order_extension,20260911,0.6267898122809912,0.6267898122809912,1,0
state90,3479,2025-05-30,2025-06-09,0.011566574321892,2025,2025-03-31,learned_order_extension,20260911,0.4608146764167255,0.4608146764167255,0,1
state90,3483,2025-06-06,2025-06-16,-0.0062354943524679,2025,2025-03-31,learned_order_extension,20260911,0.6869346152878459,0.6869346152878459,1,0
state90,3488,2025-06-13,2025-06-23,-0.005825691168304,2025,2025-03-31,learned_order_extension,20260911,0.4554477457590243,0.4554477457590243,0,0
state90,3493,2025-06-20,2025-06-30,0.0232670437490374,2025,2025-03-31,learned_order_extension,20260911,0.390353789899851,0.390353789899851,0,1
state90,3498,2025-06-27,2025-07-07,0.0145345648685946,2025,2025-03-31,learned_order_extension,20260911,0.5179155167809375,0.5179155167809375,1,1
state90,3447,2025-04-11,2025-04-21,-0.0010339232881941,2025,2025-03-31,learned_order_offset,20260911,0.491741737532103,0.491741737532103,0,0
state90,3452,2025-04-18,2025-04-28,0.0048432383085554,2025,2025-03-31,learned_order_offset,20260911,0.4977578304225208,0.4977578304225208,0,1
state90,3457,2025-04-25,2025-05-12,0.02116527880118,2025,2025-03-31,learned_order_offset,20260911,0.3778141719746358,0.3778141719746358,0,1
state90,3464,2025-05-09,2025-05-19,0.0041484224873464,2025,2025-03-31,learned_order_offset,20260911,0.2536806944050115,0.2536806944050115,0,1
state90,3469,2025-05-16,2025-05-26,-0.0017462660042188,2025,2025-03-31,learned_order_offset,20260911,0.4976452619565422,0.4976452619565422,0,0
state90,3474,2025-05-23,2025-06-03,-0.0109216443615366,2025,2025-03-31,learned_order_offset,20260911,0.6267843848267632,0.6267843848267632,1,0
state90,3479,2025-05-30,2025-06-09,0.011566574321892,2025,2025-03-31,learned_order_offset,20260911,0.46081506923183674,0.46081506923183674,0,1
state90,3483,2025-06-06,2025-06-16,-0.0062354943524679,2025,2025-03-31,learned_order_offset,20260911,0.6866911350363377,0.6866911350363377,1,0
state90,3488,2025-06-13,2025-06-23,-0.005825691168304,2025,2025-03-31,learned_order_offset,20260911,0.4555769639178047,0.4555769639178047,0,0
state90,3493,2025-06-20,2025-06-30,0.0232670437490374,2025,2025-03-31,learned_order_offset,20260911,0.3904770720112581,0.3904770720112581,0,1
state90,3498,2025-06-27,2025-07-07,0.0145345648685946,2025,2025-03-31,learned_order_offset,20260911,0.517925995058028,0.517925995058028,1,1
state90,3447,2025-04-11,2025-04-21,-0.0010339232881941,2025,2025-03-31,native_mse,20260911,0.0025106557050959665,,1,0
state90,3452,2025-04-18,2025-04-28,0.0048432383085554,2025,2025-03-31,native_mse,20260911,0.0036010225304794474,,1,1
state90,3457,2025-04-25,2025-05-12,0.02116527880118,2025,2025-03-31,native_mse,20260911,-0.0002720023580205475,,0,1
state90,3464,2025-05-09,2025-05-19,0.0041484224873464,2025,2025-03-31,native_mse,20260911,-0.0006676944069281199,,0,1
state90,3469,2025-05-16,2025-05-26,-0.0017462660042188,2025,2025-03-31,native_mse,20260911,0.0027645905722182267,,1,0
state90,3474,2025-05-23,2025-06-03,-0.0109216443615366,2025,2025-03-31,native_mse,20260911,0.005426495236233276,,1,0
state90,3479,2025-05-30,2025-06-09,0.011566574321892,2025,2025-03-31,native_mse,20260911,0.00028753513682765614,,1,1
state90,3483,2025-06-06,2025-06-16,-0.0062354943524679,2025,2025-03-31,native_mse,20260911,0.00590354963516514,,1,0
state90,3488,2025-06-13,2025-06-23,-0.005825691168304,2025,2025-03-31,native_mse,20260911,0.003878897174069717,,1,0
state90,3493,2025-06-20,2025-06-30,0.0232670437490374,2025,2025-03-31,native_mse,20260911,0.0014875958634192766,,1,1
state90,3498,2025-06-27,2025-07-07,0.0145345648685946,2025,2025-03-31,native_mse,20260911,0.0028411025833807143,,1,1
state90,3447,2025-04-11,2025-04-21,-0.0010339232881941,2025,2025-03-31,learned_market,20260912,0.591203646138952,0.591203646138952,1,0
state90,3452,2025-04-18,2025-04-28,0.0048432383085554,2025,2025-03-31,learned_market,20260912,0.5450944553496572,0.5450944553496572,1,1
state90,3457,2025-04-25,2025-05-12,0.02116527880118,2025,2025-03-31,learned_market,20260912,0.523832860511323,0.523832860511323,1,1
state90,3464,2025-05-09,2025-05-19,0.0041484224873464,2025,2025-03-31,learned_market,20260912,0.21895346051152623,0.21895346051152623,0,1
state90,3469,2025-05-16,2025-05-26,-0.0017462660042188,2025,2025-03-31,learned_market,20260912,0.14754778213407138,0.14754778213407138,0,0
state90,3474,2025-05-23,2025-06-03,-0.0109216443615366,2025,2025-03-31,learned_market,20260912,0.4490238468368554,0.4490238468368554,0,0
state90,3479,2025-05-30,2025-06-09,0.011566574321892,2025,2025-03-31,learned_market,20260912,0.4087501658746459,0.4087501658746459,0,1
state90,3483,2025-06-06,2025-06-16,-0.0062354943524679,2025,2025-03-31,learned_market,20260912,0.5677849887474619,0.5677849887474619,1,0
state90,3488,2025-06-13,2025-06-23,-0.005825691168304,2025,2025-03-31,learned_market,20260912,0.4315592836104081,0.4315592836104081,0,0
state90,3493,2025-06-20,2025-06-30,0.0232670437490374,2025,2025-03-31,learned_market,20260912,0.41867636041055784,0.41867636041055784,0,1
state90,3498,2025-06-27,2025-07-07,0.0145345648685946,2025,2025-03-31,learned_market,20260912,0.49469959184690154,0.49469959184690154,0,1
state90,3447,2025-04-11,2025-04-21,-0.0010339232881941,2025,2025-03-31,learned_vol_interaction,20260912,0.5386185794766684,0.5386185794766684,1,0
state90,3452,2025-04-18,2025-04-28,0.0048432383085554,2025,2025-03-31,learned_vol_interaction,20260912,0.5076862733091132,0.5076862733091132,1,1
state90,3457,2025-04-25,2025-05-12,0.02116527880118,2025,2025-03-31,learned_vol_interaction,20260912,0.49996089352507145,0.49996089352507145,0,1
state90,3464,2025-05-09,2025-05-19,0.0041484224873464,2025,2025-03-31,learned_vol_interaction,20260912,0.16654595291391433,0.16654595291391433,0,1
state90,3469,2025-05-16,2025-05-26,-0.0017462660042188,2025,2025-03-31,learned_vol_interaction,20260912,0.08198005407504697,0.08198005407504697,0,0
state90,3474,2025-05-23,2025-06-03,-0.0109216443615366,2025,2025-03-31,learned_vol_interaction,20260912,0.46777093613816045,0.46777093613816045,0,0
state90,3479,2025-05-30,2025-06-09,0.011566574321892,2025,2025-03-31,learned_vol_interaction,20260912,0.42294280127587963,0.42294280127587963,0,1
state90,3483,2025-06-06,2025-06-16,-0.0062354943524679,2025,2025-03-31,learned_vol_interaction,20260912,0.6344891196607358,0.6344891196607358,1,0
state90,3488,2025-06-13,2025-06-23,-0.005825691168304,2025,2025-03-31,learned_vol_interaction,20260912,0.44118918377250144,0.44118918377250144,0,0
state90,3493,2025-06-20,2025-06-30,0.0232670437490374,2025,2025-03-31,learned_vol_interaction,20260912,0.41513586357468685,0.41513586357468685,0,1
state90,3498,2025-06-27,2025-07-07,0.0145345648685946,2025,2025-03-31,learned_vol_interaction,20260912,0.5164990634259856,0.5164990634259856,1,1
state90,3447,2025-04-11,2025-04-21,-0.0010339232881941,2025,2025-03-31,learned_order_extension,20260912,0.4972773550497118,0.4972773550497118,0,0
state90,3452,2025-04-18,2025-04-28,0.0048432383085554,2025,2025-03-31,learned_order_extension,20260912,0.4867559741447844,0.4867559741447844,0,1
state90,3457,2025-04-25,2025-05-12,0.02116527880118,2025,2025-03-31,learned_order_extension,20260912,0.46912244744005416,0.46912244744005416,0,1
state90,3464,2025-05-09,2025-05-19,0.0041484224873464,2025,2025-03-31,learned_order_extension,20260912,0.18565680803728754,0.18565680803728754,0,1
state90,3469,2025-05-16,2025-05-26,-0.0017462660042188,2025,2025-03-31,learned_order_extension,20260912,0.0764886671279997,0.0764886671279997,0,0
state90,3474,2025-05-23,2025-06-03,-0.0109216443615366,2025,2025-03-31,learned_order_extension,20260912,0.4388868919805063,0.4388868919805063,0,0
state90,3479,2025-05-30,2025-06-09,0.011566574321892,2025,2025-03-31,learned_order_extension,20260912,0.3824048451971446,0.3824048451971446,0,1
state90,3483,2025-06-06,2025-06-16,-0.0062354943524679,2025,2025-03-31,learned_order_extension,20260912,0.6374684448995988,0.6374684448995988,1,0
state90,3488,2025-06-13,2025-06-23,-0.005825691168304,2025,2025-03-31,learned_order_extension,20260912,0.4204302908384,0.4204302908384,0,0
state90,3493,2025-06-20,2025-06-30,0.0232670437490374,2025,2025-03-31,learned_order_extension,20260912,0.38501684179910717,0.38501684179910717,0,1
state90,3498,2025-06-27,2025-07-07,0.0145345648685946,2025,2025-03-31,learned_order_extension,20260912,0.5110099865061024,0.5110099865061024,1,1
state90,3447,2025-04-11,2025-04-21,-0.0010339232881941,2025,2025-03-31,learned_order_offset,20260912,0.49715951958262034,0.49715951958262034,0,0
state90,3452,2025-04-18,2025-04-28,0.0048432383085554,2025,2025-03-31,learned_order_offset,20260912,0.4871184817500733,0.4871184817500733,0,1
state90,3457,2025-04-25,2025-05-12,0.02116527880118,2025,2025-03-31,learned_order_offset,20260912,0.46896021328010706,0.46896021328010706,0,1
state90,3464,2025-05-09,2025-05-19,0.0041484224873464,2025,2025-03-31,learned_order_offset,20260912,0.18695187487144238,0.18695187487144238,0,1
state90,3469,2025-05-16,2025-05-26,-0.0017462660042188,2025,2025-03-31,learned_order_offset,20260912,0.07740752312169209,0.07740752312169209,0,0
state90,3474,2025-05-23,2025-06-03,-0.0109216443615366,2025,2025-03-31,learned_order_offset,20260912,0.43418304452788414,0.43418304452788414,0,0
state90,3479,2025-05-30,2025-06-09,0.011566574321892,2025,2025-03-31,learned_order_offset,20260912,0.37922196404436415,0.37922196404436415,0,1
state90,3483,2025-06-06,2025-06-16,-0.0062354943524679,2025,2025-03-31,learned_order_offset,20260912,0.6343629775811233,0.6343629775811233,1,0
state90,3488,2025-06-13,2025-06-23,-0.005825691168304,2025,2025-03-31,learned_order_offset,20260912,0.418596016649145,0.418596016649145,0,0
state90,3493,2025-06-20,2025-06-30,0.0232670437490374,2025,2025-03-31,learned_order_offset,20260912,0.38405763740224536,0.38405763740224536,0,1
state90,3498,2025-06-27,2025-07-07,0.0145345648685946,2025,2025-03-31,learned_order_offset,20260912,0.510617912057575,0.510617912057575,1,1
state90,3447,2025-04-11,2025-04-21,-0.0010339232881941,2025,2025-03-31,native_mse,20260912,0.0008086375225854492,,1,0
state90,3452,2025-04-18,2025-04-28,0.0048432383085554,2025,2025-03-31,native_mse,20260912,0.0007681414221124439,,1,1
state90,3457,2025-04-25,2025-05-12,0.02116527880118,2025,2025-03-31,native_mse,20260912,0.0007508827899443413,,1,1
state90,3464,2025-05-09,2025-05-19,0.0041484224873464,2025,2025-03-31,native_mse,20260912,0.0006518095912490829,,1,1
state90,3469,2025-05-16,2025-05-26,-0.0017462660042188,2025,2025-03-31,native_mse,20260912,0.0004514302683112801,,1,0
state90,3474,2025-05-23,2025-06-03,-0.0109216443615366,2025,2025-03-31,native_mse,20260912,0.0006338883390941672,,1,0
state90,3479,2025-05-30,2025-06-09,0.011566574321892,2025,2025-03-31,native_mse,20260912,0.0006396479453047744,,1,1
state90,3483,2025-06-06,2025-06-16,-0.0062354943524679,2025,2025-03-31,native_mse,20260912,0.0008096707846713672,,1,0
state90,3488,2025-06-13,2025-06-23,-0.005825691168304,2025,2025-03-31,native_mse,20260912,0.0007331776726404483,,1,0
state90,3493,2025-06-20,2025-06-30,0.0232670437490374,2025,2025-03-31,native_mse,20260912,0.0008053921582345272,,1,1
state90,3498,2025-06-27,2025-07-07,0.0145345648685946,2025,2025-03-31,native_mse,20260912,0.0007717756977229871,,1,1
state90,3567,2025-10-10,2025-10-20,0.015001547584321,2025,2025-09-30,learned_market,20260910,0.6435992742483966,0.6435992742483966,1,1
state90,3572,2025-10-17,2025-10-27,0.0309637052897611,2025,2025-09-30,learned_market,20260910,0.6287121037376326,0.6287121037376326,1,1
state90,3577,2025-10-24,2025-11-03,-0.013331545863497,2025,2025-09-30,learned_market,20260910,0.5516997649170364,0.5516997649170364,1,0
state90,3582,2025-10-31,2025-11-10,0.0110832418536339,2025,2025-09-30,learned_market,20260910,0.6783861268125213,0.6783861268125213,1,1
state90,3587,2025-11-07,2025-11-17,-0.0152107881197579,2025,2025-09-30,learned_market,20260910,0.5266363555012753,0.5266363555012753,1,0
state90,3592,2025-11-14,2025-11-24,-0.031114557454173,2025,2025-09-30,learned_market,20260910,0.4950349584160251,0.4950349584160251,0,0
state90,3597,2025-11-21,2025-12-01,0.0147613767448515,2025,2025-09-30,learned_market,20260910,0.3502528334170131,0.3502528334170131,0,1
state90,3602,2025-11-28,2025-12-08,0.0118853804313106,2025,2025-09-30,learned_market,20260910,0.30847690628240493,0.30847690628240493,0,1
state90,3607,2025-12-05,2025-12-15,-0.0093922675990717,2025,2025-09-30,learned_market,20260910,0.4962226987972121,0.4962226987972121,0,0
state90,3612,2025-12-12,2025-12-22,0.0082791208791208,2025,2025-09-30,learned_market,20260910,0.4928501740521331,0.4928501740521331,0,1
state90,3617,2025-12-19,2025-12-29,0.0153890755001995,2025,2025-09-30,learned_market,20260910,0.48844702706555027,0.48844702706555027,0,1
state90,3622,2025-12-26,2026-01-12,0.0239101640737868,2025,2025-09-30,learned_market,20260910,0.5312079338972673,0.5312079338972673,1,1
state90,3567,2025-10-10,2025-10-20,0.015001547584321,2025,2025-09-30,learned_vol_interaction,20260910,0.6429571235820805,0.6429571235820805,1,1
state90,3572,2025-10-17,2025-10-27,0.0309637052897611,2025,2025-09-30,learned_vol_interaction,20260910,0.629132690558048,0.629132690558048,1,1
state90,3577,2025-10-24,2025-11-03,-0.013331545863497,2025,2025-09-30,learned_vol_interaction,20260910,0.5513165266426138,0.5513165266426138,1,0
state90,3582,2025-10-31,2025-11-10,0.0110832418536339,2025,2025-09-30,learned_vol_interaction,20260910,0.6776834509440302,0.6776834509440302,1,1
state90,3587,2025-11-07,2025-11-17,-0.0152107881197579,2025,2025-09-30,learned_vol_interaction,20260910,0.5253556284701238,0.5253556284701238,1,0
state90,3592,2025-11-14,2025-11-24,-0.031114557454173,2025,2025-09-30,learned_vol_interaction,20260910,0.4948961359012057,0.4948961359012057,0,0
state90,3597,2025-11-21,2025-12-01,0.0147613767448515,2025,2025-09-30,learned_vol_interaction,20260910,0.3495246383368603,0.3495246383368603,0,1
state90,3602,2025-11-28,2025-12-08,0.0118853804313106,2025,2025-09-30,learned_vol_interaction,20260910,0.30605305569658015,0.30605305569658015,0,1
state90,3607,2025-12-05,2025-12-15,-0.0093922675990717,2025,2025-09-30,learned_vol_interaction,20260910,0.49933813056988596,0.49933813056988596,0,0
state90,3612,2025-12-12,2025-12-22,0.0082791208791208,2025,2025-09-30,learned_vol_interaction,20260910,0.49366308847675694,0.49366308847675694,0,1
state90,3617,2025-12-19,2025-12-29,0.0153890755001995,2025,2025-09-30,learned_vol_interaction,20260910,0.49179249004203296,0.49179249004203296,0,1
state90,3622,2025-12-26,2026-01-12,0.0239101640737868,2025,2025-09-30,learned_vol_interaction,20260910,0.5350049750441105,0.5350049750441105,1,1
state90,3567,2025-10-10,2025-10-20,0.015001547584321,2025,2025-09-30,learned_order_extension,20260910,0.641925181049446,0.641925181049446,1,1
state90,3572,2025-10-17,2025-10-27,0.0309637052897611,2025,2025-09-30,learned_order_extension,20260910,0.6331926608699034,0.6331926608699034,1,1
state90,3577,2025-10-24,2025-11-03,-0.013331545863497,2025,2025-09-30,learned_order_extension,20260910,0.5531805968269428,0.5531805968269428,1,0
state90,3582,2025-10-31,2025-11-10,0.0110832418536339,2025,2025-09-30,learned_order_extension,20260910,0.6736535528675377,0.6736535528675377,1,1
state90,3587,2025-11-07,2025-11-17,-0.0152107881197579,2025,2025-09-30,learned_order_extension,20260910,0.5342847556416161,0.5342847556416161,1,0
state90,3592,2025-11-14,2025-11-24,-0.031114557454173,2025,2025-09-30,learned_order_extension,20260910,0.5124430486337752,0.5124430486337752,1,0
state90,3597,2025-11-21,2025-12-01,0.0147613767448515,2025,2025-09-30,learned_order_extension,20260910,0.36511690340852926,0.36511690340852926,0,1
state90,3602,2025-11-28,2025-12-08,0.0118853804313106,2025,2025-09-30,learned_order_extension,20260910,0.3221087522714073,0.3221087522714073,0,1
state90,3607,2025-12-05,2025-12-15,-0.0093922675990717,2025,2025-09-30,learned_order_extension,20260910,0.5095452849797492,0.5095452849797492,1,0
state90,3612,2025-12-12,2025-12-22,0.0082791208791208,2025,2025-09-30,learned_order_extension,20260910,0.49189803064626886,0.49189803064626886,0,1
state90,3617,2025-12-19,2025-12-29,0.0153890755001995,2025,2025-09-30,learned_order_extension,20260910,0.49442564545736295,0.49442564545736295,0,1
state90,3622,2025-12-26,2026-01-12,0.0239101640737868,2025,2025-09-30,learned_order_extension,20260910,0.535884834405052,0.535884834405052,1,1
state90,3567,2025-10-10,2025-10-20,0.015001547584321,2025,2025-09-30,learned_order_offset,20260910,0.6415660899706191,0.6415660899706191,1,1
state90,3572,2025-10-17,2025-10-27,0.0309637052897611,2025,2025-09-30,learned_order_offset,20260910,0.6328235678930864,0.6328235678930864,1,1
state90,3577,2025-10-24,2025-11-03,-0.013331545863497,2025,2025-09-30,learned_order_offset,20260910,0.5529130930565155,0.5529130930565155,1,0
state90,3582,2025-10-31,2025-11-10,0.0110832418536339,2025,2025-09-30,learned_order_offset,20260910,0.6733553958507016,0.6733553958507016,1,1
state90,3587,2025-11-07,2025-11-17,-0.0152107881197579,2025,2025-09-30,learned_order_offset,20260910,0.5342134384491102,0.5342134384491102,1,0
state90,3592,2025-11-14,2025-11-24,-0.031114557454173,2025,2025-09-30,learned_order_offset,20260910,0.5122089548850489,0.5122089548850489,1,0
state90,3597,2025-11-21,2025-12-01,0.0147613767448515,2025,2025-09-30,learned_order_offset,20260910,0.36508919648180993,0.36508919648180993,0,1
state90,3602,2025-11-28,2025-12-08,0.0118853804313106,2025,2025-09-30,learned_order_offset,20260910,0.32213591153340254,0.32213591153340254,0,1
state90,3607,2025-12-05,2025-12-15,-0.0093922675990717,2025,2025-09-30,learned_order_offset,20260910,0.5093535702773954,0.5093535702773954,1,0
state90,3612,2025-12-12,2025-12-22,0.0082791208791208,2025,2025-09-30,learned_order_offset,20260910,0.49172398793570116,0.49172398793570116,0,1
state90,3617,2025-12-19,2025-12-29,0.0153890755001995,2025,2025-09-30,learned_order_offset,20260910,0.4946030913030016,0.4946030913030016,0,1
state90,3622,2025-12-26,2026-01-12,0.0239101640737868,2025,2025-09-30,learned_order_offset,20260910,0.5358123898497301,0.5358123898497301,1,1
state90,3567,2025-10-10,2025-10-20,0.015001547584321,2025,2025-09-30,native_mse,20260910,0.002313081665589868,,1,1
state90,3572,2025-10-17,2025-10-27,0.0309637052897611,2025,2025-09-30,native_mse,20260910,0.0034868770291024537,,1,1
state90,3577,2025-10-24,2025-11-03,-0.013331545863497,2025,2025-09-30,native_mse,20260910,0.0006762561442290357,,1,0
state90,3582,2025-10-31,2025-11-10,0.0110832418536339,2025,2025-09-30,native_mse,20260910,0.004320822262318718,,1,1
state90,3587,2025-11-07,2025-11-17,-0.0152107881197579,2025,2025-09-30,native_mse,20260910,-0.002629664690881513,,0,0
state90,3592,2025-11-14,2025-11-24,-0.031114557454173,2025,2025-09-30,native_mse,20260910,-0.004624677490090262,,0,0
state90,3597,2025-11-21,2025-12-01,0.0147613767448515,2025,2025-09-30,native_mse,20260910,-0.006503123721055792,,0,1
state90,3602,2025-11-28,2025-12-08,0.0118853804313106,2025,2025-09-30,native_mse,20260910,-0.0061309126490518085,,0,1
state90,3607,2025-12-05,2025-12-15,-0.0093922675990717,2025,2025-09-30,native_mse,20260910,-0.0020675315456520162,,0,0
state90,3612,2025-12-12,2025-12-22,0.0082791208791208,2025,2025-09-30,native_mse,20260910,-0.000736216329738361,,0,1
state90,3617,2025-12-19,2025-12-29,0.0153890755001995,2025,2025-09-30,native_mse,20260910,-0.0010231449560132184,,0,1
state90,3622,2025-12-26,2026-01-12,0.0239101640737868,2025,2025-09-30,native_mse,20260910,0.00014387180880524902,,1,1
state90,3567,2025-10-10,2025-10-20,0.015001547584321,2025,2025-09-30,training_frequency,-1,0.48258706467661694,0.48258706467661694,0,1
state90,3572,2025-10-17,2025-10-27,0.0309637052897611,2025,2025-09-30,training_frequency,-1,0.48258706467661694,0.48258706467661694,0,1
state90,3577,2025-10-24,2025-11-03,-0.013331545863497,2025,2025-09-30,training_frequency,-1,0.48258706467661694,0.48258706467661694,0,0
state90,3582,2025-10-31,2025-11-10,0.0110832418536339,2025,2025-09-30,training_frequency,-1,0.48258706467661694,0.48258706467661694,0,1
state90,3587,2025-11-07,2025-11-17,-0.0152107881197579,2025,2025-09-30,training_frequency,-1,0.48258706467661694,0.48258706467661694,0,0
state90,3592,2025-11-14,2025-11-24,-0.031114557454173,2025,2025-09-30,training_frequency,-1,0.48258706467661694,0.48258706467661694,0,0
state90,3597,2025-11-21,2025-12-01,0.0147613767448515,2025,2025-09-30,training_frequency,-1,0.48258706467661694,0.48258706467661694,0,1
state90,3602,2025-11-28,2025-12-08,0.0118853804313106,2025,2025-09-30,training_frequency,-1,0.48258706467661694,0.48258706467661694,0,1
state90,3607,2025-12-05,2025-12-15,-0.0093922675990717,2025,2025-09-30,training_frequency,-1,0.48258706467661694,0.48258706467661694,0,0
state90,3612,2025-12-12,2025-12-22,0.0082791208791208,2025,2025-09-30,training_frequency,-1,0.48258706467661694,0.48258706467661694,0,1
state90,3617,2025-12-19,2025-12-29,0.0153890755001995,2025,2025-09-30,training_frequency,-1,0.48258706467661694,0.48258706467661694,0,1
state90,3622,2025-12-26,2026-01-12,0.0239101640737868,2025,2025-09-30,training_frequency,-1,0.48258706467661694,0.48258706467661694,0,1
state90,3567,2025-10-10,2025-10-20,0.015001547584321,2025,2025-09-30,learned_market,20260911,0.5806663224682966,0.5806663224682966,1,1
state90,3572,2025-10-17,2025-10-27,0.0309637052897611,2025,2025-09-30,learned_market,20260911,0.46647450700195825,0.46647450700195825,0,1
state90,3577,2025-10-24,2025-11-03,-0.013331545863497,2025,2025-09-30,learned_market,20260911,0.5553688477953251,0.5553688477953251,1,0
state90,3582,2025-10-31,2025-11-10,0.0110832418536339,2025,2025-09-30,learned_market,20260911,0.6114233367889323,0.6114233367889323,1,1
state90,3587,2025-11-07,2025-11-17,-0.0152107881197579,2025,2025-09-30,learned_market,20260911,0.6471580973280795,0.6471580973280795,1,0
state90,3592,2025-11-14,2025-11-24,-0.031114557454173,2025,2025-09-30,learned_market,20260911,0.48749767504191344,0.48749767504191344,0,0
state90,3597,2025-11-21,2025-12-01,0.0147613767448515,2025,2025-09-30,learned_market,20260911,0.45929329458016,0.45929329458016,0,1
state90,3602,2025-11-28,2025-12-08,0.0118853804313106,2025,2025-09-30,learned_market,20260911,0.4884098912168414,0.4884098912168414,0,1
state90,3607,2025-12-05,2025-12-15,-0.0093922675990717,2025,2025-09-30,learned_market,20260911,0.5632852553262144,0.5632852553262144,1,0
state90,3612,2025-12-12,2025-12-22,0.0082791208791208,2025,2025-09-30,learned_market,20260911,0.5957234526088288,0.5957234526088288,1,1
state90,3617,2025-12-19,2025-12-29,0.0153890755001995,2025,2025-09-30,learned_market,20260911,0.5957826413797528,0.5957826413797528,1,1
state90,3622,2025-12-26,2026-01-12,0.0239101640737868,2025,2025-09-30,learned_market,20260911,0.5598445612785987,0.5598445612785987,1,1
state90,3567,2025-10-10,2025-10-20,0.015001547584321,2025,2025-09-30,learned_vol_interaction,20260911,0.5725952428111969,0.5725952428111969,1,1
state90,3572,2025-10-17,2025-10-27,0.0309637052897611,2025,2025-09-30,learned_vol_interaction,20260911,0.4622665752884285,0.4622665752884285,0,1
state90,3577,2025-10-24,2025-11-03,-0.013331545863497,2025,2025-09-30,learned_vol_interaction,20260911,0.5550532353626157,0.5550532353626157,1,0
state90,3582,2025-10-31,2025-11-10,0.0110832418536339,2025,2025-09-30,learned_vol_interaction,20260911,0.6087163827678918,0.6087163827678918,1,1
state90,3587,2025-11-07,2025-11-17,-0.0152107881197579,2025,2025-09-30,learned_vol_interaction,20260911,0.6472620052850945,0.6472620052850945,1,0
state90,3592,2025-11-14,2025-11-24,-0.031114557454173,2025,2025-09-30,learned_vol_interaction,20260911,0.4862867782286048,0.4862867782286048,0,0
state90,3597,2025-11-21,2025-12-01,0.0147613767448515,2025,2025-09-30,learned_vol_interaction,20260911,0.4667677201041479,0.4667677201041479,0,1
state90,3602,2025-11-28,2025-12-08,0.0118853804313106,2025,2025-09-30,learned_vol_interaction,20260911,0.4953614437496012,0.4953614437496012,0,1
state90,3607,2025-12-05,2025-12-15,-0.0093922675990717,2025,2025-09-30,learned_vol_interaction,20260911,0.5766976445857427,0.5766976445857427,1,0
state90,3612,2025-12-12,2025-12-22,0.0082791208791208,2025,2025-09-30,learned_vol_interaction,20260911,0.6089157897934144,0.6089157897934144,1,1
state90,3617,2025-12-19,2025-12-29,0.0153890755001995,2025,2025-09-30,learned_vol_interaction,20260911,0.6099399767232881,0.6099399767232881,1,1
state90,3622,2025-12-26,2026-01-12,0.0239101640737868,2025,2025-09-30,learned_vol_interaction,20260911,0.5716868320252088,0.5716868320252088,1,1
state90,3567,2025-10-10,2025-10-20,0.015001547584321,2025,2025-09-30,learned_order_extension,20260911,0.5780098339771998,0.5780098339771998,1,1
state90,3572,2025-10-17,2025-10-27,0.0309637052897611,2025,2025-09-30,learned_order_extension,20260911,0.4619750727487048,0.4619750727487048,0,1
state90,3577,2025-10-24,2025-11-03,-0.013331545863497,2025,2025-09-30,learned_order_extension,20260911,0.5625204755323762,0.5625204755323762,1,0
state90,3582,2025-10-31,2025-11-10,0.0110832418536339,2025,2025-09-30,learned_order_extension,20260911,0.6211735209910709,0.6211735209910709,1,1
state90,3587,2025-11-07,2025-11-17,-0.0152107881197579,2025,2025-09-30,learned_order_extension,20260911,0.6817617257214994,0.6817617257214994,1,0
state90,3592,2025-11-14,2025-11-24,-0.031114557454173,2025,2025-09-30,learned_order_extension,20260911,0.48385075070277395,0.48385075070277395,0,0
state90,3597,2025-11-21,2025-12-01,0.0147613767448515,2025,2025-09-30,learned_order_extension,20260911,0.45238851569453836,0.45238851569453836,0,1
state90,3602,2025-11-28,2025-12-08,0.0118853804313106,2025,2025-09-30,learned_order_extension,20260911,0.4969411131813146,0.4969411131813146,0,1
state90,3607,2025-12-05,2025-12-15,-0.0093922675990717,2025,2025-09-30,learned_order_extension,20260911,0.6019354294256841,0.6019354294256841,1,0
state90,3612,2025-12-12,2025-12-22,0.0082791208791208,2025,2025-09-30,learned_order_extension,20260911,0.6422441557468097,0.6422441557468097,1,1
state90,3617,2025-12-19,2025-12-29,0.0153890755001995,2025,2025-09-30,learned_order_extension,20260911,0.6296444362415561,0.6296444362415561,1,1
state90,3622,2025-12-26,2026-01-12,0.0239101640737868,2025,2025-09-30,learned_order_extension,20260911,0.5725283069788549,0.5725283069788549,1,1
state90,3567,2025-10-10,2025-10-20,0.015001547584321,2025,2025-09-30,learned_order_offset,20260911,0.5775758021991055,0.5775758021991055,1,1
state90,3572,2025-10-17,2025-10-27,0.0309637052897611,2025,2025-09-30,learned_order_offset,20260911,0.46238008767604794,0.46238008767604794,0,1
state90,3577,2025-10-24,2025-11-03,-0.013331545863497,2025,2025-09-30,learned_order_offset,20260911,0.562788129670054,0.562788129670054,1,0
state90,3582,2025-10-31,2025-11-10,0.0110832418536339,2025,2025-09-30,learned_order_offset,20260911,0.620016659752629,0.620016659752629,1,1
state90,3587,2025-11-07,2025-11-17,-0.0152107881197579,2025,2025-09-30,learned_order_offset,20260911,0.6809904572922887,0.6809904572922887,1,0
state90,3592,2025-11-14,2025-11-24,-0.031114557454173,2025,2025-09-30,learned_order_offset,20260911,0.48321822472911274,0.48321822472911274,0,0
state90,3597,2025-11-21,2025-12-01,0.0147613767448515,2025,2025-09-30,learned_order_offset,20260911,0.45138374575038465,0.45138374575038465,0,1
state90,3602,2025-11-28,2025-12-08,0.0118853804313106,2025,2025-09-30,learned_order_offset,20260911,0.49652671541090343,0.49652671541090343,0,1
state90,3607,2025-12-05,2025-12-15,-0.0093922675990717,2025,2025-09-30,learned_order_offset,20260911,0.6014320070867115,0.6014320070867115,1,0
state90,3612,2025-12-12,2025-12-22,0.0082791208791208,2025,2025-09-30,learned_order_offset,20260911,0.6414903220526852,0.6414903220526852,1,1
state90,3617,2025-12-19,2025-12-29,0.0153890755001995,2025,2025-09-30,learned_order_offset,20260911,0.6281143099937878,0.6281143099937878,1,1
state90,3622,2025-12-26,2026-01-12,0.0239101640737868,2025,2025-09-30,learned_order_offset,20260911,0.5715110488910421,0.5715110488910421,1,1
state90,3567,2025-10-10,2025-10-20,0.015001547584321,2025,2025-09-30,native_mse,20260911,-7.997717041398307e-05,,0,1
state90,3572,2025-10-17,2025-10-27,0.0309637052897611,2025,2025-09-30,native_mse,20260911,-0.00014736527617291217,,0,1
state90,3577,2025-10-24,2025-11-03,-0.013331545863497,2025,2025-09-30,native_mse,20260911,-9.006593323211643e-05,,0,0
state90,3582,2025-10-31,2025-11-10,0.0110832418536339,2025,2025-09-30,native_mse,20260911,-3.377812509493174e-05,,0,1
state90,3587,2025-11-07,2025-11-17,-0.0152107881197579,2025,2025-09-30,native_mse,20260911,-2.0406205722129376e-05,,0,0
state90,3592,2025-11-14,2025-11-24,-0.031114557454173,2025,2025-09-30,native_mse,20260911,-0.00014200553907473825,,0,0
state90,3597,2025-11-21,2025-12-01,0.0147613767448515,2025,2025-09-30,native_mse,20260911,-0.00013603866369803392,,0,1
state90,3602,2025-11-28,2025-12-08,0.0118853804313106,2025,2025-09-30,native_mse,20260911,-0.0001271179217769145,,0,1
state90,3607,2025-12-05,2025-12-15,-0.0093922675990717,2025,2025-09-30,native_mse,20260911,-7.637315778028056e-05,,0,0
state90,3612,2025-12-12,2025-12-22,0.0082791208791208,2025,2025-09-30,native_mse,20260911,-5.936537589686924e-05,,0,1
state90,3617,2025-12-19,2025-12-29,0.0153890755001995,2025,2025-09-30,native_mse,20260911,-3.5366375782314174e-05,,0,1
state90,3622,2025-12-26,2026-01-12,0.0239101640737868,2025,2025-09-30,native_mse,20260911,-3.4760547120432915e-05,,0,1
state90,3567,2025-10-10,2025-10-20,0.015001547584321,2025,2025-09-30,learned_market,20260912,0.5190028709901674,0.5190028709901674,1,1
state90,3572,2025-10-17,2025-10-27,0.0309637052897611,2025,2025-09-30,learned_market,20260912,0.48857883826018117,0.48857883826018117,0,1
state90,3577,2025-10-24,2025-11-03,-0.013331545863497,2025,2025-09-30,learned_market,20260912,0.415742047688649,0.415742047688649,0,0
state90,3582,2025-10-31,2025-11-10,0.0110832418536339,2025,2025-09-30,learned_market,20260912,0.5208417165229731,0.5208417165229731,1,1
state90,3587,2025-11-07,2025-11-17,-0.0152107881197579,2025,2025-09-30,learned_market,20260912,0.5001910121454797,0.5001910121454797,1,0
state90,3592,2025-11-14,2025-11-24,-0.031114557454173,2025,2025-09-30,learned_market,20260912,0.5839730130526706,0.5839730130526706,1,0
state90,3597,2025-11-21,2025-12-01,0.0147613767448515,2025,2025-09-30,learned_market,20260912,0.5879076240430555,0.5879076240430555,1,1
state90,3602,2025-11-28,2025-12-08,0.0118853804313106,2025,2025-09-30,learned_market,20260912,0.48042140009752116,0.48042140009752116,0,1
state90,3607,2025-12-05,2025-12-15,-0.0093922675990717,2025,2025-09-30,learned_market,20260912,0.41767011119413566,0.41767011119413566,0,0
state90,3612,2025-12-12,2025-12-22,0.0082791208791208,2025,2025-09-30,learned_market,20260912,0.46066988114999535,0.46066988114999535,0,1
state90,3617,2025-12-19,2025-12-29,0.0153890755001995,2025,2025-09-30,learned_market,20260912,0.5622049039624527,0.5622049039624527,1,1
state90,3622,2025-12-26,2026-01-12,0.0239101640737868,2025,2025-09-30,learned_market,20260912,0.5300974016999505,0.5300974016999505,1,1
state90,3567,2025-10-10,2025-10-20,0.015001547584321,2025,2025-09-30,learned_vol_interaction,20260912,0.5250398387213334,0.5250398387213334,1,1
state90,3572,2025-10-17,2025-10-27,0.0309637052897611,2025,2025-09-30,learned_vol_interaction,20260912,0.49298702479299855,0.49298702479299855,0,1
state90,3577,2025-10-24,2025-11-03,-0.013331545863497,2025,2025-09-30,learned_vol_interaction,20260912,0.41683139397843294,0.41683139397843294,0,0
state90,3582,2025-10-31,2025-11-10,0.0110832418536339,2025,2025-09-30,learned_vol_interaction,20260912,0.5290838733048993,0.5290838733048993,1,1
state90,3587,2025-11-07,2025-11-17,-0.0152107881197579,2025,2025-09-30,learned_vol_interaction,20260912,0.5120351288389733,0.5120351288389733,1,0
state90,3592,2025-11-14,2025-11-24,-0.031114557454173,2025,2025-09-30,learned_vol_interaction,20260912,0.5907899574966257,0.5907899574966257,1,0
state90,3597,2025-11-21,2025-12-01,0.0147613767448515,2025,2025-09-30,learned_vol_interaction,20260912,0.5941612278717225,0.5941612278717225,1,1
state90,3602,2025-11-28,2025-12-08,0.0118853804313106,2025,2025-09-30,learned_vol_interaction,20260912,0.4799693920854184,0.4799693920854184,0,1
state90,3607,2025-12-05,2025-12-15,-0.0093922675990717,2025,2025-09-30,learned_vol_interaction,20260912,0.4239437974807962,0.4239437974807962,0,0
state90,3612,2025-12-12,2025-12-22,0.0082791208791208,2025,2025-09-30,learned_vol_interaction,20260912,0.4689701912921153,0.4689701912921153,0,1
state90,3617,2025-12-19,2025-12-29,0.0153890755001995,2025,2025-09-30,learned_vol_interaction,20260912,0.5585723465087064,0.5585723465087064,1,1
state90,3622,2025-12-26,2026-01-12,0.0239101640737868,2025,2025-09-30,learned_vol_interaction,20260912,0.5335268648909843,0.5335268648909843,1,1
state90,3567,2025-10-10,2025-10-20,0.015001547584321,2025,2025-09-30,learned_order_extension,20260912,0.5164679866820294,0.5164679866820294,1,1
state90,3572,2025-10-17,2025-10-27,0.0309637052897611,2025,2025-09-30,learned_order_extension,20260912,0.4901449330226442,0.4901449330226442,0,1
state90,3577,2025-10-24,2025-11-03,-0.013331545863497,2025,2025-09-30,learned_order_extension,20260912,0.4057876612185737,0.4057876612185737,0,0
state90,3582,2025-10-31,2025-11-10,0.0110832418536339,2025,2025-09-30,learned_order_extension,20260912,0.5243666834808366,0.5243666834808366,1,1
state90,3587,2025-11-07,2025-11-17,-0.0152107881197579,2025,2025-09-30,learned_order_extension,20260912,0.5026326433389663,0.5026326433389663,1,0
state90,3592,2025-11-14,2025-11-24,-0.031114557454173,2025,2025-09-30,learned_order_extension,20260912,0.611688920341953,0.611688920341953,1,0
state90,3597,2025-11-21,2025-12-01,0.0147613767448515,2025,2025-09-30,learned_order_extension,20260912,0.6200140233516066,0.6200140233516066,1,1
state90,3602,2025-11-28,2025-12-08,0.0118853804313106,2025,2025-09-30,learned_order_extension,20260912,0.48594727914852237,0.48594727914852237,0,1
state90,3607,2025-12-05,2025-12-15,-0.0093922675990717,2025,2025-09-30,learned_order_extension,20260912,0.396810735403104,0.396810735403104,0,0
state90,3612,2025-12-12,2025-12-22,0.0082791208791208,2025,2025-09-30,learned_order_extension,20260912,0.47513517334864697,0.47513517334864697,0,1
state90,3617,2025-12-19,2025-12-29,0.0153890755001995,2025,2025-09-30,learned_order_extension,20260912,0.5834439045219089,0.5834439045219089,1,1
state90,3622,2025-12-26,2026-01-12,0.0239101640737868,2025,2025-09-30,learned_order_extension,20260912,0.5428163625965078,0.5428163625965078,1,1
state90,3567,2025-10-10,2025-10-20,0.015001547584321,2025,2025-09-30,learned_order_offset,20260912,0.5152638320938057,0.5152638320938057,1,1
state90,3572,2025-10-17,2025-10-27,0.0309637052897611,2025,2025-09-30,learned_order_offset,20260912,0.4896411937798008,0.4896411937798008,0,1
state90,3577,2025-10-24,2025-11-03,-0.013331545863497,2025,2025-09-30,learned_order_offset,20260912,0.40578185998135,0.40578185998135,0,0
state90,3582,2025-10-31,2025-11-10,0.0110832418536339,2025,2025-09-30,learned_order_offset,20260912,0.5236385577499212,0.5236385577499212,1,1
state90,3587,2025-11-07,2025-11-17,-0.0152107881197579,2025,2025-09-30,learned_order_offset,20260912,0.5017856670803632,0.5017856670803632,1,0
state90,3592,2025-11-14,2025-11-24,-0.031114557454173,2025,2025-09-30,learned_order_offset,20260912,0.6104527463375279,0.6104527463375279,1,0
state90,3597,2025-11-21,2025-12-01,0.0147613767448515,2025,2025-09-30,learned_order_offset,20260912,0.6194948083301773,0.6194948083301773,1,1
state90,3602,2025-11-28,2025-12-08,0.0118853804313106,2025,2025-09-30,learned_order_offset,20260912,0.4863804521761509,0.4863804521761509,0,1
state90,3607,2025-12-05,2025-12-15,-0.0093922675990717,2025,2025-09-30,learned_order_offset,20260912,0.3978303154781289,0.3978303154781289,0,0
state90,3612,2025-12-12,2025-12-22,0.0082791208791208,2025,2025-09-30,learned_order_offset,20260912,0.47691761310154657,0.47691761310154657,0,1
state90,3617,2025-12-19,2025-12-29,0.0153890755001995,2025,2025-09-30,learned_order_offset,20260912,0.5836752133829377,0.5836752133829377,1,1
state90,3622,2025-12-26,2026-01-12,0.0239101640737868,2025,2025-09-30,learned_order_offset,20260912,0.5435022156730848,0.5435022156730848,1,1
state90,3567,2025-10-10,2025-10-20,0.015001547584321,2025,2025-09-30,native_mse,20260912,-1.2733908256446169e-05,,0,1
state90,3572,2025-10-17,2025-10-27,0.0309637052897611,2025,2025-09-30,native_mse,20260912,-2.295756158943857e-05,,0,1
state90,3577,2025-10-24,2025-11-03,-0.013331545863497,2025,2025-09-30,native_mse,20260912,-3.0373842096385992e-05,,0,0
state90,3582,2025-10-31,2025-11-10,0.0110832418536339,2025,2025-09-30,native_mse,20260912,-1.297786364584357e-05,,0,1
state90,3587,2025-11-07,2025-11-17,-0.0152107881197579,2025,2025-09-30,native_mse,20260912,-5.364642987202e-06,,0,0
state90,3592,2025-11-14,2025-11-24,-0.031114557454173,2025,2025-09-30,native_mse,20260912,6.096126617211728e-06,,1,0
state90,3597,2025-11-21,2025-12-01,0.0147613767448515,2025,2025-09-30,native_mse,20260912,1.0520221196590938e-05,,1,1
state90,3602,2025-11-28,2025-12-08,0.0118853804313106,2025,2025-09-30,native_mse,20260912,-1.841669431746864e-06,,0,1
state90,3607,2025-12-05,2025-12-15,-0.0093922675990717,2025,2025-09-30,native_mse,20260912,-1.44822726753496e-05,,0,0
state90,3612,2025-12-12,2025-12-22,0.0082791208791208,2025,2025-09-30,native_mse,20260912,-7.758098375127207e-06,,0,1
state90,3617,2025-12-19,2025-12-29,0.0153890755001995,2025,2025-09-30,native_mse,20260912,1.9513044418077724e-05,,1,1
state90,3622,2025-12-26,2026-01-12,0.0239101640737868,2025,2025-09-30,native_mse,20260912,1.9732955245797346e-05,,1,1
state90,3630,2026-01-09,2026-01-19,-0.0103697336282536,2026,2025-12-31,learned_market,20260910,0.5209270458842004,0.5209270458842004,1,0
state90,3635,2026-01-16,2026-01-26,-0.0010190267764643,2026,2025-12-31,learned_market,20260910,0.5197139065453521,0.5197139065453521,1,0
state90,3640,2026-01-23,2026-02-02,-0.0087161586128796,2026,2025-12-31,learned_market,20260910,0.2755814653004309,0.2755814653004309,0,0
state90,3645,2026-01-30,2026-02-09,0.0041482324550519,2026,2025-12-31,learned_market,20260910,0.41561123934774186,0.41561123934774186,0,1
state90,3650,2026-02-06,2026-02-24,0.0071649689901505,2026,2025-12-31,learned_market,20260910,0.5571228245636697,0.5571228245636697,1,1
state90,3655,2026-02-13,2026-03-02,-0.0097920588919678,2026,2025-12-31,learned_market,20260910,0.4304939364707622,0.4304939364707622,0,0
state90,3659,2026-02-27,2026-03-09,-0.0172526869201304,2026,2025-12-31,learned_market,20260910,0.5160143853208942,0.5160143853208942,1,0
state90,3664,2026-03-06,2026-03-16,0.0149926634422041,2026,2025-12-31,learned_market,20260910,0.4236869357819852,0.4236869357819852,0,1
state90,3669,2026-03-13,2026-03-23,-0.0364343509194254,2026,2025-12-31,learned_market,20260910,0.40086366037455606,0.40086366037455606,0,0
state90,3674,2026-03-20,2026-03-30,-0.0083038829988221,2026,2025-12-31,learned_market,20260910,0.43855196230093557,0.43855196230093557,0,0
state90,3679,2026-03-27,2026-04-07,-0.0035591495694504,2026,2025-12-31,learned_market,20260910,0.5651756750942187,0.5651756750942187,1,0
state90,3684,2026-04-03,2026-04-13,0.0380736235508991,2026,2025-12-31,learned_market,20260910,0.5135356772227653,0.5135356772227653,1,1
state90,3688,2026-04-10,2026-04-20,0.0242766725964382,2026,2025-12-31,learned_market,20260910,0.4414243711182377,0.4414243711182377,0,1
state90,3693,2026-04-17,2026-04-27,0.010401572188011,2026,2025-12-31,learned_market,20260910,0.5274890760934624,0.5274890760934624,1,1
state90,3698,2026-04-24,2026-05-11,0.0263674696524953,2026,2025-12-31,learned_market,20260910,0.5599058490281199,0.5599058490281199,1,1
state90,3705,2026-05-08,2026-05-18,-0.0134529239455926,2026,2025-12-31,learned_market,20260910,0.7550729207988254,0.7550729207988254,1,0
state90,3710,2026-05-15,2026-05-25,0.0076235492615268,2026,2025-12-31,learned_market,20260910,0.804363668790624,0.804363668790624,1,1
state90,3715,2026-05-22,2026-06-01,0.005068538126898,2026,2025-12-31,learned_market,20260910,0.34489025597783224,0.34489025597783224,0,1
state90,3720,2026-05-29,2026-06-08,-0.039635353927193,2026,2025-12-31,learned_market,20260910,0.4051698015001944,0.4051698015001944,0,0
state90,3725,2026-06-05,2026-06-15,0.0266849782195981,2026,2025-12-31,learned_market,20260910,0.43325058670455674,0.43325058670455674,0,1
state90,3730,2026-06-12,2026-06-29,0.0076098142791176,2026,2025-12-31,learned_market,20260910,0.4284564728112197,0.4284564728112197,0,1
state90,3739,2026-06-26,2026-07-06,0.0005137647861506,2026,2025-12-31,learned_market,20260910,0.5031202151919982,0.5031202151919982,1,1
state90,3744,2026-07-03,2026-07-13,-0.0252847876365399,2026,2025-12-31,learned_market,20260910,0.48746869649780666,0.48746869649780666,0,0
state90,3749,2026-07-10,2026-07-20,-0.035775397012711,2026,2025-12-31,learned_market,20260910,0.5959903216474544,0.5959903216474544,1,0
state90,3754,2026-07-17,2026-07-27,0.01756245533441,2026,2025-12-31,learned_market,20260910,0.5449511844259397,0.5449511844259397,1,1
state90,3759,2026-07-24,2026-08-03,-0.0202339761556519,2026,2025-12-31,learned_market,20260910,0.5453196593301617,0.5453196593301617,1,0
state90,3764,2026-07-31,2026-08-10,0.0300318732435738,2026,2025-12-31,learned_market,20260910,0.2767208007713581,0.2767208007713581,0,1
state90,3769,2026-08-07,2026-08-17,-0.0056482265760339,2026,2025-12-31,learned_market,20260910,0.5027122241666967,0.5027122241666967,1,0
state90,3774,2026-08-14,2026-08-24,-0.0109860710402629,2026,2025-12-31,learned_market,20260910,0.5310817605680674,0.5310817605680674,1,0
state90,3779,2026-08-21,2026-08-31,-0.0127592811002066,2026,2025-12-31,learned_market,20260910,0.6651537896005871,0.6651537896005871,1,0
state90,3630,2026-01-09,2026-01-19,-0.0103697336282536,2026,2025-12-31,learned_vol_interaction,20260910,0.5249822005515526,0.5249822005515526,1,0
state90,3635,2026-01-16,2026-01-26,-0.0010190267764643,2026,2025-12-31,learned_vol_interaction,20260910,0.5217999415123397,0.5217999415123397,1,0
state90,3640,2026-01-23,2026-02-02,-0.0087161586128796,2026,2025-12-31,learned_vol_interaction,20260910,0.2703686171181188,0.2703686171181188,0,0
state90,3645,2026-01-30,2026-02-09,0.0041482324550519,2026,2025-12-31,learned_vol_interaction,20260910,0.4125281641526105,0.4125281641526105,0,1
state90,3650,2026-02-06,2026-02-24,0.0071649689901505,2026,2025-12-31,learned_vol_interaction,20260910,0.5560675092745206,0.5560675092745206,1,1
state90,3655,2026-02-13,2026-03-02,-0.0097920588919678,2026,2025-12-31,learned_vol_interaction,20260910,0.4244643603856174,0.4244643603856174,0,0
state90,3659,2026-02-27,2026-03-09,-0.0172526869201304,2026,2025-12-31,learned_vol_interaction,20260910,0.5169468531475478,0.5169468531475478,1,0
state90,3664,2026-03-06,2026-03-16,0.0149926634422041,2026,2025-12-31,learned_vol_interaction,20260910,0.42392001130005047,0.42392001130005047,0,1
state90,3669,2026-03-13,2026-03-23,-0.0364343509194254,2026,2025-12-31,learned_vol_interaction,20260910,0.3996582436829412,0.3996582436829412,0,0
state90,3674,2026-03-20,2026-03-30,-0.0083038829988221,2026,2025-12-31,learned_vol_interaction,20260910,0.4401239045442557,0.4401239045442557,0,0
state90,3679,2026-03-27,2026-04-07,-0.0035591495694504,2026,2025-12-31,learned_vol_interaction,20260910,0.5634266232389387,0.5634266232389387,1,0
state90,3684,2026-04-03,2026-04-13,0.0380736235508991,2026,2025-12-31,learned_vol_interaction,20260910,0.515659416956686,0.515659416956686,1,1
state90,3688,2026-04-10,2026-04-20,0.0242766725964382,2026,2025-12-31,learned_vol_interaction,20260910,0.4493722448458667,0.4493722448458667,0,1
state90,3693,2026-04-17,2026-04-27,0.010401572188011,2026,2025-12-31,learned_vol_interaction,20260910,0.5273621904757047,0.5273621904757047,1,1
state90,3698,2026-04-24,2026-05-11,0.0263674696524953,2026,2025-12-31,learned_vol_interaction,20260910,0.562569101111175,0.562569101111175,1,1
state90,3705,2026-05-08,2026-05-18,-0.0134529239455926,2026,2025-12-31,learned_vol_interaction,20260910,0.7583539673291619,0.7583539673291619,1,0
state90,3710,2026-05-15,2026-05-25,0.0076235492615268,2026,2025-12-31,learned_vol_interaction,20260910,0.808954967014337,0.808954967014337,1,1
state90,3715,2026-05-22,2026-06-01,0.005068538126898,2026,2025-12-31,learned_vol_interaction,20260910,0.3451660204622861,0.3451660204622861,0,1
state90,3720,2026-05-29,2026-06-08,-0.039635353927193,2026,2025-12-31,learned_vol_interaction,20260910,0.40602485778719405,0.40602485778719405,0,0
state90,3725,2026-06-05,2026-06-15,0.0266849782195981,2026,2025-12-31,learned_vol_interaction,20260910,0.432960289448338,0.432960289448338,0,1
state90,3730,2026-06-12,2026-06-29,0.0076098142791176,2026,2025-12-31,learned_vol_interaction,20260910,0.4280160370991171,0.4280160370991171,0,1
state90,3739,2026-06-26,2026-07-06,0.0005137647861506,2026,2025-12-31,learned_vol_interaction,20260910,0.5090642838694552,0.5090642838694552,1,1
state90,3744,2026-07-03,2026-07-13,-0.0252847876365399,2026,2025-12-31,learned_vol_interaction,20260910,0.49593440700267954,0.49593440700267954,0,0
state90,3749,2026-07-10,2026-07-20,-0.035775397012711,2026,2025-12-31,learned_vol_interaction,20260910,0.5920303453730118,0.5920303453730118,1,0
state90,3754,2026-07-17,2026-07-27,0.01756245533441,2026,2025-12-31,learned_vol_interaction,20260910,0.5400320366057051,0.5400320366057051,1,1
state90,3759,2026-07-24,2026-08-03,-0.0202339761556519,2026,2025-12-31,learned_vol_interaction,20260910,0.5452135003498544,0.5452135003498544,1,0
state90,3764,2026-07-31,2026-08-10,0.0300318732435738,2026,2025-12-31,learned_vol_interaction,20260910,0.2927729237284659,0.2927729237284659,0,1
state90,3769,2026-08-07,2026-08-17,-0.0056482265760339,2026,2025-12-31,learned_vol_interaction,20260910,0.5018241632757133,0.5018241632757133,1,0
state90,3774,2026-08-14,2026-08-24,-0.0109860710402629,2026,2025-12-31,learned_vol_interaction,20260910,0.5283667849838735,0.5283667849838735,1,0
state90,3779,2026-08-21,2026-08-31,-0.0127592811002066,2026,2025-12-31,learned_vol_interaction,20260910,0.6645868105074454,0.6645868105074454,1,0
state90,3630,2026-01-09,2026-01-19,-0.0103697336282536,2026,2025-12-31,learned_order_extension,20260910,0.5118603699776423,0.5118603699776423,1,0
state90,3635,2026-01-16,2026-01-26,-0.0010190267764643,2026,2025-12-31,learned_order_extension,20260910,0.5121161981098539,0.5121161981098539,1,0
state90,3640,2026-01-23,2026-02-02,-0.0087161586128796,2026,2025-12-31,learned_order_extension,20260910,0.2938325386236829,0.2938325386236829,0,0
state90,3645,2026-01-30,2026-02-09,0.0041482324550519,2026,2025-12-31,learned_order_extension,20260910,0.43621861720931454,0.43621861720931454,0,1
state90,3650,2026-02-06,2026-02-24,0.0071649689901505,2026,2025-12-31,learned_order_extension,20260910,0.5517322930511716,0.5517322930511716,1,1
state90,3655,2026-02-13,2026-03-02,-0.0097920588919678,2026,2025-12-31,learned_order_extension,20260910,0.4214021419664105,0.4214021419664105,0,0
state90,3659,2026-02-27,2026-03-09,-0.0172526869201304,2026,2025-12-31,learned_order_extension,20260910,0.5148692090014166,0.5148692090014166,1,0
state90,3664,2026-03-06,2026-03-16,0.0149926634422041,2026,2025-12-31,learned_order_extension,20260910,0.43198850893548346,0.43198850893548346,0,1
state90,3669,2026-03-13,2026-03-23,-0.0364343509194254,2026,2025-12-31,learned_order_extension,20260910,0.42629911883001154,0.42629911883001154,0,0
state90,3674,2026-03-20,2026-03-30,-0.0083038829988221,2026,2025-12-31,learned_order_extension,20260910,0.4749564207401761,0.4749564207401761,0,0
state90,3679,2026-03-27,2026-04-07,-0.0035591495694504,2026,2025-12-31,learned_order_extension,20260910,0.5307522668879032,0.5307522668879032,1,0
state90,3684,2026-04-03,2026-04-13,0.0380736235508991,2026,2025-12-31,learned_order_extension,20260910,0.4794368120870296,0.4794368120870296,0,1
state90,3688,2026-04-10,2026-04-20,0.0242766725964382,2026,2025-12-31,learned_order_extension,20260910,0.46167487445755256,0.46167487445755256,0,1
state90,3693,2026-04-17,2026-04-27,0.010401572188011,2026,2025-12-31,learned_order_extension,20260910,0.48915840397780913,0.48915840397780913,0,1
state90,3698,2026-04-24,2026-05-11,0.0263674696524953,2026,2025-12-31,learned_order_extension,20260910,0.5334939283024217,0.5334939283024217,1,1
state90,3705,2026-05-08,2026-05-18,-0.0134529239455926,2026,2025-12-31,learned_order_extension,20260910,0.6608729457947353,0.6608729457947353,1,0
state90,3710,2026-05-15,2026-05-25,0.0076235492615268,2026,2025-12-31,learned_order_extension,20260910,0.6621456099988644,0.6621456099988644,1,1
state90,3715,2026-05-22,2026-06-01,0.005068538126898,2026,2025-12-31,learned_order_extension,20260910,0.40802462143294466,0.40802462143294466,0,1
state90,3720,2026-05-29,2026-06-08,-0.039635353927193,2026,2025-12-31,learned_order_extension,20260910,0.4710367249905899,0.4710367249905899,0,0
state90,3725,2026-06-05,2026-06-15,0.0266849782195981,2026,2025-12-31,learned_order_extension,20260910,0.4787674603567685,0.4787674603567685,0,1
state90,3730,2026-06-12,2026-06-29,0.0076098142791176,2026,2025-12-31,learned_order_extension,20260910,0.46726942898894935,0.46726942898894935,0,1
state90,3739,2026-06-26,2026-07-06,0.0005137647861506,2026,2025-12-31,learned_order_extension,20260910,0.50390759823315,0.50390759823315,1,1
state90,3744,2026-07-03,2026-07-13,-0.0252847876365399,2026,2025-12-31,learned_order_extension,20260910,0.5209645843255333,0.5209645843255333,1,0
state90,3749,2026-07-10,2026-07-20,-0.035775397012711,2026,2025-12-31,learned_order_extension,20260910,0.5454797914275038,0.5454797914275038,1,0
state90,3754,2026-07-17,2026-07-27,0.01756245533441,2026,2025-12-31,learned_order_extension,20260910,0.509635762223466,0.509635762223466,1,1
state90,3759,2026-07-24,2026-08-03,-0.0202339761556519,2026,2025-12-31,learned_order_extension,20260910,0.518520792881256,0.518520792881256,1,0
state90,3764,2026-07-31,2026-08-10,0.0300318732435738,2026,2025-12-31,learned_order_extension,20260910,0.36135032927063787,0.36135032927063787,0,1
state90,3769,2026-08-07,2026-08-17,-0.0056482265760339,2026,2025-12-31,learned_order_extension,20260910,0.4821947855603083,0.4821947855603083,0,0
state90,3774,2026-08-14,2026-08-24,-0.0109860710402629,2026,2025-12-31,learned_order_extension,20260910,0.49567013865267634,0.49567013865267634,0,0
state90,3779,2026-08-21,2026-08-31,-0.0127592811002066,2026,2025-12-31,learned_order_extension,20260910,0.5942017644460034,0.5942017644460034,1,0
state90,3630,2026-01-09,2026-01-19,-0.0103697336282536,2026,2025-12-31,learned_order_offset,20260910,0.5108025931769093,0.5108025931769093,1,0
state90,3635,2026-01-16,2026-01-26,-0.0010190267764643,2026,2025-12-31,learned_order_offset,20260910,0.5113982623384066,0.5113982623384066,1,0
state90,3640,2026-01-23,2026-02-02,-0.0087161586128796,2026,2025-12-31,learned_order_offset,20260910,0.2944555803643879,0.2944555803643879,0,0
state90,3645,2026-01-30,2026-02-09,0.0041482324550519,2026,2025-12-31,learned_order_offset,20260910,0.43663121014690576,0.43663121014690576,0,1
state90,3650,2026-02-06,2026-02-24,0.0071649689901505,2026,2025-12-31,learned_order_offset,20260910,0.5521384139661094,0.5521384139661094,1,1
state90,3655,2026-02-13,2026-03-02,-0.0097920588919678,2026,2025-12-31,learned_order_offset,20260910,0.42280069136931375,0.42280069136931375,0,0
state90,3659,2026-02-27,2026-03-09,-0.0172526869201304,2026,2025-12-31,learned_order_offset,20260910,0.5153156845902671,0.5153156845902671,1,0
state90,3664,2026-03-06,2026-03-16,0.0149926634422041,2026,2025-12-31,learned_order_offset,20260910,0.43177972341367155,0.43177972341367155,0,1
state90,3669,2026-03-13,2026-03-23,-0.0364343509194254,2026,2025-12-31,learned_order_offset,20260910,0.4256062271162684,0.4256062271162684,0,0
state90,3674,2026-03-20,2026-03-30,-0.0083038829988221,2026,2025-12-31,learned_order_offset,20260910,0.47357009046646403,0.47357009046646403,0,0
state90,3679,2026-03-27,2026-04-07,-0.0035591495694504,2026,2025-12-31,learned_order_offset,20260910,0.5299745221118999,0.5299745221118999,1,0
state90,3684,2026-04-03,2026-04-13,0.0380736235508991,2026,2025-12-31,learned_order_offset,20260910,0.4782165227179181,0.4782165227179181,0,1
state90,3688,2026-04-10,2026-04-20,0.0242766725964382,2026,2025-12-31,learned_order_offset,20260910,0.4615862587370742,0.4615862587370742,0,1
state90,3693,2026-04-17,2026-04-27,0.010401572188011,2026,2025-12-31,learned_order_offset,20260910,0.48781762002384393,0.48781762002384393,0,1
state90,3698,2026-04-24,2026-05-11,0.0263674696524953,2026,2025-12-31,learned_order_offset,20260910,0.5331761180129994,0.5331761180129994,1,1
state90,3705,2026-05-08,2026-05-18,-0.0134529239455926,2026,2025-12-31,learned_order_offset,20260910,0.6596035363014215,0.6596035363014215,1,0
state90,3710,2026-05-15,2026-05-25,0.0076235492615268,2026,2025-12-31,learned_order_offset,20260910,0.6598534157480438,0.6598534157480438,1,1
state90,3715,2026-05-22,2026-06-01,0.005068538126898,2026,2025-12-31,learned_order_offset,20260910,0.4084421988760729,0.4084421988760729,0,1
state90,3720,2026-05-29,2026-06-08,-0.039635353927193,2026,2025-12-31,learned_order_offset,20260910,0.4707708671158844,0.4707708671158844,0,0
state90,3725,2026-06-05,2026-06-15,0.0266849782195981,2026,2025-12-31,learned_order_offset,20260910,0.47868630672112744,0.47868630672112744,0,1
state90,3730,2026-06-12,2026-06-29,0.0076098142791176,2026,2025-12-31,learned_order_offset,20260910,0.46795283108360136,0.46795283108360136,0,1
state90,3739,2026-06-26,2026-07-06,0.0005137647861506,2026,2025-12-31,learned_order_offset,20260910,0.502351064392109,0.502351064392109,1,1
state90,3744,2026-07-03,2026-07-13,-0.0252847876365399,2026,2025-12-31,learned_order_offset,20260910,0.5200345973909772,0.5200345973909772,1,0
state90,3749,2026-07-10,2026-07-20,-0.035775397012711,2026,2025-12-31,learned_order_offset,20260910,0.5436950585124818,0.5436950585124818,1,0
state90,3754,2026-07-17,2026-07-27,0.01756245533441,2026,2025-12-31,learned_order_offset,20260910,0.508054785466941,0.508054785466941,1,1
state90,3759,2026-07-24,2026-08-03,-0.0202339761556519,2026,2025-12-31,learned_order_offset,20260910,0.5169961256143539,0.5169961256143539,1,0
state90,3764,2026-07-31,2026-08-10,0.0300318732435738,2026,2025-12-31,learned_order_offset,20260910,0.3614644685354211,0.3614644685354211,0,1
state90,3769,2026-08-07,2026-08-17,-0.0056482265760339,2026,2025-12-31,learned_order_offset,20260910,0.48135180455157167,0.48135180455157167,0,0
state90,3774,2026-08-14,2026-08-24,-0.0109860710402629,2026,2025-12-31,learned_order_offset,20260910,0.49538994348876286,0.49538994348876286,0,0
state90,3779,2026-08-21,2026-08-31,-0.0127592811002066,2026,2025-12-31,learned_order_offset,20260910,0.593020025927001,0.593020025927001,1,0
state90,3630,2026-01-09,2026-01-19,-0.0103697336282536,2026,2025-12-31,native_mse,20260910,-0.002855102612462861,,0,0
state90,3635,2026-01-16,2026-01-26,-0.0010190267764643,2026,2025-12-31,native_mse,20260910,-0.00015744638603756636,,0,0
state90,3640,2026-01-23,2026-02-02,-0.0087161586128796,2026,2025-12-31,native_mse,20260910,-0.006105688647517694,,0,0
state90,3645,2026-01-30,2026-02-09,0.0041482324550519,2026,2025-12-31,native_mse,20260910,-0.0019649521887390433,,0,1
state90,3650,2026-02-06,2026-02-24,0.0071649689901505,2026,2025-12-31,native_mse,20260910,0.0047027542719540035,,1,1
state90,3655,2026-02-13,2026-03-02,-0.0097920588919678,2026,2025-12-31,native_mse,20260910,0.0004179826835146159,,1,0
state90,3659,2026-02-27,2026-03-09,-0.0172526869201304,2026,2025-12-31,native_mse,20260910,0.0022625269962182996,,1,0
state90,3664,2026-03-06,2026-03-16,0.0149926634422041,2026,2025-12-31,native_mse,20260910,-0.003806878947664824,,0,1
state90,3669,2026-03-13,2026-03-23,-0.0364343509194254,2026,2025-12-31,native_mse,20260910,-0.006468904470141985,,0,0
state90,3674,2026-03-20,2026-03-30,-0.0083038829988221,2026,2025-12-31,native_mse,20260910,-0.006677801015318794,,0,0
state90,3679,2026-03-27,2026-04-07,-0.0035591495694504,2026,2025-12-31,native_mse,20260910,-0.0012459609623288559,,0,0
state90,3684,2026-04-03,2026-04-13,0.0380736235508991,2026,2025-12-31,native_mse,20260910,-0.0002708764126667155,,0,1
state90,3688,2026-04-10,2026-04-20,0.0242766725964382,2026,2025-12-31,native_mse,20260910,-0.0014516073248232214,,0,1
state90,3693,2026-04-17,2026-04-27,0.010401572188011,2026,2025-12-31,native_mse,20260910,-0.00019243492513075974,,0,1
state90,3698,2026-04-24,2026-05-11,0.0263674696524953,2026,2025-12-31,native_mse,20260910,0.00044530537803680217,,1,1
state90,3705,2026-05-08,2026-05-18,-0.0134529239455926,2026,2025-12-31,native_mse,20260910,0.00821158666179363,,1,0
state90,3710,2026-05-15,2026-05-25,0.0076235492615268,2026,2025-12-31,native_mse,20260910,0.009209478129531542,,1,1
state90,3715,2026-05-22,2026-06-01,0.005068538126898,2026,2025-12-31,native_mse,20260910,-0.0037899662548005076,,0,1
state90,3720,2026-05-29,2026-06-08,-0.039635353927193,2026,2025-12-31,native_mse,20260910,-0.005878390043911763,,0,0
state90,3725,2026-06-05,2026-06-15,0.0266849782195981,2026,2025-12-31,native_mse,20260910,-0.005079831260852612,,0,1
state90,3730,2026-06-12,2026-06-29,0.0076098142791176,2026,2025-12-31,native_mse,20260910,-0.0013875397965599067,,0,1
state90,3739,2026-06-26,2026-07-06,0.0005137647861506,2026,2025-12-31,native_mse,20260910,-0.002031043716013942,,0,1
state90,3744,2026-07-03,2026-07-13,-0.0252847876365399,2026,2025-12-31,native_mse,20260910,-0.003966417206833292,,0,0
state90,3749,2026-07-10,2026-07-20,-0.035775397012711,2026,2025-12-31,native_mse,20260910,-0.000224192482655729,,0,0
state90,3754,2026-07-17,2026-07-27,0.01756245533441,2026,2025-12-31,native_mse,20260910,-0.001279240964054163,,0,1
state90,3759,2026-07-24,2026-08-03,-0.0202339761556519,2026,2025-12-31,native_mse,20260910,-0.0020989123929827714,,0,0
state90,3764,2026-07-31,2026-08-10,0.0300318732435738,2026,2025-12-31,native_mse,20260910,-0.005698998401180227,,0,1
state90,3769,2026-08-07,2026-08-17,-0.0056482265760339,2026,2025-12-31,native_mse,20260910,-0.000843785639629233,,0,0
state90,3774,2026-08-14,2026-08-24,-0.0109860710402629,2026,2025-12-31,native_mse,20260910,0.001103287661206875,,1,0
state90,3779,2026-08-21,2026-08-31,-0.0127592811002066,2026,2025-12-31,native_mse,20260910,0.005195736341319573,,1,0
state90,3630,2026-01-09,2026-01-19,-0.0103697336282536,2026,2025-12-31,training_frequency,-1,0.4792703150912106,0.4792703150912106,0,0
state90,3635,2026-01-16,2026-01-26,-0.0010190267764643,2026,2025-12-31,training_frequency,-1,0.4792703150912106,0.4792703150912106,0,0
state90,3640,2026-01-23,2026-02-02,-0.0087161586128796,2026,2025-12-31,training_frequency,-1,0.4792703150912106,0.4792703150912106,0,0
state90,3645,2026-01-30,2026-02-09,0.0041482324550519,2026,2025-12-31,training_frequency,-1,0.4792703150912106,0.4792703150912106,0,1
state90,3650,2026-02-06,2026-02-24,0.0071649689901505,2026,2025-12-31,training_frequency,-1,0.4792703150912106,0.4792703150912106,0,1
state90,3655,2026-02-13,2026-03-02,-0.0097920588919678,2026,2025-12-31,training_frequency,-1,0.4792703150912106,0.4792703150912106,0,0
state90,3659,2026-02-27,2026-03-09,-0.0172526869201304,2026,2025-12-31,training_frequency,-1,0.4792703150912106,0.4792703150912106,0,0
state90,3664,2026-03-06,2026-03-16,0.0149926634422041,2026,2025-12-31,training_frequency,-1,0.4792703150912106,0.4792703150912106,0,1
state90,3669,2026-03-13,2026-03-23,-0.0364343509194254,2026,2025-12-31,training_frequency,-1,0.4792703150912106,0.4792703150912106,0,0
state90,3674,2026-03-20,2026-03-30,-0.0083038829988221,2026,2025-12-31,training_frequency,-1,0.4792703150912106,0.4792703150912106,0,0
state90,3679,2026-03-27,2026-04-07,-0.0035591495694504,2026,2025-12-31,training_frequency,-1,0.4792703150912106,0.4792703150912106,0,0
state90,3684,2026-04-03,2026-04-13,0.0380736235508991,2026,2025-12-31,training_frequency,-1,0.4792703150912106,0.4792703150912106,0,1
state90,3688,2026-04-10,2026-04-20,0.0242766725964382,2026,2025-12-31,training_frequency,-1,0.4792703150912106,0.4792703150912106,0,1
state90,3693,2026-04-17,2026-04-27,0.010401572188011,2026,2025-12-31,training_frequency,-1,0.4792703150912106,0.4792703150912106,0,1
state90,3698,2026-04-24,2026-05-11,0.0263674696524953,2026,2025-12-31,training_frequency,-1,0.4792703150912106,0.4792703150912106,0,1
state90,3705,2026-05-08,2026-05-18,-0.0134529239455926,2026,2025-12-31,training_frequency,-1,0.4792703150912106,0.4792703150912106,0,0
state90,3710,2026-05-15,2026-05-25,0.0076235492615268,2026,2025-12-31,training_frequency,-1,0.4792703150912106,0.4792703150912106,0,1
state90,3715,2026-05-22,2026-06-01,0.005068538126898,2026,2025-12-31,training_frequency,-1,0.4792703150912106,0.4792703150912106,0,1
state90,3720,2026-05-29,2026-06-08,-0.039635353927193,2026,2025-12-31,training_frequency,-1,0.4792703150912106,0.4792703150912106,0,0
state90,3725,2026-06-05,2026-06-15,0.0266849782195981,2026,2025-12-31,training_frequency,-1,0.4792703150912106,0.4792703150912106,0,1
state90,3730,2026-06-12,2026-06-29,0.0076098142791176,2026,2025-12-31,training_frequency,-1,0.4792703150912106,0.4792703150912106,0,1
state90,3739,2026-06-26,2026-07-06,0.0005137647861506,2026,2025-12-31,training_frequency,-1,0.4792703150912106,0.4792703150912106,0,1
state90,3744,2026-07-03,2026-07-13,-0.0252847876365399,2026,2025-12-31,training_frequency,-1,0.4792703150912106,0.4792703150912106,0,0
state90,3749,2026-07-10,2026-07-20,-0.035775397012711,2026,2025-12-31,training_frequency,-1,0.4792703150912106,0.4792703150912106,0,0
state90,3754,2026-07-17,2026-07-27,0.01756245533441,2026,2025-12-31,training_frequency,-1,0.4792703150912106,0.4792703150912106,0,1
state90,3759,2026-07-24,2026-08-03,-0.0202339761556519,2026,2025-12-31,training_frequency,-1,0.4792703150912106,0.4792703150912106,0,0
state90,3764,2026-07-31,2026-08-10,0.0300318732435738,2026,2025-12-31,training_frequency,-1,0.4792703150912106,0.4792703150912106,0,1
state90,3769,2026-08-07,2026-08-17,-0.0056482265760339,2026,2025-12-31,training_frequency,-1,0.4792703150912106,0.4792703150912106,0,0
state90,3774,2026-08-14,2026-08-24,-0.0109860710402629,2026,2025-12-31,training_frequency,-1,0.4792703150912106,0.4792703150912106,0,0
state90,3779,2026-08-21,2026-08-31,-0.0127592811002066,2026,2025-12-31,training_frequency,-1,0.4792703150912106,0.4792703150912106,0,0
state90,3630,2026-01-09,2026-01-19,-0.0103697336282536,2026,2025-12-31,learned_market,20260911,0.5413510609744506,0.5413510609744506,1,0
state90,3635,2026-01-16,2026-01-26,-0.0010190267764643,2026,2025-12-31,learned_market,20260911,0.5314359715780813,0.5314359715780813,1,0
state90,3640,2026-01-23,2026-02-02,-0.0087161586128796,2026,2025-12-31,learned_market,20260911,0.5322660389568398,0.5322660389568398,1,0
state90,3645,2026-01-30,2026-02-09,0.0041482324550519,2026,2025-12-31,learned_market,20260911,0.45886324630014486,0.45886324630014486,0,1
state90,3650,2026-02-06,2026-02-24,0.0071649689901505,2026,2025-12-31,learned_market,20260911,0.5329149888621901,0.5329149888621901,1,1
state90,3655,2026-02-13,2026-03-02,-0.0097920588919678,2026,2025-12-31,learned_market,20260911,0.5096151640594386,0.5096151640594386,1,0
state90,3659,2026-02-27,2026-03-09,-0.0172526869201304,2026,2025-12-31,learned_market,20260911,0.5369210179709557,0.5369210179709557,1,0
state90,3664,2026-03-06,2026-03-16,0.0149926634422041,2026,2025-12-31,learned_market,20260911,0.6237121770434778,0.6237121770434778,1,1
state90,3669,2026-03-13,2026-03-23,-0.0364343509194254,2026,2025-12-31,learned_market,20260911,0.45542191984179375,0.45542191984179375,0,0
state90,3674,2026-03-20,2026-03-30,-0.0083038829988221,2026,2025-12-31,learned_market,20260911,0.46187353471109566,0.46187353471109566,0,0
state90,3679,2026-03-27,2026-04-07,-0.0035591495694504,2026,2025-12-31,learned_market,20260911,0.4403313235638202,0.4403313235638202,0,0
state90,3684,2026-04-03,2026-04-13,0.0380736235508991,2026,2025-12-31,learned_market,20260911,0.4917583888579656,0.4917583888579656,0,1
state90,3688,2026-04-10,2026-04-20,0.0242766725964382,2026,2025-12-31,learned_market,20260911,0.42353463813148706,0.42353463813148706,0,1
state90,3693,2026-04-17,2026-04-27,0.010401572188011,2026,2025-12-31,learned_market,20260911,0.47814615742976047,0.47814615742976047,0,1
state90,3698,2026-04-24,2026-05-11,0.0263674696524953,2026,2025-12-31,learned_market,20260911,0.397009215522116,0.397009215522116,0,1
state90,3705,2026-05-08,2026-05-18,-0.0134529239455926,2026,2025-12-31,learned_market,20260911,0.41986421610847413,0.41986421610847413,0,0
state90,3710,2026-05-15,2026-05-25,0.0076235492615268,2026,2025-12-31,learned_market,20260911,0.49182407037984965,0.49182407037984965,0,1
state90,3715,2026-05-22,2026-06-01,0.005068538126898,2026,2025-12-31,learned_market,20260911,0.5675464106677375,0.5675464106677375,1,1
state90,3720,2026-05-29,2026-06-08,-0.039635353927193,2026,2025-12-31,learned_market,20260911,0.5335990500389893,0.5335990500389893,1,0
state90,3725,2026-06-05,2026-06-15,0.0266849782195981,2026,2025-12-31,learned_market,20260911,0.3985532767602021,0.3985532767602021,0,1
state90,3730,2026-06-12,2026-06-29,0.0076098142791176,2026,2025-12-31,learned_market,20260911,0.3056186128589413,0.3056186128589413,0,1
state90,3739,2026-06-26,2026-07-06,0.0005137647861506,2026,2025-12-31,learned_market,20260911,0.47152715176422977,0.47152715176422977,0,1
state90,3744,2026-07-03,2026-07-13,-0.0252847876365399,2026,2025-12-31,learned_market,20260911,0.47689492186403626,0.47689492186403626,0,0
state90,3749,2026-07-10,2026-07-20,-0.035775397012711,2026,2025-12-31,learned_market,20260911,0.41690635812319604,0.41690635812319604,0,0
state90,3754,2026-07-17,2026-07-27,0.01756245533441,2026,2025-12-31,learned_market,20260911,0.4469468298475024,0.4469468298475024,0,1
state90,3759,2026-07-24,2026-08-03,-0.0202339761556519,2026,2025-12-31,learned_market,20260911,0.4523286144237616,0.4523286144237616,0,0
state90,3764,2026-07-31,2026-08-10,0.0300318732435738,2026,2025-12-31,learned_market,20260911,0.43916052641204817,0.43916052641204817,0,1
state90,3769,2026-08-07,2026-08-17,-0.0056482265760339,2026,2025-12-31,learned_market,20260911,0.33016870403212256,0.33016870403212256,0,0
state90,3774,2026-08-14,2026-08-24,-0.0109860710402629,2026,2025-12-31,learned_market,20260911,0.459964206845313,0.459964206845313,0,0
state90,3779,2026-08-21,2026-08-31,-0.0127592811002066,2026,2025-12-31,learned_market,20260911,0.4343413838297144,0.4343413838297144,0,0
state90,3630,2026-01-09,2026-01-19,-0.0103697336282536,2026,2025-12-31,learned_vol_interaction,20260911,0.5419308229071979,0.5419308229071979,1,0
state90,3635,2026-01-16,2026-01-26,-0.0010190267764643,2026,2025-12-31,learned_vol_interaction,20260911,0.5357337652448725,0.5357337652448725,1,0
state90,3640,2026-01-23,2026-02-02,-0.0087161586128796,2026,2025-12-31,learned_vol_interaction,20260911,0.5371665022159147,0.5371665022159147,1,0
state90,3645,2026-01-30,2026-02-09,0.0041482324550519,2026,2025-12-31,learned_vol_interaction,20260911,0.4536669400564477,0.4536669400564477,0,1
state90,3650,2026-02-06,2026-02-24,0.0071649689901505,2026,2025-12-31,learned_vol_interaction,20260911,0.535655258471591,0.535655258471591,1,1
state90,3655,2026-02-13,2026-03-02,-0.0097920588919678,2026,2025-12-31,learned_vol_interaction,20260911,0.5053590625088199,0.5053590625088199,1,0
state90,3659,2026-02-27,2026-03-09,-0.0172526869201304,2026,2025-12-31,learned_vol_interaction,20260911,0.5322976681186429,0.5322976681186429,1,0
state90,3664,2026-03-06,2026-03-16,0.0149926634422041,2026,2025-12-31,learned_vol_interaction,20260911,0.6174856955773433,0.6174856955773433,1,1
state90,3669,2026-03-13,2026-03-23,-0.0364343509194254,2026,2025-12-31,learned_vol_interaction,20260911,0.44896092371547813,0.44896092371547813,0,0
state90,3674,2026-03-20,2026-03-30,-0.0083038829988221,2026,2025-12-31,learned_vol_interaction,20260911,0.45425867209133697,0.45425867209133697,0,0
state90,3679,2026-03-27,2026-04-07,-0.0035591495694504,2026,2025-12-31,learned_vol_interaction,20260911,0.43340188452247674,0.43340188452247674,0,0
state90,3684,2026-04-03,2026-04-13,0.0380736235508991,2026,2025-12-31,learned_vol_interaction,20260911,0.4940578595412546,0.4940578595412546,0,1
state90,3688,2026-04-10,2026-04-20,0.0242766725964382,2026,2025-12-31,learned_vol_interaction,20260911,0.4337471397432452,0.4337471397432452,0,1
state90,3693,2026-04-17,2026-04-27,0.010401572188011,2026,2025-12-31,learned_vol_interaction,20260911,0.4850032907922162,0.4850032907922162,0,1
state90,3698,2026-04-24,2026-05-11,0.0263674696524953,2026,2025-12-31,learned_vol_interaction,20260911,0.4058893273550579,0.4058893273550579,0,1
state90,3705,2026-05-08,2026-05-18,-0.0134529239455926,2026,2025-12-31,learned_vol_interaction,20260911,0.42973836440374286,0.42973836440374286,0,0
state90,3710,2026-05-15,2026-05-25,0.0076235492615268,2026,2025-12-31,learned_vol_interaction,20260911,0.4949230127164896,0.4949230127164896,0,1
state90,3715,2026-05-22,2026-06-01,0.005068538126898,2026,2025-12-31,learned_vol_interaction,20260911,0.5688910502105043,0.5688910502105043,1,1
state90,3720,2026-05-29,2026-06-08,-0.039635353927193,2026,2025-12-31,learned_vol_interaction,20260911,0.5277526974219006,0.5277526974219006,1,0
state90,3725,2026-06-05,2026-06-15,0.0266849782195981,2026,2025-12-31,learned_vol_interaction,20260911,0.3941068335829671,0.3941068335829671,0,1
state90,3730,2026-06-12,2026-06-29,0.0076098142791176,2026,2025-12-31,learned_vol_interaction,20260911,0.3023086014266972,0.3023086014266972,0,1
state90,3739,2026-06-26,2026-07-06,0.0005137647861506,2026,2025-12-31,learned_vol_interaction,20260911,0.4831146486882105,0.4831146486882105,0,1
state90,3744,2026-07-03,2026-07-13,-0.0252847876365399,2026,2025-12-31,learned_vol_interaction,20260911,0.49898148490775307,0.49898148490775307,0,0
state90,3749,2026-07-10,2026-07-20,-0.035775397012711,2026,2025-12-31,learned_vol_interaction,20260911,0.44261446479912836,0.44261446479912836,0,0
state90,3754,2026-07-17,2026-07-27,0.01756245533441,2026,2025-12-31,learned_vol_interaction,20260911,0.4550925466085049,0.4550925466085049,0,1
state90,3759,2026-07-24,2026-08-03,-0.0202339761556519,2026,2025-12-31,learned_vol_interaction,20260911,0.46430649386915596,0.46430649386915596,0,0
state90,3764,2026-07-31,2026-08-10,0.0300318732435738,2026,2025-12-31,learned_vol_interaction,20260911,0.4507338855746796,0.4507338855746796,0,1
state90,3769,2026-08-07,2026-08-17,-0.0056482265760339,2026,2025-12-31,learned_vol_interaction,20260911,0.3598878838643001,0.3598878838643001,0,0
state90,3774,2026-08-14,2026-08-24,-0.0109860710402629,2026,2025-12-31,learned_vol_interaction,20260911,0.4653583842913121,0.4653583842913121,0,0
state90,3779,2026-08-21,2026-08-31,-0.0127592811002066,2026,2025-12-31,learned_vol_interaction,20260911,0.4414273259619546,0.4414273259619546,0,0
state90,3630,2026-01-09,2026-01-19,-0.0103697336282536,2026,2025-12-31,learned_order_extension,20260911,0.5459060256811782,0.5459060256811782,1,0
state90,3635,2026-01-16,2026-01-26,-0.0010190267764643,2026,2025-12-31,learned_order_extension,20260911,0.5315584772037104,0.5315584772037104,1,0
state90,3640,2026-01-23,2026-02-02,-0.0087161586128796,2026,2025-12-31,learned_order_extension,20260911,0.5380779045961513,0.5380779045961513,1,0
state90,3645,2026-01-30,2026-02-09,0.0041482324550519,2026,2025-12-31,learned_order_extension,20260911,0.43274829616923166,0.43274829616923166,0,1
state90,3650,2026-02-06,2026-02-24,0.0071649689901505,2026,2025-12-31,learned_order_extension,20260911,0.5358238036456818,0.5358238036456818,1,1
state90,3655,2026-02-13,2026-03-02,-0.0097920588919678,2026,2025-12-31,learned_order_extension,20260911,0.5188075700840837,0.5188075700840837,1,0
state90,3659,2026-02-27,2026-03-09,-0.0172526869201304,2026,2025-12-31,learned_order_extension,20260911,0.5395237482049954,0.5395237482049954,1,0
state90,3664,2026-03-06,2026-03-16,0.0149926634422041,2026,2025-12-31,learned_order_extension,20260911,0.6721134681647395,0.6721134681647395,1,1
state90,3669,2026-03-13,2026-03-23,-0.0364343509194254,2026,2025-12-31,learned_order_extension,20260911,0.44254310728173424,0.44254310728173424,0,0
state90,3674,2026-03-20,2026-03-30,-0.0083038829988221,2026,2025-12-31,learned_order_extension,20260911,0.4378410999680901,0.4378410999680901,0,0
state90,3679,2026-03-27,2026-04-07,-0.0035591495694504,2026,2025-12-31,learned_order_extension,20260911,0.4159760364157841,0.4159760364157841,0,0
state90,3684,2026-04-03,2026-04-13,0.0380736235508991,2026,2025-12-31,learned_order_extension,20260911,0.5225865555186127,0.5225865555186127,1,1
state90,3688,2026-04-10,2026-04-20,0.0242766725964382,2026,2025-12-31,learned_order_extension,20260911,0.3902218447958239,0.3902218447958239,0,1
state90,3693,2026-04-17,2026-04-27,0.010401572188011,2026,2025-12-31,learned_order_extension,20260911,0.47502129653057895,0.47502129653057895,0,1
state90,3698,2026-04-24,2026-05-11,0.0263674696524953,2026,2025-12-31,learned_order_extension,20260911,0.3615628091350967,0.3615628091350967,0,1
state90,3705,2026-05-08,2026-05-18,-0.0134529239455926,2026,2025-12-31,learned_order_extension,20260911,0.37473317599903294,0.37473317599903294,0,0
state90,3710,2026-05-15,2026-05-25,0.0076235492615268,2026,2025-12-31,learned_order_extension,20260911,0.48789190366124763,0.48789190366124763,0,1
state90,3715,2026-05-22,2026-06-01,0.005068538126898,2026,2025-12-31,learned_order_extension,20260911,0.6050079630522534,0.6050079630522534,1,1
state90,3720,2026-05-29,2026-06-08,-0.039635353927193,2026,2025-12-31,learned_order_extension,20260911,0.5389218116035444,0.5389218116035444,1,0
state90,3725,2026-06-05,2026-06-15,0.0266849782195981,2026,2025-12-31,learned_order_extension,20260911,0.3259340934446785,0.3259340934446785,0,1
state90,3730,2026-06-12,2026-06-29,0.0076098142791176,2026,2025-12-31,learned_order_extension,20260911,0.20659956001017632,0.20659956001017632,0,1
state90,3739,2026-06-26,2026-07-06,0.0005137647861506,2026,2025-12-31,learned_order_extension,20260911,0.43462554431806527,0.43462554431806527,0,1
state90,3744,2026-07-03,2026-07-13,-0.0252847876365399,2026,2025-12-31,learned_order_extension,20260911,0.4506693788167256,0.4506693788167256,0,0
state90,3749,2026-07-10,2026-07-20,-0.035775397012711,2026,2025-12-31,learned_order_extension,20260911,0.3824829838916093,0.3824829838916093,0,0
state90,3754,2026-07-17,2026-07-27,0.01756245533441,2026,2025-12-31,learned_order_extension,20260911,0.43688665591392856,0.43688665591392856,0,1
state90,3759,2026-07-24,2026-08-03,-0.0202339761556519,2026,2025-12-31,learned_order_extension,20260911,0.44905597298529143,0.44905597298529143,0,0
state90,3764,2026-07-31,2026-08-10,0.0300318732435738,2026,2025-12-31,learned_order_extension,20260911,0.4331657943702479,0.4331657943702479,0,1
state90,3769,2026-08-07,2026-08-17,-0.0056482265760339,2026,2025-12-31,learned_order_extension,20260911,0.2872017560126486,0.2872017560126486,0,0
state90,3774,2026-08-14,2026-08-24,-0.0109860710402629,2026,2025-12-31,learned_order_extension,20260911,0.46907910630736294,0.46907910630736294,0,0
state90,3779,2026-08-21,2026-08-31,-0.0127592811002066,2026,2025-12-31,learned_order_extension,20260911,0.44303971633290073,0.44303971633290073,0,0
state90,3630,2026-01-09,2026-01-19,-0.0103697336282536,2026,2025-12-31,learned_order_offset,20260911,0.545843670764125,0.545843670764125,1,0
state90,3635,2026-01-16,2026-01-26,-0.0010190267764643,2026,2025-12-31,learned_order_offset,20260911,0.5315791456859873,0.5315791456859873,1,0
state90,3640,2026-01-23,2026-02-02,-0.0087161586128796,2026,2025-12-31,learned_order_offset,20260911,0.5378362799693707,0.5378362799693707,1,0
state90,3645,2026-01-30,2026-02-09,0.0041482324550519,2026,2025-12-31,learned_order_offset,20260911,0.43267035311859725,0.43267035311859725,0,1
state90,3650,2026-02-06,2026-02-24,0.0071649689901505,2026,2025-12-31,learned_order_offset,20260911,0.5355468761174008,0.5355468761174008,1,1
state90,3655,2026-02-13,2026-03-02,-0.0097920588919678,2026,2025-12-31,learned_order_offset,20260911,0.5185004295200895,0.5185004295200895,1,0
state90,3659,2026-02-27,2026-03-09,-0.0172526869201304,2026,2025-12-31,learned_order_offset,20260911,0.5394279755034715,0.5394279755034715,1,0
state90,3664,2026-03-06,2026-03-16,0.0149926634422041,2026,2025-12-31,learned_order_offset,20260911,0.6720878025271129,0.6720878025271129,1,1
state90,3669,2026-03-13,2026-03-23,-0.0364343509194254,2026,2025-12-31,learned_order_offset,20260911,0.44301866763301645,0.44301866763301645,0,0
state90,3674,2026-03-20,2026-03-30,-0.0083038829988221,2026,2025-12-31,learned_order_offset,20260911,0.4379475907087764,0.4379475907087764,0,0
state90,3679,2026-03-27,2026-04-07,-0.0035591495694504,2026,2025-12-31,learned_order_offset,20260911,0.4162726411546184,0.4162726411546184,0,0
state90,3684,2026-04-03,2026-04-13,0.0380736235508991,2026,2025-12-31,learned_order_offset,20260911,0.5224823337812894,0.5224823337812894,1,1
state90,3688,2026-04-10,2026-04-20,0.0242766725964382,2026,2025-12-31,learned_order_offset,20260911,0.3902357573397548,0.3902357573397548,0,1
state90,3693,2026-04-17,2026-04-27,0.010401572188011,2026,2025-12-31,learned_order_offset,20260911,0.47553685695761877,0.47553685695761877,0,1
state90,3698,2026-04-24,2026-05-11,0.0263674696524953,2026,2025-12-31,learned_order_offset,20260911,0.3620463682387632,0.3620463682387632,0,1
state90,3705,2026-05-08,2026-05-18,-0.0134529239455926,2026,2025-12-31,learned_order_offset,20260911,0.37506110199237114,0.37506110199237114,0,0
state90,3710,2026-05-15,2026-05-25,0.0076235492615268,2026,2025-12-31,learned_order_offset,20260911,0.4883726515758041,0.4883726515758041,0,1
state90,3715,2026-05-22,2026-06-01,0.005068538126898,2026,2025-12-31,learned_order_offset,20260911,0.604795171228401,0.604795171228401,1,1
state90,3720,2026-05-29,2026-06-08,-0.039635353927193,2026,2025-12-31,learned_order_offset,20260911,0.539117103351593,0.539117103351593,1,0
state90,3725,2026-06-05,2026-06-15,0.0266849782195981,2026,2025-12-31,learned_order_offset,20260911,0.32656706271307595,0.32656706271307595,0,1
state90,3730,2026-06-12,2026-06-29,0.0076098142791176,2026,2025-12-31,learned_order_offset,20260911,0.20714161696112363,0.20714161696112363,0,1
state90,3739,2026-06-26,2026-07-06,0.0005137647861506,2026,2025-12-31,learned_order_offset,20260911,0.4347302511570772,0.4347302511570772,0,1
state90,3744,2026-07-03,2026-07-13,-0.0252847876365399,2026,2025-12-31,learned_order_offset,20260911,0.4511056441001019,0.4511056441001019,0,0
state90,3749,2026-07-10,2026-07-20,-0.035775397012711,2026,2025-12-31,learned_order_offset,20260911,0.3827592265438766,0.3827592265438766,0,0
state90,3754,2026-07-17,2026-07-27,0.01756245533441,2026,2025-12-31,learned_order_offset,20260911,0.43716941946487026,0.43716941946487026,0,1
state90,3759,2026-07-24,2026-08-03,-0.0202339761556519,2026,2025-12-31,learned_order_offset,20260911,0.44889763247147363,0.44889763247147363,0,0
state90,3764,2026-07-31,2026-08-10,0.0300318732435738,2026,2025-12-31,learned_order_offset,20260911,0.43353434012232234,0.43353434012232234,0,1
state90,3769,2026-08-07,2026-08-17,-0.0056482265760339,2026,2025-12-31,learned_order_offset,20260911,0.2875992386914778,0.2875992386914778,0,0
state90,3774,2026-08-14,2026-08-24,-0.0109860710402629,2026,2025-12-31,learned_order_offset,20260911,0.46970929218369795,0.46970929218369795,0,0
state90,3779,2026-08-21,2026-08-31,-0.0127592811002066,2026,2025-12-31,learned_order_offset,20260911,0.44364661674139716,0.44364661674139716,0,0
state90,3630,2026-01-09,2026-01-19,-0.0103697336282536,2026,2025-12-31,native_mse,20260911,-0.0030890692487675277,,0,0
state90,3635,2026-01-16,2026-01-26,-0.0010190267764643,2026,2025-12-31,native_mse,20260911,-0.0029844245717806552,,0,0
state90,3640,2026-01-23,2026-02-02,-0.0087161586128796,2026,2025-12-31,native_mse,20260911,-0.0018485669736654138,,0,0
state90,3645,2026-01-30,2026-02-09,0.0041482324550519,2026,2025-12-31,native_mse,20260911,-0.002659061252019485,,0,1
state90,3650,2026-02-06,2026-02-24,0.0071649689901505,2026,2025-12-31,native_mse,20260911,-0.0015567976959256278,,0,1
state90,3655,2026-02-13,2026-03-02,-0.0097920588919678,2026,2025-12-31,native_mse,20260911,-0.0015389707922718095,,0,0
state90,3659,2026-02-27,2026-03-09,-0.0172526869201304,2026,2025-12-31,native_mse,20260911,-0.0019681718770543553,,0,0
state90,3664,2026-03-06,2026-03-16,0.0149926634422041,2026,2025-12-31,native_mse,20260911,0.00014521785716820214,,1,1
state90,3669,2026-03-13,2026-03-23,-0.0364343509194254,2026,2025-12-31,native_mse,20260911,-0.0022671453715006956,,0,0
state90,3674,2026-03-20,2026-03-30,-0.0083038829988221,2026,2025-12-31,native_mse,20260911,-0.001986856137592856,,0,0
state90,3679,2026-03-27,2026-04-07,-0.0035591495694504,2026,2025-12-31,native_mse,20260911,-0.002218520604235266,,0,0
state90,3684,2026-04-03,2026-04-13,0.0380736235508991,2026,2025-12-31,native_mse,20260911,-0.002090390096021022,,0,1
state90,3688,2026-04-10,2026-04-20,0.0242766725964382,2026,2025-12-31,native_mse,20260911,-0.0024408235069100508,,0,1
state90,3693,2026-04-17,2026-04-27,0.010401572188011,2026,2025-12-31,native_mse,20260911,-0.0029629470272129906,,0,1
state90,3698,2026-04-24,2026-05-11,0.0263674696524953,2026,2025-12-31,native_mse,20260911,-0.003359926419865766,,0,1
state90,3705,2026-05-08,2026-05-18,-0.0134529239455926,2026,2025-12-31,native_mse,20260911,-0.002535154678821143,,0,0
state90,3710,2026-05-15,2026-05-25,0.0076235492615268,2026,2025-12-31,native_mse,20260911,-0.002260058894062486,,0,1
state90,3715,2026-05-22,2026-06-01,0.005068538126898,2026,2025-12-31,native_mse,20260911,-0.0015057276938992676,,0,1
state90,3720,2026-05-29,2026-06-08,-0.039635353927193,2026,2025-12-31,native_mse,20260911,-0.002635162144589442,,0,0
state90,3725,2026-06-05,2026-06-15,0.0266849782195981,2026,2025-12-31,native_mse,20260911,-0.003913781241526722,,0,1
state90,3730,2026-06-12,2026-06-29,0.0076098142791176,2026,2025-12-31,native_mse,20260911,-0.0036857925348870147,,0,1
state90,3739,2026-06-26,2026-07-06,0.0005137647861506,2026,2025-12-31,native_mse,20260911,-0.0021369319429553274,,0,1
state90,3744,2026-07-03,2026-07-13,-0.0252847876365399,2026,2025-12-31,native_mse,20260911,-0.0022933277317483012,,0,0
state90,3749,2026-07-10,2026-07-20,-0.035775397012711,2026,2025-12-31,native_mse,20260911,-0.0023056933526758674,,0,0
state90,3754,2026-07-17,2026-07-27,0.01756245533441,2026,2025-12-31,native_mse,20260911,-0.0024493044555773855,,0,1
state90,3759,2026-07-24,2026-08-03,-0.0202339761556519,2026,2025-12-31,native_mse,20260911,-0.0026633393533010696,,0,0
state90,3764,2026-07-31,2026-08-10,0.0300318732435738,2026,2025-12-31,native_mse,20260911,-0.0024432171596736993,,0,1
state90,3769,2026-08-07,2026-08-17,-0.0056482265760339,2026,2025-12-31,native_mse,20260911,-0.0034017483589926685,,0,0
state90,3774,2026-08-14,2026-08-24,-0.0109860710402629,2026,2025-12-31,native_mse,20260911,-0.002813706354026954,,0,0
state90,3779,2026-08-21,2026-08-31,-0.0127592811002066,2026,2025-12-31,native_mse,20260911,-0.0019809857134933735,,0,0
state90,3630,2026-01-09,2026-01-19,-0.0103697336282536,2026,2025-12-31,learned_market,20260912,0.5119803822427041,0.5119803822427041,1,0
state90,3635,2026-01-16,2026-01-26,-0.0010190267764643,2026,2025-12-31,learned_market,20260912,0.5563532391014436,0.5563532391014436,1,0
state90,3640,2026-01-23,2026-02-02,-0.0087161586128796,2026,2025-12-31,learned_market,20260912,0.47986345901765604,0.47986345901765604,0,0
state90,3645,2026-01-30,2026-02-09,0.0041482324550519,2026,2025-12-31,learned_market,20260912,0.5030177692550698,0.5030177692550698,1,1
state90,3650,2026-02-06,2026-02-24,0.0071649689901505,2026,2025-12-31,learned_market,20260912,0.43906676808287387,0.43906676808287387,0,1
state90,3655,2026-02-13,2026-03-02,-0.0097920588919678,2026,2025-12-31,learned_market,20260912,0.431368044613122,0.431368044613122,0,0
state90,3659,2026-02-27,2026-03-09,-0.0172526869201304,2026,2025-12-31,learned_market,20260912,0.48137527566018024,0.48137527566018024,0,0
state90,3664,2026-03-06,2026-03-16,0.0149926634422041,2026,2025-12-31,learned_market,20260912,0.46731902499821354,0.46731902499821354,0,1
state90,3669,2026-03-13,2026-03-23,-0.0364343509194254,2026,2025-12-31,learned_market,20260912,0.5227160800792146,0.5227160800792146,1,0
state90,3674,2026-03-20,2026-03-30,-0.0083038829988221,2026,2025-12-31,learned_market,20260912,0.4464645109091068,0.4464645109091068,0,0
state90,3679,2026-03-27,2026-04-07,-0.0035591495694504,2026,2025-12-31,learned_market,20260912,0.39113208857052434,0.39113208857052434,0,0
state90,3684,2026-04-03,2026-04-13,0.0380736235508991,2026,2025-12-31,learned_market,20260912,0.42407385697810146,0.42407385697810146,0,1
state90,3688,2026-04-10,2026-04-20,0.0242766725964382,2026,2025-12-31,learned_market,20260912,0.4843345016251858,0.4843345016251858,0,1
state90,3693,2026-04-17,2026-04-27,0.010401572188011,2026,2025-12-31,learned_market,20260912,0.42352930830164365,0.42352930830164365,0,1
state90,3698,2026-04-24,2026-05-11,0.0263674696524953,2026,2025-12-31,learned_market,20260912,0.43134778732263795,0.43134778732263795,0,1
state90,3705,2026-05-08,2026-05-18,-0.0134529239455926,2026,2025-12-31,learned_market,20260912,0.47804055860260325,0.47804055860260325,0,0
state90,3710,2026-05-15,2026-05-25,0.0076235492615268,2026,2025-12-31,learned_market,20260912,0.5242439932504063,0.5242439932504063,1,1
state90,3715,2026-05-22,2026-06-01,0.005068538126898,2026,2025-12-31,learned_market,20260912,0.5118662537721262,0.5118662537721262,1,1
state90,3720,2026-05-29,2026-06-08,-0.039635353927193,2026,2025-12-31,learned_market,20260912,0.47332917945413594,0.47332917945413594,0,0
state90,3725,2026-06-05,2026-06-15,0.0266849782195981,2026,2025-12-31,learned_market,20260912,0.46849386998390014,0.46849386998390014,0,1
state90,3730,2026-06-12,2026-06-29,0.0076098142791176,2026,2025-12-31,learned_market,20260912,0.4497314325369085,0.4497314325369085,0,1
state90,3739,2026-06-26,2026-07-06,0.0005137647861506,2026,2025-12-31,learned_market,20260912,0.5338580433420232,0.5338580433420232,1,1
state90,3744,2026-07-03,2026-07-13,-0.0252847876365399,2026,2025-12-31,learned_market,20260912,0.5044753570507676,0.5044753570507676,1,0
state90,3749,2026-07-10,2026-07-20,-0.035775397012711,2026,2025-12-31,learned_market,20260912,0.5207542189486483,0.5207542189486483,1,0
state90,3754,2026-07-17,2026-07-27,0.01756245533441,2026,2025-12-31,learned_market,20260912,0.4491236951454709,0.4491236951454709,0,1
state90,3759,2026-07-24,2026-08-03,-0.0202339761556519,2026,2025-12-31,learned_market,20260912,0.45912056712344607,0.45912056712344607,0,0
state90,3764,2026-07-31,2026-08-10,0.0300318732435738,2026,2025-12-31,learned_market,20260912,0.4747199415260046,0.4747199415260046,0,1
state90,3769,2026-08-07,2026-08-17,-0.0056482265760339,2026,2025-12-31,learned_market,20260912,0.5169922363203473,0.5169922363203473,1,0
state90,3774,2026-08-14,2026-08-24,-0.0109860710402629,2026,2025-12-31,learned_market,20260912,0.47409296619698144,0.47409296619698144,0,0
state90,3779,2026-08-21,2026-08-31,-0.0127592811002066,2026,2025-12-31,learned_market,20260912,0.4643846053465112,0.4643846053465112,0,0
state90,3630,2026-01-09,2026-01-19,-0.0103697336282536,2026,2025-12-31,learned_vol_interaction,20260912,0.5113420632666249,0.5113420632666249,1,0
state90,3635,2026-01-16,2026-01-26,-0.0010190267764643,2026,2025-12-31,learned_vol_interaction,20260912,0.5720485316988371,0.5720485316988371,1,0
state90,3640,2026-01-23,2026-02-02,-0.0087161586128796,2026,2025-12-31,learned_vol_interaction,20260912,0.46450523759698337,0.46450523759698337,0,0
state90,3645,2026-01-30,2026-02-09,0.0041482324550519,2026,2025-12-31,learned_vol_interaction,20260912,0.5055364466448413,0.5055364466448413,1,1
state90,3650,2026-02-06,2026-02-24,0.0071649689901505,2026,2025-12-31,learned_vol_interaction,20260912,0.42116451389141074,0.42116451389141074,0,1
state90,3655,2026-02-13,2026-03-02,-0.0097920588919678,2026,2025-12-31,learned_vol_interaction,20260912,0.4216952789502379,0.4216952789502379,0,0
state90,3659,2026-02-27,2026-03-09,-0.0172526869201304,2026,2025-12-31,learned_vol_interaction,20260912,0.46280074037648433,0.46280074037648433,0,0
state90,3664,2026-03-06,2026-03-16,0.0149926634422041,2026,2025-12-31,learned_vol_interaction,20260912,0.4454734654507731,0.4454734654507731,0,1
state90,3669,2026-03-13,2026-03-23,-0.0364343509194254,2026,2025-12-31,learned_vol_interaction,20260912,0.5162800418391823,0.5162800418391823,1,0
state90,3674,2026-03-20,2026-03-30,-0.0083038829988221,2026,2025-12-31,learned_vol_interaction,20260912,0.44815597826032155,0.44815597826032155,0,0
state90,3679,2026-03-27,2026-04-07,-0.0035591495694504,2026,2025-12-31,learned_vol_interaction,20260912,0.41145491799092687,0.41145491799092687,0,0
state90,3684,2026-04-03,2026-04-13,0.0380736235508991,2026,2025-12-31,learned_vol_interaction,20260912,0.44194013633414186,0.44194013633414186,0,1
state90,3688,2026-04-10,2026-04-20,0.0242766725964382,2026,2025-12-31,learned_vol_interaction,20260912,0.474602811789107,0.474602811789107,0,1
state90,3693,2026-04-17,2026-04-27,0.010401572188011,2026,2025-12-31,learned_vol_interaction,20260912,0.4655670623093444,0.4655670623093444,0,1
state90,3698,2026-04-24,2026-05-11,0.0263674696524953,2026,2025-12-31,learned_vol_interaction,20260912,0.42735120615774097,0.42735120615774097,0,1
state90,3705,2026-05-08,2026-05-18,-0.0134529239455926,2026,2025-12-31,learned_vol_interaction,20260912,0.45536406167315674,0.45536406167315674,0,0
state90,3710,2026-05-15,2026-05-25,0.0076235492615268,2026,2025-12-31,learned_vol_interaction,20260912,0.5065051153684339,0.5065051153684339,1,1
state90,3715,2026-05-22,2026-06-01,0.005068538126898,2026,2025-12-31,learned_vol_interaction,20260912,0.49203695640068734,0.49203695640068734,0,1
state90,3720,2026-05-29,2026-06-08,-0.039635353927193,2026,2025-12-31,learned_vol_interaction,20260912,0.47113595890062737,0.47113595890062737,0,0
state90,3725,2026-06-05,2026-06-15,0.0266849782195981,2026,2025-12-31,learned_vol_interaction,20260912,0.45682558024935527,0.45682558024935527,0,1
state90,3730,2026-06-12,2026-06-29,0.0076098142791176,2026,2025-12-31,learned_vol_interaction,20260912,0.442975733059148,0.442975733059148,0,1
state90,3739,2026-06-26,2026-07-06,0.0005137647861506,2026,2025-12-31,learned_vol_interaction,20260912,0.5201528170131723,0.5201528170131723,1,1
state90,3744,2026-07-03,2026-07-13,-0.0252847876365399,2026,2025-12-31,learned_vol_interaction,20260912,0.5167437066245485,0.5167437066245485,1,0
state90,3749,2026-07-10,2026-07-20,-0.035775397012711,2026,2025-12-31,learned_vol_interaction,20260912,0.5240977712551413,0.5240977712551413,1,0
state90,3754,2026-07-17,2026-07-27,0.01756245533441,2026,2025-12-31,learned_vol_interaction,20260912,0.5152580314937659,0.5152580314937659,1,1
state90,3759,2026-07-24,2026-08-03,-0.0202339761556519,2026,2025-12-31,learned_vol_interaction,20260912,0.5102837642282361,0.5102837642282361,1,0
state90,3764,2026-07-31,2026-08-10,0.0300318732435738,2026,2025-12-31,learned_vol_interaction,20260912,0.49813339636912884,0.49813339636912884,0,1
state90,3769,2026-08-07,2026-08-17,-0.0056482265760339,2026,2025-12-31,learned_vol_interaction,20260912,0.4913068589563322,0.4913068589563322,0,0
state90,3774,2026-08-14,2026-08-24,-0.0109860710402629,2026,2025-12-31,learned_vol_interaction,20260912,0.46547315716272203,0.46547315716272203,0,0
state90,3779,2026-08-21,2026-08-31,-0.0127592811002066,2026,2025-12-31,learned_vol_interaction,20260912,0.4565503959943362,0.4565503959943362,0,0
state90,3630,2026-01-09,2026-01-19,-0.0103697336282536,2026,2025-12-31,learned_order_extension,20260912,0.5234527600872158,0.5234527600872158,1,0
state90,3635,2026-01-16,2026-01-26,-0.0010190267764643,2026,2025-12-31,learned_order_extension,20260912,0.5847075352595175,0.5847075352595175,1,0
state90,3640,2026-01-23,2026-02-02,-0.0087161586128796,2026,2025-12-31,learned_order_extension,20260912,0.4700767353741261,0.4700767353741261,0,0
state90,3645,2026-01-30,2026-02-09,0.0041482324550519,2026,2025-12-31,learned_order_extension,20260912,0.5148835278265028,0.5148835278265028,1,1
state90,3650,2026-02-06,2026-02-24,0.0071649689901505,2026,2025-12-31,learned_order_extension,20260912,0.4220765070574473,0.4220765070574473,0,1
state90,3655,2026-02-13,2026-03-02,-0.0097920588919678,2026,2025-12-31,learned_order_extension,20260912,0.41397752179190594,0.41397752179190594,0,0
state90,3659,2026-02-27,2026-03-09,-0.0172526869201304,2026,2025-12-31,learned_order_extension,20260912,0.45946498078572456,0.45946498078572456,0,0
state90,3664,2026-03-06,2026-03-16,0.0149926634422041,2026,2025-12-31,learned_order_extension,20260912,0.44635455978232025,0.44635455978232025,0,1
state90,3669,2026-03-13,2026-03-23,-0.0364343509194254,2026,2025-12-31,learned_order_extension,20260912,0.5383866937008707,0.5383866937008707,1,0
state90,3674,2026-03-20,2026-03-30,-0.0083038829988221,2026,2025-12-31,learned_order_extension,20260912,0.43243079892634145,0.43243079892634145,0,0
state90,3679,2026-03-27,2026-04-07,-0.0035591495694504,2026,2025-12-31,learned_order_extension,20260912,0.3847558274890985,0.3847558274890985,0,0
state90,3684,2026-04-03,2026-04-13,0.0380736235508991,2026,2025-12-31,learned_order_extension,20260912,0.4144033852774401,0.4144033852774401,0,1
state90,3688,2026-04-10,2026-04-20,0.0242766725964382,2026,2025-12-31,learned_order_extension,20260912,0.47938167585700264,0.47938167585700264,0,1
state90,3693,2026-04-17,2026-04-27,0.010401572188011,2026,2025-12-31,learned_order_extension,20260912,0.4174512738947204,0.4174512738947204,0,1
state90,3698,2026-04-24,2026-05-11,0.0263674696524953,2026,2025-12-31,learned_order_extension,20260912,0.40789835430240917,0.40789835430240917,0,1
state90,3705,2026-05-08,2026-05-18,-0.0134529239455926,2026,2025-12-31,learned_order_extension,20260912,0.4584298418185969,0.4584298418185969,0,0
state90,3710,2026-05-15,2026-05-25,0.0076235492615268,2026,2025-12-31,learned_order_extension,20260912,0.5410895291105667,0.5410895291105667,1,1
state90,3715,2026-05-22,2026-06-01,0.005068538126898,2026,2025-12-31,learned_order_extension,20260912,0.5021226383630596,0.5021226383630596,1,1
state90,3720,2026-05-29,2026-06-08,-0.039635353927193,2026,2025-12-31,learned_order_extension,20260912,0.4573299409387087,0.4573299409387087,0,0
state90,3725,2026-06-05,2026-06-15,0.0266849782195981,2026,2025-12-31,learned_order_extension,20260912,0.4366421559336363,0.4366421559336363,0,1
state90,3730,2026-06-12,2026-06-29,0.0076098142791176,2026,2025-12-31,learned_order_extension,20260912,0.4102842493878904,0.4102842493878904,0,1
state90,3739,2026-06-26,2026-07-06,0.0005137647861506,2026,2025-12-31,learned_order_extension,20260912,0.5188140124051438,0.5188140124051438,1,1
state90,3744,2026-07-03,2026-07-13,-0.0252847876365399,2026,2025-12-31,learned_order_extension,20260912,0.4989429054386354,0.4989429054386354,0,0
state90,3749,2026-07-10,2026-07-20,-0.035775397012711,2026,2025-12-31,learned_order_extension,20260912,0.5236629920895812,0.5236629920895812,1,0
state90,3754,2026-07-17,2026-07-27,0.01756245533441,2026,2025-12-31,learned_order_extension,20260912,0.5032118538805617,0.5032118538805617,1,1
state90,3759,2026-07-24,2026-08-03,-0.0202339761556519,2026,2025-12-31,learned_order_extension,20260912,0.4921460637997216,0.4921460637997216,0,0
state90,3764,2026-07-31,2026-08-10,0.0300318732435738,2026,2025-12-31,learned_order_extension,20260912,0.4818553927993659,0.4818553927993659,0,1
state90,3769,2026-08-07,2026-08-17,-0.0056482265760339,2026,2025-12-31,learned_order_extension,20260912,0.5028354128920006,0.5028354128920006,1,0
state90,3774,2026-08-14,2026-08-24,-0.0109860710402629,2026,2025-12-31,learned_order_extension,20260912,0.4725810214103995,0.4725810214103995,0,0
state90,3779,2026-08-21,2026-08-31,-0.0127592811002066,2026,2025-12-31,learned_order_extension,20260912,0.46653070967261673,0.46653070967261673,0,0
state90,3630,2026-01-09,2026-01-19,-0.0103697336282536,2026,2025-12-31,learned_order_offset,20260912,0.5234772415055928,0.5234772415055928,1,0
state90,3635,2026-01-16,2026-01-26,-0.0010190267764643,2026,2025-12-31,learned_order_offset,20260912,0.5844150879103954,0.5844150879103954,1,0
state90,3640,2026-01-23,2026-02-02,-0.0087161586128796,2026,2025-12-31,learned_order_offset,20260912,0.46996206356235715,0.46996206356235715,0,0
state90,3645,2026-01-30,2026-02-09,0.0041482324550519,2026,2025-12-31,learned_order_offset,20260912,0.514701020079869,0.514701020079869,1,1
state90,3650,2026-02-06,2026-02-24,0.0071649689901505,2026,2025-12-31,learned_order_offset,20260912,0.42213589824970216,0.42213589824970216,0,1
state90,3655,2026-02-13,2026-03-02,-0.0097920588919678,2026,2025-12-31,learned_order_offset,20260912,0.4139092534456115,0.4139092534456115,0,0
state90,3659,2026-02-27,2026-03-09,-0.0172526869201304,2026,2025-12-31,learned_order_offset,20260912,0.4590491088219428,0.4590491088219428,0,0
state90,3664,2026-03-06,2026-03-16,0.0149926634422041,2026,2025-12-31,learned_order_offset,20260912,0.4464707132363767,0.4464707132363767,0,1
state90,3669,2026-03-13,2026-03-23,-0.0364343509194254,2026,2025-12-31,learned_order_offset,20260912,0.5384561051408137,0.5384561051408137,1,0
state90,3674,2026-03-20,2026-03-30,-0.0083038829988221,2026,2025-12-31,learned_order_offset,20260912,0.43269622737784763,0.43269622737784763,0,0
state90,3679,2026-03-27,2026-04-07,-0.0035591495694504,2026,2025-12-31,learned_order_offset,20260912,0.3852504154330894,0.3852504154330894,0,0
state90,3684,2026-04-03,2026-04-13,0.0380736235508991,2026,2025-12-31,learned_order_offset,20260912,0.41463312595207424,0.41463312595207424,0,1
state90,3688,2026-04-10,2026-04-20,0.0242766725964382,2026,2025-12-31,learned_order_offset,20260912,0.47957887458862364,0.47957887458862364,0,1
state90,3693,2026-04-17,2026-04-27,0.010401572188011,2026,2025-12-31,learned_order_offset,20260912,0.4174462723853696,0.4174462723853696,0,1
state90,3698,2026-04-24,2026-05-11,0.0263674696524953,2026,2025-12-31,learned_order_offset,20260912,0.4078121898572776,0.4078121898572776,0,1
state90,3705,2026-05-08,2026-05-18,-0.0134529239455926,2026,2025-12-31,learned_order_offset,20260912,0.45820168742787637,0.45820168742787637,0,0
state90,3710,2026-05-15,2026-05-25,0.0076235492615268,2026,2025-12-31,learned_order_offset,20260912,0.5408516437983437,0.5408516437983437,1,1
state90,3715,2026-05-22,2026-06-01,0.005068538126898,2026,2025-12-31,learned_order_offset,20260912,0.5018942264488259,0.5018942264488259,1,1
state90,3720,2026-05-29,2026-06-08,-0.039635353927193,2026,2025-12-31,learned_order_offset,20260912,0.4571886722395474,0.4571886722395474,0,0
state90,3725,2026-06-05,2026-06-15,0.0266849782195981,2026,2025-12-31,learned_order_offset,20260912,0.43649391290109524,0.43649391290109524,0,1
state90,3730,2026-06-12,2026-06-29,0.0076098142791176,2026,2025-12-31,learned_order_offset,20260912,0.4101169616257996,0.4101169616257996,0,1
state90,3739,2026-06-26,2026-07-06,0.0005137647861506,2026,2025-12-31,learned_order_offset,20260912,0.5185047287941408,0.5185047287941408,1,1
state90,3744,2026-07-03,2026-07-13,-0.0252847876365399,2026,2025-12-31,learned_order_offset,20260912,0.4988441113201745,0.4988441113201745,0,0
state90,3749,2026-07-10,2026-07-20,-0.035775397012711,2026,2025-12-31,learned_order_offset,20260912,0.523535406519861,0.523535406519861,1,0
state90,3754,2026-07-17,2026-07-27,0.01756245533441,2026,2025-12-31,learned_order_offset,20260912,0.5033052897147685,0.5033052897147685,1,1
state90,3759,2026-07-24,2026-08-03,-0.0202339761556519,2026,2025-12-31,learned_order_offset,20260912,0.4922428591218114,0.4922428591218114,0,0
state90,3764,2026-07-31,2026-08-10,0.0300318732435738,2026,2025-12-31,learned_order_offset,20260912,0.4819029511308941,0.4819029511308941,0,1
state90,3769,2026-08-07,2026-08-17,-0.0056482265760339,2026,2025-12-31,learned_order_offset,20260912,0.5027660682169325,0.5027660682169325,1,0
state90,3774,2026-08-14,2026-08-24,-0.0109860710402629,2026,2025-12-31,learned_order_offset,20260912,0.4725999925469034,0.4725999925469034,0,0
state90,3779,2026-08-21,2026-08-31,-0.0127592811002066,2026,2025-12-31,learned_order_offset,20260912,0.4665968127191565,0.4665968127191565,0,0
state90,3630,2026-01-09,2026-01-19,-0.0103697336282536,2026,2025-12-31,native_mse,20260912,-0.0012654744629118373,,0,0
state90,3635,2026-01-16,2026-01-26,-0.0010190267764643,2026,2025-12-31,native_mse,20260912,-0.0009824454910161004,,0,0
state90,3640,2026-01-23,2026-02-02,-0.0087161586128796,2026,2025-12-31,native_mse,20260912,-0.0014318861524315442,,0,0
state90,3645,2026-01-30,2026-02-09,0.0041482324550519,2026,2025-12-31,native_mse,20260912,-0.0015519331724585116,,0,1
state90,3650,2026-02-06,2026-02-24,0.0071649689901505,2026,2025-12-31,native_mse,20260912,-0.0016869022750859507,,0,1
state90,3655,2026-02-13,2026-03-02,-0.0097920588919678,2026,2025-12-31,native_mse,20260912,-0.0011765097827620523,,0,0
state90,3659,2026-02-27,2026-03-09,-0.0172526869201304,2026,2025-12-31,native_mse,20260912,-0.0007085124719817442,,0,0
state90,3664,2026-03-06,2026-03-16,0.0149926634422041,2026,2025-12-31,native_mse,20260912,-0.0009899154221996353,,0,1
state90,3669,2026-03-13,2026-03-23,-0.0364343509194254,2026,2025-12-31,native_mse,20260912,-0.0011266305599294578,,0,0
state90,3674,2026-03-20,2026-03-30,-0.0083038829988221,2026,2025-12-31,native_mse,20260912,-0.001524311581453077,,0,0
state90,3679,2026-03-27,2026-04-07,-0.0035591495694504,2026,2025-12-31,native_mse,20260912,-0.0019205134194293897,,0,0
state90,3684,2026-04-03,2026-04-13,0.0380736235508991,2026,2025-12-31,native_mse,20260912,-0.0011376256916386593,,0,1
state90,3688,2026-04-10,2026-04-20,0.0242766725964382,2026,2025-12-31,native_mse,20260912,-0.0013216896399536517,,0,1
state90,3693,2026-04-17,2026-04-27,0.010401572188011,2026,2025-12-31,native_mse,20260912,-0.0015028502660909705,,0,1
state90,3698,2026-04-24,2026-05-11,0.0263674696524953,2026,2025-12-31,native_mse,20260912,-0.0012568015547876838,,0,1
state90,3705,2026-05-08,2026-05-18,-0.0134529239455926,2026,2025-12-31,native_mse,20260912,-0.0004371239494575972,,0,0
state90,3710,2026-05-15,2026-05-25,0.0076235492615268,2026,2025-12-31,native_mse,20260912,6.163719011948235e-05,,1,1
state90,3715,2026-05-22,2026-06-01,0.005068538126898,2026,2025-12-31,native_mse,20260912,7.730204085298746e-06,,1,1
state90,3720,2026-05-29,2026-06-08,-0.039635353927193,2026,2025-12-31,native_mse,20260912,-0.00019569943758148556,,0,0
state90,3725,2026-06-05,2026-06-15,0.0266849782195981,2026,2025-12-31,native_mse,20260912,-0.00010540438898025962,,0,1
state90,3730,2026-06-12,2026-06-29,0.0076098142791176,2026,2025-12-31,native_mse,20260912,-0.0007095936265099443,,0,1
state90,3739,2026-06-26,2026-07-06,0.0005137647861506,2026,2025-12-31,native_mse,20260912,-0.00033128119271872585,,0,1
state90,3744,2026-07-03,2026-07-13,-0.0252847876365399,2026,2025-12-31,native_mse,20260912,-0.0011443460816151978,,0,0
state90,3749,2026-07-10,2026-07-20,-0.035775397012711,2026,2025-12-31,native_mse,20260912,-0.0017039989678604111,,0,0
state90,3754,2026-07-17,2026-07-27,0.01756245533441,2026,2025-12-31,native_mse,20260912,-0.0017003094595498154,,0,1
state90,3759,2026-07-24,2026-08-03,-0.0202339761556519,2026,2025-12-31,native_mse,20260912,-0.0018633248001663242,,0,0
state90,3764,2026-07-31,2026-08-10,0.0300318732435738,2026,2025-12-31,native_mse,20260912,-0.0013665112944695823,,0,1
state90,3769,2026-08-07,2026-08-17,-0.0056482265760339,2026,2025-12-31,native_mse,20260912,-0.0010726869031266657,,0,0
state90,3774,2026-08-14,2026-08-24,-0.0109860710402629,2026,2025-12-31,native_mse,20260912,-0.0012030503226100222,,0,0
state90,3779,2026-08-21,2026-08-31,-0.0127592811002066,2026,2025-12-31,native_mse,20260912,-0.0005090624873602664,,0,0
state90,3503,2025-07-04,2025-07-14,0.0110426949002964,2025,2025-03-31,learned_market,20260910,0.6404206790846138,0.6404206790846138,1,1
state90,3508,2025-07-11,2025-07-21,0.0120759671840067,2025,2025-03-31,learned_market,20260910,0.454619832195809,0.454619832195809,0,1
state90,3513,2025-07-18,2025-07-28,0.0143570766898375,2025,2025-03-31,learned_market,20260910,0.6700861849818914,0.6700861849818914,1,1
state90,3518,2025-07-25,2025-08-04,-0.0218642507630443,2025,2025-03-31,learned_market,20260910,0.36714906864480934,0.36714906864480934,0,0
state90,3523,2025-08-01,2025-08-11,0.0179175520190988,2025,2025-03-31,learned_market,20260910,0.30568783306666325,0.30568783306666325,0,1
state90,3528,2025-08-08,2025-08-18,0.026265786598999,2025,2025-03-31,learned_market,20260910,0.361315291402185,0.361315291402185,0,1
state90,3533,2025-08-15,2025-08-25,0.0469483790671487,2025,2025-03-31,learned_market,20260910,0.41711569845922536,0.41711569845922536,0,1
state90,3538,2025-08-22,2025-09-01,0.0227770368340847,2025,2025-03-31,learned_market,20260910,0.3625996354399368,0.3625996354399368,0,1
state90,3543,2025-08-29,2025-09-08,-0.0110053842475337,2025,2025-03-31,learned_market,20260910,0.3942339919638486,0.3942339919638486,0,0
state90,3548,2025-09-05,2025-09-15,0.0151594857594405,2025,2025-03-31,learned_market,20260910,0.4352456352004329,0.4352456352004329,0,1
state90,3553,2025-09-12,2025-09-22,-0.0050409160971932,2025,2025-03-31,learned_market,20260910,0.5065114344619294,0.5065114344619294,1,0
state90,3558,2025-09-19,2025-09-29,0.0095300784790881,2025,2025-03-31,learned_market,20260910,0.467362954119666,0.467362954119666,0,1
state90,3563,2025-09-26,2025-10-13,-0.0140855274279203,2025,2025-03-31,learned_market,20260910,0.511994817482825,0.511994817482825,1,0
state90,3503,2025-07-04,2025-07-14,0.0110426949002964,2025,2025-03-31,learned_vol_interaction,20260910,0.654024715460112,0.654024715460112,1,1
state90,3508,2025-07-11,2025-07-21,0.0120759671840067,2025,2025-03-31,learned_vol_interaction,20260910,0.45384393347082486,0.45384393347082486,0,1
state90,3513,2025-07-18,2025-07-28,0.0143570766898375,2025,2025-03-31,learned_vol_interaction,20260910,0.6799951953747787,0.6799951953747787,1,1
state90,3518,2025-07-25,2025-08-04,-0.0218642507630443,2025,2025-03-31,learned_vol_interaction,20260910,0.3566825647244876,0.3566825647244876,0,0
state90,3523,2025-08-01,2025-08-11,0.0179175520190988,2025,2025-03-31,learned_vol_interaction,20260910,0.29470899744504914,0.29470899744504914,0,1
state90,3528,2025-08-08,2025-08-18,0.026265786598999,2025,2025-03-31,learned_vol_interaction,20260910,0.3515457298330721,0.3515457298330721,0,1
state90,3533,2025-08-15,2025-08-25,0.0469483790671487,2025,2025-03-31,learned_vol_interaction,20260910,0.4083806740928677,0.4083806740928677,0,1
state90,3538,2025-08-22,2025-09-01,0.0227770368340847,2025,2025-03-31,learned_vol_interaction,20260910,0.3534677722620316,0.3534677722620316,0,1
state90,3543,2025-08-29,2025-09-08,-0.0110053842475337,2025,2025-03-31,learned_vol_interaction,20260910,0.3862051042862374,0.3862051042862374,0,0
state90,3548,2025-09-05,2025-09-15,0.0151594857594405,2025,2025-03-31,learned_vol_interaction,20260910,0.4315823796674866,0.4315823796674866,0,1
state90,3553,2025-09-12,2025-09-22,-0.0050409160971932,2025,2025-03-31,learned_vol_interaction,20260910,0.5013530520022066,0.5013530520022066,1,0
state90,3558,2025-09-19,2025-09-29,0.0095300784790881,2025,2025-03-31,learned_vol_interaction,20260910,0.4650390488120428,0.4650390488120428,0,1
state90,3563,2025-09-26,2025-10-13,-0.0140855274279203,2025,2025-03-31,learned_vol_interaction,20260910,0.5035007511004097,0.5035007511004097,1,0
state90,3503,2025-07-04,2025-07-14,0.0110426949002964,2025,2025-03-31,learned_order_extension,20260910,0.6533857733932947,0.6533857733932947,1,1
state90,3508,2025-07-11,2025-07-21,0.0120759671840067,2025,2025-03-31,learned_order_extension,20260910,0.453930228689125,0.453930228689125,0,1
state90,3513,2025-07-18,2025-07-28,0.0143570766898375,2025,2025-03-31,learned_order_extension,20260910,0.6798428770446996,0.6798428770446996,1,1
state90,3518,2025-07-25,2025-08-04,-0.0218642507630443,2025,2025-03-31,learned_order_extension,20260910,0.357622847665223,0.357622847665223,0,0
state90,3523,2025-08-01,2025-08-11,0.0179175520190988,2025,2025-03-31,learned_order_extension,20260910,0.2961723228955528,0.2961723228955528,0,1
state90,3528,2025-08-08,2025-08-18,0.026265786598999,2025,2025-03-31,learned_order_extension,20260910,0.3527894469395687,0.3527894469395687,0,1
state90,3533,2025-08-15,2025-08-25,0.0469483790671487,2025,2025-03-31,learned_order_extension,20260910,0.40860478791768434,0.40860478791768434,0,1
state90,3538,2025-08-22,2025-09-01,0.0227770368340847,2025,2025-03-31,learned_order_extension,20260910,0.3533076272436479,0.3533076272436479,0,1
state90,3543,2025-08-29,2025-09-08,-0.0110053842475337,2025,2025-03-31,learned_order_extension,20260910,0.38663111359759844,0.38663111359759844,0,0
state90,3548,2025-09-05,2025-09-15,0.0151594857594405,2025,2025-03-31,learned_order_extension,20260910,0.4322811853241364,0.4322811853241364,0,1
state90,3553,2025-09-12,2025-09-22,-0.0050409160971932,2025,2025-03-31,learned_order_extension,20260910,0.502190735054446,0.502190735054446,1,0
state90,3558,2025-09-19,2025-09-29,0.0095300784790881,2025,2025-03-31,learned_order_extension,20260910,0.46500142727897453,0.46500142727897453,0,1
state90,3563,2025-09-26,2025-10-13,-0.0140855274279203,2025,2025-03-31,learned_order_extension,20260910,0.503351904608869,0.503351904608869,1,0
state90,3503,2025-07-04,2025-07-14,0.0110426949002964,2025,2025-03-31,learned_order_offset,20260910,0.6533624214234068,0.6533624214234068,1,1
state90,3508,2025-07-11,2025-07-21,0.0120759671840067,2025,2025-03-31,learned_order_offset,20260910,0.45386718420274585,0.45386718420274585,0,1
state90,3513,2025-07-18,2025-07-28,0.0143570766898375,2025,2025-03-31,learned_order_offset,20260910,0.6798190158000535,0.6798190158000535,1,1
state90,3518,2025-07-25,2025-08-04,-0.0218642507630443,2025,2025-03-31,learned_order_offset,20260910,0.3576050439295157,0.3576050439295157,0,0
state90,3523,2025-08-01,2025-08-11,0.0179175520190988,2025,2025-03-31,learned_order_offset,20260910,0.29619122017568317,0.29619122017568317,0,1
state90,3528,2025-08-08,2025-08-18,0.026265786598999,2025,2025-03-31,learned_order_offset,20260910,0.3528072082226566,0.3528072082226566,0,1
state90,3533,2025-08-15,2025-08-25,0.0469483790671487,2025,2025-03-31,learned_order_offset,20260910,0.40860494111502516,0.40860494111502516,0,1
state90,3538,2025-08-22,2025-09-01,0.0227770368340847,2025,2025-03-31,learned_order_offset,20260910,0.35334046282064246,0.35334046282064246,0,1
state90,3543,2025-08-29,2025-09-08,-0.0110053842475337,2025,2025-03-31,learned_order_offset,20260910,0.3866547368564607,0.3866547368564607,0,0
state90,3548,2025-09-05,2025-09-15,0.0151594857594405,2025,2025-03-31,learned_order_offset,20260910,0.43231227553331436,0.43231227553331436,0,1
state90,3553,2025-09-12,2025-09-22,-0.0050409160971932,2025,2025-03-31,learned_order_offset,20260910,0.5022060585705398,0.5022060585705398,1,0
state90,3558,2025-09-19,2025-09-29,0.0095300784790881,2025,2025-03-31,learned_order_offset,20260910,0.46501756065065825,0.46501756065065825,0,1
state90,3563,2025-09-26,2025-10-13,-0.0140855274279203,2025,2025-03-31,learned_order_offset,20260910,0.5033480763391056,0.5033480763391056,1,0
state90,3503,2025-07-04,2025-07-14,0.0110426949002964,2025,2025-03-31,native_mse,20260910,0.007494144372028559,,1,1
state90,3508,2025-07-11,2025-07-21,0.0120759671840067,2025,2025-03-31,native_mse,20260910,0.0010299047477710368,,1,1
state90,3513,2025-07-18,2025-07-28,0.0143570766898375,2025,2025-03-31,native_mse,20260910,0.006143355401966738,,1,1
state90,3518,2025-07-25,2025-08-04,-0.0218642507630443,2025,2025-03-31,native_mse,20260910,-0.003199456254598011,,0,0
state90,3523,2025-08-01,2025-08-11,0.0179175520190988,2025,2025-03-31,native_mse,20260910,-0.004906850473118435,,0,1
state90,3528,2025-08-08,2025-08-18,0.026265786598999,2025,2025-03-31,native_mse,20260910,-0.003196209767255213,,0,1
state90,3533,2025-08-15,2025-08-25,0.0469483790671487,2025,2025-03-31,native_mse,20260910,-0.0010845151371281642,,0,1
state90,3538,2025-08-22,2025-09-01,0.0227770368340847,2025,2025-03-31,native_mse,20260910,-0.005922287117261653,,0,1
state90,3543,2025-08-29,2025-09-08,-0.0110053842475337,2025,2025-03-31,native_mse,20260910,-0.004799637069233616,,0,0
state90,3548,2025-09-05,2025-09-15,0.0151594857594405,2025,2025-03-31,native_mse,20260910,-0.005433488304952407,,0,1
state90,3553,2025-09-12,2025-09-22,-0.0050409160971932,2025,2025-03-31,native_mse,20260910,-0.00474436088922258,,0,0
state90,3558,2025-09-19,2025-09-29,0.0095300784790881,2025,2025-03-31,native_mse,20260910,-0.006412925225923182,,0,1
state90,3563,2025-09-26,2025-10-13,-0.0140855274279203,2025,2025-03-31,native_mse,20260910,-0.0029105031044226637,,0,0
state90,3503,2025-07-04,2025-07-14,0.0110426949002964,2025,2025-03-31,training_frequency,-1,0.4738589211618257,0.4738589211618257,0,1
state90,3508,2025-07-11,2025-07-21,0.0120759671840067,2025,2025-03-31,training_frequency,-1,0.4738589211618257,0.4738589211618257,0,1
state90,3513,2025-07-18,2025-07-28,0.0143570766898375,2025,2025-03-31,training_frequency,-1,0.4738589211618257,0.4738589211618257,0,1
state90,3518,2025-07-25,2025-08-04,-0.0218642507630443,2025,2025-03-31,training_frequency,-1,0.4738589211618257,0.4738589211618257,0,0
state90,3523,2025-08-01,2025-08-11,0.0179175520190988,2025,2025-03-31,training_frequency,-1,0.4738589211618257,0.4738589211618257,0,1
state90,3528,2025-08-08,2025-08-18,0.026265786598999,2025,2025-03-31,training_frequency,-1,0.4738589211618257,0.4738589211618257,0,1
state90,3533,2025-08-15,2025-08-25,0.0469483790671487,2025,2025-03-31,training_frequency,-1,0.4738589211618257,0.4738589211618257,0,1
state90,3538,2025-08-22,2025-09-01,0.0227770368340847,2025,2025-03-31,training_frequency,-1,0.4738589211618257,0.4738589211618257,0,1
state90,3543,2025-08-29,2025-09-08,-0.0110053842475337,2025,2025-03-31,training_frequency,-1,0.4738589211618257,0.4738589211618257,0,0
state90,3548,2025-09-05,2025-09-15,0.0151594857594405,2025,2025-03-31,training_frequency,-1,0.4738589211618257,0.4738589211618257,0,1
state90,3553,2025-09-12,2025-09-22,-0.0050409160971932,2025,2025-03-31,training_frequency,-1,0.4738589211618257,0.4738589211618257,0,0
state90,3558,2025-09-19,2025-09-29,0.0095300784790881,2025,2025-03-31,training_frequency,-1,0.4738589211618257,0.4738589211618257,0,1
state90,3563,2025-09-26,2025-10-13,-0.0140855274279203,2025,2025-03-31,training_frequency,-1,0.4738589211618257,0.4738589211618257,0,0
state90,3503,2025-07-04,2025-07-14,0.0110426949002964,2025,2025-03-31,learned_market,20260911,0.4458299875906418,0.4458299875906418,0,1
state90,3508,2025-07-11,2025-07-21,0.0120759671840067,2025,2025-03-31,learned_market,20260911,0.5062022883738617,0.5062022883738617,1,1
state90,3513,2025-07-18,2025-07-28,0.0143570766898375,2025,2025-03-31,learned_market,20260911,0.6274691918065582,0.6274691918065582,1,1
state90,3518,2025-07-25,2025-08-04,-0.0218642507630443,2025,2025-03-31,learned_market,20260911,0.5602022229321753,0.5602022229321753,1,0
state90,3523,2025-08-01,2025-08-11,0.0179175520190988,2025,2025-03-31,learned_market,20260911,0.45706885789425405,0.45706885789425405,0,1
state90,3528,2025-08-08,2025-08-18,0.026265786598999,2025,2025-03-31,learned_market,20260911,0.36487853347141513,0.36487853347141513,0,1
state90,3533,2025-08-15,2025-08-25,0.0469483790671487,2025,2025-03-31,learned_market,20260911,0.42367100313530487,0.42367100313530487,0,1
state90,3538,2025-08-22,2025-09-01,0.0227770368340847,2025,2025-03-31,learned_market,20260911,0.5051057906111678,0.5051057906111678,1,1
state90,3543,2025-08-29,2025-09-08,-0.0110053842475337,2025,2025-03-31,learned_market,20260911,0.395251875212186,0.395251875212186,0,0
state90,3548,2025-09-05,2025-09-15,0.0151594857594405,2025,2025-03-31,learned_market,20260911,0.5144848811577909,0.5144848811577909,1,1
state90,3553,2025-09-12,2025-09-22,-0.0050409160971932,2025,2025-03-31,learned_market,20260911,0.47730696835415315,0.47730696835415315,0,0
state90,3558,2025-09-19,2025-09-29,0.0095300784790881,2025,2025-03-31,learned_market,20260911,0.43877615412534493,0.43877615412534493,0,1
state90,3563,2025-09-26,2025-10-13,-0.0140855274279203,2025,2025-03-31,learned_market,20260911,0.4764326990152663,0.4764326990152663,0,0
state90,3503,2025-07-04,2025-07-14,0.0110426949002964,2025,2025-03-31,learned_vol_interaction,20260911,0.40749238340804766,0.40749238340804766,0,1
state90,3508,2025-07-11,2025-07-21,0.0120759671840067,2025,2025-03-31,learned_vol_interaction,20260911,0.5106229759704418,0.5106229759704418,1,1
state90,3513,2025-07-18,2025-07-28,0.0143570766898375,2025,2025-03-31,learned_vol_interaction,20260911,0.6553688173660941,0.6553688173660941,1,1
state90,3518,2025-07-25,2025-08-04,-0.0218642507630443,2025,2025-03-31,learned_vol_interaction,20260911,0.5509456516325467,0.5509456516325467,1,0
state90,3523,2025-08-01,2025-08-11,0.0179175520190988,2025,2025-03-31,learned_vol_interaction,20260911,0.419487579451491,0.419487579451491,0,1
state90,3528,2025-08-08,2025-08-18,0.026265786598999,2025,2025-03-31,learned_vol_interaction,20260911,0.3179034595910295,0.3179034595910295,0,1
state90,3533,2025-08-15,2025-08-25,0.0469483790671487,2025,2025-03-31,learned_vol_interaction,20260911,0.3734745515538677,0.3734745515538677,0,1
state90,3538,2025-08-22,2025-09-01,0.0227770368340847,2025,2025-03-31,learned_vol_interaction,20260911,0.48087155981147595,0.48087155981147595,0,1
state90,3543,2025-08-29,2025-09-08,-0.0110053842475337,2025,2025-03-31,learned_vol_interaction,20260911,0.3642920484725011,0.3642920484725011,0,0
state90,3548,2025-09-05,2025-09-15,0.0151594857594405,2025,2025-03-31,learned_vol_interaction,20260911,0.5075225605927062,0.5075225605927062,1,1
state90,3553,2025-09-12,2025-09-22,-0.0050409160971932,2025,2025-03-31,learned_vol_interaction,20260911,0.4703420712531675,0.4703420712531675,0,0
state90,3558,2025-09-19,2025-09-29,0.0095300784790881,2025,2025-03-31,learned_vol_interaction,20260911,0.4356538659735529,0.4356538659735529,0,1
state90,3563,2025-09-26,2025-10-13,-0.0140855274279203,2025,2025-03-31,learned_vol_interaction,20260911,0.4494159021577514,0.4494159021577514,0,0
state90,3503,2025-07-04,2025-07-14,0.0110426949002964,2025,2025-03-31,learned_order_extension,20260911,0.40864681104658934,0.40864681104658934,0,1
state90,3508,2025-07-11,2025-07-21,0.0120759671840067,2025,2025-03-31,learned_order_extension,20260911,0.5162045510374631,0.5162045510374631,1,1
state90,3513,2025-07-18,2025-07-28,0.0143570766898375,2025,2025-03-31,learned_order_extension,20260911,0.6644543445536782,0.6644543445536782,1,1
state90,3518,2025-07-25,2025-08-04,-0.0218642507630443,2025,2025-03-31,learned_order_extension,20260911,0.5602703447942062,0.5602703447942062,1,0
state90,3523,2025-08-01,2025-08-11,0.0179175520190988,2025,2025-03-31,learned_order_extension,20260911,0.42440186470781366,0.42440186470781366,0,1
state90,3528,2025-08-08,2025-08-18,0.026265786598999,2025,2025-03-31,learned_order_extension,20260911,0.3125469856767223,0.3125469856767223,0,1
state90,3533,2025-08-15,2025-08-25,0.0469483790671487,2025,2025-03-31,learned_order_extension,20260911,0.37646687872462364,0.37646687872462364,0,1
state90,3538,2025-08-22,2025-09-01,0.0227770368340847,2025,2025-03-31,learned_order_extension,20260911,0.4932044322279148,0.4932044322279148,0,1
state90,3543,2025-08-29,2025-09-08,-0.0110053842475337,2025,2025-03-31,learned_order_extension,20260911,0.3701320188417698,0.3701320188417698,0,0
state90,3548,2025-09-05,2025-09-15,0.0151594857594405,2025,2025-03-31,learned_order_extension,20260911,0.5088994413386505,0.5088994413386505,1,1
state90,3553,2025-09-12,2025-09-22,-0.0050409160971932,2025,2025-03-31,learned_order_extension,20260911,0.46385741301867334,0.46385741301867334,0,0
state90,3558,2025-09-19,2025-09-29,0.0095300784790881,2025,2025-03-31,learned_order_extension,20260911,0.44119078091999364,0.44119078091999364,0,1
state90,3563,2025-09-26,2025-10-13,-0.0140855274279203,2025,2025-03-31,learned_order_extension,20260911,0.45910933179576974,0.45910933179576974,0,0
state90,3503,2025-07-04,2025-07-14,0.0110426949002964,2025,2025-03-31,learned_order_offset,20260911,0.409076551289964,0.409076551289964,0,1
state90,3508,2025-07-11,2025-07-21,0.0120759671840067,2025,2025-03-31,learned_order_offset,20260911,0.5164721396026434,0.5164721396026434,1,1
state90,3513,2025-07-18,2025-07-28,0.0143570766898375,2025,2025-03-31,learned_order_offset,20260911,0.6646088276752519,0.6646088276752519,1,1
state90,3518,2025-07-25,2025-08-04,-0.0218642507630443,2025,2025-03-31,learned_order_offset,20260911,0.5604944370362864,0.5604944370362864,1,0
state90,3523,2025-08-01,2025-08-11,0.0179175520190988,2025,2025-03-31,learned_order_offset,20260911,0.42491098026777047,0.42491098026777047,0,1
state90,3528,2025-08-08,2025-08-18,0.026265786598999,2025,2025-03-31,learned_order_offset,20260911,0.31276573377151073,0.31276573377151073,0,1
state90,3533,2025-08-15,2025-08-25,0.0469483790671487,2025,2025-03-31,learned_order_offset,20260911,0.37689382511217145,0.37689382511217145,0,1
state90,3538,2025-08-22,2025-09-01,0.0227770368340847,2025,2025-03-31,learned_order_offset,20260911,0.4934316503695898,0.4934316503695898,0,1
state90,3543,2025-08-29,2025-09-08,-0.0110053842475337,2025,2025-03-31,learned_order_offset,20260911,0.37026285291617134,0.37026285291617134,0,0
state90,3548,2025-09-05,2025-09-15,0.0151594857594405,2025,2025-03-31,learned_order_offset,20260911,0.5088150100645727,0.5088150100645727,1,1
state90,3553,2025-09-12,2025-09-22,-0.0050409160971932,2025,2025-03-31,learned_order_offset,20260911,0.4638497650509189,0.4638497650509189,0,0
state90,3558,2025-09-19,2025-09-29,0.0095300784790881,2025,2025-03-31,learned_order_offset,20260911,0.44108979699374445,0.44108979699374445,0,1
state90,3563,2025-09-26,2025-10-13,-0.0140855274279203,2025,2025-03-31,learned_order_offset,20260911,0.4591694658063073,0.4591694658063073,0,0
state90,3503,2025-07-04,2025-07-14,0.0110426949002964,2025,2025-03-31,native_mse,20260911,0.0005885812558313461,,1,1
state90,3508,2025-07-11,2025-07-21,0.0120759671840067,2025,2025-03-31,native_mse,20260911,0.0014446081726544224,,1,1
state90,3513,2025-07-18,2025-07-28,0.0143570766898375,2025,2025-03-31,native_mse,20260911,0.004169996169989395,,1,1
state90,3518,2025-07-25,2025-08-04,-0.0218642507630443,2025,2025-03-31,native_mse,20260911,0.0027726875079830122,,1,0
state90,3523,2025-08-01,2025-08-11,0.0179175520190988,2025,2025-03-31,native_mse,20260911,0.00028297573503182065,,1,1
state90,3528,2025-08-08,2025-08-18,0.026265786598999,2025,2025-03-31,native_mse,20260911,-0.001460279941710095,,0,1
state90,3533,2025-08-15,2025-08-25,0.0469483790671487,2025,2025-03-31,native_mse,20260911,-0.001921956473355408,,0,1
state90,3538,2025-08-22,2025-09-01,0.0227770368340847,2025,2025-03-31,native_mse,20260911,0.0007976939530607649,,1,1
state90,3543,2025-08-29,2025-09-08,-0.0110053842475337,2025,2025-03-31,native_mse,20260911,-0.002805636479657807,,0,0
state90,3548,2025-09-05,2025-09-15,0.0151594857594405,2025,2025-03-31,native_mse,20260911,-0.0035360273279923596,,0,1
state90,3553,2025-09-12,2025-09-22,-0.0050409160971932,2025,2025-03-31,native_mse,20260911,-0.0038386290475257104,,0,0
state90,3558,2025-09-19,2025-09-29,0.0095300784790881,2025,2025-03-31,native_mse,20260911,-0.0026909874452728196,,0,1
state90,3563,2025-09-26,2025-10-13,-0.0140855274279203,2025,2025-03-31,native_mse,20260911,-0.002489593478632698,,0,0
state90,3503,2025-07-04,2025-07-14,0.0110426949002964,2025,2025-03-31,learned_market,20260912,0.5918437035347265,0.5918437035347265,1,1
state90,3508,2025-07-11,2025-07-21,0.0120759671840067,2025,2025-03-31,learned_market,20260912,0.4810032459359724,0.4810032459359724,0,1
state90,3513,2025-07-18,2025-07-28,0.0143570766898375,2025,2025-03-31,learned_market,20260912,0.560764579492475,0.560764579492475,1,1
state90,3518,2025-07-25,2025-08-04,-0.0218642507630443,2025,2025-03-31,learned_market,20260912,0.5509540793535692,0.5509540793535692,1,0
state90,3523,2025-08-01,2025-08-11,0.0179175520190988,2025,2025-03-31,learned_market,20260912,0.33592213568239665,0.33592213568239665,0,1
state90,3528,2025-08-08,2025-08-18,0.026265786598999,2025,2025-03-31,learned_market,20260912,0.16847262639076346,0.16847262639076346,0,1
state90,3533,2025-08-15,2025-08-25,0.0469483790671487,2025,2025-03-31,learned_market,20260912,0.336399287567513,0.336399287567513,0,1
state90,3538,2025-08-22,2025-09-01,0.0227770368340847,2025,2025-03-31,learned_market,20260912,0.31587543234080384,0.31587543234080384,0,1
state90,3543,2025-08-29,2025-09-08,-0.0110053842475337,2025,2025-03-31,learned_market,20260912,0.3610999091130827,0.3610999091130827,0,0
state90,3548,2025-09-05,2025-09-15,0.0151594857594405,2025,2025-03-31,learned_market,20260912,0.5354942380610225,0.5354942380610225,1,1
state90,3553,2025-09-12,2025-09-22,-0.0050409160971932,2025,2025-03-31,learned_market,20260912,0.509610954320726,0.509610954320726,1,0
state90,3558,2025-09-19,2025-09-29,0.0095300784790881,2025,2025-03-31,learned_market,20260912,0.38552085748216064,0.38552085748216064,0,1
state90,3563,2025-09-26,2025-10-13,-0.0140855274279203,2025,2025-03-31,learned_market,20260912,0.3353512185626933,0.3353512185626933,0,0
state90,3503,2025-07-04,2025-07-14,0.0110426949002964,2025,2025-03-31,learned_vol_interaction,20260912,0.6570841688562387,0.6570841688562387,1,1
state90,3508,2025-07-11,2025-07-21,0.0120759671840067,2025,2025-03-31,learned_vol_interaction,20260912,0.5145205682897815,0.5145205682897815,1,1
state90,3513,2025-07-18,2025-07-28,0.0143570766898375,2025,2025-03-31,learned_vol_interaction,20260912,0.6346818482043604,0.6346818482043604,1,1
state90,3518,2025-07-25,2025-08-04,-0.0218642507630443,2025,2025-03-31,learned_vol_interaction,20260912,0.6256319309636786,0.6256319309636786,1,0
state90,3523,2025-08-01,2025-08-11,0.0179175520190988,2025,2025-03-31,learned_vol_interaction,20260912,0.319062471901231,0.319062471901231,0,1
state90,3528,2025-08-08,2025-08-18,0.026265786598999,2025,2025-03-31,learned_vol_interaction,20260912,0.11854448972371288,0.11854448972371288,0,1
state90,3533,2025-08-15,2025-08-25,0.0469483790671487,2025,2025-03-31,learned_vol_interaction,20260912,0.3087292261903778,0.3087292261903778,0,1
state90,3538,2025-08-22,2025-09-01,0.0227770368340847,2025,2025-03-31,learned_vol_interaction,20260912,0.2840276623179009,0.2840276623179009,0,1
state90,3543,2025-08-29,2025-09-08,-0.0110053842475337,2025,2025-03-31,learned_vol_interaction,20260912,0.34448004089567436,0.34448004089567436,0,0
state90,3548,2025-09-05,2025-09-15,0.0151594857594405,2025,2025-03-31,learned_vol_interaction,20260912,0.5128824667370777,0.5128824667370777,1,1
state90,3553,2025-09-12,2025-09-22,-0.0050409160971932,2025,2025-03-31,learned_vol_interaction,20260912,0.472197771818421,0.472197771818421,0,0
state90,3558,2025-09-19,2025-09-29,0.0095300784790881,2025,2025-03-31,learned_vol_interaction,20260912,0.3654752042827204,0.3654752042827204,0,1
state90,3563,2025-09-26,2025-10-13,-0.0140855274279203,2025,2025-03-31,learned_vol_interaction,20260912,0.3127652424722521,0.3127652424722521,0,0
state90,3503,2025-07-04,2025-07-14,0.0110426949002964,2025,2025-03-31,learned_order_extension,20260912,0.6926220538422451,0.6926220538422451,1,1
state90,3508,2025-07-11,2025-07-21,0.0120759671840067,2025,2025-03-31,learned_order_extension,20260912,0.5182872090385647,0.5182872090385647,1,1
state90,3513,2025-07-18,2025-07-28,0.0143570766898375,2025,2025-03-31,learned_order_extension,20260912,0.6634082738932889,0.6634082738932889,1,1
state90,3518,2025-07-25,2025-08-04,-0.0218642507630443,2025,2025-03-31,learned_order_extension,20260912,0.6893512993112498,0.6893512993112498,1,0
state90,3523,2025-08-01,2025-08-11,0.0179175520190988,2025,2025-03-31,learned_order_extension,20260912,0.3212384139299667,0.3212384139299667,0,1
state90,3528,2025-08-08,2025-08-18,0.026265786598999,2025,2025-03-31,learned_order_extension,20260912,0.10117274312374826,0.10117274312374826,0,1
state90,3533,2025-08-15,2025-08-25,0.0469483790671487,2025,2025-03-31,learned_order_extension,20260912,0.31470196712012893,0.31470196712012893,0,1
state90,3538,2025-08-22,2025-09-01,0.0227770368340847,2025,2025-03-31,learned_order_extension,20260912,0.29467889168057404,0.29467889168057404,0,1
state90,3543,2025-08-29,2025-09-08,-0.0110053842475337,2025,2025-03-31,learned_order_extension,20260912,0.354239237088223,0.354239237088223,0,0
state90,3548,2025-09-05,2025-09-15,0.0151594857594405,2025,2025-03-31,learned_order_extension,20260912,0.5318167919713643,0.5318167919713643,1,1
state90,3553,2025-09-12,2025-09-22,-0.0050409160971932,2025,2025-03-31,learned_order_extension,20260912,0.49109258548885254,0.49109258548885254,0,0
state90,3558,2025-09-19,2025-09-29,0.0095300784790881,2025,2025-03-31,learned_order_extension,20260912,0.3808373567499582,0.3808373567499582,0,1
state90,3563,2025-09-26,2025-10-13,-0.0140855274279203,2025,2025-03-31,learned_order_extension,20260912,0.3320351288556957,0.3320351288556957,0,0
state90,3503,2025-07-04,2025-07-14,0.0110426949002964,2025,2025-03-31,learned_order_offset,20260912,0.689471067717208,0.689471067717208,1,1
state90,3508,2025-07-11,2025-07-21,0.0120759671840067,2025,2025-03-31,learned_order_offset,20260912,0.5184847081808805,0.5184847081808805,1,1
state90,3513,2025-07-18,2025-07-28,0.0143570766898375,2025,2025-03-31,learned_order_offset,20260912,0.6643832531566384,0.6643832531566384,1,1
state90,3518,2025-07-25,2025-08-04,-0.0218642507630443,2025,2025-03-31,learned_order_offset,20260912,0.6892627391737134,0.6892627391737134,1,0
state90,3523,2025-08-01,2025-08-11,0.0179175520190988,2025,2025-03-31,learned_order_offset,20260912,0.3230961999058127,0.3230961999058127,0,1
state90,3528,2025-08-08,2025-08-18,0.026265786598999,2025,2025-03-31,learned_order_offset,20260912,0.1027935683251003,0.1027935683251003,0,1
state90,3533,2025-08-15,2025-08-25,0.0469483790671487,2025,2025-03-31,learned_order_offset,20260912,0.31655804637475304,0.31655804637475304,0,1
state90,3538,2025-08-22,2025-09-01,0.0227770368340847,2025,2025-03-31,learned_order_offset,20260912,0.29578919880092014,0.29578919880092014,0,1
state90,3543,2025-08-29,2025-09-08,-0.0110053842475337,2025,2025-03-31,learned_order_offset,20260912,0.35662397216078,0.35662397216078,0,0
state90,3548,2025-09-05,2025-09-15,0.0151594857594405,2025,2025-03-31,learned_order_offset,20260912,0.5328300829182635,0.5328300829182635,1,1
state90,3553,2025-09-12,2025-09-22,-0.0050409160971932,2025,2025-03-31,learned_order_offset,20260912,0.49268931677411426,0.49268931677411426,0,0
state90,3558,2025-09-19,2025-09-29,0.0095300784790881,2025,2025-03-31,learned_order_offset,20260912,0.38296848365216857,0.38296848365216857,0,1
state90,3563,2025-09-26,2025-10-13,-0.0140855274279203,2025,2025-03-31,learned_order_offset,20260912,0.3335331120072815,0.3335331120072815,0,0
state90,3503,2025-07-04,2025-07-14,0.0110426949002964,2025,2025-03-31,native_mse,20260912,0.0007591026248444122,,1,1
state90,3508,2025-07-11,2025-07-21,0.0120759671840067,2025,2025-03-31,native_mse,20260912,0.0007344893271513816,,1,1
state90,3513,2025-07-18,2025-07-28,0.0143570766898375,2025,2025-03-31,native_mse,20260912,0.0007812391502603454,,1,1
state90,3518,2025-07-25,2025-08-04,-0.0218642507630443,2025,2025-03-31,native_mse,20260912,0.0008217983300087156,,1,0
state90,3523,2025-08-01,2025-08-11,0.0179175520190988,2025,2025-03-31,native_mse,20260912,0.0006653012704250237,,1,1
state90,3528,2025-08-08,2025-08-18,0.026265786598999,2025,2025-03-31,native_mse,20260912,0.0005880648473325089,,1,1
state90,3533,2025-08-15,2025-08-25,0.0469483790671487,2025,2025-03-31,native_mse,20260912,0.0006257086032210761,,1,1
state90,3538,2025-08-22,2025-09-01,0.0227770368340847,2025,2025-03-31,native_mse,20260912,0.000562250852203883,,1,1
state90,3543,2025-08-29,2025-09-08,-0.0110053842475337,2025,2025-03-31,native_mse,20260912,0.0005634668058949615,,1,0
state90,3548,2025-09-05,2025-09-15,0.0151594857594405,2025,2025-03-31,native_mse,20260912,0.0005897775195032853,,1,1
state90,3553,2025-09-12,2025-09-22,-0.0050409160971932,2025,2025-03-31,native_mse,20260912,0.0005774721305988746,,1,0
state90,3558,2025-09-19,2025-09-29,0.0095300784790881,2025,2025-03-31,native_mse,20260912,0.000504177107699911,,1,1
state90,3563,2025-09-26,2025-10-13,-0.0140855274279203,2025,2025-03-31,native_mse,20260912,0.000519449632870503,,1,0
error16,2418,2021-01-08,2021-01-18,-0.0120052904669853,2021,2020-12-31,learned_market,20260910,0.5528369602637446,0.5528369602637446,1,0
error16,2423,2021-01-15,2021-01-25,0.0231622460538123,2021,2020-12-31,learned_market,20260910,0.49674166213102977,0.49674166213102977,0,1
error16,2428,2021-01-22,2021-02-01,-0.0372511735907923,2021,2020-12-31,learned_market,20260910,0.3933637003220593,0.3933637003220593,0,0
error16,2433,2021-01-29,2021-02-08,0.0278689901714626,2021,2020-12-31,learned_market,20260910,0.4313547922375263,0.4313547922375263,0,1
error16,2438,2021-02-05,2021-02-22,0.0507379035040882,2021,2020-12-31,learned_market,20260910,0.40357928349119826,0.40357928349119826,0,1
error16,2443,2021-02-19,2021-03-01,-0.0684918010685315,2021,2020-12-31,learned_market,20260910,0.49513830982070434,0.49513830982070434,0,0
error16,2448,2021-02-26,2021-03-08,-0.0165997123904068,2021,2020-12-31,learned_market,20260910,0.43315180971386896,0.43315180971386896,0,0
error16,2453,2021-03-05,2021-03-15,-0.0346560901469681,2021,2020-12-31,learned_market,20260910,0.40131415281599914,0.40131415281599914,0,0
error16,2458,2021-03-12,2021-03-22,-0.0210550182560221,2021,2020-12-31,learned_market,20260910,0.47295990993929365,0.47295990993929365,0,0
error16,2463,2021-03-19,2021-03-29,0.0087572877565691,2021,2020-12-31,learned_market,20260910,0.6783048076904669,0.6783048076904669,1,1
error16,2468,2021-03-26,2021-04-06,0.0250145479448802,2021,2020-12-31,learned_market,20260910,0.6020041018019381,0.6020041018019381,1,1
error16,2473,2021-04-02,2021-04-12,-0.0292856811827044,2021,2020-12-31,learned_market,20260910,0.5183679897795258,0.5183679897795258,1,0
error16,2477,2021-04-09,2021-04-19,-0.0120489836840408,2021,2020-12-31,learned_market,20260910,0.6850249402938339,0.6850249402938339,1,0
error16,2482,2021-04-16,2021-04-26,0.0382932540809155,2021,2020-12-31,learned_market,20260910,0.609924220475271,0.609924220475271,1,1
error16,2487,2021-04-23,2021-05-06,-0.0112070185917437,2021,2020-12-31,learned_market,20260910,0.6788658728472401,0.6788658728472401,1,0
error16,2492,2021-04-30,2021-05-12,-0.0190946889464188,2021,2020-12-31,learned_market,20260910,0.6869387015648898,0.6869387015648898,1,0
error16,2494,2021-05-07,2021-05-17,0.0227674429764228,2021,2020-12-31,learned_market,20260910,0.707143295820497,0.707143295820497,1,1
error16,2499,2021-05-14,2021-05-24,0.0045940519733895,2021,2020-12-31,learned_market,20260910,0.6297830216175037,0.6297830216175037,1,1
error16,2504,2021-05-21,2021-05-31,0.0348855085126711,2021,2020-12-31,learned_market,20260910,0.6135561076345685,0.6135561076345685,1,1
error16,2509,2021-05-28,2021-06-07,-0.0062409741861724,2021,2020-12-31,learned_market,20260910,0.5954545940650008,0.5954545940650008,1,0
error16,2514,2021-06-04,2021-06-15,-0.0125508761771767,2021,2020-12-31,learned_market,20260910,0.5021950734156202,0.5021950734156202,1,0
error16,2519,2021-06-11,2021-06-21,-0.0250011497424577,2021,2020-12-31,learned_market,20260910,0.35343278398049977,0.35343278398049977,0,0
error16,2523,2021-06-18,2021-06-28,0.0325308711127356,2021,2020-12-31,learned_market,20260910,0.3221586033468014,0.3221586033468014,0,1
error16,2528,2021-06-25,2021-07-05,-0.0342297962734196,2021,2020-12-31,learned_market,20260910,0.4336393441432385,0.4336393441432385,0,0
error16,2533,2021-07-02,2021-07-12,0.0068193733271841,2021,2020-12-31,learned_market,20260910,0.3704733615248586,0.3704733615248586,0,1
error16,2538,2021-07-09,2021-07-19,-0.0048254045313779,2021,2020-12-31,learned_market,20260910,0.38743639841929484,0.38743639841929484,0,0
error16,2543,2021-07-16,2021-07-26,-0.0032299118953994,2021,2020-12-31,learned_market,20260910,0.3392496570286791,0.3392496570286791,0,0
error16,2548,2021-07-23,2021-08-02,-0.0537740931579083,2021,2020-12-31,learned_market,20260910,0.4242757327433418,0.4242757327433418,0,0
error16,2553,2021-07-30,2021-08-09,0.019904813945049,2021,2020-12-31,learned_market,20260910,0.44622832370349025,0.44622832370349025,0,1
error16,2558,2021-08-06,2021-08-16,0.0093369268709639,2021,2020-12-31,learned_market,20260910,0.40768230665718896,0.40768230665718896,0,1
error16,2563,2021-08-13,2021-08-23,-0.032048736608373,2021,2020-12-31,learned_market,20260910,0.4025918663246775,0.4025918663246775,0,0
error16,2568,2021-08-20,2021-08-30,0.0145047962107527,2021,2020-12-31,learned_market,20260910,0.5581931205458567,0.5581931205458567,1,1
error16,2573,2021-08-27,2021-09-06,-0.0012316820816045,2021,2020-12-31,learned_market,20260910,0.5652685808405962,0.5652685808405962,1,0
error16,2578,2021-09-03,2021-09-13,0.0342301066295398,2021,2020-12-31,learned_market,20260910,0.7414364016645572,0.7414364016645572,1,1
error16,2583,2021-09-10,2021-09-22,-0.0471441667981554,2021,2020-12-31,learned_market,20260910,0.7365374093158319,0.7365374093158319,1,0
error16,2588,2021-09-17,2021-09-28,0.0209863060789441,2021,2020-12-31,learned_market,20260910,0.7129908769856873,0.7129908769856873,1,1
error16,2591,2021-09-24,2021-10-11,0.0144615416200457,2021,2020-12-31,learned_market,20260910,0.7494998617287155,0.7494998617287155,1,1
error16,2596,2021-10-08,2021-10-18,-0.0038006269617851,2021,2020-12-31,learned_market,20260910,0.7103284017268151,0.7103284017268151,1,0
error16,2601,2021-10-15,2021-10-25,0.0037358989621147,2021,2020-12-31,learned_market,20260910,0.7054426847772952,0.7054426847772952,1,1
error16,2606,2021-10-22,2021-11-01,-0.0127041632091318,2021,2020-12-31,learned_market,20260910,0.561668990030631,0.561668990030631,1,0
error16,2611,2021-10-29,2021-11-08,-0.0075807737801166,2021,2020-12-31,learned_market,20260910,0.5778524508006477,0.5778524508006477,1,0
error16,2616,2021-11-05,2021-11-15,0.0110015182343039,2021,2020-12-31,learned_market,20260910,0.6566176820686879,0.6566176820686879,1,1
error16,2621,2021-11-12,2021-11-22,0.0002002284238551,2021,2020-12-31,learned_market,20260910,0.7459419474434704,0.7459419474434704,1,1
error16,2626,2021-11-19,2021-11-29,-0.0153981603100059,2021,2020-12-31,learned_market,20260910,0.7859013728177604,0.7859013728177604,1,0
error16,2631,2021-11-26,2021-12-06,0.0185518287306458,2021,2020-12-31,learned_market,20260910,0.679954560670936,0.679954560670936,1,1
error16,2636,2021-12-03,2021-12-13,0.0367843110096284,2021,2020-12-31,learned_market,20260910,0.6823399841098169,0.6823399841098169,1,1
error16,2641,2021-12-10,2021-12-20,-0.0304615698955996,2021,2020-12-31,learned_market,20260910,0.6068383170365979,0.6068383170365979,1,0
error16,2646,2021-12-17,2021-12-27,-0.0034083287233763,2021,2020-12-31,learned_market,20260910,0.7177286585161153,0.7177286585161153,1,0
error16,2651,2021-12-24,2022-01-04,0.0080985736506613,2021,2020-12-31,learned_market,20260910,0.7527245234710195,0.7527245234710195,1,1
error16,2656,2021-12-31,2022-01-10,-0.0293970528320001,2021,2020-12-31,learned_market,20260910,0.7407762805267725,0.7407762805267725,1,0
error16,2418,2021-01-08,2021-01-18,-0.0120052904669853,2021,2020-12-31,learned_vol_interaction,20260910,0.5286701081389081,0.5286701081389081,1,0
error16,2423,2021-01-15,2021-01-25,0.0231622460538123,2021,2020-12-31,learned_vol_interaction,20260910,0.47178291125549215,0.47178291125549215,0,1
error16,2428,2021-01-22,2021-02-01,-0.0372511735907923,2021,2020-12-31,learned_vol_interaction,20260910,0.3671123538576221,0.3671123538576221,0,0
error16,2433,2021-01-29,2021-02-08,0.0278689901714626,2021,2020-12-31,learned_vol_interaction,20260910,0.434482531700876,0.434482531700876,0,1
error16,2438,2021-02-05,2021-02-22,0.0507379035040882,2021,2020-12-31,learned_vol_interaction,20260910,0.42570726310777396,0.42570726310777396,0,1
error16,2443,2021-02-19,2021-03-01,-0.0684918010685315,2021,2020-12-31,learned_vol_interaction,20260910,0.4791771552633417,0.4791771552633417,0,0
error16,2448,2021-02-26,2021-03-08,-0.0165997123904068,2021,2020-12-31,learned_vol_interaction,20260910,0.4783928105694597,0.4783928105694597,0,0
error16,2453,2021-03-05,2021-03-15,-0.0346560901469681,2021,2020-12-31,learned_vol_interaction,20260910,0.4610266286466043,0.4610266286466043,0,0
error16,2458,2021-03-12,2021-03-22,-0.0210550182560221,2021,2020-12-31,learned_vol_interaction,20260910,0.48103471562569133,0.48103471562569133,0,0
error16,2463,2021-03-19,2021-03-29,0.0087572877565691,2021,2020-12-31,learned_vol_interaction,20260910,0.5872740166666267,0.5872740166666267,1,1
error16,2468,2021-03-26,2021-04-06,0.0250145479448802,2021,2020-12-31,learned_vol_interaction,20260910,0.5791980511717043,0.5791980511717043,1,1
error16,2473,2021-04-02,2021-04-12,-0.0292856811827044,2021,2020-12-31,learned_vol_interaction,20260910,0.5665920928801257,0.5665920928801257,1,0
error16,2477,2021-04-09,2021-04-19,-0.0120489836840408,2021,2020-12-31,learned_vol_interaction,20260910,0.7108940398772539,0.7108940398772539,1,0
error16,2482,2021-04-16,2021-04-26,0.0382932540809155,2021,2020-12-31,learned_vol_interaction,20260910,0.6177612563202494,0.6177612563202494,1,1
error16,2487,2021-04-23,2021-05-06,-0.0112070185917437,2021,2020-12-31,learned_vol_interaction,20260910,0.7142122563040804,0.7142122563040804,1,0
error16,2492,2021-04-30,2021-05-12,-0.0190946889464188,2021,2020-12-31,learned_vol_interaction,20260910,0.6941591991721776,0.6941591991721776,1,0
error16,2494,2021-05-07,2021-05-17,0.0227674429764228,2021,2020-12-31,learned_vol_interaction,20260910,0.7158017585661451,0.7158017585661451,1,1
error16,2499,2021-05-14,2021-05-24,0.0045940519733895,2021,2020-12-31,learned_vol_interaction,20260910,0.6694091341375065,0.6694091341375065,1,1
error16,2504,2021-05-21,2021-05-31,0.0348855085126711,2021,2020-12-31,learned_vol_interaction,20260910,0.636918321286237,0.636918321286237,1,1
error16,2509,2021-05-28,2021-06-07,-0.0062409741861724,2021,2020-12-31,learned_vol_interaction,20260910,0.5964746009268665,0.5964746009268665,1,0
error16,2514,2021-06-04,2021-06-15,-0.0125508761771767,2021,2020-12-31,learned_vol_interaction,20260910,0.4714551199386704,0.4714551199386704,0,0
error16,2519,2021-06-11,2021-06-21,-0.0250011497424577,2021,2020-12-31,learned_vol_interaction,20260910,0.2976695737938547,0.2976695737938547,0,0
error16,2523,2021-06-18,2021-06-28,0.0325308711127356,2021,2020-12-31,learned_vol_interaction,20260910,0.2852455047514334,0.2852455047514334,0,1
error16,2528,2021-06-25,2021-07-05,-0.0342297962734196,2021,2020-12-31,learned_vol_interaction,20260910,0.36967907658300214,0.36967907658300214,0,0
error16,2533,2021-07-02,2021-07-12,0.0068193733271841,2021,2020-12-31,learned_vol_interaction,20260910,0.33854643902626746,0.33854643902626746,0,1
error16,2538,2021-07-09,2021-07-19,-0.0048254045313779,2021,2020-12-31,learned_vol_interaction,20260910,0.33440628192539174,0.33440628192539174,0,0
error16,2543,2021-07-16,2021-07-26,-0.0032299118953994,2021,2020-12-31,learned_vol_interaction,20260910,0.2983054237457592,0.2983054237457592,0,0
error16,2548,2021-07-23,2021-08-02,-0.0537740931579083,2021,2020-12-31,learned_vol_interaction,20260910,0.3973707608981436,0.3973707608981436,0,0
error16,2553,2021-07-30,2021-08-09,0.019904813945049,2021,2020-12-31,learned_vol_interaction,20260910,0.45645753128071037,0.45645753128071037,0,1
error16,2558,2021-08-06,2021-08-16,0.0093369268709639,2021,2020-12-31,learned_vol_interaction,20260910,0.4414614197613605,0.4414614197613605,0,1
error16,2563,2021-08-13,2021-08-23,-0.032048736608373,2021,2020-12-31,learned_vol_interaction,20260910,0.454673473148584,0.454673473148584,0,0
error16,2568,2021-08-20,2021-08-30,0.0145047962107527,2021,2020-12-31,learned_vol_interaction,20260910,0.5753590432785457,0.5753590432785457,1,1
error16,2573,2021-08-27,2021-09-06,-0.0012316820816045,2021,2020-12-31,learned_vol_interaction,20260910,0.5964802029549509,0.5964802029549509,1,0
error16,2578,2021-09-03,2021-09-13,0.0342301066295398,2021,2020-12-31,learned_vol_interaction,20260910,0.7511535519201762,0.7511535519201762,1,1
error16,2583,2021-09-10,2021-09-22,-0.0471441667981554,2021,2020-12-31,learned_vol_interaction,20260910,0.7354885736856006,0.7354885736856006,1,0
error16,2588,2021-09-17,2021-09-28,0.0209863060789441,2021,2020-12-31,learned_vol_interaction,20260910,0.742822186176108,0.742822186176108,1,1
error16,2591,2021-09-24,2021-10-11,0.0144615416200457,2021,2020-12-31,learned_vol_interaction,20260910,0.7830893595033332,0.7830893595033332,1,1
error16,2596,2021-10-08,2021-10-18,-0.0038006269617851,2021,2020-12-31,learned_vol_interaction,20260910,0.7389350198038485,0.7389350198038485,1,0
error16,2601,2021-10-15,2021-10-25,0.0037358989621147,2021,2020-12-31,learned_vol_interaction,20260910,0.7518254704320237,0.7518254704320237,1,1
error16,2606,2021-10-22,2021-11-01,-0.0127041632091318,2021,2020-12-31,learned_vol_interaction,20260910,0.5667069692887503,0.5667069692887503,1,0
error16,2611,2021-10-29,2021-11-08,-0.0075807737801166,2021,2020-12-31,learned_vol_interaction,20260910,0.5978906470541093,0.5978906470541093,1,0
error16,2616,2021-11-05,2021-11-15,0.0110015182343039,2021,2020-12-31,learned_vol_interaction,20260910,0.7049509607400938,0.7049509607400938,1,1
error16,2621,2021-11-12,2021-11-22,0.0002002284238551,2021,2020-12-31,learned_vol_interaction,20260910,0.7921347100152616,0.7921347100152616,1,1
error16,2626,2021-11-19,2021-11-29,-0.0153981603100059,2021,2020-12-31,learned_vol_interaction,20260910,0.8444124098063084,0.8444124098063084,1,0
error16,2631,2021-11-26,2021-12-06,0.0185518287306458,2021,2020-12-31,learned_vol_interaction,20260910,0.7462862952782527,0.7462862952782527,1,1
error16,2636,2021-12-03,2021-12-13,0.0367843110096284,2021,2020-12-31,learned_vol_interaction,20260910,0.7334407137174276,0.7334407137174276,1,1
error16,2641,2021-12-10,2021-12-20,-0.0304615698955996,2021,2020-12-31,learned_vol_interaction,20260910,0.6381604092645059,0.6381604092645059,1,0
error16,2646,2021-12-17,2021-12-27,-0.0034083287233763,2021,2020-12-31,learned_vol_interaction,20260910,0.7623862004352224,0.7623862004352224,1,0
error16,2651,2021-12-24,2022-01-04,0.0080985736506613,2021,2020-12-31,learned_vol_interaction,20260910,0.801892985798022,0.801892985798022,1,1
error16,2656,2021-12-31,2022-01-10,-0.0293970528320001,2021,2020-12-31,learned_vol_interaction,20260910,0.7781175029999812,0.7781175029999812,1,0
error16,2418,2021-01-08,2021-01-18,-0.0120052904669853,2021,2020-12-31,learned_order_extension,20260910,0.5330538496767134,0.5330538496767134,1,0
error16,2423,2021-01-15,2021-01-25,0.0231622460538123,2021,2020-12-31,learned_order_extension,20260910,0.479592338912861,0.479592338912861,0,1
error16,2428,2021-01-22,2021-02-01,-0.0372511735907923,2021,2020-12-31,learned_order_extension,20260910,0.3707727762571325,0.3707727762571325,0,0
error16,2433,2021-01-29,2021-02-08,0.0278689901714626,2021,2020-12-31,learned_order_extension,20260910,0.43176970986504826,0.43176970986504826,0,1
error16,2438,2021-02-05,2021-02-22,0.0507379035040882,2021,2020-12-31,learned_order_extension,20260910,0.41923333650784145,0.41923333650784145,0,1
error16,2443,2021-02-19,2021-03-01,-0.0684918010685315,2021,2020-12-31,learned_order_extension,20260910,0.47927687031403743,0.47927687031403743,0,0
error16,2448,2021-02-26,2021-03-08,-0.0165997123904068,2021,2020-12-31,learned_order_extension,20260910,0.4709068161644563,0.4709068161644563,0,0
error16,2453,2021-03-05,2021-03-15,-0.0346560901469681,2021,2020-12-31,learned_order_extension,20260910,0.45619563032762256,0.45619563032762256,0,0
error16,2458,2021-03-12,2021-03-22,-0.0210550182560221,2021,2020-12-31,learned_order_extension,20260910,0.47999849102949665,0.47999849102949665,0,0
error16,2463,2021-03-19,2021-03-29,0.0087572877565691,2021,2020-12-31,learned_order_extension,20260910,0.5898698686538169,0.5898698686538169,1,1
error16,2468,2021-03-26,2021-04-06,0.0250145479448802,2021,2020-12-31,learned_order_extension,20260910,0.5737573684172776,0.5737573684172776,1,1
error16,2473,2021-04-02,2021-04-12,-0.0292856811827044,2021,2020-12-31,learned_order_extension,20260910,0.5606987442866249,0.5606987442866249,1,0
error16,2477,2021-04-09,2021-04-19,-0.0120489836840408,2021,2020-12-31,learned_order_extension,20260910,0.7182274336525071,0.7182274336525071,1,0
error16,2482,2021-04-16,2021-04-26,0.0382932540809155,2021,2020-12-31,learned_order_extension,20260910,0.6304814445875302,0.6304814445875302,1,1
error16,2487,2021-04-23,2021-05-06,-0.0112070185917437,2021,2020-12-31,learned_order_extension,20260910,0.7209122130262224,0.7209122130262224,1,0
error16,2492,2021-04-30,2021-05-12,-0.0190946889464188,2021,2020-12-31,learned_order_extension,20260910,0.7079591515466482,0.7079591515466482,1,0
error16,2494,2021-05-07,2021-05-17,0.0227674429764228,2021,2020-12-31,learned_order_extension,20260910,0.7249150404118895,0.7249150404118895,1,1
error16,2499,2021-05-14,2021-05-24,0.0045940519733895,2021,2020-12-31,learned_order_extension,20260910,0.6698431717025706,0.6698431717025706,1,1
error16,2504,2021-05-21,2021-05-31,0.0348855085126711,2021,2020-12-31,learned_order_extension,20260910,0.637226950963881,0.637226950963881,1,1
error16,2509,2021-05-28,2021-06-07,-0.0062409741861724,2021,2020-12-31,learned_order_extension,20260910,0.5886282988716269,0.5886282988716269,1,0
error16,2514,2021-06-04,2021-06-15,-0.0125508761771767,2021,2020-12-31,learned_order_extension,20260910,0.45708512700896387,0.45708512700896387,0,0
error16,2519,2021-06-11,2021-06-21,-0.0250011497424577,2021,2020-12-31,learned_order_extension,20260910,0.2698925230706461,0.2698925230706461,0,0
error16,2523,2021-06-18,2021-06-28,0.0325308711127356,2021,2020-12-31,learned_order_extension,20260910,0.2635709565277681,0.2635709565277681,0,1
error16,2528,2021-06-25,2021-07-05,-0.0342297962734196,2021,2020-12-31,learned_order_extension,20260910,0.3555705506909634,0.3555705506909634,0,0
error16,2533,2021-07-02,2021-07-12,0.0068193733271841,2021,2020-12-31,learned_order_extension,20260910,0.3215356208455046,0.3215356208455046,0,1
error16,2538,2021-07-09,2021-07-19,-0.0048254045313779,2021,2020-12-31,learned_order_extension,20260910,0.30960513014389496,0.30960513014389496,0,0
error16,2543,2021-07-16,2021-07-26,-0.0032299118953994,2021,2020-12-31,learned_order_extension,20260910,0.26346674807178416,0.26346674807178416,0,0
error16,2548,2021-07-23,2021-08-02,-0.0537740931579083,2021,2020-12-31,learned_order_extension,20260910,0.37768275856106887,0.37768275856106887,0,0
error16,2553,2021-07-30,2021-08-09,0.019904813945049,2021,2020-12-31,learned_order_extension,20260910,0.4428695355453456,0.4428695355453456,0,1
error16,2558,2021-08-06,2021-08-16,0.0093369268709639,2021,2020-12-31,learned_order_extension,20260910,0.4229515556966854,0.4229515556966854,0,1
error16,2563,2021-08-13,2021-08-23,-0.032048736608373,2021,2020-12-31,learned_order_extension,20260910,0.4456618802062691,0.4456618802062691,0,0
error16,2568,2021-08-20,2021-08-30,0.0145047962107527,2021,2020-12-31,learned_order_extension,20260910,0.5729448112364248,0.5729448112364248,1,1
error16,2573,2021-08-27,2021-09-06,-0.0012316820816045,2021,2020-12-31,learned_order_extension,20260910,0.5932306473216634,0.5932306473216634,1,0
error16,2578,2021-09-03,2021-09-13,0.0342301066295398,2021,2020-12-31,learned_order_extension,20260910,0.7530250371326861,0.7530250371326861,1,1
error16,2583,2021-09-10,2021-09-22,-0.0471441667981554,2021,2020-12-31,learned_order_extension,20260910,0.7486737724952331,0.7486737724952331,1,0
error16,2588,2021-09-17,2021-09-28,0.0209863060789441,2021,2020-12-31,learned_order_extension,20260910,0.7583098115704442,0.7583098115704442,1,1
error16,2591,2021-09-24,2021-10-11,0.0144615416200457,2021,2020-12-31,learned_order_extension,20260910,0.8103635906047445,0.8103635906047445,1,1
error16,2596,2021-10-08,2021-10-18,-0.0038006269617851,2021,2020-12-31,learned_order_extension,20260910,0.7561808318033095,0.7561808318033095,1,0
error16,2601,2021-10-15,2021-10-25,0.0037358989621147,2021,2020-12-31,learned_order_extension,20260910,0.7694557887920218,0.7694557887920218,1,1
error16,2606,2021-10-22,2021-11-01,-0.0127041632091318,2021,2020-12-31,learned_order_extension,20260910,0.5615338980352494,0.5615338980352494,1,0
error16,2611,2021-10-29,2021-11-08,-0.0075807737801166,2021,2020-12-31,learned_order_extension,20260910,0.6036504395848563,0.6036504395848563,1,0
error16,2616,2021-11-05,2021-11-15,0.0110015182343039,2021,2020-12-31,learned_order_extension,20260910,0.7240099906328699,0.7240099906328699,1,1
error16,2621,2021-11-12,2021-11-22,0.0002002284238551,2021,2020-12-31,learned_order_extension,20260910,0.8323347557675079,0.8323347557675079,1,1
error16,2626,2021-11-19,2021-11-29,-0.0153981603100059,2021,2020-12-31,learned_order_extension,20260910,0.8873632409726487,0.8873632409726487,1,0
error16,2631,2021-11-26,2021-12-06,0.0185518287306458,2021,2020-12-31,learned_order_extension,20260910,0.7750880996921731,0.7750880996921731,1,1
error16,2636,2021-12-03,2021-12-13,0.0367843110096284,2021,2020-12-31,learned_order_extension,20260910,0.7534897898811092,0.7534897898811092,1,1
error16,2641,2021-12-10,2021-12-20,-0.0304615698955996,2021,2020-12-31,learned_order_extension,20260910,0.6528475687663766,0.6528475687663766,1,0
error16,2646,2021-12-17,2021-12-27,-0.0034083287233763,2021,2020-12-31,learned_order_extension,20260910,0.799691742557479,0.799691742557479,1,0
error16,2651,2021-12-24,2022-01-04,0.0080985736506613,2021,2020-12-31,learned_order_extension,20260910,0.8273154011733129,0.8273154011733129,1,1
error16,2656,2021-12-31,2022-01-10,-0.0293970528320001,2021,2020-12-31,learned_order_extension,20260910,0.8069727850322581,0.8069727850322581,1,0
error16,2418,2021-01-08,2021-01-18,-0.0120052904669853,2021,2020-12-31,learned_order_offset,20260910,0.5336151486659025,0.5336151486659025,1,0
error16,2423,2021-01-15,2021-01-25,0.0231622460538123,2021,2020-12-31,learned_order_offset,20260910,0.48002913839274924,0.48002913839274924,0,1
error16,2428,2021-01-22,2021-02-01,-0.0372511735907923,2021,2020-12-31,learned_order_offset,20260910,0.37113237990157133,0.37113237990157133,0,0
error16,2433,2021-01-29,2021-02-08,0.0278689901714626,2021,2020-12-31,learned_order_offset,20260910,0.43182028534515077,0.43182028534515077,0,1
error16,2438,2021-02-05,2021-02-22,0.0507379035040882,2021,2020-12-31,learned_order_offset,20260910,0.4191495029175148,0.4191495029175148,0,1
error16,2443,2021-02-19,2021-03-01,-0.0684918010685315,2021,2020-12-31,learned_order_offset,20260910,0.479618495019198,0.479618495019198,0,0
error16,2448,2021-02-26,2021-03-08,-0.0165997123904068,2021,2020-12-31,learned_order_offset,20260910,0.47073396029682846,0.47073396029682846,0,0
error16,2453,2021-03-05,2021-03-15,-0.0346560901469681,2021,2020-12-31,learned_order_offset,20260910,0.4561872166710552,0.4561872166710552,0,0
error16,2458,2021-03-12,2021-03-22,-0.0210550182560221,2021,2020-12-31,learned_order_offset,20260910,0.48027551652013106,0.48027551652013106,0,0
error16,2463,2021-03-19,2021-03-29,0.0087572877565691,2021,2020-12-31,learned_order_offset,20260910,0.5905225656238325,0.5905225656238325,1,1
error16,2468,2021-03-26,2021-04-06,0.0250145479448802,2021,2020-12-31,learned_order_offset,20260910,0.5737282476957762,0.5737282476957762,1,1
error16,2473,2021-04-02,2021-04-12,-0.0292856811827044,2021,2020-12-31,learned_order_offset,20260910,0.5601705309594638,0.5601705309594638,1,0
error16,2477,2021-04-09,2021-04-19,-0.0120489836840408,2021,2020-12-31,learned_order_offset,20260910,0.7179682807976931,0.7179682807976931,1,0
error16,2482,2021-04-16,2021-04-26,0.0382932540809155,2021,2020-12-31,learned_order_offset,20260910,0.6306810809758883,0.6306810809758883,1,1
error16,2487,2021-04-23,2021-05-06,-0.0112070185917437,2021,2020-12-31,learned_order_offset,20260910,0.7206078147510746,0.7206078147510746,1,0
error16,2492,2021-04-30,2021-05-12,-0.0190946889464188,2021,2020-12-31,learned_order_offset,20260910,0.7081889914509276,0.7081889914509276,1,0
error16,2494,2021-05-07,2021-05-17,0.0227674429764228,2021,2020-12-31,learned_order_offset,20260910,0.7251521525843039,0.7251521525843039,1,1
error16,2499,2021-05-14,2021-05-24,0.0045940519733895,2021,2020-12-31,learned_order_offset,20260910,0.6694154575019221,0.6694154575019221,1,1
error16,2504,2021-05-21,2021-05-31,0.0348855085126711,2021,2020-12-31,learned_order_offset,20260910,0.6371708245860618,0.6371708245860618,1,1
error16,2509,2021-05-28,2021-06-07,-0.0062409741861724,2021,2020-12-31,learned_order_offset,20260910,0.5888200734182478,0.5888200734182478,1,0
error16,2514,2021-06-04,2021-06-15,-0.0125508761771767,2021,2020-12-31,learned_order_offset,20260910,0.45742240834197484,0.45742240834197484,0,0
error16,2519,2021-06-11,2021-06-21,-0.0250011497424577,2021,2020-12-31,learned_order_offset,20260910,0.2701660447902878,0.2701660447902878,0,0
error16,2523,2021-06-18,2021-06-28,0.0325308711127356,2021,2020-12-31,learned_order_offset,20260910,0.2637900504073793,0.2637900504073793,0,1
error16,2528,2021-06-25,2021-07-05,-0.0342297962734196,2021,2020-12-31,learned_order_offset,20260910,0.3559086153667759,0.3559086153667759,0,0
error16,2533,2021-07-02,2021-07-12,0.0068193733271841,2021,2020-12-31,learned_order_offset,20260910,0.3216916416287179,0.3216916416287179,0,1
error16,2538,2021-07-09,2021-07-19,-0.0048254045313779,2021,2020-12-31,learned_order_offset,20260910,0.3101145030268536,0.3101145030268536,0,0
error16,2543,2021-07-16,2021-07-26,-0.0032299118953994,2021,2020-12-31,learned_order_offset,20260910,0.26392360125279063,0.26392360125279063,0,0
error16,2548,2021-07-23,2021-08-02,-0.0537740931579083,2021,2020-12-31,learned_order_offset,20260910,0.3781019647861085,0.3781019647861085,0,0
error16,2553,2021-07-30,2021-08-09,0.019904813945049,2021,2020-12-31,learned_order_offset,20260910,0.443071770145631,0.443071770145631,0,1
error16,2558,2021-08-06,2021-08-16,0.0093369268709639,2021,2020-12-31,learned_order_offset,20260910,0.4229308279115627,0.4229308279115627,0,1
error16,2563,2021-08-13,2021-08-23,-0.032048736608373,2021,2020-12-31,learned_order_offset,20260910,0.4454769793108894,0.4454769793108894,0,0
error16,2568,2021-08-20,2021-08-30,0.0145047962107527,2021,2020-12-31,learned_order_offset,20260910,0.5730433431588372,0.5730433431588372,1,1
error16,2573,2021-08-27,2021-09-06,-0.0012316820816045,2021,2020-12-31,learned_order_offset,20260910,0.5924044756946784,0.5924044756946784,1,0
error16,2578,2021-09-03,2021-09-13,0.0342301066295398,2021,2020-12-31,learned_order_offset,20260910,0.7533662187579737,0.7533662187579737,1,1
error16,2583,2021-09-10,2021-09-22,-0.0471441667981554,2021,2020-12-31,learned_order_offset,20260910,0.7490237805795243,0.7490237805795243,1,0
error16,2588,2021-09-17,2021-09-28,0.0209863060789441,2021,2020-12-31,learned_order_offset,20260910,0.7578019779876107,0.7578019779876107,1,1
error16,2591,2021-09-24,2021-10-11,0.0144615416200457,2021,2020-12-31,learned_order_offset,20260910,0.8099614624313016,0.8099614624313016,1,1
error16,2596,2021-10-08,2021-10-18,-0.0038006269617851,2021,2020-12-31,learned_order_offset,20260910,0.7558117307103386,0.7558117307103386,1,0
error16,2601,2021-10-15,2021-10-25,0.0037358989621147,2021,2020-12-31,learned_order_offset,20260910,0.7689767891616536,0.7689767891616536,1,1
error16,2606,2021-10-22,2021-11-01,-0.0127041632091318,2021,2020-12-31,learned_order_offset,20260910,0.5615967587205846,0.5615967587205846,1,0
error16,2611,2021-10-29,2021-11-08,-0.0075807737801166,2021,2020-12-31,learned_order_offset,20260910,0.6034269345495461,0.6034269345495461,1,0
error16,2616,2021-11-05,2021-11-15,0.0110015182343039,2021,2020-12-31,learned_order_offset,20260910,0.7234699294457386,0.7234699294457386,1,1
error16,2621,2021-11-12,2021-11-22,0.0002002284238551,2021,2020-12-31,learned_order_offset,20260910,0.8319926561058519,0.8319926561058519,1,1
error16,2626,2021-11-19,2021-11-29,-0.0153981603100059,2021,2020-12-31,learned_order_offset,20260910,0.887309504410544,0.887309504410544,1,0
error16,2631,2021-11-26,2021-12-06,0.0185518287306458,2021,2020-12-31,learned_order_offset,20260910,0.7746760492907543,0.7746760492907543,1,1
error16,2636,2021-12-03,2021-12-13,0.0367843110096284,2021,2020-12-31,learned_order_offset,20260910,0.7532912032975808,0.7532912032975808,1,1
error16,2641,2021-12-10,2021-12-20,-0.0304615698955996,2021,2020-12-31,learned_order_offset,20260910,0.6527672096530658,0.6527672096530658,1,0
error16,2646,2021-12-17,2021-12-27,-0.0034083287233763,2021,2020-12-31,learned_order_offset,20260910,0.7996262996967062,0.7996262996967062,1,0
error16,2651,2021-12-24,2022-01-04,0.0080985736506613,2021,2020-12-31,learned_order_offset,20260910,0.8271891503369482,0.8271891503369482,1,1
error16,2656,2021-12-31,2022-01-10,-0.0293970528320001,2021,2020-12-31,learned_order_offset,20260910,0.8067823326626401,0.8067823326626401,1,0
error16,2418,2021-01-08,2021-01-18,-0.0120052904669853,2021,2020-12-31,native_mse,20260910,-0.00016719672473286887,,0,0
error16,2423,2021-01-15,2021-01-25,0.0231622460538123,2021,2020-12-31,native_mse,20260910,-0.0024576018862454926,,0,1
error16,2428,2021-01-22,2021-02-01,-0.0372511735907923,2021,2020-12-31,native_mse,20260910,-0.003647746896638798,,0,0
error16,2433,2021-01-29,2021-02-08,0.0278689901714626,2021,2020-12-31,native_mse,20260910,-0.0025472735860022446,,0,1
error16,2438,2021-02-05,2021-02-22,0.0507379035040882,2021,2020-12-31,native_mse,20260910,-0.0030793775400414984,,0,1
error16,2443,2021-02-19,2021-03-01,-0.0684918010685315,2021,2020-12-31,native_mse,20260910,-0.0023490676188242655,,0,0
error16,2448,2021-02-26,2021-03-08,-0.0165997123904068,2021,2020-12-31,native_mse,20260910,-0.0023665663755005908,,0,0
error16,2453,2021-03-05,2021-03-15,-0.0346560901469681,2021,2020-12-31,native_mse,20260910,-0.0014253865572098575,,0,0
error16,2458,2021-03-12,2021-03-22,-0.0210550182560221,2021,2020-12-31,native_mse,20260910,-0.0005000901973691782,,0,0
error16,2463,2021-03-19,2021-03-29,0.0087572877565691,2021,2020-12-31,native_mse,20260910,0.006023340982564988,,1,1
error16,2468,2021-03-26,2021-04-06,0.0250145479448802,2021,2020-12-31,native_mse,20260910,0.005598392317839315,,1,1
error16,2473,2021-04-02,2021-04-12,-0.0292856811827044,2021,2020-12-31,native_mse,20260910,0.0036485752776130036,,1,0
error16,2477,2021-04-09,2021-04-19,-0.0120489836840408,2021,2020-12-31,native_mse,20260910,0.007350243400305611,,1,0
error16,2482,2021-04-16,2021-04-26,0.0382932540809155,2021,2020-12-31,native_mse,20260910,0.002900059176571625,,1,1
error16,2487,2021-04-23,2021-05-06,-0.0112070185917437,2021,2020-12-31,native_mse,20260910,0.007596625467989239,,1,0
error16,2492,2021-04-30,2021-05-12,-0.0190946889464188,2021,2020-12-31,native_mse,20260910,0.007105998256782256,,1,0
error16,2494,2021-05-07,2021-05-17,0.0227674429764228,2021,2020-12-31,native_mse,20260910,0.0072995237328683515,,1,1
error16,2499,2021-05-14,2021-05-24,0.0045940519733895,2021,2020-12-31,native_mse,20260910,0.006906583839110419,,1,1
error16,2504,2021-05-21,2021-05-31,0.0348855085126711,2021,2020-12-31,native_mse,20260910,0.0039949465805707365,,1,1
error16,2509,2021-05-28,2021-06-07,-0.0062409741861724,2021,2020-12-31,native_mse,20260910,0.004302626766656515,,1,0
error16,2514,2021-06-04,2021-06-15,-0.0125508761771767,2021,2020-12-31,native_mse,20260910,0.0018010688105476373,,1,0
error16,2519,2021-06-11,2021-06-21,-0.0250011497424577,2021,2020-12-31,native_mse,20260910,-0.0027939130847951473,,0,0
error16,2523,2021-06-18,2021-06-28,0.0325308711127356,2021,2020-12-31,native_mse,20260910,-0.0024054667576293687,,0,1
error16,2528,2021-06-25,2021-07-05,-0.0342297962734196,2021,2020-12-31,native_mse,20260910,-0.0021641013171994155,,0,0
error16,2533,2021-07-02,2021-07-12,0.0068193733271841,2021,2020-12-31,native_mse,20260910,-0.002740282150259048,,0,1
error16,2538,2021-07-09,2021-07-19,-0.0048254045313779,2021,2020-12-31,native_mse,20260910,-0.0025804416168060183,,0,0
error16,2543,2021-07-16,2021-07-26,-0.0032299118953994,2021,2020-12-31,native_mse,20260910,-0.0035112489700114967,,0,0
error16,2548,2021-07-23,2021-08-02,-0.0537740931579083,2021,2020-12-31,native_mse,20260910,-0.002252148085559406,,0,0
error16,2553,2021-07-30,2021-08-09,0.019904813945049,2021,2020-12-31,native_mse,20260910,-0.0013935392955686378,,0,1
error16,2558,2021-08-06,2021-08-16,0.0093369268709639,2021,2020-12-31,native_mse,20260910,-0.0008547058545780883,,0,1
error16,2563,2021-08-13,2021-08-23,-0.032048736608373,2021,2020-12-31,native_mse,20260910,-0.0010996712313164061,,0,0
error16,2568,2021-08-20,2021-08-30,0.0145047962107527,2021,2020-12-31,native_mse,20260910,0.0014984460902095808,,1,1
error16,2573,2021-08-27,2021-09-06,-0.0012316820816045,2021,2020-12-31,native_mse,20260910,0.006590900742918945,,1,0
error16,2578,2021-09-03,2021-09-13,0.0342301066295398,2021,2020-12-31,native_mse,20260910,0.009486980636077728,,1,1
error16,2583,2021-09-10,2021-09-22,-0.0471441667981554,2021,2020-12-31,native_mse,20260910,0.009371153033789907,,1,0
error16,2588,2021-09-17,2021-09-28,0.0209863060789441,2021,2020-12-31,native_mse,20260910,0.009603132896707183,,1,1
error16,2591,2021-09-24,2021-10-11,0.0144615416200457,2021,2020-12-31,native_mse,20260910,0.009682760274058575,,1,1
error16,2596,2021-10-08,2021-10-18,-0.0038006269617851,2021,2020-12-31,native_mse,20260910,0.009091248352644028,,1,0
error16,2601,2021-10-15,2021-10-25,0.0037358989621147,2021,2020-12-31,native_mse,20260910,0.008469619450977196,,1,1
error16,2606,2021-10-22,2021-11-01,-0.0127041632091318,2021,2020-12-31,native_mse,20260910,0.0008933657456787875,,1,0
error16,2611,2021-10-29,2021-11-08,-0.0075807737801166,2021,2020-12-31,native_mse,20260910,0.002406790555140204,,1,0
error16,2616,2021-11-05,2021-11-15,0.0110015182343039,2021,2020-12-31,native_mse,20260910,0.004495816516502967,,1,1
error16,2621,2021-11-12,2021-11-22,0.0002002284238551,2021,2020-12-31,native_mse,20260910,0.008345328596010884,,1,1
error16,2626,2021-11-19,2021-11-29,-0.0153981603100059,2021,2020-12-31,native_mse,20260910,0.006936498727743483,,1,0
error16,2631,2021-11-26,2021-12-06,0.0185518287306458,2021,2020-12-31,native_mse,20260910,0.0043122154605937865,,1,1
error16,2636,2021-12-03,2021-12-13,0.0367843110096284,2021,2020-12-31,native_mse,20260910,0.003903132217743633,,1,1
error16,2641,2021-12-10,2021-12-20,-0.0304615698955996,2021,2020-12-31,native_mse,20260910,0.0011584734670292821,,1,0
error16,2646,2021-12-17,2021-12-27,-0.0034083287233763,2021,2020-12-31,native_mse,20260910,0.008060168302998738,,1,0
error16,2651,2021-12-24,2022-01-04,0.0080985736506613,2021,2020-12-31,native_mse,20260910,0.0074924187486900135,,1,1
error16,2656,2021-12-31,2022-01-10,-0.0293970528320001,2021,2020-12-31,native_mse,20260910,0.008334791957105143,,1,0
error16,2418,2021-01-08,2021-01-18,-0.0120052904669853,2021,2020-12-31,training_frequency,-1,0.5577557755775577,0.5577557755775577,1,0
error16,2423,2021-01-15,2021-01-25,0.0231622460538123,2021,2020-12-31,training_frequency,-1,0.5577557755775577,0.5577557755775577,1,1
error16,2428,2021-01-22,2021-02-01,-0.0372511735907923,2021,2020-12-31,training_frequency,-1,0.5577557755775577,0.5577557755775577,1,0
error16,2433,2021-01-29,2021-02-08,0.0278689901714626,2021,2020-12-31,training_frequency,-1,0.5577557755775577,0.5577557755775577,1,1
error16,2438,2021-02-05,2021-02-22,0.0507379035040882,2021,2020-12-31,training_frequency,-1,0.5577557755775577,0.5577557755775577,1,1
error16,2443,2021-02-19,2021-03-01,-0.0684918010685315,2021,2020-12-31,training_frequency,-1,0.5577557755775577,0.5577557755775577,1,0
error16,2448,2021-02-26,2021-03-08,-0.0165997123904068,2021,2020-12-31,training_frequency,-1,0.5577557755775577,0.5577557755775577,1,0
error16,2453,2021-03-05,2021-03-15,-0.0346560901469681,2021,2020-12-31,training_frequency,-1,0.5577557755775577,0.5577557755775577,1,0
error16,2458,2021-03-12,2021-03-22,-0.0210550182560221,2021,2020-12-31,training_frequency,-1,0.5577557755775577,0.5577557755775577,1,0
error16,2463,2021-03-19,2021-03-29,0.0087572877565691,2021,2020-12-31,training_frequency,-1,0.5577557755775577,0.5577557755775577,1,1
error16,2468,2021-03-26,2021-04-06,0.0250145479448802,2021,2020-12-31,training_frequency,-1,0.5577557755775577,0.5577557755775577,1,1
error16,2473,2021-04-02,2021-04-12,-0.0292856811827044,2021,2020-12-31,training_frequency,-1,0.5577557755775577,0.5577557755775577,1,0
error16,2477,2021-04-09,2021-04-19,-0.0120489836840408,2021,2020-12-31,training_frequency,-1,0.5577557755775577,0.5577557755775577,1,0
error16,2482,2021-04-16,2021-04-26,0.0382932540809155,2021,2020-12-31,training_frequency,-1,0.5577557755775577,0.5577557755775577,1,1
error16,2487,2021-04-23,2021-05-06,-0.0112070185917437,2021,2020-12-31,training_frequency,-1,0.5577557755775577,0.5577557755775577,1,0
error16,2492,2021-04-30,2021-05-12,-0.0190946889464188,2021,2020-12-31,training_frequency,-1,0.5577557755775577,0.5577557755775577,1,0
error16,2494,2021-05-07,2021-05-17,0.0227674429764228,2021,2020-12-31,training_frequency,-1,0.5577557755775577,0.5577557755775577,1,1
error16,2499,2021-05-14,2021-05-24,0.0045940519733895,2021,2020-12-31,training_frequency,-1,0.5577557755775577,0.5577557755775577,1,1
error16,2504,2021-05-21,2021-05-31,0.0348855085126711,2021,2020-12-31,training_frequency,-1,0.5577557755775577,0.5577557755775577,1,1
error16,2509,2021-05-28,2021-06-07,-0.0062409741861724,2021,2020-12-31,training_frequency,-1,0.5577557755775577,0.5577557755775577,1,0
error16,2514,2021-06-04,2021-06-15,-0.0125508761771767,2021,2020-12-31,training_frequency,-1,0.5577557755775577,0.5577557755775577,1,0
error16,2519,2021-06-11,2021-06-21,-0.0250011497424577,2021,2020-12-31,training_frequency,-1,0.5577557755775577,0.5577557755775577,1,0
error16,2523,2021-06-18,2021-06-28,0.0325308711127356,2021,2020-12-31,training_frequency,-1,0.5577557755775577,0.5577557755775577,1,1
error16,2528,2021-06-25,2021-07-05,-0.0342297962734196,2021,2020-12-31,training_frequency,-1,0.5577557755775577,0.5577557755775577,1,0
error16,2533,2021-07-02,2021-07-12,0.0068193733271841,2021,2020-12-31,training_frequency,-1,0.5577557755775577,0.5577557755775577,1,1
error16,2538,2021-07-09,2021-07-19,-0.0048254045313779,2021,2020-12-31,training_frequency,-1,0.5577557755775577,0.5577557755775577,1,0
error16,2543,2021-07-16,2021-07-26,-0.0032299118953994,2021,2020-12-31,training_frequency,-1,0.5577557755775577,0.5577557755775577,1,0
error16,2548,2021-07-23,2021-08-02,-0.0537740931579083,2021,2020-12-31,training_frequency,-1,0.5577557755775577,0.5577557755775577,1,0
error16,2553,2021-07-30,2021-08-09,0.019904813945049,2021,2020-12-31,training_frequency,-1,0.5577557755775577,0.5577557755775577,1,1
error16,2558,2021-08-06,2021-08-16,0.0093369268709639,2021,2020-12-31,training_frequency,-1,0.5577557755775577,0.5577557755775577,1,1
error16,2563,2021-08-13,2021-08-23,-0.032048736608373,2021,2020-12-31,training_frequency,-1,0.5577557755775577,0.5577557755775577,1,0
error16,2568,2021-08-20,2021-08-30,0.0145047962107527,2021,2020-12-31,training_frequency,-1,0.5577557755775577,0.5577557755775577,1,1
error16,2573,2021-08-27,2021-09-06,-0.0012316820816045,2021,2020-12-31,training_frequency,-1,0.5577557755775577,0.5577557755775577,1,0
error16,2578,2021-09-03,2021-09-13,0.0342301066295398,2021,2020-12-31,training_frequency,-1,0.5577557755775577,0.5577557755775577,1,1
error16,2583,2021-09-10,2021-09-22,-0.0471441667981554,2021,2020-12-31,training_frequency,-1,0.5577557755775577,0.5577557755775577,1,0
error16,2588,2021-09-17,2021-09-28,0.0209863060789441,2021,2020-12-31,training_frequency,-1,0.5577557755775577,0.5577557755775577,1,1
error16,2591,2021-09-24,2021-10-11,0.0144615416200457,2021,2020-12-31,training_frequency,-1,0.5577557755775577,0.5577557755775577,1,1
error16,2596,2021-10-08,2021-10-18,-0.0038006269617851,2021,2020-12-31,training_frequency,-1,0.5577557755775577,0.5577557755775577,1,0
error16,2601,2021-10-15,2021-10-25,0.0037358989621147,2021,2020-12-31,training_frequency,-1,0.5577557755775577,0.5577557755775577,1,1
error16,2606,2021-10-22,2021-11-01,-0.0127041632091318,2021,2020-12-31,training_frequency,-1,0.5577557755775577,0.5577557755775577,1,0
error16,2611,2021-10-29,2021-11-08,-0.0075807737801166,2021,2020-12-31,training_frequency,-1,0.5577557755775577,0.5577557755775577,1,0
error16,2616,2021-11-05,2021-11-15,0.0110015182343039,2021,2020-12-31,training_frequency,-1,0.5577557755775577,0.5577557755775577,1,1
error16,2621,2021-11-12,2021-11-22,0.0002002284238551,2021,2020-12-31,training_frequency,-1,0.5577557755775577,0.5577557755775577,1,1
error16,2626,2021-11-19,2021-11-29,-0.0153981603100059,2021,2020-12-31,training_frequency,-1,0.5577557755775577,0.5577557755775577,1,0
error16,2631,2021-11-26,2021-12-06,0.0185518287306458,2021,2020-12-31,training_frequency,-1,0.5577557755775577,0.5577557755775577,1,1
error16,2636,2021-12-03,2021-12-13,0.0367843110096284,2021,2020-12-31,training_frequency,-1,0.5577557755775577,0.5577557755775577,1,1
error16,2641,2021-12-10,2021-12-20,-0.0304615698955996,2021,2020-12-31,training_frequency,-1,0.5577557755775577,0.5577557755775577,1,0
error16,2646,2021-12-17,2021-12-27,-0.0034083287233763,2021,2020-12-31,training_frequency,-1,0.5577557755775577,0.5577557755775577,1,0
error16,2651,2021-12-24,2022-01-04,0.0080985736506613,2021,2020-12-31,training_frequency,-1,0.5577557755775577,0.5577557755775577,1,1
error16,2656,2021-12-31,2022-01-10,-0.0293970528320001,2021,2020-12-31,training_frequency,-1,0.5577557755775577,0.5577557755775577,1,0
error16,2418,2021-01-08,2021-01-18,-0.0120052904669853,2021,2020-12-31,learned_market,20260911,0.47359422145655633,0.47359422145655633,0,0
error16,2423,2021-01-15,2021-01-25,0.0231622460538123,2021,2020-12-31,learned_market,20260911,0.29529449998072343,0.29529449998072343,0,1
error16,2428,2021-01-22,2021-02-01,-0.0372511735907923,2021,2020-12-31,learned_market,20260911,0.47394332492431446,0.47394332492431446,0,0
error16,2433,2021-01-29,2021-02-08,0.0278689901714626,2021,2020-12-31,learned_market,20260911,0.34860128575085947,0.34860128575085947,0,1
error16,2438,2021-02-05,2021-02-22,0.0507379035040882,2021,2020-12-31,learned_market,20260911,0.5472341429725764,0.5472341429725764,1,1
error16,2443,2021-02-19,2021-03-01,-0.0684918010685315,2021,2020-12-31,learned_market,20260911,0.4390527856170199,0.4390527856170199,0,0
error16,2448,2021-02-26,2021-03-08,-0.0165997123904068,2021,2020-12-31,learned_market,20260911,0.4901857818012489,0.4901857818012489,0,0
error16,2453,2021-03-05,2021-03-15,-0.0346560901469681,2021,2020-12-31,learned_market,20260911,0.3640545492155067,0.3640545492155067,0,0
error16,2458,2021-03-12,2021-03-22,-0.0210550182560221,2021,2020-12-31,learned_market,20260911,0.27457561641477635,0.27457561641477635,0,0
error16,2463,2021-03-19,2021-03-29,0.0087572877565691,2021,2020-12-31,learned_market,20260911,0.5317095579141908,0.5317095579141908,1,1
error16,2468,2021-03-26,2021-04-06,0.0250145479448802,2021,2020-12-31,learned_market,20260911,0.48950965003399194,0.48950965003399194,0,1
error16,2473,2021-04-02,2021-04-12,-0.0292856811827044,2021,2020-12-31,learned_market,20260911,0.6284072500994273,0.6284072500994273,1,0
error16,2477,2021-04-09,2021-04-19,-0.0120489836840408,2021,2020-12-31,learned_market,20260911,0.5279187640170273,0.5279187640170273,1,0
error16,2482,2021-04-16,2021-04-26,0.0382932540809155,2021,2020-12-31,learned_market,20260911,0.4865076820291842,0.4865076820291842,0,1
error16,2487,2021-04-23,2021-05-06,-0.0112070185917437,2021,2020-12-31,learned_market,20260911,0.5300805747669529,0.5300805747669529,1,0
error16,2492,2021-04-30,2021-05-12,-0.0190946889464188,2021,2020-12-31,learned_market,20260911,0.6951452745996383,0.6951452745996383,1,0
error16,2494,2021-05-07,2021-05-17,0.0227674429764228,2021,2020-12-31,learned_market,20260911,0.7605988126578928,0.7605988126578928,1,1
error16,2499,2021-05-14,2021-05-24,0.0045940519733895,2021,2020-12-31,learned_market,20260911,0.431899455562366,0.431899455562366,0,1
error16,2504,2021-05-21,2021-05-31,0.0348855085126711,2021,2020-12-31,learned_market,20260911,0.6176291390559848,0.6176291390559848,1,1
error16,2509,2021-05-28,2021-06-07,-0.0062409741861724,2021,2020-12-31,learned_market,20260911,0.5529696066128726,0.5529696066128726,1,0
error16,2514,2021-06-04,2021-06-15,-0.0125508761771767,2021,2020-12-31,learned_market,20260911,0.43021338956165145,0.43021338956165145,0,0
error16,2519,2021-06-11,2021-06-21,-0.0250011497424577,2021,2020-12-31,learned_market,20260911,0.23588261601608784,0.23588261601608784,0,0
error16,2523,2021-06-18,2021-06-28,0.0325308711127356,2021,2020-12-31,learned_market,20260911,0.4400528193036787,0.4400528193036787,0,1
error16,2528,2021-06-25,2021-07-05,-0.0342297962734196,2021,2020-12-31,learned_market,20260911,0.398327544114051,0.398327544114051,0,0
error16,2533,2021-07-02,2021-07-12,0.0068193733271841,2021,2020-12-31,learned_market,20260911,0.48682640109202396,0.48682640109202396,0,1
error16,2538,2021-07-09,2021-07-19,-0.0048254045313779,2021,2020-12-31,learned_market,20260911,0.24332467078520445,0.24332467078520445,0,0
error16,2543,2021-07-16,2021-07-26,-0.0032299118953994,2021,2020-12-31,learned_market,20260911,0.35925555662388703,0.35925555662388703,0,0
error16,2548,2021-07-23,2021-08-02,-0.0537740931579083,2021,2020-12-31,learned_market,20260911,0.39776512063817443,0.39776512063817443,0,0
error16,2553,2021-07-30,2021-08-09,0.019904813945049,2021,2020-12-31,learned_market,20260911,0.552232244409667,0.552232244409667,1,1
error16,2558,2021-08-06,2021-08-16,0.0093369268709639,2021,2020-12-31,learned_market,20260911,0.6069177458010507,0.6069177458010507,1,1
error16,2563,2021-08-13,2021-08-23,-0.032048736608373,2021,2020-12-31,learned_market,20260911,0.6395330957156883,0.6395330957156883,1,0
error16,2568,2021-08-20,2021-08-30,0.0145047962107527,2021,2020-12-31,learned_market,20260911,0.49778467368571605,0.49778467368571605,0,1
error16,2573,2021-08-27,2021-09-06,-0.0012316820816045,2021,2020-12-31,learned_market,20260911,0.7992998823896141,0.7992998823896141,1,0
error16,2578,2021-09-03,2021-09-13,0.0342301066295398,2021,2020-12-31,learned_market,20260911,0.7641264012677613,0.7641264012677613,1,1
error16,2583,2021-09-10,2021-09-22,-0.0471441667981554,2021,2020-12-31,learned_market,20260911,0.7188187190189923,0.7188187190189923,1,0
error16,2588,2021-09-17,2021-09-28,0.0209863060789441,2021,2020-12-31,learned_market,20260911,0.752347288149094,0.752347288149094,1,1
error16,2591,2021-09-24,2021-10-11,0.0144615416200457,2021,2020-12-31,learned_market,20260911,0.64950288661138,0.64950288661138,1,1
error16,2596,2021-10-08,2021-10-18,-0.0038006269617851,2021,2020-12-31,learned_market,20260911,0.8841800832116901,0.8841800832116901,1,0
error16,2601,2021-10-15,2021-10-25,0.0037358989621147,2021,2020-12-31,learned_market,20260911,0.808000302780614,0.808000302780614,1,1
error16,2606,2021-10-22,2021-11-01,-0.0127041632091318,2021,2020-12-31,learned_market,20260911,0.6012191405144072,0.6012191405144072,1,0
error16,2611,2021-10-29,2021-11-08,-0.0075807737801166,2021,2020-12-31,learned_market,20260911,0.8459495803183871,0.8459495803183871,1,0
error16,2616,2021-11-05,2021-11-15,0.0110015182343039,2021,2020-12-31,learned_market,20260911,0.7615166605786978,0.7615166605786978,1,1
error16,2621,2021-11-12,2021-11-22,0.0002002284238551,2021,2020-12-31,learned_market,20260911,0.8358507607737684,0.8358507607737684,1,1
error16,2626,2021-11-19,2021-11-29,-0.0153981603100059,2021,2020-12-31,learned_market,20260911,0.7375348414146127,0.7375348414146127,1,0
error16,2631,2021-11-26,2021-12-06,0.0185518287306458,2021,2020-12-31,learned_market,20260911,0.8422699714267883,0.8422699714267883,1,1
error16,2636,2021-12-03,2021-12-13,0.0367843110096284,2021,2020-12-31,learned_market,20260911,0.651184941553755,0.651184941553755,1,1
error16,2641,2021-12-10,2021-12-20,-0.0304615698955996,2021,2020-12-31,learned_market,20260911,0.65987980276308,0.65987980276308,1,0
error16,2646,2021-12-17,2021-12-27,-0.0034083287233763,2021,2020-12-31,learned_market,20260911,0.8092775433852759,0.8092775433852759,1,0
error16,2651,2021-12-24,2022-01-04,0.0080985736506613,2021,2020-12-31,learned_market,20260911,0.6585163511207842,0.6585163511207842,1,1
error16,2656,2021-12-31,2022-01-10,-0.0293970528320001,2021,2020-12-31,learned_market,20260911,0.8164002048089696,0.8164002048089696,1,0
error16,2418,2021-01-08,2021-01-18,-0.0120052904669853,2021,2020-12-31,learned_vol_interaction,20260911,0.4754556903392312,0.4754556903392312,0,0
error16,2423,2021-01-15,2021-01-25,0.0231622460538123,2021,2020-12-31,learned_vol_interaction,20260911,0.2910478720938869,0.2910478720938869,0,1
error16,2428,2021-01-22,2021-02-01,-0.0372511735907923,2021,2020-12-31,learned_vol_interaction,20260911,0.4793404787070586,0.4793404787070586,0,0
error16,2433,2021-01-29,2021-02-08,0.0278689901714626,2021,2020-12-31,learned_vol_interaction,20260911,0.3407014751351651,0.3407014751351651,0,1
error16,2438,2021-02-05,2021-02-22,0.0507379035040882,2021,2020-12-31,learned_vol_interaction,20260911,0.5419487770679454,0.5419487770679454,1,1
error16,2443,2021-02-19,2021-03-01,-0.0684918010685315,2021,2020-12-31,learned_vol_interaction,20260911,0.42680484014134457,0.42680484014134457,0,0
error16,2448,2021-02-26,2021-03-08,-0.0165997123904068,2021,2020-12-31,learned_vol_interaction,20260911,0.48165522036766006,0.48165522036766006,0,0
error16,2453,2021-03-05,2021-03-15,-0.0346560901469681,2021,2020-12-31,learned_vol_interaction,20260911,0.3506881836542513,0.3506881836542513,0,0
error16,2458,2021-03-12,2021-03-22,-0.0210550182560221,2021,2020-12-31,learned_vol_interaction,20260911,0.23467895972096536,0.23467895972096536,0,0
error16,2463,2021-03-19,2021-03-29,0.0087572877565691,2021,2020-12-31,learned_vol_interaction,20260911,0.5417459151974428,0.5417459151974428,1,1
error16,2468,2021-03-26,2021-04-06,0.0250145479448802,2021,2020-12-31,learned_vol_interaction,20260911,0.48054571329537366,0.48054571329537366,0,1
error16,2473,2021-04-02,2021-04-12,-0.0292856811827044,2021,2020-12-31,learned_vol_interaction,20260911,0.6505026926141996,0.6505026926141996,1,0
error16,2477,2021-04-09,2021-04-19,-0.0120489836840408,2021,2020-12-31,learned_vol_interaction,20260911,0.5238037480083749,0.5238037480083749,1,0
error16,2482,2021-04-16,2021-04-26,0.0382932540809155,2021,2020-12-31,learned_vol_interaction,20260911,0.4746098723057128,0.4746098723057128,0,1
error16,2487,2021-04-23,2021-05-06,-0.0112070185917437,2021,2020-12-31,learned_vol_interaction,20260911,0.527013271372353,0.527013271372353,1,0
error16,2492,2021-04-30,2021-05-12,-0.0190946889464188,2021,2020-12-31,learned_vol_interaction,20260911,0.6901244469023494,0.6901244469023494,1,0
error16,2494,2021-05-07,2021-05-17,0.0227674429764228,2021,2020-12-31,learned_vol_interaction,20260911,0.754839297520103,0.754839297520103,1,1
error16,2499,2021-05-14,2021-05-24,0.0045940519733895,2021,2020-12-31,learned_vol_interaction,20260911,0.43398865323186975,0.43398865323186975,0,1
error16,2504,2021-05-21,2021-05-31,0.0348855085126711,2021,2020-12-31,learned_vol_interaction,20260911,0.6023590417130459,0.6023590417130459,1,1
error16,2509,2021-05-28,2021-06-07,-0.0062409741861724,2021,2020-12-31,learned_vol_interaction,20260911,0.5524495113584302,0.5524495113584302,1,0
error16,2514,2021-06-04,2021-06-15,-0.0125508761771767,2021,2020-12-31,learned_vol_interaction,20260911,0.4338741634973696,0.4338741634973696,0,0
error16,2519,2021-06-11,2021-06-21,-0.0250011497424577,2021,2020-12-31,learned_vol_interaction,20260911,0.243541607825957,0.243541607825957,0,0
error16,2523,2021-06-18,2021-06-28,0.0325308711127356,2021,2020-12-31,learned_vol_interaction,20260911,0.44439540821990653,0.44439540821990653,0,1
error16,2528,2021-06-25,2021-07-05,-0.0342297962734196,2021,2020-12-31,learned_vol_interaction,20260911,0.4173214962232166,0.4173214962232166,0,0
error16,2533,2021-07-02,2021-07-12,0.0068193733271841,2021,2020-12-31,learned_vol_interaction,20260911,0.48991781025485154,0.48991781025485154,0,1
error16,2538,2021-07-09,2021-07-19,-0.0048254045313779,2021,2020-12-31,learned_vol_interaction,20260911,0.2599569018271382,0.2599569018271382,0,0
error16,2543,2021-07-16,2021-07-26,-0.0032299118953994,2021,2020-12-31,learned_vol_interaction,20260911,0.36450308143319354,0.36450308143319354,0,0
error16,2548,2021-07-23,2021-08-02,-0.0537740931579083,2021,2020-12-31,learned_vol_interaction,20260911,0.410758949240298,0.410758949240298,0,0
error16,2553,2021-07-30,2021-08-09,0.019904813945049,2021,2020-12-31,learned_vol_interaction,20260911,0.5670421120159365,0.5670421120159365,1,1
error16,2558,2021-08-06,2021-08-16,0.0093369268709639,2021,2020-12-31,learned_vol_interaction,20260911,0.611366208230644,0.611366208230644,1,1
error16,2563,2021-08-13,2021-08-23,-0.032048736608373,2021,2020-12-31,learned_vol_interaction,20260911,0.6499874314301235,0.6499874314301235,1,0
error16,2568,2021-08-20,2021-08-30,0.0145047962107527,2021,2020-12-31,learned_vol_interaction,20260911,0.47410312241187347,0.47410312241187347,0,1
error16,2573,2021-08-27,2021-09-06,-0.0012316820816045,2021,2020-12-31,learned_vol_interaction,20260911,0.8077225877731411,0.8077225877731411,1,0
error16,2578,2021-09-03,2021-09-13,0.0342301066295398,2021,2020-12-31,learned_vol_interaction,20260911,0.7569737160491476,0.7569737160491476,1,1
error16,2583,2021-09-10,2021-09-22,-0.0471441667981554,2021,2020-12-31,learned_vol_interaction,20260911,0.7237383960115724,0.7237383960115724,1,0
error16,2588,2021-09-17,2021-09-28,0.0209863060789441,2021,2020-12-31,learned_vol_interaction,20260911,0.7461756198869361,0.7461756198869361,1,1
error16,2591,2021-09-24,2021-10-11,0.0144615416200457,2021,2020-12-31,learned_vol_interaction,20260911,0.6456719612096069,0.6456719612096069,1,1
error16,2596,2021-10-08,2021-10-18,-0.0038006269617851,2021,2020-12-31,learned_vol_interaction,20260911,0.875333160760423,0.875333160760423,1,0
error16,2601,2021-10-15,2021-10-25,0.0037358989621147,2021,2020-12-31,learned_vol_interaction,20260911,0.8004373767510682,0.8004373767510682,1,1
error16,2606,2021-10-22,2021-11-01,-0.0127041632091318,2021,2020-12-31,learned_vol_interaction,20260911,0.5995948918940573,0.5995948918940573,1,0
error16,2611,2021-10-29,2021-11-08,-0.0075807737801166,2021,2020-12-31,learned_vol_interaction,20260911,0.8299973805985322,0.8299973805985322,1,0
error16,2616,2021-11-05,2021-11-15,0.0110015182343039,2021,2020-12-31,learned_vol_interaction,20260911,0.7454576562803179,0.7454576562803179,1,1
error16,2621,2021-11-12,2021-11-22,0.0002002284238551,2021,2020-12-31,learned_vol_interaction,20260911,0.8210682676498052,0.8210682676498052,1,1
error16,2626,2021-11-19,2021-11-29,-0.0153981603100059,2021,2020-12-31,learned_vol_interaction,20260911,0.7379015555048399,0.7379015555048399,1,0
error16,2631,2021-11-26,2021-12-06,0.0185518287306458,2021,2020-12-31,learned_vol_interaction,20260911,0.8181276512073538,0.8181276512073538,1,1
error16,2636,2021-12-03,2021-12-13,0.0367843110096284,2021,2020-12-31,learned_vol_interaction,20260911,0.6331433744995425,0.6331433744995425,1,1
error16,2641,2021-12-10,2021-12-20,-0.0304615698955996,2021,2020-12-31,learned_vol_interaction,20260911,0.6422061841446076,0.6422061841446076,1,0
error16,2646,2021-12-17,2021-12-27,-0.0034083287233763,2021,2020-12-31,learned_vol_interaction,20260911,0.7937547176618065,0.7937547176618065,1,0
error16,2651,2021-12-24,2022-01-04,0.0080985736506613,2021,2020-12-31,learned_vol_interaction,20260911,0.6518706715070531,0.6518706715070531,1,1
error16,2656,2021-12-31,2022-01-10,-0.0293970528320001,2021,2020-12-31,learned_vol_interaction,20260911,0.8048743420145822,0.8048743420145822,1,0
error16,2418,2021-01-08,2021-01-18,-0.0120052904669853,2021,2020-12-31,learned_order_extension,20260911,0.4707924056292956,0.4707924056292956,0,0
error16,2423,2021-01-15,2021-01-25,0.0231622460538123,2021,2020-12-31,learned_order_extension,20260911,0.30199104403875826,0.30199104403875826,0,1
error16,2428,2021-01-22,2021-02-01,-0.0372511735907923,2021,2020-12-31,learned_order_extension,20260911,0.4727671753713422,0.4727671753713422,0,0
error16,2433,2021-01-29,2021-02-08,0.0278689901714626,2021,2020-12-31,learned_order_extension,20260911,0.33076330033756096,0.33076330033756096,0,1
error16,2438,2021-02-05,2021-02-22,0.0507379035040882,2021,2020-12-31,learned_order_extension,20260911,0.5463864019131583,0.5463864019131583,1,1
error16,2443,2021-02-19,2021-03-01,-0.0684918010685315,2021,2020-12-31,learned_order_extension,20260911,0.423629668613555,0.423629668613555,0,0
error16,2448,2021-02-26,2021-03-08,-0.0165997123904068,2021,2020-12-31,learned_order_extension,20260911,0.4833188959367285,0.4833188959367285,0,0
error16,2453,2021-03-05,2021-03-15,-0.0346560901469681,2021,2020-12-31,learned_order_extension,20260911,0.3468677434509978,0.3468677434509978,0,0
error16,2458,2021-03-12,2021-03-22,-0.0210550182560221,2021,2020-12-31,learned_order_extension,20260911,0.2385842218483661,0.2385842218483661,0,0
error16,2463,2021-03-19,2021-03-29,0.0087572877565691,2021,2020-12-31,learned_order_extension,20260911,0.532998967015209,0.532998967015209,1,1
error16,2468,2021-03-26,2021-04-06,0.0250145479448802,2021,2020-12-31,learned_order_extension,20260911,0.48258967958160864,0.48258967958160864,0,1
error16,2473,2021-04-02,2021-04-12,-0.0292856811827044,2021,2020-12-31,learned_order_extension,20260911,0.6435569143740099,0.6435569143740099,1,0
error16,2477,2021-04-09,2021-04-19,-0.0120489836840408,2021,2020-12-31,learned_order_extension,20260911,0.5172587608947022,0.5172587608947022,1,0
error16,2482,2021-04-16,2021-04-26,0.0382932540809155,2021,2020-12-31,learned_order_extension,20260911,0.45050831794964574,0.45050831794964574,0,1
error16,2487,2021-04-23,2021-05-06,-0.0112070185917437,2021,2020-12-31,learned_order_extension,20260911,0.50667980676185,0.50667980676185,1,0
error16,2492,2021-04-30,2021-05-12,-0.0190946889464188,2021,2020-12-31,learned_order_extension,20260911,0.7098069326540961,0.7098069326540961,1,0
error16,2494,2021-05-07,2021-05-17,0.0227674429764228,2021,2020-12-31,learned_order_extension,20260911,0.7808980561683019,0.7808980561683019,1,1
error16,2499,2021-05-14,2021-05-24,0.0045940519733895,2021,2020-12-31,learned_order_extension,20260911,0.39413011936164705,0.39413011936164705,0,1
error16,2504,2021-05-21,2021-05-31,0.0348855085126711,2021,2020-12-31,learned_order_extension,20260911,0.6034561668947356,0.6034561668947356,1,1
error16,2509,2021-05-28,2021-06-07,-0.0062409741861724,2021,2020-12-31,learned_order_extension,20260911,0.5608652950070303,0.5608652950070303,1,0
error16,2514,2021-06-04,2021-06-15,-0.0125508761771767,2021,2020-12-31,learned_order_extension,20260911,0.41641551181704617,0.41641551181704617,0,0
error16,2519,2021-06-11,2021-06-21,-0.0250011497424577,2021,2020-12-31,learned_order_extension,20260911,0.1949333176792701,0.1949333176792701,0,0
error16,2523,2021-06-18,2021-06-28,0.0325308711127356,2021,2020-12-31,learned_order_extension,20260911,0.4247939305836327,0.4247939305836327,0,1
error16,2528,2021-06-25,2021-07-05,-0.0342297962734196,2021,2020-12-31,learned_order_extension,20260911,0.40325405625265054,0.40325405625265054,0,0
error16,2533,2021-07-02,2021-07-12,0.0068193733271841,2021,2020-12-31,learned_order_extension,20260911,0.4870314747634348,0.4870314747634348,0,1
error16,2538,2021-07-09,2021-07-19,-0.0048254045313779,2021,2020-12-31,learned_order_extension,20260911,0.18885603482317434,0.18885603482317434,0,0
error16,2543,2021-07-16,2021-07-26,-0.0032299118953994,2021,2020-12-31,learned_order_extension,20260911,0.3017342200602158,0.3017342200602158,0,0
error16,2548,2021-07-23,2021-08-02,-0.0537740931579083,2021,2020-12-31,learned_order_extension,20260911,0.36810694455242254,0.36810694455242254,0,0
error16,2553,2021-07-30,2021-08-09,0.019904813945049,2021,2020-12-31,learned_order_extension,20260911,0.551068322085785,0.551068322085785,1,1
error16,2558,2021-08-06,2021-08-16,0.0093369268709639,2021,2020-12-31,learned_order_extension,20260911,0.5976356202999715,0.5976356202999715,1,1
error16,2563,2021-08-13,2021-08-23,-0.032048736608373,2021,2020-12-31,learned_order_extension,20260911,0.6460173631921735,0.6460173631921735,1,0
error16,2568,2021-08-20,2021-08-30,0.0145047962107527,2021,2020-12-31,learned_order_extension,20260911,0.4599800330212217,0.4599800330212217,0,1
error16,2573,2021-08-27,2021-09-06,-0.0012316820816045,2021,2020-12-31,learned_order_extension,20260911,0.8227439473299855,0.8227439473299855,1,0
error16,2578,2021-09-03,2021-09-13,0.0342301066295398,2021,2020-12-31,learned_order_extension,20260911,0.7764255721144454,0.7764255721144454,1,1
error16,2583,2021-09-10,2021-09-22,-0.0471441667981554,2021,2020-12-31,learned_order_extension,20260911,0.7513357425734236,0.7513357425734236,1,0
error16,2588,2021-09-17,2021-09-28,0.0209863060789441,2021,2020-12-31,learned_order_extension,20260911,0.7836614478285994,0.7836614478285994,1,1
error16,2591,2021-09-24,2021-10-11,0.0144615416200457,2021,2020-12-31,learned_order_extension,20260911,0.6693079201625165,0.6693079201625165,1,1
error16,2596,2021-10-08,2021-10-18,-0.0038006269617851,2021,2020-12-31,learned_order_extension,20260911,0.9147819069976973,0.9147819069976973,1,0
error16,2601,2021-10-15,2021-10-25,0.0037358989621147,2021,2020-12-31,learned_order_extension,20260911,0.8517574469574731,0.8517574469574731,1,1
error16,2606,2021-10-22,2021-11-01,-0.0127041632091318,2021,2020-12-31,learned_order_extension,20260911,0.6154285400261708,0.6154285400261708,1,0
error16,2611,2021-10-29,2021-11-08,-0.0075807737801166,2021,2020-12-31,learned_order_extension,20260911,0.8907785475547534,0.8907785475547534,1,0
error16,2616,2021-11-05,2021-11-15,0.0110015182343039,2021,2020-12-31,learned_order_extension,20260911,0.7990810555097849,0.7990810555097849,1,1
error16,2621,2021-11-12,2021-11-22,0.0002002284238551,2021,2020-12-31,learned_order_extension,20260911,0.8960874331639135,0.8960874331639135,1,1
error16,2626,2021-11-19,2021-11-29,-0.0153981603100059,2021,2020-12-31,learned_order_extension,20260911,0.8006062899104016,0.8006062899104016,1,0
error16,2631,2021-11-26,2021-12-06,0.0185518287306458,2021,2020-12-31,learned_order_extension,20260911,0.893587178645622,0.893587178645622,1,1
error16,2636,2021-12-03,2021-12-13,0.0367843110096284,2021,2020-12-31,learned_order_extension,20260911,0.6611268686227788,0.6611268686227788,1,1
error16,2641,2021-12-10,2021-12-20,-0.0304615698955996,2021,2020-12-31,learned_order_extension,20260911,0.6790175452231214,0.6790175452231214,1,0
error16,2646,2021-12-17,2021-12-27,-0.0034083287233763,2021,2020-12-31,learned_order_extension,20260911,0.8684853861974482,0.8684853861974482,1,0
error16,2651,2021-12-24,2022-01-04,0.0080985736506613,2021,2020-12-31,learned_order_extension,20260911,0.6637992247007115,0.6637992247007115,1,1
error16,2656,2021-12-31,2022-01-10,-0.0293970528320001,2021,2020-12-31,learned_order_extension,20260911,0.8513666174941731,0.8513666174941731,1,0
error16,2418,2021-01-08,2021-01-18,-0.0120052904669853,2021,2020-12-31,learned_order_offset,20260911,0.46966493933917947,0.46966493933917947,0,0
error16,2423,2021-01-15,2021-01-25,0.0231622460538123,2021,2020-12-31,learned_order_offset,20260911,0.30026263179565904,0.30026263179565904,0,1
error16,2428,2021-01-22,2021-02-01,-0.0372511735907923,2021,2020-12-31,learned_order_offset,20260911,0.47083079059127375,0.47083079059127375,0,0
error16,2433,2021-01-29,2021-02-08,0.0278689901714626,2021,2020-12-31,learned_order_offset,20260911,0.3308151678188049,0.3308151678188049,0,1
error16,2438,2021-02-05,2021-02-22,0.0507379035040882,2021,2020-12-31,learned_order_offset,20260911,0.5458888183275549,0.5458888183275549,1,1
error16,2443,2021-02-19,2021-03-01,-0.0684918010685315,2021,2020-12-31,learned_order_offset,20260911,0.4238553224614908,0.4238553224614908,0,0
error16,2448,2021-02-26,2021-03-08,-0.0165997123904068,2021,2020-12-31,learned_order_offset,20260911,0.4840844360242453,0.4840844360242453,0,0
error16,2453,2021-03-05,2021-03-15,-0.0346560901469681,2021,2020-12-31,learned_order_offset,20260911,0.34642186749779336,0.34642186749779336,0,0
error16,2458,2021-03-12,2021-03-22,-0.0210550182560221,2021,2020-12-31,learned_order_offset,20260911,0.23704081021871007,0.23704081021871007,0,0
error16,2463,2021-03-19,2021-03-29,0.0087572877565691,2021,2020-12-31,learned_order_offset,20260911,0.5312704874985703,0.5312704874985703,1,1
error16,2468,2021-03-26,2021-04-06,0.0250145479448802,2021,2020-12-31,learned_order_offset,20260911,0.48113132203479025,0.48113132203479025,0,1
error16,2473,2021-04-02,2021-04-12,-0.0292856811827044,2021,2020-12-31,learned_order_offset,20260911,0.6426571671723265,0.6426571671723265,1,0
error16,2477,2021-04-09,2021-04-19,-0.0120489836840408,2021,2020-12-31,learned_order_offset,20260911,0.5170676205088839,0.5170676205088839,1,0
error16,2482,2021-04-16,2021-04-26,0.0382932540809155,2021,2020-12-31,learned_order_offset,20260911,0.45037422792655746,0.45037422792655746,0,1
error16,2487,2021-04-23,2021-05-06,-0.0112070185917437,2021,2020-12-31,learned_order_offset,20260911,0.5047827959577951,0.5047827959577951,1,0
error16,2492,2021-04-30,2021-05-12,-0.0190946889464188,2021,2020-12-31,learned_order_offset,20260911,0.7084828106212467,0.7084828106212467,1,0
error16,2494,2021-05-07,2021-05-17,0.0227674429764228,2021,2020-12-31,learned_order_offset,20260911,0.7798146116297984,0.7798146116297984,1,1
error16,2499,2021-05-14,2021-05-24,0.0045940519733895,2021,2020-12-31,learned_order_offset,20260911,0.39380849753299824,0.39380849753299824,0,1
error16,2504,2021-05-21,2021-05-31,0.0348855085126711,2021,2020-12-31,learned_order_offset,20260911,0.6027515999296177,0.6027515999296177,1,1
error16,2509,2021-05-28,2021-06-07,-0.0062409741861724,2021,2020-12-31,learned_order_offset,20260911,0.5597480832986254,0.5597480832986254,1,0
error16,2514,2021-06-04,2021-06-15,-0.0125508761771767,2021,2020-12-31,learned_order_offset,20260911,0.41739120526524837,0.41739120526524837,0,0
error16,2519,2021-06-11,2021-06-21,-0.0250011497424577,2021,2020-12-31,learned_order_offset,20260911,0.1959833797723796,0.1959833797723796,0,0
error16,2523,2021-06-18,2021-06-28,0.0325308711127356,2021,2020-12-31,learned_order_offset,20260911,0.42516594768657723,0.42516594768657723,0,1
error16,2528,2021-06-25,2021-07-05,-0.0342297962734196,2021,2020-12-31,learned_order_offset,20260911,0.40512520197902574,0.40512520197902574,0,0
error16,2533,2021-07-02,2021-07-12,0.0068193733271841,2021,2020-12-31,learned_order_offset,20260911,0.48834019247779775,0.48834019247779775,0,1
error16,2538,2021-07-09,2021-07-19,-0.0048254045313779,2021,2020-12-31,learned_order_offset,20260911,0.1899218857560688,0.1899218857560688,0,0
error16,2543,2021-07-16,2021-07-26,-0.0032299118953994,2021,2020-12-31,learned_order_offset,20260911,0.30227219210751677,0.30227219210751677,0,0
error16,2548,2021-07-23,2021-08-02,-0.0537740931579083,2021,2020-12-31,learned_order_offset,20260911,0.3682876710362575,0.3682876710362575,0,0
error16,2553,2021-07-30,2021-08-09,0.019904813945049,2021,2020-12-31,learned_order_offset,20260911,0.5493128567304749,0.5493128567304749,1,1
error16,2558,2021-08-06,2021-08-16,0.0093369268709639,2021,2020-12-31,learned_order_offset,20260911,0.5952755431654839,0.5952755431654839,1,1
error16,2563,2021-08-13,2021-08-23,-0.032048736608373,2021,2020-12-31,learned_order_offset,20260911,0.6435678005185,0.6435678005185,1,0
error16,2568,2021-08-20,2021-08-30,0.0145047962107527,2021,2020-12-31,learned_order_offset,20260911,0.45941912601595664,0.45941912601595664,0,1
error16,2573,2021-08-27,2021-09-06,-0.0012316820816045,2021,2020-12-31,learned_order_offset,20260911,0.8199221886042931,0.8199221886042931,1,0
error16,2578,2021-09-03,2021-09-13,0.0342301066295398,2021,2020-12-31,learned_order_offset,20260911,0.7736884948382853,0.7736884948382853,1,1
error16,2583,2021-09-10,2021-09-22,-0.0471441667981554,2021,2020-12-31,learned_order_offset,20260911,0.7486660391902702,0.7486660391902702,1,0
error16,2588,2021-09-17,2021-09-28,0.0209863060789441,2021,2020-12-31,learned_order_offset,20260911,0.7812035509395332,0.7812035509395332,1,1
error16,2591,2021-09-24,2021-10-11,0.0144615416200457,2021,2020-12-31,learned_order_offset,20260911,0.6670102925222845,0.6670102925222845,1,1
error16,2596,2021-10-08,2021-10-18,-0.0038006269617851,2021,2020-12-31,learned_order_offset,20260911,0.9142972109372612,0.9142972109372612,1,0
error16,2601,2021-10-15,2021-10-25,0.0037358989621147,2021,2020-12-31,learned_order_offset,20260911,0.8514946837763709,0.8514946837763709,1,1
error16,2606,2021-10-22,2021-11-01,-0.0127041632091318,2021,2020-12-31,learned_order_offset,20260911,0.6153835261273471,0.6153835261273471,1,0
error16,2611,2021-10-29,2021-11-08,-0.0075807737801166,2021,2020-12-31,learned_order_offset,20260911,0.8905919911114152,0.8905919911114152,1,0
error16,2616,2021-11-05,2021-11-15,0.0110015182343039,2021,2020-12-31,learned_order_offset,20260911,0.7978265534432464,0.7978265534432464,1,1
error16,2621,2021-11-12,2021-11-22,0.0002002284238551,2021,2020-12-31,learned_order_offset,20260911,0.8952774170529411,0.8952774170529411,1,1
error16,2626,2021-11-19,2021-11-29,-0.0153981603100059,2021,2020-12-31,learned_order_offset,20260911,0.7999840840098098,0.7999840840098098,1,0
error16,2631,2021-11-26,2021-12-06,0.0185518287306458,2021,2020-12-31,learned_order_offset,20260911,0.8929926071982257,0.8929926071982257,1,1
error16,2636,2021-12-03,2021-12-13,0.0367843110096284,2021,2020-12-31,learned_order_offset,20260911,0.6617706981211336,0.6617706981211336,1,1
error16,2641,2021-12-10,2021-12-20,-0.0304615698955996,2021,2020-12-31,learned_order_offset,20260911,0.6793586467002075,0.6793586467002075,1,0
error16,2646,2021-12-17,2021-12-27,-0.0034083287233763,2021,2020-12-31,learned_order_offset,20260911,0.8677053304579374,0.8677053304579374,1,0
error16,2651,2021-12-24,2022-01-04,0.0080985736506613,2021,2020-12-31,learned_order_offset,20260911,0.6618536694473734,0.6618536694473734,1,1
error16,2656,2021-12-31,2022-01-10,-0.0293970528320001,2021,2020-12-31,learned_order_offset,20260911,0.8504487860668164,0.8504487860668164,1,0
error16,2418,2021-01-08,2021-01-18,-0.0120052904669853,2021,2020-12-31,native_mse,20260911,0.008552411017393067,,1,0
error16,2423,2021-01-15,2021-01-25,0.0231622460538123,2021,2020-12-31,native_mse,20260911,0.004218820233000888,,1,1
error16,2428,2021-01-22,2021-02-01,-0.0372511735907923,2021,2020-12-31,native_mse,20260911,0.004959951689017089,,1,0
error16,2433,2021-01-29,2021-02-08,0.0278689901714626,2021,2020-12-31,native_mse,20260911,-0.006242641410233065,,0,1
error16,2438,2021-02-05,2021-02-22,0.0507379035040882,2021,2020-12-31,native_mse,20260911,0.0007951359987466982,,1,1
error16,2443,2021-02-19,2021-03-01,-0.0684918010685315,2021,2020-12-31,native_mse,20260911,-0.0016330918552967294,,0,0
error16,2448,2021-02-26,2021-03-08,-0.0165997123904068,2021,2020-12-31,native_mse,20260911,-0.00533638880364651,,0,0
error16,2453,2021-03-05,2021-03-15,-0.0346560901469681,2021,2020-12-31,native_mse,20260911,-0.011674592766508288,,0,0
error16,2458,2021-03-12,2021-03-22,-0.0210550182560221,2021,2020-12-31,native_mse,20260911,-0.007847066861436623,,0,0
error16,2463,2021-03-19,2021-03-29,0.0087572877565691,2021,2020-12-31,native_mse,20260911,-0.0039060339233599494,,0,1
error16,2468,2021-03-26,2021-04-06,0.0250145479448802,2021,2020-12-31,native_mse,20260911,0.0009273635613917179,,1,1
error16,2473,2021-04-02,2021-04-12,-0.0292856811827044,2021,2020-12-31,native_mse,20260911,-0.0027355840325147787,,0,0
error16,2477,2021-04-09,2021-04-19,-0.0120489836840408,2021,2020-12-31,native_mse,20260911,-0.0036343506408249315,,0,0
error16,2482,2021-04-16,2021-04-26,0.0382932540809155,2021,2020-12-31,native_mse,20260911,-0.0006724515978878938,,0,1
error16,2487,2021-04-23,2021-05-06,-0.0112070185917437,2021,2020-12-31,native_mse,20260911,0.0055289088739753755,,1,0
error16,2492,2021-04-30,2021-05-12,-0.0190946889464188,2021,2020-12-31,native_mse,20260911,0.0033327575219957396,,1,0
error16,2494,2021-05-07,2021-05-17,0.0227674429764228,2021,2020-12-31,native_mse,20260911,0.0021669511395786133,,1,1
error16,2499,2021-05-14,2021-05-24,0.0045940519733895,2021,2020-12-31,native_mse,20260911,0.0011114542693073139,,1,1
error16,2504,2021-05-21,2021-05-31,0.0348855085126711,2021,2020-12-31,native_mse,20260911,0.008400289317996804,,1,1
error16,2509,2021-05-28,2021-06-07,-0.0062409741861724,2021,2020-12-31,native_mse,20260911,0.0007953145198423817,,1,0
error16,2514,2021-06-04,2021-06-15,-0.0125508761771767,2021,2020-12-31,native_mse,20260911,-0.007020166164517651,,0,0
error16,2519,2021-06-11,2021-06-21,-0.0250011497424577,2021,2020-12-31,native_mse,20260911,-0.008619872591947365,,0,0
error16,2523,2021-06-18,2021-06-28,0.0325308711127356,2021,2020-12-31,native_mse,20260911,-0.008791375820448139,,0,1
error16,2528,2021-06-25,2021-07-05,-0.0342297962734196,2021,2020-12-31,native_mse,20260911,-0.008045520831514462,,0,0
error16,2533,2021-07-02,2021-07-12,0.0068193733271841,2021,2020-12-31,native_mse,20260911,-0.007174844548354277,,0,1
error16,2538,2021-07-09,2021-07-19,-0.0048254045313779,2021,2020-12-31,native_mse,20260911,-0.015340492927170088,,0,0
error16,2543,2021-07-16,2021-07-26,-0.0032299118953994,2021,2020-12-31,native_mse,20260911,-0.005208717730643443,,0,0
error16,2548,2021-07-23,2021-08-02,-0.0537740931579083,2021,2020-12-31,native_mse,20260911,-0.005850917345567664,,0,0
error16,2553,2021-07-30,2021-08-09,0.019904813945049,2021,2020-12-31,native_mse,20260911,-0.0028205260505218244,,0,1
error16,2558,2021-08-06,2021-08-16,0.0093369268709639,2021,2020-12-31,native_mse,20260911,0.0007831311211854701,,1,1
error16,2563,2021-08-13,2021-08-23,-0.032048736608373,2021,2020-12-31,native_mse,20260911,-0.0005906639308137641,,0,0
error16,2568,2021-08-20,2021-08-30,0.0145047962107527,2021,2020-12-31,native_mse,20260911,-0.004641917146108556,,0,1
error16,2573,2021-08-27,2021-09-06,-0.0012316820816045,2021,2020-12-31,native_mse,20260911,0.014579973106645959,,1,0
error16,2578,2021-09-03,2021-09-13,0.0342301066295398,2021,2020-12-31,native_mse,20260911,0.008593989010996025,,1,1
error16,2583,2021-09-10,2021-09-22,-0.0471441667981554,2021,2020-12-31,native_mse,20260911,0.008313547741757724,,1,0
error16,2588,2021-09-17,2021-09-28,0.0209863060789441,2021,2020-12-31,native_mse,20260911,0.01165935650344279,,1,1
error16,2591,2021-09-24,2021-10-11,0.0144615416200457,2021,2020-12-31,native_mse,20260911,0.005518532924551857,,1,1
error16,2596,2021-10-08,2021-10-18,-0.0038006269617851,2021,2020-12-31,native_mse,20260911,0.012263523541426666,,1,0
error16,2601,2021-10-15,2021-10-25,0.0037358989621147,2021,2020-12-31,native_mse,20260911,0.005744974739242532,,1,1
error16,2606,2021-10-22,2021-11-01,-0.0127041632091318,2021,2020-12-31,native_mse,20260911,-0.002876912071818175,,0,0
error16,2611,2021-10-29,2021-11-08,-0.0075807737801166,2021,2020-12-31,native_mse,20260911,0.007299876265916085,,1,0
error16,2616,2021-11-05,2021-11-15,0.0110015182343039,2021,2020-12-31,native_mse,20260911,0.01509194783358179,,1,1
error16,2621,2021-11-12,2021-11-22,0.0002002284238551,2021,2020-12-31,native_mse,20260911,0.015091062401740971,,1,1
error16,2626,2021-11-19,2021-11-29,-0.0153981603100059,2021,2020-12-31,native_mse,20260911,0.0038828482450291406,,1,0
error16,2631,2021-11-26,2021-12-06,0.0185518287306458,2021,2020-12-31,native_mse,20260911,0.012319022901115752,,1,1
error16,2636,2021-12-03,2021-12-13,0.0367843110096284,2021,2020-12-31,native_mse,20260911,-0.0032795392457900994,,0,1
error16,2641,2021-12-10,2021-12-20,-0.0304615698955996,2021,2020-12-31,native_mse,20260911,0.0011267436480836153,,1,0
error16,2646,2021-12-17,2021-12-27,-0.0034083287233763,2021,2020-12-31,native_mse,20260911,0.009051863032613542,,1,0
error16,2651,2021-12-24,2022-01-04,0.0080985736506613,2021,2020-12-31,native_mse,20260911,0.011692479032888078,,1,1
error16,2656,2021-12-31,2022-01-10,-0.0293970528320001,2021,2020-12-31,native_mse,20260911,0.0061027978323025915,,1,0
error16,2418,2021-01-08,2021-01-18,-0.0120052904669853,2021,2020-12-31,learned_market,20260912,0.49622809203697066,0.49622809203697066,0,0
error16,2423,2021-01-15,2021-01-25,0.0231622460538123,2021,2020-12-31,learned_market,20260912,0.30299511780142024,0.30299511780142024,0,1
error16,2428,2021-01-22,2021-02-01,-0.0372511735907923,2021,2020-12-31,learned_market,20260912,0.2926269390741677,0.2926269390741677,0,0
error16,2433,2021-01-29,2021-02-08,0.0278689901714626,2021,2020-12-31,learned_market,20260912,0.4834854236532544,0.4834854236532544,0,1
error16,2438,2021-02-05,2021-02-22,0.0507379035040882,2021,2020-12-31,learned_market,20260912,0.5449307431156443,0.5449307431156443,1,1
error16,2443,2021-02-19,2021-03-01,-0.0684918010685315,2021,2020-12-31,learned_market,20260912,0.37156624296606255,0.37156624296606255,0,0
error16,2448,2021-02-26,2021-03-08,-0.0165997123904068,2021,2020-12-31,learned_market,20260912,0.5679579035959068,0.5679579035959068,1,0
error16,2453,2021-03-05,2021-03-15,-0.0346560901469681,2021,2020-12-31,learned_market,20260912,0.4912573433049491,0.4912573433049491,0,0
error16,2458,2021-03-12,2021-03-22,-0.0210550182560221,2021,2020-12-31,learned_market,20260912,0.4975950072849539,0.4975950072849539,0,0
error16,2463,2021-03-19,2021-03-29,0.0087572877565691,2021,2020-12-31,learned_market,20260912,0.4862560848839745,0.4862560848839745,0,1
error16,2468,2021-03-26,2021-04-06,0.0250145479448802,2021,2020-12-31,learned_market,20260912,0.5757817923341705,0.5757817923341705,1,1
error16,2473,2021-04-02,2021-04-12,-0.0292856811827044,2021,2020-12-31,learned_market,20260912,0.56297665502886,0.56297665502886,1,0
error16,2477,2021-04-09,2021-04-19,-0.0120489836840408,2021,2020-12-31,learned_market,20260912,0.6833728945724409,0.6833728945724409,1,0
error16,2482,2021-04-16,2021-04-26,0.0382932540809155,2021,2020-12-31,learned_market,20260912,0.6069844199651692,0.6069844199651692,1,1
error16,2487,2021-04-23,2021-05-06,-0.0112070185917437,2021,2020-12-31,learned_market,20260912,0.6957153692040717,0.6957153692040717,1,0
error16,2492,2021-04-30,2021-05-12,-0.0190946889464188,2021,2020-12-31,learned_market,20260912,0.49572812581073494,0.49572812581073494,0,0
error16,2494,2021-05-07,2021-05-17,0.0227674429764228,2021,2020-12-31,learned_market,20260912,0.5923668300862341,0.5923668300862341,1,1
error16,2499,2021-05-14,2021-05-24,0.0045940519733895,2021,2020-12-31,learned_market,20260912,0.5283594579480488,0.5283594579480488,1,1
error16,2504,2021-05-21,2021-05-31,0.0348855085126711,2021,2020-12-31,learned_market,20260912,0.6202700684440092,0.6202700684440092,1,1
error16,2509,2021-05-28,2021-06-07,-0.0062409741861724,2021,2020-12-31,learned_market,20260912,0.5014076959249572,0.5014076959249572,1,0
error16,2514,2021-06-04,2021-06-15,-0.0125508761771767,2021,2020-12-31,learned_market,20260912,0.32971545266050545,0.32971545266050545,0,0
error16,2519,2021-06-11,2021-06-21,-0.0250011497424577,2021,2020-12-31,learned_market,20260912,0.4358470115181578,0.4358470115181578,0,0
error16,2523,2021-06-18,2021-06-28,0.0325308711127356,2021,2020-12-31,learned_market,20260912,0.39660974147357,0.39660974147357,0,1
error16,2528,2021-06-25,2021-07-05,-0.0342297962734196,2021,2020-12-31,learned_market,20260912,0.2996275446219084,0.2996275446219084,0,0
error16,2533,2021-07-02,2021-07-12,0.0068193733271841,2021,2020-12-31,learned_market,20260912,0.5151635455277491,0.5151635455277491,1,1
error16,2538,2021-07-09,2021-07-19,-0.0048254045313779,2021,2020-12-31,learned_market,20260912,0.6207119283283139,0.6207119283283139,1,0
error16,2543,2021-07-16,2021-07-26,-0.0032299118953994,2021,2020-12-31,learned_market,20260912,0.49005551482262627,0.49005551482262627,0,0
error16,2548,2021-07-23,2021-08-02,-0.0537740931579083,2021,2020-12-31,learned_market,20260912,0.6154753433492549,0.6154753433492549,1,0
error16,2553,2021-07-30,2021-08-09,0.019904813945049,2021,2020-12-31,learned_market,20260912,0.5234204191777538,0.5234204191777538,1,1
error16,2558,2021-08-06,2021-08-16,0.0093369268709639,2021,2020-12-31,learned_market,20260912,0.5141172877385481,0.5141172877385481,1,1
error16,2563,2021-08-13,2021-08-23,-0.032048736608373,2021,2020-12-31,learned_market,20260912,0.799712207667327,0.799712207667327,1,0
error16,2568,2021-08-20,2021-08-30,0.0145047962107527,2021,2020-12-31,learned_market,20260912,0.6945524744678218,0.6945524744678218,1,1
error16,2573,2021-08-27,2021-09-06,-0.0012316820816045,2021,2020-12-31,learned_market,20260912,0.650209110265474,0.650209110265474,1,0
error16,2578,2021-09-03,2021-09-13,0.0342301066295398,2021,2020-12-31,learned_market,20260912,0.5845335348210389,0.5845335348210389,1,1
error16,2583,2021-09-10,2021-09-22,-0.0471441667981554,2021,2020-12-31,learned_market,20260912,0.5978406592956743,0.5978406592956743,1,0
error16,2588,2021-09-17,2021-09-28,0.0209863060789441,2021,2020-12-31,learned_market,20260912,0.5426754501942058,0.5426754501942058,1,1
error16,2591,2021-09-24,2021-10-11,0.0144615416200457,2021,2020-12-31,learned_market,20260912,0.43126701380981713,0.43126701380981713,0,1
error16,2596,2021-10-08,2021-10-18,-0.0038006269617851,2021,2020-12-31,learned_market,20260912,0.6941559587516039,0.6941559587516039,1,0
error16,2601,2021-10-15,2021-10-25,0.0037358989621147,2021,2020-12-31,learned_market,20260912,0.5572300046897983,0.5572300046897983,1,1
error16,2606,2021-10-22,2021-11-01,-0.0127041632091318,2021,2020-12-31,learned_market,20260912,0.6299600436601378,0.6299600436601378,1,0
error16,2611,2021-10-29,2021-11-08,-0.0075807737801166,2021,2020-12-31,learned_market,20260912,0.464512357293061,0.464512357293061,0,0
error16,2616,2021-11-05,2021-11-15,0.0110015182343039,2021,2020-12-31,learned_market,20260912,0.508116852058366,0.508116852058366,1,1
error16,2621,2021-11-12,2021-11-22,0.0002002284238551,2021,2020-12-31,learned_market,20260912,0.6443350708781979,0.6443350708781979,1,1
error16,2626,2021-11-19,2021-11-29,-0.0153981603100059,2021,2020-12-31,learned_market,20260912,0.6693433688568049,0.6693433688568049,1,0
error16,2631,2021-11-26,2021-12-06,0.0185518287306458,2021,2020-12-31,learned_market,20260912,0.4564357929986235,0.4564357929986235,0,1
error16,2636,2021-12-03,2021-12-13,0.0367843110096284,2021,2020-12-31,learned_market,20260912,0.41978771600214365,0.41978771600214365,0,1
error16,2641,2021-12-10,2021-12-20,-0.0304615698955996,2021,2020-12-31,learned_market,20260912,0.6271976821534841,0.6271976821534841,1,0
error16,2646,2021-12-17,2021-12-27,-0.0034083287233763,2021,2020-12-31,learned_market,20260912,0.6038032181672566,0.6038032181672566,1,0
error16,2651,2021-12-24,2022-01-04,0.0080985736506613,2021,2020-12-31,learned_market,20260912,0.46482306192949696,0.46482306192949696,0,1
error16,2656,2021-12-31,2022-01-10,-0.0293970528320001,2021,2020-12-31,learned_market,20260912,0.6466363276154498,0.6466363276154498,1,0
error16,2418,2021-01-08,2021-01-18,-0.0120052904669853,2021,2020-12-31,learned_vol_interaction,20260912,0.49620713842529096,0.49620713842529096,0,0
error16,2423,2021-01-15,2021-01-25,0.0231622460538123,2021,2020-12-31,learned_vol_interaction,20260912,0.30370534508378266,0.30370534508378266,0,1
error16,2428,2021-01-22,2021-02-01,-0.0372511735907923,2021,2020-12-31,learned_vol_interaction,20260912,0.2931342483584557,0.2931342483584557,0,0
error16,2433,2021-01-29,2021-02-08,0.0278689901714626,2021,2020-12-31,learned_vol_interaction,20260912,0.4851476188516167,0.4851476188516167,0,1
error16,2438,2021-02-05,2021-02-22,0.0507379035040882,2021,2020-12-31,learned_vol_interaction,20260912,0.5455559755252699,0.5455559755252699,1,1
error16,2443,2021-02-19,2021-03-01,-0.0684918010685315,2021,2020-12-31,learned_vol_interaction,20260912,0.37201410439640853,0.37201410439640853,0,0
error16,2448,2021-02-26,2021-03-08,-0.0165997123904068,2021,2020-12-31,learned_vol_interaction,20260912,0.5647303221106473,0.5647303221106473,1,0
error16,2453,2021-03-05,2021-03-15,-0.0346560901469681,2021,2020-12-31,learned_vol_interaction,20260912,0.4925362885158211,0.4925362885158211,0,0
error16,2458,2021-03-12,2021-03-22,-0.0210550182560221,2021,2020-12-31,learned_vol_interaction,20260912,0.5001941106115585,0.5001941106115585,1,0
error16,2463,2021-03-19,2021-03-29,0.0087572877565691,2021,2020-12-31,learned_vol_interaction,20260912,0.4917119078225818,0.4917119078225818,0,1
error16,2468,2021-03-26,2021-04-06,0.0250145479448802,2021,2020-12-31,learned_vol_interaction,20260912,0.5754614207160266,0.5754614207160266,1,1
error16,2473,2021-04-02,2021-04-12,-0.0292856811827044,2021,2020-12-31,learned_vol_interaction,20260912,0.5647750064828143,0.5647750064828143,1,0
error16,2477,2021-04-09,2021-04-19,-0.0120489836840408,2021,2020-12-31,learned_vol_interaction,20260912,0.6851225390103307,0.6851225390103307,1,0
error16,2482,2021-04-16,2021-04-26,0.0382932540809155,2021,2020-12-31,learned_vol_interaction,20260912,0.6079794499510633,0.6079794499510633,1,1
error16,2487,2021-04-23,2021-05-06,-0.0112070185917437,2021,2020-12-31,learned_vol_interaction,20260912,0.6970440278111448,0.6970440278111448,1,0
error16,2492,2021-04-30,2021-05-12,-0.0190946889464188,2021,2020-12-31,learned_vol_interaction,20260912,0.49508455771909865,0.49508455771909865,0,0
error16,2494,2021-05-07,2021-05-17,0.0227674429764228,2021,2020-12-31,learned_vol_interaction,20260912,0.5936076847954643,0.5936076847954643,1,1
error16,2499,2021-05-14,2021-05-24,0.0045940519733895,2021,2020-12-31,learned_vol_interaction,20260912,0.5260594519724338,0.5260594519724338,1,1
error16,2504,2021-05-21,2021-05-31,0.0348855085126711,2021,2020-12-31,learned_vol_interaction,20260912,0.6194700609717307,0.6194700609717307,1,1
error16,2509,2021-05-28,2021-06-07,-0.0062409741861724,2021,2020-12-31,learned_vol_interaction,20260912,0.4999311238130264,0.4999311238130264,0,0
error16,2514,2021-06-04,2021-06-15,-0.0125508761771767,2021,2020-12-31,learned_vol_interaction,20260912,0.32963442443266894,0.32963442443266894,0,0
error16,2519,2021-06-11,2021-06-21,-0.0250011497424577,2021,2020-12-31,learned_vol_interaction,20260912,0.43487798405591244,0.43487798405591244,0,0
error16,2523,2021-06-18,2021-06-28,0.0325308711127356,2021,2020-12-31,learned_vol_interaction,20260912,0.39563184997461803,0.39563184997461803,0,1
error16,2528,2021-06-25,2021-07-05,-0.0342297962734196,2021,2020-12-31,learned_vol_interaction,20260912,0.2936971410007611,0.2936971410007611,0,0
error16,2533,2021-07-02,2021-07-12,0.0068193733271841,2021,2020-12-31,learned_vol_interaction,20260912,0.5148668706411704,0.5148668706411704,1,1
error16,2538,2021-07-09,2021-07-19,-0.0048254045313779,2021,2020-12-31,learned_vol_interaction,20260912,0.6186903340218607,0.6186903340218607,1,0
error16,2543,2021-07-16,2021-07-26,-0.0032299118953994,2021,2020-12-31,learned_vol_interaction,20260912,0.4865946477628708,0.4865946477628708,0,0
error16,2548,2021-07-23,2021-08-02,-0.0537740931579083,2021,2020-12-31,learned_vol_interaction,20260912,0.6139762603963855,0.6139762603963855,1,0
error16,2553,2021-07-30,2021-08-09,0.019904813945049,2021,2020-12-31,learned_vol_interaction,20260912,0.5240194778238666,0.5240194778238666,1,1
error16,2558,2021-08-06,2021-08-16,0.0093369268709639,2021,2020-12-31,learned_vol_interaction,20260912,0.5136649464816024,0.5136649464816024,1,1
error16,2563,2021-08-13,2021-08-23,-0.032048736608373,2021,2020-12-31,learned_vol_interaction,20260912,0.7945167952306426,0.7945167952306426,1,0
error16,2568,2021-08-20,2021-08-30,0.0145047962107527,2021,2020-12-31,learned_vol_interaction,20260912,0.6928180790402312,0.6928180790402312,1,1
error16,2573,2021-08-27,2021-09-06,-0.0012316820816045,2021,2020-12-31,learned_vol_interaction,20260912,0.6501421001064899,0.6501421001064899,1,0
error16,2578,2021-09-03,2021-09-13,0.0342301066295398,2021,2020-12-31,learned_vol_interaction,20260912,0.5834223088141877,0.5834223088141877,1,1
error16,2583,2021-09-10,2021-09-22,-0.0471441667981554,2021,2020-12-31,learned_vol_interaction,20260912,0.5980779969137336,0.5980779969137336,1,0
error16,2588,2021-09-17,2021-09-28,0.0209863060789441,2021,2020-12-31,learned_vol_interaction,20260912,0.5427243889928098,0.5427243889928098,1,1
error16,2591,2021-09-24,2021-10-11,0.0144615416200457,2021,2020-12-31,learned_vol_interaction,20260912,0.42884602217775675,0.42884602217775675,0,1
error16,2596,2021-10-08,2021-10-18,-0.0038006269617851,2021,2020-12-31,learned_vol_interaction,20260912,0.695102696328134,0.695102696328134,1,0
error16,2601,2021-10-15,2021-10-25,0.0037358989621147,2021,2020-12-31,learned_vol_interaction,20260912,0.5555453048521898,0.5555453048521898,1,1
error16,2606,2021-10-22,2021-11-01,-0.0127041632091318,2021,2020-12-31,learned_vol_interaction,20260912,0.6315277731833727,0.6315277731833727,1,0
error16,2611,2021-10-29,2021-11-08,-0.0075807737801166,2021,2020-12-31,learned_vol_interaction,20260912,0.46060481961428473,0.46060481961428473,0,0
error16,2616,2021-11-05,2021-11-15,0.0110015182343039,2021,2020-12-31,learned_vol_interaction,20260912,0.5028238020220486,0.5028238020220486,1,1
error16,2621,2021-11-12,2021-11-22,0.0002002284238551,2021,2020-12-31,learned_vol_interaction,20260912,0.6449850400218169,0.6449850400218169,1,1
error16,2626,2021-11-19,2021-11-29,-0.0153981603100059,2021,2020-12-31,learned_vol_interaction,20260912,0.6701888269993593,0.6701888269993593,1,0
error16,2631,2021-11-26,2021-12-06,0.0185518287306458,2021,2020-12-31,learned_vol_interaction,20260912,0.45043317964934776,0.45043317964934776,0,1
error16,2636,2021-12-03,2021-12-13,0.0367843110096284,2021,2020-12-31,learned_vol_interaction,20260912,0.41071461893066585,0.41071461893066585,0,1
error16,2641,2021-12-10,2021-12-20,-0.0304615698955996,2021,2020-12-31,learned_vol_interaction,20260912,0.6266555065384815,0.6266555065384815,1,0
error16,2646,2021-12-17,2021-12-27,-0.0034083287233763,2021,2020-12-31,learned_vol_interaction,20260912,0.6026505934203981,0.6026505934203981,1,0
error16,2651,2021-12-24,2022-01-04,0.0080985736506613,2021,2020-12-31,learned_vol_interaction,20260912,0.46036515762682995,0.46036515762682995,0,1
error16,2656,2021-12-31,2022-01-10,-0.0293970528320001,2021,2020-12-31,learned_vol_interaction,20260912,0.6445590390816363,0.6445590390816363,1,0
error16,2418,2021-01-08,2021-01-18,-0.0120052904669853,2021,2020-12-31,learned_order_extension,20260912,0.4980709373270918,0.4980709373270918,0,0
error16,2423,2021-01-15,2021-01-25,0.0231622460538123,2021,2020-12-31,learned_order_extension,20260912,0.3077801048995167,0.3077801048995167,0,1
error16,2428,2021-01-22,2021-02-01,-0.0372511735907923,2021,2020-12-31,learned_order_extension,20260912,0.2945790953929349,0.2945790953929349,0,0
error16,2433,2021-01-29,2021-02-08,0.0278689901714626,2021,2020-12-31,learned_order_extension,20260912,0.4869306132003812,0.4869306132003812,0,1
error16,2438,2021-02-05,2021-02-22,0.0507379035040882,2021,2020-12-31,learned_order_extension,20260912,0.5470942643821933,0.5470942643821933,1,1
error16,2443,2021-02-19,2021-03-01,-0.0684918010685315,2021,2020-12-31,learned_order_extension,20260912,0.37256373051610003,0.37256373051610003,0,0
error16,2448,2021-02-26,2021-03-08,-0.0165997123904068,2021,2020-12-31,learned_order_extension,20260912,0.5652884202407723,0.5652884202407723,1,0
error16,2453,2021-03-05,2021-03-15,-0.0346560901469681,2021,2020-12-31,learned_order_extension,20260912,0.4938099782773414,0.4938099782773414,0,0
error16,2458,2021-03-12,2021-03-22,-0.0210550182560221,2021,2020-12-31,learned_order_extension,20260912,0.5011342068332141,0.5011342068332141,1,0
error16,2463,2021-03-19,2021-03-29,0.0087572877565691,2021,2020-12-31,learned_order_extension,20260912,0.49318584601318854,0.49318584601318854,0,1
error16,2468,2021-03-26,2021-04-06,0.0250145479448802,2021,2020-12-31,learned_order_extension,20260912,0.5765372992952104,0.5765372992952104,1,1
error16,2473,2021-04-02,2021-04-12,-0.0292856811827044,2021,2020-12-31,learned_order_extension,20260912,0.5661836120897463,0.5661836120897463,1,0
error16,2477,2021-04-09,2021-04-19,-0.0120489836840408,2021,2020-12-31,learned_order_extension,20260912,0.687046194737299,0.687046194737299,1,0
error16,2482,2021-04-16,2021-04-26,0.0382932540809155,2021,2020-12-31,learned_order_extension,20260912,0.6079705501613304,0.6079705501613304,1,1
error16,2487,2021-04-23,2021-05-06,-0.0112070185917437,2021,2020-12-31,learned_order_extension,20260912,0.7001630679827717,0.7001630679827717,1,0
error16,2492,2021-04-30,2021-05-12,-0.0190946889464188,2021,2020-12-31,learned_order_extension,20260912,0.4918375430018398,0.4918375430018398,0,0
error16,2494,2021-05-07,2021-05-17,0.0227674429764228,2021,2020-12-31,learned_order_extension,20260912,0.5924909504537539,0.5924909504537539,1,1
error16,2499,2021-05-14,2021-05-24,0.0045940519733895,2021,2020-12-31,learned_order_extension,20260912,0.5211782975246303,0.5211782975246303,1,1
error16,2504,2021-05-21,2021-05-31,0.0348855085126711,2021,2020-12-31,learned_order_extension,20260912,0.6201148626993727,0.6201148626993727,1,1
error16,2509,2021-05-28,2021-06-07,-0.0062409741861724,2021,2020-12-31,learned_order_extension,20260912,0.49912386449059004,0.49912386449059004,0,0
error16,2514,2021-06-04,2021-06-15,-0.0125508761771767,2021,2020-12-31,learned_order_extension,20260912,0.3220408483503156,0.3220408483503156,0,0
error16,2519,2021-06-11,2021-06-21,-0.0250011497424577,2021,2020-12-31,learned_order_extension,20260912,0.4292917957601971,0.4292917957601971,0,0
error16,2523,2021-06-18,2021-06-28,0.0325308711127356,2021,2020-12-31,learned_order_extension,20260912,0.39019861803489025,0.39019861803489025,0,1
error16,2528,2021-06-25,2021-07-05,-0.0342297962734196,2021,2020-12-31,learned_order_extension,20260912,0.28601239769549003,0.28601239769549003,0,0
error16,2533,2021-07-02,2021-07-12,0.0068193733271841,2021,2020-12-31,learned_order_extension,20260912,0.511988380684367,0.511988380684367,1,1
error16,2538,2021-07-09,2021-07-19,-0.0048254045313779,2021,2020-12-31,learned_order_extension,20260912,0.6213632916420614,0.6213632916420614,1,0
error16,2543,2021-07-16,2021-07-26,-0.0032299118953994,2021,2020-12-31,learned_order_extension,20260912,0.4783021837038135,0.4783021837038135,0,0
error16,2548,2021-07-23,2021-08-02,-0.0537740931579083,2021,2020-12-31,learned_order_extension,20260912,0.6124295217712632,0.6124295217712632,1,0
error16,2553,2021-07-30,2021-08-09,0.019904813945049,2021,2020-12-31,learned_order_extension,20260912,0.5183173735705874,0.5183173735705874,1,1
error16,2558,2021-08-06,2021-08-16,0.0093369268709639,2021,2020-12-31,learned_order_extension,20260912,0.509509202348959,0.509509202348959,1,1
error16,2563,2021-08-13,2021-08-23,-0.032048736608373,2021,2020-12-31,learned_order_extension,20260912,0.7945715828017712,0.7945715828017712,1,0
error16,2568,2021-08-20,2021-08-30,0.0145047962107527,2021,2020-12-31,learned_order_extension,20260912,0.6924411435011819,0.6924411435011819,1,1
error16,2573,2021-08-27,2021-09-06,-0.0012316820816045,2021,2020-12-31,learned_order_extension,20260912,0.6485120883138071,0.6485120883138071,1,0
error16,2578,2021-09-03,2021-09-13,0.0342301066295398,2021,2020-12-31,learned_order_extension,20260912,0.5805757513729569,0.5805757513729569,1,1
error16,2583,2021-09-10,2021-09-22,-0.0471441667981554,2021,2020-12-31,learned_order_extension,20260912,0.5978065821661347,0.5978065821661347,1,0
error16,2588,2021-09-17,2021-09-28,0.0209863060789441,2021,2020-12-31,learned_order_extension,20260912,0.5376103337187045,0.5376103337187045,1,1
error16,2591,2021-09-24,2021-10-11,0.0144615416200457,2021,2020-12-31,learned_order_extension,20260912,0.4159392588263915,0.4159392588263915,0,1
error16,2596,2021-10-08,2021-10-18,-0.0038006269617851,2021,2020-12-31,learned_order_extension,20260912,0.6977983653498382,0.6977983653498382,1,0
error16,2601,2021-10-15,2021-10-25,0.0037358989621147,2021,2020-12-31,learned_order_extension,20260912,0.5511774737639048,0.5511774737639048,1,1
error16,2606,2021-10-22,2021-11-01,-0.0127041632091318,2021,2020-12-31,learned_order_extension,20260912,0.6314497295780248,0.6314497295780248,1,0
error16,2611,2021-10-29,2021-11-08,-0.0075807737801166,2021,2020-12-31,learned_order_extension,20260912,0.4555702872833959,0.4555702872833959,0,0
error16,2616,2021-11-05,2021-11-15,0.0110015182343039,2021,2020-12-31,learned_order_extension,20260912,0.49440987235614653,0.49440987235614653,0,1
error16,2621,2021-11-12,2021-11-22,0.0002002284238551,2021,2020-12-31,learned_order_extension,20260912,0.6457846168027762,0.6457846168027762,1,1
error16,2626,2021-11-19,2021-11-29,-0.0153981603100059,2021,2020-12-31,learned_order_extension,20260912,0.6758557957877199,0.6758557957877199,1,0
error16,2631,2021-11-26,2021-12-06,0.0185518287306458,2021,2020-12-31,learned_order_extension,20260912,0.43384934218808535,0.43384934218808535,0,1
error16,2636,2021-12-03,2021-12-13,0.0367843110096284,2021,2020-12-31,learned_order_extension,20260912,0.40088382776410036,0.40088382776410036,0,1
error16,2641,2021-12-10,2021-12-20,-0.0304615698955996,2021,2020-12-31,learned_order_extension,20260912,0.6273782384824466,0.6273782384824466,1,0
error16,2646,2021-12-17,2021-12-27,-0.0034083287233763,2021,2020-12-31,learned_order_extension,20260912,0.5990729401360653,0.5990729401360653,1,0
error16,2651,2021-12-24,2022-01-04,0.0080985736506613,2021,2020-12-31,learned_order_extension,20260912,0.44993121305292894,0.44993121305292894,0,1
error16,2656,2021-12-31,2022-01-10,-0.0293970528320001,2021,2020-12-31,learned_order_extension,20260912,0.6465331383092103,0.6465331383092103,1,0
error16,2418,2021-01-08,2021-01-18,-0.0120052904669853,2021,2020-12-31,learned_order_offset,20260912,0.4978619856473434,0.4978619856473434,0,0
error16,2423,2021-01-15,2021-01-25,0.0231622460538123,2021,2020-12-31,learned_order_offset,20260912,0.30753172112864313,0.30753172112864313,0,1
error16,2428,2021-01-22,2021-02-01,-0.0372511735907923,2021,2020-12-31,learned_order_offset,20260912,0.29417599189344534,0.29417599189344534,0,0
error16,2433,2021-01-29,2021-02-08,0.0278689901714626,2021,2020-12-31,learned_order_offset,20260912,0.48673077860534075,0.48673077860534075,0,1
error16,2438,2021-02-05,2021-02-22,0.0507379035040882,2021,2020-12-31,learned_order_offset,20260912,0.5468628858044645,0.5468628858044645,1,1
error16,2443,2021-02-19,2021-03-01,-0.0684918010685315,2021,2020-12-31,learned_order_offset,20260912,0.37253784220409425,0.37253784220409425,0,0
error16,2448,2021-02-26,2021-03-08,-0.0165997123904068,2021,2020-12-31,learned_order_offset,20260912,0.5649799919042372,0.5649799919042372,1,0
error16,2453,2021-03-05,2021-03-15,-0.0346560901469681,2021,2020-12-31,learned_order_offset,20260912,0.49348358050186064,0.49348358050186064,0,0
error16,2458,2021-03-12,2021-03-22,-0.0210550182560221,2021,2020-12-31,learned_order_offset,20260912,0.500928953286114,0.500928953286114,1,0
error16,2463,2021-03-19,2021-03-29,0.0087572877565691,2021,2020-12-31,learned_order_offset,20260912,0.493170220106531,0.493170220106531,0,1
error16,2468,2021-03-26,2021-04-06,0.0250145479448802,2021,2020-12-31,learned_order_offset,20260912,0.5766144810517231,0.5766144810517231,1,1
error16,2473,2021-04-02,2021-04-12,-0.0292856811827044,2021,2020-12-31,learned_order_offset,20260912,0.566102470284805,0.566102470284805,1,0
error16,2477,2021-04-09,2021-04-19,-0.0120489836840408,2021,2020-12-31,learned_order_offset,20260912,0.6869015293782829,0.6869015293782829,1,0
error16,2482,2021-04-16,2021-04-26,0.0382932540809155,2021,2020-12-31,learned_order_offset,20260912,0.6078000978596377,0.6078000978596377,1,1
error16,2487,2021-04-23,2021-05-06,-0.0112070185917437,2021,2020-12-31,learned_order_offset,20260912,0.6999268378054232,0.6999268378054232,1,0
error16,2492,2021-04-30,2021-05-12,-0.0190946889464188,2021,2020-12-31,learned_order_offset,20260912,0.49168441153382075,0.49168441153382075,0,0
error16,2494,2021-05-07,2021-05-17,0.0227674429764228,2021,2020-12-31,learned_order_offset,20260912,0.5919092456876717,0.5919092456876717,1,1
error16,2499,2021-05-14,2021-05-24,0.0045940519733895,2021,2020-12-31,learned_order_offset,20260912,0.5203594988625989,0.5203594988625989,1,1
error16,2504,2021-05-21,2021-05-31,0.0348855085126711,2021,2020-12-31,learned_order_offset,20260912,0.6196299438561572,0.6196299438561572,1,1
error16,2509,2021-05-28,2021-06-07,-0.0062409741861724,2021,2020-12-31,learned_order_offset,20260912,0.498513660109647,0.498513660109647,0,0
error16,2514,2021-06-04,2021-06-15,-0.0125508761771767,2021,2020-12-31,learned_order_offset,20260912,0.32211543056065006,0.32211543056065006,0,0
error16,2519,2021-06-11,2021-06-21,-0.0250011497424577,2021,2020-12-31,learned_order_offset,20260912,0.4292652143972748,0.4292652143972748,0,0
error16,2523,2021-06-18,2021-06-28,0.0325308711127356,2021,2020-12-31,learned_order_offset,20260912,0.389839647004703,0.389839647004703,0,1
error16,2528,2021-06-25,2021-07-05,-0.0342297962734196,2021,2020-12-31,learned_order_offset,20260912,0.2857328768925556,0.2857328768925556,0,0
error16,2533,2021-07-02,2021-07-12,0.0068193733271841,2021,2020-12-31,learned_order_offset,20260912,0.5120272781444086,0.5120272781444086,1,1
error16,2538,2021-07-09,2021-07-19,-0.0048254045313779,2021,2020-12-31,learned_order_offset,20260912,0.6210298644444885,0.6210298644444885,1,0
error16,2543,2021-07-16,2021-07-26,-0.0032299118953994,2021,2020-12-31,learned_order_offset,20260912,0.47780664490085595,0.47780664490085595,0,0
error16,2548,2021-07-23,2021-08-02,-0.0537740931579083,2021,2020-12-31,learned_order_offset,20260912,0.6120939315881804,0.6120939315881804,1,0
error16,2553,2021-07-30,2021-08-09,0.019904813945049,2021,2020-12-31,learned_order_offset,20260912,0.5180210270033623,0.5180210270033623,1,1
error16,2558,2021-08-06,2021-08-16,0.0093369268709639,2021,2020-12-31,learned_order_offset,20260912,0.5092578634100278,0.5092578634100278,1,1
error16,2563,2021-08-13,2021-08-23,-0.032048736608373,2021,2020-12-31,learned_order_offset,20260912,0.7940343211531239,0.7940343211531239,1,0
error16,2568,2021-08-20,2021-08-30,0.0145047962107527,2021,2020-12-31,learned_order_offset,20260912,0.6920631539348041,0.6920631539348041,1,1
error16,2573,2021-08-27,2021-09-06,-0.0012316820816045,2021,2020-12-31,learned_order_offset,20260912,0.6483618872645227,0.6483618872645227,1,0
error16,2578,2021-09-03,2021-09-13,0.0342301066295398,2021,2020-12-31,learned_order_offset,20260912,0.5804326441216299,0.5804326441216299,1,1
error16,2583,2021-09-10,2021-09-22,-0.0471441667981554,2021,2020-12-31,learned_order_offset,20260912,0.5974417197776336,0.5974417197776336,1,0
error16,2588,2021-09-17,2021-09-28,0.0209863060789441,2021,2020-12-31,learned_order_offset,20260912,0.5373217574451546,0.5373217574451546,1,1
error16,2591,2021-09-24,2021-10-11,0.0144615416200457,2021,2020-12-31,learned_order_offset,20260912,0.4161001339098918,0.4161001339098918,0,1
error16,2596,2021-10-08,2021-10-18,-0.0038006269617851,2021,2020-12-31,learned_order_offset,20260912,0.6979478393130971,0.6979478393130971,1,0
error16,2601,2021-10-15,2021-10-25,0.0037358989621147,2021,2020-12-31,learned_order_offset,20260912,0.5509092482748328,0.5509092482748328,1,1
error16,2606,2021-10-22,2021-11-01,-0.0127041632091318,2021,2020-12-31,learned_order_offset,20260912,0.6314800730261438,0.6314800730261438,1,0
error16,2611,2021-10-29,2021-11-08,-0.0075807737801166,2021,2020-12-31,learned_order_offset,20260912,0.4556342209286503,0.4556342209286503,0,0
error16,2616,2021-11-05,2021-11-15,0.0110015182343039,2021,2020-12-31,learned_order_offset,20260912,0.4943242193979672,0.4943242193979672,0,1
error16,2621,2021-11-12,2021-11-22,0.0002002284238551,2021,2020-12-31,learned_order_offset,20260912,0.6453907944726573,0.6453907944726573,1,1
error16,2626,2021-11-19,2021-11-29,-0.0153981603100059,2021,2020-12-31,learned_order_offset,20260912,0.6755480100450049,0.6755480100450049,1,0
error16,2631,2021-11-26,2021-12-06,0.0185518287306458,2021,2020-12-31,learned_order_offset,20260912,0.433749464940142,0.433749464940142,0,1
error16,2636,2021-12-03,2021-12-13,0.0367843110096284,2021,2020-12-31,learned_order_offset,20260912,0.40082929584196636,0.40082929584196636,0,1
error16,2641,2021-12-10,2021-12-20,-0.0304615698955996,2021,2020-12-31,learned_order_offset,20260912,0.6269777961806212,0.6269777961806212,1,0
error16,2646,2021-12-17,2021-12-27,-0.0034083287233763,2021,2020-12-31,learned_order_offset,20260912,0.5984618782434332,0.5984618782434332,1,0
error16,2651,2021-12-24,2022-01-04,0.0080985736506613,2021,2020-12-31,learned_order_offset,20260912,0.4493817362197275,0.4493817362197275,0,1
error16,2656,2021-12-31,2022-01-10,-0.0293970528320001,2021,2020-12-31,learned_order_offset,20260912,0.6464286773203256,0.6464286773203256,1,0
error16,2418,2021-01-08,2021-01-18,-0.0120052904669853,2021,2020-12-31,native_mse,20260912,0.001397497585867654,,1,0
error16,2423,2021-01-15,2021-01-25,0.0231622460538123,2021,2020-12-31,native_mse,20260912,0.0006715229500529757,,1,1
error16,2428,2021-01-22,2021-02-01,-0.0372511735907923,2021,2020-12-31,native_mse,20260912,0.0008989216255188498,,1,0
error16,2433,2021-01-29,2021-02-08,0.0278689901714626,2021,2020-12-31,native_mse,20260912,0.0007959764416317159,,1,1
error16,2438,2021-02-05,2021-02-22,0.0507379035040882,2021,2020-12-31,native_mse,20260912,0.0012803740659475327,,1,1
error16,2443,2021-02-19,2021-03-01,-0.0684918010685315,2021,2020-12-31,native_mse,20260912,0.0009133829615551264,,1,0
error16,2448,2021-02-26,2021-03-08,-0.0165997123904068,2021,2020-12-31,native_mse,20260912,0.0013704992420810927,,1,0
error16,2453,2021-03-05,2021-03-15,-0.0346560901469681,2021,2020-12-31,native_mse,20260912,0.0008756814992302536,,1,0
error16,2458,2021-03-12,2021-03-22,-0.0210550182560221,2021,2020-12-31,native_mse,20260912,0.0011757184818956695,,1,0
error16,2463,2021-03-19,2021-03-29,0.0087572877565691,2021,2020-12-31,native_mse,20260912,0.0010792053864410744,,1,1
error16,2468,2021-03-26,2021-04-06,0.0250145479448802,2021,2020-12-31,native_mse,20260912,0.0011499309968955886,,1,1
error16,2473,2021-04-02,2021-04-12,-0.0292856811827044,2021,2020-12-31,native_mse,20260912,0.0010410156043567688,,1,0
error16,2477,2021-04-09,2021-04-19,-0.0120489836840408,2021,2020-12-31,native_mse,20260912,0.0015346227958627386,,1,0
error16,2482,2021-04-16,2021-04-26,0.0382932540809155,2021,2020-12-31,native_mse,20260912,0.001333459240383137,,1,1
error16,2487,2021-04-23,2021-05-06,-0.0112070185917437,2021,2020-12-31,native_mse,20260912,0.0016691075435783544,,1,0
error16,2492,2021-04-30,2021-05-12,-0.0190946889464188,2021,2020-12-31,native_mse,20260912,0.0008697905080337705,,1,0
error16,2494,2021-05-07,2021-05-17,0.0227674429764228,2021,2020-12-31,native_mse,20260912,0.0011496090030479206,,1,1
error16,2499,2021-05-14,2021-05-24,0.0045940519733895,2021,2020-12-31,native_mse,20260912,0.0010483063772099349,,1,1
error16,2504,2021-05-21,2021-05-31,0.0348855085126711,2021,2020-12-31,native_mse,20260912,0.0011439525898009322,,1,1
error16,2509,2021-05-28,2021-06-07,-0.0062409741861724,2021,2020-12-31,native_mse,20260912,0.0011525125328662067,,1,0
error16,2514,2021-06-04,2021-06-15,-0.0125508761771767,2021,2020-12-31,native_mse,20260912,0.0007128828650729158,,1,0
error16,2519,2021-06-11,2021-06-21,-0.0250011497424577,2021,2020-12-31,native_mse,20260912,0.0008407535701623152,,1,0
error16,2523,2021-06-18,2021-06-28,0.0325308711127356,2021,2020-12-31,native_mse,20260912,0.0005295128002944305,,1,1
error16,2528,2021-06-25,2021-07-05,-0.0342297962734196,2021,2020-12-31,native_mse,20260912,0.0004392776625445282,,1,0
error16,2533,2021-07-02,2021-07-12,0.0068193733271841,2021,2020-12-31,native_mse,20260912,0.0008802423955353033,,1,1
error16,2538,2021-07-09,2021-07-19,-0.0048254045313779,2021,2020-12-31,native_mse,20260912,0.001025036941487719,,1,0
error16,2543,2021-07-16,2021-07-26,-0.0032299118953994,2021,2020-12-31,native_mse,20260912,0.0009848540154367372,,1,0
error16,2548,2021-07-23,2021-08-02,-0.0537740931579083,2021,2020-12-31,native_mse,20260912,0.0010837390229232473,,1,0
error16,2553,2021-07-30,2021-08-09,0.019904813945049,2021,2020-12-31,native_mse,20260912,0.0007753634039124927,,1,1
error16,2558,2021-08-06,2021-08-16,0.0093369268709639,2021,2020-12-31,native_mse,20260912,0.0010686946751112278,,1,1
error16,2563,2021-08-13,2021-08-23,-0.032048736608373,2021,2020-12-31,native_mse,20260912,0.0016819071064647707,,1,0
error16,2568,2021-08-20,2021-08-30,0.0145047962107527,2021,2020-12-31,native_mse,20260912,0.0015674609930577542,,1,1
error16,2573,2021-08-27,2021-09-06,-0.0012316820816045,2021,2020-12-31,native_mse,20260912,0.0015518786224257932,,1,0
error16,2578,2021-09-03,2021-09-13,0.0342301066295398,2021,2020-12-31,native_mse,20260912,0.0015775578367383941,,1,1
error16,2583,2021-09-10,2021-09-22,-0.0471441667981554,2021,2020-12-31,native_mse,20260912,0.00097730888589041,,1,0
error16,2588,2021-09-17,2021-09-28,0.0209863060789441,2021,2020-12-31,native_mse,20260912,0.0010514539644274003,,1,1
error16,2591,2021-09-24,2021-10-11,0.0144615416200457,2021,2020-12-31,native_mse,20260912,0.0009736007301348337,,1,1
error16,2596,2021-10-08,2021-10-18,-0.0038006269617851,2021,2020-12-31,native_mse,20260912,0.0017059097904301645,,1,0
error16,2601,2021-10-15,2021-10-25,0.0037358989621147,2021,2020-12-31,native_mse,20260912,0.0013112113818953192,,1,1
error16,2606,2021-10-22,2021-11-01,-0.0127041632091318,2021,2020-12-31,native_mse,20260912,0.001166627382206441,,1,0
error16,2611,2021-10-29,2021-11-08,-0.0075807737801166,2021,2020-12-31,native_mse,20260912,0.0010497018546840582,,1,0
error16,2616,2021-11-05,2021-11-15,0.0110015182343039,2021,2020-12-31,native_mse,20260912,0.0009666279543883876,,1,1
error16,2621,2021-11-12,2021-11-22,0.0002002284238551,2021,2020-12-31,native_mse,20260912,0.00100753152357648,,1,1
error16,2626,2021-11-19,2021-11-29,-0.0153981603100059,2021,2020-12-31,native_mse,20260912,0.0011440904261233744,,1,0
error16,2631,2021-11-26,2021-12-06,0.0185518287306458,2021,2020-12-31,native_mse,20260912,0.0008222023383696463,,1,1
error16,2636,2021-12-03,2021-12-13,0.0367843110096284,2021,2020-12-31,native_mse,20260912,0.000663622110562264,,1,1
error16,2641,2021-12-10,2021-12-20,-0.0304615698955996,2021,2020-12-31,native_mse,20260912,0.0012207854253852776,,1,0
error16,2646,2021-12-17,2021-12-27,-0.0034083287233763,2021,2020-12-31,native_mse,20260912,0.0012339786672550855,,1,0
error16,2651,2021-12-24,2022-01-04,0.0080985736506613,2021,2020-12-31,native_mse,20260912,0.0010451229218044734,,1,1
error16,2656,2021-12-31,2022-01-10,-0.0293970528320001,2021,2020-12-31,native_mse,20260912,0.001214204791414166,,1,0
error16,2660,2022-01-07,2022-01-17,-0.0173453887283024,2022,2021-12-31,learned_market,20260910,0.5688001187262542,0.5688001187262542,1,0
error16,2665,2022-01-14,2022-01-24,0.0053248631776616,2022,2021-12-31,learned_market,20260910,0.6536697221556952,0.6536697221556952,1,1
error16,2670,2022-01-21,2022-02-07,-0.0242661876254222,2022,2021-12-31,learned_market,20260910,0.667180452286777,0.667180452286777,1,0
error16,2675,2022-01-28,2022-02-14,-0.0127539031341488,2022,2021-12-31,learned_market,20260910,0.6821990081341186,0.6821990081341186,1,0
error16,2680,2022-02-11,2022-02-21,0.0145498774954033,2022,2021-12-31,learned_market,20260910,0.6685932622029157,0.6685932622029157,1,1
error16,2685,2022-02-18,2022-02-28,-0.0177161244498015,2022,2021-12-31,learned_market,20260910,0.721020181747073,0.721020181747073,1,0
error16,2690,2022-02-25,2022-03-07,-0.0221791776043331,2022,2021-12-31,learned_market,20260910,0.6720256213340763,0.6720256213340763,1,0
error16,2695,2022-03-04,2022-03-14,-0.0480378799422749,2022,2021-12-31,learned_market,20260910,0.6491632424244927,0.6491632424244927,1,0
error16,2700,2022-03-11,2022-03-21,0.007530336734814,2022,2021-12-31,learned_market,20260910,0.7072260560701839,0.7072260560701839,1,1
error16,2705,2022-03-18,2022-03-28,-0.0353493110038457,2022,2021-12-31,learned_market,20260910,0.680562718896786,0.680562718896786,1,0
error16,2710,2022-03-25,2022-04-06,0.0314834190717003,2022,2021-12-31,learned_market,20260910,0.7149297850291989,0.7149297850291989,1,1
error16,2715,2022-04-01,2022-04-12,-0.0129237372705649,2022,2021-12-31,learned_market,20260910,0.699650234779605,0.699650234779605,1,0
error16,2718,2022-04-08,2022-04-18,-0.0120986062576864,2022,2021-12-31,learned_market,20260910,0.7081466712193373,0.7081466712193373,1,0
error16,2723,2022-04-15,2022-04-25,-0.0528494340140576,2022,2021-12-31,learned_market,20260910,0.6903510287050534,0.6903510287050534,1,0
error16,2728,2022-04-22,2022-05-05,0.015736821365468,2022,2021-12-31,learned_market,20260910,0.6523274039170177,0.6523274039170177,1,1
error16,2733,2022-04-29,2022-05-11,-0.0278824133054675,2022,2021-12-31,learned_market,20260910,0.6356812320546283,0.6356812320546283,1,0
error16,2735,2022-05-06,2022-05-16,0.033741423035827,2022,2021-12-31,learned_market,20260910,0.655223736292306,0.655223736292306,1,1
error16,2740,2022-05-13,2022-05-23,0.0164308841843088,2022,2021-12-31,learned_market,20260910,0.6496742007126685,0.6496742007126685,1,1
error16,2745,2022-05-20,2022-05-30,-0.0147293413085614,2022,2021-12-31,learned_market,20260910,0.5903492522212237,0.5903492522212237,1,0
error16,2750,2022-05-27,2022-06-13,0.0431748431927498,2022,2021-12-31,learned_market,20260910,0.5153438231225524,0.5153438231225524,1,1
error16,2759,2022-06-10,2022-06-20,0.0306046547112142,2022,2021-12-31,learned_market,20260910,0.5373450933252282,0.5373450933252282,1,1
error16,2764,2022-06-17,2022-06-27,0.0211666894141107,2022,2021-12-31,learned_market,20260910,0.48085394757640604,0.48085394757640604,0,1
error16,2769,2022-06-24,2022-07-04,0.0074507343130214,2022,2021-12-31,learned_market,20260910,0.48460550715379297,0.48460550715379297,0,1
error16,2660,2022-01-07,2022-01-17,-0.0173453887283024,2022,2021-12-31,learned_vol_interaction,20260910,0.5831076461801695,0.5831076461801695,1,0
error16,2665,2022-01-14,2022-01-24,0.0053248631776616,2022,2021-12-31,learned_vol_interaction,20260910,0.6744765119030697,0.6744765119030697,1,1
error16,2670,2022-01-21,2022-02-07,-0.0242661876254222,2022,2021-12-31,learned_vol_interaction,20260910,0.6652743592454685,0.6652743592454685,1,0
error16,2675,2022-01-28,2022-02-14,-0.0127539031341488,2022,2021-12-31,learned_vol_interaction,20260910,0.6916788990216658,0.6916788990216658,1,0
error16,2680,2022-02-11,2022-02-21,0.0145498774954033,2022,2021-12-31,learned_vol_interaction,20260910,0.6656475068815167,0.6656475068815167,1,1
error16,2685,2022-02-18,2022-02-28,-0.0177161244498015,2022,2021-12-31,learned_vol_interaction,20260910,0.7192657526415306,0.7192657526415306,1,0
error16,2690,2022-02-25,2022-03-07,-0.0221791776043331,2022,2021-12-31,learned_vol_interaction,20260910,0.665128795190077,0.665128795190077,1,0
error16,2695,2022-03-04,2022-03-14,-0.0480378799422749,2022,2021-12-31,learned_vol_interaction,20260910,0.6570221213989423,0.6570221213989423,1,0
error16,2700,2022-03-11,2022-03-21,0.007530336734814,2022,2021-12-31,learned_vol_interaction,20260910,0.7032750021899432,0.7032750021899432,1,1
error16,2705,2022-03-18,2022-03-28,-0.0353493110038457,2022,2021-12-31,learned_vol_interaction,20260910,0.6524086529307518,0.6524086529307518,1,0
error16,2710,2022-03-25,2022-04-06,0.0314834190717003,2022,2021-12-31,learned_vol_interaction,20260910,0.6942468524177501,0.6942468524177501,1,1
error16,2715,2022-04-01,2022-04-12,-0.0129237372705649,2022,2021-12-31,learned_vol_interaction,20260910,0.6692714430207383,0.6692714430207383,1,0
error16,2718,2022-04-08,2022-04-18,-0.0120986062576864,2022,2021-12-31,learned_vol_interaction,20260910,0.6870213134300237,0.6870213134300237,1,0
error16,2723,2022-04-15,2022-04-25,-0.0528494340140576,2022,2021-12-31,learned_vol_interaction,20260910,0.6863123370385322,0.6863123370385322,1,0
error16,2728,2022-04-22,2022-05-05,0.015736821365468,2022,2021-12-31,learned_vol_interaction,20260910,0.650740889856783,0.650740889856783,1,1
error16,2733,2022-04-29,2022-05-11,-0.0278824133054675,2022,2021-12-31,learned_vol_interaction,20260910,0.6202221031032191,0.6202221031032191,1,0
error16,2735,2022-05-06,2022-05-16,0.033741423035827,2022,2021-12-31,learned_vol_interaction,20260910,0.6392496752711616,0.6392496752711616,1,1
error16,2740,2022-05-13,2022-05-23,0.0164308841843088,2022,2021-12-31,learned_vol_interaction,20260910,0.6413212557500495,0.6413212557500495,1,1
error16,2745,2022-05-20,2022-05-30,-0.0147293413085614,2022,2021-12-31,learned_vol_interaction,20260910,0.5814333950080588,0.5814333950080588,1,0
error16,2750,2022-05-27,2022-06-13,0.0431748431927498,2022,2021-12-31,learned_vol_interaction,20260910,0.5197460553923614,0.5197460553923614,1,1
error16,2759,2022-06-10,2022-06-20,0.0306046547112142,2022,2021-12-31,learned_vol_interaction,20260910,0.5385759882805518,0.5385759882805518,1,1
error16,2764,2022-06-17,2022-06-27,0.0211666894141107,2022,2021-12-31,learned_vol_interaction,20260910,0.48255164210709656,0.48255164210709656,0,1
error16,2769,2022-06-24,2022-07-04,0.0074507343130214,2022,2021-12-31,learned_vol_interaction,20260910,0.4796566656164814,0.4796566656164814,0,1
error16,2660,2022-01-07,2022-01-17,-0.0173453887283024,2022,2021-12-31,learned_order_extension,20260910,0.566864392886939,0.566864392886939,1,0
error16,2665,2022-01-14,2022-01-24,0.0053248631776616,2022,2021-12-31,learned_order_extension,20260910,0.6690763940918765,0.6690763940918765,1,1
error16,2670,2022-01-21,2022-02-07,-0.0242661876254222,2022,2021-12-31,learned_order_extension,20260910,0.6566842946116621,0.6566842946116621,1,0
error16,2675,2022-01-28,2022-02-14,-0.0127539031341488,2022,2021-12-31,learned_order_extension,20260910,0.668769824144909,0.668769824144909,1,0
error16,2680,2022-02-11,2022-02-21,0.0145498774954033,2022,2021-12-31,learned_order_extension,20260910,0.6554002636047295,0.6554002636047295,1,1
error16,2685,2022-02-18,2022-02-28,-0.0177161244498015,2022,2021-12-31,learned_order_extension,20260910,0.7136098531605942,0.7136098531605942,1,0
error16,2690,2022-02-25,2022-03-07,-0.0221791776043331,2022,2021-12-31,learned_order_extension,20260910,0.6487731912125562,0.6487731912125562,1,0
error16,2695,2022-03-04,2022-03-14,-0.0480378799422749,2022,2021-12-31,learned_order_extension,20260910,0.6318792296674466,0.6318792296674466,1,0
error16,2700,2022-03-11,2022-03-21,0.007530336734814,2022,2021-12-31,learned_order_extension,20260910,0.6914869969738268,0.6914869969738268,1,1
error16,2705,2022-03-18,2022-03-28,-0.0353493110038457,2022,2021-12-31,learned_order_extension,20260910,0.6587542387705517,0.6587542387705517,1,0
error16,2710,2022-03-25,2022-04-06,0.0314834190717003,2022,2021-12-31,learned_order_extension,20260910,0.6972076913228429,0.6972076913228429,1,1
error16,2715,2022-04-01,2022-04-12,-0.0129237372705649,2022,2021-12-31,learned_order_extension,20260910,0.6698700948387382,0.6698700948387382,1,0
error16,2718,2022-04-08,2022-04-18,-0.0120986062576864,2022,2021-12-31,learned_order_extension,20260910,0.6806371615463094,0.6806371615463094,1,0
error16,2723,2022-04-15,2022-04-25,-0.0528494340140576,2022,2021-12-31,learned_order_extension,20260910,0.6734562693191574,0.6734562693191574,1,0
error16,2728,2022-04-22,2022-05-05,0.015736821365468,2022,2021-12-31,learned_order_extension,20260910,0.6412880357294892,0.6412880357294892,1,1
error16,2733,2022-04-29,2022-05-11,-0.0278824133054675,2022,2021-12-31,learned_order_extension,20260910,0.6287985885797217,0.6287985885797217,1,0
error16,2735,2022-05-06,2022-05-16,0.033741423035827,2022,2021-12-31,learned_order_extension,20260910,0.6540416538097915,0.6540416538097915,1,1
error16,2740,2022-05-13,2022-05-23,0.0164308841843088,2022,2021-12-31,learned_order_extension,20260910,0.6547674512326901,0.6547674512326901,1,1
error16,2745,2022-05-20,2022-05-30,-0.0147293413085614,2022,2021-12-31,learned_order_extension,20260910,0.5882230547766246,0.5882230547766246,1,0
error16,2750,2022-05-27,2022-06-13,0.0431748431927498,2022,2021-12-31,learned_order_extension,20260910,0.508142218915277,0.508142218915277,1,1
error16,2759,2022-06-10,2022-06-20,0.0306046547112142,2022,2021-12-31,learned_order_extension,20260910,0.5322541068789998,0.5322541068789998,1,1
error16,2764,2022-06-17,2022-06-27,0.0211666894141107,2022,2021-12-31,learned_order_extension,20260910,0.4859253122353308,0.4859253122353308,0,1
error16,2769,2022-06-24,2022-07-04,0.0074507343130214,2022,2021-12-31,learned_order_extension,20260910,0.4875812841679665,0.4875812841679665,0,1
error16,2660,2022-01-07,2022-01-17,-0.0173453887283024,2022,2021-12-31,learned_order_offset,20260910,0.5666647543526758,0.5666647543526758,1,0
error16,2665,2022-01-14,2022-01-24,0.0053248631776616,2022,2021-12-31,learned_order_offset,20260910,0.6685371525240916,0.6685371525240916,1,1
error16,2670,2022-01-21,2022-02-07,-0.0242661876254222,2022,2021-12-31,learned_order_offset,20260910,0.6567323025522784,0.6567323025522784,1,0
error16,2675,2022-01-28,2022-02-14,-0.0127539031341488,2022,2021-12-31,learned_order_offset,20260910,0.6683313210695451,0.6683313210695451,1,0
error16,2680,2022-02-11,2022-02-21,0.0145498774954033,2022,2021-12-31,learned_order_offset,20260910,0.6551608348224088,0.6551608348224088,1,1
error16,2685,2022-02-18,2022-02-28,-0.0177161244498015,2022,2021-12-31,learned_order_offset,20260910,0.713244067556852,0.713244067556852,1,0
error16,2690,2022-02-25,2022-03-07,-0.0221791776043331,2022,2021-12-31,learned_order_offset,20260910,0.6484724441889236,0.6484724441889236,1,0
error16,2695,2022-03-04,2022-03-14,-0.0480378799422749,2022,2021-12-31,learned_order_offset,20260910,0.6314504954417829,0.6314504954417829,1,0
error16,2700,2022-03-11,2022-03-21,0.007530336734814,2022,2021-12-31,learned_order_offset,20260910,0.691194443082509,0.691194443082509,1,1
error16,2705,2022-03-18,2022-03-28,-0.0353493110038457,2022,2021-12-31,learned_order_offset,20260910,0.6583803934930407,0.6583803934930407,1,0
error16,2710,2022-03-25,2022-04-06,0.0314834190717003,2022,2021-12-31,learned_order_offset,20260910,0.696855601595334,0.696855601595334,1,1
error16,2715,2022-04-01,2022-04-12,-0.0129237372705649,2022,2021-12-31,learned_order_offset,20260910,0.6694890325996018,0.6694890325996018,1,0
error16,2718,2022-04-08,2022-04-18,-0.0120986062576864,2022,2021-12-31,learned_order_offset,20260910,0.6803426001198963,0.6803426001198963,1,0
error16,2723,2022-04-15,2022-04-25,-0.0528494340140576,2022,2021-12-31,learned_order_offset,20260910,0.6731249980220481,0.6731249980220481,1,0
error16,2728,2022-04-22,2022-05-05,0.015736821365468,2022,2021-12-31,learned_order_offset,20260910,0.641097331377158,0.641097331377158,1,1
error16,2733,2022-04-29,2022-05-11,-0.0278824133054675,2022,2021-12-31,learned_order_offset,20260910,0.6286451625043376,0.6286451625043376,1,0
error16,2735,2022-05-06,2022-05-16,0.033741423035827,2022,2021-12-31,learned_order_offset,20260910,0.6539023380631441,0.6539023380631441,1,1
error16,2740,2022-05-13,2022-05-23,0.0164308841843088,2022,2021-12-31,learned_order_offset,20260910,0.6546369622968728,0.6546369622968728,1,1
error16,2745,2022-05-20,2022-05-30,-0.0147293413085614,2022,2021-12-31,learned_order_offset,20260910,0.5880855347067084,0.5880855347067084,1,0
error16,2750,2022-05-27,2022-06-13,0.0431748431927498,2022,2021-12-31,learned_order_offset,20260910,0.5080704772787945,0.5080704772787945,1,1
error16,2759,2022-06-10,2022-06-20,0.0306046547112142,2022,2021-12-31,learned_order_offset,20260910,0.5321675139264588,0.5321675139264588,1,1
error16,2764,2022-06-17,2022-06-27,0.0211666894141107,2022,2021-12-31,learned_order_offset,20260910,0.485730573138482,0.485730573138482,0,1
error16,2769,2022-06-24,2022-07-04,0.0074507343130214,2022,2021-12-31,learned_order_offset,20260910,0.48755264163513784,0.48755264163513784,0,1
error16,2660,2022-01-07,2022-01-17,-0.0173453887283024,2022,2021-12-31,native_mse,20260910,-0.0034182510339292468,,0,0
error16,2665,2022-01-14,2022-01-24,0.0053248631776616,2022,2021-12-31,native_mse,20260910,0.004761167720503064,,1,1
error16,2670,2022-01-21,2022-02-07,-0.0242661876254222,2022,2021-12-31,native_mse,20260910,0.013137367547165641,,1,0
error16,2675,2022-01-28,2022-02-14,-0.0127539031341488,2022,2021-12-31,native_mse,20260910,0.010886081661597602,,1,0
error16,2680,2022-02-11,2022-02-21,0.0145498774954033,2022,2021-12-31,native_mse,20260910,0.008879219089809445,,1,1
error16,2685,2022-02-18,2022-02-28,-0.0177161244498015,2022,2021-12-31,native_mse,20260910,0.009476567447344621,,1,0
error16,2690,2022-02-25,2022-03-07,-0.0221791776043331,2022,2021-12-31,native_mse,20260910,0.01051598647298397,,1,0
error16,2695,2022-03-04,2022-03-14,-0.0480378799422749,2022,2021-12-31,native_mse,20260910,0.007053677912636015,,1,0
error16,2700,2022-03-11,2022-03-21,0.007530336734814,2022,2021-12-31,native_mse,20260910,0.010804442451387935,,1,1
error16,2705,2022-03-18,2022-03-28,-0.0353493110038457,2022,2021-12-31,native_mse,20260910,0.0072982657258971444,,1,0
error16,2710,2022-03-25,2022-04-06,0.0314834190717003,2022,2021-12-31,native_mse,20260910,0.007546796616275884,,1,1
error16,2715,2022-04-01,2022-04-12,-0.0129237372705649,2022,2021-12-31,native_mse,20260910,0.006781430452769677,,1,0
error16,2718,2022-04-08,2022-04-18,-0.0120986062576864,2022,2021-12-31,native_mse,20260910,0.00652895075643567,,1,0
error16,2723,2022-04-15,2022-04-25,-0.0528494340140576,2022,2021-12-31,native_mse,20260910,0.006385447465197085,,1,0
error16,2728,2022-04-22,2022-05-05,0.015736821365468,2022,2021-12-31,native_mse,20260910,0.005099274511858865,,1,1
error16,2733,2022-04-29,2022-05-11,-0.0278824133054675,2022,2021-12-31,native_mse,20260910,0.004344044298975658,,1,0
error16,2735,2022-05-06,2022-05-16,0.033741423035827,2022,2021-12-31,native_mse,20260910,0.0035518248227642247,,1,1
error16,2740,2022-05-13,2022-05-23,0.0164308841843088,2022,2021-12-31,native_mse,20260910,0.002890441768532801,,1,1
error16,2745,2022-05-20,2022-05-30,-0.0147293413085614,2022,2021-12-31,native_mse,20260910,0.002556802191789734,,1,0
error16,2750,2022-05-27,2022-06-13,0.0431748431927498,2022,2021-12-31,native_mse,20260910,-0.006714076298392413,,0,1
error16,2759,2022-06-10,2022-06-20,0.0306046547112142,2022,2021-12-31,native_mse,20260910,-0.0017160693271902699,,0,1
error16,2764,2022-06-17,2022-06-27,0.0211666894141107,2022,2021-12-31,native_mse,20260910,-0.005554400786314341,,0,1
error16,2769,2022-06-24,2022-07-04,0.0074507343130214,2022,2021-12-31,native_mse,20260910,-0.006611900023593844,,0,1
error16,2660,2022-01-07,2022-01-17,-0.0173453887283024,2022,2021-12-31,training_frequency,-1,0.5458298926507019,0.5458298926507019,1,0
error16,2665,2022-01-14,2022-01-24,0.0053248631776616,2022,2021-12-31,training_frequency,-1,0.5458298926507019,0.5458298926507019,1,1
error16,2670,2022-01-21,2022-02-07,-0.0242661876254222,2022,2021-12-31,training_frequency,-1,0.5458298926507019,0.5458298926507019,1,0
error16,2675,2022-01-28,2022-02-14,-0.0127539031341488,2022,2021-12-31,training_frequency,-1,0.5458298926507019,0.5458298926507019,1,0
error16,2680,2022-02-11,2022-02-21,0.0145498774954033,2022,2021-12-31,training_frequency,-1,0.5458298926507019,0.5458298926507019,1,1
error16,2685,2022-02-18,2022-02-28,-0.0177161244498015,2022,2021-12-31,training_frequency,-1,0.5458298926507019,0.5458298926507019,1,0
error16,2690,2022-02-25,2022-03-07,-0.0221791776043331,2022,2021-12-31,training_frequency,-1,0.5458298926507019,0.5458298926507019,1,0
error16,2695,2022-03-04,2022-03-14,-0.0480378799422749,2022,2021-12-31,training_frequency,-1,0.5458298926507019,0.5458298926507019,1,0
error16,2700,2022-03-11,2022-03-21,0.007530336734814,2022,2021-12-31,training_frequency,-1,0.5458298926507019,0.5458298926507019,1,1
error16,2705,2022-03-18,2022-03-28,-0.0353493110038457,2022,2021-12-31,training_frequency,-1,0.5458298926507019,0.5458298926507019,1,0
error16,2710,2022-03-25,2022-04-06,0.0314834190717003,2022,2021-12-31,training_frequency,-1,0.5458298926507019,0.5458298926507019,1,1
error16,2715,2022-04-01,2022-04-12,-0.0129237372705649,2022,2021-12-31,training_frequency,-1,0.5458298926507019,0.5458298926507019,1,0
error16,2718,2022-04-08,2022-04-18,-0.0120986062576864,2022,2021-12-31,training_frequency,-1,0.5458298926507019,0.5458298926507019,1,0
error16,2723,2022-04-15,2022-04-25,-0.0528494340140576,2022,2021-12-31,training_frequency,-1,0.5458298926507019,0.5458298926507019,1,0
error16,2728,2022-04-22,2022-05-05,0.015736821365468,2022,2021-12-31,training_frequency,-1,0.5458298926507019,0.5458298926507019,1,1
error16,2733,2022-04-29,2022-05-11,-0.0278824133054675,2022,2021-12-31,training_frequency,-1,0.5458298926507019,0.5458298926507019,1,0
error16,2735,2022-05-06,2022-05-16,0.033741423035827,2022,2021-12-31,training_frequency,-1,0.5458298926507019,0.5458298926507019,1,1
error16,2740,2022-05-13,2022-05-23,0.0164308841843088,2022,2021-12-31,training_frequency,-1,0.5458298926507019,0.5458298926507019,1,1
error16,2745,2022-05-20,2022-05-30,-0.0147293413085614,2022,2021-12-31,training_frequency,-1,0.5458298926507019,0.5458298926507019,1,0
error16,2750,2022-05-27,2022-06-13,0.0431748431927498,2022,2021-12-31,training_frequency,-1,0.5458298926507019,0.5458298926507019,1,1
error16,2759,2022-06-10,2022-06-20,0.0306046547112142,2022,2021-12-31,training_frequency,-1,0.5458298926507019,0.5458298926507019,1,1
error16,2764,2022-06-17,2022-06-27,0.0211666894141107,2022,2021-12-31,training_frequency,-1,0.5458298926507019,0.5458298926507019,1,1
error16,2769,2022-06-24,2022-07-04,0.0074507343130214,2022,2021-12-31,training_frequency,-1,0.5458298926507019,0.5458298926507019,1,1
error16,2660,2022-01-07,2022-01-17,-0.0173453887283024,2022,2021-12-31,learned_market,20260911,0.7294539059117436,0.7294539059117436,1,0
error16,2665,2022-01-14,2022-01-24,0.0053248631776616,2022,2021-12-31,learned_market,20260911,0.8407883156513567,0.8407883156513567,1,1
error16,2670,2022-01-21,2022-02-07,-0.0242661876254222,2022,2021-12-31,learned_market,20260911,0.6706767764059957,0.6706767764059957,1,0
error16,2675,2022-01-28,2022-02-14,-0.0127539031341488,2022,2021-12-31,learned_market,20260911,0.49396242770649035,0.49396242770649035,0,0
error16,2680,2022-02-11,2022-02-21,0.0145498774954033,2022,2021-12-31,learned_market,20260911,0.6718433913580089,0.6718433913580089,1,1
error16,2685,2022-02-18,2022-02-28,-0.0177161244498015,2022,2021-12-31,learned_market,20260911,0.5840107527473801,0.5840107527473801,1,0
error16,2690,2022-02-25,2022-03-07,-0.0221791776043331,2022,2021-12-31,learned_market,20260911,0.59915482742086,0.59915482742086,1,0
error16,2695,2022-03-04,2022-03-14,-0.0480378799422749,2022,2021-12-31,learned_market,20260911,0.64751535974218,0.64751535974218,1,0
error16,2700,2022-03-11,2022-03-21,0.007530336734814,2022,2021-12-31,learned_market,20260911,0.6601858855959774,0.6601858855959774,1,1
error16,2705,2022-03-18,2022-03-28,-0.0353493110038457,2022,2021-12-31,learned_market,20260911,0.5676194322684474,0.5676194322684474,1,0
error16,2710,2022-03-25,2022-04-06,0.0314834190717003,2022,2021-12-31,learned_market,20260911,0.7331434681165004,0.7331434681165004,1,1
error16,2715,2022-04-01,2022-04-12,-0.0129237372705649,2022,2021-12-31,learned_market,20260911,0.7319064424968235,0.7319064424968235,1,0
error16,2718,2022-04-08,2022-04-18,-0.0120986062576864,2022,2021-12-31,learned_market,20260911,0.6054453974595707,0.6054453974595707,1,0
error16,2723,2022-04-15,2022-04-25,-0.0528494340140576,2022,2021-12-31,learned_market,20260911,0.780048801319433,0.780048801319433,1,0
error16,2728,2022-04-22,2022-05-05,0.015736821365468,2022,2021-12-31,learned_market,20260911,0.734465746968055,0.734465746968055,1,1
error16,2733,2022-04-29,2022-05-11,-0.0278824133054675,2022,2021-12-31,learned_market,20260911,0.5168257973739826,0.5168257973739826,1,0
error16,2735,2022-05-06,2022-05-16,0.033741423035827,2022,2021-12-31,learned_market,20260911,0.40189346381722363,0.40189346381722363,0,1
error16,2740,2022-05-13,2022-05-23,0.0164308841843088,2022,2021-12-31,learned_market,20260911,0.5083996095353812,0.5083996095353812,1,1
error16,2745,2022-05-20,2022-05-30,-0.0147293413085614,2022,2021-12-31,learned_market,20260911,0.554311952008104,0.554311952008104,1,0
error16,2750,2022-05-27,2022-06-13,0.0431748431927498,2022,2021-12-31,learned_market,20260911,0.6026682500069707,0.6026682500069707,1,1
error16,2759,2022-06-10,2022-06-20,0.0306046547112142,2022,2021-12-31,learned_market,20260911,0.32881944420528136,0.32881944420528136,0,1
error16,2764,2022-06-17,2022-06-27,0.0211666894141107,2022,2021-12-31,learned_market,20260911,0.35966324404140343,0.35966324404140343,0,1
error16,2769,2022-06-24,2022-07-04,0.0074507343130214,2022,2021-12-31,learned_market,20260911,0.46809827445499036,0.46809827445499036,0,1
error16,2660,2022-01-07,2022-01-17,-0.0173453887283024,2022,2021-12-31,learned_vol_interaction,20260911,0.7282516722944598,0.7282516722944598,1,0
error16,2665,2022-01-14,2022-01-24,0.0053248631776616,2022,2021-12-31,learned_vol_interaction,20260911,0.8368717958263094,0.8368717958263094,1,1
error16,2670,2022-01-21,2022-02-07,-0.0242661876254222,2022,2021-12-31,learned_vol_interaction,20260911,0.669613908132946,0.669613908132946,1,0
error16,2675,2022-01-28,2022-02-14,-0.0127539031341488,2022,2021-12-31,learned_vol_interaction,20260911,0.49771804856397844,0.49771804856397844,0,0
error16,2680,2022-02-11,2022-02-21,0.0145498774954033,2022,2021-12-31,learned_vol_interaction,20260911,0.6694625883349451,0.6694625883349451,1,1
error16,2685,2022-02-18,2022-02-28,-0.0177161244498015,2022,2021-12-31,learned_vol_interaction,20260911,0.5867879452577756,0.5867879452577756,1,0
error16,2690,2022-02-25,2022-03-07,-0.0221791776043331,2022,2021-12-31,learned_vol_interaction,20260911,0.6015705830845076,0.6015705830845076,1,0
error16,2695,2022-03-04,2022-03-14,-0.0480378799422749,2022,2021-12-31,learned_vol_interaction,20260911,0.6516108393132726,0.6516108393132726,1,0
error16,2700,2022-03-11,2022-03-21,0.007530336734814,2022,2021-12-31,learned_vol_interaction,20260911,0.6653311044961694,0.6653311044961694,1,1
error16,2705,2022-03-18,2022-03-28,-0.0353493110038457,2022,2021-12-31,learned_vol_interaction,20260911,0.567250973729041,0.567250973729041,1,0
error16,2710,2022-03-25,2022-04-06,0.0314834190717003,2022,2021-12-31,learned_vol_interaction,20260911,0.7397988804119464,0.7397988804119464,1,1
error16,2715,2022-04-01,2022-04-12,-0.0129237372705649,2022,2021-12-31,learned_vol_interaction,20260911,0.7431810041436555,0.7431810041436555,1,0
error16,2718,2022-04-08,2022-04-18,-0.0120986062576864,2022,2021-12-31,learned_vol_interaction,20260911,0.601115184023622,0.601115184023622,1,0
error16,2723,2022-04-15,2022-04-25,-0.0528494340140576,2022,2021-12-31,learned_vol_interaction,20260911,0.7843896219441964,0.7843896219441964,1,0
error16,2728,2022-04-22,2022-05-05,0.015736821365468,2022,2021-12-31,learned_vol_interaction,20260911,0.7408337892127695,0.7408337892127695,1,1
error16,2733,2022-04-29,2022-05-11,-0.0278824133054675,2022,2021-12-31,learned_vol_interaction,20260911,0.5124458489532762,0.5124458489532762,1,0
error16,2735,2022-05-06,2022-05-16,0.033741423035827,2022,2021-12-31,learned_vol_interaction,20260911,0.38434598170774237,0.38434598170774237,0,1
error16,2740,2022-05-13,2022-05-23,0.0164308841843088,2022,2021-12-31,learned_vol_interaction,20260911,0.4962015474558973,0.4962015474558973,0,1
error16,2745,2022-05-20,2022-05-30,-0.0147293413085614,2022,2021-12-31,learned_vol_interaction,20260911,0.5536729513391327,0.5536729513391327,1,0
error16,2750,2022-05-27,2022-06-13,0.0431748431927498,2022,2021-12-31,learned_vol_interaction,20260911,0.6054554975797125,0.6054554975797125,1,1
error16,2759,2022-06-10,2022-06-20,0.0306046547112142,2022,2021-12-31,learned_vol_interaction,20260911,0.33012579252956525,0.33012579252956525,0,1
error16,2764,2022-06-17,2022-06-27,0.0211666894141107,2022,2021-12-31,learned_vol_interaction,20260911,0.36375167025478616,0.36375167025478616,0,1
error16,2769,2022-06-24,2022-07-04,0.0074507343130214,2022,2021-12-31,learned_vol_interaction,20260911,0.47411451496984686,0.47411451496984686,0,1
error16,2660,2022-01-07,2022-01-17,-0.0173453887283024,2022,2021-12-31,learned_order_extension,20260911,0.7315565762281606,0.7315565762281606,1,0
error16,2665,2022-01-14,2022-01-24,0.0053248631776616,2022,2021-12-31,learned_order_extension,20260911,0.8308708352808971,0.8308708352808971,1,1
error16,2670,2022-01-21,2022-02-07,-0.0242661876254222,2022,2021-12-31,learned_order_extension,20260911,0.6953405747399578,0.6953405747399578,1,0
error16,2675,2022-01-28,2022-02-14,-0.0127539031341488,2022,2021-12-31,learned_order_extension,20260911,0.47011278529334005,0.47011278529334005,0,0
error16,2680,2022-02-11,2022-02-21,0.0145498774954033,2022,2021-12-31,learned_order_extension,20260911,0.6818533435255958,0.6818533435255958,1,1
error16,2685,2022-02-18,2022-02-28,-0.0177161244498015,2022,2021-12-31,learned_order_extension,20260911,0.5955146443753425,0.5955146443753425,1,0
error16,2690,2022-02-25,2022-03-07,-0.0221791776043331,2022,2021-12-31,learned_order_extension,20260911,0.609831009331646,0.609831009331646,1,0
error16,2695,2022-03-04,2022-03-14,-0.0480378799422749,2022,2021-12-31,learned_order_extension,20260911,0.6608881864634962,0.6608881864634962,1,0
error16,2700,2022-03-11,2022-03-21,0.007530336734814,2022,2021-12-31,learned_order_extension,20260911,0.667203580437131,0.667203580437131,1,1
error16,2705,2022-03-18,2022-03-28,-0.0353493110038457,2022,2021-12-31,learned_order_extension,20260911,0.5665388063290007,0.5665388063290007,1,0
error16,2710,2022-03-25,2022-04-06,0.0314834190717003,2022,2021-12-31,learned_order_extension,20260911,0.7315317518580224,0.7315317518580224,1,1
error16,2715,2022-04-01,2022-04-12,-0.0129237372705649,2022,2021-12-31,learned_order_extension,20260911,0.7324552613785594,0.7324552613785594,1,0
error16,2718,2022-04-08,2022-04-18,-0.0120986062576864,2022,2021-12-31,learned_order_extension,20260911,0.5757660544472725,0.5757660544472725,1,0
error16,2723,2022-04-15,2022-04-25,-0.0528494340140576,2022,2021-12-31,learned_order_extension,20260911,0.7914821695285316,0.7914821695285316,1,0
error16,2728,2022-04-22,2022-05-05,0.015736821365468,2022,2021-12-31,learned_order_extension,20260911,0.7445035554337466,0.7445035554337466,1,1
error16,2733,2022-04-29,2022-05-11,-0.0278824133054675,2022,2021-12-31,learned_order_extension,20260911,0.512691847329782,0.512691847329782,1,0
error16,2735,2022-05-06,2022-05-16,0.033741423035827,2022,2021-12-31,learned_order_extension,20260911,0.39192947263156325,0.39192947263156325,0,1
error16,2740,2022-05-13,2022-05-23,0.0164308841843088,2022,2021-12-31,learned_order_extension,20260911,0.4923475901483292,0.4923475901483292,0,1
error16,2745,2022-05-20,2022-05-30,-0.0147293413085614,2022,2021-12-31,learned_order_extension,20260911,0.5453859955701774,0.5453859955701774,1,0
error16,2750,2022-05-27,2022-06-13,0.0431748431927498,2022,2021-12-31,learned_order_extension,20260911,0.606543809827078,0.606543809827078,1,1
error16,2759,2022-06-10,2022-06-20,0.0306046547112142,2022,2021-12-31,learned_order_extension,20260911,0.3194430778691506,0.3194430778691506,0,1
error16,2764,2022-06-17,2022-06-27,0.0211666894141107,2022,2021-12-31,learned_order_extension,20260911,0.33808664733638566,0.33808664733638566,0,1
error16,2769,2022-06-24,2022-07-04,0.0074507343130214,2022,2021-12-31,learned_order_extension,20260911,0.4651372063002809,0.4651372063002809,0,1
error16,2660,2022-01-07,2022-01-17,-0.0173453887283024,2022,2021-12-31,learned_order_offset,20260911,0.7303915631000331,0.7303915631000331,1,0
error16,2665,2022-01-14,2022-01-24,0.0053248631776616,2022,2021-12-31,learned_order_offset,20260911,0.8287429062191539,0.8287429062191539,1,1
error16,2670,2022-01-21,2022-02-07,-0.0242661876254222,2022,2021-12-31,learned_order_offset,20260911,0.6946014374965778,0.6946014374965778,1,0
error16,2675,2022-01-28,2022-02-14,-0.0127539031341488,2022,2021-12-31,learned_order_offset,20260911,0.47036190476294487,0.47036190476294487,0,0
error16,2680,2022-02-11,2022-02-21,0.0145498774954033,2022,2021-12-31,learned_order_offset,20260911,0.6802368405234962,0.6802368405234962,1,1
error16,2685,2022-02-18,2022-02-28,-0.0177161244498015,2022,2021-12-31,learned_order_offset,20260911,0.596796587857382,0.596796587857382,1,0
error16,2690,2022-02-25,2022-03-07,-0.0221791776043331,2022,2021-12-31,learned_order_offset,20260911,0.6102898323949857,0.6102898323949857,1,0
error16,2695,2022-03-04,2022-03-14,-0.0480378799422749,2022,2021-12-31,learned_order_offset,20260911,0.6602950267381666,0.6602950267381666,1,0
error16,2700,2022-03-11,2022-03-21,0.007530336734814,2022,2021-12-31,learned_order_offset,20260911,0.6664417620027226,0.6664417620027226,1,1
error16,2705,2022-03-18,2022-03-28,-0.0353493110038457,2022,2021-12-31,learned_order_offset,20260911,0.5665934515797131,0.5665934515797131,1,0
error16,2710,2022-03-25,2022-04-06,0.0314834190717003,2022,2021-12-31,learned_order_offset,20260911,0.7312694881776368,0.7312694881776368,1,1
error16,2715,2022-04-01,2022-04-12,-0.0129237372705649,2022,2021-12-31,learned_order_offset,20260911,0.7324670213429436,0.7324670213429436,1,0
error16,2718,2022-04-08,2022-04-18,-0.0120986062576864,2022,2021-12-31,learned_order_offset,20260911,0.5743123235952446,0.5743123235952446,1,0
error16,2723,2022-04-15,2022-04-25,-0.0528494340140576,2022,2021-12-31,learned_order_offset,20260911,0.789920397567569,0.789920397567569,1,0
error16,2728,2022-04-22,2022-05-05,0.015736821365468,2022,2021-12-31,learned_order_offset,20260911,0.7438162541041152,0.7438162541041152,1,1
error16,2733,2022-04-29,2022-05-11,-0.0278824133054675,2022,2021-12-31,learned_order_offset,20260911,0.5113015107739602,0.5113015107739602,1,0
error16,2735,2022-05-06,2022-05-16,0.033741423035827,2022,2021-12-31,learned_order_offset,20260911,0.3890720337526808,0.3890720337526808,0,1
error16,2740,2022-05-13,2022-05-23,0.0164308841843088,2022,2021-12-31,learned_order_offset,20260911,0.4890167561559044,0.4890167561559044,0,1
error16,2745,2022-05-20,2022-05-30,-0.0147293413085614,2022,2021-12-31,learned_order_offset,20260911,0.5443348672271099,0.5443348672271099,1,0
error16,2750,2022-05-27,2022-06-13,0.0431748431927498,2022,2021-12-31,learned_order_offset,20260911,0.6058889369805722,0.6058889369805722,1,1
error16,2759,2022-06-10,2022-06-20,0.0306046547112142,2022,2021-12-31,learned_order_offset,20260911,0.3203786258296504,0.3203786258296504,0,1
error16,2764,2022-06-17,2022-06-27,0.0211666894141107,2022,2021-12-31,learned_order_offset,20260911,0.3393918095171554,0.3393918095171554,0,1
error16,2769,2022-06-24,2022-07-04,0.0074507343130214,2022,2021-12-31,learned_order_offset,20260911,0.4655557857250781,0.4655557857250781,0,1
error16,2660,2022-01-07,2022-01-17,-0.0173453887283024,2022,2021-12-31,native_mse,20260911,0.007330315708159769,,1,0
error16,2665,2022-01-14,2022-01-24,0.0053248631776616,2022,2021-12-31,native_mse,20260911,0.015471274729398543,,1,1
error16,2670,2022-01-21,2022-02-07,-0.0242661876254222,2022,2021-12-31,native_mse,20260911,0.009873111042602054,,1,0
error16,2675,2022-01-28,2022-02-14,-0.0127539031341488,2022,2021-12-31,native_mse,20260911,0.0025503118790792955,,1,0
error16,2680,2022-02-11,2022-02-21,0.0145498774954033,2022,2021-12-31,native_mse,20260911,0.0063949393307865515,,1,1
error16,2685,2022-02-18,2022-02-28,-0.0177161244498015,2022,2021-12-31,native_mse,20260911,0.004306186298337274,,1,0
error16,2690,2022-02-25,2022-03-07,-0.0221791776043331,2022,2021-12-31,native_mse,20260911,0.00884306439536679,,1,0
error16,2695,2022-03-04,2022-03-14,-0.0480378799422749,2022,2021-12-31,native_mse,20260911,0.008878575004775912,,1,0
error16,2700,2022-03-11,2022-03-21,0.007530336734814,2022,2021-12-31,native_mse,20260911,0.008804997087552644,,1,1
error16,2705,2022-03-18,2022-03-28,-0.0353493110038457,2022,2021-12-31,native_mse,20260911,0.0029149751065889705,,1,0
error16,2710,2022-03-25,2022-04-06,0.0314834190717003,2022,2021-12-31,native_mse,20260911,0.009608904415587632,,1,1
error16,2715,2022-04-01,2022-04-12,-0.0129237372705649,2022,2021-12-31,native_mse,20260911,0.013290024702572031,,1,0
error16,2718,2022-04-08,2022-04-18,-0.0120986062576864,2022,2021-12-31,native_mse,20260911,0.0032429576095984285,,1,0
error16,2723,2022-04-15,2022-04-25,-0.0528494340140576,2022,2021-12-31,native_mse,20260911,0.016983479995433693,,1,0
error16,2728,2022-04-22,2022-05-05,0.015736821365468,2022,2021-12-31,native_mse,20260911,0.011987542362233185,,1,1
error16,2733,2022-04-29,2022-05-11,-0.0278824133054675,2022,2021-12-31,native_mse,20260911,0.0046606294840712235,,1,0
error16,2735,2022-05-06,2022-05-16,0.033741423035827,2022,2021-12-31,native_mse,20260911,-0.002196005566182584,,0,1
error16,2740,2022-05-13,2022-05-23,0.0164308841843088,2022,2021-12-31,native_mse,20260911,0.0038854901281264037,,1,1
error16,2745,2022-05-20,2022-05-30,-0.0147293413085614,2022,2021-12-31,native_mse,20260911,0.005767086549547615,,1,0
error16,2750,2022-05-27,2022-06-13,0.0431748431927498,2022,2021-12-31,native_mse,20260911,0.001263767062796844,,1,1
error16,2759,2022-06-10,2022-06-20,0.0306046547112142,2022,2021-12-31,native_mse,20260911,-0.0024637080117748144,,0,1
error16,2764,2022-06-17,2022-06-27,0.0211666894141107,2022,2021-12-31,native_mse,20260911,-0.0034192691302211337,,0,1
error16,2769,2022-06-24,2022-07-04,0.0074507343130214,2022,2021-12-31,native_mse,20260911,0.0007173637240202417,,1,1
error16,2660,2022-01-07,2022-01-17,-0.0173453887283024,2022,2021-12-31,learned_market,20260912,0.7009067848418016,0.7009067848418016,1,0
error16,2665,2022-01-14,2022-01-24,0.0053248631776616,2022,2021-12-31,learned_market,20260912,0.5203651032719439,0.5203651032719439,1,1
error16,2670,2022-01-21,2022-02-07,-0.0242661876254222,2022,2021-12-31,learned_market,20260912,0.7176249995689795,0.7176249995689795,1,0
error16,2675,2022-01-28,2022-02-14,-0.0127539031341488,2022,2021-12-31,learned_market,20260912,0.5468589290358572,0.5468589290358572,1,0
error16,2680,2022-02-11,2022-02-21,0.0145498774954033,2022,2021-12-31,learned_market,20260912,0.6301827176961465,0.6301827176961465,1,1
error16,2685,2022-02-18,2022-02-28,-0.0177161244498015,2022,2021-12-31,learned_market,20260912,0.7133251277073638,0.7133251277073638,1,0
error16,2690,2022-02-25,2022-03-07,-0.0221791776043331,2022,2021-12-31,learned_market,20260912,0.7021196640037924,0.7021196640037924,1,0
error16,2695,2022-03-04,2022-03-14,-0.0480378799422749,2022,2021-12-31,learned_market,20260912,0.719986373445646,0.719986373445646,1,0
error16,2700,2022-03-11,2022-03-21,0.007530336734814,2022,2021-12-31,learned_market,20260912,0.6467498960464059,0.6467498960464059,1,1
error16,2705,2022-03-18,2022-03-28,-0.0353493110038457,2022,2021-12-31,learned_market,20260912,0.6307138428823564,0.6307138428823564,1,0
error16,2710,2022-03-25,2022-04-06,0.0314834190717003,2022,2021-12-31,learned_market,20260912,0.5581715372656506,0.5581715372656506,1,1
error16,2715,2022-04-01,2022-04-12,-0.0129237372705649,2022,2021-12-31,learned_market,20260912,0.5905723686816398,0.5905723686816398,1,0
error16,2718,2022-04-08,2022-04-18,-0.0120986062576864,2022,2021-12-31,learned_market,20260912,0.5651619134469777,0.5651619134469777,1,0
error16,2723,2022-04-15,2022-04-25,-0.0528494340140576,2022,2021-12-31,learned_market,20260912,0.5782075738978683,0.5782075738978683,1,0
error16,2728,2022-04-22,2022-05-05,0.015736821365468,2022,2021-12-31,learned_market,20260912,0.5086735366407256,0.5086735366407256,1,1
error16,2733,2022-04-29,2022-05-11,-0.0278824133054675,2022,2021-12-31,learned_market,20260912,0.354488852979164,0.354488852979164,0,0
error16,2735,2022-05-06,2022-05-16,0.033741423035827,2022,2021-12-31,learned_market,20260912,0.43196496938917867,0.43196496938917867,0,1
error16,2740,2022-05-13,2022-05-23,0.0164308841843088,2022,2021-12-31,learned_market,20260912,0.4392929502217229,0.4392929502217229,0,1
error16,2745,2022-05-20,2022-05-30,-0.0147293413085614,2022,2021-12-31,learned_market,20260912,0.4708416760329488,0.4708416760329488,0,0
error16,2750,2022-05-27,2022-06-13,0.0431748431927498,2022,2021-12-31,learned_market,20260912,0.4574571545139993,0.4574571545139993,0,1
error16,2759,2022-06-10,2022-06-20,0.0306046547112142,2022,2021-12-31,learned_market,20260912,0.3474663460356004,0.3474663460356004,0,1
error16,2764,2022-06-17,2022-06-27,0.0211666894141107,2022,2021-12-31,learned_market,20260912,0.3212471828605167,0.3212471828605167,0,1
error16,2769,2022-06-24,2022-07-04,0.0074507343130214,2022,2021-12-31,learned_market,20260912,0.4025755619428385,0.4025755619428385,0,1
error16,2660,2022-01-07,2022-01-17,-0.0173453887283024,2022,2021-12-31,learned_vol_interaction,20260912,0.7072606777672634,0.7072606777672634,1,0
error16,2665,2022-01-14,2022-01-24,0.0053248631776616,2022,2021-12-31,learned_vol_interaction,20260912,0.5232340507750105,0.5232340507750105,1,1
error16,2670,2022-01-21,2022-02-07,-0.0242661876254222,2022,2021-12-31,learned_vol_interaction,20260912,0.723517227135196,0.723517227135196,1,0
error16,2675,2022-01-28,2022-02-14,-0.0127539031341488,2022,2021-12-31,learned_vol_interaction,20260912,0.5573504263949657,0.5573504263949657,1,0
error16,2680,2022-02-11,2022-02-21,0.0145498774954033,2022,2021-12-31,learned_vol_interaction,20260912,0.6206875889696911,0.6206875889696911,1,1
error16,2685,2022-02-18,2022-02-28,-0.0177161244498015,2022,2021-12-31,learned_vol_interaction,20260912,0.7137718136904925,0.7137718136904925,1,0
error16,2690,2022-02-25,2022-03-07,-0.0221791776043331,2022,2021-12-31,learned_vol_interaction,20260912,0.6900080859244496,0.6900080859244496,1,0
error16,2695,2022-03-04,2022-03-14,-0.0480378799422749,2022,2021-12-31,learned_vol_interaction,20260912,0.7251850433232085,0.7251850433232085,1,0
error16,2700,2022-03-11,2022-03-21,0.007530336734814,2022,2021-12-31,learned_vol_interaction,20260912,0.6323197465308961,0.6323197465308961,1,1
error16,2705,2022-03-18,2022-03-28,-0.0353493110038457,2022,2021-12-31,learned_vol_interaction,20260912,0.5933343778810724,0.5933343778810724,1,0
error16,2710,2022-03-25,2022-04-06,0.0314834190717003,2022,2021-12-31,learned_vol_interaction,20260912,0.5562710543563346,0.5562710543563346,1,1
error16,2715,2022-04-01,2022-04-12,-0.0129237372705649,2022,2021-12-31,learned_vol_interaction,20260912,0.5637358072675225,0.5637358072675225,1,0
error16,2718,2022-04-08,2022-04-18,-0.0120986062576864,2022,2021-12-31,learned_vol_interaction,20260912,0.5628559944649006,0.5628559944649006,1,0
error16,2723,2022-04-15,2022-04-25,-0.0528494340140576,2022,2021-12-31,learned_vol_interaction,20260912,0.5747919255172403,0.5747919255172403,1,0
error16,2728,2022-04-22,2022-05-05,0.015736821365468,2022,2021-12-31,learned_vol_interaction,20260912,0.5170916019143975,0.5170916019143975,1,1
error16,2733,2022-04-29,2022-05-11,-0.0278824133054675,2022,2021-12-31,learned_vol_interaction,20260912,0.40387814010224393,0.40387814010224393,0,0
error16,2735,2022-05-06,2022-05-16,0.033741423035827,2022,2021-12-31,learned_vol_interaction,20260912,0.4773185927787562,0.4773185927787562,0,1
error16,2740,2022-05-13,2022-05-23,0.0164308841843088,2022,2021-12-31,learned_vol_interaction,20260912,0.4698933454358381,0.4698933454358381,0,1
error16,2745,2022-05-20,2022-05-30,-0.0147293413085614,2022,2021-12-31,learned_vol_interaction,20260912,0.4802495124922596,0.4802495124922596,0,0
error16,2750,2022-05-27,2022-06-13,0.0431748431927498,2022,2021-12-31,learned_vol_interaction,20260912,0.4601952965187793,0.4601952965187793,0,1
error16,2759,2022-06-10,2022-06-20,0.0306046547112142,2022,2021-12-31,learned_vol_interaction,20260912,0.32387572436005274,0.32387572436005274,0,1
error16,2764,2022-06-17,2022-06-27,0.0211666894141107,2022,2021-12-31,learned_vol_interaction,20260912,0.2947636043884615,0.2947636043884615,0,1
error16,2769,2022-06-24,2022-07-04,0.0074507343130214,2022,2021-12-31,learned_vol_interaction,20260912,0.374996784204944,0.374996784204944,0,1
error16,2660,2022-01-07,2022-01-17,-0.0173453887283024,2022,2021-12-31,learned_order_extension,20260912,0.7021249449389755,0.7021249449389755,1,0
error16,2665,2022-01-14,2022-01-24,0.0053248631776616,2022,2021-12-31,learned_order_extension,20260912,0.519422850065438,0.519422850065438,1,1
error16,2670,2022-01-21,2022-02-07,-0.0242661876254222,2022,2021-12-31,learned_order_extension,20260912,0.7149761694840576,0.7149761694840576,1,0
error16,2675,2022-01-28,2022-02-14,-0.0127539031341488,2022,2021-12-31,learned_order_extension,20260912,0.5563462821352916,0.5563462821352916,1,0
error16,2680,2022-02-11,2022-02-21,0.0145498774954033,2022,2021-12-31,learned_order_extension,20260912,0.6112227291481532,0.6112227291481532,1,1
error16,2685,2022-02-18,2022-02-28,-0.0177161244498015,2022,2021-12-31,learned_order_extension,20260912,0.7082710857336353,0.7082710857336353,1,0
error16,2690,2022-02-25,2022-03-07,-0.0221791776043331,2022,2021-12-31,learned_order_extension,20260912,0.672646545498505,0.672646545498505,1,0
error16,2695,2022-03-04,2022-03-14,-0.0480378799422749,2022,2021-12-31,learned_order_extension,20260912,0.7063888110552541,0.7063888110552541,1,0
error16,2700,2022-03-11,2022-03-21,0.007530336734814,2022,2021-12-31,learned_order_extension,20260912,0.6284040084971629,0.6284040084971629,1,1
error16,2705,2022-03-18,2022-03-28,-0.0353493110038457,2022,2021-12-31,learned_order_extension,20260912,0.5929220651203073,0.5929220651203073,1,0
error16,2710,2022-03-25,2022-04-06,0.0314834190717003,2022,2021-12-31,learned_order_extension,20260912,0.560900893741765,0.560900893741765,1,1
error16,2715,2022-04-01,2022-04-12,-0.0129237372705649,2022,2021-12-31,learned_order_extension,20260912,0.5663838497464478,0.5663838497464478,1,0
error16,2718,2022-04-08,2022-04-18,-0.0120986062576864,2022,2021-12-31,learned_order_extension,20260912,0.5658097590213205,0.5658097590213205,1,0
error16,2723,2022-04-15,2022-04-25,-0.0528494340140576,2022,2021-12-31,learned_order_extension,20260912,0.5761777041401651,0.5761777041401651,1,0
error16,2728,2022-04-22,2022-05-05,0.015736821365468,2022,2021-12-31,learned_order_extension,20260912,0.5221611817410305,0.5221611817410305,1,1
error16,2733,2022-04-29,2022-05-11,-0.0278824133054675,2022,2021-12-31,learned_order_extension,20260912,0.4014543582757582,0.4014543582757582,0,0
error16,2735,2022-05-06,2022-05-16,0.033741423035827,2022,2021-12-31,learned_order_extension,20260912,0.47602162546573495,0.47602162546573495,0,1
error16,2740,2022-05-13,2022-05-23,0.0164308841843088,2022,2021-12-31,learned_order_extension,20260912,0.4674156580741896,0.4674156580741896,0,1
error16,2745,2022-05-20,2022-05-30,-0.0147293413085614,2022,2021-12-31,learned_order_extension,20260912,0.48286106588586175,0.48286106588586175,0,0
error16,2750,2022-05-27,2022-06-13,0.0431748431927498,2022,2021-12-31,learned_order_extension,20260912,0.4605980778391567,0.4605980778391567,0,1
error16,2759,2022-06-10,2022-06-20,0.0306046547112142,2022,2021-12-31,learned_order_extension,20260912,0.3307362612743242,0.3307362612743242,0,1
error16,2764,2022-06-17,2022-06-27,0.0211666894141107,2022,2021-12-31,learned_order_extension,20260912,0.312819666276213,0.312819666276213,0,1
error16,2769,2022-06-24,2022-07-04,0.0074507343130214,2022,2021-12-31,learned_order_extension,20260912,0.38479843885136705,0.38479843885136705,0,1
error16,2660,2022-01-07,2022-01-17,-0.0173453887283024,2022,2021-12-31,learned_order_offset,20260912,0.7021002597589074,0.7021002597589074,1,0
error16,2665,2022-01-14,2022-01-24,0.0053248631776616,2022,2021-12-31,learned_order_offset,20260912,0.5194500670143739,0.5194500670143739,1,1
error16,2670,2022-01-21,2022-02-07,-0.0242661876254222,2022,2021-12-31,learned_order_offset,20260912,0.7150659531425939,0.7150659531425939,1,0
error16,2675,2022-01-28,2022-02-14,-0.0127539031341488,2022,2021-12-31,learned_order_offset,20260912,0.5563566039667686,0.5563566039667686,1,0
error16,2680,2022-02-11,2022-02-21,0.0145498774954033,2022,2021-12-31,learned_order_offset,20260912,0.6110482909835675,0.6110482909835675,1,1
error16,2685,2022-02-18,2022-02-28,-0.0177161244498015,2022,2021-12-31,learned_order_offset,20260912,0.7082662053268953,0.7082662053268953,1,0
error16,2690,2022-02-25,2022-03-07,-0.0221791776043331,2022,2021-12-31,learned_order_offset,20260912,0.6726443299723985,0.6726443299723985,1,0
error16,2695,2022-03-04,2022-03-14,-0.0480378799422749,2022,2021-12-31,learned_order_offset,20260912,0.7063540116439039,0.7063540116439039,1,0
error16,2700,2022-03-11,2022-03-21,0.007530336734814,2022,2021-12-31,learned_order_offset,20260912,0.6284302090313957,0.6284302090313957,1,1
error16,2705,2022-03-18,2022-03-28,-0.0353493110038457,2022,2021-12-31,learned_order_offset,20260912,0.5930408007656572,0.5930408007656572,1,0
error16,2710,2022-03-25,2022-04-06,0.0314834190717003,2022,2021-12-31,learned_order_offset,20260912,0.5609837979969954,0.5609837979969954,1,1
error16,2715,2022-04-01,2022-04-12,-0.0129237372705649,2022,2021-12-31,learned_order_offset,20260912,0.5664637136117925,0.5664637136117925,1,0
error16,2718,2022-04-08,2022-04-18,-0.0120986062576864,2022,2021-12-31,learned_order_offset,20260912,0.5658239286779201,0.5658239286779201,1,0
error16,2723,2022-04-15,2022-04-25,-0.0528494340140576,2022,2021-12-31,learned_order_offset,20260912,0.5762053845604607,0.5762053845604607,1,0
error16,2728,2022-04-22,2022-05-05,0.015736821365468,2022,2021-12-31,learned_order_offset,20260912,0.5222181583301384,0.5222181583301384,1,1
error16,2733,2022-04-29,2022-05-11,-0.0278824133054675,2022,2021-12-31,learned_order_offset,20260912,0.40156189565790024,0.40156189565790024,0,0
error16,2735,2022-05-06,2022-05-16,0.033741423035827,2022,2021-12-31,learned_order_offset,20260912,0.4760551178307766,0.4760551178307766,0,1
error16,2740,2022-05-13,2022-05-23,0.0164308841843088,2022,2021-12-31,learned_order_offset,20260912,0.46741359959285833,0.46741359959285833,0,1
error16,2745,2022-05-20,2022-05-30,-0.0147293413085614,2022,2021-12-31,learned_order_offset,20260912,0.4829666670195881,0.4829666670195881,0,0
error16,2750,2022-05-27,2022-06-13,0.0431748431927498,2022,2021-12-31,learned_order_offset,20260912,0.4606339295692324,0.4606339295692324,0,1
error16,2759,2022-06-10,2022-06-20,0.0306046547112142,2022,2021-12-31,learned_order_offset,20260912,0.3309313135172127,0.3309313135172127,0,1
error16,2764,2022-06-17,2022-06-27,0.0211666894141107,2022,2021-12-31,learned_order_offset,20260912,0.31302829433814716,0.31302829433814716,0,1
error16,2769,2022-06-24,2022-07-04,0.0074507343130214,2022,2021-12-31,learned_order_offset,20260912,0.38491716457946495,0.38491716457946495,0,1
error16,2660,2022-01-07,2022-01-17,-0.0173453887283024,2022,2021-12-31,native_mse,20260912,0.001814179283598589,,1,0
error16,2665,2022-01-14,2022-01-24,0.0053248631776616,2022,2021-12-31,native_mse,20260912,0.0008133505012356114,,1,1
error16,2670,2022-01-21,2022-02-07,-0.0242661876254222,2022,2021-12-31,native_mse,20260912,0.003394922189452561,,1,0
error16,2675,2022-01-28,2022-02-14,-0.0127539031341488,2022,2021-12-31,native_mse,20260912,0.001858669558311765,,1,0
error16,2680,2022-02-11,2022-02-21,0.0145498774954033,2022,2021-12-31,native_mse,20260912,0.003479305001395758,,1,1
error16,2685,2022-02-18,2022-02-28,-0.0177161244498015,2022,2021-12-31,native_mse,20260912,0.00484344917433416,,1,0
error16,2690,2022-02-25,2022-03-07,-0.0221791776043331,2022,2021-12-31,native_mse,20260912,0.004930593592929232,,1,0
error16,2695,2022-03-04,2022-03-14,-0.0480378799422749,2022,2021-12-31,native_mse,20260912,0.004780982951547397,,1,0
error16,2700,2022-03-11,2022-03-21,0.007530336734814,2022,2021-12-31,native_mse,20260912,0.004193854635787947,,1,1
error16,2705,2022-03-18,2022-03-28,-0.0353493110038457,2022,2021-12-31,native_mse,20260912,0.004396502651581285,,1,0
error16,2710,2022-03-25,2022-04-06,0.0314834190717003,2022,2021-12-31,native_mse,20260912,0.0036897334948297125,,1,1
error16,2715,2022-04-01,2022-04-12,-0.0129237372705649,2022,2021-12-31,native_mse,20260912,0.003704448832752752,,1,0
error16,2718,2022-04-08,2022-04-18,-0.0120986062576864,2022,2021-12-31,native_mse,20260912,0.0033120503584409514,,1,0
error16,2723,2022-04-15,2022-04-25,-0.0528494340140576,2022,2021-12-31,native_mse,20260912,0.0030085181253416615,,1,0
error16,2728,2022-04-22,2022-05-05,0.015736821365468,2022,2021-12-31,native_mse,20260912,0.0026567146550084044,,1,1
error16,2733,2022-04-29,2022-05-11,-0.0278824133054675,2022,2021-12-31,native_mse,20260912,0.0018367479372410052,,1,0
error16,2735,2022-05-06,2022-05-16,0.033741423035827,2022,2021-12-31,native_mse,20260912,0.0020912186604119124,,1,1
error16,2740,2022-05-13,2022-05-23,0.0164308841843088,2022,2021-12-31,native_mse,20260912,0.0018493178254621319,,1,1
error16,2745,2022-05-20,2022-05-30,-0.0147293413085614,2022,2021-12-31,native_mse,20260912,0.0016372108848958446,,1,0
error16,2750,2022-05-27,2022-06-13,0.0431748431927498,2022,2021-12-31,native_mse,20260912,0.0012702553294938346,,1,1
error16,2759,2022-06-10,2022-06-20,0.0306046547112142,2022,2021-12-31,native_mse,20260912,-0.00018870985334741705,,0,1
error16,2764,2022-06-17,2022-06-27,0.0211666894141107,2022,2021-12-31,native_mse,20260912,-0.0009698518035469311,,0,1
error16,2769,2022-06-24,2022-07-04,0.0074507343130214,2022,2021-12-31,native_mse,20260912,-0.00016157705520515077,,0,1
error16,2774,2022-07-01,2022-07-11,-0.0092349827532707,2022,2022-06-30,learned_market,20260910,0.619793841204511,0.619793841204511,1,0
error16,2779,2022-07-08,2022-07-18,-0.0326815927737367,2022,2022-06-30,learned_market,20260910,0.5599817261796305,0.5599817261796305,1,0
error16,2784,2022-07-15,2022-07-25,-0.0066210715249344,2022,2022-06-30,learned_market,20260910,0.49944380380347825,0.49944380380347825,0,0
error16,2789,2022-07-22,2022-08-01,-0.0173077967751003,2022,2022-06-30,learned_market,20260910,0.5488248155062169,0.5488248155062169,1,0
error16,2794,2022-07-29,2022-08-08,-0.004456034513838,2022,2022-06-30,learned_market,20260910,0.6572863745992888,0.6572863745992888,1,0
error16,2799,2022-08-05,2022-08-15,0.0091475117753996,2022,2022-06-30,learned_market,20260910,0.6809227787719514,0.6809227787719514,1,1
error16,2804,2022-08-12,2022-08-22,-0.0107272727272728,2022,2022-06-30,learned_market,20260910,0.6431933936342776,0.6431933936342776,1,0
error16,2809,2022-08-19,2022-08-29,-0.0172375434082356,2022,2022-06-30,learned_market,20260910,0.6249896491115783,0.6249896491115783,1,0
error16,2814,2022-08-26,2022-09-05,-0.0131573766941938,2022,2022-06-30,learned_market,20260910,0.6236205762456983,0.6236205762456983,1,0
error16,2819,2022-09-02,2022-09-13,0.0253340680878015,2022,2022-06-30,learned_market,20260910,0.5516350909910994,0.5516350909910994,1,1
error16,2824,2022-09-09,2022-09-19,-0.044647264962877,2022,2022-06-30,learned_market,20260910,0.5002107054085085,0.5002107054085085,1,0
error16,2828,2022-09-16,2022-09-26,-0.025155151434928,2022,2022-06-30,learned_market,20260910,0.42376419206004523,0.42376419206004523,0,0
error16,2833,2022-09-23,2022-10-10,-0.0060162941299352,2022,2022-06-30,learned_market,20260910,0.5722218227058127,0.5722218227058127,1,0
error16,2838,2022-09-30,2022-10-17,0.0041192047412885,2022,2022-06-30,learned_market,20260910,0.5612488529037627,0.5612488529037627,1,1
error16,2774,2022-07-01,2022-07-11,-0.0092349827532707,2022,2022-06-30,learned_vol_interaction,20260910,0.6235922145607186,0.6235922145607186,1,0
error16,2779,2022-07-08,2022-07-18,-0.0326815927737367,2022,2022-06-30,learned_vol_interaction,20260910,0.5709931458567311,0.5709931458567311,1,0
error16,2784,2022-07-15,2022-07-25,-0.0066210715249344,2022,2022-06-30,learned_vol_interaction,20260910,0.5156221884290565,0.5156221884290565,1,0
error16,2789,2022-07-22,2022-08-01,-0.0173077967751003,2022,2022-06-30,learned_vol_interaction,20260910,0.5594873542121575,0.5594873542121575,1,0
error16,2794,2022-07-29,2022-08-08,-0.004456034513838,2022,2022-06-30,learned_vol_interaction,20260910,0.6564189541119424,0.6564189541119424,1,0
error16,2799,2022-08-05,2022-08-15,0.0091475117753996,2022,2022-06-30,learned_vol_interaction,20260910,0.6757802244181662,0.6757802244181662,1,1
error16,2804,2022-08-12,2022-08-22,-0.0107272727272728,2022,2022-06-30,learned_vol_interaction,20260910,0.6396073248206999,0.6396073248206999,1,0
error16,2809,2022-08-19,2022-08-29,-0.0172375434082356,2022,2022-06-30,learned_vol_interaction,20260910,0.6175623295223863,0.6175623295223863,1,0
error16,2814,2022-08-26,2022-09-05,-0.0131573766941938,2022,2022-06-30,learned_vol_interaction,20260910,0.6121768395332172,0.6121768395332172,1,0
error16,2819,2022-09-02,2022-09-13,0.0253340680878015,2022,2022-06-30,learned_vol_interaction,20260910,0.5464962899997203,0.5464962899997203,1,1
error16,2824,2022-09-09,2022-09-19,-0.044647264962877,2022,2022-06-30,learned_vol_interaction,20260910,0.5017561883115181,0.5017561883115181,1,0
error16,2828,2022-09-16,2022-09-26,-0.025155151434928,2022,2022-06-30,learned_vol_interaction,20260910,0.4362329093032947,0.4362329093032947,0,0
error16,2833,2022-09-23,2022-10-10,-0.0060162941299352,2022,2022-06-30,learned_vol_interaction,20260910,0.5701419747402517,0.5701419747402517,1,0
error16,2838,2022-09-30,2022-10-17,0.0041192047412885,2022,2022-06-30,learned_vol_interaction,20260910,0.5615917447592492,0.5615917447592492,1,1
error16,2774,2022-07-01,2022-07-11,-0.0092349827532707,2022,2022-06-30,learned_order_extension,20260910,0.6242994340075476,0.6242994340075476,1,0
error16,2779,2022-07-08,2022-07-18,-0.0326815927737367,2022,2022-06-30,learned_order_extension,20260910,0.5697509580700361,0.5697509580700361,1,0
error16,2784,2022-07-15,2022-07-25,-0.0066210715249344,2022,2022-06-30,learned_order_extension,20260910,0.5129478940116637,0.5129478940116637,1,0
error16,2789,2022-07-22,2022-08-01,-0.0173077967751003,2022,2022-06-30,learned_order_extension,20260910,0.5582494111403958,0.5582494111403958,1,0
error16,2794,2022-07-29,2022-08-08,-0.004456034513838,2022,2022-06-30,learned_order_extension,20260910,0.664899615370832,0.664899615370832,1,0
error16,2799,2022-08-05,2022-08-15,0.0091475117753996,2022,2022-06-30,learned_order_extension,20260910,0.6873638612607549,0.6873638612607549,1,1
error16,2804,2022-08-12,2022-08-22,-0.0107272727272728,2022,2022-06-30,learned_order_extension,20260910,0.6482177595775833,0.6482177595775833,1,0
error16,2809,2022-08-19,2022-08-29,-0.0172375434082356,2022,2022-06-30,learned_order_extension,20260910,0.6266576032554213,0.6266576032554213,1,0
error16,2814,2022-08-26,2022-09-05,-0.0131573766941938,2022,2022-06-30,learned_order_extension,20260910,0.6219432702865839,0.6219432702865839,1,0
error16,2819,2022-09-02,2022-09-13,0.0253340680878015,2022,2022-06-30,learned_order_extension,20260910,0.5481795028018075,0.5481795028018075,1,1
error16,2824,2022-09-09,2022-09-19,-0.044647264962877,2022,2022-06-30,learned_order_extension,20260910,0.49769253597510466,0.49769253597510466,0,0
error16,2828,2022-09-16,2022-09-26,-0.025155151434928,2022,2022-06-30,learned_order_extension,20260910,0.4268401741911161,0.4268401741911161,0,0
error16,2833,2022-09-23,2022-10-10,-0.0060162941299352,2022,2022-06-30,learned_order_extension,20260910,0.5740181266050759,0.5740181266050759,1,0
error16,2838,2022-09-30,2022-10-17,0.0041192047412885,2022,2022-06-30,learned_order_extension,20260910,0.5637803643524656,0.5637803643524656,1,1
error16,2774,2022-07-01,2022-07-11,-0.0092349827532707,2022,2022-06-30,learned_order_offset,20260910,0.6243013099587151,0.6243013099587151,1,0
error16,2779,2022-07-08,2022-07-18,-0.0326815927737367,2022,2022-06-30,learned_order_offset,20260910,0.5697268665956132,0.5697268665956132,1,0
error16,2784,2022-07-15,2022-07-25,-0.0066210715249344,2022,2022-06-30,learned_order_offset,20260910,0.5128619346792849,0.5128619346792849,1,0
error16,2789,2022-07-22,2022-08-01,-0.0173077967751003,2022,2022-06-30,learned_order_offset,20260910,0.5582011573198974,0.5582011573198974,1,0
error16,2794,2022-07-29,2022-08-08,-0.004456034513838,2022,2022-06-30,learned_order_offset,20260910,0.6648755997805684,0.6648755997805684,1,0
error16,2799,2022-08-05,2022-08-15,0.0091475117753996,2022,2022-06-30,learned_order_offset,20260910,0.6873690500833066,0.6873690500833066,1,1
error16,2804,2022-08-12,2022-08-22,-0.0107272727272728,2022,2022-06-30,learned_order_offset,20260910,0.6482013931634264,0.6482013931634264,1,0
error16,2809,2022-08-19,2022-08-29,-0.0172375434082356,2022,2022-06-30,learned_order_offset,20260910,0.6266088323326171,0.6266088323326171,1,0
error16,2814,2022-08-26,2022-09-05,-0.0131573766941938,2022,2022-06-30,learned_order_offset,20260910,0.6219297802444276,0.6219297802444276,1,0
error16,2819,2022-09-02,2022-09-13,0.0253340680878015,2022,2022-06-30,learned_order_offset,20260910,0.5481770870452699,0.5481770870452699,1,1
error16,2824,2022-09-09,2022-09-19,-0.044647264962877,2022,2022-06-30,learned_order_offset,20260910,0.4977125338061168,0.4977125338061168,0,0
error16,2828,2022-09-16,2022-09-26,-0.025155151434928,2022,2022-06-30,learned_order_offset,20260910,0.4267887586408245,0.4267887586408245,0,0
error16,2833,2022-09-23,2022-10-10,-0.0060162941299352,2022,2022-06-30,learned_order_offset,20260910,0.5740017091389759,0.5740017091389759,1,0
error16,2838,2022-09-30,2022-10-17,0.0041192047412885,2022,2022-06-30,learned_order_offset,20260910,0.5637529625729524,0.5637529625729524,1,1
error16,2774,2022-07-01,2022-07-11,-0.0092349827532707,2022,2022-06-30,native_mse,20260910,0.001435540567402617,,1,0
error16,2779,2022-07-08,2022-07-18,-0.0326815927737367,2022,2022-06-30,native_mse,20260910,0.0014749899349747332,,1,0
error16,2784,2022-07-15,2022-07-25,-0.0066210715249344,2022,2022-06-30,native_mse,20260910,0.0008863014478238179,,1,0
error16,2789,2022-07-22,2022-08-01,-0.0173077967751003,2022,2022-06-30,native_mse,20260910,0.001250052353224537,,1,0
error16,2794,2022-07-29,2022-08-08,-0.004456034513838,2022,2022-06-30,native_mse,20260910,0.00244141428468841,,1,0
error16,2799,2022-08-05,2022-08-15,0.0091475117753996,2022,2022-06-30,native_mse,20260910,0.002497122203046454,,1,1
error16,2804,2022-08-12,2022-08-22,-0.0107272727272728,2022,2022-06-30,native_mse,20260910,0.0021144369048111712,,1,0
error16,2809,2022-08-19,2022-08-29,-0.0172375434082356,2022,2022-06-30,native_mse,20260910,0.0017112931503550496,,1,0
error16,2814,2022-08-26,2022-09-05,-0.0131573766941938,2022,2022-06-30,native_mse,20260910,0.0015414510416514164,,1,0
error16,2819,2022-09-02,2022-09-13,0.0253340680878015,2022,2022-06-30,native_mse,20260910,0.0016359672449836405,,1,1
error16,2824,2022-09-09,2022-09-19,-0.044647264962877,2022,2022-06-30,native_mse,20260910,0.0013122941092315048,,1,0
error16,2828,2022-09-16,2022-09-26,-0.025155151434928,2022,2022-06-30,native_mse,20260910,0.0008919137723466756,,1,0
error16,2833,2022-09-23,2022-10-10,-0.0060162941299352,2022,2022-06-30,native_mse,20260910,0.0018969285567368307,,1,0
error16,2838,2022-09-30,2022-10-17,0.0041192047412885,2022,2022-06-30,native_mse,20260910,0.002054243795813457,,1,1
error16,2774,2022-07-01,2022-07-11,-0.0092349827532707,2022,2022-06-30,training_frequency,-1,0.5318444995864351,0.5318444995864351,1,0
error16,2779,2022-07-08,2022-07-18,-0.0326815927737367,2022,2022-06-30,training_frequency,-1,0.5318444995864351,0.5318444995864351,1,0
error16,2784,2022-07-15,2022-07-25,-0.0066210715249344,2022,2022-06-30,training_frequency,-1,0.5318444995864351,0.5318444995864351,1,0
error16,2789,2022-07-22,2022-08-01,-0.0173077967751003,2022,2022-06-30,training_frequency,-1,0.5318444995864351,0.5318444995864351,1,0
error16,2794,2022-07-29,2022-08-08,-0.004456034513838,2022,2022-06-30,training_frequency,-1,0.5318444995864351,0.5318444995864351,1,0
error16,2799,2022-08-05,2022-08-15,0.0091475117753996,2022,2022-06-30,training_frequency,-1,0.5318444995864351,0.5318444995864351,1,1
error16,2804,2022-08-12,2022-08-22,-0.0107272727272728,2022,2022-06-30,training_frequency,-1,0.5318444995864351,0.5318444995864351,1,0
error16,2809,2022-08-19,2022-08-29,-0.0172375434082356,2022,2022-06-30,training_frequency,-1,0.5318444995864351,0.5318444995864351,1,0
error16,2814,2022-08-26,2022-09-05,-0.0131573766941938,2022,2022-06-30,training_frequency,-1,0.5318444995864351,0.5318444995864351,1,0
error16,2819,2022-09-02,2022-09-13,0.0253340680878015,2022,2022-06-30,training_frequency,-1,0.5318444995864351,0.5318444995864351,1,1
error16,2824,2022-09-09,2022-09-19,-0.044647264962877,2022,2022-06-30,training_frequency,-1,0.5318444995864351,0.5318444995864351,1,0
error16,2828,2022-09-16,2022-09-26,-0.025155151434928,2022,2022-06-30,training_frequency,-1,0.5318444995864351,0.5318444995864351,1,0
error16,2833,2022-09-23,2022-10-10,-0.0060162941299352,2022,2022-06-30,training_frequency,-1,0.5318444995864351,0.5318444995864351,1,0
error16,2838,2022-09-30,2022-10-17,0.0041192047412885,2022,2022-06-30,training_frequency,-1,0.5318444995864351,0.5318444995864351,1,1
error16,2774,2022-07-01,2022-07-11,-0.0092349827532707,2022,2022-06-30,learned_market,20260911,0.48905480753781355,0.48905480753781355,0,0
error16,2779,2022-07-08,2022-07-18,-0.0326815927737367,2022,2022-06-30,learned_market,20260911,0.4597188832683581,0.4597188832683581,0,0
error16,2784,2022-07-15,2022-07-25,-0.0066210715249344,2022,2022-06-30,learned_market,20260911,0.5411675778297973,0.5411675778297973,1,0
error16,2789,2022-07-22,2022-08-01,-0.0173077967751003,2022,2022-06-30,learned_market,20260911,0.5098933031840579,0.5098933031840579,1,0
error16,2794,2022-07-29,2022-08-08,-0.004456034513838,2022,2022-06-30,learned_market,20260911,0.4982082380990237,0.4982082380990237,0,0
error16,2799,2022-08-05,2022-08-15,0.0091475117753996,2022,2022-06-30,learned_market,20260911,0.6981491103496951,0.6981491103496951,1,1
error16,2804,2022-08-12,2022-08-22,-0.0107272727272728,2022,2022-06-30,learned_market,20260911,0.5254997585448639,0.5254997585448639,1,0
error16,2809,2022-08-19,2022-08-29,-0.0172375434082356,2022,2022-06-30,learned_market,20260911,0.6179693676599638,0.6179693676599638,1,0
error16,2814,2022-08-26,2022-09-05,-0.0131573766941938,2022,2022-06-30,learned_market,20260911,0.6972812754525025,0.6972812754525025,1,0
error16,2819,2022-09-02,2022-09-13,0.0253340680878015,2022,2022-06-30,learned_market,20260911,0.6088004238052147,0.6088004238052147,1,1
error16,2824,2022-09-09,2022-09-19,-0.044647264962877,2022,2022-06-30,learned_market,20260911,0.5373671757943848,0.5373671757943848,1,0
error16,2828,2022-09-16,2022-09-26,-0.025155151434928,2022,2022-06-30,learned_market,20260911,0.5155563449700131,0.5155563449700131,1,0
error16,2833,2022-09-23,2022-10-10,-0.0060162941299352,2022,2022-06-30,learned_market,20260911,0.5997574623781897,0.5997574623781897,1,0
error16,2838,2022-09-30,2022-10-17,0.0041192047412885,2022,2022-06-30,learned_market,20260911,0.511398354675144,0.511398354675144,1,1
error16,2774,2022-07-01,2022-07-11,-0.0092349827532707,2022,2022-06-30,learned_vol_interaction,20260911,0.5055538727983303,0.5055538727983303,1,0
error16,2779,2022-07-08,2022-07-18,-0.0326815927737367,2022,2022-06-30,learned_vol_interaction,20260911,0.4931756756562518,0.4931756756562518,0,0
error16,2784,2022-07-15,2022-07-25,-0.0066210715249344,2022,2022-06-30,learned_vol_interaction,20260911,0.5706671000697786,0.5706671000697786,1,0
error16,2789,2022-07-22,2022-08-01,-0.0173077967751003,2022,2022-06-30,learned_vol_interaction,20260911,0.5403580906145617,0.5403580906145617,1,0
error16,2794,2022-07-29,2022-08-08,-0.004456034513838,2022,2022-06-30,learned_vol_interaction,20260911,0.5225782399109293,0.5225782399109293,1,0
error16,2799,2022-08-05,2022-08-15,0.0091475117753996,2022,2022-06-30,learned_vol_interaction,20260911,0.6844509158691552,0.6844509158691552,1,1
error16,2804,2022-08-12,2022-08-22,-0.0107272727272728,2022,2022-06-30,learned_vol_interaction,20260911,0.5295744235121421,0.5295744235121421,1,0
error16,2809,2022-08-19,2022-08-29,-0.0172375434082356,2022,2022-06-30,learned_vol_interaction,20260911,0.6220125668956018,0.6220125668956018,1,0
error16,2814,2022-08-26,2022-09-05,-0.0131573766941938,2022,2022-06-30,learned_vol_interaction,20260911,0.6902288182928159,0.6902288182928159,1,0
error16,2819,2022-09-02,2022-09-13,0.0253340680878015,2022,2022-06-30,learned_vol_interaction,20260911,0.608305704610598,0.608305704610598,1,1
error16,2824,2022-09-09,2022-09-19,-0.044647264962877,2022,2022-06-30,learned_vol_interaction,20260911,0.5449528462896989,0.5449528462896989,1,0
error16,2828,2022-09-16,2022-09-26,-0.025155151434928,2022,2022-06-30,learned_vol_interaction,20260911,0.5289431668794489,0.5289431668794489,1,0
error16,2833,2022-09-23,2022-10-10,-0.0060162941299352,2022,2022-06-30,learned_vol_interaction,20260911,0.5956842907536017,0.5956842907536017,1,0
error16,2838,2022-09-30,2022-10-17,0.0041192047412885,2022,2022-06-30,learned_vol_interaction,20260911,0.5188524254369121,0.5188524254369121,1,1
error16,2774,2022-07-01,2022-07-11,-0.0092349827532707,2022,2022-06-30,learned_order_extension,20260911,0.4866070602260097,0.4866070602260097,0,0
error16,2779,2022-07-08,2022-07-18,-0.0326815927737367,2022,2022-06-30,learned_order_extension,20260911,0.4043044822538486,0.4043044822538486,0,0
error16,2784,2022-07-15,2022-07-25,-0.0066210715249344,2022,2022-06-30,learned_order_extension,20260911,0.5073951093679718,0.5073951093679718,1,0
error16,2789,2022-07-22,2022-08-01,-0.0173077967751003,2022,2022-06-30,learned_order_extension,20260911,0.4544137731848558,0.4544137731848558,0,0
error16,2794,2022-07-29,2022-08-08,-0.004456034513838,2022,2022-06-30,learned_order_extension,20260911,0.40152540168340867,0.40152540168340867,0,0
error16,2799,2022-08-05,2022-08-15,0.0091475117753996,2022,2022-06-30,learned_order_extension,20260911,0.9189283458516447,0.9189283458516447,1,1
error16,2804,2022-08-12,2022-08-22,-0.0107272727272728,2022,2022-06-30,learned_order_extension,20260911,0.511018975719948,0.511018975719948,1,0
error16,2809,2022-08-19,2022-08-29,-0.0172375434082356,2022,2022-06-30,learned_order_extension,20260911,0.829253354852496,0.829253354852496,1,0
error16,2814,2022-08-26,2022-09-05,-0.0131573766941938,2022,2022-06-30,learned_order_extension,20260911,0.9403702651709104,0.9403702651709104,1,0
error16,2819,2022-09-02,2022-09-13,0.0253340680878015,2022,2022-06-30,learned_order_extension,20260911,0.6991728959088623,0.6991728959088623,1,1
error16,2824,2022-09-09,2022-09-19,-0.044647264962877,2022,2022-06-30,learned_order_extension,20260911,0.501578012817659,0.501578012817659,1,0
error16,2828,2022-09-16,2022-09-26,-0.025155151434928,2022,2022-06-30,learned_order_extension,20260911,0.3973300964108831,0.3973300964108831,0,0
error16,2833,2022-09-23,2022-10-10,-0.0060162941299352,2022,2022-06-30,learned_order_extension,20260911,0.5758208460328876,0.5758208460328876,1,0
error16,2838,2022-09-30,2022-10-17,0.0041192047412885,2022,2022-06-30,learned_order_extension,20260911,0.3241621658987564,0.3241621658987564,0,1
error16,2774,2022-07-01,2022-07-11,-0.0092349827532707,2022,2022-06-30,learned_order_offset,20260911,0.48794420484495,0.48794420484495,0,0
error16,2779,2022-07-08,2022-07-18,-0.0326815927737367,2022,2022-06-30,learned_order_offset,20260911,0.41372864346177246,0.41372864346177246,0,0
error16,2784,2022-07-15,2022-07-25,-0.0066210715249344,2022,2022-06-30,learned_order_offset,20260911,0.5143185311942342,0.5143185311942342,1,0
error16,2789,2022-07-22,2022-08-01,-0.0173077967751003,2022,2022-06-30,learned_order_offset,20260911,0.46349301919489877,0.46349301919489877,0,0
error16,2794,2022-07-29,2022-08-08,-0.004456034513838,2022,2022-06-30,learned_order_offset,20260911,0.4094771091181965,0.4094771091181965,0,0
error16,2799,2022-08-05,2022-08-15,0.0091475117753996,2022,2022-06-30,learned_order_offset,20260911,0.9164016957718013,0.9164016957718013,1,1
error16,2804,2022-08-12,2022-08-22,-0.0107272727272728,2022,2022-06-30,learned_order_offset,20260911,0.5123873279731895,0.5123873279731895,1,0
error16,2809,2022-08-19,2022-08-29,-0.0172375434082356,2022,2022-06-30,learned_order_offset,20260911,0.8273611060478465,0.8273611060478465,1,0
error16,2814,2022-08-26,2022-09-05,-0.0131573766941938,2022,2022-06-30,learned_order_offset,20260911,0.9385764074278214,0.9385764074278214,1,0
error16,2819,2022-09-02,2022-09-13,0.0253340680878015,2022,2022-06-30,learned_order_offset,20260911,0.69852440992871,0.69852440992871,1,1
error16,2824,2022-09-09,2022-09-19,-0.044647264962877,2022,2022-06-30,learned_order_offset,20260911,0.5035993210563164,0.5035993210563164,1,0
error16,2828,2022-09-16,2022-09-26,-0.025155151434928,2022,2022-06-30,learned_order_offset,20260911,0.3997594060579617,0.3997594060579617,0,0
error16,2833,2022-09-23,2022-10-10,-0.0060162941299352,2022,2022-06-30,learned_order_offset,20260911,0.5754485753085669,0.5754485753085669,1,0
error16,2838,2022-09-30,2022-10-17,0.0041192047412885,2022,2022-06-30,learned_order_offset,20260911,0.32848126541170686,0.32848126541170686,0,1
error16,2774,2022-07-01,2022-07-11,-0.0092349827532707,2022,2022-06-30,native_mse,20260911,-0.0010934857669890323,,0,0
error16,2779,2022-07-08,2022-07-18,-0.0326815927737367,2022,2022-06-30,native_mse,20260911,-0.0029274270356391408,,0,0
error16,2784,2022-07-15,2022-07-25,-0.0066210715249344,2022,2022-06-30,native_mse,20260911,-0.0007754364292441379,,0,0
error16,2789,2022-07-22,2022-08-01,-0.0173077967751003,2022,2022-06-30,native_mse,20260911,-0.0013567276625698888,,0,0
error16,2794,2022-07-29,2022-08-08,-0.004456034513838,2022,2022-06-30,native_mse,20260911,-0.006212022931480951,,0,0
error16,2799,2022-08-05,2022-08-15,0.0091475117753996,2022,2022-06-30,native_mse,20260911,0.010750943449500186,,1,1
error16,2804,2022-08-12,2022-08-22,-0.0107272727272728,2022,2022-06-30,native_mse,20260911,-2.3874337030699907e-05,,0,0
error16,2809,2022-08-19,2022-08-29,-0.0172375434082356,2022,2022-06-30,native_mse,20260911,0.007494473905294387,,1,0
error16,2814,2022-08-26,2022-09-05,-0.0131573766941938,2022,2022-06-30,native_mse,20260911,0.011520015909334418,,1,0
error16,2819,2022-09-02,2022-09-13,0.0253340680878015,2022,2022-06-30,native_mse,20260911,0.0023735226666316426,,1,1
error16,2824,2022-09-09,2022-09-19,-0.044647264962877,2022,2022-06-30,native_mse,20260911,-0.0003801498760634418,,0,0
error16,2828,2022-09-16,2022-09-26,-0.025155151434928,2022,2022-06-30,native_mse,20260911,-0.00097779802706551,,0,0
error16,2833,2022-09-23,2022-10-10,-0.0060162941299352,2022,2022-06-30,native_mse,20260911,3.778186008426051e-05,,1,0
error16,2838,2022-09-30,2022-10-17,0.0041192047412885,2022,2022-06-30,native_mse,20260911,-0.0009600467825933835,,0,1
error16,2774,2022-07-01,2022-07-11,-0.0092349827532707,2022,2022-06-30,learned_market,20260912,0.4843600038497579,0.4843600038497579,0,0
error16,2779,2022-07-08,2022-07-18,-0.0326815927737367,2022,2022-06-30,learned_market,20260912,0.6393285597581414,0.6393285597581414,1,0
error16,2784,2022-07-15,2022-07-25,-0.0066210715249344,2022,2022-06-30,learned_market,20260912,0.522577660058269,0.522577660058269,1,0
error16,2789,2022-07-22,2022-08-01,-0.0173077967751003,2022,2022-06-30,learned_market,20260912,0.7405992087946358,0.7405992087946358,1,0
error16,2794,2022-07-29,2022-08-08,-0.004456034513838,2022,2022-06-30,learned_market,20260912,0.8292595216185289,0.8292595216185289,1,0
error16,2799,2022-08-05,2022-08-15,0.0091475117753996,2022,2022-06-30,learned_market,20260912,0.7498122862058896,0.7498122862058896,1,1
error16,2804,2022-08-12,2022-08-22,-0.0107272727272728,2022,2022-06-30,learned_market,20260912,0.6629800708810126,0.6629800708810126,1,0
error16,2809,2022-08-19,2022-08-29,-0.0172375434082356,2022,2022-06-30,learned_market,20260912,0.4327288898152756,0.4327288898152756,0,0
error16,2814,2022-08-26,2022-09-05,-0.0131573766941938,2022,2022-06-30,learned_market,20260912,0.4810724493070587,0.4810724493070587,0,0
error16,2819,2022-09-02,2022-09-13,0.0253340680878015,2022,2022-06-30,learned_market,20260912,0.4722043533847743,0.4722043533847743,0,1
error16,2824,2022-09-09,2022-09-19,-0.044647264962877,2022,2022-06-30,learned_market,20260912,0.537909641441008,0.537909641441008,1,0
error16,2828,2022-09-16,2022-09-26,-0.025155151434928,2022,2022-06-30,learned_market,20260912,0.4146078516856466,0.4146078516856466,0,0
error16,2833,2022-09-23,2022-10-10,-0.0060162941299352,2022,2022-06-30,learned_market,20260912,0.7780322425427436,0.7780322425427436,1,0
error16,2838,2022-09-30,2022-10-17,0.0041192047412885,2022,2022-06-30,learned_market,20260912,0.666504954022878,0.666504954022878,1,1
error16,2774,2022-07-01,2022-07-11,-0.0092349827532707,2022,2022-06-30,learned_vol_interaction,20260912,0.5091374418034451,0.5091374418034451,1,0
error16,2779,2022-07-08,2022-07-18,-0.0326815927737367,2022,2022-06-30,learned_vol_interaction,20260912,0.6486169716571992,0.6486169716571992,1,0
error16,2784,2022-07-15,2022-07-25,-0.0066210715249344,2022,2022-06-30,learned_vol_interaction,20260912,0.5297294516128532,0.5297294516128532,1,0
error16,2789,2022-07-22,2022-08-01,-0.0173077967751003,2022,2022-06-30,learned_vol_interaction,20260912,0.7267561645043217,0.7267561645043217,1,0
error16,2794,2022-07-29,2022-08-08,-0.004456034513838,2022,2022-06-30,learned_vol_interaction,20260912,0.8081076476325271,0.8081076476325271,1,0
error16,2799,2022-08-05,2022-08-15,0.0091475117753996,2022,2022-06-30,learned_vol_interaction,20260912,0.740946467894361,0.740946467894361,1,1
error16,2804,2022-08-12,2022-08-22,-0.0107272727272728,2022,2022-06-30,learned_vol_interaction,20260912,0.6542582293469414,0.6542582293469414,1,0
error16,2809,2022-08-19,2022-08-29,-0.0172375434082356,2022,2022-06-30,learned_vol_interaction,20260912,0.43317124707238497,0.43317124707238497,0,0
error16,2814,2022-08-26,2022-09-05,-0.0131573766941938,2022,2022-06-30,learned_vol_interaction,20260912,0.48332762966355997,0.48332762966355997,0,0
error16,2819,2022-09-02,2022-09-13,0.0253340680878015,2022,2022-06-30,learned_vol_interaction,20260912,0.48696654383493054,0.48696654383493054,0,1
error16,2824,2022-09-09,2022-09-19,-0.044647264962877,2022,2022-06-30,learned_vol_interaction,20260912,0.5396945708396798,0.5396945708396798,1,0
error16,2828,2022-09-16,2022-09-26,-0.025155151434928,2022,2022-06-30,learned_vol_interaction,20260912,0.42998743285842295,0.42998743285842295,0,0
error16,2833,2022-09-23,2022-10-10,-0.0060162941299352,2022,2022-06-30,learned_vol_interaction,20260912,0.7603857944390613,0.7603857944390613,1,0
error16,2838,2022-09-30,2022-10-17,0.0041192047412885,2022,2022-06-30,learned_vol_interaction,20260912,0.6660030321463589,0.6660030321463589,1,1
error16,2774,2022-07-01,2022-07-11,-0.0092349827532707,2022,2022-06-30,learned_order_extension,20260912,0.5085890441748564,0.5085890441748564,1,0
error16,2779,2022-07-08,2022-07-18,-0.0326815927737367,2022,2022-06-30,learned_order_extension,20260912,0.657097276492001,0.657097276492001,1,0
error16,2784,2022-07-15,2022-07-25,-0.0066210715249344,2022,2022-06-30,learned_order_extension,20260912,0.5258273615139288,0.5258273615139288,1,0
error16,2789,2022-07-22,2022-08-01,-0.0173077967751003,2022,2022-06-30,learned_order_extension,20260912,0.751636310006206,0.751636310006206,1,0
error16,2794,2022-07-29,2022-08-08,-0.004456034513838,2022,2022-06-30,learned_order_extension,20260912,0.860139511294122,0.860139511294122,1,0
error16,2799,2022-08-05,2022-08-15,0.0091475117753996,2022,2022-06-30,learned_order_extension,20260912,0.7890471543673158,0.7890471543673158,1,1
error16,2804,2022-08-12,2022-08-22,-0.0107272727272728,2022,2022-06-30,learned_order_extension,20260912,0.6880623264448874,0.6880623264448874,1,0
error16,2809,2022-08-19,2022-08-29,-0.0172375434082356,2022,2022-06-30,learned_order_extension,20260912,0.4109975190457418,0.4109975190457418,0,0
error16,2814,2022-08-26,2022-09-05,-0.0131573766941938,2022,2022-06-30,learned_order_extension,20260912,0.4607588300074731,0.4607588300074731,0,0
error16,2819,2022-09-02,2022-09-13,0.0253340680878015,2022,2022-06-30,learned_order_extension,20260912,0.4517462697002862,0.4517462697002862,0,1
error16,2824,2022-09-09,2022-09-19,-0.044647264962877,2022,2022-06-30,learned_order_extension,20260912,0.5315374555837298,0.5315374555837298,1,0
error16,2828,2022-09-16,2022-09-26,-0.025155151434928,2022,2022-06-30,learned_order_extension,20260912,0.38424207894461015,0.38424207894461015,0,0
error16,2833,2022-09-23,2022-10-10,-0.0060162941299352,2022,2022-06-30,learned_order_extension,20260912,0.7980231291957786,0.7980231291957786,1,0
error16,2838,2022-09-30,2022-10-17,0.0041192047412885,2022,2022-06-30,learned_order_extension,20260912,0.6746456739294456,0.6746456739294456,1,1
error16,2774,2022-07-01,2022-07-11,-0.0092349827532707,2022,2022-06-30,learned_order_offset,20260912,0.5084421700928562,0.5084421700928562,1,0
error16,2779,2022-07-08,2022-07-18,-0.0326815927737367,2022,2022-06-30,learned_order_offset,20260912,0.6565708054216706,0.6565708054216706,1,0
error16,2784,2022-07-15,2022-07-25,-0.0066210715249344,2022,2022-06-30,learned_order_offset,20260912,0.5257424791248194,0.5257424791248194,1,0
error16,2789,2022-07-22,2022-08-01,-0.0173077967751003,2022,2022-06-30,learned_order_offset,20260912,0.7502412008222793,0.7502412008222793,1,0
error16,2794,2022-07-29,2022-08-08,-0.004456034513838,2022,2022-06-30,learned_order_offset,20260912,0.859347060480515,0.859347060480515,1,0
error16,2799,2022-08-05,2022-08-15,0.0091475117753996,2022,2022-06-30,learned_order_offset,20260912,0.7883967679410188,0.7883967679410188,1,1
error16,2804,2022-08-12,2022-08-22,-0.0107272727272728,2022,2022-06-30,learned_order_offset,20260912,0.6874994446386715,0.6874994446386715,1,0
error16,2809,2022-08-19,2022-08-29,-0.0172375434082356,2022,2022-06-30,learned_order_offset,20260912,0.4116588935286602,0.4116588935286602,0,0
error16,2814,2022-08-26,2022-09-05,-0.0131573766941938,2022,2022-06-30,learned_order_offset,20260912,0.46115188746889224,0.46115188746889224,0,0
error16,2819,2022-09-02,2022-09-13,0.0253340680878015,2022,2022-06-30,learned_order_offset,20260912,0.4528492479073054,0.4528492479073054,0,1
error16,2824,2022-09-09,2022-09-19,-0.044647264962877,2022,2022-06-30,learned_order_offset,20260912,0.5319226914583202,0.5319226914583202,1,0
error16,2828,2022-09-16,2022-09-26,-0.025155151434928,2022,2022-06-30,learned_order_offset,20260912,0.3862570966168958,0.3862570966168958,0,0
error16,2833,2022-09-23,2022-10-10,-0.0060162941299352,2022,2022-06-30,learned_order_offset,20260912,0.7978187597733133,0.7978187597733133,1,0
error16,2838,2022-09-30,2022-10-17,0.0041192047412885,2022,2022-06-30,learned_order_offset,20260912,0.6754814028330591,0.6754814028330591,1,1
error16,2774,2022-07-01,2022-07-11,-0.0092349827532707,2022,2022-06-30,native_mse,20260912,0.00011747517049843343,,1,0
error16,2779,2022-07-08,2022-07-18,-0.0326815927737367,2022,2022-06-30,native_mse,20260912,0.0009725437700674167,,1,0
error16,2784,2022-07-15,2022-07-25,-0.0066210715249344,2022,2022-06-30,native_mse,20260912,0.0004629350736235458,,1,0
error16,2789,2022-07-22,2022-08-01,-0.0173077967751003,2022,2022-06-30,native_mse,20260912,0.0007703318183163482,,1,0
error16,2794,2022-07-29,2022-08-08,-0.004456034513838,2022,2022-06-30,native_mse,20260912,0.0012785434024942127,,1,0
error16,2799,2022-08-05,2022-08-15,0.0091475117753996,2022,2022-06-30,native_mse,20260912,0.001819318459690643,,1,1
error16,2804,2022-08-12,2022-08-22,-0.0107272727272728,2022,2022-06-30,native_mse,20260912,-0.0004477237913480133,,0,0
error16,2809,2022-08-19,2022-08-29,-0.0172375434082356,2022,2022-06-30,native_mse,20260912,-0.0010018413569017387,,0,0
error16,2814,2022-08-26,2022-09-05,-0.0131573766941938,2022,2022-06-30,native_mse,20260912,2.8517757604707523e-05,,1,0
error16,2819,2022-09-02,2022-09-13,0.0253340680878015,2022,2022-06-30,native_mse,20260912,0.0002477101744319314,,1,1
error16,2824,2022-09-09,2022-09-19,-0.044647264962877,2022,2022-06-30,native_mse,20260912,0.0014895575727095788,,1,0
error16,2828,2022-09-16,2022-09-26,-0.025155151434928,2022,2022-06-30,native_mse,20260912,0.0007430945887672534,,1,0
error16,2833,2022-09-23,2022-10-10,-0.0060162941299352,2022,2022-06-30,native_mse,20260912,0.0011026983667612247,,1,0
error16,2838,2022-09-30,2022-10-17,0.0041192047412885,2022,2022-06-30,native_mse,20260912,0.0004289301595704083,,1,1
error16,2902,2023-01-06,2023-01-16,0.0198447929614133,2023,2022-12-31,learned_market,20260910,0.2720748657753032,0.2720748657753032,0,1
error16,2907,2023-01-13,2023-01-30,0.0465290788350809,2023,2022-12-31,learned_market,20260910,0.47236248212800225,0.47236248212800225,0,1
error16,2912,2023-01-20,2023-02-06,-0.0383797057844887,2023,2022-12-31,learned_market,20260910,0.406664897579608,0.406664897579608,0,0
error16,2917,2023-02-03,2023-02-13,-0.0012061903149008,2023,2022-12-31,learned_market,20260910,0.7077615943567296,0.7077615943567296,1,0
error16,2922,2023-02-10,2023-02-20,-0.0143746584432821,2023,2022-12-31,learned_market,20260910,0.3396729663973045,0.3396729663973045,0,0
error16,2927,2023-02-17,2023-02-27,0.0001237636016198,2023,2022-12-31,learned_market,20260910,0.3940367299508906,0.3940367299508906,0,1
error16,2932,2023-02-24,2023-03-06,0.0224454641303217,2023,2022-12-31,learned_market,20260910,0.6368517662464305,0.6368517662464305,1,1
error16,2937,2023-03-03,2023-03-13,-0.0407900947678007,2023,2022-12-31,learned_market,20260910,0.7365179717700991,0.7365179717700991,1,0
error16,2942,2023-03-10,2023-03-20,5.0471402903706775e-06,2023,2022-12-31,learned_market,20260910,0.5813776336748179,0.5813776336748179,1,1
error16,2947,2023-03-17,2023-03-27,0.015302852124583,2023,2022-12-31,learned_market,20260910,0.42485803758448765,0.42485803758448765,0,1
error16,2952,2023-03-24,2023-04-03,0.0090274153058433,2023,2022-12-31,learned_market,20260910,0.37090574302943613,0.37090574302943613,0,1
error16,2957,2023-03-31,2023-04-10,0.0178317182396383,2023,2022-12-31,learned_market,20260910,0.3924154635264961,0.3924154635264961,0,1
error16,2961,2023-04-07,2023-04-17,-0.0101500238382772,2023,2022-12-31,learned_market,20260910,0.595589872428567,0.595589872428567,1,0
error16,2966,2023-04-14,2023-04-24,-0.014368947230732,2023,2022-12-31,learned_market,20260910,0.3348532730298861,0.3348532730298861,0,0
error16,2971,2023-04-21,2023-05-04,-0.0044228908788729,2023,2022-12-31,learned_market,20260910,0.4942947568375473,0.4942947568375473,0,0
error16,2976,2023-04-28,2023-05-10,0.0036477163153083,2023,2022-12-31,learned_market,20260910,0.3714756111943182,0.3714756111943182,0,1
error16,2978,2023-05-05,2023-05-15,-0.0221642407977935,2023,2022-12-31,learned_market,20260910,0.4497529451200874,0.4497529451200874,0,0
error16,2983,2023-05-12,2023-05-22,0.0005509250208819,2023,2022-12-31,learned_market,20260910,0.33357360179734663,0.33357360179734663,0,1
error16,2988,2023-05-19,2023-05-29,-0.0200253742704897,2023,2022-12-31,learned_market,20260910,0.5625170222669913,0.5625170222669913,1,0
error16,2993,2023-05-26,2023-06-05,-0.0003935703040848,2023,2022-12-31,learned_market,20260910,0.516241495805648,0.516241495805648,1,0
error16,2998,2023-06-02,2023-06-12,-0.0086075595250429,2023,2022-12-31,learned_market,20260910,0.4611271604446467,0.4611271604446467,0,0
error16,3003,2023-06-09,2023-06-19,0.0338878539347273,2023,2022-12-31,learned_market,20260910,0.3966512245556026,0.3966512245556026,0,1
error16,3008,2023-06-16,2023-07-03,-0.026216632171098,2023,2022-12-31,learned_market,20260910,0.4023630749492596,0.4023630749492596,0,0
error16,3016,2023-06-30,2023-07-10,-0.0030441518806006,2023,2022-12-31,learned_market,20260910,0.4213657002217921,0.4213657002217921,0,0
error16,2902,2023-01-06,2023-01-16,0.0198447929614133,2023,2022-12-31,learned_vol_interaction,20260910,0.2579229355480302,0.2579229355480302,0,1
error16,2907,2023-01-13,2023-01-30,0.0465290788350809,2023,2022-12-31,learned_vol_interaction,20260910,0.46834593067568,0.46834593067568,0,1
error16,2912,2023-01-20,2023-02-06,-0.0383797057844887,2023,2022-12-31,learned_vol_interaction,20260910,0.3968582316115995,0.3968582316115995,0,0
error16,2917,2023-02-03,2023-02-13,-0.0012061903149008,2023,2022-12-31,learned_vol_interaction,20260910,0.7386639107975522,0.7386639107975522,1,0
error16,2922,2023-02-10,2023-02-20,-0.0143746584432821,2023,2022-12-31,learned_vol_interaction,20260910,0.3303769483660095,0.3303769483660095,0,0
error16,2927,2023-02-17,2023-02-27,0.0001237636016198,2023,2022-12-31,learned_vol_interaction,20260910,0.37895686267521006,0.37895686267521006,0,1
error16,2932,2023-02-24,2023-03-06,0.0224454641303217,2023,2022-12-31,learned_vol_interaction,20260910,0.6474147480213357,0.6474147480213357,1,1
error16,2937,2023-03-03,2023-03-13,-0.0407900947678007,2023,2022-12-31,learned_vol_interaction,20260910,0.7530412308563522,0.7530412308563522,1,0
error16,2942,2023-03-10,2023-03-20,5.0471402903706775e-06,2023,2022-12-31,learned_vol_interaction,20260910,0.5873882519994295,0.5873882519994295,1,1
error16,2947,2023-03-17,2023-03-27,0.015302852124583,2023,2022-12-31,learned_vol_interaction,20260910,0.41458186592231894,0.41458186592231894,0,1
error16,2952,2023-03-24,2023-04-03,0.0090274153058433,2023,2022-12-31,learned_vol_interaction,20260910,0.35652402288788393,0.35652402288788393,0,1
error16,2957,2023-03-31,2023-04-10,0.0178317182396383,2023,2022-12-31,learned_vol_interaction,20260910,0.3863632737017367,0.3863632737017367,0,1
error16,2961,2023-04-07,2023-04-17,-0.0101500238382772,2023,2022-12-31,learned_vol_interaction,20260910,0.6043529683218729,0.6043529683218729,1,0
error16,2966,2023-04-14,2023-04-24,-0.014368947230732,2023,2022-12-31,learned_vol_interaction,20260910,0.3144567628179821,0.3144567628179821,0,0
error16,2971,2023-04-21,2023-05-04,-0.0044228908788729,2023,2022-12-31,learned_vol_interaction,20260910,0.4875429689874716,0.4875429689874716,0,0
error16,2976,2023-04-28,2023-05-10,0.0036477163153083,2023,2022-12-31,learned_vol_interaction,20260910,0.3596297147597128,0.3596297147597128,0,1
error16,2978,2023-05-05,2023-05-15,-0.0221642407977935,2023,2022-12-31,learned_vol_interaction,20260910,0.44140831433605277,0.44140831433605277,0,0
error16,2983,2023-05-12,2023-05-22,0.0005509250208819,2023,2022-12-31,learned_vol_interaction,20260910,0.3241710306632204,0.3241710306632204,0,1
error16,2988,2023-05-19,2023-05-29,-0.0200253742704897,2023,2022-12-31,learned_vol_interaction,20260910,0.5771140415412856,0.5771140415412856,1,0
error16,2993,2023-05-26,2023-06-05,-0.0003935703040848,2023,2022-12-31,learned_vol_interaction,20260910,0.5170651713386136,0.5170651713386136,1,0
error16,2998,2023-06-02,2023-06-12,-0.0086075595250429,2023,2022-12-31,learned_vol_interaction,20260910,0.45864589830252817,0.45864589830252817,0,0
error16,3003,2023-06-09,2023-06-19,0.0338878539347273,2023,2022-12-31,learned_vol_interaction,20260910,0.3918169460644426,0.3918169460644426,0,1
error16,3008,2023-06-16,2023-07-03,-0.026216632171098,2023,2022-12-31,learned_vol_interaction,20260910,0.39897150529552516,0.39897150529552516,0,0
error16,3016,2023-06-30,2023-07-10,-0.0030441518806006,2023,2022-12-31,learned_vol_interaction,20260910,0.4213702849064111,0.4213702849064111,0,0
error16,2902,2023-01-06,2023-01-16,0.0198447929614133,2023,2022-12-31,learned_order_extension,20260910,0.2943161630816726,0.2943161630816726,0,1
error16,2907,2023-01-13,2023-01-30,0.0465290788350809,2023,2022-12-31,learned_order_extension,20260910,0.46027187341536235,0.46027187341536235,0,1
error16,2912,2023-01-20,2023-02-06,-0.0383797057844887,2023,2022-12-31,learned_order_extension,20260910,0.3872152058090037,0.3872152058090037,0,0
error16,2917,2023-02-03,2023-02-13,-0.0012061903149008,2023,2022-12-31,learned_order_extension,20260910,0.7087431108814826,0.7087431108814826,1,0
error16,2922,2023-02-10,2023-02-20,-0.0143746584432821,2023,2022-12-31,learned_order_extension,20260910,0.33420380659580207,0.33420380659580207,0,0
error16,2927,2023-02-17,2023-02-27,0.0001237636016198,2023,2022-12-31,learned_order_extension,20260910,0.37695809393703467,0.37695809393703467,0,1
error16,2932,2023-02-24,2023-03-06,0.0224454641303217,2023,2022-12-31,learned_order_extension,20260910,0.6504979423759706,0.6504979423759706,1,1
error16,2937,2023-03-03,2023-03-13,-0.0407900947678007,2023,2022-12-31,learned_order_extension,20260910,0.7451391997229981,0.7451391997229981,1,0
error16,2942,2023-03-10,2023-03-20,5.0471402903706775e-06,2023,2022-12-31,learned_order_extension,20260910,0.5807717243209339,0.5807717243209339,1,1
error16,2947,2023-03-17,2023-03-27,0.015302852124583,2023,2022-12-31,learned_order_extension,20260910,0.4261400351912486,0.4261400351912486,0,1
error16,2952,2023-03-24,2023-04-03,0.0090274153058433,2023,2022-12-31,learned_order_extension,20260910,0.35549705087245137,0.35549705087245137,0,1
error16,2957,2023-03-31,2023-04-10,0.0178317182396383,2023,2022-12-31,learned_order_extension,20260910,0.38561638910546875,0.38561638910546875,0,1
error16,2961,2023-04-07,2023-04-17,-0.0101500238382772,2023,2022-12-31,learned_order_extension,20260910,0.5803253034213908,0.5803253034213908,1,0
error16,2966,2023-04-14,2023-04-24,-0.014368947230732,2023,2022-12-31,learned_order_extension,20260910,0.3132796546081912,0.3132796546081912,0,0
error16,2971,2023-04-21,2023-05-04,-0.0044228908788729,2023,2022-12-31,learned_order_extension,20260910,0.5129717529119044,0.5129717529119044,1,0
error16,2976,2023-04-28,2023-05-10,0.0036477163153083,2023,2022-12-31,learned_order_extension,20260910,0.3973579997453356,0.3973579997453356,0,1
error16,2978,2023-05-05,2023-05-15,-0.0221642407977935,2023,2022-12-31,learned_order_extension,20260910,0.4552249172640749,0.4552249172640749,0,0
error16,2983,2023-05-12,2023-05-22,0.0005509250208819,2023,2022-12-31,learned_order_extension,20260910,0.3862794729795211,0.3862794729795211,0,1
error16,2988,2023-05-19,2023-05-29,-0.0200253742704897,2023,2022-12-31,learned_order_extension,20260910,0.558285474010296,0.558285474010296,1,0
error16,2993,2023-05-26,2023-06-05,-0.0003935703040848,2023,2022-12-31,learned_order_extension,20260910,0.5195420946101187,0.5195420946101187,1,0
error16,2998,2023-06-02,2023-06-12,-0.0086075595250429,2023,2022-12-31,learned_order_extension,20260910,0.4764646687624865,0.4764646687624865,0,0
error16,3003,2023-06-09,2023-06-19,0.0338878539347273,2023,2022-12-31,learned_order_extension,20260910,0.4399504044091518,0.4399504044091518,0,1
error16,3008,2023-06-16,2023-07-03,-0.026216632171098,2023,2022-12-31,learned_order_extension,20260910,0.4403657460993596,0.4403657460993596,0,0
error16,3016,2023-06-30,2023-07-10,-0.0030441518806006,2023,2022-12-31,learned_order_extension,20260910,0.44347540699034627,0.44347540699034627,0,0
error16,2902,2023-01-06,2023-01-16,0.0198447929614133,2023,2022-12-31,learned_order_offset,20260910,0.29436491679511234,0.29436491679511234,0,1
error16,2907,2023-01-13,2023-01-30,0.0465290788350809,2023,2022-12-31,learned_order_offset,20260910,0.45922844261203544,0.45922844261203544,0,1
error16,2912,2023-01-20,2023-02-06,-0.0383797057844887,2023,2022-12-31,learned_order_offset,20260910,0.3863007910171924,0.3863007910171924,0,0
error16,2917,2023-02-03,2023-02-13,-0.0012061903149008,2023,2022-12-31,learned_order_offset,20260910,0.708109906191393,0.708109906191393,1,0
error16,2922,2023-02-10,2023-02-20,-0.0143746584432821,2023,2022-12-31,learned_order_offset,20260910,0.3342356424663725,0.3342356424663725,0,0
error16,2927,2023-02-17,2023-02-27,0.0001237636016198,2023,2022-12-31,learned_order_offset,20260910,0.3768936129162209,0.3768936129162209,0,1
error16,2932,2023-02-24,2023-03-06,0.0224454641303217,2023,2022-12-31,learned_order_offset,20260910,0.650954614063496,0.650954614063496,1,1
error16,2937,2023-03-03,2023-03-13,-0.0407900947678007,2023,2022-12-31,learned_order_offset,20260910,0.744213255918267,0.744213255918267,1,0
error16,2942,2023-03-10,2023-03-20,5.0471402903706775e-06,2023,2022-12-31,learned_order_offset,20260910,0.581402685223824,0.581402685223824,1,1
error16,2947,2023-03-17,2023-03-27,0.015302852124583,2023,2022-12-31,learned_order_offset,20260910,0.4267138677564879,0.4267138677564879,0,1
error16,2952,2023-03-24,2023-04-03,0.0090274153058433,2023,2022-12-31,learned_order_offset,20260910,0.3550974197538086,0.3550974197538086,0,1
error16,2957,2023-03-31,2023-04-10,0.0178317182396383,2023,2022-12-31,learned_order_offset,20260910,0.38476763491007665,0.38476763491007665,0,1
error16,2961,2023-04-07,2023-04-17,-0.0101500238382772,2023,2022-12-31,learned_order_offset,20260910,0.5794010068026585,0.5794010068026585,1,0
error16,2966,2023-04-14,2023-04-24,-0.014368947230732,2023,2022-12-31,learned_order_offset,20260910,0.31197453771328737,0.31197453771328737,0,0
error16,2971,2023-04-21,2023-05-04,-0.0044228908788729,2023,2022-12-31,learned_order_offset,20260910,0.5149450703710334,0.5149450703710334,1,0
error16,2976,2023-04-28,2023-05-10,0.0036477163153083,2023,2022-12-31,learned_order_offset,20260910,0.39823395699918146,0.39823395699918146,0,1
error16,2978,2023-05-05,2023-05-15,-0.0221642407977935,2023,2022-12-31,learned_order_offset,20260910,0.4559542898668919,0.4559542898668919,0,0
error16,2983,2023-05-12,2023-05-22,0.0005509250208819,2023,2022-12-31,learned_order_offset,20260910,0.38735140673750457,0.38735140673750457,0,1
error16,2988,2023-05-19,2023-05-29,-0.0200253742704897,2023,2022-12-31,learned_order_offset,20260910,0.5583236766115218,0.5583236766115218,1,0
error16,2993,2023-05-26,2023-06-05,-0.0003935703040848,2023,2022-12-31,learned_order_offset,20260910,0.5196713253356512,0.5196713253356512,1,0
error16,2998,2023-06-02,2023-06-12,-0.0086075595250429,2023,2022-12-31,learned_order_offset,20260910,0.4774002230107331,0.4774002230107331,0,0
error16,3003,2023-06-09,2023-06-19,0.0338878539347273,2023,2022-12-31,learned_order_offset,20260910,0.44203236200402185,0.44203236200402185,0,1
error16,3008,2023-06-16,2023-07-03,-0.026216632171098,2023,2022-12-31,learned_order_offset,20260910,0.44122158681927054,0.44122158681927054,0,0
error16,3016,2023-06-30,2023-07-10,-0.0030441518806006,2023,2022-12-31,learned_order_offset,20260910,0.4443353288773946,0.4443353288773946,0,0
error16,2902,2023-01-06,2023-01-16,0.0198447929614133,2023,2022-12-31,native_mse,20260910,-0.0025267983391307767,,0,1
error16,2907,2023-01-13,2023-01-30,0.0465290788350809,2023,2022-12-31,native_mse,20260910,-0.0004635399148201708,,0,1
error16,2912,2023-01-20,2023-02-06,-0.0383797057844887,2023,2022-12-31,native_mse,20260910,7.519190422555292e-05,,1,0
error16,2917,2023-02-03,2023-02-13,-0.0012061903149008,2023,2022-12-31,native_mse,20260910,0.0016271329266920357,,1,0
error16,2922,2023-02-10,2023-02-20,-0.0143746584432821,2023,2022-12-31,native_mse,20260910,-0.0011564163814400644,,0,0
error16,2927,2023-02-17,2023-02-27,0.0001237636016198,2023,2022-12-31,native_mse,20260910,-0.0016426518503498255,,0,1
error16,2932,2023-02-24,2023-03-06,0.0224454641303217,2023,2022-12-31,native_mse,20260910,0.0015810555880606469,,1,1
error16,2937,2023-03-03,2023-03-13,-0.0407900947678007,2023,2022-12-31,native_mse,20260910,0.0007073892257839969,,1,0
error16,2942,2023-03-10,2023-03-20,5.0471402903706775e-06,2023,2022-12-31,native_mse,20260910,-0.0001794060398361263,,0,1
error16,2947,2023-03-17,2023-03-27,0.015302852124583,2023,2022-12-31,native_mse,20260910,-0.0018976163672993884,,0,1
error16,2952,2023-03-24,2023-04-03,0.0090274153058433,2023,2022-12-31,native_mse,20260910,-0.001832954139676603,,0,1
error16,2957,2023-03-31,2023-04-10,0.0178317182396383,2023,2022-12-31,native_mse,20260910,-0.00172129069982479,,0,1
error16,2961,2023-04-07,2023-04-17,-0.0101500238382772,2023,2022-12-31,native_mse,20260910,-0.00033641886926452733,,0,0
error16,2966,2023-04-14,2023-04-24,-0.014368947230732,2023,2022-12-31,native_mse,20260910,-0.0013230092163269815,,0,0
error16,2971,2023-04-21,2023-05-04,-0.0044228908788729,2023,2022-12-31,native_mse,20260910,-0.0007286066396655064,,0,0
error16,2976,2023-04-28,2023-05-10,0.0036477163153083,2023,2022-12-31,native_mse,20260910,-0.00030575704561793394,,0,1
error16,2978,2023-05-05,2023-05-15,-0.0221642407977935,2023,2022-12-31,native_mse,20260910,-0.00011486613921578474,,0,0
error16,2983,2023-05-12,2023-05-22,0.0005509250208819,2023,2022-12-31,native_mse,20260910,-0.0001792163459168561,,0,1
error16,2988,2023-05-19,2023-05-29,-0.0200253742704897,2023,2022-12-31,native_mse,20260910,0.0009439667644663131,,1,0
error16,2993,2023-05-26,2023-06-05,-0.0003935703040848,2023,2022-12-31,native_mse,20260910,0.000557122093874036,,1,0
error16,2998,2023-06-02,2023-06-12,-0.0086075595250429,2023,2022-12-31,native_mse,20260910,-0.001180815938657947,,0,0
error16,3003,2023-06-09,2023-06-19,0.0338878539347273,2023,2022-12-31,native_mse,20260910,-0.0014426234760102343,,0,1
error16,3008,2023-06-16,2023-07-03,-0.026216632171098,2023,2022-12-31,native_mse,20260910,-0.0010042817493535598,,0,0
error16,3016,2023-06-30,2023-07-10,-0.0030441518806006,2023,2022-12-31,native_mse,20260910,-0.0011931588855691256,,0,0
error16,2902,2023-01-06,2023-01-16,0.0198447929614133,2023,2022-12-31,training_frequency,-1,0.5028949545078577,0.5028949545078577,1,1
error16,2907,2023-01-13,2023-01-30,0.0465290788350809,2023,2022-12-31,training_frequency,-1,0.5028949545078577,0.5028949545078577,1,1
error16,2912,2023-01-20,2023-02-06,-0.0383797057844887,2023,2022-12-31,training_frequency,-1,0.5028949545078577,0.5028949545078577,1,0
error16,2917,2023-02-03,2023-02-13,-0.0012061903149008,2023,2022-12-31,training_frequency,-1,0.5028949545078577,0.5028949545078577,1,0
error16,2922,2023-02-10,2023-02-20,-0.0143746584432821,2023,2022-12-31,training_frequency,-1,0.5028949545078577,0.5028949545078577,1,0
error16,2927,2023-02-17,2023-02-27,0.0001237636016198,2023,2022-12-31,training_frequency,-1,0.5028949545078577,0.5028949545078577,1,1
error16,2932,2023-02-24,2023-03-06,0.0224454641303217,2023,2022-12-31,training_frequency,-1,0.5028949545078577,0.5028949545078577,1,1
error16,2937,2023-03-03,2023-03-13,-0.0407900947678007,2023,2022-12-31,training_frequency,-1,0.5028949545078577,0.5028949545078577,1,0
error16,2942,2023-03-10,2023-03-20,5.0471402903706775e-06,2023,2022-12-31,training_frequency,-1,0.5028949545078577,0.5028949545078577,1,1
error16,2947,2023-03-17,2023-03-27,0.015302852124583,2023,2022-12-31,training_frequency,-1,0.5028949545078577,0.5028949545078577,1,1
error16,2952,2023-03-24,2023-04-03,0.0090274153058433,2023,2022-12-31,training_frequency,-1,0.5028949545078577,0.5028949545078577,1,1
error16,2957,2023-03-31,2023-04-10,0.0178317182396383,2023,2022-12-31,training_frequency,-1,0.5028949545078577,0.5028949545078577,1,1
error16,2961,2023-04-07,2023-04-17,-0.0101500238382772,2023,2022-12-31,training_frequency,-1,0.5028949545078577,0.5028949545078577,1,0
error16,2966,2023-04-14,2023-04-24,-0.014368947230732,2023,2022-12-31,training_frequency,-1,0.5028949545078577,0.5028949545078577,1,0
error16,2971,2023-04-21,2023-05-04,-0.0044228908788729,2023,2022-12-31,training_frequency,-1,0.5028949545078577,0.5028949545078577,1,0
error16,2976,2023-04-28,2023-05-10,0.0036477163153083,2023,2022-12-31,training_frequency,-1,0.5028949545078577,0.5028949545078577,1,1
error16,2978,2023-05-05,2023-05-15,-0.0221642407977935,2023,2022-12-31,training_frequency,-1,0.5028949545078577,0.5028949545078577,1,0
error16,2983,2023-05-12,2023-05-22,0.0005509250208819,2023,2022-12-31,training_frequency,-1,0.5028949545078577,0.5028949545078577,1,1
error16,2988,2023-05-19,2023-05-29,-0.0200253742704897,2023,2022-12-31,training_frequency,-1,0.5028949545078577,0.5028949545078577,1,0
error16,2993,2023-05-26,2023-06-05,-0.0003935703040848,2023,2022-12-31,training_frequency,-1,0.5028949545078577,0.5028949545078577,1,0
error16,2998,2023-06-02,2023-06-12,-0.0086075595250429,2023,2022-12-31,training_frequency,-1,0.5028949545078577,0.5028949545078577,1,0
error16,3003,2023-06-09,2023-06-19,0.0338878539347273,2023,2022-12-31,training_frequency,-1,0.5028949545078577,0.5028949545078577,1,1
error16,3008,2023-06-16,2023-07-03,-0.026216632171098,2023,2022-12-31,training_frequency,-1,0.5028949545078577,0.5028949545078577,1,0
error16,3016,2023-06-30,2023-07-10,-0.0030441518806006,2023,2022-12-31,training_frequency,-1,0.5028949545078577,0.5028949545078577,1,0
error16,2902,2023-01-06,2023-01-16,0.0198447929614133,2023,2022-12-31,learned_market,20260911,0.4109996836659653,0.4109996836659653,0,1
error16,2907,2023-01-13,2023-01-30,0.0465290788350809,2023,2022-12-31,learned_market,20260911,0.344318482304961,0.344318482304961,0,1
error16,2912,2023-01-20,2023-02-06,-0.0383797057844887,2023,2022-12-31,learned_market,20260911,0.6588589521771411,0.6588589521771411,1,0
error16,2917,2023-02-03,2023-02-13,-0.0012061903149008,2023,2022-12-31,learned_market,20260911,0.5846417083500102,0.5846417083500102,1,0
error16,2922,2023-02-10,2023-02-20,-0.0143746584432821,2023,2022-12-31,learned_market,20260911,0.37229435163057095,0.37229435163057095,0,0
error16,2927,2023-02-17,2023-02-27,0.0001237636016198,2023,2022-12-31,learned_market,20260911,0.4278917331001193,0.4278917331001193,0,1
error16,2932,2023-02-24,2023-03-06,0.0224454641303217,2023,2022-12-31,learned_market,20260911,0.6524353768671635,0.6524353768671635,1,1
error16,2937,2023-03-03,2023-03-13,-0.0407900947678007,2023,2022-12-31,learned_market,20260911,0.767620468884498,0.767620468884498,1,0
error16,2942,2023-03-10,2023-03-20,5.0471402903706775e-06,2023,2022-12-31,learned_market,20260911,0.6078004132598206,0.6078004132598206,1,1
error16,2947,2023-03-17,2023-03-27,0.015302852124583,2023,2022-12-31,learned_market,20260911,0.41902195233093853,0.41902195233093853,0,1
error16,2952,2023-03-24,2023-04-03,0.0090274153058433,2023,2022-12-31,learned_market,20260911,0.4677158880927443,0.4677158880927443,0,1
error16,2957,2023-03-31,2023-04-10,0.0178317182396383,2023,2022-12-31,learned_market,20260911,0.5644297293997745,0.5644297293997745,1,1
error16,2961,2023-04-07,2023-04-17,-0.0101500238382772,2023,2022-12-31,learned_market,20260911,0.5123926969413866,0.5123926969413866,1,0
error16,2966,2023-04-14,2023-04-24,-0.014368947230732,2023,2022-12-31,learned_market,20260911,0.511707795083602,0.511707795083602,1,0
error16,2971,2023-04-21,2023-05-04,-0.0044228908788729,2023,2022-12-31,learned_market,20260911,0.37484009153446224,0.37484009153446224,0,0
error16,2976,2023-04-28,2023-05-10,0.0036477163153083,2023,2022-12-31,learned_market,20260911,0.35090610116443816,0.35090610116443816,0,1
error16,2978,2023-05-05,2023-05-15,-0.0221642407977935,2023,2022-12-31,learned_market,20260911,0.34027916805748615,0.34027916805748615,0,0
error16,2983,2023-05-12,2023-05-22,0.0005509250208819,2023,2022-12-31,learned_market,20260911,0.49754285644712,0.49754285644712,0,1
error16,2988,2023-05-19,2023-05-29,-0.0200253742704897,2023,2022-12-31,learned_market,20260911,0.7549084578883676,0.7549084578883676,1,0
error16,2993,2023-05-26,2023-06-05,-0.0003935703040848,2023,2022-12-31,learned_market,20260911,0.5039392773809649,0.5039392773809649,1,0
error16,2998,2023-06-02,2023-06-12,-0.0086075595250429,2023,2022-12-31,learned_market,20260911,0.39899180688484476,0.39899180688484476,0,0
error16,3003,2023-06-09,2023-06-19,0.0338878539347273,2023,2022-12-31,learned_market,20260911,0.4684734509310129,0.4684734509310129,0,1
error16,3008,2023-06-16,2023-07-03,-0.026216632171098,2023,2022-12-31,learned_market,20260911,0.43999508820011124,0.43999508820011124,0,0
error16,3016,2023-06-30,2023-07-10,-0.0030441518806006,2023,2022-12-31,learned_market,20260911,0.494623114929346,0.494623114929346,0,0
error16,2902,2023-01-06,2023-01-16,0.0198447929614133,2023,2022-12-31,learned_vol_interaction,20260911,0.40969442309749926,0.40969442309749926,0,1
error16,2907,2023-01-13,2023-01-30,0.0465290788350809,2023,2022-12-31,learned_vol_interaction,20260911,0.36456829174456845,0.36456829174456845,0,1
error16,2912,2023-01-20,2023-02-06,-0.0383797057844887,2023,2022-12-31,learned_vol_interaction,20260911,0.5794436004575169,0.5794436004575169,1,0
error16,2917,2023-02-03,2023-02-13,-0.0012061903149008,2023,2022-12-31,learned_vol_interaction,20260911,0.5514968469417321,0.5514968469417321,1,0
error16,2922,2023-02-10,2023-02-20,-0.0143746584432821,2023,2022-12-31,learned_vol_interaction,20260911,0.3927055424872561,0.3927055424872561,0,0
error16,2927,2023-02-17,2023-02-27,0.0001237636016198,2023,2022-12-31,learned_vol_interaction,20260911,0.44774683758526995,0.44774683758526995,0,1
error16,2932,2023-02-24,2023-03-06,0.0224454641303217,2023,2022-12-31,learned_vol_interaction,20260911,0.619096546985403,0.619096546985403,1,1
error16,2937,2023-03-03,2023-03-13,-0.0407900947678007,2023,2022-12-31,learned_vol_interaction,20260911,0.7361671223361639,0.7361671223361639,1,0
error16,2942,2023-03-10,2023-03-20,5.0471402903706775e-06,2023,2022-12-31,learned_vol_interaction,20260911,0.5923713060138441,0.5923713060138441,1,1
error16,2947,2023-03-17,2023-03-27,0.015302852124583,2023,2022-12-31,learned_vol_interaction,20260911,0.44129297023126407,0.44129297023126407,0,1
error16,2952,2023-03-24,2023-04-03,0.0090274153058433,2023,2022-12-31,learned_vol_interaction,20260911,0.48118952805584325,0.48118952805584325,0,1
error16,2957,2023-03-31,2023-04-10,0.0178317182396383,2023,2022-12-31,learned_vol_interaction,20260911,0.5581984383579583,0.5581984383579583,1,1
error16,2961,2023-04-07,2023-04-17,-0.0101500238382772,2023,2022-12-31,learned_vol_interaction,20260911,0.505035431875157,0.505035431875157,1,0
error16,2966,2023-04-14,2023-04-24,-0.014368947230732,2023,2022-12-31,learned_vol_interaction,20260911,0.49347349841953947,0.49347349841953947,0,0
error16,2971,2023-04-21,2023-05-04,-0.0044228908788729,2023,2022-12-31,learned_vol_interaction,20260911,0.397890632401885,0.397890632401885,0,0
error16,2976,2023-04-28,2023-05-10,0.0036477163153083,2023,2022-12-31,learned_vol_interaction,20260911,0.3746539512039826,0.3746539512039826,0,1
error16,2978,2023-05-05,2023-05-15,-0.0221642407977935,2023,2022-12-31,learned_vol_interaction,20260911,0.3794183322213578,0.3794183322213578,0,0
error16,2983,2023-05-12,2023-05-22,0.0005509250208819,2023,2022-12-31,learned_vol_interaction,20260911,0.5207253080904825,0.5207253080904825,1,1
error16,2988,2023-05-19,2023-05-29,-0.0200253742704897,2023,2022-12-31,learned_vol_interaction,20260911,0.7158994131477658,0.7158994131477658,1,0
error16,2993,2023-05-26,2023-06-05,-0.0003935703040848,2023,2022-12-31,learned_vol_interaction,20260911,0.5106796239963189,0.5106796239963189,1,0
error16,2998,2023-06-02,2023-06-12,-0.0086075595250429,2023,2022-12-31,learned_vol_interaction,20260911,0.41473330630809063,0.41473330630809063,0,0
error16,3003,2023-06-09,2023-06-19,0.0338878539347273,2023,2022-12-31,learned_vol_interaction,20260911,0.4862687443116524,0.4862687443116524,0,1
error16,3008,2023-06-16,2023-07-03,-0.026216632171098,2023,2022-12-31,learned_vol_interaction,20260911,0.4615744120462823,0.4615744120462823,0,0
error16,3016,2023-06-30,2023-07-10,-0.0030441518806006,2023,2022-12-31,learned_vol_interaction,20260911,0.5010023580261896,0.5010023580261896,1,0
error16,2902,2023-01-06,2023-01-16,0.0198447929614133,2023,2022-12-31,learned_order_extension,20260911,0.4111458737354107,0.4111458737354107,0,1
error16,2907,2023-01-13,2023-01-30,0.0465290788350809,2023,2022-12-31,learned_order_extension,20260911,0.36472782557647304,0.36472782557647304,0,1
error16,2912,2023-01-20,2023-02-06,-0.0383797057844887,2023,2022-12-31,learned_order_extension,20260911,0.5780473136480286,0.5780473136480286,1,0
error16,2917,2023-02-03,2023-02-13,-0.0012061903149008,2023,2022-12-31,learned_order_extension,20260911,0.5514322848293292,0.5514322848293292,1,0
error16,2922,2023-02-10,2023-02-20,-0.0143746584432821,2023,2022-12-31,learned_order_extension,20260911,0.3920291907474336,0.3920291907474336,0,0
error16,2927,2023-02-17,2023-02-27,0.0001237636016198,2023,2022-12-31,learned_order_extension,20260911,0.4473244932999703,0.4473244932999703,0,1
error16,2932,2023-02-24,2023-03-06,0.0224454641303217,2023,2022-12-31,learned_order_extension,20260911,0.6194433589464242,0.6194433589464242,1,1
error16,2937,2023-03-03,2023-03-13,-0.0407900947678007,2023,2022-12-31,learned_order_extension,20260911,0.7367440693214489,0.7367440693214489,1,0
error16,2942,2023-03-10,2023-03-20,5.0471402903706775e-06,2023,2022-12-31,learned_order_extension,20260911,0.5926520405957385,0.5926520405957385,1,1
error16,2947,2023-03-17,2023-03-27,0.015302852124583,2023,2022-12-31,learned_order_extension,20260911,0.44150652320643097,0.44150652320643097,0,1
error16,2952,2023-03-24,2023-04-03,0.0090274153058433,2023,2022-12-31,learned_order_extension,20260911,0.4806406899115495,0.4806406899115495,0,1
error16,2957,2023-03-31,2023-04-10,0.0178317182396383,2023,2022-12-31,learned_order_extension,20260911,0.5564015664237618,0.5564015664237618,1,1
error16,2961,2023-04-07,2023-04-17,-0.0101500238382772,2023,2022-12-31,learned_order_extension,20260911,0.5048460180326865,0.5048460180326865,1,0
error16,2966,2023-04-14,2023-04-24,-0.014368947230732,2023,2022-12-31,learned_order_extension,20260911,0.49439461564860404,0.49439461564860404,0,0
error16,2971,2023-04-21,2023-05-04,-0.0044228908788729,2023,2022-12-31,learned_order_extension,20260911,0.39936804356030803,0.39936804356030803,0,0
error16,2976,2023-04-28,2023-05-10,0.0036477163153083,2023,2022-12-31,learned_order_extension,20260911,0.37816937180792504,0.37816937180792504,0,1
error16,2978,2023-05-05,2023-05-15,-0.0221642407977935,2023,2022-12-31,learned_order_extension,20260911,0.3826637989359542,0.3826637989359542,0,0
error16,2983,2023-05-12,2023-05-22,0.0005509250208819,2023,2022-12-31,learned_order_extension,20260911,0.5207604762186022,0.5207604762186022,1,1
error16,2988,2023-05-19,2023-05-29,-0.0200253742704897,2023,2022-12-31,learned_order_extension,20260911,0.7111561389087265,0.7111561389087265,1,0
error16,2993,2023-05-26,2023-06-05,-0.0003935703040848,2023,2022-12-31,learned_order_extension,20260911,0.5113938646839422,0.5113938646839422,1,0
error16,2998,2023-06-02,2023-06-12,-0.0086075595250429,2023,2022-12-31,learned_order_extension,20260911,0.4176728512227212,0.4176728512227212,0,0
error16,3003,2023-06-09,2023-06-19,0.0338878539347273,2023,2022-12-31,learned_order_extension,20260911,0.4874736850302981,0.4874736850302981,0,1
error16,3008,2023-06-16,2023-07-03,-0.026216632171098,2023,2022-12-31,learned_order_extension,20260911,0.4634868787327687,0.4634868787327687,0,0
error16,3016,2023-06-30,2023-07-10,-0.0030441518806006,2023,2022-12-31,learned_order_extension,20260911,0.4996986134035337,0.4996986134035337,0,0
error16,2902,2023-01-06,2023-01-16,0.0198447929614133,2023,2022-12-31,learned_order_offset,20260911,0.41117201615041793,0.41117201615041793,0,1
error16,2907,2023-01-13,2023-01-30,0.0465290788350809,2023,2022-12-31,learned_order_offset,20260911,0.364680620051655,0.364680620051655,0,1
error16,2912,2023-01-20,2023-02-06,-0.0383797057844887,2023,2022-12-31,learned_order_offset,20260911,0.578179649696222,0.578179649696222,1,0
error16,2917,2023-02-03,2023-02-13,-0.0012061903149008,2023,2022-12-31,learned_order_offset,20260911,0.5515128874638535,0.5515128874638535,1,0
error16,2922,2023-02-10,2023-02-20,-0.0143746584432821,2023,2022-12-31,learned_order_offset,20260911,0.39192014326711666,0.39192014326711666,0,0
error16,2927,2023-02-17,2023-02-27,0.0001237636016198,2023,2022-12-31,learned_order_offset,20260911,0.44735551730013157,0.44735551730013157,0,1
error16,2932,2023-02-24,2023-03-06,0.0224454641303217,2023,2022-12-31,learned_order_offset,20260911,0.6194755772192605,0.6194755772192605,1,1
error16,2937,2023-03-03,2023-03-13,-0.0407900947678007,2023,2022-12-31,learned_order_offset,20260911,0.7367890366176728,0.7367890366176728,1,0
error16,2942,2023-03-10,2023-03-20,5.0471402903706775e-06,2023,2022-12-31,learned_order_offset,20260911,0.5927141757173765,0.5927141757173765,1,1
error16,2947,2023-03-17,2023-03-27,0.015302852124583,2023,2022-12-31,learned_order_offset,20260911,0.44144992787218895,0.44144992787218895,0,1
error16,2952,2023-03-24,2023-04-03,0.0090274153058433,2023,2022-12-31,learned_order_offset,20260911,0.48064826466248156,0.48064826466248156,0,1
error16,2957,2023-03-31,2023-04-10,0.0178317182396383,2023,2022-12-31,learned_order_offset,20260911,0.556461403271004,0.556461403271004,1,1
error16,2961,2023-04-07,2023-04-17,-0.0101500238382772,2023,2022-12-31,learned_order_offset,20260911,0.504790898079976,0.504790898079976,1,0
error16,2966,2023-04-14,2023-04-24,-0.014368947230732,2023,2022-12-31,learned_order_offset,20260911,0.4942633891147542,0.4942633891147542,0,0
error16,2971,2023-04-21,2023-05-04,-0.0044228908788729,2023,2022-12-31,learned_order_offset,20260911,0.39928777128910625,0.39928777128910625,0,0
error16,2976,2023-04-28,2023-05-10,0.0036477163153083,2023,2022-12-31,learned_order_offset,20260911,0.37810919654324093,0.37810919654324093,0,1
error16,2978,2023-05-05,2023-05-15,-0.0221642407977935,2023,2022-12-31,learned_order_offset,20260911,0.3825900800128016,0.3825900800128016,0,0
error16,2983,2023-05-12,2023-05-22,0.0005509250208819,2023,2022-12-31,learned_order_offset,20260911,0.5206526224591033,0.5206526224591033,1,1
error16,2988,2023-05-19,2023-05-29,-0.0200253742704897,2023,2022-12-31,learned_order_offset,20260911,0.7111689672715988,0.7111689672715988,1,0
error16,2993,2023-05-26,2023-06-05,-0.0003935703040848,2023,2022-12-31,learned_order_offset,20260911,0.5113376197418289,0.5113376197418289,1,0
error16,2998,2023-06-02,2023-06-12,-0.0086075595250429,2023,2022-12-31,learned_order_offset,20260911,0.4176331380681734,0.4176331380681734,0,0
error16,3003,2023-06-09,2023-06-19,0.0338878539347273,2023,2022-12-31,learned_order_offset,20260911,0.4874307767794157,0.4874307767794157,0,1
error16,3008,2023-06-16,2023-07-03,-0.026216632171098,2023,2022-12-31,learned_order_offset,20260911,0.46345232219332494,0.46345232219332494,0,0
error16,3016,2023-06-30,2023-07-10,-0.0030441518806006,2023,2022-12-31,learned_order_offset,20260911,0.4995175845112385,0.4995175845112385,0,0
error16,2902,2023-01-06,2023-01-16,0.0198447929614133,2023,2022-12-31,native_mse,20260911,-0.0028881799476405084,,0,1
error16,2907,2023-01-13,2023-01-30,0.0465290788350809,2023,2022-12-31,native_mse,20260911,0.002600529697082545,,1,1
error16,2912,2023-01-20,2023-02-06,-0.0383797057844887,2023,2022-12-31,native_mse,20260911,0.009824735187562814,,1,0
error16,2917,2023-02-03,2023-02-13,-0.0012061903149008,2023,2022-12-31,native_mse,20260911,0.001758336799202022,,1,0
error16,2922,2023-02-10,2023-02-20,-0.0143746584432821,2023,2022-12-31,native_mse,20260911,-0.004455423490420713,,0,0
error16,2927,2023-02-17,2023-02-27,0.0001237636016198,2023,2022-12-31,native_mse,20260911,-0.004320463721841919,,0,1
error16,2932,2023-02-24,2023-03-06,0.0224454641303217,2023,2022-12-31,native_mse,20260911,0.007109894584169036,,1,1
error16,2937,2023-03-03,2023-03-13,-0.0407900947678007,2023,2022-12-31,native_mse,20260911,0.012121075090535267,,1,0
error16,2942,2023-03-10,2023-03-20,5.0471402903706775e-06,2023,2022-12-31,native_mse,20260911,-0.0015684618293498606,,0,1
error16,2947,2023-03-17,2023-03-27,0.015302852124583,2023,2022-12-31,native_mse,20260911,-0.00455123687690783,,0,1
error16,2952,2023-03-24,2023-04-03,0.0090274153058433,2023,2022-12-31,native_mse,20260911,-0.0032713642765306557,,0,1
error16,2957,2023-03-31,2023-04-10,0.0178317182396383,2023,2022-12-31,native_mse,20260911,0.009972413917103892,,1,1
error16,2961,2023-04-07,2023-04-17,-0.0101500238382772,2023,2022-12-31,native_mse,20260911,0.007806808930188104,,1,0
error16,2966,2023-04-14,2023-04-24,-0.014368947230732,2023,2022-12-31,native_mse,20260911,0.007226249329863683,,1,0
error16,2971,2023-04-21,2023-05-04,-0.0044228908788729,2023,2022-12-31,native_mse,20260911,-0.0024232716039148286,,0,0
error16,2976,2023-04-28,2023-05-10,0.0036477163153083,2023,2022-12-31,native_mse,20260911,-0.003907239624967295,,0,1
error16,2978,2023-05-05,2023-05-15,-0.0221642407977935,2023,2022-12-31,native_mse,20260911,-0.0031947009428460477,,0,0
error16,2983,2023-05-12,2023-05-22,0.0005509250208819,2023,2022-12-31,native_mse,20260911,0.003981441571850173,,1,1
error16,2988,2023-05-19,2023-05-29,-0.0200253742704897,2023,2022-12-31,native_mse,20260911,0.01107004322684732,,1,0
error16,2993,2023-05-26,2023-06-05,-0.0003935703040848,2023,2022-12-31,native_mse,20260911,0.004560043069480671,,1,0
error16,2998,2023-06-02,2023-06-12,-0.0086075595250429,2023,2022-12-31,native_mse,20260911,-0.0048559678058000275,,0,0
error16,3003,2023-06-09,2023-06-19,0.0338878539347273,2023,2022-12-31,native_mse,20260911,-0.0042897134995229635,,0,1
error16,3008,2023-06-16,2023-07-03,-0.026216632171098,2023,2022-12-31,native_mse,20260911,-0.004761761648113702,,0,0
error16,3016,2023-06-30,2023-07-10,-0.0030441518806006,2023,2022-12-31,native_mse,20260911,0.001449000541630631,,1,0
error16,2902,2023-01-06,2023-01-16,0.0198447929614133,2023,2022-12-31,learned_market,20260912,0.30052885603711643,0.30052885603711643,0,1
error16,2907,2023-01-13,2023-01-30,0.0465290788350809,2023,2022-12-31,learned_market,20260912,0.25642703962175933,0.25642703962175933,0,1
error16,2912,2023-01-20,2023-02-06,-0.0383797057844887,2023,2022-12-31,learned_market,20260912,0.6884031394091166,0.6884031394091166,1,0
error16,2917,2023-02-03,2023-02-13,-0.0012061903149008,2023,2022-12-31,learned_market,20260912,0.48719446040105807,0.48719446040105807,0,0
error16,2922,2023-02-10,2023-02-20,-0.0143746584432821,2023,2022-12-31,learned_market,20260912,0.25478983111842135,0.25478983111842135,0,0
error16,2927,2023-02-17,2023-02-27,0.0001237636016198,2023,2022-12-31,learned_market,20260912,0.4079835806267681,0.4079835806267681,0,1
error16,2932,2023-02-24,2023-03-06,0.0224454641303217,2023,2022-12-31,learned_market,20260912,0.7137242634797857,0.7137242634797857,1,1
error16,2937,2023-03-03,2023-03-13,-0.0407900947678007,2023,2022-12-31,learned_market,20260912,0.5807881322909977,0.5807881322909977,1,0
error16,2942,2023-03-10,2023-03-20,5.0471402903706775e-06,2023,2022-12-31,learned_market,20260912,0.41460120883303464,0.41460120883303464,0,1
error16,2947,2023-03-17,2023-03-27,0.015302852124583,2023,2022-12-31,learned_market,20260912,0.30490069121650976,0.30490069121650976,0,1
error16,2952,2023-03-24,2023-04-03,0.0090274153058433,2023,2022-12-31,learned_market,20260912,0.5481390563099999,0.5481390563099999,1,1
error16,2957,2023-03-31,2023-04-10,0.0178317182396383,2023,2022-12-31,learned_market,20260912,0.611788401190659,0.611788401190659,1,1
error16,2961,2023-04-07,2023-04-17,-0.0101500238382772,2023,2022-12-31,learned_market,20260912,0.6373271507100488,0.6373271507100488,1,0
error16,2966,2023-04-14,2023-04-24,-0.014368947230732,2023,2022-12-31,learned_market,20260912,0.3845861584135212,0.3845861584135212,0,0
error16,2971,2023-04-21,2023-05-04,-0.0044228908788729,2023,2022-12-31,learned_market,20260912,0.3355239890755223,0.3355239890755223,0,0
error16,2976,2023-04-28,2023-05-10,0.0036477163153083,2023,2022-12-31,learned_market,20260912,0.4803897810444189,0.4803897810444189,0,1
error16,2978,2023-05-05,2023-05-15,-0.0221642407977935,2023,2022-12-31,learned_market,20260912,0.3214134174707162,0.3214134174707162,0,0
error16,2983,2023-05-12,2023-05-22,0.0005509250208819,2023,2022-12-31,learned_market,20260912,0.41963299671663734,0.41963299671663734,0,1
error16,2988,2023-05-19,2023-05-29,-0.0200253742704897,2023,2022-12-31,learned_market,20260912,0.663522806485192,0.663522806485192,1,0
error16,2993,2023-05-26,2023-06-05,-0.0003935703040848,2023,2022-12-31,learned_market,20260912,0.4734681491976751,0.4734681491976751,0,0
error16,2998,2023-06-02,2023-06-12,-0.0086075595250429,2023,2022-12-31,learned_market,20260912,0.40456629164978614,0.40456629164978614,0,0
error16,3003,2023-06-09,2023-06-19,0.0338878539347273,2023,2022-12-31,learned_market,20260912,0.30238432481971794,0.30238432481971794,0,1
error16,3008,2023-06-16,2023-07-03,-0.026216632171098,2023,2022-12-31,learned_market,20260912,0.3205141256506379,0.3205141256506379,0,0
error16,3016,2023-06-30,2023-07-10,-0.0030441518806006,2023,2022-12-31,learned_market,20260912,0.6005178559534365,0.6005178559534365,1,0
error16,2902,2023-01-06,2023-01-16,0.0198447929614133,2023,2022-12-31,learned_vol_interaction,20260912,0.28965659740268485,0.28965659740268485,0,1
error16,2907,2023-01-13,2023-01-30,0.0465290788350809,2023,2022-12-31,learned_vol_interaction,20260912,0.24376767561556023,0.24376767561556023,0,1
error16,2912,2023-01-20,2023-02-06,-0.0383797057844887,2023,2022-12-31,learned_vol_interaction,20260912,0.7144269683090918,0.7144269683090918,1,0
error16,2917,2023-02-03,2023-02-13,-0.0012061903149008,2023,2022-12-31,learned_vol_interaction,20260912,0.48449097695552545,0.48449097695552545,0,0
error16,2922,2023-02-10,2023-02-20,-0.0143746584432821,2023,2022-12-31,learned_vol_interaction,20260912,0.24568395555451436,0.24568395555451436,0,0
error16,2927,2023-02-17,2023-02-27,0.0001237636016198,2023,2022-12-31,learned_vol_interaction,20260912,0.4043340500782045,0.4043340500782045,0,1
error16,2932,2023-02-24,2023-03-06,0.0224454641303217,2023,2022-12-31,learned_vol_interaction,20260912,0.7237644100552868,0.7237644100552868,1,1
error16,2937,2023-03-03,2023-03-13,-0.0407900947678007,2023,2022-12-31,learned_vol_interaction,20260912,0.5909800662310533,0.5909800662310533,1,0
error16,2942,2023-03-10,2023-03-20,5.0471402903706775e-06,2023,2022-12-31,learned_vol_interaction,20260912,0.42073806711796297,0.42073806711796297,0,1
error16,2947,2023-03-17,2023-03-27,0.015302852124583,2023,2022-12-31,learned_vol_interaction,20260912,0.29115877511006416,0.29115877511006416,0,1
error16,2952,2023-03-24,2023-04-03,0.0090274153058433,2023,2022-12-31,learned_vol_interaction,20260912,0.5529999746105244,0.5529999746105244,1,1
error16,2957,2023-03-31,2023-04-10,0.0178317182396383,2023,2022-12-31,learned_vol_interaction,20260912,0.632100803954458,0.632100803954458,1,1
error16,2961,2023-04-07,2023-04-17,-0.0101500238382772,2023,2022-12-31,learned_vol_interaction,20260912,0.6574524863442807,0.6574524863442807,1,0
error16,2966,2023-04-14,2023-04-24,-0.014368947230732,2023,2022-12-31,learned_vol_interaction,20260912,0.37636812323839336,0.37636812323839336,0,0
error16,2971,2023-04-21,2023-05-04,-0.0044228908788729,2023,2022-12-31,learned_vol_interaction,20260912,0.32843574732408615,0.32843574732408615,0,0
error16,2976,2023-04-28,2023-05-10,0.0036477163153083,2023,2022-12-31,learned_vol_interaction,20260912,0.47644399303156704,0.47644399303156704,0,1
error16,2978,2023-05-05,2023-05-15,-0.0221642407977935,2023,2022-12-31,learned_vol_interaction,20260912,0.30788719174740625,0.30788719174740625,0,0
error16,2983,2023-05-12,2023-05-22,0.0005509250208819,2023,2022-12-31,learned_vol_interaction,20260912,0.42598051823633404,0.42598051823633404,0,1
error16,2988,2023-05-19,2023-05-29,-0.0200253742704897,2023,2022-12-31,learned_vol_interaction,20260912,0.6767118241469199,0.6767118241469199,1,0
error16,2993,2023-05-26,2023-06-05,-0.0003935703040848,2023,2022-12-31,learned_vol_interaction,20260912,0.4883023609978598,0.4883023609978598,0,0
error16,2998,2023-06-02,2023-06-12,-0.0086075595250429,2023,2022-12-31,learned_vol_interaction,20260912,0.3935432366359235,0.3935432366359235,0,0
error16,3003,2023-06-09,2023-06-19,0.0338878539347273,2023,2022-12-31,learned_vol_interaction,20260912,0.27933481732197507,0.27933481732197507,0,1
error16,3008,2023-06-16,2023-07-03,-0.026216632171098,2023,2022-12-31,learned_vol_interaction,20260912,0.29070233426464753,0.29070233426464753,0,0
error16,3016,2023-06-30,2023-07-10,-0.0030441518806006,2023,2022-12-31,learned_vol_interaction,20260912,0.6177370664994124,0.6177370664994124,1,0
error16,2902,2023-01-06,2023-01-16,0.0198447929614133,2023,2022-12-31,learned_order_extension,20260912,0.3320870087441045,0.3320870087441045,0,1
error16,2907,2023-01-13,2023-01-30,0.0465290788350809,2023,2022-12-31,learned_order_extension,20260912,0.27988954900977053,0.27988954900977053,0,1
error16,2912,2023-01-20,2023-02-06,-0.0383797057844887,2023,2022-12-31,learned_order_extension,20260912,0.6620064456911843,0.6620064456911843,1,0
error16,2917,2023-02-03,2023-02-13,-0.0012061903149008,2023,2022-12-31,learned_order_extension,20260912,0.47399209037220413,0.47399209037220413,0,0
error16,2922,2023-02-10,2023-02-20,-0.0143746584432821,2023,2022-12-31,learned_order_extension,20260912,0.24616016767148868,0.24616016767148868,0,0
error16,2927,2023-02-17,2023-02-27,0.0001237636016198,2023,2022-12-31,learned_order_extension,20260912,0.39614793530843245,0.39614793530843245,0,1
error16,2932,2023-02-24,2023-03-06,0.0224454641303217,2023,2022-12-31,learned_order_extension,20260912,0.7129289281429624,0.7129289281429624,1,1
error16,2937,2023-03-03,2023-03-13,-0.0407900947678007,2023,2022-12-31,learned_order_extension,20260912,0.5872179709776264,0.5872179709776264,1,0
error16,2942,2023-03-10,2023-03-20,5.0471402903706775e-06,2023,2022-12-31,learned_order_extension,20260912,0.45917963346836393,0.45917963346836393,0,1
error16,2947,2023-03-17,2023-03-27,0.015302852124583,2023,2022-12-31,learned_order_extension,20260912,0.3321757909492291,0.3321757909492291,0,1
error16,2952,2023-03-24,2023-04-03,0.0090274153058433,2023,2022-12-31,learned_order_extension,20260912,0.5428268381901444,0.5428268381901444,1,1
error16,2957,2023-03-31,2023-04-10,0.0178317182396383,2023,2022-12-31,learned_order_extension,20260912,0.5750765947333518,0.5750765947333518,1,1
error16,2961,2023-04-07,2023-04-17,-0.0101500238382772,2023,2022-12-31,learned_order_extension,20260912,0.637499787070465,0.637499787070465,1,0
error16,2966,2023-04-14,2023-04-24,-0.014368947230732,2023,2022-12-31,learned_order_extension,20260912,0.39981071424461395,0.39981071424461395,0,0
error16,2971,2023-04-21,2023-05-04,-0.0044228908788729,2023,2022-12-31,learned_order_extension,20260912,0.3696006256220921,0.3696006256220921,0,0
error16,2976,2023-04-28,2023-05-10,0.0036477163153083,2023,2022-12-31,learned_order_extension,20260912,0.4688564801514378,0.4688564801514378,0,1
error16,2978,2023-05-05,2023-05-15,-0.0221642407977935,2023,2022-12-31,learned_order_extension,20260912,0.35316398446807334,0.35316398446807334,0,0
error16,2983,2023-05-12,2023-05-22,0.0005509250208819,2023,2022-12-31,learned_order_extension,20260912,0.4594935783345266,0.4594935783345266,0,1
error16,2988,2023-05-19,2023-05-29,-0.0200253742704897,2023,2022-12-31,learned_order_extension,20260912,0.5613551046736279,0.5613551046736279,1,0
error16,2993,2023-05-26,2023-06-05,-0.0003935703040848,2023,2022-12-31,learned_order_extension,20260912,0.4825311640837267,0.4825311640837267,0,0
error16,2998,2023-06-02,2023-06-12,-0.0086075595250429,2023,2022-12-31,learned_order_extension,20260912,0.43993698612115767,0.43993698612115767,0,0
error16,3003,2023-06-09,2023-06-19,0.0338878539347273,2023,2022-12-31,learned_order_extension,20260912,0.35568367267039286,0.35568367267039286,0,1
error16,3008,2023-06-16,2023-07-03,-0.026216632171098,2023,2022-12-31,learned_order_extension,20260912,0.39069608421932794,0.39069608421932794,0,0
error16,3016,2023-06-30,2023-07-10,-0.0030441518806006,2023,2022-12-31,learned_order_extension,20260912,0.5677359269311923,0.5677359269311923,1,0
error16,2902,2023-01-06,2023-01-16,0.0198447929614133,2023,2022-12-31,learned_order_offset,20260912,0.33518639317613286,0.33518639317613286,0,1
error16,2907,2023-01-13,2023-01-30,0.0465290788350809,2023,2022-12-31,learned_order_offset,20260912,0.283926532884273,0.283926532884273,0,1
error16,2912,2023-01-20,2023-02-06,-0.0383797057844887,2023,2022-12-31,learned_order_offset,20260912,0.656265266213206,0.656265266213206,1,0
error16,2917,2023-02-03,2023-02-13,-0.0012061903149008,2023,2022-12-31,learned_order_offset,20260912,0.47265762776020354,0.47265762776020354,0,0
error16,2922,2023-02-10,2023-02-20,-0.0143746584432821,2023,2022-12-31,learned_order_offset,20260912,0.2502577591654617,0.2502577591654617,0,0
error16,2927,2023-02-17,2023-02-27,0.0001237636016198,2023,2022-12-31,learned_order_offset,20260912,0.3981719184557722,0.3981719184557722,0,1
error16,2932,2023-02-24,2023-03-06,0.0224454641303217,2023,2022-12-31,learned_order_offset,20260912,0.7071114667508918,0.7071114667508918,1,1
error16,2937,2023-03-03,2023-03-13,-0.0407900947678007,2023,2022-12-31,learned_order_offset,20260912,0.5854544425200702,0.5854544425200702,1,0
error16,2942,2023-03-10,2023-03-20,5.0471402903706775e-06,2023,2022-12-31,learned_order_offset,20260912,0.4623204109511431,0.4623204109511431,0,1
error16,2947,2023-03-17,2023-03-27,0.015302852124583,2023,2022-12-31,learned_order_offset,20260912,0.339217920591994,0.339217920591994,0,1
error16,2952,2023-03-24,2023-04-03,0.0090274153058433,2023,2022-12-31,learned_order_offset,20260912,0.5430909588293242,0.5430909588293242,1,1
error16,2957,2023-03-31,2023-04-10,0.0178317182396383,2023,2022-12-31,learned_order_offset,20260912,0.5725347377994414,0.5725347377994414,1,1
error16,2961,2023-04-07,2023-04-17,-0.0101500238382772,2023,2022-12-31,learned_order_offset,20260912,0.6359786222461823,0.6359786222461823,1,0
error16,2966,2023-04-14,2023-04-24,-0.014368947230732,2023,2022-12-31,learned_order_offset,20260912,0.4040571614648592,0.4040571614648592,0,0
error16,2971,2023-04-21,2023-05-04,-0.0044228908788729,2023,2022-12-31,learned_order_offset,20260912,0.373753908234859,0.373753908234859,0,0
error16,2976,2023-04-28,2023-05-10,0.0036477163153083,2023,2022-12-31,learned_order_offset,20260912,0.4682938791565345,0.4682938791565345,0,1
error16,2978,2023-05-05,2023-05-15,-0.0221642407977935,2023,2022-12-31,learned_order_offset,20260912,0.35468620955831676,0.35468620955831676,0,0
error16,2983,2023-05-12,2023-05-22,0.0005509250208819,2023,2022-12-31,learned_order_offset,20260912,0.45944687309341087,0.45944687309341087,0,1
error16,2988,2023-05-19,2023-05-29,-0.0200253742704897,2023,2022-12-31,learned_order_offset,20260912,0.5528609060536627,0.5528609060536627,1,0
error16,2993,2023-05-26,2023-06-05,-0.0003935703040848,2023,2022-12-31,learned_order_offset,20260912,0.48081388523345875,0.48081388523345875,0,0
error16,2998,2023-06-02,2023-06-12,-0.0086075595250429,2023,2022-12-31,learned_order_offset,20260912,0.4462826688282708,0.4462826688282708,0,0
error16,3003,2023-06-09,2023-06-19,0.0338878539347273,2023,2022-12-31,learned_order_offset,20260912,0.3657926874386867,0.3657926874386867,0,1
error16,3008,2023-06-16,2023-07-03,-0.026216632171098,2023,2022-12-31,learned_order_offset,20260912,0.3970710272316485,0.3970710272316485,0,0
error16,3016,2023-06-30,2023-07-10,-0.0030441518806006,2023,2022-12-31,learned_order_offset,20260912,0.5701260577969851,0.5701260577969851,1,0
error16,2902,2023-01-06,2023-01-16,0.0198447929614133,2023,2022-12-31,native_mse,20260912,0.0004281627694943007,,1,1
error16,2907,2023-01-13,2023-01-30,0.0465290788350809,2023,2022-12-31,native_mse,20260912,4.2102919401855305e-05,,1,1
error16,2912,2023-01-20,2023-02-06,-0.0383797057844887,2023,2022-12-31,native_mse,20260912,0.0010967633118809882,,1,0
error16,2917,2023-02-03,2023-02-13,-0.0012061903149008,2023,2022-12-31,native_mse,20260912,0.0008747039967658528,,1,0
error16,2922,2023-02-10,2023-02-20,-0.0143746584432821,2023,2022-12-31,native_mse,20260912,0.0001818132935792269,,1,0
error16,2927,2023-02-17,2023-02-27,0.0001237636016198,2023,2022-12-31,native_mse,20260912,0.00010126624081480557,,1,1
error16,2932,2023-02-24,2023-03-06,0.0224454641303217,2023,2022-12-31,native_mse,20260912,0.000782385799644381,,1,1
error16,2937,2023-03-03,2023-03-13,-0.0407900947678007,2023,2022-12-31,native_mse,20260912,0.00040350503591383166,,1,0
error16,2942,2023-03-10,2023-03-20,5.0471402903706775e-06,2023,2022-12-31,native_mse,20260912,0.00023517524465769396,,1,1
error16,2947,2023-03-17,2023-03-27,0.015302852124583,2023,2022-12-31,native_mse,20260912,-0.0005550490015326846,,0,1
error16,2952,2023-03-24,2023-04-03,0.0090274153058433,2023,2022-12-31,native_mse,20260912,0.0004555071806066471,,1,1
error16,2957,2023-03-31,2023-04-10,0.0178317182396383,2023,2022-12-31,native_mse,20260912,0.0006137448037054246,,1,1
error16,2961,2023-04-07,2023-04-17,-0.0101500238382772,2023,2022-12-31,native_mse,20260912,0.0007714668086940345,,1,0
error16,2966,2023-04-14,2023-04-24,-0.014368947230732,2023,2022-12-31,native_mse,20260912,0.0006120128536014287,,1,0
error16,2971,2023-04-21,2023-05-04,-0.0044228908788729,2023,2022-12-31,native_mse,20260912,0.0004168718728952876,,1,0
error16,2976,2023-04-28,2023-05-10,0.0036477163153083,2023,2022-12-31,native_mse,20260912,0.0007975995131662927,,1,1
error16,2978,2023-05-05,2023-05-15,-0.0221642407977935,2023,2022-12-31,native_mse,20260912,3.748499343571029e-05,,1,0
error16,2983,2023-05-12,2023-05-22,0.0005509250208819,2023,2022-12-31,native_mse,20260912,0.00013564688457888487,,1,1
error16,2988,2023-05-19,2023-05-29,-0.0200253742704897,2023,2022-12-31,native_mse,20260912,0.0006049797039520234,,1,0
error16,2993,2023-05-26,2023-06-05,-0.0003935703040848,2023,2022-12-31,native_mse,20260912,5.080512794837295e-05,,1,0
error16,2998,2023-06-02,2023-06-12,-0.0086075595250429,2023,2022-12-31,native_mse,20260912,-0.0003527596454530836,,0,0
error16,3003,2023-06-09,2023-06-19,0.0338878539347273,2023,2022-12-31,native_mse,20260912,-0.0004629538008774116,,0,1
error16,3008,2023-06-16,2023-07-03,-0.026216632171098,2023,2022-12-31,native_mse,20260912,-0.0003413110242915335,,0,0
error16,3016,2023-06-30,2023-07-10,-0.0030441518806006,2023,2022-12-31,native_mse,20260912,0.0003431408638381007,,1,0
error16,3021,2023-07-07,2023-07-17,0.0104280552692135,2023,2023-06-30,learned_market,20260910,0.6519001854694813,0.6519001854694813,1,1
error16,3026,2023-07-14,2023-07-24,-0.0201642613135752,2023,2023-06-30,learned_market,20260910,0.5344638487720267,0.5344638487720267,1,0
error16,3031,2023-07-21,2023-07-31,0.0566710925894278,2023,2023-06-30,learned_market,20260910,0.6036835717460964,0.6036835717460964,1,1
error16,3036,2023-07-28,2023-08-07,-0.0039612927947766,2023,2023-06-30,learned_market,20260910,0.5909156006197072,0.5909156006197072,1,0
error16,3041,2023-08-04,2023-08-14,-0.0404899362223548,2023,2023-06-30,learned_market,20260910,0.48294063059287223,0.48294063059287223,0,0
error16,3046,2023-08-11,2023-08-21,-0.0176157088591445,2023,2023-06-30,learned_market,20260910,0.5758646336185191,0.5758646336185191,1,0
error16,3051,2023-08-18,2023-08-28,0.0366582477081969,2023,2023-06-30,learned_market,20260910,0.4081250792007685,0.4081250792007685,0,1
error16,3056,2023-08-25,2023-09-04,-0.025197172476384,2023,2023-06-30,learned_market,20260910,0.4928297008093505,0.4928297008093505,0,0
error16,3061,2023-09-01,2023-09-11,-0.0189903461587886,2023,2023-06-30,learned_market,20260910,0.46033183260591154,0.46033183260591154,0,0
error16,3066,2023-09-08,2023-09-18,-0.0111346368744954,2023,2023-06-30,learned_market,20260910,0.5101022973308358,0.5101022973308358,1,0
error16,3071,2023-09-15,2023-09-25,0.0105787349314532,2023,2023-06-30,learned_market,20260910,0.6854902642175824,0.6854902642175824,1,1
error16,3076,2023-09-22,2023-10-16,-0.0198017153282719,2023,2023-06-30,learned_market,20260910,0.5068692551819141,0.5068692551819141,1,0
error16,3021,2023-07-07,2023-07-17,0.0104280552692135,2023,2023-06-30,learned_vol_interaction,20260910,0.662714174984703,0.662714174984703,1,1
error16,3026,2023-07-14,2023-07-24,-0.0201642613135752,2023,2023-06-30,learned_vol_interaction,20260910,0.5456343181762892,0.5456343181762892,1,0
error16,3031,2023-07-21,2023-07-31,0.0566710925894278,2023,2023-06-30,learned_vol_interaction,20260910,0.6291405284809951,0.6291405284809951,1,1
error16,3036,2023-07-28,2023-08-07,-0.0039612927947766,2023,2023-06-30,learned_vol_interaction,20260910,0.6050337219388924,0.6050337219388924,1,0
error16,3041,2023-08-04,2023-08-14,-0.0404899362223548,2023,2023-06-30,learned_vol_interaction,20260910,0.48557376028209215,0.48557376028209215,0,0
error16,3046,2023-08-11,2023-08-21,-0.0176157088591445,2023,2023-06-30,learned_vol_interaction,20260910,0.5742114426942233,0.5742114426942233,1,0
error16,3051,2023-08-18,2023-08-28,0.0366582477081969,2023,2023-06-30,learned_vol_interaction,20260910,0.40276310850370944,0.40276310850370944,0,1
error16,3056,2023-08-25,2023-09-04,-0.025197172476384,2023,2023-06-30,learned_vol_interaction,20260910,0.49187079484099117,0.49187079484099117,0,0
error16,3061,2023-09-01,2023-09-11,-0.0189903461587886,2023,2023-06-30,learned_vol_interaction,20260910,0.4518607858190659,0.4518607858190659,0,0
error16,3066,2023-09-08,2023-09-18,-0.0111346368744954,2023,2023-06-30,learned_vol_interaction,20260910,0.5107754915403727,0.5107754915403727,1,0
error16,3071,2023-09-15,2023-09-25,0.0105787349314532,2023,2023-06-30,learned_vol_interaction,20260910,0.7093676271439148,0.7093676271439148,1,1
error16,3076,2023-09-22,2023-10-16,-0.0198017153282719,2023,2023-06-30,learned_vol_interaction,20260910,0.5125592105658051,0.5125592105658051,1,0
error16,3021,2023-07-07,2023-07-17,0.0104280552692135,2023,2023-06-30,learned_order_extension,20260910,0.6251388222224806,0.6251388222224806,1,1
error16,3026,2023-07-14,2023-07-24,-0.0201642613135752,2023,2023-06-30,learned_order_extension,20260910,0.5483531626248971,0.5483531626248971,1,0
error16,3031,2023-07-21,2023-07-31,0.0566710925894278,2023,2023-06-30,learned_order_extension,20260910,0.6007614492153508,0.6007614492153508,1,1
error16,3036,2023-07-28,2023-08-07,-0.0039612927947766,2023,2023-06-30,learned_order_extension,20260910,0.5942533620905828,0.5942533620905828,1,0
error16,3041,2023-08-04,2023-08-14,-0.0404899362223548,2023,2023-06-30,learned_order_extension,20260910,0.47579965404659447,0.47579965404659447,0,0
error16,3046,2023-08-11,2023-08-21,-0.0176157088591445,2023,2023-06-30,learned_order_extension,20260910,0.5584238118995631,0.5584238118995631,1,0
error16,3051,2023-08-18,2023-08-28,0.0366582477081969,2023,2023-06-30,learned_order_extension,20260910,0.4116009151593393,0.4116009151593393,0,1
error16,3056,2023-08-25,2023-09-04,-0.025197172476384,2023,2023-06-30,learned_order_extension,20260910,0.49141330869805605,0.49141330869805605,0,0
error16,3061,2023-09-01,2023-09-11,-0.0189903461587886,2023,2023-06-30,learned_order_extension,20260910,0.4655481295985415,0.4655481295985415,0,0
error16,3066,2023-09-08,2023-09-18,-0.0111346368744954,2023,2023-06-30,learned_order_extension,20260910,0.5068979173392241,0.5068979173392241,1,0
error16,3071,2023-09-15,2023-09-25,0.0105787349314532,2023,2023-06-30,learned_order_extension,20260910,0.6895846427223751,0.6895846427223751,1,1
error16,3076,2023-09-22,2023-10-16,-0.0198017153282719,2023,2023-06-30,learned_order_extension,20260910,0.5143223996607716,0.5143223996607716,1,0
error16,3021,2023-07-07,2023-07-17,0.0104280552692135,2023,2023-06-30,learned_order_offset,20260910,0.6242038805513287,0.6242038805513287,1,1
error16,3026,2023-07-14,2023-07-24,-0.0201642613135752,2023,2023-06-30,learned_order_offset,20260910,0.5483280344198788,0.5483280344198788,1,0
error16,3031,2023-07-21,2023-07-31,0.0566710925894278,2023,2023-06-30,learned_order_offset,20260910,0.5998072906892798,0.5998072906892798,1,1
error16,3036,2023-07-28,2023-08-07,-0.0039612927947766,2023,2023-06-30,learned_order_offset,20260910,0.5942462856095541,0.5942462856095541,1,0
error16,3041,2023-08-04,2023-08-14,-0.0404899362223548,2023,2023-06-30,learned_order_offset,20260910,0.47492790646257516,0.47492790646257516,0,0
error16,3046,2023-08-11,2023-08-21,-0.0176157088591445,2023,2023-06-30,learned_order_offset,20260910,0.5579507249355051,0.5579507249355051,1,0
error16,3051,2023-08-18,2023-08-28,0.0366582477081969,2023,2023-06-30,learned_order_offset,20260910,0.4115745748357748,0.4115745748357748,0,1
error16,3056,2023-08-25,2023-09-04,-0.025197172476384,2023,2023-06-30,learned_order_offset,20260910,0.4911855089700518,0.4911855089700518,0,0
error16,3061,2023-09-01,2023-09-11,-0.0189903461587886,2023,2023-06-30,learned_order_offset,20260910,0.46501993812768827,0.46501993812768827,0,0
error16,3066,2023-09-08,2023-09-18,-0.0111346368744954,2023,2023-06-30,learned_order_offset,20260910,0.507235025608944,0.507235025608944,1,0
error16,3071,2023-09-15,2023-09-25,0.0105787349314532,2023,2023-06-30,learned_order_offset,20260910,0.6882326817110969,0.6882326817110969,1,1
error16,3076,2023-09-22,2023-10-16,-0.0198017153282719,2023,2023-06-30,learned_order_offset,20260910,0.5145046865212324,0.5145046865212324,1,0
error16,3021,2023-07-07,2023-07-17,0.0104280552692135,2023,2023-06-30,native_mse,20260910,0.002180880083405775,,1,1
error16,3026,2023-07-14,2023-07-24,-0.0201642613135752,2023,2023-06-30,native_mse,20260910,0.00112597955895408,,1,0
error16,3031,2023-07-21,2023-07-31,0.0566710925894278,2023,2023-06-30,native_mse,20260910,0.0015745564535444248,,1,1
error16,3036,2023-07-28,2023-08-07,-0.0039612927947766,2023,2023-06-30,native_mse,20260910,0.0019734627549799133,,1,0
error16,3041,2023-08-04,2023-08-14,-0.0404899362223548,2023,2023-06-30,native_mse,20260910,0.0002948331852161148,,1,0
error16,3046,2023-08-11,2023-08-21,-0.0176157088591445,2023,2023-06-30,native_mse,20260910,0.0015850528400304313,,1,0
error16,3051,2023-08-18,2023-08-28,0.0366582477081969,2023,2023-06-30,native_mse,20260910,2.575869028006994e-05,,1,1
error16,3056,2023-08-25,2023-09-04,-0.025197172476384,2023,2023-06-30,native_mse,20260910,0.0007892606317070379,,1,0
error16,3061,2023-09-01,2023-09-11,-0.0189903461587886,2023,2023-06-30,native_mse,20260910,-0.0002894840471310701,,0,0
error16,3066,2023-09-08,2023-09-18,-0.0111346368744954,2023,2023-06-30,native_mse,20260910,-0.0008144004464919817,,0,0
error16,3071,2023-09-15,2023-09-25,0.0105787349314532,2023,2023-06-30,native_mse,20260910,0.0007971016130119248,,1,1
error16,3076,2023-09-22,2023-10-16,-0.0198017153282719,2023,2023-06-30,native_mse,20260910,-0.0003235117670612375,,0,0
error16,3021,2023-07-07,2023-07-17,0.0104280552692135,2023,2023-06-30,training_frequency,-1,0.5132450331125827,0.5132450331125827,1,1
error16,3026,2023-07-14,2023-07-24,-0.0201642613135752,2023,2023-06-30,training_frequency,-1,0.5132450331125827,0.5132450331125827,1,0
error16,3031,2023-07-21,2023-07-31,0.0566710925894278,2023,2023-06-30,training_frequency,-1,0.5132450331125827,0.5132450331125827,1,1
error16,3036,2023-07-28,2023-08-07,-0.0039612927947766,2023,2023-06-30,training_frequency,-1,0.5132450331125827,0.5132450331125827,1,0
error16,3041,2023-08-04,2023-08-14,-0.0404899362223548,2023,2023-06-30,training_frequency,-1,0.5132450331125827,0.5132450331125827,1,0
error16,3046,2023-08-11,2023-08-21,-0.0176157088591445,2023,2023-06-30,training_frequency,-1,0.5132450331125827,0.5132450331125827,1,0
error16,3051,2023-08-18,2023-08-28,0.0366582477081969,2023,2023-06-30,training_frequency,-1,0.5132450331125827,0.5132450331125827,1,1
error16,3056,2023-08-25,2023-09-04,-0.025197172476384,2023,2023-06-30,training_frequency,-1,0.5132450331125827,0.5132450331125827,1,0
error16,3061,2023-09-01,2023-09-11,-0.0189903461587886,2023,2023-06-30,training_frequency,-1,0.5132450331125827,0.5132450331125827,1,0
error16,3066,2023-09-08,2023-09-18,-0.0111346368744954,2023,2023-06-30,training_frequency,-1,0.5132450331125827,0.5132450331125827,1,0
error16,3071,2023-09-15,2023-09-25,0.0105787349314532,2023,2023-06-30,training_frequency,-1,0.5132450331125827,0.5132450331125827,1,1
error16,3076,2023-09-22,2023-10-16,-0.0198017153282719,2023,2023-06-30,training_frequency,-1,0.5132450331125827,0.5132450331125827,1,0
error16,3021,2023-07-07,2023-07-17,0.0104280552692135,2023,2023-06-30,learned_market,20260911,0.6385539936799303,0.6385539936799303,1,1
error16,3026,2023-07-14,2023-07-24,-0.0201642613135752,2023,2023-06-30,learned_market,20260911,0.5869632371482364,0.5869632371482364,1,0
error16,3031,2023-07-21,2023-07-31,0.0566710925894278,2023,2023-06-30,learned_market,20260911,0.5846674430631745,0.5846674430631745,1,1
error16,3036,2023-07-28,2023-08-07,-0.0039612927947766,2023,2023-06-30,learned_market,20260911,0.5651863229535441,0.5651863229535441,1,0
error16,3041,2023-08-04,2023-08-14,-0.0404899362223548,2023,2023-06-30,learned_market,20260911,0.5132296763244902,0.5132296763244902,1,0
error16,3046,2023-08-11,2023-08-21,-0.0176157088591445,2023,2023-06-30,learned_market,20260911,0.6371362338372827,0.6371362338372827,1,0
error16,3051,2023-08-18,2023-08-28,0.0366582477081969,2023,2023-06-30,learned_market,20260911,0.5777014799619401,0.5777014799619401,1,1
error16,3056,2023-08-25,2023-09-04,-0.025197172476384,2023,2023-06-30,learned_market,20260911,0.5962808747420711,0.5962808747420711,1,0
error16,3061,2023-09-01,2023-09-11,-0.0189903461587886,2023,2023-06-30,learned_market,20260911,0.3635116288557967,0.3635116288557967,0,0
error16,3066,2023-09-08,2023-09-18,-0.0111346368744954,2023,2023-06-30,learned_market,20260911,0.7055301188718053,0.7055301188718053,1,0
error16,3071,2023-09-15,2023-09-25,0.0105787349314532,2023,2023-06-30,learned_market,20260911,0.5569264383101256,0.5569264383101256,1,1
error16,3076,2023-09-22,2023-10-16,-0.0198017153282719,2023,2023-06-30,learned_market,20260911,0.45374654206955317,0.45374654206955317,0,0
error16,3021,2023-07-07,2023-07-17,0.0104280552692135,2023,2023-06-30,learned_vol_interaction,20260911,0.6380762077875903,0.6380762077875903,1,1
error16,3026,2023-07-14,2023-07-24,-0.0201642613135752,2023,2023-06-30,learned_vol_interaction,20260911,0.5868864875812138,0.5868864875812138,1,0
error16,3031,2023-07-21,2023-07-31,0.0566710925894278,2023,2023-06-30,learned_vol_interaction,20260911,0.5844364128801124,0.5844364128801124,1,1
error16,3036,2023-07-28,2023-08-07,-0.0039612927947766,2023,2023-06-30,learned_vol_interaction,20260911,0.565172818896788,0.565172818896788,1,0
error16,3041,2023-08-04,2023-08-14,-0.0404899362223548,2023,2023-06-30,learned_vol_interaction,20260911,0.513161430341554,0.513161430341554,1,0
error16,3046,2023-08-11,2023-08-21,-0.0176157088591445,2023,2023-06-30,learned_vol_interaction,20260911,0.6370625912077367,0.6370625912077367,1,0
error16,3051,2023-08-18,2023-08-28,0.0366582477081969,2023,2023-06-30,learned_vol_interaction,20260911,0.5775906080843096,0.5775906080843096,1,1
error16,3056,2023-08-25,2023-09-04,-0.025197172476384,2023,2023-06-30,learned_vol_interaction,20260911,0.5962070152261163,0.5962070152261163,1,0
error16,3061,2023-09-01,2023-09-11,-0.0189903461587886,2023,2023-06-30,learned_vol_interaction,20260911,0.3639345466794987,0.3639345466794987,0,0
error16,3066,2023-09-08,2023-09-18,-0.0111346368744954,2023,2023-06-30,learned_vol_interaction,20260911,0.7052085445920268,0.7052085445920268,1,0
error16,3071,2023-09-15,2023-09-25,0.0105787349314532,2023,2023-06-30,learned_vol_interaction,20260911,0.5565808580063363,0.5565808580063363,1,1
error16,3076,2023-09-22,2023-10-16,-0.0198017153282719,2023,2023-06-30,learned_vol_interaction,20260911,0.4541680110643569,0.4541680110643569,0,0
error16,3021,2023-07-07,2023-07-17,0.0104280552692135,2023,2023-06-30,learned_order_extension,20260911,0.5445657346671946,0.5445657346671946,1,1
error16,3026,2023-07-14,2023-07-24,-0.0201642613135752,2023,2023-06-30,learned_order_extension,20260911,0.5596973739094527,0.5596973739094527,1,0
error16,3031,2023-07-21,2023-07-31,0.0566710925894278,2023,2023-06-30,learned_order_extension,20260911,0.5615002984003561,0.5615002984003561,1,1
error16,3036,2023-07-28,2023-08-07,-0.0039612927947766,2023,2023-06-30,learned_order_extension,20260911,0.5772945314671631,0.5772945314671631,1,0
error16,3041,2023-08-04,2023-08-14,-0.0404899362223548,2023,2023-06-30,learned_order_extension,20260911,0.516612392454982,0.516612392454982,1,0
error16,3046,2023-08-11,2023-08-21,-0.0176157088591445,2023,2023-06-30,learned_order_extension,20260911,0.6010165651973792,0.6010165651973792,1,0
error16,3051,2023-08-18,2023-08-28,0.0366582477081969,2023,2023-06-30,learned_order_extension,20260911,0.5345232494796854,0.5345232494796854,1,1
error16,3056,2023-08-25,2023-09-04,-0.025197172476384,2023,2023-06-30,learned_order_extension,20260911,0.5576845878862361,0.5576845878862361,1,0
error16,3061,2023-09-01,2023-09-11,-0.0189903461587886,2023,2023-06-30,learned_order_extension,20260911,0.4141855148994433,0.4141855148994433,0,0
error16,3066,2023-09-08,2023-09-18,-0.0111346368744954,2023,2023-06-30,learned_order_extension,20260911,0.6157334670651029,0.6157334670651029,1,0
error16,3071,2023-09-15,2023-09-25,0.0105787349314532,2023,2023-06-30,learned_order_extension,20260911,0.5241548622733669,0.5241548622733669,1,1
error16,3076,2023-09-22,2023-10-16,-0.0198017153282719,2023,2023-06-30,learned_order_extension,20260911,0.4747770523700329,0.4747770523700329,0,0
error16,3021,2023-07-07,2023-07-17,0.0104280552692135,2023,2023-06-30,learned_order_offset,20260911,0.541619183172651,0.541619183172651,1,1
error16,3026,2023-07-14,2023-07-24,-0.0201642613135752,2023,2023-06-30,learned_order_offset,20260911,0.5584767804425196,0.5584767804425196,1,0
error16,3031,2023-07-21,2023-07-31,0.0566710925894278,2023,2023-06-30,learned_order_offset,20260911,0.560576992938744,0.560576992938744,1,1
error16,3036,2023-07-28,2023-08-07,-0.0039612927947766,2023,2023-06-30,learned_order_offset,20260911,0.575333067395373,0.575333067395373,1,0
error16,3041,2023-08-04,2023-08-14,-0.0404899362223548,2023,2023-06-30,learned_order_offset,20260911,0.5157625100842705,0.5157625100842705,1,0
error16,3046,2023-08-11,2023-08-21,-0.0176157088591445,2023,2023-06-30,learned_order_offset,20260911,0.5973308114487169,0.5973308114487169,1,0
error16,3051,2023-08-18,2023-08-28,0.0366582477081969,2023,2023-06-30,learned_order_offset,20260911,0.5313107375190489,0.5313107375190489,1,1
error16,3056,2023-08-25,2023-09-04,-0.025197172476384,2023,2023-06-30,learned_order_offset,20260911,0.5544689663367969,0.5544689663367969,1,0
error16,3061,2023-09-01,2023-09-11,-0.0189903461587886,2023,2023-06-30,learned_order_offset,20260911,0.41559485980283206,0.41559485980283206,0,0
error16,3066,2023-09-08,2023-09-18,-0.0111346368744954,2023,2023-06-30,learned_order_offset,20260911,0.6141599340657421,0.6141599340657421,1,0
error16,3071,2023-09-15,2023-09-25,0.0105787349314532,2023,2023-06-30,learned_order_offset,20260911,0.5223561291980028,0.5223561291980028,1,1
error16,3076,2023-09-22,2023-10-16,-0.0198017153282719,2023,2023-06-30,learned_order_offset,20260911,0.4734420301895119,0.4734420301895119,0,0
error16,3021,2023-07-07,2023-07-17,0.0104280552692135,2023,2023-06-30,native_mse,20260911,0.003923048614965533,,1,1
error16,3026,2023-07-14,2023-07-24,-0.0201642613135752,2023,2023-06-30,native_mse,20260911,-0.0028087784543915015,,0,0
error16,3031,2023-07-21,2023-07-31,0.0566710925894278,2023,2023-06-30,native_mse,20260911,-0.0014856765018450427,,0,1
error16,3036,2023-07-28,2023-08-07,-0.0039612927947766,2023,2023-06-30,native_mse,20260911,-0.0016361373409586055,,0,0
error16,3041,2023-08-04,2023-08-14,-0.0404899362223548,2023,2023-06-30,native_mse,20260911,-0.0012123842701979332,,0,0
error16,3046,2023-08-11,2023-08-21,-0.0176157088591445,2023,2023-06-30,native_mse,20260911,-0.0013844374822215507,,0,0
error16,3051,2023-08-18,2023-08-28,0.0366582477081969,2023,2023-06-30,native_mse,20260911,-0.0008561077882274669,,0,1
error16,3056,2023-08-25,2023-09-04,-0.025197172476384,2023,2023-06-30,native_mse,20260911,-0.003711097600135901,,0,0
error16,3061,2023-09-01,2023-09-11,-0.0189903461587886,2023,2023-06-30,native_mse,20260911,-0.004980381647226534,,0,0
error16,3066,2023-09-08,2023-09-18,-0.0111346368744954,2023,2023-06-30,native_mse,20260911,0.010407258694655147,,1,0
error16,3071,2023-09-15,2023-09-25,0.0105787349314532,2023,2023-06-30,native_mse,20260911,0.0018014761298844437,,1,1
error16,3076,2023-09-22,2023-10-16,-0.0198017153282719,2023,2023-06-30,native_mse,20260911,-0.005314292331649352,,0,0
error16,3021,2023-07-07,2023-07-17,0.0104280552692135,2023,2023-06-30,learned_market,20260912,0.5106225107038358,0.5106225107038358,1,1
error16,3026,2023-07-14,2023-07-24,-0.0201642613135752,2023,2023-06-30,learned_market,20260912,0.481211287195745,0.481211287195745,0,0
error16,3031,2023-07-21,2023-07-31,0.0566710925894278,2023,2023-06-30,learned_market,20260912,0.5053092033873688,0.5053092033873688,1,1
error16,3036,2023-07-28,2023-08-07,-0.0039612927947766,2023,2023-06-30,learned_market,20260912,0.40764651416194075,0.40764651416194075,0,0
error16,3041,2023-08-04,2023-08-14,-0.0404899362223548,2023,2023-06-30,learned_market,20260912,0.4525942124030988,0.4525942124030988,0,0
error16,3046,2023-08-11,2023-08-21,-0.0176157088591445,2023,2023-06-30,learned_market,20260912,0.6367695064946417,0.6367695064946417,1,0
error16,3051,2023-08-18,2023-08-28,0.0366582477081969,2023,2023-06-30,learned_market,20260912,0.585795136057815,0.585795136057815,1,1
error16,3056,2023-08-25,2023-09-04,-0.025197172476384,2023,2023-06-30,learned_market,20260912,0.5230047872639554,0.5230047872639554,1,0
error16,3061,2023-09-01,2023-09-11,-0.0189903461587886,2023,2023-06-30,learned_market,20260912,0.531390023153318,0.531390023153318,1,0
error16,3066,2023-09-08,2023-09-18,-0.0111346368744954,2023,2023-06-30,learned_market,20260912,0.463373646110596,0.463373646110596,0,0
error16,3071,2023-09-15,2023-09-25,0.0105787349314532,2023,2023-06-30,learned_market,20260912,0.5498864930328065,0.5498864930328065,1,1
error16,3076,2023-09-22,2023-10-16,-0.0198017153282719,2023,2023-06-30,learned_market,20260912,0.47835829463192764,0.47835829463192764,0,0
error16,3021,2023-07-07,2023-07-17,0.0104280552692135,2023,2023-06-30,learned_vol_interaction,20260912,0.49892779227654577,0.49892779227654577,0,1
error16,3026,2023-07-14,2023-07-24,-0.0201642613135752,2023,2023-06-30,learned_vol_interaction,20260912,0.46570508498355445,0.46570508498355445,0,0
error16,3031,2023-07-21,2023-07-31,0.0566710925894278,2023,2023-06-30,learned_vol_interaction,20260912,0.49215061246232794,0.49215061246232794,0,1
error16,3036,2023-07-28,2023-08-07,-0.0039612927947766,2023,2023-06-30,learned_vol_interaction,20260912,0.4052470218085824,0.4052470218085824,0,0
error16,3041,2023-08-04,2023-08-14,-0.0404899362223548,2023,2023-06-30,learned_vol_interaction,20260912,0.45188859415290444,0.45188859415290444,0,0
error16,3046,2023-08-11,2023-08-21,-0.0176157088591445,2023,2023-06-30,learned_vol_interaction,20260912,0.633729568575128,0.633729568575128,1,0
error16,3051,2023-08-18,2023-08-28,0.0366582477081969,2023,2023-06-30,learned_vol_interaction,20260912,0.5966108906977715,0.5966108906977715,1,1
error16,3056,2023-08-25,2023-09-04,-0.025197172476384,2023,2023-06-30,learned_vol_interaction,20260912,0.514474161912981,0.514474161912981,1,0
error16,3061,2023-09-01,2023-09-11,-0.0189903461587886,2023,2023-06-30,learned_vol_interaction,20260912,0.5300725871883967,0.5300725871883967,1,0
error16,3066,2023-09-08,2023-09-18,-0.0111346368744954,2023,2023-06-30,learned_vol_interaction,20260912,0.4482181255007485,0.4482181255007485,0,0
error16,3071,2023-09-15,2023-09-25,0.0105787349314532,2023,2023-06-30,learned_vol_interaction,20260912,0.5489140895363982,0.5489140895363982,1,1
error16,3076,2023-09-22,2023-10-16,-0.0198017153282719,2023,2023-06-30,learned_vol_interaction,20260912,0.4685536827792616,0.4685536827792616,0,0
error16,3021,2023-07-07,2023-07-17,0.0104280552692135,2023,2023-06-30,learned_order_extension,20260912,0.5678123204456272,0.5678123204456272,1,1
error16,3026,2023-07-14,2023-07-24,-0.0201642613135752,2023,2023-06-30,learned_order_extension,20260912,0.5549278210067523,0.5549278210067523,1,0
error16,3031,2023-07-21,2023-07-31,0.0566710925894278,2023,2023-06-30,learned_order_extension,20260912,0.55555895045433,0.55555895045433,1,1
error16,3036,2023-07-28,2023-08-07,-0.0039612927947766,2023,2023-06-30,learned_order_extension,20260912,0.4367531113585792,0.4367531113585792,0,0
error16,3041,2023-08-04,2023-08-14,-0.0404899362223548,2023,2023-06-30,learned_order_extension,20260912,0.4470249663793712,0.4470249663793712,0,0
error16,3046,2023-08-11,2023-08-21,-0.0176157088591445,2023,2023-06-30,learned_order_extension,20260912,0.5862229803996221,0.5862229803996221,1,0
error16,3051,2023-08-18,2023-08-28,0.0366582477081969,2023,2023-06-30,learned_order_extension,20260912,0.5716199022953973,0.5716199022953973,1,1
error16,3056,2023-08-25,2023-09-04,-0.025197172476384,2023,2023-06-30,learned_order_extension,20260912,0.5345191616239761,0.5345191616239761,1,0
error16,3061,2023-09-01,2023-09-11,-0.0189903461587886,2023,2023-06-30,learned_order_extension,20260912,0.5258570473758273,0.5258570473758273,1,0
error16,3066,2023-09-08,2023-09-18,-0.0111346368744954,2023,2023-06-30,learned_order_extension,20260912,0.49873852401709134,0.49873852401709134,0,0
error16,3071,2023-09-15,2023-09-25,0.0105787349314532,2023,2023-06-30,learned_order_extension,20260912,0.560582775603832,0.560582775603832,1,1
error16,3076,2023-09-22,2023-10-16,-0.0198017153282719,2023,2023-06-30,learned_order_extension,20260912,0.49123880335181125,0.49123880335181125,0,0
error16,3021,2023-07-07,2023-07-17,0.0104280552692135,2023,2023-06-30,learned_order_offset,20260912,0.5673081715784969,0.5673081715784969,1,1
error16,3026,2023-07-14,2023-07-24,-0.0201642613135752,2023,2023-06-30,learned_order_offset,20260912,0.5570961758973624,0.5570961758973624,1,0
error16,3031,2023-07-21,2023-07-31,0.0566710925894278,2023,2023-06-30,learned_order_offset,20260912,0.5587639990052338,0.5587639990052338,1,1
error16,3036,2023-07-28,2023-08-07,-0.0039612927947766,2023,2023-06-30,learned_order_offset,20260912,0.43855508611655086,0.43855508611655086,0,0
error16,3041,2023-08-04,2023-08-14,-0.0404899362223548,2023,2023-06-30,learned_order_offset,20260912,0.44446082456480357,0.44446082456480357,0,0
error16,3046,2023-08-11,2023-08-21,-0.0176157088591445,2023,2023-06-30,learned_order_offset,20260912,0.5831281703331852,0.5831281703331852,1,0
error16,3051,2023-08-18,2023-08-28,0.0366582477081969,2023,2023-06-30,learned_order_offset,20260912,0.570481111305164,0.570481111305164,1,1
error16,3056,2023-08-25,2023-09-04,-0.025197172476384,2023,2023-06-30,learned_order_offset,20260912,0.5352415223397153,0.5352415223397153,1,0
error16,3061,2023-09-01,2023-09-11,-0.0189903461587886,2023,2023-06-30,learned_order_offset,20260912,0.5268909592868679,0.5268909592868679,1,0
error16,3066,2023-09-08,2023-09-18,-0.0111346368744954,2023,2023-06-30,learned_order_offset,20260912,0.5066543557972274,0.5066543557972274,1,0
error16,3071,2023-09-15,2023-09-25,0.0105787349314532,2023,2023-06-30,learned_order_offset,20260912,0.5588886877727001,0.5588886877727001,1,1
error16,3076,2023-09-22,2023-10-16,-0.0198017153282719,2023,2023-06-30,learned_order_offset,20260912,0.4937309056369533,0.4937309056369533,0,0
error16,3021,2023-07-07,2023-07-17,0.0104280552692135,2023,2023-06-30,native_mse,20260912,0.0008065997645816601,,1,1
error16,3026,2023-07-14,2023-07-24,-0.0201642613135752,2023,2023-06-30,native_mse,20260912,0.0010335099133802906,,1,0
error16,3031,2023-07-21,2023-07-31,0.0566710925894278,2023,2023-06-30,native_mse,20260912,0.0008618843556380477,,1,1
error16,3036,2023-07-28,2023-08-07,-0.0039612927947766,2023,2023-06-30,native_mse,20260912,0.000873269238289306,,1,0
error16,3041,2023-08-04,2023-08-14,-0.0404899362223548,2023,2023-06-30,native_mse,20260912,0.0010356182788933607,,1,0
error16,3046,2023-08-11,2023-08-21,-0.0176157088591445,2023,2023-06-30,native_mse,20260912,0.001587249732282235,,1,0
error16,3051,2023-08-18,2023-08-28,0.0366582477081969,2023,2023-06-30,native_mse,20260912,0.0010113651018620663,,1,1
error16,3056,2023-08-25,2023-09-04,-0.025197172476384,2023,2023-06-30,native_mse,20260912,0.0011022597786808745,,1,0
error16,3061,2023-09-01,2023-09-11,-0.0189903461587886,2023,2023-06-30,native_mse,20260912,0.0008987711848772968,,1,0
error16,3066,2023-09-08,2023-09-18,-0.0111346368744954,2023,2023-06-30,native_mse,20260912,0.0008160932714749686,,1,0
error16,3071,2023-09-15,2023-09-25,0.0105787349314532,2023,2023-06-30,native_mse,20260912,0.0007703401386850866,,1,1
error16,3076,2023-09-22,2023-10-16,-0.0198017153282719,2023,2023-06-30,native_mse,20260912,0.0008049332917312616,,1,0
error16,3144,2024-01-05,2024-01-15,-0.0158038409563566,2024,2023-12-31,learned_market,20260910,0.37911601118731636,0.37911601118731636,0,0
error16,3149,2024-01-12,2024-01-22,-0.002333261979756,2024,2023-12-31,learned_market,20260910,0.4589111880907024,0.4589111880907024,0,0
error16,3154,2024-01-19,2024-01-29,0.0223511633823452,2024,2023-12-31,learned_market,20260910,0.41956122213307734,0.41956122213307734,0,1
error16,3159,2024-01-26,2024-02-05,-0.0513103415192826,2024,2023-12-31,learned_market,20260910,0.4467918935376125,0.4467918935376125,0,0
error16,3164,2024-02-02,2024-02-26,0.1015374891364462,2024,2023-12-31,learned_market,20260910,0.6470923056808707,0.6470923056808707,1,1
error16,3173,2024-02-23,2024-03-04,0.0151569053862528,2024,2023-12-31,learned_market,20260910,0.6974540268702009,0.6974540268702009,1,1
error16,3178,2024-03-01,2024-03-11,0.0021394031715169,2024,2023-12-31,learned_market,20260910,0.6539310685581109,0.6539310685581109,1,1
error16,3183,2024-03-08,2024-03-18,0.0087762342284414,2024,2023-12-31,learned_market,20260910,0.651636534380962,0.651636534380962,1,1
error16,3188,2024-03-15,2024-03-25,-0.0112802133595746,2024,2023-12-31,learned_market,20260910,0.6184866579610433,0.6184866579610433,1,0
error16,3193,2024-03-22,2024-04-01,0.0042044725182444,2024,2023-12-31,learned_market,20260910,0.49537529534083324,0.49537529534083324,0,1
error16,3198,2024-03-29,2024-04-15,-0.0219845815102011,2024,2023-12-31,learned_market,20260910,0.4469684467331579,0.4469684467331579,0,0
error16,3206,2024-04-12,2024-04-22,0.018045199366633,2024,2023-12-31,learned_market,20260910,0.40607560893230144,0.40607560893230144,0,1
error16,3211,2024-04-19,2024-04-29,0.0136757744232476,2024,2023-12-31,learned_market,20260910,0.3892776100417879,0.3892776100417879,0,1
error16,3216,2024-04-26,2024-05-13,0.0172434956786644,2024,2023-12-31,learned_market,20260910,0.3282744753478747,0.3282744753478747,0,1
error16,3223,2024-05-10,2024-05-20,0.0097933549988344,2024,2023-12-31,learned_market,20260910,0.3990687988287244,0.3990687988287244,0,1
error16,3228,2024-05-17,2024-05-27,-0.0204803832637164,2024,2023-12-31,learned_market,20260910,0.3897084593157539,0.3897084593157539,0,0
error16,3233,2024-05-24,2024-06-03,-0.0081155643048258,2024,2023-12-31,learned_market,20260910,0.43186519496988945,0.43186519496988945,0,0
error16,3238,2024-05-31,2024-06-11,-0.0060267570121149,2024,2023-12-31,learned_market,20260910,0.4565336986968196,0.4565336986968196,0,0
error16,3243,2024-06-07,2024-06-17,-0.0096686558937179,2024,2023-12-31,learned_market,20260910,0.6105718695143069,0.6105718695143069,1,0
error16,3247,2024-06-14,2024-06-24,-0.013573992457631,2024,2023-12-31,learned_market,20260910,0.6713582427300896,0.6713582427300896,1,0
error16,3252,2024-06-21,2024-07-01,-0.004427632109257,2024,2023-12-31,learned_market,20260910,0.4416184455773017,0.4416184455773017,0,0
error16,3257,2024-06-28,2024-07-08,-0.0108320369203009,2024,2023-12-31,learned_market,20260910,0.5341806270801527,0.5341806270801527,1,0
error16,3262,2024-07-05,2024-07-15,0.0122222871842843,2024,2023-12-31,learned_market,20260910,0.5312099723736838,0.5312099723736838,1,1
error16,3267,2024-07-12,2024-07-22,0.0218881133018156,2024,2023-12-31,learned_market,20260910,0.4706196251419226,0.4706196251419226,0,1
error16,3272,2024-07-19,2024-07-29,-0.0378787022382998,2024,2023-12-31,learned_market,20260910,0.5105887349481063,0.5105887349481063,1,0
error16,3277,2024-07-26,2024-08-05,-0.0124134568216732,2024,2023-12-31,learned_market,20260910,0.5168087974043634,0.5168087974043634,1,0
error16,3282,2024-08-02,2024-08-12,-0.0102762848330364,2024,2023-12-31,learned_market,20260910,0.5103969021168359,0.5103969021168359,1,0
error16,3287,2024-08-09,2024-08-19,0.0050186923751938,2024,2023-12-31,learned_market,20260910,0.5738642832331972,0.5738642832331972,1,1
error16,3292,2024-08-16,2024-08-26,-0.0040487282687352,2024,2023-12-31,learned_market,20260910,0.3949171401752265,0.3949171401752265,0,0
error16,3297,2024-08-23,2024-09-02,-0.0069594562136714,2024,2023-12-31,learned_market,20260910,0.29072042976701107,0.29072042976701107,0,0
error16,3302,2024-08-30,2024-09-09,-0.0280389655151561,2024,2023-12-31,learned_market,20260910,0.2698525733496452,0.2698525733496452,0,0
error16,3307,2024-09-06,2024-09-18,-0.0174132138857783,2024,2023-12-31,learned_market,20260910,0.28624372995779085,0.28624372995779085,0,0
error16,3312,2024-09-13,2024-09-24,0.0133119329369826,2024,2023-12-31,learned_market,20260910,0.3257397725885097,0.3257397725885097,0,1
error16,3315,2024-09-20,2024-09-30,0.2017513988384409,2024,2023-12-31,learned_market,20260910,0.30329361432845675,0.30329361432845675,0,1
error16,3320,2024-09-27,2024-10-14,0.0178259004588408,2024,2023-12-31,learned_market,20260910,0.5539828044064032,0.5539828044064032,1,1
error16,3325,2024-10-11,2024-10-21,0.0080914993282625,2024,2023-12-31,learned_market,20260910,0.5869953939238736,0.5869953939238736,1,1
error16,3330,2024-10-18,2024-10-28,0.0015733867085561,2024,2023-12-31,learned_market,20260910,0.461607129389693,0.461607129389693,0,1
error16,3335,2024-10-25,2024-11-04,-0.0140142824257356,2024,2023-12-31,learned_market,20260910,0.4436454565513719,0.4436454565513719,0,0
error16,3340,2024-11-01,2024-11-11,0.0434152361258277,2024,2023-12-31,learned_market,20260910,0.4265577715457495,0.4265577715457495,0,1
error16,3345,2024-11-08,2024-11-18,-0.0208584853931589,2024,2023-12-31,learned_market,20260910,0.3988216599252063,0.3988216599252063,0,0
error16,3350,2024-11-15,2024-11-25,-0.0267421712161923,2024,2023-12-31,learned_market,20260910,0.4128285607379882,0.4128285607379882,0,0
error16,3355,2024-11-22,2024-12-02,0.0087960346887328,2024,2023-12-31,learned_market,20260910,0.5498480838757407,0.5498480838757407,1,1
error16,3360,2024-11-29,2024-12-09,0.0155919891551781,2024,2023-12-31,learned_market,20260910,0.5787371739371491,0.5787371739371491,1,1
error16,3365,2024-12-06,2024-12-16,-0.0100436703218104,2024,2023-12-31,learned_market,20260910,0.5274145252381006,0.5274145252381006,1,0
error16,3370,2024-12-13,2024-12-23,-0.0006690784017421,2024,2023-12-31,learned_market,20260910,0.44138037595664,0.44138037595664,0,0
error16,3375,2024-12-20,2024-12-30,0.0123595076562756,2024,2023-12-31,learned_market,20260910,0.4027666853457167,0.4027666853457167,0,1
error16,3380,2024-12-27,2025-01-06,-0.0504714964669198,2024,2023-12-31,learned_market,20260910,0.38910693571889354,0.38910693571889354,0,0
error16,3144,2024-01-05,2024-01-15,-0.0158038409563566,2024,2023-12-31,learned_vol_interaction,20260910,0.375948748112503,0.375948748112503,0,0
error16,3149,2024-01-12,2024-01-22,-0.002333261979756,2024,2023-12-31,learned_vol_interaction,20260910,0.4653387886294592,0.4653387886294592,0,0
error16,3154,2024-01-19,2024-01-29,0.0223511633823452,2024,2023-12-31,learned_vol_interaction,20260910,0.409541362332266,0.409541362332266,0,1
error16,3159,2024-01-26,2024-02-05,-0.0513103415192826,2024,2023-12-31,learned_vol_interaction,20260910,0.4427031623961251,0.4427031623961251,0,0
error16,3164,2024-02-02,2024-02-26,0.1015374891364462,2024,2023-12-31,learned_vol_interaction,20260910,0.6537066574488869,0.6537066574488869,1,1
error16,3173,2024-02-23,2024-03-04,0.0151569053862528,2024,2023-12-31,learned_vol_interaction,20260910,0.689311779469667,0.689311779469667,1,1
error16,3178,2024-03-01,2024-03-11,0.0021394031715169,2024,2023-12-31,learned_vol_interaction,20260910,0.6480049647794901,0.6480049647794901,1,1
error16,3183,2024-03-08,2024-03-18,0.0087762342284414,2024,2023-12-31,learned_vol_interaction,20260910,0.6491293260006892,0.6491293260006892,1,1
error16,3188,2024-03-15,2024-03-25,-0.0112802133595746,2024,2023-12-31,learned_vol_interaction,20260910,0.6390487602979349,0.6390487602979349,1,0
error16,3193,2024-03-22,2024-04-01,0.0042044725182444,2024,2023-12-31,learned_vol_interaction,20260910,0.502579297882782,0.502579297882782,1,1
error16,3198,2024-03-29,2024-04-15,-0.0219845815102011,2024,2023-12-31,learned_vol_interaction,20260910,0.4621147966680959,0.4621147966680959,0,0
error16,3206,2024-04-12,2024-04-22,0.018045199366633,2024,2023-12-31,learned_vol_interaction,20260910,0.3996858180028398,0.3996858180028398,0,1
error16,3211,2024-04-19,2024-04-29,0.0136757744232476,2024,2023-12-31,learned_vol_interaction,20260910,0.37319633634071175,0.37319633634071175,0,1
error16,3216,2024-04-26,2024-05-13,0.0172434956786644,2024,2023-12-31,learned_vol_interaction,20260910,0.3146645175119406,0.3146645175119406,0,1
error16,3223,2024-05-10,2024-05-20,0.0097933549988344,2024,2023-12-31,learned_vol_interaction,20260910,0.37518028476500903,0.37518028476500903,0,1
error16,3228,2024-05-17,2024-05-27,-0.0204803832637164,2024,2023-12-31,learned_vol_interaction,20260910,0.3743945093004113,0.3743945093004113,0,0
error16,3233,2024-05-24,2024-06-03,-0.0081155643048258,2024,2023-12-31,learned_vol_interaction,20260910,0.41682706486348087,0.41682706486348087,0,0
error16,3238,2024-05-31,2024-06-11,-0.0060267570121149,2024,2023-12-31,learned_vol_interaction,20260910,0.4492331097002634,0.4492331097002634,0,0
error16,3243,2024-06-07,2024-06-17,-0.0096686558937179,2024,2023-12-31,learned_vol_interaction,20260910,0.646939742462589,0.646939742462589,1,0
error16,3247,2024-06-14,2024-06-24,-0.013573992457631,2024,2023-12-31,learned_vol_interaction,20260910,0.728816996452314,0.728816996452314,1,0
error16,3252,2024-06-21,2024-07-01,-0.004427632109257,2024,2023-12-31,learned_vol_interaction,20260910,0.45786386069259544,0.45786386069259544,0,0
error16,3257,2024-06-28,2024-07-08,-0.0108320369203009,2024,2023-12-31,learned_vol_interaction,20260910,0.5781155623946855,0.5781155623946855,1,0
error16,3262,2024-07-05,2024-07-15,0.0122222871842843,2024,2023-12-31,learned_vol_interaction,20260910,0.5756856823794781,0.5756856823794781,1,1
error16,3267,2024-07-12,2024-07-22,0.0218881133018156,2024,2023-12-31,learned_vol_interaction,20260910,0.4866386539421122,0.4866386539421122,0,1
error16,3272,2024-07-19,2024-07-29,-0.0378787022382998,2024,2023-12-31,learned_vol_interaction,20260910,0.5389372826354385,0.5389372826354385,1,0
error16,3277,2024-07-26,2024-08-05,-0.0124134568216732,2024,2023-12-31,learned_vol_interaction,20260910,0.5302304235904278,0.5302304235904278,1,0
error16,3282,2024-08-02,2024-08-12,-0.0102762848330364,2024,2023-12-31,learned_vol_interaction,20260910,0.5215565305204753,0.5215565305204753,1,0
error16,3287,2024-08-09,2024-08-19,0.0050186923751938,2024,2023-12-31,learned_vol_interaction,20260910,0.5855654639145639,0.5855654639145639,1,1
error16,3292,2024-08-16,2024-08-26,-0.0040487282687352,2024,2023-12-31,learned_vol_interaction,20260910,0.3778758904529602,0.3778758904529602,0,0
error16,3297,2024-08-23,2024-09-02,-0.0069594562136714,2024,2023-12-31,learned_vol_interaction,20260910,0.25486310438949394,0.25486310438949394,0,0
error16,3302,2024-08-30,2024-09-09,-0.0280389655151561,2024,2023-12-31,learned_vol_interaction,20260910,0.23399162737304185,0.23399162737304185,0,0
error16,3307,2024-09-06,2024-09-18,-0.0174132138857783,2024,2023-12-31,learned_vol_interaction,20260910,0.25707507643008914,0.25707507643008914,0,0
error16,3312,2024-09-13,2024-09-24,0.0133119329369826,2024,2023-12-31,learned_vol_interaction,20260910,0.3084747782851401,0.3084747782851401,0,1
error16,3315,2024-09-20,2024-09-30,0.2017513988384409,2024,2023-12-31,learned_vol_interaction,20260910,0.2767223781764832,0.2767223781764832,0,1
error16,3320,2024-09-27,2024-10-14,0.0178259004588408,2024,2023-12-31,learned_vol_interaction,20260910,0.539577352579499,0.539577352579499,1,1
error16,3325,2024-10-11,2024-10-21,0.0080914993282625,2024,2023-12-31,learned_vol_interaction,20260910,0.5707045524539156,0.5707045524539156,1,1
error16,3330,2024-10-18,2024-10-28,0.0015733867085561,2024,2023-12-31,learned_vol_interaction,20260910,0.5457998125542788,0.5457998125542788,1,1
error16,3335,2024-10-25,2024-11-04,-0.0140142824257356,2024,2023-12-31,learned_vol_interaction,20260910,0.5480447349870543,0.5480447349870543,1,0
error16,3340,2024-11-01,2024-11-11,0.0434152361258277,2024,2023-12-31,learned_vol_interaction,20260910,0.5424556290324919,0.5424556290324919,1,1
error16,3345,2024-11-08,2024-11-18,-0.0208584853931589,2024,2023-12-31,learned_vol_interaction,20260910,0.41385174274995,0.41385174274995,0,0
error16,3350,2024-11-15,2024-11-25,-0.0267421712161923,2024,2023-12-31,learned_vol_interaction,20260910,0.40978407838391767,0.40978407838391767,0,0
error16,3355,2024-11-22,2024-12-02,0.0087960346887328,2024,2023-12-31,learned_vol_interaction,20260910,0.5313658042769484,0.5313658042769484,1,1
error16,3360,2024-11-29,2024-12-09,0.0155919891551781,2024,2023-12-31,learned_vol_interaction,20260910,0.5550717836556399,0.5550717836556399,1,1
error16,3365,2024-12-06,2024-12-16,-0.0100436703218104,2024,2023-12-31,learned_vol_interaction,20260910,0.5155855931739847,0.5155855931739847,1,0
error16,3370,2024-12-13,2024-12-23,-0.0006690784017421,2024,2023-12-31,learned_vol_interaction,20260910,0.4374261593980381,0.4374261593980381,0,0
error16,3375,2024-12-20,2024-12-30,0.0123595076562756,2024,2023-12-31,learned_vol_interaction,20260910,0.38028593735367683,0.38028593735367683,0,1
error16,3380,2024-12-27,2025-01-06,-0.0504714964669198,2024,2023-12-31,learned_vol_interaction,20260910,0.35616480654444505,0.35616480654444505,0,0
error16,3144,2024-01-05,2024-01-15,-0.0158038409563566,2024,2023-12-31,learned_order_extension,20260910,0.4019000383386628,0.4019000383386628,0,0
error16,3149,2024-01-12,2024-01-22,-0.002333261979756,2024,2023-12-31,learned_order_extension,20260910,0.4536929976964038,0.4536929976964038,0,0
error16,3154,2024-01-19,2024-01-29,0.0223511633823452,2024,2023-12-31,learned_order_extension,20260910,0.4065097447533653,0.4065097447533653,0,1
error16,3159,2024-01-26,2024-02-05,-0.0513103415192826,2024,2023-12-31,learned_order_extension,20260910,0.4181108069924978,0.4181108069924978,0,0
error16,3164,2024-02-02,2024-02-26,0.1015374891364462,2024,2023-12-31,learned_order_extension,20260910,0.6639940867614434,0.6639940867614434,1,1
error16,3173,2024-02-23,2024-03-04,0.0151569053862528,2024,2023-12-31,learned_order_extension,20260910,0.6509742827223437,0.6509742827223437,1,1
error16,3178,2024-03-01,2024-03-11,0.0021394031715169,2024,2023-12-31,learned_order_extension,20260910,0.596427953854031,0.596427953854031,1,1
error16,3183,2024-03-08,2024-03-18,0.0087762342284414,2024,2023-12-31,learned_order_extension,20260910,0.5823638998065179,0.5823638998065179,1,1
error16,3188,2024-03-15,2024-03-25,-0.0112802133595746,2024,2023-12-31,learned_order_extension,20260910,0.5649258035498114,0.5649258035498114,1,0
error16,3193,2024-03-22,2024-04-01,0.0042044725182444,2024,2023-12-31,learned_order_extension,20260910,0.4756478826315535,0.4756478826315535,0,1
error16,3198,2024-03-29,2024-04-15,-0.0219845815102011,2024,2023-12-31,learned_order_extension,20260910,0.44826023295447676,0.44826023295447676,0,0
error16,3206,2024-04-12,2024-04-22,0.018045199366633,2024,2023-12-31,learned_order_extension,20260910,0.3886483454535768,0.3886483454535768,0,1
error16,3211,2024-04-19,2024-04-29,0.0136757744232476,2024,2023-12-31,learned_order_extension,20260910,0.3831378513745901,0.3831378513745901,0,1
error16,3216,2024-04-26,2024-05-13,0.0172434956786644,2024,2023-12-31,learned_order_extension,20260910,0.37424697076859526,0.37424697076859526,0,1
error16,3223,2024-05-10,2024-05-20,0.0097933549988344,2024,2023-12-31,learned_order_extension,20260910,0.3903039016654425,0.3903039016654425,0,1
error16,3228,2024-05-17,2024-05-27,-0.0204803832637164,2024,2023-12-31,learned_order_extension,20260910,0.40843859964633433,0.40843859964633433,0,0
error16,3233,2024-05-24,2024-06-03,-0.0081155643048258,2024,2023-12-31,learned_order_extension,20260910,0.43309876347512,0.43309876347512,0,0
error16,3238,2024-05-31,2024-06-11,-0.0060267570121149,2024,2023-12-31,learned_order_extension,20260910,0.446586280617722,0.446586280617722,0,0
error16,3243,2024-06-07,2024-06-17,-0.0096686558937179,2024,2023-12-31,learned_order_extension,20260910,0.626798924605605,0.626798924605605,1,0
error16,3247,2024-06-14,2024-06-24,-0.013573992457631,2024,2023-12-31,learned_order_extension,20260910,0.7178883635744532,0.7178883635744532,1,0
error16,3252,2024-06-21,2024-07-01,-0.004427632109257,2024,2023-12-31,learned_order_extension,20260910,0.4529899421679954,0.4529899421679954,0,0
error16,3257,2024-06-28,2024-07-08,-0.0108320369203009,2024,2023-12-31,learned_order_extension,20260910,0.5695267559005048,0.5695267559005048,1,0
error16,3262,2024-07-05,2024-07-15,0.0122222871842843,2024,2023-12-31,learned_order_extension,20260910,0.5846151349808663,0.5846151349808663,1,1
error16,3267,2024-07-12,2024-07-22,0.0218881133018156,2024,2023-12-31,learned_order_extension,20260910,0.4936385751696033,0.4936385751696033,0,1
error16,3272,2024-07-19,2024-07-29,-0.0378787022382998,2024,2023-12-31,learned_order_extension,20260910,0.5296682623864001,0.5296682623864001,1,0
error16,3277,2024-07-26,2024-08-05,-0.0124134568216732,2024,2023-12-31,learned_order_extension,20260910,0.5342552376814222,0.5342552376814222,1,0
error16,3282,2024-08-02,2024-08-12,-0.0102762848330364,2024,2023-12-31,learned_order_extension,20260910,0.5292356219824177,0.5292356219824177,1,0
error16,3287,2024-08-09,2024-08-19,0.0050186923751938,2024,2023-12-31,learned_order_extension,20260910,0.5758956552207214,0.5758956552207214,1,1
error16,3292,2024-08-16,2024-08-26,-0.0040487282687352,2024,2023-12-31,learned_order_extension,20260910,0.3908604034072806,0.3908604034072806,0,0
error16,3297,2024-08-23,2024-09-02,-0.0069594562136714,2024,2023-12-31,learned_order_extension,20260910,0.2988950234639935,0.2988950234639935,0,0
error16,3302,2024-08-30,2024-09-09,-0.0280389655151561,2024,2023-12-31,learned_order_extension,20260910,0.2686520456873332,0.2686520456873332,0,0
error16,3307,2024-09-06,2024-09-18,-0.0174132138857783,2024,2023-12-31,learned_order_extension,20260910,0.28845699674235586,0.28845699674235586,0,0
error16,3312,2024-09-13,2024-09-24,0.0133119329369826,2024,2023-12-31,learned_order_extension,20260910,0.3306515596775702,0.3306515596775702,0,1
error16,3315,2024-09-20,2024-09-30,0.2017513988384409,2024,2023-12-31,learned_order_extension,20260910,0.3078891103773537,0.3078891103773537,0,1
error16,3320,2024-09-27,2024-10-14,0.0178259004588408,2024,2023-12-31,learned_order_extension,20260910,0.5428289525080278,0.5428289525080278,1,1
error16,3325,2024-10-11,2024-10-21,0.0080914993282625,2024,2023-12-31,learned_order_extension,20260910,0.5822023275306868,0.5822023275306868,1,1
error16,3330,2024-10-18,2024-10-28,0.0015733867085561,2024,2023-12-31,learned_order_extension,20260910,0.5714046015164417,0.5714046015164417,1,1
error16,3335,2024-10-25,2024-11-04,-0.0140142824257356,2024,2023-12-31,learned_order_extension,20260910,0.5699380979169686,0.5699380979169686,1,0
error16,3340,2024-11-01,2024-11-11,0.0434152361258277,2024,2023-12-31,learned_order_extension,20260910,0.5940299307722281,0.5940299307722281,1,1
error16,3345,2024-11-08,2024-11-18,-0.0208584853931589,2024,2023-12-31,learned_order_extension,20260910,0.411107283779769,0.411107283779769,0,0
error16,3350,2024-11-15,2024-11-25,-0.0267421712161923,2024,2023-12-31,learned_order_extension,20260910,0.39605543665647713,0.39605543665647713,0,0
error16,3355,2024-11-22,2024-12-02,0.0087960346887328,2024,2023-12-31,learned_order_extension,20260910,0.5115475257965196,0.5115475257965196,1,1
error16,3360,2024-11-29,2024-12-09,0.0155919891551781,2024,2023-12-31,learned_order_extension,20260910,0.5440391301685066,0.5440391301685066,1,1
error16,3365,2024-12-06,2024-12-16,-0.0100436703218104,2024,2023-12-31,learned_order_extension,20260910,0.49467283869914347,0.49467283869914347,0,0
error16,3370,2024-12-13,2024-12-23,-0.0006690784017421,2024,2023-12-31,learned_order_extension,20260910,0.41586894239738387,0.41586894239738387,0,0
error16,3375,2024-12-20,2024-12-30,0.0123595076562756,2024,2023-12-31,learned_order_extension,20260910,0.35397540001038474,0.35397540001038474,0,1
error16,3380,2024-12-27,2025-01-06,-0.0504714964669198,2024,2023-12-31,learned_order_extension,20260910,0.3176586272754358,0.3176586272754358,0,0
error16,3144,2024-01-05,2024-01-15,-0.0158038409563566,2024,2023-12-31,learned_order_offset,20260910,0.40294607271257427,0.40294607271257427,0,0
error16,3149,2024-01-12,2024-01-22,-0.002333261979756,2024,2023-12-31,learned_order_offset,20260910,0.45320010017286466,0.45320010017286466,0,0
error16,3154,2024-01-19,2024-01-29,0.0223511633823452,2024,2023-12-31,learned_order_offset,20260910,0.40698948981731453,0.40698948981731453,0,1
error16,3159,2024-01-26,2024-02-05,-0.0513103415192826,2024,2023-12-31,learned_order_offset,20260910,0.4180998926398431,0.4180998926398431,0,0
error16,3164,2024-02-02,2024-02-26,0.1015374891364462,2024,2023-12-31,learned_order_offset,20260910,0.662467427882048,0.662467427882048,1,1
error16,3173,2024-02-23,2024-03-04,0.0151569053862528,2024,2023-12-31,learned_order_offset,20260910,0.6495192030104356,0.6495192030104356,1,1
error16,3178,2024-03-01,2024-03-11,0.0021394031715169,2024,2023-12-31,learned_order_offset,20260910,0.5953483627631191,0.5953483627631191,1,1
error16,3183,2024-03-08,2024-03-18,0.0087762342284414,2024,2023-12-31,learned_order_offset,20260910,0.5813453143574694,0.5813453143574694,1,1
error16,3188,2024-03-15,2024-03-25,-0.0112802133595746,2024,2023-12-31,learned_order_offset,20260910,0.5629285714576356,0.5629285714576356,1,0
error16,3193,2024-03-22,2024-04-01,0.0042044725182444,2024,2023-12-31,learned_order_offset,20260910,0.4746800194029474,0.4746800194029474,0,1
error16,3198,2024-03-29,2024-04-15,-0.0219845815102011,2024,2023-12-31,learned_order_offset,20260910,0.4474975970181041,0.4474975970181041,0,0
error16,3206,2024-04-12,2024-04-22,0.018045199366633,2024,2023-12-31,learned_order_offset,20260910,0.38808228102297715,0.38808228102297715,0,1
error16,3211,2024-04-19,2024-04-29,0.0136757744232476,2024,2023-12-31,learned_order_offset,20260910,0.3836585040753394,0.3836585040753394,0,1
error16,3216,2024-04-26,2024-05-13,0.0172434956786644,2024,2023-12-31,learned_order_offset,20260910,0.3751323735259505,0.3751323735259505,0,1
error16,3223,2024-05-10,2024-05-20,0.0097933549988344,2024,2023-12-31,learned_order_offset,20260910,0.39075291038896165,0.39075291038896165,0,1
error16,3228,2024-05-17,2024-05-27,-0.0204803832637164,2024,2023-12-31,learned_order_offset,20260910,0.4087832887536437,0.4087832887536437,0,0
error16,3233,2024-05-24,2024-06-03,-0.0081155643048258,2024,2023-12-31,learned_order_offset,20260910,0.4331137649724263,0.4331137649724263,0,0
error16,3238,2024-05-31,2024-06-11,-0.0060267570121149,2024,2023-12-31,learned_order_offset,20260910,0.44619955765953745,0.44619955765953745,0,0
error16,3243,2024-06-07,2024-06-17,-0.0096686558937179,2024,2023-12-31,learned_order_offset,20260910,0.6254437339879714,0.6254437339879714,1,0
error16,3247,2024-06-14,2024-06-24,-0.013573992457631,2024,2023-12-31,learned_order_offset,20260910,0.71648459870885,0.71648459870885,1,0
error16,3252,2024-06-21,2024-07-01,-0.004427632109257,2024,2023-12-31,learned_order_offset,20260910,0.4526436242684473,0.4526436242684473,0,0
error16,3257,2024-06-28,2024-07-08,-0.0108320369203009,2024,2023-12-31,learned_order_offset,20260910,0.5689843527024087,0.5689843527024087,1,0
error16,3262,2024-07-05,2024-07-15,0.0122222871842843,2024,2023-12-31,learned_order_offset,20260910,0.5842448716823806,0.5842448716823806,1,1
error16,3267,2024-07-12,2024-07-22,0.0218881133018156,2024,2023-12-31,learned_order_offset,20260910,0.4936392396364766,0.4936392396364766,0,1
error16,3272,2024-07-19,2024-07-29,-0.0378787022382998,2024,2023-12-31,learned_order_offset,20260910,0.5295267723966676,0.5295267723966676,1,0
error16,3277,2024-07-26,2024-08-05,-0.0124134568216732,2024,2023-12-31,learned_order_offset,20260910,0.534747071252778,0.534747071252778,1,0
error16,3282,2024-08-02,2024-08-12,-0.0102762848330364,2024,2023-12-31,learned_order_offset,20260910,0.5292954801203056,0.5292954801203056,1,0
error16,3287,2024-08-09,2024-08-19,0.0050186923751938,2024,2023-12-31,learned_order_offset,20260910,0.5750745514649787,0.5750745514649787,1,1
error16,3292,2024-08-16,2024-08-26,-0.0040487282687352,2024,2023-12-31,learned_order_offset,20260910,0.39186360794620234,0.39186360794620234,0,0
error16,3297,2024-08-23,2024-09-02,-0.0069594562136714,2024,2023-12-31,learned_order_offset,20260910,0.30043221421652405,0.30043221421652405,0,0
error16,3302,2024-08-30,2024-09-09,-0.0280389655151561,2024,2023-12-31,learned_order_offset,20260910,0.2705414281447007,0.2705414281447007,0,0
error16,3307,2024-09-06,2024-09-18,-0.0174132138857783,2024,2023-12-31,learned_order_offset,20260910,0.2898359177118046,0.2898359177118046,0,0
error16,3312,2024-09-13,2024-09-24,0.0133119329369826,2024,2023-12-31,learned_order_offset,20260910,0.33145087529619405,0.33145087529619405,0,1
error16,3315,2024-09-20,2024-09-30,0.2017513988384409,2024,2023-12-31,learned_order_offset,20260910,0.30890371440648795,0.30890371440648795,0,1
error16,3320,2024-09-27,2024-10-14,0.0178259004588408,2024,2023-12-31,learned_order_offset,20260910,0.5430894109936676,0.5430894109936676,1,1
error16,3325,2024-10-11,2024-10-21,0.0080914993282625,2024,2023-12-31,learned_order_offset,20260910,0.5826381124149342,0.5826381124149342,1,1
error16,3330,2024-10-18,2024-10-28,0.0015733867085561,2024,2023-12-31,learned_order_offset,20260910,0.5719329439518137,0.5719329439518137,1,1
error16,3335,2024-10-25,2024-11-04,-0.0140142824257356,2024,2023-12-31,learned_order_offset,20260910,0.5699230458006388,0.5699230458006388,1,0
error16,3340,2024-11-01,2024-11-11,0.0434152361258277,2024,2023-12-31,learned_order_offset,20260910,0.5943872844245232,0.5943872844245232,1,1
error16,3345,2024-11-08,2024-11-18,-0.0208584853931589,2024,2023-12-31,learned_order_offset,20260910,0.4117587061424781,0.4117587061424781,0,0
error16,3350,2024-11-15,2024-11-25,-0.0267421712161923,2024,2023-12-31,learned_order_offset,20260910,0.39692557218174884,0.39692557218174884,0,0
error16,3355,2024-11-22,2024-12-02,0.0087960346887328,2024,2023-12-31,learned_order_offset,20260910,0.5105432513675927,0.5105432513675927,1,1
error16,3360,2024-11-29,2024-12-09,0.0155919891551781,2024,2023-12-31,learned_order_offset,20260910,0.5431521172921228,0.5431521172921228,1,1
error16,3365,2024-12-06,2024-12-16,-0.0100436703218104,2024,2023-12-31,learned_order_offset,20260910,0.4931973928594116,0.4931973928594116,0,0
error16,3370,2024-12-13,2024-12-23,-0.0006690784017421,2024,2023-12-31,learned_order_offset,20260910,0.4157930804208651,0.4157930804208651,0,0
error16,3375,2024-12-20,2024-12-30,0.0123595076562756,2024,2023-12-31,learned_order_offset,20260910,0.35365572271165413,0.35365572271165413,0,1
error16,3380,2024-12-27,2025-01-06,-0.0504714964669198,2024,2023-12-31,learned_order_offset,20260910,0.3182149884773887,0.3182149884773887,0,0
error16,3144,2024-01-05,2024-01-15,-0.0158038409563566,2024,2023-12-31,native_mse,20260910,0.000251131835275678,,1,0
error16,3149,2024-01-12,2024-01-22,-0.002333261979756,2024,2023-12-31,native_mse,20260910,0.0007362057214049004,,1,0
error16,3154,2024-01-19,2024-01-29,0.0223511633823452,2024,2023-12-31,native_mse,20260910,-0.00023540604600351487,,0,1
error16,3159,2024-01-26,2024-02-05,-0.0513103415192826,2024,2023-12-31,native_mse,20260910,-0.001531436704987099,,0,0
error16,3164,2024-02-02,2024-02-26,0.1015374891364462,2024,2023-12-31,native_mse,20260910,0.004796229141878599,,1,1
error16,3173,2024-02-23,2024-03-04,0.0151569053862528,2024,2023-12-31,native_mse,20260910,0.005981439448417525,,1,1
error16,3178,2024-03-01,2024-03-11,0.0021394031715169,2024,2023-12-31,native_mse,20260910,0.002923079585146593,,1,1
error16,3183,2024-03-08,2024-03-18,0.0087762342284414,2024,2023-12-31,native_mse,20260910,0.004534858645957669,,1,1
error16,3188,2024-03-15,2024-03-25,-0.0112802133595746,2024,2023-12-31,native_mse,20260910,0.004141952477981538,,1,0
error16,3193,2024-03-22,2024-04-01,0.0042044725182444,2024,2023-12-31,native_mse,20260910,0.0018727898596620025,,1,1
error16,3198,2024-03-29,2024-04-15,-0.0219845815102011,2024,2023-12-31,native_mse,20260910,0.0003645787473085561,,1,0
error16,3206,2024-04-12,2024-04-22,0.018045199366633,2024,2023-12-31,native_mse,20260910,-0.00021832918624461518,,0,1
error16,3211,2024-04-19,2024-04-29,0.0136757744232476,2024,2023-12-31,native_mse,20260910,0.0005323002819172812,,1,1
error16,3216,2024-04-26,2024-05-13,0.0172434956786644,2024,2023-12-31,native_mse,20260910,-0.00014728683736751251,,0,1
error16,3223,2024-05-10,2024-05-20,0.0097933549988344,2024,2023-12-31,native_mse,20260910,0.0004133340837300701,,1,1
error16,3228,2024-05-17,2024-05-27,-0.0204803832637164,2024,2023-12-31,native_mse,20260910,0.0036262081384896457,,1,0
error16,3233,2024-05-24,2024-06-03,-0.0081155643048258,2024,2023-12-31,native_mse,20260910,0.0049904247327292855,,1,0
error16,3238,2024-05-31,2024-06-11,-0.0060267570121149,2024,2023-12-31,native_mse,20260910,0.0040244113389711345,,1,0
error16,3243,2024-06-07,2024-06-17,-0.0096686558937179,2024,2023-12-31,native_mse,20260910,0.008609928356971403,,1,0
error16,3247,2024-06-14,2024-06-24,-0.013573992457631,2024,2023-12-31,native_mse,20260910,0.008961501129694911,,1,0
error16,3252,2024-06-21,2024-07-01,-0.004427632109257,2024,2023-12-31,native_mse,20260910,0.0009177608055072099,,1,0
error16,3257,2024-06-28,2024-07-08,-0.0108320369203009,2024,2023-12-31,native_mse,20260910,0.0030020981914033497,,1,0
error16,3262,2024-07-05,2024-07-15,0.0122222871842843,2024,2023-12-31,native_mse,20260910,0.00336049012064386,,1,1
error16,3267,2024-07-12,2024-07-22,0.0218881133018156,2024,2023-12-31,native_mse,20260910,-0.0006421845267103974,,0,1
error16,3272,2024-07-19,2024-07-29,-0.0378787022382998,2024,2023-12-31,native_mse,20260910,0.0004540341648428114,,1,0
error16,3277,2024-07-26,2024-08-05,-0.0124134568216732,2024,2023-12-31,native_mse,20260910,0.0013231998081271626,,1,0
error16,3282,2024-08-02,2024-08-12,-0.0102762848330364,2024,2023-12-31,native_mse,20260910,0.001303372172405589,,1,0
error16,3287,2024-08-09,2024-08-19,0.0050186923751938,2024,2023-12-31,native_mse,20260910,0.00011119162293128984,,1,1
error16,3292,2024-08-16,2024-08-26,-0.0040487282687352,2024,2023-12-31,native_mse,20260910,0.0014903087569155989,,1,0
error16,3297,2024-08-23,2024-09-02,-0.0069594562136714,2024,2023-12-31,native_mse,20260910,-0.0030751570665977007,,0,0
error16,3302,2024-08-30,2024-09-09,-0.0280389655151561,2024,2023-12-31,native_mse,20260910,-0.003508085985855703,,0,0
error16,3307,2024-09-06,2024-09-18,-0.0174132138857783,2024,2023-12-31,native_mse,20260910,-0.0025693655960970898,,0,0
error16,3312,2024-09-13,2024-09-24,0.0133119329369826,2024,2023-12-31,native_mse,20260910,0.00017194356388446877,,1,1
error16,3315,2024-09-20,2024-09-30,0.2017513988384409,2024,2023-12-31,native_mse,20260910,0.0007791555801138394,,1,1
error16,3320,2024-09-27,2024-10-14,0.0178259004588408,2024,2023-12-31,native_mse,20260910,0.0007616530796663938,,1,1
error16,3325,2024-10-11,2024-10-21,0.0080914993282625,2024,2023-12-31,native_mse,20260910,-0.0026429925872939004,,0,1
error16,3330,2024-10-18,2024-10-28,0.0015733867085561,2024,2023-12-31,native_mse,20260910,-0.004083051697418182,,0,1
error16,3335,2024-10-25,2024-11-04,-0.0140142824257356,2024,2023-12-31,native_mse,20260910,-0.003618447449131282,,0,0
error16,3340,2024-11-01,2024-11-11,0.0434152361258277,2024,2023-12-31,native_mse,20260910,-0.0042863223001300965,,0,1
error16,3345,2024-11-08,2024-11-18,-0.0208584853931589,2024,2023-12-31,native_mse,20260910,-0.0028591792362593097,,0,0
error16,3350,2024-11-15,2024-11-25,-0.0267421712161923,2024,2023-12-31,native_mse,20260910,-0.0017028092388012967,,0,0
error16,3355,2024-11-22,2024-12-02,0.0087960346887328,2024,2023-12-31,native_mse,20260910,-0.0009456406767515755,,0,1
error16,3360,2024-11-29,2024-12-09,0.0155919891551781,2024,2023-12-31,native_mse,20260910,-0.0002599534945060551,,0,1
error16,3365,2024-12-06,2024-12-16,-0.0100436703218104,2024,2023-12-31,native_mse,20260910,0.0007542474780432574,,1,0
error16,3370,2024-12-13,2024-12-23,-0.0006690784017421,2024,2023-12-31,native_mse,20260910,-0.0007125951992407705,,0,0
error16,3375,2024-12-20,2024-12-30,0.0123595076562756,2024,2023-12-31,native_mse,20260910,-0.0012475930255920083,,0,1
error16,3380,2024-12-27,2025-01-06,-0.0504714964669198,2024,2023-12-31,native_mse,20260910,-0.00024548952899875387,,0,0
error16,3144,2024-01-05,2024-01-15,-0.0158038409563566,2024,2023-12-31,training_frequency,-1,0.5024834437086093,0.5024834437086093,1,0
error16,3149,2024-01-12,2024-01-22,-0.002333261979756,2024,2023-12-31,training_frequency,-1,0.5024834437086093,0.5024834437086093,1,0
error16,3154,2024-01-19,2024-01-29,0.0223511633823452,2024,2023-12-31,training_frequency,-1,0.5024834437086093,0.5024834437086093,1,1
error16,3159,2024-01-26,2024-02-05,-0.0513103415192826,2024,2023-12-31,training_frequency,-1,0.5024834437086093,0.5024834437086093,1,0
error16,3164,2024-02-02,2024-02-26,0.1015374891364462,2024,2023-12-31,training_frequency,-1,0.5024834437086093,0.5024834437086093,1,1
error16,3173,2024-02-23,2024-03-04,0.0151569053862528,2024,2023-12-31,training_frequency,-1,0.5024834437086093,0.5024834437086093,1,1
error16,3178,2024-03-01,2024-03-11,0.0021394031715169,2024,2023-12-31,training_frequency,-1,0.5024834437086093,0.5024834437086093,1,1
error16,3183,2024-03-08,2024-03-18,0.0087762342284414,2024,2023-12-31,training_frequency,-1,0.5024834437086093,0.5024834437086093,1,1
error16,3188,2024-03-15,2024-03-25,-0.0112802133595746,2024,2023-12-31,training_frequency,-1,0.5024834437086093,0.5024834437086093,1,0
error16,3193,2024-03-22,2024-04-01,0.0042044725182444,2024,2023-12-31,training_frequency,-1,0.5024834437086093,0.5024834437086093,1,1
error16,3198,2024-03-29,2024-04-15,-0.0219845815102011,2024,2023-12-31,training_frequency,-1,0.5024834437086093,0.5024834437086093,1,0
error16,3206,2024-04-12,2024-04-22,0.018045199366633,2024,2023-12-31,training_frequency,-1,0.5024834437086093,0.5024834437086093,1,1
error16,3211,2024-04-19,2024-04-29,0.0136757744232476,2024,2023-12-31,training_frequency,-1,0.5024834437086093,0.5024834437086093,1,1
error16,3216,2024-04-26,2024-05-13,0.0172434956786644,2024,2023-12-31,training_frequency,-1,0.5024834437086093,0.5024834437086093,1,1
error16,3223,2024-05-10,2024-05-20,0.0097933549988344,2024,2023-12-31,training_frequency,-1,0.5024834437086093,0.5024834437086093,1,1
error16,3228,2024-05-17,2024-05-27,-0.0204803832637164,2024,2023-12-31,training_frequency,-1,0.5024834437086093,0.5024834437086093,1,0
error16,3233,2024-05-24,2024-06-03,-0.0081155643048258,2024,2023-12-31,training_frequency,-1,0.5024834437086093,0.5024834437086093,1,0
error16,3238,2024-05-31,2024-06-11,-0.0060267570121149,2024,2023-12-31,training_frequency,-1,0.5024834437086093,0.5024834437086093,1,0
error16,3243,2024-06-07,2024-06-17,-0.0096686558937179,2024,2023-12-31,training_frequency,-1,0.5024834437086093,0.5024834437086093,1,0
error16,3247,2024-06-14,2024-06-24,-0.013573992457631,2024,2023-12-31,training_frequency,-1,0.5024834437086093,0.5024834437086093,1,0
error16,3252,2024-06-21,2024-07-01,-0.004427632109257,2024,2023-12-31,training_frequency,-1,0.5024834437086093,0.5024834437086093,1,0
error16,3257,2024-06-28,2024-07-08,-0.0108320369203009,2024,2023-12-31,training_frequency,-1,0.5024834437086093,0.5024834437086093,1,0
error16,3262,2024-07-05,2024-07-15,0.0122222871842843,2024,2023-12-31,training_frequency,-1,0.5024834437086093,0.5024834437086093,1,1
error16,3267,2024-07-12,2024-07-22,0.0218881133018156,2024,2023-12-31,training_frequency,-1,0.5024834437086093,0.5024834437086093,1,1
error16,3272,2024-07-19,2024-07-29,-0.0378787022382998,2024,2023-12-31,training_frequency,-1,0.5024834437086093,0.5024834437086093,1,0
error16,3277,2024-07-26,2024-08-05,-0.0124134568216732,2024,2023-12-31,training_frequency,-1,0.5024834437086093,0.5024834437086093,1,0
error16,3282,2024-08-02,2024-08-12,-0.0102762848330364,2024,2023-12-31,training_frequency,-1,0.5024834437086093,0.5024834437086093,1,0
error16,3287,2024-08-09,2024-08-19,0.0050186923751938,2024,2023-12-31,training_frequency,-1,0.5024834437086093,0.5024834437086093,1,1
error16,3292,2024-08-16,2024-08-26,-0.0040487282687352,2024,2023-12-31,training_frequency,-1,0.5024834437086093,0.5024834437086093,1,0
error16,3297,2024-08-23,2024-09-02,-0.0069594562136714,2024,2023-12-31,training_frequency,-1,0.5024834437086093,0.5024834437086093,1,0
error16,3302,2024-08-30,2024-09-09,-0.0280389655151561,2024,2023-12-31,training_frequency,-1,0.5024834437086093,0.5024834437086093,1,0
error16,3307,2024-09-06,2024-09-18,-0.0174132138857783,2024,2023-12-31,training_frequency,-1,0.5024834437086093,0.5024834437086093,1,0
error16,3312,2024-09-13,2024-09-24,0.0133119329369826,2024,2023-12-31,training_frequency,-1,0.5024834437086093,0.5024834437086093,1,1
error16,3315,2024-09-20,2024-09-30,0.2017513988384409,2024,2023-12-31,training_frequency,-1,0.5024834437086093,0.5024834437086093,1,1
error16,3320,2024-09-27,2024-10-14,0.0178259004588408,2024,2023-12-31,training_frequency,-1,0.5024834437086093,0.5024834437086093,1,1
error16,3325,2024-10-11,2024-10-21,0.0080914993282625,2024,2023-12-31,training_frequency,-1,0.5024834437086093,0.5024834437086093,1,1
error16,3330,2024-10-18,2024-10-28,0.0015733867085561,2024,2023-12-31,training_frequency,-1,0.5024834437086093,0.5024834437086093,1,1
error16,3335,2024-10-25,2024-11-04,-0.0140142824257356,2024,2023-12-31,training_frequency,-1,0.5024834437086093,0.5024834437086093,1,0
error16,3340,2024-11-01,2024-11-11,0.0434152361258277,2024,2023-12-31,training_frequency,-1,0.5024834437086093,0.5024834437086093,1,1
error16,3345,2024-11-08,2024-11-18,-0.0208584853931589,2024,2023-12-31,training_frequency,-1,0.5024834437086093,0.5024834437086093,1,0
error16,3350,2024-11-15,2024-11-25,-0.0267421712161923,2024,2023-12-31,training_frequency,-1,0.5024834437086093,0.5024834437086093,1,0
error16,3355,2024-11-22,2024-12-02,0.0087960346887328,2024,2023-12-31,training_frequency,-1,0.5024834437086093,0.5024834437086093,1,1
error16,3360,2024-11-29,2024-12-09,0.0155919891551781,2024,2023-12-31,training_frequency,-1,0.5024834437086093,0.5024834437086093,1,1
error16,3365,2024-12-06,2024-12-16,-0.0100436703218104,2024,2023-12-31,training_frequency,-1,0.5024834437086093,0.5024834437086093,1,0
error16,3370,2024-12-13,2024-12-23,-0.0006690784017421,2024,2023-12-31,training_frequency,-1,0.5024834437086093,0.5024834437086093,1,0
error16,3375,2024-12-20,2024-12-30,0.0123595076562756,2024,2023-12-31,training_frequency,-1,0.5024834437086093,0.5024834437086093,1,1
error16,3380,2024-12-27,2025-01-06,-0.0504714964669198,2024,2023-12-31,training_frequency,-1,0.5024834437086093,0.5024834437086093,1,0
error16,3144,2024-01-05,2024-01-15,-0.0158038409563566,2024,2023-12-31,learned_market,20260911,0.5054381986976906,0.5054381986976906,1,0
error16,3149,2024-01-12,2024-01-22,-0.002333261979756,2024,2023-12-31,learned_market,20260911,0.5344404908323787,0.5344404908323787,1,0
error16,3154,2024-01-19,2024-01-29,0.0223511633823452,2024,2023-12-31,learned_market,20260911,0.6056082203678326,0.6056082203678326,1,1
error16,3159,2024-01-26,2024-02-05,-0.0513103415192826,2024,2023-12-31,learned_market,20260911,0.536236284491504,0.536236284491504,1,0
error16,3164,2024-02-02,2024-02-26,0.1015374891364462,2024,2023-12-31,learned_market,20260911,0.5342416496354764,0.5342416496354764,1,1
error16,3173,2024-02-23,2024-03-04,0.0151569053862528,2024,2023-12-31,learned_market,20260911,0.636064859077555,0.636064859077555,1,1
error16,3178,2024-03-01,2024-03-11,0.0021394031715169,2024,2023-12-31,learned_market,20260911,0.5744958412225454,0.5744958412225454,1,1
error16,3183,2024-03-08,2024-03-18,0.0087762342284414,2024,2023-12-31,learned_market,20260911,0.6235376359173743,0.6235376359173743,1,1
error16,3188,2024-03-15,2024-03-25,-0.0112802133595746,2024,2023-12-31,learned_market,20260911,0.5250838960153138,0.5250838960153138,1,0
error16,3193,2024-03-22,2024-04-01,0.0042044725182444,2024,2023-12-31,learned_market,20260911,0.5710939352608271,0.5710939352608271,1,1
error16,3198,2024-03-29,2024-04-15,-0.0219845815102011,2024,2023-12-31,learned_market,20260911,0.3834197760468657,0.3834197760468657,0,0
error16,3206,2024-04-12,2024-04-22,0.018045199366633,2024,2023-12-31,learned_market,20260911,0.4010137779932345,0.4010137779932345,0,1
error16,3211,2024-04-19,2024-04-29,0.0136757744232476,2024,2023-12-31,learned_market,20260911,0.6881239388416772,0.6881239388416772,1,1
error16,3216,2024-04-26,2024-05-13,0.0172434956786644,2024,2023-12-31,learned_market,20260911,0.7017626392504613,0.7017626392504613,1,1
error16,3223,2024-05-10,2024-05-20,0.0097933549988344,2024,2023-12-31,learned_market,20260911,0.34643372246634235,0.34643372246634235,0,1
error16,3228,2024-05-17,2024-05-27,-0.0204803832637164,2024,2023-12-31,learned_market,20260911,0.4431227189539159,0.4431227189539159,0,0
error16,3233,2024-05-24,2024-06-03,-0.0081155643048258,2024,2023-12-31,learned_market,20260911,0.37604335071722716,0.37604335071722716,0,0
error16,3238,2024-05-31,2024-06-11,-0.0060267570121149,2024,2023-12-31,learned_market,20260911,0.4623695985721365,0.4623695985721365,0,0
error16,3243,2024-06-07,2024-06-17,-0.0096686558937179,2024,2023-12-31,learned_market,20260911,0.4582644121723416,0.4582644121723416,0,0
error16,3247,2024-06-14,2024-06-24,-0.013573992457631,2024,2023-12-31,learned_market,20260911,0.547653314525006,0.547653314525006,1,0
error16,3252,2024-06-21,2024-07-01,-0.004427632109257,2024,2023-12-31,learned_market,20260911,0.47189161681005365,0.47189161681005365,0,0
error16,3257,2024-06-28,2024-07-08,-0.0108320369203009,2024,2023-12-31,learned_market,20260911,0.5123469688343429,0.5123469688343429,1,0
error16,3262,2024-07-05,2024-07-15,0.0122222871842843,2024,2023-12-31,learned_market,20260911,0.45126286241747676,0.45126286241747676,0,1
error16,3267,2024-07-12,2024-07-22,0.0218881133018156,2024,2023-12-31,learned_market,20260911,0.5332769498693494,0.5332769498693494,1,1
error16,3272,2024-07-19,2024-07-29,-0.0378787022382998,2024,2023-12-31,learned_market,20260911,0.40748796116344355,0.40748796116344355,0,0
error16,3277,2024-07-26,2024-08-05,-0.0124134568216732,2024,2023-12-31,learned_market,20260911,0.478355530473102,0.478355530473102,0,0
error16,3282,2024-08-02,2024-08-12,-0.0102762848330364,2024,2023-12-31,learned_market,20260911,0.3834188816798506,0.3834188816798506,0,0
error16,3287,2024-08-09,2024-08-19,0.0050186923751938,2024,2023-12-31,learned_market,20260911,0.42469973553977347,0.42469973553977347,0,1
error16,3292,2024-08-16,2024-08-26,-0.0040487282687352,2024,2023-12-31,learned_market,20260911,0.29687018071515625,0.29687018071515625,0,0
error16,3297,2024-08-23,2024-09-02,-0.0069594562136714,2024,2023-12-31,learned_market,20260911,0.34723831026140495,0.34723831026140495,0,0
error16,3302,2024-08-30,2024-09-09,-0.0280389655151561,2024,2023-12-31,learned_market,20260911,0.338131357699674,0.338131357699674,0,0
error16,3307,2024-09-06,2024-09-18,-0.0174132138857783,2024,2023-12-31,learned_market,20260911,0.3981701161949381,0.3981701161949381,0,0
error16,3312,2024-09-13,2024-09-24,0.0133119329369826,2024,2023-12-31,learned_market,20260911,0.4602703023881774,0.4602703023881774,0,1
error16,3315,2024-09-20,2024-09-30,0.2017513988384409,2024,2023-12-31,learned_market,20260911,0.48844687615774224,0.48844687615774224,0,1
error16,3320,2024-09-27,2024-10-14,0.0178259004588408,2024,2023-12-31,learned_market,20260911,0.6935862325010999,0.6935862325010999,1,1
error16,3325,2024-10-11,2024-10-21,0.0080914993282625,2024,2023-12-31,learned_market,20260911,0.7037035552786773,0.7037035552786773,1,1
error16,3330,2024-10-18,2024-10-28,0.0015733867085561,2024,2023-12-31,learned_market,20260911,0.6276974127279125,0.6276974127279125,1,1
error16,3335,2024-10-25,2024-11-04,-0.0140142824257356,2024,2023-12-31,learned_market,20260911,0.45809633325380006,0.45809633325380006,0,0
error16,3340,2024-11-01,2024-11-11,0.0434152361258277,2024,2023-12-31,learned_market,20260911,0.4000970572378428,0.4000970572378428,0,1
error16,3345,2024-11-08,2024-11-18,-0.0208584853931589,2024,2023-12-31,learned_market,20260911,0.40593736915879713,0.40593736915879713,0,0
error16,3350,2024-11-15,2024-11-25,-0.0267421712161923,2024,2023-12-31,learned_market,20260911,0.455730074665633,0.455730074665633,0,0
error16,3355,2024-11-22,2024-12-02,0.0087960346887328,2024,2023-12-31,learned_market,20260911,0.3896395612224614,0.3896395612224614,0,1
error16,3360,2024-11-29,2024-12-09,0.0155919891551781,2024,2023-12-31,learned_market,20260911,0.5648004239815676,0.5648004239815676,1,1
error16,3365,2024-12-06,2024-12-16,-0.0100436703218104,2024,2023-12-31,learned_market,20260911,0.4339892041348209,0.4339892041348209,0,0
error16,3370,2024-12-13,2024-12-23,-0.0006690784017421,2024,2023-12-31,learned_market,20260911,0.31485157623264104,0.31485157623264104,0,0
error16,3375,2024-12-20,2024-12-30,0.0123595076562756,2024,2023-12-31,learned_market,20260911,0.30917200008354345,0.30917200008354345,0,1
error16,3380,2024-12-27,2025-01-06,-0.0504714964669198,2024,2023-12-31,learned_market,20260911,0.5719698356929027,0.5719698356929027,1,0
error16,3144,2024-01-05,2024-01-15,-0.0158038409563566,2024,2023-12-31,learned_vol_interaction,20260911,0.5055907048902185,0.5055907048902185,1,0
error16,3149,2024-01-12,2024-01-22,-0.002333261979756,2024,2023-12-31,learned_vol_interaction,20260911,0.5345697430715253,0.5345697430715253,1,0
error16,3154,2024-01-19,2024-01-29,0.0223511633823452,2024,2023-12-31,learned_vol_interaction,20260911,0.6057144516952688,0.6057144516952688,1,1
error16,3159,2024-01-26,2024-02-05,-0.0513103415192826,2024,2023-12-31,learned_vol_interaction,20260911,0.5360497014286747,0.5360497014286747,1,0
error16,3164,2024-02-02,2024-02-26,0.1015374891364462,2024,2023-12-31,learned_vol_interaction,20260911,0.5340699292580867,0.5340699292580867,1,1
error16,3173,2024-02-23,2024-03-04,0.0151569053862528,2024,2023-12-31,learned_vol_interaction,20260911,0.635598842460853,0.635598842460853,1,1
error16,3178,2024-03-01,2024-03-11,0.0021394031715169,2024,2023-12-31,learned_vol_interaction,20260911,0.5740233508322927,0.5740233508322927,1,1
error16,3183,2024-03-08,2024-03-18,0.0087762342284414,2024,2023-12-31,learned_vol_interaction,20260911,0.6228491427098055,0.6228491427098055,1,1
error16,3188,2024-03-15,2024-03-25,-0.0112802133595746,2024,2023-12-31,learned_vol_interaction,20260911,0.5244855050624243,0.5244855050624243,1,0
error16,3193,2024-03-22,2024-04-01,0.0042044725182444,2024,2023-12-31,learned_vol_interaction,20260911,0.5705279783235351,0.5705279783235351,1,1
error16,3198,2024-03-29,2024-04-15,-0.0219845815102011,2024,2023-12-31,learned_vol_interaction,20260911,0.38271605688876176,0.38271605688876176,0,0
error16,3206,2024-04-12,2024-04-22,0.018045199366633,2024,2023-12-31,learned_vol_interaction,20260911,0.4005671244257861,0.4005671244257861,0,1
error16,3211,2024-04-19,2024-04-29,0.0136757744232476,2024,2023-12-31,learned_vol_interaction,20260911,0.6887193746097363,0.6887193746097363,1,1
error16,3216,2024-04-26,2024-05-13,0.0172434956786644,2024,2023-12-31,learned_vol_interaction,20260911,0.7022970676469774,0.7022970676469774,1,1
error16,3223,2024-05-10,2024-05-20,0.0097933549988344,2024,2023-12-31,learned_vol_interaction,20260911,0.3455594321474703,0.3455594321474703,0,1
error16,3228,2024-05-17,2024-05-27,-0.0204803832637164,2024,2023-12-31,learned_vol_interaction,20260911,0.44349832999365935,0.44349832999365935,0,0
error16,3233,2024-05-24,2024-06-03,-0.0081155643048258,2024,2023-12-31,learned_vol_interaction,20260911,0.37584176621168797,0.37584176621168797,0,0
error16,3238,2024-05-31,2024-06-11,-0.0060267570121149,2024,2023-12-31,learned_vol_interaction,20260911,0.462679170258509,0.462679170258509,0,0
error16,3243,2024-06-07,2024-06-17,-0.0096686558937179,2024,2023-12-31,learned_vol_interaction,20260911,0.45791502581125104,0.45791502581125104,0,0
error16,3247,2024-06-14,2024-06-24,-0.013573992457631,2024,2023-12-31,learned_vol_interaction,20260911,0.5487064397258339,0.5487064397258339,1,0
error16,3252,2024-06-21,2024-07-01,-0.004427632109257,2024,2023-12-31,learned_vol_interaction,20260911,0.4727875387503036,0.4727875387503036,0,0
error16,3257,2024-06-28,2024-07-08,-0.0108320369203009,2024,2023-12-31,learned_vol_interaction,20260911,0.5132044653177142,0.5132044653177142,1,0
error16,3262,2024-07-05,2024-07-15,0.0122222871842843,2024,2023-12-31,learned_vol_interaction,20260911,0.4522611437941403,0.4522611437941403,0,1
error16,3267,2024-07-12,2024-07-22,0.0218881133018156,2024,2023-12-31,learned_vol_interaction,20260911,0.534956256393257,0.534956256393257,1,1
error16,3272,2024-07-19,2024-07-29,-0.0378787022382998,2024,2023-12-31,learned_vol_interaction,20260911,0.40803032188098237,0.40803032188098237,0,0
error16,3277,2024-07-26,2024-08-05,-0.0124134568216732,2024,2023-12-31,learned_vol_interaction,20260911,0.47904891822544815,0.47904891822544815,0,0
error16,3282,2024-08-02,2024-08-12,-0.0102762848330364,2024,2023-12-31,learned_vol_interaction,20260911,0.3835304997712279,0.3835304997712279,0,0
error16,3287,2024-08-09,2024-08-19,0.0050186923751938,2024,2023-12-31,learned_vol_interaction,20260911,0.4241805247030577,0.4241805247030577,0,1
error16,3292,2024-08-16,2024-08-26,-0.0040487282687352,2024,2023-12-31,learned_vol_interaction,20260911,0.2956504689782993,0.2956504689782993,0,0
error16,3297,2024-08-23,2024-09-02,-0.0069594562136714,2024,2023-12-31,learned_vol_interaction,20260911,0.3460155814509531,0.3460155814509531,0,0
error16,3302,2024-08-30,2024-09-09,-0.0280389655151561,2024,2023-12-31,learned_vol_interaction,20260911,0.33759368552448255,0.33759368552448255,0,0
error16,3307,2024-09-06,2024-09-18,-0.0174132138857783,2024,2023-12-31,learned_vol_interaction,20260911,0.397975241873378,0.397975241873378,0,0
error16,3312,2024-09-13,2024-09-24,0.0133119329369826,2024,2023-12-31,learned_vol_interaction,20260911,0.461342267631887,0.461342267631887,0,1
error16,3315,2024-09-20,2024-09-30,0.2017513988384409,2024,2023-12-31,learned_vol_interaction,20260911,0.4886156386697026,0.4886156386697026,0,1
error16,3320,2024-09-27,2024-10-14,0.0178259004588408,2024,2023-12-31,learned_vol_interaction,20260911,0.6918366307791042,0.6918366307791042,1,1
error16,3325,2024-10-11,2024-10-21,0.0080914993282625,2024,2023-12-31,learned_vol_interaction,20260911,0.7018703597644868,0.7018703597644868,1,1
error16,3330,2024-10-18,2024-10-28,0.0015733867085561,2024,2023-12-31,learned_vol_interaction,20260911,0.6274387204351971,0.6274387204351971,1,1
error16,3335,2024-10-25,2024-11-04,-0.0140142824257356,2024,2023-12-31,learned_vol_interaction,20260911,0.4612473434817257,0.4612473434817257,0,0
error16,3340,2024-11-01,2024-11-11,0.0434152361258277,2024,2023-12-31,learned_vol_interaction,20260911,0.40396264616491484,0.40396264616491484,0,1
error16,3345,2024-11-08,2024-11-18,-0.0208584853931589,2024,2023-12-31,learned_vol_interaction,20260911,0.4058838104038455,0.4058838104038455,0,0
error16,3350,2024-11-15,2024-11-25,-0.0267421712161923,2024,2023-12-31,learned_vol_interaction,20260911,0.4556461044457154,0.4556461044457154,0,0
error16,3355,2024-11-22,2024-12-02,0.0087960346887328,2024,2023-12-31,learned_vol_interaction,20260911,0.3897555680643098,0.3897555680643098,0,1
error16,3360,2024-11-29,2024-12-09,0.0155919891551781,2024,2023-12-31,learned_vol_interaction,20260911,0.5639943448578677,0.5639943448578677,1,1
error16,3365,2024-12-06,2024-12-16,-0.0100436703218104,2024,2023-12-31,learned_vol_interaction,20260911,0.43406190636390596,0.43406190636390596,0,0
error16,3370,2024-12-13,2024-12-23,-0.0006690784017421,2024,2023-12-31,learned_vol_interaction,20260911,0.31406271260453134,0.31406271260453134,0,0
error16,3375,2024-12-20,2024-12-30,0.0123595076562756,2024,2023-12-31,learned_vol_interaction,20260911,0.3085226494455729,0.3085226494455729,0,1
error16,3380,2024-12-27,2025-01-06,-0.0504714964669198,2024,2023-12-31,learned_vol_interaction,20260911,0.5726178987535363,0.5726178987535363,1,0
error16,3144,2024-01-05,2024-01-15,-0.0158038409563566,2024,2023-12-31,learned_order_extension,20260911,0.5046246382575834,0.5046246382575834,1,0
error16,3149,2024-01-12,2024-01-22,-0.002333261979756,2024,2023-12-31,learned_order_extension,20260911,0.5273727883107168,0.5273727883107168,1,0
error16,3154,2024-01-19,2024-01-29,0.0223511633823452,2024,2023-12-31,learned_order_extension,20260911,0.6361976645125996,0.6361976645125996,1,1
error16,3159,2024-01-26,2024-02-05,-0.0513103415192826,2024,2023-12-31,learned_order_extension,20260911,0.5444608640891567,0.5444608640891567,1,0
error16,3164,2024-02-02,2024-02-26,0.1015374891364462,2024,2023-12-31,learned_order_extension,20260911,0.545031438848448,0.545031438848448,1,1
error16,3173,2024-02-23,2024-03-04,0.0151569053862528,2024,2023-12-31,learned_order_extension,20260911,0.6125199424254827,0.6125199424254827,1,1
error16,3178,2024-03-01,2024-03-11,0.0021394031715169,2024,2023-12-31,learned_order_extension,20260911,0.5496769035930799,0.5496769035930799,1,1
error16,3183,2024-03-08,2024-03-18,0.0087762342284414,2024,2023-12-31,learned_order_extension,20260911,0.5653384521782018,0.5653384521782018,1,1
error16,3188,2024-03-15,2024-03-25,-0.0112802133595746,2024,2023-12-31,learned_order_extension,20260911,0.4741066250462846,0.4741066250462846,0,0
error16,3193,2024-03-22,2024-04-01,0.0042044725182444,2024,2023-12-31,learned_order_extension,20260911,0.5034201205076809,0.5034201205076809,1,1
error16,3198,2024-03-29,2024-04-15,-0.0219845815102011,2024,2023-12-31,learned_order_extension,20260911,0.3647496103237538,0.3647496103237538,0,0
error16,3206,2024-04-12,2024-04-22,0.018045199366633,2024,2023-12-31,learned_order_extension,20260911,0.3866844940005672,0.3866844940005672,0,1
error16,3211,2024-04-19,2024-04-29,0.0136757744232476,2024,2023-12-31,learned_order_extension,20260911,0.5343459488053159,0.5343459488053159,1,1
error16,3216,2024-04-26,2024-05-13,0.0172434956786644,2024,2023-12-31,learned_order_extension,20260911,0.513240014593565,0.513240014593565,1,1
error16,3223,2024-05-10,2024-05-20,0.0097933549988344,2024,2023-12-31,learned_order_extension,20260911,0.3965400007837658,0.3965400007837658,0,1
error16,3228,2024-05-17,2024-05-27,-0.0204803832637164,2024,2023-12-31,learned_order_extension,20260911,0.45967482999568354,0.45967482999568354,0,0
error16,3233,2024-05-24,2024-06-03,-0.0081155643048258,2024,2023-12-31,learned_order_extension,20260911,0.4103835614322711,0.4103835614322711,0,0
error16,3238,2024-05-31,2024-06-11,-0.0060267570121149,2024,2023-12-31,learned_order_extension,20260911,0.483584132532498,0.483584132532498,0,0
error16,3243,2024-06-07,2024-06-17,-0.0096686558937179,2024,2023-12-31,learned_order_extension,20260911,0.4576789647131029,0.4576789647131029,0,0
error16,3247,2024-06-14,2024-06-24,-0.013573992457631,2024,2023-12-31,learned_order_extension,20260911,0.5515041025200125,0.5515041025200125,1,0
error16,3252,2024-06-21,2024-07-01,-0.004427632109257,2024,2023-12-31,learned_order_extension,20260911,0.4894889896317385,0.4894889896317385,0,0
error16,3257,2024-06-28,2024-07-08,-0.0108320369203009,2024,2023-12-31,learned_order_extension,20260911,0.5121801875037945,0.5121801875037945,1,0
error16,3262,2024-07-05,2024-07-15,0.0122222871842843,2024,2023-12-31,learned_order_extension,20260911,0.45115521138622566,0.45115521138622566,0,1
error16,3267,2024-07-12,2024-07-22,0.0218881133018156,2024,2023-12-31,learned_order_extension,20260911,0.5531026546000134,0.5531026546000134,1,1
error16,3272,2024-07-19,2024-07-29,-0.0378787022382998,2024,2023-12-31,learned_order_extension,20260911,0.43829998086615624,0.43829998086615624,0,0
error16,3277,2024-07-26,2024-08-05,-0.0124134568216732,2024,2023-12-31,learned_order_extension,20260911,0.5141057686767685,0.5141057686767685,1,0
error16,3282,2024-08-02,2024-08-12,-0.0102762848330364,2024,2023-12-31,learned_order_extension,20260911,0.41788195157055885,0.41788195157055885,0,0
error16,3287,2024-08-09,2024-08-19,0.0050186923751938,2024,2023-12-31,learned_order_extension,20260911,0.461166338855283,0.461166338855283,0,1
error16,3292,2024-08-16,2024-08-26,-0.0040487282687352,2024,2023-12-31,learned_order_extension,20260911,0.3524150315340549,0.3524150315340549,0,0
error16,3297,2024-08-23,2024-09-02,-0.0069594562136714,2024,2023-12-31,learned_order_extension,20260911,0.3805014561152239,0.3805014561152239,0,0
error16,3302,2024-08-30,2024-09-09,-0.0280389655151561,2024,2023-12-31,learned_order_extension,20260911,0.3769790143868762,0.3769790143868762,0,0
error16,3307,2024-09-06,2024-09-18,-0.0174132138857783,2024,2023-12-31,learned_order_extension,20260911,0.4377655525059009,0.4377655525059009,0,0
error16,3312,2024-09-13,2024-09-24,0.0133119329369826,2024,2023-12-31,learned_order_extension,20260911,0.47634533351149555,0.47634533351149555,0,1
error16,3315,2024-09-20,2024-09-30,0.2017513988384409,2024,2023-12-31,learned_order_extension,20260911,0.4741196298736314,0.4741196298736314,0,1
error16,3320,2024-09-27,2024-10-14,0.0178259004588408,2024,2023-12-31,learned_order_extension,20260911,0.6045687657277363,0.6045687657277363,1,1
error16,3325,2024-10-11,2024-10-21,0.0080914993282625,2024,2023-12-31,learned_order_extension,20260911,0.6645766250551,0.6645766250551,1,1
error16,3330,2024-10-18,2024-10-28,0.0015733867085561,2024,2023-12-31,learned_order_extension,20260911,0.6217401283532429,0.6217401283532429,1,1
error16,3335,2024-10-25,2024-11-04,-0.0140142824257356,2024,2023-12-31,learned_order_extension,20260911,0.516035023904667,0.516035023904667,1,0
error16,3340,2024-11-01,2024-11-11,0.0434152361258277,2024,2023-12-31,learned_order_extension,20260911,0.5005097124804287,0.5005097124804287,1,1
error16,3345,2024-11-08,2024-11-18,-0.0208584853931589,2024,2023-12-31,learned_order_extension,20260911,0.3862789521746162,0.3862789521746162,0,0
error16,3350,2024-11-15,2024-11-25,-0.0267421712161923,2024,2023-12-31,learned_order_extension,20260911,0.42164042720008793,0.42164042720008793,0,0
error16,3355,2024-11-22,2024-12-02,0.0087960346887328,2024,2023-12-31,learned_order_extension,20260911,0.3587358053522859,0.3587358053522859,0,1
error16,3360,2024-11-29,2024-12-09,0.0155919891551781,2024,2023-12-31,learned_order_extension,20260911,0.5668511595937642,0.5668511595937642,1,1
error16,3365,2024-12-06,2024-12-16,-0.0100436703218104,2024,2023-12-31,learned_order_extension,20260911,0.4286991101928549,0.4286991101928549,0,0
error16,3370,2024-12-13,2024-12-23,-0.0006690784017421,2024,2023-12-31,learned_order_extension,20260911,0.2761154663058125,0.2761154663058125,0,0
error16,3375,2024-12-20,2024-12-30,0.0123595076562756,2024,2023-12-31,learned_order_extension,20260911,0.2681467130129062,0.2681467130129062,0,1
error16,3380,2024-12-27,2025-01-06,-0.0504714964669198,2024,2023-12-31,learned_order_extension,20260911,0.6253462942157451,0.6253462942157451,1,0
error16,3144,2024-01-05,2024-01-15,-0.0158038409563566,2024,2023-12-31,learned_order_offset,20260911,0.5039028855862143,0.5039028855862143,1,0
error16,3149,2024-01-12,2024-01-22,-0.002333261979756,2024,2023-12-31,learned_order_offset,20260911,0.5267036688758374,0.5267036688758374,1,0
error16,3154,2024-01-19,2024-01-29,0.0223511633823452,2024,2023-12-31,learned_order_offset,20260911,0.6349472157761124,0.6349472157761124,1,1
error16,3159,2024-01-26,2024-02-05,-0.0513103415192826,2024,2023-12-31,learned_order_offset,20260911,0.5443793909861219,0.5443793909861219,1,0
error16,3164,2024-02-02,2024-02-26,0.1015374891364462,2024,2023-12-31,learned_order_offset,20260911,0.5451794882867483,0.5451794882867483,1,1
error16,3173,2024-02-23,2024-03-04,0.0151569053862528,2024,2023-12-31,learned_order_offset,20260911,0.6109679669122872,0.6109679669122872,1,1
error16,3178,2024-03-01,2024-03-11,0.0021394031715169,2024,2023-12-31,learned_order_offset,20260911,0.5481247094966736,0.5481247094966736,1,1
error16,3183,2024-03-08,2024-03-18,0.0087762342284414,2024,2023-12-31,learned_order_offset,20260911,0.5633395909983205,0.5633395909983205,1,1
error16,3188,2024-03-15,2024-03-25,-0.0112802133595746,2024,2023-12-31,learned_order_offset,20260911,0.47094256842793375,0.47094256842793375,0,0
error16,3193,2024-03-22,2024-04-01,0.0042044725182444,2024,2023-12-31,learned_order_offset,20260911,0.4995363819528175,0.4995363819528175,0,1
error16,3198,2024-03-29,2024-04-15,-0.0219845815102011,2024,2023-12-31,learned_order_offset,20260911,0.3626011592845029,0.3626011592845029,0,0
error16,3206,2024-04-12,2024-04-22,0.018045199366633,2024,2023-12-31,learned_order_offset,20260911,0.38475750018966987,0.38475750018966987,0,1
error16,3211,2024-04-19,2024-04-29,0.0136757744232476,2024,2023-12-31,learned_order_offset,20260911,0.5305043269791333,0.5305043269791333,1,1
error16,3216,2024-04-26,2024-05-13,0.0172434956786644,2024,2023-12-31,learned_order_offset,20260911,0.5107638404545624,0.5107638404545624,1,1
error16,3223,2024-05-10,2024-05-20,0.0097933549988344,2024,2023-12-31,learned_order_offset,20260911,0.3967922716976589,0.3967922716976589,0,1
error16,3228,2024-05-17,2024-05-27,-0.0204803832637164,2024,2023-12-31,learned_order_offset,20260911,0.459025127987619,0.459025127987619,0,0
error16,3233,2024-05-24,2024-06-03,-0.0081155643048258,2024,2023-12-31,learned_order_offset,20260911,0.40953378651570865,0.40953378651570865,0,0
error16,3238,2024-05-31,2024-06-11,-0.0060267570121149,2024,2023-12-31,learned_order_offset,20260911,0.48223477976059065,0.48223477976059065,0,0
error16,3243,2024-06-07,2024-06-17,-0.0096686558937179,2024,2023-12-31,learned_order_offset,20260911,0.456270009415854,0.456270009415854,0,0
error16,3247,2024-06-14,2024-06-24,-0.013573992457631,2024,2023-12-31,learned_order_offset,20260911,0.5504043507355747,0.5504043507355747,1,0
error16,3252,2024-06-21,2024-07-01,-0.004427632109257,2024,2023-12-31,learned_order_offset,20260911,0.48936496243955907,0.48936496243955907,0,0
error16,3257,2024-06-28,2024-07-08,-0.0108320369203009,2024,2023-12-31,learned_order_offset,20260911,0.51219411188397,0.51219411188397,1,0
error16,3262,2024-07-05,2024-07-15,0.0122222871842843,2024,2023-12-31,learned_order_offset,20260911,0.4508497655906378,0.4508497655906378,0,1
error16,3267,2024-07-12,2024-07-22,0.0218881133018156,2024,2023-12-31,learned_order_offset,20260911,0.5509513713756881,0.5509513713756881,1,1
error16,3272,2024-07-19,2024-07-29,-0.0378787022382998,2024,2023-12-31,learned_order_offset,20260911,0.4378580673825642,0.4378580673825642,0,0
error16,3277,2024-07-26,2024-08-05,-0.0124134568216732,2024,2023-12-31,learned_order_offset,20260911,0.5143054270726866,0.5143054270726866,1,0
error16,3282,2024-08-02,2024-08-12,-0.0102762848330364,2024,2023-12-31,learned_order_offset,20260911,0.4187543205474362,0.4187543205474362,0,0
error16,3287,2024-08-09,2024-08-19,0.0050186923751938,2024,2023-12-31,learned_order_offset,20260911,0.46274794534702096,0.46274794534702096,0,1
error16,3292,2024-08-16,2024-08-26,-0.0040487282687352,2024,2023-12-31,learned_order_offset,20260911,0.35619445584136267,0.35619445584136267,0,0
error16,3297,2024-08-23,2024-09-02,-0.0069594562136714,2024,2023-12-31,learned_order_offset,20260911,0.3834802143774693,0.3834802143774693,0,0
error16,3302,2024-08-30,2024-09-09,-0.0280389655151561,2024,2023-12-31,learned_order_offset,20260911,0.37959140825702087,0.37959140825702087,0,0
error16,3307,2024-09-06,2024-09-18,-0.0174132138857783,2024,2023-12-31,learned_order_offset,20260911,0.4399785205661903,0.4399785205661903,0,0
error16,3312,2024-09-13,2024-09-24,0.0133119329369826,2024,2023-12-31,learned_order_offset,20260911,0.4763444943146473,0.4763444943146473,0,1
error16,3315,2024-09-20,2024-09-30,0.2017513988384409,2024,2023-12-31,learned_order_offset,20260911,0.47380763133966547,0.47380763133966547,0,1
error16,3320,2024-09-27,2024-10-14,0.0178259004588408,2024,2023-12-31,learned_order_offset,20260911,0.6050544676220191,0.6050544676220191,1,1
error16,3325,2024-10-11,2024-10-21,0.0080914993282625,2024,2023-12-31,learned_order_offset,20260911,0.6643779049639545,0.6643779049639545,1,1
error16,3330,2024-10-18,2024-10-28,0.0015733867085561,2024,2023-12-31,learned_order_offset,20260911,0.6227872251882844,0.6227872251882844,1,1
error16,3335,2024-10-25,2024-11-04,-0.0140142824257356,2024,2023-12-31,learned_order_offset,20260911,0.5165538018073565,0.5165538018073565,1,0
error16,3340,2024-11-01,2024-11-11,0.0434152361258277,2024,2023-12-31,learned_order_offset,20260911,0.5002268984226751,0.5002268984226751,1,1
error16,3345,2024-11-08,2024-11-18,-0.0208584853931589,2024,2023-12-31,learned_order_offset,20260911,0.3875660008845143,0.3875660008845143,0,0
error16,3350,2024-11-15,2024-11-25,-0.0267421712161923,2024,2023-12-31,learned_order_offset,20260911,0.42067738369660546,0.42067738369660546,0,0
error16,3355,2024-11-22,2024-12-02,0.0087960346887328,2024,2023-12-31,learned_order_offset,20260911,0.359617784320977,0.359617784320977,0,1
error16,3360,2024-11-29,2024-12-09,0.0155919891551781,2024,2023-12-31,learned_order_offset,20260911,0.5668993585118391,0.5668993585118391,1,1
error16,3365,2024-12-06,2024-12-16,-0.0100436703218104,2024,2023-12-31,learned_order_offset,20260911,0.4285689114501956,0.4285689114501956,0,0
error16,3370,2024-12-13,2024-12-23,-0.0006690784017421,2024,2023-12-31,learned_order_offset,20260911,0.277133608311407,0.277133608311407,0,0
error16,3375,2024-12-20,2024-12-30,0.0123595076562756,2024,2023-12-31,learned_order_offset,20260911,0.26960863109736993,0.26960863109736993,0,1
error16,3380,2024-12-27,2025-01-06,-0.0504714964669198,2024,2023-12-31,learned_order_offset,20260911,0.6241226842198904,0.6241226842198904,1,0
error16,3144,2024-01-05,2024-01-15,-0.0158038409563566,2024,2023-12-31,native_mse,20260911,0.006524465736805172,,1,0
error16,3149,2024-01-12,2024-01-22,-0.002333261979756,2024,2023-12-31,native_mse,20260911,0.008213225375018137,,1,0
error16,3154,2024-01-19,2024-01-29,0.0223511633823452,2024,2023-12-31,native_mse,20260911,0.009988969845384454,,1,1
error16,3159,2024-01-26,2024-02-05,-0.0513103415192826,2024,2023-12-31,native_mse,20260911,0.007709942184731473,,1,0
error16,3164,2024-02-02,2024-02-26,0.1015374891364462,2024,2023-12-31,native_mse,20260911,0.006449485928463916,,1,1
error16,3173,2024-02-23,2024-03-04,0.0151569053862528,2024,2023-12-31,native_mse,20260911,0.010256530380527457,,1,1
error16,3178,2024-03-01,2024-03-11,0.0021394031715169,2024,2023-12-31,native_mse,20260911,0.00705766649461919,,1,1
error16,3183,2024-03-08,2024-03-18,0.0087762342284414,2024,2023-12-31,native_mse,20260911,0.008632918878357794,,1,1
error16,3188,2024-03-15,2024-03-25,-0.0112802133595746,2024,2023-12-31,native_mse,20260911,0.004101422624994645,,1,0
error16,3193,2024-03-22,2024-04-01,0.0042044725182444,2024,2023-12-31,native_mse,20260911,0.0049895841353934664,,1,1
error16,3198,2024-03-29,2024-04-15,-0.0219845815102011,2024,2023-12-31,native_mse,20260911,0.0016010611409444046,,1,0
error16,3206,2024-04-12,2024-04-22,0.018045199366633,2024,2023-12-31,native_mse,20260911,0.001857502186560773,,1,1
error16,3211,2024-04-19,2024-04-29,0.0136757744232476,2024,2023-12-31,native_mse,20260911,0.009651811290201222,,1,1
error16,3216,2024-04-26,2024-05-13,0.0172434956786644,2024,2023-12-31,native_mse,20260911,0.005960111287081512,,1,1
error16,3223,2024-05-10,2024-05-20,0.0097933549988344,2024,2023-12-31,native_mse,20260911,-0.004933376296222066,,0,1
error16,3228,2024-05-17,2024-05-27,-0.0204803832637164,2024,2023-12-31,native_mse,20260911,-0.003099362011607103,,0,0
error16,3233,2024-05-24,2024-06-03,-0.0081155643048258,2024,2023-12-31,native_mse,20260911,-0.0038744398417857777,,0,0
error16,3238,2024-05-31,2024-06-11,-0.0060267570121149,2024,2023-12-31,native_mse,20260911,-0.0020292253039693184,,0,0
error16,3243,2024-06-07,2024-06-17,-0.0096686558937179,2024,2023-12-31,native_mse,20260911,5.7354393489387904e-05,,1,0
error16,3247,2024-06-14,2024-06-24,-0.013573992457631,2024,2023-12-31,native_mse,20260911,0.0016373878025280563,,1,0
error16,3252,2024-06-21,2024-07-01,-0.004427632109257,2024,2023-12-31,native_mse,20260911,0.0027588932782398315,,1,0
error16,3257,2024-06-28,2024-07-08,-0.0108320369203009,2024,2023-12-31,native_mse,20260911,0.0032470747873102144,,1,0
error16,3262,2024-07-05,2024-07-15,0.0122222871842843,2024,2023-12-31,native_mse,20260911,0.002652089101692747,,1,1
error16,3267,2024-07-12,2024-07-22,0.0218881133018156,2024,2023-12-31,native_mse,20260911,0.004450330503533944,,1,1
error16,3272,2024-07-19,2024-07-29,-0.0378787022382998,2024,2023-12-31,native_mse,20260911,-0.0012744559041647184,,0,0
error16,3277,2024-07-26,2024-08-05,-0.0124134568216732,2024,2023-12-31,native_mse,20260911,-0.001291795834448832,,0,0
error16,3282,2024-08-02,2024-08-12,-0.0102762848330364,2024,2023-12-31,native_mse,20260911,-0.002458562952290899,,0,0
error16,3287,2024-08-09,2024-08-19,0.0050186923751938,2024,2023-12-31,native_mse,20260911,-0.0009352769264030156,,0,1
error16,3292,2024-08-16,2024-08-26,-0.0040487282687352,2024,2023-12-31,native_mse,20260911,-0.0034014636043486098,,0,0
error16,3297,2024-08-23,2024-09-02,-0.0069594562136714,2024,2023-12-31,native_mse,20260911,-0.0018665564124188876,,0,0
error16,3302,2024-08-30,2024-09-09,-0.0280389655151561,2024,2023-12-31,native_mse,20260911,2.766314850337684e-05,,1,0
error16,3307,2024-09-06,2024-09-18,-0.0174132138857783,2024,2023-12-31,native_mse,20260911,0.0015093996928045017,,1,0
error16,3312,2024-09-13,2024-09-24,0.0133119329369826,2024,2023-12-31,native_mse,20260911,0.005047902673988417,,1,1
error16,3315,2024-09-20,2024-09-30,0.2017513988384409,2024,2023-12-31,native_mse,20260911,0.006841795120835749,,1,1
error16,3320,2024-09-27,2024-10-14,0.0178259004588408,2024,2023-12-31,native_mse,20260911,0.011643607701046107,,1,1
error16,3325,2024-10-11,2024-10-21,0.0080914993282625,2024,2023-12-31,native_mse,20260911,0.006958055096152153,,1,1
error16,3330,2024-10-18,2024-10-28,0.0015733867085561,2024,2023-12-31,native_mse,20260911,0.0035488889473533555,,1,1
error16,3335,2024-10-25,2024-11-04,-0.0140142824257356,2024,2023-12-31,native_mse,20260911,-0.004087166652715301,,0,0
error16,3340,2024-11-01,2024-11-11,0.0434152361258277,2024,2023-12-31,native_mse,20260911,-0.008879815780234165,,0,1
error16,3345,2024-11-08,2024-11-18,-0.0208584853931589,2024,2023-12-31,native_mse,20260911,-0.0016665405141504353,,0,0
error16,3350,2024-11-15,2024-11-25,-0.0267421712161923,2024,2023-12-31,native_mse,20260911,-0.0014397200836903515,,0,0
error16,3355,2024-11-22,2024-12-02,0.0087960346887328,2024,2023-12-31,native_mse,20260911,-0.00394305191034785,,0,1
error16,3360,2024-11-29,2024-12-09,0.0155919891551781,2024,2023-12-31,native_mse,20260911,-0.003787046789689023,,0,1
error16,3365,2024-12-06,2024-12-16,-0.0100436703218104,2024,2023-12-31,native_mse,20260911,-0.0013163950781598383,,0,0
error16,3370,2024-12-13,2024-12-23,-0.0006690784017421,2024,2023-12-31,native_mse,20260911,-0.007731413237017607,,0,0
error16,3375,2024-12-20,2024-12-30,0.0123595076562756,2024,2023-12-31,native_mse,20260911,-0.005503589541502588,,0,1
error16,3380,2024-12-27,2025-01-06,-0.0504714964669198,2024,2023-12-31,native_mse,20260911,0.006049137218951889,,1,0
error16,3144,2024-01-05,2024-01-15,-0.0158038409563566,2024,2023-12-31,learned_market,20260912,0.5011992069392154,0.5011992069392154,1,0
error16,3149,2024-01-12,2024-01-22,-0.002333261979756,2024,2023-12-31,learned_market,20260912,0.47277699760132935,0.47277699760132935,0,0
error16,3154,2024-01-19,2024-01-29,0.0223511633823452,2024,2023-12-31,learned_market,20260912,0.4519385169732587,0.4519385169732587,0,1
error16,3159,2024-01-26,2024-02-05,-0.0513103415192826,2024,2023-12-31,learned_market,20260912,0.5136187590656476,0.5136187590656476,1,0
error16,3164,2024-02-02,2024-02-26,0.1015374891364462,2024,2023-12-31,learned_market,20260912,0.5626550395617658,0.5626550395617658,1,1
error16,3173,2024-02-23,2024-03-04,0.0151569053862528,2024,2023-12-31,learned_market,20260912,0.4999534810647158,0.4999534810647158,0,1
error16,3178,2024-03-01,2024-03-11,0.0021394031715169,2024,2023-12-31,learned_market,20260912,0.5749313458355619,0.5749313458355619,1,1
error16,3183,2024-03-08,2024-03-18,0.0087762342284414,2024,2023-12-31,learned_market,20260912,0.5879570158742811,0.5879570158742811,1,1
error16,3188,2024-03-15,2024-03-25,-0.0112802133595746,2024,2023-12-31,learned_market,20260912,0.48185973058558346,0.48185973058558346,0,0
error16,3193,2024-03-22,2024-04-01,0.0042044725182444,2024,2023-12-31,learned_market,20260912,0.5819259306110321,0.5819259306110321,1,1
error16,3198,2024-03-29,2024-04-15,-0.0219845815102011,2024,2023-12-31,learned_market,20260912,0.5513216063045803,0.5513216063045803,1,0
error16,3206,2024-04-12,2024-04-22,0.018045199366633,2024,2023-12-31,learned_market,20260912,0.5884547036684491,0.5884547036684491,1,1
error16,3211,2024-04-19,2024-04-29,0.0136757744232476,2024,2023-12-31,learned_market,20260912,0.6010925671138769,0.6010925671138769,1,1
error16,3216,2024-04-26,2024-05-13,0.0172434956786644,2024,2023-12-31,learned_market,20260912,0.44046614548943686,0.44046614548943686,0,1
error16,3223,2024-05-10,2024-05-20,0.0097933549988344,2024,2023-12-31,learned_market,20260912,0.26259823398744064,0.26259823398744064,0,1
error16,3228,2024-05-17,2024-05-27,-0.0204803832637164,2024,2023-12-31,learned_market,20260912,0.25562213134474004,0.25562213134474004,0,0
error16,3233,2024-05-24,2024-06-03,-0.0081155643048258,2024,2023-12-31,learned_market,20260912,0.29490360620746897,0.29490360620746897,0,0
error16,3238,2024-05-31,2024-06-11,-0.0060267570121149,2024,2023-12-31,learned_market,20260912,0.3110520233043453,0.3110520233043453,0,0
error16,3243,2024-06-07,2024-06-17,-0.0096686558937179,2024,2023-12-31,learned_market,20260912,0.3842886357568022,0.3842886357568022,0,0
error16,3247,2024-06-14,2024-06-24,-0.013573992457631,2024,2023-12-31,learned_market,20260912,0.4060511684917983,0.4060511684917983,0,0
error16,3252,2024-06-21,2024-07-01,-0.004427632109257,2024,2023-12-31,learned_market,20260912,0.44936005072663476,0.44936005072663476,0,0
error16,3257,2024-06-28,2024-07-08,-0.0108320369203009,2024,2023-12-31,learned_market,20260912,0.43297494254632307,0.43297494254632307,0,0
error16,3262,2024-07-05,2024-07-15,0.0122222871842843,2024,2023-12-31,learned_market,20260912,0.6034793238713074,0.6034793238713074,1,1
error16,3267,2024-07-12,2024-07-22,0.0218881133018156,2024,2023-12-31,learned_market,20260912,0.5610794385801106,0.5610794385801106,1,1
error16,3272,2024-07-19,2024-07-29,-0.0378787022382998,2024,2023-12-31,learned_market,20260912,0.47508444844981573,0.47508444844981573,0,0
error16,3277,2024-07-26,2024-08-05,-0.0124134568216732,2024,2023-12-31,learned_market,20260912,0.6067866221715498,0.6067866221715498,1,0
error16,3282,2024-08-02,2024-08-12,-0.0102762848330364,2024,2023-12-31,learned_market,20260912,0.5988840805331399,0.5988840805331399,1,0
error16,3287,2024-08-09,2024-08-19,0.0050186923751938,2024,2023-12-31,learned_market,20260912,0.49990964765168316,0.49990964765168316,0,1
error16,3292,2024-08-16,2024-08-26,-0.0040487282687352,2024,2023-12-31,learned_market,20260912,0.386114932843502,0.386114932843502,0,0
error16,3297,2024-08-23,2024-09-02,-0.0069594562136714,2024,2023-12-31,learned_market,20260912,0.29793160550776904,0.29793160550776904,0,0
error16,3302,2024-08-30,2024-09-09,-0.0280389655151561,2024,2023-12-31,learned_market,20260912,0.3333966760605091,0.3333966760605091,0,0
error16,3307,2024-09-06,2024-09-18,-0.0174132138857783,2024,2023-12-31,learned_market,20260912,0.4055616172512009,0.4055616172512009,0,0
error16,3312,2024-09-13,2024-09-24,0.0133119329369826,2024,2023-12-31,learned_market,20260912,0.38664422840881285,0.38664422840881285,0,1
error16,3315,2024-09-20,2024-09-30,0.2017513988384409,2024,2023-12-31,learned_market,20260912,0.4117180714207147,0.4117180714207147,0,1
error16,3320,2024-09-27,2024-10-14,0.0178259004588408,2024,2023-12-31,learned_market,20260912,0.42243022170956096,0.42243022170956096,0,1
error16,3325,2024-10-11,2024-10-21,0.0080914993282625,2024,2023-12-31,learned_market,20260912,0.6391238419546599,0.6391238419546599,1,1
error16,3330,2024-10-18,2024-10-28,0.0015733867085561,2024,2023-12-31,learned_market,20260912,0.7479133612500116,0.7479133612500116,1,1
error16,3335,2024-10-25,2024-11-04,-0.0140142824257356,2024,2023-12-31,learned_market,20260912,0.7047213785907145,0.7047213785907145,1,0
error16,3340,2024-11-01,2024-11-11,0.0434152361258277,2024,2023-12-31,learned_market,20260912,0.7564382143782475,0.7564382143782475,1,1
error16,3345,2024-11-08,2024-11-18,-0.0208584853931589,2024,2023-12-31,learned_market,20260912,0.6534693612294474,0.6534693612294474,1,0
error16,3350,2024-11-15,2024-11-25,-0.0267421712161923,2024,2023-12-31,learned_market,20260912,0.6053975436260323,0.6053975436260323,1,0
error16,3355,2024-11-22,2024-12-02,0.0087960346887328,2024,2023-12-31,learned_market,20260912,0.6365936876664182,0.6365936876664182,1,1
error16,3360,2024-11-29,2024-12-09,0.0155919891551781,2024,2023-12-31,learned_market,20260912,0.5579955410836633,0.5579955410836633,1,1
error16,3365,2024-12-06,2024-12-16,-0.0100436703218104,2024,2023-12-31,learned_market,20260912,0.541404145848568,0.541404145848568,1,0
error16,3370,2024-12-13,2024-12-23,-0.0006690784017421,2024,2023-12-31,learned_market,20260912,0.39882455300182545,0.39882455300182545,0,0
error16,3375,2024-12-20,2024-12-30,0.0123595076562756,2024,2023-12-31,learned_market,20260912,0.3151494536061462,0.3151494536061462,0,1
error16,3380,2024-12-27,2025-01-06,-0.0504714964669198,2024,2023-12-31,learned_market,20260912,0.28110990925447626,0.28110990925447626,0,0
error16,3144,2024-01-05,2024-01-15,-0.0158038409563566,2024,2023-12-31,learned_vol_interaction,20260912,0.4952442890139834,0.4952442890139834,0,0
error16,3149,2024-01-12,2024-01-22,-0.002333261979756,2024,2023-12-31,learned_vol_interaction,20260912,0.46734394081550534,0.46734394081550534,0,0
error16,3154,2024-01-19,2024-01-29,0.0223511633823452,2024,2023-12-31,learned_vol_interaction,20260912,0.4458542659590224,0.4458542659590224,0,1
error16,3159,2024-01-26,2024-02-05,-0.0513103415192826,2024,2023-12-31,learned_vol_interaction,20260912,0.5051200250772759,0.5051200250772759,1,0
error16,3164,2024-02-02,2024-02-26,0.1015374891364462,2024,2023-12-31,learned_vol_interaction,20260912,0.5544379606615297,0.5544379606615297,1,1
error16,3173,2024-02-23,2024-03-04,0.0151569053862528,2024,2023-12-31,learned_vol_interaction,20260912,0.4830624305901862,0.4830624305901862,0,1
error16,3178,2024-03-01,2024-03-11,0.0021394031715169,2024,2023-12-31,learned_vol_interaction,20260912,0.5592748903954966,0.5592748903954966,1,1
error16,3183,2024-03-08,2024-03-18,0.0087762342284414,2024,2023-12-31,learned_vol_interaction,20260912,0.5740363843191351,0.5740363843191351,1,1
error16,3188,2024-03-15,2024-03-25,-0.0112802133595746,2024,2023-12-31,learned_vol_interaction,20260912,0.4809004633653104,0.4809004633653104,0,0
error16,3193,2024-03-22,2024-04-01,0.0042044725182444,2024,2023-12-31,learned_vol_interaction,20260912,0.5933081539859947,0.5933081539859947,1,1
error16,3198,2024-03-29,2024-04-15,-0.0219845815102011,2024,2023-12-31,learned_vol_interaction,20260912,0.5653073701837698,0.5653073701837698,1,0
error16,3206,2024-04-12,2024-04-22,0.018045199366633,2024,2023-12-31,learned_vol_interaction,20260912,0.6033137229015121,0.6033137229015121,1,1
error16,3211,2024-04-19,2024-04-29,0.0136757744232476,2024,2023-12-31,learned_vol_interaction,20260912,0.6013392386798665,0.6013392386798665,1,1
error16,3216,2024-04-26,2024-05-13,0.0172434956786644,2024,2023-12-31,learned_vol_interaction,20260912,0.43642493305163865,0.43642493305163865,0,1
error16,3223,2024-05-10,2024-05-20,0.0097933549988344,2024,2023-12-31,learned_vol_interaction,20260912,0.26616465038111153,0.26616465038111153,0,1
error16,3228,2024-05-17,2024-05-27,-0.0204803832637164,2024,2023-12-31,learned_vol_interaction,20260912,0.2488786215709529,0.2488786215709529,0,0
error16,3233,2024-05-24,2024-06-03,-0.0081155643048258,2024,2023-12-31,learned_vol_interaction,20260912,0.28744477926146755,0.28744477926146755,0,0
error16,3238,2024-05-31,2024-06-11,-0.0060267570121149,2024,2023-12-31,learned_vol_interaction,20260912,0.3030632705456588,0.3030632705456588,0,0
error16,3243,2024-06-07,2024-06-17,-0.0096686558937179,2024,2023-12-31,learned_vol_interaction,20260912,0.3753543443366508,0.3753543443366508,0,0
error16,3247,2024-06-14,2024-06-24,-0.013573992457631,2024,2023-12-31,learned_vol_interaction,20260912,0.397914021804278,0.397914021804278,0,0
error16,3252,2024-06-21,2024-07-01,-0.004427632109257,2024,2023-12-31,learned_vol_interaction,20260912,0.45060839168891526,0.45060839168891526,0,0
error16,3257,2024-06-28,2024-07-08,-0.0108320369203009,2024,2023-12-31,learned_vol_interaction,20260912,0.42556707786565773,0.42556707786565773,0,0
error16,3262,2024-07-05,2024-07-15,0.0122222871842843,2024,2023-12-31,learned_vol_interaction,20260912,0.6195668960408595,0.6195668960408595,1,1
error16,3267,2024-07-12,2024-07-22,0.0218881133018156,2024,2023-12-31,learned_vol_interaction,20260912,0.5647279382660869,0.5647279382660869,1,1
error16,3272,2024-07-19,2024-07-29,-0.0378787022382998,2024,2023-12-31,learned_vol_interaction,20260912,0.4675814127015745,0.4675814127015745,0,0
error16,3277,2024-07-26,2024-08-05,-0.0124134568216732,2024,2023-12-31,learned_vol_interaction,20260912,0.6123160507995845,0.6123160507995845,1,0
error16,3282,2024-08-02,2024-08-12,-0.0102762848330364,2024,2023-12-31,learned_vol_interaction,20260912,0.5993027434239192,0.5993027434239192,1,0
error16,3287,2024-08-09,2024-08-19,0.0050186923751938,2024,2023-12-31,learned_vol_interaction,20260912,0.49286935350004685,0.49286935350004685,0,1
error16,3292,2024-08-16,2024-08-26,-0.0040487282687352,2024,2023-12-31,learned_vol_interaction,20260912,0.37415507577043683,0.37415507577043683,0,0
error16,3297,2024-08-23,2024-09-02,-0.0069594562136714,2024,2023-12-31,learned_vol_interaction,20260912,0.2775486555086619,0.2775486555086619,0,0
error16,3302,2024-08-30,2024-09-09,-0.0280389655151561,2024,2023-12-31,learned_vol_interaction,20260912,0.3043107501623469,0.3043107501623469,0,0
error16,3307,2024-09-06,2024-09-18,-0.0174132138857783,2024,2023-12-31,learned_vol_interaction,20260912,0.391111048873372,0.391111048873372,0,0
error16,3312,2024-09-13,2024-09-24,0.0133119329369826,2024,2023-12-31,learned_vol_interaction,20260912,0.36688921505206057,0.36688921505206057,0,1
error16,3315,2024-09-20,2024-09-30,0.2017513988384409,2024,2023-12-31,learned_vol_interaction,20260912,0.3927215894593369,0.3927215894593369,0,1
error16,3320,2024-09-27,2024-10-14,0.0178259004588408,2024,2023-12-31,learned_vol_interaction,20260912,0.4442843434187072,0.4442843434187072,0,1
error16,3325,2024-10-11,2024-10-21,0.0080914993282625,2024,2023-12-31,learned_vol_interaction,20260912,0.6154592441744525,0.6154592441744525,1,1
error16,3330,2024-10-18,2024-10-28,0.0015733867085561,2024,2023-12-31,learned_vol_interaction,20260912,0.6984112732542341,0.6984112732542341,1,1
error16,3335,2024-10-25,2024-11-04,-0.0140142824257356,2024,2023-12-31,learned_vol_interaction,20260912,0.6614014700577392,0.6614014700577392,1,0
error16,3340,2024-11-01,2024-11-11,0.0434152361258277,2024,2023-12-31,learned_vol_interaction,20260912,0.6960317071765945,0.6960317071765945,1,1
error16,3345,2024-11-08,2024-11-18,-0.0208584853931589,2024,2023-12-31,learned_vol_interaction,20260912,0.627992228455405,0.627992228455405,1,0
error16,3350,2024-11-15,2024-11-25,-0.0267421712161923,2024,2023-12-31,learned_vol_interaction,20260912,0.600402896142829,0.600402896142829,1,0
error16,3355,2024-11-22,2024-12-02,0.0087960346887328,2024,2023-12-31,learned_vol_interaction,20260912,0.6257055825822537,0.6257055825822537,1,1
error16,3360,2024-11-29,2024-12-09,0.0155919891551781,2024,2023-12-31,learned_vol_interaction,20260912,0.5403979506938085,0.5403979506938085,1,1
error16,3365,2024-12-06,2024-12-16,-0.0100436703218104,2024,2023-12-31,learned_vol_interaction,20260912,0.5359614220710596,0.5359614220710596,1,0
error16,3370,2024-12-13,2024-12-23,-0.0006690784017421,2024,2023-12-31,learned_vol_interaction,20260912,0.4004266447398538,0.4004266447398538,0,0
error16,3375,2024-12-20,2024-12-30,0.0123595076562756,2024,2023-12-31,learned_vol_interaction,20260912,0.3173047617142704,0.3173047617142704,0,1
error16,3380,2024-12-27,2025-01-06,-0.0504714964669198,2024,2023-12-31,learned_vol_interaction,20260912,0.27582764169478674,0.27582764169478674,0,0
error16,3144,2024-01-05,2024-01-15,-0.0158038409563566,2024,2023-12-31,learned_order_extension,20260912,0.5535119994762409,0.5535119994762409,1,0
error16,3149,2024-01-12,2024-01-22,-0.002333261979756,2024,2023-12-31,learned_order_extension,20260912,0.48736548091739423,0.48736548091739423,0,0
error16,3154,2024-01-19,2024-01-29,0.0223511633823452,2024,2023-12-31,learned_order_extension,20260912,0.4215435053964147,0.4215435053964147,0,1
error16,3159,2024-01-26,2024-02-05,-0.0513103415192826,2024,2023-12-31,learned_order_extension,20260912,0.48649269504735876,0.48649269504735876,0,0
error16,3164,2024-02-02,2024-02-26,0.1015374891364462,2024,2023-12-31,learned_order_extension,20260912,0.5496050819275686,0.5496050819275686,1,1
error16,3173,2024-02-23,2024-03-04,0.0151569053862528,2024,2023-12-31,learned_order_extension,20260912,0.4386082807089806,0.4386082807089806,0,1
error16,3178,2024-03-01,2024-03-11,0.0021394031715169,2024,2023-12-31,learned_order_extension,20260912,0.46924981751922445,0.46924981751922445,0,1
error16,3183,2024-03-08,2024-03-18,0.0087762342284414,2024,2023-12-31,learned_order_extension,20260912,0.4701956287186797,0.4701956287186797,0,1
error16,3188,2024-03-15,2024-03-25,-0.0112802133595746,2024,2023-12-31,learned_order_extension,20260912,0.41374971985365583,0.41374971985365583,0,0
error16,3193,2024-03-22,2024-04-01,0.0042044725182444,2024,2023-12-31,learned_order_extension,20260912,0.4779698312307604,0.4779698312307604,0,1
error16,3198,2024-03-29,2024-04-15,-0.0219845815102011,2024,2023-12-31,learned_order_extension,20260912,0.47494867441409877,0.47494867441409877,0,0
error16,3206,2024-04-12,2024-04-22,0.018045199366633,2024,2023-12-31,learned_order_extension,20260912,0.4521631675666491,0.4521631675666491,0,1
error16,3211,2024-04-19,2024-04-29,0.0136757744232476,2024,2023-12-31,learned_order_extension,20260912,0.46878386183965415,0.46878386183965415,0,1
error16,3216,2024-04-26,2024-05-13,0.0172434956786644,2024,2023-12-31,learned_order_extension,20260912,0.43436499150897173,0.43436499150897173,0,1
error16,3223,2024-05-10,2024-05-20,0.0097933549988344,2024,2023-12-31,learned_order_extension,20260912,0.38174358105162726,0.38174358105162726,0,1
error16,3228,2024-05-17,2024-05-27,-0.0204803832637164,2024,2023-12-31,learned_order_extension,20260912,0.35464216087181455,0.35464216087181455,0,0
error16,3233,2024-05-24,2024-06-03,-0.0081155643048258,2024,2023-12-31,learned_order_extension,20260912,0.3707564745857874,0.3707564745857874,0,0
error16,3238,2024-05-31,2024-06-11,-0.0060267570121149,2024,2023-12-31,learned_order_extension,20260912,0.3486366599267159,0.3486366599267159,0,0
error16,3243,2024-06-07,2024-06-17,-0.0096686558937179,2024,2023-12-31,learned_order_extension,20260912,0.40347652723788147,0.40347652723788147,0,0
error16,3247,2024-06-14,2024-06-24,-0.013573992457631,2024,2023-12-31,learned_order_extension,20260912,0.4129717305667233,0.4129717305667233,0,0
error16,3252,2024-06-21,2024-07-01,-0.004427632109257,2024,2023-12-31,learned_order_extension,20260912,0.4595021392734005,0.4595021392734005,0,0
error16,3257,2024-06-28,2024-07-08,-0.0108320369203009,2024,2023-12-31,learned_order_extension,20260912,0.4553896778333283,0.4553896778333283,0,0
error16,3262,2024-07-05,2024-07-15,0.0122222871842843,2024,2023-12-31,learned_order_extension,20260912,0.6482583591356186,0.6482583591356186,1,1
error16,3267,2024-07-12,2024-07-22,0.0218881133018156,2024,2023-12-31,learned_order_extension,20260912,0.5768939392068954,0.5768939392068954,1,1
error16,3272,2024-07-19,2024-07-29,-0.0378787022382998,2024,2023-12-31,learned_order_extension,20260912,0.5138214723605654,0.5138214723605654,1,0
error16,3277,2024-07-26,2024-08-05,-0.0124134568216732,2024,2023-12-31,learned_order_extension,20260912,0.6251892673443031,0.6251892673443031,1,0
error16,3282,2024-08-02,2024-08-12,-0.0102762848330364,2024,2023-12-31,learned_order_extension,20260912,0.6275315784950272,0.6275315784950272,1,0
error16,3287,2024-08-09,2024-08-19,0.0050186923751938,2024,2023-12-31,learned_order_extension,20260912,0.5359642347219611,0.5359642347219611,1,1
error16,3292,2024-08-16,2024-08-26,-0.0040487282687352,2024,2023-12-31,learned_order_extension,20260912,0.42012358052309684,0.42012358052309684,0,0
error16,3297,2024-08-23,2024-09-02,-0.0069594562136714,2024,2023-12-31,learned_order_extension,20260912,0.382715542188067,0.382715542188067,0,0
error16,3302,2024-08-30,2024-09-09,-0.0280389655151561,2024,2023-12-31,learned_order_extension,20260912,0.4020856235184914,0.4020856235184914,0,0
error16,3307,2024-09-06,2024-09-18,-0.0174132138857783,2024,2023-12-31,learned_order_extension,20260912,0.4515132387885508,0.4515132387885508,0,0
error16,3312,2024-09-13,2024-09-24,0.0133119329369826,2024,2023-12-31,learned_order_extension,20260912,0.41574811043305754,0.41574811043305754,0,1
error16,3315,2024-09-20,2024-09-30,0.2017513988384409,2024,2023-12-31,learned_order_extension,20260912,0.4804948585987177,0.4804948585987177,0,1
error16,3320,2024-09-27,2024-10-14,0.0178259004588408,2024,2023-12-31,learned_order_extension,20260912,0.576228156163883,0.576228156163883,1,1
error16,3325,2024-10-11,2024-10-21,0.0080914993282625,2024,2023-12-31,learned_order_extension,20260912,0.5860467122529138,0.5860467122529138,1,1
error16,3330,2024-10-18,2024-10-28,0.0015733867085561,2024,2023-12-31,learned_order_extension,20260912,0.612479916640697,0.612479916640697,1,1
error16,3335,2024-10-25,2024-11-04,-0.0140142824257356,2024,2023-12-31,learned_order_extension,20260912,0.5803945500365179,0.5803945500365179,1,0
error16,3340,2024-11-01,2024-11-11,0.0434152361258277,2024,2023-12-31,learned_order_extension,20260912,0.5735861212793831,0.5735861212793831,1,1
error16,3345,2024-11-08,2024-11-18,-0.0208584853931589,2024,2023-12-31,learned_order_extension,20260912,0.5817441245707554,0.5817441245707554,1,0
error16,3350,2024-11-15,2024-11-25,-0.0267421712161923,2024,2023-12-31,learned_order_extension,20260912,0.566996458597694,0.566996458597694,1,0
error16,3355,2024-11-22,2024-12-02,0.0087960346887328,2024,2023-12-31,learned_order_extension,20260912,0.6308649379708478,0.6308649379708478,1,1
error16,3360,2024-11-29,2024-12-09,0.0155919891551781,2024,2023-12-31,learned_order_extension,20260912,0.5481166154807285,0.5481166154807285,1,1
error16,3365,2024-12-06,2024-12-16,-0.0100436703218104,2024,2023-12-31,learned_order_extension,20260912,0.5160872470925407,0.5160872470925407,1,0
error16,3370,2024-12-13,2024-12-23,-0.0006690784017421,2024,2023-12-31,learned_order_extension,20260912,0.3979505994458215,0.3979505994458215,0,0
error16,3375,2024-12-20,2024-12-30,0.0123595076562756,2024,2023-12-31,learned_order_extension,20260912,0.2883934543425278,0.2883934543425278,0,1
error16,3380,2024-12-27,2025-01-06,-0.0504714964669198,2024,2023-12-31,learned_order_extension,20260912,0.2139925614407288,0.2139925614407288,0,0
error16,3144,2024-01-05,2024-01-15,-0.0158038409563566,2024,2023-12-31,learned_order_offset,20260912,0.555524023910941,0.555524023910941,1,0
error16,3149,2024-01-12,2024-01-22,-0.002333261979756,2024,2023-12-31,learned_order_offset,20260912,0.4886344435127239,0.4886344435127239,0,0
error16,3154,2024-01-19,2024-01-29,0.0223511633823452,2024,2023-12-31,learned_order_offset,20260912,0.4229445653552536,0.4229445653552536,0,1
error16,3159,2024-01-26,2024-02-05,-0.0513103415192826,2024,2023-12-31,learned_order_offset,20260912,0.4868819752675603,0.4868819752675603,0,0
error16,3164,2024-02-02,2024-02-26,0.1015374891364462,2024,2023-12-31,learned_order_offset,20260912,0.5512261346233363,0.5512261346233363,1,1
error16,3173,2024-02-23,2024-03-04,0.0151569053862528,2024,2023-12-31,learned_order_offset,20260912,0.4383060233141652,0.4383060233141652,0,1
error16,3178,2024-03-01,2024-03-11,0.0021394031715169,2024,2023-12-31,learned_order_offset,20260912,0.4671863792327489,0.4671863792327489,0,1
error16,3183,2024-03-08,2024-03-18,0.0087762342284414,2024,2023-12-31,learned_order_offset,20260912,0.4682690873666851,0.4682690873666851,0,1
error16,3188,2024-03-15,2024-03-25,-0.0112802133595746,2024,2023-12-31,learned_order_offset,20260912,0.410883959095752,0.410883959095752,0,0
error16,3193,2024-03-22,2024-04-01,0.0042044725182444,2024,2023-12-31,learned_order_offset,20260912,0.4736922823747903,0.4736922823747903,0,1
error16,3198,2024-03-29,2024-04-15,-0.0219845815102011,2024,2023-12-31,learned_order_offset,20260912,0.4721761686206615,0.4721761686206615,0,0
error16,3206,2024-04-12,2024-04-22,0.018045199366633,2024,2023-12-31,learned_order_offset,20260912,0.44900290436109536,0.44900290436109536,0,1
error16,3211,2024-04-19,2024-04-29,0.0136757744232476,2024,2023-12-31,learned_order_offset,20260912,0.4666007685534335,0.4666007685534335,0,1
error16,3216,2024-04-26,2024-05-13,0.0172434956786644,2024,2023-12-31,learned_order_offset,20260912,0.4343770329705723,0.4343770329705723,0,1
error16,3223,2024-05-10,2024-05-20,0.0097933549988344,2024,2023-12-31,learned_order_offset,20260912,0.3824496760888333,0.3824496760888333,0,1
error16,3228,2024-05-17,2024-05-27,-0.0204803832637164,2024,2023-12-31,learned_order_offset,20260912,0.35711137240492025,0.35711137240492025,0,0
error16,3233,2024-05-24,2024-06-03,-0.0081155643048258,2024,2023-12-31,learned_order_offset,20260912,0.3737645520851825,0.3737645520851825,0,0
error16,3238,2024-05-31,2024-06-11,-0.0060267570121149,2024,2023-12-31,learned_order_offset,20260912,0.3510285369082652,0.3510285369082652,0,0
error16,3243,2024-06-07,2024-06-17,-0.0096686558937179,2024,2023-12-31,learned_order_offset,20260912,0.4052492624281903,0.4052492624281903,0,0
error16,3247,2024-06-14,2024-06-24,-0.013573992457631,2024,2023-12-31,learned_order_offset,20260912,0.41450780904711865,0.41450780904711865,0,0
error16,3252,2024-06-21,2024-07-01,-0.004427632109257,2024,2023-12-31,learned_order_offset,20260912,0.46004587730144675,0.46004587730144675,0,0
error16,3257,2024-06-28,2024-07-08,-0.0108320369203009,2024,2023-12-31,learned_order_offset,20260912,0.4589655459892309,0.4589655459892309,0,0
error16,3262,2024-07-05,2024-07-15,0.0122222871842843,2024,2023-12-31,learned_order_offset,20260912,0.6488790466154806,0.6488790466154806,1,1
error16,3267,2024-07-12,2024-07-22,0.0218881133018156,2024,2023-12-31,learned_order_offset,20260912,0.5774913316908258,0.5774913316908258,1,1
error16,3272,2024-07-19,2024-07-29,-0.0378787022382998,2024,2023-12-31,learned_order_offset,20260912,0.5157601153269719,0.5157601153269719,1,0
error16,3277,2024-07-26,2024-08-05,-0.0124134568216732,2024,2023-12-31,learned_order_offset,20260912,0.6244882450131677,0.6244882450131677,1,0
error16,3282,2024-08-02,2024-08-12,-0.0102762848330364,2024,2023-12-31,learned_order_offset,20260912,0.6270675399861252,0.6270675399861252,1,0
error16,3287,2024-08-09,2024-08-19,0.0050186923751938,2024,2023-12-31,learned_order_offset,20260912,0.5377555905505339,0.5377555905505339,1,1
error16,3292,2024-08-16,2024-08-26,-0.0040487282687352,2024,2023-12-31,learned_order_offset,20260912,0.42279669771745343,0.42279669771745343,0,0
error16,3297,2024-08-23,2024-09-02,-0.0069594562136714,2024,2023-12-31,learned_order_offset,20260912,0.3863647344348675,0.3863647344348675,0,0
error16,3302,2024-08-30,2024-09-09,-0.0280389655151561,2024,2023-12-31,learned_order_offset,20260912,0.4062697859689684,0.4062697859689684,0,0
error16,3307,2024-09-06,2024-09-18,-0.0174132138857783,2024,2023-12-31,learned_order_offset,20260912,0.45448430889716435,0.45448430889716435,0,0
error16,3312,2024-09-13,2024-09-24,0.0133119329369826,2024,2023-12-31,learned_order_offset,20260912,0.41946199575362714,0.41946199575362714,0,1
error16,3315,2024-09-20,2024-09-30,0.2017513988384409,2024,2023-12-31,learned_order_offset,20260912,0.48448722299654073,0.48448722299654073,0,1
error16,3320,2024-09-27,2024-10-14,0.0178259004588408,2024,2023-12-31,learned_order_offset,20260912,0.5746740950620535,0.5746740950620535,1,1
error16,3325,2024-10-11,2024-10-21,0.0080914993282625,2024,2023-12-31,learned_order_offset,20260912,0.5862386145900477,0.5862386145900477,1,1
error16,3330,2024-10-18,2024-10-28,0.0015733867085561,2024,2023-12-31,learned_order_offset,20260912,0.6125407697732707,0.6125407697732707,1,1
error16,3335,2024-10-25,2024-11-04,-0.0140142824257356,2024,2023-12-31,learned_order_offset,20260912,0.5782982032930605,0.5782982032930605,1,0
error16,3340,2024-11-01,2024-11-11,0.0434152361258277,2024,2023-12-31,learned_order_offset,20260912,0.5719000509394175,0.5719000509394175,1,1
error16,3345,2024-11-08,2024-11-18,-0.0208584853931589,2024,2023-12-31,learned_order_offset,20260912,0.5792076167183184,0.5792076167183184,1,0
error16,3350,2024-11-15,2024-11-25,-0.0267421712161923,2024,2023-12-31,learned_order_offset,20260912,0.5639088935846646,0.5639088935846646,1,0
error16,3355,2024-11-22,2024-12-02,0.0087960346887328,2024,2023-12-31,learned_order_offset,20260912,0.6291616290547493,0.6291616290547493,1,1
error16,3360,2024-11-29,2024-12-09,0.0155919891551781,2024,2023-12-31,learned_order_offset,20260912,0.5470802465571543,0.5470802465571543,1,1
error16,3365,2024-12-06,2024-12-16,-0.0100436703218104,2024,2023-12-31,learned_order_offset,20260912,0.5150626516103205,0.5150626516103205,1,0
error16,3370,2024-12-13,2024-12-23,-0.0006690784017421,2024,2023-12-31,learned_order_offset,20260912,0.3987822872324129,0.3987822872324129,0,0
error16,3375,2024-12-20,2024-12-30,0.0123595076562756,2024,2023-12-31,learned_order_offset,20260912,0.2901534172352464,0.2901534172352464,0,1
error16,3380,2024-12-27,2025-01-06,-0.0504714964669198,2024,2023-12-31,learned_order_offset,20260912,0.2168218722083948,0.2168218722083948,0,0
error16,3144,2024-01-05,2024-01-15,-0.0158038409563566,2024,2023-12-31,native_mse,20260912,0.001652613648937757,,1,0
error16,3149,2024-01-12,2024-01-22,-0.002333261979756,2024,2023-12-31,native_mse,20260912,0.0017566823014709063,,1,0
error16,3154,2024-01-19,2024-01-29,0.0223511633823452,2024,2023-12-31,native_mse,20260912,0.0017349357863463528,,1,1
error16,3159,2024-01-26,2024-02-05,-0.0513103415192826,2024,2023-12-31,native_mse,20260912,0.0017756045446650414,,1,0
error16,3164,2024-02-02,2024-02-26,0.1015374891364462,2024,2023-12-31,native_mse,20260912,0.0017702651342618495,,1,1
error16,3173,2024-02-23,2024-03-04,0.0151569053862528,2024,2023-12-31,native_mse,20260912,0.0018705013508167863,,1,1
error16,3178,2024-03-01,2024-03-11,0.0021394031715169,2024,2023-12-31,native_mse,20260912,0.0020966839632058165,,1,1
error16,3183,2024-03-08,2024-03-18,0.0087762342284414,2024,2023-12-31,native_mse,20260912,0.0021229030867072935,,1,1
error16,3188,2024-03-15,2024-03-25,-0.0112802133595746,2024,2023-12-31,native_mse,20260912,0.002169492364912302,,1,0
error16,3193,2024-03-22,2024-04-01,0.0042044725182444,2024,2023-12-31,native_mse,20260912,0.0021346683785466035,,1,1
error16,3198,2024-03-29,2024-04-15,-0.0219845815102011,2024,2023-12-31,native_mse,20260912,0.001970104765042201,,1,0
error16,3206,2024-04-12,2024-04-22,0.018045199366633,2024,2023-12-31,native_mse,20260912,0.0018950666103198662,,1,1
error16,3211,2024-04-19,2024-04-29,0.0136757744232476,2024,2023-12-31,native_mse,20260912,0.0014826942470986316,,1,1
error16,3216,2024-04-26,2024-05-13,0.0172434956786644,2024,2023-12-31,native_mse,20260912,0.0010502698704938512,,1,1
error16,3223,2024-05-10,2024-05-20,0.0097933549988344,2024,2023-12-31,native_mse,20260912,0.0008603132721811119,,1,1
error16,3228,2024-05-17,2024-05-27,-0.0204803832637164,2024,2023-12-31,native_mse,20260912,0.000598359363630433,,1,0
error16,3233,2024-05-24,2024-06-03,-0.0081155643048258,2024,2023-12-31,native_mse,20260912,0.0005736014331172037,,1,0
error16,3238,2024-05-31,2024-06-11,-0.0060267570121149,2024,2023-12-31,native_mse,20260912,0.0005483327414548749,,1,0
error16,3243,2024-06-07,2024-06-17,-0.0096686558937179,2024,2023-12-31,native_mse,20260912,0.000585176229140396,,1,0
error16,3247,2024-06-14,2024-06-24,-0.013573992457631,2024,2023-12-31,native_mse,20260912,0.000605835607878555,,1,0
error16,3252,2024-06-21,2024-07-01,-0.004427632109257,2024,2023-12-31,native_mse,20260912,0.0006286050015987623,,1,0
error16,3257,2024-06-28,2024-07-08,-0.0108320369203009,2024,2023-12-31,native_mse,20260912,0.00064228262166844,,1,0
error16,3262,2024-07-05,2024-07-15,0.0122222871842843,2024,2023-12-31,native_mse,20260912,0.000721007461573622,,1,1
error16,3267,2024-07-12,2024-07-22,0.0218881133018156,2024,2023-12-31,native_mse,20260912,0.000821435978076197,,1,1
error16,3272,2024-07-19,2024-07-29,-0.0378787022382998,2024,2023-12-31,native_mse,20260912,0.0008418861287390497,,1,0
error16,3277,2024-07-26,2024-08-05,-0.0124134568216732,2024,2023-12-31,native_mse,20260912,0.0012675510770958798,,1,0
error16,3282,2024-08-02,2024-08-12,-0.0102762848330364,2024,2023-12-31,native_mse,20260912,0.0015249857513458085,,1,0
error16,3287,2024-08-09,2024-08-19,0.0050186923751938,2024,2023-12-31,native_mse,20260912,0.0015779514189250905,,1,1
error16,3292,2024-08-16,2024-08-26,-0.0040487282687352,2024,2023-12-31,native_mse,20260912,0.0013998325080271312,,1,0
error16,3297,2024-08-23,2024-09-02,-0.0069594562136714,2024,2023-12-31,native_mse,20260912,0.0014255873683507452,,1,0
error16,3302,2024-08-30,2024-09-09,-0.0280389655151561,2024,2023-12-31,native_mse,20260912,0.0015330401621674865,,1,0
error16,3307,2024-09-06,2024-09-18,-0.0174132138857783,2024,2023-12-31,native_mse,20260912,0.0015627932338450265,,1,0
error16,3312,2024-09-13,2024-09-24,0.0133119329369826,2024,2023-12-31,native_mse,20260912,0.0015103830852308555,,1,1
error16,3315,2024-09-20,2024-09-30,0.2017513988384409,2024,2023-12-31,native_mse,20260912,0.0015343284400254939,,1,1
error16,3320,2024-09-27,2024-10-14,0.0178259004588408,2024,2023-12-31,native_mse,20260912,0.0015725051425186597,,1,1
error16,3325,2024-10-11,2024-10-21,0.0080914993282625,2024,2023-12-31,native_mse,20260912,0.0019394229622847915,,1,1
error16,3330,2024-10-18,2024-10-28,0.0015733867085561,2024,2023-12-31,native_mse,20260912,0.0021210173726156634,,1,1
error16,3335,2024-10-25,2024-11-04,-0.0140142824257356,2024,2023-12-31,native_mse,20260912,0.0021565584052961957,,1,0
error16,3340,2024-11-01,2024-11-11,0.0434152361258277,2024,2023-12-31,native_mse,20260912,0.002066143931918221,,1,1
error16,3345,2024-11-08,2024-11-18,-0.0208584853931589,2024,2023-12-31,native_mse,20260912,0.0019328021834634566,,1,0
error16,3350,2024-11-15,2024-11-25,-0.0267421712161923,2024,2023-12-31,native_mse,20260912,0.0016078398644429398,,1,0
error16,3355,2024-11-22,2024-12-02,0.0087960346887328,2024,2023-12-31,native_mse,20260912,0.0014387624930086427,,1,1
error16,3360,2024-11-29,2024-12-09,0.0155919891551781,2024,2023-12-31,native_mse,20260912,0.001055672591838617,,1,1
error16,3365,2024-12-06,2024-12-16,-0.0100436703218104,2024,2023-12-31,native_mse,20260912,0.0009332123922739673,,1,0
error16,3370,2024-12-13,2024-12-23,-0.0006690784017421,2024,2023-12-31,native_mse,20260912,0.0007303535282016855,,1,0
error16,3375,2024-12-20,2024-12-30,0.0123595076562756,2024,2023-12-31,native_mse,20260912,0.0006347143027364932,,1,1
error16,3380,2024-12-27,2025-01-06,-0.0504714964669198,2024,2023-12-31,native_mse,20260912,0.0004962445983289108,,1,0
error16,3384,2025-01-03,2025-01-13,-0.0189486730632231,2025,2024-12-31,learned_market,20260910,0.38233645545210077,0.38233645545210077,0,0
error16,3389,2025-01-10,2025-01-20,0.0353251773547418,2025,2024-12-31,learned_market,20260910,0.3910227915849612,0.3910227915849612,0,1
error16,3394,2025-01-17,2025-01-27,0.000432821422053,2025,2024-12-31,learned_market,20260910,0.49015728346105064,0.49015728346105064,0,1
error16,3399,2025-01-24,2025-02-10,0.0159344898044284,2025,2024-12-31,learned_market,20260910,0.43779872313730184,0.43779872313730184,0,1
error16,3403,2025-02-07,2025-02-17,0.0144454990892999,2025,2024-12-31,learned_market,20260910,0.5065763414140139,0.5065763414140139,1,1
error16,3408,2025-02-14,2025-02-24,0.0045695818086644,2025,2024-12-31,learned_market,20260910,0.5698063647751795,0.5698063647751795,1,1
error16,3413,2025-02-21,2025-03-03,-0.0183210488158531,2025,2024-12-31,learned_market,20260910,0.5387747536285505,0.5387747536285505,1,0
error16,3418,2025-02-28,2025-03-10,0.0117650075646844,2025,2024-12-31,learned_market,20260910,0.4812656782302869,0.4812656782302869,0,1
error16,3423,2025-03-07,2025-03-17,0.019023819058288,2025,2024-12-31,learned_market,20260910,0.6111767156385011,0.6111767156385011,1,1
error16,3428,2025-03-14,2025-03-24,-0.0259983485216283,2025,2024-12-31,learned_market,20260910,0.44730435644814126,0.44730435644814126,0,0
error16,3433,2025-03-21,2025-03-31,-0.0025867506275359,2025,2024-12-31,learned_market,20260910,0.5315675954271929,0.5315675954271929,1,0
error16,3438,2025-03-28,2025-04-14,-0.0342910101946246,2025,2024-12-31,learned_market,20260910,0.7166635184412673,0.7166635184412673,1,0
error16,3447,2025-04-11,2025-04-21,-0.0010339232881941,2025,2024-12-31,learned_market,20260910,0.5214083358108379,0.5214083358108379,1,0
error16,3452,2025-04-18,2025-04-28,0.0048432383085554,2025,2024-12-31,learned_market,20260910,0.7734052582999416,0.7734052582999416,1,1
error16,3457,2025-04-25,2025-05-12,0.02116527880118,2025,2024-12-31,learned_market,20260910,0.4558498073052,0.4558498073052,0,1
error16,3464,2025-05-09,2025-05-19,0.0041484224873464,2025,2024-12-31,learned_market,20260910,0.3719118552957933,0.3719118552957933,0,1
error16,3469,2025-05-16,2025-05-26,-0.0017462660042188,2025,2024-12-31,learned_market,20260910,0.3347557846128493,0.3347557846128493,0,0
error16,3474,2025-05-23,2025-06-03,-0.0109216443615366,2025,2024-12-31,learned_market,20260910,0.4355752261120325,0.4355752261120325,0,0
error16,3479,2025-05-30,2025-06-09,0.011566574321892,2025,2024-12-31,learned_market,20260910,0.36634985851125834,0.36634985851125834,0,1
error16,3483,2025-06-06,2025-06-16,-0.0062354943524679,2025,2024-12-31,learned_market,20260910,0.4008337518523243,0.4008337518523243,0,0
error16,3488,2025-06-13,2025-06-23,-0.005825691168304,2025,2024-12-31,learned_market,20260910,0.39810789776620636,0.39810789776620636,0,0
error16,3493,2025-06-20,2025-06-30,0.0232670437490374,2025,2024-12-31,learned_market,20260910,0.4122689448247892,0.4122689448247892,0,1
error16,3498,2025-06-27,2025-07-07,0.0145345648685946,2025,2024-12-31,learned_market,20260910,0.3732862575696102,0.3732862575696102,0,1
error16,3384,2025-01-03,2025-01-13,-0.0189486730632231,2025,2024-12-31,learned_vol_interaction,20260910,0.38666219011730185,0.38666219011730185,0,0
error16,3389,2025-01-10,2025-01-20,0.0353251773547418,2025,2024-12-31,learned_vol_interaction,20260910,0.3791321657754841,0.3791321657754841,0,1
error16,3394,2025-01-17,2025-01-27,0.000432821422053,2025,2024-12-31,learned_vol_interaction,20260910,0.4768105126561029,0.4768105126561029,0,1
error16,3399,2025-01-24,2025-02-10,0.0159344898044284,2025,2024-12-31,learned_vol_interaction,20260910,0.46081361135637805,0.46081361135637805,0,1
error16,3403,2025-02-07,2025-02-17,0.0144454990892999,2025,2024-12-31,learned_vol_interaction,20260910,0.5021249737202294,0.5021249737202294,1,1
error16,3408,2025-02-14,2025-02-24,0.0045695818086644,2025,2024-12-31,learned_vol_interaction,20260910,0.5796741457129003,0.5796741457129003,1,1
error16,3413,2025-02-21,2025-03-03,-0.0183210488158531,2025,2024-12-31,learned_vol_interaction,20260910,0.5894724308913238,0.5894724308913238,1,0
error16,3418,2025-02-28,2025-03-10,0.0117650075646844,2025,2024-12-31,learned_vol_interaction,20260910,0.5038224926529957,0.5038224926529957,1,1
error16,3423,2025-03-07,2025-03-17,0.019023819058288,2025,2024-12-31,learned_vol_interaction,20260910,0.6257731101792092,0.6257731101792092,1,1
error16,3428,2025-03-14,2025-03-24,-0.0259983485216283,2025,2024-12-31,learned_vol_interaction,20260910,0.44102075881393793,0.44102075881393793,0,0
error16,3433,2025-03-21,2025-03-31,-0.0025867506275359,2025,2024-12-31,learned_vol_interaction,20260910,0.5122265111637169,0.5122265111637169,1,0
error16,3438,2025-03-28,2025-04-14,-0.0342910101946246,2025,2024-12-31,learned_vol_interaction,20260910,0.7509067743034049,0.7509067743034049,1,0
error16,3447,2025-04-11,2025-04-21,-0.0010339232881941,2025,2024-12-31,learned_vol_interaction,20260910,0.5594314824149098,0.5594314824149098,1,0
error16,3452,2025-04-18,2025-04-28,0.0048432383085554,2025,2024-12-31,learned_vol_interaction,20260910,0.6161803550192988,0.6161803550192988,1,1
error16,3457,2025-04-25,2025-05-12,0.02116527880118,2025,2024-12-31,learned_vol_interaction,20260910,0.5129504837776576,0.5129504837776576,1,1
error16,3464,2025-05-09,2025-05-19,0.0041484224873464,2025,2024-12-31,learned_vol_interaction,20260910,0.3397584672529613,0.3397584672529613,0,1
error16,3469,2025-05-16,2025-05-26,-0.0017462660042188,2025,2024-12-31,learned_vol_interaction,20260910,0.3057602604209353,0.3057602604209353,0,0
error16,3474,2025-05-23,2025-06-03,-0.0109216443615366,2025,2024-12-31,learned_vol_interaction,20260910,0.4388710457955909,0.4388710457955909,0,0
error16,3479,2025-05-30,2025-06-09,0.011566574321892,2025,2024-12-31,learned_vol_interaction,20260910,0.36460442555702505,0.36460442555702505,0,1
error16,3483,2025-06-06,2025-06-16,-0.0062354943524679,2025,2024-12-31,learned_vol_interaction,20260910,0.39394803233936054,0.39394803233936054,0,0
error16,3488,2025-06-13,2025-06-23,-0.005825691168304,2025,2024-12-31,learned_vol_interaction,20260910,0.3901672438709687,0.3901672438709687,0,0
error16,3493,2025-06-20,2025-06-30,0.0232670437490374,2025,2024-12-31,learned_vol_interaction,20260910,0.422539141417078,0.422539141417078,0,1
error16,3498,2025-06-27,2025-07-07,0.0145345648685946,2025,2024-12-31,learned_vol_interaction,20260910,0.38892299865015934,0.38892299865015934,0,1
error16,3384,2025-01-03,2025-01-13,-0.0189486730632231,2025,2024-12-31,learned_order_extension,20260910,0.36600157937330885,0.36600157937330885,0,0
error16,3389,2025-01-10,2025-01-20,0.0353251773547418,2025,2024-12-31,learned_order_extension,20260910,0.35256611690823136,0.35256611690823136,0,1
error16,3394,2025-01-17,2025-01-27,0.000432821422053,2025,2024-12-31,learned_order_extension,20260910,0.48744472138871614,0.48744472138871614,0,1
error16,3399,2025-01-24,2025-02-10,0.0159344898044284,2025,2024-12-31,learned_order_extension,20260910,0.4710830358173244,0.4710830358173244,0,1
error16,3403,2025-02-07,2025-02-17,0.0144454990892999,2025,2024-12-31,learned_order_extension,20260910,0.5229042647242248,0.5229042647242248,1,1
error16,3408,2025-02-14,2025-02-24,0.0045695818086644,2025,2024-12-31,learned_order_extension,20260910,0.5778482952092869,0.5778482952092869,1,1
error16,3413,2025-02-21,2025-03-03,-0.0183210488158531,2025,2024-12-31,learned_order_extension,20260910,0.6398652110146743,0.6398652110146743,1,0
error16,3418,2025-02-28,2025-03-10,0.0117650075646844,2025,2024-12-31,learned_order_extension,20260910,0.5091435465758709,0.5091435465758709,1,1
error16,3423,2025-03-07,2025-03-17,0.019023819058288,2025,2024-12-31,learned_order_extension,20260910,0.6768915881499589,0.6768915881499589,1,1
error16,3428,2025-03-14,2025-03-24,-0.0259983485216283,2025,2024-12-31,learned_order_extension,20260910,0.45607712059245215,0.45607712059245215,0,0
error16,3433,2025-03-21,2025-03-31,-0.0025867506275359,2025,2024-12-31,learned_order_extension,20260910,0.5368074346463041,0.5368074346463041,1,0
error16,3438,2025-03-28,2025-04-14,-0.0342910101946246,2025,2024-12-31,learned_order_extension,20260910,0.8368647681799748,0.8368647681799748,1,0
error16,3447,2025-04-11,2025-04-21,-0.0010339232881941,2025,2024-12-31,learned_order_extension,20260910,0.567649834278569,0.567649834278569,1,0
error16,3452,2025-04-18,2025-04-28,0.0048432383085554,2025,2024-12-31,learned_order_extension,20260910,0.681410394058545,0.681410394058545,1,1
error16,3457,2025-04-25,2025-05-12,0.02116527880118,2025,2024-12-31,learned_order_extension,20260910,0.5052829053147527,0.5052829053147527,1,1
error16,3464,2025-05-09,2025-05-19,0.0041484224873464,2025,2024-12-31,learned_order_extension,20260910,0.3280238538809617,0.3280238538809617,0,1
error16,3469,2025-05-16,2025-05-26,-0.0017462660042188,2025,2024-12-31,learned_order_extension,20260910,0.3040369005743606,0.3040369005743606,0,0
error16,3474,2025-05-23,2025-06-03,-0.0109216443615366,2025,2024-12-31,learned_order_extension,20260910,0.44422438744915205,0.44422438744915205,0,0
error16,3479,2025-05-30,2025-06-09,0.011566574321892,2025,2024-12-31,learned_order_extension,20260910,0.38913330899989523,0.38913330899989523,0,1
error16,3483,2025-06-06,2025-06-16,-0.0062354943524679,2025,2024-12-31,learned_order_extension,20260910,0.40874376815426067,0.40874376815426067,0,0
error16,3488,2025-06-13,2025-06-23,-0.005825691168304,2025,2024-12-31,learned_order_extension,20260910,0.3992895348297111,0.3992895348297111,0,0
error16,3493,2025-06-20,2025-06-30,0.0232670437490374,2025,2024-12-31,learned_order_extension,20260910,0.43522740351269595,0.43522740351269595,0,1
error16,3498,2025-06-27,2025-07-07,0.0145345648685946,2025,2024-12-31,learned_order_extension,20260910,0.40978431801033516,0.40978431801033516,0,1
error16,3384,2025-01-03,2025-01-13,-0.0189486730632231,2025,2024-12-31,learned_order_offset,20260910,0.36669421956338505,0.36669421956338505,0,0
error16,3389,2025-01-10,2025-01-20,0.0353251773547418,2025,2024-12-31,learned_order_offset,20260910,0.35282059228350937,0.35282059228350937,0,1
error16,3394,2025-01-17,2025-01-27,0.000432821422053,2025,2024-12-31,learned_order_offset,20260910,0.48807314138283653,0.48807314138283653,0,1
error16,3399,2025-01-24,2025-02-10,0.0159344898044284,2025,2024-12-31,learned_order_offset,20260910,0.4717801139449288,0.4717801139449288,0,1
error16,3403,2025-02-07,2025-02-17,0.0144454990892999,2025,2024-12-31,learned_order_offset,20260910,0.524022842955718,0.524022842955718,1,1
error16,3408,2025-02-14,2025-02-24,0.0045695818086644,2025,2024-12-31,learned_order_offset,20260910,0.5772818750748553,0.5772818750748553,1,1
error16,3413,2025-02-21,2025-03-03,-0.0183210488158531,2025,2024-12-31,learned_order_offset,20260910,0.6395827908381064,0.6395827908381064,1,0
error16,3418,2025-02-28,2025-03-10,0.0117650075646844,2025,2024-12-31,learned_order_offset,20260910,0.5071295431195366,0.5071295431195366,1,1
error16,3423,2025-03-07,2025-03-17,0.019023819058288,2025,2024-12-31,learned_order_offset,20260910,0.6756470892929178,0.6756470892929178,1,1
error16,3428,2025-03-14,2025-03-24,-0.0259983485216283,2025,2024-12-31,learned_order_offset,20260910,0.455714753994421,0.455714753994421,0,0
error16,3433,2025-03-21,2025-03-31,-0.0025867506275359,2025,2024-12-31,learned_order_offset,20260910,0.5359223493617127,0.5359223493617127,1,0
error16,3438,2025-03-28,2025-04-14,-0.0342910101946246,2025,2024-12-31,learned_order_offset,20260910,0.834993269183481,0.834993269183481,1,0
error16,3447,2025-04-11,2025-04-21,-0.0010339232881941,2025,2024-12-31,learned_order_offset,20260910,0.5649605883931398,0.5649605883931398,1,0
error16,3452,2025-04-18,2025-04-28,0.0048432383085554,2025,2024-12-31,learned_order_offset,20260910,0.6812464486051237,0.6812464486051237,1,1
error16,3457,2025-04-25,2025-05-12,0.02116527880118,2025,2024-12-31,learned_order_offset,20260910,0.5051445248644001,0.5051445248644001,1,1
error16,3464,2025-05-09,2025-05-19,0.0041484224873464,2025,2024-12-31,learned_order_offset,20260910,0.3288144848914296,0.3288144848914296,0,1
error16,3469,2025-05-16,2025-05-26,-0.0017462660042188,2025,2024-12-31,learned_order_offset,20260910,0.3043209517441266,0.3043209517441266,0,0
error16,3474,2025-05-23,2025-06-03,-0.0109216443615366,2025,2024-12-31,learned_order_offset,20260910,0.44478990167489674,0.44478990167489674,0,0
error16,3479,2025-05-30,2025-06-09,0.011566574321892,2025,2024-12-31,learned_order_offset,20260910,0.3894673260808954,0.3894673260808954,0,1
error16,3483,2025-06-06,2025-06-16,-0.0062354943524679,2025,2024-12-31,learned_order_offset,20260910,0.4096952673269118,0.4096952673269118,0,0
error16,3488,2025-06-13,2025-06-23,-0.005825691168304,2025,2024-12-31,learned_order_offset,20260910,0.3998744310516097,0.3998744310516097,0,0
error16,3493,2025-06-20,2025-06-30,0.0232670437490374,2025,2024-12-31,learned_order_offset,20260910,0.43535837385464177,0.43535837385464177,0,1
error16,3498,2025-06-27,2025-07-07,0.0145345648685946,2025,2024-12-31,learned_order_offset,20260910,0.4097128200210753,0.4097128200210753,0,1
error16,3384,2025-01-03,2025-01-13,-0.0189486730632231,2025,2024-12-31,native_mse,20260910,-0.0042551962797835255,,0,0
error16,3389,2025-01-10,2025-01-20,0.0353251773547418,2025,2024-12-31,native_mse,20260910,-0.004346017102457373,,0,1
error16,3394,2025-01-17,2025-01-27,0.000432821422053,2025,2024-12-31,native_mse,20260910,-0.0019110835117753682,,0,1
error16,3399,2025-01-24,2025-02-10,0.0159344898044284,2025,2024-12-31,native_mse,20260910,-0.0018767518511483509,,0,1
error16,3403,2025-02-07,2025-02-17,0.0144454990892999,2025,2024-12-31,native_mse,20260910,-0.0005243581714439598,,0,1
error16,3408,2025-02-14,2025-02-24,0.0045695818086644,2025,2024-12-31,native_mse,20260910,0.0018166916350322408,,1,1
error16,3413,2025-02-21,2025-03-03,-0.0183210488158531,2025,2024-12-31,native_mse,20260910,-0.0017910693651536675,,0,0
error16,3418,2025-02-28,2025-03-10,0.0117650075646844,2025,2024-12-31,native_mse,20260910,8.039864129989814e-05,,1,1
error16,3423,2025-03-07,2025-03-17,0.019023819058288,2025,2024-12-31,native_mse,20260910,0.00045020548490624885,,1,1
error16,3428,2025-03-14,2025-03-24,-0.0259983485216283,2025,2024-12-31,native_mse,20260910,0.004030585426274574,,1,0
error16,3433,2025-03-21,2025-03-31,-0.0025867506275359,2025,2024-12-31,native_mse,20260910,0.0025467178052053364,,1,0
error16,3438,2025-03-28,2025-04-14,-0.0342910101946246,2025,2024-12-31,native_mse,20260910,0.007880897711304511,,1,0
error16,3447,2025-04-11,2025-04-21,-0.0010339232881941,2025,2024-12-31,native_mse,20260910,5.880823721327009e-05,,1,0
error16,3452,2025-04-18,2025-04-28,0.0048432383085554,2025,2024-12-31,native_mse,20260910,0.005609692399565023,,1,1
error16,3457,2025-04-25,2025-05-12,0.02116527880118,2025,2024-12-31,native_mse,20260910,-0.000987643148635555,,0,1
error16,3464,2025-05-09,2025-05-19,0.0041484224873464,2025,2024-12-31,native_mse,20260910,-0.0013747677302766792,,0,1
error16,3469,2025-05-16,2025-05-26,-0.0017462660042188,2025,2024-12-31,native_mse,20260910,-0.0004666942525332647,,0,0
error16,3474,2025-05-23,2025-06-03,-0.0109216443615366,2025,2024-12-31,native_mse,20260910,-0.0003784346347167226,,0,0
error16,3479,2025-05-30,2025-06-09,0.011566574321892,2025,2024-12-31,native_mse,20260910,0.0010175785321809984,,1,1
error16,3483,2025-06-06,2025-06-16,-0.0062354943524679,2025,2024-12-31,native_mse,20260910,-0.0001914645603575384,,0,0
error16,3488,2025-06-13,2025-06-23,-0.005825691168304,2025,2024-12-31,native_mse,20260910,1.1665969000571627e-05,,1,0
error16,3493,2025-06-20,2025-06-30,0.0232670437490374,2025,2024-12-31,native_mse,20260910,0.0007044968618821799,,1,1
error16,3498,2025-06-27,2025-07-07,0.0145345648685946,2025,2024-12-31,native_mse,20260910,-0.003232334991441291,,0,1
error16,3384,2025-01-03,2025-01-13,-0.0189486730632231,2025,2024-12-31,training_frequency,-1,0.472636815920398,0.472636815920398,0,0
error16,3389,2025-01-10,2025-01-20,0.0353251773547418,2025,2024-12-31,training_frequency,-1,0.472636815920398,0.472636815920398,0,1
error16,3394,2025-01-17,2025-01-27,0.000432821422053,2025,2024-12-31,training_frequency,-1,0.472636815920398,0.472636815920398,0,1
error16,3399,2025-01-24,2025-02-10,0.0159344898044284,2025,2024-12-31,training_frequency,-1,0.472636815920398,0.472636815920398,0,1
error16,3403,2025-02-07,2025-02-17,0.0144454990892999,2025,2024-12-31,training_frequency,-1,0.472636815920398,0.472636815920398,0,1
error16,3408,2025-02-14,2025-02-24,0.0045695818086644,2025,2024-12-31,training_frequency,-1,0.472636815920398,0.472636815920398,0,1
error16,3413,2025-02-21,2025-03-03,-0.0183210488158531,2025,2024-12-31,training_frequency,-1,0.472636815920398,0.472636815920398,0,0
error16,3418,2025-02-28,2025-03-10,0.0117650075646844,2025,2024-12-31,training_frequency,-1,0.472636815920398,0.472636815920398,0,1
error16,3423,2025-03-07,2025-03-17,0.019023819058288,2025,2024-12-31,training_frequency,-1,0.472636815920398,0.472636815920398,0,1
error16,3428,2025-03-14,2025-03-24,-0.0259983485216283,2025,2024-12-31,training_frequency,-1,0.472636815920398,0.472636815920398,0,0
error16,3433,2025-03-21,2025-03-31,-0.0025867506275359,2025,2024-12-31,training_frequency,-1,0.472636815920398,0.472636815920398,0,0
error16,3438,2025-03-28,2025-04-14,-0.0342910101946246,2025,2024-12-31,training_frequency,-1,0.472636815920398,0.472636815920398,0,0
error16,3447,2025-04-11,2025-04-21,-0.0010339232881941,2025,2024-12-31,training_frequency,-1,0.472636815920398,0.472636815920398,0,0
error16,3452,2025-04-18,2025-04-28,0.0048432383085554,2025,2024-12-31,training_frequency,-1,0.472636815920398,0.472636815920398,0,1
error16,3457,2025-04-25,2025-05-12,0.02116527880118,2025,2024-12-31,training_frequency,-1,0.472636815920398,0.472636815920398,0,1
error16,3464,2025-05-09,2025-05-19,0.0041484224873464,2025,2024-12-31,training_frequency,-1,0.472636815920398,0.472636815920398,0,1
error16,3469,2025-05-16,2025-05-26,-0.0017462660042188,2025,2024-12-31,training_frequency,-1,0.472636815920398,0.472636815920398,0,0
error16,3474,2025-05-23,2025-06-03,-0.0109216443615366,2025,2024-12-31,training_frequency,-1,0.472636815920398,0.472636815920398,0,0
error16,3479,2025-05-30,2025-06-09,0.011566574321892,2025,2024-12-31,training_frequency,-1,0.472636815920398,0.472636815920398,0,1
error16,3483,2025-06-06,2025-06-16,-0.0062354943524679,2025,2024-12-31,training_frequency,-1,0.472636815920398,0.472636815920398,0,0
error16,3488,2025-06-13,2025-06-23,-0.005825691168304,2025,2024-12-31,training_frequency,-1,0.472636815920398,0.472636815920398,0,0
error16,3493,2025-06-20,2025-06-30,0.0232670437490374,2025,2024-12-31,training_frequency,-1,0.472636815920398,0.472636815920398,0,1
error16,3498,2025-06-27,2025-07-07,0.0145345648685946,2025,2024-12-31,training_frequency,-1,0.472636815920398,0.472636815920398,0,1
error16,3384,2025-01-03,2025-01-13,-0.0189486730632231,2025,2024-12-31,learned_market,20260911,0.42821132783780086,0.42821132783780086,0,0
error16,3389,2025-01-10,2025-01-20,0.0353251773547418,2025,2024-12-31,learned_market,20260911,0.3899957296673264,0.3899957296673264,0,1
error16,3394,2025-01-17,2025-01-27,0.000432821422053,2025,2024-12-31,learned_market,20260911,0.5369659260153571,0.5369659260153571,1,1
error16,3399,2025-01-24,2025-02-10,0.0159344898044284,2025,2024-12-31,learned_market,20260911,0.579417237715051,0.579417237715051,1,1
error16,3403,2025-02-07,2025-02-17,0.0144454990892999,2025,2024-12-31,learned_market,20260911,0.6179638900480853,0.6179638900480853,1,1
error16,3408,2025-02-14,2025-02-24,0.0045695818086644,2025,2024-12-31,learned_market,20260911,0.616114705527485,0.616114705527485,1,1
error16,3413,2025-02-21,2025-03-03,-0.0183210488158531,2025,2024-12-31,learned_market,20260911,0.562117179520429,0.562117179520429,1,0
error16,3418,2025-02-28,2025-03-10,0.0117650075646844,2025,2024-12-31,learned_market,20260911,0.5285781284571346,0.5285781284571346,1,1
error16,3423,2025-03-07,2025-03-17,0.019023819058288,2025,2024-12-31,learned_market,20260911,0.4669000809915797,0.4669000809915797,0,1
error16,3428,2025-03-14,2025-03-24,-0.0259983485216283,2025,2024-12-31,learned_market,20260911,0.5699083421091582,0.5699083421091582,1,0
error16,3433,2025-03-21,2025-03-31,-0.0025867506275359,2025,2024-12-31,learned_market,20260911,0.41241409635776066,0.41241409635776066,0,0
error16,3438,2025-03-28,2025-04-14,-0.0342910101946246,2025,2024-12-31,learned_market,20260911,0.48277123146752016,0.48277123146752016,0,0
error16,3447,2025-04-11,2025-04-21,-0.0010339232881941,2025,2024-12-31,learned_market,20260911,0.5805268836119362,0.5805268836119362,1,0
error16,3452,2025-04-18,2025-04-28,0.0048432383085554,2025,2024-12-31,learned_market,20260911,0.5688872565915271,0.5688872565915271,1,1
error16,3457,2025-04-25,2025-05-12,0.02116527880118,2025,2024-12-31,learned_market,20260911,0.46122086100259085,0.46122086100259085,0,1
error16,3464,2025-05-09,2025-05-19,0.0041484224873464,2025,2024-12-31,learned_market,20260911,0.36466861561285696,0.36466861561285696,0,1
error16,3469,2025-05-16,2025-05-26,-0.0017462660042188,2025,2024-12-31,learned_market,20260911,0.18741885684315504,0.18741885684315504,0,0
error16,3474,2025-05-23,2025-06-03,-0.0109216443615366,2025,2024-12-31,learned_market,20260911,0.3329216730635309,0.3329216730635309,0,0
error16,3479,2025-05-30,2025-06-09,0.011566574321892,2025,2024-12-31,learned_market,20260911,0.27007284209566695,0.27007284209566695,0,1
error16,3483,2025-06-06,2025-06-16,-0.0062354943524679,2025,2024-12-31,learned_market,20260911,0.5350200825873069,0.5350200825873069,1,0
error16,3488,2025-06-13,2025-06-23,-0.005825691168304,2025,2024-12-31,learned_market,20260911,0.46140451244920655,0.46140451244920655,0,0
error16,3493,2025-06-20,2025-06-30,0.0232670437490374,2025,2024-12-31,learned_market,20260911,0.5232923093031243,0.5232923093031243,1,1
error16,3498,2025-06-27,2025-07-07,0.0145345648685946,2025,2024-12-31,learned_market,20260911,0.5610127223665392,0.5610127223665392,1,1
error16,3384,2025-01-03,2025-01-13,-0.0189486730632231,2025,2024-12-31,learned_vol_interaction,20260911,0.4305231359543153,0.4305231359543153,0,0
error16,3389,2025-01-10,2025-01-20,0.0353251773547418,2025,2024-12-31,learned_vol_interaction,20260911,0.38884089510088987,0.38884089510088987,0,1
error16,3394,2025-01-17,2025-01-27,0.000432821422053,2025,2024-12-31,learned_vol_interaction,20260911,0.5344292773183893,0.5344292773183893,1,1
error16,3399,2025-01-24,2025-02-10,0.0159344898044284,2025,2024-12-31,learned_vol_interaction,20260911,0.5733087009015438,0.5733087009015438,1,1
error16,3403,2025-02-07,2025-02-17,0.0144454990892999,2025,2024-12-31,learned_vol_interaction,20260911,0.6229730094392066,0.6229730094392066,1,1
error16,3408,2025-02-14,2025-02-24,0.0045695818086644,2025,2024-12-31,learned_vol_interaction,20260911,0.6249392220388966,0.6249392220388966,1,1
error16,3413,2025-02-21,2025-03-03,-0.0183210488158531,2025,2024-12-31,learned_vol_interaction,20260911,0.5770853748295083,0.5770853748295083,1,0
error16,3418,2025-02-28,2025-03-10,0.0117650075646844,2025,2024-12-31,learned_vol_interaction,20260911,0.5320196258694382,0.5320196258694382,1,1
error16,3423,2025-03-07,2025-03-17,0.019023819058288,2025,2024-12-31,learned_vol_interaction,20260911,0.4709950343968562,0.4709950343968562,0,1
error16,3428,2025-03-14,2025-03-24,-0.0259983485216283,2025,2024-12-31,learned_vol_interaction,20260911,0.5689479286300063,0.5689479286300063,1,0
error16,3433,2025-03-21,2025-03-31,-0.0025867506275359,2025,2024-12-31,learned_vol_interaction,20260911,0.4073280883173269,0.4073280883173269,0,0
error16,3438,2025-03-28,2025-04-14,-0.0342910101946246,2025,2024-12-31,learned_vol_interaction,20260911,0.4833458290624725,0.4833458290624725,0,0
error16,3447,2025-04-11,2025-04-21,-0.0010339232881941,2025,2024-12-31,learned_vol_interaction,20260911,0.5558462748112867,0.5558462748112867,1,0
error16,3452,2025-04-18,2025-04-28,0.0048432383085554,2025,2024-12-31,learned_vol_interaction,20260911,0.5512669000081979,0.5512669000081979,1,1
error16,3457,2025-04-25,2025-05-12,0.02116527880118,2025,2024-12-31,learned_vol_interaction,20260911,0.46126589698872084,0.46126589698872084,0,1
error16,3464,2025-05-09,2025-05-19,0.0041484224873464,2025,2024-12-31,learned_vol_interaction,20260911,0.3657811119346164,0.3657811119346164,0,1
error16,3469,2025-05-16,2025-05-26,-0.0017462660042188,2025,2024-12-31,learned_vol_interaction,20260911,0.17005088379113875,0.17005088379113875,0,0
error16,3474,2025-05-23,2025-06-03,-0.0109216443615366,2025,2024-12-31,learned_vol_interaction,20260911,0.33365244663818855,0.33365244663818855,0,0
error16,3479,2025-05-30,2025-06-09,0.011566574321892,2025,2024-12-31,learned_vol_interaction,20260911,0.25952747706866647,0.25952747706866647,0,1
error16,3483,2025-06-06,2025-06-16,-0.0062354943524679,2025,2024-12-31,learned_vol_interaction,20260911,0.5526607674508816,0.5526607674508816,1,0
error16,3488,2025-06-13,2025-06-23,-0.005825691168304,2025,2024-12-31,learned_vol_interaction,20260911,0.47804200570352084,0.47804200570352084,0,0
error16,3493,2025-06-20,2025-06-30,0.0232670437490374,2025,2024-12-31,learned_vol_interaction,20260911,0.5462388483085826,0.5462388483085826,1,1
error16,3498,2025-06-27,2025-07-07,0.0145345648685946,2025,2024-12-31,learned_vol_interaction,20260911,0.578261270104434,0.578261270104434,1,1
error16,3384,2025-01-03,2025-01-13,-0.0189486730632231,2025,2024-12-31,learned_order_extension,20260911,0.43065388292304235,0.43065388292304235,0,0
error16,3389,2025-01-10,2025-01-20,0.0353251773547418,2025,2024-12-31,learned_order_extension,20260911,0.3891931634884253,0.3891931634884253,0,1
error16,3394,2025-01-17,2025-01-27,0.000432821422053,2025,2024-12-31,learned_order_extension,20260911,0.5293310636016386,0.5293310636016386,1,1
error16,3399,2025-01-24,2025-02-10,0.0159344898044284,2025,2024-12-31,learned_order_extension,20260911,0.5678795814188538,0.5678795814188538,1,1
error16,3403,2025-02-07,2025-02-17,0.0144454990892999,2025,2024-12-31,learned_order_extension,20260911,0.6181569415812861,0.6181569415812861,1,1
error16,3408,2025-02-14,2025-02-24,0.0045695818086644,2025,2024-12-31,learned_order_extension,20260911,0.623244763024503,0.623244763024503,1,1
error16,3413,2025-02-21,2025-03-03,-0.0183210488158531,2025,2024-12-31,learned_order_extension,20260911,0.5698307059548449,0.5698307059548449,1,0
error16,3418,2025-02-28,2025-03-10,0.0117650075646844,2025,2024-12-31,learned_order_extension,20260911,0.5277004284689892,0.5277004284689892,1,1
error16,3423,2025-03-07,2025-03-17,0.019023819058288,2025,2024-12-31,learned_order_extension,20260911,0.4694347191401159,0.4694347191401159,0,1
error16,3428,2025-03-14,2025-03-24,-0.0259983485216283,2025,2024-12-31,learned_order_extension,20260911,0.5654667556034778,0.5654667556034778,1,0
error16,3433,2025-03-21,2025-03-31,-0.0025867506275359,2025,2024-12-31,learned_order_extension,20260911,0.40561065982780425,0.40561065982780425,0,0
error16,3438,2025-03-28,2025-04-14,-0.0342910101946246,2025,2024-12-31,learned_order_extension,20260911,0.47795042275731253,0.47795042275731253,0,0
error16,3447,2025-04-11,2025-04-21,-0.0010339232881941,2025,2024-12-31,learned_order_extension,20260911,0.5534048068203342,0.5534048068203342,1,0
error16,3452,2025-04-18,2025-04-28,0.0048432383085554,2025,2024-12-31,learned_order_extension,20260911,0.5527203776973565,0.5527203776973565,1,1
error16,3457,2025-04-25,2025-05-12,0.02116527880118,2025,2024-12-31,learned_order_extension,20260911,0.46353892920875955,0.46353892920875955,0,1
error16,3464,2025-05-09,2025-05-19,0.0041484224873464,2025,2024-12-31,learned_order_extension,20260911,0.3649445140094585,0.3649445140094585,0,1
error16,3469,2025-05-16,2025-05-26,-0.0017462660042188,2025,2024-12-31,learned_order_extension,20260911,0.17192052045639458,0.17192052045639458,0,0
error16,3474,2025-05-23,2025-06-03,-0.0109216443615366,2025,2024-12-31,learned_order_extension,20260911,0.3297069268491959,0.3297069268491959,0,0
error16,3479,2025-05-30,2025-06-09,0.011566574321892,2025,2024-12-31,learned_order_extension,20260911,0.25644623657123405,0.25644623657123405,0,1
error16,3483,2025-06-06,2025-06-16,-0.0062354943524679,2025,2024-12-31,learned_order_extension,20260911,0.5532426962840995,0.5532426962840995,1,0
error16,3488,2025-06-13,2025-06-23,-0.005825691168304,2025,2024-12-31,learned_order_extension,20260911,0.47407583994699376,0.47407583994699376,0,0
error16,3493,2025-06-20,2025-06-30,0.0232670437490374,2025,2024-12-31,learned_order_extension,20260911,0.5441758763268831,0.5441758763268831,1,1
error16,3498,2025-06-27,2025-07-07,0.0145345648685946,2025,2024-12-31,learned_order_extension,20260911,0.5789884729243365,0.5789884729243365,1,1
error16,3384,2025-01-03,2025-01-13,-0.0189486730632231,2025,2024-12-31,learned_order_offset,20260911,0.430743812553328,0.430743812553328,0,0
error16,3389,2025-01-10,2025-01-20,0.0353251773547418,2025,2024-12-31,learned_order_offset,20260911,0.3892930545383684,0.3892930545383684,0,1
error16,3394,2025-01-17,2025-01-27,0.000432821422053,2025,2024-12-31,learned_order_offset,20260911,0.52934454260111,0.52934454260111,1,1
error16,3399,2025-01-24,2025-02-10,0.0159344898044284,2025,2024-12-31,learned_order_offset,20260911,0.5679288793949586,0.5679288793949586,1,1
error16,3403,2025-02-07,2025-02-17,0.0144454990892999,2025,2024-12-31,learned_order_offset,20260911,0.6181544426401614,0.6181544426401614,1,1
error16,3408,2025-02-14,2025-02-24,0.0045695818086644,2025,2024-12-31,learned_order_offset,20260911,0.6233447631977894,0.6233447631977894,1,1
error16,3413,2025-02-21,2025-03-03,-0.0183210488158531,2025,2024-12-31,learned_order_offset,20260911,0.5699444546955538,0.5699444546955538,1,0
error16,3418,2025-02-28,2025-03-10,0.0117650075646844,2025,2024-12-31,learned_order_offset,20260911,0.5277660121776485,0.5277660121776485,1,1
error16,3423,2025-03-07,2025-03-17,0.019023819058288,2025,2024-12-31,learned_order_offset,20260911,0.46953630716328854,0.46953630716328854,0,1
error16,3428,2025-03-14,2025-03-24,-0.0259983485216283,2025,2024-12-31,learned_order_offset,20260911,0.5655482902240324,0.5655482902240324,1,0
error16,3433,2025-03-21,2025-03-31,-0.0025867506275359,2025,2024-12-31,learned_order_offset,20260911,0.4056793971990091,0.4056793971990091,0,0
error16,3438,2025-03-28,2025-04-14,-0.0342910101946246,2025,2024-12-31,learned_order_offset,20260911,0.4779797038173516,0.4779797038173516,0,0
error16,3447,2025-04-11,2025-04-21,-0.0010339232881941,2025,2024-12-31,learned_order_offset,20260911,0.5534156127217199,0.5534156127217199,1,0
error16,3452,2025-04-18,2025-04-28,0.0048432383085554,2025,2024-12-31,learned_order_offset,20260911,0.5527711816702962,0.5527711816702962,1,1
error16,3457,2025-04-25,2025-05-12,0.02116527880118,2025,2024-12-31,learned_order_offset,20260911,0.4636520171330569,0.4636520171330569,0,1
error16,3464,2025-05-09,2025-05-19,0.0041484224873464,2025,2024-12-31,learned_order_offset,20260911,0.3649837526397116,0.3649837526397116,0,1
error16,3469,2025-05-16,2025-05-26,-0.0017462660042188,2025,2024-12-31,learned_order_offset,20260911,0.17197716836939528,0.17197716836939528,0,0
error16,3474,2025-05-23,2025-06-03,-0.0109216443615366,2025,2024-12-31,learned_order_offset,20260911,0.32979664486342924,0.32979664486342924,0,0
error16,3479,2025-05-30,2025-06-09,0.011566574321892,2025,2024-12-31,learned_order_offset,20260911,0.25647722408918133,0.25647722408918133,0,1
error16,3483,2025-06-06,2025-06-16,-0.0062354943524679,2025,2024-12-31,learned_order_offset,20260911,0.5531494136647972,0.5531494136647972,1,0
error16,3488,2025-06-13,2025-06-23,-0.005825691168304,2025,2024-12-31,learned_order_offset,20260911,0.4740674277221567,0.4740674277221567,0,0
error16,3493,2025-06-20,2025-06-30,0.0232670437490374,2025,2024-12-31,learned_order_offset,20260911,0.5441829119226477,0.5441829119226477,1,1
error16,3498,2025-06-27,2025-07-07,0.0145345648685946,2025,2024-12-31,learned_order_offset,20260911,0.578950056434683,0.578950056434683,1,1
error16,3384,2025-01-03,2025-01-13,-0.0189486730632231,2025,2024-12-31,native_mse,20260911,-0.002243633031677963,,0,0
error16,3389,2025-01-10,2025-01-20,0.0353251773547418,2025,2024-12-31,native_mse,20260911,-0.0018394813791051527,,0,1
error16,3394,2025-01-17,2025-01-27,0.000432821422053,2025,2024-12-31,native_mse,20260911,-0.0014393263633927758,,0,1
error16,3399,2025-01-24,2025-02-10,0.0159344898044284,2025,2024-12-31,native_mse,20260911,-0.0005732481089145066,,0,1
error16,3403,2025-02-07,2025-02-17,0.0144454990892999,2025,2024-12-31,native_mse,20260911,-0.0003493640286036611,,0,1
error16,3408,2025-02-14,2025-02-24,0.0045695818086644,2025,2024-12-31,native_mse,20260911,-6.571465300264602e-06,,0,1
error16,3413,2025-02-21,2025-03-03,-0.0183210488158531,2025,2024-12-31,native_mse,20260911,0.00010564573035517886,,1,0
error16,3418,2025-02-28,2025-03-10,0.0117650075646844,2025,2024-12-31,native_mse,20260911,0.00030938900384146466,,1,1
error16,3423,2025-03-07,2025-03-17,0.019023819058288,2025,2024-12-31,native_mse,20260911,0.0003527669941379203,,1,1
error16,3428,2025-03-14,2025-03-24,-0.0259983485216283,2025,2024-12-31,native_mse,20260911,0.0004719065040533454,,1,0
error16,3433,2025-03-21,2025-03-31,-0.0025867506275359,2025,2024-12-31,native_mse,20260911,0.0001374212134311476,,1,0
error16,3438,2025-03-28,2025-04-14,-0.0342910101946246,2025,2024-12-31,native_mse,20260911,0.0003460895283123176,,1,0
error16,3447,2025-04-11,2025-04-21,-0.0010339232881941,2025,2024-12-31,native_mse,20260911,0.000247650617921614,,1,0
error16,3452,2025-04-18,2025-04-28,0.0048432383085554,2025,2024-12-31,native_mse,20260911,0.0005399418130639047,,1,1
error16,3457,2025-04-25,2025-05-12,0.02116527880118,2025,2024-12-31,native_mse,20260911,0.00041859235087992534,,1,1
error16,3464,2025-05-09,2025-05-19,0.0041484224873464,2025,2024-12-31,native_mse,20260911,-0.00023324757687195213,,0,1
error16,3469,2025-05-16,2025-05-26,-0.0017462660042188,2025,2024-12-31,native_mse,20260911,-0.0007053097438131018,,0,0
error16,3474,2025-05-23,2025-06-03,-0.0109216443615366,2025,2024-12-31,native_mse,20260911,-0.0004283154814639044,,0,0
error16,3479,2025-05-30,2025-06-09,0.011566574321892,2025,2024-12-31,native_mse,20260911,-0.0007435280421209072,,0,1
error16,3483,2025-06-06,2025-06-16,-0.0062354943524679,2025,2024-12-31,native_mse,20260911,0.00031992663879525335,,1,0
error16,3488,2025-06-13,2025-06-23,-0.005825691168304,2025,2024-12-31,native_mse,20260911,-0.00012583521126832513,,0,0
error16,3493,2025-06-20,2025-06-30,0.0232670437490374,2025,2024-12-31,native_mse,20260911,0.0004804870845920942,,1,1
error16,3498,2025-06-27,2025-07-07,0.0145345648685946,2025,2024-12-31,native_mse,20260911,0.0003559800730399111,,1,1
error16,3384,2025-01-03,2025-01-13,-0.0189486730632231,2025,2024-12-31,learned_market,20260912,0.42089025641362,0.42089025641362,0,0
error16,3389,2025-01-10,2025-01-20,0.0353251773547418,2025,2024-12-31,learned_market,20260912,0.6539720773420672,0.6539720773420672,1,1
error16,3394,2025-01-17,2025-01-27,0.000432821422053,2025,2024-12-31,learned_market,20260912,0.5597316894392553,0.5597316894392553,1,1
error16,3399,2025-01-24,2025-02-10,0.0159344898044284,2025,2024-12-31,learned_market,20260912,0.7143346906245566,0.7143346906245566,1,1
error16,3403,2025-02-07,2025-02-17,0.0144454990892999,2025,2024-12-31,learned_market,20260912,0.6628191037923492,0.6628191037923492,1,1
error16,3408,2025-02-14,2025-02-24,0.0045695818086644,2025,2024-12-31,learned_market,20260912,0.6357468977060057,0.6357468977060057,1,1
error16,3413,2025-02-21,2025-03-03,-0.0183210488158531,2025,2024-12-31,learned_market,20260912,0.3807729420629625,0.3807729420629625,0,0
error16,3418,2025-02-28,2025-03-10,0.0117650075646844,2025,2024-12-31,learned_market,20260912,0.5714127704615375,0.5714127704615375,1,1
error16,3423,2025-03-07,2025-03-17,0.019023819058288,2025,2024-12-31,learned_market,20260912,0.2731298059228326,0.2731298059228326,0,1
error16,3428,2025-03-14,2025-03-24,-0.0259983485216283,2025,2024-12-31,learned_market,20260912,0.696672234818679,0.696672234818679,1,0
error16,3433,2025-03-21,2025-03-31,-0.0025867506275359,2025,2024-12-31,learned_market,20260912,0.5676267142547179,0.5676267142547179,1,0
error16,3438,2025-03-28,2025-04-14,-0.0342910101946246,2025,2024-12-31,learned_market,20260912,0.560911448173473,0.560911448173473,1,0
error16,3447,2025-04-11,2025-04-21,-0.0010339232881941,2025,2024-12-31,learned_market,20260912,0.5215906360273727,0.5215906360273727,1,0
error16,3452,2025-04-18,2025-04-28,0.0048432383085554,2025,2024-12-31,learned_market,20260912,0.6471632189538753,0.6471632189538753,1,1
error16,3457,2025-04-25,2025-05-12,0.02116527880118,2025,2024-12-31,learned_market,20260912,0.4695696106758965,0.4695696106758965,0,1
error16,3464,2025-05-09,2025-05-19,0.0041484224873464,2025,2024-12-31,learned_market,20260912,0.22514170688818488,0.22514170688818488,0,1
error16,3469,2025-05-16,2025-05-26,-0.0017462660042188,2025,2024-12-31,learned_market,20260912,0.31332898029792033,0.31332898029792033,0,0
error16,3474,2025-05-23,2025-06-03,-0.0109216443615366,2025,2024-12-31,learned_market,20260912,0.19958434143711248,0.19958434143711248,0,0
error16,3479,2025-05-30,2025-06-09,0.011566574321892,2025,2024-12-31,learned_market,20260912,0.15629075747992066,0.15629075747992066,0,1
error16,3483,2025-06-06,2025-06-16,-0.0062354943524679,2025,2024-12-31,learned_market,20260912,0.37428363998955994,0.37428363998955994,0,0
error16,3488,2025-06-13,2025-06-23,-0.005825691168304,2025,2024-12-31,learned_market,20260912,0.2863959921610815,0.2863959921610815,0,0
error16,3493,2025-06-20,2025-06-30,0.0232670437490374,2025,2024-12-31,learned_market,20260912,0.41408451859112755,0.41408451859112755,0,1
error16,3498,2025-06-27,2025-07-07,0.0145345648685946,2025,2024-12-31,learned_market,20260912,0.5266011272495493,0.5266011272495493,1,1
error16,3384,2025-01-03,2025-01-13,-0.0189486730632231,2025,2024-12-31,learned_vol_interaction,20260912,0.4216991098514313,0.4216991098514313,0,0
error16,3389,2025-01-10,2025-01-20,0.0353251773547418,2025,2024-12-31,learned_vol_interaction,20260912,0.6572683815072808,0.6572683815072808,1,1
error16,3394,2025-01-17,2025-01-27,0.000432821422053,2025,2024-12-31,learned_vol_interaction,20260912,0.5624117839252505,0.5624117839252505,1,1
error16,3399,2025-01-24,2025-02-10,0.0159344898044284,2025,2024-12-31,learned_vol_interaction,20260912,0.7143566519320824,0.7143566519320824,1,1
error16,3403,2025-02-07,2025-02-17,0.0144454990892999,2025,2024-12-31,learned_vol_interaction,20260912,0.6656753647706254,0.6656753647706254,1,1
error16,3408,2025-02-14,2025-02-24,0.0045695818086644,2025,2024-12-31,learned_vol_interaction,20260912,0.6366748986711647,0.6366748986711647,1,1
error16,3413,2025-02-21,2025-03-03,-0.0183210488158531,2025,2024-12-31,learned_vol_interaction,20260912,0.3758479309011285,0.3758479309011285,0,0
error16,3418,2025-02-28,2025-03-10,0.0117650075646844,2025,2024-12-31,learned_vol_interaction,20260912,0.5709205167438731,0.5709205167438731,1,1
error16,3423,2025-03-07,2025-03-17,0.019023819058288,2025,2024-12-31,learned_vol_interaction,20260912,0.2697314685006311,0.2697314685006311,0,1
error16,3428,2025-03-14,2025-03-24,-0.0259983485216283,2025,2024-12-31,learned_vol_interaction,20260912,0.6971511109958376,0.6971511109958376,1,0
error16,3433,2025-03-21,2025-03-31,-0.0025867506275359,2025,2024-12-31,learned_vol_interaction,20260912,0.5692380331101397,0.5692380331101397,1,0
error16,3438,2025-03-28,2025-04-14,-0.0342910101946246,2025,2024-12-31,learned_vol_interaction,20260912,0.5653548865619433,0.5653548865619433,1,0
error16,3447,2025-04-11,2025-04-21,-0.0010339232881941,2025,2024-12-31,learned_vol_interaction,20260912,0.5182124590150238,0.5182124590150238,1,0
error16,3452,2025-04-18,2025-04-28,0.0048432383085554,2025,2024-12-31,learned_vol_interaction,20260912,0.6373210111342115,0.6373210111342115,1,1
error16,3457,2025-04-25,2025-05-12,0.02116527880118,2025,2024-12-31,learned_vol_interaction,20260912,0.4715989287340677,0.4715989287340677,0,1
error16,3464,2025-05-09,2025-05-19,0.0041484224873464,2025,2024-12-31,learned_vol_interaction,20260912,0.2195213618582217,0.2195213618582217,0,1
error16,3469,2025-05-16,2025-05-26,-0.0017462660042188,2025,2024-12-31,learned_vol_interaction,20260912,0.30980692288748674,0.30980692288748674,0,0
error16,3474,2025-05-23,2025-06-03,-0.0109216443615366,2025,2024-12-31,learned_vol_interaction,20260912,0.19480935035671804,0.19480935035671804,0,0
error16,3479,2025-05-30,2025-06-09,0.011566574321892,2025,2024-12-31,learned_vol_interaction,20260912,0.15118619506064962,0.15118619506064962,0,1
error16,3483,2025-06-06,2025-06-16,-0.0062354943524679,2025,2024-12-31,learned_vol_interaction,20260912,0.37427363804780367,0.37427363804780367,0,0
error16,3488,2025-06-13,2025-06-23,-0.005825691168304,2025,2024-12-31,learned_vol_interaction,20260912,0.28249272154558186,0.28249272154558186,0,0
error16,3493,2025-06-20,2025-06-30,0.0232670437490374,2025,2024-12-31,learned_vol_interaction,20260912,0.41432413530429735,0.41432413530429735,0,1
error16,3498,2025-06-27,2025-07-07,0.0145345648685946,2025,2024-12-31,learned_vol_interaction,20260912,0.527574063118162,0.527574063118162,1,1
error16,3384,2025-01-03,2025-01-13,-0.0189486730632231,2025,2024-12-31,learned_order_extension,20260912,0.43188465804609494,0.43188465804609494,0,0
error16,3389,2025-01-10,2025-01-20,0.0353251773547418,2025,2024-12-31,learned_order_extension,20260912,0.7180313467789317,0.7180313467789317,1,1
error16,3394,2025-01-17,2025-01-27,0.000432821422053,2025,2024-12-31,learned_order_extension,20260912,0.6186516338053223,0.6186516338053223,1,1
error16,3399,2025-01-24,2025-02-10,0.0159344898044284,2025,2024-12-31,learned_order_extension,20260912,0.7832822932916682,0.7832822932916682,1,1
error16,3403,2025-02-07,2025-02-17,0.0144454990892999,2025,2024-12-31,learned_order_extension,20260912,0.7098765758367355,0.7098765758367355,1,1
error16,3408,2025-02-14,2025-02-24,0.0045695818086644,2025,2024-12-31,learned_order_extension,20260912,0.6855283540318028,0.6855283540318028,1,1
error16,3413,2025-02-21,2025-03-03,-0.0183210488158531,2025,2024-12-31,learned_order_extension,20260912,0.40938066472725215,0.40938066472725215,0,0
error16,3418,2025-02-28,2025-03-10,0.0117650075646844,2025,2024-12-31,learned_order_extension,20260912,0.6433684681685069,0.6433684681685069,1,1
error16,3423,2025-03-07,2025-03-17,0.019023819058288,2025,2024-12-31,learned_order_extension,20260912,0.25002023502263354,0.25002023502263354,0,1
error16,3428,2025-03-14,2025-03-24,-0.0259983485216283,2025,2024-12-31,learned_order_extension,20260912,0.7238176657049011,0.7238176657049011,1,0
error16,3433,2025-03-21,2025-03-31,-0.0025867506275359,2025,2024-12-31,learned_order_extension,20260912,0.5988742871040955,0.5988742871040955,1,0
error16,3438,2025-03-28,2025-04-14,-0.0342910101946246,2025,2024-12-31,learned_order_extension,20260912,0.6204095542696454,0.6204095542696454,1,0
error16,3447,2025-04-11,2025-04-21,-0.0010339232881941,2025,2024-12-31,learned_order_extension,20260912,0.5146965896009417,0.5146965896009417,1,0
error16,3452,2025-04-18,2025-04-28,0.0048432383085554,2025,2024-12-31,learned_order_extension,20260912,0.6661309990671398,0.6661309990671398,1,1
error16,3457,2025-04-25,2025-05-12,0.02116527880118,2025,2024-12-31,learned_order_extension,20260912,0.4604952035655177,0.4604952035655177,0,1
error16,3464,2025-05-09,2025-05-19,0.0041484224873464,2025,2024-12-31,learned_order_extension,20260912,0.21512770114159974,0.21512770114159974,0,1
error16,3469,2025-05-16,2025-05-26,-0.0017462660042188,2025,2024-12-31,learned_order_extension,20260912,0.3277789625470372,0.3277789625470372,0,0
error16,3474,2025-05-23,2025-06-03,-0.0109216443615366,2025,2024-12-31,learned_order_extension,20260912,0.22531154624064548,0.22531154624064548,0,0
error16,3479,2025-05-30,2025-06-09,0.011566574321892,2025,2024-12-31,learned_order_extension,20260912,0.20222044538989106,0.20222044538989106,0,1
error16,3483,2025-06-06,2025-06-16,-0.0062354943524679,2025,2024-12-31,learned_order_extension,20260912,0.407089298223714,0.407089298223714,0,0
error16,3488,2025-06-13,2025-06-23,-0.005825691168304,2025,2024-12-31,learned_order_extension,20260912,0.2982937492446568,0.2982937492446568,0,0
error16,3493,2025-06-20,2025-06-30,0.0232670437490374,2025,2024-12-31,learned_order_extension,20260912,0.4376549986924258,0.4376549986924258,0,1
error16,3498,2025-06-27,2025-07-07,0.0145345648685946,2025,2024-12-31,learned_order_extension,20260912,0.5181270090222981,0.5181270090222981,1,1
error16,3384,2025-01-03,2025-01-13,-0.0189486730632231,2025,2024-12-31,learned_order_offset,20260912,0.4326309825835323,0.4326309825835323,0,0
error16,3389,2025-01-10,2025-01-20,0.0353251773547418,2025,2024-12-31,learned_order_offset,20260912,0.7155096866522207,0.7155096866522207,1,1
error16,3394,2025-01-17,2025-01-27,0.000432821422053,2025,2024-12-31,learned_order_offset,20260912,0.6172483281551261,0.6172483281551261,1,1
error16,3399,2025-01-24,2025-02-10,0.0159344898044284,2025,2024-12-31,learned_order_offset,20260912,0.7808632543831274,0.7808632543831274,1,1
error16,3403,2025-02-07,2025-02-17,0.0144454990892999,2025,2024-12-31,learned_order_offset,20260912,0.7081726942730068,0.7081726942730068,1,1
error16,3408,2025-02-14,2025-02-24,0.0045695818086644,2025,2024-12-31,learned_order_offset,20260912,0.6832841057647039,0.6832841057647039,1,1
error16,3413,2025-02-21,2025-03-03,-0.0183210488158531,2025,2024-12-31,learned_order_offset,20260912,0.4117646835265383,0.4117646835265383,0,0
error16,3418,2025-02-28,2025-03-10,0.0117650075646844,2025,2024-12-31,learned_order_offset,20260912,0.6412881777301309,0.6412881777301309,1,1
error16,3423,2025-03-07,2025-03-17,0.019023819058288,2025,2024-12-31,learned_order_offset,20260912,0.25180315037211576,0.25180315037211576,0,1
error16,3428,2025-03-14,2025-03-24,-0.0259983485216283,2025,2024-12-31,learned_order_offset,20260912,0.7172777696525664,0.7172777696525664,1,0
error16,3433,2025-03-21,2025-03-31,-0.0025867506275359,2025,2024-12-31,learned_order_offset,20260912,0.5938462138293957,0.5938462138293957,1,0
error16,3438,2025-03-28,2025-04-14,-0.0342910101946246,2025,2024-12-31,learned_order_offset,20260912,0.6157709090258536,0.6157709090258536,1,0
error16,3447,2025-04-11,2025-04-21,-0.0010339232881941,2025,2024-12-31,learned_order_offset,20260912,0.5120728879925767,0.5120728879925767,1,0
error16,3452,2025-04-18,2025-04-28,0.0048432383085554,2025,2024-12-31,learned_order_offset,20260912,0.6635249152228766,0.6635249152228766,1,1
error16,3457,2025-04-25,2025-05-12,0.02116527880118,2025,2024-12-31,learned_order_offset,20260912,0.46286812448480785,0.46286812448480785,0,1
error16,3464,2025-05-09,2025-05-19,0.0041484224873464,2025,2024-12-31,learned_order_offset,20260912,0.21962607564301329,0.21962607564301329,0,1
error16,3469,2025-05-16,2025-05-26,-0.0017462660042188,2025,2024-12-31,learned_order_offset,20260912,0.33141150174739936,0.33141150174739936,0,0
error16,3474,2025-05-23,2025-06-03,-0.0109216443615366,2025,2024-12-31,learned_order_offset,20260912,0.23046429657969508,0.23046429657969508,0,0
error16,3479,2025-05-30,2025-06-09,0.011566574321892,2025,2024-12-31,learned_order_offset,20260912,0.2076334788658006,0.2076334788658006,0,1
error16,3483,2025-06-06,2025-06-16,-0.0062354943524679,2025,2024-12-31,learned_order_offset,20260912,0.4107608831952894,0.4107608831952894,0,0
error16,3488,2025-06-13,2025-06-23,-0.005825691168304,2025,2024-12-31,learned_order_offset,20260912,0.2988370145555203,0.2988370145555203,0,0
error16,3493,2025-06-20,2025-06-30,0.0232670437490374,2025,2024-12-31,learned_order_offset,20260912,0.4375904241651662,0.4375904241651662,0,1
error16,3498,2025-06-27,2025-07-07,0.0145345648685946,2025,2024-12-31,learned_order_offset,20260912,0.51621490195825,0.51621490195825,1,1
error16,3384,2025-01-03,2025-01-13,-0.0189486730632231,2025,2024-12-31,native_mse,20260912,-0.003930728949605344,,0,0
error16,3389,2025-01-10,2025-01-20,0.0353251773547418,2025,2024-12-31,native_mse,20260912,0.004608697114816542,,1,1
error16,3394,2025-01-17,2025-01-27,0.000432821422053,2025,2024-12-31,native_mse,20260912,-0.0013781107886780553,,0,1
error16,3399,2025-01-24,2025-02-10,0.0159344898044284,2025,2024-12-31,native_mse,20260912,0.008065382377116114,,1,1
error16,3403,2025-02-07,2025-02-17,0.0144454990892999,2025,2024-12-31,native_mse,20260912,0.0020560919017093573,,1,1
error16,3408,2025-02-14,2025-02-24,0.0045695818086644,2025,2024-12-31,native_mse,20260912,0.0004574229206631815,,1,1
error16,3413,2025-02-21,2025-03-03,-0.0183210488158531,2025,2024-12-31,native_mse,20260912,-0.004487069050516085,,0,0
error16,3418,2025-02-28,2025-03-10,0.0117650075646844,2025,2024-12-31,native_mse,20260912,0.007907777385840498,,1,1
error16,3423,2025-03-07,2025-03-17,0.019023819058288,2025,2024-12-31,native_mse,20260912,-0.007080334543719193,,0,1
error16,3428,2025-03-14,2025-03-24,-0.0259983485216283,2025,2024-12-31,native_mse,20260912,0.005416181842733637,,1,0
error16,3433,2025-03-21,2025-03-31,-0.0025867506275359,2025,2024-12-31,native_mse,20260912,0.0028174386195491687,,1,0
error16,3438,2025-03-28,2025-04-14,-0.0342910101946246,2025,2024-12-31,native_mse,20260912,0.0006099430279859906,,1,0
error16,3447,2025-04-11,2025-04-21,-0.0010339232881941,2025,2024-12-31,native_mse,20260912,-0.0038314464400373087,,0,0
error16,3452,2025-04-18,2025-04-28,0.0048432383085554,2025,2024-12-31,native_mse,20260912,-0.002239070357372274,,0,1
error16,3457,2025-04-25,2025-05-12,0.02116527880118,2025,2024-12-31,native_mse,20260912,-0.0030291142570267483,,0,1
error16,3464,2025-05-09,2025-05-19,0.0041484224873464,2025,2024-12-31,native_mse,20260912,-0.006797100864360832,,0,1
error16,3469,2025-05-16,2025-05-26,-0.0017462660042188,2025,2024-12-31,native_mse,20260912,0.0011635229802106158,,1,0
error16,3474,2025-05-23,2025-06-03,-0.0109216443615366,2025,2024-12-31,native_mse,20260912,-0.0015437185640202761,,0,0
error16,3479,2025-05-30,2025-06-09,0.011566574321892,2025,2024-12-31,native_mse,20260912,-0.007042284452490261,,0,1
error16,3483,2025-06-06,2025-06-16,-0.0062354943524679,2025,2024-12-31,native_mse,20260912,0.00028466611619904517,,1,0
error16,3488,2025-06-13,2025-06-23,-0.005825691168304,2025,2024-12-31,native_mse,20260912,-0.006674179072757184,,0,0
error16,3493,2025-06-20,2025-06-30,0.0232670437490374,2025,2024-12-31,native_mse,20260912,-0.0026285119113171485,,0,1
error16,3498,2025-06-27,2025-07-07,0.0145345648685946,2025,2024-12-31,native_mse,20260912,-0.001664357643481335,,0,1
error16,3503,2025-07-04,2025-07-14,0.0110426949002964,2025,2025-06-30,learned_market,20260910,0.5482412092070321,0.5482412092070321,1,1
error16,3508,2025-07-11,2025-07-21,0.0120759671840067,2025,2025-06-30,learned_market,20260910,0.5429613298128232,0.5429613298128232,1,1
error16,3513,2025-07-18,2025-07-28,0.0143570766898375,2025,2025-06-30,learned_market,20260910,0.5508719664148073,0.5508719664148073,1,1
error16,3518,2025-07-25,2025-08-04,-0.0218642507630443,2025,2025-06-30,learned_market,20260910,0.4570721933065444,0.4570721933065444,0,0
error16,3523,2025-08-01,2025-08-11,0.0179175520190988,2025,2025-06-30,learned_market,20260910,0.4010968267296317,0.4010968267296317,0,1
error16,3528,2025-08-08,2025-08-18,0.026265786598999,2025,2025-06-30,learned_market,20260910,0.5273385236654498,0.5273385236654498,1,1
error16,3533,2025-08-15,2025-08-25,0.0469483790671487,2025,2025-06-30,learned_market,20260910,0.45384723626301465,0.45384723626301465,0,1
error16,3538,2025-08-22,2025-09-01,0.0227770368340847,2025,2025-06-30,learned_market,20260910,0.32803808954116526,0.32803808954116526,0,1
error16,3543,2025-08-29,2025-09-08,-0.0110053842475337,2025,2025-06-30,learned_market,20260910,0.5354359018141299,0.5354359018141299,1,0
error16,3548,2025-09-05,2025-09-15,0.0151594857594405,2025,2025-06-30,learned_market,20260910,0.4422438297425585,0.4422438297425585,0,1
error16,3553,2025-09-12,2025-09-22,-0.0050409160971932,2025,2025-06-30,learned_market,20260910,0.531658944395088,0.531658944395088,1,0
error16,3558,2025-09-19,2025-09-29,0.0095300784790881,2025,2025-06-30,learned_market,20260910,0.42282501197873146,0.42282501197873146,0,1
error16,3563,2025-09-26,2025-10-13,-0.0140855274279203,2025,2025-06-30,learned_market,20260910,0.6679064982688356,0.6679064982688356,1,0
error16,3503,2025-07-04,2025-07-14,0.0110426949002964,2025,2025-06-30,learned_vol_interaction,20260910,0.54779409866689,0.54779409866689,1,1
error16,3508,2025-07-11,2025-07-21,0.0120759671840067,2025,2025-06-30,learned_vol_interaction,20260910,0.5412999593092593,0.5412999593092593,1,1
error16,3513,2025-07-18,2025-07-28,0.0143570766898375,2025,2025-06-30,learned_vol_interaction,20260910,0.5469772341496162,0.5469772341496162,1,1
error16,3518,2025-07-25,2025-08-04,-0.0218642507630443,2025,2025-06-30,learned_vol_interaction,20260910,0.46076674545858987,0.46076674545858987,0,0
error16,3523,2025-08-01,2025-08-11,0.0179175520190988,2025,2025-06-30,learned_vol_interaction,20260910,0.40640820119367094,0.40640820119367094,0,1
error16,3528,2025-08-08,2025-08-18,0.026265786598999,2025,2025-06-30,learned_vol_interaction,20260910,0.5295162106132196,0.5295162106132196,1,1
error16,3533,2025-08-15,2025-08-25,0.0469483790671487,2025,2025-06-30,learned_vol_interaction,20260910,0.4567939930734443,0.4567939930734443,0,1
error16,3538,2025-08-22,2025-09-01,0.0227770368340847,2025,2025-06-30,learned_vol_interaction,20260910,0.33304713468156605,0.33304713468156605,0,1
error16,3543,2025-08-29,2025-09-08,-0.0110053842475337,2025,2025-06-30,learned_vol_interaction,20260910,0.5361063056289526,0.5361063056289526,1,0
error16,3548,2025-09-05,2025-09-15,0.0151594857594405,2025,2025-06-30,learned_vol_interaction,20260910,0.44250558259735234,0.44250558259735234,0,1
error16,3553,2025-09-12,2025-09-22,-0.0050409160971932,2025,2025-06-30,learned_vol_interaction,20260910,0.5305438385693867,0.5305438385693867,1,0
error16,3558,2025-09-19,2025-09-29,0.0095300784790881,2025,2025-06-30,learned_vol_interaction,20260910,0.4216315654130565,0.4216315654130565,0,1
error16,3563,2025-09-26,2025-10-13,-0.0140855274279203,2025,2025-06-30,learned_vol_interaction,20260910,0.6699488718361828,0.6699488718361828,1,0
error16,3503,2025-07-04,2025-07-14,0.0110426949002964,2025,2025-06-30,learned_order_extension,20260910,0.5463686578236228,0.5463686578236228,1,1
error16,3508,2025-07-11,2025-07-21,0.0120759671840067,2025,2025-06-30,learned_order_extension,20260910,0.5401562776487688,0.5401562776487688,1,1
error16,3513,2025-07-18,2025-07-28,0.0143570766898375,2025,2025-06-30,learned_order_extension,20260910,0.5456393161535666,0.5456393161535666,1,1
error16,3518,2025-07-25,2025-08-04,-0.0218642507630443,2025,2025-06-30,learned_order_extension,20260910,0.45985204404444097,0.45985204404444097,0,0
error16,3523,2025-08-01,2025-08-11,0.0179175520190988,2025,2025-06-30,learned_order_extension,20260910,0.40331628211556,0.40331628211556,0,1
error16,3528,2025-08-08,2025-08-18,0.026265786598999,2025,2025-06-30,learned_order_extension,20260910,0.5317858598275179,0.5317858598275179,1,1
error16,3533,2025-08-15,2025-08-25,0.0469483790671487,2025,2025-06-30,learned_order_extension,20260910,0.45410933339936793,0.45410933339936793,0,1
error16,3538,2025-08-22,2025-09-01,0.0227770368340847,2025,2025-06-30,learned_order_extension,20260910,0.34196408377761517,0.34196408377761517,0,1
error16,3543,2025-08-29,2025-09-08,-0.0110053842475337,2025,2025-06-30,learned_order_extension,20260910,0.5354570008422377,0.5354570008422377,1,0
error16,3548,2025-09-05,2025-09-15,0.0151594857594405,2025,2025-06-30,learned_order_extension,20260910,0.44194690155221156,0.44194690155221156,0,1
error16,3553,2025-09-12,2025-09-22,-0.0050409160971932,2025,2025-06-30,learned_order_extension,20260910,0.5278656572177818,0.5278656572177818,1,0
error16,3558,2025-09-19,2025-09-29,0.0095300784790881,2025,2025-06-30,learned_order_extension,20260910,0.4249244481546965,0.4249244481546965,0,1
error16,3563,2025-09-26,2025-10-13,-0.0140855274279203,2025,2025-06-30,learned_order_extension,20260910,0.6617517157508613,0.6617517157508613,1,0
error16,3503,2025-07-04,2025-07-14,0.0110426949002964,2025,2025-06-30,learned_order_offset,20260910,0.5462149906212175,0.5462149906212175,1,1
error16,3508,2025-07-11,2025-07-21,0.0120759671840067,2025,2025-06-30,learned_order_offset,20260910,0.5401347693807496,0.5401347693807496,1,1
error16,3513,2025-07-18,2025-07-28,0.0143570766898375,2025,2025-06-30,learned_order_offset,20260910,0.5453887379715777,0.5453887379715777,1,1
error16,3518,2025-07-25,2025-08-04,-0.0218642507630443,2025,2025-06-30,learned_order_offset,20260910,0.4600151025377401,0.4600151025377401,0,0
error16,3523,2025-08-01,2025-08-11,0.0179175520190988,2025,2025-06-30,learned_order_offset,20260910,0.403493639239713,0.403493639239713,0,1
error16,3528,2025-08-08,2025-08-18,0.026265786598999,2025,2025-06-30,learned_order_offset,20260910,0.5318944261245001,0.5318944261245001,1,1
error16,3533,2025-08-15,2025-08-25,0.0469483790671487,2025,2025-06-30,learned_order_offset,20260910,0.4541199171180463,0.4541199171180463,0,1
error16,3538,2025-08-22,2025-09-01,0.0227770368340847,2025,2025-06-30,learned_order_offset,20260910,0.3424643685570247,0.3424643685570247,0,1
error16,3543,2025-08-29,2025-09-08,-0.0110053842475337,2025,2025-06-30,learned_order_offset,20260910,0.5354188179182977,0.5354188179182977,1,0
error16,3548,2025-09-05,2025-09-15,0.0151594857594405,2025,2025-06-30,learned_order_offset,20260910,0.44234843706703786,0.44234843706703786,0,1
error16,3553,2025-09-12,2025-09-22,-0.0050409160971932,2025,2025-06-30,learned_order_offset,20260910,0.527660700245175,0.527660700245175,1,0
error16,3558,2025-09-19,2025-09-29,0.0095300784790881,2025,2025-06-30,learned_order_offset,20260910,0.4250978043829327,0.4250978043829327,0,1
error16,3563,2025-09-26,2025-10-13,-0.0140855274279203,2025,2025-06-30,learned_order_offset,20260910,0.6612929704162825,0.6612929704162825,1,0
error16,3503,2025-07-04,2025-07-14,0.0110426949002964,2025,2025-06-30,native_mse,20260910,-1.9103704555239288e-05,,0,1
error16,3508,2025-07-11,2025-07-21,0.0120759671840067,2025,2025-06-30,native_mse,20260910,0.0013026157736130343,,1,1
error16,3513,2025-07-18,2025-07-28,0.0143570766898375,2025,2025-06-30,native_mse,20260910,0.000684515619798105,,1,1
error16,3518,2025-07-25,2025-08-04,-0.0218642507630443,2025,2025-06-30,native_mse,20260910,0.00015450959545286328,,1,0
error16,3523,2025-08-01,2025-08-11,0.0179175520190988,2025,2025-06-30,native_mse,20260910,-0.0015432069637098121,,0,1
error16,3528,2025-08-08,2025-08-18,0.026265786598999,2025,2025-06-30,native_mse,20260910,0.0010928568564952125,,1,1
error16,3533,2025-08-15,2025-08-25,0.0469483790671487,2025,2025-06-30,native_mse,20260910,-0.001037573873376638,,0,1
error16,3538,2025-08-22,2025-09-01,0.0227770368340847,2025,2025-06-30,native_mse,20260910,-0.0024068968315971557,,0,1
error16,3543,2025-08-29,2025-09-08,-0.0110053842475337,2025,2025-06-30,native_mse,20260910,-0.0009003483845479181,,0,0
error16,3548,2025-09-05,2025-09-15,0.0151594857594405,2025,2025-06-30,native_mse,20260910,-0.0017334678121250923,,0,1
error16,3553,2025-09-12,2025-09-22,-0.0050409160971932,2025,2025-06-30,native_mse,20260910,-0.0011831665728066678,,0,0
error16,3558,2025-09-19,2025-09-29,0.0095300784790881,2025,2025-06-30,native_mse,20260910,-0.0021062366207734136,,0,1
error16,3563,2025-09-26,2025-10-13,-0.0140855274279203,2025,2025-06-30,native_mse,20260910,7.504235768726429e-05,,1,0
error16,3503,2025-07-04,2025-07-14,0.0110426949002964,2025,2025-06-30,training_frequency,-1,0.4701492537313433,0.4701492537313433,0,1
error16,3508,2025-07-11,2025-07-21,0.0120759671840067,2025,2025-06-30,training_frequency,-1,0.4701492537313433,0.4701492537313433,0,1
error16,3513,2025-07-18,2025-07-28,0.0143570766898375,2025,2025-06-30,training_frequency,-1,0.4701492537313433,0.4701492537313433,0,1
error16,3518,2025-07-25,2025-08-04,-0.0218642507630443,2025,2025-06-30,training_frequency,-1,0.4701492537313433,0.4701492537313433,0,0
error16,3523,2025-08-01,2025-08-11,0.0179175520190988,2025,2025-06-30,training_frequency,-1,0.4701492537313433,0.4701492537313433,0,1
error16,3528,2025-08-08,2025-08-18,0.026265786598999,2025,2025-06-30,training_frequency,-1,0.4701492537313433,0.4701492537313433,0,1
error16,3533,2025-08-15,2025-08-25,0.0469483790671487,2025,2025-06-30,training_frequency,-1,0.4701492537313433,0.4701492537313433,0,1
error16,3538,2025-08-22,2025-09-01,0.0227770368340847,2025,2025-06-30,training_frequency,-1,0.4701492537313433,0.4701492537313433,0,1
error16,3543,2025-08-29,2025-09-08,-0.0110053842475337,2025,2025-06-30,training_frequency,-1,0.4701492537313433,0.4701492537313433,0,0
error16,3548,2025-09-05,2025-09-15,0.0151594857594405,2025,2025-06-30,training_frequency,-1,0.4701492537313433,0.4701492537313433,0,1
error16,3553,2025-09-12,2025-09-22,-0.0050409160971932,2025,2025-06-30,training_frequency,-1,0.4701492537313433,0.4701492537313433,0,0
error16,3558,2025-09-19,2025-09-29,0.0095300784790881,2025,2025-06-30,training_frequency,-1,0.4701492537313433,0.4701492537313433,0,1
error16,3563,2025-09-26,2025-10-13,-0.0140855274279203,2025,2025-06-30,training_frequency,-1,0.4701492537313433,0.4701492537313433,0,0
error16,3503,2025-07-04,2025-07-14,0.0110426949002964,2025,2025-06-30,learned_market,20260911,0.4225539604500009,0.4225539604500009,0,1
error16,3508,2025-07-11,2025-07-21,0.0120759671840067,2025,2025-06-30,learned_market,20260911,0.5122754828758834,0.5122754828758834,1,1
error16,3513,2025-07-18,2025-07-28,0.0143570766898375,2025,2025-06-30,learned_market,20260911,0.6213388383890261,0.6213388383890261,1,1
error16,3518,2025-07-25,2025-08-04,-0.0218642507630443,2025,2025-06-30,learned_market,20260911,0.44805790294497905,0.44805790294497905,0,0
error16,3523,2025-08-01,2025-08-11,0.0179175520190988,2025,2025-06-30,learned_market,20260911,0.4591295082122057,0.4591295082122057,0,1
error16,3528,2025-08-08,2025-08-18,0.026265786598999,2025,2025-06-30,learned_market,20260911,0.43547603665139994,0.43547603665139994,0,1
error16,3533,2025-08-15,2025-08-25,0.0469483790671487,2025,2025-06-30,learned_market,20260911,0.4829200433002393,0.4829200433002393,0,1
error16,3538,2025-08-22,2025-09-01,0.0227770368340847,2025,2025-06-30,learned_market,20260911,0.3838942737288458,0.3838942737288458,0,1
error16,3543,2025-08-29,2025-09-08,-0.0110053842475337,2025,2025-06-30,learned_market,20260911,0.3183971610152378,0.3183971610152378,0,0
error16,3548,2025-09-05,2025-09-15,0.0151594857594405,2025,2025-06-30,learned_market,20260911,0.43585358824354486,0.43585358824354486,0,1
error16,3553,2025-09-12,2025-09-22,-0.0050409160971932,2025,2025-06-30,learned_market,20260911,0.42431202985511574,0.42431202985511574,0,0
error16,3558,2025-09-19,2025-09-29,0.0095300784790881,2025,2025-06-30,learned_market,20260911,0.4914099693128478,0.4914099693128478,0,1
error16,3563,2025-09-26,2025-10-13,-0.0140855274279203,2025,2025-06-30,learned_market,20260911,0.4761881933020761,0.4761881933020761,0,0
error16,3503,2025-07-04,2025-07-14,0.0110426949002964,2025,2025-06-30,learned_vol_interaction,20260911,0.4313453833517234,0.4313453833517234,0,1
error16,3508,2025-07-11,2025-07-21,0.0120759671840067,2025,2025-06-30,learned_vol_interaction,20260911,0.5636250906555929,0.5636250906555929,1,1
error16,3513,2025-07-18,2025-07-28,0.0143570766898375,2025,2025-06-30,learned_vol_interaction,20260911,0.7096608861539614,0.7096608861539614,1,1
error16,3518,2025-07-25,2025-08-04,-0.0218642507630443,2025,2025-06-30,learned_vol_interaction,20260911,0.5011781170178179,0.5011781170178179,1,0
error16,3523,2025-08-01,2025-08-11,0.0179175520190988,2025,2025-06-30,learned_vol_interaction,20260911,0.49502124996079777,0.49502124996079777,0,1
error16,3528,2025-08-08,2025-08-18,0.026265786598999,2025,2025-06-30,learned_vol_interaction,20260911,0.44918020968520245,0.44918020968520245,0,1
error16,3533,2025-08-15,2025-08-25,0.0469483790671487,2025,2025-06-30,learned_vol_interaction,20260911,0.5307078423437459,0.5307078423437459,1,1
error16,3538,2025-08-22,2025-09-01,0.0227770368340847,2025,2025-06-30,learned_vol_interaction,20260911,0.3814479492446672,0.3814479492446672,0,1
error16,3543,2025-08-29,2025-09-08,-0.0110053842475337,2025,2025-06-30,learned_vol_interaction,20260911,0.30120937608387915,0.30120937608387915,0,0
error16,3548,2025-09-05,2025-09-15,0.0151594857594405,2025,2025-06-30,learned_vol_interaction,20260911,0.4330192240079598,0.4330192240079598,0,1
error16,3553,2025-09-12,2025-09-22,-0.0050409160971932,2025,2025-06-30,learned_vol_interaction,20260911,0.422415006960148,0.422415006960148,0,0
error16,3558,2025-09-19,2025-09-29,0.0095300784790881,2025,2025-06-30,learned_vol_interaction,20260911,0.48875996377082875,0.48875996377082875,0,1
error16,3563,2025-09-26,2025-10-13,-0.0140855274279203,2025,2025-06-30,learned_vol_interaction,20260911,0.4824997356429379,0.4824997356429379,0,0
error16,3503,2025-07-04,2025-07-14,0.0110426949002964,2025,2025-06-30,learned_order_extension,20260911,0.43482602527899195,0.43482602527899195,0,1
error16,3508,2025-07-11,2025-07-21,0.0120759671840067,2025,2025-06-30,learned_order_extension,20260911,0.5857060808764846,0.5857060808764846,1,1
error16,3513,2025-07-18,2025-07-28,0.0143570766898375,2025,2025-06-30,learned_order_extension,20260911,0.7218824342846829,0.7218824342846829,1,1
error16,3518,2025-07-25,2025-08-04,-0.0218642507630443,2025,2025-06-30,learned_order_extension,20260911,0.4811368516278285,0.4811368516278285,0,0
error16,3523,2025-08-01,2025-08-11,0.0179175520190988,2025,2025-06-30,learned_order_extension,20260911,0.48824778134792063,0.48824778134792063,0,1
error16,3528,2025-08-08,2025-08-18,0.026265786598999,2025,2025-06-30,learned_order_extension,20260911,0.4460007628431334,0.4460007628431334,0,1
error16,3533,2025-08-15,2025-08-25,0.0469483790671487,2025,2025-06-30,learned_order_extension,20260911,0.5277420348935848,0.5277420348935848,1,1
error16,3538,2025-08-22,2025-09-01,0.0227770368340847,2025,2025-06-30,learned_order_extension,20260911,0.3720263831060902,0.3720263831060902,0,1
error16,3543,2025-08-29,2025-09-08,-0.0110053842475337,2025,2025-06-30,learned_order_extension,20260911,0.28765628496315054,0.28765628496315054,0,0
error16,3548,2025-09-05,2025-09-15,0.0151594857594405,2025,2025-06-30,learned_order_extension,20260911,0.4280762790608415,0.4280762790608415,0,1
error16,3553,2025-09-12,2025-09-22,-0.0050409160971932,2025,2025-06-30,learned_order_extension,20260911,0.43250849075612846,0.43250849075612846,0,0
error16,3558,2025-09-19,2025-09-29,0.0095300784790881,2025,2025-06-30,learned_order_extension,20260911,0.5027182378901665,0.5027182378901665,1,1
error16,3563,2025-09-26,2025-10-13,-0.0140855274279203,2025,2025-06-30,learned_order_extension,20260911,0.48638351452336165,0.48638351452336165,0,0
error16,3503,2025-07-04,2025-07-14,0.0110426949002964,2025,2025-06-30,learned_order_offset,20260911,0.43379005741841575,0.43379005741841575,0,1
error16,3508,2025-07-11,2025-07-21,0.0120759671840067,2025,2025-06-30,learned_order_offset,20260911,0.5844301703915894,0.5844301703915894,1,1
error16,3513,2025-07-18,2025-07-28,0.0143570766898375,2025,2025-06-30,learned_order_offset,20260911,0.7199112374115008,0.7199112374115008,1,1
error16,3518,2025-07-25,2025-08-04,-0.0218642507630443,2025,2025-06-30,learned_order_offset,20260911,0.4798056052234653,0.4798056052234653,0,0
error16,3523,2025-08-01,2025-08-11,0.0179175520190988,2025,2025-06-30,learned_order_offset,20260911,0.48778385589117784,0.48778385589117784,0,1
error16,3528,2025-08-08,2025-08-18,0.026265786598999,2025,2025-06-30,learned_order_offset,20260911,0.4465065870826119,0.4465065870826119,0,1
error16,3533,2025-08-15,2025-08-25,0.0469483790671487,2025,2025-06-30,learned_order_offset,20260911,0.5266075088968507,0.5266075088968507,1,1
error16,3538,2025-08-22,2025-09-01,0.0227770368340847,2025,2025-06-30,learned_order_offset,20260911,0.3718691038953182,0.3718691038953182,0,1
error16,3543,2025-08-29,2025-09-08,-0.0110053842475337,2025,2025-06-30,learned_order_offset,20260911,0.2861746735142101,0.2861746735142101,0,0
error16,3548,2025-09-05,2025-09-15,0.0151594857594405,2025,2025-06-30,learned_order_offset,20260911,0.428648897713642,0.428648897713642,0,1
error16,3553,2025-09-12,2025-09-22,-0.0050409160971932,2025,2025-06-30,learned_order_offset,20260911,0.43339795756749283,0.43339795756749283,0,0
error16,3558,2025-09-19,2025-09-29,0.0095300784790881,2025,2025-06-30,learned_order_offset,20260911,0.5036892540866253,0.5036892540866253,1,1
error16,3563,2025-09-26,2025-10-13,-0.0140855274279203,2025,2025-06-30,learned_order_offset,20260911,0.48692794701585307,0.48692794701585307,0,0
error16,3503,2025-07-04,2025-07-14,0.0110426949002964,2025,2025-06-30,native_mse,20260911,-0.00033301750648773415,,0,1
error16,3508,2025-07-11,2025-07-21,0.0120759671840067,2025,2025-06-30,native_mse,20260911,0.0014785265430621564,,1,1
error16,3513,2025-07-18,2025-07-28,0.0143570766898375,2025,2025-06-30,native_mse,20260911,0.0022906693505243313,,1,1
error16,3518,2025-07-25,2025-08-04,-0.0218642507630443,2025,2025-06-30,native_mse,20260911,-0.00023523143662481651,,0,0
error16,3523,2025-08-01,2025-08-11,0.0179175520190988,2025,2025-06-30,native_mse,20260911,-0.0003726364286433809,,0,1
error16,3528,2025-08-08,2025-08-18,0.026265786598999,2025,2025-06-30,native_mse,20260911,-0.0015278782535979455,,0,1
error16,3533,2025-08-15,2025-08-25,0.0469483790671487,2025,2025-06-30,native_mse,20260911,-0.0008819814296351211,,0,1
error16,3538,2025-08-22,2025-09-01,0.0227770368340847,2025,2025-06-30,native_mse,20260911,-0.0015165271606416815,,0,1
error16,3543,2025-08-29,2025-09-08,-0.0110053842475337,2025,2025-06-30,native_mse,20260911,-0.0022849261413773977,,0,0
error16,3548,2025-09-05,2025-09-15,0.0151594857594405,2025,2025-06-30,native_mse,20260911,-0.0011486222644751004,,0,1
error16,3553,2025-09-12,2025-09-22,-0.0050409160971932,2025,2025-06-30,native_mse,20260911,-0.0010105225311087605,,0,0
error16,3558,2025-09-19,2025-09-29,0.0095300784790881,2025,2025-06-30,native_mse,20260911,-0.0007998085488316637,,0,1
error16,3563,2025-09-26,2025-10-13,-0.0140855274279203,2025,2025-06-30,native_mse,20260911,-0.0009334975329235662,,0,0
error16,3503,2025-07-04,2025-07-14,0.0110426949002964,2025,2025-06-30,learned_market,20260912,0.3959818692244062,0.3959818692244062,0,1
error16,3508,2025-07-11,2025-07-21,0.0120759671840067,2025,2025-06-30,learned_market,20260912,0.3824829129010704,0.3824829129010704,0,1
error16,3513,2025-07-18,2025-07-28,0.0143570766898375,2025,2025-06-30,learned_market,20260912,0.564802284810332,0.564802284810332,1,1
error16,3518,2025-07-25,2025-08-04,-0.0218642507630443,2025,2025-06-30,learned_market,20260912,0.307092804517789,0.307092804517789,0,0
error16,3523,2025-08-01,2025-08-11,0.0179175520190988,2025,2025-06-30,learned_market,20260912,0.335482411963749,0.335482411963749,0,1
error16,3528,2025-08-08,2025-08-18,0.026265786598999,2025,2025-06-30,learned_market,20260912,0.19295371846319295,0.19295371846319295,0,1
error16,3533,2025-08-15,2025-08-25,0.0469483790671487,2025,2025-06-30,learned_market,20260912,0.35577872820458056,0.35577872820458056,0,1
error16,3538,2025-08-22,2025-09-01,0.0227770368340847,2025,2025-06-30,learned_market,20260912,0.2257482653516637,0.2257482653516637,0,1
error16,3543,2025-08-29,2025-09-08,-0.0110053842475337,2025,2025-06-30,learned_market,20260912,0.5117947876703753,0.5117947876703753,1,0
error16,3548,2025-09-05,2025-09-15,0.0151594857594405,2025,2025-06-30,learned_market,20260912,0.4772636254070662,0.4772636254070662,0,1
error16,3553,2025-09-12,2025-09-22,-0.0050409160971932,2025,2025-06-30,learned_market,20260912,0.5334443501014826,0.5334443501014826,1,0
error16,3558,2025-09-19,2025-09-29,0.0095300784790881,2025,2025-06-30,learned_market,20260912,0.4165570002706819,0.4165570002706819,0,1
error16,3563,2025-09-26,2025-10-13,-0.0140855274279203,2025,2025-06-30,learned_market,20260912,0.4004546284923204,0.4004546284923204,0,0
error16,3503,2025-07-04,2025-07-14,0.0110426949002964,2025,2025-06-30,learned_vol_interaction,20260912,0.38929045016250186,0.38929045016250186,0,1
error16,3508,2025-07-11,2025-07-21,0.0120759671840067,2025,2025-06-30,learned_vol_interaction,20260912,0.37514735154886375,0.37514735154886375,0,1
error16,3513,2025-07-18,2025-07-28,0.0143570766898375,2025,2025-06-30,learned_vol_interaction,20260912,0.5673431961352524,0.5673431961352524,1,1
error16,3518,2025-07-25,2025-08-04,-0.0218642507630443,2025,2025-06-30,learned_vol_interaction,20260912,0.29446055581352654,0.29446055581352654,0,0
error16,3523,2025-08-01,2025-08-11,0.0179175520190988,2025,2025-06-30,learned_vol_interaction,20260912,0.32899901483008087,0.32899901483008087,0,1
error16,3528,2025-08-08,2025-08-18,0.026265786598999,2025,2025-06-30,learned_vol_interaction,20260912,0.1812459560407144,0.1812459560407144,0,1
error16,3533,2025-08-15,2025-08-25,0.0469483790671487,2025,2025-06-30,learned_vol_interaction,20260912,0.34685227212558134,0.34685227212558134,0,1
error16,3538,2025-08-22,2025-09-01,0.0227770368340847,2025,2025-06-30,learned_vol_interaction,20260912,0.21555998085087422,0.21555998085087422,0,1
error16,3543,2025-08-29,2025-09-08,-0.0110053842475337,2025,2025-06-30,learned_vol_interaction,20260912,0.507935558590745,0.507935558590745,1,0
error16,3548,2025-09-05,2025-09-15,0.0151594857594405,2025,2025-06-30,learned_vol_interaction,20260912,0.4678147739840111,0.4678147739840111,0,1
error16,3553,2025-09-12,2025-09-22,-0.0050409160971932,2025,2025-06-30,learned_vol_interaction,20260912,0.5263352861120437,0.5263352861120437,1,0
error16,3558,2025-09-19,2025-09-29,0.0095300784790881,2025,2025-06-30,learned_vol_interaction,20260912,0.412997795501015,0.412997795501015,0,1
error16,3563,2025-09-26,2025-10-13,-0.0140855274279203,2025,2025-06-30,learned_vol_interaction,20260912,0.3986904125357934,0.3986904125357934,0,0
error16,3503,2025-07-04,2025-07-14,0.0110426949002964,2025,2025-06-30,learned_order_extension,20260912,0.3695749181969098,0.3695749181969098,0,1
error16,3508,2025-07-11,2025-07-21,0.0120759671840067,2025,2025-06-30,learned_order_extension,20260912,0.3848453474805873,0.3848453474805873,0,1
error16,3513,2025-07-18,2025-07-28,0.0143570766898375,2025,2025-06-30,learned_order_extension,20260912,0.5807031824767923,0.5807031824767923,1,1
error16,3518,2025-07-25,2025-08-04,-0.0218642507630443,2025,2025-06-30,learned_order_extension,20260912,0.28686205872747056,0.28686205872747056,0,0
error16,3523,2025-08-01,2025-08-11,0.0179175520190988,2025,2025-06-30,learned_order_extension,20260912,0.31675253538243664,0.31675253538243664,0,1
error16,3528,2025-08-08,2025-08-18,0.026265786598999,2025,2025-06-30,learned_order_extension,20260912,0.15302656801861578,0.15302656801861578,0,1
error16,3533,2025-08-15,2025-08-25,0.0469483790671487,2025,2025-06-30,learned_order_extension,20260912,0.34239785218731017,0.34239785218731017,0,1
error16,3538,2025-08-22,2025-09-01,0.0227770368340847,2025,2025-06-30,learned_order_extension,20260912,0.2461702960742601,0.2461702960742601,0,1
error16,3543,2025-08-29,2025-09-08,-0.0110053842475337,2025,2025-06-30,learned_order_extension,20260912,0.5140902991133405,0.5140902991133405,1,0
error16,3548,2025-09-05,2025-09-15,0.0151594857594405,2025,2025-06-30,learned_order_extension,20260912,0.4821015439262179,0.4821015439262179,0,1
error16,3553,2025-09-12,2025-09-22,-0.0050409160971932,2025,2025-06-30,learned_order_extension,20260912,0.5343957471283032,0.5343957471283032,1,0
error16,3558,2025-09-19,2025-09-29,0.0095300784790881,2025,2025-06-30,learned_order_extension,20260912,0.42819748999780743,0.42819748999780743,0,1
error16,3563,2025-09-26,2025-10-13,-0.0140855274279203,2025,2025-06-30,learned_order_extension,20260912,0.4044071722743214,0.4044071722743214,0,0
error16,3503,2025-07-04,2025-07-14,0.0110426949002964,2025,2025-06-30,learned_order_offset,20260912,0.36961865411796146,0.36961865411796146,0,1
error16,3508,2025-07-11,2025-07-21,0.0120759671840067,2025,2025-06-30,learned_order_offset,20260912,0.38579626983408316,0.38579626983408316,0,1
error16,3513,2025-07-18,2025-07-28,0.0143570766898375,2025,2025-06-30,learned_order_offset,20260912,0.5811565489424632,0.5811565489424632,1,1
error16,3518,2025-07-25,2025-08-04,-0.0218642507630443,2025,2025-06-30,learned_order_offset,20260912,0.28809647594984933,0.28809647594984933,0,0
error16,3523,2025-08-01,2025-08-11,0.0179175520190988,2025,2025-06-30,learned_order_offset,20260912,0.31842798192265925,0.31842798192265925,0,1
error16,3528,2025-08-08,2025-08-18,0.026265786598999,2025,2025-06-30,learned_order_offset,20260912,0.15407307534768633,0.15407307534768633,0,1
error16,3533,2025-08-15,2025-08-25,0.0469483790671487,2025,2025-06-30,learned_order_offset,20260912,0.343207443117627,0.343207443117627,0,1
error16,3538,2025-08-22,2025-09-01,0.0227770368340847,2025,2025-06-30,learned_order_offset,20260912,0.2476533032481119,0.2476533032481119,0,1
error16,3543,2025-08-29,2025-09-08,-0.0110053842475337,2025,2025-06-30,learned_order_offset,20260912,0.514160121804106,0.514160121804106,1,0
error16,3548,2025-09-05,2025-09-15,0.0151594857594405,2025,2025-06-30,learned_order_offset,20260912,0.4822213845873195,0.4822213845873195,0,1
error16,3553,2025-09-12,2025-09-22,-0.0050409160971932,2025,2025-06-30,learned_order_offset,20260912,0.5338459479741178,0.5338459479741178,1,0
error16,3558,2025-09-19,2025-09-29,0.0095300784790881,2025,2025-06-30,learned_order_offset,20260912,0.4287409782325577,0.4287409782325577,0,1
error16,3563,2025-09-26,2025-10-13,-0.0140855274279203,2025,2025-06-30,learned_order_offset,20260912,0.4042491917030843,0.4042491917030843,0,0
error16,3503,2025-07-04,2025-07-14,0.0110426949002964,2025,2025-06-30,native_mse,20260912,-0.0007419695842650083,,0,1
error16,3508,2025-07-11,2025-07-21,0.0120759671840067,2025,2025-06-30,native_mse,20260912,-0.0007347204726018442,,0,1
error16,3513,2025-07-18,2025-07-28,0.0143570766898375,2025,2025-06-30,native_mse,20260912,-0.0007308984445157619,,0,1
error16,3518,2025-07-25,2025-08-04,-0.0218642507630443,2025,2025-06-30,native_mse,20260912,-0.0007573882200387425,,0,0
error16,3523,2025-08-01,2025-08-11,0.0179175520190988,2025,2025-06-30,native_mse,20260912,-0.0007845804761936798,,0,1
error16,3528,2025-08-08,2025-08-18,0.026265786598999,2025,2025-06-30,native_mse,20260912,-0.0008016680122793817,,0,1
error16,3533,2025-08-15,2025-08-25,0.0469483790671487,2025,2025-06-30,native_mse,20260912,-0.0008050740471458538,,0,1
error16,3538,2025-08-22,2025-09-01,0.0227770368340847,2025,2025-06-30,native_mse,20260912,-0.0008568586955615199,,0,1
error16,3543,2025-08-29,2025-09-08,-0.0110053842475337,2025,2025-06-30,native_mse,20260912,-0.0008500237025508632,,0,0
error16,3548,2025-09-05,2025-09-15,0.0151594857594405,2025,2025-06-30,native_mse,20260912,-0.0008521264312494462,,0,1
error16,3553,2025-09-12,2025-09-22,-0.0050409160971932,2025,2025-06-30,native_mse,20260912,-0.0008681844015233075,,0,0
error16,3558,2025-09-19,2025-09-29,0.0095300784790881,2025,2025-06-30,native_mse,20260912,-0.000880432715853964,,0,1
error16,3563,2025-09-26,2025-10-13,-0.0140855274279203,2025,2025-06-30,native_mse,20260912,-0.0008825259110398536,,0,0
error16,3630,2026-01-09,2026-01-19,-0.0103697336282536,2026,2025-12-31,learned_market,20260910,0.5209270458842004,0.5209270458842004,1,0
error16,3635,2026-01-16,2026-01-26,-0.0010190267764643,2026,2025-12-31,learned_market,20260910,0.5197139065453521,0.5197139065453521,1,0
error16,3640,2026-01-23,2026-02-02,-0.0087161586128796,2026,2025-12-31,learned_market,20260910,0.2755814653004309,0.2755814653004309,0,0
error16,3645,2026-01-30,2026-02-09,0.0041482324550519,2026,2025-12-31,learned_market,20260910,0.41561123934774186,0.41561123934774186,0,1
error16,3650,2026-02-06,2026-02-24,0.0071649689901505,2026,2025-12-31,learned_market,20260910,0.5571228245636697,0.5571228245636697,1,1
error16,3655,2026-02-13,2026-03-02,-0.0097920588919678,2026,2025-12-31,learned_market,20260910,0.4304939364707622,0.4304939364707622,0,0
error16,3659,2026-02-27,2026-03-09,-0.0172526869201304,2026,2025-12-31,learned_market,20260910,0.5160143853208942,0.5160143853208942,1,0
error16,3664,2026-03-06,2026-03-16,0.0149926634422041,2026,2025-12-31,learned_market,20260910,0.4236869357819852,0.4236869357819852,0,1
error16,3669,2026-03-13,2026-03-23,-0.0364343509194254,2026,2025-12-31,learned_market,20260910,0.40086366037455606,0.40086366037455606,0,0
error16,3674,2026-03-20,2026-03-30,-0.0083038829988221,2026,2025-12-31,learned_market,20260910,0.43855196230093557,0.43855196230093557,0,0
error16,3679,2026-03-27,2026-04-07,-0.0035591495694504,2026,2025-12-31,learned_market,20260910,0.5651756750942187,0.5651756750942187,1,0
error16,3684,2026-04-03,2026-04-13,0.0380736235508991,2026,2025-12-31,learned_market,20260910,0.5135356772227653,0.5135356772227653,1,1
error16,3688,2026-04-10,2026-04-20,0.0242766725964382,2026,2025-12-31,learned_market,20260910,0.4414243711182377,0.4414243711182377,0,1
error16,3693,2026-04-17,2026-04-27,0.010401572188011,2026,2025-12-31,learned_market,20260910,0.5274890760934624,0.5274890760934624,1,1
error16,3698,2026-04-24,2026-05-11,0.0263674696524953,2026,2025-12-31,learned_market,20260910,0.5599058490281199,0.5599058490281199,1,1
error16,3705,2026-05-08,2026-05-18,-0.0134529239455926,2026,2025-12-31,learned_market,20260910,0.7550729207988254,0.7550729207988254,1,0
error16,3710,2026-05-15,2026-05-25,0.0076235492615268,2026,2025-12-31,learned_market,20260910,0.804363668790624,0.804363668790624,1,1
error16,3715,2026-05-22,2026-06-01,0.005068538126898,2026,2025-12-31,learned_market,20260910,0.34489025597783224,0.34489025597783224,0,1
error16,3720,2026-05-29,2026-06-08,-0.039635353927193,2026,2025-12-31,learned_market,20260910,0.4051698015001944,0.4051698015001944,0,0
error16,3725,2026-06-05,2026-06-15,0.0266849782195981,2026,2025-12-31,learned_market,20260910,0.43325058670455674,0.43325058670455674,0,1
error16,3730,2026-06-12,2026-06-29,0.0076098142791176,2026,2025-12-31,learned_market,20260910,0.4284564728112197,0.4284564728112197,0,1
error16,3739,2026-06-26,2026-07-06,0.0005137647861506,2026,2025-12-31,learned_market,20260910,0.5031202151919982,0.5031202151919982,1,1
error16,3744,2026-07-03,2026-07-13,-0.0252847876365399,2026,2025-12-31,learned_market,20260910,0.48746869649780666,0.48746869649780666,0,0
error16,3749,2026-07-10,2026-07-20,-0.035775397012711,2026,2025-12-31,learned_market,20260910,0.5959903216474544,0.5959903216474544,1,0
error16,3754,2026-07-17,2026-07-27,0.01756245533441,2026,2025-12-31,learned_market,20260910,0.5449511844259397,0.5449511844259397,1,1
error16,3759,2026-07-24,2026-08-03,-0.0202339761556519,2026,2025-12-31,learned_market,20260910,0.5453196593301617,0.5453196593301617,1,0
error16,3764,2026-07-31,2026-08-10,0.0300318732435738,2026,2025-12-31,learned_market,20260910,0.2767208007713581,0.2767208007713581,0,1
error16,3769,2026-08-07,2026-08-17,-0.0056482265760339,2026,2025-12-31,learned_market,20260910,0.5027122241666967,0.5027122241666967,1,0
error16,3774,2026-08-14,2026-08-24,-0.0109860710402629,2026,2025-12-31,learned_market,20260910,0.5310817605680674,0.5310817605680674,1,0
error16,3779,2026-08-21,2026-08-31,-0.0127592811002066,2026,2025-12-31,learned_market,20260910,0.6651537896005871,0.6651537896005871,1,0
error16,3630,2026-01-09,2026-01-19,-0.0103697336282536,2026,2025-12-31,learned_vol_interaction,20260910,0.5249822005515526,0.5249822005515526,1,0
error16,3635,2026-01-16,2026-01-26,-0.0010190267764643,2026,2025-12-31,learned_vol_interaction,20260910,0.5217999415123397,0.5217999415123397,1,0
error16,3640,2026-01-23,2026-02-02,-0.0087161586128796,2026,2025-12-31,learned_vol_interaction,20260910,0.2703686171181188,0.2703686171181188,0,0
error16,3645,2026-01-30,2026-02-09,0.0041482324550519,2026,2025-12-31,learned_vol_interaction,20260910,0.4125281641526105,0.4125281641526105,0,1
error16,3650,2026-02-06,2026-02-24,0.0071649689901505,2026,2025-12-31,learned_vol_interaction,20260910,0.5560675092745206,0.5560675092745206,1,1
error16,3655,2026-02-13,2026-03-02,-0.0097920588919678,2026,2025-12-31,learned_vol_interaction,20260910,0.4244643603856174,0.4244643603856174,0,0
error16,3659,2026-02-27,2026-03-09,-0.0172526869201304,2026,2025-12-31,learned_vol_interaction,20260910,0.5169468531475478,0.5169468531475478,1,0
error16,3664,2026-03-06,2026-03-16,0.0149926634422041,2026,2025-12-31,learned_vol_interaction,20260910,0.42392001130005047,0.42392001130005047,0,1
error16,3669,2026-03-13,2026-03-23,-0.0364343509194254,2026,2025-12-31,learned_vol_interaction,20260910,0.3996582436829412,0.3996582436829412,0,0
error16,3674,2026-03-20,2026-03-30,-0.0083038829988221,2026,2025-12-31,learned_vol_interaction,20260910,0.4401239045442557,0.4401239045442557,0,0
error16,3679,2026-03-27,2026-04-07,-0.0035591495694504,2026,2025-12-31,learned_vol_interaction,20260910,0.5634266232389387,0.5634266232389387,1,0
error16,3684,2026-04-03,2026-04-13,0.0380736235508991,2026,2025-12-31,learned_vol_interaction,20260910,0.515659416956686,0.515659416956686,1,1
error16,3688,2026-04-10,2026-04-20,0.0242766725964382,2026,2025-12-31,learned_vol_interaction,20260910,0.4493722448458667,0.4493722448458667,0,1
error16,3693,2026-04-17,2026-04-27,0.010401572188011,2026,2025-12-31,learned_vol_interaction,20260910,0.5273621904757047,0.5273621904757047,1,1
error16,3698,2026-04-24,2026-05-11,0.0263674696524953,2026,2025-12-31,learned_vol_interaction,20260910,0.562569101111175,0.562569101111175,1,1
error16,3705,2026-05-08,2026-05-18,-0.0134529239455926,2026,2025-12-31,learned_vol_interaction,20260910,0.7583539673291619,0.7583539673291619,1,0
error16,3710,2026-05-15,2026-05-25,0.0076235492615268,2026,2025-12-31,learned_vol_interaction,20260910,0.808954967014337,0.808954967014337,1,1
error16,3715,2026-05-22,2026-06-01,0.005068538126898,2026,2025-12-31,learned_vol_interaction,20260910,0.3451660204622861,0.3451660204622861,0,1
error16,3720,2026-05-29,2026-06-08,-0.039635353927193,2026,2025-12-31,learned_vol_interaction,20260910,0.40602485778719405,0.40602485778719405,0,0
error16,3725,2026-06-05,2026-06-15,0.0266849782195981,2026,2025-12-31,learned_vol_interaction,20260910,0.432960289448338,0.432960289448338,0,1
error16,3730,2026-06-12,2026-06-29,0.0076098142791176,2026,2025-12-31,learned_vol_interaction,20260910,0.4280160370991171,0.4280160370991171,0,1
error16,3739,2026-06-26,2026-07-06,0.0005137647861506,2026,2025-12-31,learned_vol_interaction,20260910,0.5090642838694552,0.5090642838694552,1,1
error16,3744,2026-07-03,2026-07-13,-0.0252847876365399,2026,2025-12-31,learned_vol_interaction,20260910,0.49593440700267954,0.49593440700267954,0,0
error16,3749,2026-07-10,2026-07-20,-0.035775397012711,2026,2025-12-31,learned_vol_interaction,20260910,0.5920303453730118,0.5920303453730118,1,0
error16,3754,2026-07-17,2026-07-27,0.01756245533441,2026,2025-12-31,learned_vol_interaction,20260910,0.5400320366057051,0.5400320366057051,1,1
error16,3759,2026-07-24,2026-08-03,-0.0202339761556519,2026,2025-12-31,learned_vol_interaction,20260910,0.5452135003498544,0.5452135003498544,1,0
error16,3764,2026-07-31,2026-08-10,0.0300318732435738,2026,2025-12-31,learned_vol_interaction,20260910,0.2927729237284659,0.2927729237284659,0,1
error16,3769,2026-08-07,2026-08-17,-0.0056482265760339,2026,2025-12-31,learned_vol_interaction,20260910,0.5018241632757133,0.5018241632757133,1,0
error16,3774,2026-08-14,2026-08-24,-0.0109860710402629,2026,2025-12-31,learned_vol_interaction,20260910,0.5283667849838735,0.5283667849838735,1,0
error16,3779,2026-08-21,2026-08-31,-0.0127592811002066,2026,2025-12-31,learned_vol_interaction,20260910,0.6645868105074454,0.6645868105074454,1,0
error16,3630,2026-01-09,2026-01-19,-0.0103697336282536,2026,2025-12-31,learned_order_extension,20260910,0.5118603699776423,0.5118603699776423,1,0
error16,3635,2026-01-16,2026-01-26,-0.0010190267764643,2026,2025-12-31,learned_order_extension,20260910,0.5121161981098539,0.5121161981098539,1,0
error16,3640,2026-01-23,2026-02-02,-0.0087161586128796,2026,2025-12-31,learned_order_extension,20260910,0.2938325386236829,0.2938325386236829,0,0
error16,3645,2026-01-30,2026-02-09,0.0041482324550519,2026,2025-12-31,learned_order_extension,20260910,0.43621861720931454,0.43621861720931454,0,1
error16,3650,2026-02-06,2026-02-24,0.0071649689901505,2026,2025-12-31,learned_order_extension,20260910,0.5517322930511716,0.5517322930511716,1,1
error16,3655,2026-02-13,2026-03-02,-0.0097920588919678,2026,2025-12-31,learned_order_extension,20260910,0.4214021419664105,0.4214021419664105,0,0
error16,3659,2026-02-27,2026-03-09,-0.0172526869201304,2026,2025-12-31,learned_order_extension,20260910,0.5148692090014166,0.5148692090014166,1,0
error16,3664,2026-03-06,2026-03-16,0.0149926634422041,2026,2025-12-31,learned_order_extension,20260910,0.43198850893548346,0.43198850893548346,0,1
error16,3669,2026-03-13,2026-03-23,-0.0364343509194254,2026,2025-12-31,learned_order_extension,20260910,0.42629911883001154,0.42629911883001154,0,0
error16,3674,2026-03-20,2026-03-30,-0.0083038829988221,2026,2025-12-31,learned_order_extension,20260910,0.4749564207401761,0.4749564207401761,0,0
error16,3679,2026-03-27,2026-04-07,-0.0035591495694504,2026,2025-12-31,learned_order_extension,20260910,0.5307522668879032,0.5307522668879032,1,0
error16,3684,2026-04-03,2026-04-13,0.0380736235508991,2026,2025-12-31,learned_order_extension,20260910,0.4794368120870296,0.4794368120870296,0,1
error16,3688,2026-04-10,2026-04-20,0.0242766725964382,2026,2025-12-31,learned_order_extension,20260910,0.46167487445755256,0.46167487445755256,0,1
error16,3693,2026-04-17,2026-04-27,0.010401572188011,2026,2025-12-31,learned_order_extension,20260910,0.48915840397780913,0.48915840397780913,0,1
error16,3698,2026-04-24,2026-05-11,0.0263674696524953,2026,2025-12-31,learned_order_extension,20260910,0.5334939283024217,0.5334939283024217,1,1
error16,3705,2026-05-08,2026-05-18,-0.0134529239455926,2026,2025-12-31,learned_order_extension,20260910,0.6608729457947353,0.6608729457947353,1,0
error16,3710,2026-05-15,2026-05-25,0.0076235492615268,2026,2025-12-31,learned_order_extension,20260910,0.6621456099988644,0.6621456099988644,1,1
error16,3715,2026-05-22,2026-06-01,0.005068538126898,2026,2025-12-31,learned_order_extension,20260910,0.40802462143294466,0.40802462143294466,0,1
error16,3720,2026-05-29,2026-06-08,-0.039635353927193,2026,2025-12-31,learned_order_extension,20260910,0.4710367249905899,0.4710367249905899,0,0
error16,3725,2026-06-05,2026-06-15,0.0266849782195981,2026,2025-12-31,learned_order_extension,20260910,0.4787674603567685,0.4787674603567685,0,1
error16,3730,2026-06-12,2026-06-29,0.0076098142791176,2026,2025-12-31,learned_order_extension,20260910,0.46726942898894935,0.46726942898894935,0,1
error16,3739,2026-06-26,2026-07-06,0.0005137647861506,2026,2025-12-31,learned_order_extension,20260910,0.50390759823315,0.50390759823315,1,1
error16,3744,2026-07-03,2026-07-13,-0.0252847876365399,2026,2025-12-31,learned_order_extension,20260910,0.5209645843255333,0.5209645843255333,1,0
error16,3749,2026-07-10,2026-07-20,-0.035775397012711,2026,2025-12-31,learned_order_extension,20260910,0.5454797914275038,0.5454797914275038,1,0
error16,3754,2026-07-17,2026-07-27,0.01756245533441,2026,2025-12-31,learned_order_extension,20260910,0.509635762223466,0.509635762223466,1,1
error16,3759,2026-07-24,2026-08-03,-0.0202339761556519,2026,2025-12-31,learned_order_extension,20260910,0.518520792881256,0.518520792881256,1,0
error16,3764,2026-07-31,2026-08-10,0.0300318732435738,2026,2025-12-31,learned_order_extension,20260910,0.36135032927063787,0.36135032927063787,0,1
error16,3769,2026-08-07,2026-08-17,-0.0056482265760339,2026,2025-12-31,learned_order_extension,20260910,0.4821947855603083,0.4821947855603083,0,0
error16,3774,2026-08-14,2026-08-24,-0.0109860710402629,2026,2025-12-31,learned_order_extension,20260910,0.49567013865267634,0.49567013865267634,0,0
error16,3779,2026-08-21,2026-08-31,-0.0127592811002066,2026,2025-12-31,learned_order_extension,20260910,0.5942017644460034,0.5942017644460034,1,0
error16,3630,2026-01-09,2026-01-19,-0.0103697336282536,2026,2025-12-31,learned_order_offset,20260910,0.5108025931769093,0.5108025931769093,1,0
error16,3635,2026-01-16,2026-01-26,-0.0010190267764643,2026,2025-12-31,learned_order_offset,20260910,0.5113982623384066,0.5113982623384066,1,0
error16,3640,2026-01-23,2026-02-02,-0.0087161586128796,2026,2025-12-31,learned_order_offset,20260910,0.2944555803643879,0.2944555803643879,0,0
error16,3645,2026-01-30,2026-02-09,0.0041482324550519,2026,2025-12-31,learned_order_offset,20260910,0.43663121014690576,0.43663121014690576,0,1
error16,3650,2026-02-06,2026-02-24,0.0071649689901505,2026,2025-12-31,learned_order_offset,20260910,0.5521384139661094,0.5521384139661094,1,1
error16,3655,2026-02-13,2026-03-02,-0.0097920588919678,2026,2025-12-31,learned_order_offset,20260910,0.42280069136931375,0.42280069136931375,0,0
error16,3659,2026-02-27,2026-03-09,-0.0172526869201304,2026,2025-12-31,learned_order_offset,20260910,0.5153156845902671,0.5153156845902671,1,0
error16,3664,2026-03-06,2026-03-16,0.0149926634422041,2026,2025-12-31,learned_order_offset,20260910,0.43177972341367155,0.43177972341367155,0,1
error16,3669,2026-03-13,2026-03-23,-0.0364343509194254,2026,2025-12-31,learned_order_offset,20260910,0.4256062271162684,0.4256062271162684,0,0
error16,3674,2026-03-20,2026-03-30,-0.0083038829988221,2026,2025-12-31,learned_order_offset,20260910,0.47357009046646403,0.47357009046646403,0,0
error16,3679,2026-03-27,2026-04-07,-0.0035591495694504,2026,2025-12-31,learned_order_offset,20260910,0.5299745221118999,0.5299745221118999,1,0
error16,3684,2026-04-03,2026-04-13,0.0380736235508991,2026,2025-12-31,learned_order_offset,20260910,0.4782165227179181,0.4782165227179181,0,1
error16,3688,2026-04-10,2026-04-20,0.0242766725964382,2026,2025-12-31,learned_order_offset,20260910,0.4615862587370742,0.4615862587370742,0,1
error16,3693,2026-04-17,2026-04-27,0.010401572188011,2026,2025-12-31,learned_order_offset,20260910,0.48781762002384393,0.48781762002384393,0,1
error16,3698,2026-04-24,2026-05-11,0.0263674696524953,2026,2025-12-31,learned_order_offset,20260910,0.5331761180129994,0.5331761180129994,1,1
error16,3705,2026-05-08,2026-05-18,-0.0134529239455926,2026,2025-12-31,learned_order_offset,20260910,0.6596035363014215,0.6596035363014215,1,0
error16,3710,2026-05-15,2026-05-25,0.0076235492615268,2026,2025-12-31,learned_order_offset,20260910,0.6598534157480438,0.6598534157480438,1,1
error16,3715,2026-05-22,2026-06-01,0.005068538126898,2026,2025-12-31,learned_order_offset,20260910,0.4084421988760729,0.4084421988760729,0,1
error16,3720,2026-05-29,2026-06-08,-0.039635353927193,2026,2025-12-31,learned_order_offset,20260910,0.4707708671158844,0.4707708671158844,0,0
error16,3725,2026-06-05,2026-06-15,0.0266849782195981,2026,2025-12-31,learned_order_offset,20260910,0.47868630672112744,0.47868630672112744,0,1
error16,3730,2026-06-12,2026-06-29,0.0076098142791176,2026,2025-12-31,learned_order_offset,20260910,0.46795283108360136,0.46795283108360136,0,1
error16,3739,2026-06-26,2026-07-06,0.0005137647861506,2026,2025-12-31,learned_order_offset,20260910,0.502351064392109,0.502351064392109,1,1
error16,3744,2026-07-03,2026-07-13,-0.0252847876365399,2026,2025-12-31,learned_order_offset,20260910,0.5200345973909772,0.5200345973909772,1,0
error16,3749,2026-07-10,2026-07-20,-0.035775397012711,2026,2025-12-31,learned_order_offset,20260910,0.5436950585124818,0.5436950585124818,1,0
error16,3754,2026-07-17,2026-07-27,0.01756245533441,2026,2025-12-31,learned_order_offset,20260910,0.508054785466941,0.508054785466941,1,1
error16,3759,2026-07-24,2026-08-03,-0.0202339761556519,2026,2025-12-31,learned_order_offset,20260910,0.5169961256143539,0.5169961256143539,1,0
error16,3764,2026-07-31,2026-08-10,0.0300318732435738,2026,2025-12-31,learned_order_offset,20260910,0.3614644685354211,0.3614644685354211,0,1
error16,3769,2026-08-07,2026-08-17,-0.0056482265760339,2026,2025-12-31,learned_order_offset,20260910,0.48135180455157167,0.48135180455157167,0,0
error16,3774,2026-08-14,2026-08-24,-0.0109860710402629,2026,2025-12-31,learned_order_offset,20260910,0.49538994348876286,0.49538994348876286,0,0
error16,3779,2026-08-21,2026-08-31,-0.0127592811002066,2026,2025-12-31,learned_order_offset,20260910,0.593020025927001,0.593020025927001,1,0
error16,3630,2026-01-09,2026-01-19,-0.0103697336282536,2026,2025-12-31,native_mse,20260910,-0.002855102612462861,,0,0
error16,3635,2026-01-16,2026-01-26,-0.0010190267764643,2026,2025-12-31,native_mse,20260910,-0.00015744638603756636,,0,0
error16,3640,2026-01-23,2026-02-02,-0.0087161586128796,2026,2025-12-31,native_mse,20260910,-0.006105688647517694,,0,0
error16,3645,2026-01-30,2026-02-09,0.0041482324550519,2026,2025-12-31,native_mse,20260910,-0.0019649521887390433,,0,1
error16,3650,2026-02-06,2026-02-24,0.0071649689901505,2026,2025-12-31,native_mse,20260910,0.0047027542719540035,,1,1
error16,3655,2026-02-13,2026-03-02,-0.0097920588919678,2026,2025-12-31,native_mse,20260910,0.0004179826835146159,,1,0
error16,3659,2026-02-27,2026-03-09,-0.0172526869201304,2026,2025-12-31,native_mse,20260910,0.0022625269962182996,,1,0
error16,3664,2026-03-06,2026-03-16,0.0149926634422041,2026,2025-12-31,native_mse,20260910,-0.003806878947664824,,0,1
error16,3669,2026-03-13,2026-03-23,-0.0364343509194254,2026,2025-12-31,native_mse,20260910,-0.006468904470141985,,0,0
error16,3674,2026-03-20,2026-03-30,-0.0083038829988221,2026,2025-12-31,native_mse,20260910,-0.006677801015318794,,0,0
error16,3679,2026-03-27,2026-04-07,-0.0035591495694504,2026,2025-12-31,native_mse,20260910,-0.0012459609623288559,,0,0
error16,3684,2026-04-03,2026-04-13,0.0380736235508991,2026,2025-12-31,native_mse,20260910,-0.0002708764126667155,,0,1
error16,3688,2026-04-10,2026-04-20,0.0242766725964382,2026,2025-12-31,native_mse,20260910,-0.0014516073248232214,,0,1
error16,3693,2026-04-17,2026-04-27,0.010401572188011,2026,2025-12-31,native_mse,20260910,-0.00019243492513075974,,0,1
error16,3698,2026-04-24,2026-05-11,0.0263674696524953,2026,2025-12-31,native_mse,20260910,0.00044530537803680217,,1,1
error16,3705,2026-05-08,2026-05-18,-0.0134529239455926,2026,2025-12-31,native_mse,20260910,0.00821158666179363,,1,0
error16,3710,2026-05-15,2026-05-25,0.0076235492615268,2026,2025-12-31,native_mse,20260910,0.009209478129531542,,1,1
error16,3715,2026-05-22,2026-06-01,0.005068538126898,2026,2025-12-31,native_mse,20260910,-0.0037899662548005076,,0,1
error16,3720,2026-05-29,2026-06-08,-0.039635353927193,2026,2025-12-31,native_mse,20260910,-0.005878390043911763,,0,0
error16,3725,2026-06-05,2026-06-15,0.0266849782195981,2026,2025-12-31,native_mse,20260910,-0.005079831260852612,,0,1
error16,3730,2026-06-12,2026-06-29,0.0076098142791176,2026,2025-12-31,native_mse,20260910,-0.0013875397965599067,,0,1
error16,3739,2026-06-26,2026-07-06,0.0005137647861506,2026,2025-12-31,native_mse,20260910,-0.002031043716013942,,0,1
error16,3744,2026-07-03,2026-07-13,-0.0252847876365399,2026,2025-12-31,native_mse,20260910,-0.003966417206833292,,0,0
error16,3749,2026-07-10,2026-07-20,-0.035775397012711,2026,2025-12-31,native_mse,20260910,-0.000224192482655729,,0,0
error16,3754,2026-07-17,2026-07-27,0.01756245533441,2026,2025-12-31,native_mse,20260910,-0.001279240964054163,,0,1
error16,3759,2026-07-24,2026-08-03,-0.0202339761556519,2026,2025-12-31,native_mse,20260910,-0.0020989123929827714,,0,0
error16,3764,2026-07-31,2026-08-10,0.0300318732435738,2026,2025-12-31,native_mse,20260910,-0.005698998401180227,,0,1
error16,3769,2026-08-07,2026-08-17,-0.0056482265760339,2026,2025-12-31,native_mse,20260910,-0.000843785639629233,,0,0
error16,3774,2026-08-14,2026-08-24,-0.0109860710402629,2026,2025-12-31,native_mse,20260910,0.001103287661206875,,1,0
error16,3779,2026-08-21,2026-08-31,-0.0127592811002066,2026,2025-12-31,native_mse,20260910,0.005195736341319573,,1,0
error16,3630,2026-01-09,2026-01-19,-0.0103697336282536,2026,2025-12-31,training_frequency,-1,0.4792703150912106,0.4792703150912106,0,0
error16,3635,2026-01-16,2026-01-26,-0.0010190267764643,2026,2025-12-31,training_frequency,-1,0.4792703150912106,0.4792703150912106,0,0
error16,3640,2026-01-23,2026-02-02,-0.0087161586128796,2026,2025-12-31,training_frequency,-1,0.4792703150912106,0.4792703150912106,0,0
error16,3645,2026-01-30,2026-02-09,0.0041482324550519,2026,2025-12-31,training_frequency,-1,0.4792703150912106,0.4792703150912106,0,1
error16,3650,2026-02-06,2026-02-24,0.0071649689901505,2026,2025-12-31,training_frequency,-1,0.4792703150912106,0.4792703150912106,0,1
error16,3655,2026-02-13,2026-03-02,-0.0097920588919678,2026,2025-12-31,training_frequency,-1,0.4792703150912106,0.4792703150912106,0,0
error16,3659,2026-02-27,2026-03-09,-0.0172526869201304,2026,2025-12-31,training_frequency,-1,0.4792703150912106,0.4792703150912106,0,0
error16,3664,2026-03-06,2026-03-16,0.0149926634422041,2026,2025-12-31,training_frequency,-1,0.4792703150912106,0.4792703150912106,0,1
error16,3669,2026-03-13,2026-03-23,-0.0364343509194254,2026,2025-12-31,training_frequency,-1,0.4792703150912106,0.4792703150912106,0,0
error16,3674,2026-03-20,2026-03-30,-0.0083038829988221,2026,2025-12-31,training_frequency,-1,0.4792703150912106,0.4792703150912106,0,0
error16,3679,2026-03-27,2026-04-07,-0.0035591495694504,2026,2025-12-31,training_frequency,-1,0.4792703150912106,0.4792703150912106,0,0
error16,3684,2026-04-03,2026-04-13,0.0380736235508991,2026,2025-12-31,training_frequency,-1,0.4792703150912106,0.4792703150912106,0,1
error16,3688,2026-04-10,2026-04-20,0.0242766725964382,2026,2025-12-31,training_frequency,-1,0.4792703150912106,0.4792703150912106,0,1
error16,3693,2026-04-17,2026-04-27,0.010401572188011,2026,2025-12-31,training_frequency,-1,0.4792703150912106,0.4792703150912106,0,1
error16,3698,2026-04-24,2026-05-11,0.0263674696524953,2026,2025-12-31,training_frequency,-1,0.4792703150912106,0.4792703150912106,0,1
error16,3705,2026-05-08,2026-05-18,-0.0134529239455926,2026,2025-12-31,training_frequency,-1,0.4792703150912106,0.4792703150912106,0,0
error16,3710,2026-05-15,2026-05-25,0.0076235492615268,2026,2025-12-31,training_frequency,-1,0.4792703150912106,0.4792703150912106,0,1
error16,3715,2026-05-22,2026-06-01,0.005068538126898,2026,2025-12-31,training_frequency,-1,0.4792703150912106,0.4792703150912106,0,1
error16,3720,2026-05-29,2026-06-08,-0.039635353927193,2026,2025-12-31,training_frequency,-1,0.4792703150912106,0.4792703150912106,0,0
error16,3725,2026-06-05,2026-06-15,0.0266849782195981,2026,2025-12-31,training_frequency,-1,0.4792703150912106,0.4792703150912106,0,1
error16,3730,2026-06-12,2026-06-29,0.0076098142791176,2026,2025-12-31,training_frequency,-1,0.4792703150912106,0.4792703150912106,0,1
error16,3739,2026-06-26,2026-07-06,0.0005137647861506,2026,2025-12-31,training_frequency,-1,0.4792703150912106,0.4792703150912106,0,1
error16,3744,2026-07-03,2026-07-13,-0.0252847876365399,2026,2025-12-31,training_frequency,-1,0.4792703150912106,0.4792703150912106,0,0
error16,3749,2026-07-10,2026-07-20,-0.035775397012711,2026,2025-12-31,training_frequency,-1,0.4792703150912106,0.4792703150912106,0,0
error16,3754,2026-07-17,2026-07-27,0.01756245533441,2026,2025-12-31,training_frequency,-1,0.4792703150912106,0.4792703150912106,0,1
error16,3759,2026-07-24,2026-08-03,-0.0202339761556519,2026,2025-12-31,training_frequency,-1,0.4792703150912106,0.4792703150912106,0,0
error16,3764,2026-07-31,2026-08-10,0.0300318732435738,2026,2025-12-31,training_frequency,-1,0.4792703150912106,0.4792703150912106,0,1
error16,3769,2026-08-07,2026-08-17,-0.0056482265760339,2026,2025-12-31,training_frequency,-1,0.4792703150912106,0.4792703150912106,0,0
error16,3774,2026-08-14,2026-08-24,-0.0109860710402629,2026,2025-12-31,training_frequency,-1,0.4792703150912106,0.4792703150912106,0,0
error16,3779,2026-08-21,2026-08-31,-0.0127592811002066,2026,2025-12-31,training_frequency,-1,0.4792703150912106,0.4792703150912106,0,0
error16,3630,2026-01-09,2026-01-19,-0.0103697336282536,2026,2025-12-31,learned_market,20260911,0.5413510609744506,0.5413510609744506,1,0
error16,3635,2026-01-16,2026-01-26,-0.0010190267764643,2026,2025-12-31,learned_market,20260911,0.5314359715780813,0.5314359715780813,1,0
error16,3640,2026-01-23,2026-02-02,-0.0087161586128796,2026,2025-12-31,learned_market,20260911,0.5322660389568398,0.5322660389568398,1,0
error16,3645,2026-01-30,2026-02-09,0.0041482324550519,2026,2025-12-31,learned_market,20260911,0.45886324630014486,0.45886324630014486,0,1
error16,3650,2026-02-06,2026-02-24,0.0071649689901505,2026,2025-12-31,learned_market,20260911,0.5329149888621901,0.5329149888621901,1,1
error16,3655,2026-02-13,2026-03-02,-0.0097920588919678,2026,2025-12-31,learned_market,20260911,0.5096151640594386,0.5096151640594386,1,0
error16,3659,2026-02-27,2026-03-09,-0.0172526869201304,2026,2025-12-31,learned_market,20260911,0.5369210179709557,0.5369210179709557,1,0
error16,3664,2026-03-06,2026-03-16,0.0149926634422041,2026,2025-12-31,learned_market,20260911,0.6237121770434778,0.6237121770434778,1,1
error16,3669,2026-03-13,2026-03-23,-0.0364343509194254,2026,2025-12-31,learned_market,20260911,0.45542191984179375,0.45542191984179375,0,0
error16,3674,2026-03-20,2026-03-30,-0.0083038829988221,2026,2025-12-31,learned_market,20260911,0.46187353471109566,0.46187353471109566,0,0
error16,3679,2026-03-27,2026-04-07,-0.0035591495694504,2026,2025-12-31,learned_market,20260911,0.4403313235638202,0.4403313235638202,0,0
error16,3684,2026-04-03,2026-04-13,0.0380736235508991,2026,2025-12-31,learned_market,20260911,0.4917583888579656,0.4917583888579656,0,1
error16,3688,2026-04-10,2026-04-20,0.0242766725964382,2026,2025-12-31,learned_market,20260911,0.42353463813148706,0.42353463813148706,0,1
error16,3693,2026-04-17,2026-04-27,0.010401572188011,2026,2025-12-31,learned_market,20260911,0.47814615742976047,0.47814615742976047,0,1
error16,3698,2026-04-24,2026-05-11,0.0263674696524953,2026,2025-12-31,learned_market,20260911,0.397009215522116,0.397009215522116,0,1
error16,3705,2026-05-08,2026-05-18,-0.0134529239455926,2026,2025-12-31,learned_market,20260911,0.41986421610847413,0.41986421610847413,0,0
error16,3710,2026-05-15,2026-05-25,0.0076235492615268,2026,2025-12-31,learned_market,20260911,0.49182407037984965,0.49182407037984965,0,1
error16,3715,2026-05-22,2026-06-01,0.005068538126898,2026,2025-12-31,learned_market,20260911,0.5675464106677375,0.5675464106677375,1,1
error16,3720,2026-05-29,2026-06-08,-0.039635353927193,2026,2025-12-31,learned_market,20260911,0.5335990500389893,0.5335990500389893,1,0
error16,3725,2026-06-05,2026-06-15,0.0266849782195981,2026,2025-12-31,learned_market,20260911,0.3985532767602021,0.3985532767602021,0,1
error16,3730,2026-06-12,2026-06-29,0.0076098142791176,2026,2025-12-31,learned_market,20260911,0.3056186128589413,0.3056186128589413,0,1
error16,3739,2026-06-26,2026-07-06,0.0005137647861506,2026,2025-12-31,learned_market,20260911,0.47152715176422977,0.47152715176422977,0,1
error16,3744,2026-07-03,2026-07-13,-0.0252847876365399,2026,2025-12-31,learned_market,20260911,0.47689492186403626,0.47689492186403626,0,0
error16,3749,2026-07-10,2026-07-20,-0.035775397012711,2026,2025-12-31,learned_market,20260911,0.41690635812319604,0.41690635812319604,0,0
error16,3754,2026-07-17,2026-07-27,0.01756245533441,2026,2025-12-31,learned_market,20260911,0.4469468298475024,0.4469468298475024,0,1
error16,3759,2026-07-24,2026-08-03,-0.0202339761556519,2026,2025-12-31,learned_market,20260911,0.4523286144237616,0.4523286144237616,0,0
error16,3764,2026-07-31,2026-08-10,0.0300318732435738,2026,2025-12-31,learned_market,20260911,0.43916052641204817,0.43916052641204817,0,1
error16,3769,2026-08-07,2026-08-17,-0.0056482265760339,2026,2025-12-31,learned_market,20260911,0.33016870403212256,0.33016870403212256,0,0
error16,3774,2026-08-14,2026-08-24,-0.0109860710402629,2026,2025-12-31,learned_market,20260911,0.459964206845313,0.459964206845313,0,0
error16,3779,2026-08-21,2026-08-31,-0.0127592811002066,2026,2025-12-31,learned_market,20260911,0.4343413838297144,0.4343413838297144,0,0
error16,3630,2026-01-09,2026-01-19,-0.0103697336282536,2026,2025-12-31,learned_vol_interaction,20260911,0.5419308229071979,0.5419308229071979,1,0
error16,3635,2026-01-16,2026-01-26,-0.0010190267764643,2026,2025-12-31,learned_vol_interaction,20260911,0.5357337652448725,0.5357337652448725,1,0
error16,3640,2026-01-23,2026-02-02,-0.0087161586128796,2026,2025-12-31,learned_vol_interaction,20260911,0.5371665022159147,0.5371665022159147,1,0
error16,3645,2026-01-30,2026-02-09,0.0041482324550519,2026,2025-12-31,learned_vol_interaction,20260911,0.4536669400564477,0.4536669400564477,0,1
error16,3650,2026-02-06,2026-02-24,0.0071649689901505,2026,2025-12-31,learned_vol_interaction,20260911,0.535655258471591,0.535655258471591,1,1
error16,3655,2026-02-13,2026-03-02,-0.0097920588919678,2026,2025-12-31,learned_vol_interaction,20260911,0.5053590625088199,0.5053590625088199,1,0
error16,3659,2026-02-27,2026-03-09,-0.0172526869201304,2026,2025-12-31,learned_vol_interaction,20260911,0.5322976681186429,0.5322976681186429,1,0
error16,3664,2026-03-06,2026-03-16,0.0149926634422041,2026,2025-12-31,learned_vol_interaction,20260911,0.6174856955773433,0.6174856955773433,1,1
error16,3669,2026-03-13,2026-03-23,-0.0364343509194254,2026,2025-12-31,learned_vol_interaction,20260911,0.44896092371547813,0.44896092371547813,0,0
error16,3674,2026-03-20,2026-03-30,-0.0083038829988221,2026,2025-12-31,learned_vol_interaction,20260911,0.45425867209133697,0.45425867209133697,0,0
error16,3679,2026-03-27,2026-04-07,-0.0035591495694504,2026,2025-12-31,learned_vol_interaction,20260911,0.43340188452247674,0.43340188452247674,0,0
error16,3684,2026-04-03,2026-04-13,0.0380736235508991,2026,2025-12-31,learned_vol_interaction,20260911,0.4940578595412546,0.4940578595412546,0,1
error16,3688,2026-04-10,2026-04-20,0.0242766725964382,2026,2025-12-31,learned_vol_interaction,20260911,0.4337471397432452,0.4337471397432452,0,1
error16,3693,2026-04-17,2026-04-27,0.010401572188011,2026,2025-12-31,learned_vol_interaction,20260911,0.4850032907922162,0.4850032907922162,0,1
error16,3698,2026-04-24,2026-05-11,0.0263674696524953,2026,2025-12-31,learned_vol_interaction,20260911,0.4058893273550579,0.4058893273550579,0,1
error16,3705,2026-05-08,2026-05-18,-0.0134529239455926,2026,2025-12-31,learned_vol_interaction,20260911,0.42973836440374286,0.42973836440374286,0,0
error16,3710,2026-05-15,2026-05-25,0.0076235492615268,2026,2025-12-31,learned_vol_interaction,20260911,0.4949230127164896,0.4949230127164896,0,1
error16,3715,2026-05-22,2026-06-01,0.005068538126898,2026,2025-12-31,learned_vol_interaction,20260911,0.5688910502105043,0.5688910502105043,1,1
error16,3720,2026-05-29,2026-06-08,-0.039635353927193,2026,2025-12-31,learned_vol_interaction,20260911,0.5277526974219006,0.5277526974219006,1,0
error16,3725,2026-06-05,2026-06-15,0.0266849782195981,2026,2025-12-31,learned_vol_interaction,20260911,0.3941068335829671,0.3941068335829671,0,1
error16,3730,2026-06-12,2026-06-29,0.0076098142791176,2026,2025-12-31,learned_vol_interaction,20260911,0.3023086014266972,0.3023086014266972,0,1
error16,3739,2026-06-26,2026-07-06,0.0005137647861506,2026,2025-12-31,learned_vol_interaction,20260911,0.4831146486882105,0.4831146486882105,0,1
error16,3744,2026-07-03,2026-07-13,-0.0252847876365399,2026,2025-12-31,learned_vol_interaction,20260911,0.49898148490775307,0.49898148490775307,0,0
error16,3749,2026-07-10,2026-07-20,-0.035775397012711,2026,2025-12-31,learned_vol_interaction,20260911,0.44261446479912836,0.44261446479912836,0,0
error16,3754,2026-07-17,2026-07-27,0.01756245533441,2026,2025-12-31,learned_vol_interaction,20260911,0.4550925466085049,0.4550925466085049,0,1
error16,3759,2026-07-24,2026-08-03,-0.0202339761556519,2026,2025-12-31,learned_vol_interaction,20260911,0.46430649386915596,0.46430649386915596,0,0
error16,3764,2026-07-31,2026-08-10,0.0300318732435738,2026,2025-12-31,learned_vol_interaction,20260911,0.4507338855746796,0.4507338855746796,0,1
error16,3769,2026-08-07,2026-08-17,-0.0056482265760339,2026,2025-12-31,learned_vol_interaction,20260911,0.3598878838643001,0.3598878838643001,0,0
error16,3774,2026-08-14,2026-08-24,-0.0109860710402629,2026,2025-12-31,learned_vol_interaction,20260911,0.4653583842913121,0.4653583842913121,0,0
error16,3779,2026-08-21,2026-08-31,-0.0127592811002066,2026,2025-12-31,learned_vol_interaction,20260911,0.4414273259619546,0.4414273259619546,0,0
error16,3630,2026-01-09,2026-01-19,-0.0103697336282536,2026,2025-12-31,learned_order_extension,20260911,0.5459060256811782,0.5459060256811782,1,0
error16,3635,2026-01-16,2026-01-26,-0.0010190267764643,2026,2025-12-31,learned_order_extension,20260911,0.5315584772037104,0.5315584772037104,1,0
error16,3640,2026-01-23,2026-02-02,-0.0087161586128796,2026,2025-12-31,learned_order_extension,20260911,0.5380779045961513,0.5380779045961513,1,0
error16,3645,2026-01-30,2026-02-09,0.0041482324550519,2026,2025-12-31,learned_order_extension,20260911,0.43274829616923166,0.43274829616923166,0,1
error16,3650,2026-02-06,2026-02-24,0.0071649689901505,2026,2025-12-31,learned_order_extension,20260911,0.5358238036456818,0.5358238036456818,1,1
error16,3655,2026-02-13,2026-03-02,-0.0097920588919678,2026,2025-12-31,learned_order_extension,20260911,0.5188075700840837,0.5188075700840837,1,0
error16,3659,2026-02-27,2026-03-09,-0.0172526869201304,2026,2025-12-31,learned_order_extension,20260911,0.5395237482049954,0.5395237482049954,1,0
error16,3664,2026-03-06,2026-03-16,0.0149926634422041,2026,2025-12-31,learned_order_extension,20260911,0.6721134681647395,0.6721134681647395,1,1
error16,3669,2026-03-13,2026-03-23,-0.0364343509194254,2026,2025-12-31,learned_order_extension,20260911,0.44254310728173424,0.44254310728173424,0,0
error16,3674,2026-03-20,2026-03-30,-0.0083038829988221,2026,2025-12-31,learned_order_extension,20260911,0.4378410999680901,0.4378410999680901,0,0
error16,3679,2026-03-27,2026-04-07,-0.0035591495694504,2026,2025-12-31,learned_order_extension,20260911,0.4159760364157841,0.4159760364157841,0,0
error16,3684,2026-04-03,2026-04-13,0.0380736235508991,2026,2025-12-31,learned_order_extension,20260911,0.5225865555186127,0.5225865555186127,1,1
error16,3688,2026-04-10,2026-04-20,0.0242766725964382,2026,2025-12-31,learned_order_extension,20260911,0.3902218447958239,0.3902218447958239,0,1
error16,3693,2026-04-17,2026-04-27,0.010401572188011,2026,2025-12-31,learned_order_extension,20260911,0.47502129653057895,0.47502129653057895,0,1
error16,3698,2026-04-24,2026-05-11,0.0263674696524953,2026,2025-12-31,learned_order_extension,20260911,0.3615628091350967,0.3615628091350967,0,1
error16,3705,2026-05-08,2026-05-18,-0.0134529239455926,2026,2025-12-31,learned_order_extension,20260911,0.37473317599903294,0.37473317599903294,0,0
error16,3710,2026-05-15,2026-05-25,0.0076235492615268,2026,2025-12-31,learned_order_extension,20260911,0.48789190366124763,0.48789190366124763,0,1
error16,3715,2026-05-22,2026-06-01,0.005068538126898,2026,2025-12-31,learned_order_extension,20260911,0.6050079630522534,0.6050079630522534,1,1
error16,3720,2026-05-29,2026-06-08,-0.039635353927193,2026,2025-12-31,learned_order_extension,20260911,0.5389218116035444,0.5389218116035444,1,0
error16,3725,2026-06-05,2026-06-15,0.0266849782195981,2026,2025-12-31,learned_order_extension,20260911,0.3259340934446785,0.3259340934446785,0,1
error16,3730,2026-06-12,2026-06-29,0.0076098142791176,2026,2025-12-31,learned_order_extension,20260911,0.20659956001017632,0.20659956001017632,0,1
error16,3739,2026-06-26,2026-07-06,0.0005137647861506,2026,2025-12-31,learned_order_extension,20260911,0.43462554431806527,0.43462554431806527,0,1
error16,3744,2026-07-03,2026-07-13,-0.0252847876365399,2026,2025-12-31,learned_order_extension,20260911,0.4506693788167256,0.4506693788167256,0,0
error16,3749,2026-07-10,2026-07-20,-0.035775397012711,2026,2025-12-31,learned_order_extension,20260911,0.3824829838916093,0.3824829838916093,0,0
error16,3754,2026-07-17,2026-07-27,0.01756245533441,2026,2025-12-31,learned_order_extension,20260911,0.43688665591392856,0.43688665591392856,0,1
error16,3759,2026-07-24,2026-08-03,-0.0202339761556519,2026,2025-12-31,learned_order_extension,20260911,0.44905597298529143,0.44905597298529143,0,0
error16,3764,2026-07-31,2026-08-10,0.0300318732435738,2026,2025-12-31,learned_order_extension,20260911,0.4331657943702479,0.4331657943702479,0,1
error16,3769,2026-08-07,2026-08-17,-0.0056482265760339,2026,2025-12-31,learned_order_extension,20260911,0.2872017560126486,0.2872017560126486,0,0
error16,3774,2026-08-14,2026-08-24,-0.0109860710402629,2026,2025-12-31,learned_order_extension,20260911,0.46907910630736294,0.46907910630736294,0,0
error16,3779,2026-08-21,2026-08-31,-0.0127592811002066,2026,2025-12-31,learned_order_extension,20260911,0.44303971633290073,0.44303971633290073,0,0
error16,3630,2026-01-09,2026-01-19,-0.0103697336282536,2026,2025-12-31,learned_order_offset,20260911,0.545843670764125,0.545843670764125,1,0
error16,3635,2026-01-16,2026-01-26,-0.0010190267764643,2026,2025-12-31,learned_order_offset,20260911,0.5315791456859873,0.5315791456859873,1,0
error16,3640,2026-01-23,2026-02-02,-0.0087161586128796,2026,2025-12-31,learned_order_offset,20260911,0.5378362799693707,0.5378362799693707,1,0
error16,3645,2026-01-30,2026-02-09,0.0041482324550519,2026,2025-12-31,learned_order_offset,20260911,0.43267035311859725,0.43267035311859725,0,1
error16,3650,2026-02-06,2026-02-24,0.0071649689901505,2026,2025-12-31,learned_order_offset,20260911,0.5355468761174008,0.5355468761174008,1,1
error16,3655,2026-02-13,2026-03-02,-0.0097920588919678,2026,2025-12-31,learned_order_offset,20260911,0.5185004295200895,0.5185004295200895,1,0
error16,3659,2026-02-27,2026-03-09,-0.0172526869201304,2026,2025-12-31,learned_order_offset,20260911,0.5394279755034715,0.5394279755034715,1,0
error16,3664,2026-03-06,2026-03-16,0.0149926634422041,2026,2025-12-31,learned_order_offset,20260911,0.6720878025271129,0.6720878025271129,1,1
error16,3669,2026-03-13,2026-03-23,-0.0364343509194254,2026,2025-12-31,learned_order_offset,20260911,0.44301866763301645,0.44301866763301645,0,0
error16,3674,2026-03-20,2026-03-30,-0.0083038829988221,2026,2025-12-31,learned_order_offset,20260911,0.4379475907087764,0.4379475907087764,0,0
error16,3679,2026-03-27,2026-04-07,-0.0035591495694504,2026,2025-12-31,learned_order_offset,20260911,0.4162726411546184,0.4162726411546184,0,0
error16,3684,2026-04-03,2026-04-13,0.0380736235508991,2026,2025-12-31,learned_order_offset,20260911,0.5224823337812894,0.5224823337812894,1,1
error16,3688,2026-04-10,2026-04-20,0.0242766725964382,2026,2025-12-31,learned_order_offset,20260911,0.3902357573397548,0.3902357573397548,0,1
error16,3693,2026-04-17,2026-04-27,0.010401572188011,2026,2025-12-31,learned_order_offset,20260911,0.47553685695761877,0.47553685695761877,0,1
error16,3698,2026-04-24,2026-05-11,0.0263674696524953,2026,2025-12-31,learned_order_offset,20260911,0.3620463682387632,0.3620463682387632,0,1
error16,3705,2026-05-08,2026-05-18,-0.0134529239455926,2026,2025-12-31,learned_order_offset,20260911,0.37506110199237114,0.37506110199237114,0,0
error16,3710,2026-05-15,2026-05-25,0.0076235492615268,2026,2025-12-31,learned_order_offset,20260911,0.4883726515758041,0.4883726515758041,0,1
error16,3715,2026-05-22,2026-06-01,0.005068538126898,2026,2025-12-31,learned_order_offset,20260911,0.604795171228401,0.604795171228401,1,1
error16,3720,2026-05-29,2026-06-08,-0.039635353927193,2026,2025-12-31,learned_order_offset,20260911,0.539117103351593,0.539117103351593,1,0
error16,3725,2026-06-05,2026-06-15,0.0266849782195981,2026,2025-12-31,learned_order_offset,20260911,0.32656706271307595,0.32656706271307595,0,1
error16,3730,2026-06-12,2026-06-29,0.0076098142791176,2026,2025-12-31,learned_order_offset,20260911,0.20714161696112363,0.20714161696112363,0,1
error16,3739,2026-06-26,2026-07-06,0.0005137647861506,2026,2025-12-31,learned_order_offset,20260911,0.4347302511570772,0.4347302511570772,0,1
error16,3744,2026-07-03,2026-07-13,-0.0252847876365399,2026,2025-12-31,learned_order_offset,20260911,0.4511056441001019,0.4511056441001019,0,0
error16,3749,2026-07-10,2026-07-20,-0.035775397012711,2026,2025-12-31,learned_order_offset,20260911,0.3827592265438766,0.3827592265438766,0,0
error16,3754,2026-07-17,2026-07-27,0.01756245533441,2026,2025-12-31,learned_order_offset,20260911,0.43716941946487026,0.43716941946487026,0,1
error16,3759,2026-07-24,2026-08-03,-0.0202339761556519,2026,2025-12-31,learned_order_offset,20260911,0.44889763247147363,0.44889763247147363,0,0
error16,3764,2026-07-31,2026-08-10,0.0300318732435738,2026,2025-12-31,learned_order_offset,20260911,0.43353434012232234,0.43353434012232234,0,1
error16,3769,2026-08-07,2026-08-17,-0.0056482265760339,2026,2025-12-31,learned_order_offset,20260911,0.2875992386914778,0.2875992386914778,0,0
error16,3774,2026-08-14,2026-08-24,-0.0109860710402629,2026,2025-12-31,learned_order_offset,20260911,0.46970929218369795,0.46970929218369795,0,0
error16,3779,2026-08-21,2026-08-31,-0.0127592811002066,2026,2025-12-31,learned_order_offset,20260911,0.44364661674139716,0.44364661674139716,0,0
error16,3630,2026-01-09,2026-01-19,-0.0103697336282536,2026,2025-12-31,native_mse,20260911,-0.0030890692487675277,,0,0
error16,3635,2026-01-16,2026-01-26,-0.0010190267764643,2026,2025-12-31,native_mse,20260911,-0.0029844245717806552,,0,0
error16,3640,2026-01-23,2026-02-02,-0.0087161586128796,2026,2025-12-31,native_mse,20260911,-0.0018485669736654138,,0,0
error16,3645,2026-01-30,2026-02-09,0.0041482324550519,2026,2025-12-31,native_mse,20260911,-0.002659061252019485,,0,1
error16,3650,2026-02-06,2026-02-24,0.0071649689901505,2026,2025-12-31,native_mse,20260911,-0.0015567976959256278,,0,1
error16,3655,2026-02-13,2026-03-02,-0.0097920588919678,2026,2025-12-31,native_mse,20260911,-0.0015389707922718095,,0,0
error16,3659,2026-02-27,2026-03-09,-0.0172526869201304,2026,2025-12-31,native_mse,20260911,-0.0019681718770543553,,0,0
error16,3664,2026-03-06,2026-03-16,0.0149926634422041,2026,2025-12-31,native_mse,20260911,0.00014521785716820214,,1,1
error16,3669,2026-03-13,2026-03-23,-0.0364343509194254,2026,2025-12-31,native_mse,20260911,-0.0022671453715006956,,0,0
error16,3674,2026-03-20,2026-03-30,-0.0083038829988221,2026,2025-12-31,native_mse,20260911,-0.001986856137592856,,0,0
error16,3679,2026-03-27,2026-04-07,-0.0035591495694504,2026,2025-12-31,native_mse,20260911,-0.002218520604235266,,0,0
error16,3684,2026-04-03,2026-04-13,0.0380736235508991,2026,2025-12-31,native_mse,20260911,-0.002090390096021022,,0,1
error16,3688,2026-04-10,2026-04-20,0.0242766725964382,2026,2025-12-31,native_mse,20260911,-0.0024408235069100508,,0,1
error16,3693,2026-04-17,2026-04-27,0.010401572188011,2026,2025-12-31,native_mse,20260911,-0.0029629470272129906,,0,1
error16,3698,2026-04-24,2026-05-11,0.0263674696524953,2026,2025-12-31,native_mse,20260911,-0.003359926419865766,,0,1
error16,3705,2026-05-08,2026-05-18,-0.0134529239455926,2026,2025-12-31,native_mse,20260911,-0.002535154678821143,,0,0
error16,3710,2026-05-15,2026-05-25,0.0076235492615268,2026,2025-12-31,native_mse,20260911,-0.002260058894062486,,0,1
error16,3715,2026-05-22,2026-06-01,0.005068538126898,2026,2025-12-31,native_mse,20260911,-0.0015057276938992676,,0,1
error16,3720,2026-05-29,2026-06-08,-0.039635353927193,2026,2025-12-31,native_mse,20260911,-0.002635162144589442,,0,0
error16,3725,2026-06-05,2026-06-15,0.0266849782195981,2026,2025-12-31,native_mse,20260911,-0.003913781241526722,,0,1
error16,3730,2026-06-12,2026-06-29,0.0076098142791176,2026,2025-12-31,native_mse,20260911,-0.0036857925348870147,,0,1
error16,3739,2026-06-26,2026-07-06,0.0005137647861506,2026,2025-12-31,native_mse,20260911,-0.0021369319429553274,,0,1
error16,3744,2026-07-03,2026-07-13,-0.0252847876365399,2026,2025-12-31,native_mse,20260911,-0.0022933277317483012,,0,0
error16,3749,2026-07-10,2026-07-20,-0.035775397012711,2026,2025-12-31,native_mse,20260911,-0.0023056933526758674,,0,0
error16,3754,2026-07-17,2026-07-27,0.01756245533441,2026,2025-12-31,native_mse,20260911,-0.0024493044555773855,,0,1
error16,3759,2026-07-24,2026-08-03,-0.0202339761556519,2026,2025-12-31,native_mse,20260911,-0.0026633393533010696,,0,0
error16,3764,2026-07-31,2026-08-10,0.0300318732435738,2026,2025-12-31,native_mse,20260911,-0.0024432171596736993,,0,1
error16,3769,2026-08-07,2026-08-17,-0.0056482265760339,2026,2025-12-31,native_mse,20260911,-0.0034017483589926685,,0,0
error16,3774,2026-08-14,2026-08-24,-0.0109860710402629,2026,2025-12-31,native_mse,20260911,-0.002813706354026954,,0,0
error16,3779,2026-08-21,2026-08-31,-0.0127592811002066,2026,2025-12-31,native_mse,20260911,-0.0019809857134933735,,0,0
error16,3630,2026-01-09,2026-01-19,-0.0103697336282536,2026,2025-12-31,learned_market,20260912,0.5119803822427041,0.5119803822427041,1,0
error16,3635,2026-01-16,2026-01-26,-0.0010190267764643,2026,2025-12-31,learned_market,20260912,0.5563532391014436,0.5563532391014436,1,0
error16,3640,2026-01-23,2026-02-02,-0.0087161586128796,2026,2025-12-31,learned_market,20260912,0.47986345901765604,0.47986345901765604,0,0
error16,3645,2026-01-30,2026-02-09,0.0041482324550519,2026,2025-12-31,learned_market,20260912,0.5030177692550698,0.5030177692550698,1,1
error16,3650,2026-02-06,2026-02-24,0.0071649689901505,2026,2025-12-31,learned_market,20260912,0.43906676808287387,0.43906676808287387,0,1
error16,3655,2026-02-13,2026-03-02,-0.0097920588919678,2026,2025-12-31,learned_market,20260912,0.431368044613122,0.431368044613122,0,0
error16,3659,2026-02-27,2026-03-09,-0.0172526869201304,2026,2025-12-31,learned_market,20260912,0.48137527566018024,0.48137527566018024,0,0
error16,3664,2026-03-06,2026-03-16,0.0149926634422041,2026,2025-12-31,learned_market,20260912,0.46731902499821354,0.46731902499821354,0,1
error16,3669,2026-03-13,2026-03-23,-0.0364343509194254,2026,2025-12-31,learned_market,20260912,0.5227160800792146,0.5227160800792146,1,0
error16,3674,2026-03-20,2026-03-30,-0.0083038829988221,2026,2025-12-31,learned_market,20260912,0.4464645109091068,0.4464645109091068,0,0
error16,3679,2026-03-27,2026-04-07,-0.0035591495694504,2026,2025-12-31,learned_market,20260912,0.39113208857052434,0.39113208857052434,0,0
error16,3684,2026-04-03,2026-04-13,0.0380736235508991,2026,2025-12-31,learned_market,20260912,0.42407385697810146,0.42407385697810146,0,1
error16,3688,2026-04-10,2026-04-20,0.0242766725964382,2026,2025-12-31,learned_market,20260912,0.4843345016251858,0.4843345016251858,0,1
error16,3693,2026-04-17,2026-04-27,0.010401572188011,2026,2025-12-31,learned_market,20260912,0.42352930830164365,0.42352930830164365,0,1
error16,3698,2026-04-24,2026-05-11,0.0263674696524953,2026,2025-12-31,learned_market,20260912,0.43134778732263795,0.43134778732263795,0,1
error16,3705,2026-05-08,2026-05-18,-0.0134529239455926,2026,2025-12-31,learned_market,20260912,0.47804055860260325,0.47804055860260325,0,0
error16,3710,2026-05-15,2026-05-25,0.0076235492615268,2026,2025-12-31,learned_market,20260912,0.5242439932504063,0.5242439932504063,1,1
error16,3715,2026-05-22,2026-06-01,0.005068538126898,2026,2025-12-31,learned_market,20260912,0.5118662537721262,0.5118662537721262,1,1
error16,3720,2026-05-29,2026-06-08,-0.039635353927193,2026,2025-12-31,learned_market,20260912,0.47332917945413594,0.47332917945413594,0,0
error16,3725,2026-06-05,2026-06-15,0.0266849782195981,2026,2025-12-31,learned_market,20260912,0.46849386998390014,0.46849386998390014,0,1
error16,3730,2026-06-12,2026-06-29,0.0076098142791176,2026,2025-12-31,learned_market,20260912,0.4497314325369085,0.4497314325369085,0,1
error16,3739,2026-06-26,2026-07-06,0.0005137647861506,2026,2025-12-31,learned_market,20260912,0.5338580433420232,0.5338580433420232,1,1
error16,3744,2026-07-03,2026-07-13,-0.0252847876365399,2026,2025-12-31,learned_market,20260912,0.5044753570507676,0.5044753570507676,1,0
error16,3749,2026-07-10,2026-07-20,-0.035775397012711,2026,2025-12-31,learned_market,20260912,0.5207542189486483,0.5207542189486483,1,0
error16,3754,2026-07-17,2026-07-27,0.01756245533441,2026,2025-12-31,learned_market,20260912,0.4491236951454709,0.4491236951454709,0,1
error16,3759,2026-07-24,2026-08-03,-0.0202339761556519,2026,2025-12-31,learned_market,20260912,0.45912056712344607,0.45912056712344607,0,0
error16,3764,2026-07-31,2026-08-10,0.0300318732435738,2026,2025-12-31,learned_market,20260912,0.4747199415260046,0.4747199415260046,0,1
error16,3769,2026-08-07,2026-08-17,-0.0056482265760339,2026,2025-12-31,learned_market,20260912,0.5169922363203473,0.5169922363203473,1,0
error16,3774,2026-08-14,2026-08-24,-0.0109860710402629,2026,2025-12-31,learned_market,20260912,0.47409296619698144,0.47409296619698144,0,0
error16,3779,2026-08-21,2026-08-31,-0.0127592811002066,2026,2025-12-31,learned_market,20260912,0.4643846053465112,0.4643846053465112,0,0
error16,3630,2026-01-09,2026-01-19,-0.0103697336282536,2026,2025-12-31,learned_vol_interaction,20260912,0.5113420632666249,0.5113420632666249,1,0
error16,3635,2026-01-16,2026-01-26,-0.0010190267764643,2026,2025-12-31,learned_vol_interaction,20260912,0.5720485316988371,0.5720485316988371,1,0
error16,3640,2026-01-23,2026-02-02,-0.0087161586128796,2026,2025-12-31,learned_vol_interaction,20260912,0.46450523759698337,0.46450523759698337,0,0
error16,3645,2026-01-30,2026-02-09,0.0041482324550519,2026,2025-12-31,learned_vol_interaction,20260912,0.5055364466448413,0.5055364466448413,1,1
error16,3650,2026-02-06,2026-02-24,0.0071649689901505,2026,2025-12-31,learned_vol_interaction,20260912,0.42116451389141074,0.42116451389141074,0,1
error16,3655,2026-02-13,2026-03-02,-0.0097920588919678,2026,2025-12-31,learned_vol_interaction,20260912,0.4216952789502379,0.4216952789502379,0,0
error16,3659,2026-02-27,2026-03-09,-0.0172526869201304,2026,2025-12-31,learned_vol_interaction,20260912,0.46280074037648433,0.46280074037648433,0,0
error16,3664,2026-03-06,2026-03-16,0.0149926634422041,2026,2025-12-31,learned_vol_interaction,20260912,0.4454734654507731,0.4454734654507731,0,1
error16,3669,2026-03-13,2026-03-23,-0.0364343509194254,2026,2025-12-31,learned_vol_interaction,20260912,0.5162800418391823,0.5162800418391823,1,0
error16,3674,2026-03-20,2026-03-30,-0.0083038829988221,2026,2025-12-31,learned_vol_interaction,20260912,0.44815597826032155,0.44815597826032155,0,0
error16,3679,2026-03-27,2026-04-07,-0.0035591495694504,2026,2025-12-31,learned_vol_interaction,20260912,0.41145491799092687,0.41145491799092687,0,0
error16,3684,2026-04-03,2026-04-13,0.0380736235508991,2026,2025-12-31,learned_vol_interaction,20260912,0.44194013633414186,0.44194013633414186,0,1
error16,3688,2026-04-10,2026-04-20,0.0242766725964382,2026,2025-12-31,learned_vol_interaction,20260912,0.474602811789107,0.474602811789107,0,1
error16,3693,2026-04-17,2026-04-27,0.010401572188011,2026,2025-12-31,learned_vol_interaction,20260912,0.4655670623093444,0.4655670623093444,0,1
error16,3698,2026-04-24,2026-05-11,0.0263674696524953,2026,2025-12-31,learned_vol_interaction,20260912,0.42735120615774097,0.42735120615774097,0,1
error16,3705,2026-05-08,2026-05-18,-0.0134529239455926,2026,2025-12-31,learned_vol_interaction,20260912,0.45536406167315674,0.45536406167315674,0,0
error16,3710,2026-05-15,2026-05-25,0.0076235492615268,2026,2025-12-31,learned_vol_interaction,20260912,0.5065051153684339,0.5065051153684339,1,1
error16,3715,2026-05-22,2026-06-01,0.005068538126898,2026,2025-12-31,learned_vol_interaction,20260912,0.49203695640068734,0.49203695640068734,0,1
error16,3720,2026-05-29,2026-06-08,-0.039635353927193,2026,2025-12-31,learned_vol_interaction,20260912,0.47113595890062737,0.47113595890062737,0,0
error16,3725,2026-06-05,2026-06-15,0.0266849782195981,2026,2025-12-31,learned_vol_interaction,20260912,0.45682558024935527,0.45682558024935527,0,1
error16,3730,2026-06-12,2026-06-29,0.0076098142791176,2026,2025-12-31,learned_vol_interaction,20260912,0.442975733059148,0.442975733059148,0,1
error16,3739,2026-06-26,2026-07-06,0.0005137647861506,2026,2025-12-31,learned_vol_interaction,20260912,0.5201528170131723,0.5201528170131723,1,1
error16,3744,2026-07-03,2026-07-13,-0.0252847876365399,2026,2025-12-31,learned_vol_interaction,20260912,0.5167437066245485,0.5167437066245485,1,0
error16,3749,2026-07-10,2026-07-20,-0.035775397012711,2026,2025-12-31,learned_vol_interaction,20260912,0.5240977712551413,0.5240977712551413,1,0
error16,3754,2026-07-17,2026-07-27,0.01756245533441,2026,2025-12-31,learned_vol_interaction,20260912,0.5152580314937659,0.5152580314937659,1,1
error16,3759,2026-07-24,2026-08-03,-0.0202339761556519,2026,2025-12-31,learned_vol_interaction,20260912,0.5102837642282361,0.5102837642282361,1,0
error16,3764,2026-07-31,2026-08-10,0.0300318732435738,2026,2025-12-31,learned_vol_interaction,20260912,0.49813339636912884,0.49813339636912884,0,1
error16,3769,2026-08-07,2026-08-17,-0.0056482265760339,2026,2025-12-31,learned_vol_interaction,20260912,0.4913068589563322,0.4913068589563322,0,0
error16,3774,2026-08-14,2026-08-24,-0.0109860710402629,2026,2025-12-31,learned_vol_interaction,20260912,0.46547315716272203,0.46547315716272203,0,0
error16,3779,2026-08-21,2026-08-31,-0.0127592811002066,2026,2025-12-31,learned_vol_interaction,20260912,0.4565503959943362,0.4565503959943362,0,0
error16,3630,2026-01-09,2026-01-19,-0.0103697336282536,2026,2025-12-31,learned_order_extension,20260912,0.5234527600872158,0.5234527600872158,1,0
error16,3635,2026-01-16,2026-01-26,-0.0010190267764643,2026,2025-12-31,learned_order_extension,20260912,0.5847075352595175,0.5847075352595175,1,0
error16,3640,2026-01-23,2026-02-02,-0.0087161586128796,2026,2025-12-31,learned_order_extension,20260912,0.4700767353741261,0.4700767353741261,0,0
error16,3645,2026-01-30,2026-02-09,0.0041482324550519,2026,2025-12-31,learned_order_extension,20260912,0.5148835278265028,0.5148835278265028,1,1
error16,3650,2026-02-06,2026-02-24,0.0071649689901505,2026,2025-12-31,learned_order_extension,20260912,0.4220765070574473,0.4220765070574473,0,1
error16,3655,2026-02-13,2026-03-02,-0.0097920588919678,2026,2025-12-31,learned_order_extension,20260912,0.41397752179190594,0.41397752179190594,0,0
error16,3659,2026-02-27,2026-03-09,-0.0172526869201304,2026,2025-12-31,learned_order_extension,20260912,0.45946498078572456,0.45946498078572456,0,0
error16,3664,2026-03-06,2026-03-16,0.0149926634422041,2026,2025-12-31,learned_order_extension,20260912,0.44635455978232025,0.44635455978232025,0,1
error16,3669,2026-03-13,2026-03-23,-0.0364343509194254,2026,2025-12-31,learned_order_extension,20260912,0.5383866937008707,0.5383866937008707,1,0
error16,3674,2026-03-20,2026-03-30,-0.0083038829988221,2026,2025-12-31,learned_order_extension,20260912,0.43243079892634145,0.43243079892634145,0,0
error16,3679,2026-03-27,2026-04-07,-0.0035591495694504,2026,2025-12-31,learned_order_extension,20260912,0.3847558274890985,0.3847558274890985,0,0
error16,3684,2026-04-03,2026-04-13,0.0380736235508991,2026,2025-12-31,learned_order_extension,20260912,0.4144033852774401,0.4144033852774401,0,1
error16,3688,2026-04-10,2026-04-20,0.0242766725964382,2026,2025-12-31,learned_order_extension,20260912,0.47938167585700264,0.47938167585700264,0,1
error16,3693,2026-04-17,2026-04-27,0.010401572188011,2026,2025-12-31,learned_order_extension,20260912,0.4174512738947204,0.4174512738947204,0,1
error16,3698,2026-04-24,2026-05-11,0.0263674696524953,2026,2025-12-31,learned_order_extension,20260912,0.40789835430240917,0.40789835430240917,0,1
error16,3705,2026-05-08,2026-05-18,-0.0134529239455926,2026,2025-12-31,learned_order_extension,20260912,0.4584298418185969,0.4584298418185969,0,0
error16,3710,2026-05-15,2026-05-25,0.0076235492615268,2026,2025-12-31,learned_order_extension,20260912,0.5410895291105667,0.5410895291105667,1,1
error16,3715,2026-05-22,2026-06-01,0.005068538126898,2026,2025-12-31,learned_order_extension,20260912,0.5021226383630596,0.5021226383630596,1,1
error16,3720,2026-05-29,2026-06-08,-0.039635353927193,2026,2025-12-31,learned_order_extension,20260912,0.4573299409387087,0.4573299409387087,0,0
error16,3725,2026-06-05,2026-06-15,0.0266849782195981,2026,2025-12-31,learned_order_extension,20260912,0.4366421559336363,0.4366421559336363,0,1
error16,3730,2026-06-12,2026-06-29,0.0076098142791176,2026,2025-12-31,learned_order_extension,20260912,0.4102842493878904,0.4102842493878904,0,1
error16,3739,2026-06-26,2026-07-06,0.0005137647861506,2026,2025-12-31,learned_order_extension,20260912,0.5188140124051438,0.5188140124051438,1,1
error16,3744,2026-07-03,2026-07-13,-0.0252847876365399,2026,2025-12-31,learned_order_extension,20260912,0.4989429054386354,0.4989429054386354,0,0
error16,3749,2026-07-10,2026-07-20,-0.035775397012711,2026,2025-12-31,learned_order_extension,20260912,0.5236629920895812,0.5236629920895812,1,0
error16,3754,2026-07-17,2026-07-27,0.01756245533441,2026,2025-12-31,learned_order_extension,20260912,0.5032118538805617,0.5032118538805617,1,1
error16,3759,2026-07-24,2026-08-03,-0.0202339761556519,2026,2025-12-31,learned_order_extension,20260912,0.4921460637997216,0.4921460637997216,0,0
error16,3764,2026-07-31,2026-08-10,0.0300318732435738,2026,2025-12-31,learned_order_extension,20260912,0.4818553927993659,0.4818553927993659,0,1
error16,3769,2026-08-07,2026-08-17,-0.0056482265760339,2026,2025-12-31,learned_order_extension,20260912,0.5028354128920006,0.5028354128920006,1,0
error16,3774,2026-08-14,2026-08-24,-0.0109860710402629,2026,2025-12-31,learned_order_extension,20260912,0.4725810214103995,0.4725810214103995,0,0
error16,3779,2026-08-21,2026-08-31,-0.0127592811002066,2026,2025-12-31,learned_order_extension,20260912,0.46653070967261673,0.46653070967261673,0,0
error16,3630,2026-01-09,2026-01-19,-0.0103697336282536,2026,2025-12-31,learned_order_offset,20260912,0.5234772415055928,0.5234772415055928,1,0
error16,3635,2026-01-16,2026-01-26,-0.0010190267764643,2026,2025-12-31,learned_order_offset,20260912,0.5844150879103954,0.5844150879103954,1,0
error16,3640,2026-01-23,2026-02-02,-0.0087161586128796,2026,2025-12-31,learned_order_offset,20260912,0.46996206356235715,0.46996206356235715,0,0
error16,3645,2026-01-30,2026-02-09,0.0041482324550519,2026,2025-12-31,learned_order_offset,20260912,0.514701020079869,0.514701020079869,1,1
error16,3650,2026-02-06,2026-02-24,0.0071649689901505,2026,2025-12-31,learned_order_offset,20260912,0.42213589824970216,0.42213589824970216,0,1
error16,3655,2026-02-13,2026-03-02,-0.0097920588919678,2026,2025-12-31,learned_order_offset,20260912,0.4139092534456115,0.4139092534456115,0,0
error16,3659,2026-02-27,2026-03-09,-0.0172526869201304,2026,2025-12-31,learned_order_offset,20260912,0.4590491088219428,0.4590491088219428,0,0
error16,3664,2026-03-06,2026-03-16,0.0149926634422041,2026,2025-12-31,learned_order_offset,20260912,0.4464707132363767,0.4464707132363767,0,1
error16,3669,2026-03-13,2026-03-23,-0.0364343509194254,2026,2025-12-31,learned_order_offset,20260912,0.5384561051408137,0.5384561051408137,1,0
error16,3674,2026-03-20,2026-03-30,-0.0083038829988221,2026,2025-12-31,learned_order_offset,20260912,0.43269622737784763,0.43269622737784763,0,0
error16,3679,2026-03-27,2026-04-07,-0.0035591495694504,2026,2025-12-31,learned_order_offset,20260912,0.3852504154330894,0.3852504154330894,0,0
error16,3684,2026-04-03,2026-04-13,0.0380736235508991,2026,2025-12-31,learned_order_offset,20260912,0.41463312595207424,0.41463312595207424,0,1
error16,3688,2026-04-10,2026-04-20,0.0242766725964382,2026,2025-12-31,learned_order_offset,20260912,0.47957887458862364,0.47957887458862364,0,1
error16,3693,2026-04-17,2026-04-27,0.010401572188011,2026,2025-12-31,learned_order_offset,20260912,0.4174462723853696,0.4174462723853696,0,1
error16,3698,2026-04-24,2026-05-11,0.0263674696524953,2026,2025-12-31,learned_order_offset,20260912,0.4078121898572776,0.4078121898572776,0,1
error16,3705,2026-05-08,2026-05-18,-0.0134529239455926,2026,2025-12-31,learned_order_offset,20260912,0.45820168742787637,0.45820168742787637,0,0
error16,3710,2026-05-15,2026-05-25,0.0076235492615268,2026,2025-12-31,learned_order_offset,20260912,0.5408516437983437,0.5408516437983437,1,1
error16,3715,2026-05-22,2026-06-01,0.005068538126898,2026,2025-12-31,learned_order_offset,20260912,0.5018942264488259,0.5018942264488259,1,1
error16,3720,2026-05-29,2026-06-08,-0.039635353927193,2026,2025-12-31,learned_order_offset,20260912,0.4571886722395474,0.4571886722395474,0,0
error16,3725,2026-06-05,2026-06-15,0.0266849782195981,2026,2025-12-31,learned_order_offset,20260912,0.43649391290109524,0.43649391290109524,0,1
error16,3730,2026-06-12,2026-06-29,0.0076098142791176,2026,2025-12-31,learned_order_offset,20260912,0.4101169616257996,0.4101169616257996,0,1
error16,3739,2026-06-26,2026-07-06,0.0005137647861506,2026,2025-12-31,learned_order_offset,20260912,0.5185047287941408,0.5185047287941408,1,1
error16,3744,2026-07-03,2026-07-13,-0.0252847876365399,2026,2025-12-31,learned_order_offset,20260912,0.4988441113201745,0.4988441113201745,0,0
error16,3749,2026-07-10,2026-07-20,-0.035775397012711,2026,2025-12-31,learned_order_offset,20260912,0.523535406519861,0.523535406519861,1,0
error16,3754,2026-07-17,2026-07-27,0.01756245533441,2026,2025-12-31,learned_order_offset,20260912,0.5033052897147685,0.5033052897147685,1,1
error16,3759,2026-07-24,2026-08-03,-0.0202339761556519,2026,2025-12-31,learned_order_offset,20260912,0.4922428591218114,0.4922428591218114,0,0
error16,3764,2026-07-31,2026-08-10,0.0300318732435738,2026,2025-12-31,learned_order_offset,20260912,0.4819029511308941,0.4819029511308941,0,1
error16,3769,2026-08-07,2026-08-17,-0.0056482265760339,2026,2025-12-31,learned_order_offset,20260912,0.5027660682169325,0.5027660682169325,1,0
error16,3774,2026-08-14,2026-08-24,-0.0109860710402629,2026,2025-12-31,learned_order_offset,20260912,0.4725999925469034,0.4725999925469034,0,0
error16,3779,2026-08-21,2026-08-31,-0.0127592811002066,2026,2025-12-31,learned_order_offset,20260912,0.4665968127191565,0.4665968127191565,0,0
error16,3630,2026-01-09,2026-01-19,-0.0103697336282536,2026,2025-12-31,native_mse,20260912,-0.0012654744629118373,,0,0
error16,3635,2026-01-16,2026-01-26,-0.0010190267764643,2026,2025-12-31,native_mse,20260912,-0.0009824454910161004,,0,0
error16,3640,2026-01-23,2026-02-02,-0.0087161586128796,2026,2025-12-31,native_mse,20260912,-0.0014318861524315442,,0,0
error16,3645,2026-01-30,2026-02-09,0.0041482324550519,2026,2025-12-31,native_mse,20260912,-0.0015519331724585116,,0,1
error16,3650,2026-02-06,2026-02-24,0.0071649689901505,2026,2025-12-31,native_mse,20260912,-0.0016869022750859507,,0,1
error16,3655,2026-02-13,2026-03-02,-0.0097920588919678,2026,2025-12-31,native_mse,20260912,-0.0011765097827620523,,0,0
error16,3659,2026-02-27,2026-03-09,-0.0172526869201304,2026,2025-12-31,native_mse,20260912,-0.0007085124719817442,,0,0
error16,3664,2026-03-06,2026-03-16,0.0149926634422041,2026,2025-12-31,native_mse,20260912,-0.0009899154221996353,,0,1
error16,3669,2026-03-13,2026-03-23,-0.0364343509194254,2026,2025-12-31,native_mse,20260912,-0.0011266305599294578,,0,0
error16,3674,2026-03-20,2026-03-30,-0.0083038829988221,2026,2025-12-31,native_mse,20260912,-0.001524311581453077,,0,0
error16,3679,2026-03-27,2026-04-07,-0.0035591495694504,2026,2025-12-31,native_mse,20260912,-0.0019205134194293897,,0,0
error16,3684,2026-04-03,2026-04-13,0.0380736235508991,2026,2025-12-31,native_mse,20260912,-0.0011376256916386593,,0,1
error16,3688,2026-04-10,2026-04-20,0.0242766725964382,2026,2025-12-31,native_mse,20260912,-0.0013216896399536517,,0,1
error16,3693,2026-04-17,2026-04-27,0.010401572188011,2026,2025-12-31,native_mse,20260912,-0.0015028502660909705,,0,1
error16,3698,2026-04-24,2026-05-11,0.0263674696524953,2026,2025-12-31,native_mse,20260912,-0.0012568015547876838,,0,1
error16,3705,2026-05-08,2026-05-18,-0.0134529239455926,2026,2025-12-31,native_mse,20260912,-0.0004371239494575972,,0,0
error16,3710,2026-05-15,2026-05-25,0.0076235492615268,2026,2025-12-31,native_mse,20260912,6.163719011948235e-05,,1,1
error16,3715,2026-05-22,2026-06-01,0.005068538126898,2026,2025-12-31,native_mse,20260912,7.730204085298746e-06,,1,1
error16,3720,2026-05-29,2026-06-08,-0.039635353927193,2026,2025-12-31,native_mse,20260912,-0.00019569943758148556,,0,0
error16,3725,2026-06-05,2026-06-15,0.0266849782195981,2026,2025-12-31,native_mse,20260912,-0.00010540438898025962,,0,1
error16,3730,2026-06-12,2026-06-29,0.0076098142791176,2026,2025-12-31,native_mse,20260912,-0.0007095936265099443,,0,1
error16,3739,2026-06-26,2026-07-06,0.0005137647861506,2026,2025-12-31,native_mse,20260912,-0.00033128119271872585,,0,1
error16,3744,2026-07-03,2026-07-13,-0.0252847876365399,2026,2025-12-31,native_mse,20260912,-0.0011443460816151978,,0,0
error16,3749,2026-07-10,2026-07-20,-0.035775397012711,2026,2025-12-31,native_mse,20260912,-0.0017039989678604111,,0,0
error16,3754,2026-07-17,2026-07-27,0.01756245533441,2026,2025-12-31,native_mse,20260912,-0.0017003094595498154,,0,1
error16,3759,2026-07-24,2026-08-03,-0.0202339761556519,2026,2025-12-31,native_mse,20260912,-0.0018633248001663242,,0,0
error16,3764,2026-07-31,2026-08-10,0.0300318732435738,2026,2025-12-31,native_mse,20260912,-0.0013665112944695823,,0,1
error16,3769,2026-08-07,2026-08-17,-0.0056482265760339,2026,2025-12-31,native_mse,20260912,-0.0010726869031266657,,0,0
error16,3774,2026-08-14,2026-08-24,-0.0109860710402629,2026,2025-12-31,native_mse,20260912,-0.0012030503226100222,,0,0
error16,3779,2026-08-21,2026-08-31,-0.0127592811002066,2026,2025-12-31,native_mse,20260912,-0.0005090624873602664,,0,0
error16,2843,2022-10-14,2022-10-24,-0.0246766294110258,2022,2022-06-30,learned_market,20260910,0.5257282520564326,0.5257282520564326,1,0
error16,2848,2022-10-21,2022-10-31,-0.059928861134359,2022,2022-06-30,learned_market,20260910,0.4539452491168711,0.4539452491168711,0,0
error16,2853,2022-10-28,2022-11-07,0.071339502526744,2022,2022-06-30,learned_market,20260910,0.37597028542883454,0.37597028542883454,0,1
error16,2858,2022-11-04,2022-11-14,0.0169449090696014,2022,2022-06-30,learned_market,20260910,0.44354047048432027,0.44354047048432027,0,1
error16,2863,2022-11-11,2022-11-21,-0.0127051391515239,2022,2022-06-30,learned_market,20260910,0.41076078408670275,0.41076078408670275,0,0
error16,2868,2022-11-18,2022-11-28,-0.0179672806084416,2022,2022-06-30,learned_market,20260910,0.4065626717380778,0.4065626717380778,0,0
error16,2873,2022-11-25,2022-12-05,0.0555768659337096,2022,2022-06-30,learned_market,20260910,0.5895254877080474,0.5895254877080474,1,1
error16,2878,2022-12-02,2022-12-12,0.0175374394775362,2022,2022-06-30,learned_market,20260910,0.5415019218102504,0.5415019218102504,1,1
error16,2883,2022-12-09,2022-12-19,-0.0058850602464181,2022,2022-06-30,learned_market,20260910,0.5198756965532698,0.5198756965532698,1,0
error16,2888,2022-12-16,2022-12-26,-0.0309150292073658,2022,2022-06-30,learned_market,20260910,0.5335448215476031,0.5335448215476031,1,0
error16,2893,2022-12-23,2023-01-03,0.0089464492229616,2022,2022-06-30,learned_market,20260910,0.6063553925329581,0.6063553925329581,1,1
error16,2898,2022-12-30,2023-01-09,0.0345913414268119,2022,2022-06-30,learned_market,20260910,0.548371727762596,0.548371727762596,1,1
error16,2843,2022-10-14,2022-10-24,-0.0246766294110258,2022,2022-06-30,learned_vol_interaction,20260910,0.5301483602417791,0.5301483602417791,1,0
error16,2848,2022-10-21,2022-10-31,-0.059928861134359,2022,2022-06-30,learned_vol_interaction,20260910,0.45460100320168634,0.45460100320168634,0,0
error16,2853,2022-10-28,2022-11-07,0.071339502526744,2022,2022-06-30,learned_vol_interaction,20260910,0.37465990465911786,0.37465990465911786,0,1
error16,2858,2022-11-04,2022-11-14,0.0169449090696014,2022,2022-06-30,learned_vol_interaction,20260910,0.4440183480746597,0.4440183480746597,0,1
error16,2863,2022-11-11,2022-11-21,-0.0127051391515239,2022,2022-06-30,learned_vol_interaction,20260910,0.40485916305686437,0.40485916305686437,0,0
error16,2868,2022-11-18,2022-11-28,-0.0179672806084416,2022,2022-06-30,learned_vol_interaction,20260910,0.39594787894007677,0.39594787894007677,0,0
error16,2873,2022-11-25,2022-12-05,0.0555768659337096,2022,2022-06-30,learned_vol_interaction,20260910,0.5936223416736776,0.5936223416736776,1,1
error16,2878,2022-12-02,2022-12-12,0.0175374394775362,2022,2022-06-30,learned_vol_interaction,20260910,0.5395676448108297,0.5395676448108297,1,1
error16,2883,2022-12-09,2022-12-19,-0.0058850602464181,2022,2022-06-30,learned_vol_interaction,20260910,0.5231704190844575,0.5231704190844575,1,0
error16,2888,2022-12-16,2022-12-26,-0.0309150292073658,2022,2022-06-30,learned_vol_interaction,20260910,0.5289807330823575,0.5289807330823575,1,0
error16,2893,2022-12-23,2023-01-03,0.0089464492229616,2022,2022-06-30,learned_vol_interaction,20260910,0.5989082775598079,0.5989082775598079,1,1
error16,2898,2022-12-30,2023-01-09,0.0345913414268119,2022,2022-06-30,learned_vol_interaction,20260910,0.5441596495101958,0.5441596495101958,1,1
error16,2843,2022-10-14,2022-10-24,-0.0246766294110258,2022,2022-06-30,learned_order_extension,20260910,0.5304441389376243,0.5304441389376243,1,0
error16,2848,2022-10-21,2022-10-31,-0.059928861134359,2022,2022-06-30,learned_order_extension,20260910,0.4517420285964294,0.4517420285964294,0,0
error16,2853,2022-10-28,2022-11-07,0.071339502526744,2022,2022-06-30,learned_order_extension,20260910,0.37133841737994644,0.37133841737994644,0,1
error16,2858,2022-11-04,2022-11-14,0.0169449090696014,2022,2022-06-30,learned_order_extension,20260910,0.4415615921537423,0.4415615921537423,0,1
error16,2863,2022-11-11,2022-11-21,-0.0127051391515239,2022,2022-06-30,learned_order_extension,20260910,0.40508121400472175,0.40508121400472175,0,0
error16,2868,2022-11-18,2022-11-28,-0.0179672806084416,2022,2022-06-30,learned_order_extension,20260910,0.39939508354610687,0.39939508354610687,0,0
error16,2873,2022-11-25,2022-12-05,0.0555768659337096,2022,2022-06-30,learned_order_extension,20260910,0.5900474746927065,0.5900474746927065,1,1
error16,2878,2022-12-02,2022-12-12,0.0175374394775362,2022,2022-06-30,learned_order_extension,20260910,0.5382055734210955,0.5382055734210955,1,1
error16,2883,2022-12-09,2022-12-19,-0.0058850602464181,2022,2022-06-30,learned_order_extension,20260910,0.5225379225484279,0.5225379225484279,1,0
error16,2888,2022-12-16,2022-12-26,-0.0309150292073658,2022,2022-06-30,learned_order_extension,20260910,0.5278027650141399,0.5278027650141399,1,0
error16,2893,2022-12-23,2023-01-03,0.0089464492229616,2022,2022-06-30,learned_order_extension,20260910,0.597724661962785,0.597724661962785,1,1
error16,2898,2022-12-30,2023-01-09,0.0345913414268119,2022,2022-06-30,learned_order_extension,20260910,0.5423092036037075,0.5423092036037075,1,1
error16,2843,2022-10-14,2022-10-24,-0.0246766294110258,2022,2022-06-30,learned_order_offset,20260910,0.5304126748901641,0.5304126748901641,1,0
error16,2848,2022-10-21,2022-10-31,-0.059928861134359,2022,2022-06-30,learned_order_offset,20260910,0.45177563185005415,0.45177563185005415,0,0
error16,2853,2022-10-28,2022-11-07,0.071339502526744,2022,2022-06-30,learned_order_offset,20260910,0.3713567114942588,0.3713567114942588,0,1
error16,2858,2022-11-04,2022-11-14,0.0169449090696014,2022,2022-06-30,learned_order_offset,20260910,0.44155953311449886,0.44155953311449886,0,1
error16,2863,2022-11-11,2022-11-21,-0.0127051391515239,2022,2022-06-30,learned_order_offset,20260910,0.40511146325240144,0.40511146325240144,0,0
error16,2868,2022-11-18,2022-11-28,-0.0179672806084416,2022,2022-06-30,learned_order_offset,20260910,0.39944207958129896,0.39944207958129896,0,0
error16,2873,2022-11-25,2022-12-05,0.0555768659337096,2022,2022-06-30,learned_order_offset,20260910,0.5900500926481068,0.5900500926481068,1,1
error16,2878,2022-12-02,2022-12-12,0.0175374394775362,2022,2022-06-30,learned_order_offset,20260910,0.5381748003085965,0.5381748003085965,1,1
error16,2883,2022-12-09,2022-12-19,-0.0058850602464181,2022,2022-06-30,learned_order_offset,20260910,0.5224911059502104,0.5224911059502104,1,0
error16,2888,2022-12-16,2022-12-26,-0.0309150292073658,2022,2022-06-30,learned_order_offset,20260910,0.5277773972506916,0.5277773972506916,1,0
error16,2893,2022-12-23,2023-01-03,0.0089464492229616,2022,2022-06-30,learned_order_offset,20260910,0.5977070144852804,0.5977070144852804,1,1
error16,2898,2022-12-30,2023-01-09,0.0345913414268119,2022,2022-06-30,learned_order_offset,20260910,0.5422452847351046,0.5422452847351046,1,1
error16,2843,2022-10-14,2022-10-24,-0.0246766294110258,2022,2022-06-30,native_mse,20260910,0.001982850231568311,,1,0
error16,2848,2022-10-21,2022-10-31,-0.059928861134359,2022,2022-06-30,native_mse,20260910,0.0012489268906234678,,1,0
error16,2853,2022-10-28,2022-11-07,0.071339502526744,2022,2022-06-30,native_mse,20260910,0.0008809950475134655,,1,1
error16,2858,2022-11-04,2022-11-14,0.0169449090696014,2022,2022-06-30,native_mse,20260910,0.001143342767368619,,1,1
error16,2863,2022-11-11,2022-11-21,-0.0127051391515239,2022,2022-06-30,native_mse,20260910,0.0010329490390451439,,1,0
error16,2868,2022-11-18,2022-11-28,-0.0179672806084416,2022,2022-06-30,native_mse,20260910,0.000888352986416419,,1,0
error16,2873,2022-11-25,2022-12-05,0.0555768659337096,2022,2022-06-30,native_mse,20260910,0.001442653915493977,,1,1
error16,2878,2022-12-02,2022-12-12,0.0175374394775362,2022,2022-06-30,native_mse,20260910,0.0010228353946837604,,1,1
error16,2883,2022-12-09,2022-12-19,-0.0058850602464181,2022,2022-06-30,native_mse,20260910,0.0010114857708752017,,1,0
error16,2888,2022-12-16,2022-12-26,-0.0309150292073658,2022,2022-06-30,native_mse,20260910,0.0011695725851964267,,1,0
error16,2893,2022-12-23,2023-01-03,0.0089464492229616,2022,2022-06-30,native_mse,20260910,0.001493408737275812,,1,1
error16,2898,2022-12-30,2023-01-09,0.0345913414268119,2022,2022-06-30,native_mse,20260910,0.0013548701803640178,,1,1
error16,2843,2022-10-14,2022-10-24,-0.0246766294110258,2022,2022-06-30,training_frequency,-1,0.5318444995864351,0.5318444995864351,1,0
error16,2848,2022-10-21,2022-10-31,-0.059928861134359,2022,2022-06-30,training_frequency,-1,0.5318444995864351,0.5318444995864351,1,0
error16,2853,2022-10-28,2022-11-07,0.071339502526744,2022,2022-06-30,training_frequency,-1,0.5318444995864351,0.5318444995864351,1,1
error16,2858,2022-11-04,2022-11-14,0.0169449090696014,2022,2022-06-30,training_frequency,-1,0.5318444995864351,0.5318444995864351,1,1
error16,2863,2022-11-11,2022-11-21,-0.0127051391515239,2022,2022-06-30,training_frequency,-1,0.5318444995864351,0.5318444995864351,1,0
error16,2868,2022-11-18,2022-11-28,-0.0179672806084416,2022,2022-06-30,training_frequency,-1,0.5318444995864351,0.5318444995864351,1,0
error16,2873,2022-11-25,2022-12-05,0.0555768659337096,2022,2022-06-30,training_frequency,-1,0.5318444995864351,0.5318444995864351,1,1
error16,2878,2022-12-02,2022-12-12,0.0175374394775362,2022,2022-06-30,training_frequency,-1,0.5318444995864351,0.5318444995864351,1,1
error16,2883,2022-12-09,2022-12-19,-0.0058850602464181,2022,2022-06-30,training_frequency,-1,0.5318444995864351,0.5318444995864351,1,0
error16,2888,2022-12-16,2022-12-26,-0.0309150292073658,2022,2022-06-30,training_frequency,-1,0.5318444995864351,0.5318444995864351,1,0
error16,2893,2022-12-23,2023-01-03,0.0089464492229616,2022,2022-06-30,training_frequency,-1,0.5318444995864351,0.5318444995864351,1,1
error16,2898,2022-12-30,2023-01-09,0.0345913414268119,2022,2022-06-30,training_frequency,-1,0.5318444995864351,0.5318444995864351,1,1
error16,2843,2022-10-14,2022-10-24,-0.0246766294110258,2022,2022-06-30,learned_market,20260911,0.4921822661644496,0.4921822661644496,0,0
error16,2848,2022-10-21,2022-10-31,-0.059928861134359,2022,2022-06-30,learned_market,20260911,0.5422834415433917,0.5422834415433917,1,0
error16,2853,2022-10-28,2022-11-07,0.071339502526744,2022,2022-06-30,learned_market,20260911,0.4827861534180003,0.4827861534180003,0,1
error16,2858,2022-11-04,2022-11-14,0.0169449090696014,2022,2022-06-30,learned_market,20260911,0.46045693768376755,0.46045693768376755,0,1
error16,2863,2022-11-11,2022-11-21,-0.0127051391515239,2022,2022-06-30,learned_market,20260911,0.4602981942569449,0.4602981942569449,0,0
error16,2868,2022-11-18,2022-11-28,-0.0179672806084416,2022,2022-06-30,learned_market,20260911,0.4638258757939924,0.4638258757939924,0,0
error16,2873,2022-11-25,2022-12-05,0.0555768659337096,2022,2022-06-30,learned_market,20260911,0.5110310002826085,0.5110310002826085,1,1
error16,2878,2022-12-02,2022-12-12,0.0175374394775362,2022,2022-06-30,learned_market,20260911,0.5225887962890989,0.5225887962890989,1,1
error16,2883,2022-12-09,2022-12-19,-0.0058850602464181,2022,2022-06-30,learned_market,20260911,0.5105096032486295,0.5105096032486295,1,0
error16,2888,2022-12-16,2022-12-26,-0.0309150292073658,2022,2022-06-30,learned_market,20260911,0.5524139780850469,0.5524139780850469,1,0
error16,2893,2022-12-23,2023-01-03,0.0089464492229616,2022,2022-06-30,learned_market,20260911,0.5665214716383928,0.5665214716383928,1,1
error16,2898,2022-12-30,2023-01-09,0.0345913414268119,2022,2022-06-30,learned_market,20260911,0.38371077282686633,0.38371077282686633,0,1
error16,2843,2022-10-14,2022-10-24,-0.0246766294110258,2022,2022-06-30,learned_vol_interaction,20260911,0.49433238840136334,0.49433238840136334,0,0
error16,2848,2022-10-21,2022-10-31,-0.059928861134359,2022,2022-06-30,learned_vol_interaction,20260911,0.5519205412095298,0.5519205412095298,1,0
error16,2853,2022-10-28,2022-11-07,0.071339502526744,2022,2022-06-30,learned_vol_interaction,20260911,0.4797399172112602,0.4797399172112602,0,1
error16,2858,2022-11-04,2022-11-14,0.0169449090696014,2022,2022-06-30,learned_vol_interaction,20260911,0.4513458291605055,0.4513458291605055,0,1
error16,2863,2022-11-11,2022-11-21,-0.0127051391515239,2022,2022-06-30,learned_vol_interaction,20260911,0.45096531946496327,0.45096531946496327,0,0
error16,2868,2022-11-18,2022-11-28,-0.0179672806084416,2022,2022-06-30,learned_vol_interaction,20260911,0.44319188482583655,0.44319188482583655,0,0
error16,2873,2022-11-25,2022-12-05,0.0555768659337096,2022,2022-06-30,learned_vol_interaction,20260911,0.5110413349325492,0.5110413349325492,1,1
error16,2878,2022-12-02,2022-12-12,0.0175374394775362,2022,2022-06-30,learned_vol_interaction,20260911,0.5269308775720493,0.5269308775720493,1,1
error16,2883,2022-12-09,2022-12-19,-0.0058850602464181,2022,2022-06-30,learned_vol_interaction,20260911,0.5137856975328551,0.5137856975328551,1,0
error16,2888,2022-12-16,2022-12-26,-0.0309150292073658,2022,2022-06-30,learned_vol_interaction,20260911,0.5478202085602021,0.5478202085602021,1,0
error16,2893,2022-12-23,2023-01-03,0.0089464492229616,2022,2022-06-30,learned_vol_interaction,20260911,0.558722362531576,0.558722362531576,1,1
error16,2898,2022-12-30,2023-01-09,0.0345913414268119,2022,2022-06-30,learned_vol_interaction,20260911,0.4181125535247609,0.4181125535247609,0,1
error16,2843,2022-10-14,2022-10-24,-0.0246766294110258,2022,2022-06-30,learned_order_extension,20260911,0.31530643549414183,0.31530643549414183,0,0
error16,2848,2022-10-21,2022-10-31,-0.059928861134359,2022,2022-06-30,learned_order_extension,20260911,0.4875662631309964,0.4875662631309964,0,0
error16,2853,2022-10-28,2022-11-07,0.071339502526744,2022,2022-06-30,learned_order_extension,20260911,0.48760538028624756,0.48760538028624756,0,1
error16,2858,2022-11-04,2022-11-14,0.0169449090696014,2022,2022-06-30,learned_order_extension,20260911,0.48303300104224095,0.48303300104224095,0,1
error16,2863,2022-11-11,2022-11-21,-0.0127051391515239,2022,2022-06-30,learned_order_extension,20260911,0.5238721705282576,0.5238721705282576,1,0
error16,2868,2022-11-18,2022-11-28,-0.0179672806084416,2022,2022-06-30,learned_order_extension,20260911,0.5142829562588034,0.5142829562588034,1,0
error16,2873,2022-11-25,2022-12-05,0.0555768659337096,2022,2022-06-30,learned_order_extension,20260911,0.572219123477616,0.572219123477616,1,1
error16,2878,2022-12-02,2022-12-12,0.0175374394775362,2022,2022-06-30,learned_order_extension,20260911,0.5432982478479393,0.5432982478479393,1,1
error16,2883,2022-12-09,2022-12-19,-0.0058850602464181,2022,2022-06-30,learned_order_extension,20260911,0.5417361475922354,0.5417361475922354,1,0
error16,2888,2022-12-16,2022-12-26,-0.0309150292073658,2022,2022-06-30,learned_order_extension,20260911,0.5291764349304164,0.5291764349304164,1,0
error16,2893,2022-12-23,2023-01-03,0.0089464492229616,2022,2022-06-30,learned_order_extension,20260911,0.5351782431762402,0.5351782431762402,1,1
error16,2898,2022-12-30,2023-01-09,0.0345913414268119,2022,2022-06-30,learned_order_extension,20260911,0.3150076975390312,0.3150076975390312,0,1
error16,2843,2022-10-14,2022-10-24,-0.0246766294110258,2022,2022-06-30,learned_order_offset,20260911,0.3182375736797444,0.3182375736797444,0,0
error16,2848,2022-10-21,2022-10-31,-0.059928861134359,2022,2022-06-30,learned_order_offset,20260911,0.48900265159651096,0.48900265159651096,0,0
error16,2853,2022-10-28,2022-11-07,0.071339502526744,2022,2022-06-30,learned_order_offset,20260911,0.49082146093003465,0.49082146093003465,0,1
error16,2858,2022-11-04,2022-11-14,0.0169449090696014,2022,2022-06-30,learned_order_offset,20260911,0.484214347007088,0.484214347007088,0,1
error16,2863,2022-11-11,2022-11-21,-0.0127051391515239,2022,2022-06-30,learned_order_offset,20260911,0.5237356092227595,0.5237356092227595,1,0
error16,2868,2022-11-18,2022-11-28,-0.0179672806084416,2022,2022-06-30,learned_order_offset,20260911,0.5140949360818803,0.5140949360818803,1,0
error16,2873,2022-11-25,2022-12-05,0.0555768659337096,2022,2022-06-30,learned_order_offset,20260911,0.5709510958015376,0.5709510958015376,1,1
error16,2878,2022-12-02,2022-12-12,0.0175374394775362,2022,2022-06-30,learned_order_offset,20260911,0.5433591999405698,0.5433591999405698,1,1
error16,2883,2022-12-09,2022-12-19,-0.0058850602464181,2022,2022-06-30,learned_order_offset,20260911,0.5419718873515562,0.5419718873515562,1,0
error16,2888,2022-12-16,2022-12-26,-0.0309150292073658,2022,2022-06-30,learned_order_offset,20260911,0.5279785995861522,0.5279785995861522,1,0
error16,2893,2022-12-23,2023-01-03,0.0089464492229616,2022,2022-06-30,learned_order_offset,20260911,0.5337932293707259,0.5337932293707259,1,1
error16,2898,2022-12-30,2023-01-09,0.0345913414268119,2022,2022-06-30,learned_order_offset,20260911,0.32313444298993504,0.32313444298993504,0,1
error16,2843,2022-10-14,2022-10-24,-0.0246766294110258,2022,2022-06-30,native_mse,20260911,-0.0016157689629803568,,0,0
error16,2848,2022-10-21,2022-10-31,-0.059928861134359,2022,2022-06-30,native_mse,20260911,-0.0017765091631547715,,0,0
error16,2853,2022-10-28,2022-11-07,0.071339502526744,2022,2022-06-30,native_mse,20260911,-0.0021331308432840073,,0,1
error16,2858,2022-11-04,2022-11-14,0.0169449090696014,2022,2022-06-30,native_mse,20260911,-0.0017950352458508702,,0,1
error16,2863,2022-11-11,2022-11-21,-0.0127051391515239,2022,2022-06-30,native_mse,20260911,-0.001687589102089974,,0,0
error16,2868,2022-11-18,2022-11-28,-0.0179672806084416,2022,2022-06-30,native_mse,20260911,-0.0015471317939291182,,0,0
error16,2873,2022-11-25,2022-12-05,0.0555768659337096,2022,2022-06-30,native_mse,20260911,-0.001715545036006498,,0,1
error16,2878,2022-12-02,2022-12-12,0.0175374394775362,2022,2022-06-30,native_mse,20260911,-0.001113748709730322,,0,1
error16,2883,2022-12-09,2022-12-19,-0.0058850602464181,2022,2022-06-30,native_mse,20260911,-0.0012849467853259073,,0,0
error16,2888,2022-12-16,2022-12-26,-0.0309150292073658,2022,2022-06-30,native_mse,20260911,-0.0011246898244382595,,0,0
error16,2893,2022-12-23,2023-01-03,0.0089464492229616,2022,2022-06-30,native_mse,20260911,-0.0015223399419302078,,0,1
error16,2898,2022-12-30,2023-01-09,0.0345913414268119,2022,2022-06-30,native_mse,20260911,-0.012232158967109604,,0,1
error16,2843,2022-10-14,2022-10-24,-0.0246766294110258,2022,2022-06-30,learned_market,20260912,0.4417501718373783,0.4417501718373783,0,0
error16,2848,2022-10-21,2022-10-31,-0.059928861134359,2022,2022-06-30,learned_market,20260912,0.5160433749472499,0.5160433749472499,1,0
error16,2853,2022-10-28,2022-11-07,0.071339502526744,2022,2022-06-30,learned_market,20260912,0.40459490737975784,0.40459490737975784,0,1
error16,2858,2022-11-04,2022-11-14,0.0169449090696014,2022,2022-06-30,learned_market,20260912,0.5015706982265599,0.5015706982265599,1,1
error16,2863,2022-11-11,2022-11-21,-0.0127051391515239,2022,2022-06-30,learned_market,20260912,0.4390827591574614,0.4390827591574614,0,0
error16,2868,2022-11-18,2022-11-28,-0.0179672806084416,2022,2022-06-30,learned_market,20260912,0.5199971200195602,0.5199971200195602,1,0
error16,2873,2022-11-25,2022-12-05,0.0555768659337096,2022,2022-06-30,learned_market,20260912,0.4912178278411612,0.4912178278411612,0,1
error16,2878,2022-12-02,2022-12-12,0.0175374394775362,2022,2022-06-30,learned_market,20260912,0.5278459129044144,0.5278459129044144,1,1
error16,2883,2022-12-09,2022-12-19,-0.0058850602464181,2022,2022-06-30,learned_market,20260912,0.6291049097268229,0.6291049097268229,1,0
error16,2888,2022-12-16,2022-12-26,-0.0309150292073658,2022,2022-06-30,learned_market,20260912,0.44093467845516776,0.44093467845516776,0,0
error16,2893,2022-12-23,2023-01-03,0.0089464492229616,2022,2022-06-30,learned_market,20260912,0.5623649134254572,0.5623649134254572,1,1
error16,2898,2022-12-30,2023-01-09,0.0345913414268119,2022,2022-06-30,learned_market,20260912,0.501219670281672,0.501219670281672,1,1
error16,2843,2022-10-14,2022-10-24,-0.0246766294110258,2022,2022-06-30,learned_vol_interaction,20260912,0.44077606597324576,0.44077606597324576,0,0
error16,2848,2022-10-21,2022-10-31,-0.059928861134359,2022,2022-06-30,learned_vol_interaction,20260912,0.5241274607626542,0.5241274607626542,1,0
error16,2853,2022-10-28,2022-11-07,0.071339502526744,2022,2022-06-30,learned_vol_interaction,20260912,0.39160959741428036,0.39160959741428036,0,1
error16,2858,2022-11-04,2022-11-14,0.0169449090696014,2022,2022-06-30,learned_vol_interaction,20260912,0.5135174319506585,0.5135174319506585,1,1
error16,2863,2022-11-11,2022-11-21,-0.0127051391515239,2022,2022-06-30,learned_vol_interaction,20260912,0.41979334263381474,0.41979334263381474,0,0
error16,2868,2022-11-18,2022-11-28,-0.0179672806084416,2022,2022-06-30,learned_vol_interaction,20260912,0.5208708028277722,0.5208708028277722,1,0
error16,2873,2022-11-25,2022-12-05,0.0555768659337096,2022,2022-06-30,learned_vol_interaction,20260912,0.50137582842713,0.50137582842713,1,1
error16,2878,2022-12-02,2022-12-12,0.0175374394775362,2022,2022-06-30,learned_vol_interaction,20260912,0.5379822201845985,0.5379822201845985,1,1
error16,2883,2022-12-09,2022-12-19,-0.0058850602464181,2022,2022-06-30,learned_vol_interaction,20260912,0.6403858486924018,0.6403858486924018,1,0
error16,2888,2022-12-16,2022-12-26,-0.0309150292073658,2022,2022-06-30,learned_vol_interaction,20260912,0.44468644637238747,0.44468644637238747,0,0
error16,2893,2022-12-23,2023-01-03,0.0089464492229616,2022,2022-06-30,learned_vol_interaction,20260912,0.5605197617459883,0.5605197617459883,1,1
error16,2898,2022-12-30,2023-01-09,0.0345913414268119,2022,2022-06-30,learned_vol_interaction,20260912,0.5115350471219389,0.5115350471219389,1,1
error16,2843,2022-10-14,2022-10-24,-0.0246766294110258,2022,2022-06-30,learned_order_extension,20260912,0.40633811176014445,0.40633811176014445,0,0
error16,2848,2022-10-21,2022-10-31,-0.059928861134359,2022,2022-06-30,learned_order_extension,20260912,0.5124097085579388,0.5124097085579388,1,0
error16,2853,2022-10-28,2022-11-07,0.071339502526744,2022,2022-06-30,learned_order_extension,20260912,0.38396696659102597,0.38396696659102597,0,1
error16,2858,2022-11-04,2022-11-14,0.0169449090696014,2022,2022-06-30,learned_order_extension,20260912,0.5115089930741485,0.5115089930741485,1,1
error16,2863,2022-11-11,2022-11-21,-0.0127051391515239,2022,2022-06-30,learned_order_extension,20260912,0.4175942057311423,0.4175942057311423,0,0
error16,2868,2022-11-18,2022-11-28,-0.0179672806084416,2022,2022-06-30,learned_order_extension,20260912,0.5215323621151774,0.5215323621151774,1,0
error16,2873,2022-11-25,2022-12-05,0.0555768659337096,2022,2022-06-30,learned_order_extension,20260912,0.5119555272752716,0.5119555272752716,1,1
error16,2878,2022-12-02,2022-12-12,0.0175374394775362,2022,2022-06-30,learned_order_extension,20260912,0.5425091672112851,0.5425091672112851,1,1
error16,2883,2022-12-09,2022-12-19,-0.0058850602464181,2022,2022-06-30,learned_order_extension,20260912,0.6368479299426146,0.6368479299426146,1,0
error16,2888,2022-12-16,2022-12-26,-0.0309150292073658,2022,2022-06-30,learned_order_extension,20260912,0.45346040329116055,0.45346040329116055,0,0
error16,2893,2022-12-23,2023-01-03,0.0089464492229616,2022,2022-06-30,learned_order_extension,20260912,0.5593585285927304,0.5593585285927304,1,1
error16,2898,2022-12-30,2023-01-09,0.0345913414268119,2022,2022-06-30,learned_order_extension,20260912,0.5134820980772149,0.5134820980772149,1,1
error16,2843,2022-10-14,2022-10-24,-0.0246766294110258,2022,2022-06-30,learned_order_offset,20260912,0.4076566747148119,0.4076566747148119,0,0
error16,2848,2022-10-21,2022-10-31,-0.059928861134359,2022,2022-06-30,learned_order_offset,20260912,0.5139104529732099,0.5139104529732099,1,0
error16,2853,2022-10-28,2022-11-07,0.071339502526744,2022,2022-06-30,learned_order_offset,20260912,0.3855939605130779,0.3855939605130779,0,1
error16,2858,2022-11-04,2022-11-14,0.0169449090696014,2022,2022-06-30,learned_order_offset,20260912,0.5119924708082485,0.5119924708082485,1,1
error16,2863,2022-11-11,2022-11-21,-0.0127051391515239,2022,2022-06-30,learned_order_offset,20260912,0.41788579124306857,0.41788579124306857,0,0
error16,2868,2022-11-18,2022-11-28,-0.0179672806084416,2022,2022-06-30,learned_order_offset,20260912,0.5215028538796501,0.5215028538796501,1,0
error16,2873,2022-11-25,2022-12-05,0.0555768659337096,2022,2022-06-30,learned_order_offset,20260912,0.5122339672290386,0.5122339672290386,1,1
error16,2878,2022-12-02,2022-12-12,0.0175374394775362,2022,2022-06-30,learned_order_offset,20260912,0.5422111132748235,0.5422111132748235,1,1
error16,2883,2022-12-09,2022-12-19,-0.0058850602464181,2022,2022-06-30,learned_order_offset,20260912,0.6363789630457358,0.6363789630457358,1,0
error16,2888,2022-12-16,2022-12-26,-0.0309150292073658,2022,2022-06-30,learned_order_offset,20260912,0.45289471396167236,0.45289471396167236,0,0
error16,2893,2022-12-23,2023-01-03,0.0089464492229616,2022,2022-06-30,learned_order_offset,20260912,0.558378006755813,0.558378006755813,1,1
error16,2898,2022-12-30,2023-01-09,0.0345913414268119,2022,2022-06-30,learned_order_offset,20260912,0.5132929691598302,0.5132929691598302,1,1
error16,2843,2022-10-14,2022-10-24,-0.0246766294110258,2022,2022-06-30,native_mse,20260912,-0.00022728030047797416,,0,0
error16,2848,2022-10-21,2022-10-31,-0.059928861134359,2022,2022-06-30,native_mse,20260912,-0.0006293878069641968,,0,0
error16,2853,2022-10-28,2022-11-07,0.071339502526744,2022,2022-06-30,native_mse,20260912,-6.515065471266747e-05,,0,1
error16,2858,2022-11-04,2022-11-14,0.0169449090696014,2022,2022-06-30,native_mse,20260912,0.0006050387803689055,,1,1
error16,2863,2022-11-11,2022-11-21,-0.0127051391515239,2022,2022-06-30,native_mse,20260912,-0.0004252267423389179,,0,0
error16,2868,2022-11-18,2022-11-28,-0.0179672806084416,2022,2022-06-30,native_mse,20260912,-7.628362199646639e-05,,0,0
error16,2873,2022-11-25,2022-12-05,0.0555768659337096,2022,2022-06-30,native_mse,20260912,0.0006856080017827744,,1,1
error16,2878,2022-12-02,2022-12-12,0.0175374394775362,2022,2022-06-30,native_mse,20260912,0.0003717937459821372,,1,1
error16,2883,2022-12-09,2022-12-19,-0.0058850602464181,2022,2022-06-30,native_mse,20260912,0.0008102712164168545,,1,0
error16,2888,2022-12-16,2022-12-26,-0.0309150292073658,2022,2022-06-30,native_mse,20260912,0.0015740271951914509,,1,0
error16,2893,2022-12-23,2023-01-03,0.0089464492229616,2022,2022-06-30,native_mse,20260912,-0.00044041790094531425,,0,1
error16,2898,2022-12-30,2023-01-09,0.0345913414268119,2022,2022-06-30,native_mse,20260912,0.0006161712170869527,,1,1
error16,3085,2023-10-13,2023-10-23,-0.0447156690429144,2023,2023-06-30,learned_market,20260910,0.5265355609238971,0.5265355609238971,1,0
error16,3090,2023-10-20,2023-10-30,0.0154019770298841,2023,2023-06-30,learned_market,20260910,0.5486422856934815,0.5486422856934815,1,1
error16,3095,2023-10-27,2023-11-06,0.0152527637017425,2023,2023-06-30,learned_market,20260910,0.5682202889497943,0.5682202889497943,1,1
error16,3100,2023-11-03,2023-11-13,-0.0039935482440582,2023,2023-06-30,learned_market,20260910,0.5610348998185232,0.5610348998185232,1,0
error16,3105,2023-11-10,2023-11-20,-0.0067280482816765,2023,2023-06-30,learned_market,20260910,0.7013935390705094,0.7013935390705094,1,0
error16,3110,2023-11-17,2023-11-27,-0.0098859017348651,2023,2023-06-30,learned_market,20260910,0.43446341186532694,0.43446341186532694,0,0
error16,3115,2023-11-24,2023-12-04,-0.0151084754586299,2023,2023-06-30,learned_market,20260910,0.5904859961706158,0.5904859961706158,1,0
error16,3120,2023-12-01,2023-12-11,-0.0295859857973478,2023,2023-06-30,learned_market,20260910,0.6449714079699411,0.6449714079699411,1,0
error16,3125,2023-12-08,2023-12-18,-0.0144639658974852,2023,2023-06-30,learned_market,20260910,0.6177469912983949,0.6177469912983949,1,0
error16,3130,2023-12-15,2023-12-25,0.0003424256350643,2023,2023-06-30,learned_market,20260910,0.6163117976854109,0.6163117976854109,1,1
error16,3135,2023-12-22,2024-01-02,0.0288079559683274,2023,2023-06-30,learned_market,20260910,0.48308245773337344,0.48308245773337344,0,1
error16,3140,2023-12-29,2024-01-08,-0.0302544749829989,2023,2023-06-30,learned_market,20260910,0.5641321660453528,0.5641321660453528,1,0
error16,3085,2023-10-13,2023-10-23,-0.0447156690429144,2023,2023-06-30,learned_vol_interaction,20260910,0.5319632139449333,0.5319632139449333,1,0
error16,3090,2023-10-20,2023-10-30,0.0154019770298841,2023,2023-06-30,learned_vol_interaction,20260910,0.5536593621108067,0.5536593621108067,1,1
error16,3095,2023-10-27,2023-11-06,0.0152527637017425,2023,2023-06-30,learned_vol_interaction,20260910,0.5822601387795029,0.5822601387795029,1,1
error16,3100,2023-11-03,2023-11-13,-0.0039935482440582,2023,2023-06-30,learned_vol_interaction,20260910,0.5749779190313844,0.5749779190313844,1,0
error16,3105,2023-11-10,2023-11-20,-0.0067280482816765,2023,2023-06-30,learned_vol_interaction,20260910,0.7228177913525221,0.7228177913525221,1,0
error16,3110,2023-11-17,2023-11-27,-0.0098859017348651,2023,2023-06-30,learned_vol_interaction,20260910,0.4105170224435402,0.4105170224435402,0,0
error16,3115,2023-11-24,2023-12-04,-0.0151084754586299,2023,2023-06-30,learned_vol_interaction,20260910,0.6109282968102883,0.6109282968102883,1,0
error16,3120,2023-12-01,2023-12-11,-0.0295859857973478,2023,2023-06-30,learned_vol_interaction,20260910,0.6865828227751156,0.6865828227751156,1,0
error16,3125,2023-12-08,2023-12-18,-0.0144639658974852,2023,2023-06-30,learned_vol_interaction,20260910,0.654854942645708,0.654854942645708,1,0
error16,3130,2023-12-15,2023-12-25,0.0003424256350643,2023,2023-06-30,learned_vol_interaction,20260910,0.6515857186918823,0.6515857186918823,1,1
error16,3135,2023-12-22,2024-01-02,0.0288079559683274,2023,2023-06-30,learned_vol_interaction,20260910,0.499401534485905,0.499401534485905,0,1
error16,3140,2023-12-29,2024-01-08,-0.0302544749829989,2023,2023-06-30,learned_vol_interaction,20260910,0.5789704002953115,0.5789704002953115,1,0
error16,3085,2023-10-13,2023-10-23,-0.0447156690429144,2023,2023-06-30,learned_order_extension,20260910,0.5408236366219178,0.5408236366219178,1,0
error16,3090,2023-10-20,2023-10-30,0.0154019770298841,2023,2023-06-30,learned_order_extension,20260910,0.5605824321817015,0.5605824321817015,1,1
error16,3095,2023-10-27,2023-11-06,0.0152527637017425,2023,2023-06-30,learned_order_extension,20260910,0.5780784945315187,0.5780784945315187,1,1
error16,3100,2023-11-03,2023-11-13,-0.0039935482440582,2023,2023-06-30,learned_order_extension,20260910,0.5740649740332929,0.5740649740332929,1,0
error16,3105,2023-11-10,2023-11-20,-0.0067280482816765,2023,2023-06-30,learned_order_extension,20260910,0.7173298810884124,0.7173298810884124,1,0
error16,3110,2023-11-17,2023-11-27,-0.0098859017348651,2023,2023-06-30,learned_order_extension,20260910,0.4205646729608769,0.4205646729608769,0,0
error16,3115,2023-11-24,2023-12-04,-0.0151084754586299,2023,2023-06-30,learned_order_extension,20260910,0.6044658218902865,0.6044658218902865,1,0
error16,3120,2023-12-01,2023-12-11,-0.0295859857973478,2023,2023-06-30,learned_order_extension,20260910,0.6831577342901717,0.6831577342901717,1,0
error16,3125,2023-12-08,2023-12-18,-0.0144639658974852,2023,2023-06-30,learned_order_extension,20260910,0.6670143290644245,0.6670143290644245,1,0
error16,3130,2023-12-15,2023-12-25,0.0003424256350643,2023,2023-06-30,learned_order_extension,20260910,0.6504694383354632,0.6504694383354632,1,1
error16,3135,2023-12-22,2024-01-02,0.0288079559683274,2023,2023-06-30,learned_order_extension,20260910,0.5002381808011507,0.5002381808011507,1,1
error16,3140,2023-12-29,2024-01-08,-0.0302544749829989,2023,2023-06-30,learned_order_extension,20260910,0.5720836642586561,0.5720836642586561,1,0
error16,3085,2023-10-13,2023-10-23,-0.0447156690429144,2023,2023-06-30,learned_order_offset,20260910,0.5408159071003441,0.5408159071003441,1,0
error16,3090,2023-10-20,2023-10-30,0.0154019770298841,2023,2023-06-30,learned_order_offset,20260910,0.5604790210421682,0.5604790210421682,1,1
error16,3095,2023-10-27,2023-11-06,0.0152527637017425,2023,2023-06-30,learned_order_offset,20260910,0.5774409119191022,0.5774409119191022,1,1
error16,3100,2023-11-03,2023-11-13,-0.0039935482440582,2023,2023-06-30,learned_order_offset,20260910,0.5731659520060606,0.5731659520060606,1,0
error16,3105,2023-11-10,2023-11-20,-0.0067280482816765,2023,2023-06-30,learned_order_offset,20260910,0.7170182768663352,0.7170182768663352,1,0
error16,3110,2023-11-17,2023-11-27,-0.0098859017348651,2023,2023-06-30,learned_order_offset,20260910,0.4209787897219068,0.4209787897219068,0,0
error16,3115,2023-11-24,2023-12-04,-0.0151084754586299,2023,2023-06-30,learned_order_offset,20260910,0.6043859377775905,0.6043859377775905,1,0
error16,3120,2023-12-01,2023-12-11,-0.0295859857973478,2023,2023-06-30,learned_order_offset,20260910,0.6822509376794915,0.6822509376794915,1,0
error16,3125,2023-12-08,2023-12-18,-0.0144639658974852,2023,2023-06-30,learned_order_offset,20260910,0.6662624077884791,0.6662624077884791,1,0
error16,3130,2023-12-15,2023-12-25,0.0003424256350643,2023,2023-06-30,learned_order_offset,20260910,0.6494077779099503,0.6494077779099503,1,1
error16,3135,2023-12-22,2024-01-02,0.0288079559683274,2023,2023-06-30,learned_order_offset,20260910,0.5000258731471482,0.5000258731471482,1,1
error16,3140,2023-12-29,2024-01-08,-0.0302544749829989,2023,2023-06-30,learned_order_offset,20260910,0.5716197417258347,0.5716197417258347,1,0
error16,3085,2023-10-13,2023-10-23,-0.0447156690429144,2023,2023-06-30,native_mse,20260910,0.0006828929630195742,,1,0
error16,3090,2023-10-20,2023-10-30,0.0154019770298841,2023,2023-06-30,native_mse,20260910,0.0018903874637055118,,1,1
error16,3095,2023-10-27,2023-11-06,0.0152527637017425,2023,2023-06-30,native_mse,20260910,0.0009413365677273318,,1,1
error16,3100,2023-11-03,2023-11-13,-0.0039935482440582,2023,2023-06-30,native_mse,20260910,0.00012376395649477492,,1,0
error16,3105,2023-11-10,2023-11-20,-0.0067280482816765,2023,2023-06-30,native_mse,20260910,0.0013209212071012848,,1,0
error16,3110,2023-11-17,2023-11-27,-0.0098859017348651,2023,2023-06-30,native_mse,20260910,-0.0005206609465481299,,0,0
error16,3115,2023-11-24,2023-12-04,-0.0151084754586299,2023,2023-06-30,native_mse,20260910,0.001389692879885491,,1,0
error16,3120,2023-12-01,2023-12-11,-0.0295859857973478,2023,2023-06-30,native_mse,20260910,0.00196260125193559,,1,0
error16,3125,2023-12-08,2023-12-18,-0.0144639658974852,2023,2023-06-30,native_mse,20260910,0.0014774478877667228,,1,0
error16,3130,2023-12-15,2023-12-25,0.0003424256350643,2023,2023-06-30,native_mse,20260910,0.0012748493515865687,,1,1
error16,3135,2023-12-22,2024-01-02,0.0288079559683274,2023,2023-06-30,native_mse,20260910,0.0011488547094505091,,1,1
error16,3140,2023-12-29,2024-01-08,-0.0302544749829989,2023,2023-06-30,native_mse,20260910,0.0008505574851276875,,1,0
error16,3085,2023-10-13,2023-10-23,-0.0447156690429144,2023,2023-06-30,training_frequency,-1,0.5132450331125827,0.5132450331125827,1,0
error16,3090,2023-10-20,2023-10-30,0.0154019770298841,2023,2023-06-30,training_frequency,-1,0.5132450331125827,0.5132450331125827,1,1
error16,3095,2023-10-27,2023-11-06,0.0152527637017425,2023,2023-06-30,training_frequency,-1,0.5132450331125827,0.5132450331125827,1,1
error16,3100,2023-11-03,2023-11-13,-0.0039935482440582,2023,2023-06-30,training_frequency,-1,0.5132450331125827,0.5132450331125827,1,0
error16,3105,2023-11-10,2023-11-20,-0.0067280482816765,2023,2023-06-30,training_frequency,-1,0.5132450331125827,0.5132450331125827,1,0
error16,3110,2023-11-17,2023-11-27,-0.0098859017348651,2023,2023-06-30,training_frequency,-1,0.5132450331125827,0.5132450331125827,1,0
error16,3115,2023-11-24,2023-12-04,-0.0151084754586299,2023,2023-06-30,training_frequency,-1,0.5132450331125827,0.5132450331125827,1,0
error16,3120,2023-12-01,2023-12-11,-0.0295859857973478,2023,2023-06-30,training_frequency,-1,0.5132450331125827,0.5132450331125827,1,0
error16,3125,2023-12-08,2023-12-18,-0.0144639658974852,2023,2023-06-30,training_frequency,-1,0.5132450331125827,0.5132450331125827,1,0
error16,3130,2023-12-15,2023-12-25,0.0003424256350643,2023,2023-06-30,training_frequency,-1,0.5132450331125827,0.5132450331125827,1,1
error16,3135,2023-12-22,2024-01-02,0.0288079559683274,2023,2023-06-30,training_frequency,-1,0.5132450331125827,0.5132450331125827,1,1
error16,3140,2023-12-29,2024-01-08,-0.0302544749829989,2023,2023-06-30,training_frequency,-1,0.5132450331125827,0.5132450331125827,1,0
error16,3085,2023-10-13,2023-10-23,-0.0447156690429144,2023,2023-06-30,learned_market,20260911,0.5973242914529201,0.5973242914529201,1,0
error16,3090,2023-10-20,2023-10-30,0.0154019770298841,2023,2023-06-30,learned_market,20260911,0.48972116036872343,0.48972116036872343,0,1
error16,3095,2023-10-27,2023-11-06,0.0152527637017425,2023,2023-06-30,learned_market,20260911,0.42504343394976946,0.42504343394976946,0,1
error16,3100,2023-11-03,2023-11-13,-0.0039935482440582,2023,2023-06-30,learned_market,20260911,0.4168488372573336,0.4168488372573336,0,0
error16,3105,2023-11-10,2023-11-20,-0.0067280482816765,2023,2023-06-30,learned_market,20260911,0.46136344464352314,0.46136344464352314,0,0
error16,3110,2023-11-17,2023-11-27,-0.0098859017348651,2023,2023-06-30,learned_market,20260911,0.43452680777476854,0.43452680777476854,0,0
error16,3115,2023-11-24,2023-12-04,-0.0151084754586299,2023,2023-06-30,learned_market,20260911,0.4190565095196802,0.4190565095196802,0,0
error16,3120,2023-12-01,2023-12-11,-0.0295859857973478,2023,2023-06-30,learned_market,20260911,0.4400465635056858,0.4400465635056858,0,0
error16,3125,2023-12-08,2023-12-18,-0.0144639658974852,2023,2023-06-30,learned_market,20260911,0.5505480659741904,0.5505480659741904,1,0
error16,3130,2023-12-15,2023-12-25,0.0003424256350643,2023,2023-06-30,learned_market,20260911,0.47526212349547636,0.47526212349547636,0,1
error16,3135,2023-12-22,2024-01-02,0.0288079559683274,2023,2023-06-30,learned_market,20260911,0.5284739862818865,0.5284739862818865,1,1
error16,3140,2023-12-29,2024-01-08,-0.0302544749829989,2023,2023-06-30,learned_market,20260911,0.47020942979232094,0.47020942979232094,0,0
error16,3085,2023-10-13,2023-10-23,-0.0447156690429144,2023,2023-06-30,learned_vol_interaction,20260911,0.5970469418220112,0.5970469418220112,1,0
error16,3090,2023-10-20,2023-10-30,0.0154019770298841,2023,2023-06-30,learned_vol_interaction,20260911,0.4899553781144567,0.4899553781144567,0,1
error16,3095,2023-10-27,2023-11-06,0.0152527637017425,2023,2023-06-30,learned_vol_interaction,20260911,0.4252821369455335,0.4252821369455335,0,1
error16,3100,2023-11-03,2023-11-13,-0.0039935482440582,2023,2023-06-30,learned_vol_interaction,20260911,0.41710689130690626,0.41710689130690626,0,0
error16,3105,2023-11-10,2023-11-20,-0.0067280482816765,2023,2023-06-30,learned_vol_interaction,20260911,0.4615471305596731,0.4615471305596731,0,0
error16,3110,2023-11-17,2023-11-27,-0.0098859017348651,2023,2023-06-30,learned_vol_interaction,20260911,0.4349595000130304,0.4349595000130304,0,0
error16,3115,2023-11-24,2023-12-04,-0.0151084754586299,2023,2023-06-30,learned_vol_interaction,20260911,0.41959478431659003,0.41959478431659003,0,0
error16,3120,2023-12-01,2023-12-11,-0.0295859857973478,2023,2023-06-30,learned_vol_interaction,20260911,0.44036802131396763,0.44036802131396763,0,0
error16,3125,2023-12-08,2023-12-18,-0.0144639658974852,2023,2023-06-30,learned_vol_interaction,20260911,0.5501002690040253,0.5501002690040253,1,0
error16,3130,2023-12-15,2023-12-25,0.0003424256350643,2023,2023-06-30,learned_vol_interaction,20260911,0.4753105189052488,0.4753105189052488,0,1
error16,3135,2023-12-22,2024-01-02,0.0288079559683274,2023,2023-06-30,learned_vol_interaction,20260911,0.5283858031363582,0.5283858031363582,1,1
error16,3140,2023-12-29,2024-01-08,-0.0302544749829989,2023,2023-06-30,learned_vol_interaction,20260911,0.47021867941214207,0.47021867941214207,0,0
error16,3085,2023-10-13,2023-10-23,-0.0447156690429144,2023,2023-06-30,learned_order_extension,20260911,0.6200012695358641,0.6200012695358641,1,0
error16,3090,2023-10-20,2023-10-30,0.0154019770298841,2023,2023-06-30,learned_order_extension,20260911,0.5169754099881136,0.5169754099881136,1,1
error16,3095,2023-10-27,2023-11-06,0.0152527637017425,2023,2023-06-30,learned_order_extension,20260911,0.4566558252942686,0.4566558252942686,0,1
error16,3100,2023-11-03,2023-11-13,-0.0039935482440582,2023,2023-06-30,learned_order_extension,20260911,0.4423398453164343,0.4423398453164343,0,0
error16,3105,2023-11-10,2023-11-20,-0.0067280482816765,2023,2023-06-30,learned_order_extension,20260911,0.49110416833907977,0.49110416833907977,0,0
error16,3110,2023-11-17,2023-11-27,-0.0098859017348651,2023,2023-06-30,learned_order_extension,20260911,0.4554780923560608,0.4554780923560608,0,0
error16,3115,2023-11-24,2023-12-04,-0.0151084754586299,2023,2023-06-30,learned_order_extension,20260911,0.430030085176267,0.430030085176267,0,0
error16,3120,2023-12-01,2023-12-11,-0.0295859857973478,2023,2023-06-30,learned_order_extension,20260911,0.4417573791899176,0.4417573791899176,0,0
error16,3125,2023-12-08,2023-12-18,-0.0144639658974852,2023,2023-06-30,learned_order_extension,20260911,0.5496960147928892,0.5496960147928892,1,0
error16,3130,2023-12-15,2023-12-25,0.0003424256350643,2023,2023-06-30,learned_order_extension,20260911,0.47594055010955577,0.47594055010955577,0,1
error16,3135,2023-12-22,2024-01-02,0.0288079559683274,2023,2023-06-30,learned_order_extension,20260911,0.5233344921097111,0.5233344921097111,1,1
error16,3140,2023-12-29,2024-01-08,-0.0302544749829989,2023,2023-06-30,learned_order_extension,20260911,0.4825587678561794,0.4825587678561794,0,0
error16,3085,2023-10-13,2023-10-23,-0.0447156690429144,2023,2023-06-30,learned_order_offset,20260911,0.6182343050183003,0.6182343050183003,1,0
error16,3090,2023-10-20,2023-10-30,0.0154019770298841,2023,2023-06-30,learned_order_offset,20260911,0.5160639733418365,0.5160639733418365,1,1
error16,3095,2023-10-27,2023-11-06,0.0152527637017425,2023,2023-06-30,learned_order_offset,20260911,0.45581394024705535,0.45581394024705535,0,1
error16,3100,2023-11-03,2023-11-13,-0.0039935482440582,2023,2023-06-30,learned_order_offset,20260911,0.44070042997155967,0.44070042997155967,0,0
error16,3105,2023-11-10,2023-11-20,-0.0067280482816765,2023,2023-06-30,learned_order_offset,20260911,0.4894503389663278,0.4894503389663278,0,0
error16,3110,2023-11-17,2023-11-27,-0.0098859017348651,2023,2023-06-30,learned_order_offset,20260911,0.4562845346863696,0.4562845346863696,0,0
error16,3115,2023-11-24,2023-12-04,-0.0151084754586299,2023,2023-06-30,learned_order_offset,20260911,0.429417013165057,0.429417013165057,0,0
error16,3120,2023-12-01,2023-12-11,-0.0295859857973478,2023,2023-06-30,learned_order_offset,20260911,0.4397828845653886,0.4397828845653886,0,0
error16,3125,2023-12-08,2023-12-18,-0.0144639658974852,2023,2023-06-30,learned_order_offset,20260911,0.5460038580206081,0.5460038580206081,1,0
error16,3130,2023-12-15,2023-12-25,0.0003424256350643,2023,2023-06-30,learned_order_offset,20260911,0.4733645303905946,0.4733645303905946,0,1
error16,3135,2023-12-22,2024-01-02,0.0288079559683274,2023,2023-06-30,learned_order_offset,20260911,0.518986872856894,0.518986872856894,1,1
error16,3140,2023-12-29,2024-01-08,-0.0302544749829989,2023,2023-06-30,learned_order_offset,20260911,0.4815407979334544,0.4815407979334544,0,0
error16,3085,2023-10-13,2023-10-23,-0.0447156690429144,2023,2023-06-30,native_mse,20260911,0.0035460429553347984,,1,0
error16,3090,2023-10-20,2023-10-30,0.0154019770298841,2023,2023-06-30,native_mse,20260911,-0.002290510055826688,,0,1
error16,3095,2023-10-27,2023-11-06,0.0152527637017425,2023,2023-06-30,native_mse,20260911,-0.003983871956977766,,0,1
error16,3100,2023-11-03,2023-11-13,-0.0039935482440582,2023,2023-06-30,native_mse,20260911,-0.00516449566803213,,0,0
error16,3105,2023-11-10,2023-11-20,-0.0067280482816765,2023,2023-06-30,native_mse,20260911,-0.0051046813397496015,,0,0
error16,3110,2023-11-17,2023-11-27,-0.0098859017348651,2023,2023-06-30,native_mse,20260911,-0.005346612292716438,,0,0
error16,3115,2023-11-24,2023-12-04,-0.0151084754586299,2023,2023-06-30,native_mse,20260911,-0.0050795091519552195,,0,0
error16,3120,2023-12-01,2023-12-11,-0.0295859857973478,2023,2023-06-30,native_mse,20260911,-0.004450775262686408,,0,0
error16,3125,2023-12-08,2023-12-18,-0.0144639658974852,2023,2023-06-30,native_mse,20260911,-0.0004924617529930889,,0,0
error16,3130,2023-12-15,2023-12-25,0.0003424256350643,2023,2023-06-30,native_mse,20260911,-0.004099079834338616,,0,1
error16,3135,2023-12-22,2024-01-02,0.0288079559683274,2023,2023-06-30,native_mse,20260911,-0.002713561899541175,,0,1
error16,3140,2023-12-29,2024-01-08,-0.0302544749829989,2023,2023-06-30,native_mse,20260911,-0.00327701392210938,,0,0
error16,3085,2023-10-13,2023-10-23,-0.0447156690429144,2023,2023-06-30,learned_market,20260912,0.44064253779458507,0.44064253779458507,0,0
error16,3090,2023-10-20,2023-10-30,0.0154019770298841,2023,2023-06-30,learned_market,20260912,0.37863350618247077,0.37863350618247077,0,1
error16,3095,2023-10-27,2023-11-06,0.0152527637017425,2023,2023-06-30,learned_market,20260912,0.5523208429964889,0.5523208429964889,1,1
error16,3100,2023-11-03,2023-11-13,-0.0039935482440582,2023,2023-06-30,learned_market,20260912,0.647175296211894,0.647175296211894,1,0
error16,3105,2023-11-10,2023-11-20,-0.0067280482816765,2023,2023-06-30,learned_market,20260912,0.6505114135912112,0.6505114135912112,1,0
error16,3110,2023-11-17,2023-11-27,-0.0098859017348651,2023,2023-06-30,learned_market,20260912,0.527006561386047,0.527006561386047,1,0
error16,3115,2023-11-24,2023-12-04,-0.0151084754586299,2023,2023-06-30,learned_market,20260912,0.5377591382734883,0.5377591382734883,1,0
error16,3120,2023-12-01,2023-12-11,-0.0295859857973478,2023,2023-06-30,learned_market,20260912,0.48644618989299543,0.48644618989299543,0,0
error16,3125,2023-12-08,2023-12-18,-0.0144639658974852,2023,2023-06-30,learned_market,20260912,0.6484444407078357,0.6484444407078357,1,0
error16,3130,2023-12-15,2023-12-25,0.0003424256350643,2023,2023-06-30,learned_market,20260912,0.6647396660541104,0.6647396660541104,1,1
error16,3135,2023-12-22,2024-01-02,0.0288079559683274,2023,2023-06-30,learned_market,20260912,0.45676553042630996,0.45676553042630996,0,1
error16,3140,2023-12-29,2024-01-08,-0.0302544749829989,2023,2023-06-30,learned_market,20260912,0.4745957052972795,0.4745957052972795,0,0
error16,3085,2023-10-13,2023-10-23,-0.0447156690429144,2023,2023-06-30,learned_vol_interaction,20260912,0.41274790901024444,0.41274790901024444,0,0
error16,3090,2023-10-20,2023-10-30,0.0154019770298841,2023,2023-06-30,learned_vol_interaction,20260912,0.3514885849675464,0.3514885849675464,0,1
error16,3095,2023-10-27,2023-11-06,0.0152527637017425,2023,2023-06-30,learned_vol_interaction,20260912,0.5396829276877031,0.5396829276877031,1,1
error16,3100,2023-11-03,2023-11-13,-0.0039935482440582,2023,2023-06-30,learned_vol_interaction,20260912,0.6386461161798431,0.6386461161798431,1,0
error16,3105,2023-11-10,2023-11-20,-0.0067280482816765,2023,2023-06-30,learned_vol_interaction,20260912,0.6386952749067365,0.6386952749067365,1,0
error16,3110,2023-11-17,2023-11-27,-0.0098859017348651,2023,2023-06-30,learned_vol_interaction,20260912,0.512812251992462,0.512812251992462,1,0
error16,3115,2023-11-24,2023-12-04,-0.0151084754586299,2023,2023-06-30,learned_vol_interaction,20260912,0.5251272363461407,0.5251272363461407,1,0
error16,3120,2023-12-01,2023-12-11,-0.0295859857973478,2023,2023-06-30,learned_vol_interaction,20260912,0.45536670964450965,0.45536670964450965,0,0
error16,3125,2023-12-08,2023-12-18,-0.0144639658974852,2023,2023-06-30,learned_vol_interaction,20260912,0.6396738916454288,0.6396738916454288,1,0
error16,3130,2023-12-15,2023-12-25,0.0003424256350643,2023,2023-06-30,learned_vol_interaction,20260912,0.6597330108189657,0.6597330108189657,1,1
error16,3135,2023-12-22,2024-01-02,0.0288079559683274,2023,2023-06-30,learned_vol_interaction,20260912,0.4249278630806442,0.4249278630806442,0,1
error16,3140,2023-12-29,2024-01-08,-0.0302544749829989,2023,2023-06-30,learned_vol_interaction,20260912,0.45851636911805865,0.45851636911805865,0,0
error16,3085,2023-10-13,2023-10-23,-0.0447156690429144,2023,2023-06-30,learned_order_extension,20260912,0.4526547495118281,0.4526547495118281,0,0
error16,3090,2023-10-20,2023-10-30,0.0154019770298841,2023,2023-06-30,learned_order_extension,20260912,0.29877190729038894,0.29877190729038894,0,1
error16,3095,2023-10-27,2023-11-06,0.0152527637017425,2023,2023-06-30,learned_order_extension,20260912,0.5645567227351965,0.5645567227351965,1,1
error16,3100,2023-11-03,2023-11-13,-0.0039935482440582,2023,2023-06-30,learned_order_extension,20260912,0.613168783555934,0.613168783555934,1,0
error16,3105,2023-11-10,2023-11-20,-0.0067280482816765,2023,2023-06-30,learned_order_extension,20260912,0.642136848084915,0.642136848084915,1,0
error16,3110,2023-11-17,2023-11-27,-0.0098859017348651,2023,2023-06-30,learned_order_extension,20260912,0.5061001738565095,0.5061001738565095,1,0
error16,3115,2023-11-24,2023-12-04,-0.0151084754586299,2023,2023-06-30,learned_order_extension,20260912,0.5202957639331152,0.5202957639331152,1,0
error16,3120,2023-12-01,2023-12-11,-0.0295859857973478,2023,2023-06-30,learned_order_extension,20260912,0.4953102003337329,0.4953102003337329,0,0
error16,3125,2023-12-08,2023-12-18,-0.0144639658974852,2023,2023-06-30,learned_order_extension,20260912,0.6651198549681906,0.6651198549681906,1,0
error16,3130,2023-12-15,2023-12-25,0.0003424256350643,2023,2023-06-30,learned_order_extension,20260912,0.6647739874094644,0.6647739874094644,1,1
error16,3135,2023-12-22,2024-01-02,0.0288079559683274,2023,2023-06-30,learned_order_extension,20260912,0.4665283482074017,0.4665283482074017,0,1
error16,3140,2023-12-29,2024-01-08,-0.0302544749829989,2023,2023-06-30,learned_order_extension,20260912,0.4892975914109069,0.4892975914109069,0,0
error16,3085,2023-10-13,2023-10-23,-0.0447156690429144,2023,2023-06-30,learned_order_offset,20260912,0.46371732923317216,0.46371732923317216,0,0
error16,3090,2023-10-20,2023-10-30,0.0154019770298841,2023,2023-06-30,learned_order_offset,20260912,0.3056856096830646,0.3056856096830646,0,1
error16,3095,2023-10-27,2023-11-06,0.0152527637017425,2023,2023-06-30,learned_order_offset,20260912,0.5678489818582649,0.5678489818582649,1,1
error16,3100,2023-11-03,2023-11-13,-0.0039935482440582,2023,2023-06-30,learned_order_offset,20260912,0.6121333394922193,0.6121333394922193,1,0
error16,3105,2023-11-10,2023-11-20,-0.0067280482816765,2023,2023-06-30,learned_order_offset,20260912,0.6426764208067596,0.6426764208067596,1,0
error16,3110,2023-11-17,2023-11-27,-0.0098859017348651,2023,2023-06-30,learned_order_offset,20260912,0.5053275095288712,0.5053275095288712,1,0
error16,3115,2023-11-24,2023-12-04,-0.0151084754586299,2023,2023-06-30,learned_order_offset,20260912,0.5205348439420399,0.5205348439420399,1,0
error16,3120,2023-12-01,2023-12-11,-0.0295859857973478,2023,2023-06-30,learned_order_offset,20260912,0.4997576887490322,0.4997576887490322,0,0
error16,3125,2023-12-08,2023-12-18,-0.0144639658974852,2023,2023-06-30,learned_order_offset,20260912,0.6664694545768222,0.6664694545768222,1,0
error16,3130,2023-12-15,2023-12-25,0.0003424256350643,2023,2023-06-30,learned_order_offset,20260912,0.66461191891215,0.66461191891215,1,1
error16,3135,2023-12-22,2024-01-02,0.0288079559683274,2023,2023-06-30,learned_order_offset,20260912,0.4703319038112614,0.4703319038112614,0,1
error16,3140,2023-12-29,2024-01-08,-0.0302544749829989,2023,2023-06-30,learned_order_offset,20260912,0.48845710045987467,0.48845710045987467,0,0
error16,3085,2023-10-13,2023-10-23,-0.0447156690429144,2023,2023-06-30,native_mse,20260912,0.0007026503314582272,,1,0
error16,3090,2023-10-20,2023-10-30,0.0154019770298841,2023,2023-06-30,native_mse,20260912,0.0007247284634194292,,1,1
error16,3095,2023-10-27,2023-11-06,0.0152527637017425,2023,2023-06-30,native_mse,20260912,0.0011190779535319982,,1,1
error16,3100,2023-11-03,2023-11-13,-0.0039935482440582,2023,2023-06-30,native_mse,20260912,0.0011534839697860697,,1,0
error16,3105,2023-11-10,2023-11-20,-0.0067280482816765,2023,2023-06-30,native_mse,20260912,0.0015092851200701309,,1,0
error16,3110,2023-11-17,2023-11-27,-0.0098859017348651,2023,2023-06-30,native_mse,20260912,0.0009332032960086154,,1,0
error16,3115,2023-11-24,2023-12-04,-0.0151084754586299,2023,2023-06-30,native_mse,20260912,0.0010727555766095532,,1,0
error16,3120,2023-12-01,2023-12-11,-0.0295859857973478,2023,2023-06-30,native_mse,20260912,0.0011193359514131776,,1,0
error16,3125,2023-12-08,2023-12-18,-0.0144639658974852,2023,2023-06-30,native_mse,20260912,0.0013362371268639955,,1,0
error16,3130,2023-12-15,2023-12-25,0.0003424256350643,2023,2023-06-30,native_mse,20260912,0.0015124048076361847,,1,1
error16,3135,2023-12-22,2024-01-02,0.0288079559683274,2023,2023-06-30,native_mse,20260912,0.0009679799600880877,,1,1
error16,3140,2023-12-29,2024-01-08,-0.0302544749829989,2023,2023-06-30,native_mse,20260912,0.0008143721740539434,,1,0
error16,3567,2025-10-10,2025-10-20,0.015001547584321,2025,2025-06-30,learned_market,20260910,0.6168405166388978,0.6168405166388978,1,1
error16,3572,2025-10-17,2025-10-27,0.0309637052897611,2025,2025-06-30,learned_market,20260910,0.3715799584971706,0.3715799584971706,0,1
error16,3577,2025-10-24,2025-11-03,-0.013331545863497,2025,2025-06-30,learned_market,20260910,0.2869404726198342,0.2869404726198342,0,0
error16,3582,2025-10-31,2025-11-10,0.0110832418536339,2025,2025-06-30,learned_market,20260910,0.601382131105341,0.601382131105341,1,1
error16,3587,2025-11-07,2025-11-17,-0.0152107881197579,2025,2025-06-30,learned_market,20260910,0.6586789947789976,0.6586789947789976,1,0
error16,3592,2025-11-14,2025-11-24,-0.031114557454173,2025,2025-06-30,learned_market,20260910,0.36727374844187477,0.36727374844187477,0,0
error16,3597,2025-11-21,2025-12-01,0.0147613767448515,2025,2025-06-30,learned_market,20260910,0.3352540592948626,0.3352540592948626,0,1
error16,3602,2025-11-28,2025-12-08,0.0118853804313106,2025,2025-06-30,learned_market,20260910,0.43367689330870896,0.43367689330870896,0,1
error16,3607,2025-12-05,2025-12-15,-0.0093922675990717,2025,2025-06-30,learned_market,20260910,0.43817036799214165,0.43817036799214165,0,0
error16,3612,2025-12-12,2025-12-22,0.0082791208791208,2025,2025-06-30,learned_market,20260910,0.3710675093163344,0.3710675093163344,0,1
error16,3617,2025-12-19,2025-12-29,0.0153890755001995,2025,2025-06-30,learned_market,20260910,0.5009060535854833,0.5009060535854833,1,1
error16,3622,2025-12-26,2026-01-12,0.0239101640737868,2025,2025-06-30,learned_market,20260910,0.5285432379480532,0.5285432379480532,1,1
error16,3567,2025-10-10,2025-10-20,0.015001547584321,2025,2025-06-30,learned_vol_interaction,20260910,0.6165786688032108,0.6165786688032108,1,1
error16,3572,2025-10-17,2025-10-27,0.0309637052897611,2025,2025-06-30,learned_vol_interaction,20260910,0.3722309905311572,0.3722309905311572,0,1
error16,3577,2025-10-24,2025-11-03,-0.013331545863497,2025,2025-06-30,learned_vol_interaction,20260910,0.2866279792801676,0.2866279792801676,0,0
error16,3582,2025-10-31,2025-11-10,0.0110832418536339,2025,2025-06-30,learned_vol_interaction,20260910,0.6030595925904777,0.6030595925904777,1,1
error16,3587,2025-11-07,2025-11-17,-0.0152107881197579,2025,2025-06-30,learned_vol_interaction,20260910,0.659077545526277,0.659077545526277,1,0
error16,3592,2025-11-14,2025-11-24,-0.031114557454173,2025,2025-06-30,learned_vol_interaction,20260910,0.3703336541538863,0.3703336541538863,0,0
error16,3597,2025-11-21,2025-12-01,0.0147613767448515,2025,2025-06-30,learned_vol_interaction,20260910,0.3361103534823248,0.3361103534823248,0,1
error16,3602,2025-11-28,2025-12-08,0.0118853804313106,2025,2025-06-30,learned_vol_interaction,20260910,0.43510646741474884,0.43510646741474884,0,1
error16,3607,2025-12-05,2025-12-15,-0.0093922675990717,2025,2025-06-30,learned_vol_interaction,20260910,0.43937378446135156,0.43937378446135156,0,0
error16,3612,2025-12-12,2025-12-22,0.0082791208791208,2025,2025-06-30,learned_vol_interaction,20260910,0.3724978277246981,0.3724978277246981,0,1
error16,3617,2025-12-19,2025-12-29,0.0153890755001995,2025,2025-06-30,learned_vol_interaction,20260910,0.5003611546612478,0.5003611546612478,1,1
error16,3622,2025-12-26,2026-01-12,0.0239101640737868,2025,2025-06-30,learned_vol_interaction,20260910,0.5273020187545489,0.5273020187545489,1,1
error16,3567,2025-10-10,2025-10-20,0.015001547584321,2025,2025-06-30,learned_order_extension,20260910,0.6131786626720404,0.6131786626720404,1,1
error16,3572,2025-10-17,2025-10-27,0.0309637052897611,2025,2025-06-30,learned_order_extension,20260910,0.374331860396649,0.374331860396649,0,1
error16,3577,2025-10-24,2025-11-03,-0.013331545863497,2025,2025-06-30,learned_order_extension,20260910,0.30098946830685175,0.30098946830685175,0,0
error16,3582,2025-10-31,2025-11-10,0.0110832418536339,2025,2025-06-30,learned_order_extension,20260910,0.599038118597082,0.599038118597082,1,1
error16,3587,2025-11-07,2025-11-17,-0.0152107881197579,2025,2025-06-30,learned_order_extension,20260910,0.6455698888599878,0.6455698888599878,1,0
error16,3592,2025-11-14,2025-11-24,-0.031114557454173,2025,2025-06-30,learned_order_extension,20260910,0.3901490765197214,0.3901490765197214,0,0
error16,3597,2025-11-21,2025-12-01,0.0147613767448515,2025,2025-06-30,learned_order_extension,20260910,0.35227088449315647,0.35227088449315647,0,1
error16,3602,2025-11-28,2025-12-08,0.0118853804313106,2025,2025-06-30,learned_order_extension,20260910,0.44125435400448504,0.44125435400448504,0,1
error16,3607,2025-12-05,2025-12-15,-0.0093922675990717,2025,2025-06-30,learned_order_extension,20260910,0.449044615626534,0.449044615626534,0,0
error16,3612,2025-12-12,2025-12-22,0.0082791208791208,2025,2025-06-30,learned_order_extension,20260910,0.3779907121214445,0.3779907121214445,0,1
error16,3617,2025-12-19,2025-12-29,0.0153890755001995,2025,2025-06-30,learned_order_extension,20260910,0.49599086607543647,0.49599086607543647,0,1
error16,3622,2025-12-26,2026-01-12,0.0239101640737868,2025,2025-06-30,learned_order_extension,20260910,0.5261145401182815,0.5261145401182815,1,1
error16,3567,2025-10-10,2025-10-20,0.015001547584321,2025,2025-06-30,learned_order_offset,20260910,0.6129276642004096,0.6129276642004096,1,1
error16,3572,2025-10-17,2025-10-27,0.0309637052897611,2025,2025-06-30,learned_order_offset,20260910,0.3745549489937569,0.3745549489937569,0,1
error16,3577,2025-10-24,2025-11-03,-0.013331545863497,2025,2025-06-30,learned_order_offset,20260910,0.30127087048267304,0.30127087048267304,0,0
error16,3582,2025-10-31,2025-11-10,0.0110832418536339,2025,2025-06-30,learned_order_offset,20260910,0.5985507546773466,0.5985507546773466,1,1
error16,3587,2025-11-07,2025-11-17,-0.0152107881197579,2025,2025-06-30,learned_order_offset,20260910,0.6450905880997443,0.6450905880997443,1,0
error16,3592,2025-11-14,2025-11-24,-0.031114557454173,2025,2025-06-30,learned_order_offset,20260910,0.39035830195137616,0.39035830195137616,0,0
error16,3597,2025-11-21,2025-12-01,0.0147613767448515,2025,2025-06-30,learned_order_offset,20260910,0.35243727917650974,0.35243727917650974,0,1
error16,3602,2025-11-28,2025-12-08,0.0118853804313106,2025,2025-06-30,learned_order_offset,20260910,0.44113377888121597,0.44113377888121597,0,1
error16,3607,2025-12-05,2025-12-15,-0.0093922675990717,2025,2025-06-30,learned_order_offset,20260910,0.449227522287951,0.449227522287951,0,0
error16,3612,2025-12-12,2025-12-22,0.0082791208791208,2025,2025-06-30,learned_order_offset,20260910,0.3781423177567723,0.3781423177567723,0,1
error16,3617,2025-12-19,2025-12-29,0.0153890755001995,2025,2025-06-30,learned_order_offset,20260910,0.49584585995825026,0.49584585995825026,0,1
error16,3622,2025-12-26,2026-01-12,0.0239101640737868,2025,2025-06-30,learned_order_offset,20260910,0.5260403534978441,0.5260403534978441,1,1
error16,3567,2025-10-10,2025-10-20,0.015001547584321,2025,2025-06-30,native_mse,20260910,0.00024209670808034183,,1,1
error16,3572,2025-10-17,2025-10-27,0.0309637052897611,2025,2025-06-30,native_mse,20260910,-0.0020029321199350972,,0,1
error16,3577,2025-10-24,2025-11-03,-0.013331545863497,2025,2025-06-30,native_mse,20260910,-0.00254209532423824,,0,0
error16,3582,2025-10-31,2025-11-10,0.0110832418536339,2025,2025-06-30,native_mse,20260910,0.000153602197857056,,1,1
error16,3587,2025-11-07,2025-11-17,-0.0152107881197579,2025,2025-06-30,native_mse,20260910,0.0007196732864856627,,1,0
error16,3592,2025-11-14,2025-11-24,-0.031114557454173,2025,2025-06-30,native_mse,20260910,-0.0020189662028681646,,0,0
error16,3597,2025-11-21,2025-12-01,0.0147613767448515,2025,2025-06-30,native_mse,20260910,-0.001982392006159717,,0,1
error16,3602,2025-11-28,2025-12-08,0.0118853804313106,2025,2025-06-30,native_mse,20260910,-0.0015705471499886789,,0,1
error16,3607,2025-12-05,2025-12-15,-0.0093922675990717,2025,2025-06-30,native_mse,20260910,-0.0021659361199689886,,0,0
error16,3612,2025-12-12,2025-12-22,0.0082791208791208,2025,2025-06-30,native_mse,20260910,-0.0021623018163884726,,0,1
error16,3617,2025-12-19,2025-12-29,0.0153890755001995,2025,2025-06-30,native_mse,20260910,-0.0011046998718423485,,0,1
error16,3622,2025-12-26,2026-01-12,0.0239101640737868,2025,2025-06-30,native_mse,20260910,-0.0007062120025455396,,0,1
error16,3567,2025-10-10,2025-10-20,0.015001547584321,2025,2025-06-30,training_frequency,-1,0.4701492537313433,0.4701492537313433,0,1
error16,3572,2025-10-17,2025-10-27,0.0309637052897611,2025,2025-06-30,training_frequency,-1,0.4701492537313433,0.4701492537313433,0,1
error16,3577,2025-10-24,2025-11-03,-0.013331545863497,2025,2025-06-30,training_frequency,-1,0.4701492537313433,0.4701492537313433,0,0
error16,3582,2025-10-31,2025-11-10,0.0110832418536339,2025,2025-06-30,training_frequency,-1,0.4701492537313433,0.4701492537313433,0,1
error16,3587,2025-11-07,2025-11-17,-0.0152107881197579,2025,2025-06-30,training_frequency,-1,0.4701492537313433,0.4701492537313433,0,0
error16,3592,2025-11-14,2025-11-24,-0.031114557454173,2025,2025-06-30,training_frequency,-1,0.4701492537313433,0.4701492537313433,0,0
error16,3597,2025-11-21,2025-12-01,0.0147613767448515,2025,2025-06-30,training_frequency,-1,0.4701492537313433,0.4701492537313433,0,1
error16,3602,2025-11-28,2025-12-08,0.0118853804313106,2025,2025-06-30,training_frequency,-1,0.4701492537313433,0.4701492537313433,0,1
error16,3607,2025-12-05,2025-12-15,-0.0093922675990717,2025,2025-06-30,training_frequency,-1,0.4701492537313433,0.4701492537313433,0,0
error16,3612,2025-12-12,2025-12-22,0.0082791208791208,2025,2025-06-30,training_frequency,-1,0.4701492537313433,0.4701492537313433,0,1
error16,3617,2025-12-19,2025-12-29,0.0153890755001995,2025,2025-06-30,training_frequency,-1,0.4701492537313433,0.4701492537313433,0,1
error16,3622,2025-12-26,2026-01-12,0.0239101640737868,2025,2025-06-30,training_frequency,-1,0.4701492537313433,0.4701492537313433,0,1
error16,3567,2025-10-10,2025-10-20,0.015001547584321,2025,2025-06-30,learned_market,20260911,0.4494783930130317,0.4494783930130317,0,1
error16,3572,2025-10-17,2025-10-27,0.0309637052897611,2025,2025-06-30,learned_market,20260911,0.45117880778990727,0.45117880778990727,0,1
error16,3577,2025-10-24,2025-11-03,-0.013331545863497,2025,2025-06-30,learned_market,20260911,0.4276872054589262,0.4276872054589262,0,0
error16,3582,2025-10-31,2025-11-10,0.0110832418536339,2025,2025-06-30,learned_market,20260911,0.5258020100382215,0.5258020100382215,1,1
error16,3587,2025-11-07,2025-11-17,-0.0152107881197579,2025,2025-06-30,learned_market,20260911,0.4658727051201415,0.4658727051201415,0,0
error16,3592,2025-11-14,2025-11-24,-0.031114557454173,2025,2025-06-30,learned_market,20260911,0.44088958988599786,0.44088958988599786,0,0
error16,3597,2025-11-21,2025-12-01,0.0147613767448515,2025,2025-06-30,learned_market,20260911,0.4625847530169805,0.4625847530169805,0,1
error16,3602,2025-11-28,2025-12-08,0.0118853804313106,2025,2025-06-30,learned_market,20260911,0.3640068429298189,0.3640068429298189,0,1
error16,3607,2025-12-05,2025-12-15,-0.0093922675990717,2025,2025-06-30,learned_market,20260911,0.43969774905976483,0.43969774905976483,0,0
error16,3612,2025-12-12,2025-12-22,0.0082791208791208,2025,2025-06-30,learned_market,20260911,0.506080992192461,0.506080992192461,1,1
error16,3617,2025-12-19,2025-12-29,0.0153890755001995,2025,2025-06-30,learned_market,20260911,0.540731772212327,0.540731772212327,1,1
error16,3622,2025-12-26,2026-01-12,0.0239101640737868,2025,2025-06-30,learned_market,20260911,0.48993691430984293,0.48993691430984293,0,1
error16,3567,2025-10-10,2025-10-20,0.015001547584321,2025,2025-06-30,learned_vol_interaction,20260911,0.4594043526678969,0.4594043526678969,0,1
error16,3572,2025-10-17,2025-10-27,0.0309637052897611,2025,2025-06-30,learned_vol_interaction,20260911,0.45178539379543714,0.45178539379543714,0,1
error16,3577,2025-10-24,2025-11-03,-0.013331545863497,2025,2025-06-30,learned_vol_interaction,20260911,0.4370519447767747,0.4370519447767747,0,0
error16,3582,2025-10-31,2025-11-10,0.0110832418536339,2025,2025-06-30,learned_vol_interaction,20260911,0.5296775446601871,0.5296775446601871,1,1
error16,3587,2025-11-07,2025-11-17,-0.0152107881197579,2025,2025-06-30,learned_vol_interaction,20260911,0.46776991630031967,0.46776991630031967,0,0
error16,3592,2025-11-14,2025-11-24,-0.031114557454173,2025,2025-06-30,learned_vol_interaction,20260911,0.45762404346945523,0.45762404346945523,0,0
error16,3597,2025-11-21,2025-12-01,0.0147613767448515,2025,2025-06-30,learned_vol_interaction,20260911,0.48031349381301774,0.48031349381301774,0,1
error16,3602,2025-11-28,2025-12-08,0.0118853804313106,2025,2025-06-30,learned_vol_interaction,20260911,0.34736960132819483,0.34736960132819483,0,1
error16,3607,2025-12-05,2025-12-15,-0.0093922675990717,2025,2025-06-30,learned_vol_interaction,20260911,0.4490617155094526,0.4490617155094526,0,0
error16,3612,2025-12-12,2025-12-22,0.0082791208791208,2025,2025-06-30,learned_vol_interaction,20260911,0.522868008593101,0.522868008593101,1,1
error16,3617,2025-12-19,2025-12-29,0.0153890755001995,2025,2025-06-30,learned_vol_interaction,20260911,0.5595557746358748,0.5595557746358748,1,1
error16,3622,2025-12-26,2026-01-12,0.0239101640737868,2025,2025-06-30,learned_vol_interaction,20260911,0.5028904131265327,0.5028904131265327,1,1
error16,3567,2025-10-10,2025-10-20,0.015001547584321,2025,2025-06-30,learned_order_extension,20260911,0.4600345735360425,0.4600345735360425,0,1
error16,3572,2025-10-17,2025-10-27,0.0309637052897611,2025,2025-06-30,learned_order_extension,20260911,0.45067887183286753,0.45067887183286753,0,1
error16,3577,2025-10-24,2025-11-03,-0.013331545863497,2025,2025-06-30,learned_order_extension,20260911,0.435478885308109,0.435478885308109,0,0
error16,3582,2025-10-31,2025-11-10,0.0110832418536339,2025,2025-06-30,learned_order_extension,20260911,0.5594890159148108,0.5594890159148108,1,1
error16,3587,2025-11-07,2025-11-17,-0.0152107881197579,2025,2025-06-30,learned_order_extension,20260911,0.4791866195374602,0.4791866195374602,0,0
error16,3592,2025-11-14,2025-11-24,-0.031114557454173,2025,2025-06-30,learned_order_extension,20260911,0.45186981712166585,0.45186981712166585,0,0
error16,3597,2025-11-21,2025-12-01,0.0147613767448515,2025,2025-06-30,learned_order_extension,20260911,0.49379120219159667,0.49379120219159667,0,1
error16,3602,2025-11-28,2025-12-08,0.0118853804313106,2025,2025-06-30,learned_order_extension,20260911,0.31638945564500315,0.31638945564500315,0,1
error16,3607,2025-12-05,2025-12-15,-0.0093922675990717,2025,2025-06-30,learned_order_extension,20260911,0.4643707756755697,0.4643707756755697,0,0
error16,3612,2025-12-12,2025-12-22,0.0082791208791208,2025,2025-06-30,learned_order_extension,20260911,0.5593322717545577,0.5593322717545577,1,1
error16,3617,2025-12-19,2025-12-29,0.0153890755001995,2025,2025-06-30,learned_order_extension,20260911,0.5972280114643208,0.5972280114643208,1,1
error16,3622,2025-12-26,2026-01-12,0.0239101640737868,2025,2025-06-30,learned_order_extension,20260911,0.5219733654198525,0.5219733654198525,1,1
error16,3567,2025-10-10,2025-10-20,0.015001547584321,2025,2025-06-30,learned_order_offset,20260911,0.4594742342359141,0.4594742342359141,0,1
error16,3572,2025-10-17,2025-10-27,0.0309637052897611,2025,2025-06-30,learned_order_offset,20260911,0.45040989874792303,0.45040989874792303,0,1
error16,3577,2025-10-24,2025-11-03,-0.013331545863497,2025,2025-06-30,learned_order_offset,20260911,0.43509171107061806,0.43509171107061806,0,0
error16,3582,2025-10-31,2025-11-10,0.0110832418536339,2025,2025-06-30,learned_order_offset,20260911,0.5585464977482191,0.5585464977482191,1,1
error16,3587,2025-11-07,2025-11-17,-0.0152107881197579,2025,2025-06-30,learned_order_offset,20260911,0.4790295172674047,0.4790295172674047,0,0
error16,3592,2025-11-14,2025-11-24,-0.031114557454173,2025,2025-06-30,learned_order_offset,20260911,0.451329802544431,0.451329802544431,0,0
error16,3597,2025-11-21,2025-12-01,0.0147613767448515,2025,2025-06-30,learned_order_offset,20260911,0.4930309556066596,0.4930309556066596,0,1
error16,3602,2025-11-28,2025-12-08,0.0118853804313106,2025,2025-06-30,learned_order_offset,20260911,0.3166568185165159,0.3166568185165159,0,1
error16,3607,2025-12-05,2025-12-15,-0.0093922675990717,2025,2025-06-30,learned_order_offset,20260911,0.4646458466100751,0.4646458466100751,0,0
error16,3612,2025-12-12,2025-12-22,0.0082791208791208,2025,2025-06-30,learned_order_offset,20260911,0.5590889406004477,0.5590889406004477,1,1
error16,3617,2025-12-19,2025-12-29,0.0153890755001995,2025,2025-06-30,learned_order_offset,20260911,0.5969023952676316,0.5969023952676316,1,1
error16,3622,2025-12-26,2026-01-12,0.0239101640737868,2025,2025-06-30,learned_order_offset,20260911,0.5215220473110597,0.5215220473110597,1,1
error16,3567,2025-10-10,2025-10-20,0.015001547584321,2025,2025-06-30,native_mse,20260911,-0.001005220130602178,,0,1
error16,3572,2025-10-17,2025-10-27,0.0309637052897611,2025,2025-06-30,native_mse,20260911,-0.0006795592468027478,,0,1
error16,3577,2025-10-24,2025-11-03,-0.013331545863497,2025,2025-06-30,native_mse,20260911,-0.0007249628688009612,,0,0
error16,3582,2025-10-31,2025-11-10,0.0110832418536339,2025,2025-06-30,native_mse,20260911,-8.791068214788924e-06,,0,1
error16,3587,2025-11-07,2025-11-17,-0.0152107881197579,2025,2025-06-30,native_mse,20260911,-0.000807803523965446,,0,0
error16,3592,2025-11-14,2025-11-24,-0.031114557454173,2025,2025-06-30,native_mse,20260911,-0.0007547241388315031,,0,0
error16,3597,2025-11-21,2025-12-01,0.0147613767448515,2025,2025-06-30,native_mse,20260911,-0.002519959364708836,,0,1
error16,3602,2025-11-28,2025-12-08,0.0118853804313106,2025,2025-06-30,native_mse,20260911,-0.003950535141985252,,0,1
error16,3607,2025-12-05,2025-12-15,-0.0093922675990717,2025,2025-06-30,native_mse,20260911,-0.00312681286573465,,0,0
error16,3612,2025-12-12,2025-12-22,0.0082791208791208,2025,2025-06-30,native_mse,20260911,-0.002969990866650969,,0,1
error16,3617,2025-12-19,2025-12-29,0.0153890755001995,2025,2025-06-30,native_mse,20260911,-0.0032104834720940723,,0,1
error16,3622,2025-12-26,2026-01-12,0.0239101640737868,2025,2025-06-30,native_mse,20260911,-0.0022889674938144913,,0,1
error16,3567,2025-10-10,2025-10-20,0.015001547584321,2025,2025-06-30,learned_market,20260912,0.37729959139625274,0.37729959139625274,0,1
error16,3572,2025-10-17,2025-10-27,0.0309637052897611,2025,2025-06-30,learned_market,20260912,0.4196311603414223,0.4196311603414223,0,1
error16,3577,2025-10-24,2025-11-03,-0.013331545863497,2025,2025-06-30,learned_market,20260912,0.5576999779625814,0.5576999779625814,1,0
error16,3582,2025-10-31,2025-11-10,0.0110832418536339,2025,2025-06-30,learned_market,20260912,0.5487803234083933,0.5487803234083933,1,1
error16,3587,2025-11-07,2025-11-17,-0.0152107881197579,2025,2025-06-30,learned_market,20260912,0.5881525347415794,0.5881525347415794,1,0
error16,3592,2025-11-14,2025-11-24,-0.031114557454173,2025,2025-06-30,learned_market,20260912,0.5116945384852363,0.5116945384852363,1,0
error16,3597,2025-11-21,2025-12-01,0.0147613767448515,2025,2025-06-30,learned_market,20260912,0.5338128045096804,0.5338128045096804,1,1
error16,3602,2025-11-28,2025-12-08,0.0118853804313106,2025,2025-06-30,learned_market,20260912,0.4506805814599746,0.4506805814599746,0,1
error16,3607,2025-12-05,2025-12-15,-0.0093922675990717,2025,2025-06-30,learned_market,20260912,0.6278602926725896,0.6278602926725896,1,0
error16,3612,2025-12-12,2025-12-22,0.0082791208791208,2025,2025-06-30,learned_market,20260912,0.5282644619489523,0.5282644619489523,1,1
error16,3617,2025-12-19,2025-12-29,0.0153890755001995,2025,2025-06-30,learned_market,20260912,0.5952582145397508,0.5952582145397508,1,1
error16,3622,2025-12-26,2026-01-12,0.0239101640737868,2025,2025-06-30,learned_market,20260912,0.539669673513306,0.539669673513306,1,1
error16,3567,2025-10-10,2025-10-20,0.015001547584321,2025,2025-06-30,learned_vol_interaction,20260912,0.3756127929057528,0.3756127929057528,0,1
error16,3572,2025-10-17,2025-10-27,0.0309637052897611,2025,2025-06-30,learned_vol_interaction,20260912,0.41821029014299965,0.41821029014299965,0,1
error16,3577,2025-10-24,2025-11-03,-0.013331545863497,2025,2025-06-30,learned_vol_interaction,20260912,0.5562979832464534,0.5562979832464534,1,0
error16,3582,2025-10-31,2025-11-10,0.0110832418536339,2025,2025-06-30,learned_vol_interaction,20260912,0.543454842980426,0.543454842980426,1,1
error16,3587,2025-11-07,2025-11-17,-0.0152107881197579,2025,2025-06-30,learned_vol_interaction,20260912,0.5865120507311679,0.5865120507311679,1,0
error16,3592,2025-11-14,2025-11-24,-0.031114557454173,2025,2025-06-30,learned_vol_interaction,20260912,0.5109570682810282,0.5109570682810282,1,0
error16,3597,2025-11-21,2025-12-01,0.0147613767448515,2025,2025-06-30,learned_vol_interaction,20260912,0.5331456017785868,0.5331456017785868,1,1
error16,3602,2025-11-28,2025-12-08,0.0118853804313106,2025,2025-06-30,learned_vol_interaction,20260912,0.45367977801941767,0.45367977801941767,0,1
error16,3607,2025-12-05,2025-12-15,-0.0093922675990717,2025,2025-06-30,learned_vol_interaction,20260912,0.6328516586120668,0.6328516586120668,1,0
error16,3612,2025-12-12,2025-12-22,0.0082791208791208,2025,2025-06-30,learned_vol_interaction,20260912,0.5324216704880539,0.5324216704880539,1,1
error16,3617,2025-12-19,2025-12-29,0.0153890755001995,2025,2025-06-30,learned_vol_interaction,20260912,0.6041547947772249,0.6041547947772249,1,1
error16,3622,2025-12-26,2026-01-12,0.0239101640737868,2025,2025-06-30,learned_vol_interaction,20260912,0.543369840450412,0.543369840450412,1,1
error16,3567,2025-10-10,2025-10-20,0.015001547584321,2025,2025-06-30,learned_order_extension,20260912,0.3922955503039243,0.3922955503039243,0,1
error16,3572,2025-10-17,2025-10-27,0.0309637052897611,2025,2025-06-30,learned_order_extension,20260912,0.42497994770405867,0.42497994770405867,0,1
error16,3577,2025-10-24,2025-11-03,-0.013331545863497,2025,2025-06-30,learned_order_extension,20260912,0.5512001002967444,0.5512001002967444,1,0
error16,3582,2025-10-31,2025-11-10,0.0110832418536339,2025,2025-06-30,learned_order_extension,20260912,0.5386624384317513,0.5386624384317513,1,1
error16,3587,2025-11-07,2025-11-17,-0.0152107881197579,2025,2025-06-30,learned_order_extension,20260912,0.5459025684001272,0.5459025684001272,1,0
error16,3592,2025-11-14,2025-11-24,-0.031114557454173,2025,2025-06-30,learned_order_extension,20260912,0.4800204067684498,0.4800204067684498,0,0
error16,3597,2025-11-21,2025-12-01,0.0147613767448515,2025,2025-06-30,learned_order_extension,20260912,0.5033072182398755,0.5033072182398755,1,1
error16,3602,2025-11-28,2025-12-08,0.0118853804313106,2025,2025-06-30,learned_order_extension,20260912,0.4357809055666404,0.4357809055666404,0,1
error16,3607,2025-12-05,2025-12-15,-0.0093922675990717,2025,2025-06-30,learned_order_extension,20260912,0.5466326080843712,0.5466326080843712,1,0
error16,3612,2025-12-12,2025-12-22,0.0082791208791208,2025,2025-06-30,learned_order_extension,20260912,0.48813648770967494,0.48813648770967494,0,1
error16,3617,2025-12-19,2025-12-29,0.0153890755001995,2025,2025-06-30,learned_order_extension,20260912,0.5482388918638806,0.5482388918638806,1,1
error16,3622,2025-12-26,2026-01-12,0.0239101640737868,2025,2025-06-30,learned_order_extension,20260912,0.538829915589225,0.538829915589225,1,1
error16,3567,2025-10-10,2025-10-20,0.015001547584321,2025,2025-06-30,learned_order_offset,20260912,0.39281089018214355,0.39281089018214355,0,1
error16,3572,2025-10-17,2025-10-27,0.0309637052897611,2025,2025-06-30,learned_order_offset,20260912,0.42578416826396837,0.42578416826396837,0,1
error16,3577,2025-10-24,2025-11-03,-0.013331545863497,2025,2025-06-30,learned_order_offset,20260912,0.5512748415980555,0.5512748415980555,1,0
error16,3582,2025-10-31,2025-11-10,0.0110832418536339,2025,2025-06-30,learned_order_offset,20260912,0.5394217601621173,0.5394217601621173,1,1
error16,3587,2025-11-07,2025-11-17,-0.0152107881197579,2025,2025-06-30,learned_order_offset,20260912,0.5458243811077615,0.5458243811077615,1,0
error16,3592,2025-11-14,2025-11-24,-0.031114557454173,2025,2025-06-30,learned_order_offset,20260912,0.4801934991445588,0.4801934991445588,0,0
error16,3597,2025-11-21,2025-12-01,0.0147613767448515,2025,2025-06-30,learned_order_offset,20260912,0.5033389216277538,0.5033389216277538,1,1
error16,3602,2025-11-28,2025-12-08,0.0118853804313106,2025,2025-06-30,learned_order_offset,20260912,0.4357192713891946,0.4357192713891946,0,1
error16,3607,2025-12-05,2025-12-15,-0.0093922675990717,2025,2025-06-30,learned_order_offset,20260912,0.5457829010904769,0.5457829010904769,1,0
error16,3612,2025-12-12,2025-12-22,0.0082791208791208,2025,2025-06-30,learned_order_offset,20260912,0.4882984423020156,0.4882984423020156,0,1
error16,3617,2025-12-19,2025-12-29,0.0153890755001995,2025,2025-06-30,learned_order_offset,20260912,0.5472729519360885,0.5472729519360885,1,1
error16,3622,2025-12-26,2026-01-12,0.0239101640737868,2025,2025-06-30,learned_order_offset,20260912,0.5389152148423325,0.5389152148423325,1,1
error16,3567,2025-10-10,2025-10-20,0.015001547584321,2025,2025-06-30,native_mse,20260912,-0.0008962909108337418,,0,1
error16,3572,2025-10-17,2025-10-27,0.0309637052897611,2025,2025-06-30,native_mse,20260912,-0.0009049841354337347,,0,1
error16,3577,2025-10-24,2025-11-03,-0.013331545863497,2025,2025-06-30,native_mse,20260912,-0.000887439954801825,,0,0
error16,3582,2025-10-31,2025-11-10,0.0110832418536339,2025,2025-06-30,native_mse,20260912,-0.0008911402967034147,,0,1
error16,3587,2025-11-07,2025-11-17,-0.0152107881197579,2025,2025-06-30,native_mse,20260912,-0.0008824932400132072,,0,0
error16,3592,2025-11-14,2025-11-24,-0.031114557454173,2025,2025-06-30,native_mse,20260912,-0.0008910190925504627,,0,0
error16,3597,2025-11-21,2025-12-01,0.0147613767448515,2025,2025-06-30,native_mse,20260912,-0.0008844999908761341,,0,1
error16,3602,2025-11-28,2025-12-08,0.0118853804313106,2025,2025-06-30,native_mse,20260912,-0.0008952934804579467,,0,1
error16,3607,2025-12-05,2025-12-15,-0.0093922675990717,2025,2025-06-30,native_mse,20260912,-0.000874680258565563,,0,0
error16,3612,2025-12-12,2025-12-22,0.0082791208791208,2025,2025-06-30,native_mse,20260912,-0.0008918187293173971,,0,1
error16,3617,2025-12-19,2025-12-29,0.0153890755001995,2025,2025-06-30,native_mse,20260912,-0.000863120285275003,,0,1
error16,3622,2025-12-26,2026-01-12,0.0239101640737868,2025,2025-06-30,native_mse,20260912,-0.0008624029687834055,,0,1
shadow_trial,2418,2021-01-08,2021-01-18,-0.0120052904669853,2021,2020-12-31,learned_market,20260910,0.5528369602637446,0.5528369602637446,1,0
shadow_trial,2423,2021-01-15,2021-01-25,0.0231622460538123,2021,2020-12-31,learned_market,20260910,0.49674166213102977,0.49674166213102977,0,1
shadow_trial,2428,2021-01-22,2021-02-01,-0.0372511735907923,2021,2020-12-31,learned_market,20260910,0.3933637003220593,0.3933637003220593,0,0
shadow_trial,2433,2021-01-29,2021-02-08,0.0278689901714626,2021,2020-12-31,learned_market,20260910,0.4313547922375263,0.4313547922375263,0,1
shadow_trial,2438,2021-02-05,2021-02-22,0.0507379035040882,2021,2020-12-31,learned_market,20260910,0.40357928349119826,0.40357928349119826,0,1
shadow_trial,2443,2021-02-19,2021-03-01,-0.0684918010685315,2021,2020-12-31,learned_market,20260910,0.49513830982070434,0.49513830982070434,0,0
shadow_trial,2448,2021-02-26,2021-03-08,-0.0165997123904068,2021,2020-12-31,learned_market,20260910,0.43315180971386896,0.43315180971386896,0,0
shadow_trial,2453,2021-03-05,2021-03-15,-0.0346560901469681,2021,2020-12-31,learned_market,20260910,0.40131415281599914,0.40131415281599914,0,0
shadow_trial,2458,2021-03-12,2021-03-22,-0.0210550182560221,2021,2020-12-31,learned_market,20260910,0.47295990993929365,0.47295990993929365,0,0
shadow_trial,2463,2021-03-19,2021-03-29,0.0087572877565691,2021,2020-12-31,learned_market,20260910,0.6783048076904669,0.6783048076904669,1,1
shadow_trial,2468,2021-03-26,2021-04-06,0.0250145479448802,2021,2020-12-31,learned_market,20260910,0.6020041018019381,0.6020041018019381,1,1
shadow_trial,2473,2021-04-02,2021-04-12,-0.0292856811827044,2021,2020-12-31,learned_market,20260910,0.5183679897795258,0.5183679897795258,1,0
shadow_trial,2477,2021-04-09,2021-04-19,-0.0120489836840408,2021,2020-12-31,learned_market,20260910,0.6850249402938339,0.6850249402938339,1,0
shadow_trial,2482,2021-04-16,2021-04-26,0.0382932540809155,2021,2020-12-31,learned_market,20260910,0.609924220475271,0.609924220475271,1,1
shadow_trial,2487,2021-04-23,2021-05-06,-0.0112070185917437,2021,2020-12-31,learned_market,20260910,0.6788658728472401,0.6788658728472401,1,0
shadow_trial,2492,2021-04-30,2021-05-12,-0.0190946889464188,2021,2020-12-31,learned_market,20260910,0.6869387015648898,0.6869387015648898,1,0
shadow_trial,2494,2021-05-07,2021-05-17,0.0227674429764228,2021,2020-12-31,learned_market,20260910,0.707143295820497,0.707143295820497,1,1
shadow_trial,2499,2021-05-14,2021-05-24,0.0045940519733895,2021,2020-12-31,learned_market,20260910,0.6297830216175037,0.6297830216175037,1,1
shadow_trial,2504,2021-05-21,2021-05-31,0.0348855085126711,2021,2020-12-31,learned_market,20260910,0.6135561076345685,0.6135561076345685,1,1
shadow_trial,2509,2021-05-28,2021-06-07,-0.0062409741861724,2021,2020-12-31,learned_market,20260910,0.5954545940650008,0.5954545940650008,1,0
shadow_trial,2514,2021-06-04,2021-06-15,-0.0125508761771767,2021,2020-12-31,learned_market,20260910,0.5021950734156202,0.5021950734156202,1,0
shadow_trial,2519,2021-06-11,2021-06-21,-0.0250011497424577,2021,2020-12-31,learned_market,20260910,0.35343278398049977,0.35343278398049977,0,0
shadow_trial,2523,2021-06-18,2021-06-28,0.0325308711127356,2021,2020-12-31,learned_market,20260910,0.3221586033468014,0.3221586033468014,0,1
shadow_trial,2528,2021-06-25,2021-07-05,-0.0342297962734196,2021,2020-12-31,learned_market,20260910,0.4336393441432385,0.4336393441432385,0,0
shadow_trial,2533,2021-07-02,2021-07-12,0.0068193733271841,2021,2020-12-31,learned_market,20260910,0.3704733615248586,0.3704733615248586,0,1
shadow_trial,2538,2021-07-09,2021-07-19,-0.0048254045313779,2021,2020-12-31,learned_market,20260910,0.38743639841929484,0.38743639841929484,0,0
shadow_trial,2543,2021-07-16,2021-07-26,-0.0032299118953994,2021,2020-12-31,learned_market,20260910,0.3392496570286791,0.3392496570286791,0,0
shadow_trial,2548,2021-07-23,2021-08-02,-0.0537740931579083,2021,2020-12-31,learned_market,20260910,0.4242757327433418,0.4242757327433418,0,0
shadow_trial,2553,2021-07-30,2021-08-09,0.019904813945049,2021,2020-12-31,learned_market,20260910,0.44622832370349025,0.44622832370349025,0,1
shadow_trial,2558,2021-08-06,2021-08-16,0.0093369268709639,2021,2020-12-31,learned_market,20260910,0.40768230665718896,0.40768230665718896,0,1
shadow_trial,2563,2021-08-13,2021-08-23,-0.032048736608373,2021,2020-12-31,learned_market,20260910,0.4025918663246775,0.4025918663246775,0,0
shadow_trial,2568,2021-08-20,2021-08-30,0.0145047962107527,2021,2020-12-31,learned_market,20260910,0.5581931205458567,0.5581931205458567,1,1
shadow_trial,2573,2021-08-27,2021-09-06,-0.0012316820816045,2021,2020-12-31,learned_market,20260910,0.5652685808405962,0.5652685808405962,1,0
shadow_trial,2578,2021-09-03,2021-09-13,0.0342301066295398,2021,2020-12-31,learned_market,20260910,0.7414364016645572,0.7414364016645572,1,1
shadow_trial,2583,2021-09-10,2021-09-22,-0.0471441667981554,2021,2020-12-31,learned_market,20260910,0.7365374093158319,0.7365374093158319,1,0
shadow_trial,2588,2021-09-17,2021-09-28,0.0209863060789441,2021,2020-12-31,learned_market,20260910,0.7129908769856873,0.7129908769856873,1,1
shadow_trial,2591,2021-09-24,2021-10-11,0.0144615416200457,2021,2020-12-31,learned_market,20260910,0.7494998617287155,0.7494998617287155,1,1
shadow_trial,2418,2021-01-08,2021-01-18,-0.0120052904669853,2021,2020-12-31,learned_vol_interaction,20260910,0.5286701081389081,0.5286701081389081,1,0
shadow_trial,2423,2021-01-15,2021-01-25,0.0231622460538123,2021,2020-12-31,learned_vol_interaction,20260910,0.47178291125549215,0.47178291125549215,0,1
shadow_trial,2428,2021-01-22,2021-02-01,-0.0372511735907923,2021,2020-12-31,learned_vol_interaction,20260910,0.3671123538576221,0.3671123538576221,0,0
shadow_trial,2433,2021-01-29,2021-02-08,0.0278689901714626,2021,2020-12-31,learned_vol_interaction,20260910,0.434482531700876,0.434482531700876,0,1
shadow_trial,2438,2021-02-05,2021-02-22,0.0507379035040882,2021,2020-12-31,learned_vol_interaction,20260910,0.42570726310777396,0.42570726310777396,0,1
shadow_trial,2443,2021-02-19,2021-03-01,-0.0684918010685315,2021,2020-12-31,learned_vol_interaction,20260910,0.4791771552633417,0.4791771552633417,0,0
shadow_trial,2448,2021-02-26,2021-03-08,-0.0165997123904068,2021,2020-12-31,learned_vol_interaction,20260910,0.4783928105694597,0.4783928105694597,0,0
shadow_trial,2453,2021-03-05,2021-03-15,-0.0346560901469681,2021,2020-12-31,learned_vol_interaction,20260910,0.4610266286466043,0.4610266286466043,0,0
shadow_trial,2458,2021-03-12,2021-03-22,-0.0210550182560221,2021,2020-12-31,learned_vol_interaction,20260910,0.48103471562569133,0.48103471562569133,0,0
shadow_trial,2463,2021-03-19,2021-03-29,0.0087572877565691,2021,2020-12-31,learned_vol_interaction,20260910,0.5872740166666267,0.5872740166666267,1,1
shadow_trial,2468,2021-03-26,2021-04-06,0.0250145479448802,2021,2020-12-31,learned_vol_interaction,20260910,0.5791980511717043,0.5791980511717043,1,1
shadow_trial,2473,2021-04-02,2021-04-12,-0.0292856811827044,2021,2020-12-31,learned_vol_interaction,20260910,0.5665920928801257,0.5665920928801257,1,0
shadow_trial,2477,2021-04-09,2021-04-19,-0.0120489836840408,2021,2020-12-31,learned_vol_interaction,20260910,0.7108940398772539,0.7108940398772539,1,0
shadow_trial,2482,2021-04-16,2021-04-26,0.0382932540809155,2021,2020-12-31,learned_vol_interaction,20260910,0.6177612563202494,0.6177612563202494,1,1
shadow_trial,2487,2021-04-23,2021-05-06,-0.0112070185917437,2021,2020-12-31,learned_vol_interaction,20260910,0.7142122563040804,0.7142122563040804,1,0
shadow_trial,2492,2021-04-30,2021-05-12,-0.0190946889464188,2021,2020-12-31,learned_vol_interaction,20260910,0.6941591991721776,0.6941591991721776,1,0
shadow_trial,2494,2021-05-07,2021-05-17,0.0227674429764228,2021,2020-12-31,learned_vol_interaction,20260910,0.7158017585661451,0.7158017585661451,1,1
shadow_trial,2499,2021-05-14,2021-05-24,0.0045940519733895,2021,2020-12-31,learned_vol_interaction,20260910,0.6694091341375065,0.6694091341375065,1,1
shadow_trial,2504,2021-05-21,2021-05-31,0.0348855085126711,2021,2020-12-31,learned_vol_interaction,20260910,0.636918321286237,0.636918321286237,1,1
shadow_trial,2509,2021-05-28,2021-06-07,-0.0062409741861724,2021,2020-12-31,learned_vol_interaction,20260910,0.5964746009268665,0.5964746009268665,1,0
shadow_trial,2514,2021-06-04,2021-06-15,-0.0125508761771767,2021,2020-12-31,learned_vol_interaction,20260910,0.4714551199386704,0.4714551199386704,0,0
shadow_trial,2519,2021-06-11,2021-06-21,-0.0250011497424577,2021,2020-12-31,learned_vol_interaction,20260910,0.2976695737938547,0.2976695737938547,0,0
shadow_trial,2523,2021-06-18,2021-06-28,0.0325308711127356,2021,2020-12-31,learned_vol_interaction,20260910,0.2852455047514334,0.2852455047514334,0,1
shadow_trial,2528,2021-06-25,2021-07-05,-0.0342297962734196,2021,2020-12-31,learned_vol_interaction,20260910,0.36967907658300214,0.36967907658300214,0,0
shadow_trial,2533,2021-07-02,2021-07-12,0.0068193733271841,2021,2020-12-31,learned_vol_interaction,20260910,0.33854643902626746,0.33854643902626746,0,1
shadow_trial,2538,2021-07-09,2021-07-19,-0.0048254045313779,2021,2020-12-31,learned_vol_interaction,20260910,0.33440628192539174,0.33440628192539174,0,0
shadow_trial,2543,2021-07-16,2021-07-26,-0.0032299118953994,2021,2020-12-31,learned_vol_interaction,20260910,0.2983054237457592,0.2983054237457592,0,0
shadow_trial,2548,2021-07-23,2021-08-02,-0.0537740931579083,2021,2020-12-31,learned_vol_interaction,20260910,0.3973707608981436,0.3973707608981436,0,0
shadow_trial,2553,2021-07-30,2021-08-09,0.019904813945049,2021,2020-12-31,learned_vol_interaction,20260910,0.45645753128071037,0.45645753128071037,0,1
shadow_trial,2558,2021-08-06,2021-08-16,0.0093369268709639,2021,2020-12-31,learned_vol_interaction,20260910,0.4414614197613605,0.4414614197613605,0,1
shadow_trial,2563,2021-08-13,2021-08-23,-0.032048736608373,2021,2020-12-31,learned_vol_interaction,20260910,0.454673473148584,0.454673473148584,0,0
shadow_trial,2568,2021-08-20,2021-08-30,0.0145047962107527,2021,2020-12-31,learned_vol_interaction,20260910,0.5753590432785457,0.5753590432785457,1,1
shadow_trial,2573,2021-08-27,2021-09-06,-0.0012316820816045,2021,2020-12-31,learned_vol_interaction,20260910,0.5964802029549509,0.5964802029549509,1,0
shadow_trial,2578,2021-09-03,2021-09-13,0.0342301066295398,2021,2020-12-31,learned_vol_interaction,20260910,0.7511535519201762,0.7511535519201762,1,1
shadow_trial,2583,2021-09-10,2021-09-22,-0.0471441667981554,2021,2020-12-31,learned_vol_interaction,20260910,0.7354885736856006,0.7354885736856006,1,0
shadow_trial,2588,2021-09-17,2021-09-28,0.0209863060789441,2021,2020-12-31,learned_vol_interaction,20260910,0.742822186176108,0.742822186176108,1,1
shadow_trial,2591,2021-09-24,2021-10-11,0.0144615416200457,2021,2020-12-31,learned_vol_interaction,20260910,0.7830893595033332,0.7830893595033332,1,1
shadow_trial,2418,2021-01-08,2021-01-18,-0.0120052904669853,2021,2020-12-31,learned_order_extension,20260910,0.5330538496767134,0.5330538496767134,1,0
shadow_trial,2423,2021-01-15,2021-01-25,0.0231622460538123,2021,2020-12-31,learned_order_extension,20260910,0.479592338912861,0.479592338912861,0,1
shadow_trial,2428,2021-01-22,2021-02-01,-0.0372511735907923,2021,2020-12-31,learned_order_extension,20260910,0.3707727762571325,0.3707727762571325,0,0
shadow_trial,2433,2021-01-29,2021-02-08,0.0278689901714626,2021,2020-12-31,learned_order_extension,20260910,0.43176970986504826,0.43176970986504826,0,1
shadow_trial,2438,2021-02-05,2021-02-22,0.0507379035040882,2021,2020-12-31,learned_order_extension,20260910,0.41923333650784145,0.41923333650784145,0,1
shadow_trial,2443,2021-02-19,2021-03-01,-0.0684918010685315,2021,2020-12-31,learned_order_extension,20260910,0.47927687031403743,0.47927687031403743,0,0
shadow_trial,2448,2021-02-26,2021-03-08,-0.0165997123904068,2021,2020-12-31,learned_order_extension,20260910,0.4709068161644563,0.4709068161644563,0,0
shadow_trial,2453,2021-03-05,2021-03-15,-0.0346560901469681,2021,2020-12-31,learned_order_extension,20260910,0.45619563032762256,0.45619563032762256,0,0
shadow_trial,2458,2021-03-12,2021-03-22,-0.0210550182560221,2021,2020-12-31,learned_order_extension,20260910,0.47999849102949665,0.47999849102949665,0,0
shadow_trial,2463,2021-03-19,2021-03-29,0.0087572877565691,2021,2020-12-31,learned_order_extension,20260910,0.5898698686538169,0.5898698686538169,1,1
shadow_trial,2468,2021-03-26,2021-04-06,0.0250145479448802,2021,2020-12-31,learned_order_extension,20260910,0.5737573684172776,0.5737573684172776,1,1
shadow_trial,2473,2021-04-02,2021-04-12,-0.0292856811827044,2021,2020-12-31,learned_order_extension,20260910,0.5606987442866249,0.5606987442866249,1,0
shadow_trial,2477,2021-04-09,2021-04-19,-0.0120489836840408,2021,2020-12-31,learned_order_extension,20260910,0.7182274336525071,0.7182274336525071,1,0
shadow_trial,2482,2021-04-16,2021-04-26,0.0382932540809155,2021,2020-12-31,learned_order_extension,20260910,0.6304814445875302,0.6304814445875302,1,1
shadow_trial,2487,2021-04-23,2021-05-06,-0.0112070185917437,2021,2020-12-31,learned_order_extension,20260910,0.7209122130262224,0.7209122130262224,1,0
shadow_trial,2492,2021-04-30,2021-05-12,-0.0190946889464188,2021,2020-12-31,learned_order_extension,20260910,0.7079591515466482,0.7079591515466482,1,0
shadow_trial,2494,2021-05-07,2021-05-17,0.0227674429764228,2021,2020-12-31,learned_order_extension,20260910,0.7249150404118895,0.7249150404118895,1,1
shadow_trial,2499,2021-05-14,2021-05-24,0.0045940519733895,2021,2020-12-31,learned_order_extension,20260910,0.6698431717025706,0.6698431717025706,1,1
shadow_trial,2504,2021-05-21,2021-05-31,0.0348855085126711,2021,2020-12-31,learned_order_extension,20260910,0.637226950963881,0.637226950963881,1,1
shadow_trial,2509,2021-05-28,2021-06-07,-0.0062409741861724,2021,2020-12-31,learned_order_extension,20260910,0.5886282988716269,0.5886282988716269,1,0
shadow_trial,2514,2021-06-04,2021-06-15,-0.0125508761771767,2021,2020-12-31,learned_order_extension,20260910,0.45708512700896387,0.45708512700896387,0,0
shadow_trial,2519,2021-06-11,2021-06-21,-0.0250011497424577,2021,2020-12-31,learned_order_extension,20260910,0.2698925230706461,0.2698925230706461,0,0
shadow_trial,2523,2021-06-18,2021-06-28,0.0325308711127356,2021,2020-12-31,learned_order_extension,20260910,0.2635709565277681,0.2635709565277681,0,1
shadow_trial,2528,2021-06-25,2021-07-05,-0.0342297962734196,2021,2020-12-31,learned_order_extension,20260910,0.3555705506909634,0.3555705506909634,0,0
shadow_trial,2533,2021-07-02,2021-07-12,0.0068193733271841,2021,2020-12-31,learned_order_extension,20260910,0.3215356208455046,0.3215356208455046,0,1
shadow_trial,2538,2021-07-09,2021-07-19,-0.0048254045313779,2021,2020-12-31,learned_order_extension,20260910,0.30960513014389496,0.30960513014389496,0,0
shadow_trial,2543,2021-07-16,2021-07-26,-0.0032299118953994,2021,2020-12-31,learned_order_extension,20260910,0.26346674807178416,0.26346674807178416,0,0
shadow_trial,2548,2021-07-23,2021-08-02,-0.0537740931579083,2021,2020-12-31,learned_order_extension,20260910,0.37768275856106887,0.37768275856106887,0,0
shadow_trial,2553,2021-07-30,2021-08-09,0.019904813945049,2021,2020-12-31,learned_order_extension,20260910,0.4428695355453456,0.4428695355453456,0,1
shadow_trial,2558,2021-08-06,2021-08-16,0.0093369268709639,2021,2020-12-31,learned_order_extension,20260910,0.4229515556966854,0.4229515556966854,0,1
shadow_trial,2563,2021-08-13,2021-08-23,-0.032048736608373,2021,2020-12-31,learned_order_extension,20260910,0.4456618802062691,0.4456618802062691,0,0
shadow_trial,2568,2021-08-20,2021-08-30,0.0145047962107527,2021,2020-12-31,learned_order_extension,20260910,0.5729448112364248,0.5729448112364248,1,1
shadow_trial,2573,2021-08-27,2021-09-06,-0.0012316820816045,2021,2020-12-31,learned_order_extension,20260910,0.5932306473216634,0.5932306473216634,1,0
shadow_trial,2578,2021-09-03,2021-09-13,0.0342301066295398,2021,2020-12-31,learned_order_extension,20260910,0.7530250371326861,0.7530250371326861,1,1
shadow_trial,2583,2021-09-10,2021-09-22,-0.0471441667981554,2021,2020-12-31,learned_order_extension,20260910,0.7486737724952331,0.7486737724952331,1,0
shadow_trial,2588,2021-09-17,2021-09-28,0.0209863060789441,2021,2020-12-31,learned_order_extension,20260910,0.7583098115704442,0.7583098115704442,1,1
shadow_trial,2591,2021-09-24,2021-10-11,0.0144615416200457,2021,2020-12-31,learned_order_extension,20260910,0.8103635906047445,0.8103635906047445,1,1
shadow_trial,2418,2021-01-08,2021-01-18,-0.0120052904669853,2021,2020-12-31,learned_order_offset,20260910,0.5336151486659025,0.5336151486659025,1,0
shadow_trial,2423,2021-01-15,2021-01-25,0.0231622460538123,2021,2020-12-31,learned_order_offset,20260910,0.48002913839274924,0.48002913839274924,0,1
shadow_trial,2428,2021-01-22,2021-02-01,-0.0372511735907923,2021,2020-12-31,learned_order_offset,20260910,0.37113237990157133,0.37113237990157133,0,0
shadow_trial,2433,2021-01-29,2021-02-08,0.0278689901714626,2021,2020-12-31,learned_order_offset,20260910,0.43182028534515077,0.43182028534515077,0,1
shadow_trial,2438,2021-02-05,2021-02-22,0.0507379035040882,2021,2020-12-31,learned_order_offset,20260910,0.4191495029175148,0.4191495029175148,0,1
shadow_trial,2443,2021-02-19,2021-03-01,-0.0684918010685315,2021,2020-12-31,learned_order_offset,20260910,0.479618495019198,0.479618495019198,0,0
shadow_trial,2448,2021-02-26,2021-03-08,-0.0165997123904068,2021,2020-12-31,learned_order_offset,20260910,0.47073396029682846,0.47073396029682846,0,0
shadow_trial,2453,2021-03-05,2021-03-15,-0.0346560901469681,2021,2020-12-31,learned_order_offset,20260910,0.4561872166710552,0.4561872166710552,0,0
shadow_trial,2458,2021-03-12,2021-03-22,-0.0210550182560221,2021,2020-12-31,learned_order_offset,20260910,0.48027551652013106,0.48027551652013106,0,0
shadow_trial,2463,2021-03-19,2021-03-29,0.0087572877565691,2021,2020-12-31,learned_order_offset,20260910,0.5905225656238325,0.5905225656238325,1,1
shadow_trial,2468,2021-03-26,2021-04-06,0.0250145479448802,2021,2020-12-31,learned_order_offset,20260910,0.5737282476957762,0.5737282476957762,1,1
shadow_trial,2473,2021-04-02,2021-04-12,-0.0292856811827044,2021,2020-12-31,learned_order_offset,20260910,0.5601705309594638,0.5601705309594638,1,0
shadow_trial,2477,2021-04-09,2021-04-19,-0.0120489836840408,2021,2020-12-31,learned_order_offset,20260910,0.7179682807976931,0.7179682807976931,1,0
shadow_trial,2482,2021-04-16,2021-04-26,0.0382932540809155,2021,2020-12-31,learned_order_offset,20260910,0.6306810809758883,0.6306810809758883,1,1
shadow_trial,2487,2021-04-23,2021-05-06,-0.0112070185917437,2021,2020-12-31,learned_order_offset,20260910,0.7206078147510746,0.7206078147510746,1,0
shadow_trial,2492,2021-04-30,2021-05-12,-0.0190946889464188,2021,2020-12-31,learned_order_offset,20260910,0.7081889914509276,0.7081889914509276,1,0
shadow_trial,2494,2021-05-07,2021-05-17,0.0227674429764228,2021,2020-12-31,learned_order_offset,20260910,0.7251521525843039,0.7251521525843039,1,1
shadow_trial,2499,2021-05-14,2021-05-24,0.0045940519733895,2021,2020-12-31,learned_order_offset,20260910,0.6694154575019221,0.6694154575019221,1,1
shadow_trial,2504,2021-05-21,2021-05-31,0.0348855085126711,2021,2020-12-31,learned_order_offset,20260910,0.6371708245860618,0.6371708245860618,1,1
shadow_trial,2509,2021-05-28,2021-06-07,-0.0062409741861724,2021,2020-12-31,learned_order_offset,20260910,0.5888200734182478,0.5888200734182478,1,0
shadow_trial,2514,2021-06-04,2021-06-15,-0.0125508761771767,2021,2020-12-31,learned_order_offset,20260910,0.45742240834197484,0.45742240834197484,0,0
shadow_trial,2519,2021-06-11,2021-06-21,-0.0250011497424577,2021,2020-12-31,learned_order_offset,20260910,0.2701660447902878,0.2701660447902878,0,0
shadow_trial,2523,2021-06-18,2021-06-28,0.0325308711127356,2021,2020-12-31,learned_order_offset,20260910,0.2637900504073793,0.2637900504073793,0,1
shadow_trial,2528,2021-06-25,2021-07-05,-0.0342297962734196,2021,2020-12-31,learned_order_offset,20260910,0.3559086153667759,0.3559086153667759,0,0
shadow_trial,2533,2021-07-02,2021-07-12,0.0068193733271841,2021,2020-12-31,learned_order_offset,20260910,0.3216916416287179,0.3216916416287179,0,1
shadow_trial,2538,2021-07-09,2021-07-19,-0.0048254045313779,2021,2020-12-31,learned_order_offset,20260910,0.3101145030268536,0.3101145030268536,0,0
shadow_trial,2543,2021-07-16,2021-07-26,-0.0032299118953994,2021,2020-12-31,learned_order_offset,20260910,0.26392360125279063,0.26392360125279063,0,0
shadow_trial,2548,2021-07-23,2021-08-02,-0.0537740931579083,2021,2020-12-31,learned_order_offset,20260910,0.3781019647861085,0.3781019647861085,0,0
shadow_trial,2553,2021-07-30,2021-08-09,0.019904813945049,2021,2020-12-31,learned_order_offset,20260910,0.443071770145631,0.443071770145631,0,1
shadow_trial,2558,2021-08-06,2021-08-16,0.0093369268709639,2021,2020-12-31,learned_order_offset,20260910,0.4229308279115627,0.4229308279115627,0,1
shadow_trial,2563,2021-08-13,2021-08-23,-0.032048736608373,2021,2020-12-31,learned_order_offset,20260910,0.4454769793108894,0.4454769793108894,0,0
shadow_trial,2568,2021-08-20,2021-08-30,0.0145047962107527,2021,2020-12-31,learned_order_offset,20260910,0.5730433431588372,0.5730433431588372,1,1
shadow_trial,2573,2021-08-27,2021-09-06,-0.0012316820816045,2021,2020-12-31,learned_order_offset,20260910,0.5924044756946784,0.5924044756946784,1,0
shadow_trial,2578,2021-09-03,2021-09-13,0.0342301066295398,2021,2020-12-31,learned_order_offset,20260910,0.7533662187579737,0.7533662187579737,1,1
shadow_trial,2583,2021-09-10,2021-09-22,-0.0471441667981554,2021,2020-12-31,learned_order_offset,20260910,0.7490237805795243,0.7490237805795243,1,0
shadow_trial,2588,2021-09-17,2021-09-28,0.0209863060789441,2021,2020-12-31,learned_order_offset,20260910,0.7578019779876107,0.7578019779876107,1,1
shadow_trial,2591,2021-09-24,2021-10-11,0.0144615416200457,2021,2020-12-31,learned_order_offset,20260910,0.8099614624313016,0.8099614624313016,1,1
shadow_trial,2418,2021-01-08,2021-01-18,-0.0120052904669853,2021,2020-12-31,native_mse,20260910,-0.00016719672473286887,,0,0
shadow_trial,2423,2021-01-15,2021-01-25,0.0231622460538123,2021,2020-12-31,native_mse,20260910,-0.0024576018862454926,,0,1
shadow_trial,2428,2021-01-22,2021-02-01,-0.0372511735907923,2021,2020-12-31,native_mse,20260910,-0.003647746896638798,,0,0
shadow_trial,2433,2021-01-29,2021-02-08,0.0278689901714626,2021,2020-12-31,native_mse,20260910,-0.0025472735860022446,,0,1
shadow_trial,2438,2021-02-05,2021-02-22,0.0507379035040882,2021,2020-12-31,native_mse,20260910,-0.0030793775400414984,,0,1
shadow_trial,2443,2021-02-19,2021-03-01,-0.0684918010685315,2021,2020-12-31,native_mse,20260910,-0.0023490676188242655,,0,0
shadow_trial,2448,2021-02-26,2021-03-08,-0.0165997123904068,2021,2020-12-31,native_mse,20260910,-0.0023665663755005908,,0,0
shadow_trial,2453,2021-03-05,2021-03-15,-0.0346560901469681,2021,2020-12-31,native_mse,20260910,-0.0014253865572098575,,0,0
shadow_trial,2458,2021-03-12,2021-03-22,-0.0210550182560221,2021,2020-12-31,native_mse,20260910,-0.0005000901973691782,,0,0
shadow_trial,2463,2021-03-19,2021-03-29,0.0087572877565691,2021,2020-12-31,native_mse,20260910,0.006023340982564988,,1,1
shadow_trial,2468,2021-03-26,2021-04-06,0.0250145479448802,2021,2020-12-31,native_mse,20260910,0.005598392317839315,,1,1
shadow_trial,2473,2021-04-02,2021-04-12,-0.0292856811827044,2021,2020-12-31,native_mse,20260910,0.0036485752776130036,,1,0
shadow_trial,2477,2021-04-09,2021-04-19,-0.0120489836840408,2021,2020-12-31,native_mse,20260910,0.007350243400305611,,1,0
shadow_trial,2482,2021-04-16,2021-04-26,0.0382932540809155,2021,2020-12-31,native_mse,20260910,0.002900059176571625,,1,1
shadow_trial,2487,2021-04-23,2021-05-06,-0.0112070185917437,2021,2020-12-31,native_mse,20260910,0.007596625467989239,,1,0
shadow_trial,2492,2021-04-30,2021-05-12,-0.0190946889464188,2021,2020-12-31,native_mse,20260910,0.007105998256782256,,1,0
shadow_trial,2494,2021-05-07,2021-05-17,0.0227674429764228,2021,2020-12-31,native_mse,20260910,0.0072995237328683515,,1,1
shadow_trial,2499,2021-05-14,2021-05-24,0.0045940519733895,2021,2020-12-31,native_mse,20260910,0.006906583839110419,,1,1
shadow_trial,2504,2021-05-21,2021-05-31,0.0348855085126711,2021,2020-12-31,native_mse,20260910,0.0039949465805707365,,1,1
shadow_trial,2509,2021-05-28,2021-06-07,-0.0062409741861724,2021,2020-12-31,native_mse,20260910,0.004302626766656515,,1,0
shadow_trial,2514,2021-06-04,2021-06-15,-0.0125508761771767,2021,2020-12-31,native_mse,20260910,0.0018010688105476373,,1,0
shadow_trial,2519,2021-06-11,2021-06-21,-0.0250011497424577,2021,2020-12-31,native_mse,20260910,-0.0027939130847951473,,0,0
shadow_trial,2523,2021-06-18,2021-06-28,0.0325308711127356,2021,2020-12-31,native_mse,20260910,-0.0024054667576293687,,0,1
shadow_trial,2528,2021-06-25,2021-07-05,-0.0342297962734196,2021,2020-12-31,native_mse,20260910,-0.0021641013171994155,,0,0
shadow_trial,2533,2021-07-02,2021-07-12,0.0068193733271841,2021,2020-12-31,native_mse,20260910,-0.002740282150259048,,0,1
shadow_trial,2538,2021-07-09,2021-07-19,-0.0048254045313779,2021,2020-12-31,native_mse,20260910,-0.0025804416168060183,,0,0
shadow_trial,2543,2021-07-16,2021-07-26,-0.0032299118953994,2021,2020-12-31,native_mse,20260910,-0.0035112489700114967,,0,0
shadow_trial,2548,2021-07-23,2021-08-02,-0.0537740931579083,2021,2020-12-31,native_mse,20260910,-0.002252148085559406,,0,0
shadow_trial,2553,2021-07-30,2021-08-09,0.019904813945049,2021,2020-12-31,native_mse,20260910,-0.0013935392955686378,,0,1
shadow_trial,2558,2021-08-06,2021-08-16,0.0093369268709639,2021,2020-12-31,native_mse,20260910,-0.0008547058545780883,,0,1
shadow_trial,2563,2021-08-13,2021-08-23,-0.032048736608373,2021,2020-12-31,native_mse,20260910,-0.0010996712313164061,,0,0
shadow_trial,2568,2021-08-20,2021-08-30,0.0145047962107527,2021,2020-12-31,native_mse,20260910,0.0014984460902095808,,1,1
shadow_trial,2573,2021-08-27,2021-09-06,-0.0012316820816045,2021,2020-12-31,native_mse,20260910,0.006590900742918945,,1,0
shadow_trial,2578,2021-09-03,2021-09-13,0.0342301066295398,2021,2020-12-31,native_mse,20260910,0.009486980636077728,,1,1
shadow_trial,2583,2021-09-10,2021-09-22,-0.0471441667981554,2021,2020-12-31,native_mse,20260910,0.009371153033789907,,1,0
shadow_trial,2588,2021-09-17,2021-09-28,0.0209863060789441,2021,2020-12-31,native_mse,20260910,0.009603132896707183,,1,1
shadow_trial,2591,2021-09-24,2021-10-11,0.0144615416200457,2021,2020-12-31,native_mse,20260910,0.009682760274058575,,1,1
shadow_trial,2418,2021-01-08,2021-01-18,-0.0120052904669853,2021,2020-12-31,training_frequency,-1,0.5577557755775577,0.5577557755775577,1,0
shadow_trial,2423,2021-01-15,2021-01-25,0.0231622460538123,2021,2020-12-31,training_frequency,-1,0.5577557755775577,0.5577557755775577,1,1
shadow_trial,2428,2021-01-22,2021-02-01,-0.0372511735907923,2021,2020-12-31,training_frequency,-1,0.5577557755775577,0.5577557755775577,1,0
shadow_trial,2433,2021-01-29,2021-02-08,0.0278689901714626,2021,2020-12-31,training_frequency,-1,0.5577557755775577,0.5577557755775577,1,1
shadow_trial,2438,2021-02-05,2021-02-22,0.0507379035040882,2021,2020-12-31,training_frequency,-1,0.5577557755775577,0.5577557755775577,1,1
shadow_trial,2443,2021-02-19,2021-03-01,-0.0684918010685315,2021,2020-12-31,training_frequency,-1,0.5577557755775577,0.5577557755775577,1,0
shadow_trial,2448,2021-02-26,2021-03-08,-0.0165997123904068,2021,2020-12-31,training_frequency,-1,0.5577557755775577,0.5577557755775577,1,0
shadow_trial,2453,2021-03-05,2021-03-15,-0.0346560901469681,2021,2020-12-31,training_frequency,-1,0.5577557755775577,0.5577557755775577,1,0
shadow_trial,2458,2021-03-12,2021-03-22,-0.0210550182560221,2021,2020-12-31,training_frequency,-1,0.5577557755775577,0.5577557755775577,1,0
shadow_trial,2463,2021-03-19,2021-03-29,0.0087572877565691,2021,2020-12-31,training_frequency,-1,0.5577557755775577,0.5577557755775577,1,1
shadow_trial,2468,2021-03-26,2021-04-06,0.0250145479448802,2021,2020-12-31,training_frequency,-1,0.5577557755775577,0.5577557755775577,1,1
shadow_trial,2473,2021-04-02,2021-04-12,-0.0292856811827044,2021,2020-12-31,training_frequency,-1,0.5577557755775577,0.5577557755775577,1,0
shadow_trial,2477,2021-04-09,2021-04-19,-0.0120489836840408,2021,2020-12-31,training_frequency,-1,0.5577557755775577,0.5577557755775577,1,0
shadow_trial,2482,2021-04-16,2021-04-26,0.0382932540809155,2021,2020-12-31,training_frequency,-1,0.5577557755775577,0.5577557755775577,1,1
shadow_trial,2487,2021-04-23,2021-05-06,-0.0112070185917437,2021,2020-12-31,training_frequency,-1,0.5577557755775577,0.5577557755775577,1,0
shadow_trial,2492,2021-04-30,2021-05-12,-0.0190946889464188,2021,2020-12-31,training_frequency,-1,0.5577557755775577,0.5577557755775577,1,0
shadow_trial,2494,2021-05-07,2021-05-17,0.0227674429764228,2021,2020-12-31,training_frequency,-1,0.5577557755775577,0.5577557755775577,1,1
shadow_trial,2499,2021-05-14,2021-05-24,0.0045940519733895,2021,2020-12-31,training_frequency,-1,0.5577557755775577,0.5577557755775577,1,1
shadow_trial,2504,2021-05-21,2021-05-31,0.0348855085126711,2021,2020-12-31,training_frequency,-1,0.5577557755775577,0.5577557755775577,1,1
shadow_trial,2509,2021-05-28,2021-06-07,-0.0062409741861724,2021,2020-12-31,training_frequency,-1,0.5577557755775577,0.5577557755775577,1,0
shadow_trial,2514,2021-06-04,2021-06-15,-0.0125508761771767,2021,2020-12-31,training_frequency,-1,0.5577557755775577,0.5577557755775577,1,0
shadow_trial,2519,2021-06-11,2021-06-21,-0.0250011497424577,2021,2020-12-31,training_frequency,-1,0.5577557755775577,0.5577557755775577,1,0
shadow_trial,2523,2021-06-18,2021-06-28,0.0325308711127356,2021,2020-12-31,training_frequency,-1,0.5577557755775577,0.5577557755775577,1,1
shadow_trial,2528,2021-06-25,2021-07-05,-0.0342297962734196,2021,2020-12-31,training_frequency,-1,0.5577557755775577,0.5577557755775577,1,0
shadow_trial,2533,2021-07-02,2021-07-12,0.0068193733271841,2021,2020-12-31,training_frequency,-1,0.5577557755775577,0.5577557755775577,1,1
shadow_trial,2538,2021-07-09,2021-07-19,-0.0048254045313779,2021,2020-12-31,training_frequency,-1,0.5577557755775577,0.5577557755775577,1,0
shadow_trial,2543,2021-07-16,2021-07-26,-0.0032299118953994,2021,2020-12-31,training_frequency,-1,0.5577557755775577,0.5577557755775577,1,0
shadow_trial,2548,2021-07-23,2021-08-02,-0.0537740931579083,2021,2020-12-31,training_frequency,-1,0.5577557755775577,0.5577557755775577,1,0
shadow_trial,2553,2021-07-30,2021-08-09,0.019904813945049,2021,2020-12-31,training_frequency,-1,0.5577557755775577,0.5577557755775577,1,1
shadow_trial,2558,2021-08-06,2021-08-16,0.0093369268709639,2021,2020-12-31,training_frequency,-1,0.5577557755775577,0.5577557755775577,1,1
shadow_trial,2563,2021-08-13,2021-08-23,-0.032048736608373,2021,2020-12-31,training_frequency,-1,0.5577557755775577,0.5577557755775577,1,0
shadow_trial,2568,2021-08-20,2021-08-30,0.0145047962107527,2021,2020-12-31,training_frequency,-1,0.5577557755775577,0.5577557755775577,1,1
shadow_trial,2573,2021-08-27,2021-09-06,-0.0012316820816045,2021,2020-12-31,training_frequency,-1,0.5577557755775577,0.5577557755775577,1,0
shadow_trial,2578,2021-09-03,2021-09-13,0.0342301066295398,2021,2020-12-31,training_frequency,-1,0.5577557755775577,0.5577557755775577,1,1
shadow_trial,2583,2021-09-10,2021-09-22,-0.0471441667981554,2021,2020-12-31,training_frequency,-1,0.5577557755775577,0.5577557755775577,1,0
shadow_trial,2588,2021-09-17,2021-09-28,0.0209863060789441,2021,2020-12-31,training_frequency,-1,0.5577557755775577,0.5577557755775577,1,1
shadow_trial,2591,2021-09-24,2021-10-11,0.0144615416200457,2021,2020-12-31,training_frequency,-1,0.5577557755775577,0.5577557755775577,1,1
shadow_trial,2418,2021-01-08,2021-01-18,-0.0120052904669853,2021,2020-12-31,learned_market,20260911,0.47359422145655633,0.47359422145655633,0,0
shadow_trial,2423,2021-01-15,2021-01-25,0.0231622460538123,2021,2020-12-31,learned_market,20260911,0.29529449998072343,0.29529449998072343,0,1
shadow_trial,2428,2021-01-22,2021-02-01,-0.0372511735907923,2021,2020-12-31,learned_market,20260911,0.47394332492431446,0.47394332492431446,0,0
shadow_trial,2433,2021-01-29,2021-02-08,0.0278689901714626,2021,2020-12-31,learned_market,20260911,0.34860128575085947,0.34860128575085947,0,1
shadow_trial,2438,2021-02-05,2021-02-22,0.0507379035040882,2021,2020-12-31,learned_market,20260911,0.5472341429725764,0.5472341429725764,1,1
shadow_trial,2443,2021-02-19,2021-03-01,-0.0684918010685315,2021,2020-12-31,learned_market,20260911,0.4390527856170199,0.4390527856170199,0,0
shadow_trial,2448,2021-02-26,2021-03-08,-0.0165997123904068,2021,2020-12-31,learned_market,20260911,0.4901857818012489,0.4901857818012489,0,0
shadow_trial,2453,2021-03-05,2021-03-15,-0.0346560901469681,2021,2020-12-31,learned_market,20260911,0.3640545492155067,0.3640545492155067,0,0
shadow_trial,2458,2021-03-12,2021-03-22,-0.0210550182560221,2021,2020-12-31,learned_market,20260911,0.27457561641477635,0.27457561641477635,0,0
shadow_trial,2463,2021-03-19,2021-03-29,0.0087572877565691,2021,2020-12-31,learned_market,20260911,0.5317095579141908,0.5317095579141908,1,1
shadow_trial,2468,2021-03-26,2021-04-06,0.0250145479448802,2021,2020-12-31,learned_market,20260911,0.48950965003399194,0.48950965003399194,0,1
shadow_trial,2473,2021-04-02,2021-04-12,-0.0292856811827044,2021,2020-12-31,learned_market,20260911,0.6284072500994273,0.6284072500994273,1,0
shadow_trial,2477,2021-04-09,2021-04-19,-0.0120489836840408,2021,2020-12-31,learned_market,20260911,0.5279187640170273,0.5279187640170273,1,0
shadow_trial,2482,2021-04-16,2021-04-26,0.0382932540809155,2021,2020-12-31,learned_market,20260911,0.4865076820291842,0.4865076820291842,0,1
shadow_trial,2487,2021-04-23,2021-05-06,-0.0112070185917437,2021,2020-12-31,learned_market,20260911,0.5300805747669529,0.5300805747669529,1,0
shadow_trial,2492,2021-04-30,2021-05-12,-0.0190946889464188,2021,2020-12-31,learned_market,20260911,0.6951452745996383,0.6951452745996383,1,0
shadow_trial,2494,2021-05-07,2021-05-17,0.0227674429764228,2021,2020-12-31,learned_market,20260911,0.7605988126578928,0.7605988126578928,1,1
shadow_trial,2499,2021-05-14,2021-05-24,0.0045940519733895,2021,2020-12-31,learned_market,20260911,0.431899455562366,0.431899455562366,0,1
shadow_trial,2504,2021-05-21,2021-05-31,0.0348855085126711,2021,2020-12-31,learned_market,20260911,0.6176291390559848,0.6176291390559848,1,1
shadow_trial,2509,2021-05-28,2021-06-07,-0.0062409741861724,2021,2020-12-31,learned_market,20260911,0.5529696066128726,0.5529696066128726,1,0
shadow_trial,2514,2021-06-04,2021-06-15,-0.0125508761771767,2021,2020-12-31,learned_market,20260911,0.43021338956165145,0.43021338956165145,0,0
shadow_trial,2519,2021-06-11,2021-06-21,-0.0250011497424577,2021,2020-12-31,learned_market,20260911,0.23588261601608784,0.23588261601608784,0,0
shadow_trial,2523,2021-06-18,2021-06-28,0.0325308711127356,2021,2020-12-31,learned_market,20260911,0.4400528193036787,0.4400528193036787,0,1
shadow_trial,2528,2021-06-25,2021-07-05,-0.0342297962734196,2021,2020-12-31,learned_market,20260911,0.398327544114051,0.398327544114051,0,0
shadow_trial,2533,2021-07-02,2021-07-12,0.0068193733271841,2021,2020-12-31,learned_market,20260911,0.48682640109202396,0.48682640109202396,0,1
shadow_trial,2538,2021-07-09,2021-07-19,-0.0048254045313779,2021,2020-12-31,learned_market,20260911,0.24332467078520445,0.24332467078520445,0,0
shadow_trial,2543,2021-07-16,2021-07-26,-0.0032299118953994,2021,2020-12-31,learned_market,20260911,0.35925555662388703,0.35925555662388703,0,0
shadow_trial,2548,2021-07-23,2021-08-02,-0.0537740931579083,2021,2020-12-31,learned_market,20260911,0.39776512063817443,0.39776512063817443,0,0
shadow_trial,2553,2021-07-30,2021-08-09,0.019904813945049,2021,2020-12-31,learned_market,20260911,0.552232244409667,0.552232244409667,1,1
shadow_trial,2558,2021-08-06,2021-08-16,0.0093369268709639,2021,2020-12-31,learned_market,20260911,0.6069177458010507,0.6069177458010507,1,1
shadow_trial,2563,2021-08-13,2021-08-23,-0.032048736608373,2021,2020-12-31,learned_market,20260911,0.6395330957156883,0.6395330957156883,1,0
shadow_trial,2568,2021-08-20,2021-08-30,0.0145047962107527,2021,2020-12-31,learned_market,20260911,0.49778467368571605,0.49778467368571605,0,1
shadow_trial,2573,2021-08-27,2021-09-06,-0.0012316820816045,2021,2020-12-31,learned_market,20260911,0.7992998823896141,0.7992998823896141,1,0
shadow_trial,2578,2021-09-03,2021-09-13,0.0342301066295398,2021,2020-12-31,learned_market,20260911,0.7641264012677613,0.7641264012677613,1,1
shadow_trial,2583,2021-09-10,2021-09-22,-0.0471441667981554,2021,2020-12-31,learned_market,20260911,0.7188187190189923,0.7188187190189923,1,0
shadow_trial,2588,2021-09-17,2021-09-28,0.0209863060789441,2021,2020-12-31,learned_market,20260911,0.752347288149094,0.752347288149094,1,1
shadow_trial,2591,2021-09-24,2021-10-11,0.0144615416200457,2021,2020-12-31,learned_market,20260911,0.64950288661138,0.64950288661138,1,1
shadow_trial,2418,2021-01-08,2021-01-18,-0.0120052904669853,2021,2020-12-31,learned_vol_interaction,20260911,0.4754556903392312,0.4754556903392312,0,0
shadow_trial,2423,2021-01-15,2021-01-25,0.0231622460538123,2021,2020-12-31,learned_vol_interaction,20260911,0.2910478720938869,0.2910478720938869,0,1
shadow_trial,2428,2021-01-22,2021-02-01,-0.0372511735907923,2021,2020-12-31,learned_vol_interaction,20260911,0.4793404787070586,0.4793404787070586,0,0
shadow_trial,2433,2021-01-29,2021-02-08,0.0278689901714626,2021,2020-12-31,learned_vol_interaction,20260911,0.3407014751351651,0.3407014751351651,0,1
shadow_trial,2438,2021-02-05,2021-02-22,0.0507379035040882,2021,2020-12-31,learned_vol_interaction,20260911,0.5419487770679454,0.5419487770679454,1,1
shadow_trial,2443,2021-02-19,2021-03-01,-0.0684918010685315,2021,2020-12-31,learned_vol_interaction,20260911,0.42680484014134457,0.42680484014134457,0,0
shadow_trial,2448,2021-02-26,2021-03-08,-0.0165997123904068,2021,2020-12-31,learned_vol_interaction,20260911,0.48165522036766006,0.48165522036766006,0,0
shadow_trial,2453,2021-03-05,2021-03-15,-0.0346560901469681,2021,2020-12-31,learned_vol_interaction,20260911,0.3506881836542513,0.3506881836542513,0,0
shadow_trial,2458,2021-03-12,2021-03-22,-0.0210550182560221,2021,2020-12-31,learned_vol_interaction,20260911,0.23467895972096536,0.23467895972096536,0,0
shadow_trial,2463,2021-03-19,2021-03-29,0.0087572877565691,2021,2020-12-31,learned_vol_interaction,20260911,0.5417459151974428,0.5417459151974428,1,1
shadow_trial,2468,2021-03-26,2021-04-06,0.0250145479448802,2021,2020-12-31,learned_vol_interaction,20260911,0.48054571329537366,0.48054571329537366,0,1
shadow_trial,2473,2021-04-02,2021-04-12,-0.0292856811827044,2021,2020-12-31,learned_vol_interaction,20260911,0.6505026926141996,0.6505026926141996,1,0
shadow_trial,2477,2021-04-09,2021-04-19,-0.0120489836840408,2021,2020-12-31,learned_vol_interaction,20260911,0.5238037480083749,0.5238037480083749,1,0
shadow_trial,2482,2021-04-16,2021-04-26,0.0382932540809155,2021,2020-12-31,learned_vol_interaction,20260911,0.4746098723057128,0.4746098723057128,0,1
shadow_trial,2487,2021-04-23,2021-05-06,-0.0112070185917437,2021,2020-12-31,learned_vol_interaction,20260911,0.527013271372353,0.527013271372353,1,0
shadow_trial,2492,2021-04-30,2021-05-12,-0.0190946889464188,2021,2020-12-31,learned_vol_interaction,20260911,0.6901244469023494,0.6901244469023494,1,0
shadow_trial,2494,2021-05-07,2021-05-17,0.0227674429764228,2021,2020-12-31,learned_vol_interaction,20260911,0.754839297520103,0.754839297520103,1,1
shadow_trial,2499,2021-05-14,2021-05-24,0.0045940519733895,2021,2020-12-31,learned_vol_interaction,20260911,0.43398865323186975,0.43398865323186975,0,1
shadow_trial,2504,2021-05-21,2021-05-31,0.0348855085126711,2021,2020-12-31,learned_vol_interaction,20260911,0.6023590417130459,0.6023590417130459,1,1
shadow_trial,2509,2021-05-28,2021-06-07,-0.0062409741861724,2021,2020-12-31,learned_vol_interaction,20260911,0.5524495113584302,0.5524495113584302,1,0
shadow_trial,2514,2021-06-04,2021-06-15,-0.0125508761771767,2021,2020-12-31,learned_vol_interaction,20260911,0.4338741634973696,0.4338741634973696,0,0
shadow_trial,2519,2021-06-11,2021-06-21,-0.0250011497424577,2021,2020-12-31,learned_vol_interaction,20260911,0.243541607825957,0.243541607825957,0,0
shadow_trial,2523,2021-06-18,2021-06-28,0.0325308711127356,2021,2020-12-31,learned_vol_interaction,20260911,0.44439540821990653,0.44439540821990653,0,1
shadow_trial,2528,2021-06-25,2021-07-05,-0.0342297962734196,2021,2020-12-31,learned_vol_interaction,20260911,0.4173214962232166,0.4173214962232166,0,0
shadow_trial,2533,2021-07-02,2021-07-12,0.0068193733271841,2021,2020-12-31,learned_vol_interaction,20260911,0.48991781025485154,0.48991781025485154,0,1
shadow_trial,2538,2021-07-09,2021-07-19,-0.0048254045313779,2021,2020-12-31,learned_vol_interaction,20260911,0.2599569018271382,0.2599569018271382,0,0
shadow_trial,2543,2021-07-16,2021-07-26,-0.0032299118953994,2021,2020-12-31,learned_vol_interaction,20260911,0.36450308143319354,0.36450308143319354,0,0
shadow_trial,2548,2021-07-23,2021-08-02,-0.0537740931579083,2021,2020-12-31,learned_vol_interaction,20260911,0.410758949240298,0.410758949240298,0,0
shadow_trial,2553,2021-07-30,2021-08-09,0.019904813945049,2021,2020-12-31,learned_vol_interaction,20260911,0.5670421120159365,0.5670421120159365,1,1
shadow_trial,2558,2021-08-06,2021-08-16,0.0093369268709639,2021,2020-12-31,learned_vol_interaction,20260911,0.611366208230644,0.611366208230644,1,1
shadow_trial,2563,2021-08-13,2021-08-23,-0.032048736608373,2021,2020-12-31,learned_vol_interaction,20260911,0.6499874314301235,0.6499874314301235,1,0
shadow_trial,2568,2021-08-20,2021-08-30,0.0145047962107527,2021,2020-12-31,learned_vol_interaction,20260911,0.47410312241187347,0.47410312241187347,0,1
shadow_trial,2573,2021-08-27,2021-09-06,-0.0012316820816045,2021,2020-12-31,learned_vol_interaction,20260911,0.8077225877731411,0.8077225877731411,1,0
shadow_trial,2578,2021-09-03,2021-09-13,0.0342301066295398,2021,2020-12-31,learned_vol_interaction,20260911,0.7569737160491476,0.7569737160491476,1,1
shadow_trial,2583,2021-09-10,2021-09-22,-0.0471441667981554,2021,2020-12-31,learned_vol_interaction,20260911,0.7237383960115724,0.7237383960115724,1,0
shadow_trial,2588,2021-09-17,2021-09-28,0.0209863060789441,2021,2020-12-31,learned_vol_interaction,20260911,0.7461756198869361,0.7461756198869361,1,1
shadow_trial,2591,2021-09-24,2021-10-11,0.0144615416200457,2021,2020-12-31,learned_vol_interaction,20260911,0.6456719612096069,0.6456719612096069,1,1
shadow_trial,2418,2021-01-08,2021-01-18,-0.0120052904669853,2021,2020-12-31,learned_order_extension,20260911,0.4707924056292956,0.4707924056292956,0,0
shadow_trial,2423,2021-01-15,2021-01-25,0.0231622460538123,2021,2020-12-31,learned_order_extension,20260911,0.30199104403875826,0.30199104403875826,0,1
shadow_trial,2428,2021-01-22,2021-02-01,-0.0372511735907923,2021,2020-12-31,learned_order_extension,20260911,0.4727671753713422,0.4727671753713422,0,0
shadow_trial,2433,2021-01-29,2021-02-08,0.0278689901714626,2021,2020-12-31,learned_order_extension,20260911,0.33076330033756096,0.33076330033756096,0,1
shadow_trial,2438,2021-02-05,2021-02-22,0.0507379035040882,2021,2020-12-31,learned_order_extension,20260911,0.5463864019131583,0.5463864019131583,1,1
shadow_trial,2443,2021-02-19,2021-03-01,-0.0684918010685315,2021,2020-12-31,learned_order_extension,20260911,0.423629668613555,0.423629668613555,0,0
shadow_trial,2448,2021-02-26,2021-03-08,-0.0165997123904068,2021,2020-12-31,learned_order_extension,20260911,0.4833188959367285,0.4833188959367285,0,0
shadow_trial,2453,2021-03-05,2021-03-15,-0.0346560901469681,2021,2020-12-31,learned_order_extension,20260911,0.3468677434509978,0.3468677434509978,0,0
shadow_trial,2458,2021-03-12,2021-03-22,-0.0210550182560221,2021,2020-12-31,learned_order_extension,20260911,0.2385842218483661,0.2385842218483661,0,0
shadow_trial,2463,2021-03-19,2021-03-29,0.0087572877565691,2021,2020-12-31,learned_order_extension,20260911,0.532998967015209,0.532998967015209,1,1
shadow_trial,2468,2021-03-26,2021-04-06,0.0250145479448802,2021,2020-12-31,learned_order_extension,20260911,0.48258967958160864,0.48258967958160864,0,1
shadow_trial,2473,2021-04-02,2021-04-12,-0.0292856811827044,2021,2020-12-31,learned_order_extension,20260911,0.6435569143740099,0.6435569143740099,1,0
shadow_trial,2477,2021-04-09,2021-04-19,-0.0120489836840408,2021,2020-12-31,learned_order_extension,20260911,0.5172587608947022,0.5172587608947022,1,0
shadow_trial,2482,2021-04-16,2021-04-26,0.0382932540809155,2021,2020-12-31,learned_order_extension,20260911,0.45050831794964574,0.45050831794964574,0,1
shadow_trial,2487,2021-04-23,2021-05-06,-0.0112070185917437,2021,2020-12-31,learned_order_extension,20260911,0.50667980676185,0.50667980676185,1,0
shadow_trial,2492,2021-04-30,2021-05-12,-0.0190946889464188,2021,2020-12-31,learned_order_extension,20260911,0.7098069326540961,0.7098069326540961,1,0
shadow_trial,2494,2021-05-07,2021-05-17,0.0227674429764228,2021,2020-12-31,learned_order_extension,20260911,0.7808980561683019,0.7808980561683019,1,1
shadow_trial,2499,2021-05-14,2021-05-24,0.0045940519733895,2021,2020-12-31,learned_order_extension,20260911,0.39413011936164705,0.39413011936164705,0,1
shadow_trial,2504,2021-05-21,2021-05-31,0.0348855085126711,2021,2020-12-31,learned_order_extension,20260911,0.6034561668947356,0.6034561668947356,1,1
shadow_trial,2509,2021-05-28,2021-06-07,-0.0062409741861724,2021,2020-12-31,learned_order_extension,20260911,0.5608652950070303,0.5608652950070303,1,0
shadow_trial,2514,2021-06-04,2021-06-15,-0.0125508761771767,2021,2020-12-31,learned_order_extension,20260911,0.41641551181704617,0.41641551181704617,0,0
shadow_trial,2519,2021-06-11,2021-06-21,-0.0250011497424577,2021,2020-12-31,learned_order_extension,20260911,0.1949333176792701,0.1949333176792701,0,0
shadow_trial,2523,2021-06-18,2021-06-28,0.0325308711127356,2021,2020-12-31,learned_order_extension,20260911,0.4247939305836327,0.4247939305836327,0,1
shadow_trial,2528,2021-06-25,2021-07-05,-0.0342297962734196,2021,2020-12-31,learned_order_extension,20260911,0.40325405625265054,0.40325405625265054,0,0
shadow_trial,2533,2021-07-02,2021-07-12,0.0068193733271841,2021,2020-12-31,learned_order_extension,20260911,0.4870314747634348,0.4870314747634348,0,1
shadow_trial,2538,2021-07-09,2021-07-19,-0.0048254045313779,2021,2020-12-31,learned_order_extension,20260911,0.18885603482317434,0.18885603482317434,0,0
shadow_trial,2543,2021-07-16,2021-07-26,-0.0032299118953994,2021,2020-12-31,learned_order_extension,20260911,0.3017342200602158,0.3017342200602158,0,0
shadow_trial,2548,2021-07-23,2021-08-02,-0.0537740931579083,2021,2020-12-31,learned_order_extension,20260911,0.36810694455242254,0.36810694455242254,0,0
shadow_trial,2553,2021-07-30,2021-08-09,0.019904813945049,2021,2020-12-31,learned_order_extension,20260911,0.551068322085785,0.551068322085785,1,1
shadow_trial,2558,2021-08-06,2021-08-16,0.0093369268709639,2021,2020-12-31,learned_order_extension,20260911,0.5976356202999715,0.5976356202999715,1,1
shadow_trial,2563,2021-08-13,2021-08-23,-0.032048736608373,2021,2020-12-31,learned_order_extension,20260911,0.6460173631921735,0.6460173631921735,1,0
shadow_trial,2568,2021-08-20,2021-08-30,0.0145047962107527,2021,2020-12-31,learned_order_extension,20260911,0.4599800330212217,0.4599800330212217,0,1
shadow_trial,2573,2021-08-27,2021-09-06,-0.0012316820816045,2021,2020-12-31,learned_order_extension,20260911,0.8227439473299855,0.8227439473299855,1,0
shadow_trial,2578,2021-09-03,2021-09-13,0.0342301066295398,2021,2020-12-31,learned_order_extension,20260911,0.7764255721144454,0.7764255721144454,1,1
shadow_trial,2583,2021-09-10,2021-09-22,-0.0471441667981554,2021,2020-12-31,learned_order_extension,20260911,0.7513357425734236,0.7513357425734236,1,0
shadow_trial,2588,2021-09-17,2021-09-28,0.0209863060789441,2021,2020-12-31,learned_order_extension,20260911,0.7836614478285994,0.7836614478285994,1,1
shadow_trial,2591,2021-09-24,2021-10-11,0.0144615416200457,2021,2020-12-31,learned_order_extension,20260911,0.6693079201625165,0.6693079201625165,1,1
shadow_trial,2418,2021-01-08,2021-01-18,-0.0120052904669853,2021,2020-12-31,learned_order_offset,20260911,0.46966493933917947,0.46966493933917947,0,0
shadow_trial,2423,2021-01-15,2021-01-25,0.0231622460538123,2021,2020-12-31,learned_order_offset,20260911,0.30026263179565904,0.30026263179565904,0,1
shadow_trial,2428,2021-01-22,2021-02-01,-0.0372511735907923,2021,2020-12-31,learned_order_offset,20260911,0.47083079059127375,0.47083079059127375,0,0
shadow_trial,2433,2021-01-29,2021-02-08,0.0278689901714626,2021,2020-12-31,learned_order_offset,20260911,0.3308151678188049,0.3308151678188049,0,1
shadow_trial,2438,2021-02-05,2021-02-22,0.0507379035040882,2021,2020-12-31,learned_order_offset,20260911,0.5458888183275549,0.5458888183275549,1,1
shadow_trial,2443,2021-02-19,2021-03-01,-0.0684918010685315,2021,2020-12-31,learned_order_offset,20260911,0.4238553224614908,0.4238553224614908,0,0
shadow_trial,2448,2021-02-26,2021-03-08,-0.0165997123904068,2021,2020-12-31,learned_order_offset,20260911,0.4840844360242453,0.4840844360242453,0,0
shadow_trial,2453,2021-03-05,2021-03-15,-0.0346560901469681,2021,2020-12-31,learned_order_offset,20260911,0.34642186749779336,0.34642186749779336,0,0
shadow_trial,2458,2021-03-12,2021-03-22,-0.0210550182560221,2021,2020-12-31,learned_order_offset,20260911,0.23704081021871007,0.23704081021871007,0,0
shadow_trial,2463,2021-03-19,2021-03-29,0.0087572877565691,2021,2020-12-31,learned_order_offset,20260911,0.5312704874985703,0.5312704874985703,1,1
shadow_trial,2468,2021-03-26,2021-04-06,0.0250145479448802,2021,2020-12-31,learned_order_offset,20260911,0.48113132203479025,0.48113132203479025,0,1
shadow_trial,2473,2021-04-02,2021-04-12,-0.0292856811827044,2021,2020-12-31,learned_order_offset,20260911,0.6426571671723265,0.6426571671723265,1,0
shadow_trial,2477,2021-04-09,2021-04-19,-0.0120489836840408,2021,2020-12-31,learned_order_offset,20260911,0.5170676205088839,0.5170676205088839,1,0
shadow_trial,2482,2021-04-16,2021-04-26,0.0382932540809155,2021,2020-12-31,learned_order_offset,20260911,0.45037422792655746,0.45037422792655746,0,1
shadow_trial,2487,2021-04-23,2021-05-06,-0.0112070185917437,2021,2020-12-31,learned_order_offset,20260911,0.5047827959577951,0.5047827959577951,1,0
shadow_trial,2492,2021-04-30,2021-05-12,-0.0190946889464188,2021,2020-12-31,learned_order_offset,20260911,0.7084828106212467,0.7084828106212467,1,0
shadow_trial,2494,2021-05-07,2021-05-17,0.0227674429764228,2021,2020-12-31,learned_order_offset,20260911,0.7798146116297984,0.7798146116297984,1,1
shadow_trial,2499,2021-05-14,2021-05-24,0.0045940519733895,2021,2020-12-31,learned_order_offset,20260911,0.39380849753299824,0.39380849753299824,0,1
shadow_trial,2504,2021-05-21,2021-05-31,0.0348855085126711,2021,2020-12-31,learned_order_offset,20260911,0.6027515999296177,0.6027515999296177,1,1
shadow_trial,2509,2021-05-28,2021-06-07,-0.0062409741861724,2021,2020-12-31,learned_order_offset,20260911,0.5597480832986254,0.5597480832986254,1,0
shadow_trial,2514,2021-06-04,2021-06-15,-0.0125508761771767,2021,2020-12-31,learned_order_offset,20260911,0.41739120526524837,0.41739120526524837,0,0
shadow_trial,2519,2021-06-11,2021-06-21,-0.0250011497424577,2021,2020-12-31,learned_order_offset,20260911,0.1959833797723796,0.1959833797723796,0,0
shadow_trial,2523,2021-06-18,2021-06-28,0.0325308711127356,2021,2020-12-31,learned_order_offset,20260911,0.42516594768657723,0.42516594768657723,0,1
shadow_trial,2528,2021-06-25,2021-07-05,-0.0342297962734196,2021,2020-12-31,learned_order_offset,20260911,0.40512520197902574,0.40512520197902574,0,0
shadow_trial,2533,2021-07-02,2021-07-12,0.0068193733271841,2021,2020-12-31,learned_order_offset,20260911,0.48834019247779775,0.48834019247779775,0,1
shadow_trial,2538,2021-07-09,2021-07-19,-0.0048254045313779,2021,2020-12-31,learned_order_offset,20260911,0.1899218857560688,0.1899218857560688,0,0
shadow_trial,2543,2021-07-16,2021-07-26,-0.0032299118953994,2021,2020-12-31,learned_order_offset,20260911,0.30227219210751677,0.30227219210751677,0,0
shadow_trial,2548,2021-07-23,2021-08-02,-0.0537740931579083,2021,2020-12-31,learned_order_offset,20260911,0.3682876710362575,0.3682876710362575,0,0
shadow_trial,2553,2021-07-30,2021-08-09,0.019904813945049,2021,2020-12-31,learned_order_offset,20260911,0.5493128567304749,0.5493128567304749,1,1
shadow_trial,2558,2021-08-06,2021-08-16,0.0093369268709639,2021,2020-12-31,learned_order_offset,20260911,0.5952755431654839,0.5952755431654839,1,1
shadow_trial,2563,2021-08-13,2021-08-23,-0.032048736608373,2021,2020-12-31,learned_order_offset,20260911,0.6435678005185,0.6435678005185,1,0
shadow_trial,2568,2021-08-20,2021-08-30,0.0145047962107527,2021,2020-12-31,learned_order_offset,20260911,0.45941912601595664,0.45941912601595664,0,1
shadow_trial,2573,2021-08-27,2021-09-06,-0.0012316820816045,2021,2020-12-31,learned_order_offset,20260911,0.8199221886042931,0.8199221886042931,1,0
shadow_trial,2578,2021-09-03,2021-09-13,0.0342301066295398,2021,2020-12-31,learned_order_offset,20260911,0.7736884948382853,0.7736884948382853,1,1
shadow_trial,2583,2021-09-10,2021-09-22,-0.0471441667981554,2021,2020-12-31,learned_order_offset,20260911,0.7486660391902702,0.7486660391902702,1,0
shadow_trial,2588,2021-09-17,2021-09-28,0.0209863060789441,2021,2020-12-31,learned_order_offset,20260911,0.7812035509395332,0.7812035509395332,1,1
shadow_trial,2591,2021-09-24,2021-10-11,0.0144615416200457,2021,2020-12-31,learned_order_offset,20260911,0.6670102925222845,0.6670102925222845,1,1
shadow_trial,2418,2021-01-08,2021-01-18,-0.0120052904669853,2021,2020-12-31,native_mse,20260911,0.008552411017393067,,1,0
shadow_trial,2423,2021-01-15,2021-01-25,0.0231622460538123,2021,2020-12-31,native_mse,20260911,0.004218820233000888,,1,1
shadow_trial,2428,2021-01-22,2021-02-01,-0.0372511735907923,2021,2020-12-31,native_mse,20260911,0.004959951689017089,,1,0
shadow_trial,2433,2021-01-29,2021-02-08,0.0278689901714626,2021,2020-12-31,native_mse,20260911,-0.006242641410233065,,0,1
shadow_trial,2438,2021-02-05,2021-02-22,0.0507379035040882,2021,2020-12-31,native_mse,20260911,0.0007951359987466982,,1,1
shadow_trial,2443,2021-02-19,2021-03-01,-0.0684918010685315,2021,2020-12-31,native_mse,20260911,-0.0016330918552967294,,0,0
shadow_trial,2448,2021-02-26,2021-03-08,-0.0165997123904068,2021,2020-12-31,native_mse,20260911,-0.00533638880364651,,0,0
shadow_trial,2453,2021-03-05,2021-03-15,-0.0346560901469681,2021,2020-12-31,native_mse,20260911,-0.011674592766508288,,0,0
shadow_trial,2458,2021-03-12,2021-03-22,-0.0210550182560221,2021,2020-12-31,native_mse,20260911,-0.007847066861436623,,0,0
shadow_trial,2463,2021-03-19,2021-03-29,0.0087572877565691,2021,2020-12-31,native_mse,20260911,-0.0039060339233599494,,0,1
shadow_trial,2468,2021-03-26,2021-04-06,0.0250145479448802,2021,2020-12-31,native_mse,20260911,0.0009273635613917179,,1,1
shadow_trial,2473,2021-04-02,2021-04-12,-0.0292856811827044,2021,2020-12-31,native_mse,20260911,-0.0027355840325147787,,0,0
shadow_trial,2477,2021-04-09,2021-04-19,-0.0120489836840408,2021,2020-12-31,native_mse,20260911,-0.0036343506408249315,,0,0
shadow_trial,2482,2021-04-16,2021-04-26,0.0382932540809155,2021,2020-12-31,native_mse,20260911,-0.0006724515978878938,,0,1
shadow_trial,2487,2021-04-23,2021-05-06,-0.0112070185917437,2021,2020-12-31,native_mse,20260911,0.0055289088739753755,,1,0
shadow_trial,2492,2021-04-30,2021-05-12,-0.0190946889464188,2021,2020-12-31,native_mse,20260911,0.0033327575219957396,,1,0
shadow_trial,2494,2021-05-07,2021-05-17,0.0227674429764228,2021,2020-12-31,native_mse,20260911,0.0021669511395786133,,1,1
shadow_trial,2499,2021-05-14,2021-05-24,0.0045940519733895,2021,2020-12-31,native_mse,20260911,0.0011114542693073139,,1,1
shadow_trial,2504,2021-05-21,2021-05-31,0.0348855085126711,2021,2020-12-31,native_mse,20260911,0.008400289317996804,,1,1
shadow_trial,2509,2021-05-28,2021-06-07,-0.0062409741861724,2021,2020-12-31,native_mse,20260911,0.0007953145198423817,,1,0
shadow_trial,2514,2021-06-04,2021-06-15,-0.0125508761771767,2021,2020-12-31,native_mse,20260911,-0.007020166164517651,,0,0
shadow_trial,2519,2021-06-11,2021-06-21,-0.0250011497424577,2021,2020-12-31,native_mse,20260911,-0.008619872591947365,,0,0
shadow_trial,2523,2021-06-18,2021-06-28,0.0325308711127356,2021,2020-12-31,native_mse,20260911,-0.008791375820448139,,0,1
shadow_trial,2528,2021-06-25,2021-07-05,-0.0342297962734196,2021,2020-12-31,native_mse,20260911,-0.008045520831514462,,0,0
shadow_trial,2533,2021-07-02,2021-07-12,0.0068193733271841,2021,2020-12-31,native_mse,20260911,-0.007174844548354277,,0,1
shadow_trial,2538,2021-07-09,2021-07-19,-0.0048254045313779,2021,2020-12-31,native_mse,20260911,-0.015340492927170088,,0,0
shadow_trial,2543,2021-07-16,2021-07-26,-0.0032299118953994,2021,2020-12-31,native_mse,20260911,-0.005208717730643443,,0,0
shadow_trial,2548,2021-07-23,2021-08-02,-0.0537740931579083,2021,2020-12-31,native_mse,20260911,-0.005850917345567664,,0,0
shadow_trial,2553,2021-07-30,2021-08-09,0.019904813945049,2021,2020-12-31,native_mse,20260911,-0.0028205260505218244,,0,1
shadow_trial,2558,2021-08-06,2021-08-16,0.0093369268709639,2021,2020-12-31,native_mse,20260911,0.0007831311211854701,,1,1
shadow_trial,2563,2021-08-13,2021-08-23,-0.032048736608373,2021,2020-12-31,native_mse,20260911,-0.0005906639308137641,,0,0
shadow_trial,2568,2021-08-20,2021-08-30,0.0145047962107527,2021,2020-12-31,native_mse,20260911,-0.004641917146108556,,0,1
shadow_trial,2573,2021-08-27,2021-09-06,-0.0012316820816045,2021,2020-12-31,native_mse,20260911,0.014579973106645959,,1,0
shadow_trial,2578,2021-09-03,2021-09-13,0.0342301066295398,2021,2020-12-31,native_mse,20260911,0.008593989010996025,,1,1
shadow_trial,2583,2021-09-10,2021-09-22,-0.0471441667981554,2021,2020-12-31,native_mse,20260911,0.008313547741757724,,1,0
shadow_trial,2588,2021-09-17,2021-09-28,0.0209863060789441,2021,2020-12-31,native_mse,20260911,0.01165935650344279,,1,1
shadow_trial,2591,2021-09-24,2021-10-11,0.0144615416200457,2021,2020-12-31,native_mse,20260911,0.005518532924551857,,1,1
shadow_trial,2418,2021-01-08,2021-01-18,-0.0120052904669853,2021,2020-12-31,learned_market,20260912,0.49622809203697066,0.49622809203697066,0,0
shadow_trial,2423,2021-01-15,2021-01-25,0.0231622460538123,2021,2020-12-31,learned_market,20260912,0.30299511780142024,0.30299511780142024,0,1
shadow_trial,2428,2021-01-22,2021-02-01,-0.0372511735907923,2021,2020-12-31,learned_market,20260912,0.2926269390741677,0.2926269390741677,0,0
shadow_trial,2433,2021-01-29,2021-02-08,0.0278689901714626,2021,2020-12-31,learned_market,20260912,0.4834854236532544,0.4834854236532544,0,1
shadow_trial,2438,2021-02-05,2021-02-22,0.0507379035040882,2021,2020-12-31,learned_market,20260912,0.5449307431156443,0.5449307431156443,1,1
shadow_trial,2443,2021-02-19,2021-03-01,-0.0684918010685315,2021,2020-12-31,learned_market,20260912,0.37156624296606255,0.37156624296606255,0,0
shadow_trial,2448,2021-02-26,2021-03-08,-0.0165997123904068,2021,2020-12-31,learned_market,20260912,0.5679579035959068,0.5679579035959068,1,0
shadow_trial,2453,2021-03-05,2021-03-15,-0.0346560901469681,2021,2020-12-31,learned_market,20260912,0.4912573433049491,0.4912573433049491,0,0
shadow_trial,2458,2021-03-12,2021-03-22,-0.0210550182560221,2021,2020-12-31,learned_market,20260912,0.4975950072849539,0.4975950072849539,0,0
shadow_trial,2463,2021-03-19,2021-03-29,0.0087572877565691,2021,2020-12-31,learned_market,20260912,0.4862560848839745,0.4862560848839745,0,1
shadow_trial,2468,2021-03-26,2021-04-06,0.0250145479448802,2021,2020-12-31,learned_market,20260912,0.5757817923341705,0.5757817923341705,1,1
shadow_trial,2473,2021-04-02,2021-04-12,-0.0292856811827044,2021,2020-12-31,learned_market,20260912,0.56297665502886,0.56297665502886,1,0
shadow_trial,2477,2021-04-09,2021-04-19,-0.0120489836840408,2021,2020-12-31,learned_market,20260912,0.6833728945724409,0.6833728945724409,1,0
shadow_trial,2482,2021-04-16,2021-04-26,0.0382932540809155,2021,2020-12-31,learned_market,20260912,0.6069844199651692,0.6069844199651692,1,1
shadow_trial,2487,2021-04-23,2021-05-06,-0.0112070185917437,2021,2020-12-31,learned_market,20260912,0.6957153692040717,0.6957153692040717,1,0
shadow_trial,2492,2021-04-30,2021-05-12,-0.0190946889464188,2021,2020-12-31,learned_market,20260912,0.49572812581073494,0.49572812581073494,0,0
shadow_trial,2494,2021-05-07,2021-05-17,0.0227674429764228,2021,2020-12-31,learned_market,20260912,0.5923668300862341,0.5923668300862341,1,1
shadow_trial,2499,2021-05-14,2021-05-24,0.0045940519733895,2021,2020-12-31,learned_market,20260912,0.5283594579480488,0.5283594579480488,1,1
shadow_trial,2504,2021-05-21,2021-05-31,0.0348855085126711,2021,2020-12-31,learned_market,20260912,0.6202700684440092,0.6202700684440092,1,1
shadow_trial,2509,2021-05-28,2021-06-07,-0.0062409741861724,2021,2020-12-31,learned_market,20260912,0.5014076959249572,0.5014076959249572,1,0
shadow_trial,2514,2021-06-04,2021-06-15,-0.0125508761771767,2021,2020-12-31,learned_market,20260912,0.32971545266050545,0.32971545266050545,0,0
shadow_trial,2519,2021-06-11,2021-06-21,-0.0250011497424577,2021,2020-12-31,learned_market,20260912,0.4358470115181578,0.4358470115181578,0,0
shadow_trial,2523,2021-06-18,2021-06-28,0.0325308711127356,2021,2020-12-31,learned_market,20260912,0.39660974147357,0.39660974147357,0,1
shadow_trial,2528,2021-06-25,2021-07-05,-0.0342297962734196,2021,2020-12-31,learned_market,20260912,0.2996275446219084,0.2996275446219084,0,0
shadow_trial,2533,2021-07-02,2021-07-12,0.0068193733271841,2021,2020-12-31,learned_market,20260912,0.5151635455277491,0.5151635455277491,1,1
shadow_trial,2538,2021-07-09,2021-07-19,-0.0048254045313779,2021,2020-12-31,learned_market,20260912,0.6207119283283139,0.6207119283283139,1,0
shadow_trial,2543,2021-07-16,2021-07-26,-0.0032299118953994,2021,2020-12-31,learned_market,20260912,0.49005551482262627,0.49005551482262627,0,0
shadow_trial,2548,2021-07-23,2021-08-02,-0.0537740931579083,2021,2020-12-31,learned_market,20260912,0.6154753433492549,0.6154753433492549,1,0
shadow_trial,2553,2021-07-30,2021-08-09,0.019904813945049,2021,2020-12-31,learned_market,20260912,0.5234204191777538,0.5234204191777538,1,1
shadow_trial,2558,2021-08-06,2021-08-16,0.0093369268709639,2021,2020-12-31,learned_market,20260912,0.5141172877385481,0.5141172877385481,1,1
shadow_trial,2563,2021-08-13,2021-08-23,-0.032048736608373,2021,2020-12-31,learned_market,20260912,0.799712207667327,0.799712207667327,1,0
shadow_trial,2568,2021-08-20,2021-08-30,0.0145047962107527,2021,2020-12-31,learned_market,20260912,0.6945524744678218,0.6945524744678218,1,1
shadow_trial,2573,2021-08-27,2021-09-06,-0.0012316820816045,2021,2020-12-31,learned_market,20260912,0.650209110265474,0.650209110265474,1,0
shadow_trial,2578,2021-09-03,2021-09-13,0.0342301066295398,2021,2020-12-31,learned_market,20260912,0.5845335348210389,0.5845335348210389,1,1
shadow_trial,2583,2021-09-10,2021-09-22,-0.0471441667981554,2021,2020-12-31,learned_market,20260912,0.5978406592956743,0.5978406592956743,1,0
shadow_trial,2588,2021-09-17,2021-09-28,0.0209863060789441,2021,2020-12-31,learned_market,20260912,0.5426754501942058,0.5426754501942058,1,1
shadow_trial,2591,2021-09-24,2021-10-11,0.0144615416200457,2021,2020-12-31,learned_market,20260912,0.43126701380981713,0.43126701380981713,0,1
shadow_trial,2418,2021-01-08,2021-01-18,-0.0120052904669853,2021,2020-12-31,learned_vol_interaction,20260912,0.49620713842529096,0.49620713842529096,0,0
shadow_trial,2423,2021-01-15,2021-01-25,0.0231622460538123,2021,2020-12-31,learned_vol_interaction,20260912,0.30370534508378266,0.30370534508378266,0,1
shadow_trial,2428,2021-01-22,2021-02-01,-0.0372511735907923,2021,2020-12-31,learned_vol_interaction,20260912,0.2931342483584557,0.2931342483584557,0,0
shadow_trial,2433,2021-01-29,2021-02-08,0.0278689901714626,2021,2020-12-31,learned_vol_interaction,20260912,0.4851476188516167,0.4851476188516167,0,1
shadow_trial,2438,2021-02-05,2021-02-22,0.0507379035040882,2021,2020-12-31,learned_vol_interaction,20260912,0.5455559755252699,0.5455559755252699,1,1
shadow_trial,2443,2021-02-19,2021-03-01,-0.0684918010685315,2021,2020-12-31,learned_vol_interaction,20260912,0.37201410439640853,0.37201410439640853,0,0
shadow_trial,2448,2021-02-26,2021-03-08,-0.0165997123904068,2021,2020-12-31,learned_vol_interaction,20260912,0.5647303221106473,0.5647303221106473,1,0
shadow_trial,2453,2021-03-05,2021-03-15,-0.0346560901469681,2021,2020-12-31,learned_vol_interaction,20260912,0.4925362885158211,0.4925362885158211,0,0
shadow_trial,2458,2021-03-12,2021-03-22,-0.0210550182560221,2021,2020-12-31,learned_vol_interaction,20260912,0.5001941106115585,0.5001941106115585,1,0
shadow_trial,2463,2021-03-19,2021-03-29,0.0087572877565691,2021,2020-12-31,learned_vol_interaction,20260912,0.4917119078225818,0.4917119078225818,0,1
shadow_trial,2468,2021-03-26,2021-04-06,0.0250145479448802,2021,2020-12-31,learned_vol_interaction,20260912,0.5754614207160266,0.5754614207160266,1,1
shadow_trial,2473,2021-04-02,2021-04-12,-0.0292856811827044,2021,2020-12-31,learned_vol_interaction,20260912,0.5647750064828143,0.5647750064828143,1,0
shadow_trial,2477,2021-04-09,2021-04-19,-0.0120489836840408,2021,2020-12-31,learned_vol_interaction,20260912,0.6851225390103307,0.6851225390103307,1,0
shadow_trial,2482,2021-04-16,2021-04-26,0.0382932540809155,2021,2020-12-31,learned_vol_interaction,20260912,0.6079794499510633,0.6079794499510633,1,1
shadow_trial,2487,2021-04-23,2021-05-06,-0.0112070185917437,2021,2020-12-31,learned_vol_interaction,20260912,0.6970440278111448,0.6970440278111448,1,0
shadow_trial,2492,2021-04-30,2021-05-12,-0.0190946889464188,2021,2020-12-31,learned_vol_interaction,20260912,0.49508455771909865,0.49508455771909865,0,0
shadow_trial,2494,2021-05-07,2021-05-17,0.0227674429764228,2021,2020-12-31,learned_vol_interaction,20260912,0.5936076847954643,0.5936076847954643,1,1
shadow_trial,2499,2021-05-14,2021-05-24,0.0045940519733895,2021,2020-12-31,learned_vol_interaction,20260912,0.5260594519724338,0.5260594519724338,1,1
shadow_trial,2504,2021-05-21,2021-05-31,0.0348855085126711,2021,2020-12-31,learned_vol_interaction,20260912,0.6194700609717307,0.6194700609717307,1,1
shadow_trial,2509,2021-05-28,2021-06-07,-0.0062409741861724,2021,2020-12-31,learned_vol_interaction,20260912,0.4999311238130264,0.4999311238130264,0,0
shadow_trial,2514,2021-06-04,2021-06-15,-0.0125508761771767,2021,2020-12-31,learned_vol_interaction,20260912,0.32963442443266894,0.32963442443266894,0,0
shadow_trial,2519,2021-06-11,2021-06-21,-0.0250011497424577,2021,2020-12-31,learned_vol_interaction,20260912,0.43487798405591244,0.43487798405591244,0,0
shadow_trial,2523,2021-06-18,2021-06-28,0.0325308711127356,2021,2020-12-31,learned_vol_interaction,20260912,0.39563184997461803,0.39563184997461803,0,1
shadow_trial,2528,2021-06-25,2021-07-05,-0.0342297962734196,2021,2020-12-31,learned_vol_interaction,20260912,0.2936971410007611,0.2936971410007611,0,0
shadow_trial,2533,2021-07-02,2021-07-12,0.0068193733271841,2021,2020-12-31,learned_vol_interaction,20260912,0.5148668706411704,0.5148668706411704,1,1
shadow_trial,2538,2021-07-09,2021-07-19,-0.0048254045313779,2021,2020-12-31,learned_vol_interaction,20260912,0.6186903340218607,0.6186903340218607,1,0
shadow_trial,2543,2021-07-16,2021-07-26,-0.0032299118953994,2021,2020-12-31,learned_vol_interaction,20260912,0.4865946477628708,0.4865946477628708,0,0
shadow_trial,2548,2021-07-23,2021-08-02,-0.0537740931579083,2021,2020-12-31,learned_vol_interaction,20260912,0.6139762603963855,0.6139762603963855,1,0
shadow_trial,2553,2021-07-30,2021-08-09,0.019904813945049,2021,2020-12-31,learned_vol_interaction,20260912,0.5240194778238666,0.5240194778238666,1,1
shadow_trial,2558,2021-08-06,2021-08-16,0.0093369268709639,2021,2020-12-31,learned_vol_interaction,20260912,0.5136649464816024,0.5136649464816024,1,1
shadow_trial,2563,2021-08-13,2021-08-23,-0.032048736608373,2021,2020-12-31,learned_vol_interaction,20260912,0.7945167952306426,0.7945167952306426,1,0
shadow_trial,2568,2021-08-20,2021-08-30,0.0145047962107527,2021,2020-12-31,learned_vol_interaction,20260912,0.6928180790402312,0.6928180790402312,1,1
shadow_trial,2573,2021-08-27,2021-09-06,-0.0012316820816045,2021,2020-12-31,learned_vol_interaction,20260912,0.6501421001064899,0.6501421001064899,1,0
shadow_trial,2578,2021-09-03,2021-09-13,0.0342301066295398,2021,2020-12-31,learned_vol_interaction,20260912,0.5834223088141877,0.5834223088141877,1,1
shadow_trial,2583,2021-09-10,2021-09-22,-0.0471441667981554,2021,2020-12-31,learned_vol_interaction,20260912,0.5980779969137336,0.5980779969137336,1,0
shadow_trial,2588,2021-09-17,2021-09-28,0.0209863060789441,2021,2020-12-31,learned_vol_interaction,20260912,0.5427243889928098,0.5427243889928098,1,1
shadow_trial,2591,2021-09-24,2021-10-11,0.0144615416200457,2021,2020-12-31,learned_vol_interaction,20260912,0.42884602217775675,0.42884602217775675,0,1
shadow_trial,2418,2021-01-08,2021-01-18,-0.0120052904669853,2021,2020-12-31,learned_order_extension,20260912,0.4980709373270918,0.4980709373270918,0,0
shadow_trial,2423,2021-01-15,2021-01-25,0.0231622460538123,2021,2020-12-31,learned_order_extension,20260912,0.3077801048995167,0.3077801048995167,0,1
shadow_trial,2428,2021-01-22,2021-02-01,-0.0372511735907923,2021,2020-12-31,learned_order_extension,20260912,0.2945790953929349,0.2945790953929349,0,0
shadow_trial,2433,2021-01-29,2021-02-08,0.0278689901714626,2021,2020-12-31,learned_order_extension,20260912,0.4869306132003812,0.4869306132003812,0,1
shadow_trial,2438,2021-02-05,2021-02-22,0.0507379035040882,2021,2020-12-31,learned_order_extension,20260912,0.5470942643821933,0.5470942643821933,1,1
shadow_trial,2443,2021-02-19,2021-03-01,-0.0684918010685315,2021,2020-12-31,learned_order_extension,20260912,0.37256373051610003,0.37256373051610003,0,0
shadow_trial,2448,2021-02-26,2021-03-08,-0.0165997123904068,2021,2020-12-31,learned_order_extension,20260912,0.5652884202407723,0.5652884202407723,1,0
shadow_trial,2453,2021-03-05,2021-03-15,-0.0346560901469681,2021,2020-12-31,learned_order_extension,20260912,0.4938099782773414,0.4938099782773414,0,0
shadow_trial,2458,2021-03-12,2021-03-22,-0.0210550182560221,2021,2020-12-31,learned_order_extension,20260912,0.5011342068332141,0.5011342068332141,1,0
shadow_trial,2463,2021-03-19,2021-03-29,0.0087572877565691,2021,2020-12-31,learned_order_extension,20260912,0.49318584601318854,0.49318584601318854,0,1
shadow_trial,2468,2021-03-26,2021-04-06,0.0250145479448802,2021,2020-12-31,learned_order_extension,20260912,0.5765372992952104,0.5765372992952104,1,1
shadow_trial,2473,2021-04-02,2021-04-12,-0.0292856811827044,2021,2020-12-31,learned_order_extension,20260912,0.5661836120897463,0.5661836120897463,1,0
shadow_trial,2477,2021-04-09,2021-04-19,-0.0120489836840408,2021,2020-12-31,learned_order_extension,20260912,0.687046194737299,0.687046194737299,1,0
shadow_trial,2482,2021-04-16,2021-04-26,0.0382932540809155,2021,2020-12-31,learned_order_extension,20260912,0.6079705501613304,0.6079705501613304,1,1
shadow_trial,2487,2021-04-23,2021-05-06,-0.0112070185917437,2021,2020-12-31,learned_order_extension,20260912,0.7001630679827717,0.7001630679827717,1,0
shadow_trial,2492,2021-04-30,2021-05-12,-0.0190946889464188,2021,2020-12-31,learned_order_extension,20260912,0.4918375430018398,0.4918375430018398,0,0
shadow_trial,2494,2021-05-07,2021-05-17,0.0227674429764228,2021,2020-12-31,learned_order_extension,20260912,0.5924909504537539,0.5924909504537539,1,1
shadow_trial,2499,2021-05-14,2021-05-24,0.0045940519733895,2021,2020-12-31,learned_order_extension,20260912,0.5211782975246303,0.5211782975246303,1,1
shadow_trial,2504,2021-05-21,2021-05-31,0.0348855085126711,2021,2020-12-31,learned_order_extension,20260912,0.6201148626993727,0.6201148626993727,1,1
shadow_trial,2509,2021-05-28,2021-06-07,-0.0062409741861724,2021,2020-12-31,learned_order_extension,20260912,0.49912386449059004,0.49912386449059004,0,0
shadow_trial,2514,2021-06-04,2021-06-15,-0.0125508761771767,2021,2020-12-31,learned_order_extension,20260912,0.3220408483503156,0.3220408483503156,0,0
shadow_trial,2519,2021-06-11,2021-06-21,-0.0250011497424577,2021,2020-12-31,learned_order_extension,20260912,0.4292917957601971,0.4292917957601971,0,0
shadow_trial,2523,2021-06-18,2021-06-28,0.0325308711127356,2021,2020-12-31,learned_order_extension,20260912,0.39019861803489025,0.39019861803489025,0,1
shadow_trial,2528,2021-06-25,2021-07-05,-0.0342297962734196,2021,2020-12-31,learned_order_extension,20260912,0.28601239769549003,0.28601239769549003,0,0
shadow_trial,2533,2021-07-02,2021-07-12,0.0068193733271841,2021,2020-12-31,learned_order_extension,20260912,0.511988380684367,0.511988380684367,1,1
shadow_trial,2538,2021-07-09,2021-07-19,-0.0048254045313779,2021,2020-12-31,learned_order_extension,20260912,0.6213632916420614,0.6213632916420614,1,0
shadow_trial,2543,2021-07-16,2021-07-26,-0.0032299118953994,2021,2020-12-31,learned_order_extension,20260912,0.4783021837038135,0.4783021837038135,0,0
shadow_trial,2548,2021-07-23,2021-08-02,-0.0537740931579083,2021,2020-12-31,learned_order_extension,20260912,0.6124295217712632,0.6124295217712632,1,0
shadow_trial,2553,2021-07-30,2021-08-09,0.019904813945049,2021,2020-12-31,learned_order_extension,20260912,0.5183173735705874,0.5183173735705874,1,1
shadow_trial,2558,2021-08-06,2021-08-16,0.0093369268709639,2021,2020-12-31,learned_order_extension,20260912,0.509509202348959,0.509509202348959,1,1
shadow_trial,2563,2021-08-13,2021-08-23,-0.032048736608373,2021,2020-12-31,learned_order_extension,20260912,0.7945715828017712,0.7945715828017712,1,0
shadow_trial,2568,2021-08-20,2021-08-30,0.0145047962107527,2021,2020-12-31,learned_order_extension,20260912,0.6924411435011819,0.6924411435011819,1,1
shadow_trial,2573,2021-08-27,2021-09-06,-0.0012316820816045,2021,2020-12-31,learned_order_extension,20260912,0.6485120883138071,0.6485120883138071,1,0
shadow_trial,2578,2021-09-03,2021-09-13,0.0342301066295398,2021,2020-12-31,learned_order_extension,20260912,0.5805757513729569,0.5805757513729569,1,1
shadow_trial,2583,2021-09-10,2021-09-22,-0.0471441667981554,2021,2020-12-31,learned_order_extension,20260912,0.5978065821661347,0.5978065821661347,1,0
shadow_trial,2588,2021-09-17,2021-09-28,0.0209863060789441,2021,2020-12-31,learned_order_extension,20260912,0.5376103337187045,0.5376103337187045,1,1
shadow_trial,2591,2021-09-24,2021-10-11,0.0144615416200457,2021,2020-12-31,learned_order_extension,20260912,0.4159392588263915,0.4159392588263915,0,1
shadow_trial,2418,2021-01-08,2021-01-18,-0.0120052904669853,2021,2020-12-31,learned_order_offset,20260912,0.4978619856473434,0.4978619856473434,0,0
shadow_trial,2423,2021-01-15,2021-01-25,0.0231622460538123,2021,2020-12-31,learned_order_offset,20260912,0.30753172112864313,0.30753172112864313,0,1
shadow_trial,2428,2021-01-22,2021-02-01,-0.0372511735907923,2021,2020-12-31,learned_order_offset,20260912,0.29417599189344534,0.29417599189344534,0,0
shadow_trial,2433,2021-01-29,2021-02-08,0.0278689901714626,2021,2020-12-31,learned_order_offset,20260912,0.48673077860534075,0.48673077860534075,0,1
shadow_trial,2438,2021-02-05,2021-02-22,0.0507379035040882,2021,2020-12-31,learned_order_offset,20260912,0.5468628858044645,0.5468628858044645,1,1
shadow_trial,2443,2021-02-19,2021-03-01,-0.0684918010685315,2021,2020-12-31,learned_order_offset,20260912,0.37253784220409425,0.37253784220409425,0,0
shadow_trial,2448,2021-02-26,2021-03-08,-0.0165997123904068,2021,2020-12-31,learned_order_offset,20260912,0.5649799919042372,0.5649799919042372,1,0
shadow_trial,2453,2021-03-05,2021-03-15,-0.0346560901469681,2021,2020-12-31,learned_order_offset,20260912,0.49348358050186064,0.49348358050186064,0,0
shadow_trial,2458,2021-03-12,2021-03-22,-0.0210550182560221,2021,2020-12-31,learned_order_offset,20260912,0.500928953286114,0.500928953286114,1,0
shadow_trial,2463,2021-03-19,2021-03-29,0.0087572877565691,2021,2020-12-31,learned_order_offset,20260912,0.493170220106531,0.493170220106531,0,1
shadow_trial,2468,2021-03-26,2021-04-06,0.0250145479448802,2021,2020-12-31,learned_order_offset,20260912,0.5766144810517231,0.5766144810517231,1,1
shadow_trial,2473,2021-04-02,2021-04-12,-0.0292856811827044,2021,2020-12-31,learned_order_offset,20260912,0.566102470284805,0.566102470284805,1,0
shadow_trial,2477,2021-04-09,2021-04-19,-0.0120489836840408,2021,2020-12-31,learned_order_offset,20260912,0.6869015293782829,0.6869015293782829,1,0
shadow_trial,2482,2021-04-16,2021-04-26,0.0382932540809155,2021,2020-12-31,learned_order_offset,20260912,0.6078000978596377,0.6078000978596377,1,1
shadow_trial,2487,2021-04-23,2021-05-06,-0.0112070185917437,2021,2020-12-31,learned_order_offset,20260912,0.6999268378054232,0.6999268378054232,1,0
shadow_trial,2492,2021-04-30,2021-05-12,-0.0190946889464188,2021,2020-12-31,learned_order_offset,20260912,0.49168441153382075,0.49168441153382075,0,0
shadow_trial,2494,2021-05-07,2021-05-17,0.0227674429764228,2021,2020-12-31,learned_order_offset,20260912,0.5919092456876717,0.5919092456876717,1,1
shadow_trial,2499,2021-05-14,2021-05-24,0.0045940519733895,2021,2020-12-31,learned_order_offset,20260912,0.5203594988625989,0.5203594988625989,1,1
shadow_trial,2504,2021-05-21,2021-05-31,0.0348855085126711,2021,2020-12-31,learned_order_offset,20260912,0.6196299438561572,0.6196299438561572,1,1
shadow_trial,2509,2021-05-28,2021-06-07,-0.0062409741861724,2021,2020-12-31,learned_order_offset,20260912,0.498513660109647,0.498513660109647,0,0
shadow_trial,2514,2021-06-04,2021-06-15,-0.0125508761771767,2021,2020-12-31,learned_order_offset,20260912,0.32211543056065006,0.32211543056065006,0,0
shadow_trial,2519,2021-06-11,2021-06-21,-0.0250011497424577,2021,2020-12-31,learned_order_offset,20260912,0.4292652143972748,0.4292652143972748,0,0
shadow_trial,2523,2021-06-18,2021-06-28,0.0325308711127356,2021,2020-12-31,learned_order_offset,20260912,0.389839647004703,0.389839647004703,0,1
shadow_trial,2528,2021-06-25,2021-07-05,-0.0342297962734196,2021,2020-12-31,learned_order_offset,20260912,0.2857328768925556,0.2857328768925556,0,0
shadow_trial,2533,2021-07-02,2021-07-12,0.0068193733271841,2021,2020-12-31,learned_order_offset,20260912,0.5120272781444086,0.5120272781444086,1,1
shadow_trial,2538,2021-07-09,2021-07-19,-0.0048254045313779,2021,2020-12-31,learned_order_offset,20260912,0.6210298644444885,0.6210298644444885,1,0
shadow_trial,2543,2021-07-16,2021-07-26,-0.0032299118953994,2021,2020-12-31,learned_order_offset,20260912,0.47780664490085595,0.47780664490085595,0,0
shadow_trial,2548,2021-07-23,2021-08-02,-0.0537740931579083,2021,2020-12-31,learned_order_offset,20260912,0.6120939315881804,0.6120939315881804,1,0
shadow_trial,2553,2021-07-30,2021-08-09,0.019904813945049,2021,2020-12-31,learned_order_offset,20260912,0.5180210270033623,0.5180210270033623,1,1
shadow_trial,2558,2021-08-06,2021-08-16,0.0093369268709639,2021,2020-12-31,learned_order_offset,20260912,0.5092578634100278,0.5092578634100278,1,1
shadow_trial,2563,2021-08-13,2021-08-23,-0.032048736608373,2021,2020-12-31,learned_order_offset,20260912,0.7940343211531239,0.7940343211531239,1,0
shadow_trial,2568,2021-08-20,2021-08-30,0.0145047962107527,2021,2020-12-31,learned_order_offset,20260912,0.6920631539348041,0.6920631539348041,1,1
shadow_trial,2573,2021-08-27,2021-09-06,-0.0012316820816045,2021,2020-12-31,learned_order_offset,20260912,0.6483618872645227,0.6483618872645227,1,0
shadow_trial,2578,2021-09-03,2021-09-13,0.0342301066295398,2021,2020-12-31,learned_order_offset,20260912,0.5804326441216299,0.5804326441216299,1,1
shadow_trial,2583,2021-09-10,2021-09-22,-0.0471441667981554,2021,2020-12-31,learned_order_offset,20260912,0.5974417197776336,0.5974417197776336,1,0
shadow_trial,2588,2021-09-17,2021-09-28,0.0209863060789441,2021,2020-12-31,learned_order_offset,20260912,0.5373217574451546,0.5373217574451546,1,1
shadow_trial,2591,2021-09-24,2021-10-11,0.0144615416200457,2021,2020-12-31,learned_order_offset,20260912,0.4161001339098918,0.4161001339098918,0,1
shadow_trial,2418,2021-01-08,2021-01-18,-0.0120052904669853,2021,2020-12-31,native_mse,20260912,0.001397497585867654,,1,0
shadow_trial,2423,2021-01-15,2021-01-25,0.0231622460538123,2021,2020-12-31,native_mse,20260912,0.0006715229500529757,,1,1
shadow_trial,2428,2021-01-22,2021-02-01,-0.0372511735907923,2021,2020-12-31,native_mse,20260912,0.0008989216255188498,,1,0
shadow_trial,2433,2021-01-29,2021-02-08,0.0278689901714626,2021,2020-12-31,native_mse,20260912,0.0007959764416317159,,1,1
shadow_trial,2438,2021-02-05,2021-02-22,0.0507379035040882,2021,2020-12-31,native_mse,20260912,0.0012803740659475327,,1,1
shadow_trial,2443,2021-02-19,2021-03-01,-0.0684918010685315,2021,2020-12-31,native_mse,20260912,0.0009133829615551264,,1,0
shadow_trial,2448,2021-02-26,2021-03-08,-0.0165997123904068,2021,2020-12-31,native_mse,20260912,0.0013704992420810927,,1,0
shadow_trial,2453,2021-03-05,2021-03-15,-0.0346560901469681,2021,2020-12-31,native_mse,20260912,0.0008756814992302536,,1,0
shadow_trial,2458,2021-03-12,2021-03-22,-0.0210550182560221,2021,2020-12-31,native_mse,20260912,0.0011757184818956695,,1,0
shadow_trial,2463,2021-03-19,2021-03-29,0.0087572877565691,2021,2020-12-31,native_mse,20260912,0.0010792053864410744,,1,1
shadow_trial,2468,2021-03-26,2021-04-06,0.0250145479448802,2021,2020-12-31,native_mse,20260912,0.0011499309968955886,,1,1
shadow_trial,2473,2021-04-02,2021-04-12,-0.0292856811827044,2021,2020-12-31,native_mse,20260912,0.0010410156043567688,,1,0
shadow_trial,2477,2021-04-09,2021-04-19,-0.0120489836840408,2021,2020-12-31,native_mse,20260912,0.0015346227958627386,,1,0
shadow_trial,2482,2021-04-16,2021-04-26,0.0382932540809155,2021,2020-12-31,native_mse,20260912,0.001333459240383137,,1,1
shadow_trial,2487,2021-04-23,2021-05-06,-0.0112070185917437,2021,2020-12-31,native_mse,20260912,0.0016691075435783544,,1,0
shadow_trial,2492,2021-04-30,2021-05-12,-0.0190946889464188,2021,2020-12-31,native_mse,20260912,0.0008697905080337705,,1,0
shadow_trial,2494,2021-05-07,2021-05-17,0.0227674429764228,2021,2020-12-31,native_mse,20260912,0.0011496090030479206,,1,1
shadow_trial,2499,2021-05-14,2021-05-24,0.0045940519733895,2021,2020-12-31,native_mse,20260912,0.0010483063772099349,,1,1
shadow_trial,2504,2021-05-21,2021-05-31,0.0348855085126711,2021,2020-12-31,native_mse,20260912,0.0011439525898009322,,1,1
shadow_trial,2509,2021-05-28,2021-06-07,-0.0062409741861724,2021,2020-12-31,native_mse,20260912,0.0011525125328662067,,1,0
shadow_trial,2514,2021-06-04,2021-06-15,-0.0125508761771767,2021,2020-12-31,native_mse,20260912,0.0007128828650729158,,1,0
shadow_trial,2519,2021-06-11,2021-06-21,-0.0250011497424577,2021,2020-12-31,native_mse,20260912,0.0008407535701623152,,1,0
shadow_trial,2523,2021-06-18,2021-06-28,0.0325308711127356,2021,2020-12-31,native_mse,20260912,0.0005295128002944305,,1,1
shadow_trial,2528,2021-06-25,2021-07-05,-0.0342297962734196,2021,2020-12-31,native_mse,20260912,0.0004392776625445282,,1,0
shadow_trial,2533,2021-07-02,2021-07-12,0.0068193733271841,2021,2020-12-31,native_mse,20260912,0.0008802423955353033,,1,1
shadow_trial,2538,2021-07-09,2021-07-19,-0.0048254045313779,2021,2020-12-31,native_mse,20260912,0.001025036941487719,,1,0
shadow_trial,2543,2021-07-16,2021-07-26,-0.0032299118953994,2021,2020-12-31,native_mse,20260912,0.0009848540154367372,,1,0
shadow_trial,2548,2021-07-23,2021-08-02,-0.0537740931579083,2021,2020-12-31,native_mse,20260912,0.0010837390229232473,,1,0
shadow_trial,2553,2021-07-30,2021-08-09,0.019904813945049,2021,2020-12-31,native_mse,20260912,0.0007753634039124927,,1,1
shadow_trial,2558,2021-08-06,2021-08-16,0.0093369268709639,2021,2020-12-31,native_mse,20260912,0.0010686946751112278,,1,1
shadow_trial,2563,2021-08-13,2021-08-23,-0.032048736608373,2021,2020-12-31,native_mse,20260912,0.0016819071064647707,,1,0
shadow_trial,2568,2021-08-20,2021-08-30,0.0145047962107527,2021,2020-12-31,native_mse,20260912,0.0015674609930577542,,1,1
shadow_trial,2573,2021-08-27,2021-09-06,-0.0012316820816045,2021,2020-12-31,native_mse,20260912,0.0015518786224257932,,1,0
shadow_trial,2578,2021-09-03,2021-09-13,0.0342301066295398,2021,2020-12-31,native_mse,20260912,0.0015775578367383941,,1,1
shadow_trial,2583,2021-09-10,2021-09-22,-0.0471441667981554,2021,2020-12-31,native_mse,20260912,0.00097730888589041,,1,0
shadow_trial,2588,2021-09-17,2021-09-28,0.0209863060789441,2021,2020-12-31,native_mse,20260912,0.0010514539644274003,,1,1
shadow_trial,2591,2021-09-24,2021-10-11,0.0144615416200457,2021,2020-12-31,native_mse,20260912,0.0009736007301348337,,1,1
shadow_trial,2660,2022-01-07,2022-01-17,-0.0173453887283024,2022,2021-12-31,learned_market,20260910,0.5688001187262542,0.5688001187262542,1,0
shadow_trial,2665,2022-01-14,2022-01-24,0.0053248631776616,2022,2021-12-31,learned_market,20260910,0.6536697221556952,0.6536697221556952,1,1
shadow_trial,2670,2022-01-21,2022-02-07,-0.0242661876254222,2022,2021-12-31,learned_market,20260910,0.667180452286777,0.667180452286777,1,0
shadow_trial,2675,2022-01-28,2022-02-14,-0.0127539031341488,2022,2021-12-31,learned_market,20260910,0.6821990081341186,0.6821990081341186,1,0
shadow_trial,2680,2022-02-11,2022-02-21,0.0145498774954033,2022,2021-12-31,learned_market,20260910,0.6685932622029157,0.6685932622029157,1,1
shadow_trial,2685,2022-02-18,2022-02-28,-0.0177161244498015,2022,2021-12-31,learned_market,20260910,0.721020181747073,0.721020181747073,1,0
shadow_trial,2690,2022-02-25,2022-03-07,-0.0221791776043331,2022,2021-12-31,learned_market,20260910,0.6720256213340763,0.6720256213340763,1,0
shadow_trial,2695,2022-03-04,2022-03-14,-0.0480378799422749,2022,2021-12-31,learned_market,20260910,0.6491632424244927,0.6491632424244927,1,0
shadow_trial,2700,2022-03-11,2022-03-21,0.007530336734814,2022,2021-12-31,learned_market,20260910,0.7072260560701839,0.7072260560701839,1,1
shadow_trial,2705,2022-03-18,2022-03-28,-0.0353493110038457,2022,2021-12-31,learned_market,20260910,0.680562718896786,0.680562718896786,1,0
shadow_trial,2710,2022-03-25,2022-04-06,0.0314834190717003,2022,2021-12-31,learned_market,20260910,0.7149297850291989,0.7149297850291989,1,1
shadow_trial,2715,2022-04-01,2022-04-12,-0.0129237372705649,2022,2021-12-31,learned_market,20260910,0.699650234779605,0.699650234779605,1,0
shadow_trial,2718,2022-04-08,2022-04-18,-0.0120986062576864,2022,2021-12-31,learned_market,20260910,0.7081466712193373,0.7081466712193373,1,0
shadow_trial,2723,2022-04-15,2022-04-25,-0.0528494340140576,2022,2021-12-31,learned_market,20260910,0.6903510287050534,0.6903510287050534,1,0
shadow_trial,2728,2022-04-22,2022-05-05,0.015736821365468,2022,2021-12-31,learned_market,20260910,0.6523274039170177,0.6523274039170177,1,1
shadow_trial,2733,2022-04-29,2022-05-11,-0.0278824133054675,2022,2021-12-31,learned_market,20260910,0.6356812320546283,0.6356812320546283,1,0
shadow_trial,2735,2022-05-06,2022-05-16,0.033741423035827,2022,2021-12-31,learned_market,20260910,0.655223736292306,0.655223736292306,1,1
shadow_trial,2740,2022-05-13,2022-05-23,0.0164308841843088,2022,2021-12-31,learned_market,20260910,0.6496742007126685,0.6496742007126685,1,1
shadow_trial,2745,2022-05-20,2022-05-30,-0.0147293413085614,2022,2021-12-31,learned_market,20260910,0.5903492522212237,0.5903492522212237,1,0
shadow_trial,2750,2022-05-27,2022-06-13,0.0431748431927498,2022,2021-12-31,learned_market,20260910,0.5153438231225524,0.5153438231225524,1,1
shadow_trial,2759,2022-06-10,2022-06-20,0.0306046547112142,2022,2021-12-31,learned_market,20260910,0.5373450933252282,0.5373450933252282,1,1
shadow_trial,2764,2022-06-17,2022-06-27,0.0211666894141107,2022,2021-12-31,learned_market,20260910,0.48085394757640604,0.48085394757640604,0,1
shadow_trial,2769,2022-06-24,2022-07-04,0.0074507343130214,2022,2021-12-31,learned_market,20260910,0.48460550715379297,0.48460550715379297,0,1
shadow_trial,2774,2022-07-01,2022-07-11,-0.0092349827532707,2022,2021-12-31,learned_market,20260910,0.5770861008001591,0.5770861008001591,1,0
shadow_trial,2779,2022-07-08,2022-07-18,-0.0326815927737367,2022,2021-12-31,learned_market,20260910,0.5381607401143592,0.5381607401143592,1,0
shadow_trial,2784,2022-07-15,2022-07-25,-0.0066210715249344,2022,2021-12-31,learned_market,20260910,0.4788824704425519,0.4788824704425519,0,0
shadow_trial,2789,2022-07-22,2022-08-01,-0.0173077967751003,2022,2021-12-31,learned_market,20260910,0.567115820912824,0.567115820912824,1,0
shadow_trial,2794,2022-07-29,2022-08-08,-0.004456034513838,2022,2021-12-31,learned_market,20260910,0.7475455860840632,0.7475455860840632,1,0
shadow_trial,2799,2022-08-05,2022-08-15,0.0091475117753996,2022,2021-12-31,learned_market,20260910,0.6586912425838466,0.6586912425838466,1,1
shadow_trial,2804,2022-08-12,2022-08-22,-0.0107272727272728,2022,2021-12-31,learned_market,20260910,0.6453382465097172,0.6453382465097172,1,0
shadow_trial,2809,2022-08-19,2022-08-29,-0.0172375434082356,2022,2021-12-31,learned_market,20260910,0.674643796620323,0.674643796620323,1,0
shadow_trial,2814,2022-08-26,2022-09-05,-0.0131573766941938,2022,2021-12-31,learned_market,20260910,0.6396510058407642,0.6396510058407642,1,0
shadow_trial,2819,2022-09-02,2022-09-13,0.0253340680878015,2022,2021-12-31,learned_market,20260910,0.6087605094365632,0.6087605094365632,1,1
shadow_trial,2824,2022-09-09,2022-09-19,-0.044647264962877,2022,2021-12-31,learned_market,20260910,0.7721790950630053,0.7721790950630053,1,0
shadow_trial,2828,2022-09-16,2022-09-26,-0.025155151434928,2022,2021-12-31,learned_market,20260910,0.5649186144863099,0.5649186144863099,1,0
shadow_trial,2833,2022-09-23,2022-10-10,-0.0060162941299352,2022,2021-12-31,learned_market,20260910,0.7324525583451496,0.7324525583451496,1,0
shadow_trial,2838,2022-09-30,2022-10-17,0.0041192047412885,2022,2021-12-31,learned_market,20260910,0.551594616292446,0.551594616292446,1,1
shadow_trial,2843,2022-10-14,2022-10-24,-0.0246766294110258,2022,2021-12-31,learned_market,20260910,0.6403027330022243,0.6403027330022243,1,0
shadow_trial,2848,2022-10-21,2022-10-31,-0.059928861134359,2022,2021-12-31,learned_market,20260910,0.6606065161528551,0.6606065161528551,1,0
shadow_trial,2853,2022-10-28,2022-11-07,0.071339502526744,2022,2021-12-31,learned_market,20260910,0.48869287053926297,0.48869287053926297,0,1
shadow_trial,2858,2022-11-04,2022-11-14,0.0169449090696014,2022,2021-12-31,learned_market,20260910,0.6432135269489713,0.6432135269489713,1,1
shadow_trial,2863,2022-11-11,2022-11-21,-0.0127051391515239,2022,2021-12-31,learned_market,20260910,0.606337907594987,0.606337907594987,1,0
shadow_trial,2868,2022-11-18,2022-11-28,-0.0179672806084416,2022,2021-12-31,learned_market,20260910,0.6352060184234257,0.6352060184234257,1,0
shadow_trial,2873,2022-11-25,2022-12-05,0.0555768659337096,2022,2021-12-31,learned_market,20260910,0.5292964513377313,0.5292964513377313,1,1
shadow_trial,2878,2022-12-02,2022-12-12,0.0175374394775362,2022,2021-12-31,learned_market,20260910,0.481550712810143,0.481550712810143,0,1
shadow_trial,2883,2022-12-09,2022-12-19,-0.0058850602464181,2022,2021-12-31,learned_market,20260910,0.4285114421333059,0.4285114421333059,0,0
shadow_trial,2888,2022-12-16,2022-12-26,-0.0309150292073658,2022,2021-12-31,learned_market,20260910,0.606228916591695,0.606228916591695,1,0
shadow_trial,2893,2022-12-23,2023-01-03,0.0089464492229616,2022,2021-12-31,learned_market,20260910,0.5056788487987638,0.5056788487987638,1,1
shadow_trial,2898,2022-12-30,2023-01-09,0.0345913414268119,2022,2021-12-31,learned_market,20260910,0.5477899926075573,0.5477899926075573,1,1
shadow_trial,2660,2022-01-07,2022-01-17,-0.0173453887283024,2022,2021-12-31,learned_vol_interaction,20260910,0.5831076461801695,0.5831076461801695,1,0
shadow_trial,2665,2022-01-14,2022-01-24,0.0053248631776616,2022,2021-12-31,learned_vol_interaction,20260910,0.6744765119030697,0.6744765119030697,1,1
shadow_trial,2670,2022-01-21,2022-02-07,-0.0242661876254222,2022,2021-12-31,learned_vol_interaction,20260910,0.6652743592454685,0.6652743592454685,1,0
shadow_trial,2675,2022-01-28,2022-02-14,-0.0127539031341488,2022,2021-12-31,learned_vol_interaction,20260910,0.6916788990216658,0.6916788990216658,1,0
shadow_trial,2680,2022-02-11,2022-02-21,0.0145498774954033,2022,2021-12-31,learned_vol_interaction,20260910,0.6656475068815167,0.6656475068815167,1,1
shadow_trial,2685,2022-02-18,2022-02-28,-0.0177161244498015,2022,2021-12-31,learned_vol_interaction,20260910,0.7192657526415306,0.7192657526415306,1,0
shadow_trial,2690,2022-02-25,2022-03-07,-0.0221791776043331,2022,2021-12-31,learned_vol_interaction,20260910,0.665128795190077,0.665128795190077,1,0
shadow_trial,2695,2022-03-04,2022-03-14,-0.0480378799422749,2022,2021-12-31,learned_vol_interaction,20260910,0.6570221213989423,0.6570221213989423,1,0
shadow_trial,2700,2022-03-11,2022-03-21,0.007530336734814,2022,2021-12-31,learned_vol_interaction,20260910,0.7032750021899432,0.7032750021899432,1,1
shadow_trial,2705,2022-03-18,2022-03-28,-0.0353493110038457,2022,2021-12-31,learned_vol_interaction,20260910,0.6524086529307518,0.6524086529307518,1,0
shadow_trial,2710,2022-03-25,2022-04-06,0.0314834190717003,2022,2021-12-31,learned_vol_interaction,20260910,0.6942468524177501,0.6942468524177501,1,1
shadow_trial,2715,2022-04-01,2022-04-12,-0.0129237372705649,2022,2021-12-31,learned_vol_interaction,20260910,0.6692714430207383,0.6692714430207383,1,0
shadow_trial,2718,2022-04-08,2022-04-18,-0.0120986062576864,2022,2021-12-31,learned_vol_interaction,20260910,0.6870213134300237,0.6870213134300237,1,0
shadow_trial,2723,2022-04-15,2022-04-25,-0.0528494340140576,2022,2021-12-31,learned_vol_interaction,20260910,0.6863123370385322,0.6863123370385322,1,0
shadow_trial,2728,2022-04-22,2022-05-05,0.015736821365468,2022,2021-12-31,learned_vol_interaction,20260910,0.650740889856783,0.650740889856783,1,1
shadow_trial,2733,2022-04-29,2022-05-11,-0.0278824133054675,2022,2021-12-31,learned_vol_interaction,20260910,0.6202221031032191,0.6202221031032191,1,0
shadow_trial,2735,2022-05-06,2022-05-16,0.033741423035827,2022,2021-12-31,learned_vol_interaction,20260910,0.6392496752711616,0.6392496752711616,1,1
shadow_trial,2740,2022-05-13,2022-05-23,0.0164308841843088,2022,2021-12-31,learned_vol_interaction,20260910,0.6413212557500495,0.6413212557500495,1,1
shadow_trial,2745,2022-05-20,2022-05-30,-0.0147293413085614,2022,2021-12-31,learned_vol_interaction,20260910,0.5814333950080588,0.5814333950080588,1,0
shadow_trial,2750,2022-05-27,2022-06-13,0.0431748431927498,2022,2021-12-31,learned_vol_interaction,20260910,0.5197460553923614,0.5197460553923614,1,1
shadow_trial,2759,2022-06-10,2022-06-20,0.0306046547112142,2022,2021-12-31,learned_vol_interaction,20260910,0.5385759882805518,0.5385759882805518,1,1
shadow_trial,2764,2022-06-17,2022-06-27,0.0211666894141107,2022,2021-12-31,learned_vol_interaction,20260910,0.48255164210709656,0.48255164210709656,0,1
shadow_trial,2769,2022-06-24,2022-07-04,0.0074507343130214,2022,2021-12-31,learned_vol_interaction,20260910,0.4796566656164814,0.4796566656164814,0,1
shadow_trial,2774,2022-07-01,2022-07-11,-0.0092349827532707,2022,2021-12-31,learned_vol_interaction,20260910,0.5729293041374858,0.5729293041374858,1,0
shadow_trial,2779,2022-07-08,2022-07-18,-0.0326815927737367,2022,2021-12-31,learned_vol_interaction,20260910,0.5302683386209299,0.5302683386209299,1,0
shadow_trial,2784,2022-07-15,2022-07-25,-0.0066210715249344,2022,2021-12-31,learned_vol_interaction,20260910,0.4744529012062564,0.4744529012062564,0,0
shadow_trial,2789,2022-07-22,2022-08-01,-0.0173077967751003,2022,2021-12-31,learned_vol_interaction,20260910,0.568735503293615,0.568735503293615,1,0
shadow_trial,2794,2022-07-29,2022-08-08,-0.004456034513838,2022,2021-12-31,learned_vol_interaction,20260910,0.7449112931956193,0.7449112931956193,1,0
shadow_trial,2799,2022-08-05,2022-08-15,0.0091475117753996,2022,2021-12-31,learned_vol_interaction,20260910,0.6690803670858058,0.6690803670858058,1,1
shadow_trial,2804,2022-08-12,2022-08-22,-0.0107272727272728,2022,2021-12-31,learned_vol_interaction,20260910,0.6571875580323422,0.6571875580323422,1,0
shadow_trial,2809,2022-08-19,2022-08-29,-0.0172375434082356,2022,2021-12-31,learned_vol_interaction,20260910,0.6670716563865554,0.6670716563865554,1,0
shadow_trial,2814,2022-08-26,2022-09-05,-0.0131573766941938,2022,2021-12-31,learned_vol_interaction,20260910,0.6419725542084096,0.6419725542084096,1,0
shadow_trial,2819,2022-09-02,2022-09-13,0.0253340680878015,2022,2021-12-31,learned_vol_interaction,20260910,0.6153521718981038,0.6153521718981038,1,1
shadow_trial,2824,2022-09-09,2022-09-19,-0.044647264962877,2022,2021-12-31,learned_vol_interaction,20260910,0.784077999023363,0.784077999023363,1,0
shadow_trial,2828,2022-09-16,2022-09-26,-0.025155151434928,2022,2021-12-31,learned_vol_interaction,20260910,0.5761867154144525,0.5761867154144525,1,0
shadow_trial,2833,2022-09-23,2022-10-10,-0.0060162941299352,2022,2021-12-31,learned_vol_interaction,20260910,0.7436633183671754,0.7436633183671754,1,0
shadow_trial,2838,2022-09-30,2022-10-17,0.0041192047412885,2022,2021-12-31,learned_vol_interaction,20260910,0.5600994269795847,0.5600994269795847,1,1
shadow_trial,2843,2022-10-14,2022-10-24,-0.0246766294110258,2022,2021-12-31,learned_vol_interaction,20260910,0.6357117591692524,0.6357117591692524,1,0
shadow_trial,2848,2022-10-21,2022-10-31,-0.059928861134359,2022,2021-12-31,learned_vol_interaction,20260910,0.6680943131119911,0.6680943131119911,1,0
shadow_trial,2853,2022-10-28,2022-11-07,0.071339502526744,2022,2021-12-31,learned_vol_interaction,20260910,0.4928902394481825,0.4928902394481825,0,1
shadow_trial,2858,2022-11-04,2022-11-14,0.0169449090696014,2022,2021-12-31,learned_vol_interaction,20260910,0.6146316194730053,0.6146316194730053,1,1
shadow_trial,2863,2022-11-11,2022-11-21,-0.0127051391515239,2022,2021-12-31,learned_vol_interaction,20260910,0.5902125996115632,0.5902125996115632,1,0
shadow_trial,2868,2022-11-18,2022-11-28,-0.0179672806084416,2022,2021-12-31,learned_vol_interaction,20260910,0.6226898926200907,0.6226898926200907,1,0
shadow_trial,2873,2022-11-25,2022-12-05,0.0555768659337096,2022,2021-12-31,learned_vol_interaction,20260910,0.5363930512088583,0.5363930512088583,1,1
shadow_trial,2878,2022-12-02,2022-12-12,0.0175374394775362,2022,2021-12-31,learned_vol_interaction,20260910,0.4815686247668643,0.4815686247668643,0,1
shadow_trial,2883,2022-12-09,2022-12-19,-0.0058850602464181,2022,2021-12-31,learned_vol_interaction,20260910,0.4159362652943189,0.4159362652943189,0,0
shadow_trial,2888,2022-12-16,2022-12-26,-0.0309150292073658,2022,2021-12-31,learned_vol_interaction,20260910,0.605083809558607,0.605083809558607,1,0
shadow_trial,2893,2022-12-23,2023-01-03,0.0089464492229616,2022,2021-12-31,learned_vol_interaction,20260910,0.4991053059678844,0.4991053059678844,0,1
shadow_trial,2898,2022-12-30,2023-01-09,0.0345913414268119,2022,2021-12-31,learned_vol_interaction,20260910,0.5490024086475767,0.5490024086475767,1,1
shadow_trial,2660,2022-01-07,2022-01-17,-0.0173453887283024,2022,2021-12-31,learned_order_extension,20260910,0.566864392886939,0.566864392886939,1,0
shadow_trial,2665,2022-01-14,2022-01-24,0.0053248631776616,2022,2021-12-31,learned_order_extension,20260910,0.6690763940918765,0.6690763940918765,1,1
shadow_trial,2670,2022-01-21,2022-02-07,-0.0242661876254222,2022,2021-12-31,learned_order_extension,20260910,0.6566842946116621,0.6566842946116621,1,0
shadow_trial,2675,2022-01-28,2022-02-14,-0.0127539031341488,2022,2021-12-31,learned_order_extension,20260910,0.668769824144909,0.668769824144909,1,0
shadow_trial,2680,2022-02-11,2022-02-21,0.0145498774954033,2022,2021-12-31,learned_order_extension,20260910,0.6554002636047295,0.6554002636047295,1,1
shadow_trial,2685,2022-02-18,2022-02-28,-0.0177161244498015,2022,2021-12-31,learned_order_extension,20260910,0.7136098531605942,0.7136098531605942,1,0
shadow_trial,2690,2022-02-25,2022-03-07,-0.0221791776043331,2022,2021-12-31,learned_order_extension,20260910,0.6487731912125562,0.6487731912125562,1,0
shadow_trial,2695,2022-03-04,2022-03-14,-0.0480378799422749,2022,2021-12-31,learned_order_extension,20260910,0.6318792296674466,0.6318792296674466,1,0
shadow_trial,2700,2022-03-11,2022-03-21,0.007530336734814,2022,2021-12-31,learned_order_extension,20260910,0.6914869969738268,0.6914869969738268,1,1
shadow_trial,2705,2022-03-18,2022-03-28,-0.0353493110038457,2022,2021-12-31,learned_order_extension,20260910,0.6587542387705517,0.6587542387705517,1,0
shadow_trial,2710,2022-03-25,2022-04-06,0.0314834190717003,2022,2021-12-31,learned_order_extension,20260910,0.6972076913228429,0.6972076913228429,1,1
shadow_trial,2715,2022-04-01,2022-04-12,-0.0129237372705649,2022,2021-12-31,learned_order_extension,20260910,0.6698700948387382,0.6698700948387382,1,0
shadow_trial,2718,2022-04-08,2022-04-18,-0.0120986062576864,2022,2021-12-31,learned_order_extension,20260910,0.6806371615463094,0.6806371615463094,1,0
shadow_trial,2723,2022-04-15,2022-04-25,-0.0528494340140576,2022,2021-12-31,learned_order_extension,20260910,0.6734562693191574,0.6734562693191574,1,0
shadow_trial,2728,2022-04-22,2022-05-05,0.015736821365468,2022,2021-12-31,learned_order_extension,20260910,0.6412880357294892,0.6412880357294892,1,1
shadow_trial,2733,2022-04-29,2022-05-11,-0.0278824133054675,2022,2021-12-31,learned_order_extension,20260910,0.6287985885797217,0.6287985885797217,1,0
shadow_trial,2735,2022-05-06,2022-05-16,0.033741423035827,2022,2021-12-31,learned_order_extension,20260910,0.6540416538097915,0.6540416538097915,1,1
shadow_trial,2740,2022-05-13,2022-05-23,0.0164308841843088,2022,2021-12-31,learned_order_extension,20260910,0.6547674512326901,0.6547674512326901,1,1
shadow_trial,2745,2022-05-20,2022-05-30,-0.0147293413085614,2022,2021-12-31,learned_order_extension,20260910,0.5882230547766246,0.5882230547766246,1,0
shadow_trial,2750,2022-05-27,2022-06-13,0.0431748431927498,2022,2021-12-31,learned_order_extension,20260910,0.508142218915277,0.508142218915277,1,1
shadow_trial,2759,2022-06-10,2022-06-20,0.0306046547112142,2022,2021-12-31,learned_order_extension,20260910,0.5322541068789998,0.5322541068789998,1,1
shadow_trial,2764,2022-06-17,2022-06-27,0.0211666894141107,2022,2021-12-31,learned_order_extension,20260910,0.4859253122353308,0.4859253122353308,0,1
shadow_trial,2769,2022-06-24,2022-07-04,0.0074507343130214,2022,2021-12-31,learned_order_extension,20260910,0.4875812841679665,0.4875812841679665,0,1
shadow_trial,2774,2022-07-01,2022-07-11,-0.0092349827532707,2022,2021-12-31,learned_order_extension,20260910,0.5673900409205141,0.5673900409205141,1,0
shadow_trial,2779,2022-07-08,2022-07-18,-0.0326815927737367,2022,2021-12-31,learned_order_extension,20260910,0.5410131618864253,0.5410131618864253,1,0
shadow_trial,2784,2022-07-15,2022-07-25,-0.0066210715249344,2022,2021-12-31,learned_order_extension,20260910,0.47973859027832644,0.47973859027832644,0,0
shadow_trial,2789,2022-07-22,2022-08-01,-0.0173077967751003,2022,2021-12-31,learned_order_extension,20260910,0.5665009900782988,0.5665009900782988,1,0
shadow_trial,2794,2022-07-29,2022-08-08,-0.004456034513838,2022,2021-12-31,learned_order_extension,20260910,0.6826002369228839,0.6826002369228839,1,0
shadow_trial,2799,2022-08-05,2022-08-15,0.0091475117753996,2022,2021-12-31,learned_order_extension,20260910,0.6264531350174127,0.6264531350174127,1,1
shadow_trial,2804,2022-08-12,2022-08-22,-0.0107272727272728,2022,2021-12-31,learned_order_extension,20260910,0.6234550049594982,0.6234550049594982,1,0
shadow_trial,2809,2022-08-19,2022-08-29,-0.0172375434082356,2022,2021-12-31,learned_order_extension,20260910,0.614312207680884,0.614312207680884,1,0
shadow_trial,2814,2022-08-26,2022-09-05,-0.0131573766941938,2022,2021-12-31,learned_order_extension,20260910,0.6167311395003157,0.6167311395003157,1,0
shadow_trial,2819,2022-09-02,2022-09-13,0.0253340680878015,2022,2021-12-31,learned_order_extension,20260910,0.5957625148526239,0.5957625148526239,1,1
shadow_trial,2824,2022-09-09,2022-09-19,-0.044647264962877,2022,2021-12-31,learned_order_extension,20260910,0.6877495846105631,0.6877495846105631,1,0
shadow_trial,2828,2022-09-16,2022-09-26,-0.025155151434928,2022,2021-12-31,learned_order_extension,20260910,0.5682731902480352,0.5682731902480352,1,0
shadow_trial,2833,2022-09-23,2022-10-10,-0.0060162941299352,2022,2021-12-31,learned_order_extension,20260910,0.6781748015829271,0.6781748015829271,1,0
shadow_trial,2838,2022-09-30,2022-10-17,0.0041192047412885,2022,2021-12-31,learned_order_extension,20260910,0.5645710885067642,0.5645710885067642,1,1
shadow_trial,2843,2022-10-14,2022-10-24,-0.0246766294110258,2022,2021-12-31,learned_order_extension,20260910,0.6076423145030778,0.6076423145030778,1,0
shadow_trial,2848,2022-10-21,2022-10-31,-0.059928861134359,2022,2021-12-31,learned_order_extension,20260910,0.6557670364672438,0.6557670364672438,1,0
shadow_trial,2853,2022-10-28,2022-11-07,0.071339502526744,2022,2021-12-31,learned_order_extension,20260910,0.49762556857203943,0.49762556857203943,0,1
shadow_trial,2858,2022-11-04,2022-11-14,0.0169449090696014,2022,2021-12-31,learned_order_extension,20260910,0.613159850832912,0.613159850832912,1,1
shadow_trial,2863,2022-11-11,2022-11-21,-0.0127051391515239,2022,2021-12-31,learned_order_extension,20260910,0.5964706436497149,0.5964706436497149,1,0
shadow_trial,2868,2022-11-18,2022-11-28,-0.0179672806084416,2022,2021-12-31,learned_order_extension,20260910,0.6322085568902898,0.6322085568902898,1,0
shadow_trial,2873,2022-11-25,2022-12-05,0.0555768659337096,2022,2021-12-31,learned_order_extension,20260910,0.5288535444594932,0.5288535444594932,1,1
shadow_trial,2878,2022-12-02,2022-12-12,0.0175374394775362,2022,2021-12-31,learned_order_extension,20260910,0.45376890427100824,0.45376890427100824,0,1
shadow_trial,2883,2022-12-09,2022-12-19,-0.0058850602464181,2022,2021-12-31,learned_order_extension,20260910,0.3857611085657667,0.3857611085657667,0,0
shadow_trial,2888,2022-12-16,2022-12-26,-0.0309150292073658,2022,2021-12-31,learned_order_extension,20260910,0.6088248587164643,0.6088248587164643,1,0
shadow_trial,2893,2022-12-23,2023-01-03,0.0089464492229616,2022,2021-12-31,learned_order_extension,20260910,0.4984357443577794,0.4984357443577794,0,1
shadow_trial,2898,2022-12-30,2023-01-09,0.0345913414268119,2022,2021-12-31,learned_order_extension,20260910,0.5535432643045607,0.5535432643045607,1,1
shadow_trial,2660,2022-01-07,2022-01-17,-0.0173453887283024,2022,2021-12-31,learned_order_offset,20260910,0.5666647543526758,0.5666647543526758,1,0
shadow_trial,2665,2022-01-14,2022-01-24,0.0053248631776616,2022,2021-12-31,learned_order_offset,20260910,0.6685371525240916,0.6685371525240916,1,1
shadow_trial,2670,2022-01-21,2022-02-07,-0.0242661876254222,2022,2021-12-31,learned_order_offset,20260910,0.6567323025522784,0.6567323025522784,1,0
shadow_trial,2675,2022-01-28,2022-02-14,-0.0127539031341488,2022,2021-12-31,learned_order_offset,20260910,0.6683313210695451,0.6683313210695451,1,0
shadow_trial,2680,2022-02-11,2022-02-21,0.0145498774954033,2022,2021-12-31,learned_order_offset,20260910,0.6551608348224088,0.6551608348224088,1,1
shadow_trial,2685,2022-02-18,2022-02-28,-0.0177161244498015,2022,2021-12-31,learned_order_offset,20260910,0.713244067556852,0.713244067556852,1,0
shadow_trial,2690,2022-02-25,2022-03-07,-0.0221791776043331,2022,2021-12-31,learned_order_offset,20260910,0.6484724441889236,0.6484724441889236,1,0
shadow_trial,2695,2022-03-04,2022-03-14,-0.0480378799422749,2022,2021-12-31,learned_order_offset,20260910,0.6314504954417829,0.6314504954417829,1,0
shadow_trial,2700,2022-03-11,2022-03-21,0.007530336734814,2022,2021-12-31,learned_order_offset,20260910,0.691194443082509,0.691194443082509,1,1
shadow_trial,2705,2022-03-18,2022-03-28,-0.0353493110038457,2022,2021-12-31,learned_order_offset,20260910,0.6583803934930407,0.6583803934930407,1,0
shadow_trial,2710,2022-03-25,2022-04-06,0.0314834190717003,2022,2021-12-31,learned_order_offset,20260910,0.696855601595334,0.696855601595334,1,1
shadow_trial,2715,2022-04-01,2022-04-12,-0.0129237372705649,2022,2021-12-31,learned_order_offset,20260910,0.6694890325996018,0.6694890325996018,1,0
shadow_trial,2718,2022-04-08,2022-04-18,-0.0120986062576864,2022,2021-12-31,learned_order_offset,20260910,0.6803426001198963,0.6803426001198963,1,0
shadow_trial,2723,2022-04-15,2022-04-25,-0.0528494340140576,2022,2021-12-31,learned_order_offset,20260910,0.6731249980220481,0.6731249980220481,1,0
shadow_trial,2728,2022-04-22,2022-05-05,0.015736821365468,2022,2021-12-31,learned_order_offset,20260910,0.641097331377158,0.641097331377158,1,1
shadow_trial,2733,2022-04-29,2022-05-11,-0.0278824133054675,2022,2021-12-31,learned_order_offset,20260910,0.6286451625043376,0.6286451625043376,1,0
shadow_trial,2735,2022-05-06,2022-05-16,0.033741423035827,2022,2021-12-31,learned_order_offset,20260910,0.6539023380631441,0.6539023380631441,1,1
shadow_trial,2740,2022-05-13,2022-05-23,0.0164308841843088,2022,2021-12-31,learned_order_offset,20260910,0.6546369622968728,0.6546369622968728,1,1
shadow_trial,2745,2022-05-20,2022-05-30,-0.0147293413085614,2022,2021-12-31,learned_order_offset,20260910,0.5880855347067084,0.5880855347067084,1,0
shadow_trial,2750,2022-05-27,2022-06-13,0.0431748431927498,2022,2021-12-31,learned_order_offset,20260910,0.5080704772787945,0.5080704772787945,1,1
shadow_trial,2759,2022-06-10,2022-06-20,0.0306046547112142,2022,2021-12-31,learned_order_offset,20260910,0.5321675139264588,0.5321675139264588,1,1
shadow_trial,2764,2022-06-17,2022-06-27,0.0211666894141107,2022,2021-12-31,learned_order_offset,20260910,0.485730573138482,0.485730573138482,0,1
shadow_trial,2769,2022-06-24,2022-07-04,0.0074507343130214,2022,2021-12-31,learned_order_offset,20260910,0.48755264163513784,0.48755264163513784,0,1
shadow_trial,2774,2022-07-01,2022-07-11,-0.0092349827532707,2022,2021-12-31,learned_order_offset,20260910,0.5672840355549256,0.5672840355549256,1,0
shadow_trial,2779,2022-07-08,2022-07-18,-0.0326815927737367,2022,2021-12-31,learned_order_offset,20260910,0.5409192694310424,0.5409192694310424,1,0
shadow_trial,2784,2022-07-15,2022-07-25,-0.0066210715249344,2022,2021-12-31,learned_order_offset,20260910,0.47961995538049773,0.47961995538049773,0,0
shadow_trial,2789,2022-07-22,2022-08-01,-0.0173077967751003,2022,2021-12-31,learned_order_offset,20260910,0.5660618100474655,0.5660618100474655,1,0
shadow_trial,2794,2022-07-29,2022-08-08,-0.004456034513838,2022,2021-12-31,learned_order_offset,20260910,0.6825374208841533,0.6825374208841533,1,0
shadow_trial,2799,2022-08-05,2022-08-15,0.0091475117753996,2022,2021-12-31,learned_order_offset,20260910,0.6262247306552385,0.6262247306552385,1,1
shadow_trial,2804,2022-08-12,2022-08-22,-0.0107272727272728,2022,2021-12-31,learned_order_offset,20260910,0.6232298710955773,0.6232298710955773,1,0
shadow_trial,2809,2022-08-19,2022-08-29,-0.0172375434082356,2022,2021-12-31,learned_order_offset,20260910,0.6145969170972031,0.6145969170972031,1,0
shadow_trial,2814,2022-08-26,2022-09-05,-0.0131573766941938,2022,2021-12-31,learned_order_offset,20260910,0.6165117624275381,0.6165117624275381,1,0
shadow_trial,2819,2022-09-02,2022-09-13,0.0253340680878015,2022,2021-12-31,learned_order_offset,20260910,0.5955551925854443,0.5955551925854443,1,1
shadow_trial,2824,2022-09-09,2022-09-19,-0.044647264962877,2022,2021-12-31,learned_order_offset,20260910,0.6875149953447156,0.6875149953447156,1,0
shadow_trial,2828,2022-09-16,2022-09-26,-0.025155151434928,2022,2021-12-31,learned_order_offset,20260910,0.5682727339716999,0.5682727339716999,1,0
shadow_trial,2833,2022-09-23,2022-10-10,-0.0060162941299352,2022,2021-12-31,learned_order_offset,20260910,0.6779775008589831,0.6779775008589831,1,0
shadow_trial,2838,2022-09-30,2022-10-17,0.0041192047412885,2022,2021-12-31,learned_order_offset,20260910,0.5645126654405718,0.5645126654405718,1,1
shadow_trial,2843,2022-10-14,2022-10-24,-0.0246766294110258,2022,2021-12-31,learned_order_offset,20260910,0.6075471196498429,0.6075471196498429,1,0
shadow_trial,2848,2022-10-21,2022-10-31,-0.059928861134359,2022,2021-12-31,learned_order_offset,20260910,0.6556958121122778,0.6556958121122778,1,0
shadow_trial,2853,2022-10-28,2022-11-07,0.071339502526744,2022,2021-12-31,learned_order_offset,20260910,0.4975115636558439,0.4975115636558439,0,1
shadow_trial,2858,2022-11-04,2022-11-14,0.0169449090696014,2022,2021-12-31,learned_order_offset,20260910,0.6129918071450171,0.6129918071450171,1,1
shadow_trial,2863,2022-11-11,2022-11-21,-0.0127051391515239,2022,2021-12-31,learned_order_offset,20260910,0.5961930236665007,0.5961930236665007,1,0
shadow_trial,2868,2022-11-18,2022-11-28,-0.0179672806084416,2022,2021-12-31,learned_order_offset,20260910,0.6320302130297768,0.6320302130297768,1,0
shadow_trial,2873,2022-11-25,2022-12-05,0.0555768659337096,2022,2021-12-31,learned_order_offset,20260910,0.5287341743413922,0.5287341743413922,1,1
shadow_trial,2878,2022-12-02,2022-12-12,0.0175374394775362,2022,2021-12-31,learned_order_offset,20260910,0.4541058300911641,0.4541058300911641,0,1
shadow_trial,2883,2022-12-09,2022-12-19,-0.0058850602464181,2022,2021-12-31,learned_order_offset,20260910,0.3859837300056836,0.3859837300056836,0,0
shadow_trial,2888,2022-12-16,2022-12-26,-0.0309150292073658,2022,2021-12-31,learned_order_offset,20260910,0.6086215781798711,0.6086215781798711,1,0
shadow_trial,2893,2022-12-23,2023-01-03,0.0089464492229616,2022,2021-12-31,learned_order_offset,20260910,0.49854238556394687,0.49854238556394687,0,1
shadow_trial,2898,2022-12-30,2023-01-09,0.0345913414268119,2022,2021-12-31,learned_order_offset,20260910,0.5537040132227125,0.5537040132227125,1,1
shadow_trial,2660,2022-01-07,2022-01-17,-0.0173453887283024,2022,2021-12-31,native_mse,20260910,-0.0034182510339292468,,0,0
shadow_trial,2665,2022-01-14,2022-01-24,0.0053248631776616,2022,2021-12-31,native_mse,20260910,0.004761167720503064,,1,1
shadow_trial,2670,2022-01-21,2022-02-07,-0.0242661876254222,2022,2021-12-31,native_mse,20260910,0.013137367547165641,,1,0
shadow_trial,2675,2022-01-28,2022-02-14,-0.0127539031341488,2022,2021-12-31,native_mse,20260910,0.010886081661597602,,1,0
shadow_trial,2680,2022-02-11,2022-02-21,0.0145498774954033,2022,2021-12-31,native_mse,20260910,0.008879219089809445,,1,1
shadow_trial,2685,2022-02-18,2022-02-28,-0.0177161244498015,2022,2021-12-31,native_mse,20260910,0.009476567447344621,,1,0
shadow_trial,2690,2022-02-25,2022-03-07,-0.0221791776043331,2022,2021-12-31,native_mse,20260910,0.01051598647298397,,1,0
shadow_trial,2695,2022-03-04,2022-03-14,-0.0480378799422749,2022,2021-12-31,native_mse,20260910,0.007053677912636015,,1,0
shadow_trial,2700,2022-03-11,2022-03-21,0.007530336734814,2022,2021-12-31,native_mse,20260910,0.010804442451387935,,1,1
shadow_trial,2705,2022-03-18,2022-03-28,-0.0353493110038457,2022,2021-12-31,native_mse,20260910,0.0072982657258971444,,1,0
shadow_trial,2710,2022-03-25,2022-04-06,0.0314834190717003,2022,2021-12-31,native_mse,20260910,0.007546796616275884,,1,1
shadow_trial,2715,2022-04-01,2022-04-12,-0.0129237372705649,2022,2021-12-31,native_mse,20260910,0.006781430452769677,,1,0
shadow_trial,2718,2022-04-08,2022-04-18,-0.0120986062576864,2022,2021-12-31,native_mse,20260910,0.00652895075643567,,1,0
shadow_trial,2723,2022-04-15,2022-04-25,-0.0528494340140576,2022,2021-12-31,native_mse,20260910,0.006385447465197085,,1,0
shadow_trial,2728,2022-04-22,2022-05-05,0.015736821365468,2022,2021-12-31,native_mse,20260910,0.005099274511858865,,1,1
shadow_trial,2733,2022-04-29,2022-05-11,-0.0278824133054675,2022,2021-12-31,native_mse,20260910,0.004344044298975658,,1,0
shadow_trial,2735,2022-05-06,2022-05-16,0.033741423035827,2022,2021-12-31,native_mse,20260910,0.0035518248227642247,,1,1
shadow_trial,2740,2022-05-13,2022-05-23,0.0164308841843088,2022,2021-12-31,native_mse,20260910,0.002890441768532801,,1,1
shadow_trial,2745,2022-05-20,2022-05-30,-0.0147293413085614,2022,2021-12-31,native_mse,20260910,0.002556802191789734,,1,0
shadow_trial,2750,2022-05-27,2022-06-13,0.0431748431927498,2022,2021-12-31,native_mse,20260910,-0.006714076298392413,,0,1
shadow_trial,2759,2022-06-10,2022-06-20,0.0306046547112142,2022,2021-12-31,native_mse,20260910,-0.0017160693271902699,,0,1
shadow_trial,2764,2022-06-17,2022-06-27,0.0211666894141107,2022,2021-12-31,native_mse,20260910,-0.005554400786314341,,0,1
shadow_trial,2769,2022-06-24,2022-07-04,0.0074507343130214,2022,2021-12-31,native_mse,20260910,-0.006611900023593844,,0,1
shadow_trial,2774,2022-07-01,2022-07-11,-0.0092349827532707,2022,2021-12-31,native_mse,20260910,-0.001849659274069034,,0,0
shadow_trial,2779,2022-07-08,2022-07-18,-0.0326815927737367,2022,2021-12-31,native_mse,20260910,-0.0036295526636022737,,0,0
shadow_trial,2784,2022-07-15,2022-07-25,-0.0066210715249344,2022,2021-12-31,native_mse,20260910,-0.00726704662423343,,0,0
shadow_trial,2789,2022-07-22,2022-08-01,-0.0173077967751003,2022,2021-12-31,native_mse,20260910,-0.005304375487712945,,0,0
shadow_trial,2794,2022-07-29,2022-08-08,-0.004456034513838,2022,2021-12-31,native_mse,20260910,0.012166125781651363,,1,0
shadow_trial,2799,2022-08-05,2022-08-15,0.0091475117753996,2022,2021-12-31,native_mse,20260910,0.004077391662883762,,1,1
shadow_trial,2804,2022-08-12,2022-08-22,-0.0107272727272728,2022,2021-12-31,native_mse,20260910,0.0035826870942200968,,1,0
shadow_trial,2809,2022-08-19,2022-08-29,-0.0172375434082356,2022,2021-12-31,native_mse,20260910,0.012796192349441387,,1,0
shadow_trial,2814,2022-08-26,2022-09-05,-0.0131573766941938,2022,2021-12-31,native_mse,20260910,0.0045980644388349074,,1,0
shadow_trial,2819,2022-09-02,2022-09-13,0.0253340680878015,2022,2021-12-31,native_mse,20260910,0.0016393163861851791,,1,1
shadow_trial,2824,2022-09-09,2022-09-19,-0.044647264962877,2022,2021-12-31,native_mse,20260910,0.011024491197755238,,1,0
shadow_trial,2828,2022-09-16,2022-09-26,-0.025155151434928,2022,2021-12-31,native_mse,20260910,0.0006249539921165778,,1,0
shadow_trial,2833,2022-09-23,2022-10-10,-0.0060162941299352,2022,2021-12-31,native_mse,20260910,0.00941379002591237,,1,0
shadow_trial,2838,2022-09-30,2022-10-17,0.0041192047412885,2022,2021-12-31,native_mse,20260910,-0.003455449604433236,,0,1
shadow_trial,2843,2022-10-14,2022-10-24,-0.0246766294110258,2022,2021-12-31,native_mse,20260910,0.004982119577206458,,1,0
shadow_trial,2848,2022-10-21,2022-10-31,-0.059928861134359,2022,2021-12-31,native_mse,20260910,0.004400428951388619,,1,0
shadow_trial,2853,2022-10-28,2022-11-07,0.071339502526744,2022,2021-12-31,native_mse,20260910,-0.004533662272660886,,0,1
shadow_trial,2858,2022-11-04,2022-11-14,0.0169449090696014,2022,2021-12-31,native_mse,20260910,0.009145763900992613,,1,1
shadow_trial,2863,2022-11-11,2022-11-21,-0.0127051391515239,2022,2021-12-31,native_mse,20260910,0.005105981957746508,,1,0
shadow_trial,2868,2022-11-18,2022-11-28,-0.0179672806084416,2022,2021-12-31,native_mse,20260910,0.004390010241707061,,1,0
shadow_trial,2873,2022-11-25,2022-12-05,0.0555768659337096,2022,2021-12-31,native_mse,20260910,-0.0021694749097981593,,0,1
shadow_trial,2878,2022-12-02,2022-12-12,0.0175374394775362,2022,2021-12-31,native_mse,20260910,-0.008963509314181651,,0,1
shadow_trial,2883,2022-12-09,2022-12-19,-0.0058850602464181,2022,2021-12-31,native_mse,20260910,-0.008742160121666592,,0,0
shadow_trial,2888,2022-12-16,2022-12-26,-0.0309150292073658,2022,2021-12-31,native_mse,20260910,0.00021070675399415396,,1,0
shadow_trial,2893,2022-12-23,2023-01-03,0.0089464492229616,2022,2021-12-31,native_mse,20260910,-0.006931659189351796,,0,1
shadow_trial,2898,2022-12-30,2023-01-09,0.0345913414268119,2022,2021-12-31,native_mse,20260910,-0.004005139352311209,,0,1
shadow_trial,2660,2022-01-07,2022-01-17,-0.0173453887283024,2022,2021-12-31,training_frequency,-1,0.5458298926507019,0.5458298926507019,1,0
shadow_trial,2665,2022-01-14,2022-01-24,0.0053248631776616,2022,2021-12-31,training_frequency,-1,0.5458298926507019,0.5458298926507019,1,1
shadow_trial,2670,2022-01-21,2022-02-07,-0.0242661876254222,2022,2021-12-31,training_frequency,-1,0.5458298926507019,0.5458298926507019,1,0
shadow_trial,2675,2022-01-28,2022-02-14,-0.0127539031341488,2022,2021-12-31,training_frequency,-1,0.5458298926507019,0.5458298926507019,1,0
shadow_trial,2680,2022-02-11,2022-02-21,0.0145498774954033,2022,2021-12-31,training_frequency,-1,0.5458298926507019,0.5458298926507019,1,1
shadow_trial,2685,2022-02-18,2022-02-28,-0.0177161244498015,2022,2021-12-31,training_frequency,-1,0.5458298926507019,0.5458298926507019,1,0
shadow_trial,2690,2022-02-25,2022-03-07,-0.0221791776043331,2022,2021-12-31,training_frequency,-1,0.5458298926507019,0.5458298926507019,1,0
shadow_trial,2695,2022-03-04,2022-03-14,-0.0480378799422749,2022,2021-12-31,training_frequency,-1,0.5458298926507019,0.5458298926507019,1,0
shadow_trial,2700,2022-03-11,2022-03-21,0.007530336734814,2022,2021-12-31,training_frequency,-1,0.5458298926507019,0.5458298926507019,1,1
shadow_trial,2705,2022-03-18,2022-03-28,-0.0353493110038457,2022,2021-12-31,training_frequency,-1,0.5458298926507019,0.5458298926507019,1,0
shadow_trial,2710,2022-03-25,2022-04-06,0.0314834190717003,2022,2021-12-31,training_frequency,-1,0.5458298926507019,0.5458298926507019,1,1
shadow_trial,2715,2022-04-01,2022-04-12,-0.0129237372705649,2022,2021-12-31,training_frequency,-1,0.5458298926507019,0.5458298926507019,1,0
shadow_trial,2718,2022-04-08,2022-04-18,-0.0120986062576864,2022,2021-12-31,training_frequency,-1,0.5458298926507019,0.5458298926507019,1,0
shadow_trial,2723,2022-04-15,2022-04-25,-0.0528494340140576,2022,2021-12-31,training_frequency,-1,0.5458298926507019,0.5458298926507019,1,0
shadow_trial,2728,2022-04-22,2022-05-05,0.015736821365468,2022,2021-12-31,training_frequency,-1,0.5458298926507019,0.5458298926507019,1,1
shadow_trial,2733,2022-04-29,2022-05-11,-0.0278824133054675,2022,2021-12-31,training_frequency,-1,0.5458298926507019,0.5458298926507019,1,0
shadow_trial,2735,2022-05-06,2022-05-16,0.033741423035827,2022,2021-12-31,training_frequency,-1,0.5458298926507019,0.5458298926507019,1,1
shadow_trial,2740,2022-05-13,2022-05-23,0.0164308841843088,2022,2021-12-31,training_frequency,-1,0.5458298926507019,0.5458298926507019,1,1
shadow_trial,2745,2022-05-20,2022-05-30,-0.0147293413085614,2022,2021-12-31,training_frequency,-1,0.5458298926507019,0.5458298926507019,1,0
shadow_trial,2750,2022-05-27,2022-06-13,0.0431748431927498,2022,2021-12-31,training_frequency,-1,0.5458298926507019,0.5458298926507019,1,1
shadow_trial,2759,2022-06-10,2022-06-20,0.0306046547112142,2022,2021-12-31,training_frequency,-1,0.5458298926507019,0.5458298926507019,1,1
shadow_trial,2764,2022-06-17,2022-06-27,0.0211666894141107,2022,2021-12-31,training_frequency,-1,0.5458298926507019,0.5458298926507019,1,1
shadow_trial,2769,2022-06-24,2022-07-04,0.0074507343130214,2022,2021-12-31,training_frequency,-1,0.5458298926507019,0.5458298926507019,1,1
shadow_trial,2774,2022-07-01,2022-07-11,-0.0092349827532707,2022,2021-12-31,training_frequency,-1,0.5458298926507019,0.5458298926507019,1,0
shadow_trial,2779,2022-07-08,2022-07-18,-0.0326815927737367,2022,2021-12-31,training_frequency,-1,0.5458298926507019,0.5458298926507019,1,0
shadow_trial,2784,2022-07-15,2022-07-25,-0.0066210715249344,2022,2021-12-31,training_frequency,-1,0.5458298926507019,0.5458298926507019,1,0
shadow_trial,2789,2022-07-22,2022-08-01,-0.0173077967751003,2022,2021-12-31,training_frequency,-1,0.5458298926507019,0.5458298926507019,1,0
shadow_trial,2794,2022-07-29,2022-08-08,-0.004456034513838,2022,2021-12-31,training_frequency,-1,0.5458298926507019,0.5458298926507019,1,0
shadow_trial,2799,2022-08-05,2022-08-15,0.0091475117753996,2022,2021-12-31,training_frequency,-1,0.5458298926507019,0.5458298926507019,1,1
shadow_trial,2804,2022-08-12,2022-08-22,-0.0107272727272728,2022,2021-12-31,training_frequency,-1,0.5458298926507019,0.5458298926507019,1,0
shadow_trial,2809,2022-08-19,2022-08-29,-0.0172375434082356,2022,2021-12-31,training_frequency,-1,0.5458298926507019,0.5458298926507019,1,0
shadow_trial,2814,2022-08-26,2022-09-05,-0.0131573766941938,2022,2021-12-31,training_frequency,-1,0.5458298926507019,0.5458298926507019,1,0
shadow_trial,2819,2022-09-02,2022-09-13,0.0253340680878015,2022,2021-12-31,training_frequency,-1,0.5458298926507019,0.5458298926507019,1,1
shadow_trial,2824,2022-09-09,2022-09-19,-0.044647264962877,2022,2021-12-31,training_frequency,-1,0.5458298926507019,0.5458298926507019,1,0
shadow_trial,2828,2022-09-16,2022-09-26,-0.025155151434928,2022,2021-12-31,training_frequency,-1,0.5458298926507019,0.5458298926507019,1,0
shadow_trial,2833,2022-09-23,2022-10-10,-0.0060162941299352,2022,2021-12-31,training_frequency,-1,0.5458298926507019,0.5458298926507019,1,0
shadow_trial,2838,2022-09-30,2022-10-17,0.0041192047412885,2022,2021-12-31,training_frequency,-1,0.5458298926507019,0.5458298926507019,1,1
shadow_trial,2843,2022-10-14,2022-10-24,-0.0246766294110258,2022,2021-12-31,training_frequency,-1,0.5458298926507019,0.5458298926507019,1,0
shadow_trial,2848,2022-10-21,2022-10-31,-0.059928861134359,2022,2021-12-31,training_frequency,-1,0.5458298926507019,0.5458298926507019,1,0
shadow_trial,2853,2022-10-28,2022-11-07,0.071339502526744,2022,2021-12-31,training_frequency,-1,0.5458298926507019,0.5458298926507019,1,1
shadow_trial,2858,2022-11-04,2022-11-14,0.0169449090696014,2022,2021-12-31,training_frequency,-1,0.5458298926507019,0.5458298926507019,1,1
shadow_trial,2863,2022-11-11,2022-11-21,-0.0127051391515239,2022,2021-12-31,training_frequency,-1,0.5458298926507019,0.5458298926507019,1,0
shadow_trial,2868,2022-11-18,2022-11-28,-0.0179672806084416,2022,2021-12-31,training_frequency,-1,0.5458298926507019,0.5458298926507019,1,0
shadow_trial,2873,2022-11-25,2022-12-05,0.0555768659337096,2022,2021-12-31,training_frequency,-1,0.5458298926507019,0.5458298926507019,1,1
shadow_trial,2878,2022-12-02,2022-12-12,0.0175374394775362,2022,2021-12-31,training_frequency,-1,0.5458298926507019,0.5458298926507019,1,1
shadow_trial,2883,2022-12-09,2022-12-19,-0.0058850602464181,2022,2021-12-31,training_frequency,-1,0.5458298926507019,0.5458298926507019,1,0
shadow_trial,2888,2022-12-16,2022-12-26,-0.0309150292073658,2022,2021-12-31,training_frequency,-1,0.5458298926507019,0.5458298926507019,1,0
shadow_trial,2893,2022-12-23,2023-01-03,0.0089464492229616,2022,2021-12-31,training_frequency,-1,0.5458298926507019,0.5458298926507019,1,1
shadow_trial,2898,2022-12-30,2023-01-09,0.0345913414268119,2022,2021-12-31,training_frequency,-1,0.5458298926507019,0.5458298926507019,1,1
shadow_trial,2660,2022-01-07,2022-01-17,-0.0173453887283024,2022,2021-12-31,learned_market,20260911,0.7294539059117436,0.7294539059117436,1,0
shadow_trial,2665,2022-01-14,2022-01-24,0.0053248631776616,2022,2021-12-31,learned_market,20260911,0.8407883156513567,0.8407883156513567,1,1
shadow_trial,2670,2022-01-21,2022-02-07,-0.0242661876254222,2022,2021-12-31,learned_market,20260911,0.6706767764059957,0.6706767764059957,1,0
shadow_trial,2675,2022-01-28,2022-02-14,-0.0127539031341488,2022,2021-12-31,learned_market,20260911,0.49396242770649035,0.49396242770649035,0,0
shadow_trial,2680,2022-02-11,2022-02-21,0.0145498774954033,2022,2021-12-31,learned_market,20260911,0.6718433913580089,0.6718433913580089,1,1
shadow_trial,2685,2022-02-18,2022-02-28,-0.0177161244498015,2022,2021-12-31,learned_market,20260911,0.5840107527473801,0.5840107527473801,1,0
shadow_trial,2690,2022-02-25,2022-03-07,-0.0221791776043331,2022,2021-12-31,learned_market,20260911,0.59915482742086,0.59915482742086,1,0
shadow_trial,2695,2022-03-04,2022-03-14,-0.0480378799422749,2022,2021-12-31,learned_market,20260911,0.64751535974218,0.64751535974218,1,0
shadow_trial,2700,2022-03-11,2022-03-21,0.007530336734814,2022,2021-12-31,learned_market,20260911,0.6601858855959774,0.6601858855959774,1,1
shadow_trial,2705,2022-03-18,2022-03-28,-0.0353493110038457,2022,2021-12-31,learned_market,20260911,0.5676194322684474,0.5676194322684474,1,0
shadow_trial,2710,2022-03-25,2022-04-06,0.0314834190717003,2022,2021-12-31,learned_market,20260911,0.7331434681165004,0.7331434681165004,1,1
shadow_trial,2715,2022-04-01,2022-04-12,-0.0129237372705649,2022,2021-12-31,learned_market,20260911,0.7319064424968235,0.7319064424968235,1,0
shadow_trial,2718,2022-04-08,2022-04-18,-0.0120986062576864,2022,2021-12-31,learned_market,20260911,0.6054453974595707,0.6054453974595707,1,0
shadow_trial,2723,2022-04-15,2022-04-25,-0.0528494340140576,2022,2021-12-31,learned_market,20260911,0.780048801319433,0.780048801319433,1,0
shadow_trial,2728,2022-04-22,2022-05-05,0.015736821365468,2022,2021-12-31,learned_market,20260911,0.734465746968055,0.734465746968055,1,1
shadow_trial,2733,2022-04-29,2022-05-11,-0.0278824133054675,2022,2021-12-31,learned_market,20260911,0.5168257973739826,0.5168257973739826,1,0
shadow_trial,2735,2022-05-06,2022-05-16,0.033741423035827,2022,2021-12-31,learned_market,20260911,0.40189346381722363,0.40189346381722363,0,1
shadow_trial,2740,2022-05-13,2022-05-23,0.0164308841843088,2022,2021-12-31,learned_market,20260911,0.5083996095353812,0.5083996095353812,1,1
shadow_trial,2745,2022-05-20,2022-05-30,-0.0147293413085614,2022,2021-12-31,learned_market,20260911,0.554311952008104,0.554311952008104,1,0
shadow_trial,2750,2022-05-27,2022-06-13,0.0431748431927498,2022,2021-12-31,learned_market,20260911,0.6026682500069707,0.6026682500069707,1,1
shadow_trial,2759,2022-06-10,2022-06-20,0.0306046547112142,2022,2021-12-31,learned_market,20260911,0.32881944420528136,0.32881944420528136,0,1
shadow_trial,2764,2022-06-17,2022-06-27,0.0211666894141107,2022,2021-12-31,learned_market,20260911,0.35966324404140343,0.35966324404140343,0,1
shadow_trial,2769,2022-06-24,2022-07-04,0.0074507343130214,2022,2021-12-31,learned_market,20260911,0.46809827445499036,0.46809827445499036,0,1
shadow_trial,2774,2022-07-01,2022-07-11,-0.0092349827532707,2022,2021-12-31,learned_market,20260911,0.5193349295186931,0.5193349295186931,1,0
shadow_trial,2779,2022-07-08,2022-07-18,-0.0326815927737367,2022,2021-12-31,learned_market,20260911,0.5210563697553774,0.5210563697553774,1,0
shadow_trial,2784,2022-07-15,2022-07-25,-0.0066210715249344,2022,2021-12-31,learned_market,20260911,0.276078528858952,0.276078528858952,0,0
shadow_trial,2789,2022-07-22,2022-08-01,-0.0173077967751003,2022,2021-12-31,learned_market,20260911,0.3174121093765397,0.3174121093765397,0,0
shadow_trial,2794,2022-07-29,2022-08-08,-0.004456034513838,2022,2021-12-31,learned_market,20260911,0.5558739451685917,0.5558739451685917,1,0
shadow_trial,2799,2022-08-05,2022-08-15,0.0091475117753996,2022,2021-12-31,learned_market,20260911,0.7108208060891671,0.7108208060891671,1,1
shadow_trial,2804,2022-08-12,2022-08-22,-0.0107272727272728,2022,2021-12-31,learned_market,20260911,0.7273713339025305,0.7273713339025305,1,0
shadow_trial,2809,2022-08-19,2022-08-29,-0.0172375434082356,2022,2021-12-31,learned_market,20260911,0.6886147057688298,0.6886147057688298,1,0
shadow_trial,2814,2022-08-26,2022-09-05,-0.0131573766941938,2022,2021-12-31,learned_market,20260911,0.7346873214158656,0.7346873214158656,1,0
shadow_trial,2819,2022-09-02,2022-09-13,0.0253340680878015,2022,2021-12-31,learned_market,20260911,0.6710140552387813,0.6710140552387813,1,1
shadow_trial,2824,2022-09-09,2022-09-19,-0.044647264962877,2022,2021-12-31,learned_market,20260911,0.6038239271387368,0.6038239271387368,1,0
shadow_trial,2828,2022-09-16,2022-09-26,-0.025155151434928,2022,2021-12-31,learned_market,20260911,0.6255457939860786,0.6255457939860786,1,0
shadow_trial,2833,2022-09-23,2022-10-10,-0.0060162941299352,2022,2021-12-31,learned_market,20260911,0.7610381426054592,0.7610381426054592,1,0
shadow_trial,2838,2022-09-30,2022-10-17,0.0041192047412885,2022,2021-12-31,learned_market,20260911,0.6286054158457117,0.6286054158457117,1,1
shadow_trial,2843,2022-10-14,2022-10-24,-0.0246766294110258,2022,2021-12-31,learned_market,20260911,0.6024904340723066,0.6024904340723066,1,0
shadow_trial,2848,2022-10-21,2022-10-31,-0.059928861134359,2022,2021-12-31,learned_market,20260911,0.7274642486524198,0.7274642486524198,1,0
shadow_trial,2853,2022-10-28,2022-11-07,0.071339502526744,2022,2021-12-31,learned_market,20260911,0.6162056186940947,0.6162056186940947,1,1
shadow_trial,2858,2022-11-04,2022-11-14,0.0169449090696014,2022,2021-12-31,learned_market,20260911,0.2741800907264702,0.2741800907264702,0,1
shadow_trial,2863,2022-11-11,2022-11-21,-0.0127051391515239,2022,2021-12-31,learned_market,20260911,0.4034782500066313,0.4034782500066313,0,0
shadow_trial,2868,2022-11-18,2022-11-28,-0.0179672806084416,2022,2021-12-31,learned_market,20260911,0.28542469178379576,0.28542469178379576,0,0
shadow_trial,2873,2022-11-25,2022-12-05,0.0555768659337096,2022,2021-12-31,learned_market,20260911,0.47138114372847095,0.47138114372847095,0,1
shadow_trial,2878,2022-12-02,2022-12-12,0.0175374394775362,2022,2021-12-31,learned_market,20260911,0.619105964448534,0.619105964448534,1,1
shadow_trial,2883,2022-12-09,2022-12-19,-0.0058850602464181,2022,2021-12-31,learned_market,20260911,0.5282980986624768,0.5282980986624768,1,0
shadow_trial,2888,2022-12-16,2022-12-26,-0.0309150292073658,2022,2021-12-31,learned_market,20260911,0.4732576186190321,0.4732576186190321,0,0
shadow_trial,2893,2022-12-23,2023-01-03,0.0089464492229616,2022,2021-12-31,learned_market,20260911,0.6046975557386036,0.6046975557386036,1,1
shadow_trial,2898,2022-12-30,2023-01-09,0.0345913414268119,2022,2021-12-31,learned_market,20260911,0.3076905762143074,0.3076905762143074,0,1
shadow_trial,2660,2022-01-07,2022-01-17,-0.0173453887283024,2022,2021-12-31,learned_vol_interaction,20260911,0.7282516722944598,0.7282516722944598,1,0
shadow_trial,2665,2022-01-14,2022-01-24,0.0053248631776616,2022,2021-12-31,learned_vol_interaction,20260911,0.8368717958263094,0.8368717958263094,1,1
shadow_trial,2670,2022-01-21,2022-02-07,-0.0242661876254222,2022,2021-12-31,learned_vol_interaction,20260911,0.669613908132946,0.669613908132946,1,0
shadow_trial,2675,2022-01-28,2022-02-14,-0.0127539031341488,2022,2021-12-31,learned_vol_interaction,20260911,0.49771804856397844,0.49771804856397844,0,0
shadow_trial,2680,2022-02-11,2022-02-21,0.0145498774954033,2022,2021-12-31,learned_vol_interaction,20260911,0.6694625883349451,0.6694625883349451,1,1
shadow_trial,2685,2022-02-18,2022-02-28,-0.0177161244498015,2022,2021-12-31,learned_vol_interaction,20260911,0.5867879452577756,0.5867879452577756,1,0
shadow_trial,2690,2022-02-25,2022-03-07,-0.0221791776043331,2022,2021-12-31,learned_vol_interaction,20260911,0.6015705830845076,0.6015705830845076,1,0
shadow_trial,2695,2022-03-04,2022-03-14,-0.0480378799422749,2022,2021-12-31,learned_vol_interaction,20260911,0.6516108393132726,0.6516108393132726,1,0
shadow_trial,2700,2022-03-11,2022-03-21,0.007530336734814,2022,2021-12-31,learned_vol_interaction,20260911,0.6653311044961694,0.6653311044961694,1,1
shadow_trial,2705,2022-03-18,2022-03-28,-0.0353493110038457,2022,2021-12-31,learned_vol_interaction,20260911,0.567250973729041,0.567250973729041,1,0
shadow_trial,2710,2022-03-25,2022-04-06,0.0314834190717003,2022,2021-12-31,learned_vol_interaction,20260911,0.7397988804119464,0.7397988804119464,1,1
shadow_trial,2715,2022-04-01,2022-04-12,-0.0129237372705649,2022,2021-12-31,learned_vol_interaction,20260911,0.7431810041436555,0.7431810041436555,1,0
shadow_trial,2718,2022-04-08,2022-04-18,-0.0120986062576864,2022,2021-12-31,learned_vol_interaction,20260911,0.601115184023622,0.601115184023622,1,0
shadow_trial,2723,2022-04-15,2022-04-25,-0.0528494340140576,2022,2021-12-31,learned_vol_interaction,20260911,0.7843896219441964,0.7843896219441964,1,0
shadow_trial,2728,2022-04-22,2022-05-05,0.015736821365468,2022,2021-12-31,learned_vol_interaction,20260911,0.7408337892127695,0.7408337892127695,1,1
shadow_trial,2733,2022-04-29,2022-05-11,-0.0278824133054675,2022,2021-12-31,learned_vol_interaction,20260911,0.5124458489532762,0.5124458489532762,1,0
shadow_trial,2735,2022-05-06,2022-05-16,0.033741423035827,2022,2021-12-31,learned_vol_interaction,20260911,0.38434598170774237,0.38434598170774237,0,1
shadow_trial,2740,2022-05-13,2022-05-23,0.0164308841843088,2022,2021-12-31,learned_vol_interaction,20260911,0.4962015474558973,0.4962015474558973,0,1
shadow_trial,2745,2022-05-20,2022-05-30,-0.0147293413085614,2022,2021-12-31,learned_vol_interaction,20260911,0.5536729513391327,0.5536729513391327,1,0
shadow_trial,2750,2022-05-27,2022-06-13,0.0431748431927498,2022,2021-12-31,learned_vol_interaction,20260911,0.6054554975797125,0.6054554975797125,1,1
shadow_trial,2759,2022-06-10,2022-06-20,0.0306046547112142,2022,2021-12-31,learned_vol_interaction,20260911,0.33012579252956525,0.33012579252956525,0,1
shadow_trial,2764,2022-06-17,2022-06-27,0.0211666894141107,2022,2021-12-31,learned_vol_interaction,20260911,0.36375167025478616,0.36375167025478616,0,1
shadow_trial,2769,2022-06-24,2022-07-04,0.0074507343130214,2022,2021-12-31,learned_vol_interaction,20260911,0.47411451496984686,0.47411451496984686,0,1
shadow_trial,2774,2022-07-01,2022-07-11,-0.0092349827532707,2022,2021-12-31,learned_vol_interaction,20260911,0.5243593636282992,0.5243593636282992,1,0
shadow_trial,2779,2022-07-08,2022-07-18,-0.0326815927737367,2022,2021-12-31,learned_vol_interaction,20260911,0.5287137474480963,0.5287137474480963,1,0
shadow_trial,2784,2022-07-15,2022-07-25,-0.0066210715249344,2022,2021-12-31,learned_vol_interaction,20260911,0.28286663565549924,0.28286663565549924,0,0
shadow_trial,2789,2022-07-22,2022-08-01,-0.0173077967751003,2022,2021-12-31,learned_vol_interaction,20260911,0.32529843901510974,0.32529843901510974,0,0
shadow_trial,2794,2022-07-29,2022-08-08,-0.004456034513838,2022,2021-12-31,learned_vol_interaction,20260911,0.5568653358658677,0.5568653358658677,1,0
shadow_trial,2799,2022-08-05,2022-08-15,0.0091475117753996,2022,2021-12-31,learned_vol_interaction,20260911,0.7117205557364277,0.7117205557364277,1,1
shadow_trial,2804,2022-08-12,2022-08-22,-0.0107272727272728,2022,2021-12-31,learned_vol_interaction,20260911,0.728089070877284,0.728089070877284,1,0
shadow_trial,2809,2022-08-19,2022-08-29,-0.0172375434082356,2022,2021-12-31,learned_vol_interaction,20260911,0.6906588614286806,0.6906588614286806,1,0
shadow_trial,2814,2022-08-26,2022-09-05,-0.0131573766941938,2022,2021-12-31,learned_vol_interaction,20260911,0.7374791554763223,0.7374791554763223,1,0
shadow_trial,2819,2022-09-02,2022-09-13,0.0253340680878015,2022,2021-12-31,learned_vol_interaction,20260911,0.6762833071893946,0.6762833071893946,1,1
shadow_trial,2824,2022-09-09,2022-09-19,-0.044647264962877,2022,2021-12-31,learned_vol_interaction,20260911,0.6072920416996368,0.6072920416996368,1,0
shadow_trial,2828,2022-09-16,2022-09-26,-0.025155151434928,2022,2021-12-31,learned_vol_interaction,20260911,0.6281865846659338,0.6281865846659338,1,0
shadow_trial,2833,2022-09-23,2022-10-10,-0.0060162941299352,2022,2021-12-31,learned_vol_interaction,20260911,0.7572974806973762,0.7572974806973762,1,0
shadow_trial,2838,2022-09-30,2022-10-17,0.0041192047412885,2022,2021-12-31,learned_vol_interaction,20260911,0.6301564951939066,0.6301564951939066,1,1
shadow_trial,2843,2022-10-14,2022-10-24,-0.0246766294110258,2022,2021-12-31,learned_vol_interaction,20260911,0.6036044775658358,0.6036044775658358,1,0
shadow_trial,2848,2022-10-21,2022-10-31,-0.059928861134359,2022,2021-12-31,learned_vol_interaction,20260911,0.726257224907292,0.726257224907292,1,0
shadow_trial,2853,2022-10-28,2022-11-07,0.071339502526744,2022,2021-12-31,learned_vol_interaction,20260911,0.6194197152198353,0.6194197152198353,1,1
shadow_trial,2858,2022-11-04,2022-11-14,0.0169449090696014,2022,2021-12-31,learned_vol_interaction,20260911,0.2623086047561504,0.2623086047561504,0,1
shadow_trial,2863,2022-11-11,2022-11-21,-0.0127051391515239,2022,2021-12-31,learned_vol_interaction,20260911,0.3957947302193098,0.3957947302193098,0,0
shadow_trial,2868,2022-11-18,2022-11-28,-0.0179672806084416,2022,2021-12-31,learned_vol_interaction,20260911,0.27002199366661744,0.27002199366661744,0,0
shadow_trial,2873,2022-11-25,2022-12-05,0.0555768659337096,2022,2021-12-31,learned_vol_interaction,20260911,0.4675758528871144,0.4675758528871144,0,1
shadow_trial,2878,2022-12-02,2022-12-12,0.0175374394775362,2022,2021-12-31,learned_vol_interaction,20260911,0.6179388855194429,0.6179388855194429,1,1
shadow_trial,2883,2022-12-09,2022-12-19,-0.0058850602464181,2022,2021-12-31,learned_vol_interaction,20260911,0.5307559736215643,0.5307559736215643,1,0
shadow_trial,2888,2022-12-16,2022-12-26,-0.0309150292073658,2022,2021-12-31,learned_vol_interaction,20260911,0.4750923081261837,0.4750923081261837,0,0
shadow_trial,2893,2022-12-23,2023-01-03,0.0089464492229616,2022,2021-12-31,learned_vol_interaction,20260911,0.6024109731884131,0.6024109731884131,1,1
shadow_trial,2898,2022-12-30,2023-01-09,0.0345913414268119,2022,2021-12-31,learned_vol_interaction,20260911,0.3155450399210081,0.3155450399210081,0,1
shadow_trial,2660,2022-01-07,2022-01-17,-0.0173453887283024,2022,2021-12-31,learned_order_extension,20260911,0.7315565762281606,0.7315565762281606,1,0
shadow_trial,2665,2022-01-14,2022-01-24,0.0053248631776616,2022,2021-12-31,learned_order_extension,20260911,0.8308708352808971,0.8308708352808971,1,1
shadow_trial,2670,2022-01-21,2022-02-07,-0.0242661876254222,2022,2021-12-31,learned_order_extension,20260911,0.6953405747399578,0.6953405747399578,1,0
shadow_trial,2675,2022-01-28,2022-02-14,-0.0127539031341488,2022,2021-12-31,learned_order_extension,20260911,0.47011278529334005,0.47011278529334005,0,0
shadow_trial,2680,2022-02-11,2022-02-21,0.0145498774954033,2022,2021-12-31,learned_order_extension,20260911,0.6818533435255958,0.6818533435255958,1,1
shadow_trial,2685,2022-02-18,2022-02-28,-0.0177161244498015,2022,2021-12-31,learned_order_extension,20260911,0.5955146443753425,0.5955146443753425,1,0
shadow_trial,2690,2022-02-25,2022-03-07,-0.0221791776043331,2022,2021-12-31,learned_order_extension,20260911,0.609831009331646,0.609831009331646,1,0
shadow_trial,2695,2022-03-04,2022-03-14,-0.0480378799422749,2022,2021-12-31,learned_order_extension,20260911,0.6608881864634962,0.6608881864634962,1,0
shadow_trial,2700,2022-03-11,2022-03-21,0.007530336734814,2022,2021-12-31,learned_order_extension,20260911,0.667203580437131,0.667203580437131,1,1
shadow_trial,2705,2022-03-18,2022-03-28,-0.0353493110038457,2022,2021-12-31,learned_order_extension,20260911,0.5665388063290007,0.5665388063290007,1,0
shadow_trial,2710,2022-03-25,2022-04-06,0.0314834190717003,2022,2021-12-31,learned_order_extension,20260911,0.7315317518580224,0.7315317518580224,1,1
shadow_trial,2715,2022-04-01,2022-04-12,-0.0129237372705649,2022,2021-12-31,learned_order_extension,20260911,0.7324552613785594,0.7324552613785594,1,0
shadow_trial,2718,2022-04-08,2022-04-18,-0.0120986062576864,2022,2021-12-31,learned_order_extension,20260911,0.5757660544472725,0.5757660544472725,1,0
shadow_trial,2723,2022-04-15,2022-04-25,-0.0528494340140576,2022,2021-12-31,learned_order_extension,20260911,0.7914821695285316,0.7914821695285316,1,0
shadow_trial,2728,2022-04-22,2022-05-05,0.015736821365468,2022,2021-12-31,learned_order_extension,20260911,0.7445035554337466,0.7445035554337466,1,1
shadow_trial,2733,2022-04-29,2022-05-11,-0.0278824133054675,2022,2021-12-31,learned_order_extension,20260911,0.512691847329782,0.512691847329782,1,0
shadow_trial,2735,2022-05-06,2022-05-16,0.033741423035827,2022,2021-12-31,learned_order_extension,20260911,0.39192947263156325,0.39192947263156325,0,1
shadow_trial,2740,2022-05-13,2022-05-23,0.0164308841843088,2022,2021-12-31,learned_order_extension,20260911,0.4923475901483292,0.4923475901483292,0,1
shadow_trial,2745,2022-05-20,2022-05-30,-0.0147293413085614,2022,2021-12-31,learned_order_extension,20260911,0.5453859955701774,0.5453859955701774,1,0
shadow_trial,2750,2022-05-27,2022-06-13,0.0431748431927498,2022,2021-12-31,learned_order_extension,20260911,0.606543809827078,0.606543809827078,1,1
shadow_trial,2759,2022-06-10,2022-06-20,0.0306046547112142,2022,2021-12-31,learned_order_extension,20260911,0.3194430778691506,0.3194430778691506,0,1
shadow_trial,2764,2022-06-17,2022-06-27,0.0211666894141107,2022,2021-12-31,learned_order_extension,20260911,0.33808664733638566,0.33808664733638566,0,1
shadow_trial,2769,2022-06-24,2022-07-04,0.0074507343130214,2022,2021-12-31,learned_order_extension,20260911,0.4651372063002809,0.4651372063002809,0,1
shadow_trial,2774,2022-07-01,2022-07-11,-0.0092349827532707,2022,2021-12-31,learned_order_extension,20260911,0.5074843163264047,0.5074843163264047,1,0
shadow_trial,2779,2022-07-08,2022-07-18,-0.0326815927737367,2022,2021-12-31,learned_order_extension,20260911,0.5121847716177591,0.5121847716177591,1,0
shadow_trial,2784,2022-07-15,2022-07-25,-0.0066210715249344,2022,2021-12-31,learned_order_extension,20260911,0.2684864364550306,0.2684864364550306,0,0
shadow_trial,2789,2022-07-22,2022-08-01,-0.0173077967751003,2022,2021-12-31,learned_order_extension,20260911,0.2677542813034704,0.2677542813034704,0,0
shadow_trial,2794,2022-07-29,2022-08-08,-0.004456034513838,2022,2021-12-31,learned_order_extension,20260911,0.5491944105847139,0.5491944105847139,1,0
shadow_trial,2799,2022-08-05,2022-08-15,0.0091475117753996,2022,2021-12-31,learned_order_extension,20260911,0.777138078827454,0.777138078827454,1,1
shadow_trial,2804,2022-08-12,2022-08-22,-0.0107272727272728,2022,2021-12-31,learned_order_extension,20260911,0.7974960640657842,0.7974960640657842,1,0
shadow_trial,2809,2022-08-19,2022-08-29,-0.0172375434082356,2022,2021-12-31,learned_order_extension,20260911,0.7637706546439285,0.7637706546439285,1,0
shadow_trial,2814,2022-08-26,2022-09-05,-0.0131573766941938,2022,2021-12-31,learned_order_extension,20260911,0.8226540126203189,0.8226540126203189,1,0
shadow_trial,2819,2022-09-02,2022-09-13,0.0253340680878015,2022,2021-12-31,learned_order_extension,20260911,0.7276803329800616,0.7276803329800616,1,1
shadow_trial,2824,2022-09-09,2022-09-19,-0.044647264962877,2022,2021-12-31,learned_order_extension,20260911,0.6403269116194389,0.6403269116194389,1,0
shadow_trial,2828,2022-09-16,2022-09-26,-0.025155151434928,2022,2021-12-31,learned_order_extension,20260911,0.672911792764146,0.672911792764146,1,0
shadow_trial,2833,2022-09-23,2022-10-10,-0.0060162941299352,2022,2021-12-31,learned_order_extension,20260911,0.8103058077398577,0.8103058077398577,1,0
shadow_trial,2838,2022-09-30,2022-10-17,0.0041192047412885,2022,2021-12-31,learned_order_extension,20260911,0.6385508768739941,0.6385508768739941,1,1
shadow_trial,2843,2022-10-14,2022-10-24,-0.0246766294110258,2022,2021-12-31,learned_order_extension,20260911,0.6040798099433027,0.6040798099433027,1,0
shadow_trial,2848,2022-10-21,2022-10-31,-0.059928861134359,2022,2021-12-31,learned_order_extension,20260911,0.7460757510851368,0.7460757510851368,1,0
shadow_trial,2853,2022-10-28,2022-11-07,0.071339502526744,2022,2021-12-31,learned_order_extension,20260911,0.617431468121719,0.617431468121719,1,1
shadow_trial,2858,2022-11-04,2022-11-14,0.0169449090696014,2022,2021-12-31,learned_order_extension,20260911,0.23004652965456976,0.23004652965456976,0,1
shadow_trial,2863,2022-11-11,2022-11-21,-0.0127051391515239,2022,2021-12-31,learned_order_extension,20260911,0.4001949641411597,0.4001949641411597,0,0
shadow_trial,2868,2022-11-18,2022-11-28,-0.0179672806084416,2022,2021-12-31,learned_order_extension,20260911,0.30403744962658297,0.30403744962658297,0,0
shadow_trial,2873,2022-11-25,2022-12-05,0.0555768659337096,2022,2021-12-31,learned_order_extension,20260911,0.4839806901293675,0.4839806901293675,0,1
shadow_trial,2878,2022-12-02,2022-12-12,0.0175374394775362,2022,2021-12-31,learned_order_extension,20260911,0.6025716211552316,0.6025716211552316,1,1
shadow_trial,2883,2022-12-09,2022-12-19,-0.0058850602464181,2022,2021-12-31,learned_order_extension,20260911,0.544959524525394,0.544959524525394,1,0
shadow_trial,2888,2022-12-16,2022-12-26,-0.0309150292073658,2022,2021-12-31,learned_order_extension,20260911,0.4782827682771969,0.4782827682771969,0,0
shadow_trial,2893,2022-12-23,2023-01-03,0.0089464492229616,2022,2021-12-31,learned_order_extension,20260911,0.5868134156375693,0.5868134156375693,1,1
shadow_trial,2898,2022-12-30,2023-01-09,0.0345913414268119,2022,2021-12-31,learned_order_extension,20260911,0.3072064907465254,0.3072064907465254,0,1
shadow_trial,2660,2022-01-07,2022-01-17,-0.0173453887283024,2022,2021-12-31,learned_order_offset,20260911,0.7303915631000331,0.7303915631000331,1,0
shadow_trial,2665,2022-01-14,2022-01-24,0.0053248631776616,2022,2021-12-31,learned_order_offset,20260911,0.8287429062191539,0.8287429062191539,1,1
shadow_trial,2670,2022-01-21,2022-02-07,-0.0242661876254222,2022,2021-12-31,learned_order_offset,20260911,0.6946014374965778,0.6946014374965778,1,0
shadow_trial,2675,2022-01-28,2022-02-14,-0.0127539031341488,2022,2021-12-31,learned_order_offset,20260911,0.47036190476294487,0.47036190476294487,0,0
shadow_trial,2680,2022-02-11,2022-02-21,0.0145498774954033,2022,2021-12-31,learned_order_offset,20260911,0.6802368405234962,0.6802368405234962,1,1
shadow_trial,2685,2022-02-18,2022-02-28,-0.0177161244498015,2022,2021-12-31,learned_order_offset,20260911,0.596796587857382,0.596796587857382,1,0
shadow_trial,2690,2022-02-25,2022-03-07,-0.0221791776043331,2022,2021-12-31,learned_order_offset,20260911,0.6102898323949857,0.6102898323949857,1,0
shadow_trial,2695,2022-03-04,2022-03-14,-0.0480378799422749,2022,2021-12-31,learned_order_offset,20260911,0.6602950267381666,0.6602950267381666,1,0
shadow_trial,2700,2022-03-11,2022-03-21,0.007530336734814,2022,2021-12-31,learned_order_offset,20260911,0.6664417620027226,0.6664417620027226,1,1
shadow_trial,2705,2022-03-18,2022-03-28,-0.0353493110038457,2022,2021-12-31,learned_order_offset,20260911,0.5665934515797131,0.5665934515797131,1,0
shadow_trial,2710,2022-03-25,2022-04-06,0.0314834190717003,2022,2021-12-31,learned_order_offset,20260911,0.7312694881776368,0.7312694881776368,1,1
shadow_trial,2715,2022-04-01,2022-04-12,-0.0129237372705649,2022,2021-12-31,learned_order_offset,20260911,0.7324670213429436,0.7324670213429436,1,0
shadow_trial,2718,2022-04-08,2022-04-18,-0.0120986062576864,2022,2021-12-31,learned_order_offset,20260911,0.5743123235952446,0.5743123235952446,1,0
shadow_trial,2723,2022-04-15,2022-04-25,-0.0528494340140576,2022,2021-12-31,learned_order_offset,20260911,0.789920397567569,0.789920397567569,1,0
shadow_trial,2728,2022-04-22,2022-05-05,0.015736821365468,2022,2021-12-31,learned_order_offset,20260911,0.7438162541041152,0.7438162541041152,1,1
shadow_trial,2733,2022-04-29,2022-05-11,-0.0278824133054675,2022,2021-12-31,learned_order_offset,20260911,0.5113015107739602,0.5113015107739602,1,0
shadow_trial,2735,2022-05-06,2022-05-16,0.033741423035827,2022,2021-12-31,learned_order_offset,20260911,0.3890720337526808,0.3890720337526808,0,1
shadow_trial,2740,2022-05-13,2022-05-23,0.0164308841843088,2022,2021-12-31,learned_order_offset,20260911,0.4890167561559044,0.4890167561559044,0,1
shadow_trial,2745,2022-05-20,2022-05-30,-0.0147293413085614,2022,2021-12-31,learned_order_offset,20260911,0.5443348672271099,0.5443348672271099,1,0
shadow_trial,2750,2022-05-27,2022-06-13,0.0431748431927498,2022,2021-12-31,learned_order_offset,20260911,0.6058889369805722,0.6058889369805722,1,1
shadow_trial,2759,2022-06-10,2022-06-20,0.0306046547112142,2022,2021-12-31,learned_order_offset,20260911,0.3203786258296504,0.3203786258296504,0,1
shadow_trial,2764,2022-06-17,2022-06-27,0.0211666894141107,2022,2021-12-31,learned_order_offset,20260911,0.3393918095171554,0.3393918095171554,0,1
shadow_trial,2769,2022-06-24,2022-07-04,0.0074507343130214,2022,2021-12-31,learned_order_offset,20260911,0.4655557857250781,0.4655557857250781,0,1
shadow_trial,2774,2022-07-01,2022-07-11,-0.0092349827532707,2022,2021-12-31,learned_order_offset,20260911,0.5070250526739909,0.5070250526739909,1,0
shadow_trial,2779,2022-07-08,2022-07-18,-0.0326815927737367,2022,2021-12-31,learned_order_offset,20260911,0.5121244968373462,0.5121244968373462,1,0
shadow_trial,2784,2022-07-15,2022-07-25,-0.0066210715249344,2022,2021-12-31,learned_order_offset,20260911,0.27002224125244795,0.27002224125244795,0,0
shadow_trial,2789,2022-07-22,2022-08-01,-0.0173077967751003,2022,2021-12-31,learned_order_offset,20260911,0.2693979955700283,0.2693979955700283,0,0
shadow_trial,2794,2022-07-29,2022-08-08,-0.004456034513838,2022,2021-12-31,learned_order_offset,20260911,0.5493720737942515,0.5493720737942515,1,0
shadow_trial,2799,2022-08-05,2022-08-15,0.0091475117753996,2022,2021-12-31,learned_order_offset,20260911,0.7763427204784161,0.7763427204784161,1,1
shadow_trial,2804,2022-08-12,2022-08-22,-0.0107272727272728,2022,2021-12-31,learned_order_offset,20260911,0.7964144422108967,0.7964144422108967,1,0
shadow_trial,2809,2022-08-19,2022-08-29,-0.0172375434082356,2022,2021-12-31,learned_order_offset,20260911,0.7629768652536982,0.7629768652536982,1,0
shadow_trial,2814,2022-08-26,2022-09-05,-0.0131573766941938,2022,2021-12-31,learned_order_offset,20260911,0.8221287067625676,0.8221287067625676,1,0
shadow_trial,2819,2022-09-02,2022-09-13,0.0253340680878015,2022,2021-12-31,learned_order_offset,20260911,0.7281487114609698,0.7281487114609698,1,1
shadow_trial,2824,2022-09-09,2022-09-19,-0.044647264962877,2022,2021-12-31,learned_order_offset,20260911,0.6402873789680222,0.6402873789680222,1,0
shadow_trial,2828,2022-09-16,2022-09-26,-0.025155151434928,2022,2021-12-31,learned_order_offset,20260911,0.6729215132790227,0.6729215132790227,1,0
shadow_trial,2833,2022-09-23,2022-10-10,-0.0060162941299352,2022,2021-12-31,learned_order_offset,20260911,0.8081806233925085,0.8081806233925085,1,0
shadow_trial,2838,2022-09-30,2022-10-17,0.0041192047412885,2022,2021-12-31,learned_order_offset,20260911,0.6388405343021406,0.6388405343021406,1,1
shadow_trial,2843,2022-10-14,2022-10-24,-0.0246766294110258,2022,2021-12-31,learned_order_offset,20260911,0.6039684511962653,0.6039684511962653,1,0
shadow_trial,2848,2022-10-21,2022-10-31,-0.059928861134359,2022,2021-12-31,learned_order_offset,20260911,0.7450194088842416,0.7450194088842416,1,0
shadow_trial,2853,2022-10-28,2022-11-07,0.071339502526744,2022,2021-12-31,learned_order_offset,20260911,0.6172868621197211,0.6172868621197211,1,1
shadow_trial,2858,2022-11-04,2022-11-14,0.0169449090696014,2022,2021-12-31,learned_order_offset,20260911,0.2288997396561917,0.2288997396561917,0,1
shadow_trial,2863,2022-11-11,2022-11-21,-0.0127051391515239,2022,2021-12-31,learned_order_offset,20260911,0.39873151134177104,0.39873151134177104,0,0
shadow_trial,2868,2022-11-18,2022-11-28,-0.0179672806084416,2022,2021-12-31,learned_order_offset,20260911,0.3021649857617269,0.3021649857617269,0,0
shadow_trial,2873,2022-11-25,2022-12-05,0.0555768659337096,2022,2021-12-31,learned_order_offset,20260911,0.4818279173695329,0.4818279173695329,0,1
shadow_trial,2878,2022-12-02,2022-12-12,0.0175374394775362,2022,2021-12-31,learned_order_offset,20260911,0.6005376182272921,0.6005376182272921,1,1
shadow_trial,2883,2022-12-09,2022-12-19,-0.0058850602464181,2022,2021-12-31,learned_order_offset,20260911,0.5449944358245183,0.5449944358245183,1,0
shadow_trial,2888,2022-12-16,2022-12-26,-0.0309150292073658,2022,2021-12-31,learned_order_offset,20260911,0.4788884926887394,0.4788884926887394,0,0
shadow_trial,2893,2022-12-23,2023-01-03,0.0089464492229616,2022,2021-12-31,learned_order_offset,20260911,0.5860352502699303,0.5860352502699303,1,1
shadow_trial,2898,2022-12-30,2023-01-09,0.0345913414268119,2022,2021-12-31,learned_order_offset,20260911,0.308675753062318,0.308675753062318,0,1
shadow_trial,2660,2022-01-07,2022-01-17,-0.0173453887283024,2022,2021-12-31,native_mse,20260911,0.007330315708159769,,1,0
shadow_trial,2665,2022-01-14,2022-01-24,0.0053248631776616,2022,2021-12-31,native_mse,20260911,0.015471274729398543,,1,1
shadow_trial,2670,2022-01-21,2022-02-07,-0.0242661876254222,2022,2021-12-31,native_mse,20260911,0.009873111042602054,,1,0
shadow_trial,2675,2022-01-28,2022-02-14,-0.0127539031341488,2022,2021-12-31,native_mse,20260911,0.0025503118790792955,,1,0
shadow_trial,2680,2022-02-11,2022-02-21,0.0145498774954033,2022,2021-12-31,native_mse,20260911,0.0063949393307865515,,1,1
shadow_trial,2685,2022-02-18,2022-02-28,-0.0177161244498015,2022,2021-12-31,native_mse,20260911,0.004306186298337274,,1,0
shadow_trial,2690,2022-02-25,2022-03-07,-0.0221791776043331,2022,2021-12-31,native_mse,20260911,0.00884306439536679,,1,0
shadow_trial,2695,2022-03-04,2022-03-14,-0.0480378799422749,2022,2021-12-31,native_mse,20260911,0.008878575004775912,,1,0
shadow_trial,2700,2022-03-11,2022-03-21,0.007530336734814,2022,2021-12-31,native_mse,20260911,0.008804997087552644,,1,1
shadow_trial,2705,2022-03-18,2022-03-28,-0.0353493110038457,2022,2021-12-31,native_mse,20260911,0.0029149751065889705,,1,0
shadow_trial,2710,2022-03-25,2022-04-06,0.0314834190717003,2022,2021-12-31,native_mse,20260911,0.009608904415587632,,1,1
shadow_trial,2715,2022-04-01,2022-04-12,-0.0129237372705649,2022,2021-12-31,native_mse,20260911,0.013290024702572031,,1,0
shadow_trial,2718,2022-04-08,2022-04-18,-0.0120986062576864,2022,2021-12-31,native_mse,20260911,0.0032429576095984285,,1,0
shadow_trial,2723,2022-04-15,2022-04-25,-0.0528494340140576,2022,2021-12-31,native_mse,20260911,0.016983479995433693,,1,0
shadow_trial,2728,2022-04-22,2022-05-05,0.015736821365468,2022,2021-12-31,native_mse,20260911,0.011987542362233185,,1,1
shadow_trial,2733,2022-04-29,2022-05-11,-0.0278824133054675,2022,2021-12-31,native_mse,20260911,0.0046606294840712235,,1,0
shadow_trial,2735,2022-05-06,2022-05-16,0.033741423035827,2022,2021-12-31,native_mse,20260911,-0.002196005566182584,,0,1
shadow_trial,2740,2022-05-13,2022-05-23,0.0164308841843088,2022,2021-12-31,native_mse,20260911,0.0038854901281264037,,1,1
shadow_trial,2745,2022-05-20,2022-05-30,-0.0147293413085614,2022,2021-12-31,native_mse,20260911,0.005767086549547615,,1,0
shadow_trial,2750,2022-05-27,2022-06-13,0.0431748431927498,2022,2021-12-31,native_mse,20260911,0.001263767062796844,,1,1
shadow_trial,2759,2022-06-10,2022-06-20,0.0306046547112142,2022,2021-12-31,native_mse,20260911,-0.0024637080117748144,,0,1
shadow_trial,2764,2022-06-17,2022-06-27,0.0211666894141107,2022,2021-12-31,native_mse,20260911,-0.0034192691302211337,,0,1
shadow_trial,2769,2022-06-24,2022-07-04,0.0074507343130214,2022,2021-12-31,native_mse,20260911,0.0007173637240202417,,1,1
shadow_trial,2774,2022-07-01,2022-07-11,-0.0092349827532707,2022,2021-12-31,native_mse,20260911,0.00019356382111467723,,1,0
shadow_trial,2779,2022-07-08,2022-07-18,-0.0326815927737367,2022,2021-12-31,native_mse,20260911,-0.002705313965036355,,0,0
shadow_trial,2784,2022-07-15,2022-07-25,-0.0066210715249344,2022,2021-12-31,native_mse,20260911,-0.01432584048846508,,0,0
shadow_trial,2789,2022-07-22,2022-08-01,-0.0173077967751003,2022,2021-12-31,native_mse,20260911,-0.01380965748442494,,0,0
shadow_trial,2794,2022-07-29,2022-08-08,-0.004456034513838,2022,2021-12-31,native_mse,20260911,-0.0005052222003642227,,0,0
shadow_trial,2799,2022-08-05,2022-08-15,0.0091475117753996,2022,2021-12-31,native_mse,20260911,0.011525493600414192,,1,1
shadow_trial,2804,2022-08-12,2022-08-22,-0.0107272727272728,2022,2021-12-31,native_mse,20260911,0.011216024245490553,,1,0
shadow_trial,2809,2022-08-19,2022-08-29,-0.0172375434082356,2022,2021-12-31,native_mse,20260911,0.011754323018096325,,1,0
shadow_trial,2814,2022-08-26,2022-09-05,-0.0131573766941938,2022,2021-12-31,native_mse,20260911,0.015594603509631271,,1,0
shadow_trial,2819,2022-09-02,2022-09-13,0.0253340680878015,2022,2021-12-31,native_mse,20260911,0.010900596081000016,,1,1
shadow_trial,2824,2022-09-09,2022-09-19,-0.044647264962877,2022,2021-12-31,native_mse,20260911,0.009845699372826781,,1,0
shadow_trial,2828,2022-09-16,2022-09-26,-0.025155151434928,2022,2021-12-31,native_mse,20260911,0.008491582609497948,,1,0
shadow_trial,2833,2022-09-23,2022-10-10,-0.0060162941299352,2022,2021-12-31,native_mse,20260911,0.016496050845990925,,1,0
shadow_trial,2838,2022-09-30,2022-10-17,0.0041192047412885,2022,2021-12-31,native_mse,20260911,0.0066528810646222045,,1,1
shadow_trial,2843,2022-10-14,2022-10-24,-0.0246766294110258,2022,2021-12-31,native_mse,20260911,0.007009044538463505,,1,0
shadow_trial,2848,2022-10-21,2022-10-31,-0.059928861134359,2022,2021-12-31,native_mse,20260911,0.010852556503638734,,1,0
shadow_trial,2853,2022-10-28,2022-11-07,0.071339502526744,2022,2021-12-31,native_mse,20260911,0.006842543646863063,,1,1
shadow_trial,2858,2022-11-04,2022-11-14,0.0169449090696014,2022,2021-12-31,native_mse,20260911,-0.008549410923537592,,0,1
shadow_trial,2863,2022-11-11,2022-11-21,-0.0127051391515239,2022,2021-12-31,native_mse,20260911,-0.005215109557773304,,0,0
shadow_trial,2868,2022-11-18,2022-11-28,-0.0179672806084416,2022,2021-12-31,native_mse,20260911,-0.010307087880643545,,0,0
shadow_trial,2873,2022-11-25,2022-12-05,0.0555768659337096,2022,2021-12-31,native_mse,20260911,0.0013951717650121252,,1,1
shadow_trial,2878,2022-12-02,2022-12-12,0.0175374394775362,2022,2021-12-31,native_mse,20260911,0.009832549235191711,,1,1
shadow_trial,2883,2022-12-09,2022-12-19,-0.0058850602464181,2022,2021-12-31,native_mse,20260911,0.003809464155812216,,1,0
shadow_trial,2888,2022-12-16,2022-12-26,-0.0309150292073658,2022,2021-12-31,native_mse,20260911,-0.00026475301217457076,,0,0
shadow_trial,2893,2022-12-23,2023-01-03,0.0089464492229616,2022,2021-12-31,native_mse,20260911,0.0011212783896272817,,1,1
shadow_trial,2898,2022-12-30,2023-01-09,0.0345913414268119,2022,2021-12-31,native_mse,20260911,-0.013209134532423342,,0,1
shadow_trial,2660,2022-01-07,2022-01-17,-0.0173453887283024,2022,2021-12-31,learned_market,20260912,0.7009067848418016,0.7009067848418016,1,0
shadow_trial,2665,2022-01-14,2022-01-24,0.0053248631776616,2022,2021-12-31,learned_market,20260912,0.5203651032719439,0.5203651032719439,1,1
shadow_trial,2670,2022-01-21,2022-02-07,-0.0242661876254222,2022,2021-12-31,learned_market,20260912,0.7176249995689795,0.7176249995689795,1,0
shadow_trial,2675,2022-01-28,2022-02-14,-0.0127539031341488,2022,2021-12-31,learned_market,20260912,0.5468589290358572,0.5468589290358572,1,0
shadow_trial,2680,2022-02-11,2022-02-21,0.0145498774954033,2022,2021-12-31,learned_market,20260912,0.6301827176961465,0.6301827176961465,1,1
shadow_trial,2685,2022-02-18,2022-02-28,-0.0177161244498015,2022,2021-12-31,learned_market,20260912,0.7133251277073638,0.7133251277073638,1,0
shadow_trial,2690,2022-02-25,2022-03-07,-0.0221791776043331,2022,2021-12-31,learned_market,20260912,0.7021196640037924,0.7021196640037924,1,0
shadow_trial,2695,2022-03-04,2022-03-14,-0.0480378799422749,2022,2021-12-31,learned_market,20260912,0.719986373445646,0.719986373445646,1,0
shadow_trial,2700,2022-03-11,2022-03-21,0.007530336734814,2022,2021-12-31,learned_market,20260912,0.6467498960464059,0.6467498960464059,1,1
shadow_trial,2705,2022-03-18,2022-03-28,-0.0353493110038457,2022,2021-12-31,learned_market,20260912,0.6307138428823564,0.6307138428823564,1,0
shadow_trial,2710,2022-03-25,2022-04-06,0.0314834190717003,2022,2021-12-31,learned_market,20260912,0.5581715372656506,0.5581715372656506,1,1
shadow_trial,2715,2022-04-01,2022-04-12,-0.0129237372705649,2022,2021-12-31,learned_market,20260912,0.5905723686816398,0.5905723686816398,1,0
shadow_trial,2718,2022-04-08,2022-04-18,-0.0120986062576864,2022,2021-12-31,learned_market,20260912,0.5651619134469777,0.5651619134469777,1,0
shadow_trial,2723,2022-04-15,2022-04-25,-0.0528494340140576,2022,2021-12-31,learned_market,20260912,0.5782075738978683,0.5782075738978683,1,0
shadow_trial,2728,2022-04-22,2022-05-05,0.015736821365468,2022,2021-12-31,learned_market,20260912,0.5086735366407256,0.5086735366407256,1,1
shadow_trial,2733,2022-04-29,2022-05-11,-0.0278824133054675,2022,2021-12-31,learned_market,20260912,0.354488852979164,0.354488852979164,0,0
shadow_trial,2735,2022-05-06,2022-05-16,0.033741423035827,2022,2021-12-31,learned_market,20260912,0.43196496938917867,0.43196496938917867,0,1
shadow_trial,2740,2022-05-13,2022-05-23,0.0164308841843088,2022,2021-12-31,learned_market,20260912,0.4392929502217229,0.4392929502217229,0,1
shadow_trial,2745,2022-05-20,2022-05-30,-0.0147293413085614,2022,2021-12-31,learned_market,20260912,0.4708416760329488,0.4708416760329488,0,0
shadow_trial,2750,2022-05-27,2022-06-13,0.0431748431927498,2022,2021-12-31,learned_market,20260912,0.4574571545139993,0.4574571545139993,0,1
shadow_trial,2759,2022-06-10,2022-06-20,0.0306046547112142,2022,2021-12-31,learned_market,20260912,0.3474663460356004,0.3474663460356004,0,1
shadow_trial,2764,2022-06-17,2022-06-27,0.0211666894141107,2022,2021-12-31,learned_market,20260912,0.3212471828605167,0.3212471828605167,0,1
shadow_trial,2769,2022-06-24,2022-07-04,0.0074507343130214,2022,2021-12-31,learned_market,20260912,0.4025755619428385,0.4025755619428385,0,1
shadow_trial,2774,2022-07-01,2022-07-11,-0.0092349827532707,2022,2021-12-31,learned_market,20260912,0.3925821543273538,0.3925821543273538,0,0
shadow_trial,2779,2022-07-08,2022-07-18,-0.0326815927737367,2022,2021-12-31,learned_market,20260912,0.4605216629741631,0.4605216629741631,0,0
shadow_trial,2784,2022-07-15,2022-07-25,-0.0066210715249344,2022,2021-12-31,learned_market,20260912,0.5098027754769087,0.5098027754769087,1,0
shadow_trial,2789,2022-07-22,2022-08-01,-0.0173077967751003,2022,2021-12-31,learned_market,20260912,0.5524679777609933,0.5524679777609933,1,0
shadow_trial,2794,2022-07-29,2022-08-08,-0.004456034513838,2022,2021-12-31,learned_market,20260912,0.7218475045000325,0.7218475045000325,1,0
shadow_trial,2799,2022-08-05,2022-08-15,0.0091475117753996,2022,2021-12-31,learned_market,20260912,0.6532039852224342,0.6532039852224342,1,1
shadow_trial,2804,2022-08-12,2022-08-22,-0.0107272727272728,2022,2021-12-31,learned_market,20260912,0.5709775205876944,0.5709775205876944,1,0
shadow_trial,2809,2022-08-19,2022-08-29,-0.0172375434082356,2022,2021-12-31,learned_market,20260912,0.5697718161826372,0.5697718161826372,1,0
shadow_trial,2814,2022-08-26,2022-09-05,-0.0131573766941938,2022,2021-12-31,learned_market,20260912,0.6007938734692848,0.6007938734692848,1,0
shadow_trial,2819,2022-09-02,2022-09-13,0.0253340680878015,2022,2021-12-31,learned_market,20260912,0.6776668778650508,0.6776668778650508,1,1
shadow_trial,2824,2022-09-09,2022-09-19,-0.044647264962877,2022,2021-12-31,learned_market,20260912,0.7725381912044669,0.7725381912044669,1,0
shadow_trial,2828,2022-09-16,2022-09-26,-0.025155151434928,2022,2021-12-31,learned_market,20260912,0.7541769397244196,0.7541769397244196,1,0
shadow_trial,2833,2022-09-23,2022-10-10,-0.0060162941299352,2022,2021-12-31,learned_market,20260912,0.7274092875597576,0.7274092875597576,1,0
shadow_trial,2838,2022-09-30,2022-10-17,0.0041192047412885,2022,2021-12-31,learned_market,20260912,0.701145229530902,0.701145229530902,1,1
shadow_trial,2843,2022-10-14,2022-10-24,-0.0246766294110258,2022,2021-12-31,learned_market,20260912,0.5970595273904789,0.5970595273904789,1,0
shadow_trial,2848,2022-10-21,2022-10-31,-0.059928861134359,2022,2021-12-31,learned_market,20260912,0.6553886906733675,0.6553886906733675,1,0
shadow_trial,2853,2022-10-28,2022-11-07,0.071339502526744,2022,2021-12-31,learned_market,20260912,0.536234004877414,0.536234004877414,1,1
shadow_trial,2858,2022-11-04,2022-11-14,0.0169449090696014,2022,2021-12-31,learned_market,20260912,0.4957647389493266,0.4957647389493266,0,1
shadow_trial,2863,2022-11-11,2022-11-21,-0.0127051391515239,2022,2021-12-31,learned_market,20260912,0.49717853346026714,0.49717853346026714,0,0
shadow_trial,2868,2022-11-18,2022-11-28,-0.0179672806084416,2022,2021-12-31,learned_market,20260912,0.39757537516440544,0.39757537516440544,0,0
shadow_trial,2873,2022-11-25,2022-12-05,0.0555768659337096,2022,2021-12-31,learned_market,20260912,0.4703283336277873,0.4703283336277873,0,1
shadow_trial,2878,2022-12-02,2022-12-12,0.0175374394775362,2022,2021-12-31,learned_market,20260912,0.46280647087624205,0.46280647087624205,0,1
shadow_trial,2883,2022-12-09,2022-12-19,-0.0058850602464181,2022,2021-12-31,learned_market,20260912,0.5138988126075588,0.5138988126075588,1,0
shadow_trial,2888,2022-12-16,2022-12-26,-0.0309150292073658,2022,2021-12-31,learned_market,20260912,0.6075433752083854,0.6075433752083854,1,0
shadow_trial,2893,2022-12-23,2023-01-03,0.0089464492229616,2022,2021-12-31,learned_market,20260912,0.4612100469329253,0.4612100469329253,0,1
shadow_trial,2898,2022-12-30,2023-01-09,0.0345913414268119,2022,2021-12-31,learned_market,20260912,0.4443371333138752,0.4443371333138752,0,1
shadow_trial,2660,2022-01-07,2022-01-17,-0.0173453887283024,2022,2021-12-31,learned_vol_interaction,20260912,0.7072606777672634,0.7072606777672634,1,0
shadow_trial,2665,2022-01-14,2022-01-24,0.0053248631776616,2022,2021-12-31,learned_vol_interaction,20260912,0.5232340507750105,0.5232340507750105,1,1
shadow_trial,2670,2022-01-21,2022-02-07,-0.0242661876254222,2022,2021-12-31,learned_vol_interaction,20260912,0.723517227135196,0.723517227135196,1,0
shadow_trial,2675,2022-01-28,2022-02-14,-0.0127539031341488,2022,2021-12-31,learned_vol_interaction,20260912,0.5573504263949657,0.5573504263949657,1,0
shadow_trial,2680,2022-02-11,2022-02-21,0.0145498774954033,2022,2021-12-31,learned_vol_interaction,20260912,0.6206875889696911,0.6206875889696911,1,1
shadow_trial,2685,2022-02-18,2022-02-28,-0.0177161244498015,2022,2021-12-31,learned_vol_interaction,20260912,0.7137718136904925,0.7137718136904925,1,0
shadow_trial,2690,2022-02-25,2022-03-07,-0.0221791776043331,2022,2021-12-31,learned_vol_interaction,20260912,0.6900080859244496,0.6900080859244496,1,0
shadow_trial,2695,2022-03-04,2022-03-14,-0.0480378799422749,2022,2021-12-31,learned_vol_interaction,20260912,0.7251850433232085,0.7251850433232085,1,0
shadow_trial,2700,2022-03-11,2022-03-21,0.007530336734814,2022,2021-12-31,learned_vol_interaction,20260912,0.6323197465308961,0.6323197465308961,1,1
shadow_trial,2705,2022-03-18,2022-03-28,-0.0353493110038457,2022,2021-12-31,learned_vol_interaction,20260912,0.5933343778810724,0.5933343778810724,1,0
shadow_trial,2710,2022-03-25,2022-04-06,0.0314834190717003,2022,2021-12-31,learned_vol_interaction,20260912,0.5562710543563346,0.5562710543563346,1,1
shadow_trial,2715,2022-04-01,2022-04-12,-0.0129237372705649,2022,2021-12-31,learned_vol_interaction,20260912,0.5637358072675225,0.5637358072675225,1,0
shadow_trial,2718,2022-04-08,2022-04-18,-0.0120986062576864,2022,2021-12-31,learned_vol_interaction,20260912,0.5628559944649006,0.5628559944649006,1,0
shadow_trial,2723,2022-04-15,2022-04-25,-0.0528494340140576,2022,2021-12-31,learned_vol_interaction,20260912,0.5747919255172403,0.5747919255172403,1,0
shadow_trial,2728,2022-04-22,2022-05-05,0.015736821365468,2022,2021-12-31,learned_vol_interaction,20260912,0.5170916019143975,0.5170916019143975,1,1
shadow_trial,2733,2022-04-29,2022-05-11,-0.0278824133054675,2022,2021-12-31,learned_vol_interaction,20260912,0.40387814010224393,0.40387814010224393,0,0
shadow_trial,2735,2022-05-06,2022-05-16,0.033741423035827,2022,2021-12-31,learned_vol_interaction,20260912,0.4773185927787562,0.4773185927787562,0,1
shadow_trial,2740,2022-05-13,2022-05-23,0.0164308841843088,2022,2021-12-31,learned_vol_interaction,20260912,0.4698933454358381,0.4698933454358381,0,1
shadow_trial,2745,2022-05-20,2022-05-30,-0.0147293413085614,2022,2021-12-31,learned_vol_interaction,20260912,0.4802495124922596,0.4802495124922596,0,0
shadow_trial,2750,2022-05-27,2022-06-13,0.0431748431927498,2022,2021-12-31,learned_vol_interaction,20260912,0.4601952965187793,0.4601952965187793,0,1
shadow_trial,2759,2022-06-10,2022-06-20,0.0306046547112142,2022,2021-12-31,learned_vol_interaction,20260912,0.32387572436005274,0.32387572436005274,0,1
shadow_trial,2764,2022-06-17,2022-06-27,0.0211666894141107,2022,2021-12-31,learned_vol_interaction,20260912,0.2947636043884615,0.2947636043884615,0,1
shadow_trial,2769,2022-06-24,2022-07-04,0.0074507343130214,2022,2021-12-31,learned_vol_interaction,20260912,0.374996784204944,0.374996784204944,0,1
shadow_trial,2774,2022-07-01,2022-07-11,-0.0092349827532707,2022,2021-12-31,learned_vol_interaction,20260912,0.3627477495911205,0.3627477495911205,0,0
shadow_trial,2779,2022-07-08,2022-07-18,-0.0326815927737367,2022,2021-12-31,learned_vol_interaction,20260912,0.4386327346901708,0.4386327346901708,0,0
shadow_trial,2784,2022-07-15,2022-07-25,-0.0066210715249344,2022,2021-12-31,learned_vol_interaction,20260912,0.48961628460365914,0.48961628460365914,0,0
shadow_trial,2789,2022-07-22,2022-08-01,-0.0173077967751003,2022,2021-12-31,learned_vol_interaction,20260912,0.5476518151604005,0.5476518151604005,1,0
shadow_trial,2794,2022-07-29,2022-08-08,-0.004456034513838,2022,2021-12-31,learned_vol_interaction,20260912,0.7328326518032054,0.7328326518032054,1,0
shadow_trial,2799,2022-08-05,2022-08-15,0.0091475117753996,2022,2021-12-31,learned_vol_interaction,20260912,0.6561494296696646,0.6561494296696646,1,1
shadow_trial,2804,2022-08-12,2022-08-22,-0.0107272727272728,2022,2021-12-31,learned_vol_interaction,20260912,0.5667272646102238,0.5667272646102238,1,0
shadow_trial,2809,2022-08-19,2022-08-29,-0.0172375434082356,2022,2021-12-31,learned_vol_interaction,20260912,0.5755574714973257,0.5755574714973257,1,0
shadow_trial,2814,2022-08-26,2022-09-05,-0.0131573766941938,2022,2021-12-31,learned_vol_interaction,20260912,0.5992889777279924,0.5992889777279924,1,0
shadow_trial,2819,2022-09-02,2022-09-13,0.0253340680878015,2022,2021-12-31,learned_vol_interaction,20260912,0.6636201775005496,0.6636201775005496,1,1
shadow_trial,2824,2022-09-09,2022-09-19,-0.044647264962877,2022,2021-12-31,learned_vol_interaction,20260912,0.7803694380682105,0.7803694380682105,1,0
shadow_trial,2828,2022-09-16,2022-09-26,-0.025155151434928,2022,2021-12-31,learned_vol_interaction,20260912,0.7561873327161356,0.7561873327161356,1,0
shadow_trial,2833,2022-09-23,2022-10-10,-0.0060162941299352,2022,2021-12-31,learned_vol_interaction,20260912,0.741993522692739,0.741993522692739,1,0
shadow_trial,2838,2022-09-30,2022-10-17,0.0041192047412885,2022,2021-12-31,learned_vol_interaction,20260912,0.7050997161299666,0.7050997161299666,1,1
shadow_trial,2843,2022-10-14,2022-10-24,-0.0246766294110258,2022,2021-12-31,learned_vol_interaction,20260912,0.5871886836004885,0.5871886836004885,1,0
shadow_trial,2848,2022-10-21,2022-10-31,-0.059928861134359,2022,2021-12-31,learned_vol_interaction,20260912,0.6628098538254427,0.6628098538254427,1,0
shadow_trial,2853,2022-10-28,2022-11-07,0.071339502526744,2022,2021-12-31,learned_vol_interaction,20260912,0.534286880369217,0.534286880369217,1,1
shadow_trial,2858,2022-11-04,2022-11-14,0.0169449090696014,2022,2021-12-31,learned_vol_interaction,20260912,0.49519570030892074,0.49519570030892074,0,1
shadow_trial,2863,2022-11-11,2022-11-21,-0.0127051391515239,2022,2021-12-31,learned_vol_interaction,20260912,0.5081257076644325,0.5081257076644325,1,0
shadow_trial,2868,2022-11-18,2022-11-28,-0.0179672806084416,2022,2021-12-31,learned_vol_interaction,20260912,0.42590416475914467,0.42590416475914467,0,0
shadow_trial,2873,2022-11-25,2022-12-05,0.0555768659337096,2022,2021-12-31,learned_vol_interaction,20260912,0.47730469118095553,0.47730469118095553,0,1
shadow_trial,2878,2022-12-02,2022-12-12,0.0175374394775362,2022,2021-12-31,learned_vol_interaction,20260912,0.4581192490056767,0.4581192490056767,0,1
shadow_trial,2883,2022-12-09,2022-12-19,-0.0058850602464181,2022,2021-12-31,learned_vol_interaction,20260912,0.5107074648650665,0.5107074648650665,1,0
shadow_trial,2888,2022-12-16,2022-12-26,-0.0309150292073658,2022,2021-12-31,learned_vol_interaction,20260912,0.6126209226288903,0.6126209226288903,1,0
shadow_trial,2893,2022-12-23,2023-01-03,0.0089464492229616,2022,2021-12-31,learned_vol_interaction,20260912,0.4525053522549514,0.4525053522549514,0,1
shadow_trial,2898,2022-12-30,2023-01-09,0.0345913414268119,2022,2021-12-31,learned_vol_interaction,20260912,0.42145340218542343,0.42145340218542343,0,1
shadow_trial,2660,2022-01-07,2022-01-17,-0.0173453887283024,2022,2021-12-31,learned_order_extension,20260912,0.7021249449389755,0.7021249449389755,1,0
shadow_trial,2665,2022-01-14,2022-01-24,0.0053248631776616,2022,2021-12-31,learned_order_extension,20260912,0.519422850065438,0.519422850065438,1,1
shadow_trial,2670,2022-01-21,2022-02-07,-0.0242661876254222,2022,2021-12-31,learned_order_extension,20260912,0.7149761694840576,0.7149761694840576,1,0
shadow_trial,2675,2022-01-28,2022-02-14,-0.0127539031341488,2022,2021-12-31,learned_order_extension,20260912,0.5563462821352916,0.5563462821352916,1,0
shadow_trial,2680,2022-02-11,2022-02-21,0.0145498774954033,2022,2021-12-31,learned_order_extension,20260912,0.6112227291481532,0.6112227291481532,1,1
shadow_trial,2685,2022-02-18,2022-02-28,-0.0177161244498015,2022,2021-12-31,learned_order_extension,20260912,0.7082710857336353,0.7082710857336353,1,0
shadow_trial,2690,2022-02-25,2022-03-07,-0.0221791776043331,2022,2021-12-31,learned_order_extension,20260912,0.672646545498505,0.672646545498505,1,0
shadow_trial,2695,2022-03-04,2022-03-14,-0.0480378799422749,2022,2021-12-31,learned_order_extension,20260912,0.7063888110552541,0.7063888110552541,1,0
shadow_trial,2700,2022-03-11,2022-03-21,0.007530336734814,2022,2021-12-31,learned_order_extension,20260912,0.6284040084971629,0.6284040084971629,1,1
shadow_trial,2705,2022-03-18,2022-03-28,-0.0353493110038457,2022,2021-12-31,learned_order_extension,20260912,0.5929220651203073,0.5929220651203073,1,0
shadow_trial,2710,2022-03-25,2022-04-06,0.0314834190717003,2022,2021-12-31,learned_order_extension,20260912,0.560900893741765,0.560900893741765,1,1
shadow_trial,2715,2022-04-01,2022-04-12,-0.0129237372705649,2022,2021-12-31,learned_order_extension,20260912,0.5663838497464478,0.5663838497464478,1,0
shadow_trial,2718,2022-04-08,2022-04-18,-0.0120986062576864,2022,2021-12-31,learned_order_extension,20260912,0.5658097590213205,0.5658097590213205,1,0
shadow_trial,2723,2022-04-15,2022-04-25,-0.0528494340140576,2022,2021-12-31,learned_order_extension,20260912,0.5761777041401651,0.5761777041401651,1,0
shadow_trial,2728,2022-04-22,2022-05-05,0.015736821365468,2022,2021-12-31,learned_order_extension,20260912,0.5221611817410305,0.5221611817410305,1,1
shadow_trial,2733,2022-04-29,2022-05-11,-0.0278824133054675,2022,2021-12-31,learned_order_extension,20260912,0.4014543582757582,0.4014543582757582,0,0
shadow_trial,2735,2022-05-06,2022-05-16,0.033741423035827,2022,2021-12-31,learned_order_extension,20260912,0.47602162546573495,0.47602162546573495,0,1
shadow_trial,2740,2022-05-13,2022-05-23,0.0164308841843088,2022,2021-12-31,learned_order_extension,20260912,0.4674156580741896,0.4674156580741896,0,1
shadow_trial,2745,2022-05-20,2022-05-30,-0.0147293413085614,2022,2021-12-31,learned_order_extension,20260912,0.48286106588586175,0.48286106588586175,0,0
shadow_trial,2750,2022-05-27,2022-06-13,0.0431748431927498,2022,2021-12-31,learned_order_extension,20260912,0.4605980778391567,0.4605980778391567,0,1
shadow_trial,2759,2022-06-10,2022-06-20,0.0306046547112142,2022,2021-12-31,learned_order_extension,20260912,0.3307362612743242,0.3307362612743242,0,1
shadow_trial,2764,2022-06-17,2022-06-27,0.0211666894141107,2022,2021-12-31,learned_order_extension,20260912,0.312819666276213,0.312819666276213,0,1
shadow_trial,2769,2022-06-24,2022-07-04,0.0074507343130214,2022,2021-12-31,learned_order_extension,20260912,0.38479843885136705,0.38479843885136705,0,1
shadow_trial,2774,2022-07-01,2022-07-11,-0.0092349827532707,2022,2021-12-31,learned_order_extension,20260912,0.374217053609673,0.374217053609673,0,0
shadow_trial,2779,2022-07-08,2022-07-18,-0.0326815927737367,2022,2021-12-31,learned_order_extension,20260912,0.4519894158378443,0.4519894158378443,0,0
shadow_trial,2784,2022-07-15,2022-07-25,-0.0066210715249344,2022,2021-12-31,learned_order_extension,20260912,0.4940204054336156,0.4940204054336156,0,0
shadow_trial,2789,2022-07-22,2022-08-01,-0.0173077967751003,2022,2021-12-31,learned_order_extension,20260912,0.5530846362953933,0.5530846362953933,1,0
shadow_trial,2794,2022-07-29,2022-08-08,-0.004456034513838,2022,2021-12-31,learned_order_extension,20260912,0.7003654415092999,0.7003654415092999,1,0
shadow_trial,2799,2022-08-05,2022-08-15,0.0091475117753996,2022,2021-12-31,learned_order_extension,20260912,0.6341161655828421,0.6341161655828421,1,1
shadow_trial,2804,2022-08-12,2022-08-22,-0.0107272727272728,2022,2021-12-31,learned_order_extension,20260912,0.5691662323086379,0.5691662323086379,1,0
shadow_trial,2809,2022-08-19,2022-08-29,-0.0172375434082356,2022,2021-12-31,learned_order_extension,20260912,0.5696880836750867,0.5696880836750867,1,0
shadow_trial,2814,2022-08-26,2022-09-05,-0.0131573766941938,2022,2021-12-31,learned_order_extension,20260912,0.5878257984810045,0.5878257984810045,1,0
shadow_trial,2819,2022-09-02,2022-09-13,0.0253340680878015,2022,2021-12-31,learned_order_extension,20260912,0.6379877793880597,0.6379877793880597,1,1
shadow_trial,2824,2022-09-09,2022-09-19,-0.044647264962877,2022,2021-12-31,learned_order_extension,20260912,0.7291911589139091,0.7291911589139091,1,0
shadow_trial,2828,2022-09-16,2022-09-26,-0.025155151434928,2022,2021-12-31,learned_order_extension,20260912,0.7111098702993732,0.7111098702993732,1,0
shadow_trial,2833,2022-09-23,2022-10-10,-0.0060162941299352,2022,2021-12-31,learned_order_extension,20260912,0.7077372458929503,0.7077372458929503,1,0
shadow_trial,2838,2022-09-30,2022-10-17,0.0041192047412885,2022,2021-12-31,learned_order_extension,20260912,0.6810391020203391,0.6810391020203391,1,1
shadow_trial,2843,2022-10-14,2022-10-24,-0.0246766294110258,2022,2021-12-31,learned_order_extension,20260912,0.5780452108695775,0.5780452108695775,1,0
shadow_trial,2848,2022-10-21,2022-10-31,-0.059928861134359,2022,2021-12-31,learned_order_extension,20260912,0.6522176427129165,0.6522176427129165,1,0
shadow_trial,2853,2022-10-28,2022-11-07,0.071339502526744,2022,2021-12-31,learned_order_extension,20260912,0.5335986065550459,0.5335986065550459,1,1
shadow_trial,2858,2022-11-04,2022-11-14,0.0169449090696014,2022,2021-12-31,learned_order_extension,20260912,0.4987947331500217,0.4987947331500217,0,1
shadow_trial,2863,2022-11-11,2022-11-21,-0.0127051391515239,2022,2021-12-31,learned_order_extension,20260912,0.5087391037241329,0.5087391037241329,1,0
shadow_trial,2868,2022-11-18,2022-11-28,-0.0179672806084416,2022,2021-12-31,learned_order_extension,20260912,0.4198421144660997,0.4198421144660997,0,0
shadow_trial,2873,2022-11-25,2022-12-05,0.0555768659337096,2022,2021-12-31,learned_order_extension,20260912,0.46813125282876833,0.46813125282876833,0,1
shadow_trial,2878,2022-12-02,2022-12-12,0.0175374394775362,2022,2021-12-31,learned_order_extension,20260912,0.4494453870275048,0.4494453870275048,0,1
shadow_trial,2883,2022-12-09,2022-12-19,-0.0058850602464181,2022,2021-12-31,learned_order_extension,20260912,0.5078172034516703,0.5078172034516703,1,0
shadow_trial,2888,2022-12-16,2022-12-26,-0.0309150292073658,2022,2021-12-31,learned_order_extension,20260912,0.6174086923329795,0.6174086923329795,1,0
shadow_trial,2893,2022-12-23,2023-01-03,0.0089464492229616,2022,2021-12-31,learned_order_extension,20260912,0.45819657918619455,0.45819657918619455,0,1
shadow_trial,2898,2022-12-30,2023-01-09,0.0345913414268119,2022,2021-12-31,learned_order_extension,20260912,0.4265465221917634,0.4265465221917634,0,1
shadow_trial,2660,2022-01-07,2022-01-17,-0.0173453887283024,2022,2021-12-31,learned_order_offset,20260912,0.7021002597589074,0.7021002597589074,1,0
shadow_trial,2665,2022-01-14,2022-01-24,0.0053248631776616,2022,2021-12-31,learned_order_offset,20260912,0.5194500670143739,0.5194500670143739,1,1
shadow_trial,2670,2022-01-21,2022-02-07,-0.0242661876254222,2022,2021-12-31,learned_order_offset,20260912,0.7150659531425939,0.7150659531425939,1,0
shadow_trial,2675,2022-01-28,2022-02-14,-0.0127539031341488,2022,2021-12-31,learned_order_offset,20260912,0.5563566039667686,0.5563566039667686,1,0
shadow_trial,2680,2022-02-11,2022-02-21,0.0145498774954033,2022,2021-12-31,learned_order_offset,20260912,0.6110482909835675,0.6110482909835675,1,1
shadow_trial,2685,2022-02-18,2022-02-28,-0.0177161244498015,2022,2021-12-31,learned_order_offset,20260912,0.7082662053268953,0.7082662053268953,1,0
shadow_trial,2690,2022-02-25,2022-03-07,-0.0221791776043331,2022,2021-12-31,learned_order_offset,20260912,0.6726443299723985,0.6726443299723985,1,0
shadow_trial,2695,2022-03-04,2022-03-14,-0.0480378799422749,2022,2021-12-31,learned_order_offset,20260912,0.7063540116439039,0.7063540116439039,1,0
shadow_trial,2700,2022-03-11,2022-03-21,0.007530336734814,2022,2021-12-31,learned_order_offset,20260912,0.6284302090313957,0.6284302090313957,1,1
shadow_trial,2705,2022-03-18,2022-03-28,-0.0353493110038457,2022,2021-12-31,learned_order_offset,20260912,0.5930408007656572,0.5930408007656572,1,0
shadow_trial,2710,2022-03-25,2022-04-06,0.0314834190717003,2022,2021-12-31,learned_order_offset,20260912,0.5609837979969954,0.5609837979969954,1,1
shadow_trial,2715,2022-04-01,2022-04-12,-0.0129237372705649,2022,2021-12-31,learned_order_offset,20260912,0.5664637136117925,0.5664637136117925,1,0
shadow_trial,2718,2022-04-08,2022-04-18,-0.0120986062576864,2022,2021-12-31,learned_order_offset,20260912,0.5658239286779201,0.5658239286779201,1,0
shadow_trial,2723,2022-04-15,2022-04-25,-0.0528494340140576,2022,2021-12-31,learned_order_offset,20260912,0.5762053845604607,0.5762053845604607,1,0
shadow_trial,2728,2022-04-22,2022-05-05,0.015736821365468,2022,2021-12-31,learned_order_offset,20260912,0.5222181583301384,0.5222181583301384,1,1
shadow_trial,2733,2022-04-29,2022-05-11,-0.0278824133054675,2022,2021-12-31,learned_order_offset,20260912,0.40156189565790024,0.40156189565790024,0,0
shadow_trial,2735,2022-05-06,2022-05-16,0.033741423035827,2022,2021-12-31,learned_order_offset,20260912,0.4760551178307766,0.4760551178307766,0,1
shadow_trial,2740,2022-05-13,2022-05-23,0.0164308841843088,2022,2021-12-31,learned_order_offset,20260912,0.46741359959285833,0.46741359959285833,0,1
shadow_trial,2745,2022-05-20,2022-05-30,-0.0147293413085614,2022,2021-12-31,learned_order_offset,20260912,0.4829666670195881,0.4829666670195881,0,0
shadow_trial,2750,2022-05-27,2022-06-13,0.0431748431927498,2022,2021-12-31,learned_order_offset,20260912,0.4606339295692324,0.4606339295692324,0,1
shadow_trial,2759,2022-06-10,2022-06-20,0.0306046547112142,2022,2021-12-31,learned_order_offset,20260912,0.3309313135172127,0.3309313135172127,0,1
shadow_trial,2764,2022-06-17,2022-06-27,0.0211666894141107,2022,2021-12-31,learned_order_offset,20260912,0.31302829433814716,0.31302829433814716,0,1
shadow_trial,2769,2022-06-24,2022-07-04,0.0074507343130214,2022,2021-12-31,learned_order_offset,20260912,0.38491716457946495,0.38491716457946495,0,1
shadow_trial,2774,2022-07-01,2022-07-11,-0.0092349827532707,2022,2021-12-31,learned_order_offset,20260912,0.3742631378177632,0.3742631378177632,0,0
shadow_trial,2779,2022-07-08,2022-07-18,-0.0326815927737367,2022,2021-12-31,learned_order_offset,20260912,0.45196032259529306,0.45196032259529306,0,0
shadow_trial,2784,2022-07-15,2022-07-25,-0.0066210715249344,2022,2021-12-31,learned_order_offset,20260912,0.49395559112838827,0.49395559112838827,0,0
shadow_trial,2789,2022-07-22,2022-08-01,-0.0173077967751003,2022,2021-12-31,learned_order_offset,20260912,0.5530567140533315,0.5530567140533315,1,0
shadow_trial,2794,2022-07-29,2022-08-08,-0.004456034513838,2022,2021-12-31,learned_order_offset,20260912,0.7004287549044343,0.7004287549044343,1,0
shadow_trial,2799,2022-08-05,2022-08-15,0.0091475117753996,2022,2021-12-31,learned_order_offset,20260912,0.6341811795165448,0.6341811795165448,1,1
shadow_trial,2804,2022-08-12,2022-08-22,-0.0107272727272728,2022,2021-12-31,learned_order_offset,20260912,0.5692369708416735,0.5692369708416735,1,0
shadow_trial,2809,2022-08-19,2022-08-29,-0.0172375434082356,2022,2021-12-31,learned_order_offset,20260912,0.569797003520037,0.569797003520037,1,0
shadow_trial,2814,2022-08-26,2022-09-05,-0.0131573766941938,2022,2021-12-31,learned_order_offset,20260912,0.5879050437117161,0.5879050437117161,1,0
shadow_trial,2819,2022-09-02,2022-09-13,0.0253340680878015,2022,2021-12-31,learned_order_offset,20260912,0.6381022660159982,0.6381022660159982,1,1
shadow_trial,2824,2022-09-09,2022-09-19,-0.044647264962877,2022,2021-12-31,learned_order_offset,20260912,0.729222320192203,0.729222320192203,1,0
shadow_trial,2828,2022-09-16,2022-09-26,-0.025155151434928,2022,2021-12-31,learned_order_offset,20260912,0.7111932176188367,0.7111932176188367,1,0
shadow_trial,2833,2022-09-23,2022-10-10,-0.0060162941299352,2022,2021-12-31,learned_order_offset,20260912,0.7077217498942572,0.7077217498942572,1,0
shadow_trial,2838,2022-09-30,2022-10-17,0.0041192047412885,2022,2021-12-31,learned_order_offset,20260912,0.6810773659822338,0.6810773659822338,1,1
shadow_trial,2843,2022-10-14,2022-10-24,-0.0246766294110258,2022,2021-12-31,learned_order_offset,20260912,0.5780788256268797,0.5780788256268797,1,0
shadow_trial,2848,2022-10-21,2022-10-31,-0.059928861134359,2022,2021-12-31,learned_order_offset,20260912,0.6522206517177457,0.6522206517177457,1,0
shadow_trial,2853,2022-10-28,2022-11-07,0.071339502526744,2022,2021-12-31,learned_order_offset,20260912,0.5335953389035146,0.5335953389035146,1,1
shadow_trial,2858,2022-11-04,2022-11-14,0.0169449090696014,2022,2021-12-31,learned_order_offset,20260912,0.49899626271395653,0.49899626271395653,0,1
shadow_trial,2863,2022-11-11,2022-11-21,-0.0127051391515239,2022,2021-12-31,learned_order_offset,20260912,0.5087287832505283,0.5087287832505283,1,0
shadow_trial,2868,2022-11-18,2022-11-28,-0.0179672806084416,2022,2021-12-31,learned_order_offset,20260912,0.4199934200293093,0.4199934200293093,0,0
shadow_trial,2873,2022-11-25,2022-12-05,0.0555768659337096,2022,2021-12-31,learned_order_offset,20260912,0.4681523148388295,0.4681523148388295,0,1
shadow_trial,2878,2022-12-02,2022-12-12,0.0175374394775362,2022,2021-12-31,learned_order_offset,20260912,0.4495540620666624,0.4495540620666624,0,1
shadow_trial,2883,2022-12-09,2022-12-19,-0.0058850602464181,2022,2021-12-31,learned_order_offset,20260912,0.5079832164008727,0.5079832164008727,1,0
shadow_trial,2888,2022-12-16,2022-12-26,-0.0309150292073658,2022,2021-12-31,learned_order_offset,20260912,0.617550495391565,0.617550495391565,1,0
shadow_trial,2893,2022-12-23,2023-01-03,0.0089464492229616,2022,2021-12-31,learned_order_offset,20260912,0.45834125092049666,0.45834125092049666,0,1
shadow_trial,2898,2022-12-30,2023-01-09,0.0345913414268119,2022,2021-12-31,learned_order_offset,20260912,0.42667020854201704,0.42667020854201704,0,1
shadow_trial,2660,2022-01-07,2022-01-17,-0.0173453887283024,2022,2021-12-31,native_mse,20260912,0.001814179283598589,,1,0
shadow_trial,2665,2022-01-14,2022-01-24,0.0053248631776616,2022,2021-12-31,native_mse,20260912,0.0008133505012356114,,1,1
shadow_trial,2670,2022-01-21,2022-02-07,-0.0242661876254222,2022,2021-12-31,native_mse,20260912,0.003394922189452561,,1,0
shadow_trial,2675,2022-01-28,2022-02-14,-0.0127539031341488,2022,2021-12-31,native_mse,20260912,0.001858669558311765,,1,0
shadow_trial,2680,2022-02-11,2022-02-21,0.0145498774954033,2022,2021-12-31,native_mse,20260912,0.003479305001395758,,1,1
shadow_trial,2685,2022-02-18,2022-02-28,-0.0177161244498015,2022,2021-12-31,native_mse,20260912,0.00484344917433416,,1,0
shadow_trial,2690,2022-02-25,2022-03-07,-0.0221791776043331,2022,2021-12-31,native_mse,20260912,0.004930593592929232,,1,0
shadow_trial,2695,2022-03-04,2022-03-14,-0.0480378799422749,2022,2021-12-31,native_mse,20260912,0.004780982951547397,,1,0
shadow_trial,2700,2022-03-11,2022-03-21,0.007530336734814,2022,2021-12-31,native_mse,20260912,0.004193854635787947,,1,1
shadow_trial,2705,2022-03-18,2022-03-28,-0.0353493110038457,2022,2021-12-31,native_mse,20260912,0.004396502651581285,,1,0
shadow_trial,2710,2022-03-25,2022-04-06,0.0314834190717003,2022,2021-12-31,native_mse,20260912,0.0036897334948297125,,1,1
shadow_trial,2715,2022-04-01,2022-04-12,-0.0129237372705649,2022,2021-12-31,native_mse,20260912,0.003704448832752752,,1,0
shadow_trial,2718,2022-04-08,2022-04-18,-0.0120986062576864,2022,2021-12-31,native_mse,20260912,0.0033120503584409514,,1,0
shadow_trial,2723,2022-04-15,2022-04-25,-0.0528494340140576,2022,2021-12-31,native_mse,20260912,0.0030085181253416615,,1,0
shadow_trial,2728,2022-04-22,2022-05-05,0.015736821365468,2022,2021-12-31,native_mse,20260912,0.0026567146550084044,,1,1
shadow_trial,2733,2022-04-29,2022-05-11,-0.0278824133054675,2022,2021-12-31,native_mse,20260912,0.0018367479372410052,,1,0
shadow_trial,2735,2022-05-06,2022-05-16,0.033741423035827,2022,2021-12-31,native_mse,20260912,0.0020912186604119124,,1,1
shadow_trial,2740,2022-05-13,2022-05-23,0.0164308841843088,2022,2021-12-31,native_mse,20260912,0.0018493178254621319,,1,1
shadow_trial,2745,2022-05-20,2022-05-30,-0.0147293413085614,2022,2021-12-31,native_mse,20260912,0.0016372108848958446,,1,0
shadow_trial,2750,2022-05-27,2022-06-13,0.0431748431927498,2022,2021-12-31,native_mse,20260912,0.0012702553294938346,,1,1
shadow_trial,2759,2022-06-10,2022-06-20,0.0306046547112142,2022,2021-12-31,native_mse,20260912,-0.00018870985334741705,,0,1
shadow_trial,2764,2022-06-17,2022-06-27,0.0211666894141107,2022,2021-12-31,native_mse,20260912,-0.0009698518035469311,,0,1
shadow_trial,2769,2022-06-24,2022-07-04,0.0074507343130214,2022,2021-12-31,native_mse,20260912,-0.00016157705520515077,,0,1
shadow_trial,2774,2022-07-01,2022-07-11,-0.0092349827532707,2022,2021-12-31,native_mse,20260912,0.00012114906253678204,,1,0
shadow_trial,2779,2022-07-08,2022-07-18,-0.0326815927737367,2022,2021-12-31,native_mse,20260912,0.0009385572149118832,,1,0
shadow_trial,2784,2022-07-15,2022-07-25,-0.0066210715249344,2022,2021-12-31,native_mse,20260912,0.0008465033870475552,,1,0
shadow_trial,2789,2022-07-22,2022-08-01,-0.0173077967751003,2022,2021-12-31,native_mse,20260912,0.001749105544547778,,1,0
shadow_trial,2794,2022-07-29,2022-08-08,-0.004456034513838,2022,2021-12-31,native_mse,20260912,0.0022855909610094674,,1,0
shadow_trial,2799,2022-08-05,2022-08-15,0.0091475117753996,2022,2021-12-31,native_mse,20260912,0.0023275813973101045,,1,1
shadow_trial,2804,2022-08-12,2022-08-22,-0.0107272727272728,2022,2021-12-31,native_mse,20260912,0.00116828161002665,,1,0
shadow_trial,2809,2022-08-19,2022-08-29,-0.0172375434082356,2022,2021-12-31,native_mse,20260912,0.002641518401624336,,1,0
shadow_trial,2814,2022-08-26,2022-09-05,-0.0131573766941938,2022,2021-12-31,native_mse,20260912,0.00258122146459616,,1,0
shadow_trial,2819,2022-09-02,2022-09-13,0.0253340680878015,2022,2021-12-31,native_mse,20260912,0.003426320209529877,,1,1
shadow_trial,2824,2022-09-09,2022-09-19,-0.044647264962877,2022,2021-12-31,native_mse,20260912,0.004071954177543495,,1,0
shadow_trial,2828,2022-09-16,2022-09-26,-0.025155151434928,2022,2021-12-31,native_mse,20260912,0.004321372628556118,,1,0
shadow_trial,2833,2022-09-23,2022-10-10,-0.0060162941299352,2022,2021-12-31,native_mse,20260912,0.0034216908995016978,,1,0
shadow_trial,2838,2022-09-30,2022-10-17,0.0041192047412885,2022,2021-12-31,native_mse,20260912,0.003515450079575204,,1,1
shadow_trial,2843,2022-10-14,2022-10-24,-0.0246766294110258,2022,2021-12-31,native_mse,20260912,0.002607809358206801,,1,0
shadow_trial,2848,2022-10-21,2022-10-31,-0.059928861134359,2022,2021-12-31,native_mse,20260912,0.003699251753992663,,1,0
shadow_trial,2853,2022-10-28,2022-11-07,0.071339502526744,2022,2021-12-31,native_mse,20260912,0.0018115173178016464,,1,1
shadow_trial,2858,2022-11-04,2022-11-14,0.0169449090696014,2022,2021-12-31,native_mse,20260912,0.0023418219066621243,,1,1
shadow_trial,2863,2022-11-11,2022-11-21,-0.0127051391515239,2022,2021-12-31,native_mse,20260912,0.0018573604038192703,,1,0
shadow_trial,2868,2022-11-18,2022-11-28,-0.0179672806084416,2022,2021-12-31,native_mse,20260912,0.0016249204309614228,,1,0
shadow_trial,2873,2022-11-25,2022-12-05,0.0555768659337096,2022,2021-12-31,native_mse,20260912,0.0016075771422150188,,1,1
shadow_trial,2878,2022-12-02,2022-12-12,0.0175374394775362,2022,2021-12-31,native_mse,20260912,0.0015010231403169106,,1,1
shadow_trial,2883,2022-12-09,2022-12-19,-0.0058850602464181,2022,2021-12-31,native_mse,20260912,0.001187317105345827,,1,0
shadow_trial,2888,2022-12-16,2022-12-26,-0.0309150292073658,2022,2021-12-31,native_mse,20260912,0.0019485697779955545,,1,0
shadow_trial,2893,2022-12-23,2023-01-03,0.0089464492229616,2022,2021-12-31,native_mse,20260912,0.0001928217320369698,,1,1
shadow_trial,2898,2022-12-30,2023-01-09,0.0345913414268119,2022,2021-12-31,native_mse,20260912,0.00047968928790032895,,1,1
shadow_trial,2902,2023-01-06,2023-01-16,0.0198447929614133,2023,2022-12-31,learned_market,20260910,0.2720748657753032,0.2720748657753032,0,1
shadow_trial,2907,2023-01-13,2023-01-30,0.0465290788350809,2023,2022-12-31,learned_market,20260910,0.47236248212800225,0.47236248212800225,0,1
shadow_trial,2912,2023-01-20,2023-02-06,-0.0383797057844887,2023,2022-12-31,learned_market,20260910,0.406664897579608,0.406664897579608,0,0
shadow_trial,2917,2023-02-03,2023-02-13,-0.0012061903149008,2023,2022-12-31,learned_market,20260910,0.7077615943567296,0.7077615943567296,1,0
shadow_trial,2922,2023-02-10,2023-02-20,-0.0143746584432821,2023,2022-12-31,learned_market,20260910,0.3396729663973045,0.3396729663973045,0,0
shadow_trial,2927,2023-02-17,2023-02-27,0.0001237636016198,2023,2022-12-31,learned_market,20260910,0.3940367299508906,0.3940367299508906,0,1
shadow_trial,2932,2023-02-24,2023-03-06,0.0224454641303217,2023,2022-12-31,learned_market,20260910,0.6368517662464305,0.6368517662464305,1,1
shadow_trial,2937,2023-03-03,2023-03-13,-0.0407900947678007,2023,2022-12-31,learned_market,20260910,0.7365179717700991,0.7365179717700991,1,0
shadow_trial,2942,2023-03-10,2023-03-20,5.0471402903706775e-06,2023,2022-12-31,learned_market,20260910,0.5813776336748179,0.5813776336748179,1,1
shadow_trial,2947,2023-03-17,2023-03-27,0.015302852124583,2023,2022-12-31,learned_market,20260910,0.42485803758448765,0.42485803758448765,0,1
shadow_trial,2952,2023-03-24,2023-04-03,0.0090274153058433,2023,2022-12-31,learned_market,20260910,0.37090574302943613,0.37090574302943613,0,1
shadow_trial,2957,2023-03-31,2023-04-10,0.0178317182396383,2023,2022-12-31,learned_market,20260910,0.3924154635264961,0.3924154635264961,0,1
shadow_trial,2961,2023-04-07,2023-04-17,-0.0101500238382772,2023,2022-12-31,learned_market,20260910,0.595589872428567,0.595589872428567,1,0
shadow_trial,2966,2023-04-14,2023-04-24,-0.014368947230732,2023,2022-12-31,learned_market,20260910,0.3348532730298861,0.3348532730298861,0,0
shadow_trial,2971,2023-04-21,2023-05-04,-0.0044228908788729,2023,2022-12-31,learned_market,20260910,0.4942947568375473,0.4942947568375473,0,0
shadow_trial,2976,2023-04-28,2023-05-10,0.0036477163153083,2023,2022-12-31,learned_market,20260910,0.3714756111943182,0.3714756111943182,0,1
shadow_trial,2978,2023-05-05,2023-05-15,-0.0221642407977935,2023,2022-12-31,learned_market,20260910,0.4497529451200874,0.4497529451200874,0,0
shadow_trial,2983,2023-05-12,2023-05-22,0.0005509250208819,2023,2022-12-31,learned_market,20260910,0.33357360179734663,0.33357360179734663,0,1
shadow_trial,2988,2023-05-19,2023-05-29,-0.0200253742704897,2023,2022-12-31,learned_market,20260910,0.5625170222669913,0.5625170222669913,1,0
shadow_trial,2993,2023-05-26,2023-06-05,-0.0003935703040848,2023,2022-12-31,learned_market,20260910,0.516241495805648,0.516241495805648,1,0
shadow_trial,2998,2023-06-02,2023-06-12,-0.0086075595250429,2023,2022-12-31,learned_market,20260910,0.4611271604446467,0.4611271604446467,0,0
shadow_trial,3003,2023-06-09,2023-06-19,0.0338878539347273,2023,2022-12-31,learned_market,20260910,0.3966512245556026,0.3966512245556026,0,1
shadow_trial,3008,2023-06-16,2023-07-03,-0.026216632171098,2023,2022-12-31,learned_market,20260910,0.4023630749492596,0.4023630749492596,0,0
shadow_trial,3016,2023-06-30,2023-07-10,-0.0030441518806006,2023,2022-12-31,learned_market,20260910,0.4213657002217921,0.4213657002217921,0,0
shadow_trial,2902,2023-01-06,2023-01-16,0.0198447929614133,2023,2022-12-31,learned_vol_interaction,20260910,0.2579229355480302,0.2579229355480302,0,1
shadow_trial,2907,2023-01-13,2023-01-30,0.0465290788350809,2023,2022-12-31,learned_vol_interaction,20260910,0.46834593067568,0.46834593067568,0,1
shadow_trial,2912,2023-01-20,2023-02-06,-0.0383797057844887,2023,2022-12-31,learned_vol_interaction,20260910,0.3968582316115995,0.3968582316115995,0,0
shadow_trial,2917,2023-02-03,2023-02-13,-0.0012061903149008,2023,2022-12-31,learned_vol_interaction,20260910,0.7386639107975522,0.7386639107975522,1,0
shadow_trial,2922,2023-02-10,2023-02-20,-0.0143746584432821,2023,2022-12-31,learned_vol_interaction,20260910,0.3303769483660095,0.3303769483660095,0,0
shadow_trial,2927,2023-02-17,2023-02-27,0.0001237636016198,2023,2022-12-31,learned_vol_interaction,20260910,0.37895686267521006,0.37895686267521006,0,1
shadow_trial,2932,2023-02-24,2023-03-06,0.0224454641303217,2023,2022-12-31,learned_vol_interaction,20260910,0.6474147480213357,0.6474147480213357,1,1
shadow_trial,2937,2023-03-03,2023-03-13,-0.0407900947678007,2023,2022-12-31,learned_vol_interaction,20260910,0.7530412308563522,0.7530412308563522,1,0
shadow_trial,2942,2023-03-10,2023-03-20,5.0471402903706775e-06,2023,2022-12-31,learned_vol_interaction,20260910,0.5873882519994295,0.5873882519994295,1,1
shadow_trial,2947,2023-03-17,2023-03-27,0.015302852124583,2023,2022-12-31,learned_vol_interaction,20260910,0.41458186592231894,0.41458186592231894,0,1
shadow_trial,2952,2023-03-24,2023-04-03,0.0090274153058433,2023,2022-12-31,learned_vol_interaction,20260910,0.35652402288788393,0.35652402288788393,0,1
shadow_trial,2957,2023-03-31,2023-04-10,0.0178317182396383,2023,2022-12-31,learned_vol_interaction,20260910,0.3863632737017367,0.3863632737017367,0,1
shadow_trial,2961,2023-04-07,2023-04-17,-0.0101500238382772,2023,2022-12-31,learned_vol_interaction,20260910,0.6043529683218729,0.6043529683218729,1,0
shadow_trial,2966,2023-04-14,2023-04-24,-0.014368947230732,2023,2022-12-31,learned_vol_interaction,20260910,0.3144567628179821,0.3144567628179821,0,0
shadow_trial,2971,2023-04-21,2023-05-04,-0.0044228908788729,2023,2022-12-31,learned_vol_interaction,20260910,0.4875429689874716,0.4875429689874716,0,0
shadow_trial,2976,2023-04-28,2023-05-10,0.0036477163153083,2023,2022-12-31,learned_vol_interaction,20260910,0.3596297147597128,0.3596297147597128,0,1
shadow_trial,2978,2023-05-05,2023-05-15,-0.0221642407977935,2023,2022-12-31,learned_vol_interaction,20260910,0.44140831433605277,0.44140831433605277,0,0
shadow_trial,2983,2023-05-12,2023-05-22,0.0005509250208819,2023,2022-12-31,learned_vol_interaction,20260910,0.3241710306632204,0.3241710306632204,0,1
shadow_trial,2988,2023-05-19,2023-05-29,-0.0200253742704897,2023,2022-12-31,learned_vol_interaction,20260910,0.5771140415412856,0.5771140415412856,1,0
shadow_trial,2993,2023-05-26,2023-06-05,-0.0003935703040848,2023,2022-12-31,learned_vol_interaction,20260910,0.5170651713386136,0.5170651713386136,1,0
shadow_trial,2998,2023-06-02,2023-06-12,-0.0086075595250429,2023,2022-12-31,learned_vol_interaction,20260910,0.45864589830252817,0.45864589830252817,0,0
shadow_trial,3003,2023-06-09,2023-06-19,0.0338878539347273,2023,2022-12-31,learned_vol_interaction,20260910,0.3918169460644426,0.3918169460644426,0,1
shadow_trial,3008,2023-06-16,2023-07-03,-0.026216632171098,2023,2022-12-31,learned_vol_interaction,20260910,0.39897150529552516,0.39897150529552516,0,0
shadow_trial,3016,2023-06-30,2023-07-10,-0.0030441518806006,2023,2022-12-31,learned_vol_interaction,20260910,0.4213702849064111,0.4213702849064111,0,0
shadow_trial,2902,2023-01-06,2023-01-16,0.0198447929614133,2023,2022-12-31,learned_order_extension,20260910,0.2943161630816726,0.2943161630816726,0,1
shadow_trial,2907,2023-01-13,2023-01-30,0.0465290788350809,2023,2022-12-31,learned_order_extension,20260910,0.46027187341536235,0.46027187341536235,0,1
shadow_trial,2912,2023-01-20,2023-02-06,-0.0383797057844887,2023,2022-12-31,learned_order_extension,20260910,0.3872152058090037,0.3872152058090037,0,0
shadow_trial,2917,2023-02-03,2023-02-13,-0.0012061903149008,2023,2022-12-31,learned_order_extension,20260910,0.7087431108814826,0.7087431108814826,1,0
shadow_trial,2922,2023-02-10,2023-02-20,-0.0143746584432821,2023,2022-12-31,learned_order_extension,20260910,0.33420380659580207,0.33420380659580207,0,0
shadow_trial,2927,2023-02-17,2023-02-27,0.0001237636016198,2023,2022-12-31,learned_order_extension,20260910,0.37695809393703467,0.37695809393703467,0,1
shadow_trial,2932,2023-02-24,2023-03-06,0.0224454641303217,2023,2022-12-31,learned_order_extension,20260910,0.6504979423759706,0.6504979423759706,1,1
shadow_trial,2937,2023-03-03,2023-03-13,-0.0407900947678007,2023,2022-12-31,learned_order_extension,20260910,0.7451391997229981,0.7451391997229981,1,0
shadow_trial,2942,2023-03-10,2023-03-20,5.0471402903706775e-06,2023,2022-12-31,learned_order_extension,20260910,0.5807717243209339,0.5807717243209339,1,1
shadow_trial,2947,2023-03-17,2023-03-27,0.015302852124583,2023,2022-12-31,learned_order_extension,20260910,0.4261400351912486,0.4261400351912486,0,1
shadow_trial,2952,2023-03-24,2023-04-03,0.0090274153058433,2023,2022-12-31,learned_order_extension,20260910,0.35549705087245137,0.35549705087245137,0,1
shadow_trial,2957,2023-03-31,2023-04-10,0.0178317182396383,2023,2022-12-31,learned_order_extension,20260910,0.38561638910546875,0.38561638910546875,0,1
shadow_trial,2961,2023-04-07,2023-04-17,-0.0101500238382772,2023,2022-12-31,learned_order_extension,20260910,0.5803253034213908,0.5803253034213908,1,0
shadow_trial,2966,2023-04-14,2023-04-24,-0.014368947230732,2023,2022-12-31,learned_order_extension,20260910,0.3132796546081912,0.3132796546081912,0,0
shadow_trial,2971,2023-04-21,2023-05-04,-0.0044228908788729,2023,2022-12-31,learned_order_extension,20260910,0.5129717529119044,0.5129717529119044,1,0
shadow_trial,2976,2023-04-28,2023-05-10,0.0036477163153083,2023,2022-12-31,learned_order_extension,20260910,0.3973579997453356,0.3973579997453356,0,1
shadow_trial,2978,2023-05-05,2023-05-15,-0.0221642407977935,2023,2022-12-31,learned_order_extension,20260910,0.4552249172640749,0.4552249172640749,0,0
shadow_trial,2983,2023-05-12,2023-05-22,0.0005509250208819,2023,2022-12-31,learned_order_extension,20260910,0.3862794729795211,0.3862794729795211,0,1
shadow_trial,2988,2023-05-19,2023-05-29,-0.0200253742704897,2023,2022-12-31,learned_order_extension,20260910,0.558285474010296,0.558285474010296,1,0
shadow_trial,2993,2023-05-26,2023-06-05,-0.0003935703040848,2023,2022-12-31,learned_order_extension,20260910,0.5195420946101187,0.5195420946101187,1,0
shadow_trial,2998,2023-06-02,2023-06-12,-0.0086075595250429,2023,2022-12-31,learned_order_extension,20260910,0.4764646687624865,0.4764646687624865,0,0
shadow_trial,3003,2023-06-09,2023-06-19,0.0338878539347273,2023,2022-12-31,learned_order_extension,20260910,0.4399504044091518,0.4399504044091518,0,1
shadow_trial,3008,2023-06-16,2023-07-03,-0.026216632171098,2023,2022-12-31,learned_order_extension,20260910,0.4403657460993596,0.4403657460993596,0,0
shadow_trial,3016,2023-06-30,2023-07-10,-0.0030441518806006,2023,2022-12-31,learned_order_extension,20260910,0.44347540699034627,0.44347540699034627,0,0
shadow_trial,2902,2023-01-06,2023-01-16,0.0198447929614133,2023,2022-12-31,learned_order_offset,20260910,0.29436491679511234,0.29436491679511234,0,1
shadow_trial,2907,2023-01-13,2023-01-30,0.0465290788350809,2023,2022-12-31,learned_order_offset,20260910,0.45922844261203544,0.45922844261203544,0,1
shadow_trial,2912,2023-01-20,2023-02-06,-0.0383797057844887,2023,2022-12-31,learned_order_offset,20260910,0.3863007910171924,0.3863007910171924,0,0
shadow_trial,2917,2023-02-03,2023-02-13,-0.0012061903149008,2023,2022-12-31,learned_order_offset,20260910,0.708109906191393,0.708109906191393,1,0
shadow_trial,2922,2023-02-10,2023-02-20,-0.0143746584432821,2023,2022-12-31,learned_order_offset,20260910,0.3342356424663725,0.3342356424663725,0,0
shadow_trial,2927,2023-02-17,2023-02-27,0.0001237636016198,2023,2022-12-31,learned_order_offset,20260910,0.3768936129162209,0.3768936129162209,0,1
shadow_trial,2932,2023-02-24,2023-03-06,0.0224454641303217,2023,2022-12-31,learned_order_offset,20260910,0.650954614063496,0.650954614063496,1,1
shadow_trial,2937,2023-03-03,2023-03-13,-0.0407900947678007,2023,2022-12-31,learned_order_offset,20260910,0.744213255918267,0.744213255918267,1,0
shadow_trial,2942,2023-03-10,2023-03-20,5.0471402903706775e-06,2023,2022-12-31,learned_order_offset,20260910,0.581402685223824,0.581402685223824,1,1
shadow_trial,2947,2023-03-17,2023-03-27,0.015302852124583,2023,2022-12-31,learned_order_offset,20260910,0.4267138677564879,0.4267138677564879,0,1
shadow_trial,2952,2023-03-24,2023-04-03,0.0090274153058433,2023,2022-12-31,learned_order_offset,20260910,0.3550974197538086,0.3550974197538086,0,1
shadow_trial,2957,2023-03-31,2023-04-10,0.0178317182396383,2023,2022-12-31,learned_order_offset,20260910,0.38476763491007665,0.38476763491007665,0,1
shadow_trial,2961,2023-04-07,2023-04-17,-0.0101500238382772,2023,2022-12-31,learned_order_offset,20260910,0.5794010068026585,0.5794010068026585,1,0
shadow_trial,2966,2023-04-14,2023-04-24,-0.014368947230732,2023,2022-12-31,learned_order_offset,20260910,0.31197453771328737,0.31197453771328737,0,0
shadow_trial,2971,2023-04-21,2023-05-04,-0.0044228908788729,2023,2022-12-31,learned_order_offset,20260910,0.5149450703710334,0.5149450703710334,1,0
shadow_trial,2976,2023-04-28,2023-05-10,0.0036477163153083,2023,2022-12-31,learned_order_offset,20260910,0.39823395699918146,0.39823395699918146,0,1
shadow_trial,2978,2023-05-05,2023-05-15,-0.0221642407977935,2023,2022-12-31,learned_order_offset,20260910,0.4559542898668919,0.4559542898668919,0,0
shadow_trial,2983,2023-05-12,2023-05-22,0.0005509250208819,2023,2022-12-31,learned_order_offset,20260910,0.38735140673750457,0.38735140673750457,0,1
shadow_trial,2988,2023-05-19,2023-05-29,-0.0200253742704897,2023,2022-12-31,learned_order_offset,20260910,0.5583236766115218,0.5583236766115218,1,0
shadow_trial,2993,2023-05-26,2023-06-05,-0.0003935703040848,2023,2022-12-31,learned_order_offset,20260910,0.5196713253356512,0.5196713253356512,1,0
shadow_trial,2998,2023-06-02,2023-06-12,-0.0086075595250429,2023,2022-12-31,learned_order_offset,20260910,0.4774002230107331,0.4774002230107331,0,0
shadow_trial,3003,2023-06-09,2023-06-19,0.0338878539347273,2023,2022-12-31,learned_order_offset,20260910,0.44203236200402185,0.44203236200402185,0,1
shadow_trial,3008,2023-06-16,2023-07-03,-0.026216632171098,2023,2022-12-31,learned_order_offset,20260910,0.44122158681927054,0.44122158681927054,0,0
shadow_trial,3016,2023-06-30,2023-07-10,-0.0030441518806006,2023,2022-12-31,learned_order_offset,20260910,0.4443353288773946,0.4443353288773946,0,0
shadow_trial,2902,2023-01-06,2023-01-16,0.0198447929614133,2023,2022-12-31,native_mse,20260910,-0.0025267983391307767,,0,1
shadow_trial,2907,2023-01-13,2023-01-30,0.0465290788350809,2023,2022-12-31,native_mse,20260910,-0.0004635399148201708,,0,1
shadow_trial,2912,2023-01-20,2023-02-06,-0.0383797057844887,2023,2022-12-31,native_mse,20260910,7.519190422555292e-05,,1,0
shadow_trial,2917,2023-02-03,2023-02-13,-0.0012061903149008,2023,2022-12-31,native_mse,20260910,0.0016271329266920357,,1,0
shadow_trial,2922,2023-02-10,2023-02-20,-0.0143746584432821,2023,2022-12-31,native_mse,20260910,-0.0011564163814400644,,0,0
shadow_trial,2927,2023-02-17,2023-02-27,0.0001237636016198,2023,2022-12-31,native_mse,20260910,-0.0016426518503498255,,0,1
shadow_trial,2932,2023-02-24,2023-03-06,0.0224454641303217,2023,2022-12-31,native_mse,20260910,0.0015810555880606469,,1,1
shadow_trial,2937,2023-03-03,2023-03-13,-0.0407900947678007,2023,2022-12-31,native_mse,20260910,0.0007073892257839969,,1,0
shadow_trial,2942,2023-03-10,2023-03-20,5.0471402903706775e-06,2023,2022-12-31,native_mse,20260910,-0.0001794060398361263,,0,1
shadow_trial,2947,2023-03-17,2023-03-27,0.015302852124583,2023,2022-12-31,native_mse,20260910,-0.0018976163672993884,,0,1
shadow_trial,2952,2023-03-24,2023-04-03,0.0090274153058433,2023,2022-12-31,native_mse,20260910,-0.001832954139676603,,0,1
shadow_trial,2957,2023-03-31,2023-04-10,0.0178317182396383,2023,2022-12-31,native_mse,20260910,-0.00172129069982479,,0,1
shadow_trial,2961,2023-04-07,2023-04-17,-0.0101500238382772,2023,2022-12-31,native_mse,20260910,-0.00033641886926452733,,0,0
shadow_trial,2966,2023-04-14,2023-04-24,-0.014368947230732,2023,2022-12-31,native_mse,20260910,-0.0013230092163269815,,0,0
shadow_trial,2971,2023-04-21,2023-05-04,-0.0044228908788729,2023,2022-12-31,native_mse,20260910,-0.0007286066396655064,,0,0
shadow_trial,2976,2023-04-28,2023-05-10,0.0036477163153083,2023,2022-12-31,native_mse,20260910,-0.00030575704561793394,,0,1
shadow_trial,2978,2023-05-05,2023-05-15,-0.0221642407977935,2023,2022-12-31,native_mse,20260910,-0.00011486613921578474,,0,0
shadow_trial,2983,2023-05-12,2023-05-22,0.0005509250208819,2023,2022-12-31,native_mse,20260910,-0.0001792163459168561,,0,1
shadow_trial,2988,2023-05-19,2023-05-29,-0.0200253742704897,2023,2022-12-31,native_mse,20260910,0.0009439667644663131,,1,0
shadow_trial,2993,2023-05-26,2023-06-05,-0.0003935703040848,2023,2022-12-31,native_mse,20260910,0.000557122093874036,,1,0
shadow_trial,2998,2023-06-02,2023-06-12,-0.0086075595250429,2023,2022-12-31,native_mse,20260910,-0.001180815938657947,,0,0
shadow_trial,3003,2023-06-09,2023-06-19,0.0338878539347273,2023,2022-12-31,native_mse,20260910,-0.0014426234760102343,,0,1
shadow_trial,3008,2023-06-16,2023-07-03,-0.026216632171098,2023,2022-12-31,native_mse,20260910,-0.0010042817493535598,,0,0
shadow_trial,3016,2023-06-30,2023-07-10,-0.0030441518806006,2023,2022-12-31,native_mse,20260910,-0.0011931588855691256,,0,0
shadow_trial,2902,2023-01-06,2023-01-16,0.0198447929614133,2023,2022-12-31,training_frequency,-1,0.5028949545078577,0.5028949545078577,1,1
shadow_trial,2907,2023-01-13,2023-01-30,0.0465290788350809,2023,2022-12-31,training_frequency,-1,0.5028949545078577,0.5028949545078577,1,1
shadow_trial,2912,2023-01-20,2023-02-06,-0.0383797057844887,2023,2022-12-31,training_frequency,-1,0.5028949545078577,0.5028949545078577,1,0
shadow_trial,2917,2023-02-03,2023-02-13,-0.0012061903149008,2023,2022-12-31,training_frequency,-1,0.5028949545078577,0.5028949545078577,1,0
shadow_trial,2922,2023-02-10,2023-02-20,-0.0143746584432821,2023,2022-12-31,training_frequency,-1,0.5028949545078577,0.5028949545078577,1,0
shadow_trial,2927,2023-02-17,2023-02-27,0.0001237636016198,2023,2022-12-31,training_frequency,-1,0.5028949545078577,0.5028949545078577,1,1
shadow_trial,2932,2023-02-24,2023-03-06,0.0224454641303217,2023,2022-12-31,training_frequency,-1,0.5028949545078577,0.5028949545078577,1,1
shadow_trial,2937,2023-03-03,2023-03-13,-0.0407900947678007,2023,2022-12-31,training_frequency,-1,0.5028949545078577,0.5028949545078577,1,0
shadow_trial,2942,2023-03-10,2023-03-20,5.0471402903706775e-06,2023,2022-12-31,training_frequency,-1,0.5028949545078577,0.5028949545078577,1,1
shadow_trial,2947,2023-03-17,2023-03-27,0.015302852124583,2023,2022-12-31,training_frequency,-1,0.5028949545078577,0.5028949545078577,1,1
shadow_trial,2952,2023-03-24,2023-04-03,0.0090274153058433,2023,2022-12-31,training_frequency,-1,0.5028949545078577,0.5028949545078577,1,1
shadow_trial,2957,2023-03-31,2023-04-10,0.0178317182396383,2023,2022-12-31,training_frequency,-1,0.5028949545078577,0.5028949545078577,1,1
shadow_trial,2961,2023-04-07,2023-04-17,-0.0101500238382772,2023,2022-12-31,training_frequency,-1,0.5028949545078577,0.5028949545078577,1,0
shadow_trial,2966,2023-04-14,2023-04-24,-0.014368947230732,2023,2022-12-31,training_frequency,-1,0.5028949545078577,0.5028949545078577,1,0
shadow_trial,2971,2023-04-21,2023-05-04,-0.0044228908788729,2023,2022-12-31,training_frequency,-1,0.5028949545078577,0.5028949545078577,1,0
shadow_trial,2976,2023-04-28,2023-05-10,0.0036477163153083,2023,2022-12-31,training_frequency,-1,0.5028949545078577,0.5028949545078577,1,1
shadow_trial,2978,2023-05-05,2023-05-15,-0.0221642407977935,2023,2022-12-31,training_frequency,-1,0.5028949545078577,0.5028949545078577,1,0
shadow_trial,2983,2023-05-12,2023-05-22,0.0005509250208819,2023,2022-12-31,training_frequency,-1,0.5028949545078577,0.5028949545078577,1,1
shadow_trial,2988,2023-05-19,2023-05-29,-0.0200253742704897,2023,2022-12-31,training_frequency,-1,0.5028949545078577,0.5028949545078577,1,0
shadow_trial,2993,2023-05-26,2023-06-05,-0.0003935703040848,2023,2022-12-31,training_frequency,-1,0.5028949545078577,0.5028949545078577,1,0
shadow_trial,2998,2023-06-02,2023-06-12,-0.0086075595250429,2023,2022-12-31,training_frequency,-1,0.5028949545078577,0.5028949545078577,1,0
shadow_trial,3003,2023-06-09,2023-06-19,0.0338878539347273,2023,2022-12-31,training_frequency,-1,0.5028949545078577,0.5028949545078577,1,1
shadow_trial,3008,2023-06-16,2023-07-03,-0.026216632171098,2023,2022-12-31,training_frequency,-1,0.5028949545078577,0.5028949545078577,1,0
shadow_trial,3016,2023-06-30,2023-07-10,-0.0030441518806006,2023,2022-12-31,training_frequency,-1,0.5028949545078577,0.5028949545078577,1,0
shadow_trial,2902,2023-01-06,2023-01-16,0.0198447929614133,2023,2022-12-31,learned_market,20260911,0.4109996836659653,0.4109996836659653,0,1
shadow_trial,2907,2023-01-13,2023-01-30,0.0465290788350809,2023,2022-12-31,learned_market,20260911,0.344318482304961,0.344318482304961,0,1
shadow_trial,2912,2023-01-20,2023-02-06,-0.0383797057844887,2023,2022-12-31,learned_market,20260911,0.6588589521771411,0.6588589521771411,1,0
shadow_trial,2917,2023-02-03,2023-02-13,-0.0012061903149008,2023,2022-12-31,learned_market,20260911,0.5846417083500102,0.5846417083500102,1,0
shadow_trial,2922,2023-02-10,2023-02-20,-0.0143746584432821,2023,2022-12-31,learned_market,20260911,0.37229435163057095,0.37229435163057095,0,0
shadow_trial,2927,2023-02-17,2023-02-27,0.0001237636016198,2023,2022-12-31,learned_market,20260911,0.4278917331001193,0.4278917331001193,0,1
shadow_trial,2932,2023-02-24,2023-03-06,0.0224454641303217,2023,2022-12-31,learned_market,20260911,0.6524353768671635,0.6524353768671635,1,1
shadow_trial,2937,2023-03-03,2023-03-13,-0.0407900947678007,2023,2022-12-31,learned_market,20260911,0.767620468884498,0.767620468884498,1,0
shadow_trial,2942,2023-03-10,2023-03-20,5.0471402903706775e-06,2023,2022-12-31,learned_market,20260911,0.6078004132598206,0.6078004132598206,1,1
shadow_trial,2947,2023-03-17,2023-03-27,0.015302852124583,2023,2022-12-31,learned_market,20260911,0.41902195233093853,0.41902195233093853,0,1
shadow_trial,2952,2023-03-24,2023-04-03,0.0090274153058433,2023,2022-12-31,learned_market,20260911,0.4677158880927443,0.4677158880927443,0,1
shadow_trial,2957,2023-03-31,2023-04-10,0.0178317182396383,2023,2022-12-31,learned_market,20260911,0.5644297293997745,0.5644297293997745,1,1
shadow_trial,2961,2023-04-07,2023-04-17,-0.0101500238382772,2023,2022-12-31,learned_market,20260911,0.5123926969413866,0.5123926969413866,1,0
shadow_trial,2966,2023-04-14,2023-04-24,-0.014368947230732,2023,2022-12-31,learned_market,20260911,0.511707795083602,0.511707795083602,1,0
shadow_trial,2971,2023-04-21,2023-05-04,-0.0044228908788729,2023,2022-12-31,learned_market,20260911,0.37484009153446224,0.37484009153446224,0,0
shadow_trial,2976,2023-04-28,2023-05-10,0.0036477163153083,2023,2022-12-31,learned_market,20260911,0.35090610116443816,0.35090610116443816,0,1
shadow_trial,2978,2023-05-05,2023-05-15,-0.0221642407977935,2023,2022-12-31,learned_market,20260911,0.34027916805748615,0.34027916805748615,0,0
shadow_trial,2983,2023-05-12,2023-05-22,0.0005509250208819,2023,2022-12-31,learned_market,20260911,0.49754285644712,0.49754285644712,0,1
shadow_trial,2988,2023-05-19,2023-05-29,-0.0200253742704897,2023,2022-12-31,learned_market,20260911,0.7549084578883676,0.7549084578883676,1,0
shadow_trial,2993,2023-05-26,2023-06-05,-0.0003935703040848,2023,2022-12-31,learned_market,20260911,0.5039392773809649,0.5039392773809649,1,0
shadow_trial,2998,2023-06-02,2023-06-12,-0.0086075595250429,2023,2022-12-31,learned_market,20260911,0.39899180688484476,0.39899180688484476,0,0
shadow_trial,3003,2023-06-09,2023-06-19,0.0338878539347273,2023,2022-12-31,learned_market,20260911,0.4684734509310129,0.4684734509310129,0,1
shadow_trial,3008,2023-06-16,2023-07-03,-0.026216632171098,2023,2022-12-31,learned_market,20260911,0.43999508820011124,0.43999508820011124,0,0
shadow_trial,3016,2023-06-30,2023-07-10,-0.0030441518806006,2023,2022-12-31,learned_market,20260911,0.494623114929346,0.494623114929346,0,0
shadow_trial,2902,2023-01-06,2023-01-16,0.0198447929614133,2023,2022-12-31,learned_vol_interaction,20260911,0.40969442309749926,0.40969442309749926,0,1
shadow_trial,2907,2023-01-13,2023-01-30,0.0465290788350809,2023,2022-12-31,learned_vol_interaction,20260911,0.36456829174456845,0.36456829174456845,0,1
shadow_trial,2912,2023-01-20,2023-02-06,-0.0383797057844887,2023,2022-12-31,learned_vol_interaction,20260911,0.5794436004575169,0.5794436004575169,1,0
shadow_trial,2917,2023-02-03,2023-02-13,-0.0012061903149008,2023,2022-12-31,learned_vol_interaction,20260911,0.5514968469417321,0.5514968469417321,1,0
shadow_trial,2922,2023-02-10,2023-02-20,-0.0143746584432821,2023,2022-12-31,learned_vol_interaction,20260911,0.3927055424872561,0.3927055424872561,0,0
shadow_trial,2927,2023-02-17,2023-02-27,0.0001237636016198,2023,2022-12-31,learned_vol_interaction,20260911,0.44774683758526995,0.44774683758526995,0,1
shadow_trial,2932,2023-02-24,2023-03-06,0.0224454641303217,2023,2022-12-31,learned_vol_interaction,20260911,0.619096546985403,0.619096546985403,1,1
shadow_trial,2937,2023-03-03,2023-03-13,-0.0407900947678007,2023,2022-12-31,learned_vol_interaction,20260911,0.7361671223361639,0.7361671223361639,1,0
shadow_trial,2942,2023-03-10,2023-03-20,5.0471402903706775e-06,2023,2022-12-31,learned_vol_interaction,20260911,0.5923713060138441,0.5923713060138441,1,1
shadow_trial,2947,2023-03-17,2023-03-27,0.015302852124583,2023,2022-12-31,learned_vol_interaction,20260911,0.44129297023126407,0.44129297023126407,0,1
shadow_trial,2952,2023-03-24,2023-04-03,0.0090274153058433,2023,2022-12-31,learned_vol_interaction,20260911,0.48118952805584325,0.48118952805584325,0,1
shadow_trial,2957,2023-03-31,2023-04-10,0.0178317182396383,2023,2022-12-31,learned_vol_interaction,20260911,0.5581984383579583,0.5581984383579583,1,1
shadow_trial,2961,2023-04-07,2023-04-17,-0.0101500238382772,2023,2022-12-31,learned_vol_interaction,20260911,0.505035431875157,0.505035431875157,1,0
shadow_trial,2966,2023-04-14,2023-04-24,-0.014368947230732,2023,2022-12-31,learned_vol_interaction,20260911,0.49347349841953947,0.49347349841953947,0,0
shadow_trial,2971,2023-04-21,2023-05-04,-0.0044228908788729,2023,2022-12-31,learned_vol_interaction,20260911,0.397890632401885,0.397890632401885,0,0
shadow_trial,2976,2023-04-28,2023-05-10,0.0036477163153083,2023,2022-12-31,learned_vol_interaction,20260911,0.3746539512039826,0.3746539512039826,0,1
shadow_trial,2978,2023-05-05,2023-05-15,-0.0221642407977935,2023,2022-12-31,learned_vol_interaction,20260911,0.3794183322213578,0.3794183322213578,0,0
shadow_trial,2983,2023-05-12,2023-05-22,0.0005509250208819,2023,2022-12-31,learned_vol_interaction,20260911,0.5207253080904825,0.5207253080904825,1,1
shadow_trial,2988,2023-05-19,2023-05-29,-0.0200253742704897,2023,2022-12-31,learned_vol_interaction,20260911,0.7158994131477658,0.7158994131477658,1,0
shadow_trial,2993,2023-05-26,2023-06-05,-0.0003935703040848,2023,2022-12-31,learned_vol_interaction,20260911,0.5106796239963189,0.5106796239963189,1,0
shadow_trial,2998,2023-06-02,2023-06-12,-0.0086075595250429,2023,2022-12-31,learned_vol_interaction,20260911,0.41473330630809063,0.41473330630809063,0,0
shadow_trial,3003,2023-06-09,2023-06-19,0.0338878539347273,2023,2022-12-31,learned_vol_interaction,20260911,0.4862687443116524,0.4862687443116524,0,1
shadow_trial,3008,2023-06-16,2023-07-03,-0.026216632171098,2023,2022-12-31,learned_vol_interaction,20260911,0.4615744120462823,0.4615744120462823,0,0
shadow_trial,3016,2023-06-30,2023-07-10,-0.0030441518806006,2023,2022-12-31,learned_vol_interaction,20260911,0.5010023580261896,0.5010023580261896,1,0
shadow_trial,2902,2023-01-06,2023-01-16,0.0198447929614133,2023,2022-12-31,learned_order_extension,20260911,0.4111458737354107,0.4111458737354107,0,1
shadow_trial,2907,2023-01-13,2023-01-30,0.0465290788350809,2023,2022-12-31,learned_order_extension,20260911,0.36472782557647304,0.36472782557647304,0,1
shadow_trial,2912,2023-01-20,2023-02-06,-0.0383797057844887,2023,2022-12-31,learned_order_extension,20260911,0.5780473136480286,0.5780473136480286,1,0
shadow_trial,2917,2023-02-03,2023-02-13,-0.0012061903149008,2023,2022-12-31,learned_order_extension,20260911,0.5514322848293292,0.5514322848293292,1,0
shadow_trial,2922,2023-02-10,2023-02-20,-0.0143746584432821,2023,2022-12-31,learned_order_extension,20260911,0.3920291907474336,0.3920291907474336,0,0
shadow_trial,2927,2023-02-17,2023-02-27,0.0001237636016198,2023,2022-12-31,learned_order_extension,20260911,0.4473244932999703,0.4473244932999703,0,1
shadow_trial,2932,2023-02-24,2023-03-06,0.0224454641303217,2023,2022-12-31,learned_order_extension,20260911,0.6194433589464242,0.6194433589464242,1,1
shadow_trial,2937,2023-03-03,2023-03-13,-0.0407900947678007,2023,2022-12-31,learned_order_extension,20260911,0.7367440693214489,0.7367440693214489,1,0
shadow_trial,2942,2023-03-10,2023-03-20,5.0471402903706775e-06,2023,2022-12-31,learned_order_extension,20260911,0.5926520405957385,0.5926520405957385,1,1
shadow_trial,2947,2023-03-17,2023-03-27,0.015302852124583,2023,2022-12-31,learned_order_extension,20260911,0.44150652320643097,0.44150652320643097,0,1
shadow_trial,2952,2023-03-24,2023-04-03,0.0090274153058433,2023,2022-12-31,learned_order_extension,20260911,0.4806406899115495,0.4806406899115495,0,1
shadow_trial,2957,2023-03-31,2023-04-10,0.0178317182396383,2023,2022-12-31,learned_order_extension,20260911,0.5564015664237618,0.5564015664237618,1,1
shadow_trial,2961,2023-04-07,2023-04-17,-0.0101500238382772,2023,2022-12-31,learned_order_extension,20260911,0.5048460180326865,0.5048460180326865,1,0
shadow_trial,2966,2023-04-14,2023-04-24,-0.014368947230732,2023,2022-12-31,learned_order_extension,20260911,0.49439461564860404,0.49439461564860404,0,0
shadow_trial,2971,2023-04-21,2023-05-04,-0.0044228908788729,2023,2022-12-31,learned_order_extension,20260911,0.39936804356030803,0.39936804356030803,0,0
shadow_trial,2976,2023-04-28,2023-05-10,0.0036477163153083,2023,2022-12-31,learned_order_extension,20260911,0.37816937180792504,0.37816937180792504,0,1
shadow_trial,2978,2023-05-05,2023-05-15,-0.0221642407977935,2023,2022-12-31,learned_order_extension,20260911,0.3826637989359542,0.3826637989359542,0,0
shadow_trial,2983,2023-05-12,2023-05-22,0.0005509250208819,2023,2022-12-31,learned_order_extension,20260911,0.5207604762186022,0.5207604762186022,1,1
shadow_trial,2988,2023-05-19,2023-05-29,-0.0200253742704897,2023,2022-12-31,learned_order_extension,20260911,0.7111561389087265,0.7111561389087265,1,0
shadow_trial,2993,2023-05-26,2023-06-05,-0.0003935703040848,2023,2022-12-31,learned_order_extension,20260911,0.5113938646839422,0.5113938646839422,1,0
shadow_trial,2998,2023-06-02,2023-06-12,-0.0086075595250429,2023,2022-12-31,learned_order_extension,20260911,0.4176728512227212,0.4176728512227212,0,0
shadow_trial,3003,2023-06-09,2023-06-19,0.0338878539347273,2023,2022-12-31,learned_order_extension,20260911,0.4874736850302981,0.4874736850302981,0,1
shadow_trial,3008,2023-06-16,2023-07-03,-0.026216632171098,2023,2022-12-31,learned_order_extension,20260911,0.4634868787327687,0.4634868787327687,0,0
shadow_trial,3016,2023-06-30,2023-07-10,-0.0030441518806006,2023,2022-12-31,learned_order_extension,20260911,0.4996986134035337,0.4996986134035337,0,0
shadow_trial,2902,2023-01-06,2023-01-16,0.0198447929614133,2023,2022-12-31,learned_order_offset,20260911,0.41117201615041793,0.41117201615041793,0,1
shadow_trial,2907,2023-01-13,2023-01-30,0.0465290788350809,2023,2022-12-31,learned_order_offset,20260911,0.364680620051655,0.364680620051655,0,1
shadow_trial,2912,2023-01-20,2023-02-06,-0.0383797057844887,2023,2022-12-31,learned_order_offset,20260911,0.578179649696222,0.578179649696222,1,0
shadow_trial,2917,2023-02-03,2023-02-13,-0.0012061903149008,2023,2022-12-31,learned_order_offset,20260911,0.5515128874638535,0.5515128874638535,1,0
shadow_trial,2922,2023-02-10,2023-02-20,-0.0143746584432821,2023,2022-12-31,learned_order_offset,20260911,0.39192014326711666,0.39192014326711666,0,0
shadow_trial,2927,2023-02-17,2023-02-27,0.0001237636016198,2023,2022-12-31,learned_order_offset,20260911,0.44735551730013157,0.44735551730013157,0,1
shadow_trial,2932,2023-02-24,2023-03-06,0.0224454641303217,2023,2022-12-31,learned_order_offset,20260911,0.6194755772192605,0.6194755772192605,1,1
shadow_trial,2937,2023-03-03,2023-03-13,-0.0407900947678007,2023,2022-12-31,learned_order_offset,20260911,0.7367890366176728,0.7367890366176728,1,0
shadow_trial,2942,2023-03-10,2023-03-20,5.0471402903706775e-06,2023,2022-12-31,learned_order_offset,20260911,0.5927141757173765,0.5927141757173765,1,1
shadow_trial,2947,2023-03-17,2023-03-27,0.015302852124583,2023,2022-12-31,learned_order_offset,20260911,0.44144992787218895,0.44144992787218895,0,1
shadow_trial,2952,2023-03-24,2023-04-03,0.0090274153058433,2023,2022-12-31,learned_order_offset,20260911,0.48064826466248156,0.48064826466248156,0,1
shadow_trial,2957,2023-03-31,2023-04-10,0.0178317182396383,2023,2022-12-31,learned_order_offset,20260911,0.556461403271004,0.556461403271004,1,1
shadow_trial,2961,2023-04-07,2023-04-17,-0.0101500238382772,2023,2022-12-31,learned_order_offset,20260911,0.504790898079976,0.504790898079976,1,0
shadow_trial,2966,2023-04-14,2023-04-24,-0.014368947230732,2023,2022-12-31,learned_order_offset,20260911,0.4942633891147542,0.4942633891147542,0,0
shadow_trial,2971,2023-04-21,2023-05-04,-0.0044228908788729,2023,2022-12-31,learned_order_offset,20260911,0.39928777128910625,0.39928777128910625,0,0
shadow_trial,2976,2023-04-28,2023-05-10,0.0036477163153083,2023,2022-12-31,learned_order_offset,20260911,0.37810919654324093,0.37810919654324093,0,1
shadow_trial,2978,2023-05-05,2023-05-15,-0.0221642407977935,2023,2022-12-31,learned_order_offset,20260911,0.3825900800128016,0.3825900800128016,0,0
shadow_trial,2983,2023-05-12,2023-05-22,0.0005509250208819,2023,2022-12-31,learned_order_offset,20260911,0.5206526224591033,0.5206526224591033,1,1
shadow_trial,2988,2023-05-19,2023-05-29,-0.0200253742704897,2023,2022-12-31,learned_order_offset,20260911,0.7111689672715988,0.7111689672715988,1,0
shadow_trial,2993,2023-05-26,2023-06-05,-0.0003935703040848,2023,2022-12-31,learned_order_offset,20260911,0.5113376197418289,0.5113376197418289,1,0
shadow_trial,2998,2023-06-02,2023-06-12,-0.0086075595250429,2023,2022-12-31,learned_order_offset,20260911,0.4176331380681734,0.4176331380681734,0,0
shadow_trial,3003,2023-06-09,2023-06-19,0.0338878539347273,2023,2022-12-31,learned_order_offset,20260911,0.4874307767794157,0.4874307767794157,0,1
shadow_trial,3008,2023-06-16,2023-07-03,-0.026216632171098,2023,2022-12-31,learned_order_offset,20260911,0.46345232219332494,0.46345232219332494,0,0
shadow_trial,3016,2023-06-30,2023-07-10,-0.0030441518806006,2023,2022-12-31,learned_order_offset,20260911,0.4995175845112385,0.4995175845112385,0,0
shadow_trial,2902,2023-01-06,2023-01-16,0.0198447929614133,2023,2022-12-31,native_mse,20260911,-0.0028881799476405084,,0,1
shadow_trial,2907,2023-01-13,2023-01-30,0.0465290788350809,2023,2022-12-31,native_mse,20260911,0.002600529697082545,,1,1
shadow_trial,2912,2023-01-20,2023-02-06,-0.0383797057844887,2023,2022-12-31,native_mse,20260911,0.009824735187562814,,1,0
shadow_trial,2917,2023-02-03,2023-02-13,-0.0012061903149008,2023,2022-12-31,native_mse,20260911,0.001758336799202022,,1,0
shadow_trial,2922,2023-02-10,2023-02-20,-0.0143746584432821,2023,2022-12-31,native_mse,20260911,-0.004455423490420713,,0,0
shadow_trial,2927,2023-02-17,2023-02-27,0.0001237636016198,2023,2022-12-31,native_mse,20260911,-0.004320463721841919,,0,1
shadow_trial,2932,2023-02-24,2023-03-06,0.0224454641303217,2023,2022-12-31,native_mse,20260911,0.007109894584169036,,1,1
shadow_trial,2937,2023-03-03,2023-03-13,-0.0407900947678007,2023,2022-12-31,native_mse,20260911,0.012121075090535267,,1,0
shadow_trial,2942,2023-03-10,2023-03-20,5.0471402903706775e-06,2023,2022-12-31,native_mse,20260911,-0.0015684618293498606,,0,1
shadow_trial,2947,2023-03-17,2023-03-27,0.015302852124583,2023,2022-12-31,native_mse,20260911,-0.00455123687690783,,0,1
shadow_trial,2952,2023-03-24,2023-04-03,0.0090274153058433,2023,2022-12-31,native_mse,20260911,-0.0032713642765306557,,0,1
shadow_trial,2957,2023-03-31,2023-04-10,0.0178317182396383,2023,2022-12-31,native_mse,20260911,0.009972413917103892,,1,1
shadow_trial,2961,2023-04-07,2023-04-17,-0.0101500238382772,2023,2022-12-31,native_mse,20260911,0.007806808930188104,,1,0
shadow_trial,2966,2023-04-14,2023-04-24,-0.014368947230732,2023,2022-12-31,native_mse,20260911,0.007226249329863683,,1,0
shadow_trial,2971,2023-04-21,2023-05-04,-0.0044228908788729,2023,2022-12-31,native_mse,20260911,-0.0024232716039148286,,0,0
shadow_trial,2976,2023-04-28,2023-05-10,0.0036477163153083,2023,2022-12-31,native_mse,20260911,-0.003907239624967295,,0,1
shadow_trial,2978,2023-05-05,2023-05-15,-0.0221642407977935,2023,2022-12-31,native_mse,20260911,-0.0031947009428460477,,0,0
shadow_trial,2983,2023-05-12,2023-05-22,0.0005509250208819,2023,2022-12-31,native_mse,20260911,0.003981441571850173,,1,1
shadow_trial,2988,2023-05-19,2023-05-29,-0.0200253742704897,2023,2022-12-31,native_mse,20260911,0.01107004322684732,,1,0
shadow_trial,2993,2023-05-26,2023-06-05,-0.0003935703040848,2023,2022-12-31,native_mse,20260911,0.004560043069480671,,1,0
shadow_trial,2998,2023-06-02,2023-06-12,-0.0086075595250429,2023,2022-12-31,native_mse,20260911,-0.0048559678058000275,,0,0
shadow_trial,3003,2023-06-09,2023-06-19,0.0338878539347273,2023,2022-12-31,native_mse,20260911,-0.0042897134995229635,,0,1
shadow_trial,3008,2023-06-16,2023-07-03,-0.026216632171098,2023,2022-12-31,native_mse,20260911,-0.004761761648113702,,0,0
shadow_trial,3016,2023-06-30,2023-07-10,-0.0030441518806006,2023,2022-12-31,native_mse,20260911,0.001449000541630631,,1,0
shadow_trial,2902,2023-01-06,2023-01-16,0.0198447929614133,2023,2022-12-31,learned_market,20260912,0.30052885603711643,0.30052885603711643,0,1
shadow_trial,2907,2023-01-13,2023-01-30,0.0465290788350809,2023,2022-12-31,learned_market,20260912,0.25642703962175933,0.25642703962175933,0,1
shadow_trial,2912,2023-01-20,2023-02-06,-0.0383797057844887,2023,2022-12-31,learned_market,20260912,0.6884031394091166,0.6884031394091166,1,0
shadow_trial,2917,2023-02-03,2023-02-13,-0.0012061903149008,2023,2022-12-31,learned_market,20260912,0.48719446040105807,0.48719446040105807,0,0
shadow_trial,2922,2023-02-10,2023-02-20,-0.0143746584432821,2023,2022-12-31,learned_market,20260912,0.25478983111842135,0.25478983111842135,0,0
shadow_trial,2927,2023-02-17,2023-02-27,0.0001237636016198,2023,2022-12-31,learned_market,20260912,0.4079835806267681,0.4079835806267681,0,1
shadow_trial,2932,2023-02-24,2023-03-06,0.0224454641303217,2023,2022-12-31,learned_market,20260912,0.7137242634797857,0.7137242634797857,1,1
shadow_trial,2937,2023-03-03,2023-03-13,-0.0407900947678007,2023,2022-12-31,learned_market,20260912,0.5807881322909977,0.5807881322909977,1,0
shadow_trial,2942,2023-03-10,2023-03-20,5.0471402903706775e-06,2023,2022-12-31,learned_market,20260912,0.41460120883303464,0.41460120883303464,0,1
shadow_trial,2947,2023-03-17,2023-03-27,0.015302852124583,2023,2022-12-31,learned_market,20260912,0.30490069121650976,0.30490069121650976,0,1
shadow_trial,2952,2023-03-24,2023-04-03,0.0090274153058433,2023,2022-12-31,learned_market,20260912,0.5481390563099999,0.5481390563099999,1,1
shadow_trial,2957,2023-03-31,2023-04-10,0.0178317182396383,2023,2022-12-31,learned_market,20260912,0.611788401190659,0.611788401190659,1,1
shadow_trial,2961,2023-04-07,2023-04-17,-0.0101500238382772,2023,2022-12-31,learned_market,20260912,0.6373271507100488,0.6373271507100488,1,0
shadow_trial,2966,2023-04-14,2023-04-24,-0.014368947230732,2023,2022-12-31,learned_market,20260912,0.3845861584135212,0.3845861584135212,0,0
shadow_trial,2971,2023-04-21,2023-05-04,-0.0044228908788729,2023,2022-12-31,learned_market,20260912,0.3355239890755223,0.3355239890755223,0,0
shadow_trial,2976,2023-04-28,2023-05-10,0.0036477163153083,2023,2022-12-31,learned_market,20260912,0.4803897810444189,0.4803897810444189,0,1
shadow_trial,2978,2023-05-05,2023-05-15,-0.0221642407977935,2023,2022-12-31,learned_market,20260912,0.3214134174707162,0.3214134174707162,0,0
shadow_trial,2983,2023-05-12,2023-05-22,0.0005509250208819,2023,2022-12-31,learned_market,20260912,0.41963299671663734,0.41963299671663734,0,1
shadow_trial,2988,2023-05-19,2023-05-29,-0.0200253742704897,2023,2022-12-31,learned_market,20260912,0.663522806485192,0.663522806485192,1,0
shadow_trial,2993,2023-05-26,2023-06-05,-0.0003935703040848,2023,2022-12-31,learned_market,20260912,0.4734681491976751,0.4734681491976751,0,0
shadow_trial,2998,2023-06-02,2023-06-12,-0.0086075595250429,2023,2022-12-31,learned_market,20260912,0.40456629164978614,0.40456629164978614,0,0
shadow_trial,3003,2023-06-09,2023-06-19,0.0338878539347273,2023,2022-12-31,learned_market,20260912,0.30238432481971794,0.30238432481971794,0,1
shadow_trial,3008,2023-06-16,2023-07-03,-0.026216632171098,2023,2022-12-31,learned_market,20260912,0.3205141256506379,0.3205141256506379,0,0
shadow_trial,3016,2023-06-30,2023-07-10,-0.0030441518806006,2023,2022-12-31,learned_market,20260912,0.6005178559534365,0.6005178559534365,1,0
shadow_trial,2902,2023-01-06,2023-01-16,0.0198447929614133,2023,2022-12-31,learned_vol_interaction,20260912,0.28965659740268485,0.28965659740268485,0,1
shadow_trial,2907,2023-01-13,2023-01-30,0.0465290788350809,2023,2022-12-31,learned_vol_interaction,20260912,0.24376767561556023,0.24376767561556023,0,1
shadow_trial,2912,2023-01-20,2023-02-06,-0.0383797057844887,2023,2022-12-31,learned_vol_interaction,20260912,0.7144269683090918,0.7144269683090918,1,0
shadow_trial,2917,2023-02-03,2023-02-13,-0.0012061903149008,2023,2022-12-31,learned_vol_interaction,20260912,0.48449097695552545,0.48449097695552545,0,0
shadow_trial,2922,2023-02-10,2023-02-20,-0.0143746584432821,2023,2022-12-31,learned_vol_interaction,20260912,0.24568395555451436,0.24568395555451436,0,0
shadow_trial,2927,2023-02-17,2023-02-27,0.0001237636016198,2023,2022-12-31,learned_vol_interaction,20260912,0.4043340500782045,0.4043340500782045,0,1
shadow_trial,2932,2023-02-24,2023-03-06,0.0224454641303217,2023,2022-12-31,learned_vol_interaction,20260912,0.7237644100552868,0.7237644100552868,1,1
shadow_trial,2937,2023-03-03,2023-03-13,-0.0407900947678007,2023,2022-12-31,learned_vol_interaction,20260912,0.5909800662310533,0.5909800662310533,1,0
shadow_trial,2942,2023-03-10,2023-03-20,5.0471402903706775e-06,2023,2022-12-31,learned_vol_interaction,20260912,0.42073806711796297,0.42073806711796297,0,1
shadow_trial,2947,2023-03-17,2023-03-27,0.015302852124583,2023,2022-12-31,learned_vol_interaction,20260912,0.29115877511006416,0.29115877511006416,0,1
shadow_trial,2952,2023-03-24,2023-04-03,0.0090274153058433,2023,2022-12-31,learned_vol_interaction,20260912,0.5529999746105244,0.5529999746105244,1,1
shadow_trial,2957,2023-03-31,2023-04-10,0.0178317182396383,2023,2022-12-31,learned_vol_interaction,20260912,0.632100803954458,0.632100803954458,1,1
shadow_trial,2961,2023-04-07,2023-04-17,-0.0101500238382772,2023,2022-12-31,learned_vol_interaction,20260912,0.6574524863442807,0.6574524863442807,1,0
shadow_trial,2966,2023-04-14,2023-04-24,-0.014368947230732,2023,2022-12-31,learned_vol_interaction,20260912,0.37636812323839336,0.37636812323839336,0,0
shadow_trial,2971,2023-04-21,2023-05-04,-0.0044228908788729,2023,2022-12-31,learned_vol_interaction,20260912,0.32843574732408615,0.32843574732408615,0,0
shadow_trial,2976,2023-04-28,2023-05-10,0.0036477163153083,2023,2022-12-31,learned_vol_interaction,20260912,0.47644399303156704,0.47644399303156704,0,1
shadow_trial,2978,2023-05-05,2023-05-15,-0.0221642407977935,2023,2022-12-31,learned_vol_interaction,20260912,0.30788719174740625,0.30788719174740625,0,0
shadow_trial,2983,2023-05-12,2023-05-22,0.0005509250208819,2023,2022-12-31,learned_vol_interaction,20260912,0.42598051823633404,0.42598051823633404,0,1
shadow_trial,2988,2023-05-19,2023-05-29,-0.0200253742704897,2023,2022-12-31,learned_vol_interaction,20260912,0.6767118241469199,0.6767118241469199,1,0
shadow_trial,2993,2023-05-26,2023-06-05,-0.0003935703040848,2023,2022-12-31,learned_vol_interaction,20260912,0.4883023609978598,0.4883023609978598,0,0
shadow_trial,2998,2023-06-02,2023-06-12,-0.0086075595250429,2023,2022-12-31,learned_vol_interaction,20260912,0.3935432366359235,0.3935432366359235,0,0
shadow_trial,3003,2023-06-09,2023-06-19,0.0338878539347273,2023,2022-12-31,learned_vol_interaction,20260912,0.27933481732197507,0.27933481732197507,0,1
shadow_trial,3008,2023-06-16,2023-07-03,-0.026216632171098,2023,2022-12-31,learned_vol_interaction,20260912,0.29070233426464753,0.29070233426464753,0,0
shadow_trial,3016,2023-06-30,2023-07-10,-0.0030441518806006,2023,2022-12-31,learned_vol_interaction,20260912,0.6177370664994124,0.6177370664994124,1,0
shadow_trial,2902,2023-01-06,2023-01-16,0.0198447929614133,2023,2022-12-31,learned_order_extension,20260912,0.3320870087441045,0.3320870087441045,0,1
shadow_trial,2907,2023-01-13,2023-01-30,0.0465290788350809,2023,2022-12-31,learned_order_extension,20260912,0.27988954900977053,0.27988954900977053,0,1
shadow_trial,2912,2023-01-20,2023-02-06,-0.0383797057844887,2023,2022-12-31,learned_order_extension,20260912,0.6620064456911843,0.6620064456911843,1,0
shadow_trial,2917,2023-02-03,2023-02-13,-0.0012061903149008,2023,2022-12-31,learned_order_extension,20260912,0.47399209037220413,0.47399209037220413,0,0
shadow_trial,2922,2023-02-10,2023-02-20,-0.0143746584432821,2023,2022-12-31,learned_order_extension,20260912,0.24616016767148868,0.24616016767148868,0,0
shadow_trial,2927,2023-02-17,2023-02-27,0.0001237636016198,2023,2022-12-31,learned_order_extension,20260912,0.39614793530843245,0.39614793530843245,0,1
shadow_trial,2932,2023-02-24,2023-03-06,0.0224454641303217,2023,2022-12-31,learned_order_extension,20260912,0.7129289281429624,0.7129289281429624,1,1
shadow_trial,2937,2023-03-03,2023-03-13,-0.0407900947678007,2023,2022-12-31,learned_order_extension,20260912,0.5872179709776264,0.5872179709776264,1,0
shadow_trial,2942,2023-03-10,2023-03-20,5.0471402903706775e-06,2023,2022-12-31,learned_order_extension,20260912,0.45917963346836393,0.45917963346836393,0,1
shadow_trial,2947,2023-03-17,2023-03-27,0.015302852124583,2023,2022-12-31,learned_order_extension,20260912,0.3321757909492291,0.3321757909492291,0,1
shadow_trial,2952,2023-03-24,2023-04-03,0.0090274153058433,2023,2022-12-31,learned_order_extension,20260912,0.5428268381901444,0.5428268381901444,1,1
shadow_trial,2957,2023-03-31,2023-04-10,0.0178317182396383,2023,2022-12-31,learned_order_extension,20260912,0.5750765947333518,0.5750765947333518,1,1
shadow_trial,2961,2023-04-07,2023-04-17,-0.0101500238382772,2023,2022-12-31,learned_order_extension,20260912,0.637499787070465,0.637499787070465,1,0
shadow_trial,2966,2023-04-14,2023-04-24,-0.014368947230732,2023,2022-12-31,learned_order_extension,20260912,0.39981071424461395,0.39981071424461395,0,0
shadow_trial,2971,2023-04-21,2023-05-04,-0.0044228908788729,2023,2022-12-31,learned_order_extension,20260912,0.3696006256220921,0.3696006256220921,0,0
shadow_trial,2976,2023-04-28,2023-05-10,0.0036477163153083,2023,2022-12-31,learned_order_extension,20260912,0.4688564801514378,0.4688564801514378,0,1
shadow_trial,2978,2023-05-05,2023-05-15,-0.0221642407977935,2023,2022-12-31,learned_order_extension,20260912,0.35316398446807334,0.35316398446807334,0,0
shadow_trial,2983,2023-05-12,2023-05-22,0.0005509250208819,2023,2022-12-31,learned_order_extension,20260912,0.4594935783345266,0.4594935783345266,0,1
shadow_trial,2988,2023-05-19,2023-05-29,-0.0200253742704897,2023,2022-12-31,learned_order_extension,20260912,0.5613551046736279,0.5613551046736279,1,0
shadow_trial,2993,2023-05-26,2023-06-05,-0.0003935703040848,2023,2022-12-31,learned_order_extension,20260912,0.4825311640837267,0.4825311640837267,0,0
shadow_trial,2998,2023-06-02,2023-06-12,-0.0086075595250429,2023,2022-12-31,learned_order_extension,20260912,0.43993698612115767,0.43993698612115767,0,0
shadow_trial,3003,2023-06-09,2023-06-19,0.0338878539347273,2023,2022-12-31,learned_order_extension,20260912,0.35568367267039286,0.35568367267039286,0,1
shadow_trial,3008,2023-06-16,2023-07-03,-0.026216632171098,2023,2022-12-31,learned_order_extension,20260912,0.39069608421932794,0.39069608421932794,0,0
shadow_trial,3016,2023-06-30,2023-07-10,-0.0030441518806006,2023,2022-12-31,learned_order_extension,20260912,0.5677359269311923,0.5677359269311923,1,0
shadow_trial,2902,2023-01-06,2023-01-16,0.0198447929614133,2023,2022-12-31,learned_order_offset,20260912,0.33518639317613286,0.33518639317613286,0,1
shadow_trial,2907,2023-01-13,2023-01-30,0.0465290788350809,2023,2022-12-31,learned_order_offset,20260912,0.283926532884273,0.283926532884273,0,1
shadow_trial,2912,2023-01-20,2023-02-06,-0.0383797057844887,2023,2022-12-31,learned_order_offset,20260912,0.656265266213206,0.656265266213206,1,0
shadow_trial,2917,2023-02-03,2023-02-13,-0.0012061903149008,2023,2022-12-31,learned_order_offset,20260912,0.47265762776020354,0.47265762776020354,0,0
shadow_trial,2922,2023-02-10,2023-02-20,-0.0143746584432821,2023,2022-12-31,learned_order_offset,20260912,0.2502577591654617,0.2502577591654617,0,0
shadow_trial,2927,2023-02-17,2023-02-27,0.0001237636016198,2023,2022-12-31,learned_order_offset,20260912,0.3981719184557722,0.3981719184557722,0,1
shadow_trial,2932,2023-02-24,2023-03-06,0.0224454641303217,2023,2022-12-31,learned_order_offset,20260912,0.7071114667508918,0.7071114667508918,1,1
shadow_trial,2937,2023-03-03,2023-03-13,-0.0407900947678007,2023,2022-12-31,learned_order_offset,20260912,0.5854544425200702,0.5854544425200702,1,0
shadow_trial,2942,2023-03-10,2023-03-20,5.0471402903706775e-06,2023,2022-12-31,learned_order_offset,20260912,0.4623204109511431,0.4623204109511431,0,1
shadow_trial,2947,2023-03-17,2023-03-27,0.015302852124583,2023,2022-12-31,learned_order_offset,20260912,0.339217920591994,0.339217920591994,0,1
shadow_trial,2952,2023-03-24,2023-04-03,0.0090274153058433,2023,2022-12-31,learned_order_offset,20260912,0.5430909588293242,0.5430909588293242,1,1
shadow_trial,2957,2023-03-31,2023-04-10,0.0178317182396383,2023,2022-12-31,learned_order_offset,20260912,0.5725347377994414,0.5725347377994414,1,1
shadow_trial,2961,2023-04-07,2023-04-17,-0.0101500238382772,2023,2022-12-31,learned_order_offset,20260912,0.6359786222461823,0.6359786222461823,1,0
shadow_trial,2966,2023-04-14,2023-04-24,-0.014368947230732,2023,2022-12-31,learned_order_offset,20260912,0.4040571614648592,0.4040571614648592,0,0
shadow_trial,2971,2023-04-21,2023-05-04,-0.0044228908788729,2023,2022-12-31,learned_order_offset,20260912,0.373753908234859,0.373753908234859,0,0
shadow_trial,2976,2023-04-28,2023-05-10,0.0036477163153083,2023,2022-12-31,learned_order_offset,20260912,0.4682938791565345,0.4682938791565345,0,1
shadow_trial,2978,2023-05-05,2023-05-15,-0.0221642407977935,2023,2022-12-31,learned_order_offset,20260912,0.35468620955831676,0.35468620955831676,0,0
shadow_trial,2983,2023-05-12,2023-05-22,0.0005509250208819,2023,2022-12-31,learned_order_offset,20260912,0.45944687309341087,0.45944687309341087,0,1
shadow_trial,2988,2023-05-19,2023-05-29,-0.0200253742704897,2023,2022-12-31,learned_order_offset,20260912,0.5528609060536627,0.5528609060536627,1,0
shadow_trial,2993,2023-05-26,2023-06-05,-0.0003935703040848,2023,2022-12-31,learned_order_offset,20260912,0.48081388523345875,0.48081388523345875,0,0
shadow_trial,2998,2023-06-02,2023-06-12,-0.0086075595250429,2023,2022-12-31,learned_order_offset,20260912,0.4462826688282708,0.4462826688282708,0,0
shadow_trial,3003,2023-06-09,2023-06-19,0.0338878539347273,2023,2022-12-31,learned_order_offset,20260912,0.3657926874386867,0.3657926874386867,0,1
shadow_trial,3008,2023-06-16,2023-07-03,-0.026216632171098,2023,2022-12-31,learned_order_offset,20260912,0.3970710272316485,0.3970710272316485,0,0
shadow_trial,3016,2023-06-30,2023-07-10,-0.0030441518806006,2023,2022-12-31,learned_order_offset,20260912,0.5701260577969851,0.5701260577969851,1,0
shadow_trial,2902,2023-01-06,2023-01-16,0.0198447929614133,2023,2022-12-31,native_mse,20260912,0.0004281627694943007,,1,1
shadow_trial,2907,2023-01-13,2023-01-30,0.0465290788350809,2023,2022-12-31,native_mse,20260912,4.2102919401855305e-05,,1,1
shadow_trial,2912,2023-01-20,2023-02-06,-0.0383797057844887,2023,2022-12-31,native_mse,20260912,0.0010967633118809882,,1,0
shadow_trial,2917,2023-02-03,2023-02-13,-0.0012061903149008,2023,2022-12-31,native_mse,20260912,0.0008747039967658528,,1,0
shadow_trial,2922,2023-02-10,2023-02-20,-0.0143746584432821,2023,2022-12-31,native_mse,20260912,0.0001818132935792269,,1,0
shadow_trial,2927,2023-02-17,2023-02-27,0.0001237636016198,2023,2022-12-31,native_mse,20260912,0.00010126624081480557,,1,1
shadow_trial,2932,2023-02-24,2023-03-06,0.0224454641303217,2023,2022-12-31,native_mse,20260912,0.000782385799644381,,1,1
shadow_trial,2937,2023-03-03,2023-03-13,-0.0407900947678007,2023,2022-12-31,native_mse,20260912,0.00040350503591383166,,1,0
shadow_trial,2942,2023-03-10,2023-03-20,5.0471402903706775e-06,2023,2022-12-31,native_mse,20260912,0.00023517524465769396,,1,1
shadow_trial,2947,2023-03-17,2023-03-27,0.015302852124583,2023,2022-12-31,native_mse,20260912,-0.0005550490015326846,,0,1
shadow_trial,2952,2023-03-24,2023-04-03,0.0090274153058433,2023,2022-12-31,native_mse,20260912,0.0004555071806066471,,1,1
shadow_trial,2957,2023-03-31,2023-04-10,0.0178317182396383,2023,2022-12-31,native_mse,20260912,0.0006137448037054246,,1,1
shadow_trial,2961,2023-04-07,2023-04-17,-0.0101500238382772,2023,2022-12-31,native_mse,20260912,0.0007714668086940345,,1,0
shadow_trial,2966,2023-04-14,2023-04-24,-0.014368947230732,2023,2022-12-31,native_mse,20260912,0.0006120128536014287,,1,0
shadow_trial,2971,2023-04-21,2023-05-04,-0.0044228908788729,2023,2022-12-31,native_mse,20260912,0.0004168718728952876,,1,0
shadow_trial,2976,2023-04-28,2023-05-10,0.0036477163153083,2023,2022-12-31,native_mse,20260912,0.0007975995131662927,,1,1
shadow_trial,2978,2023-05-05,2023-05-15,-0.0221642407977935,2023,2022-12-31,native_mse,20260912,3.748499343571029e-05,,1,0
shadow_trial,2983,2023-05-12,2023-05-22,0.0005509250208819,2023,2022-12-31,native_mse,20260912,0.00013564688457888487,,1,1
shadow_trial,2988,2023-05-19,2023-05-29,-0.0200253742704897,2023,2022-12-31,native_mse,20260912,0.0006049797039520234,,1,0
shadow_trial,2993,2023-05-26,2023-06-05,-0.0003935703040848,2023,2022-12-31,native_mse,20260912,5.080512794837295e-05,,1,0
shadow_trial,2998,2023-06-02,2023-06-12,-0.0086075595250429,2023,2022-12-31,native_mse,20260912,-0.0003527596454530836,,0,0
shadow_trial,3003,2023-06-09,2023-06-19,0.0338878539347273,2023,2022-12-31,native_mse,20260912,-0.0004629538008774116,,0,1
shadow_trial,3008,2023-06-16,2023-07-03,-0.026216632171098,2023,2022-12-31,native_mse,20260912,-0.0003413110242915335,,0,0
shadow_trial,3016,2023-06-30,2023-07-10,-0.0030441518806006,2023,2022-12-31,native_mse,20260912,0.0003431408638381007,,1,0
shadow_trial,3144,2024-01-05,2024-01-15,-0.0158038409563566,2024,2023-12-31,learned_market,20260910,0.37911601118731636,0.37911601118731636,0,0
shadow_trial,3149,2024-01-12,2024-01-22,-0.002333261979756,2024,2023-12-31,learned_market,20260910,0.4589111880907024,0.4589111880907024,0,0
shadow_trial,3154,2024-01-19,2024-01-29,0.0223511633823452,2024,2023-12-31,learned_market,20260910,0.41956122213307734,0.41956122213307734,0,1
shadow_trial,3159,2024-01-26,2024-02-05,-0.0513103415192826,2024,2023-12-31,learned_market,20260910,0.4467918935376125,0.4467918935376125,0,0
shadow_trial,3164,2024-02-02,2024-02-26,0.1015374891364462,2024,2023-12-31,learned_market,20260910,0.6470923056808707,0.6470923056808707,1,1
shadow_trial,3173,2024-02-23,2024-03-04,0.0151569053862528,2024,2023-12-31,learned_market,20260910,0.6974540268702009,0.6974540268702009,1,1
shadow_trial,3178,2024-03-01,2024-03-11,0.0021394031715169,2024,2023-12-31,learned_market,20260910,0.6539310685581109,0.6539310685581109,1,1
shadow_trial,3183,2024-03-08,2024-03-18,0.0087762342284414,2024,2023-12-31,learned_market,20260910,0.651636534380962,0.651636534380962,1,1
shadow_trial,3188,2024-03-15,2024-03-25,-0.0112802133595746,2024,2023-12-31,learned_market,20260910,0.6184866579610433,0.6184866579610433,1,0
shadow_trial,3193,2024-03-22,2024-04-01,0.0042044725182444,2024,2023-12-31,learned_market,20260910,0.49537529534083324,0.49537529534083324,0,1
shadow_trial,3198,2024-03-29,2024-04-15,-0.0219845815102011,2024,2023-12-31,learned_market,20260910,0.4469684467331579,0.4469684467331579,0,0
shadow_trial,3206,2024-04-12,2024-04-22,0.018045199366633,2024,2023-12-31,learned_market,20260910,0.40607560893230144,0.40607560893230144,0,1
shadow_trial,3211,2024-04-19,2024-04-29,0.0136757744232476,2024,2023-12-31,learned_market,20260910,0.3892776100417879,0.3892776100417879,0,1
shadow_trial,3216,2024-04-26,2024-05-13,0.0172434956786644,2024,2023-12-31,learned_market,20260910,0.3282744753478747,0.3282744753478747,0,1
shadow_trial,3223,2024-05-10,2024-05-20,0.0097933549988344,2024,2023-12-31,learned_market,20260910,0.3990687988287244,0.3990687988287244,0,1
shadow_trial,3228,2024-05-17,2024-05-27,-0.0204803832637164,2024,2023-12-31,learned_market,20260910,0.3897084593157539,0.3897084593157539,0,0
shadow_trial,3233,2024-05-24,2024-06-03,-0.0081155643048258,2024,2023-12-31,learned_market,20260910,0.43186519496988945,0.43186519496988945,0,0
shadow_trial,3238,2024-05-31,2024-06-11,-0.0060267570121149,2024,2023-12-31,learned_market,20260910,0.4565336986968196,0.4565336986968196,0,0
shadow_trial,3243,2024-06-07,2024-06-17,-0.0096686558937179,2024,2023-12-31,learned_market,20260910,0.6105718695143069,0.6105718695143069,1,0
shadow_trial,3247,2024-06-14,2024-06-24,-0.013573992457631,2024,2023-12-31,learned_market,20260910,0.6713582427300896,0.6713582427300896,1,0
shadow_trial,3252,2024-06-21,2024-07-01,-0.004427632109257,2024,2023-12-31,learned_market,20260910,0.4416184455773017,0.4416184455773017,0,0
shadow_trial,3257,2024-06-28,2024-07-08,-0.0108320369203009,2024,2023-12-31,learned_market,20260910,0.5341806270801527,0.5341806270801527,1,0
shadow_trial,3262,2024-07-05,2024-07-15,0.0122222871842843,2024,2023-12-31,learned_market,20260910,0.5312099723736838,0.5312099723736838,1,1
shadow_trial,3267,2024-07-12,2024-07-22,0.0218881133018156,2024,2023-12-31,learned_market,20260910,0.4706196251419226,0.4706196251419226,0,1
shadow_trial,3272,2024-07-19,2024-07-29,-0.0378787022382998,2024,2023-12-31,learned_market,20260910,0.5105887349481063,0.5105887349481063,1,0
shadow_trial,3277,2024-07-26,2024-08-05,-0.0124134568216732,2024,2023-12-31,learned_market,20260910,0.5168087974043634,0.5168087974043634,1,0
shadow_trial,3282,2024-08-02,2024-08-12,-0.0102762848330364,2024,2023-12-31,learned_market,20260910,0.5103969021168359,0.5103969021168359,1,0
shadow_trial,3287,2024-08-09,2024-08-19,0.0050186923751938,2024,2023-12-31,learned_market,20260910,0.5738642832331972,0.5738642832331972,1,1
shadow_trial,3292,2024-08-16,2024-08-26,-0.0040487282687352,2024,2023-12-31,learned_market,20260910,0.3949171401752265,0.3949171401752265,0,0
shadow_trial,3297,2024-08-23,2024-09-02,-0.0069594562136714,2024,2023-12-31,learned_market,20260910,0.29072042976701107,0.29072042976701107,0,0
shadow_trial,3302,2024-08-30,2024-09-09,-0.0280389655151561,2024,2023-12-31,learned_market,20260910,0.2698525733496452,0.2698525733496452,0,0
shadow_trial,3307,2024-09-06,2024-09-18,-0.0174132138857783,2024,2023-12-31,learned_market,20260910,0.28624372995779085,0.28624372995779085,0,0
shadow_trial,3312,2024-09-13,2024-09-24,0.0133119329369826,2024,2023-12-31,learned_market,20260910,0.3257397725885097,0.3257397725885097,0,1
shadow_trial,3315,2024-09-20,2024-09-30,0.2017513988384409,2024,2023-12-31,learned_market,20260910,0.30329361432845675,0.30329361432845675,0,1
shadow_trial,3320,2024-09-27,2024-10-14,0.0178259004588408,2024,2023-12-31,learned_market,20260910,0.5539828044064032,0.5539828044064032,1,1
shadow_trial,3325,2024-10-11,2024-10-21,0.0080914993282625,2024,2023-12-31,learned_market,20260910,0.5869953939238736,0.5869953939238736,1,1
shadow_trial,3330,2024-10-18,2024-10-28,0.0015733867085561,2024,2023-12-31,learned_market,20260910,0.461607129389693,0.461607129389693,0,1
shadow_trial,3335,2024-10-25,2024-11-04,-0.0140142824257356,2024,2023-12-31,learned_market,20260910,0.4436454565513719,0.4436454565513719,0,0
shadow_trial,3340,2024-11-01,2024-11-11,0.0434152361258277,2024,2023-12-31,learned_market,20260910,0.4265577715457495,0.4265577715457495,0,1
shadow_trial,3345,2024-11-08,2024-11-18,-0.0208584853931589,2024,2023-12-31,learned_market,20260910,0.3988216599252063,0.3988216599252063,0,0
shadow_trial,3350,2024-11-15,2024-11-25,-0.0267421712161923,2024,2023-12-31,learned_market,20260910,0.4128285607379882,0.4128285607379882,0,0
shadow_trial,3355,2024-11-22,2024-12-02,0.0087960346887328,2024,2023-12-31,learned_market,20260910,0.5498480838757407,0.5498480838757407,1,1
shadow_trial,3360,2024-11-29,2024-12-09,0.0155919891551781,2024,2023-12-31,learned_market,20260910,0.5787371739371491,0.5787371739371491,1,1
shadow_trial,3365,2024-12-06,2024-12-16,-0.0100436703218104,2024,2023-12-31,learned_market,20260910,0.5274145252381006,0.5274145252381006,1,0
shadow_trial,3370,2024-12-13,2024-12-23,-0.0006690784017421,2024,2023-12-31,learned_market,20260910,0.44138037595664,0.44138037595664,0,0
shadow_trial,3375,2024-12-20,2024-12-30,0.0123595076562756,2024,2023-12-31,learned_market,20260910,0.4027666853457167,0.4027666853457167,0,1
shadow_trial,3380,2024-12-27,2025-01-06,-0.0504714964669198,2024,2023-12-31,learned_market,20260910,0.38910693571889354,0.38910693571889354,0,0
shadow_trial,3144,2024-01-05,2024-01-15,-0.0158038409563566,2024,2023-12-31,learned_vol_interaction,20260910,0.375948748112503,0.375948748112503,0,0
shadow_trial,3149,2024-01-12,2024-01-22,-0.002333261979756,2024,2023-12-31,learned_vol_interaction,20260910,0.4653387886294592,0.4653387886294592,0,0
shadow_trial,3154,2024-01-19,2024-01-29,0.0223511633823452,2024,2023-12-31,learned_vol_interaction,20260910,0.409541362332266,0.409541362332266,0,1
shadow_trial,3159,2024-01-26,2024-02-05,-0.0513103415192826,2024,2023-12-31,learned_vol_interaction,20260910,0.4427031623961251,0.4427031623961251,0,0
shadow_trial,3164,2024-02-02,2024-02-26,0.1015374891364462,2024,2023-12-31,learned_vol_interaction,20260910,0.6537066574488869,0.6537066574488869,1,1
shadow_trial,3173,2024-02-23,2024-03-04,0.0151569053862528,2024,2023-12-31,learned_vol_interaction,20260910,0.689311779469667,0.689311779469667,1,1
shadow_trial,3178,2024-03-01,2024-03-11,0.0021394031715169,2024,2023-12-31,learned_vol_interaction,20260910,0.6480049647794901,0.6480049647794901,1,1
shadow_trial,3183,2024-03-08,2024-03-18,0.0087762342284414,2024,2023-12-31,learned_vol_interaction,20260910,0.6491293260006892,0.6491293260006892,1,1
shadow_trial,3188,2024-03-15,2024-03-25,-0.0112802133595746,2024,2023-12-31,learned_vol_interaction,20260910,0.6390487602979349,0.6390487602979349,1,0
shadow_trial,3193,2024-03-22,2024-04-01,0.0042044725182444,2024,2023-12-31,learned_vol_interaction,20260910,0.502579297882782,0.502579297882782,1,1
shadow_trial,3198,2024-03-29,2024-04-15,-0.0219845815102011,2024,2023-12-31,learned_vol_interaction,20260910,0.4621147966680959,0.4621147966680959,0,0
shadow_trial,3206,2024-04-12,2024-04-22,0.018045199366633,2024,2023-12-31,learned_vol_interaction,20260910,0.3996858180028398,0.3996858180028398,0,1
shadow_trial,3211,2024-04-19,2024-04-29,0.0136757744232476,2024,2023-12-31,learned_vol_interaction,20260910,0.37319633634071175,0.37319633634071175,0,1
shadow_trial,3216,2024-04-26,2024-05-13,0.0172434956786644,2024,2023-12-31,learned_vol_interaction,20260910,0.3146645175119406,0.3146645175119406,0,1
shadow_trial,3223,2024-05-10,2024-05-20,0.0097933549988344,2024,2023-12-31,learned_vol_interaction,20260910,0.37518028476500903,0.37518028476500903,0,1
shadow_trial,3228,2024-05-17,2024-05-27,-0.0204803832637164,2024,2023-12-31,learned_vol_interaction,20260910,0.3743945093004113,0.3743945093004113,0,0
shadow_trial,3233,2024-05-24,2024-06-03,-0.0081155643048258,2024,2023-12-31,learned_vol_interaction,20260910,0.41682706486348087,0.41682706486348087,0,0
shadow_trial,3238,2024-05-31,2024-06-11,-0.0060267570121149,2024,2023-12-31,learned_vol_interaction,20260910,0.4492331097002634,0.4492331097002634,0,0
shadow_trial,3243,2024-06-07,2024-06-17,-0.0096686558937179,2024,2023-12-31,learned_vol_interaction,20260910,0.646939742462589,0.646939742462589,1,0
shadow_trial,3247,2024-06-14,2024-06-24,-0.013573992457631,2024,2023-12-31,learned_vol_interaction,20260910,0.728816996452314,0.728816996452314,1,0
shadow_trial,3252,2024-06-21,2024-07-01,-0.004427632109257,2024,2023-12-31,learned_vol_interaction,20260910,0.45786386069259544,0.45786386069259544,0,0
shadow_trial,3257,2024-06-28,2024-07-08,-0.0108320369203009,2024,2023-12-31,learned_vol_interaction,20260910,0.5781155623946855,0.5781155623946855,1,0
shadow_trial,3262,2024-07-05,2024-07-15,0.0122222871842843,2024,2023-12-31,learned_vol_interaction,20260910,0.5756856823794781,0.5756856823794781,1,1
shadow_trial,3267,2024-07-12,2024-07-22,0.0218881133018156,2024,2023-12-31,learned_vol_interaction,20260910,0.4866386539421122,0.4866386539421122,0,1
shadow_trial,3272,2024-07-19,2024-07-29,-0.0378787022382998,2024,2023-12-31,learned_vol_interaction,20260910,0.5389372826354385,0.5389372826354385,1,0
shadow_trial,3277,2024-07-26,2024-08-05,-0.0124134568216732,2024,2023-12-31,learned_vol_interaction,20260910,0.5302304235904278,0.5302304235904278,1,0
shadow_trial,3282,2024-08-02,2024-08-12,-0.0102762848330364,2024,2023-12-31,learned_vol_interaction,20260910,0.5215565305204753,0.5215565305204753,1,0
shadow_trial,3287,2024-08-09,2024-08-19,0.0050186923751938,2024,2023-12-31,learned_vol_interaction,20260910,0.5855654639145639,0.5855654639145639,1,1
shadow_trial,3292,2024-08-16,2024-08-26,-0.0040487282687352,2024,2023-12-31,learned_vol_interaction,20260910,0.3778758904529602,0.3778758904529602,0,0
shadow_trial,3297,2024-08-23,2024-09-02,-0.0069594562136714,2024,2023-12-31,learned_vol_interaction,20260910,0.25486310438949394,0.25486310438949394,0,0
shadow_trial,3302,2024-08-30,2024-09-09,-0.0280389655151561,2024,2023-12-31,learned_vol_interaction,20260910,0.23399162737304185,0.23399162737304185,0,0
shadow_trial,3307,2024-09-06,2024-09-18,-0.0174132138857783,2024,2023-12-31,learned_vol_interaction,20260910,0.25707507643008914,0.25707507643008914,0,0
shadow_trial,3312,2024-09-13,2024-09-24,0.0133119329369826,2024,2023-12-31,learned_vol_interaction,20260910,0.3084747782851401,0.3084747782851401,0,1
shadow_trial,3315,2024-09-20,2024-09-30,0.2017513988384409,2024,2023-12-31,learned_vol_interaction,20260910,0.2767223781764832,0.2767223781764832,0,1
shadow_trial,3320,2024-09-27,2024-10-14,0.0178259004588408,2024,2023-12-31,learned_vol_interaction,20260910,0.539577352579499,0.539577352579499,1,1
shadow_trial,3325,2024-10-11,2024-10-21,0.0080914993282625,2024,2023-12-31,learned_vol_interaction,20260910,0.5707045524539156,0.5707045524539156,1,1
shadow_trial,3330,2024-10-18,2024-10-28,0.0015733867085561,2024,2023-12-31,learned_vol_interaction,20260910,0.5457998125542788,0.5457998125542788,1,1
shadow_trial,3335,2024-10-25,2024-11-04,-0.0140142824257356,2024,2023-12-31,learned_vol_interaction,20260910,0.5480447349870543,0.5480447349870543,1,0
shadow_trial,3340,2024-11-01,2024-11-11,0.0434152361258277,2024,2023-12-31,learned_vol_interaction,20260910,0.5424556290324919,0.5424556290324919,1,1
shadow_trial,3345,2024-11-08,2024-11-18,-0.0208584853931589,2024,2023-12-31,learned_vol_interaction,20260910,0.41385174274995,0.41385174274995,0,0
shadow_trial,3350,2024-11-15,2024-11-25,-0.0267421712161923,2024,2023-12-31,learned_vol_interaction,20260910,0.40978407838391767,0.40978407838391767,0,0
shadow_trial,3355,2024-11-22,2024-12-02,0.0087960346887328,2024,2023-12-31,learned_vol_interaction,20260910,0.5313658042769484,0.5313658042769484,1,1
shadow_trial,3360,2024-11-29,2024-12-09,0.0155919891551781,2024,2023-12-31,learned_vol_interaction,20260910,0.5550717836556399,0.5550717836556399,1,1
shadow_trial,3365,2024-12-06,2024-12-16,-0.0100436703218104,2024,2023-12-31,learned_vol_interaction,20260910,0.5155855931739847,0.5155855931739847,1,0
shadow_trial,3370,2024-12-13,2024-12-23,-0.0006690784017421,2024,2023-12-31,learned_vol_interaction,20260910,0.4374261593980381,0.4374261593980381,0,0
shadow_trial,3375,2024-12-20,2024-12-30,0.0123595076562756,2024,2023-12-31,learned_vol_interaction,20260910,0.38028593735367683,0.38028593735367683,0,1
shadow_trial,3380,2024-12-27,2025-01-06,-0.0504714964669198,2024,2023-12-31,learned_vol_interaction,20260910,0.35616480654444505,0.35616480654444505,0,0
shadow_trial,3144,2024-01-05,2024-01-15,-0.0158038409563566,2024,2023-12-31,learned_order_extension,20260910,0.4019000383386628,0.4019000383386628,0,0
shadow_trial,3149,2024-01-12,2024-01-22,-0.002333261979756,2024,2023-12-31,learned_order_extension,20260910,0.4536929976964038,0.4536929976964038,0,0
shadow_trial,3154,2024-01-19,2024-01-29,0.0223511633823452,2024,2023-12-31,learned_order_extension,20260910,0.4065097447533653,0.4065097447533653,0,1
shadow_trial,3159,2024-01-26,2024-02-05,-0.0513103415192826,2024,2023-12-31,learned_order_extension,20260910,0.4181108069924978,0.4181108069924978,0,0
shadow_trial,3164,2024-02-02,2024-02-26,0.1015374891364462,2024,2023-12-31,learned_order_extension,20260910,0.6639940867614434,0.6639940867614434,1,1
shadow_trial,3173,2024-02-23,2024-03-04,0.0151569053862528,2024,2023-12-31,learned_order_extension,20260910,0.6509742827223437,0.6509742827223437,1,1
shadow_trial,3178,2024-03-01,2024-03-11,0.0021394031715169,2024,2023-12-31,learned_order_extension,20260910,0.596427953854031,0.596427953854031,1,1
shadow_trial,3183,2024-03-08,2024-03-18,0.0087762342284414,2024,2023-12-31,learned_order_extension,20260910,0.5823638998065179,0.5823638998065179,1,1
shadow_trial,3188,2024-03-15,2024-03-25,-0.0112802133595746,2024,2023-12-31,learned_order_extension,20260910,0.5649258035498114,0.5649258035498114,1,0
shadow_trial,3193,2024-03-22,2024-04-01,0.0042044725182444,2024,2023-12-31,learned_order_extension,20260910,0.4756478826315535,0.4756478826315535,0,1
shadow_trial,3198,2024-03-29,2024-04-15,-0.0219845815102011,2024,2023-12-31,learned_order_extension,20260910,0.44826023295447676,0.44826023295447676,0,0
shadow_trial,3206,2024-04-12,2024-04-22,0.018045199366633,2024,2023-12-31,learned_order_extension,20260910,0.3886483454535768,0.3886483454535768,0,1
shadow_trial,3211,2024-04-19,2024-04-29,0.0136757744232476,2024,2023-12-31,learned_order_extension,20260910,0.3831378513745901,0.3831378513745901,0,1
shadow_trial,3216,2024-04-26,2024-05-13,0.0172434956786644,2024,2023-12-31,learned_order_extension,20260910,0.37424697076859526,0.37424697076859526,0,1
shadow_trial,3223,2024-05-10,2024-05-20,0.0097933549988344,2024,2023-12-31,learned_order_extension,20260910,0.3903039016654425,0.3903039016654425,0,1
shadow_trial,3228,2024-05-17,2024-05-27,-0.0204803832637164,2024,2023-12-31,learned_order_extension,20260910,0.40843859964633433,0.40843859964633433,0,0
shadow_trial,3233,2024-05-24,2024-06-03,-0.0081155643048258,2024,2023-12-31,learned_order_extension,20260910,0.43309876347512,0.43309876347512,0,0
shadow_trial,3238,2024-05-31,2024-06-11,-0.0060267570121149,2024,2023-12-31,learned_order_extension,20260910,0.446586280617722,0.446586280617722,0,0
shadow_trial,3243,2024-06-07,2024-06-17,-0.0096686558937179,2024,2023-12-31,learned_order_extension,20260910,0.626798924605605,0.626798924605605,1,0
shadow_trial,3247,2024-06-14,2024-06-24,-0.013573992457631,2024,2023-12-31,learned_order_extension,20260910,0.7178883635744532,0.7178883635744532,1,0
shadow_trial,3252,2024-06-21,2024-07-01,-0.004427632109257,2024,2023-12-31,learned_order_extension,20260910,0.4529899421679954,0.4529899421679954,0,0
shadow_trial,3257,2024-06-28,2024-07-08,-0.0108320369203009,2024,2023-12-31,learned_order_extension,20260910,0.5695267559005048,0.5695267559005048,1,0
shadow_trial,3262,2024-07-05,2024-07-15,0.0122222871842843,2024,2023-12-31,learned_order_extension,20260910,0.5846151349808663,0.5846151349808663,1,1
shadow_trial,3267,2024-07-12,2024-07-22,0.0218881133018156,2024,2023-12-31,learned_order_extension,20260910,0.4936385751696033,0.4936385751696033,0,1
shadow_trial,3272,2024-07-19,2024-07-29,-0.0378787022382998,2024,2023-12-31,learned_order_extension,20260910,0.5296682623864001,0.5296682623864001,1,0
shadow_trial,3277,2024-07-26,2024-08-05,-0.0124134568216732,2024,2023-12-31,learned_order_extension,20260910,0.5342552376814222,0.5342552376814222,1,0
shadow_trial,3282,2024-08-02,2024-08-12,-0.0102762848330364,2024,2023-12-31,learned_order_extension,20260910,0.5292356219824177,0.5292356219824177,1,0
shadow_trial,3287,2024-08-09,2024-08-19,0.0050186923751938,2024,2023-12-31,learned_order_extension,20260910,0.5758956552207214,0.5758956552207214,1,1
shadow_trial,3292,2024-08-16,2024-08-26,-0.0040487282687352,2024,2023-12-31,learned_order_extension,20260910,0.3908604034072806,0.3908604034072806,0,0
shadow_trial,3297,2024-08-23,2024-09-02,-0.0069594562136714,2024,2023-12-31,learned_order_extension,20260910,0.2988950234639935,0.2988950234639935,0,0
shadow_trial,3302,2024-08-30,2024-09-09,-0.0280389655151561,2024,2023-12-31,learned_order_extension,20260910,0.2686520456873332,0.2686520456873332,0,0
shadow_trial,3307,2024-09-06,2024-09-18,-0.0174132138857783,2024,2023-12-31,learned_order_extension,20260910,0.28845699674235586,0.28845699674235586,0,0
shadow_trial,3312,2024-09-13,2024-09-24,0.0133119329369826,2024,2023-12-31,learned_order_extension,20260910,0.3306515596775702,0.3306515596775702,0,1
shadow_trial,3315,2024-09-20,2024-09-30,0.2017513988384409,2024,2023-12-31,learned_order_extension,20260910,0.3078891103773537,0.3078891103773537,0,1
shadow_trial,3320,2024-09-27,2024-10-14,0.0178259004588408,2024,2023-12-31,learned_order_extension,20260910,0.5428289525080278,0.5428289525080278,1,1
shadow_trial,3325,2024-10-11,2024-10-21,0.0080914993282625,2024,2023-12-31,learned_order_extension,20260910,0.5822023275306868,0.5822023275306868,1,1
shadow_trial,3330,2024-10-18,2024-10-28,0.0015733867085561,2024,2023-12-31,learned_order_extension,20260910,0.5714046015164417,0.5714046015164417,1,1
shadow_trial,3335,2024-10-25,2024-11-04,-0.0140142824257356,2024,2023-12-31,learned_order_extension,20260910,0.5699380979169686,0.5699380979169686,1,0
shadow_trial,3340,2024-11-01,2024-11-11,0.0434152361258277,2024,2023-12-31,learned_order_extension,20260910,0.5940299307722281,0.5940299307722281,1,1
shadow_trial,3345,2024-11-08,2024-11-18,-0.0208584853931589,2024,2023-12-31,learned_order_extension,20260910,0.411107283779769,0.411107283779769,0,0
shadow_trial,3350,2024-11-15,2024-11-25,-0.0267421712161923,2024,2023-12-31,learned_order_extension,20260910,0.39605543665647713,0.39605543665647713,0,0
shadow_trial,3355,2024-11-22,2024-12-02,0.0087960346887328,2024,2023-12-31,learned_order_extension,20260910,0.5115475257965196,0.5115475257965196,1,1
shadow_trial,3360,2024-11-29,2024-12-09,0.0155919891551781,2024,2023-12-31,learned_order_extension,20260910,0.5440391301685066,0.5440391301685066,1,1
shadow_trial,3365,2024-12-06,2024-12-16,-0.0100436703218104,2024,2023-12-31,learned_order_extension,20260910,0.49467283869914347,0.49467283869914347,0,0
shadow_trial,3370,2024-12-13,2024-12-23,-0.0006690784017421,2024,2023-12-31,learned_order_extension,20260910,0.41586894239738387,0.41586894239738387,0,0
shadow_trial,3375,2024-12-20,2024-12-30,0.0123595076562756,2024,2023-12-31,learned_order_extension,20260910,0.35397540001038474,0.35397540001038474,0,1
shadow_trial,3380,2024-12-27,2025-01-06,-0.0504714964669198,2024,2023-12-31,learned_order_extension,20260910,0.3176586272754358,0.3176586272754358,0,0
shadow_trial,3144,2024-01-05,2024-01-15,-0.0158038409563566,2024,2023-12-31,learned_order_offset,20260910,0.40294607271257427,0.40294607271257427,0,0
shadow_trial,3149,2024-01-12,2024-01-22,-0.002333261979756,2024,2023-12-31,learned_order_offset,20260910,0.45320010017286466,0.45320010017286466,0,0
shadow_trial,3154,2024-01-19,2024-01-29,0.0223511633823452,2024,2023-12-31,learned_order_offset,20260910,0.40698948981731453,0.40698948981731453,0,1
shadow_trial,3159,2024-01-26,2024-02-05,-0.0513103415192826,2024,2023-12-31,learned_order_offset,20260910,0.4180998926398431,0.4180998926398431,0,0
shadow_trial,3164,2024-02-02,2024-02-26,0.1015374891364462,2024,2023-12-31,learned_order_offset,20260910,0.662467427882048,0.662467427882048,1,1
shadow_trial,3173,2024-02-23,2024-03-04,0.0151569053862528,2024,2023-12-31,learned_order_offset,20260910,0.6495192030104356,0.6495192030104356,1,1
shadow_trial,3178,2024-03-01,2024-03-11,0.0021394031715169,2024,2023-12-31,learned_order_offset,20260910,0.5953483627631191,0.5953483627631191,1,1
shadow_trial,3183,2024-03-08,2024-03-18,0.0087762342284414,2024,2023-12-31,learned_order_offset,20260910,0.5813453143574694,0.5813453143574694,1,1
shadow_trial,3188,2024-03-15,2024-03-25,-0.0112802133595746,2024,2023-12-31,learned_order_offset,20260910,0.5629285714576356,0.5629285714576356,1,0
shadow_trial,3193,2024-03-22,2024-04-01,0.0042044725182444,2024,2023-12-31,learned_order_offset,20260910,0.4746800194029474,0.4746800194029474,0,1
shadow_trial,3198,2024-03-29,2024-04-15,-0.0219845815102011,2024,2023-12-31,learned_order_offset,20260910,0.4474975970181041,0.4474975970181041,0,0
shadow_trial,3206,2024-04-12,2024-04-22,0.018045199366633,2024,2023-12-31,learned_order_offset,20260910,0.38808228102297715,0.38808228102297715,0,1
shadow_trial,3211,2024-04-19,2024-04-29,0.0136757744232476,2024,2023-12-31,learned_order_offset,20260910,0.3836585040753394,0.3836585040753394,0,1
shadow_trial,3216,2024-04-26,2024-05-13,0.0172434956786644,2024,2023-12-31,learned_order_offset,20260910,0.3751323735259505,0.3751323735259505,0,1
shadow_trial,3223,2024-05-10,2024-05-20,0.0097933549988344,2024,2023-12-31,learned_order_offset,20260910,0.39075291038896165,0.39075291038896165,0,1
shadow_trial,3228,2024-05-17,2024-05-27,-0.0204803832637164,2024,2023-12-31,learned_order_offset,20260910,0.4087832887536437,0.4087832887536437,0,0
shadow_trial,3233,2024-05-24,2024-06-03,-0.0081155643048258,2024,2023-12-31,learned_order_offset,20260910,0.4331137649724263,0.4331137649724263,0,0
shadow_trial,3238,2024-05-31,2024-06-11,-0.0060267570121149,2024,2023-12-31,learned_order_offset,20260910,0.44619955765953745,0.44619955765953745,0,0
shadow_trial,3243,2024-06-07,2024-06-17,-0.0096686558937179,2024,2023-12-31,learned_order_offset,20260910,0.6254437339879714,0.6254437339879714,1,0
shadow_trial,3247,2024-06-14,2024-06-24,-0.013573992457631,2024,2023-12-31,learned_order_offset,20260910,0.71648459870885,0.71648459870885,1,0
shadow_trial,3252,2024-06-21,2024-07-01,-0.004427632109257,2024,2023-12-31,learned_order_offset,20260910,0.4526436242684473,0.4526436242684473,0,0
shadow_trial,3257,2024-06-28,2024-07-08,-0.0108320369203009,2024,2023-12-31,learned_order_offset,20260910,0.5689843527024087,0.5689843527024087,1,0
shadow_trial,3262,2024-07-05,2024-07-15,0.0122222871842843,2024,2023-12-31,learned_order_offset,20260910,0.5842448716823806,0.5842448716823806,1,1
shadow_trial,3267,2024-07-12,2024-07-22,0.0218881133018156,2024,2023-12-31,learned_order_offset,20260910,0.4936392396364766,0.4936392396364766,0,1
shadow_trial,3272,2024-07-19,2024-07-29,-0.0378787022382998,2024,2023-12-31,learned_order_offset,20260910,0.5295267723966676,0.5295267723966676,1,0
shadow_trial,3277,2024-07-26,2024-08-05,-0.0124134568216732,2024,2023-12-31,learned_order_offset,20260910,0.534747071252778,0.534747071252778,1,0
shadow_trial,3282,2024-08-02,2024-08-12,-0.0102762848330364,2024,2023-12-31,learned_order_offset,20260910,0.5292954801203056,0.5292954801203056,1,0
shadow_trial,3287,2024-08-09,2024-08-19,0.0050186923751938,2024,2023-12-31,learned_order_offset,20260910,0.5750745514649787,0.5750745514649787,1,1
shadow_trial,3292,2024-08-16,2024-08-26,-0.0040487282687352,2024,2023-12-31,learned_order_offset,20260910,0.39186360794620234,0.39186360794620234,0,0
shadow_trial,3297,2024-08-23,2024-09-02,-0.0069594562136714,2024,2023-12-31,learned_order_offset,20260910,0.30043221421652405,0.30043221421652405,0,0
shadow_trial,3302,2024-08-30,2024-09-09,-0.0280389655151561,2024,2023-12-31,learned_order_offset,20260910,0.2705414281447007,0.2705414281447007,0,0
shadow_trial,3307,2024-09-06,2024-09-18,-0.0174132138857783,2024,2023-12-31,learned_order_offset,20260910,0.2898359177118046,0.2898359177118046,0,0
shadow_trial,3312,2024-09-13,2024-09-24,0.0133119329369826,2024,2023-12-31,learned_order_offset,20260910,0.33145087529619405,0.33145087529619405,0,1
shadow_trial,3315,2024-09-20,2024-09-30,0.2017513988384409,2024,2023-12-31,learned_order_offset,20260910,0.30890371440648795,0.30890371440648795,0,1
shadow_trial,3320,2024-09-27,2024-10-14,0.0178259004588408,2024,2023-12-31,learned_order_offset,20260910,0.5430894109936676,0.5430894109936676,1,1
shadow_trial,3325,2024-10-11,2024-10-21,0.0080914993282625,2024,2023-12-31,learned_order_offset,20260910,0.5826381124149342,0.5826381124149342,1,1
shadow_trial,3330,2024-10-18,2024-10-28,0.0015733867085561,2024,2023-12-31,learned_order_offset,20260910,0.5719329439518137,0.5719329439518137,1,1
shadow_trial,3335,2024-10-25,2024-11-04,-0.0140142824257356,2024,2023-12-31,learned_order_offset,20260910,0.5699230458006388,0.5699230458006388,1,0
shadow_trial,3340,2024-11-01,2024-11-11,0.0434152361258277,2024,2023-12-31,learned_order_offset,20260910,0.5943872844245232,0.5943872844245232,1,1
shadow_trial,3345,2024-11-08,2024-11-18,-0.0208584853931589,2024,2023-12-31,learned_order_offset,20260910,0.4117587061424781,0.4117587061424781,0,0
shadow_trial,3350,2024-11-15,2024-11-25,-0.0267421712161923,2024,2023-12-31,learned_order_offset,20260910,0.39692557218174884,0.39692557218174884,0,0
shadow_trial,3355,2024-11-22,2024-12-02,0.0087960346887328,2024,2023-12-31,learned_order_offset,20260910,0.5105432513675927,0.5105432513675927,1,1
shadow_trial,3360,2024-11-29,2024-12-09,0.0155919891551781,2024,2023-12-31,learned_order_offset,20260910,0.5431521172921228,0.5431521172921228,1,1
shadow_trial,3365,2024-12-06,2024-12-16,-0.0100436703218104,2024,2023-12-31,learned_order_offset,20260910,0.4931973928594116,0.4931973928594116,0,0
shadow_trial,3370,2024-12-13,2024-12-23,-0.0006690784017421,2024,2023-12-31,learned_order_offset,20260910,0.4157930804208651,0.4157930804208651,0,0
shadow_trial,3375,2024-12-20,2024-12-30,0.0123595076562756,2024,2023-12-31,learned_order_offset,20260910,0.35365572271165413,0.35365572271165413,0,1
shadow_trial,3380,2024-12-27,2025-01-06,-0.0504714964669198,2024,2023-12-31,learned_order_offset,20260910,0.3182149884773887,0.3182149884773887,0,0
shadow_trial,3144,2024-01-05,2024-01-15,-0.0158038409563566,2024,2023-12-31,native_mse,20260910,0.000251131835275678,,1,0
shadow_trial,3149,2024-01-12,2024-01-22,-0.002333261979756,2024,2023-12-31,native_mse,20260910,0.0007362057214049004,,1,0
shadow_trial,3154,2024-01-19,2024-01-29,0.0223511633823452,2024,2023-12-31,native_mse,20260910,-0.00023540604600351487,,0,1
shadow_trial,3159,2024-01-26,2024-02-05,-0.0513103415192826,2024,2023-12-31,native_mse,20260910,-0.001531436704987099,,0,0
shadow_trial,3164,2024-02-02,2024-02-26,0.1015374891364462,2024,2023-12-31,native_mse,20260910,0.004796229141878599,,1,1
shadow_trial,3173,2024-02-23,2024-03-04,0.0151569053862528,2024,2023-12-31,native_mse,20260910,0.005981439448417525,,1,1
shadow_trial,3178,2024-03-01,2024-03-11,0.0021394031715169,2024,2023-12-31,native_mse,20260910,0.002923079585146593,,1,1
shadow_trial,3183,2024-03-08,2024-03-18,0.0087762342284414,2024,2023-12-31,native_mse,20260910,0.004534858645957669,,1,1
shadow_trial,3188,2024-03-15,2024-03-25,-0.0112802133595746,2024,2023-12-31,native_mse,20260910,0.004141952477981538,,1,0
shadow_trial,3193,2024-03-22,2024-04-01,0.0042044725182444,2024,2023-12-31,native_mse,20260910,0.0018727898596620025,,1,1
shadow_trial,3198,2024-03-29,2024-04-15,-0.0219845815102011,2024,2023-12-31,native_mse,20260910,0.0003645787473085561,,1,0
shadow_trial,3206,2024-04-12,2024-04-22,0.018045199366633,2024,2023-12-31,native_mse,20260910,-0.00021832918624461518,,0,1
shadow_trial,3211,2024-04-19,2024-04-29,0.0136757744232476,2024,2023-12-31,native_mse,20260910,0.0005323002819172812,,1,1
shadow_trial,3216,2024-04-26,2024-05-13,0.0172434956786644,2024,2023-12-31,native_mse,20260910,-0.00014728683736751251,,0,1
shadow_trial,3223,2024-05-10,2024-05-20,0.0097933549988344,2024,2023-12-31,native_mse,20260910,0.0004133340837300701,,1,1
shadow_trial,3228,2024-05-17,2024-05-27,-0.0204803832637164,2024,2023-12-31,native_mse,20260910,0.0036262081384896457,,1,0
shadow_trial,3233,2024-05-24,2024-06-03,-0.0081155643048258,2024,2023-12-31,native_mse,20260910,0.0049904247327292855,,1,0
shadow_trial,3238,2024-05-31,2024-06-11,-0.0060267570121149,2024,2023-12-31,native_mse,20260910,0.0040244113389711345,,1,0
shadow_trial,3243,2024-06-07,2024-06-17,-0.0096686558937179,2024,2023-12-31,native_mse,20260910,0.008609928356971403,,1,0
shadow_trial,3247,2024-06-14,2024-06-24,-0.013573992457631,2024,2023-12-31,native_mse,20260910,0.008961501129694911,,1,0
shadow_trial,3252,2024-06-21,2024-07-01,-0.004427632109257,2024,2023-12-31,native_mse,20260910,0.0009177608055072099,,1,0
shadow_trial,3257,2024-06-28,2024-07-08,-0.0108320369203009,2024,2023-12-31,native_mse,20260910,0.0030020981914033497,,1,0
shadow_trial,3262,2024-07-05,2024-07-15,0.0122222871842843,2024,2023-12-31,native_mse,20260910,0.00336049012064386,,1,1
shadow_trial,3267,2024-07-12,2024-07-22,0.0218881133018156,2024,2023-12-31,native_mse,20260910,-0.0006421845267103974,,0,1
shadow_trial,3272,2024-07-19,2024-07-29,-0.0378787022382998,2024,2023-12-31,native_mse,20260910,0.0004540341648428114,,1,0
shadow_trial,3277,2024-07-26,2024-08-05,-0.0124134568216732,2024,2023-12-31,native_mse,20260910,0.0013231998081271626,,1,0
shadow_trial,3282,2024-08-02,2024-08-12,-0.0102762848330364,2024,2023-12-31,native_mse,20260910,0.001303372172405589,,1,0
shadow_trial,3287,2024-08-09,2024-08-19,0.0050186923751938,2024,2023-12-31,native_mse,20260910,0.00011119162293128984,,1,1
shadow_trial,3292,2024-08-16,2024-08-26,-0.0040487282687352,2024,2023-12-31,native_mse,20260910,0.0014903087569155989,,1,0
shadow_trial,3297,2024-08-23,2024-09-02,-0.0069594562136714,2024,2023-12-31,native_mse,20260910,-0.0030751570665977007,,0,0
shadow_trial,3302,2024-08-30,2024-09-09,-0.0280389655151561,2024,2023-12-31,native_mse,20260910,-0.003508085985855703,,0,0
shadow_trial,3307,2024-09-06,2024-09-18,-0.0174132138857783,2024,2023-12-31,native_mse,20260910,-0.0025693655960970898,,0,0
shadow_trial,3312,2024-09-13,2024-09-24,0.0133119329369826,2024,2023-12-31,native_mse,20260910,0.00017194356388446877,,1,1
shadow_trial,3315,2024-09-20,2024-09-30,0.2017513988384409,2024,2023-12-31,native_mse,20260910,0.0007791555801138394,,1,1
shadow_trial,3320,2024-09-27,2024-10-14,0.0178259004588408,2024,2023-12-31,native_mse,20260910,0.0007616530796663938,,1,1
shadow_trial,3325,2024-10-11,2024-10-21,0.0080914993282625,2024,2023-12-31,native_mse,20260910,-0.0026429925872939004,,0,1
shadow_trial,3330,2024-10-18,2024-10-28,0.0015733867085561,2024,2023-12-31,native_mse,20260910,-0.004083051697418182,,0,1
shadow_trial,3335,2024-10-25,2024-11-04,-0.0140142824257356,2024,2023-12-31,native_mse,20260910,-0.003618447449131282,,0,0
shadow_trial,3340,2024-11-01,2024-11-11,0.0434152361258277,2024,2023-12-31,native_mse,20260910,-0.0042863223001300965,,0,1
shadow_trial,3345,2024-11-08,2024-11-18,-0.0208584853931589,2024,2023-12-31,native_mse,20260910,-0.0028591792362593097,,0,0
shadow_trial,3350,2024-11-15,2024-11-25,-0.0267421712161923,2024,2023-12-31,native_mse,20260910,-0.0017028092388012967,,0,0
shadow_trial,3355,2024-11-22,2024-12-02,0.0087960346887328,2024,2023-12-31,native_mse,20260910,-0.0009456406767515755,,0,1
shadow_trial,3360,2024-11-29,2024-12-09,0.0155919891551781,2024,2023-12-31,native_mse,20260910,-0.0002599534945060551,,0,1
shadow_trial,3365,2024-12-06,2024-12-16,-0.0100436703218104,2024,2023-12-31,native_mse,20260910,0.0007542474780432574,,1,0
shadow_trial,3370,2024-12-13,2024-12-23,-0.0006690784017421,2024,2023-12-31,native_mse,20260910,-0.0007125951992407705,,0,0
shadow_trial,3375,2024-12-20,2024-12-30,0.0123595076562756,2024,2023-12-31,native_mse,20260910,-0.0012475930255920083,,0,1
shadow_trial,3380,2024-12-27,2025-01-06,-0.0504714964669198,2024,2023-12-31,native_mse,20260910,-0.00024548952899875387,,0,0
shadow_trial,3144,2024-01-05,2024-01-15,-0.0158038409563566,2024,2023-12-31,training_frequency,-1,0.5024834437086093,0.5024834437086093,1,0
shadow_trial,3149,2024-01-12,2024-01-22,-0.002333261979756,2024,2023-12-31,training_frequency,-1,0.5024834437086093,0.5024834437086093,1,0
shadow_trial,3154,2024-01-19,2024-01-29,0.0223511633823452,2024,2023-12-31,training_frequency,-1,0.5024834437086093,0.5024834437086093,1,1
shadow_trial,3159,2024-01-26,2024-02-05,-0.0513103415192826,2024,2023-12-31,training_frequency,-1,0.5024834437086093,0.5024834437086093,1,0
shadow_trial,3164,2024-02-02,2024-02-26,0.1015374891364462,2024,2023-12-31,training_frequency,-1,0.5024834437086093,0.5024834437086093,1,1
shadow_trial,3173,2024-02-23,2024-03-04,0.0151569053862528,2024,2023-12-31,training_frequency,-1,0.5024834437086093,0.5024834437086093,1,1
shadow_trial,3178,2024-03-01,2024-03-11,0.0021394031715169,2024,2023-12-31,training_frequency,-1,0.5024834437086093,0.5024834437086093,1,1
shadow_trial,3183,2024-03-08,2024-03-18,0.0087762342284414,2024,2023-12-31,training_frequency,-1,0.5024834437086093,0.5024834437086093,1,1
shadow_trial,3188,2024-03-15,2024-03-25,-0.0112802133595746,2024,2023-12-31,training_frequency,-1,0.5024834437086093,0.5024834437086093,1,0
shadow_trial,3193,2024-03-22,2024-04-01,0.0042044725182444,2024,2023-12-31,training_frequency,-1,0.5024834437086093,0.5024834437086093,1,1
shadow_trial,3198,2024-03-29,2024-04-15,-0.0219845815102011,2024,2023-12-31,training_frequency,-1,0.5024834437086093,0.5024834437086093,1,0
shadow_trial,3206,2024-04-12,2024-04-22,0.018045199366633,2024,2023-12-31,training_frequency,-1,0.5024834437086093,0.5024834437086093,1,1
shadow_trial,3211,2024-04-19,2024-04-29,0.0136757744232476,2024,2023-12-31,training_frequency,-1,0.5024834437086093,0.5024834437086093,1,1
shadow_trial,3216,2024-04-26,2024-05-13,0.0172434956786644,2024,2023-12-31,training_frequency,-1,0.5024834437086093,0.5024834437086093,1,1
shadow_trial,3223,2024-05-10,2024-05-20,0.0097933549988344,2024,2023-12-31,training_frequency,-1,0.5024834437086093,0.5024834437086093,1,1
shadow_trial,3228,2024-05-17,2024-05-27,-0.0204803832637164,2024,2023-12-31,training_frequency,-1,0.5024834437086093,0.5024834437086093,1,0
shadow_trial,3233,2024-05-24,2024-06-03,-0.0081155643048258,2024,2023-12-31,training_frequency,-1,0.5024834437086093,0.5024834437086093,1,0
shadow_trial,3238,2024-05-31,2024-06-11,-0.0060267570121149,2024,2023-12-31,training_frequency,-1,0.5024834437086093,0.5024834437086093,1,0
shadow_trial,3243,2024-06-07,2024-06-17,-0.0096686558937179,2024,2023-12-31,training_frequency,-1,0.5024834437086093,0.5024834437086093,1,0
shadow_trial,3247,2024-06-14,2024-06-24,-0.013573992457631,2024,2023-12-31,training_frequency,-1,0.5024834437086093,0.5024834437086093,1,0
shadow_trial,3252,2024-06-21,2024-07-01,-0.004427632109257,2024,2023-12-31,training_frequency,-1,0.5024834437086093,0.5024834437086093,1,0
shadow_trial,3257,2024-06-28,2024-07-08,-0.0108320369203009,2024,2023-12-31,training_frequency,-1,0.5024834437086093,0.5024834437086093,1,0
shadow_trial,3262,2024-07-05,2024-07-15,0.0122222871842843,2024,2023-12-31,training_frequency,-1,0.5024834437086093,0.5024834437086093,1,1
shadow_trial,3267,2024-07-12,2024-07-22,0.0218881133018156,2024,2023-12-31,training_frequency,-1,0.5024834437086093,0.5024834437086093,1,1
shadow_trial,3272,2024-07-19,2024-07-29,-0.0378787022382998,2024,2023-12-31,training_frequency,-1,0.5024834437086093,0.5024834437086093,1,0
shadow_trial,3277,2024-07-26,2024-08-05,-0.0124134568216732,2024,2023-12-31,training_frequency,-1,0.5024834437086093,0.5024834437086093,1,0
shadow_trial,3282,2024-08-02,2024-08-12,-0.0102762848330364,2024,2023-12-31,training_frequency,-1,0.5024834437086093,0.5024834437086093,1,0
shadow_trial,3287,2024-08-09,2024-08-19,0.0050186923751938,2024,2023-12-31,training_frequency,-1,0.5024834437086093,0.5024834437086093,1,1
shadow_trial,3292,2024-08-16,2024-08-26,-0.0040487282687352,2024,2023-12-31,training_frequency,-1,0.5024834437086093,0.5024834437086093,1,0
shadow_trial,3297,2024-08-23,2024-09-02,-0.0069594562136714,2024,2023-12-31,training_frequency,-1,0.5024834437086093,0.5024834437086093,1,0
shadow_trial,3302,2024-08-30,2024-09-09,-0.0280389655151561,2024,2023-12-31,training_frequency,-1,0.5024834437086093,0.5024834437086093,1,0
shadow_trial,3307,2024-09-06,2024-09-18,-0.0174132138857783,2024,2023-12-31,training_frequency,-1,0.5024834437086093,0.5024834437086093,1,0
shadow_trial,3312,2024-09-13,2024-09-24,0.0133119329369826,2024,2023-12-31,training_frequency,-1,0.5024834437086093,0.5024834437086093,1,1
shadow_trial,3315,2024-09-20,2024-09-30,0.2017513988384409,2024,2023-12-31,training_frequency,-1,0.5024834437086093,0.5024834437086093,1,1
shadow_trial,3320,2024-09-27,2024-10-14,0.0178259004588408,2024,2023-12-31,training_frequency,-1,0.5024834437086093,0.5024834437086093,1,1
shadow_trial,3325,2024-10-11,2024-10-21,0.0080914993282625,2024,2023-12-31,training_frequency,-1,0.5024834437086093,0.5024834437086093,1,1
shadow_trial,3330,2024-10-18,2024-10-28,0.0015733867085561,2024,2023-12-31,training_frequency,-1,0.5024834437086093,0.5024834437086093,1,1
shadow_trial,3335,2024-10-25,2024-11-04,-0.0140142824257356,2024,2023-12-31,training_frequency,-1,0.5024834437086093,0.5024834437086093,1,0
shadow_trial,3340,2024-11-01,2024-11-11,0.0434152361258277,2024,2023-12-31,training_frequency,-1,0.5024834437086093,0.5024834437086093,1,1
shadow_trial,3345,2024-11-08,2024-11-18,-0.0208584853931589,2024,2023-12-31,training_frequency,-1,0.5024834437086093,0.5024834437086093,1,0
shadow_trial,3350,2024-11-15,2024-11-25,-0.0267421712161923,2024,2023-12-31,training_frequency,-1,0.5024834437086093,0.5024834437086093,1,0
shadow_trial,3355,2024-11-22,2024-12-02,0.0087960346887328,2024,2023-12-31,training_frequency,-1,0.5024834437086093,0.5024834437086093,1,1
shadow_trial,3360,2024-11-29,2024-12-09,0.0155919891551781,2024,2023-12-31,training_frequency,-1,0.5024834437086093,0.5024834437086093,1,1
shadow_trial,3365,2024-12-06,2024-12-16,-0.0100436703218104,2024,2023-12-31,training_frequency,-1,0.5024834437086093,0.5024834437086093,1,0
shadow_trial,3370,2024-12-13,2024-12-23,-0.0006690784017421,2024,2023-12-31,training_frequency,-1,0.5024834437086093,0.5024834437086093,1,0
shadow_trial,3375,2024-12-20,2024-12-30,0.0123595076562756,2024,2023-12-31,training_frequency,-1,0.5024834437086093,0.5024834437086093,1,1
shadow_trial,3380,2024-12-27,2025-01-06,-0.0504714964669198,2024,2023-12-31,training_frequency,-1,0.5024834437086093,0.5024834437086093,1,0
shadow_trial,3144,2024-01-05,2024-01-15,-0.0158038409563566,2024,2023-12-31,learned_market,20260911,0.5054381986976906,0.5054381986976906,1,0
shadow_trial,3149,2024-01-12,2024-01-22,-0.002333261979756,2024,2023-12-31,learned_market,20260911,0.5344404908323787,0.5344404908323787,1,0
shadow_trial,3154,2024-01-19,2024-01-29,0.0223511633823452,2024,2023-12-31,learned_market,20260911,0.6056082203678326,0.6056082203678326,1,1
shadow_trial,3159,2024-01-26,2024-02-05,-0.0513103415192826,2024,2023-12-31,learned_market,20260911,0.536236284491504,0.536236284491504,1,0
shadow_trial,3164,2024-02-02,2024-02-26,0.1015374891364462,2024,2023-12-31,learned_market,20260911,0.5342416496354764,0.5342416496354764,1,1
shadow_trial,3173,2024-02-23,2024-03-04,0.0151569053862528,2024,2023-12-31,learned_market,20260911,0.636064859077555,0.636064859077555,1,1
shadow_trial,3178,2024-03-01,2024-03-11,0.0021394031715169,2024,2023-12-31,learned_market,20260911,0.5744958412225454,0.5744958412225454,1,1
shadow_trial,3183,2024-03-08,2024-03-18,0.0087762342284414,2024,2023-12-31,learned_market,20260911,0.6235376359173743,0.6235376359173743,1,1
shadow_trial,3188,2024-03-15,2024-03-25,-0.0112802133595746,2024,2023-12-31,learned_market,20260911,0.5250838960153138,0.5250838960153138,1,0
shadow_trial,3193,2024-03-22,2024-04-01,0.0042044725182444,2024,2023-12-31,learned_market,20260911,0.5710939352608271,0.5710939352608271,1,1
shadow_trial,3198,2024-03-29,2024-04-15,-0.0219845815102011,2024,2023-12-31,learned_market,20260911,0.3834197760468657,0.3834197760468657,0,0
shadow_trial,3206,2024-04-12,2024-04-22,0.018045199366633,2024,2023-12-31,learned_market,20260911,0.4010137779932345,0.4010137779932345,0,1
shadow_trial,3211,2024-04-19,2024-04-29,0.0136757744232476,2024,2023-12-31,learned_market,20260911,0.6881239388416772,0.6881239388416772,1,1
shadow_trial,3216,2024-04-26,2024-05-13,0.0172434956786644,2024,2023-12-31,learned_market,20260911,0.7017626392504613,0.7017626392504613,1,1
shadow_trial,3223,2024-05-10,2024-05-20,0.0097933549988344,2024,2023-12-31,learned_market,20260911,0.34643372246634235,0.34643372246634235,0,1
shadow_trial,3228,2024-05-17,2024-05-27,-0.0204803832637164,2024,2023-12-31,learned_market,20260911,0.4431227189539159,0.4431227189539159,0,0
shadow_trial,3233,2024-05-24,2024-06-03,-0.0081155643048258,2024,2023-12-31,learned_market,20260911,0.37604335071722716,0.37604335071722716,0,0
shadow_trial,3238,2024-05-31,2024-06-11,-0.0060267570121149,2024,2023-12-31,learned_market,20260911,0.4623695985721365,0.4623695985721365,0,0
shadow_trial,3243,2024-06-07,2024-06-17,-0.0096686558937179,2024,2023-12-31,learned_market,20260911,0.4582644121723416,0.4582644121723416,0,0
shadow_trial,3247,2024-06-14,2024-06-24,-0.013573992457631,2024,2023-12-31,learned_market,20260911,0.547653314525006,0.547653314525006,1,0
shadow_trial,3252,2024-06-21,2024-07-01,-0.004427632109257,2024,2023-12-31,learned_market,20260911,0.47189161681005365,0.47189161681005365,0,0
shadow_trial,3257,2024-06-28,2024-07-08,-0.0108320369203009,2024,2023-12-31,learned_market,20260911,0.5123469688343429,0.5123469688343429,1,0
shadow_trial,3262,2024-07-05,2024-07-15,0.0122222871842843,2024,2023-12-31,learned_market,20260911,0.45126286241747676,0.45126286241747676,0,1
shadow_trial,3267,2024-07-12,2024-07-22,0.0218881133018156,2024,2023-12-31,learned_market,20260911,0.5332769498693494,0.5332769498693494,1,1
shadow_trial,3272,2024-07-19,2024-07-29,-0.0378787022382998,2024,2023-12-31,learned_market,20260911,0.40748796116344355,0.40748796116344355,0,0
shadow_trial,3277,2024-07-26,2024-08-05,-0.0124134568216732,2024,2023-12-31,learned_market,20260911,0.478355530473102,0.478355530473102,0,0
shadow_trial,3282,2024-08-02,2024-08-12,-0.0102762848330364,2024,2023-12-31,learned_market,20260911,0.3834188816798506,0.3834188816798506,0,0
shadow_trial,3287,2024-08-09,2024-08-19,0.0050186923751938,2024,2023-12-31,learned_market,20260911,0.42469973553977347,0.42469973553977347,0,1
shadow_trial,3292,2024-08-16,2024-08-26,-0.0040487282687352,2024,2023-12-31,learned_market,20260911,0.29687018071515625,0.29687018071515625,0,0
shadow_trial,3297,2024-08-23,2024-09-02,-0.0069594562136714,2024,2023-12-31,learned_market,20260911,0.34723831026140495,0.34723831026140495,0,0
shadow_trial,3302,2024-08-30,2024-09-09,-0.0280389655151561,2024,2023-12-31,learned_market,20260911,0.338131357699674,0.338131357699674,0,0
shadow_trial,3307,2024-09-06,2024-09-18,-0.0174132138857783,2024,2023-12-31,learned_market,20260911,0.3981701161949381,0.3981701161949381,0,0
shadow_trial,3312,2024-09-13,2024-09-24,0.0133119329369826,2024,2023-12-31,learned_market,20260911,0.4602703023881774,0.4602703023881774,0,1
shadow_trial,3315,2024-09-20,2024-09-30,0.2017513988384409,2024,2023-12-31,learned_market,20260911,0.48844687615774224,0.48844687615774224,0,1
shadow_trial,3320,2024-09-27,2024-10-14,0.0178259004588408,2024,2023-12-31,learned_market,20260911,0.6935862325010999,0.6935862325010999,1,1
shadow_trial,3325,2024-10-11,2024-10-21,0.0080914993282625,2024,2023-12-31,learned_market,20260911,0.7037035552786773,0.7037035552786773,1,1
shadow_trial,3330,2024-10-18,2024-10-28,0.0015733867085561,2024,2023-12-31,learned_market,20260911,0.6276974127279125,0.6276974127279125,1,1
shadow_trial,3335,2024-10-25,2024-11-04,-0.0140142824257356,2024,2023-12-31,learned_market,20260911,0.45809633325380006,0.45809633325380006,0,0
shadow_trial,3340,2024-11-01,2024-11-11,0.0434152361258277,2024,2023-12-31,learned_market,20260911,0.4000970572378428,0.4000970572378428,0,1
shadow_trial,3345,2024-11-08,2024-11-18,-0.0208584853931589,2024,2023-12-31,learned_market,20260911,0.40593736915879713,0.40593736915879713,0,0
shadow_trial,3350,2024-11-15,2024-11-25,-0.0267421712161923,2024,2023-12-31,learned_market,20260911,0.455730074665633,0.455730074665633,0,0
shadow_trial,3355,2024-11-22,2024-12-02,0.0087960346887328,2024,2023-12-31,learned_market,20260911,0.3896395612224614,0.3896395612224614,0,1
shadow_trial,3360,2024-11-29,2024-12-09,0.0155919891551781,2024,2023-12-31,learned_market,20260911,0.5648004239815676,0.5648004239815676,1,1
shadow_trial,3365,2024-12-06,2024-12-16,-0.0100436703218104,2024,2023-12-31,learned_market,20260911,0.4339892041348209,0.4339892041348209,0,0
shadow_trial,3370,2024-12-13,2024-12-23,-0.0006690784017421,2024,2023-12-31,learned_market,20260911,0.31485157623264104,0.31485157623264104,0,0
shadow_trial,3375,2024-12-20,2024-12-30,0.0123595076562756,2024,2023-12-31,learned_market,20260911,0.30917200008354345,0.30917200008354345,0,1
shadow_trial,3380,2024-12-27,2025-01-06,-0.0504714964669198,2024,2023-12-31,learned_market,20260911,0.5719698356929027,0.5719698356929027,1,0
shadow_trial,3144,2024-01-05,2024-01-15,-0.0158038409563566,2024,2023-12-31,learned_vol_interaction,20260911,0.5055907048902185,0.5055907048902185,1,0
shadow_trial,3149,2024-01-12,2024-01-22,-0.002333261979756,2024,2023-12-31,learned_vol_interaction,20260911,0.5345697430715253,0.5345697430715253,1,0
shadow_trial,3154,2024-01-19,2024-01-29,0.0223511633823452,2024,2023-12-31,learned_vol_interaction,20260911,0.6057144516952688,0.6057144516952688,1,1
shadow_trial,3159,2024-01-26,2024-02-05,-0.0513103415192826,2024,2023-12-31,learned_vol_interaction,20260911,0.5360497014286747,0.5360497014286747,1,0
shadow_trial,3164,2024-02-02,2024-02-26,0.1015374891364462,2024,2023-12-31,learned_vol_interaction,20260911,0.5340699292580867,0.5340699292580867,1,1
shadow_trial,3173,2024-02-23,2024-03-04,0.0151569053862528,2024,2023-12-31,learned_vol_interaction,20260911,0.635598842460853,0.635598842460853,1,1
shadow_trial,3178,2024-03-01,2024-03-11,0.0021394031715169,2024,2023-12-31,learned_vol_interaction,20260911,0.5740233508322927,0.5740233508322927,1,1
shadow_trial,3183,2024-03-08,2024-03-18,0.0087762342284414,2024,2023-12-31,learned_vol_interaction,20260911,0.6228491427098055,0.6228491427098055,1,1
shadow_trial,3188,2024-03-15,2024-03-25,-0.0112802133595746,2024,2023-12-31,learned_vol_interaction,20260911,0.5244855050624243,0.5244855050624243,1,0
shadow_trial,3193,2024-03-22,2024-04-01,0.0042044725182444,2024,2023-12-31,learned_vol_interaction,20260911,0.5705279783235351,0.5705279783235351,1,1
shadow_trial,3198,2024-03-29,2024-04-15,-0.0219845815102011,2024,2023-12-31,learned_vol_interaction,20260911,0.38271605688876176,0.38271605688876176,0,0
shadow_trial,3206,2024-04-12,2024-04-22,0.018045199366633,2024,2023-12-31,learned_vol_interaction,20260911,0.4005671244257861,0.4005671244257861,0,1
shadow_trial,3211,2024-04-19,2024-04-29,0.0136757744232476,2024,2023-12-31,learned_vol_interaction,20260911,0.6887193746097363,0.6887193746097363,1,1
shadow_trial,3216,2024-04-26,2024-05-13,0.0172434956786644,2024,2023-12-31,learned_vol_interaction,20260911,0.7022970676469774,0.7022970676469774,1,1
shadow_trial,3223,2024-05-10,2024-05-20,0.0097933549988344,2024,2023-12-31,learned_vol_interaction,20260911,0.3455594321474703,0.3455594321474703,0,1
shadow_trial,3228,2024-05-17,2024-05-27,-0.0204803832637164,2024,2023-12-31,learned_vol_interaction,20260911,0.44349832999365935,0.44349832999365935,0,0
shadow_trial,3233,2024-05-24,2024-06-03,-0.0081155643048258,2024,2023-12-31,learned_vol_interaction,20260911,0.37584176621168797,0.37584176621168797,0,0
shadow_trial,3238,2024-05-31,2024-06-11,-0.0060267570121149,2024,2023-12-31,learned_vol_interaction,20260911,0.462679170258509,0.462679170258509,0,0
shadow_trial,3243,2024-06-07,2024-06-17,-0.0096686558937179,2024,2023-12-31,learned_vol_interaction,20260911,0.45791502581125104,0.45791502581125104,0,0
shadow_trial,3247,2024-06-14,2024-06-24,-0.013573992457631,2024,2023-12-31,learned_vol_interaction,20260911,0.5487064397258339,0.5487064397258339,1,0
shadow_trial,3252,2024-06-21,2024-07-01,-0.004427632109257,2024,2023-12-31,learned_vol_interaction,20260911,0.4727875387503036,0.4727875387503036,0,0
shadow_trial,3257,2024-06-28,2024-07-08,-0.0108320369203009,2024,2023-12-31,learned_vol_interaction,20260911,0.5132044653177142,0.5132044653177142,1,0
shadow_trial,3262,2024-07-05,2024-07-15,0.0122222871842843,2024,2023-12-31,learned_vol_interaction,20260911,0.4522611437941403,0.4522611437941403,0,1
shadow_trial,3267,2024-07-12,2024-07-22,0.0218881133018156,2024,2023-12-31,learned_vol_interaction,20260911,0.534956256393257,0.534956256393257,1,1
shadow_trial,3272,2024-07-19,2024-07-29,-0.0378787022382998,2024,2023-12-31,learned_vol_interaction,20260911,0.40803032188098237,0.40803032188098237,0,0
shadow_trial,3277,2024-07-26,2024-08-05,-0.0124134568216732,2024,2023-12-31,learned_vol_interaction,20260911,0.47904891822544815,0.47904891822544815,0,0
shadow_trial,3282,2024-08-02,2024-08-12,-0.0102762848330364,2024,2023-12-31,learned_vol_interaction,20260911,0.3835304997712279,0.3835304997712279,0,0
shadow_trial,3287,2024-08-09,2024-08-19,0.0050186923751938,2024,2023-12-31,learned_vol_interaction,20260911,0.4241805247030577,0.4241805247030577,0,1
shadow_trial,3292,2024-08-16,2024-08-26,-0.0040487282687352,2024,2023-12-31,learned_vol_interaction,20260911,0.2956504689782993,0.2956504689782993,0,0
shadow_trial,3297,2024-08-23,2024-09-02,-0.0069594562136714,2024,2023-12-31,learned_vol_interaction,20260911,0.3460155814509531,0.3460155814509531,0,0
shadow_trial,3302,2024-08-30,2024-09-09,-0.0280389655151561,2024,2023-12-31,learned_vol_interaction,20260911,0.33759368552448255,0.33759368552448255,0,0
shadow_trial,3307,2024-09-06,2024-09-18,-0.0174132138857783,2024,2023-12-31,learned_vol_interaction,20260911,0.397975241873378,0.397975241873378,0,0
shadow_trial,3312,2024-09-13,2024-09-24,0.0133119329369826,2024,2023-12-31,learned_vol_interaction,20260911,0.461342267631887,0.461342267631887,0,1
shadow_trial,3315,2024-09-20,2024-09-30,0.2017513988384409,2024,2023-12-31,learned_vol_interaction,20260911,0.4886156386697026,0.4886156386697026,0,1
shadow_trial,3320,2024-09-27,2024-10-14,0.0178259004588408,2024,2023-12-31,learned_vol_interaction,20260911,0.6918366307791042,0.6918366307791042,1,1
shadow_trial,3325,2024-10-11,2024-10-21,0.0080914993282625,2024,2023-12-31,learned_vol_interaction,20260911,0.7018703597644868,0.7018703597644868,1,1
shadow_trial,3330,2024-10-18,2024-10-28,0.0015733867085561,2024,2023-12-31,learned_vol_interaction,20260911,0.6274387204351971,0.6274387204351971,1,1
shadow_trial,3335,2024-10-25,2024-11-04,-0.0140142824257356,2024,2023-12-31,learned_vol_interaction,20260911,0.4612473434817257,0.4612473434817257,0,0
shadow_trial,3340,2024-11-01,2024-11-11,0.0434152361258277,2024,2023-12-31,learned_vol_interaction,20260911,0.40396264616491484,0.40396264616491484,0,1
shadow_trial,3345,2024-11-08,2024-11-18,-0.0208584853931589,2024,2023-12-31,learned_vol_interaction,20260911,0.4058838104038455,0.4058838104038455,0,0
shadow_trial,3350,2024-11-15,2024-11-25,-0.0267421712161923,2024,2023-12-31,learned_vol_interaction,20260911,0.4556461044457154,0.4556461044457154,0,0
shadow_trial,3355,2024-11-22,2024-12-02,0.0087960346887328,2024,2023-12-31,learned_vol_interaction,20260911,0.3897555680643098,0.3897555680643098,0,1
shadow_trial,3360,2024-11-29,2024-12-09,0.0155919891551781,2024,2023-12-31,learned_vol_interaction,20260911,0.5639943448578677,0.5639943448578677,1,1
shadow_trial,3365,2024-12-06,2024-12-16,-0.0100436703218104,2024,2023-12-31,learned_vol_interaction,20260911,0.43406190636390596,0.43406190636390596,0,0
shadow_trial,3370,2024-12-13,2024-12-23,-0.0006690784017421,2024,2023-12-31,learned_vol_interaction,20260911,0.31406271260453134,0.31406271260453134,0,0
shadow_trial,3375,2024-12-20,2024-12-30,0.0123595076562756,2024,2023-12-31,learned_vol_interaction,20260911,0.3085226494455729,0.3085226494455729,0,1
shadow_trial,3380,2024-12-27,2025-01-06,-0.0504714964669198,2024,2023-12-31,learned_vol_interaction,20260911,0.5726178987535363,0.5726178987535363,1,0
shadow_trial,3144,2024-01-05,2024-01-15,-0.0158038409563566,2024,2023-12-31,learned_order_extension,20260911,0.5046246382575834,0.5046246382575834,1,0
shadow_trial,3149,2024-01-12,2024-01-22,-0.002333261979756,2024,2023-12-31,learned_order_extension,20260911,0.5273727883107168,0.5273727883107168,1,0
shadow_trial,3154,2024-01-19,2024-01-29,0.0223511633823452,2024,2023-12-31,learned_order_extension,20260911,0.6361976645125996,0.6361976645125996,1,1
shadow_trial,3159,2024-01-26,2024-02-05,-0.0513103415192826,2024,2023-12-31,learned_order_extension,20260911,0.5444608640891567,0.5444608640891567,1,0
shadow_trial,3164,2024-02-02,2024-02-26,0.1015374891364462,2024,2023-12-31,learned_order_extension,20260911,0.545031438848448,0.545031438848448,1,1
shadow_trial,3173,2024-02-23,2024-03-04,0.0151569053862528,2024,2023-12-31,learned_order_extension,20260911,0.6125199424254827,0.6125199424254827,1,1
shadow_trial,3178,2024-03-01,2024-03-11,0.0021394031715169,2024,2023-12-31,learned_order_extension,20260911,0.5496769035930799,0.5496769035930799,1,1
shadow_trial,3183,2024-03-08,2024-03-18,0.0087762342284414,2024,2023-12-31,learned_order_extension,20260911,0.5653384521782018,0.5653384521782018,1,1
shadow_trial,3188,2024-03-15,2024-03-25,-0.0112802133595746,2024,2023-12-31,learned_order_extension,20260911,0.4741066250462846,0.4741066250462846,0,0
shadow_trial,3193,2024-03-22,2024-04-01,0.0042044725182444,2024,2023-12-31,learned_order_extension,20260911,0.5034201205076809,0.5034201205076809,1,1
shadow_trial,3198,2024-03-29,2024-04-15,-0.0219845815102011,2024,2023-12-31,learned_order_extension,20260911,0.3647496103237538,0.3647496103237538,0,0
shadow_trial,3206,2024-04-12,2024-04-22,0.018045199366633,2024,2023-12-31,learned_order_extension,20260911,0.3866844940005672,0.3866844940005672,0,1
shadow_trial,3211,2024-04-19,2024-04-29,0.0136757744232476,2024,2023-12-31,learned_order_extension,20260911,0.5343459488053159,0.5343459488053159,1,1
shadow_trial,3216,2024-04-26,2024-05-13,0.0172434956786644,2024,2023-12-31,learned_order_extension,20260911,0.513240014593565,0.513240014593565,1,1
shadow_trial,3223,2024-05-10,2024-05-20,0.0097933549988344,2024,2023-12-31,learned_order_extension,20260911,0.3965400007837658,0.3965400007837658,0,1
shadow_trial,3228,2024-05-17,2024-05-27,-0.0204803832637164,2024,2023-12-31,learned_order_extension,20260911,0.45967482999568354,0.45967482999568354,0,0
shadow_trial,3233,2024-05-24,2024-06-03,-0.0081155643048258,2024,2023-12-31,learned_order_extension,20260911,0.4103835614322711,0.4103835614322711,0,0
shadow_trial,3238,2024-05-31,2024-06-11,-0.0060267570121149,2024,2023-12-31,learned_order_extension,20260911,0.483584132532498,0.483584132532498,0,0
shadow_trial,3243,2024-06-07,2024-06-17,-0.0096686558937179,2024,2023-12-31,learned_order_extension,20260911,0.4576789647131029,0.4576789647131029,0,0
shadow_trial,3247,2024-06-14,2024-06-24,-0.013573992457631,2024,2023-12-31,learned_order_extension,20260911,0.5515041025200125,0.5515041025200125,1,0
shadow_trial,3252,2024-06-21,2024-07-01,-0.004427632109257,2024,2023-12-31,learned_order_extension,20260911,0.4894889896317385,0.4894889896317385,0,0
shadow_trial,3257,2024-06-28,2024-07-08,-0.0108320369203009,2024,2023-12-31,learned_order_extension,20260911,0.5121801875037945,0.5121801875037945,1,0
shadow_trial,3262,2024-07-05,2024-07-15,0.0122222871842843,2024,2023-12-31,learned_order_extension,20260911,0.45115521138622566,0.45115521138622566,0,1
shadow_trial,3267,2024-07-12,2024-07-22,0.0218881133018156,2024,2023-12-31,learned_order_extension,20260911,0.5531026546000134,0.5531026546000134,1,1
shadow_trial,3272,2024-07-19,2024-07-29,-0.0378787022382998,2024,2023-12-31,learned_order_extension,20260911,0.43829998086615624,0.43829998086615624,0,0
shadow_trial,3277,2024-07-26,2024-08-05,-0.0124134568216732,2024,2023-12-31,learned_order_extension,20260911,0.5141057686767685,0.5141057686767685,1,0
shadow_trial,3282,2024-08-02,2024-08-12,-0.0102762848330364,2024,2023-12-31,learned_order_extension,20260911,0.41788195157055885,0.41788195157055885,0,0
shadow_trial,3287,2024-08-09,2024-08-19,0.0050186923751938,2024,2023-12-31,learned_order_extension,20260911,0.461166338855283,0.461166338855283,0,1
shadow_trial,3292,2024-08-16,2024-08-26,-0.0040487282687352,2024,2023-12-31,learned_order_extension,20260911,0.3524150315340549,0.3524150315340549,0,0
shadow_trial,3297,2024-08-23,2024-09-02,-0.0069594562136714,2024,2023-12-31,learned_order_extension,20260911,0.3805014561152239,0.3805014561152239,0,0
shadow_trial,3302,2024-08-30,2024-09-09,-0.0280389655151561,2024,2023-12-31,learned_order_extension,20260911,0.3769790143868762,0.3769790143868762,0,0
shadow_trial,3307,2024-09-06,2024-09-18,-0.0174132138857783,2024,2023-12-31,learned_order_extension,20260911,0.4377655525059009,0.4377655525059009,0,0
shadow_trial,3312,2024-09-13,2024-09-24,0.0133119329369826,2024,2023-12-31,learned_order_extension,20260911,0.47634533351149555,0.47634533351149555,0,1
shadow_trial,3315,2024-09-20,2024-09-30,0.2017513988384409,2024,2023-12-31,learned_order_extension,20260911,0.4741196298736314,0.4741196298736314,0,1
shadow_trial,3320,2024-09-27,2024-10-14,0.0178259004588408,2024,2023-12-31,learned_order_extension,20260911,0.6045687657277363,0.6045687657277363,1,1
shadow_trial,3325,2024-10-11,2024-10-21,0.0080914993282625,2024,2023-12-31,learned_order_extension,20260911,0.6645766250551,0.6645766250551,1,1
shadow_trial,3330,2024-10-18,2024-10-28,0.0015733867085561,2024,2023-12-31,learned_order_extension,20260911,0.6217401283532429,0.6217401283532429,1,1
shadow_trial,3335,2024-10-25,2024-11-04,-0.0140142824257356,2024,2023-12-31,learned_order_extension,20260911,0.516035023904667,0.516035023904667,1,0
shadow_trial,3340,2024-11-01,2024-11-11,0.0434152361258277,2024,2023-12-31,learned_order_extension,20260911,0.5005097124804287,0.5005097124804287,1,1
shadow_trial,3345,2024-11-08,2024-11-18,-0.0208584853931589,2024,2023-12-31,learned_order_extension,20260911,0.3862789521746162,0.3862789521746162,0,0
shadow_trial,3350,2024-11-15,2024-11-25,-0.0267421712161923,2024,2023-12-31,learned_order_extension,20260911,0.42164042720008793,0.42164042720008793,0,0
shadow_trial,3355,2024-11-22,2024-12-02,0.0087960346887328,2024,2023-12-31,learned_order_extension,20260911,0.3587358053522859,0.3587358053522859,0,1
shadow_trial,3360,2024-11-29,2024-12-09,0.0155919891551781,2024,2023-12-31,learned_order_extension,20260911,0.5668511595937642,0.5668511595937642,1,1
shadow_trial,3365,2024-12-06,2024-12-16,-0.0100436703218104,2024,2023-12-31,learned_order_extension,20260911,0.4286991101928549,0.4286991101928549,0,0
shadow_trial,3370,2024-12-13,2024-12-23,-0.0006690784017421,2024,2023-12-31,learned_order_extension,20260911,0.2761154663058125,0.2761154663058125,0,0
shadow_trial,3375,2024-12-20,2024-12-30,0.0123595076562756,2024,2023-12-31,learned_order_extension,20260911,0.2681467130129062,0.2681467130129062,0,1
shadow_trial,3380,2024-12-27,2025-01-06,-0.0504714964669198,2024,2023-12-31,learned_order_extension,20260911,0.6253462942157451,0.6253462942157451,1,0
shadow_trial,3144,2024-01-05,2024-01-15,-0.0158038409563566,2024,2023-12-31,learned_order_offset,20260911,0.5039028855862143,0.5039028855862143,1,0
shadow_trial,3149,2024-01-12,2024-01-22,-0.002333261979756,2024,2023-12-31,learned_order_offset,20260911,0.5267036688758374,0.5267036688758374,1,0
shadow_trial,3154,2024-01-19,2024-01-29,0.0223511633823452,2024,2023-12-31,learned_order_offset,20260911,0.6349472157761124,0.6349472157761124,1,1
shadow_trial,3159,2024-01-26,2024-02-05,-0.0513103415192826,2024,2023-12-31,learned_order_offset,20260911,0.5443793909861219,0.5443793909861219,1,0
shadow_trial,3164,2024-02-02,2024-02-26,0.1015374891364462,2024,2023-12-31,learned_order_offset,20260911,0.5451794882867483,0.5451794882867483,1,1
shadow_trial,3173,2024-02-23,2024-03-04,0.0151569053862528,2024,2023-12-31,learned_order_offset,20260911,0.6109679669122872,0.6109679669122872,1,1
shadow_trial,3178,2024-03-01,2024-03-11,0.0021394031715169,2024,2023-12-31,learned_order_offset,20260911,0.5481247094966736,0.5481247094966736,1,1
shadow_trial,3183,2024-03-08,2024-03-18,0.0087762342284414,2024,2023-12-31,learned_order_offset,20260911,0.5633395909983205,0.5633395909983205,1,1
shadow_trial,3188,2024-03-15,2024-03-25,-0.0112802133595746,2024,2023-12-31,learned_order_offset,20260911,0.47094256842793375,0.47094256842793375,0,0
shadow_trial,3193,2024-03-22,2024-04-01,0.0042044725182444,2024,2023-12-31,learned_order_offset,20260911,0.4995363819528175,0.4995363819528175,0,1
shadow_trial,3198,2024-03-29,2024-04-15,-0.0219845815102011,2024,2023-12-31,learned_order_offset,20260911,0.3626011592845029,0.3626011592845029,0,0
shadow_trial,3206,2024-04-12,2024-04-22,0.018045199366633,2024,2023-12-31,learned_order_offset,20260911,0.38475750018966987,0.38475750018966987,0,1
shadow_trial,3211,2024-04-19,2024-04-29,0.0136757744232476,2024,2023-12-31,learned_order_offset,20260911,0.5305043269791333,0.5305043269791333,1,1
shadow_trial,3216,2024-04-26,2024-05-13,0.0172434956786644,2024,2023-12-31,learned_order_offset,20260911,0.5107638404545624,0.5107638404545624,1,1
shadow_trial,3223,2024-05-10,2024-05-20,0.0097933549988344,2024,2023-12-31,learned_order_offset,20260911,0.3967922716976589,0.3967922716976589,0,1
shadow_trial,3228,2024-05-17,2024-05-27,-0.0204803832637164,2024,2023-12-31,learned_order_offset,20260911,0.459025127987619,0.459025127987619,0,0
shadow_trial,3233,2024-05-24,2024-06-03,-0.0081155643048258,2024,2023-12-31,learned_order_offset,20260911,0.40953378651570865,0.40953378651570865,0,0
shadow_trial,3238,2024-05-31,2024-06-11,-0.0060267570121149,2024,2023-12-31,learned_order_offset,20260911,0.48223477976059065,0.48223477976059065,0,0
shadow_trial,3243,2024-06-07,2024-06-17,-0.0096686558937179,2024,2023-12-31,learned_order_offset,20260911,0.456270009415854,0.456270009415854,0,0
shadow_trial,3247,2024-06-14,2024-06-24,-0.013573992457631,2024,2023-12-31,learned_order_offset,20260911,0.5504043507355747,0.5504043507355747,1,0
shadow_trial,3252,2024-06-21,2024-07-01,-0.004427632109257,2024,2023-12-31,learned_order_offset,20260911,0.48936496243955907,0.48936496243955907,0,0
shadow_trial,3257,2024-06-28,2024-07-08,-0.0108320369203009,2024,2023-12-31,learned_order_offset,20260911,0.51219411188397,0.51219411188397,1,0
shadow_trial,3262,2024-07-05,2024-07-15,0.0122222871842843,2024,2023-12-31,learned_order_offset,20260911,0.4508497655906378,0.4508497655906378,0,1
shadow_trial,3267,2024-07-12,2024-07-22,0.0218881133018156,2024,2023-12-31,learned_order_offset,20260911,0.5509513713756881,0.5509513713756881,1,1
shadow_trial,3272,2024-07-19,2024-07-29,-0.0378787022382998,2024,2023-12-31,learned_order_offset,20260911,0.4378580673825642,0.4378580673825642,0,0
shadow_trial,3277,2024-07-26,2024-08-05,-0.0124134568216732,2024,2023-12-31,learned_order_offset,20260911,0.5143054270726866,0.5143054270726866,1,0
shadow_trial,3282,2024-08-02,2024-08-12,-0.0102762848330364,2024,2023-12-31,learned_order_offset,20260911,0.4187543205474362,0.4187543205474362,0,0
shadow_trial,3287,2024-08-09,2024-08-19,0.0050186923751938,2024,2023-12-31,learned_order_offset,20260911,0.46274794534702096,0.46274794534702096,0,1
shadow_trial,3292,2024-08-16,2024-08-26,-0.0040487282687352,2024,2023-12-31,learned_order_offset,20260911,0.35619445584136267,0.35619445584136267,0,0
shadow_trial,3297,2024-08-23,2024-09-02,-0.0069594562136714,2024,2023-12-31,learned_order_offset,20260911,0.3834802143774693,0.3834802143774693,0,0
shadow_trial,3302,2024-08-30,2024-09-09,-0.0280389655151561,2024,2023-12-31,learned_order_offset,20260911,0.37959140825702087,0.37959140825702087,0,0
shadow_trial,3307,2024-09-06,2024-09-18,-0.0174132138857783,2024,2023-12-31,learned_order_offset,20260911,0.4399785205661903,0.4399785205661903,0,0
shadow_trial,3312,2024-09-13,2024-09-24,0.0133119329369826,2024,2023-12-31,learned_order_offset,20260911,0.4763444943146473,0.4763444943146473,0,1
shadow_trial,3315,2024-09-20,2024-09-30,0.2017513988384409,2024,2023-12-31,learned_order_offset,20260911,0.47380763133966547,0.47380763133966547,0,1
shadow_trial,3320,2024-09-27,2024-10-14,0.0178259004588408,2024,2023-12-31,learned_order_offset,20260911,0.6050544676220191,0.6050544676220191,1,1
shadow_trial,3325,2024-10-11,2024-10-21,0.0080914993282625,2024,2023-12-31,learned_order_offset,20260911,0.6643779049639545,0.6643779049639545,1,1
shadow_trial,3330,2024-10-18,2024-10-28,0.0015733867085561,2024,2023-12-31,learned_order_offset,20260911,0.6227872251882844,0.6227872251882844,1,1
shadow_trial,3335,2024-10-25,2024-11-04,-0.0140142824257356,2024,2023-12-31,learned_order_offset,20260911,0.5165538018073565,0.5165538018073565,1,0
shadow_trial,3340,2024-11-01,2024-11-11,0.0434152361258277,2024,2023-12-31,learned_order_offset,20260911,0.5002268984226751,0.5002268984226751,1,1
shadow_trial,3345,2024-11-08,2024-11-18,-0.0208584853931589,2024,2023-12-31,learned_order_offset,20260911,0.3875660008845143,0.3875660008845143,0,0
shadow_trial,3350,2024-11-15,2024-11-25,-0.0267421712161923,2024,2023-12-31,learned_order_offset,20260911,0.42067738369660546,0.42067738369660546,0,0
shadow_trial,3355,2024-11-22,2024-12-02,0.0087960346887328,2024,2023-12-31,learned_order_offset,20260911,0.359617784320977,0.359617784320977,0,1
shadow_trial,3360,2024-11-29,2024-12-09,0.0155919891551781,2024,2023-12-31,learned_order_offset,20260911,0.5668993585118391,0.5668993585118391,1,1
shadow_trial,3365,2024-12-06,2024-12-16,-0.0100436703218104,2024,2023-12-31,learned_order_offset,20260911,0.4285689114501956,0.4285689114501956,0,0
shadow_trial,3370,2024-12-13,2024-12-23,-0.0006690784017421,2024,2023-12-31,learned_order_offset,20260911,0.277133608311407,0.277133608311407,0,0
shadow_trial,3375,2024-12-20,2024-12-30,0.0123595076562756,2024,2023-12-31,learned_order_offset,20260911,0.26960863109736993,0.26960863109736993,0,1
shadow_trial,3380,2024-12-27,2025-01-06,-0.0504714964669198,2024,2023-12-31,learned_order_offset,20260911,0.6241226842198904,0.6241226842198904,1,0
shadow_trial,3144,2024-01-05,2024-01-15,-0.0158038409563566,2024,2023-12-31,native_mse,20260911,0.006524465736805172,,1,0
shadow_trial,3149,2024-01-12,2024-01-22,-0.002333261979756,2024,2023-12-31,native_mse,20260911,0.008213225375018137,,1,0
shadow_trial,3154,2024-01-19,2024-01-29,0.0223511633823452,2024,2023-12-31,native_mse,20260911,0.009988969845384454,,1,1
shadow_trial,3159,2024-01-26,2024-02-05,-0.0513103415192826,2024,2023-12-31,native_mse,20260911,0.007709942184731473,,1,0
shadow_trial,3164,2024-02-02,2024-02-26,0.1015374891364462,2024,2023-12-31,native_mse,20260911,0.006449485928463916,,1,1
shadow_trial,3173,2024-02-23,2024-03-04,0.0151569053862528,2024,2023-12-31,native_mse,20260911,0.010256530380527457,,1,1
shadow_trial,3178,2024-03-01,2024-03-11,0.0021394031715169,2024,2023-12-31,native_mse,20260911,0.00705766649461919,,1,1
shadow_trial,3183,2024-03-08,2024-03-18,0.0087762342284414,2024,2023-12-31,native_mse,20260911,0.008632918878357794,,1,1
shadow_trial,3188,2024-03-15,2024-03-25,-0.0112802133595746,2024,2023-12-31,native_mse,20260911,0.004101422624994645,,1,0
shadow_trial,3193,2024-03-22,2024-04-01,0.0042044725182444,2024,2023-12-31,native_mse,20260911,0.0049895841353934664,,1,1
shadow_trial,3198,2024-03-29,2024-04-15,-0.0219845815102011,2024,2023-12-31,native_mse,20260911,0.0016010611409444046,,1,0
shadow_trial,3206,2024-04-12,2024-04-22,0.018045199366633,2024,2023-12-31,native_mse,20260911,0.001857502186560773,,1,1
shadow_trial,3211,2024-04-19,2024-04-29,0.0136757744232476,2024,2023-12-31,native_mse,20260911,0.009651811290201222,,1,1
shadow_trial,3216,2024-04-26,2024-05-13,0.0172434956786644,2024,2023-12-31,native_mse,20260911,0.005960111287081512,,1,1
shadow_trial,3223,2024-05-10,2024-05-20,0.0097933549988344,2024,2023-12-31,native_mse,20260911,-0.004933376296222066,,0,1
shadow_trial,3228,2024-05-17,2024-05-27,-0.0204803832637164,2024,2023-12-31,native_mse,20260911,-0.003099362011607103,,0,0
shadow_trial,3233,2024-05-24,2024-06-03,-0.0081155643048258,2024,2023-12-31,native_mse,20260911,-0.0038744398417857777,,0,0
shadow_trial,3238,2024-05-31,2024-06-11,-0.0060267570121149,2024,2023-12-31,native_mse,20260911,-0.0020292253039693184,,0,0
shadow_trial,3243,2024-06-07,2024-06-17,-0.0096686558937179,2024,2023-12-31,native_mse,20260911,5.7354393489387904e-05,,1,0
shadow_trial,3247,2024-06-14,2024-06-24,-0.013573992457631,2024,2023-12-31,native_mse,20260911,0.0016373878025280563,,1,0
shadow_trial,3252,2024-06-21,2024-07-01,-0.004427632109257,2024,2023-12-31,native_mse,20260911,0.0027588932782398315,,1,0
shadow_trial,3257,2024-06-28,2024-07-08,-0.0108320369203009,2024,2023-12-31,native_mse,20260911,0.0032470747873102144,,1,0
shadow_trial,3262,2024-07-05,2024-07-15,0.0122222871842843,2024,2023-12-31,native_mse,20260911,0.002652089101692747,,1,1
shadow_trial,3267,2024-07-12,2024-07-22,0.0218881133018156,2024,2023-12-31,native_mse,20260911,0.004450330503533944,,1,1
shadow_trial,3272,2024-07-19,2024-07-29,-0.0378787022382998,2024,2023-12-31,native_mse,20260911,-0.0012744559041647184,,0,0
shadow_trial,3277,2024-07-26,2024-08-05,-0.0124134568216732,2024,2023-12-31,native_mse,20260911,-0.001291795834448832,,0,0
shadow_trial,3282,2024-08-02,2024-08-12,-0.0102762848330364,2024,2023-12-31,native_mse,20260911,-0.002458562952290899,,0,0
shadow_trial,3287,2024-08-09,2024-08-19,0.0050186923751938,2024,2023-12-31,native_mse,20260911,-0.0009352769264030156,,0,1
shadow_trial,3292,2024-08-16,2024-08-26,-0.0040487282687352,2024,2023-12-31,native_mse,20260911,-0.0034014636043486098,,0,0
shadow_trial,3297,2024-08-23,2024-09-02,-0.0069594562136714,2024,2023-12-31,native_mse,20260911,-0.0018665564124188876,,0,0
shadow_trial,3302,2024-08-30,2024-09-09,-0.0280389655151561,2024,2023-12-31,native_mse,20260911,2.766314850337684e-05,,1,0
shadow_trial,3307,2024-09-06,2024-09-18,-0.0174132138857783,2024,2023-12-31,native_mse,20260911,0.0015093996928045017,,1,0
shadow_trial,3312,2024-09-13,2024-09-24,0.0133119329369826,2024,2023-12-31,native_mse,20260911,0.005047902673988417,,1,1
shadow_trial,3315,2024-09-20,2024-09-30,0.2017513988384409,2024,2023-12-31,native_mse,20260911,0.006841795120835749,,1,1
shadow_trial,3320,2024-09-27,2024-10-14,0.0178259004588408,2024,2023-12-31,native_mse,20260911,0.011643607701046107,,1,1
shadow_trial,3325,2024-10-11,2024-10-21,0.0080914993282625,2024,2023-12-31,native_mse,20260911,0.006958055096152153,,1,1
shadow_trial,3330,2024-10-18,2024-10-28,0.0015733867085561,2024,2023-12-31,native_mse,20260911,0.0035488889473533555,,1,1
shadow_trial,3335,2024-10-25,2024-11-04,-0.0140142824257356,2024,2023-12-31,native_mse,20260911,-0.004087166652715301,,0,0
shadow_trial,3340,2024-11-01,2024-11-11,0.0434152361258277,2024,2023-12-31,native_mse,20260911,-0.008879815780234165,,0,1
shadow_trial,3345,2024-11-08,2024-11-18,-0.0208584853931589,2024,2023-12-31,native_mse,20260911,-0.0016665405141504353,,0,0
shadow_trial,3350,2024-11-15,2024-11-25,-0.0267421712161923,2024,2023-12-31,native_mse,20260911,-0.0014397200836903515,,0,0
shadow_trial,3355,2024-11-22,2024-12-02,0.0087960346887328,2024,2023-12-31,native_mse,20260911,-0.00394305191034785,,0,1
shadow_trial,3360,2024-11-29,2024-12-09,0.0155919891551781,2024,2023-12-31,native_mse,20260911,-0.003787046789689023,,0,1
shadow_trial,3365,2024-12-06,2024-12-16,-0.0100436703218104,2024,2023-12-31,native_mse,20260911,-0.0013163950781598383,,0,0
shadow_trial,3370,2024-12-13,2024-12-23,-0.0006690784017421,2024,2023-12-31,native_mse,20260911,-0.007731413237017607,,0,0
shadow_trial,3375,2024-12-20,2024-12-30,0.0123595076562756,2024,2023-12-31,native_mse,20260911,-0.005503589541502588,,0,1
shadow_trial,3380,2024-12-27,2025-01-06,-0.0504714964669198,2024,2023-12-31,native_mse,20260911,0.006049137218951889,,1,0
shadow_trial,3144,2024-01-05,2024-01-15,-0.0158038409563566,2024,2023-12-31,learned_market,20260912,0.5011992069392154,0.5011992069392154,1,0
shadow_trial,3149,2024-01-12,2024-01-22,-0.002333261979756,2024,2023-12-31,learned_market,20260912,0.47277699760132935,0.47277699760132935,0,0
shadow_trial,3154,2024-01-19,2024-01-29,0.0223511633823452,2024,2023-12-31,learned_market,20260912,0.4519385169732587,0.4519385169732587,0,1
shadow_trial,3159,2024-01-26,2024-02-05,-0.0513103415192826,2024,2023-12-31,learned_market,20260912,0.5136187590656476,0.5136187590656476,1,0
shadow_trial,3164,2024-02-02,2024-02-26,0.1015374891364462,2024,2023-12-31,learned_market,20260912,0.5626550395617658,0.5626550395617658,1,1
shadow_trial,3173,2024-02-23,2024-03-04,0.0151569053862528,2024,2023-12-31,learned_market,20260912,0.4999534810647158,0.4999534810647158,0,1
shadow_trial,3178,2024-03-01,2024-03-11,0.0021394031715169,2024,2023-12-31,learned_market,20260912,0.5749313458355619,0.5749313458355619,1,1
shadow_trial,3183,2024-03-08,2024-03-18,0.0087762342284414,2024,2023-12-31,learned_market,20260912,0.5879570158742811,0.5879570158742811,1,1
shadow_trial,3188,2024-03-15,2024-03-25,-0.0112802133595746,2024,2023-12-31,learned_market,20260912,0.48185973058558346,0.48185973058558346,0,0
shadow_trial,3193,2024-03-22,2024-04-01,0.0042044725182444,2024,2023-12-31,learned_market,20260912,0.5819259306110321,0.5819259306110321,1,1
shadow_trial,3198,2024-03-29,2024-04-15,-0.0219845815102011,2024,2023-12-31,learned_market,20260912,0.5513216063045803,0.5513216063045803,1,0
shadow_trial,3206,2024-04-12,2024-04-22,0.018045199366633,2024,2023-12-31,learned_market,20260912,0.5884547036684491,0.5884547036684491,1,1
shadow_trial,3211,2024-04-19,2024-04-29,0.0136757744232476,2024,2023-12-31,learned_market,20260912,0.6010925671138769,0.6010925671138769,1,1
shadow_trial,3216,2024-04-26,2024-05-13,0.0172434956786644,2024,2023-12-31,learned_market,20260912,0.44046614548943686,0.44046614548943686,0,1
shadow_trial,3223,2024-05-10,2024-05-20,0.0097933549988344,2024,2023-12-31,learned_market,20260912,0.26259823398744064,0.26259823398744064,0,1
shadow_trial,3228,2024-05-17,2024-05-27,-0.0204803832637164,2024,2023-12-31,learned_market,20260912,0.25562213134474004,0.25562213134474004,0,0
shadow_trial,3233,2024-05-24,2024-06-03,-0.0081155643048258,2024,2023-12-31,learned_market,20260912,0.29490360620746897,0.29490360620746897,0,0
shadow_trial,3238,2024-05-31,2024-06-11,-0.0060267570121149,2024,2023-12-31,learned_market,20260912,0.3110520233043453,0.3110520233043453,0,0
shadow_trial,3243,2024-06-07,2024-06-17,-0.0096686558937179,2024,2023-12-31,learned_market,20260912,0.3842886357568022,0.3842886357568022,0,0
shadow_trial,3247,2024-06-14,2024-06-24,-0.013573992457631,2024,2023-12-31,learned_market,20260912,0.4060511684917983,0.4060511684917983,0,0
shadow_trial,3252,2024-06-21,2024-07-01,-0.004427632109257,2024,2023-12-31,learned_market,20260912,0.44936005072663476,0.44936005072663476,0,0
shadow_trial,3257,2024-06-28,2024-07-08,-0.0108320369203009,2024,2023-12-31,learned_market,20260912,0.43297494254632307,0.43297494254632307,0,0
shadow_trial,3262,2024-07-05,2024-07-15,0.0122222871842843,2024,2023-12-31,learned_market,20260912,0.6034793238713074,0.6034793238713074,1,1
shadow_trial,3267,2024-07-12,2024-07-22,0.0218881133018156,2024,2023-12-31,learned_market,20260912,0.5610794385801106,0.5610794385801106,1,1
shadow_trial,3272,2024-07-19,2024-07-29,-0.0378787022382998,2024,2023-12-31,learned_market,20260912,0.47508444844981573,0.47508444844981573,0,0
shadow_trial,3277,2024-07-26,2024-08-05,-0.0124134568216732,2024,2023-12-31,learned_market,20260912,0.6067866221715498,0.6067866221715498,1,0
shadow_trial,3282,2024-08-02,2024-08-12,-0.0102762848330364,2024,2023-12-31,learned_market,20260912,0.5988840805331399,0.5988840805331399,1,0
shadow_trial,3287,2024-08-09,2024-08-19,0.0050186923751938,2024,2023-12-31,learned_market,20260912,0.49990964765168316,0.49990964765168316,0,1
shadow_trial,3292,2024-08-16,2024-08-26,-0.0040487282687352,2024,2023-12-31,learned_market,20260912,0.386114932843502,0.386114932843502,0,0
shadow_trial,3297,2024-08-23,2024-09-02,-0.0069594562136714,2024,2023-12-31,learned_market,20260912,0.29793160550776904,0.29793160550776904,0,0
shadow_trial,3302,2024-08-30,2024-09-09,-0.0280389655151561,2024,2023-12-31,learned_market,20260912,0.3333966760605091,0.3333966760605091,0,0
shadow_trial,3307,2024-09-06,2024-09-18,-0.0174132138857783,2024,2023-12-31,learned_market,20260912,0.4055616172512009,0.4055616172512009,0,0
shadow_trial,3312,2024-09-13,2024-09-24,0.0133119329369826,2024,2023-12-31,learned_market,20260912,0.38664422840881285,0.38664422840881285,0,1
shadow_trial,3315,2024-09-20,2024-09-30,0.2017513988384409,2024,2023-12-31,learned_market,20260912,0.4117180714207147,0.4117180714207147,0,1
shadow_trial,3320,2024-09-27,2024-10-14,0.0178259004588408,2024,2023-12-31,learned_market,20260912,0.42243022170956096,0.42243022170956096,0,1
shadow_trial,3325,2024-10-11,2024-10-21,0.0080914993282625,2024,2023-12-31,learned_market,20260912,0.6391238419546599,0.6391238419546599,1,1
shadow_trial,3330,2024-10-18,2024-10-28,0.0015733867085561,2024,2023-12-31,learned_market,20260912,0.7479133612500116,0.7479133612500116,1,1
shadow_trial,3335,2024-10-25,2024-11-04,-0.0140142824257356,2024,2023-12-31,learned_market,20260912,0.7047213785907145,0.7047213785907145,1,0
shadow_trial,3340,2024-11-01,2024-11-11,0.0434152361258277,2024,2023-12-31,learned_market,20260912,0.7564382143782475,0.7564382143782475,1,1
shadow_trial,3345,2024-11-08,2024-11-18,-0.0208584853931589,2024,2023-12-31,learned_market,20260912,0.6534693612294474,0.6534693612294474,1,0
shadow_trial,3350,2024-11-15,2024-11-25,-0.0267421712161923,2024,2023-12-31,learned_market,20260912,0.6053975436260323,0.6053975436260323,1,0
shadow_trial,3355,2024-11-22,2024-12-02,0.0087960346887328,2024,2023-12-31,learned_market,20260912,0.6365936876664182,0.6365936876664182,1,1
shadow_trial,3360,2024-11-29,2024-12-09,0.0155919891551781,2024,2023-12-31,learned_market,20260912,0.5579955410836633,0.5579955410836633,1,1
shadow_trial,3365,2024-12-06,2024-12-16,-0.0100436703218104,2024,2023-12-31,learned_market,20260912,0.541404145848568,0.541404145848568,1,0
shadow_trial,3370,2024-12-13,2024-12-23,-0.0006690784017421,2024,2023-12-31,learned_market,20260912,0.39882455300182545,0.39882455300182545,0,0
shadow_trial,3375,2024-12-20,2024-12-30,0.0123595076562756,2024,2023-12-31,learned_market,20260912,0.3151494536061462,0.3151494536061462,0,1
shadow_trial,3380,2024-12-27,2025-01-06,-0.0504714964669198,2024,2023-12-31,learned_market,20260912,0.28110990925447626,0.28110990925447626,0,0
shadow_trial,3144,2024-01-05,2024-01-15,-0.0158038409563566,2024,2023-12-31,learned_vol_interaction,20260912,0.4952442890139834,0.4952442890139834,0,0
shadow_trial,3149,2024-01-12,2024-01-22,-0.002333261979756,2024,2023-12-31,learned_vol_interaction,20260912,0.46734394081550534,0.46734394081550534,0,0
shadow_trial,3154,2024-01-19,2024-01-29,0.0223511633823452,2024,2023-12-31,learned_vol_interaction,20260912,0.4458542659590224,0.4458542659590224,0,1
shadow_trial,3159,2024-01-26,2024-02-05,-0.0513103415192826,2024,2023-12-31,learned_vol_interaction,20260912,0.5051200250772759,0.5051200250772759,1,0
shadow_trial,3164,2024-02-02,2024-02-26,0.1015374891364462,2024,2023-12-31,learned_vol_interaction,20260912,0.5544379606615297,0.5544379606615297,1,1
shadow_trial,3173,2024-02-23,2024-03-04,0.0151569053862528,2024,2023-12-31,learned_vol_interaction,20260912,0.4830624305901862,0.4830624305901862,0,1
shadow_trial,3178,2024-03-01,2024-03-11,0.0021394031715169,2024,2023-12-31,learned_vol_interaction,20260912,0.5592748903954966,0.5592748903954966,1,1
shadow_trial,3183,2024-03-08,2024-03-18,0.0087762342284414,2024,2023-12-31,learned_vol_interaction,20260912,0.5740363843191351,0.5740363843191351,1,1
shadow_trial,3188,2024-03-15,2024-03-25,-0.0112802133595746,2024,2023-12-31,learned_vol_interaction,20260912,0.4809004633653104,0.4809004633653104,0,0
shadow_trial,3193,2024-03-22,2024-04-01,0.0042044725182444,2024,2023-12-31,learned_vol_interaction,20260912,0.5933081539859947,0.5933081539859947,1,1
shadow_trial,3198,2024-03-29,2024-04-15,-0.0219845815102011,2024,2023-12-31,learned_vol_interaction,20260912,0.5653073701837698,0.5653073701837698,1,0
shadow_trial,3206,2024-04-12,2024-04-22,0.018045199366633,2024,2023-12-31,learned_vol_interaction,20260912,0.6033137229015121,0.6033137229015121,1,1
shadow_trial,3211,2024-04-19,2024-04-29,0.0136757744232476,2024,2023-12-31,learned_vol_interaction,20260912,0.6013392386798665,0.6013392386798665,1,1
shadow_trial,3216,2024-04-26,2024-05-13,0.0172434956786644,2024,2023-12-31,learned_vol_interaction,20260912,0.43642493305163865,0.43642493305163865,0,1
shadow_trial,3223,2024-05-10,2024-05-20,0.0097933549988344,2024,2023-12-31,learned_vol_interaction,20260912,0.26616465038111153,0.26616465038111153,0,1
shadow_trial,3228,2024-05-17,2024-05-27,-0.0204803832637164,2024,2023-12-31,learned_vol_interaction,20260912,0.2488786215709529,0.2488786215709529,0,0
shadow_trial,3233,2024-05-24,2024-06-03,-0.0081155643048258,2024,2023-12-31,learned_vol_interaction,20260912,0.28744477926146755,0.28744477926146755,0,0
shadow_trial,3238,2024-05-31,2024-06-11,-0.0060267570121149,2024,2023-12-31,learned_vol_interaction,20260912,0.3030632705456588,0.3030632705456588,0,0
shadow_trial,3243,2024-06-07,2024-06-17,-0.0096686558937179,2024,2023-12-31,learned_vol_interaction,20260912,0.3753543443366508,0.3753543443366508,0,0
shadow_trial,3247,2024-06-14,2024-06-24,-0.013573992457631,2024,2023-12-31,learned_vol_interaction,20260912,0.397914021804278,0.397914021804278,0,0
shadow_trial,3252,2024-06-21,2024-07-01,-0.004427632109257,2024,2023-12-31,learned_vol_interaction,20260912,0.45060839168891526,0.45060839168891526,0,0
shadow_trial,3257,2024-06-28,2024-07-08,-0.0108320369203009,2024,2023-12-31,learned_vol_interaction,20260912,0.42556707786565773,0.42556707786565773,0,0
shadow_trial,3262,2024-07-05,2024-07-15,0.0122222871842843,2024,2023-12-31,learned_vol_interaction,20260912,0.6195668960408595,0.6195668960408595,1,1
shadow_trial,3267,2024-07-12,2024-07-22,0.0218881133018156,2024,2023-12-31,learned_vol_interaction,20260912,0.5647279382660869,0.5647279382660869,1,1
shadow_trial,3272,2024-07-19,2024-07-29,-0.0378787022382998,2024,2023-12-31,learned_vol_interaction,20260912,0.4675814127015745,0.4675814127015745,0,0
shadow_trial,3277,2024-07-26,2024-08-05,-0.0124134568216732,2024,2023-12-31,learned_vol_interaction,20260912,0.6123160507995845,0.6123160507995845,1,0
shadow_trial,3282,2024-08-02,2024-08-12,-0.0102762848330364,2024,2023-12-31,learned_vol_interaction,20260912,0.5993027434239192,0.5993027434239192,1,0
shadow_trial,3287,2024-08-09,2024-08-19,0.0050186923751938,2024,2023-12-31,learned_vol_interaction,20260912,0.49286935350004685,0.49286935350004685,0,1
shadow_trial,3292,2024-08-16,2024-08-26,-0.0040487282687352,2024,2023-12-31,learned_vol_interaction,20260912,0.37415507577043683,0.37415507577043683,0,0
shadow_trial,3297,2024-08-23,2024-09-02,-0.0069594562136714,2024,2023-12-31,learned_vol_interaction,20260912,0.2775486555086619,0.2775486555086619,0,0
shadow_trial,3302,2024-08-30,2024-09-09,-0.0280389655151561,2024,2023-12-31,learned_vol_interaction,20260912,0.3043107501623469,0.3043107501623469,0,0
shadow_trial,3307,2024-09-06,2024-09-18,-0.0174132138857783,2024,2023-12-31,learned_vol_interaction,20260912,0.391111048873372,0.391111048873372,0,0
shadow_trial,3312,2024-09-13,2024-09-24,0.0133119329369826,2024,2023-12-31,learned_vol_interaction,20260912,0.36688921505206057,0.36688921505206057,0,1
shadow_trial,3315,2024-09-20,2024-09-30,0.2017513988384409,2024,2023-12-31,learned_vol_interaction,20260912,0.3927215894593369,0.3927215894593369,0,1
shadow_trial,3320,2024-09-27,2024-10-14,0.0178259004588408,2024,2023-12-31,learned_vol_interaction,20260912,0.4442843434187072,0.4442843434187072,0,1
shadow_trial,3325,2024-10-11,2024-10-21,0.0080914993282625,2024,2023-12-31,learned_vol_interaction,20260912,0.6154592441744525,0.6154592441744525,1,1
shadow_trial,3330,2024-10-18,2024-10-28,0.0015733867085561,2024,2023-12-31,learned_vol_interaction,20260912,0.6984112732542341,0.6984112732542341,1,1
shadow_trial,3335,2024-10-25,2024-11-04,-0.0140142824257356,2024,2023-12-31,learned_vol_interaction,20260912,0.6614014700577392,0.6614014700577392,1,0
shadow_trial,3340,2024-11-01,2024-11-11,0.0434152361258277,2024,2023-12-31,learned_vol_interaction,20260912,0.6960317071765945,0.6960317071765945,1,1
shadow_trial,3345,2024-11-08,2024-11-18,-0.0208584853931589,2024,2023-12-31,learned_vol_interaction,20260912,0.627992228455405,0.627992228455405,1,0
shadow_trial,3350,2024-11-15,2024-11-25,-0.0267421712161923,2024,2023-12-31,learned_vol_interaction,20260912,0.600402896142829,0.600402896142829,1,0
shadow_trial,3355,2024-11-22,2024-12-02,0.0087960346887328,2024,2023-12-31,learned_vol_interaction,20260912,0.6257055825822537,0.6257055825822537,1,1
shadow_trial,3360,2024-11-29,2024-12-09,0.0155919891551781,2024,2023-12-31,learned_vol_interaction,20260912,0.5403979506938085,0.5403979506938085,1,1
shadow_trial,3365,2024-12-06,2024-12-16,-0.0100436703218104,2024,2023-12-31,learned_vol_interaction,20260912,0.5359614220710596,0.5359614220710596,1,0
shadow_trial,3370,2024-12-13,2024-12-23,-0.0006690784017421,2024,2023-12-31,learned_vol_interaction,20260912,0.4004266447398538,0.4004266447398538,0,0
shadow_trial,3375,2024-12-20,2024-12-30,0.0123595076562756,2024,2023-12-31,learned_vol_interaction,20260912,0.3173047617142704,0.3173047617142704,0,1
shadow_trial,3380,2024-12-27,2025-01-06,-0.0504714964669198,2024,2023-12-31,learned_vol_interaction,20260912,0.27582764169478674,0.27582764169478674,0,0
shadow_trial,3144,2024-01-05,2024-01-15,-0.0158038409563566,2024,2023-12-31,learned_order_extension,20260912,0.5535119994762409,0.5535119994762409,1,0
shadow_trial,3149,2024-01-12,2024-01-22,-0.002333261979756,2024,2023-12-31,learned_order_extension,20260912,0.48736548091739423,0.48736548091739423,0,0
shadow_trial,3154,2024-01-19,2024-01-29,0.0223511633823452,2024,2023-12-31,learned_order_extension,20260912,0.4215435053964147,0.4215435053964147,0,1
shadow_trial,3159,2024-01-26,2024-02-05,-0.0513103415192826,2024,2023-12-31,learned_order_extension,20260912,0.48649269504735876,0.48649269504735876,0,0
shadow_trial,3164,2024-02-02,2024-02-26,0.1015374891364462,2024,2023-12-31,learned_order_extension,20260912,0.5496050819275686,0.5496050819275686,1,1
shadow_trial,3173,2024-02-23,2024-03-04,0.0151569053862528,2024,2023-12-31,learned_order_extension,20260912,0.4386082807089806,0.4386082807089806,0,1
shadow_trial,3178,2024-03-01,2024-03-11,0.0021394031715169,2024,2023-12-31,learned_order_extension,20260912,0.46924981751922445,0.46924981751922445,0,1
shadow_trial,3183,2024-03-08,2024-03-18,0.0087762342284414,2024,2023-12-31,learned_order_extension,20260912,0.4701956287186797,0.4701956287186797,0,1
shadow_trial,3188,2024-03-15,2024-03-25,-0.0112802133595746,2024,2023-12-31,learned_order_extension,20260912,0.41374971985365583,0.41374971985365583,0,0
shadow_trial,3193,2024-03-22,2024-04-01,0.0042044725182444,2024,2023-12-31,learned_order_extension,20260912,0.4779698312307604,0.4779698312307604,0,1
shadow_trial,3198,2024-03-29,2024-04-15,-0.0219845815102011,2024,2023-12-31,learned_order_extension,20260912,0.47494867441409877,0.47494867441409877,0,0
shadow_trial,3206,2024-04-12,2024-04-22,0.018045199366633,2024,2023-12-31,learned_order_extension,20260912,0.4521631675666491,0.4521631675666491,0,1
shadow_trial,3211,2024-04-19,2024-04-29,0.0136757744232476,2024,2023-12-31,learned_order_extension,20260912,0.46878386183965415,0.46878386183965415,0,1
shadow_trial,3216,2024-04-26,2024-05-13,0.0172434956786644,2024,2023-12-31,learned_order_extension,20260912,0.43436499150897173,0.43436499150897173,0,1
shadow_trial,3223,2024-05-10,2024-05-20,0.0097933549988344,2024,2023-12-31,learned_order_extension,20260912,0.38174358105162726,0.38174358105162726,0,1
shadow_trial,3228,2024-05-17,2024-05-27,-0.0204803832637164,2024,2023-12-31,learned_order_extension,20260912,0.35464216087181455,0.35464216087181455,0,0
shadow_trial,3233,2024-05-24,2024-06-03,-0.0081155643048258,2024,2023-12-31,learned_order_extension,20260912,0.3707564745857874,0.3707564745857874,0,0
shadow_trial,3238,2024-05-31,2024-06-11,-0.0060267570121149,2024,2023-12-31,learned_order_extension,20260912,0.3486366599267159,0.3486366599267159,0,0
shadow_trial,3243,2024-06-07,2024-06-17,-0.0096686558937179,2024,2023-12-31,learned_order_extension,20260912,0.40347652723788147,0.40347652723788147,0,0
shadow_trial,3247,2024-06-14,2024-06-24,-0.013573992457631,2024,2023-12-31,learned_order_extension,20260912,0.4129717305667233,0.4129717305667233,0,0
shadow_trial,3252,2024-06-21,2024-07-01,-0.004427632109257,2024,2023-12-31,learned_order_extension,20260912,0.4595021392734005,0.4595021392734005,0,0
shadow_trial,3257,2024-06-28,2024-07-08,-0.0108320369203009,2024,2023-12-31,learned_order_extension,20260912,0.4553896778333283,0.4553896778333283,0,0
shadow_trial,3262,2024-07-05,2024-07-15,0.0122222871842843,2024,2023-12-31,learned_order_extension,20260912,0.6482583591356186,0.6482583591356186,1,1
shadow_trial,3267,2024-07-12,2024-07-22,0.0218881133018156,2024,2023-12-31,learned_order_extension,20260912,0.5768939392068954,0.5768939392068954,1,1
shadow_trial,3272,2024-07-19,2024-07-29,-0.0378787022382998,2024,2023-12-31,learned_order_extension,20260912,0.5138214723605654,0.5138214723605654,1,0
shadow_trial,3277,2024-07-26,2024-08-05,-0.0124134568216732,2024,2023-12-31,learned_order_extension,20260912,0.6251892673443031,0.6251892673443031,1,0
shadow_trial,3282,2024-08-02,2024-08-12,-0.0102762848330364,2024,2023-12-31,learned_order_extension,20260912,0.6275315784950272,0.6275315784950272,1,0
shadow_trial,3287,2024-08-09,2024-08-19,0.0050186923751938,2024,2023-12-31,learned_order_extension,20260912,0.5359642347219611,0.5359642347219611,1,1
shadow_trial,3292,2024-08-16,2024-08-26,-0.0040487282687352,2024,2023-12-31,learned_order_extension,20260912,0.42012358052309684,0.42012358052309684,0,0
shadow_trial,3297,2024-08-23,2024-09-02,-0.0069594562136714,2024,2023-12-31,learned_order_extension,20260912,0.382715542188067,0.382715542188067,0,0
shadow_trial,3302,2024-08-30,2024-09-09,-0.0280389655151561,2024,2023-12-31,learned_order_extension,20260912,0.4020856235184914,0.4020856235184914,0,0
shadow_trial,3307,2024-09-06,2024-09-18,-0.0174132138857783,2024,2023-12-31,learned_order_extension,20260912,0.4515132387885508,0.4515132387885508,0,0
shadow_trial,3312,2024-09-13,2024-09-24,0.0133119329369826,2024,2023-12-31,learned_order_extension,20260912,0.41574811043305754,0.41574811043305754,0,1
shadow_trial,3315,2024-09-20,2024-09-30,0.2017513988384409,2024,2023-12-31,learned_order_extension,20260912,0.4804948585987177,0.4804948585987177,0,1
shadow_trial,3320,2024-09-27,2024-10-14,0.0178259004588408,2024,2023-12-31,learned_order_extension,20260912,0.576228156163883,0.576228156163883,1,1
shadow_trial,3325,2024-10-11,2024-10-21,0.0080914993282625,2024,2023-12-31,learned_order_extension,20260912,0.5860467122529138,0.5860467122529138,1,1
shadow_trial,3330,2024-10-18,2024-10-28,0.0015733867085561,2024,2023-12-31,learned_order_extension,20260912,0.612479916640697,0.612479916640697,1,1
shadow_trial,3335,2024-10-25,2024-11-04,-0.0140142824257356,2024,2023-12-31,learned_order_extension,20260912,0.5803945500365179,0.5803945500365179,1,0
shadow_trial,3340,2024-11-01,2024-11-11,0.0434152361258277,2024,2023-12-31,learned_order_extension,20260912,0.5735861212793831,0.5735861212793831,1,1
shadow_trial,3345,2024-11-08,2024-11-18,-0.0208584853931589,2024,2023-12-31,learned_order_extension,20260912,0.5817441245707554,0.5817441245707554,1,0
shadow_trial,3350,2024-11-15,2024-11-25,-0.0267421712161923,2024,2023-12-31,learned_order_extension,20260912,0.566996458597694,0.566996458597694,1,0
shadow_trial,3355,2024-11-22,2024-12-02,0.0087960346887328,2024,2023-12-31,learned_order_extension,20260912,0.6308649379708478,0.6308649379708478,1,1
shadow_trial,3360,2024-11-29,2024-12-09,0.0155919891551781,2024,2023-12-31,learned_order_extension,20260912,0.5481166154807285,0.5481166154807285,1,1
shadow_trial,3365,2024-12-06,2024-12-16,-0.0100436703218104,2024,2023-12-31,learned_order_extension,20260912,0.5160872470925407,0.5160872470925407,1,0
shadow_trial,3370,2024-12-13,2024-12-23,-0.0006690784017421,2024,2023-12-31,learned_order_extension,20260912,0.3979505994458215,0.3979505994458215,0,0
shadow_trial,3375,2024-12-20,2024-12-30,0.0123595076562756,2024,2023-12-31,learned_order_extension,20260912,0.2883934543425278,0.2883934543425278,0,1
shadow_trial,3380,2024-12-27,2025-01-06,-0.0504714964669198,2024,2023-12-31,learned_order_extension,20260912,0.2139925614407288,0.2139925614407288,0,0
shadow_trial,3144,2024-01-05,2024-01-15,-0.0158038409563566,2024,2023-12-31,learned_order_offset,20260912,0.555524023910941,0.555524023910941,1,0
shadow_trial,3149,2024-01-12,2024-01-22,-0.002333261979756,2024,2023-12-31,learned_order_offset,20260912,0.4886344435127239,0.4886344435127239,0,0
shadow_trial,3154,2024-01-19,2024-01-29,0.0223511633823452,2024,2023-12-31,learned_order_offset,20260912,0.4229445653552536,0.4229445653552536,0,1
shadow_trial,3159,2024-01-26,2024-02-05,-0.0513103415192826,2024,2023-12-31,learned_order_offset,20260912,0.4868819752675603,0.4868819752675603,0,0
shadow_trial,3164,2024-02-02,2024-02-26,0.1015374891364462,2024,2023-12-31,learned_order_offset,20260912,0.5512261346233363,0.5512261346233363,1,1
shadow_trial,3173,2024-02-23,2024-03-04,0.0151569053862528,2024,2023-12-31,learned_order_offset,20260912,0.4383060233141652,0.4383060233141652,0,1
shadow_trial,3178,2024-03-01,2024-03-11,0.0021394031715169,2024,2023-12-31,learned_order_offset,20260912,0.4671863792327489,0.4671863792327489,0,1
shadow_trial,3183,2024-03-08,2024-03-18,0.0087762342284414,2024,2023-12-31,learned_order_offset,20260912,0.4682690873666851,0.4682690873666851,0,1
shadow_trial,3188,2024-03-15,2024-03-25,-0.0112802133595746,2024,2023-12-31,learned_order_offset,20260912,0.410883959095752,0.410883959095752,0,0
shadow_trial,3193,2024-03-22,2024-04-01,0.0042044725182444,2024,2023-12-31,learned_order_offset,20260912,0.4736922823747903,0.4736922823747903,0,1
shadow_trial,3198,2024-03-29,2024-04-15,-0.0219845815102011,2024,2023-12-31,learned_order_offset,20260912,0.4721761686206615,0.4721761686206615,0,0
shadow_trial,3206,2024-04-12,2024-04-22,0.018045199366633,2024,2023-12-31,learned_order_offset,20260912,0.44900290436109536,0.44900290436109536,0,1
shadow_trial,3211,2024-04-19,2024-04-29,0.0136757744232476,2024,2023-12-31,learned_order_offset,20260912,0.4666007685534335,0.4666007685534335,0,1
shadow_trial,3216,2024-04-26,2024-05-13,0.0172434956786644,2024,2023-12-31,learned_order_offset,20260912,0.4343770329705723,0.4343770329705723,0,1
shadow_trial,3223,2024-05-10,2024-05-20,0.0097933549988344,2024,2023-12-31,learned_order_offset,20260912,0.3824496760888333,0.3824496760888333,0,1
shadow_trial,3228,2024-05-17,2024-05-27,-0.0204803832637164,2024,2023-12-31,learned_order_offset,20260912,0.35711137240492025,0.35711137240492025,0,0
shadow_trial,3233,2024-05-24,2024-06-03,-0.0081155643048258,2024,2023-12-31,learned_order_offset,20260912,0.3737645520851825,0.3737645520851825,0,0
shadow_trial,3238,2024-05-31,2024-06-11,-0.0060267570121149,2024,2023-12-31,learned_order_offset,20260912,0.3510285369082652,0.3510285369082652,0,0
shadow_trial,3243,2024-06-07,2024-06-17,-0.0096686558937179,2024,2023-12-31,learned_order_offset,20260912,0.4052492624281903,0.4052492624281903,0,0
shadow_trial,3247,2024-06-14,2024-06-24,-0.013573992457631,2024,2023-12-31,learned_order_offset,20260912,0.41450780904711865,0.41450780904711865,0,0
shadow_trial,3252,2024-06-21,2024-07-01,-0.004427632109257,2024,2023-12-31,learned_order_offset,20260912,0.46004587730144675,0.46004587730144675,0,0
shadow_trial,3257,2024-06-28,2024-07-08,-0.0108320369203009,2024,2023-12-31,learned_order_offset,20260912,0.4589655459892309,0.4589655459892309,0,0
shadow_trial,3262,2024-07-05,2024-07-15,0.0122222871842843,2024,2023-12-31,learned_order_offset,20260912,0.6488790466154806,0.6488790466154806,1,1
shadow_trial,3267,2024-07-12,2024-07-22,0.0218881133018156,2024,2023-12-31,learned_order_offset,20260912,0.5774913316908258,0.5774913316908258,1,1
shadow_trial,3272,2024-07-19,2024-07-29,-0.0378787022382998,2024,2023-12-31,learned_order_offset,20260912,0.5157601153269719,0.5157601153269719,1,0
shadow_trial,3277,2024-07-26,2024-08-05,-0.0124134568216732,2024,2023-12-31,learned_order_offset,20260912,0.6244882450131677,0.6244882450131677,1,0
shadow_trial,3282,2024-08-02,2024-08-12,-0.0102762848330364,2024,2023-12-31,learned_order_offset,20260912,0.6270675399861252,0.6270675399861252,1,0
shadow_trial,3287,2024-08-09,2024-08-19,0.0050186923751938,2024,2023-12-31,learned_order_offset,20260912,0.5377555905505339,0.5377555905505339,1,1
shadow_trial,3292,2024-08-16,2024-08-26,-0.0040487282687352,2024,2023-12-31,learned_order_offset,20260912,0.42279669771745343,0.42279669771745343,0,0
shadow_trial,3297,2024-08-23,2024-09-02,-0.0069594562136714,2024,2023-12-31,learned_order_offset,20260912,0.3863647344348675,0.3863647344348675,0,0
shadow_trial,3302,2024-08-30,2024-09-09,-0.0280389655151561,2024,2023-12-31,learned_order_offset,20260912,0.4062697859689684,0.4062697859689684,0,0
shadow_trial,3307,2024-09-06,2024-09-18,-0.0174132138857783,2024,2023-12-31,learned_order_offset,20260912,0.45448430889716435,0.45448430889716435,0,0
shadow_trial,3312,2024-09-13,2024-09-24,0.0133119329369826,2024,2023-12-31,learned_order_offset,20260912,0.41946199575362714,0.41946199575362714,0,1
shadow_trial,3315,2024-09-20,2024-09-30,0.2017513988384409,2024,2023-12-31,learned_order_offset,20260912,0.48448722299654073,0.48448722299654073,0,1
shadow_trial,3320,2024-09-27,2024-10-14,0.0178259004588408,2024,2023-12-31,learned_order_offset,20260912,0.5746740950620535,0.5746740950620535,1,1
shadow_trial,3325,2024-10-11,2024-10-21,0.0080914993282625,2024,2023-12-31,learned_order_offset,20260912,0.5862386145900477,0.5862386145900477,1,1
shadow_trial,3330,2024-10-18,2024-10-28,0.0015733867085561,2024,2023-12-31,learned_order_offset,20260912,0.6125407697732707,0.6125407697732707,1,1
shadow_trial,3335,2024-10-25,2024-11-04,-0.0140142824257356,2024,2023-12-31,learned_order_offset,20260912,0.5782982032930605,0.5782982032930605,1,0
shadow_trial,3340,2024-11-01,2024-11-11,0.0434152361258277,2024,2023-12-31,learned_order_offset,20260912,0.5719000509394175,0.5719000509394175,1,1
shadow_trial,3345,2024-11-08,2024-11-18,-0.0208584853931589,2024,2023-12-31,learned_order_offset,20260912,0.5792076167183184,0.5792076167183184,1,0
shadow_trial,3350,2024-11-15,2024-11-25,-0.0267421712161923,2024,2023-12-31,learned_order_offset,20260912,0.5639088935846646,0.5639088935846646,1,0
shadow_trial,3355,2024-11-22,2024-12-02,0.0087960346887328,2024,2023-12-31,learned_order_offset,20260912,0.6291616290547493,0.6291616290547493,1,1
shadow_trial,3360,2024-11-29,2024-12-09,0.0155919891551781,2024,2023-12-31,learned_order_offset,20260912,0.5470802465571543,0.5470802465571543,1,1
shadow_trial,3365,2024-12-06,2024-12-16,-0.0100436703218104,2024,2023-12-31,learned_order_offset,20260912,0.5150626516103205,0.5150626516103205,1,0
shadow_trial,3370,2024-12-13,2024-12-23,-0.0006690784017421,2024,2023-12-31,learned_order_offset,20260912,0.3987822872324129,0.3987822872324129,0,0
shadow_trial,3375,2024-12-20,2024-12-30,0.0123595076562756,2024,2023-12-31,learned_order_offset,20260912,0.2901534172352464,0.2901534172352464,0,1
shadow_trial,3380,2024-12-27,2025-01-06,-0.0504714964669198,2024,2023-12-31,learned_order_offset,20260912,0.2168218722083948,0.2168218722083948,0,0
shadow_trial,3144,2024-01-05,2024-01-15,-0.0158038409563566,2024,2023-12-31,native_mse,20260912,0.001652613648937757,,1,0
shadow_trial,3149,2024-01-12,2024-01-22,-0.002333261979756,2024,2023-12-31,native_mse,20260912,0.0017566823014709063,,1,0
shadow_trial,3154,2024-01-19,2024-01-29,0.0223511633823452,2024,2023-12-31,native_mse,20260912,0.0017349357863463528,,1,1
shadow_trial,3159,2024-01-26,2024-02-05,-0.0513103415192826,2024,2023-12-31,native_mse,20260912,0.0017756045446650414,,1,0
shadow_trial,3164,2024-02-02,2024-02-26,0.1015374891364462,2024,2023-12-31,native_mse,20260912,0.0017702651342618495,,1,1
shadow_trial,3173,2024-02-23,2024-03-04,0.0151569053862528,2024,2023-12-31,native_mse,20260912,0.0018705013508167863,,1,1
shadow_trial,3178,2024-03-01,2024-03-11,0.0021394031715169,2024,2023-12-31,native_mse,20260912,0.0020966839632058165,,1,1
shadow_trial,3183,2024-03-08,2024-03-18,0.0087762342284414,2024,2023-12-31,native_mse,20260912,0.0021229030867072935,,1,1
shadow_trial,3188,2024-03-15,2024-03-25,-0.0112802133595746,2024,2023-12-31,native_mse,20260912,0.002169492364912302,,1,0
shadow_trial,3193,2024-03-22,2024-04-01,0.0042044725182444,2024,2023-12-31,native_mse,20260912,0.0021346683785466035,,1,1
shadow_trial,3198,2024-03-29,2024-04-15,-0.0219845815102011,2024,2023-12-31,native_mse,20260912,0.001970104765042201,,1,0
shadow_trial,3206,2024-04-12,2024-04-22,0.018045199366633,2024,2023-12-31,native_mse,20260912,0.0018950666103198662,,1,1
shadow_trial,3211,2024-04-19,2024-04-29,0.0136757744232476,2024,2023-12-31,native_mse,20260912,0.0014826942470986316,,1,1
shadow_trial,3216,2024-04-26,2024-05-13,0.0172434956786644,2024,2023-12-31,native_mse,20260912,0.0010502698704938512,,1,1
shadow_trial,3223,2024-05-10,2024-05-20,0.0097933549988344,2024,2023-12-31,native_mse,20260912,0.0008603132721811119,,1,1
shadow_trial,3228,2024-05-17,2024-05-27,-0.0204803832637164,2024,2023-12-31,native_mse,20260912,0.000598359363630433,,1,0
shadow_trial,3233,2024-05-24,2024-06-03,-0.0081155643048258,2024,2023-12-31,native_mse,20260912,0.0005736014331172037,,1,0
shadow_trial,3238,2024-05-31,2024-06-11,-0.0060267570121149,2024,2023-12-31,native_mse,20260912,0.0005483327414548749,,1,0
shadow_trial,3243,2024-06-07,2024-06-17,-0.0096686558937179,2024,2023-12-31,native_mse,20260912,0.000585176229140396,,1,0
shadow_trial,3247,2024-06-14,2024-06-24,-0.013573992457631,2024,2023-12-31,native_mse,20260912,0.000605835607878555,,1,0
shadow_trial,3252,2024-06-21,2024-07-01,-0.004427632109257,2024,2023-12-31,native_mse,20260912,0.0006286050015987623,,1,0
shadow_trial,3257,2024-06-28,2024-07-08,-0.0108320369203009,2024,2023-12-31,native_mse,20260912,0.00064228262166844,,1,0
shadow_trial,3262,2024-07-05,2024-07-15,0.0122222871842843,2024,2023-12-31,native_mse,20260912,0.000721007461573622,,1,1
shadow_trial,3267,2024-07-12,2024-07-22,0.0218881133018156,2024,2023-12-31,native_mse,20260912,0.000821435978076197,,1,1
shadow_trial,3272,2024-07-19,2024-07-29,-0.0378787022382998,2024,2023-12-31,native_mse,20260912,0.0008418861287390497,,1,0
shadow_trial,3277,2024-07-26,2024-08-05,-0.0124134568216732,2024,2023-12-31,native_mse,20260912,0.0012675510770958798,,1,0
shadow_trial,3282,2024-08-02,2024-08-12,-0.0102762848330364,2024,2023-12-31,native_mse,20260912,0.0015249857513458085,,1,0
shadow_trial,3287,2024-08-09,2024-08-19,0.0050186923751938,2024,2023-12-31,native_mse,20260912,0.0015779514189250905,,1,1
shadow_trial,3292,2024-08-16,2024-08-26,-0.0040487282687352,2024,2023-12-31,native_mse,20260912,0.0013998325080271312,,1,0
shadow_trial,3297,2024-08-23,2024-09-02,-0.0069594562136714,2024,2023-12-31,native_mse,20260912,0.0014255873683507452,,1,0
shadow_trial,3302,2024-08-30,2024-09-09,-0.0280389655151561,2024,2023-12-31,native_mse,20260912,0.0015330401621674865,,1,0
shadow_trial,3307,2024-09-06,2024-09-18,-0.0174132138857783,2024,2023-12-31,native_mse,20260912,0.0015627932338450265,,1,0
shadow_trial,3312,2024-09-13,2024-09-24,0.0133119329369826,2024,2023-12-31,native_mse,20260912,0.0015103830852308555,,1,1
shadow_trial,3315,2024-09-20,2024-09-30,0.2017513988384409,2024,2023-12-31,native_mse,20260912,0.0015343284400254939,,1,1
shadow_trial,3320,2024-09-27,2024-10-14,0.0178259004588408,2024,2023-12-31,native_mse,20260912,0.0015725051425186597,,1,1
shadow_trial,3325,2024-10-11,2024-10-21,0.0080914993282625,2024,2023-12-31,native_mse,20260912,0.0019394229622847915,,1,1
shadow_trial,3330,2024-10-18,2024-10-28,0.0015733867085561,2024,2023-12-31,native_mse,20260912,0.0021210173726156634,,1,1
shadow_trial,3335,2024-10-25,2024-11-04,-0.0140142824257356,2024,2023-12-31,native_mse,20260912,0.0021565584052961957,,1,0
shadow_trial,3340,2024-11-01,2024-11-11,0.0434152361258277,2024,2023-12-31,native_mse,20260912,0.002066143931918221,,1,1
shadow_trial,3345,2024-11-08,2024-11-18,-0.0208584853931589,2024,2023-12-31,native_mse,20260912,0.0019328021834634566,,1,0
shadow_trial,3350,2024-11-15,2024-11-25,-0.0267421712161923,2024,2023-12-31,native_mse,20260912,0.0016078398644429398,,1,0
shadow_trial,3355,2024-11-22,2024-12-02,0.0087960346887328,2024,2023-12-31,native_mse,20260912,0.0014387624930086427,,1,1
shadow_trial,3360,2024-11-29,2024-12-09,0.0155919891551781,2024,2023-12-31,native_mse,20260912,0.001055672591838617,,1,1
shadow_trial,3365,2024-12-06,2024-12-16,-0.0100436703218104,2024,2023-12-31,native_mse,20260912,0.0009332123922739673,,1,0
shadow_trial,3370,2024-12-13,2024-12-23,-0.0006690784017421,2024,2023-12-31,native_mse,20260912,0.0007303535282016855,,1,0
shadow_trial,3375,2024-12-20,2024-12-30,0.0123595076562756,2024,2023-12-31,native_mse,20260912,0.0006347143027364932,,1,1
shadow_trial,3380,2024-12-27,2025-01-06,-0.0504714964669198,2024,2023-12-31,native_mse,20260912,0.0004962445983289108,,1,0
shadow_trial,3384,2025-01-03,2025-01-13,-0.0189486730632231,2025,2024-12-31,learned_market,20260910,0.38233645545210077,0.38233645545210077,0,0
shadow_trial,3389,2025-01-10,2025-01-20,0.0353251773547418,2025,2024-12-31,learned_market,20260910,0.3910227915849612,0.3910227915849612,0,1
shadow_trial,3394,2025-01-17,2025-01-27,0.000432821422053,2025,2024-12-31,learned_market,20260910,0.49015728346105064,0.49015728346105064,0,1
shadow_trial,3399,2025-01-24,2025-02-10,0.0159344898044284,2025,2024-12-31,learned_market,20260910,0.43779872313730184,0.43779872313730184,0,1
shadow_trial,3403,2025-02-07,2025-02-17,0.0144454990892999,2025,2024-12-31,learned_market,20260910,0.5065763414140139,0.5065763414140139,1,1
shadow_trial,3408,2025-02-14,2025-02-24,0.0045695818086644,2025,2024-12-31,learned_market,20260910,0.5698063647751795,0.5698063647751795,1,1
shadow_trial,3413,2025-02-21,2025-03-03,-0.0183210488158531,2025,2024-12-31,learned_market,20260910,0.5387747536285505,0.5387747536285505,1,0
shadow_trial,3418,2025-02-28,2025-03-10,0.0117650075646844,2025,2024-12-31,learned_market,20260910,0.4812656782302869,0.4812656782302869,0,1
shadow_trial,3423,2025-03-07,2025-03-17,0.019023819058288,2025,2024-12-31,learned_market,20260910,0.6111767156385011,0.6111767156385011,1,1
shadow_trial,3428,2025-03-14,2025-03-24,-0.0259983485216283,2025,2024-12-31,learned_market,20260910,0.44730435644814126,0.44730435644814126,0,0
shadow_trial,3433,2025-03-21,2025-03-31,-0.0025867506275359,2025,2024-12-31,learned_market,20260910,0.5315675954271929,0.5315675954271929,1,0
shadow_trial,3438,2025-03-28,2025-04-14,-0.0342910101946246,2025,2024-12-31,learned_market,20260910,0.7166635184412673,0.7166635184412673,1,0
shadow_trial,3447,2025-04-11,2025-04-21,-0.0010339232881941,2025,2024-12-31,learned_market,20260910,0.5214083358108379,0.5214083358108379,1,0
shadow_trial,3452,2025-04-18,2025-04-28,0.0048432383085554,2025,2024-12-31,learned_market,20260910,0.7734052582999416,0.7734052582999416,1,1
shadow_trial,3457,2025-04-25,2025-05-12,0.02116527880118,2025,2024-12-31,learned_market,20260910,0.4558498073052,0.4558498073052,0,1
shadow_trial,3464,2025-05-09,2025-05-19,0.0041484224873464,2025,2024-12-31,learned_market,20260910,0.3719118552957933,0.3719118552957933,0,1
shadow_trial,3469,2025-05-16,2025-05-26,-0.0017462660042188,2025,2024-12-31,learned_market,20260910,0.3347557846128493,0.3347557846128493,0,0
shadow_trial,3474,2025-05-23,2025-06-03,-0.0109216443615366,2025,2024-12-31,learned_market,20260910,0.4355752261120325,0.4355752261120325,0,0
shadow_trial,3479,2025-05-30,2025-06-09,0.011566574321892,2025,2024-12-31,learned_market,20260910,0.36634985851125834,0.36634985851125834,0,1
shadow_trial,3483,2025-06-06,2025-06-16,-0.0062354943524679,2025,2024-12-31,learned_market,20260910,0.4008337518523243,0.4008337518523243,0,0
shadow_trial,3488,2025-06-13,2025-06-23,-0.005825691168304,2025,2024-12-31,learned_market,20260910,0.39810789776620636,0.39810789776620636,0,0
shadow_trial,3493,2025-06-20,2025-06-30,0.0232670437490374,2025,2024-12-31,learned_market,20260910,0.4122689448247892,0.4122689448247892,0,1
shadow_trial,3498,2025-06-27,2025-07-07,0.0145345648685946,2025,2024-12-31,learned_market,20260910,0.3732862575696102,0.3732862575696102,0,1
shadow_trial,3503,2025-07-04,2025-07-14,0.0110426949002964,2025,2024-12-31,learned_market,20260910,0.7015823439777326,0.7015823439777326,1,1
shadow_trial,3508,2025-07-11,2025-07-21,0.0120759671840067,2025,2024-12-31,learned_market,20260910,0.7139989728727871,0.7139989728727871,1,1
shadow_trial,3513,2025-07-18,2025-07-28,0.0143570766898375,2025,2024-12-31,learned_market,20260910,0.4034517865000961,0.4034517865000961,0,1
shadow_trial,3518,2025-07-25,2025-08-04,-0.0218642507630443,2025,2024-12-31,learned_market,20260910,0.48275696040931965,0.48275696040931965,0,0
shadow_trial,3523,2025-08-01,2025-08-11,0.0179175520190988,2025,2024-12-31,learned_market,20260910,0.5124883538124961,0.5124883538124961,1,1
shadow_trial,3528,2025-08-08,2025-08-18,0.026265786598999,2025,2024-12-31,learned_market,20260910,0.337061662660508,0.337061662660508,0,1
shadow_trial,3533,2025-08-15,2025-08-25,0.0469483790671487,2025,2024-12-31,learned_market,20260910,0.4403874641150846,0.4403874641150846,0,1
shadow_trial,3538,2025-08-22,2025-09-01,0.0227770368340847,2025,2024-12-31,learned_market,20260910,0.4148027182610919,0.4148027182610919,0,1
shadow_trial,3543,2025-08-29,2025-09-08,-0.0110053842475337,2025,2024-12-31,learned_market,20260910,0.44547018940253946,0.44547018940253946,0,0
shadow_trial,3548,2025-09-05,2025-09-15,0.0151594857594405,2025,2024-12-31,learned_market,20260910,0.439099196508694,0.439099196508694,0,1
shadow_trial,3553,2025-09-12,2025-09-22,-0.0050409160971932,2025,2024-12-31,learned_market,20260910,0.47404842126415475,0.47404842126415475,0,0
shadow_trial,3558,2025-09-19,2025-09-29,0.0095300784790881,2025,2024-12-31,learned_market,20260910,0.46350428274903427,0.46350428274903427,0,1
shadow_trial,3563,2025-09-26,2025-10-13,-0.0140855274279203,2025,2024-12-31,learned_market,20260910,0.47329908698714157,0.47329908698714157,0,0
shadow_trial,3567,2025-10-10,2025-10-20,0.015001547584321,2025,2024-12-31,learned_market,20260910,0.4508331585950284,0.4508331585950284,0,1
shadow_trial,3572,2025-10-17,2025-10-27,0.0309637052897611,2025,2024-12-31,learned_market,20260910,0.4380873622035425,0.4380873622035425,0,1
shadow_trial,3577,2025-10-24,2025-11-03,-0.013331545863497,2025,2024-12-31,learned_market,20260910,0.45478895664449515,0.45478895664449515,0,0
shadow_trial,3582,2025-10-31,2025-11-10,0.0110832418536339,2025,2024-12-31,learned_market,20260910,0.45629729111767653,0.45629729111767653,0,1
shadow_trial,3587,2025-11-07,2025-11-17,-0.0152107881197579,2025,2024-12-31,learned_market,20260910,0.4596017809890631,0.4596017809890631,0,0
shadow_trial,3592,2025-11-14,2025-11-24,-0.031114557454173,2025,2024-12-31,learned_market,20260910,0.421919095541908,0.421919095541908,0,0
shadow_trial,3597,2025-11-21,2025-12-01,0.0147613767448515,2025,2024-12-31,learned_market,20260910,0.3917781851882584,0.3917781851882584,0,1
shadow_trial,3602,2025-11-28,2025-12-08,0.0118853804313106,2025,2024-12-31,learned_market,20260910,0.391495718394583,0.391495718394583,0,1
shadow_trial,3607,2025-12-05,2025-12-15,-0.0093922675990717,2025,2024-12-31,learned_market,20260910,0.391998136773391,0.391998136773391,0,0
shadow_trial,3612,2025-12-12,2025-12-22,0.0082791208791208,2025,2024-12-31,learned_market,20260910,0.414619478732369,0.414619478732369,0,1
shadow_trial,3617,2025-12-19,2025-12-29,0.0153890755001995,2025,2024-12-31,learned_market,20260910,0.584196917516146,0.584196917516146,1,1
shadow_trial,3622,2025-12-26,2026-01-12,0.0239101640737868,2025,2024-12-31,learned_market,20260910,0.3188740450267267,0.3188740450267267,0,1
shadow_trial,3384,2025-01-03,2025-01-13,-0.0189486730632231,2025,2024-12-31,learned_vol_interaction,20260910,0.38666219011730185,0.38666219011730185,0,0
shadow_trial,3389,2025-01-10,2025-01-20,0.0353251773547418,2025,2024-12-31,learned_vol_interaction,20260910,0.3791321657754841,0.3791321657754841,0,1
shadow_trial,3394,2025-01-17,2025-01-27,0.000432821422053,2025,2024-12-31,learned_vol_interaction,20260910,0.4768105126561029,0.4768105126561029,0,1
shadow_trial,3399,2025-01-24,2025-02-10,0.0159344898044284,2025,2024-12-31,learned_vol_interaction,20260910,0.46081361135637805,0.46081361135637805,0,1
shadow_trial,3403,2025-02-07,2025-02-17,0.0144454990892999,2025,2024-12-31,learned_vol_interaction,20260910,0.5021249737202294,0.5021249737202294,1,1
shadow_trial,3408,2025-02-14,2025-02-24,0.0045695818086644,2025,2024-12-31,learned_vol_interaction,20260910,0.5796741457129003,0.5796741457129003,1,1
shadow_trial,3413,2025-02-21,2025-03-03,-0.0183210488158531,2025,2024-12-31,learned_vol_interaction,20260910,0.5894724308913238,0.5894724308913238,1,0
shadow_trial,3418,2025-02-28,2025-03-10,0.0117650075646844,2025,2024-12-31,learned_vol_interaction,20260910,0.5038224926529957,0.5038224926529957,1,1
shadow_trial,3423,2025-03-07,2025-03-17,0.019023819058288,2025,2024-12-31,learned_vol_interaction,20260910,0.6257731101792092,0.6257731101792092,1,1
shadow_trial,3428,2025-03-14,2025-03-24,-0.0259983485216283,2025,2024-12-31,learned_vol_interaction,20260910,0.44102075881393793,0.44102075881393793,0,0
shadow_trial,3433,2025-03-21,2025-03-31,-0.0025867506275359,2025,2024-12-31,learned_vol_interaction,20260910,0.5122265111637169,0.5122265111637169,1,0
shadow_trial,3438,2025-03-28,2025-04-14,-0.0342910101946246,2025,2024-12-31,learned_vol_interaction,20260910,0.7509067743034049,0.7509067743034049,1,0
shadow_trial,3447,2025-04-11,2025-04-21,-0.0010339232881941,2025,2024-12-31,learned_vol_interaction,20260910,0.5594314824149098,0.5594314824149098,1,0
shadow_trial,3452,2025-04-18,2025-04-28,0.0048432383085554,2025,2024-12-31,learned_vol_interaction,20260910,0.6161803550192988,0.6161803550192988,1,1
shadow_trial,3457,2025-04-25,2025-05-12,0.02116527880118,2025,2024-12-31,learned_vol_interaction,20260910,0.5129504837776576,0.5129504837776576,1,1
shadow_trial,3464,2025-05-09,2025-05-19,0.0041484224873464,2025,2024-12-31,learned_vol_interaction,20260910,0.3397584672529613,0.3397584672529613,0,1
shadow_trial,3469,2025-05-16,2025-05-26,-0.0017462660042188,2025,2024-12-31,learned_vol_interaction,20260910,0.3057602604209353,0.3057602604209353,0,0
shadow_trial,3474,2025-05-23,2025-06-03,-0.0109216443615366,2025,2024-12-31,learned_vol_interaction,20260910,0.4388710457955909,0.4388710457955909,0,0
shadow_trial,3479,2025-05-30,2025-06-09,0.011566574321892,2025,2024-12-31,learned_vol_interaction,20260910,0.36460442555702505,0.36460442555702505,0,1
shadow_trial,3483,2025-06-06,2025-06-16,-0.0062354943524679,2025,2024-12-31,learned_vol_interaction,20260910,0.39394803233936054,0.39394803233936054,0,0
shadow_trial,3488,2025-06-13,2025-06-23,-0.005825691168304,2025,2024-12-31,learned_vol_interaction,20260910,0.3901672438709687,0.3901672438709687,0,0
shadow_trial,3493,2025-06-20,2025-06-30,0.0232670437490374,2025,2024-12-31,learned_vol_interaction,20260910,0.422539141417078,0.422539141417078,0,1
shadow_trial,3498,2025-06-27,2025-07-07,0.0145345648685946,2025,2024-12-31,learned_vol_interaction,20260910,0.38892299865015934,0.38892299865015934,0,1
shadow_trial,3503,2025-07-04,2025-07-14,0.0110426949002964,2025,2024-12-31,learned_vol_interaction,20260910,0.7804471157978421,0.7804471157978421,1,1
shadow_trial,3508,2025-07-11,2025-07-21,0.0120759671840067,2025,2024-12-31,learned_vol_interaction,20260910,0.8059006088843718,0.8059006088843718,1,1
shadow_trial,3513,2025-07-18,2025-07-28,0.0143570766898375,2025,2024-12-31,learned_vol_interaction,20260910,0.4022202754416644,0.4022202754416644,0,1
shadow_trial,3518,2025-07-25,2025-08-04,-0.0218642507630443,2025,2024-12-31,learned_vol_interaction,20260910,0.4655503807560464,0.4655503807560464,0,0
shadow_trial,3523,2025-08-01,2025-08-11,0.0179175520190988,2025,2024-12-31,learned_vol_interaction,20260910,0.5131744614899625,0.5131744614899625,1,1
shadow_trial,3528,2025-08-08,2025-08-18,0.026265786598999,2025,2024-12-31,learned_vol_interaction,20260910,0.26813484576790564,0.26813484576790564,0,1
shadow_trial,3533,2025-08-15,2025-08-25,0.0469483790671487,2025,2024-12-31,learned_vol_interaction,20260910,0.3957918177235022,0.3957918177235022,0,1
shadow_trial,3538,2025-08-22,2025-09-01,0.0227770368340847,2025,2024-12-31,learned_vol_interaction,20260910,0.3814946408024303,0.3814946408024303,0,1
shadow_trial,3543,2025-08-29,2025-09-08,-0.0110053842475337,2025,2024-12-31,learned_vol_interaction,20260910,0.4238694970722328,0.4238694970722328,0,0
shadow_trial,3548,2025-09-05,2025-09-15,0.0151594857594405,2025,2024-12-31,learned_vol_interaction,20260910,0.43903974814462976,0.43903974814462976,0,1
shadow_trial,3553,2025-09-12,2025-09-22,-0.0050409160971932,2025,2024-12-31,learned_vol_interaction,20260910,0.47422353562658653,0.47422353562658653,0,0
shadow_trial,3558,2025-09-19,2025-09-29,0.0095300784790881,2025,2024-12-31,learned_vol_interaction,20260910,0.458739778875352,0.458739778875352,0,1
shadow_trial,3563,2025-09-26,2025-10-13,-0.0140855274279203,2025,2024-12-31,learned_vol_interaction,20260910,0.45076701170720995,0.45076701170720995,0,0
shadow_trial,3567,2025-10-10,2025-10-20,0.015001547584321,2025,2024-12-31,learned_vol_interaction,20260910,0.44722373023939194,0.44722373023939194,0,1
shadow_trial,3572,2025-10-17,2025-10-27,0.0309637052897611,2025,2024-12-31,learned_vol_interaction,20260910,0.4295343873662784,0.4295343873662784,0,1
shadow_trial,3577,2025-10-24,2025-11-03,-0.013331545863497,2025,2024-12-31,learned_vol_interaction,20260910,0.44980770107691576,0.44980770107691576,0,0
shadow_trial,3582,2025-10-31,2025-11-10,0.0110832418536339,2025,2024-12-31,learned_vol_interaction,20260910,0.4681567893812729,0.4681567893812729,0,1
shadow_trial,3587,2025-11-07,2025-11-17,-0.0152107881197579,2025,2024-12-31,learned_vol_interaction,20260910,0.4479188757258939,0.4479188757258939,0,0
shadow_trial,3592,2025-11-14,2025-11-24,-0.031114557454173,2025,2024-12-31,learned_vol_interaction,20260910,0.4196138900791056,0.4196138900791056,0,0
shadow_trial,3597,2025-11-21,2025-12-01,0.0147613767448515,2025,2024-12-31,learned_vol_interaction,20260910,0.3983762032629547,0.3983762032629547,0,1
shadow_trial,3602,2025-11-28,2025-12-08,0.0118853804313106,2025,2024-12-31,learned_vol_interaction,20260910,0.3714344427967257,0.3714344427967257,0,1
shadow_trial,3607,2025-12-05,2025-12-15,-0.0093922675990717,2025,2024-12-31,learned_vol_interaction,20260910,0.39417455635477106,0.39417455635477106,0,0
shadow_trial,3612,2025-12-12,2025-12-22,0.0082791208791208,2025,2024-12-31,learned_vol_interaction,20260910,0.4149719916251764,0.4149719916251764,0,1
shadow_trial,3617,2025-12-19,2025-12-29,0.0153890755001995,2025,2024-12-31,learned_vol_interaction,20260910,0.6003183983490965,0.6003183983490965,1,1
shadow_trial,3622,2025-12-26,2026-01-12,0.0239101640737868,2025,2024-12-31,learned_vol_interaction,20260910,0.30192881781235653,0.30192881781235653,0,1
shadow_trial,3384,2025-01-03,2025-01-13,-0.0189486730632231,2025,2024-12-31,learned_order_extension,20260910,0.36600157937330885,0.36600157937330885,0,0
shadow_trial,3389,2025-01-10,2025-01-20,0.0353251773547418,2025,2024-12-31,learned_order_extension,20260910,0.35256611690823136,0.35256611690823136,0,1
shadow_trial,3394,2025-01-17,2025-01-27,0.000432821422053,2025,2024-12-31,learned_order_extension,20260910,0.48744472138871614,0.48744472138871614,0,1
shadow_trial,3399,2025-01-24,2025-02-10,0.0159344898044284,2025,2024-12-31,learned_order_extension,20260910,0.4710830358173244,0.4710830358173244,0,1
shadow_trial,3403,2025-02-07,2025-02-17,0.0144454990892999,2025,2024-12-31,learned_order_extension,20260910,0.5229042647242248,0.5229042647242248,1,1
shadow_trial,3408,2025-02-14,2025-02-24,0.0045695818086644,2025,2024-12-31,learned_order_extension,20260910,0.5778482952092869,0.5778482952092869,1,1
shadow_trial,3413,2025-02-21,2025-03-03,-0.0183210488158531,2025,2024-12-31,learned_order_extension,20260910,0.6398652110146743,0.6398652110146743,1,0
shadow_trial,3418,2025-02-28,2025-03-10,0.0117650075646844,2025,2024-12-31,learned_order_extension,20260910,0.5091435465758709,0.5091435465758709,1,1
shadow_trial,3423,2025-03-07,2025-03-17,0.019023819058288,2025,2024-12-31,learned_order_extension,20260910,0.6768915881499589,0.6768915881499589,1,1
shadow_trial,3428,2025-03-14,2025-03-24,-0.0259983485216283,2025,2024-12-31,learned_order_extension,20260910,0.45607712059245215,0.45607712059245215,0,0
shadow_trial,3433,2025-03-21,2025-03-31,-0.0025867506275359,2025,2024-12-31,learned_order_extension,20260910,0.5368074346463041,0.5368074346463041,1,0
shadow_trial,3438,2025-03-28,2025-04-14,-0.0342910101946246,2025,2024-12-31,learned_order_extension,20260910,0.8368647681799748,0.8368647681799748,1,0
shadow_trial,3447,2025-04-11,2025-04-21,-0.0010339232881941,2025,2024-12-31,learned_order_extension,20260910,0.567649834278569,0.567649834278569,1,0
shadow_trial,3452,2025-04-18,2025-04-28,0.0048432383085554,2025,2024-12-31,learned_order_extension,20260910,0.681410394058545,0.681410394058545,1,1
shadow_trial,3457,2025-04-25,2025-05-12,0.02116527880118,2025,2024-12-31,learned_order_extension,20260910,0.5052829053147527,0.5052829053147527,1,1
shadow_trial,3464,2025-05-09,2025-05-19,0.0041484224873464,2025,2024-12-31,learned_order_extension,20260910,0.3280238538809617,0.3280238538809617,0,1
shadow_trial,3469,2025-05-16,2025-05-26,-0.0017462660042188,2025,2024-12-31,learned_order_extension,20260910,0.3040369005743606,0.3040369005743606,0,0
shadow_trial,3474,2025-05-23,2025-06-03,-0.0109216443615366,2025,2024-12-31,learned_order_extension,20260910,0.44422438744915205,0.44422438744915205,0,0
shadow_trial,3479,2025-05-30,2025-06-09,0.011566574321892,2025,2024-12-31,learned_order_extension,20260910,0.38913330899989523,0.38913330899989523,0,1
shadow_trial,3483,2025-06-06,2025-06-16,-0.0062354943524679,2025,2024-12-31,learned_order_extension,20260910,0.40874376815426067,0.40874376815426067,0,0
shadow_trial,3488,2025-06-13,2025-06-23,-0.005825691168304,2025,2024-12-31,learned_order_extension,20260910,0.3992895348297111,0.3992895348297111,0,0
shadow_trial,3493,2025-06-20,2025-06-30,0.0232670437490374,2025,2024-12-31,learned_order_extension,20260910,0.43522740351269595,0.43522740351269595,0,1
shadow_trial,3498,2025-06-27,2025-07-07,0.0145345648685946,2025,2024-12-31,learned_order_extension,20260910,0.40978431801033516,0.40978431801033516,0,1
shadow_trial,3503,2025-07-04,2025-07-14,0.0110426949002964,2025,2024-12-31,learned_order_extension,20260910,0.7176321167186754,0.7176321167186754,1,1
shadow_trial,3508,2025-07-11,2025-07-21,0.0120759671840067,2025,2024-12-31,learned_order_extension,20260910,0.8326931438759837,0.8326931438759837,1,1
shadow_trial,3513,2025-07-18,2025-07-28,0.0143570766898375,2025,2024-12-31,learned_order_extension,20260910,0.39152870941681295,0.39152870941681295,0,1
shadow_trial,3518,2025-07-25,2025-08-04,-0.0218642507630443,2025,2024-12-31,learned_order_extension,20260910,0.44803558799905846,0.44803558799905846,0,0
shadow_trial,3523,2025-08-01,2025-08-11,0.0179175520190988,2025,2024-12-31,learned_order_extension,20260910,0.4974977283652398,0.4974977283652398,0,1
shadow_trial,3528,2025-08-08,2025-08-18,0.026265786598999,2025,2024-12-31,learned_order_extension,20260910,0.28923456244235046,0.28923456244235046,0,1
shadow_trial,3533,2025-08-15,2025-08-25,0.0469483790671487,2025,2024-12-31,learned_order_extension,20260910,0.37567196821432247,0.37567196821432247,0,1
shadow_trial,3538,2025-08-22,2025-09-01,0.0227770368340847,2025,2024-12-31,learned_order_extension,20260910,0.35309160588380617,0.35309160588380617,0,1
shadow_trial,3543,2025-08-29,2025-09-08,-0.0110053842475337,2025,2024-12-31,learned_order_extension,20260910,0.414950573852872,0.414950573852872,0,0
shadow_trial,3548,2025-09-05,2025-09-15,0.0151594857594405,2025,2024-12-31,learned_order_extension,20260910,0.44419609703054896,0.44419609703054896,0,1
shadow_trial,3553,2025-09-12,2025-09-22,-0.0050409160971932,2025,2024-12-31,learned_order_extension,20260910,0.48911647755360804,0.48911647755360804,0,0
shadow_trial,3558,2025-09-19,2025-09-29,0.0095300784790881,2025,2024-12-31,learned_order_extension,20260910,0.4484611229876225,0.4484611229876225,0,1
shadow_trial,3563,2025-09-26,2025-10-13,-0.0140855274279203,2025,2024-12-31,learned_order_extension,20260910,0.4329956852716207,0.4329956852716207,0,0
shadow_trial,3567,2025-10-10,2025-10-20,0.015001547584321,2025,2024-12-31,learned_order_extension,20260910,0.4374250973987012,0.4374250973987012,0,1
shadow_trial,3572,2025-10-17,2025-10-27,0.0309637052897611,2025,2024-12-31,learned_order_extension,20260910,0.42175299872804267,0.42175299872804267,0,1
shadow_trial,3577,2025-10-24,2025-11-03,-0.013331545863497,2025,2024-12-31,learned_order_extension,20260910,0.4366552310757828,0.4366552310757828,0,0
shadow_trial,3582,2025-10-31,2025-11-10,0.0110832418536339,2025,2024-12-31,learned_order_extension,20260910,0.44422704458498696,0.44422704458498696,0,1
shadow_trial,3587,2025-11-07,2025-11-17,-0.0152107881197579,2025,2024-12-31,learned_order_extension,20260910,0.4121821919684248,0.4121821919684248,0,0
shadow_trial,3592,2025-11-14,2025-11-24,-0.031114557454173,2025,2024-12-31,learned_order_extension,20260910,0.3834394392569858,0.3834394392569858,0,0
shadow_trial,3597,2025-11-21,2025-12-01,0.0147613767448515,2025,2024-12-31,learned_order_extension,20260910,0.36890976533068714,0.36890976533068714,0,1
shadow_trial,3602,2025-11-28,2025-12-08,0.0118853804313106,2025,2024-12-31,learned_order_extension,20260910,0.32234639686295663,0.32234639686295663,0,1
shadow_trial,3607,2025-12-05,2025-12-15,-0.0093922675990717,2025,2024-12-31,learned_order_extension,20260910,0.3536741737892265,0.3536741737892265,0,0
shadow_trial,3612,2025-12-12,2025-12-22,0.0082791208791208,2025,2024-12-31,learned_order_extension,20260910,0.4084124508900537,0.4084124508900537,0,1
shadow_trial,3617,2025-12-19,2025-12-29,0.0153890755001995,2025,2024-12-31,learned_order_extension,20260910,0.6626830721040038,0.6626830721040038,1,1
shadow_trial,3622,2025-12-26,2026-01-12,0.0239101640737868,2025,2024-12-31,learned_order_extension,20260910,0.29817910640968603,0.29817910640968603,0,1
shadow_trial,3384,2025-01-03,2025-01-13,-0.0189486730632231,2025,2024-12-31,learned_order_offset,20260910,0.36669421956338505,0.36669421956338505,0,0
shadow_trial,3389,2025-01-10,2025-01-20,0.0353251773547418,2025,2024-12-31,learned_order_offset,20260910,0.35282059228350937,0.35282059228350937,0,1
shadow_trial,3394,2025-01-17,2025-01-27,0.000432821422053,2025,2024-12-31,learned_order_offset,20260910,0.48807314138283653,0.48807314138283653,0,1
shadow_trial,3399,2025-01-24,2025-02-10,0.0159344898044284,2025,2024-12-31,learned_order_offset,20260910,0.4717801139449288,0.4717801139449288,0,1
shadow_trial,3403,2025-02-07,2025-02-17,0.0144454990892999,2025,2024-12-31,learned_order_offset,20260910,0.524022842955718,0.524022842955718,1,1
shadow_trial,3408,2025-02-14,2025-02-24,0.0045695818086644,2025,2024-12-31,learned_order_offset,20260910,0.5772818750748553,0.5772818750748553,1,1
shadow_trial,3413,2025-02-21,2025-03-03,-0.0183210488158531,2025,2024-12-31,learned_order_offset,20260910,0.6395827908381064,0.6395827908381064,1,0
shadow_trial,3418,2025-02-28,2025-03-10,0.0117650075646844,2025,2024-12-31,learned_order_offset,20260910,0.5071295431195366,0.5071295431195366,1,1
shadow_trial,3423,2025-03-07,2025-03-17,0.019023819058288,2025,2024-12-31,learned_order_offset,20260910,0.6756470892929178,0.6756470892929178,1,1
shadow_trial,3428,2025-03-14,2025-03-24,-0.0259983485216283,2025,2024-12-31,learned_order_offset,20260910,0.455714753994421,0.455714753994421,0,0
shadow_trial,3433,2025-03-21,2025-03-31,-0.0025867506275359,2025,2024-12-31,learned_order_offset,20260910,0.5359223493617127,0.5359223493617127,1,0
shadow_trial,3438,2025-03-28,2025-04-14,-0.0342910101946246,2025,2024-12-31,learned_order_offset,20260910,0.834993269183481,0.834993269183481,1,0
shadow_trial,3447,2025-04-11,2025-04-21,-0.0010339232881941,2025,2024-12-31,learned_order_offset,20260910,0.5649605883931398,0.5649605883931398,1,0
shadow_trial,3452,2025-04-18,2025-04-28,0.0048432383085554,2025,2024-12-31,learned_order_offset,20260910,0.6812464486051237,0.6812464486051237,1,1
shadow_trial,3457,2025-04-25,2025-05-12,0.02116527880118,2025,2024-12-31,learned_order_offset,20260910,0.5051445248644001,0.5051445248644001,1,1
shadow_trial,3464,2025-05-09,2025-05-19,0.0041484224873464,2025,2024-12-31,learned_order_offset,20260910,0.3288144848914296,0.3288144848914296,0,1
shadow_trial,3469,2025-05-16,2025-05-26,-0.0017462660042188,2025,2024-12-31,learned_order_offset,20260910,0.3043209517441266,0.3043209517441266,0,0
shadow_trial,3474,2025-05-23,2025-06-03,-0.0109216443615366,2025,2024-12-31,learned_order_offset,20260910,0.44478990167489674,0.44478990167489674,0,0
shadow_trial,3479,2025-05-30,2025-06-09,0.011566574321892,2025,2024-12-31,learned_order_offset,20260910,0.3894673260808954,0.3894673260808954,0,1
shadow_trial,3483,2025-06-06,2025-06-16,-0.0062354943524679,2025,2024-12-31,learned_order_offset,20260910,0.4096952673269118,0.4096952673269118,0,0
shadow_trial,3488,2025-06-13,2025-06-23,-0.005825691168304,2025,2024-12-31,learned_order_offset,20260910,0.3998744310516097,0.3998744310516097,0,0
shadow_trial,3493,2025-06-20,2025-06-30,0.0232670437490374,2025,2024-12-31,learned_order_offset,20260910,0.43535837385464177,0.43535837385464177,0,1
shadow_trial,3498,2025-06-27,2025-07-07,0.0145345648685946,2025,2024-12-31,learned_order_offset,20260910,0.4097128200210753,0.4097128200210753,0,1
shadow_trial,3503,2025-07-04,2025-07-14,0.0110426949002964,2025,2024-12-31,learned_order_offset,20260910,0.7138049429629315,0.7138049429629315,1,1
shadow_trial,3508,2025-07-11,2025-07-21,0.0120759671840067,2025,2024-12-31,learned_order_offset,20260910,0.8295391005206344,0.8295391005206344,1,1
shadow_trial,3513,2025-07-18,2025-07-28,0.0143570766898375,2025,2024-12-31,learned_order_offset,20260910,0.3912754070593162,0.3912754070593162,0,1
shadow_trial,3518,2025-07-25,2025-08-04,-0.0218642507630443,2025,2024-12-31,learned_order_offset,20260910,0.4472338795260976,0.4472338795260976,0,0
shadow_trial,3523,2025-08-01,2025-08-11,0.0179175520190988,2025,2024-12-31,learned_order_offset,20260910,0.49738369791735854,0.49738369791735854,0,1
shadow_trial,3528,2025-08-08,2025-08-18,0.026265786598999,2025,2024-12-31,learned_order_offset,20260910,0.29021186818668443,0.29021186818668443,0,1
shadow_trial,3533,2025-08-15,2025-08-25,0.0469483790671487,2025,2024-12-31,learned_order_offset,20260910,0.3765210913585545,0.3765210913585545,0,1
shadow_trial,3538,2025-08-22,2025-09-01,0.0227770368340847,2025,2024-12-31,learned_order_offset,20260910,0.3535124963113698,0.3535124963113698,0,1
shadow_trial,3543,2025-08-29,2025-09-08,-0.0110053842475337,2025,2024-12-31,learned_order_offset,20260910,0.4155611592025284,0.4155611592025284,0,0
shadow_trial,3548,2025-09-05,2025-09-15,0.0151594857594405,2025,2024-12-31,learned_order_offset,20260910,0.44480586026466634,0.44480586026466634,0,1
shadow_trial,3553,2025-09-12,2025-09-22,-0.0050409160971932,2025,2024-12-31,learned_order_offset,20260910,0.4900756775013041,0.4900756775013041,0,0
shadow_trial,3558,2025-09-19,2025-09-29,0.0095300784790881,2025,2024-12-31,learned_order_offset,20260910,0.4492520954551793,0.4492520954551793,0,1
shadow_trial,3563,2025-09-26,2025-10-13,-0.0140855274279203,2025,2024-12-31,learned_order_offset,20260910,0.4335073624553348,0.4335073624553348,0,0
shadow_trial,3567,2025-10-10,2025-10-20,0.015001547584321,2025,2024-12-31,learned_order_offset,20260910,0.4383291264578575,0.4383291264578575,0,1
shadow_trial,3572,2025-10-17,2025-10-27,0.0309637052897611,2025,2024-12-31,learned_order_offset,20260910,0.42244156693704515,0.42244156693704515,0,1
shadow_trial,3577,2025-10-24,2025-11-03,-0.013331545863497,2025,2024-12-31,learned_order_offset,20260910,0.4373772094377323,0.4373772094377323,0,0
shadow_trial,3582,2025-10-31,2025-11-10,0.0110832418536339,2025,2024-12-31,learned_order_offset,20260910,0.4448868201240668,0.4448868201240668,0,1
shadow_trial,3587,2025-11-07,2025-11-17,-0.0152107881197579,2025,2024-12-31,learned_order_offset,20260910,0.4128358919320841,0.4128358919320841,0,0
shadow_trial,3592,2025-11-14,2025-11-24,-0.031114557454173,2025,2024-12-31,learned_order_offset,20260910,0.3842630437962762,0.3842630437962762,0,0
shadow_trial,3597,2025-11-21,2025-12-01,0.0147613767448515,2025,2024-12-31,learned_order_offset,20260910,0.369912667424471,0.369912667424471,0,1
shadow_trial,3602,2025-11-28,2025-12-08,0.0118853804313106,2025,2024-12-31,learned_order_offset,20260910,0.3228815407821598,0.3228815407821598,0,1
shadow_trial,3607,2025-12-05,2025-12-15,-0.0093922675990717,2025,2024-12-31,learned_order_offset,20260910,0.3542499269143583,0.3542499269143583,0,0
shadow_trial,3612,2025-12-12,2025-12-22,0.0082791208791208,2025,2024-12-31,learned_order_offset,20260910,0.4080196331095147,0.4080196331095147,0,1
shadow_trial,3617,2025-12-19,2025-12-29,0.0153890755001995,2025,2024-12-31,learned_order_offset,20260910,0.6618244415513685,0.6618244415513685,1,1
shadow_trial,3622,2025-12-26,2026-01-12,0.0239101640737868,2025,2024-12-31,learned_order_offset,20260910,0.2985952086190204,0.2985952086190204,0,1
shadow_trial,3384,2025-01-03,2025-01-13,-0.0189486730632231,2025,2024-12-31,native_mse,20260910,-0.0042551962797835255,,0,0
shadow_trial,3389,2025-01-10,2025-01-20,0.0353251773547418,2025,2024-12-31,native_mse,20260910,-0.004346017102457373,,0,1
shadow_trial,3394,2025-01-17,2025-01-27,0.000432821422053,2025,2024-12-31,native_mse,20260910,-0.0019110835117753682,,0,1
shadow_trial,3399,2025-01-24,2025-02-10,0.0159344898044284,2025,2024-12-31,native_mse,20260910,-0.0018767518511483509,,0,1
shadow_trial,3403,2025-02-07,2025-02-17,0.0144454990892999,2025,2024-12-31,native_mse,20260910,-0.0005243581714439598,,0,1
shadow_trial,3408,2025-02-14,2025-02-24,0.0045695818086644,2025,2024-12-31,native_mse,20260910,0.0018166916350322408,,1,1
shadow_trial,3413,2025-02-21,2025-03-03,-0.0183210488158531,2025,2024-12-31,native_mse,20260910,-0.0017910693651536675,,0,0
shadow_trial,3418,2025-02-28,2025-03-10,0.0117650075646844,2025,2024-12-31,native_mse,20260910,8.039864129989814e-05,,1,1
shadow_trial,3423,2025-03-07,2025-03-17,0.019023819058288,2025,2024-12-31,native_mse,20260910,0.00045020548490624885,,1,1
shadow_trial,3428,2025-03-14,2025-03-24,-0.0259983485216283,2025,2024-12-31,native_mse,20260910,0.004030585426274574,,1,0
shadow_trial,3433,2025-03-21,2025-03-31,-0.0025867506275359,2025,2024-12-31,native_mse,20260910,0.0025467178052053364,,1,0
shadow_trial,3438,2025-03-28,2025-04-14,-0.0342910101946246,2025,2024-12-31,native_mse,20260910,0.007880897711304511,,1,0
shadow_trial,3447,2025-04-11,2025-04-21,-0.0010339232881941,2025,2024-12-31,native_mse,20260910,5.880823721327009e-05,,1,0
shadow_trial,3452,2025-04-18,2025-04-28,0.0048432383085554,2025,2024-12-31,native_mse,20260910,0.005609692399565023,,1,1
shadow_trial,3457,2025-04-25,2025-05-12,0.02116527880118,2025,2024-12-31,native_mse,20260910,-0.000987643148635555,,0,1
shadow_trial,3464,2025-05-09,2025-05-19,0.0041484224873464,2025,2024-12-31,native_mse,20260910,-0.0013747677302766792,,0,1
shadow_trial,3469,2025-05-16,2025-05-26,-0.0017462660042188,2025,2024-12-31,native_mse,20260910,-0.0004666942525332647,,0,0
shadow_trial,3474,2025-05-23,2025-06-03,-0.0109216443615366,2025,2024-12-31,native_mse,20260910,-0.0003784346347167226,,0,0
shadow_trial,3479,2025-05-30,2025-06-09,0.011566574321892,2025,2024-12-31,native_mse,20260910,0.0010175785321809984,,1,1
shadow_trial,3483,2025-06-06,2025-06-16,-0.0062354943524679,2025,2024-12-31,native_mse,20260910,-0.0001914645603575384,,0,0
shadow_trial,3488,2025-06-13,2025-06-23,-0.005825691168304,2025,2024-12-31,native_mse,20260910,1.1665969000571627e-05,,1,0
shadow_trial,3493,2025-06-20,2025-06-30,0.0232670437490374,2025,2024-12-31,native_mse,20260910,0.0007044968618821799,,1,1
shadow_trial,3498,2025-06-27,2025-07-07,0.0145345648685946,2025,2024-12-31,native_mse,20260910,-0.003232334991441291,,0,1
shadow_trial,3503,2025-07-04,2025-07-14,0.0110426949002964,2025,2024-12-31,native_mse,20260910,0.003419117861495023,,1,1
shadow_trial,3508,2025-07-11,2025-07-21,0.0120759671840067,2025,2024-12-31,native_mse,20260910,0.011140680775400312,,1,1
shadow_trial,3513,2025-07-18,2025-07-28,0.0143570766898375,2025,2024-12-31,native_mse,20260910,-0.002127522022613997,,0,1
shadow_trial,3518,2025-07-25,2025-08-04,-0.0218642507630443,2025,2024-12-31,native_mse,20260910,-0.001869242573817923,,0,0
shadow_trial,3523,2025-08-01,2025-08-11,0.0179175520190988,2025,2024-12-31,native_mse,20260910,2.2319590068522338e-05,,1,1
shadow_trial,3528,2025-08-08,2025-08-18,0.026265786598999,2025,2024-12-31,native_mse,20260910,-0.004614466433741538,,0,1
shadow_trial,3533,2025-08-15,2025-08-25,0.0469483790671487,2025,2024-12-31,native_mse,20260910,-0.0013489789955213162,,0,1
shadow_trial,3538,2025-08-22,2025-09-01,0.0227770368340847,2025,2024-12-31,native_mse,20260910,-0.004341013056443359,,0,1
shadow_trial,3543,2025-08-29,2025-09-08,-0.0110053842475337,2025,2024-12-31,native_mse,20260910,-0.004924417538845909,,0,0
shadow_trial,3548,2025-09-05,2025-09-15,0.0151594857594405,2025,2024-12-31,native_mse,20260910,-0.004519124644784283,,0,1
shadow_trial,3553,2025-09-12,2025-09-22,-0.0050409160971932,2025,2024-12-31,native_mse,20260910,-0.004114428954602145,,0,0
shadow_trial,3558,2025-09-19,2025-09-29,0.0095300784790881,2025,2024-12-31,native_mse,20260910,-0.0047590961051182015,,0,1
shadow_trial,3563,2025-09-26,2025-10-13,-0.0140855274279203,2025,2024-12-31,native_mse,20260910,-0.004219803127072934,,0,0
shadow_trial,3567,2025-10-10,2025-10-20,0.015001547584321,2025,2024-12-31,native_mse,20260910,-0.003823350500415441,,0,1
shadow_trial,3572,2025-10-17,2025-10-27,0.0309637052897611,2025,2024-12-31,native_mse,20260910,-0.003866623261027931,,0,1
shadow_trial,3577,2025-10-24,2025-11-03,-0.013331545863497,2025,2024-12-31,native_mse,20260910,-0.0036382658807448576,,0,0
shadow_trial,3582,2025-10-31,2025-11-10,0.0110832418536339,2025,2024-12-31,native_mse,20260910,-0.003790641327688186,,0,1
shadow_trial,3587,2025-11-07,2025-11-17,-0.0152107881197579,2025,2024-12-31,native_mse,20260910,-0.003538974204578519,,0,0
shadow_trial,3592,2025-11-14,2025-11-24,-0.031114557454173,2025,2024-12-31,native_mse,20260910,-0.003282621345580935,,0,0
shadow_trial,3597,2025-11-21,2025-12-01,0.0147613767448515,2025,2024-12-31,native_mse,20260910,-0.0034884891644206416,,0,1
shadow_trial,3602,2025-11-28,2025-12-08,0.0118853804313106,2025,2024-12-31,native_mse,20260910,-0.003806133337151431,,0,1
shadow_trial,3607,2025-12-05,2025-12-15,-0.0093922675990717,2025,2024-12-31,native_mse,20260910,-0.003208553856296927,,0,0
shadow_trial,3612,2025-12-12,2025-12-22,0.0082791208791208,2025,2024-12-31,native_mse,20260910,0.0022387132272507658,,1,1
shadow_trial,3617,2025-12-19,2025-12-29,0.0153890755001995,2025,2024-12-31,native_mse,20260910,0.006486312528548796,,1,1
shadow_trial,3622,2025-12-26,2026-01-12,0.0239101640737868,2025,2024-12-31,native_mse,20260910,-0.0003728277129905187,,0,1
shadow_trial,3384,2025-01-03,2025-01-13,-0.0189486730632231,2025,2024-12-31,training_frequency,-1,0.472636815920398,0.472636815920398,0,0
shadow_trial,3389,2025-01-10,2025-01-20,0.0353251773547418,2025,2024-12-31,training_frequency,-1,0.472636815920398,0.472636815920398,0,1
shadow_trial,3394,2025-01-17,2025-01-27,0.000432821422053,2025,2024-12-31,training_frequency,-1,0.472636815920398,0.472636815920398,0,1
shadow_trial,3399,2025-01-24,2025-02-10,0.0159344898044284,2025,2024-12-31,training_frequency,-1,0.472636815920398,0.472636815920398,0,1
shadow_trial,3403,2025-02-07,2025-02-17,0.0144454990892999,2025,2024-12-31,training_frequency,-1,0.472636815920398,0.472636815920398,0,1
shadow_trial,3408,2025-02-14,2025-02-24,0.0045695818086644,2025,2024-12-31,training_frequency,-1,0.472636815920398,0.472636815920398,0,1
shadow_trial,3413,2025-02-21,2025-03-03,-0.0183210488158531,2025,2024-12-31,training_frequency,-1,0.472636815920398,0.472636815920398,0,0
shadow_trial,3418,2025-02-28,2025-03-10,0.0117650075646844,2025,2024-12-31,training_frequency,-1,0.472636815920398,0.472636815920398,0,1
shadow_trial,3423,2025-03-07,2025-03-17,0.019023819058288,2025,2024-12-31,training_frequency,-1,0.472636815920398,0.472636815920398,0,1
shadow_trial,3428,2025-03-14,2025-03-24,-0.0259983485216283,2025,2024-12-31,training_frequency,-1,0.472636815920398,0.472636815920398,0,0
shadow_trial,3433,2025-03-21,2025-03-31,-0.0025867506275359,2025,2024-12-31,training_frequency,-1,0.472636815920398,0.472636815920398,0,0
shadow_trial,3438,2025-03-28,2025-04-14,-0.0342910101946246,2025,2024-12-31,training_frequency,-1,0.472636815920398,0.472636815920398,0,0
shadow_trial,3447,2025-04-11,2025-04-21,-0.0010339232881941,2025,2024-12-31,training_frequency,-1,0.472636815920398,0.472636815920398,0,0
shadow_trial,3452,2025-04-18,2025-04-28,0.0048432383085554,2025,2024-12-31,training_frequency,-1,0.472636815920398,0.472636815920398,0,1
shadow_trial,3457,2025-04-25,2025-05-12,0.02116527880118,2025,2024-12-31,training_frequency,-1,0.472636815920398,0.472636815920398,0,1
shadow_trial,3464,2025-05-09,2025-05-19,0.0041484224873464,2025,2024-12-31,training_frequency,-1,0.472636815920398,0.472636815920398,0,1
shadow_trial,3469,2025-05-16,2025-05-26,-0.0017462660042188,2025,2024-12-31,training_frequency,-1,0.472636815920398,0.472636815920398,0,0
shadow_trial,3474,2025-05-23,2025-06-03,-0.0109216443615366,2025,2024-12-31,training_frequency,-1,0.472636815920398,0.472636815920398,0,0
shadow_trial,3479,2025-05-30,2025-06-09,0.011566574321892,2025,2024-12-31,training_frequency,-1,0.472636815920398,0.472636815920398,0,1
shadow_trial,3483,2025-06-06,2025-06-16,-0.0062354943524679,2025,2024-12-31,training_frequency,-1,0.472636815920398,0.472636815920398,0,0
shadow_trial,3488,2025-06-13,2025-06-23,-0.005825691168304,2025,2024-12-31,training_frequency,-1,0.472636815920398,0.472636815920398,0,0
shadow_trial,3493,2025-06-20,2025-06-30,0.0232670437490374,2025,2024-12-31,training_frequency,-1,0.472636815920398,0.472636815920398,0,1
shadow_trial,3498,2025-06-27,2025-07-07,0.0145345648685946,2025,2024-12-31,training_frequency,-1,0.472636815920398,0.472636815920398,0,1
shadow_trial,3503,2025-07-04,2025-07-14,0.0110426949002964,2025,2024-12-31,training_frequency,-1,0.472636815920398,0.472636815920398,0,1
shadow_trial,3508,2025-07-11,2025-07-21,0.0120759671840067,2025,2024-12-31,training_frequency,-1,0.472636815920398,0.472636815920398,0,1
shadow_trial,3513,2025-07-18,2025-07-28,0.0143570766898375,2025,2024-12-31,training_frequency,-1,0.472636815920398,0.472636815920398,0,1
shadow_trial,3518,2025-07-25,2025-08-04,-0.0218642507630443,2025,2024-12-31,training_frequency,-1,0.472636815920398,0.472636815920398,0,0
shadow_trial,3523,2025-08-01,2025-08-11,0.0179175520190988,2025,2024-12-31,training_frequency,-1,0.472636815920398,0.472636815920398,0,1
shadow_trial,3528,2025-08-08,2025-08-18,0.026265786598999,2025,2024-12-31,training_frequency,-1,0.472636815920398,0.472636815920398,0,1
shadow_trial,3533,2025-08-15,2025-08-25,0.0469483790671487,2025,2024-12-31,training_frequency,-1,0.472636815920398,0.472636815920398,0,1
shadow_trial,3538,2025-08-22,2025-09-01,0.0227770368340847,2025,2024-12-31,training_frequency,-1,0.472636815920398,0.472636815920398,0,1
shadow_trial,3543,2025-08-29,2025-09-08,-0.0110053842475337,2025,2024-12-31,training_frequency,-1,0.472636815920398,0.472636815920398,0,0
shadow_trial,3548,2025-09-05,2025-09-15,0.0151594857594405,2025,2024-12-31,training_frequency,-1,0.472636815920398,0.472636815920398,0,1
shadow_trial,3553,2025-09-12,2025-09-22,-0.0050409160971932,2025,2024-12-31,training_frequency,-1,0.472636815920398,0.472636815920398,0,0
shadow_trial,3558,2025-09-19,2025-09-29,0.0095300784790881,2025,2024-12-31,training_frequency,-1,0.472636815920398,0.472636815920398,0,1
shadow_trial,3563,2025-09-26,2025-10-13,-0.0140855274279203,2025,2024-12-31,training_frequency,-1,0.472636815920398,0.472636815920398,0,0
shadow_trial,3567,2025-10-10,2025-10-20,0.015001547584321,2025,2024-12-31,training_frequency,-1,0.472636815920398,0.472636815920398,0,1
shadow_trial,3572,2025-10-17,2025-10-27,0.0309637052897611,2025,2024-12-31,training_frequency,-1,0.472636815920398,0.472636815920398,0,1
shadow_trial,3577,2025-10-24,2025-11-03,-0.013331545863497,2025,2024-12-31,training_frequency,-1,0.472636815920398,0.472636815920398,0,0
shadow_trial,3582,2025-10-31,2025-11-10,0.0110832418536339,2025,2024-12-31,training_frequency,-1,0.472636815920398,0.472636815920398,0,1
shadow_trial,3587,2025-11-07,2025-11-17,-0.0152107881197579,2025,2024-12-31,training_frequency,-1,0.472636815920398,0.472636815920398,0,0
shadow_trial,3592,2025-11-14,2025-11-24,-0.031114557454173,2025,2024-12-31,training_frequency,-1,0.472636815920398,0.472636815920398,0,0
shadow_trial,3597,2025-11-21,2025-12-01,0.0147613767448515,2025,2024-12-31,training_frequency,-1,0.472636815920398,0.472636815920398,0,1
shadow_trial,3602,2025-11-28,2025-12-08,0.0118853804313106,2025,2024-12-31,training_frequency,-1,0.472636815920398,0.472636815920398,0,1
shadow_trial,3607,2025-12-05,2025-12-15,-0.0093922675990717,2025,2024-12-31,training_frequency,-1,0.472636815920398,0.472636815920398,0,0
shadow_trial,3612,2025-12-12,2025-12-22,0.0082791208791208,2025,2024-12-31,training_frequency,-1,0.472636815920398,0.472636815920398,0,1
shadow_trial,3617,2025-12-19,2025-12-29,0.0153890755001995,2025,2024-12-31,training_frequency,-1,0.472636815920398,0.472636815920398,0,1
shadow_trial,3622,2025-12-26,2026-01-12,0.0239101640737868,2025,2024-12-31,training_frequency,-1,0.472636815920398,0.472636815920398,0,1
shadow_trial,3384,2025-01-03,2025-01-13,-0.0189486730632231,2025,2024-12-31,learned_market,20260911,0.42821132783780086,0.42821132783780086,0,0
shadow_trial,3389,2025-01-10,2025-01-20,0.0353251773547418,2025,2024-12-31,learned_market,20260911,0.3899957296673264,0.3899957296673264,0,1
shadow_trial,3394,2025-01-17,2025-01-27,0.000432821422053,2025,2024-12-31,learned_market,20260911,0.5369659260153571,0.5369659260153571,1,1
shadow_trial,3399,2025-01-24,2025-02-10,0.0159344898044284,2025,2024-12-31,learned_market,20260911,0.579417237715051,0.579417237715051,1,1
shadow_trial,3403,2025-02-07,2025-02-17,0.0144454990892999,2025,2024-12-31,learned_market,20260911,0.6179638900480853,0.6179638900480853,1,1
shadow_trial,3408,2025-02-14,2025-02-24,0.0045695818086644,2025,2024-12-31,learned_market,20260911,0.616114705527485,0.616114705527485,1,1
shadow_trial,3413,2025-02-21,2025-03-03,-0.0183210488158531,2025,2024-12-31,learned_market,20260911,0.562117179520429,0.562117179520429,1,0
shadow_trial,3418,2025-02-28,2025-03-10,0.0117650075646844,2025,2024-12-31,learned_market,20260911,0.5285781284571346,0.5285781284571346,1,1
shadow_trial,3423,2025-03-07,2025-03-17,0.019023819058288,2025,2024-12-31,learned_market,20260911,0.4669000809915797,0.4669000809915797,0,1
shadow_trial,3428,2025-03-14,2025-03-24,-0.0259983485216283,2025,2024-12-31,learned_market,20260911,0.5699083421091582,0.5699083421091582,1,0
shadow_trial,3433,2025-03-21,2025-03-31,-0.0025867506275359,2025,2024-12-31,learned_market,20260911,0.41241409635776066,0.41241409635776066,0,0
shadow_trial,3438,2025-03-28,2025-04-14,-0.0342910101946246,2025,2024-12-31,learned_market,20260911,0.48277123146752016,0.48277123146752016,0,0
shadow_trial,3447,2025-04-11,2025-04-21,-0.0010339232881941,2025,2024-12-31,learned_market,20260911,0.5805268836119362,0.5805268836119362,1,0
shadow_trial,3452,2025-04-18,2025-04-28,0.0048432383085554,2025,2024-12-31,learned_market,20260911,0.5688872565915271,0.5688872565915271,1,1
shadow_trial,3457,2025-04-25,2025-05-12,0.02116527880118,2025,2024-12-31,learned_market,20260911,0.46122086100259085,0.46122086100259085,0,1
shadow_trial,3464,2025-05-09,2025-05-19,0.0041484224873464,2025,2024-12-31,learned_market,20260911,0.36466861561285696,0.36466861561285696,0,1
shadow_trial,3469,2025-05-16,2025-05-26,-0.0017462660042188,2025,2024-12-31,learned_market,20260911,0.18741885684315504,0.18741885684315504,0,0
shadow_trial,3474,2025-05-23,2025-06-03,-0.0109216443615366,2025,2024-12-31,learned_market,20260911,0.3329216730635309,0.3329216730635309,0,0
shadow_trial,3479,2025-05-30,2025-06-09,0.011566574321892,2025,2024-12-31,learned_market,20260911,0.27007284209566695,0.27007284209566695,0,1
shadow_trial,3483,2025-06-06,2025-06-16,-0.0062354943524679,2025,2024-12-31,learned_market,20260911,0.5350200825873069,0.5350200825873069,1,0
shadow_trial,3488,2025-06-13,2025-06-23,-0.005825691168304,2025,2024-12-31,learned_market,20260911,0.46140451244920655,0.46140451244920655,0,0
shadow_trial,3493,2025-06-20,2025-06-30,0.0232670437490374,2025,2024-12-31,learned_market,20260911,0.5232923093031243,0.5232923093031243,1,1
shadow_trial,3498,2025-06-27,2025-07-07,0.0145345648685946,2025,2024-12-31,learned_market,20260911,0.5610127223665392,0.5610127223665392,1,1
shadow_trial,3503,2025-07-04,2025-07-14,0.0110426949002964,2025,2024-12-31,learned_market,20260911,0.6568898114490267,0.6568898114490267,1,1
shadow_trial,3508,2025-07-11,2025-07-21,0.0120759671840067,2025,2024-12-31,learned_market,20260911,0.43798275099067796,0.43798275099067796,0,1
shadow_trial,3513,2025-07-18,2025-07-28,0.0143570766898375,2025,2024-12-31,learned_market,20260911,0.45123982610211855,0.45123982610211855,0,1
shadow_trial,3518,2025-07-25,2025-08-04,-0.0218642507630443,2025,2024-12-31,learned_market,20260911,0.37704556959575936,0.37704556959575936,0,0
shadow_trial,3523,2025-08-01,2025-08-11,0.0179175520190988,2025,2024-12-31,learned_market,20260911,0.3633584459405606,0.3633584459405606,0,1
shadow_trial,3528,2025-08-08,2025-08-18,0.026265786598999,2025,2024-12-31,learned_market,20260911,0.25506671682854865,0.25506671682854865,0,1
shadow_trial,3533,2025-08-15,2025-08-25,0.0469483790671487,2025,2024-12-31,learned_market,20260911,0.43449755283990127,0.43449755283990127,0,1
shadow_trial,3538,2025-08-22,2025-09-01,0.0227770368340847,2025,2024-12-31,learned_market,20260911,0.2874119167958537,0.2874119167958537,0,1
shadow_trial,3543,2025-08-29,2025-09-08,-0.0110053842475337,2025,2024-12-31,learned_market,20260911,0.4144480705711107,0.4144480705711107,0,0
shadow_trial,3548,2025-09-05,2025-09-15,0.0151594857594405,2025,2024-12-31,learned_market,20260911,0.3838102273043383,0.3838102273043383,0,1
shadow_trial,3553,2025-09-12,2025-09-22,-0.0050409160971932,2025,2024-12-31,learned_market,20260911,0.5124875202553011,0.5124875202553011,1,0
shadow_trial,3558,2025-09-19,2025-09-29,0.0095300784790881,2025,2024-12-31,learned_market,20260911,0.3928507736042907,0.3928507736042907,0,1
shadow_trial,3563,2025-09-26,2025-10-13,-0.0140855274279203,2025,2024-12-31,learned_market,20260911,0.41332433429860765,0.41332433429860765,0,0
shadow_trial,3567,2025-10-10,2025-10-20,0.015001547584321,2025,2024-12-31,learned_market,20260911,0.39652535500617797,0.39652535500617797,0,1
shadow_trial,3572,2025-10-17,2025-10-27,0.0309637052897611,2025,2024-12-31,learned_market,20260911,0.42439454752251166,0.42439454752251166,0,1
shadow_trial,3577,2025-10-24,2025-11-03,-0.013331545863497,2025,2024-12-31,learned_market,20260911,0.4963236766187404,0.4963236766187404,0,0
shadow_trial,3582,2025-10-31,2025-11-10,0.0110832418536339,2025,2024-12-31,learned_market,20260911,0.4730427794043573,0.4730427794043573,0,1
shadow_trial,3587,2025-11-07,2025-11-17,-0.0152107881197579,2025,2024-12-31,learned_market,20260911,0.44365920815082127,0.44365920815082127,0,0
shadow_trial,3592,2025-11-14,2025-11-24,-0.031114557454173,2025,2024-12-31,learned_market,20260911,0.3630011295793128,0.3630011295793128,0,0
shadow_trial,3597,2025-11-21,2025-12-01,0.0147613767448515,2025,2024-12-31,learned_market,20260911,0.4325167072212306,0.4325167072212306,0,1
shadow_trial,3602,2025-11-28,2025-12-08,0.0118853804313106,2025,2024-12-31,learned_market,20260911,0.4434066953212215,0.4434066953212215,0,1
shadow_trial,3607,2025-12-05,2025-12-15,-0.0093922675990717,2025,2024-12-31,learned_market,20260911,0.47126486204905454,0.47126486204905454,0,0
shadow_trial,3612,2025-12-12,2025-12-22,0.0082791208791208,2025,2024-12-31,learned_market,20260911,0.466174156942272,0.466174156942272,0,1
shadow_trial,3617,2025-12-19,2025-12-29,0.0153890755001995,2025,2024-12-31,learned_market,20260911,0.5523517140626968,0.5523517140626968,1,1
shadow_trial,3622,2025-12-26,2026-01-12,0.0239101640737868,2025,2024-12-31,learned_market,20260911,0.533323234860134,0.533323234860134,1,1
shadow_trial,3384,2025-01-03,2025-01-13,-0.0189486730632231,2025,2024-12-31,learned_vol_interaction,20260911,0.4305231359543153,0.4305231359543153,0,0
shadow_trial,3389,2025-01-10,2025-01-20,0.0353251773547418,2025,2024-12-31,learned_vol_interaction,20260911,0.38884089510088987,0.38884089510088987,0,1
shadow_trial,3394,2025-01-17,2025-01-27,0.000432821422053,2025,2024-12-31,learned_vol_interaction,20260911,0.5344292773183893,0.5344292773183893,1,1
shadow_trial,3399,2025-01-24,2025-02-10,0.0159344898044284,2025,2024-12-31,learned_vol_interaction,20260911,0.5733087009015438,0.5733087009015438,1,1
shadow_trial,3403,2025-02-07,2025-02-17,0.0144454990892999,2025,2024-12-31,learned_vol_interaction,20260911,0.6229730094392066,0.6229730094392066,1,1
shadow_trial,3408,2025-02-14,2025-02-24,0.0045695818086644,2025,2024-12-31,learned_vol_interaction,20260911,0.6249392220388966,0.6249392220388966,1,1
shadow_trial,3413,2025-02-21,2025-03-03,-0.0183210488158531,2025,2024-12-31,learned_vol_interaction,20260911,0.5770853748295083,0.5770853748295083,1,0
shadow_trial,3418,2025-02-28,2025-03-10,0.0117650075646844,2025,2024-12-31,learned_vol_interaction,20260911,0.5320196258694382,0.5320196258694382,1,1
shadow_trial,3423,2025-03-07,2025-03-17,0.019023819058288,2025,2024-12-31,learned_vol_interaction,20260911,0.4709950343968562,0.4709950343968562,0,1
shadow_trial,3428,2025-03-14,2025-03-24,-0.0259983485216283,2025,2024-12-31,learned_vol_interaction,20260911,0.5689479286300063,0.5689479286300063,1,0
shadow_trial,3433,2025-03-21,2025-03-31,-0.0025867506275359,2025,2024-12-31,learned_vol_interaction,20260911,0.4073280883173269,0.4073280883173269,0,0
shadow_trial,3438,2025-03-28,2025-04-14,-0.0342910101946246,2025,2024-12-31,learned_vol_interaction,20260911,0.4833458290624725,0.4833458290624725,0,0
shadow_trial,3447,2025-04-11,2025-04-21,-0.0010339232881941,2025,2024-12-31,learned_vol_interaction,20260911,0.5558462748112867,0.5558462748112867,1,0
shadow_trial,3452,2025-04-18,2025-04-28,0.0048432383085554,2025,2024-12-31,learned_vol_interaction,20260911,0.5512669000081979,0.5512669000081979,1,1
shadow_trial,3457,2025-04-25,2025-05-12,0.02116527880118,2025,2024-12-31,learned_vol_interaction,20260911,0.46126589698872084,0.46126589698872084,0,1
shadow_trial,3464,2025-05-09,2025-05-19,0.0041484224873464,2025,2024-12-31,learned_vol_interaction,20260911,0.3657811119346164,0.3657811119346164,0,1
shadow_trial,3469,2025-05-16,2025-05-26,-0.0017462660042188,2025,2024-12-31,learned_vol_interaction,20260911,0.17005088379113875,0.17005088379113875,0,0
shadow_trial,3474,2025-05-23,2025-06-03,-0.0109216443615366,2025,2024-12-31,learned_vol_interaction,20260911,0.33365244663818855,0.33365244663818855,0,0
shadow_trial,3479,2025-05-30,2025-06-09,0.011566574321892,2025,2024-12-31,learned_vol_interaction,20260911,0.25952747706866647,0.25952747706866647,0,1
shadow_trial,3483,2025-06-06,2025-06-16,-0.0062354943524679,2025,2024-12-31,learned_vol_interaction,20260911,0.5526607674508816,0.5526607674508816,1,0
shadow_trial,3488,2025-06-13,2025-06-23,-0.005825691168304,2025,2024-12-31,learned_vol_interaction,20260911,0.47804200570352084,0.47804200570352084,0,0
shadow_trial,3493,2025-06-20,2025-06-30,0.0232670437490374,2025,2024-12-31,learned_vol_interaction,20260911,0.5462388483085826,0.5462388483085826,1,1
shadow_trial,3498,2025-06-27,2025-07-07,0.0145345648685946,2025,2024-12-31,learned_vol_interaction,20260911,0.578261270104434,0.578261270104434,1,1
shadow_trial,3503,2025-07-04,2025-07-14,0.0110426949002964,2025,2024-12-31,learned_vol_interaction,20260911,0.6743637676475238,0.6743637676475238,1,1
shadow_trial,3508,2025-07-11,2025-07-21,0.0120759671840067,2025,2024-12-31,learned_vol_interaction,20260911,0.44186685371591494,0.44186685371591494,0,1
shadow_trial,3513,2025-07-18,2025-07-28,0.0143570766898375,2025,2024-12-31,learned_vol_interaction,20260911,0.4541727142574433,0.4541727142574433,0,1
shadow_trial,3518,2025-07-25,2025-08-04,-0.0218642507630443,2025,2024-12-31,learned_vol_interaction,20260911,0.3697066493096656,0.3697066493096656,0,0
shadow_trial,3523,2025-08-01,2025-08-11,0.0179175520190988,2025,2024-12-31,learned_vol_interaction,20260911,0.3568661377683452,0.3568661377683452,0,1
shadow_trial,3528,2025-08-08,2025-08-18,0.026265786598999,2025,2024-12-31,learned_vol_interaction,20260911,0.24449969015279646,0.24449969015279646,0,1
shadow_trial,3533,2025-08-15,2025-08-25,0.0469483790671487,2025,2024-12-31,learned_vol_interaction,20260911,0.4318144455464327,0.4318144455464327,0,1
shadow_trial,3538,2025-08-22,2025-09-01,0.0227770368340847,2025,2024-12-31,learned_vol_interaction,20260911,0.27370668176480956,0.27370668176480956,0,1
shadow_trial,3543,2025-08-29,2025-09-08,-0.0110053842475337,2025,2024-12-31,learned_vol_interaction,20260911,0.40151160251610146,0.40151160251610146,0,0
shadow_trial,3548,2025-09-05,2025-09-15,0.0151594857594405,2025,2024-12-31,learned_vol_interaction,20260911,0.3754866622737605,0.3754866622737605,0,1
shadow_trial,3553,2025-09-12,2025-09-22,-0.0050409160971932,2025,2024-12-31,learned_vol_interaction,20260911,0.5014167977109265,0.5014167977109265,1,0
shadow_trial,3558,2025-09-19,2025-09-29,0.0095300784790881,2025,2024-12-31,learned_vol_interaction,20260911,0.38974705652523406,0.38974705652523406,0,1
shadow_trial,3563,2025-09-26,2025-10-13,-0.0140855274279203,2025,2024-12-31,learned_vol_interaction,20260911,0.40553483605344315,0.40553483605344315,0,0
shadow_trial,3567,2025-10-10,2025-10-20,0.015001547584321,2025,2024-12-31,learned_vol_interaction,20260911,0.39263370477182047,0.39263370477182047,0,1
shadow_trial,3572,2025-10-17,2025-10-27,0.0309637052897611,2025,2024-12-31,learned_vol_interaction,20260911,0.42128573794261726,0.42128573794261726,0,1
shadow_trial,3577,2025-10-24,2025-11-03,-0.013331545863497,2025,2024-12-31,learned_vol_interaction,20260911,0.49112931362620926,0.49112931362620926,0,0
shadow_trial,3582,2025-10-31,2025-11-10,0.0110832418536339,2025,2024-12-31,learned_vol_interaction,20260911,0.46985105287253015,0.46985105287253015,0,1
shadow_trial,3587,2025-11-07,2025-11-17,-0.0152107881197579,2025,2024-12-31,learned_vol_interaction,20260911,0.4380619074891022,0.4380619074891022,0,0
shadow_trial,3592,2025-11-14,2025-11-24,-0.031114557454173,2025,2024-12-31,learned_vol_interaction,20260911,0.3608128995476907,0.3608128995476907,0,0
shadow_trial,3597,2025-11-21,2025-12-01,0.0147613767448515,2025,2024-12-31,learned_vol_interaction,20260911,0.43045334038020117,0.43045334038020117,0,1
shadow_trial,3602,2025-11-28,2025-12-08,0.0118853804313106,2025,2024-12-31,learned_vol_interaction,20260911,0.44305774903695255,0.44305774903695255,0,1
shadow_trial,3607,2025-12-05,2025-12-15,-0.0093922675990717,2025,2024-12-31,learned_vol_interaction,20260911,0.47164710073246285,0.47164710073246285,0,0
shadow_trial,3612,2025-12-12,2025-12-22,0.0082791208791208,2025,2024-12-31,learned_vol_interaction,20260911,0.46870417547105653,0.46870417547105653,0,1
shadow_trial,3617,2025-12-19,2025-12-29,0.0153890755001995,2025,2024-12-31,learned_vol_interaction,20260911,0.5642517372007931,0.5642517372007931,1,1
shadow_trial,3622,2025-12-26,2026-01-12,0.0239101640737868,2025,2024-12-31,learned_vol_interaction,20260911,0.5419304727663321,0.5419304727663321,1,1
shadow_trial,3384,2025-01-03,2025-01-13,-0.0189486730632231,2025,2024-12-31,learned_order_extension,20260911,0.43065388292304235,0.43065388292304235,0,0
shadow_trial,3389,2025-01-10,2025-01-20,0.0353251773547418,2025,2024-12-31,learned_order_extension,20260911,0.3891931634884253,0.3891931634884253,0,1
shadow_trial,3394,2025-01-17,2025-01-27,0.000432821422053,2025,2024-12-31,learned_order_extension,20260911,0.5293310636016386,0.5293310636016386,1,1
shadow_trial,3399,2025-01-24,2025-02-10,0.0159344898044284,2025,2024-12-31,learned_order_extension,20260911,0.5678795814188538,0.5678795814188538,1,1
shadow_trial,3403,2025-02-07,2025-02-17,0.0144454990892999,2025,2024-12-31,learned_order_extension,20260911,0.6181569415812861,0.6181569415812861,1,1
shadow_trial,3408,2025-02-14,2025-02-24,0.0045695818086644,2025,2024-12-31,learned_order_extension,20260911,0.623244763024503,0.623244763024503,1,1
shadow_trial,3413,2025-02-21,2025-03-03,-0.0183210488158531,2025,2024-12-31,learned_order_extension,20260911,0.5698307059548449,0.5698307059548449,1,0
shadow_trial,3418,2025-02-28,2025-03-10,0.0117650075646844,2025,2024-12-31,learned_order_extension,20260911,0.5277004284689892,0.5277004284689892,1,1
shadow_trial,3423,2025-03-07,2025-03-17,0.019023819058288,2025,2024-12-31,learned_order_extension,20260911,0.4694347191401159,0.4694347191401159,0,1
shadow_trial,3428,2025-03-14,2025-03-24,-0.0259983485216283,2025,2024-12-31,learned_order_extension,20260911,0.5654667556034778,0.5654667556034778,1,0
shadow_trial,3433,2025-03-21,2025-03-31,-0.0025867506275359,2025,2024-12-31,learned_order_extension,20260911,0.40561065982780425,0.40561065982780425,0,0
shadow_trial,3438,2025-03-28,2025-04-14,-0.0342910101946246,2025,2024-12-31,learned_order_extension,20260911,0.47795042275731253,0.47795042275731253,0,0
shadow_trial,3447,2025-04-11,2025-04-21,-0.0010339232881941,2025,2024-12-31,learned_order_extension,20260911,0.5534048068203342,0.5534048068203342,1,0
shadow_trial,3452,2025-04-18,2025-04-28,0.0048432383085554,2025,2024-12-31,learned_order_extension,20260911,0.5527203776973565,0.5527203776973565,1,1
shadow_trial,3457,2025-04-25,2025-05-12,0.02116527880118,2025,2024-12-31,learned_order_extension,20260911,0.46353892920875955,0.46353892920875955,0,1
shadow_trial,3464,2025-05-09,2025-05-19,0.0041484224873464,2025,2024-12-31,learned_order_extension,20260911,0.3649445140094585,0.3649445140094585,0,1
shadow_trial,3469,2025-05-16,2025-05-26,-0.0017462660042188,2025,2024-12-31,learned_order_extension,20260911,0.17192052045639458,0.17192052045639458,0,0
shadow_trial,3474,2025-05-23,2025-06-03,-0.0109216443615366,2025,2024-12-31,learned_order_extension,20260911,0.3297069268491959,0.3297069268491959,0,0
shadow_trial,3479,2025-05-30,2025-06-09,0.011566574321892,2025,2024-12-31,learned_order_extension,20260911,0.25644623657123405,0.25644623657123405,0,1
shadow_trial,3483,2025-06-06,2025-06-16,-0.0062354943524679,2025,2024-12-31,learned_order_extension,20260911,0.5532426962840995,0.5532426962840995,1,0
shadow_trial,3488,2025-06-13,2025-06-23,-0.005825691168304,2025,2024-12-31,learned_order_extension,20260911,0.47407583994699376,0.47407583994699376,0,0
shadow_trial,3493,2025-06-20,2025-06-30,0.0232670437490374,2025,2024-12-31,learned_order_extension,20260911,0.5441758763268831,0.5441758763268831,1,1
shadow_trial,3498,2025-06-27,2025-07-07,0.0145345648685946,2025,2024-12-31,learned_order_extension,20260911,0.5789884729243365,0.5789884729243365,1,1
shadow_trial,3503,2025-07-04,2025-07-14,0.0110426949002964,2025,2024-12-31,learned_order_extension,20260911,0.6783853641950703,0.6783853641950703,1,1
shadow_trial,3508,2025-07-11,2025-07-21,0.0120759671840067,2025,2024-12-31,learned_order_extension,20260911,0.44194145653903777,0.44194145653903777,0,1
shadow_trial,3513,2025-07-18,2025-07-28,0.0143570766898375,2025,2024-12-31,learned_order_extension,20260911,0.4542765697501973,0.4542765697501973,0,1
shadow_trial,3518,2025-07-25,2025-08-04,-0.0218642507630443,2025,2024-12-31,learned_order_extension,20260911,0.3705804310840424,0.3705804310840424,0,0
shadow_trial,3523,2025-08-01,2025-08-11,0.0179175520190988,2025,2024-12-31,learned_order_extension,20260911,0.35640700933897784,0.35640700933897784,0,1
shadow_trial,3528,2025-08-08,2025-08-18,0.026265786598999,2025,2024-12-31,learned_order_extension,20260911,0.2417717229228953,0.2417717229228953,0,1
shadow_trial,3533,2025-08-15,2025-08-25,0.0469483790671487,2025,2024-12-31,learned_order_extension,20260911,0.43183334017409475,0.43183334017409475,0,1
shadow_trial,3538,2025-08-22,2025-09-01,0.0227770368340847,2025,2024-12-31,learned_order_extension,20260911,0.27716170555763187,0.27716170555763187,0,1
shadow_trial,3543,2025-08-29,2025-09-08,-0.0110053842475337,2025,2024-12-31,learned_order_extension,20260911,0.4016632874897146,0.4016632874897146,0,0
shadow_trial,3548,2025-09-05,2025-09-15,0.0151594857594405,2025,2024-12-31,learned_order_extension,20260911,0.37420831674124977,0.37420831674124977,0,1
shadow_trial,3553,2025-09-12,2025-09-22,-0.0050409160971932,2025,2024-12-31,learned_order_extension,20260911,0.503147055984005,0.503147055984005,1,0
shadow_trial,3558,2025-09-19,2025-09-29,0.0095300784790881,2025,2024-12-31,learned_order_extension,20260911,0.39333913585245617,0.39333913585245617,0,1
shadow_trial,3563,2025-09-26,2025-10-13,-0.0140855274279203,2025,2024-12-31,learned_order_extension,20260911,0.4081318148640021,0.4081318148640021,0,0
shadow_trial,3567,2025-10-10,2025-10-20,0.015001547584321,2025,2024-12-31,learned_order_extension,20260911,0.39565615038452323,0.39565615038452323,0,1
shadow_trial,3572,2025-10-17,2025-10-27,0.0309637052897611,2025,2024-12-31,learned_order_extension,20260911,0.42255179794346875,0.42255179794346875,0,1
shadow_trial,3577,2025-10-24,2025-11-03,-0.013331545863497,2025,2024-12-31,learned_order_extension,20260911,0.49361418515659217,0.49361418515659217,0,0
shadow_trial,3582,2025-10-31,2025-11-10,0.0110832418536339,2025,2024-12-31,learned_order_extension,20260911,0.4726211474285555,0.4726211474285555,0,1
shadow_trial,3587,2025-11-07,2025-11-17,-0.0152107881197579,2025,2024-12-31,learned_order_extension,20260911,0.4416487626577909,0.4416487626577909,0,0
shadow_trial,3592,2025-11-14,2025-11-24,-0.031114557454173,2025,2024-12-31,learned_order_extension,20260911,0.3660465218959073,0.3660465218959073,0,0
shadow_trial,3597,2025-11-21,2025-12-01,0.0147613767448515,2025,2024-12-31,learned_order_extension,20260911,0.43021957760648394,0.43021957760648394,0,1
shadow_trial,3602,2025-11-28,2025-12-08,0.0118853804313106,2025,2024-12-31,learned_order_extension,20260911,0.44090841427684524,0.44090841427684524,0,1
shadow_trial,3607,2025-12-05,2025-12-15,-0.0093922675990717,2025,2024-12-31,learned_order_extension,20260911,0.46850888999820245,0.46850888999820245,0,0
shadow_trial,3612,2025-12-12,2025-12-22,0.0082791208791208,2025,2024-12-31,learned_order_extension,20260911,0.46414163121931723,0.46414163121931723,0,1
shadow_trial,3617,2025-12-19,2025-12-29,0.0153890755001995,2025,2024-12-31,learned_order_extension,20260911,0.5579043003982375,0.5579043003982375,1,1
shadow_trial,3622,2025-12-26,2026-01-12,0.0239101640737868,2025,2024-12-31,learned_order_extension,20260911,0.5396185574902365,0.5396185574902365,1,1
shadow_trial,3384,2025-01-03,2025-01-13,-0.0189486730632231,2025,2024-12-31,learned_order_offset,20260911,0.430743812553328,0.430743812553328,0,0
shadow_trial,3389,2025-01-10,2025-01-20,0.0353251773547418,2025,2024-12-31,learned_order_offset,20260911,0.3892930545383684,0.3892930545383684,0,1
shadow_trial,3394,2025-01-17,2025-01-27,0.000432821422053,2025,2024-12-31,learned_order_offset,20260911,0.52934454260111,0.52934454260111,1,1
shadow_trial,3399,2025-01-24,2025-02-10,0.0159344898044284,2025,2024-12-31,learned_order_offset,20260911,0.5679288793949586,0.5679288793949586,1,1
shadow_trial,3403,2025-02-07,2025-02-17,0.0144454990892999,2025,2024-12-31,learned_order_offset,20260911,0.6181544426401614,0.6181544426401614,1,1
shadow_trial,3408,2025-02-14,2025-02-24,0.0045695818086644,2025,2024-12-31,learned_order_offset,20260911,0.6233447631977894,0.6233447631977894,1,1
shadow_trial,3413,2025-02-21,2025-03-03,-0.0183210488158531,2025,2024-12-31,learned_order_offset,20260911,0.5699444546955538,0.5699444546955538,1,0
shadow_trial,3418,2025-02-28,2025-03-10,0.0117650075646844,2025,2024-12-31,learned_order_offset,20260911,0.5277660121776485,0.5277660121776485,1,1
shadow_trial,3423,2025-03-07,2025-03-17,0.019023819058288,2025,2024-12-31,learned_order_offset,20260911,0.46953630716328854,0.46953630716328854,0,1
shadow_trial,3428,2025-03-14,2025-03-24,-0.0259983485216283,2025,2024-12-31,learned_order_offset,20260911,0.5655482902240324,0.5655482902240324,1,0
shadow_trial,3433,2025-03-21,2025-03-31,-0.0025867506275359,2025,2024-12-31,learned_order_offset,20260911,0.4056793971990091,0.4056793971990091,0,0
shadow_trial,3438,2025-03-28,2025-04-14,-0.0342910101946246,2025,2024-12-31,learned_order_offset,20260911,0.4779797038173516,0.4779797038173516,0,0
shadow_trial,3447,2025-04-11,2025-04-21,-0.0010339232881941,2025,2024-12-31,learned_order_offset,20260911,0.5534156127217199,0.5534156127217199,1,0
shadow_trial,3452,2025-04-18,2025-04-28,0.0048432383085554,2025,2024-12-31,learned_order_offset,20260911,0.5527711816702962,0.5527711816702962,1,1
shadow_trial,3457,2025-04-25,2025-05-12,0.02116527880118,2025,2024-12-31,learned_order_offset,20260911,0.4636520171330569,0.4636520171330569,0,1
shadow_trial,3464,2025-05-09,2025-05-19,0.0041484224873464,2025,2024-12-31,learned_order_offset,20260911,0.3649837526397116,0.3649837526397116,0,1
shadow_trial,3469,2025-05-16,2025-05-26,-0.0017462660042188,2025,2024-12-31,learned_order_offset,20260911,0.17197716836939528,0.17197716836939528,0,0
shadow_trial,3474,2025-05-23,2025-06-03,-0.0109216443615366,2025,2024-12-31,learned_order_offset,20260911,0.32979664486342924,0.32979664486342924,0,0
shadow_trial,3479,2025-05-30,2025-06-09,0.011566574321892,2025,2024-12-31,learned_order_offset,20260911,0.25647722408918133,0.25647722408918133,0,1
shadow_trial,3483,2025-06-06,2025-06-16,-0.0062354943524679,2025,2024-12-31,learned_order_offset,20260911,0.5531494136647972,0.5531494136647972,1,0
shadow_trial,3488,2025-06-13,2025-06-23,-0.005825691168304,2025,2024-12-31,learned_order_offset,20260911,0.4740674277221567,0.4740674277221567,0,0
shadow_trial,3493,2025-06-20,2025-06-30,0.0232670437490374,2025,2024-12-31,learned_order_offset,20260911,0.5441829119226477,0.5441829119226477,1,1
shadow_trial,3498,2025-06-27,2025-07-07,0.0145345648685946,2025,2024-12-31,learned_order_offset,20260911,0.578950056434683,0.578950056434683,1,1
shadow_trial,3503,2025-07-04,2025-07-14,0.0110426949002964,2025,2024-12-31,learned_order_offset,20260911,0.678441879183803,0.678441879183803,1,1
shadow_trial,3508,2025-07-11,2025-07-21,0.0120759671840067,2025,2024-12-31,learned_order_offset,20260911,0.44212080116495506,0.44212080116495506,0,1
shadow_trial,3513,2025-07-18,2025-07-28,0.0143570766898375,2025,2024-12-31,learned_order_offset,20260911,0.4543231137369766,0.4543231137369766,0,1
shadow_trial,3518,2025-07-25,2025-08-04,-0.0218642507630443,2025,2024-12-31,learned_order_offset,20260911,0.370682013137504,0.370682013137504,0,0
shadow_trial,3523,2025-08-01,2025-08-11,0.0179175520190988,2025,2024-12-31,learned_order_offset,20260911,0.35640730086727934,0.35640730086727934,0,1
shadow_trial,3528,2025-08-08,2025-08-18,0.026265786598999,2025,2024-12-31,learned_order_offset,20260911,0.2417753577493673,0.2417753577493673,0,1
shadow_trial,3533,2025-08-15,2025-08-25,0.0469483790671487,2025,2024-12-31,learned_order_offset,20260911,0.4318249881848226,0.4318249881848226,0,1
shadow_trial,3538,2025-08-22,2025-09-01,0.0227770368340847,2025,2024-12-31,learned_order_offset,20260911,0.2771710881877151,0.2771710881877151,0,1
shadow_trial,3543,2025-08-29,2025-09-08,-0.0110053842475337,2025,2024-12-31,learned_order_offset,20260911,0.4015498956176379,0.4015498956176379,0,0
shadow_trial,3548,2025-09-05,2025-09-15,0.0151594857594405,2025,2024-12-31,learned_order_offset,20260911,0.37420565733546446,0.37420565733546446,0,1
shadow_trial,3553,2025-09-12,2025-09-22,-0.0050409160971932,2025,2024-12-31,learned_order_offset,20260911,0.5031042607505921,0.5031042607505921,1,0
shadow_trial,3558,2025-09-19,2025-09-29,0.0095300784790881,2025,2024-12-31,learned_order_offset,20260911,0.39333063714085875,0.39333063714085875,0,1
shadow_trial,3563,2025-09-26,2025-10-13,-0.0140855274279203,2025,2024-12-31,learned_order_offset,20260911,0.40808585003619935,0.40808585003619935,0,0
shadow_trial,3567,2025-10-10,2025-10-20,0.015001547584321,2025,2024-12-31,learned_order_offset,20260911,0.3957431714352963,0.3957431714352963,0,1
shadow_trial,3572,2025-10-17,2025-10-27,0.0309637052897611,2025,2024-12-31,learned_order_offset,20260911,0.42266319973139616,0.42266319973139616,0,1
shadow_trial,3577,2025-10-24,2025-11-03,-0.013331545863497,2025,2024-12-31,learned_order_offset,20260911,0.49371915485702594,0.49371915485702594,0,0
shadow_trial,3582,2025-10-31,2025-11-10,0.0110832418536339,2025,2024-12-31,learned_order_offset,20260911,0.47277881290406026,0.47277881290406026,0,1
shadow_trial,3587,2025-11-07,2025-11-17,-0.0152107881197579,2025,2024-12-31,learned_order_offset,20260911,0.4417302067850907,0.4417302067850907,0,0
shadow_trial,3592,2025-11-14,2025-11-24,-0.031114557454173,2025,2024-12-31,learned_order_offset,20260911,0.3662030345617859,0.3662030345617859,0,0
shadow_trial,3597,2025-11-21,2025-12-01,0.0147613767448515,2025,2024-12-31,learned_order_offset,20260911,0.4303049057033289,0.4303049057033289,0,1
shadow_trial,3602,2025-11-28,2025-12-08,0.0118853804313106,2025,2024-12-31,learned_order_offset,20260911,0.4410215325004137,0.4410215325004137,0,1
shadow_trial,3607,2025-12-05,2025-12-15,-0.0093922675990717,2025,2024-12-31,learned_order_offset,20260911,0.46862239506081244,0.46862239506081244,0,0
shadow_trial,3612,2025-12-12,2025-12-22,0.0082791208791208,2025,2024-12-31,learned_order_offset,20260911,0.4642603203194423,0.4642603203194423,0,1
shadow_trial,3617,2025-12-19,2025-12-29,0.0153890755001995,2025,2024-12-31,learned_order_offset,20260911,0.557967937341776,0.557967937341776,1,1
shadow_trial,3622,2025-12-26,2026-01-12,0.0239101640737868,2025,2024-12-31,learned_order_offset,20260911,0.5397728826316699,0.5397728826316699,1,1
shadow_trial,3384,2025-01-03,2025-01-13,-0.0189486730632231,2025,2024-12-31,native_mse,20260911,-0.002243633031677963,,0,0
shadow_trial,3389,2025-01-10,2025-01-20,0.0353251773547418,2025,2024-12-31,native_mse,20260911,-0.0018394813791051527,,0,1
shadow_trial,3394,2025-01-17,2025-01-27,0.000432821422053,2025,2024-12-31,native_mse,20260911,-0.0014393263633927758,,0,1
shadow_trial,3399,2025-01-24,2025-02-10,0.0159344898044284,2025,2024-12-31,native_mse,20260911,-0.0005732481089145066,,0,1
shadow_trial,3403,2025-02-07,2025-02-17,0.0144454990892999,2025,2024-12-31,native_mse,20260911,-0.0003493640286036611,,0,1
shadow_trial,3408,2025-02-14,2025-02-24,0.0045695818086644,2025,2024-12-31,native_mse,20260911,-6.571465300264602e-06,,0,1
shadow_trial,3413,2025-02-21,2025-03-03,-0.0183210488158531,2025,2024-12-31,native_mse,20260911,0.00010564573035517886,,1,0
shadow_trial,3418,2025-02-28,2025-03-10,0.0117650075646844,2025,2024-12-31,native_mse,20260911,0.00030938900384146466,,1,1
shadow_trial,3423,2025-03-07,2025-03-17,0.019023819058288,2025,2024-12-31,native_mse,20260911,0.0003527669941379203,,1,1
shadow_trial,3428,2025-03-14,2025-03-24,-0.0259983485216283,2025,2024-12-31,native_mse,20260911,0.0004719065040533454,,1,0
shadow_trial,3433,2025-03-21,2025-03-31,-0.0025867506275359,2025,2024-12-31,native_mse,20260911,0.0001374212134311476,,1,0
shadow_trial,3438,2025-03-28,2025-04-14,-0.0342910101946246,2025,2024-12-31,native_mse,20260911,0.0003460895283123176,,1,0
shadow_trial,3447,2025-04-11,2025-04-21,-0.0010339232881941,2025,2024-12-31,native_mse,20260911,0.000247650617921614,,1,0
shadow_trial,3452,2025-04-18,2025-04-28,0.0048432383085554,2025,2024-12-31,native_mse,20260911,0.0005399418130639047,,1,1
shadow_trial,3457,2025-04-25,2025-05-12,0.02116527880118,2025,2024-12-31,native_mse,20260911,0.00041859235087992534,,1,1
shadow_trial,3464,2025-05-09,2025-05-19,0.0041484224873464,2025,2024-12-31,native_mse,20260911,-0.00023324757687195213,,0,1
shadow_trial,3469,2025-05-16,2025-05-26,-0.0017462660042188,2025,2024-12-31,native_mse,20260911,-0.0007053097438131018,,0,0
shadow_trial,3474,2025-05-23,2025-06-03,-0.0109216443615366,2025,2024-12-31,native_mse,20260911,-0.0004283154814639044,,0,0
shadow_trial,3479,2025-05-30,2025-06-09,0.011566574321892,2025,2024-12-31,native_mse,20260911,-0.0007435280421209072,,0,1
shadow_trial,3483,2025-06-06,2025-06-16,-0.0062354943524679,2025,2024-12-31,native_mse,20260911,0.00031992663879525335,,1,0
shadow_trial,3488,2025-06-13,2025-06-23,-0.005825691168304,2025,2024-12-31,native_mse,20260911,-0.00012583521126832513,,0,0
shadow_trial,3493,2025-06-20,2025-06-30,0.0232670437490374,2025,2024-12-31,native_mse,20260911,0.0004804870845920942,,1,1
shadow_trial,3498,2025-06-27,2025-07-07,0.0145345648685946,2025,2024-12-31,native_mse,20260911,0.0003559800730399111,,1,1
shadow_trial,3503,2025-07-04,2025-07-14,0.0110426949002964,2025,2024-12-31,native_mse,20260911,0.0001003436982822433,,1,1
shadow_trial,3508,2025-07-11,2025-07-21,0.0120759671840067,2025,2024-12-31,native_mse,20260911,0.00011930674045287023,,1,1
shadow_trial,3513,2025-07-18,2025-07-28,0.0143570766898375,2025,2024-12-31,native_mse,20260911,-0.00014021210404791933,,0,1
shadow_trial,3518,2025-07-25,2025-08-04,-0.0218642507630443,2025,2024-12-31,native_mse,20260911,-0.0010675431152552786,,0,0
shadow_trial,3523,2025-08-01,2025-08-11,0.0179175520190988,2025,2024-12-31,native_mse,20260911,-0.0011114652147751107,,0,1
shadow_trial,3528,2025-08-08,2025-08-18,0.026265786598999,2025,2024-12-31,native_mse,20260911,-0.0011821175732785794,,0,1
shadow_trial,3533,2025-08-15,2025-08-25,0.0469483790671487,2025,2024-12-31,native_mse,20260911,-0.001692750035902398,,0,1
shadow_trial,3538,2025-08-22,2025-09-01,0.0227770368340847,2025,2024-12-31,native_mse,20260911,-0.0020785336587941633,,0,1
shadow_trial,3543,2025-08-29,2025-09-08,-0.0110053842475337,2025,2024-12-31,native_mse,20260911,-0.0022958519339049935,,0,0
shadow_trial,3548,2025-09-05,2025-09-15,0.0151594857594405,2025,2024-12-31,native_mse,20260911,-0.002811169444921857,,0,1
shadow_trial,3553,2025-09-12,2025-09-22,-0.0050409160971932,2025,2024-12-31,native_mse,20260911,-0.0028821755195373713,,0,0
shadow_trial,3558,2025-09-19,2025-09-29,0.0095300784790881,2025,2024-12-31,native_mse,20260911,-0.0027270038017814854,,0,1
shadow_trial,3563,2025-09-26,2025-10-13,-0.0140855274279203,2025,2024-12-31,native_mse,20260911,-0.002671446424452231,,0,0
shadow_trial,3567,2025-10-10,2025-10-20,0.015001547584321,2025,2024-12-31,native_mse,20260911,-0.002875353278749809,,0,1
shadow_trial,3572,2025-10-17,2025-10-27,0.0309637052897611,2025,2024-12-31,native_mse,20260911,-0.0026759293493526775,,0,1
shadow_trial,3577,2025-10-24,2025-11-03,-0.013331545863497,2025,2024-12-31,native_mse,20260911,-0.0024118634853773644,,0,0
shadow_trial,3582,2025-10-31,2025-11-10,0.0110832418536339,2025,2024-12-31,native_mse,20260911,-0.0024513790865101073,,0,1
shadow_trial,3587,2025-11-07,2025-11-17,-0.0152107881197579,2025,2024-12-31,native_mse,20260911,-0.0023441841984512364,,0,0
shadow_trial,3592,2025-11-14,2025-11-24,-0.031114557454173,2025,2024-12-31,native_mse,20260911,-0.0023326617843834286,,0,0
shadow_trial,3597,2025-11-21,2025-12-01,0.0147613767448515,2025,2024-12-31,native_mse,20260911,-0.0021695162719280723,,0,1
shadow_trial,3602,2025-11-28,2025-12-08,0.0118853804313106,2025,2024-12-31,native_mse,20260911,-0.0021230276394656705,,0,1
shadow_trial,3607,2025-12-05,2025-12-15,-0.0093922675990717,2025,2024-12-31,native_mse,20260911,-0.0018508009821854902,,0,0
shadow_trial,3612,2025-12-12,2025-12-22,0.0082791208791208,2025,2024-12-31,native_mse,20260911,-0.0014574936445709685,,0,1
shadow_trial,3617,2025-12-19,2025-12-29,0.0153890755001995,2025,2024-12-31,native_mse,20260911,-0.001196551069802699,,0,1
shadow_trial,3622,2025-12-26,2026-01-12,0.0239101640737868,2025,2024-12-31,native_mse,20260911,-0.0009424910062058391,,0,1
shadow_trial,3384,2025-01-03,2025-01-13,-0.0189486730632231,2025,2024-12-31,learned_market,20260912,0.42089025641362,0.42089025641362,0,0
shadow_trial,3389,2025-01-10,2025-01-20,0.0353251773547418,2025,2024-12-31,learned_market,20260912,0.6539720773420672,0.6539720773420672,1,1
shadow_trial,3394,2025-01-17,2025-01-27,0.000432821422053,2025,2024-12-31,learned_market,20260912,0.5597316894392553,0.5597316894392553,1,1
shadow_trial,3399,2025-01-24,2025-02-10,0.0159344898044284,2025,2024-12-31,learned_market,20260912,0.7143346906245566,0.7143346906245566,1,1
shadow_trial,3403,2025-02-07,2025-02-17,0.0144454990892999,2025,2024-12-31,learned_market,20260912,0.6628191037923492,0.6628191037923492,1,1
shadow_trial,3408,2025-02-14,2025-02-24,0.0045695818086644,2025,2024-12-31,learned_market,20260912,0.6357468977060057,0.6357468977060057,1,1
shadow_trial,3413,2025-02-21,2025-03-03,-0.0183210488158531,2025,2024-12-31,learned_market,20260912,0.3807729420629625,0.3807729420629625,0,0
shadow_trial,3418,2025-02-28,2025-03-10,0.0117650075646844,2025,2024-12-31,learned_market,20260912,0.5714127704615375,0.5714127704615375,1,1
shadow_trial,3423,2025-03-07,2025-03-17,0.019023819058288,2025,2024-12-31,learned_market,20260912,0.2731298059228326,0.2731298059228326,0,1
shadow_trial,3428,2025-03-14,2025-03-24,-0.0259983485216283,2025,2024-12-31,learned_market,20260912,0.696672234818679,0.696672234818679,1,0
shadow_trial,3433,2025-03-21,2025-03-31,-0.0025867506275359,2025,2024-12-31,learned_market,20260912,0.5676267142547179,0.5676267142547179,1,0
shadow_trial,3438,2025-03-28,2025-04-14,-0.0342910101946246,2025,2024-12-31,learned_market,20260912,0.560911448173473,0.560911448173473,1,0
shadow_trial,3447,2025-04-11,2025-04-21,-0.0010339232881941,2025,2024-12-31,learned_market,20260912,0.5215906360273727,0.5215906360273727,1,0
shadow_trial,3452,2025-04-18,2025-04-28,0.0048432383085554,2025,2024-12-31,learned_market,20260912,0.6471632189538753,0.6471632189538753,1,1
shadow_trial,3457,2025-04-25,2025-05-12,0.02116527880118,2025,2024-12-31,learned_market,20260912,0.4695696106758965,0.4695696106758965,0,1
shadow_trial,3464,2025-05-09,2025-05-19,0.0041484224873464,2025,2024-12-31,learned_market,20260912,0.22514170688818488,0.22514170688818488,0,1
shadow_trial,3469,2025-05-16,2025-05-26,-0.0017462660042188,2025,2024-12-31,learned_market,20260912,0.31332898029792033,0.31332898029792033,0,0
shadow_trial,3474,2025-05-23,2025-06-03,-0.0109216443615366,2025,2024-12-31,learned_market,20260912,0.19958434143711248,0.19958434143711248,0,0
shadow_trial,3479,2025-05-30,2025-06-09,0.011566574321892,2025,2024-12-31,learned_market,20260912,0.15629075747992066,0.15629075747992066,0,1
shadow_trial,3483,2025-06-06,2025-06-16,-0.0062354943524679,2025,2024-12-31,learned_market,20260912,0.37428363998955994,0.37428363998955994,0,0
shadow_trial,3488,2025-06-13,2025-06-23,-0.005825691168304,2025,2024-12-31,learned_market,20260912,0.2863959921610815,0.2863959921610815,0,0
shadow_trial,3493,2025-06-20,2025-06-30,0.0232670437490374,2025,2024-12-31,learned_market,20260912,0.41408451859112755,0.41408451859112755,0,1
shadow_trial,3498,2025-06-27,2025-07-07,0.0145345648685946,2025,2024-12-31,learned_market,20260912,0.5266011272495493,0.5266011272495493,1,1
shadow_trial,3503,2025-07-04,2025-07-14,0.0110426949002964,2025,2024-12-31,learned_market,20260912,0.44691982418443277,0.44691982418443277,0,1
shadow_trial,3508,2025-07-11,2025-07-21,0.0120759671840067,2025,2024-12-31,learned_market,20260912,0.5272263603973415,0.5272263603973415,1,1
shadow_trial,3513,2025-07-18,2025-07-28,0.0143570766898375,2025,2024-12-31,learned_market,20260912,0.7010339582730474,0.7010339582730474,1,1
shadow_trial,3518,2025-07-25,2025-08-04,-0.0218642507630443,2025,2024-12-31,learned_market,20260912,0.5207227531667084,0.5207227531667084,1,0
shadow_trial,3523,2025-08-01,2025-08-11,0.0179175520190988,2025,2024-12-31,learned_market,20260912,0.5533128799487951,0.5533128799487951,1,1
shadow_trial,3528,2025-08-08,2025-08-18,0.026265786598999,2025,2024-12-31,learned_market,20260912,0.2654483154600339,0.2654483154600339,0,1
shadow_trial,3533,2025-08-15,2025-08-25,0.0469483790671487,2025,2024-12-31,learned_market,20260912,0.430346000343231,0.430346000343231,0,1
shadow_trial,3538,2025-08-22,2025-09-01,0.0227770368340847,2025,2024-12-31,learned_market,20260912,0.3374740410180076,0.3374740410180076,0,1
shadow_trial,3543,2025-08-29,2025-09-08,-0.0110053842475337,2025,2024-12-31,learned_market,20260912,0.6668290394265773,0.6668290394265773,1,0
shadow_trial,3548,2025-09-05,2025-09-15,0.0151594857594405,2025,2024-12-31,learned_market,20260912,0.4151247806853778,0.4151247806853778,0,1
shadow_trial,3553,2025-09-12,2025-09-22,-0.0050409160971932,2025,2024-12-31,learned_market,20260912,0.616582283637926,0.616582283637926,1,0
shadow_trial,3558,2025-09-19,2025-09-29,0.0095300784790881,2025,2024-12-31,learned_market,20260912,0.346159438667962,0.346159438667962,0,1
shadow_trial,3563,2025-09-26,2025-10-13,-0.0140855274279203,2025,2024-12-31,learned_market,20260912,0.49779557172832706,0.49779557172832706,0,0
shadow_trial,3567,2025-10-10,2025-10-20,0.015001547584321,2025,2024-12-31,learned_market,20260912,0.3895908035061002,0.3895908035061002,0,1
shadow_trial,3572,2025-10-17,2025-10-27,0.0309637052897611,2025,2024-12-31,learned_market,20260912,0.3177445291528448,0.3177445291528448,0,1
shadow_trial,3577,2025-10-24,2025-11-03,-0.013331545863497,2025,2024-12-31,learned_market,20260912,0.42278957435073633,0.42278957435073633,0,0
shadow_trial,3582,2025-10-31,2025-11-10,0.0110832418536339,2025,2024-12-31,learned_market,20260912,0.3919874136237784,0.3919874136237784,0,1
shadow_trial,3587,2025-11-07,2025-11-17,-0.0152107881197579,2025,2024-12-31,learned_market,20260912,0.6609499739654151,0.6609499739654151,1,0
shadow_trial,3592,2025-11-14,2025-11-24,-0.031114557454173,2025,2024-12-31,learned_market,20260912,0.3466593681574228,0.3466593681574228,0,0
shadow_trial,3597,2025-11-21,2025-12-01,0.0147613767448515,2025,2024-12-31,learned_market,20260912,0.4838072174788579,0.4838072174788579,0,1
shadow_trial,3602,2025-11-28,2025-12-08,0.0118853804313106,2025,2024-12-31,learned_market,20260912,0.414545745424932,0.414545745424932,0,1
shadow_trial,3607,2025-12-05,2025-12-15,-0.0093922675990717,2025,2024-12-31,learned_market,20260912,0.4072710676381864,0.4072710676381864,0,0
shadow_trial,3612,2025-12-12,2025-12-22,0.0082791208791208,2025,2024-12-31,learned_market,20260912,0.6119699471537875,0.6119699471537875,1,1
shadow_trial,3617,2025-12-19,2025-12-29,0.0153890755001995,2025,2024-12-31,learned_market,20260912,0.6182896063570782,0.6182896063570782,1,1
shadow_trial,3622,2025-12-26,2026-01-12,0.0239101640737868,2025,2024-12-31,learned_market,20260912,0.5300571832747044,0.5300571832747044,1,1
shadow_trial,3384,2025-01-03,2025-01-13,-0.0189486730632231,2025,2024-12-31,learned_vol_interaction,20260912,0.4216991098514313,0.4216991098514313,0,0
shadow_trial,3389,2025-01-10,2025-01-20,0.0353251773547418,2025,2024-12-31,learned_vol_interaction,20260912,0.6572683815072808,0.6572683815072808,1,1
shadow_trial,3394,2025-01-17,2025-01-27,0.000432821422053,2025,2024-12-31,learned_vol_interaction,20260912,0.5624117839252505,0.5624117839252505,1,1
shadow_trial,3399,2025-01-24,2025-02-10,0.0159344898044284,2025,2024-12-31,learned_vol_interaction,20260912,0.7143566519320824,0.7143566519320824,1,1
shadow_trial,3403,2025-02-07,2025-02-17,0.0144454990892999,2025,2024-12-31,learned_vol_interaction,20260912,0.6656753647706254,0.6656753647706254,1,1
shadow_trial,3408,2025-02-14,2025-02-24,0.0045695818086644,2025,2024-12-31,learned_vol_interaction,20260912,0.6366748986711647,0.6366748986711647,1,1
shadow_trial,3413,2025-02-21,2025-03-03,-0.0183210488158531,2025,2024-12-31,learned_vol_interaction,20260912,0.3758479309011285,0.3758479309011285,0,0
shadow_trial,3418,2025-02-28,2025-03-10,0.0117650075646844,2025,2024-12-31,learned_vol_interaction,20260912,0.5709205167438731,0.5709205167438731,1,1
shadow_trial,3423,2025-03-07,2025-03-17,0.019023819058288,2025,2024-12-31,learned_vol_interaction,20260912,0.2697314685006311,0.2697314685006311,0,1
shadow_trial,3428,2025-03-14,2025-03-24,-0.0259983485216283,2025,2024-12-31,learned_vol_interaction,20260912,0.6971511109958376,0.6971511109958376,1,0
shadow_trial,3433,2025-03-21,2025-03-31,-0.0025867506275359,2025,2024-12-31,learned_vol_interaction,20260912,0.5692380331101397,0.5692380331101397,1,0
shadow_trial,3438,2025-03-28,2025-04-14,-0.0342910101946246,2025,2024-12-31,learned_vol_interaction,20260912,0.5653548865619433,0.5653548865619433,1,0
shadow_trial,3447,2025-04-11,2025-04-21,-0.0010339232881941,2025,2024-12-31,learned_vol_interaction,20260912,0.5182124590150238,0.5182124590150238,1,0
shadow_trial,3452,2025-04-18,2025-04-28,0.0048432383085554,2025,2024-12-31,learned_vol_interaction,20260912,0.6373210111342115,0.6373210111342115,1,1
shadow_trial,3457,2025-04-25,2025-05-12,0.02116527880118,2025,2024-12-31,learned_vol_interaction,20260912,0.4715989287340677,0.4715989287340677,0,1
shadow_trial,3464,2025-05-09,2025-05-19,0.0041484224873464,2025,2024-12-31,learned_vol_interaction,20260912,0.2195213618582217,0.2195213618582217,0,1
shadow_trial,3469,2025-05-16,2025-05-26,-0.0017462660042188,2025,2024-12-31,learned_vol_interaction,20260912,0.30980692288748674,0.30980692288748674,0,0
shadow_trial,3474,2025-05-23,2025-06-03,-0.0109216443615366,2025,2024-12-31,learned_vol_interaction,20260912,0.19480935035671804,0.19480935035671804,0,0
shadow_trial,3479,2025-05-30,2025-06-09,0.011566574321892,2025,2024-12-31,learned_vol_interaction,20260912,0.15118619506064962,0.15118619506064962,0,1
shadow_trial,3483,2025-06-06,2025-06-16,-0.0062354943524679,2025,2024-12-31,learned_vol_interaction,20260912,0.37427363804780367,0.37427363804780367,0,0
shadow_trial,3488,2025-06-13,2025-06-23,-0.005825691168304,2025,2024-12-31,learned_vol_interaction,20260912,0.28249272154558186,0.28249272154558186,0,0
shadow_trial,3493,2025-06-20,2025-06-30,0.0232670437490374,2025,2024-12-31,learned_vol_interaction,20260912,0.41432413530429735,0.41432413530429735,0,1
shadow_trial,3498,2025-06-27,2025-07-07,0.0145345648685946,2025,2024-12-31,learned_vol_interaction,20260912,0.527574063118162,0.527574063118162,1,1
shadow_trial,3503,2025-07-04,2025-07-14,0.0110426949002964,2025,2024-12-31,learned_vol_interaction,20260912,0.4460138413271689,0.4460138413271689,0,1
shadow_trial,3508,2025-07-11,2025-07-21,0.0120759671840067,2025,2024-12-31,learned_vol_interaction,20260912,0.5313131532633956,0.5313131532633956,1,1
shadow_trial,3513,2025-07-18,2025-07-28,0.0143570766898375,2025,2024-12-31,learned_vol_interaction,20260912,0.7086416116210668,0.7086416116210668,1,1
shadow_trial,3518,2025-07-25,2025-08-04,-0.0218642507630443,2025,2024-12-31,learned_vol_interaction,20260912,0.5244618144098299,0.5244618144098299,1,0
shadow_trial,3523,2025-08-01,2025-08-11,0.0179175520190988,2025,2024-12-31,learned_vol_interaction,20260912,0.5580312472539825,0.5580312472539825,1,1
shadow_trial,3528,2025-08-08,2025-08-18,0.026265786598999,2025,2024-12-31,learned_vol_interaction,20260912,0.25990682624063666,0.25990682624063666,0,1
shadow_trial,3533,2025-08-15,2025-08-25,0.0469483790671487,2025,2024-12-31,learned_vol_interaction,20260912,0.4307306379319456,0.4307306379319456,0,1
shadow_trial,3538,2025-08-22,2025-09-01,0.0227770368340847,2025,2024-12-31,learned_vol_interaction,20260912,0.3345407523434467,0.3345407523434467,0,1
shadow_trial,3543,2025-08-29,2025-09-08,-0.0110053842475337,2025,2024-12-31,learned_vol_interaction,20260912,0.6696935042280467,0.6696935042280467,1,0
shadow_trial,3548,2025-09-05,2025-09-15,0.0151594857594405,2025,2024-12-31,learned_vol_interaction,20260912,0.4127840561217513,0.4127840561217513,0,1
shadow_trial,3553,2025-09-12,2025-09-22,-0.0050409160971932,2025,2024-12-31,learned_vol_interaction,20260912,0.6132751573531933,0.6132751573531933,1,0
shadow_trial,3558,2025-09-19,2025-09-29,0.0095300784790881,2025,2024-12-31,learned_vol_interaction,20260912,0.3454408676898515,0.3454408676898515,0,1
shadow_trial,3563,2025-09-26,2025-10-13,-0.0140855274279203,2025,2024-12-31,learned_vol_interaction,20260912,0.49682258462544754,0.49682258462544754,0,0
shadow_trial,3567,2025-10-10,2025-10-20,0.015001547584321,2025,2024-12-31,learned_vol_interaction,20260912,0.38708416794246603,0.38708416794246603,0,1
shadow_trial,3572,2025-10-17,2025-10-27,0.0309637052897611,2025,2024-12-31,learned_vol_interaction,20260912,0.3157098671172643,0.3157098671172643,0,1
shadow_trial,3577,2025-10-24,2025-11-03,-0.013331545863497,2025,2024-12-31,learned_vol_interaction,20260912,0.4208911959584494,0.4208911959584494,0,0
shadow_trial,3582,2025-10-31,2025-11-10,0.0110832418536339,2025,2024-12-31,learned_vol_interaction,20260912,0.3900158389526887,0.3900158389526887,0,1
shadow_trial,3587,2025-11-07,2025-11-17,-0.0152107881197579,2025,2024-12-31,learned_vol_interaction,20260912,0.659622747508864,0.659622747508864,1,0
shadow_trial,3592,2025-11-14,2025-11-24,-0.031114557454173,2025,2024-12-31,learned_vol_interaction,20260912,0.34326605537210186,0.34326605537210186,0,0
shadow_trial,3597,2025-11-21,2025-12-01,0.0147613767448515,2025,2024-12-31,learned_vol_interaction,20260912,0.48314566355901645,0.48314566355901645,0,1
shadow_trial,3602,2025-11-28,2025-12-08,0.0118853804313106,2025,2024-12-31,learned_vol_interaction,20260912,0.41500219502025004,0.41500219502025004,0,1
shadow_trial,3607,2025-12-05,2025-12-15,-0.0093922675990717,2025,2024-12-31,learned_vol_interaction,20260912,0.4068651499818389,0.4068651499818389,0,0
shadow_trial,3612,2025-12-12,2025-12-22,0.0082791208791208,2025,2024-12-31,learned_vol_interaction,20260912,0.616228716247792,0.616228716247792,1,1
shadow_trial,3617,2025-12-19,2025-12-29,0.0153890755001995,2025,2024-12-31,learned_vol_interaction,20260912,0.623898158108595,0.623898158108595,1,1
shadow_trial,3622,2025-12-26,2026-01-12,0.0239101640737868,2025,2024-12-31,learned_vol_interaction,20260912,0.5313345497973928,0.5313345497973928,1,1
shadow_trial,3384,2025-01-03,2025-01-13,-0.0189486730632231,2025,2024-12-31,learned_order_extension,20260912,0.43188465804609494,0.43188465804609494,0,0
shadow_trial,3389,2025-01-10,2025-01-20,0.0353251773547418,2025,2024-12-31,learned_order_extension,20260912,0.7180313467789317,0.7180313467789317,1,1
shadow_trial,3394,2025-01-17,2025-01-27,0.000432821422053,2025,2024-12-31,learned_order_extension,20260912,0.6186516338053223,0.6186516338053223,1,1
shadow_trial,3399,2025-01-24,2025-02-10,0.0159344898044284,2025,2024-12-31,learned_order_extension,20260912,0.7832822932916682,0.7832822932916682,1,1
shadow_trial,3403,2025-02-07,2025-02-17,0.0144454990892999,2025,2024-12-31,learned_order_extension,20260912,0.7098765758367355,0.7098765758367355,1,1
shadow_trial,3408,2025-02-14,2025-02-24,0.0045695818086644,2025,2024-12-31,learned_order_extension,20260912,0.6855283540318028,0.6855283540318028,1,1
shadow_trial,3413,2025-02-21,2025-03-03,-0.0183210488158531,2025,2024-12-31,learned_order_extension,20260912,0.40938066472725215,0.40938066472725215,0,0
shadow_trial,3418,2025-02-28,2025-03-10,0.0117650075646844,2025,2024-12-31,learned_order_extension,20260912,0.6433684681685069,0.6433684681685069,1,1
shadow_trial,3423,2025-03-07,2025-03-17,0.019023819058288,2025,2024-12-31,learned_order_extension,20260912,0.25002023502263354,0.25002023502263354,0,1
shadow_trial,3428,2025-03-14,2025-03-24,-0.0259983485216283,2025,2024-12-31,learned_order_extension,20260912,0.7238176657049011,0.7238176657049011,1,0
shadow_trial,3433,2025-03-21,2025-03-31,-0.0025867506275359,2025,2024-12-31,learned_order_extension,20260912,0.5988742871040955,0.5988742871040955,1,0
shadow_trial,3438,2025-03-28,2025-04-14,-0.0342910101946246,2025,2024-12-31,learned_order_extension,20260912,0.6204095542696454,0.6204095542696454,1,0
shadow_trial,3447,2025-04-11,2025-04-21,-0.0010339232881941,2025,2024-12-31,learned_order_extension,20260912,0.5146965896009417,0.5146965896009417,1,0
shadow_trial,3452,2025-04-18,2025-04-28,0.0048432383085554,2025,2024-12-31,learned_order_extension,20260912,0.6661309990671398,0.6661309990671398,1,1
shadow_trial,3457,2025-04-25,2025-05-12,0.02116527880118,2025,2024-12-31,learned_order_extension,20260912,0.4604952035655177,0.4604952035655177,0,1
shadow_trial,3464,2025-05-09,2025-05-19,0.0041484224873464,2025,2024-12-31,learned_order_extension,20260912,0.21512770114159974,0.21512770114159974,0,1
shadow_trial,3469,2025-05-16,2025-05-26,-0.0017462660042188,2025,2024-12-31,learned_order_extension,20260912,0.3277789625470372,0.3277789625470372,0,0
shadow_trial,3474,2025-05-23,2025-06-03,-0.0109216443615366,2025,2024-12-31,learned_order_extension,20260912,0.22531154624064548,0.22531154624064548,0,0
shadow_trial,3479,2025-05-30,2025-06-09,0.011566574321892,2025,2024-12-31,learned_order_extension,20260912,0.20222044538989106,0.20222044538989106,0,1
shadow_trial,3483,2025-06-06,2025-06-16,-0.0062354943524679,2025,2024-12-31,learned_order_extension,20260912,0.407089298223714,0.407089298223714,0,0
shadow_trial,3488,2025-06-13,2025-06-23,-0.005825691168304,2025,2024-12-31,learned_order_extension,20260912,0.2982937492446568,0.2982937492446568,0,0
shadow_trial,3493,2025-06-20,2025-06-30,0.0232670437490374,2025,2024-12-31,learned_order_extension,20260912,0.4376549986924258,0.4376549986924258,0,1
shadow_trial,3498,2025-06-27,2025-07-07,0.0145345648685946,2025,2024-12-31,learned_order_extension,20260912,0.5181270090222981,0.5181270090222981,1,1
shadow_trial,3503,2025-07-04,2025-07-14,0.0110426949002964,2025,2024-12-31,learned_order_extension,20260912,0.44975661840836995,0.44975661840836995,0,1
shadow_trial,3508,2025-07-11,2025-07-21,0.0120759671840067,2025,2024-12-31,learned_order_extension,20260912,0.5396775320772306,0.5396775320772306,1,1
shadow_trial,3513,2025-07-18,2025-07-28,0.0143570766898375,2025,2024-12-31,learned_order_extension,20260912,0.7181896217551942,0.7181896217551942,1,1
shadow_trial,3518,2025-07-25,2025-08-04,-0.0218642507630443,2025,2024-12-31,learned_order_extension,20260912,0.4788967000353738,0.4788967000353738,0,0
shadow_trial,3523,2025-08-01,2025-08-11,0.0179175520190988,2025,2024-12-31,learned_order_extension,20260912,0.5048920607412078,0.5048920607412078,1,1
shadow_trial,3528,2025-08-08,2025-08-18,0.026265786598999,2025,2024-12-31,learned_order_extension,20260912,0.2671707254058088,0.2671707254058088,0,1
shadow_trial,3533,2025-08-15,2025-08-25,0.0469483790671487,2025,2024-12-31,learned_order_extension,20260912,0.42899078082677655,0.42899078082677655,0,1
shadow_trial,3538,2025-08-22,2025-09-01,0.0227770368340847,2025,2024-12-31,learned_order_extension,20260912,0.3149107808618338,0.3149107808618338,0,1
shadow_trial,3543,2025-08-29,2025-09-08,-0.0110053842475337,2025,2024-12-31,learned_order_extension,20260912,0.6822563563025544,0.6822563563025544,1,0
shadow_trial,3548,2025-09-05,2025-09-15,0.0151594857594405,2025,2024-12-31,learned_order_extension,20260912,0.413546101176203,0.413546101176203,0,1
shadow_trial,3553,2025-09-12,2025-09-22,-0.0050409160971932,2025,2024-12-31,learned_order_extension,20260912,0.5955127190576712,0.5955127190576712,1,0
shadow_trial,3558,2025-09-19,2025-09-29,0.0095300784790881,2025,2024-12-31,learned_order_extension,20260912,0.3203365822384075,0.3203365822384075,0,1
shadow_trial,3563,2025-09-26,2025-10-13,-0.0140855274279203,2025,2024-12-31,learned_order_extension,20260912,0.49370493999167486,0.49370493999167486,0,0
shadow_trial,3567,2025-10-10,2025-10-20,0.015001547584321,2025,2024-12-31,learned_order_extension,20260912,0.3618256973057808,0.3618256973057808,0,1
shadow_trial,3572,2025-10-17,2025-10-27,0.0309637052897611,2025,2024-12-31,learned_order_extension,20260912,0.312619869218582,0.312619869218582,0,1
shadow_trial,3577,2025-10-24,2025-11-03,-0.013331545863497,2025,2024-12-31,learned_order_extension,20260912,0.40985370086401507,0.40985370086401507,0,0
shadow_trial,3582,2025-10-31,2025-11-10,0.0110832418536339,2025,2024-12-31,learned_order_extension,20260912,0.3627331529148393,0.3627331529148393,0,1
shadow_trial,3587,2025-11-07,2025-11-17,-0.0152107881197579,2025,2024-12-31,learned_order_extension,20260912,0.718885721140873,0.718885721140873,1,0
shadow_trial,3592,2025-11-14,2025-11-24,-0.031114557454173,2025,2024-12-31,learned_order_extension,20260912,0.30698939617400184,0.30698939617400184,0,0
shadow_trial,3597,2025-11-21,2025-12-01,0.0147613767448515,2025,2024-12-31,learned_order_extension,20260912,0.5182169356345201,0.5182169356345201,1,1
shadow_trial,3602,2025-11-28,2025-12-08,0.0118853804313106,2025,2024-12-31,learned_order_extension,20260912,0.4275392206065502,0.4275392206065502,0,1
shadow_trial,3607,2025-12-05,2025-12-15,-0.0093922675990717,2025,2024-12-31,learned_order_extension,20260912,0.4221602938281845,0.4221602938281845,0,0
shadow_trial,3612,2025-12-12,2025-12-22,0.0082791208791208,2025,2024-12-31,learned_order_extension,20260912,0.686955951008886,0.686955951008886,1,1
shadow_trial,3617,2025-12-19,2025-12-29,0.0153890755001995,2025,2024-12-31,learned_order_extension,20260912,0.6978439415509934,0.6978439415509934,1,1
shadow_trial,3622,2025-12-26,2026-01-12,0.0239101640737868,2025,2024-12-31,learned_order_extension,20260912,0.5576069048924787,0.5576069048924787,1,1
shadow_trial,3384,2025-01-03,2025-01-13,-0.0189486730632231,2025,2024-12-31,learned_order_offset,20260912,0.4326309825835323,0.4326309825835323,0,0
shadow_trial,3389,2025-01-10,2025-01-20,0.0353251773547418,2025,2024-12-31,learned_order_offset,20260912,0.7155096866522207,0.7155096866522207,1,1
shadow_trial,3394,2025-01-17,2025-01-27,0.000432821422053,2025,2024-12-31,learned_order_offset,20260912,0.6172483281551261,0.6172483281551261,1,1
shadow_trial,3399,2025-01-24,2025-02-10,0.0159344898044284,2025,2024-12-31,learned_order_offset,20260912,0.7808632543831274,0.7808632543831274,1,1
shadow_trial,3403,2025-02-07,2025-02-17,0.0144454990892999,2025,2024-12-31,learned_order_offset,20260912,0.7081726942730068,0.7081726942730068,1,1
shadow_trial,3408,2025-02-14,2025-02-24,0.0045695818086644,2025,2024-12-31,learned_order_offset,20260912,0.6832841057647039,0.6832841057647039,1,1
shadow_trial,3413,2025-02-21,2025-03-03,-0.0183210488158531,2025,2024-12-31,learned_order_offset,20260912,0.4117646835265383,0.4117646835265383,0,0
shadow_trial,3418,2025-02-28,2025-03-10,0.0117650075646844,2025,2024-12-31,learned_order_offset,20260912,0.6412881777301309,0.6412881777301309,1,1
shadow_trial,3423,2025-03-07,2025-03-17,0.019023819058288,2025,2024-12-31,learned_order_offset,20260912,0.25180315037211576,0.25180315037211576,0,1
shadow_trial,3428,2025-03-14,2025-03-24,-0.0259983485216283,2025,2024-12-31,learned_order_offset,20260912,0.7172777696525664,0.7172777696525664,1,0
shadow_trial,3433,2025-03-21,2025-03-31,-0.0025867506275359,2025,2024-12-31,learned_order_offset,20260912,0.5938462138293957,0.5938462138293957,1,0
shadow_trial,3438,2025-03-28,2025-04-14,-0.0342910101946246,2025,2024-12-31,learned_order_offset,20260912,0.6157709090258536,0.6157709090258536,1,0
shadow_trial,3447,2025-04-11,2025-04-21,-0.0010339232881941,2025,2024-12-31,learned_order_offset,20260912,0.5120728879925767,0.5120728879925767,1,0
shadow_trial,3452,2025-04-18,2025-04-28,0.0048432383085554,2025,2024-12-31,learned_order_offset,20260912,0.6635249152228766,0.6635249152228766,1,1
shadow_trial,3457,2025-04-25,2025-05-12,0.02116527880118,2025,2024-12-31,learned_order_offset,20260912,0.46286812448480785,0.46286812448480785,0,1
shadow_trial,3464,2025-05-09,2025-05-19,0.0041484224873464,2025,2024-12-31,learned_order_offset,20260912,0.21962607564301329,0.21962607564301329,0,1
shadow_trial,3469,2025-05-16,2025-05-26,-0.0017462660042188,2025,2024-12-31,learned_order_offset,20260912,0.33141150174739936,0.33141150174739936,0,0
shadow_trial,3474,2025-05-23,2025-06-03,-0.0109216443615366,2025,2024-12-31,learned_order_offset,20260912,0.23046429657969508,0.23046429657969508,0,0
shadow_trial,3479,2025-05-30,2025-06-09,0.011566574321892,2025,2024-12-31,learned_order_offset,20260912,0.2076334788658006,0.2076334788658006,0,1
shadow_trial,3483,2025-06-06,2025-06-16,-0.0062354943524679,2025,2024-12-31,learned_order_offset,20260912,0.4107608831952894,0.4107608831952894,0,0
shadow_trial,3488,2025-06-13,2025-06-23,-0.005825691168304,2025,2024-12-31,learned_order_offset,20260912,0.2988370145555203,0.2988370145555203,0,0
shadow_trial,3493,2025-06-20,2025-06-30,0.0232670437490374,2025,2024-12-31,learned_order_offset,20260912,0.4375904241651662,0.4375904241651662,0,1
shadow_trial,3498,2025-06-27,2025-07-07,0.0145345648685946,2025,2024-12-31,learned_order_offset,20260912,0.51621490195825,0.51621490195825,1,1
shadow_trial,3503,2025-07-04,2025-07-14,0.0110426949002964,2025,2024-12-31,learned_order_offset,20260912,0.4492168708376479,0.4492168708376479,0,1
shadow_trial,3508,2025-07-11,2025-07-21,0.0120759671840067,2025,2024-12-31,learned_order_offset,20260912,0.5370542470526525,0.5370542470526525,1,1
shadow_trial,3513,2025-07-18,2025-07-28,0.0143570766898375,2025,2024-12-31,learned_order_offset,20260912,0.7112619395712232,0.7112619395712232,1,1
shadow_trial,3518,2025-07-25,2025-08-04,-0.0218642507630443,2025,2024-12-31,learned_order_offset,20260912,0.4726001591921405,0.4726001591921405,0,0
shadow_trial,3523,2025-08-01,2025-08-11,0.0179175520190988,2025,2024-12-31,learned_order_offset,20260912,0.5020957913429207,0.5020957913429207,1,1
shadow_trial,3528,2025-08-08,2025-08-18,0.026265786598999,2025,2024-12-31,learned_order_offset,20260912,0.2658596532709608,0.2658596532709608,0,1
shadow_trial,3533,2025-08-15,2025-08-25,0.0469483790671487,2025,2024-12-31,learned_order_offset,20260912,0.4277797400971979,0.4277797400971979,0,1
shadow_trial,3538,2025-08-22,2025-09-01,0.0227770368340847,2025,2024-12-31,learned_order_offset,20260912,0.31588824917538333,0.31588824917538333,0,1
shadow_trial,3543,2025-08-29,2025-09-08,-0.0110053842475337,2025,2024-12-31,learned_order_offset,20260912,0.6781481763268534,0.6781481763268534,1,0
shadow_trial,3548,2025-09-05,2025-09-15,0.0151594857594405,2025,2024-12-31,learned_order_offset,20260912,0.41515740085251923,0.41515740085251923,0,1
shadow_trial,3553,2025-09-12,2025-09-22,-0.0050409160971932,2025,2024-12-31,learned_order_offset,20260912,0.595827474959161,0.595827474959161,1,0
shadow_trial,3558,2025-09-19,2025-09-29,0.0095300784790881,2025,2024-12-31,learned_order_offset,20260912,0.32359209816667756,0.32359209816667756,0,1
shadow_trial,3563,2025-09-26,2025-10-13,-0.0140855274279203,2025,2024-12-31,learned_order_offset,20260912,0.4955932405531918,0.4955932405531918,0,0
shadow_trial,3567,2025-10-10,2025-10-20,0.015001547584321,2025,2024-12-31,learned_order_offset,20260912,0.3626841037082148,0.3626841037082148,0,1
shadow_trial,3572,2025-10-17,2025-10-27,0.0309637052897611,2025,2024-12-31,learned_order_offset,20260912,0.3155072074467302,0.3155072074467302,0,1
shadow_trial,3577,2025-10-24,2025-11-03,-0.013331545863497,2025,2024-12-31,learned_order_offset,20260912,0.41018847226300936,0.41018847226300936,0,0
shadow_trial,3582,2025-10-31,2025-11-10,0.0110832418536339,2025,2024-12-31,learned_order_offset,20260912,0.36389960460436116,0.36389960460436116,0,1
shadow_trial,3587,2025-11-07,2025-11-17,-0.0152107881197579,2025,2024-12-31,learned_order_offset,20260912,0.7158905437459984,0.7158905437459984,1,0
shadow_trial,3592,2025-11-14,2025-11-24,-0.031114557454173,2025,2024-12-31,learned_order_offset,20260912,0.30770955732411853,0.30770955732411853,0,0
shadow_trial,3597,2025-11-21,2025-12-01,0.0147613767448515,2025,2024-12-31,learned_order_offset,20260912,0.5191415404011084,0.5191415404011084,1,1
shadow_trial,3602,2025-11-28,2025-12-08,0.0118853804313106,2025,2024-12-31,learned_order_offset,20260912,0.42732723868442246,0.42732723868442246,0,1
shadow_trial,3607,2025-12-05,2025-12-15,-0.0093922675990717,2025,2024-12-31,learned_order_offset,20260912,0.42170161654928456,0.42170161654928456,0,0
shadow_trial,3612,2025-12-12,2025-12-22,0.0082791208791208,2025,2024-12-31,learned_order_offset,20260912,0.6839209467759624,0.6839209467759624,1,1
shadow_trial,3617,2025-12-19,2025-12-29,0.0153890755001995,2025,2024-12-31,learned_order_offset,20260912,0.6937306559843779,0.6937306559843779,1,1
shadow_trial,3622,2025-12-26,2026-01-12,0.0239101640737868,2025,2024-12-31,learned_order_offset,20260912,0.556765310818863,0.556765310818863,1,1
shadow_trial,3384,2025-01-03,2025-01-13,-0.0189486730632231,2025,2024-12-31,native_mse,20260912,-0.003930728949605344,,0,0
shadow_trial,3389,2025-01-10,2025-01-20,0.0353251773547418,2025,2024-12-31,native_mse,20260912,0.004608697114816542,,1,1
shadow_trial,3394,2025-01-17,2025-01-27,0.000432821422053,2025,2024-12-31,native_mse,20260912,-0.0013781107886780553,,0,1
shadow_trial,3399,2025-01-24,2025-02-10,0.0159344898044284,2025,2024-12-31,native_mse,20260912,0.008065382377116114,,1,1
shadow_trial,3403,2025-02-07,2025-02-17,0.0144454990892999,2025,2024-12-31,native_mse,20260912,0.0020560919017093573,,1,1
shadow_trial,3408,2025-02-14,2025-02-24,0.0045695818086644,2025,2024-12-31,native_mse,20260912,0.0004574229206631815,,1,1
shadow_trial,3413,2025-02-21,2025-03-03,-0.0183210488158531,2025,2024-12-31,native_mse,20260912,-0.004487069050516085,,0,0
shadow_trial,3418,2025-02-28,2025-03-10,0.0117650075646844,2025,2024-12-31,native_mse,20260912,0.007907777385840498,,1,1
shadow_trial,3423,2025-03-07,2025-03-17,0.019023819058288,2025,2024-12-31,native_mse,20260912,-0.007080334543719193,,0,1
shadow_trial,3428,2025-03-14,2025-03-24,-0.0259983485216283,2025,2024-12-31,native_mse,20260912,0.005416181842733637,,1,0
shadow_trial,3433,2025-03-21,2025-03-31,-0.0025867506275359,2025,2024-12-31,native_mse,20260912,0.0028174386195491687,,1,0
shadow_trial,3438,2025-03-28,2025-04-14,-0.0342910101946246,2025,2024-12-31,native_mse,20260912,0.0006099430279859906,,1,0
shadow_trial,3447,2025-04-11,2025-04-21,-0.0010339232881941,2025,2024-12-31,native_mse,20260912,-0.0038314464400373087,,0,0
shadow_trial,3452,2025-04-18,2025-04-28,0.0048432383085554,2025,2024-12-31,native_mse,20260912,-0.002239070357372274,,0,1
shadow_trial,3457,2025-04-25,2025-05-12,0.02116527880118,2025,2024-12-31,native_mse,20260912,-0.0030291142570267483,,0,1
shadow_trial,3464,2025-05-09,2025-05-19,0.0041484224873464,2025,2024-12-31,native_mse,20260912,-0.006797100864360832,,0,1
shadow_trial,3469,2025-05-16,2025-05-26,-0.0017462660042188,2025,2024-12-31,native_mse,20260912,0.0011635229802106158,,1,0
shadow_trial,3474,2025-05-23,2025-06-03,-0.0109216443615366,2025,2024-12-31,native_mse,20260912,-0.0015437185640202761,,0,0
shadow_trial,3479,2025-05-30,2025-06-09,0.011566574321892,2025,2024-12-31,native_mse,20260912,-0.007042284452490261,,0,1
shadow_trial,3483,2025-06-06,2025-06-16,-0.0062354943524679,2025,2024-12-31,native_mse,20260912,0.00028466611619904517,,1,0
shadow_trial,3488,2025-06-13,2025-06-23,-0.005825691168304,2025,2024-12-31,native_mse,20260912,-0.006674179072757184,,0,0
shadow_trial,3493,2025-06-20,2025-06-30,0.0232670437490374,2025,2024-12-31,native_mse,20260912,-0.0026285119113171485,,0,1
shadow_trial,3498,2025-06-27,2025-07-07,0.0145345648685946,2025,2024-12-31,native_mse,20260912,-0.001664357643481335,,0,1
shadow_trial,3503,2025-07-04,2025-07-14,0.0110426949002964,2025,2024-12-31,native_mse,20260912,0.0037107408116209707,,1,1
shadow_trial,3508,2025-07-11,2025-07-21,0.0120759671840067,2025,2024-12-31,native_mse,20260912,0.002218014475368515,,1,1
shadow_trial,3513,2025-07-18,2025-07-28,0.0143570766898375,2025,2024-12-31,native_mse,20260912,0.009911597608358887,,1,1
shadow_trial,3518,2025-07-25,2025-08-04,-0.0218642507630443,2025,2024-12-31,native_mse,20260912,-0.0013540938427923275,,0,0
shadow_trial,3523,2025-08-01,2025-08-11,0.0179175520190988,2025,2024-12-31,native_mse,20260912,0.002501110312004882,,1,1
shadow_trial,3528,2025-08-08,2025-08-18,0.026265786598999,2025,2024-12-31,native_mse,20260912,-0.006121881900028309,,0,1
shadow_trial,3533,2025-08-15,2025-08-25,0.0469483790671487,2025,2024-12-31,native_mse,20260912,-0.0031833828356847573,,0,1
shadow_trial,3538,2025-08-22,2025-09-01,0.0227770368340847,2025,2024-12-31,native_mse,20260912,-0.005229739970136804,,0,1
shadow_trial,3543,2025-08-29,2025-09-08,-0.0110053842475337,2025,2024-12-31,native_mse,20260912,0.0017396293034999204,,1,0
shadow_trial,3548,2025-09-05,2025-09-15,0.0151594857594405,2025,2024-12-31,native_mse,20260912,-0.006315423164964012,,0,1
shadow_trial,3553,2025-09-12,2025-09-22,-0.0050409160971932,2025,2024-12-31,native_mse,20260912,0.0036445584301978444,,1,0
shadow_trial,3558,2025-09-19,2025-09-29,0.0095300784790881,2025,2024-12-31,native_mse,20260912,-0.007907179585583714,,0,1
shadow_trial,3563,2025-09-26,2025-10-13,-0.0140855274279203,2025,2024-12-31,native_mse,20260912,-0.0016751946251609804,,0,0
shadow_trial,3567,2025-10-10,2025-10-20,0.015001547584321,2025,2024-12-31,native_mse,20260912,-0.006402638764524997,,0,1
shadow_trial,3572,2025-10-17,2025-10-27,0.0309637052897611,2025,2024-12-31,native_mse,20260912,-0.00870396964325983,,0,1
shadow_trial,3577,2025-10-24,2025-11-03,-0.013331545863497,2025,2024-12-31,native_mse,20260912,-0.005475122015119508,,0,0
shadow_trial,3582,2025-10-31,2025-11-10,0.0110832418536339,2025,2024-12-31,native_mse,20260912,-0.006949842516906396,,0,1
shadow_trial,3587,2025-11-07,2025-11-17,-0.0152107881197579,2025,2024-12-31,native_mse,20260912,0.005808210669049744,,1,0
shadow_trial,3592,2025-11-14,2025-11-24,-0.031114557454173,2025,2024-12-31,native_mse,20260912,-0.005729952989633713,,0,0
shadow_trial,3597,2025-11-21,2025-12-01,0.0147613767448515,2025,2024-12-31,native_mse,20260912,-0.0015450315646448089,,0,1
shadow_trial,3602,2025-11-28,2025-12-08,0.0118853804313106,2025,2024-12-31,native_mse,20260912,-0.0032204954130721736,,0,1
shadow_trial,3607,2025-12-05,2025-12-15,-0.0093922675990717,2025,2024-12-31,native_mse,20260912,-0.0047114270439592345,,0,0
shadow_trial,3612,2025-12-12,2025-12-22,0.0082791208791208,2025,2024-12-31,native_mse,20260912,0.0035042182684974187,,1,1
shadow_trial,3617,2025-12-19,2025-12-29,0.0153890755001995,2025,2024-12-31,native_mse,20260912,-0.0005370407904008248,,0,1
shadow_trial,3622,2025-12-26,2026-01-12,0.0239101640737868,2025,2024-12-31,native_mse,20260912,0.002315041428841435,,1,1
shadow_trial,3630,2026-01-09,2026-01-19,-0.0103697336282536,2026,2025-12-31,learned_market,20260910,0.5209270458842004,0.5209270458842004,1,0
shadow_trial,3635,2026-01-16,2026-01-26,-0.0010190267764643,2026,2025-12-31,learned_market,20260910,0.5197139065453521,0.5197139065453521,1,0
shadow_trial,3640,2026-01-23,2026-02-02,-0.0087161586128796,2026,2025-12-31,learned_market,20260910,0.2755814653004309,0.2755814653004309,0,0
shadow_trial,3645,2026-01-30,2026-02-09,0.0041482324550519,2026,2025-12-31,learned_market,20260910,0.41561123934774186,0.41561123934774186,0,1
shadow_trial,3650,2026-02-06,2026-02-24,0.0071649689901505,2026,2025-12-31,learned_market,20260910,0.5571228245636697,0.5571228245636697,1,1
shadow_trial,3655,2026-02-13,2026-03-02,-0.0097920588919678,2026,2025-12-31,learned_market,20260910,0.4304939364707622,0.4304939364707622,0,0
shadow_trial,3659,2026-02-27,2026-03-09,-0.0172526869201304,2026,2025-12-31,learned_market,20260910,0.5160143853208942,0.5160143853208942,1,0
shadow_trial,3664,2026-03-06,2026-03-16,0.0149926634422041,2026,2025-12-31,learned_market,20260910,0.4236869357819852,0.4236869357819852,0,1
shadow_trial,3669,2026-03-13,2026-03-23,-0.0364343509194254,2026,2025-12-31,learned_market,20260910,0.40086366037455606,0.40086366037455606,0,0
shadow_trial,3674,2026-03-20,2026-03-30,-0.0083038829988221,2026,2025-12-31,learned_market,20260910,0.43855196230093557,0.43855196230093557,0,0
shadow_trial,3679,2026-03-27,2026-04-07,-0.0035591495694504,2026,2025-12-31,learned_market,20260910,0.5651756750942187,0.5651756750942187,1,0
shadow_trial,3684,2026-04-03,2026-04-13,0.0380736235508991,2026,2025-12-31,learned_market,20260910,0.5135356772227653,0.5135356772227653,1,1
shadow_trial,3688,2026-04-10,2026-04-20,0.0242766725964382,2026,2025-12-31,learned_market,20260910,0.4414243711182377,0.4414243711182377,0,1
shadow_trial,3693,2026-04-17,2026-04-27,0.010401572188011,2026,2025-12-31,learned_market,20260910,0.5274890760934624,0.5274890760934624,1,1
shadow_trial,3698,2026-04-24,2026-05-11,0.0263674696524953,2026,2025-12-31,learned_market,20260910,0.5599058490281199,0.5599058490281199,1,1
shadow_trial,3705,2026-05-08,2026-05-18,-0.0134529239455926,2026,2025-12-31,learned_market,20260910,0.7550729207988254,0.7550729207988254,1,0
shadow_trial,3710,2026-05-15,2026-05-25,0.0076235492615268,2026,2025-12-31,learned_market,20260910,0.804363668790624,0.804363668790624,1,1
shadow_trial,3715,2026-05-22,2026-06-01,0.005068538126898,2026,2025-12-31,learned_market,20260910,0.34489025597783224,0.34489025597783224,0,1
shadow_trial,3720,2026-05-29,2026-06-08,-0.039635353927193,2026,2025-12-31,learned_market,20260910,0.4051698015001944,0.4051698015001944,0,0
shadow_trial,3725,2026-06-05,2026-06-15,0.0266849782195981,2026,2025-12-31,learned_market,20260910,0.43325058670455674,0.43325058670455674,0,1
shadow_trial,3730,2026-06-12,2026-06-29,0.0076098142791176,2026,2025-12-31,learned_market,20260910,0.4284564728112197,0.4284564728112197,0,1
shadow_trial,3739,2026-06-26,2026-07-06,0.0005137647861506,2026,2025-12-31,learned_market,20260910,0.5031202151919982,0.5031202151919982,1,1
shadow_trial,3744,2026-07-03,2026-07-13,-0.0252847876365399,2026,2025-12-31,learned_market,20260910,0.48746869649780666,0.48746869649780666,0,0
shadow_trial,3749,2026-07-10,2026-07-20,-0.035775397012711,2026,2025-12-31,learned_market,20260910,0.5959903216474544,0.5959903216474544,1,0
shadow_trial,3754,2026-07-17,2026-07-27,0.01756245533441,2026,2025-12-31,learned_market,20260910,0.5449511844259397,0.5449511844259397,1,1
shadow_trial,3759,2026-07-24,2026-08-03,-0.0202339761556519,2026,2025-12-31,learned_market,20260910,0.5453196593301617,0.5453196593301617,1,0
shadow_trial,3764,2026-07-31,2026-08-10,0.0300318732435738,2026,2025-12-31,learned_market,20260910,0.2767208007713581,0.2767208007713581,0,1
shadow_trial,3769,2026-08-07,2026-08-17,-0.0056482265760339,2026,2025-12-31,learned_market,20260910,0.5027122241666967,0.5027122241666967,1,0
shadow_trial,3774,2026-08-14,2026-08-24,-0.0109860710402629,2026,2025-12-31,learned_market,20260910,0.5310817605680674,0.5310817605680674,1,0
shadow_trial,3779,2026-08-21,2026-08-31,-0.0127592811002066,2026,2025-12-31,learned_market,20260910,0.6651537896005871,0.6651537896005871,1,0
shadow_trial,3630,2026-01-09,2026-01-19,-0.0103697336282536,2026,2025-12-31,learned_vol_interaction,20260910,0.5249822005515526,0.5249822005515526,1,0
shadow_trial,3635,2026-01-16,2026-01-26,-0.0010190267764643,2026,2025-12-31,learned_vol_interaction,20260910,0.5217999415123397,0.5217999415123397,1,0
shadow_trial,3640,2026-01-23,2026-02-02,-0.0087161586128796,2026,2025-12-31,learned_vol_interaction,20260910,0.2703686171181188,0.2703686171181188,0,0
shadow_trial,3645,2026-01-30,2026-02-09,0.0041482324550519,2026,2025-12-31,learned_vol_interaction,20260910,0.4125281641526105,0.4125281641526105,0,1
shadow_trial,3650,2026-02-06,2026-02-24,0.0071649689901505,2026,2025-12-31,learned_vol_interaction,20260910,0.5560675092745206,0.5560675092745206,1,1
shadow_trial,3655,2026-02-13,2026-03-02,-0.0097920588919678,2026,2025-12-31,learned_vol_interaction,20260910,0.4244643603856174,0.4244643603856174,0,0
shadow_trial,3659,2026-02-27,2026-03-09,-0.0172526869201304,2026,2025-12-31,learned_vol_interaction,20260910,0.5169468531475478,0.5169468531475478,1,0
shadow_trial,3664,2026-03-06,2026-03-16,0.0149926634422041,2026,2025-12-31,learned_vol_interaction,20260910,0.42392001130005047,0.42392001130005047,0,1
shadow_trial,3669,2026-03-13,2026-03-23,-0.0364343509194254,2026,2025-12-31,learned_vol_interaction,20260910,0.3996582436829412,0.3996582436829412,0,0
shadow_trial,3674,2026-03-20,2026-03-30,-0.0083038829988221,2026,2025-12-31,learned_vol_interaction,20260910,0.4401239045442557,0.4401239045442557,0,0
shadow_trial,3679,2026-03-27,2026-04-07,-0.0035591495694504,2026,2025-12-31,learned_vol_interaction,20260910,0.5634266232389387,0.5634266232389387,1,0
shadow_trial,3684,2026-04-03,2026-04-13,0.0380736235508991,2026,2025-12-31,learned_vol_interaction,20260910,0.515659416956686,0.515659416956686,1,1
shadow_trial,3688,2026-04-10,2026-04-20,0.0242766725964382,2026,2025-12-31,learned_vol_interaction,20260910,0.4493722448458667,0.4493722448458667,0,1
shadow_trial,3693,2026-04-17,2026-04-27,0.010401572188011,2026,2025-12-31,learned_vol_interaction,20260910,0.5273621904757047,0.5273621904757047,1,1
shadow_trial,3698,2026-04-24,2026-05-11,0.0263674696524953,2026,2025-12-31,learned_vol_interaction,20260910,0.562569101111175,0.562569101111175,1,1
shadow_trial,3705,2026-05-08,2026-05-18,-0.0134529239455926,2026,2025-12-31,learned_vol_interaction,20260910,0.7583539673291619,0.7583539673291619,1,0
shadow_trial,3710,2026-05-15,2026-05-25,0.0076235492615268,2026,2025-12-31,learned_vol_interaction,20260910,0.808954967014337,0.808954967014337,1,1
shadow_trial,3715,2026-05-22,2026-06-01,0.005068538126898,2026,2025-12-31,learned_vol_interaction,20260910,0.3451660204622861,0.3451660204622861,0,1
shadow_trial,3720,2026-05-29,2026-06-08,-0.039635353927193,2026,2025-12-31,learned_vol_interaction,20260910,0.40602485778719405,0.40602485778719405,0,0
shadow_trial,3725,2026-06-05,2026-06-15,0.0266849782195981,2026,2025-12-31,learned_vol_interaction,20260910,0.432960289448338,0.432960289448338,0,1
shadow_trial,3730,2026-06-12,2026-06-29,0.0076098142791176,2026,2025-12-31,learned_vol_interaction,20260910,0.4280160370991171,0.4280160370991171,0,1
shadow_trial,3739,2026-06-26,2026-07-06,0.0005137647861506,2026,2025-12-31,learned_vol_interaction,20260910,0.5090642838694552,0.5090642838694552,1,1
shadow_trial,3744,2026-07-03,2026-07-13,-0.0252847876365399,2026,2025-12-31,learned_vol_interaction,20260910,0.49593440700267954,0.49593440700267954,0,0
shadow_trial,3749,2026-07-10,2026-07-20,-0.035775397012711,2026,2025-12-31,learned_vol_interaction,20260910,0.5920303453730118,0.5920303453730118,1,0
shadow_trial,3754,2026-07-17,2026-07-27,0.01756245533441,2026,2025-12-31,learned_vol_interaction,20260910,0.5400320366057051,0.5400320366057051,1,1
shadow_trial,3759,2026-07-24,2026-08-03,-0.0202339761556519,2026,2025-12-31,learned_vol_interaction,20260910,0.5452135003498544,0.5452135003498544,1,0
shadow_trial,3764,2026-07-31,2026-08-10,0.0300318732435738,2026,2025-12-31,learned_vol_interaction,20260910,0.2927729237284659,0.2927729237284659,0,1
shadow_trial,3769,2026-08-07,2026-08-17,-0.0056482265760339,2026,2025-12-31,learned_vol_interaction,20260910,0.5018241632757133,0.5018241632757133,1,0
shadow_trial,3774,2026-08-14,2026-08-24,-0.0109860710402629,2026,2025-12-31,learned_vol_interaction,20260910,0.5283667849838735,0.5283667849838735,1,0
shadow_trial,3779,2026-08-21,2026-08-31,-0.0127592811002066,2026,2025-12-31,learned_vol_interaction,20260910,0.6645868105074454,0.6645868105074454,1,0
shadow_trial,3630,2026-01-09,2026-01-19,-0.0103697336282536,2026,2025-12-31,learned_order_extension,20260910,0.5118603699776423,0.5118603699776423,1,0
shadow_trial,3635,2026-01-16,2026-01-26,-0.0010190267764643,2026,2025-12-31,learned_order_extension,20260910,0.5121161981098539,0.5121161981098539,1,0
shadow_trial,3640,2026-01-23,2026-02-02,-0.0087161586128796,2026,2025-12-31,learned_order_extension,20260910,0.2938325386236829,0.2938325386236829,0,0
shadow_trial,3645,2026-01-30,2026-02-09,0.0041482324550519,2026,2025-12-31,learned_order_extension,20260910,0.43621861720931454,0.43621861720931454,0,1
shadow_trial,3650,2026-02-06,2026-02-24,0.0071649689901505,2026,2025-12-31,learned_order_extension,20260910,0.5517322930511716,0.5517322930511716,1,1
shadow_trial,3655,2026-02-13,2026-03-02,-0.0097920588919678,2026,2025-12-31,learned_order_extension,20260910,0.4214021419664105,0.4214021419664105,0,0
shadow_trial,3659,2026-02-27,2026-03-09,-0.0172526869201304,2026,2025-12-31,learned_order_extension,20260910,0.5148692090014166,0.5148692090014166,1,0
shadow_trial,3664,2026-03-06,2026-03-16,0.0149926634422041,2026,2025-12-31,learned_order_extension,20260910,0.43198850893548346,0.43198850893548346,0,1
shadow_trial,3669,2026-03-13,2026-03-23,-0.0364343509194254,2026,2025-12-31,learned_order_extension,20260910,0.42629911883001154,0.42629911883001154,0,0
shadow_trial,3674,2026-03-20,2026-03-30,-0.0083038829988221,2026,2025-12-31,learned_order_extension,20260910,0.4749564207401761,0.4749564207401761,0,0
shadow_trial,3679,2026-03-27,2026-04-07,-0.0035591495694504,2026,2025-12-31,learned_order_extension,20260910,0.5307522668879032,0.5307522668879032,1,0
shadow_trial,3684,2026-04-03,2026-04-13,0.0380736235508991,2026,2025-12-31,learned_order_extension,20260910,0.4794368120870296,0.4794368120870296,0,1
shadow_trial,3688,2026-04-10,2026-04-20,0.0242766725964382,2026,2025-12-31,learned_order_extension,20260910,0.46167487445755256,0.46167487445755256,0,1
shadow_trial,3693,2026-04-17,2026-04-27,0.010401572188011,2026,2025-12-31,learned_order_extension,20260910,0.48915840397780913,0.48915840397780913,0,1
shadow_trial,3698,2026-04-24,2026-05-11,0.0263674696524953,2026,2025-12-31,learned_order_extension,20260910,0.5334939283024217,0.5334939283024217,1,1
shadow_trial,3705,2026-05-08,2026-05-18,-0.0134529239455926,2026,2025-12-31,learned_order_extension,20260910,0.6608729457947353,0.6608729457947353,1,0
shadow_trial,3710,2026-05-15,2026-05-25,0.0076235492615268,2026,2025-12-31,learned_order_extension,20260910,0.6621456099988644,0.6621456099988644,1,1
shadow_trial,3715,2026-05-22,2026-06-01,0.005068538126898,2026,2025-12-31,learned_order_extension,20260910,0.40802462143294466,0.40802462143294466,0,1
shadow_trial,3720,2026-05-29,2026-06-08,-0.039635353927193,2026,2025-12-31,learned_order_extension,20260910,0.4710367249905899,0.4710367249905899,0,0
shadow_trial,3725,2026-06-05,2026-06-15,0.0266849782195981,2026,2025-12-31,learned_order_extension,20260910,0.4787674603567685,0.4787674603567685,0,1
shadow_trial,3730,2026-06-12,2026-06-29,0.0076098142791176,2026,2025-12-31,learned_order_extension,20260910,0.46726942898894935,0.46726942898894935,0,1
shadow_trial,3739,2026-06-26,2026-07-06,0.0005137647861506,2026,2025-12-31,learned_order_extension,20260910,0.50390759823315,0.50390759823315,1,1
shadow_trial,3744,2026-07-03,2026-07-13,-0.0252847876365399,2026,2025-12-31,learned_order_extension,20260910,0.5209645843255333,0.5209645843255333,1,0
shadow_trial,3749,2026-07-10,2026-07-20,-0.035775397012711,2026,2025-12-31,learned_order_extension,20260910,0.5454797914275038,0.5454797914275038,1,0
shadow_trial,3754,2026-07-17,2026-07-27,0.01756245533441,2026,2025-12-31,learned_order_extension,20260910,0.509635762223466,0.509635762223466,1,1
shadow_trial,3759,2026-07-24,2026-08-03,-0.0202339761556519,2026,2025-12-31,learned_order_extension,20260910,0.518520792881256,0.518520792881256,1,0
shadow_trial,3764,2026-07-31,2026-08-10,0.0300318732435738,2026,2025-12-31,learned_order_extension,20260910,0.36135032927063787,0.36135032927063787,0,1
shadow_trial,3769,2026-08-07,2026-08-17,-0.0056482265760339,2026,2025-12-31,learned_order_extension,20260910,0.4821947855603083,0.4821947855603083,0,0
shadow_trial,3774,2026-08-14,2026-08-24,-0.0109860710402629,2026,2025-12-31,learned_order_extension,20260910,0.49567013865267634,0.49567013865267634,0,0
shadow_trial,3779,2026-08-21,2026-08-31,-0.0127592811002066,2026,2025-12-31,learned_order_extension,20260910,0.5942017644460034,0.5942017644460034,1,0
shadow_trial,3630,2026-01-09,2026-01-19,-0.0103697336282536,2026,2025-12-31,learned_order_offset,20260910,0.5108025931769093,0.5108025931769093,1,0
shadow_trial,3635,2026-01-16,2026-01-26,-0.0010190267764643,2026,2025-12-31,learned_order_offset,20260910,0.5113982623384066,0.5113982623384066,1,0
shadow_trial,3640,2026-01-23,2026-02-02,-0.0087161586128796,2026,2025-12-31,learned_order_offset,20260910,0.2944555803643879,0.2944555803643879,0,0
shadow_trial,3645,2026-01-30,2026-02-09,0.0041482324550519,2026,2025-12-31,learned_order_offset,20260910,0.43663121014690576,0.43663121014690576,0,1
shadow_trial,3650,2026-02-06,2026-02-24,0.0071649689901505,2026,2025-12-31,learned_order_offset,20260910,0.5521384139661094,0.5521384139661094,1,1
shadow_trial,3655,2026-02-13,2026-03-02,-0.0097920588919678,2026,2025-12-31,learned_order_offset,20260910,0.42280069136931375,0.42280069136931375,0,0
shadow_trial,3659,2026-02-27,2026-03-09,-0.0172526869201304,2026,2025-12-31,learned_order_offset,20260910,0.5153156845902671,0.5153156845902671,1,0
shadow_trial,3664,2026-03-06,2026-03-16,0.0149926634422041,2026,2025-12-31,learned_order_offset,20260910,0.43177972341367155,0.43177972341367155,0,1
shadow_trial,3669,2026-03-13,2026-03-23,-0.0364343509194254,2026,2025-12-31,learned_order_offset,20260910,0.4256062271162684,0.4256062271162684,0,0
shadow_trial,3674,2026-03-20,2026-03-30,-0.0083038829988221,2026,2025-12-31,learned_order_offset,20260910,0.47357009046646403,0.47357009046646403,0,0
shadow_trial,3679,2026-03-27,2026-04-07,-0.0035591495694504,2026,2025-12-31,learned_order_offset,20260910,0.5299745221118999,0.5299745221118999,1,0
shadow_trial,3684,2026-04-03,2026-04-13,0.0380736235508991,2026,2025-12-31,learned_order_offset,20260910,0.4782165227179181,0.4782165227179181,0,1
shadow_trial,3688,2026-04-10,2026-04-20,0.0242766725964382,2026,2025-12-31,learned_order_offset,20260910,0.4615862587370742,0.4615862587370742,0,1
shadow_trial,3693,2026-04-17,2026-04-27,0.010401572188011,2026,2025-12-31,learned_order_offset,20260910,0.48781762002384393,0.48781762002384393,0,1
shadow_trial,3698,2026-04-24,2026-05-11,0.0263674696524953,2026,2025-12-31,learned_order_offset,20260910,0.5331761180129994,0.5331761180129994,1,1
shadow_trial,3705,2026-05-08,2026-05-18,-0.0134529239455926,2026,2025-12-31,learned_order_offset,20260910,0.6596035363014215,0.6596035363014215,1,0
shadow_trial,3710,2026-05-15,2026-05-25,0.0076235492615268,2026,2025-12-31,learned_order_offset,20260910,0.6598534157480438,0.6598534157480438,1,1
shadow_trial,3715,2026-05-22,2026-06-01,0.005068538126898,2026,2025-12-31,learned_order_offset,20260910,0.4084421988760729,0.4084421988760729,0,1
shadow_trial,3720,2026-05-29,2026-06-08,-0.039635353927193,2026,2025-12-31,learned_order_offset,20260910,0.4707708671158844,0.4707708671158844,0,0
shadow_trial,3725,2026-06-05,2026-06-15,0.0266849782195981,2026,2025-12-31,learned_order_offset,20260910,0.47868630672112744,0.47868630672112744,0,1
shadow_trial,3730,2026-06-12,2026-06-29,0.0076098142791176,2026,2025-12-31,learned_order_offset,20260910,0.46795283108360136,0.46795283108360136,0,1
shadow_trial,3739,2026-06-26,2026-07-06,0.0005137647861506,2026,2025-12-31,learned_order_offset,20260910,0.502351064392109,0.502351064392109,1,1
shadow_trial,3744,2026-07-03,2026-07-13,-0.0252847876365399,2026,2025-12-31,learned_order_offset,20260910,0.5200345973909772,0.5200345973909772,1,0
shadow_trial,3749,2026-07-10,2026-07-20,-0.035775397012711,2026,2025-12-31,learned_order_offset,20260910,0.5436950585124818,0.5436950585124818,1,0
shadow_trial,3754,2026-07-17,2026-07-27,0.01756245533441,2026,2025-12-31,learned_order_offset,20260910,0.508054785466941,0.508054785466941,1,1
shadow_trial,3759,2026-07-24,2026-08-03,-0.0202339761556519,2026,2025-12-31,learned_order_offset,20260910,0.5169961256143539,0.5169961256143539,1,0
shadow_trial,3764,2026-07-31,2026-08-10,0.0300318732435738,2026,2025-12-31,learned_order_offset,20260910,0.3614644685354211,0.3614644685354211,0,1
shadow_trial,3769,2026-08-07,2026-08-17,-0.0056482265760339,2026,2025-12-31,learned_order_offset,20260910,0.48135180455157167,0.48135180455157167,0,0
shadow_trial,3774,2026-08-14,2026-08-24,-0.0109860710402629,2026,2025-12-31,learned_order_offset,20260910,0.49538994348876286,0.49538994348876286,0,0
shadow_trial,3779,2026-08-21,2026-08-31,-0.0127592811002066,2026,2025-12-31,learned_order_offset,20260910,0.593020025927001,0.593020025927001,1,0
shadow_trial,3630,2026-01-09,2026-01-19,-0.0103697336282536,2026,2025-12-31,native_mse,20260910,-0.002855102612462861,,0,0
shadow_trial,3635,2026-01-16,2026-01-26,-0.0010190267764643,2026,2025-12-31,native_mse,20260910,-0.00015744638603756636,,0,0
shadow_trial,3640,2026-01-23,2026-02-02,-0.0087161586128796,2026,2025-12-31,native_mse,20260910,-0.006105688647517694,,0,0
shadow_trial,3645,2026-01-30,2026-02-09,0.0041482324550519,2026,2025-12-31,native_mse,20260910,-0.0019649521887390433,,0,1
shadow_trial,3650,2026-02-06,2026-02-24,0.0071649689901505,2026,2025-12-31,native_mse,20260910,0.0047027542719540035,,1,1
shadow_trial,3655,2026-02-13,2026-03-02,-0.0097920588919678,2026,2025-12-31,native_mse,20260910,0.0004179826835146159,,1,0
shadow_trial,3659,2026-02-27,2026-03-09,-0.0172526869201304,2026,2025-12-31,native_mse,20260910,0.0022625269962182996,,1,0
shadow_trial,3664,2026-03-06,2026-03-16,0.0149926634422041,2026,2025-12-31,native_mse,20260910,-0.003806878947664824,,0,1
shadow_trial,3669,2026-03-13,2026-03-23,-0.0364343509194254,2026,2025-12-31,native_mse,20260910,-0.006468904470141985,,0,0
shadow_trial,3674,2026-03-20,2026-03-30,-0.0083038829988221,2026,2025-12-31,native_mse,20260910,-0.006677801015318794,,0,0
shadow_trial,3679,2026-03-27,2026-04-07,-0.0035591495694504,2026,2025-12-31,native_mse,20260910,-0.0012459609623288559,,0,0
shadow_trial,3684,2026-04-03,2026-04-13,0.0380736235508991,2026,2025-12-31,native_mse,20260910,-0.0002708764126667155,,0,1
shadow_trial,3688,2026-04-10,2026-04-20,0.0242766725964382,2026,2025-12-31,native_mse,20260910,-0.0014516073248232214,,0,1
shadow_trial,3693,2026-04-17,2026-04-27,0.010401572188011,2026,2025-12-31,native_mse,20260910,-0.00019243492513075974,,0,1
shadow_trial,3698,2026-04-24,2026-05-11,0.0263674696524953,2026,2025-12-31,native_mse,20260910,0.00044530537803680217,,1,1
shadow_trial,3705,2026-05-08,2026-05-18,-0.0134529239455926,2026,2025-12-31,native_mse,20260910,0.00821158666179363,,1,0
shadow_trial,3710,2026-05-15,2026-05-25,0.0076235492615268,2026,2025-12-31,native_mse,20260910,0.009209478129531542,,1,1
shadow_trial,3715,2026-05-22,2026-06-01,0.005068538126898,2026,2025-12-31,native_mse,20260910,-0.0037899662548005076,,0,1
shadow_trial,3720,2026-05-29,2026-06-08,-0.039635353927193,2026,2025-12-31,native_mse,20260910,-0.005878390043911763,,0,0
shadow_trial,3725,2026-06-05,2026-06-15,0.0266849782195981,2026,2025-12-31,native_mse,20260910,-0.005079831260852612,,0,1
shadow_trial,3730,2026-06-12,2026-06-29,0.0076098142791176,2026,2025-12-31,native_mse,20260910,-0.0013875397965599067,,0,1
shadow_trial,3739,2026-06-26,2026-07-06,0.0005137647861506,2026,2025-12-31,native_mse,20260910,-0.002031043716013942,,0,1
shadow_trial,3744,2026-07-03,2026-07-13,-0.0252847876365399,2026,2025-12-31,native_mse,20260910,-0.003966417206833292,,0,0
shadow_trial,3749,2026-07-10,2026-07-20,-0.035775397012711,2026,2025-12-31,native_mse,20260910,-0.000224192482655729,,0,0
shadow_trial,3754,2026-07-17,2026-07-27,0.01756245533441,2026,2025-12-31,native_mse,20260910,-0.001279240964054163,,0,1
shadow_trial,3759,2026-07-24,2026-08-03,-0.0202339761556519,2026,2025-12-31,native_mse,20260910,-0.0020989123929827714,,0,0
shadow_trial,3764,2026-07-31,2026-08-10,0.0300318732435738,2026,2025-12-31,native_mse,20260910,-0.005698998401180227,,0,1
shadow_trial,3769,2026-08-07,2026-08-17,-0.0056482265760339,2026,2025-12-31,native_mse,20260910,-0.000843785639629233,,0,0
shadow_trial,3774,2026-08-14,2026-08-24,-0.0109860710402629,2026,2025-12-31,native_mse,20260910,0.001103287661206875,,1,0
shadow_trial,3779,2026-08-21,2026-08-31,-0.0127592811002066,2026,2025-12-31,native_mse,20260910,0.005195736341319573,,1,0
shadow_trial,3630,2026-01-09,2026-01-19,-0.0103697336282536,2026,2025-12-31,training_frequency,-1,0.4792703150912106,0.4792703150912106,0,0
shadow_trial,3635,2026-01-16,2026-01-26,-0.0010190267764643,2026,2025-12-31,training_frequency,-1,0.4792703150912106,0.4792703150912106,0,0
shadow_trial,3640,2026-01-23,2026-02-02,-0.0087161586128796,2026,2025-12-31,training_frequency,-1,0.4792703150912106,0.4792703150912106,0,0
shadow_trial,3645,2026-01-30,2026-02-09,0.0041482324550519,2026,2025-12-31,training_frequency,-1,0.4792703150912106,0.4792703150912106,0,1
shadow_trial,3650,2026-02-06,2026-02-24,0.0071649689901505,2026,2025-12-31,training_frequency,-1,0.4792703150912106,0.4792703150912106,0,1
shadow_trial,3655,2026-02-13,2026-03-02,-0.0097920588919678,2026,2025-12-31,training_frequency,-1,0.4792703150912106,0.4792703150912106,0,0
shadow_trial,3659,2026-02-27,2026-03-09,-0.0172526869201304,2026,2025-12-31,training_frequency,-1,0.4792703150912106,0.4792703150912106,0,0
shadow_trial,3664,2026-03-06,2026-03-16,0.0149926634422041,2026,2025-12-31,training_frequency,-1,0.4792703150912106,0.4792703150912106,0,1
shadow_trial,3669,2026-03-13,2026-03-23,-0.0364343509194254,2026,2025-12-31,training_frequency,-1,0.4792703150912106,0.4792703150912106,0,0
shadow_trial,3674,2026-03-20,2026-03-30,-0.0083038829988221,2026,2025-12-31,training_frequency,-1,0.4792703150912106,0.4792703150912106,0,0
shadow_trial,3679,2026-03-27,2026-04-07,-0.0035591495694504,2026,2025-12-31,training_frequency,-1,0.4792703150912106,0.4792703150912106,0,0
shadow_trial,3684,2026-04-03,2026-04-13,0.0380736235508991,2026,2025-12-31,training_frequency,-1,0.4792703150912106,0.4792703150912106,0,1
shadow_trial,3688,2026-04-10,2026-04-20,0.0242766725964382,2026,2025-12-31,training_frequency,-1,0.4792703150912106,0.4792703150912106,0,1
shadow_trial,3693,2026-04-17,2026-04-27,0.010401572188011,2026,2025-12-31,training_frequency,-1,0.4792703150912106,0.4792703150912106,0,1
shadow_trial,3698,2026-04-24,2026-05-11,0.0263674696524953,2026,2025-12-31,training_frequency,-1,0.4792703150912106,0.4792703150912106,0,1
shadow_trial,3705,2026-05-08,2026-05-18,-0.0134529239455926,2026,2025-12-31,training_frequency,-1,0.4792703150912106,0.4792703150912106,0,0
shadow_trial,3710,2026-05-15,2026-05-25,0.0076235492615268,2026,2025-12-31,training_frequency,-1,0.4792703150912106,0.4792703150912106,0,1
shadow_trial,3715,2026-05-22,2026-06-01,0.005068538126898,2026,2025-12-31,training_frequency,-1,0.4792703150912106,0.4792703150912106,0,1
shadow_trial,3720,2026-05-29,2026-06-08,-0.039635353927193,2026,2025-12-31,training_frequency,-1,0.4792703150912106,0.4792703150912106,0,0
shadow_trial,3725,2026-06-05,2026-06-15,0.0266849782195981,2026,2025-12-31,training_frequency,-1,0.4792703150912106,0.4792703150912106,0,1
shadow_trial,3730,2026-06-12,2026-06-29,0.0076098142791176,2026,2025-12-31,training_frequency,-1,0.4792703150912106,0.4792703150912106,0,1
shadow_trial,3739,2026-06-26,2026-07-06,0.0005137647861506,2026,2025-12-31,training_frequency,-1,0.4792703150912106,0.4792703150912106,0,1
shadow_trial,3744,2026-07-03,2026-07-13,-0.0252847876365399,2026,2025-12-31,training_frequency,-1,0.4792703150912106,0.4792703150912106,0,0
shadow_trial,3749,2026-07-10,2026-07-20,-0.035775397012711,2026,2025-12-31,training_frequency,-1,0.4792703150912106,0.4792703150912106,0,0
shadow_trial,3754,2026-07-17,2026-07-27,0.01756245533441,2026,2025-12-31,training_frequency,-1,0.4792703150912106,0.4792703150912106,0,1
shadow_trial,3759,2026-07-24,2026-08-03,-0.0202339761556519,2026,2025-12-31,training_frequency,-1,0.4792703150912106,0.4792703150912106,0,0
shadow_trial,3764,2026-07-31,2026-08-10,0.0300318732435738,2026,2025-12-31,training_frequency,-1,0.4792703150912106,0.4792703150912106,0,1
shadow_trial,3769,2026-08-07,2026-08-17,-0.0056482265760339,2026,2025-12-31,training_frequency,-1,0.4792703150912106,0.4792703150912106,0,0
shadow_trial,3774,2026-08-14,2026-08-24,-0.0109860710402629,2026,2025-12-31,training_frequency,-1,0.4792703150912106,0.4792703150912106,0,0
shadow_trial,3779,2026-08-21,2026-08-31,-0.0127592811002066,2026,2025-12-31,training_frequency,-1,0.4792703150912106,0.4792703150912106,0,0
shadow_trial,3630,2026-01-09,2026-01-19,-0.0103697336282536,2026,2025-12-31,learned_market,20260911,0.5413510609744506,0.5413510609744506,1,0
shadow_trial,3635,2026-01-16,2026-01-26,-0.0010190267764643,2026,2025-12-31,learned_market,20260911,0.5314359715780813,0.5314359715780813,1,0
shadow_trial,3640,2026-01-23,2026-02-02,-0.0087161586128796,2026,2025-12-31,learned_market,20260911,0.5322660389568398,0.5322660389568398,1,0
shadow_trial,3645,2026-01-30,2026-02-09,0.0041482324550519,2026,2025-12-31,learned_market,20260911,0.45886324630014486,0.45886324630014486,0,1
shadow_trial,3650,2026-02-06,2026-02-24,0.0071649689901505,2026,2025-12-31,learned_market,20260911,0.5329149888621901,0.5329149888621901,1,1
shadow_trial,3655,2026-02-13,2026-03-02,-0.0097920588919678,2026,2025-12-31,learned_market,20260911,0.5096151640594386,0.5096151640594386,1,0
shadow_trial,3659,2026-02-27,2026-03-09,-0.0172526869201304,2026,2025-12-31,learned_market,20260911,0.5369210179709557,0.5369210179709557,1,0
shadow_trial,3664,2026-03-06,2026-03-16,0.0149926634422041,2026,2025-12-31,learned_market,20260911,0.6237121770434778,0.6237121770434778,1,1
shadow_trial,3669,2026-03-13,2026-03-23,-0.0364343509194254,2026,2025-12-31,learned_market,20260911,0.45542191984179375,0.45542191984179375,0,0
shadow_trial,3674,2026-03-20,2026-03-30,-0.0083038829988221,2026,2025-12-31,learned_market,20260911,0.46187353471109566,0.46187353471109566,0,0
shadow_trial,3679,2026-03-27,2026-04-07,-0.0035591495694504,2026,2025-12-31,learned_market,20260911,0.4403313235638202,0.4403313235638202,0,0
shadow_trial,3684,2026-04-03,2026-04-13,0.0380736235508991,2026,2025-12-31,learned_market,20260911,0.4917583888579656,0.4917583888579656,0,1
shadow_trial,3688,2026-04-10,2026-04-20,0.0242766725964382,2026,2025-12-31,learned_market,20260911,0.42353463813148706,0.42353463813148706,0,1
shadow_trial,3693,2026-04-17,2026-04-27,0.010401572188011,2026,2025-12-31,learned_market,20260911,0.47814615742976047,0.47814615742976047,0,1
shadow_trial,3698,2026-04-24,2026-05-11,0.0263674696524953,2026,2025-12-31,learned_market,20260911,0.397009215522116,0.397009215522116,0,1
shadow_trial,3705,2026-05-08,2026-05-18,-0.0134529239455926,2026,2025-12-31,learned_market,20260911,0.41986421610847413,0.41986421610847413,0,0
shadow_trial,3710,2026-05-15,2026-05-25,0.0076235492615268,2026,2025-12-31,learned_market,20260911,0.49182407037984965,0.49182407037984965,0,1
shadow_trial,3715,2026-05-22,2026-06-01,0.005068538126898,2026,2025-12-31,learned_market,20260911,0.5675464106677375,0.5675464106677375,1,1
shadow_trial,3720,2026-05-29,2026-06-08,-0.039635353927193,2026,2025-12-31,learned_market,20260911,0.5335990500389893,0.5335990500389893,1,0
shadow_trial,3725,2026-06-05,2026-06-15,0.0266849782195981,2026,2025-12-31,learned_market,20260911,0.3985532767602021,0.3985532767602021,0,1
shadow_trial,3730,2026-06-12,2026-06-29,0.0076098142791176,2026,2025-12-31,learned_market,20260911,0.3056186128589413,0.3056186128589413,0,1
shadow_trial,3739,2026-06-26,2026-07-06,0.0005137647861506,2026,2025-12-31,learned_market,20260911,0.47152715176422977,0.47152715176422977,0,1
shadow_trial,3744,2026-07-03,2026-07-13,-0.0252847876365399,2026,2025-12-31,learned_market,20260911,0.47689492186403626,0.47689492186403626,0,0
shadow_trial,3749,2026-07-10,2026-07-20,-0.035775397012711,2026,2025-12-31,learned_market,20260911,0.41690635812319604,0.41690635812319604,0,0
shadow_trial,3754,2026-07-17,2026-07-27,0.01756245533441,2026,2025-12-31,learned_market,20260911,0.4469468298475024,0.4469468298475024,0,1
shadow_trial,3759,2026-07-24,2026-08-03,-0.0202339761556519,2026,2025-12-31,learned_market,20260911,0.4523286144237616,0.4523286144237616,0,0
shadow_trial,3764,2026-07-31,2026-08-10,0.0300318732435738,2026,2025-12-31,learned_market,20260911,0.43916052641204817,0.43916052641204817,0,1
shadow_trial,3769,2026-08-07,2026-08-17,-0.0056482265760339,2026,2025-12-31,learned_market,20260911,0.33016870403212256,0.33016870403212256,0,0
shadow_trial,3774,2026-08-14,2026-08-24,-0.0109860710402629,2026,2025-12-31,learned_market,20260911,0.459964206845313,0.459964206845313,0,0
shadow_trial,3779,2026-08-21,2026-08-31,-0.0127592811002066,2026,2025-12-31,learned_market,20260911,0.4343413838297144,0.4343413838297144,0,0
shadow_trial,3630,2026-01-09,2026-01-19,-0.0103697336282536,2026,2025-12-31,learned_vol_interaction,20260911,0.5419308229071979,0.5419308229071979,1,0
shadow_trial,3635,2026-01-16,2026-01-26,-0.0010190267764643,2026,2025-12-31,learned_vol_interaction,20260911,0.5357337652448725,0.5357337652448725,1,0
shadow_trial,3640,2026-01-23,2026-02-02,-0.0087161586128796,2026,2025-12-31,learned_vol_interaction,20260911,0.5371665022159147,0.5371665022159147,1,0
shadow_trial,3645,2026-01-30,2026-02-09,0.0041482324550519,2026,2025-12-31,learned_vol_interaction,20260911,0.4536669400564477,0.4536669400564477,0,1
shadow_trial,3650,2026-02-06,2026-02-24,0.0071649689901505,2026,2025-12-31,learned_vol_interaction,20260911,0.535655258471591,0.535655258471591,1,1
shadow_trial,3655,2026-02-13,2026-03-02,-0.0097920588919678,2026,2025-12-31,learned_vol_interaction,20260911,0.5053590625088199,0.5053590625088199,1,0
shadow_trial,3659,2026-02-27,2026-03-09,-0.0172526869201304,2026,2025-12-31,learned_vol_interaction,20260911,0.5322976681186429,0.5322976681186429,1,0
shadow_trial,3664,2026-03-06,2026-03-16,0.0149926634422041,2026,2025-12-31,learned_vol_interaction,20260911,0.6174856955773433,0.6174856955773433,1,1
shadow_trial,3669,2026-03-13,2026-03-23,-0.0364343509194254,2026,2025-12-31,learned_vol_interaction,20260911,0.44896092371547813,0.44896092371547813,0,0
shadow_trial,3674,2026-03-20,2026-03-30,-0.0083038829988221,2026,2025-12-31,learned_vol_interaction,20260911,0.45425867209133697,0.45425867209133697,0,0
shadow_trial,3679,2026-03-27,2026-04-07,-0.0035591495694504,2026,2025-12-31,learned_vol_interaction,20260911,0.43340188452247674,0.43340188452247674,0,0
shadow_trial,3684,2026-04-03,2026-04-13,0.0380736235508991,2026,2025-12-31,learned_vol_interaction,20260911,0.4940578595412546,0.4940578595412546,0,1
shadow_trial,3688,2026-04-10,2026-04-20,0.0242766725964382,2026,2025-12-31,learned_vol_interaction,20260911,0.4337471397432452,0.4337471397432452,0,1
shadow_trial,3693,2026-04-17,2026-04-27,0.010401572188011,2026,2025-12-31,learned_vol_interaction,20260911,0.4850032907922162,0.4850032907922162,0,1
shadow_trial,3698,2026-04-24,2026-05-11,0.0263674696524953,2026,2025-12-31,learned_vol_interaction,20260911,0.4058893273550579,0.4058893273550579,0,1
shadow_trial,3705,2026-05-08,2026-05-18,-0.0134529239455926,2026,2025-12-31,learned_vol_interaction,20260911,0.42973836440374286,0.42973836440374286,0,0
shadow_trial,3710,2026-05-15,2026-05-25,0.0076235492615268,2026,2025-12-31,learned_vol_interaction,20260911,0.4949230127164896,0.4949230127164896,0,1
shadow_trial,3715,2026-05-22,2026-06-01,0.005068538126898,2026,2025-12-31,learned_vol_interaction,20260911,0.5688910502105043,0.5688910502105043,1,1
shadow_trial,3720,2026-05-29,2026-06-08,-0.039635353927193,2026,2025-12-31,learned_vol_interaction,20260911,0.5277526974219006,0.5277526974219006,1,0
shadow_trial,3725,2026-06-05,2026-06-15,0.0266849782195981,2026,2025-12-31,learned_vol_interaction,20260911,0.3941068335829671,0.3941068335829671,0,1
shadow_trial,3730,2026-06-12,2026-06-29,0.0076098142791176,2026,2025-12-31,learned_vol_interaction,20260911,0.3023086014266972,0.3023086014266972,0,1
shadow_trial,3739,2026-06-26,2026-07-06,0.0005137647861506,2026,2025-12-31,learned_vol_interaction,20260911,0.4831146486882105,0.4831146486882105,0,1
shadow_trial,3744,2026-07-03,2026-07-13,-0.0252847876365399,2026,2025-12-31,learned_vol_interaction,20260911,0.49898148490775307,0.49898148490775307,0,0
shadow_trial,3749,2026-07-10,2026-07-20,-0.035775397012711,2026,2025-12-31,learned_vol_interaction,20260911,0.44261446479912836,0.44261446479912836,0,0
shadow_trial,3754,2026-07-17,2026-07-27,0.01756245533441,2026,2025-12-31,learned_vol_interaction,20260911,0.4550925466085049,0.4550925466085049,0,1
shadow_trial,3759,2026-07-24,2026-08-03,-0.0202339761556519,2026,2025-12-31,learned_vol_interaction,20260911,0.46430649386915596,0.46430649386915596,0,0
shadow_trial,3764,2026-07-31,2026-08-10,0.0300318732435738,2026,2025-12-31,learned_vol_interaction,20260911,0.4507338855746796,0.4507338855746796,0,1
shadow_trial,3769,2026-08-07,2026-08-17,-0.0056482265760339,2026,2025-12-31,learned_vol_interaction,20260911,0.3598878838643001,0.3598878838643001,0,0
shadow_trial,3774,2026-08-14,2026-08-24,-0.0109860710402629,2026,2025-12-31,learned_vol_interaction,20260911,0.4653583842913121,0.4653583842913121,0,0
shadow_trial,3779,2026-08-21,2026-08-31,-0.0127592811002066,2026,2025-12-31,learned_vol_interaction,20260911,0.4414273259619546,0.4414273259619546,0,0
shadow_trial,3630,2026-01-09,2026-01-19,-0.0103697336282536,2026,2025-12-31,learned_order_extension,20260911,0.5459060256811782,0.5459060256811782,1,0
shadow_trial,3635,2026-01-16,2026-01-26,-0.0010190267764643,2026,2025-12-31,learned_order_extension,20260911,0.5315584772037104,0.5315584772037104,1,0
shadow_trial,3640,2026-01-23,2026-02-02,-0.0087161586128796,2026,2025-12-31,learned_order_extension,20260911,0.5380779045961513,0.5380779045961513,1,0
shadow_trial,3645,2026-01-30,2026-02-09,0.0041482324550519,2026,2025-12-31,learned_order_extension,20260911,0.43274829616923166,0.43274829616923166,0,1
shadow_trial,3650,2026-02-06,2026-02-24,0.0071649689901505,2026,2025-12-31,learned_order_extension,20260911,0.5358238036456818,0.5358238036456818,1,1
shadow_trial,3655,2026-02-13,2026-03-02,-0.0097920588919678,2026,2025-12-31,learned_order_extension,20260911,0.5188075700840837,0.5188075700840837,1,0
shadow_trial,3659,2026-02-27,2026-03-09,-0.0172526869201304,2026,2025-12-31,learned_order_extension,20260911,0.5395237482049954,0.5395237482049954,1,0
shadow_trial,3664,2026-03-06,2026-03-16,0.0149926634422041,2026,2025-12-31,learned_order_extension,20260911,0.6721134681647395,0.6721134681647395,1,1
shadow_trial,3669,2026-03-13,2026-03-23,-0.0364343509194254,2026,2025-12-31,learned_order_extension,20260911,0.44254310728173424,0.44254310728173424,0,0
shadow_trial,3674,2026-03-20,2026-03-30,-0.0083038829988221,2026,2025-12-31,learned_order_extension,20260911,0.4378410999680901,0.4378410999680901,0,0
shadow_trial,3679,2026-03-27,2026-04-07,-0.0035591495694504,2026,2025-12-31,learned_order_extension,20260911,0.4159760364157841,0.4159760364157841,0,0
shadow_trial,3684,2026-04-03,2026-04-13,0.0380736235508991,2026,2025-12-31,learned_order_extension,20260911,0.5225865555186127,0.5225865555186127,1,1
shadow_trial,3688,2026-04-10,2026-04-20,0.0242766725964382,2026,2025-12-31,learned_order_extension,20260911,0.3902218447958239,0.3902218447958239,0,1
shadow_trial,3693,2026-04-17,2026-04-27,0.010401572188011,2026,2025-12-31,learned_order_extension,20260911,0.47502129653057895,0.47502129653057895,0,1
shadow_trial,3698,2026-04-24,2026-05-11,0.0263674696524953,2026,2025-12-31,learned_order_extension,20260911,0.3615628091350967,0.3615628091350967,0,1
shadow_trial,3705,2026-05-08,2026-05-18,-0.0134529239455926,2026,2025-12-31,learned_order_extension,20260911,0.37473317599903294,0.37473317599903294,0,0
shadow_trial,3710,2026-05-15,2026-05-25,0.0076235492615268,2026,2025-12-31,learned_order_extension,20260911,0.48789190366124763,0.48789190366124763,0,1
shadow_trial,3715,2026-05-22,2026-06-01,0.005068538126898,2026,2025-12-31,learned_order_extension,20260911,0.6050079630522534,0.6050079630522534,1,1
shadow_trial,3720,2026-05-29,2026-06-08,-0.039635353927193,2026,2025-12-31,learned_order_extension,20260911,0.5389218116035444,0.5389218116035444,1,0
shadow_trial,3725,2026-06-05,2026-06-15,0.0266849782195981,2026,2025-12-31,learned_order_extension,20260911,0.3259340934446785,0.3259340934446785,0,1
shadow_trial,3730,2026-06-12,2026-06-29,0.0076098142791176,2026,2025-12-31,learned_order_extension,20260911,0.20659956001017632,0.20659956001017632,0,1
shadow_trial,3739,2026-06-26,2026-07-06,0.0005137647861506,2026,2025-12-31,learned_order_extension,20260911,0.43462554431806527,0.43462554431806527,0,1
shadow_trial,3744,2026-07-03,2026-07-13,-0.0252847876365399,2026,2025-12-31,learned_order_extension,20260911,0.4506693788167256,0.4506693788167256,0,0
shadow_trial,3749,2026-07-10,2026-07-20,-0.035775397012711,2026,2025-12-31,learned_order_extension,20260911,0.3824829838916093,0.3824829838916093,0,0
shadow_trial,3754,2026-07-17,2026-07-27,0.01756245533441,2026,2025-12-31,learned_order_extension,20260911,0.43688665591392856,0.43688665591392856,0,1
shadow_trial,3759,2026-07-24,2026-08-03,-0.0202339761556519,2026,2025-12-31,learned_order_extension,20260911,0.44905597298529143,0.44905597298529143,0,0
shadow_trial,3764,2026-07-31,2026-08-10,0.0300318732435738,2026,2025-12-31,learned_order_extension,20260911,0.4331657943702479,0.4331657943702479,0,1
shadow_trial,3769,2026-08-07,2026-08-17,-0.0056482265760339,2026,2025-12-31,learned_order_extension,20260911,0.2872017560126486,0.2872017560126486,0,0
shadow_trial,3774,2026-08-14,2026-08-24,-0.0109860710402629,2026,2025-12-31,learned_order_extension,20260911,0.46907910630736294,0.46907910630736294,0,0
shadow_trial,3779,2026-08-21,2026-08-31,-0.0127592811002066,2026,2025-12-31,learned_order_extension,20260911,0.44303971633290073,0.44303971633290073,0,0
shadow_trial,3630,2026-01-09,2026-01-19,-0.0103697336282536,2026,2025-12-31,learned_order_offset,20260911,0.545843670764125,0.545843670764125,1,0
shadow_trial,3635,2026-01-16,2026-01-26,-0.0010190267764643,2026,2025-12-31,learned_order_offset,20260911,0.5315791456859873,0.5315791456859873,1,0
shadow_trial,3640,2026-01-23,2026-02-02,-0.0087161586128796,2026,2025-12-31,learned_order_offset,20260911,0.5378362799693707,0.5378362799693707,1,0
shadow_trial,3645,2026-01-30,2026-02-09,0.0041482324550519,2026,2025-12-31,learned_order_offset,20260911,0.43267035311859725,0.43267035311859725,0,1
shadow_trial,3650,2026-02-06,2026-02-24,0.0071649689901505,2026,2025-12-31,learned_order_offset,20260911,0.5355468761174008,0.5355468761174008,1,1
shadow_trial,3655,2026-02-13,2026-03-02,-0.0097920588919678,2026,2025-12-31,learned_order_offset,20260911,0.5185004295200895,0.5185004295200895,1,0
shadow_trial,3659,2026-02-27,2026-03-09,-0.0172526869201304,2026,2025-12-31,learned_order_offset,20260911,0.5394279755034715,0.5394279755034715,1,0
shadow_trial,3664,2026-03-06,2026-03-16,0.0149926634422041,2026,2025-12-31,learned_order_offset,20260911,0.6720878025271129,0.6720878025271129,1,1
shadow_trial,3669,2026-03-13,2026-03-23,-0.0364343509194254,2026,2025-12-31,learned_order_offset,20260911,0.44301866763301645,0.44301866763301645,0,0
shadow_trial,3674,2026-03-20,2026-03-30,-0.0083038829988221,2026,2025-12-31,learned_order_offset,20260911,0.4379475907087764,0.4379475907087764,0,0
shadow_trial,3679,2026-03-27,2026-04-07,-0.0035591495694504,2026,2025-12-31,learned_order_offset,20260911,0.4162726411546184,0.4162726411546184,0,0
shadow_trial,3684,2026-04-03,2026-04-13,0.0380736235508991,2026,2025-12-31,learned_order_offset,20260911,0.5224823337812894,0.5224823337812894,1,1
shadow_trial,3688,2026-04-10,2026-04-20,0.0242766725964382,2026,2025-12-31,learned_order_offset,20260911,0.3902357573397548,0.3902357573397548,0,1
shadow_trial,3693,2026-04-17,2026-04-27,0.010401572188011,2026,2025-12-31,learned_order_offset,20260911,0.47553685695761877,0.47553685695761877,0,1
shadow_trial,3698,2026-04-24,2026-05-11,0.0263674696524953,2026,2025-12-31,learned_order_offset,20260911,0.3620463682387632,0.3620463682387632,0,1
shadow_trial,3705,2026-05-08,2026-05-18,-0.0134529239455926,2026,2025-12-31,learned_order_offset,20260911,0.37506110199237114,0.37506110199237114,0,0
shadow_trial,3710,2026-05-15,2026-05-25,0.0076235492615268,2026,2025-12-31,learned_order_offset,20260911,0.4883726515758041,0.4883726515758041,0,1
shadow_trial,3715,2026-05-22,2026-06-01,0.005068538126898,2026,2025-12-31,learned_order_offset,20260911,0.604795171228401,0.604795171228401,1,1
shadow_trial,3720,2026-05-29,2026-06-08,-0.039635353927193,2026,2025-12-31,learned_order_offset,20260911,0.539117103351593,0.539117103351593,1,0
shadow_trial,3725,2026-06-05,2026-06-15,0.0266849782195981,2026,2025-12-31,learned_order_offset,20260911,0.32656706271307595,0.32656706271307595,0,1
shadow_trial,3730,2026-06-12,2026-06-29,0.0076098142791176,2026,2025-12-31,learned_order_offset,20260911,0.20714161696112363,0.20714161696112363,0,1
shadow_trial,3739,2026-06-26,2026-07-06,0.0005137647861506,2026,2025-12-31,learned_order_offset,20260911,0.4347302511570772,0.4347302511570772,0,1
shadow_trial,3744,2026-07-03,2026-07-13,-0.0252847876365399,2026,2025-12-31,learned_order_offset,20260911,0.4511056441001019,0.4511056441001019,0,0
shadow_trial,3749,2026-07-10,2026-07-20,-0.035775397012711,2026,2025-12-31,learned_order_offset,20260911,0.3827592265438766,0.3827592265438766,0,0
shadow_trial,3754,2026-07-17,2026-07-27,0.01756245533441,2026,2025-12-31,learned_order_offset,20260911,0.43716941946487026,0.43716941946487026,0,1
shadow_trial,3759,2026-07-24,2026-08-03,-0.0202339761556519,2026,2025-12-31,learned_order_offset,20260911,0.44889763247147363,0.44889763247147363,0,0
shadow_trial,3764,2026-07-31,2026-08-10,0.0300318732435738,2026,2025-12-31,learned_order_offset,20260911,0.43353434012232234,0.43353434012232234,0,1
shadow_trial,3769,2026-08-07,2026-08-17,-0.0056482265760339,2026,2025-12-31,learned_order_offset,20260911,0.2875992386914778,0.2875992386914778,0,0
shadow_trial,3774,2026-08-14,2026-08-24,-0.0109860710402629,2026,2025-12-31,learned_order_offset,20260911,0.46970929218369795,0.46970929218369795,0,0
shadow_trial,3779,2026-08-21,2026-08-31,-0.0127592811002066,2026,2025-12-31,learned_order_offset,20260911,0.44364661674139716,0.44364661674139716,0,0
shadow_trial,3630,2026-01-09,2026-01-19,-0.0103697336282536,2026,2025-12-31,native_mse,20260911,-0.0030890692487675277,,0,0
shadow_trial,3635,2026-01-16,2026-01-26,-0.0010190267764643,2026,2025-12-31,native_mse,20260911,-0.0029844245717806552,,0,0
shadow_trial,3640,2026-01-23,2026-02-02,-0.0087161586128796,2026,2025-12-31,native_mse,20260911,-0.0018485669736654138,,0,0
shadow_trial,3645,2026-01-30,2026-02-09,0.0041482324550519,2026,2025-12-31,native_mse,20260911,-0.002659061252019485,,0,1
shadow_trial,3650,2026-02-06,2026-02-24,0.0071649689901505,2026,2025-12-31,native_mse,20260911,-0.0015567976959256278,,0,1
shadow_trial,3655,2026-02-13,2026-03-02,-0.0097920588919678,2026,2025-12-31,native_mse,20260911,-0.0015389707922718095,,0,0
shadow_trial,3659,2026-02-27,2026-03-09,-0.0172526869201304,2026,2025-12-31,native_mse,20260911,-0.0019681718770543553,,0,0
shadow_trial,3664,2026-03-06,2026-03-16,0.0149926634422041,2026,2025-12-31,native_mse,20260911,0.00014521785716820214,,1,1
shadow_trial,3669,2026-03-13,2026-03-23,-0.0364343509194254,2026,2025-12-31,native_mse,20260911,-0.0022671453715006956,,0,0
shadow_trial,3674,2026-03-20,2026-03-30,-0.0083038829988221,2026,2025-12-31,native_mse,20260911,-0.001986856137592856,,0,0
shadow_trial,3679,2026-03-27,2026-04-07,-0.0035591495694504,2026,2025-12-31,native_mse,20260911,-0.002218520604235266,,0,0
shadow_trial,3684,2026-04-03,2026-04-13,0.0380736235508991,2026,2025-12-31,native_mse,20260911,-0.002090390096021022,,0,1
shadow_trial,3688,2026-04-10,2026-04-20,0.0242766725964382,2026,2025-12-31,native_mse,20260911,-0.0024408235069100508,,0,1
shadow_trial,3693,2026-04-17,2026-04-27,0.010401572188011,2026,2025-12-31,native_mse,20260911,-0.0029629470272129906,,0,1
shadow_trial,3698,2026-04-24,2026-05-11,0.0263674696524953,2026,2025-12-31,native_mse,20260911,-0.003359926419865766,,0,1
shadow_trial,3705,2026-05-08,2026-05-18,-0.0134529239455926,2026,2025-12-31,native_mse,20260911,-0.002535154678821143,,0,0
shadow_trial,3710,2026-05-15,2026-05-25,0.0076235492615268,2026,2025-12-31,native_mse,20260911,-0.002260058894062486,,0,1
shadow_trial,3715,2026-05-22,2026-06-01,0.005068538126898,2026,2025-12-31,native_mse,20260911,-0.0015057276938992676,,0,1
shadow_trial,3720,2026-05-29,2026-06-08,-0.039635353927193,2026,2025-12-31,native_mse,20260911,-0.002635162144589442,,0,0
shadow_trial,3725,2026-06-05,2026-06-15,0.0266849782195981,2026,2025-12-31,native_mse,20260911,-0.003913781241526722,,0,1
shadow_trial,3730,2026-06-12,2026-06-29,0.0076098142791176,2026,2025-12-31,native_mse,20260911,-0.0036857925348870147,,0,1
shadow_trial,3739,2026-06-26,2026-07-06,0.0005137647861506,2026,2025-12-31,native_mse,20260911,-0.0021369319429553274,,0,1
shadow_trial,3744,2026-07-03,2026-07-13,-0.0252847876365399,2026,2025-12-31,native_mse,20260911,-0.0022933277317483012,,0,0
shadow_trial,3749,2026-07-10,2026-07-20,-0.035775397012711,2026,2025-12-31,native_mse,20260911,-0.0023056933526758674,,0,0
shadow_trial,3754,2026-07-17,2026-07-27,0.01756245533441,2026,2025-12-31,native_mse,20260911,-0.0024493044555773855,,0,1
shadow_trial,3759,2026-07-24,2026-08-03,-0.0202339761556519,2026,2025-12-31,native_mse,20260911,-0.0026633393533010696,,0,0
shadow_trial,3764,2026-07-31,2026-08-10,0.0300318732435738,2026,2025-12-31,native_mse,20260911,-0.0024432171596736993,,0,1
shadow_trial,3769,2026-08-07,2026-08-17,-0.0056482265760339,2026,2025-12-31,native_mse,20260911,-0.0034017483589926685,,0,0
shadow_trial,3774,2026-08-14,2026-08-24,-0.0109860710402629,2026,2025-12-31,native_mse,20260911,-0.002813706354026954,,0,0
shadow_trial,3779,2026-08-21,2026-08-31,-0.0127592811002066,2026,2025-12-31,native_mse,20260911,-0.0019809857134933735,,0,0
shadow_trial,3630,2026-01-09,2026-01-19,-0.0103697336282536,2026,2025-12-31,learned_market,20260912,0.5119803822427041,0.5119803822427041,1,0
shadow_trial,3635,2026-01-16,2026-01-26,-0.0010190267764643,2026,2025-12-31,learned_market,20260912,0.5563532391014436,0.5563532391014436,1,0
shadow_trial,3640,2026-01-23,2026-02-02,-0.0087161586128796,2026,2025-12-31,learned_market,20260912,0.47986345901765604,0.47986345901765604,0,0
shadow_trial,3645,2026-01-30,2026-02-09,0.0041482324550519,2026,2025-12-31,learned_market,20260912,0.5030177692550698,0.5030177692550698,1,1
shadow_trial,3650,2026-02-06,2026-02-24,0.0071649689901505,2026,2025-12-31,learned_market,20260912,0.43906676808287387,0.43906676808287387,0,1
shadow_trial,3655,2026-02-13,2026-03-02,-0.0097920588919678,2026,2025-12-31,learned_market,20260912,0.431368044613122,0.431368044613122,0,0
shadow_trial,3659,2026-02-27,2026-03-09,-0.0172526869201304,2026,2025-12-31,learned_market,20260912,0.48137527566018024,0.48137527566018024,0,0
shadow_trial,3664,2026-03-06,2026-03-16,0.0149926634422041,2026,2025-12-31,learned_market,20260912,0.46731902499821354,0.46731902499821354,0,1
shadow_trial,3669,2026-03-13,2026-03-23,-0.0364343509194254,2026,2025-12-31,learned_market,20260912,0.5227160800792146,0.5227160800792146,1,0
shadow_trial,3674,2026-03-20,2026-03-30,-0.0083038829988221,2026,2025-12-31,learned_market,20260912,0.4464645109091068,0.4464645109091068,0,0
shadow_trial,3679,2026-03-27,2026-04-07,-0.0035591495694504,2026,2025-12-31,learned_market,20260912,0.39113208857052434,0.39113208857052434,0,0
shadow_trial,3684,2026-04-03,2026-04-13,0.0380736235508991,2026,2025-12-31,learned_market,20260912,0.42407385697810146,0.42407385697810146,0,1
shadow_trial,3688,2026-04-10,2026-04-20,0.0242766725964382,2026,2025-12-31,learned_market,20260912,0.4843345016251858,0.4843345016251858,0,1
shadow_trial,3693,2026-04-17,2026-04-27,0.010401572188011,2026,2025-12-31,learned_market,20260912,0.42352930830164365,0.42352930830164365,0,1
shadow_trial,3698,2026-04-24,2026-05-11,0.0263674696524953,2026,2025-12-31,learned_market,20260912,0.43134778732263795,0.43134778732263795,0,1
shadow_trial,3705,2026-05-08,2026-05-18,-0.0134529239455926,2026,2025-12-31,learned_market,20260912,0.47804055860260325,0.47804055860260325,0,0
shadow_trial,3710,2026-05-15,2026-05-25,0.0076235492615268,2026,2025-12-31,learned_market,20260912,0.5242439932504063,0.5242439932504063,1,1
shadow_trial,3715,2026-05-22,2026-06-01,0.005068538126898,2026,2025-12-31,learned_market,20260912,0.5118662537721262,0.5118662537721262,1,1
shadow_trial,3720,2026-05-29,2026-06-08,-0.039635353927193,2026,2025-12-31,learned_market,20260912,0.47332917945413594,0.47332917945413594,0,0
shadow_trial,3725,2026-06-05,2026-06-15,0.0266849782195981,2026,2025-12-31,learned_market,20260912,0.46849386998390014,0.46849386998390014,0,1
shadow_trial,3730,2026-06-12,2026-06-29,0.0076098142791176,2026,2025-12-31,learned_market,20260912,0.4497314325369085,0.4497314325369085,0,1
shadow_trial,3739,2026-06-26,2026-07-06,0.0005137647861506,2026,2025-12-31,learned_market,20260912,0.5338580433420232,0.5338580433420232,1,1
shadow_trial,3744,2026-07-03,2026-07-13,-0.0252847876365399,2026,2025-12-31,learned_market,20260912,0.5044753570507676,0.5044753570507676,1,0
shadow_trial,3749,2026-07-10,2026-07-20,-0.035775397012711,2026,2025-12-31,learned_market,20260912,0.5207542189486483,0.5207542189486483,1,0
shadow_trial,3754,2026-07-17,2026-07-27,0.01756245533441,2026,2025-12-31,learned_market,20260912,0.4491236951454709,0.4491236951454709,0,1
shadow_trial,3759,2026-07-24,2026-08-03,-0.0202339761556519,2026,2025-12-31,learned_market,20260912,0.45912056712344607,0.45912056712344607,0,0
shadow_trial,3764,2026-07-31,2026-08-10,0.0300318732435738,2026,2025-12-31,learned_market,20260912,0.4747199415260046,0.4747199415260046,0,1
shadow_trial,3769,2026-08-07,2026-08-17,-0.0056482265760339,2026,2025-12-31,learned_market,20260912,0.5169922363203473,0.5169922363203473,1,0
shadow_trial,3774,2026-08-14,2026-08-24,-0.0109860710402629,2026,2025-12-31,learned_market,20260912,0.47409296619698144,0.47409296619698144,0,0
shadow_trial,3779,2026-08-21,2026-08-31,-0.0127592811002066,2026,2025-12-31,learned_market,20260912,0.4643846053465112,0.4643846053465112,0,0
shadow_trial,3630,2026-01-09,2026-01-19,-0.0103697336282536,2026,2025-12-31,learned_vol_interaction,20260912,0.5113420632666249,0.5113420632666249,1,0
shadow_trial,3635,2026-01-16,2026-01-26,-0.0010190267764643,2026,2025-12-31,learned_vol_interaction,20260912,0.5720485316988371,0.5720485316988371,1,0
shadow_trial,3640,2026-01-23,2026-02-02,-0.0087161586128796,2026,2025-12-31,learned_vol_interaction,20260912,0.46450523759698337,0.46450523759698337,0,0
shadow_trial,3645,2026-01-30,2026-02-09,0.0041482324550519,2026,2025-12-31,learned_vol_interaction,20260912,0.5055364466448413,0.5055364466448413,1,1
shadow_trial,3650,2026-02-06,2026-02-24,0.0071649689901505,2026,2025-12-31,learned_vol_interaction,20260912,0.42116451389141074,0.42116451389141074,0,1
shadow_trial,3655,2026-02-13,2026-03-02,-0.0097920588919678,2026,2025-12-31,learned_vol_interaction,20260912,0.4216952789502379,0.4216952789502379,0,0
shadow_trial,3659,2026-02-27,2026-03-09,-0.0172526869201304,2026,2025-12-31,learned_vol_interaction,20260912,0.46280074037648433,0.46280074037648433,0,0
shadow_trial,3664,2026-03-06,2026-03-16,0.0149926634422041,2026,2025-12-31,learned_vol_interaction,20260912,0.4454734654507731,0.4454734654507731,0,1
shadow_trial,3669,2026-03-13,2026-03-23,-0.0364343509194254,2026,2025-12-31,learned_vol_interaction,20260912,0.5162800418391823,0.5162800418391823,1,0
shadow_trial,3674,2026-03-20,2026-03-30,-0.0083038829988221,2026,2025-12-31,learned_vol_interaction,20260912,0.44815597826032155,0.44815597826032155,0,0
shadow_trial,3679,2026-03-27,2026-04-07,-0.0035591495694504,2026,2025-12-31,learned_vol_interaction,20260912,0.41145491799092687,0.41145491799092687,0,0
shadow_trial,3684,2026-04-03,2026-04-13,0.0380736235508991,2026,2025-12-31,learned_vol_interaction,20260912,0.44194013633414186,0.44194013633414186,0,1
shadow_trial,3688,2026-04-10,2026-04-20,0.0242766725964382,2026,2025-12-31,learned_vol_interaction,20260912,0.474602811789107,0.474602811789107,0,1
shadow_trial,3693,2026-04-17,2026-04-27,0.010401572188011,2026,2025-12-31,learned_vol_interaction,20260912,0.4655670623093444,0.4655670623093444,0,1
shadow_trial,3698,2026-04-24,2026-05-11,0.0263674696524953,2026,2025-12-31,learned_vol_interaction,20260912,0.42735120615774097,0.42735120615774097,0,1
shadow_trial,3705,2026-05-08,2026-05-18,-0.0134529239455926,2026,2025-12-31,learned_vol_interaction,20260912,0.45536406167315674,0.45536406167315674,0,0
shadow_trial,3710,2026-05-15,2026-05-25,0.0076235492615268,2026,2025-12-31,learned_vol_interaction,20260912,0.5065051153684339,0.5065051153684339,1,1
shadow_trial,3715,2026-05-22,2026-06-01,0.005068538126898,2026,2025-12-31,learned_vol_interaction,20260912,0.49203695640068734,0.49203695640068734,0,1
shadow_trial,3720,2026-05-29,2026-06-08,-0.039635353927193,2026,2025-12-31,learned_vol_interaction,20260912,0.47113595890062737,0.47113595890062737,0,0
shadow_trial,3725,2026-06-05,2026-06-15,0.0266849782195981,2026,2025-12-31,learned_vol_interaction,20260912,0.45682558024935527,0.45682558024935527,0,1
shadow_trial,3730,2026-06-12,2026-06-29,0.0076098142791176,2026,2025-12-31,learned_vol_interaction,20260912,0.442975733059148,0.442975733059148,0,1
shadow_trial,3739,2026-06-26,2026-07-06,0.0005137647861506,2026,2025-12-31,learned_vol_interaction,20260912,0.5201528170131723,0.5201528170131723,1,1
shadow_trial,3744,2026-07-03,2026-07-13,-0.0252847876365399,2026,2025-12-31,learned_vol_interaction,20260912,0.5167437066245485,0.5167437066245485,1,0
shadow_trial,3749,2026-07-10,2026-07-20,-0.035775397012711,2026,2025-12-31,learned_vol_interaction,20260912,0.5240977712551413,0.5240977712551413,1,0
shadow_trial,3754,2026-07-17,2026-07-27,0.01756245533441,2026,2025-12-31,learned_vol_interaction,20260912,0.5152580314937659,0.5152580314937659,1,1
shadow_trial,3759,2026-07-24,2026-08-03,-0.0202339761556519,2026,2025-12-31,learned_vol_interaction,20260912,0.5102837642282361,0.5102837642282361,1,0
shadow_trial,3764,2026-07-31,2026-08-10,0.0300318732435738,2026,2025-12-31,learned_vol_interaction,20260912,0.49813339636912884,0.49813339636912884,0,1
shadow_trial,3769,2026-08-07,2026-08-17,-0.0056482265760339,2026,2025-12-31,learned_vol_interaction,20260912,0.4913068589563322,0.4913068589563322,0,0
shadow_trial,3774,2026-08-14,2026-08-24,-0.0109860710402629,2026,2025-12-31,learned_vol_interaction,20260912,0.46547315716272203,0.46547315716272203,0,0
shadow_trial,3779,2026-08-21,2026-08-31,-0.0127592811002066,2026,2025-12-31,learned_vol_interaction,20260912,0.4565503959943362,0.4565503959943362,0,0
shadow_trial,3630,2026-01-09,2026-01-19,-0.0103697336282536,2026,2025-12-31,learned_order_extension,20260912,0.5234527600872158,0.5234527600872158,1,0
shadow_trial,3635,2026-01-16,2026-01-26,-0.0010190267764643,2026,2025-12-31,learned_order_extension,20260912,0.5847075352595175,0.5847075352595175,1,0
shadow_trial,3640,2026-01-23,2026-02-02,-0.0087161586128796,2026,2025-12-31,learned_order_extension,20260912,0.4700767353741261,0.4700767353741261,0,0
shadow_trial,3645,2026-01-30,2026-02-09,0.0041482324550519,2026,2025-12-31,learned_order_extension,20260912,0.5148835278265028,0.5148835278265028,1,1
shadow_trial,3650,2026-02-06,2026-02-24,0.0071649689901505,2026,2025-12-31,learned_order_extension,20260912,0.4220765070574473,0.4220765070574473,0,1
shadow_trial,3655,2026-02-13,2026-03-02,-0.0097920588919678,2026,2025-12-31,learned_order_extension,20260912,0.41397752179190594,0.41397752179190594,0,0
shadow_trial,3659,2026-02-27,2026-03-09,-0.0172526869201304,2026,2025-12-31,learned_order_extension,20260912,0.45946498078572456,0.45946498078572456,0,0
shadow_trial,3664,2026-03-06,2026-03-16,0.0149926634422041,2026,2025-12-31,learned_order_extension,20260912,0.44635455978232025,0.44635455978232025,0,1
shadow_trial,3669,2026-03-13,2026-03-23,-0.0364343509194254,2026,2025-12-31,learned_order_extension,20260912,0.5383866937008707,0.5383866937008707,1,0
shadow_trial,3674,2026-03-20,2026-03-30,-0.0083038829988221,2026,2025-12-31,learned_order_extension,20260912,0.43243079892634145,0.43243079892634145,0,0
shadow_trial,3679,2026-03-27,2026-04-07,-0.0035591495694504,2026,2025-12-31,learned_order_extension,20260912,0.3847558274890985,0.3847558274890985,0,0
shadow_trial,3684,2026-04-03,2026-04-13,0.0380736235508991,2026,2025-12-31,learned_order_extension,20260912,0.4144033852774401,0.4144033852774401,0,1
shadow_trial,3688,2026-04-10,2026-04-20,0.0242766725964382,2026,2025-12-31,learned_order_extension,20260912,0.47938167585700264,0.47938167585700264,0,1
shadow_trial,3693,2026-04-17,2026-04-27,0.010401572188011,2026,2025-12-31,learned_order_extension,20260912,0.4174512738947204,0.4174512738947204,0,1
shadow_trial,3698,2026-04-24,2026-05-11,0.0263674696524953,2026,2025-12-31,learned_order_extension,20260912,0.40789835430240917,0.40789835430240917,0,1
shadow_trial,3705,2026-05-08,2026-05-18,-0.0134529239455926,2026,2025-12-31,learned_order_extension,20260912,0.4584298418185969,0.4584298418185969,0,0
shadow_trial,3710,2026-05-15,2026-05-25,0.0076235492615268,2026,2025-12-31,learned_order_extension,20260912,0.5410895291105667,0.5410895291105667,1,1
shadow_trial,3715,2026-05-22,2026-06-01,0.005068538126898,2026,2025-12-31,learned_order_extension,20260912,0.5021226383630596,0.5021226383630596,1,1
shadow_trial,3720,2026-05-29,2026-06-08,-0.039635353927193,2026,2025-12-31,learned_order_extension,20260912,0.4573299409387087,0.4573299409387087,0,0
shadow_trial,3725,2026-06-05,2026-06-15,0.0266849782195981,2026,2025-12-31,learned_order_extension,20260912,0.4366421559336363,0.4366421559336363,0,1
shadow_trial,3730,2026-06-12,2026-06-29,0.0076098142791176,2026,2025-12-31,learned_order_extension,20260912,0.4102842493878904,0.4102842493878904,0,1
shadow_trial,3739,2026-06-26,2026-07-06,0.0005137647861506,2026,2025-12-31,learned_order_extension,20260912,0.5188140124051438,0.5188140124051438,1,1
shadow_trial,3744,2026-07-03,2026-07-13,-0.0252847876365399,2026,2025-12-31,learned_order_extension,20260912,0.4989429054386354,0.4989429054386354,0,0
shadow_trial,3749,2026-07-10,2026-07-20,-0.035775397012711,2026,2025-12-31,learned_order_extension,20260912,0.5236629920895812,0.5236629920895812,1,0
shadow_trial,3754,2026-07-17,2026-07-27,0.01756245533441,2026,2025-12-31,learned_order_extension,20260912,0.5032118538805617,0.5032118538805617,1,1
shadow_trial,3759,2026-07-24,2026-08-03,-0.0202339761556519,2026,2025-12-31,learned_order_extension,20260912,0.4921460637997216,0.4921460637997216,0,0
shadow_trial,3764,2026-07-31,2026-08-10,0.0300318732435738,2026,2025-12-31,learned_order_extension,20260912,0.4818553927993659,0.4818553927993659,0,1
shadow_trial,3769,2026-08-07,2026-08-17,-0.0056482265760339,2026,2025-12-31,learned_order_extension,20260912,0.5028354128920006,0.5028354128920006,1,0
shadow_trial,3774,2026-08-14,2026-08-24,-0.0109860710402629,2026,2025-12-31,learned_order_extension,20260912,0.4725810214103995,0.4725810214103995,0,0
shadow_trial,3779,2026-08-21,2026-08-31,-0.0127592811002066,2026,2025-12-31,learned_order_extension,20260912,0.46653070967261673,0.46653070967261673,0,0
shadow_trial,3630,2026-01-09,2026-01-19,-0.0103697336282536,2026,2025-12-31,learned_order_offset,20260912,0.5234772415055928,0.5234772415055928,1,0
shadow_trial,3635,2026-01-16,2026-01-26,-0.0010190267764643,2026,2025-12-31,learned_order_offset,20260912,0.5844150879103954,0.5844150879103954,1,0
shadow_trial,3640,2026-01-23,2026-02-02,-0.0087161586128796,2026,2025-12-31,learned_order_offset,20260912,0.46996206356235715,0.46996206356235715,0,0
shadow_trial,3645,2026-01-30,2026-02-09,0.0041482324550519,2026,2025-12-31,learned_order_offset,20260912,0.514701020079869,0.514701020079869,1,1
shadow_trial,3650,2026-02-06,2026-02-24,0.0071649689901505,2026,2025-12-31,learned_order_offset,20260912,0.42213589824970216,0.42213589824970216,0,1
shadow_trial,3655,2026-02-13,2026-03-02,-0.0097920588919678,2026,2025-12-31,learned_order_offset,20260912,0.4139092534456115,0.4139092534456115,0,0
shadow_trial,3659,2026-02-27,2026-03-09,-0.0172526869201304,2026,2025-12-31,learned_order_offset,20260912,0.4590491088219428,0.4590491088219428,0,0
shadow_trial,3664,2026-03-06,2026-03-16,0.0149926634422041,2026,2025-12-31,learned_order_offset,20260912,0.4464707132363767,0.4464707132363767,0,1
shadow_trial,3669,2026-03-13,2026-03-23,-0.0364343509194254,2026,2025-12-31,learned_order_offset,20260912,0.5384561051408137,0.5384561051408137,1,0
shadow_trial,3674,2026-03-20,2026-03-30,-0.0083038829988221,2026,2025-12-31,learned_order_offset,20260912,0.43269622737784763,0.43269622737784763,0,0
shadow_trial,3679,2026-03-27,2026-04-07,-0.0035591495694504,2026,2025-12-31,learned_order_offset,20260912,0.3852504154330894,0.3852504154330894,0,0
shadow_trial,3684,2026-04-03,2026-04-13,0.0380736235508991,2026,2025-12-31,learned_order_offset,20260912,0.41463312595207424,0.41463312595207424,0,1
shadow_trial,3688,2026-04-10,2026-04-20,0.0242766725964382,2026,2025-12-31,learned_order_offset,20260912,0.47957887458862364,0.47957887458862364,0,1
shadow_trial,3693,2026-04-17,2026-04-27,0.010401572188011,2026,2025-12-31,learned_order_offset,20260912,0.4174462723853696,0.4174462723853696,0,1
shadow_trial,3698,2026-04-24,2026-05-11,0.0263674696524953,2026,2025-12-31,learned_order_offset,20260912,0.4078121898572776,0.4078121898572776,0,1
shadow_trial,3705,2026-05-08,2026-05-18,-0.0134529239455926,2026,2025-12-31,learned_order_offset,20260912,0.45820168742787637,0.45820168742787637,0,0
shadow_trial,3710,2026-05-15,2026-05-25,0.0076235492615268,2026,2025-12-31,learned_order_offset,20260912,0.5408516437983437,0.5408516437983437,1,1
shadow_trial,3715,2026-05-22,2026-06-01,0.005068538126898,2026,2025-12-31,learned_order_offset,20260912,0.5018942264488259,0.5018942264488259,1,1
shadow_trial,3720,2026-05-29,2026-06-08,-0.039635353927193,2026,2025-12-31,learned_order_offset,20260912,0.4571886722395474,0.4571886722395474,0,0
shadow_trial,3725,2026-06-05,2026-06-15,0.0266849782195981,2026,2025-12-31,learned_order_offset,20260912,0.43649391290109524,0.43649391290109524,0,1
shadow_trial,3730,2026-06-12,2026-06-29,0.0076098142791176,2026,2025-12-31,learned_order_offset,20260912,0.4101169616257996,0.4101169616257996,0,1
shadow_trial,3739,2026-06-26,2026-07-06,0.0005137647861506,2026,2025-12-31,learned_order_offset,20260912,0.5185047287941408,0.5185047287941408,1,1
shadow_trial,3744,2026-07-03,2026-07-13,-0.0252847876365399,2026,2025-12-31,learned_order_offset,20260912,0.4988441113201745,0.4988441113201745,0,0
shadow_trial,3749,2026-07-10,2026-07-20,-0.035775397012711,2026,2025-12-31,learned_order_offset,20260912,0.523535406519861,0.523535406519861,1,0
shadow_trial,3754,2026-07-17,2026-07-27,0.01756245533441,2026,2025-12-31,learned_order_offset,20260912,0.5033052897147685,0.5033052897147685,1,1
shadow_trial,3759,2026-07-24,2026-08-03,-0.0202339761556519,2026,2025-12-31,learned_order_offset,20260912,0.4922428591218114,0.4922428591218114,0,0
shadow_trial,3764,2026-07-31,2026-08-10,0.0300318732435738,2026,2025-12-31,learned_order_offset,20260912,0.4819029511308941,0.4819029511308941,0,1
shadow_trial,3769,2026-08-07,2026-08-17,-0.0056482265760339,2026,2025-12-31,learned_order_offset,20260912,0.5027660682169325,0.5027660682169325,1,0
shadow_trial,3774,2026-08-14,2026-08-24,-0.0109860710402629,2026,2025-12-31,learned_order_offset,20260912,0.4725999925469034,0.4725999925469034,0,0
shadow_trial,3779,2026-08-21,2026-08-31,-0.0127592811002066,2026,2025-12-31,learned_order_offset,20260912,0.4665968127191565,0.4665968127191565,0,0
shadow_trial,3630,2026-01-09,2026-01-19,-0.0103697336282536,2026,2025-12-31,native_mse,20260912,-0.0012654744629118373,,0,0
shadow_trial,3635,2026-01-16,2026-01-26,-0.0010190267764643,2026,2025-12-31,native_mse,20260912,-0.0009824454910161004,,0,0
shadow_trial,3640,2026-01-23,2026-02-02,-0.0087161586128796,2026,2025-12-31,native_mse,20260912,-0.0014318861524315442,,0,0
shadow_trial,3645,2026-01-30,2026-02-09,0.0041482324550519,2026,2025-12-31,native_mse,20260912,-0.0015519331724585116,,0,1
shadow_trial,3650,2026-02-06,2026-02-24,0.0071649689901505,2026,2025-12-31,native_mse,20260912,-0.0016869022750859507,,0,1
shadow_trial,3655,2026-02-13,2026-03-02,-0.0097920588919678,2026,2025-12-31,native_mse,20260912,-0.0011765097827620523,,0,0
shadow_trial,3659,2026-02-27,2026-03-09,-0.0172526869201304,2026,2025-12-31,native_mse,20260912,-0.0007085124719817442,,0,0
shadow_trial,3664,2026-03-06,2026-03-16,0.0149926634422041,2026,2025-12-31,native_mse,20260912,-0.0009899154221996353,,0,1
shadow_trial,3669,2026-03-13,2026-03-23,-0.0364343509194254,2026,2025-12-31,native_mse,20260912,-0.0011266305599294578,,0,0
shadow_trial,3674,2026-03-20,2026-03-30,-0.0083038829988221,2026,2025-12-31,native_mse,20260912,-0.001524311581453077,,0,0
shadow_trial,3679,2026-03-27,2026-04-07,-0.0035591495694504,2026,2025-12-31,native_mse,20260912,-0.0019205134194293897,,0,0
shadow_trial,3684,2026-04-03,2026-04-13,0.0380736235508991,2026,2025-12-31,native_mse,20260912,-0.0011376256916386593,,0,1
shadow_trial,3688,2026-04-10,2026-04-20,0.0242766725964382,2026,2025-12-31,native_mse,20260912,-0.0013216896399536517,,0,1
shadow_trial,3693,2026-04-17,2026-04-27,0.010401572188011,2026,2025-12-31,native_mse,20260912,-0.0015028502660909705,,0,1
shadow_trial,3698,2026-04-24,2026-05-11,0.0263674696524953,2026,2025-12-31,native_mse,20260912,-0.0012568015547876838,,0,1
shadow_trial,3705,2026-05-08,2026-05-18,-0.0134529239455926,2026,2025-12-31,native_mse,20260912,-0.0004371239494575972,,0,0
shadow_trial,3710,2026-05-15,2026-05-25,0.0076235492615268,2026,2025-12-31,native_mse,20260912,6.163719011948235e-05,,1,1
shadow_trial,3715,2026-05-22,2026-06-01,0.005068538126898,2026,2025-12-31,native_mse,20260912,7.730204085298746e-06,,1,1
shadow_trial,3720,2026-05-29,2026-06-08,-0.039635353927193,2026,2025-12-31,native_mse,20260912,-0.00019569943758148556,,0,0
shadow_trial,3725,2026-06-05,2026-06-15,0.0266849782195981,2026,2025-12-31,native_mse,20260912,-0.00010540438898025962,,0,1
shadow_trial,3730,2026-06-12,2026-06-29,0.0076098142791176,2026,2025-12-31,native_mse,20260912,-0.0007095936265099443,,0,1
shadow_trial,3739,2026-06-26,2026-07-06,0.0005137647861506,2026,2025-12-31,native_mse,20260912,-0.00033128119271872585,,0,1
shadow_trial,3744,2026-07-03,2026-07-13,-0.0252847876365399,2026,2025-12-31,native_mse,20260912,-0.0011443460816151978,,0,0
shadow_trial,3749,2026-07-10,2026-07-20,-0.035775397012711,2026,2025-12-31,native_mse,20260912,-0.0017039989678604111,,0,0
shadow_trial,3754,2026-07-17,2026-07-27,0.01756245533441,2026,2025-12-31,native_mse,20260912,-0.0017003094595498154,,0,1
shadow_trial,3759,2026-07-24,2026-08-03,-0.0202339761556519,2026,2025-12-31,native_mse,20260912,-0.0018633248001663242,,0,0
shadow_trial,3764,2026-07-31,2026-08-10,0.0300318732435738,2026,2025-12-31,native_mse,20260912,-0.0013665112944695823,,0,1
shadow_trial,3769,2026-08-07,2026-08-17,-0.0056482265760339,2026,2025-12-31,native_mse,20260912,-0.0010726869031266657,,0,0
shadow_trial,3774,2026-08-14,2026-08-24,-0.0109860710402629,2026,2025-12-31,native_mse,20260912,-0.0012030503226100222,,0,0
shadow_trial,3779,2026-08-21,2026-08-31,-0.0127592811002066,2026,2025-12-31,native_mse,20260912,-0.0005090624873602664,,0,0
shadow_trial,2596,2021-10-08,2021-10-18,-0.0038006269617851,2021,2021-06-30,learned_market,20260910,0.822161680291332,0.822161680291332,1,0
shadow_trial,2601,2021-10-15,2021-10-25,0.0037358989621147,2021,2021-06-30,learned_market,20260910,0.629401327065324,0.629401327065324,1,1
shadow_trial,2606,2021-10-22,2021-11-01,-0.0127041632091318,2021,2021-06-30,learned_market,20260910,0.5611220034725436,0.5611220034725436,1,0
shadow_trial,2611,2021-10-29,2021-11-08,-0.0075807737801166,2021,2021-06-30,learned_market,20260910,0.5149802414499329,0.5149802414499329,1,0
shadow_trial,2616,2021-11-05,2021-11-15,0.0110015182343039,2021,2021-06-30,learned_market,20260910,0.6087521168088094,0.6087521168088094,1,1
shadow_trial,2621,2021-11-12,2021-11-22,0.0002002284238551,2021,2021-06-30,learned_market,20260910,0.6380532091819651,0.6380532091819651,1,1
shadow_trial,2626,2021-11-19,2021-11-29,-0.0153981603100059,2021,2021-06-30,learned_market,20260910,0.5658890048918827,0.5658890048918827,1,0
shadow_trial,2631,2021-11-26,2021-12-06,0.0185518287306458,2021,2021-06-30,learned_market,20260910,0.5530824854809367,0.5530824854809367,1,1
shadow_trial,2636,2021-12-03,2021-12-13,0.0367843110096284,2021,2021-06-30,learned_market,20260910,0.6019327540052091,0.6019327540052091,1,1
shadow_trial,2641,2021-12-10,2021-12-20,-0.0304615698955996,2021,2021-06-30,learned_market,20260910,0.585070842260343,0.585070842260343,1,0
shadow_trial,2646,2021-12-17,2021-12-27,-0.0034083287233763,2021,2021-06-30,learned_market,20260910,0.7122322655541079,0.7122322655541079,1,0
shadow_trial,2651,2021-12-24,2022-01-04,0.0080985736506613,2021,2021-06-30,learned_market,20260910,0.6267867763757605,0.6267867763757605,1,1
shadow_trial,2656,2021-12-31,2022-01-10,-0.0293970528320001,2021,2021-06-30,learned_market,20260910,0.6275601932510895,0.6275601932510895,1,0
shadow_trial,2596,2021-10-08,2021-10-18,-0.0038006269617851,2021,2021-06-30,learned_vol_interaction,20260910,0.8182436434038585,0.8182436434038585,1,0
shadow_trial,2601,2021-10-15,2021-10-25,0.0037358989621147,2021,2021-06-30,learned_vol_interaction,20260910,0.6190434800322022,0.6190434800322022,1,1
shadow_trial,2606,2021-10-22,2021-11-01,-0.0127041632091318,2021,2021-06-30,learned_vol_interaction,20260910,0.5498187850939792,0.5498187850939792,1,0
shadow_trial,2611,2021-10-29,2021-11-08,-0.0075807737801166,2021,2021-06-30,learned_vol_interaction,20260910,0.5161426497394251,0.5161426497394251,1,0
shadow_trial,2616,2021-11-05,2021-11-15,0.0110015182343039,2021,2021-06-30,learned_vol_interaction,20260910,0.6049039187631625,0.6049039187631625,1,1
shadow_trial,2621,2021-11-12,2021-11-22,0.0002002284238551,2021,2021-06-30,learned_vol_interaction,20260910,0.6108918398649021,0.6108918398649021,1,1
shadow_trial,2626,2021-11-19,2021-11-29,-0.0153981603100059,2021,2021-06-30,learned_vol_interaction,20260910,0.5597894613377811,0.5597894613377811,1,0
shadow_trial,2631,2021-11-26,2021-12-06,0.0185518287306458,2021,2021-06-30,learned_vol_interaction,20260910,0.5521645497252917,0.5521645497252917,1,1
shadow_trial,2636,2021-12-03,2021-12-13,0.0367843110096284,2021,2021-06-30,learned_vol_interaction,20260910,0.5865727182881391,0.5865727182881391,1,1
shadow_trial,2641,2021-12-10,2021-12-20,-0.0304615698955996,2021,2021-06-30,learned_vol_interaction,20260910,0.5648967520471019,0.5648967520471019,1,0
shadow_trial,2646,2021-12-17,2021-12-27,-0.0034083287233763,2021,2021-06-30,learned_vol_interaction,20260910,0.6828905796439079,0.6828905796439079,1,0
shadow_trial,2651,2021-12-24,2022-01-04,0.0080985736506613,2021,2021-06-30,learned_vol_interaction,20260910,0.6043825217749527,0.6043825217749527,1,1
shadow_trial,2656,2021-12-31,2022-01-10,-0.0293970528320001,2021,2021-06-30,learned_vol_interaction,20260910,0.6304126204489213,0.6304126204489213,1,0
shadow_trial,2596,2021-10-08,2021-10-18,-0.0038006269617851,2021,2021-06-30,learned_order_extension,20260910,0.871207006445749,0.871207006445749,1,0
shadow_trial,2601,2021-10-15,2021-10-25,0.0037358989621147,2021,2021-06-30,learned_order_extension,20260910,0.6178137596660315,0.6178137596660315,1,1
shadow_trial,2606,2021-10-22,2021-11-01,-0.0127041632091318,2021,2021-06-30,learned_order_extension,20260910,0.5273065463751391,0.5273065463751391,1,0
shadow_trial,2611,2021-10-29,2021-11-08,-0.0075807737801166,2021,2021-06-30,learned_order_extension,20260910,0.46031444398316246,0.46031444398316246,0,0
shadow_trial,2616,2021-11-05,2021-11-15,0.0110015182343039,2021,2021-06-30,learned_order_extension,20260910,0.6114411967296423,0.6114411967296423,1,1
shadow_trial,2621,2021-11-12,2021-11-22,0.0002002284238551,2021,2021-06-30,learned_order_extension,20260910,0.6566265795842614,0.6566265795842614,1,1
shadow_trial,2626,2021-11-19,2021-11-29,-0.0153981603100059,2021,2021-06-30,learned_order_extension,20260910,0.5396325462294886,0.5396325462294886,1,0
shadow_trial,2631,2021-11-26,2021-12-06,0.0185518287306458,2021,2021-06-30,learned_order_extension,20260910,0.4905801541835245,0.4905801541835245,0,1
shadow_trial,2636,2021-12-03,2021-12-13,0.0367843110096284,2021,2021-06-30,learned_order_extension,20260910,0.5849251838794127,0.5849251838794127,1,1
shadow_trial,2641,2021-12-10,2021-12-20,-0.0304615698955996,2021,2021-06-30,learned_order_extension,20260910,0.6165105564185476,0.6165105564185476,1,0
shadow_trial,2646,2021-12-17,2021-12-27,-0.0034083287233763,2021,2021-06-30,learned_order_extension,20260910,0.784822447734746,0.784822447734746,1,0
shadow_trial,2651,2021-12-24,2022-01-04,0.0080985736506613,2021,2021-06-30,learned_order_extension,20260910,0.6416942531495083,0.6416942531495083,1,1
shadow_trial,2656,2021-12-31,2022-01-10,-0.0293970528320001,2021,2021-06-30,learned_order_extension,20260910,0.6383586856672651,0.6383586856672651,1,0
shadow_trial,2596,2021-10-08,2021-10-18,-0.0038006269617851,2021,2021-06-30,learned_order_offset,20260910,0.8677983977057528,0.8677983977057528,1,0
shadow_trial,2601,2021-10-15,2021-10-25,0.0037358989621147,2021,2021-06-30,learned_order_offset,20260910,0.617934601653977,0.617934601653977,1,1
shadow_trial,2606,2021-10-22,2021-11-01,-0.0127041632091318,2021,2021-06-30,learned_order_offset,20260910,0.5263242413086661,0.5263242413086661,1,0
shadow_trial,2611,2021-10-29,2021-11-08,-0.0075807737801166,2021,2021-06-30,learned_order_offset,20260910,0.4612282294647401,0.4612282294647401,0,0
shadow_trial,2616,2021-11-05,2021-11-15,0.0110015182343039,2021,2021-06-30,learned_order_offset,20260910,0.608825742955464,0.608825742955464,1,1
shadow_trial,2621,2021-11-12,2021-11-22,0.0002002284238551,2021,2021-06-30,learned_order_offset,20260910,0.6528461101807049,0.6528461101807049,1,1
shadow_trial,2626,2021-11-19,2021-11-29,-0.0153981603100059,2021,2021-06-30,learned_order_offset,20260910,0.5381518508850683,0.5381518508850683,1,0
shadow_trial,2631,2021-11-26,2021-12-06,0.0185518287306458,2021,2021-06-30,learned_order_offset,20260910,0.4890472818989624,0.4890472818989624,0,1
shadow_trial,2636,2021-12-03,2021-12-13,0.0367843110096284,2021,2021-06-30,learned_order_offset,20260910,0.5813968673429517,0.5813968673429517,1,1
shadow_trial,2641,2021-12-10,2021-12-20,-0.0304615698955996,2021,2021-06-30,learned_order_offset,20260910,0.6131273875203656,0.6131273875203656,1,0
shadow_trial,2646,2021-12-17,2021-12-27,-0.0034083287233763,2021,2021-06-30,learned_order_offset,20260910,0.7789201273818972,0.7789201273818972,1,0
shadow_trial,2651,2021-12-24,2022-01-04,0.0080985736506613,2021,2021-06-30,learned_order_offset,20260910,0.6384419996202547,0.6384419996202547,1,1
shadow_trial,2656,2021-12-31,2022-01-10,-0.0293970528320001,2021,2021-06-30,learned_order_offset,20260910,0.6356055368689448,0.6356055368689448,1,0
shadow_trial,2596,2021-10-08,2021-10-18,-0.0038006269617851,2021,2021-06-30,native_mse,20260910,0.012604315171650416,,1,0
shadow_trial,2601,2021-10-15,2021-10-25,0.0037358989621147,2021,2021-06-30,native_mse,20260910,0.002468100009410734,,1,1
shadow_trial,2606,2021-10-22,2021-11-01,-0.0127041632091318,2021,2021-06-30,native_mse,20260910,0.0012496384780619448,,1,0
shadow_trial,2611,2021-10-29,2021-11-08,-0.0075807737801166,2021,2021-06-30,native_mse,20260910,-0.0014625877064568765,,0,0
shadow_trial,2616,2021-11-05,2021-11-15,0.0110015182343039,2021,2021-06-30,native_mse,20260910,0.0026922601499837166,,1,1
shadow_trial,2621,2021-11-12,2021-11-22,0.0002002284238551,2021,2021-06-30,native_mse,20260910,0.0058306240018892105,,1,1
shadow_trial,2626,2021-11-19,2021-11-29,-0.0153981603100059,2021,2021-06-30,native_mse,20260910,0.000848704783174676,,1,0
shadow_trial,2631,2021-11-26,2021-12-06,0.0185518287306458,2021,2021-06-30,native_mse,20260910,0.0018029443889897674,,1,1
shadow_trial,2636,2021-12-03,2021-12-13,0.0367843110096284,2021,2021-06-30,native_mse,20260910,0.005277356407448095,,1,1
shadow_trial,2641,2021-12-10,2021-12-20,-0.0304615698955996,2021,2021-06-30,native_mse,20260910,0.0033439159028370237,,1,0
shadow_trial,2646,2021-12-17,2021-12-27,-0.0034083287233763,2021,2021-06-30,native_mse,20260910,0.004139078160519009,,1,0
shadow_trial,2651,2021-12-24,2022-01-04,0.0080985736506613,2021,2021-06-30,native_mse,20260910,0.002145809650737658,,1,1
shadow_trial,2656,2021-12-31,2022-01-10,-0.0293970528320001,2021,2021-06-30,native_mse,20260910,0.0033598000859181485,,1,0
shadow_trial,2596,2021-10-08,2021-10-18,-0.0038006269617851,2021,2021-06-30,training_frequency,-1,0.5537190082644629,0.5537190082644629,1,0
shadow_trial,2601,2021-10-15,2021-10-25,0.0037358989621147,2021,2021-06-30,training_frequency,-1,0.5537190082644629,0.5537190082644629,1,1
shadow_trial,2606,2021-10-22,2021-11-01,-0.0127041632091318,2021,2021-06-30,training_frequency,-1,0.5537190082644629,0.5537190082644629,1,0
shadow_trial,2611,2021-10-29,2021-11-08,-0.0075807737801166,2021,2021-06-30,training_frequency,-1,0.5537190082644629,0.5537190082644629,1,0
shadow_trial,2616,2021-11-05,2021-11-15,0.0110015182343039,2021,2021-06-30,training_frequency,-1,0.5537190082644629,0.5537190082644629,1,1
shadow_trial,2621,2021-11-12,2021-11-22,0.0002002284238551,2021,2021-06-30,training_frequency,-1,0.5537190082644629,0.5537190082644629,1,1
shadow_trial,2626,2021-11-19,2021-11-29,-0.0153981603100059,2021,2021-06-30,training_frequency,-1,0.5537190082644629,0.5537190082644629,1,0
shadow_trial,2631,2021-11-26,2021-12-06,0.0185518287306458,2021,2021-06-30,training_frequency,-1,0.5537190082644629,0.5537190082644629,1,1
shadow_trial,2636,2021-12-03,2021-12-13,0.0367843110096284,2021,2021-06-30,training_frequency,-1,0.5537190082644629,0.5537190082644629,1,1
shadow_trial,2641,2021-12-10,2021-12-20,-0.0304615698955996,2021,2021-06-30,training_frequency,-1,0.5537190082644629,0.5537190082644629,1,0
shadow_trial,2646,2021-12-17,2021-12-27,-0.0034083287233763,2021,2021-06-30,training_frequency,-1,0.5537190082644629,0.5537190082644629,1,0
shadow_trial,2651,2021-12-24,2022-01-04,0.0080985736506613,2021,2021-06-30,training_frequency,-1,0.5537190082644629,0.5537190082644629,1,1
shadow_trial,2656,2021-12-31,2022-01-10,-0.0293970528320001,2021,2021-06-30,training_frequency,-1,0.5537190082644629,0.5537190082644629,1,0
shadow_trial,2596,2021-10-08,2021-10-18,-0.0038006269617851,2021,2021-06-30,learned_market,20260911,0.6694944928412756,0.6694944928412756,1,0
shadow_trial,2601,2021-10-15,2021-10-25,0.0037358989621147,2021,2021-06-30,learned_market,20260911,0.7167992628022962,0.7167992628022962,1,1
shadow_trial,2606,2021-10-22,2021-11-01,-0.0127041632091318,2021,2021-06-30,learned_market,20260911,0.3028869155667691,0.3028869155667691,0,0
shadow_trial,2611,2021-10-29,2021-11-08,-0.0075807737801166,2021,2021-06-30,learned_market,20260911,0.23913627115054928,0.23913627115054928,0,0
shadow_trial,2616,2021-11-05,2021-11-15,0.0110015182343039,2021,2021-06-30,learned_market,20260911,0.7626912052847615,0.7626912052847615,1,1
shadow_trial,2621,2021-11-12,2021-11-22,0.0002002284238551,2021,2021-06-30,learned_market,20260911,0.8239292070787343,0.8239292070787343,1,1
shadow_trial,2626,2021-11-19,2021-11-29,-0.0153981603100059,2021,2021-06-30,learned_market,20260911,0.7749423729252838,0.7749423729252838,1,0
shadow_trial,2631,2021-11-26,2021-12-06,0.0185518287306458,2021,2021-06-30,learned_market,20260911,0.6901420254219962,0.6901420254219962,1,1
shadow_trial,2636,2021-12-03,2021-12-13,0.0367843110096284,2021,2021-06-30,learned_market,20260911,0.7980060312044941,0.7980060312044941,1,1
shadow_trial,2641,2021-12-10,2021-12-20,-0.0304615698955996,2021,2021-06-30,learned_market,20260911,0.6520633465971643,0.6520633465971643,1,0
shadow_trial,2646,2021-12-17,2021-12-27,-0.0034083287233763,2021,2021-06-30,learned_market,20260911,0.834220336612469,0.834220336612469,1,0
shadow_trial,2651,2021-12-24,2022-01-04,0.0080985736506613,2021,2021-06-30,learned_market,20260911,0.8587056700499376,0.8587056700499376,1,1
shadow_trial,2656,2021-12-31,2022-01-10,-0.0293970528320001,2021,2021-06-30,learned_market,20260911,0.8634263802989216,0.8634263802989216,1,0
shadow_trial,2596,2021-10-08,2021-10-18,-0.0038006269617851,2021,2021-06-30,learned_vol_interaction,20260911,0.6581597752467078,0.6581597752467078,1,0
shadow_trial,2601,2021-10-15,2021-10-25,0.0037358989621147,2021,2021-06-30,learned_vol_interaction,20260911,0.7086949488713795,0.7086949488713795,1,1
shadow_trial,2606,2021-10-22,2021-11-01,-0.0127041632091318,2021,2021-06-30,learned_vol_interaction,20260911,0.27889483519283714,0.27889483519283714,0,0
shadow_trial,2611,2021-10-29,2021-11-08,-0.0075807737801166,2021,2021-06-30,learned_vol_interaction,20260911,0.20490085520878698,0.20490085520878698,0,0
shadow_trial,2616,2021-11-05,2021-11-15,0.0110015182343039,2021,2021-06-30,learned_vol_interaction,20260911,0.7674165661568717,0.7674165661568717,1,1
shadow_trial,2621,2021-11-12,2021-11-22,0.0002002284238551,2021,2021-06-30,learned_vol_interaction,20260911,0.8328593866310405,0.8328593866310405,1,1
shadow_trial,2626,2021-11-19,2021-11-29,-0.0153981603100059,2021,2021-06-30,learned_vol_interaction,20260911,0.7846506347233885,0.7846506347233885,1,0
shadow_trial,2631,2021-11-26,2021-12-06,0.0185518287306458,2021,2021-06-30,learned_vol_interaction,20260911,0.6977915146574767,0.6977915146574767,1,1
shadow_trial,2636,2021-12-03,2021-12-13,0.0367843110096284,2021,2021-06-30,learned_vol_interaction,20260911,0.8379025631176918,0.8379025631176918,1,1
shadow_trial,2641,2021-12-10,2021-12-20,-0.0304615698955996,2021,2021-06-30,learned_vol_interaction,20260911,0.6869810121557423,0.6869810121557423,1,0
shadow_trial,2646,2021-12-17,2021-12-27,-0.0034083287233763,2021,2021-06-30,learned_vol_interaction,20260911,0.8668515046230342,0.8668515046230342,1,0
shadow_trial,2651,2021-12-24,2022-01-04,0.0080985736506613,2021,2021-06-30,learned_vol_interaction,20260911,0.8765798211567118,0.8765798211567118,1,1
shadow_trial,2656,2021-12-31,2022-01-10,-0.0293970528320001,2021,2021-06-30,learned_vol_interaction,20260911,0.864434925487612,0.864434925487612,1,0
shadow_trial,2596,2021-10-08,2021-10-18,-0.0038006269617851,2021,2021-06-30,learned_order_extension,20260911,0.6640659302408374,0.6640659302408374,1,0
shadow_trial,2601,2021-10-15,2021-10-25,0.0037358989621147,2021,2021-06-30,learned_order_extension,20260911,0.7274586738726118,0.7274586738726118,1,1
shadow_trial,2606,2021-10-22,2021-11-01,-0.0127041632091318,2021,2021-06-30,learned_order_extension,20260911,0.18686519264334264,0.18686519264334264,0,0
shadow_trial,2611,2021-10-29,2021-11-08,-0.0075807737801166,2021,2021-06-30,learned_order_extension,20260911,0.12033258829258428,0.12033258829258428,0,0
shadow_trial,2616,2021-11-05,2021-11-15,0.0110015182343039,2021,2021-06-30,learned_order_extension,20260911,0.8271303048620633,0.8271303048620633,1,1
shadow_trial,2621,2021-11-12,2021-11-22,0.0002002284238551,2021,2021-06-30,learned_order_extension,20260911,0.9172485525022906,0.9172485525022906,1,1
shadow_trial,2626,2021-11-19,2021-11-29,-0.0153981603100059,2021,2021-06-30,learned_order_extension,20260911,0.8770144010706675,0.8770144010706675,1,0
shadow_trial,2631,2021-11-26,2021-12-06,0.0185518287306458,2021,2021-06-30,learned_order_extension,20260911,0.7508130209148786,0.7508130209148786,1,1
shadow_trial,2636,2021-12-03,2021-12-13,0.0367843110096284,2021,2021-06-30,learned_order_extension,20260911,0.8764162800411006,0.8764162800411006,1,1
shadow_trial,2641,2021-12-10,2021-12-20,-0.0304615698955996,2021,2021-06-30,learned_order_extension,20260911,0.7282498174296868,0.7282498174296868,1,0
shadow_trial,2646,2021-12-17,2021-12-27,-0.0034083287233763,2021,2021-06-30,learned_order_extension,20260911,0.931000193036238,0.931000193036238,1,0
shadow_trial,2651,2021-12-24,2022-01-04,0.0080985736506613,2021,2021-06-30,learned_order_extension,20260911,0.9131646969682244,0.9131646969682244,1,1
shadow_trial,2656,2021-12-31,2022-01-10,-0.0293970528320001,2021,2021-06-30,learned_order_extension,20260911,0.9156879877852449,0.9156879877852449,1,0
shadow_trial,2596,2021-10-08,2021-10-18,-0.0038006269617851,2021,2021-06-30,learned_order_offset,20260911,0.6643720205582083,0.6643720205582083,1,0
shadow_trial,2601,2021-10-15,2021-10-25,0.0037358989621147,2021,2021-06-30,learned_order_offset,20260911,0.7267094366202158,0.7267094366202158,1,1
shadow_trial,2606,2021-10-22,2021-11-01,-0.0127041632091318,2021,2021-06-30,learned_order_offset,20260911,0.19206538691961497,0.19206538691961497,0,0
shadow_trial,2611,2021-10-29,2021-11-08,-0.0075807737801166,2021,2021-06-30,learned_order_offset,20260911,0.12544764783107168,0.12544764783107168,0,0
shadow_trial,2616,2021-11-05,2021-11-15,0.0110015182343039,2021,2021-06-30,learned_order_offset,20260911,0.8259641849905124,0.8259641849905124,1,1
shadow_trial,2621,2021-11-12,2021-11-22,0.0002002284238551,2021,2021-06-30,learned_order_offset,20260911,0.9158100186318491,0.9158100186318491,1,1
shadow_trial,2626,2021-11-19,2021-11-29,-0.0153981603100059,2021,2021-06-30,learned_order_offset,20260911,0.8756658923933157,0.8756658923933157,1,0
shadow_trial,2631,2021-11-26,2021-12-06,0.0185518287306458,2021,2021-06-30,learned_order_offset,20260911,0.7512934078536321,0.7512934078536321,1,1
shadow_trial,2636,2021-12-03,2021-12-13,0.0367843110096284,2021,2021-06-30,learned_order_offset,20260911,0.8726093506528481,0.8726093506528481,1,1
shadow_trial,2641,2021-12-10,2021-12-20,-0.0304615698955996,2021,2021-06-30,learned_order_offset,20260911,0.7230536791330716,0.7230536791330716,1,0
shadow_trial,2646,2021-12-17,2021-12-27,-0.0034083287233763,2021,2021-06-30,learned_order_offset,20260911,0.9263288580535296,0.9263288580535296,1,0
shadow_trial,2651,2021-12-24,2022-01-04,0.0080985736506613,2021,2021-06-30,learned_order_offset,20260911,0.9084456604009203,0.9084456604009203,1,1
shadow_trial,2656,2021-12-31,2022-01-10,-0.0293970528320001,2021,2021-06-30,learned_order_offset,20260911,0.9133310985724408,0.9133310985724408,1,0
shadow_trial,2596,2021-10-08,2021-10-18,-0.0038006269617851,2021,2021-06-30,native_mse,20260911,-0.001986530483893288,,0,0
shadow_trial,2601,2021-10-15,2021-10-25,0.0037358989621147,2021,2021-06-30,native_mse,20260911,0.0034056988839971623,,1,1
shadow_trial,2606,2021-10-22,2021-11-01,-0.0127041632091318,2021,2021-06-30,native_mse,20260911,-0.010787362013609088,,0,0
shadow_trial,2611,2021-10-29,2021-11-08,-0.0075807737801166,2021,2021-06-30,native_mse,20260911,-0.014081287334332775,,0,0
shadow_trial,2616,2021-11-05,2021-11-15,0.0110015182343039,2021,2021-06-30,native_mse,20260911,0.014392871676020016,,1,1
shadow_trial,2621,2021-11-12,2021-11-22,0.0002002284238551,2021,2021-06-30,native_mse,20260911,0.015679735488148137,,1,1
shadow_trial,2626,2021-11-19,2021-11-29,-0.0153981603100059,2021,2021-06-30,native_mse,20260911,0.014115784661068978,,1,0
shadow_trial,2631,2021-11-26,2021-12-06,0.0185518287306458,2021,2021-06-30,native_mse,20260911,0.011435740276085486,,1,1
shadow_trial,2636,2021-12-03,2021-12-13,0.0367843110096284,2021,2021-06-30,native_mse,20260911,0.013065728682219942,,1,1
shadow_trial,2641,2021-12-10,2021-12-20,-0.0304615698955996,2021,2021-06-30,native_mse,20260911,0.007879850450450983,,1,0
shadow_trial,2646,2021-12-17,2021-12-27,-0.0034083287233763,2021,2021-06-30,native_mse,20260911,0.017196964699700584,,1,0
shadow_trial,2651,2021-12-24,2022-01-04,0.0080985736506613,2021,2021-06-30,native_mse,20260911,0.022125466281717396,,1,1
shadow_trial,2656,2021-12-31,2022-01-10,-0.0293970528320001,2021,2021-06-30,native_mse,20260911,0.020508377320766928,,1,0
shadow_trial,2596,2021-10-08,2021-10-18,-0.0038006269617851,2021,2021-06-30,learned_market,20260912,0.6901555608679905,0.6901555608679905,1,0
shadow_trial,2601,2021-10-15,2021-10-25,0.0037358989621147,2021,2021-06-30,learned_market,20260912,0.5949066579950457,0.5949066579950457,1,1
shadow_trial,2606,2021-10-22,2021-11-01,-0.0127041632091318,2021,2021-06-30,learned_market,20260912,0.4257435726676665,0.4257435726676665,0,0
shadow_trial,2611,2021-10-29,2021-11-08,-0.0075807737801166,2021,2021-06-30,learned_market,20260912,0.656758330891595,0.656758330891595,1,0
shadow_trial,2616,2021-11-05,2021-11-15,0.0110015182343039,2021,2021-06-30,learned_market,20260912,0.5849723015696134,0.5849723015696134,1,1
shadow_trial,2621,2021-11-12,2021-11-22,0.0002002284238551,2021,2021-06-30,learned_market,20260912,0.5781881534307809,0.5781881534307809,1,1
shadow_trial,2626,2021-11-19,2021-11-29,-0.0153981603100059,2021,2021-06-30,learned_market,20260912,0.5082743487977809,0.5082743487977809,1,0
shadow_trial,2631,2021-11-26,2021-12-06,0.0185518287306458,2021,2021-06-30,learned_market,20260912,0.527586735967613,0.527586735967613,1,1
shadow_trial,2636,2021-12-03,2021-12-13,0.0367843110096284,2021,2021-06-30,learned_market,20260912,0.4983613756731655,0.4983613756731655,0,1
shadow_trial,2641,2021-12-10,2021-12-20,-0.0304615698955996,2021,2021-06-30,learned_market,20260912,0.5207793198115556,0.5207793198115556,1,0
shadow_trial,2646,2021-12-17,2021-12-27,-0.0034083287233763,2021,2021-06-30,learned_market,20260912,0.6658421572430598,0.6658421572430598,1,0
shadow_trial,2651,2021-12-24,2022-01-04,0.0080985736506613,2021,2021-06-30,learned_market,20260912,0.5778677843157634,0.5778677843157634,1,1
shadow_trial,2656,2021-12-31,2022-01-10,-0.0293970528320001,2021,2021-06-30,learned_market,20260912,0.47860248994784227,0.47860248994784227,0,0
shadow_trial,2596,2021-10-08,2021-10-18,-0.0038006269617851,2021,2021-06-30,learned_vol_interaction,20260912,0.6919831503368388,0.6919831503368388,1,0
shadow_trial,2601,2021-10-15,2021-10-25,0.0037358989621147,2021,2021-06-30,learned_vol_interaction,20260912,0.5954733118132103,0.5954733118132103,1,1
shadow_trial,2606,2021-10-22,2021-11-01,-0.0127041632091318,2021,2021-06-30,learned_vol_interaction,20260912,0.4331882674734538,0.4331882674734538,0,0
shadow_trial,2611,2021-10-29,2021-11-08,-0.0075807737801166,2021,2021-06-30,learned_vol_interaction,20260912,0.6573707730113459,0.6573707730113459,1,0
shadow_trial,2616,2021-11-05,2021-11-15,0.0110015182343039,2021,2021-06-30,learned_vol_interaction,20260912,0.5868147094988442,0.5868147094988442,1,1
shadow_trial,2621,2021-11-12,2021-11-22,0.0002002284238551,2021,2021-06-30,learned_vol_interaction,20260912,0.5821699417304991,0.5821699417304991,1,1
shadow_trial,2626,2021-11-19,2021-11-29,-0.0153981603100059,2021,2021-06-30,learned_vol_interaction,20260912,0.515472276045577,0.515472276045577,1,0
shadow_trial,2631,2021-11-26,2021-12-06,0.0185518287306458,2021,2021-06-30,learned_vol_interaction,20260912,0.5343572588637806,0.5343572588637806,1,1
shadow_trial,2636,2021-12-03,2021-12-13,0.0367843110096284,2021,2021-06-30,learned_vol_interaction,20260912,0.5074241174206386,0.5074241174206386,1,1
shadow_trial,2641,2021-12-10,2021-12-20,-0.0304615698955996,2021,2021-06-30,learned_vol_interaction,20260912,0.5242903164506652,0.5242903164506652,1,0
shadow_trial,2646,2021-12-17,2021-12-27,-0.0034083287233763,2021,2021-06-30,learned_vol_interaction,20260912,0.6616973104039485,0.6616973104039485,1,0
shadow_trial,2651,2021-12-24,2022-01-04,0.0080985736506613,2021,2021-06-30,learned_vol_interaction,20260912,0.5788115804721611,0.5788115804721611,1,1
shadow_trial,2656,2021-12-31,2022-01-10,-0.0293970528320001,2021,2021-06-30,learned_vol_interaction,20260912,0.47621448892486673,0.47621448892486673,0,0
shadow_trial,2596,2021-10-08,2021-10-18,-0.0038006269617851,2021,2021-06-30,learned_order_extension,20260912,0.7244814199862516,0.7244814199862516,1,0
shadow_trial,2601,2021-10-15,2021-10-25,0.0037358989621147,2021,2021-06-30,learned_order_extension,20260912,0.5735092871682126,0.5735092871682126,1,1
shadow_trial,2606,2021-10-22,2021-11-01,-0.0127041632091318,2021,2021-06-30,learned_order_extension,20260912,0.29410541977243004,0.29410541977243004,0,0
shadow_trial,2611,2021-10-29,2021-11-08,-0.0075807737801166,2021,2021-06-30,learned_order_extension,20260912,0.6948231633845154,0.6948231633845154,1,0
shadow_trial,2616,2021-11-05,2021-11-15,0.0110015182343039,2021,2021-06-30,learned_order_extension,20260912,0.5844601261851973,0.5844601261851973,1,1
shadow_trial,2621,2021-11-12,2021-11-22,0.0002002284238551,2021,2021-06-30,learned_order_extension,20260912,0.5900825556845362,0.5900825556845362,1,1
shadow_trial,2626,2021-11-19,2021-11-29,-0.0153981603100059,2021,2021-06-30,learned_order_extension,20260912,0.40909594383260256,0.40909594383260256,0,0
shadow_trial,2631,2021-11-26,2021-12-06,0.0185518287306458,2021,2021-06-30,learned_order_extension,20260912,0.44612109526999766,0.44612109526999766,0,1
shadow_trial,2636,2021-12-03,2021-12-13,0.0367843110096284,2021,2021-06-30,learned_order_extension,20260912,0.47592624002520045,0.47592624002520045,0,1
shadow_trial,2641,2021-12-10,2021-12-20,-0.0304615698955996,2021,2021-06-30,learned_order_extension,20260912,0.5266010562620594,0.5266010562620594,1,0
shadow_trial,2646,2021-12-17,2021-12-27,-0.0034083287233763,2021,2021-06-30,learned_order_extension,20260912,0.7546262670430304,0.7546262670430304,1,0
shadow_trial,2651,2021-12-24,2022-01-04,0.0080985736506613,2021,2021-06-30,learned_order_extension,20260912,0.5762218507359297,0.5762218507359297,1,1
shadow_trial,2656,2021-12-31,2022-01-10,-0.0293970528320001,2021,2021-06-30,learned_order_extension,20260912,0.4049386400155614,0.4049386400155614,0,0
shadow_trial,2596,2021-10-08,2021-10-18,-0.0038006269617851,2021,2021-06-30,learned_order_offset,20260912,0.7240019011467683,0.7240019011467683,1,0
shadow_trial,2601,2021-10-15,2021-10-25,0.0037358989621147,2021,2021-06-30,learned_order_offset,20260912,0.5754366307272449,0.5754366307272449,1,1
shadow_trial,2606,2021-10-22,2021-11-01,-0.0127041632091318,2021,2021-06-30,learned_order_offset,20260912,0.2966835733057249,0.2966835733057249,0,0
shadow_trial,2611,2021-10-29,2021-11-08,-0.0075807737801166,2021,2021-06-30,learned_order_offset,20260912,0.6926395758022292,0.6926395758022292,1,0
shadow_trial,2616,2021-11-05,2021-11-15,0.0110015182343039,2021,2021-06-30,learned_order_offset,20260912,0.5850434928989866,0.5850434928989866,1,1
shadow_trial,2621,2021-11-12,2021-11-22,0.0002002284238551,2021,2021-06-30,learned_order_offset,20260912,0.590905516291365,0.590905516291365,1,1
shadow_trial,2626,2021-11-19,2021-11-29,-0.0153981603100059,2021,2021-06-30,learned_order_offset,20260912,0.4111031818378678,0.4111031818378678,0,0
shadow_trial,2631,2021-11-26,2021-12-06,0.0185518287306458,2021,2021-06-30,learned_order_offset,20260912,0.44751644653211664,0.44751644653211664,0,1
shadow_trial,2636,2021-12-03,2021-12-13,0.0367843110096284,2021,2021-06-30,learned_order_offset,20260912,0.4783512571731642,0.4783512571731642,0,1
shadow_trial,2641,2021-12-10,2021-12-20,-0.0304615698955996,2021,2021-06-30,learned_order_offset,20260912,0.5260204055773968,0.5260204055773968,1,0
shadow_trial,2646,2021-12-17,2021-12-27,-0.0034083287233763,2021,2021-06-30,learned_order_offset,20260912,0.7515910812115595,0.7515910812115595,1,0
shadow_trial,2651,2021-12-24,2022-01-04,0.0080985736506613,2021,2021-06-30,learned_order_offset,20260912,0.5739859908734565,0.5739859908734565,1,1
shadow_trial,2656,2021-12-31,2022-01-10,-0.0293970528320001,2021,2021-06-30,learned_order_offset,20260912,0.4060501145350908,0.4060501145350908,0,0
shadow_trial,2596,2021-10-08,2021-10-18,-0.0038006269617851,2021,2021-06-30,native_mse,20260912,0.004880589744376721,,1,0
shadow_trial,2601,2021-10-15,2021-10-25,0.0037358989621147,2021,2021-06-30,native_mse,20260912,0.003448116297722544,,1,1
shadow_trial,2606,2021-10-22,2021-11-01,-0.0127041632091318,2021,2021-06-30,native_mse,20260912,0.00217742507995858,,1,0
shadow_trial,2611,2021-10-29,2021-11-08,-0.0075807737801166,2021,2021-06-30,native_mse,20260912,0.004299251400664917,,1,0
shadow_trial,2616,2021-11-05,2021-11-15,0.0110015182343039,2021,2021-06-30,native_mse,20260912,0.0029103504301227147,,1,1
shadow_trial,2621,2021-11-12,2021-11-22,0.0002002284238551,2021,2021-06-30,native_mse,20260912,0.0024832577736556977,,1,1
shadow_trial,2626,2021-11-19,2021-11-29,-0.0153981603100059,2021,2021-06-30,native_mse,20260912,0.0007754526702801702,,1,0
shadow_trial,2631,2021-11-26,2021-12-06,0.0185518287306458,2021,2021-06-30,native_mse,20260912,0.0020447381740826753,,1,1
shadow_trial,2636,2021-12-03,2021-12-13,0.0367843110096284,2021,2021-06-30,native_mse,20260912,0.0014539138425587986,,1,1
shadow_trial,2641,2021-12-10,2021-12-20,-0.0304615698955996,2021,2021-06-30,native_mse,20260912,0.002985581840105974,,1,0
shadow_trial,2646,2021-12-17,2021-12-27,-0.0034083287233763,2021,2021-06-30,native_mse,20260912,0.004693858977795777,,1,0
shadow_trial,2651,2021-12-24,2022-01-04,0.0080985736506613,2021,2021-06-30,native_mse,20260912,0.0035818975265080955,,1,1
shadow_trial,2656,2021-12-31,2022-01-10,-0.0293970528320001,2021,2021-06-30,native_mse,20260912,0.0026433844848314536,,1,0
shadow_trial,3021,2023-07-07,2023-07-17,0.0104280552692135,2023,2023-03-31,learned_market,20260910,0.4696894588995174,0.4696894588995174,0,1
shadow_trial,3026,2023-07-14,2023-07-24,-0.0201642613135752,2023,2023-03-31,learned_market,20260910,0.3875064535624652,0.3875064535624652,0,0
shadow_trial,3031,2023-07-21,2023-07-31,0.0566710925894278,2023,2023-03-31,learned_market,20260910,0.2908047676829547,0.2908047676829547,0,1
shadow_trial,3036,2023-07-28,2023-08-07,-0.0039612927947766,2023,2023-03-31,learned_market,20260910,0.712371125269813,0.712371125269813,1,0
shadow_trial,3041,2023-08-04,2023-08-14,-0.0404899362223548,2023,2023-03-31,learned_market,20260910,0.5061841310975496,0.5061841310975496,1,0
shadow_trial,3046,2023-08-11,2023-08-21,-0.0176157088591445,2023,2023-03-31,learned_market,20260910,0.6433941974455043,0.6433941974455043,1,0
shadow_trial,3051,2023-08-18,2023-08-28,0.0366582477081969,2023,2023-03-31,learned_market,20260910,0.48988884215308803,0.48988884215308803,0,1
shadow_trial,3056,2023-08-25,2023-09-04,-0.025197172476384,2023,2023-03-31,learned_market,20260910,0.49503509595207523,0.49503509595207523,0,0
shadow_trial,3061,2023-09-01,2023-09-11,-0.0189903461587886,2023,2023-03-31,learned_market,20260910,0.5494480862585193,0.5494480862585193,1,0
shadow_trial,3066,2023-09-08,2023-09-18,-0.0111346368744954,2023,2023-03-31,learned_market,20260910,0.6707560606818237,0.6707560606818237,1,0
shadow_trial,3071,2023-09-15,2023-09-25,0.0105787349314532,2023,2023-03-31,learned_market,20260910,0.7981748673404067,0.7981748673404067,1,1
shadow_trial,3076,2023-09-22,2023-10-16,-0.0198017153282719,2023,2023-03-31,learned_market,20260910,0.4799426691331297,0.4799426691331297,0,0
shadow_trial,3021,2023-07-07,2023-07-17,0.0104280552692135,2023,2023-03-31,learned_vol_interaction,20260910,0.4671917283522555,0.4671917283522555,0,1
shadow_trial,3026,2023-07-14,2023-07-24,-0.0201642613135752,2023,2023-03-31,learned_vol_interaction,20260910,0.392018886703824,0.392018886703824,0,0
shadow_trial,3031,2023-07-21,2023-07-31,0.0566710925894278,2023,2023-03-31,learned_vol_interaction,20260910,0.3065225940253986,0.3065225940253986,0,1
shadow_trial,3036,2023-07-28,2023-08-07,-0.0039612927947766,2023,2023-03-31,learned_vol_interaction,20260910,0.7038357801583801,0.7038357801583801,1,0
shadow_trial,3041,2023-08-04,2023-08-14,-0.0404899362223548,2023,2023-03-31,learned_vol_interaction,20260910,0.5054475148593726,0.5054475148593726,1,0
shadow_trial,3046,2023-08-11,2023-08-21,-0.0176157088591445,2023,2023-03-31,learned_vol_interaction,20260910,0.6450347060003038,0.6450347060003038,1,0
shadow_trial,3051,2023-08-18,2023-08-28,0.0366582477081969,2023,2023-03-31,learned_vol_interaction,20260910,0.4884955672089152,0.4884955672089152,0,1
shadow_trial,3056,2023-08-25,2023-09-04,-0.025197172476384,2023,2023-03-31,learned_vol_interaction,20260910,0.49628659528072605,0.49628659528072605,0,0
shadow_trial,3061,2023-09-01,2023-09-11,-0.0189903461587886,2023,2023-03-31,learned_vol_interaction,20260910,0.5494767051752356,0.5494767051752356,1,0
shadow_trial,3066,2023-09-08,2023-09-18,-0.0111346368744954,2023,2023-03-31,learned_vol_interaction,20260910,0.6623976532268835,0.6623976532268835,1,0
shadow_trial,3071,2023-09-15,2023-09-25,0.0105787349314532,2023,2023-03-31,learned_vol_interaction,20260910,0.7817344309571612,0.7817344309571612,1,1
shadow_trial,3076,2023-09-22,2023-10-16,-0.0198017153282719,2023,2023-03-31,learned_vol_interaction,20260910,0.47817257601216745,0.47817257601216745,0,0
shadow_trial,3021,2023-07-07,2023-07-17,0.0104280552692135,2023,2023-03-31,learned_order_extension,20260910,0.48538936104495034,0.48538936104495034,0,1
shadow_trial,3026,2023-07-14,2023-07-24,-0.0201642613135752,2023,2023-03-31,learned_order_extension,20260910,0.43514758814596083,0.43514758814596083,0,0
shadow_trial,3031,2023-07-21,2023-07-31,0.0566710925894278,2023,2023-03-31,learned_order_extension,20260910,0.35030803348205114,0.35030803348205114,0,1
shadow_trial,3036,2023-07-28,2023-08-07,-0.0039612927947766,2023,2023-03-31,learned_order_extension,20260910,0.670653197534653,0.670653197534653,1,0
shadow_trial,3041,2023-08-04,2023-08-14,-0.0404899362223548,2023,2023-03-31,learned_order_extension,20260910,0.5048220564772028,0.5048220564772028,1,0
shadow_trial,3046,2023-08-11,2023-08-21,-0.0176157088591445,2023,2023-03-31,learned_order_extension,20260910,0.619865525934322,0.619865525934322,1,0
shadow_trial,3051,2023-08-18,2023-08-28,0.0366582477081969,2023,2023-03-31,learned_order_extension,20260910,0.49177175283760954,0.49177175283760954,0,1
shadow_trial,3056,2023-08-25,2023-09-04,-0.025197172476384,2023,2023-03-31,learned_order_extension,20260910,0.49001135204037743,0.49001135204037743,0,0
shadow_trial,3061,2023-09-01,2023-09-11,-0.0189903461587886,2023,2023-03-31,learned_order_extension,20260910,0.5198465009796435,0.5198465009796435,1,0
shadow_trial,3066,2023-09-08,2023-09-18,-0.0111346368744954,2023,2023-03-31,learned_order_extension,20260910,0.6183471162410414,0.6183471162410414,1,0
shadow_trial,3071,2023-09-15,2023-09-25,0.0105787349314532,2023,2023-03-31,learned_order_extension,20260910,0.7575333448168372,0.7575333448168372,1,1
shadow_trial,3076,2023-09-22,2023-10-16,-0.0198017153282719,2023,2023-03-31,learned_order_extension,20260910,0.47364636649899844,0.47364636649899844,0,0
shadow_trial,3021,2023-07-07,2023-07-17,0.0104280552692135,2023,2023-03-31,learned_order_offset,20260910,0.48563393717904435,0.48563393717904435,0,1
shadow_trial,3026,2023-07-14,2023-07-24,-0.0201642613135752,2023,2023-03-31,learned_order_offset,20260910,0.43652034674424267,0.43652034674424267,0,0
shadow_trial,3031,2023-07-21,2023-07-31,0.0566710925894278,2023,2023-03-31,learned_order_offset,20260910,0.3516481867061566,0.3516481867061566,0,1
shadow_trial,3036,2023-07-28,2023-08-07,-0.0039612927947766,2023,2023-03-31,learned_order_offset,20260910,0.6693062241874823,0.6693062241874823,1,0
shadow_trial,3041,2023-08-04,2023-08-14,-0.0404899362223548,2023,2023-03-31,learned_order_offset,20260910,0.5035953829419532,0.5035953829419532,1,0
shadow_trial,3046,2023-08-11,2023-08-21,-0.0176157088591445,2023,2023-03-31,learned_order_offset,20260910,0.6189864527339977,0.6189864527339977,1,0
shadow_trial,3051,2023-08-18,2023-08-28,0.0366582477081969,2023,2023-03-31,learned_order_offset,20260910,0.4906921228431539,0.4906921228431539,0,1
shadow_trial,3056,2023-08-25,2023-09-04,-0.025197172476384,2023,2023-03-31,learned_order_offset,20260910,0.4905211940525521,0.4905211940525521,0,0
shadow_trial,3061,2023-09-01,2023-09-11,-0.0189903461587886,2023,2023-03-31,learned_order_offset,20260910,0.5188416622330161,0.5188416622330161,1,0
shadow_trial,3066,2023-09-08,2023-09-18,-0.0111346368744954,2023,2023-03-31,learned_order_offset,20260910,0.6171150065355969,0.6171150065355969,1,0
shadow_trial,3071,2023-09-15,2023-09-25,0.0105787349314532,2023,2023-03-31,learned_order_offset,20260910,0.755538801798332,0.755538801798332,1,1
shadow_trial,3076,2023-09-22,2023-10-16,-0.0198017153282719,2023,2023-03-31,learned_order_offset,20260910,0.47314603173706804,0.47314603173706804,0,0
shadow_trial,3021,2023-07-07,2023-07-17,0.0104280552692135,2023,2023-03-31,native_mse,20260910,0.00024077742470067156,,1,1
shadow_trial,3026,2023-07-14,2023-07-24,-0.0201642613135752,2023,2023-03-31,native_mse,20260910,0.00017469740545256228,,1,0
shadow_trial,3031,2023-07-21,2023-07-31,0.0566710925894278,2023,2023-03-31,native_mse,20260910,-0.008819767941496812,,0,1
shadow_trial,3036,2023-07-28,2023-08-07,-0.0039612927947766,2023,2023-03-31,native_mse,20260910,0.012593441033292603,,1,0
shadow_trial,3041,2023-08-04,2023-08-14,-0.0404899362223548,2023,2023-03-31,native_mse,20260910,-5.771453656522427e-05,,0,0
shadow_trial,3046,2023-08-11,2023-08-21,-0.0176157088591445,2023,2023-03-31,native_mse,20260910,0.012348610051365835,,1,0
shadow_trial,3051,2023-08-18,2023-08-28,0.0366582477081969,2023,2023-03-31,native_mse,20260910,0.0012972084860228428,,1,1
shadow_trial,3056,2023-08-25,2023-09-04,-0.025197172476384,2023,2023-03-31,native_mse,20260910,0.005588240586705146,,1,0
shadow_trial,3061,2023-09-01,2023-09-11,-0.0189903461587886,2023,2023-03-31,native_mse,20260910,0.004541048318950355,,1,0
shadow_trial,3066,2023-09-08,2023-09-18,-0.0111346368744954,2023,2023-03-31,native_mse,20260910,0.01083770651020622,,1,0
shadow_trial,3071,2023-09-15,2023-09-25,0.0105787349314532,2023,2023-03-31,native_mse,20260910,0.010123225486560953,,1,1
shadow_trial,3076,2023-09-22,2023-10-16,-0.0198017153282719,2023,2023-03-31,native_mse,20260910,0.0011529606899578445,,1,0
shadow_trial,3021,2023-07-07,2023-07-17,0.0104280552692135,2023,2023-03-31,training_frequency,-1,0.5062034739454094,0.5062034739454094,1,1
shadow_trial,3026,2023-07-14,2023-07-24,-0.0201642613135752,2023,2023-03-31,training_frequency,-1,0.5062034739454094,0.5062034739454094,1,0
shadow_trial,3031,2023-07-21,2023-07-31,0.0566710925894278,2023,2023-03-31,training_frequency,-1,0.5062034739454094,0.5062034739454094,1,1
shadow_trial,3036,2023-07-28,2023-08-07,-0.0039612927947766,2023,2023-03-31,training_frequency,-1,0.5062034739454094,0.5062034739454094,1,0
shadow_trial,3041,2023-08-04,2023-08-14,-0.0404899362223548,2023,2023-03-31,training_frequency,-1,0.5062034739454094,0.5062034739454094,1,0
shadow_trial,3046,2023-08-11,2023-08-21,-0.0176157088591445,2023,2023-03-31,training_frequency,-1,0.5062034739454094,0.5062034739454094,1,0
shadow_trial,3051,2023-08-18,2023-08-28,0.0366582477081969,2023,2023-03-31,training_frequency,-1,0.5062034739454094,0.5062034739454094,1,1
shadow_trial,3056,2023-08-25,2023-09-04,-0.025197172476384,2023,2023-03-31,training_frequency,-1,0.5062034739454094,0.5062034739454094,1,0
shadow_trial,3061,2023-09-01,2023-09-11,-0.0189903461587886,2023,2023-03-31,training_frequency,-1,0.5062034739454094,0.5062034739454094,1,0
shadow_trial,3066,2023-09-08,2023-09-18,-0.0111346368744954,2023,2023-03-31,training_frequency,-1,0.5062034739454094,0.5062034739454094,1,0
shadow_trial,3071,2023-09-15,2023-09-25,0.0105787349314532,2023,2023-03-31,training_frequency,-1,0.5062034739454094,0.5062034739454094,1,1
shadow_trial,3076,2023-09-22,2023-10-16,-0.0198017153282719,2023,2023-03-31,training_frequency,-1,0.5062034739454094,0.5062034739454094,1,0
shadow_trial,3021,2023-07-07,2023-07-17,0.0104280552692135,2023,2023-03-31,learned_market,20260911,0.42484629890642844,0.42484629890642844,0,1
shadow_trial,3026,2023-07-14,2023-07-24,-0.0201642613135752,2023,2023-03-31,learned_market,20260911,0.5917931799231396,0.5917931799231396,1,0
shadow_trial,3031,2023-07-21,2023-07-31,0.0566710925894278,2023,2023-03-31,learned_market,20260911,0.32773586942690347,0.32773586942690347,0,1
shadow_trial,3036,2023-07-28,2023-08-07,-0.0039612927947766,2023,2023-03-31,learned_market,20260911,0.49409530489800857,0.49409530489800857,0,0
shadow_trial,3041,2023-08-04,2023-08-14,-0.0404899362223548,2023,2023-03-31,learned_market,20260911,0.30123270327931734,0.30123270327931734,0,0
shadow_trial,3046,2023-08-11,2023-08-21,-0.0176157088591445,2023,2023-03-31,learned_market,20260911,0.5465196247876773,0.5465196247876773,1,0
shadow_trial,3051,2023-08-18,2023-08-28,0.0366582477081969,2023,2023-03-31,learned_market,20260911,0.26594345003657976,0.26594345003657976,0,1
shadow_trial,3056,2023-08-25,2023-09-04,-0.025197172476384,2023,2023-03-31,learned_market,20260911,0.33718334765220015,0.33718334765220015,0,0
shadow_trial,3061,2023-09-01,2023-09-11,-0.0189903461587886,2023,2023-03-31,learned_market,20260911,0.2330053415893386,0.2330053415893386,0,0
shadow_trial,3066,2023-09-08,2023-09-18,-0.0111346368744954,2023,2023-03-31,learned_market,20260911,0.45081576636123605,0.45081576636123605,0,0
shadow_trial,3071,2023-09-15,2023-09-25,0.0105787349314532,2023,2023-03-31,learned_market,20260911,0.5695001072878173,0.5695001072878173,1,1
shadow_trial,3076,2023-09-22,2023-10-16,-0.0198017153282719,2023,2023-03-31,learned_market,20260911,0.6623484668238405,0.6623484668238405,1,0
shadow_trial,3021,2023-07-07,2023-07-17,0.0104280552692135,2023,2023-03-31,learned_vol_interaction,20260911,0.4148922377397525,0.4148922377397525,0,1
shadow_trial,3026,2023-07-14,2023-07-24,-0.0201642613135752,2023,2023-03-31,learned_vol_interaction,20260911,0.599173989319539,0.599173989319539,1,0
shadow_trial,3031,2023-07-21,2023-07-31,0.0566710925894278,2023,2023-03-31,learned_vol_interaction,20260911,0.31386678326638473,0.31386678326638473,0,1
shadow_trial,3036,2023-07-28,2023-08-07,-0.0039612927947766,2023,2023-03-31,learned_vol_interaction,20260911,0.49577625746567056,0.49577625746567056,0,0
shadow_trial,3041,2023-08-04,2023-08-14,-0.0404899362223548,2023,2023-03-31,learned_vol_interaction,20260911,0.29168106060824955,0.29168106060824955,0,0
shadow_trial,3046,2023-08-11,2023-08-21,-0.0176157088591445,2023,2023-03-31,learned_vol_interaction,20260911,0.5505193468724684,0.5505193468724684,1,0
shadow_trial,3051,2023-08-18,2023-08-28,0.0366582477081969,2023,2023-03-31,learned_vol_interaction,20260911,0.2576880930870923,0.2576880930870923,0,1
shadow_trial,3056,2023-08-25,2023-09-04,-0.025197172476384,2023,2023-03-31,learned_vol_interaction,20260911,0.32388562985554004,0.32388562985554004,0,0
shadow_trial,3061,2023-09-01,2023-09-11,-0.0189903461587886,2023,2023-03-31,learned_vol_interaction,20260911,0.2181053228375307,0.2181053228375307,0,0
shadow_trial,3066,2023-09-08,2023-09-18,-0.0111346368744954,2023,2023-03-31,learned_vol_interaction,20260911,0.44828966700272604,0.44828966700272604,0,0
shadow_trial,3071,2023-09-15,2023-09-25,0.0105787349314532,2023,2023-03-31,learned_vol_interaction,20260911,0.5700445351291483,0.5700445351291483,1,1
shadow_trial,3076,2023-09-22,2023-10-16,-0.0198017153282719,2023,2023-03-31,learned_vol_interaction,20260911,0.6788746096192784,0.6788746096192784,1,0
shadow_trial,3021,2023-07-07,2023-07-17,0.0104280552692135,2023,2023-03-31,learned_order_extension,20260911,0.42884629024451315,0.42884629024451315,0,1
shadow_trial,3026,2023-07-14,2023-07-24,-0.0201642613135752,2023,2023-03-31,learned_order_extension,20260911,0.5879140549756373,0.5879140549756373,1,0
shadow_trial,3031,2023-07-21,2023-07-31,0.0566710925894278,2023,2023-03-31,learned_order_extension,20260911,0.331014187617753,0.331014187617753,0,1
shadow_trial,3036,2023-07-28,2023-08-07,-0.0039612927947766,2023,2023-03-31,learned_order_extension,20260911,0.5007189366712359,0.5007189366712359,1,0
shadow_trial,3041,2023-08-04,2023-08-14,-0.0404899362223548,2023,2023-03-31,learned_order_extension,20260911,0.31090765915730545,0.31090765915730545,0,0
shadow_trial,3046,2023-08-11,2023-08-21,-0.0176157088591445,2023,2023-03-31,learned_order_extension,20260911,0.5506436719478585,0.5506436719478585,1,0
shadow_trial,3051,2023-08-18,2023-08-28,0.0366582477081969,2023,2023-03-31,learned_order_extension,20260911,0.27443104912311334,0.27443104912311334,0,1
shadow_trial,3056,2023-08-25,2023-09-04,-0.025197172476384,2023,2023-03-31,learned_order_extension,20260911,0.3459498553644382,0.3459498553644382,0,0
shadow_trial,3061,2023-09-01,2023-09-11,-0.0189903461587886,2023,2023-03-31,learned_order_extension,20260911,0.2295891852759889,0.2295891852759889,0,0
shadow_trial,3066,2023-09-08,2023-09-18,-0.0111346368744954,2023,2023-03-31,learned_order_extension,20260911,0.44704684041777,0.44704684041777,0,0
shadow_trial,3071,2023-09-15,2023-09-25,0.0105787349314532,2023,2023-03-31,learned_order_extension,20260911,0.5645216851439763,0.5645216851439763,1,1
shadow_trial,3076,2023-09-22,2023-10-16,-0.0198017153282719,2023,2023-03-31,learned_order_extension,20260911,0.6750450850091082,0.6750450850091082,1,0
shadow_trial,3021,2023-07-07,2023-07-17,0.0104280552692135,2023,2023-03-31,learned_order_offset,20260911,0.42854815839265165,0.42854815839265165,0,1
shadow_trial,3026,2023-07-14,2023-07-24,-0.0201642613135752,2023,2023-03-31,learned_order_offset,20260911,0.5886104135290691,0.5886104135290691,1,0
shadow_trial,3031,2023-07-21,2023-07-31,0.0566710925894278,2023,2023-03-31,learned_order_offset,20260911,0.3315226295861625,0.3315226295861625,0,1
shadow_trial,3036,2023-07-28,2023-08-07,-0.0039612927947766,2023,2023-03-31,learned_order_offset,20260911,0.5012169057334799,0.5012169057334799,1,0
shadow_trial,3041,2023-08-04,2023-08-14,-0.0404899362223548,2023,2023-03-31,learned_order_offset,20260911,0.3105148504403862,0.3105148504403862,0,0
shadow_trial,3046,2023-08-11,2023-08-21,-0.0176157088591445,2023,2023-03-31,learned_order_offset,20260911,0.5505410780918735,0.5505410780918735,1,0
shadow_trial,3051,2023-08-18,2023-08-28,0.0366582477081969,2023,2023-03-31,learned_order_offset,20260911,0.274541757786723,0.274541757786723,0,1
shadow_trial,3056,2023-08-25,2023-09-04,-0.025197172476384,2023,2023-03-31,learned_order_offset,20260911,0.3467305326061471,0.3467305326061471,0,0
shadow_trial,3061,2023-09-01,2023-09-11,-0.0189903461587886,2023,2023-03-31,learned_order_offset,20260911,0.2294241210739236,0.2294241210739236,0,0
shadow_trial,3066,2023-09-08,2023-09-18,-0.0111346368744954,2023,2023-03-31,learned_order_offset,20260911,0.44661284272785884,0.44661284272785884,0,0
shadow_trial,3071,2023-09-15,2023-09-25,0.0105787349314532,2023,2023-03-31,learned_order_offset,20260911,0.5642967069542851,0.5642967069542851,1,1
shadow_trial,3076,2023-09-22,2023-10-16,-0.0198017153282719,2023,2023-03-31,learned_order_offset,20260911,0.6748043779389631,0.6748043779389631,1,0
shadow_trial,3021,2023-07-07,2023-07-17,0.0104280552692135,2023,2023-03-31,native_mse,20260911,0.0001983950607099292,,1,1
shadow_trial,3026,2023-07-14,2023-07-24,-0.0201642613135752,2023,2023-03-31,native_mse,20260911,0.0005298281131351638,,1,0
shadow_trial,3031,2023-07-21,2023-07-31,0.0566710925894278,2023,2023-03-31,native_mse,20260911,0.00042178209053248824,,1,1
shadow_trial,3036,2023-07-28,2023-08-07,-0.0039612927947766,2023,2023-03-31,native_mse,20260911,0.00043620429447824164,,1,0
shadow_trial,3041,2023-08-04,2023-08-14,-0.0404899362223548,2023,2023-03-31,native_mse,20260911,0.00045332284651062514,,1,0
shadow_trial,3046,2023-08-11,2023-08-21,-0.0176157088591445,2023,2023-03-31,native_mse,20260911,0.000701798334956698,,1,0
shadow_trial,3051,2023-08-18,2023-08-28,0.0366582477081969,2023,2023-03-31,native_mse,20260911,0.0005262648574906514,,1,1
shadow_trial,3056,2023-08-25,2023-09-04,-0.025197172476384,2023,2023-03-31,native_mse,20260911,0.0005754835968778266,,1,0
shadow_trial,3061,2023-09-01,2023-09-11,-0.0189903461587886,2023,2023-03-31,native_mse,20260911,0.0004020119705733404,,1,0
shadow_trial,3066,2023-09-08,2023-09-18,-0.0111346368744954,2023,2023-03-31,native_mse,20260911,0.0007004493459999725,,1,0
shadow_trial,3071,2023-09-15,2023-09-25,0.0105787349314532,2023,2023-03-31,native_mse,20260911,0.0006994824579180936,,1,1
shadow_trial,3076,2023-09-22,2023-10-16,-0.0198017153282719,2023,2023-03-31,native_mse,20260911,0.00036782533770307623,,1,0
shadow_trial,3021,2023-07-07,2023-07-17,0.0104280552692135,2023,2023-03-31,learned_market,20260912,0.5229714251345517,0.5229714251345517,1,1
shadow_trial,3026,2023-07-14,2023-07-24,-0.0201642613135752,2023,2023-03-31,learned_market,20260912,0.5671134596651697,0.5671134596651697,1,0
shadow_trial,3031,2023-07-21,2023-07-31,0.0566710925894278,2023,2023-03-31,learned_market,20260912,0.470737485560417,0.470737485560417,0,1
shadow_trial,3036,2023-07-28,2023-08-07,-0.0039612927947766,2023,2023-03-31,learned_market,20260912,0.6162343694875613,0.6162343694875613,1,0
shadow_trial,3041,2023-08-04,2023-08-14,-0.0404899362223548,2023,2023-03-31,learned_market,20260912,0.6789462620199518,0.6789462620199518,1,0
shadow_trial,3046,2023-08-11,2023-08-21,-0.0176157088591445,2023,2023-03-31,learned_market,20260912,0.6991865225953747,0.6991865225953747,1,0
shadow_trial,3051,2023-08-18,2023-08-28,0.0366582477081969,2023,2023-03-31,learned_market,20260912,0.7113277713732585,0.7113277713732585,1,1
shadow_trial,3056,2023-08-25,2023-09-04,-0.025197172476384,2023,2023-03-31,learned_market,20260912,0.4849610793983163,0.4849610793983163,0,0
shadow_trial,3061,2023-09-01,2023-09-11,-0.0189903461587886,2023,2023-03-31,learned_market,20260912,0.4225281224789006,0.4225281224789006,0,0
shadow_trial,3066,2023-09-08,2023-09-18,-0.0111346368744954,2023,2023-03-31,learned_market,20260912,0.48726552034089377,0.48726552034089377,0,0
shadow_trial,3071,2023-09-15,2023-09-25,0.0105787349314532,2023,2023-03-31,learned_market,20260912,0.4326525708247801,0.4326525708247801,0,1
shadow_trial,3076,2023-09-22,2023-10-16,-0.0198017153282719,2023,2023-03-31,learned_market,20260912,0.41990667451256486,0.41990667451256486,0,0
shadow_trial,3021,2023-07-07,2023-07-17,0.0104280552692135,2023,2023-03-31,learned_vol_interaction,20260912,0.5254286877395494,0.5254286877395494,1,1
shadow_trial,3026,2023-07-14,2023-07-24,-0.0201642613135752,2023,2023-03-31,learned_vol_interaction,20260912,0.580977216637361,0.580977216637361,1,0
shadow_trial,3031,2023-07-21,2023-07-31,0.0566710925894278,2023,2023-03-31,learned_vol_interaction,20260912,0.4747870048041764,0.4747870048041764,0,1
shadow_trial,3036,2023-07-28,2023-08-07,-0.0039612927947766,2023,2023-03-31,learned_vol_interaction,20260912,0.62461039642158,0.62461039642158,1,0
shadow_trial,3041,2023-08-04,2023-08-14,-0.0404899362223548,2023,2023-03-31,learned_vol_interaction,20260912,0.690772388652906,0.690772388652906,1,0
shadow_trial,3046,2023-08-11,2023-08-21,-0.0176157088591445,2023,2023-03-31,learned_vol_interaction,20260912,0.7027350846723918,0.7027350846723918,1,0
shadow_trial,3051,2023-08-18,2023-08-28,0.0366582477081969,2023,2023-03-31,learned_vol_interaction,20260912,0.7074909051344784,0.7074909051344784,1,1
shadow_trial,3056,2023-08-25,2023-09-04,-0.025197172476384,2023,2023-03-31,learned_vol_interaction,20260912,0.4730503770772534,0.4730503770772534,0,0
shadow_trial,3061,2023-09-01,2023-09-11,-0.0189903461587886,2023,2023-03-31,learned_vol_interaction,20260912,0.4066851582874882,0.4066851582874882,0,0
shadow_trial,3066,2023-09-08,2023-09-18,-0.0111346368744954,2023,2023-03-31,learned_vol_interaction,20260912,0.4769118101532984,0.4769118101532984,0,0
shadow_trial,3071,2023-09-15,2023-09-25,0.0105787349314532,2023,2023-03-31,learned_vol_interaction,20260912,0.41208155743593405,0.41208155743593405,0,1
shadow_trial,3076,2023-09-22,2023-10-16,-0.0198017153282719,2023,2023-03-31,learned_vol_interaction,20260912,0.40384904885845213,0.40384904885845213,0,0
shadow_trial,3021,2023-07-07,2023-07-17,0.0104280552692135,2023,2023-03-31,learned_order_extension,20260912,0.5193775141721139,0.5193775141721139,1,1
shadow_trial,3026,2023-07-14,2023-07-24,-0.0201642613135752,2023,2023-03-31,learned_order_extension,20260912,0.5184636562888508,0.5184636562888508,1,0
shadow_trial,3031,2023-07-21,2023-07-31,0.0566710925894278,2023,2023-03-31,learned_order_extension,20260912,0.48444295005803883,0.48444295005803883,0,1
shadow_trial,3036,2023-07-28,2023-08-07,-0.0039612927947766,2023,2023-03-31,learned_order_extension,20260912,0.5618782709668169,0.5618782709668169,1,0
shadow_trial,3041,2023-08-04,2023-08-14,-0.0404899362223548,2023,2023-03-31,learned_order_extension,20260912,0.6057004741162765,0.6057004741162765,1,0
shadow_trial,3046,2023-08-11,2023-08-21,-0.0176157088591445,2023,2023-03-31,learned_order_extension,20260912,0.6340607565976566,0.6340607565976566,1,0
shadow_trial,3051,2023-08-18,2023-08-28,0.0366582477081969,2023,2023-03-31,learned_order_extension,20260912,0.6497896597785908,0.6497896597785908,1,1
shadow_trial,3056,2023-08-25,2023-09-04,-0.025197172476384,2023,2023-03-31,learned_order_extension,20260912,0.46584132846631277,0.46584132846631277,0,0
shadow_trial,3061,2023-09-01,2023-09-11,-0.0189903461587886,2023,2023-03-31,learned_order_extension,20260912,0.40202627620807363,0.40202627620807363,0,0
shadow_trial,3066,2023-09-08,2023-09-18,-0.0111346368744954,2023,2023-03-31,learned_order_extension,20260912,0.4581093470423926,0.4581093470423926,0,0
shadow_trial,3071,2023-09-15,2023-09-25,0.0105787349314532,2023,2023-03-31,learned_order_extension,20260912,0.4192692619560228,0.4192692619560228,0,1
shadow_trial,3076,2023-09-22,2023-10-16,-0.0198017153282719,2023,2023-03-31,learned_order_extension,20260912,0.42841830600303715,0.42841830600303715,0,0
shadow_trial,3021,2023-07-07,2023-07-17,0.0104280552692135,2023,2023-03-31,learned_order_offset,20260912,0.519552588075694,0.519552588075694,1,1
shadow_trial,3026,2023-07-14,2023-07-24,-0.0201642613135752,2023,2023-03-31,learned_order_offset,20260912,0.5183953807887715,0.5183953807887715,1,0
shadow_trial,3031,2023-07-21,2023-07-31,0.0566710925894278,2023,2023-03-31,learned_order_offset,20260912,0.4867435281121444,0.4867435281121444,0,1
shadow_trial,3036,2023-07-28,2023-08-07,-0.0039612927947766,2023,2023-03-31,learned_order_offset,20260912,0.562452251373712,0.562452251373712,1,0
shadow_trial,3041,2023-08-04,2023-08-14,-0.0404899362223548,2023,2023-03-31,learned_order_offset,20260912,0.6033531507803194,0.6033531507803194,1,0
shadow_trial,3046,2023-08-11,2023-08-21,-0.0176157088591445,2023,2023-03-31,learned_order_offset,20260912,0.6312764094430809,0.6312764094430809,1,0
shadow_trial,3051,2023-08-18,2023-08-28,0.0366582477081969,2023,2023-03-31,learned_order_offset,20260912,0.6453905000259491,0.6453905000259491,1,1
shadow_trial,3056,2023-08-25,2023-09-04,-0.025197172476384,2023,2023-03-31,learned_order_offset,20260912,0.46608049061305,0.46608049061305,0,0
shadow_trial,3061,2023-09-01,2023-09-11,-0.0189903461587886,2023,2023-03-31,learned_order_offset,20260912,0.40155086658428246,0.40155086658428246,0,0
shadow_trial,3066,2023-09-08,2023-09-18,-0.0111346368744954,2023,2023-03-31,learned_order_offset,20260912,0.4563772242519254,0.4563772242519254,0,0
shadow_trial,3071,2023-09-15,2023-09-25,0.0105787349314532,2023,2023-03-31,learned_order_offset,20260912,0.41935422939753025,0.41935422939753025,0,1
shadow_trial,3076,2023-09-22,2023-10-16,-0.0198017153282719,2023,2023-03-31,learned_order_offset,20260912,0.43146354903853174,0.43146354903853174,0,0
shadow_trial,3021,2023-07-07,2023-07-17,0.0104280552692135,2023,2023-03-31,native_mse,20260912,0.0008773106981498723,,1,1
shadow_trial,3026,2023-07-14,2023-07-24,-0.0201642613135752,2023,2023-03-31,native_mse,20260912,0.0011321278160375823,,1,0
shadow_trial,3031,2023-07-21,2023-07-31,0.0566710925894278,2023,2023-03-31,native_mse,20260912,0.0008783644747042357,,1,1
shadow_trial,3036,2023-07-28,2023-08-07,-0.0039612927947766,2023,2023-03-31,native_mse,20260912,0.001245373580684931,,1,0
shadow_trial,3041,2023-08-04,2023-08-14,-0.0404899362223548,2023,2023-03-31,native_mse,20260912,0.0015296780063488102,,1,0
shadow_trial,3046,2023-08-11,2023-08-21,-0.0176157088591445,2023,2023-03-31,native_mse,20260912,0.0017398308691041597,,1,0
shadow_trial,3051,2023-08-18,2023-08-28,0.0366582477081969,2023,2023-03-31,native_mse,20260912,0.0016183857930610213,,1,1
shadow_trial,3056,2023-08-25,2023-09-04,-0.025197172476384,2023,2023-03-31,native_mse,20260912,0.001149304587621486,,1,0
shadow_trial,3061,2023-09-01,2023-09-11,-0.0189903461587886,2023,2023-03-31,native_mse,20260912,0.0008748616562444588,,1,0
shadow_trial,3066,2023-09-08,2023-09-18,-0.0111346368744954,2023,2023-03-31,native_mse,20260912,0.0009041842179193552,,1,0
shadow_trial,3071,2023-09-15,2023-09-25,0.0105787349314532,2023,2023-03-31,native_mse,20260912,0.0010484895922925344,,1,1
shadow_trial,3076,2023-09-22,2023-10-16,-0.0198017153282719,2023,2023-03-31,native_mse,20260912,0.000995458100164887,,1,0
shadow_trial,3085,2023-10-13,2023-10-23,-0.0447156690429144,2023,2023-06-30,learned_market,20260910,0.5265355609238971,0.5265355609238971,1,0
shadow_trial,3090,2023-10-20,2023-10-30,0.0154019770298841,2023,2023-06-30,learned_market,20260910,0.5486422856934815,0.5486422856934815,1,1
shadow_trial,3095,2023-10-27,2023-11-06,0.0152527637017425,2023,2023-06-30,learned_market,20260910,0.5682202889497943,0.5682202889497943,1,1
shadow_trial,3100,2023-11-03,2023-11-13,-0.0039935482440582,2023,2023-06-30,learned_market,20260910,0.5610348998185232,0.5610348998185232,1,0
shadow_trial,3105,2023-11-10,2023-11-20,-0.0067280482816765,2023,2023-06-30,learned_market,20260910,0.7013935390705094,0.7013935390705094,1,0
shadow_trial,3110,2023-11-17,2023-11-27,-0.0098859017348651,2023,2023-06-30,learned_market,20260910,0.43446341186532694,0.43446341186532694,0,0
shadow_trial,3115,2023-11-24,2023-12-04,-0.0151084754586299,2023,2023-06-30,learned_market,20260910,0.5904859961706158,0.5904859961706158,1,0
shadow_trial,3120,2023-12-01,2023-12-11,-0.0295859857973478,2023,2023-06-30,learned_market,20260910,0.6449714079699411,0.6449714079699411,1,0
shadow_trial,3125,2023-12-08,2023-12-18,-0.0144639658974852,2023,2023-06-30,learned_market,20260910,0.6177469912983949,0.6177469912983949,1,0
shadow_trial,3130,2023-12-15,2023-12-25,0.0003424256350643,2023,2023-06-30,learned_market,20260910,0.6163117976854109,0.6163117976854109,1,1
shadow_trial,3135,2023-12-22,2024-01-02,0.0288079559683274,2023,2023-06-30,learned_market,20260910,0.48308245773337344,0.48308245773337344,0,1
shadow_trial,3140,2023-12-29,2024-01-08,-0.0302544749829989,2023,2023-06-30,learned_market,20260910,0.5641321660453528,0.5641321660453528,1,0
shadow_trial,3085,2023-10-13,2023-10-23,-0.0447156690429144,2023,2023-06-30,learned_vol_interaction,20260910,0.5319632139449333,0.5319632139449333,1,0
shadow_trial,3090,2023-10-20,2023-10-30,0.0154019770298841,2023,2023-06-30,learned_vol_interaction,20260910,0.5536593621108067,0.5536593621108067,1,1
shadow_trial,3095,2023-10-27,2023-11-06,0.0152527637017425,2023,2023-06-30,learned_vol_interaction,20260910,0.5822601387795029,0.5822601387795029,1,1
shadow_trial,3100,2023-11-03,2023-11-13,-0.0039935482440582,2023,2023-06-30,learned_vol_interaction,20260910,0.5749779190313844,0.5749779190313844,1,0
shadow_trial,3105,2023-11-10,2023-11-20,-0.0067280482816765,2023,2023-06-30,learned_vol_interaction,20260910,0.7228177913525221,0.7228177913525221,1,0
shadow_trial,3110,2023-11-17,2023-11-27,-0.0098859017348651,2023,2023-06-30,learned_vol_interaction,20260910,0.4105170224435402,0.4105170224435402,0,0
shadow_trial,3115,2023-11-24,2023-12-04,-0.0151084754586299,2023,2023-06-30,learned_vol_interaction,20260910,0.6109282968102883,0.6109282968102883,1,0
shadow_trial,3120,2023-12-01,2023-12-11,-0.0295859857973478,2023,2023-06-30,learned_vol_interaction,20260910,0.6865828227751156,0.6865828227751156,1,0
shadow_trial,3125,2023-12-08,2023-12-18,-0.0144639658974852,2023,2023-06-30,learned_vol_interaction,20260910,0.654854942645708,0.654854942645708,1,0
shadow_trial,3130,2023-12-15,2023-12-25,0.0003424256350643,2023,2023-06-30,learned_vol_interaction,20260910,0.6515857186918823,0.6515857186918823,1,1
shadow_trial,3135,2023-12-22,2024-01-02,0.0288079559683274,2023,2023-06-30,learned_vol_interaction,20260910,0.499401534485905,0.499401534485905,0,1
shadow_trial,3140,2023-12-29,2024-01-08,-0.0302544749829989,2023,2023-06-30,learned_vol_interaction,20260910,0.5789704002953115,0.5789704002953115,1,0
shadow_trial,3085,2023-10-13,2023-10-23,-0.0447156690429144,2023,2023-06-30,learned_order_extension,20260910,0.5408236366219178,0.5408236366219178,1,0
shadow_trial,3090,2023-10-20,2023-10-30,0.0154019770298841,2023,2023-06-30,learned_order_extension,20260910,0.5605824321817015,0.5605824321817015,1,1
shadow_trial,3095,2023-10-27,2023-11-06,0.0152527637017425,2023,2023-06-30,learned_order_extension,20260910,0.5780784945315187,0.5780784945315187,1,1
shadow_trial,3100,2023-11-03,2023-11-13,-0.0039935482440582,2023,2023-06-30,learned_order_extension,20260910,0.5740649740332929,0.5740649740332929,1,0
shadow_trial,3105,2023-11-10,2023-11-20,-0.0067280482816765,2023,2023-06-30,learned_order_extension,20260910,0.7173298810884124,0.7173298810884124,1,0
shadow_trial,3110,2023-11-17,2023-11-27,-0.0098859017348651,2023,2023-06-30,learned_order_extension,20260910,0.4205646729608769,0.4205646729608769,0,0
shadow_trial,3115,2023-11-24,2023-12-04,-0.0151084754586299,2023,2023-06-30,learned_order_extension,20260910,0.6044658218902865,0.6044658218902865,1,0
shadow_trial,3120,2023-12-01,2023-12-11,-0.0295859857973478,2023,2023-06-30,learned_order_extension,20260910,0.6831577342901717,0.6831577342901717,1,0
shadow_trial,3125,2023-12-08,2023-12-18,-0.0144639658974852,2023,2023-06-30,learned_order_extension,20260910,0.6670143290644245,0.6670143290644245,1,0
shadow_trial,3130,2023-12-15,2023-12-25,0.0003424256350643,2023,2023-06-30,learned_order_extension,20260910,0.6504694383354632,0.6504694383354632,1,1
shadow_trial,3135,2023-12-22,2024-01-02,0.0288079559683274,2023,2023-06-30,learned_order_extension,20260910,0.5002381808011507,0.5002381808011507,1,1
shadow_trial,3140,2023-12-29,2024-01-08,-0.0302544749829989,2023,2023-06-30,learned_order_extension,20260910,0.5720836642586561,0.5720836642586561,1,0
shadow_trial,3085,2023-10-13,2023-10-23,-0.0447156690429144,2023,2023-06-30,learned_order_offset,20260910,0.5408159071003441,0.5408159071003441,1,0
shadow_trial,3090,2023-10-20,2023-10-30,0.0154019770298841,2023,2023-06-30,learned_order_offset,20260910,0.5604790210421682,0.5604790210421682,1,1
shadow_trial,3095,2023-10-27,2023-11-06,0.0152527637017425,2023,2023-06-30,learned_order_offset,20260910,0.5774409119191022,0.5774409119191022,1,1
shadow_trial,3100,2023-11-03,2023-11-13,-0.0039935482440582,2023,2023-06-30,learned_order_offset,20260910,0.5731659520060606,0.5731659520060606,1,0
shadow_trial,3105,2023-11-10,2023-11-20,-0.0067280482816765,2023,2023-06-30,learned_order_offset,20260910,0.7170182768663352,0.7170182768663352,1,0
shadow_trial,3110,2023-11-17,2023-11-27,-0.0098859017348651,2023,2023-06-30,learned_order_offset,20260910,0.4209787897219068,0.4209787897219068,0,0
shadow_trial,3115,2023-11-24,2023-12-04,-0.0151084754586299,2023,2023-06-30,learned_order_offset,20260910,0.6043859377775905,0.6043859377775905,1,0
shadow_trial,3120,2023-12-01,2023-12-11,-0.0295859857973478,2023,2023-06-30,learned_order_offset,20260910,0.6822509376794915,0.6822509376794915,1,0
shadow_trial,3125,2023-12-08,2023-12-18,-0.0144639658974852,2023,2023-06-30,learned_order_offset,20260910,0.6662624077884791,0.6662624077884791,1,0
shadow_trial,3130,2023-12-15,2023-12-25,0.0003424256350643,2023,2023-06-30,learned_order_offset,20260910,0.6494077779099503,0.6494077779099503,1,1
shadow_trial,3135,2023-12-22,2024-01-02,0.0288079559683274,2023,2023-06-30,learned_order_offset,20260910,0.5000258731471482,0.5000258731471482,1,1
shadow_trial,3140,2023-12-29,2024-01-08,-0.0302544749829989,2023,2023-06-30,learned_order_offset,20260910,0.5716197417258347,0.5716197417258347,1,0
shadow_trial,3085,2023-10-13,2023-10-23,-0.0447156690429144,2023,2023-06-30,native_mse,20260910,0.0006828929630195742,,1,0
shadow_trial,3090,2023-10-20,2023-10-30,0.0154019770298841,2023,2023-06-30,native_mse,20260910,0.0018903874637055118,,1,1
shadow_trial,3095,2023-10-27,2023-11-06,0.0152527637017425,2023,2023-06-30,native_mse,20260910,0.0009413365677273318,,1,1
shadow_trial,3100,2023-11-03,2023-11-13,-0.0039935482440582,2023,2023-06-30,native_mse,20260910,0.00012376395649477492,,1,0
shadow_trial,3105,2023-11-10,2023-11-20,-0.0067280482816765,2023,2023-06-30,native_mse,20260910,0.0013209212071012848,,1,0
shadow_trial,3110,2023-11-17,2023-11-27,-0.0098859017348651,2023,2023-06-30,native_mse,20260910,-0.0005206609465481299,,0,0
shadow_trial,3115,2023-11-24,2023-12-04,-0.0151084754586299,2023,2023-06-30,native_mse,20260910,0.001389692879885491,,1,0
shadow_trial,3120,2023-12-01,2023-12-11,-0.0295859857973478,2023,2023-06-30,native_mse,20260910,0.00196260125193559,,1,0
shadow_trial,3125,2023-12-08,2023-12-18,-0.0144639658974852,2023,2023-06-30,native_mse,20260910,0.0014774478877667228,,1,0
shadow_trial,3130,2023-12-15,2023-12-25,0.0003424256350643,2023,2023-06-30,native_mse,20260910,0.0012748493515865687,,1,1
shadow_trial,3135,2023-12-22,2024-01-02,0.0288079559683274,2023,2023-06-30,native_mse,20260910,0.0011488547094505091,,1,1
shadow_trial,3140,2023-12-29,2024-01-08,-0.0302544749829989,2023,2023-06-30,native_mse,20260910,0.0008505574851276875,,1,0
shadow_trial,3085,2023-10-13,2023-10-23,-0.0447156690429144,2023,2023-06-30,training_frequency,-1,0.5132450331125827,0.5132450331125827,1,0
shadow_trial,3090,2023-10-20,2023-10-30,0.0154019770298841,2023,2023-06-30,training_frequency,-1,0.5132450331125827,0.5132450331125827,1,1
shadow_trial,3095,2023-10-27,2023-11-06,0.0152527637017425,2023,2023-06-30,training_frequency,-1,0.5132450331125827,0.5132450331125827,1,1
shadow_trial,3100,2023-11-03,2023-11-13,-0.0039935482440582,2023,2023-06-30,training_frequency,-1,0.5132450331125827,0.5132450331125827,1,0
shadow_trial,3105,2023-11-10,2023-11-20,-0.0067280482816765,2023,2023-06-30,training_frequency,-1,0.5132450331125827,0.5132450331125827,1,0
shadow_trial,3110,2023-11-17,2023-11-27,-0.0098859017348651,2023,2023-06-30,training_frequency,-1,0.5132450331125827,0.5132450331125827,1,0
shadow_trial,3115,2023-11-24,2023-12-04,-0.0151084754586299,2023,2023-06-30,training_frequency,-1,0.5132450331125827,0.5132450331125827,1,0
shadow_trial,3120,2023-12-01,2023-12-11,-0.0295859857973478,2023,2023-06-30,training_frequency,-1,0.5132450331125827,0.5132450331125827,1,0
shadow_trial,3125,2023-12-08,2023-12-18,-0.0144639658974852,2023,2023-06-30,training_frequency,-1,0.5132450331125827,0.5132450331125827,1,0
shadow_trial,3130,2023-12-15,2023-12-25,0.0003424256350643,2023,2023-06-30,training_frequency,-1,0.5132450331125827,0.5132450331125827,1,1
shadow_trial,3135,2023-12-22,2024-01-02,0.0288079559683274,2023,2023-06-30,training_frequency,-1,0.5132450331125827,0.5132450331125827,1,1
shadow_trial,3140,2023-12-29,2024-01-08,-0.0302544749829989,2023,2023-06-30,training_frequency,-1,0.5132450331125827,0.5132450331125827,1,0
shadow_trial,3085,2023-10-13,2023-10-23,-0.0447156690429144,2023,2023-06-30,learned_market,20260911,0.5973242914529201,0.5973242914529201,1,0
shadow_trial,3090,2023-10-20,2023-10-30,0.0154019770298841,2023,2023-06-30,learned_market,20260911,0.48972116036872343,0.48972116036872343,0,1
shadow_trial,3095,2023-10-27,2023-11-06,0.0152527637017425,2023,2023-06-30,learned_market,20260911,0.42504343394976946,0.42504343394976946,0,1
shadow_trial,3100,2023-11-03,2023-11-13,-0.0039935482440582,2023,2023-06-30,learned_market,20260911,0.4168488372573336,0.4168488372573336,0,0
shadow_trial,3105,2023-11-10,2023-11-20,-0.0067280482816765,2023,2023-06-30,learned_market,20260911,0.46136344464352314,0.46136344464352314,0,0
shadow_trial,3110,2023-11-17,2023-11-27,-0.0098859017348651,2023,2023-06-30,learned_market,20260911,0.43452680777476854,0.43452680777476854,0,0
shadow_trial,3115,2023-11-24,2023-12-04,-0.0151084754586299,2023,2023-06-30,learned_market,20260911,0.4190565095196802,0.4190565095196802,0,0
shadow_trial,3120,2023-12-01,2023-12-11,-0.0295859857973478,2023,2023-06-30,learned_market,20260911,0.4400465635056858,0.4400465635056858,0,0
shadow_trial,3125,2023-12-08,2023-12-18,-0.0144639658974852,2023,2023-06-30,learned_market,20260911,0.5505480659741904,0.5505480659741904,1,0
shadow_trial,3130,2023-12-15,2023-12-25,0.0003424256350643,2023,2023-06-30,learned_market,20260911,0.47526212349547636,0.47526212349547636,0,1
shadow_trial,3135,2023-12-22,2024-01-02,0.0288079559683274,2023,2023-06-30,learned_market,20260911,0.5284739862818865,0.5284739862818865,1,1
shadow_trial,3140,2023-12-29,2024-01-08,-0.0302544749829989,2023,2023-06-30,learned_market,20260911,0.47020942979232094,0.47020942979232094,0,0
shadow_trial,3085,2023-10-13,2023-10-23,-0.0447156690429144,2023,2023-06-30,learned_vol_interaction,20260911,0.5970469418220112,0.5970469418220112,1,0
shadow_trial,3090,2023-10-20,2023-10-30,0.0154019770298841,2023,2023-06-30,learned_vol_interaction,20260911,0.4899553781144567,0.4899553781144567,0,1
shadow_trial,3095,2023-10-27,2023-11-06,0.0152527637017425,2023,2023-06-30,learned_vol_interaction,20260911,0.4252821369455335,0.4252821369455335,0,1
shadow_trial,3100,2023-11-03,2023-11-13,-0.0039935482440582,2023,2023-06-30,learned_vol_interaction,20260911,0.41710689130690626,0.41710689130690626,0,0
shadow_trial,3105,2023-11-10,2023-11-20,-0.0067280482816765,2023,2023-06-30,learned_vol_interaction,20260911,0.4615471305596731,0.4615471305596731,0,0
shadow_trial,3110,2023-11-17,2023-11-27,-0.0098859017348651,2023,2023-06-30,learned_vol_interaction,20260911,0.4349595000130304,0.4349595000130304,0,0
shadow_trial,3115,2023-11-24,2023-12-04,-0.0151084754586299,2023,2023-06-30,learned_vol_interaction,20260911,0.41959478431659003,0.41959478431659003,0,0
shadow_trial,3120,2023-12-01,2023-12-11,-0.0295859857973478,2023,2023-06-30,learned_vol_interaction,20260911,0.44036802131396763,0.44036802131396763,0,0
shadow_trial,3125,2023-12-08,2023-12-18,-0.0144639658974852,2023,2023-06-30,learned_vol_interaction,20260911,0.5501002690040253,0.5501002690040253,1,0
shadow_trial,3130,2023-12-15,2023-12-25,0.0003424256350643,2023,2023-06-30,learned_vol_interaction,20260911,0.4753105189052488,0.4753105189052488,0,1
shadow_trial,3135,2023-12-22,2024-01-02,0.0288079559683274,2023,2023-06-30,learned_vol_interaction,20260911,0.5283858031363582,0.5283858031363582,1,1
shadow_trial,3140,2023-12-29,2024-01-08,-0.0302544749829989,2023,2023-06-30,learned_vol_interaction,20260911,0.47021867941214207,0.47021867941214207,0,0
shadow_trial,3085,2023-10-13,2023-10-23,-0.0447156690429144,2023,2023-06-30,learned_order_extension,20260911,0.6200012695358641,0.6200012695358641,1,0
shadow_trial,3090,2023-10-20,2023-10-30,0.0154019770298841,2023,2023-06-30,learned_order_extension,20260911,0.5169754099881136,0.5169754099881136,1,1
shadow_trial,3095,2023-10-27,2023-11-06,0.0152527637017425,2023,2023-06-30,learned_order_extension,20260911,0.4566558252942686,0.4566558252942686,0,1
shadow_trial,3100,2023-11-03,2023-11-13,-0.0039935482440582,2023,2023-06-30,learned_order_extension,20260911,0.4423398453164343,0.4423398453164343,0,0
shadow_trial,3105,2023-11-10,2023-11-20,-0.0067280482816765,2023,2023-06-30,learned_order_extension,20260911,0.49110416833907977,0.49110416833907977,0,0
shadow_trial,3110,2023-11-17,2023-11-27,-0.0098859017348651,2023,2023-06-30,learned_order_extension,20260911,0.4554780923560608,0.4554780923560608,0,0
shadow_trial,3115,2023-11-24,2023-12-04,-0.0151084754586299,2023,2023-06-30,learned_order_extension,20260911,0.430030085176267,0.430030085176267,0,0
shadow_trial,3120,2023-12-01,2023-12-11,-0.0295859857973478,2023,2023-06-30,learned_order_extension,20260911,0.4417573791899176,0.4417573791899176,0,0
shadow_trial,3125,2023-12-08,2023-12-18,-0.0144639658974852,2023,2023-06-30,learned_order_extension,20260911,0.5496960147928892,0.5496960147928892,1,0
shadow_trial,3130,2023-12-15,2023-12-25,0.0003424256350643,2023,2023-06-30,learned_order_extension,20260911,0.47594055010955577,0.47594055010955577,0,1
shadow_trial,3135,2023-12-22,2024-01-02,0.0288079559683274,2023,2023-06-30,learned_order_extension,20260911,0.5233344921097111,0.5233344921097111,1,1
shadow_trial,3140,2023-12-29,2024-01-08,-0.0302544749829989,2023,2023-06-30,learned_order_extension,20260911,0.4825587678561794,0.4825587678561794,0,0
shadow_trial,3085,2023-10-13,2023-10-23,-0.0447156690429144,2023,2023-06-30,learned_order_offset,20260911,0.6182343050183003,0.6182343050183003,1,0
shadow_trial,3090,2023-10-20,2023-10-30,0.0154019770298841,2023,2023-06-30,learned_order_offset,20260911,0.5160639733418365,0.5160639733418365,1,1
shadow_trial,3095,2023-10-27,2023-11-06,0.0152527637017425,2023,2023-06-30,learned_order_offset,20260911,0.45581394024705535,0.45581394024705535,0,1
shadow_trial,3100,2023-11-03,2023-11-13,-0.0039935482440582,2023,2023-06-30,learned_order_offset,20260911,0.44070042997155967,0.44070042997155967,0,0
shadow_trial,3105,2023-11-10,2023-11-20,-0.0067280482816765,2023,2023-06-30,learned_order_offset,20260911,0.4894503389663278,0.4894503389663278,0,0
shadow_trial,3110,2023-11-17,2023-11-27,-0.0098859017348651,2023,2023-06-30,learned_order_offset,20260911,0.4562845346863696,0.4562845346863696,0,0
shadow_trial,3115,2023-11-24,2023-12-04,-0.0151084754586299,2023,2023-06-30,learned_order_offset,20260911,0.429417013165057,0.429417013165057,0,0
shadow_trial,3120,2023-12-01,2023-12-11,-0.0295859857973478,2023,2023-06-30,learned_order_offset,20260911,0.4397828845653886,0.4397828845653886,0,0
shadow_trial,3125,2023-12-08,2023-12-18,-0.0144639658974852,2023,2023-06-30,learned_order_offset,20260911,0.5460038580206081,0.5460038580206081,1,0
shadow_trial,3130,2023-12-15,2023-12-25,0.0003424256350643,2023,2023-06-30,learned_order_offset,20260911,0.4733645303905946,0.4733645303905946,0,1
shadow_trial,3135,2023-12-22,2024-01-02,0.0288079559683274,2023,2023-06-30,learned_order_offset,20260911,0.518986872856894,0.518986872856894,1,1
shadow_trial,3140,2023-12-29,2024-01-08,-0.0302544749829989,2023,2023-06-30,learned_order_offset,20260911,0.4815407979334544,0.4815407979334544,0,0
shadow_trial,3085,2023-10-13,2023-10-23,-0.0447156690429144,2023,2023-06-30,native_mse,20260911,0.0035460429553347984,,1,0
shadow_trial,3090,2023-10-20,2023-10-30,0.0154019770298841,2023,2023-06-30,native_mse,20260911,-0.002290510055826688,,0,1
shadow_trial,3095,2023-10-27,2023-11-06,0.0152527637017425,2023,2023-06-30,native_mse,20260911,-0.003983871956977766,,0,1
shadow_trial,3100,2023-11-03,2023-11-13,-0.0039935482440582,2023,2023-06-30,native_mse,20260911,-0.00516449566803213,,0,0
shadow_trial,3105,2023-11-10,2023-11-20,-0.0067280482816765,2023,2023-06-30,native_mse,20260911,-0.0051046813397496015,,0,0
shadow_trial,3110,2023-11-17,2023-11-27,-0.0098859017348651,2023,2023-06-30,native_mse,20260911,-0.005346612292716438,,0,0
shadow_trial,3115,2023-11-24,2023-12-04,-0.0151084754586299,2023,2023-06-30,native_mse,20260911,-0.0050795091519552195,,0,0
shadow_trial,3120,2023-12-01,2023-12-11,-0.0295859857973478,2023,2023-06-30,native_mse,20260911,-0.004450775262686408,,0,0
shadow_trial,3125,2023-12-08,2023-12-18,-0.0144639658974852,2023,2023-06-30,native_mse,20260911,-0.0004924617529930889,,0,0
shadow_trial,3130,2023-12-15,2023-12-25,0.0003424256350643,2023,2023-06-30,native_mse,20260911,-0.004099079834338616,,0,1
shadow_trial,3135,2023-12-22,2024-01-02,0.0288079559683274,2023,2023-06-30,native_mse,20260911,-0.002713561899541175,,0,1
shadow_trial,3140,2023-12-29,2024-01-08,-0.0302544749829989,2023,2023-06-30,native_mse,20260911,-0.00327701392210938,,0,0
shadow_trial,3085,2023-10-13,2023-10-23,-0.0447156690429144,2023,2023-06-30,learned_market,20260912,0.44064253779458507,0.44064253779458507,0,0
shadow_trial,3090,2023-10-20,2023-10-30,0.0154019770298841,2023,2023-06-30,learned_market,20260912,0.37863350618247077,0.37863350618247077,0,1
shadow_trial,3095,2023-10-27,2023-11-06,0.0152527637017425,2023,2023-06-30,learned_market,20260912,0.5523208429964889,0.5523208429964889,1,1
shadow_trial,3100,2023-11-03,2023-11-13,-0.0039935482440582,2023,2023-06-30,learned_market,20260912,0.647175296211894,0.647175296211894,1,0
shadow_trial,3105,2023-11-10,2023-11-20,-0.0067280482816765,2023,2023-06-30,learned_market,20260912,0.6505114135912112,0.6505114135912112,1,0
shadow_trial,3110,2023-11-17,2023-11-27,-0.0098859017348651,2023,2023-06-30,learned_market,20260912,0.527006561386047,0.527006561386047,1,0
shadow_trial,3115,2023-11-24,2023-12-04,-0.0151084754586299,2023,2023-06-30,learned_market,20260912,0.5377591382734883,0.5377591382734883,1,0
shadow_trial,3120,2023-12-01,2023-12-11,-0.0295859857973478,2023,2023-06-30,learned_market,20260912,0.48644618989299543,0.48644618989299543,0,0
shadow_trial,3125,2023-12-08,2023-12-18,-0.0144639658974852,2023,2023-06-30,learned_market,20260912,0.6484444407078357,0.6484444407078357,1,0
shadow_trial,3130,2023-12-15,2023-12-25,0.0003424256350643,2023,2023-06-30,learned_market,20260912,0.6647396660541104,0.6647396660541104,1,1
shadow_trial,3135,2023-12-22,2024-01-02,0.0288079559683274,2023,2023-06-30,learned_market,20260912,0.45676553042630996,0.45676553042630996,0,1
shadow_trial,3140,2023-12-29,2024-01-08,-0.0302544749829989,2023,2023-06-30,learned_market,20260912,0.4745957052972795,0.4745957052972795,0,0
shadow_trial,3085,2023-10-13,2023-10-23,-0.0447156690429144,2023,2023-06-30,learned_vol_interaction,20260912,0.41274790901024444,0.41274790901024444,0,0
shadow_trial,3090,2023-10-20,2023-10-30,0.0154019770298841,2023,2023-06-30,learned_vol_interaction,20260912,0.3514885849675464,0.3514885849675464,0,1
shadow_trial,3095,2023-10-27,2023-11-06,0.0152527637017425,2023,2023-06-30,learned_vol_interaction,20260912,0.5396829276877031,0.5396829276877031,1,1
shadow_trial,3100,2023-11-03,2023-11-13,-0.0039935482440582,2023,2023-06-30,learned_vol_interaction,20260912,0.6386461161798431,0.6386461161798431,1,0
shadow_trial,3105,2023-11-10,2023-11-20,-0.0067280482816765,2023,2023-06-30,learned_vol_interaction,20260912,0.6386952749067365,0.6386952749067365,1,0
shadow_trial,3110,2023-11-17,2023-11-27,-0.0098859017348651,2023,2023-06-30,learned_vol_interaction,20260912,0.512812251992462,0.512812251992462,1,0
shadow_trial,3115,2023-11-24,2023-12-04,-0.0151084754586299,2023,2023-06-30,learned_vol_interaction,20260912,0.5251272363461407,0.5251272363461407,1,0
shadow_trial,3120,2023-12-01,2023-12-11,-0.0295859857973478,2023,2023-06-30,learned_vol_interaction,20260912,0.45536670964450965,0.45536670964450965,0,0
shadow_trial,3125,2023-12-08,2023-12-18,-0.0144639658974852,2023,2023-06-30,learned_vol_interaction,20260912,0.6396738916454288,0.6396738916454288,1,0
shadow_trial,3130,2023-12-15,2023-12-25,0.0003424256350643,2023,2023-06-30,learned_vol_interaction,20260912,0.6597330108189657,0.6597330108189657,1,1
shadow_trial,3135,2023-12-22,2024-01-02,0.0288079559683274,2023,2023-06-30,learned_vol_interaction,20260912,0.4249278630806442,0.4249278630806442,0,1
shadow_trial,3140,2023-12-29,2024-01-08,-0.0302544749829989,2023,2023-06-30,learned_vol_interaction,20260912,0.45851636911805865,0.45851636911805865,0,0
shadow_trial,3085,2023-10-13,2023-10-23,-0.0447156690429144,2023,2023-06-30,learned_order_extension,20260912,0.4526547495118281,0.4526547495118281,0,0
shadow_trial,3090,2023-10-20,2023-10-30,0.0154019770298841,2023,2023-06-30,learned_order_extension,20260912,0.29877190729038894,0.29877190729038894,0,1
shadow_trial,3095,2023-10-27,2023-11-06,0.0152527637017425,2023,2023-06-30,learned_order_extension,20260912,0.5645567227351965,0.5645567227351965,1,1
shadow_trial,3100,2023-11-03,2023-11-13,-0.0039935482440582,2023,2023-06-30,learned_order_extension,20260912,0.613168783555934,0.613168783555934,1,0
shadow_trial,3105,2023-11-10,2023-11-20,-0.0067280482816765,2023,2023-06-30,learned_order_extension,20260912,0.642136848084915,0.642136848084915,1,0
shadow_trial,3110,2023-11-17,2023-11-27,-0.0098859017348651,2023,2023-06-30,learned_order_extension,20260912,0.5061001738565095,0.5061001738565095,1,0
shadow_trial,3115,2023-11-24,2023-12-04,-0.0151084754586299,2023,2023-06-30,learned_order_extension,20260912,0.5202957639331152,0.5202957639331152,1,0
shadow_trial,3120,2023-12-01,2023-12-11,-0.0295859857973478,2023,2023-06-30,learned_order_extension,20260912,0.4953102003337329,0.4953102003337329,0,0
shadow_trial,3125,2023-12-08,2023-12-18,-0.0144639658974852,2023,2023-06-30,learned_order_extension,20260912,0.6651198549681906,0.6651198549681906,1,0
shadow_trial,3130,2023-12-15,2023-12-25,0.0003424256350643,2023,2023-06-30,learned_order_extension,20260912,0.6647739874094644,0.6647739874094644,1,1
shadow_trial,3135,2023-12-22,2024-01-02,0.0288079559683274,2023,2023-06-30,learned_order_extension,20260912,0.4665283482074017,0.4665283482074017,0,1
shadow_trial,3140,2023-12-29,2024-01-08,-0.0302544749829989,2023,2023-06-30,learned_order_extension,20260912,0.4892975914109069,0.4892975914109069,0,0
shadow_trial,3085,2023-10-13,2023-10-23,-0.0447156690429144,2023,2023-06-30,learned_order_offset,20260912,0.46371732923317216,0.46371732923317216,0,0
shadow_trial,3090,2023-10-20,2023-10-30,0.0154019770298841,2023,2023-06-30,learned_order_offset,20260912,0.3056856096830646,0.3056856096830646,0,1
shadow_trial,3095,2023-10-27,2023-11-06,0.0152527637017425,2023,2023-06-30,learned_order_offset,20260912,0.5678489818582649,0.5678489818582649,1,1
shadow_trial,3100,2023-11-03,2023-11-13,-0.0039935482440582,2023,2023-06-30,learned_order_offset,20260912,0.6121333394922193,0.6121333394922193,1,0
shadow_trial,3105,2023-11-10,2023-11-20,-0.0067280482816765,2023,2023-06-30,learned_order_offset,20260912,0.6426764208067596,0.6426764208067596,1,0
shadow_trial,3110,2023-11-17,2023-11-27,-0.0098859017348651,2023,2023-06-30,learned_order_offset,20260912,0.5053275095288712,0.5053275095288712,1,0
shadow_trial,3115,2023-11-24,2023-12-04,-0.0151084754586299,2023,2023-06-30,learned_order_offset,20260912,0.5205348439420399,0.5205348439420399,1,0
shadow_trial,3120,2023-12-01,2023-12-11,-0.0295859857973478,2023,2023-06-30,learned_order_offset,20260912,0.4997576887490322,0.4997576887490322,0,0
shadow_trial,3125,2023-12-08,2023-12-18,-0.0144639658974852,2023,2023-06-30,learned_order_offset,20260912,0.6664694545768222,0.6664694545768222,1,0
shadow_trial,3130,2023-12-15,2023-12-25,0.0003424256350643,2023,2023-06-30,learned_order_offset,20260912,0.66461191891215,0.66461191891215,1,1
shadow_trial,3135,2023-12-22,2024-01-02,0.0288079559683274,2023,2023-06-30,learned_order_offset,20260912,0.4703319038112614,0.4703319038112614,0,1
shadow_trial,3140,2023-12-29,2024-01-08,-0.0302544749829989,2023,2023-06-30,learned_order_offset,20260912,0.48845710045987467,0.48845710045987467,0,0
shadow_trial,3085,2023-10-13,2023-10-23,-0.0447156690429144,2023,2023-06-30,native_mse,20260912,0.0007026503314582272,,1,0
shadow_trial,3090,2023-10-20,2023-10-30,0.0154019770298841,2023,2023-06-30,native_mse,20260912,0.0007247284634194292,,1,1
shadow_trial,3095,2023-10-27,2023-11-06,0.0152527637017425,2023,2023-06-30,native_mse,20260912,0.0011190779535319982,,1,1
shadow_trial,3100,2023-11-03,2023-11-13,-0.0039935482440582,2023,2023-06-30,native_mse,20260912,0.0011534839697860697,,1,0
shadow_trial,3105,2023-11-10,2023-11-20,-0.0067280482816765,2023,2023-06-30,native_mse,20260912,0.0015092851200701309,,1,0
shadow_trial,3110,2023-11-17,2023-11-27,-0.0098859017348651,2023,2023-06-30,native_mse,20260912,0.0009332032960086154,,1,0
shadow_trial,3115,2023-11-24,2023-12-04,-0.0151084754586299,2023,2023-06-30,native_mse,20260912,0.0010727555766095532,,1,0
shadow_trial,3120,2023-12-01,2023-12-11,-0.0295859857973478,2023,2023-06-30,native_mse,20260912,0.0011193359514131776,,1,0
shadow_trial,3125,2023-12-08,2023-12-18,-0.0144639658974852,2023,2023-06-30,native_mse,20260912,0.0013362371268639955,,1,0
shadow_trial,3130,2023-12-15,2023-12-25,0.0003424256350643,2023,2023-06-30,native_mse,20260912,0.0015124048076361847,,1,1
shadow_trial,3135,2023-12-22,2024-01-02,0.0288079559683274,2023,2023-06-30,native_mse,20260912,0.0009679799600880877,,1,1
shadow_trial,3140,2023-12-29,2024-01-08,-0.0302544749829989,2023,2023-06-30,native_mse,20260912,0.0008143721740539434,,1,0
annual_quarter_half,2418,2021-01-08,2021-01-18,-0.0120052904669853,2021,2020-12-31,learned_market,20260910,0.5528369602637446,0.5528369602637446,1,0
annual_quarter_half,2418,2021-01-08,2021-01-18,-0.0120052904669853,2021,2020-12-31,learned_market,20260911,0.47359422145655633,0.47359422145655633,0,0
annual_quarter_half,2418,2021-01-08,2021-01-18,-0.0120052904669853,2021,2020-12-31,learned_market,20260912,0.49622809203697066,0.49622809203697066,0,0
annual_quarter_half,2418,2021-01-08,2021-01-18,-0.0120052904669853,2021,2020-12-31,learned_order_extension,20260910,0.5330538496767134,0.5330538496767134,1,0
annual_quarter_half,2418,2021-01-08,2021-01-18,-0.0120052904669853,2021,2020-12-31,learned_order_extension,20260911,0.4707924056292956,0.4707924056292956,0,0
annual_quarter_half,2418,2021-01-08,2021-01-18,-0.0120052904669853,2021,2020-12-31,learned_order_extension,20260912,0.4980709373270918,0.4980709373270918,0,0
annual_quarter_half,2418,2021-01-08,2021-01-18,-0.0120052904669853,2021,2020-12-31,learned_order_offset,20260910,0.5336151486659025,0.5336151486659025,1,0
annual_quarter_half,2418,2021-01-08,2021-01-18,-0.0120052904669853,2021,2020-12-31,learned_order_offset,20260911,0.46966493933917947,0.46966493933917947,0,0
annual_quarter_half,2418,2021-01-08,2021-01-18,-0.0120052904669853,2021,2020-12-31,learned_order_offset,20260912,0.4978619856473434,0.4978619856473434,0,0
annual_quarter_half,2418,2021-01-08,2021-01-18,-0.0120052904669853,2021,2020-12-31,learned_vol_interaction,20260910,0.5286701081389081,0.5286701081389081,1,0
annual_quarter_half,2418,2021-01-08,2021-01-18,-0.0120052904669853,2021,2020-12-31,learned_vol_interaction,20260911,0.4754556903392312,0.4754556903392312,0,0
annual_quarter_half,2418,2021-01-08,2021-01-18,-0.0120052904669853,2021,2020-12-31,learned_vol_interaction,20260912,0.49620713842529096,0.49620713842529096,0,0
annual_quarter_half,2418,2021-01-08,2021-01-18,-0.0120052904669853,2021,2020-12-31,native_mse,20260910,-0.00016719672473286887,,0,0
annual_quarter_half,2418,2021-01-08,2021-01-18,-0.0120052904669853,2021,2020-12-31,native_mse,20260911,0.008552411017393067,,1,0
annual_quarter_half,2418,2021-01-08,2021-01-18,-0.0120052904669853,2021,2020-12-31,native_mse,20260912,0.001397497585867654,,1,0
annual_quarter_half,2418,2021-01-08,2021-01-18,-0.0120052904669853,2021,2020-12-31,training_frequency,-1,0.5577557755775577,0.5577557755775577,1,0
annual_quarter_half,2423,2021-01-15,2021-01-25,0.0231622460538123,2021,2020-12-31,learned_market,20260910,0.49674166213102977,0.49674166213102977,0,1
annual_quarter_half,2423,2021-01-15,2021-01-25,0.0231622460538123,2021,2020-12-31,learned_market,20260911,0.29529449998072343,0.29529449998072343,0,1
annual_quarter_half,2423,2021-01-15,2021-01-25,0.0231622460538123,2021,2020-12-31,learned_market,20260912,0.30299511780142024,0.30299511780142024,0,1
annual_quarter_half,2423,2021-01-15,2021-01-25,0.0231622460538123,2021,2020-12-31,learned_order_extension,20260910,0.479592338912861,0.479592338912861,0,1
annual_quarter_half,2423,2021-01-15,2021-01-25,0.0231622460538123,2021,2020-12-31,learned_order_extension,20260911,0.30199104403875826,0.30199104403875826,0,1
annual_quarter_half,2423,2021-01-15,2021-01-25,0.0231622460538123,2021,2020-12-31,learned_order_extension,20260912,0.3077801048995167,0.3077801048995167,0,1
annual_quarter_half,2423,2021-01-15,2021-01-25,0.0231622460538123,2021,2020-12-31,learned_order_offset,20260910,0.48002913839274924,0.48002913839274924,0,1
annual_quarter_half,2423,2021-01-15,2021-01-25,0.0231622460538123,2021,2020-12-31,learned_order_offset,20260911,0.30026263179565904,0.30026263179565904,0,1
annual_quarter_half,2423,2021-01-15,2021-01-25,0.0231622460538123,2021,2020-12-31,learned_order_offset,20260912,0.30753172112864313,0.30753172112864313,0,1
annual_quarter_half,2423,2021-01-15,2021-01-25,0.0231622460538123,2021,2020-12-31,learned_vol_interaction,20260910,0.47178291125549215,0.47178291125549215,0,1
annual_quarter_half,2423,2021-01-15,2021-01-25,0.0231622460538123,2021,2020-12-31,learned_vol_interaction,20260911,0.2910478720938869,0.2910478720938869,0,1
annual_quarter_half,2423,2021-01-15,2021-01-25,0.0231622460538123,2021,2020-12-31,learned_vol_interaction,20260912,0.30370534508378266,0.30370534508378266,0,1
annual_quarter_half,2423,2021-01-15,2021-01-25,0.0231622460538123,2021,2020-12-31,native_mse,20260910,-0.0024576018862454926,,0,1
annual_quarter_half,2423,2021-01-15,2021-01-25,0.0231622460538123,2021,2020-12-31,native_mse,20260911,0.004218820233000888,,1,1
annual_quarter_half,2423,2021-01-15,2021-01-25,0.0231622460538123,2021,2020-12-31,native_mse,20260912,0.0006715229500529757,,1,1
annual_quarter_half,2423,2021-01-15,2021-01-25,0.0231622460538123,2021,2020-12-31,training_frequency,-1,0.5577557755775577,0.5577557755775577,1,1
annual_quarter_half,2428,2021-01-22,2021-02-01,-0.0372511735907923,2021,2020-12-31,learned_market,20260910,0.3933637003220593,0.3933637003220593,0,0
annual_quarter_half,2428,2021-01-22,2021-02-01,-0.0372511735907923,2021,2020-12-31,learned_market,20260911,0.47394332492431446,0.47394332492431446,0,0
annual_quarter_half,2428,2021-01-22,2021-02-01,-0.0372511735907923,2021,2020-12-31,learned_market,20260912,0.2926269390741677,0.2926269390741677,0,0
annual_quarter_half,2428,2021-01-22,2021-02-01,-0.0372511735907923,2021,2020-12-31,learned_order_extension,20260910,0.3707727762571325,0.3707727762571325,0,0
annual_quarter_half,2428,2021-01-22,2021-02-01,-0.0372511735907923,2021,2020-12-31,learned_order_extension,20260911,0.4727671753713422,0.4727671753713422,0,0
annual_quarter_half,2428,2021-01-22,2021-02-01,-0.0372511735907923,2021,2020-12-31,learned_order_extension,20260912,0.2945790953929349,0.2945790953929349,0,0
annual_quarter_half,2428,2021-01-22,2021-02-01,-0.0372511735907923,2021,2020-12-31,learned_order_offset,20260910,0.37113237990157133,0.37113237990157133,0,0
annual_quarter_half,2428,2021-01-22,2021-02-01,-0.0372511735907923,2021,2020-12-31,learned_order_offset,20260911,0.47083079059127375,0.47083079059127375,0,0
annual_quarter_half,2428,2021-01-22,2021-02-01,-0.0372511735907923,2021,2020-12-31,learned_order_offset,20260912,0.29417599189344534,0.29417599189344534,0,0
annual_quarter_half,2428,2021-01-22,2021-02-01,-0.0372511735907923,2021,2020-12-31,learned_vol_interaction,20260910,0.3671123538576221,0.3671123538576221,0,0
annual_quarter_half,2428,2021-01-22,2021-02-01,-0.0372511735907923,2021,2020-12-31,learned_vol_interaction,20260911,0.4793404787070586,0.4793404787070586,0,0
annual_quarter_half,2428,2021-01-22,2021-02-01,-0.0372511735907923,2021,2020-12-31,learned_vol_interaction,20260912,0.2931342483584557,0.2931342483584557,0,0
annual_quarter_half,2428,2021-01-22,2021-02-01,-0.0372511735907923,2021,2020-12-31,native_mse,20260910,-0.003647746896638798,,0,0
annual_quarter_half,2428,2021-01-22,2021-02-01,-0.0372511735907923,2021,2020-12-31,native_mse,20260911,0.004959951689017089,,1,0
annual_quarter_half,2428,2021-01-22,2021-02-01,-0.0372511735907923,2021,2020-12-31,native_mse,20260912,0.0008989216255188498,,1,0
annual_quarter_half,2428,2021-01-22,2021-02-01,-0.0372511735907923,2021,2020-12-31,training_frequency,-1,0.5577557755775577,0.5577557755775577,1,0
annual_quarter_half,2433,2021-01-29,2021-02-08,0.0278689901714626,2021,2020-12-31,learned_market,20260910,0.4313547922375263,0.4313547922375263,0,1
annual_quarter_half,2433,2021-01-29,2021-02-08,0.0278689901714626,2021,2020-12-31,learned_market,20260911,0.34860128575085947,0.34860128575085947,0,1
annual_quarter_half,2433,2021-01-29,2021-02-08,0.0278689901714626,2021,2020-12-31,learned_market,20260912,0.4834854236532544,0.4834854236532544,0,1
annual_quarter_half,2433,2021-01-29,2021-02-08,0.0278689901714626,2021,2020-12-31,learned_order_extension,20260910,0.43176970986504826,0.43176970986504826,0,1
annual_quarter_half,2433,2021-01-29,2021-02-08,0.0278689901714626,2021,2020-12-31,learned_order_extension,20260911,0.33076330033756096,0.33076330033756096,0,1
annual_quarter_half,2433,2021-01-29,2021-02-08,0.0278689901714626,2021,2020-12-31,learned_order_extension,20260912,0.4869306132003812,0.4869306132003812,0,1
annual_quarter_half,2433,2021-01-29,2021-02-08,0.0278689901714626,2021,2020-12-31,learned_order_offset,20260910,0.43182028534515077,0.43182028534515077,0,1
annual_quarter_half,2433,2021-01-29,2021-02-08,0.0278689901714626,2021,2020-12-31,learned_order_offset,20260911,0.3308151678188049,0.3308151678188049,0,1
annual_quarter_half,2433,2021-01-29,2021-02-08,0.0278689901714626,2021,2020-12-31,learned_order_offset,20260912,0.48673077860534075,0.48673077860534075,0,1
annual_quarter_half,2433,2021-01-29,2021-02-08,0.0278689901714626,2021,2020-12-31,learned_vol_interaction,20260910,0.434482531700876,0.434482531700876,0,1
annual_quarter_half,2433,2021-01-29,2021-02-08,0.0278689901714626,2021,2020-12-31,learned_vol_interaction,20260911,0.3407014751351651,0.3407014751351651,0,1
annual_quarter_half,2433,2021-01-29,2021-02-08,0.0278689901714626,2021,2020-12-31,learned_vol_interaction,20260912,0.4851476188516167,0.4851476188516167,0,1
annual_quarter_half,2433,2021-01-29,2021-02-08,0.0278689901714626,2021,2020-12-31,native_mse,20260910,-0.0025472735860022446,,0,1
annual_quarter_half,2433,2021-01-29,2021-02-08,0.0278689901714626,2021,2020-12-31,native_mse,20260911,-0.006242641410233065,,0,1
annual_quarter_half,2433,2021-01-29,2021-02-08,0.0278689901714626,2021,2020-12-31,native_mse,20260912,0.0007959764416317159,,1,1
annual_quarter_half,2433,2021-01-29,2021-02-08,0.0278689901714626,2021,2020-12-31,training_frequency,-1,0.5577557755775577,0.5577557755775577,1,1
annual_quarter_half,2438,2021-02-05,2021-02-22,0.0507379035040882,2021,2020-12-31,learned_market,20260910,0.40357928349119826,0.40357928349119826,0,1
annual_quarter_half,2438,2021-02-05,2021-02-22,0.0507379035040882,2021,2020-12-31,learned_market,20260911,0.5472341429725764,0.5472341429725764,1,1
annual_quarter_half,2438,2021-02-05,2021-02-22,0.0507379035040882,2021,2020-12-31,learned_market,20260912,0.5449307431156443,0.5449307431156443,1,1
annual_quarter_half,2438,2021-02-05,2021-02-22,0.0507379035040882,2021,2020-12-31,learned_order_extension,20260910,0.41923333650784145,0.41923333650784145,0,1
annual_quarter_half,2438,2021-02-05,2021-02-22,0.0507379035040882,2021,2020-12-31,learned_order_extension,20260911,0.5463864019131583,0.5463864019131583,1,1
annual_quarter_half,2438,2021-02-05,2021-02-22,0.0507379035040882,2021,2020-12-31,learned_order_extension,20260912,0.5470942643821933,0.5470942643821933,1,1
annual_quarter_half,2438,2021-02-05,2021-02-22,0.0507379035040882,2021,2020-12-31,learned_order_offset,20260910,0.4191495029175148,0.4191495029175148,0,1
annual_quarter_half,2438,2021-02-05,2021-02-22,0.0507379035040882,2021,2020-12-31,learned_order_offset,20260911,0.5458888183275549,0.5458888183275549,1,1
annual_quarter_half,2438,2021-02-05,2021-02-22,0.0507379035040882,2021,2020-12-31,learned_order_offset,20260912,0.5468628858044645,0.5468628858044645,1,1
annual_quarter_half,2438,2021-02-05,2021-02-22,0.0507379035040882,2021,2020-12-31,learned_vol_interaction,20260910,0.42570726310777396,0.42570726310777396,0,1
annual_quarter_half,2438,2021-02-05,2021-02-22,0.0507379035040882,2021,2020-12-31,learned_vol_interaction,20260911,0.5419487770679454,0.5419487770679454,1,1
annual_quarter_half,2438,2021-02-05,2021-02-22,0.0507379035040882,2021,2020-12-31,learned_vol_interaction,20260912,0.5455559755252699,0.5455559755252699,1,1
annual_quarter_half,2438,2021-02-05,2021-02-22,0.0507379035040882,2021,2020-12-31,native_mse,20260910,-0.0030793775400414984,,0,1
annual_quarter_half,2438,2021-02-05,2021-02-22,0.0507379035040882,2021,2020-12-31,native_mse,20260911,0.0007951359987466982,,1,1
annual_quarter_half,2438,2021-02-05,2021-02-22,0.0507379035040882,2021,2020-12-31,native_mse,20260912,0.0012803740659475327,,1,1
annual_quarter_half,2438,2021-02-05,2021-02-22,0.0507379035040882,2021,2020-12-31,training_frequency,-1,0.5577557755775577,0.5577557755775577,1,1
annual_quarter_half,2443,2021-02-19,2021-03-01,-0.0684918010685315,2021,2020-12-31,learned_market,20260910,0.49513830982070434,0.49513830982070434,0,0
annual_quarter_half,2443,2021-02-19,2021-03-01,-0.0684918010685315,2021,2020-12-31,learned_market,20260911,0.4390527856170199,0.4390527856170199,0,0
annual_quarter_half,2443,2021-02-19,2021-03-01,-0.0684918010685315,2021,2020-12-31,learned_market,20260912,0.37156624296606255,0.37156624296606255,0,0
annual_quarter_half,2443,2021-02-19,2021-03-01,-0.0684918010685315,2021,2020-12-31,learned_order_extension,20260910,0.47927687031403743,0.47927687031403743,0,0
annual_quarter_half,2443,2021-02-19,2021-03-01,-0.0684918010685315,2021,2020-12-31,learned_order_extension,20260911,0.423629668613555,0.423629668613555,0,0
annual_quarter_half,2443,2021-02-19,2021-03-01,-0.0684918010685315,2021,2020-12-31,learned_order_extension,20260912,0.37256373051610003,0.37256373051610003,0,0
annual_quarter_half,2443,2021-02-19,2021-03-01,-0.0684918010685315,2021,2020-12-31,learned_order_offset,20260910,0.479618495019198,0.479618495019198,0,0
annual_quarter_half,2443,2021-02-19,2021-03-01,-0.0684918010685315,2021,2020-12-31,learned_order_offset,20260911,0.4238553224614908,0.4238553224614908,0,0
annual_quarter_half,2443,2021-02-19,2021-03-01,-0.0684918010685315,2021,2020-12-31,learned_order_offset,20260912,0.37253784220409425,0.37253784220409425,0,0
annual_quarter_half,2443,2021-02-19,2021-03-01,-0.0684918010685315,2021,2020-12-31,learned_vol_interaction,20260910,0.4791771552633417,0.4791771552633417,0,0
annual_quarter_half,2443,2021-02-19,2021-03-01,-0.0684918010685315,2021,2020-12-31,learned_vol_interaction,20260911,0.42680484014134457,0.42680484014134457,0,0
annual_quarter_half,2443,2021-02-19,2021-03-01,-0.0684918010685315,2021,2020-12-31,learned_vol_interaction,20260912,0.37201410439640853,0.37201410439640853,0,0
annual_quarter_half,2443,2021-02-19,2021-03-01,-0.0684918010685315,2021,2020-12-31,native_mse,20260910,-0.0023490676188242655,,0,0
annual_quarter_half,2443,2021-02-19,2021-03-01,-0.0684918010685315,2021,2020-12-31,native_mse,20260911,-0.0016330918552967294,,0,0
annual_quarter_half,2443,2021-02-19,2021-03-01,-0.0684918010685315,2021,2020-12-31,native_mse,20260912,0.0009133829615551264,,1,0
annual_quarter_half,2443,2021-02-19,2021-03-01,-0.0684918010685315,2021,2020-12-31,training_frequency,-1,0.5577557755775577,0.5577557755775577,1,0
annual_quarter_half,2448,2021-02-26,2021-03-08,-0.0165997123904068,2021,2020-12-31,learned_market,20260910,0.43315180971386896,0.43315180971386896,0,0
annual_quarter_half,2448,2021-02-26,2021-03-08,-0.0165997123904068,2021,2020-12-31,learned_market,20260911,0.4901857818012489,0.4901857818012489,0,0
annual_quarter_half,2448,2021-02-26,2021-03-08,-0.0165997123904068,2021,2020-12-31,learned_market,20260912,0.5679579035959068,0.5679579035959068,1,0
annual_quarter_half,2448,2021-02-26,2021-03-08,-0.0165997123904068,2021,2020-12-31,learned_order_extension,20260910,0.4709068161644563,0.4709068161644563,0,0
annual_quarter_half,2448,2021-02-26,2021-03-08,-0.0165997123904068,2021,2020-12-31,learned_order_extension,20260911,0.4833188959367285,0.4833188959367285,0,0
annual_quarter_half,2448,2021-02-26,2021-03-08,-0.0165997123904068,2021,2020-12-31,learned_order_extension,20260912,0.5652884202407723,0.5652884202407723,1,0
annual_quarter_half,2448,2021-02-26,2021-03-08,-0.0165997123904068,2021,2020-12-31,learned_order_offset,20260910,0.47073396029682846,0.47073396029682846,0,0
annual_quarter_half,2448,2021-02-26,2021-03-08,-0.0165997123904068,2021,2020-12-31,learned_order_offset,20260911,0.4840844360242453,0.4840844360242453,0,0
annual_quarter_half,2448,2021-02-26,2021-03-08,-0.0165997123904068,2021,2020-12-31,learned_order_offset,20260912,0.5649799919042372,0.5649799919042372,1,0
annual_quarter_half,2448,2021-02-26,2021-03-08,-0.0165997123904068,2021,2020-12-31,learned_vol_interaction,20260910,0.4783928105694597,0.4783928105694597,0,0
annual_quarter_half,2448,2021-02-26,2021-03-08,-0.0165997123904068,2021,2020-12-31,learned_vol_interaction,20260911,0.48165522036766006,0.48165522036766006,0,0
annual_quarter_half,2448,2021-02-26,2021-03-08,-0.0165997123904068,2021,2020-12-31,learned_vol_interaction,20260912,0.5647303221106473,0.5647303221106473,1,0
annual_quarter_half,2448,2021-02-26,2021-03-08,-0.0165997123904068,2021,2020-12-31,native_mse,20260910,-0.0023665663755005908,,0,0
annual_quarter_half,2448,2021-02-26,2021-03-08,-0.0165997123904068,2021,2020-12-31,native_mse,20260911,-0.00533638880364651,,0,0
annual_quarter_half,2448,2021-02-26,2021-03-08,-0.0165997123904068,2021,2020-12-31,native_mse,20260912,0.0013704992420810927,,1,0
annual_quarter_half,2448,2021-02-26,2021-03-08,-0.0165997123904068,2021,2020-12-31,training_frequency,-1,0.5577557755775577,0.5577557755775577,1,0
annual_quarter_half,2453,2021-03-05,2021-03-15,-0.0346560901469681,2021,2020-12-31,learned_market,20260910,0.40131415281599914,0.40131415281599914,0,0
annual_quarter_half,2453,2021-03-05,2021-03-15,-0.0346560901469681,2021,2020-12-31,learned_market,20260911,0.3640545492155067,0.3640545492155067,0,0
annual_quarter_half,2453,2021-03-05,2021-03-15,-0.0346560901469681,2021,2020-12-31,learned_market,20260912,0.4912573433049491,0.4912573433049491,0,0
annual_quarter_half,2453,2021-03-05,2021-03-15,-0.0346560901469681,2021,2020-12-31,learned_order_extension,20260910,0.45619563032762256,0.45619563032762256,0,0
annual_quarter_half,2453,2021-03-05,2021-03-15,-0.0346560901469681,2021,2020-12-31,learned_order_extension,20260911,0.3468677434509978,0.3468677434509978,0,0
annual_quarter_half,2453,2021-03-05,2021-03-15,-0.0346560901469681,2021,2020-12-31,learned_order_extension,20260912,0.4938099782773414,0.4938099782773414,0,0
annual_quarter_half,2453,2021-03-05,2021-03-15,-0.0346560901469681,2021,2020-12-31,learned_order_offset,20260910,0.4561872166710552,0.4561872166710552,0,0
annual_quarter_half,2453,2021-03-05,2021-03-15,-0.0346560901469681,2021,2020-12-31,learned_order_offset,20260911,0.34642186749779336,0.34642186749779336,0,0
annual_quarter_half,2453,2021-03-05,2021-03-15,-0.0346560901469681,2021,2020-12-31,learned_order_offset,20260912,0.49348358050186064,0.49348358050186064,0,0
annual_quarter_half,2453,2021-03-05,2021-03-15,-0.0346560901469681,2021,2020-12-31,learned_vol_interaction,20260910,0.4610266286466043,0.4610266286466043,0,0
annual_quarter_half,2453,2021-03-05,2021-03-15,-0.0346560901469681,2021,2020-12-31,learned_vol_interaction,20260911,0.3506881836542513,0.3506881836542513,0,0
annual_quarter_half,2453,2021-03-05,2021-03-15,-0.0346560901469681,2021,2020-12-31,learned_vol_interaction,20260912,0.4925362885158211,0.4925362885158211,0,0
annual_quarter_half,2453,2021-03-05,2021-03-15,-0.0346560901469681,2021,2020-12-31,native_mse,20260910,-0.0014253865572098575,,0,0
annual_quarter_half,2453,2021-03-05,2021-03-15,-0.0346560901469681,2021,2020-12-31,native_mse,20260911,-0.011674592766508288,,0,0
annual_quarter_half,2453,2021-03-05,2021-03-15,-0.0346560901469681,2021,2020-12-31,native_mse,20260912,0.0008756814992302536,,1,0
annual_quarter_half,2453,2021-03-05,2021-03-15,-0.0346560901469681,2021,2020-12-31,training_frequency,-1,0.5577557755775577,0.5577557755775577,1,0
annual_quarter_half,2458,2021-03-12,2021-03-22,-0.0210550182560221,2021,2020-12-31,learned_market,20260910,0.47295990993929365,0.47295990993929365,0,0
annual_quarter_half,2458,2021-03-12,2021-03-22,-0.0210550182560221,2021,2020-12-31,learned_market,20260911,0.27457561641477635,0.27457561641477635,0,0
annual_quarter_half,2458,2021-03-12,2021-03-22,-0.0210550182560221,2021,2020-12-31,learned_market,20260912,0.4975950072849539,0.4975950072849539,0,0
annual_quarter_half,2458,2021-03-12,2021-03-22,-0.0210550182560221,2021,2020-12-31,learned_order_extension,20260910,0.47999849102949665,0.47999849102949665,0,0
annual_quarter_half,2458,2021-03-12,2021-03-22,-0.0210550182560221,2021,2020-12-31,learned_order_extension,20260911,0.2385842218483661,0.2385842218483661,0,0
annual_quarter_half,2458,2021-03-12,2021-03-22,-0.0210550182560221,2021,2020-12-31,learned_order_extension,20260912,0.5011342068332141,0.5011342068332141,1,0
annual_quarter_half,2458,2021-03-12,2021-03-22,-0.0210550182560221,2021,2020-12-31,learned_order_offset,20260910,0.48027551652013106,0.48027551652013106,0,0
annual_quarter_half,2458,2021-03-12,2021-03-22,-0.0210550182560221,2021,2020-12-31,learned_order_offset,20260911,0.23704081021871007,0.23704081021871007,0,0
annual_quarter_half,2458,2021-03-12,2021-03-22,-0.0210550182560221,2021,2020-12-31,learned_order_offset,20260912,0.500928953286114,0.500928953286114,1,0
annual_quarter_half,2458,2021-03-12,2021-03-22,-0.0210550182560221,2021,2020-12-31,learned_vol_interaction,20260910,0.48103471562569133,0.48103471562569133,0,0
annual_quarter_half,2458,2021-03-12,2021-03-22,-0.0210550182560221,2021,2020-12-31,learned_vol_interaction,20260911,0.23467895972096536,0.23467895972096536,0,0
annual_quarter_half,2458,2021-03-12,2021-03-22,-0.0210550182560221,2021,2020-12-31,learned_vol_interaction,20260912,0.5001941106115585,0.5001941106115585,1,0
annual_quarter_half,2458,2021-03-12,2021-03-22,-0.0210550182560221,2021,2020-12-31,native_mse,20260910,-0.0005000901973691782,,0,0
annual_quarter_half,2458,2021-03-12,2021-03-22,-0.0210550182560221,2021,2020-12-31,native_mse,20260911,-0.007847066861436623,,0,0
annual_quarter_half,2458,2021-03-12,2021-03-22,-0.0210550182560221,2021,2020-12-31,native_mse,20260912,0.0011757184818956695,,1,0
annual_quarter_half,2458,2021-03-12,2021-03-22,-0.0210550182560221,2021,2020-12-31,training_frequency,-1,0.5577557755775577,0.5577557755775577,1,0
annual_quarter_half,2463,2021-03-19,2021-03-29,0.0087572877565691,2021,2020-12-31,learned_market,20260910,0.6783048076904669,0.6783048076904669,1,1
annual_quarter_half,2463,2021-03-19,2021-03-29,0.0087572877565691,2021,2020-12-31,learned_market,20260911,0.5317095579141908,0.5317095579141908,1,1
annual_quarter_half,2463,2021-03-19,2021-03-29,0.0087572877565691,2021,2020-12-31,learned_market,20260912,0.4862560848839745,0.4862560848839745,0,1
annual_quarter_half,2463,2021-03-19,2021-03-29,0.0087572877565691,2021,2020-12-31,learned_order_extension,20260910,0.5898698686538169,0.5898698686538169,1,1
annual_quarter_half,2463,2021-03-19,2021-03-29,0.0087572877565691,2021,2020-12-31,learned_order_extension,20260911,0.532998967015209,0.532998967015209,1,1
annual_quarter_half,2463,2021-03-19,2021-03-29,0.0087572877565691,2021,2020-12-31,learned_order_extension,20260912,0.49318584601318854,0.49318584601318854,0,1
annual_quarter_half,2463,2021-03-19,2021-03-29,0.0087572877565691,2021,2020-12-31,learned_order_offset,20260910,0.5905225656238325,0.5905225656238325,1,1
annual_quarter_half,2463,2021-03-19,2021-03-29,0.0087572877565691,2021,2020-12-31,learned_order_offset,20260911,0.5312704874985703,0.5312704874985703,1,1
annual_quarter_half,2463,2021-03-19,2021-03-29,0.0087572877565691,2021,2020-12-31,learned_order_offset,20260912,0.493170220106531,0.493170220106531,0,1
annual_quarter_half,2463,2021-03-19,2021-03-29,0.0087572877565691,2021,2020-12-31,learned_vol_interaction,20260910,0.5872740166666267,0.5872740166666267,1,1
annual_quarter_half,2463,2021-03-19,2021-03-29,0.0087572877565691,2021,2020-12-31,learned_vol_interaction,20260911,0.5417459151974428,0.5417459151974428,1,1
annual_quarter_half,2463,2021-03-19,2021-03-29,0.0087572877565691,2021,2020-12-31,learned_vol_interaction,20260912,0.4917119078225818,0.4917119078225818,0,1
annual_quarter_half,2463,2021-03-19,2021-03-29,0.0087572877565691,2021,2020-12-31,native_mse,20260910,0.006023340982564988,,1,1
annual_quarter_half,2463,2021-03-19,2021-03-29,0.0087572877565691,2021,2020-12-31,native_mse,20260911,-0.0039060339233599494,,0,1
annual_quarter_half,2463,2021-03-19,2021-03-29,0.0087572877565691,2021,2020-12-31,native_mse,20260912,0.0010792053864410744,,1,1
annual_quarter_half,2463,2021-03-19,2021-03-29,0.0087572877565691,2021,2020-12-31,training_frequency,-1,0.5577557755775577,0.5577557755775577,1,1
annual_quarter_half,2468,2021-03-26,2021-04-06,0.0250145479448802,2021,2020-12-31,learned_market,20260910,0.6020041018019381,0.6020041018019381,1,1
annual_quarter_half,2468,2021-03-26,2021-04-06,0.0250145479448802,2021,2020-12-31,learned_market,20260911,0.48950965003399194,0.48950965003399194,0,1
annual_quarter_half,2468,2021-03-26,2021-04-06,0.0250145479448802,2021,2020-12-31,learned_market,20260912,0.5757817923341705,0.5757817923341705,1,1
annual_quarter_half,2468,2021-03-26,2021-04-06,0.0250145479448802,2021,2020-12-31,learned_order_extension,20260910,0.5737573684172776,0.5737573684172776,1,1
annual_quarter_half,2468,2021-03-26,2021-04-06,0.0250145479448802,2021,2020-12-31,learned_order_extension,20260911,0.48258967958160864,0.48258967958160864,0,1
annual_quarter_half,2468,2021-03-26,2021-04-06,0.0250145479448802,2021,2020-12-31,learned_order_extension,20260912,0.5765372992952104,0.5765372992952104,1,1
annual_quarter_half,2468,2021-03-26,2021-04-06,0.0250145479448802,2021,2020-12-31,learned_order_offset,20260910,0.5737282476957762,0.5737282476957762,1,1
annual_quarter_half,2468,2021-03-26,2021-04-06,0.0250145479448802,2021,2020-12-31,learned_order_offset,20260911,0.48113132203479025,0.48113132203479025,0,1
annual_quarter_half,2468,2021-03-26,2021-04-06,0.0250145479448802,2021,2020-12-31,learned_order_offset,20260912,0.5766144810517231,0.5766144810517231,1,1
annual_quarter_half,2468,2021-03-26,2021-04-06,0.0250145479448802,2021,2020-12-31,learned_vol_interaction,20260910,0.5791980511717043,0.5791980511717043,1,1
annual_quarter_half,2468,2021-03-26,2021-04-06,0.0250145479448802,2021,2020-12-31,learned_vol_interaction,20260911,0.48054571329537366,0.48054571329537366,0,1
annual_quarter_half,2468,2021-03-26,2021-04-06,0.0250145479448802,2021,2020-12-31,learned_vol_interaction,20260912,0.5754614207160266,0.5754614207160266,1,1
annual_quarter_half,2468,2021-03-26,2021-04-06,0.0250145479448802,2021,2020-12-31,native_mse,20260910,0.005598392317839315,,1,1
annual_quarter_half,2468,2021-03-26,2021-04-06,0.0250145479448802,2021,2020-12-31,native_mse,20260911,0.0009273635613917179,,1,1
annual_quarter_half,2468,2021-03-26,2021-04-06,0.0250145479448802,2021,2020-12-31,native_mse,20260912,0.0011499309968955886,,1,1
annual_quarter_half,2468,2021-03-26,2021-04-06,0.0250145479448802,2021,2020-12-31,training_frequency,-1,0.5577557755775577,0.5577557755775577,1,1
annual_quarter_half,2473,2021-04-02,2021-04-12,-0.0292856811827044,2021,2021-03-31,learned_market,20260910,0.5221146643909844,0.5221146643909844,1,0
annual_quarter_half,2473,2021-04-02,2021-04-12,-0.0292856811827044,2021,2021-03-31,learned_market,20260911,0.5093332963842534,0.5093332963842534,1,0
annual_quarter_half,2473,2021-04-02,2021-04-12,-0.0292856811827044,2021,2021-03-31,learned_market,20260912,0.5877797193562221,0.5877797193562221,1,0
annual_quarter_half,2473,2021-04-02,2021-04-12,-0.0292856811827044,2021,2021-03-31,learned_order_extension,20260910,0.5548530403443583,0.5548530403443583,1,0
annual_quarter_half,2473,2021-04-02,2021-04-12,-0.0292856811827044,2021,2021-03-31,learned_order_extension,20260911,0.5277426492305287,0.5277426492305287,1,0
annual_quarter_half,2473,2021-04-02,2021-04-12,-0.0292856811827044,2021,2021-03-31,learned_order_extension,20260912,0.5873045447281766,0.5873045447281766,1,0
annual_quarter_half,2473,2021-04-02,2021-04-12,-0.0292856811827044,2021,2021-03-31,learned_order_offset,20260910,0.5552047249454722,0.5552047249454722,1,0
annual_quarter_half,2473,2021-04-02,2021-04-12,-0.0292856811827044,2021,2021-03-31,learned_order_offset,20260911,0.5324970024691933,0.5324970024691933,1,0
annual_quarter_half,2473,2021-04-02,2021-04-12,-0.0292856811827044,2021,2021-03-31,learned_order_offset,20260912,0.5864027753117655,0.5864027753117655,1,0
annual_quarter_half,2473,2021-04-02,2021-04-12,-0.0292856811827044,2021,2021-03-31,learned_vol_interaction,20260910,0.5477621180521192,0.5477621180521192,1,0
annual_quarter_half,2473,2021-04-02,2021-04-12,-0.0292856811827044,2021,2021-03-31,learned_vol_interaction,20260911,0.5296861154479152,0.5296861154479152,1,0
annual_quarter_half,2473,2021-04-02,2021-04-12,-0.0292856811827044,2021,2021-03-31,learned_vol_interaction,20260912,0.5874850579877813,0.5874850579877813,1,0
annual_quarter_half,2473,2021-04-02,2021-04-12,-0.0292856811827044,2021,2021-03-31,native_mse,20260910,-0.003736479828556325,,0,0
annual_quarter_half,2473,2021-04-02,2021-04-12,-0.0292856811827044,2021,2021-03-31,native_mse,20260911,-0.006393301047566526,,0,0
annual_quarter_half,2473,2021-04-02,2021-04-12,-0.0292856811827044,2021,2021-03-31,native_mse,20260912,0.0006916165441394245,,1,0
annual_quarter_half,2473,2021-04-02,2021-04-12,-0.0292856811827044,2021,2021-03-31,training_frequency,-1,0.5559216532718507,0.5559216532718507,1,0
annual_quarter_half,2477,2021-04-09,2021-04-19,-0.0120489836840408,2021,2021-03-31,learned_market,20260910,0.6645647965749597,0.6645647965749597,1,0
annual_quarter_half,2477,2021-04-09,2021-04-19,-0.0120489836840408,2021,2021-03-31,learned_market,20260911,0.38354877682782995,0.38354877682782995,0,0
annual_quarter_half,2477,2021-04-09,2021-04-19,-0.0120489836840408,2021,2021-03-31,learned_market,20260912,0.6533755625605224,0.6533755625605224,1,0
annual_quarter_half,2477,2021-04-09,2021-04-19,-0.0120489836840408,2021,2021-03-31,learned_order_extension,20260910,0.686074824242748,0.686074824242748,1,0
annual_quarter_half,2477,2021-04-09,2021-04-19,-0.0120489836840408,2021,2021-03-31,learned_order_extension,20260911,0.350848198901573,0.350848198901573,0,0
annual_quarter_half,2477,2021-04-09,2021-04-19,-0.0120489836840408,2021,2021-03-31,learned_order_extension,20260912,0.6583274121981659,0.6583274121981659,1,0
annual_quarter_half,2477,2021-04-09,2021-04-19,-0.0120489836840408,2021,2021-03-31,learned_order_offset,20260910,0.6857172388021278,0.6857172388021278,1,0
annual_quarter_half,2477,2021-04-09,2021-04-19,-0.0120489836840408,2021,2021-03-31,learned_order_offset,20260911,0.3583482902344589,0.3583482902344589,0,0
annual_quarter_half,2477,2021-04-09,2021-04-19,-0.0120489836840408,2021,2021-03-31,learned_order_offset,20260912,0.6574268092686473,0.6574268092686473,1,0
annual_quarter_half,2477,2021-04-09,2021-04-19,-0.0120489836840408,2021,2021-03-31,learned_vol_interaction,20260910,0.6769748603893512,0.6769748603893512,1,0
annual_quarter_half,2477,2021-04-09,2021-04-19,-0.0120489836840408,2021,2021-03-31,learned_vol_interaction,20260911,0.39103362127315977,0.39103362127315977,0,0
annual_quarter_half,2477,2021-04-09,2021-04-19,-0.0120489836840408,2021,2021-03-31,learned_vol_interaction,20260912,0.6515174303968423,0.6515174303968423,1,0
annual_quarter_half,2477,2021-04-09,2021-04-19,-0.0120489836840408,2021,2021-03-31,native_mse,20260910,0.0008029759712648004,,1,0
annual_quarter_half,2477,2021-04-09,2021-04-19,-0.0120489836840408,2021,2021-03-31,native_mse,20260911,-0.008713696931492033,,0,0
annual_quarter_half,2477,2021-04-09,2021-04-19,-0.0120489836840408,2021,2021-03-31,native_mse,20260912,0.0002640086649026689,,1,0
annual_quarter_half,2477,2021-04-09,2021-04-19,-0.0120489836840408,2021,2021-03-31,training_frequency,-1,0.5559216532718507,0.5559216532718507,1,0
annual_quarter_half,2482,2021-04-16,2021-04-26,0.0382932540809155,2021,2021-03-31,learned_market,20260910,0.5421014284702241,0.5421014284702241,1,1
annual_quarter_half,2482,2021-04-16,2021-04-26,0.0382932540809155,2021,2021-03-31,learned_market,20260911,0.5679530579419,0.5679530579419,1,1
annual_quarter_half,2482,2021-04-16,2021-04-26,0.0382932540809155,2021,2021-03-31,learned_market,20260912,0.6189637369083292,0.6189637369083292,1,1
annual_quarter_half,2482,2021-04-16,2021-04-26,0.0382932540809155,2021,2021-03-31,learned_order_extension,20260910,0.5343327498896551,0.5343327498896551,1,1
annual_quarter_half,2482,2021-04-16,2021-04-26,0.0382932540809155,2021,2021-03-31,learned_order_extension,20260911,0.5469170643955165,0.5469170643955165,1,1
annual_quarter_half,2482,2021-04-16,2021-04-26,0.0382932540809155,2021,2021-03-31,learned_order_extension,20260912,0.6100540378737533,0.6100540378737533,1,1
annual_quarter_half,2482,2021-04-16,2021-04-26,0.0382932540809155,2021,2021-03-31,learned_order_offset,20260910,0.5344364267660355,0.5344364267660355,1,1
annual_quarter_half,2482,2021-04-16,2021-04-26,0.0382932540809155,2021,2021-03-31,learned_order_offset,20260911,0.5491124774230793,0.5491124774230793,1,1
annual_quarter_half,2482,2021-04-16,2021-04-26,0.0382932540809155,2021,2021-03-31,learned_order_offset,20260912,0.6094699594103954,0.6094699594103954,1,1
annual_quarter_half,2482,2021-04-16,2021-04-26,0.0382932540809155,2021,2021-03-31,learned_vol_interaction,20260910,0.5471557600333373,0.5471557600333373,1,1
annual_quarter_half,2482,2021-04-16,2021-04-26,0.0382932540809155,2021,2021-03-31,learned_vol_interaction,20260911,0.5607805426482108,0.5607805426482108,1,1
annual_quarter_half,2482,2021-04-16,2021-04-26,0.0382932540809155,2021,2021-03-31,learned_vol_interaction,20260912,0.619339421329427,0.619339421329427,1,1
annual_quarter_half,2482,2021-04-16,2021-04-26,0.0382932540809155,2021,2021-03-31,native_mse,20260910,-0.0034863901497831735,,0,1
annual_quarter_half,2482,2021-04-16,2021-04-26,0.0382932540809155,2021,2021-03-31,native_mse,20260911,0.002827287535053982,,1,1
annual_quarter_half,2482,2021-04-16,2021-04-26,0.0382932540809155,2021,2021-03-31,native_mse,20260912,-0.0005722985248978038,,0,1
annual_quarter_half,2482,2021-04-16,2021-04-26,0.0382932540809155,2021,2021-03-31,training_frequency,-1,0.5559216532718507,0.5559216532718507,1,1
annual_quarter_half,2487,2021-04-23,2021-05-06,-0.0112070185917437,2021,2021-03-31,learned_market,20260910,0.6172222038597347,0.6172222038597347,1,0
annual_quarter_half,2487,2021-04-23,2021-05-06,-0.0112070185917437,2021,2021-03-31,learned_market,20260911,0.5320390776910771,0.5320390776910771,1,0
annual_quarter_half,2487,2021-04-23,2021-05-06,-0.0112070185917437,2021,2021-03-31,learned_market,20260912,0.6882405128687179,0.6882405128687179,1,0
annual_quarter_half,2487,2021-04-23,2021-05-06,-0.0112070185917437,2021,2021-03-31,learned_order_extension,20260910,0.6423918547342962,0.6423918547342962,1,0
annual_quarter_half,2487,2021-04-23,2021-05-06,-0.0112070185917437,2021,2021-03-31,learned_order_extension,20260911,0.5003133462563637,0.5003133462563637,1,0
annual_quarter_half,2487,2021-04-23,2021-05-06,-0.0112070185917437,2021,2021-03-31,learned_order_extension,20260912,0.6983704150755554,0.6983704150755554,1,0
annual_quarter_half,2487,2021-04-23,2021-05-06,-0.0112070185917437,2021,2021-03-31,learned_order_offset,20260910,0.6416034436802767,0.6416034436802767,1,0
annual_quarter_half,2487,2021-04-23,2021-05-06,-0.0112070185917437,2021,2021-03-31,learned_order_offset,20260911,0.5054833148879434,0.5054833148879434,1,0
annual_quarter_half,2487,2021-04-23,2021-05-06,-0.0112070185917437,2021,2021-03-31,learned_order_offset,20260912,0.6965420319791956,0.6965420319791956,1,0
annual_quarter_half,2487,2021-04-23,2021-05-06,-0.0112070185917437,2021,2021-03-31,learned_vol_interaction,20260910,0.6356943895972953,0.6356943895972953,1,0
annual_quarter_half,2487,2021-04-23,2021-05-06,-0.0112070185917437,2021,2021-03-31,learned_vol_interaction,20260911,0.5288815617258766,0.5288815617258766,1,0
annual_quarter_half,2487,2021-04-23,2021-05-06,-0.0112070185917437,2021,2021-03-31,learned_vol_interaction,20260912,0.6880228291420727,0.6880228291420727,1,0
annual_quarter_half,2487,2021-04-23,2021-05-06,-0.0112070185917437,2021,2021-03-31,native_mse,20260910,-0.0016956354393941773,,0,0
annual_quarter_half,2487,2021-04-23,2021-05-06,-0.0112070185917437,2021,2021-03-31,native_mse,20260911,0.0037548237729468897,,1,0
annual_quarter_half,2487,2021-04-23,2021-05-06,-0.0112070185917437,2021,2021-03-31,native_mse,20260912,0.0019494857989737994,,1,0
annual_quarter_half,2487,2021-04-23,2021-05-06,-0.0112070185917437,2021,2021-03-31,training_frequency,-1,0.5559216532718507,0.5559216532718507,1,0
annual_quarter_half,2492,2021-04-30,2021-05-12,-0.0190946889464188,2021,2021-03-31,learned_market,20260910,0.5548325541803267,0.5548325541803267,1,0
annual_quarter_half,2492,2021-04-30,2021-05-12,-0.0190946889464188,2021,2021-03-31,learned_market,20260911,0.5226286260858403,0.5226286260858403,1,0
annual_quarter_half,2492,2021-04-30,2021-05-12,-0.0190946889464188,2021,2021-03-31,learned_market,20260912,0.5452516773602385,0.5452516773602385,1,0
annual_quarter_half,2492,2021-04-30,2021-05-12,-0.0190946889464188,2021,2021-03-31,learned_order_extension,20260910,0.5406603912174638,0.5406603912174638,1,0
annual_quarter_half,2492,2021-04-30,2021-05-12,-0.0190946889464188,2021,2021-03-31,learned_order_extension,20260911,0.47866840008527856,0.47866840008527856,0,0
annual_quarter_half,2492,2021-04-30,2021-05-12,-0.0190946889464188,2021,2021-03-31,learned_order_extension,20260912,0.5347624648183795,0.5347624648183795,1,0
annual_quarter_half,2492,2021-04-30,2021-05-12,-0.0190946889464188,2021,2021-03-31,learned_order_offset,20260910,0.5408249206068279,0.5408249206068279,1,0
annual_quarter_half,2492,2021-04-30,2021-05-12,-0.0190946889464188,2021,2021-03-31,learned_order_offset,20260911,0.48599530311654493,0.48599530311654493,0,0
annual_quarter_half,2492,2021-04-30,2021-05-12,-0.0190946889464188,2021,2021-03-31,learned_order_offset,20260912,0.5326766743401882,0.5326766743401882,1,0
annual_quarter_half,2492,2021-04-30,2021-05-12,-0.0190946889464188,2021,2021-03-31,learned_vol_interaction,20260910,0.5578456655903893,0.5578456655903893,1,0
annual_quarter_half,2492,2021-04-30,2021-05-12,-0.0190946889464188,2021,2021-03-31,learned_vol_interaction,20260911,0.5093847084772981,0.5093847084772981,1,0
annual_quarter_half,2492,2021-04-30,2021-05-12,-0.0190946889464188,2021,2021-03-31,learned_vol_interaction,20260912,0.5478386460666684,0.5478386460666684,1,0
annual_quarter_half,2492,2021-04-30,2021-05-12,-0.0190946889464188,2021,2021-03-31,native_mse,20260910,-0.0028942811559074643,,0,0
annual_quarter_half,2492,2021-04-30,2021-05-12,-0.0190946889464188,2021,2021-03-31,native_mse,20260911,0.0011278093688471213,,1,0
annual_quarter_half,2492,2021-04-30,2021-05-12,-0.0190946889464188,2021,2021-03-31,native_mse,20260912,-0.0010352534000717538,,0,0
annual_quarter_half,2492,2021-04-30,2021-05-12,-0.0190946889464188,2021,2021-03-31,training_frequency,-1,0.5559216532718507,0.5559216532718507,1,0
annual_quarter_half,2494,2021-05-07,2021-05-17,0.0227674429764228,2021,2021-03-31,learned_market,20260910,0.5520450691650846,0.5520450691650846,1,1
annual_quarter_half,2494,2021-05-07,2021-05-17,0.0227674429764228,2021,2021-03-31,learned_market,20260911,0.5495739807409334,0.5495739807409334,1,1
annual_quarter_half,2494,2021-05-07,2021-05-17,0.0227674429764228,2021,2021-03-31,learned_market,20260912,0.5978813970805273,0.5978813970805273,1,1
annual_quarter_half,2494,2021-05-07,2021-05-17,0.0227674429764228,2021,2021-03-31,learned_order_extension,20260910,0.5391954517615332,0.5391954517615332,1,1
annual_quarter_half,2494,2021-05-07,2021-05-17,0.0227674429764228,2021,2021-03-31,learned_order_extension,20260911,0.5234611316464991,0.5234611316464991,1,1
annual_quarter_half,2494,2021-05-07,2021-05-17,0.0227674429764228,2021,2021-03-31,learned_order_extension,20260912,0.5933162332915567,0.5933162332915567,1,1
annual_quarter_half,2494,2021-05-07,2021-05-17,0.0227674429764228,2021,2021-03-31,learned_order_offset,20260910,0.539273225569335,0.539273225569335,1,1
annual_quarter_half,2494,2021-05-07,2021-05-17,0.0227674429764228,2021,2021-03-31,learned_order_offset,20260911,0.5318677046151885,0.5318677046151885,1,1
annual_quarter_half,2494,2021-05-07,2021-05-17,0.0227674429764228,2021,2021-03-31,learned_order_offset,20260912,0.5912500251511876,0.5912500251511876,1,1
annual_quarter_half,2494,2021-05-07,2021-05-17,0.0227674429764228,2021,2021-03-31,learned_vol_interaction,20260910,0.5558837012256709,0.5558837012256709,1,1
annual_quarter_half,2494,2021-05-07,2021-05-17,0.0227674429764228,2021,2021-03-31,learned_vol_interaction,20260911,0.5374711136456564,0.5374711136456564,1,1
annual_quarter_half,2494,2021-05-07,2021-05-17,0.0227674429764228,2021,2021-03-31,learned_vol_interaction,20260912,0.601553426823011,0.601553426823011,1,1
annual_quarter_half,2494,2021-05-07,2021-05-17,0.0227674429764228,2021,2021-03-31,native_mse,20260910,-0.0027507521873505088,,0,1
annual_quarter_half,2494,2021-05-07,2021-05-17,0.0227674429764228,2021,2021-03-31,native_mse,20260911,0.0002559404176371062,,1,1
annual_quarter_half,2494,2021-05-07,2021-05-17,0.0227674429764228,2021,2021-03-31,native_mse,20260912,-0.0009581076867674627,,0,1
annual_quarter_half,2494,2021-05-07,2021-05-17,0.0227674429764228,2021,2021-03-31,training_frequency,-1,0.5559216532718507,0.5559216532718507,1,1
annual_quarter_half,2499,2021-05-14,2021-05-24,0.0045940519733895,2021,2021-03-31,learned_market,20260910,0.4558330630975005,0.4558330630975005,0,1
annual_quarter_half,2499,2021-05-14,2021-05-24,0.0045940519733895,2021,2021-03-31,learned_market,20260911,0.43150761429263995,0.43150761429263995,0,1
annual_quarter_half,2499,2021-05-14,2021-05-24,0.0045940519733895,2021,2021-03-31,learned_market,20260912,0.5247578472915979,0.5247578472915979,1,1
annual_quarter_half,2499,2021-05-14,2021-05-24,0.0045940519733895,2021,2021-03-31,learned_order_extension,20260910,0.4266146248163473,0.4266146248163473,0,1
annual_quarter_half,2499,2021-05-14,2021-05-24,0.0045940519733895,2021,2021-03-31,learned_order_extension,20260911,0.365518438283831,0.365518438283831,0,1
annual_quarter_half,2499,2021-05-14,2021-05-24,0.0045940519733895,2021,2021-03-31,learned_order_extension,20260912,0.48092353917020314,0.48092353917020314,0,1
annual_quarter_half,2499,2021-05-14,2021-05-24,0.0045940519733895,2021,2021-03-31,learned_order_offset,20260910,0.42667520694097333,0.42667520694097333,0,1
annual_quarter_half,2499,2021-05-14,2021-05-24,0.0045940519733895,2021,2021-03-31,learned_order_offset,20260911,0.37507902002702526,0.37507902002702526,0,1
annual_quarter_half,2499,2021-05-14,2021-05-24,0.0045940519733895,2021,2021-03-31,learned_order_offset,20260912,0.480114146194855,0.480114146194855,0,1
annual_quarter_half,2499,2021-05-14,2021-05-24,0.0045940519733895,2021,2021-03-31,learned_vol_interaction,20260910,0.4743513281918519,0.4743513281918519,0,1
annual_quarter_half,2499,2021-05-14,2021-05-24,0.0045940519733895,2021,2021-03-31,learned_vol_interaction,20260911,0.42886833202701635,0.42886833202701635,0,1
annual_quarter_half,2499,2021-05-14,2021-05-24,0.0045940519733895,2021,2021-03-31,learned_vol_interaction,20260912,0.5274266473099286,0.5274266473099286,1,1
annual_quarter_half,2499,2021-05-14,2021-05-24,0.0045940519733895,2021,2021-03-31,native_mse,20260910,-0.0057725554529828955,,0,1
annual_quarter_half,2499,2021-05-14,2021-05-24,0.0045940519733895,2021,2021-03-31,native_mse,20260911,0.00025777570958227273,,1,1
annual_quarter_half,2499,2021-05-14,2021-05-24,0.0045940519733895,2021,2021-03-31,native_mse,20260912,-0.002007685012522137,,0,1
annual_quarter_half,2499,2021-05-14,2021-05-24,0.0045940519733895,2021,2021-03-31,training_frequency,-1,0.5559216532718507,0.5559216532718507,1,1
annual_quarter_half,2504,2021-05-21,2021-05-31,0.0348855085126711,2021,2021-03-31,learned_market,20260910,0.5087790934985301,0.5087790934985301,1,1
annual_quarter_half,2504,2021-05-21,2021-05-31,0.0348855085126711,2021,2021-03-31,learned_market,20260911,0.5265117777082957,0.5265117777082957,1,1
annual_quarter_half,2504,2021-05-21,2021-05-31,0.0348855085126711,2021,2021-03-31,learned_market,20260912,0.6282292587537475,0.6282292587537475,1,1
annual_quarter_half,2504,2021-05-21,2021-05-31,0.0348855085126711,2021,2021-03-31,learned_order_extension,20260910,0.4851475551195409,0.4851475551195409,0,1
annual_quarter_half,2504,2021-05-21,2021-05-31,0.0348855085126711,2021,2021-03-31,learned_order_extension,20260911,0.4745023954106294,0.4745023954106294,0,1
annual_quarter_half,2504,2021-05-21,2021-05-31,0.0348855085126711,2021,2021-03-31,learned_order_extension,20260912,0.6438106387046212,0.6438106387046212,1,1
annual_quarter_half,2504,2021-05-21,2021-05-31,0.0348855085126711,2021,2021-03-31,learned_order_offset,20260910,0.4850320336972143,0.4850320336972143,0,1
annual_quarter_half,2504,2021-05-21,2021-05-31,0.0348855085126711,2021,2021-03-31,learned_order_offset,20260911,0.486151496850571,0.486151496850571,0,1
annual_quarter_half,2504,2021-05-21,2021-05-31,0.0348855085126711,2021,2021-03-31,learned_order_offset,20260912,0.6427473988456315,0.6427473988456315,1,1
annual_quarter_half,2504,2021-05-21,2021-05-31,0.0348855085126711,2021,2021-03-31,learned_vol_interaction,20260910,0.5202858564041998,0.5202858564041998,1,1
annual_quarter_half,2504,2021-05-21,2021-05-31,0.0348855085126711,2021,2021-03-31,learned_vol_interaction,20260911,0.5089036325363899,0.5089036325363899,1,1
annual_quarter_half,2504,2021-05-21,2021-05-31,0.0348855085126711,2021,2021-03-31,learned_vol_interaction,20260912,0.6313488120148845,0.6313488120148845,1,1
annual_quarter_half,2504,2021-05-21,2021-05-31,0.0348855085126711,2021,2021-03-31,native_mse,20260910,-0.004770483019671459,,0,1
annual_quarter_half,2504,2021-05-21,2021-05-31,0.0348855085126711,2021,2021-03-31,native_mse,20260911,0.0032041482532096195,,1,1
annual_quarter_half,2504,2021-05-21,2021-05-31,0.0348855085126711,2021,2021-03-31,native_mse,20260912,-0.0005287039409019977,,0,1
annual_quarter_half,2504,2021-05-21,2021-05-31,0.0348855085126711,2021,2021-03-31,training_frequency,-1,0.5559216532718507,0.5559216532718507,1,1
annual_quarter_half,2509,2021-05-28,2021-06-07,-0.0062409741861724,2021,2021-03-31,learned_market,20260910,0.44539243806543605,0.44539243806543605,0,0
annual_quarter_half,2509,2021-05-28,2021-06-07,-0.0062409741861724,2021,2021-03-31,learned_market,20260911,0.4233598811636786,0.4233598811636786,0,0
annual_quarter_half,2509,2021-05-28,2021-06-07,-0.0062409741861724,2021,2021-03-31,learned_market,20260912,0.38447541547505115,0.38447541547505115,0,0
annual_quarter_half,2509,2021-05-28,2021-06-07,-0.0062409741861724,2021,2021-03-31,learned_order_extension,20260910,0.41559486293681575,0.41559486293681575,0,0
annual_quarter_half,2509,2021-05-28,2021-06-07,-0.0062409741861724,2021,2021-03-31,learned_order_extension,20260911,0.3929176566637896,0.3929176566637896,0,0
annual_quarter_half,2509,2021-05-28,2021-06-07,-0.0062409741861724,2021,2021-03-31,learned_order_extension,20260912,0.35424063661177185,0.35424063661177185,0,0
annual_quarter_half,2509,2021-05-28,2021-06-07,-0.0062409741861724,2021,2021-03-31,learned_order_offset,20260910,0.4159504814352112,0.4159504814352112,0,0
annual_quarter_half,2509,2021-05-28,2021-06-07,-0.0062409741861724,2021,2021-03-31,learned_order_offset,20260911,0.39959315019320224,0.39959315019320224,0,0
annual_quarter_half,2509,2021-05-28,2021-06-07,-0.0062409741861724,2021,2021-03-31,learned_order_offset,20260912,0.3546045169575657,0.3546045169575657,0,0
annual_quarter_half,2509,2021-05-28,2021-06-07,-0.0062409741861724,2021,2021-03-31,learned_vol_interaction,20260910,0.44476218922769517,0.44476218922769517,0,0
annual_quarter_half,2509,2021-05-28,2021-06-07,-0.0062409741861724,2021,2021-03-31,learned_vol_interaction,20260911,0.42065742168251485,0.42065742168251485,0,0
annual_quarter_half,2509,2021-05-28,2021-06-07,-0.0062409741861724,2021,2021-03-31,learned_vol_interaction,20260912,0.38287475397544674,0.38287475397544674,0,0
annual_quarter_half,2509,2021-05-28,2021-06-07,-0.0062409741861724,2021,2021-03-31,native_mse,20260910,-0.007067674219930104,,0,0
annual_quarter_half,2509,2021-05-28,2021-06-07,-0.0062409741861724,2021,2021-03-31,native_mse,20260911,-0.00091467911184912,,0,0
annual_quarter_half,2509,2021-05-28,2021-06-07,-0.0062409741861724,2021,2021-03-31,native_mse,20260912,-0.004322252858899443,,0,0
annual_quarter_half,2509,2021-05-28,2021-06-07,-0.0062409741861724,2021,2021-03-31,training_frequency,-1,0.5559216532718507,0.5559216532718507,1,0
annual_quarter_half,2514,2021-06-04,2021-06-15,-0.0125508761771767,2021,2021-03-31,learned_market,20260910,0.4889251904704549,0.4889251904704549,0,0
annual_quarter_half,2514,2021-06-04,2021-06-15,-0.0125508761771767,2021,2021-03-31,learned_market,20260911,0.4899081527058049,0.4899081527058049,0,0
annual_quarter_half,2514,2021-06-04,2021-06-15,-0.0125508761771767,2021,2021-03-31,learned_market,20260912,0.328399193841297,0.328399193841297,0,0
annual_quarter_half,2514,2021-06-04,2021-06-15,-0.0125508761771767,2021,2021-03-31,learned_order_extension,20260910,0.45123187701181944,0.45123187701181944,0,0
annual_quarter_half,2514,2021-06-04,2021-06-15,-0.0125508761771767,2021,2021-03-31,learned_order_extension,20260911,0.45357585455156624,0.45357585455156624,0,0
annual_quarter_half,2514,2021-06-04,2021-06-15,-0.0125508761771767,2021,2021-03-31,learned_order_extension,20260912,0.2896995053559892,0.2896995053559892,0,0
annual_quarter_half,2514,2021-06-04,2021-06-15,-0.0125508761771767,2021,2021-03-31,learned_order_offset,20260910,0.45186400361406576,0.45186400361406576,0,0
annual_quarter_half,2514,2021-06-04,2021-06-15,-0.0125508761771767,2021,2021-03-31,learned_order_offset,20260911,0.45442478957816745,0.45442478957816745,0,0
annual_quarter_half,2514,2021-06-04,2021-06-15,-0.0125508761771767,2021,2021-03-31,learned_order_offset,20260912,0.290740823959064,0.290740823959064,0,0
annual_quarter_half,2514,2021-06-04,2021-06-15,-0.0125508761771767,2021,2021-03-31,learned_vol_interaction,20260910,0.4730359869826697,0.4730359869826697,0,0
annual_quarter_half,2514,2021-06-04,2021-06-15,-0.0125508761771767,2021,2021-03-31,learned_vol_interaction,20260911,0.4903342907262165,0.4903342907262165,0,0
annual_quarter_half,2514,2021-06-04,2021-06-15,-0.0125508761771767,2021,2021-03-31,learned_vol_interaction,20260912,0.3296689469607741,0.3296689469607741,0,0
annual_quarter_half,2514,2021-06-04,2021-06-15,-0.0125508761771767,2021,2021-03-31,native_mse,20260910,-0.0052488705430088255,,0,0
annual_quarter_half,2514,2021-06-04,2021-06-15,-0.0125508761771767,2021,2021-03-31,native_mse,20260911,-0.00046342510149459913,,0,0
annual_quarter_half,2514,2021-06-04,2021-06-15,-0.0125508761771767,2021,2021-03-31,native_mse,20260912,-0.003136332747015161,,0,0
annual_quarter_half,2514,2021-06-04,2021-06-15,-0.0125508761771767,2021,2021-03-31,training_frequency,-1,0.5559216532718507,0.5559216532718507,1,0
annual_quarter_half,2519,2021-06-11,2021-06-21,-0.0250011497424577,2021,2021-03-31,learned_market,20260910,0.34048879094601314,0.34048879094601314,0,0
annual_quarter_half,2519,2021-06-11,2021-06-21,-0.0250011497424577,2021,2021-03-31,learned_market,20260911,0.33085391510770756,0.33085391510770756,0,0
annual_quarter_half,2519,2021-06-11,2021-06-21,-0.0250011497424577,2021,2021-03-31,learned_market,20260912,0.4564313361304243,0.4564313361304243,0,0
annual_quarter_half,2519,2021-06-11,2021-06-21,-0.0250011497424577,2021,2021-03-31,learned_order_extension,20260910,0.2587961709908294,0.2587961709908294,0,0
annual_quarter_half,2519,2021-06-11,2021-06-21,-0.0250011497424577,2021,2021-03-31,learned_order_extension,20260911,0.26112027466666926,0.26112027466666926,0,0
annual_quarter_half,2519,2021-06-11,2021-06-21,-0.0250011497424577,2021,2021-03-31,learned_order_extension,20260912,0.44360229212798663,0.44360229212798663,0,0
annual_quarter_half,2519,2021-06-11,2021-06-21,-0.0250011497424577,2021,2021-03-31,learned_order_offset,20260910,0.25956242004977115,0.25956242004977115,0,0
annual_quarter_half,2519,2021-06-11,2021-06-21,-0.0250011497424577,2021,2021-03-31,learned_order_offset,20260911,0.26615409186722966,0.26615409186722966,0,0
annual_quarter_half,2519,2021-06-11,2021-06-21,-0.0250011497424577,2021,2021-03-31,learned_order_offset,20260912,0.44474984343216195,0.44474984343216195,0,0
annual_quarter_half,2519,2021-06-11,2021-06-21,-0.0250011497424577,2021,2021-03-31,learned_vol_interaction,20260910,0.3108719977259138,0.3108719977259138,0,0
annual_quarter_half,2519,2021-06-11,2021-06-21,-0.0250011497424577,2021,2021-03-31,learned_vol_interaction,20260911,0.3290871116544935,0.3290871116544935,0,0
annual_quarter_half,2519,2021-06-11,2021-06-21,-0.0250011497424577,2021,2021-03-31,learned_vol_interaction,20260912,0.4600419075582669,0.4600419075582669,0,0
annual_quarter_half,2519,2021-06-11,2021-06-21,-0.0250011497424577,2021,2021-03-31,native_mse,20260910,-0.009599793733943226,,0,0
annual_quarter_half,2519,2021-06-11,2021-06-21,-0.0250011497424577,2021,2021-03-31,native_mse,20260911,-0.005051628136920002,,0,0
annual_quarter_half,2519,2021-06-11,2021-06-21,-0.0250011497424577,2021,2021-03-31,native_mse,20260912,-0.0018581697301697235,,0,0
annual_quarter_half,2519,2021-06-11,2021-06-21,-0.0250011497424577,2021,2021-03-31,training_frequency,-1,0.5559216532718507,0.5559216532718507,1,0
annual_quarter_half,2523,2021-06-18,2021-06-28,0.0325308711127356,2021,2021-03-31,learned_market,20260910,0.33420972504727064,0.33420972504727064,0,1
annual_quarter_half,2523,2021-06-18,2021-06-28,0.0325308711127356,2021,2021-03-31,learned_market,20260911,0.37289239943563507,0.37289239943563507,0,1
annual_quarter_half,2523,2021-06-18,2021-06-28,0.0325308711127356,2021,2021-03-31,learned_market,20260912,0.4586878234512793,0.4586878234512793,0,1
annual_quarter_half,2523,2021-06-18,2021-06-28,0.0325308711127356,2021,2021-03-31,learned_order_extension,20260910,0.2704874198189626,0.2704874198189626,0,1
annual_quarter_half,2523,2021-06-18,2021-06-28,0.0325308711127356,2021,2021-03-31,learned_order_extension,20260911,0.31262120413916106,0.31262120413916106,0,1
annual_quarter_half,2523,2021-06-18,2021-06-28,0.0325308711127356,2021,2021-03-31,learned_order_extension,20260912,0.4563714242502491,0.4563714242502491,0,1
annual_quarter_half,2523,2021-06-18,2021-06-28,0.0325308711127356,2021,2021-03-31,learned_order_offset,20260910,0.27122940485653657,0.27122940485653657,0,1
annual_quarter_half,2523,2021-06-18,2021-06-28,0.0325308711127356,2021,2021-03-31,learned_order_offset,20260911,0.3192074221171502,0.3192074221171502,0,1
annual_quarter_half,2523,2021-06-18,2021-06-28,0.0325308711127356,2021,2021-03-31,learned_order_offset,20260912,0.45677797222668104,0.45677797222668104,0,1
annual_quarter_half,2523,2021-06-18,2021-06-28,0.0325308711127356,2021,2021-03-31,learned_vol_interaction,20260910,0.31411863186499367,0.31411863186499367,0,1
annual_quarter_half,2523,2021-06-18,2021-06-28,0.0325308711127356,2021,2021-03-31,learned_vol_interaction,20260911,0.3664094960818337,0.3664094960818337,0,1
annual_quarter_half,2523,2021-06-18,2021-06-28,0.0325308711127356,2021,2021-03-31,learned_vol_interaction,20260912,0.4619628714714541,0.4619628714714541,0,1
annual_quarter_half,2523,2021-06-18,2021-06-28,0.0325308711127356,2021,2021-03-31,native_mse,20260910,-0.009023846963273128,,0,1
annual_quarter_half,2523,2021-06-18,2021-06-28,0.0325308711127356,2021,2021-03-31,native_mse,20260911,-0.007568228238734,,0,1
annual_quarter_half,2523,2021-06-18,2021-06-28,0.0325308711127356,2021,2021-03-31,native_mse,20260912,-0.0016290577805524943,,0,1
annual_quarter_half,2523,2021-06-18,2021-06-28,0.0325308711127356,2021,2021-03-31,training_frequency,-1,0.5559216532718507,0.5559216532718507,1,1
annual_quarter_half,2528,2021-06-25,2021-07-05,-0.0342297962734196,2021,2021-03-31,learned_market,20260910,0.4277319884670902,0.4277319884670902,0,0
annual_quarter_half,2528,2021-06-25,2021-07-05,-0.0342297962734196,2021,2021-03-31,learned_market,20260911,0.48337986776666997,0.48337986776666997,0,0
annual_quarter_half,2528,2021-06-25,2021-07-05,-0.0342297962734196,2021,2021-03-31,learned_market,20260912,0.3134091936358733,0.3134091936358733,0,0
annual_quarter_half,2528,2021-06-25,2021-07-05,-0.0342297962734196,2021,2021-03-31,learned_order_extension,20260910,0.3774148590972232,0.3774148590972232,0,0
annual_quarter_half,2528,2021-06-25,2021-07-05,-0.0342297962734196,2021,2021-03-31,learned_order_extension,20260911,0.4711794529077418,0.4711794529077418,0,0
annual_quarter_half,2528,2021-06-25,2021-07-05,-0.0342297962734196,2021,2021-03-31,learned_order_extension,20260912,0.28613661352931885,0.28613661352931885,0,0
annual_quarter_half,2528,2021-06-25,2021-07-05,-0.0342297962734196,2021,2021-03-31,learned_order_offset,20260910,0.3779902094720199,0.3779902094720199,0,0
annual_quarter_half,2528,2021-06-25,2021-07-05,-0.0342297962734196,2021,2021-03-31,learned_order_offset,20260911,0.46880122680128267,0.46880122680128267,0,0
annual_quarter_half,2528,2021-06-25,2021-07-05,-0.0342297962734196,2021,2021-03-31,learned_order_offset,20260912,0.28706075534190423,0.28706075534190423,0,0
annual_quarter_half,2528,2021-06-25,2021-07-05,-0.0342297962734196,2021,2021-03-31,learned_vol_interaction,20260910,0.39489425251602506,0.39489425251602506,0,0
annual_quarter_half,2528,2021-06-25,2021-07-05,-0.0342297962734196,2021,2021-03-31,learned_vol_interaction,20260911,0.49425555506374796,0.49425555506374796,0,0
annual_quarter_half,2528,2021-06-25,2021-07-05,-0.0342297962734196,2021,2021-03-31,learned_vol_interaction,20260912,0.31802707227778726,0.31802707227778726,0,0
annual_quarter_half,2528,2021-06-25,2021-07-05,-0.0342297962734196,2021,2021-03-31,native_mse,20260910,-0.00773491384688421,,0,0
annual_quarter_half,2528,2021-06-25,2021-07-05,-0.0342297962734196,2021,2021-03-31,native_mse,20260911,-0.0008205390188231847,,0,0
annual_quarter_half,2528,2021-06-25,2021-07-05,-0.0342297962734196,2021,2021-03-31,native_mse,20260912,-0.0028072174907134264,,0,0
annual_quarter_half,2528,2021-06-25,2021-07-05,-0.0342297962734196,2021,2021-03-31,training_frequency,-1,0.5559216532718507,0.5559216532718507,1,0
annual_quarter_half,2533,2021-07-02,2021-07-12,0.0068193733271841,2021,2021-06-30,learned_market,20260910,0.46361597128360577,0.46361597128360577,0,1
annual_quarter_half,2533,2021-07-02,2021-07-12,0.0068193733271841,2021,2021-06-30,learned_market,20260911,0.5153837631491393,0.5153837631491393,1,1
annual_quarter_half,2533,2021-07-02,2021-07-12,0.0068193733271841,2021,2021-06-30,learned_market,20260912,0.5217191015893115,0.5217191015893115,1,1
annual_quarter_half,2533,2021-07-02,2021-07-12,0.0068193733271841,2021,2021-06-30,learned_order_extension,20260910,0.4362082653045946,0.4362082653045946,0,1
annual_quarter_half,2533,2021-07-02,2021-07-12,0.0068193733271841,2021,2021-06-30,learned_order_extension,20260911,0.5169880460221075,0.5169880460221075,1,1
annual_quarter_half,2533,2021-07-02,2021-07-12,0.0068193733271841,2021,2021-06-30,learned_order_extension,20260912,0.5245978702166969,0.5245978702166969,1,1
annual_quarter_half,2533,2021-07-02,2021-07-12,0.0068193733271841,2021,2021-06-30,learned_order_offset,20260910,0.43426846956547527,0.43426846956547527,0,1
annual_quarter_half,2533,2021-07-02,2021-07-12,0.0068193733271841,2021,2021-06-30,learned_order_offset,20260911,0.519111916264681,0.519111916264681,1,1
annual_quarter_half,2533,2021-07-02,2021-07-12,0.0068193733271841,2021,2021-06-30,learned_order_offset,20260912,0.5248452123082834,0.5248452123082834,1,1
annual_quarter_half,2533,2021-07-02,2021-07-12,0.0068193733271841,2021,2021-06-30,learned_vol_interaction,20260910,0.4500304328281183,0.4500304328281183,0,1
annual_quarter_half,2533,2021-07-02,2021-07-12,0.0068193733271841,2021,2021-06-30,learned_vol_interaction,20260911,0.5189842579670978,0.5189842579670978,1,1
annual_quarter_half,2533,2021-07-02,2021-07-12,0.0068193733271841,2021,2021-06-30,learned_vol_interaction,20260912,0.522311044953129,0.522311044953129,1,1
annual_quarter_half,2533,2021-07-02,2021-07-12,0.0068193733271841,2021,2021-06-30,native_mse,20260910,-6.859571861403532e-05,,0,1
annual_quarter_half,2533,2021-07-02,2021-07-12,0.0068193733271841,2021,2021-06-30,native_mse,20260911,-0.004520289799967863,,0,1
annual_quarter_half,2533,2021-07-02,2021-07-12,0.0068193733271841,2021,2021-06-30,native_mse,20260912,0.001403920902833497,,1,1
annual_quarter_half,2533,2021-07-02,2021-07-12,0.0068193733271841,2021,2021-06-30,training_frequency,-1,0.5557373919210102,0.5557373919210102,1,1
annual_quarter_half,2538,2021-07-09,2021-07-19,-0.0048254045313779,2021,2021-06-30,learned_market,20260910,0.48885541256639686,0.48885541256639686,0,0
annual_quarter_half,2538,2021-07-09,2021-07-19,-0.0048254045313779,2021,2021-06-30,learned_market,20260911,0.32644766744248155,0.32644766744248155,0,0
annual_quarter_half,2538,2021-07-09,2021-07-19,-0.0048254045313779,2021,2021-06-30,learned_market,20260912,0.516832113785348,0.516832113785348,1,0
annual_quarter_half,2538,2021-07-09,2021-07-19,-0.0048254045313779,2021,2021-06-30,learned_order_extension,20260910,0.46126721767283796,0.46126721767283796,0,0
annual_quarter_half,2538,2021-07-09,2021-07-19,-0.0048254045313779,2021,2021-06-30,learned_order_extension,20260911,0.271939965746326,0.271939965746326,0,0
annual_quarter_half,2538,2021-07-09,2021-07-19,-0.0048254045313779,2021,2021-06-30,learned_order_extension,20260912,0.4701280745005394,0.4701280745005394,0,0
annual_quarter_half,2538,2021-07-09,2021-07-19,-0.0048254045313779,2021,2021-06-30,learned_order_offset,20260910,0.4598994630481361,0.4598994630481361,0,0
annual_quarter_half,2538,2021-07-09,2021-07-19,-0.0048254045313779,2021,2021-06-30,learned_order_offset,20260911,0.2736165016439379,0.2736165016439379,0,0
annual_quarter_half,2538,2021-07-09,2021-07-19,-0.0048254045313779,2021,2021-06-30,learned_order_offset,20260912,0.4706565138640295,0.4706565138640295,0,0
annual_quarter_half,2538,2021-07-09,2021-07-19,-0.0048254045313779,2021,2021-06-30,learned_vol_interaction,20260910,0.4642337712271025,0.4642337712271025,0,0
annual_quarter_half,2538,2021-07-09,2021-07-19,-0.0048254045313779,2021,2021-06-30,learned_vol_interaction,20260911,0.3297521831729069,0.3297521831729069,0,0
annual_quarter_half,2538,2021-07-09,2021-07-19,-0.0048254045313779,2021,2021-06-30,learned_vol_interaction,20260912,0.516603441661855,0.516603441661855,1,0
annual_quarter_half,2538,2021-07-09,2021-07-19,-0.0048254045313779,2021,2021-06-30,native_mse,20260910,0.0022855171943955118,,1,0
annual_quarter_half,2538,2021-07-09,2021-07-19,-0.0048254045313779,2021,2021-06-30,native_mse,20260911,-0.009844512480825348,,0,0
annual_quarter_half,2538,2021-07-09,2021-07-19,-0.0048254045313779,2021,2021-06-30,native_mse,20260912,0.0008075574776211158,,1,0
annual_quarter_half,2538,2021-07-09,2021-07-19,-0.0048254045313779,2021,2021-06-30,training_frequency,-1,0.5557373919210102,0.5557373919210102,1,0
annual_quarter_half,2543,2021-07-16,2021-07-26,-0.0032299118953994,2021,2021-06-30,learned_market,20260910,0.45973020314289104,0.45973020314289104,0,0
annual_quarter_half,2543,2021-07-16,2021-07-26,-0.0032299118953994,2021,2021-06-30,learned_market,20260911,0.3569124255534537,0.3569124255534537,0,0
annual_quarter_half,2543,2021-07-16,2021-07-26,-0.0032299118953994,2021,2021-06-30,learned_market,20260912,0.48641288771166197,0.48641288771166197,0,0
annual_quarter_half,2543,2021-07-16,2021-07-26,-0.0032299118953994,2021,2021-06-30,learned_order_extension,20260910,0.4375616019165234,0.4375616019165234,0,0
annual_quarter_half,2543,2021-07-16,2021-07-26,-0.0032299118953994,2021,2021-06-30,learned_order_extension,20260911,0.290764770950717,0.290764770950717,0,0
annual_quarter_half,2543,2021-07-16,2021-07-26,-0.0032299118953994,2021,2021-06-30,learned_order_extension,20260912,0.4523849143867703,0.4523849143867703,0,0
annual_quarter_half,2543,2021-07-16,2021-07-26,-0.0032299118953994,2021,2021-06-30,learned_order_offset,20260910,0.4362556894835211,0.4362556894835211,0,0
annual_quarter_half,2543,2021-07-16,2021-07-26,-0.0032299118953994,2021,2021-06-30,learned_order_offset,20260911,0.2920552962582182,0.2920552962582182,0,0
annual_quarter_half,2543,2021-07-16,2021-07-26,-0.0032299118953994,2021,2021-06-30,learned_order_offset,20260912,0.45241501764475783,0.45241501764475783,0,0
annual_quarter_half,2543,2021-07-16,2021-07-26,-0.0032299118953994,2021,2021-06-30,learned_vol_interaction,20260910,0.43604565130942247,0.43604565130942247,0,0
annual_quarter_half,2543,2021-07-16,2021-07-26,-0.0032299118953994,2021,2021-06-30,learned_vol_interaction,20260911,0.3613936890694184,0.3613936890694184,0,0
annual_quarter_half,2543,2021-07-16,2021-07-26,-0.0032299118953994,2021,2021-06-30,learned_vol_interaction,20260912,0.4847957886779487,0.4847957886779487,0,0
annual_quarter_half,2543,2021-07-16,2021-07-26,-0.0032299118953994,2021,2021-06-30,native_mse,20260910,0.001233330487367512,,1,0
annual_quarter_half,2543,2021-07-16,2021-07-26,-0.0032299118953994,2021,2021-06-30,native_mse,20260911,-0.005482575983735899,,0,0
annual_quarter_half,2543,2021-07-16,2021-07-26,-0.0032299118953994,2021,2021-06-30,native_mse,20260912,0.0014629276690377268,,1,0
annual_quarter_half,2543,2021-07-16,2021-07-26,-0.0032299118953994,2021,2021-06-30,training_frequency,-1,0.5557373919210102,0.5557373919210102,1,0
annual_quarter_half,2548,2021-07-23,2021-08-02,-0.0537740931579083,2021,2021-06-30,learned_market,20260910,0.4186355346458229,0.4186355346458229,0,0
annual_quarter_half,2548,2021-07-23,2021-08-02,-0.0537740931579083,2021,2021-06-30,learned_market,20260911,0.42547014728123395,0.42547014728123395,0,0
annual_quarter_half,2548,2021-07-23,2021-08-02,-0.0537740931579083,2021,2021-06-30,learned_market,20260912,0.5618374967006154,0.5618374967006154,1,0
annual_quarter_half,2548,2021-07-23,2021-08-02,-0.0537740931579083,2021,2021-06-30,learned_order_extension,20260910,0.38359947810772244,0.38359947810772244,0,0
annual_quarter_half,2548,2021-07-23,2021-08-02,-0.0537740931579083,2021,2021-06-30,learned_order_extension,20260911,0.39356643662343915,0.39356643662343915,0,0
annual_quarter_half,2548,2021-07-23,2021-08-02,-0.0537740931579083,2021,2021-06-30,learned_order_extension,20260912,0.5744788619955605,0.5744788619955605,1,0
annual_quarter_half,2548,2021-07-23,2021-08-02,-0.0537740931579083,2021,2021-06-30,learned_order_offset,20260910,0.3839278019435989,0.3839278019435989,0,0
annual_quarter_half,2548,2021-07-23,2021-08-02,-0.0537740931579083,2021,2021-06-30,learned_order_offset,20260911,0.39231085055052056,0.39231085055052056,0,0
annual_quarter_half,2548,2021-07-23,2021-08-02,-0.0537740931579083,2021,2021-06-30,learned_order_offset,20260912,0.5747707486372988,0.5747707486372988,1,0
annual_quarter_half,2548,2021-07-23,2021-08-02,-0.0537740931579083,2021,2021-06-30,learned_vol_interaction,20260910,0.40808497505002805,0.40808497505002805,0,0
annual_quarter_half,2548,2021-07-23,2021-08-02,-0.0537740931579083,2021,2021-06-30,learned_vol_interaction,20260911,0.4392121694214717,0.4392121694214717,0,0
annual_quarter_half,2548,2021-07-23,2021-08-02,-0.0537740931579083,2021,2021-06-30,learned_vol_interaction,20260912,0.5645074341830346,0.5645074341830346,1,0
annual_quarter_half,2548,2021-07-23,2021-08-02,-0.0537740931579083,2021,2021-06-30,native_mse,20260910,-0.00016001779022096,,0,0
annual_quarter_half,2548,2021-07-23,2021-08-02,-0.0537740931579083,2021,2021-06-30,native_mse,20260911,-0.004152382608594825,,0,0
annual_quarter_half,2548,2021-07-23,2021-08-02,-0.0537740931579083,2021,2021-06-30,native_mse,20260912,0.0012551878387388302,,1,0
annual_quarter_half,2548,2021-07-23,2021-08-02,-0.0537740931579083,2021,2021-06-30,training_frequency,-1,0.5557373919210102,0.5557373919210102,1,0
annual_quarter_half,2553,2021-07-30,2021-08-09,0.019904813945049,2021,2021-06-30,learned_market,20260910,0.4592388776407992,0.4592388776407992,0,1
annual_quarter_half,2553,2021-07-30,2021-08-09,0.019904813945049,2021,2021-06-30,learned_market,20260911,0.5215504264111008,0.5215504264111008,1,1
annual_quarter_half,2553,2021-07-30,2021-08-09,0.019904813945049,2021,2021-06-30,learned_market,20260912,0.5652122414829919,0.5652122414829919,1,1
annual_quarter_half,2553,2021-07-30,2021-08-09,0.019904813945049,2021,2021-06-30,learned_order_extension,20260910,0.45857278309011873,0.45857278309011873,0,1
annual_quarter_half,2553,2021-07-30,2021-08-09,0.019904813945049,2021,2021-06-30,learned_order_extension,20260911,0.4993836948430429,0.4993836948430429,0,1
annual_quarter_half,2553,2021-07-30,2021-08-09,0.019904813945049,2021,2021-06-30,learned_order_extension,20260912,0.5958440897691685,0.5958440897691685,1,1
annual_quarter_half,2553,2021-07-30,2021-08-09,0.019904813945049,2021,2021-06-30,learned_order_offset,20260910,0.46082486069911055,0.46082486069911055,0,1
annual_quarter_half,2553,2021-07-30,2021-08-09,0.019904813945049,2021,2021-06-30,learned_order_offset,20260911,0.4956542901736692,0.4956542901736692,0,1
annual_quarter_half,2553,2021-07-30,2021-08-09,0.019904813945049,2021,2021-06-30,learned_order_offset,20260912,0.5954116295518318,0.5954116295518318,1,1
annual_quarter_half,2553,2021-07-30,2021-08-09,0.019904813945049,2021,2021-06-30,learned_vol_interaction,20260910,0.46858346340297324,0.46858346340297324,0,1
annual_quarter_half,2553,2021-07-30,2021-08-09,0.019904813945049,2021,2021-06-30,learned_vol_interaction,20260911,0.538125533462456,0.538125533462456,1,1
annual_quarter_half,2553,2021-07-30,2021-08-09,0.019904813945049,2021,2021-06-30,learned_vol_interaction,20260912,0.5696331564240178,0.5696331564240178,1,1
annual_quarter_half,2553,2021-07-30,2021-08-09,0.019904813945049,2021,2021-06-30,native_mse,20260910,0.00024991784851712646,,1,1
annual_quarter_half,2553,2021-07-30,2021-08-09,0.019904813945049,2021,2021-06-30,native_mse,20260911,-0.00046880666579522776,,0,1
annual_quarter_half,2553,2021-07-30,2021-08-09,0.019904813945049,2021,2021-06-30,native_mse,20260912,0.002087547367766076,,1,1
annual_quarter_half,2553,2021-07-30,2021-08-09,0.019904813945049,2021,2021-06-30,training_frequency,-1,0.5557373919210102,0.5557373919210102,1,1
annual_quarter_half,2558,2021-08-06,2021-08-16,0.0093369268709639,2021,2021-06-30,learned_market,20260910,0.4445593991565473,0.4445593991565473,0,1
annual_quarter_half,2558,2021-08-06,2021-08-16,0.0093369268709639,2021,2021-06-30,learned_market,20260911,0.6022022008815111,0.6022022008815111,1,1
annual_quarter_half,2558,2021-08-06,2021-08-16,0.0093369268709639,2021,2021-06-30,learned_market,20260912,0.6262550176625358,0.6262550176625358,1,1
annual_quarter_half,2558,2021-08-06,2021-08-16,0.0093369268709639,2021,2021-06-30,learned_order_extension,20260910,0.43396503267987496,0.43396503267987496,0,1
annual_quarter_half,2558,2021-08-06,2021-08-16,0.0093369268709639,2021,2021-06-30,learned_order_extension,20260911,0.5849864737339208,0.5849864737339208,1,1
annual_quarter_half,2558,2021-08-06,2021-08-16,0.0093369268709639,2021,2021-06-30,learned_order_extension,20260912,0.6752261403244826,0.6752261403244826,1,1
annual_quarter_half,2558,2021-08-06,2021-08-16,0.0093369268709639,2021,2021-06-30,learned_order_offset,20260910,0.4352557505927034,0.4352557505927034,0,1
annual_quarter_half,2558,2021-08-06,2021-08-16,0.0093369268709639,2021,2021-06-30,learned_order_offset,20260911,0.582376491417723,0.582376491417723,1,1
annual_quarter_half,2558,2021-08-06,2021-08-16,0.0093369268709639,2021,2021-06-30,learned_order_offset,20260912,0.6745084593974735,0.6745084593974735,1,1
annual_quarter_half,2558,2021-08-06,2021-08-16,0.0093369268709639,2021,2021-06-30,learned_vol_interaction,20260910,0.4572400266920143,0.4572400266920143,0,1
annual_quarter_half,2558,2021-08-06,2021-08-16,0.0093369268709639,2021,2021-06-30,learned_vol_interaction,20260911,0.6000415142884064,0.6000415142884064,1,1
annual_quarter_half,2558,2021-08-06,2021-08-16,0.0093369268709639,2021,2021-06-30,learned_vol_interaction,20260912,0.6336482778647455,0.6336482778647455,1,1
annual_quarter_half,2558,2021-08-06,2021-08-16,0.0093369268709639,2021,2021-06-30,native_mse,20260910,-0.00039845264464327267,,0,1
annual_quarter_half,2558,2021-08-06,2021-08-16,0.0093369268709639,2021,2021-06-30,native_mse,20260911,0.0023052216830441955,,1,1
annual_quarter_half,2558,2021-08-06,2021-08-16,0.0093369268709639,2021,2021-06-30,native_mse,20260912,0.002783167993710917,,1,1
annual_quarter_half,2558,2021-08-06,2021-08-16,0.0093369268709639,2021,2021-06-30,training_frequency,-1,0.5557373919210102,0.5557373919210102,1,1
annual_quarter_half,2563,2021-08-13,2021-08-23,-0.032048736608373,2021,2021-06-30,learned_market,20260910,0.5588958860129017,0.5588958860129017,1,0
annual_quarter_half,2563,2021-08-13,2021-08-23,-0.032048736608373,2021,2021-06-30,learned_market,20260911,0.5242728684150225,0.5242728684150225,1,0
annual_quarter_half,2563,2021-08-13,2021-08-23,-0.032048736608373,2021,2021-06-30,learned_market,20260912,0.739624791368332,0.739624791368332,1,0
annual_quarter_half,2563,2021-08-13,2021-08-23,-0.032048736608373,2021,2021-06-30,learned_order_extension,20260910,0.6102608739593203,0.6102608739593203,1,0
annual_quarter_half,2563,2021-08-13,2021-08-23,-0.032048736608373,2021,2021-06-30,learned_order_extension,20260911,0.5176527074740561,0.5176527074740561,1,0
annual_quarter_half,2563,2021-08-13,2021-08-23,-0.032048736608373,2021,2021-06-30,learned_order_extension,20260912,0.764389432286785,0.764389432286785,1,0
annual_quarter_half,2563,2021-08-13,2021-08-23,-0.032048736608373,2021,2021-06-30,learned_order_offset,20260910,0.6097493573779377,0.6097493573779377,1,0
annual_quarter_half,2563,2021-08-13,2021-08-23,-0.032048736608373,2021,2021-06-30,learned_order_offset,20260911,0.5155160575767527,0.5155160575767527,1,0
annual_quarter_half,2563,2021-08-13,2021-08-23,-0.032048736608373,2021,2021-06-30,learned_order_offset,20260912,0.7637444709447252,0.7637444709447252,1,0
annual_quarter_half,2563,2021-08-13,2021-08-23,-0.032048736608373,2021,2021-06-30,learned_vol_interaction,20260910,0.6047388814918706,0.6047388814918706,1,0
annual_quarter_half,2563,2021-08-13,2021-08-23,-0.032048736608373,2021,2021-06-30,learned_vol_interaction,20260911,0.5436048337069925,0.5436048337069925,1,0
annual_quarter_half,2563,2021-08-13,2021-08-23,-0.032048736608373,2021,2021-06-30,learned_vol_interaction,20260912,0.7425920097258311,0.7425920097258311,1,0
annual_quarter_half,2563,2021-08-13,2021-08-23,-0.032048736608373,2021,2021-06-30,native_mse,20260910,0.004359381925640341,,1,0
annual_quarter_half,2563,2021-08-13,2021-08-23,-0.032048736608373,2021,2021-06-30,native_mse,20260911,-0.0043906434834303084,,0,0
annual_quarter_half,2563,2021-08-13,2021-08-23,-0.032048736608373,2021,2021-06-30,native_mse,20260912,0.0031314361252523207,,1,0
annual_quarter_half,2563,2021-08-13,2021-08-23,-0.032048736608373,2021,2021-06-30,training_frequency,-1,0.5557373919210102,0.5557373919210102,1,0
annual_quarter_half,2568,2021-08-20,2021-08-30,0.0145047962107527,2021,2021-06-30,learned_market,20260910,0.6460436100289401,0.6460436100289401,1,1
annual_quarter_half,2568,2021-08-20,2021-08-30,0.0145047962107527,2021,2021-06-30,learned_market,20260911,0.5274474498195117,0.5274474498195117,1,1
annual_quarter_half,2568,2021-08-20,2021-08-30,0.0145047962107527,2021,2021-06-30,learned_market,20260912,0.6624420299121537,0.6624420299121537,1,1
annual_quarter_half,2568,2021-08-20,2021-08-30,0.0145047962107527,2021,2021-06-30,learned_order_extension,20260910,0.6778684668074406,0.6778684668074406,1,1
annual_quarter_half,2568,2021-08-20,2021-08-30,0.0145047962107527,2021,2021-06-30,learned_order_extension,20260911,0.5001717611639751,0.5001717611639751,1,1
annual_quarter_half,2568,2021-08-20,2021-08-30,0.0145047962107527,2021,2021-06-30,learned_order_extension,20260912,0.6686058135069203,0.6686058135069203,1,1
annual_quarter_half,2568,2021-08-20,2021-08-30,0.0145047962107527,2021,2021-06-30,learned_order_offset,20260910,0.6768338310591524,0.6768338310591524,1,1
annual_quarter_half,2568,2021-08-20,2021-08-30,0.0145047962107527,2021,2021-06-30,learned_order_offset,20260911,0.49829004982819747,0.49829004982819747,0,1
annual_quarter_half,2568,2021-08-20,2021-08-30,0.0145047962107527,2021,2021-06-30,learned_order_offset,20260912,0.6680327822178662,0.6680327822178662,1,1
annual_quarter_half,2568,2021-08-20,2021-08-30,0.0145047962107527,2021,2021-06-30,learned_vol_interaction,20260910,0.675090283459796,0.675090283459796,1,1
annual_quarter_half,2568,2021-08-20,2021-08-30,0.0145047962107527,2021,2021-06-30,learned_vol_interaction,20260911,0.522700350680513,0.522700350680513,1,1
annual_quarter_half,2568,2021-08-20,2021-08-30,0.0145047962107527,2021,2021-06-30,learned_vol_interaction,20260912,0.6651037135981703,0.6651037135981703,1,1
annual_quarter_half,2568,2021-08-20,2021-08-30,0.0145047962107527,2021,2021-06-30,native_mse,20260910,0.005245199352534919,,1,1
annual_quarter_half,2568,2021-08-20,2021-08-30,0.0145047962107527,2021,2021-06-30,native_mse,20260911,-0.0010866920764028,,0,1
annual_quarter_half,2568,2021-08-20,2021-08-30,0.0145047962107527,2021,2021-06-30,native_mse,20260912,0.00253295037864496,,1,1
annual_quarter_half,2568,2021-08-20,2021-08-30,0.0145047962107527,2021,2021-06-30,training_frequency,-1,0.5557373919210102,0.5557373919210102,1,1
annual_quarter_half,2573,2021-08-27,2021-09-06,-0.0012316820816045,2021,2021-06-30,learned_market,20260910,0.6120070273328748,0.6120070273328748,1,0
annual_quarter_half,2573,2021-08-27,2021-09-06,-0.0012316820816045,2021,2021-06-30,learned_market,20260911,0.7389174736140595,0.7389174736140595,1,0
annual_quarter_half,2573,2021-08-27,2021-09-06,-0.0012316820816045,2021,2021-06-30,learned_market,20260912,0.6949601222965449,0.6949601222965449,1,0
annual_quarter_half,2573,2021-08-27,2021-09-06,-0.0012316820816045,2021,2021-06-30,learned_order_extension,20260910,0.6537622237655355,0.6537622237655355,1,0
annual_quarter_half,2573,2021-08-27,2021-09-06,-0.0012316820816045,2021,2021-06-30,learned_order_extension,20260911,0.7522365472541872,0.7522365472541872,1,0
annual_quarter_half,2573,2021-08-27,2021-09-06,-0.0012316820816045,2021,2021-06-30,learned_order_extension,20260912,0.7265771237702212,0.7265771237702212,1,0
annual_quarter_half,2573,2021-08-27,2021-09-06,-0.0012316820816045,2021,2021-06-30,learned_order_offset,20260910,0.6521944398104639,0.6521944398104639,1,0
annual_quarter_half,2573,2021-08-27,2021-09-06,-0.0012316820816045,2021,2021-06-30,learned_order_offset,20260911,0.747612907871035,0.747612907871035,1,0
annual_quarter_half,2573,2021-08-27,2021-09-06,-0.0012316820816045,2021,2021-06-30,learned_order_offset,20260912,0.7260728816236468,0.7260728816236468,1,0
annual_quarter_half,2573,2021-08-27,2021-09-06,-0.0012316820816045,2021,2021-06-30,learned_vol_interaction,20260910,0.6380168030682497,0.6380168030682497,1,0
annual_quarter_half,2573,2021-08-27,2021-09-06,-0.0012316820816045,2021,2021-06-30,learned_vol_interaction,20260911,0.7458927716300028,0.7458927716300028,1,0
annual_quarter_half,2573,2021-08-27,2021-09-06,-0.0012316820816045,2021,2021-06-30,learned_vol_interaction,20260912,0.6991006571822281,0.6991006571822281,1,0
annual_quarter_half,2573,2021-08-27,2021-09-06,-0.0012316820816045,2021,2021-06-30,native_mse,20260910,0.00665273540351728,,1,0
annual_quarter_half,2573,2021-08-27,2021-09-06,-0.0012316820816045,2021,2021-06-30,native_mse,20260911,0.013154327915372261,,1,0
annual_quarter_half,2573,2021-08-27,2021-09-06,-0.0012316820816045,2021,2021-06-30,native_mse,20260912,0.003192398696625566,,1,0
annual_quarter_half,2573,2021-08-27,2021-09-06,-0.0012316820816045,2021,2021-06-30,training_frequency,-1,0.5557373919210102,0.5557373919210102,1,0
annual_quarter_half,2578,2021-09-03,2021-09-13,0.0342301066295398,2021,2021-06-30,learned_market,20260910,0.712723226828225,0.712723226828225,1,1
annual_quarter_half,2578,2021-09-03,2021-09-13,0.0342301066295398,2021,2021-06-30,learned_market,20260911,0.49086992651742156,0.49086992651742156,0,1
annual_quarter_half,2578,2021-09-03,2021-09-13,0.0342301066295398,2021,2021-06-30,learned_market,20260912,0.5949847571181295,0.5949847571181295,1,1
annual_quarter_half,2578,2021-09-03,2021-09-13,0.0342301066295398,2021,2021-06-30,learned_order_extension,20260910,0.7467448371193478,0.7467448371193478,1,1
annual_quarter_half,2578,2021-09-03,2021-09-13,0.0342301066295398,2021,2021-06-30,learned_order_extension,20260911,0.47523479263083673,0.47523479263083673,0,1
annual_quarter_half,2578,2021-09-03,2021-09-13,0.0342301066295398,2021,2021-06-30,learned_order_extension,20260912,0.6027770485441846,0.6027770485441846,1,1
annual_quarter_half,2578,2021-09-03,2021-09-13,0.0342301066295398,2021,2021-06-30,learned_order_offset,20260910,0.7456893321925915,0.7456893321925915,1,1
annual_quarter_half,2578,2021-09-03,2021-09-13,0.0342301066295398,2021,2021-06-30,learned_order_offset,20260911,0.4735957223269618,0.4735957223269618,0,1
annual_quarter_half,2578,2021-09-03,2021-09-13,0.0342301066295398,2021,2021-06-30,learned_order_offset,20260912,0.6013893083490445,0.6013893083490445,1,1
annual_quarter_half,2578,2021-09-03,2021-09-13,0.0342301066295398,2021,2021-06-30,learned_vol_interaction,20260910,0.7226503450766188,0.7226503450766188,1,1
annual_quarter_half,2578,2021-09-03,2021-09-13,0.0342301066295398,2021,2021-06-30,learned_vol_interaction,20260911,0.4927772859063334,0.4927772859063334,0,1
annual_quarter_half,2578,2021-09-03,2021-09-13,0.0342301066295398,2021,2021-06-30,learned_vol_interaction,20260912,0.5970008873511036,0.5970008873511036,1,1
annual_quarter_half,2578,2021-09-03,2021-09-13,0.0342301066295398,2021,2021-06-30,native_mse,20260910,0.008747623649274033,,1,1
annual_quarter_half,2578,2021-09-03,2021-09-13,0.0342301066295398,2021,2021-06-30,native_mse,20260911,0.0003026664171961119,,1,1
annual_quarter_half,2578,2021-09-03,2021-09-13,0.0342301066295398,2021,2021-06-30,native_mse,20260912,0.0033029265156465995,,1,1
annual_quarter_half,2578,2021-09-03,2021-09-13,0.0342301066295398,2021,2021-06-30,training_frequency,-1,0.5557373919210102,0.5557373919210102,1,1
annual_quarter_half,2583,2021-09-10,2021-09-22,-0.0471441667981554,2021,2021-06-30,learned_market,20260910,0.6862087512234656,0.6862087512234656,1,0
annual_quarter_half,2583,2021-09-10,2021-09-22,-0.0471441667981554,2021,2021-06-30,learned_market,20260911,0.6640984155825118,0.6640984155825118,1,0
annual_quarter_half,2583,2021-09-10,2021-09-22,-0.0471441667981554,2021,2021-06-30,learned_market,20260912,0.5156285672749968,0.5156285672749968,1,0
annual_quarter_half,2583,2021-09-10,2021-09-22,-0.0471441667981554,2021,2021-06-30,learned_order_extension,20260910,0.7192277367844413,0.7192277367844413,1,0
annual_quarter_half,2583,2021-09-10,2021-09-22,-0.0471441667981554,2021,2021-06-30,learned_order_extension,20260911,0.6817236972495664,0.6817236972495664,1,0
annual_quarter_half,2583,2021-09-10,2021-09-22,-0.0471441667981554,2021,2021-06-30,learned_order_extension,20260912,0.487364180567783,0.487364180567783,0,0
annual_quarter_half,2583,2021-09-10,2021-09-22,-0.0471441667981554,2021,2021-06-30,learned_order_offset,20260910,0.7180537701276074,0.7180537701276074,1,0
annual_quarter_half,2583,2021-09-10,2021-09-22,-0.0471441667981554,2021,2021-06-30,learned_order_offset,20260911,0.6776023279949284,0.6776023279949284,1,0
annual_quarter_half,2583,2021-09-10,2021-09-22,-0.0471441667981554,2021,2021-06-30,learned_order_offset,20260912,0.4873801312393531,0.4873801312393531,0,0
annual_quarter_half,2583,2021-09-10,2021-09-22,-0.0471441667981554,2021,2021-06-30,learned_vol_interaction,20260910,0.6860195058421501,0.6860195058421501,1,0
annual_quarter_half,2583,2021-09-10,2021-09-22,-0.0471441667981554,2021,2021-06-30,learned_vol_interaction,20260911,0.6590722462212346,0.6590722462212346,1,0
annual_quarter_half,2583,2021-09-10,2021-09-22,-0.0471441667981554,2021,2021-06-30,learned_vol_interaction,20260912,0.5152538817715406,0.5152538817715406,1,0
annual_quarter_half,2583,2021-09-10,2021-09-22,-0.0471441667981554,2021,2021-06-30,native_mse,20260910,0.00897622160525398,,1,0
annual_quarter_half,2583,2021-09-10,2021-09-22,-0.0471441667981554,2021,2021-06-30,native_mse,20260911,0.008537336668584432,,1,0
annual_quarter_half,2583,2021-09-10,2021-09-22,-0.0471441667981554,2021,2021-06-30,native_mse,20260912,0.0015661886667441235,,1,0
annual_quarter_half,2583,2021-09-10,2021-09-22,-0.0471441667981554,2021,2021-06-30,training_frequency,-1,0.5557373919210102,0.5557373919210102,1,0
annual_quarter_half,2588,2021-09-17,2021-09-28,0.0209863060789441,2021,2021-06-30,learned_market,20260910,0.646984826563245,0.646984826563245,1,1
annual_quarter_half,2588,2021-09-17,2021-09-28,0.0209863060789441,2021,2021-06-30,learned_market,20260911,0.7528729005456067,0.7528729005456067,1,1
annual_quarter_half,2588,2021-09-17,2021-09-28,0.0209863060789441,2021,2021-06-30,learned_market,20260912,0.5388101769767483,0.5388101769767483,1,1
annual_quarter_half,2588,2021-09-17,2021-09-28,0.0209863060789441,2021,2021-06-30,learned_order_extension,20260910,0.6692589747941105,0.6692589747941105,1,1
annual_quarter_half,2588,2021-09-17,2021-09-28,0.0209863060789441,2021,2021-06-30,learned_order_extension,20260911,0.7931659089591561,0.7931659089591561,1,1
annual_quarter_half,2588,2021-09-17,2021-09-28,0.0209863060789441,2021,2021-06-30,learned_order_extension,20260912,0.5312657497019162,0.5312657497019162,1,1
annual_quarter_half,2588,2021-09-17,2021-09-28,0.0209863060789441,2021,2021-06-30,learned_order_offset,20260910,0.6685941312964415,0.6685941312964415,1,1
annual_quarter_half,2588,2021-09-17,2021-09-28,0.0209863060789441,2021,2021-06-30,learned_order_offset,20260911,0.7890464920967787,0.7890464920967787,1,1
annual_quarter_half,2588,2021-09-17,2021-09-28,0.0209863060789441,2021,2021-06-30,learned_order_offset,20260912,0.5313723408261108,0.5313723408261108,1,1
annual_quarter_half,2588,2021-09-17,2021-09-28,0.0209863060789441,2021,2021-06-30,learned_vol_interaction,20260910,0.6599407682415532,0.6599407682415532,1,1
annual_quarter_half,2588,2021-09-17,2021-09-28,0.0209863060789441,2021,2021-06-30,learned_vol_interaction,20260911,0.7507709465283383,0.7507709465283383,1,1
annual_quarter_half,2588,2021-09-17,2021-09-28,0.0209863060789441,2021,2021-06-30,learned_vol_interaction,20260912,0.5412628706295186,0.5412628706295186,1,1
annual_quarter_half,2588,2021-09-17,2021-09-28,0.0209863060789441,2021,2021-06-30,native_mse,20260910,0.006627248018558479,,1,1
annual_quarter_half,2588,2021-09-17,2021-09-28,0.0209863060789441,2021,2021-06-30,native_mse,20260911,0.014084434281813739,,1,1
annual_quarter_half,2588,2021-09-17,2021-09-28,0.0209863060789441,2021,2021-06-30,native_mse,20260912,0.0024045455727328196,,1,1
annual_quarter_half,2588,2021-09-17,2021-09-28,0.0209863060789441,2021,2021-06-30,training_frequency,-1,0.5557373919210102,0.5557373919210102,1,1
annual_quarter_half,2591,2021-09-24,2021-10-11,0.0144615416200457,2021,2021-06-30,learned_market,20260910,0.6981884504481883,0.6981884504481883,1,1
annual_quarter_half,2591,2021-09-24,2021-10-11,0.0144615416200457,2021,2021-06-30,learned_market,20260911,0.5545641507328035,0.5545641507328035,1,1
annual_quarter_half,2591,2021-09-24,2021-10-11,0.0144615416200457,2021,2021-06-30,learned_market,20260912,0.476481907728765,0.476481907728765,0,1
annual_quarter_half,2591,2021-09-24,2021-10-11,0.0144615416200457,2021,2021-06-30,learned_order_extension,20260910,0.7489519028648776,0.7489519028648776,1,1
annual_quarter_half,2591,2021-09-24,2021-10-11,0.0144615416200457,2021,2021-06-30,learned_order_extension,20260911,0.5289212840503512,0.5289212840503512,1,1
annual_quarter_half,2591,2021-09-24,2021-10-11,0.0144615416200457,2021,2021-06-30,learned_order_extension,20260912,0.44124189209356357,0.44124189209356357,0,1
annual_quarter_half,2591,2021-09-24,2021-10-11,0.0144615416200457,2021,2021-06-30,learned_order_offset,20260910,0.7464041085414117,0.7464041085414117,1,1
annual_quarter_half,2591,2021-09-24,2021-10-11,0.0144615416200457,2021,2021-06-30,learned_order_offset,20260911,0.5285874326302012,0.5285874326302012,1,1
annual_quarter_half,2591,2021-09-24,2021-10-11,0.0144615416200457,2021,2021-06-30,learned_order_offset,20260912,0.4422717108290203,0.4422717108290203,0,1
annual_quarter_half,2591,2021-09-24,2021-10-11,0.0144615416200457,2021,2021-06-30,learned_vol_interaction,20260910,0.7143331927749714,0.7143331927749714,1,1
annual_quarter_half,2591,2021-09-24,2021-10-11,0.0144615416200457,2021,2021-06-30,learned_vol_interaction,20260911,0.5451994241011262,0.5451994241011262,1,1
annual_quarter_half,2591,2021-09-24,2021-10-11,0.0144615416200457,2021,2021-06-30,learned_vol_interaction,20260912,0.47600445877456243,0.47600445877456243,0,1
annual_quarter_half,2591,2021-09-24,2021-10-11,0.0144615416200457,2021,2021-06-30,native_mse,20260910,0.008494335629474747,,1,1
annual_quarter_half,2591,2021-09-24,2021-10-11,0.0144615416200457,2021,2021-06-30,native_mse,20260911,-4.47877547869349e-05,,0,1
annual_quarter_half,2591,2021-09-24,2021-10-11,0.0144615416200457,2021,2021-06-30,native_mse,20260912,0.002073980128597419,,1,1
annual_quarter_half,2591,2021-09-24,2021-10-11,0.0144615416200457,2021,2021-06-30,training_frequency,-1,0.5557373919210102,0.5557373919210102,1,1
annual_quarter_half,2596,2021-10-08,2021-10-18,-0.0038006269617851,2021,2021-09-30,learned_market,20260910,0.6315588354009063,0.6315588354009063,1,0
annual_quarter_half,2596,2021-10-08,2021-10-18,-0.0038006269617851,2021,2021-09-30,learned_market,20260911,0.7658554627892667,0.7658554627892667,1,0
annual_quarter_half,2596,2021-10-08,2021-10-18,-0.0038006269617851,2021,2021-09-30,learned_market,20260912,0.6753761565873253,0.6753761565873253,1,0
annual_quarter_half,2596,2021-10-08,2021-10-18,-0.0038006269617851,2021,2021-09-30,learned_order_extension,20260910,0.6614604694050922,0.6614604694050922,1,0
annual_quarter_half,2596,2021-10-08,2021-10-18,-0.0038006269617851,2021,2021-09-30,learned_order_extension,20260911,0.7929892255163802,0.7929892255163802,1,0
annual_quarter_half,2596,2021-10-08,2021-10-18,-0.0038006269617851,2021,2021-09-30,learned_order_extension,20260912,0.6805477462965546,0.6805477462965546,1,0
annual_quarter_half,2596,2021-10-08,2021-10-18,-0.0038006269617851,2021,2021-09-30,learned_order_offset,20260910,0.6617777983724331,0.6617777983724331,1,0
annual_quarter_half,2596,2021-10-08,2021-10-18,-0.0038006269617851,2021,2021-09-30,learned_order_offset,20260911,0.7932198064825504,0.7932198064825504,1,0
annual_quarter_half,2596,2021-10-08,2021-10-18,-0.0038006269617851,2021,2021-09-30,learned_order_offset,20260912,0.6802532617420152,0.6802532617420152,1,0
annual_quarter_half,2596,2021-10-08,2021-10-18,-0.0038006269617851,2021,2021-09-30,learned_vol_interaction,20260910,0.6456475726908558,0.6456475726908558,1,0
annual_quarter_half,2596,2021-10-08,2021-10-18,-0.0038006269617851,2021,2021-09-30,learned_vol_interaction,20260911,0.7598544285452595,0.7598544285452595,1,0
annual_quarter_half,2596,2021-10-08,2021-10-18,-0.0038006269617851,2021,2021-09-30,learned_vol_interaction,20260912,0.6793755832873011,0.6793755832873011,1,0
annual_quarter_half,2596,2021-10-08,2021-10-18,-0.0038006269617851,2021,2021-09-30,native_mse,20260910,0.00420422827448577,,1,0
annual_quarter_half,2596,2021-10-08,2021-10-18,-0.0038006269617851,2021,2021-09-30,native_mse,20260911,0.005971202987384827,,1,0
annual_quarter_half,2596,2021-10-08,2021-10-18,-0.0038006269617851,2021,2021-09-30,native_mse,20260912,0.0031212641217965315,,1,0
annual_quarter_half,2596,2021-10-08,2021-10-18,-0.0038006269617851,2021,2021-09-30,training_frequency,-1,0.5544977224995227,0.5544977224995227,1,0
annual_quarter_half,2601,2021-10-15,2021-10-25,0.0037358989621147,2021,2021-09-30,learned_market,20260910,0.6635046641589288,0.6635046641589288,1,1
annual_quarter_half,2601,2021-10-15,2021-10-25,0.0037358989621147,2021,2021-09-30,learned_market,20260911,0.5939240176799541,0.5939240176799541,1,1
annual_quarter_half,2601,2021-10-15,2021-10-25,0.0037358989621147,2021,2021-09-30,learned_market,20260912,0.5429760121852956,0.5429760121852956,1,1
annual_quarter_half,2601,2021-10-15,2021-10-25,0.0037358989621147,2021,2021-09-30,learned_order_extension,20260910,0.708377599793801,0.708377599793801,1,1
annual_quarter_half,2601,2021-10-15,2021-10-25,0.0037358989621147,2021,2021-09-30,learned_order_extension,20260911,0.6014062537270812,0.6014062537270812,1,1
annual_quarter_half,2601,2021-10-15,2021-10-25,0.0037358989621147,2021,2021-09-30,learned_order_extension,20260912,0.5247701064109926,0.5247701064109926,1,1
annual_quarter_half,2601,2021-10-15,2021-10-25,0.0037358989621147,2021,2021-09-30,learned_order_offset,20260910,0.7079950471509612,0.7079950471509612,1,1
annual_quarter_half,2601,2021-10-15,2021-10-25,0.0037358989621147,2021,2021-09-30,learned_order_offset,20260911,0.6046038070040001,0.6046038070040001,1,1
annual_quarter_half,2601,2021-10-15,2021-10-25,0.0037358989621147,2021,2021-09-30,learned_order_offset,20260912,0.5246177498287921,0.5246177498287921,1,1
annual_quarter_half,2601,2021-10-15,2021-10-25,0.0037358989621147,2021,2021-09-30,learned_vol_interaction,20260910,0.6974574756994292,0.6974574756994292,1,1
annual_quarter_half,2601,2021-10-15,2021-10-25,0.0037358989621147,2021,2021-09-30,learned_vol_interaction,20260911,0.6037030547661199,0.6037030547661199,1,1
annual_quarter_half,2601,2021-10-15,2021-10-25,0.0037358989621147,2021,2021-09-30,learned_vol_interaction,20260912,0.5354838304813514,0.5354838304813514,1,1
annual_quarter_half,2601,2021-10-15,2021-10-25,0.0037358989621147,2021,2021-09-30,native_mse,20260910,0.003942723842076724,,1,1
annual_quarter_half,2601,2021-10-15,2021-10-25,0.0037358989621147,2021,2021-09-30,native_mse,20260911,-0.0025997685343044615,,0,1
annual_quarter_half,2601,2021-10-15,2021-10-25,0.0037358989621147,2021,2021-09-30,native_mse,20260912,0.002332771636657606,,1,1
annual_quarter_half,2601,2021-10-15,2021-10-25,0.0037358989621147,2021,2021-09-30,training_frequency,-1,0.5544977224995227,0.5544977224995227,1,1
annual_quarter_half,2606,2021-10-22,2021-11-01,-0.0127041632091318,2021,2021-09-30,learned_market,20260910,0.566433411442403,0.566433411442403,1,0
annual_quarter_half,2606,2021-10-22,2021-11-01,-0.0127041632091318,2021,2021-09-30,learned_market,20260911,0.6409464505557206,0.6409464505557206,1,0
annual_quarter_half,2606,2021-10-22,2021-11-01,-0.0127041632091318,2021,2021-09-30,learned_market,20260912,0.650511291080745,0.650511291080745,1,0
annual_quarter_half,2606,2021-10-22,2021-11-01,-0.0127041632091318,2021,2021-09-30,learned_order_extension,20260910,0.5742564428275909,0.5742564428275909,1,0
annual_quarter_half,2606,2021-10-22,2021-11-01,-0.0127041632091318,2021,2021-09-30,learned_order_extension,20260911,0.6601117743662817,0.6601117743662817,1,0
annual_quarter_half,2606,2021-10-22,2021-11-01,-0.0127041632091318,2021,2021-09-30,learned_order_extension,20260912,0.658229500213963,0.658229500213963,1,0
annual_quarter_half,2606,2021-10-22,2021-11-01,-0.0127041632091318,2021,2021-09-30,learned_order_offset,20260910,0.5744336175881175,0.5744336175881175,1,0
annual_quarter_half,2606,2021-10-22,2021-11-01,-0.0127041632091318,2021,2021-09-30,learned_order_offset,20260911,0.6547687452766607,0.6547687452766607,1,0
annual_quarter_half,2606,2021-10-22,2021-11-01,-0.0127041632091318,2021,2021-09-30,learned_order_offset,20260912,0.6576684391318979,0.6576684391318979,1,0
annual_quarter_half,2606,2021-10-22,2021-11-01,-0.0127041632091318,2021,2021-09-30,learned_vol_interaction,20260910,0.5742505092012933,0.5742505092012933,1,0
annual_quarter_half,2606,2021-10-22,2021-11-01,-0.0127041632091318,2021,2021-09-30,learned_vol_interaction,20260911,0.637978819558281,0.637978819558281,1,0
annual_quarter_half,2606,2021-10-22,2021-11-01,-0.0127041632091318,2021,2021-09-30,learned_vol_interaction,20260912,0.6545794013942938,0.6545794013942938,1,0
annual_quarter_half,2606,2021-10-22,2021-11-01,-0.0127041632091318,2021,2021-09-30,native_mse,20260910,-0.00014754218203992986,,0,0
annual_quarter_half,2606,2021-10-22,2021-11-01,-0.0127041632091318,2021,2021-09-30,native_mse,20260911,0.00021709963227420164,,1,0
annual_quarter_half,2606,2021-10-22,2021-11-01,-0.0127041632091318,2021,2021-09-30,native_mse,20260912,0.0021208340721163574,,1,0
annual_quarter_half,2606,2021-10-22,2021-11-01,-0.0127041632091318,2021,2021-09-30,training_frequency,-1,0.5544977224995227,0.5544977224995227,1,0
annual_quarter_half,2611,2021-10-29,2021-11-08,-0.0075807737801166,2021,2021-09-30,learned_market,20260910,0.5860088917820896,0.5860088917820896,1,0
annual_quarter_half,2611,2021-10-29,2021-11-08,-0.0075807737801166,2021,2021-09-30,learned_market,20260911,0.7529156609812366,0.7529156609812366,1,0
annual_quarter_half,2611,2021-10-29,2021-11-08,-0.0075807737801166,2021,2021-09-30,learned_market,20260912,0.561383036170758,0.561383036170758,1,0
annual_quarter_half,2611,2021-10-29,2021-11-08,-0.0075807737801166,2021,2021-09-30,learned_order_extension,20260910,0.6045538833448318,0.6045538833448318,1,0
annual_quarter_half,2611,2021-10-29,2021-11-08,-0.0075807737801166,2021,2021-09-30,learned_order_extension,20260911,0.772666145539542,0.772666145539542,1,0
annual_quarter_half,2611,2021-10-29,2021-11-08,-0.0075807737801166,2021,2021-09-30,learned_order_extension,20260912,0.5658308200841706,0.5658308200841706,1,0
annual_quarter_half,2611,2021-10-29,2021-11-08,-0.0075807737801166,2021,2021-09-30,learned_order_offset,20260910,0.6038200123042308,0.6038200123042308,1,0
annual_quarter_half,2611,2021-10-29,2021-11-08,-0.0075807737801166,2021,2021-09-30,learned_order_offset,20260911,0.7660220111335179,0.7660220111335179,1,0
annual_quarter_half,2611,2021-10-29,2021-11-08,-0.0075807737801166,2021,2021-09-30,learned_order_offset,20260912,0.5651799184093994,0.5651799184093994,1,0
annual_quarter_half,2611,2021-10-29,2021-11-08,-0.0075807737801166,2021,2021-09-30,learned_vol_interaction,20260910,0.5992253149347302,0.5992253149347302,1,0
annual_quarter_half,2611,2021-10-29,2021-11-08,-0.0075807737801166,2021,2021-09-30,learned_vol_interaction,20260911,0.7379889171147649,0.7379889171147649,1,0
annual_quarter_half,2611,2021-10-29,2021-11-08,-0.0075807737801166,2021,2021-09-30,learned_vol_interaction,20260912,0.5645671944470297,0.5645671944470297,1,0
annual_quarter_half,2611,2021-10-29,2021-11-08,-0.0075807737801166,2021,2021-09-30,native_mse,20260910,0.0010041059166319725,,1,0
annual_quarter_half,2611,2021-10-29,2021-11-08,-0.0075807737801166,2021,2021-09-30,native_mse,20260911,0.00551582286982177,,1,0
annual_quarter_half,2611,2021-10-29,2021-11-08,-0.0075807737801166,2021,2021-09-30,native_mse,20260912,0.0024494225625509357,,1,0
annual_quarter_half,2611,2021-10-29,2021-11-08,-0.0075807737801166,2021,2021-09-30,training_frequency,-1,0.5544977224995227,0.5544977224995227,1,0
annual_quarter_half,2616,2021-11-05,2021-11-15,0.0110015182343039,2021,2021-09-30,learned_market,20260910,0.670104031143792,0.670104031143792,1,1
annual_quarter_half,2616,2021-11-05,2021-11-15,0.0110015182343039,2021,2021-09-30,learned_market,20260911,0.813762259060639,0.813762259060639,1,1
annual_quarter_half,2616,2021-11-05,2021-11-15,0.0110015182343039,2021,2021-09-30,learned_market,20260912,0.5595037693095566,0.5595037693095566,1,1
annual_quarter_half,2616,2021-11-05,2021-11-15,0.0110015182343039,2021,2021-09-30,learned_order_extension,20260910,0.7052568247990589,0.7052568247990589,1,1
annual_quarter_half,2616,2021-11-05,2021-11-15,0.0110015182343039,2021,2021-09-30,learned_order_extension,20260911,0.8467891827160785,0.8467891827160785,1,1
annual_quarter_half,2616,2021-11-05,2021-11-15,0.0110015182343039,2021,2021-09-30,learned_order_extension,20260912,0.5583242046939447,0.5583242046939447,1,1
annual_quarter_half,2616,2021-11-05,2021-11-15,0.0110015182343039,2021,2021-09-30,learned_order_offset,20260910,0.70485384519403,0.70485384519403,1,1
annual_quarter_half,2616,2021-11-05,2021-11-15,0.0110015182343039,2021,2021-09-30,learned_order_offset,20260911,0.8423922355172764,0.8423922355172764,1,1
annual_quarter_half,2616,2021-11-05,2021-11-15,0.0110015182343039,2021,2021-09-30,learned_order_offset,20260912,0.557894769834699,0.557894769834699,1,1
annual_quarter_half,2616,2021-11-05,2021-11-15,0.0110015182343039,2021,2021-09-30,learned_vol_interaction,20260910,0.7080858302397932,0.7080858302397932,1,1
annual_quarter_half,2616,2021-11-05,2021-11-15,0.0110015182343039,2021,2021-09-30,learned_vol_interaction,20260911,0.7964796541062886,0.7964796541062886,1,1
annual_quarter_half,2616,2021-11-05,2021-11-15,0.0110015182343039,2021,2021-09-30,learned_vol_interaction,20260912,0.5608066668133862,0.5608066668133862,1,1
annual_quarter_half,2616,2021-11-05,2021-11-15,0.0110015182343039,2021,2021-09-30,native_mse,20260910,0.0040455218893659765,,1,1
annual_quarter_half,2616,2021-11-05,2021-11-15,0.0110015182343039,2021,2021-09-30,native_mse,20260911,0.017334605610483528,,1,1
annual_quarter_half,2616,2021-11-05,2021-11-15,0.0110015182343039,2021,2021-09-30,native_mse,20260912,0.0023496417574143643,,1,1
annual_quarter_half,2616,2021-11-05,2021-11-15,0.0110015182343039,2021,2021-09-30,training_frequency,-1,0.5544977224995227,0.5544977224995227,1,1
annual_quarter_half,2621,2021-11-12,2021-11-22,0.0002002284238551,2021,2021-09-30,learned_market,20260910,0.7217088659367543,0.7217088659367543,1,1
annual_quarter_half,2621,2021-11-12,2021-11-22,0.0002002284238551,2021,2021-09-30,learned_market,20260911,0.7631475083204509,0.7631475083204509,1,1
annual_quarter_half,2621,2021-11-12,2021-11-22,0.0002002284238551,2021,2021-09-30,learned_market,20260912,0.5964571709428087,0.5964571709428087,1,1
annual_quarter_half,2621,2021-11-12,2021-11-22,0.0002002284238551,2021,2021-09-30,learned_order_extension,20260910,0.749264561258508,0.749264561258508,1,1
annual_quarter_half,2621,2021-11-12,2021-11-22,0.0002002284238551,2021,2021-09-30,learned_order_extension,20260911,0.8022550536674047,0.8022550536674047,1,1
annual_quarter_half,2621,2021-11-12,2021-11-22,0.0002002284238551,2021,2021-09-30,learned_order_extension,20260912,0.5928551711978229,0.5928551711978229,1,1
annual_quarter_half,2621,2021-11-12,2021-11-22,0.0002002284238551,2021,2021-09-30,learned_order_offset,20260910,0.7487796117364705,0.7487796117364705,1,1
annual_quarter_half,2621,2021-11-12,2021-11-22,0.0002002284238551,2021,2021-09-30,learned_order_offset,20260911,0.7950378545421224,0.7950378545421224,1,1
annual_quarter_half,2621,2021-11-12,2021-11-22,0.0002002284238551,2021,2021-09-30,learned_order_offset,20260912,0.5927554088502947,0.5927554088502947,1,1
annual_quarter_half,2621,2021-11-12,2021-11-22,0.0002002284238551,2021,2021-09-30,learned_vol_interaction,20260910,0.7522026497131846,0.7522026497131846,1,1
annual_quarter_half,2621,2021-11-12,2021-11-22,0.0002002284238551,2021,2021-09-30,learned_vol_interaction,20260911,0.7501516268624911,0.7501516268624911,1,1
annual_quarter_half,2621,2021-11-12,2021-11-22,0.0002002284238551,2021,2021-09-30,learned_vol_interaction,20260912,0.5960120185437229,0.5960120185437229,1,1
annual_quarter_half,2621,2021-11-12,2021-11-22,0.0002002284238551,2021,2021-09-30,native_mse,20260910,0.005454025911160185,,1,1
annual_quarter_half,2621,2021-11-12,2021-11-22,0.0002002284238551,2021,2021-09-30,native_mse,20260911,0.010723277564675057,,1,1
annual_quarter_half,2621,2021-11-12,2021-11-22,0.0002002284238551,2021,2021-09-30,native_mse,20260912,0.0015290805785296785,,1,1
annual_quarter_half,2621,2021-11-12,2021-11-22,0.0002002284238551,2021,2021-09-30,training_frequency,-1,0.5544977224995227,0.5544977224995227,1,1
annual_quarter_half,2626,2021-11-19,2021-11-29,-0.0153981603100059,2021,2021-09-30,learned_market,20260910,0.7025028663093414,0.7025028663093414,1,0
annual_quarter_half,2626,2021-11-19,2021-11-29,-0.0153981603100059,2021,2021-09-30,learned_market,20260911,0.7222956235351723,0.7222956235351723,1,0
annual_quarter_half,2626,2021-11-19,2021-11-29,-0.0153981603100059,2021,2021-09-30,learned_market,20260912,0.6392380283992012,0.6392380283992012,1,0
annual_quarter_half,2626,2021-11-19,2021-11-29,-0.0153981603100059,2021,2021-09-30,learned_order_extension,20260910,0.7499441343420312,0.7499441343420312,1,0
annual_quarter_half,2626,2021-11-19,2021-11-29,-0.0153981603100059,2021,2021-09-30,learned_order_extension,20260911,0.7784833944994325,0.7784833944994325,1,0
annual_quarter_half,2626,2021-11-19,2021-11-29,-0.0153981603100059,2021,2021-09-30,learned_order_extension,20260912,0.6522602130084934,0.6522602130084934,1,0
annual_quarter_half,2626,2021-11-19,2021-11-29,-0.0153981603100059,2021,2021-09-30,learned_order_offset,20260910,0.7499043369470051,0.7499043369470051,1,0
annual_quarter_half,2626,2021-11-19,2021-11-29,-0.0153981603100059,2021,2021-09-30,learned_order_offset,20260911,0.772853099699842,0.772853099699842,1,0
annual_quarter_half,2626,2021-11-19,2021-11-29,-0.0153981603100059,2021,2021-09-30,learned_order_offset,20260912,0.6522523493946735,0.6522523493946735,1,0
annual_quarter_half,2626,2021-11-19,2021-11-29,-0.0153981603100059,2021,2021-09-30,learned_vol_interaction,20260910,0.7374278124284195,0.7374278124284195,1,0
annual_quarter_half,2626,2021-11-19,2021-11-29,-0.0153981603100059,2021,2021-09-30,learned_vol_interaction,20260911,0.7140173207020712,0.7140173207020712,1,0
annual_quarter_half,2626,2021-11-19,2021-11-29,-0.0153981603100059,2021,2021-09-30,learned_vol_interaction,20260912,0.6400893263340982,0.6400893263340982,1,0
annual_quarter_half,2626,2021-11-19,2021-11-29,-0.0153981603100059,2021,2021-09-30,native_mse,20260910,0.004737804891304671,,1,0
annual_quarter_half,2626,2021-11-19,2021-11-29,-0.0153981603100059,2021,2021-09-30,native_mse,20260911,0.0053667049484244795,,1,0
annual_quarter_half,2626,2021-11-19,2021-11-29,-0.0153981603100059,2021,2021-09-30,native_mse,20260912,0.0017080590127128681,,1,0
annual_quarter_half,2626,2021-11-19,2021-11-29,-0.0153981603100059,2021,2021-09-30,training_frequency,-1,0.5544977224995227,0.5544977224995227,1,0
annual_quarter_half,2631,2021-11-26,2021-12-06,0.0185518287306458,2021,2021-09-30,learned_market,20260910,0.6201978525316936,0.6201978525316936,1,1
annual_quarter_half,2631,2021-11-26,2021-12-06,0.0185518287306458,2021,2021-09-30,learned_market,20260911,0.7197023387913708,0.7197023387913708,1,1
annual_quarter_half,2631,2021-11-26,2021-12-06,0.0185518287306458,2021,2021-09-30,learned_market,20260912,0.5374493797769346,0.5374493797769346,1,1
annual_quarter_half,2631,2021-11-26,2021-12-06,0.0185518287306458,2021,2021-09-30,learned_order_extension,20260910,0.6675634807338862,0.6675634807338862,1,1
annual_quarter_half,2631,2021-11-26,2021-12-06,0.0185518287306458,2021,2021-09-30,learned_order_extension,20260911,0.7446455100839817,0.7446455100839817,1,1
annual_quarter_half,2631,2021-11-26,2021-12-06,0.0185518287306458,2021,2021-09-30,learned_order_extension,20260912,0.5282453892508858,0.5282453892508858,1,1
annual_quarter_half,2631,2021-11-26,2021-12-06,0.0185518287306458,2021,2021-09-30,learned_order_offset,20260910,0.667287694406054,0.667287694406054,1,1
annual_quarter_half,2631,2021-11-26,2021-12-06,0.0185518287306458,2021,2021-09-30,learned_order_offset,20260911,0.7406020349422043,0.7406020349422043,1,1
annual_quarter_half,2631,2021-11-26,2021-12-06,0.0185518287306458,2021,2021-09-30,learned_order_offset,20260912,0.5284519482903975,0.5284519482903975,1,1
annual_quarter_half,2631,2021-11-26,2021-12-06,0.0185518287306458,2021,2021-09-30,learned_vol_interaction,20260910,0.6551431323378568,0.6551431323378568,1,1
annual_quarter_half,2631,2021-11-26,2021-12-06,0.0185518287306458,2021,2021-09-30,learned_vol_interaction,20260911,0.7076737980952499,0.7076737980952499,1,1
annual_quarter_half,2631,2021-11-26,2021-12-06,0.0185518287306458,2021,2021-09-30,learned_vol_interaction,20260912,0.5314084992599796,0.5314084992599796,1,1
annual_quarter_half,2631,2021-11-26,2021-12-06,0.0185518287306458,2021,2021-09-30,native_mse,20260910,0.000932479992469925,,1,1
annual_quarter_half,2631,2021-11-26,2021-12-06,0.0185518287306458,2021,2021-09-30,native_mse,20260911,0.007780028671587053,,1,1
annual_quarter_half,2631,2021-11-26,2021-12-06,0.0185518287306458,2021,2021-09-30,native_mse,20260912,0.0016350653010633388,,1,1
annual_quarter_half,2631,2021-11-26,2021-12-06,0.0185518287306458,2021,2021-09-30,training_frequency,-1,0.5544977224995227,0.5544977224995227,1,1
annual_quarter_half,2636,2021-12-03,2021-12-13,0.0367843110096284,2021,2021-09-30,learned_market,20260910,0.6443003068029376,0.6443003068029376,1,1
annual_quarter_half,2636,2021-12-03,2021-12-13,0.0367843110096284,2021,2021-09-30,learned_market,20260911,0.6725473964750677,0.6725473964750677,1,1
annual_quarter_half,2636,2021-12-03,2021-12-13,0.0367843110096284,2021,2021-09-30,learned_market,20260912,0.4726747575671235,0.4726747575671235,0,1
annual_quarter_half,2636,2021-12-03,2021-12-13,0.0367843110096284,2021,2021-09-30,learned_order_extension,20260910,0.6718986646783773,0.6718986646783773,1,1
annual_quarter_half,2636,2021-12-03,2021-12-13,0.0367843110096284,2021,2021-09-30,learned_order_extension,20260911,0.6871215597796585,0.6871215597796585,1,1
annual_quarter_half,2636,2021-12-03,2021-12-13,0.0367843110096284,2021,2021-09-30,learned_order_extension,20260912,0.44432527147224476,0.44432527147224476,0,1
annual_quarter_half,2636,2021-12-03,2021-12-13,0.0367843110096284,2021,2021-09-30,learned_order_offset,20260910,0.6716724207444437,0.6716724207444437,1,1
annual_quarter_half,2636,2021-12-03,2021-12-13,0.0367843110096284,2021,2021-09-30,learned_order_offset,20260911,0.6831723808089927,0.6831723808089927,1,1
annual_quarter_half,2636,2021-12-03,2021-12-13,0.0367843110096284,2021,2021-09-30,learned_order_offset,20260912,0.4441778881352084,0.4441778881352084,0,1
annual_quarter_half,2636,2021-12-03,2021-12-13,0.0367843110096284,2021,2021-09-30,learned_vol_interaction,20260910,0.6718418524816225,0.6718418524816225,1,1
annual_quarter_half,2636,2021-12-03,2021-12-13,0.0367843110096284,2021,2021-09-30,learned_vol_interaction,20260911,0.6511974710241987,0.6511974710241987,1,1
annual_quarter_half,2636,2021-12-03,2021-12-13,0.0367843110096284,2021,2021-09-30,learned_vol_interaction,20260912,0.45500429590813524,0.45500429590813524,0,1
annual_quarter_half,2636,2021-12-03,2021-12-13,0.0367843110096284,2021,2021-09-30,native_mse,20260910,0.0021806747697186253,,1,1
annual_quarter_half,2636,2021-12-03,2021-12-13,0.0367843110096284,2021,2021-09-30,native_mse,20260911,0.0023514391882921114,,1,1
annual_quarter_half,2636,2021-12-03,2021-12-13,0.0367843110096284,2021,2021-09-30,native_mse,20260912,0.0010289518247129704,,1,1
annual_quarter_half,2636,2021-12-03,2021-12-13,0.0367843110096284,2021,2021-09-30,training_frequency,-1,0.5544977224995227,0.5544977224995227,1,1
annual_quarter_half,2641,2021-12-10,2021-12-20,-0.0304615698955996,2021,2021-09-30,learned_market,20260910,0.5478694291875023,0.5478694291875023,1,0
annual_quarter_half,2641,2021-12-10,2021-12-20,-0.0304615698955996,2021,2021-09-30,learned_market,20260911,0.624359268374324,0.624359268374324,1,0
annual_quarter_half,2641,2021-12-10,2021-12-20,-0.0304615698955996,2021,2021-09-30,learned_market,20260912,0.4856758168591432,0.4856758168591432,0,0
annual_quarter_half,2641,2021-12-10,2021-12-20,-0.0304615698955996,2021,2021-09-30,learned_order_extension,20260910,0.5538408682583114,0.5538408682583114,1,0
annual_quarter_half,2641,2021-12-10,2021-12-20,-0.0304615698955996,2021,2021-09-30,learned_order_extension,20260911,0.6407999455030832,0.6407999455030832,1,0
annual_quarter_half,2641,2021-12-10,2021-12-20,-0.0304615698955996,2021,2021-09-30,learned_order_extension,20260912,0.4554097037342416,0.4554097037342416,0,0
annual_quarter_half,2641,2021-12-10,2021-12-20,-0.0304615698955996,2021,2021-09-30,learned_order_offset,20260910,0.5541750056839014,0.5541750056839014,1,0
annual_quarter_half,2641,2021-12-10,2021-12-20,-0.0304615698955996,2021,2021-09-30,learned_order_offset,20260911,0.6369555817410996,0.6369555817410996,1,0
annual_quarter_half,2641,2021-12-10,2021-12-20,-0.0304615698955996,2021,2021-09-30,learned_order_offset,20260912,0.4560111551637713,0.4560111551637713,0,0
annual_quarter_half,2641,2021-12-10,2021-12-20,-0.0304615698955996,2021,2021-09-30,learned_vol_interaction,20260910,0.551233505190871,0.551233505190871,1,0
annual_quarter_half,2641,2021-12-10,2021-12-20,-0.0304615698955996,2021,2021-09-30,learned_vol_interaction,20260911,0.6114689650987257,0.6114689650987257,1,0
annual_quarter_half,2641,2021-12-10,2021-12-20,-0.0304615698955996,2021,2021-09-30,learned_vol_interaction,20260912,0.46659801584766447,0.46659801584766447,0,0
annual_quarter_half,2641,2021-12-10,2021-12-20,-0.0304615698955996,2021,2021-09-30,native_mse,20260910,0.0002700114365370397,,1,0
annual_quarter_half,2641,2021-12-10,2021-12-20,-0.0304615698955996,2021,2021-09-30,native_mse,20260911,0.0027682252102227203,,1,0
annual_quarter_half,2641,2021-12-10,2021-12-20,-0.0304615698955996,2021,2021-09-30,native_mse,20260912,0.0006385695793271063,,1,0
annual_quarter_half,2641,2021-12-10,2021-12-20,-0.0304615698955996,2021,2021-09-30,training_frequency,-1,0.5544977224995227,0.5544977224995227,1,0
annual_quarter_half,2646,2021-12-17,2021-12-27,-0.0034083287233763,2021,2021-09-30,learned_market,20260910,0.744908198963196,0.744908198963196,1,0
annual_quarter_half,2646,2021-12-17,2021-12-27,-0.0034083287233763,2021,2021-09-30,learned_market,20260911,0.8353795600938536,0.8353795600938536,1,0
annual_quarter_half,2646,2021-12-17,2021-12-27,-0.0034083287233763,2021,2021-09-30,learned_market,20260912,0.6959535907204637,0.6959535907204637,1,0
annual_quarter_half,2646,2021-12-17,2021-12-27,-0.0034083287233763,2021,2021-09-30,learned_order_extension,20260910,0.7551448406063881,0.7551448406063881,1,0
annual_quarter_half,2646,2021-12-17,2021-12-27,-0.0034083287233763,2021,2021-09-30,learned_order_extension,20260911,0.8918894756993555,0.8918894756993555,1,0
annual_quarter_half,2646,2021-12-17,2021-12-27,-0.0034083287233763,2021,2021-09-30,learned_order_extension,20260912,0.7195156938131695,0.7195156938131695,1,0
annual_quarter_half,2646,2021-12-17,2021-12-27,-0.0034083287233763,2021,2021-09-30,learned_order_offset,20260910,0.7548060934160936,0.7548060934160936,1,0
annual_quarter_half,2646,2021-12-17,2021-12-27,-0.0034083287233763,2021,2021-09-30,learned_order_offset,20260911,0.887669461706958,0.887669461706958,1,0
annual_quarter_half,2646,2021-12-17,2021-12-27,-0.0034083287233763,2021,2021-09-30,learned_order_offset,20260912,0.7186899500295022,0.7186899500295022,1,0
annual_quarter_half,2646,2021-12-17,2021-12-27,-0.0034083287233763,2021,2021-09-30,learned_vol_interaction,20260910,0.7723387065491046,0.7723387065491046,1,0
annual_quarter_half,2646,2021-12-17,2021-12-27,-0.0034083287233763,2021,2021-09-30,learned_vol_interaction,20260911,0.8183798810939698,0.8183798810939698,1,0
annual_quarter_half,2646,2021-12-17,2021-12-27,-0.0034083287233763,2021,2021-09-30,learned_vol_interaction,20260912,0.7026998855399843,0.7026998855399843,1,0
annual_quarter_half,2646,2021-12-17,2021-12-27,-0.0034083287233763,2021,2021-09-30,native_mse,20260910,0.00636279074966702,,1,0
annual_quarter_half,2646,2021-12-17,2021-12-27,-0.0034083287233763,2021,2021-09-30,native_mse,20260911,0.013358702139006261,,1,0
annual_quarter_half,2646,2021-12-17,2021-12-27,-0.0034083287233763,2021,2021-09-30,native_mse,20260912,0.00197962244909171,,1,0
annual_quarter_half,2646,2021-12-17,2021-12-27,-0.0034083287233763,2021,2021-09-30,training_frequency,-1,0.5544977224995227,0.5544977224995227,1,0
annual_quarter_half,2651,2021-12-24,2022-01-04,0.0080985736506613,2021,2021-09-30,learned_market,20260910,0.7660406532588023,0.7660406532588023,1,1
annual_quarter_half,2651,2021-12-24,2022-01-04,0.0080985736506613,2021,2021-09-30,learned_market,20260911,0.6180689223985221,0.6180689223985221,1,1
annual_quarter_half,2651,2021-12-24,2022-01-04,0.0080985736506613,2021,2021-09-30,learned_market,20260912,0.5604950871651706,0.5604950871651706,1,1
annual_quarter_half,2651,2021-12-24,2022-01-04,0.0080985736506613,2021,2021-09-30,learned_order_extension,20260910,0.7913446411315186,0.7913446411315186,1,1
annual_quarter_half,2651,2021-12-24,2022-01-04,0.0080985736506613,2021,2021-09-30,learned_order_extension,20260911,0.6227712404703003,0.6227712404703003,1,1
annual_quarter_half,2651,2021-12-24,2022-01-04,0.0080985736506613,2021,2021-09-30,learned_order_extension,20260912,0.5642030502513173,0.5642030502513173,1,1
annual_quarter_half,2651,2021-12-24,2022-01-04,0.0080985736506613,2021,2021-09-30,learned_order_offset,20260910,0.791123982197975,0.791123982197975,1,1
annual_quarter_half,2651,2021-12-24,2022-01-04,0.0080985736506613,2021,2021-09-30,learned_order_offset,20260911,0.6217220515741264,0.6217220515741264,1,1
annual_quarter_half,2651,2021-12-24,2022-01-04,0.0080985736506613,2021,2021-09-30,learned_order_offset,20260912,0.563717589849753,0.563717589849753,1,1
annual_quarter_half,2651,2021-12-24,2022-01-04,0.0080985736506613,2021,2021-09-30,learned_vol_interaction,20260910,0.7945608676766811,0.7945608676766811,1,1
annual_quarter_half,2651,2021-12-24,2022-01-04,0.0080985736506613,2021,2021-09-30,learned_vol_interaction,20260911,0.6163722632917532,0.6163722632917532,1,1
annual_quarter_half,2651,2021-12-24,2022-01-04,0.0080985736506613,2021,2021-09-30,learned_vol_interaction,20260912,0.5642570489085509,0.5642570489085509,1,1
annual_quarter_half,2651,2021-12-24,2022-01-04,0.0080985736506613,2021,2021-09-30,native_mse,20260910,0.006004390504766295,,1,1
annual_quarter_half,2651,2021-12-24,2022-01-04,0.0080985736506613,2021,2021-09-30,native_mse,20260911,0.006479340433778213,,1,1
annual_quarter_half,2651,2021-12-24,2022-01-04,0.0080985736506613,2021,2021-09-30,native_mse,20260912,0.001527002740327201,,1,1
annual_quarter_half,2651,2021-12-24,2022-01-04,0.0080985736506613,2021,2021-09-30,training_frequency,-1,0.5544977224995227,0.5544977224995227,1,1
annual_quarter_half,2656,2021-12-31,2022-01-10,-0.0293970528320001,2021,2021-09-30,learned_market,20260910,0.7425609412556728,0.7425609412556728,1,0
annual_quarter_half,2656,2021-12-31,2022-01-10,-0.0293970528320001,2021,2021-09-30,learned_market,20260911,0.7891762635458903,0.7891762635458903,1,0
annual_quarter_half,2656,2021-12-31,2022-01-10,-0.0293970528320001,2021,2021-09-30,learned_market,20260912,0.6105698061563987,0.6105698061563987,1,0
annual_quarter_half,2656,2021-12-31,2022-01-10,-0.0293970528320001,2021,2021-09-30,learned_order_extension,20260910,0.7553408832537377,0.7553408832537377,1,0
annual_quarter_half,2656,2021-12-31,2022-01-10,-0.0293970528320001,2021,2021-09-30,learned_order_extension,20260911,0.809324386861441,0.809324386861441,1,0
annual_quarter_half,2656,2021-12-31,2022-01-10,-0.0293970528320001,2021,2021-09-30,learned_order_extension,20260912,0.6077767729651812,0.6077767729651812,1,0
annual_quarter_half,2656,2021-12-31,2022-01-10,-0.0293970528320001,2021,2021-09-30,learned_order_offset,20260910,0.7552732751132232,0.7552732751132232,1,0
annual_quarter_half,2656,2021-12-31,2022-01-10,-0.0293970528320001,2021,2021-09-30,learned_order_offset,20260911,0.8041196452549204,0.8041196452549204,1,0
annual_quarter_half,2656,2021-12-31,2022-01-10,-0.0293970528320001,2021,2021-09-30,learned_order_offset,20260912,0.6071575303827758,0.6071575303827758,1,0
annual_quarter_half,2656,2021-12-31,2022-01-10,-0.0293970528320001,2021,2021-09-30,learned_vol_interaction,20260910,0.759194747215323,0.759194747215323,1,0
annual_quarter_half,2656,2021-12-31,2022-01-10,-0.0293970528320001,2021,2021-09-30,learned_vol_interaction,20260911,0.7801882052925375,0.7801882052925375,1,0
annual_quarter_half,2656,2021-12-31,2022-01-10,-0.0293970528320001,2021,2021-09-30,learned_vol_interaction,20260912,0.6077766393701902,0.6077766393701902,1,0
annual_quarter_half,2656,2021-12-31,2022-01-10,-0.0293970528320001,2021,2021-09-30,native_mse,20260910,0.006517491746626373,,1,0
annual_quarter_half,2656,2021-12-31,2022-01-10,-0.0293970528320001,2021,2021-09-30,native_mse,20260911,0.0022833193643243682,,1,0
annual_quarter_half,2656,2021-12-31,2022-01-10,-0.0293970528320001,2021,2021-09-30,native_mse,20260912,0.001467939691501566,,1,0
annual_quarter_half,2656,2021-12-31,2022-01-10,-0.0293970528320001,2021,2021-09-30,training_frequency,-1,0.5544977224995227,0.5544977224995227,1,0
annual_quarter_half,2660,2022-01-07,2022-01-17,-0.0173453887283024,2022,2021-12-31,learned_market,20260910,0.5688001187262542,0.5688001187262542,1,0
annual_quarter_half,2660,2022-01-07,2022-01-17,-0.0173453887283024,2022,2021-12-31,learned_market,20260911,0.7294539059117436,0.7294539059117436,1,0
annual_quarter_half,2660,2022-01-07,2022-01-17,-0.0173453887283024,2022,2021-12-31,learned_market,20260912,0.7009067848418016,0.7009067848418016,1,0
annual_quarter_half,2660,2022-01-07,2022-01-17,-0.0173453887283024,2022,2021-12-31,learned_order_extension,20260910,0.566864392886939,0.566864392886939,1,0
annual_quarter_half,2660,2022-01-07,2022-01-17,-0.0173453887283024,2022,2021-12-31,learned_order_extension,20260911,0.7315565762281606,0.7315565762281606,1,0
annual_quarter_half,2660,2022-01-07,2022-01-17,-0.0173453887283024,2022,2021-12-31,learned_order_extension,20260912,0.7021249449389755,0.7021249449389755,1,0
annual_quarter_half,2660,2022-01-07,2022-01-17,-0.0173453887283024,2022,2021-12-31,learned_order_offset,20260910,0.5666647543526758,0.5666647543526758,1,0
annual_quarter_half,2660,2022-01-07,2022-01-17,-0.0173453887283024,2022,2021-12-31,learned_order_offset,20260911,0.7303915631000331,0.7303915631000331,1,0
annual_quarter_half,2660,2022-01-07,2022-01-17,-0.0173453887283024,2022,2021-12-31,learned_order_offset,20260912,0.7021002597589074,0.7021002597589074,1,0
annual_quarter_half,2660,2022-01-07,2022-01-17,-0.0173453887283024,2022,2021-12-31,learned_vol_interaction,20260910,0.5831076461801695,0.5831076461801695,1,0
annual_quarter_half,2660,2022-01-07,2022-01-17,-0.0173453887283024,2022,2021-12-31,learned_vol_interaction,20260911,0.7282516722944598,0.7282516722944598,1,0
annual_quarter_half,2660,2022-01-07,2022-01-17,-0.0173453887283024,2022,2021-12-31,learned_vol_interaction,20260912,0.7072606777672634,0.7072606777672634,1,0
annual_quarter_half,2660,2022-01-07,2022-01-17,-0.0173453887283024,2022,2021-12-31,native_mse,20260910,-0.0034182510339292468,,0,0
annual_quarter_half,2660,2022-01-07,2022-01-17,-0.0173453887283024,2022,2021-12-31,native_mse,20260911,0.007330315708159769,,1,0
annual_quarter_half,2660,2022-01-07,2022-01-17,-0.0173453887283024,2022,2021-12-31,native_mse,20260912,0.001814179283598589,,1,0
annual_quarter_half,2660,2022-01-07,2022-01-17,-0.0173453887283024,2022,2021-12-31,training_frequency,-1,0.5458298926507019,0.5458298926507019,1,0
annual_quarter_half,2665,2022-01-14,2022-01-24,0.0053248631776616,2022,2021-12-31,learned_market,20260910,0.6536697221556952,0.6536697221556952,1,1
annual_quarter_half,2665,2022-01-14,2022-01-24,0.0053248631776616,2022,2021-12-31,learned_market,20260911,0.8407883156513567,0.8407883156513567,1,1
annual_quarter_half,2665,2022-01-14,2022-01-24,0.0053248631776616,2022,2021-12-31,learned_market,20260912,0.5203651032719439,0.5203651032719439,1,1
annual_quarter_half,2665,2022-01-14,2022-01-24,0.0053248631776616,2022,2021-12-31,learned_order_extension,20260910,0.6690763940918765,0.6690763940918765,1,1
annual_quarter_half,2665,2022-01-14,2022-01-24,0.0053248631776616,2022,2021-12-31,learned_order_extension,20260911,0.8308708352808971,0.8308708352808971,1,1
annual_quarter_half,2665,2022-01-14,2022-01-24,0.0053248631776616,2022,2021-12-31,learned_order_extension,20260912,0.519422850065438,0.519422850065438,1,1
annual_quarter_half,2665,2022-01-14,2022-01-24,0.0053248631776616,2022,2021-12-31,learned_order_offset,20260910,0.6685371525240916,0.6685371525240916,1,1
annual_quarter_half,2665,2022-01-14,2022-01-24,0.0053248631776616,2022,2021-12-31,learned_order_offset,20260911,0.8287429062191539,0.8287429062191539,1,1
annual_quarter_half,2665,2022-01-14,2022-01-24,0.0053248631776616,2022,2021-12-31,learned_order_offset,20260912,0.5194500670143739,0.5194500670143739,1,1
annual_quarter_half,2665,2022-01-14,2022-01-24,0.0053248631776616,2022,2021-12-31,learned_vol_interaction,20260910,0.6744765119030697,0.6744765119030697,1,1
annual_quarter_half,2665,2022-01-14,2022-01-24,0.0053248631776616,2022,2021-12-31,learned_vol_interaction,20260911,0.8368717958263094,0.8368717958263094,1,1
annual_quarter_half,2665,2022-01-14,2022-01-24,0.0053248631776616,2022,2021-12-31,learned_vol_interaction,20260912,0.5232340507750105,0.5232340507750105,1,1
annual_quarter_half,2665,2022-01-14,2022-01-24,0.0053248631776616,2022,2021-12-31,native_mse,20260910,0.004761167720503064,,1,1
annual_quarter_half,2665,2022-01-14,2022-01-24,0.0053248631776616,2022,2021-12-31,native_mse,20260911,0.015471274729398543,,1,1
annual_quarter_half,2665,2022-01-14,2022-01-24,0.0053248631776616,2022,2021-12-31,native_mse,20260912,0.0008133505012356114,,1,1
annual_quarter_half,2665,2022-01-14,2022-01-24,0.0053248631776616,2022,2021-12-31,training_frequency,-1,0.5458298926507019,0.5458298926507019,1,1
annual_quarter_half,2670,2022-01-21,2022-02-07,-0.0242661876254222,2022,2021-12-31,learned_market,20260910,0.667180452286777,0.667180452286777,1,0
annual_quarter_half,2670,2022-01-21,2022-02-07,-0.0242661876254222,2022,2021-12-31,learned_market,20260911,0.6706767764059957,0.6706767764059957,1,0
annual_quarter_half,2670,2022-01-21,2022-02-07,-0.0242661876254222,2022,2021-12-31,learned_market,20260912,0.7176249995689795,0.7176249995689795,1,0
annual_quarter_half,2670,2022-01-21,2022-02-07,-0.0242661876254222,2022,2021-12-31,learned_order_extension,20260910,0.6566842946116621,0.6566842946116621,1,0
annual_quarter_half,2670,2022-01-21,2022-02-07,-0.0242661876254222,2022,2021-12-31,learned_order_extension,20260911,0.6953405747399578,0.6953405747399578,1,0
annual_quarter_half,2670,2022-01-21,2022-02-07,-0.0242661876254222,2022,2021-12-31,learned_order_extension,20260912,0.7149761694840576,0.7149761694840576,1,0
annual_quarter_half,2670,2022-01-21,2022-02-07,-0.0242661876254222,2022,2021-12-31,learned_order_offset,20260910,0.6567323025522784,0.6567323025522784,1,0
annual_quarter_half,2670,2022-01-21,2022-02-07,-0.0242661876254222,2022,2021-12-31,learned_order_offset,20260911,0.6946014374965778,0.6946014374965778,1,0
annual_quarter_half,2670,2022-01-21,2022-02-07,-0.0242661876254222,2022,2021-12-31,learned_order_offset,20260912,0.7150659531425939,0.7150659531425939,1,0
annual_quarter_half,2670,2022-01-21,2022-02-07,-0.0242661876254222,2022,2021-12-31,learned_vol_interaction,20260910,0.6652743592454685,0.6652743592454685,1,0
annual_quarter_half,2670,2022-01-21,2022-02-07,-0.0242661876254222,2022,2021-12-31,learned_vol_interaction,20260911,0.669613908132946,0.669613908132946,1,0
annual_quarter_half,2670,2022-01-21,2022-02-07,-0.0242661876254222,2022,2021-12-31,learned_vol_interaction,20260912,0.723517227135196,0.723517227135196,1,0
annual_quarter_half,2670,2022-01-21,2022-02-07,-0.0242661876254222,2022,2021-12-31,native_mse,20260910,0.013137367547165641,,1,0
annual_quarter_half,2670,2022-01-21,2022-02-07,-0.0242661876254222,2022,2021-12-31,native_mse,20260911,0.009873111042602054,,1,0
annual_quarter_half,2670,2022-01-21,2022-02-07,-0.0242661876254222,2022,2021-12-31,native_mse,20260912,0.003394922189452561,,1,0
annual_quarter_half,2670,2022-01-21,2022-02-07,-0.0242661876254222,2022,2021-12-31,training_frequency,-1,0.5458298926507019,0.5458298926507019,1,0
annual_quarter_half,2675,2022-01-28,2022-02-14,-0.0127539031341488,2022,2021-12-31,learned_market,20260910,0.6821990081341186,0.6821990081341186,1,0
annual_quarter_half,2675,2022-01-28,2022-02-14,-0.0127539031341488,2022,2021-12-31,learned_market,20260911,0.49396242770649035,0.49396242770649035,0,0
annual_quarter_half,2675,2022-01-28,2022-02-14,-0.0127539031341488,2022,2021-12-31,learned_market,20260912,0.5468589290358572,0.5468589290358572,1,0
annual_quarter_half,2675,2022-01-28,2022-02-14,-0.0127539031341488,2022,2021-12-31,learned_order_extension,20260910,0.668769824144909,0.668769824144909,1,0
annual_quarter_half,2675,2022-01-28,2022-02-14,-0.0127539031341488,2022,2021-12-31,learned_order_extension,20260911,0.47011278529334005,0.47011278529334005,0,0
annual_quarter_half,2675,2022-01-28,2022-02-14,-0.0127539031341488,2022,2021-12-31,learned_order_extension,20260912,0.5563462821352916,0.5563462821352916,1,0
annual_quarter_half,2675,2022-01-28,2022-02-14,-0.0127539031341488,2022,2021-12-31,learned_order_offset,20260910,0.6683313210695451,0.6683313210695451,1,0
annual_quarter_half,2675,2022-01-28,2022-02-14,-0.0127539031341488,2022,2021-12-31,learned_order_offset,20260911,0.47036190476294487,0.47036190476294487,0,0
annual_quarter_half,2675,2022-01-28,2022-02-14,-0.0127539031341488,2022,2021-12-31,learned_order_offset,20260912,0.5563566039667686,0.5563566039667686,1,0
annual_quarter_half,2675,2022-01-28,2022-02-14,-0.0127539031341488,2022,2021-12-31,learned_vol_interaction,20260910,0.6916788990216658,0.6916788990216658,1,0
annual_quarter_half,2675,2022-01-28,2022-02-14,-0.0127539031341488,2022,2021-12-31,learned_vol_interaction,20260911,0.49771804856397844,0.49771804856397844,0,0
annual_quarter_half,2675,2022-01-28,2022-02-14,-0.0127539031341488,2022,2021-12-31,learned_vol_interaction,20260912,0.5573504263949657,0.5573504263949657,1,0
annual_quarter_half,2675,2022-01-28,2022-02-14,-0.0127539031341488,2022,2021-12-31,native_mse,20260910,0.010886081661597602,,1,0
annual_quarter_half,2675,2022-01-28,2022-02-14,-0.0127539031341488,2022,2021-12-31,native_mse,20260911,0.0025503118790792955,,1,0
annual_quarter_half,2675,2022-01-28,2022-02-14,-0.0127539031341488,2022,2021-12-31,native_mse,20260912,0.001858669558311765,,1,0
annual_quarter_half,2675,2022-01-28,2022-02-14,-0.0127539031341488,2022,2021-12-31,training_frequency,-1,0.5458298926507019,0.5458298926507019,1,0
annual_quarter_half,2680,2022-02-11,2022-02-21,0.0145498774954033,2022,2021-12-31,learned_market,20260910,0.6685932622029157,0.6685932622029157,1,1
annual_quarter_half,2680,2022-02-11,2022-02-21,0.0145498774954033,2022,2021-12-31,learned_market,20260911,0.6718433913580089,0.6718433913580089,1,1
annual_quarter_half,2680,2022-02-11,2022-02-21,0.0145498774954033,2022,2021-12-31,learned_market,20260912,0.6301827176961465,0.6301827176961465,1,1
annual_quarter_half,2680,2022-02-11,2022-02-21,0.0145498774954033,2022,2021-12-31,learned_order_extension,20260910,0.6554002636047295,0.6554002636047295,1,1
annual_quarter_half,2680,2022-02-11,2022-02-21,0.0145498774954033,2022,2021-12-31,learned_order_extension,20260911,0.6818533435255958,0.6818533435255958,1,1
annual_quarter_half,2680,2022-02-11,2022-02-21,0.0145498774954033,2022,2021-12-31,learned_order_extension,20260912,0.6112227291481532,0.6112227291481532,1,1
annual_quarter_half,2680,2022-02-11,2022-02-21,0.0145498774954033,2022,2021-12-31,learned_order_offset,20260910,0.6551608348224088,0.6551608348224088,1,1
annual_quarter_half,2680,2022-02-11,2022-02-21,0.0145498774954033,2022,2021-12-31,learned_order_offset,20260911,0.6802368405234962,0.6802368405234962,1,1
annual_quarter_half,2680,2022-02-11,2022-02-21,0.0145498774954033,2022,2021-12-31,learned_order_offset,20260912,0.6110482909835675,0.6110482909835675,1,1
annual_quarter_half,2680,2022-02-11,2022-02-21,0.0145498774954033,2022,2021-12-31,learned_vol_interaction,20260910,0.6656475068815167,0.6656475068815167,1,1
annual_quarter_half,2680,2022-02-11,2022-02-21,0.0145498774954033,2022,2021-12-31,learned_vol_interaction,20260911,0.6694625883349451,0.6694625883349451,1,1
annual_quarter_half,2680,2022-02-11,2022-02-21,0.0145498774954033,2022,2021-12-31,learned_vol_interaction,20260912,0.6206875889696911,0.6206875889696911,1,1
annual_quarter_half,2680,2022-02-11,2022-02-21,0.0145498774954033,2022,2021-12-31,native_mse,20260910,0.008879219089809445,,1,1
annual_quarter_half,2680,2022-02-11,2022-02-21,0.0145498774954033,2022,2021-12-31,native_mse,20260911,0.0063949393307865515,,1,1
annual_quarter_half,2680,2022-02-11,2022-02-21,0.0145498774954033,2022,2021-12-31,native_mse,20260912,0.003479305001395758,,1,1
annual_quarter_half,2680,2022-02-11,2022-02-21,0.0145498774954033,2022,2021-12-31,training_frequency,-1,0.5458298926507019,0.5458298926507019,1,1
annual_quarter_half,2685,2022-02-18,2022-02-28,-0.0177161244498015,2022,2021-12-31,learned_market,20260910,0.721020181747073,0.721020181747073,1,0
annual_quarter_half,2685,2022-02-18,2022-02-28,-0.0177161244498015,2022,2021-12-31,learned_market,20260911,0.5840107527473801,0.5840107527473801,1,0
annual_quarter_half,2685,2022-02-18,2022-02-28,-0.0177161244498015,2022,2021-12-31,learned_market,20260912,0.7133251277073638,0.7133251277073638,1,0
annual_quarter_half,2685,2022-02-18,2022-02-28,-0.0177161244498015,2022,2021-12-31,learned_order_extension,20260910,0.7136098531605942,0.7136098531605942,1,0
annual_quarter_half,2685,2022-02-18,2022-02-28,-0.0177161244498015,2022,2021-12-31,learned_order_extension,20260911,0.5955146443753425,0.5955146443753425,1,0
annual_quarter_half,2685,2022-02-18,2022-02-28,-0.0177161244498015,2022,2021-12-31,learned_order_extension,20260912,0.7082710857336353,0.7082710857336353,1,0
annual_quarter_half,2685,2022-02-18,2022-02-28,-0.0177161244498015,2022,2021-12-31,learned_order_offset,20260910,0.713244067556852,0.713244067556852,1,0
annual_quarter_half,2685,2022-02-18,2022-02-28,-0.0177161244498015,2022,2021-12-31,learned_order_offset,20260911,0.596796587857382,0.596796587857382,1,0
annual_quarter_half,2685,2022-02-18,2022-02-28,-0.0177161244498015,2022,2021-12-31,learned_order_offset,20260912,0.7082662053268953,0.7082662053268953,1,0
annual_quarter_half,2685,2022-02-18,2022-02-28,-0.0177161244498015,2022,2021-12-31,learned_vol_interaction,20260910,0.7192657526415306,0.7192657526415306,1,0
annual_quarter_half,2685,2022-02-18,2022-02-28,-0.0177161244498015,2022,2021-12-31,learned_vol_interaction,20260911,0.5867879452577756,0.5867879452577756,1,0
annual_quarter_half,2685,2022-02-18,2022-02-28,-0.0177161244498015,2022,2021-12-31,learned_vol_interaction,20260912,0.7137718136904925,0.7137718136904925,1,0
annual_quarter_half,2685,2022-02-18,2022-02-28,-0.0177161244498015,2022,2021-12-31,native_mse,20260910,0.009476567447344621,,1,0
annual_quarter_half,2685,2022-02-18,2022-02-28,-0.0177161244498015,2022,2021-12-31,native_mse,20260911,0.004306186298337274,,1,0
annual_quarter_half,2685,2022-02-18,2022-02-28,-0.0177161244498015,2022,2021-12-31,native_mse,20260912,0.00484344917433416,,1,0
annual_quarter_half,2685,2022-02-18,2022-02-28,-0.0177161244498015,2022,2021-12-31,training_frequency,-1,0.5458298926507019,0.5458298926507019,1,0
annual_quarter_half,2690,2022-02-25,2022-03-07,-0.0221791776043331,2022,2021-12-31,learned_market,20260910,0.6720256213340763,0.6720256213340763,1,0
annual_quarter_half,2690,2022-02-25,2022-03-07,-0.0221791776043331,2022,2021-12-31,learned_market,20260911,0.59915482742086,0.59915482742086,1,0
annual_quarter_half,2690,2022-02-25,2022-03-07,-0.0221791776043331,2022,2021-12-31,learned_market,20260912,0.7021196640037924,0.7021196640037924,1,0
annual_quarter_half,2690,2022-02-25,2022-03-07,-0.0221791776043331,2022,2021-12-31,learned_order_extension,20260910,0.6487731912125562,0.6487731912125562,1,0
annual_quarter_half,2690,2022-02-25,2022-03-07,-0.0221791776043331,2022,2021-12-31,learned_order_extension,20260911,0.609831009331646,0.609831009331646,1,0
annual_quarter_half,2690,2022-02-25,2022-03-07,-0.0221791776043331,2022,2021-12-31,learned_order_extension,20260912,0.672646545498505,0.672646545498505,1,0
annual_quarter_half,2690,2022-02-25,2022-03-07,-0.0221791776043331,2022,2021-12-31,learned_order_offset,20260910,0.6484724441889236,0.6484724441889236,1,0
annual_quarter_half,2690,2022-02-25,2022-03-07,-0.0221791776043331,2022,2021-12-31,learned_order_offset,20260911,0.6102898323949857,0.6102898323949857,1,0
annual_quarter_half,2690,2022-02-25,2022-03-07,-0.0221791776043331,2022,2021-12-31,learned_order_offset,20260912,0.6726443299723985,0.6726443299723985,1,0
annual_quarter_half,2690,2022-02-25,2022-03-07,-0.0221791776043331,2022,2021-12-31,learned_vol_interaction,20260910,0.665128795190077,0.665128795190077,1,0
annual_quarter_half,2690,2022-02-25,2022-03-07,-0.0221791776043331,2022,2021-12-31,learned_vol_interaction,20260911,0.6015705830845076,0.6015705830845076,1,0
annual_quarter_half,2690,2022-02-25,2022-03-07,-0.0221791776043331,2022,2021-12-31,learned_vol_interaction,20260912,0.6900080859244496,0.6900080859244496,1,0
annual_quarter_half,2690,2022-02-25,2022-03-07,-0.0221791776043331,2022,2021-12-31,native_mse,20260910,0.01051598647298397,,1,0
annual_quarter_half,2690,2022-02-25,2022-03-07,-0.0221791776043331,2022,2021-12-31,native_mse,20260911,0.00884306439536679,,1,0
annual_quarter_half,2690,2022-02-25,2022-03-07,-0.0221791776043331,2022,2021-12-31,native_mse,20260912,0.004930593592929232,,1,0
annual_quarter_half,2690,2022-02-25,2022-03-07,-0.0221791776043331,2022,2021-12-31,training_frequency,-1,0.5458298926507019,0.5458298926507019,1,0
annual_quarter_half,2695,2022-03-04,2022-03-14,-0.0480378799422749,2022,2021-12-31,learned_market,20260910,0.6491632424244927,0.6491632424244927,1,0
annual_quarter_half,2695,2022-03-04,2022-03-14,-0.0480378799422749,2022,2021-12-31,learned_market,20260911,0.64751535974218,0.64751535974218,1,0
annual_quarter_half,2695,2022-03-04,2022-03-14,-0.0480378799422749,2022,2021-12-31,learned_market,20260912,0.719986373445646,0.719986373445646,1,0
annual_quarter_half,2695,2022-03-04,2022-03-14,-0.0480378799422749,2022,2021-12-31,learned_order_extension,20260910,0.6318792296674466,0.6318792296674466,1,0
annual_quarter_half,2695,2022-03-04,2022-03-14,-0.0480378799422749,2022,2021-12-31,learned_order_extension,20260911,0.6608881864634962,0.6608881864634962,1,0
annual_quarter_half,2695,2022-03-04,2022-03-14,-0.0480378799422749,2022,2021-12-31,learned_order_extension,20260912,0.7063888110552541,0.7063888110552541,1,0
annual_quarter_half,2695,2022-03-04,2022-03-14,-0.0480378799422749,2022,2021-12-31,learned_order_offset,20260910,0.6314504954417829,0.6314504954417829,1,0
annual_quarter_half,2695,2022-03-04,2022-03-14,-0.0480378799422749,2022,2021-12-31,learned_order_offset,20260911,0.6602950267381666,0.6602950267381666,1,0
annual_quarter_half,2695,2022-03-04,2022-03-14,-0.0480378799422749,2022,2021-12-31,learned_order_offset,20260912,0.7063540116439039,0.7063540116439039,1,0
annual_quarter_half,2695,2022-03-04,2022-03-14,-0.0480378799422749,2022,2021-12-31,learned_vol_interaction,20260910,0.6570221213989423,0.6570221213989423,1,0
annual_quarter_half,2695,2022-03-04,2022-03-14,-0.0480378799422749,2022,2021-12-31,learned_vol_interaction,20260911,0.6516108393132726,0.6516108393132726,1,0
annual_quarter_half,2695,2022-03-04,2022-03-14,-0.0480378799422749,2022,2021-12-31,learned_vol_interaction,20260912,0.7251850433232085,0.7251850433232085,1,0
annual_quarter_half,2695,2022-03-04,2022-03-14,-0.0480378799422749,2022,2021-12-31,native_mse,20260910,0.007053677912636015,,1,0
annual_quarter_half,2695,2022-03-04,2022-03-14,-0.0480378799422749,2022,2021-12-31,native_mse,20260911,0.008878575004775912,,1,0
annual_quarter_half,2695,2022-03-04,2022-03-14,-0.0480378799422749,2022,2021-12-31,native_mse,20260912,0.004780982951547397,,1,0
annual_quarter_half,2695,2022-03-04,2022-03-14,-0.0480378799422749,2022,2021-12-31,training_frequency,-1,0.5458298926507019,0.5458298926507019,1,0
annual_quarter_half,2700,2022-03-11,2022-03-21,0.007530336734814,2022,2021-12-31,learned_market,20260910,0.7072260560701839,0.7072260560701839,1,1
annual_quarter_half,2700,2022-03-11,2022-03-21,0.007530336734814,2022,2021-12-31,learned_market,20260911,0.6601858855959774,0.6601858855959774,1,1
annual_quarter_half,2700,2022-03-11,2022-03-21,0.007530336734814,2022,2021-12-31,learned_market,20260912,0.6467498960464059,0.6467498960464059,1,1
annual_quarter_half,2700,2022-03-11,2022-03-21,0.007530336734814,2022,2021-12-31,learned_order_extension,20260910,0.6914869969738268,0.6914869969738268,1,1
annual_quarter_half,2700,2022-03-11,2022-03-21,0.007530336734814,2022,2021-12-31,learned_order_extension,20260911,0.667203580437131,0.667203580437131,1,1
annual_quarter_half,2700,2022-03-11,2022-03-21,0.007530336734814,2022,2021-12-31,learned_order_extension,20260912,0.6284040084971629,0.6284040084971629,1,1
annual_quarter_half,2700,2022-03-11,2022-03-21,0.007530336734814,2022,2021-12-31,learned_order_offset,20260910,0.691194443082509,0.691194443082509,1,1
annual_quarter_half,2700,2022-03-11,2022-03-21,0.007530336734814,2022,2021-12-31,learned_order_offset,20260911,0.6664417620027226,0.6664417620027226,1,1
annual_quarter_half,2700,2022-03-11,2022-03-21,0.007530336734814,2022,2021-12-31,learned_order_offset,20260912,0.6284302090313957,0.6284302090313957,1,1
annual_quarter_half,2700,2022-03-11,2022-03-21,0.007530336734814,2022,2021-12-31,learned_vol_interaction,20260910,0.7032750021899432,0.7032750021899432,1,1
annual_quarter_half,2700,2022-03-11,2022-03-21,0.007530336734814,2022,2021-12-31,learned_vol_interaction,20260911,0.6653311044961694,0.6653311044961694,1,1
annual_quarter_half,2700,2022-03-11,2022-03-21,0.007530336734814,2022,2021-12-31,learned_vol_interaction,20260912,0.6323197465308961,0.6323197465308961,1,1
annual_quarter_half,2700,2022-03-11,2022-03-21,0.007530336734814,2022,2021-12-31,native_mse,20260910,0.010804442451387935,,1,1
annual_quarter_half,2700,2022-03-11,2022-03-21,0.007530336734814,2022,2021-12-31,native_mse,20260911,0.008804997087552644,,1,1
annual_quarter_half,2700,2022-03-11,2022-03-21,0.007530336734814,2022,2021-12-31,native_mse,20260912,0.004193854635787947,,1,1
annual_quarter_half,2700,2022-03-11,2022-03-21,0.007530336734814,2022,2021-12-31,training_frequency,-1,0.5458298926507019,0.5458298926507019,1,1
annual_quarter_half,2705,2022-03-18,2022-03-28,-0.0353493110038457,2022,2021-12-31,learned_market,20260910,0.680562718896786,0.680562718896786,1,0
annual_quarter_half,2705,2022-03-18,2022-03-28,-0.0353493110038457,2022,2021-12-31,learned_market,20260911,0.5676194322684474,0.5676194322684474,1,0
annual_quarter_half,2705,2022-03-18,2022-03-28,-0.0353493110038457,2022,2021-12-31,learned_market,20260912,0.6307138428823564,0.6307138428823564,1,0
annual_quarter_half,2705,2022-03-18,2022-03-28,-0.0353493110038457,2022,2021-12-31,learned_order_extension,20260910,0.6587542387705517,0.6587542387705517,1,0
annual_quarter_half,2705,2022-03-18,2022-03-28,-0.0353493110038457,2022,2021-12-31,learned_order_extension,20260911,0.5665388063290007,0.5665388063290007,1,0
annual_quarter_half,2705,2022-03-18,2022-03-28,-0.0353493110038457,2022,2021-12-31,learned_order_extension,20260912,0.5929220651203073,0.5929220651203073,1,0
annual_quarter_half,2705,2022-03-18,2022-03-28,-0.0353493110038457,2022,2021-12-31,learned_order_offset,20260910,0.6583803934930407,0.6583803934930407,1,0
annual_quarter_half,2705,2022-03-18,2022-03-28,-0.0353493110038457,2022,2021-12-31,learned_order_offset,20260911,0.5665934515797131,0.5665934515797131,1,0
annual_quarter_half,2705,2022-03-18,2022-03-28,-0.0353493110038457,2022,2021-12-31,learned_order_offset,20260912,0.5930408007656572,0.5930408007656572,1,0
annual_quarter_half,2705,2022-03-18,2022-03-28,-0.0353493110038457,2022,2021-12-31,learned_vol_interaction,20260910,0.6524086529307518,0.6524086529307518,1,0
annual_quarter_half,2705,2022-03-18,2022-03-28,-0.0353493110038457,2022,2021-12-31,learned_vol_interaction,20260911,0.567250973729041,0.567250973729041,1,0
annual_quarter_half,2705,2022-03-18,2022-03-28,-0.0353493110038457,2022,2021-12-31,learned_vol_interaction,20260912,0.5933343778810724,0.5933343778810724,1,0
annual_quarter_half,2705,2022-03-18,2022-03-28,-0.0353493110038457,2022,2021-12-31,native_mse,20260910,0.0072982657258971444,,1,0
annual_quarter_half,2705,2022-03-18,2022-03-28,-0.0353493110038457,2022,2021-12-31,native_mse,20260911,0.0029149751065889705,,1,0
annual_quarter_half,2705,2022-03-18,2022-03-28,-0.0353493110038457,2022,2021-12-31,native_mse,20260912,0.004396502651581285,,1,0
annual_quarter_half,2705,2022-03-18,2022-03-28,-0.0353493110038457,2022,2021-12-31,training_frequency,-1,0.5458298926507019,0.5458298926507019,1,0
annual_quarter_half,2710,2022-03-25,2022-04-06,0.0314834190717003,2022,2021-12-31,learned_market,20260910,0.7149297850291989,0.7149297850291989,1,1
annual_quarter_half,2710,2022-03-25,2022-04-06,0.0314834190717003,2022,2021-12-31,learned_market,20260911,0.7331434681165004,0.7331434681165004,1,1
annual_quarter_half,2710,2022-03-25,2022-04-06,0.0314834190717003,2022,2021-12-31,learned_market,20260912,0.5581715372656506,0.5581715372656506,1,1
annual_quarter_half,2710,2022-03-25,2022-04-06,0.0314834190717003,2022,2021-12-31,learned_order_extension,20260910,0.6972076913228429,0.6972076913228429,1,1
annual_quarter_half,2710,2022-03-25,2022-04-06,0.0314834190717003,2022,2021-12-31,learned_order_extension,20260911,0.7315317518580224,0.7315317518580224,1,1
annual_quarter_half,2710,2022-03-25,2022-04-06,0.0314834190717003,2022,2021-12-31,learned_order_extension,20260912,0.560900893741765,0.560900893741765,1,1
annual_quarter_half,2710,2022-03-25,2022-04-06,0.0314834190717003,2022,2021-12-31,learned_order_offset,20260910,0.696855601595334,0.696855601595334,1,1
annual_quarter_half,2710,2022-03-25,2022-04-06,0.0314834190717003,2022,2021-12-31,learned_order_offset,20260911,0.7312694881776368,0.7312694881776368,1,1
annual_quarter_half,2710,2022-03-25,2022-04-06,0.0314834190717003,2022,2021-12-31,learned_order_offset,20260912,0.5609837979969954,0.5609837979969954,1,1
annual_quarter_half,2710,2022-03-25,2022-04-06,0.0314834190717003,2022,2021-12-31,learned_vol_interaction,20260910,0.6942468524177501,0.6942468524177501,1,1
annual_quarter_half,2710,2022-03-25,2022-04-06,0.0314834190717003,2022,2021-12-31,learned_vol_interaction,20260911,0.7397988804119464,0.7397988804119464,1,1
annual_quarter_half,2710,2022-03-25,2022-04-06,0.0314834190717003,2022,2021-12-31,learned_vol_interaction,20260912,0.5562710543563346,0.5562710543563346,1,1
annual_quarter_half,2710,2022-03-25,2022-04-06,0.0314834190717003,2022,2021-12-31,native_mse,20260910,0.007546796616275884,,1,1
annual_quarter_half,2710,2022-03-25,2022-04-06,0.0314834190717003,2022,2021-12-31,native_mse,20260911,0.009608904415587632,,1,1
annual_quarter_half,2710,2022-03-25,2022-04-06,0.0314834190717003,2022,2021-12-31,native_mse,20260912,0.0036897334948297125,,1,1
annual_quarter_half,2710,2022-03-25,2022-04-06,0.0314834190717003,2022,2021-12-31,training_frequency,-1,0.5458298926507019,0.5458298926507019,1,1
annual_quarter_half,2715,2022-04-01,2022-04-12,-0.0129237372705649,2022,2022-03-31,learned_market,20260910,0.6827056577206836,0.6827056577206836,1,0
annual_quarter_half,2715,2022-04-01,2022-04-12,-0.0129237372705649,2022,2022-03-31,learned_market,20260911,0.6067162058328637,0.6067162058328637,1,0
annual_quarter_half,2715,2022-04-01,2022-04-12,-0.0129237372705649,2022,2022-03-31,learned_market,20260912,0.6157365488116336,0.6157365488116336,1,0
annual_quarter_half,2715,2022-04-01,2022-04-12,-0.0129237372705649,2022,2022-03-31,learned_order_extension,20260910,0.6422750700729603,0.6422750700729603,1,0
annual_quarter_half,2715,2022-04-01,2022-04-12,-0.0129237372705649,2022,2022-03-31,learned_order_extension,20260911,0.6006860330906487,0.6006860330906487,1,0
annual_quarter_half,2715,2022-04-01,2022-04-12,-0.0129237372705649,2022,2022-03-31,learned_order_extension,20260912,0.61356710844175,0.61356710844175,1,0
annual_quarter_half,2715,2022-04-01,2022-04-12,-0.0129237372705649,2022,2022-03-31,learned_order_offset,20260910,0.6416908100517887,0.6416908100517887,1,0
annual_quarter_half,2715,2022-04-01,2022-04-12,-0.0129237372705649,2022,2022-03-31,learned_order_offset,20260911,0.6006918552269993,0.6006918552269993,1,0
annual_quarter_half,2715,2022-04-01,2022-04-12,-0.0129237372705649,2022,2022-03-31,learned_order_offset,20260912,0.6126689969366295,0.6126689969366295,1,0
annual_quarter_half,2715,2022-04-01,2022-04-12,-0.0129237372705649,2022,2022-03-31,learned_vol_interaction,20260910,0.6455131093882396,0.6455131093882396,1,0
annual_quarter_half,2715,2022-04-01,2022-04-12,-0.0129237372705649,2022,2022-03-31,learned_vol_interaction,20260911,0.6097059414162544,0.6097059414162544,1,0
annual_quarter_half,2715,2022-04-01,2022-04-12,-0.0129237372705649,2022,2022-03-31,learned_vol_interaction,20260912,0.6105983877261715,0.6105983877261715,1,0
annual_quarter_half,2715,2022-04-01,2022-04-12,-0.0129237372705649,2022,2022-03-31,native_mse,20260910,0.0073030815752030305,,1,0
annual_quarter_half,2715,2022-04-01,2022-04-12,-0.0129237372705649,2022,2022-03-31,native_mse,20260911,0.00861857822367405,,1,0
annual_quarter_half,2715,2022-04-01,2022-04-12,-0.0129237372705649,2022,2022-03-31,native_mse,20260912,0.002703501142593083,,1,0
annual_quarter_half,2715,2022-04-01,2022-04-12,-0.0129237372705649,2022,2022-03-31,training_frequency,-1,0.5361380868212187,0.5361380868212187,1,0
annual_quarter_half,2718,2022-04-08,2022-04-18,-0.0120986062576864,2022,2022-03-31,learned_market,20260910,0.7102301803068891,0.7102301803068891,1,0
annual_quarter_half,2718,2022-04-08,2022-04-18,-0.0120986062576864,2022,2022-03-31,learned_market,20260911,0.5737897452475665,0.5737897452475665,1,0
annual_quarter_half,2718,2022-04-08,2022-04-18,-0.0120986062576864,2022,2022-03-31,learned_market,20260912,0.56405372111284,0.56405372111284,1,0
annual_quarter_half,2718,2022-04-08,2022-04-18,-0.0120986062576864,2022,2022-03-31,learned_order_extension,20260910,0.6710661743683644,0.6710661743683644,1,0
annual_quarter_half,2718,2022-04-08,2022-04-18,-0.0120986062576864,2022,2022-03-31,learned_order_extension,20260911,0.5594579604815447,0.5594579604815447,1,0
annual_quarter_half,2718,2022-04-08,2022-04-18,-0.0120986062576864,2022,2022-03-31,learned_order_extension,20260912,0.557731661737281,0.557731661737281,1,0
annual_quarter_half,2718,2022-04-08,2022-04-18,-0.0120986062576864,2022,2022-03-31,learned_order_offset,20260910,0.6705320692299437,0.6705320692299437,1,0
annual_quarter_half,2718,2022-04-08,2022-04-18,-0.0120986062576864,2022,2022-03-31,learned_order_offset,20260911,0.5594532937697703,0.5594532937697703,1,0
annual_quarter_half,2718,2022-04-08,2022-04-18,-0.0120986062576864,2022,2022-03-31,learned_order_offset,20260912,0.5572235149080059,0.5572235149080059,1,0
annual_quarter_half,2718,2022-04-08,2022-04-18,-0.0120986062576864,2022,2022-03-31,learned_vol_interaction,20260910,0.6739883512128806,0.6739883512128806,1,0
annual_quarter_half,2718,2022-04-08,2022-04-18,-0.0120986062576864,2022,2022-03-31,learned_vol_interaction,20260911,0.5713643034776701,0.5713643034776701,1,0
annual_quarter_half,2718,2022-04-08,2022-04-18,-0.0120986062576864,2022,2022-03-31,learned_vol_interaction,20260912,0.5627801411077147,0.5627801411077147,1,0
annual_quarter_half,2718,2022-04-08,2022-04-18,-0.0120986062576864,2022,2022-03-31,native_mse,20260910,0.007801302385485357,,1,0
annual_quarter_half,2718,2022-04-08,2022-04-18,-0.0120986062576864,2022,2022-03-31,native_mse,20260911,0.0024940682389602968,,1,0
annual_quarter_half,2718,2022-04-08,2022-04-18,-0.0120986062576864,2022,2022-03-31,native_mse,20260912,0.0024995959549509272,,1,0
annual_quarter_half,2718,2022-04-08,2022-04-18,-0.0120986062576864,2022,2022-03-31,training_frequency,-1,0.5361380868212187,0.5361380868212187,1,0
annual_quarter_half,2723,2022-04-15,2022-04-25,-0.0528494340140576,2022,2022-03-31,learned_market,20260910,0.693339131516227,0.693339131516227,1,0
annual_quarter_half,2723,2022-04-15,2022-04-25,-0.0528494340140576,2022,2022-03-31,learned_market,20260911,0.631440042967116,0.631440042967116,1,0
annual_quarter_half,2723,2022-04-15,2022-04-25,-0.0528494340140576,2022,2022-03-31,learned_market,20260912,0.5214909549215321,0.5214909549215321,1,0
annual_quarter_half,2723,2022-04-15,2022-04-25,-0.0528494340140576,2022,2022-03-31,learned_order_extension,20260910,0.6923718841003113,0.6923718841003113,1,0
annual_quarter_half,2723,2022-04-15,2022-04-25,-0.0528494340140576,2022,2022-03-31,learned_order_extension,20260911,0.6246384061281477,0.6246384061281477,1,0
annual_quarter_half,2723,2022-04-15,2022-04-25,-0.0528494340140576,2022,2022-03-31,learned_order_extension,20260912,0.4935035334069279,0.4935035334069279,0,0
annual_quarter_half,2723,2022-04-15,2022-04-25,-0.0528494340140576,2022,2022-03-31,learned_order_offset,20260910,0.6917946623242485,0.6917946623242485,1,0
annual_quarter_half,2723,2022-04-15,2022-04-25,-0.0528494340140576,2022,2022-03-31,learned_order_offset,20260911,0.6243461931173966,0.6243461931173966,1,0
annual_quarter_half,2723,2022-04-15,2022-04-25,-0.0528494340140576,2022,2022-03-31,learned_order_offset,20260912,0.4942459008853494,0.4942459008853494,0,0
annual_quarter_half,2723,2022-04-15,2022-04-25,-0.0528494340140576,2022,2022-03-31,learned_vol_interaction,20260910,0.6871262643083205,0.6871262643083205,1,0
annual_quarter_half,2723,2022-04-15,2022-04-25,-0.0528494340140576,2022,2022-03-31,learned_vol_interaction,20260911,0.6332109679298366,0.6332109679298366,1,0
annual_quarter_half,2723,2022-04-15,2022-04-25,-0.0528494340140576,2022,2022-03-31,learned_vol_interaction,20260912,0.5182465896933285,0.5182465896933285,1,0
annual_quarter_half,2723,2022-04-15,2022-04-25,-0.0528494340140576,2022,2022-03-31,native_mse,20260910,0.00767130598559254,,1,0
annual_quarter_half,2723,2022-04-15,2022-04-25,-0.0528494340140576,2022,2022-03-31,native_mse,20260911,0.008277856195692853,,1,0
annual_quarter_half,2723,2022-04-15,2022-04-25,-0.0528494340140576,2022,2022-03-31,native_mse,20260912,0.0023419972125296017,,1,0
annual_quarter_half,2723,2022-04-15,2022-04-25,-0.0528494340140576,2022,2022-03-31,training_frequency,-1,0.5361380868212187,0.5361380868212187,1,0
annual_quarter_half,2728,2022-04-22,2022-05-05,0.015736821365468,2022,2022-03-31,learned_market,20260910,0.6478654250051847,0.6478654250051847,1,1
annual_quarter_half,2728,2022-04-22,2022-05-05,0.015736821365468,2022,2022-03-31,learned_market,20260911,0.6299250884497053,0.6299250884497053,1,1
annual_quarter_half,2728,2022-04-22,2022-05-05,0.015736821365468,2022,2022-03-31,learned_market,20260912,0.5318273005366567,0.5318273005366567,1,1
annual_quarter_half,2728,2022-04-22,2022-05-05,0.015736821365468,2022,2022-03-31,learned_order_extension,20260910,0.6397509194268445,0.6397509194268445,1,1
annual_quarter_half,2728,2022-04-22,2022-05-05,0.015736821365468,2022,2022-03-31,learned_order_extension,20260911,0.6454942321440127,0.6454942321440127,1,1
annual_quarter_half,2728,2022-04-22,2022-05-05,0.015736821365468,2022,2022-03-31,learned_order_extension,20260912,0.5319894812601991,0.5319894812601991,1,1
annual_quarter_half,2728,2022-04-22,2022-05-05,0.015736821365468,2022,2022-03-31,learned_order_offset,20260910,0.6391133877815612,0.6391133877815612,1,1
annual_quarter_half,2728,2022-04-22,2022-05-05,0.015736821365468,2022,2022-03-31,learned_order_offset,20260911,0.6456853381873913,0.6456853381873913,1,1
annual_quarter_half,2728,2022-04-22,2022-05-05,0.015736821365468,2022,2022-03-31,learned_order_offset,20260912,0.5322270686365915,0.5322270686365915,1,1
annual_quarter_half,2728,2022-04-22,2022-05-05,0.015736821365468,2022,2022-03-31,learned_vol_interaction,20260910,0.6426400861939903,0.6426400861939903,1,1
annual_quarter_half,2728,2022-04-22,2022-05-05,0.015736821365468,2022,2022-03-31,learned_vol_interaction,20260911,0.6349335215154642,0.6349335215154642,1,1
annual_quarter_half,2728,2022-04-22,2022-05-05,0.015736821365468,2022,2022-03-31,learned_vol_interaction,20260912,0.5377767199367391,0.5377767199367391,1,1
annual_quarter_half,2728,2022-04-22,2022-05-05,0.015736821365468,2022,2022-03-31,native_mse,20260910,0.0062054528560448585,,1,1
annual_quarter_half,2728,2022-04-22,2022-05-05,0.015736821365468,2022,2022-03-31,native_mse,20260911,0.0063196227086608735,,1,1
annual_quarter_half,2728,2022-04-22,2022-05-05,0.015736821365468,2022,2022-03-31,native_mse,20260912,0.0021669307805777314,,1,1
annual_quarter_half,2728,2022-04-22,2022-05-05,0.015736821365468,2022,2022-03-31,training_frequency,-1,0.5361380868212187,0.5361380868212187,1,1
annual_quarter_half,2733,2022-04-29,2022-05-11,-0.0278824133054675,2022,2022-03-31,learned_market,20260910,0.6335491036514858,0.6335491036514858,1,0
annual_quarter_half,2733,2022-04-29,2022-05-11,-0.0278824133054675,2022,2022-03-31,learned_market,20260911,0.45147452879476646,0.45147452879476646,0,0
annual_quarter_half,2733,2022-04-29,2022-05-11,-0.0278824133054675,2022,2022-03-31,learned_market,20260912,0.3572909365220883,0.3572909365220883,0,0
annual_quarter_half,2733,2022-04-29,2022-05-11,-0.0278824133054675,2022,2022-03-31,learned_order_extension,20260910,0.5998517694165613,0.5998517694165613,1,0
annual_quarter_half,2733,2022-04-29,2022-05-11,-0.0278824133054675,2022,2022-03-31,learned_order_extension,20260911,0.4551514556016696,0.4551514556016696,0,0
annual_quarter_half,2733,2022-04-29,2022-05-11,-0.0278824133054675,2022,2022-03-31,learned_order_extension,20260912,0.38487095769770396,0.38487095769770396,0,0
annual_quarter_half,2733,2022-04-29,2022-05-11,-0.0278824133054675,2022,2022-03-31,learned_order_offset,20260910,0.5994101891089356,0.5994101891089356,1,0
annual_quarter_half,2733,2022-04-29,2022-05-11,-0.0278824133054675,2022,2022-03-31,learned_order_offset,20260911,0.45381794163340317,0.45381794163340317,0,0
annual_quarter_half,2733,2022-04-29,2022-05-11,-0.0278824133054675,2022,2022-03-31,learned_order_offset,20260912,0.38552542037368775,0.38552542037368775,0,0
annual_quarter_half,2733,2022-04-29,2022-05-11,-0.0278824133054675,2022,2022-03-31,learned_vol_interaction,20260910,0.6073800992278833,0.6073800992278833,1,0
annual_quarter_half,2733,2022-04-29,2022-05-11,-0.0278824133054675,2022,2022-03-31,learned_vol_interaction,20260911,0.44383394775351215,0.44383394775351215,0,0
annual_quarter_half,2733,2022-04-29,2022-05-11,-0.0278824133054675,2022,2022-03-31,learned_vol_interaction,20260912,0.3734102301184309,0.3734102301184309,0,0
annual_quarter_half,2733,2022-04-29,2022-05-11,-0.0278824133054675,2022,2022-03-31,native_mse,20260910,0.005128850846594953,,1,0
annual_quarter_half,2733,2022-04-29,2022-05-11,-0.0278824133054675,2022,2022-03-31,native_mse,20260911,0.0008972440396935897,,1,0
annual_quarter_half,2733,2022-04-29,2022-05-11,-0.0278824133054675,2022,2022-03-31,native_mse,20260912,0.0017488459947536312,,1,0
annual_quarter_half,2733,2022-04-29,2022-05-11,-0.0278824133054675,2022,2022-03-31,training_frequency,-1,0.5361380868212187,0.5361380868212187,1,0
annual_quarter_half,2735,2022-05-06,2022-05-16,0.033741423035827,2022,2022-03-31,learned_market,20260910,0.672606057536647,0.672606057536647,1,1
annual_quarter_half,2735,2022-05-06,2022-05-16,0.033741423035827,2022,2022-03-31,learned_market,20260911,0.41682739914325784,0.41682739914325784,0,1
annual_quarter_half,2735,2022-05-06,2022-05-16,0.033741423035827,2022,2022-03-31,learned_market,20260912,0.45817987943098126,0.45817987943098126,0,1
annual_quarter_half,2735,2022-05-06,2022-05-16,0.033741423035827,2022,2022-03-31,learned_order_extension,20260910,0.6336577592262318,0.6336577592262318,1,1
annual_quarter_half,2735,2022-05-06,2022-05-16,0.033741423035827,2022,2022-03-31,learned_order_extension,20260911,0.41523753998063184,0.41523753998063184,0,1
annual_quarter_half,2735,2022-05-06,2022-05-16,0.033741423035827,2022,2022-03-31,learned_order_extension,20260912,0.4831605609418007,0.4831605609418007,0,1
annual_quarter_half,2735,2022-05-06,2022-05-16,0.033741423035827,2022,2022-03-31,learned_order_offset,20260910,0.6332560411908843,0.6332560411908843,1,1
annual_quarter_half,2735,2022-05-06,2022-05-16,0.033741423035827,2022,2022-03-31,learned_order_offset,20260911,0.4133634754478515,0.4133634754478515,0,1
annual_quarter_half,2735,2022-05-06,2022-05-16,0.033741423035827,2022,2022-03-31,learned_order_offset,20260912,0.4832129031023973,0.4832129031023973,0,1
annual_quarter_half,2735,2022-05-06,2022-05-16,0.033741423035827,2022,2022-03-31,learned_vol_interaction,20260910,0.6411084336962964,0.6411084336962964,1,1
annual_quarter_half,2735,2022-05-06,2022-05-16,0.033741423035827,2022,2022-03-31,learned_vol_interaction,20260911,0.40332988200256764,0.40332988200256764,0,1
annual_quarter_half,2735,2022-05-06,2022-05-16,0.033741423035827,2022,2022-03-31,learned_vol_interaction,20260912,0.47913776592091306,0.47913776592091306,0,1
annual_quarter_half,2735,2022-05-06,2022-05-16,0.033741423035827,2022,2022-03-31,native_mse,20260910,0.005285504347100646,,1,1
annual_quarter_half,2735,2022-05-06,2022-05-16,0.033741423035827,2022,2022-03-31,native_mse,20260911,-0.0037728845695424685,,0,1
annual_quarter_half,2735,2022-05-06,2022-05-16,0.033741423035827,2022,2022-03-31,native_mse,20260912,0.0018794855096095295,,1,1
annual_quarter_half,2735,2022-05-06,2022-05-16,0.033741423035827,2022,2022-03-31,training_frequency,-1,0.5361380868212187,0.5361380868212187,1,1
annual_quarter_half,2740,2022-05-13,2022-05-23,0.0164308841843088,2022,2022-03-31,learned_market,20260910,0.6303513122695237,0.6303513122695237,1,1
annual_quarter_half,2740,2022-05-13,2022-05-23,0.0164308841843088,2022,2022-03-31,learned_market,20260911,0.47403489619202877,0.47403489619202877,0,1
annual_quarter_half,2740,2022-05-13,2022-05-23,0.0164308841843088,2022,2022-03-31,learned_market,20260912,0.4130024869318327,0.4130024869318327,0,1
annual_quarter_half,2740,2022-05-13,2022-05-23,0.0164308841843088,2022,2022-03-31,learned_order_extension,20260910,0.6289010557820293,0.6289010557820293,1,1
annual_quarter_half,2740,2022-05-13,2022-05-23,0.0164308841843088,2022,2022-03-31,learned_order_extension,20260911,0.47505923439522174,0.47505923439522174,0,1
annual_quarter_half,2740,2022-05-13,2022-05-23,0.0164308841843088,2022,2022-03-31,learned_order_extension,20260912,0.431693776007128,0.431693776007128,0,1
annual_quarter_half,2740,2022-05-13,2022-05-23,0.0164308841843088,2022,2022-03-31,learned_order_offset,20260910,0.628504238255182,0.628504238255182,1,1
annual_quarter_half,2740,2022-05-13,2022-05-23,0.0164308841843088,2022,2022-03-31,learned_order_offset,20260911,0.4732540798592615,0.4732540798592615,0,1
annual_quarter_half,2740,2022-05-13,2022-05-23,0.0164308841843088,2022,2022-03-31,learned_order_offset,20260912,0.43221590980138447,0.43221590980138447,0,1
annual_quarter_half,2740,2022-05-13,2022-05-23,0.0164308841843088,2022,2022-03-31,learned_vol_interaction,20260910,0.6247957472377772,0.6247957472377772,1,1
annual_quarter_half,2740,2022-05-13,2022-05-23,0.0164308841843088,2022,2022-03-31,learned_vol_interaction,20260911,0.4650873865853881,0.4650873865853881,0,1
annual_quarter_half,2740,2022-05-13,2022-05-23,0.0164308841843088,2022,2022-03-31,learned_vol_interaction,20260912,0.41939755186618843,0.41939755186618843,0,1
annual_quarter_half,2740,2022-05-13,2022-05-23,0.0164308841843088,2022,2022-03-31,native_mse,20260910,0.0034997088316529937,,1,1
annual_quarter_half,2740,2022-05-13,2022-05-23,0.0164308841843088,2022,2022-03-31,native_mse,20260911,-0.0010265952241621757,,0,1
annual_quarter_half,2740,2022-05-13,2022-05-23,0.0164308841843088,2022,2022-03-31,native_mse,20260912,0.001751091801840832,,1,1
annual_quarter_half,2740,2022-05-13,2022-05-23,0.0164308841843088,2022,2022-03-31,training_frequency,-1,0.5361380868212187,0.5361380868212187,1,1
annual_quarter_half,2745,2022-05-20,2022-05-30,-0.0147293413085614,2022,2022-03-31,learned_market,20260910,0.6034853241534065,0.6034853241534065,1,0
annual_quarter_half,2745,2022-05-20,2022-05-30,-0.0147293413085614,2022,2022-03-31,learned_market,20260911,0.45003135689329693,0.45003135689329693,0,0
annual_quarter_half,2745,2022-05-20,2022-05-30,-0.0147293413085614,2022,2022-03-31,learned_market,20260912,0.45004490416389675,0.45004490416389675,0,0
annual_quarter_half,2745,2022-05-20,2022-05-30,-0.0147293413085614,2022,2022-03-31,learned_order_extension,20260910,0.5775721325722356,0.5775721325722356,1,0
annual_quarter_half,2745,2022-05-20,2022-05-30,-0.0147293413085614,2022,2022-03-31,learned_order_extension,20260911,0.4188798082383888,0.4188798082383888,0,0
annual_quarter_half,2745,2022-05-20,2022-05-30,-0.0147293413085614,2022,2022-03-31,learned_order_extension,20260912,0.44327538051755166,0.44327538051755166,0,0
annual_quarter_half,2745,2022-05-20,2022-05-30,-0.0147293413085614,2022,2022-03-31,learned_order_offset,20260910,0.5770348508317961,0.5770348508317961,1,0
annual_quarter_half,2745,2022-05-20,2022-05-30,-0.0147293413085614,2022,2022-03-31,learned_order_offset,20260911,0.41785901189832786,0.41785901189832786,0,0
annual_quarter_half,2745,2022-05-20,2022-05-30,-0.0147293413085614,2022,2022-03-31,learned_order_offset,20260912,0.44336402465835734,0.44336402465835734,0,0
annual_quarter_half,2745,2022-05-20,2022-05-30,-0.0147293413085614,2022,2022-03-31,learned_vol_interaction,20260910,0.5809388246723852,0.5809388246723852,1,0
annual_quarter_half,2745,2022-05-20,2022-05-30,-0.0147293413085614,2022,2022-03-31,learned_vol_interaction,20260911,0.44419396765833696,0.44419396765833696,0,0
annual_quarter_half,2745,2022-05-20,2022-05-30,-0.0147293413085614,2022,2022-03-31,learned_vol_interaction,20260912,0.45028083994687373,0.45028083994687373,0,0
annual_quarter_half,2745,2022-05-20,2022-05-30,-0.0147293413085614,2022,2022-03-31,native_mse,20260910,0.0037254464598541308,,1,0
annual_quarter_half,2745,2022-05-20,2022-05-30,-0.0147293413085614,2022,2022-03-31,native_mse,20260911,-0.0016978850256625837,,0,0
annual_quarter_half,2745,2022-05-20,2022-05-30,-0.0147293413085614,2022,2022-03-31,native_mse,20260912,0.001651917582945079,,1,0
annual_quarter_half,2745,2022-05-20,2022-05-30,-0.0147293413085614,2022,2022-03-31,training_frequency,-1,0.5361380868212187,0.5361380868212187,1,0
annual_quarter_half,2750,2022-05-27,2022-06-13,0.0431748431927498,2022,2022-03-31,learned_market,20260910,0.564862346459216,0.564862346459216,1,1
annual_quarter_half,2750,2022-05-27,2022-06-13,0.0431748431927498,2022,2022-03-31,learned_market,20260911,0.5315225631861016,0.5315225631861016,1,1
annual_quarter_half,2750,2022-05-27,2022-06-13,0.0431748431927498,2022,2022-03-31,learned_market,20260912,0.4386325808534326,0.4386325808534326,0,1
annual_quarter_half,2750,2022-05-27,2022-06-13,0.0431748431927498,2022,2022-03-31,learned_order_extension,20260910,0.5445408947418292,0.5445408947418292,1,1
annual_quarter_half,2750,2022-05-27,2022-06-13,0.0431748431927498,2022,2022-03-31,learned_order_extension,20260911,0.5372492558217191,0.5372492558217191,1,1
annual_quarter_half,2750,2022-05-27,2022-06-13,0.0431748431927498,2022,2022-03-31,learned_order_extension,20260912,0.4399092206510359,0.4399092206510359,0,1
annual_quarter_half,2750,2022-05-27,2022-06-13,0.0431748431927498,2022,2022-03-31,learned_order_offset,20260910,0.5439986203536882,0.5439986203536882,1,1
annual_quarter_half,2750,2022-05-27,2022-06-13,0.0431748431927498,2022,2022-03-31,learned_order_offset,20260911,0.5374715593897514,0.5374715593897514,1,1
annual_quarter_half,2750,2022-05-27,2022-06-13,0.0431748431927498,2022,2022-03-31,learned_order_offset,20260912,0.44067577717335027,0.44067577717335027,0,1
annual_quarter_half,2750,2022-05-27,2022-06-13,0.0431748431927498,2022,2022-03-31,learned_vol_interaction,20260910,0.5572216852728786,0.5572216852728786,1,1
annual_quarter_half,2750,2022-05-27,2022-06-13,0.0431748431927498,2022,2022-03-31,learned_vol_interaction,20260911,0.5336346324693545,0.5336346324693545,1,1
annual_quarter_half,2750,2022-05-27,2022-06-13,0.0431748431927498,2022,2022-03-31,learned_vol_interaction,20260912,0.436579846610154,0.436579846610154,0,1
annual_quarter_half,2750,2022-05-27,2022-06-13,0.0431748431927498,2022,2022-03-31,native_mse,20260910,-0.002124517714833256,,0,1
annual_quarter_half,2750,2022-05-27,2022-06-13,0.0431748431927498,2022,2022-03-31,native_mse,20260911,-0.0018806733174887573,,0,1
annual_quarter_half,2750,2022-05-27,2022-06-13,0.0431748431927498,2022,2022-03-31,native_mse,20260912,0.0014698698875247578,,1,1
annual_quarter_half,2750,2022-05-27,2022-06-13,0.0431748431927498,2022,2022-03-31,training_frequency,-1,0.5361380868212187,0.5361380868212187,1,1
annual_quarter_half,2759,2022-06-10,2022-06-20,0.0306046547112142,2022,2022-03-31,learned_market,20260910,0.5288151240434077,0.5288151240434077,1,1
annual_quarter_half,2759,2022-06-10,2022-06-20,0.0306046547112142,2022,2022-03-31,learned_market,20260911,0.39447281485931796,0.39447281485931796,0,1
annual_quarter_half,2759,2022-06-10,2022-06-20,0.0306046547112142,2022,2022-03-31,learned_market,20260912,0.42441064132092676,0.42441064132092676,0,1
annual_quarter_half,2759,2022-06-10,2022-06-20,0.0306046547112142,2022,2022-03-31,learned_order_extension,20260910,0.5149739596275125,0.5149739596275125,1,1
annual_quarter_half,2759,2022-06-10,2022-06-20,0.0306046547112142,2022,2022-03-31,learned_order_extension,20260911,0.381385954791839,0.381385954791839,0,1
annual_quarter_half,2759,2022-06-10,2022-06-20,0.0306046547112142,2022,2022-03-31,learned_order_extension,20260912,0.41792827070687383,0.41792827070687383,0,1
annual_quarter_half,2759,2022-06-10,2022-06-20,0.0306046547112142,2022,2022-03-31,learned_order_offset,20260910,0.5145399140042062,0.5145399140042062,1,1
annual_quarter_half,2759,2022-06-10,2022-06-20,0.0306046547112142,2022,2022-03-31,learned_order_offset,20260911,0.3820802865411632,0.3820802865411632,0,1
annual_quarter_half,2759,2022-06-10,2022-06-20,0.0306046547112142,2022,2022-03-31,learned_order_offset,20260912,0.4179281474104099,0.4179281474104099,0,1
annual_quarter_half,2759,2022-06-10,2022-06-20,0.0306046547112142,2022,2022-03-31,learned_vol_interaction,20260910,0.5187565429108264,0.5187565429108264,1,1
annual_quarter_half,2759,2022-06-10,2022-06-20,0.0306046547112142,2022,2022-03-31,learned_vol_interaction,20260911,0.39807546733290544,0.39807546733290544,0,1
annual_quarter_half,2759,2022-06-10,2022-06-20,0.0306046547112142,2022,2022-03-31,learned_vol_interaction,20260912,0.41619026199339654,0.41619026199339654,0,1
annual_quarter_half,2759,2022-06-10,2022-06-20,0.0306046547112142,2022,2022-03-31,native_mse,20260910,-0.0001877821609034795,,0,1
annual_quarter_half,2759,2022-06-10,2022-06-20,0.0306046547112142,2022,2022-03-31,native_mse,20260911,-0.002434476239838759,,0,1
annual_quarter_half,2759,2022-06-10,2022-06-20,0.0306046547112142,2022,2022-03-31,native_mse,20260912,0.0007362553910675941,,1,1
annual_quarter_half,2759,2022-06-10,2022-06-20,0.0306046547112142,2022,2022-03-31,training_frequency,-1,0.5361380868212187,0.5361380868212187,1,1
annual_quarter_half,2764,2022-06-17,2022-06-27,0.0211666894141107,2022,2022-03-31,learned_market,20260910,0.4812959809613002,0.4812959809613002,0,1
annual_quarter_half,2764,2022-06-17,2022-06-27,0.0211666894141107,2022,2022-03-31,learned_market,20260911,0.3822693821254176,0.3822693821254176,0,1
annual_quarter_half,2764,2022-06-17,2022-06-27,0.0211666894141107,2022,2022-03-31,learned_market,20260912,0.35246160175073665,0.35246160175073665,0,1
annual_quarter_half,2764,2022-06-17,2022-06-27,0.0211666894141107,2022,2022-03-31,learned_order_extension,20260910,0.4943537534520256,0.4943537534520256,0,1
annual_quarter_half,2764,2022-06-17,2022-06-27,0.0211666894141107,2022,2022-03-31,learned_order_extension,20260911,0.34562153943435003,0.34562153943435003,0,1
annual_quarter_half,2764,2022-06-17,2022-06-27,0.0211666894141107,2022,2022-03-31,learned_order_extension,20260912,0.33565405835895057,0.33565405835895057,0,1
annual_quarter_half,2764,2022-06-17,2022-06-27,0.0211666894141107,2022,2022-03-31,learned_order_offset,20260910,0.4942244495222942,0.4942244495222942,0,1
annual_quarter_half,2764,2022-06-17,2022-06-27,0.0211666894141107,2022,2022-03-31,learned_order_offset,20260911,0.34714794342054617,0.34714794342054617,0,1
annual_quarter_half,2764,2022-06-17,2022-06-27,0.0211666894141107,2022,2022-03-31,learned_order_offset,20260912,0.33616248558080886,0.33616248558080886,0,1
annual_quarter_half,2764,2022-06-17,2022-06-27,0.0211666894141107,2022,2022-03-31,learned_vol_interaction,20260910,0.48430589298065907,0.48430589298065907,0,1
annual_quarter_half,2764,2022-06-17,2022-06-27,0.0211666894141107,2022,2022-03-31,learned_vol_interaction,20260911,0.3873317513587051,0.3873317513587051,0,1
annual_quarter_half,2764,2022-06-17,2022-06-27,0.0211666894141107,2022,2022-03-31,learned_vol_interaction,20260912,0.34381677587436665,0.34381677587436665,0,1
annual_quarter_half,2764,2022-06-17,2022-06-27,0.0211666894141107,2022,2022-03-31,native_mse,20260910,-0.0038510518642663203,,0,1
annual_quarter_half,2764,2022-06-17,2022-06-27,0.0211666894141107,2022,2022-03-31,native_mse,20260911,-0.005613284221730704,,0,1
annual_quarter_half,2764,2022-06-17,2022-06-27,0.0211666894141107,2022,2022-03-31,native_mse,20260912,0.000346075720729428,,1,1
annual_quarter_half,2764,2022-06-17,2022-06-27,0.0211666894141107,2022,2022-03-31,training_frequency,-1,0.5361380868212187,0.5361380868212187,1,1
annual_quarter_half,2769,2022-06-24,2022-07-04,0.0074507343130214,2022,2022-03-31,learned_market,20260910,0.47483860580828663,0.47483860580828663,0,1
annual_quarter_half,2769,2022-06-24,2022-07-04,0.0074507343130214,2022,2022-03-31,learned_market,20260911,0.5189432117425483,0.5189432117425483,1,1
annual_quarter_half,2769,2022-06-24,2022-07-04,0.0074507343130214,2022,2022-03-31,learned_market,20260912,0.4381693026795662,0.4381693026795662,0,1
annual_quarter_half,2769,2022-06-24,2022-07-04,0.0074507343130214,2022,2022-03-31,learned_order_extension,20260910,0.446032153111254,0.446032153111254,0,1
annual_quarter_half,2769,2022-06-24,2022-07-04,0.0074507343130214,2022,2022-03-31,learned_order_extension,20260911,0.5248488751250818,0.5248488751250818,1,1
annual_quarter_half,2769,2022-06-24,2022-07-04,0.0074507343130214,2022,2022-03-31,learned_order_extension,20260912,0.4292484348809349,0.4292484348809349,0,1
annual_quarter_half,2769,2022-06-24,2022-07-04,0.0074507343130214,2022,2022-03-31,learned_order_offset,20260910,0.4457845466073217,0.4457845466073217,0,1
annual_quarter_half,2769,2022-06-24,2022-07-04,0.0074507343130214,2022,2022-03-31,learned_order_offset,20260911,0.5252171785645217,0.5252171785645217,1,1
annual_quarter_half,2769,2022-06-24,2022-07-04,0.0074507343130214,2022,2022-03-31,learned_order_offset,20260912,0.42927068305847427,0.42927068305847427,0,1
annual_quarter_half,2769,2022-06-24,2022-07-04,0.0074507343130214,2022,2022-03-31,learned_vol_interaction,20260910,0.45535531828950937,0.45535531828950937,0,1
annual_quarter_half,2769,2022-06-24,2022-07-04,0.0074507343130214,2022,2022-03-31,learned_vol_interaction,20260911,0.5235321006874367,0.5235321006874367,1,1
annual_quarter_half,2769,2022-06-24,2022-07-04,0.0074507343130214,2022,2022-03-31,learned_vol_interaction,20260912,0.4265214575187718,0.4265214575187718,0,1
annual_quarter_half,2769,2022-06-24,2022-07-04,0.0074507343130214,2022,2022-03-31,native_mse,20260910,-0.003947234718845436,,0,1
annual_quarter_half,2769,2022-06-24,2022-07-04,0.0074507343130214,2022,2022-03-31,native_mse,20260911,0.0005833641090359867,,1,1
annual_quarter_half,2769,2022-06-24,2022-07-04,0.0074507343130214,2022,2022-03-31,native_mse,20260912,0.0007519779815815609,,1,1
annual_quarter_half,2769,2022-06-24,2022-07-04,0.0074507343130214,2022,2022-03-31,training_frequency,-1,0.5361380868212187,0.5361380868212187,1,1
annual_quarter_half,2774,2022-07-01,2022-07-11,-0.0092349827532707,2022,2022-06-30,learned_market,20260910,0.598439971002335,0.598439971002335,1,0
annual_quarter_half,2774,2022-07-01,2022-07-11,-0.0092349827532707,2022,2022-06-30,learned_market,20260911,0.5041948685282533,0.5041948685282533,1,0
annual_quarter_half,2774,2022-07-01,2022-07-11,-0.0092349827532707,2022,2022-06-30,learned_market,20260912,0.43847107908855587,0.43847107908855587,0,0
annual_quarter_half,2774,2022-07-01,2022-07-11,-0.0092349827532707,2022,2022-06-30,learned_order_extension,20260910,0.5958447374640309,0.5958447374640309,1,0
annual_quarter_half,2774,2022-07-01,2022-07-11,-0.0092349827532707,2022,2022-06-30,learned_order_extension,20260911,0.4970456882762072,0.4970456882762072,0,0
annual_quarter_half,2774,2022-07-01,2022-07-11,-0.0092349827532707,2022,2022-06-30,learned_order_extension,20260912,0.44140304889226467,0.44140304889226467,0,0
annual_quarter_half,2774,2022-07-01,2022-07-11,-0.0092349827532707,2022,2022-06-30,learned_order_offset,20260910,0.5957926727568204,0.5957926727568204,1,0
annual_quarter_half,2774,2022-07-01,2022-07-11,-0.0092349827532707,2022,2022-06-30,learned_order_offset,20260911,0.4974846287594704,0.4974846287594704,0,0
annual_quarter_half,2774,2022-07-01,2022-07-11,-0.0092349827532707,2022,2022-06-30,learned_order_offset,20260912,0.4413526539553097,0.4413526539553097,0,0
annual_quarter_half,2774,2022-07-01,2022-07-11,-0.0092349827532707,2022,2022-06-30,learned_vol_interaction,20260910,0.5982607593491022,0.5982607593491022,1,0
annual_quarter_half,2774,2022-07-01,2022-07-11,-0.0092349827532707,2022,2022-06-30,learned_vol_interaction,20260911,0.5149566182133147,0.5149566182133147,1,0
annual_quarter_half,2774,2022-07-01,2022-07-11,-0.0092349827532707,2022,2022-06-30,learned_vol_interaction,20260912,0.4359425956972828,0.4359425956972828,0,0
annual_quarter_half,2774,2022-07-01,2022-07-11,-0.0092349827532707,2022,2022-06-30,native_mse,20260910,-0.0002070593533332085,,0,0
annual_quarter_half,2774,2022-07-01,2022-07-11,-0.0092349827532707,2022,2022-06-30,native_mse,20260911,-0.00044996097293717756,,0,0
annual_quarter_half,2774,2022-07-01,2022-07-11,-0.0092349827532707,2022,2022-06-30,native_mse,20260912,0.00011931211651760774,,1,0
annual_quarter_half,2774,2022-07-01,2022-07-11,-0.0092349827532707,2022,2022-06-30,training_frequency,-1,0.5388371961185685,0.5388371961185685,1,0
annual_quarter_half,2779,2022-07-08,2022-07-18,-0.0326815927737367,2022,2022-06-30,learned_market,20260910,0.5490712331469949,0.5490712331469949,1,0
annual_quarter_half,2779,2022-07-08,2022-07-18,-0.0326815927737367,2022,2022-06-30,learned_market,20260911,0.49038762651186774,0.49038762651186774,0,0
annual_quarter_half,2779,2022-07-08,2022-07-18,-0.0326815927737367,2022,2022-06-30,learned_market,20260912,0.5499251113661523,0.5499251113661523,1,0
annual_quarter_half,2779,2022-07-08,2022-07-18,-0.0326815927737367,2022,2022-06-30,learned_order_extension,20260910,0.5553820599782306,0.5553820599782306,1,0
annual_quarter_half,2779,2022-07-08,2022-07-18,-0.0326815927737367,2022,2022-06-30,learned_order_extension,20260911,0.4582446269358038,0.4582446269358038,0,0
annual_quarter_half,2779,2022-07-08,2022-07-18,-0.0326815927737367,2022,2022-06-30,learned_order_extension,20260912,0.5545433461649226,0.5545433461649226,1,0
annual_quarter_half,2779,2022-07-08,2022-07-18,-0.0326815927737367,2022,2022-06-30,learned_order_offset,20260910,0.5553230680133279,0.5553230680133279,1,0
annual_quarter_half,2779,2022-07-08,2022-07-18,-0.0326815927737367,2022,2022-06-30,learned_order_offset,20260911,0.4629265701495593,0.4629265701495593,0,0
annual_quarter_half,2779,2022-07-08,2022-07-18,-0.0326815927737367,2022,2022-06-30,learned_order_offset,20260912,0.5542655640084818,0.5542655640084818,1,0
annual_quarter_half,2779,2022-07-08,2022-07-18,-0.0326815927737367,2022,2022-06-30,learned_vol_interaction,20260910,0.5506307422388306,0.5506307422388306,1,0
annual_quarter_half,2779,2022-07-08,2022-07-18,-0.0326815927737367,2022,2022-06-30,learned_vol_interaction,20260911,0.510944711552174,0.510944711552174,1,0
annual_quarter_half,2779,2022-07-08,2022-07-18,-0.0326815927737367,2022,2022-06-30,learned_vol_interaction,20260912,0.543624853173685,0.543624853173685,1,0
annual_quarter_half,2779,2022-07-08,2022-07-18,-0.0326815927737367,2022,2022-06-30,native_mse,20260910,-0.0010772813643137704,,0,0
annual_quarter_half,2779,2022-07-08,2022-07-18,-0.0326815927737367,2022,2022-06-30,native_mse,20260911,-0.002816370500337748,,0,0
annual_quarter_half,2779,2022-07-08,2022-07-18,-0.0326815927737367,2022,2022-06-30,native_mse,20260912,0.00095555049248965,,1,0
annual_quarter_half,2779,2022-07-08,2022-07-18,-0.0326815927737367,2022,2022-06-30,training_frequency,-1,0.5388371961185685,0.5388371961185685,1,0
annual_quarter_half,2784,2022-07-15,2022-07-25,-0.0066210715249344,2022,2022-06-30,learned_market,20260910,0.48916313712301507,0.48916313712301507,0,0
annual_quarter_half,2784,2022-07-15,2022-07-25,-0.0066210715249344,2022,2022-06-30,learned_market,20260911,0.40862305334437465,0.40862305334437465,0,0
annual_quarter_half,2784,2022-07-15,2022-07-25,-0.0066210715249344,2022,2022-06-30,learned_market,20260912,0.5161902177675888,0.5161902177675888,1,0
annual_quarter_half,2784,2022-07-15,2022-07-25,-0.0066210715249344,2022,2022-06-30,learned_order_extension,20260910,0.4963432421449951,0.4963432421449951,0,0
annual_quarter_half,2784,2022-07-15,2022-07-25,-0.0066210715249344,2022,2022-06-30,learned_order_extension,20260911,0.3879407729115012,0.3879407729115012,0,0
annual_quarter_half,2784,2022-07-15,2022-07-25,-0.0066210715249344,2022,2022-06-30,learned_order_extension,20260912,0.5099238834737723,0.5099238834737723,1,0
annual_quarter_half,2784,2022-07-15,2022-07-25,-0.0066210715249344,2022,2022-06-30,learned_order_offset,20260910,0.4962409450298913,0.4962409450298913,0,0
annual_quarter_half,2784,2022-07-15,2022-07-25,-0.0066210715249344,2022,2022-06-30,learned_order_offset,20260911,0.3921703862233411,0.3921703862233411,0,0
annual_quarter_half,2784,2022-07-15,2022-07-25,-0.0066210715249344,2022,2022-06-30,learned_order_offset,20260912,0.5098490351266038,0.5098490351266038,1,0
annual_quarter_half,2784,2022-07-15,2022-07-25,-0.0066210715249344,2022,2022-06-30,learned_vol_interaction,20260910,0.49503754481765644,0.49503754481765644,0,0
annual_quarter_half,2784,2022-07-15,2022-07-25,-0.0066210715249344,2022,2022-06-30,learned_vol_interaction,20260911,0.42676686786263895,0.42676686786263895,0,0
annual_quarter_half,2784,2022-07-15,2022-07-25,-0.0066210715249344,2022,2022-06-30,learned_vol_interaction,20260912,0.5096728681082562,0.5096728681082562,1,0
annual_quarter_half,2784,2022-07-15,2022-07-25,-0.0066210715249344,2022,2022-06-30,native_mse,20260910,-0.003190372588204806,,0,0
annual_quarter_half,2784,2022-07-15,2022-07-25,-0.0066210715249344,2022,2022-06-30,native_mse,20260911,-0.007550638458854609,,0,0
annual_quarter_half,2784,2022-07-15,2022-07-25,-0.0066210715249344,2022,2022-06-30,native_mse,20260912,0.0006547192303355506,,1,0
annual_quarter_half,2784,2022-07-15,2022-07-25,-0.0066210715249344,2022,2022-06-30,training_frequency,-1,0.5388371961185685,0.5388371961185685,1,0
annual_quarter_half,2789,2022-07-22,2022-08-01,-0.0173077967751003,2022,2022-06-30,learned_market,20260910,0.5579703182095204,0.5579703182095204,1,0
annual_quarter_half,2789,2022-07-22,2022-08-01,-0.0173077967751003,2022,2022-06-30,learned_market,20260911,0.4136527062802988,0.4136527062802988,0,0
annual_quarter_half,2789,2022-07-22,2022-08-01,-0.0173077967751003,2022,2022-06-30,learned_market,20260912,0.6465335932778146,0.6465335932778146,1,0
annual_quarter_half,2789,2022-07-22,2022-08-01,-0.0173077967751003,2022,2022-06-30,learned_order_extension,20260910,0.5623752006093473,0.5623752006093473,1,0
annual_quarter_half,2789,2022-07-22,2022-08-01,-0.0173077967751003,2022,2022-06-30,learned_order_extension,20260911,0.3610840272441631,0.3610840272441631,0,0
annual_quarter_half,2789,2022-07-22,2022-08-01,-0.0173077967751003,2022,2022-06-30,learned_order_extension,20260912,0.6523604731507997,0.6523604731507997,1,0
annual_quarter_half,2789,2022-07-22,2022-08-01,-0.0173077967751003,2022,2022-06-30,learned_order_offset,20260910,0.5621314836836815,0.5621314836836815,1,0
annual_quarter_half,2789,2022-07-22,2022-08-01,-0.0173077967751003,2022,2022-06-30,learned_order_offset,20260911,0.3664455073824635,0.3664455073824635,0,0
annual_quarter_half,2789,2022-07-22,2022-08-01,-0.0173077967751003,2022,2022-06-30,learned_order_offset,20260912,0.6516489574378054,0.6516489574378054,1,0
annual_quarter_half,2789,2022-07-22,2022-08-01,-0.0173077967751003,2022,2022-06-30,learned_vol_interaction,20260910,0.5641114287528862,0.5641114287528862,1,0
annual_quarter_half,2789,2022-07-22,2022-08-01,-0.0173077967751003,2022,2022-06-30,learned_vol_interaction,20260911,0.4328282648148357,0.4328282648148357,0,0
annual_quarter_half,2789,2022-07-22,2022-08-01,-0.0173077967751003,2022,2022-06-30,learned_vol_interaction,20260912,0.6372039898323612,0.6372039898323612,1,0
annual_quarter_half,2789,2022-07-22,2022-08-01,-0.0173077967751003,2022,2022-06-30,native_mse,20260910,-0.002027161567244204,,0,0
annual_quarter_half,2789,2022-07-22,2022-08-01,-0.0173077967751003,2022,2022-06-30,native_mse,20260911,-0.007583192573497414,,0,0
annual_quarter_half,2789,2022-07-22,2022-08-01,-0.0173077967751003,2022,2022-06-30,native_mse,20260912,0.001259718681432063,,1,0
annual_quarter_half,2789,2022-07-22,2022-08-01,-0.0173077967751003,2022,2022-06-30,training_frequency,-1,0.5388371961185685,0.5388371961185685,1,0
annual_quarter_half,2794,2022-07-29,2022-08-08,-0.004456034513838,2022,2022-06-30,learned_market,20260910,0.7024159803416761,0.7024159803416761,1,0
annual_quarter_half,2794,2022-07-29,2022-08-08,-0.004456034513838,2022,2022-06-30,learned_market,20260911,0.5270410916338077,0.5270410916338077,1,0
annual_quarter_half,2794,2022-07-29,2022-08-08,-0.004456034513838,2022,2022-06-30,learned_market,20260912,0.7755535130592808,0.7755535130592808,1,0
annual_quarter_half,2794,2022-07-29,2022-08-08,-0.004456034513838,2022,2022-06-30,learned_order_extension,20260910,0.6737499261468579,0.6737499261468579,1,0
annual_quarter_half,2794,2022-07-29,2022-08-08,-0.004456034513838,2022,2022-06-30,learned_order_extension,20260911,0.47535990613406126,0.47535990613406126,0,0
annual_quarter_half,2794,2022-07-29,2022-08-08,-0.004456034513838,2022,2022-06-30,learned_order_extension,20260912,0.7802524764017109,0.7802524764017109,1,0
annual_quarter_half,2794,2022-07-29,2022-08-08,-0.004456034513838,2022,2022-06-30,learned_order_offset,20260910,0.6737065103323608,0.6737065103323608,1,0
annual_quarter_half,2794,2022-07-29,2022-08-08,-0.004456034513838,2022,2022-06-30,learned_order_offset,20260911,0.47942459145622396,0.47942459145622396,0,0
annual_quarter_half,2794,2022-07-29,2022-08-08,-0.004456034513838,2022,2022-06-30,learned_order_offset,20260912,0.7798879076924747,0.7798879076924747,1,0
annual_quarter_half,2794,2022-07-29,2022-08-08,-0.004456034513838,2022,2022-06-30,learned_vol_interaction,20260910,0.7006651236537809,0.7006651236537809,1,0
annual_quarter_half,2794,2022-07-29,2022-08-08,-0.004456034513838,2022,2022-06-30,learned_vol_interaction,20260911,0.5397217878883985,0.5397217878883985,1,0
annual_quarter_half,2794,2022-07-29,2022-08-08,-0.004456034513838,2022,2022-06-30,learned_vol_interaction,20260912,0.7704701497178663,0.7704701497178663,1,0
annual_quarter_half,2794,2022-07-29,2022-08-08,-0.004456034513838,2022,2022-06-30,native_mse,20260910,0.007303770033169886,,1,0
annual_quarter_half,2794,2022-07-29,2022-08-08,-0.004456034513838,2022,2022-06-30,native_mse,20260911,-0.003358622565922587,,0,0
annual_quarter_half,2794,2022-07-29,2022-08-08,-0.004456034513838,2022,2022-06-30,native_mse,20260912,0.0017820671817518402,,1,0
annual_quarter_half,2794,2022-07-29,2022-08-08,-0.004456034513838,2022,2022-06-30,training_frequency,-1,0.5388371961185685,0.5388371961185685,1,0
annual_quarter_half,2799,2022-08-05,2022-08-15,0.0091475117753996,2022,2022-06-30,learned_market,20260910,0.669807010677899,0.669807010677899,1,1
annual_quarter_half,2799,2022-08-05,2022-08-15,0.0091475117753996,2022,2022-06-30,learned_market,20260911,0.704484958219431,0.704484958219431,1,1
annual_quarter_half,2799,2022-08-05,2022-08-15,0.0091475117753996,2022,2022-06-30,learned_market,20260912,0.7015081357141619,0.7015081357141619,1,1
annual_quarter_half,2799,2022-08-05,2022-08-15,0.0091475117753996,2022,2022-06-30,learned_order_extension,20260910,0.6569084981390838,0.6569084981390838,1,1
annual_quarter_half,2799,2022-08-05,2022-08-15,0.0091475117753996,2022,2022-06-30,learned_order_extension,20260911,0.8480332123395493,0.8480332123395493,1,1
annual_quarter_half,2799,2022-08-05,2022-08-15,0.0091475117753996,2022,2022-06-30,learned_order_extension,20260912,0.7115816599750789,0.7115816599750789,1,1
annual_quarter_half,2799,2022-08-05,2022-08-15,0.0091475117753996,2022,2022-06-30,learned_order_offset,20260910,0.6567968903692726,0.6567968903692726,1,1
annual_quarter_half,2799,2022-08-05,2022-08-15,0.0091475117753996,2022,2022-06-30,learned_order_offset,20260911,0.8463722081251087,0.8463722081251087,1,1
annual_quarter_half,2799,2022-08-05,2022-08-15,0.0091475117753996,2022,2022-06-30,learned_order_offset,20260912,0.7112889737287817,0.7112889737287817,1,1
annual_quarter_half,2799,2022-08-05,2022-08-15,0.0091475117753996,2022,2022-06-30,learned_vol_interaction,20260910,0.672430295751986,0.672430295751986,1,1
annual_quarter_half,2799,2022-08-05,2022-08-15,0.0091475117753996,2022,2022-06-30,learned_vol_interaction,20260911,0.6980857358027914,0.6980857358027914,1,1
annual_quarter_half,2799,2022-08-05,2022-08-15,0.0091475117753996,2022,2022-06-30,learned_vol_interaction,20260912,0.6985479487820128,0.6985479487820128,1,1
annual_quarter_half,2799,2022-08-05,2022-08-15,0.0091475117753996,2022,2022-06-30,native_mse,20260910,0.003287256932965108,,1,1
annual_quarter_half,2799,2022-08-05,2022-08-15,0.0091475117753996,2022,2022-06-30,native_mse,20260911,0.011138218524957189,,1,1
annual_quarter_half,2799,2022-08-05,2022-08-15,0.0091475117753996,2022,2022-06-30,native_mse,20260912,0.0020734499285003736,,1,1
annual_quarter_half,2799,2022-08-05,2022-08-15,0.0091475117753996,2022,2022-06-30,training_frequency,-1,0.5388371961185685,0.5388371961185685,1,1
annual_quarter_half,2804,2022-08-12,2022-08-22,-0.0107272727272728,2022,2022-06-30,learned_market,20260910,0.6442658200719974,0.6442658200719974,1,0
annual_quarter_half,2804,2022-08-12,2022-08-22,-0.0107272727272728,2022,2022-06-30,learned_market,20260911,0.6264355462236972,0.6264355462236972,1,0
annual_quarter_half,2804,2022-08-12,2022-08-22,-0.0107272727272728,2022,2022-06-30,learned_market,20260912,0.6169787957343535,0.6169787957343535,1,0
annual_quarter_half,2804,2022-08-12,2022-08-22,-0.0107272727272728,2022,2022-06-30,learned_order_extension,20260910,0.6358363822685408,0.6358363822685408,1,0
annual_quarter_half,2804,2022-08-12,2022-08-22,-0.0107272727272728,2022,2022-06-30,learned_order_extension,20260911,0.6542575198928662,0.6542575198928662,1,0
annual_quarter_half,2804,2022-08-12,2022-08-22,-0.0107272727272728,2022,2022-06-30,learned_order_extension,20260912,0.6286142793767626,0.6286142793767626,1,0
annual_quarter_half,2804,2022-08-12,2022-08-22,-0.0107272727272728,2022,2022-06-30,learned_order_offset,20260910,0.6357156321295019,0.6357156321295019,1,0
annual_quarter_half,2804,2022-08-12,2022-08-22,-0.0107272727272728,2022,2022-06-30,learned_order_offset,20260911,0.6544008850920431,0.6544008850920431,1,0
annual_quarter_half,2804,2022-08-12,2022-08-22,-0.0107272727272728,2022,2022-06-30,learned_order_offset,20260912,0.6283682077401724,0.6283682077401724,1,0
annual_quarter_half,2804,2022-08-12,2022-08-22,-0.0107272727272728,2022,2022-06-30,learned_vol_interaction,20260910,0.648397441426521,0.648397441426521,1,0
annual_quarter_half,2804,2022-08-12,2022-08-22,-0.0107272727272728,2022,2022-06-30,learned_vol_interaction,20260911,0.6288317471947131,0.6288317471947131,1,0
annual_quarter_half,2804,2022-08-12,2022-08-22,-0.0107272727272728,2022,2022-06-30,learned_vol_interaction,20260912,0.6104927469785826,0.6104927469785826,1,0
annual_quarter_half,2804,2022-08-12,2022-08-22,-0.0107272727272728,2022,2022-06-30,native_mse,20260910,0.0028485619995156338,,1,0
annual_quarter_half,2804,2022-08-12,2022-08-22,-0.0107272727272728,2022,2022-06-30,native_mse,20260911,0.005596074954229926,,1,0
annual_quarter_half,2804,2022-08-12,2022-08-22,-0.0107272727272728,2022,2022-06-30,native_mse,20260912,0.00036027890933931837,,1,0
annual_quarter_half,2804,2022-08-12,2022-08-22,-0.0107272727272728,2022,2022-06-30,training_frequency,-1,0.5388371961185685,0.5388371961185685,1,0
annual_quarter_half,2809,2022-08-19,2022-08-29,-0.0172375434082356,2022,2022-06-30,learned_market,20260910,0.6498167228659506,0.6498167228659506,1,0
annual_quarter_half,2809,2022-08-19,2022-08-29,-0.0172375434082356,2022,2022-06-30,learned_market,20260911,0.6532920367143968,0.6532920367143968,1,0
annual_quarter_half,2809,2022-08-19,2022-08-29,-0.0172375434082356,2022,2022-06-30,learned_market,20260912,0.5012503529989564,0.5012503529989564,1,0
annual_quarter_half,2809,2022-08-19,2022-08-29,-0.0172375434082356,2022,2022-06-30,learned_order_extension,20260910,0.6204849054681527,0.6204849054681527,1,0
annual_quarter_half,2809,2022-08-19,2022-08-29,-0.0172375434082356,2022,2022-06-30,learned_order_extension,20260911,0.7965120047482122,0.7965120047482122,1,0
annual_quarter_half,2809,2022-08-19,2022-08-29,-0.0172375434082356,2022,2022-06-30,learned_order_extension,20260912,0.49034280136041425,0.49034280136041425,0,0
annual_quarter_half,2809,2022-08-19,2022-08-29,-0.0172375434082356,2022,2022-06-30,learned_order_offset,20260910,0.6206028747149102,0.6206028747149102,1,0
annual_quarter_half,2809,2022-08-19,2022-08-29,-0.0172375434082356,2022,2022-06-30,learned_order_offset,20260911,0.7951689856507724,0.7951689856507724,1,0
annual_quarter_half,2809,2022-08-19,2022-08-29,-0.0172375434082356,2022,2022-06-30,learned_order_offset,20260912,0.49072794852434864,0.49072794852434864,0,0
annual_quarter_half,2809,2022-08-19,2022-08-29,-0.0172375434082356,2022,2022-06-30,learned_vol_interaction,20260910,0.6423169929544709,0.6423169929544709,1,0
annual_quarter_half,2809,2022-08-19,2022-08-29,-0.0172375434082356,2022,2022-06-30,learned_vol_interaction,20260911,0.6563357141621412,0.6563357141621412,1,0
annual_quarter_half,2809,2022-08-19,2022-08-29,-0.0172375434082356,2022,2022-06-30,learned_vol_interaction,20260912,0.5043643592848553,0.5043643592848553,1,0
annual_quarter_half,2809,2022-08-19,2022-08-29,-0.0172375434082356,2022,2022-06-30,native_mse,20260910,0.007253742749898219,,1,0
annual_quarter_half,2809,2022-08-19,2022-08-29,-0.0172375434082356,2022,2022-06-30,native_mse,20260911,0.009624398461695357,,1,0
annual_quarter_half,2809,2022-08-19,2022-08-29,-0.0172375434082356,2022,2022-06-30,native_mse,20260912,0.0008198385223612987,,1,0
annual_quarter_half,2809,2022-08-19,2022-08-29,-0.0172375434082356,2022,2022-06-30,training_frequency,-1,0.5388371961185685,0.5388371961185685,1,0
annual_quarter_half,2814,2022-08-26,2022-09-05,-0.0131573766941938,2022,2022-06-30,learned_market,20260910,0.6316357910432313,0.6316357910432313,1,0
annual_quarter_half,2814,2022-08-26,2022-09-05,-0.0131573766941938,2022,2022-06-30,learned_market,20260911,0.715984298434184,0.715984298434184,1,0
annual_quarter_half,2814,2022-08-26,2022-09-05,-0.0131573766941938,2022,2022-06-30,learned_market,20260912,0.5409331613881718,0.5409331613881718,1,0
annual_quarter_half,2814,2022-08-26,2022-09-05,-0.0131573766941938,2022,2022-06-30,learned_order_extension,20260910,0.6193372048934498,0.6193372048934498,1,0
annual_quarter_half,2814,2022-08-26,2022-09-05,-0.0131573766941938,2022,2022-06-30,learned_order_extension,20260911,0.8815121388956146,0.8815121388956146,1,0
annual_quarter_half,2814,2022-08-26,2022-09-05,-0.0131573766941938,2022,2022-06-30,learned_order_extension,20260912,0.5242923142442388,0.5242923142442388,1,0
annual_quarter_half,2814,2022-08-26,2022-09-05,-0.0131573766941938,2022,2022-06-30,learned_order_offset,20260910,0.6192207713359829,0.6192207713359829,1,0
annual_quarter_half,2814,2022-08-26,2022-09-05,-0.0131573766941938,2022,2022-06-30,learned_order_offset,20260911,0.8803525570951944,0.8803525570951944,1,0
annual_quarter_half,2814,2022-08-26,2022-09-05,-0.0131573766941938,2022,2022-06-30,learned_order_offset,20260912,0.5245284655903042,0.5245284655903042,1,0
annual_quarter_half,2814,2022-08-26,2022-09-05,-0.0131573766941938,2022,2022-06-30,learned_vol_interaction,20260910,0.6270746968708134,0.6270746968708134,1,0
annual_quarter_half,2814,2022-08-26,2022-09-05,-0.0131573766941938,2022,2022-06-30,learned_vol_interaction,20260911,0.713853986884569,0.713853986884569,1,0
annual_quarter_half,2814,2022-08-26,2022-09-05,-0.0131573766941938,2022,2022-06-30,learned_vol_interaction,20260912,0.5413083036957762,0.5413083036957762,1,0
annual_quarter_half,2814,2022-08-26,2022-09-05,-0.0131573766941938,2022,2022-06-30,native_mse,20260910,0.003069757740243162,,1,0
annual_quarter_half,2814,2022-08-26,2022-09-05,-0.0131573766941938,2022,2022-06-30,native_mse,20260911,0.013557309709482844,,1,0
annual_quarter_half,2814,2022-08-26,2022-09-05,-0.0131573766941938,2022,2022-06-30,native_mse,20260912,0.0013048696111004339,,1,0
annual_quarter_half,2814,2022-08-26,2022-09-05,-0.0131573766941938,2022,2022-06-30,training_frequency,-1,0.5388371961185685,0.5388371961185685,1,0
annual_quarter_half,2819,2022-09-02,2022-09-13,0.0253340680878015,2022,2022-06-30,learned_market,20260910,0.5801978002138313,0.5801978002138313,1,1
annual_quarter_half,2819,2022-09-02,2022-09-13,0.0253340680878015,2022,2022-06-30,learned_market,20260911,0.639907239521998,0.639907239521998,1,1
annual_quarter_half,2819,2022-09-02,2022-09-13,0.0253340680878015,2022,2022-06-30,learned_market,20260912,0.5749356156249126,0.5749356156249126,1,1
annual_quarter_half,2819,2022-09-02,2022-09-13,0.0253340680878015,2022,2022-06-30,learned_order_extension,20260910,0.5719710088272156,0.5719710088272156,1,1
annual_quarter_half,2819,2022-09-02,2022-09-13,0.0253340680878015,2022,2022-06-30,learned_order_extension,20260911,0.713426614444462,0.713426614444462,1,1
annual_quarter_half,2819,2022-09-02,2022-09-13,0.0253340680878015,2022,2022-06-30,learned_order_extension,20260912,0.5448670245441729,0.5448670245441729,1,1
annual_quarter_half,2819,2022-09-02,2022-09-13,0.0253340680878015,2022,2022-06-30,learned_order_offset,20260910,0.571866139815357,0.571866139815357,1,1
annual_quarter_half,2819,2022-09-02,2022-09-13,0.0253340680878015,2022,2022-06-30,learned_order_offset,20260911,0.7133365606948399,0.7133365606948399,1,1
annual_quarter_half,2819,2022-09-02,2022-09-13,0.0253340680878015,2022,2022-06-30,learned_order_offset,20260912,0.5454757569616517,0.5454757569616517,1,1
annual_quarter_half,2819,2022-09-02,2022-09-13,0.0253340680878015,2022,2022-06-30,learned_vol_interaction,20260910,0.580924230948912,0.580924230948912,1,1
annual_quarter_half,2819,2022-09-02,2022-09-13,0.0253340680878015,2022,2022-06-30,learned_vol_interaction,20260911,0.6422945058999963,0.6422945058999963,1,1
annual_quarter_half,2819,2022-09-02,2022-09-13,0.0253340680878015,2022,2022-06-30,learned_vol_interaction,20260912,0.5752933606677401,0.5752933606677401,1,1
annual_quarter_half,2819,2022-09-02,2022-09-13,0.0253340680878015,2022,2022-06-30,native_mse,20260910,0.00163764181558441,,1,1
annual_quarter_half,2819,2022-09-02,2022-09-13,0.0253340680878015,2022,2022-06-30,native_mse,20260911,0.00663705937381583,,1,1
annual_quarter_half,2819,2022-09-02,2022-09-13,0.0253340680878015,2022,2022-06-30,native_mse,20260912,0.0018370151919809043,,1,1
annual_quarter_half,2819,2022-09-02,2022-09-13,0.0253340680878015,2022,2022-06-30,training_frequency,-1,0.5388371961185685,0.5388371961185685,1,1
annual_quarter_half,2824,2022-09-09,2022-09-19,-0.044647264962877,2022,2022-06-30,learned_market,20260910,0.636194900235757,0.636194900235757,1,0
annual_quarter_half,2824,2022-09-09,2022-09-19,-0.044647264962877,2022,2022-06-30,learned_market,20260911,0.5705955514665608,0.5705955514665608,1,0
annual_quarter_half,2824,2022-09-09,2022-09-19,-0.044647264962877,2022,2022-06-30,learned_market,20260912,0.6552239163227374,0.6552239163227374,1,0
annual_quarter_half,2824,2022-09-09,2022-09-19,-0.044647264962877,2022,2022-06-30,learned_order_extension,20260910,0.5927210602928339,0.5927210602928339,1,0
annual_quarter_half,2824,2022-09-09,2022-09-19,-0.044647264962877,2022,2022-06-30,learned_order_extension,20260911,0.5709524622185489,0.5709524622185489,1,0
annual_quarter_half,2824,2022-09-09,2022-09-19,-0.044647264962877,2022,2022-06-30,learned_order_extension,20260912,0.6303643072488194,0.6303643072488194,1,0
annual_quarter_half,2824,2022-09-09,2022-09-19,-0.044647264962877,2022,2022-06-30,learned_order_offset,20260910,0.5926137645754161,0.5926137645754161,1,0
annual_quarter_half,2824,2022-09-09,2022-09-19,-0.044647264962877,2022,2022-06-30,learned_order_offset,20260911,0.5719433500121693,0.5719433500121693,1,0
annual_quarter_half,2824,2022-09-09,2022-09-19,-0.044647264962877,2022,2022-06-30,learned_order_offset,20260912,0.6305725058252616,0.6305725058252616,1,0
annual_quarter_half,2824,2022-09-09,2022-09-19,-0.044647264962877,2022,2022-06-30,learned_vol_interaction,20260910,0.6429170936674405,0.6429170936674405,1,0
annual_quarter_half,2824,2022-09-09,2022-09-19,-0.044647264962877,2022,2022-06-30,learned_vol_interaction,20260911,0.5761224439946678,0.5761224439946678,1,0
annual_quarter_half,2824,2022-09-09,2022-09-19,-0.044647264962877,2022,2022-06-30,learned_vol_interaction,20260912,0.6600320044539452,0.6600320044539452,1,0
annual_quarter_half,2824,2022-09-09,2022-09-19,-0.044647264962877,2022,2022-06-30,native_mse,20260910,0.006168392653493371,,1,0
annual_quarter_half,2824,2022-09-09,2022-09-19,-0.044647264962877,2022,2022-06-30,native_mse,20260911,0.0047327747483816695,,1,0
annual_quarter_half,2824,2022-09-09,2022-09-19,-0.044647264962877,2022,2022-06-30,native_mse,20260912,0.0027807558751265365,,1,0
annual_quarter_half,2824,2022-09-09,2022-09-19,-0.044647264962877,2022,2022-06-30,training_frequency,-1,0.5388371961185685,0.5388371961185685,1,0
annual_quarter_half,2828,2022-09-16,2022-09-26,-0.025155151434928,2022,2022-06-30,learned_market,20260910,0.49434140327317755,0.49434140327317755,0,0
annual_quarter_half,2828,2022-09-16,2022-09-26,-0.025155151434928,2022,2022-06-30,learned_market,20260911,0.5705510694780458,0.5705510694780458,1,0
annual_quarter_half,2828,2022-09-16,2022-09-26,-0.025155151434928,2022,2022-06-30,learned_market,20260912,0.5843923957050331,0.5843923957050331,1,0
annual_quarter_half,2828,2022-09-16,2022-09-26,-0.025155151434928,2022,2022-06-30,learned_order_extension,20260910,0.49755668221957566,0.49755668221957566,0,0
annual_quarter_half,2828,2022-09-16,2022-09-26,-0.025155151434928,2022,2022-06-30,learned_order_extension,20260911,0.5351209445875146,0.5351209445875146,1,0
annual_quarter_half,2828,2022-09-16,2022-09-26,-0.025155151434928,2022,2022-06-30,learned_order_extension,20260912,0.5476759746219917,0.5476759746219917,1,0
annual_quarter_half,2828,2022-09-16,2022-09-26,-0.025155151434928,2022,2022-06-30,learned_order_offset,20260910,0.49753074630626215,0.49753074630626215,0,0
annual_quarter_half,2828,2022-09-16,2022-09-26,-0.025155151434928,2022,2022-06-30,learned_order_offset,20260911,0.5363404596684922,0.5363404596684922,1,0
annual_quarter_half,2828,2022-09-16,2022-09-26,-0.025155151434928,2022,2022-06-30,learned_order_offset,20260912,0.5487251571178662,0.5487251571178662,1,0
annual_quarter_half,2828,2022-09-16,2022-09-26,-0.025155151434928,2022,2022-06-30,learned_vol_interaction,20260910,0.5062098123588736,0.5062098123588736,1,0
annual_quarter_half,2828,2022-09-16,2022-09-26,-0.025155151434928,2022,2022-06-30,learned_vol_interaction,20260911,0.5785648757726913,0.5785648757726913,1,0
annual_quarter_half,2828,2022-09-16,2022-09-26,-0.025155151434928,2022,2022-06-30,learned_vol_interaction,20260912,0.5930873827872792,0.5930873827872792,1,0
annual_quarter_half,2828,2022-09-16,2022-09-26,-0.025155151434928,2022,2022-06-30,native_mse,20260910,0.0007584338822316267,,1,0
annual_quarter_half,2828,2022-09-16,2022-09-26,-0.025155151434928,2022,2022-06-30,native_mse,20260911,0.003756892291216219,,1,0
annual_quarter_half,2828,2022-09-16,2022-09-26,-0.025155151434928,2022,2022-06-30,native_mse,20260912,0.0025322336086616858,,1,0
annual_quarter_half,2828,2022-09-16,2022-09-26,-0.025155151434928,2022,2022-06-30,training_frequency,-1,0.5388371961185685,0.5388371961185685,1,0
annual_quarter_half,2833,2022-09-23,2022-10-10,-0.0060162941299352,2022,2022-06-30,learned_market,20260910,0.6523371905254811,0.6523371905254811,1,0
annual_quarter_half,2833,2022-09-23,2022-10-10,-0.0060162941299352,2022,2022-06-30,learned_market,20260911,0.6803978024918245,0.6803978024918245,1,0
annual_quarter_half,2833,2022-09-23,2022-10-10,-0.0060162941299352,2022,2022-06-30,learned_market,20260912,0.7527207650512506,0.7527207650512506,1,0
annual_quarter_half,2833,2022-09-23,2022-10-10,-0.0060162941299352,2022,2022-06-30,learned_order_extension,20260910,0.6260964640940014,0.6260964640940014,1,0
annual_quarter_half,2833,2022-09-23,2022-10-10,-0.0060162941299352,2022,2022-06-30,learned_order_extension,20260911,0.6930633268863726,0.6930633268863726,1,0
annual_quarter_half,2833,2022-09-23,2022-10-10,-0.0060162941299352,2022,2022-06-30,learned_order_extension,20260912,0.7528801875443645,0.7528801875443645,1,0
annual_quarter_half,2833,2022-09-23,2022-10-10,-0.0060162941299352,2022,2022-06-30,learned_order_offset,20260910,0.6259896049989795,0.6259896049989795,1,0
annual_quarter_half,2833,2022-09-23,2022-10-10,-0.0060162941299352,2022,2022-06-30,learned_order_offset,20260911,0.6918145993505377,0.6918145993505377,1,0
annual_quarter_half,2833,2022-09-23,2022-10-10,-0.0060162941299352,2022,2022-06-30,learned_order_offset,20260912,0.7527702548337852,0.7527702548337852,1,0
annual_quarter_half,2833,2022-09-23,2022-10-10,-0.0060162941299352,2022,2022-06-30,learned_vol_interaction,20260910,0.6569026465537136,0.6569026465537136,1,0
annual_quarter_half,2833,2022-09-23,2022-10-10,-0.0060162941299352,2022,2022-06-30,learned_vol_interaction,20260911,0.676490885725489,0.676490885725489,1,0
annual_quarter_half,2833,2022-09-23,2022-10-10,-0.0060162941299352,2022,2022-06-30,learned_vol_interaction,20260912,0.7511896585659001,0.7511896585659001,1,0
annual_quarter_half,2833,2022-09-23,2022-10-10,-0.0060162941299352,2022,2022-06-30,native_mse,20260910,0.0056553592913246,,1,0
annual_quarter_half,2833,2022-09-23,2022-10-10,-0.0060162941299352,2022,2022-06-30,native_mse,20260911,0.008266916353037593,,1,0
annual_quarter_half,2833,2022-09-23,2022-10-10,-0.0060162941299352,2022,2022-06-30,native_mse,20260912,0.0022621946331314612,,1,0
annual_quarter_half,2833,2022-09-23,2022-10-10,-0.0060162941299352,2022,2022-06-30,training_frequency,-1,0.5388371961185685,0.5388371961185685,1,0
annual_quarter_half,2838,2022-09-30,2022-10-17,0.0041192047412885,2022,2022-06-30,learned_market,20260910,0.5564217345981044,0.5564217345981044,1,1
annual_quarter_half,2838,2022-09-30,2022-10-17,0.0041192047412885,2022,2022-06-30,learned_market,20260911,0.5700018852604278,0.5700018852604278,1,1
annual_quarter_half,2838,2022-09-30,2022-10-17,0.0041192047412885,2022,2022-06-30,learned_market,20260912,0.68382509177689,0.68382509177689,1,1
annual_quarter_half,2838,2022-09-30,2022-10-17,0.0041192047412885,2022,2022-06-30,learned_order_extension,20260910,0.5641757264296149,0.5641757264296149,1,1
annual_quarter_half,2838,2022-09-30,2022-10-17,0.0041192047412885,2022,2022-06-30,learned_order_extension,20260911,0.4813565213863753,0.4813565213863753,0,1
annual_quarter_half,2838,2022-09-30,2022-10-17,0.0041192047412885,2022,2022-06-30,learned_order_extension,20260912,0.6778423879748924,0.6778423879748924,1,1
annual_quarter_half,2838,2022-09-30,2022-10-17,0.0041192047412885,2022,2022-06-30,learned_order_offset,20260910,0.5641328140067621,0.5641328140067621,1,1
annual_quarter_half,2838,2022-09-30,2022-10-17,0.0041192047412885,2022,2022-06-30,learned_order_offset,20260911,0.48366089985692373,0.48366089985692373,0,1
annual_quarter_half,2838,2022-09-30,2022-10-17,0.0041192047412885,2022,2022-06-30,learned_order_offset,20260912,0.6782793844076465,0.6782793844076465,1,1
annual_quarter_half,2838,2022-09-30,2022-10-17,0.0041192047412885,2022,2022-06-30,learned_vol_interaction,20260910,0.560845585869417,0.560845585869417,1,1
annual_quarter_half,2838,2022-09-30,2022-10-17,0.0041192047412885,2022,2022-06-30,learned_vol_interaction,20260911,0.5745044603154094,0.5745044603154094,1,1
annual_quarter_half,2838,2022-09-30,2022-10-17,0.0041192047412885,2022,2022-06-30,learned_vol_interaction,20260912,0.6855513741381627,0.6855513741381627,1,1
annual_quarter_half,2838,2022-09-30,2022-10-17,0.0041192047412885,2022,2022-06-30,native_mse,20260910,-0.0007006029043098894,,0,1
annual_quarter_half,2838,2022-09-30,2022-10-17,0.0041192047412885,2022,2022-06-30,native_mse,20260911,0.0028464171410144106,,1,1
annual_quarter_half,2838,2022-09-30,2022-10-17,0.0041192047412885,2022,2022-06-30,native_mse,20260912,0.001972190119572806,,1,1
annual_quarter_half,2838,2022-09-30,2022-10-17,0.0041192047412885,2022,2022-06-30,training_frequency,-1,0.5388371961185685,0.5388371961185685,1,1
annual_quarter_half,2843,2022-10-14,2022-10-24,-0.0246766294110258,2022,2022-09-30,learned_market,20260910,0.6427554462805724,0.6427554462805724,1,0
annual_quarter_half,2843,2022-10-14,2022-10-24,-0.0246766294110258,2022,2022-09-30,learned_market,20260911,0.5865406587868773,0.5865406587868773,1,0
annual_quarter_half,2843,2022-10-14,2022-10-24,-0.0246766294110258,2022,2022-09-30,learned_market,20260912,0.474348664033012,0.474348664033012,0,0
annual_quarter_half,2843,2022-10-14,2022-10-24,-0.0246766294110258,2022,2022-09-30,learned_order_extension,20260910,0.6529338838055143,0.6529338838055143,1,0
annual_quarter_half,2843,2022-10-14,2022-10-24,-0.0246766294110258,2022,2022-09-30,learned_order_extension,20260911,0.6361898417936309,0.6361898417936309,1,0
annual_quarter_half,2843,2022-10-14,2022-10-24,-0.0246766294110258,2022,2022-09-30,learned_order_extension,20260912,0.4389857868098884,0.4389857868098884,0,0
annual_quarter_half,2843,2022-10-14,2022-10-24,-0.0246766294110258,2022,2022-09-30,learned_order_offset,20260910,0.6528029569852809,0.6528029569852809,1,0
annual_quarter_half,2843,2022-10-14,2022-10-24,-0.0246766294110258,2022,2022-09-30,learned_order_offset,20260911,0.6359479025456474,0.6359479025456474,1,0
annual_quarter_half,2843,2022-10-14,2022-10-24,-0.0246766294110258,2022,2022-09-30,learned_order_offset,20260912,0.4407428679528712,0.4407428679528712,0,0
annual_quarter_half,2843,2022-10-14,2022-10-24,-0.0246766294110258,2022,2022-09-30,learned_vol_interaction,20260910,0.6466962443701781,0.6466962443701781,1,0
annual_quarter_half,2843,2022-10-14,2022-10-24,-0.0246766294110258,2022,2022-09-30,learned_vol_interaction,20260911,0.5871290698691307,0.5871290698691307,1,0
annual_quarter_half,2843,2022-10-14,2022-10-24,-0.0246766294110258,2022,2022-09-30,learned_vol_interaction,20260912,0.46729840845456916,0.46729840845456916,0,0
annual_quarter_half,2843,2022-10-14,2022-10-24,-0.0246766294110258,2022,2022-09-30,native_mse,20260910,0.0043349794022128265,,1,0
annual_quarter_half,2843,2022-10-14,2022-10-24,-0.0246766294110258,2022,2022-09-30,native_mse,20260911,0.0022507621365460573,,1,0
annual_quarter_half,2843,2022-10-14,2022-10-24,-0.0246766294110258,2022,2022-09-30,native_mse,20260912,-0.0025346534584326326,,0,0
annual_quarter_half,2843,2022-10-14,2022-10-24,-0.0246766294110258,2022,2022-09-30,training_frequency,-1,0.5289116378059133,0.5289116378059133,1,0
annual_quarter_half,2848,2022-10-21,2022-10-31,-0.059928861134359,2022,2022-09-30,learned_market,20260910,0.5636099073477383,0.5636099073477383,1,0
annual_quarter_half,2848,2022-10-21,2022-10-31,-0.059928861134359,2022,2022-09-30,learned_market,20260911,0.6365120656900431,0.6365120656900431,1,0
annual_quarter_half,2848,2022-10-21,2022-10-31,-0.059928861134359,2022,2022-09-30,learned_market,20260912,0.5599521322558302,0.5599521322558302,1,0
annual_quarter_half,2848,2022-10-21,2022-10-31,-0.059928861134359,2022,2022-09-30,learned_order_extension,20260910,0.5652404707233472,0.5652404707233472,1,0
annual_quarter_half,2848,2022-10-21,2022-10-31,-0.059928861134359,2022,2022-09-30,learned_order_extension,20260911,0.6569381531397636,0.6569381531397636,1,0
annual_quarter_half,2848,2022-10-21,2022-10-31,-0.059928861134359,2022,2022-09-30,learned_order_extension,20260912,0.5489776092583332,0.5489776092583332,1,0
annual_quarter_half,2848,2022-10-21,2022-10-31,-0.059928861134359,2022,2022-09-30,learned_order_offset,20260910,0.5653686446729612,0.5653686446729612,1,0
annual_quarter_half,2848,2022-10-21,2022-10-31,-0.059928861134359,2022,2022-09-30,learned_order_offset,20260911,0.6575494846908185,0.6575494846908185,1,0
annual_quarter_half,2848,2022-10-21,2022-10-31,-0.059928861134359,2022,2022-09-30,learned_order_offset,20260912,0.5490810728171233,0.5490810728171233,1,0
annual_quarter_half,2848,2022-10-21,2022-10-31,-0.059928861134359,2022,2022-09-30,learned_vol_interaction,20260910,0.573370110721073,0.573370110721073,1,0
annual_quarter_half,2848,2022-10-21,2022-10-31,-0.059928861134359,2022,2022-09-30,learned_vol_interaction,20260911,0.6345852582909762,0.6345852582909762,1,0
annual_quarter_half,2848,2022-10-21,2022-10-31,-0.059928861134359,2022,2022-09-30,learned_vol_interaction,20260912,0.5579458914824438,0.5579458914824438,1,0
annual_quarter_half,2848,2022-10-21,2022-10-31,-0.059928861134359,2022,2022-09-30,native_mse,20260910,0.000323003277721583,,1,0
annual_quarter_half,2848,2022-10-21,2022-10-31,-0.059928861134359,2022,2022-09-30,native_mse,20260911,0.0035887584797096384,,1,0
annual_quarter_half,2848,2022-10-21,2022-10-31,-0.059928861134359,2022,2022-09-30,native_mse,20260912,0.0018463120428072835,,1,0
annual_quarter_half,2848,2022-10-21,2022-10-31,-0.059928861134359,2022,2022-09-30,training_frequency,-1,0.5289116378059133,0.5289116378059133,1,0
annual_quarter_half,2853,2022-10-28,2022-11-07,0.071339502526744,2022,2022-09-30,learned_market,20260910,0.43890762962204466,0.43890762962204466,0,1
annual_quarter_half,2853,2022-10-28,2022-11-07,0.071339502526744,2022,2022-09-30,learned_market,20260911,0.5075005691185706,0.5075005691185706,1,1
annual_quarter_half,2853,2022-10-28,2022-11-07,0.071339502526744,2022,2022-09-30,learned_market,20260912,0.6213136356846984,0.6213136356846984,1,1
annual_quarter_half,2853,2022-10-28,2022-11-07,0.071339502526744,2022,2022-09-30,learned_order_extension,20260910,0.43228447449761565,0.43228447449761565,0,1
annual_quarter_half,2853,2022-10-28,2022-11-07,0.071339502526744,2022,2022-09-30,learned_order_extension,20260911,0.4835194694413845,0.4835194694413845,0,1
annual_quarter_half,2853,2022-10-28,2022-11-07,0.071339502526744,2022,2022-09-30,learned_order_extension,20260912,0.619549231230413,0.619549231230413,1,1
annual_quarter_half,2853,2022-10-28,2022-11-07,0.071339502526744,2022,2022-09-30,learned_order_offset,20260910,0.43233393055320685,0.43233393055320685,0,1
annual_quarter_half,2853,2022-10-28,2022-11-07,0.071339502526744,2022,2022-09-30,learned_order_offset,20260911,0.48650379235175356,0.48650379235175356,0,1
annual_quarter_half,2853,2022-10-28,2022-11-07,0.071339502526744,2022,2022-09-30,learned_order_offset,20260912,0.6205723641036274,0.6205723641036274,1,1
annual_quarter_half,2853,2022-10-28,2022-11-07,0.071339502526744,2022,2022-09-30,learned_vol_interaction,20260910,0.4326681328122947,0.4326681328122947,0,1
annual_quarter_half,2853,2022-10-28,2022-11-07,0.071339502526744,2022,2022-09-30,learned_vol_interaction,20260911,0.5067263425841341,0.5067263425841341,1,1
annual_quarter_half,2853,2022-10-28,2022-11-07,0.071339502526744,2022,2022-09-30,learned_vol_interaction,20260912,0.6090928948494336,0.6090928948494336,1,1
annual_quarter_half,2853,2022-10-28,2022-11-07,0.071339502526744,2022,2022-09-30,native_mse,20260910,-0.00559008897133146,,0,1
annual_quarter_half,2853,2022-10-28,2022-11-07,0.071339502526744,2022,2022-09-30,native_mse,20260911,0.00046131336359005225,,1,1
annual_quarter_half,2853,2022-10-28,2022-11-07,0.071339502526744,2022,2022-09-30,native_mse,20260912,0.0036669737498969835,,1,1
annual_quarter_half,2853,2022-10-28,2022-11-07,0.071339502526744,2022,2022-09-30,training_frequency,-1,0.5289116378059133,0.5289116378059133,1,1
annual_quarter_half,2858,2022-11-04,2022-11-14,0.0169449090696014,2022,2022-09-30,learned_market,20260910,0.5084098614587591,0.5084098614587591,1,1
annual_quarter_half,2858,2022-11-04,2022-11-14,0.0169449090696014,2022,2022-09-30,learned_market,20260911,0.369002129451725,0.369002129451725,0,1
annual_quarter_half,2858,2022-11-04,2022-11-14,0.0169449090696014,2022,2022-09-30,learned_market,20260912,0.5561746102411012,0.5561746102411012,1,1
annual_quarter_half,2858,2022-11-04,2022-11-14,0.0169449090696014,2022,2022-09-30,learned_order_extension,20260910,0.4601436299910039,0.4601436299910039,0,1
annual_quarter_half,2858,2022-11-04,2022-11-14,0.0169449090696014,2022,2022-09-30,learned_order_extension,20260911,0.3442448846800942,0.3442448846800942,0,1
annual_quarter_half,2858,2022-11-04,2022-11-14,0.0169449090696014,2022,2022-09-30,learned_order_extension,20260912,0.5388700804923876,0.5388700804923876,1,1
annual_quarter_half,2858,2022-11-04,2022-11-14,0.0169449090696014,2022,2022-09-30,learned_order_offset,20260910,0.4603760715570472,0.4603760715570472,0,1
annual_quarter_half,2858,2022-11-04,2022-11-14,0.0169449090696014,2022,2022-09-30,learned_order_offset,20260911,0.34628702200986683,0.34628702200986683,0,1
annual_quarter_half,2858,2022-11-04,2022-11-14,0.0169449090696014,2022,2022-09-30,learned_order_offset,20260912,0.5388826659940984,0.5388826659940984,1,1
annual_quarter_half,2858,2022-11-04,2022-11-14,0.0169449090696014,2022,2022-09-30,learned_vol_interaction,20260910,0.46120782294984286,0.46120782294984286,0,1
annual_quarter_half,2858,2022-11-04,2022-11-14,0.0169449090696014,2022,2022-09-30,learned_vol_interaction,20260911,0.3617253040095423,0.3617253040095423,0,1
annual_quarter_half,2858,2022-11-04,2022-11-14,0.0169449090696014,2022,2022-09-30,learned_vol_interaction,20260912,0.5335984133204491,0.5335984133204491,1,1
annual_quarter_half,2858,2022-11-04,2022-11-14,0.0169449090696014,2022,2022-09-30,native_mse,20260910,0.0012947610244270647,,1,1
annual_quarter_half,2858,2022-11-04,2022-11-14,0.0169449090696014,2022,2022-09-30,native_mse,20260911,-0.005964514310742127,,0,1
annual_quarter_half,2858,2022-11-04,2022-11-14,0.0169449090696014,2022,2022-09-30,native_mse,20260912,0.004735529446759707,,1,1
annual_quarter_half,2858,2022-11-04,2022-11-14,0.0169449090696014,2022,2022-09-30,training_frequency,-1,0.5289116378059133,0.5289116378059133,1,1
annual_quarter_half,2863,2022-11-11,2022-11-21,-0.0127051391515239,2022,2022-09-30,learned_market,20260910,0.5160026761367749,0.5160026761367749,1,0
annual_quarter_half,2863,2022-11-11,2022-11-21,-0.0127051391515239,2022,2022-09-30,learned_market,20260911,0.43877522101054545,0.43877522101054545,0,0
annual_quarter_half,2863,2022-11-11,2022-11-21,-0.0127051391515239,2022,2022-09-30,learned_market,20260912,0.5499501112453,0.5499501112453,1,0
annual_quarter_half,2863,2022-11-11,2022-11-21,-0.0127051391515239,2022,2022-09-30,learned_order_extension,20260910,0.500726213015039,0.500726213015039,1,0
annual_quarter_half,2863,2022-11-11,2022-11-21,-0.0127051391515239,2022,2022-09-30,learned_order_extension,20260911,0.43852352837879477,0.43852352837879477,0,0
annual_quarter_half,2863,2022-11-11,2022-11-21,-0.0127051391515239,2022,2022-09-30,learned_order_extension,20260912,0.5373038650351716,0.5373038650351716,1,0
annual_quarter_half,2863,2022-11-11,2022-11-21,-0.0127051391515239,2022,2022-09-30,learned_order_offset,20260910,0.5012131959729538,0.5012131959729538,1,0
annual_quarter_half,2863,2022-11-11,2022-11-21,-0.0127051391515239,2022,2022-09-30,learned_order_offset,20260911,0.4381196264547472,0.4381196264547472,0,0
annual_quarter_half,2863,2022-11-11,2022-11-21,-0.0127051391515239,2022,2022-09-30,learned_order_offset,20260912,0.5369064325079038,0.5369064325079038,1,0
annual_quarter_half,2863,2022-11-11,2022-11-21,-0.0127051391515239,2022,2022-09-30,learned_vol_interaction,20260910,0.48975723416694716,0.48975723416694716,0,0
annual_quarter_half,2863,2022-11-11,2022-11-21,-0.0127051391515239,2022,2022-09-30,learned_vol_interaction,20260911,0.4362797524823284,0.4362797524823284,0,0
annual_quarter_half,2863,2022-11-11,2022-11-21,-0.0127051391515239,2022,2022-09-30,learned_vol_interaction,20260912,0.5429428036432113,0.5429428036432113,1,0
annual_quarter_half,2863,2022-11-11,2022-11-21,-0.0127051391515239,2022,2022-09-30,native_mse,20260910,0.00012893764725797723,,1,0
annual_quarter_half,2863,2022-11-11,2022-11-21,-0.0127051391515239,2022,2022-09-30,native_mse,20260911,-0.00478143923497071,,0,0
annual_quarter_half,2863,2022-11-11,2022-11-21,-0.0127051391515239,2022,2022-09-30,native_mse,20260912,0.00030987929465461786,,1,0
annual_quarter_half,2863,2022-11-11,2022-11-21,-0.0127051391515239,2022,2022-09-30,training_frequency,-1,0.5289116378059133,0.5289116378059133,1,0
annual_quarter_half,2868,2022-11-18,2022-11-28,-0.0179672806084416,2022,2022-09-30,learned_market,20260910,0.5366273496627295,0.5366273496627295,1,0
annual_quarter_half,2868,2022-11-18,2022-11-28,-0.0179672806084416,2022,2022-09-30,learned_market,20260911,0.35430820621576437,0.35430820621576437,0,0
annual_quarter_half,2868,2022-11-18,2022-11-28,-0.0179672806084416,2022,2022-09-30,learned_market,20260912,0.35855475774024803,0.35855475774024803,0,0
annual_quarter_half,2868,2022-11-18,2022-11-28,-0.0179672806084416,2022,2022-09-30,learned_order_extension,20260910,0.5264223480823234,0.5264223480823234,1,0
annual_quarter_half,2868,2022-11-18,2022-11-28,-0.0179672806084416,2022,2022-09-30,learned_order_extension,20260911,0.38419664737005343,0.38419664737005343,0,0
annual_quarter_half,2868,2022-11-18,2022-11-28,-0.0179672806084416,2022,2022-09-30,learned_order_extension,20260912,0.4094856810894142,0.4094856810894142,0,0
annual_quarter_half,2868,2022-11-18,2022-11-28,-0.0179672806084416,2022,2022-09-30,learned_order_offset,20260910,0.5264915782716896,0.5264915782716896,1,0
annual_quarter_half,2868,2022-11-18,2022-11-28,-0.0179672806084416,2022,2022-09-30,learned_order_offset,20260911,0.38356530944602507,0.38356530944602507,0,0
annual_quarter_half,2868,2022-11-18,2022-11-28,-0.0179672806084416,2022,2022-09-30,learned_order_offset,20260912,0.4095242046653726,0.4095242046653726,0,0
annual_quarter_half,2868,2022-11-18,2022-11-28,-0.0179672806084416,2022,2022-09-30,learned_vol_interaction,20260910,0.5160244276821102,0.5160244276821102,1,0
annual_quarter_half,2868,2022-11-18,2022-11-28,-0.0179672806084416,2022,2022-09-30,learned_vol_interaction,20260911,0.34423119193506946,0.34423119193506946,0,0
annual_quarter_half,2868,2022-11-18,2022-11-28,-0.0179672806084416,2022,2022-09-30,learned_vol_interaction,20260912,0.40449285206030783,0.40449285206030783,0,0
annual_quarter_half,2868,2022-11-18,2022-11-28,-0.0179672806084416,2022,2022-09-30,native_mse,20260910,-5.407453981169435e-05,,0,0
annual_quarter_half,2868,2022-11-18,2022-11-28,-0.0179672806084416,2022,2022-09-30,native_mse,20260911,-0.00800493128808902,,0,0
annual_quarter_half,2868,2022-11-18,2022-11-28,-0.0179672806084416,2022,2022-09-30,native_mse,20260912,-0.0011196454347582336,,0,0
annual_quarter_half,2868,2022-11-18,2022-11-28,-0.0179672806084416,2022,2022-09-30,training_frequency,-1,0.5289116378059133,0.5289116378059133,1,0
annual_quarter_half,2873,2022-11-25,2022-12-05,0.0555768659337096,2022,2022-09-30,learned_market,20260910,0.6002853820110713,0.6002853820110713,1,1
annual_quarter_half,2873,2022-11-25,2022-12-05,0.0555768659337096,2022,2022-09-30,learned_market,20260911,0.5310394142371543,0.5310394142371543,1,1
annual_quarter_half,2873,2022-11-25,2022-12-05,0.0555768659337096,2022,2022-09-30,learned_market,20260912,0.45321425221378564,0.45321425221378564,0,1
annual_quarter_half,2873,2022-11-25,2022-12-05,0.0555768659337096,2022,2022-09-30,learned_order_extension,20260910,0.6009048530042533,0.6009048530042533,1,1
annual_quarter_half,2873,2022-11-25,2022-12-05,0.0555768659337096,2022,2022-09-30,learned_order_extension,20260911,0.5178523474180885,0.5178523474180885,1,1
annual_quarter_half,2873,2022-11-25,2022-12-05,0.0555768659337096,2022,2022-09-30,learned_order_extension,20260912,0.46044545155246325,0.46044545155246325,0,1
annual_quarter_half,2873,2022-11-25,2022-12-05,0.0555768659337096,2022,2022-09-30,learned_order_offset,20260910,0.6007991838027973,0.6007991838027973,1,1
annual_quarter_half,2873,2022-11-25,2022-12-05,0.0555768659337096,2022,2022-09-30,learned_order_offset,20260911,0.5171417114886048,0.5171417114886048,1,1
annual_quarter_half,2873,2022-11-25,2022-12-05,0.0555768659337096,2022,2022-09-30,learned_order_offset,20260912,0.4603121679012091,0.4603121679012091,0,1
annual_quarter_half,2873,2022-11-25,2022-12-05,0.0555768659337096,2022,2022-09-30,learned_vol_interaction,20260910,0.6191557563699659,0.6191557563699659,1,1
annual_quarter_half,2873,2022-11-25,2022-12-05,0.0555768659337096,2022,2022-09-30,learned_vol_interaction,20260911,0.5306812155282938,0.5306812155282938,1,1
annual_quarter_half,2873,2022-11-25,2022-12-05,0.0555768659337096,2022,2022-09-30,learned_vol_interaction,20260912,0.46047201142807576,0.46047201142807576,0,1
annual_quarter_half,2873,2022-11-25,2022-12-05,0.0555768659337096,2022,2022-09-30,native_mse,20260910,-0.0010302694245647574,,0,1
annual_quarter_half,2873,2022-11-25,2022-12-05,0.0555768659337096,2022,2022-09-30,native_mse,20260911,0.0018689142460033919,,1,1
annual_quarter_half,2873,2022-11-25,2022-12-05,0.0555768659337096,2022,2022-09-30,native_mse,20260912,0.00018365113288223002,,1,1
annual_quarter_half,2873,2022-11-25,2022-12-05,0.0555768659337096,2022,2022-09-30,training_frequency,-1,0.5289116378059133,0.5289116378059133,1,1
annual_quarter_half,2878,2022-12-02,2022-12-12,0.0175374394775362,2022,2022-09-30,learned_market,20260910,0.46673727666361664,0.46673727666361664,0,1
annual_quarter_half,2878,2022-12-02,2022-12-12,0.0175374394775362,2022,2022-09-30,learned_market,20260911,0.6450984887033521,0.6450984887033521,1,1
annual_quarter_half,2878,2022-12-02,2022-12-12,0.0175374394775362,2022,2022-09-30,learned_market,20260912,0.4255241429844834,0.4255241429844834,0,1
annual_quarter_half,2878,2022-12-02,2022-12-12,0.0175374394775362,2022,2022-09-30,learned_order_extension,20260910,0.45329731701213527,0.45329731701213527,0,1
annual_quarter_half,2878,2022-12-02,2022-12-12,0.0175374394775362,2022,2022-09-30,learned_order_extension,20260911,0.5882721177800988,0.5882721177800988,1,1
annual_quarter_half,2878,2022-12-02,2022-12-12,0.0175374394775362,2022,2022-09-30,learned_order_extension,20260912,0.4235526766729423,0.4235526766729423,0,1
annual_quarter_half,2878,2022-12-02,2022-12-12,0.0175374394775362,2022,2022-09-30,learned_order_offset,20260910,0.4533552665252334,0.4533552665252334,0,1
annual_quarter_half,2878,2022-12-02,2022-12-12,0.0175374394775362,2022,2022-09-30,learned_order_offset,20260911,0.5857813345212853,0.5857813345212853,1,1
annual_quarter_half,2878,2022-12-02,2022-12-12,0.0175374394775362,2022,2022-09-30,learned_order_offset,20260912,0.4231481269353474,0.4231481269353474,0,1
annual_quarter_half,2878,2022-12-02,2022-12-12,0.0175374394775362,2022,2022-09-30,learned_vol_interaction,20260910,0.4627271681695303,0.4627271681695303,0,1
annual_quarter_half,2878,2022-12-02,2022-12-12,0.0175374394775362,2022,2022-09-30,learned_vol_interaction,20260911,0.6445589146927815,0.6445589146927815,1,1
annual_quarter_half,2878,2022-12-02,2022-12-12,0.0175374394775362,2022,2022-09-30,learned_vol_interaction,20260912,0.4205997129230778,0.4205997129230778,0,1
annual_quarter_half,2878,2022-12-02,2022-12-12,0.0175374394775362,2022,2022-09-30,native_mse,20260910,-0.006114988727189968,,0,1
annual_quarter_half,2878,2022-12-02,2022-12-12,0.0175374394775362,2022,2022-09-30,native_mse,20260911,0.010152017644912453,,1,1
annual_quarter_half,2878,2022-12-02,2022-12-12,0.0175374394775362,2022,2022-09-30,native_mse,20260912,-0.00014477528153453492,,0,1
annual_quarter_half,2878,2022-12-02,2022-12-12,0.0175374394775362,2022,2022-09-30,training_frequency,-1,0.5289116378059133,0.5289116378059133,1,1
annual_quarter_half,2883,2022-12-09,2022-12-19,-0.0058850602464181,2022,2022-09-30,learned_market,20260910,0.4539754093689174,0.4539754093689174,0,0
annual_quarter_half,2883,2022-12-09,2022-12-19,-0.0058850602464181,2022,2022-09-30,learned_market,20260911,0.5754309112016902,0.5754309112016902,1,0
annual_quarter_half,2883,2022-12-09,2022-12-19,-0.0058850602464181,2022,2022-09-30,learned_market,20260912,0.5997178465645381,0.5997178465645381,1,0
annual_quarter_half,2883,2022-12-09,2022-12-19,-0.0058850602464181,2022,2022-09-30,learned_order_extension,20260910,0.437764674253986,0.437764674253986,0,0
annual_quarter_half,2883,2022-12-09,2022-12-19,-0.0058850602464181,2022,2022-09-30,learned_order_extension,20260911,0.5410738021660717,0.5410738021660717,1,0
annual_quarter_half,2883,2022-12-09,2022-12-19,-0.0058850602464181,2022,2022-09-30,learned_order_extension,20260912,0.5834659544570122,0.5834659544570122,1,0
annual_quarter_half,2883,2022-12-09,2022-12-19,-0.0058850602464181,2022,2022-09-30,learned_order_offset,20260910,0.4379050633873969,0.4379050633873969,0,0
annual_quarter_half,2883,2022-12-09,2022-12-19,-0.0058850602464181,2022,2022-09-30,learned_order_offset,20260911,0.5414852973771163,0.5414852973771163,1,0
annual_quarter_half,2883,2022-12-09,2022-12-19,-0.0058850602464181,2022,2022-09-30,learned_order_offset,20260912,0.5835250358770824,0.5835250358770824,1,0
annual_quarter_half,2883,2022-12-09,2022-12-19,-0.0058850602464181,2022,2022-09-30,learned_vol_interaction,20260910,0.45119722273451035,0.45119722273451035,0,0
annual_quarter_half,2883,2022-12-09,2022-12-19,-0.0058850602464181,2022,2022-09-30,learned_vol_interaction,20260911,0.5762745997210064,0.5762745997210064,1,0
annual_quarter_half,2883,2022-12-09,2022-12-19,-0.0058850602464181,2022,2022-09-30,learned_vol_interaction,20260912,0.6061026379563585,0.6061026379563585,1,0
annual_quarter_half,2883,2022-12-09,2022-12-19,-0.0058850602464181,2022,2022-09-30,native_mse,20260910,-0.0061651640218287245,,0,0
annual_quarter_half,2883,2022-12-09,2022-12-19,-0.0058850602464181,2022,2022-09-30,native_mse,20260911,0.006184555777900764,,1,0
annual_quarter_half,2883,2022-12-09,2022-12-19,-0.0058850602464181,2022,2022-09-30,native_mse,20260912,0.005184219975110682,,1,0
annual_quarter_half,2883,2022-12-09,2022-12-19,-0.0058850602464181,2022,2022-09-30,training_frequency,-1,0.5289116378059133,0.5289116378059133,1,0
annual_quarter_half,2888,2022-12-16,2022-12-26,-0.0309150292073658,2022,2022-09-30,learned_market,20260910,0.5378751071600958,0.5378751071600958,1,0
annual_quarter_half,2888,2022-12-16,2022-12-26,-0.0309150292073658,2022,2022-09-30,learned_market,20260911,0.5301432949304172,0.5301432949304172,1,0
annual_quarter_half,2888,2022-12-16,2022-12-26,-0.0309150292073658,2022,2022-09-30,learned_market,20260912,0.5177536305590932,0.5177536305590932,1,0
annual_quarter_half,2888,2022-12-16,2022-12-26,-0.0309150292073658,2022,2022-09-30,learned_order_extension,20260910,0.5288276551219085,0.5288276551219085,1,0
annual_quarter_half,2888,2022-12-16,2022-12-26,-0.0309150292073658,2022,2022-09-30,learned_order_extension,20260911,0.5239244876548983,0.5239244876548983,1,0
annual_quarter_half,2888,2022-12-16,2022-12-26,-0.0309150292073658,2022,2022-09-30,learned_order_extension,20260912,0.5229527788751952,0.5229527788751952,1,0
annual_quarter_half,2888,2022-12-16,2022-12-26,-0.0309150292073658,2022,2022-09-30,learned_order_offset,20260910,0.5287133909966563,0.5287133909966563,1,0
annual_quarter_half,2888,2022-12-16,2022-12-26,-0.0309150292073658,2022,2022-09-30,learned_order_offset,20260911,0.5233641158414662,0.5233641158414662,1,0
annual_quarter_half,2888,2022-12-16,2022-12-26,-0.0309150292073658,2022,2022-09-30,learned_order_offset,20260912,0.5237672348633899,0.5237672348633899,1,0
annual_quarter_half,2888,2022-12-16,2022-12-26,-0.0309150292073658,2022,2022-09-30,learned_vol_interaction,20260910,0.5296883706563749,0.5296883706563749,1,0
annual_quarter_half,2888,2022-12-16,2022-12-26,-0.0309150292073658,2022,2022-09-30,learned_vol_interaction,20260911,0.5296218294182065,0.5296218294182065,1,0
annual_quarter_half,2888,2022-12-16,2022-12-26,-0.0309150292073658,2022,2022-09-30,learned_vol_interaction,20260912,0.5159049594698579,0.5159049594698579,1,0
annual_quarter_half,2888,2022-12-16,2022-12-26,-0.0309150292073658,2022,2022-09-30,native_mse,20260910,-0.0010143461575110166,,0,0
annual_quarter_half,2888,2022-12-16,2022-12-26,-0.0309150292073658,2022,2022-09-30,native_mse,20260911,0.002144047548819274,,1,0
annual_quarter_half,2888,2022-12-16,2022-12-26,-0.0309150292073658,2022,2022-09-30,native_mse,20260912,0.0005290208524560553,,1,0
annual_quarter_half,2888,2022-12-16,2022-12-26,-0.0309150292073658,2022,2022-09-30,training_frequency,-1,0.5289116378059133,0.5289116378059133,1,0
annual_quarter_half,2893,2022-12-23,2023-01-03,0.0089464492229616,2022,2022-09-30,learned_market,20260910,0.4903488168443712,0.4903488168443712,0,1
annual_quarter_half,2893,2022-12-23,2023-01-03,0.0089464492229616,2022,2022-09-30,learned_market,20260911,0.5974391270361208,0.5974391270361208,1,1
annual_quarter_half,2893,2022-12-23,2023-01-03,0.0089464492229616,2022,2022-09-30,learned_market,20260912,0.38635330977159177,0.38635330977159177,0,1
annual_quarter_half,2893,2022-12-23,2023-01-03,0.0089464492229616,2022,2022-09-30,learned_order_extension,20260910,0.4832134635643969,0.4832134635643969,0,1
annual_quarter_half,2893,2022-12-23,2023-01-03,0.0089464492229616,2022,2022-09-30,learned_order_extension,20260911,0.5784062642562615,0.5784062642562615,1,1
annual_quarter_half,2893,2022-12-23,2023-01-03,0.0089464492229616,2022,2022-09-30,learned_order_extension,20260912,0.3844272357595572,0.3844272357595572,0,1
annual_quarter_half,2893,2022-12-23,2023-01-03,0.0089464492229616,2022,2022-09-30,learned_order_offset,20260910,0.48329281959139986,0.48329281959139986,0,1
annual_quarter_half,2893,2022-12-23,2023-01-03,0.0089464492229616,2022,2022-09-30,learned_order_offset,20260911,0.576658484508257,0.576658484508257,1,1
annual_quarter_half,2893,2022-12-23,2023-01-03,0.0089464492229616,2022,2022-09-30,learned_order_offset,20260912,0.3847479615330103,0.3847479615330103,0,1
annual_quarter_half,2893,2022-12-23,2023-01-03,0.0089464492229616,2022,2022-09-30,learned_vol_interaction,20260910,0.48490809843441096,0.48490809843441096,0,1
annual_quarter_half,2893,2022-12-23,2023-01-03,0.0089464492229616,2022,2022-09-30,learned_vol_interaction,20260911,0.5946008531930487,0.5946008531930487,1,1
annual_quarter_half,2893,2022-12-23,2023-01-03,0.0089464492229616,2022,2022-09-30,learned_vol_interaction,20260912,0.381105413104896,0.381105413104896,0,1
annual_quarter_half,2893,2022-12-23,2023-01-03,0.0089464492229616,2022,2022-09-30,native_mse,20260910,-0.0047403335274338885,,0,1
annual_quarter_half,2893,2022-12-23,2023-01-03,0.0089464492229616,2022,2022-09-30,native_mse,20260911,0.0008985389175019485,,1,1
annual_quarter_half,2893,2022-12-23,2023-01-03,0.0089464492229616,2022,2022-09-30,native_mse,20260912,-0.0005088575447110271,,0,1
annual_quarter_half,2893,2022-12-23,2023-01-03,0.0089464492229616,2022,2022-09-30,training_frequency,-1,0.5289116378059133,0.5289116378059133,1,1
annual_quarter_half,2898,2022-12-30,2023-01-09,0.0345913414268119,2022,2022-09-30,learned_market,20260910,0.4600658765013047,0.4600658765013047,0,1
annual_quarter_half,2898,2022-12-30,2023-01-09,0.0345913414268119,2022,2022-09-30,learned_market,20260911,0.3995183343675821,0.3995183343675821,0,1
annual_quarter_half,2898,2022-12-30,2023-01-09,0.0345913414268119,2022,2022-09-30,learned_market,20260912,0.4386364504663493,0.4386364504663493,0,1
annual_quarter_half,2898,2022-12-30,2023-01-09,0.0345913414268119,2022,2022-09-30,learned_order_extension,20260910,0.4792000042602159,0.4792000042602159,0,1
annual_quarter_half,2898,2022-12-30,2023-01-09,0.0345913414268119,2022,2022-09-30,learned_order_extension,20260911,0.3997262709050967,0.3997262709050967,0,1
annual_quarter_half,2898,2022-12-30,2023-01-09,0.0345913414268119,2022,2022-09-30,learned_order_extension,20260912,0.4247785995621294,0.4247785995621294,0,1
annual_quarter_half,2898,2022-12-30,2023-01-09,0.0345913414268119,2022,2022-09-30,learned_order_offset,20260910,0.47927746537715943,0.47927746537715943,0,1
annual_quarter_half,2898,2022-12-30,2023-01-09,0.0345913414268119,2022,2022-09-30,learned_order_offset,20260911,0.4005417141348459,0.4005417141348459,0,1
annual_quarter_half,2898,2022-12-30,2023-01-09,0.0345913414268119,2022,2022-09-30,learned_order_offset,20260912,0.42511862669134187,0.42511862669134187,0,1
annual_quarter_half,2898,2022-12-30,2023-01-09,0.0345913414268119,2022,2022-09-30,learned_vol_interaction,20260910,0.48035459179829276,0.48035459179829276,0,1
annual_quarter_half,2898,2022-12-30,2023-01-09,0.0345913414268119,2022,2022-09-30,learned_vol_interaction,20260911,0.4026204366693056,0.4026204366693056,0,1
annual_quarter_half,2898,2022-12-30,2023-01-09,0.0345913414268119,2022,2022-09-30,learned_vol_interaction,20260912,0.4248565615859386,0.4248565615859386,0,1
annual_quarter_half,2898,2022-12-30,2023-01-09,0.0345913414268119,2022,2022-09-30,native_mse,20260910,-0.004340922068040787,,0,1
annual_quarter_half,2898,2022-12-30,2023-01-09,0.0345913414268119,2022,2022-09-30,native_mse,20260911,-0.009696906640031323,,0,1
annual_quarter_half,2898,2022-12-30,2023-01-09,0.0345913414268119,2022,2022-09-30,native_mse,20260912,-0.00023487832107187915,,0,1
annual_quarter_half,2898,2022-12-30,2023-01-09,0.0345913414268119,2022,2022-09-30,training_frequency,-1,0.5289116378059133,0.5289116378059133,1,1
annual_quarter_half,2902,2023-01-06,2023-01-16,0.0198447929614133,2023,2022-12-31,learned_market,20260910,0.2720748657753032,0.2720748657753032,0,1
annual_quarter_half,2902,2023-01-06,2023-01-16,0.0198447929614133,2023,2022-12-31,learned_market,20260911,0.4109996836659653,0.4109996836659653,0,1
annual_quarter_half,2902,2023-01-06,2023-01-16,0.0198447929614133,2023,2022-12-31,learned_market,20260912,0.30052885603711643,0.30052885603711643,0,1
annual_quarter_half,2902,2023-01-06,2023-01-16,0.0198447929614133,2023,2022-12-31,learned_order_extension,20260910,0.2943161630816726,0.2943161630816726,0,1
annual_quarter_half,2902,2023-01-06,2023-01-16,0.0198447929614133,2023,2022-12-31,learned_order_extension,20260911,0.4111458737354107,0.4111458737354107,0,1
annual_quarter_half,2902,2023-01-06,2023-01-16,0.0198447929614133,2023,2022-12-31,learned_order_extension,20260912,0.3320870087441045,0.3320870087441045,0,1
annual_quarter_half,2902,2023-01-06,2023-01-16,0.0198447929614133,2023,2022-12-31,learned_order_offset,20260910,0.29436491679511234,0.29436491679511234,0,1
annual_quarter_half,2902,2023-01-06,2023-01-16,0.0198447929614133,2023,2022-12-31,learned_order_offset,20260911,0.41117201615041793,0.41117201615041793,0,1
annual_quarter_half,2902,2023-01-06,2023-01-16,0.0198447929614133,2023,2022-12-31,learned_order_offset,20260912,0.33518639317613286,0.33518639317613286,0,1
annual_quarter_half,2902,2023-01-06,2023-01-16,0.0198447929614133,2023,2022-12-31,learned_vol_interaction,20260910,0.2579229355480302,0.2579229355480302,0,1
annual_quarter_half,2902,2023-01-06,2023-01-16,0.0198447929614133,2023,2022-12-31,learned_vol_interaction,20260911,0.40969442309749926,0.40969442309749926,0,1
annual_quarter_half,2902,2023-01-06,2023-01-16,0.0198447929614133,2023,2022-12-31,learned_vol_interaction,20260912,0.28965659740268485,0.28965659740268485,0,1
annual_quarter_half,2902,2023-01-06,2023-01-16,0.0198447929614133,2023,2022-12-31,native_mse,20260910,-0.0025267983391307767,,0,1
annual_quarter_half,2902,2023-01-06,2023-01-16,0.0198447929614133,2023,2022-12-31,native_mse,20260911,-0.0028881799476405084,,0,1
annual_quarter_half,2902,2023-01-06,2023-01-16,0.0198447929614133,2023,2022-12-31,native_mse,20260912,0.0004281627694943007,,1,1
annual_quarter_half,2902,2023-01-06,2023-01-16,0.0198447929614133,2023,2022-12-31,training_frequency,-1,0.5028949545078577,0.5028949545078577,1,1
annual_quarter_half,2907,2023-01-13,2023-01-30,0.0465290788350809,2023,2022-12-31,learned_market,20260910,0.47236248212800225,0.47236248212800225,0,1
annual_quarter_half,2907,2023-01-13,2023-01-30,0.0465290788350809,2023,2022-12-31,learned_market,20260911,0.344318482304961,0.344318482304961,0,1
annual_quarter_half,2907,2023-01-13,2023-01-30,0.0465290788350809,2023,2022-12-31,learned_market,20260912,0.25642703962175933,0.25642703962175933,0,1
annual_quarter_half,2907,2023-01-13,2023-01-30,0.0465290788350809,2023,2022-12-31,learned_order_extension,20260910,0.46027187341536235,0.46027187341536235,0,1
annual_quarter_half,2907,2023-01-13,2023-01-30,0.0465290788350809,2023,2022-12-31,learned_order_extension,20260911,0.36472782557647304,0.36472782557647304,0,1
annual_quarter_half,2907,2023-01-13,2023-01-30,0.0465290788350809,2023,2022-12-31,learned_order_extension,20260912,0.27988954900977053,0.27988954900977053,0,1
annual_quarter_half,2907,2023-01-13,2023-01-30,0.0465290788350809,2023,2022-12-31,learned_order_offset,20260910,0.45922844261203544,0.45922844261203544,0,1
annual_quarter_half,2907,2023-01-13,2023-01-30,0.0465290788350809,2023,2022-12-31,learned_order_offset,20260911,0.364680620051655,0.364680620051655,0,1
annual_quarter_half,2907,2023-01-13,2023-01-30,0.0465290788350809,2023,2022-12-31,learned_order_offset,20260912,0.283926532884273,0.283926532884273,0,1
annual_quarter_half,2907,2023-01-13,2023-01-30,0.0465290788350809,2023,2022-12-31,learned_vol_interaction,20260910,0.46834593067568,0.46834593067568,0,1
annual_quarter_half,2907,2023-01-13,2023-01-30,0.0465290788350809,2023,2022-12-31,learned_vol_interaction,20260911,0.36456829174456845,0.36456829174456845,0,1
annual_quarter_half,2907,2023-01-13,2023-01-30,0.0465290788350809,2023,2022-12-31,learned_vol_interaction,20260912,0.24376767561556023,0.24376767561556023,0,1
annual_quarter_half,2907,2023-01-13,2023-01-30,0.0465290788350809,2023,2022-12-31,native_mse,20260910,-0.0004635399148201708,,0,1
annual_quarter_half,2907,2023-01-13,2023-01-30,0.0465290788350809,2023,2022-12-31,native_mse,20260911,0.002600529697082545,,1,1
annual_quarter_half,2907,2023-01-13,2023-01-30,0.0465290788350809,2023,2022-12-31,native_mse,20260912,4.2102919401855305e-05,,1,1
annual_quarter_half,2907,2023-01-13,2023-01-30,0.0465290788350809,2023,2022-12-31,training_frequency,-1,0.5028949545078577,0.5028949545078577,1,1
annual_quarter_half,2912,2023-01-20,2023-02-06,-0.0383797057844887,2023,2022-12-31,learned_market,20260910,0.406664897579608,0.406664897579608,0,0
annual_quarter_half,2912,2023-01-20,2023-02-06,-0.0383797057844887,2023,2022-12-31,learned_market,20260911,0.6588589521771411,0.6588589521771411,1,0
annual_quarter_half,2912,2023-01-20,2023-02-06,-0.0383797057844887,2023,2022-12-31,learned_market,20260912,0.6884031394091166,0.6884031394091166,1,0
annual_quarter_half,2912,2023-01-20,2023-02-06,-0.0383797057844887,2023,2022-12-31,learned_order_extension,20260910,0.3872152058090037,0.3872152058090037,0,0
annual_quarter_half,2912,2023-01-20,2023-02-06,-0.0383797057844887,2023,2022-12-31,learned_order_extension,20260911,0.5780473136480286,0.5780473136480286,1,0
annual_quarter_half,2912,2023-01-20,2023-02-06,-0.0383797057844887,2023,2022-12-31,learned_order_extension,20260912,0.6620064456911843,0.6620064456911843,1,0
annual_quarter_half,2912,2023-01-20,2023-02-06,-0.0383797057844887,2023,2022-12-31,learned_order_offset,20260910,0.3863007910171924,0.3863007910171924,0,0
annual_quarter_half,2912,2023-01-20,2023-02-06,-0.0383797057844887,2023,2022-12-31,learned_order_offset,20260911,0.578179649696222,0.578179649696222,1,0
annual_quarter_half,2912,2023-01-20,2023-02-06,-0.0383797057844887,2023,2022-12-31,learned_order_offset,20260912,0.656265266213206,0.656265266213206,1,0
annual_quarter_half,2912,2023-01-20,2023-02-06,-0.0383797057844887,2023,2022-12-31,learned_vol_interaction,20260910,0.3968582316115995,0.3968582316115995,0,0
annual_quarter_half,2912,2023-01-20,2023-02-06,-0.0383797057844887,2023,2022-12-31,learned_vol_interaction,20260911,0.5794436004575169,0.5794436004575169,1,0
annual_quarter_half,2912,2023-01-20,2023-02-06,-0.0383797057844887,2023,2022-12-31,learned_vol_interaction,20260912,0.7144269683090918,0.7144269683090918,1,0
annual_quarter_half,2912,2023-01-20,2023-02-06,-0.0383797057844887,2023,2022-12-31,native_mse,20260910,7.519190422555292e-05,,1,0
annual_quarter_half,2912,2023-01-20,2023-02-06,-0.0383797057844887,2023,2022-12-31,native_mse,20260911,0.009824735187562814,,1,0
annual_quarter_half,2912,2023-01-20,2023-02-06,-0.0383797057844887,2023,2022-12-31,native_mse,20260912,0.0010967633118809882,,1,0
annual_quarter_half,2912,2023-01-20,2023-02-06,-0.0383797057844887,2023,2022-12-31,training_frequency,-1,0.5028949545078577,0.5028949545078577,1,0
annual_quarter_half,2917,2023-02-03,2023-02-13,-0.0012061903149008,2023,2022-12-31,learned_market,20260910,0.7077615943567296,0.7077615943567296,1,0
annual_quarter_half,2917,2023-02-03,2023-02-13,-0.0012061903149008,2023,2022-12-31,learned_market,20260911,0.5846417083500102,0.5846417083500102,1,0
annual_quarter_half,2917,2023-02-03,2023-02-13,-0.0012061903149008,2023,2022-12-31,learned_market,20260912,0.48719446040105807,0.48719446040105807,0,0
annual_quarter_half,2917,2023-02-03,2023-02-13,-0.0012061903149008,2023,2022-12-31,learned_order_extension,20260910,0.7087431108814826,0.7087431108814826,1,0
annual_quarter_half,2917,2023-02-03,2023-02-13,-0.0012061903149008,2023,2022-12-31,learned_order_extension,20260911,0.5514322848293292,0.5514322848293292,1,0
annual_quarter_half,2917,2023-02-03,2023-02-13,-0.0012061903149008,2023,2022-12-31,learned_order_extension,20260912,0.47399209037220413,0.47399209037220413,0,0
annual_quarter_half,2917,2023-02-03,2023-02-13,-0.0012061903149008,2023,2022-12-31,learned_order_offset,20260910,0.708109906191393,0.708109906191393,1,0
annual_quarter_half,2917,2023-02-03,2023-02-13,-0.0012061903149008,2023,2022-12-31,learned_order_offset,20260911,0.5515128874638535,0.5515128874638535,1,0
annual_quarter_half,2917,2023-02-03,2023-02-13,-0.0012061903149008,2023,2022-12-31,learned_order_offset,20260912,0.47265762776020354,0.47265762776020354,0,0
annual_quarter_half,2917,2023-02-03,2023-02-13,-0.0012061903149008,2023,2022-12-31,learned_vol_interaction,20260910,0.7386639107975522,0.7386639107975522,1,0
annual_quarter_half,2917,2023-02-03,2023-02-13,-0.0012061903149008,2023,2022-12-31,learned_vol_interaction,20260911,0.5514968469417321,0.5514968469417321,1,0
annual_quarter_half,2917,2023-02-03,2023-02-13,-0.0012061903149008,2023,2022-12-31,learned_vol_interaction,20260912,0.48449097695552545,0.48449097695552545,0,0
annual_quarter_half,2917,2023-02-03,2023-02-13,-0.0012061903149008,2023,2022-12-31,native_mse,20260910,0.0016271329266920357,,1,0
annual_quarter_half,2917,2023-02-03,2023-02-13,-0.0012061903149008,2023,2022-12-31,native_mse,20260911,0.001758336799202022,,1,0
annual_quarter_half,2917,2023-02-03,2023-02-13,-0.0012061903149008,2023,2022-12-31,native_mse,20260912,0.0008747039967658528,,1,0
annual_quarter_half,2917,2023-02-03,2023-02-13,-0.0012061903149008,2023,2022-12-31,training_frequency,-1,0.5028949545078577,0.5028949545078577,1,0
annual_quarter_half,2922,2023-02-10,2023-02-20,-0.0143746584432821,2023,2022-12-31,learned_market,20260910,0.3396729663973045,0.3396729663973045,0,0
annual_quarter_half,2922,2023-02-10,2023-02-20,-0.0143746584432821,2023,2022-12-31,learned_market,20260911,0.37229435163057095,0.37229435163057095,0,0
annual_quarter_half,2922,2023-02-10,2023-02-20,-0.0143746584432821,2023,2022-12-31,learned_market,20260912,0.25478983111842135,0.25478983111842135,0,0
annual_quarter_half,2922,2023-02-10,2023-02-20,-0.0143746584432821,2023,2022-12-31,learned_order_extension,20260910,0.33420380659580207,0.33420380659580207,0,0
annual_quarter_half,2922,2023-02-10,2023-02-20,-0.0143746584432821,2023,2022-12-31,learned_order_extension,20260911,0.3920291907474336,0.3920291907474336,0,0
annual_quarter_half,2922,2023-02-10,2023-02-20,-0.0143746584432821,2023,2022-12-31,learned_order_extension,20260912,0.24616016767148868,0.24616016767148868,0,0
annual_quarter_half,2922,2023-02-10,2023-02-20,-0.0143746584432821,2023,2022-12-31,learned_order_offset,20260910,0.3342356424663725,0.3342356424663725,0,0
annual_quarter_half,2922,2023-02-10,2023-02-20,-0.0143746584432821,2023,2022-12-31,learned_order_offset,20260911,0.39192014326711666,0.39192014326711666,0,0
annual_quarter_half,2922,2023-02-10,2023-02-20,-0.0143746584432821,2023,2022-12-31,learned_order_offset,20260912,0.2502577591654617,0.2502577591654617,0,0
annual_quarter_half,2922,2023-02-10,2023-02-20,-0.0143746584432821,2023,2022-12-31,learned_vol_interaction,20260910,0.3303769483660095,0.3303769483660095,0,0
annual_quarter_half,2922,2023-02-10,2023-02-20,-0.0143746584432821,2023,2022-12-31,learned_vol_interaction,20260911,0.3927055424872561,0.3927055424872561,0,0
annual_quarter_half,2922,2023-02-10,2023-02-20,-0.0143746584432821,2023,2022-12-31,learned_vol_interaction,20260912,0.24568395555451436,0.24568395555451436,0,0
annual_quarter_half,2922,2023-02-10,2023-02-20,-0.0143746584432821,2023,2022-12-31,native_mse,20260910,-0.0011564163814400644,,0,0
annual_quarter_half,2922,2023-02-10,2023-02-20,-0.0143746584432821,2023,2022-12-31,native_mse,20260911,-0.004455423490420713,,0,0
annual_quarter_half,2922,2023-02-10,2023-02-20,-0.0143746584432821,2023,2022-12-31,native_mse,20260912,0.0001818132935792269,,1,0
annual_quarter_half,2922,2023-02-10,2023-02-20,-0.0143746584432821,2023,2022-12-31,training_frequency,-1,0.5028949545078577,0.5028949545078577,1,0
annual_quarter_half,2927,2023-02-17,2023-02-27,0.0001237636016198,2023,2022-12-31,learned_market,20260910,0.3940367299508906,0.3940367299508906,0,1
annual_quarter_half,2927,2023-02-17,2023-02-27,0.0001237636016198,2023,2022-12-31,learned_market,20260911,0.4278917331001193,0.4278917331001193,0,1
annual_quarter_half,2927,2023-02-17,2023-02-27,0.0001237636016198,2023,2022-12-31,learned_market,20260912,0.4079835806267681,0.4079835806267681,0,1
annual_quarter_half,2927,2023-02-17,2023-02-27,0.0001237636016198,2023,2022-12-31,learned_order_extension,20260910,0.37695809393703467,0.37695809393703467,0,1
annual_quarter_half,2927,2023-02-17,2023-02-27,0.0001237636016198,2023,2022-12-31,learned_order_extension,20260911,0.4473244932999703,0.4473244932999703,0,1
annual_quarter_half,2927,2023-02-17,2023-02-27,0.0001237636016198,2023,2022-12-31,learned_order_extension,20260912,0.39614793530843245,0.39614793530843245,0,1
annual_quarter_half,2927,2023-02-17,2023-02-27,0.0001237636016198,2023,2022-12-31,learned_order_offset,20260910,0.3768936129162209,0.3768936129162209,0,1
annual_quarter_half,2927,2023-02-17,2023-02-27,0.0001237636016198,2023,2022-12-31,learned_order_offset,20260911,0.44735551730013157,0.44735551730013157,0,1
annual_quarter_half,2927,2023-02-17,2023-02-27,0.0001237636016198,2023,2022-12-31,learned_order_offset,20260912,0.3981719184557722,0.3981719184557722,0,1
annual_quarter_half,2927,2023-02-17,2023-02-27,0.0001237636016198,2023,2022-12-31,learned_vol_interaction,20260910,0.37895686267521006,0.37895686267521006,0,1
annual_quarter_half,2927,2023-02-17,2023-02-27,0.0001237636016198,2023,2022-12-31,learned_vol_interaction,20260911,0.44774683758526995,0.44774683758526995,0,1
annual_quarter_half,2927,2023-02-17,2023-02-27,0.0001237636016198,2023,2022-12-31,learned_vol_interaction,20260912,0.4043340500782045,0.4043340500782045,0,1
annual_quarter_half,2927,2023-02-17,2023-02-27,0.0001237636016198,2023,2022-12-31,native_mse,20260910,-0.0016426518503498255,,0,1
annual_quarter_half,2927,2023-02-17,2023-02-27,0.0001237636016198,2023,2022-12-31,native_mse,20260911,-0.004320463721841919,,0,1
annual_quarter_half,2927,2023-02-17,2023-02-27,0.0001237636016198,2023,2022-12-31,native_mse,20260912,0.00010126624081480557,,1,1
annual_quarter_half,2927,2023-02-17,2023-02-27,0.0001237636016198,2023,2022-12-31,training_frequency,-1,0.5028949545078577,0.5028949545078577,1,1
annual_quarter_half,2932,2023-02-24,2023-03-06,0.0224454641303217,2023,2022-12-31,learned_market,20260910,0.6368517662464305,0.6368517662464305,1,1
annual_quarter_half,2932,2023-02-24,2023-03-06,0.0224454641303217,2023,2022-12-31,learned_market,20260911,0.6524353768671635,0.6524353768671635,1,1
annual_quarter_half,2932,2023-02-24,2023-03-06,0.0224454641303217,2023,2022-12-31,learned_market,20260912,0.7137242634797857,0.7137242634797857,1,1
annual_quarter_half,2932,2023-02-24,2023-03-06,0.0224454641303217,2023,2022-12-31,learned_order_extension,20260910,0.6504979423759706,0.6504979423759706,1,1
annual_quarter_half,2932,2023-02-24,2023-03-06,0.0224454641303217,2023,2022-12-31,learned_order_extension,20260911,0.6194433589464242,0.6194433589464242,1,1
annual_quarter_half,2932,2023-02-24,2023-03-06,0.0224454641303217,2023,2022-12-31,learned_order_extension,20260912,0.7129289281429624,0.7129289281429624,1,1
annual_quarter_half,2932,2023-02-24,2023-03-06,0.0224454641303217,2023,2022-12-31,learned_order_offset,20260910,0.650954614063496,0.650954614063496,1,1
annual_quarter_half,2932,2023-02-24,2023-03-06,0.0224454641303217,2023,2022-12-31,learned_order_offset,20260911,0.6194755772192605,0.6194755772192605,1,1
annual_quarter_half,2932,2023-02-24,2023-03-06,0.0224454641303217,2023,2022-12-31,learned_order_offset,20260912,0.7071114667508918,0.7071114667508918,1,1
annual_quarter_half,2932,2023-02-24,2023-03-06,0.0224454641303217,2023,2022-12-31,learned_vol_interaction,20260910,0.6474147480213357,0.6474147480213357,1,1
annual_quarter_half,2932,2023-02-24,2023-03-06,0.0224454641303217,2023,2022-12-31,learned_vol_interaction,20260911,0.619096546985403,0.619096546985403,1,1
annual_quarter_half,2932,2023-02-24,2023-03-06,0.0224454641303217,2023,2022-12-31,learned_vol_interaction,20260912,0.7237644100552868,0.7237644100552868,1,1
annual_quarter_half,2932,2023-02-24,2023-03-06,0.0224454641303217,2023,2022-12-31,native_mse,20260910,0.0015810555880606469,,1,1
annual_quarter_half,2932,2023-02-24,2023-03-06,0.0224454641303217,2023,2022-12-31,native_mse,20260911,0.007109894584169036,,1,1
annual_quarter_half,2932,2023-02-24,2023-03-06,0.0224454641303217,2023,2022-12-31,native_mse,20260912,0.000782385799644381,,1,1
annual_quarter_half,2932,2023-02-24,2023-03-06,0.0224454641303217,2023,2022-12-31,training_frequency,-1,0.5028949545078577,0.5028949545078577,1,1
annual_quarter_half,2937,2023-03-03,2023-03-13,-0.0407900947678007,2023,2022-12-31,learned_market,20260910,0.7365179717700991,0.7365179717700991,1,0
annual_quarter_half,2937,2023-03-03,2023-03-13,-0.0407900947678007,2023,2022-12-31,learned_market,20260911,0.767620468884498,0.767620468884498,1,0
annual_quarter_half,2937,2023-03-03,2023-03-13,-0.0407900947678007,2023,2022-12-31,learned_market,20260912,0.5807881322909977,0.5807881322909977,1,0
annual_quarter_half,2937,2023-03-03,2023-03-13,-0.0407900947678007,2023,2022-12-31,learned_order_extension,20260910,0.7451391997229981,0.7451391997229981,1,0
annual_quarter_half,2937,2023-03-03,2023-03-13,-0.0407900947678007,2023,2022-12-31,learned_order_extension,20260911,0.7367440693214489,0.7367440693214489,1,0
annual_quarter_half,2937,2023-03-03,2023-03-13,-0.0407900947678007,2023,2022-12-31,learned_order_extension,20260912,0.5872179709776264,0.5872179709776264,1,0
annual_quarter_half,2937,2023-03-03,2023-03-13,-0.0407900947678007,2023,2022-12-31,learned_order_offset,20260910,0.744213255918267,0.744213255918267,1,0
annual_quarter_half,2937,2023-03-03,2023-03-13,-0.0407900947678007,2023,2022-12-31,learned_order_offset,20260911,0.7367890366176728,0.7367890366176728,1,0
annual_quarter_half,2937,2023-03-03,2023-03-13,-0.0407900947678007,2023,2022-12-31,learned_order_offset,20260912,0.5854544425200702,0.5854544425200702,1,0
annual_quarter_half,2937,2023-03-03,2023-03-13,-0.0407900947678007,2023,2022-12-31,learned_vol_interaction,20260910,0.7530412308563522,0.7530412308563522,1,0
annual_quarter_half,2937,2023-03-03,2023-03-13,-0.0407900947678007,2023,2022-12-31,learned_vol_interaction,20260911,0.7361671223361639,0.7361671223361639,1,0
annual_quarter_half,2937,2023-03-03,2023-03-13,-0.0407900947678007,2023,2022-12-31,learned_vol_interaction,20260912,0.5909800662310533,0.5909800662310533,1,0
annual_quarter_half,2937,2023-03-03,2023-03-13,-0.0407900947678007,2023,2022-12-31,native_mse,20260910,0.0007073892257839969,,1,0
annual_quarter_half,2937,2023-03-03,2023-03-13,-0.0407900947678007,2023,2022-12-31,native_mse,20260911,0.012121075090535267,,1,0
annual_quarter_half,2937,2023-03-03,2023-03-13,-0.0407900947678007,2023,2022-12-31,native_mse,20260912,0.00040350503591383166,,1,0
annual_quarter_half,2937,2023-03-03,2023-03-13,-0.0407900947678007,2023,2022-12-31,training_frequency,-1,0.5028949545078577,0.5028949545078577,1,0
annual_quarter_half,2942,2023-03-10,2023-03-20,5.0471402903706775e-06,2023,2022-12-31,learned_market,20260910,0.5813776336748179,0.5813776336748179,1,1
annual_quarter_half,2942,2023-03-10,2023-03-20,5.0471402903706775e-06,2023,2022-12-31,learned_market,20260911,0.6078004132598206,0.6078004132598206,1,1
annual_quarter_half,2942,2023-03-10,2023-03-20,5.0471402903706775e-06,2023,2022-12-31,learned_market,20260912,0.41460120883303464,0.41460120883303464,0,1
annual_quarter_half,2942,2023-03-10,2023-03-20,5.0471402903706775e-06,2023,2022-12-31,learned_order_extension,20260910,0.5807717243209339,0.5807717243209339,1,1
annual_quarter_half,2942,2023-03-10,2023-03-20,5.0471402903706775e-06,2023,2022-12-31,learned_order_extension,20260911,0.5926520405957385,0.5926520405957385,1,1
annual_quarter_half,2942,2023-03-10,2023-03-20,5.0471402903706775e-06,2023,2022-12-31,learned_order_extension,20260912,0.45917963346836393,0.45917963346836393,0,1
annual_quarter_half,2942,2023-03-10,2023-03-20,5.0471402903706775e-06,2023,2022-12-31,learned_order_offset,20260910,0.581402685223824,0.581402685223824,1,1
annual_quarter_half,2942,2023-03-10,2023-03-20,5.0471402903706775e-06,2023,2022-12-31,learned_order_offset,20260911,0.5927141757173765,0.5927141757173765,1,1
annual_quarter_half,2942,2023-03-10,2023-03-20,5.0471402903706775e-06,2023,2022-12-31,learned_order_offset,20260912,0.4623204109511431,0.4623204109511431,0,1
annual_quarter_half,2942,2023-03-10,2023-03-20,5.0471402903706775e-06,2023,2022-12-31,learned_vol_interaction,20260910,0.5873882519994295,0.5873882519994295,1,1
annual_quarter_half,2942,2023-03-10,2023-03-20,5.0471402903706775e-06,2023,2022-12-31,learned_vol_interaction,20260911,0.5923713060138441,0.5923713060138441,1,1
annual_quarter_half,2942,2023-03-10,2023-03-20,5.0471402903706775e-06,2023,2022-12-31,learned_vol_interaction,20260912,0.42073806711796297,0.42073806711796297,0,1
annual_quarter_half,2942,2023-03-10,2023-03-20,5.0471402903706775e-06,2023,2022-12-31,native_mse,20260910,-0.0001794060398361263,,0,1
annual_quarter_half,2942,2023-03-10,2023-03-20,5.0471402903706775e-06,2023,2022-12-31,native_mse,20260911,-0.0015684618293498606,,0,1
annual_quarter_half,2942,2023-03-10,2023-03-20,5.0471402903706775e-06,2023,2022-12-31,native_mse,20260912,0.00023517524465769396,,1,1
annual_quarter_half,2942,2023-03-10,2023-03-20,5.0471402903706775e-06,2023,2022-12-31,training_frequency,-1,0.5028949545078577,0.5028949545078577,1,1
annual_quarter_half,2947,2023-03-17,2023-03-27,0.015302852124583,2023,2022-12-31,learned_market,20260910,0.42485803758448765,0.42485803758448765,0,1
annual_quarter_half,2947,2023-03-17,2023-03-27,0.015302852124583,2023,2022-12-31,learned_market,20260911,0.41902195233093853,0.41902195233093853,0,1
annual_quarter_half,2947,2023-03-17,2023-03-27,0.015302852124583,2023,2022-12-31,learned_market,20260912,0.30490069121650976,0.30490069121650976,0,1
annual_quarter_half,2947,2023-03-17,2023-03-27,0.015302852124583,2023,2022-12-31,learned_order_extension,20260910,0.4261400351912486,0.4261400351912486,0,1
annual_quarter_half,2947,2023-03-17,2023-03-27,0.015302852124583,2023,2022-12-31,learned_order_extension,20260911,0.44150652320643097,0.44150652320643097,0,1
annual_quarter_half,2947,2023-03-17,2023-03-27,0.015302852124583,2023,2022-12-31,learned_order_extension,20260912,0.3321757909492291,0.3321757909492291,0,1
annual_quarter_half,2947,2023-03-17,2023-03-27,0.015302852124583,2023,2022-12-31,learned_order_offset,20260910,0.4267138677564879,0.4267138677564879,0,1
annual_quarter_half,2947,2023-03-17,2023-03-27,0.015302852124583,2023,2022-12-31,learned_order_offset,20260911,0.44144992787218895,0.44144992787218895,0,1
annual_quarter_half,2947,2023-03-17,2023-03-27,0.015302852124583,2023,2022-12-31,learned_order_offset,20260912,0.339217920591994,0.339217920591994,0,1
annual_quarter_half,2947,2023-03-17,2023-03-27,0.015302852124583,2023,2022-12-31,learned_vol_interaction,20260910,0.41458186592231894,0.41458186592231894,0,1
annual_quarter_half,2947,2023-03-17,2023-03-27,0.015302852124583,2023,2022-12-31,learned_vol_interaction,20260911,0.44129297023126407,0.44129297023126407,0,1
annual_quarter_half,2947,2023-03-17,2023-03-27,0.015302852124583,2023,2022-12-31,learned_vol_interaction,20260912,0.29115877511006416,0.29115877511006416,0,1
annual_quarter_half,2947,2023-03-17,2023-03-27,0.015302852124583,2023,2022-12-31,native_mse,20260910,-0.0018976163672993884,,0,1
annual_quarter_half,2947,2023-03-17,2023-03-27,0.015302852124583,2023,2022-12-31,native_mse,20260911,-0.00455123687690783,,0,1
annual_quarter_half,2947,2023-03-17,2023-03-27,0.015302852124583,2023,2022-12-31,native_mse,20260912,-0.0005550490015326846,,0,1
annual_quarter_half,2947,2023-03-17,2023-03-27,0.015302852124583,2023,2022-12-31,training_frequency,-1,0.5028949545078577,0.5028949545078577,1,1
annual_quarter_half,2952,2023-03-24,2023-04-03,0.0090274153058433,2023,2022-12-31,learned_market,20260910,0.37090574302943613,0.37090574302943613,0,1
annual_quarter_half,2952,2023-03-24,2023-04-03,0.0090274153058433,2023,2022-12-31,learned_market,20260911,0.4677158880927443,0.4677158880927443,0,1
annual_quarter_half,2952,2023-03-24,2023-04-03,0.0090274153058433,2023,2022-12-31,learned_market,20260912,0.5481390563099999,0.5481390563099999,1,1
annual_quarter_half,2952,2023-03-24,2023-04-03,0.0090274153058433,2023,2022-12-31,learned_order_extension,20260910,0.35549705087245137,0.35549705087245137,0,1
annual_quarter_half,2952,2023-03-24,2023-04-03,0.0090274153058433,2023,2022-12-31,learned_order_extension,20260911,0.4806406899115495,0.4806406899115495,0,1
annual_quarter_half,2952,2023-03-24,2023-04-03,0.0090274153058433,2023,2022-12-31,learned_order_extension,20260912,0.5428268381901444,0.5428268381901444,1,1
annual_quarter_half,2952,2023-03-24,2023-04-03,0.0090274153058433,2023,2022-12-31,learned_order_offset,20260910,0.3550974197538086,0.3550974197538086,0,1
annual_quarter_half,2952,2023-03-24,2023-04-03,0.0090274153058433,2023,2022-12-31,learned_order_offset,20260911,0.48064826466248156,0.48064826466248156,0,1
annual_quarter_half,2952,2023-03-24,2023-04-03,0.0090274153058433,2023,2022-12-31,learned_order_offset,20260912,0.5430909588293242,0.5430909588293242,1,1
annual_quarter_half,2952,2023-03-24,2023-04-03,0.0090274153058433,2023,2022-12-31,learned_vol_interaction,20260910,0.35652402288788393,0.35652402288788393,0,1
annual_quarter_half,2952,2023-03-24,2023-04-03,0.0090274153058433,2023,2022-12-31,learned_vol_interaction,20260911,0.48118952805584325,0.48118952805584325,0,1
annual_quarter_half,2952,2023-03-24,2023-04-03,0.0090274153058433,2023,2022-12-31,learned_vol_interaction,20260912,0.5529999746105244,0.5529999746105244,1,1
annual_quarter_half,2952,2023-03-24,2023-04-03,0.0090274153058433,2023,2022-12-31,native_mse,20260910,-0.001832954139676603,,0,1
annual_quarter_half,2952,2023-03-24,2023-04-03,0.0090274153058433,2023,2022-12-31,native_mse,20260911,-0.0032713642765306557,,0,1
annual_quarter_half,2952,2023-03-24,2023-04-03,0.0090274153058433,2023,2022-12-31,native_mse,20260912,0.0004555071806066471,,1,1
annual_quarter_half,2952,2023-03-24,2023-04-03,0.0090274153058433,2023,2022-12-31,training_frequency,-1,0.5028949545078577,0.5028949545078577,1,1
annual_quarter_half,2957,2023-03-31,2023-04-10,0.0178317182396383,2023,2022-12-31,learned_market,20260910,0.3924154635264961,0.3924154635264961,0,1
annual_quarter_half,2957,2023-03-31,2023-04-10,0.0178317182396383,2023,2022-12-31,learned_market,20260911,0.5644297293997745,0.5644297293997745,1,1
annual_quarter_half,2957,2023-03-31,2023-04-10,0.0178317182396383,2023,2022-12-31,learned_market,20260912,0.611788401190659,0.611788401190659,1,1
annual_quarter_half,2957,2023-03-31,2023-04-10,0.0178317182396383,2023,2022-12-31,learned_order_extension,20260910,0.38561638910546875,0.38561638910546875,0,1
annual_quarter_half,2957,2023-03-31,2023-04-10,0.0178317182396383,2023,2022-12-31,learned_order_extension,20260911,0.5564015664237618,0.5564015664237618,1,1
annual_quarter_half,2957,2023-03-31,2023-04-10,0.0178317182396383,2023,2022-12-31,learned_order_extension,20260912,0.5750765947333518,0.5750765947333518,1,1
annual_quarter_half,2957,2023-03-31,2023-04-10,0.0178317182396383,2023,2022-12-31,learned_order_offset,20260910,0.38476763491007665,0.38476763491007665,0,1
annual_quarter_half,2957,2023-03-31,2023-04-10,0.0178317182396383,2023,2022-12-31,learned_order_offset,20260911,0.556461403271004,0.556461403271004,1,1
annual_quarter_half,2957,2023-03-31,2023-04-10,0.0178317182396383,2023,2022-12-31,learned_order_offset,20260912,0.5725347377994414,0.5725347377994414,1,1
annual_quarter_half,2957,2023-03-31,2023-04-10,0.0178317182396383,2023,2022-12-31,learned_vol_interaction,20260910,0.3863632737017367,0.3863632737017367,0,1
annual_quarter_half,2957,2023-03-31,2023-04-10,0.0178317182396383,2023,2022-12-31,learned_vol_interaction,20260911,0.5581984383579583,0.5581984383579583,1,1
annual_quarter_half,2957,2023-03-31,2023-04-10,0.0178317182396383,2023,2022-12-31,learned_vol_interaction,20260912,0.632100803954458,0.632100803954458,1,1
annual_quarter_half,2957,2023-03-31,2023-04-10,0.0178317182396383,2023,2022-12-31,native_mse,20260910,-0.00172129069982479,,0,1
annual_quarter_half,2957,2023-03-31,2023-04-10,0.0178317182396383,2023,2022-12-31,native_mse,20260911,0.009972413917103892,,1,1
annual_quarter_half,2957,2023-03-31,2023-04-10,0.0178317182396383,2023,2022-12-31,native_mse,20260912,0.0006137448037054246,,1,1
annual_quarter_half,2957,2023-03-31,2023-04-10,0.0178317182396383,2023,2022-12-31,training_frequency,-1,0.5028949545078577,0.5028949545078577,1,1
annual_quarter_half,2961,2023-04-07,2023-04-17,-0.0101500238382772,2023,2023-03-31,learned_market,20260910,0.4857625693308135,0.4857625693308135,0,0
annual_quarter_half,2961,2023-04-07,2023-04-17,-0.0101500238382772,2023,2023-03-31,learned_market,20260911,0.40698665275039275,0.40698665275039275,0,0
annual_quarter_half,2961,2023-04-07,2023-04-17,-0.0101500238382772,2023,2023-03-31,learned_market,20260912,0.4689465282443924,0.4689465282443924,0,0
annual_quarter_half,2961,2023-04-07,2023-04-17,-0.0101500238382772,2023,2023-03-31,learned_order_extension,20260910,0.48690770378636383,0.48690770378636383,0,0
annual_quarter_half,2961,2023-04-07,2023-04-17,-0.0101500238382772,2023,2023-03-31,learned_order_extension,20260911,0.3944362810717045,0.3944362810717045,0,0
annual_quarter_half,2961,2023-04-07,2023-04-17,-0.0101500238382772,2023,2023-03-31,learned_order_extension,20260912,0.47379161061534636,0.47379161061534636,0,0
annual_quarter_half,2961,2023-04-07,2023-04-17,-0.0101500238382772,2023,2023-03-31,learned_order_offset,20260910,0.4866441242086791,0.4866441242086791,0,0
annual_quarter_half,2961,2023-04-07,2023-04-17,-0.0101500238382772,2023,2023-03-31,learned_order_offset,20260911,0.39436692706046605,0.39436692706046605,0,0
annual_quarter_half,2961,2023-04-07,2023-04-17,-0.0101500238382772,2023,2023-03-31,learned_order_offset,20260912,0.476515760348484,0.476515760348484,0,0
annual_quarter_half,2961,2023-04-07,2023-04-17,-0.0101500238382772,2023,2023-03-31,learned_vol_interaction,20260910,0.49194437181739514,0.49194437181739514,0,0
annual_quarter_half,2961,2023-04-07,2023-04-17,-0.0101500238382772,2023,2023-03-31,learned_vol_interaction,20260911,0.3929584158116192,0.3929584158116192,0,0
annual_quarter_half,2961,2023-04-07,2023-04-17,-0.0101500238382772,2023,2023-03-31,learned_vol_interaction,20260912,0.4608396663588784,0.4608396663588784,0,0
annual_quarter_half,2961,2023-04-07,2023-04-17,-0.0101500238382772,2023,2023-03-31,native_mse,20260910,-0.0023682042721238643,,0,0
annual_quarter_half,2961,2023-04-07,2023-04-17,-0.0101500238382772,2023,2023-03-31,native_mse,20260911,0.0042031788942134135,,1,0
annual_quarter_half,2961,2023-04-07,2023-04-17,-0.0101500238382772,2023,2023-03-31,native_mse,20260912,0.0005481163681569422,,1,0
annual_quarter_half,2961,2023-04-07,2023-04-17,-0.0101500238382772,2023,2023-03-31,training_frequency,-1,0.5045492142266336,0.5045492142266336,1,0
annual_quarter_half,2966,2023-04-14,2023-04-24,-0.014368947230732,2023,2023-03-31,learned_market,20260910,0.3948783503501635,0.3948783503501635,0,0
annual_quarter_half,2966,2023-04-14,2023-04-24,-0.014368947230732,2023,2023-03-31,learned_market,20260911,0.4070499727131236,0.4070499727131236,0,0
annual_quarter_half,2966,2023-04-14,2023-04-24,-0.014368947230732,2023,2023-03-31,learned_market,20260912,0.4085466478859707,0.4085466478859707,0,0
annual_quarter_half,2966,2023-04-14,2023-04-24,-0.014368947230732,2023,2023-03-31,learned_order_extension,20260910,0.38094308882437244,0.38094308882437244,0,0
annual_quarter_half,2966,2023-04-14,2023-04-24,-0.014368947230732,2023,2023-03-31,learned_order_extension,20260911,0.3953660180739669,0.3953660180739669,0,0
annual_quarter_half,2966,2023-04-14,2023-04-24,-0.014368947230732,2023,2023-03-31,learned_order_extension,20260912,0.42976351451539074,0.42976351451539074,0,0
annual_quarter_half,2966,2023-04-14,2023-04-24,-0.014368947230732,2023,2023-03-31,learned_order_offset,20260910,0.3811171226932147,0.3811171226932147,0,0
annual_quarter_half,2966,2023-04-14,2023-04-24,-0.014368947230732,2023,2023-03-31,learned_order_offset,20260911,0.3956690992994918,0.3956690992994918,0,0
annual_quarter_half,2966,2023-04-14,2023-04-24,-0.014368947230732,2023,2023-03-31,learned_order_offset,20260912,0.4330852691264945,0.4330852691264945,0,0
annual_quarter_half,2966,2023-04-14,2023-04-24,-0.014368947230732,2023,2023-03-31,learned_vol_interaction,20260910,0.3816300304998722,0.3816300304998722,0,0
annual_quarter_half,2966,2023-04-14,2023-04-24,-0.014368947230732,2023,2023-03-31,learned_vol_interaction,20260911,0.38787966863847834,0.38787966863847834,0,0
annual_quarter_half,2966,2023-04-14,2023-04-24,-0.014368947230732,2023,2023-03-31,learned_vol_interaction,20260912,0.4028986807445463,0.4028986807445463,0,0
annual_quarter_half,2966,2023-04-14,2023-04-24,-0.014368947230732,2023,2023-03-31,native_mse,20260910,0.0012556215833263325,,1,0
annual_quarter_half,2966,2023-04-14,2023-04-24,-0.014368947230732,2023,2023-03-31,native_mse,20260911,0.0038742996816846973,,1,0
annual_quarter_half,2966,2023-04-14,2023-04-24,-0.014368947230732,2023,2023-03-31,native_mse,20260912,0.0005899656777322872,,1,0
annual_quarter_half,2966,2023-04-14,2023-04-24,-0.014368947230732,2023,2023-03-31,training_frequency,-1,0.5045492142266336,0.5045492142266336,1,0
annual_quarter_half,2971,2023-04-21,2023-05-04,-0.0044228908788729,2023,2023-03-31,learned_market,20260910,0.4297326291428354,0.4297326291428354,0,0
annual_quarter_half,2971,2023-04-21,2023-05-04,-0.0044228908788729,2023,2023-03-31,learned_market,20260911,0.3574469893905293,0.3574469893905293,0,0
annual_quarter_half,2971,2023-04-21,2023-05-04,-0.0044228908788729,2023,2023-03-31,learned_market,20260912,0.3962496177598234,0.3962496177598234,0,0
annual_quarter_half,2971,2023-04-21,2023-05-04,-0.0044228908788729,2023,2023-03-31,learned_order_extension,20260910,0.4538007925898413,0.4538007925898413,0,0
annual_quarter_half,2971,2023-04-21,2023-05-04,-0.0044228908788729,2023,2023-03-31,learned_order_extension,20260911,0.3688402912594163,0.3688402912594163,0,0
annual_quarter_half,2971,2023-04-21,2023-05-04,-0.0044228908788729,2023,2023-03-31,learned_order_extension,20260912,0.43725291560362645,0.43725291560362645,0,0
annual_quarter_half,2971,2023-04-21,2023-05-04,-0.0044228908788729,2023,2023-03-31,learned_order_offset,20260910,0.45586238861968853,0.45586238861968853,0,0
annual_quarter_half,2971,2023-04-21,2023-05-04,-0.0044228908788729,2023,2023-03-31,learned_order_offset,20260911,0.3691220429876713,0.3691220429876713,0,0
annual_quarter_half,2971,2023-04-21,2023-05-04,-0.0044228908788729,2023,2023-03-31,learned_order_offset,20260912,0.44108908953890674,0.44108908953890674,0,0
annual_quarter_half,2971,2023-04-21,2023-05-04,-0.0044228908788729,2023,2023-03-31,learned_vol_interaction,20260910,0.42811435466058434,0.42811435466058434,0,0
annual_quarter_half,2971,2023-04-21,2023-05-04,-0.0044228908788729,2023,2023-03-31,learned_vol_interaction,20260911,0.3609287084854834,0.3609287084854834,0,0
annual_quarter_half,2971,2023-04-21,2023-05-04,-0.0044228908788729,2023,2023-03-31,learned_vol_interaction,20260912,0.3887694137435364,0.3887694137435364,0,0
annual_quarter_half,2971,2023-04-21,2023-05-04,-0.0044228908788729,2023,2023-03-31,native_mse,20260910,-0.0023727527869169306,,0,0
annual_quarter_half,2971,2023-04-21,2023-05-04,-0.0044228908788729,2023,2023-03-31,native_mse,20260911,-0.0009070257835343419,,0,0
annual_quarter_half,2971,2023-04-21,2023-05-04,-0.0044228908788729,2023,2023-03-31,native_mse,20260912,0.0005271018084811463,,1,0
annual_quarter_half,2971,2023-04-21,2023-05-04,-0.0044228908788729,2023,2023-03-31,training_frequency,-1,0.5045492142266336,0.5045492142266336,1,0
annual_quarter_half,2976,2023-04-28,2023-05-10,0.0036477163153083,2023,2023-03-31,learned_market,20260910,0.3487291174221777,0.3487291174221777,0,1
annual_quarter_half,2976,2023-04-28,2023-05-10,0.0036477163153083,2023,2023-03-31,learned_market,20260911,0.42018606887599685,0.42018606887599685,0,1
annual_quarter_half,2976,2023-04-28,2023-05-10,0.0036477163153083,2023,2023-03-31,learned_market,20260912,0.4872422305589259,0.4872422305589259,0,1
annual_quarter_half,2976,2023-04-28,2023-05-10,0.0036477163153083,2023,2023-03-31,learned_order_extension,20260910,0.3948964592341094,0.3948964592341094,0,1
annual_quarter_half,2976,2023-04-28,2023-05-10,0.0036477163153083,2023,2023-03-31,learned_order_extension,20260911,0.4401964441039188,0.4401964441039188,0,1
annual_quarter_half,2976,2023-04-28,2023-05-10,0.0036477163153083,2023,2023-03-31,learned_order_extension,20260912,0.4799503987780237,0.4799503987780237,0,1
annual_quarter_half,2976,2023-04-28,2023-05-10,0.0036477163153083,2023,2023-03-31,learned_order_offset,20260910,0.39618933481490703,0.39618933481490703,0,1
annual_quarter_half,2976,2023-04-28,2023-05-10,0.0036477163153083,2023,2023-03-31,learned_order_offset,20260911,0.44074781469157864,0.44074781469157864,0,1
annual_quarter_half,2976,2023-04-28,2023-05-10,0.0036477163153083,2023,2023-03-31,learned_order_offset,20260912,0.4804386012524241,0.4804386012524241,0,1
annual_quarter_half,2976,2023-04-28,2023-05-10,0.0036477163153083,2023,2023-03-31,learned_vol_interaction,20260910,0.348206641637434,0.348206641637434,0,1
annual_quarter_half,2976,2023-04-28,2023-05-10,0.0036477163153083,2023,2023-03-31,learned_vol_interaction,20260911,0.4332512673305152,0.4332512673305152,0,1
annual_quarter_half,2976,2023-04-28,2023-05-10,0.0036477163153083,2023,2023-03-31,learned_vol_interaction,20260912,0.48133080620647894,0.48133080620647894,0,1
annual_quarter_half,2976,2023-04-28,2023-05-10,0.0036477163153083,2023,2023-03-31,native_mse,20260910,-0.00419721446052543,,0,1
annual_quarter_half,2976,2023-04-28,2023-05-10,0.0036477163153083,2023,2023-03-31,native_mse,20260911,-0.0016530678824949188,,0,1
annual_quarter_half,2976,2023-04-28,2023-05-10,0.0036477163153083,2023,2023-03-31,native_mse,20260912,0.0007117248909413276,,1,1
annual_quarter_half,2976,2023-04-28,2023-05-10,0.0036477163153083,2023,2023-03-31,training_frequency,-1,0.5045492142266336,0.5045492142266336,1,1
annual_quarter_half,2978,2023-05-05,2023-05-15,-0.0221642407977935,2023,2023-03-31,learned_market,20260910,0.4136934550396504,0.4136934550396504,0,0
annual_quarter_half,2978,2023-05-05,2023-05-15,-0.0221642407977935,2023,2023-03-31,learned_market,20260911,0.43340784257871007,0.43340784257871007,0,0
annual_quarter_half,2978,2023-05-05,2023-05-15,-0.0221642407977935,2023,2023-03-31,learned_market,20260912,0.41408714801186564,0.41408714801186564,0,0
annual_quarter_half,2978,2023-05-05,2023-05-15,-0.0221642407977935,2023,2023-03-31,learned_order_extension,20260910,0.4460837713273973,0.4460837713273973,0,0
annual_quarter_half,2978,2023-05-05,2023-05-15,-0.0221642407977935,2023,2023-03-31,learned_order_extension,20260911,0.46384469264691885,0.46384469264691885,0,0
annual_quarter_half,2978,2023-05-05,2023-05-15,-0.0221642407977935,2023,2023-03-31,learned_order_extension,20260912,0.41539869823485776,0.41539869823485776,0,0
annual_quarter_half,2978,2023-05-05,2023-05-15,-0.0221642407977935,2023,2023-03-31,learned_order_offset,20260910,0.44753580274203875,0.44753580274203875,0,0
annual_quarter_half,2978,2023-05-05,2023-05-15,-0.0221642407977935,2023,2023-03-31,learned_order_offset,20260911,0.4645216746803456,0.4645216746803456,0,0
annual_quarter_half,2978,2023-05-05,2023-05-15,-0.0221642407977935,2023,2023-03-31,learned_order_offset,20260912,0.4159829676279133,0.4159829676279133,0,0
annual_quarter_half,2978,2023-05-05,2023-05-15,-0.0221642407977935,2023,2023-03-31,learned_vol_interaction,20260910,0.41578366022103636,0.41578366022103636,0,0
annual_quarter_half,2978,2023-05-05,2023-05-15,-0.0221642407977935,2023,2023-03-31,learned_vol_interaction,20260911,0.4598016948363272,0.4598016948363272,0,0
annual_quarter_half,2978,2023-05-05,2023-05-15,-0.0221642407977935,2023,2023-03-31,learned_vol_interaction,20260912,0.4043860204530687,0.4043860204530687,0,0
annual_quarter_half,2978,2023-05-05,2023-05-15,-0.0221642407977935,2023,2023-03-31,native_mse,20260910,-0.0008706323118236382,,0,0
annual_quarter_half,2978,2023-05-05,2023-05-15,-0.0221642407977935,2023,2023-03-31,native_mse,20260911,-0.0012863789650536485,,0,0
annual_quarter_half,2978,2023-05-05,2023-05-15,-0.0221642407977935,2023,2023-03-31,native_mse,20260912,0.00036528299962614914,,1,0
annual_quarter_half,2978,2023-05-05,2023-05-15,-0.0221642407977935,2023,2023-03-31,training_frequency,-1,0.5045492142266336,0.5045492142266336,1,0
annual_quarter_half,2983,2023-05-12,2023-05-22,0.0005509250208819,2023,2023-03-31,learned_market,20260910,0.394819217993574,0.394819217993574,0,1
annual_quarter_half,2983,2023-05-12,2023-05-22,0.0005509250208819,2023,2023-03-31,learned_market,20260911,0.48942571224626075,0.48942571224626075,0,1
annual_quarter_half,2983,2023-05-12,2023-05-22,0.0005509250208819,2023,2023-03-31,learned_market,20260912,0.5356839338581876,0.5356839338581876,1,1
annual_quarter_half,2983,2023-05-12,2023-05-22,0.0005509250208819,2023,2023-03-31,learned_order_extension,20260910,0.4339680923543934,0.4339680923543934,0,1
annual_quarter_half,2983,2023-05-12,2023-05-22,0.0005509250208819,2023,2023-03-31,learned_order_extension,20260911,0.5052956391749508,0.5052956391749508,1,1
annual_quarter_half,2983,2023-05-12,2023-05-22,0.0005509250208819,2023,2023-03-31,learned_order_extension,20260912,0.5017319086597438,0.5017319086597438,1,1
annual_quarter_half,2983,2023-05-12,2023-05-22,0.0005509250208819,2023,2023-03-31,learned_order_offset,20260910,0.43487454162331035,0.43487454162331035,0,1
annual_quarter_half,2983,2023-05-12,2023-05-22,0.0005509250208819,2023,2023-03-31,learned_order_offset,20260911,0.5053860972935444,0.5053860972935444,1,1
annual_quarter_half,2983,2023-05-12,2023-05-22,0.0005509250208819,2023,2023-03-31,learned_order_offset,20260912,0.5006698131183505,0.5006698131183505,1,1
annual_quarter_half,2983,2023-05-12,2023-05-22,0.0005509250208819,2023,2023-03-31,learned_vol_interaction,20260910,0.3927464370061465,0.3927464370061465,0,1
annual_quarter_half,2983,2023-05-12,2023-05-22,0.0005509250208819,2023,2023-03-31,learned_vol_interaction,20260911,0.5018706766109883,0.5018706766109883,1,1
annual_quarter_half,2983,2023-05-12,2023-05-22,0.0005509250208819,2023,2023-03-31,learned_vol_interaction,20260912,0.5514611836504504,0.5514611836504504,1,1
annual_quarter_half,2983,2023-05-12,2023-05-22,0.0005509250208819,2023,2023-03-31,native_mse,20260910,-0.0007288802055159205,,0,1
annual_quarter_half,2983,2023-05-12,2023-05-22,0.0005509250208819,2023,2023-03-31,native_mse,20260911,0.0022862822797028825,,1,1
annual_quarter_half,2983,2023-05-12,2023-05-22,0.0005509250208819,2023,2023-03-31,native_mse,20260912,0.00047620164546417743,,1,1
annual_quarter_half,2983,2023-05-12,2023-05-22,0.0005509250208819,2023,2023-03-31,training_frequency,-1,0.5045492142266336,0.5045492142266336,1,1
annual_quarter_half,2988,2023-05-19,2023-05-29,-0.0200253742704897,2023,2023-03-31,learned_market,20260910,0.5369507209583277,0.5369507209583277,1,0
annual_quarter_half,2988,2023-05-19,2023-05-29,-0.0200253742704897,2023,2023-03-31,learned_market,20260911,0.7250314892085347,0.7250314892085347,1,0
annual_quarter_half,2988,2023-05-19,2023-05-29,-0.0200253742704897,2023,2023-03-31,learned_market,20260912,0.653307094435192,0.653307094435192,1,0
annual_quarter_half,2988,2023-05-19,2023-05-29,-0.0200253742704897,2023,2023-03-31,learned_order_extension,20260910,0.5451324969839768,0.5451324969839768,1,0
annual_quarter_half,2988,2023-05-19,2023-05-29,-0.0200253742704897,2023,2023-03-31,learned_order_extension,20260911,0.7018032184593457,0.7018032184593457,1,0
annual_quarter_half,2988,2023-05-19,2023-05-29,-0.0200253742704897,2023,2023-03-31,learned_order_extension,20260912,0.5497405781718012,0.5497405781718012,1,0
annual_quarter_half,2988,2023-05-19,2023-05-29,-0.0200253742704897,2023,2023-03-31,learned_order_offset,20260910,0.5455448679283186,0.5455448679283186,1,0
annual_quarter_half,2988,2023-05-19,2023-05-29,-0.0200253742704897,2023,2023-03-31,learned_order_offset,20260911,0.7018095141172389,0.7018095141172389,1,0
annual_quarter_half,2988,2023-05-19,2023-05-29,-0.0200253742704897,2023,2023-03-31,learned_order_offset,20260912,0.5439173442999126,0.5439173442999126,1,0
annual_quarter_half,2988,2023-05-19,2023-05-29,-0.0200253742704897,2023,2023-03-31,learned_vol_interaction,20260910,0.5477016433150028,0.5477016433150028,1,0
annual_quarter_half,2988,2023-05-19,2023-05-29,-0.0200253742704897,2023,2023-03-31,learned_vol_interaction,20260911,0.7184853504045783,0.7184853504045783,1,0
annual_quarter_half,2988,2023-05-19,2023-05-29,-0.0200253742704897,2023,2023-03-31,learned_vol_interaction,20260912,0.6712567084951757,0.6712567084951757,1,0
annual_quarter_half,2988,2023-05-19,2023-05-29,-0.0200253742704897,2023,2023-03-31,native_mse,20260910,0.0016364286690495322,,1,0
annual_quarter_half,2988,2023-05-19,2023-05-29,-0.0200253742704897,2023,2023-03-31,native_mse,20260911,0.0058973089820652455,,1,0
annual_quarter_half,2988,2023-05-19,2023-05-29,-0.0200253742704897,2023,2023-03-31,native_mse,20260912,0.0007605973845468946,,1,0
annual_quarter_half,2988,2023-05-19,2023-05-29,-0.0200253742704897,2023,2023-03-31,training_frequency,-1,0.5045492142266336,0.5045492142266336,1,0
annual_quarter_half,2993,2023-05-26,2023-06-05,-0.0003935703040848,2023,2023-03-31,learned_market,20260910,0.5035175317280526,0.5035175317280526,1,0
annual_quarter_half,2993,2023-05-26,2023-06-05,-0.0003935703040848,2023,2023-03-31,learned_market,20260911,0.5962951134638419,0.5962951134638419,1,0
annual_quarter_half,2993,2023-05-26,2023-06-05,-0.0003935703040848,2023,2023-03-31,learned_market,20260912,0.5407000288091612,0.5407000288091612,1,0
annual_quarter_half,2993,2023-05-26,2023-06-05,-0.0003935703040848,2023,2023-03-31,learned_order_extension,20260910,0.5053101567742244,0.5053101567742244,1,0
annual_quarter_half,2993,2023-05-26,2023-06-05,-0.0003935703040848,2023,2023-03-31,learned_order_extension,20260911,0.5993011734290341,0.5993011734290341,1,0
annual_quarter_half,2993,2023-05-26,2023-06-05,-0.0003935703040848,2023,2023-03-31,learned_order_extension,20260912,0.5398479183871455,0.5398479183871455,1,0
annual_quarter_half,2993,2023-05-26,2023-06-05,-0.0003935703040848,2023,2023-03-31,learned_order_offset,20260910,0.5055342864088592,0.5055342864088592,1,0
annual_quarter_half,2993,2023-05-26,2023-06-05,-0.0003935703040848,2023,2023-03-31,learned_order_offset,20260911,0.5991217064393545,0.5991217064393545,1,0
annual_quarter_half,2993,2023-05-26,2023-06-05,-0.0003935703040848,2023,2023-03-31,learned_order_offset,20260912,0.5378526577280153,0.5378526577280153,1,0
annual_quarter_half,2993,2023-05-26,2023-06-05,-0.0003935703040848,2023,2023-03-31,learned_vol_interaction,20260910,0.5035261939395625,0.5035261939395625,1,0
annual_quarter_half,2993,2023-05-26,2023-06-05,-0.0003935703040848,2023,2023-03-31,learned_vol_interaction,20260911,0.6149861798168446,0.6149861798168446,1,0
annual_quarter_half,2993,2023-05-26,2023-06-05,-0.0003935703040848,2023,2023-03-31,learned_vol_interaction,20260912,0.5622867139519087,0.5622867139519087,1,0
annual_quarter_half,2993,2023-05-26,2023-06-05,-0.0003935703040848,2023,2023-03-31,native_mse,20260910,-0.0001283486598060715,,0,0
annual_quarter_half,2993,2023-05-26,2023-06-05,-0.0003935703040848,2023,2023-03-31,native_mse,20260911,0.002575028666971629,,1,0
annual_quarter_half,2993,2023-05-26,2023-06-05,-0.0003935703040848,2023,2023-03-31,native_mse,20260912,0.0004753515842567472,,1,0
annual_quarter_half,2993,2023-05-26,2023-06-05,-0.0003935703040848,2023,2023-03-31,training_frequency,-1,0.5045492142266336,0.5045492142266336,1,0
annual_quarter_half,2998,2023-06-02,2023-06-12,-0.0086075595250429,2023,2023-03-31,learned_market,20260910,0.4581186007776228,0.4581186007776228,0,0
annual_quarter_half,2998,2023-06-02,2023-06-12,-0.0086075595250429,2023,2023-03-31,learned_market,20260911,0.4537648372159463,0.4537648372159463,0,0
annual_quarter_half,2998,2023-06-02,2023-06-12,-0.0086075595250429,2023,2023-03-31,learned_market,20260912,0.5234519271352611,0.5234519271352611,1,0
annual_quarter_half,2998,2023-06-02,2023-06-12,-0.0086075595250429,2023,2023-03-31,learned_order_extension,20260910,0.4736342118917004,0.4736342118917004,0,0
annual_quarter_half,2998,2023-06-02,2023-06-12,-0.0086075595250429,2023,2023-03-31,learned_order_extension,20260911,0.46843528139573987,0.46843528139573987,0,0
annual_quarter_half,2998,2023-06-02,2023-06-12,-0.0086075595250429,2023,2023-03-31,learned_order_extension,20260912,0.528542694052766,0.528542694052766,1,0
annual_quarter_half,2998,2023-06-02,2023-06-12,-0.0086075595250429,2023,2023-03-31,learned_order_offset,20260910,0.47475345327932317,0.47475345327932317,0,0
annual_quarter_half,2998,2023-06-02,2023-06-12,-0.0086075595250429,2023,2023-03-31,learned_order_offset,20260911,0.46879070873881923,0.46879070873881923,0,0
annual_quarter_half,2998,2023-06-02,2023-06-12,-0.0086075595250429,2023,2023-03-31,learned_order_offset,20260912,0.5299121078338144,0.5299121078338144,1,0
annual_quarter_half,2998,2023-06-02,2023-06-12,-0.0086075595250429,2023,2023-03-31,learned_vol_interaction,20260910,0.46004192571109975,0.46004192571109975,0,0
annual_quarter_half,2998,2023-06-02,2023-06-12,-0.0086075595250429,2023,2023-03-31,learned_vol_interaction,20260911,0.46624240089387403,0.46624240089387403,0,0
annual_quarter_half,2998,2023-06-02,2023-06-12,-0.0086075595250429,2023,2023-03-31,learned_vol_interaction,20260912,0.5314254750577068,0.5314254750577068,1,0
annual_quarter_half,2998,2023-06-02,2023-06-12,-0.0086075595250429,2023,2023-03-31,native_mse,20260910,0.0007483506090729009,,1,0
annual_quarter_half,2998,2023-06-02,2023-06-12,-0.0086075595250429,2023,2023-03-31,native_mse,20260911,-0.0022450466854007822,,0,0
annual_quarter_half,2998,2023-06-02,2023-06-12,-0.0086075595250429,2023,2023-03-31,native_mse,20260912,0.0002175848065690489,,1,0
annual_quarter_half,2998,2023-06-02,2023-06-12,-0.0086075595250429,2023,2023-03-31,training_frequency,-1,0.5045492142266336,0.5045492142266336,1,0
annual_quarter_half,3003,2023-06-09,2023-06-19,0.0338878539347273,2023,2023-03-31,learned_market,20260910,0.2704329666333254,0.2704329666333254,0,1
annual_quarter_half,3003,2023-06-09,2023-06-19,0.0338878539347273,2023,2023-03-31,learned_market,20260911,0.5008197639714177,0.5008197639714177,1,1
annual_quarter_half,3003,2023-06-09,2023-06-19,0.0338878539347273,2023,2023-03-31,learned_market,20260912,0.3719720806195831,0.3719720806195831,0,1
annual_quarter_half,3003,2023-06-09,2023-06-19,0.0338878539347273,2023,2023-03-31,learned_order_extension,20260910,0.3375104595834518,0.3375104595834518,0,1
annual_quarter_half,3003,2023-06-09,2023-06-19,0.0338878539347273,2023,2023-03-31,learned_order_extension,20260911,0.5136322104373416,0.5136322104373416,1,1
annual_quarter_half,3003,2023-06-09,2023-06-19,0.0338878539347273,2023,2023-03-31,learned_order_extension,20260912,0.41134327086593525,0.41134327086593525,0,1
annual_quarter_half,3003,2023-06-09,2023-06-19,0.0338878539347273,2023,2023-03-31,learned_order_offset,20260910,0.3402628806056422,0.3402628806056422,0,1
annual_quarter_half,3003,2023-06-09,2023-06-19,0.0338878539347273,2023,2023-03-31,learned_order_offset,20260911,0.5139006391895329,0.5139006391895329,1,1
annual_quarter_half,3003,2023-06-09,2023-06-19,0.0338878539347273,2023,2023-03-31,learned_order_offset,20260912,0.41763888327766224,0.41763888327766224,0,1
annual_quarter_half,3003,2023-06-09,2023-06-19,0.0338878539347273,2023,2023-03-31,learned_vol_interaction,20260910,0.2775047491817069,0.2775047491817069,0,1
annual_quarter_half,3003,2023-06-09,2023-06-19,0.0338878539347273,2023,2023-03-31,learned_vol_interaction,20260911,0.5155663330493164,0.5155663330493164,1,1
annual_quarter_half,3003,2023-06-09,2023-06-19,0.0338878539347273,2023,2023-03-31,learned_vol_interaction,20260912,0.35675470924237274,0.35675470924237274,0,1
annual_quarter_half,3003,2023-06-09,2023-06-19,0.0338878539347273,2023,2023-03-31,native_mse,20260910,-0.004852822142735471,,0,1
annual_quarter_half,3003,2023-06-09,2023-06-19,0.0338878539347273,2023,2023-03-31,native_mse,20260911,-0.0018622801196638609,,0,1
annual_quarter_half,3003,2023-06-09,2023-06-19,0.0338878539347273,2023,2023-03-31,native_mse,20260912,7.876198541544033e-05,,1,1
annual_quarter_half,3003,2023-06-09,2023-06-19,0.0338878539347273,2023,2023-03-31,training_frequency,-1,0.5045492142266336,0.5045492142266336,1,1
annual_quarter_half,3008,2023-06-16,2023-07-03,-0.026216632171098,2023,2023-03-31,learned_market,20260910,0.36319776299566475,0.36319776299566475,0,0
annual_quarter_half,3008,2023-06-16,2023-07-03,-0.026216632171098,2023,2023-03-31,learned_market,20260911,0.4731667059981256,0.4731667059981256,0,0
annual_quarter_half,3008,2023-06-16,2023-07-03,-0.026216632171098,2023,2023-03-31,learned_market,20260912,0.35086321620766053,0.35086321620766053,0,0
annual_quarter_half,3008,2023-06-16,2023-07-03,-0.026216632171098,2023,2023-03-31,learned_order_extension,20260910,0.42641275004074825,0.42641275004074825,0,0
annual_quarter_half,3008,2023-06-16,2023-07-03,-0.026216632171098,2023,2023-03-31,learned_order_extension,20260911,0.4926043814416941,0.4926043814416941,0,0
annual_quarter_half,3008,2023-06-16,2023-07-03,-0.026216632171098,2023,2023-03-31,learned_order_extension,20260912,0.4123320450997903,0.4123320450997903,0,0
annual_quarter_half,3008,2023-06-16,2023-07-03,-0.026216632171098,2023,2023-03-31,learned_order_offset,20260910,0.42801313994407525,0.42801313994407525,0,0
annual_quarter_half,3008,2023-06-16,2023-07-03,-0.026216632171098,2023,2023-03-31,learned_order_offset,20260911,0.49317078336225617,0.49317078336225617,0,0
annual_quarter_half,3008,2023-06-16,2023-07-03,-0.026216632171098,2023,2023-03-31,learned_order_offset,20260912,0.4164245940354502,0.4164245940354502,0,0
annual_quarter_half,3008,2023-06-16,2023-07-03,-0.026216632171098,2023,2023-03-31,learned_vol_interaction,20260910,0.36699264095754075,0.36699264095754075,0,0
annual_quarter_half,3008,2023-06-16,2023-07-03,-0.026216632171098,2023,2023-03-31,learned_vol_interaction,20260911,0.48921508562785565,0.48921508562785565,0,0
annual_quarter_half,3008,2023-06-16,2023-07-03,-0.026216632171098,2023,2023-03-31,learned_vol_interaction,20260912,0.3262712557711215,0.3262712557711215,0,0
annual_quarter_half,3008,2023-06-16,2023-07-03,-0.026216632171098,2023,2023-03-31,native_mse,20260910,0.0013304768189825815,,1,0
annual_quarter_half,3008,2023-06-16,2023-07-03,-0.026216632171098,2023,2023-03-31,native_mse,20260911,-0.0021491786837652196,,0,0
annual_quarter_half,3008,2023-06-16,2023-07-03,-0.026216632171098,2023,2023-03-31,native_mse,20260912,0.00015881801540144517,,1,0
annual_quarter_half,3008,2023-06-16,2023-07-03,-0.026216632171098,2023,2023-03-31,training_frequency,-1,0.5045492142266336,0.5045492142266336,1,0
annual_quarter_half,3016,2023-06-30,2023-07-10,-0.0030441518806006,2023,2023-03-31,learned_market,20260910,0.5827614039256238,0.5827614039256238,1,0
annual_quarter_half,3016,2023-06-30,2023-07-10,-0.0030441518806006,2023,2023-03-31,learned_market,20260911,0.4528532057259072,0.4528532057259072,0,0
annual_quarter_half,3016,2023-06-30,2023-07-10,-0.0030441518806006,2023,2023-03-31,learned_market,20260912,0.4910789297492694,0.4910789297492694,0,0
annual_quarter_half,3016,2023-06-30,2023-07-10,-0.0030441518806006,2023,2023-03-31,learned_order_extension,20260910,0.5506270018420465,0.5506270018420465,1,0
annual_quarter_half,3016,2023-06-30,2023-07-10,-0.0030441518806006,2023,2023-03-31,learned_order_extension,20260911,0.4623533168105967,0.4623533168105967,0,0
annual_quarter_half,3016,2023-06-30,2023-07-10,-0.0030441518806006,2023,2023-03-31,learned_order_extension,20260912,0.4878659872807902,0.4878659872807902,0,0
annual_quarter_half,3016,2023-06-30,2023-07-10,-0.0030441518806006,2023,2023-03-31,learned_order_offset,20260910,0.5502688538274354,0.5502688538274354,1,0
annual_quarter_half,3016,2023-06-30,2023-07-10,-0.0030441518806006,2023,2023-03-31,learned_order_offset,20260911,0.46300110871330846,0.46300110871330846,0,0
annual_quarter_half,3016,2023-06-30,2023-07-10,-0.0030441518806006,2023,2023-03-31,learned_order_offset,20260912,0.4894450804104654,0.4894450804104654,0,0
annual_quarter_half,3016,2023-06-30,2023-07-10,-0.0030441518806006,2023,2023-03-31,learned_vol_interaction,20260910,0.5733520212056861,0.5733520212056861,1,0
annual_quarter_half,3016,2023-06-30,2023-07-10,-0.0030441518806006,2023,2023-03-31,learned_vol_interaction,20260911,0.4521473680551475,0.4521473680551475,0,0
annual_quarter_half,3016,2023-06-30,2023-07-10,-0.0030441518806006,2023,2023-03-31,learned_vol_interaction,20260912,0.489752021280342,0.489752021280342,0,0
annual_quarter_half,3016,2023-06-30,2023-07-10,-0.0030441518806006,2023,2023-03-31,native_mse,20260910,0.006966674900803372,,1,0
annual_quarter_half,3016,2023-06-30,2023-07-10,-0.0030441518806006,2023,2023-03-31,native_mse,20260911,0.0007375286434016868,,1,0
annual_quarter_half,3016,2023-06-30,2023-07-10,-0.0030441518806006,2023,2023-03-31,native_mse,20260912,0.0004782901943655925,,1,0
annual_quarter_half,3016,2023-06-30,2023-07-10,-0.0030441518806006,2023,2023-03-31,training_frequency,-1,0.5045492142266336,0.5045492142266336,1,0
annual_quarter_half,3021,2023-07-07,2023-07-17,0.0104280552692135,2023,2023-06-30,learned_market,20260910,0.5333686599725462,0.5333686599725462,1,1
annual_quarter_half,3021,2023-07-07,2023-07-17,0.0104280552692135,2023,2023-06-30,learned_market,20260911,0.5353422290228929,0.5353422290228929,1,1
annual_quarter_half,3021,2023-07-07,2023-07-17,0.0104280552692135,2023,2023-06-30,learned_market,20260912,0.5291199789493468,0.5291199789493468,1,1
annual_quarter_half,3021,2023-07-07,2023-07-17,0.0104280552692135,2023,2023-06-30,learned_order_extension,20260910,0.5251988959972039,0.5251988959972039,1,1
annual_quarter_half,3021,2023-07-07,2023-07-17,0.0104280552692135,2023,2023-06-30,learned_order_extension,20260911,0.4999737257183723,0.4999737257183723,0,1
annual_quarter_half,3021,2023-07-07,2023-07-17,0.0104280552692135,2023,2023-06-30,learned_order_extension,20260912,0.5566415973645298,0.5566415973645298,1,1
annual_quarter_half,3021,2023-07-07,2023-07-17,0.0104280552692135,2023,2023-06-30,learned_order_offset,20260910,0.5249061992959698,0.5249061992959698,1,1
annual_quarter_half,3021,2023-07-07,2023-07-17,0.0104280552692135,2023,2023-06-30,learned_order_offset,20260911,0.49845150707241803,0.49845150707241803,0,1
annual_quarter_half,3021,2023-07-07,2023-07-17,0.0104280552692135,2023,2023-06-30,learned_order_offset,20260912,0.5581335490890622,0.5581335490890622,1,1
annual_quarter_half,3021,2023-07-07,2023-07-17,0.0104280552692135,2023,2023-06-30,learned_vol_interaction,20260910,0.5339265621675285,0.5339265621675285,1,1
annual_quarter_half,3021,2023-07-07,2023-07-17,0.0104280552692135,2023,2023-06-30,learned_vol_interaction,20260911,0.5458361888282709,0.5458361888282709,1,1
annual_quarter_half,3021,2023-07-07,2023-07-17,0.0104280552692135,2023,2023-06-30,learned_vol_interaction,20260912,0.5291784516786329,0.5291784516786329,1,1
annual_quarter_half,3021,2023-07-07,2023-07-17,0.0104280552692135,2023,2023-06-30,native_mse,20260910,0.00012781772215710702,,1,1
annual_quarter_half,3021,2023-07-07,2023-07-17,0.0104280552692135,2023,2023-06-30,native_mse,20260911,-0.0005459817242087907,,0,1
annual_quarter_half,3021,2023-07-07,2023-07-17,0.0104280552692135,2023,2023-06-30,native_mse,20260912,0.0008106854109420781,,1,1
annual_quarter_half,3021,2023-07-07,2023-07-17,0.0104280552692135,2023,2023-06-30,training_frequency,-1,0.5080699938102202,0.5080699938102202,1,1
annual_quarter_half,3026,2023-07-14,2023-07-24,-0.0201642613135752,2023,2023-06-30,learned_market,20260910,0.607222298407422,0.607222298407422,1,0
annual_quarter_half,3026,2023-07-14,2023-07-24,-0.0201642613135752,2023,2023-06-30,learned_market,20260911,0.49783940747630095,0.49783940747630095,0,0
annual_quarter_half,3026,2023-07-14,2023-07-24,-0.0201642613135752,2023,2023-06-30,learned_market,20260912,0.5667299496335925,0.5667299496335925,1,0
annual_quarter_half,3026,2023-07-14,2023-07-24,-0.0201642613135752,2023,2023-06-30,learned_order_extension,20260910,0.5864241291890808,0.5864241291890808,1,0
annual_quarter_half,3026,2023-07-14,2023-07-24,-0.0201642613135752,2023,2023-06-30,learned_order_extension,20260911,0.49009880913919324,0.49009880913919324,0,0
annual_quarter_half,3026,2023-07-14,2023-07-24,-0.0201642613135752,2023,2023-06-30,learned_order_extension,20260912,0.5689361595531118,0.5689361595531118,1,0
annual_quarter_half,3026,2023-07-14,2023-07-24,-0.0201642613135752,2023,2023-06-30,learned_order_offset,20260910,0.5861175012258975,0.5861175012258975,1,0
annual_quarter_half,3026,2023-07-14,2023-07-24,-0.0201642613135752,2023,2023-06-30,learned_order_offset,20260911,0.48943566787561454,0.48943566787561454,0,0
annual_quarter_half,3026,2023-07-14,2023-07-24,-0.0201642613135752,2023,2023-06-30,learned_order_offset,20260912,0.5697760077092313,0.5697760077092313,1,0
annual_quarter_half,3026,2023-07-14,2023-07-24,-0.0201642613135752,2023,2023-06-30,learned_vol_interaction,20260910,0.6219397007242349,0.6219397007242349,1,0
annual_quarter_half,3026,2023-07-14,2023-07-24,-0.0201642613135752,2023,2023-06-30,learned_vol_interaction,20260911,0.5035207829766863,0.5035207829766863,1,0
annual_quarter_half,3026,2023-07-14,2023-07-24,-0.0201642613135752,2023,2023-06-30,learned_vol_interaction,20260912,0.566828736543756,0.566828736543756,1,0
annual_quarter_half,3026,2023-07-14,2023-07-24,-0.0201642613135752,2023,2023-06-30,native_mse,20260910,0.0009255535897895549,,1,0
annual_quarter_half,3026,2023-07-14,2023-07-24,-0.0201642613135752,2023,2023-06-30,native_mse,20260911,-0.002510754372329423,,0,0
annual_quarter_half,3026,2023-07-14,2023-07-24,-0.0201642613135752,2023,2023-06-30,native_mse,20260912,0.0008418250782182451,,1,0
annual_quarter_half,3026,2023-07-14,2023-07-24,-0.0201642613135752,2023,2023-06-30,training_frequency,-1,0.5080699938102202,0.5080699938102202,1,0
annual_quarter_half,3031,2023-07-21,2023-07-31,0.0566710925894278,2023,2023-06-30,learned_market,20260910,0.6111400397551241,0.6111400397551241,1,1
annual_quarter_half,3031,2023-07-21,2023-07-31,0.0566710925894278,2023,2023-06-30,learned_market,20260911,0.4900625932982491,0.4900625932982491,0,1
annual_quarter_half,3031,2023-07-21,2023-07-31,0.0566710925894278,2023,2023-06-30,learned_market,20260912,0.3561576888530328,0.3561576888530328,0,1
annual_quarter_half,3031,2023-07-21,2023-07-31,0.0566710925894278,2023,2023-06-30,learned_order_extension,20260910,0.5959775179648289,0.5959775179648289,1,1
annual_quarter_half,3031,2023-07-21,2023-07-31,0.0566710925894278,2023,2023-06-30,learned_order_extension,20260911,0.4915138788248879,0.4915138788248879,0,1
annual_quarter_half,3031,2023-07-21,2023-07-31,0.0566710925894278,2023,2023-06-30,learned_order_extension,20260912,0.41453337368093235,0.41453337368093235,0,1
annual_quarter_half,3031,2023-07-21,2023-07-31,0.0566710925894278,2023,2023-06-30,learned_order_offset,20260910,0.5953618695747518,0.5953618695747518,1,1
annual_quarter_half,3031,2023-07-21,2023-07-31,0.0566710925894278,2023,2023-06-30,learned_order_offset,20260911,0.4910092152059215,0.4910092152059215,0,1
annual_quarter_half,3031,2023-07-21,2023-07-31,0.0566710925894278,2023,2023-06-30,learned_order_offset,20260912,0.41932689307991056,0.41932689307991056,0,1
annual_quarter_half,3031,2023-07-21,2023-07-31,0.0566710925894278,2023,2023-06-30,learned_vol_interaction,20260910,0.6347494365706856,0.6347494365706856,1,1
annual_quarter_half,3031,2023-07-21,2023-07-31,0.0566710925894278,2023,2023-06-30,learned_vol_interaction,20260911,0.5020863977340619,0.5020863977340619,1,1
annual_quarter_half,3031,2023-07-21,2023-07-31,0.0566710925894278,2023,2023-06-30,learned_vol_interaction,20260912,0.33925331658498276,0.33925331658498276,0,1
annual_quarter_half,3031,2023-07-21,2023-07-31,0.0566710925894278,2023,2023-06-30,native_mse,20260910,0.0012842362337329607,,1,1
annual_quarter_half,3031,2023-07-21,2023-07-31,0.0566710925894278,2023,2023-06-30,native_mse,20260911,-0.003299220232337855,,0,1
annual_quarter_half,3031,2023-07-21,2023-07-31,0.0566710925894278,2023,2023-06-30,native_mse,20260912,0.00044346474029787603,,1,1
annual_quarter_half,3031,2023-07-21,2023-07-31,0.0566710925894278,2023,2023-06-30,training_frequency,-1,0.5080699938102202,0.5080699938102202,1,1
annual_quarter_half,3036,2023-07-28,2023-08-07,-0.0039612927947766,2023,2023-06-30,learned_market,20260910,0.5062407905479477,0.5062407905479477,1,0
annual_quarter_half,3036,2023-07-28,2023-08-07,-0.0039612927947766,2023,2023-06-30,learned_market,20260911,0.4948765702762555,0.4948765702762555,0,0
annual_quarter_half,3036,2023-07-28,2023-08-07,-0.0039612927947766,2023,2023-06-30,learned_market,20260912,0.479786387390676,0.479786387390676,0,0
annual_quarter_half,3036,2023-07-28,2023-08-07,-0.0039612927947766,2023,2023-06-30,learned_order_extension,20260910,0.5039782373797508,0.5039782373797508,1,0
annual_quarter_half,3036,2023-07-28,2023-08-07,-0.0039612927947766,2023,2023-06-30,learned_order_extension,20260911,0.5064835239988592,0.5064835239988592,1,0
annual_quarter_half,3036,2023-07-28,2023-08-07,-0.0039612927947766,2023,2023-06-30,learned_order_extension,20260912,0.4824028652487943,0.4824028652487943,0,0
annual_quarter_half,3036,2023-07-28,2023-08-07,-0.0039612927947766,2023,2023-06-30,learned_order_offset,20260910,0.5040322721457402,0.5040322721457402,1,0
annual_quarter_half,3036,2023-07-28,2023-08-07,-0.0039612927947766,2023,2023-06-30,learned_order_offset,20260911,0.5054517321846037,0.5054517321846037,1,0
annual_quarter_half,3036,2023-07-28,2023-08-07,-0.0039612927947766,2023,2023-06-30,learned_order_offset,20260912,0.48348161477623075,0.48348161477623075,0,0
annual_quarter_half,3036,2023-07-28,2023-08-07,-0.0039612927947766,2023,2023-06-30,learned_vol_interaction,20260910,0.509787578133865,0.509787578133865,1,0
annual_quarter_half,3036,2023-07-28,2023-08-07,-0.0039612927947766,2023,2023-06-30,learned_vol_interaction,20260911,0.5003663120810571,0.5003663120810571,1,0
annual_quarter_half,3036,2023-07-28,2023-08-07,-0.0039612927947766,2023,2023-06-30,learned_vol_interaction,20260912,0.4765439016527351,0.4765439016527351,0,0
annual_quarter_half,3036,2023-07-28,2023-08-07,-0.0039612927947766,2023,2023-06-30,native_mse,20260910,0.0007026153667324983,,1,0
annual_quarter_half,3036,2023-07-28,2023-08-07,-0.0039612927947766,2023,2023-06-30,native_mse,20260911,-0.003458782277921054,,0,0
annual_quarter_half,3036,2023-07-28,2023-08-07,-0.0039612927947766,2023,2023-06-30,native_mse,20260912,0.0006739916273588065,,1,0
annual_quarter_half,3036,2023-07-28,2023-08-07,-0.0039612927947766,2023,2023-06-30,training_frequency,-1,0.5080699938102202,0.5080699938102202,1,0
annual_quarter_half,3041,2023-08-04,2023-08-14,-0.0404899362223548,2023,2023-06-30,learned_market,20260910,0.4126043732245328,0.4126043732245328,0,0
annual_quarter_half,3041,2023-08-04,2023-08-14,-0.0404899362223548,2023,2023-06-30,learned_market,20260911,0.4612090514492999,0.4612090514492999,0,0
annual_quarter_half,3041,2023-08-04,2023-08-14,-0.0404899362223548,2023,2023-06-30,learned_market,20260912,0.5753079292204064,0.5753079292204064,1,0
annual_quarter_half,3041,2023-08-04,2023-08-14,-0.0404899362223548,2023,2023-06-30,learned_order_extension,20260910,0.4127588541655862,0.4127588541655862,0,0
annual_quarter_half,3041,2023-08-04,2023-08-14,-0.0404899362223548,2023,2023-06-30,learned_order_extension,20260911,0.47330361076165783,0.47330361076165783,0,0
annual_quarter_half,3041,2023-08-04,2023-08-14,-0.0404899362223548,2023,2023-06-30,learned_order_extension,20260912,0.5472006616737012,0.5472006616737012,1,0
annual_quarter_half,3041,2023-08-04,2023-08-14,-0.0404899362223548,2023,2023-06-30,learned_order_offset,20260910,0.41244869750652524,0.41244869750652524,0,0
annual_quarter_half,3041,2023-08-04,2023-08-14,-0.0404899362223548,2023,2023-06-30,learned_order_offset,20260911,0.47284543774259014,0.47284543774259014,0,0
annual_quarter_half,3041,2023-08-04,2023-08-14,-0.0404899362223548,2023,2023-06-30,learned_order_offset,20260912,0.5454656662399346,0.5454656662399346,1,0
annual_quarter_half,3041,2023-08-04,2023-08-14,-0.0404899362223548,2023,2023-06-30,learned_vol_interaction,20260910,0.4059962330866478,0.4059962330866478,0,0
annual_quarter_half,3041,2023-08-04,2023-08-14,-0.0404899362223548,2023,2023-06-30,learned_vol_interaction,20260911,0.47111505025086475,0.47111505025086475,0,0
annual_quarter_half,3041,2023-08-04,2023-08-14,-0.0404899362223548,2023,2023-06-30,learned_vol_interaction,20260912,0.5776416921047626,0.5776416921047626,1,0
annual_quarter_half,3041,2023-08-04,2023-08-14,-0.0404899362223548,2023,2023-06-30,native_mse,20260910,-0.0003176401547540109,,0,0
annual_quarter_half,3041,2023-08-04,2023-08-14,-0.0404899362223548,2023,2023-06-30,native_mse,20260911,-0.00291529813463115,,0,0
annual_quarter_half,3041,2023-08-04,2023-08-14,-0.0404899362223548,2023,2023-06-30,native_mse,20260912,0.0009454627777312707,,1,0
annual_quarter_half,3041,2023-08-04,2023-08-14,-0.0404899362223548,2023,2023-06-30,training_frequency,-1,0.5080699938102202,0.5080699938102202,1,0
annual_quarter_half,3046,2023-08-11,2023-08-21,-0.0176157088591445,2023,2023-06-30,learned_market,20260910,0.42170803276345503,0.42170803276345503,0,0
annual_quarter_half,3046,2023-08-11,2023-08-21,-0.0176157088591445,2023,2023-06-30,learned_market,20260911,0.6592749201904151,0.6592749201904151,1,0
annual_quarter_half,3046,2023-08-11,2023-08-21,-0.0176157088591445,2023,2023-06-30,learned_market,20260912,0.7302659961492761,0.7302659961492761,1,0
annual_quarter_half,3046,2023-08-11,2023-08-21,-0.0176157088591445,2023,2023-06-30,learned_order_extension,20260910,0.41966218019163315,0.41966218019163315,0,0
annual_quarter_half,3046,2023-08-11,2023-08-21,-0.0176157088591445,2023,2023-06-30,learned_order_extension,20260911,0.6233332894538439,0.6233332894538439,1,0
annual_quarter_half,3046,2023-08-11,2023-08-21,-0.0176157088591445,2023,2023-06-30,learned_order_extension,20260912,0.6713149947231085,0.6713149947231085,1,0
annual_quarter_half,3046,2023-08-11,2023-08-21,-0.0176157088591445,2023,2023-06-30,learned_order_offset,20260910,0.42007723568057287,0.42007723568057287,0,0
annual_quarter_half,3046,2023-08-11,2023-08-21,-0.0176157088591445,2023,2023-06-30,learned_order_offset,20260911,0.6214944926792716,0.6214944926792716,1,0
annual_quarter_half,3046,2023-08-11,2023-08-21,-0.0176157088591445,2023,2023-06-30,learned_order_offset,20260912,0.6664573594536499,0.6664573594536499,1,0
annual_quarter_half,3046,2023-08-11,2023-08-21,-0.0176157088591445,2023,2023-06-30,learned_vol_interaction,20260910,0.41483209112373076,0.41483209112373076,0,0
annual_quarter_half,3046,2023-08-11,2023-08-21,-0.0176157088591445,2023,2023-06-30,learned_vol_interaction,20260911,0.6427062864774071,0.6427062864774071,1,0
annual_quarter_half,3046,2023-08-11,2023-08-21,-0.0176157088591445,2023,2023-06-30,learned_vol_interaction,20260912,0.7327306890537868,0.7327306890537868,1,0
annual_quarter_half,3046,2023-08-11,2023-08-21,-0.0176157088591445,2023,2023-06-30,native_mse,20260910,0.00042913783190447365,,1,0
annual_quarter_half,3046,2023-08-11,2023-08-21,-0.0176157088591445,2023,2023-06-30,native_mse,20260911,0.0038344374481606032,,1,0
annual_quarter_half,3046,2023-08-11,2023-08-21,-0.0176157088591445,2023,2023-06-30,native_mse,20260912,0.00154497917894844,,1,0
annual_quarter_half,3046,2023-08-11,2023-08-21,-0.0176157088591445,2023,2023-06-30,training_frequency,-1,0.5080699938102202,0.5080699938102202,1,0
annual_quarter_half,3051,2023-08-18,2023-08-28,0.0366582477081969,2023,2023-06-30,learned_market,20260910,0.5088082303100989,0.5088082303100989,1,1
annual_quarter_half,3051,2023-08-18,2023-08-28,0.0366582477081969,2023,2023-06-30,learned_market,20260911,0.5260023744858916,0.5260023744858916,1,1
annual_quarter_half,3051,2023-08-18,2023-08-28,0.0366582477081969,2023,2023-06-30,learned_market,20260912,0.4995951497702798,0.4995951497702798,0,1
annual_quarter_half,3051,2023-08-18,2023-08-28,0.0366582477081969,2023,2023-06-30,learned_order_extension,20260910,0.49629264992900446,0.49629264992900446,0,1
annual_quarter_half,3051,2023-08-18,2023-08-28,0.0366582477081969,2023,2023-06-30,learned_order_extension,20260911,0.5019133744182566,0.5019133744182566,1,1
annual_quarter_half,3051,2023-08-18,2023-08-28,0.0366582477081969,2023,2023-06-30,learned_order_extension,20260912,0.4990614643032269,0.4990614643032269,0,1
annual_quarter_half,3051,2023-08-18,2023-08-28,0.0366582477081969,2023,2023-06-30,learned_order_offset,20260910,0.4957997440637927,0.4957997440637927,0,1
annual_quarter_half,3051,2023-08-18,2023-08-28,0.0366582477081969,2023,2023-06-30,learned_order_offset,20260911,0.5002461040256603,0.5002461040256603,1,1
annual_quarter_half,3051,2023-08-18,2023-08-28,0.0366582477081969,2023,2023-06-30,learned_order_offset,20260912,0.4978548550554387,0.4978548550554387,0,1
annual_quarter_half,3051,2023-08-18,2023-08-28,0.0366582477081969,2023,2023-06-30,learned_vol_interaction,20260910,0.5088488459395869,0.5088488459395869,1,1
annual_quarter_half,3051,2023-08-18,2023-08-28,0.0366582477081969,2023,2023-06-30,learned_vol_interaction,20260911,0.5230719089903728,0.5230719089903728,1,1
annual_quarter_half,3051,2023-08-18,2023-08-28,0.0366582477081969,2023,2023-06-30,learned_vol_interaction,20260912,0.5107243802871531,0.5107243802871531,1,1
annual_quarter_half,3051,2023-08-18,2023-08-28,0.0366582477081969,2023,2023-06-30,native_mse,20260910,0.0004506853900124594,,1,1
annual_quarter_half,3051,2023-08-18,2023-08-28,0.0366582477081969,2023,2023-06-30,native_mse,20260911,0.0018524567309726719,,1,1
annual_quarter_half,3051,2023-08-18,2023-08-28,0.0366582477081969,2023,2023-06-30,native_mse,20260912,0.0008106502321135754,,1,1
annual_quarter_half,3051,2023-08-18,2023-08-28,0.0366582477081969,2023,2023-06-30,training_frequency,-1,0.5080699938102202,0.5080699938102202,1,1
annual_quarter_half,3056,2023-08-25,2023-09-04,-0.025197172476384,2023,2023-06-30,learned_market,20260910,0.39262275959146176,0.39262275959146176,0,0
annual_quarter_half,3056,2023-08-25,2023-09-04,-0.025197172476384,2023,2023-06-30,learned_market,20260911,0.5611009240501212,0.5611009240501212,1,0
annual_quarter_half,3056,2023-08-25,2023-09-04,-0.025197172476384,2023,2023-06-30,learned_market,20260912,0.441434974084938,0.441434974084938,0,0
annual_quarter_half,3056,2023-08-25,2023-09-04,-0.025197172476384,2023,2023-06-30,learned_order_extension,20260910,0.4013536834591807,0.4013536834591807,0,0
annual_quarter_half,3056,2023-08-25,2023-09-04,-0.025197172476384,2023,2023-06-30,learned_order_extension,20260911,0.5409900775011538,0.5409900775011538,1,0
annual_quarter_half,3056,2023-08-25,2023-09-04,-0.025197172476384,2023,2023-06-30,learned_order_extension,20260912,0.45411639445510993,0.45411639445510993,0,0
annual_quarter_half,3056,2023-08-25,2023-09-04,-0.025197172476384,2023,2023-06-30,learned_order_offset,20260910,0.4014171469681729,0.4014171469681729,0,0
annual_quarter_half,3056,2023-08-25,2023-09-04,-0.025197172476384,2023,2023-06-30,learned_order_offset,20260911,0.5393497724837018,0.5393497724837018,1,0
annual_quarter_half,3056,2023-08-25,2023-09-04,-0.025197172476384,2023,2023-06-30,learned_order_offset,20260912,0.45492480784909817,0.45492480784909817,0,0
annual_quarter_half,3056,2023-08-25,2023-09-04,-0.025197172476384,2023,2023-06-30,learned_vol_interaction,20260910,0.3867727540413589,0.3867727540413589,0,0
annual_quarter_half,3056,2023-08-25,2023-09-04,-0.025197172476384,2023,2023-06-30,learned_vol_interaction,20260911,0.5609740651928956,0.5609740651928956,1,0
annual_quarter_half,3056,2023-08-25,2023-09-04,-0.025197172476384,2023,2023-06-30,learned_vol_interaction,20260912,0.4324940884710696,0.4324940884710696,0,0
annual_quarter_half,3056,2023-08-25,2023-09-04,-0.025197172476384,2023,2023-06-30,native_mse,20260910,6.221832031536517e-05,,1,0
annual_quarter_half,3056,2023-08-25,2023-09-04,-0.025197172476384,2023,2023-06-30,native_mse,20260911,-0.003119344226409049,,0,0
annual_quarter_half,3056,2023-08-25,2023-09-04,-0.025197172476384,2023,2023-06-30,native_mse,20260912,0.0007732397454459345,,1,0
annual_quarter_half,3056,2023-08-25,2023-09-04,-0.025197172476384,2023,2023-06-30,training_frequency,-1,0.5080699938102202,0.5080699938102202,1,0
annual_quarter_half,3061,2023-09-01,2023-09-11,-0.0189903461587886,2023,2023-06-30,learned_market,20260910,0.5165279094365913,0.5165279094365913,1,0
annual_quarter_half,3061,2023-09-01,2023-09-11,-0.0189903461587886,2023,2023-06-30,learned_market,20260911,0.3795537604743463,0.3795537604743463,0,0
annual_quarter_half,3061,2023-09-01,2023-09-11,-0.0189903461587886,2023,2023-06-30,learned_market,20260912,0.36878124952241986,0.36878124952241986,0,0
annual_quarter_half,3061,2023-09-01,2023-09-11,-0.0189903461587886,2023,2023-06-30,learned_order_extension,20260910,0.5163631949259047,0.5163631949259047,1,0
annual_quarter_half,3061,2023-09-01,2023-09-11,-0.0189903461587886,2023,2023-06-30,learned_order_extension,20260911,0.4178872962496969,0.4178872962496969,0,0
annual_quarter_half,3061,2023-09-01,2023-09-11,-0.0189903461587886,2023,2023-06-30,learned_order_extension,20260912,0.37962785655562303,0.37962785655562303,0,0
annual_quarter_half,3061,2023-09-01,2023-09-11,-0.0189903461587886,2023,2023-06-30,learned_order_offset,20260910,0.5156913880158281,0.5156913880158281,1,0
annual_quarter_half,3061,2023-09-01,2023-09-11,-0.0189903461587886,2023,2023-06-30,learned_order_offset,20260911,0.4185990723753995,0.4185990723753995,0,0
annual_quarter_half,3061,2023-09-01,2023-09-11,-0.0189903461587886,2023,2023-06-30,learned_order_offset,20260912,0.3819763828620771,0.3819763828620771,0,0
annual_quarter_half,3061,2023-09-01,2023-09-11,-0.0189903461587886,2023,2023-06-30,learned_vol_interaction,20260910,0.5191863377904895,0.5191863377904895,1,0
annual_quarter_half,3061,2023-09-01,2023-09-11,-0.0189903461587886,2023,2023-06-30,learned_vol_interaction,20260911,0.3919311698354938,0.3919311698354938,0,0
annual_quarter_half,3061,2023-09-01,2023-09-11,-0.0189903461587886,2023,2023-06-30,learned_vol_interaction,20260912,0.35940960253900694,0.35940960253900694,0,0
annual_quarter_half,3061,2023-09-01,2023-09-11,-0.0189903461587886,2023,2023-06-30,native_mse,20260910,-6.554372175296418e-05,,0,0
annual_quarter_half,3061,2023-09-01,2023-09-11,-0.0189903461587886,2023,2023-06-30,native_mse,20260911,-0.00497178050855575,,0,0
annual_quarter_half,3061,2023-09-01,2023-09-11,-0.0189903461587886,2023,2023-06-30,native_mse,20260912,0.00034811751488061904,,1,0
annual_quarter_half,3061,2023-09-01,2023-09-11,-0.0189903461587886,2023,2023-06-30,training_frequency,-1,0.5080699938102202,0.5080699938102202,1,0
annual_quarter_half,3066,2023-09-08,2023-09-18,-0.0111346368744954,2023,2023-06-30,learned_market,20260910,0.5573899126397595,0.5573899126397595,1,0
annual_quarter_half,3066,2023-09-08,2023-09-18,-0.0111346368744954,2023,2023-06-30,learned_market,20260911,0.6426731192025688,0.6426731192025688,1,0
annual_quarter_half,3066,2023-09-08,2023-09-18,-0.0111346368744954,2023,2023-06-30,learned_market,20260912,0.49393422799157183,0.49393422799157183,0,0
annual_quarter_half,3066,2023-09-08,2023-09-18,-0.0111346368744954,2023,2023-06-30,learned_order_extension,20260910,0.552767888792486,0.552767888792486,1,0
annual_quarter_half,3066,2023-09-08,2023-09-18,-0.0111346368744954,2023,2023-06-30,learned_order_extension,20260911,0.5931119277167043,0.5931119277167043,1,0
annual_quarter_half,3066,2023-09-08,2023-09-18,-0.0111346368744954,2023,2023-06-30,learned_order_extension,20260912,0.4918357508783,0.4918357508783,0,0
annual_quarter_half,3066,2023-09-08,2023-09-18,-0.0111346368744954,2023,2023-06-30,learned_order_offset,20260910,0.5531886497147291,0.5531886497147291,1,0
annual_quarter_half,3066,2023-09-08,2023-09-18,-0.0111346368744954,2023,2023-06-30,learned_order_offset,20260911,0.5923217548678469,0.5923217548678469,1,0
annual_quarter_half,3066,2023-09-08,2023-09-18,-0.0111346368744954,2023,2023-06-30,learned_order_offset,20260912,0.49475707762927373,0.49475707762927373,0,0
annual_quarter_half,3066,2023-09-08,2023-09-18,-0.0111346368744954,2023,2023-06-30,learned_vol_interaction,20260910,0.5631156693828536,0.5631156693828536,1,0
annual_quarter_half,3066,2023-09-08,2023-09-18,-0.0111346368744954,2023,2023-06-30,learned_vol_interaction,20260911,0.6384039044150353,0.6384039044150353,1,0
annual_quarter_half,3066,2023-09-08,2023-09-18,-0.0111346368744954,2023,2023-06-30,learned_vol_interaction,20260912,0.48444809423259516,0.48444809423259516,0,0
annual_quarter_half,3066,2023-09-08,2023-09-18,-0.0111346368744954,2023,2023-06-30,native_mse,20260910,0.0004652825268113116,,1,0
annual_quarter_half,3066,2023-09-08,2023-09-18,-0.0111346368744954,2023,2023-06-30,native_mse,20260911,0.008604642254977354,,1,0
annual_quarter_half,3066,2023-09-08,2023-09-18,-0.0111346368744954,2023,2023-06-30,native_mse,20260912,0.0006133108718976757,,1,0
annual_quarter_half,3066,2023-09-08,2023-09-18,-0.0111346368744954,2023,2023-06-30,training_frequency,-1,0.5080699938102202,0.5080699938102202,1,0
annual_quarter_half,3071,2023-09-15,2023-09-25,0.0105787349314532,2023,2023-06-30,learned_market,20260910,0.685813500703041,0.685813500703041,1,1
annual_quarter_half,3071,2023-09-15,2023-09-25,0.0105787349314532,2023,2023-06-30,learned_market,20260911,0.6509727118537643,0.6509727118537643,1,1
annual_quarter_half,3071,2023-09-15,2023-09-25,0.0105787349314532,2023,2023-06-30,learned_market,20260912,0.4881920345491077,0.4881920345491077,0,1
annual_quarter_half,3071,2023-09-15,2023-09-25,0.0105787349314532,2023,2023-06-30,learned_order_extension,20260910,0.6895508910920732,0.6895508910920732,1,1
annual_quarter_half,3071,2023-09-15,2023-09-25,0.0105787349314532,2023,2023-06-30,learned_order_extension,20260911,0.6243595706772261,0.6243595706772261,1,1
annual_quarter_half,3071,2023-09-15,2023-09-25,0.0105787349314532,2023,2023-06-30,learned_order_extension,20260912,0.48688624113758416,0.48688624113758416,0,1
annual_quarter_half,3071,2023-09-15,2023-09-25,0.0105787349314532,2023,2023-06-30,learned_order_offset,20260910,0.6886447665165798,0.6886447665165798,1,1
annual_quarter_half,3071,2023-09-15,2023-09-25,0.0105787349314532,2023,2023-06-30,learned_order_offset,20260911,0.6234480642784113,0.6234480642784113,1,1
annual_quarter_half,3071,2023-09-15,2023-09-25,0.0105787349314532,2023,2023-06-30,learned_order_offset,20260912,0.4873138507065191,0.4873138507065191,0,1
annual_quarter_half,3071,2023-09-15,2023-09-25,0.0105787349314532,2023,2023-06-30,learned_vol_interaction,20260910,0.7035592693373895,0.7035592693373895,1,1
annual_quarter_half,3071,2023-09-15,2023-09-25,0.0105787349314532,2023,2023-06-30,learned_vol_interaction,20260911,0.6406383527027013,0.6406383527027013,1,1
annual_quarter_half,3071,2023-09-15,2023-09-25,0.0105787349314532,2023,2023-06-30,learned_vol_interaction,20260912,0.48004335700690925,0.48004335700690925,0,1
annual_quarter_half,3071,2023-09-15,2023-09-25,0.0105787349314532,2023,2023-06-30,native_mse,20260910,0.0007423795670783071,,1,1
annual_quarter_half,3071,2023-09-15,2023-09-25,0.0105787349314532,2023,2023-06-30,native_mse,20260911,0.005198783805724703,,1,1
annual_quarter_half,3071,2023-09-15,2023-09-25,0.0105787349314532,2023,2023-06-30,native_mse,20260912,0.0004664091494963951,,1,1
annual_quarter_half,3071,2023-09-15,2023-09-25,0.0105787349314532,2023,2023-06-30,training_frequency,-1,0.5080699938102202,0.5080699938102202,1,1
annual_quarter_half,3076,2023-09-22,2023-10-16,-0.0198017153282719,2023,2023-06-30,learned_market,20260910,0.4156126174543163,0.4156126174543163,0,0
annual_quarter_half,3076,2023-09-22,2023-10-16,-0.0198017153282719,2023,2023-06-30,learned_market,20260911,0.51866275366512,0.51866275366512,1,0
annual_quarter_half,3076,2023-09-22,2023-10-16,-0.0198017153282719,2023,2023-06-30,learned_market,20260912,0.43586559267799385,0.43586559267799385,0,0
annual_quarter_half,3076,2023-09-22,2023-10-16,-0.0198017153282719,2023,2023-06-30,learned_order_extension,20260910,0.4247228747984493,0.4247228747984493,0,0
annual_quarter_half,3076,2023-09-22,2023-10-16,-0.0198017153282719,2023,2023-06-30,learned_order_extension,20260911,0.5243749167629812,0.5243749167629812,1,0
annual_quarter_half,3076,2023-09-22,2023-10-16,-0.0198017153282719,2023,2023-06-30,learned_order_extension,20260912,0.45102928712888635,0.45102928712888635,0,0
annual_quarter_half,3076,2023-09-22,2023-10-16,-0.0198017153282719,2023,2023-06-30,learned_order_offset,20260910,0.4255178641583113,0.4255178641583113,0,0
annual_quarter_half,3076,2023-09-22,2023-10-16,-0.0198017153282719,2023,2023-06-30,learned_order_offset,20260911,0.5237094614692447,0.5237094614692447,1,0
annual_quarter_half,3076,2023-09-22,2023-10-16,-0.0198017153282719,2023,2023-06-30,learned_order_offset,20260912,0.4528633085599697,0.4528633085599697,0,0
annual_quarter_half,3076,2023-09-22,2023-10-16,-0.0198017153282719,2023,2023-06-30,learned_vol_interaction,20260910,0.41033709982547906,0.41033709982547906,0,0
annual_quarter_half,3076,2023-09-22,2023-10-16,-0.0198017153282719,2023,2023-06-30,learned_vol_interaction,20260911,0.5141428768616991,0.5141428768616991,1,0
annual_quarter_half,3076,2023-09-22,2023-10-16,-0.0198017153282719,2023,2023-06-30,learned_vol_interaction,20260912,0.42872330816876975,0.42872330816876975,0,0
annual_quarter_half,3076,2023-09-22,2023-10-16,-0.0198017153282719,2023,2023-06-30,native_mse,20260910,-0.0013774159609056189,,0,0
annual_quarter_half,3076,2023-09-22,2023-10-16,-0.0198017153282719,2023,2023-06-30,native_mse,20260911,-0.0042307051235908975,,0,0
annual_quarter_half,3076,2023-09-22,2023-10-16,-0.0198017153282719,2023,2023-06-30,native_mse,20260912,0.0003924428671224766,,1,0
annual_quarter_half,3076,2023-09-22,2023-10-16,-0.0198017153282719,2023,2023-06-30,training_frequency,-1,0.5080699938102202,0.5080699938102202,1,0
annual_quarter_half,3085,2023-10-13,2023-10-23,-0.0447156690429144,2023,2023-09-30,learned_market,20260910,0.40572927637216205,0.40572927637216205,0,0
annual_quarter_half,3085,2023-10-13,2023-10-23,-0.0447156690429144,2023,2023-09-30,learned_market,20260911,0.41870253177540906,0.41870253177540906,0,0
annual_quarter_half,3085,2023-10-13,2023-10-23,-0.0447156690429144,2023,2023-09-30,learned_market,20260912,0.4077606633176767,0.4077606633176767,0,0
annual_quarter_half,3085,2023-10-13,2023-10-23,-0.0447156690429144,2023,2023-09-30,learned_order_extension,20260910,0.3900284591242943,0.3900284591242943,0,0
annual_quarter_half,3085,2023-10-13,2023-10-23,-0.0447156690429144,2023,2023-09-30,learned_order_extension,20260911,0.44278869760385975,0.44278869760385975,0,0
annual_quarter_half,3085,2023-10-13,2023-10-23,-0.0447156690429144,2023,2023-09-30,learned_order_extension,20260912,0.4110686421993225,0.4110686421993225,0,0
annual_quarter_half,3085,2023-10-13,2023-10-23,-0.0447156690429144,2023,2023-09-30,learned_order_offset,20260910,0.3894959038041751,0.3894959038041751,0,0
annual_quarter_half,3085,2023-10-13,2023-10-23,-0.0447156690429144,2023,2023-09-30,learned_order_offset,20260911,0.44328884057692763,0.44328884057692763,0,0
annual_quarter_half,3085,2023-10-13,2023-10-23,-0.0447156690429144,2023,2023-09-30,learned_order_offset,20260912,0.4144357489691969,0.4144357489691969,0,0
annual_quarter_half,3085,2023-10-13,2023-10-23,-0.0447156690429144,2023,2023-09-30,learned_vol_interaction,20260910,0.3948419348956498,0.3948419348956498,0,0
annual_quarter_half,3085,2023-10-13,2023-10-23,-0.0447156690429144,2023,2023-09-30,learned_vol_interaction,20260911,0.44390855894769166,0.44390855894769166,0,0
annual_quarter_half,3085,2023-10-13,2023-10-23,-0.0447156690429144,2023,2023-09-30,learned_vol_interaction,20260912,0.40229905232286234,0.40229905232286234,0,0
annual_quarter_half,3085,2023-10-13,2023-10-23,-0.0447156690429144,2023,2023-09-30,native_mse,20260910,-0.00043210523609386734,,0,0
annual_quarter_half,3085,2023-10-13,2023-10-23,-0.0447156690429144,2023,2023-09-30,native_mse,20260911,-0.0013820341289332593,,0,0
annual_quarter_half,3085,2023-10-13,2023-10-23,-0.0447156690429144,2023,2023-09-30,native_mse,20260912,0.00047964798455587355,,1,0
annual_quarter_half,3085,2023-10-13,2023-10-23,-0.0447156690429144,2023,2023-09-30,training_frequency,-1,0.505586550101611,0.505586550101611,1,0
annual_quarter_half,3090,2023-10-20,2023-10-30,0.0154019770298841,2023,2023-09-30,learned_market,20260910,0.4970125143091674,0.4970125143091674,0,1
annual_quarter_half,3090,2023-10-20,2023-10-30,0.0154019770298841,2023,2023-09-30,learned_market,20260911,0.4750947537653236,0.4750947537653236,0,1
annual_quarter_half,3090,2023-10-20,2023-10-30,0.0154019770298841,2023,2023-09-30,learned_market,20260912,0.5536097273882473,0.5536097273882473,1,1
annual_quarter_half,3090,2023-10-20,2023-10-30,0.0154019770298841,2023,2023-09-30,learned_order_extension,20260910,0.5057620457326834,0.5057620457326834,1,1
annual_quarter_half,3090,2023-10-20,2023-10-30,0.0154019770298841,2023,2023-09-30,learned_order_extension,20260911,0.5091090499835795,0.5091090499835795,1,1
annual_quarter_half,3090,2023-10-20,2023-10-30,0.0154019770298841,2023,2023-09-30,learned_order_extension,20260912,0.5728863701292155,0.5728863701292155,1,1
annual_quarter_half,3090,2023-10-20,2023-10-30,0.0154019770298841,2023,2023-09-30,learned_order_offset,20260910,0.5049625050589406,0.5049625050589406,1,1
annual_quarter_half,3090,2023-10-20,2023-10-30,0.0154019770298841,2023,2023-09-30,learned_order_offset,20260911,0.5083717263250316,0.5083717263250316,1,1
annual_quarter_half,3090,2023-10-20,2023-10-30,0.0154019770298841,2023,2023-09-30,learned_order_offset,20260912,0.5743012389963074,0.5743012389963074,1,1
annual_quarter_half,3090,2023-10-20,2023-10-30,0.0154019770298841,2023,2023-09-30,learned_vol_interaction,20260910,0.49664107497508975,0.49664107497508975,0,1
annual_quarter_half,3090,2023-10-20,2023-10-30,0.0154019770298841,2023,2023-09-30,learned_vol_interaction,20260911,0.49306244289455003,0.49306244289455003,0,1
annual_quarter_half,3090,2023-10-20,2023-10-30,0.0154019770298841,2023,2023-09-30,learned_vol_interaction,20260912,0.5571943177738161,0.5571943177738161,1,1
annual_quarter_half,3090,2023-10-20,2023-10-30,0.0154019770298841,2023,2023-09-30,native_mse,20260910,0.00040865968407327716,,1,1
annual_quarter_half,3090,2023-10-20,2023-10-30,0.0154019770298841,2023,2023-09-30,native_mse,20260911,-0.0005164152153411044,,0,1
annual_quarter_half,3090,2023-10-20,2023-10-30,0.0154019770298841,2023,2023-09-30,native_mse,20260912,0.0007261449130612286,,1,1
annual_quarter_half,3090,2023-10-20,2023-10-30,0.0154019770298841,2023,2023-09-30,training_frequency,-1,0.505586550101611,0.505586550101611,1,1
annual_quarter_half,3095,2023-10-27,2023-11-06,0.0152527637017425,2023,2023-09-30,learned_market,20260910,0.5184870344071559,0.5184870344071559,1,1
annual_quarter_half,3095,2023-10-27,2023-11-06,0.0152527637017425,2023,2023-09-30,learned_market,20260911,0.48834504752056085,0.48834504752056085,0,1
annual_quarter_half,3095,2023-10-27,2023-11-06,0.0152527637017425,2023,2023-09-30,learned_market,20260912,0.7403650689663828,0.7403650689663828,1,1
annual_quarter_half,3095,2023-10-27,2023-11-06,0.0152527637017425,2023,2023-09-30,learned_order_extension,20260910,0.5342990943822286,0.5342990943822286,1,1
annual_quarter_half,3095,2023-10-27,2023-11-06,0.0152527637017425,2023,2023-09-30,learned_order_extension,20260911,0.49233582647059204,0.49233582647059204,0,1
annual_quarter_half,3095,2023-10-27,2023-11-06,0.0152527637017425,2023,2023-09-30,learned_order_extension,20260912,0.7218527807726092,0.7218527807726092,1,1
annual_quarter_half,3095,2023-10-27,2023-11-06,0.0152527637017425,2023,2023-09-30,learned_order_offset,20260910,0.5350798894595378,0.5350798894595378,1,1
annual_quarter_half,3095,2023-10-27,2023-11-06,0.0152527637017425,2023,2023-09-30,learned_order_offset,20260911,0.4915183194186794,0.4915183194186794,0,1
annual_quarter_half,3095,2023-10-27,2023-11-06,0.0152527637017425,2023,2023-09-30,learned_order_offset,20260912,0.7193115387331404,0.7193115387331404,1,1
annual_quarter_half,3095,2023-10-27,2023-11-06,0.0152527637017425,2023,2023-09-30,learned_vol_interaction,20260910,0.5213556776305889,0.5213556776305889,1,1
annual_quarter_half,3095,2023-10-27,2023-11-06,0.0152527637017425,2023,2023-09-30,learned_vol_interaction,20260911,0.4858318039886452,0.4858318039886452,0,1
annual_quarter_half,3095,2023-10-27,2023-11-06,0.0152527637017425,2023,2023-09-30,learned_vol_interaction,20260912,0.7500062137201731,0.7500062137201731,1,1
annual_quarter_half,3095,2023-10-27,2023-11-06,0.0152527637017425,2023,2023-09-30,native_mse,20260910,0.00031687009505909354,,1,1
annual_quarter_half,3095,2023-10-27,2023-11-06,0.0152527637017425,2023,2023-09-30,native_mse,20260911,0.00035124786452834394,,1,1
annual_quarter_half,3095,2023-10-27,2023-11-06,0.0152527637017425,2023,2023-09-30,native_mse,20260912,0.001227089334469095,,1,1
annual_quarter_half,3095,2023-10-27,2023-11-06,0.0152527637017425,2023,2023-09-30,training_frequency,-1,0.505586550101611,0.505586550101611,1,1
annual_quarter_half,3100,2023-11-03,2023-11-13,-0.0039935482440582,2023,2023-09-30,learned_market,20260910,0.4811669611494579,0.4811669611494579,0,0
annual_quarter_half,3100,2023-11-03,2023-11-13,-0.0039935482440582,2023,2023-09-30,learned_market,20260911,0.6338815102176074,0.6338815102176074,1,0
annual_quarter_half,3100,2023-11-03,2023-11-13,-0.0039935482440582,2023,2023-09-30,learned_market,20260912,0.494546242195635,0.494546242195635,0,0
annual_quarter_half,3100,2023-11-03,2023-11-13,-0.0039935482440582,2023,2023-09-30,learned_order_extension,20260910,0.4998786448379967,0.4998786448379967,0,0
annual_quarter_half,3100,2023-11-03,2023-11-13,-0.0039935482440582,2023,2023-09-30,learned_order_extension,20260911,0.6273151262916348,0.6273151262916348,1,0
annual_quarter_half,3100,2023-11-03,2023-11-13,-0.0039935482440582,2023,2023-09-30,learned_order_extension,20260912,0.5080759307442866,0.5080759307442866,1,0
annual_quarter_half,3100,2023-11-03,2023-11-13,-0.0039935482440582,2023,2023-09-30,learned_order_offset,20260910,0.5028960343631899,0.5028960343631899,1,0
annual_quarter_half,3100,2023-11-03,2023-11-13,-0.0039935482440582,2023,2023-09-30,learned_order_offset,20260911,0.6262849105439053,0.6262849105439053,1,0
annual_quarter_half,3100,2023-11-03,2023-11-13,-0.0039935482440582,2023,2023-09-30,learned_order_offset,20260912,0.5092612197159011,0.5092612197159011,1,0
annual_quarter_half,3100,2023-11-03,2023-11-13,-0.0039935482440582,2023,2023-09-30,learned_vol_interaction,20260910,0.48045111885751846,0.48045111885751846,0,0
annual_quarter_half,3100,2023-11-03,2023-11-13,-0.0039935482440582,2023,2023-09-30,learned_vol_interaction,20260911,0.6205861859769632,0.6205861859769632,1,0
annual_quarter_half,3100,2023-11-03,2023-11-13,-0.0039935482440582,2023,2023-09-30,learned_vol_interaction,20260912,0.4953660574361636,0.4953660574361636,0,0
annual_quarter_half,3100,2023-11-03,2023-11-13,-0.0039935482440582,2023,2023-09-30,native_mse,20260910,0.00042602596554779863,,1,0
annual_quarter_half,3100,2023-11-03,2023-11-13,-0.0039935482440582,2023,2023-09-30,native_mse,20260911,0.002818146079677864,,1,0
annual_quarter_half,3100,2023-11-03,2023-11-13,-0.0039935482440582,2023,2023-09-30,native_mse,20260912,0.0008262869634791999,,1,0
annual_quarter_half,3100,2023-11-03,2023-11-13,-0.0039935482440582,2023,2023-09-30,training_frequency,-1,0.505586550101611,0.505586550101611,1,0
annual_quarter_half,3105,2023-11-10,2023-11-20,-0.0067280482816765,2023,2023-09-30,learned_market,20260910,0.3675379628282304,0.3675379628282304,0,0
annual_quarter_half,3105,2023-11-10,2023-11-20,-0.0067280482816765,2023,2023-09-30,learned_market,20260911,0.47185375827909903,0.47185375827909903,0,0
annual_quarter_half,3105,2023-11-10,2023-11-20,-0.0067280482816765,2023,2023-09-30,learned_market,20260912,0.49247057428459057,0.49247057428459057,0,0
annual_quarter_half,3105,2023-11-10,2023-11-20,-0.0067280482816765,2023,2023-09-30,learned_order_extension,20260910,0.38991019358377793,0.38991019358377793,0,0
annual_quarter_half,3105,2023-11-10,2023-11-20,-0.0067280482816765,2023,2023-09-30,learned_order_extension,20260911,0.48774819899918737,0.48774819899918737,0,0
annual_quarter_half,3105,2023-11-10,2023-11-20,-0.0067280482816765,2023,2023-09-30,learned_order_extension,20260912,0.4963496058841199,0.4963496058841199,0,0
annual_quarter_half,3105,2023-11-10,2023-11-20,-0.0067280482816765,2023,2023-09-30,learned_order_offset,20260910,0.3929164368448751,0.3929164368448751,0,0
annual_quarter_half,3105,2023-11-10,2023-11-20,-0.0067280482816765,2023,2023-09-30,learned_order_offset,20260911,0.4882964245695787,0.4882964245695787,0,0
annual_quarter_half,3105,2023-11-10,2023-11-20,-0.0067280482816765,2023,2023-09-30,learned_order_offset,20260912,0.49718859274747484,0.49718859274747484,0,0
annual_quarter_half,3105,2023-11-10,2023-11-20,-0.0067280482816765,2023,2023-09-30,learned_vol_interaction,20260910,0.3582583836278149,0.3582583836278149,0,0
annual_quarter_half,3105,2023-11-10,2023-11-20,-0.0067280482816765,2023,2023-09-30,learned_vol_interaction,20260911,0.47679858431282063,0.47679858431282063,0,0
annual_quarter_half,3105,2023-11-10,2023-11-20,-0.0067280482816765,2023,2023-09-30,learned_vol_interaction,20260912,0.49191167739105124,0.49191167739105124,0,0
annual_quarter_half,3105,2023-11-10,2023-11-20,-0.0067280482816765,2023,2023-09-30,native_mse,20260910,-0.0004782794933114516,,0,0
annual_quarter_half,3105,2023-11-10,2023-11-20,-0.0067280482816765,2023,2023-09-30,native_mse,20260911,-0.001353834012788518,,0,0
annual_quarter_half,3105,2023-11-10,2023-11-20,-0.0067280482816765,2023,2023-09-30,native_mse,20260912,0.0007405496792716363,,1,0
annual_quarter_half,3105,2023-11-10,2023-11-20,-0.0067280482816765,2023,2023-09-30,training_frequency,-1,0.505586550101611,0.505586550101611,1,0
annual_quarter_half,3110,2023-11-17,2023-11-27,-0.0098859017348651,2023,2023-09-30,learned_market,20260910,0.4468290502127943,0.4468290502127943,0,0
annual_quarter_half,3110,2023-11-17,2023-11-27,-0.0098859017348651,2023,2023-09-30,learned_market,20260911,0.36193599992324865,0.36193599992324865,0,0
annual_quarter_half,3110,2023-11-17,2023-11-27,-0.0098859017348651,2023,2023-09-30,learned_market,20260912,0.40482976756474837,0.40482976756474837,0,0
annual_quarter_half,3110,2023-11-17,2023-11-27,-0.0098859017348651,2023,2023-09-30,learned_order_extension,20260910,0.47169607286080145,0.47169607286080145,0,0
annual_quarter_half,3110,2023-11-17,2023-11-27,-0.0098859017348651,2023,2023-09-30,learned_order_extension,20260911,0.40084371413159187,0.40084371413159187,0,0
annual_quarter_half,3110,2023-11-17,2023-11-27,-0.0098859017348651,2023,2023-09-30,learned_order_extension,20260912,0.41448933778308417,0.41448933778308417,0,0
annual_quarter_half,3110,2023-11-17,2023-11-27,-0.0098859017348651,2023,2023-09-30,learned_order_offset,20260910,0.4740567697365842,0.4740567697365842,0,0
annual_quarter_half,3110,2023-11-17,2023-11-27,-0.0098859017348651,2023,2023-09-30,learned_order_offset,20260911,0.40229803942112863,0.40229803942112863,0,0
annual_quarter_half,3110,2023-11-17,2023-11-27,-0.0098859017348651,2023,2023-09-30,learned_order_offset,20260912,0.41882682863900206,0.41882682863900206,0,0
annual_quarter_half,3110,2023-11-17,2023-11-27,-0.0098859017348651,2023,2023-09-30,learned_vol_interaction,20260910,0.442737905901989,0.442737905901989,0,0
annual_quarter_half,3110,2023-11-17,2023-11-27,-0.0098859017348651,2023,2023-09-30,learned_vol_interaction,20260911,0.3861343856188285,0.3861343856188285,0,0
annual_quarter_half,3110,2023-11-17,2023-11-27,-0.0098859017348651,2023,2023-09-30,learned_vol_interaction,20260912,0.3916611536760048,0.3916611536760048,0,0
annual_quarter_half,3110,2023-11-17,2023-11-27,-0.0098859017348651,2023,2023-09-30,native_mse,20260910,0.000981090377977917,,1,0
annual_quarter_half,3110,2023-11-17,2023-11-27,-0.0098859017348651,2023,2023-09-30,native_mse,20260911,-0.003611702773092423,,0,0
annual_quarter_half,3110,2023-11-17,2023-11-27,-0.0098859017348651,2023,2023-09-30,native_mse,20260912,0.0005597459179478644,,1,0
annual_quarter_half,3110,2023-11-17,2023-11-27,-0.0098859017348651,2023,2023-09-30,training_frequency,-1,0.505586550101611,0.505586550101611,1,0
annual_quarter_half,3115,2023-11-24,2023-12-04,-0.0151084754586299,2023,2023-09-30,learned_market,20260910,0.5075210714798492,0.5075210714798492,1,0
annual_quarter_half,3115,2023-11-24,2023-12-04,-0.0151084754586299,2023,2023-09-30,learned_market,20260911,0.49775478914824745,0.49775478914824745,0,0
annual_quarter_half,3115,2023-11-24,2023-12-04,-0.0151084754586299,2023,2023-09-30,learned_market,20260912,0.5047882657934962,0.5047882657934962,1,0
annual_quarter_half,3115,2023-11-24,2023-12-04,-0.0151084754586299,2023,2023-09-30,learned_order_extension,20260910,0.52143595792728,0.52143595792728,1,0
annual_quarter_half,3115,2023-11-24,2023-12-04,-0.0151084754586299,2023,2023-09-30,learned_order_extension,20260911,0.5006934010163421,0.5006934010163421,1,0
annual_quarter_half,3115,2023-11-24,2023-12-04,-0.0151084754586299,2023,2023-09-30,learned_order_extension,20260912,0.5060298896599584,0.5060298896599584,1,0
annual_quarter_half,3115,2023-11-24,2023-12-04,-0.0151084754586299,2023,2023-09-30,learned_order_offset,20260910,0.5221618445658102,0.5221618445658102,1,0
annual_quarter_half,3115,2023-11-24,2023-12-04,-0.0151084754586299,2023,2023-09-30,learned_order_offset,20260911,0.5004774760702557,0.5004774760702557,1,0
annual_quarter_half,3115,2023-11-24,2023-12-04,-0.0151084754586299,2023,2023-09-30,learned_order_offset,20260912,0.5062173624292308,0.5062173624292308,1,0
annual_quarter_half,3115,2023-11-24,2023-12-04,-0.0151084754586299,2023,2023-09-30,learned_vol_interaction,20260910,0.5146192777914853,0.5146192777914853,1,0
annual_quarter_half,3115,2023-11-24,2023-12-04,-0.0151084754586299,2023,2023-09-30,learned_vol_interaction,20260911,0.4991126209666989,0.4991126209666989,0,0
annual_quarter_half,3115,2023-11-24,2023-12-04,-0.0151084754586299,2023,2023-09-30,learned_vol_interaction,20260912,0.5141628009675385,0.5141628009675385,1,0
annual_quarter_half,3115,2023-11-24,2023-12-04,-0.0151084754586299,2023,2023-09-30,native_mse,20260910,0.0012682013053303333,,1,0
annual_quarter_half,3115,2023-11-24,2023-12-04,-0.0151084754586299,2023,2023-09-30,native_mse,20260911,-0.003031335388967507,,0,0
annual_quarter_half,3115,2023-11-24,2023-12-04,-0.0151084754586299,2023,2023-09-30,native_mse,20260912,0.0008731597974885379,,1,0
annual_quarter_half,3115,2023-11-24,2023-12-04,-0.0151084754586299,2023,2023-09-30,training_frequency,-1,0.505586550101611,0.505586550101611,1,0
annual_quarter_half,3120,2023-12-01,2023-12-11,-0.0295859857973478,2023,2023-09-30,learned_market,20260910,0.5713866668464589,0.5713866668464589,1,0
annual_quarter_half,3120,2023-12-01,2023-12-11,-0.0295859857973478,2023,2023-09-30,learned_market,20260911,0.5445029236152324,0.5445029236152324,1,0
annual_quarter_half,3120,2023-12-01,2023-12-11,-0.0295859857973478,2023,2023-09-30,learned_market,20260912,0.4235903146994,0.4235903146994,0,0
annual_quarter_half,3120,2023-12-01,2023-12-11,-0.0295859857973478,2023,2023-09-30,learned_order_extension,20260910,0.5811900721063394,0.5811900721063394,1,0
annual_quarter_half,3120,2023-12-01,2023-12-11,-0.0295859857973478,2023,2023-09-30,learned_order_extension,20260911,0.5344182662162886,0.5344182662162886,1,0
annual_quarter_half,3120,2023-12-01,2023-12-11,-0.0295859857973478,2023,2023-09-30,learned_order_extension,20260912,0.438558971093049,0.438558971093049,0,0
annual_quarter_half,3120,2023-12-01,2023-12-11,-0.0295859857973478,2023,2023-09-30,learned_order_offset,20260910,0.5805386838623374,0.5805386838623374,1,0
annual_quarter_half,3120,2023-12-01,2023-12-11,-0.0295859857973478,2023,2023-09-30,learned_order_offset,20260911,0.5332620390078056,0.5332620390078056,1,0
annual_quarter_half,3120,2023-12-01,2023-12-11,-0.0295859857973478,2023,2023-09-30,learned_order_offset,20260912,0.44238189897417424,0.44238189897417424,0,0
annual_quarter_half,3120,2023-12-01,2023-12-11,-0.0295859857973478,2023,2023-09-30,learned_vol_interaction,20260910,0.584932193990277,0.584932193990277,1,0
annual_quarter_half,3120,2023-12-01,2023-12-11,-0.0295859857973478,2023,2023-09-30,learned_vol_interaction,20260911,0.5353994339761788,0.5353994339761788,1,0
annual_quarter_half,3120,2023-12-01,2023-12-11,-0.0295859857973478,2023,2023-09-30,learned_vol_interaction,20260912,0.4151820957344503,0.4151820957344503,0,0
annual_quarter_half,3120,2023-12-01,2023-12-11,-0.0295859857973478,2023,2023-09-30,native_mse,20260910,0.0012816522194532306,,1,0
annual_quarter_half,3120,2023-12-01,2023-12-11,-0.0295859857973478,2023,2023-09-30,native_mse,20260911,-0.0024829211522064973,,0,0
annual_quarter_half,3120,2023-12-01,2023-12-11,-0.0295859857973478,2023,2023-09-30,native_mse,20260912,0.0006566132733415803,,1,0
annual_quarter_half,3120,2023-12-01,2023-12-11,-0.0295859857973478,2023,2023-09-30,training_frequency,-1,0.505586550101611,0.505586550101611,1,0
annual_quarter_half,3125,2023-12-08,2023-12-18,-0.0144639658974852,2023,2023-09-30,learned_market,20260910,0.5892340369063859,0.5892340369063859,1,0
annual_quarter_half,3125,2023-12-08,2023-12-18,-0.0144639658974852,2023,2023-09-30,learned_market,20260911,0.4082171488436005,0.4082171488436005,0,0
annual_quarter_half,3125,2023-12-08,2023-12-18,-0.0144639658974852,2023,2023-09-30,learned_market,20260912,0.4802570867148821,0.4802570867148821,0,0
annual_quarter_half,3125,2023-12-08,2023-12-18,-0.0144639658974852,2023,2023-09-30,learned_order_extension,20260910,0.61075214243971,0.61075214243971,1,0
annual_quarter_half,3125,2023-12-08,2023-12-18,-0.0144639658974852,2023,2023-09-30,learned_order_extension,20260911,0.4321621583162828,0.4321621583162828,0,0
annual_quarter_half,3125,2023-12-08,2023-12-18,-0.0144639658974852,2023,2023-09-30,learned_order_extension,20260912,0.48612646116358815,0.48612646116358815,0,0
annual_quarter_half,3125,2023-12-08,2023-12-18,-0.0144639658974852,2023,2023-09-30,learned_order_offset,20260910,0.6107051134447599,0.6107051134447599,1,0
annual_quarter_half,3125,2023-12-08,2023-12-18,-0.0144639658974852,2023,2023-09-30,learned_order_offset,20260911,0.43267889550294436,0.43267889550294436,0,0
annual_quarter_half,3125,2023-12-08,2023-12-18,-0.0144639658974852,2023,2023-09-30,learned_order_offset,20260912,0.48886796752929534,0.48886796752929534,0,0
annual_quarter_half,3125,2023-12-08,2023-12-18,-0.0144639658974852,2023,2023-09-30,learned_vol_interaction,20260910,0.6016281855388725,0.6016281855388725,1,0
annual_quarter_half,3125,2023-12-08,2023-12-18,-0.0144639658974852,2023,2023-09-30,learned_vol_interaction,20260911,0.43711501106821143,0.43711501106821143,0,0
annual_quarter_half,3125,2023-12-08,2023-12-18,-0.0144639658974852,2023,2023-09-30,learned_vol_interaction,20260912,0.4765119519429113,0.4765119519429113,0,0
annual_quarter_half,3125,2023-12-08,2023-12-18,-0.0144639658974852,2023,2023-09-30,native_mse,20260910,0.0011989621262484566,,1,0
annual_quarter_half,3125,2023-12-08,2023-12-18,-0.0144639658974852,2023,2023-09-30,native_mse,20260911,-0.003682394971368271,,0,0
annual_quarter_half,3125,2023-12-08,2023-12-18,-0.0144639658974852,2023,2023-09-30,native_mse,20260912,0.000820370440780056,,1,0
annual_quarter_half,3125,2023-12-08,2023-12-18,-0.0144639658974852,2023,2023-09-30,training_frequency,-1,0.505586550101611,0.505586550101611,1,0
annual_quarter_half,3130,2023-12-15,2023-12-25,0.0003424256350643,2023,2023-09-30,learned_market,20260910,0.5027567595273633,0.5027567595273633,1,1
annual_quarter_half,3130,2023-12-15,2023-12-25,0.0003424256350643,2023,2023-09-30,learned_market,20260911,0.4010692826317276,0.4010692826317276,0,1
annual_quarter_half,3130,2023-12-15,2023-12-25,0.0003424256350643,2023,2023-09-30,learned_market,20260912,0.5479261609740028,0.5479261609740028,1,1
annual_quarter_half,3130,2023-12-15,2023-12-25,0.0003424256350643,2023,2023-09-30,learned_order_extension,20260910,0.5063342415866048,0.5063342415866048,1,1
annual_quarter_half,3130,2023-12-15,2023-12-25,0.0003424256350643,2023,2023-09-30,learned_order_extension,20260911,0.4432199372133744,0.4432199372133744,0,1
annual_quarter_half,3130,2023-12-15,2023-12-25,0.0003424256350643,2023,2023-09-30,learned_order_extension,20260912,0.5576343484527404,0.5576343484527404,1,1
annual_quarter_half,3130,2023-12-15,2023-12-25,0.0003424256350643,2023,2023-09-30,learned_order_offset,20260910,0.5056421208598254,0.5056421208598254,1,1
annual_quarter_half,3130,2023-12-15,2023-12-25,0.0003424256350643,2023,2023-09-30,learned_order_offset,20260911,0.44400015864779135,0.44400015864779135,0,1
annual_quarter_half,3130,2023-12-15,2023-12-25,0.0003424256350643,2023,2023-09-30,learned_order_offset,20260912,0.5585120521403893,0.5585120521403893,1,1
annual_quarter_half,3130,2023-12-15,2023-12-25,0.0003424256350643,2023,2023-09-30,learned_vol_interaction,20260910,0.5041199431292755,0.5041199431292755,1,1
annual_quarter_half,3130,2023-12-15,2023-12-25,0.0003424256350643,2023,2023-09-30,learned_vol_interaction,20260911,0.4329347691996459,0.4329347691996459,0,1
annual_quarter_half,3130,2023-12-15,2023-12-25,0.0003424256350643,2023,2023-09-30,learned_vol_interaction,20260912,0.5462067435520827,0.5462067435520827,1,1
annual_quarter_half,3130,2023-12-15,2023-12-25,0.0003424256350643,2023,2023-09-30,native_mse,20260910,0.0012613855241693148,,1,1
annual_quarter_half,3130,2023-12-15,2023-12-25,0.0003424256350643,2023,2023-09-30,native_mse,20260911,-0.004121862389846,,0,1
annual_quarter_half,3130,2023-12-15,2023-12-25,0.0003424256350643,2023,2023-09-30,native_mse,20260912,0.0010177736005300454,,1,1
annual_quarter_half,3130,2023-12-15,2023-12-25,0.0003424256350643,2023,2023-09-30,training_frequency,-1,0.505586550101611,0.505586550101611,1,1
annual_quarter_half,3135,2023-12-22,2024-01-02,0.0288079559683274,2023,2023-09-30,learned_market,20260910,0.501051419021717,0.501051419021717,1,1
annual_quarter_half,3135,2023-12-22,2024-01-02,0.0288079559683274,2023,2023-09-30,learned_market,20260911,0.45495292176117236,0.45495292176117236,0,1
annual_quarter_half,3135,2023-12-22,2024-01-02,0.0288079559683274,2023,2023-09-30,learned_market,20260912,0.4472058568286963,0.4472058568286963,0,1
annual_quarter_half,3135,2023-12-22,2024-01-02,0.0288079559683274,2023,2023-09-30,learned_order_extension,20260910,0.49913259859607517,0.49913259859607517,0,1
annual_quarter_half,3135,2023-12-22,2024-01-02,0.0288079559683274,2023,2023-09-30,learned_order_extension,20260911,0.4870568653789242,0.4870568653789242,0,1
annual_quarter_half,3135,2023-12-22,2024-01-02,0.0288079559683274,2023,2023-09-30,learned_order_extension,20260912,0.44302824633452087,0.44302824633452087,0,1
annual_quarter_half,3135,2023-12-22,2024-01-02,0.0288079559683274,2023,2023-09-30,learned_order_offset,20260910,0.4959284091226415,0.4959284091226415,0,1
annual_quarter_half,3135,2023-12-22,2024-01-02,0.0288079559683274,2023,2023-09-30,learned_order_offset,20260911,0.48722208645306414,0.48722208645306414,0,1
annual_quarter_half,3135,2023-12-22,2024-01-02,0.0288079559683274,2023,2023-09-30,learned_order_offset,20260912,0.4451876402648498,0.4451876402648498,0,1
annual_quarter_half,3135,2023-12-22,2024-01-02,0.0288079559683274,2023,2023-09-30,learned_vol_interaction,20260910,0.5053834759162898,0.5053834759162898,1,1
annual_quarter_half,3135,2023-12-22,2024-01-02,0.0288079559683274,2023,2023-09-30,learned_vol_interaction,20260911,0.47552693202397733,0.47552693202397733,0,1
annual_quarter_half,3135,2023-12-22,2024-01-02,0.0288079559683274,2023,2023-09-30,learned_vol_interaction,20260912,0.43613741690561736,0.43613741690561736,0,1
annual_quarter_half,3135,2023-12-22,2024-01-02,0.0288079559683274,2023,2023-09-30,native_mse,20260910,0.0012582925097468724,,1,1
annual_quarter_half,3135,2023-12-22,2024-01-02,0.0288079559683274,2023,2023-09-30,native_mse,20260911,-0.0038414196494967814,,0,1
annual_quarter_half,3135,2023-12-22,2024-01-02,0.0288079559683274,2023,2023-09-30,native_mse,20260912,0.0007672220090305084,,1,1
annual_quarter_half,3135,2023-12-22,2024-01-02,0.0288079559683274,2023,2023-09-30,training_frequency,-1,0.505586550101611,0.505586550101611,1,1
annual_quarter_half,3140,2023-12-29,2024-01-08,-0.0302544749829989,2023,2023-09-30,learned_market,20260910,0.543646075419062,0.543646075419062,1,0
annual_quarter_half,3140,2023-12-29,2024-01-08,-0.0302544749829989,2023,2023-09-30,learned_market,20260911,0.5342701250130681,0.5342701250130681,1,0
annual_quarter_half,3140,2023-12-29,2024-01-08,-0.0302544749829989,2023,2023-09-30,learned_market,20260912,0.3373683524898714,0.3373683524898714,0,0
annual_quarter_half,3140,2023-12-29,2024-01-08,-0.0302544749829989,2023,2023-09-30,learned_order_extension,20260910,0.5441322110738765,0.5441322110738765,1,0
annual_quarter_half,3140,2023-12-29,2024-01-08,-0.0302544749829989,2023,2023-09-30,learned_order_extension,20260911,0.545786285706817,0.545786285706817,1,0
annual_quarter_half,3140,2023-12-29,2024-01-08,-0.0302544749829989,2023,2023-09-30,learned_order_extension,20260912,0.37133294547775286,0.37133294547775286,0,0
annual_quarter_half,3140,2023-12-29,2024-01-08,-0.0302544749829989,2023,2023-09-30,learned_order_offset,20260910,0.5438290910470889,0.5438290910470889,1,0
annual_quarter_half,3140,2023-12-29,2024-01-08,-0.0302544749829989,2023,2023-09-30,learned_order_offset,20260911,0.5464181220636445,0.5464181220636445,1,0
annual_quarter_half,3140,2023-12-29,2024-01-08,-0.0302544749829989,2023,2023-09-30,learned_order_offset,20260912,0.3741506961338419,0.3741506961338419,0,0
annual_quarter_half,3140,2023-12-29,2024-01-08,-0.0302544749829989,2023,2023-09-30,learned_vol_interaction,20260910,0.5482885365538939,0.5482885365538939,1,0
annual_quarter_half,3140,2023-12-29,2024-01-08,-0.0302544749829989,2023,2023-09-30,learned_vol_interaction,20260911,0.5367189812954912,0.5367189812954912,1,0
annual_quarter_half,3140,2023-12-29,2024-01-08,-0.0302544749829989,2023,2023-09-30,learned_vol_interaction,20260912,0.331092682597237,0.331092682597237,0,0
annual_quarter_half,3140,2023-12-29,2024-01-08,-0.0302544749829989,2023,2023-09-30,native_mse,20260910,0.0014437017555862836,,1,0
annual_quarter_half,3140,2023-12-29,2024-01-08,-0.0302544749829989,2023,2023-09-30,native_mse,20260911,-0.0017464499077280698,,0,0
annual_quarter_half,3140,2023-12-29,2024-01-08,-0.0302544749829989,2023,2023-09-30,native_mse,20260912,0.0005427612737733828,,1,0
annual_quarter_half,3140,2023-12-29,2024-01-08,-0.0302544749829989,2023,2023-09-30,training_frequency,-1,0.505586550101611,0.505586550101611,1,0
annual_quarter_half,3144,2024-01-05,2024-01-15,-0.0158038409563566,2024,2023-12-31,learned_market,20260910,0.37911601118731636,0.37911601118731636,0,0
annual_quarter_half,3144,2024-01-05,2024-01-15,-0.0158038409563566,2024,2023-12-31,learned_market,20260911,0.5054381986976906,0.5054381986976906,1,0
annual_quarter_half,3144,2024-01-05,2024-01-15,-0.0158038409563566,2024,2023-12-31,learned_market,20260912,0.5011992069392154,0.5011992069392154,1,0
annual_quarter_half,3144,2024-01-05,2024-01-15,-0.0158038409563566,2024,2023-12-31,learned_order_extension,20260910,0.4019000383386628,0.4019000383386628,0,0
annual_quarter_half,3144,2024-01-05,2024-01-15,-0.0158038409563566,2024,2023-12-31,learned_order_extension,20260911,0.5046246382575834,0.5046246382575834,1,0
annual_quarter_half,3144,2024-01-05,2024-01-15,-0.0158038409563566,2024,2023-12-31,learned_order_extension,20260912,0.5535119994762409,0.5535119994762409,1,0
annual_quarter_half,3144,2024-01-05,2024-01-15,-0.0158038409563566,2024,2023-12-31,learned_order_offset,20260910,0.40294607271257427,0.40294607271257427,0,0
annual_quarter_half,3144,2024-01-05,2024-01-15,-0.0158038409563566,2024,2023-12-31,learned_order_offset,20260911,0.5039028855862143,0.5039028855862143,1,0
annual_quarter_half,3144,2024-01-05,2024-01-15,-0.0158038409563566,2024,2023-12-31,learned_order_offset,20260912,0.555524023910941,0.555524023910941,1,0
annual_quarter_half,3144,2024-01-05,2024-01-15,-0.0158038409563566,2024,2023-12-31,learned_vol_interaction,20260910,0.375948748112503,0.375948748112503,0,0
annual_quarter_half,3144,2024-01-05,2024-01-15,-0.0158038409563566,2024,2023-12-31,learned_vol_interaction,20260911,0.5055907048902185,0.5055907048902185,1,0
annual_quarter_half,3144,2024-01-05,2024-01-15,-0.0158038409563566,2024,2023-12-31,learned_vol_interaction,20260912,0.4952442890139834,0.4952442890139834,0,0
annual_quarter_half,3144,2024-01-05,2024-01-15,-0.0158038409563566,2024,2023-12-31,native_mse,20260910,0.000251131835275678,,1,0
annual_quarter_half,3144,2024-01-05,2024-01-15,-0.0158038409563566,2024,2023-12-31,native_mse,20260911,0.006524465736805172,,1,0
annual_quarter_half,3144,2024-01-05,2024-01-15,-0.0158038409563566,2024,2023-12-31,native_mse,20260912,0.001652613648937757,,1,0
annual_quarter_half,3144,2024-01-05,2024-01-15,-0.0158038409563566,2024,2023-12-31,training_frequency,-1,0.5024834437086093,0.5024834437086093,1,0
annual_quarter_half,3149,2024-01-12,2024-01-22,-0.002333261979756,2024,2023-12-31,learned_market,20260910,0.4589111880907024,0.4589111880907024,0,0
annual_quarter_half,3149,2024-01-12,2024-01-22,-0.002333261979756,2024,2023-12-31,learned_market,20260911,0.5344404908323787,0.5344404908323787,1,0
annual_quarter_half,3149,2024-01-12,2024-01-22,-0.002333261979756,2024,2023-12-31,learned_market,20260912,0.47277699760132935,0.47277699760132935,0,0
annual_quarter_half,3149,2024-01-12,2024-01-22,-0.002333261979756,2024,2023-12-31,learned_order_extension,20260910,0.4536929976964038,0.4536929976964038,0,0
annual_quarter_half,3149,2024-01-12,2024-01-22,-0.002333261979756,2024,2023-12-31,learned_order_extension,20260911,0.5273727883107168,0.5273727883107168,1,0
annual_quarter_half,3149,2024-01-12,2024-01-22,-0.002333261979756,2024,2023-12-31,learned_order_extension,20260912,0.48736548091739423,0.48736548091739423,0,0
annual_quarter_half,3149,2024-01-12,2024-01-22,-0.002333261979756,2024,2023-12-31,learned_order_offset,20260910,0.45320010017286466,0.45320010017286466,0,0
annual_quarter_half,3149,2024-01-12,2024-01-22,-0.002333261979756,2024,2023-12-31,learned_order_offset,20260911,0.5267036688758374,0.5267036688758374,1,0
annual_quarter_half,3149,2024-01-12,2024-01-22,-0.002333261979756,2024,2023-12-31,learned_order_offset,20260912,0.4886344435127239,0.4886344435127239,0,0
annual_quarter_half,3149,2024-01-12,2024-01-22,-0.002333261979756,2024,2023-12-31,learned_vol_interaction,20260910,0.4653387886294592,0.4653387886294592,0,0
annual_quarter_half,3149,2024-01-12,2024-01-22,-0.002333261979756,2024,2023-12-31,learned_vol_interaction,20260911,0.5345697430715253,0.5345697430715253,1,0
annual_quarter_half,3149,2024-01-12,2024-01-22,-0.002333261979756,2024,2023-12-31,learned_vol_interaction,20260912,0.46734394081550534,0.46734394081550534,0,0
annual_quarter_half,3149,2024-01-12,2024-01-22,-0.002333261979756,2024,2023-12-31,native_mse,20260910,0.0007362057214049004,,1,0
annual_quarter_half,3149,2024-01-12,2024-01-22,-0.002333261979756,2024,2023-12-31,native_mse,20260911,0.008213225375018137,,1,0
annual_quarter_half,3149,2024-01-12,2024-01-22,-0.002333261979756,2024,2023-12-31,native_mse,20260912,0.0017566823014709063,,1,0
annual_quarter_half,3149,2024-01-12,2024-01-22,-0.002333261979756,2024,2023-12-31,training_frequency,-1,0.5024834437086093,0.5024834437086093,1,0
annual_quarter_half,3154,2024-01-19,2024-01-29,0.0223511633823452,2024,2023-12-31,learned_market,20260910,0.41956122213307734,0.41956122213307734,0,1
annual_quarter_half,3154,2024-01-19,2024-01-29,0.0223511633823452,2024,2023-12-31,learned_market,20260911,0.6056082203678326,0.6056082203678326,1,1
annual_quarter_half,3154,2024-01-19,2024-01-29,0.0223511633823452,2024,2023-12-31,learned_market,20260912,0.4519385169732587,0.4519385169732587,0,1
annual_quarter_half,3154,2024-01-19,2024-01-29,0.0223511633823452,2024,2023-12-31,learned_order_extension,20260910,0.4065097447533653,0.4065097447533653,0,1
annual_quarter_half,3154,2024-01-19,2024-01-29,0.0223511633823452,2024,2023-12-31,learned_order_extension,20260911,0.6361976645125996,0.6361976645125996,1,1
annual_quarter_half,3154,2024-01-19,2024-01-29,0.0223511633823452,2024,2023-12-31,learned_order_extension,20260912,0.4215435053964147,0.4215435053964147,0,1
annual_quarter_half,3154,2024-01-19,2024-01-29,0.0223511633823452,2024,2023-12-31,learned_order_offset,20260910,0.40698948981731453,0.40698948981731453,0,1
annual_quarter_half,3154,2024-01-19,2024-01-29,0.0223511633823452,2024,2023-12-31,learned_order_offset,20260911,0.6349472157761124,0.6349472157761124,1,1
annual_quarter_half,3154,2024-01-19,2024-01-29,0.0223511633823452,2024,2023-12-31,learned_order_offset,20260912,0.4229445653552536,0.4229445653552536,0,1
annual_quarter_half,3154,2024-01-19,2024-01-29,0.0223511633823452,2024,2023-12-31,learned_vol_interaction,20260910,0.409541362332266,0.409541362332266,0,1
annual_quarter_half,3154,2024-01-19,2024-01-29,0.0223511633823452,2024,2023-12-31,learned_vol_interaction,20260911,0.6057144516952688,0.6057144516952688,1,1
annual_quarter_half,3154,2024-01-19,2024-01-29,0.0223511633823452,2024,2023-12-31,learned_vol_interaction,20260912,0.4458542659590224,0.4458542659590224,0,1
annual_quarter_half,3154,2024-01-19,2024-01-29,0.0223511633823452,2024,2023-12-31,native_mse,20260910,-0.00023540604600351487,,0,1
annual_quarter_half,3154,2024-01-19,2024-01-29,0.0223511633823452,2024,2023-12-31,native_mse,20260911,0.009988969845384454,,1,1
annual_quarter_half,3154,2024-01-19,2024-01-29,0.0223511633823452,2024,2023-12-31,native_mse,20260912,0.0017349357863463528,,1,1
annual_quarter_half,3154,2024-01-19,2024-01-29,0.0223511633823452,2024,2023-12-31,training_frequency,-1,0.5024834437086093,0.5024834437086093,1,1
annual_quarter_half,3159,2024-01-26,2024-02-05,-0.0513103415192826,2024,2023-12-31,learned_market,20260910,0.4467918935376125,0.4467918935376125,0,0
annual_quarter_half,3159,2024-01-26,2024-02-05,-0.0513103415192826,2024,2023-12-31,learned_market,20260911,0.536236284491504,0.536236284491504,1,0
annual_quarter_half,3159,2024-01-26,2024-02-05,-0.0513103415192826,2024,2023-12-31,learned_market,20260912,0.5136187590656476,0.5136187590656476,1,0
annual_quarter_half,3159,2024-01-26,2024-02-05,-0.0513103415192826,2024,2023-12-31,learned_order_extension,20260910,0.4181108069924978,0.4181108069924978,0,0
annual_quarter_half,3159,2024-01-26,2024-02-05,-0.0513103415192826,2024,2023-12-31,learned_order_extension,20260911,0.5444608640891567,0.5444608640891567,1,0
annual_quarter_half,3159,2024-01-26,2024-02-05,-0.0513103415192826,2024,2023-12-31,learned_order_extension,20260912,0.48649269504735876,0.48649269504735876,0,0
annual_quarter_half,3159,2024-01-26,2024-02-05,-0.0513103415192826,2024,2023-12-31,learned_order_offset,20260910,0.4180998926398431,0.4180998926398431,0,0
annual_quarter_half,3159,2024-01-26,2024-02-05,-0.0513103415192826,2024,2023-12-31,learned_order_offset,20260911,0.5443793909861219,0.5443793909861219,1,0
annual_quarter_half,3159,2024-01-26,2024-02-05,-0.0513103415192826,2024,2023-12-31,learned_order_offset,20260912,0.4868819752675603,0.4868819752675603,0,0
annual_quarter_half,3159,2024-01-26,2024-02-05,-0.0513103415192826,2024,2023-12-31,learned_vol_interaction,20260910,0.4427031623961251,0.4427031623961251,0,0
annual_quarter_half,3159,2024-01-26,2024-02-05,-0.0513103415192826,2024,2023-12-31,learned_vol_interaction,20260911,0.5360497014286747,0.5360497014286747,1,0
annual_quarter_half,3159,2024-01-26,2024-02-05,-0.0513103415192826,2024,2023-12-31,learned_vol_interaction,20260912,0.5051200250772759,0.5051200250772759,1,0
annual_quarter_half,3159,2024-01-26,2024-02-05,-0.0513103415192826,2024,2023-12-31,native_mse,20260910,-0.001531436704987099,,0,0
annual_quarter_half,3159,2024-01-26,2024-02-05,-0.0513103415192826,2024,2023-12-31,native_mse,20260911,0.007709942184731473,,1,0
annual_quarter_half,3159,2024-01-26,2024-02-05,-0.0513103415192826,2024,2023-12-31,native_mse,20260912,0.0017756045446650414,,1,0
annual_quarter_half,3159,2024-01-26,2024-02-05,-0.0513103415192826,2024,2023-12-31,training_frequency,-1,0.5024834437086093,0.5024834437086093,1,0
annual_quarter_half,3164,2024-02-02,2024-02-26,0.1015374891364462,2024,2023-12-31,learned_market,20260910,0.6470923056808707,0.6470923056808707,1,1
annual_quarter_half,3164,2024-02-02,2024-02-26,0.1015374891364462,2024,2023-12-31,learned_market,20260911,0.5342416496354764,0.5342416496354764,1,1
annual_quarter_half,3164,2024-02-02,2024-02-26,0.1015374891364462,2024,2023-12-31,learned_market,20260912,0.5626550395617658,0.5626550395617658,1,1
annual_quarter_half,3164,2024-02-02,2024-02-26,0.1015374891364462,2024,2023-12-31,learned_order_extension,20260910,0.6639940867614434,0.6639940867614434,1,1
annual_quarter_half,3164,2024-02-02,2024-02-26,0.1015374891364462,2024,2023-12-31,learned_order_extension,20260911,0.545031438848448,0.545031438848448,1,1
annual_quarter_half,3164,2024-02-02,2024-02-26,0.1015374891364462,2024,2023-12-31,learned_order_extension,20260912,0.5496050819275686,0.5496050819275686,1,1
annual_quarter_half,3164,2024-02-02,2024-02-26,0.1015374891364462,2024,2023-12-31,learned_order_offset,20260910,0.662467427882048,0.662467427882048,1,1
annual_quarter_half,3164,2024-02-02,2024-02-26,0.1015374891364462,2024,2023-12-31,learned_order_offset,20260911,0.5451794882867483,0.5451794882867483,1,1
annual_quarter_half,3164,2024-02-02,2024-02-26,0.1015374891364462,2024,2023-12-31,learned_order_offset,20260912,0.5512261346233363,0.5512261346233363,1,1
annual_quarter_half,3164,2024-02-02,2024-02-26,0.1015374891364462,2024,2023-12-31,learned_vol_interaction,20260910,0.6537066574488869,0.6537066574488869,1,1
annual_quarter_half,3164,2024-02-02,2024-02-26,0.1015374891364462,2024,2023-12-31,learned_vol_interaction,20260911,0.5340699292580867,0.5340699292580867,1,1
annual_quarter_half,3164,2024-02-02,2024-02-26,0.1015374891364462,2024,2023-12-31,learned_vol_interaction,20260912,0.5544379606615297,0.5544379606615297,1,1
annual_quarter_half,3164,2024-02-02,2024-02-26,0.1015374891364462,2024,2023-12-31,native_mse,20260910,0.004796229141878599,,1,1
annual_quarter_half,3164,2024-02-02,2024-02-26,0.1015374891364462,2024,2023-12-31,native_mse,20260911,0.006449485928463916,,1,1
annual_quarter_half,3164,2024-02-02,2024-02-26,0.1015374891364462,2024,2023-12-31,native_mse,20260912,0.0017702651342618495,,1,1
annual_quarter_half,3164,2024-02-02,2024-02-26,0.1015374891364462,2024,2023-12-31,training_frequency,-1,0.5024834437086093,0.5024834437086093,1,1
annual_quarter_half,3173,2024-02-23,2024-03-04,0.0151569053862528,2024,2023-12-31,learned_market,20260910,0.6974540268702009,0.6974540268702009,1,1
annual_quarter_half,3173,2024-02-23,2024-03-04,0.0151569053862528,2024,2023-12-31,learned_market,20260911,0.636064859077555,0.636064859077555,1,1
annual_quarter_half,3173,2024-02-23,2024-03-04,0.0151569053862528,2024,2023-12-31,learned_market,20260912,0.4999534810647158,0.4999534810647158,0,1
annual_quarter_half,3173,2024-02-23,2024-03-04,0.0151569053862528,2024,2023-12-31,learned_order_extension,20260910,0.6509742827223437,0.6509742827223437,1,1
annual_quarter_half,3173,2024-02-23,2024-03-04,0.0151569053862528,2024,2023-12-31,learned_order_extension,20260911,0.6125199424254827,0.6125199424254827,1,1
annual_quarter_half,3173,2024-02-23,2024-03-04,0.0151569053862528,2024,2023-12-31,learned_order_extension,20260912,0.4386082807089806,0.4386082807089806,0,1
annual_quarter_half,3173,2024-02-23,2024-03-04,0.0151569053862528,2024,2023-12-31,learned_order_offset,20260910,0.6495192030104356,0.6495192030104356,1,1
annual_quarter_half,3173,2024-02-23,2024-03-04,0.0151569053862528,2024,2023-12-31,learned_order_offset,20260911,0.6109679669122872,0.6109679669122872,1,1
annual_quarter_half,3173,2024-02-23,2024-03-04,0.0151569053862528,2024,2023-12-31,learned_order_offset,20260912,0.4383060233141652,0.4383060233141652,0,1
annual_quarter_half,3173,2024-02-23,2024-03-04,0.0151569053862528,2024,2023-12-31,learned_vol_interaction,20260910,0.689311779469667,0.689311779469667,1,1
annual_quarter_half,3173,2024-02-23,2024-03-04,0.0151569053862528,2024,2023-12-31,learned_vol_interaction,20260911,0.635598842460853,0.635598842460853,1,1
annual_quarter_half,3173,2024-02-23,2024-03-04,0.0151569053862528,2024,2023-12-31,learned_vol_interaction,20260912,0.4830624305901862,0.4830624305901862,0,1
annual_quarter_half,3173,2024-02-23,2024-03-04,0.0151569053862528,2024,2023-12-31,native_mse,20260910,0.005981439448417525,,1,1
annual_quarter_half,3173,2024-02-23,2024-03-04,0.0151569053862528,2024,2023-12-31,native_mse,20260911,0.010256530380527457,,1,1
annual_quarter_half,3173,2024-02-23,2024-03-04,0.0151569053862528,2024,2023-12-31,native_mse,20260912,0.0018705013508167863,,1,1
annual_quarter_half,3173,2024-02-23,2024-03-04,0.0151569053862528,2024,2023-12-31,training_frequency,-1,0.5024834437086093,0.5024834437086093,1,1
annual_quarter_half,3178,2024-03-01,2024-03-11,0.0021394031715169,2024,2023-12-31,learned_market,20260910,0.6539310685581109,0.6539310685581109,1,1
annual_quarter_half,3178,2024-03-01,2024-03-11,0.0021394031715169,2024,2023-12-31,learned_market,20260911,0.5744958412225454,0.5744958412225454,1,1
annual_quarter_half,3178,2024-03-01,2024-03-11,0.0021394031715169,2024,2023-12-31,learned_market,20260912,0.5749313458355619,0.5749313458355619,1,1
annual_quarter_half,3178,2024-03-01,2024-03-11,0.0021394031715169,2024,2023-12-31,learned_order_extension,20260910,0.596427953854031,0.596427953854031,1,1
annual_quarter_half,3178,2024-03-01,2024-03-11,0.0021394031715169,2024,2023-12-31,learned_order_extension,20260911,0.5496769035930799,0.5496769035930799,1,1
annual_quarter_half,3178,2024-03-01,2024-03-11,0.0021394031715169,2024,2023-12-31,learned_order_extension,20260912,0.46924981751922445,0.46924981751922445,0,1
annual_quarter_half,3178,2024-03-01,2024-03-11,0.0021394031715169,2024,2023-12-31,learned_order_offset,20260910,0.5953483627631191,0.5953483627631191,1,1
annual_quarter_half,3178,2024-03-01,2024-03-11,0.0021394031715169,2024,2023-12-31,learned_order_offset,20260911,0.5481247094966736,0.5481247094966736,1,1
annual_quarter_half,3178,2024-03-01,2024-03-11,0.0021394031715169,2024,2023-12-31,learned_order_offset,20260912,0.4671863792327489,0.4671863792327489,0,1
annual_quarter_half,3178,2024-03-01,2024-03-11,0.0021394031715169,2024,2023-12-31,learned_vol_interaction,20260910,0.6480049647794901,0.6480049647794901,1,1
annual_quarter_half,3178,2024-03-01,2024-03-11,0.0021394031715169,2024,2023-12-31,learned_vol_interaction,20260911,0.5740233508322927,0.5740233508322927,1,1
annual_quarter_half,3178,2024-03-01,2024-03-11,0.0021394031715169,2024,2023-12-31,learned_vol_interaction,20260912,0.5592748903954966,0.5592748903954966,1,1
annual_quarter_half,3178,2024-03-01,2024-03-11,0.0021394031715169,2024,2023-12-31,native_mse,20260910,0.002923079585146593,,1,1
annual_quarter_half,3178,2024-03-01,2024-03-11,0.0021394031715169,2024,2023-12-31,native_mse,20260911,0.00705766649461919,,1,1
annual_quarter_half,3178,2024-03-01,2024-03-11,0.0021394031715169,2024,2023-12-31,native_mse,20260912,0.0020966839632058165,,1,1
annual_quarter_half,3178,2024-03-01,2024-03-11,0.0021394031715169,2024,2023-12-31,training_frequency,-1,0.5024834437086093,0.5024834437086093,1,1
annual_quarter_half,3183,2024-03-08,2024-03-18,0.0087762342284414,2024,2023-12-31,learned_market,20260910,0.651636534380962,0.651636534380962,1,1
annual_quarter_half,3183,2024-03-08,2024-03-18,0.0087762342284414,2024,2023-12-31,learned_market,20260911,0.6235376359173743,0.6235376359173743,1,1
annual_quarter_half,3183,2024-03-08,2024-03-18,0.0087762342284414,2024,2023-12-31,learned_market,20260912,0.5879570158742811,0.5879570158742811,1,1
annual_quarter_half,3183,2024-03-08,2024-03-18,0.0087762342284414,2024,2023-12-31,learned_order_extension,20260910,0.5823638998065179,0.5823638998065179,1,1
annual_quarter_half,3183,2024-03-08,2024-03-18,0.0087762342284414,2024,2023-12-31,learned_order_extension,20260911,0.5653384521782018,0.5653384521782018,1,1
annual_quarter_half,3183,2024-03-08,2024-03-18,0.0087762342284414,2024,2023-12-31,learned_order_extension,20260912,0.4701956287186797,0.4701956287186797,0,1
annual_quarter_half,3183,2024-03-08,2024-03-18,0.0087762342284414,2024,2023-12-31,learned_order_offset,20260910,0.5813453143574694,0.5813453143574694,1,1
annual_quarter_half,3183,2024-03-08,2024-03-18,0.0087762342284414,2024,2023-12-31,learned_order_offset,20260911,0.5633395909983205,0.5633395909983205,1,1
annual_quarter_half,3183,2024-03-08,2024-03-18,0.0087762342284414,2024,2023-12-31,learned_order_offset,20260912,0.4682690873666851,0.4682690873666851,0,1
annual_quarter_half,3183,2024-03-08,2024-03-18,0.0087762342284414,2024,2023-12-31,learned_vol_interaction,20260910,0.6491293260006892,0.6491293260006892,1,1
annual_quarter_half,3183,2024-03-08,2024-03-18,0.0087762342284414,2024,2023-12-31,learned_vol_interaction,20260911,0.6228491427098055,0.6228491427098055,1,1
annual_quarter_half,3183,2024-03-08,2024-03-18,0.0087762342284414,2024,2023-12-31,learned_vol_interaction,20260912,0.5740363843191351,0.5740363843191351,1,1
annual_quarter_half,3183,2024-03-08,2024-03-18,0.0087762342284414,2024,2023-12-31,native_mse,20260910,0.004534858645957669,,1,1
annual_quarter_half,3183,2024-03-08,2024-03-18,0.0087762342284414,2024,2023-12-31,native_mse,20260911,0.008632918878357794,,1,1
annual_quarter_half,3183,2024-03-08,2024-03-18,0.0087762342284414,2024,2023-12-31,native_mse,20260912,0.0021229030867072935,,1,1
annual_quarter_half,3183,2024-03-08,2024-03-18,0.0087762342284414,2024,2023-12-31,training_frequency,-1,0.5024834437086093,0.5024834437086093,1,1
annual_quarter_half,3188,2024-03-15,2024-03-25,-0.0112802133595746,2024,2023-12-31,learned_market,20260910,0.6184866579610433,0.6184866579610433,1,0
annual_quarter_half,3188,2024-03-15,2024-03-25,-0.0112802133595746,2024,2023-12-31,learned_market,20260911,0.5250838960153138,0.5250838960153138,1,0
annual_quarter_half,3188,2024-03-15,2024-03-25,-0.0112802133595746,2024,2023-12-31,learned_market,20260912,0.48185973058558346,0.48185973058558346,0,0
annual_quarter_half,3188,2024-03-15,2024-03-25,-0.0112802133595746,2024,2023-12-31,learned_order_extension,20260910,0.5649258035498114,0.5649258035498114,1,0
annual_quarter_half,3188,2024-03-15,2024-03-25,-0.0112802133595746,2024,2023-12-31,learned_order_extension,20260911,0.4741066250462846,0.4741066250462846,0,0
annual_quarter_half,3188,2024-03-15,2024-03-25,-0.0112802133595746,2024,2023-12-31,learned_order_extension,20260912,0.41374971985365583,0.41374971985365583,0,0
annual_quarter_half,3188,2024-03-15,2024-03-25,-0.0112802133595746,2024,2023-12-31,learned_order_offset,20260910,0.5629285714576356,0.5629285714576356,1,0
annual_quarter_half,3188,2024-03-15,2024-03-25,-0.0112802133595746,2024,2023-12-31,learned_order_offset,20260911,0.47094256842793375,0.47094256842793375,0,0
annual_quarter_half,3188,2024-03-15,2024-03-25,-0.0112802133595746,2024,2023-12-31,learned_order_offset,20260912,0.410883959095752,0.410883959095752,0,0
annual_quarter_half,3188,2024-03-15,2024-03-25,-0.0112802133595746,2024,2023-12-31,learned_vol_interaction,20260910,0.6390487602979349,0.6390487602979349,1,0
annual_quarter_half,3188,2024-03-15,2024-03-25,-0.0112802133595746,2024,2023-12-31,learned_vol_interaction,20260911,0.5244855050624243,0.5244855050624243,1,0
annual_quarter_half,3188,2024-03-15,2024-03-25,-0.0112802133595746,2024,2023-12-31,learned_vol_interaction,20260912,0.4809004633653104,0.4809004633653104,0,0
annual_quarter_half,3188,2024-03-15,2024-03-25,-0.0112802133595746,2024,2023-12-31,native_mse,20260910,0.004141952477981538,,1,0
annual_quarter_half,3188,2024-03-15,2024-03-25,-0.0112802133595746,2024,2023-12-31,native_mse,20260911,0.004101422624994645,,1,0
annual_quarter_half,3188,2024-03-15,2024-03-25,-0.0112802133595746,2024,2023-12-31,native_mse,20260912,0.002169492364912302,,1,0
annual_quarter_half,3188,2024-03-15,2024-03-25,-0.0112802133595746,2024,2023-12-31,training_frequency,-1,0.5024834437086093,0.5024834437086093,1,0
annual_quarter_half,3193,2024-03-22,2024-04-01,0.0042044725182444,2024,2023-12-31,learned_market,20260910,0.49537529534083324,0.49537529534083324,0,1
annual_quarter_half,3193,2024-03-22,2024-04-01,0.0042044725182444,2024,2023-12-31,learned_market,20260911,0.5710939352608271,0.5710939352608271,1,1
annual_quarter_half,3193,2024-03-22,2024-04-01,0.0042044725182444,2024,2023-12-31,learned_market,20260912,0.5819259306110321,0.5819259306110321,1,1
annual_quarter_half,3193,2024-03-22,2024-04-01,0.0042044725182444,2024,2023-12-31,learned_order_extension,20260910,0.4756478826315535,0.4756478826315535,0,1
annual_quarter_half,3193,2024-03-22,2024-04-01,0.0042044725182444,2024,2023-12-31,learned_order_extension,20260911,0.5034201205076809,0.5034201205076809,1,1
annual_quarter_half,3193,2024-03-22,2024-04-01,0.0042044725182444,2024,2023-12-31,learned_order_extension,20260912,0.4779698312307604,0.4779698312307604,0,1
annual_quarter_half,3193,2024-03-22,2024-04-01,0.0042044725182444,2024,2023-12-31,learned_order_offset,20260910,0.4746800194029474,0.4746800194029474,0,1
annual_quarter_half,3193,2024-03-22,2024-04-01,0.0042044725182444,2024,2023-12-31,learned_order_offset,20260911,0.4995363819528175,0.4995363819528175,0,1
annual_quarter_half,3193,2024-03-22,2024-04-01,0.0042044725182444,2024,2023-12-31,learned_order_offset,20260912,0.4736922823747903,0.4736922823747903,0,1
annual_quarter_half,3193,2024-03-22,2024-04-01,0.0042044725182444,2024,2023-12-31,learned_vol_interaction,20260910,0.502579297882782,0.502579297882782,1,1
annual_quarter_half,3193,2024-03-22,2024-04-01,0.0042044725182444,2024,2023-12-31,learned_vol_interaction,20260911,0.5705279783235351,0.5705279783235351,1,1
annual_quarter_half,3193,2024-03-22,2024-04-01,0.0042044725182444,2024,2023-12-31,learned_vol_interaction,20260912,0.5933081539859947,0.5933081539859947,1,1
annual_quarter_half,3193,2024-03-22,2024-04-01,0.0042044725182444,2024,2023-12-31,native_mse,20260910,0.0018727898596620025,,1,1
annual_quarter_half,3193,2024-03-22,2024-04-01,0.0042044725182444,2024,2023-12-31,native_mse,20260911,0.0049895841353934664,,1,1
annual_quarter_half,3193,2024-03-22,2024-04-01,0.0042044725182444,2024,2023-12-31,native_mse,20260912,0.0021346683785466035,,1,1
annual_quarter_half,3193,2024-03-22,2024-04-01,0.0042044725182444,2024,2023-12-31,training_frequency,-1,0.5024834437086093,0.5024834437086093,1,1
annual_quarter_half,3198,2024-03-29,2024-04-15,-0.0219845815102011,2024,2023-12-31,learned_market,20260910,0.4469684467331579,0.4469684467331579,0,0
annual_quarter_half,3198,2024-03-29,2024-04-15,-0.0219845815102011,2024,2023-12-31,learned_market,20260911,0.3834197760468657,0.3834197760468657,0,0
annual_quarter_half,3198,2024-03-29,2024-04-15,-0.0219845815102011,2024,2023-12-31,learned_market,20260912,0.5513216063045803,0.5513216063045803,1,0
annual_quarter_half,3198,2024-03-29,2024-04-15,-0.0219845815102011,2024,2023-12-31,learned_order_extension,20260910,0.44826023295447676,0.44826023295447676,0,0
annual_quarter_half,3198,2024-03-29,2024-04-15,-0.0219845815102011,2024,2023-12-31,learned_order_extension,20260911,0.3647496103237538,0.3647496103237538,0,0
annual_quarter_half,3198,2024-03-29,2024-04-15,-0.0219845815102011,2024,2023-12-31,learned_order_extension,20260912,0.47494867441409877,0.47494867441409877,0,0
annual_quarter_half,3198,2024-03-29,2024-04-15,-0.0219845815102011,2024,2023-12-31,learned_order_offset,20260910,0.4474975970181041,0.4474975970181041,0,0
annual_quarter_half,3198,2024-03-29,2024-04-15,-0.0219845815102011,2024,2023-12-31,learned_order_offset,20260911,0.3626011592845029,0.3626011592845029,0,0
annual_quarter_half,3198,2024-03-29,2024-04-15,-0.0219845815102011,2024,2023-12-31,learned_order_offset,20260912,0.4721761686206615,0.4721761686206615,0,0
annual_quarter_half,3198,2024-03-29,2024-04-15,-0.0219845815102011,2024,2023-12-31,learned_vol_interaction,20260910,0.4621147966680959,0.4621147966680959,0,0
annual_quarter_half,3198,2024-03-29,2024-04-15,-0.0219845815102011,2024,2023-12-31,learned_vol_interaction,20260911,0.38271605688876176,0.38271605688876176,0,0
annual_quarter_half,3198,2024-03-29,2024-04-15,-0.0219845815102011,2024,2023-12-31,learned_vol_interaction,20260912,0.5653073701837698,0.5653073701837698,1,0
annual_quarter_half,3198,2024-03-29,2024-04-15,-0.0219845815102011,2024,2023-12-31,native_mse,20260910,0.0003645787473085561,,1,0
annual_quarter_half,3198,2024-03-29,2024-04-15,-0.0219845815102011,2024,2023-12-31,native_mse,20260911,0.0016010611409444046,,1,0
annual_quarter_half,3198,2024-03-29,2024-04-15,-0.0219845815102011,2024,2023-12-31,native_mse,20260912,0.001970104765042201,,1,0
annual_quarter_half,3198,2024-03-29,2024-04-15,-0.0219845815102011,2024,2023-12-31,training_frequency,-1,0.5024834437086093,0.5024834437086093,1,0
annual_quarter_half,3206,2024-04-12,2024-04-22,0.018045199366633,2024,2024-03-31,learned_market,20260910,0.3854452879226219,0.3854452879226219,0,1
annual_quarter_half,3206,2024-04-12,2024-04-22,0.018045199366633,2024,2024-03-31,learned_market,20260911,0.40498540489036516,0.40498540489036516,0,1
annual_quarter_half,3206,2024-04-12,2024-04-22,0.018045199366633,2024,2024-03-31,learned_market,20260912,0.4781235672846354,0.4781235672846354,0,1
annual_quarter_half,3206,2024-04-12,2024-04-22,0.018045199366633,2024,2024-03-31,learned_order_extension,20260910,0.435888796765334,0.435888796765334,0,1
annual_quarter_half,3206,2024-04-12,2024-04-22,0.018045199366633,2024,2024-03-31,learned_order_extension,20260911,0.3976561805033987,0.3976561805033987,0,1
annual_quarter_half,3206,2024-04-12,2024-04-22,0.018045199366633,2024,2024-03-31,learned_order_extension,20260912,0.4109481312987112,0.4109481312987112,0,1
annual_quarter_half,3206,2024-04-12,2024-04-22,0.018045199366633,2024,2024-03-31,learned_order_offset,20260910,0.43671382155637756,0.43671382155637756,0,1
annual_quarter_half,3206,2024-04-12,2024-04-22,0.018045199366633,2024,2024-03-31,learned_order_offset,20260911,0.3966423229346505,0.3966423229346505,0,1
annual_quarter_half,3206,2024-04-12,2024-04-22,0.018045199366633,2024,2024-03-31,learned_order_offset,20260912,0.409858082498029,0.409858082498029,0,1
annual_quarter_half,3206,2024-04-12,2024-04-22,0.018045199366633,2024,2024-03-31,learned_vol_interaction,20260910,0.3988595589397445,0.3988595589397445,0,1
annual_quarter_half,3206,2024-04-12,2024-04-22,0.018045199366633,2024,2024-03-31,learned_vol_interaction,20260911,0.40331410114703825,0.40331410114703825,0,1
annual_quarter_half,3206,2024-04-12,2024-04-22,0.018045199366633,2024,2024-03-31,learned_vol_interaction,20260912,0.48457112240920586,0.48457112240920586,0,1
annual_quarter_half,3206,2024-04-12,2024-04-22,0.018045199366633,2024,2024-03-31,native_mse,20260910,-0.0003413297141847924,,0,1
annual_quarter_half,3206,2024-04-12,2024-04-22,0.018045199366633,2024,2024-03-31,native_mse,20260911,-0.0015347351444384282,,0,1
annual_quarter_half,3206,2024-04-12,2024-04-22,0.018045199366633,2024,2024-03-31,native_mse,20260912,0.00045128608283839366,,1,1
annual_quarter_half,3206,2024-04-12,2024-04-22,0.018045199366633,2024,2024-03-31,training_frequency,-1,0.4962748344370861,0.4962748344370861,0,1
annual_quarter_half,3211,2024-04-19,2024-04-29,0.0136757744232476,2024,2024-03-31,learned_market,20260910,0.44004014561869464,0.44004014561869464,0,1
annual_quarter_half,3211,2024-04-19,2024-04-29,0.0136757744232476,2024,2024-03-31,learned_market,20260911,0.5446978487835987,0.5446978487835987,1,1
annual_quarter_half,3211,2024-04-19,2024-04-29,0.0136757744232476,2024,2024-03-31,learned_market,20260912,0.39331505157665686,0.39331505157665686,0,1
annual_quarter_half,3211,2024-04-19,2024-04-29,0.0136757744232476,2024,2024-03-31,learned_order_extension,20260910,0.4254587398229964,0.4254587398229964,0,1
annual_quarter_half,3211,2024-04-19,2024-04-29,0.0136757744232476,2024,2024-03-31,learned_order_extension,20260911,0.4763614117607081,0.4763614117607081,0,1
annual_quarter_half,3211,2024-04-19,2024-04-29,0.0136757744232476,2024,2024-03-31,learned_order_extension,20260912,0.34898608482419047,0.34898608482419047,0,1
annual_quarter_half,3211,2024-04-19,2024-04-29,0.0136757744232476,2024,2024-03-31,learned_order_offset,20260910,0.42545406938527963,0.42545406938527963,0,1
annual_quarter_half,3211,2024-04-19,2024-04-29,0.0136757744232476,2024,2024-03-31,learned_order_offset,20260911,0.4746915993941301,0.4746915993941301,0,1
annual_quarter_half,3211,2024-04-19,2024-04-29,0.0136757744232476,2024,2024-03-31,learned_order_offset,20260912,0.3485960990643777,0.3485960990643777,0,1
annual_quarter_half,3211,2024-04-19,2024-04-29,0.0136757744232476,2024,2024-03-31,learned_vol_interaction,20260910,0.43390575596092384,0.43390575596092384,0,1
annual_quarter_half,3211,2024-04-19,2024-04-29,0.0136757744232476,2024,2024-03-31,learned_vol_interaction,20260911,0.5443339381743709,0.5443339381743709,1,1
annual_quarter_half,3211,2024-04-19,2024-04-29,0.0136757744232476,2024,2024-03-31,learned_vol_interaction,20260912,0.3924295635063354,0.3924295635063354,0,1
annual_quarter_half,3211,2024-04-19,2024-04-29,0.0136757744232476,2024,2024-03-31,native_mse,20260910,0.0004587995645217452,,1,1
annual_quarter_half,3211,2024-04-19,2024-04-29,0.0136757744232476,2024,2024-03-31,native_mse,20260911,0.002554828242322368,,1,1
annual_quarter_half,3211,2024-04-19,2024-04-29,0.0136757744232476,2024,2024-03-31,native_mse,20260912,-0.0020205121686383528,,0,1
annual_quarter_half,3211,2024-04-19,2024-04-29,0.0136757744232476,2024,2024-03-31,training_frequency,-1,0.4962748344370861,0.4962748344370861,0,1
annual_quarter_half,3216,2024-04-26,2024-05-13,0.0172434956786644,2024,2024-03-31,learned_market,20260910,0.37414529937738966,0.37414529937738966,0,1
annual_quarter_half,3216,2024-04-26,2024-05-13,0.0172434956786644,2024,2024-03-31,learned_market,20260911,0.5892470403909256,0.5892470403909256,1,1
annual_quarter_half,3216,2024-04-26,2024-05-13,0.0172434956786644,2024,2024-03-31,learned_market,20260912,0.3486888977768977,0.3486888977768977,0,1
annual_quarter_half,3216,2024-04-26,2024-05-13,0.0172434956786644,2024,2024-03-31,learned_order_extension,20260910,0.44090543303625407,0.44090543303625407,0,1
annual_quarter_half,3216,2024-04-26,2024-05-13,0.0172434956786644,2024,2024-03-31,learned_order_extension,20260911,0.49314504220890987,0.49314504220890987,0,1
annual_quarter_half,3216,2024-04-26,2024-05-13,0.0172434956786644,2024,2024-03-31,learned_order_extension,20260912,0.3702118376423704,0.3702118376423704,0,1
annual_quarter_half,3216,2024-04-26,2024-05-13,0.0172434956786644,2024,2024-03-31,learned_order_offset,20260910,0.44156673816087105,0.44156673816087105,0,1
annual_quarter_half,3216,2024-04-26,2024-05-13,0.0172434956786644,2024,2024-03-31,learned_order_offset,20260911,0.49200986604598984,0.49200986604598984,0,1
annual_quarter_half,3216,2024-04-26,2024-05-13,0.0172434956786644,2024,2024-03-31,learned_order_offset,20260912,0.3710492880971591,0.3710492880971591,0,1
annual_quarter_half,3216,2024-04-26,2024-05-13,0.0172434956786644,2024,2024-03-31,learned_vol_interaction,20260910,0.37108512823312556,0.37108512823312556,0,1
annual_quarter_half,3216,2024-04-26,2024-05-13,0.0172434956786644,2024,2024-03-31,learned_vol_interaction,20260911,0.5891344712630364,0.5891344712630364,1,1
annual_quarter_half,3216,2024-04-26,2024-05-13,0.0172434956786644,2024,2024-03-31,learned_vol_interaction,20260912,0.3457005405280874,0.3457005405280874,0,1
annual_quarter_half,3216,2024-04-26,2024-05-13,0.0172434956786644,2024,2024-03-31,native_mse,20260910,-0.000329300176589344,,0,1
annual_quarter_half,3216,2024-04-26,2024-05-13,0.0172434956786644,2024,2024-03-31,native_mse,20260911,0.0032607395660009244,,1,1
annual_quarter_half,3216,2024-04-26,2024-05-13,0.0172434956786644,2024,2024-03-31,native_mse,20260912,-0.0010206207394250163,,0,1
annual_quarter_half,3216,2024-04-26,2024-05-13,0.0172434956786644,2024,2024-03-31,training_frequency,-1,0.4962748344370861,0.4962748344370861,0,1
annual_quarter_half,3223,2024-05-10,2024-05-20,0.0097933549988344,2024,2024-03-31,learned_market,20260910,0.4059659013961095,0.4059659013961095,0,1
annual_quarter_half,3223,2024-05-10,2024-05-20,0.0097933549988344,2024,2024-03-31,learned_market,20260911,0.2635993267956856,0.2635993267956856,0,1
annual_quarter_half,3223,2024-05-10,2024-05-20,0.0097933549988344,2024,2024-03-31,learned_market,20260912,0.23167294035650543,0.23167294035650543,0,1
annual_quarter_half,3223,2024-05-10,2024-05-20,0.0097933549988344,2024,2024-03-31,learned_order_extension,20260910,0.4571084471949711,0.4571084471949711,0,1
annual_quarter_half,3223,2024-05-10,2024-05-20,0.0097933549988344,2024,2024-03-31,learned_order_extension,20260911,0.31840215251304754,0.31840215251304754,0,1
annual_quarter_half,3223,2024-05-10,2024-05-20,0.0097933549988344,2024,2024-03-31,learned_order_extension,20260912,0.3139587186273054,0.3139587186273054,0,1
annual_quarter_half,3223,2024-05-10,2024-05-20,0.0097933549988344,2024,2024-03-31,learned_order_offset,20260910,0.457530440801817,0.457530440801817,0,1
annual_quarter_half,3223,2024-05-10,2024-05-20,0.0097933549988344,2024,2024-03-31,learned_order_offset,20260911,0.3196866780237258,0.3196866780237258,0,1
annual_quarter_half,3223,2024-05-10,2024-05-20,0.0097933549988344,2024,2024-03-31,learned_order_offset,20260912,0.3149776104876504,0.3149776104876504,0,1
annual_quarter_half,3223,2024-05-10,2024-05-20,0.0097933549988344,2024,2024-03-31,learned_vol_interaction,20260910,0.397397726769994,0.397397726769994,0,1
annual_quarter_half,3223,2024-05-10,2024-05-20,0.0097933549988344,2024,2024-03-31,learned_vol_interaction,20260911,0.2591448676440652,0.2591448676440652,0,1
annual_quarter_half,3223,2024-05-10,2024-05-20,0.0097933549988344,2024,2024-03-31,learned_vol_interaction,20260912,0.23130123050940474,0.23130123050940474,0,1
annual_quarter_half,3223,2024-05-10,2024-05-20,0.0097933549988344,2024,2024-03-31,native_mse,20260910,-5.3232346842179714e-05,,0,1
annual_quarter_half,3223,2024-05-10,2024-05-20,0.0097933549988344,2024,2024-03-31,native_mse,20260911,-0.005601955009612298,,0,1
annual_quarter_half,3223,2024-05-10,2024-05-20,0.0097933549988344,2024,2024-03-31,native_mse,20260912,-0.002433507772889545,,0,1
annual_quarter_half,3223,2024-05-10,2024-05-20,0.0097933549988344,2024,2024-03-31,training_frequency,-1,0.4962748344370861,0.4962748344370861,0,1
annual_quarter_half,3228,2024-05-17,2024-05-27,-0.0204803832637164,2024,2024-03-31,learned_market,20260910,0.37753796532010053,0.37753796532010053,0,0
annual_quarter_half,3228,2024-05-17,2024-05-27,-0.0204803832637164,2024,2024-03-31,learned_market,20260911,0.3299731007833004,0.3299731007833004,0,0
annual_quarter_half,3228,2024-05-17,2024-05-27,-0.0204803832637164,2024,2024-03-31,learned_market,20260912,0.2255678113169194,0.2255678113169194,0,0
annual_quarter_half,3228,2024-05-17,2024-05-27,-0.0204803832637164,2024,2024-03-31,learned_order_extension,20260910,0.4540470471841995,0.4540470471841995,0,0
annual_quarter_half,3228,2024-05-17,2024-05-27,-0.0204803832637164,2024,2024-03-31,learned_order_extension,20260911,0.36613948954265474,0.36613948954265474,0,0
annual_quarter_half,3228,2024-05-17,2024-05-27,-0.0204803832637164,2024,2024-03-31,learned_order_extension,20260912,0.29324427032580236,0.29324427032580236,0,0
annual_quarter_half,3228,2024-05-17,2024-05-27,-0.0204803832637164,2024,2024-03-31,learned_order_offset,20260910,0.45482164032400507,0.45482164032400507,0,0
annual_quarter_half,3228,2024-05-17,2024-05-27,-0.0204803832637164,2024,2024-03-31,learned_order_offset,20260911,0.3672860792150008,0.3672860792150008,0,0
annual_quarter_half,3228,2024-05-17,2024-05-27,-0.0204803832637164,2024,2024-03-31,learned_order_offset,20260912,0.29530048890737964,0.29530048890737964,0,0
annual_quarter_half,3228,2024-05-17,2024-05-27,-0.0204803832637164,2024,2024-03-31,learned_vol_interaction,20260910,0.38138106574133934,0.38138106574133934,0,0
annual_quarter_half,3228,2024-05-17,2024-05-27,-0.0204803832637164,2024,2024-03-31,learned_vol_interaction,20260911,0.32692921857680907,0.32692921857680907,0,0
annual_quarter_half,3228,2024-05-17,2024-05-27,-0.0204803832637164,2024,2024-03-31,learned_vol_interaction,20260912,0.22025006850084516,0.22025006850084516,0,0
annual_quarter_half,3228,2024-05-17,2024-05-27,-0.0204803832637164,2024,2024-03-31,native_mse,20260910,0.0017737744160054457,,1,0
annual_quarter_half,3228,2024-05-17,2024-05-27,-0.0204803832637164,2024,2024-03-31,native_mse,20260911,-0.0028856924424630667,,0,0
annual_quarter_half,3228,2024-05-17,2024-05-27,-0.0204803832637164,2024,2024-03-31,native_mse,20260912,-0.002644976160044952,,0,0
annual_quarter_half,3228,2024-05-17,2024-05-27,-0.0204803832637164,2024,2024-03-31,training_frequency,-1,0.4962748344370861,0.4962748344370861,0,0
annual_quarter_half,3233,2024-05-24,2024-06-03,-0.0081155643048258,2024,2024-03-31,learned_market,20260910,0.37875502440630554,0.37875502440630554,0,0
annual_quarter_half,3233,2024-05-24,2024-06-03,-0.0081155643048258,2024,2024-03-31,learned_market,20260911,0.3617719963422161,0.3617719963422161,0,0
annual_quarter_half,3233,2024-05-24,2024-06-03,-0.0081155643048258,2024,2024-03-31,learned_market,20260912,0.24692390434924733,0.24692390434924733,0,0
annual_quarter_half,3233,2024-05-24,2024-06-03,-0.0081155643048258,2024,2024-03-31,learned_order_extension,20260910,0.4217383073032184,0.4217383073032184,0,0
annual_quarter_half,3233,2024-05-24,2024-06-03,-0.0081155643048258,2024,2024-03-31,learned_order_extension,20260911,0.38856825104863296,0.38856825104863296,0,0
annual_quarter_half,3233,2024-05-24,2024-06-03,-0.0081155643048258,2024,2024-03-31,learned_order_extension,20260912,0.3019400394688104,0.3019400394688104,0,0
annual_quarter_half,3233,2024-05-24,2024-06-03,-0.0081155643048258,2024,2024-03-31,learned_order_offset,20260910,0.4228554430905925,0.4228554430905925,0,0
annual_quarter_half,3233,2024-05-24,2024-06-03,-0.0081155643048258,2024,2024-03-31,learned_order_offset,20260911,0.3885049765853933,0.3885049765853933,0,0
annual_quarter_half,3233,2024-05-24,2024-06-03,-0.0081155643048258,2024,2024-03-31,learned_order_offset,20260912,0.30429685017365815,0.30429685017365815,0,0
annual_quarter_half,3233,2024-05-24,2024-06-03,-0.0081155643048258,2024,2024-03-31,learned_vol_interaction,20260910,0.3812426315074198,0.3812426315074198,0,0
annual_quarter_half,3233,2024-05-24,2024-06-03,-0.0081155643048258,2024,2024-03-31,learned_vol_interaction,20260911,0.36053295205404956,0.36053295205404956,0,0
annual_quarter_half,3233,2024-05-24,2024-06-03,-0.0081155643048258,2024,2024-03-31,learned_vol_interaction,20260912,0.24111592872087081,0.24111592872087081,0,0
annual_quarter_half,3233,2024-05-24,2024-06-03,-0.0081155643048258,2024,2024-03-31,native_mse,20260910,0.001881127567411997,,1,0
annual_quarter_half,3233,2024-05-24,2024-06-03,-0.0081155643048258,2024,2024-03-31,native_mse,20260911,-0.004729011808479997,,0,0
annual_quarter_half,3233,2024-05-24,2024-06-03,-0.0081155643048258,2024,2024-03-31,native_mse,20260912,-0.0029258977447589856,,0,0
annual_quarter_half,3233,2024-05-24,2024-06-03,-0.0081155643048258,2024,2024-03-31,training_frequency,-1,0.4962748344370861,0.4962748344370861,0,0
annual_quarter_half,3238,2024-05-31,2024-06-11,-0.0060267570121149,2024,2024-03-31,learned_market,20260910,0.4183868564367897,0.4183868564367897,0,0
annual_quarter_half,3238,2024-05-31,2024-06-11,-0.0060267570121149,2024,2024-03-31,learned_market,20260911,0.43365619391084564,0.43365619391084564,0,0
annual_quarter_half,3238,2024-05-31,2024-06-11,-0.0060267570121149,2024,2024-03-31,learned_market,20260912,0.3316325046684089,0.3316325046684089,0,0
annual_quarter_half,3238,2024-05-31,2024-06-11,-0.0060267570121149,2024,2024-03-31,learned_order_extension,20260910,0.4337099339015187,0.4337099339015187,0,0
annual_quarter_half,3238,2024-05-31,2024-06-11,-0.0060267570121149,2024,2024-03-31,learned_order_extension,20260911,0.45587124421604397,0.45587124421604397,0,0
annual_quarter_half,3238,2024-05-31,2024-06-11,-0.0060267570121149,2024,2024-03-31,learned_order_extension,20260912,0.3549224515893896,0.3549224515893896,0,0
annual_quarter_half,3238,2024-05-31,2024-06-11,-0.0060267570121149,2024,2024-03-31,learned_order_offset,20260910,0.4341344353366946,0.4341344353366946,0,0
annual_quarter_half,3238,2024-05-31,2024-06-11,-0.0060267570121149,2024,2024-03-31,learned_order_offset,20260911,0.45537395152383775,0.45537395152383775,0,0
annual_quarter_half,3238,2024-05-31,2024-06-11,-0.0060267570121149,2024,2024-03-31,learned_order_offset,20260912,0.35670423960718967,0.35670423960718967,0,0
annual_quarter_half,3238,2024-05-31,2024-06-11,-0.0060267570121149,2024,2024-03-31,learned_vol_interaction,20260910,0.4193499610507534,0.4193499610507534,0,0
annual_quarter_half,3238,2024-05-31,2024-06-11,-0.0060267570121149,2024,2024-03-31,learned_vol_interaction,20260911,0.4344483744804635,0.4344483744804635,0,0
annual_quarter_half,3238,2024-05-31,2024-06-11,-0.0060267570121149,2024,2024-03-31,learned_vol_interaction,20260912,0.3277080385061012,0.3277080385061012,0,0
annual_quarter_half,3238,2024-05-31,2024-06-11,-0.0060267570121149,2024,2024-03-31,native_mse,20260910,0.0018691295969296157,,1,0
annual_quarter_half,3238,2024-05-31,2024-06-11,-0.0060267570121149,2024,2024-03-31,native_mse,20260911,-0.0021264431738908973,,0,0
annual_quarter_half,3238,2024-05-31,2024-06-11,-0.0060267570121149,2024,2024-03-31,native_mse,20260912,-0.0008594539861393542,,0,0
annual_quarter_half,3238,2024-05-31,2024-06-11,-0.0060267570121149,2024,2024-03-31,training_frequency,-1,0.4962748344370861,0.4962748344370861,0,0
annual_quarter_half,3243,2024-06-07,2024-06-17,-0.0096686558937179,2024,2024-03-31,learned_market,20260910,0.48695085821425316,0.48695085821425316,0,0
annual_quarter_half,3243,2024-06-07,2024-06-17,-0.0096686558937179,2024,2024-03-31,learned_market,20260911,0.4044158941603322,0.4044158941603322,0,0
annual_quarter_half,3243,2024-06-07,2024-06-17,-0.0096686558937179,2024,2024-03-31,learned_market,20260912,0.30597808397449777,0.30597808397449777,0,0
annual_quarter_half,3243,2024-06-07,2024-06-17,-0.0096686558937179,2024,2024-03-31,learned_order_extension,20260910,0.5168786356962038,0.5168786356962038,1,0
annual_quarter_half,3243,2024-06-07,2024-06-17,-0.0096686558937179,2024,2024-03-31,learned_order_extension,20260911,0.4101329978566465,0.4101329978566465,0,0
annual_quarter_half,3243,2024-06-07,2024-06-17,-0.0096686558937179,2024,2024-03-31,learned_order_extension,20260912,0.32264358829902673,0.32264358829902673,0,0
annual_quarter_half,3243,2024-06-07,2024-06-17,-0.0096686558937179,2024,2024-03-31,learned_order_offset,20260910,0.5170895755726637,0.5170895755726637,1,0
annual_quarter_half,3243,2024-06-07,2024-06-17,-0.0096686558937179,2024,2024-03-31,learned_order_offset,20260911,0.4097522932473192,0.4097522932473192,0,0
annual_quarter_half,3243,2024-06-07,2024-06-17,-0.0096686558937179,2024,2024-03-31,learned_order_offset,20260912,0.3240826101415842,0.3240826101415842,0,0
annual_quarter_half,3243,2024-06-07,2024-06-17,-0.0096686558937179,2024,2024-03-31,learned_vol_interaction,20260910,0.5184956412593849,0.5184956412593849,1,0
annual_quarter_half,3243,2024-06-07,2024-06-17,-0.0096686558937179,2024,2024-03-31,learned_vol_interaction,20260911,0.4027665769583352,0.4027665769583352,0,0
annual_quarter_half,3243,2024-06-07,2024-06-17,-0.0096686558937179,2024,2024-03-31,learned_vol_interaction,20260912,0.2987870649502967,0.2987870649502967,0,0
annual_quarter_half,3243,2024-06-07,2024-06-17,-0.0096686558937179,2024,2024-03-31,native_mse,20260910,0.003555188827026146,,1,0
annual_quarter_half,3243,2024-06-07,2024-06-17,-0.0096686558937179,2024,2024-03-31,native_mse,20260911,-0.002919963147605711,,0,0
annual_quarter_half,3243,2024-06-07,2024-06-17,-0.0096686558937179,2024,2024-03-31,native_mse,20260912,-0.0023132292502331636,,0,0
annual_quarter_half,3243,2024-06-07,2024-06-17,-0.0096686558937179,2024,2024-03-31,training_frequency,-1,0.4962748344370861,0.4962748344370861,0,0
annual_quarter_half,3247,2024-06-14,2024-06-24,-0.013573992457631,2024,2024-03-31,learned_market,20260910,0.532300692477732,0.532300692477732,1,0
annual_quarter_half,3247,2024-06-14,2024-06-24,-0.013573992457631,2024,2024-03-31,learned_market,20260911,0.5900478149052969,0.5900478149052969,1,0
annual_quarter_half,3247,2024-06-14,2024-06-24,-0.013573992457631,2024,2024-03-31,learned_market,20260912,0.5891217521669666,0.5891217521669666,1,0
annual_quarter_half,3247,2024-06-14,2024-06-24,-0.013573992457631,2024,2024-03-31,learned_order_extension,20260910,0.5689640553236325,0.5689640553236325,1,0
annual_quarter_half,3247,2024-06-14,2024-06-24,-0.013573992457631,2024,2024-03-31,learned_order_extension,20260911,0.6022810608203324,0.6022810608203324,1,0
annual_quarter_half,3247,2024-06-14,2024-06-24,-0.013573992457631,2024,2024-03-31,learned_order_extension,20260912,0.5901193270316388,0.5901193270316388,1,0
annual_quarter_half,3247,2024-06-14,2024-06-24,-0.013573992457631,2024,2024-03-31,learned_order_offset,20260910,0.5690556296604512,0.5690556296604512,1,0
annual_quarter_half,3247,2024-06-14,2024-06-24,-0.013573992457631,2024,2024-03-31,learned_order_offset,20260911,0.6017874993269892,0.6017874993269892,1,0
annual_quarter_half,3247,2024-06-14,2024-06-24,-0.013573992457631,2024,2024-03-31,learned_order_offset,20260912,0.5901177127674224,0.5901177127674224,1,0
annual_quarter_half,3247,2024-06-14,2024-06-24,-0.013573992457631,2024,2024-03-31,learned_vol_interaction,20260910,0.5658356678144602,0.5658356678144602,1,0
annual_quarter_half,3247,2024-06-14,2024-06-24,-0.013573992457631,2024,2024-03-31,learned_vol_interaction,20260911,0.596877015991552,0.596877015991552,1,0
annual_quarter_half,3247,2024-06-14,2024-06-24,-0.013573992457631,2024,2024-03-31,learned_vol_interaction,20260912,0.5895189337204166,0.5895189337204166,1,0
annual_quarter_half,3247,2024-06-14,2024-06-24,-0.013573992457631,2024,2024-03-31,native_mse,20260910,0.004259384013365205,,1,0
annual_quarter_half,3247,2024-06-14,2024-06-24,-0.013573992457631,2024,2024-03-31,native_mse,20260911,0.0023429997755791583,,1,0
annual_quarter_half,3247,2024-06-14,2024-06-24,-0.013573992457631,2024,2024-03-31,native_mse,20260912,0.005498389880686162,,1,0
annual_quarter_half,3247,2024-06-14,2024-06-24,-0.013573992457631,2024,2024-03-31,training_frequency,-1,0.4962748344370861,0.4962748344370861,0,0
annual_quarter_half,3252,2024-06-21,2024-07-01,-0.004427632109257,2024,2024-03-31,learned_market,20260910,0.4177454379475391,0.4177454379475391,0,0
annual_quarter_half,3252,2024-06-21,2024-07-01,-0.004427632109257,2024,2024-03-31,learned_market,20260911,0.5536949378647975,0.5536949378647975,1,0
annual_quarter_half,3252,2024-06-21,2024-07-01,-0.004427632109257,2024,2024-03-31,learned_market,20260912,0.5832018186453587,0.5832018186453587,1,0
annual_quarter_half,3252,2024-06-21,2024-07-01,-0.004427632109257,2024,2024-03-31,learned_order_extension,20260910,0.44567407607734927,0.44567407607734927,0,0
annual_quarter_half,3252,2024-06-21,2024-07-01,-0.004427632109257,2024,2024-03-31,learned_order_extension,20260911,0.5742881852705579,0.5742881852705579,1,0
annual_quarter_half,3252,2024-06-21,2024-07-01,-0.004427632109257,2024,2024-03-31,learned_order_extension,20260912,0.5901593729503479,0.5901593729503479,1,0
annual_quarter_half,3252,2024-06-21,2024-07-01,-0.004427632109257,2024,2024-03-31,learned_order_offset,20260910,0.4461907158127799,0.4461907158127799,0,0
annual_quarter_half,3252,2024-06-21,2024-07-01,-0.004427632109257,2024,2024-03-31,learned_order_offset,20260911,0.5740467495758049,0.5740467495758049,1,0
annual_quarter_half,3252,2024-06-21,2024-07-01,-0.004427632109257,2024,2024-03-31,learned_order_offset,20260912,0.5894397846347881,0.5894397846347881,1,0
annual_quarter_half,3252,2024-06-21,2024-07-01,-0.004427632109257,2024,2024-03-31,learned_vol_interaction,20260910,0.4305875133448063,0.4305875133448063,0,0
annual_quarter_half,3252,2024-06-21,2024-07-01,-0.004427632109257,2024,2024-03-31,learned_vol_interaction,20260911,0.5616221451478315,0.5616221451478315,1,0
annual_quarter_half,3252,2024-06-21,2024-07-01,-0.004427632109257,2024,2024-03-31,learned_vol_interaction,20260912,0.5906686640371338,0.5906686640371338,1,0
annual_quarter_half,3252,2024-06-21,2024-07-01,-0.004427632109257,2024,2024-03-31,native_mse,20260910,0.0005395746866469903,,1,0
annual_quarter_half,3252,2024-06-21,2024-07-01,-0.004427632109257,2024,2024-03-31,native_mse,20260911,0.0019387935315993655,,1,0
annual_quarter_half,3252,2024-06-21,2024-07-01,-0.004427632109257,2024,2024-03-31,native_mse,20260912,0.0045314166036516034,,1,0
annual_quarter_half,3252,2024-06-21,2024-07-01,-0.004427632109257,2024,2024-03-31,training_frequency,-1,0.4962748344370861,0.4962748344370861,0,0
annual_quarter_half,3257,2024-06-28,2024-07-08,-0.0108320369203009,2024,2024-03-31,learned_market,20260910,0.49556034946593686,0.49556034946593686,0,0
annual_quarter_half,3257,2024-06-28,2024-07-08,-0.0108320369203009,2024,2024-03-31,learned_market,20260911,0.6246575154196798,0.6246575154196798,1,0
annual_quarter_half,3257,2024-06-28,2024-07-08,-0.0108320369203009,2024,2024-03-31,learned_market,20260912,0.601835700755915,0.601835700755915,1,0
annual_quarter_half,3257,2024-06-28,2024-07-08,-0.0108320369203009,2024,2024-03-31,learned_order_extension,20260910,0.5111524067196573,0.5111524067196573,1,0
annual_quarter_half,3257,2024-06-28,2024-07-08,-0.0108320369203009,2024,2024-03-31,learned_order_extension,20260911,0.6328738936215514,0.6328738936215514,1,0
annual_quarter_half,3257,2024-06-28,2024-07-08,-0.0108320369203009,2024,2024-03-31,learned_order_extension,20260912,0.6137620859766968,0.6137620859766968,1,0
annual_quarter_half,3257,2024-06-28,2024-07-08,-0.0108320369203009,2024,2024-03-31,learned_order_offset,20260910,0.5109373904435054,0.5109373904435054,1,0
annual_quarter_half,3257,2024-06-28,2024-07-08,-0.0108320369203009,2024,2024-03-31,learned_order_offset,20260911,0.6325974668639835,0.6325974668639835,1,0
annual_quarter_half,3257,2024-06-28,2024-07-08,-0.0108320369203009,2024,2024-03-31,learned_order_offset,20260912,0.614571693307967,0.614571693307967,1,0
annual_quarter_half,3257,2024-06-28,2024-07-08,-0.0108320369203009,2024,2024-03-31,learned_vol_interaction,20260910,0.5090753972689447,0.5090753972689447,1,0
annual_quarter_half,3257,2024-06-28,2024-07-08,-0.0108320369203009,2024,2024-03-31,learned_vol_interaction,20260911,0.6332109433237576,0.6332109433237576,1,0
annual_quarter_half,3257,2024-06-28,2024-07-08,-0.0108320369203009,2024,2024-03-31,learned_vol_interaction,20260912,0.6046460850463786,0.6046460850463786,1,0
annual_quarter_half,3257,2024-06-28,2024-07-08,-0.0108320369203009,2024,2024-03-31,native_mse,20260910,0.0016449786434468937,,1,0
annual_quarter_half,3257,2024-06-28,2024-07-08,-0.0108320369203009,2024,2024-03-31,native_mse,20260911,0.0049531581181648755,,1,0
annual_quarter_half,3257,2024-06-28,2024-07-08,-0.0108320369203009,2024,2024-03-31,native_mse,20260912,0.005268252921188788,,1,0
annual_quarter_half,3257,2024-06-28,2024-07-08,-0.0108320369203009,2024,2024-03-31,training_frequency,-1,0.4962748344370861,0.4962748344370861,0,0
annual_quarter_half,3262,2024-07-05,2024-07-15,0.0122222871842843,2024,2024-06-30,learned_market,20260910,0.4450323447603599,0.4450323447603599,0,1
annual_quarter_half,3262,2024-07-05,2024-07-15,0.0122222871842843,2024,2024-06-30,learned_market,20260911,0.47526311221784356,0.47526311221784356,0,1
annual_quarter_half,3262,2024-07-05,2024-07-15,0.0122222871842843,2024,2024-06-30,learned_market,20260912,0.49328235045392255,0.49328235045392255,0,1
annual_quarter_half,3262,2024-07-05,2024-07-15,0.0122222871842843,2024,2024-06-30,learned_order_extension,20260910,0.4671228414058084,0.4671228414058084,0,1
annual_quarter_half,3262,2024-07-05,2024-07-15,0.0122222871842843,2024,2024-06-30,learned_order_extension,20260911,0.4851426502100946,0.4851426502100946,0,1
annual_quarter_half,3262,2024-07-05,2024-07-15,0.0122222871842843,2024,2024-06-30,learned_order_extension,20260912,0.5084321562970713,0.5084321562970713,1,1
annual_quarter_half,3262,2024-07-05,2024-07-15,0.0122222871842843,2024,2024-06-30,learned_order_offset,20260910,0.4675490951134057,0.4675490951134057,0,1
annual_quarter_half,3262,2024-07-05,2024-07-15,0.0122222871842843,2024,2024-06-30,learned_order_offset,20260911,0.4845364345195309,0.4845364345195309,0,1
annual_quarter_half,3262,2024-07-05,2024-07-15,0.0122222871842843,2024,2024-06-30,learned_order_offset,20260912,0.508422719389564,0.508422719389564,1,1
annual_quarter_half,3262,2024-07-05,2024-07-15,0.0122222871842843,2024,2024-06-30,learned_vol_interaction,20260910,0.4693254102410803,0.4693254102410803,0,1
annual_quarter_half,3262,2024-07-05,2024-07-15,0.0122222871842843,2024,2024-06-30,learned_vol_interaction,20260911,0.4811531098055772,0.4811531098055772,0,1
annual_quarter_half,3262,2024-07-05,2024-07-15,0.0122222871842843,2024,2024-06-30,learned_vol_interaction,20260912,0.4926790305862857,0.4926790305862857,0,1
annual_quarter_half,3262,2024-07-05,2024-07-15,0.0122222871842843,2024,2024-06-30,native_mse,20260910,0.0017907905043089143,,1,1
annual_quarter_half,3262,2024-07-05,2024-07-15,0.0122222871842843,2024,2024-06-30,native_mse,20260911,0.002429227007210065,,1,1
annual_quarter_half,3262,2024-07-05,2024-07-15,0.0122222871842843,2024,2024-06-30,native_mse,20260912,0.00032494335328819634,,1,1
annual_quarter_half,3262,2024-07-05,2024-07-15,0.0122222871842843,2024,2024-06-30,training_frequency,-1,0.4931638428153651,0.4931638428153651,0,1
annual_quarter_half,3267,2024-07-12,2024-07-22,0.0218881133018156,2024,2024-06-30,learned_market,20260910,0.4639394586218135,0.4639394586218135,0,1
annual_quarter_half,3267,2024-07-12,2024-07-22,0.0218881133018156,2024,2024-06-30,learned_market,20260911,0.5379383717314744,0.5379383717314744,1,1
annual_quarter_half,3267,2024-07-12,2024-07-22,0.0218881133018156,2024,2024-06-30,learned_market,20260912,0.5257382660633307,0.5257382660633307,1,1
annual_quarter_half,3267,2024-07-12,2024-07-22,0.0218881133018156,2024,2024-06-30,learned_order_extension,20260910,0.47265286959185626,0.47265286959185626,0,1
annual_quarter_half,3267,2024-07-12,2024-07-22,0.0218881133018156,2024,2024-06-30,learned_order_extension,20260911,0.559936081811411,0.559936081811411,1,1
annual_quarter_half,3267,2024-07-12,2024-07-22,0.0218881133018156,2024,2024-06-30,learned_order_extension,20260912,0.5354244105174328,0.5354244105174328,1,1
annual_quarter_half,3267,2024-07-12,2024-07-22,0.0218881133018156,2024,2024-06-30,learned_order_offset,20260910,0.47277333855897186,0.47277333855897186,0,1
annual_quarter_half,3267,2024-07-12,2024-07-22,0.0218881133018156,2024,2024-06-30,learned_order_offset,20260911,0.5583017661909797,0.5583017661909797,1,1
annual_quarter_half,3267,2024-07-12,2024-07-22,0.0218881133018156,2024,2024-06-30,learned_order_offset,20260912,0.5355292849741558,0.5355292849741558,1,1
annual_quarter_half,3267,2024-07-12,2024-07-22,0.0218881133018156,2024,2024-06-30,learned_vol_interaction,20260910,0.47830527202611783,0.47830527202611783,0,1
annual_quarter_half,3267,2024-07-12,2024-07-22,0.0218881133018156,2024,2024-06-30,learned_vol_interaction,20260911,0.5445002913493047,0.5445002913493047,1,1
annual_quarter_half,3267,2024-07-12,2024-07-22,0.0218881133018156,2024,2024-06-30,learned_vol_interaction,20260912,0.52928669279548,0.52928669279548,1,1
annual_quarter_half,3267,2024-07-12,2024-07-22,0.0218881133018156,2024,2024-06-30,native_mse,20260910,-0.00020357339553768808,,0,1
annual_quarter_half,3267,2024-07-12,2024-07-22,0.0218881133018156,2024,2024-06-30,native_mse,20260911,0.005858940132131956,,1,1
annual_quarter_half,3267,2024-07-12,2024-07-22,0.0218881133018156,2024,2024-06-30,native_mse,20260912,0.0005198628677443651,,1,1
annual_quarter_half,3267,2024-07-12,2024-07-22,0.0218881133018156,2024,2024-06-30,training_frequency,-1,0.4931638428153651,0.4931638428153651,0,1
annual_quarter_half,3272,2024-07-19,2024-07-29,-0.0378787022382998,2024,2024-06-30,learned_market,20260910,0.45707400785078445,0.45707400785078445,0,0
annual_quarter_half,3272,2024-07-19,2024-07-29,-0.0378787022382998,2024,2024-06-30,learned_market,20260911,0.3803387460856371,0.3803387460856371,0,0
annual_quarter_half,3272,2024-07-19,2024-07-29,-0.0378787022382998,2024,2024-06-30,learned_market,20260912,0.4414714009184969,0.4414714009184969,0,0
annual_quarter_half,3272,2024-07-19,2024-07-29,-0.0378787022382998,2024,2024-06-30,learned_order_extension,20260910,0.4572920999910851,0.4572920999910851,0,0
annual_quarter_half,3272,2024-07-19,2024-07-29,-0.0378787022382998,2024,2024-06-30,learned_order_extension,20260911,0.39482155775972017,0.39482155775972017,0,0
annual_quarter_half,3272,2024-07-19,2024-07-29,-0.0378787022382998,2024,2024-06-30,learned_order_extension,20260912,0.4566316721425876,0.4566316721425876,0,0
annual_quarter_half,3272,2024-07-19,2024-07-29,-0.0378787022382998,2024,2024-06-30,learned_order_offset,20260910,0.4576661195233653,0.4576661195233653,0,0
annual_quarter_half,3272,2024-07-19,2024-07-29,-0.0378787022382998,2024,2024-06-30,learned_order_offset,20260911,0.3942577101262819,0.3942577101262819,0,0
annual_quarter_half,3272,2024-07-19,2024-07-29,-0.0378787022382998,2024,2024-06-30,learned_order_offset,20260912,0.4573034478331803,0.4573034478331803,0,0
annual_quarter_half,3272,2024-07-19,2024-07-29,-0.0378787022382998,2024,2024-06-30,learned_vol_interaction,20260910,0.47327130197398204,0.47327130197398204,0,0
annual_quarter_half,3272,2024-07-19,2024-07-29,-0.0378787022382998,2024,2024-06-30,learned_vol_interaction,20260911,0.37977660958065207,0.37977660958065207,0,0
annual_quarter_half,3272,2024-07-19,2024-07-29,-0.0378787022382998,2024,2024-06-30,learned_vol_interaction,20260912,0.431501889713393,0.431501889713393,0,0
annual_quarter_half,3272,2024-07-19,2024-07-29,-0.0378787022382998,2024,2024-06-30,native_mse,20260910,0.00030998841368917995,,1,0
annual_quarter_half,3272,2024-07-19,2024-07-29,-0.0378787022382998,2024,2024-06-30,native_mse,20260911,-0.0007848611230355956,,0,0
annual_quarter_half,3272,2024-07-19,2024-07-29,-0.0378787022382998,2024,2024-06-30,native_mse,20260912,0.0008686309826272433,,1,0
annual_quarter_half,3272,2024-07-19,2024-07-29,-0.0378787022382998,2024,2024-06-30,training_frequency,-1,0.4931638428153651,0.4931638428153651,0,0
annual_quarter_half,3277,2024-07-26,2024-08-05,-0.0124134568216732,2024,2024-06-30,learned_market,20260910,0.5099839277258971,0.5099839277258971,1,0
annual_quarter_half,3277,2024-07-26,2024-08-05,-0.0124134568216732,2024,2024-06-30,learned_market,20260911,0.407487851658644,0.407487851658644,0,0
annual_quarter_half,3277,2024-07-26,2024-08-05,-0.0124134568216732,2024,2024-06-30,learned_market,20260912,0.544024449499849,0.544024449499849,1,0
annual_quarter_half,3277,2024-07-26,2024-08-05,-0.0124134568216732,2024,2024-06-30,learned_order_extension,20260910,0.5293199216955111,0.5293199216955111,1,0
annual_quarter_half,3277,2024-07-26,2024-08-05,-0.0124134568216732,2024,2024-06-30,learned_order_extension,20260911,0.4310895811585139,0.4310895811585139,0,0
annual_quarter_half,3277,2024-07-26,2024-08-05,-0.0124134568216732,2024,2024-06-30,learned_order_extension,20260912,0.5567851114713116,0.5567851114713116,1,0
annual_quarter_half,3277,2024-07-26,2024-08-05,-0.0124134568216732,2024,2024-06-30,learned_order_offset,20260910,0.5293647566029657,0.5293647566029657,1,0
annual_quarter_half,3277,2024-07-26,2024-08-05,-0.0124134568216732,2024,2024-06-30,learned_order_offset,20260911,0.43085729452639265,0.43085729452639265,0,0
annual_quarter_half,3277,2024-07-26,2024-08-05,-0.0124134568216732,2024,2024-06-30,learned_order_offset,20260912,0.5563665746893984,0.5563665746893984,1,0
annual_quarter_half,3277,2024-07-26,2024-08-05,-0.0124134568216732,2024,2024-06-30,learned_vol_interaction,20260910,0.5217742307536295,0.5217742307536295,1,0
annual_quarter_half,3277,2024-07-26,2024-08-05,-0.0124134568216732,2024,2024-06-30,learned_vol_interaction,20260911,0.40658651080656416,0.40658651080656416,0,0
annual_quarter_half,3277,2024-07-26,2024-08-05,-0.0124134568216732,2024,2024-06-30,learned_vol_interaction,20260912,0.5455533730636462,0.5455533730636462,1,0
annual_quarter_half,3277,2024-07-26,2024-08-05,-0.0124134568216732,2024,2024-06-30,native_mse,20260910,0.0008115575865591017,,1,0
annual_quarter_half,3277,2024-07-26,2024-08-05,-0.0124134568216732,2024,2024-06-30,native_mse,20260911,-0.001623548602600357,,0,0
annual_quarter_half,3277,2024-07-26,2024-08-05,-0.0124134568216732,2024,2024-06-30,native_mse,20260912,0.001243956874189745,,1,0
annual_quarter_half,3277,2024-07-26,2024-08-05,-0.0124134568216732,2024,2024-06-30,training_frequency,-1,0.4931638428153651,0.4931638428153651,0,0
annual_quarter_half,3282,2024-08-02,2024-08-12,-0.0102762848330364,2024,2024-06-30,learned_market,20260910,0.48226591799891905,0.48226591799891905,0,0
annual_quarter_half,3282,2024-08-02,2024-08-12,-0.0102762848330364,2024,2024-06-30,learned_market,20260911,0.3650268836027345,0.3650268836027345,0,0
annual_quarter_half,3282,2024-08-02,2024-08-12,-0.0102762848330364,2024,2024-06-30,learned_market,20260912,0.5771499982624937,0.5771499982624937,1,0
annual_quarter_half,3282,2024-08-02,2024-08-12,-0.0102762848330364,2024,2024-06-30,learned_order_extension,20260910,0.4986341880111199,0.4986341880111199,0,0
annual_quarter_half,3282,2024-08-02,2024-08-12,-0.0102762848330364,2024,2024-06-30,learned_order_extension,20260911,0.389847415066341,0.389847415066341,0,0
annual_quarter_half,3282,2024-08-02,2024-08-12,-0.0102762848330364,2024,2024-06-30,learned_order_extension,20260912,0.5899577502666824,0.5899577502666824,1,0
annual_quarter_half,3282,2024-08-02,2024-08-12,-0.0102762848330364,2024,2024-06-30,learned_order_offset,20260910,0.49900177943416024,0.49900177943416024,0,0
annual_quarter_half,3282,2024-08-02,2024-08-12,-0.0102762848330364,2024,2024-06-30,learned_order_offset,20260911,0.38991600438535423,0.38991600438535423,0,0
annual_quarter_half,3282,2024-08-02,2024-08-12,-0.0102762848330364,2024,2024-06-30,learned_order_offset,20260912,0.5898320314243601,0.5898320314243601,1,0
annual_quarter_half,3282,2024-08-02,2024-08-12,-0.0102762848330364,2024,2024-06-30,learned_vol_interaction,20260910,0.4894450661551021,0.4894450661551021,0,0
annual_quarter_half,3282,2024-08-02,2024-08-12,-0.0102762848330364,2024,2024-06-30,learned_vol_interaction,20260911,0.36455058509432664,0.36455058509432664,0,0
annual_quarter_half,3282,2024-08-02,2024-08-12,-0.0102762848330364,2024,2024-06-30,learned_vol_interaction,20260912,0.5766471884010784,0.5766471884010784,1,0
annual_quarter_half,3282,2024-08-02,2024-08-12,-0.0102762848330364,2024,2024-06-30,native_mse,20260910,0.0007885713555073025,,1,0
annual_quarter_half,3282,2024-08-02,2024-08-12,-0.0102762848330364,2024,2024-06-30,native_mse,20260911,-0.0027099035779370277,,0,0
annual_quarter_half,3282,2024-08-02,2024-08-12,-0.0102762848330364,2024,2024-06-30,native_mse,20260912,0.0013207567152908172,,1,0
annual_quarter_half,3282,2024-08-02,2024-08-12,-0.0102762848330364,2024,2024-06-30,training_frequency,-1,0.4931638428153651,0.4931638428153651,0,0
annual_quarter_half,3287,2024-08-09,2024-08-19,0.0050186923751938,2024,2024-06-30,learned_market,20260910,0.4997124354815463,0.4997124354815463,0,1
annual_quarter_half,3287,2024-08-09,2024-08-19,0.0050186923751938,2024,2024-06-30,learned_market,20260911,0.38599430002078794,0.38599430002078794,0,1
annual_quarter_half,3287,2024-08-09,2024-08-19,0.0050186923751938,2024,2024-06-30,learned_market,20260912,0.49758590637444244,0.49758590637444244,0,1
annual_quarter_half,3287,2024-08-09,2024-08-19,0.0050186923751938,2024,2024-06-30,learned_order_extension,20260910,0.5107147573669605,0.5107147573669605,1,1
annual_quarter_half,3287,2024-08-09,2024-08-19,0.0050186923751938,2024,2024-06-30,learned_order_extension,20260911,0.40867578649666136,0.40867578649666136,0,1
annual_quarter_half,3287,2024-08-09,2024-08-19,0.0050186923751938,2024,2024-06-30,learned_order_extension,20260912,0.5169394473210048,0.5169394473210048,1,1
annual_quarter_half,3287,2024-08-09,2024-08-19,0.0050186923751938,2024,2024-06-30,learned_order_offset,20260910,0.5106046960983388,0.5106046960983388,1,1
annual_quarter_half,3287,2024-08-09,2024-08-19,0.0050186923751938,2024,2024-06-30,learned_order_offset,20260911,0.4092187066240044,0.4092187066240044,0,1
annual_quarter_half,3287,2024-08-09,2024-08-19,0.0050186923751938,2024,2024-06-30,learned_order_offset,20260912,0.5180095344588201,0.5180095344588201,1,1
annual_quarter_half,3287,2024-08-09,2024-08-19,0.0050186923751938,2024,2024-06-30,learned_vol_interaction,20260910,0.5072809767041355,0.5072809767041355,1,1
annual_quarter_half,3287,2024-08-09,2024-08-19,0.0050186923751938,2024,2024-06-30,learned_vol_interaction,20260911,0.3856227816158705,0.3856227816158705,0,1
annual_quarter_half,3287,2024-08-09,2024-08-19,0.0050186923751938,2024,2024-06-30,learned_vol_interaction,20260912,0.4949118330397235,0.4949118330397235,0,1
annual_quarter_half,3287,2024-08-09,2024-08-19,0.0050186923751938,2024,2024-06-30,native_mse,20260910,0.00020560738245185926,,1,1
annual_quarter_half,3287,2024-08-09,2024-08-19,0.0050186923751938,2024,2024-06-30,native_mse,20260911,-0.0015460353127015566,,0,1
annual_quarter_half,3287,2024-08-09,2024-08-19,0.0050186923751938,2024,2024-06-30,native_mse,20260912,0.0014161422397813562,,1,1
annual_quarter_half,3287,2024-08-09,2024-08-19,0.0050186923751938,2024,2024-06-30,training_frequency,-1,0.4931638428153651,0.4931638428153651,0,1
annual_quarter_half,3292,2024-08-16,2024-08-26,-0.0040487282687352,2024,2024-06-30,learned_market,20260910,0.3243491791427014,0.3243491791427014,0,0
annual_quarter_half,3292,2024-08-16,2024-08-26,-0.0040487282687352,2024,2024-06-30,learned_market,20260911,0.33389539596088647,0.33389539596088647,0,0
annual_quarter_half,3292,2024-08-16,2024-08-26,-0.0040487282687352,2024,2024-06-30,learned_market,20260912,0.4007208145308081,0.4007208145308081,0,0
annual_quarter_half,3292,2024-08-16,2024-08-26,-0.0040487282687352,2024,2024-06-30,learned_order_extension,20260910,0.32216891247761603,0.32216891247761603,0,0
annual_quarter_half,3292,2024-08-16,2024-08-26,-0.0040487282687352,2024,2024-06-30,learned_order_extension,20260911,0.36059080837316837,0.36059080837316837,0,0
annual_quarter_half,3292,2024-08-16,2024-08-26,-0.0040487282687352,2024,2024-06-30,learned_order_extension,20260912,0.42612609777304356,0.42612609777304356,0,0
annual_quarter_half,3292,2024-08-16,2024-08-26,-0.0040487282687352,2024,2024-06-30,learned_order_offset,20260910,0.3234635897064084,0.3234635897064084,0,0
annual_quarter_half,3292,2024-08-16,2024-08-26,-0.0040487282687352,2024,2024-06-30,learned_order_offset,20260911,0.3620312386841688,0.3620312386841688,0,0
annual_quarter_half,3292,2024-08-16,2024-08-26,-0.0040487282687352,2024,2024-06-30,learned_order_offset,20260912,0.42781572639634113,0.42781572639634113,0,0
annual_quarter_half,3292,2024-08-16,2024-08-26,-0.0040487282687352,2024,2024-06-30,learned_vol_interaction,20260910,0.3145914134355338,0.3145914134355338,0,0
annual_quarter_half,3292,2024-08-16,2024-08-26,-0.0040487282687352,2024,2024-06-30,learned_vol_interaction,20260911,0.33097496071811683,0.33097496071811683,0,0
annual_quarter_half,3292,2024-08-16,2024-08-26,-0.0040487282687352,2024,2024-06-30,learned_vol_interaction,20260912,0.39634382338025953,0.39634382338025953,0,0
annual_quarter_half,3292,2024-08-16,2024-08-26,-0.0040487282687352,2024,2024-06-30,native_mse,20260910,0.0008677663171428432,,1,0
annual_quarter_half,3292,2024-08-16,2024-08-26,-0.0040487282687352,2024,2024-06-30,native_mse,20260911,-0.002888644960769928,,0,0
annual_quarter_half,3292,2024-08-16,2024-08-26,-0.0040487282687352,2024,2024-06-30,native_mse,20260912,0.0005485194259240913,,1,0
annual_quarter_half,3292,2024-08-16,2024-08-26,-0.0040487282687352,2024,2024-06-30,training_frequency,-1,0.4931638428153651,0.4931638428153651,0,0
annual_quarter_half,3297,2024-08-23,2024-09-02,-0.0069594562136714,2024,2024-06-30,learned_market,20260910,0.2637956374883632,0.2637956374883632,0,0
annual_quarter_half,3297,2024-08-23,2024-09-02,-0.0069594562136714,2024,2024-06-30,learned_market,20260911,0.3606127949548652,0.3606127949548652,0,0
annual_quarter_half,3297,2024-08-23,2024-09-02,-0.0069594562136714,2024,2024-06-30,learned_market,20260912,0.3824759433833293,0.3824759433833293,0,0
annual_quarter_half,3297,2024-08-23,2024-09-02,-0.0069594562136714,2024,2024-06-30,learned_order_extension,20260910,0.2529028118344762,0.2529028118344762,0,0
annual_quarter_half,3297,2024-08-23,2024-09-02,-0.0069594562136714,2024,2024-06-30,learned_order_extension,20260911,0.38095222895258907,0.38095222895258907,0,0
annual_quarter_half,3297,2024-08-23,2024-09-02,-0.0069594562136714,2024,2024-06-30,learned_order_extension,20260912,0.43166038576080623,0.43166038576080623,0,0
annual_quarter_half,3297,2024-08-23,2024-09-02,-0.0069594562136714,2024,2024-06-30,learned_order_offset,20260910,0.2544235270141257,0.2544235270141257,0,0
annual_quarter_half,3297,2024-08-23,2024-09-02,-0.0069594562136714,2024,2024-06-30,learned_order_offset,20260911,0.38224138727240875,0.38224138727240875,0,0
annual_quarter_half,3297,2024-08-23,2024-09-02,-0.0069594562136714,2024,2024-06-30,learned_order_offset,20260912,0.4337253973959368,0.4337253973959368,0,0
annual_quarter_half,3297,2024-08-23,2024-09-02,-0.0069594562136714,2024,2024-06-30,learned_vol_interaction,20260910,0.2430678376069145,0.2430678376069145,0,0
annual_quarter_half,3297,2024-08-23,2024-09-02,-0.0069594562136714,2024,2024-06-30,learned_vol_interaction,20260911,0.35779836956300254,0.35779836956300254,0,0
annual_quarter_half,3297,2024-08-23,2024-09-02,-0.0069594562136714,2024,2024-06-30,learned_vol_interaction,20260912,0.37335200092654686,0.37335200092654686,0,0
annual_quarter_half,3297,2024-08-23,2024-09-02,-0.0069594562136714,2024,2024-06-30,native_mse,20260910,-0.0014346320723561793,,0,0
annual_quarter_half,3297,2024-08-23,2024-09-02,-0.0069594562136714,2024,2024-06-30,native_mse,20260911,-0.0019611441051963817,,0,0
annual_quarter_half,3297,2024-08-23,2024-09-02,-0.0069594562136714,2024,2024-06-30,native_mse,20260912,0.001089372307039633,,1,0
annual_quarter_half,3297,2024-08-23,2024-09-02,-0.0069594562136714,2024,2024-06-30,training_frequency,-1,0.4931638428153651,0.4931638428153651,0,0
annual_quarter_half,3302,2024-08-30,2024-09-09,-0.0280389655151561,2024,2024-06-30,learned_market,20260910,0.2257282654436746,0.2257282654436746,0,0
annual_quarter_half,3302,2024-08-30,2024-09-09,-0.0280389655151561,2024,2024-06-30,learned_market,20260911,0.33448322992526625,0.33448322992526625,0,0
annual_quarter_half,3302,2024-08-30,2024-09-09,-0.0280389655151561,2024,2024-06-30,learned_market,20260912,0.4329370103207404,0.4329370103207404,0,0
annual_quarter_half,3302,2024-08-30,2024-09-09,-0.0280389655151561,2024,2024-06-30,learned_order_extension,20260910,0.2074125958889817,0.2074125958889817,0,0
annual_quarter_half,3302,2024-08-30,2024-09-09,-0.0280389655151561,2024,2024-06-30,learned_order_extension,20260911,0.3579016817658738,0.3579016817658738,0,0
annual_quarter_half,3302,2024-08-30,2024-09-09,-0.0280389655151561,2024,2024-06-30,learned_order_extension,20260912,0.4731108893746478,0.4731108893746478,0,0
annual_quarter_half,3302,2024-08-30,2024-09-09,-0.0280389655151561,2024,2024-06-30,learned_order_offset,20260910,0.20917380582720466,0.20917380582720466,0,0
annual_quarter_half,3302,2024-08-30,2024-09-09,-0.0280389655151561,2024,2024-06-30,learned_order_offset,20260911,0.35899920901974536,0.35899920901974536,0,0
annual_quarter_half,3302,2024-08-30,2024-09-09,-0.0280389655151561,2024,2024-06-30,learned_order_offset,20260912,0.4755737301389509,0.4755737301389509,0,0
annual_quarter_half,3302,2024-08-30,2024-09-09,-0.0280389655151561,2024,2024-06-30,learned_vol_interaction,20260910,0.20283893190681418,0.20283893190681418,0,0
annual_quarter_half,3302,2024-08-30,2024-09-09,-0.0280389655151561,2024,2024-06-30,learned_vol_interaction,20260911,0.33275179551063955,0.33275179551063955,0,0
annual_quarter_half,3302,2024-08-30,2024-09-09,-0.0280389655151561,2024,2024-06-30,learned_vol_interaction,20260912,0.41827539244463047,0.41827539244463047,0,0
annual_quarter_half,3302,2024-08-30,2024-09-09,-0.0280389655151561,2024,2024-06-30,native_mse,20260910,-0.0016771450454685262,,0,0
annual_quarter_half,3302,2024-08-30,2024-09-09,-0.0280389655151561,2024,2024-06-30,native_mse,20260911,-0.0010506304028074617,,0,0
annual_quarter_half,3302,2024-08-30,2024-09-09,-0.0280389655151561,2024,2024-06-30,native_mse,20260912,0.001127710886808152,,1,0
annual_quarter_half,3302,2024-08-30,2024-09-09,-0.0280389655151561,2024,2024-06-30,training_frequency,-1,0.4931638428153651,0.4931638428153651,0,0
annual_quarter_half,3307,2024-09-06,2024-09-18,-0.0174132138857783,2024,2024-06-30,learned_market,20260910,0.25655340896814455,0.25655340896814455,0,0
annual_quarter_half,3307,2024-09-06,2024-09-18,-0.0174132138857783,2024,2024-06-30,learned_market,20260911,0.3939877323003918,0.3939877323003918,0,0
annual_quarter_half,3307,2024-09-06,2024-09-18,-0.0174132138857783,2024,2024-06-30,learned_market,20260912,0.4844790087010433,0.4844790087010433,0,0
annual_quarter_half,3307,2024-09-06,2024-09-18,-0.0174132138857783,2024,2024-06-30,learned_order_extension,20260910,0.24704133545153975,0.24704133545153975,0,0
annual_quarter_half,3307,2024-09-06,2024-09-18,-0.0174132138857783,2024,2024-06-30,learned_order_extension,20260911,0.41128579745055205,0.41128579745055205,0,0
annual_quarter_half,3307,2024-09-06,2024-09-18,-0.0174132138857783,2024,2024-06-30,learned_order_extension,20260912,0.5135781655693438,0.5135781655693438,1,0
annual_quarter_half,3307,2024-09-06,2024-09-18,-0.0174132138857783,2024,2024-06-30,learned_order_offset,20260910,0.24862850611663656,0.24862850611663656,0,0
annual_quarter_half,3307,2024-09-06,2024-09-18,-0.0174132138857783,2024,2024-06-30,learned_order_offset,20260911,0.4118681663711872,0.4118681663711872,0,0
annual_quarter_half,3307,2024-09-06,2024-09-18,-0.0174132138857783,2024,2024-06-30,learned_order_offset,20260912,0.5153920788344108,0.5153920788344108,1,0
annual_quarter_half,3307,2024-09-06,2024-09-18,-0.0174132138857783,2024,2024-06-30,learned_vol_interaction,20260910,0.2396293228518555,0.2396293228518555,0,0
annual_quarter_half,3307,2024-09-06,2024-09-18,-0.0174132138857783,2024,2024-06-30,learned_vol_interaction,20260911,0.3929559753974654,0.3929559753974654,0,0
annual_quarter_half,3307,2024-09-06,2024-09-18,-0.0174132138857783,2024,2024-06-30,learned_vol_interaction,20260912,0.48180566914747563,0.48180566914747563,0,0
annual_quarter_half,3307,2024-09-06,2024-09-18,-0.0174132138857783,2024,2024-06-30,native_mse,20260910,-0.0011935646539242202,,0,0
annual_quarter_half,3307,2024-09-06,2024-09-18,-0.0174132138857783,2024,2024-06-30,native_mse,20260911,0.0012957909769202554,,1,0
annual_quarter_half,3307,2024-09-06,2024-09-18,-0.0174132138857783,2024,2024-06-30,native_mse,20260912,0.001173795819963905,,1,0
annual_quarter_half,3307,2024-09-06,2024-09-18,-0.0174132138857783,2024,2024-06-30,training_frequency,-1,0.4931638428153651,0.4931638428153651,0,0
annual_quarter_half,3312,2024-09-13,2024-09-24,0.0133119329369826,2024,2024-06-30,learned_market,20260910,0.24569253560895615,0.24569253560895615,0,1
annual_quarter_half,3312,2024-09-13,2024-09-24,0.0133119329369826,2024,2024-06-30,learned_market,20260911,0.4998697456601421,0.4998697456601421,0,1
annual_quarter_half,3312,2024-09-13,2024-09-24,0.0133119329369826,2024,2024-06-30,learned_market,20260912,0.41210008900037864,0.41210008900037864,0,1
annual_quarter_half,3312,2024-09-13,2024-09-24,0.0133119329369826,2024,2024-06-30,learned_order_extension,20260910,0.2379952114187936,0.2379952114187936,0,1
annual_quarter_half,3312,2024-09-13,2024-09-24,0.0133119329369826,2024,2024-06-30,learned_order_extension,20260911,0.5134080676593024,0.5134080676593024,1,1
annual_quarter_half,3312,2024-09-13,2024-09-24,0.0133119329369826,2024,2024-06-30,learned_order_extension,20260912,0.42821092759301926,0.42821092759301926,0,1
annual_quarter_half,3312,2024-09-13,2024-09-24,0.0133119329369826,2024,2024-06-30,learned_order_offset,20260910,0.23931308882683747,0.23931308882683747,0,1
annual_quarter_half,3312,2024-09-13,2024-09-24,0.0133119329369826,2024,2024-06-30,learned_order_offset,20260911,0.5127747529428139,0.5127747529428139,1,1
annual_quarter_half,3312,2024-09-13,2024-09-24,0.0133119329369826,2024,2024-06-30,learned_order_offset,20260912,0.43020194825575,0.43020194825575,0,1
annual_quarter_half,3312,2024-09-13,2024-09-24,0.0133119329369826,2024,2024-06-30,learned_vol_interaction,20260910,0.23334115256085086,0.23334115256085086,0,1
annual_quarter_half,3312,2024-09-13,2024-09-24,0.0133119329369826,2024,2024-06-30,learned_vol_interaction,20260911,0.5065557584831528,0.5065557584831528,1,1
annual_quarter_half,3312,2024-09-13,2024-09-24,0.0133119329369826,2024,2024-06-30,learned_vol_interaction,20260912,0.39906002181432937,0.39906002181432937,0,1
annual_quarter_half,3312,2024-09-13,2024-09-24,0.0133119329369826,2024,2024-06-30,native_mse,20260910,0.00015609825354180433,,1,1
annual_quarter_half,3312,2024-09-13,2024-09-24,0.0133119329369826,2024,2024-06-30,native_mse,20260911,0.005999941884921598,,1,1
annual_quarter_half,3312,2024-09-13,2024-09-24,0.0133119329369826,2024,2024-06-30,native_mse,20260912,0.0008714542049707869,,1,1
annual_quarter_half,3312,2024-09-13,2024-09-24,0.0133119329369826,2024,2024-06-30,training_frequency,-1,0.4931638428153651,0.4931638428153651,0,1
annual_quarter_half,3315,2024-09-20,2024-09-30,0.2017513988384409,2024,2024-06-30,learned_market,20260910,0.2520939927761609,0.2520939927761609,0,1
annual_quarter_half,3315,2024-09-20,2024-09-30,0.2017513988384409,2024,2024-06-30,learned_market,20260911,0.5008897420107034,0.5008897420107034,1,1
annual_quarter_half,3315,2024-09-20,2024-09-30,0.2017513988384409,2024,2024-06-30,learned_market,20260912,0.4097665661926658,0.4097665661926658,0,1
annual_quarter_half,3315,2024-09-20,2024-09-30,0.2017513988384409,2024,2024-06-30,learned_order_extension,20260910,0.23610680782844679,0.23610680782844679,0,1
annual_quarter_half,3315,2024-09-20,2024-09-30,0.2017513988384409,2024,2024-06-30,learned_order_extension,20260911,0.4891989183048563,0.4891989183048563,0,1
annual_quarter_half,3315,2024-09-20,2024-09-30,0.2017513988384409,2024,2024-06-30,learned_order_extension,20260912,0.44831975457790346,0.44831975457790346,0,1
annual_quarter_half,3315,2024-09-20,2024-09-30,0.2017513988384409,2024,2024-06-30,learned_order_offset,20260910,0.2375915583399748,0.2375915583399748,0,1
annual_quarter_half,3315,2024-09-20,2024-09-30,0.2017513988384409,2024,2024-06-30,learned_order_offset,20260911,0.48802400400949675,0.48802400400949675,0,1
annual_quarter_half,3315,2024-09-20,2024-09-30,0.2017513988384409,2024,2024-06-30,learned_order_offset,20260912,0.45046683328680004,0.45046683328680004,0,1
annual_quarter_half,3315,2024-09-20,2024-09-30,0.2017513988384409,2024,2024-06-30,learned_vol_interaction,20260910,0.2357138423078553,0.2357138423078553,0,1
annual_quarter_half,3315,2024-09-20,2024-09-30,0.2017513988384409,2024,2024-06-30,learned_vol_interaction,20260911,0.5066076429425252,0.5066076429425252,1,1
annual_quarter_half,3315,2024-09-20,2024-09-30,0.2017513988384409,2024,2024-06-30,learned_vol_interaction,20260912,0.3939523500270731,0.3939523500270731,0,1
annual_quarter_half,3315,2024-09-20,2024-09-30,0.2017513988384409,2024,2024-06-30,native_mse,20260910,0.0004531793000847867,,1,1
annual_quarter_half,3315,2024-09-20,2024-09-30,0.2017513988384409,2024,2024-06-30,native_mse,20260911,0.007013577379594177,,1,1
annual_quarter_half,3315,2024-09-20,2024-09-30,0.2017513988384409,2024,2024-06-30,native_mse,20260912,0.0007922322645854362,,1,1
annual_quarter_half,3315,2024-09-20,2024-09-30,0.2017513988384409,2024,2024-06-30,training_frequency,-1,0.4931638428153651,0.4931638428153651,0,1
annual_quarter_half,3320,2024-09-27,2024-10-14,0.0178259004588408,2024,2024-06-30,learned_market,20260910,0.5768176664600819,0.5768176664600819,1,1
annual_quarter_half,3320,2024-09-27,2024-10-14,0.0178259004588408,2024,2024-06-30,learned_market,20260911,0.6475576381540563,0.6475576381540563,1,1
annual_quarter_half,3320,2024-09-27,2024-10-14,0.0178259004588408,2024,2024-06-30,learned_market,20260912,0.5288221663095115,0.5288221663095115,1,1
annual_quarter_half,3320,2024-09-27,2024-10-14,0.0178259004588408,2024,2024-06-30,learned_order_extension,20260910,0.5604613363956571,0.5604613363956571,1,1
annual_quarter_half,3320,2024-09-27,2024-10-14,0.0178259004588408,2024,2024-06-30,learned_order_extension,20260911,0.5962870892476725,0.5962870892476725,1,1
annual_quarter_half,3320,2024-09-27,2024-10-14,0.0178259004588408,2024,2024-06-30,learned_order_extension,20260912,0.6024141450983673,0.6024141450983673,1,1
annual_quarter_half,3320,2024-09-27,2024-10-14,0.0178259004588408,2024,2024-06-30,learned_order_offset,20260910,0.561088370503948,0.561088370503948,1,1
annual_quarter_half,3320,2024-09-27,2024-10-14,0.0178259004588408,2024,2024-06-30,learned_order_offset,20260911,0.5959779072977327,0.5959779072977327,1,1
annual_quarter_half,3320,2024-09-27,2024-10-14,0.0178259004588408,2024,2024-06-30,learned_order_offset,20260912,0.6016523314287121,0.6016523314287121,1,1
annual_quarter_half,3320,2024-09-27,2024-10-14,0.0178259004588408,2024,2024-06-30,learned_vol_interaction,20260910,0.5721289310180214,0.5721289310180214,1,1
annual_quarter_half,3320,2024-09-27,2024-10-14,0.0178259004588408,2024,2024-06-30,learned_vol_interaction,20260911,0.6441635532412672,0.6441635532412672,1,1
annual_quarter_half,3320,2024-09-27,2024-10-14,0.0178259004588408,2024,2024-06-30,learned_vol_interaction,20260912,0.5393225333050707,0.5393225333050707,1,1
annual_quarter_half,3320,2024-09-27,2024-10-14,0.0178259004588408,2024,2024-06-30,native_mse,20260910,0.0005085815069861123,,1,1
annual_quarter_half,3320,2024-09-27,2024-10-14,0.0178259004588408,2024,2024-06-30,native_mse,20260911,0.00863085232875316,,1,1
annual_quarter_half,3320,2024-09-27,2024-10-14,0.0178259004588408,2024,2024-06-30,native_mse,20260912,0.0011725825282715941,,1,1
annual_quarter_half,3320,2024-09-27,2024-10-14,0.0178259004588408,2024,2024-06-30,training_frequency,-1,0.4931638428153651,0.4931638428153651,0,1
annual_quarter_half,3325,2024-10-11,2024-10-21,0.0080914993282625,2024,2024-09-30,learned_market,20260910,0.6546886124206954,0.6546886124206954,1,1
annual_quarter_half,3325,2024-10-11,2024-10-21,0.0080914993282625,2024,2024-09-30,learned_market,20260911,0.7449867048328522,0.7449867048328522,1,1
annual_quarter_half,3325,2024-10-11,2024-10-21,0.0080914993282625,2024,2024-09-30,learned_market,20260912,0.6965061653373146,0.6965061653373146,1,1
annual_quarter_half,3325,2024-10-11,2024-10-21,0.0080914993282625,2024,2024-09-30,learned_order_extension,20260910,0.6196595062495438,0.6196595062495438,1,1
annual_quarter_half,3325,2024-10-11,2024-10-21,0.0080914993282625,2024,2024-09-30,learned_order_extension,20260911,0.6889109660681818,0.6889109660681818,1,1
annual_quarter_half,3325,2024-10-11,2024-10-21,0.0080914993282625,2024,2024-09-30,learned_order_extension,20260912,0.5977982645306692,0.5977982645306692,1,1
annual_quarter_half,3325,2024-10-11,2024-10-21,0.0080914993282625,2024,2024-09-30,learned_order_offset,20260910,0.6201182358588408,0.6201182358588408,1,1
annual_quarter_half,3325,2024-10-11,2024-10-21,0.0080914993282625,2024,2024-09-30,learned_order_offset,20260911,0.6887038577568021,0.6887038577568021,1,1
annual_quarter_half,3325,2024-10-11,2024-10-21,0.0080914993282625,2024,2024-09-30,learned_order_offset,20260912,0.5962063420676962,0.5962063420676962,1,1
annual_quarter_half,3325,2024-10-11,2024-10-21,0.0080914993282625,2024,2024-09-30,learned_vol_interaction,20260910,0.6370150098204781,0.6370150098204781,1,1
annual_quarter_half,3325,2024-10-11,2024-10-21,0.0080914993282625,2024,2024-09-30,learned_vol_interaction,20260911,0.7338574482708856,0.7338574482708856,1,1
annual_quarter_half,3325,2024-10-11,2024-10-21,0.0080914993282625,2024,2024-09-30,learned_vol_interaction,20260912,0.6686991873847112,0.6686991873847112,1,1
annual_quarter_half,3325,2024-10-11,2024-10-21,0.0080914993282625,2024,2024-09-30,native_mse,20260910,-9.54580424748254e-06,,0,1
annual_quarter_half,3325,2024-10-11,2024-10-21,0.0080914993282625,2024,2024-09-30,native_mse,20260911,0.004623128644136478,,1,1
annual_quarter_half,3325,2024-10-11,2024-10-21,0.0080914993282625,2024,2024-09-30,native_mse,20260912,0.0017530163371078118,,1,1
annual_quarter_half,3325,2024-10-11,2024-10-21,0.0080914993282625,2024,2024-09-30,training_frequency,-1,0.4875601298145037,0.4875601298145037,0,1
annual_quarter_half,3330,2024-10-18,2024-10-28,0.0015733867085561,2024,2024-09-30,learned_market,20260910,0.4575082570681847,0.4575082570681847,0,1
annual_quarter_half,3330,2024-10-18,2024-10-28,0.0015733867085561,2024,2024-09-30,learned_market,20260911,0.6386756967759988,0.6386756967759988,1,1
annual_quarter_half,3330,2024-10-18,2024-10-28,0.0015733867085561,2024,2024-09-30,learned_market,20260912,0.7138868486016097,0.7138868486016097,1,1
annual_quarter_half,3330,2024-10-18,2024-10-28,0.0015733867085561,2024,2024-09-30,learned_order_extension,20260910,0.5549212660863716,0.5549212660863716,1,1
annual_quarter_half,3330,2024-10-18,2024-10-28,0.0015733867085561,2024,2024-09-30,learned_order_extension,20260911,0.6403103157413019,0.6403103157413019,1,1
annual_quarter_half,3330,2024-10-18,2024-10-28,0.0015733867085561,2024,2024-09-30,learned_order_extension,20260912,0.6406535226091186,0.6406535226091186,1,1
annual_quarter_half,3330,2024-10-18,2024-10-28,0.0015733867085561,2024,2024-09-30,learned_order_offset,20260910,0.5556957572418777,0.5556957572418777,1,1
annual_quarter_half,3330,2024-10-18,2024-10-28,0.0015733867085561,2024,2024-09-30,learned_order_offset,20260911,0.6410535340877648,0.6410535340877648,1,1
annual_quarter_half,3330,2024-10-18,2024-10-28,0.0015733867085561,2024,2024-09-30,learned_order_offset,20260912,0.6386613993847372,0.6386613993847372,1,1
annual_quarter_half,3330,2024-10-18,2024-10-28,0.0015733867085561,2024,2024-09-30,learned_vol_interaction,20260910,0.5223776936368252,0.5223776936368252,1,1
annual_quarter_half,3330,2024-10-18,2024-10-28,0.0015733867085561,2024,2024-09-30,learned_vol_interaction,20260911,0.6386476795669463,0.6386476795669463,1,1
annual_quarter_half,3330,2024-10-18,2024-10-28,0.0015733867085561,2024,2024-09-30,learned_vol_interaction,20260912,0.6854694506884892,0.6854694506884892,1,1
annual_quarter_half,3330,2024-10-18,2024-10-28,0.0015733867085561,2024,2024-09-30,native_mse,20260910,-0.002900462581224298,,0,1
annual_quarter_half,3330,2024-10-18,2024-10-28,0.0015733867085561,2024,2024-09-30,native_mse,20260911,0.0014730910164305216,,1,1
annual_quarter_half,3330,2024-10-18,2024-10-28,0.0015733867085561,2024,2024-09-30,native_mse,20260912,0.0015677723261110672,,1,1
annual_quarter_half,3330,2024-10-18,2024-10-28,0.0015733867085561,2024,2024-09-30,training_frequency,-1,0.4875601298145037,0.4875601298145037,0,1
annual_quarter_half,3335,2024-10-25,2024-11-04,-0.0140142824257356,2024,2024-09-30,learned_market,20260910,0.4497395050007333,0.4497395050007333,0,0
annual_quarter_half,3335,2024-10-25,2024-11-04,-0.0140142824257356,2024,2024-09-30,learned_market,20260911,0.5698345291424123,0.5698345291424123,1,0
annual_quarter_half,3335,2024-10-25,2024-11-04,-0.0140142824257356,2024,2024-09-30,learned_market,20260912,0.7305758389262134,0.7305758389262134,1,0
annual_quarter_half,3335,2024-10-25,2024-11-04,-0.0140142824257356,2024,2024-09-30,learned_order_extension,20260910,0.5500701626012606,0.5500701626012606,1,0
annual_quarter_half,3335,2024-10-25,2024-11-04,-0.0140142824257356,2024,2024-09-30,learned_order_extension,20260911,0.5926236433911758,0.5926236433911758,1,0
annual_quarter_half,3335,2024-10-25,2024-11-04,-0.0140142824257356,2024,2024-09-30,learned_order_extension,20260912,0.6308628083802457,0.6308628083802457,1,0
annual_quarter_half,3335,2024-10-25,2024-11-04,-0.0140142824257356,2024,2024-09-30,learned_order_offset,20260910,0.5509093793150275,0.5509093793150275,1,0
annual_quarter_half,3335,2024-10-25,2024-11-04,-0.0140142824257356,2024,2024-09-30,learned_order_offset,20260911,0.5929612463367808,0.5929612463367808,1,0
annual_quarter_half,3335,2024-10-25,2024-11-04,-0.0140142824257356,2024,2024-09-30,learned_order_offset,20260912,0.6273841277522375,0.6273841277522375,1,0
annual_quarter_half,3335,2024-10-25,2024-11-04,-0.0140142824257356,2024,2024-09-30,learned_vol_interaction,20260910,0.5227840765765478,0.5227840765765478,1,0
annual_quarter_half,3335,2024-10-25,2024-11-04,-0.0140142824257356,2024,2024-09-30,learned_vol_interaction,20260911,0.5709479292898094,0.5709479292898094,1,0
annual_quarter_half,3335,2024-10-25,2024-11-04,-0.0140142824257356,2024,2024-09-30,learned_vol_interaction,20260912,0.6919431350410766,0.6919431350410766,1,0
annual_quarter_half,3335,2024-10-25,2024-11-04,-0.0140142824257356,2024,2024-09-30,native_mse,20260910,-0.003035930083023294,,0,0
annual_quarter_half,3335,2024-10-25,2024-11-04,-0.0140142824257356,2024,2024-09-30,native_mse,20260911,-0.002234771505215175,,0,0
annual_quarter_half,3335,2024-10-25,2024-11-04,-0.0140142824257356,2024,2024-09-30,native_mse,20260912,0.0017083465808272963,,1,0
annual_quarter_half,3335,2024-10-25,2024-11-04,-0.0140142824257356,2024,2024-09-30,training_frequency,-1,0.4875601298145037,0.4875601298145037,0,0
annual_quarter_half,3340,2024-11-01,2024-11-11,0.0434152361258277,2024,2024-09-30,learned_market,20260910,0.47230629748926534,0.47230629748926534,0,1
annual_quarter_half,3340,2024-11-01,2024-11-11,0.0434152361258277,2024,2024-09-30,learned_market,20260911,0.5227022499961189,0.5227022499961189,1,1
annual_quarter_half,3340,2024-11-01,2024-11-11,0.0434152361258277,2024,2024-09-30,learned_market,20260912,0.7140748984178467,0.7140748984178467,1,1
annual_quarter_half,3340,2024-11-01,2024-11-11,0.0434152361258277,2024,2024-09-30,learned_order_extension,20260910,0.5825068986311914,0.5825068986311914,1,1
annual_quarter_half,3340,2024-11-01,2024-11-11,0.0434152361258277,2024,2024-09-30,learned_order_extension,20260911,0.5784884307898621,0.5784884307898621,1,1
annual_quarter_half,3340,2024-11-01,2024-11-11,0.0434152361258277,2024,2024-09-30,learned_order_extension,20260912,0.6121777801089733,0.6121777801089733,1,1
annual_quarter_half,3340,2024-11-01,2024-11-11,0.0434152361258277,2024,2024-09-30,learned_order_offset,20260910,0.5835040657181794,0.5835040657181794,1,1
annual_quarter_half,3340,2024-11-01,2024-11-11,0.0434152361258277,2024,2024-09-30,learned_order_offset,20260911,0.5785815523835687,0.5785815523835687,1,1
annual_quarter_half,3340,2024-11-01,2024-11-11,0.0434152361258277,2024,2024-09-30,learned_order_offset,20260912,0.609356800412402,0.609356800412402,1,1
annual_quarter_half,3340,2024-11-01,2024-11-11,0.0434152361258277,2024,2024-09-30,learned_vol_interaction,20260910,0.5405423492949043,0.5405423492949043,1,1
annual_quarter_half,3340,2024-11-01,2024-11-11,0.0434152361258277,2024,2024-09-30,learned_vol_interaction,20260911,0.5259516567068538,0.5259516567068538,1,1
annual_quarter_half,3340,2024-11-01,2024-11-11,0.0434152361258277,2024,2024-09-30,learned_vol_interaction,20260912,0.6780057107125281,0.6780057107125281,1,1
annual_quarter_half,3340,2024-11-01,2024-11-11,0.0434152361258277,2024,2024-09-30,native_mse,20260910,-0.003293865701583412,,0,1
annual_quarter_half,3340,2024-11-01,2024-11-11,0.0434152361258277,2024,2024-09-30,native_mse,20260911,-0.00547195713213108,,0,1
annual_quarter_half,3340,2024-11-01,2024-11-11,0.0434152361258277,2024,2024-09-30,native_mse,20260912,0.0014195739572582175,,1,1
annual_quarter_half,3340,2024-11-01,2024-11-11,0.0434152361258277,2024,2024-09-30,training_frequency,-1,0.4875601298145037,0.4875601298145037,0,1
annual_quarter_half,3345,2024-11-08,2024-11-18,-0.0208584853931589,2024,2024-09-30,learned_market,20260910,0.41456484398594884,0.41456484398594884,0,0
annual_quarter_half,3345,2024-11-08,2024-11-18,-0.0208584853931589,2024,2024-09-30,learned_market,20260911,0.4974327235502999,0.4974327235502999,0,0
annual_quarter_half,3345,2024-11-08,2024-11-18,-0.0208584853931589,2024,2024-09-30,learned_market,20260912,0.6660753339890675,0.6660753339890675,1,0
annual_quarter_half,3345,2024-11-08,2024-11-18,-0.0208584853931589,2024,2024-09-30,learned_order_extension,20260910,0.42596441568122456,0.42596441568122456,0,0
annual_quarter_half,3345,2024-11-08,2024-11-18,-0.0208584853931589,2024,2024-09-30,learned_order_extension,20260911,0.480443809677745,0.480443809677745,0,0
annual_quarter_half,3345,2024-11-08,2024-11-18,-0.0208584853931589,2024,2024-09-30,learned_order_extension,20260912,0.6016421763941838,0.6016421763941838,1,0
annual_quarter_half,3345,2024-11-08,2024-11-18,-0.0208584853931589,2024,2024-09-30,learned_order_offset,20260910,0.4274940996744072,0.4274940996744072,0,0
annual_quarter_half,3345,2024-11-08,2024-11-18,-0.0208584853931589,2024,2024-09-30,learned_order_offset,20260911,0.48129860712213574,0.48129860712213574,0,0
annual_quarter_half,3345,2024-11-08,2024-11-18,-0.0208584853931589,2024,2024-09-30,learned_order_offset,20260912,0.5974018556552141,0.5974018556552141,1,0
annual_quarter_half,3345,2024-11-08,2024-11-18,-0.0208584853931589,2024,2024-09-30,learned_vol_interaction,20260910,0.42362283410267904,0.42362283410267904,0,0
annual_quarter_half,3345,2024-11-08,2024-11-18,-0.0208584853931589,2024,2024-09-30,learned_vol_interaction,20260911,0.4955318588755665,0.4955318588755665,0,0
annual_quarter_half,3345,2024-11-08,2024-11-18,-0.0208584853931589,2024,2024-09-30,learned_vol_interaction,20260912,0.6443743546228543,0.6443743546228543,1,0
annual_quarter_half,3345,2024-11-08,2024-11-18,-0.0208584853931589,2024,2024-09-30,native_mse,20260910,-0.0025200087418195197,,0,0
annual_quarter_half,3345,2024-11-08,2024-11-18,-0.0208584853931589,2024,2024-09-30,native_mse,20260911,-0.0012512219742310618,,0,0
annual_quarter_half,3345,2024-11-08,2024-11-18,-0.0208584853931589,2024,2024-09-30,native_mse,20260912,0.001387127270407233,,1,0
annual_quarter_half,3345,2024-11-08,2024-11-18,-0.0208584853931589,2024,2024-09-30,training_frequency,-1,0.4875601298145037,0.4875601298145037,0,0
annual_quarter_half,3350,2024-11-15,2024-11-25,-0.0267421712161923,2024,2024-09-30,learned_market,20260910,0.46190455656774265,0.46190455656774265,0,0
annual_quarter_half,3350,2024-11-15,2024-11-25,-0.0267421712161923,2024,2024-09-30,learned_market,20260911,0.4696553338740319,0.4696553338740319,0,0
annual_quarter_half,3350,2024-11-15,2024-11-25,-0.0267421712161923,2024,2024-09-30,learned_market,20260912,0.5410517676366096,0.5410517676366096,1,0
annual_quarter_half,3350,2024-11-15,2024-11-25,-0.0267421712161923,2024,2024-09-30,learned_order_extension,20260910,0.45129408666707893,0.45129408666707893,0,0
annual_quarter_half,3350,2024-11-15,2024-11-25,-0.0267421712161923,2024,2024-09-30,learned_order_extension,20260911,0.4471483738415786,0.4471483738415786,0,0
annual_quarter_half,3350,2024-11-15,2024-11-25,-0.0267421712161923,2024,2024-09-30,learned_order_extension,20260912,0.5124391128215979,0.5124391128215979,1,0
annual_quarter_half,3350,2024-11-15,2024-11-25,-0.0267421712161923,2024,2024-09-30,learned_order_offset,20260910,0.4525925433362401,0.4525925433362401,0,0
annual_quarter_half,3350,2024-11-15,2024-11-25,-0.0267421712161923,2024,2024-09-30,learned_order_offset,20260911,0.4469110165545094,0.4469110165545094,0,0
annual_quarter_half,3350,2024-11-15,2024-11-25,-0.0267421712161923,2024,2024-09-30,learned_order_offset,20260912,0.5101731747322533,0.5101731747322533,1,0
annual_quarter_half,3350,2024-11-15,2024-11-25,-0.0267421712161923,2024,2024-09-30,learned_vol_interaction,20260910,0.45705447999456494,0.45705447999456494,0,0
annual_quarter_half,3350,2024-11-15,2024-11-25,-0.0267421712161923,2024,2024-09-30,learned_vol_interaction,20260911,0.46515548009653346,0.46515548009653346,0,0
annual_quarter_half,3350,2024-11-15,2024-11-25,-0.0267421712161923,2024,2024-09-30,learned_vol_interaction,20260912,0.5368603072746325,0.5368603072746325,1,0
annual_quarter_half,3350,2024-11-15,2024-11-25,-0.0267421712161923,2024,2024-09-30,native_mse,20260910,-0.001620936785983409,,0,0
annual_quarter_half,3350,2024-11-15,2024-11-25,-0.0267421712161923,2024,2024-09-30,native_mse,20260911,-0.0017391018566840027,,0,0
annual_quarter_half,3350,2024-11-15,2024-11-25,-0.0267421712161923,2024,2024-09-30,native_mse,20260912,0.0007563589373052072,,1,0
annual_quarter_half,3350,2024-11-15,2024-11-25,-0.0267421712161923,2024,2024-09-30,training_frequency,-1,0.4875601298145037,0.4875601298145037,0,0
annual_quarter_half,3355,2024-11-22,2024-12-02,0.0087960346887328,2024,2024-09-30,learned_market,20260910,0.5577433394595623,0.5577433394595623,1,1
annual_quarter_half,3355,2024-11-22,2024-12-02,0.0087960346887328,2024,2024-09-30,learned_market,20260911,0.4037468510830855,0.4037468510830855,0,1
annual_quarter_half,3355,2024-11-22,2024-12-02,0.0087960346887328,2024,2024-09-30,learned_market,20260912,0.6063932285482826,0.6063932285482826,1,1
annual_quarter_half,3355,2024-11-22,2024-12-02,0.0087960346887328,2024,2024-09-30,learned_order_extension,20260910,0.5338204359651728,0.5338204359651728,1,1
annual_quarter_half,3355,2024-11-22,2024-12-02,0.0087960346887328,2024,2024-09-30,learned_order_extension,20260911,0.3808651627177142,0.3808651627177142,0,1
annual_quarter_half,3355,2024-11-22,2024-12-02,0.0087960346887328,2024,2024-09-30,learned_order_extension,20260912,0.5922513494017936,0.5922513494017936,1,1
annual_quarter_half,3355,2024-11-22,2024-12-02,0.0087960346887328,2024,2024-09-30,learned_order_offset,20260910,0.5339070171647082,0.5339070171647082,1,1
annual_quarter_half,3355,2024-11-22,2024-12-02,0.0087960346887328,2024,2024-09-30,learned_order_offset,20260911,0.38166711689990146,0.38166711689990146,0,1
annual_quarter_half,3355,2024-11-22,2024-12-02,0.0087960346887328,2024,2024-09-30,learned_order_offset,20260912,0.5894076012787851,0.5894076012787851,1,1
annual_quarter_half,3355,2024-11-22,2024-12-02,0.0087960346887328,2024,2024-09-30,learned_vol_interaction,20260910,0.5442919407707107,0.5442919407707107,1,1
annual_quarter_half,3355,2024-11-22,2024-12-02,0.0087960346887328,2024,2024-09-30,learned_vol_interaction,20260911,0.40536885532649636,0.40536885532649636,0,1
annual_quarter_half,3355,2024-11-22,2024-12-02,0.0087960346887328,2024,2024-09-30,learned_vol_interaction,20260912,0.5971912352149982,0.5971912352149982,1,1
annual_quarter_half,3355,2024-11-22,2024-12-02,0.0087960346887328,2024,2024-09-30,native_mse,20260910,-0.00091268434089073,,0,1
annual_quarter_half,3355,2024-11-22,2024-12-02,0.0087960346887328,2024,2024-09-30,native_mse,20260911,-0.003210360363912681,,0,1
annual_quarter_half,3355,2024-11-22,2024-12-02,0.0087960346887328,2024,2024-09-30,native_mse,20260912,0.0007422050772653155,,1,1
annual_quarter_half,3355,2024-11-22,2024-12-02,0.0087960346887328,2024,2024-09-30,training_frequency,-1,0.4875601298145037,0.4875601298145037,0,1
annual_quarter_half,3360,2024-11-29,2024-12-09,0.0155919891551781,2024,2024-09-30,learned_market,20260910,0.5834178144976211,0.5834178144976211,1,1
annual_quarter_half,3360,2024-11-29,2024-12-09,0.0155919891551781,2024,2024-09-30,learned_market,20260911,0.546802099967808,0.546802099967808,1,1
annual_quarter_half,3360,2024-11-29,2024-12-09,0.0155919891551781,2024,2024-09-30,learned_market,20260912,0.4950662685063084,0.4950662685063084,0,1
annual_quarter_half,3360,2024-11-29,2024-12-09,0.0155919891551781,2024,2024-09-30,learned_order_extension,20260910,0.5636161861448539,0.5636161861448539,1,1
annual_quarter_half,3360,2024-11-29,2024-12-09,0.0155919891551781,2024,2024-09-30,learned_order_extension,20260911,0.5371040743134077,0.5371040743134077,1,1
annual_quarter_half,3360,2024-11-29,2024-12-09,0.0155919891551781,2024,2024-09-30,learned_order_extension,20260912,0.47534356811619494,0.47534356811619494,0,1
annual_quarter_half,3360,2024-11-29,2024-12-09,0.0155919891551781,2024,2024-09-30,learned_order_offset,20260910,0.5635337374081183,0.5635337374081183,1,1
annual_quarter_half,3360,2024-11-29,2024-12-09,0.0155919891551781,2024,2024-09-30,learned_order_offset,20260911,0.5374029006561549,0.5374029006561549,1,1
annual_quarter_half,3360,2024-11-29,2024-12-09,0.0155919891551781,2024,2024-09-30,learned_order_offset,20260912,0.4774147901112636,0.4774147901112636,0,1
annual_quarter_half,3360,2024-11-29,2024-12-09,0.0155919891551781,2024,2024-09-30,learned_vol_interaction,20260910,0.5653808142226471,0.5653808142226471,1,1
annual_quarter_half,3360,2024-11-29,2024-12-09,0.0155919891551781,2024,2024-09-30,learned_vol_interaction,20260911,0.5445191279602013,0.5445191279602013,1,1
annual_quarter_half,3360,2024-11-29,2024-12-09,0.0155919891551781,2024,2024-09-30,learned_vol_interaction,20260912,0.4893160339108088,0.4893160339108088,0,1
annual_quarter_half,3360,2024-11-29,2024-12-09,0.0155919891551781,2024,2024-09-30,native_mse,20260910,-0.0005236208192069833,,0,1
annual_quarter_half,3360,2024-11-29,2024-12-09,0.0155919891551781,2024,2024-09-30,native_mse,20260911,-0.0029341156659873358,,0,1
annual_quarter_half,3360,2024-11-29,2024-12-09,0.0155919891551781,2024,2024-09-30,native_mse,20260912,0.0002860570156252413,,1,1
annual_quarter_half,3360,2024-11-29,2024-12-09,0.0155919891551781,2024,2024-09-30,training_frequency,-1,0.4875601298145037,0.4875601298145037,0,1
annual_quarter_half,3365,2024-12-06,2024-12-16,-0.0100436703218104,2024,2024-09-30,learned_market,20260910,0.5382340166205504,0.5382340166205504,1,0
annual_quarter_half,3365,2024-12-06,2024-12-16,-0.0100436703218104,2024,2024-09-30,learned_market,20260911,0.4293828209409847,0.4293828209409847,0,0
annual_quarter_half,3365,2024-12-06,2024-12-16,-0.0100436703218104,2024,2024-09-30,learned_market,20260912,0.45363134929121884,0.45363134929121884,0,0
annual_quarter_half,3365,2024-12-06,2024-12-16,-0.0100436703218104,2024,2024-09-30,learned_order_extension,20260910,0.5160341262007588,0.5160341262007588,1,0
annual_quarter_half,3365,2024-12-06,2024-12-16,-0.0100436703218104,2024,2024-09-30,learned_order_extension,20260911,0.42246211693866176,0.42246211693866176,0,0
annual_quarter_half,3365,2024-12-06,2024-12-16,-0.0100436703218104,2024,2024-09-30,learned_order_extension,20260912,0.43965521213623376,0.43965521213623376,0,0
annual_quarter_half,3365,2024-12-06,2024-12-16,-0.0100436703218104,2024,2024-09-30,learned_order_offset,20260910,0.5155152244295208,0.5155152244295208,1,0
annual_quarter_half,3365,2024-12-06,2024-12-16,-0.0100436703218104,2024,2024-09-30,learned_order_offset,20260911,0.42264693064416603,0.42264693064416603,0,0
annual_quarter_half,3365,2024-12-06,2024-12-16,-0.0100436703218104,2024,2024-09-30,learned_order_offset,20260912,0.4424688341674071,0.4424688341674071,0,0
annual_quarter_half,3365,2024-12-06,2024-12-16,-0.0100436703218104,2024,2024-09-30,learned_vol_interaction,20260910,0.5289465973575027,0.5289465973575027,1,0
annual_quarter_half,3365,2024-12-06,2024-12-16,-0.0100436703218104,2024,2024-09-30,learned_vol_interaction,20260911,0.42897940686334124,0.42897940686334124,0,0
annual_quarter_half,3365,2024-12-06,2024-12-16,-0.0100436703218104,2024,2024-09-30,learned_vol_interaction,20260912,0.44964828328795625,0.44964828328795625,0,0
annual_quarter_half,3365,2024-12-06,2024-12-16,-0.0100436703218104,2024,2024-09-30,native_mse,20260910,-7.959323072601087e-05,,0,0
annual_quarter_half,3365,2024-12-06,2024-12-16,-0.0100436703218104,2024,2024-09-30,native_mse,20260911,-0.0020501611743441086,,0,0
annual_quarter_half,3365,2024-12-06,2024-12-16,-0.0100436703218104,2024,2024-09-30,native_mse,20260912,5.0652917534388896e-05,,1,0
annual_quarter_half,3365,2024-12-06,2024-12-16,-0.0100436703218104,2024,2024-09-30,training_frequency,-1,0.4875601298145037,0.4875601298145037,0,0
annual_quarter_half,3370,2024-12-13,2024-12-23,-0.0006690784017421,2024,2024-09-30,learned_market,20260910,0.5005691857761392,0.5005691857761392,1,0
annual_quarter_half,3370,2024-12-13,2024-12-23,-0.0006690784017421,2024,2024-09-30,learned_market,20260911,0.39056336065472874,0.39056336065472874,0,0
annual_quarter_half,3370,2024-12-13,2024-12-23,-0.0006690784017421,2024,2024-09-30,learned_market,20260912,0.3976388344944557,0.3976388344944557,0,0
annual_quarter_half,3370,2024-12-13,2024-12-23,-0.0006690784017421,2024,2024-09-30,learned_order_extension,20260910,0.4863441934913837,0.4863441934913837,0,0
annual_quarter_half,3370,2024-12-13,2024-12-23,-0.0006690784017421,2024,2024-09-30,learned_order_extension,20260911,0.36150043852336766,0.36150043852336766,0,0
annual_quarter_half,3370,2024-12-13,2024-12-23,-0.0006690784017421,2024,2024-09-30,learned_order_extension,20260912,0.37443427745699787,0.37443427745699787,0,0
annual_quarter_half,3370,2024-12-13,2024-12-23,-0.0006690784017421,2024,2024-09-30,learned_order_offset,20260910,0.48647306914784094,0.48647306914784094,0,0
annual_quarter_half,3370,2024-12-13,2024-12-23,-0.0006690784017421,2024,2024-09-30,learned_order_offset,20260911,0.36205486054234515,0.36205486054234515,0,0
annual_quarter_half,3370,2024-12-13,2024-12-23,-0.0006690784017421,2024,2024-09-30,learned_order_offset,20260912,0.37819052877707215,0.37819052877707215,0,0
annual_quarter_half,3370,2024-12-13,2024-12-23,-0.0006690784017421,2024,2024-09-30,learned_vol_interaction,20260910,0.49606923815573606,0.49606923815573606,0,0
annual_quarter_half,3370,2024-12-13,2024-12-23,-0.0006690784017421,2024,2024-09-30,learned_vol_interaction,20260911,0.3876660671042891,0.3876660671042891,0,0
annual_quarter_half,3370,2024-12-13,2024-12-23,-0.0006690784017421,2024,2024-09-30,learned_vol_interaction,20260912,0.39809507732963356,0.39809507732963356,0,0
annual_quarter_half,3370,2024-12-13,2024-12-23,-0.0006690784017421,2024,2024-09-30,native_mse,20260910,-0.000820934076246369,,0,0
annual_quarter_half,3370,2024-12-13,2024-12-23,-0.0006690784017421,2024,2024-09-30,native_mse,20260911,-0.005525462523398143,,0,0
annual_quarter_half,3370,2024-12-13,2024-12-23,-0.0006690784017421,2024,2024-09-30,native_mse,20260912,-2.1054978178071154e-05,,0,0
annual_quarter_half,3370,2024-12-13,2024-12-23,-0.0006690784017421,2024,2024-09-30,training_frequency,-1,0.4875601298145037,0.4875601298145037,0,0
annual_quarter_half,3375,2024-12-20,2024-12-30,0.0123595076562756,2024,2024-09-30,learned_market,20260910,0.44929217738947813,0.44929217738947813,0,1
annual_quarter_half,3375,2024-12-20,2024-12-30,0.0123595076562756,2024,2024-09-30,learned_market,20260911,0.342344119040876,0.342344119040876,0,1
annual_quarter_half,3375,2024-12-20,2024-12-30,0.0123595076562756,2024,2024-09-30,learned_market,20260912,0.3576830635586036,0.3576830635586036,0,1
annual_quarter_half,3375,2024-12-20,2024-12-30,0.0123595076562756,2024,2024-09-30,learned_order_extension,20260910,0.42448889324778954,0.42448889324778954,0,1
annual_quarter_half,3375,2024-12-20,2024-12-30,0.0123595076562756,2024,2024-09-30,learned_order_extension,20260911,0.3076574793183148,0.3076574793183148,0,1
annual_quarter_half,3375,2024-12-20,2024-12-30,0.0123595076562756,2024,2024-09-30,learned_order_extension,20260912,0.31382636550641346,0.31382636550641346,0,1
annual_quarter_half,3375,2024-12-20,2024-12-30,0.0123595076562756,2024,2024-09-30,learned_order_offset,20260910,0.42435393441893204,0.42435393441893204,0,1
annual_quarter_half,3375,2024-12-20,2024-12-30,0.0123595076562756,2024,2024-09-30,learned_order_offset,20260911,0.30854067890700565,0.30854067890700565,0,1
annual_quarter_half,3375,2024-12-20,2024-12-30,0.0123595076562756,2024,2024-09-30,learned_order_offset,20260912,0.316968448271154,0.316968448271154,0,1
annual_quarter_half,3375,2024-12-20,2024-12-30,0.0123595076562756,2024,2024-09-30,learned_vol_interaction,20260910,0.4367014817042052,0.4367014817042052,0,1
annual_quarter_half,3375,2024-12-20,2024-12-30,0.0123595076562756,2024,2024-09-30,learned_vol_interaction,20260911,0.33967967485352035,0.33967967485352035,0,1
annual_quarter_half,3375,2024-12-20,2024-12-30,0.0123595076562756,2024,2024-09-30,learned_vol_interaction,20260912,0.35494137990077923,0.35494137990077923,0,1
annual_quarter_half,3375,2024-12-20,2024-12-30,0.0123595076562756,2024,2024-09-30,native_mse,20260910,-0.0012042065100385786,,0,1
annual_quarter_half,3375,2024-12-20,2024-12-30,0.0123595076562756,2024,2024-09-30,native_mse,20260911,-0.004287209969826837,,0,1
annual_quarter_half,3375,2024-12-20,2024-12-30,0.0123595076562756,2024,2024-09-30,native_mse,20260912,6.704869910905927e-05,,1,1
annual_quarter_half,3375,2024-12-20,2024-12-30,0.0123595076562756,2024,2024-09-30,training_frequency,-1,0.4875601298145037,0.4875601298145037,0,1
annual_quarter_half,3380,2024-12-27,2025-01-06,-0.0504714964669198,2024,2024-09-30,learned_market,20260910,0.41235697098040147,0.41235697098040147,0,0
annual_quarter_half,3380,2024-12-27,2025-01-06,-0.0504714964669198,2024,2024-09-30,learned_market,20260911,0.4950067902562124,0.4950067902562124,0,0
annual_quarter_half,3380,2024-12-27,2025-01-06,-0.0504714964669198,2024,2024-09-30,learned_market,20260912,0.32505440227373616,0.32505440227373616,0,0
annual_quarter_half,3380,2024-12-27,2025-01-06,-0.0504714964669198,2024,2024-09-30,learned_order_extension,20260910,0.37456332843953555,0.37456332843953555,0,0
annual_quarter_half,3380,2024-12-27,2025-01-06,-0.0504714964669198,2024,2024-09-30,learned_order_extension,20260911,0.5185673822228614,0.5185673822228614,1,0
annual_quarter_half,3380,2024-12-27,2025-01-06,-0.0504714964669198,2024,2024-09-30,learned_order_extension,20260912,0.254451288217056,0.254451288217056,0,0
annual_quarter_half,3380,2024-12-27,2025-01-06,-0.0504714964669198,2024,2024-09-30,learned_order_offset,20260910,0.3750154991263477,0.3750154991263477,0,0
annual_quarter_half,3380,2024-12-27,2025-01-06,-0.0504714964669198,2024,2024-09-30,learned_order_offset,20260911,0.5181431179019106,0.5181431179019106,1,0
annual_quarter_half,3380,2024-12-27,2025-01-06,-0.0504714964669198,2024,2024-09-30,learned_order_offset,20260912,0.25879101555341,0.25879101555341,0,0
annual_quarter_half,3380,2024-12-27,2025-01-06,-0.0504714964669198,2024,2024-09-30,learned_vol_interaction,20260910,0.39566180224752495,0.39566180224752495,0,0
annual_quarter_half,3380,2024-12-27,2025-01-06,-0.0504714964669198,2024,2024-09-30,learned_vol_interaction,20260911,0.49435547512936984,0.49435547512936984,0,0
annual_quarter_half,3380,2024-12-27,2025-01-06,-0.0504714964669198,2024,2024-09-30,learned_vol_interaction,20260912,0.3184464913455083,0.3184464913455083,0,0
annual_quarter_half,3380,2024-12-27,2025-01-06,-0.0504714964669198,2024,2024-09-30,native_mse,20260910,-0.0007856037331221129,,0,0
annual_quarter_half,3380,2024-12-27,2025-01-06,-0.0504714964669198,2024,2024-09-30,native_mse,20260911,0.0020881260791250937,,1,0
annual_quarter_half,3380,2024-12-27,2025-01-06,-0.0504714964669198,2024,2024-09-30,native_mse,20260912,-0.00018788467584732947,,0,0
annual_quarter_half,3380,2024-12-27,2025-01-06,-0.0504714964669198,2024,2024-09-30,training_frequency,-1,0.4875601298145037,0.4875601298145037,0,0
annual_quarter_half,3384,2025-01-03,2025-01-13,-0.0189486730632231,2025,2024-12-31,learned_market,20260910,0.38233645545210077,0.38233645545210077,0,0
annual_quarter_half,3384,2025-01-03,2025-01-13,-0.0189486730632231,2025,2024-12-31,learned_market,20260911,0.42821132783780086,0.42821132783780086,0,0
annual_quarter_half,3384,2025-01-03,2025-01-13,-0.0189486730632231,2025,2024-12-31,learned_market,20260912,0.42089025641362,0.42089025641362,0,0
annual_quarter_half,3384,2025-01-03,2025-01-13,-0.0189486730632231,2025,2024-12-31,learned_order_extension,20260910,0.36600157937330885,0.36600157937330885,0,0
annual_quarter_half,3384,2025-01-03,2025-01-13,-0.0189486730632231,2025,2024-12-31,learned_order_extension,20260911,0.43065388292304235,0.43065388292304235,0,0
annual_quarter_half,3384,2025-01-03,2025-01-13,-0.0189486730632231,2025,2024-12-31,learned_order_extension,20260912,0.43188465804609494,0.43188465804609494,0,0
annual_quarter_half,3384,2025-01-03,2025-01-13,-0.0189486730632231,2025,2024-12-31,learned_order_offset,20260910,0.36669421956338505,0.36669421956338505,0,0
annual_quarter_half,3384,2025-01-03,2025-01-13,-0.0189486730632231,2025,2024-12-31,learned_order_offset,20260911,0.430743812553328,0.430743812553328,0,0
annual_quarter_half,3384,2025-01-03,2025-01-13,-0.0189486730632231,2025,2024-12-31,learned_order_offset,20260912,0.4326309825835323,0.4326309825835323,0,0
annual_quarter_half,3384,2025-01-03,2025-01-13,-0.0189486730632231,2025,2024-12-31,learned_vol_interaction,20260910,0.38666219011730185,0.38666219011730185,0,0
annual_quarter_half,3384,2025-01-03,2025-01-13,-0.0189486730632231,2025,2024-12-31,learned_vol_interaction,20260911,0.4305231359543153,0.4305231359543153,0,0
annual_quarter_half,3384,2025-01-03,2025-01-13,-0.0189486730632231,2025,2024-12-31,learned_vol_interaction,20260912,0.4216991098514313,0.4216991098514313,0,0
annual_quarter_half,3384,2025-01-03,2025-01-13,-0.0189486730632231,2025,2024-12-31,native_mse,20260910,-0.0042551962797835255,,0,0
annual_quarter_half,3384,2025-01-03,2025-01-13,-0.0189486730632231,2025,2024-12-31,native_mse,20260911,-0.002243633031677963,,0,0
annual_quarter_half,3384,2025-01-03,2025-01-13,-0.0189486730632231,2025,2024-12-31,native_mse,20260912,-0.003930728949605344,,0,0
annual_quarter_half,3384,2025-01-03,2025-01-13,-0.0189486730632231,2025,2024-12-31,training_frequency,-1,0.472636815920398,0.472636815920398,0,0
annual_quarter_half,3389,2025-01-10,2025-01-20,0.0353251773547418,2025,2024-12-31,learned_market,20260910,0.3910227915849612,0.3910227915849612,0,1
annual_quarter_half,3389,2025-01-10,2025-01-20,0.0353251773547418,2025,2024-12-31,learned_market,20260911,0.3899957296673264,0.3899957296673264,0,1
annual_quarter_half,3389,2025-01-10,2025-01-20,0.0353251773547418,2025,2024-12-31,learned_market,20260912,0.6539720773420672,0.6539720773420672,1,1
annual_quarter_half,3389,2025-01-10,2025-01-20,0.0353251773547418,2025,2024-12-31,learned_order_extension,20260910,0.35256611690823136,0.35256611690823136,0,1
annual_quarter_half,3389,2025-01-10,2025-01-20,0.0353251773547418,2025,2024-12-31,learned_order_extension,20260911,0.3891931634884253,0.3891931634884253,0,1
annual_quarter_half,3389,2025-01-10,2025-01-20,0.0353251773547418,2025,2024-12-31,learned_order_extension,20260912,0.7180313467789317,0.7180313467789317,1,1
annual_quarter_half,3389,2025-01-10,2025-01-20,0.0353251773547418,2025,2024-12-31,learned_order_offset,20260910,0.35282059228350937,0.35282059228350937,0,1
annual_quarter_half,3389,2025-01-10,2025-01-20,0.0353251773547418,2025,2024-12-31,learned_order_offset,20260911,0.3892930545383684,0.3892930545383684,0,1
annual_quarter_half,3389,2025-01-10,2025-01-20,0.0353251773547418,2025,2024-12-31,learned_order_offset,20260912,0.7155096866522207,0.7155096866522207,1,1
annual_quarter_half,3389,2025-01-10,2025-01-20,0.0353251773547418,2025,2024-12-31,learned_vol_interaction,20260910,0.3791321657754841,0.3791321657754841,0,1
annual_quarter_half,3389,2025-01-10,2025-01-20,0.0353251773547418,2025,2024-12-31,learned_vol_interaction,20260911,0.38884089510088987,0.38884089510088987,0,1
annual_quarter_half,3389,2025-01-10,2025-01-20,0.0353251773547418,2025,2024-12-31,learned_vol_interaction,20260912,0.6572683815072808,0.6572683815072808,1,1
annual_quarter_half,3389,2025-01-10,2025-01-20,0.0353251773547418,2025,2024-12-31,native_mse,20260910,-0.004346017102457373,,0,1
annual_quarter_half,3389,2025-01-10,2025-01-20,0.0353251773547418,2025,2024-12-31,native_mse,20260911,-0.0018394813791051527,,0,1
annual_quarter_half,3389,2025-01-10,2025-01-20,0.0353251773547418,2025,2024-12-31,native_mse,20260912,0.004608697114816542,,1,1
annual_quarter_half,3389,2025-01-10,2025-01-20,0.0353251773547418,2025,2024-12-31,training_frequency,-1,0.472636815920398,0.472636815920398,0,1
annual_quarter_half,3394,2025-01-17,2025-01-27,0.000432821422053,2025,2024-12-31,learned_market,20260910,0.49015728346105064,0.49015728346105064,0,1
annual_quarter_half,3394,2025-01-17,2025-01-27,0.000432821422053,2025,2024-12-31,learned_market,20260911,0.5369659260153571,0.5369659260153571,1,1
annual_quarter_half,3394,2025-01-17,2025-01-27,0.000432821422053,2025,2024-12-31,learned_market,20260912,0.5597316894392553,0.5597316894392553,1,1
annual_quarter_half,3394,2025-01-17,2025-01-27,0.000432821422053,2025,2024-12-31,learned_order_extension,20260910,0.48744472138871614,0.48744472138871614,0,1
annual_quarter_half,3394,2025-01-17,2025-01-27,0.000432821422053,2025,2024-12-31,learned_order_extension,20260911,0.5293310636016386,0.5293310636016386,1,1
annual_quarter_half,3394,2025-01-17,2025-01-27,0.000432821422053,2025,2024-12-31,learned_order_extension,20260912,0.6186516338053223,0.6186516338053223,1,1
annual_quarter_half,3394,2025-01-17,2025-01-27,0.000432821422053,2025,2024-12-31,learned_order_offset,20260910,0.48807314138283653,0.48807314138283653,0,1
annual_quarter_half,3394,2025-01-17,2025-01-27,0.000432821422053,2025,2024-12-31,learned_order_offset,20260911,0.52934454260111,0.52934454260111,1,1
annual_quarter_half,3394,2025-01-17,2025-01-27,0.000432821422053,2025,2024-12-31,learned_order_offset,20260912,0.6172483281551261,0.6172483281551261,1,1
annual_quarter_half,3394,2025-01-17,2025-01-27,0.000432821422053,2025,2024-12-31,learned_vol_interaction,20260910,0.4768105126561029,0.4768105126561029,0,1
annual_quarter_half,3394,2025-01-17,2025-01-27,0.000432821422053,2025,2024-12-31,learned_vol_interaction,20260911,0.5344292773183893,0.5344292773183893,1,1
annual_quarter_half,3394,2025-01-17,2025-01-27,0.000432821422053,2025,2024-12-31,learned_vol_interaction,20260912,0.5624117839252505,0.5624117839252505,1,1
annual_quarter_half,3394,2025-01-17,2025-01-27,0.000432821422053,2025,2024-12-31,native_mse,20260910,-0.0019110835117753682,,0,1
annual_quarter_half,3394,2025-01-17,2025-01-27,0.000432821422053,2025,2024-12-31,native_mse,20260911,-0.0014393263633927758,,0,1
annual_quarter_half,3394,2025-01-17,2025-01-27,0.000432821422053,2025,2024-12-31,native_mse,20260912,-0.0013781107886780553,,0,1
annual_quarter_half,3394,2025-01-17,2025-01-27,0.000432821422053,2025,2024-12-31,training_frequency,-1,0.472636815920398,0.472636815920398,0,1
annual_quarter_half,3399,2025-01-24,2025-02-10,0.0159344898044284,2025,2024-12-31,learned_market,20260910,0.43779872313730184,0.43779872313730184,0,1
annual_quarter_half,3399,2025-01-24,2025-02-10,0.0159344898044284,2025,2024-12-31,learned_market,20260911,0.579417237715051,0.579417237715051,1,1
annual_quarter_half,3399,2025-01-24,2025-02-10,0.0159344898044284,2025,2024-12-31,learned_market,20260912,0.7143346906245566,0.7143346906245566,1,1
annual_quarter_half,3399,2025-01-24,2025-02-10,0.0159344898044284,2025,2024-12-31,learned_order_extension,20260910,0.4710830358173244,0.4710830358173244,0,1
annual_quarter_half,3399,2025-01-24,2025-02-10,0.0159344898044284,2025,2024-12-31,learned_order_extension,20260911,0.5678795814188538,0.5678795814188538,1,1
annual_quarter_half,3399,2025-01-24,2025-02-10,0.0159344898044284,2025,2024-12-31,learned_order_extension,20260912,0.7832822932916682,0.7832822932916682,1,1
annual_quarter_half,3399,2025-01-24,2025-02-10,0.0159344898044284,2025,2024-12-31,learned_order_offset,20260910,0.4717801139449288,0.4717801139449288,0,1
annual_quarter_half,3399,2025-01-24,2025-02-10,0.0159344898044284,2025,2024-12-31,learned_order_offset,20260911,0.5679288793949586,0.5679288793949586,1,1
annual_quarter_half,3399,2025-01-24,2025-02-10,0.0159344898044284,2025,2024-12-31,learned_order_offset,20260912,0.7808632543831274,0.7808632543831274,1,1
annual_quarter_half,3399,2025-01-24,2025-02-10,0.0159344898044284,2025,2024-12-31,learned_vol_interaction,20260910,0.46081361135637805,0.46081361135637805,0,1
annual_quarter_half,3399,2025-01-24,2025-02-10,0.0159344898044284,2025,2024-12-31,learned_vol_interaction,20260911,0.5733087009015438,0.5733087009015438,1,1
annual_quarter_half,3399,2025-01-24,2025-02-10,0.0159344898044284,2025,2024-12-31,learned_vol_interaction,20260912,0.7143566519320824,0.7143566519320824,1,1
annual_quarter_half,3399,2025-01-24,2025-02-10,0.0159344898044284,2025,2024-12-31,native_mse,20260910,-0.0018767518511483509,,0,1
annual_quarter_half,3399,2025-01-24,2025-02-10,0.0159344898044284,2025,2024-12-31,native_mse,20260911,-0.0005732481089145066,,0,1
annual_quarter_half,3399,2025-01-24,2025-02-10,0.0159344898044284,2025,2024-12-31,native_mse,20260912,0.008065382377116114,,1,1
annual_quarter_half,3399,2025-01-24,2025-02-10,0.0159344898044284,2025,2024-12-31,training_frequency,-1,0.472636815920398,0.472636815920398,0,1
annual_quarter_half,3403,2025-02-07,2025-02-17,0.0144454990892999,2025,2024-12-31,learned_market,20260910,0.5065763414140139,0.5065763414140139,1,1
annual_quarter_half,3403,2025-02-07,2025-02-17,0.0144454990892999,2025,2024-12-31,learned_market,20260911,0.6179638900480853,0.6179638900480853,1,1
annual_quarter_half,3403,2025-02-07,2025-02-17,0.0144454990892999,2025,2024-12-31,learned_market,20260912,0.6628191037923492,0.6628191037923492,1,1
annual_quarter_half,3403,2025-02-07,2025-02-17,0.0144454990892999,2025,2024-12-31,learned_order_extension,20260910,0.5229042647242248,0.5229042647242248,1,1
annual_quarter_half,3403,2025-02-07,2025-02-17,0.0144454990892999,2025,2024-12-31,learned_order_extension,20260911,0.6181569415812861,0.6181569415812861,1,1
annual_quarter_half,3403,2025-02-07,2025-02-17,0.0144454990892999,2025,2024-12-31,learned_order_extension,20260912,0.7098765758367355,0.7098765758367355,1,1
annual_quarter_half,3403,2025-02-07,2025-02-17,0.0144454990892999,2025,2024-12-31,learned_order_offset,20260910,0.524022842955718,0.524022842955718,1,1
annual_quarter_half,3403,2025-02-07,2025-02-17,0.0144454990892999,2025,2024-12-31,learned_order_offset,20260911,0.6181544426401614,0.6181544426401614,1,1
annual_quarter_half,3403,2025-02-07,2025-02-17,0.0144454990892999,2025,2024-12-31,learned_order_offset,20260912,0.7081726942730068,0.7081726942730068,1,1
annual_quarter_half,3403,2025-02-07,2025-02-17,0.0144454990892999,2025,2024-12-31,learned_vol_interaction,20260910,0.5021249737202294,0.5021249737202294,1,1
annual_quarter_half,3403,2025-02-07,2025-02-17,0.0144454990892999,2025,2024-12-31,learned_vol_interaction,20260911,0.6229730094392066,0.6229730094392066,1,1
annual_quarter_half,3403,2025-02-07,2025-02-17,0.0144454990892999,2025,2024-12-31,learned_vol_interaction,20260912,0.6656753647706254,0.6656753647706254,1,1
annual_quarter_half,3403,2025-02-07,2025-02-17,0.0144454990892999,2025,2024-12-31,native_mse,20260910,-0.0005243581714439598,,0,1
annual_quarter_half,3403,2025-02-07,2025-02-17,0.0144454990892999,2025,2024-12-31,native_mse,20260911,-0.0003493640286036611,,0,1
annual_quarter_half,3403,2025-02-07,2025-02-17,0.0144454990892999,2025,2024-12-31,native_mse,20260912,0.0020560919017093573,,1,1
annual_quarter_half,3403,2025-02-07,2025-02-17,0.0144454990892999,2025,2024-12-31,training_frequency,-1,0.472636815920398,0.472636815920398,0,1
annual_quarter_half,3408,2025-02-14,2025-02-24,0.0045695818086644,2025,2024-12-31,learned_market,20260910,0.5698063647751795,0.5698063647751795,1,1
annual_quarter_half,3408,2025-02-14,2025-02-24,0.0045695818086644,2025,2024-12-31,learned_market,20260911,0.616114705527485,0.616114705527485,1,1
annual_quarter_half,3408,2025-02-14,2025-02-24,0.0045695818086644,2025,2024-12-31,learned_market,20260912,0.6357468977060057,0.6357468977060057,1,1
annual_quarter_half,3408,2025-02-14,2025-02-24,0.0045695818086644,2025,2024-12-31,learned_order_extension,20260910,0.5778482952092869,0.5778482952092869,1,1
annual_quarter_half,3408,2025-02-14,2025-02-24,0.0045695818086644,2025,2024-12-31,learned_order_extension,20260911,0.623244763024503,0.623244763024503,1,1
annual_quarter_half,3408,2025-02-14,2025-02-24,0.0045695818086644,2025,2024-12-31,learned_order_extension,20260912,0.6855283540318028,0.6855283540318028,1,1
annual_quarter_half,3408,2025-02-14,2025-02-24,0.0045695818086644,2025,2024-12-31,learned_order_offset,20260910,0.5772818750748553,0.5772818750748553,1,1
annual_quarter_half,3408,2025-02-14,2025-02-24,0.0045695818086644,2025,2024-12-31,learned_order_offset,20260911,0.6233447631977894,0.6233447631977894,1,1
annual_quarter_half,3408,2025-02-14,2025-02-24,0.0045695818086644,2025,2024-12-31,learned_order_offset,20260912,0.6832841057647039,0.6832841057647039,1,1
annual_quarter_half,3408,2025-02-14,2025-02-24,0.0045695818086644,2025,2024-12-31,learned_vol_interaction,20260910,0.5796741457129003,0.5796741457129003,1,1
annual_quarter_half,3408,2025-02-14,2025-02-24,0.0045695818086644,2025,2024-12-31,learned_vol_interaction,20260911,0.6249392220388966,0.6249392220388966,1,1
annual_quarter_half,3408,2025-02-14,2025-02-24,0.0045695818086644,2025,2024-12-31,learned_vol_interaction,20260912,0.6366748986711647,0.6366748986711647,1,1
annual_quarter_half,3408,2025-02-14,2025-02-24,0.0045695818086644,2025,2024-12-31,native_mse,20260910,0.0018166916350322408,,1,1
annual_quarter_half,3408,2025-02-14,2025-02-24,0.0045695818086644,2025,2024-12-31,native_mse,20260911,-6.571465300264602e-06,,0,1
annual_quarter_half,3408,2025-02-14,2025-02-24,0.0045695818086644,2025,2024-12-31,native_mse,20260912,0.0004574229206631815,,1,1
annual_quarter_half,3408,2025-02-14,2025-02-24,0.0045695818086644,2025,2024-12-31,training_frequency,-1,0.472636815920398,0.472636815920398,0,1
annual_quarter_half,3413,2025-02-21,2025-03-03,-0.0183210488158531,2025,2024-12-31,learned_market,20260910,0.5387747536285505,0.5387747536285505,1,0
annual_quarter_half,3413,2025-02-21,2025-03-03,-0.0183210488158531,2025,2024-12-31,learned_market,20260911,0.562117179520429,0.562117179520429,1,0
annual_quarter_half,3413,2025-02-21,2025-03-03,-0.0183210488158531,2025,2024-12-31,learned_market,20260912,0.3807729420629625,0.3807729420629625,0,0
annual_quarter_half,3413,2025-02-21,2025-03-03,-0.0183210488158531,2025,2024-12-31,learned_order_extension,20260910,0.6398652110146743,0.6398652110146743,1,0
annual_quarter_half,3413,2025-02-21,2025-03-03,-0.0183210488158531,2025,2024-12-31,learned_order_extension,20260911,0.5698307059548449,0.5698307059548449,1,0
annual_quarter_half,3413,2025-02-21,2025-03-03,-0.0183210488158531,2025,2024-12-31,learned_order_extension,20260912,0.40938066472725215,0.40938066472725215,0,0
annual_quarter_half,3413,2025-02-21,2025-03-03,-0.0183210488158531,2025,2024-12-31,learned_order_offset,20260910,0.6395827908381064,0.6395827908381064,1,0
annual_quarter_half,3413,2025-02-21,2025-03-03,-0.0183210488158531,2025,2024-12-31,learned_order_offset,20260911,0.5699444546955538,0.5699444546955538,1,0
annual_quarter_half,3413,2025-02-21,2025-03-03,-0.0183210488158531,2025,2024-12-31,learned_order_offset,20260912,0.4117646835265383,0.4117646835265383,0,0
annual_quarter_half,3413,2025-02-21,2025-03-03,-0.0183210488158531,2025,2024-12-31,learned_vol_interaction,20260910,0.5894724308913238,0.5894724308913238,1,0
annual_quarter_half,3413,2025-02-21,2025-03-03,-0.0183210488158531,2025,2024-12-31,learned_vol_interaction,20260911,0.5770853748295083,0.5770853748295083,1,0
annual_quarter_half,3413,2025-02-21,2025-03-03,-0.0183210488158531,2025,2024-12-31,learned_vol_interaction,20260912,0.3758479309011285,0.3758479309011285,0,0
annual_quarter_half,3413,2025-02-21,2025-03-03,-0.0183210488158531,2025,2024-12-31,native_mse,20260910,-0.0017910693651536675,,0,0
annual_quarter_half,3413,2025-02-21,2025-03-03,-0.0183210488158531,2025,2024-12-31,native_mse,20260911,0.00010564573035517886,,1,0
annual_quarter_half,3413,2025-02-21,2025-03-03,-0.0183210488158531,2025,2024-12-31,native_mse,20260912,-0.004487069050516085,,0,0
annual_quarter_half,3413,2025-02-21,2025-03-03,-0.0183210488158531,2025,2024-12-31,training_frequency,-1,0.472636815920398,0.472636815920398,0,0
annual_quarter_half,3418,2025-02-28,2025-03-10,0.0117650075646844,2025,2024-12-31,learned_market,20260910,0.4812656782302869,0.4812656782302869,0,1
annual_quarter_half,3418,2025-02-28,2025-03-10,0.0117650075646844,2025,2024-12-31,learned_market,20260911,0.5285781284571346,0.5285781284571346,1,1
annual_quarter_half,3418,2025-02-28,2025-03-10,0.0117650075646844,2025,2024-12-31,learned_market,20260912,0.5714127704615375,0.5714127704615375,1,1
annual_quarter_half,3418,2025-02-28,2025-03-10,0.0117650075646844,2025,2024-12-31,learned_order_extension,20260910,0.5091435465758709,0.5091435465758709,1,1
annual_quarter_half,3418,2025-02-28,2025-03-10,0.0117650075646844,2025,2024-12-31,learned_order_extension,20260911,0.5277004284689892,0.5277004284689892,1,1
annual_quarter_half,3418,2025-02-28,2025-03-10,0.0117650075646844,2025,2024-12-31,learned_order_extension,20260912,0.6433684681685069,0.6433684681685069,1,1
annual_quarter_half,3418,2025-02-28,2025-03-10,0.0117650075646844,2025,2024-12-31,learned_order_offset,20260910,0.5071295431195366,0.5071295431195366,1,1
annual_quarter_half,3418,2025-02-28,2025-03-10,0.0117650075646844,2025,2024-12-31,learned_order_offset,20260911,0.5277660121776485,0.5277660121776485,1,1
annual_quarter_half,3418,2025-02-28,2025-03-10,0.0117650075646844,2025,2024-12-31,learned_order_offset,20260912,0.6412881777301309,0.6412881777301309,1,1
annual_quarter_half,3418,2025-02-28,2025-03-10,0.0117650075646844,2025,2024-12-31,learned_vol_interaction,20260910,0.5038224926529957,0.5038224926529957,1,1
annual_quarter_half,3418,2025-02-28,2025-03-10,0.0117650075646844,2025,2024-12-31,learned_vol_interaction,20260911,0.5320196258694382,0.5320196258694382,1,1
annual_quarter_half,3418,2025-02-28,2025-03-10,0.0117650075646844,2025,2024-12-31,learned_vol_interaction,20260912,0.5709205167438731,0.5709205167438731,1,1
annual_quarter_half,3418,2025-02-28,2025-03-10,0.0117650075646844,2025,2024-12-31,native_mse,20260910,8.039864129989814e-05,,1,1
annual_quarter_half,3418,2025-02-28,2025-03-10,0.0117650075646844,2025,2024-12-31,native_mse,20260911,0.00030938900384146466,,1,1
annual_quarter_half,3418,2025-02-28,2025-03-10,0.0117650075646844,2025,2024-12-31,native_mse,20260912,0.007907777385840498,,1,1
annual_quarter_half,3418,2025-02-28,2025-03-10,0.0117650075646844,2025,2024-12-31,training_frequency,-1,0.472636815920398,0.472636815920398,0,1
annual_quarter_half,3423,2025-03-07,2025-03-17,0.019023819058288,2025,2024-12-31,learned_market,20260910,0.6111767156385011,0.6111767156385011,1,1
annual_quarter_half,3423,2025-03-07,2025-03-17,0.019023819058288,2025,2024-12-31,learned_market,20260911,0.4669000809915797,0.4669000809915797,0,1
annual_quarter_half,3423,2025-03-07,2025-03-17,0.019023819058288,2025,2024-12-31,learned_market,20260912,0.2731298059228326,0.2731298059228326,0,1
annual_quarter_half,3423,2025-03-07,2025-03-17,0.019023819058288,2025,2024-12-31,learned_order_extension,20260910,0.6768915881499589,0.6768915881499589,1,1
annual_quarter_half,3423,2025-03-07,2025-03-17,0.019023819058288,2025,2024-12-31,learned_order_extension,20260911,0.4694347191401159,0.4694347191401159,0,1
annual_quarter_half,3423,2025-03-07,2025-03-17,0.019023819058288,2025,2024-12-31,learned_order_extension,20260912,0.25002023502263354,0.25002023502263354,0,1
annual_quarter_half,3423,2025-03-07,2025-03-17,0.019023819058288,2025,2024-12-31,learned_order_offset,20260910,0.6756470892929178,0.6756470892929178,1,1
annual_quarter_half,3423,2025-03-07,2025-03-17,0.019023819058288,2025,2024-12-31,learned_order_offset,20260911,0.46953630716328854,0.46953630716328854,0,1
annual_quarter_half,3423,2025-03-07,2025-03-17,0.019023819058288,2025,2024-12-31,learned_order_offset,20260912,0.25180315037211576,0.25180315037211576,0,1
annual_quarter_half,3423,2025-03-07,2025-03-17,0.019023819058288,2025,2024-12-31,learned_vol_interaction,20260910,0.6257731101792092,0.6257731101792092,1,1
annual_quarter_half,3423,2025-03-07,2025-03-17,0.019023819058288,2025,2024-12-31,learned_vol_interaction,20260911,0.4709950343968562,0.4709950343968562,0,1
annual_quarter_half,3423,2025-03-07,2025-03-17,0.019023819058288,2025,2024-12-31,learned_vol_interaction,20260912,0.2697314685006311,0.2697314685006311,0,1
annual_quarter_half,3423,2025-03-07,2025-03-17,0.019023819058288,2025,2024-12-31,native_mse,20260910,0.00045020548490624885,,1,1
annual_quarter_half,3423,2025-03-07,2025-03-17,0.019023819058288,2025,2024-12-31,native_mse,20260911,0.0003527669941379203,,1,1
annual_quarter_half,3423,2025-03-07,2025-03-17,0.019023819058288,2025,2024-12-31,native_mse,20260912,-0.007080334543719193,,0,1
annual_quarter_half,3423,2025-03-07,2025-03-17,0.019023819058288,2025,2024-12-31,training_frequency,-1,0.472636815920398,0.472636815920398,0,1
annual_quarter_half,3428,2025-03-14,2025-03-24,-0.0259983485216283,2025,2024-12-31,learned_market,20260910,0.44730435644814126,0.44730435644814126,0,0
annual_quarter_half,3428,2025-03-14,2025-03-24,-0.0259983485216283,2025,2024-12-31,learned_market,20260911,0.5699083421091582,0.5699083421091582,1,0
annual_quarter_half,3428,2025-03-14,2025-03-24,-0.0259983485216283,2025,2024-12-31,learned_market,20260912,0.696672234818679,0.696672234818679,1,0
annual_quarter_half,3428,2025-03-14,2025-03-24,-0.0259983485216283,2025,2024-12-31,learned_order_extension,20260910,0.45607712059245215,0.45607712059245215,0,0
annual_quarter_half,3428,2025-03-14,2025-03-24,-0.0259983485216283,2025,2024-12-31,learned_order_extension,20260911,0.5654667556034778,0.5654667556034778,1,0
annual_quarter_half,3428,2025-03-14,2025-03-24,-0.0259983485216283,2025,2024-12-31,learned_order_extension,20260912,0.7238176657049011,0.7238176657049011,1,0
annual_quarter_half,3428,2025-03-14,2025-03-24,-0.0259983485216283,2025,2024-12-31,learned_order_offset,20260910,0.455714753994421,0.455714753994421,0,0
annual_quarter_half,3428,2025-03-14,2025-03-24,-0.0259983485216283,2025,2024-12-31,learned_order_offset,20260911,0.5655482902240324,0.5655482902240324,1,0
annual_quarter_half,3428,2025-03-14,2025-03-24,-0.0259983485216283,2025,2024-12-31,learned_order_offset,20260912,0.7172777696525664,0.7172777696525664,1,0
annual_quarter_half,3428,2025-03-14,2025-03-24,-0.0259983485216283,2025,2024-12-31,learned_vol_interaction,20260910,0.44102075881393793,0.44102075881393793,0,0
annual_quarter_half,3428,2025-03-14,2025-03-24,-0.0259983485216283,2025,2024-12-31,learned_vol_interaction,20260911,0.5689479286300063,0.5689479286300063,1,0
annual_quarter_half,3428,2025-03-14,2025-03-24,-0.0259983485216283,2025,2024-12-31,learned_vol_interaction,20260912,0.6971511109958376,0.6971511109958376,1,0
annual_quarter_half,3428,2025-03-14,2025-03-24,-0.0259983485216283,2025,2024-12-31,native_mse,20260910,0.004030585426274574,,1,0
annual_quarter_half,3428,2025-03-14,2025-03-24,-0.0259983485216283,2025,2024-12-31,native_mse,20260911,0.0004719065040533454,,1,0
annual_quarter_half,3428,2025-03-14,2025-03-24,-0.0259983485216283,2025,2024-12-31,native_mse,20260912,0.005416181842733637,,1,0
annual_quarter_half,3428,2025-03-14,2025-03-24,-0.0259983485216283,2025,2024-12-31,training_frequency,-1,0.472636815920398,0.472636815920398,0,0
annual_quarter_half,3433,2025-03-21,2025-03-31,-0.0025867506275359,2025,2024-12-31,learned_market,20260910,0.5315675954271929,0.5315675954271929,1,0
annual_quarter_half,3433,2025-03-21,2025-03-31,-0.0025867506275359,2025,2024-12-31,learned_market,20260911,0.41241409635776066,0.41241409635776066,0,0
annual_quarter_half,3433,2025-03-21,2025-03-31,-0.0025867506275359,2025,2024-12-31,learned_market,20260912,0.5676267142547179,0.5676267142547179,1,0
annual_quarter_half,3433,2025-03-21,2025-03-31,-0.0025867506275359,2025,2024-12-31,learned_order_extension,20260910,0.5368074346463041,0.5368074346463041,1,0
annual_quarter_half,3433,2025-03-21,2025-03-31,-0.0025867506275359,2025,2024-12-31,learned_order_extension,20260911,0.40561065982780425,0.40561065982780425,0,0
annual_quarter_half,3433,2025-03-21,2025-03-31,-0.0025867506275359,2025,2024-12-31,learned_order_extension,20260912,0.5988742871040955,0.5988742871040955,1,0
annual_quarter_half,3433,2025-03-21,2025-03-31,-0.0025867506275359,2025,2024-12-31,learned_order_offset,20260910,0.5359223493617127,0.5359223493617127,1,0
annual_quarter_half,3433,2025-03-21,2025-03-31,-0.0025867506275359,2025,2024-12-31,learned_order_offset,20260911,0.4056793971990091,0.4056793971990091,0,0
annual_quarter_half,3433,2025-03-21,2025-03-31,-0.0025867506275359,2025,2024-12-31,learned_order_offset,20260912,0.5938462138293957,0.5938462138293957,1,0
annual_quarter_half,3433,2025-03-21,2025-03-31,-0.0025867506275359,2025,2024-12-31,learned_vol_interaction,20260910,0.5122265111637169,0.5122265111637169,1,0
annual_quarter_half,3433,2025-03-21,2025-03-31,-0.0025867506275359,2025,2024-12-31,learned_vol_interaction,20260911,0.4073280883173269,0.4073280883173269,0,0
annual_quarter_half,3433,2025-03-21,2025-03-31,-0.0025867506275359,2025,2024-12-31,learned_vol_interaction,20260912,0.5692380331101397,0.5692380331101397,1,0
annual_quarter_half,3433,2025-03-21,2025-03-31,-0.0025867506275359,2025,2024-12-31,native_mse,20260910,0.0025467178052053364,,1,0
annual_quarter_half,3433,2025-03-21,2025-03-31,-0.0025867506275359,2025,2024-12-31,native_mse,20260911,0.0001374212134311476,,1,0
annual_quarter_half,3433,2025-03-21,2025-03-31,-0.0025867506275359,2025,2024-12-31,native_mse,20260912,0.0028174386195491687,,1,0
annual_quarter_half,3433,2025-03-21,2025-03-31,-0.0025867506275359,2025,2024-12-31,training_frequency,-1,0.472636815920398,0.472636815920398,0,0
annual_quarter_half,3438,2025-03-28,2025-04-14,-0.0342910101946246,2025,2024-12-31,learned_market,20260910,0.7166635184412673,0.7166635184412673,1,0
annual_quarter_half,3438,2025-03-28,2025-04-14,-0.0342910101946246,2025,2024-12-31,learned_market,20260911,0.48277123146752016,0.48277123146752016,0,0
annual_quarter_half,3438,2025-03-28,2025-04-14,-0.0342910101946246,2025,2024-12-31,learned_market,20260912,0.560911448173473,0.560911448173473,1,0
annual_quarter_half,3438,2025-03-28,2025-04-14,-0.0342910101946246,2025,2024-12-31,learned_order_extension,20260910,0.8368647681799748,0.8368647681799748,1,0
annual_quarter_half,3438,2025-03-28,2025-04-14,-0.0342910101946246,2025,2024-12-31,learned_order_extension,20260911,0.47795042275731253,0.47795042275731253,0,0
annual_quarter_half,3438,2025-03-28,2025-04-14,-0.0342910101946246,2025,2024-12-31,learned_order_extension,20260912,0.6204095542696454,0.6204095542696454,1,0
annual_quarter_half,3438,2025-03-28,2025-04-14,-0.0342910101946246,2025,2024-12-31,learned_order_offset,20260910,0.834993269183481,0.834993269183481,1,0
annual_quarter_half,3438,2025-03-28,2025-04-14,-0.0342910101946246,2025,2024-12-31,learned_order_offset,20260911,0.4779797038173516,0.4779797038173516,0,0
annual_quarter_half,3438,2025-03-28,2025-04-14,-0.0342910101946246,2025,2024-12-31,learned_order_offset,20260912,0.6157709090258536,0.6157709090258536,1,0
annual_quarter_half,3438,2025-03-28,2025-04-14,-0.0342910101946246,2025,2024-12-31,learned_vol_interaction,20260910,0.7509067743034049,0.7509067743034049,1,0
annual_quarter_half,3438,2025-03-28,2025-04-14,-0.0342910101946246,2025,2024-12-31,learned_vol_interaction,20260911,0.4833458290624725,0.4833458290624725,0,0
annual_quarter_half,3438,2025-03-28,2025-04-14,-0.0342910101946246,2025,2024-12-31,learned_vol_interaction,20260912,0.5653548865619433,0.5653548865619433,1,0
annual_quarter_half,3438,2025-03-28,2025-04-14,-0.0342910101946246,2025,2024-12-31,native_mse,20260910,0.007880897711304511,,1,0
annual_quarter_half,3438,2025-03-28,2025-04-14,-0.0342910101946246,2025,2024-12-31,native_mse,20260911,0.0003460895283123176,,1,0
annual_quarter_half,3438,2025-03-28,2025-04-14,-0.0342910101946246,2025,2024-12-31,native_mse,20260912,0.0006099430279859906,,1,0
annual_quarter_half,3438,2025-03-28,2025-04-14,-0.0342910101946246,2025,2024-12-31,training_frequency,-1,0.472636815920398,0.472636815920398,0,0
annual_quarter_half,3447,2025-04-11,2025-04-21,-0.0010339232881941,2025,2025-03-31,learned_market,20260910,0.5052143177730595,0.5052143177730595,1,0
annual_quarter_half,3447,2025-04-11,2025-04-21,-0.0010339232881941,2025,2025-03-31,learned_market,20260911,0.5572487474095178,0.5572487474095178,1,0
annual_quarter_half,3447,2025-04-11,2025-04-21,-0.0010339232881941,2025,2025-03-31,learned_market,20260912,0.5563971410831623,0.5563971410831623,1,0
annual_quarter_half,3447,2025-04-11,2025-04-21,-0.0010339232881941,2025,2025-03-31,learned_order_extension,20260910,0.5278232617380669,0.5278232617380669,1,0
annual_quarter_half,3447,2025-04-11,2025-04-21,-0.0010339232881941,2025,2025-03-31,learned_order_extension,20260911,0.5225313874322415,0.5225313874322415,1,0
annual_quarter_half,3447,2025-04-11,2025-04-21,-0.0010339232881941,2025,2025-03-31,learned_order_extension,20260912,0.5059869723253267,0.5059869723253267,1,0
annual_quarter_half,3447,2025-04-11,2025-04-21,-0.0010339232881941,2025,2025-03-31,learned_order_offset,20260910,0.5264373815216974,0.5264373815216974,1,0
annual_quarter_half,3447,2025-04-11,2025-04-21,-0.0010339232881941,2025,2025-03-31,learned_order_offset,20260911,0.5225786751269115,0.5225786751269115,1,0
annual_quarter_half,3447,2025-04-11,2025-04-21,-0.0010339232881941,2025,2025-03-31,learned_order_offset,20260912,0.5046162037875985,0.5046162037875985,1,0
annual_quarter_half,3447,2025-04-11,2025-04-21,-0.0010339232881941,2025,2025-03-31,learned_vol_interaction,20260910,0.523161614280174,0.523161614280174,1,0
annual_quarter_half,3447,2025-04-11,2025-04-21,-0.0010339232881941,2025,2025-03-31,learned_vol_interaction,20260911,0.5305133442560251,0.5305133442560251,1,0
annual_quarter_half,3447,2025-04-11,2025-04-21,-0.0010339232881941,2025,2025-03-31,learned_vol_interaction,20260912,0.5284155192458461,0.5284155192458461,1,0
annual_quarter_half,3447,2025-04-11,2025-04-21,-0.0010339232881941,2025,2025-03-31,native_mse,20260910,0.00021763178447476426,,1,0
annual_quarter_half,3447,2025-04-11,2025-04-21,-0.0010339232881941,2025,2025-03-31,native_mse,20260911,0.0013791531615087902,,1,0
annual_quarter_half,3447,2025-04-11,2025-04-21,-0.0010339232881941,2025,2025-03-31,native_mse,20260912,-0.0015114044587259297,,0,0
annual_quarter_half,3447,2025-04-11,2025-04-21,-0.0010339232881941,2025,2025-03-31,training_frequency,-1,0.4732478685411119,0.4732478685411119,0,0
annual_quarter_half,3452,2025-04-18,2025-04-28,0.0048432383085554,2025,2025-03-31,learned_market,20260910,0.6800486571648351,0.6800486571648351,1,1
annual_quarter_half,3452,2025-04-18,2025-04-28,0.0048432383085554,2025,2025-03-31,learned_market,20260911,0.5539329105267667,0.5539329105267667,1,1
annual_quarter_half,3452,2025-04-18,2025-04-28,0.0048432383085554,2025,2025-03-31,learned_market,20260912,0.5961288371517662,0.5961288371517662,1,1
annual_quarter_half,3452,2025-04-18,2025-04-28,0.0048432383085554,2025,2025-03-31,learned_order_extension,20260910,0.6275007744933578,0.6275007744933578,1,1
annual_quarter_half,3452,2025-04-18,2025-04-28,0.0048432383085554,2025,2025-03-31,learned_order_extension,20260911,0.5250488920083157,0.5250488920083157,1,1
annual_quarter_half,3452,2025-04-18,2025-04-28,0.0048432383085554,2025,2025-03-31,learned_order_extension,20260912,0.5764434866059621,0.5764434866059621,1,1
annual_quarter_half,3452,2025-04-18,2025-04-28,0.0048432383085554,2025,2025-03-31,learned_order_offset,20260910,0.6274029828754204,0.6274029828754204,1,1
annual_quarter_half,3452,2025-04-18,2025-04-28,0.0048432383085554,2025,2025-03-31,learned_order_offset,20260911,0.5252645060464085,0.5252645060464085,1,1
annual_quarter_half,3452,2025-04-18,2025-04-28,0.0048432383085554,2025,2025-03-31,learned_order_offset,20260912,0.575321698486475,0.575321698486475,1,1
annual_quarter_half,3452,2025-04-18,2025-04-28,0.0048432383085554,2025,2025-03-31,learned_vol_interaction,20260910,0.5940792548863061,0.5940792548863061,1,1
annual_quarter_half,3452,2025-04-18,2025-04-28,0.0048432383085554,2025,2025-03-31,learned_vol_interaction,20260911,0.5271952356040723,0.5271952356040723,1,1
annual_quarter_half,3452,2025-04-18,2025-04-28,0.0048432383085554,2025,2025-03-31,learned_vol_interaction,20260912,0.5725036422216623,0.5725036422216623,1,1
annual_quarter_half,3452,2025-04-18,2025-04-28,0.0048432383085554,2025,2025-03-31,native_mse,20260910,0.0037910482823739805,,1,1
annual_quarter_half,3452,2025-04-18,2025-04-28,0.0048432383085554,2025,2025-03-31,native_mse,20260911,0.002070482171771676,,1,1
annual_quarter_half,3452,2025-04-18,2025-04-28,0.0048432383085554,2025,2025-03-31,native_mse,20260912,-0.000735464467629915,,0,1
annual_quarter_half,3452,2025-04-18,2025-04-28,0.0048432383085554,2025,2025-03-31,training_frequency,-1,0.4732478685411119,0.4732478685411119,0,1
annual_quarter_half,3457,2025-04-25,2025-05-12,0.02116527880118,2025,2025-03-31,learned_market,20260910,0.5144935510031463,0.5144935510031463,1,1
annual_quarter_half,3457,2025-04-25,2025-05-12,0.02116527880118,2025,2025-03-31,learned_market,20260911,0.3816155389718864,0.3816155389718864,0,1
annual_quarter_half,3457,2025-04-25,2025-05-12,0.02116527880118,2025,2025-03-31,learned_market,20260912,0.4967012355936098,0.4967012355936098,0,1
annual_quarter_half,3457,2025-04-25,2025-05-12,0.02116527880118,2025,2025-03-31,learned_order_extension,20260910,0.5325259066079341,0.5325259066079341,1,1
annual_quarter_half,3457,2025-04-25,2025-05-12,0.02116527880118,2025,2025-03-31,learned_order_extension,20260911,0.42078799602658146,0.42078799602658146,0,1
annual_quarter_half,3457,2025-04-25,2025-05-12,0.02116527880118,2025,2025-03-31,learned_order_extension,20260912,0.4648088255027859,0.4648088255027859,0,1
annual_quarter_half,3457,2025-04-25,2025-05-12,0.02116527880118,2025,2025-03-31,learned_order_offset,20260910,0.5324418069785143,0.5324418069785143,1,1
annual_quarter_half,3457,2025-04-25,2025-05-12,0.02116527880118,2025,2025-03-31,learned_order_offset,20260911,0.42073309455384633,0.42073309455384633,0,1
annual_quarter_half,3457,2025-04-25,2025-05-12,0.02116527880118,2025,2025-03-31,learned_order_offset,20260912,0.46591416888245746,0.46591416888245746,0,1
annual_quarter_half,3457,2025-04-25,2025-05-12,0.02116527880118,2025,2025-03-31,learned_vol_interaction,20260910,0.5351758469933903,0.5351758469933903,1,1
annual_quarter_half,3457,2025-04-25,2025-05-12,0.02116527880118,2025,2025-03-31,learned_vol_interaction,20260911,0.4167897125462488,0.4167897125462488,0,1
annual_quarter_half,3457,2025-04-25,2025-05-12,0.02116527880118,2025,2025-03-31,learned_vol_interaction,20260912,0.4857799111295696,0.4857799111295696,0,1
annual_quarter_half,3457,2025-04-25,2025-05-12,0.02116527880118,2025,2025-03-31,native_mse,20260910,-3.96435486672076e-05,,0,1
annual_quarter_half,3457,2025-04-25,2025-05-12,0.02116527880118,2025,2025-03-31,native_mse,20260911,7.329499642968893e-05,,1,1
annual_quarter_half,3457,2025-04-25,2025-05-12,0.02116527880118,2025,2025-03-31,native_mse,20260912,-0.0011391157335412035,,0,1
annual_quarter_half,3457,2025-04-25,2025-05-12,0.02116527880118,2025,2025-03-31,training_frequency,-1,0.4732478685411119,0.4732478685411119,0,1
annual_quarter_half,3464,2025-05-09,2025-05-19,0.0041484224873464,2025,2025-03-31,learned_market,20260910,0.34986633803849426,0.34986633803849426,0,1
annual_quarter_half,3464,2025-05-09,2025-05-19,0.0041484224873464,2025,2025-03-31,learned_market,20260911,0.33373104877840576,0.33373104877840576,0,1
annual_quarter_half,3464,2025-05-09,2025-05-19,0.0041484224873464,2025,2025-03-31,learned_market,20260912,0.22204758369985556,0.22204758369985556,0,1
annual_quarter_half,3464,2025-05-09,2025-05-19,0.0041484224873464,2025,2025-03-31,learned_order_extension,20260910,0.32134884027033755,0.32134884027033755,0,1
annual_quarter_half,3464,2025-05-09,2025-05-19,0.0041484224873464,2025,2025-03-31,learned_order_extension,20260911,0.309144254425454,0.309144254425454,0,1
annual_quarter_half,3464,2025-05-09,2025-05-19,0.0041484224873464,2025,2025-03-31,learned_order_extension,20260912,0.20039225458944365,0.20039225458944365,0,1
annual_quarter_half,3464,2025-05-09,2025-05-19,0.0041484224873464,2025,2025-03-31,learned_order_offset,20260910,0.32174718792033086,0.32174718792033086,0,1
annual_quarter_half,3464,2025-05-09,2025-05-19,0.0041484224873464,2025,2025-03-31,learned_order_offset,20260911,0.30933222352236156,0.30933222352236156,0,1
annual_quarter_half,3464,2025-05-09,2025-05-19,0.0041484224873464,2025,2025-03-31,learned_order_offset,20260912,0.20328897525722783,0.20328897525722783,0,1
annual_quarter_half,3464,2025-05-09,2025-05-19,0.0041484224873464,2025,2025-03-31,learned_vol_interaction,20260910,0.3276003303836892,0.3276003303836892,0,1
annual_quarter_half,3464,2025-05-09,2025-05-19,0.0041484224873464,2025,2025-03-31,learned_vol_interaction,20260911,0.30743530664239366,0.30743530664239366,0,1
annual_quarter_half,3464,2025-05-09,2025-05-19,0.0041484224873464,2025,2025-03-31,learned_vol_interaction,20260912,0.193033657386068,0.193033657386068,0,1
annual_quarter_half,3464,2025-05-09,2025-05-19,0.0041484224873464,2025,2025-03-31,native_mse,20260910,-0.002501810947701567,,0,1
annual_quarter_half,3464,2025-05-09,2025-05-19,0.0041484224873464,2025,2025-03-31,native_mse,20260911,-0.000450470991900036,,0,1
annual_quarter_half,3464,2025-05-09,2025-05-19,0.0041484224873464,2025,2025-03-31,native_mse,20260912,-0.0030726456365558746,,0,1
annual_quarter_half,3464,2025-05-09,2025-05-19,0.0041484224873464,2025,2025-03-31,training_frequency,-1,0.4732478685411119,0.4732478685411119,0,1
annual_quarter_half,3469,2025-05-16,2025-05-26,-0.0017462660042188,2025,2025-03-31,learned_market,20260910,0.2496421194745636,0.2496421194745636,0,0
annual_quarter_half,3469,2025-05-16,2025-05-26,-0.0017462660042188,2025,2025-03-31,learned_market,20260911,0.3367084008053653,0.3367084008053653,0,0
annual_quarter_half,3469,2025-05-16,2025-05-26,-0.0017462660042188,2025,2025-03-31,learned_market,20260912,0.23043838121599586,0.23043838121599586,0,0
annual_quarter_half,3469,2025-05-16,2025-05-26,-0.0017462660042188,2025,2025-03-31,learned_order_extension,20260910,0.2283272081821937,0.2283272081821937,0,0
annual_quarter_half,3469,2025-05-16,2025-05-26,-0.0017462660042188,2025,2025-03-31,learned_order_extension,20260911,0.33466225522061327,0.33466225522061327,0,0
annual_quarter_half,3469,2025-05-16,2025-05-26,-0.0017462660042188,2025,2025-03-31,learned_order_extension,20260912,0.20213381483751847,0.20213381483751847,0,0
annual_quarter_half,3469,2025-05-16,2025-05-26,-0.0017462660042188,2025,2025-03-31,learned_order_offset,20260910,0.22846443045606993,0.22846443045606993,0,0
annual_quarter_half,3469,2025-05-16,2025-05-26,-0.0017462660042188,2025,2025-03-31,learned_order_offset,20260911,0.33481121516296874,0.33481121516296874,0,0
annual_quarter_half,3469,2025-05-16,2025-05-26,-0.0017462660042188,2025,2025-03-31,learned_order_offset,20260912,0.20440951243454572,0.20440951243454572,0,0
annual_quarter_half,3469,2025-05-16,2025-05-26,-0.0017462660042188,2025,2025-03-31,learned_vol_interaction,20260910,0.2291742150018461,0.2291742150018461,0,0
annual_quarter_half,3469,2025-05-16,2025-05-26,-0.0017462660042188,2025,2025-03-31,learned_vol_interaction,20260911,0.3306234650997585,0.3306234650997585,0,0
annual_quarter_half,3469,2025-05-16,2025-05-26,-0.0017462660042188,2025,2025-03-31,learned_vol_interaction,20260912,0.19589348848126686,0.19589348848126686,0,0
annual_quarter_half,3469,2025-05-16,2025-05-26,-0.0017462660042188,2025,2025-03-31,native_mse,20260910,-0.004640699343384367,,0,0
annual_quarter_half,3469,2025-05-16,2025-05-26,-0.0017462660042188,2025,2025-03-31,native_mse,20260911,0.0010296404142025625,,1,0
annual_quarter_half,3469,2025-05-16,2025-05-26,-0.0017462660042188,2025,2025-03-31,native_mse,20260912,0.000807476624260948,,1,0
annual_quarter_half,3469,2025-05-16,2025-05-26,-0.0017462660042188,2025,2025-03-31,training_frequency,-1,0.4732478685411119,0.4732478685411119,0,0
annual_quarter_half,3474,2025-05-23,2025-06-03,-0.0109216443615366,2025,2025-03-31,learned_market,20260910,0.36282009025915096,0.36282009025915096,0,0
annual_quarter_half,3474,2025-05-23,2025-06-03,-0.0109216443615366,2025,2025-03-31,learned_market,20260911,0.4612543018383415,0.4612543018383415,0,0
annual_quarter_half,3474,2025-05-23,2025-06-03,-0.0109216443615366,2025,2025-03-31,learned_market,20260912,0.32430409413698397,0.32430409413698397,0,0
annual_quarter_half,3474,2025-05-23,2025-06-03,-0.0109216443615366,2025,2025-03-31,learned_order_extension,20260910,0.3627889073240397,0.3627889073240397,0,0
annual_quarter_half,3474,2025-05-23,2025-06-03,-0.0109216443615366,2025,2025-03-31,learned_order_extension,20260911,0.47824836956509353,0.47824836956509353,0,0
annual_quarter_half,3474,2025-05-23,2025-06-03,-0.0109216443615366,2025,2025-03-31,learned_order_extension,20260912,0.3320992191105759,0.3320992191105759,0,0
annual_quarter_half,3474,2025-05-23,2025-06-03,-0.0109216443615366,2025,2025-03-31,learned_order_offset,20260910,0.3630770751826595,0.3630770751826595,0,0
annual_quarter_half,3474,2025-05-23,2025-06-03,-0.0109216443615366,2025,2025-03-31,learned_order_offset,20260911,0.4782905148450962,0.4782905148450962,0,0
annual_quarter_half,3474,2025-05-23,2025-06-03,-0.0109216443615366,2025,2025-03-31,learned_order_offset,20260912,0.33232367055378964,0.33232367055378964,0,0
annual_quarter_half,3474,2025-05-23,2025-06-03,-0.0109216443615366,2025,2025-03-31,learned_vol_interaction,20260910,0.35988131680649316,0.35988131680649316,0,0
annual_quarter_half,3474,2025-05-23,2025-06-03,-0.0109216443615366,2025,2025-03-31,learned_vol_interaction,20260911,0.47510294435019473,0.47510294435019473,0,0
annual_quarter_half,3474,2025-05-23,2025-06-03,-0.0109216443615366,2025,2025-03-31,learned_vol_interaction,20260912,0.3312901432474392,0.3312901432474392,0,0
annual_quarter_half,3474,2025-05-23,2025-06-03,-0.0109216443615366,2025,2025-03-31,native_mse,20260910,-0.0036317418065479105,,0,0
annual_quarter_half,3474,2025-05-23,2025-06-03,-0.0109216443615366,2025,2025-03-31,native_mse,20260911,0.0024990898773846856,,1,0
annual_quarter_half,3474,2025-05-23,2025-06-03,-0.0109216443615366,2025,2025-03-31,native_mse,20260912,-0.00045491511246305446,,0,0
annual_quarter_half,3474,2025-05-23,2025-06-03,-0.0109216443615366,2025,2025-03-31,training_frequency,-1,0.4732478685411119,0.4732478685411119,0,0
annual_quarter_half,3479,2025-05-30,2025-06-09,0.011566574321892,2025,2025-03-31,learned_market,20260910,0.40626679483355455,0.40626679483355455,0,1
annual_quarter_half,3479,2025-05-30,2025-06-09,0.011566574321892,2025,2025-03-31,learned_market,20260911,0.3675813642789266,0.3675813642789266,0,1
annual_quarter_half,3479,2025-05-30,2025-06-09,0.011566574321892,2025,2025-03-31,learned_market,20260912,0.2825204616772833,0.2825204616772833,0,1
annual_quarter_half,3479,2025-05-30,2025-06-09,0.011566574321892,2025,2025-03-31,learned_order_extension,20260910,0.4170345976833921,0.4170345976833921,0,1
annual_quarter_half,3479,2025-05-30,2025-06-09,0.011566574321892,2025,2025-03-31,learned_order_extension,20260911,0.3586304564939798,0.3586304564939798,0,1
annual_quarter_half,3479,2025-05-30,2025-06-09,0.011566574321892,2025,2025-03-31,learned_order_extension,20260912,0.29231264529351786,0.29231264529351786,0,1
annual_quarter_half,3479,2025-05-30,2025-06-09,0.011566574321892,2025,2025-03-31,learned_order_offset,20260910,0.41716356645666663,0.41716356645666663,0,1
annual_quarter_half,3479,2025-05-30,2025-06-09,0.011566574321892,2025,2025-03-31,learned_order_offset,20260911,0.35864614666050904,0.35864614666050904,0,1
annual_quarter_half,3479,2025-05-30,2025-06-09,0.011566574321892,2025,2025-03-31,learned_order_offset,20260912,0.2934277214550824,0.2934277214550824,0,1
annual_quarter_half,3479,2025-05-30,2025-06-09,0.011566574321892,2025,2025-03-31,learned_vol_interaction,20260910,0.4046157999910813,0.4046157999910813,0,1
annual_quarter_half,3479,2025-05-30,2025-06-09,0.011566574321892,2025,2025-03-31,learned_vol_interaction,20260911,0.3589651581874816,0.3589651581874816,0,1
annual_quarter_half,3479,2025-05-30,2025-06-09,0.011566574321892,2025,2025-03-31,learned_vol_interaction,20260912,0.2870644981682646,0.2870644981682646,0,1
annual_quarter_half,3479,2025-05-30,2025-06-09,0.011566574321892,2025,2025-03-31,native_mse,20260910,0.0017539424835631943,,1,1
annual_quarter_half,3479,2025-05-30,2025-06-09,0.011566574321892,2025,2025-03-31,native_mse,20260911,-0.0002279964526466255,,0,1
annual_quarter_half,3479,2025-05-30,2025-06-09,0.011566574321892,2025,2025-03-31,native_mse,20260912,-0.003201318253592743,,0,1
annual_quarter_half,3479,2025-05-30,2025-06-09,0.011566574321892,2025,2025-03-31,training_frequency,-1,0.4732478685411119,0.4732478685411119,0,1
annual_quarter_half,3483,2025-06-06,2025-06-16,-0.0062354943524679,2025,2025-03-31,learned_market,20260910,0.3982845112510587,0.3982845112510587,0,0
annual_quarter_half,3483,2025-06-06,2025-06-16,-0.0062354943524679,2025,2025-03-31,learned_market,20260911,0.5848548554022872,0.5848548554022872,1,0
annual_quarter_half,3483,2025-06-06,2025-06-16,-0.0062354943524679,2025,2025-03-31,learned_market,20260912,0.4710343143685109,0.4710343143685109,0,0
annual_quarter_half,3483,2025-06-06,2025-06-16,-0.0062354943524679,2025,2025-03-31,learned_order_extension,20260910,0.40421904817446697,0.40421904817446697,0,0
annual_quarter_half,3483,2025-06-06,2025-06-16,-0.0062354943524679,2025,2025-03-31,learned_order_extension,20260911,0.6200886557859727,0.6200886557859727,1,0
annual_quarter_half,3483,2025-06-06,2025-06-16,-0.0062354943524679,2025,2025-03-31,learned_order_extension,20260912,0.5222788715616564,0.5222788715616564,1,0
annual_quarter_half,3483,2025-06-06,2025-06-16,-0.0062354943524679,2025,2025-03-31,learned_order_offset,20260910,0.40467501429494396,0.40467501429494396,0,0
annual_quarter_half,3483,2025-06-06,2025-06-16,-0.0062354943524679,2025,2025-03-31,learned_order_offset,20260911,0.6199202743505674,0.6199202743505674,1,0
annual_quarter_half,3483,2025-06-06,2025-06-16,-0.0062354943524679,2025,2025-03-31,learned_order_offset,20260912,0.5225619303882063,0.5225619303882063,1,0
annual_quarter_half,3483,2025-06-06,2025-06-16,-0.0062354943524679,2025,2025-03-31,learned_vol_interaction,20260910,0.3966548881623043,0.3966548881623043,0,0
annual_quarter_half,3483,2025-06-06,2025-06-16,-0.0062354943524679,2025,2025-03-31,learned_vol_interaction,20260911,0.6169346534684619,0.6169346534684619,1,0
annual_quarter_half,3483,2025-06-06,2025-06-16,-0.0062354943524679,2025,2025-03-31,learned_vol_interaction,20260912,0.5043813788542697,0.5043813788542697,1,0
annual_quarter_half,3483,2025-06-06,2025-06-16,-0.0062354943524679,2025,2025-03-31,native_mse,20260910,0.002262537496437618,,1,0
annual_quarter_half,3483,2025-06-06,2025-06-16,-0.0062354943524679,2025,2025-03-31,native_mse,20260911,0.003111738136980197,,1,0
annual_quarter_half,3483,2025-06-06,2025-06-16,-0.0062354943524679,2025,2025-03-31,native_mse,20260912,0.0005471684504352062,,1,0
annual_quarter_half,3483,2025-06-06,2025-06-16,-0.0062354943524679,2025,2025-03-31,training_frequency,-1,0.4732478685411119,0.4732478685411119,0,0
annual_quarter_half,3488,2025-06-13,2025-06-23,-0.005825691168304,2025,2025-03-31,learned_market,20260910,0.4105364503942881,0.4105364503942881,0,0
annual_quarter_half,3488,2025-06-13,2025-06-23,-0.005825691168304,2025,2025-03-31,learned_market,20260911,0.4523904934466877,0.4523904934466877,0,0
annual_quarter_half,3488,2025-06-13,2025-06-23,-0.005825691168304,2025,2025-03-31,learned_market,20260912,0.35897763788574477,0.35897763788574477,0,0
annual_quarter_half,3488,2025-06-13,2025-06-23,-0.005825691168304,2025,2025-03-31,learned_order_extension,20260910,0.4138094848726003,0.4138094848726003,0,0
annual_quarter_half,3488,2025-06-13,2025-06-23,-0.005825691168304,2025,2025-03-31,learned_order_extension,20260911,0.464761792853009,0.464761792853009,0,0
annual_quarter_half,3488,2025-06-13,2025-06-23,-0.005825691168304,2025,2025-03-31,learned_order_extension,20260912,0.3593620200415284,0.3593620200415284,0,0
annual_quarter_half,3488,2025-06-13,2025-06-23,-0.005825691168304,2025,2025-03-31,learned_order_offset,20260910,0.41409996201353255,0.41409996201353255,0,0
annual_quarter_half,3488,2025-06-13,2025-06-23,-0.005825691168304,2025,2025-03-31,learned_order_offset,20260911,0.46482219581998074,0.46482219581998074,0,0
annual_quarter_half,3488,2025-06-13,2025-06-23,-0.005825691168304,2025,2025-03-31,learned_order_offset,20260912,0.35871651560233264,0.35871651560233264,0,0
annual_quarter_half,3488,2025-06-13,2025-06-23,-0.005825691168304,2025,2025-03-31,learned_vol_interaction,20260910,0.4087779015469952,0.4087779015469952,0,0
annual_quarter_half,3488,2025-06-13,2025-06-23,-0.005825691168304,2025,2025-03-31,learned_vol_interaction,20260911,0.4661225119390826,0.4661225119390826,0,0
annual_quarter_half,3488,2025-06-13,2025-06-23,-0.005825691168304,2025,2025-03-31,learned_vol_interaction,20260912,0.36184095265904165,0.36184095265904165,0,0
annual_quarter_half,3488,2025-06-13,2025-06-23,-0.005825691168304,2025,2025-03-31,native_mse,20260910,0.0028728928008984345,,1,0
annual_quarter_half,3488,2025-06-13,2025-06-23,-0.005825691168304,2025,2025-03-31,native_mse,20260911,0.001876530981400696,,1,0
annual_quarter_half,3488,2025-06-13,2025-06-23,-0.005825691168304,2025,2025-03-31,native_mse,20260912,-0.0029705007000583677,,0,0
annual_quarter_half,3488,2025-06-13,2025-06-23,-0.005825691168304,2025,2025-03-31,training_frequency,-1,0.4732478685411119,0.4732478685411119,0,0
annual_quarter_half,3493,2025-06-20,2025-06-30,0.0232670437490374,2025,2025-03-31,learned_market,20260910,0.4369645954383474,0.4369645954383474,0,1
annual_quarter_half,3493,2025-06-20,2025-06-30,0.0232670437490374,2025,2025-03-31,learned_market,20260911,0.46520874536413337,0.46520874536413337,0,1
annual_quarter_half,3493,2025-06-20,2025-06-30,0.0232670437490374,2025,2025-03-31,learned_market,20260912,0.4163804395008427,0.4163804395008427,0,1
annual_quarter_half,3493,2025-06-20,2025-06-30,0.0232670437490374,2025,2025-03-31,learned_order_extension,20260910,0.4539121115818141,0.4539121115818141,0,1
annual_quarter_half,3493,2025-06-20,2025-06-30,0.0232670437490374,2025,2025-03-31,learned_order_extension,20260911,0.4672648331133671,0.4672648331133671,0,1
annual_quarter_half,3493,2025-06-20,2025-06-30,0.0232670437490374,2025,2025-03-31,learned_order_extension,20260912,0.4113359202457665,0.4113359202457665,0,1
annual_quarter_half,3493,2025-06-20,2025-06-30,0.0232670437490374,2025,2025-03-31,learned_order_offset,20260910,0.45397472319707255,0.45397472319707255,0,1
annual_quarter_half,3493,2025-06-20,2025-06-30,0.0232670437490374,2025,2025-03-31,learned_order_offset,20260911,0.4673299919669529,0.4673299919669529,0,1
annual_quarter_half,3493,2025-06-20,2025-06-30,0.0232670437490374,2025,2025-03-31,learned_order_offset,20260912,0.4108240307837058,0.4108240307837058,0,1
annual_quarter_half,3493,2025-06-20,2025-06-30,0.0232670437490374,2025,2025-03-31,learned_vol_interaction,20260910,0.44753458167075655,0.44753458167075655,0,1
annual_quarter_half,3493,2025-06-20,2025-06-30,0.0232670437490374,2025,2025-03-31,learned_vol_interaction,20260911,0.4716450204873348,0.4716450204873348,0,1
annual_quarter_half,3493,2025-06-20,2025-06-30,0.0232670437490374,2025,2025-03-31,learned_vol_interaction,20260912,0.41472999943949207,0.41472999943949207,0,1
annual_quarter_half,3493,2025-06-20,2025-06-30,0.0232670437490374,2025,2025-03-31,native_mse,20260910,0.003788886439939007,,1,1
annual_quarter_half,3493,2025-06-20,2025-06-30,0.0232670437490374,2025,2025-03-31,native_mse,20260911,0.0009840414740056853,,1,1
annual_quarter_half,3493,2025-06-20,2025-06-30,0.0232670437490374,2025,2025-03-31,native_mse,20260912,-0.0009115598765413106,,0,1
annual_quarter_half,3493,2025-06-20,2025-06-30,0.0232670437490374,2025,2025-03-31,training_frequency,-1,0.4732478685411119,0.4732478685411119,0,1
annual_quarter_half,3498,2025-06-27,2025-07-07,0.0145345648685946,2025,2025-03-31,learned_market,20260910,0.41126639566704126,0.41126639566704126,0,1
annual_quarter_half,3498,2025-06-27,2025-07-07,0.0145345648685946,2025,2025-03-31,learned_market,20260911,0.5275113113122794,0.5275113113122794,1,1
annual_quarter_half,3498,2025-06-27,2025-07-07,0.0145345648685946,2025,2025-03-31,learned_market,20260912,0.5106503595482255,0.5106503595482255,1,1
annual_quarter_half,3498,2025-06-27,2025-07-07,0.0145345648685946,2025,2025-03-31,learned_order_extension,20260910,0.4340708663135774,0.4340708663135774,0,1
annual_quarter_half,3498,2025-06-27,2025-07-07,0.0145345648685946,2025,2025-03-31,learned_order_extension,20260911,0.548451994852637,0.548451994852637,1,1
annual_quarter_half,3498,2025-06-27,2025-07-07,0.0145345648685946,2025,2025-03-31,learned_order_extension,20260912,0.5145684977642002,0.5145684977642002,1,1
annual_quarter_half,3498,2025-06-27,2025-07-07,0.0145345648685946,2025,2025-03-31,learned_order_offset,20260910,0.43403883402074817,0.43403883402074817,0,1
annual_quarter_half,3498,2025-06-27,2025-07-07,0.0145345648685946,2025,2025-03-31,learned_order_offset,20260911,0.5484380257463555,0.5484380257463555,1,1
annual_quarter_half,3498,2025-06-27,2025-07-07,0.0145345648685946,2025,2025-03-31,learned_order_offset,20260912,0.5134164070079126,0.5134164070079126,1,1
annual_quarter_half,3498,2025-06-27,2025-07-07,0.0145345648685946,2025,2025-03-31,learned_vol_interaction,20260910,0.4235484044144792,0.4235484044144792,0,1
annual_quarter_half,3498,2025-06-27,2025-07-07,0.0145345648685946,2025,2025-03-31,learned_vol_interaction,20260911,0.5466928018663744,0.5466928018663744,1,1
annual_quarter_half,3498,2025-06-27,2025-07-07,0.0145345648685946,2025,2025-03-31,learned_vol_interaction,20260912,0.5220365632720738,0.5220365632720738,1,1
annual_quarter_half,3498,2025-06-27,2025-07-07,0.0145345648685946,2025,2025-03-31,native_mse,20260910,0.0004939462751862517,,1,1
annual_quarter_half,3498,2025-06-27,2025-07-07,0.0145345648685946,2025,2025-03-31,native_mse,20260911,0.0015985413282103126,,1,1
annual_quarter_half,3498,2025-06-27,2025-07-07,0.0145345648685946,2025,2025-03-31,native_mse,20260912,-0.000446290972879174,,0,1
annual_quarter_half,3498,2025-06-27,2025-07-07,0.0145345648685946,2025,2025-03-31,training_frequency,-1,0.4732478685411119,0.4732478685411119,0,1
annual_quarter_half,3503,2025-07-04,2025-07-14,0.0110426949002964,2025,2025-06-30,learned_market,20260910,0.6249117765923824,0.6249117765923824,1,1
annual_quarter_half,3503,2025-07-04,2025-07-14,0.0110426949002964,2025,2025-06-30,learned_market,20260911,0.5397218859495138,0.5397218859495138,1,1
annual_quarter_half,3503,2025-07-04,2025-07-14,0.0110426949002964,2025,2025-06-30,learned_market,20260912,0.42145084670441946,0.42145084670441946,0,1
annual_quarter_half,3503,2025-07-04,2025-07-14,0.0110426949002964,2025,2025-06-30,learned_order_extension,20260910,0.632000387271149,0.632000387271149,1,1
annual_quarter_half,3503,2025-07-04,2025-07-14,0.0110426949002964,2025,2025-06-30,learned_order_extension,20260911,0.5566056947370311,0.5566056947370311,1,1
annual_quarter_half,3503,2025-07-04,2025-07-14,0.0110426949002964,2025,2025-06-30,learned_order_extension,20260912,0.4096657683026399,0.4096657683026399,0,1
annual_quarter_half,3503,2025-07-04,2025-07-14,0.0110426949002964,2025,2025-06-30,learned_order_offset,20260910,0.6300099667920744,0.6300099667920744,1,1
annual_quarter_half,3503,2025-07-04,2025-07-14,0.0110426949002964,2025,2025-06-30,learned_order_offset,20260911,0.5561159683011094,0.5561159683011094,1,1
annual_quarter_half,3503,2025-07-04,2025-07-14,0.0110426949002964,2025,2025-06-30,learned_order_offset,20260912,0.4094177624778047,0.4094177624778047,0,1
annual_quarter_half,3503,2025-07-04,2025-07-14,0.0110426949002964,2025,2025-06-30,learned_vol_interaction,20260910,0.664120607232366,0.664120607232366,1,1
annual_quarter_half,3503,2025-07-04,2025-07-14,0.0110426949002964,2025,2025-06-30,learned_vol_interaction,20260911,0.5528545754996236,0.5528545754996236,1,1
annual_quarter_half,3503,2025-07-04,2025-07-14,0.0110426949002964,2025,2025-06-30,learned_vol_interaction,20260912,0.4176521457448354,0.4176521457448354,0,1
annual_quarter_half,3503,2025-07-04,2025-07-14,0.0110426949002964,2025,2025-06-30,native_mse,20260910,0.001700007078469892,,1,1
annual_quarter_half,3503,2025-07-04,2025-07-14,0.0110426949002964,2025,2025-06-30,native_mse,20260911,-0.00011633690410274542,,0,1
annual_quarter_half,3503,2025-07-04,2025-07-14,0.0110426949002964,2025,2025-06-30,native_mse,20260912,0.0014843856136779812,,1,1
annual_quarter_half,3503,2025-07-04,2025-07-14,0.0110426949002964,2025,2025-06-30,training_frequency,-1,0.4713930348258707,0.4713930348258707,0,1
annual_quarter_half,3508,2025-07-11,2025-07-21,0.0120759671840067,2025,2025-06-30,learned_market,20260910,0.6284801513428051,0.6284801513428051,1,1
annual_quarter_half,3508,2025-07-11,2025-07-21,0.0120759671840067,2025,2025-06-30,learned_market,20260911,0.4751291169332807,0.4751291169332807,0,1
annual_quarter_half,3508,2025-07-11,2025-07-21,0.0120759671840067,2025,2025-06-30,learned_market,20260912,0.45485463664920595,0.45485463664920595,0,1
annual_quarter_half,3508,2025-07-11,2025-07-21,0.0120759671840067,2025,2025-06-30,learned_order_extension,20260910,0.6864247107623762,0.6864247107623762,1,1
annual_quarter_half,3508,2025-07-11,2025-07-21,0.0120759671840067,2025,2025-06-30,learned_order_extension,20260911,0.5138237687077611,0.5138237687077611,1,1
annual_quarter_half,3508,2025-07-11,2025-07-21,0.0120759671840067,2025,2025-06-30,learned_order_extension,20260912,0.46226143977890893,0.46226143977890893,0,1
annual_quarter_half,3508,2025-07-11,2025-07-21,0.0120759671840067,2025,2025-06-30,learned_order_offset,20260910,0.684836934950692,0.684836934950692,1,1
annual_quarter_half,3508,2025-07-11,2025-07-21,0.0120759671840067,2025,2025-06-30,learned_order_offset,20260911,0.5132754857782722,0.5132754857782722,1,1
annual_quarter_half,3508,2025-07-11,2025-07-21,0.0120759671840067,2025,2025-06-30,learned_order_offset,20260912,0.4614252584433678,0.4614252584433678,0,1
annual_quarter_half,3508,2025-07-11,2025-07-21,0.0120759671840067,2025,2025-06-30,learned_vol_interaction,20260910,0.6736002840968156,0.6736002840968156,1,1
annual_quarter_half,3508,2025-07-11,2025-07-21,0.0120759671840067,2025,2025-06-30,learned_vol_interaction,20260911,0.5027459721857539,0.5027459721857539,1,1
annual_quarter_half,3508,2025-07-11,2025-07-21,0.0120759671840067,2025,2025-06-30,learned_vol_interaction,20260912,0.4532302524061297,0.4532302524061297,0,1
annual_quarter_half,3508,2025-07-11,2025-07-21,0.0120759671840067,2025,2025-06-30,native_mse,20260910,0.006221648274506673,,1,1
annual_quarter_half,3508,2025-07-11,2025-07-21,0.0120759671840067,2025,2025-06-30,native_mse,20260911,0.0007989166417575133,,1,1
annual_quarter_half,3508,2025-07-11,2025-07-21,0.0120759671840067,2025,2025-06-30,native_mse,20260912,0.0007416470013833353,,1,1
annual_quarter_half,3508,2025-07-11,2025-07-21,0.0120759671840067,2025,2025-06-30,training_frequency,-1,0.4713930348258707,0.4713930348258707,0,1
annual_quarter_half,3513,2025-07-18,2025-07-28,0.0143570766898375,2025,2025-06-30,learned_market,20260910,0.4771618764574517,0.4771618764574517,0,1
annual_quarter_half,3513,2025-07-18,2025-07-28,0.0143570766898375,2025,2025-06-30,learned_market,20260911,0.5362893322455724,0.5362893322455724,1,1
annual_quarter_half,3513,2025-07-18,2025-07-28,0.0143570766898375,2025,2025-06-30,learned_market,20260912,0.6329181215416897,0.6329181215416897,1,1
annual_quarter_half,3513,2025-07-18,2025-07-28,0.0143570766898375,2025,2025-06-30,learned_order_extension,20260910,0.4685840127851898,0.4685840127851898,0,1
annual_quarter_half,3513,2025-07-18,2025-07-28,0.0143570766898375,2025,2025-06-30,learned_order_extension,20260911,0.5880795020174401,0.5880795020174401,1,1
annual_quarter_half,3513,2025-07-18,2025-07-28,0.0143570766898375,2025,2025-06-30,learned_order_extension,20260912,0.6494464021159932,0.6494464021159932,1,1
annual_quarter_half,3513,2025-07-18,2025-07-28,0.0143570766898375,2025,2025-06-30,learned_order_offset,20260910,0.46833207251544695,0.46833207251544695,0,1
annual_quarter_half,3513,2025-07-18,2025-07-28,0.0143570766898375,2025,2025-06-30,learned_order_offset,20260911,0.5871171755742387,0.5871171755742387,1,1
annual_quarter_half,3513,2025-07-18,2025-07-28,0.0143570766898375,2025,2025-06-30,learned_order_offset,20260912,0.6462092442568432,0.6462092442568432,1,1
annual_quarter_half,3513,2025-07-18,2025-07-28,0.0143570766898375,2025,2025-06-30,learned_vol_interaction,20260910,0.4745987547956403,0.4745987547956403,0,1
annual_quarter_half,3513,2025-07-18,2025-07-28,0.0143570766898375,2025,2025-06-30,learned_vol_interaction,20260911,0.5819168002057024,0.5819168002057024,1,1
annual_quarter_half,3513,2025-07-18,2025-07-28,0.0143570766898375,2025,2025-06-30,learned_vol_interaction,20260912,0.6379924038781596,0.6379924038781596,1,1
annual_quarter_half,3513,2025-07-18,2025-07-28,0.0143570766898375,2025,2025-06-30,native_mse,20260910,-0.000721503201407946,,0,1
annual_quarter_half,3513,2025-07-18,2025-07-28,0.0143570766898375,2025,2025-06-30,native_mse,20260911,0.001075228623238206,,1,1
annual_quarter_half,3513,2025-07-18,2025-07-28,0.0143570766898375,2025,2025-06-30,native_mse,20260912,0.004590349581921563,,1,1
annual_quarter_half,3513,2025-07-18,2025-07-28,0.0143570766898375,2025,2025-06-30,training_frequency,-1,0.4713930348258707,0.4713930348258707,0,1
annual_quarter_half,3518,2025-07-25,2025-08-04,-0.0218642507630443,2025,2025-06-30,learned_market,20260910,0.46991457685793203,0.46991457685793203,0,0
annual_quarter_half,3518,2025-07-25,2025-08-04,-0.0218642507630443,2025,2025-06-30,learned_market,20260911,0.41255173627036923,0.41255173627036923,0,0
annual_quarter_half,3518,2025-07-25,2025-08-04,-0.0218642507630443,2025,2025-06-30,learned_market,20260912,0.41390777884224866,0.41390777884224866,0,0
annual_quarter_half,3518,2025-07-25,2025-08-04,-0.0218642507630443,2025,2025-06-30,learned_order_extension,20260910,0.4539438160217497,0.4539438160217497,0,0
annual_quarter_half,3518,2025-07-25,2025-08-04,-0.0218642507630443,2025,2025-06-30,learned_order_extension,20260911,0.42585864135593543,0.42585864135593543,0,0
annual_quarter_half,3518,2025-07-25,2025-08-04,-0.0218642507630443,2025,2025-06-30,learned_order_extension,20260912,0.3828793793814222,0.3828793793814222,0,0
annual_quarter_half,3518,2025-07-25,2025-08-04,-0.0218642507630443,2025,2025-06-30,learned_order_offset,20260910,0.4536244910319188,0.4536244910319188,0,0
annual_quarter_half,3518,2025-07-25,2025-08-04,-0.0218642507630443,2025,2025-06-30,learned_order_offset,20260911,0.42524380918048466,0.42524380918048466,0,0
annual_quarter_half,3518,2025-07-25,2025-08-04,-0.0218642507630443,2025,2025-06-30,learned_order_offset,20260912,0.3803483175709949,0.3803483175709949,0,0
annual_quarter_half,3518,2025-07-25,2025-08-04,-0.0218642507630443,2025,2025-06-30,learned_vol_interaction,20260910,0.4631585631073181,0.4631585631073181,0,0
annual_quarter_half,3518,2025-07-25,2025-08-04,-0.0218642507630443,2025,2025-06-30,learned_vol_interaction,20260911,0.43544238316374173,0.43544238316374173,0,0
annual_quarter_half,3518,2025-07-25,2025-08-04,-0.0218642507630443,2025,2025-06-30,learned_vol_interaction,20260912,0.40946118511167817,0.40946118511167817,0,0
annual_quarter_half,3518,2025-07-25,2025-08-04,-0.0218642507630443,2025,2025-06-30,native_mse,20260910,-0.0008573664891825298,,0,0
annual_quarter_half,3518,2025-07-25,2025-08-04,-0.0218642507630443,2025,2025-06-30,native_mse,20260911,-0.0006513872759400475,,0,0
annual_quarter_half,3518,2025-07-25,2025-08-04,-0.0218642507630443,2025,2025-06-30,native_mse,20260912,-0.001055741031415535,,0,0
annual_quarter_half,3518,2025-07-25,2025-08-04,-0.0218642507630443,2025,2025-06-30,training_frequency,-1,0.4713930348258707,0.4713930348258707,0,0
annual_quarter_half,3523,2025-08-01,2025-08-11,0.0179175520190988,2025,2025-06-30,learned_market,20260910,0.4567925902710639,0.4567925902710639,0,1
annual_quarter_half,3523,2025-08-01,2025-08-11,0.0179175520190988,2025,2025-06-30,learned_market,20260911,0.41124397707638316,0.41124397707638316,0,1
annual_quarter_half,3523,2025-08-01,2025-08-11,0.0179175520190988,2025,2025-06-30,learned_market,20260912,0.44439764595627207,0.44439764595627207,0,1
annual_quarter_half,3523,2025-08-01,2025-08-11,0.0179175520190988,2025,2025-06-30,learned_order_extension,20260910,0.4504070052403999,0.4504070052403999,0,1
annual_quarter_half,3523,2025-08-01,2025-08-11,0.0179175520190988,2025,2025-06-30,learned_order_extension,20260911,0.4223273953434492,0.4223273953434492,0,1
annual_quarter_half,3523,2025-08-01,2025-08-11,0.0179175520190988,2025,2025-06-30,learned_order_extension,20260912,0.41082229806182224,0.41082229806182224,0,1
annual_quarter_half,3523,2025-08-01,2025-08-11,0.0179175520190988,2025,2025-06-30,learned_order_offset,20260910,0.45043866857853576,0.45043866857853576,0,1
annual_quarter_half,3523,2025-08-01,2025-08-11,0.0179175520190988,2025,2025-06-30,learned_order_offset,20260911,0.4220955783792286,0.4220955783792286,0,1
annual_quarter_half,3523,2025-08-01,2025-08-11,0.0179175520190988,2025,2025-06-30,learned_order_offset,20260912,0.41026188663278995,0.41026188663278995,0,1
annual_quarter_half,3523,2025-08-01,2025-08-11,0.0179175520190988,2025,2025-06-30,learned_vol_interaction,20260910,0.4597913313418167,0.4597913313418167,0,1
annual_quarter_half,3523,2025-08-01,2025-08-11,0.0179175520190988,2025,2025-06-30,learned_vol_interaction,20260911,0.4259436938645715,0.4259436938645715,0,1
annual_quarter_half,3523,2025-08-01,2025-08-11,0.0179175520190988,2025,2025-06-30,learned_vol_interaction,20260912,0.44351513104203166,0.44351513104203166,0,1
annual_quarter_half,3523,2025-08-01,2025-08-11,0.0179175520190988,2025,2025-06-30,native_mse,20260910,-0.0007604436868206449,,0,1
annual_quarter_half,3523,2025-08-01,2025-08-11,0.0179175520190988,2025,2025-06-30,native_mse,20260911,-0.0007420508217092459,,0,1
annual_quarter_half,3523,2025-08-01,2025-08-11,0.0179175520190988,2025,2025-06-30,native_mse,20260912,0.0008582649179056011,,1,1
annual_quarter_half,3523,2025-08-01,2025-08-11,0.0179175520190988,2025,2025-06-30,training_frequency,-1,0.4713930348258707,0.4713930348258707,0,1
annual_quarter_half,3528,2025-08-08,2025-08-18,0.026265786598999,2025,2025-06-30,learned_market,20260910,0.4322000931629789,0.4322000931629789,0,1
annual_quarter_half,3528,2025-08-08,2025-08-18,0.026265786598999,2025,2025-06-30,learned_market,20260911,0.3452713767399743,0.3452713767399743,0,1
annual_quarter_half,3528,2025-08-08,2025-08-18,0.026265786598999,2025,2025-06-30,learned_market,20260912,0.22920101696161344,0.22920101696161344,0,1
annual_quarter_half,3528,2025-08-08,2025-08-18,0.026265786598999,2025,2025-06-30,learned_order_extension,20260910,0.4105102111349342,0.4105102111349342,0,1
annual_quarter_half,3528,2025-08-08,2025-08-18,0.026265786598999,2025,2025-06-30,learned_order_extension,20260911,0.34388624288301434,0.34388624288301434,0,1
annual_quarter_half,3528,2025-08-08,2025-08-18,0.026265786598999,2025,2025-06-30,learned_order_extension,20260912,0.2100986467122123,0.2100986467122123,0,1
annual_quarter_half,3528,2025-08-08,2025-08-18,0.026265786598999,2025,2025-06-30,learned_order_offset,20260910,0.41105314715559227,0.41105314715559227,0,1
annual_quarter_half,3528,2025-08-08,2025-08-18,0.026265786598999,2025,2025-06-30,learned_order_offset,20260911,0.3441409724159896,0.3441409724159896,0,1
annual_quarter_half,3528,2025-08-08,2025-08-18,0.026265786598999,2025,2025-06-30,learned_order_offset,20260912,0.20996636430932356,0.20996636430932356,0,1
annual_quarter_half,3528,2025-08-08,2025-08-18,0.026265786598999,2025,2025-06-30,learned_vol_interaction,20260910,0.3988255281905626,0.3988255281905626,0,1
annual_quarter_half,3528,2025-08-08,2025-08-18,0.026265786598999,2025,2025-06-30,learned_vol_interaction,20260911,0.34683994991899947,0.34683994991899947,0,1
annual_quarter_half,3528,2025-08-08,2025-08-18,0.026265786598999,2025,2025-06-30,learned_vol_interaction,20260912,0.2205763911406755,0.2205763911406755,0,1
annual_quarter_half,3528,2025-08-08,2025-08-18,0.026265786598999,2025,2025-06-30,native_mse,20260910,-0.0017608047886231626,,0,1
annual_quarter_half,3528,2025-08-08,2025-08-18,0.026265786598999,2025,2025-06-30,native_mse,20260911,-0.0013549979134382625,,0,1
annual_quarter_half,3528,2025-08-08,2025-08-18,0.026265786598999,2025,2025-06-30,native_mse,20260912,-0.0034617749561538453,,0,1
annual_quarter_half,3528,2025-08-08,2025-08-18,0.026265786598999,2025,2025-06-30,training_frequency,-1,0.4713930348258707,0.4713930348258707,0,1
annual_quarter_half,3533,2025-08-15,2025-08-25,0.0469483790671487,2025,2025-06-30,learned_market,20260910,0.44711735018904963,0.44711735018904963,0,1
annual_quarter_half,3533,2025-08-15,2025-08-25,0.0469483790671487,2025,2025-06-30,learned_market,20260911,0.45870879807007026,0.45870879807007026,0,1
annual_quarter_half,3533,2025-08-15,2025-08-25,0.0469483790671487,2025,2025-06-30,learned_market,20260912,0.3930623642739058,0.3930623642739058,0,1
annual_quarter_half,3533,2025-08-15,2025-08-25,0.0469483790671487,2025,2025-06-30,learned_order_extension,20260910,0.4148906508068452,0.4148906508068452,0,1
annual_quarter_half,3533,2025-08-15,2025-08-25,0.0469483790671487,2025,2025-06-30,learned_order_extension,20260911,0.4797876875338398,0.4797876875338398,0,1
annual_quarter_half,3533,2025-08-15,2025-08-25,0.0469483790671487,2025,2025-06-30,learned_order_extension,20260912,0.38569431650704333,0.38569431650704333,0,1
annual_quarter_half,3533,2025-08-15,2025-08-25,0.0469483790671487,2025,2025-06-30,learned_order_offset,20260910,0.41532050423830036,0.41532050423830036,0,1
annual_quarter_half,3533,2025-08-15,2025-08-25,0.0469483790671487,2025,2025-06-30,learned_order_offset,20260911,0.47921624854083666,0.47921624854083666,0,1
annual_quarter_half,3533,2025-08-15,2025-08-25,0.0469483790671487,2025,2025-06-30,learned_order_offset,20260912,0.3854935916074125,0.3854935916074125,0,1
annual_quarter_half,3533,2025-08-15,2025-08-25,0.0469483790671487,2025,2025-06-30,learned_vol_interaction,20260910,0.42629290539847325,0.42629290539847325,0,1
annual_quarter_half,3533,2025-08-15,2025-08-25,0.0469483790671487,2025,2025-06-30,learned_vol_interaction,20260911,0.48126114394508934,0.48126114394508934,0,1
annual_quarter_half,3533,2025-08-15,2025-08-25,0.0469483790671487,2025,2025-06-30,learned_vol_interaction,20260912,0.38879145502876344,0.38879145502876344,0,1
annual_quarter_half,3533,2025-08-15,2025-08-25,0.0469483790671487,2025,2025-06-30,native_mse,20260910,-0.001193276434448977,,0,1
annual_quarter_half,3533,2025-08-15,2025-08-25,0.0469483790671487,2025,2025-06-30,native_mse,20260911,-0.0012873657327687597,,0,1
annual_quarter_half,3533,2025-08-15,2025-08-25,0.0469483790671487,2025,2025-06-30,native_mse,20260912,-0.0019942284414153056,,0,1
annual_quarter_half,3533,2025-08-15,2025-08-25,0.0469483790671487,2025,2025-06-30,training_frequency,-1,0.4713930348258707,0.4713930348258707,0,1
annual_quarter_half,3538,2025-08-22,2025-09-01,0.0227770368340847,2025,2025-06-30,learned_market,20260910,0.37142040390112857,0.37142040390112857,0,1
annual_quarter_half,3538,2025-08-22,2025-09-01,0.0227770368340847,2025,2025-06-30,learned_market,20260911,0.33565309526234977,0.33565309526234977,0,1
annual_quarter_half,3538,2025-08-22,2025-09-01,0.0227770368340847,2025,2025-06-30,learned_market,20260912,0.28161115318483565,0.28161115318483565,0,1
annual_quarter_half,3538,2025-08-22,2025-09-01,0.0227770368340847,2025,2025-06-30,learned_order_extension,20260910,0.34752784483071064,0.34752784483071064,0,1
annual_quarter_half,3538,2025-08-22,2025-09-01,0.0227770368340847,2025,2025-06-30,learned_order_extension,20260911,0.324594044331861,0.324594044331861,0,1
annual_quarter_half,3538,2025-08-22,2025-09-01,0.0227770368340847,2025,2025-06-30,learned_order_extension,20260912,0.28054053846804694,0.28054053846804694,0,1
annual_quarter_half,3538,2025-08-22,2025-09-01,0.0227770368340847,2025,2025-06-30,learned_order_offset,20260910,0.34798843243419725,0.34798843243419725,0,1
annual_quarter_half,3538,2025-08-22,2025-09-01,0.0227770368340847,2025,2025-06-30,learned_order_offset,20260911,0.32452009604151666,0.32452009604151666,0,1
annual_quarter_half,3538,2025-08-22,2025-09-01,0.0227770368340847,2025,2025-06-30,learned_order_offset,20260912,0.2817707762117476,0.2817707762117476,0,1
annual_quarter_half,3538,2025-08-22,2025-09-01,0.0227770368340847,2025,2025-06-30,learned_vol_interaction,20260910,0.35727088774199817,0.35727088774199817,0,1
annual_quarter_half,3538,2025-08-22,2025-09-01,0.0227770368340847,2025,2025-06-30,learned_vol_interaction,20260911,0.32757731550473834,0.32757731550473834,0,1
annual_quarter_half,3538,2025-08-22,2025-09-01,0.0227770368340847,2025,2025-06-30,learned_vol_interaction,20260912,0.2750503665971605,0.2750503665971605,0,1
annual_quarter_half,3538,2025-08-22,2025-09-01,0.0227770368340847,2025,2025-06-30,native_mse,20260910,-0.003373954944020257,,0,1
annual_quarter_half,3538,2025-08-22,2025-09-01,0.0227770368340847,2025,2025-06-30,native_mse,20260911,-0.0017975304097179224,,0,1
annual_quarter_half,3538,2025-08-22,2025-09-01,0.0227770368340847,2025,2025-06-30,native_mse,20260912,-0.003043299332849162,,0,1
annual_quarter_half,3538,2025-08-22,2025-09-01,0.0227770368340847,2025,2025-06-30,training_frequency,-1,0.4713930348258707,0.4713930348258707,0,1
annual_quarter_half,3543,2025-08-29,2025-09-08,-0.0110053842475337,2025,2025-06-30,learned_market,20260910,0.4904530456083347,0.4904530456083347,0,0
annual_quarter_half,3543,2025-08-29,2025-09-08,-0.0110053842475337,2025,2025-06-30,learned_market,20260911,0.36642261579317426,0.36642261579317426,0,0
annual_quarter_half,3543,2025-08-29,2025-09-08,-0.0110053842475337,2025,2025-06-30,learned_market,20260912,0.5893119135484763,0.5893119135484763,1,0
annual_quarter_half,3543,2025-08-29,2025-09-08,-0.0110053842475337,2025,2025-06-30,learned_order_extension,20260910,0.47520378734755486,0.47520378734755486,0,0
annual_quarter_half,3543,2025-08-29,2025-09-08,-0.0110053842475337,2025,2025-06-30,learned_order_extension,20260911,0.34465978622643256,0.34465978622643256,0,0
annual_quarter_half,3543,2025-08-29,2025-09-08,-0.0110053842475337,2025,2025-06-30,learned_order_extension,20260912,0.5981733277079475,0.5981733277079475,1,0
annual_quarter_half,3543,2025-08-29,2025-09-08,-0.0110053842475337,2025,2025-06-30,learned_order_offset,20260910,0.475489988560413,0.475489988560413,0,0
annual_quarter_half,3543,2025-08-29,2025-09-08,-0.0110053842475337,2025,2025-06-30,learned_order_offset,20260911,0.343862284565924,0.343862284565924,0,0
annual_quarter_half,3543,2025-08-29,2025-09-08,-0.0110053842475337,2025,2025-06-30,learned_order_offset,20260912,0.5961541490654797,0.5961541490654797,1,0
annual_quarter_half,3543,2025-08-29,2025-09-08,-0.0110053842475337,2025,2025-06-30,learned_vol_interaction,20260910,0.47998790135059266,0.47998790135059266,0,0
annual_quarter_half,3543,2025-08-29,2025-09-08,-0.0110053842475337,2025,2025-06-30,learned_vol_interaction,20260911,0.3513604892999903,0.3513604892999903,0,0
annual_quarter_half,3543,2025-08-29,2025-09-08,-0.0110053842475337,2025,2025-06-30,learned_vol_interaction,20260912,0.5888145314093959,0.5888145314093959,1,0
annual_quarter_half,3543,2025-08-29,2025-09-08,-0.0110053842475337,2025,2025-06-30,native_mse,20260910,-0.0029123829616969138,,0,0
annual_quarter_half,3543,2025-08-29,2025-09-08,-0.0110053842475337,2025,2025-06-30,native_mse,20260911,-0.0022903890376411956,,0,0
annual_quarter_half,3543,2025-08-29,2025-09-08,-0.0110053842475337,2025,2025-06-30,native_mse,20260912,0.0004448028004745286,,1,0
annual_quarter_half,3543,2025-08-29,2025-09-08,-0.0110053842475337,2025,2025-06-30,training_frequency,-1,0.4713930348258707,0.4713930348258707,0,0
annual_quarter_half,3548,2025-09-05,2025-09-15,0.0151594857594405,2025,2025-06-30,learned_market,20260910,0.44067151312562625,0.44067151312562625,0,1
annual_quarter_half,3548,2025-09-05,2025-09-15,0.0151594857594405,2025,2025-06-30,learned_market,20260911,0.4098319077739416,0.4098319077739416,0,1
annual_quarter_half,3548,2025-09-05,2025-09-15,0.0151594857594405,2025,2025-06-30,learned_market,20260912,0.446194203046222,0.446194203046222,0,1
annual_quarter_half,3548,2025-09-05,2025-09-15,0.0151594857594405,2025,2025-06-30,learned_order_extension,20260910,0.44307149929138023,0.44307149929138023,0,1
annual_quarter_half,3548,2025-09-05,2025-09-15,0.0151594857594405,2025,2025-06-30,learned_order_extension,20260911,0.4011422979010456,0.4011422979010456,0,1
annual_quarter_half,3548,2025-09-05,2025-09-15,0.0151594857594405,2025,2025-06-30,learned_order_extension,20260912,0.44782382255121045,0.44782382255121045,0,1
annual_quarter_half,3548,2025-09-05,2025-09-15,0.0151594857594405,2025,2025-06-30,learned_order_offset,20260910,0.4435771486658521,0.4435771486658521,0,1
annual_quarter_half,3548,2025-09-05,2025-09-15,0.0151594857594405,2025,2025-06-30,learned_order_offset,20260911,0.4014272775245532,0.4014272775245532,0,1
annual_quarter_half,3548,2025-09-05,2025-09-15,0.0151594857594405,2025,2025-06-30,learned_order_offset,20260912,0.44868939271991937,0.44868939271991937,0,1
annual_quarter_half,3548,2025-09-05,2025-09-15,0.0151594857594405,2025,2025-06-30,learned_vol_interaction,20260910,0.440772665370991,0.440772665370991,0,1
annual_quarter_half,3548,2025-09-05,2025-09-15,0.0151594857594405,2025,2025-06-30,learned_vol_interaction,20260911,0.40425294314086013,0.40425294314086013,0,1
annual_quarter_half,3548,2025-09-05,2025-09-15,0.0151594857594405,2025,2025-06-30,learned_vol_interaction,20260912,0.44029941505288117,0.44029941505288117,0,1
annual_quarter_half,3548,2025-09-05,2025-09-15,0.0151594857594405,2025,2025-06-30,native_mse,20260910,-0.0031262962284546872,,0,1
annual_quarter_half,3548,2025-09-05,2025-09-15,0.0151594857594405,2025,2025-06-30,native_mse,20260911,-0.0019798958546984784,,0,1
annual_quarter_half,3548,2025-09-05,2025-09-15,0.0151594857594405,2025,2025-06-30,native_mse,20260912,-0.0035837747981067288,,0,1
annual_quarter_half,3548,2025-09-05,2025-09-15,0.0151594857594405,2025,2025-06-30,training_frequency,-1,0.4713930348258707,0.4713930348258707,0,1
annual_quarter_half,3553,2025-09-12,2025-09-22,-0.0050409160971932,2025,2025-06-30,learned_market,20260910,0.5028536828296214,0.5028536828296214,1,0
annual_quarter_half,3553,2025-09-12,2025-09-22,-0.0050409160971932,2025,2025-06-30,learned_market,20260911,0.4683997750552084,0.4683997750552084,0,0
annual_quarter_half,3553,2025-09-12,2025-09-22,-0.0050409160971932,2025,2025-06-30,learned_market,20260912,0.5750133168697042,0.5750133168697042,1,0
annual_quarter_half,3553,2025-09-12,2025-09-22,-0.0050409160971932,2025,2025-06-30,learned_order_extension,20260910,0.5084910673856949,0.5084910673856949,1,0
annual_quarter_half,3553,2025-09-12,2025-09-22,-0.0050409160971932,2025,2025-06-30,learned_order_extension,20260911,0.46782777337006676,0.46782777337006676,0,0
annual_quarter_half,3553,2025-09-12,2025-09-22,-0.0050409160971932,2025,2025-06-30,learned_order_extension,20260912,0.5649542330929872,0.5649542330929872,1,0
annual_quarter_half,3553,2025-09-12,2025-09-22,-0.0050409160971932,2025,2025-06-30,learned_order_offset,20260910,0.5088681888732396,0.5088681888732396,1,0
annual_quarter_half,3553,2025-09-12,2025-09-22,-0.0050409160971932,2025,2025-06-30,learned_order_offset,20260911,0.46825110915904244,0.46825110915904244,0,0
annual_quarter_half,3553,2025-09-12,2025-09-22,-0.0050409160971932,2025,2025-06-30,learned_order_offset,20260912,0.5648367114666394,0.5648367114666394,1,0
annual_quarter_half,3553,2025-09-12,2025-09-22,-0.0050409160971932,2025,2025-06-30,learned_vol_interaction,20260910,0.5023836870979866,0.5023836870979866,1,0
annual_quarter_half,3553,2025-09-12,2025-09-22,-0.0050409160971932,2025,2025-06-30,learned_vol_interaction,20260911,0.46191590233553725,0.46191590233553725,0,0
annual_quarter_half,3553,2025-09-12,2025-09-22,-0.0050409160971932,2025,2025-06-30,learned_vol_interaction,20260912,0.5698052217326185,0.5698052217326185,1,0
annual_quarter_half,3553,2025-09-12,2025-09-22,-0.0050409160971932,2025,2025-06-30,native_mse,20260910,-0.0026487977637044066,,0,0
annual_quarter_half,3553,2025-09-12,2025-09-22,-0.0050409160971932,2025,2025-06-30,native_mse,20260911,-0.001946349025323066,,0,0
annual_quarter_half,3553,2025-09-12,2025-09-22,-0.0050409160971932,2025,2025-06-30,native_mse,20260912,0.0013881870143372685,,1,0
annual_quarter_half,3553,2025-09-12,2025-09-22,-0.0050409160971932,2025,2025-06-30,training_frequency,-1,0.4713930348258707,0.4713930348258707,0,0
annual_quarter_half,3558,2025-09-19,2025-09-29,0.0095300784790881,2025,2025-06-30,learned_market,20260910,0.44316464736388284,0.44316464736388284,0,1
annual_quarter_half,3558,2025-09-19,2025-09-29,0.0095300784790881,2025,2025-06-30,learned_market,20260911,0.44213037145856926,0.44213037145856926,0,1
annual_quarter_half,3558,2025-09-19,2025-09-29,0.0095300784790881,2025,2025-06-30,learned_market,20260912,0.3813582194693219,0.3813582194693219,0,1
annual_quarter_half,3558,2025-09-19,2025-09-29,0.0095300784790881,2025,2025-06-30,learned_order_extension,20260910,0.4366927855711595,0.4366927855711595,0,1
annual_quarter_half,3558,2025-09-19,2025-09-29,0.0095300784790881,2025,2025-06-30,learned_order_extension,20260911,0.4480286868713113,0.4480286868713113,0,1
annual_quarter_half,3558,2025-09-19,2025-09-29,0.0095300784790881,2025,2025-06-30,learned_order_extension,20260912,0.37426703611810747,0.37426703611810747,0,1
annual_quarter_half,3558,2025-09-19,2025-09-29,0.0095300784790881,2025,2025-06-30,learned_order_offset,20260910,0.43717494991905603,0.43717494991905603,0,1
annual_quarter_half,3558,2025-09-19,2025-09-29,0.0095300784790881,2025,2025-06-30,learned_order_offset,20260911,0.448509945613742,0.448509945613742,0,1
annual_quarter_half,3558,2025-09-19,2025-09-29,0.0095300784790881,2025,2025-06-30,learned_order_offset,20260912,0.37616653819961765,0.37616653819961765,0,1
annual_quarter_half,3558,2025-09-19,2025-09-29,0.0095300784790881,2025,2025-06-30,learned_vol_interaction,20260910,0.44018567214420423,0.44018567214420423,0,1
annual_quarter_half,3558,2025-09-19,2025-09-29,0.0095300784790881,2025,2025-06-30,learned_vol_interaction,20260911,0.4392535101480314,0.4392535101480314,0,1
annual_quarter_half,3558,2025-09-19,2025-09-29,0.0095300784790881,2025,2025-06-30,learned_vol_interaction,20260912,0.37921933159543325,0.37921933159543325,0,1
annual_quarter_half,3558,2025-09-19,2025-09-29,0.0095300784790881,2025,2025-06-30,native_mse,20260910,-0.0034326663629458075,,0,1
annual_quarter_half,3558,2025-09-19,2025-09-29,0.0095300784790881,2025,2025-06-30,native_mse,20260911,-0.0017634061753065745,,0,1
annual_quarter_half,3558,2025-09-19,2025-09-29,0.0095300784790881,2025,2025-06-30,native_mse,20260912,-0.0043938061507188386,,0,1
annual_quarter_half,3558,2025-09-19,2025-09-29,0.0095300784790881,2025,2025-06-30,training_frequency,-1,0.4713930348258707,0.4713930348258707,0,1
annual_quarter_half,3563,2025-09-26,2025-10-13,-0.0140855274279203,2025,2025-06-30,learned_market,20260910,0.5706027926279886,0.5706027926279886,1,0
annual_quarter_half,3563,2025-09-26,2025-10-13,-0.0140855274279203,2025,2025-06-30,learned_market,20260911,0.4447562638003419,0.4447562638003419,0,0
annual_quarter_half,3563,2025-09-26,2025-10-13,-0.0140855274279203,2025,2025-06-30,learned_market,20260912,0.4491251001103237,0.4491251001103237,0,0
annual_quarter_half,3563,2025-09-26,2025-10-13,-0.0140855274279203,2025,2025-06-30,learned_order_extension,20260910,0.547373700511241,0.547373700511241,1,0
annual_quarter_half,3563,2025-09-26,2025-10-13,-0.0140855274279203,2025,2025-06-30,learned_order_extension,20260911,0.4472576646936819,0.4472576646936819,0,0
annual_quarter_half,3563,2025-09-26,2025-10-13,-0.0140855274279203,2025,2025-06-30,learned_order_extension,20260912,0.44905605613299815,0.44905605613299815,0,0
annual_quarter_half,3563,2025-09-26,2025-10-13,-0.0140855274279203,2025,2025-06-30,learned_order_offset,20260910,0.5474001664358087,0.5474001664358087,1,0
annual_quarter_half,3563,2025-09-26,2025-10-13,-0.0140855274279203,2025,2025-06-30,learned_order_offset,20260911,0.4475068985260262,0.4475068985260262,0,0
annual_quarter_half,3563,2025-09-26,2025-10-13,-0.0140855274279203,2025,2025-06-30,learned_order_offset,20260912,0.44992121612813807,0.44992121612813807,0,0
annual_quarter_half,3563,2025-09-26,2025-10-13,-0.0140855274279203,2025,2025-06-30,learned_vol_interaction,20260910,0.5603579417716964,0.5603579417716964,1,0
annual_quarter_half,3563,2025-09-26,2025-10-13,-0.0140855274279203,2025,2025-06-30,learned_vol_interaction,20260911,0.44401728584819056,0.44401728584819056,0,0
annual_quarter_half,3563,2025-09-26,2025-10-13,-0.0140855274279203,2025,2025-06-30,learned_vol_interaction,20260912,0.4477564985806205,0.4477564985806205,0,0
annual_quarter_half,3563,2025-09-26,2025-10-13,-0.0140855274279203,2025,2025-06-30,native_mse,20260910,-0.002072380384692835,,0,0
annual_quarter_half,3563,2025-09-26,2025-10-13,-0.0140855274279203,2025,2025-06-30,native_mse,20260911,-0.0018024719786878985,,0,0
annual_quarter_half,3563,2025-09-26,2025-10-13,-0.0140855274279203,2025,2025-06-30,native_mse,20260912,-0.001278860268100417,,0,0
annual_quarter_half,3563,2025-09-26,2025-10-13,-0.0140855274279203,2025,2025-06-30,training_frequency,-1,0.4713930348258707,0.4713930348258707,0,0
annual_quarter_half,3567,2025-10-10,2025-10-20,0.015001547584321,2025,2025-09-30,learned_market,20260910,0.5472162164217125,0.5472162164217125,1,1
annual_quarter_half,3567,2025-10-10,2025-10-20,0.015001547584321,2025,2025-09-30,learned_market,20260911,0.48859583873723733,0.48859583873723733,0,1
annual_quarter_half,3567,2025-10-10,2025-10-20,0.015001547584321,2025,2025-09-30,learned_market,20260912,0.4542968372481338,0.4542968372481338,0,1
annual_quarter_half,3567,2025-10-10,2025-10-20,0.015001547584321,2025,2025-09-30,learned_order_extension,20260910,0.5396751392240736,0.5396751392240736,1,1
annual_quarter_half,3567,2025-10-10,2025-10-20,0.015001547584321,2025,2025-09-30,learned_order_extension,20260911,0.4868329921808615,0.4868329921808615,0,1
annual_quarter_half,3567,2025-10-10,2025-10-20,0.015001547584321,2025,2025-09-30,learned_order_extension,20260912,0.4391468419939051,0.4391468419939051,0,1
annual_quarter_half,3567,2025-10-10,2025-10-20,0.015001547584321,2025,2025-09-30,learned_order_offset,20260910,0.5399476082142383,0.5399476082142383,1,1
annual_quarter_half,3567,2025-10-10,2025-10-20,0.015001547584321,2025,2025-09-30,learned_order_offset,20260911,0.48665948681720095,0.48665948681720095,0,1
annual_quarter_half,3567,2025-10-10,2025-10-20,0.015001547584321,2025,2025-09-30,learned_order_offset,20260912,0.43897396790101023,0.43897396790101023,0,1
annual_quarter_half,3567,2025-10-10,2025-10-20,0.015001547584321,2025,2025-09-30,learned_vol_interaction,20260910,0.5450904269107362,0.5450904269107362,1,1
annual_quarter_half,3567,2025-10-10,2025-10-20,0.015001547584321,2025,2025-09-30,learned_vol_interaction,20260911,0.4826144737915087,0.4826144737915087,0,1
annual_quarter_half,3567,2025-10-10,2025-10-20,0.015001547584321,2025,2025-09-30,learned_vol_interaction,20260912,0.4560620033318997,0.4560620033318997,0,1
annual_quarter_half,3567,2025-10-10,2025-10-20,0.015001547584321,2025,2025-09-30,native_mse,20260910,-0.0007551344174127864,,0,1
annual_quarter_half,3567,2025-10-10,2025-10-20,0.015001547584321,2025,2025-09-30,native_mse,20260911,-0.001477665224581896,,0,1
annual_quarter_half,3567,2025-10-10,2025-10-20,0.015001547584321,2025,2025-09-30,native_mse,20260912,-0.0032076863363907212,,0,1
annual_quarter_half,3567,2025-10-10,2025-10-20,0.015001547584321,2025,2025-09-30,training_frequency,-1,0.4776119402985075,0.4776119402985075,0,1
annual_quarter_half,3572,2025-10-17,2025-10-27,0.0309637052897611,2025,2025-09-30,learned_market,20260910,0.5333997329705875,0.5333997329705875,1,1
annual_quarter_half,3572,2025-10-17,2025-10-27,0.0309637052897611,2025,2025-09-30,learned_market,20260911,0.445434527262235,0.445434527262235,0,1
annual_quarter_half,3572,2025-10-17,2025-10-27,0.0309637052897611,2025,2025-09-30,learned_market,20260912,0.40316168370651295,0.40316168370651295,0,1
annual_quarter_half,3572,2025-10-17,2025-10-27,0.0309637052897611,2025,2025-09-30,learned_order_extension,20260910,0.527472829798973,0.527472829798973,1,1
annual_quarter_half,3572,2025-10-17,2025-10-27,0.0309637052897611,2025,2025-09-30,learned_order_extension,20260911,0.4422634353460868,0.4422634353460868,0,1
annual_quarter_half,3572,2025-10-17,2025-10-27,0.0309637052897611,2025,2025-09-30,learned_order_extension,20260912,0.4013824011206131,0.4013824011206131,0,1
annual_quarter_half,3572,2025-10-17,2025-10-27,0.0309637052897611,2025,2025-09-30,learned_order_offset,20260910,0.5276325674150657,0.5276325674150657,1,1
annual_quarter_half,3572,2025-10-17,2025-10-27,0.0309637052897611,2025,2025-09-30,learned_order_offset,20260911,0.44252164370372205,0.44252164370372205,0,1
annual_quarter_half,3572,2025-10-17,2025-10-27,0.0309637052897611,2025,2025-09-30,learned_order_offset,20260912,0.40257420061326554,0.40257420061326554,0,1
annual_quarter_half,3572,2025-10-17,2025-10-27,0.0309637052897611,2025,2025-09-30,learned_vol_interaction,20260910,0.5293335389621632,0.5293335389621632,1,1
annual_quarter_half,3572,2025-10-17,2025-10-27,0.0309637052897611,2025,2025-09-30,learned_vol_interaction,20260911,0.4417761566155229,0.4417761566155229,0,1
annual_quarter_half,3572,2025-10-17,2025-10-27,0.0309637052897611,2025,2025-09-30,learned_vol_interaction,20260912,0.4043484459551314,0.4043484459551314,0,1
annual_quarter_half,3572,2025-10-17,2025-10-27,0.0309637052897611,2025,2025-09-30,native_mse,20260910,-0.00018987311596273867,,0,1
annual_quarter_half,3572,2025-10-17,2025-10-27,0.0309637052897611,2025,2025-09-30,native_mse,20260911,-0.0014116473127627949,,0,1
annual_quarter_half,3572,2025-10-17,2025-10-27,0.0309637052897611,2025,2025-09-30,native_mse,20260912,-0.004363463602424634,,0,1
annual_quarter_half,3572,2025-10-17,2025-10-27,0.0309637052897611,2025,2025-09-30,training_frequency,-1,0.4776119402985075,0.4776119402985075,0,1
annual_quarter_half,3577,2025-10-24,2025-11-03,-0.013331545863497,2025,2025-09-30,learned_market,20260910,0.5032443607807657,0.5032443607807657,1,0
annual_quarter_half,3577,2025-10-24,2025-11-03,-0.013331545863497,2025,2025-09-30,learned_market,20260911,0.5258462622070328,0.5258462622070328,1,0
annual_quarter_half,3577,2025-10-24,2025-11-03,-0.013331545863497,2025,2025-09-30,learned_market,20260912,0.4192658110196926,0.4192658110196926,0,0
annual_quarter_half,3577,2025-10-24,2025-11-03,-0.013331545863497,2025,2025-09-30,learned_order_extension,20260910,0.49491791395136275,0.49491791395136275,0,0
annual_quarter_half,3577,2025-10-24,2025-11-03,-0.013331545863497,2025,2025-09-30,learned_order_extension,20260911,0.5280673303444842,0.5280673303444842,1,0
annual_quarter_half,3577,2025-10-24,2025-11-03,-0.013331545863497,2025,2025-09-30,learned_order_extension,20260912,0.4078206810412944,0.4078206810412944,0,0
annual_quarter_half,3577,2025-10-24,2025-11-03,-0.013331545863497,2025,2025-09-30,learned_order_offset,20260910,0.4951451512471239,0.4951451512471239,0,0
annual_quarter_half,3577,2025-10-24,2025-11-03,-0.013331545863497,2025,2025-09-30,learned_order_offset,20260911,0.52825364226354,0.52825364226354,1,0
annual_quarter_half,3577,2025-10-24,2025-11-03,-0.013331545863497,2025,2025-09-30,learned_order_offset,20260912,0.4079851661221797,0.4079851661221797,0,0
annual_quarter_half,3577,2025-10-24,2025-11-03,-0.013331545863497,2025,2025-09-30,learned_vol_interaction,20260910,0.5005621138597648,0.5005621138597648,1,0
annual_quarter_half,3577,2025-10-24,2025-11-03,-0.013331545863497,2025,2025-09-30,learned_vol_interaction,20260911,0.5230912744944125,0.5230912744944125,1,0
annual_quarter_half,3577,2025-10-24,2025-11-03,-0.013331545863497,2025,2025-09-30,learned_vol_interaction,20260912,0.41886129496844116,0.41886129496844116,0,0
annual_quarter_half,3577,2025-10-24,2025-11-03,-0.013331545863497,2025,2025-09-30,native_mse,20260910,-0.001481004868257911,,0,0
annual_quarter_half,3577,2025-10-24,2025-11-03,-0.013331545863497,2025,2025-09-30,native_mse,20260911,-0.0012509647093047404,,0,0
annual_quarter_half,3577,2025-10-24,2025-11-03,-0.013331545863497,2025,2025-09-30,native_mse,20260912,-0.002752747928607947,,0,0
annual_quarter_half,3577,2025-10-24,2025-11-03,-0.013331545863497,2025,2025-09-30,training_frequency,-1,0.4776119402985075,0.4776119402985075,0,0
annual_quarter_half,3582,2025-10-31,2025-11-10,0.0110832418536339,2025,2025-09-30,learned_market,20260910,0.567341708965099,0.567341708965099,1,1
annual_quarter_half,3582,2025-10-31,2025-11-10,0.0110832418536339,2025,2025-09-30,learned_market,20260911,0.5422330580966448,0.5422330580966448,1,1
annual_quarter_half,3582,2025-10-31,2025-11-10,0.0110832418536339,2025,2025-09-30,learned_market,20260912,0.45641456507337574,0.45641456507337574,0,1
annual_quarter_half,3582,2025-10-31,2025-11-10,0.0110832418536339,2025,2025-09-30,learned_order_extension,20260910,0.5589402987262624,0.5589402987262624,1,1
annual_quarter_half,3582,2025-10-31,2025-11-10,0.0110832418536339,2025,2025-09-30,learned_order_extension,20260911,0.5468973342098132,0.5468973342098132,1,1
annual_quarter_half,3582,2025-10-31,2025-11-10,0.0110832418536339,2025,2025-09-30,learned_order_extension,20260912,0.44354991819783796,0.44354991819783796,0,1
annual_quarter_half,3582,2025-10-31,2025-11-10,0.0110832418536339,2025,2025-09-30,learned_order_offset,20260910,0.5591211079873841,0.5591211079873841,1,1
annual_quarter_half,3582,2025-10-31,2025-11-10,0.0110832418536339,2025,2025-09-30,learned_order_offset,20260911,0.5463977363283447,0.5463977363283447,1,1
annual_quarter_half,3582,2025-10-31,2025-11-10,0.0110832418536339,2025,2025-09-30,learned_order_offset,20260912,0.4437690811771412,0.4437690811771412,0,1
annual_quarter_half,3582,2025-10-31,2025-11-10,0.0110832418536339,2025,2025-09-30,learned_vol_interaction,20260910,0.5729201201626515,0.5729201201626515,1,1
annual_quarter_half,3582,2025-10-31,2025-11-10,0.0110832418536339,2025,2025-09-30,learned_vol_interaction,20260911,0.539283717820211,0.539283717820211,1,1
annual_quarter_half,3582,2025-10-31,2025-11-10,0.0110832418536339,2025,2025-09-30,learned_vol_interaction,20260912,0.45954985612879395,0.45954985612879395,0,1
annual_quarter_half,3582,2025-10-31,2025-11-10,0.0110832418536339,2025,2025-09-30,native_mse,20260910,0.00026509046731526607,,1,1
annual_quarter_half,3582,2025-10-31,2025-11-10,0.0110832418536339,2025,2025-09-30,native_mse,20260911,-0.0012425786058025195,,0,1
annual_quarter_half,3582,2025-10-31,2025-11-10,0.0110832418536339,2025,2025-09-30,native_mse,20260912,-0.0034814101902761194,,0,1
annual_quarter_half,3582,2025-10-31,2025-11-10,0.0110832418536339,2025,2025-09-30,training_frequency,-1,0.4776119402985075,0.4776119402985075,0,1
annual_quarter_half,3587,2025-11-07,2025-11-17,-0.0152107881197579,2025,2025-09-30,learned_market,20260910,0.4931190682451692,0.4931190682451692,0,0
annual_quarter_half,3587,2025-11-07,2025-11-17,-0.0152107881197579,2025,2025-09-30,learned_market,20260911,0.5454086527394504,0.5454086527394504,1,0
annual_quarter_half,3587,2025-11-07,2025-11-17,-0.0152107881197579,2025,2025-09-30,learned_market,20260912,0.5805704930554474,0.5805704930554474,1,0
annual_quarter_half,3587,2025-11-07,2025-11-17,-0.0152107881197579,2025,2025-09-30,learned_order_extension,20260910,0.47323347380502045,0.47323347380502045,0,0
annual_quarter_half,3587,2025-11-07,2025-11-17,-0.0152107881197579,2025,2025-09-30,learned_order_extension,20260911,0.5617052441896452,0.5617052441896452,1,0
annual_quarter_half,3587,2025-11-07,2025-11-17,-0.0152107881197579,2025,2025-09-30,learned_order_extension,20260912,0.6107591822399197,0.6107591822399197,1,0
annual_quarter_half,3587,2025-11-07,2025-11-17,-0.0152107881197579,2025,2025-09-30,learned_order_offset,20260910,0.4735246651905971,0.4735246651905971,0,0
annual_quarter_half,3587,2025-11-07,2025-11-17,-0.0152107881197579,2025,2025-09-30,learned_order_offset,20260911,0.5613603320386897,0.5613603320386897,1,0
annual_quarter_half,3587,2025-11-07,2025-11-17,-0.0152107881197579,2025,2025-09-30,learned_order_offset,20260912,0.6088381054131808,0.6088381054131808,1,0
annual_quarter_half,3587,2025-11-07,2025-11-17,-0.0152107881197579,2025,2025-09-30,learned_vol_interaction,20260910,0.4866372520980089,0.4866372520980089,0,0
annual_quarter_half,3587,2025-11-07,2025-11-17,-0.0152107881197579,2025,2025-09-30,learned_vol_interaction,20260911,0.5426619563870984,0.5426619563870984,1,0
annual_quarter_half,3587,2025-11-07,2025-11-17,-0.0152107881197579,2025,2025-09-30,learned_vol_interaction,20260912,0.5858289381739186,0.5858289381739186,1,0
annual_quarter_half,3587,2025-11-07,2025-11-17,-0.0152107881197579,2025,2025-09-30,native_mse,20260910,-0.0030843194477300157,,0,0
annual_quarter_half,3587,2025-11-07,2025-11-17,-0.0152107881197579,2025,2025-09-30,native_mse,20260911,-0.0011822952020866828,,0,0
annual_quarter_half,3587,2025-11-07,2025-11-17,-0.0152107881197579,2025,2025-09-30,native_mse,20260912,0.0029014230130312707,,1,0
annual_quarter_half,3587,2025-11-07,2025-11-17,-0.0152107881197579,2025,2025-09-30,training_frequency,-1,0.4776119402985075,0.4776119402985075,0,0
annual_quarter_half,3592,2025-11-14,2025-11-24,-0.031114557454173,2025,2025-09-30,learned_market,20260910,0.45847702697896653,0.45847702697896653,0,0
annual_quarter_half,3592,2025-11-14,2025-11-24,-0.031114557454173,2025,2025-09-30,learned_market,20260911,0.42524940231061314,0.42524940231061314,0,0
annual_quarter_half,3592,2025-11-14,2025-11-24,-0.031114557454173,2025,2025-09-30,learned_market,20260912,0.4653161906050467,0.4653161906050467,0,0
annual_quarter_half,3592,2025-11-14,2025-11-24,-0.031114557454173,2025,2025-09-30,learned_order_extension,20260910,0.4479412439453805,0.4479412439453805,0,0
annual_quarter_half,3592,2025-11-14,2025-11-24,-0.031114557454173,2025,2025-09-30,learned_order_extension,20260911,0.42494863629934065,0.42494863629934065,0,0
annual_quarter_half,3592,2025-11-14,2025-11-24,-0.031114557454173,2025,2025-09-30,learned_order_extension,20260912,0.45933915825797744,0.45933915825797744,0,0
annual_quarter_half,3592,2025-11-14,2025-11-24,-0.031114557454173,2025,2025-09-30,learned_order_offset,20260910,0.44823599934066255,0.44823599934066255,0,0
annual_quarter_half,3592,2025-11-14,2025-11-24,-0.031114557454173,2025,2025-09-30,learned_order_offset,20260911,0.4247106296454493,0.4247106296454493,0,0
annual_quarter_half,3592,2025-11-14,2025-11-24,-0.031114557454173,2025,2025-09-30,learned_order_offset,20260912,0.4590811518308232,0.4590811518308232,0,0
annual_quarter_half,3592,2025-11-14,2025-11-24,-0.031114557454173,2025,2025-09-30,learned_vol_interaction,20260910,0.45725501299015564,0.45725501299015564,0,0
annual_quarter_half,3592,2025-11-14,2025-11-24,-0.031114557454173,2025,2025-09-30,learned_vol_interaction,20260911,0.42354983888814773,0.42354983888814773,0,0
annual_quarter_half,3592,2025-11-14,2025-11-24,-0.031114557454173,2025,2025-09-30,learned_vol_interaction,20260912,0.46702800643436376,0.46702800643436376,0,0
annual_quarter_half,3592,2025-11-14,2025-11-24,-0.031114557454173,2025,2025-09-30,native_mse,20260910,-0.003953649417835599,,0,0
annual_quarter_half,3592,2025-11-14,2025-11-24,-0.031114557454173,2025,2025-09-30,native_mse,20260911,-0.0012373336617290834,,0,0
annual_quarter_half,3592,2025-11-14,2025-11-24,-0.031114557454173,2025,2025-09-30,native_mse,20260912,-0.0028619284315082503,,0,0
annual_quarter_half,3592,2025-11-14,2025-11-24,-0.031114557454173,2025,2025-09-30,training_frequency,-1,0.4776119402985075,0.4776119402985075,0,0
annual_quarter_half,3597,2025-11-21,2025-12-01,0.0147613767448515,2025,2025-09-30,learned_market,20260910,0.3710155093026357,0.3710155093026357,0,1
annual_quarter_half,3597,2025-11-21,2025-12-01,0.0147613767448515,2025,2025-09-30,learned_market,20260911,0.4459050009006953,0.4459050009006953,0,1
annual_quarter_half,3597,2025-11-21,2025-12-01,0.0147613767448515,2025,2025-09-30,learned_market,20260912,0.5358574207609568,0.5358574207609568,1,1
annual_quarter_half,3597,2025-11-21,2025-12-01,0.0147613767448515,2025,2025-09-30,learned_order_extension,20260910,0.3670133343696082,0.3670133343696082,0,1
annual_quarter_half,3597,2025-11-21,2025-12-01,0.0147613767448515,2025,2025-09-30,learned_order_extension,20260911,0.44130404665051115,0.44130404665051115,0,1
annual_quarter_half,3597,2025-11-21,2025-12-01,0.0147613767448515,2025,2025-09-30,learned_order_extension,20260912,0.5691154794930633,0.5691154794930633,1,1
annual_quarter_half,3597,2025-11-21,2025-12-01,0.0147613767448515,2025,2025-09-30,learned_order_offset,20260910,0.3675009319531405,0.3675009319531405,0,1
annual_quarter_half,3597,2025-11-21,2025-12-01,0.0147613767448515,2025,2025-09-30,learned_order_offset,20260911,0.4408443257268568,0.4408443257268568,0,1
annual_quarter_half,3597,2025-11-21,2025-12-01,0.0147613767448515,2025,2025-09-30,learned_order_offset,20260912,0.5693181743656428,0.5693181743656428,1,1
annual_quarter_half,3597,2025-11-21,2025-12-01,0.0147613767448515,2025,2025-09-30,learned_vol_interaction,20260910,0.3739504207999075,0.3739504207999075,0,1
annual_quarter_half,3597,2025-11-21,2025-12-01,0.0147613767448515,2025,2025-09-30,learned_vol_interaction,20260911,0.44861053024217457,0.44861053024217457,0,1
annual_quarter_half,3597,2025-11-21,2025-12-01,0.0147613767448515,2025,2025-09-30,learned_vol_interaction,20260912,0.5386534457153695,0.5386534457153695,1,1
annual_quarter_half,3597,2025-11-21,2025-12-01,0.0147613767448515,2025,2025-09-30,native_mse,20260910,-0.004995806442738217,,0,1
annual_quarter_half,3597,2025-11-21,2025-12-01,0.0147613767448515,2025,2025-09-30,native_mse,20260911,-0.001152777467813053,,0,1
annual_quarter_half,3597,2025-11-21,2025-12-01,0.0147613767448515,2025,2025-09-30,native_mse,20260912,-0.000767255671724109,,0,1
annual_quarter_half,3597,2025-11-21,2025-12-01,0.0147613767448515,2025,2025-09-30,training_frequency,-1,0.4776119402985075,0.4776119402985075,0,1
annual_quarter_half,3602,2025-11-28,2025-12-08,0.0118853804313106,2025,2025-09-30,learned_market,20260910,0.349986312338494,0.349986312338494,0,1
annual_quarter_half,3602,2025-11-28,2025-12-08,0.0118853804313106,2025,2025-09-30,learned_market,20260911,0.4659082932690315,0.4659082932690315,0,1
annual_quarter_half,3602,2025-11-28,2025-12-08,0.0118853804313106,2025,2025-09-30,learned_market,20260912,0.4474835727612266,0.4474835727612266,0,1
annual_quarter_half,3602,2025-11-28,2025-12-08,0.0118853804313106,2025,2025-09-30,learned_order_extension,20260910,0.322227574567182,0.322227574567182,0,1
annual_quarter_half,3602,2025-11-28,2025-12-08,0.0118853804313106,2025,2025-09-30,learned_order_extension,20260911,0.46892476372907993,0.46892476372907993,0,1
annual_quarter_half,3602,2025-11-28,2025-12-08,0.0118853804313106,2025,2025-09-30,learned_order_extension,20260912,0.4567432498775363,0.4567432498775363,0,1
annual_quarter_half,3602,2025-11-28,2025-12-08,0.0118853804313106,2025,2025-09-30,learned_order_offset,20260910,0.32250872615778114,0.32250872615778114,0,1
annual_quarter_half,3602,2025-11-28,2025-12-08,0.0118853804313106,2025,2025-09-30,learned_order_offset,20260911,0.46877412395565854,0.46877412395565854,0,1
annual_quarter_half,3602,2025-11-28,2025-12-08,0.0118853804313106,2025,2025-09-30,learned_order_offset,20260912,0.4568538454302867,0.4568538454302867,0,1
annual_quarter_half,3602,2025-11-28,2025-12-08,0.0118853804313106,2025,2025-09-30,learned_vol_interaction,20260910,0.33874374924665296,0.33874374924665296,0,1
annual_quarter_half,3602,2025-11-28,2025-12-08,0.0118853804313106,2025,2025-09-30,learned_vol_interaction,20260911,0.46920959639327686,0.46920959639327686,0,1
annual_quarter_half,3602,2025-11-28,2025-12-08,0.0118853804313106,2025,2025-09-30,learned_vol_interaction,20260912,0.44748579355283424,0.44748579355283424,0,1
annual_quarter_half,3602,2025-11-28,2025-12-08,0.0118853804313106,2025,2025-09-30,native_mse,20260910,-0.0049685229931016196,,0,1
annual_quarter_half,3602,2025-11-28,2025-12-08,0.0118853804313106,2025,2025-09-30,native_mse,20260911,-0.0011250727806212924,,0,1
annual_quarter_half,3602,2025-11-28,2025-12-08,0.0118853804313106,2025,2025-09-30,native_mse,20260912,-0.0016111685412519602,,0,1
annual_quarter_half,3602,2025-11-28,2025-12-08,0.0118853804313106,2025,2025-09-30,training_frequency,-1,0.4776119402985075,0.4776119402985075,0,1
annual_quarter_half,3607,2025-12-05,2025-12-15,-0.0093922675990717,2025,2025-09-30,learned_market,20260910,0.4441104177853016,0.4441104177853016,0,0
annual_quarter_half,3607,2025-12-05,2025-12-15,-0.0093922675990717,2025,2025-09-30,learned_market,20260911,0.5172750586876345,0.5172750586876345,1,0
annual_quarter_half,3607,2025-12-05,2025-12-15,-0.0093922675990717,2025,2025-09-30,learned_market,20260912,0.412470589416161,0.412470589416161,0,0
annual_quarter_half,3607,2025-12-05,2025-12-15,-0.0093922675990717,2025,2025-09-30,learned_order_extension,20260910,0.43160972938448783,0.43160972938448783,0,0
annual_quarter_half,3607,2025-12-05,2025-12-15,-0.0093922675990717,2025,2025-09-30,learned_order_extension,20260911,0.5352221597119433,0.5352221597119433,1,0
annual_quarter_half,3607,2025-12-05,2025-12-15,-0.0093922675990717,2025,2025-09-30,learned_order_extension,20260912,0.40948551461564425,0.40948551461564425,0,0
annual_quarter_half,3607,2025-12-05,2025-12-15,-0.0093922675990717,2025,2025-09-30,learned_order_offset,20260910,0.43180174859587683,0.43180174859587683,0,0
annual_quarter_half,3607,2025-12-05,2025-12-15,-0.0093922675990717,2025,2025-09-30,learned_order_offset,20260911,0.535027201073762,0.535027201073762,1,0
annual_quarter_half,3607,2025-12-05,2025-12-15,-0.0093922675990717,2025,2025-09-30,learned_order_offset,20260912,0.40976596601370674,0.40976596601370674,0,0
annual_quarter_half,3607,2025-12-05,2025-12-15,-0.0093922675990717,2025,2025-09-30,learned_vol_interaction,20260910,0.4467563434623285,0.4467563434623285,0,0
annual_quarter_half,3607,2025-12-05,2025-12-15,-0.0093922675990717,2025,2025-09-30,learned_vol_interaction,20260911,0.5241723726591028,0.5241723726591028,1,0
annual_quarter_half,3607,2025-12-05,2025-12-15,-0.0093922675990717,2025,2025-09-30,learned_vol_interaction,20260912,0.41540447373131756,0.41540447373131756,0,0
annual_quarter_half,3607,2025-12-05,2025-12-15,-0.0093922675990717,2025,2025-09-30,native_mse,20260910,-0.0026380427009744713,,0,0
annual_quarter_half,3607,2025-12-05,2025-12-15,-0.0093922675990717,2025,2025-09-30,native_mse,20260911,-0.0009635870699828854,,0,0
annual_quarter_half,3607,2025-12-05,2025-12-15,-0.0093922675990717,2025,2025-09-30,native_mse,20260912,-0.002362954658317292,,0,0
annual_quarter_half,3607,2025-12-05,2025-12-15,-0.0093922675990717,2025,2025-09-30,training_frequency,-1,0.4776119402985075,0.4776119402985075,0,0
annual_quarter_half,3612,2025-12-12,2025-12-22,0.0082791208791208,2025,2025-09-30,learned_market,20260910,0.45373482639225104,0.45373482639225104,0,1
annual_quarter_half,3612,2025-12-12,2025-12-22,0.0082791208791208,2025,2025-09-30,learned_market,20260911,0.5309488047755504,0.5309488047755504,1,1
annual_quarter_half,3612,2025-12-12,2025-12-22,0.0082791208791208,2025,2025-09-30,learned_market,20260912,0.5363199141518914,0.5363199141518914,1,1
annual_quarter_half,3612,2025-12-12,2025-12-22,0.0082791208791208,2025,2025-09-30,learned_order_extension,20260910,0.45015524076816127,0.45015524076816127,0,1
annual_quarter_half,3612,2025-12-12,2025-12-22,0.0082791208791208,2025,2025-09-30,learned_order_extension,20260911,0.5531928934830634,0.5531928934830634,1,1
annual_quarter_half,3612,2025-12-12,2025-12-22,0.0082791208791208,2025,2025-09-30,learned_order_extension,20260912,0.5810455621787665,0.5810455621787665,1,1
annual_quarter_half,3612,2025-12-12,2025-12-22,0.0082791208791208,2025,2025-09-30,learned_order_offset,20260910,0.44987181052260794,0.44987181052260794,0,1
annual_quarter_half,3612,2025-12-12,2025-12-22,0.0082791208791208,2025,2025-09-30,learned_order_offset,20260911,0.5528753211860638,0.5528753211860638,1,1
annual_quarter_half,3612,2025-12-12,2025-12-22,0.0082791208791208,2025,2025-09-30,learned_order_offset,20260912,0.5804192799387544,0.5804192799387544,1,1
annual_quarter_half,3612,2025-12-12,2025-12-22,0.0082791208791208,2025,2025-09-30,learned_vol_interaction,20260910,0.4543175400509667,0.4543175400509667,0,1
annual_quarter_half,3612,2025-12-12,2025-12-22,0.0082791208791208,2025,2025-09-30,learned_vol_interaction,20260911,0.5388099826322355,0.5388099826322355,1,1
annual_quarter_half,3612,2025-12-12,2025-12-22,0.0082791208791208,2025,2025-09-30,learned_vol_interaction,20260912,0.5425994537699537,0.5425994537699537,1,1
annual_quarter_half,3612,2025-12-12,2025-12-22,0.0082791208791208,2025,2025-09-30,native_mse,20260910,0.0007512484487562024,,1,1
annual_quarter_half,3612,2025-12-12,2025-12-22,0.0082791208791208,2025,2025-09-30,native_mse,20260911,-0.0007584295102339188,,0,1
annual_quarter_half,3612,2025-12-12,2025-12-22,0.0082791208791208,2025,2025-09-30,native_mse,20260912,0.0017482300850611458,,1,1
annual_quarter_half,3612,2025-12-12,2025-12-22,0.0082791208791208,2025,2025-09-30,training_frequency,-1,0.4776119402985075,0.4776119402985075,0,1
annual_quarter_half,3617,2025-12-19,2025-12-29,0.0153890755001995,2025,2025-09-30,learned_market,20260910,0.5363219722908481,0.5363219722908481,1,1
annual_quarter_half,3617,2025-12-19,2025-12-29,0.0153890755001995,2025,2025-09-30,learned_market,20260911,0.5740671777212247,0.5740671777212247,1,1
annual_quarter_half,3617,2025-12-19,2025-12-29,0.0153890755001995,2025,2025-09-30,learned_market,20260912,0.5902472551597655,0.5902472551597655,1,1
annual_quarter_half,3617,2025-12-19,2025-12-29,0.0153890755001995,2025,2025-09-30,learned_order_extension,20260910,0.5785543587806834,0.5785543587806834,1,1
annual_quarter_half,3617,2025-12-19,2025-12-29,0.0153890755001995,2025,2025-09-30,learned_order_extension,20260911,0.5937743683198968,0.5937743683198968,1,1
annual_quarter_half,3617,2025-12-19,2025-12-29,0.0153890755001995,2025,2025-09-30,learned_order_extension,20260912,0.6406439230364511,0.6406439230364511,1,1
annual_quarter_half,3617,2025-12-19,2025-12-29,0.0153890755001995,2025,2025-09-30,learned_order_offset,20260910,0.5782137664271851,0.5782137664271851,1,1
annual_quarter_half,3617,2025-12-19,2025-12-29,0.0153890755001995,2025,2025-09-30,learned_order_offset,20260911,0.5930411236677819,0.5930411236677819,1,1
annual_quarter_half,3617,2025-12-19,2025-12-29,0.0153890755001995,2025,2025-09-30,learned_order_offset,20260912,0.6387029346836578,0.6387029346836578,1,1
annual_quarter_half,3617,2025-12-19,2025-12-29,0.0153890755001995,2025,2025-09-30,learned_vol_interaction,20260910,0.5460554441955647,0.5460554441955647,1,1
annual_quarter_half,3617,2025-12-19,2025-12-29,0.0153890755001995,2025,2025-09-30,learned_vol_interaction,20260911,0.5870958569620406,0.5870958569620406,1,1
annual_quarter_half,3617,2025-12-19,2025-12-29,0.0153890755001995,2025,2025-09-30,learned_vol_interaction,20260912,0.5912352523086506,0.5912352523086506,1,1
annual_quarter_half,3617,2025-12-19,2025-12-29,0.0153890755001995,2025,2025-09-30,native_mse,20260910,0.002731583786267789,,1,1
annual_quarter_half,3617,2025-12-19,2025-12-29,0.0153890755001995,2025,2025-09-30,native_mse,20260911,-0.0006159587227925065,,0,1
annual_quarter_half,3617,2025-12-19,2025-12-29,0.0153890755001995,2025,2025-09-30,native_mse,20260912,-0.00025876387299137354,,0,1
annual_quarter_half,3617,2025-12-19,2025-12-29,0.0153890755001995,2025,2025-09-30,training_frequency,-1,0.4776119402985075,0.4776119402985075,0,1
annual_quarter_half,3622,2025-12-26,2026-01-12,0.0239101640737868,2025,2025-09-30,learned_market,20260910,0.425040989461997,0.425040989461997,0,1
annual_quarter_half,3622,2025-12-26,2026-01-12,0.0239101640737868,2025,2025-09-30,learned_market,20260911,0.5465838980693664,0.5465838980693664,1,1
annual_quarter_half,3622,2025-12-26,2026-01-12,0.0239101640737868,2025,2025-09-30,learned_market,20260912,0.5300772924873274,0.5300772924873274,1,1
annual_quarter_half,3622,2025-12-26,2026-01-12,0.0239101640737868,2025,2025-09-30,learned_order_extension,20260910,0.417031970407369,0.417031970407369,0,1
annual_quarter_half,3622,2025-12-26,2026-01-12,0.0239101640737868,2025,2025-09-30,learned_order_extension,20260911,0.5560734322345458,0.5560734322345458,1,1
annual_quarter_half,3622,2025-12-26,2026-01-12,0.0239101640737868,2025,2025-09-30,learned_order_extension,20260912,0.5502116337444932,0.5502116337444932,1,1
annual_quarter_half,3622,2025-12-26,2026-01-12,0.0239101640737868,2025,2025-09-30,learned_order_offset,20260910,0.4172037992343752,0.4172037992343752,0,1
annual_quarter_half,3622,2025-12-26,2026-01-12,0.0239101640737868,2025,2025-09-30,learned_order_offset,20260911,0.555641965761356,0.555641965761356,1,1
annual_quarter_half,3622,2025-12-26,2026-01-12,0.0239101640737868,2025,2025-09-30,learned_order_offset,20260912,0.550133763245974,0.550133763245974,1,1
annual_quarter_half,3622,2025-12-26,2026-01-12,0.0239101640737868,2025,2025-09-30,learned_vol_interaction,20260910,0.41846689642823354,0.41846689642823354,0,1
annual_quarter_half,3622,2025-12-26,2026-01-12,0.0239101640737868,2025,2025-09-30,learned_vol_interaction,20260911,0.5568086523957705,0.5568086523957705,1,1
annual_quarter_half,3622,2025-12-26,2026-01-12,0.0239101640737868,2025,2025-09-30,learned_vol_interaction,20260912,0.5324307073441885,0.5324307073441885,1,1
annual_quarter_half,3622,2025-12-26,2026-01-12,0.0239101640737868,2025,2025-09-30,native_mse,20260910,-0.00011447795209263483,,0,1
annual_quarter_half,3622,2025-12-26,2026-01-12,0.0239101640737868,2025,2025-09-30,native_mse,20260911,-0.000488625776663136,,0,1
annual_quarter_half,3622,2025-12-26,2026-01-12,0.0239101640737868,2025,2025-09-30,native_mse,20260912,0.001167387192043616,,1,1
annual_quarter_half,3622,2025-12-26,2026-01-12,0.0239101640737868,2025,2025-09-30,training_frequency,-1,0.4776119402985075,0.4776119402985075,0,1
annual_quarter_half,3630,2026-01-09,2026-01-19,-0.0103697336282536,2026,2025-12-31,learned_market,20260910,0.5209270458842004,0.5209270458842004,1,0
annual_quarter_half,3630,2026-01-09,2026-01-19,-0.0103697336282536,2026,2025-12-31,learned_market,20260911,0.5413510609744506,0.5413510609744506,1,0
annual_quarter_half,3630,2026-01-09,2026-01-19,-0.0103697336282536,2026,2025-12-31,learned_market,20260912,0.5119803822427041,0.5119803822427041,1,0
annual_quarter_half,3630,2026-01-09,2026-01-19,-0.0103697336282536,2026,2025-12-31,learned_order_extension,20260910,0.5118603699776423,0.5118603699776423,1,0
annual_quarter_half,3630,2026-01-09,2026-01-19,-0.0103697336282536,2026,2025-12-31,learned_order_extension,20260911,0.5459060256811782,0.5459060256811782,1,0
annual_quarter_half,3630,2026-01-09,2026-01-19,-0.0103697336282536,2026,2025-12-31,learned_order_extension,20260912,0.5234527600872158,0.5234527600872158,1,0
annual_quarter_half,3630,2026-01-09,2026-01-19,-0.0103697336282536,2026,2025-12-31,learned_order_offset,20260910,0.5108025931769093,0.5108025931769093,1,0
annual_quarter_half,3630,2026-01-09,2026-01-19,-0.0103697336282536,2026,2025-12-31,learned_order_offset,20260911,0.545843670764125,0.545843670764125,1,0
annual_quarter_half,3630,2026-01-09,2026-01-19,-0.0103697336282536,2026,2025-12-31,learned_order_offset,20260912,0.5234772415055928,0.5234772415055928,1,0
annual_quarter_half,3630,2026-01-09,2026-01-19,-0.0103697336282536,2026,2025-12-31,learned_vol_interaction,20260910,0.5249822005515526,0.5249822005515526,1,0
annual_quarter_half,3630,2026-01-09,2026-01-19,-0.0103697336282536,2026,2025-12-31,learned_vol_interaction,20260911,0.5419308229071979,0.5419308229071979,1,0
annual_quarter_half,3630,2026-01-09,2026-01-19,-0.0103697336282536,2026,2025-12-31,learned_vol_interaction,20260912,0.5113420632666249,0.5113420632666249,1,0
annual_quarter_half,3630,2026-01-09,2026-01-19,-0.0103697336282536,2026,2025-12-31,native_mse,20260910,-0.002855102612462861,,0,0
annual_quarter_half,3630,2026-01-09,2026-01-19,-0.0103697336282536,2026,2025-12-31,native_mse,20260911,-0.0030890692487675277,,0,0
annual_quarter_half,3630,2026-01-09,2026-01-19,-0.0103697336282536,2026,2025-12-31,native_mse,20260912,-0.0012654744629118373,,0,0
annual_quarter_half,3630,2026-01-09,2026-01-19,-0.0103697336282536,2026,2025-12-31,training_frequency,-1,0.4792703150912106,0.4792703150912106,0,0
annual_quarter_half,3635,2026-01-16,2026-01-26,-0.0010190267764643,2026,2025-12-31,learned_market,20260910,0.5197139065453521,0.5197139065453521,1,0
annual_quarter_half,3635,2026-01-16,2026-01-26,-0.0010190267764643,2026,2025-12-31,learned_market,20260911,0.5314359715780813,0.5314359715780813,1,0
annual_quarter_half,3635,2026-01-16,2026-01-26,-0.0010190267764643,2026,2025-12-31,learned_market,20260912,0.5563532391014436,0.5563532391014436,1,0
annual_quarter_half,3635,2026-01-16,2026-01-26,-0.0010190267764643,2026,2025-12-31,learned_order_extension,20260910,0.5121161981098539,0.5121161981098539,1,0
annual_quarter_half,3635,2026-01-16,2026-01-26,-0.0010190267764643,2026,2025-12-31,learned_order_extension,20260911,0.5315584772037104,0.5315584772037104,1,0
annual_quarter_half,3635,2026-01-16,2026-01-26,-0.0010190267764643,2026,2025-12-31,learned_order_extension,20260912,0.5847075352595175,0.5847075352595175,1,0
annual_quarter_half,3635,2026-01-16,2026-01-26,-0.0010190267764643,2026,2025-12-31,learned_order_offset,20260910,0.5113982623384066,0.5113982623384066,1,0
annual_quarter_half,3635,2026-01-16,2026-01-26,-0.0010190267764643,2026,2025-12-31,learned_order_offset,20260911,0.5315791456859873,0.5315791456859873,1,0
annual_quarter_half,3635,2026-01-16,2026-01-26,-0.0010190267764643,2026,2025-12-31,learned_order_offset,20260912,0.5844150879103954,0.5844150879103954,1,0
annual_quarter_half,3635,2026-01-16,2026-01-26,-0.0010190267764643,2026,2025-12-31,learned_vol_interaction,20260910,0.5217999415123397,0.5217999415123397,1,0
annual_quarter_half,3635,2026-01-16,2026-01-26,-0.0010190267764643,2026,2025-12-31,learned_vol_interaction,20260911,0.5357337652448725,0.5357337652448725,1,0
annual_quarter_half,3635,2026-01-16,2026-01-26,-0.0010190267764643,2026,2025-12-31,learned_vol_interaction,20260912,0.5720485316988371,0.5720485316988371,1,0
annual_quarter_half,3635,2026-01-16,2026-01-26,-0.0010190267764643,2026,2025-12-31,native_mse,20260910,-0.00015744638603756636,,0,0
annual_quarter_half,3635,2026-01-16,2026-01-26,-0.0010190267764643,2026,2025-12-31,native_mse,20260911,-0.0029844245717806552,,0,0
annual_quarter_half,3635,2026-01-16,2026-01-26,-0.0010190267764643,2026,2025-12-31,native_mse,20260912,-0.0009824454910161004,,0,0
annual_quarter_half,3635,2026-01-16,2026-01-26,-0.0010190267764643,2026,2025-12-31,training_frequency,-1,0.4792703150912106,0.4792703150912106,0,0
annual_quarter_half,3640,2026-01-23,2026-02-02,-0.0087161586128796,2026,2025-12-31,learned_market,20260910,0.2755814653004309,0.2755814653004309,0,0
annual_quarter_half,3640,2026-01-23,2026-02-02,-0.0087161586128796,2026,2025-12-31,learned_market,20260911,0.5322660389568398,0.5322660389568398,1,0
annual_quarter_half,3640,2026-01-23,2026-02-02,-0.0087161586128796,2026,2025-12-31,learned_market,20260912,0.47986345901765604,0.47986345901765604,0,0
annual_quarter_half,3640,2026-01-23,2026-02-02,-0.0087161586128796,2026,2025-12-31,learned_order_extension,20260910,0.2938325386236829,0.2938325386236829,0,0
annual_quarter_half,3640,2026-01-23,2026-02-02,-0.0087161586128796,2026,2025-12-31,learned_order_extension,20260911,0.5380779045961513,0.5380779045961513,1,0
annual_quarter_half,3640,2026-01-23,2026-02-02,-0.0087161586128796,2026,2025-12-31,learned_order_extension,20260912,0.4700767353741261,0.4700767353741261,0,0
annual_quarter_half,3640,2026-01-23,2026-02-02,-0.0087161586128796,2026,2025-12-31,learned_order_offset,20260910,0.2944555803643879,0.2944555803643879,0,0
annual_quarter_half,3640,2026-01-23,2026-02-02,-0.0087161586128796,2026,2025-12-31,learned_order_offset,20260911,0.5378362799693707,0.5378362799693707,1,0
annual_quarter_half,3640,2026-01-23,2026-02-02,-0.0087161586128796,2026,2025-12-31,learned_order_offset,20260912,0.46996206356235715,0.46996206356235715,0,0
annual_quarter_half,3640,2026-01-23,2026-02-02,-0.0087161586128796,2026,2025-12-31,learned_vol_interaction,20260910,0.2703686171181188,0.2703686171181188,0,0
annual_quarter_half,3640,2026-01-23,2026-02-02,-0.0087161586128796,2026,2025-12-31,learned_vol_interaction,20260911,0.5371665022159147,0.5371665022159147,1,0
annual_quarter_half,3640,2026-01-23,2026-02-02,-0.0087161586128796,2026,2025-12-31,learned_vol_interaction,20260912,0.46450523759698337,0.46450523759698337,0,0
annual_quarter_half,3640,2026-01-23,2026-02-02,-0.0087161586128796,2026,2025-12-31,native_mse,20260910,-0.006105688647517694,,0,0
annual_quarter_half,3640,2026-01-23,2026-02-02,-0.0087161586128796,2026,2025-12-31,native_mse,20260911,-0.0018485669736654138,,0,0
annual_quarter_half,3640,2026-01-23,2026-02-02,-0.0087161586128796,2026,2025-12-31,native_mse,20260912,-0.0014318861524315442,,0,0
annual_quarter_half,3640,2026-01-23,2026-02-02,-0.0087161586128796,2026,2025-12-31,training_frequency,-1,0.4792703150912106,0.4792703150912106,0,0
annual_quarter_half,3645,2026-01-30,2026-02-09,0.0041482324550519,2026,2025-12-31,learned_market,20260910,0.41561123934774186,0.41561123934774186,0,1
annual_quarter_half,3645,2026-01-30,2026-02-09,0.0041482324550519,2026,2025-12-31,learned_market,20260911,0.45886324630014486,0.45886324630014486,0,1
annual_quarter_half,3645,2026-01-30,2026-02-09,0.0041482324550519,2026,2025-12-31,learned_market,20260912,0.5030177692550698,0.5030177692550698,1,1
annual_quarter_half,3645,2026-01-30,2026-02-09,0.0041482324550519,2026,2025-12-31,learned_order_extension,20260910,0.43621861720931454,0.43621861720931454,0,1
annual_quarter_half,3645,2026-01-30,2026-02-09,0.0041482324550519,2026,2025-12-31,learned_order_extension,20260911,0.43274829616923166,0.43274829616923166,0,1
annual_quarter_half,3645,2026-01-30,2026-02-09,0.0041482324550519,2026,2025-12-31,learned_order_extension,20260912,0.5148835278265028,0.5148835278265028,1,1
annual_quarter_half,3645,2026-01-30,2026-02-09,0.0041482324550519,2026,2025-12-31,learned_order_offset,20260910,0.43663121014690576,0.43663121014690576,0,1
annual_quarter_half,3645,2026-01-30,2026-02-09,0.0041482324550519,2026,2025-12-31,learned_order_offset,20260911,0.43267035311859725,0.43267035311859725,0,1
annual_quarter_half,3645,2026-01-30,2026-02-09,0.0041482324550519,2026,2025-12-31,learned_order_offset,20260912,0.514701020079869,0.514701020079869,1,1
annual_quarter_half,3645,2026-01-30,2026-02-09,0.0041482324550519,2026,2025-12-31,learned_vol_interaction,20260910,0.4125281641526105,0.4125281641526105,0,1
annual_quarter_half,3645,2026-01-30,2026-02-09,0.0041482324550519,2026,2025-12-31,learned_vol_interaction,20260911,0.4536669400564477,0.4536669400564477,0,1
annual_quarter_half,3645,2026-01-30,2026-02-09,0.0041482324550519,2026,2025-12-31,learned_vol_interaction,20260912,0.5055364466448413,0.5055364466448413,1,1
annual_quarter_half,3645,2026-01-30,2026-02-09,0.0041482324550519,2026,2025-12-31,native_mse,20260910,-0.0019649521887390433,,0,1
annual_quarter_half,3645,2026-01-30,2026-02-09,0.0041482324550519,2026,2025-12-31,native_mse,20260911,-0.002659061252019485,,0,1
annual_quarter_half,3645,2026-01-30,2026-02-09,0.0041482324550519,2026,2025-12-31,native_mse,20260912,-0.0015519331724585116,,0,1
annual_quarter_half,3645,2026-01-30,2026-02-09,0.0041482324550519,2026,2025-12-31,training_frequency,-1,0.4792703150912106,0.4792703150912106,0,1
annual_quarter_half,3650,2026-02-06,2026-02-24,0.0071649689901505,2026,2025-12-31,learned_market,20260910,0.5571228245636697,0.5571228245636697,1,1
annual_quarter_half,3650,2026-02-06,2026-02-24,0.0071649689901505,2026,2025-12-31,learned_market,20260911,0.5329149888621901,0.5329149888621901,1,1
annual_quarter_half,3650,2026-02-06,2026-02-24,0.0071649689901505,2026,2025-12-31,learned_market,20260912,0.43906676808287387,0.43906676808287387,0,1
annual_quarter_half,3650,2026-02-06,2026-02-24,0.0071649689901505,2026,2025-12-31,learned_order_extension,20260910,0.5517322930511716,0.5517322930511716,1,1
annual_quarter_half,3650,2026-02-06,2026-02-24,0.0071649689901505,2026,2025-12-31,learned_order_extension,20260911,0.5358238036456818,0.5358238036456818,1,1
annual_quarter_half,3650,2026-02-06,2026-02-24,0.0071649689901505,2026,2025-12-31,learned_order_extension,20260912,0.4220765070574473,0.4220765070574473,0,1
annual_quarter_half,3650,2026-02-06,2026-02-24,0.0071649689901505,2026,2025-12-31,learned_order_offset,20260910,0.5521384139661094,0.5521384139661094,1,1
annual_quarter_half,3650,2026-02-06,2026-02-24,0.0071649689901505,2026,2025-12-31,learned_order_offset,20260911,0.5355468761174008,0.5355468761174008,1,1
annual_quarter_half,3650,2026-02-06,2026-02-24,0.0071649689901505,2026,2025-12-31,learned_order_offset,20260912,0.42213589824970216,0.42213589824970216,0,1
annual_quarter_half,3650,2026-02-06,2026-02-24,0.0071649689901505,2026,2025-12-31,learned_vol_interaction,20260910,0.5560675092745206,0.5560675092745206,1,1
annual_quarter_half,3650,2026-02-06,2026-02-24,0.0071649689901505,2026,2025-12-31,learned_vol_interaction,20260911,0.535655258471591,0.535655258471591,1,1
annual_quarter_half,3650,2026-02-06,2026-02-24,0.0071649689901505,2026,2025-12-31,learned_vol_interaction,20260912,0.42116451389141074,0.42116451389141074,0,1
annual_quarter_half,3650,2026-02-06,2026-02-24,0.0071649689901505,2026,2025-12-31,native_mse,20260910,0.0047027542719540035,,1,1
annual_quarter_half,3650,2026-02-06,2026-02-24,0.0071649689901505,2026,2025-12-31,native_mse,20260911,-0.0015567976959256278,,0,1
annual_quarter_half,3650,2026-02-06,2026-02-24,0.0071649689901505,2026,2025-12-31,native_mse,20260912,-0.0016869022750859507,,0,1
annual_quarter_half,3650,2026-02-06,2026-02-24,0.0071649689901505,2026,2025-12-31,training_frequency,-1,0.4792703150912106,0.4792703150912106,0,1
annual_quarter_half,3655,2026-02-13,2026-03-02,-0.0097920588919678,2026,2025-12-31,learned_market,20260910,0.4304939364707622,0.4304939364707622,0,0
annual_quarter_half,3655,2026-02-13,2026-03-02,-0.0097920588919678,2026,2025-12-31,learned_market,20260911,0.5096151640594386,0.5096151640594386,1,0
annual_quarter_half,3655,2026-02-13,2026-03-02,-0.0097920588919678,2026,2025-12-31,learned_market,20260912,0.431368044613122,0.431368044613122,0,0
annual_quarter_half,3655,2026-02-13,2026-03-02,-0.0097920588919678,2026,2025-12-31,learned_order_extension,20260910,0.4214021419664105,0.4214021419664105,0,0
annual_quarter_half,3655,2026-02-13,2026-03-02,-0.0097920588919678,2026,2025-12-31,learned_order_extension,20260911,0.5188075700840837,0.5188075700840837,1,0
annual_quarter_half,3655,2026-02-13,2026-03-02,-0.0097920588919678,2026,2025-12-31,learned_order_extension,20260912,0.41397752179190594,0.41397752179190594,0,0
annual_quarter_half,3655,2026-02-13,2026-03-02,-0.0097920588919678,2026,2025-12-31,learned_order_offset,20260910,0.42280069136931375,0.42280069136931375,0,0
annual_quarter_half,3655,2026-02-13,2026-03-02,-0.0097920588919678,2026,2025-12-31,learned_order_offset,20260911,0.5185004295200895,0.5185004295200895,1,0
annual_quarter_half,3655,2026-02-13,2026-03-02,-0.0097920588919678,2026,2025-12-31,learned_order_offset,20260912,0.4139092534456115,0.4139092534456115,0,0
annual_quarter_half,3655,2026-02-13,2026-03-02,-0.0097920588919678,2026,2025-12-31,learned_vol_interaction,20260910,0.4244643603856174,0.4244643603856174,0,0
annual_quarter_half,3655,2026-02-13,2026-03-02,-0.0097920588919678,2026,2025-12-31,learned_vol_interaction,20260911,0.5053590625088199,0.5053590625088199,1,0
annual_quarter_half,3655,2026-02-13,2026-03-02,-0.0097920588919678,2026,2025-12-31,learned_vol_interaction,20260912,0.4216952789502379,0.4216952789502379,0,0
annual_quarter_half,3655,2026-02-13,2026-03-02,-0.0097920588919678,2026,2025-12-31,native_mse,20260910,0.0004179826835146159,,1,0
annual_quarter_half,3655,2026-02-13,2026-03-02,-0.0097920588919678,2026,2025-12-31,native_mse,20260911,-0.0015389707922718095,,0,0
annual_quarter_half,3655,2026-02-13,2026-03-02,-0.0097920588919678,2026,2025-12-31,native_mse,20260912,-0.0011765097827620523,,0,0
annual_quarter_half,3655,2026-02-13,2026-03-02,-0.0097920588919678,2026,2025-12-31,training_frequency,-1,0.4792703150912106,0.4792703150912106,0,0
annual_quarter_half,3659,2026-02-27,2026-03-09,-0.0172526869201304,2026,2025-12-31,learned_market,20260910,0.5160143853208942,0.5160143853208942,1,0
annual_quarter_half,3659,2026-02-27,2026-03-09,-0.0172526869201304,2026,2025-12-31,learned_market,20260911,0.5369210179709557,0.5369210179709557,1,0
annual_quarter_half,3659,2026-02-27,2026-03-09,-0.0172526869201304,2026,2025-12-31,learned_market,20260912,0.48137527566018024,0.48137527566018024,0,0
annual_quarter_half,3659,2026-02-27,2026-03-09,-0.0172526869201304,2026,2025-12-31,learned_order_extension,20260910,0.5148692090014166,0.5148692090014166,1,0
annual_quarter_half,3659,2026-02-27,2026-03-09,-0.0172526869201304,2026,2025-12-31,learned_order_extension,20260911,0.5395237482049954,0.5395237482049954,1,0
annual_quarter_half,3659,2026-02-27,2026-03-09,-0.0172526869201304,2026,2025-12-31,learned_order_extension,20260912,0.45946498078572456,0.45946498078572456,0,0
annual_quarter_half,3659,2026-02-27,2026-03-09,-0.0172526869201304,2026,2025-12-31,learned_order_offset,20260910,0.5153156845902671,0.5153156845902671,1,0
annual_quarter_half,3659,2026-02-27,2026-03-09,-0.0172526869201304,2026,2025-12-31,learned_order_offset,20260911,0.5394279755034715,0.5394279755034715,1,0
annual_quarter_half,3659,2026-02-27,2026-03-09,-0.0172526869201304,2026,2025-12-31,learned_order_offset,20260912,0.4590491088219428,0.4590491088219428,0,0
annual_quarter_half,3659,2026-02-27,2026-03-09,-0.0172526869201304,2026,2025-12-31,learned_vol_interaction,20260910,0.5169468531475478,0.5169468531475478,1,0
annual_quarter_half,3659,2026-02-27,2026-03-09,-0.0172526869201304,2026,2025-12-31,learned_vol_interaction,20260911,0.5322976681186429,0.5322976681186429,1,0
annual_quarter_half,3659,2026-02-27,2026-03-09,-0.0172526869201304,2026,2025-12-31,learned_vol_interaction,20260912,0.46280074037648433,0.46280074037648433,0,0
annual_quarter_half,3659,2026-02-27,2026-03-09,-0.0172526869201304,2026,2025-12-31,native_mse,20260910,0.0022625269962182996,,1,0
annual_quarter_half,3659,2026-02-27,2026-03-09,-0.0172526869201304,2026,2025-12-31,native_mse,20260911,-0.0019681718770543553,,0,0
annual_quarter_half,3659,2026-02-27,2026-03-09,-0.0172526869201304,2026,2025-12-31,native_mse,20260912,-0.0007085124719817442,,0,0
annual_quarter_half,3659,2026-02-27,2026-03-09,-0.0172526869201304,2026,2025-12-31,training_frequency,-1,0.4792703150912106,0.4792703150912106,0,0
annual_quarter_half,3664,2026-03-06,2026-03-16,0.0149926634422041,2026,2025-12-31,learned_market,20260910,0.4236869357819852,0.4236869357819852,0,1
annual_quarter_half,3664,2026-03-06,2026-03-16,0.0149926634422041,2026,2025-12-31,learned_market,20260911,0.6237121770434778,0.6237121770434778,1,1
annual_quarter_half,3664,2026-03-06,2026-03-16,0.0149926634422041,2026,2025-12-31,learned_market,20260912,0.46731902499821354,0.46731902499821354,0,1
annual_quarter_half,3664,2026-03-06,2026-03-16,0.0149926634422041,2026,2025-12-31,learned_order_extension,20260910,0.43198850893548346,0.43198850893548346,0,1
annual_quarter_half,3664,2026-03-06,2026-03-16,0.0149926634422041,2026,2025-12-31,learned_order_extension,20260911,0.6721134681647395,0.6721134681647395,1,1
annual_quarter_half,3664,2026-03-06,2026-03-16,0.0149926634422041,2026,2025-12-31,learned_order_extension,20260912,0.44635455978232025,0.44635455978232025,0,1
annual_quarter_half,3664,2026-03-06,2026-03-16,0.0149926634422041,2026,2025-12-31,learned_order_offset,20260910,0.43177972341367155,0.43177972341367155,0,1
annual_quarter_half,3664,2026-03-06,2026-03-16,0.0149926634422041,2026,2025-12-31,learned_order_offset,20260911,0.6720878025271129,0.6720878025271129,1,1
annual_quarter_half,3664,2026-03-06,2026-03-16,0.0149926634422041,2026,2025-12-31,learned_order_offset,20260912,0.4464707132363767,0.4464707132363767,0,1
annual_quarter_half,3664,2026-03-06,2026-03-16,0.0149926634422041,2026,2025-12-31,learned_vol_interaction,20260910,0.42392001130005047,0.42392001130005047,0,1
annual_quarter_half,3664,2026-03-06,2026-03-16,0.0149926634422041,2026,2025-12-31,learned_vol_interaction,20260911,0.6174856955773433,0.6174856955773433,1,1
annual_quarter_half,3664,2026-03-06,2026-03-16,0.0149926634422041,2026,2025-12-31,learned_vol_interaction,20260912,0.4454734654507731,0.4454734654507731,0,1
annual_quarter_half,3664,2026-03-06,2026-03-16,0.0149926634422041,2026,2025-12-31,native_mse,20260910,-0.003806878947664824,,0,1
annual_quarter_half,3664,2026-03-06,2026-03-16,0.0149926634422041,2026,2025-12-31,native_mse,20260911,0.00014521785716820214,,1,1
annual_quarter_half,3664,2026-03-06,2026-03-16,0.0149926634422041,2026,2025-12-31,native_mse,20260912,-0.0009899154221996353,,0,1
annual_quarter_half,3664,2026-03-06,2026-03-16,0.0149926634422041,2026,2025-12-31,training_frequency,-1,0.4792703150912106,0.4792703150912106,0,1
annual_quarter_half,3669,2026-03-13,2026-03-23,-0.0364343509194254,2026,2025-12-31,learned_market,20260910,0.40086366037455606,0.40086366037455606,0,0
annual_quarter_half,3669,2026-03-13,2026-03-23,-0.0364343509194254,2026,2025-12-31,learned_market,20260911,0.45542191984179375,0.45542191984179375,0,0
annual_quarter_half,3669,2026-03-13,2026-03-23,-0.0364343509194254,2026,2025-12-31,learned_market,20260912,0.5227160800792146,0.5227160800792146,1,0
annual_quarter_half,3669,2026-03-13,2026-03-23,-0.0364343509194254,2026,2025-12-31,learned_order_extension,20260910,0.42629911883001154,0.42629911883001154,0,0
annual_quarter_half,3669,2026-03-13,2026-03-23,-0.0364343509194254,2026,2025-12-31,learned_order_extension,20260911,0.44254310728173424,0.44254310728173424,0,0
annual_quarter_half,3669,2026-03-13,2026-03-23,-0.0364343509194254,2026,2025-12-31,learned_order_extension,20260912,0.5383866937008707,0.5383866937008707,1,0
annual_quarter_half,3669,2026-03-13,2026-03-23,-0.0364343509194254,2026,2025-12-31,learned_order_offset,20260910,0.4256062271162684,0.4256062271162684,0,0
annual_quarter_half,3669,2026-03-13,2026-03-23,-0.0364343509194254,2026,2025-12-31,learned_order_offset,20260911,0.44301866763301645,0.44301866763301645,0,0
annual_quarter_half,3669,2026-03-13,2026-03-23,-0.0364343509194254,2026,2025-12-31,learned_order_offset,20260912,0.5384561051408137,0.5384561051408137,1,0
annual_quarter_half,3669,2026-03-13,2026-03-23,-0.0364343509194254,2026,2025-12-31,learned_vol_interaction,20260910,0.3996582436829412,0.3996582436829412,0,0
annual_quarter_half,3669,2026-03-13,2026-03-23,-0.0364343509194254,2026,2025-12-31,learned_vol_interaction,20260911,0.44896092371547813,0.44896092371547813,0,0
annual_quarter_half,3669,2026-03-13,2026-03-23,-0.0364343509194254,2026,2025-12-31,learned_vol_interaction,20260912,0.5162800418391823,0.5162800418391823,1,0
annual_quarter_half,3669,2026-03-13,2026-03-23,-0.0364343509194254,2026,2025-12-31,native_mse,20260910,-0.006468904470141985,,0,0
annual_quarter_half,3669,2026-03-13,2026-03-23,-0.0364343509194254,2026,2025-12-31,native_mse,20260911,-0.0022671453715006956,,0,0
annual_quarter_half,3669,2026-03-13,2026-03-23,-0.0364343509194254,2026,2025-12-31,native_mse,20260912,-0.0011266305599294578,,0,0
annual_quarter_half,3669,2026-03-13,2026-03-23,-0.0364343509194254,2026,2025-12-31,training_frequency,-1,0.4792703150912106,0.4792703150912106,0,0
annual_quarter_half,3674,2026-03-20,2026-03-30,-0.0083038829988221,2026,2025-12-31,learned_market,20260910,0.43855196230093557,0.43855196230093557,0,0
annual_quarter_half,3674,2026-03-20,2026-03-30,-0.0083038829988221,2026,2025-12-31,learned_market,20260911,0.46187353471109566,0.46187353471109566,0,0
annual_quarter_half,3674,2026-03-20,2026-03-30,-0.0083038829988221,2026,2025-12-31,learned_market,20260912,0.4464645109091068,0.4464645109091068,0,0
annual_quarter_half,3674,2026-03-20,2026-03-30,-0.0083038829988221,2026,2025-12-31,learned_order_extension,20260910,0.4749564207401761,0.4749564207401761,0,0
annual_quarter_half,3674,2026-03-20,2026-03-30,-0.0083038829988221,2026,2025-12-31,learned_order_extension,20260911,0.4378410999680901,0.4378410999680901,0,0
annual_quarter_half,3674,2026-03-20,2026-03-30,-0.0083038829988221,2026,2025-12-31,learned_order_extension,20260912,0.43243079892634145,0.43243079892634145,0,0
annual_quarter_half,3674,2026-03-20,2026-03-30,-0.0083038829988221,2026,2025-12-31,learned_order_offset,20260910,0.47357009046646403,0.47357009046646403,0,0
annual_quarter_half,3674,2026-03-20,2026-03-30,-0.0083038829988221,2026,2025-12-31,learned_order_offset,20260911,0.4379475907087764,0.4379475907087764,0,0
annual_quarter_half,3674,2026-03-20,2026-03-30,-0.0083038829988221,2026,2025-12-31,learned_order_offset,20260912,0.43269622737784763,0.43269622737784763,0,0
annual_quarter_half,3674,2026-03-20,2026-03-30,-0.0083038829988221,2026,2025-12-31,learned_vol_interaction,20260910,0.4401239045442557,0.4401239045442557,0,0
annual_quarter_half,3674,2026-03-20,2026-03-30,-0.0083038829988221,2026,2025-12-31,learned_vol_interaction,20260911,0.45425867209133697,0.45425867209133697,0,0
annual_quarter_half,3674,2026-03-20,2026-03-30,-0.0083038829988221,2026,2025-12-31,learned_vol_interaction,20260912,0.44815597826032155,0.44815597826032155,0,0
annual_quarter_half,3674,2026-03-20,2026-03-30,-0.0083038829988221,2026,2025-12-31,native_mse,20260910,-0.006677801015318794,,0,0
annual_quarter_half,3674,2026-03-20,2026-03-30,-0.0083038829988221,2026,2025-12-31,native_mse,20260911,-0.001986856137592856,,0,0
annual_quarter_half,3674,2026-03-20,2026-03-30,-0.0083038829988221,2026,2025-12-31,native_mse,20260912,-0.001524311581453077,,0,0
annual_quarter_half,3674,2026-03-20,2026-03-30,-0.0083038829988221,2026,2025-12-31,training_frequency,-1,0.4792703150912106,0.4792703150912106,0,0
annual_quarter_half,3679,2026-03-27,2026-04-07,-0.0035591495694504,2026,2025-12-31,learned_market,20260910,0.5651756750942187,0.5651756750942187,1,0
annual_quarter_half,3679,2026-03-27,2026-04-07,-0.0035591495694504,2026,2025-12-31,learned_market,20260911,0.4403313235638202,0.4403313235638202,0,0
annual_quarter_half,3679,2026-03-27,2026-04-07,-0.0035591495694504,2026,2025-12-31,learned_market,20260912,0.39113208857052434,0.39113208857052434,0,0
annual_quarter_half,3679,2026-03-27,2026-04-07,-0.0035591495694504,2026,2025-12-31,learned_order_extension,20260910,0.5307522668879032,0.5307522668879032,1,0
annual_quarter_half,3679,2026-03-27,2026-04-07,-0.0035591495694504,2026,2025-12-31,learned_order_extension,20260911,0.4159760364157841,0.4159760364157841,0,0
annual_quarter_half,3679,2026-03-27,2026-04-07,-0.0035591495694504,2026,2025-12-31,learned_order_extension,20260912,0.3847558274890985,0.3847558274890985,0,0
annual_quarter_half,3679,2026-03-27,2026-04-07,-0.0035591495694504,2026,2025-12-31,learned_order_offset,20260910,0.5299745221118999,0.5299745221118999,1,0
annual_quarter_half,3679,2026-03-27,2026-04-07,-0.0035591495694504,2026,2025-12-31,learned_order_offset,20260911,0.4162726411546184,0.4162726411546184,0,0
annual_quarter_half,3679,2026-03-27,2026-04-07,-0.0035591495694504,2026,2025-12-31,learned_order_offset,20260912,0.3852504154330894,0.3852504154330894,0,0
annual_quarter_half,3679,2026-03-27,2026-04-07,-0.0035591495694504,2026,2025-12-31,learned_vol_interaction,20260910,0.5634266232389387,0.5634266232389387,1,0
annual_quarter_half,3679,2026-03-27,2026-04-07,-0.0035591495694504,2026,2025-12-31,learned_vol_interaction,20260911,0.43340188452247674,0.43340188452247674,0,0
annual_quarter_half,3679,2026-03-27,2026-04-07,-0.0035591495694504,2026,2025-12-31,learned_vol_interaction,20260912,0.41145491799092687,0.41145491799092687,0,0
annual_quarter_half,3679,2026-03-27,2026-04-07,-0.0035591495694504,2026,2025-12-31,native_mse,20260910,-0.0012459609623288559,,0,0
annual_quarter_half,3679,2026-03-27,2026-04-07,-0.0035591495694504,2026,2025-12-31,native_mse,20260911,-0.002218520604235266,,0,0
annual_quarter_half,3679,2026-03-27,2026-04-07,-0.0035591495694504,2026,2025-12-31,native_mse,20260912,-0.0019205134194293897,,0,0
annual_quarter_half,3679,2026-03-27,2026-04-07,-0.0035591495694504,2026,2025-12-31,training_frequency,-1,0.4792703150912106,0.4792703150912106,0,0
annual_quarter_half,3684,2026-04-03,2026-04-13,0.0380736235508991,2026,2026-03-31,learned_market,20260910,0.4529729811423908,0.4529729811423908,0,1
annual_quarter_half,3684,2026-04-03,2026-04-13,0.0380736235508991,2026,2026-03-31,learned_market,20260911,0.5022167488303436,0.5022167488303436,1,1
annual_quarter_half,3684,2026-04-03,2026-04-13,0.0380736235508991,2026,2026-03-31,learned_market,20260912,0.3524345069663368,0.3524345069663368,0,1
annual_quarter_half,3684,2026-04-03,2026-04-13,0.0380736235508991,2026,2026-03-31,learned_order_extension,20260910,0.4372723709229629,0.4372723709229629,0,1
annual_quarter_half,3684,2026-04-03,2026-04-13,0.0380736235508991,2026,2026-03-31,learned_order_extension,20260911,0.5510389091635226,0.5510389091635226,1,1
annual_quarter_half,3684,2026-04-03,2026-04-13,0.0380736235508991,2026,2026-03-31,learned_order_extension,20260912,0.32729421121817226,0.32729421121817226,0,1
annual_quarter_half,3684,2026-04-03,2026-04-13,0.0380736235508991,2026,2026-03-31,learned_order_offset,20260910,0.4367153441275811,0.4367153441275811,0,1
annual_quarter_half,3684,2026-04-03,2026-04-13,0.0380736235508991,2026,2026-03-31,learned_order_offset,20260911,0.5514137543437051,0.5514137543437051,1,1
annual_quarter_half,3684,2026-04-03,2026-04-13,0.0380736235508991,2026,2026-03-31,learned_order_offset,20260912,0.3278749199228082,0.3278749199228082,0,1
annual_quarter_half,3684,2026-04-03,2026-04-13,0.0380736235508991,2026,2026-03-31,learned_vol_interaction,20260910,0.4566435233124338,0.4566435233124338,0,1
annual_quarter_half,3684,2026-04-03,2026-04-13,0.0380736235508991,2026,2026-03-31,learned_vol_interaction,20260911,0.5034946629031002,0.5034946629031002,1,1
annual_quarter_half,3684,2026-04-03,2026-04-13,0.0380736235508991,2026,2026-03-31,learned_vol_interaction,20260912,0.3699399493596007,0.3699399493596007,0,1
annual_quarter_half,3684,2026-04-03,2026-04-13,0.0380736235508991,2026,2026-03-31,native_mse,20260910,-0.00020703597106532646,,0,1
annual_quarter_half,3684,2026-04-03,2026-04-13,0.0380736235508991,2026,2026-03-31,native_mse,20260911,-0.002001417674721862,,0,1
annual_quarter_half,3684,2026-04-03,2026-04-13,0.0380736235508991,2026,2026-03-31,native_mse,20260912,-0.0021160857494040147,,0,1
annual_quarter_half,3684,2026-04-03,2026-04-13,0.0380736235508991,2026,2026-03-31,training_frequency,-1,0.47925309774494085,0.47925309774494085,0,1
annual_quarter_half,3688,2026-04-10,2026-04-20,0.0242766725964382,2026,2026-03-31,learned_market,20260910,0.4791810557965305,0.4791810557965305,0,1
annual_quarter_half,3688,2026-04-10,2026-04-20,0.0242766725964382,2026,2026-03-31,learned_market,20260911,0.4249265963695413,0.4249265963695413,0,1
annual_quarter_half,3688,2026-04-10,2026-04-20,0.0242766725964382,2026,2026-03-31,learned_market,20260912,0.41210891360012636,0.41210891360012636,0,1
annual_quarter_half,3688,2026-04-10,2026-04-20,0.0242766725964382,2026,2026-03-31,learned_order_extension,20260910,0.48952038520035823,0.48952038520035823,0,1
annual_quarter_half,3688,2026-04-10,2026-04-20,0.0242766725964382,2026,2026-03-31,learned_order_extension,20260911,0.4053110675995849,0.4053110675995849,0,1
annual_quarter_half,3688,2026-04-10,2026-04-20,0.0242766725964382,2026,2026-03-31,learned_order_extension,20260912,0.3941814754416918,0.3941814754416918,0,1
annual_quarter_half,3688,2026-04-10,2026-04-20,0.0242766725964382,2026,2026-03-31,learned_order_offset,20260910,0.48956188527758304,0.48956188527758304,0,1
annual_quarter_half,3688,2026-04-10,2026-04-20,0.0242766725964382,2026,2026-03-31,learned_order_offset,20260911,0.4055972952992777,0.4055972952992777,0,1
annual_quarter_half,3688,2026-04-10,2026-04-20,0.0242766725964382,2026,2026-03-31,learned_order_offset,20260912,0.3946965843671819,0.3946965843671819,0,1
annual_quarter_half,3688,2026-04-10,2026-04-20,0.0242766725964382,2026,2026-03-31,learned_vol_interaction,20260910,0.48280521600896326,0.48280521600896326,0,1
annual_quarter_half,3688,2026-04-10,2026-04-20,0.0242766725964382,2026,2026-03-31,learned_vol_interaction,20260911,0.43191508762013786,0.43191508762013786,0,1
annual_quarter_half,3688,2026-04-10,2026-04-20,0.0242766725964382,2026,2026-03-31,learned_vol_interaction,20260912,0.4201786076511864,0.4201786076511864,0,1
annual_quarter_half,3688,2026-04-10,2026-04-20,0.0242766725964382,2026,2026-03-31,native_mse,20260910,-0.0006969367454284255,,0,1
annual_quarter_half,3688,2026-04-10,2026-04-20,0.0242766725964382,2026,2026-03-31,native_mse,20260911,-0.002187539340810708,,0,1
annual_quarter_half,3688,2026-04-10,2026-04-20,0.0242766725964382,2026,2026-03-31,native_mse,20260912,-0.001275261335016765,,0,1
annual_quarter_half,3688,2026-04-10,2026-04-20,0.0242766725964382,2026,2026-03-31,training_frequency,-1,0.47925309774494085,0.47925309774494085,0,1
annual_quarter_half,3693,2026-04-17,2026-04-27,0.010401572188011,2026,2026-03-31,learned_market,20260910,0.5008394573961124,0.5008394573961124,1,1
annual_quarter_half,3693,2026-04-17,2026-04-27,0.010401572188011,2026,2026-03-31,learned_market,20260911,0.4608863306403835,0.4608863306403835,0,1
annual_quarter_half,3693,2026-04-17,2026-04-27,0.010401572188011,2026,2026-03-31,learned_market,20260912,0.36425870767950813,0.36425870767950813,0,1
annual_quarter_half,3693,2026-04-17,2026-04-27,0.010401572188011,2026,2026-03-31,learned_order_extension,20260910,0.483028249697672,0.483028249697672,0,1
annual_quarter_half,3693,2026-04-17,2026-04-27,0.010401572188011,2026,2026-03-31,learned_order_extension,20260911,0.4480602444077547,0.4480602444077547,0,1
annual_quarter_half,3693,2026-04-17,2026-04-27,0.010401572188011,2026,2026-03-31,learned_order_extension,20260912,0.346274249341356,0.346274249341356,0,1
annual_quarter_half,3693,2026-04-17,2026-04-27,0.010401572188011,2026,2026-03-31,learned_order_offset,20260910,0.4823782543071101,0.4823782543071101,0,1
annual_quarter_half,3693,2026-04-17,2026-04-27,0.010401572188011,2026,2026-03-31,learned_order_offset,20260911,0.4485652086697116,0.4485652086697116,0,1
annual_quarter_half,3693,2026-04-17,2026-04-27,0.010401572188011,2026,2026-03-31,learned_order_offset,20260912,0.3467275802552571,0.3467275802552571,0,1
annual_quarter_half,3693,2026-04-17,2026-04-27,0.010401572188011,2026,2026-03-31,learned_vol_interaction,20260910,0.5028460220780508,0.5028460220780508,1,1
annual_quarter_half,3693,2026-04-17,2026-04-27,0.010401572188011,2026,2026-03-31,learned_vol_interaction,20260911,0.4662584358686461,0.4662584358686461,0,1
annual_quarter_half,3693,2026-04-17,2026-04-27,0.010401572188011,2026,2026-03-31,learned_vol_interaction,20260912,0.4068427402712581,0.4068427402712581,0,1
annual_quarter_half,3693,2026-04-17,2026-04-27,0.010401572188011,2026,2026-03-31,native_mse,20260910,1.6899632470449835e-06,,1,1
annual_quarter_half,3693,2026-04-17,2026-04-27,0.010401572188011,2026,2026-03-31,native_mse,20260911,-0.0022046825205300404,,0,1
annual_quarter_half,3693,2026-04-17,2026-04-27,0.010401572188011,2026,2026-03-31,native_mse,20260912,-0.002623004093454496,,0,1
annual_quarter_half,3693,2026-04-17,2026-04-27,0.010401572188011,2026,2026-03-31,training_frequency,-1,0.47925309774494085,0.47925309774494085,0,1
annual_quarter_half,3698,2026-04-24,2026-05-11,0.0263674696524953,2026,2026-03-31,learned_market,20260910,0.6123202707972302,0.6123202707972302,1,1
annual_quarter_half,3698,2026-04-24,2026-05-11,0.0263674696524953,2026,2026-03-31,learned_market,20260911,0.3924632702389338,0.3924632702389338,0,1
annual_quarter_half,3698,2026-04-24,2026-05-11,0.0263674696524953,2026,2026-03-31,learned_market,20260912,0.3996372661021315,0.3996372661021315,0,1
annual_quarter_half,3698,2026-04-24,2026-05-11,0.0263674696524953,2026,2026-03-31,learned_order_extension,20260910,0.5962926294168831,0.5962926294168831,1,1
annual_quarter_half,3698,2026-04-24,2026-05-11,0.0263674696524953,2026,2026-03-31,learned_order_extension,20260911,0.3439041681798415,0.3439041681798415,0,1
annual_quarter_half,3698,2026-04-24,2026-05-11,0.0263674696524953,2026,2026-03-31,learned_order_extension,20260912,0.3732253619039664,0.3732253619039664,0,1
annual_quarter_half,3698,2026-04-24,2026-05-11,0.0263674696524953,2026,2026-03-31,learned_order_offset,20260910,0.5961234772510517,0.5961234772510517,1,1
annual_quarter_half,3698,2026-04-24,2026-05-11,0.0263674696524953,2026,2026-03-31,learned_order_offset,20260911,0.3443021678047381,0.3443021678047381,0,1
annual_quarter_half,3698,2026-04-24,2026-05-11,0.0263674696524953,2026,2026-03-31,learned_order_offset,20260912,0.3739102564841615,0.3739102564841615,0,1
annual_quarter_half,3698,2026-04-24,2026-05-11,0.0263674696524953,2026,2026-03-31,learned_vol_interaction,20260910,0.6089409384803768,0.6089409384803768,1,1
annual_quarter_half,3698,2026-04-24,2026-05-11,0.0263674696524953,2026,2026-03-31,learned_vol_interaction,20260911,0.393778056871345,0.393778056871345,0,1
annual_quarter_half,3698,2026-04-24,2026-05-11,0.0263674696524953,2026,2026-03-31,learned_vol_interaction,20260912,0.3997082455027033,0.3997082455027033,0,1
annual_quarter_half,3698,2026-04-24,2026-05-11,0.0263674696524953,2026,2026-03-31,native_mse,20260910,0.0005847089305794556,,1,1
annual_quarter_half,3698,2026-04-24,2026-05-11,0.0263674696524953,2026,2026-03-31,native_mse,20260911,-0.0019703989764787632,,0,1
annual_quarter_half,3698,2026-04-24,2026-05-11,0.0263674696524953,2026,2026-03-31,native_mse,20260912,-0.0017287866212645307,,0,1
annual_quarter_half,3698,2026-04-24,2026-05-11,0.0263674696524953,2026,2026-03-31,training_frequency,-1,0.47925309774494085,0.47925309774494085,0,1
annual_quarter_half,3705,2026-05-08,2026-05-18,-0.0134529239455926,2026,2026-03-31,learned_market,20260910,0.6930579690387288,0.6930579690387288,1,0
annual_quarter_half,3705,2026-05-08,2026-05-18,-0.0134529239455926,2026,2026-03-31,learned_market,20260911,0.49600245893360373,0.49600245893360373,0,0
annual_quarter_half,3705,2026-05-08,2026-05-18,-0.0134529239455926,2026,2026-03-31,learned_market,20260912,0.5214488498955043,0.5214488498955043,1,0
annual_quarter_half,3705,2026-05-08,2026-05-18,-0.0134529239455926,2026,2026-03-31,learned_order_extension,20260910,0.6440623059297237,0.6440623059297237,1,0
annual_quarter_half,3705,2026-05-08,2026-05-18,-0.0134529239455926,2026,2026-03-31,learned_order_extension,20260911,0.488941921582038,0.488941921582038,0,0
annual_quarter_half,3705,2026-05-08,2026-05-18,-0.0134529239455926,2026,2026-03-31,learned_order_extension,20260912,0.5343500391424998,0.5343500391424998,1,0
annual_quarter_half,3705,2026-05-08,2026-05-18,-0.0134529239455926,2026,2026-03-31,learned_order_offset,20260910,0.6433025592157784,0.6433025592157784,1,0
annual_quarter_half,3705,2026-05-08,2026-05-18,-0.0134529239455926,2026,2026-03-31,learned_order_offset,20260911,0.488730154005909,0.488730154005909,0,0
annual_quarter_half,3705,2026-05-08,2026-05-18,-0.0134529239455926,2026,2026-03-31,learned_order_offset,20260912,0.5342851214563336,0.5342851214563336,1,0
annual_quarter_half,3705,2026-05-08,2026-05-18,-0.0134529239455926,2026,2026-03-31,learned_vol_interaction,20260910,0.691558835587341,0.691558835587341,1,0
annual_quarter_half,3705,2026-05-08,2026-05-18,-0.0134529239455926,2026,2026-03-31,learned_vol_interaction,20260911,0.4994943494711096,0.4994943494711096,0,0
annual_quarter_half,3705,2026-05-08,2026-05-18,-0.0134529239455926,2026,2026-03-31,learned_vol_interaction,20260912,0.515231900041943,0.515231900041943,1,0
annual_quarter_half,3705,2026-05-08,2026-05-18,-0.0134529239455926,2026,2026-03-31,native_mse,20260910,0.003995777720523812,,1,0
annual_quarter_half,3705,2026-05-08,2026-05-18,-0.0134529239455926,2026,2026-03-31,native_mse,20260911,-0.001323759698997497,,0,0
annual_quarter_half,3705,2026-05-08,2026-05-18,-0.0134529239455926,2026,2026-03-31,native_mse,20260912,-0.0010189864720780205,,0,0
annual_quarter_half,3705,2026-05-08,2026-05-18,-0.0134529239455926,2026,2026-03-31,training_frequency,-1,0.47925309774494085,0.47925309774494085,0,0
annual_quarter_half,3710,2026-05-15,2026-05-25,0.0076235492615268,2026,2026-03-31,learned_market,20260910,0.7691747745518873,0.7691747745518873,1,1
annual_quarter_half,3710,2026-05-15,2026-05-25,0.0076235492615268,2026,2026-03-31,learned_market,20260911,0.5800751269901766,0.5800751269901766,1,1
annual_quarter_half,3710,2026-05-15,2026-05-25,0.0076235492615268,2026,2026-03-31,learned_market,20260912,0.5260260829273662,0.5260260829273662,1,1
annual_quarter_half,3710,2026-05-15,2026-05-25,0.0076235492615268,2026,2026-03-31,learned_order_extension,20260910,0.7043509736745962,0.7043509736745962,1,1
annual_quarter_half,3710,2026-05-15,2026-05-25,0.0076235492615268,2026,2026-03-31,learned_order_extension,20260911,0.6371235785071987,0.6371235785071987,1,1
annual_quarter_half,3710,2026-05-15,2026-05-25,0.0076235492615268,2026,2026-03-31,learned_order_extension,20260912,0.546690359877736,0.546690359877736,1,1
annual_quarter_half,3710,2026-05-15,2026-05-25,0.0076235492615268,2026,2026-03-31,learned_order_offset,20260910,0.7031823074551309,0.7031823074551309,1,1
annual_quarter_half,3710,2026-05-15,2026-05-25,0.0076235492615268,2026,2026-03-31,learned_order_offset,20260911,0.6368338408657406,0.6368338408657406,1,1
annual_quarter_half,3710,2026-05-15,2026-05-25,0.0076235492615268,2026,2026-03-31,learned_order_offset,20260912,0.5464497239582473,0.5464497239582473,1,1
annual_quarter_half,3710,2026-05-15,2026-05-25,0.0076235492615268,2026,2026-03-31,learned_vol_interaction,20260910,0.7745753931499517,0.7745753931499517,1,1
annual_quarter_half,3710,2026-05-15,2026-05-25,0.0076235492615268,2026,2026-03-31,learned_vol_interaction,20260911,0.5862441849589837,0.5862441849589837,1,1
annual_quarter_half,3710,2026-05-15,2026-05-25,0.0076235492615268,2026,2026-03-31,learned_vol_interaction,20260912,0.5231241452513102,0.5231241452513102,1,1
annual_quarter_half,3710,2026-05-15,2026-05-25,0.0076235492615268,2026,2026-03-31,native_mse,20260910,0.005010919206237221,,1,1
annual_quarter_half,3710,2026-05-15,2026-05-25,0.0076235492615268,2026,2026-03-31,native_mse,20260911,-0.0014225078920716626,,0,1
annual_quarter_half,3710,2026-05-15,2026-05-25,0.0076235492615268,2026,2026-03-31,native_mse,20260912,-0.00045346532248400815,,0,1
annual_quarter_half,3710,2026-05-15,2026-05-25,0.0076235492615268,2026,2026-03-31,training_frequency,-1,0.47925309774494085,0.47925309774494085,0,1
annual_quarter_half,3715,2026-05-22,2026-06-01,0.005068538126898,2026,2026-03-31,learned_market,20260910,0.35856344525115313,0.35856344525115313,0,1
annual_quarter_half,3715,2026-05-22,2026-06-01,0.005068538126898,2026,2026-03-31,learned_market,20260911,0.5580177115307333,0.5580177115307333,1,1
annual_quarter_half,3715,2026-05-22,2026-06-01,0.005068538126898,2026,2026-03-31,learned_market,20260912,0.5220738638839202,0.5220738638839202,1,1
annual_quarter_half,3715,2026-05-22,2026-06-01,0.005068538126898,2026,2026-03-31,learned_order_extension,20260910,0.38305821536025997,0.38305821536025997,0,1
annual_quarter_half,3715,2026-05-22,2026-06-01,0.005068538126898,2026,2026-03-31,learned_order_extension,20260911,0.5902609916842281,0.5902609916842281,1,1
annual_quarter_half,3715,2026-05-22,2026-06-01,0.005068538126898,2026,2026-03-31,learned_order_extension,20260912,0.5224303774871304,0.5224303774871304,1,1
annual_quarter_half,3715,2026-05-22,2026-06-01,0.005068538126898,2026,2026-03-31,learned_order_offset,20260910,0.38329432245445333,0.38329432245445333,0,1
annual_quarter_half,3715,2026-05-22,2026-06-01,0.005068538126898,2026,2026-03-31,learned_order_offset,20260911,0.5903395172553296,0.5903395172553296,1,1
annual_quarter_half,3715,2026-05-22,2026-06-01,0.005068538126898,2026,2026-03-31,learned_order_offset,20260912,0.5220049881269825,0.5220049881269825,1,1
annual_quarter_half,3715,2026-05-22,2026-06-01,0.005068538126898,2026,2026-03-31,learned_vol_interaction,20260910,0.35277757703680773,0.35277757703680773,0,1
annual_quarter_half,3715,2026-05-22,2026-06-01,0.005068538126898,2026,2026-03-31,learned_vol_interaction,20260911,0.5579420159719821,0.5579420159719821,1,1
annual_quarter_half,3715,2026-05-22,2026-06-01,0.005068538126898,2026,2026-03-31,learned_vol_interaction,20260912,0.5160161157130237,0.5160161157130237,1,1
annual_quarter_half,3715,2026-05-22,2026-06-01,0.005068538126898,2026,2026-03-31,native_mse,20260910,-0.0021193719997459363,,0,1
annual_quarter_half,3715,2026-05-22,2026-06-01,0.005068538126898,2026,2026-03-31,native_mse,20260911,-0.0012112024077922912,,0,1
annual_quarter_half,3715,2026-05-22,2026-06-01,0.005068538126898,2026,2026-03-31,native_mse,20260912,-0.00019733310455155405,,0,1
annual_quarter_half,3715,2026-05-22,2026-06-01,0.005068538126898,2026,2026-03-31,training_frequency,-1,0.47925309774494085,0.47925309774494085,0,1
annual_quarter_half,3720,2026-05-29,2026-06-08,-0.039635353927193,2026,2026-03-31,learned_market,20260910,0.4895243435239325,0.4895243435239325,0,0
annual_quarter_half,3720,2026-05-29,2026-06-08,-0.039635353927193,2026,2026-03-31,learned_market,20260911,0.5252724723956295,0.5252724723956295,1,0
annual_quarter_half,3720,2026-05-29,2026-06-08,-0.039635353927193,2026,2026-03-31,learned_market,20260912,0.5033322607893392,0.5033322607893392,1,0
annual_quarter_half,3720,2026-05-29,2026-06-08,-0.039635353927193,2026,2026-03-31,learned_order_extension,20260910,0.522858631613137,0.522858631613137,1,0
annual_quarter_half,3720,2026-05-29,2026-06-08,-0.039635353927193,2026,2026-03-31,learned_order_extension,20260911,0.5244539551480213,0.5244539551480213,1,0
annual_quarter_half,3720,2026-05-29,2026-06-08,-0.039635353927193,2026,2026-03-31,learned_order_extension,20260912,0.5044693142013847,0.5044693142013847,1,0
annual_quarter_half,3720,2026-05-29,2026-06-08,-0.039635353927193,2026,2026-03-31,learned_order_offset,20260910,0.5227371059916559,0.5227371059916559,1,0
annual_quarter_half,3720,2026-05-29,2026-06-08,-0.039635353927193,2026,2026-03-31,learned_order_offset,20260911,0.5247781007581707,0.5247781007581707,1,0
annual_quarter_half,3720,2026-05-29,2026-06-08,-0.039635353927193,2026,2026-03-31,learned_order_offset,20260912,0.503950438432835,0.503950438432835,1,0
annual_quarter_half,3720,2026-05-29,2026-06-08,-0.039635353927193,2026,2026-03-31,learned_vol_interaction,20260910,0.4891022641295204,0.4891022641295204,0,0
annual_quarter_half,3720,2026-05-29,2026-06-08,-0.039635353927193,2026,2026-03-31,learned_vol_interaction,20260911,0.5222871743341861,0.5222871743341861,1,0
annual_quarter_half,3720,2026-05-29,2026-06-08,-0.039635353927193,2026,2026-03-31,learned_vol_interaction,20260912,0.5051680971557305,0.5051680971557305,1,0
annual_quarter_half,3720,2026-05-29,2026-06-08,-0.039635353927193,2026,2026-03-31,native_mse,20260910,-0.002807582740069221,,0,0
annual_quarter_half,3720,2026-05-29,2026-06-08,-0.039635353927193,2026,2026-03-31,native_mse,20260911,-0.0020563419348486526,,0,0
annual_quarter_half,3720,2026-05-29,2026-06-08,-0.039635353927193,2026,2026-03-31,native_mse,20260912,-0.0005911909322741589,,0,0
annual_quarter_half,3720,2026-05-29,2026-06-08,-0.039635353927193,2026,2026-03-31,training_frequency,-1,0.47925309774494085,0.47925309774494085,0,0
annual_quarter_half,3725,2026-06-05,2026-06-15,0.0266849782195981,2026,2026-03-31,learned_market,20260910,0.3433840995085228,0.3433840995085228,0,1
annual_quarter_half,3725,2026-06-05,2026-06-15,0.0266849782195981,2026,2026-03-31,learned_market,20260911,0.4926105671450153,0.4926105671450153,0,1
annual_quarter_half,3725,2026-06-05,2026-06-15,0.0266849782195981,2026,2026-03-31,learned_market,20260912,0.44733366669185803,0.44733366669185803,0,1
annual_quarter_half,3725,2026-06-05,2026-06-15,0.0266849782195981,2026,2026-03-31,learned_order_extension,20260910,0.3658621197643949,0.3658621197643949,0,1
annual_quarter_half,3725,2026-06-05,2026-06-15,0.0266849782195981,2026,2026-03-31,learned_order_extension,20260911,0.48564843251112383,0.48564843251112383,0,1
annual_quarter_half,3725,2026-06-05,2026-06-15,0.0266849782195981,2026,2026-03-31,learned_order_extension,20260912,0.42667018552641245,0.42667018552641245,0,1
annual_quarter_half,3725,2026-06-05,2026-06-15,0.0266849782195981,2026,2026-03-31,learned_order_offset,20260910,0.36588748742947597,0.36588748742947597,0,1
annual_quarter_half,3725,2026-06-05,2026-06-15,0.0266849782195981,2026,2026-03-31,learned_order_offset,20260911,0.4860282067829802,0.4860282067829802,0,1
annual_quarter_half,3725,2026-06-05,2026-06-15,0.0266849782195981,2026,2026-03-31,learned_order_offset,20260912,0.42644686591774605,0.42644686591774605,0,1
annual_quarter_half,3725,2026-06-05,2026-06-15,0.0266849782195981,2026,2026-03-31,learned_vol_interaction,20260910,0.3451332636904037,0.3451332636904037,0,1
annual_quarter_half,3725,2026-06-05,2026-06-15,0.0266849782195981,2026,2026-03-31,learned_vol_interaction,20260911,0.4926021615505267,0.4926021615505267,0,1
annual_quarter_half,3725,2026-06-05,2026-06-15,0.0266849782195981,2026,2026-03-31,learned_vol_interaction,20260912,0.4461830220585331,0.4461830220585331,0,1
annual_quarter_half,3725,2026-06-05,2026-06-15,0.0266849782195981,2026,2026-03-31,native_mse,20260910,-0.002750377338232796,,0,1
annual_quarter_half,3725,2026-06-05,2026-06-15,0.0266849782195981,2026,2026-03-31,native_mse,20260911,-0.002726099567557429,,0,1
annual_quarter_half,3725,2026-06-05,2026-06-15,0.0266849782195981,2026,2026-03-31,native_mse,20260912,-0.0007993032383214923,,0,1
annual_quarter_half,3725,2026-06-05,2026-06-15,0.0266849782195981,2026,2026-03-31,training_frequency,-1,0.47925309774494085,0.47925309774494085,0,1
annual_quarter_half,3730,2026-06-12,2026-06-29,0.0076098142791176,2026,2026-03-31,learned_market,20260910,0.37892359664802033,0.37892359664802033,0,1
annual_quarter_half,3730,2026-06-12,2026-06-29,0.0076098142791176,2026,2026-03-31,learned_market,20260911,0.39115102713665884,0.39115102713665884,0,1
annual_quarter_half,3730,2026-06-12,2026-06-29,0.0076098142791176,2026,2026-03-31,learned_market,20260912,0.4579420444410125,0.4579420444410125,0,1
annual_quarter_half,3730,2026-06-12,2026-06-29,0.0076098142791176,2026,2026-03-31,learned_order_extension,20260910,0.39763653590762194,0.39763653590762194,0,1
annual_quarter_half,3730,2026-06-12,2026-06-29,0.0076098142791176,2026,2026-03-31,learned_order_extension,20260911,0.3365208427995898,0.3365208427995898,0,1
annual_quarter_half,3730,2026-06-12,2026-06-29,0.0076098142791176,2026,2026-03-31,learned_order_extension,20260912,0.4295762437629635,0.4295762437629635,0,1
annual_quarter_half,3730,2026-06-12,2026-06-29,0.0076098142791176,2026,2026-03-31,learned_order_offset,20260910,0.3979872888956919,0.3979872888956919,0,1
annual_quarter_half,3730,2026-06-12,2026-06-29,0.0076098142791176,2026,2026-03-31,learned_order_offset,20260911,0.33752499006266806,0.33752499006266806,0,1
annual_quarter_half,3730,2026-06-12,2026-06-29,0.0076098142791176,2026,2026-03-31,learned_order_offset,20260912,0.4291762868595612,0.4291762868595612,0,1
annual_quarter_half,3730,2026-06-12,2026-06-29,0.0076098142791176,2026,2026-03-31,learned_vol_interaction,20260910,0.3797488940003602,0.3797488940003602,0,1
annual_quarter_half,3730,2026-06-12,2026-06-29,0.0076098142791176,2026,2026-03-31,learned_vol_interaction,20260911,0.39015658587104807,0.39015658587104807,0,1
annual_quarter_half,3730,2026-06-12,2026-06-29,0.0076098142791176,2026,2026-03-31,learned_vol_interaction,20260912,0.4576649376075423,0.4576649376075423,0,1
annual_quarter_half,3730,2026-06-12,2026-06-29,0.0076098142791176,2026,2026-03-31,native_mse,20260910,-0.0011396186888464053,,0,1
annual_quarter_half,3730,2026-06-12,2026-06-29,0.0076098142791176,2026,2026-03-31,native_mse,20260911,-0.0032112186460018103,,0,1
annual_quarter_half,3730,2026-06-12,2026-06-29,0.0076098142791176,2026,2026-03-31,native_mse,20260912,-0.0009715712692218204,,0,1
annual_quarter_half,3730,2026-06-12,2026-06-29,0.0076098142791176,2026,2026-03-31,training_frequency,-1,0.47925309774494085,0.47925309774494085,0,1
annual_quarter_half,3739,2026-06-26,2026-07-06,0.0005137647861506,2026,2026-03-31,learned_market,20260910,0.5211025383204247,0.5211025383204247,1,1
annual_quarter_half,3739,2026-06-26,2026-07-06,0.0005137647861506,2026,2026-03-31,learned_market,20260911,0.5300640601232495,0.5300640601232495,1,1
annual_quarter_half,3739,2026-06-26,2026-07-06,0.0005137647861506,2026,2026-03-31,learned_market,20260912,0.5151514836532435,0.5151514836532435,1,1
annual_quarter_half,3739,2026-06-26,2026-07-06,0.0005137647861506,2026,2026-03-31,learned_order_extension,20260910,0.519975316535805,0.519975316535805,1,1
annual_quarter_half,3739,2026-06-26,2026-07-06,0.0005137647861506,2026,2026-03-31,learned_order_extension,20260911,0.511797894849912,0.511797894849912,1,1
annual_quarter_half,3739,2026-06-26,2026-07-06,0.0005137647861506,2026,2026-03-31,learned_order_extension,20260912,0.5091228863658228,0.5091228863658228,1,1
annual_quarter_half,3739,2026-06-26,2026-07-06,0.0005137647861506,2026,2026-03-31,learned_order_offset,20260910,0.5193090589143288,0.5193090589143288,1,1
annual_quarter_half,3739,2026-06-26,2026-07-06,0.0005137647861506,2026,2026-03-31,learned_order_offset,20260911,0.5120704021502547,0.5120704021502547,1,1
annual_quarter_half,3739,2026-06-26,2026-07-06,0.0005137647861506,2026,2026-03-31,learned_order_offset,20260912,0.5089378396841822,0.5089378396841822,1,1
annual_quarter_half,3739,2026-06-26,2026-07-06,0.0005137647861506,2026,2026-03-31,learned_vol_interaction,20260910,0.5221203334620649,0.5221203334620649,1,1
annual_quarter_half,3739,2026-06-26,2026-07-06,0.0005137647861506,2026,2026-03-31,learned_vol_interaction,20260911,0.5308741789340259,0.5308741789340259,1,1
annual_quarter_half,3739,2026-06-26,2026-07-06,0.0005137647861506,2026,2026-03-31,learned_vol_interaction,20260912,0.5155200387046419,0.5155200387046419,1,1
annual_quarter_half,3739,2026-06-26,2026-07-06,0.0005137647861506,2026,2026-03-31,native_mse,20260910,-0.0013103162475891067,,0,1
annual_quarter_half,3739,2026-06-26,2026-07-06,0.0005137647861506,2026,2026-03-31,native_mse,20260911,-0.001890412558775305,,0,1
annual_quarter_half,3739,2026-06-26,2026-07-06,0.0005137647861506,2026,2026-03-31,native_mse,20260912,-0.0012489486152269008,,0,1
annual_quarter_half,3739,2026-06-26,2026-07-06,0.0005137647861506,2026,2026-03-31,training_frequency,-1,0.47925309774494085,0.47925309774494085,0,1
annual_quarter_half,3744,2026-07-03,2026-07-13,-0.0252847876365399,2026,2026-06-30,learned_market,20260910,0.45162823708357464,0.45162823708357464,0,0
annual_quarter_half,3744,2026-07-03,2026-07-13,-0.0252847876365399,2026,2026-06-30,learned_market,20260911,0.5356428763434824,0.5356428763434824,1,0
annual_quarter_half,3744,2026-07-03,2026-07-13,-0.0252847876365399,2026,2026-06-30,learned_market,20260912,0.5707677830577114,0.5707677830577114,1,0
annual_quarter_half,3744,2026-07-03,2026-07-13,-0.0252847876365399,2026,2026-06-30,learned_order_extension,20260910,0.5197295488220973,0.5197295488220973,1,0
annual_quarter_half,3744,2026-07-03,2026-07-13,-0.0252847876365399,2026,2026-06-30,learned_order_extension,20260911,0.5334400951608602,0.5334400951608602,1,0
annual_quarter_half,3744,2026-07-03,2026-07-13,-0.0252847876365399,2026,2026-06-30,learned_order_extension,20260912,0.5764940840112447,0.5764940840112447,1,0
annual_quarter_half,3744,2026-07-03,2026-07-13,-0.0252847876365399,2026,2026-06-30,learned_order_offset,20260910,0.5192965995504861,0.5192965995504861,1,0
annual_quarter_half,3744,2026-07-03,2026-07-13,-0.0252847876365399,2026,2026-06-30,learned_order_offset,20260911,0.534025293576105,0.534025293576105,1,0
annual_quarter_half,3744,2026-07-03,2026-07-13,-0.0252847876365399,2026,2026-06-30,learned_order_offset,20260912,0.57683218069012,0.57683218069012,1,0
annual_quarter_half,3744,2026-07-03,2026-07-13,-0.0252847876365399,2026,2026-06-30,learned_vol_interaction,20260910,0.49948964150405417,0.49948964150405417,0,0
annual_quarter_half,3744,2026-07-03,2026-07-13,-0.0252847876365399,2026,2026-06-30,learned_vol_interaction,20260911,0.5454696870289291,0.5454696870289291,1,0
annual_quarter_half,3744,2026-07-03,2026-07-13,-0.0252847876365399,2026,2026-06-30,learned_vol_interaction,20260912,0.5708989651282141,0.5708989651282141,1,0
annual_quarter_half,3744,2026-07-03,2026-07-13,-0.0252847876365399,2026,2026-06-30,native_mse,20260910,-0.002749592686119035,,0,0
annual_quarter_half,3744,2026-07-03,2026-07-13,-0.0252847876365399,2026,2026-06-30,native_mse,20260911,-0.0008513116682207839,,0,0
annual_quarter_half,3744,2026-07-03,2026-07-13,-0.0252847876365399,2026,2026-06-30,native_mse,20260912,-0.0007282305556112113,,0,0
annual_quarter_half,3744,2026-07-03,2026-07-13,-0.0252847876365399,2026,2026-06-30,training_frequency,-1,0.48506705123331295,0.48506705123331295,0,0
annual_quarter_half,3749,2026-07-10,2026-07-20,-0.035775397012711,2026,2026-06-30,learned_market,20260910,0.5815211288955815,0.5815211288955815,1,0
annual_quarter_half,3749,2026-07-10,2026-07-20,-0.035775397012711,2026,2026-06-30,learned_market,20260911,0.5862185988460411,0.5862185988460411,1,0
annual_quarter_half,3749,2026-07-10,2026-07-20,-0.035775397012711,2026,2026-06-30,learned_market,20260912,0.5407709186487929,0.5407709186487929,1,0
annual_quarter_half,3749,2026-07-10,2026-07-20,-0.035775397012711,2026,2026-06-30,learned_order_extension,20260910,0.5469800038838901,0.5469800038838901,1,0
annual_quarter_half,3749,2026-07-10,2026-07-20,-0.035775397012711,2026,2026-06-30,learned_order_extension,20260911,0.5615062843835723,0.5615062843835723,1,0
annual_quarter_half,3749,2026-07-10,2026-07-20,-0.035775397012711,2026,2026-06-30,learned_order_extension,20260912,0.538083780687326,0.538083780687326,1,0
annual_quarter_half,3749,2026-07-10,2026-07-20,-0.035775397012711,2026,2026-06-30,learned_order_offset,20260910,0.5460230357385734,0.5460230357385734,1,0
annual_quarter_half,3749,2026-07-10,2026-07-20,-0.035775397012711,2026,2026-06-30,learned_order_offset,20260911,0.5614716193459883,0.5614716193459883,1,0
annual_quarter_half,3749,2026-07-10,2026-07-20,-0.035775397012711,2026,2026-06-30,learned_order_offset,20260912,0.539312853840098,0.539312853840098,1,0
annual_quarter_half,3749,2026-07-10,2026-07-20,-0.035775397012711,2026,2026-06-30,learned_vol_interaction,20260910,0.5741818120210502,0.5741818120210502,1,0
annual_quarter_half,3749,2026-07-10,2026-07-20,-0.035775397012711,2026,2026-06-30,learned_vol_interaction,20260911,0.5517780784454491,0.5517780784454491,1,0
annual_quarter_half,3749,2026-07-10,2026-07-20,-0.035775397012711,2026,2026-06-30,learned_vol_interaction,20260912,0.5405286959223303,0.5405286959223303,1,0
annual_quarter_half,3749,2026-07-10,2026-07-20,-0.035775397012711,2026,2026-06-30,native_mse,20260910,-0.0001210768688825833,,0,0
annual_quarter_half,3749,2026-07-10,2026-07-20,-0.035775397012711,2026,2026-06-30,native_mse,20260911,-0.0014130735150934622,,0,0
annual_quarter_half,3749,2026-07-10,2026-07-20,-0.035775397012711,2026,2026-06-30,native_mse,20260912,-0.0010076567009655465,,0,0
annual_quarter_half,3749,2026-07-10,2026-07-20,-0.035775397012711,2026,2026-06-30,training_frequency,-1,0.48506705123331295,0.48506705123331295,0,0
annual_quarter_half,3754,2026-07-17,2026-07-27,0.01756245533441,2026,2026-06-30,learned_market,20260910,0.516951028169363,0.516951028169363,1,1
annual_quarter_half,3754,2026-07-17,2026-07-27,0.01756245533441,2026,2026-06-30,learned_market,20260911,0.4230008320516354,0.4230008320516354,0,1
annual_quarter_half,3754,2026-07-17,2026-07-27,0.01756245533441,2026,2026-06-30,learned_market,20260912,0.5356923613384486,0.5356923613384486,1,1
annual_quarter_half,3754,2026-07-17,2026-07-27,0.01756245533441,2026,2026-06-30,learned_order_extension,20260910,0.5048299253456946,0.5048299253456946,1,1
annual_quarter_half,3754,2026-07-17,2026-07-27,0.01756245533441,2026,2026-06-30,learned_order_extension,20260911,0.4325602975643067,0.4325602975643067,0,1
annual_quarter_half,3754,2026-07-17,2026-07-27,0.01756245533441,2026,2026-06-30,learned_order_extension,20260912,0.569020356042083,0.569020356042083,1,1
annual_quarter_half,3754,2026-07-17,2026-07-27,0.01756245533441,2026,2026-06-30,learned_order_offset,20260910,0.5040873826510415,0.5040873826510415,1,1
annual_quarter_half,3754,2026-07-17,2026-07-27,0.01756245533441,2026,2026-06-30,learned_order_offset,20260911,0.4328817903900841,0.4328817903900841,0,1
annual_quarter_half,3754,2026-07-17,2026-07-27,0.01756245533441,2026,2026-06-30,learned_order_offset,20260912,0.569959238849507,0.569959238849507,1,1
annual_quarter_half,3754,2026-07-17,2026-07-27,0.01756245533441,2026,2026-06-30,learned_vol_interaction,20260910,0.5202521655693737,0.5202521655693737,1,1
annual_quarter_half,3754,2026-07-17,2026-07-27,0.01756245533441,2026,2026-06-30,learned_vol_interaction,20260911,0.4528578191142376,0.4528578191142376,0,1
annual_quarter_half,3754,2026-07-17,2026-07-27,0.01756245533441,2026,2026-06-30,learned_vol_interaction,20260912,0.5625453817409682,0.5625453817409682,1,1
annual_quarter_half,3754,2026-07-17,2026-07-27,0.01756245533441,2026,2026-06-30,native_mse,20260910,-0.0019173518927757321,,0,1
annual_quarter_half,3754,2026-07-17,2026-07-27,0.01756245533441,2026,2026-06-30,native_mse,20260911,-0.003902526358829818,,0,1
annual_quarter_half,3754,2026-07-17,2026-07-27,0.01756245533441,2026,2026-06-30,native_mse,20260912,-0.0009992062662978428,,0,1
annual_quarter_half,3754,2026-07-17,2026-07-27,0.01756245533441,2026,2026-06-30,training_frequency,-1,0.48506705123331295,0.48506705123331295,0,1
annual_quarter_half,3759,2026-07-24,2026-08-03,-0.0202339761556519,2026,2026-06-30,learned_market,20260910,0.5419923102409705,0.5419923102409705,1,0
annual_quarter_half,3759,2026-07-24,2026-08-03,-0.0202339761556519,2026,2026-06-30,learned_market,20260911,0.4472777197364891,0.4472777197364891,0,0
annual_quarter_half,3759,2026-07-24,2026-08-03,-0.0202339761556519,2026,2026-06-30,learned_market,20260912,0.5258287678866975,0.5258287678866975,1,0
annual_quarter_half,3759,2026-07-24,2026-08-03,-0.0202339761556519,2026,2026-06-30,learned_order_extension,20260910,0.5285786710752571,0.5285786710752571,1,0
annual_quarter_half,3759,2026-07-24,2026-08-03,-0.0202339761556519,2026,2026-06-30,learned_order_extension,20260911,0.43734693576352723,0.43734693576352723,0,0
annual_quarter_half,3759,2026-07-24,2026-08-03,-0.0202339761556519,2026,2026-06-30,learned_order_extension,20260912,0.5451750354404442,0.5451750354404442,1,0
annual_quarter_half,3759,2026-07-24,2026-08-03,-0.0202339761556519,2026,2026-06-30,learned_order_offset,20260910,0.5278236357742689,0.5278236357742689,1,0
annual_quarter_half,3759,2026-07-24,2026-08-03,-0.0202339761556519,2026,2026-06-30,learned_order_offset,20260911,0.4368381536491376,0.4368381536491376,0,0
annual_quarter_half,3759,2026-07-24,2026-08-03,-0.0202339761556519,2026,2026-06-30,learned_order_offset,20260912,0.5458564988557466,0.5458564988557466,1,0
annual_quarter_half,3759,2026-07-24,2026-08-03,-0.0202339761556519,2026,2026-06-30,learned_vol_interaction,20260910,0.545158797586844,0.545158797586844,1,0
annual_quarter_half,3759,2026-07-24,2026-08-03,-0.0202339761556519,2026,2026-06-30,learned_vol_interaction,20260911,0.4669633751437634,0.4669633751437634,0,0
annual_quarter_half,3759,2026-07-24,2026-08-03,-0.0202339761556519,2026,2026-06-30,learned_vol_interaction,20260912,0.5471096536923368,0.5471096536923368,1,0
annual_quarter_half,3759,2026-07-24,2026-08-03,-0.0202339761556519,2026,2026-06-30,native_mse,20260910,-0.001842046235133699,,0,0
annual_quarter_half,3759,2026-07-24,2026-08-03,-0.0202339761556519,2026,2026-06-30,native_mse,20260911,-0.0023048650313839793,,0,0
annual_quarter_half,3759,2026-07-24,2026-08-03,-0.0202339761556519,2026,2026-06-30,native_mse,20260912,-0.0011012686269753,,0,0
annual_quarter_half,3759,2026-07-24,2026-08-03,-0.0202339761556519,2026,2026-06-30,training_frequency,-1,0.48506705123331295,0.48506705123331295,0,0
annual_quarter_half,3764,2026-07-31,2026-08-10,0.0300318732435738,2026,2026-06-30,learned_market,20260910,0.36546872772529354,0.36546872772529354,0,1
annual_quarter_half,3764,2026-07-31,2026-08-10,0.0300318732435738,2026,2026-06-30,learned_market,20260911,0.44431397573311027,0.44431397573311027,0,1
annual_quarter_half,3764,2026-07-31,2026-08-10,0.0300318732435738,2026,2026-06-30,learned_market,20260912,0.49651260648807005,0.49651260648807005,0,1
annual_quarter_half,3764,2026-07-31,2026-08-10,0.0300318732435738,2026,2026-06-30,learned_order_extension,20260910,0.4264536660315928,0.4264536660315928,0,1
annual_quarter_half,3764,2026-07-31,2026-08-10,0.0300318732435738,2026,2026-06-30,learned_order_extension,20260911,0.4381480531814912,0.4381480531814912,0,1
annual_quarter_half,3764,2026-07-31,2026-08-10,0.0300318732435738,2026,2026-06-30,learned_order_extension,20260912,0.48919044640497256,0.48919044640497256,0,1
annual_quarter_half,3764,2026-07-31,2026-08-10,0.0300318732435738,2026,2026-06-30,learned_order_offset,20260910,0.42650549082829214,0.42650549082829214,0,1
annual_quarter_half,3764,2026-07-31,2026-08-10,0.0300318732435738,2026,2026-06-30,learned_order_offset,20260911,0.43769401730186275,0.43769401730186275,0,1
annual_quarter_half,3764,2026-07-31,2026-08-10,0.0300318732435738,2026,2026-06-30,learned_order_offset,20260912,0.49086262864186136,0.49086262864186136,0,1
annual_quarter_half,3764,2026-07-31,2026-08-10,0.0300318732435738,2026,2026-06-30,learned_vol_interaction,20260910,0.39086134617208246,0.39086134617208246,0,1
annual_quarter_half,3764,2026-07-31,2026-08-10,0.0300318732435738,2026,2026-06-30,learned_vol_interaction,20260911,0.4666995458326739,0.4666995458326739,0,1
annual_quarter_half,3764,2026-07-31,2026-08-10,0.0300318732435738,2026,2026-06-30,learned_vol_interaction,20260912,0.5083901346009942,0.5083901346009942,1,1
annual_quarter_half,3764,2026-07-31,2026-08-10,0.0300318732435738,2026,2026-06-30,native_mse,20260910,-0.004129256076283017,,0,1
annual_quarter_half,3764,2026-07-31,2026-08-10,0.0300318732435738,2026,2026-06-30,native_mse,20260911,-0.0026486945572923113,,0,1
annual_quarter_half,3764,2026-07-31,2026-08-10,0.0300318732435738,2026,2026-06-30,native_mse,20260912,-0.0008831516421867153,,0,1
annual_quarter_half,3764,2026-07-31,2026-08-10,0.0300318732435738,2026,2026-06-30,training_frequency,-1,0.48506705123331295,0.48506705123331295,0,1
annual_quarter_half,3769,2026-08-07,2026-08-17,-0.0056482265760339,2026,2026-06-30,learned_market,20260910,0.6056221507443373,0.6056221507443373,1,0
annual_quarter_half,3769,2026-08-07,2026-08-17,-0.0056482265760339,2026,2026-06-30,learned_market,20260911,0.44843976941671093,0.44843976941671093,0,0
annual_quarter_half,3769,2026-08-07,2026-08-17,-0.0056482265760339,2026,2026-06-30,learned_market,20260912,0.5324526780650336,0.5324526780650336,1,0
annual_quarter_half,3769,2026-08-07,2026-08-17,-0.0056482265760339,2026,2026-06-30,learned_order_extension,20260910,0.53400107516839,0.53400107516839,1,0
annual_quarter_half,3769,2026-08-07,2026-08-17,-0.0056482265760339,2026,2026-06-30,learned_order_extension,20260911,0.43479919872189654,0.43479919872189654,0,0
annual_quarter_half,3769,2026-08-07,2026-08-17,-0.0056482265760339,2026,2026-06-30,learned_order_extension,20260912,0.5286130953919943,0.5286130953919943,1,0
annual_quarter_half,3769,2026-08-07,2026-08-17,-0.0056482265760339,2026,2026-06-30,learned_order_offset,20260910,0.5334450112273785,0.5334450112273785,1,0
annual_quarter_half,3769,2026-08-07,2026-08-17,-0.0056482265760339,2026,2026-06-30,learned_order_offset,20260911,0.43510314698179986,0.43510314698179986,0,0
annual_quarter_half,3769,2026-08-07,2026-08-17,-0.0056482265760339,2026,2026-06-30,learned_order_offset,20260912,0.5299010953269907,0.5299010953269907,1,0
annual_quarter_half,3769,2026-08-07,2026-08-17,-0.0056482265760339,2026,2026-06-30,learned_vol_interaction,20260910,0.5576578614649315,0.5576578614649315,1,0
annual_quarter_half,3769,2026-08-07,2026-08-17,-0.0056482265760339,2026,2026-06-30,learned_vol_interaction,20260911,0.4527005454081522,0.4527005454081522,0,0
annual_quarter_half,3769,2026-08-07,2026-08-17,-0.0056482265760339,2026,2026-06-30,learned_vol_interaction,20260912,0.5172364843466846,0.5172364843466846,1,0
annual_quarter_half,3769,2026-08-07,2026-08-17,-0.0056482265760339,2026,2026-06-30,native_mse,20260910,0.002570795432802717,,1,0
annual_quarter_half,3769,2026-08-07,2026-08-17,-0.0056482265760339,2026,2026-06-30,native_mse,20260911,-0.0027940249205645066,,0,0
annual_quarter_half,3769,2026-08-07,2026-08-17,-0.0056482265760339,2026,2026-06-30,native_mse,20260912,-0.0007436444143193467,,0,0
annual_quarter_half,3769,2026-08-07,2026-08-17,-0.0056482265760339,2026,2026-06-30,training_frequency,-1,0.48506705123331295,0.48506705123331295,0,0
annual_quarter_half,3774,2026-08-14,2026-08-24,-0.0109860710402629,2026,2026-06-30,learned_market,20260910,0.5783558364516821,0.5783558364516821,1,0
annual_quarter_half,3774,2026-08-14,2026-08-24,-0.0109860710402629,2026,2026-06-30,learned_market,20260911,0.6167777542132473,0.6167777542132473,1,0
annual_quarter_half,3774,2026-08-14,2026-08-24,-0.0109860710402629,2026,2026-06-30,learned_market,20260912,0.49475839077605444,0.49475839077605444,0,0
annual_quarter_half,3774,2026-08-14,2026-08-24,-0.0109860710402629,2026,2026-06-30,learned_order_extension,20260910,0.5344731153483467,0.5344731153483467,1,0
annual_quarter_half,3774,2026-08-14,2026-08-24,-0.0109860710402629,2026,2026-06-30,learned_order_extension,20260911,0.6618310934337399,0.6618310934337399,1,0
annual_quarter_half,3774,2026-08-14,2026-08-24,-0.0109860710402629,2026,2026-06-30,learned_order_extension,20260912,0.49279439657574,0.49279439657574,0,0
annual_quarter_half,3774,2026-08-14,2026-08-24,-0.0109860710402629,2026,2026-06-30,learned_order_offset,20260910,0.5342744635381341,0.5342744635381341,1,0
annual_quarter_half,3774,2026-08-14,2026-08-24,-0.0109860710402629,2026,2026-06-30,learned_order_offset,20260911,0.6621509138219157,0.6621509138219157,1,0
annual_quarter_half,3774,2026-08-14,2026-08-24,-0.0109860710402629,2026,2026-06-30,learned_order_offset,20260912,0.49369401942144486,0.49369401942144486,0,0
annual_quarter_half,3774,2026-08-14,2026-08-24,-0.0109860710402629,2026,2026-06-30,learned_vol_interaction,20260910,0.5590281656339302,0.5590281656339302,1,0
annual_quarter_half,3774,2026-08-14,2026-08-24,-0.0109860710402629,2026,2026-06-30,learned_vol_interaction,20260911,0.6006056989898153,0.6006056989898153,1,0
annual_quarter_half,3774,2026-08-14,2026-08-24,-0.0109860710402629,2026,2026-06-30,learned_vol_interaction,20260912,0.4877213313625288,0.4877213313625288,0,0
annual_quarter_half,3774,2026-08-14,2026-08-24,-0.0109860710402629,2026,2026-06-30,native_mse,20260910,0.004055056787348411,,1,0
annual_quarter_half,3774,2026-08-14,2026-08-24,-0.0109860710402629,2026,2026-06-30,native_mse,20260911,0.0003798635667840893,,1,0
annual_quarter_half,3774,2026-08-14,2026-08-24,-0.0109860710402629,2026,2026-06-30,native_mse,20260912,-0.0007879722984731214,,0,0
annual_quarter_half,3774,2026-08-14,2026-08-24,-0.0109860710402629,2026,2026-06-30,training_frequency,-1,0.48506705123331295,0.48506705123331295,0,0
annual_quarter_half,3779,2026-08-21,2026-08-31,-0.0127592811002066,2026,2026-06-30,learned_market,20260910,0.5845608469293234,0.5845608469293234,1,0
annual_quarter_half,3779,2026-08-21,2026-08-31,-0.0127592811002066,2026,2026-06-30,learned_market,20260911,0.42936647949297735,0.42936647949297735,0,0
annual_quarter_half,3779,2026-08-21,2026-08-31,-0.0127592811002066,2026,2026-06-30,learned_market,20260912,0.45858667540152154,0.45858667540152154,0,0
annual_quarter_half,3779,2026-08-21,2026-08-31,-0.0127592811002066,2026,2026-06-30,learned_order_extension,20260910,0.5470513987149523,0.5470513987149523,1,0
annual_quarter_half,3779,2026-08-21,2026-08-31,-0.0127592811002066,2026,2026-06-30,learned_order_extension,20260911,0.42159053709788286,0.42159053709788286,0,0
annual_quarter_half,3779,2026-08-21,2026-08-31,-0.0127592811002066,2026,2026-06-30,learned_order_extension,20260912,0.4415226901286527,0.4415226901286527,0,0
annual_quarter_half,3779,2026-08-21,2026-08-31,-0.0127592811002066,2026,2026-06-30,learned_order_offset,20260910,0.5465494934019983,0.5465494934019983,1,0
annual_quarter_half,3779,2026-08-21,2026-08-31,-0.0127592811002066,2026,2026-06-30,learned_order_offset,20260911,0.4220434700806455,0.4220434700806455,0,0
annual_quarter_half,3779,2026-08-21,2026-08-31,-0.0127592811002066,2026,2026-06-30,learned_order_offset,20260912,0.4426274355377857,0.4426274355377857,0,0
annual_quarter_half,3779,2026-08-21,2026-08-31,-0.0127592811002066,2026,2026-06-30,learned_vol_interaction,20260910,0.5818698068806457,0.5818698068806457,1,0
annual_quarter_half,3779,2026-08-21,2026-08-31,-0.0127592811002066,2026,2026-06-30,learned_vol_interaction,20260911,0.43526749487751326,0.43526749487751326,0,0
annual_quarter_half,3779,2026-08-21,2026-08-31,-0.0127592811002066,2026,2026-06-30,learned_vol_interaction,20260912,0.453252120807704,0.453252120807704,0,0
annual_quarter_half,3779,2026-08-21,2026-08-31,-0.0127592811002066,2026,2026-06-30,native_mse,20260910,0.0016471646647118205,,1,0
annual_quarter_half,3779,2026-08-21,2026-08-31,-0.0127592811002066,2026,2026-06-30,native_mse,20260911,-0.0021130117828472078,,0,0
annual_quarter_half,3779,2026-08-21,2026-08-31,-0.0127592811002066,2026,2026-06-30,native_mse,20260912,-0.00036522433650029034,,0,0
annual_quarter_half,3779,2026-08-21,2026-08-31,-0.0127592811002066,2026,2026-06-30,training_frequency,-1,0.48506705123331295,0.48506705123331295,0,0
annual_net_quarter_head,2418,2021-01-08,2021-01-18,-0.0120052904669853,2021,2020-12-31,learned_market,20260910,0.5528369602637446,0.5528369602637446,1,0
annual_net_quarter_head,2423,2021-01-15,2021-01-25,0.0231622460538123,2021,2020-12-31,learned_market,20260910,0.49674166213102977,0.49674166213102977,0,1
annual_net_quarter_head,2428,2021-01-22,2021-02-01,-0.0372511735907923,2021,2020-12-31,learned_market,20260910,0.3933637003220593,0.3933637003220593,0,0
annual_net_quarter_head,2433,2021-01-29,2021-02-08,0.0278689901714626,2021,2020-12-31,learned_market,20260910,0.4313547922375263,0.4313547922375263,0,1
annual_net_quarter_head,2438,2021-02-05,2021-02-22,0.0507379035040882,2021,2020-12-31,learned_market,20260910,0.40357928349119826,0.40357928349119826,0,1
annual_net_quarter_head,2443,2021-02-19,2021-03-01,-0.0684918010685315,2021,2020-12-31,learned_market,20260910,0.49513830982070434,0.49513830982070434,0,0
annual_net_quarter_head,2448,2021-02-26,2021-03-08,-0.0165997123904068,2021,2020-12-31,learned_market,20260910,0.43315180971386896,0.43315180971386896,0,0
annual_net_quarter_head,2453,2021-03-05,2021-03-15,-0.0346560901469681,2021,2020-12-31,learned_market,20260910,0.40131415281599914,0.40131415281599914,0,0
annual_net_quarter_head,2458,2021-03-12,2021-03-22,-0.0210550182560221,2021,2020-12-31,learned_market,20260910,0.47295990993929365,0.47295990993929365,0,0
annual_net_quarter_head,2463,2021-03-19,2021-03-29,0.0087572877565691,2021,2020-12-31,learned_market,20260910,0.6783048076904669,0.6783048076904669,1,1
annual_net_quarter_head,2468,2021-03-26,2021-04-06,0.0250145479448802,2021,2020-12-31,learned_market,20260910,0.6020041018019381,0.6020041018019381,1,1
annual_net_quarter_head,2418,2021-01-08,2021-01-18,-0.0120052904669853,2021,2020-12-31,learned_vol_interaction,20260910,0.5286701081389081,0.5286701081389081,1,0
annual_net_quarter_head,2423,2021-01-15,2021-01-25,0.0231622460538123,2021,2020-12-31,learned_vol_interaction,20260910,0.47178291125549215,0.47178291125549215,0,1
annual_net_quarter_head,2428,2021-01-22,2021-02-01,-0.0372511735907923,2021,2020-12-31,learned_vol_interaction,20260910,0.3671123538576221,0.3671123538576221,0,0
annual_net_quarter_head,2433,2021-01-29,2021-02-08,0.0278689901714626,2021,2020-12-31,learned_vol_interaction,20260910,0.434482531700876,0.434482531700876,0,1
annual_net_quarter_head,2438,2021-02-05,2021-02-22,0.0507379035040882,2021,2020-12-31,learned_vol_interaction,20260910,0.42570726310777396,0.42570726310777396,0,1
annual_net_quarter_head,2443,2021-02-19,2021-03-01,-0.0684918010685315,2021,2020-12-31,learned_vol_interaction,20260910,0.4791771552633417,0.4791771552633417,0,0
annual_net_quarter_head,2448,2021-02-26,2021-03-08,-0.0165997123904068,2021,2020-12-31,learned_vol_interaction,20260910,0.4783928105694597,0.4783928105694597,0,0
annual_net_quarter_head,2453,2021-03-05,2021-03-15,-0.0346560901469681,2021,2020-12-31,learned_vol_interaction,20260910,0.4610266286466043,0.4610266286466043,0,0
annual_net_quarter_head,2458,2021-03-12,2021-03-22,-0.0210550182560221,2021,2020-12-31,learned_vol_interaction,20260910,0.48103471562569133,0.48103471562569133,0,0
annual_net_quarter_head,2463,2021-03-19,2021-03-29,0.0087572877565691,2021,2020-12-31,learned_vol_interaction,20260910,0.5872740166666267,0.5872740166666267,1,1
annual_net_quarter_head,2468,2021-03-26,2021-04-06,0.0250145479448802,2021,2020-12-31,learned_vol_interaction,20260910,0.5791980511717043,0.5791980511717043,1,1
annual_net_quarter_head,2418,2021-01-08,2021-01-18,-0.0120052904669853,2021,2020-12-31,learned_order_extension,20260910,0.5330538496767134,0.5330538496767134,1,0
annual_net_quarter_head,2423,2021-01-15,2021-01-25,0.0231622460538123,2021,2020-12-31,learned_order_extension,20260910,0.479592338912861,0.479592338912861,0,1
annual_net_quarter_head,2428,2021-01-22,2021-02-01,-0.0372511735907923,2021,2020-12-31,learned_order_extension,20260910,0.3707727762571325,0.3707727762571325,0,0
annual_net_quarter_head,2433,2021-01-29,2021-02-08,0.0278689901714626,2021,2020-12-31,learned_order_extension,20260910,0.43176970986504826,0.43176970986504826,0,1
annual_net_quarter_head,2438,2021-02-05,2021-02-22,0.0507379035040882,2021,2020-12-31,learned_order_extension,20260910,0.41923333650784145,0.41923333650784145,0,1
annual_net_quarter_head,2443,2021-02-19,2021-03-01,-0.0684918010685315,2021,2020-12-31,learned_order_extension,20260910,0.47927687031403743,0.47927687031403743,0,0
annual_net_quarter_head,2448,2021-02-26,2021-03-08,-0.0165997123904068,2021,2020-12-31,learned_order_extension,20260910,0.4709068161644563,0.4709068161644563,0,0
annual_net_quarter_head,2453,2021-03-05,2021-03-15,-0.0346560901469681,2021,2020-12-31,learned_order_extension,20260910,0.45619563032762256,0.45619563032762256,0,0
annual_net_quarter_head,2458,2021-03-12,2021-03-22,-0.0210550182560221,2021,2020-12-31,learned_order_extension,20260910,0.47999849102949665,0.47999849102949665,0,0
annual_net_quarter_head,2463,2021-03-19,2021-03-29,0.0087572877565691,2021,2020-12-31,learned_order_extension,20260910,0.5898698686538169,0.5898698686538169,1,1
annual_net_quarter_head,2468,2021-03-26,2021-04-06,0.0250145479448802,2021,2020-12-31,learned_order_extension,20260910,0.5737573684172776,0.5737573684172776,1,1
annual_net_quarter_head,2418,2021-01-08,2021-01-18,-0.0120052904669853,2021,2020-12-31,learned_order_offset,20260910,0.5336151486659025,0.5336151486659025,1,0
annual_net_quarter_head,2423,2021-01-15,2021-01-25,0.0231622460538123,2021,2020-12-31,learned_order_offset,20260910,0.48002913839274924,0.48002913839274924,0,1
annual_net_quarter_head,2428,2021-01-22,2021-02-01,-0.0372511735907923,2021,2020-12-31,learned_order_offset,20260910,0.37113237990157133,0.37113237990157133,0,0
annual_net_quarter_head,2433,2021-01-29,2021-02-08,0.0278689901714626,2021,2020-12-31,learned_order_offset,20260910,0.43182028534515077,0.43182028534515077,0,1
annual_net_quarter_head,2438,2021-02-05,2021-02-22,0.0507379035040882,2021,2020-12-31,learned_order_offset,20260910,0.4191495029175148,0.4191495029175148,0,1
annual_net_quarter_head,2443,2021-02-19,2021-03-01,-0.0684918010685315,2021,2020-12-31,learned_order_offset,20260910,0.479618495019198,0.479618495019198,0,0
annual_net_quarter_head,2448,2021-02-26,2021-03-08,-0.0165997123904068,2021,2020-12-31,learned_order_offset,20260910,0.47073396029682846,0.47073396029682846,0,0
annual_net_quarter_head,2453,2021-03-05,2021-03-15,-0.0346560901469681,2021,2020-12-31,learned_order_offset,20260910,0.4561872166710552,0.4561872166710552,0,0
annual_net_quarter_head,2458,2021-03-12,2021-03-22,-0.0210550182560221,2021,2020-12-31,learned_order_offset,20260910,0.48027551652013106,0.48027551652013106,0,0
annual_net_quarter_head,2463,2021-03-19,2021-03-29,0.0087572877565691,2021,2020-12-31,learned_order_offset,20260910,0.5905225656238325,0.5905225656238325,1,1
annual_net_quarter_head,2468,2021-03-26,2021-04-06,0.0250145479448802,2021,2020-12-31,learned_order_offset,20260910,0.5737282476957762,0.5737282476957762,1,1
annual_net_quarter_head,2418,2021-01-08,2021-01-18,-0.0120052904669853,2021,2020-12-31,learned_market,20260911,0.47359422145655633,0.47359422145655633,0,0
annual_net_quarter_head,2423,2021-01-15,2021-01-25,0.0231622460538123,2021,2020-12-31,learned_market,20260911,0.29529449998072343,0.29529449998072343,0,1
annual_net_quarter_head,2428,2021-01-22,2021-02-01,-0.0372511735907923,2021,2020-12-31,learned_market,20260911,0.47394332492431446,0.47394332492431446,0,0
annual_net_quarter_head,2433,2021-01-29,2021-02-08,0.0278689901714626,2021,2020-12-31,learned_market,20260911,0.34860128575085947,0.34860128575085947,0,1
annual_net_quarter_head,2438,2021-02-05,2021-02-22,0.0507379035040882,2021,2020-12-31,learned_market,20260911,0.5472341429725764,0.5472341429725764,1,1
annual_net_quarter_head,2443,2021-02-19,2021-03-01,-0.0684918010685315,2021,2020-12-31,learned_market,20260911,0.4390527856170199,0.4390527856170199,0,0
annual_net_quarter_head,2448,2021-02-26,2021-03-08,-0.0165997123904068,2021,2020-12-31,learned_market,20260911,0.4901857818012489,0.4901857818012489,0,0
annual_net_quarter_head,2453,2021-03-05,2021-03-15,-0.0346560901469681,2021,2020-12-31,learned_market,20260911,0.3640545492155067,0.3640545492155067,0,0
annual_net_quarter_head,2458,2021-03-12,2021-03-22,-0.0210550182560221,2021,2020-12-31,learned_market,20260911,0.27457561641477635,0.27457561641477635,0,0
annual_net_quarter_head,2463,2021-03-19,2021-03-29,0.0087572877565691,2021,2020-12-31,learned_market,20260911,0.5317095579141908,0.5317095579141908,1,1
annual_net_quarter_head,2468,2021-03-26,2021-04-06,0.0250145479448802,2021,2020-12-31,learned_market,20260911,0.48950965003399194,0.48950965003399194,0,1
annual_net_quarter_head,2418,2021-01-08,2021-01-18,-0.0120052904669853,2021,2020-12-31,learned_vol_interaction,20260911,0.4754556903392312,0.4754556903392312,0,0
annual_net_quarter_head,2423,2021-01-15,2021-01-25,0.0231622460538123,2021,2020-12-31,learned_vol_interaction,20260911,0.2910478720938869,0.2910478720938869,0,1
annual_net_quarter_head,2428,2021-01-22,2021-02-01,-0.0372511735907923,2021,2020-12-31,learned_vol_interaction,20260911,0.4793404787070586,0.4793404787070586,0,0
annual_net_quarter_head,2433,2021-01-29,2021-02-08,0.0278689901714626,2021,2020-12-31,learned_vol_interaction,20260911,0.3407014751351651,0.3407014751351651,0,1
annual_net_quarter_head,2438,2021-02-05,2021-02-22,0.0507379035040882,2021,2020-12-31,learned_vol_interaction,20260911,0.5419487770679454,0.5419487770679454,1,1
annual_net_quarter_head,2443,2021-02-19,2021-03-01,-0.0684918010685315,2021,2020-12-31,learned_vol_interaction,20260911,0.42680484014134457,0.42680484014134457,0,0
annual_net_quarter_head,2448,2021-02-26,2021-03-08,-0.0165997123904068,2021,2020-12-31,learned_vol_interaction,20260911,0.48165522036766006,0.48165522036766006,0,0
annual_net_quarter_head,2453,2021-03-05,2021-03-15,-0.0346560901469681,2021,2020-12-31,learned_vol_interaction,20260911,0.3506881836542513,0.3506881836542513,0,0
annual_net_quarter_head,2458,2021-03-12,2021-03-22,-0.0210550182560221,2021,2020-12-31,learned_vol_interaction,20260911,0.23467895972096536,0.23467895972096536,0,0
annual_net_quarter_head,2463,2021-03-19,2021-03-29,0.0087572877565691,2021,2020-12-31,learned_vol_interaction,20260911,0.5417459151974428,0.5417459151974428,1,1
annual_net_quarter_head,2468,2021-03-26,2021-04-06,0.0250145479448802,2021,2020-12-31,learned_vol_interaction,20260911,0.48054571329537366,0.48054571329537366,0,1
annual_net_quarter_head,2418,2021-01-08,2021-01-18,-0.0120052904669853,2021,2020-12-31,learned_order_extension,20260911,0.4707924056292956,0.4707924056292956,0,0
annual_net_quarter_head,2423,2021-01-15,2021-01-25,0.0231622460538123,2021,2020-12-31,learned_order_extension,20260911,0.30199104403875826,0.30199104403875826,0,1
annual_net_quarter_head,2428,2021-01-22,2021-02-01,-0.0372511735907923,2021,2020-12-31,learned_order_extension,20260911,0.4727671753713422,0.4727671753713422,0,0
annual_net_quarter_head,2433,2021-01-29,2021-02-08,0.0278689901714626,2021,2020-12-31,learned_order_extension,20260911,0.33076330033756096,0.33076330033756096,0,1
annual_net_quarter_head,2438,2021-02-05,2021-02-22,0.0507379035040882,2021,2020-12-31,learned_order_extension,20260911,0.5463864019131583,0.5463864019131583,1,1
annual_net_quarter_head,2443,2021-02-19,2021-03-01,-0.0684918010685315,2021,2020-12-31,learned_order_extension,20260911,0.423629668613555,0.423629668613555,0,0
annual_net_quarter_head,2448,2021-02-26,2021-03-08,-0.0165997123904068,2021,2020-12-31,learned_order_extension,20260911,0.4833188959367285,0.4833188959367285,0,0
annual_net_quarter_head,2453,2021-03-05,2021-03-15,-0.0346560901469681,2021,2020-12-31,learned_order_extension,20260911,0.3468677434509978,0.3468677434509978,0,0
annual_net_quarter_head,2458,2021-03-12,2021-03-22,-0.0210550182560221,2021,2020-12-31,learned_order_extension,20260911,0.2385842218483661,0.2385842218483661,0,0
annual_net_quarter_head,2463,2021-03-19,2021-03-29,0.0087572877565691,2021,2020-12-31,learned_order_extension,20260911,0.532998967015209,0.532998967015209,1,1
annual_net_quarter_head,2468,2021-03-26,2021-04-06,0.0250145479448802,2021,2020-12-31,learned_order_extension,20260911,0.48258967958160864,0.48258967958160864,0,1
annual_net_quarter_head,2418,2021-01-08,2021-01-18,-0.0120052904669853,2021,2020-12-31,learned_order_offset,20260911,0.46966493933917947,0.46966493933917947,0,0
annual_net_quarter_head,2423,2021-01-15,2021-01-25,0.0231622460538123,2021,2020-12-31,learned_order_offset,20260911,0.30026263179565904,0.30026263179565904,0,1
annual_net_quarter_head,2428,2021-01-22,2021-02-01,-0.0372511735907923,2021,2020-12-31,learned_order_offset,20260911,0.47083079059127375,0.47083079059127375,0,0
annual_net_quarter_head,2433,2021-01-29,2021-02-08,0.0278689901714626,2021,2020-12-31,learned_order_offset,20260911,0.3308151678188049,0.3308151678188049,0,1
annual_net_quarter_head,2438,2021-02-05,2021-02-22,0.0507379035040882,2021,2020-12-31,learned_order_offset,20260911,0.5458888183275549,0.5458888183275549,1,1
annual_net_quarter_head,2443,2021-02-19,2021-03-01,-0.0684918010685315,2021,2020-12-31,learned_order_offset,20260911,0.4238553224614908,0.4238553224614908,0,0
annual_net_quarter_head,2448,2021-02-26,2021-03-08,-0.0165997123904068,2021,2020-12-31,learned_order_offset,20260911,0.4840844360242453,0.4840844360242453,0,0
annual_net_quarter_head,2453,2021-03-05,2021-03-15,-0.0346560901469681,2021,2020-12-31,learned_order_offset,20260911,0.34642186749779336,0.34642186749779336,0,0
annual_net_quarter_head,2458,2021-03-12,2021-03-22,-0.0210550182560221,2021,2020-12-31,learned_order_offset,20260911,0.23704081021871007,0.23704081021871007,0,0
annual_net_quarter_head,2463,2021-03-19,2021-03-29,0.0087572877565691,2021,2020-12-31,learned_order_offset,20260911,0.5312704874985703,0.5312704874985703,1,1
annual_net_quarter_head,2468,2021-03-26,2021-04-06,0.0250145479448802,2021,2020-12-31,learned_order_offset,20260911,0.48113132203479025,0.48113132203479025,0,1
annual_net_quarter_head,2418,2021-01-08,2021-01-18,-0.0120052904669853,2021,2020-12-31,learned_market,20260912,0.49622809203697066,0.49622809203697066,0,0
annual_net_quarter_head,2423,2021-01-15,2021-01-25,0.0231622460538123,2021,2020-12-31,learned_market,20260912,0.30299511780142024,0.30299511780142024,0,1
annual_net_quarter_head,2428,2021-01-22,2021-02-01,-0.0372511735907923,2021,2020-12-31,learned_market,20260912,0.2926269390741677,0.2926269390741677,0,0
annual_net_quarter_head,2433,2021-01-29,2021-02-08,0.0278689901714626,2021,2020-12-31,learned_market,20260912,0.4834854236532544,0.4834854236532544,0,1
annual_net_quarter_head,2438,2021-02-05,2021-02-22,0.0507379035040882,2021,2020-12-31,learned_market,20260912,0.5449307431156443,0.5449307431156443,1,1
annual_net_quarter_head,2443,2021-02-19,2021-03-01,-0.0684918010685315,2021,2020-12-31,learned_market,20260912,0.37156624296606255,0.37156624296606255,0,0
annual_net_quarter_head,2448,2021-02-26,2021-03-08,-0.0165997123904068,2021,2020-12-31,learned_market,20260912,0.5679579035959068,0.5679579035959068,1,0
annual_net_quarter_head,2453,2021-03-05,2021-03-15,-0.0346560901469681,2021,2020-12-31,learned_market,20260912,0.4912573433049491,0.4912573433049491,0,0
annual_net_quarter_head,2458,2021-03-12,2021-03-22,-0.0210550182560221,2021,2020-12-31,learned_market,20260912,0.4975950072849539,0.4975950072849539,0,0
annual_net_quarter_head,2463,2021-03-19,2021-03-29,0.0087572877565691,2021,2020-12-31,learned_market,20260912,0.4862560848839745,0.4862560848839745,0,1
annual_net_quarter_head,2468,2021-03-26,2021-04-06,0.0250145479448802,2021,2020-12-31,learned_market,20260912,0.5757817923341705,0.5757817923341705,1,1
annual_net_quarter_head,2418,2021-01-08,2021-01-18,-0.0120052904669853,2021,2020-12-31,learned_vol_interaction,20260912,0.49620713842529096,0.49620713842529096,0,0
annual_net_quarter_head,2423,2021-01-15,2021-01-25,0.0231622460538123,2021,2020-12-31,learned_vol_interaction,20260912,0.30370534508378266,0.30370534508378266,0,1
annual_net_quarter_head,2428,2021-01-22,2021-02-01,-0.0372511735907923,2021,2020-12-31,learned_vol_interaction,20260912,0.2931342483584557,0.2931342483584557,0,0
annual_net_quarter_head,2433,2021-01-29,2021-02-08,0.0278689901714626,2021,2020-12-31,learned_vol_interaction,20260912,0.4851476188516167,0.4851476188516167,0,1
annual_net_quarter_head,2438,2021-02-05,2021-02-22,0.0507379035040882,2021,2020-12-31,learned_vol_interaction,20260912,0.5455559755252699,0.5455559755252699,1,1
annual_net_quarter_head,2443,2021-02-19,2021-03-01,-0.0684918010685315,2021,2020-12-31,learned_vol_interaction,20260912,0.37201410439640853,0.37201410439640853,0,0
annual_net_quarter_head,2448,2021-02-26,2021-03-08,-0.0165997123904068,2021,2020-12-31,learned_vol_interaction,20260912,0.5647303221106473,0.5647303221106473,1,0
annual_net_quarter_head,2453,2021-03-05,2021-03-15,-0.0346560901469681,2021,2020-12-31,learned_vol_interaction,20260912,0.4925362885158211,0.4925362885158211,0,0
annual_net_quarter_head,2458,2021-03-12,2021-03-22,-0.0210550182560221,2021,2020-12-31,learned_vol_interaction,20260912,0.5001941106115585,0.5001941106115585,1,0
annual_net_quarter_head,2463,2021-03-19,2021-03-29,0.0087572877565691,2021,2020-12-31,learned_vol_interaction,20260912,0.4917119078225818,0.4917119078225818,0,1
annual_net_quarter_head,2468,2021-03-26,2021-04-06,0.0250145479448802,2021,2020-12-31,learned_vol_interaction,20260912,0.5754614207160266,0.5754614207160266,1,1
annual_net_quarter_head,2418,2021-01-08,2021-01-18,-0.0120052904669853,2021,2020-12-31,learned_order_extension,20260912,0.4980709373270918,0.4980709373270918,0,0
annual_net_quarter_head,2423,2021-01-15,2021-01-25,0.0231622460538123,2021,2020-12-31,learned_order_extension,20260912,0.3077801048995167,0.3077801048995167,0,1
annual_net_quarter_head,2428,2021-01-22,2021-02-01,-0.0372511735907923,2021,2020-12-31,learned_order_extension,20260912,0.2945790953929349,0.2945790953929349,0,0
annual_net_quarter_head,2433,2021-01-29,2021-02-08,0.0278689901714626,2021,2020-12-31,learned_order_extension,20260912,0.4869306132003812,0.4869306132003812,0,1
annual_net_quarter_head,2438,2021-02-05,2021-02-22,0.0507379035040882,2021,2020-12-31,learned_order_extension,20260912,0.5470942643821933,0.5470942643821933,1,1
annual_net_quarter_head,2443,2021-02-19,2021-03-01,-0.0684918010685315,2021,2020-12-31,learned_order_extension,20260912,0.37256373051610003,0.37256373051610003,0,0
annual_net_quarter_head,2448,2021-02-26,2021-03-08,-0.0165997123904068,2021,2020-12-31,learned_order_extension,20260912,0.5652884202407723,0.5652884202407723,1,0
annual_net_quarter_head,2453,2021-03-05,2021-03-15,-0.0346560901469681,2021,2020-12-31,learned_order_extension,20260912,0.4938099782773414,0.4938099782773414,0,0
annual_net_quarter_head,2458,2021-03-12,2021-03-22,-0.0210550182560221,2021,2020-12-31,learned_order_extension,20260912,0.5011342068332141,0.5011342068332141,1,0
annual_net_quarter_head,2463,2021-03-19,2021-03-29,0.0087572877565691,2021,2020-12-31,learned_order_extension,20260912,0.49318584601318854,0.49318584601318854,0,1
annual_net_quarter_head,2468,2021-03-26,2021-04-06,0.0250145479448802,2021,2020-12-31,learned_order_extension,20260912,0.5765372992952104,0.5765372992952104,1,1
annual_net_quarter_head,2418,2021-01-08,2021-01-18,-0.0120052904669853,2021,2020-12-31,learned_order_offset,20260912,0.4978619856473434,0.4978619856473434,0,0
annual_net_quarter_head,2423,2021-01-15,2021-01-25,0.0231622460538123,2021,2020-12-31,learned_order_offset,20260912,0.30753172112864313,0.30753172112864313,0,1
annual_net_quarter_head,2428,2021-01-22,2021-02-01,-0.0372511735907923,2021,2020-12-31,learned_order_offset,20260912,0.29417599189344534,0.29417599189344534,0,0
annual_net_quarter_head,2433,2021-01-29,2021-02-08,0.0278689901714626,2021,2020-12-31,learned_order_offset,20260912,0.48673077860534075,0.48673077860534075,0,1
annual_net_quarter_head,2438,2021-02-05,2021-02-22,0.0507379035040882,2021,2020-12-31,learned_order_offset,20260912,0.5468628858044645,0.5468628858044645,1,1
annual_net_quarter_head,2443,2021-02-19,2021-03-01,-0.0684918010685315,2021,2020-12-31,learned_order_offset,20260912,0.37253784220409425,0.37253784220409425,0,0
annual_net_quarter_head,2448,2021-02-26,2021-03-08,-0.0165997123904068,2021,2020-12-31,learned_order_offset,20260912,0.5649799919042372,0.5649799919042372,1,0
annual_net_quarter_head,2453,2021-03-05,2021-03-15,-0.0346560901469681,2021,2020-12-31,learned_order_offset,20260912,0.49348358050186064,0.49348358050186064,0,0
annual_net_quarter_head,2458,2021-03-12,2021-03-22,-0.0210550182560221,2021,2020-12-31,learned_order_offset,20260912,0.500928953286114,0.500928953286114,1,0
annual_net_quarter_head,2463,2021-03-19,2021-03-29,0.0087572877565691,2021,2020-12-31,learned_order_offset,20260912,0.493170220106531,0.493170220106531,0,1
annual_net_quarter_head,2468,2021-03-26,2021-04-06,0.0250145479448802,2021,2020-12-31,learned_order_offset,20260912,0.5766144810517231,0.5766144810517231,1,1
annual_net_quarter_head,2473,2021-04-02,2021-04-12,-0.0292856811827044,2021,2021-03-31,learned_market,20260910,0.4904573044901591,0.4904573044901591,0,0
annual_net_quarter_head,2477,2021-04-09,2021-04-19,-0.0120489836840408,2021,2021-03-31,learned_market,20260910,0.6495788999275994,0.6495788999275994,1,0
annual_net_quarter_head,2482,2021-04-16,2021-04-26,0.0382932540809155,2021,2021-03-31,learned_market,20260910,0.584315241135555,0.584315241135555,1,1
annual_net_quarter_head,2487,2021-04-23,2021-05-06,-0.0112070185917437,2021,2021-03-31,learned_market,20260910,0.647745679249212,0.647745679249212,1,0
annual_net_quarter_head,2492,2021-04-30,2021-05-12,-0.0190946889464188,2021,2021-03-31,learned_market,20260910,0.6536778982897259,0.6536778982897259,1,0
annual_net_quarter_head,2494,2021-05-07,2021-05-17,0.0227674429764228,2021,2021-03-31,learned_market,20260910,0.6654890654885605,0.6654890654885605,1,1
annual_net_quarter_head,2499,2021-05-14,2021-05-24,0.0045940519733895,2021,2021-03-31,learned_market,20260910,0.6174055442461716,0.6174055442461716,1,1
annual_net_quarter_head,2504,2021-05-21,2021-05-31,0.0348855085126711,2021,2021-03-31,learned_market,20260910,0.5826882387420852,0.5826882387420852,1,1
annual_net_quarter_head,2509,2021-05-28,2021-06-07,-0.0062409741861724,2021,2021-03-31,learned_market,20260910,0.5492553416119709,0.5492553416119709,1,0
annual_net_quarter_head,2514,2021-06-04,2021-06-15,-0.0125508761771767,2021,2021-03-31,learned_market,20260910,0.48888455723774765,0.48888455723774765,0,0
annual_net_quarter_head,2519,2021-06-11,2021-06-21,-0.0250011497424577,2021,2021-03-31,learned_market,20260910,0.34920055811785405,0.34920055811785405,0,0
annual_net_quarter_head,2523,2021-06-18,2021-06-28,0.0325308711127356,2021,2021-03-31,learned_market,20260910,0.3259476785312393,0.3259476785312393,0,1
annual_net_quarter_head,2528,2021-06-25,2021-07-05,-0.0342297962734196,2021,2021-03-31,learned_market,20260910,0.4367507813390069,0.4367507813390069,0,0
annual_net_quarter_head,2473,2021-04-02,2021-04-12,-0.0292856811827044,2021,2021-03-31,learned_vol_interaction,20260910,0.5257000056631016,0.5257000056631016,1,0
annual_net_quarter_head,2477,2021-04-09,2021-04-19,-0.0120489836840408,2021,2021-03-31,learned_vol_interaction,20260910,0.6875450820206941,0.6875450820206941,1,0
annual_net_quarter_head,2482,2021-04-16,2021-04-26,0.0382932540809155,2021,2021-03-31,learned_vol_interaction,20260910,0.6212116626389544,0.6212116626389544,1,1
annual_net_quarter_head,2487,2021-04-23,2021-05-06,-0.0112070185917437,2021,2021-03-31,learned_vol_interaction,20260910,0.6794144579875663,0.6794144579875663,1,0
annual_net_quarter_head,2492,2021-04-30,2021-05-12,-0.0190946889464188,2021,2021-03-31,learned_vol_interaction,20260910,0.6406733823989531,0.6406733823989531,1,0
annual_net_quarter_head,2494,2021-05-07,2021-05-17,0.0227674429764228,2021,2021-03-31,learned_vol_interaction,20260910,0.6604610978157681,0.6604610978157681,1,1
annual_net_quarter_head,2499,2021-05-14,2021-05-24,0.0045940519733895,2021,2021-03-31,learned_vol_interaction,20260910,0.6603414364889625,0.6603414364889625,1,1
annual_net_quarter_head,2504,2021-05-21,2021-05-31,0.0348855085126711,2021,2021-03-31,learned_vol_interaction,20260910,0.6036977862909152,0.6036977862909152,1,1
annual_net_quarter_head,2509,2021-05-28,2021-06-07,-0.0062409741861724,2021,2021-03-31,learned_vol_interaction,20260910,0.5094573005135502,0.5094573005135502,1,0
annual_net_quarter_head,2514,2021-06-04,2021-06-15,-0.0125508761771767,2021,2021-03-31,learned_vol_interaction,20260910,0.4509909725001037,0.4509909725001037,0,0
annual_net_quarter_head,2519,2021-06-11,2021-06-21,-0.0250011497424577,2021,2021-03-31,learned_vol_interaction,20260910,0.2835963074905662,0.2835963074905662,0,0
annual_net_quarter_head,2523,2021-06-18,2021-06-28,0.0325308711127356,2021,2021-03-31,learned_vol_interaction,20260910,0.27531916456540345,0.27531916456540345,0,1
annual_net_quarter_head,2528,2021-06-25,2021-07-05,-0.0342297962734196,2021,2021-03-31,learned_vol_interaction,20260910,0.358218371195736,0.358218371195736,0,0
annual_net_quarter_head,2473,2021-04-02,2021-04-12,-0.0292856811827044,2021,2021-03-31,learned_order_extension,20260910,0.5249444570139196,0.5249444570139196,1,0
annual_net_quarter_head,2477,2021-04-09,2021-04-19,-0.0120489836840408,2021,2021-03-31,learned_order_extension,20260910,0.688421026635073,0.688421026635073,1,0
annual_net_quarter_head,2482,2021-04-16,2021-04-26,0.0382932540809155,2021,2021-03-31,learned_order_extension,20260910,0.6229361477951127,0.6229361477951127,1,1
annual_net_quarter_head,2487,2021-04-23,2021-05-06,-0.0112070185917437,2021,2021-03-31,learned_order_extension,20260910,0.6806967423372501,0.6806967423372501,1,0
annual_net_quarter_head,2492,2021-04-30,2021-05-12,-0.0190946889464188,2021,2021-03-31,learned_order_extension,20260910,0.6434375834067448,0.6434375834067448,1,0
annual_net_quarter_head,2494,2021-05-07,2021-05-17,0.0227674429764228,2021,2021-03-31,learned_order_extension,20260910,0.662221095013216,0.662221095013216,1,1
annual_net_quarter_head,2499,2021-05-14,2021-05-24,0.0045940519733895,2021,2021-03-31,learned_order_extension,20260910,0.6608444235250682,0.6608444235250682,1,1
annual_net_quarter_head,2504,2021-05-21,2021-05-31,0.0348855085126711,2021,2021-03-31,learned_order_extension,20260910,0.6035979425097289,0.6035979425097289,1,1
annual_net_quarter_head,2509,2021-05-28,2021-06-07,-0.0062409741861724,2021,2021-03-31,learned_order_extension,20260910,0.5081811334497929,0.5081811334497929,1,0
annual_net_quarter_head,2514,2021-06-04,2021-06-15,-0.0125508761771767,2021,2021-03-31,learned_order_extension,20260910,0.4483042959720704,0.4483042959720704,0,0
annual_net_quarter_head,2519,2021-06-11,2021-06-21,-0.0250011497424577,2021,2021-03-31,learned_order_extension,20260910,0.27897610693663166,0.27897610693663166,0,0
annual_net_quarter_head,2523,2021-06-18,2021-06-28,0.0325308711127356,2021,2021-03-31,learned_order_extension,20260910,0.2718517757002214,0.2718517757002214,0,1
annual_net_quarter_head,2528,2021-06-25,2021-07-05,-0.0342297962734196,2021,2021-03-31,learned_order_extension,20260910,0.3562167732498601,0.3562167732498601,0,0
annual_net_quarter_head,2473,2021-04-02,2021-04-12,-0.0292856811827044,2021,2021-03-31,learned_order_offset,20260910,0.5248545382030508,0.5248545382030508,1,0
annual_net_quarter_head,2477,2021-04-09,2021-04-19,-0.0120489836840408,2021,2021-03-31,learned_order_offset,20260910,0.6883781120707418,0.6883781120707418,1,0
annual_net_quarter_head,2482,2021-04-16,2021-04-26,0.0382932540809155,2021,2021-03-31,learned_order_offset,20260910,0.6229734114375032,0.6229734114375032,1,1
annual_net_quarter_head,2487,2021-04-23,2021-05-06,-0.0112070185917437,2021,2021-03-31,learned_order_offset,20260910,0.680590471577081,0.680590471577081,1,0
annual_net_quarter_head,2492,2021-04-30,2021-05-12,-0.0190946889464188,2021,2021-03-31,learned_order_offset,20260910,0.6434431829775155,0.6434431829775155,1,0
annual_net_quarter_head,2494,2021-05-07,2021-05-17,0.0227674429764228,2021,2021-03-31,learned_order_offset,20260910,0.6622442827577704,0.6622442827577704,1,1
annual_net_quarter_head,2499,2021-05-14,2021-05-24,0.0045940519733895,2021,2021-03-31,learned_order_offset,20260910,0.6607083049162701,0.6607083049162701,1,1
annual_net_quarter_head,2504,2021-05-21,2021-05-31,0.0348855085126711,2021,2021-03-31,learned_order_offset,20260910,0.6035702316616101,0.6035702316616101,1,1
annual_net_quarter_head,2509,2021-05-28,2021-06-07,-0.0062409741861724,2021,2021-03-31,learned_order_offset,20260910,0.5081768564577659,0.5081768564577659,1,0
annual_net_quarter_head,2514,2021-06-04,2021-06-15,-0.0125508761771767,2021,2021-03-31,learned_order_offset,20260910,0.44832161948548965,0.44832161948548965,0,0
annual_net_quarter_head,2519,2021-06-11,2021-06-21,-0.0250011497424577,2021,2021-03-31,learned_order_offset,20260910,0.27893212445303095,0.27893212445303095,0,0
annual_net_quarter_head,2523,2021-06-18,2021-06-28,0.0325308711127356,2021,2021-03-31,learned_order_offset,20260910,0.27181956723539646,0.27181956723539646,0,1
annual_net_quarter_head,2528,2021-06-25,2021-07-05,-0.0342297962734196,2021,2021-03-31,learned_order_offset,20260910,0.35620497616301156,0.35620497616301156,0,0
annual_net_quarter_head,2473,2021-04-02,2021-04-12,-0.0292856811827044,2021,2021-03-31,learned_market,20260911,0.6264178447590925,0.6264178447590925,1,0
annual_net_quarter_head,2477,2021-04-09,2021-04-19,-0.0120489836840408,2021,2021-03-31,learned_market,20260911,0.5376876008929206,0.5376876008929206,1,0
annual_net_quarter_head,2482,2021-04-16,2021-04-26,0.0382932540809155,2021,2021-03-31,learned_market,20260911,0.4914861103312914,0.4914861103312914,0,1
annual_net_quarter_head,2487,2021-04-23,2021-05-06,-0.0112070185917437,2021,2021-03-31,learned_market,20260911,0.5452552015558606,0.5452552015558606,1,0
annual_net_quarter_head,2492,2021-04-30,2021-05-12,-0.0190946889464188,2021,2021-03-31,learned_market,20260911,0.6891875412091804,0.6891875412091804,1,0
annual_net_quarter_head,2494,2021-05-07,2021-05-17,0.0227674429764228,2021,2021-03-31,learned_market,20260911,0.7489160303638183,0.7489160303638183,1,1
annual_net_quarter_head,2499,2021-05-14,2021-05-24,0.0045940519733895,2021,2021-03-31,learned_market,20260911,0.44195590676392155,0.44195590676392155,0,1
annual_net_quarter_head,2504,2021-05-21,2021-05-31,0.0348855085126711,2021,2021-03-31,learned_market,20260911,0.5967866670890315,0.5967866670890315,1,1
annual_net_quarter_head,2509,2021-05-28,2021-06-07,-0.0062409741861724,2021,2021-03-31,learned_market,20260911,0.5322036825315036,0.5322036825315036,1,0
annual_net_quarter_head,2514,2021-06-04,2021-06-15,-0.0125508761771767,2021,2021-03-31,learned_market,20260911,0.4204064986072613,0.4204064986072613,0,0
annual_net_quarter_head,2519,2021-06-11,2021-06-21,-0.0250011497424577,2021,2021-03-31,learned_market,20260911,0.24476874412596378,0.24476874412596378,0,0
annual_net_quarter_head,2523,2021-06-18,2021-06-28,0.0325308711127356,2021,2021-03-31,learned_market,20260911,0.43003616064546923,0.43003616064546923,0,1
annual_net_quarter_head,2528,2021-06-25,2021-07-05,-0.0342297962734196,2021,2021-03-31,learned_market,20260911,0.3879175174075542,0.3879175174075542,0,0
annual_net_quarter_head,2473,2021-04-02,2021-04-12,-0.0292856811827044,2021,2021-03-31,learned_vol_interaction,20260911,0.6157200348060335,0.6157200348060335,1,0
annual_net_quarter_head,2477,2021-04-09,2021-04-19,-0.0120489836840408,2021,2021-03-31,learned_vol_interaction,20260911,0.5378592526215912,0.5378592526215912,1,0
annual_net_quarter_head,2482,2021-04-16,2021-04-26,0.0382932540809155,2021,2021-03-31,learned_vol_interaction,20260911,0.49462565331543507,0.49462565331543507,0,1
annual_net_quarter_head,2487,2021-04-23,2021-05-06,-0.0112070185917437,2021,2021-03-31,learned_vol_interaction,20260911,0.5428814136363923,0.5428814136363923,1,0
annual_net_quarter_head,2492,2021-04-30,2021-05-12,-0.0190946889464188,2021,2021-03-31,learned_vol_interaction,20260911,0.6880350627239699,0.6880350627239699,1,0
annual_net_quarter_head,2494,2021-05-07,2021-05-17,0.0227674429764228,2021,2021-03-31,learned_vol_interaction,20260911,0.7488629749851229,0.7488629749851229,1,1
annual_net_quarter_head,2499,2021-05-14,2021-05-24,0.0045940519733895,2021,2021-03-31,learned_vol_interaction,20260911,0.4373984138118232,0.4373984138118232,0,1
annual_net_quarter_head,2504,2021-05-21,2021-05-31,0.0348855085126711,2021,2021-03-31,learned_vol_interaction,20260911,0.5993419319578663,0.5993419319578663,1,1
annual_net_quarter_head,2509,2021-05-28,2021-06-07,-0.0062409741861724,2021,2021-03-31,learned_vol_interaction,20260911,0.5293698717772629,0.5293698717772629,1,0
annual_net_quarter_head,2514,2021-06-04,2021-06-15,-0.0125508761771767,2021,2021-03-31,learned_vol_interaction,20260911,0.42157784899425443,0.42157784899425443,0,0
annual_net_quarter_head,2519,2021-06-11,2021-06-21,-0.0250011497424577,2021,2021-03-31,learned_vol_interaction,20260911,0.2432891423854981,0.2432891423854981,0,0
annual_net_quarter_head,2523,2021-06-18,2021-06-28,0.0325308711127356,2021,2021-03-31,learned_vol_interaction,20260911,0.42953010182846196,0.42953010182846196,0,1
annual_net_quarter_head,2528,2021-06-25,2021-07-05,-0.0342297962734196,2021,2021-03-31,learned_vol_interaction,20260911,0.377804922013053,0.377804922013053,0,0
annual_net_quarter_head,2473,2021-04-02,2021-04-12,-0.0292856811827044,2021,2021-03-31,learned_order_extension,20260911,0.6066863492898654,0.6066863492898654,1,0
annual_net_quarter_head,2477,2021-04-09,2021-04-19,-0.0120489836840408,2021,2021-03-31,learned_order_extension,20260911,0.5312677602252768,0.5312677602252768,1,0
annual_net_quarter_head,2482,2021-04-16,2021-04-26,0.0382932540809155,2021,2021-03-31,learned_order_extension,20260911,0.4685769718137798,0.4685769718137798,0,1
annual_net_quarter_head,2487,2021-04-23,2021-05-06,-0.0112070185917437,2021,2021-03-31,learned_order_extension,20260911,0.5276191788654347,0.5276191788654347,1,0
annual_net_quarter_head,2492,2021-04-30,2021-05-12,-0.0190946889464188,2021,2021-03-31,learned_order_extension,20260911,0.7117280793517679,0.7117280793517679,1,0
annual_net_quarter_head,2494,2021-05-07,2021-05-17,0.0227674429764228,2021,2021-03-31,learned_order_extension,20260911,0.7766785419122412,0.7766785419122412,1,1
annual_net_quarter_head,2499,2021-05-14,2021-05-24,0.0045940519733895,2021,2021-03-31,learned_order_extension,20260911,0.40249186202133624,0.40249186202133624,0,1
annual_net_quarter_head,2504,2021-05-21,2021-05-31,0.0348855085126711,2021,2021-03-31,learned_order_extension,20260911,0.5984045652545285,0.5984045652545285,1,1
annual_net_quarter_head,2509,2021-05-28,2021-06-07,-0.0062409741861724,2021,2021-03-31,learned_order_extension,20260911,0.534127596449879,0.534127596449879,1,0
annual_net_quarter_head,2514,2021-06-04,2021-06-15,-0.0125508761771767,2021,2021-03-31,learned_order_extension,20260911,0.39549000450441224,0.39549000450441224,0,0
annual_net_quarter_head,2519,2021-06-11,2021-06-21,-0.0250011497424577,2021,2021-03-31,learned_order_extension,20260911,0.1953565129758312,0.1953565129758312,0,0
annual_net_quarter_head,2523,2021-06-18,2021-06-28,0.0325308711127356,2021,2021-03-31,learned_order_extension,20260911,0.40499841278125254,0.40499841278125254,0,1
annual_net_quarter_head,2528,2021-06-25,2021-07-05,-0.0342297962734196,2021,2021-03-31,learned_order_extension,20260911,0.3669242750571138,0.3669242750571138,0,0
annual_net_quarter_head,2473,2021-04-02,2021-04-12,-0.0292856811827044,2021,2021-03-31,learned_order_offset,20260911,0.6060994875548843,0.6060994875548843,1,0
annual_net_quarter_head,2477,2021-04-09,2021-04-19,-0.0120489836840408,2021,2021-03-31,learned_order_offset,20260911,0.5308758284620388,0.5308758284620388,1,0
annual_net_quarter_head,2482,2021-04-16,2021-04-26,0.0382932540809155,2021,2021-03-31,learned_order_offset,20260911,0.46857395418365033,0.46857395418365033,0,1
annual_net_quarter_head,2487,2021-04-23,2021-05-06,-0.0112070185917437,2021,2021-03-31,learned_order_offset,20260911,0.5257095958598971,0.5257095958598971,1,0
annual_net_quarter_head,2492,2021-04-30,2021-05-12,-0.0190946889464188,2021,2021-03-31,learned_order_offset,20260911,0.7099955999254588,0.7099955999254588,1,0
annual_net_quarter_head,2494,2021-05-07,2021-05-17,0.0227674429764228,2021,2021-03-31,learned_order_offset,20260911,0.7750526383239752,0.7750526383239752,1,1
annual_net_quarter_head,2499,2021-05-14,2021-05-24,0.0045940519733895,2021,2021-03-31,learned_order_offset,20260911,0.40167385886966256,0.40167385886966256,0,1
annual_net_quarter_head,2504,2021-05-21,2021-05-31,0.0348855085126711,2021,2021-03-31,learned_order_offset,20260911,0.5974541960982539,0.5974541960982539,1,1
annual_net_quarter_head,2509,2021-05-28,2021-06-07,-0.0062409741861724,2021,2021-03-31,learned_order_offset,20260911,0.532963332255022,0.532963332255022,1,0
annual_net_quarter_head,2514,2021-06-04,2021-06-15,-0.0125508761771767,2021,2021-03-31,learned_order_offset,20260911,0.39609086552621814,0.39609086552621814,0,0
annual_net_quarter_head,2519,2021-06-11,2021-06-21,-0.0250011497424577,2021,2021-03-31,learned_order_offset,20260911,0.1963367114117606,0.1963367114117606,0,0
annual_net_quarter_head,2523,2021-06-18,2021-06-28,0.0325308711127356,2021,2021-03-31,learned_order_offset,20260911,0.40599800686657556,0.40599800686657556,0,1
annual_net_quarter_head,2528,2021-06-25,2021-07-05,-0.0342297962734196,2021,2021-03-31,learned_order_offset,20260911,0.36899371431473366,0.36899371431473366,0,0
annual_net_quarter_head,2473,2021-04-02,2021-04-12,-0.0292856811827044,2021,2021-03-31,learned_market,20260912,0.5359455214912652,0.5359455214912652,1,0
annual_net_quarter_head,2477,2021-04-09,2021-04-19,-0.0120489836840408,2021,2021-03-31,learned_market,20260912,0.7157426408599606,0.7157426408599606,1,0
annual_net_quarter_head,2482,2021-04-16,2021-04-26,0.0382932540809155,2021,2021-03-31,learned_market,20260912,0.5757850740296938,0.5757850740296938,1,1
annual_net_quarter_head,2487,2021-04-23,2021-05-06,-0.0112070185917437,2021,2021-03-31,learned_market,20260912,0.6769231200478684,0.6769231200478684,1,0
annual_net_quarter_head,2492,2021-04-30,2021-05-12,-0.0190946889464188,2021,2021-03-31,learned_market,20260912,0.4999491031292489,0.4999491031292489,0,0
annual_net_quarter_head,2494,2021-05-07,2021-05-17,0.0227674429764228,2021,2021-03-31,learned_market,20260912,0.6139098978861709,0.6139098978861709,1,1
annual_net_quarter_head,2499,2021-05-14,2021-05-24,0.0045940519733895,2021,2021-03-31,learned_market,20260912,0.4357300466905696,0.4357300466905696,0,1
annual_net_quarter_head,2504,2021-05-21,2021-05-31,0.0348855085126711,2021,2021-03-31,learned_market,20260912,0.5907282248080593,0.5907282248080593,1,1
annual_net_quarter_head,2509,2021-05-28,2021-06-07,-0.0062409741861724,2021,2021-03-31,learned_market,20260912,0.3390107613494392,0.3390107613494392,0,0
annual_net_quarter_head,2514,2021-06-04,2021-06-15,-0.0125508761771767,2021,2021-03-31,learned_market,20260912,0.28321993504489157,0.28321993504489157,0,0
annual_net_quarter_head,2519,2021-06-11,2021-06-21,-0.0250011497424577,2021,2021-03-31,learned_market,20260912,0.36088482740745764,0.36088482740745764,0,0
annual_net_quarter_head,2523,2021-06-18,2021-06-28,0.0325308711127356,2021,2021-03-31,learned_market,20260912,0.3544582753526192,0.3544582753526192,0,1
annual_net_quarter_head,2528,2021-06-25,2021-07-05,-0.0342297962734196,2021,2021-03-31,learned_market,20260912,0.23704244636101632,0.23704244636101632,0,0
annual_net_quarter_head,2473,2021-04-02,2021-04-12,-0.0292856811827044,2021,2021-03-31,learned_vol_interaction,20260912,0.534227810310858,0.534227810310858,1,0
annual_net_quarter_head,2477,2021-04-09,2021-04-19,-0.0120489836840408,2021,2021-03-31,learned_vol_interaction,20260912,0.7156852908713326,0.7156852908713326,1,0
annual_net_quarter_head,2482,2021-04-16,2021-04-26,0.0382932540809155,2021,2021-03-31,learned_vol_interaction,20260912,0.5735516467926054,0.5735516467926054,1,1
annual_net_quarter_head,2487,2021-04-23,2021-05-06,-0.0112070185917437,2021,2021-03-31,learned_vol_interaction,20260912,0.6758077287290586,0.6758077287290586,1,0
annual_net_quarter_head,2492,2021-04-30,2021-05-12,-0.0190946889464188,2021,2021-03-31,learned_vol_interaction,20260912,0.5001829998099251,0.5001829998099251,1,0
annual_net_quarter_head,2494,2021-05-07,2021-05-17,0.0227674429764228,2021,2021-03-31,learned_vol_interaction,20260912,0.6117260665726776,0.6117260665726776,1,1
annual_net_quarter_head,2499,2021-05-14,2021-05-24,0.0045940519733895,2021,2021-03-31,learned_vol_interaction,20260912,0.4365005265244886,0.4365005265244886,0,1
annual_net_quarter_head,2504,2021-05-21,2021-05-31,0.0348855085126711,2021,2021-03-31,learned_vol_interaction,20260912,0.5917693290334921,0.5917693290334921,1,1
annual_net_quarter_head,2509,2021-05-28,2021-06-07,-0.0062409741861724,2021,2021-03-31,learned_vol_interaction,20260912,0.3385253456882747,0.3385253456882747,0,0
annual_net_quarter_head,2514,2021-06-04,2021-06-15,-0.0125508761771767,2021,2021-03-31,learned_vol_interaction,20260912,0.2812633794502858,0.2812633794502858,0,0
annual_net_quarter_head,2519,2021-06-11,2021-06-21,-0.0250011497424577,2021,2021-03-31,learned_vol_interaction,20260912,0.3605307753944144,0.3605307753944144,0,0
annual_net_quarter_head,2523,2021-06-18,2021-06-28,0.0325308711127356,2021,2021-03-31,learned_vol_interaction,20260912,0.3537790608055603,0.3537790608055603,0,1
annual_net_quarter_head,2528,2021-06-25,2021-07-05,-0.0342297962734196,2021,2021-03-31,learned_vol_interaction,20260912,0.24308213807023277,0.24308213807023277,0,0
annual_net_quarter_head,2473,2021-04-02,2021-04-12,-0.0292856811827044,2021,2021-03-31,learned_order_extension,20260912,0.5356826181928102,0.5356826181928102,1,0
annual_net_quarter_head,2477,2021-04-09,2021-04-19,-0.0120489836840408,2021,2021-03-31,learned_order_extension,20260912,0.7231200677296107,0.7231200677296107,1,0
annual_net_quarter_head,2482,2021-04-16,2021-04-26,0.0382932540809155,2021,2021-03-31,learned_order_extension,20260912,0.5655866715707425,0.5655866715707425,1,1
annual_net_quarter_head,2487,2021-04-23,2021-05-06,-0.0112070185917437,2021,2021-03-31,learned_order_extension,20260912,0.6809893907714439,0.6809893907714439,1,0
annual_net_quarter_head,2492,2021-04-30,2021-05-12,-0.0190946889464188,2021,2021-03-31,learned_order_extension,20260912,0.48427563905586274,0.48427563905586274,0,0
annual_net_quarter_head,2494,2021-05-07,2021-05-17,0.0227674429764228,2021,2021-03-31,learned_order_extension,20260912,0.6044553348442758,0.6044553348442758,1,1
annual_net_quarter_head,2499,2021-05-14,2021-05-24,0.0045940519733895,2021,2021-03-31,learned_order_extension,20260912,0.3976340419044388,0.3976340419044388,0,1
annual_net_quarter_head,2504,2021-05-21,2021-05-31,0.0348855085126711,2021,2021-03-31,learned_order_extension,20260912,0.5841623063870314,0.5841623063870314,1,1
annual_net_quarter_head,2509,2021-05-28,2021-06-07,-0.0062409741861724,2021,2021-03-31,learned_order_extension,20260912,0.316655766609074,0.316655766609074,0,0
annual_net_quarter_head,2514,2021-06-04,2021-06-15,-0.0125508761771767,2021,2021-03-31,learned_order_extension,20260912,0.2517202353794759,0.2517202353794759,0,0
annual_net_quarter_head,2519,2021-06-11,2021-06-21,-0.0250011497424577,2021,2021-03-31,learned_order_extension,20260912,0.33318019132679316,0.33318019132679316,0,0
annual_net_quarter_head,2523,2021-06-18,2021-06-28,0.0325308711127356,2021,2021-03-31,learned_order_extension,20260912,0.3330178838378017,0.3330178838378017,0,1
annual_net_quarter_head,2528,2021-06-25,2021-07-05,-0.0342297962734196,2021,2021-03-31,learned_order_extension,20260912,0.21584114423409445,0.21584114423409445,0,0
annual_net_quarter_head,2473,2021-04-02,2021-04-12,-0.0292856811827044,2021,2021-03-31,learned_order_offset,20260912,0.5355641399818412,0.5355641399818412,1,0
annual_net_quarter_head,2477,2021-04-09,2021-04-19,-0.0120489836840408,2021,2021-03-31,learned_order_offset,20260912,0.7227622894512614,0.7227622894512614,1,0
annual_net_quarter_head,2482,2021-04-16,2021-04-26,0.0382932540809155,2021,2021-03-31,learned_order_offset,20260912,0.5650428588330481,0.5650428588330481,1,1
annual_net_quarter_head,2487,2021-04-23,2021-05-06,-0.0112070185917437,2021,2021-03-31,learned_order_offset,20260912,0.6801385095327027,0.6801385095327027,1,0
annual_net_quarter_head,2492,2021-04-30,2021-05-12,-0.0190946889464188,2021,2021-03-31,learned_order_offset,20260912,0.48392434166080067,0.48392434166080067,0,0
annual_net_quarter_head,2494,2021-05-07,2021-05-17,0.0227674429764228,2021,2021-03-31,learned_order_offset,20260912,0.6026350725244061,0.6026350725244061,1,1
annual_net_quarter_head,2499,2021-05-14,2021-05-24,0.0045940519733895,2021,2021-03-31,learned_order_offset,20260912,0.3954410480677604,0.3954410480677604,0,1
annual_net_quarter_head,2504,2021-05-21,2021-05-31,0.0348855085126711,2021,2021-03-31,learned_order_offset,20260912,0.5823647936757532,0.5823647936757532,1,1
annual_net_quarter_head,2509,2021-05-28,2021-06-07,-0.0062409741861724,2021,2021-03-31,learned_order_offset,20260912,0.31539762443028785,0.31539762443028785,0,0
annual_net_quarter_head,2514,2021-06-04,2021-06-15,-0.0125508761771767,2021,2021-03-31,learned_order_offset,20260912,0.25184968543069913,0.25184968543069913,0,0
annual_net_quarter_head,2519,2021-06-11,2021-06-21,-0.0250011497424577,2021,2021-03-31,learned_order_offset,20260912,0.3330794071709863,0.3330794071709863,0,0
annual_net_quarter_head,2523,2021-06-18,2021-06-28,0.0325308711127356,2021,2021-03-31,learned_order_offset,20260912,0.33198524491893333,0.33198524491893333,0,1
annual_net_quarter_head,2528,2021-06-25,2021-07-05,-0.0342297962734196,2021,2021-03-31,learned_order_offset,20260912,0.2152635259674896,0.2152635259674896,0,0
annual_net_quarter_head,2533,2021-07-02,2021-07-12,0.0068193733271841,2021,2021-06-30,learned_market,20260910,0.3969052817115324,0.3969052817115324,0,1
annual_net_quarter_head,2538,2021-07-09,2021-07-19,-0.0048254045313779,2021,2021-06-30,learned_market,20260910,0.43096091533979297,0.43096091533979297,0,0
annual_net_quarter_head,2543,2021-07-16,2021-07-26,-0.0032299118953994,2021,2021-06-30,learned_market,20260910,0.41832641170395307,0.41832641170395307,0,0
annual_net_quarter_head,2548,2021-07-23,2021-08-02,-0.0537740931579083,2021,2021-06-30,learned_market,20260910,0.5282143585896287,0.5282143585896287,1,0
annual_net_quarter_head,2553,2021-07-30,2021-08-09,0.019904813945049,2021,2021-06-30,learned_market,20260910,0.5309144898719079,0.5309144898719079,1,1
annual_net_quarter_head,2558,2021-08-06,2021-08-16,0.0093369268709639,2021,2021-06-30,learned_market,20260910,0.47173521784078914,0.47173521784078914,0,1
annual_net_quarter_head,2563,2021-08-13,2021-08-23,-0.032048736608373,2021,2021-06-30,learned_market,20260910,0.4060860667007888,0.4060860667007888,0,0
annual_net_quarter_head,2568,2021-08-20,2021-08-30,0.0145047962107527,2021,2021-06-30,learned_market,20260910,0.43400488620988625,0.43400488620988625,0,1
annual_net_quarter_head,2573,2021-08-27,2021-09-06,-0.0012316820816045,2021,2021-06-30,learned_market,20260910,0.5459322504741532,0.5459322504741532,1,0
annual_net_quarter_head,2578,2021-09-03,2021-09-13,0.0342301066295398,2021,2021-06-30,learned_market,20260910,0.6353782844174892,0.6353782844174892,1,1
annual_net_quarter_head,2583,2021-09-10,2021-09-22,-0.0471441667981554,2021,2021-06-30,learned_market,20260910,0.6563572334957837,0.6563572334957837,1,0
annual_net_quarter_head,2588,2021-09-17,2021-09-28,0.0209863060789441,2021,2021-06-30,learned_market,20260910,0.6679006946993074,0.6679006946993074,1,1
annual_net_quarter_head,2591,2021-09-24,2021-10-11,0.0144615416200457,2021,2021-06-30,learned_market,20260910,0.7066450559642578,0.7066450559642578,1,1
annual_net_quarter_head,2533,2021-07-02,2021-07-12,0.0068193733271841,2021,2021-06-30,learned_vol_interaction,20260910,0.3636419073008913,0.3636419073008913,0,1
annual_net_quarter_head,2538,2021-07-09,2021-07-19,-0.0048254045313779,2021,2021-06-30,learned_vol_interaction,20260910,0.3659117947546324,0.3659117947546324,0,0
annual_net_quarter_head,2543,2021-07-16,2021-07-26,-0.0032299118953994,2021,2021-06-30,learned_vol_interaction,20260910,0.3692253226664965,0.3692253226664965,0,0
annual_net_quarter_head,2548,2021-07-23,2021-08-02,-0.0537740931579083,2021,2021-06-30,learned_vol_interaction,20260910,0.5120757850765038,0.5120757850765038,1,0
annual_net_quarter_head,2553,2021-07-30,2021-08-09,0.019904813945049,2021,2021-06-30,learned_vol_interaction,20260910,0.5096626358677642,0.5096626358677642,1,1
annual_net_quarter_head,2558,2021-08-06,2021-08-16,0.0093369268709639,2021,2021-06-30,learned_vol_interaction,20260910,0.48059590177041,0.48059590177041,0,1
annual_net_quarter_head,2563,2021-08-13,2021-08-23,-0.032048736608373,2021,2021-06-30,learned_vol_interaction,20260910,0.46493494374231076,0.46493494374231076,0,0
annual_net_quarter_head,2568,2021-08-20,2021-08-30,0.0145047962107527,2021,2021-06-30,learned_vol_interaction,20260910,0.48638682956928436,0.48638682956928436,0,1
annual_net_quarter_head,2573,2021-08-27,2021-09-06,-0.0012316820816045,2021,2021-06-30,learned_vol_interaction,20260910,0.5530966601214897,0.5530966601214897,1,0
annual_net_quarter_head,2578,2021-09-03,2021-09-13,0.0342301066295398,2021,2021-06-30,learned_vol_interaction,20260910,0.6111134513382388,0.6111134513382388,1,1
annual_net_quarter_head,2583,2021-09-10,2021-09-22,-0.0471441667981554,2021,2021-06-30,learned_vol_interaction,20260910,0.6329046881212259,0.6329046881212259,1,0
annual_net_quarter_head,2588,2021-09-17,2021-09-28,0.0209863060789441,2021,2021-06-30,learned_vol_interaction,20260910,0.6924431995187489,0.6924431995187489,1,1
annual_net_quarter_head,2591,2021-09-24,2021-10-11,0.0144615416200457,2021,2021-06-30,learned_vol_interaction,20260910,0.7401761734314365,0.7401761734314365,1,1
annual_net_quarter_head,2533,2021-07-02,2021-07-12,0.0068193733271841,2021,2021-06-30,learned_order_extension,20260910,0.35901982679793537,0.35901982679793537,0,1
annual_net_quarter_head,2538,2021-07-09,2021-07-19,-0.0048254045313779,2021,2021-06-30,learned_order_extension,20260910,0.35987952735133166,0.35987952735133166,0,0
annual_net_quarter_head,2543,2021-07-16,2021-07-26,-0.0032299118953994,2021,2021-06-30,learned_order_extension,20260910,0.3606310214275257,0.3606310214275257,0,0
annual_net_quarter_head,2548,2021-07-23,2021-08-02,-0.0537740931579083,2021,2021-06-30,learned_order_extension,20260910,0.5093390693663088,0.5093390693663088,1,0
annual_net_quarter_head,2553,2021-07-30,2021-08-09,0.019904813945049,2021,2021-06-30,learned_order_extension,20260910,0.5100871001872012,0.5100871001872012,1,1
annual_net_quarter_head,2558,2021-08-06,2021-08-16,0.0093369268709639,2021,2021-06-30,learned_order_extension,20260910,0.47608037592087193,0.47608037592087193,0,1
annual_net_quarter_head,2563,2021-08-13,2021-08-23,-0.032048736608373,2021,2021-06-30,learned_order_extension,20260910,0.4615858609619161,0.4615858609619161,0,0
annual_net_quarter_head,2568,2021-08-20,2021-08-30,0.0145047962107527,2021,2021-06-30,learned_order_extension,20260910,0.48453557972337263,0.48453557972337263,0,1
annual_net_quarter_head,2573,2021-08-27,2021-09-06,-0.0012316820816045,2021,2021-06-30,learned_order_extension,20260910,0.5539765912147282,0.5539765912147282,1,0
annual_net_quarter_head,2578,2021-09-03,2021-09-13,0.0342301066295398,2021,2021-06-30,learned_order_extension,20260910,0.6136776046274713,0.6136776046274713,1,1
annual_net_quarter_head,2583,2021-09-10,2021-09-22,-0.0471441667981554,2021,2021-06-30,learned_order_extension,20260910,0.6383364604202116,0.6383364604202116,1,0
annual_net_quarter_head,2588,2021-09-17,2021-09-28,0.0209863060789441,2021,2021-06-30,learned_order_extension,20260910,0.6987102250063187,0.6987102250063187,1,1
annual_net_quarter_head,2591,2021-09-24,2021-10-11,0.0144615416200457,2021,2021-06-30,learned_order_extension,20260910,0.7502271277021285,0.7502271277021285,1,1
annual_net_quarter_head,2533,2021-07-02,2021-07-12,0.0068193733271841,2021,2021-06-30,learned_order_offset,20260910,0.3590380957052735,0.3590380957052735,0,1
annual_net_quarter_head,2538,2021-07-09,2021-07-19,-0.0048254045313779,2021,2021-06-30,learned_order_offset,20260910,0.35995762925709074,0.35995762925709074,0,0
annual_net_quarter_head,2543,2021-07-16,2021-07-26,-0.0032299118953994,2021,2021-06-30,learned_order_offset,20260910,0.3607107108569833,0.3607107108569833,0,0
annual_net_quarter_head,2548,2021-07-23,2021-08-02,-0.0537740931579083,2021,2021-06-30,learned_order_offset,20260910,0.5094446439124695,0.5094446439124695,1,0
annual_net_quarter_head,2553,2021-07-30,2021-08-09,0.019904813945049,2021,2021-06-30,learned_order_offset,20260910,0.5101946169659539,0.5101946169659539,1,1
annual_net_quarter_head,2558,2021-08-06,2021-08-16,0.0093369268709639,2021,2021-06-30,learned_order_offset,20260910,0.476106772072388,0.476106772072388,0,1
annual_net_quarter_head,2563,2021-08-13,2021-08-23,-0.032048736608373,2021,2021-06-30,learned_order_offset,20260910,0.4615682239708445,0.4615682239708445,0,0
annual_net_quarter_head,2568,2021-08-20,2021-08-30,0.0145047962107527,2021,2021-06-30,learned_order_offset,20260910,0.48449865130018416,0.48449865130018416,0,1
annual_net_quarter_head,2573,2021-08-27,2021-09-06,-0.0012316820816045,2021,2021-06-30,learned_order_offset,20260910,0.553805518802935,0.553805518802935,1,0
annual_net_quarter_head,2578,2021-09-03,2021-09-13,0.0342301066295398,2021,2021-06-30,learned_order_offset,20260910,0.6136617949677619,0.6136617949677619,1,1
annual_net_quarter_head,2583,2021-09-10,2021-09-22,-0.0471441667981554,2021,2021-06-30,learned_order_offset,20260910,0.6383069392583369,0.6383069392583369,1,0
annual_net_quarter_head,2588,2021-09-17,2021-09-28,0.0209863060789441,2021,2021-06-30,learned_order_offset,20260910,0.6985891853230758,0.6985891853230758,1,1
annual_net_quarter_head,2591,2021-09-24,2021-10-11,0.0144615416200457,2021,2021-06-30,learned_order_offset,20260910,0.7501494908160216,0.7501494908160216,1,1
annual_net_quarter_head,2533,2021-07-02,2021-07-12,0.0068193733271841,2021,2021-06-30,learned_market,20260911,0.44748675610722977,0.44748675610722977,0,1
annual_net_quarter_head,2538,2021-07-09,2021-07-19,-0.0048254045313779,2021,2021-06-30,learned_market,20260911,0.22093466255384556,0.22093466255384556,0,0
annual_net_quarter_head,2543,2021-07-16,2021-07-26,-0.0032299118953994,2021,2021-06-30,learned_market,20260911,0.3922817672427165,0.3922817672427165,0,0
annual_net_quarter_head,2548,2021-07-23,2021-08-02,-0.0537740931579083,2021,2021-06-30,learned_market,20260911,0.4222922053313583,0.4222922053313583,0,0
annual_net_quarter_head,2553,2021-07-30,2021-08-09,0.019904813945049,2021,2021-06-30,learned_market,20260911,0.5498228994991856,0.5498228994991856,1,1
annual_net_quarter_head,2558,2021-08-06,2021-08-16,0.0093369268709639,2021,2021-06-30,learned_market,20260911,0.6312250080184288,0.6312250080184288,1,1
annual_net_quarter_head,2563,2021-08-13,2021-08-23,-0.032048736608373,2021,2021-06-30,learned_market,20260911,0.586219724126623,0.586219724126623,1,0
annual_net_quarter_head,2568,2021-08-20,2021-08-30,0.0145047962107527,2021,2021-06-30,learned_market,20260911,0.5207429364399772,0.5207429364399772,1,1
annual_net_quarter_head,2573,2021-08-27,2021-09-06,-0.0012316820816045,2021,2021-06-30,learned_market,20260911,0.7665654457272845,0.7665654457272845,1,0
annual_net_quarter_head,2578,2021-09-03,2021-09-13,0.0342301066295398,2021,2021-06-30,learned_market,20260911,0.7127030755214646,0.7127030755214646,1,1
annual_net_quarter_head,2583,2021-09-10,2021-09-22,-0.0471441667981554,2021,2021-06-30,learned_market,20260911,0.7463414989541216,0.7463414989541216,1,0
annual_net_quarter_head,2588,2021-09-17,2021-09-28,0.0209863060789441,2021,2021-06-30,learned_market,20260911,0.762725700385168,0.762725700385168,1,1
annual_net_quarter_head,2591,2021-09-24,2021-10-11,0.0144615416200457,2021,2021-06-30,learned_market,20260911,0.6408074842594844,0.6408074842594844,1,1
annual_net_quarter_head,2533,2021-07-02,2021-07-12,0.0068193733271841,2021,2021-06-30,learned_vol_interaction,20260911,0.4481128637686554,0.4481128637686554,0,1
annual_net_quarter_head,2538,2021-07-09,2021-07-19,-0.0048254045313779,2021,2021-06-30,learned_vol_interaction,20260911,0.21459223880026626,0.21459223880026626,0,0
annual_net_quarter_head,2543,2021-07-16,2021-07-26,-0.0032299118953994,2021,2021-06-30,learned_vol_interaction,20260911,0.39096542063442463,0.39096542063442463,0,0
annual_net_quarter_head,2548,2021-07-23,2021-08-02,-0.0537740931579083,2021,2021-06-30,learned_vol_interaction,20260911,0.4174908835681823,0.4174908835681823,0,0
annual_net_quarter_head,2553,2021-07-30,2021-08-09,0.019904813945049,2021,2021-06-30,learned_vol_interaction,20260911,0.5430507585864505,0.5430507585864505,1,1
annual_net_quarter_head,2558,2021-08-06,2021-08-16,0.0093369268709639,2021,2021-06-30,learned_vol_interaction,20260911,0.6254943367718852,0.6254943367718852,1,1
annual_net_quarter_head,2563,2021-08-13,2021-08-23,-0.032048736608373,2021,2021-06-30,learned_vol_interaction,20260911,0.5818883266298639,0.5818883266298639,1,0
annual_net_quarter_head,2568,2021-08-20,2021-08-30,0.0145047962107527,2021,2021-06-30,learned_vol_interaction,20260911,0.5304838023674469,0.5304838023674469,1,1
annual_net_quarter_head,2573,2021-08-27,2021-09-06,-0.0012316820816045,2021,2021-06-30,learned_vol_interaction,20260911,0.7605274899607246,0.7605274899607246,1,0
annual_net_quarter_head,2578,2021-09-03,2021-09-13,0.0342301066295398,2021,2021-06-30,learned_vol_interaction,20260911,0.7116482239776684,0.7116482239776684,1,1
annual_net_quarter_head,2583,2021-09-10,2021-09-22,-0.0471441667981554,2021,2021-06-30,learned_vol_interaction,20260911,0.7375033582487045,0.7375033582487045,1,0
annual_net_quarter_head,2588,2021-09-17,2021-09-28,0.0209863060789441,2021,2021-06-30,learned_vol_interaction,20260911,0.7624333318240879,0.7624333318240879,1,1
annual_net_quarter_head,2591,2021-09-24,2021-10-11,0.0144615416200457,2021,2021-06-30,learned_vol_interaction,20260911,0.6383551578574754,0.6383551578574754,1,1
annual_net_quarter_head,2533,2021-07-02,2021-07-12,0.0068193733271841,2021,2021-06-30,learned_order_extension,20260911,0.4235944884714309,0.4235944884714309,0,1
annual_net_quarter_head,2538,2021-07-09,2021-07-19,-0.0048254045313779,2021,2021-06-30,learned_order_extension,20260911,0.13707065796063128,0.13707065796063128,0,0
annual_net_quarter_head,2543,2021-07-16,2021-07-26,-0.0032299118953994,2021,2021-06-30,learned_order_extension,20260911,0.3217469565639461,0.3217469565639461,0,0
annual_net_quarter_head,2548,2021-07-23,2021-08-02,-0.0537740931579083,2021,2021-06-30,learned_order_extension,20260911,0.37274666042621474,0.37274666042621474,0,0
annual_net_quarter_head,2553,2021-07-30,2021-08-09,0.019904813945049,2021,2021-06-30,learned_order_extension,20260911,0.5227233794624236,0.5227233794624236,1,1
annual_net_quarter_head,2558,2021-08-06,2021-08-16,0.0093369268709639,2021,2021-06-30,learned_order_extension,20260911,0.6230413988572251,0.6230413988572251,1,1
annual_net_quarter_head,2563,2021-08-13,2021-08-23,-0.032048736608373,2021,2021-06-30,learned_order_extension,20260911,0.5774262173850775,0.5774262173850775,1,0
annual_net_quarter_head,2568,2021-08-20,2021-08-30,0.0145047962107527,2021,2021-06-30,learned_order_extension,20260911,0.5177911795729103,0.5177911795729103,1,1
annual_net_quarter_head,2573,2021-08-27,2021-09-06,-0.0012316820816045,2021,2021-06-30,learned_order_extension,20260911,0.7781719576637287,0.7781719576637287,1,0
annual_net_quarter_head,2578,2021-09-03,2021-09-13,0.0342301066295398,2021,2021-06-30,learned_order_extension,20260911,0.7348299448790488,0.7348299448790488,1,1
annual_net_quarter_head,2583,2021-09-10,2021-09-22,-0.0471441667981554,2021,2021-06-30,learned_order_extension,20260911,0.7855116923760002,0.7855116923760002,1,0
annual_net_quarter_head,2588,2021-09-17,2021-09-28,0.0209863060789441,2021,2021-06-30,learned_order_extension,20260911,0.8137296299485569,0.8137296299485569,1,1
annual_net_quarter_head,2591,2021-09-24,2021-10-11,0.0144615416200457,2021,2021-06-30,learned_order_extension,20260911,0.6677794070494701,0.6677794070494701,1,1
annual_net_quarter_head,2533,2021-07-02,2021-07-12,0.0068193733271841,2021,2021-06-30,learned_order_offset,20260911,0.424514959390413,0.424514959390413,0,1
annual_net_quarter_head,2538,2021-07-09,2021-07-19,-0.0048254045313779,2021,2021-06-30,learned_order_offset,20260911,0.1387024740436529,0.1387024740436529,0,0
annual_net_quarter_head,2543,2021-07-16,2021-07-26,-0.0032299118953994,2021,2021-06-30,learned_order_offset,20260911,0.3224739435186854,0.3224739435186854,0,0
annual_net_quarter_head,2548,2021-07-23,2021-08-02,-0.0537740931579083,2021,2021-06-30,learned_order_offset,20260911,0.3733686552784607,0.3733686552784607,0,0
annual_net_quarter_head,2553,2021-07-30,2021-08-09,0.019904813945049,2021,2021-06-30,learned_order_offset,20260911,0.5216369402783301,0.5216369402783301,1,1
annual_net_quarter_head,2558,2021-08-06,2021-08-16,0.0093369268709639,2021,2021-06-30,learned_order_offset,20260911,0.6222460812974739,0.6222460812974739,1,1
annual_net_quarter_head,2563,2021-08-13,2021-08-23,-0.032048736608373,2021,2021-06-30,learned_order_offset,20260911,0.5766413992793753,0.5766413992793753,1,0
annual_net_quarter_head,2568,2021-08-20,2021-08-30,0.0145047962107527,2021,2021-06-30,learned_order_offset,20260911,0.5170925050572306,0.5170925050572306,1,1
annual_net_quarter_head,2573,2021-08-27,2021-09-06,-0.0012316820816045,2021,2021-06-30,learned_order_offset,20260911,0.776491156691437,0.776491156691437,1,0
annual_net_quarter_head,2578,2021-09-03,2021-09-13,0.0342301066295398,2021,2021-06-30,learned_order_offset,20260911,0.7329458092231632,0.7329458092231632,1,1
annual_net_quarter_head,2583,2021-09-10,2021-09-22,-0.0471441667981554,2021,2021-06-30,learned_order_offset,20260911,0.7842020042929795,0.7842020042929795,1,0
annual_net_quarter_head,2588,2021-09-17,2021-09-28,0.0209863060789441,2021,2021-06-30,learned_order_offset,20260911,0.8122960056542518,0.8122960056542518,1,1
annual_net_quarter_head,2591,2021-09-24,2021-10-11,0.0144615416200457,2021,2021-06-30,learned_order_offset,20260911,0.6667945841331697,0.6667945841331697,1,1
annual_net_quarter_head,2533,2021-07-02,2021-07-12,0.0068193733271841,2021,2021-06-30,learned_market,20260912,0.5633940661060636,0.5633940661060636,1,1
annual_net_quarter_head,2538,2021-07-09,2021-07-19,-0.0048254045313779,2021,2021-06-30,learned_market,20260912,0.6682280875159841,0.6682280875159841,1,0
annual_net_quarter_head,2543,2021-07-16,2021-07-26,-0.0032299118953994,2021,2021-06-30,learned_market,20260912,0.4645347631889242,0.4645347631889242,0,0
annual_net_quarter_head,2548,2021-07-23,2021-08-02,-0.0537740931579083,2021,2021-06-30,learned_market,20260912,0.676589948376898,0.676589948376898,1,0
annual_net_quarter_head,2553,2021-07-30,2021-08-09,0.019904813945049,2021,2021-06-30,learned_market,20260912,0.640590024324045,0.640590024324045,1,1
annual_net_quarter_head,2558,2021-08-06,2021-08-16,0.0093369268709639,2021,2021-06-30,learned_market,20260912,0.5621717237677079,0.5621717237677079,1,1
annual_net_quarter_head,2563,2021-08-13,2021-08-23,-0.032048736608373,2021,2021-06-30,learned_market,20260912,0.8124951728589117,0.8124951728589117,1,0
annual_net_quarter_head,2568,2021-08-20,2021-08-30,0.0145047962107527,2021,2021-06-30,learned_market,20260912,0.6281328125170157,0.6281328125170157,1,1
annual_net_quarter_head,2573,2021-08-27,2021-09-06,-0.0012316820816045,2021,2021-06-30,learned_market,20260912,0.6270808777256658,0.6270808777256658,1,0
annual_net_quarter_head,2578,2021-09-03,2021-09-13,0.0342301066295398,2021,2021-06-30,learned_market,20260912,0.5098129802875699,0.5098129802875699,1,1
annual_net_quarter_head,2583,2021-09-10,2021-09-22,-0.0471441667981554,2021,2021-06-30,learned_market,20260912,0.528923118103905,0.528923118103905,1,0
annual_net_quarter_head,2588,2021-09-17,2021-09-28,0.0209863060789441,2021,2021-06-30,learned_market,20260912,0.51961162479105,0.51961162479105,1,1
annual_net_quarter_head,2591,2021-09-24,2021-10-11,0.0144615416200457,2021,2021-06-30,learned_market,20260912,0.4093524486282003,0.4093524486282003,0,1
annual_net_quarter_head,2533,2021-07-02,2021-07-12,0.0068193733271841,2021,2021-06-30,learned_vol_interaction,20260912,0.5681941922802445,0.5681941922802445,1,1
annual_net_quarter_head,2538,2021-07-09,2021-07-19,-0.0048254045313779,2021,2021-06-30,learned_vol_interaction,20260912,0.6763165947420021,0.6763165947420021,1,0
annual_net_quarter_head,2543,2021-07-16,2021-07-26,-0.0032299118953994,2021,2021-06-30,learned_vol_interaction,20260912,0.47705500150911706,0.47705500150911706,0,0
annual_net_quarter_head,2548,2021-07-23,2021-08-02,-0.0537740931579083,2021,2021-06-30,learned_vol_interaction,20260912,0.6828689449756042,0.6828689449756042,1,0
annual_net_quarter_head,2553,2021-07-30,2021-08-09,0.019904813945049,2021,2021-06-30,learned_vol_interaction,20260912,0.6473850224909999,0.6473850224909999,1,1
annual_net_quarter_head,2558,2021-08-06,2021-08-16,0.0093369268709639,2021,2021-06-30,learned_vol_interaction,20260912,0.5689366538542617,0.5689366538542617,1,1
annual_net_quarter_head,2563,2021-08-13,2021-08-23,-0.032048736608373,2021,2021-06-30,learned_vol_interaction,20260912,0.8305065571668133,0.8305065571668133,1,0
annual_net_quarter_head,2568,2021-08-20,2021-08-30,0.0145047962107527,2021,2021-06-30,learned_vol_interaction,20260912,0.6328668827474706,0.6328668827474706,1,1
annual_net_quarter_head,2573,2021-08-27,2021-09-06,-0.0012316820816045,2021,2021-06-30,learned_vol_interaction,20260912,0.6289365659779367,0.6289365659779367,1,0
annual_net_quarter_head,2578,2021-09-03,2021-09-13,0.0342301066295398,2021,2021-06-30,learned_vol_interaction,20260912,0.5144911730910665,0.5144911730910665,1,1
annual_net_quarter_head,2583,2021-09-10,2021-09-22,-0.0471441667981554,2021,2021-06-30,learned_vol_interaction,20260912,0.5316559587275931,0.5316559587275931,1,0
annual_net_quarter_head,2588,2021-09-17,2021-09-28,0.0209863060789441,2021,2021-06-30,learned_vol_interaction,20260912,0.5176487557738029,0.5176487557738029,1,1
annual_net_quarter_head,2591,2021-09-24,2021-10-11,0.0144615416200457,2021,2021-06-30,learned_vol_interaction,20260912,0.41261470606360356,0.41261470606360356,0,1
annual_net_quarter_head,2533,2021-07-02,2021-07-12,0.0068193733271841,2021,2021-06-30,learned_order_extension,20260912,0.566949061901137,0.566949061901137,1,1
annual_net_quarter_head,2538,2021-07-09,2021-07-19,-0.0048254045313779,2021,2021-06-30,learned_order_extension,20260912,0.6874865513053589,0.6874865513053589,1,0
annual_net_quarter_head,2543,2021-07-16,2021-07-26,-0.0032299118953994,2021,2021-06-30,learned_order_extension,20260912,0.4634124184573478,0.4634124184573478,0,0
annual_net_quarter_head,2548,2021-07-23,2021-08-02,-0.0537740931579083,2021,2021-06-30,learned_order_extension,20260912,0.689418626855397,0.689418626855397,1,0
annual_net_quarter_head,2553,2021-07-30,2021-08-09,0.019904813945049,2021,2021-06-30,learned_order_extension,20260912,0.649221635418391,0.649221635418391,1,1
annual_net_quarter_head,2558,2021-08-06,2021-08-16,0.0093369268709639,2021,2021-06-30,learned_order_extension,20260912,0.567528210495485,0.567528210495485,1,1
annual_net_quarter_head,2563,2021-08-13,2021-08-23,-0.032048736608373,2021,2021-06-30,learned_order_extension,20260912,0.8355133222938106,0.8355133222938106,1,0
annual_net_quarter_head,2568,2021-08-20,2021-08-30,0.0145047962107527,2021,2021-06-30,learned_order_extension,20260912,0.6327236516223866,0.6327236516223866,1,1
annual_net_quarter_head,2573,2021-08-27,2021-09-06,-0.0012316820816045,2021,2021-06-30,learned_order_extension,20260912,0.6265442177932621,0.6265442177932621,1,0
annual_net_quarter_head,2578,2021-09-03,2021-09-13,0.0342301066295398,2021,2021-06-30,learned_order_extension,20260912,0.5078004903279579,0.5078004903279579,1,1
annual_net_quarter_head,2583,2021-09-10,2021-09-22,-0.0471441667981554,2021,2021-06-30,learned_order_extension,20260912,0.5254946082685097,0.5254946082685097,1,0
annual_net_quarter_head,2588,2021-09-17,2021-09-28,0.0209863060789441,2021,2021-06-30,learned_order_extension,20260912,0.5042795465650894,0.5042795465650894,1,1
annual_net_quarter_head,2591,2021-09-24,2021-10-11,0.0144615416200457,2021,2021-06-30,learned_order_extension,20260912,0.3860961901391907,0.3860961901391907,0,1
annual_net_quarter_head,2533,2021-07-02,2021-07-12,0.0068193733271841,2021,2021-06-30,learned_order_offset,20260912,0.5672176579191456,0.5672176579191456,1,1
annual_net_quarter_head,2538,2021-07-09,2021-07-19,-0.0048254045313779,2021,2021-06-30,learned_order_offset,20260912,0.6875788332496987,0.6875788332496987,1,0
annual_net_quarter_head,2543,2021-07-16,2021-07-26,-0.0032299118953994,2021,2021-06-30,learned_order_offset,20260912,0.4628671770484269,0.4628671770484269,0,0
annual_net_quarter_head,2548,2021-07-23,2021-08-02,-0.0537740931579083,2021,2021-06-30,learned_order_offset,20260912,0.6891004259257872,0.6891004259257872,1,0
annual_net_quarter_head,2553,2021-07-30,2021-08-09,0.019904813945049,2021,2021-06-30,learned_order_offset,20260912,0.649419065778437,0.649419065778437,1,1
annual_net_quarter_head,2558,2021-08-06,2021-08-16,0.0093369268709639,2021,2021-06-30,learned_order_offset,20260912,0.5674386044092855,0.5674386044092855,1,1
annual_net_quarter_head,2563,2021-08-13,2021-08-23,-0.032048736608373,2021,2021-06-30,learned_order_offset,20260912,0.8348412914749113,0.8348412914749113,1,0
annual_net_quarter_head,2568,2021-08-20,2021-08-30,0.0145047962107527,2021,2021-06-30,learned_order_offset,20260912,0.6325348330551175,0.6325348330551175,1,1
annual_net_quarter_head,2573,2021-08-27,2021-09-06,-0.0012316820816045,2021,2021-06-30,learned_order_offset,20260912,0.6262123877049821,0.6262123877049821,1,0
annual_net_quarter_head,2578,2021-09-03,2021-09-13,0.0342301066295398,2021,2021-06-30,learned_order_offset,20260912,0.5075730562581762,0.5075730562581762,1,1
annual_net_quarter_head,2583,2021-09-10,2021-09-22,-0.0471441667981554,2021,2021-06-30,learned_order_offset,20260912,0.5249352592403682,0.5249352592403682,1,0
annual_net_quarter_head,2588,2021-09-17,2021-09-28,0.0209863060789441,2021,2021-06-30,learned_order_offset,20260912,0.5037639111973119,0.5037639111973119,1,1
annual_net_quarter_head,2591,2021-09-24,2021-10-11,0.0144615416200457,2021,2021-06-30,learned_order_offset,20260912,0.3864622524143454,0.3864622524143454,0,1
annual_net_quarter_head,2596,2021-10-08,2021-10-18,-0.0038006269617851,2021,2021-09-30,learned_market,20260910,0.6729209622949334,0.6729209622949334,1,0
annual_net_quarter_head,2601,2021-10-15,2021-10-25,0.0037358989621147,2021,2021-09-30,learned_market,20260910,0.6685747848170832,0.6685747848170832,1,1
annual_net_quarter_head,2606,2021-10-22,2021-11-01,-0.0127041632091318,2021,2021-09-30,learned_market,20260910,0.6145389448570722,0.6145389448570722,1,0
annual_net_quarter_head,2611,2021-10-29,2021-11-08,-0.0075807737801166,2021,2021-09-30,learned_market,20260910,0.6561488533226366,0.6561488533226366,1,0
annual_net_quarter_head,2616,2021-11-05,2021-11-15,0.0110015182343039,2021,2021-09-30,learned_market,20260910,0.7228880027601999,0.7228880027601999,1,1
annual_net_quarter_head,2621,2021-11-12,2021-11-22,0.0002002284238551,2021,2021-09-30,learned_market,20260910,0.7404991722338109,0.7404991722338109,1,1
annual_net_quarter_head,2626,2021-11-19,2021-11-29,-0.0153981603100059,2021,2021-09-30,learned_market,20260910,0.7801518970718727,0.7801518970718727,1,0
annual_net_quarter_head,2631,2021-11-26,2021-12-06,0.0185518287306458,2021,2021-09-30,learned_market,20260910,0.7191079022922867,0.7191079022922867,1,1
annual_net_quarter_head,2636,2021-12-03,2021-12-13,0.0367843110096284,2021,2021-09-30,learned_market,20260910,0.7272500238404475,0.7272500238404475,1,1
annual_net_quarter_head,2641,2021-12-10,2021-12-20,-0.0304615698955996,2021,2021-09-30,learned_market,20260910,0.6592996393373994,0.6592996393373994,1,0
annual_net_quarter_head,2646,2021-12-17,2021-12-27,-0.0034083287233763,2021,2021-09-30,learned_market,20260910,0.7075115799615952,0.7075115799615952,1,0
annual_net_quarter_head,2651,2021-12-24,2022-01-04,0.0080985736506613,2021,2021-09-30,learned_market,20260910,0.7865046950789831,0.7865046950789831,1,1
annual_net_quarter_head,2656,2021-12-31,2022-01-10,-0.0293970528320001,2021,2021-09-30,learned_market,20260910,0.7526429605399865,0.7526429605399865,1,0
annual_net_quarter_head,2596,2021-10-08,2021-10-18,-0.0038006269617851,2021,2021-09-30,learned_vol_interaction,20260910,0.7048487491901181,0.7048487491901181,1,0
annual_net_quarter_head,2601,2021-10-15,2021-10-25,0.0037358989621147,2021,2021-09-30,learned_vol_interaction,20260910,0.721626045200518,0.721626045200518,1,1
annual_net_quarter_head,2606,2021-10-22,2021-11-01,-0.0127041632091318,2021,2021-09-30,learned_vol_interaction,20260910,0.6513657100924887,0.6513657100924887,1,0
annual_net_quarter_head,2611,2021-10-29,2021-11-08,-0.0075807737801166,2021,2021-09-30,learned_vol_interaction,20260910,0.7313386094503523,0.7313386094503523,1,0
annual_net_quarter_head,2616,2021-11-05,2021-11-15,0.0110015182343039,2021,2021-09-30,learned_vol_interaction,20260910,0.8282719740618516,0.8282719740618516,1,1
annual_net_quarter_head,2621,2021-11-12,2021-11-22,0.0002002284238551,2021,2021-09-30,learned_vol_interaction,20260910,0.816924223690586,0.816924223690586,1,1
annual_net_quarter_head,2626,2021-11-19,2021-11-29,-0.0153981603100059,2021,2021-09-30,learned_vol_interaction,20260910,0.8670490108562067,0.8670490108562067,1,0
annual_net_quarter_head,2631,2021-11-26,2021-12-06,0.0185518287306458,2021,2021-09-30,learned_vol_interaction,20260910,0.8375052958859298,0.8375052958859298,1,1
annual_net_quarter_head,2636,2021-12-03,2021-12-13,0.0367843110096284,2021,2021-09-30,learned_vol_interaction,20260910,0.8257068268335146,0.8257068268335146,1,1
annual_net_quarter_head,2641,2021-12-10,2021-12-20,-0.0304615698955996,2021,2021-09-30,learned_vol_interaction,20260910,0.7357466430454889,0.7357466430454889,1,0
annual_net_quarter_head,2646,2021-12-17,2021-12-27,-0.0034083287233763,2021,2021-09-30,learned_vol_interaction,20260910,0.7724237628700469,0.7724237628700469,1,0
annual_net_quarter_head,2651,2021-12-24,2022-01-04,0.0080985736506613,2021,2021-09-30,learned_vol_interaction,20260910,0.8556196456255126,0.8556196456255126,1,1
annual_net_quarter_head,2656,2021-12-31,2022-01-10,-0.0293970528320001,2021,2021-09-30,learned_vol_interaction,20260910,0.8109323209047707,0.8109323209047707,1,0
annual_net_quarter_head,2596,2021-10-08,2021-10-18,-0.0038006269617851,2021,2021-09-30,learned_order_extension,20260910,0.7052478916392203,0.7052478916392203,1,0
annual_net_quarter_head,2601,2021-10-15,2021-10-25,0.0037358989621147,2021,2021-09-30,learned_order_extension,20260910,0.721947891933188,0.721947891933188,1,1
annual_net_quarter_head,2606,2021-10-22,2021-11-01,-0.0127041632091318,2021,2021-09-30,learned_order_extension,20260910,0.6514531610538369,0.6514531610538369,1,0
annual_net_quarter_head,2611,2021-10-29,2021-11-08,-0.0075807737801166,2021,2021-09-30,learned_order_extension,20260910,0.7315812016680007,0.7315812016680007,1,0
annual_net_quarter_head,2616,2021-11-05,2021-11-15,0.0110015182343039,2021,2021-09-30,learned_order_extension,20260910,0.8288201946895112,0.8288201946895112,1,1
annual_net_quarter_head,2621,2021-11-12,2021-11-22,0.0002002284238551,2021,2021-09-30,learned_order_extension,20260910,0.8179572467248525,0.8179572467248525,1,1
annual_net_quarter_head,2626,2021-11-19,2021-11-29,-0.0153981603100059,2021,2021-09-30,learned_order_extension,20260910,0.8680662680092405,0.8680662680092405,1,0
annual_net_quarter_head,2631,2021-11-26,2021-12-06,0.0185518287306458,2021,2021-09-30,learned_order_extension,20260910,0.8381615985932163,0.8381615985932163,1,1
annual_net_quarter_head,2636,2021-12-03,2021-12-13,0.0367843110096284,2021,2021-09-30,learned_order_extension,20260910,0.8261492548857498,0.8261492548857498,1,1
annual_net_quarter_head,2641,2021-12-10,2021-12-20,-0.0304615698955996,2021,2021-09-30,learned_order_extension,20260910,0.7361703633696352,0.7361703633696352,1,0
annual_net_quarter_head,2646,2021-12-17,2021-12-27,-0.0034083287233763,2021,2021-09-30,learned_order_extension,20260910,0.7732320462215357,0.7732320462215357,1,0
annual_net_quarter_head,2651,2021-12-24,2022-01-04,0.0080985736506613,2021,2021-09-30,learned_order_extension,20260910,0.8562355770118775,0.8562355770118775,1,1
annual_net_quarter_head,2656,2021-12-31,2022-01-10,-0.0293970528320001,2021,2021-09-30,learned_order_extension,20260910,0.8116355026113956,0.8116355026113956,1,0
annual_net_quarter_head,2596,2021-10-08,2021-10-18,-0.0038006269617851,2021,2021-09-30,learned_order_offset,20260910,0.7052440112154865,0.7052440112154865,1,0
annual_net_quarter_head,2601,2021-10-15,2021-10-25,0.0037358989621147,2021,2021-09-30,learned_order_offset,20260910,0.7219442419678835,0.7219442419678835,1,1
annual_net_quarter_head,2606,2021-10-22,2021-11-01,-0.0127041632091318,2021,2021-09-30,learned_order_offset,20260910,0.6514615142102043,0.6514615142102043,1,0
annual_net_quarter_head,2611,2021-10-29,2021-11-08,-0.0075807737801166,2021,2021-09-30,learned_order_offset,20260910,0.7315836361510325,0.7315836361510325,1,0
annual_net_quarter_head,2616,2021-11-05,2021-11-15,0.0110015182343039,2021,2021-09-30,learned_order_offset,20260910,0.828821649000204,0.828821649000204,1,1
annual_net_quarter_head,2621,2021-11-12,2021-11-22,0.0002002284238551,2021,2021-09-30,learned_order_offset,20260910,0.8179560977586601,0.8179560977586601,1,1
annual_net_quarter_head,2626,2021-11-19,2021-11-29,-0.0153981603100059,2021,2021-09-30,learned_order_offset,20260910,0.8680724093847489,0.8680724093847489,1,0
annual_net_quarter_head,2631,2021-11-26,2021-12-06,0.0185518287306458,2021,2021-09-30,learned_order_offset,20260910,0.8381629494246787,0.8381629494246787,1,1
annual_net_quarter_head,2636,2021-12-03,2021-12-13,0.0367843110096284,2021,2021-09-30,learned_order_offset,20260910,0.8261540811806257,0.8261540811806257,1,1
annual_net_quarter_head,2641,2021-12-10,2021-12-20,-0.0304615698955996,2021,2021-09-30,learned_order_offset,20260910,0.7361772374855307,0.7361772374855307,1,0
annual_net_quarter_head,2646,2021-12-17,2021-12-27,-0.0034083287233763,2021,2021-09-30,learned_order_offset,20260910,0.7732316267855971,0.7732316267855971,1,0
annual_net_quarter_head,2651,2021-12-24,2022-01-04,0.0080985736506613,2021,2021-09-30,learned_order_offset,20260910,0.8562404101655987,0.8562404101655987,1,1
annual_net_quarter_head,2656,2021-12-31,2022-01-10,-0.0293970528320001,2021,2021-09-30,learned_order_offset,20260910,0.8116366419874135,0.8116366419874135,1,0
annual_net_quarter_head,2596,2021-10-08,2021-10-18,-0.0038006269617851,2021,2021-09-30,learned_market,20260911,0.8094418521201268,0.8094418521201268,1,0
annual_net_quarter_head,2601,2021-10-15,2021-10-25,0.0037358989621147,2021,2021-09-30,learned_market,20260911,0.7181044270967072,0.7181044270967072,1,1
annual_net_quarter_head,2606,2021-10-22,2021-11-01,-0.0127041632091318,2021,2021-09-30,learned_market,20260911,0.5580977107963313,0.5580977107963313,1,0
annual_net_quarter_head,2611,2021-10-29,2021-11-08,-0.0075807737801166,2021,2021-09-30,learned_market,20260911,0.7742099120975899,0.7742099120975899,1,0
annual_net_quarter_head,2616,2021-11-05,2021-11-15,0.0110015182343039,2021,2021-09-30,learned_market,20260911,0.7252963333244173,0.7252963333244173,1,1
annual_net_quarter_head,2621,2021-11-12,2021-11-22,0.0002002284238551,2021,2021-09-30,learned_market,20260911,0.7770398416338966,0.7770398416338966,1,1
annual_net_quarter_head,2626,2021-11-19,2021-11-29,-0.0153981603100059,2021,2021-09-30,learned_market,20260911,0.6948738272729033,0.6948738272729033,1,0
annual_net_quarter_head,2631,2021-11-26,2021-12-06,0.0185518287306458,2021,2021-09-30,learned_market,20260911,0.8238067974216994,0.8238067974216994,1,1
annual_net_quarter_head,2636,2021-12-03,2021-12-13,0.0367843110096284,2021,2021-09-30,learned_market,20260911,0.605697668189408,0.605697668189408,1,1
annual_net_quarter_head,2641,2021-12-10,2021-12-20,-0.0304615698955996,2021,2021-09-30,learned_market,20260911,0.6260571773916086,0.6260571773916086,1,0
annual_net_quarter_head,2646,2021-12-17,2021-12-27,-0.0034083287233763,2021,2021-09-30,learned_market,20260911,0.737452283138525,0.737452283138525,1,0
annual_net_quarter_head,2651,2021-12-24,2022-01-04,0.0080985736506613,2021,2021-09-30,learned_market,20260911,0.6442804813454873,0.6442804813454873,1,1
annual_net_quarter_head,2656,2021-12-31,2022-01-10,-0.0293970528320001,2021,2021-09-30,learned_market,20260911,0.7082379352943956,0.7082379352943956,1,0
annual_net_quarter_head,2596,2021-10-08,2021-10-18,-0.0038006269617851,2021,2021-09-30,learned_vol_interaction,20260911,0.81695875904669,0.81695875904669,1,0
annual_net_quarter_head,2601,2021-10-15,2021-10-25,0.0037358989621147,2021,2021-09-30,learned_vol_interaction,20260911,0.722775566593956,0.722775566593956,1,1
annual_net_quarter_head,2606,2021-10-22,2021-11-01,-0.0127041632091318,2021,2021-09-30,learned_vol_interaction,20260911,0.5570098022912574,0.5570098022912574,1,0
annual_net_quarter_head,2611,2021-10-29,2021-11-08,-0.0075807737801166,2021,2021-09-30,learned_vol_interaction,20260911,0.7870435185902297,0.7870435185902297,1,0
annual_net_quarter_head,2616,2021-11-05,2021-11-15,0.0110015182343039,2021,2021-09-30,learned_vol_interaction,20260911,0.7358113483564704,0.7358113483564704,1,1
annual_net_quarter_head,2621,2021-11-12,2021-11-22,0.0002002284238551,2021,2021-09-30,learned_vol_interaction,20260911,0.7852534257439898,0.7852534257439898,1,1
annual_net_quarter_head,2626,2021-11-19,2021-11-29,-0.0153981603100059,2021,2021-09-30,learned_vol_interaction,20260911,0.6942005414245372,0.6942005414245372,1,0
annual_net_quarter_head,2631,2021-11-26,2021-12-06,0.0185518287306458,2021,2021-09-30,learned_vol_interaction,20260911,0.8402289369903126,0.8402289369903126,1,1
annual_net_quarter_head,2636,2021-12-03,2021-12-13,0.0367843110096284,2021,2021-09-30,learned_vol_interaction,20260911,0.6135018216417797,0.6135018216417797,1,1
annual_net_quarter_head,2641,2021-12-10,2021-12-20,-0.0304615698955996,2021,2021-09-30,learned_vol_interaction,20260911,0.63583539710974,0.63583539710974,1,0
annual_net_quarter_head,2646,2021-12-17,2021-12-27,-0.0034083287233763,2021,2021-09-30,learned_vol_interaction,20260911,0.7478151343506304,0.7478151343506304,1,0
annual_net_quarter_head,2651,2021-12-24,2022-01-04,0.0080985736506613,2021,2021-09-30,learned_vol_interaction,20260911,0.6456601477205619,0.6456601477205619,1,1
annual_net_quarter_head,2656,2021-12-31,2022-01-10,-0.0293970528320001,2021,2021-09-30,learned_vol_interaction,20260911,0.7142846230214027,0.7142846230214027,1,0
annual_net_quarter_head,2596,2021-10-08,2021-10-18,-0.0038006269617851,2021,2021-09-30,learned_order_extension,20260911,0.8400197801295951,0.8400197801295951,1,0
annual_net_quarter_head,2601,2021-10-15,2021-10-25,0.0037358989621147,2021,2021-09-30,learned_order_extension,20260911,0.7421280198224396,0.7421280198224396,1,1
annual_net_quarter_head,2606,2021-10-22,2021-11-01,-0.0127041632091318,2021,2021-09-30,learned_order_extension,20260911,0.5588017306042302,0.5588017306042302,1,0
annual_net_quarter_head,2611,2021-10-29,2021-11-08,-0.0075807737801166,2021,2021-09-30,learned_order_extension,20260911,0.8208637737986987,0.8208637737986987,1,0
annual_net_quarter_head,2616,2021-11-05,2021-11-15,0.0110015182343039,2021,2021-09-30,learned_order_extension,20260911,0.7651720262383103,0.7651720262383103,1,1
annual_net_quarter_head,2621,2021-11-12,2021-11-22,0.0002002284238551,2021,2021-09-30,learned_order_extension,20260911,0.8263639538868106,0.8263639538868106,1,1
annual_net_quarter_head,2626,2021-11-19,2021-11-29,-0.0153981603100059,2021,2021-09-30,learned_order_extension,20260911,0.7253307871820811,0.7253307871820811,1,0
annual_net_quarter_head,2631,2021-11-26,2021-12-06,0.0185518287306458,2021,2021-09-30,learned_order_extension,20260911,0.8810957015533843,0.8810957015533843,1,1
annual_net_quarter_head,2636,2021-12-03,2021-12-13,0.0367843110096284,2021,2021-09-30,learned_order_extension,20260911,0.6230219666923019,0.6230219666923019,1,1
annual_net_quarter_head,2641,2021-12-10,2021-12-20,-0.0304615698955996,2021,2021-09-30,learned_order_extension,20260911,0.6529225760715087,0.6529225760715087,1,0
annual_net_quarter_head,2646,2021-12-17,2021-12-27,-0.0034083287233763,2021,2021-09-30,learned_order_extension,20260911,0.7866738852115801,0.7866738852115801,1,0
annual_net_quarter_head,2651,2021-12-24,2022-01-04,0.0080985736506613,2021,2021-09-30,learned_order_extension,20260911,0.653724981047383,0.653724981047383,1,1
annual_net_quarter_head,2656,2021-12-31,2022-01-10,-0.0293970528320001,2021,2021-09-30,learned_order_extension,20260911,0.7321318478711277,0.7321318478711277,1,0
annual_net_quarter_head,2596,2021-10-08,2021-10-18,-0.0038006269617851,2021,2021-09-30,learned_order_offset,20260911,0.8397237305720097,0.8397237305720097,1,0
annual_net_quarter_head,2601,2021-10-15,2021-10-25,0.0037358989621147,2021,2021-09-30,learned_order_offset,20260911,0.7423035819164937,0.7423035819164937,1,1
annual_net_quarter_head,2606,2021-10-22,2021-11-01,-0.0127041632091318,2021,2021-09-30,learned_order_offset,20260911,0.5591969171988493,0.5591969171988493,1,0
annual_net_quarter_head,2611,2021-10-29,2021-11-08,-0.0075807737801166,2021,2021-09-30,learned_order_offset,20260911,0.8208793694684826,0.8208793694684826,1,0
annual_net_quarter_head,2616,2021-11-05,2021-11-15,0.0110015182343039,2021,2021-09-30,learned_order_offset,20260911,0.7648300018524028,0.7648300018524028,1,1
annual_net_quarter_head,2621,2021-11-12,2021-11-22,0.0002002284238551,2021,2021-09-30,learned_order_offset,20260911,0.8260952635943845,0.8260952635943845,1,1
annual_net_quarter_head,2626,2021-11-19,2021-11-29,-0.0153981603100059,2021,2021-09-30,learned_order_offset,20260911,0.7255761024341397,0.7255761024341397,1,0
annual_net_quarter_head,2631,2021-11-26,2021-12-06,0.0185518287306458,2021,2021-09-30,learned_order_offset,20260911,0.8808463011819753,0.8808463011819753,1,1
annual_net_quarter_head,2636,2021-12-03,2021-12-13,0.0367843110096284,2021,2021-09-30,learned_order_offset,20260911,0.6231546103829515,0.6231546103829515,1,1
annual_net_quarter_head,2641,2021-12-10,2021-12-20,-0.0304615698955996,2021,2021-09-30,learned_order_offset,20260911,0.6527362196023729,0.6527362196023729,1,0
annual_net_quarter_head,2646,2021-12-17,2021-12-27,-0.0034083287233763,2021,2021-09-30,learned_order_offset,20260911,0.7862224837604337,0.7862224837604337,1,0
annual_net_quarter_head,2651,2021-12-24,2022-01-04,0.0080985736506613,2021,2021-09-30,learned_order_offset,20260911,0.6532401399912471,0.6532401399912471,1,1
annual_net_quarter_head,2656,2021-12-31,2022-01-10,-0.0293970528320001,2021,2021-09-30,learned_order_offset,20260911,0.7317776085161245,0.7317776085161245,1,0
annual_net_quarter_head,2596,2021-10-08,2021-10-18,-0.0038006269617851,2021,2021-09-30,learned_market,20260912,0.6805217381017169,0.6805217381017169,1,0
annual_net_quarter_head,2601,2021-10-15,2021-10-25,0.0037358989621147,2021,2021-09-30,learned_market,20260912,0.45216767816608844,0.45216767816608844,0,1
annual_net_quarter_head,2606,2021-10-22,2021-11-01,-0.0127041632091318,2021,2021-09-30,learned_market,20260912,0.5872640714429394,0.5872640714429394,1,0
annual_net_quarter_head,2611,2021-10-29,2021-11-08,-0.0075807737801166,2021,2021-09-30,learned_market,20260912,0.45910036055180187,0.45910036055180187,0,0
annual_net_quarter_head,2616,2021-11-05,2021-11-15,0.0110015182343039,2021,2021-09-30,learned_market,20260912,0.4815280430156316,0.4815280430156316,0,1
annual_net_quarter_head,2621,2021-11-12,2021-11-22,0.0002002284238551,2021,2021-09-30,learned_market,20260912,0.5608426063980446,0.5608426063980446,1,1
annual_net_quarter_head,2626,2021-11-19,2021-11-29,-0.0153981603100059,2021,2021-09-30,learned_market,20260912,0.7204013395962826,0.7204013395962826,1,0
annual_net_quarter_head,2631,2021-11-26,2021-12-06,0.0185518287306458,2021,2021-09-30,learned_market,20260912,0.4424906616777532,0.4424906616777532,0,1
annual_net_quarter_head,2636,2021-12-03,2021-12-13,0.0367843110096284,2021,2021-09-30,learned_market,20260912,0.481511498126892,0.481511498126892,0,1
annual_net_quarter_head,2641,2021-12-10,2021-12-20,-0.0304615698955996,2021,2021-09-30,learned_market,20260912,0.5240298112499645,0.5240298112499645,1,0
annual_net_quarter_head,2646,2021-12-17,2021-12-27,-0.0034083287233763,2021,2021-09-30,learned_market,20260912,0.615559334578881,0.615559334578881,1,0
annual_net_quarter_head,2651,2021-12-24,2022-01-04,0.0080985736506613,2021,2021-09-30,learned_market,20260912,0.47129570101162493,0.47129570101162493,0,1
annual_net_quarter_head,2656,2021-12-31,2022-01-10,-0.0293970528320001,2021,2021-09-30,learned_market,20260912,0.5524210329505036,0.5524210329505036,1,0
annual_net_quarter_head,2596,2021-10-08,2021-10-18,-0.0038006269617851,2021,2021-09-30,learned_vol_interaction,20260912,0.6803510262782565,0.6803510262782565,1,0
annual_net_quarter_head,2601,2021-10-15,2021-10-25,0.0037358989621147,2021,2021-09-30,learned_vol_interaction,20260912,0.45281536128454625,0.45281536128454625,0,1
annual_net_quarter_head,2606,2021-10-22,2021-11-01,-0.0127041632091318,2021,2021-09-30,learned_vol_interaction,20260912,0.5873953552888911,0.5873953552888911,1,0
annual_net_quarter_head,2611,2021-10-29,2021-11-08,-0.0075807737801166,2021,2021-09-30,learned_vol_interaction,20260912,0.45988832116169437,0.45988832116169437,0,0
annual_net_quarter_head,2616,2021-11-05,2021-11-15,0.0110015182343039,2021,2021-09-30,learned_vol_interaction,20260912,0.48282510012358776,0.48282510012358776,0,1
annual_net_quarter_head,2621,2021-11-12,2021-11-22,0.0002002284238551,2021,2021-09-30,learned_vol_interaction,20260912,0.5612362091936979,0.5612362091936979,1,1
annual_net_quarter_head,2626,2021-11-19,2021-11-29,-0.0153981603100059,2021,2021-09-30,learned_vol_interaction,20260912,0.7200201506856452,0.7200201506856452,1,0
annual_net_quarter_head,2631,2021-11-26,2021-12-06,0.0185518287306458,2021,2021-09-30,learned_vol_interaction,20260912,0.4440082173972283,0.4440082173972283,0,1
annual_net_quarter_head,2636,2021-12-03,2021-12-13,0.0367843110096284,2021,2021-09-30,learned_vol_interaction,20260912,0.4828654734282645,0.4828654734282645,0,1
annual_net_quarter_head,2641,2021-12-10,2021-12-20,-0.0304615698955996,2021,2021-09-30,learned_vol_interaction,20260912,0.5249185677871594,0.5249185677871594,1,0
annual_net_quarter_head,2646,2021-12-17,2021-12-27,-0.0034083287233763,2021,2021-09-30,learned_vol_interaction,20260912,0.6157123651371921,0.6157123651371921,1,0
annual_net_quarter_head,2651,2021-12-24,2022-01-04,0.0080985736506613,2021,2021-09-30,learned_vol_interaction,20260912,0.4723823062155203,0.4723823062155203,0,1
annual_net_quarter_head,2656,2021-12-31,2022-01-10,-0.0293970528320001,2021,2021-09-30,learned_vol_interaction,20260912,0.5531234470356456,0.5531234470356456,1,0
annual_net_quarter_head,2596,2021-10-08,2021-10-18,-0.0038006269617851,2021,2021-09-30,learned_order_extension,20260912,0.6771399648905139,0.6771399648905139,1,0
annual_net_quarter_head,2601,2021-10-15,2021-10-25,0.0037358989621147,2021,2021-09-30,learned_order_extension,20260912,0.46370081945120667,0.46370081945120667,0,1
annual_net_quarter_head,2606,2021-10-22,2021-11-01,-0.0127041632091318,2021,2021-09-30,learned_order_extension,20260912,0.58970770556346,0.58970770556346,1,0
annual_net_quarter_head,2611,2021-10-29,2021-11-08,-0.0075807737801166,2021,2021-09-30,learned_order_extension,20260912,0.4661899780493398,0.4661899780493398,0,0
annual_net_quarter_head,2616,2021-11-05,2021-11-15,0.0110015182343039,2021,2021-09-30,learned_order_extension,20260912,0.4914250071578395,0.4914250071578395,0,1
annual_net_quarter_head,2621,2021-11-12,2021-11-22,0.0002002284238551,2021,2021-09-30,learned_order_extension,20260912,0.5692493391968801,0.5692493391968801,1,1
annual_net_quarter_head,2626,2021-11-19,2021-11-29,-0.0153981603100059,2021,2021-09-30,learned_order_extension,20260912,0.7087147562489394,0.7087147562489394,1,0
annual_net_quarter_head,2631,2021-11-26,2021-12-06,0.0185518287306458,2021,2021-09-30,learned_order_extension,20260912,0.46175073975174996,0.46175073975174996,0,1
annual_net_quarter_head,2636,2021-12-03,2021-12-13,0.0367843110096284,2021,2021-09-30,learned_order_extension,20260912,0.4891927400001431,0.4891927400001431,0,1
annual_net_quarter_head,2641,2021-12-10,2021-12-20,-0.0304615698955996,2021,2021-09-30,learned_order_extension,20260912,0.5326851564353065,0.5326851564353065,1,0
annual_net_quarter_head,2646,2021-12-17,2021-12-27,-0.0034083287233763,2021,2021-09-30,learned_order_extension,20260912,0.617264478787274,0.617264478787274,1,0
annual_net_quarter_head,2651,2021-12-24,2022-01-04,0.0080985736506613,2021,2021-09-30,learned_order_extension,20260912,0.48045061775008696,0.48045061775008696,0,1
annual_net_quarter_head,2656,2021-12-31,2022-01-10,-0.0293970528320001,2021,2021-09-30,learned_order_extension,20260912,0.5545516947179241,0.5545516947179241,1,0
annual_net_quarter_head,2596,2021-10-08,2021-10-18,-0.0038006269617851,2021,2021-09-30,learned_order_offset,20260912,0.676737911218086,0.676737911218086,1,0
annual_net_quarter_head,2601,2021-10-15,2021-10-25,0.0037358989621147,2021,2021-09-30,learned_order_offset,20260912,0.46402707807153687,0.46402707807153687,0,1
annual_net_quarter_head,2606,2021-10-22,2021-11-01,-0.0127041632091318,2021,2021-09-30,learned_order_offset,20260912,0.5897961433567344,0.5897961433567344,1,0
annual_net_quarter_head,2611,2021-10-29,2021-11-08,-0.0075807737801166,2021,2021-09-30,learned_order_offset,20260912,0.46633051606873466,0.46633051606873466,0,0
annual_net_quarter_head,2616,2021-11-05,2021-11-15,0.0110015182343039,2021,2021-09-30,learned_order_offset,20260912,0.49162937884894603,0.49162937884894603,0,1
annual_net_quarter_head,2621,2021-11-12,2021-11-22,0.0002002284238551,2021,2021-09-30,learned_order_offset,20260912,0.5696991322345265,0.5696991322345265,1,1
annual_net_quarter_head,2626,2021-11-19,2021-11-29,-0.0153981603100059,2021,2021-09-30,learned_order_offset,20260912,0.7087330867550964,0.7087330867550964,1,0
annual_net_quarter_head,2631,2021-11-26,2021-12-06,0.0185518287306458,2021,2021-09-30,learned_order_offset,20260912,0.46186431380801324,0.46186431380801324,0,1
annual_net_quarter_head,2636,2021-12-03,2021-12-13,0.0367843110096284,2021,2021-09-30,learned_order_offset,20260912,0.4893257499823501,0.4893257499823501,0,1
annual_net_quarter_head,2641,2021-12-10,2021-12-20,-0.0304615698955996,2021,2021-09-30,learned_order_offset,20260912,0.5331029620432719,0.5331029620432719,1,0
annual_net_quarter_head,2646,2021-12-17,2021-12-27,-0.0034083287233763,2021,2021-09-30,learned_order_offset,20260912,0.6183126287315148,0.6183126287315148,1,0
annual_net_quarter_head,2651,2021-12-24,2022-01-04,0.0080985736506613,2021,2021-09-30,learned_order_offset,20260912,0.48131302052975183,0.48131302052975183,0,1
annual_net_quarter_head,2656,2021-12-31,2022-01-10,-0.0293970528320001,2021,2021-09-30,learned_order_offset,20260912,0.5545891625950629,0.5545891625950629,1,0
annual_net_quarter_head,2660,2022-01-07,2022-01-17,-0.0173453887283024,2022,2021-12-31,learned_market,20260910,0.5688001187262542,0.5688001187262542,1,0
annual_net_quarter_head,2665,2022-01-14,2022-01-24,0.0053248631776616,2022,2021-12-31,learned_market,20260910,0.6536697221556952,0.6536697221556952,1,1
annual_net_quarter_head,2670,2022-01-21,2022-02-07,-0.0242661876254222,2022,2021-12-31,learned_market,20260910,0.667180452286777,0.667180452286777,1,0
annual_net_quarter_head,2675,2022-01-28,2022-02-14,-0.0127539031341488,2022,2021-12-31,learned_market,20260910,0.6821990081341186,0.6821990081341186,1,0
annual_net_quarter_head,2680,2022-02-11,2022-02-21,0.0145498774954033,2022,2021-12-31,learned_market,20260910,0.6685932622029157,0.6685932622029157,1,1
annual_net_quarter_head,2685,2022-02-18,2022-02-28,-0.0177161244498015,2022,2021-12-31,learned_market,20260910,0.721020181747073,0.721020181747073,1,0
annual_net_quarter_head,2690,2022-02-25,2022-03-07,-0.0221791776043331,2022,2021-12-31,learned_market,20260910,0.6720256213340763,0.6720256213340763,1,0
annual_net_quarter_head,2695,2022-03-04,2022-03-14,-0.0480378799422749,2022,2021-12-31,learned_market,20260910,0.6491632424244927,0.6491632424244927,1,0
annual_net_quarter_head,2700,2022-03-11,2022-03-21,0.007530336734814,2022,2021-12-31,learned_market,20260910,0.7072260560701839,0.7072260560701839,1,1
annual_net_quarter_head,2705,2022-03-18,2022-03-28,-0.0353493110038457,2022,2021-12-31,learned_market,20260910,0.680562718896786,0.680562718896786,1,0
annual_net_quarter_head,2710,2022-03-25,2022-04-06,0.0314834190717003,2022,2021-12-31,learned_market,20260910,0.7149297850291989,0.7149297850291989,1,1
annual_net_quarter_head,2660,2022-01-07,2022-01-17,-0.0173453887283024,2022,2021-12-31,learned_vol_interaction,20260910,0.5831076461801695,0.5831076461801695,1,0
annual_net_quarter_head,2665,2022-01-14,2022-01-24,0.0053248631776616,2022,2021-12-31,learned_vol_interaction,20260910,0.6744765119030697,0.6744765119030697,1,1
annual_net_quarter_head,2670,2022-01-21,2022-02-07,-0.0242661876254222,2022,2021-12-31,learned_vol_interaction,20260910,0.6652743592454685,0.6652743592454685,1,0
annual_net_quarter_head,2675,2022-01-28,2022-02-14,-0.0127539031341488,2022,2021-12-31,learned_vol_interaction,20260910,0.6916788990216658,0.6916788990216658,1,0
annual_net_quarter_head,2680,2022-02-11,2022-02-21,0.0145498774954033,2022,2021-12-31,learned_vol_interaction,20260910,0.6656475068815167,0.6656475068815167,1,1
annual_net_quarter_head,2685,2022-02-18,2022-02-28,-0.0177161244498015,2022,2021-12-31,learned_vol_interaction,20260910,0.7192657526415306,0.7192657526415306,1,0
annual_net_quarter_head,2690,2022-02-25,2022-03-07,-0.0221791776043331,2022,2021-12-31,learned_vol_interaction,20260910,0.665128795190077,0.665128795190077,1,0
annual_net_quarter_head,2695,2022-03-04,2022-03-14,-0.0480378799422749,2022,2021-12-31,learned_vol_interaction,20260910,0.6570221213989423,0.6570221213989423,1,0
annual_net_quarter_head,2700,2022-03-11,2022-03-21,0.007530336734814,2022,2021-12-31,learned_vol_interaction,20260910,0.7032750021899432,0.7032750021899432,1,1
annual_net_quarter_head,2705,2022-03-18,2022-03-28,-0.0353493110038457,2022,2021-12-31,learned_vol_interaction,20260910,0.6524086529307518,0.6524086529307518,1,0
annual_net_quarter_head,2710,2022-03-25,2022-04-06,0.0314834190717003,2022,2021-12-31,learned_vol_interaction,20260910,0.6942468524177501,0.6942468524177501,1,1
annual_net_quarter_head,2660,2022-01-07,2022-01-17,-0.0173453887283024,2022,2021-12-31,learned_order_extension,20260910,0.566864392886939,0.566864392886939,1,0
annual_net_quarter_head,2665,2022-01-14,2022-01-24,0.0053248631776616,2022,2021-12-31,learned_order_extension,20260910,0.6690763940918765,0.6690763940918765,1,1
annual_net_quarter_head,2670,2022-01-21,2022-02-07,-0.0242661876254222,2022,2021-12-31,learned_order_extension,20260910,0.6566842946116621,0.6566842946116621,1,0
annual_net_quarter_head,2675,2022-01-28,2022-02-14,-0.0127539031341488,2022,2021-12-31,learned_order_extension,20260910,0.668769824144909,0.668769824144909,1,0
annual_net_quarter_head,2680,2022-02-11,2022-02-21,0.0145498774954033,2022,2021-12-31,learned_order_extension,20260910,0.6554002636047295,0.6554002636047295,1,1
annual_net_quarter_head,2685,2022-02-18,2022-02-28,-0.0177161244498015,2022,2021-12-31,learned_order_extension,20260910,0.7136098531605942,0.7136098531605942,1,0
annual_net_quarter_head,2690,2022-02-25,2022-03-07,-0.0221791776043331,2022,2021-12-31,learned_order_extension,20260910,0.6487731912125562,0.6487731912125562,1,0
annual_net_quarter_head,2695,2022-03-04,2022-03-14,-0.0480378799422749,2022,2021-12-31,learned_order_extension,20260910,0.6318792296674466,0.6318792296674466,1,0
annual_net_quarter_head,2700,2022-03-11,2022-03-21,0.007530336734814,2022,2021-12-31,learned_order_extension,20260910,0.6914869969738268,0.6914869969738268,1,1
annual_net_quarter_head,2705,2022-03-18,2022-03-28,-0.0353493110038457,2022,2021-12-31,learned_order_extension,20260910,0.6587542387705517,0.6587542387705517,1,0
annual_net_quarter_head,2710,2022-03-25,2022-04-06,0.0314834190717003,2022,2021-12-31,learned_order_extension,20260910,0.6972076913228429,0.6972076913228429,1,1
annual_net_quarter_head,2660,2022-01-07,2022-01-17,-0.0173453887283024,2022,2021-12-31,learned_order_offset,20260910,0.5666647543526758,0.5666647543526758,1,0
annual_net_quarter_head,2665,2022-01-14,2022-01-24,0.0053248631776616,2022,2021-12-31,learned_order_offset,20260910,0.6685371525240916,0.6685371525240916,1,1
annual_net_quarter_head,2670,2022-01-21,2022-02-07,-0.0242661876254222,2022,2021-12-31,learned_order_offset,20260910,0.6567323025522784,0.6567323025522784,1,0
annual_net_quarter_head,2675,2022-01-28,2022-02-14,-0.0127539031341488,2022,2021-12-31,learned_order_offset,20260910,0.6683313210695451,0.6683313210695451,1,0
annual_net_quarter_head,2680,2022-02-11,2022-02-21,0.0145498774954033,2022,2021-12-31,learned_order_offset,20260910,0.6551608348224088,0.6551608348224088,1,1
annual_net_quarter_head,2685,2022-02-18,2022-02-28,-0.0177161244498015,2022,2021-12-31,learned_order_offset,20260910,0.713244067556852,0.713244067556852,1,0
annual_net_quarter_head,2690,2022-02-25,2022-03-07,-0.0221791776043331,2022,2021-12-31,learned_order_offset,20260910,0.6484724441889236,0.6484724441889236,1,0
annual_net_quarter_head,2695,2022-03-04,2022-03-14,-0.0480378799422749,2022,2021-12-31,learned_order_offset,20260910,0.6314504954417829,0.6314504954417829,1,0
annual_net_quarter_head,2700,2022-03-11,2022-03-21,0.007530336734814,2022,2021-12-31,learned_order_offset,20260910,0.691194443082509,0.691194443082509,1,1
annual_net_quarter_head,2705,2022-03-18,2022-03-28,-0.0353493110038457,2022,2021-12-31,learned_order_offset,20260910,0.6583803934930407,0.6583803934930407,1,0
annual_net_quarter_head,2710,2022-03-25,2022-04-06,0.0314834190717003,2022,2021-12-31,learned_order_offset,20260910,0.696855601595334,0.696855601595334,1,1
annual_net_quarter_head,2660,2022-01-07,2022-01-17,-0.0173453887283024,2022,2021-12-31,learned_market,20260911,0.7294539059117436,0.7294539059117436,1,0
annual_net_quarter_head,2665,2022-01-14,2022-01-24,0.0053248631776616,2022,2021-12-31,learned_market,20260911,0.8407883156513567,0.8407883156513567,1,1
annual_net_quarter_head,2670,2022-01-21,2022-02-07,-0.0242661876254222,2022,2021-12-31,learned_market,20260911,0.6706767764059957,0.6706767764059957,1,0
annual_net_quarter_head,2675,2022-01-28,2022-02-14,-0.0127539031341488,2022,2021-12-31,learned_market,20260911,0.49396242770649035,0.49396242770649035,0,0
annual_net_quarter_head,2680,2022-02-11,2022-02-21,0.0145498774954033,2022,2021-12-31,learned_market,20260911,0.6718433913580089,0.6718433913580089,1,1
annual_net_quarter_head,2685,2022-02-18,2022-02-28,-0.0177161244498015,2022,2021-12-31,learned_market,20260911,0.5840107527473801,0.5840107527473801,1,0
annual_net_quarter_head,2690,2022-02-25,2022-03-07,-0.0221791776043331,2022,2021-12-31,learned_market,20260911,0.59915482742086,0.59915482742086,1,0
annual_net_quarter_head,2695,2022-03-04,2022-03-14,-0.0480378799422749,2022,2021-12-31,learned_market,20260911,0.64751535974218,0.64751535974218,1,0
annual_net_quarter_head,2700,2022-03-11,2022-03-21,0.007530336734814,2022,2021-12-31,learned_market,20260911,0.6601858855959774,0.6601858855959774,1,1
annual_net_quarter_head,2705,2022-03-18,2022-03-28,-0.0353493110038457,2022,2021-12-31,learned_market,20260911,0.5676194322684474,0.5676194322684474,1,0
annual_net_quarter_head,2710,2022-03-25,2022-04-06,0.0314834190717003,2022,2021-12-31,learned_market,20260911,0.7331434681165004,0.7331434681165004,1,1
annual_net_quarter_head,2660,2022-01-07,2022-01-17,-0.0173453887283024,2022,2021-12-31,learned_vol_interaction,20260911,0.7282516722944598,0.7282516722944598,1,0
annual_net_quarter_head,2665,2022-01-14,2022-01-24,0.0053248631776616,2022,2021-12-31,learned_vol_interaction,20260911,0.8368717958263094,0.8368717958263094,1,1
annual_net_quarter_head,2670,2022-01-21,2022-02-07,-0.0242661876254222,2022,2021-12-31,learned_vol_interaction,20260911,0.669613908132946,0.669613908132946,1,0
annual_net_quarter_head,2675,2022-01-28,2022-02-14,-0.0127539031341488,2022,2021-12-31,learned_vol_interaction,20260911,0.49771804856397844,0.49771804856397844,0,0
annual_net_quarter_head,2680,2022-02-11,2022-02-21,0.0145498774954033,2022,2021-12-31,learned_vol_interaction,20260911,0.6694625883349451,0.6694625883349451,1,1
annual_net_quarter_head,2685,2022-02-18,2022-02-28,-0.0177161244498015,2022,2021-12-31,learned_vol_interaction,20260911,0.5867879452577756,0.5867879452577756,1,0
annual_net_quarter_head,2690,2022-02-25,2022-03-07,-0.0221791776043331,2022,2021-12-31,learned_vol_interaction,20260911,0.6015705830845076,0.6015705830845076,1,0
annual_net_quarter_head,2695,2022-03-04,2022-03-14,-0.0480378799422749,2022,2021-12-31,learned_vol_interaction,20260911,0.6516108393132726,0.6516108393132726,1,0
annual_net_quarter_head,2700,2022-03-11,2022-03-21,0.007530336734814,2022,2021-12-31,learned_vol_interaction,20260911,0.6653311044961694,0.6653311044961694,1,1
annual_net_quarter_head,2705,2022-03-18,2022-03-28,-0.0353493110038457,2022,2021-12-31,learned_vol_interaction,20260911,0.567250973729041,0.567250973729041,1,0
annual_net_quarter_head,2710,2022-03-25,2022-04-06,0.0314834190717003,2022,2021-12-31,learned_vol_interaction,20260911,0.7397988804119464,0.7397988804119464,1,1
annual_net_quarter_head,2660,2022-01-07,2022-01-17,-0.0173453887283024,2022,2021-12-31,learned_order_extension,20260911,0.7315565762281606,0.7315565762281606,1,0
annual_net_quarter_head,2665,2022-01-14,2022-01-24,0.0053248631776616,2022,2021-12-31,learned_order_extension,20260911,0.8308708352808971,0.8308708352808971,1,1
annual_net_quarter_head,2670,2022-01-21,2022-02-07,-0.0242661876254222,2022,2021-12-31,learned_order_extension,20260911,0.6953405747399578,0.6953405747399578,1,0
annual_net_quarter_head,2675,2022-01-28,2022-02-14,-0.0127539031341488,2022,2021-12-31,learned_order_extension,20260911,0.47011278529334005,0.47011278529334005,0,0
annual_net_quarter_head,2680,2022-02-11,2022-02-21,0.0145498774954033,2022,2021-12-31,learned_order_extension,20260911,0.6818533435255958,0.6818533435255958,1,1
annual_net_quarter_head,2685,2022-02-18,2022-02-28,-0.0177161244498015,2022,2021-12-31,learned_order_extension,20260911,0.5955146443753425,0.5955146443753425,1,0
annual_net_quarter_head,2690,2022-02-25,2022-03-07,-0.0221791776043331,2022,2021-12-31,learned_order_extension,20260911,0.609831009331646,0.609831009331646,1,0
annual_net_quarter_head,2695,2022-03-04,2022-03-14,-0.0480378799422749,2022,2021-12-31,learned_order_extension,20260911,0.6608881864634962,0.6608881864634962,1,0
annual_net_quarter_head,2700,2022-03-11,2022-03-21,0.007530336734814,2022,2021-12-31,learned_order_extension,20260911,0.667203580437131,0.667203580437131,1,1
annual_net_quarter_head,2705,2022-03-18,2022-03-28,-0.0353493110038457,2022,2021-12-31,learned_order_extension,20260911,0.5665388063290007,0.5665388063290007,1,0
annual_net_quarter_head,2710,2022-03-25,2022-04-06,0.0314834190717003,2022,2021-12-31,learned_order_extension,20260911,0.7315317518580224,0.7315317518580224,1,1
annual_net_quarter_head,2660,2022-01-07,2022-01-17,-0.0173453887283024,2022,2021-12-31,learned_order_offset,20260911,0.7303915631000331,0.7303915631000331,1,0
annual_net_quarter_head,2665,2022-01-14,2022-01-24,0.0053248631776616,2022,2021-12-31,learned_order_offset,20260911,0.8287429062191539,0.8287429062191539,1,1
annual_net_quarter_head,2670,2022-01-21,2022-02-07,-0.0242661876254222,2022,2021-12-31,learned_order_offset,20260911,0.6946014374965778,0.6946014374965778,1,0
annual_net_quarter_head,2675,2022-01-28,2022-02-14,-0.0127539031341488,2022,2021-12-31,learned_order_offset,20260911,0.47036190476294487,0.47036190476294487,0,0
annual_net_quarter_head,2680,2022-02-11,2022-02-21,0.0145498774954033,2022,2021-12-31,learned_order_offset,20260911,0.6802368405234962,0.6802368405234962,1,1
annual_net_quarter_head,2685,2022-02-18,2022-02-28,-0.0177161244498015,2022,2021-12-31,learned_order_offset,20260911,0.596796587857382,0.596796587857382,1,0
annual_net_quarter_head,2690,2022-02-25,2022-03-07,-0.0221791776043331,2022,2021-12-31,learned_order_offset,20260911,0.6102898323949857,0.6102898323949857,1,0
annual_net_quarter_head,2695,2022-03-04,2022-03-14,-0.0480378799422749,2022,2021-12-31,learned_order_offset,20260911,0.6602950267381666,0.6602950267381666,1,0
annual_net_quarter_head,2700,2022-03-11,2022-03-21,0.007530336734814,2022,2021-12-31,learned_order_offset,20260911,0.6664417620027226,0.6664417620027226,1,1
annual_net_quarter_head,2705,2022-03-18,2022-03-28,-0.0353493110038457,2022,2021-12-31,learned_order_offset,20260911,0.5665934515797131,0.5665934515797131,1,0
annual_net_quarter_head,2710,2022-03-25,2022-04-06,0.0314834190717003,2022,2021-12-31,learned_order_offset,20260911,0.7312694881776368,0.7312694881776368,1,1
annual_net_quarter_head,2660,2022-01-07,2022-01-17,-0.0173453887283024,2022,2021-12-31,learned_market,20260912,0.7009067848418016,0.7009067848418016,1,0
annual_net_quarter_head,2665,2022-01-14,2022-01-24,0.0053248631776616,2022,2021-12-31,learned_market,20260912,0.5203651032719439,0.5203651032719439,1,1
annual_net_quarter_head,2670,2022-01-21,2022-02-07,-0.0242661876254222,2022,2021-12-31,learned_market,20260912,0.7176249995689795,0.7176249995689795,1,0
annual_net_quarter_head,2675,2022-01-28,2022-02-14,-0.0127539031341488,2022,2021-12-31,learned_market,20260912,0.5468589290358572,0.5468589290358572,1,0
annual_net_quarter_head,2680,2022-02-11,2022-02-21,0.0145498774954033,2022,2021-12-31,learned_market,20260912,0.6301827176961465,0.6301827176961465,1,1
annual_net_quarter_head,2685,2022-02-18,2022-02-28,-0.0177161244498015,2022,2021-12-31,learned_market,20260912,0.7133251277073638,0.7133251277073638,1,0
annual_net_quarter_head,2690,2022-02-25,2022-03-07,-0.0221791776043331,2022,2021-12-31,learned_market,20260912,0.7021196640037924,0.7021196640037924,1,0
annual_net_quarter_head,2695,2022-03-04,2022-03-14,-0.0480378799422749,2022,2021-12-31,learned_market,20260912,0.719986373445646,0.719986373445646,1,0
annual_net_quarter_head,2700,2022-03-11,2022-03-21,0.007530336734814,2022,2021-12-31,learned_market,20260912,0.6467498960464059,0.6467498960464059,1,1
annual_net_quarter_head,2705,2022-03-18,2022-03-28,-0.0353493110038457,2022,2021-12-31,learned_market,20260912,0.6307138428823564,0.6307138428823564,1,0
annual_net_quarter_head,2710,2022-03-25,2022-04-06,0.0314834190717003,2022,2021-12-31,learned_market,20260912,0.5581715372656506,0.5581715372656506,1,1
annual_net_quarter_head,2660,2022-01-07,2022-01-17,-0.0173453887283024,2022,2021-12-31,learned_vol_interaction,20260912,0.7072606777672634,0.7072606777672634,1,0
annual_net_quarter_head,2665,2022-01-14,2022-01-24,0.0053248631776616,2022,2021-12-31,learned_vol_interaction,20260912,0.5232340507750105,0.5232340507750105,1,1
annual_net_quarter_head,2670,2022-01-21,2022-02-07,-0.0242661876254222,2022,2021-12-31,learned_vol_interaction,20260912,0.723517227135196,0.723517227135196,1,0
annual_net_quarter_head,2675,2022-01-28,2022-02-14,-0.0127539031341488,2022,2021-12-31,learned_vol_interaction,20260912,0.5573504263949657,0.5573504263949657,1,0
annual_net_quarter_head,2680,2022-02-11,2022-02-21,0.0145498774954033,2022,2021-12-31,learned_vol_interaction,20260912,0.6206875889696911,0.6206875889696911,1,1
annual_net_quarter_head,2685,2022-02-18,2022-02-28,-0.0177161244498015,2022,2021-12-31,learned_vol_interaction,20260912,0.7137718136904925,0.7137718136904925,1,0
annual_net_quarter_head,2690,2022-02-25,2022-03-07,-0.0221791776043331,2022,2021-12-31,learned_vol_interaction,20260912,0.6900080859244496,0.6900080859244496,1,0
annual_net_quarter_head,2695,2022-03-04,2022-03-14,-0.0480378799422749,2022,2021-12-31,learned_vol_interaction,20260912,0.7251850433232085,0.7251850433232085,1,0
annual_net_quarter_head,2700,2022-03-11,2022-03-21,0.007530336734814,2022,2021-12-31,learned_vol_interaction,20260912,0.6323197465308961,0.6323197465308961,1,1
annual_net_quarter_head,2705,2022-03-18,2022-03-28,-0.0353493110038457,2022,2021-12-31,learned_vol_interaction,20260912,0.5933343778810724,0.5933343778810724,1,0
annual_net_quarter_head,2710,2022-03-25,2022-04-06,0.0314834190717003,2022,2021-12-31,learned_vol_interaction,20260912,0.5562710543563346,0.5562710543563346,1,1
annual_net_quarter_head,2660,2022-01-07,2022-01-17,-0.0173453887283024,2022,2021-12-31,learned_order_extension,20260912,0.7021249449389755,0.7021249449389755,1,0
annual_net_quarter_head,2665,2022-01-14,2022-01-24,0.0053248631776616,2022,2021-12-31,learned_order_extension,20260912,0.519422850065438,0.519422850065438,1,1
annual_net_quarter_head,2670,2022-01-21,2022-02-07,-0.0242661876254222,2022,2021-12-31,learned_order_extension,20260912,0.7149761694840576,0.7149761694840576,1,0
annual_net_quarter_head,2675,2022-01-28,2022-02-14,-0.0127539031341488,2022,2021-12-31,learned_order_extension,20260912,0.5563462821352916,0.5563462821352916,1,0
annual_net_quarter_head,2680,2022-02-11,2022-02-21,0.0145498774954033,2022,2021-12-31,learned_order_extension,20260912,0.6112227291481532,0.6112227291481532,1,1
annual_net_quarter_head,2685,2022-02-18,2022-02-28,-0.0177161244498015,2022,2021-12-31,learned_order_extension,20260912,0.7082710857336353,0.7082710857336353,1,0
annual_net_quarter_head,2690,2022-02-25,2022-03-07,-0.0221791776043331,2022,2021-12-31,learned_order_extension,20260912,0.672646545498505,0.672646545498505,1,0
annual_net_quarter_head,2695,2022-03-04,2022-03-14,-0.0480378799422749,2022,2021-12-31,learned_order_extension,20260912,0.7063888110552541,0.7063888110552541,1,0
annual_net_quarter_head,2700,2022-03-11,2022-03-21,0.007530336734814,2022,2021-12-31,learned_order_extension,20260912,0.6284040084971629,0.6284040084971629,1,1
annual_net_quarter_head,2705,2022-03-18,2022-03-28,-0.0353493110038457,2022,2021-12-31,learned_order_extension,20260912,0.5929220651203073,0.5929220651203073,1,0
annual_net_quarter_head,2710,2022-03-25,2022-04-06,0.0314834190717003,2022,2021-12-31,learned_order_extension,20260912,0.560900893741765,0.560900893741765,1,1
annual_net_quarter_head,2660,2022-01-07,2022-01-17,-0.0173453887283024,2022,2021-12-31,learned_order_offset,20260912,0.7021002597589074,0.7021002597589074,1,0
annual_net_quarter_head,2665,2022-01-14,2022-01-24,0.0053248631776616,2022,2021-12-31,learned_order_offset,20260912,0.5194500670143739,0.5194500670143739,1,1
annual_net_quarter_head,2670,2022-01-21,2022-02-07,-0.0242661876254222,2022,2021-12-31,learned_order_offset,20260912,0.7150659531425939,0.7150659531425939,1,0
annual_net_quarter_head,2675,2022-01-28,2022-02-14,-0.0127539031341488,2022,2021-12-31,learned_order_offset,20260912,0.5563566039667686,0.5563566039667686,1,0
annual_net_quarter_head,2680,2022-02-11,2022-02-21,0.0145498774954033,2022,2021-12-31,learned_order_offset,20260912,0.6110482909835675,0.6110482909835675,1,1
annual_net_quarter_head,2685,2022-02-18,2022-02-28,-0.0177161244498015,2022,2021-12-31,learned_order_offset,20260912,0.7082662053268953,0.7082662053268953,1,0
annual_net_quarter_head,2690,2022-02-25,2022-03-07,-0.0221791776043331,2022,2021-12-31,learned_order_offset,20260912,0.6726443299723985,0.6726443299723985,1,0
annual_net_quarter_head,2695,2022-03-04,2022-03-14,-0.0480378799422749,2022,2021-12-31,learned_order_offset,20260912,0.7063540116439039,0.7063540116439039,1,0
annual_net_quarter_head,2700,2022-03-11,2022-03-21,0.007530336734814,2022,2021-12-31,learned_order_offset,20260912,0.6284302090313957,0.6284302090313957,1,1
annual_net_quarter_head,2705,2022-03-18,2022-03-28,-0.0353493110038457,2022,2021-12-31,learned_order_offset,20260912,0.5930408007656572,0.5930408007656572,1,0
annual_net_quarter_head,2710,2022-03-25,2022-04-06,0.0314834190717003,2022,2021-12-31,learned_order_offset,20260912,0.5609837979969954,0.5609837979969954,1,1
annual_net_quarter_head,2715,2022-04-01,2022-04-12,-0.0129237372705649,2022,2022-03-31,learned_market,20260910,0.663634180220882,0.663634180220882,1,0
annual_net_quarter_head,2718,2022-04-08,2022-04-18,-0.0120986062576864,2022,2022-03-31,learned_market,20260910,0.6630371740333805,0.6630371740333805,1,0
annual_net_quarter_head,2723,2022-04-15,2022-04-25,-0.0528494340140576,2022,2022-03-31,learned_market,20260910,0.6220693949613013,0.6220693949613013,1,0
annual_net_quarter_head,2728,2022-04-22,2022-05-05,0.015736821365468,2022,2022-03-31,learned_market,20260910,0.6254656536214893,0.6254656536214893,1,1
annual_net_quarter_head,2733,2022-04-29,2022-05-11,-0.0278824133054675,2022,2022-03-31,learned_market,20260910,0.5940272651207131,0.5940272651207131,1,0
annual_net_quarter_head,2735,2022-05-06,2022-05-16,0.033741423035827,2022,2022-03-31,learned_market,20260910,0.6007719606443597,0.6007719606443597,1,1
annual_net_quarter_head,2740,2022-05-13,2022-05-23,0.0164308841843088,2022,2022-03-31,learned_market,20260910,0.5768023401547694,0.5768023401547694,1,1
annual_net_quarter_head,2745,2022-05-20,2022-05-30,-0.0147293413085614,2022,2022-03-31,learned_market,20260910,0.5273378631778327,0.5273378631778327,1,0
annual_net_quarter_head,2750,2022-05-27,2022-06-13,0.0431748431927498,2022,2022-03-31,learned_market,20260910,0.4828831708528183,0.4828831708528183,0,1
annual_net_quarter_head,2759,2022-06-10,2022-06-20,0.0306046547112142,2022,2022-03-31,learned_market,20260910,0.5134029697296831,0.5134029697296831,1,1
annual_net_quarter_head,2764,2022-06-17,2022-06-27,0.0211666894141107,2022,2022-03-31,learned_market,20260910,0.46549589214369785,0.46549589214369785,0,1
annual_net_quarter_head,2769,2022-06-24,2022-07-04,0.0074507343130214,2022,2022-03-31,learned_market,20260910,0.45302183980404387,0.45302183980404387,0,1
annual_net_quarter_head,2715,2022-04-01,2022-04-12,-0.0129237372705649,2022,2022-03-31,learned_vol_interaction,20260910,0.6292565720055936,0.6292565720055936,1,0
annual_net_quarter_head,2718,2022-04-08,2022-04-18,-0.0120986062576864,2022,2022-03-31,learned_vol_interaction,20260910,0.6409159131029581,0.6409159131029581,1,0
annual_net_quarter_head,2723,2022-04-15,2022-04-25,-0.0528494340140576,2022,2022-03-31,learned_vol_interaction,20260910,0.6207230652347844,0.6207230652347844,1,0
annual_net_quarter_head,2728,2022-04-22,2022-05-05,0.015736821365468,2022,2022-03-31,learned_vol_interaction,20260910,0.6227818055088948,0.6227818055088948,1,1
annual_net_quarter_head,2733,2022-04-29,2022-05-11,-0.0278824133054675,2022,2022-03-31,learned_vol_interaction,20260910,0.5785448396850217,0.5785448396850217,1,0
annual_net_quarter_head,2735,2022-05-06,2022-05-16,0.033741423035827,2022,2022-03-31,learned_vol_interaction,20260910,0.586734015950167,0.586734015950167,1,1
annual_net_quarter_head,2740,2022-05-13,2022-05-23,0.0164308841843088,2022,2022-03-31,learned_vol_interaction,20260910,0.5761741637632539,0.5761741637632539,1,1
annual_net_quarter_head,2745,2022-05-20,2022-05-30,-0.0147293413085614,2022,2022-03-31,learned_vol_interaction,20260910,0.5266370273559922,0.5266370273559922,1,0
annual_net_quarter_head,2750,2022-05-27,2022-06-13,0.0431748431927498,2022,2022-03-31,learned_vol_interaction,20260910,0.4897407435391616,0.4897407435391616,0,1
annual_net_quarter_head,2759,2022-06-10,2022-06-20,0.0306046547112142,2022,2022-03-31,learned_vol_interaction,20260910,0.5155524043379477,0.5155524043379477,1,1
annual_net_quarter_head,2764,2022-06-17,2022-06-27,0.0211666894141107,2022,2022-03-31,learned_vol_interaction,20260910,0.4684726621182227,0.4684726621182227,0,1
annual_net_quarter_head,2769,2022-06-24,2022-07-04,0.0074507343130214,2022,2022-03-31,learned_vol_interaction,20260910,0.4475854624996341,0.4475854624996341,0,1
annual_net_quarter_head,2715,2022-04-01,2022-04-12,-0.0129237372705649,2022,2022-03-31,learned_order_extension,20260910,0.6404249405260841,0.6404249405260841,1,0
annual_net_quarter_head,2718,2022-04-08,2022-04-18,-0.0120986062576864,2022,2022-03-31,learned_order_extension,20260910,0.6330258772078342,0.6330258772078342,1,0
annual_net_quarter_head,2723,2022-04-15,2022-04-25,-0.0528494340140576,2022,2022-03-31,learned_order_extension,20260910,0.6016443545192601,0.6016443545192601,1,0
annual_net_quarter_head,2728,2022-04-22,2022-05-05,0.015736821365468,2022,2022-03-31,learned_order_extension,20260910,0.5999912436201849,0.5999912436201849,1,1
annual_net_quarter_head,2733,2022-04-29,2022-05-11,-0.0278824133054675,2022,2022-03-31,learned_order_extension,20260910,0.6027693829605121,0.6027693829605121,1,0
annual_net_quarter_head,2735,2022-05-06,2022-05-16,0.033741423035827,2022,2022-03-31,learned_order_extension,20260910,0.6210454907791336,0.6210454907791336,1,1
annual_net_quarter_head,2740,2022-05-13,2022-05-23,0.0164308841843088,2022,2022-03-31,learned_order_extension,20260910,0.5960495948801043,0.5960495948801043,1,1
annual_net_quarter_head,2745,2022-05-20,2022-05-30,-0.0147293413085614,2022,2022-03-31,learned_order_extension,20260910,0.5354203042721215,0.5354203042721215,1,0
annual_net_quarter_head,2750,2022-05-27,2022-06-13,0.0431748431927498,2022,2022-03-31,learned_order_extension,20260910,0.4631633620345579,0.4631633620345579,0,1
annual_net_quarter_head,2759,2022-06-10,2022-06-20,0.0306046547112142,2022,2022-03-31,learned_order_extension,20260910,0.4963725499505219,0.4963725499505219,0,1
annual_net_quarter_head,2764,2022-06-17,2022-06-27,0.0211666894141107,2022,2022-03-31,learned_order_extension,20260910,0.4688880416933765,0.4688880416933765,0,1
annual_net_quarter_head,2769,2022-06-24,2022-07-04,0.0074507343130214,2022,2022-03-31,learned_order_extension,20260910,0.4690880254271104,0.4690880254271104,0,1
annual_net_quarter_head,2715,2022-04-01,2022-04-12,-0.0129237372705649,2022,2022-03-31,learned_order_offset,20260910,0.6402894244798958,0.6402894244798958,1,0
annual_net_quarter_head,2718,2022-04-08,2022-04-18,-0.0120986062576864,2022,2022-03-31,learned_order_offset,20260910,0.6327867349442923,0.6327867349442923,1,0
annual_net_quarter_head,2723,2022-04-15,2022-04-25,-0.0528494340140576,2022,2022-03-31,learned_order_offset,20260910,0.601056645107088,0.601056645107088,1,0
annual_net_quarter_head,2728,2022-04-22,2022-05-05,0.015736821365468,2022,2022-03-31,learned_order_offset,20260910,0.5993241948387662,0.5993241948387662,1,1
annual_net_quarter_head,2733,2022-04-29,2022-05-11,-0.0278824133054675,2022,2022-03-31,learned_order_offset,20260910,0.6026225932657682,0.6026225932657682,1,0
annual_net_quarter_head,2735,2022-05-06,2022-05-16,0.033741423035827,2022,2022-03-31,learned_order_offset,20260910,0.6209814371036301,0.6209814371036301,1,1
annual_net_quarter_head,2740,2022-05-13,2022-05-23,0.0164308841843088,2022,2022-03-31,learned_order_offset,20260910,0.5958664851389408,0.5958664851389408,1,1
annual_net_quarter_head,2745,2022-05-20,2022-05-30,-0.0147293413085614,2022,2022-03-31,learned_order_offset,20260910,0.5352346425984752,0.5352346425984752,1,0
annual_net_quarter_head,2750,2022-05-27,2022-06-13,0.0431748431927498,2022,2022-03-31,learned_order_offset,20260910,0.4632724456150939,0.4632724456150939,0,1
annual_net_quarter_head,2759,2022-06-10,2022-06-20,0.0306046547112142,2022,2022-03-31,learned_order_offset,20260910,0.49595397983932826,0.49595397983932826,0,1
annual_net_quarter_head,2764,2022-06-17,2022-06-27,0.0211666894141107,2022,2022-03-31,learned_order_offset,20260910,0.4684181988408201,0.4684181988408201,0,1
annual_net_quarter_head,2769,2022-06-24,2022-07-04,0.0074507343130214,2022,2022-03-31,learned_order_offset,20260910,0.46924691055748363,0.46924691055748363,0,1
annual_net_quarter_head,2715,2022-04-01,2022-04-12,-0.0129237372705649,2022,2022-03-31,learned_market,20260911,0.6661655757171112,0.6661655757171112,1,0
annual_net_quarter_head,2718,2022-04-08,2022-04-18,-0.0120986062576864,2022,2022-03-31,learned_market,20260911,0.5777452450385463,0.5777452450385463,1,0
annual_net_quarter_head,2723,2022-04-15,2022-04-25,-0.0528494340140576,2022,2022-03-31,learned_market,20260911,0.7270791607252736,0.7270791607252736,1,0
annual_net_quarter_head,2728,2022-04-22,2022-05-05,0.015736821365468,2022,2022-03-31,learned_market,20260911,0.692334726136169,0.692334726136169,1,1
annual_net_quarter_head,2733,2022-04-29,2022-05-11,-0.0278824133054675,2022,2022-03-31,learned_market,20260911,0.5160622422031342,0.5160622422031342,1,0
annual_net_quarter_head,2735,2022-05-06,2022-05-16,0.033741423035827,2022,2022-03-31,learned_market,20260911,0.4284045169824481,0.4284045169824481,0,1
annual_net_quarter_head,2740,2022-05-13,2022-05-23,0.0164308841843088,2022,2022-03-31,learned_market,20260911,0.505070074750999,0.505070074750999,1,1
annual_net_quarter_head,2745,2022-05-20,2022-05-30,-0.0147293413085614,2022,2022-03-31,learned_market,20260911,0.5591197622380863,0.5591197622380863,1,0
annual_net_quarter_head,2750,2022-05-27,2022-06-13,0.0431748431927498,2022,2022-03-31,learned_market,20260911,0.5779201299522054,0.5779201299522054,1,1
annual_net_quarter_head,2759,2022-06-10,2022-06-20,0.0306046547112142,2022,2022-03-31,learned_market,20260911,0.33441579147243244,0.33441579147243244,0,1
annual_net_quarter_head,2764,2022-06-17,2022-06-27,0.0211666894141107,2022,2022-03-31,learned_market,20260911,0.34567066557303067,0.34567066557303067,0,1
annual_net_quarter_head,2769,2022-06-24,2022-07-04,0.0074507343130214,2022,2022-03-31,learned_market,20260911,0.4432421683311986,0.4432421683311986,0,1
annual_net_quarter_head,2715,2022-04-01,2022-04-12,-0.0129237372705649,2022,2022-03-31,learned_vol_interaction,20260911,0.6797360219414668,0.6797360219414668,1,0
annual_net_quarter_head,2718,2022-04-08,2022-04-18,-0.0120986062576864,2022,2022-03-31,learned_vol_interaction,20260911,0.5702487301602783,0.5702487301602783,1,0
annual_net_quarter_head,2723,2022-04-15,2022-04-25,-0.0528494340140576,2022,2022-03-31,learned_vol_interaction,20260911,0.7332229848394599,0.7332229848394599,1,0
annual_net_quarter_head,2728,2022-04-22,2022-05-05,0.015736821365468,2022,2022-03-31,learned_vol_interaction,20260911,0.703060319039157,0.703060319039157,1,1
annual_net_quarter_head,2733,2022-04-29,2022-05-11,-0.0278824133054675,2022,2022-03-31,learned_vol_interaction,20260911,0.51133699431411,0.51133699431411,1,0
annual_net_quarter_head,2735,2022-05-06,2022-05-16,0.033741423035827,2022,2022-03-31,learned_vol_interaction,20260911,0.40481211693246705,0.40481211693246705,0,1
annual_net_quarter_head,2740,2022-05-13,2022-05-23,0.0164308841843088,2022,2022-03-31,learned_vol_interaction,20260911,0.4903275048400668,0.4903275048400668,0,1
annual_net_quarter_head,2745,2022-05-20,2022-05-30,-0.0147293413085614,2022,2022-03-31,learned_vol_interaction,20260911,0.5612507598502814,0.5612507598502814,1,0
annual_net_quarter_head,2750,2022-05-27,2022-06-13,0.0431748431927498,2022,2022-03-31,learned_vol_interaction,20260911,0.5824514571689042,0.5824514571689042,1,1
annual_net_quarter_head,2759,2022-06-10,2022-06-20,0.0306046547112142,2022,2022-03-31,learned_vol_interaction,20260911,0.33638324299996786,0.33638324299996786,0,1
annual_net_quarter_head,2764,2022-06-17,2022-06-27,0.0211666894141107,2022,2022-03-31,learned_vol_interaction,20260911,0.3506015869338298,0.3506015869338298,0,1
annual_net_quarter_head,2769,2022-06-24,2022-07-04,0.0074507343130214,2022,2022-03-31,learned_vol_interaction,20260911,0.45074408399363547,0.45074408399363547,0,1
annual_net_quarter_head,2715,2022-04-01,2022-04-12,-0.0129237372705649,2022,2022-03-31,learned_order_extension,20260911,0.6659655749257523,0.6659655749257523,1,0
annual_net_quarter_head,2718,2022-04-08,2022-04-18,-0.0120986062576864,2022,2022-03-31,learned_order_extension,20260911,0.550209927289642,0.550209927289642,1,0
annual_net_quarter_head,2723,2022-04-15,2022-04-25,-0.0528494340140576,2022,2022-03-31,learned_order_extension,20260911,0.737203336629371,0.737203336629371,1,0
annual_net_quarter_head,2728,2022-04-22,2022-05-05,0.015736821365468,2022,2022-03-31,learned_order_extension,20260911,0.7051343277111539,0.7051343277111539,1,1
annual_net_quarter_head,2733,2022-04-29,2022-05-11,-0.0278824133054675,2022,2022-03-31,learned_order_extension,20260911,0.5095204162797627,0.5095204162797627,1,0
annual_net_quarter_head,2735,2022-05-06,2022-05-16,0.033741423035827,2022,2022-03-31,learned_order_extension,20260911,0.40953086003583505,0.40953086003583505,0,1
annual_net_quarter_head,2740,2022-05-13,2022-05-23,0.0164308841843088,2022,2022-03-31,learned_order_extension,20260911,0.4853642519565582,0.4853642519565582,0,1
annual_net_quarter_head,2745,2022-05-20,2022-05-30,-0.0147293413085614,2022,2022-03-31,learned_order_extension,20260911,0.5546095569957321,0.5546095569957321,1,0
annual_net_quarter_head,2750,2022-05-27,2022-06-13,0.0431748431927498,2022,2022-03-31,learned_order_extension,20260911,0.5826186416822596,0.5826186416822596,1,1
annual_net_quarter_head,2759,2022-06-10,2022-06-20,0.0306046547112142,2022,2022-03-31,learned_order_extension,20260911,0.3291930201090681,0.3291930201090681,0,1
annual_net_quarter_head,2764,2022-06-17,2022-06-27,0.0211666894141107,2022,2022-03-31,learned_order_extension,20260911,0.3303622628775175,0.3303622628775175,0,1
annual_net_quarter_head,2769,2022-06-24,2022-07-04,0.0074507343130214,2022,2022-03-31,learned_order_extension,20260911,0.44369471082633155,0.44369471082633155,0,1
annual_net_quarter_head,2715,2022-04-01,2022-04-12,-0.0129237372705649,2022,2022-03-31,learned_order_offset,20260911,0.6658987643264928,0.6658987643264928,1,0
annual_net_quarter_head,2718,2022-04-08,2022-04-18,-0.0120986062576864,2022,2022-03-31,learned_order_offset,20260911,0.549262199100135,0.549262199100135,1,0
annual_net_quarter_head,2723,2022-04-15,2022-04-25,-0.0528494340140576,2022,2022-03-31,learned_order_offset,20260911,0.7363033148200113,0.7363033148200113,1,0
annual_net_quarter_head,2728,2022-04-22,2022-05-05,0.015736821365468,2022,2022-03-31,learned_order_offset,20260911,0.7048683171852564,0.7048683171852564,1,1
annual_net_quarter_head,2733,2022-04-29,2022-05-11,-0.0278824133054675,2022,2022-03-31,learned_order_offset,20260911,0.5087089629229519,0.5087089629229519,1,0
annual_net_quarter_head,2735,2022-05-06,2022-05-16,0.033741423035827,2022,2022-03-31,learned_order_offset,20260911,0.40761117917731443,0.40761117917731443,0,1
annual_net_quarter_head,2740,2022-05-13,2022-05-23,0.0164308841843088,2022,2022-03-31,learned_order_offset,20260911,0.48339086281184596,0.48339086281184596,0,1
annual_net_quarter_head,2745,2022-05-20,2022-05-30,-0.0147293413085614,2022,2022-03-31,learned_order_offset,20260911,0.554123160400392,0.554123160400392,1,0
annual_net_quarter_head,2750,2022-05-27,2022-06-13,0.0431748431927498,2022,2022-03-31,learned_order_offset,20260911,0.5823106170470267,0.5823106170470267,1,1
annual_net_quarter_head,2759,2022-06-10,2022-06-20,0.0306046547112142,2022,2022-03-31,learned_order_offset,20260911,0.3296324102089644,0.3296324102089644,0,1
annual_net_quarter_head,2764,2022-06-17,2022-06-27,0.0211666894141107,2022,2022-03-31,learned_order_offset,20260911,0.33101246950841673,0.33101246950841673,0,1
annual_net_quarter_head,2769,2022-06-24,2022-07-04,0.0074507343130214,2022,2022-03-31,learned_order_offset,20260911,0.4439013015263384,0.4439013015263384,0,1
annual_net_quarter_head,2715,2022-04-01,2022-04-12,-0.0129237372705649,2022,2022-03-31,learned_market,20260912,0.5474158145028784,0.5474158145028784,1,0
annual_net_quarter_head,2718,2022-04-08,2022-04-18,-0.0120986062576864,2022,2022-03-31,learned_market,20260912,0.5548722156006056,0.5548722156006056,1,0
annual_net_quarter_head,2723,2022-04-15,2022-04-25,-0.0528494340140576,2022,2022-03-31,learned_market,20260912,0.5423610353123143,0.5423610353123143,1,0
annual_net_quarter_head,2728,2022-04-22,2022-05-05,0.015736821365468,2022,2022-03-31,learned_market,20260912,0.4712038712521307,0.4712038712521307,0,1
annual_net_quarter_head,2733,2022-04-29,2022-05-11,-0.0278824133054675,2022,2022-03-31,learned_market,20260912,0.3735791315210476,0.3735791315210476,0,0
annual_net_quarter_head,2735,2022-05-06,2022-05-16,0.033741423035827,2022,2022-03-31,learned_market,20260912,0.4390794785618266,0.4390794785618266,0,1
annual_net_quarter_head,2740,2022-05-13,2022-05-23,0.0164308841843088,2022,2022-03-31,learned_market,20260912,0.4542791805445344,0.4542791805445344,0,1
annual_net_quarter_head,2745,2022-05-20,2022-05-30,-0.0147293413085614,2022,2022-03-31,learned_market,20260912,0.47286535537461577,0.47286535537461577,0,0
annual_net_quarter_head,2750,2022-05-27,2022-06-13,0.0431748431927498,2022,2022-03-31,learned_market,20260912,0.44551311350163675,0.44551311350163675,0,1
annual_net_quarter_head,2759,2022-06-10,2022-06-20,0.0306046547112142,2022,2022-03-31,learned_market,20260912,0.36856375080020115,0.36856375080020115,0,1
annual_net_quarter_head,2764,2022-06-17,2022-06-27,0.0211666894141107,2022,2022-03-31,learned_market,20260912,0.3526866443856258,0.3526866443856258,0,1
annual_net_quarter_head,2769,2022-06-24,2022-07-04,0.0074507343130214,2022,2022-03-31,learned_market,20260912,0.42437524463497006,0.42437524463497006,0,1
annual_net_quarter_head,2715,2022-04-01,2022-04-12,-0.0129237372705649,2022,2022-03-31,learned_vol_interaction,20260912,0.535861893094034,0.535861893094034,1,0
annual_net_quarter_head,2718,2022-04-08,2022-04-18,-0.0120986062576864,2022,2022-03-31,learned_vol_interaction,20260912,0.5513874787482148,0.5513874787482148,1,0
annual_net_quarter_head,2723,2022-04-15,2022-04-25,-0.0528494340140576,2022,2022-03-31,learned_vol_interaction,20260912,0.5423242269643427,0.5423242269643427,1,0
annual_net_quarter_head,2728,2022-04-22,2022-05-05,0.015736821365468,2022,2022-03-31,learned_vol_interaction,20260912,0.47790677592996267,0.47790677592996267,0,1
annual_net_quarter_head,2733,2022-04-29,2022-05-11,-0.0278824133054675,2022,2022-03-31,learned_vol_interaction,20260912,0.4028150042370374,0.4028150042370374,0,0
annual_net_quarter_head,2735,2022-05-06,2022-05-16,0.033741423035827,2022,2022-03-31,learned_vol_interaction,20260912,0.46509374370066114,0.46509374370066114,0,1
annual_net_quarter_head,2740,2022-05-13,2022-05-23,0.0164308841843088,2022,2022-03-31,learned_vol_interaction,20260912,0.46901493449632964,0.46901493449632964,0,1
annual_net_quarter_head,2745,2022-05-20,2022-05-30,-0.0147293413085614,2022,2022-03-31,learned_vol_interaction,20260912,0.4748925147032317,0.4748925147032317,0,0
annual_net_quarter_head,2750,2022-05-27,2022-06-13,0.0431748431927498,2022,2022-03-31,learned_vol_interaction,20260912,0.44454743926121343,0.44454743926121343,0,1
annual_net_quarter_head,2759,2022-06-10,2022-06-20,0.0306046547112142,2022,2022-03-31,learned_vol_interaction,20260912,0.35400259909468623,0.35400259909468623,0,1
annual_net_quarter_head,2764,2022-06-17,2022-06-27,0.0211666894141107,2022,2022-03-31,learned_vol_interaction,20260912,0.33565292971491983,0.33565292971491983,0,1
annual_net_quarter_head,2769,2022-06-24,2022-07-04,0.0074507343130214,2022,2022-03-31,learned_vol_interaction,20260912,0.40654220314703104,0.40654220314703104,0,1
annual_net_quarter_head,2715,2022-04-01,2022-04-12,-0.0129237372705649,2022,2022-03-31,learned_order_extension,20260912,0.557393597075946,0.557393597075946,1,0
annual_net_quarter_head,2718,2022-04-08,2022-04-18,-0.0120986062576864,2022,2022-03-31,learned_order_extension,20260912,0.5632122792139181,0.5632122792139181,1,0
annual_net_quarter_head,2723,2022-04-15,2022-04-25,-0.0528494340140576,2022,2022-03-31,learned_order_extension,20260912,0.5496703662033545,0.5496703662033545,1,0
annual_net_quarter_head,2728,2022-04-22,2022-05-05,0.015736821365468,2022,2022-03-31,learned_order_extension,20260912,0.5015669086537643,0.5015669086537643,1,1
annual_net_quarter_head,2733,2022-04-29,2022-05-11,-0.0278824133054675,2022,2022-03-31,learned_order_extension,20260912,0.3983053152156827,0.3983053152156827,0,0
annual_net_quarter_head,2735,2022-05-06,2022-05-16,0.033741423035827,2022,2022-03-31,learned_order_extension,20260912,0.4630639951581189,0.4630639951581189,0,1
annual_net_quarter_head,2740,2022-05-13,2022-05-23,0.0164308841843088,2022,2022-03-31,learned_order_extension,20260912,0.46447364646625244,0.46447364646625244,0,1
annual_net_quarter_head,2745,2022-05-20,2022-05-30,-0.0147293413085614,2022,2022-03-31,learned_order_extension,20260912,0.48212472812668017,0.48212472812668017,0,0
annual_net_quarter_head,2750,2022-05-27,2022-06-13,0.0431748431927498,2022,2022-03-31,learned_order_extension,20260912,0.44725710008592745,0.44725710008592745,0,1
annual_net_quarter_head,2759,2022-06-10,2022-06-20,0.0306046547112142,2022,2022-03-31,learned_order_extension,20260912,0.37816924661540713,0.37816924661540713,0,1
annual_net_quarter_head,2764,2022-06-17,2022-06-27,0.0211666894141107,2022,2022-03-31,learned_order_extension,20260912,0.3961795276002486,0.3961795276002486,0,1
annual_net_quarter_head,2769,2022-06-24,2022-07-04,0.0074507343130214,2022,2022-03-31,learned_order_extension,20260912,0.4332808845926089,0.4332808845926089,0,1
annual_net_quarter_head,2715,2022-04-01,2022-04-12,-0.0129237372705649,2022,2022-03-31,learned_order_offset,20260912,0.5579951213295311,0.5579951213295311,1,0
annual_net_quarter_head,2718,2022-04-08,2022-04-18,-0.0120986062576864,2022,2022-03-31,learned_order_offset,20260912,0.563507213650978,0.563507213650978,1,0
annual_net_quarter_head,2723,2022-04-15,2022-04-25,-0.0528494340140576,2022,2022-03-31,learned_order_offset,20260912,0.5496030629793116,0.5496030629793116,1,0
annual_net_quarter_head,2728,2022-04-22,2022-05-05,0.015736821365468,2022,2022-03-31,learned_order_offset,20260912,0.5019181619096535,0.5019181619096535,1,1
annual_net_quarter_head,2733,2022-04-29,2022-05-11,-0.0278824133054675,2022,2022-03-31,learned_order_offset,20260912,0.3987614884841608,0.3987614884841608,0,0
annual_net_quarter_head,2735,2022-05-06,2022-05-16,0.033741423035827,2022,2022-03-31,learned_order_offset,20260912,0.46314752928061564,0.46314752928061564,0,1
annual_net_quarter_head,2740,2022-05-13,2022-05-23,0.0164308841843088,2022,2022-03-31,learned_order_offset,20260912,0.46464453100013525,0.46464453100013525,0,1
annual_net_quarter_head,2745,2022-05-20,2022-05-30,-0.0147293413085614,2022,2022-03-31,learned_order_offset,20260912,0.48267863216413814,0.48267863216413814,0,0
annual_net_quarter_head,2750,2022-05-27,2022-06-13,0.0431748431927498,2022,2022-03-31,learned_order_offset,20260912,0.4477623428422491,0.4477623428422491,0,1
annual_net_quarter_head,2759,2022-06-10,2022-06-20,0.0306046547112142,2022,2022-03-31,learned_order_offset,20260912,0.37950833081355173,0.37950833081355173,0,1
annual_net_quarter_head,2764,2022-06-17,2022-06-27,0.0211666894141107,2022,2022-03-31,learned_order_offset,20260912,0.3976535817359876,0.3976535817359876,0,1
annual_net_quarter_head,2769,2022-06-24,2022-07-04,0.0074507343130214,2022,2022-03-31,learned_order_offset,20260912,0.43422357628246866,0.43422357628246866,0,1
annual_net_quarter_head,2774,2022-07-01,2022-07-11,-0.0092349827532707,2022,2022-06-30,learned_market,20260910,0.5667290404727092,0.5667290404727092,1,0
annual_net_quarter_head,2779,2022-07-08,2022-07-18,-0.0326815927737367,2022,2022-06-30,learned_market,20260910,0.524281247169388,0.524281247169388,1,0
annual_net_quarter_head,2784,2022-07-15,2022-07-25,-0.0066210715249344,2022,2022-06-30,learned_market,20260910,0.5232554877029845,0.5232554877029845,1,0
annual_net_quarter_head,2789,2022-07-22,2022-08-01,-0.0173077967751003,2022,2022-06-30,learned_market,20260910,0.5857014645990212,0.5857014645990212,1,0
annual_net_quarter_head,2794,2022-07-29,2022-08-08,-0.004456034513838,2022,2022-06-30,learned_market,20260910,0.6762793088013165,0.6762793088013165,1,0
annual_net_quarter_head,2799,2022-08-05,2022-08-15,0.0091475117753996,2022,2022-06-30,learned_market,20260910,0.6757885478034293,0.6757885478034293,1,1
annual_net_quarter_head,2804,2022-08-12,2022-08-22,-0.0107272727272728,2022,2022-06-30,learned_market,20260910,0.689170279538206,0.689170279538206,1,0
annual_net_quarter_head,2809,2022-08-19,2022-08-29,-0.0172375434082356,2022,2022-06-30,learned_market,20260910,0.6522077024664825,0.6522077024664825,1,0
annual_net_quarter_head,2814,2022-08-26,2022-09-05,-0.0131573766941938,2022,2022-06-30,learned_market,20260910,0.56807931170561,0.56807931170561,1,0
annual_net_quarter_head,2819,2022-09-02,2022-09-13,0.0253340680878015,2022,2022-06-30,learned_market,20260910,0.5357660530873666,0.5357660530873666,1,1
annual_net_quarter_head,2824,2022-09-09,2022-09-19,-0.044647264962877,2022,2022-06-30,learned_market,20260910,0.6139756832106084,0.6139756832106084,1,0
annual_net_quarter_head,2828,2022-09-16,2022-09-26,-0.025155151434928,2022,2022-06-30,learned_market,20260910,0.5440410277271482,0.5440410277271482,1,0
annual_net_quarter_head,2833,2022-09-23,2022-10-10,-0.0060162941299352,2022,2022-06-30,learned_market,20260910,0.6372838244656671,0.6372838244656671,1,0
annual_net_quarter_head,2838,2022-09-30,2022-10-17,0.0041192047412885,2022,2022-06-30,learned_market,20260910,0.5292456453689778,0.5292456453689778,1,1
annual_net_quarter_head,2774,2022-07-01,2022-07-11,-0.0092349827532707,2022,2022-06-30,learned_vol_interaction,20260910,0.5659837410615245,0.5659837410615245,1,0
annual_net_quarter_head,2779,2022-07-08,2022-07-18,-0.0326815927737367,2022,2022-06-30,learned_vol_interaction,20260910,0.5184608212667261,0.5184608212667261,1,0
annual_net_quarter_head,2784,2022-07-15,2022-07-25,-0.0066210715249344,2022,2022-06-30,learned_vol_interaction,20260910,0.5205882729483373,0.5205882729483373,1,0
annual_net_quarter_head,2789,2022-07-22,2022-08-01,-0.0173077967751003,2022,2022-06-30,learned_vol_interaction,20260910,0.5888426084675621,0.5888426084675621,1,0
annual_net_quarter_head,2794,2022-07-29,2022-08-08,-0.004456034513838,2022,2022-06-30,learned_vol_interaction,20260910,0.6736478873227667,0.6736478873227667,1,0
annual_net_quarter_head,2799,2022-08-05,2022-08-15,0.0091475117753996,2022,2022-06-30,learned_vol_interaction,20260910,0.6879430621640564,0.6879430621640564,1,1
annual_net_quarter_head,2804,2022-08-12,2022-08-22,-0.0107272727272728,2022,2022-06-30,learned_vol_interaction,20260910,0.703078746992479,0.703078746992479,1,0
annual_net_quarter_head,2809,2022-08-19,2022-08-29,-0.0172375434082356,2022,2022-06-30,learned_vol_interaction,20260910,0.6460602451638827,0.6460602451638827,1,0
annual_net_quarter_head,2814,2022-08-26,2022-09-05,-0.0131573766941938,2022,2022-06-30,learned_vol_interaction,20260910,0.5688827654236208,0.5688827654236208,1,0
annual_net_quarter_head,2819,2022-09-02,2022-09-13,0.0253340680878015,2022,2022-06-30,learned_vol_interaction,20260910,0.5427364127109997,0.5427364127109997,1,1
annual_net_quarter_head,2824,2022-09-09,2022-09-19,-0.044647264962877,2022,2022-06-30,learned_vol_interaction,20260910,0.630896821743258,0.630896821743258,1,0
annual_net_quarter_head,2828,2022-09-16,2022-09-26,-0.025155151434928,2022,2022-06-30,learned_vol_interaction,20260910,0.5583381841188736,0.5583381841188736,1,0
annual_net_quarter_head,2833,2022-09-23,2022-10-10,-0.0060162941299352,2022,2022-06-30,learned_vol_interaction,20260910,0.6511067181745087,0.6511067181745087,1,0
annual_net_quarter_head,2838,2022-09-30,2022-10-17,0.0041192047412885,2022,2022-06-30,learned_vol_interaction,20260910,0.5408909912181202,0.5408909912181202,1,1
annual_net_quarter_head,2774,2022-07-01,2022-07-11,-0.0092349827532707,2022,2022-06-30,learned_order_extension,20260910,0.5503334776022458,0.5503334776022458,1,0
annual_net_quarter_head,2779,2022-07-08,2022-07-18,-0.0326815927737367,2022,2022-06-30,learned_order_extension,20260910,0.542339892754444,0.542339892754444,1,0
annual_net_quarter_head,2784,2022-07-15,2022-07-25,-0.0066210715249344,2022,2022-06-30,learned_order_extension,20260910,0.5210400312135516,0.5210400312135516,1,0
annual_net_quarter_head,2789,2022-07-22,2022-08-01,-0.0173077967751003,2022,2022-06-30,learned_order_extension,20260910,0.5725196034346058,0.5725196034346058,1,0
annual_net_quarter_head,2794,2022-07-29,2022-08-08,-0.004456034513838,2022,2022-06-30,learned_order_extension,20260910,0.5567385895099557,0.5567385895099557,1,0
annual_net_quarter_head,2799,2022-08-05,2022-08-15,0.0091475117753996,2022,2022-06-30,learned_order_extension,20260910,0.5426357102445817,0.5426357102445817,1,1
annual_net_quarter_head,2804,2022-08-12,2022-08-22,-0.0107272727272728,2022,2022-06-30,learned_order_extension,20260910,0.5339251281513485,0.5339251281513485,1,0
annual_net_quarter_head,2809,2022-08-19,2022-08-29,-0.0172375434082356,2022,2022-06-30,learned_order_extension,20260910,0.5096628988763673,0.5096628988763673,1,0
annual_net_quarter_head,2814,2022-08-26,2022-09-05,-0.0131573766941938,2022,2022-06-30,learned_order_extension,20260910,0.5655247766265215,0.5655247766265215,1,0
annual_net_quarter_head,2819,2022-09-02,2022-09-13,0.0253340680878015,2022,2022-06-30,learned_order_extension,20260910,0.5372140239750866,0.5372140239750866,1,1
annual_net_quarter_head,2824,2022-09-09,2022-09-19,-0.044647264962877,2022,2022-06-30,learned_order_extension,20260910,0.5069569450878721,0.5069569450878721,1,0
annual_net_quarter_head,2828,2022-09-16,2022-09-26,-0.025155151434928,2022,2022-06-30,learned_order_extension,20260910,0.5077307762809888,0.5077307762809888,1,0
annual_net_quarter_head,2833,2022-09-23,2022-10-10,-0.0060162941299352,2022,2022-06-30,learned_order_extension,20260910,0.5002387904943093,0.5002387904943093,1,0
annual_net_quarter_head,2838,2022-09-30,2022-10-17,0.0041192047412885,2022,2022-06-30,learned_order_extension,20260910,0.5177624580051124,0.5177624580051124,1,1
annual_net_quarter_head,2774,2022-07-01,2022-07-11,-0.0092349827532707,2022,2022-06-30,learned_order_offset,20260910,0.5501776999271216,0.5501776999271216,1,0
annual_net_quarter_head,2779,2022-07-08,2022-07-18,-0.0326815927737367,2022,2022-06-30,learned_order_offset,20260910,0.5429386400480377,0.5429386400480377,1,0
annual_net_quarter_head,2784,2022-07-15,2022-07-25,-0.0066210715249344,2022,2022-06-30,learned_order_offset,20260910,0.520920899456756,0.520920899456756,1,0
annual_net_quarter_head,2789,2022-07-22,2022-08-01,-0.0173077967751003,2022,2022-06-30,learned_order_offset,20260910,0.5715435706830388,0.5715435706830388,1,0
annual_net_quarter_head,2794,2022-07-29,2022-08-08,-0.004456034513838,2022,2022-06-30,learned_order_offset,20260910,0.5561576969409424,0.5561576969409424,1,0
annual_net_quarter_head,2799,2022-08-05,2022-08-15,0.0091475117753996,2022,2022-06-30,learned_order_offset,20260910,0.5405888711915136,0.5405888711915136,1,1
annual_net_quarter_head,2804,2022-08-12,2022-08-22,-0.0107272727272728,2022,2022-06-30,learned_order_offset,20260910,0.5316694183979163,0.5316694183979163,1,0
annual_net_quarter_head,2809,2022-08-19,2022-08-29,-0.0172375434082356,2022,2022-06-30,learned_order_offset,20260910,0.5096568889640372,0.5096568889640372,1,0
annual_net_quarter_head,2814,2022-08-26,2022-09-05,-0.0131573766941938,2022,2022-06-30,learned_order_offset,20260910,0.5654155212284762,0.5654155212284762,1,0
annual_net_quarter_head,2819,2022-09-02,2022-09-13,0.0253340680878015,2022,2022-06-30,learned_order_offset,20260910,0.5362706517828366,0.5362706517828366,1,1
annual_net_quarter_head,2824,2022-09-09,2022-09-19,-0.044647264962877,2022,2022-06-30,learned_order_offset,20260910,0.5054436902346953,0.5054436902346953,1,0
annual_net_quarter_head,2828,2022-09-16,2022-09-26,-0.025155151434928,2022,2022-06-30,learned_order_offset,20260910,0.5068212108033903,0.5068212108033903,1,0
annual_net_quarter_head,2833,2022-09-23,2022-10-10,-0.0060162941299352,2022,2022-06-30,learned_order_offset,20260910,0.49889643203621237,0.49889643203621237,0,0
annual_net_quarter_head,2838,2022-09-30,2022-10-17,0.0041192047412885,2022,2022-06-30,learned_order_offset,20260910,0.5166277115819942,0.5166277115819942,1,1
annual_net_quarter_head,2774,2022-07-01,2022-07-11,-0.0092349827532707,2022,2022-06-30,learned_market,20260911,0.529091387379899,0.529091387379899,1,0
annual_net_quarter_head,2779,2022-07-08,2022-07-18,-0.0326815927737367,2022,2022-06-30,learned_market,20260911,0.5396175150455472,0.5396175150455472,1,0
annual_net_quarter_head,2784,2022-07-15,2022-07-25,-0.0066210715249344,2022,2022-06-30,learned_market,20260911,0.3469071658343668,0.3469071658343668,0,0
annual_net_quarter_head,2789,2022-07-22,2022-08-01,-0.0173077967751003,2022,2022-06-30,learned_market,20260911,0.4005037587610518,0.4005037587610518,0,0
annual_net_quarter_head,2794,2022-07-29,2022-08-08,-0.004456034513838,2022,2022-06-30,learned_market,20260911,0.5139418415383189,0.5139418415383189,1,0
annual_net_quarter_head,2799,2022-08-05,2022-08-15,0.0091475117753996,2022,2022-06-30,learned_market,20260911,0.6675989798131367,0.6675989798131367,1,1
annual_net_quarter_head,2804,2022-08-12,2022-08-22,-0.0107272727272728,2022,2022-06-30,learned_market,20260911,0.6551922784523251,0.6551922784523251,1,0
annual_net_quarter_head,2809,2022-08-19,2022-08-29,-0.0172375434082356,2022,2022-06-30,learned_market,20260911,0.6341557699980479,0.6341557699980479,1,0
annual_net_quarter_head,2814,2022-08-26,2022-09-05,-0.0131573766941938,2022,2022-06-30,learned_market,20260911,0.6810252365531244,0.6810252365531244,1,0
annual_net_quarter_head,2819,2022-09-02,2022-09-13,0.0253340680878015,2022,2022-06-30,learned_market,20260911,0.5869256758206077,0.5869256758206077,1,1
annual_net_quarter_head,2824,2022-09-09,2022-09-19,-0.044647264962877,2022,2022-06-30,learned_market,20260911,0.49376802119999197,0.49376802119999197,0,0
annual_net_quarter_head,2828,2022-09-16,2022-09-26,-0.025155151434928,2022,2022-06-30,learned_market,20260911,0.5565542247097918,0.5565542247097918,1,0
annual_net_quarter_head,2833,2022-09-23,2022-10-10,-0.0060162941299352,2022,2022-06-30,learned_market,20260911,0.6095923928644639,0.6095923928644639,1,0
annual_net_quarter_head,2838,2022-09-30,2022-10-17,0.0041192047412885,2022,2022-06-30,learned_market,20260911,0.5896600374679671,0.5896600374679671,1,1
annual_net_quarter_head,2774,2022-07-01,2022-07-11,-0.0092349827532707,2022,2022-06-30,learned_vol_interaction,20260911,0.5332202930987688,0.5332202930987688,1,0
annual_net_quarter_head,2779,2022-07-08,2022-07-18,-0.0326815927737367,2022,2022-06-30,learned_vol_interaction,20260911,0.545803684595258,0.545803684595258,1,0
annual_net_quarter_head,2784,2022-07-15,2022-07-25,-0.0066210715249344,2022,2022-06-30,learned_vol_interaction,20260911,0.3529896702747344,0.3529896702747344,0,0
annual_net_quarter_head,2789,2022-07-22,2022-08-01,-0.0173077967751003,2022,2022-06-30,learned_vol_interaction,20260911,0.40848969266584734,0.40848969266584734,0,0
annual_net_quarter_head,2794,2022-07-29,2022-08-08,-0.004456034513838,2022,2022-06-30,learned_vol_interaction,20260911,0.5175468215560954,0.5175468215560954,1,0
annual_net_quarter_head,2799,2022-08-05,2022-08-15,0.0091475117753996,2022,2022-06-30,learned_vol_interaction,20260911,0.6682220787071244,0.6682220787071244,1,1
annual_net_quarter_head,2804,2022-08-12,2022-08-22,-0.0107272727272728,2022,2022-06-30,learned_vol_interaction,20260911,0.6556807570248332,0.6556807570248332,1,0
annual_net_quarter_head,2809,2022-08-19,2022-08-29,-0.0172375434082356,2022,2022-06-30,learned_vol_interaction,20260911,0.6365165587128643,0.6365165587128643,1,0
annual_net_quarter_head,2814,2022-08-26,2022-09-05,-0.0131573766941938,2022,2022-06-30,learned_vol_interaction,20260911,0.6827720228075757,0.6827720228075757,1,0
annual_net_quarter_head,2819,2022-09-02,2022-09-13,0.0253340680878015,2022,2022-06-30,learned_vol_interaction,20260911,0.5901840782976162,0.5901840782976162,1,1
annual_net_quarter_head,2824,2022-09-09,2022-09-19,-0.044647264962877,2022,2022-06-30,learned_vol_interaction,20260911,0.4971227351864423,0.4971227351864423,0,0
annual_net_quarter_head,2828,2022-09-16,2022-09-26,-0.025155151434928,2022,2022-06-30,learned_vol_interaction,20260911,0.5576554063325853,0.5576554063325853,1,0
annual_net_quarter_head,2833,2022-09-23,2022-10-10,-0.0060162941299352,2022,2022-06-30,learned_vol_interaction,20260911,0.6075286252781719,0.6075286252781719,1,0
annual_net_quarter_head,2838,2022-09-30,2022-10-17,0.0041192047412885,2022,2022-06-30,learned_vol_interaction,20260911,0.5889648988188637,0.5889648988188637,1,1
annual_net_quarter_head,2774,2022-07-01,2022-07-11,-0.0092349827532707,2022,2022-06-30,learned_order_extension,20260911,0.5212837620707498,0.5212837620707498,1,0
annual_net_quarter_head,2779,2022-07-08,2022-07-18,-0.0326815927737367,2022,2022-06-30,learned_order_extension,20260911,0.532623548452292,0.532623548452292,1,0
annual_net_quarter_head,2784,2022-07-15,2022-07-25,-0.0066210715249344,2022,2022-06-30,learned_order_extension,20260911,0.338391908828617,0.338391908828617,0,0
annual_net_quarter_head,2789,2022-07-22,2022-08-01,-0.0173077967751003,2022,2022-06-30,learned_order_extension,20260911,0.3700664726635692,0.3700664726635692,0,0
annual_net_quarter_head,2794,2022-07-29,2022-08-08,-0.004456034513838,2022,2022-06-30,learned_order_extension,20260911,0.5040649534940251,0.5040649534940251,1,0
annual_net_quarter_head,2799,2022-08-05,2022-08-15,0.0091475117753996,2022,2022-06-30,learned_order_extension,20260911,0.7227007516523797,0.7227007516523797,1,1
annual_net_quarter_head,2804,2022-08-12,2022-08-22,-0.0107272727272728,2022,2022-06-30,learned_order_extension,20260911,0.7089584067158865,0.7089584067158865,1,0
annual_net_quarter_head,2809,2022-08-19,2022-08-29,-0.0172375434082356,2022,2022-06-30,learned_order_extension,20260911,0.6910347034108043,0.6910347034108043,1,0
annual_net_quarter_head,2814,2022-08-26,2022-09-05,-0.0131573766941938,2022,2022-06-30,learned_order_extension,20260911,0.7583428689083044,0.7583428689083044,1,0
annual_net_quarter_head,2819,2022-09-02,2022-09-13,0.0253340680878015,2022,2022-06-30,learned_order_extension,20260911,0.620340774726373,0.620340774726373,1,1
annual_net_quarter_head,2824,2022-09-09,2022-09-19,-0.044647264962877,2022,2022-06-30,learned_order_extension,20260911,0.4930902438090282,0.4930902438090282,0,0
annual_net_quarter_head,2828,2022-09-16,2022-09-26,-0.025155151434928,2022,2022-06-30,learned_order_extension,20260911,0.5876953042616053,0.5876953042616053,1,0
annual_net_quarter_head,2833,2022-09-23,2022-10-10,-0.0060162941299352,2022,2022-06-30,learned_order_extension,20260911,0.6305309082785,0.6305309082785,1,0
annual_net_quarter_head,2838,2022-09-30,2022-10-17,0.0041192047412885,2022,2022-06-30,learned_order_extension,20260911,0.6052635697533705,0.6052635697533705,1,1
annual_net_quarter_head,2774,2022-07-01,2022-07-11,-0.0092349827532707,2022,2022-06-30,learned_order_offset,20260911,0.5211274220611657,0.5211274220611657,1,0
annual_net_quarter_head,2779,2022-07-08,2022-07-18,-0.0326815927737367,2022,2022-06-30,learned_order_offset,20260911,0.5325651501596145,0.5325651501596145,1,0
annual_net_quarter_head,2784,2022-07-15,2022-07-25,-0.0066210715249344,2022,2022-06-30,learned_order_offset,20260911,0.3389994878386268,0.3389994878386268,0,0
annual_net_quarter_head,2789,2022-07-22,2022-08-01,-0.0173077967751003,2022,2022-06-30,learned_order_offset,20260911,0.3709186958026604,0.3709186958026604,0,0
annual_net_quarter_head,2794,2022-07-29,2022-08-08,-0.004456034513838,2022,2022-06-30,learned_order_offset,20260911,0.5043003453018668,0.5043003453018668,1,0
annual_net_quarter_head,2799,2022-08-05,2022-08-15,0.0091475117753996,2022,2022-06-30,learned_order_offset,20260911,0.7224433865613844,0.7224433865613844,1,1
annual_net_quarter_head,2804,2022-08-12,2022-08-22,-0.0107272727272728,2022,2022-06-30,learned_order_offset,20260911,0.7086601473067302,0.7086601473067302,1,0
annual_net_quarter_head,2809,2022-08-19,2022-08-29,-0.0172375434082356,2022,2022-06-30,learned_order_offset,20260911,0.6910206054767097,0.6910206054767097,1,0
annual_net_quarter_head,2814,2022-08-26,2022-09-05,-0.0131573766941938,2022,2022-06-30,learned_order_offset,20260911,0.7582792449719603,0.7582792449719603,1,0
annual_net_quarter_head,2819,2022-09-02,2022-09-13,0.0253340680878015,2022,2022-06-30,learned_order_offset,20260911,0.6206646018650255,0.6206646018650255,1,1
annual_net_quarter_head,2824,2022-09-09,2022-09-19,-0.044647264962877,2022,2022-06-30,learned_order_offset,20260911,0.49340463316271344,0.49340463316271344,0,0
annual_net_quarter_head,2828,2022-09-16,2022-09-26,-0.025155151434928,2022,2022-06-30,learned_order_offset,20260911,0.587692976144759,0.587692976144759,1,0
annual_net_quarter_head,2833,2022-09-23,2022-10-10,-0.0060162941299352,2022,2022-06-30,learned_order_offset,20260911,0.629521415354967,0.629521415354967,1,0
annual_net_quarter_head,2838,2022-09-30,2022-10-17,0.0041192047412885,2022,2022-06-30,learned_order_offset,20260911,0.6051855365764117,0.6051855365764117,1,1
annual_net_quarter_head,2774,2022-07-01,2022-07-11,-0.0092349827532707,2022,2022-06-30,learned_market,20260912,0.47866605654378414,0.47866605654378414,0,0
annual_net_quarter_head,2779,2022-07-08,2022-07-18,-0.0326815927737367,2022,2022-06-30,learned_market,20260912,0.5037862738675452,0.5037862738675452,1,0
annual_net_quarter_head,2784,2022-07-15,2022-07-25,-0.0066210715249344,2022,2022-06-30,learned_market,20260912,0.5264988828604091,0.5264988828604091,1,0
annual_net_quarter_head,2789,2022-07-22,2022-08-01,-0.0173077967751003,2022,2022-06-30,learned_market,20260912,0.5476722641975235,0.5476722641975235,1,0
annual_net_quarter_head,2794,2022-07-29,2022-08-08,-0.004456034513838,2022,2022-06-30,learned_market,20260912,0.6410522466498854,0.6410522466498854,1,0
annual_net_quarter_head,2799,2022-08-05,2022-08-15,0.0091475117753996,2022,2022-06-30,learned_market,20260912,0.6050557230758152,0.6050557230758152,1,1
annual_net_quarter_head,2804,2022-08-12,2022-08-22,-0.0107272727272728,2022,2022-06-30,learned_market,20260912,0.557818222036222,0.557818222036222,1,0
annual_net_quarter_head,2809,2022-08-19,2022-08-29,-0.0172375434082356,2022,2022-06-30,learned_market,20260912,0.5206642838969753,0.5206642838969753,1,0
annual_net_quarter_head,2814,2022-08-26,2022-09-05,-0.0131573766941938,2022,2022-06-30,learned_market,20260912,0.5405657764667157,0.5405657764667157,1,0
annual_net_quarter_head,2819,2022-09-02,2022-09-13,0.0253340680878015,2022,2022-06-30,learned_market,20260912,0.5775977393903381,0.5775977393903381,1,1
annual_net_quarter_head,2824,2022-09-09,2022-09-19,-0.044647264962877,2022,2022-06-30,learned_market,20260912,0.6467852081754819,0.6467852081754819,1,0
annual_net_quarter_head,2828,2022-09-16,2022-09-26,-0.025155151434928,2022,2022-06-30,learned_market,20260912,0.6364485555494371,0.6364485555494371,1,0
annual_net_quarter_head,2833,2022-09-23,2022-10-10,-0.0060162941299352,2022,2022-06-30,learned_market,20260912,0.6142161989119268,0.6142161989119268,1,0
annual_net_quarter_head,2838,2022-09-30,2022-10-17,0.0041192047412885,2022,2022-06-30,learned_market,20260912,0.5981906162481082,0.5981906162481082,1,1
annual_net_quarter_head,2774,2022-07-01,2022-07-11,-0.0092349827532707,2022,2022-06-30,learned_vol_interaction,20260912,0.47473740671801895,0.47473740671801895,0,0
annual_net_quarter_head,2779,2022-07-08,2022-07-18,-0.0326815927737367,2022,2022-06-30,learned_vol_interaction,20260912,0.5009862744695092,0.5009862744695092,1,0
annual_net_quarter_head,2784,2022-07-15,2022-07-25,-0.0066210715249344,2022,2022-06-30,learned_vol_interaction,20260912,0.5241736143221116,0.5241736143221116,1,0
annual_net_quarter_head,2789,2022-07-22,2022-08-01,-0.0173077967751003,2022,2022-06-30,learned_vol_interaction,20260912,0.5462137747507372,0.5462137747507372,1,0
annual_net_quarter_head,2794,2022-07-29,2022-08-08,-0.004456034513838,2022,2022-06-30,learned_vol_interaction,20260912,0.6439659034955771,0.6439659034955771,1,0
annual_net_quarter_head,2799,2022-08-05,2022-08-15,0.0091475117753996,2022,2022-06-30,learned_vol_interaction,20260912,0.606441171612468,0.606441171612468,1,1
annual_net_quarter_head,2804,2022-08-12,2022-08-22,-0.0107272727272728,2022,2022-06-30,learned_vol_interaction,20260912,0.5580072385469279,0.5580072385469279,1,0
annual_net_quarter_head,2809,2022-08-19,2022-08-29,-0.0172375434082356,2022,2022-06-30,learned_vol_interaction,20260912,0.5210426521688888,0.5210426521688888,1,0
annual_net_quarter_head,2814,2022-08-26,2022-09-05,-0.0131573766941938,2022,2022-06-30,learned_vol_interaction,20260912,0.5407477073742327,0.5407477073742327,1,0
annual_net_quarter_head,2819,2022-09-02,2022-09-13,0.0253340680878015,2022,2022-06-30,learned_vol_interaction,20260912,0.5766563923001915,0.5766563923001915,1,1
annual_net_quarter_head,2824,2022-09-09,2022-09-19,-0.044647264962877,2022,2022-06-30,learned_vol_interaction,20260912,0.6501169277452136,0.6501169277452136,1,0
annual_net_quarter_head,2828,2022-09-16,2022-09-26,-0.025155151434928,2022,2022-06-30,learned_vol_interaction,20260912,0.6385585458193064,0.6385585458193064,1,0
annual_net_quarter_head,2833,2022-09-23,2022-10-10,-0.0060162941299352,2022,2022-06-30,learned_vol_interaction,20260912,0.6166022148587887,0.6166022148587887,1,0
annual_net_quarter_head,2838,2022-09-30,2022-10-17,0.0041192047412885,2022,2022-06-30,learned_vol_interaction,20260912,0.6000519978228752,0.6000519978228752,1,1
annual_net_quarter_head,2774,2022-07-01,2022-07-11,-0.0092349827532707,2022,2022-06-30,learned_order_extension,20260912,0.511957045231171,0.511957045231171,1,0
annual_net_quarter_head,2779,2022-07-08,2022-07-18,-0.0326815927737367,2022,2022-06-30,learned_order_extension,20260912,0.5583505584442773,0.5583505584442773,1,0
annual_net_quarter_head,2784,2022-07-15,2022-07-25,-0.0066210715249344,2022,2022-06-30,learned_order_extension,20260912,0.533505457455603,0.533505457455603,1,0
annual_net_quarter_head,2789,2022-07-22,2022-08-01,-0.0173077967751003,2022,2022-06-30,learned_order_extension,20260912,0.5708829377894383,0.5708829377894383,1,0
annual_net_quarter_head,2794,2022-07-29,2022-08-08,-0.004456034513838,2022,2022-06-30,learned_order_extension,20260912,0.47303903340549497,0.47303903340549497,0,0
annual_net_quarter_head,2799,2022-08-05,2022-08-15,0.0091475117753996,2022,2022-06-30,learned_order_extension,20260912,0.49591284014851955,0.49591284014851955,0,1
annual_net_quarter_head,2804,2022-08-12,2022-08-22,-0.0107272727272728,2022,2022-06-30,learned_order_extension,20260912,0.5574984876510463,0.5574984876510463,1,0
annual_net_quarter_head,2809,2022-08-19,2022-08-29,-0.0172375434082356,2022,2022-06-30,learned_order_extension,20260912,0.5601708809881251,0.5601708809881251,1,0
annual_net_quarter_head,2814,2022-08-26,2022-09-05,-0.0131573766941938,2022,2022-06-30,learned_order_extension,20260912,0.5454143361435083,0.5454143361435083,1,0
annual_net_quarter_head,2819,2022-09-02,2022-09-13,0.0253340680878015,2022,2022-06-30,learned_order_extension,20260912,0.5219463519242363,0.5219463519242363,1,1
annual_net_quarter_head,2824,2022-09-09,2022-09-19,-0.044647264962877,2022,2022-06-30,learned_order_extension,20260912,0.38953770998644077,0.38953770998644077,0,0
annual_net_quarter_head,2828,2022-09-16,2022-09-26,-0.025155151434928,2022,2022-06-30,learned_order_extension,20260912,0.3853631031112888,0.3853631031112888,0,0
annual_net_quarter_head,2833,2022-09-23,2022-10-10,-0.0060162941299352,2022,2022-06-30,learned_order_extension,20260912,0.4443550653614667,0.4443550653614667,0,0
annual_net_quarter_head,2838,2022-09-30,2022-10-17,0.0041192047412885,2022,2022-06-30,learned_order_extension,20260912,0.4899524075377876,0.4899524075377876,0,1
annual_net_quarter_head,2774,2022-07-01,2022-07-11,-0.0092349827532707,2022,2022-06-30,learned_order_offset,20260912,0.5124757189491659,0.5124757189491659,1,0
annual_net_quarter_head,2779,2022-07-08,2022-07-18,-0.0326815927737367,2022,2022-06-30,learned_order_offset,20260912,0.558663945350083,0.558663945350083,1,0
annual_net_quarter_head,2784,2022-07-15,2022-07-25,-0.0066210715249344,2022,2022-06-30,learned_order_offset,20260912,0.5333840506831325,0.5333840506831325,1,0
annual_net_quarter_head,2789,2022-07-22,2022-08-01,-0.0173077967751003,2022,2022-06-30,learned_order_offset,20260912,0.5706059356081085,0.5706059356081085,1,0
annual_net_quarter_head,2794,2022-07-29,2022-08-08,-0.004456034513838,2022,2022-06-30,learned_order_offset,20260912,0.4723359145539155,0.4723359145539155,0,0
annual_net_quarter_head,2799,2022-08-05,2022-08-15,0.0091475117753996,2022,2022-06-30,learned_order_offset,20260912,0.49550656471928384,0.49550656471928384,0,1
annual_net_quarter_head,2804,2022-08-12,2022-08-22,-0.0107272727272728,2022,2022-06-30,learned_order_offset,20260912,0.5573218145828326,0.5573218145828326,1,0
annual_net_quarter_head,2809,2022-08-19,2022-08-29,-0.0172375434082356,2022,2022-06-30,learned_order_offset,20260912,0.5600996150236481,0.5600996150236481,1,0
annual_net_quarter_head,2814,2022-08-26,2022-09-05,-0.0131573766941938,2022,2022-06-30,learned_order_offset,20260912,0.5451112993914977,0.5451112993914977,1,0
annual_net_quarter_head,2819,2022-09-02,2022-09-13,0.0253340680878015,2022,2022-06-30,learned_order_offset,20260912,0.521990148337947,0.521990148337947,1,1
annual_net_quarter_head,2824,2022-09-09,2022-09-19,-0.044647264962877,2022,2022-06-30,learned_order_offset,20260912,0.38893832802869494,0.38893832802869494,0,0
annual_net_quarter_head,2828,2022-09-16,2022-09-26,-0.025155151434928,2022,2022-06-30,learned_order_offset,20260912,0.38473741160542135,0.38473741160542135,0,0
annual_net_quarter_head,2833,2022-09-23,2022-10-10,-0.0060162941299352,2022,2022-06-30,learned_order_offset,20260912,0.4438089926750001,0.4438089926750001,0,0
annual_net_quarter_head,2838,2022-09-30,2022-10-17,0.0041192047412885,2022,2022-06-30,learned_order_offset,20260912,0.4896606362556417,0.4896606362556417,0,1
annual_net_quarter_head,2843,2022-10-14,2022-10-24,-0.0246766294110258,2022,2022-09-30,learned_market,20260910,0.5655937713416159,0.5655937713416159,1,0
annual_net_quarter_head,2848,2022-10-21,2022-10-31,-0.059928861134359,2022,2022-09-30,learned_market,20260910,0.5615463764646192,0.5615463764646192,1,0
annual_net_quarter_head,2853,2022-10-28,2022-11-07,0.071339502526744,2022,2022-09-30,learned_market,20260910,0.46155725793821334,0.46155725793821334,0,1
annual_net_quarter_head,2858,2022-11-04,2022-11-14,0.0169449090696014,2022,2022-09-30,learned_market,20260910,0.5974583090596757,0.5974583090596757,1,1
annual_net_quarter_head,2863,2022-11-11,2022-11-21,-0.0127051391515239,2022,2022-09-30,learned_market,20260910,0.5470070678439771,0.5470070678439771,1,0
annual_net_quarter_head,2868,2022-11-18,2022-11-28,-0.0179672806084416,2022,2022-09-30,learned_market,20260910,0.5732399708926239,0.5732399708926239,1,0
annual_net_quarter_head,2873,2022-11-25,2022-12-05,0.0555768659337096,2022,2022-09-30,learned_market,20260910,0.5197678460722543,0.5197678460722543,1,1
annual_net_quarter_head,2878,2022-12-02,2022-12-12,0.0175374394775362,2022,2022-09-30,learned_market,20260910,0.42995231946814966,0.42995231946814966,0,1
annual_net_quarter_head,2883,2022-12-09,2022-12-19,-0.0058850602464181,2022,2022-09-30,learned_market,20260910,0.37097765328303217,0.37097765328303217,0,0
annual_net_quarter_head,2888,2022-12-16,2022-12-26,-0.0309150292073658,2022,2022-09-30,learned_market,20260910,0.5056376318170273,0.5056376318170273,1,0
annual_net_quarter_head,2893,2022-12-23,2023-01-03,0.0089464492229616,2022,2022-09-30,learned_market,20260910,0.38784438204895194,0.38784438204895194,0,1
annual_net_quarter_head,2898,2022-12-30,2023-01-09,0.0345913414268119,2022,2022-09-30,learned_market,20260910,0.485265960020558,0.485265960020558,0,1
annual_net_quarter_head,2843,2022-10-14,2022-10-24,-0.0246766294110258,2022,2022-09-30,learned_vol_interaction,20260910,0.5650101570448517,0.5650101570448517,1,0
annual_net_quarter_head,2848,2022-10-21,2022-10-31,-0.059928861134359,2022,2022-09-30,learned_vol_interaction,20260910,0.5694887366812514,0.5694887366812514,1,0
annual_net_quarter_head,2853,2022-10-28,2022-11-07,0.071339502526744,2022,2022-09-30,learned_vol_interaction,20260910,0.4630809551299065,0.4630809551299065,0,1
annual_net_quarter_head,2858,2022-11-04,2022-11-14,0.0169449090696014,2022,2022-09-30,learned_vol_interaction,20260910,0.5887096828346761,0.5887096828346761,1,1
annual_net_quarter_head,2863,2022-11-11,2022-11-21,-0.0127051391515239,2022,2022-09-30,learned_vol_interaction,20260910,0.5451270938584045,0.5451270938584045,1,0
annual_net_quarter_head,2868,2022-11-18,2022-11-28,-0.0179672806084416,2022,2022-09-30,learned_vol_interaction,20260910,0.5692931090589506,0.5692931090589506,1,0
annual_net_quarter_head,2873,2022-11-25,2022-12-05,0.0555768659337096,2022,2022-09-30,learned_vol_interaction,20260910,0.5229657921089943,0.5229657921089943,1,1
annual_net_quarter_head,2878,2022-12-02,2022-12-12,0.0175374394775362,2022,2022-09-30,learned_vol_interaction,20260910,0.4281079934125165,0.4281079934125165,0,1
annual_net_quarter_head,2883,2022-12-09,2022-12-19,-0.0058850602464181,2022,2022-09-30,learned_vol_interaction,20260910,0.36152513352119453,0.36152513352119453,0,0
annual_net_quarter_head,2888,2022-12-16,2022-12-26,-0.0309150292073658,2022,2022-09-30,learned_vol_interaction,20260910,0.5064635825675265,0.5064635825675265,1,0
annual_net_quarter_head,2893,2022-12-23,2023-01-03,0.0089464492229616,2022,2022-09-30,learned_vol_interaction,20260910,0.38313802428222193,0.38313802428222193,0,1
annual_net_quarter_head,2898,2022-12-30,2023-01-09,0.0345913414268119,2022,2022-09-30,learned_vol_interaction,20260910,0.48709656393083794,0.48709656393083794,0,1
annual_net_quarter_head,2843,2022-10-14,2022-10-24,-0.0246766294110258,2022,2022-09-30,learned_order_extension,20260910,0.46728575055614524,0.46728575055614524,0,0
annual_net_quarter_head,2848,2022-10-21,2022-10-31,-0.059928861134359,2022,2022-09-30,learned_order_extension,20260910,0.5137326666430609,0.5137326666430609,1,0
annual_net_quarter_head,2853,2022-10-28,2022-11-07,0.071339502526744,2022,2022-09-30,learned_order_extension,20260910,0.48511289268042557,0.48511289268042557,0,1
annual_net_quarter_head,2858,2022-11-04,2022-11-14,0.0169449090696014,2022,2022-09-30,learned_order_extension,20260910,0.59160135737224,0.59160135737224,1,1
annual_net_quarter_head,2863,2022-11-11,2022-11-21,-0.0127051391515239,2022,2022-09-30,learned_order_extension,20260910,0.5619627949532059,0.5619627949532059,1,0
annual_net_quarter_head,2868,2022-11-18,2022-11-28,-0.0179672806084416,2022,2022-09-30,learned_order_extension,20260910,0.6038938641596092,0.6038938641596092,1,0
annual_net_quarter_head,2873,2022-11-25,2022-12-05,0.0555768659337096,2022,2022-09-30,learned_order_extension,20260910,0.5250073294342739,0.5250073294342739,1,1
annual_net_quarter_head,2878,2022-12-02,2022-12-12,0.0175374394775362,2022,2022-09-30,learned_order_extension,20260910,0.3554664116533492,0.3554664116533492,0,1
annual_net_quarter_head,2883,2022-12-09,2022-12-19,-0.0058850602464181,2022,2022-09-30,learned_order_extension,20260910,0.24826370021056454,0.24826370021056454,0,0
annual_net_quarter_head,2888,2022-12-16,2022-12-26,-0.0309150292073658,2022,2022-09-30,learned_order_extension,20260910,0.5138075249671354,0.5138075249671354,1,0
annual_net_quarter_head,2893,2022-12-23,2023-01-03,0.0089464492229616,2022,2022-09-30,learned_order_extension,20260910,0.36864347872259096,0.36864347872259096,0,1
annual_net_quarter_head,2898,2022-12-30,2023-01-09,0.0345913414268119,2022,2022-09-30,learned_order_extension,20260910,0.48953196419655437,0.48953196419655437,0,1
annual_net_quarter_head,2843,2022-10-14,2022-10-24,-0.0246766294110258,2022,2022-09-30,learned_order_offset,20260910,0.4665665896425376,0.4665665896425376,0,0
annual_net_quarter_head,2848,2022-10-21,2022-10-31,-0.059928861134359,2022,2022-09-30,learned_order_offset,20260910,0.5127561976187396,0.5127561976187396,1,0
annual_net_quarter_head,2853,2022-10-28,2022-11-07,0.071339502526744,2022,2022-09-30,learned_order_offset,20260910,0.48523592885976774,0.48523592885976774,0,1
annual_net_quarter_head,2858,2022-11-04,2022-11-14,0.0169449090696014,2022,2022-09-30,learned_order_offset,20260910,0.5920831811386988,0.5920831811386988,1,1
annual_net_quarter_head,2863,2022-11-11,2022-11-21,-0.0127051391515239,2022,2022-09-30,learned_order_offset,20260910,0.5613716638598553,0.5613716638598553,1,0
annual_net_quarter_head,2868,2022-11-18,2022-11-28,-0.0179672806084416,2022,2022-09-30,learned_order_offset,20260910,0.6034940494457602,0.6034940494457602,1,0
annual_net_quarter_head,2873,2022-11-25,2022-12-05,0.0555768659337096,2022,2022-09-30,learned_order_offset,20260910,0.5240622213445516,0.5240622213445516,1,1
annual_net_quarter_head,2878,2022-12-02,2022-12-12,0.0175374394775362,2022,2022-09-30,learned_order_offset,20260910,0.35671241210757637,0.35671241210757637,0,1
annual_net_quarter_head,2883,2022-12-09,2022-12-19,-0.0058850602464181,2022,2022-09-30,learned_order_offset,20260910,0.25078412959856705,0.25078412959856705,0,0
annual_net_quarter_head,2888,2022-12-16,2022-12-26,-0.0309150292073658,2022,2022-09-30,learned_order_offset,20260910,0.5130260998221439,0.5130260998221439,1,0
annual_net_quarter_head,2893,2022-12-23,2023-01-03,0.0089464492229616,2022,2022-09-30,learned_order_offset,20260910,0.3708036689972544,0.3708036689972544,0,1
annual_net_quarter_head,2898,2022-12-30,2023-01-09,0.0345913414268119,2022,2022-09-30,learned_order_offset,20260910,0.4899467906294258,0.4899467906294258,0,1
annual_net_quarter_head,2843,2022-10-14,2022-10-24,-0.0246766294110258,2022,2022-09-30,learned_market,20260911,0.5636759291382052,0.5636759291382052,1,0
annual_net_quarter_head,2848,2022-10-21,2022-10-31,-0.059928861134359,2022,2022-09-30,learned_market,20260911,0.596445377856977,0.596445377856977,1,0
annual_net_quarter_head,2853,2022-10-28,2022-11-07,0.071339502526744,2022,2022-09-30,learned_market,20260911,0.5140368774987352,0.5140368774987352,1,1
annual_net_quarter_head,2858,2022-11-04,2022-11-14,0.0169449090696014,2022,2022-09-30,learned_market,20260911,0.3447734833880355,0.3447734833880355,0,1
annual_net_quarter_head,2863,2022-11-11,2022-11-21,-0.0127051391515239,2022,2022-09-30,learned_market,20260911,0.5243241431942761,0.5243241431942761,1,0
annual_net_quarter_head,2868,2022-11-18,2022-11-28,-0.0179672806084416,2022,2022-09-30,learned_market,20260911,0.36750298953892047,0.36750298953892047,0,0
annual_net_quarter_head,2873,2022-11-25,2022-12-05,0.0555768659337096,2022,2022-09-30,learned_market,20260911,0.4174959913742394,0.4174959913742394,0,1
annual_net_quarter_head,2878,2022-12-02,2022-12-12,0.0175374394775362,2022,2022-09-30,learned_market,20260911,0.4841236724423985,0.4841236724423985,0,1
annual_net_quarter_head,2883,2022-12-09,2022-12-19,-0.0058850602464181,2022,2022-09-30,learned_market,20260911,0.5234210090549135,0.5234210090549135,1,0
annual_net_quarter_head,2888,2022-12-16,2022-12-26,-0.0309150292073658,2022,2022-09-30,learned_market,20260911,0.4601349324442876,0.4601349324442876,0,0
annual_net_quarter_head,2893,2022-12-23,2023-01-03,0.0089464492229616,2022,2022-09-30,learned_market,20260911,0.4414025202553126,0.4414025202553126,0,1
annual_net_quarter_head,2898,2022-12-30,2023-01-09,0.0345913414268119,2022,2022-09-30,learned_market,20260911,0.25702286830364973,0.25702286830364973,0,1
annual_net_quarter_head,2843,2022-10-14,2022-10-24,-0.0246766294110258,2022,2022-09-30,learned_vol_interaction,20260911,0.5623801525576511,0.5623801525576511,1,0
annual_net_quarter_head,2848,2022-10-21,2022-10-31,-0.059928861134359,2022,2022-09-30,learned_vol_interaction,20260911,0.5987287750145881,0.5987287750145881,1,0
annual_net_quarter_head,2853,2022-10-28,2022-11-07,0.071339502526744,2022,2022-09-30,learned_vol_interaction,20260911,0.513430874041877,0.513430874041877,1,1
annual_net_quarter_head,2858,2022-11-04,2022-11-14,0.0169449090696014,2022,2022-09-30,learned_vol_interaction,20260911,0.3599887760896772,0.3599887760896772,0,1
annual_net_quarter_head,2863,2022-11-11,2022-11-21,-0.0127051391515239,2022,2022-09-30,learned_vol_interaction,20260911,0.5226904892375307,0.5226904892375307,1,0
annual_net_quarter_head,2868,2022-11-18,2022-11-28,-0.0179672806084416,2022,2022-09-30,learned_vol_interaction,20260911,0.3809079523205309,0.3809079523205309,0,0
annual_net_quarter_head,2873,2022-11-25,2022-12-05,0.0555768659337096,2022,2022-09-30,learned_vol_interaction,20260911,0.41987003233969644,0.41987003233969644,0,1
annual_net_quarter_head,2878,2022-12-02,2022-12-12,0.0175374394775362,2022,2022-09-30,learned_vol_interaction,20260911,0.4855004824871839,0.4855004824871839,0,1
annual_net_quarter_head,2883,2022-12-09,2022-12-19,-0.0058850602464181,2022,2022-09-30,learned_vol_interaction,20260911,0.5241989558070071,0.5241989558070071,1,0
annual_net_quarter_head,2888,2022-12-16,2022-12-26,-0.0309150292073658,2022,2022-09-30,learned_vol_interaction,20260911,0.46199808016239596,0.46199808016239596,0,0
annual_net_quarter_head,2893,2022-12-23,2023-01-03,0.0089464492229616,2022,2022-09-30,learned_vol_interaction,20260911,0.44545699279395057,0.44545699279395057,0,1
annual_net_quarter_head,2898,2022-12-30,2023-01-09,0.0345913414268119,2022,2022-09-30,learned_vol_interaction,20260911,0.24678216204680442,0.24678216204680442,0,1
annual_net_quarter_head,2843,2022-10-14,2022-10-24,-0.0246766294110258,2022,2022-09-30,learned_order_extension,20260911,0.5602535819742833,0.5602535819742833,1,0
annual_net_quarter_head,2848,2022-10-21,2022-10-31,-0.059928861134359,2022,2022-09-30,learned_order_extension,20260911,0.5963750012385864,0.5963750012385864,1,0
annual_net_quarter_head,2853,2022-10-28,2022-11-07,0.071339502526744,2022,2022-09-30,learned_order_extension,20260911,0.5149530706629971,0.5149530706629971,1,1
annual_net_quarter_head,2858,2022-11-04,2022-11-14,0.0169449090696014,2022,2022-09-30,learned_order_extension,20260911,0.36364943090409957,0.36364943090409957,0,1
annual_net_quarter_head,2863,2022-11-11,2022-11-21,-0.0127051391515239,2022,2022-09-30,learned_order_extension,20260911,0.522322478055345,0.522322478055345,1,0
annual_net_quarter_head,2868,2022-11-18,2022-11-28,-0.0179672806084416,2022,2022-09-30,learned_order_extension,20260911,0.37592096359272603,0.37592096359272603,0,0
annual_net_quarter_head,2873,2022-11-25,2022-12-05,0.0555768659337096,2022,2022-09-30,learned_order_extension,20260911,0.4161162544124558,0.4161162544124558,0,1
annual_net_quarter_head,2878,2022-12-02,2022-12-12,0.0175374394775362,2022,2022-09-30,learned_order_extension,20260911,0.4851253642108311,0.4851253642108311,0,1
annual_net_quarter_head,2883,2022-12-09,2022-12-19,-0.0058850602464181,2022,2022-09-30,learned_order_extension,20260911,0.5247597024452433,0.5247597024452433,1,0
annual_net_quarter_head,2888,2022-12-16,2022-12-26,-0.0309150292073658,2022,2022-09-30,learned_order_extension,20260911,0.46161133909210167,0.46161133909210167,0,0
annual_net_quarter_head,2893,2022-12-23,2023-01-03,0.0089464492229616,2022,2022-09-30,learned_order_extension,20260911,0.4468054503884316,0.4468054503884316,0,1
annual_net_quarter_head,2898,2022-12-30,2023-01-09,0.0345913414268119,2022,2022-09-30,learned_order_extension,20260911,0.2475699600797034,0.2475699600797034,0,1
annual_net_quarter_head,2843,2022-10-14,2022-10-24,-0.0246766294110258,2022,2022-09-30,learned_order_offset,20260911,0.5602556803609798,0.5602556803609798,1,0
annual_net_quarter_head,2848,2022-10-21,2022-10-31,-0.059928861134359,2022,2022-09-30,learned_order_offset,20260911,0.5964537849986089,0.5964537849986089,1,0
annual_net_quarter_head,2853,2022-10-28,2022-11-07,0.071339502526744,2022,2022-09-30,learned_order_offset,20260911,0.5150293042861946,0.5150293042861946,1,1
annual_net_quarter_head,2858,2022-11-04,2022-11-14,0.0169449090696014,2022,2022-09-30,learned_order_offset,20260911,0.36384900248651675,0.36384900248651675,0,1
annual_net_quarter_head,2863,2022-11-11,2022-11-21,-0.0127051391515239,2022,2022-09-30,learned_order_offset,20260911,0.5223465363070001,0.5223465363070001,1,0
annual_net_quarter_head,2868,2022-11-18,2022-11-28,-0.0179672806084416,2022,2022-09-30,learned_order_offset,20260911,0.37603527926642877,0.37603527926642877,0,0
annual_net_quarter_head,2873,2022-11-25,2022-12-05,0.0555768659337096,2022,2022-09-30,learned_order_offset,20260911,0.41624953765249434,0.41624953765249434,0,1
annual_net_quarter_head,2878,2022-12-02,2022-12-12,0.0175374394775362,2022,2022-09-30,learned_order_offset,20260911,0.4852533707881859,0.4852533707881859,0,1
annual_net_quarter_head,2883,2022-12-09,2022-12-19,-0.0058850602464181,2022,2022-09-30,learned_order_offset,20260911,0.5247109513698403,0.5247109513698403,1,0
annual_net_quarter_head,2888,2022-12-16,2022-12-26,-0.0309150292073658,2022,2022-09-30,learned_order_offset,20260911,0.46158038514023725,0.46158038514023725,0,0
annual_net_quarter_head,2893,2022-12-23,2023-01-03,0.0089464492229616,2022,2022-09-30,learned_order_offset,20260911,0.44687593405059567,0.44687593405059567,0,1
annual_net_quarter_head,2898,2022-12-30,2023-01-09,0.0345913414268119,2022,2022-09-30,learned_order_offset,20260911,0.2475157589234812,0.2475157589234812,0,1
annual_net_quarter_head,2843,2022-10-14,2022-10-24,-0.0246766294110258,2022,2022-09-30,learned_market,20260912,0.5457937359986181,0.5457937359986181,1,0
annual_net_quarter_head,2848,2022-10-21,2022-10-31,-0.059928861134359,2022,2022-09-30,learned_market,20260912,0.5457406636567632,0.5457406636567632,1,0
annual_net_quarter_head,2853,2022-10-28,2022-11-07,0.071339502526744,2022,2022-09-30,learned_market,20260912,0.5614779352834546,0.5614779352834546,1,1
annual_net_quarter_head,2858,2022-11-04,2022-11-14,0.0169449090696014,2022,2022-09-30,learned_market,20260912,0.5313897216589863,0.5313897216589863,1,1
annual_net_quarter_head,2863,2022-11-11,2022-11-21,-0.0127051391515239,2022,2022-09-30,learned_market,20260912,0.5871691654880526,0.5871691654880526,1,0
annual_net_quarter_head,2868,2022-11-18,2022-11-28,-0.0179672806084416,2022,2022-09-30,learned_market,20260912,0.47267995320912154,0.47267995320912154,0,0
annual_net_quarter_head,2873,2022-11-25,2022-12-05,0.0555768659337096,2022,2022-09-30,learned_market,20260912,0.5287281776098361,0.5287281776098361,1,1
annual_net_quarter_head,2878,2022-12-02,2022-12-12,0.0175374394775362,2022,2022-09-30,learned_market,20260912,0.503803573405588,0.503803573405588,1,1
annual_net_quarter_head,2883,2022-12-09,2022-12-19,-0.0058850602464181,2022,2022-09-30,learned_market,20260912,0.5317979076749317,0.5317979076749317,1,0
annual_net_quarter_head,2888,2022-12-16,2022-12-26,-0.0309150292073658,2022,2022-09-30,learned_market,20260912,0.5215140055271464,0.5215140055271464,1,0
annual_net_quarter_head,2893,2022-12-23,2023-01-03,0.0089464492229616,2022,2022-09-30,learned_market,20260912,0.4248078442205963,0.4248078442205963,0,1
annual_net_quarter_head,2898,2022-12-30,2023-01-09,0.0345913414268119,2022,2022-09-30,learned_market,20260912,0.4250084568435745,0.4250084568435745,0,1
annual_net_quarter_head,2843,2022-10-14,2022-10-24,-0.0246766294110258,2022,2022-09-30,learned_vol_interaction,20260912,0.5382667409223534,0.5382667409223534,1,0
annual_net_quarter_head,2848,2022-10-21,2022-10-31,-0.059928861134359,2022,2022-09-30,learned_vol_interaction,20260912,0.5448111430765996,0.5448111430765996,1,0
annual_net_quarter_head,2853,2022-10-28,2022-11-07,0.071339502526744,2022,2022-09-30,learned_vol_interaction,20260912,0.550573332962742,0.550573332962742,1,1
annual_net_quarter_head,2858,2022-11-04,2022-11-14,0.0169449090696014,2022,2022-09-30,learned_vol_interaction,20260912,0.5217396032533236,0.5217396032533236,1,1
annual_net_quarter_head,2863,2022-11-11,2022-11-21,-0.0127051391515239,2022,2022-09-30,learned_vol_interaction,20260912,0.5689464127657876,0.5689464127657876,1,0
annual_net_quarter_head,2868,2022-11-18,2022-11-28,-0.0179672806084416,2022,2022-09-30,learned_vol_interaction,20260912,0.4724658416031163,0.4724658416031163,0,0
annual_net_quarter_head,2873,2022-11-25,2022-12-05,0.0555768659337096,2022,2022-09-30,learned_vol_interaction,20260912,0.5211311804443327,0.5211311804443327,1,1
annual_net_quarter_head,2878,2022-12-02,2022-12-12,0.0175374394775362,2022,2022-09-30,learned_vol_interaction,20260912,0.4979842216569437,0.4979842216569437,0,1
annual_net_quarter_head,2883,2022-12-09,2022-12-19,-0.0058850602464181,2022,2022-09-30,learned_vol_interaction,20260912,0.533651114924278,0.533651114924278,1,0
annual_net_quarter_head,2888,2022-12-16,2022-12-26,-0.0309150292073658,2022,2022-09-30,learned_vol_interaction,20260912,0.5284159239482974,0.5284159239482974,1,0
annual_net_quarter_head,2893,2022-12-23,2023-01-03,0.0089464492229616,2022,2022-09-30,learned_vol_interaction,20260912,0.4243680749184998,0.4243680749184998,0,1
annual_net_quarter_head,2898,2022-12-30,2023-01-09,0.0345913414268119,2022,2022-09-30,learned_vol_interaction,20260912,0.4122603812486289,0.4122603812486289,0,1
annual_net_quarter_head,2843,2022-10-14,2022-10-24,-0.0246766294110258,2022,2022-09-30,learned_order_extension,20260912,0.5039682561265163,0.5039682561265163,1,0
annual_net_quarter_head,2848,2022-10-21,2022-10-31,-0.059928861134359,2022,2022-09-30,learned_order_extension,20260912,0.5190075212095088,0.5190075212095088,1,0
annual_net_quarter_head,2853,2022-10-28,2022-11-07,0.071339502526744,2022,2022-09-30,learned_order_extension,20260912,0.5324856341607884,0.5324856341607884,1,1
annual_net_quarter_head,2858,2022-11-04,2022-11-14,0.0169449090696014,2022,2022-09-30,learned_order_extension,20260912,0.5178984443386624,0.5178984443386624,1,1
annual_net_quarter_head,2863,2022-11-11,2022-11-21,-0.0127051391515239,2022,2022-09-30,learned_order_extension,20260912,0.5734998683679629,0.5734998683679629,1,0
annual_net_quarter_head,2868,2022-11-18,2022-11-28,-0.0179672806084416,2022,2022-09-30,learned_order_extension,20260912,0.4645365941194233,0.4645365941194233,0,0
annual_net_quarter_head,2873,2022-11-25,2022-12-05,0.0555768659337096,2022,2022-09-30,learned_order_extension,20260912,0.5278276144352777,0.5278276144352777,1,1
annual_net_quarter_head,2878,2022-12-02,2022-12-12,0.0175374394775362,2022,2022-09-30,learned_order_extension,20260912,0.49892166249590253,0.49892166249590253,0,1
annual_net_quarter_head,2883,2022-12-09,2022-12-19,-0.0058850602464181,2022,2022-09-30,learned_order_extension,20260912,0.5445077753862105,0.5445077753862105,1,0
annual_net_quarter_head,2888,2022-12-16,2022-12-26,-0.0309150292073658,2022,2022-09-30,learned_order_extension,20260912,0.5356896667315421,0.5356896667315421,1,0
annual_net_quarter_head,2893,2022-12-23,2023-01-03,0.0089464492229616,2022,2022-09-30,learned_order_extension,20260912,0.4265990836233615,0.4265990836233615,0,1
annual_net_quarter_head,2898,2022-12-30,2023-01-09,0.0345913414268119,2022,2022-09-30,learned_order_extension,20260912,0.4141983599525206,0.4141983599525206,0,1
annual_net_quarter_head,2843,2022-10-14,2022-10-24,-0.0246766294110258,2022,2022-09-30,learned_order_offset,20260912,0.5037488259846193,0.5037488259846193,1,0
annual_net_quarter_head,2848,2022-10-21,2022-10-31,-0.059928861134359,2022,2022-09-30,learned_order_offset,20260912,0.5187908406346436,0.5187908406346436,1,0
annual_net_quarter_head,2853,2022-10-28,2022-11-07,0.071339502526744,2022,2022-09-30,learned_order_offset,20260912,0.5322385815765411,0.5322385815765411,1,1
annual_net_quarter_head,2858,2022-11-04,2022-11-14,0.0169449090696014,2022,2022-09-30,learned_order_offset,20260912,0.5179046849680626,0.5179046849680626,1,1
annual_net_quarter_head,2863,2022-11-11,2022-11-21,-0.0127051391515239,2022,2022-09-30,learned_order_offset,20260912,0.5732909529889493,0.5732909529889493,1,0
annual_net_quarter_head,2868,2022-11-18,2022-11-28,-0.0179672806084416,2022,2022-09-30,learned_order_offset,20260912,0.4645960051042644,0.4645960051042644,0,0
annual_net_quarter_head,2873,2022-11-25,2022-12-05,0.0555768659337096,2022,2022-09-30,learned_order_offset,20260912,0.5276771520085426,0.5276771520085426,1,1
annual_net_quarter_head,2878,2022-12-02,2022-12-12,0.0175374394775362,2022,2022-09-30,learned_order_offset,20260912,0.49897474752412246,0.49897474752412246,0,1
annual_net_quarter_head,2883,2022-12-09,2022-12-19,-0.0058850602464181,2022,2022-09-30,learned_order_offset,20260912,0.5445454266278867,0.5445454266278867,1,0
annual_net_quarter_head,2888,2022-12-16,2022-12-26,-0.0309150292073658,2022,2022-09-30,learned_order_offset,20260912,0.5358110449770087,0.5358110449770087,1,0
annual_net_quarter_head,2893,2022-12-23,2023-01-03,0.0089464492229616,2022,2022-09-30,learned_order_offset,20260912,0.4268463579420977,0.4268463579420977,0,1
annual_net_quarter_head,2898,2022-12-30,2023-01-09,0.0345913414268119,2022,2022-09-30,learned_order_offset,20260912,0.4144139190499483,0.4144139190499483,0,1
annual_net_quarter_head,2902,2023-01-06,2023-01-16,0.0198447929614133,2023,2022-12-31,learned_market,20260910,0.2720748657753032,0.2720748657753032,0,1
annual_net_quarter_head,2907,2023-01-13,2023-01-30,0.0465290788350809,2023,2022-12-31,learned_market,20260910,0.47236248212800225,0.47236248212800225,0,1
annual_net_quarter_head,2912,2023-01-20,2023-02-06,-0.0383797057844887,2023,2022-12-31,learned_market,20260910,0.406664897579608,0.406664897579608,0,0
annual_net_quarter_head,2917,2023-02-03,2023-02-13,-0.0012061903149008,2023,2022-12-31,learned_market,20260910,0.7077615943567296,0.7077615943567296,1,0
annual_net_quarter_head,2922,2023-02-10,2023-02-20,-0.0143746584432821,2023,2022-12-31,learned_market,20260910,0.3396729663973045,0.3396729663973045,0,0
annual_net_quarter_head,2927,2023-02-17,2023-02-27,0.0001237636016198,2023,2022-12-31,learned_market,20260910,0.3940367299508906,0.3940367299508906,0,1
annual_net_quarter_head,2932,2023-02-24,2023-03-06,0.0224454641303217,2023,2022-12-31,learned_market,20260910,0.6368517662464305,0.6368517662464305,1,1
annual_net_quarter_head,2937,2023-03-03,2023-03-13,-0.0407900947678007,2023,2022-12-31,learned_market,20260910,0.7365179717700991,0.7365179717700991,1,0
annual_net_quarter_head,2942,2023-03-10,2023-03-20,5.0471402903706775e-06,2023,2022-12-31,learned_market,20260910,0.5813776336748179,0.5813776336748179,1,1
annual_net_quarter_head,2947,2023-03-17,2023-03-27,0.015302852124583,2023,2022-12-31,learned_market,20260910,0.42485803758448765,0.42485803758448765,0,1
annual_net_quarter_head,2952,2023-03-24,2023-04-03,0.0090274153058433,2023,2022-12-31,learned_market,20260910,0.37090574302943613,0.37090574302943613,0,1
annual_net_quarter_head,2957,2023-03-31,2023-04-10,0.0178317182396383,2023,2022-12-31,learned_market,20260910,0.3924154635264961,0.3924154635264961,0,1
annual_net_quarter_head,2902,2023-01-06,2023-01-16,0.0198447929614133,2023,2022-12-31,learned_vol_interaction,20260910,0.2579229355480302,0.2579229355480302,0,1
annual_net_quarter_head,2907,2023-01-13,2023-01-30,0.0465290788350809,2023,2022-12-31,learned_vol_interaction,20260910,0.46834593067568,0.46834593067568,0,1
annual_net_quarter_head,2912,2023-01-20,2023-02-06,-0.0383797057844887,2023,2022-12-31,learned_vol_interaction,20260910,0.3968582316115995,0.3968582316115995,0,0
annual_net_quarter_head,2917,2023-02-03,2023-02-13,-0.0012061903149008,2023,2022-12-31,learned_vol_interaction,20260910,0.7386639107975522,0.7386639107975522,1,0
annual_net_quarter_head,2922,2023-02-10,2023-02-20,-0.0143746584432821,2023,2022-12-31,learned_vol_interaction,20260910,0.3303769483660095,0.3303769483660095,0,0
annual_net_quarter_head,2927,2023-02-17,2023-02-27,0.0001237636016198,2023,2022-12-31,learned_vol_interaction,20260910,0.37895686267521006,0.37895686267521006,0,1
annual_net_quarter_head,2932,2023-02-24,2023-03-06,0.0224454641303217,2023,2022-12-31,learned_vol_interaction,20260910,0.6474147480213357,0.6474147480213357,1,1
annual_net_quarter_head,2937,2023-03-03,2023-03-13,-0.0407900947678007,2023,2022-12-31,learned_vol_interaction,20260910,0.7530412308563522,0.7530412308563522,1,0
annual_net_quarter_head,2942,2023-03-10,2023-03-20,5.0471402903706775e-06,2023,2022-12-31,learned_vol_interaction,20260910,0.5873882519994295,0.5873882519994295,1,1
annual_net_quarter_head,2947,2023-03-17,2023-03-27,0.015302852124583,2023,2022-12-31,learned_vol_interaction,20260910,0.41458186592231894,0.41458186592231894,0,1
annual_net_quarter_head,2952,2023-03-24,2023-04-03,0.0090274153058433,2023,2022-12-31,learned_vol_interaction,20260910,0.35652402288788393,0.35652402288788393,0,1
annual_net_quarter_head,2957,2023-03-31,2023-04-10,0.0178317182396383,2023,2022-12-31,learned_vol_interaction,20260910,0.3863632737017367,0.3863632737017367,0,1
annual_net_quarter_head,2902,2023-01-06,2023-01-16,0.0198447929614133,2023,2022-12-31,learned_order_extension,20260910,0.2943161630816726,0.2943161630816726,0,1
annual_net_quarter_head,2907,2023-01-13,2023-01-30,0.0465290788350809,2023,2022-12-31,learned_order_extension,20260910,0.46027187341536235,0.46027187341536235,0,1
annual_net_quarter_head,2912,2023-01-20,2023-02-06,-0.0383797057844887,2023,2022-12-31,learned_order_extension,20260910,0.3872152058090037,0.3872152058090037,0,0
annual_net_quarter_head,2917,2023-02-03,2023-02-13,-0.0012061903149008,2023,2022-12-31,learned_order_extension,20260910,0.7087431108814826,0.7087431108814826,1,0
annual_net_quarter_head,2922,2023-02-10,2023-02-20,-0.0143746584432821,2023,2022-12-31,learned_order_extension,20260910,0.33420380659580207,0.33420380659580207,0,0
annual_net_quarter_head,2927,2023-02-17,2023-02-27,0.0001237636016198,2023,2022-12-31,learned_order_extension,20260910,0.37695809393703467,0.37695809393703467,0,1
annual_net_quarter_head,2932,2023-02-24,2023-03-06,0.0224454641303217,2023,2022-12-31,learned_order_extension,20260910,0.6504979423759706,0.6504979423759706,1,1
annual_net_quarter_head,2937,2023-03-03,2023-03-13,-0.0407900947678007,2023,2022-12-31,learned_order_extension,20260910,0.7451391997229981,0.7451391997229981,1,0
annual_net_quarter_head,2942,2023-03-10,2023-03-20,5.0471402903706775e-06,2023,2022-12-31,learned_order_extension,20260910,0.5807717243209339,0.5807717243209339,1,1
annual_net_quarter_head,2947,2023-03-17,2023-03-27,0.015302852124583,2023,2022-12-31,learned_order_extension,20260910,0.4261400351912486,0.4261400351912486,0,1
annual_net_quarter_head,2952,2023-03-24,2023-04-03,0.0090274153058433,2023,2022-12-31,learned_order_extension,20260910,0.35549705087245137,0.35549705087245137,0,1
annual_net_quarter_head,2957,2023-03-31,2023-04-10,0.0178317182396383,2023,2022-12-31,learned_order_extension,20260910,0.38561638910546875,0.38561638910546875,0,1
annual_net_quarter_head,2902,2023-01-06,2023-01-16,0.0198447929614133,2023,2022-12-31,learned_order_offset,20260910,0.29436491679511234,0.29436491679511234,0,1
annual_net_quarter_head,2907,2023-01-13,2023-01-30,0.0465290788350809,2023,2022-12-31,learned_order_offset,20260910,0.45922844261203544,0.45922844261203544,0,1
annual_net_quarter_head,2912,2023-01-20,2023-02-06,-0.0383797057844887,2023,2022-12-31,learned_order_offset,20260910,0.3863007910171924,0.3863007910171924,0,0
annual_net_quarter_head,2917,2023-02-03,2023-02-13,-0.0012061903149008,2023,2022-12-31,learned_order_offset,20260910,0.708109906191393,0.708109906191393,1,0
annual_net_quarter_head,2922,2023-02-10,2023-02-20,-0.0143746584432821,2023,2022-12-31,learned_order_offset,20260910,0.3342356424663725,0.3342356424663725,0,0
annual_net_quarter_head,2927,2023-02-17,2023-02-27,0.0001237636016198,2023,2022-12-31,learned_order_offset,20260910,0.3768936129162209,0.3768936129162209,0,1
annual_net_quarter_head,2932,2023-02-24,2023-03-06,0.0224454641303217,2023,2022-12-31,learned_order_offset,20260910,0.650954614063496,0.650954614063496,1,1
annual_net_quarter_head,2937,2023-03-03,2023-03-13,-0.0407900947678007,2023,2022-12-31,learned_order_offset,20260910,0.744213255918267,0.744213255918267,1,0
annual_net_quarter_head,2942,2023-03-10,2023-03-20,5.0471402903706775e-06,2023,2022-12-31,learned_order_offset,20260910,0.581402685223824,0.581402685223824,1,1
annual_net_quarter_head,2947,2023-03-17,2023-03-27,0.015302852124583,2023,2022-12-31,learned_order_offset,20260910,0.4267138677564879,0.4267138677564879,0,1
annual_net_quarter_head,2952,2023-03-24,2023-04-03,0.0090274153058433,2023,2022-12-31,learned_order_offset,20260910,0.3550974197538086,0.3550974197538086,0,1
annual_net_quarter_head,2957,2023-03-31,2023-04-10,0.0178317182396383,2023,2022-12-31,learned_order_offset,20260910,0.38476763491007665,0.38476763491007665,0,1
annual_net_quarter_head,2902,2023-01-06,2023-01-16,0.0198447929614133,2023,2022-12-31,learned_market,20260911,0.4109996836659653,0.4109996836659653,0,1
annual_net_quarter_head,2907,2023-01-13,2023-01-30,0.0465290788350809,2023,2022-12-31,learned_market,20260911,0.344318482304961,0.344318482304961,0,1
annual_net_quarter_head,2912,2023-01-20,2023-02-06,-0.0383797057844887,2023,2022-12-31,learned_market,20260911,0.6588589521771411,0.6588589521771411,1,0
annual_net_quarter_head,2917,2023-02-03,2023-02-13,-0.0012061903149008,2023,2022-12-31,learned_market,20260911,0.5846417083500102,0.5846417083500102,1,0
annual_net_quarter_head,2922,2023-02-10,2023-02-20,-0.0143746584432821,2023,2022-12-31,learned_market,20260911,0.37229435163057095,0.37229435163057095,0,0
annual_net_quarter_head,2927,2023-02-17,2023-02-27,0.0001237636016198,2023,2022-12-31,learned_market,20260911,0.4278917331001193,0.4278917331001193,0,1
annual_net_quarter_head,2932,2023-02-24,2023-03-06,0.0224454641303217,2023,2022-12-31,learned_market,20260911,0.6524353768671635,0.6524353768671635,1,1
annual_net_quarter_head,2937,2023-03-03,2023-03-13,-0.0407900947678007,2023,2022-12-31,learned_market,20260911,0.767620468884498,0.767620468884498,1,0
annual_net_quarter_head,2942,2023-03-10,2023-03-20,5.0471402903706775e-06,2023,2022-12-31,learned_market,20260911,0.6078004132598206,0.6078004132598206,1,1
annual_net_quarter_head,2947,2023-03-17,2023-03-27,0.015302852124583,2023,2022-12-31,learned_market,20260911,0.41902195233093853,0.41902195233093853,0,1
annual_net_quarter_head,2952,2023-03-24,2023-04-03,0.0090274153058433,2023,2022-12-31,learned_market,20260911,0.4677158880927443,0.4677158880927443,0,1
annual_net_quarter_head,2957,2023-03-31,2023-04-10,0.0178317182396383,2023,2022-12-31,learned_market,20260911,0.5644297293997745,0.5644297293997745,1,1
annual_net_quarter_head,2902,2023-01-06,2023-01-16,0.0198447929614133,2023,2022-12-31,learned_vol_interaction,20260911,0.40969442309749926,0.40969442309749926,0,1
annual_net_quarter_head,2907,2023-01-13,2023-01-30,0.0465290788350809,2023,2022-12-31,learned_vol_interaction,20260911,0.36456829174456845,0.36456829174456845,0,1
annual_net_quarter_head,2912,2023-01-20,2023-02-06,-0.0383797057844887,2023,2022-12-31,learned_vol_interaction,20260911,0.5794436004575169,0.5794436004575169,1,0
annual_net_quarter_head,2917,2023-02-03,2023-02-13,-0.0012061903149008,2023,2022-12-31,learned_vol_interaction,20260911,0.5514968469417321,0.5514968469417321,1,0
annual_net_quarter_head,2922,2023-02-10,2023-02-20,-0.0143746584432821,2023,2022-12-31,learned_vol_interaction,20260911,0.3927055424872561,0.3927055424872561,0,0
annual_net_quarter_head,2927,2023-02-17,2023-02-27,0.0001237636016198,2023,2022-12-31,learned_vol_interaction,20260911,0.44774683758526995,0.44774683758526995,0,1
annual_net_quarter_head,2932,2023-02-24,2023-03-06,0.0224454641303217,2023,2022-12-31,learned_vol_interaction,20260911,0.619096546985403,0.619096546985403,1,1
annual_net_quarter_head,2937,2023-03-03,2023-03-13,-0.0407900947678007,2023,2022-12-31,learned_vol_interaction,20260911,0.7361671223361639,0.7361671223361639,1,0
annual_net_quarter_head,2942,2023-03-10,2023-03-20,5.0471402903706775e-06,2023,2022-12-31,learned_vol_interaction,20260911,0.5923713060138441,0.5923713060138441,1,1
annual_net_quarter_head,2947,2023-03-17,2023-03-27,0.015302852124583,2023,2022-12-31,learned_vol_interaction,20260911,0.44129297023126407,0.44129297023126407,0,1
annual_net_quarter_head,2952,2023-03-24,2023-04-03,0.0090274153058433,2023,2022-12-31,learned_vol_interaction,20260911,0.48118952805584325,0.48118952805584325,0,1
annual_net_quarter_head,2957,2023-03-31,2023-04-10,0.0178317182396383,2023,2022-12-31,learned_vol_interaction,20260911,0.5581984383579583,0.5581984383579583,1,1
annual_net_quarter_head,2902,2023-01-06,2023-01-16,0.0198447929614133,2023,2022-12-31,learned_order_extension,20260911,0.4111458737354107,0.4111458737354107,0,1
annual_net_quarter_head,2907,2023-01-13,2023-01-30,0.0465290788350809,2023,2022-12-31,learned_order_extension,20260911,0.36472782557647304,0.36472782557647304,0,1
annual_net_quarter_head,2912,2023-01-20,2023-02-06,-0.0383797057844887,2023,2022-12-31,learned_order_extension,20260911,0.5780473136480286,0.5780473136480286,1,0
annual_net_quarter_head,2917,2023-02-03,2023-02-13,-0.0012061903149008,2023,2022-12-31,learned_order_extension,20260911,0.5514322848293292,0.5514322848293292,1,0
annual_net_quarter_head,2922,2023-02-10,2023-02-20,-0.0143746584432821,2023,2022-12-31,learned_order_extension,20260911,0.3920291907474336,0.3920291907474336,0,0
annual_net_quarter_head,2927,2023-02-17,2023-02-27,0.0001237636016198,2023,2022-12-31,learned_order_extension,20260911,0.4473244932999703,0.4473244932999703,0,1
annual_net_quarter_head,2932,2023-02-24,2023-03-06,0.0224454641303217,2023,2022-12-31,learned_order_extension,20260911,0.6194433589464242,0.6194433589464242,1,1
annual_net_quarter_head,2937,2023-03-03,2023-03-13,-0.0407900947678007,2023,2022-12-31,learned_order_extension,20260911,0.7367440693214489,0.7367440693214489,1,0
annual_net_quarter_head,2942,2023-03-10,2023-03-20,5.0471402903706775e-06,2023,2022-12-31,learned_order_extension,20260911,0.5926520405957385,0.5926520405957385,1,1
annual_net_quarter_head,2947,2023-03-17,2023-03-27,0.015302852124583,2023,2022-12-31,learned_order_extension,20260911,0.44150652320643097,0.44150652320643097,0,1
annual_net_quarter_head,2952,2023-03-24,2023-04-03,0.0090274153058433,2023,2022-12-31,learned_order_extension,20260911,0.4806406899115495,0.4806406899115495,0,1
annual_net_quarter_head,2957,2023-03-31,2023-04-10,0.0178317182396383,2023,2022-12-31,learned_order_extension,20260911,0.5564015664237618,0.5564015664237618,1,1
annual_net_quarter_head,2902,2023-01-06,2023-01-16,0.0198447929614133,2023,2022-12-31,learned_order_offset,20260911,0.41117201615041793,0.41117201615041793,0,1
annual_net_quarter_head,2907,2023-01-13,2023-01-30,0.0465290788350809,2023,2022-12-31,learned_order_offset,20260911,0.364680620051655,0.364680620051655,0,1
annual_net_quarter_head,2912,2023-01-20,2023-02-06,-0.0383797057844887,2023,2022-12-31,learned_order_offset,20260911,0.578179649696222,0.578179649696222,1,0
annual_net_quarter_head,2917,2023-02-03,2023-02-13,-0.0012061903149008,2023,2022-12-31,learned_order_offset,20260911,0.5515128874638535,0.5515128874638535,1,0
annual_net_quarter_head,2922,2023-02-10,2023-02-20,-0.0143746584432821,2023,2022-12-31,learned_order_offset,20260911,0.39192014326711666,0.39192014326711666,0,0
annual_net_quarter_head,2927,2023-02-17,2023-02-27,0.0001237636016198,2023,2022-12-31,learned_order_offset,20260911,0.44735551730013157,0.44735551730013157,0,1
annual_net_quarter_head,2932,2023-02-24,2023-03-06,0.0224454641303217,2023,2022-12-31,learned_order_offset,20260911,0.6194755772192605,0.6194755772192605,1,1
annual_net_quarter_head,2937,2023-03-03,2023-03-13,-0.0407900947678007,2023,2022-12-31,learned_order_offset,20260911,0.7367890366176728,0.7367890366176728,1,0
annual_net_quarter_head,2942,2023-03-10,2023-03-20,5.0471402903706775e-06,2023,2022-12-31,learned_order_offset,20260911,0.5927141757173765,0.5927141757173765,1,1
annual_net_quarter_head,2947,2023-03-17,2023-03-27,0.015302852124583,2023,2022-12-31,learned_order_offset,20260911,0.44144992787218895,0.44144992787218895,0,1
annual_net_quarter_head,2952,2023-03-24,2023-04-03,0.0090274153058433,2023,2022-12-31,learned_order_offset,20260911,0.48064826466248156,0.48064826466248156,0,1
annual_net_quarter_head,2957,2023-03-31,2023-04-10,0.0178317182396383,2023,2022-12-31,learned_order_offset,20260911,0.556461403271004,0.556461403271004,1,1
annual_net_quarter_head,2902,2023-01-06,2023-01-16,0.0198447929614133,2023,2022-12-31,learned_market,20260912,0.30052885603711643,0.30052885603711643,0,1
annual_net_quarter_head,2907,2023-01-13,2023-01-30,0.0465290788350809,2023,2022-12-31,learned_market,20260912,0.25642703962175933,0.25642703962175933,0,1
annual_net_quarter_head,2912,2023-01-20,2023-02-06,-0.0383797057844887,2023,2022-12-31,learned_market,20260912,0.6884031394091166,0.6884031394091166,1,0
annual_net_quarter_head,2917,2023-02-03,2023-02-13,-0.0012061903149008,2023,2022-12-31,learned_market,20260912,0.48719446040105807,0.48719446040105807,0,0
annual_net_quarter_head,2922,2023-02-10,2023-02-20,-0.0143746584432821,2023,2022-12-31,learned_market,20260912,0.25478983111842135,0.25478983111842135,0,0
annual_net_quarter_head,2927,2023-02-17,2023-02-27,0.0001237636016198,2023,2022-12-31,learned_market,20260912,0.4079835806267681,0.4079835806267681,0,1
annual_net_quarter_head,2932,2023-02-24,2023-03-06,0.0224454641303217,2023,2022-12-31,learned_market,20260912,0.7137242634797857,0.7137242634797857,1,1
annual_net_quarter_head,2937,2023-03-03,2023-03-13,-0.0407900947678007,2023,2022-12-31,learned_market,20260912,0.5807881322909977,0.5807881322909977,1,0
annual_net_quarter_head,2942,2023-03-10,2023-03-20,5.0471402903706775e-06,2023,2022-12-31,learned_market,20260912,0.41460120883303464,0.41460120883303464,0,1
annual_net_quarter_head,2947,2023-03-17,2023-03-27,0.015302852124583,2023,2022-12-31,learned_market,20260912,0.30490069121650976,0.30490069121650976,0,1
annual_net_quarter_head,2952,2023-03-24,2023-04-03,0.0090274153058433,2023,2022-12-31,learned_market,20260912,0.5481390563099999,0.5481390563099999,1,1
annual_net_quarter_head,2957,2023-03-31,2023-04-10,0.0178317182396383,2023,2022-12-31,learned_market,20260912,0.611788401190659,0.611788401190659,1,1
annual_net_quarter_head,2902,2023-01-06,2023-01-16,0.0198447929614133,2023,2022-12-31,learned_vol_interaction,20260912,0.28965659740268485,0.28965659740268485,0,1
annual_net_quarter_head,2907,2023-01-13,2023-01-30,0.0465290788350809,2023,2022-12-31,learned_vol_interaction,20260912,0.24376767561556023,0.24376767561556023,0,1
annual_net_quarter_head,2912,2023-01-20,2023-02-06,-0.0383797057844887,2023,2022-12-31,learned_vol_interaction,20260912,0.7144269683090918,0.7144269683090918,1,0
annual_net_quarter_head,2917,2023-02-03,2023-02-13,-0.0012061903149008,2023,2022-12-31,learned_vol_interaction,20260912,0.48449097695552545,0.48449097695552545,0,0
annual_net_quarter_head,2922,2023-02-10,2023-02-20,-0.0143746584432821,2023,2022-12-31,learned_vol_interaction,20260912,0.24568395555451436,0.24568395555451436,0,0
annual_net_quarter_head,2927,2023-02-17,2023-02-27,0.0001237636016198,2023,2022-12-31,learned_vol_interaction,20260912,0.4043340500782045,0.4043340500782045,0,1
annual_net_quarter_head,2932,2023-02-24,2023-03-06,0.0224454641303217,2023,2022-12-31,learned_vol_interaction,20260912,0.7237644100552868,0.7237644100552868,1,1
annual_net_quarter_head,2937,2023-03-03,2023-03-13,-0.0407900947678007,2023,2022-12-31,learned_vol_interaction,20260912,0.5909800662310533,0.5909800662310533,1,0
annual_net_quarter_head,2942,2023-03-10,2023-03-20,5.0471402903706775e-06,2023,2022-12-31,learned_vol_interaction,20260912,0.42073806711796297,0.42073806711796297,0,1
annual_net_quarter_head,2947,2023-03-17,2023-03-27,0.015302852124583,2023,2022-12-31,learned_vol_interaction,20260912,0.29115877511006416,0.29115877511006416,0,1
annual_net_quarter_head,2952,2023-03-24,2023-04-03,0.0090274153058433,2023,2022-12-31,learned_vol_interaction,20260912,0.5529999746105244,0.5529999746105244,1,1
annual_net_quarter_head,2957,2023-03-31,2023-04-10,0.0178317182396383,2023,2022-12-31,learned_vol_interaction,20260912,0.632100803954458,0.632100803954458,1,1
annual_net_quarter_head,2902,2023-01-06,2023-01-16,0.0198447929614133,2023,2022-12-31,learned_order_extension,20260912,0.3320870087441045,0.3320870087441045,0,1
annual_net_quarter_head,2907,2023-01-13,2023-01-30,0.0465290788350809,2023,2022-12-31,learned_order_extension,20260912,0.27988954900977053,0.27988954900977053,0,1
annual_net_quarter_head,2912,2023-01-20,2023-02-06,-0.0383797057844887,2023,2022-12-31,learned_order_extension,20260912,0.6620064456911843,0.6620064456911843,1,0
annual_net_quarter_head,2917,2023-02-03,2023-02-13,-0.0012061903149008,2023,2022-12-31,learned_order_extension,20260912,0.47399209037220413,0.47399209037220413,0,0
annual_net_quarter_head,2922,2023-02-10,2023-02-20,-0.0143746584432821,2023,2022-12-31,learned_order_extension,20260912,0.24616016767148868,0.24616016767148868,0,0
annual_net_quarter_head,2927,2023-02-17,2023-02-27,0.0001237636016198,2023,2022-12-31,learned_order_extension,20260912,0.39614793530843245,0.39614793530843245,0,1
annual_net_quarter_head,2932,2023-02-24,2023-03-06,0.0224454641303217,2023,2022-12-31,learned_order_extension,20260912,0.7129289281429624,0.7129289281429624,1,1
annual_net_quarter_head,2937,2023-03-03,2023-03-13,-0.0407900947678007,2023,2022-12-31,learned_order_extension,20260912,0.5872179709776264,0.5872179709776264,1,0
annual_net_quarter_head,2942,2023-03-10,2023-03-20,5.0471402903706775e-06,2023,2022-12-31,learned_order_extension,20260912,0.45917963346836393,0.45917963346836393,0,1
annual_net_quarter_head,2947,2023-03-17,2023-03-27,0.015302852124583,2023,2022-12-31,learned_order_extension,20260912,0.3321757909492291,0.3321757909492291,0,1
annual_net_quarter_head,2952,2023-03-24,2023-04-03,0.0090274153058433,2023,2022-12-31,learned_order_extension,20260912,0.5428268381901444,0.5428268381901444,1,1
annual_net_quarter_head,2957,2023-03-31,2023-04-10,0.0178317182396383,2023,2022-12-31,learned_order_extension,20260912,0.5750765947333518,0.5750765947333518,1,1
annual_net_quarter_head,2902,2023-01-06,2023-01-16,0.0198447929614133,2023,2022-12-31,learned_order_offset,20260912,0.33518639317613286,0.33518639317613286,0,1
annual_net_quarter_head,2907,2023-01-13,2023-01-30,0.0465290788350809,2023,2022-12-31,learned_order_offset,20260912,0.283926532884273,0.283926532884273,0,1
annual_net_quarter_head,2912,2023-01-20,2023-02-06,-0.0383797057844887,2023,2022-12-31,learned_order_offset,20260912,0.656265266213206,0.656265266213206,1,0
annual_net_quarter_head,2917,2023-02-03,2023-02-13,-0.0012061903149008,2023,2022-12-31,learned_order_offset,20260912,0.47265762776020354,0.47265762776020354,0,0
annual_net_quarter_head,2922,2023-02-10,2023-02-20,-0.0143746584432821,2023,2022-12-31,learned_order_offset,20260912,0.2502577591654617,0.2502577591654617,0,0
annual_net_quarter_head,2927,2023-02-17,2023-02-27,0.0001237636016198,2023,2022-12-31,learned_order_offset,20260912,0.3981719184557722,0.3981719184557722,0,1
annual_net_quarter_head,2932,2023-02-24,2023-03-06,0.0224454641303217,2023,2022-12-31,learned_order_offset,20260912,0.7071114667508918,0.7071114667508918,1,1
annual_net_quarter_head,2937,2023-03-03,2023-03-13,-0.0407900947678007,2023,2022-12-31,learned_order_offset,20260912,0.5854544425200702,0.5854544425200702,1,0
annual_net_quarter_head,2942,2023-03-10,2023-03-20,5.0471402903706775e-06,2023,2022-12-31,learned_order_offset,20260912,0.4623204109511431,0.4623204109511431,0,1
annual_net_quarter_head,2947,2023-03-17,2023-03-27,0.015302852124583,2023,2022-12-31,learned_order_offset,20260912,0.339217920591994,0.339217920591994,0,1
annual_net_quarter_head,2952,2023-03-24,2023-04-03,0.0090274153058433,2023,2022-12-31,learned_order_offset,20260912,0.5430909588293242,0.5430909588293242,1,1
annual_net_quarter_head,2957,2023-03-31,2023-04-10,0.0178317182396383,2023,2022-12-31,learned_order_offset,20260912,0.5725347377994414,0.5725347377994414,1,1
annual_net_quarter_head,2961,2023-04-07,2023-04-17,-0.0101500238382772,2023,2023-03-31,learned_market,20260910,0.5515277466756201,0.5515277466756201,1,0
annual_net_quarter_head,2966,2023-04-14,2023-04-24,-0.014368947230732,2023,2023-03-31,learned_market,20260910,0.3482785582363499,0.3482785582363499,0,0
annual_net_quarter_head,2971,2023-04-21,2023-05-04,-0.0044228908788729,2023,2023-03-31,learned_market,20260910,0.5344660440654496,0.5344660440654496,1,0
annual_net_quarter_head,2976,2023-04-28,2023-05-10,0.0036477163153083,2023,2023-03-31,learned_market,20260910,0.4235367860008704,0.4235367860008704,0,1
annual_net_quarter_head,2978,2023-05-05,2023-05-15,-0.0221642407977935,2023,2023-03-31,learned_market,20260910,0.4787465715633418,0.4787465715633418,0,0
annual_net_quarter_head,2983,2023-05-12,2023-05-22,0.0005509250208819,2023,2023-03-31,learned_market,20260910,0.32698231175142817,0.32698231175142817,0,1
annual_net_quarter_head,2988,2023-05-19,2023-05-29,-0.0200253742704897,2023,2023-03-31,learned_market,20260910,0.5414385538753711,0.5414385538753711,1,0
annual_net_quarter_head,2993,2023-05-26,2023-06-05,-0.0003935703040848,2023,2023-03-31,learned_market,20260910,0.5357826917667692,0.5357826917667692,1,0
annual_net_quarter_head,2998,2023-06-02,2023-06-12,-0.0086075595250429,2023,2023-03-31,learned_market,20260910,0.42674840127538255,0.42674840127538255,0,0
annual_net_quarter_head,3003,2023-06-09,2023-06-19,0.0338878539347273,2023,2023-03-31,learned_market,20260910,0.4018719032642152,0.4018719032642152,0,1
annual_net_quarter_head,3008,2023-06-16,2023-07-03,-0.026216632171098,2023,2023-03-31,learned_market,20260910,0.3836152800966241,0.3836152800966241,0,0
annual_net_quarter_head,3016,2023-06-30,2023-07-10,-0.0030441518806006,2023,2023-03-31,learned_market,20260910,0.46681686695320784,0.46681686695320784,0,0
annual_net_quarter_head,2961,2023-04-07,2023-04-17,-0.0101500238382772,2023,2023-03-31,learned_vol_interaction,20260910,0.5514193880696052,0.5514193880696052,1,0
annual_net_quarter_head,2966,2023-04-14,2023-04-24,-0.014368947230732,2023,2023-03-31,learned_vol_interaction,20260910,0.3514719607837061,0.3514719607837061,0,0
annual_net_quarter_head,2971,2023-04-21,2023-05-04,-0.0044228908788729,2023,2023-03-31,learned_vol_interaction,20260910,0.5349635079726744,0.5349635079726744,1,0
annual_net_quarter_head,2976,2023-04-28,2023-05-10,0.0036477163153083,2023,2023-03-31,learned_vol_interaction,20260910,0.4248476037506493,0.4248476037506493,0,1
annual_net_quarter_head,2978,2023-05-05,2023-05-15,-0.0221642407977935,2023,2023-03-31,learned_vol_interaction,20260910,0.4796307010733588,0.4796307010733588,0,0
annual_net_quarter_head,2983,2023-05-12,2023-05-22,0.0005509250208819,2023,2023-03-31,learned_vol_interaction,20260910,0.32891669697630915,0.32891669697630915,0,1
annual_net_quarter_head,2988,2023-05-19,2023-05-29,-0.0200253742704897,2023,2023-03-31,learned_vol_interaction,20260910,0.5400024822772923,0.5400024822772923,1,0
annual_net_quarter_head,2993,2023-05-26,2023-06-05,-0.0003935703040848,2023,2023-03-31,learned_vol_interaction,20260910,0.5356614122507043,0.5356614122507043,1,0
annual_net_quarter_head,2998,2023-06-02,2023-06-12,-0.0086075595250429,2023,2023-03-31,learned_vol_interaction,20260910,0.42823425672093035,0.42823425672093035,0,0
annual_net_quarter_head,3003,2023-06-09,2023-06-19,0.0338878539347273,2023,2023-03-31,learned_vol_interaction,20260910,0.40335004521083456,0.40335004521083456,0,1
annual_net_quarter_head,3008,2023-06-16,2023-07-03,-0.026216632171098,2023,2023-03-31,learned_vol_interaction,20260910,0.38516260854452317,0.38516260854452317,0,0
annual_net_quarter_head,3016,2023-06-30,2023-07-10,-0.0030441518806006,2023,2023-03-31,learned_vol_interaction,20260910,0.4665316282642683,0.4665316282642683,0,0
annual_net_quarter_head,2961,2023-04-07,2023-04-17,-0.0101500238382772,2023,2023-03-31,learned_order_extension,20260910,0.5227756121096215,0.5227756121096215,1,0
annual_net_quarter_head,2966,2023-04-14,2023-04-24,-0.014368947230732,2023,2023-03-31,learned_order_extension,20260910,0.3551422255417146,0.3551422255417146,0,0
annual_net_quarter_head,2971,2023-04-21,2023-05-04,-0.0044228908788729,2023,2023-03-31,learned_order_extension,20260910,0.5643961988091196,0.5643961988091196,1,0
annual_net_quarter_head,2976,2023-04-28,2023-05-10,0.0036477163153083,2023,2023-03-31,learned_order_extension,20260910,0.47456611259557174,0.47456611259557174,0,1
annual_net_quarter_head,2978,2023-05-05,2023-05-15,-0.0221642407977935,2023,2023-03-31,learned_order_extension,20260910,0.49694302654513123,0.49694302654513123,0,0
annual_net_quarter_head,2983,2023-05-12,2023-05-22,0.0005509250208819,2023,2023-03-31,learned_order_extension,20260910,0.4519685557525712,0.4519685557525712,0,1
annual_net_quarter_head,2988,2023-05-19,2023-05-29,-0.0200253742704897,2023,2023-03-31,learned_order_extension,20260910,0.5344532510341139,0.5344532510341139,1,0
annual_net_quarter_head,2993,2023-05-26,2023-06-05,-0.0003935703040848,2023,2023-03-31,learned_order_extension,20260910,0.54409320714045,0.54409320714045,1,0
annual_net_quarter_head,2998,2023-06-02,2023-06-12,-0.0086075595250429,2023,2023-03-31,learned_order_extension,20260910,0.4830522985077951,0.4830522985077951,0,0
annual_net_quarter_head,3003,2023-06-09,2023-06-19,0.0338878539347273,2023,2023-03-31,learned_order_extension,20260910,0.48683128431466444,0.48683128431466444,0,1
annual_net_quarter_head,3008,2023-06-16,2023-07-03,-0.026216632171098,2023,2023-03-31,learned_order_extension,20260910,0.47795375027355586,0.47795375027355586,0,0
annual_net_quarter_head,3016,2023-06-30,2023-07-10,-0.0030441518806006,2023,2023-03-31,learned_order_extension,20260910,0.49934290155758493,0.49934290155758493,0,0
annual_net_quarter_head,2961,2023-04-07,2023-04-17,-0.0101500238382772,2023,2023-03-31,learned_order_offset,20260910,0.5210821901152286,0.5210821901152286,1,0
annual_net_quarter_head,2966,2023-04-14,2023-04-24,-0.014368947230732,2023,2023-03-31,learned_order_offset,20260910,0.35359924206420834,0.35359924206420834,0,0
annual_net_quarter_head,2971,2023-04-21,2023-05-04,-0.0044228908788729,2023,2023-03-31,learned_order_offset,20260910,0.5658052102988861,0.5658052102988861,1,0
annual_net_quarter_head,2976,2023-04-28,2023-05-10,0.0036477163153083,2023,2023-03-31,learned_order_offset,20260910,0.4756358433060456,0.4756358433060456,0,1
annual_net_quarter_head,2978,2023-05-05,2023-05-15,-0.0221642407977935,2023,2023-03-31,learned_order_offset,20260910,0.49786415210610774,0.49786415210610774,0,0
annual_net_quarter_head,2983,2023-05-12,2023-05-22,0.0005509250208819,2023,2023-03-31,learned_order_offset,20260910,0.4541771194499193,0.4541771194499193,0,1
annual_net_quarter_head,2988,2023-05-19,2023-05-29,-0.0200253742704897,2023,2023-03-31,learned_order_offset,20260910,0.5342466372710064,0.5342466372710064,1,0
annual_net_quarter_head,2993,2023-05-26,2023-06-05,-0.0003935703040848,2023,2023-03-31,learned_order_offset,20260910,0.543943114715903,0.543943114715903,1,0
annual_net_quarter_head,2998,2023-06-02,2023-06-12,-0.0086075595250429,2023,2023-03-31,learned_order_offset,20260910,0.48442191485235864,0.48442191485235864,0,0
annual_net_quarter_head,3003,2023-06-09,2023-06-19,0.0338878539347273,2023,2023-03-31,learned_order_offset,20260910,0.4894504324124318,0.4894504324124318,0,1
annual_net_quarter_head,3008,2023-06-16,2023-07-03,-0.026216632171098,2023,2023-03-31,learned_order_offset,20260910,0.47910245801358187,0.47910245801358187,0,0
annual_net_quarter_head,3016,2023-06-30,2023-07-10,-0.0030441518806006,2023,2023-03-31,learned_order_offset,20260910,0.5000743509864274,0.5000743509864274,1,0
annual_net_quarter_head,2961,2023-04-07,2023-04-17,-0.0101500238382772,2023,2023-03-31,learned_market,20260911,0.5241391503334905,0.5241391503334905,1,0
annual_net_quarter_head,2966,2023-04-14,2023-04-24,-0.014368947230732,2023,2023-03-31,learned_market,20260911,0.5385052955058427,0.5385052955058427,1,0
annual_net_quarter_head,2971,2023-04-21,2023-05-04,-0.0044228908788729,2023,2023-03-31,learned_market,20260911,0.39461558975511796,0.39461558975511796,0,0
annual_net_quarter_head,2976,2023-04-28,2023-05-10,0.0036477163153083,2023,2023-03-31,learned_market,20260911,0.3716419432727947,0.3716419432727947,0,1
annual_net_quarter_head,2978,2023-05-05,2023-05-15,-0.0221642407977935,2023,2023-03-31,learned_market,20260911,0.36066629239044007,0.36066629239044007,0,0
annual_net_quarter_head,2983,2023-05-12,2023-05-22,0.0005509250208819,2023,2023-03-31,learned_market,20260911,0.5167916687290961,0.5167916687290961,1,1
annual_net_quarter_head,2988,2023-05-19,2023-05-29,-0.0200253742704897,2023,2023-03-31,learned_market,20260911,0.7267247709625311,0.7267247709625311,1,0
annual_net_quarter_head,2993,2023-05-26,2023-06-05,-0.0003935703040848,2023,2023-03-31,learned_market,20260911,0.5343464179543194,0.5343464179543194,1,0
annual_net_quarter_head,2998,2023-06-02,2023-06-12,-0.0086075595250429,2023,2023-03-31,learned_market,20260911,0.44392630708783404,0.44392630708783404,0,0
annual_net_quarter_head,3003,2023-06-09,2023-06-19,0.0338878539347273,2023,2023-03-31,learned_market,20260911,0.47248773088591633,0.47248773088591633,0,1
annual_net_quarter_head,3008,2023-06-16,2023-07-03,-0.026216632171098,2023,2023-03-31,learned_market,20260911,0.43032804187412527,0.43032804187412527,0,0
annual_net_quarter_head,3016,2023-06-30,2023-07-10,-0.0030441518806006,2023,2023-03-31,learned_market,20260911,0.5230090568906707,0.5230090568906707,1,0
annual_net_quarter_head,2961,2023-04-07,2023-04-17,-0.0101500238382772,2023,2023-03-31,learned_vol_interaction,20260911,0.5152975551139962,0.5152975551139962,1,0
annual_net_quarter_head,2966,2023-04-14,2023-04-24,-0.014368947230732,2023,2023-03-31,learned_vol_interaction,20260911,0.49712212841378567,0.49712212841378567,0,0
annual_net_quarter_head,2971,2023-04-21,2023-05-04,-0.0044228908788729,2023,2023-03-31,learned_vol_interaction,20260911,0.425364659637652,0.425364659637652,0,0
annual_net_quarter_head,2976,2023-04-28,2023-05-10,0.0036477163153083,2023,2023-03-31,learned_vol_interaction,20260911,0.40793032661872786,0.40793032661872786,0,1
annual_net_quarter_head,2978,2023-05-05,2023-05-15,-0.0221642407977935,2023,2023-03-31,learned_vol_interaction,20260911,0.4234196487699528,0.4234196487699528,0,0
annual_net_quarter_head,2983,2023-05-12,2023-05-22,0.0005509250208819,2023,2023-03-31,learned_vol_interaction,20260911,0.5445380840052666,0.5445380840052666,1,1
annual_net_quarter_head,2988,2023-05-19,2023-05-29,-0.0200253742704897,2023,2023-03-31,learned_vol_interaction,20260911,0.6798692093784366,0.6798692093784366,1,0
annual_net_quarter_head,2993,2023-05-26,2023-06-05,-0.0003935703040848,2023,2023-03-31,learned_vol_interaction,20260911,0.5504233704675884,0.5504233704675884,1,0
annual_net_quarter_head,2998,2023-06-02,2023-06-12,-0.0086075595250429,2023,2023-03-31,learned_vol_interaction,20260911,0.4636080907307202,0.4636080907307202,0,0
annual_net_quarter_head,3003,2023-06-09,2023-06-19,0.0338878539347273,2023,2023-03-31,learned_vol_interaction,20260911,0.5056211590492811,0.5056211590492811,1,1
annual_net_quarter_head,3008,2023-06-16,2023-07-03,-0.026216632171098,2023,2023-03-31,learned_vol_interaction,20260911,0.47547220235756377,0.47547220235756377,0,0
annual_net_quarter_head,3016,2023-06-30,2023-07-10,-0.0030441518806006,2023,2023-03-31,learned_vol_interaction,20260911,0.5276659568667758,0.5276659568667758,1,0
annual_net_quarter_head,2961,2023-04-07,2023-04-17,-0.0101500238382772,2023,2023-03-31,learned_order_extension,20260911,0.5141490611350729,0.5141490611350729,1,0
annual_net_quarter_head,2966,2023-04-14,2023-04-24,-0.014368947230732,2023,2023-03-31,learned_order_extension,20260911,0.49962051859473816,0.49962051859473816,0,0
annual_net_quarter_head,2971,2023-04-21,2023-05-04,-0.0044228908788729,2023,2023-03-31,learned_order_extension,20260911,0.43128287655043107,0.43128287655043107,0,0
annual_net_quarter_head,2976,2023-04-28,2023-05-10,0.0036477163153083,2023,2023-03-31,learned_order_extension,20260911,0.4213439569099108,0.4213439569099108,0,1
annual_net_quarter_head,2978,2023-05-05,2023-05-15,-0.0221642407977935,2023,2023-03-31,learned_order_extension,20260911,0.4363619432847604,0.4363619432847604,0,0
annual_net_quarter_head,2983,2023-05-12,2023-05-22,0.0005509250208819,2023,2023-03-31,learned_order_extension,20260911,0.5453368010298203,0.5453368010298203,1,1
annual_net_quarter_head,2988,2023-05-19,2023-05-29,-0.0200253742704897,2023,2023-03-31,learned_order_extension,20260911,0.664584993279423,0.664584993279423,1,0
annual_net_quarter_head,2993,2023-05-26,2023-06-05,-0.0003935703040848,2023,2023-03-31,learned_order_extension,20260911,0.5540547340448811,0.5540547340448811,1,0
annual_net_quarter_head,2998,2023-06-02,2023-06-12,-0.0086075595250429,2023,2023-03-31,learned_order_extension,20260911,0.47384057000408353,0.47384057000408353,0,0
annual_net_quarter_head,3003,2023-06-09,2023-06-19,0.0338878539347273,2023,2023-03-31,learned_order_extension,20260911,0.5110771309658336,0.5110771309658336,1,1
annual_net_quarter_head,3008,2023-06-16,2023-07-03,-0.026216632171098,2023,2023-03-31,learned_order_extension,20260911,0.48518563385791935,0.48518563385791935,0,0
annual_net_quarter_head,3016,2023-06-30,2023-07-10,-0.0030441518806006,2023,2023-03-31,learned_order_extension,20260911,0.5238281309109895,0.5238281309109895,1,0
annual_net_quarter_head,2961,2023-04-07,2023-04-17,-0.0101500238382772,2023,2023-03-31,learned_order_offset,20260911,0.5138515928726021,0.5138515928726021,1,0
annual_net_quarter_head,2966,2023-04-14,2023-04-24,-0.014368947230732,2023,2023-03-31,learned_order_offset,20260911,0.4990572678441879,0.4990572678441879,0,0
annual_net_quarter_head,2971,2023-04-21,2023-05-04,-0.0044228908788729,2023,2023-03-31,learned_order_offset,20260911,0.4309675826124213,0.4309675826124213,0,0
annual_net_quarter_head,2976,2023-04-28,2023-05-10,0.0036477163153083,2023,2023-03-31,learned_order_offset,20260911,0.421087636354725,0.421087636354725,0,1
annual_net_quarter_head,2978,2023-05-05,2023-05-15,-0.0221642407977935,2023,2023-03-31,learned_order_offset,20260911,0.4361292215910117,0.4361292215910117,0,0
annual_net_quarter_head,2983,2023-05-12,2023-05-22,0.0005509250208819,2023,2023-03-31,learned_order_offset,20260911,0.5449372581862827,0.5449372581862827,1,1
annual_net_quarter_head,2988,2023-05-19,2023-05-29,-0.0200253742704897,2023,2023-03-31,learned_order_offset,20260911,0.66438652416577,0.66438652416577,1,0
annual_net_quarter_head,2993,2023-05-26,2023-06-05,-0.0003935703040848,2023,2023-03-31,learned_order_offset,20260911,0.5538738421470748,0.5538738421470748,1,0
annual_net_quarter_head,2998,2023-06-02,2023-06-12,-0.0086075595250429,2023,2023-03-31,learned_order_offset,20260911,0.47370097968117075,0.47370097968117075,0,0
annual_net_quarter_head,3003,2023-06-09,2023-06-19,0.0338878539347273,2023,2023-03-31,learned_order_offset,20260911,0.5109065976444346,0.5109065976444346,1,1
annual_net_quarter_head,3008,2023-06-16,2023-07-03,-0.026216632171098,2023,2023-03-31,learned_order_offset,20260911,0.4850883170136849,0.4850883170136849,0,0
annual_net_quarter_head,3016,2023-06-30,2023-07-10,-0.0030441518806006,2023,2023-03-31,learned_order_offset,20260911,0.5233009306316573,0.5233009306316573,1,0
annual_net_quarter_head,2961,2023-04-07,2023-04-17,-0.0101500238382772,2023,2023-03-31,learned_market,20260912,0.6088174188569824,0.6088174188569824,1,0
annual_net_quarter_head,2966,2023-04-14,2023-04-24,-0.014368947230732,2023,2023-03-31,learned_market,20260912,0.3716338706538755,0.3716338706538755,0,0
annual_net_quarter_head,2971,2023-04-21,2023-05-04,-0.0044228908788729,2023,2023-03-31,learned_market,20260912,0.32333197787567514,0.32333197787567514,0,0
annual_net_quarter_head,2976,2023-04-28,2023-05-10,0.0036477163153083,2023,2023-03-31,learned_market,20260912,0.4463292988865574,0.4463292988865574,0,1
annual_net_quarter_head,2978,2023-05-05,2023-05-15,-0.0221642407977935,2023,2023-03-31,learned_market,20260912,0.33080512294830106,0.33080512294830106,0,0
annual_net_quarter_head,2983,2023-05-12,2023-05-22,0.0005509250208819,2023,2023-03-31,learned_market,20260912,0.44296771499631526,0.44296771499631526,0,1
annual_net_quarter_head,2988,2023-05-19,2023-05-29,-0.0200253742704897,2023,2023-03-31,learned_market,20260912,0.6510420405436359,0.6510420405436359,1,0
annual_net_quarter_head,2993,2023-05-26,2023-06-05,-0.0003935703040848,2023,2023-03-31,learned_market,20260912,0.4881951455951724,0.4881951455951724,0,0
annual_net_quarter_head,2998,2023-06-02,2023-06-12,-0.0086075595250429,2023,2023-03-31,learned_market,20260912,0.4752436811487493,0.4752436811487493,0,0
annual_net_quarter_head,3003,2023-06-09,2023-06-19,0.0338878539347273,2023,2023-03-31,learned_market,20260912,0.3823268042073085,0.3823268042073085,0,1
annual_net_quarter_head,3008,2023-06-16,2023-07-03,-0.026216632171098,2023,2023-03-31,learned_market,20260912,0.3855774396438377,0.3855774396438377,0,0
annual_net_quarter_head,3016,2023-06-30,2023-07-10,-0.0030441518806006,2023,2023-03-31,learned_market,20260912,0.6629468429211739,0.6629468429211739,1,0
annual_net_quarter_head,2961,2023-04-07,2023-04-17,-0.0101500238382772,2023,2023-03-31,learned_vol_interaction,20260912,0.6207122958373003,0.6207122958373003,1,0
annual_net_quarter_head,2966,2023-04-14,2023-04-24,-0.014368947230732,2023,2023-03-31,learned_vol_interaction,20260912,0.35314824532824757,0.35314824532824757,0,0
annual_net_quarter_head,2971,2023-04-21,2023-05-04,-0.0044228908788729,2023,2023-03-31,learned_vol_interaction,20260912,0.305757325847807,0.305757325847807,0,0
annual_net_quarter_head,2976,2023-04-28,2023-05-10,0.0036477163153083,2023,2023-03-31,learned_vol_interaction,20260912,0.4310689715374585,0.4310689715374585,0,1
annual_net_quarter_head,2978,2023-05-05,2023-05-15,-0.0221642407977935,2023,2023-03-31,learned_vol_interaction,20260912,0.3115312912590452,0.3115312912590452,0,0
annual_net_quarter_head,2983,2023-05-12,2023-05-22,0.0005509250208819,2023,2023-03-31,learned_vol_interaction,20260912,0.44621884122181893,0.44621884122181893,0,1
annual_net_quarter_head,2988,2023-05-19,2023-05-29,-0.0200253742704897,2023,2023-03-31,learned_vol_interaction,20260912,0.6558644103031696,0.6558644103031696,1,0
annual_net_quarter_head,2993,2023-05-26,2023-06-05,-0.0003935703040848,2023,2023-03-31,learned_vol_interaction,20260912,0.49339317837834007,0.49339317837834007,0,0
annual_net_quarter_head,2998,2023-06-02,2023-06-12,-0.0086075595250429,2023,2023-03-31,learned_vol_interaction,20260912,0.46410921454442144,0.46410921454442144,0,0
annual_net_quarter_head,3003,2023-06-09,2023-06-19,0.0338878539347273,2023,2023-03-31,learned_vol_interaction,20260912,0.3638751189898555,0.3638751189898555,0,1
annual_net_quarter_head,3008,2023-06-16,2023-07-03,-0.026216632171098,2023,2023-03-31,learned_vol_interaction,20260912,0.3603305330438822,0.3603305330438822,0,0
annual_net_quarter_head,3016,2023-06-30,2023-07-10,-0.0030441518806006,2023,2023-03-31,learned_vol_interaction,20260912,0.6815110385555253,0.6815110385555253,1,0
annual_net_quarter_head,2961,2023-04-07,2023-04-17,-0.0101500238382772,2023,2023-03-31,learned_order_extension,20260912,0.601086421575178,0.601086421575178,1,0
annual_net_quarter_head,2966,2023-04-14,2023-04-24,-0.014368947230732,2023,2023-03-31,learned_order_extension,20260912,0.4047230703891177,0.4047230703891177,0,0
annual_net_quarter_head,2971,2023-04-21,2023-05-04,-0.0044228908788729,2023,2023-03-31,learned_order_extension,20260912,0.38174103448421676,0.38174103448421676,0,0
annual_net_quarter_head,2976,2023-04-28,2023-05-10,0.0036477163153083,2023,2023-03-31,learned_order_extension,20260912,0.46067476406420516,0.46067476406420516,0,1
annual_net_quarter_head,2978,2023-05-05,2023-05-15,-0.0221642407977935,2023,2023-03-31,learned_order_extension,20260912,0.38786266771451733,0.38786266771451733,0,0
annual_net_quarter_head,2983,2023-05-12,2023-05-22,0.0005509250208819,2023,2023-03-31,learned_order_extension,20260912,0.5107632681865633,0.5107632681865633,1,1
annual_net_quarter_head,2988,2023-05-19,2023-05-29,-0.0200253742704897,2023,2023-03-31,learned_order_extension,20260912,0.5308976871097167,0.5308976871097167,1,0
annual_net_quarter_head,2993,2023-05-26,2023-06-05,-0.0003935703040848,2023,2023-03-31,learned_order_extension,20260912,0.5119246359066736,0.5119246359066736,1,0
annual_net_quarter_head,2998,2023-06-02,2023-06-12,-0.0086075595250429,2023,2023-03-31,learned_order_extension,20260912,0.5227320706529938,0.5227320706529938,1,0
annual_net_quarter_head,3003,2023-06-09,2023-06-19,0.0338878539347273,2023,2023-03-31,learned_order_extension,20260912,0.44993101600343804,0.44993101600343804,0,1
annual_net_quarter_head,3008,2023-06-16,2023-07-03,-0.026216632171098,2023,2023-03-31,learned_order_extension,20260912,0.45763769549883165,0.45763769549883165,0,0
annual_net_quarter_head,3016,2023-06-30,2023-07-10,-0.0030441518806006,2023,2023-03-31,learned_order_extension,20260912,0.59755974300834,0.59755974300834,1,0
annual_net_quarter_head,2961,2023-04-07,2023-04-17,-0.0101500238382772,2023,2023-03-31,learned_order_offset,20260912,0.6001813158875465,0.6001813158875465,1,0
annual_net_quarter_head,2966,2023-04-14,2023-04-24,-0.014368947230732,2023,2023-03-31,learned_order_offset,20260912,0.41410223651692885,0.41410223651692885,0,0
annual_net_quarter_head,2971,2023-04-21,2023-05-04,-0.0044228908788729,2023,2023-03-31,learned_order_offset,20260912,0.39313314725408316,0.39313314725408316,0,0
annual_net_quarter_head,2976,2023-04-28,2023-05-10,0.0036477163153083,2023,2023-03-31,learned_order_offset,20260912,0.46380256150143534,0.46380256150143534,0,1
annual_net_quarter_head,2978,2023-05-05,2023-05-15,-0.0221642407977935,2023,2023-03-31,learned_order_offset,20260912,0.3916461917840318,0.3916461917840318,0,0
annual_net_quarter_head,2983,2023-05-12,2023-05-22,0.0005509250208819,2023,2023-03-31,learned_order_offset,20260912,0.5108788093758847,0.5108788093758847,1,1
annual_net_quarter_head,2988,2023-05-19,2023-05-29,-0.0200253742704897,2023,2023-03-31,learned_order_offset,20260912,0.5210045146053202,0.5210045146053202,1,0
annual_net_quarter_head,2993,2023-05-26,2023-06-05,-0.0003935703040848,2023,2023-03-31,learned_order_offset,20260912,0.507987007171491,0.507987007171491,1,0
annual_net_quarter_head,2998,2023-06-02,2023-06-12,-0.0086075595250429,2023,2023-03-31,learned_order_offset,20260912,0.5292502277371548,0.5292502277371548,1,0
annual_net_quarter_head,3003,2023-06-09,2023-06-19,0.0338878539347273,2023,2023-03-31,learned_order_offset,20260912,0.4612165990990337,0.4612165990990337,0,1
annual_net_quarter_head,3008,2023-06-16,2023-07-03,-0.026216632171098,2023,2023-03-31,learned_order_offset,20260912,0.4638359718932531,0.4638359718932531,0,0
annual_net_quarter_head,3016,2023-06-30,2023-07-10,-0.0030441518806006,2023,2023-03-31,learned_order_offset,20260912,0.5988786896010085,0.5988786896010085,1,0
annual_net_quarter_head,3021,2023-07-07,2023-07-17,0.0104280552692135,2023,2023-06-30,learned_market,20260910,0.5377427769980477,0.5377427769980477,1,1
annual_net_quarter_head,3026,2023-07-14,2023-07-24,-0.0201642613135752,2023,2023-06-30,learned_market,20260910,0.6715131598607885,0.6715131598607885,1,0
annual_net_quarter_head,3031,2023-07-21,2023-07-31,0.0566710925894278,2023,2023-06-30,learned_market,20260910,0.6915819170320914,0.6915819170320914,1,1
annual_net_quarter_head,3036,2023-07-28,2023-08-07,-0.0039612927947766,2023,2023-06-30,learned_market,20260910,0.4635883382641593,0.4635883382641593,0,0
annual_net_quarter_head,3041,2023-08-04,2023-08-14,-0.0404899362223548,2023,2023-06-30,learned_market,20260910,0.45702474442700214,0.45702474442700214,0,0
annual_net_quarter_head,3046,2023-08-11,2023-08-21,-0.0176157088591445,2023,2023-06-30,learned_market,20260910,0.3853350243748542,0.3853350243748542,0,0
annual_net_quarter_head,3051,2023-08-18,2023-08-28,0.0366582477081969,2023,2023-06-30,learned_market,20260910,0.6543271917388084,0.6543271917388084,1,1
annual_net_quarter_head,3056,2023-08-25,2023-09-04,-0.025197172476384,2023,2023-06-30,learned_market,20260910,0.4135753524341682,0.4135753524341682,0,0
annual_net_quarter_head,3061,2023-09-01,2023-09-11,-0.0189903461587886,2023,2023-06-30,learned_market,20260910,0.7389787481799646,0.7389787481799646,1,0
annual_net_quarter_head,3066,2023-09-08,2023-09-18,-0.0111346368744954,2023,2023-06-30,learned_market,20260910,0.5863043243178409,0.5863043243178409,1,0
annual_net_quarter_head,3071,2023-09-15,2023-09-25,0.0105787349314532,2023,2023-06-30,learned_market,20260910,0.7331155907583651,0.7331155907583651,1,1
annual_net_quarter_head,3076,2023-09-22,2023-10-16,-0.0198017153282719,2023,2023-06-30,learned_market,20260910,0.42796930175060427,0.42796930175060427,0,0
annual_net_quarter_head,3021,2023-07-07,2023-07-17,0.0104280552692135,2023,2023-06-30,learned_vol_interaction,20260910,0.5376676325844214,0.5376676325844214,1,1
annual_net_quarter_head,3026,2023-07-14,2023-07-24,-0.0201642613135752,2023,2023-06-30,learned_vol_interaction,20260910,0.6717753966511087,0.6717753966511087,1,0
annual_net_quarter_head,3031,2023-07-21,2023-07-31,0.0566710925894278,2023,2023-06-30,learned_vol_interaction,20260910,0.69206409718111,0.69206409718111,1,1
annual_net_quarter_head,3036,2023-07-28,2023-08-07,-0.0039612927947766,2023,2023-06-30,learned_vol_interaction,20260910,0.46347722554391296,0.46347722554391296,0,0
annual_net_quarter_head,3041,2023-08-04,2023-08-14,-0.0404899362223548,2023,2023-06-30,learned_vol_interaction,20260910,0.4567883551847489,0.4567883551847489,0,0
annual_net_quarter_head,3046,2023-08-11,2023-08-21,-0.0176157088591445,2023,2023-06-30,learned_vol_interaction,20260910,0.3851483099466338,0.3851483099466338,0,0
annual_net_quarter_head,3051,2023-08-18,2023-08-28,0.0366582477081969,2023,2023-06-30,learned_vol_interaction,20260910,0.6544649552573476,0.6544649552573476,1,1
annual_net_quarter_head,3056,2023-08-25,2023-09-04,-0.025197172476384,2023,2023-06-30,learned_vol_interaction,20260910,0.4133555165975751,0.4133555165975751,0,0
annual_net_quarter_head,3061,2023-09-01,2023-09-11,-0.0189903461587886,2023,2023-06-30,learned_vol_interaction,20260910,0.7394696222944722,0.7394696222944722,1,0
annual_net_quarter_head,3066,2023-09-08,2023-09-18,-0.0111346368744954,2023,2023-06-30,learned_vol_interaction,20260910,0.5864614025428913,0.5864614025428913,1,0
annual_net_quarter_head,3071,2023-09-15,2023-09-25,0.0105787349314532,2023,2023-06-30,learned_vol_interaction,20260910,0.7334381329219908,0.7334381329219908,1,1
annual_net_quarter_head,3076,2023-09-22,2023-10-16,-0.0198017153282719,2023,2023-06-30,learned_vol_interaction,20260910,0.4277574711822224,0.4277574711822224,0,0
annual_net_quarter_head,3021,2023-07-07,2023-07-17,0.0104280552692135,2023,2023-06-30,learned_order_extension,20260910,0.5446591157236983,0.5446591157236983,1,1
annual_net_quarter_head,3026,2023-07-14,2023-07-24,-0.0201642613135752,2023,2023-06-30,learned_order_extension,20260910,0.5986644404085637,0.5986644404085637,1,0
annual_net_quarter_head,3031,2023-07-21,2023-07-31,0.0566710925894278,2023,2023-06-30,learned_order_extension,20260910,0.6343814944459469,0.6343814944459469,1,1
annual_net_quarter_head,3036,2023-07-28,2023-08-07,-0.0039612927947766,2023,2023-06-30,learned_order_extension,20260910,0.47201246632125865,0.47201246632125865,0,0
annual_net_quarter_head,3041,2023-08-04,2023-08-14,-0.0404899362223548,2023,2023-06-30,learned_order_extension,20260910,0.4814432807883364,0.4814432807883364,0,0
annual_net_quarter_head,3046,2023-08-11,2023-08-21,-0.0176157088591445,2023,2023-06-30,learned_order_extension,20260910,0.42249155264998217,0.42249155264998217,0,0
annual_net_quarter_head,3051,2023-08-18,2023-08-28,0.0366582477081969,2023,2023-06-30,learned_order_extension,20260910,0.6130164050842543,0.6130164050842543,1,1
annual_net_quarter_head,3056,2023-08-25,2023-09-04,-0.025197172476384,2023,2023-06-30,learned_order_extension,20260910,0.44539298982001674,0.44539298982001674,0,0
annual_net_quarter_head,3061,2023-09-01,2023-09-11,-0.0189903461587886,2023,2023-06-30,learned_order_extension,20260910,0.6819264954669468,0.6819264954669468,1,0
annual_net_quarter_head,3066,2023-09-08,2023-09-18,-0.0111346368744954,2023,2023-06-30,learned_order_extension,20260910,0.575671492211324,0.575671492211324,1,0
annual_net_quarter_head,3071,2023-09-15,2023-09-25,0.0105787349314532,2023,2023-06-30,learned_order_extension,20260910,0.7192803909764851,0.7192803909764851,1,1
annual_net_quarter_head,3076,2023-09-22,2023-10-16,-0.0198017153282719,2023,2023-06-30,learned_order_extension,20260910,0.46009749984137466,0.46009749984137466,0,0
annual_net_quarter_head,3021,2023-07-07,2023-07-17,0.0104280552692135,2023,2023-06-30,learned_order_offset,20260910,0.5436936276135587,0.5436936276135587,1,1
annual_net_quarter_head,3026,2023-07-14,2023-07-24,-0.0201642613135752,2023,2023-06-30,learned_order_offset,20260910,0.5974583035901485,0.5974583035901485,1,0
annual_net_quarter_head,3031,2023-07-21,2023-07-31,0.0566710925894278,2023,2023-06-30,learned_order_offset,20260910,0.6338553854139907,0.6338553854139907,1,1
annual_net_quarter_head,3036,2023-07-28,2023-08-07,-0.0039612927947766,2023,2023-06-30,learned_order_offset,20260910,0.4728774768591466,0.4728774768591466,0,0
annual_net_quarter_head,3041,2023-08-04,2023-08-14,-0.0404899362223548,2023,2023-06-30,learned_order_offset,20260910,0.4828490730998769,0.4828490730998769,0,0
annual_net_quarter_head,3046,2023-08-11,2023-08-21,-0.0176157088591445,2023,2023-06-30,learned_order_offset,20260910,0.4254846578566104,0.4254846578566104,0,0
annual_net_quarter_head,3051,2023-08-18,2023-08-28,0.0366582477081969,2023,2023-06-30,learned_order_offset,20260910,0.6127075817324641,0.6127075817324641,1,1
annual_net_quarter_head,3056,2023-08-25,2023-09-04,-0.025197172476384,2023,2023-06-30,learned_order_offset,20260910,0.44719307633516187,0.44719307633516187,0,0
annual_net_quarter_head,3061,2023-09-01,2023-09-11,-0.0189903461587886,2023,2023-06-30,learned_order_offset,20260910,0.6804143515845369,0.6804143515845369,1,0
annual_net_quarter_head,3066,2023-09-08,2023-09-18,-0.0111346368744954,2023,2023-06-30,learned_order_offset,20260910,0.5772518956429019,0.5772518956429019,1,0
annual_net_quarter_head,3071,2023-09-15,2023-09-25,0.0105787349314532,2023,2023-06-30,learned_order_offset,20260910,0.7183324855316406,0.7183324855316406,1,1
annual_net_quarter_head,3076,2023-09-22,2023-10-16,-0.0198017153282719,2023,2023-06-30,learned_order_offset,20260910,0.46110231988121536,0.46110231988121536,0,0
annual_net_quarter_head,3021,2023-07-07,2023-07-17,0.0104280552692135,2023,2023-06-30,learned_market,20260911,0.48365143132976307,0.48365143132976307,0,1
annual_net_quarter_head,3026,2023-07-14,2023-07-24,-0.0201642613135752,2023,2023-06-30,learned_market,20260911,0.4656328895860003,0.4656328895860003,0,0
annual_net_quarter_head,3031,2023-07-21,2023-07-31,0.0566710925894278,2023,2023-06-30,learned_market,20260911,0.47811470188662475,0.47811470188662475,0,1
annual_net_quarter_head,3036,2023-07-28,2023-08-07,-0.0039612927947766,2023,2023-06-30,learned_market,20260911,0.4658577563879845,0.4658577563879845,0,0
annual_net_quarter_head,3041,2023-08-04,2023-08-14,-0.0404899362223548,2023,2023-06-30,learned_market,20260911,0.44042008791831594,0.44042008791831594,0,0
annual_net_quarter_head,3046,2023-08-11,2023-08-21,-0.0176157088591445,2023,2023-06-30,learned_market,20260911,0.6993406559164981,0.6993406559164981,1,0
annual_net_quarter_head,3051,2023-08-18,2023-08-28,0.0366582477081969,2023,2023-06-30,learned_market,20260911,0.4717400247101922,0.4717400247101922,0,1
annual_net_quarter_head,3056,2023-08-25,2023-09-04,-0.025197172476384,2023,2023-06-30,learned_market,20260911,0.5764526859151438,0.5764526859151438,1,0
annual_net_quarter_head,3061,2023-09-01,2023-09-11,-0.0189903461587886,2023,2023-06-30,learned_market,20260911,0.444567351457038,0.444567351457038,0,0
annual_net_quarter_head,3066,2023-09-08,2023-09-18,-0.0111346368744954,2023,2023-06-30,learned_market,20260911,0.5745619397710027,0.5745619397710027,1,0
annual_net_quarter_head,3071,2023-09-15,2023-09-25,0.0105787349314532,2023,2023-06-30,learned_market,20260911,0.6445084890865205,0.6445084890865205,1,1
annual_net_quarter_head,3076,2023-09-22,2023-10-16,-0.0198017153282719,2023,2023-06-30,learned_market,20260911,0.5933977811444346,0.5933977811444346,1,0
annual_net_quarter_head,3021,2023-07-07,2023-07-17,0.0104280552692135,2023,2023-06-30,learned_vol_interaction,20260911,0.5131664040305568,0.5131664040305568,1,1
annual_net_quarter_head,3026,2023-07-14,2023-07-24,-0.0201642613135752,2023,2023-06-30,learned_vol_interaction,20260911,0.47134606547733604,0.47134606547733604,0,0
annual_net_quarter_head,3031,2023-07-21,2023-07-31,0.0566710925894278,2023,2023-06-30,learned_vol_interaction,20260911,0.5140912735514513,0.5140912735514513,1,1
annual_net_quarter_head,3036,2023-07-28,2023-08-07,-0.0039612927947766,2023,2023-06-30,learned_vol_interaction,20260911,0.4831665762936792,0.4831665762936792,0,0
annual_net_quarter_head,3041,2023-08-04,2023-08-14,-0.0404899362223548,2023,2023-06-30,learned_vol_interaction,20260911,0.4625488112474743,0.4625488112474743,0,0
annual_net_quarter_head,3046,2023-08-11,2023-08-21,-0.0176157088591445,2023,2023-06-30,learned_vol_interaction,20260911,0.6654864474813215,0.6654864474813215,1,0
annual_net_quarter_head,3051,2023-08-18,2023-08-28,0.0366582477081969,2023,2023-06-30,learned_vol_interaction,20260911,0.47663683193358536,0.47663683193358536,0,1
annual_net_quarter_head,3056,2023-08-25,2023-09-04,-0.025197172476384,2023,2023-06-30,learned_vol_interaction,20260911,0.557408809484904,0.557408809484904,1,0
annual_net_quarter_head,3061,2023-09-01,2023-09-11,-0.0189903461587886,2023,2023-06-30,learned_vol_interaction,20260911,0.4826049845375184,0.4826049845375184,0,0
annual_net_quarter_head,3066,2023-09-08,2023-09-18,-0.0111346368744954,2023,2023-06-30,learned_vol_interaction,20260911,0.57659555466239,0.57659555466239,1,0
annual_net_quarter_head,3071,2023-09-15,2023-09-25,0.0105787349314532,2023,2023-06-30,learned_vol_interaction,20260911,0.6439478198451737,0.6439478198451737,1,1
annual_net_quarter_head,3076,2023-09-22,2023-10-16,-0.0198017153282719,2023,2023-06-30,learned_vol_interaction,20260911,0.5774385046877938,0.5774385046877938,1,0
annual_net_quarter_head,3021,2023-07-07,2023-07-17,0.0104280552692135,2023,2023-06-30,learned_order_extension,20260911,0.5241559333297944,0.5241559333297944,1,1
annual_net_quarter_head,3026,2023-07-14,2023-07-24,-0.0201642613135752,2023,2023-06-30,learned_order_extension,20260911,0.47538975957299434,0.47538975957299434,0,0
annual_net_quarter_head,3031,2023-07-21,2023-07-31,0.0566710925894278,2023,2023-06-30,learned_order_extension,20260911,0.5241038628908044,0.5241038628908044,1,1
annual_net_quarter_head,3036,2023-07-28,2023-08-07,-0.0039612927947766,2023,2023-06-30,learned_order_extension,20260911,0.48484649024016135,0.48484649024016135,0,0
annual_net_quarter_head,3041,2023-08-04,2023-08-14,-0.0404899362223548,2023,2023-06-30,learned_order_extension,20260911,0.46712388170035113,0.46712388170035113,0,0
annual_net_quarter_head,3046,2023-08-11,2023-08-21,-0.0176157088591445,2023,2023-06-30,learned_order_extension,20260911,0.6528924113018322,0.6528924113018322,1,0
annual_net_quarter_head,3051,2023-08-18,2023-08-28,0.0366582477081969,2023,2023-06-30,learned_order_extension,20260911,0.48101726562078617,0.48101726562078617,0,1
annual_net_quarter_head,3056,2023-08-25,2023-09-04,-0.025197172476384,2023,2023-06-30,learned_order_extension,20260911,0.5489489018874183,0.5489489018874183,1,0
annual_net_quarter_head,3061,2023-09-01,2023-09-11,-0.0189903461587886,2023,2023-06-30,learned_order_extension,20260911,0.49256117450104797,0.49256117450104797,0,0
annual_net_quarter_head,3066,2023-09-08,2023-09-18,-0.0111346368744954,2023,2023-06-30,learned_order_extension,20260911,0.5742849905909868,0.5742849905909868,1,0
annual_net_quarter_head,3071,2023-09-15,2023-09-25,0.0105787349314532,2023,2023-06-30,learned_order_extension,20260911,0.6468902605524021,0.6468902605524021,1,1
annual_net_quarter_head,3076,2023-09-22,2023-10-16,-0.0198017153282719,2023,2023-06-30,learned_order_extension,20260911,0.5772371799064909,0.5772371799064909,1,0
annual_net_quarter_head,3021,2023-07-07,2023-07-17,0.0104280552692135,2023,2023-06-30,learned_order_offset,20260911,0.5237727691321814,0.5237727691321814,1,1
annual_net_quarter_head,3026,2023-07-14,2023-07-24,-0.0201642613135752,2023,2023-06-30,learned_order_offset,20260911,0.47485125645159026,0.47485125645159026,0,0
annual_net_quarter_head,3031,2023-07-21,2023-07-31,0.0566710925894278,2023,2023-06-30,learned_order_offset,20260911,0.5238210989194076,0.5238210989194076,1,1
annual_net_quarter_head,3036,2023-07-28,2023-08-07,-0.0039612927947766,2023,2023-06-30,learned_order_offset,20260911,0.48436790827775655,0.48436790827775655,0,0
annual_net_quarter_head,3041,2023-08-04,2023-08-14,-0.0404899362223548,2023,2023-06-30,learned_order_offset,20260911,0.466868192929827,0.466868192929827,0,0
annual_net_quarter_head,3046,2023-08-11,2023-08-21,-0.0176157088591445,2023,2023-06-30,learned_order_offset,20260911,0.6526531281530362,0.6526531281530362,1,0
annual_net_quarter_head,3051,2023-08-18,2023-08-28,0.0366582477081969,2023,2023-06-30,learned_order_offset,20260911,0.4804745528189585,0.4804745528189585,0,1
annual_net_quarter_head,3056,2023-08-25,2023-09-04,-0.025197172476384,2023,2023-06-30,learned_order_offset,20260911,0.5488395154711712,0.5488395154711712,1,0
annual_net_quarter_head,3061,2023-09-01,2023-09-11,-0.0189903461587886,2023,2023-06-30,learned_order_offset,20260911,0.49283354626637765,0.49283354626637765,0,0
annual_net_quarter_head,3066,2023-09-08,2023-09-18,-0.0111346368744954,2023,2023-06-30,learned_order_offset,20260911,0.5742804154560676,0.5742804154560676,1,0
annual_net_quarter_head,3071,2023-09-15,2023-09-25,0.0105787349314532,2023,2023-06-30,learned_order_offset,20260911,0.6467010211121907,0.6467010211121907,1,1
annual_net_quarter_head,3076,2023-09-22,2023-10-16,-0.0198017153282719,2023,2023-06-30,learned_order_offset,20260911,0.5770492314223902,0.5770492314223902,1,0
annual_net_quarter_head,3021,2023-07-07,2023-07-17,0.0104280552692135,2023,2023-06-30,learned_market,20260912,0.600482777692957,0.600482777692957,1,1
annual_net_quarter_head,3026,2023-07-14,2023-07-24,-0.0201642613135752,2023,2023-06-30,learned_market,20260912,0.7765596004180149,0.7765596004180149,1,0
annual_net_quarter_head,3031,2023-07-21,2023-07-31,0.0566710925894278,2023,2023-06-30,learned_market,20260912,0.31774386604193194,0.31774386604193194,0,1
annual_net_quarter_head,3036,2023-07-28,2023-08-07,-0.0039612927947766,2023,2023-06-30,learned_market,20260912,0.6414357019639497,0.6414357019639497,1,0
annual_net_quarter_head,3041,2023-08-04,2023-08-14,-0.0404899362223548,2023,2023-06-30,learned_market,20260912,0.6707701716951774,0.6707701716951774,1,0
annual_net_quarter_head,3046,2023-08-11,2023-08-21,-0.0176157088591445,2023,2023-06-30,learned_market,20260912,0.8459888072385405,0.8459888072385405,1,0
annual_net_quarter_head,3051,2023-08-18,2023-08-28,0.0366582477081969,2023,2023-06-30,learned_market,20260912,0.4307110548833077,0.4307110548833077,0,1
annual_net_quarter_head,3056,2023-08-25,2023-09-04,-0.025197172476384,2023,2023-06-30,learned_market,20260912,0.4735280145501267,0.4735280145501267,0,0
annual_net_quarter_head,3061,2023-09-01,2023-09-11,-0.0189903461587886,2023,2023-06-30,learned_market,20260912,0.2960089932260279,0.2960089932260279,0,0
annual_net_quarter_head,3066,2023-09-08,2023-09-18,-0.0111346368744954,2023,2023-06-30,learned_market,20260912,0.6383582837501528,0.6383582837501528,1,0
annual_net_quarter_head,3071,2023-09-15,2023-09-25,0.0105787349314532,2023,2023-06-30,learned_market,20260912,0.47590859123684004,0.47590859123684004,0,1
annual_net_quarter_head,3076,2023-09-22,2023-10-16,-0.0198017153282719,2023,2023-06-30,learned_market,20260912,0.4091220157697265,0.4091220157697265,0,0
annual_net_quarter_head,3021,2023-07-07,2023-07-17,0.0104280552692135,2023,2023-06-30,learned_vol_interaction,20260912,0.6071312823123668,0.6071312823123668,1,1
annual_net_quarter_head,3026,2023-07-14,2023-07-24,-0.0201642613135752,2023,2023-06-30,learned_vol_interaction,20260912,0.7864371484648076,0.7864371484648076,1,0
annual_net_quarter_head,3031,2023-07-21,2023-07-31,0.0566710925894278,2023,2023-06-30,learned_vol_interaction,20260912,0.3042713080585926,0.3042713080585926,0,1
annual_net_quarter_head,3036,2023-07-28,2023-08-07,-0.0039612927947766,2023,2023-06-30,learned_vol_interaction,20260912,0.6435201404124793,0.6435201404124793,1,0
annual_net_quarter_head,3041,2023-08-04,2023-08-14,-0.0404899362223548,2023,2023-06-30,learned_vol_interaction,20260912,0.6737373894329292,0.6737373894329292,1,0
annual_net_quarter_head,3046,2023-08-11,2023-08-21,-0.0176157088591445,2023,2023-06-30,learned_vol_interaction,20260912,0.8509323105691505,0.8509323105691505,1,0
annual_net_quarter_head,3051,2023-08-18,2023-08-28,0.0366582477081969,2023,2023-06-30,learned_vol_interaction,20260912,0.4377910228035703,0.4377910228035703,0,1
annual_net_quarter_head,3056,2023-08-25,2023-09-04,-0.025197172476384,2023,2023-06-30,learned_vol_interaction,20260912,0.4715309814894351,0.4715309814894351,0,0
annual_net_quarter_head,3061,2023-09-01,2023-09-11,-0.0189903461587886,2023,2023-06-30,learned_vol_interaction,20260912,0.2866322085060689,0.2866322085060689,0,0
annual_net_quarter_head,3066,2023-09-08,2023-09-18,-0.0111346368744954,2023,2023-06-30,learned_vol_interaction,20260912,0.6412810213100871,0.6412810213100871,1,0
annual_net_quarter_head,3071,2023-09-15,2023-09-25,0.0105787349314532,2023,2023-06-30,learned_vol_interaction,20260912,0.4690975662865773,0.4690975662865773,0,1
annual_net_quarter_head,3076,2023-09-22,2023-10-16,-0.0198017153282719,2023,2023-06-30,learned_vol_interaction,20260912,0.4055483249644565,0.4055483249644565,0,0
annual_net_quarter_head,3021,2023-07-07,2023-07-17,0.0104280552692135,2023,2023-06-30,learned_order_extension,20260912,0.5868868581208985,0.5868868581208985,1,1
annual_net_quarter_head,3026,2023-07-14,2023-07-24,-0.0201642613135752,2023,2023-06-30,learned_order_extension,20260912,0.6127330234733601,0.6127330234733601,1,0
annual_net_quarter_head,3031,2023-07-21,2023-07-31,0.0566710925894278,2023,2023-06-30,learned_order_extension,20260912,0.44724184995737387,0.44724184995737387,0,1
annual_net_quarter_head,3036,2023-07-28,2023-08-07,-0.0039612927947766,2023,2023-06-30,learned_order_extension,20260912,0.6030028818210362,0.6030028818210362,1,0
annual_net_quarter_head,3041,2023-08-04,2023-08-14,-0.0404899362223548,2023,2023-06-30,learned_order_extension,20260912,0.5930963065552668,0.5930963065552668,1,0
annual_net_quarter_head,3046,2023-08-11,2023-08-21,-0.0176157088591445,2023,2023-06-30,learned_order_extension,20260912,0.7399882813876436,0.7399882813876436,1,0
annual_net_quarter_head,3051,2023-08-18,2023-08-28,0.0366582477081969,2023,2023-06-30,learned_order_extension,20260912,0.43206114906781073,0.43206114906781073,0,1
annual_net_quarter_head,3056,2023-08-25,2023-09-04,-0.025197172476384,2023,2023-06-30,learned_order_extension,20260912,0.49341250627084277,0.49341250627084277,0,0
annual_net_quarter_head,3061,2023-09-01,2023-09-11,-0.0189903461587886,2023,2023-06-30,learned_order_extension,20260912,0.35244482238976815,0.35244482238976815,0,0
annual_net_quarter_head,3066,2023-09-08,2023-09-18,-0.0111346368744954,2023,2023-06-30,learned_order_extension,20260912,0.5835853965921345,0.5835853965921345,1,0
annual_net_quarter_head,3071,2023-09-15,2023-09-25,0.0105787349314532,2023,2023-06-30,learned_order_extension,20260912,0.4575136336131795,0.4575136336131795,0,1
annual_net_quarter_head,3076,2023-09-22,2023-10-16,-0.0198017153282719,2023,2023-06-30,learned_order_extension,20260912,0.4434672989403507,0.4434672989403507,0,0
annual_net_quarter_head,3021,2023-07-07,2023-07-17,0.0104280552692135,2023,2023-06-30,learned_order_offset,20260912,0.589989521694494,0.589989521694494,1,1
annual_net_quarter_head,3026,2023-07-14,2023-07-24,-0.0201642613135752,2023,2023-06-30,learned_order_offset,20260912,0.6086036575797573,0.6086036575797573,1,0
annual_net_quarter_head,3031,2023-07-21,2023-07-31,0.0566710925894278,2023,2023-06-30,learned_order_offset,20260912,0.45675113099078,0.45675113099078,0,1
annual_net_quarter_head,3036,2023-07-28,2023-08-07,-0.0039612927947766,2023,2023-06-30,learned_order_offset,20260912,0.5999656923076289,0.5999656923076289,1,0
annual_net_quarter_head,3041,2023-08-04,2023-08-14,-0.0404899362223548,2023,2023-06-30,learned_order_offset,20260912,0.5912628744448191,0.5912628744448191,1,0
annual_net_quarter_head,3046,2023-08-11,2023-08-21,-0.0176157088591445,2023,2023-06-30,learned_order_offset,20260912,0.7283395207075214,0.7283395207075214,1,0
annual_net_quarter_head,3051,2023-08-18,2023-08-28,0.0366582477081969,2023,2023-06-30,learned_order_offset,20260912,0.43073097440331626,0.43073097440331626,0,1
annual_net_quarter_head,3056,2023-08-25,2023-09-04,-0.025197172476384,2023,2023-06-30,learned_order_offset,20260912,0.49294028410825186,0.49294028410825186,0,0
annual_net_quarter_head,3061,2023-09-01,2023-09-11,-0.0189903461587886,2023,2023-06-30,learned_order_offset,20260912,0.35769657935138993,0.35769657935138993,0,0
annual_net_quarter_head,3066,2023-09-08,2023-09-18,-0.0111346368744954,2023,2023-06-30,learned_order_offset,20260912,0.5772803011511821,0.5772803011511821,1,0
annual_net_quarter_head,3071,2023-09-15,2023-09-25,0.0105787349314532,2023,2023-06-30,learned_order_offset,20260912,0.46168311050036664,0.46168311050036664,0,1
annual_net_quarter_head,3076,2023-09-22,2023-10-16,-0.0198017153282719,2023,2023-06-30,learned_order_offset,20260912,0.44558960773788564,0.44558960773788564,0,0
annual_net_quarter_head,3085,2023-10-13,2023-10-23,-0.0447156690429144,2023,2023-09-30,learned_market,20260910,0.4850565011540344,0.4850565011540344,0,0
annual_net_quarter_head,3090,2023-10-20,2023-10-30,0.0154019770298841,2023,2023-09-30,learned_market,20260910,0.522195467452668,0.522195467452668,1,1
annual_net_quarter_head,3095,2023-10-27,2023-11-06,0.0152527637017425,2023,2023-09-30,learned_market,20260910,0.6234226861333757,0.6234226861333757,1,1
annual_net_quarter_head,3100,2023-11-03,2023-11-13,-0.0039935482440582,2023,2023-09-30,learned_market,20260910,0.6024408697215478,0.6024408697215478,1,0
annual_net_quarter_head,3105,2023-11-10,2023-11-20,-0.0067280482816765,2023,2023-09-30,learned_market,20260910,0.44514795750371644,0.44514795750371644,0,0
annual_net_quarter_head,3110,2023-11-17,2023-11-27,-0.0098859017348651,2023,2023-09-30,learned_market,20260910,0.49669711319407406,0.49669711319407406,0,0
annual_net_quarter_head,3115,2023-11-24,2023-12-04,-0.0151084754586299,2023,2023-09-30,learned_market,20260910,0.596008216098192,0.596008216098192,1,0
annual_net_quarter_head,3120,2023-12-01,2023-12-11,-0.0295859857973478,2023,2023-09-30,learned_market,20260910,0.6097085600899981,0.6097085600899981,1,0
annual_net_quarter_head,3125,2023-12-08,2023-12-18,-0.0144639658974852,2023,2023-09-30,learned_market,20260910,0.6723348248723806,0.6723348248723806,1,0
annual_net_quarter_head,3130,2023-12-15,2023-12-25,0.0003424256350643,2023,2023-09-30,learned_market,20260910,0.5287605792770028,0.5287605792770028,1,1
annual_net_quarter_head,3135,2023-12-22,2024-01-02,0.0288079559683274,2023,2023-09-30,learned_market,20260910,0.4087864840877309,0.4087864840877309,0,1
annual_net_quarter_head,3140,2023-12-29,2024-01-08,-0.0302544749829989,2023,2023-09-30,learned_market,20260910,0.5870827589095378,0.5870827589095378,1,0
annual_net_quarter_head,3085,2023-10-13,2023-10-23,-0.0447156690429144,2023,2023-09-30,learned_vol_interaction,20260910,0.4835762874240644,0.4835762874240644,0,0
annual_net_quarter_head,3090,2023-10-20,2023-10-30,0.0154019770298841,2023,2023-09-30,learned_vol_interaction,20260910,0.5212107449842335,0.5212107449842335,1,1
annual_net_quarter_head,3095,2023-10-27,2023-11-06,0.0152527637017425,2023,2023-09-30,learned_vol_interaction,20260910,0.6265003602456807,0.6265003602456807,1,1
annual_net_quarter_head,3100,2023-11-03,2023-11-13,-0.0039935482440582,2023,2023-09-30,learned_vol_interaction,20260910,0.6058436252388718,0.6058436252388718,1,0
annual_net_quarter_head,3105,2023-11-10,2023-11-20,-0.0067280482816765,2023,2023-09-30,learned_vol_interaction,20260910,0.4441386619273395,0.4441386619273395,0,0
annual_net_quarter_head,3110,2023-11-17,2023-11-27,-0.0098859017348651,2023,2023-09-30,learned_vol_interaction,20260910,0.49770944805549205,0.49770944805549205,0,0
annual_net_quarter_head,3115,2023-11-24,2023-12-04,-0.0151084754586299,2023,2023-09-30,learned_vol_interaction,20260910,0.6004887123859193,0.6004887123859193,1,0
annual_net_quarter_head,3120,2023-12-01,2023-12-11,-0.0295859857973478,2023,2023-09-30,learned_vol_interaction,20260910,0.6142986841054136,0.6142986841054136,1,0
annual_net_quarter_head,3125,2023-12-08,2023-12-18,-0.0144639658974852,2023,2023-09-30,learned_vol_interaction,20260910,0.6777971988927946,0.6777971988927946,1,0
annual_net_quarter_head,3130,2023-12-15,2023-12-25,0.0003424256350643,2023,2023-09-30,learned_vol_interaction,20260910,0.5293426455505855,0.5293426455505855,1,1
annual_net_quarter_head,3135,2023-12-22,2024-01-02,0.0288079559683274,2023,2023-09-30,learned_vol_interaction,20260910,0.4056959900407005,0.4056959900407005,0,1
annual_net_quarter_head,3140,2023-12-29,2024-01-08,-0.0302544749829989,2023,2023-09-30,learned_vol_interaction,20260910,0.5902188423468602,0.5902188423468602,1,0
annual_net_quarter_head,3085,2023-10-13,2023-10-23,-0.0447156690429144,2023,2023-09-30,learned_order_extension,20260910,0.4689918918345801,0.4689918918345801,0,0
annual_net_quarter_head,3090,2023-10-20,2023-10-30,0.0154019770298841,2023,2023-09-30,learned_order_extension,20260910,0.5344609851359664,0.5344609851359664,1,1
annual_net_quarter_head,3095,2023-10-27,2023-11-06,0.0152527637017425,2023,2023-09-30,learned_order_extension,20260910,0.6053201459130949,0.6053201459130949,1,1
annual_net_quarter_head,3100,2023-11-03,2023-11-13,-0.0039935482440582,2023,2023-09-30,learned_order_extension,20260910,0.5975179049186616,0.5975179049186616,1,0
annual_net_quarter_head,3105,2023-11-10,2023-11-20,-0.0067280482816765,2023,2023-09-30,learned_order_extension,20260910,0.4621719005975624,0.4621719005975624,0,0
annual_net_quarter_head,3110,2023-11-17,2023-11-27,-0.0098859017348651,2023,2023-09-30,learned_order_extension,20260910,0.5234856154140757,0.5234856154140757,1,0
annual_net_quarter_head,3115,2023-11-24,2023-12-04,-0.0151084754586299,2023,2023-09-30,learned_order_extension,20260910,0.5920922829019033,0.5920922829019033,1,0
annual_net_quarter_head,3120,2023-12-01,2023-12-11,-0.0295859857973478,2023,2023-09-30,learned_order_extension,20260910,0.6134278451402025,0.6134278451402025,1,0
annual_net_quarter_head,3125,2023-12-08,2023-12-18,-0.0144639658974852,2023,2023-09-30,learned_order_extension,20260910,0.6978770579990229,0.6978770579990229,1,0
annual_net_quarter_head,3130,2023-12-15,2023-12-25,0.0003424256350643,2023,2023-09-30,learned_order_extension,20260910,0.5269817460703591,0.5269817460703591,1,1
annual_net_quarter_head,3135,2023-12-22,2024-01-02,0.0288079559683274,2023,2023-09-30,learned_order_extension,20260910,0.43079330120455145,0.43079330120455145,0,1
annual_net_quarter_head,3140,2023-12-29,2024-01-08,-0.0302544749829989,2023,2023-09-30,learned_order_extension,20260910,0.5892613248672807,0.5892613248672807,1,0
annual_net_quarter_head,3085,2023-10-13,2023-10-23,-0.0447156690429144,2023,2023-09-30,learned_order_offset,20260910,0.46833048925406573,0.46833048925406573,0,0
annual_net_quarter_head,3090,2023-10-20,2023-10-30,0.0154019770298841,2023,2023-09-30,learned_order_offset,20260910,0.5346972409367973,0.5346972409367973,1,1
annual_net_quarter_head,3095,2023-10-27,2023-11-06,0.0152527637017425,2023,2023-09-30,learned_order_offset,20260910,0.6042037881374493,0.6042037881374493,1,1
annual_net_quarter_head,3100,2023-11-03,2023-11-13,-0.0039935482440582,2023,2023-09-30,learned_order_offset,20260910,0.5970490967477748,0.5970490967477748,1,0
annual_net_quarter_head,3105,2023-11-10,2023-11-20,-0.0067280482816765,2023,2023-09-30,learned_order_offset,20260910,0.4639229525618359,0.4639229525618359,0,0
annual_net_quarter_head,3110,2023-11-17,2023-11-27,-0.0098859017348651,2023,2023-09-30,learned_order_offset,20260910,0.524808032615471,0.524808032615471,1,0
annual_net_quarter_head,3115,2023-11-24,2023-12-04,-0.0151084754586299,2023,2023-09-30,learned_order_offset,20260910,0.5915749655444706,0.5915749655444706,1,0
annual_net_quarter_head,3120,2023-12-01,2023-12-11,-0.0295859857973478,2023,2023-09-30,learned_order_offset,20260910,0.6131263616711576,0.6131263616711576,1,0
annual_net_quarter_head,3125,2023-12-08,2023-12-18,-0.0144639658974852,2023,2023-09-30,learned_order_offset,20260910,0.6965000169766677,0.6965000169766677,1,0
annual_net_quarter_head,3130,2023-12-15,2023-12-25,0.0003424256350643,2023,2023-09-30,learned_order_offset,20260910,0.5270540895245278,0.5270540895245278,1,1
annual_net_quarter_head,3135,2023-12-22,2024-01-02,0.0288079559683274,2023,2023-09-30,learned_order_offset,20260910,0.4323921125252683,0.4323921125252683,0,1
annual_net_quarter_head,3140,2023-12-29,2024-01-08,-0.0302544749829989,2023,2023-09-30,learned_order_offset,20260910,0.5891523705510892,0.5891523705510892,1,0
annual_net_quarter_head,3085,2023-10-13,2023-10-23,-0.0447156690429144,2023,2023-09-30,learned_market,20260911,0.4119501926517695,0.4119501926517695,0,0
annual_net_quarter_head,3090,2023-10-20,2023-10-30,0.0154019770298841,2023,2023-09-30,learned_market,20260911,0.4269706921595572,0.4269706921595572,0,1
annual_net_quarter_head,3095,2023-10-27,2023-11-06,0.0152527637017425,2023,2023-09-30,learned_market,20260911,0.45194529362051367,0.45194529362051367,0,1
annual_net_quarter_head,3100,2023-11-03,2023-11-13,-0.0039935482440582,2023,2023-09-30,learned_market,20260911,0.6011108744173631,0.6011108744173631,1,0
annual_net_quarter_head,3105,2023-11-10,2023-11-20,-0.0067280482816765,2023,2023-09-30,learned_market,20260911,0.507126083881216,0.507126083881216,1,0
annual_net_quarter_head,3110,2023-11-17,2023-11-27,-0.0098859017348651,2023,2023-09-30,learned_market,20260911,0.46575837021477545,0.46575837021477545,0,0
annual_net_quarter_head,3115,2023-11-24,2023-12-04,-0.0151084754586299,2023,2023-09-30,learned_market,20260911,0.5346919458163689,0.5346919458163689,1,0
annual_net_quarter_head,3120,2023-12-01,2023-12-11,-0.0295859857973478,2023,2023-09-30,learned_market,20260911,0.6050473943766163,0.6050473943766163,1,0
annual_net_quarter_head,3125,2023-12-08,2023-12-18,-0.0144639658974852,2023,2023-09-30,learned_market,20260911,0.485794061869341,0.485794061869341,0,0
annual_net_quarter_head,3130,2023-12-15,2023-12-25,0.0003424256350643,2023,2023-09-30,learned_market,20260911,0.48054496502634975,0.48054496502634975,0,1
annual_net_quarter_head,3135,2023-12-22,2024-01-02,0.0288079559683274,2023,2023-09-30,learned_market,20260911,0.48946297125816685,0.48946297125816685,0,1
annual_net_quarter_head,3140,2023-12-29,2024-01-08,-0.0302544749829989,2023,2023-09-30,learned_market,20260911,0.5129305486260267,0.5129305486260267,1,0
annual_net_quarter_head,3085,2023-10-13,2023-10-23,-0.0447156690429144,2023,2023-09-30,learned_vol_interaction,20260911,0.4778052847864487,0.4778052847864487,0,0
annual_net_quarter_head,3090,2023-10-20,2023-10-30,0.0154019770298841,2023,2023-09-30,learned_vol_interaction,20260911,0.46997953852600693,0.46997953852600693,0,1
annual_net_quarter_head,3095,2023-10-27,2023-11-06,0.0152527637017425,2023,2023-09-30,learned_vol_interaction,20260911,0.4536248908300552,0.4536248908300552,0,1
annual_net_quarter_head,3100,2023-11-03,2023-11-13,-0.0039935482440582,2023,2023-09-30,learned_vol_interaction,20260911,0.592362182939538,0.592362182939538,1,0
annual_net_quarter_head,3105,2023-11-10,2023-11-20,-0.0067280482816765,2023,2023-09-30,learned_vol_interaction,20260911,0.5166196392048767,0.5166196392048767,1,0
annual_net_quarter_head,3110,2023-11-17,2023-11-27,-0.0098859017348651,2023,2023-09-30,learned_vol_interaction,20260911,0.5175461957550317,0.5175461957550317,1,0
annual_net_quarter_head,3115,2023-11-24,2023-12-04,-0.0151084754586299,2023,2023-09-30,learned_vol_interaction,20260911,0.543892077468589,0.543892077468589,1,0
annual_net_quarter_head,3120,2023-12-01,2023-12-11,-0.0295859857973478,2023,2023-09-30,learned_vol_interaction,20260911,0.5782495976927876,0.5782495976927876,1,0
annual_net_quarter_head,3125,2023-12-08,2023-12-18,-0.0144639658974852,2023,2023-09-30,learned_vol_interaction,20260911,0.5431088940178168,0.5431088940178168,1,0
annual_net_quarter_head,3130,2023-12-15,2023-12-25,0.0003424256350643,2023,2023-09-30,learned_vol_interaction,20260911,0.5419212530119084,0.5419212530119084,1,1
annual_net_quarter_head,3135,2023-12-22,2024-01-02,0.0288079559683274,2023,2023-09-30,learned_vol_interaction,20260911,0.5318586558992737,0.5318586558992737,1,1
annual_net_quarter_head,3140,2023-12-29,2024-01-08,-0.0302544749829989,2023,2023-09-30,learned_vol_interaction,20260911,0.5350238210885954,0.5350238210885954,1,0
annual_net_quarter_head,3085,2023-10-13,2023-10-23,-0.0447156690429144,2023,2023-09-30,learned_order_extension,20260911,0.4697672200465025,0.4697672200465025,0,0
annual_net_quarter_head,3090,2023-10-20,2023-10-30,0.0154019770298841,2023,2023-09-30,learned_order_extension,20260911,0.46149947929540797,0.46149947929540797,0,1
annual_net_quarter_head,3095,2023-10-27,2023-11-06,0.0152527637017425,2023,2023-09-30,learned_order_extension,20260911,0.45673271906260154,0.45673271906260154,0,1
annual_net_quarter_head,3100,2023-11-03,2023-11-13,-0.0039935482440582,2023,2023-09-30,learned_order_extension,20260911,0.5957813784826044,0.5957813784826044,1,0
annual_net_quarter_head,3105,2023-11-10,2023-11-20,-0.0067280482816765,2023,2023-09-30,learned_order_extension,20260911,0.5205423699412726,0.5205423699412726,1,0
annual_net_quarter_head,3110,2023-11-17,2023-11-27,-0.0098859017348651,2023,2023-09-30,learned_order_extension,20260911,0.5222388746736779,0.5222388746736779,1,0
annual_net_quarter_head,3115,2023-11-24,2023-12-04,-0.0151084754586299,2023,2023-09-30,learned_order_extension,20260911,0.5485097315329988,0.5485097315329988,1,0
annual_net_quarter_head,3120,2023-12-01,2023-12-11,-0.0295859857973478,2023,2023-09-30,learned_order_extension,20260911,0.5806942596652123,0.5806942596652123,1,0
annual_net_quarter_head,3125,2023-12-08,2023-12-18,-0.0144639658974852,2023,2023-09-30,learned_order_extension,20260911,0.5405181682052593,0.5405181682052593,1,0
annual_net_quarter_head,3130,2023-12-15,2023-12-25,0.0003424256350643,2023,2023-09-30,learned_order_extension,20260911,0.5471625627509941,0.5471625627509941,1,1
annual_net_quarter_head,3135,2023-12-22,2024-01-02,0.0288079559683274,2023,2023-09-30,learned_order_extension,20260911,0.539508373814121,0.539508373814121,1,1
annual_net_quarter_head,3140,2023-12-29,2024-01-08,-0.0302544749829989,2023,2023-09-30,learned_order_extension,20260911,0.5391356405999782,0.5391356405999782,1,0
annual_net_quarter_head,3085,2023-10-13,2023-10-23,-0.0447156690429144,2023,2023-09-30,learned_order_offset,20260911,0.469814452609392,0.469814452609392,0,0
annual_net_quarter_head,3090,2023-10-20,2023-10-30,0.0154019770298841,2023,2023-09-30,learned_order_offset,20260911,0.4613228731774919,0.4613228731774919,0,1
annual_net_quarter_head,3095,2023-10-27,2023-11-06,0.0152527637017425,2023,2023-09-30,learned_order_offset,20260911,0.4563192915392255,0.4563192915392255,0,1
annual_net_quarter_head,3100,2023-11-03,2023-11-13,-0.0039935482440582,2023,2023-09-30,learned_order_offset,20260911,0.5953544513769555,0.5953544513769555,1,0
annual_net_quarter_head,3105,2023-11-10,2023-11-20,-0.0067280482816765,2023,2023-09-30,learned_order_offset,20260911,0.520318637341114,0.520318637341114,1,0
annual_net_quarter_head,3110,2023-11-17,2023-11-27,-0.0098859017348651,2023,2023-09-30,learned_order_offset,20260911,0.5220190041210349,0.5220190041210349,1,0
annual_net_quarter_head,3115,2023-11-24,2023-12-04,-0.0151084754586299,2023,2023-09-30,learned_order_offset,20260911,0.5483746201384826,0.5483746201384826,1,0
annual_net_quarter_head,3120,2023-12-01,2023-12-11,-0.0295859857973478,2023,2023-09-30,learned_order_offset,20260911,0.5803315373130304,0.5803315373130304,1,0
annual_net_quarter_head,3125,2023-12-08,2023-12-18,-0.0144639658974852,2023,2023-09-30,learned_order_offset,20260911,0.5403036649038738,0.5403036649038738,1,0
annual_net_quarter_head,3130,2023-12-15,2023-12-25,0.0003424256350643,2023,2023-09-30,learned_order_offset,20260911,0.5470296785944505,0.5470296785944505,1,1
annual_net_quarter_head,3135,2023-12-22,2024-01-02,0.0288079559683274,2023,2023-09-30,learned_order_offset,20260911,0.5394030127770797,0.5394030127770797,1,1
annual_net_quarter_head,3140,2023-12-29,2024-01-08,-0.0302544749829989,2023,2023-09-30,learned_order_offset,20260911,0.5389405221367709,0.5389405221367709,1,0
annual_net_quarter_head,3085,2023-10-13,2023-10-23,-0.0447156690429144,2023,2023-09-30,learned_market,20260912,0.4763657870339369,0.4763657870339369,0,0
annual_net_quarter_head,3090,2023-10-20,2023-10-30,0.0154019770298841,2023,2023-09-30,learned_market,20260912,0.5268117539756318,0.5268117539756318,1,1
annual_net_quarter_head,3095,2023-10-27,2023-11-06,0.0152527637017425,2023,2023-09-30,learned_market,20260912,0.736033634411947,0.736033634411947,1,1
annual_net_quarter_head,3100,2023-11-03,2023-11-13,-0.0039935482440582,2023,2023-09-30,learned_market,20260912,0.4235578679681707,0.4235578679681707,0,0
annual_net_quarter_head,3105,2023-11-10,2023-11-20,-0.0067280482816765,2023,2023-09-30,learned_market,20260912,0.3737758838072904,0.3737758838072904,0,0
annual_net_quarter_head,3110,2023-11-17,2023-11-27,-0.0098859017348651,2023,2023-09-30,learned_market,20260912,0.3848390147610649,0.3848390147610649,0,0
annual_net_quarter_head,3115,2023-11-24,2023-12-04,-0.0151084754586299,2023,2023-09-30,learned_market,20260912,0.5597556205274951,0.5597556205274951,1,0
annual_net_quarter_head,3120,2023-12-01,2023-12-11,-0.0295859857973478,2023,2023-09-30,learned_market,20260912,0.4298789395124233,0.4298789395124233,0,0
annual_net_quarter_head,3125,2023-12-08,2023-12-18,-0.0144639658974852,2023,2023-09-30,learned_market,20260912,0.4698288435469611,0.4698288435469611,0,0
annual_net_quarter_head,3130,2023-12-15,2023-12-25,0.0003424256350643,2023,2023-09-30,learned_market,20260912,0.5177657643349817,0.5177657643349817,1,1
annual_net_quarter_head,3135,2023-12-22,2024-01-02,0.0288079559683274,2023,2023-09-30,learned_market,20260912,0.42343738609708925,0.42343738609708925,0,1
annual_net_quarter_head,3140,2023-12-29,2024-01-08,-0.0302544749829989,2023,2023-09-30,learned_market,20260912,0.3373662930488197,0.3373662930488197,0,0
annual_net_quarter_head,3085,2023-10-13,2023-10-23,-0.0447156690429144,2023,2023-09-30,learned_vol_interaction,20260912,0.4757165562448139,0.4757165562448139,0,0
annual_net_quarter_head,3090,2023-10-20,2023-10-30,0.0154019770298841,2023,2023-09-30,learned_vol_interaction,20260912,0.530503515774427,0.530503515774427,1,1
annual_net_quarter_head,3095,2023-10-27,2023-11-06,0.0152527637017425,2023,2023-09-30,learned_vol_interaction,20260912,0.7405646316946378,0.7405646316946378,1,1
annual_net_quarter_head,3100,2023-11-03,2023-11-13,-0.0039935482440582,2023,2023-09-30,learned_vol_interaction,20260912,0.42548636424107195,0.42548636424107195,0,0
annual_net_quarter_head,3105,2023-11-10,2023-11-20,-0.0067280482816765,2023,2023-09-30,learned_vol_interaction,20260912,0.3738272471032025,0.3738272471032025,0,0
annual_net_quarter_head,3110,2023-11-17,2023-11-27,-0.0098859017348651,2023,2023-09-30,learned_vol_interaction,20260912,0.37921739618711237,0.37921739618711237,0,0
annual_net_quarter_head,3115,2023-11-24,2023-12-04,-0.0151084754586299,2023,2023-09-30,learned_vol_interaction,20260912,0.5634871285888926,0.5634871285888926,1,0
annual_net_quarter_head,3120,2023-12-01,2023-12-11,-0.0295859857973478,2023,2023-09-30,learned_vol_interaction,20260912,0.42670945411811884,0.42670945411811884,0,0
annual_net_quarter_head,3125,2023-12-08,2023-12-18,-0.0144639658974852,2023,2023-09-30,learned_vol_interaction,20260912,0.470194708291226,0.470194708291226,0,0
annual_net_quarter_head,3130,2023-12-15,2023-12-25,0.0003424256350643,2023,2023-09-30,learned_vol_interaction,20260912,0.5200224082140136,0.5200224082140136,1,1
annual_net_quarter_head,3135,2023-12-22,2024-01-02,0.0288079559683274,2023,2023-09-30,learned_vol_interaction,20260912,0.42123237111994677,0.42123237111994677,0,1
annual_net_quarter_head,3140,2023-12-29,2024-01-08,-0.0302544749829989,2023,2023-09-30,learned_vol_interaction,20260912,0.3355977888353045,0.3355977888353045,0,0
annual_net_quarter_head,3085,2023-10-13,2023-10-23,-0.0447156690429144,2023,2023-09-30,learned_order_extension,20260912,0.5171799334236662,0.5171799334236662,1,0
annual_net_quarter_head,3090,2023-10-20,2023-10-30,0.0154019770298841,2023,2023-09-30,learned_order_extension,20260912,0.6327831534279797,0.6327831534279797,1,1
annual_net_quarter_head,3095,2023-10-27,2023-11-06,0.0152527637017425,2023,2023-09-30,learned_order_extension,20260912,0.7057937920042763,0.7057937920042763,1,1
annual_net_quarter_head,3100,2023-11-03,2023-11-13,-0.0039935482440582,2023,2023-09-30,learned_order_extension,20260912,0.521434365663929,0.521434365663929,1,0
annual_net_quarter_head,3105,2023-11-10,2023-11-20,-0.0067280482816765,2023,2023-09-30,learned_order_extension,20260912,0.42566839966587744,0.42566839966587744,0,0
annual_net_quarter_head,3110,2023-11-17,2023-11-27,-0.0098859017348651,2023,2023-09-30,learned_order_extension,20260912,0.44371112464966656,0.44371112464966656,0,0
annual_net_quarter_head,3115,2023-11-24,2023-12-04,-0.0151084754586299,2023,2023-09-30,learned_order_extension,20260912,0.547946238316606,0.547946238316606,1,0
annual_net_quarter_head,3120,2023-12-01,2023-12-11,-0.0295859857973478,2023,2023-09-30,learned_order_extension,20260912,0.4816446624129654,0.4816446624129654,0,0
annual_net_quarter_head,3125,2023-12-08,2023-12-18,-0.0144639658974852,2023,2023-09-30,learned_order_extension,20260912,0.4794768591065771,0.4794768591065771,0,0
annual_net_quarter_head,3130,2023-12-15,2023-12-25,0.0003424256350643,2023,2023-09-30,learned_order_extension,20260912,0.5489658592242804,0.5489658592242804,1,1
annual_net_quarter_head,3135,2023-12-22,2024-01-02,0.0288079559683274,2023,2023-09-30,learned_order_extension,20260912,0.4465194911841057,0.4465194911841057,0,1
annual_net_quarter_head,3140,2023-12-29,2024-01-08,-0.0302544749829989,2023,2023-09-30,learned_order_extension,20260912,0.4775627409641327,0.4775627409641327,0,0
annual_net_quarter_head,3085,2023-10-13,2023-10-23,-0.0447156690429144,2023,2023-09-30,learned_order_offset,20260912,0.5270318010001194,0.5270318010001194,1,0
annual_net_quarter_head,3090,2023-10-20,2023-10-30,0.0154019770298841,2023,2023-09-30,learned_order_offset,20260912,0.6346461508034876,0.6346461508034876,1,1
annual_net_quarter_head,3095,2023-10-27,2023-11-06,0.0152527637017425,2023,2023-09-30,learned_order_offset,20260912,0.6891625514768779,0.6891625514768779,1,1
annual_net_quarter_head,3100,2023-11-03,2023-11-13,-0.0039935482440582,2023,2023-09-30,learned_order_offset,20260912,0.5292780895752753,0.5292780895752753,1,0
annual_net_quarter_head,3105,2023-11-10,2023-11-20,-0.0067280482816765,2023,2023-09-30,learned_order_offset,20260912,0.4363721908387297,0.4363721908387297,0,0
annual_net_quarter_head,3110,2023-11-17,2023-11-27,-0.0098859017348651,2023,2023-09-30,learned_order_offset,20260912,0.4608437988545404,0.4608437988545404,0,0
annual_net_quarter_head,3115,2023-11-24,2023-12-04,-0.0151084754586299,2023,2023-09-30,learned_order_offset,20260912,0.5432519571487835,0.5432519571487835,1,0
annual_net_quarter_head,3120,2023-12-01,2023-12-11,-0.0295859857973478,2023,2023-09-30,learned_order_offset,20260912,0.4965764967251736,0.4965764967251736,0,0
annual_net_quarter_head,3125,2023-12-08,2023-12-18,-0.0144639658974852,2023,2023-09-30,learned_order_offset,20260912,0.48944337979440045,0.48944337979440045,0,0
annual_net_quarter_head,3130,2023-12-15,2023-12-25,0.0003424256350643,2023,2023-09-30,learned_order_offset,20260912,0.5483957590534034,0.5483957590534034,1,1
annual_net_quarter_head,3135,2023-12-22,2024-01-02,0.0288079559683274,2023,2023-09-30,learned_order_offset,20260912,0.4580540345662095,0.4580540345662095,0,1
annual_net_quarter_head,3140,2023-12-29,2024-01-08,-0.0302544749829989,2023,2023-09-30,learned_order_offset,20260912,0.49059939045094964,0.49059939045094964,0,0
annual_net_quarter_head,3144,2024-01-05,2024-01-15,-0.0158038409563566,2024,2023-12-31,learned_market,20260910,0.37911601118731636,0.37911601118731636,0,0
annual_net_quarter_head,3149,2024-01-12,2024-01-22,-0.002333261979756,2024,2023-12-31,learned_market,20260910,0.4589111880907024,0.4589111880907024,0,0
annual_net_quarter_head,3154,2024-01-19,2024-01-29,0.0223511633823452,2024,2023-12-31,learned_market,20260910,0.41956122213307734,0.41956122213307734,0,1
annual_net_quarter_head,3159,2024-01-26,2024-02-05,-0.0513103415192826,2024,2023-12-31,learned_market,20260910,0.4467918935376125,0.4467918935376125,0,0
annual_net_quarter_head,3164,2024-02-02,2024-02-26,0.1015374891364462,2024,2023-12-31,learned_market,20260910,0.6470923056808707,0.6470923056808707,1,1
annual_net_quarter_head,3173,2024-02-23,2024-03-04,0.0151569053862528,2024,2023-12-31,learned_market,20260910,0.6974540268702009,0.6974540268702009,1,1
annual_net_quarter_head,3178,2024-03-01,2024-03-11,0.0021394031715169,2024,2023-12-31,learned_market,20260910,0.6539310685581109,0.6539310685581109,1,1
annual_net_quarter_head,3183,2024-03-08,2024-03-18,0.0087762342284414,2024,2023-12-31,learned_market,20260910,0.651636534380962,0.651636534380962,1,1
annual_net_quarter_head,3188,2024-03-15,2024-03-25,-0.0112802133595746,2024,2023-12-31,learned_market,20260910,0.6184866579610433,0.6184866579610433,1,0
annual_net_quarter_head,3193,2024-03-22,2024-04-01,0.0042044725182444,2024,2023-12-31,learned_market,20260910,0.49537529534083324,0.49537529534083324,0,1
annual_net_quarter_head,3198,2024-03-29,2024-04-15,-0.0219845815102011,2024,2023-12-31,learned_market,20260910,0.4469684467331579,0.4469684467331579,0,0
annual_net_quarter_head,3144,2024-01-05,2024-01-15,-0.0158038409563566,2024,2023-12-31,learned_vol_interaction,20260910,0.375948748112503,0.375948748112503,0,0
annual_net_quarter_head,3149,2024-01-12,2024-01-22,-0.002333261979756,2024,2023-12-31,learned_vol_interaction,20260910,0.4653387886294592,0.4653387886294592,0,0
annual_net_quarter_head,3154,2024-01-19,2024-01-29,0.0223511633823452,2024,2023-12-31,learned_vol_interaction,20260910,0.409541362332266,0.409541362332266,0,1
annual_net_quarter_head,3159,2024-01-26,2024-02-05,-0.0513103415192826,2024,2023-12-31,learned_vol_interaction,20260910,0.4427031623961251,0.4427031623961251,0,0
annual_net_quarter_head,3164,2024-02-02,2024-02-26,0.1015374891364462,2024,2023-12-31,learned_vol_interaction,20260910,0.6537066574488869,0.6537066574488869,1,1
annual_net_quarter_head,3173,2024-02-23,2024-03-04,0.0151569053862528,2024,2023-12-31,learned_vol_interaction,20260910,0.689311779469667,0.689311779469667,1,1
annual_net_quarter_head,3178,2024-03-01,2024-03-11,0.0021394031715169,2024,2023-12-31,learned_vol_interaction,20260910,0.6480049647794901,0.6480049647794901,1,1
annual_net_quarter_head,3183,2024-03-08,2024-03-18,0.0087762342284414,2024,2023-12-31,learned_vol_interaction,20260910,0.6491293260006892,0.6491293260006892,1,1
annual_net_quarter_head,3188,2024-03-15,2024-03-25,-0.0112802133595746,2024,2023-12-31,learned_vol_interaction,20260910,0.6390487602979349,0.6390487602979349,1,0
annual_net_quarter_head,3193,2024-03-22,2024-04-01,0.0042044725182444,2024,2023-12-31,learned_vol_interaction,20260910,0.502579297882782,0.502579297882782,1,1
annual_net_quarter_head,3198,2024-03-29,2024-04-15,-0.0219845815102011,2024,2023-12-31,learned_vol_interaction,20260910,0.4621147966680959,0.4621147966680959,0,0
annual_net_quarter_head,3144,2024-01-05,2024-01-15,-0.0158038409563566,2024,2023-12-31,learned_order_extension,20260910,0.4019000383386628,0.4019000383386628,0,0
annual_net_quarter_head,3149,2024-01-12,2024-01-22,-0.002333261979756,2024,2023-12-31,learned_order_extension,20260910,0.4536929976964038,0.4536929976964038,0,0
annual_net_quarter_head,3154,2024-01-19,2024-01-29,0.0223511633823452,2024,2023-12-31,learned_order_extension,20260910,0.4065097447533653,0.4065097447533653,0,1
annual_net_quarter_head,3159,2024-01-26,2024-02-05,-0.0513103415192826,2024,2023-12-31,learned_order_extension,20260910,0.4181108069924978,0.4181108069924978,0,0
annual_net_quarter_head,3164,2024-02-02,2024-02-26,0.1015374891364462,2024,2023-12-31,learned_order_extension,20260910,0.6639940867614434,0.6639940867614434,1,1
annual_net_quarter_head,3173,2024-02-23,2024-03-04,0.0151569053862528,2024,2023-12-31,learned_order_extension,20260910,0.6509742827223437,0.6509742827223437,1,1
annual_net_quarter_head,3178,2024-03-01,2024-03-11,0.0021394031715169,2024,2023-12-31,learned_order_extension,20260910,0.596427953854031,0.596427953854031,1,1
annual_net_quarter_head,3183,2024-03-08,2024-03-18,0.0087762342284414,2024,2023-12-31,learned_order_extension,20260910,0.5823638998065179,0.5823638998065179,1,1
annual_net_quarter_head,3188,2024-03-15,2024-03-25,-0.0112802133595746,2024,2023-12-31,learned_order_extension,20260910,0.5649258035498114,0.5649258035498114,1,0
annual_net_quarter_head,3193,2024-03-22,2024-04-01,0.0042044725182444,2024,2023-12-31,learned_order_extension,20260910,0.4756478826315535,0.4756478826315535,0,1
annual_net_quarter_head,3198,2024-03-29,2024-04-15,-0.0219845815102011,2024,2023-12-31,learned_order_extension,20260910,0.44826023295447676,0.44826023295447676,0,0
annual_net_quarter_head,3144,2024-01-05,2024-01-15,-0.0158038409563566,2024,2023-12-31,learned_order_offset,20260910,0.40294607271257427,0.40294607271257427,0,0
annual_net_quarter_head,3149,2024-01-12,2024-01-22,-0.002333261979756,2024,2023-12-31,learned_order_offset,20260910,0.45320010017286466,0.45320010017286466,0,0
annual_net_quarter_head,3154,2024-01-19,2024-01-29,0.0223511633823452,2024,2023-12-31,learned_order_offset,20260910,0.40698948981731453,0.40698948981731453,0,1
annual_net_quarter_head,3159,2024-01-26,2024-02-05,-0.0513103415192826,2024,2023-12-31,learned_order_offset,20260910,0.4180998926398431,0.4180998926398431,0,0
annual_net_quarter_head,3164,2024-02-02,2024-02-26,0.1015374891364462,2024,2023-12-31,learned_order_offset,20260910,0.662467427882048,0.662467427882048,1,1
annual_net_quarter_head,3173,2024-02-23,2024-03-04,0.0151569053862528,2024,2023-12-31,learned_order_offset,20260910,0.6495192030104356,0.6495192030104356,1,1
annual_net_quarter_head,3178,2024-03-01,2024-03-11,0.0021394031715169,2024,2023-12-31,learned_order_offset,20260910,0.5953483627631191,0.5953483627631191,1,1
annual_net_quarter_head,3183,2024-03-08,2024-03-18,0.0087762342284414,2024,2023-12-31,learned_order_offset,20260910,0.5813453143574694,0.5813453143574694,1,1
annual_net_quarter_head,3188,2024-03-15,2024-03-25,-0.0112802133595746,2024,2023-12-31,learned_order_offset,20260910,0.5629285714576356,0.5629285714576356,1,0
annual_net_quarter_head,3193,2024-03-22,2024-04-01,0.0042044725182444,2024,2023-12-31,learned_order_offset,20260910,0.4746800194029474,0.4746800194029474,0,1
annual_net_quarter_head,3198,2024-03-29,2024-04-15,-0.0219845815102011,2024,2023-12-31,learned_order_offset,20260910,0.4474975970181041,0.4474975970181041,0,0
annual_net_quarter_head,3144,2024-01-05,2024-01-15,-0.0158038409563566,2024,2023-12-31,learned_market,20260911,0.5054381986976906,0.5054381986976906,1,0
annual_net_quarter_head,3149,2024-01-12,2024-01-22,-0.002333261979756,2024,2023-12-31,learned_market,20260911,0.5344404908323787,0.5344404908323787,1,0
annual_net_quarter_head,3154,2024-01-19,2024-01-29,0.0223511633823452,2024,2023-12-31,learned_market,20260911,0.6056082203678326,0.6056082203678326,1,1
annual_net_quarter_head,3159,2024-01-26,2024-02-05,-0.0513103415192826,2024,2023-12-31,learned_market,20260911,0.536236284491504,0.536236284491504,1,0
annual_net_quarter_head,3164,2024-02-02,2024-02-26,0.1015374891364462,2024,2023-12-31,learned_market,20260911,0.5342416496354764,0.5342416496354764,1,1
annual_net_quarter_head,3173,2024-02-23,2024-03-04,0.0151569053862528,2024,2023-12-31,learned_market,20260911,0.636064859077555,0.636064859077555,1,1
annual_net_quarter_head,3178,2024-03-01,2024-03-11,0.0021394031715169,2024,2023-12-31,learned_market,20260911,0.5744958412225454,0.5744958412225454,1,1
annual_net_quarter_head,3183,2024-03-08,2024-03-18,0.0087762342284414,2024,2023-12-31,learned_market,20260911,0.6235376359173743,0.6235376359173743,1,1
annual_net_quarter_head,3188,2024-03-15,2024-03-25,-0.0112802133595746,2024,2023-12-31,learned_market,20260911,0.5250838960153138,0.5250838960153138,1,0
annual_net_quarter_head,3193,2024-03-22,2024-04-01,0.0042044725182444,2024,2023-12-31,learned_market,20260911,0.5710939352608271,0.5710939352608271,1,1
annual_net_quarter_head,3198,2024-03-29,2024-04-15,-0.0219845815102011,2024,2023-12-31,learned_market,20260911,0.3834197760468657,0.3834197760468657,0,0
annual_net_quarter_head,3144,2024-01-05,2024-01-15,-0.0158038409563566,2024,2023-12-31,learned_vol_interaction,20260911,0.5055907048902185,0.5055907048902185,1,0
annual_net_quarter_head,3149,2024-01-12,2024-01-22,-0.002333261979756,2024,2023-12-31,learned_vol_interaction,20260911,0.5345697430715253,0.5345697430715253,1,0
annual_net_quarter_head,3154,2024-01-19,2024-01-29,0.0223511633823452,2024,2023-12-31,learned_vol_interaction,20260911,0.6057144516952688,0.6057144516952688,1,1
annual_net_quarter_head,3159,2024-01-26,2024-02-05,-0.0513103415192826,2024,2023-12-31,learned_vol_interaction,20260911,0.5360497014286747,0.5360497014286747,1,0
annual_net_quarter_head,3164,2024-02-02,2024-02-26,0.1015374891364462,2024,2023-12-31,learned_vol_interaction,20260911,0.5340699292580867,0.5340699292580867,1,1
annual_net_quarter_head,3173,2024-02-23,2024-03-04,0.0151569053862528,2024,2023-12-31,learned_vol_interaction,20260911,0.635598842460853,0.635598842460853,1,1
annual_net_quarter_head,3178,2024-03-01,2024-03-11,0.0021394031715169,2024,2023-12-31,learned_vol_interaction,20260911,0.5740233508322927,0.5740233508322927,1,1
annual_net_quarter_head,3183,2024-03-08,2024-03-18,0.0087762342284414,2024,2023-12-31,learned_vol_interaction,20260911,0.6228491427098055,0.6228491427098055,1,1
annual_net_quarter_head,3188,2024-03-15,2024-03-25,-0.0112802133595746,2024,2023-12-31,learned_vol_interaction,20260911,0.5244855050624243,0.5244855050624243,1,0
annual_net_quarter_head,3193,2024-03-22,2024-04-01,0.0042044725182444,2024,2023-12-31,learned_vol_interaction,20260911,0.5705279783235351,0.5705279783235351,1,1
annual_net_quarter_head,3198,2024-03-29,2024-04-15,-0.0219845815102011,2024,2023-12-31,learned_vol_interaction,20260911,0.38271605688876176,0.38271605688876176,0,0
annual_net_quarter_head,3144,2024-01-05,2024-01-15,-0.0158038409563566,2024,2023-12-31,learned_order_extension,20260911,0.5046246382575834,0.5046246382575834,1,0
annual_net_quarter_head,3149,2024-01-12,2024-01-22,-0.002333261979756,2024,2023-12-31,learned_order_extension,20260911,0.5273727883107168,0.5273727883107168,1,0
annual_net_quarter_head,3154,2024-01-19,2024-01-29,0.0223511633823452,2024,2023-12-31,learned_order_extension,20260911,0.6361976645125996,0.6361976645125996,1,1
annual_net_quarter_head,3159,2024-01-26,2024-02-05,-0.0513103415192826,2024,2023-12-31,learned_order_extension,20260911,0.5444608640891567,0.5444608640891567,1,0
annual_net_quarter_head,3164,2024-02-02,2024-02-26,0.1015374891364462,2024,2023-12-31,learned_order_extension,20260911,0.545031438848448,0.545031438848448,1,1
annual_net_quarter_head,3173,2024-02-23,2024-03-04,0.0151569053862528,2024,2023-12-31,learned_order_extension,20260911,0.6125199424254827,0.6125199424254827,1,1
annual_net_quarter_head,3178,2024-03-01,2024-03-11,0.0021394031715169,2024,2023-12-31,learned_order_extension,20260911,0.5496769035930799,0.5496769035930799,1,1
annual_net_quarter_head,3183,2024-03-08,2024-03-18,0.0087762342284414,2024,2023-12-31,learned_order_extension,20260911,0.5653384521782018,0.5653384521782018,1,1
annual_net_quarter_head,3188,2024-03-15,2024-03-25,-0.0112802133595746,2024,2023-12-31,learned_order_extension,20260911,0.4741066250462846,0.4741066250462846,0,0
annual_net_quarter_head,3193,2024-03-22,2024-04-01,0.0042044725182444,2024,2023-12-31,learned_order_extension,20260911,0.5034201205076809,0.5034201205076809,1,1
annual_net_quarter_head,3198,2024-03-29,2024-04-15,-0.0219845815102011,2024,2023-12-31,learned_order_extension,20260911,0.3647496103237538,0.3647496103237538,0,0
annual_net_quarter_head,3144,2024-01-05,2024-01-15,-0.0158038409563566,2024,2023-12-31,learned_order_offset,20260911,0.5039028855862143,0.5039028855862143,1,0
annual_net_quarter_head,3149,2024-01-12,2024-01-22,-0.002333261979756,2024,2023-12-31,learned_order_offset,20260911,0.5267036688758374,0.5267036688758374,1,0
annual_net_quarter_head,3154,2024-01-19,2024-01-29,0.0223511633823452,2024,2023-12-31,learned_order_offset,20260911,0.6349472157761124,0.6349472157761124,1,1
annual_net_quarter_head,3159,2024-01-26,2024-02-05,-0.0513103415192826,2024,2023-12-31,learned_order_offset,20260911,0.5443793909861219,0.5443793909861219,1,0
annual_net_quarter_head,3164,2024-02-02,2024-02-26,0.1015374891364462,2024,2023-12-31,learned_order_offset,20260911,0.5451794882867483,0.5451794882867483,1,1
annual_net_quarter_head,3173,2024-02-23,2024-03-04,0.0151569053862528,2024,2023-12-31,learned_order_offset,20260911,0.6109679669122872,0.6109679669122872,1,1
annual_net_quarter_head,3178,2024-03-01,2024-03-11,0.0021394031715169,2024,2023-12-31,learned_order_offset,20260911,0.5481247094966736,0.5481247094966736,1,1
annual_net_quarter_head,3183,2024-03-08,2024-03-18,0.0087762342284414,2024,2023-12-31,learned_order_offset,20260911,0.5633395909983205,0.5633395909983205,1,1
annual_net_quarter_head,3188,2024-03-15,2024-03-25,-0.0112802133595746,2024,2023-12-31,learned_order_offset,20260911,0.47094256842793375,0.47094256842793375,0,0
annual_net_quarter_head,3193,2024-03-22,2024-04-01,0.0042044725182444,2024,2023-12-31,learned_order_offset,20260911,0.4995363819528175,0.4995363819528175,0,1
annual_net_quarter_head,3198,2024-03-29,2024-04-15,-0.0219845815102011,2024,2023-12-31,learned_order_offset,20260911,0.3626011592845029,0.3626011592845029,0,0
annual_net_quarter_head,3144,2024-01-05,2024-01-15,-0.0158038409563566,2024,2023-12-31,learned_market,20260912,0.5011992069392154,0.5011992069392154,1,0
annual_net_quarter_head,3149,2024-01-12,2024-01-22,-0.002333261979756,2024,2023-12-31,learned_market,20260912,0.47277699760132935,0.47277699760132935,0,0
annual_net_quarter_head,3154,2024-01-19,2024-01-29,0.0223511633823452,2024,2023-12-31,learned_market,20260912,0.4519385169732587,0.4519385169732587,0,1
annual_net_quarter_head,3159,2024-01-26,2024-02-05,-0.0513103415192826,2024,2023-12-31,learned_market,20260912,0.5136187590656476,0.5136187590656476,1,0
annual_net_quarter_head,3164,2024-02-02,2024-02-26,0.1015374891364462,2024,2023-12-31,learned_market,20260912,0.5626550395617658,0.5626550395617658,1,1
annual_net_quarter_head,3173,2024-02-23,2024-03-04,0.0151569053862528,2024,2023-12-31,learned_market,20260912,0.4999534810647158,0.4999534810647158,0,1
annual_net_quarter_head,3178,2024-03-01,2024-03-11,0.0021394031715169,2024,2023-12-31,learned_market,20260912,0.5749313458355619,0.5749313458355619,1,1
annual_net_quarter_head,3183,2024-03-08,2024-03-18,0.0087762342284414,2024,2023-12-31,learned_market,20260912,0.5879570158742811,0.5879570158742811,1,1
annual_net_quarter_head,3188,2024-03-15,2024-03-25,-0.0112802133595746,2024,2023-12-31,learned_market,20260912,0.48185973058558346,0.48185973058558346,0,0
annual_net_quarter_head,3193,2024-03-22,2024-04-01,0.0042044725182444,2024,2023-12-31,learned_market,20260912,0.5819259306110321,0.5819259306110321,1,1
annual_net_quarter_head,3198,2024-03-29,2024-04-15,-0.0219845815102011,2024,2023-12-31,learned_market,20260912,0.5513216063045803,0.5513216063045803,1,0
annual_net_quarter_head,3144,2024-01-05,2024-01-15,-0.0158038409563566,2024,2023-12-31,learned_vol_interaction,20260912,0.4952442890139834,0.4952442890139834,0,0
annual_net_quarter_head,3149,2024-01-12,2024-01-22,-0.002333261979756,2024,2023-12-31,learned_vol_interaction,20260912,0.46734394081550534,0.46734394081550534,0,0
annual_net_quarter_head,3154,2024-01-19,2024-01-29,0.0223511633823452,2024,2023-12-31,learned_vol_interaction,20260912,0.4458542659590224,0.4458542659590224,0,1
annual_net_quarter_head,3159,2024-01-26,2024-02-05,-0.0513103415192826,2024,2023-12-31,learned_vol_interaction,20260912,0.5051200250772759,0.5051200250772759,1,0
annual_net_quarter_head,3164,2024-02-02,2024-02-26,0.1015374891364462,2024,2023-12-31,learned_vol_interaction,20260912,0.5544379606615297,0.5544379606615297,1,1
annual_net_quarter_head,3173,2024-02-23,2024-03-04,0.0151569053862528,2024,2023-12-31,learned_vol_interaction,20260912,0.4830624305901862,0.4830624305901862,0,1
annual_net_quarter_head,3178,2024-03-01,2024-03-11,0.0021394031715169,2024,2023-12-31,learned_vol_interaction,20260912,0.5592748903954966,0.5592748903954966,1,1
annual_net_quarter_head,3183,2024-03-08,2024-03-18,0.0087762342284414,2024,2023-12-31,learned_vol_interaction,20260912,0.5740363843191351,0.5740363843191351,1,1
annual_net_quarter_head,3188,2024-03-15,2024-03-25,-0.0112802133595746,2024,2023-12-31,learned_vol_interaction,20260912,0.4809004633653104,0.4809004633653104,0,0
annual_net_quarter_head,3193,2024-03-22,2024-04-01,0.0042044725182444,2024,2023-12-31,learned_vol_interaction,20260912,0.5933081539859947,0.5933081539859947,1,1
annual_net_quarter_head,3198,2024-03-29,2024-04-15,-0.0219845815102011,2024,2023-12-31,learned_vol_interaction,20260912,0.5653073701837698,0.5653073701837698,1,0
annual_net_quarter_head,3144,2024-01-05,2024-01-15,-0.0158038409563566,2024,2023-12-31,learned_order_extension,20260912,0.5535119994762409,0.5535119994762409,1,0
annual_net_quarter_head,3149,2024-01-12,2024-01-22,-0.002333261979756,2024,2023-12-31,learned_order_extension,20260912,0.48736548091739423,0.48736548091739423,0,0
annual_net_quarter_head,3154,2024-01-19,2024-01-29,0.0223511633823452,2024,2023-12-31,learned_order_extension,20260912,0.4215435053964147,0.4215435053964147,0,1
annual_net_quarter_head,3159,2024-01-26,2024-02-05,-0.0513103415192826,2024,2023-12-31,learned_order_extension,20260912,0.48649269504735876,0.48649269504735876,0,0
annual_net_quarter_head,3164,2024-02-02,2024-02-26,0.1015374891364462,2024,2023-12-31,learned_order_extension,20260912,0.5496050819275686,0.5496050819275686,1,1
annual_net_quarter_head,3173,2024-02-23,2024-03-04,0.0151569053862528,2024,2023-12-31,learned_order_extension,20260912,0.4386082807089806,0.4386082807089806,0,1
annual_net_quarter_head,3178,2024-03-01,2024-03-11,0.0021394031715169,2024,2023-12-31,learned_order_extension,20260912,0.46924981751922445,0.46924981751922445,0,1
annual_net_quarter_head,3183,2024-03-08,2024-03-18,0.0087762342284414,2024,2023-12-31,learned_order_extension,20260912,0.4701956287186797,0.4701956287186797,0,1
annual_net_quarter_head,3188,2024-03-15,2024-03-25,-0.0112802133595746,2024,2023-12-31,learned_order_extension,20260912,0.41374971985365583,0.41374971985365583,0,0
annual_net_quarter_head,3193,2024-03-22,2024-04-01,0.0042044725182444,2024,2023-12-31,learned_order_extension,20260912,0.4779698312307604,0.4779698312307604,0,1
annual_net_quarter_head,3198,2024-03-29,2024-04-15,-0.0219845815102011,2024,2023-12-31,learned_order_extension,20260912,0.47494867441409877,0.47494867441409877,0,0
annual_net_quarter_head,3144,2024-01-05,2024-01-15,-0.0158038409563566,2024,2023-12-31,learned_order_offset,20260912,0.555524023910941,0.555524023910941,1,0
annual_net_quarter_head,3149,2024-01-12,2024-01-22,-0.002333261979756,2024,2023-12-31,learned_order_offset,20260912,0.4886344435127239,0.4886344435127239,0,0
annual_net_quarter_head,3154,2024-01-19,2024-01-29,0.0223511633823452,2024,2023-12-31,learned_order_offset,20260912,0.4229445653552536,0.4229445653552536,0,1
annual_net_quarter_head,3159,2024-01-26,2024-02-05,-0.0513103415192826,2024,2023-12-31,learned_order_offset,20260912,0.4868819752675603,0.4868819752675603,0,0
annual_net_quarter_head,3164,2024-02-02,2024-02-26,0.1015374891364462,2024,2023-12-31,learned_order_offset,20260912,0.5512261346233363,0.5512261346233363,1,1
annual_net_quarter_head,3173,2024-02-23,2024-03-04,0.0151569053862528,2024,2023-12-31,learned_order_offset,20260912,0.4383060233141652,0.4383060233141652,0,1
annual_net_quarter_head,3178,2024-03-01,2024-03-11,0.0021394031715169,2024,2023-12-31,learned_order_offset,20260912,0.4671863792327489,0.4671863792327489,0,1
annual_net_quarter_head,3183,2024-03-08,2024-03-18,0.0087762342284414,2024,2023-12-31,learned_order_offset,20260912,0.4682690873666851,0.4682690873666851,0,1
annual_net_quarter_head,3188,2024-03-15,2024-03-25,-0.0112802133595746,2024,2023-12-31,learned_order_offset,20260912,0.410883959095752,0.410883959095752,0,0
annual_net_quarter_head,3193,2024-03-22,2024-04-01,0.0042044725182444,2024,2023-12-31,learned_order_offset,20260912,0.4736922823747903,0.4736922823747903,0,1
annual_net_quarter_head,3198,2024-03-29,2024-04-15,-0.0219845815102011,2024,2023-12-31,learned_order_offset,20260912,0.4721761686206615,0.4721761686206615,0,0
annual_net_quarter_head,3206,2024-04-12,2024-04-22,0.018045199366633,2024,2024-03-31,learned_market,20260910,0.4113906065465695,0.4113906065465695,0,1
annual_net_quarter_head,3211,2024-04-19,2024-04-29,0.0136757744232476,2024,2024-03-31,learned_market,20260910,0.35692582942984613,0.35692582942984613,0,1
annual_net_quarter_head,3216,2024-04-26,2024-05-13,0.0172434956786644,2024,2024-03-31,learned_market,20260910,0.3234539106267941,0.3234539106267941,0,1
annual_net_quarter_head,3223,2024-05-10,2024-05-20,0.0097933549988344,2024,2024-03-31,learned_market,20260910,0.36752596683505256,0.36752596683505256,0,1
annual_net_quarter_head,3228,2024-05-17,2024-05-27,-0.0204803832637164,2024,2024-03-31,learned_market,20260910,0.36676618644425113,0.36676618644425113,0,0
annual_net_quarter_head,3233,2024-05-24,2024-06-03,-0.0081155643048258,2024,2024-03-31,learned_market,20260910,0.4200912146196432,0.4200912146196432,0,0
annual_net_quarter_head,3238,2024-05-31,2024-06-11,-0.0060267570121149,2024,2024-03-31,learned_market,20260910,0.4338126487919523,0.4338126487919523,0,0
annual_net_quarter_head,3243,2024-06-07,2024-06-17,-0.0096686558937179,2024,2024-03-31,learned_market,20260910,0.5521452881025636,0.5521452881025636,1,0
annual_net_quarter_head,3247,2024-06-14,2024-06-24,-0.013573992457631,2024,2024-03-31,learned_market,20260910,0.6479385927613986,0.6479385927613986,1,0
annual_net_quarter_head,3252,2024-06-21,2024-07-01,-0.004427632109257,2024,2024-03-31,learned_market,20260910,0.4520757743830675,0.4520757743830675,0,0
annual_net_quarter_head,3257,2024-06-28,2024-07-08,-0.0108320369203009,2024,2024-03-31,learned_market,20260910,0.5531686348303315,0.5531686348303315,1,0
annual_net_quarter_head,3206,2024-04-12,2024-04-22,0.018045199366633,2024,2024-03-31,learned_vol_interaction,20260910,0.4164068699684821,0.4164068699684821,0,1
annual_net_quarter_head,3211,2024-04-19,2024-04-29,0.0136757744232476,2024,2024-03-31,learned_vol_interaction,20260910,0.34442433037600906,0.34442433037600906,0,1
annual_net_quarter_head,3216,2024-04-26,2024-05-13,0.0172434956786644,2024,2024-03-31,learned_vol_interaction,20260910,0.3141059984322385,0.3141059984322385,0,1
annual_net_quarter_head,3223,2024-05-10,2024-05-20,0.0097933549988344,2024,2024-03-31,learned_vol_interaction,20260910,0.34429127209077975,0.34429127209077975,0,1
annual_net_quarter_head,3228,2024-05-17,2024-05-27,-0.0204803832637164,2024,2024-03-31,learned_vol_interaction,20260910,0.3519257601927057,0.3519257601927057,0,0
annual_net_quarter_head,3233,2024-05-24,2024-06-03,-0.0081155643048258,2024,2024-03-31,learned_vol_interaction,20260910,0.40300041572351214,0.40300041572351214,0,0
annual_net_quarter_head,3238,2024-05-31,2024-06-11,-0.0060267570121149,2024,2024-03-31,learned_vol_interaction,20260910,0.4270921099147679,0.4270921099147679,0,0
annual_net_quarter_head,3243,2024-06-07,2024-06-17,-0.0096686558937179,2024,2024-03-31,learned_vol_interaction,20260910,0.5758149205884592,0.5758149205884592,1,0
annual_net_quarter_head,3247,2024-06-14,2024-06-24,-0.013573992457631,2024,2024-03-31,learned_vol_interaction,20260910,0.70837405927543,0.70837405927543,1,0
annual_net_quarter_head,3252,2024-06-21,2024-07-01,-0.004427632109257,2024,2024-03-31,learned_vol_interaction,20260910,0.48036036952066746,0.48036036952066746,0,0
annual_net_quarter_head,3257,2024-06-28,2024-07-08,-0.0108320369203009,2024,2024-03-31,learned_vol_interaction,20260910,0.6156561070266409,0.6156561070266409,1,0
annual_net_quarter_head,3206,2024-04-12,2024-04-22,0.018045199366633,2024,2024-03-31,learned_order_extension,20260910,0.40448304031330484,0.40448304031330484,0,1
annual_net_quarter_head,3211,2024-04-19,2024-04-29,0.0136757744232476,2024,2024-03-31,learned_order_extension,20260910,0.36360607212134355,0.36360607212134355,0,1
annual_net_quarter_head,3216,2024-04-26,2024-05-13,0.0172434956786644,2024,2024-03-31,learned_order_extension,20260910,0.36249072643206004,0.36249072643206004,0,1
annual_net_quarter_head,3223,2024-05-10,2024-05-20,0.0097933549988344,2024,2024-03-31,learned_order_extension,20260910,0.36459470811193817,0.36459470811193817,0,1
annual_net_quarter_head,3228,2024-05-17,2024-05-27,-0.0204803832637164,2024,2024-03-31,learned_order_extension,20260910,0.3824183110453588,0.3824183110453588,0,0
annual_net_quarter_head,3233,2024-05-24,2024-06-03,-0.0081155643048258,2024,2024-03-31,learned_order_extension,20260910,0.41400306328836706,0.41400306328836706,0,0
annual_net_quarter_head,3238,2024-05-31,2024-06-11,-0.0060267570121149,2024,2024-03-31,learned_order_extension,20260910,0.42235599208328556,0.42235599208328556,0,0
annual_net_quarter_head,3243,2024-06-07,2024-06-17,-0.0096686558937179,2024,2024-03-31,learned_order_extension,20260910,0.554748682433485,0.554748682433485,1,0
annual_net_quarter_head,3247,2024-06-14,2024-06-24,-0.013573992457631,2024,2024-03-31,learned_order_extension,20260910,0.6942934049816394,0.6942934049816394,1,0
annual_net_quarter_head,3252,2024-06-21,2024-07-01,-0.004427632109257,2024,2024-03-31,learned_order_extension,20260910,0.4744843370328281,0.4744843370328281,0,0
annual_net_quarter_head,3257,2024-06-28,2024-07-08,-0.0108320369203009,2024,2024-03-31,learned_order_extension,20260910,0.6106331209088394,0.6106331209088394,1,0
annual_net_quarter_head,3206,2024-04-12,2024-04-22,0.018045199366633,2024,2024-03-31,learned_order_offset,20260910,0.40394810819081406,0.40394810819081406,0,1
annual_net_quarter_head,3211,2024-04-19,2024-04-29,0.0136757744232476,2024,2024-03-31,learned_order_offset,20260910,0.3639957735306261,0.3639957735306261,0,1
annual_net_quarter_head,3216,2024-04-26,2024-05-13,0.0172434956786644,2024,2024-03-31,learned_order_offset,20260910,0.3630642748114042,0.3630642748114042,0,1
annual_net_quarter_head,3223,2024-05-10,2024-05-20,0.0097933549988344,2024,2024-03-31,learned_order_offset,20260910,0.3647764225125234,0.3647764225125234,0,1
annual_net_quarter_head,3228,2024-05-17,2024-05-27,-0.0204803832637164,2024,2024-03-31,learned_order_offset,20260910,0.3825535522706007,0.3825535522706007,0,0
annual_net_quarter_head,3233,2024-05-24,2024-06-03,-0.0081155643048258,2024,2024-03-31,learned_order_offset,20260910,0.4139125096355873,0.4139125096355873,0,0
annual_net_quarter_head,3238,2024-05-31,2024-06-11,-0.0060267570121149,2024,2024-03-31,learned_order_offset,20260910,0.42211910469086134,0.42211910469086134,0,0
annual_net_quarter_head,3243,2024-06-07,2024-06-17,-0.0096686558937179,2024,2024-03-31,learned_order_offset,20260910,0.553940618159016,0.553940618159016,1,0
annual_net_quarter_head,3247,2024-06-14,2024-06-24,-0.013573992457631,2024,2024-03-31,learned_order_offset,20260910,0.693304652954089,0.693304652954089,1,0
annual_net_quarter_head,3252,2024-06-21,2024-07-01,-0.004427632109257,2024,2024-03-31,learned_order_offset,20260910,0.47406613210468823,0.47406613210468823,0,0
annual_net_quarter_head,3257,2024-06-28,2024-07-08,-0.0108320369203009,2024,2024-03-31,learned_order_offset,20260910,0.6100681483503353,0.6100681483503353,1,0
annual_net_quarter_head,3206,2024-04-12,2024-04-22,0.018045199366633,2024,2024-03-31,learned_market,20260911,0.36894696412687783,0.36894696412687783,0,1
annual_net_quarter_head,3211,2024-04-19,2024-04-29,0.0136757744232476,2024,2024-03-31,learned_market,20260911,0.654043787822663,0.654043787822663,1,1
annual_net_quarter_head,3216,2024-04-26,2024-05-13,0.0172434956786644,2024,2024-03-31,learned_market,20260911,0.6727858177565692,0.6727858177565692,1,1
annual_net_quarter_head,3223,2024-05-10,2024-05-20,0.0097933549988344,2024,2024-03-31,learned_market,20260911,0.330843600839094,0.330843600839094,0,1
annual_net_quarter_head,3228,2024-05-17,2024-05-27,-0.0204803832637164,2024,2024-03-31,learned_market,20260911,0.4440248691564954,0.4440248691564954,0,0
annual_net_quarter_head,3233,2024-05-24,2024-06-03,-0.0081155643048258,2024,2024-03-31,learned_market,20260911,0.371793731572632,0.371793731572632,0,0
annual_net_quarter_head,3238,2024-05-31,2024-06-11,-0.0060267570121149,2024,2024-03-31,learned_market,20260911,0.4592110556315534,0.4592110556315534,0,0
annual_net_quarter_head,3243,2024-06-07,2024-06-17,-0.0096686558937179,2024,2024-03-31,learned_market,20260911,0.4507647748441506,0.4507647748441506,0,0
annual_net_quarter_head,3247,2024-06-14,2024-06-24,-0.013573992457631,2024,2024-03-31,learned_market,20260911,0.5407660163598357,0.5407660163598357,1,0
annual_net_quarter_head,3252,2024-06-21,2024-07-01,-0.004427632109257,2024,2024-03-31,learned_market,20260911,0.4662023019431741,0.4662023019431741,0,0
annual_net_quarter_head,3257,2024-06-28,2024-07-08,-0.0108320369203009,2024,2024-03-31,learned_market,20260911,0.4882273631426967,0.4882273631426967,0,0
annual_net_quarter_head,3206,2024-04-12,2024-04-22,0.018045199366633,2024,2024-03-31,learned_vol_interaction,20260911,0.3719160519062297,0.3719160519062297,0,1
annual_net_quarter_head,3211,2024-04-19,2024-04-29,0.0136757744232476,2024,2024-03-31,learned_vol_interaction,20260911,0.6500929652088713,0.6500929652088713,1,1
annual_net_quarter_head,3216,2024-04-26,2024-05-13,0.0172434956786644,2024,2024-03-31,learned_vol_interaction,20260911,0.6693738594748164,0.6693738594748164,1,1
annual_net_quarter_head,3223,2024-05-10,2024-05-20,0.0097933549988344,2024,2024-03-31,learned_vol_interaction,20260911,0.33536315402101846,0.33536315402101846,0,1
annual_net_quarter_head,3228,2024-05-17,2024-05-27,-0.0204803832637164,2024,2024-03-31,learned_vol_interaction,20260911,0.4406899872907842,0.4406899872907842,0,0
annual_net_quarter_head,3233,2024-05-24,2024-06-03,-0.0081155643048258,2024,2024-03-31,learned_vol_interaction,20260911,0.37194748512933856,0.37194748512933856,0,0
annual_net_quarter_head,3238,2024-05-31,2024-06-11,-0.0060267570121149,2024,2024-03-31,learned_vol_interaction,20260911,0.4564335785029018,0.4564335785029018,0,0
annual_net_quarter_head,3243,2024-06-07,2024-06-17,-0.0096686558937179,2024,2024-03-31,learned_vol_interaction,20260911,0.45155164054066965,0.45155164054066965,0,0
annual_net_quarter_head,3247,2024-06-14,2024-06-24,-0.013573992457631,2024,2024-03-31,learned_vol_interaction,20260911,0.5339244168501689,0.5339244168501689,1,0
annual_net_quarter_head,3252,2024-06-21,2024-07-01,-0.004427632109257,2024,2024-03-31,learned_vol_interaction,20260911,0.46122812724526807,0.46122812724526807,0,0
annual_net_quarter_head,3257,2024-06-28,2024-07-08,-0.0108320369203009,2024,2024-03-31,learned_vol_interaction,20260911,0.48399943015953556,0.48399943015953556,0,0
annual_net_quarter_head,3206,2024-04-12,2024-04-22,0.018045199366633,2024,2024-03-31,learned_order_extension,20260911,0.37015525981869735,0.37015525981869735,0,1
annual_net_quarter_head,3211,2024-04-19,2024-04-29,0.0136757744232476,2024,2024-03-31,learned_order_extension,20260911,0.49073764134825676,0.49073764134825676,0,1
annual_net_quarter_head,3216,2024-04-26,2024-05-13,0.0172434956786644,2024,2024-03-31,learned_order_extension,20260911,0.4629685515475072,0.4629685515475072,0,1
annual_net_quarter_head,3223,2024-05-10,2024-05-20,0.0097933549988344,2024,2024-03-31,learned_order_extension,20260911,0.39017435015528834,0.39017435015528834,0,1
annual_net_quarter_head,3228,2024-05-17,2024-05-27,-0.0204803832637164,2024,2024-03-31,learned_order_extension,20260911,0.44426627710075894,0.44426627710075894,0,0
annual_net_quarter_head,3233,2024-05-24,2024-06-03,-0.0081155643048258,2024,2024-03-31,learned_order_extension,20260911,0.4043648578083487,0.4043648578083487,0,0
annual_net_quarter_head,3238,2024-05-31,2024-06-11,-0.0060267570121149,2024,2024-03-31,learned_order_extension,20260911,0.4756056051295936,0.4756056051295936,0,0
annual_net_quarter_head,3243,2024-06-07,2024-06-17,-0.0096686558937179,2024,2024-03-31,learned_order_extension,20260911,0.4583264110276459,0.4583264110276459,0,0
annual_net_quarter_head,3247,2024-06-14,2024-06-24,-0.013573992457631,2024,2024-03-31,learned_order_extension,20260911,0.5419469169532856,0.5419469169532856,1,0
annual_net_quarter_head,3252,2024-06-21,2024-07-01,-0.004427632109257,2024,2024-03-31,learned_order_extension,20260911,0.4786156054361204,0.4786156054361204,0,0
annual_net_quarter_head,3257,2024-06-28,2024-07-08,-0.0108320369203009,2024,2024-03-31,learned_order_extension,20260911,0.47961403639760525,0.47961403639760525,0,0
annual_net_quarter_head,3206,2024-04-12,2024-04-22,0.018045199366633,2024,2024-03-31,learned_order_offset,20260911,0.3683084450968149,0.3683084450968149,0,1
annual_net_quarter_head,3211,2024-04-19,2024-04-29,0.0136757744232476,2024,2024-03-31,learned_order_offset,20260911,0.48685178770563536,0.48685178770563536,0,1
annual_net_quarter_head,3216,2024-04-26,2024-05-13,0.0172434956786644,2024,2024-03-31,learned_order_offset,20260911,0.4601235195996096,0.4601235195996096,0,1
annual_net_quarter_head,3223,2024-05-10,2024-05-20,0.0097933549988344,2024,2024-03-31,learned_order_offset,20260911,0.390096952900038,0.390096952900038,0,1
annual_net_quarter_head,3228,2024-05-17,2024-05-27,-0.0204803832637164,2024,2024-03-31,learned_order_offset,20260911,0.44338354696334475,0.44338354696334475,0,0
annual_net_quarter_head,3233,2024-05-24,2024-06-03,-0.0081155643048258,2024,2024-03-31,learned_order_offset,20260911,0.4034280844956986,0.4034280844956986,0,0
annual_net_quarter_head,3238,2024-05-31,2024-06-11,-0.0060267570121149,2024,2024-03-31,learned_order_offset,20260911,0.4742793338240039,0.4742793338240039,0,0
annual_net_quarter_head,3243,2024-06-07,2024-06-17,-0.0096686558937179,2024,2024-03-31,learned_order_offset,20260911,0.4565896619287444,0.4565896619287444,0,0
annual_net_quarter_head,3247,2024-06-14,2024-06-24,-0.013573992457631,2024,2024-03-31,learned_order_offset,20260911,0.5405753328768245,0.5405753328768245,1,0
annual_net_quarter_head,3252,2024-06-21,2024-07-01,-0.004427632109257,2024,2024-03-31,learned_order_offset,20260911,0.47849753053024324,0.47849753053024324,0,0
annual_net_quarter_head,3257,2024-06-28,2024-07-08,-0.0108320369203009,2024,2024-03-31,learned_order_offset,20260911,0.47963847966039197,0.47963847966039197,0,0
annual_net_quarter_head,3206,2024-04-12,2024-04-22,0.018045199366633,2024,2024-03-31,learned_market,20260912,0.5726272518913087,0.5726272518913087,1,1
annual_net_quarter_head,3211,2024-04-19,2024-04-29,0.0136757744232476,2024,2024-03-31,learned_market,20260912,0.5722067804573929,0.5722067804573929,1,1
annual_net_quarter_head,3216,2024-04-26,2024-05-13,0.0172434956786644,2024,2024-03-31,learned_market,20260912,0.3950319534243232,0.3950319534243232,0,1
annual_net_quarter_head,3223,2024-05-10,2024-05-20,0.0097933549988344,2024,2024-03-31,learned_market,20260912,0.2370692953974403,0.2370692953974403,0,1
annual_net_quarter_head,3228,2024-05-17,2024-05-27,-0.0204803832637164,2024,2024-03-31,learned_market,20260912,0.2193520111916053,0.2193520111916053,0,0
annual_net_quarter_head,3233,2024-05-24,2024-06-03,-0.0081155643048258,2024,2024-03-31,learned_market,20260912,0.2670356050708138,0.2670356050708138,0,0
annual_net_quarter_head,3238,2024-05-31,2024-06-11,-0.0060267570121149,2024,2024-03-31,learned_market,20260912,0.288946972661805,0.288946972661805,0,0
annual_net_quarter_head,3243,2024-06-07,2024-06-17,-0.0096686558937179,2024,2024-03-31,learned_market,20260912,0.38150260940904474,0.38150260940904474,0,0
annual_net_quarter_head,3247,2024-06-14,2024-06-24,-0.013573992457631,2024,2024-03-31,learned_market,20260912,0.40674469910107475,0.40674469910107475,0,0
annual_net_quarter_head,3252,2024-06-21,2024-07-01,-0.004427632109257,2024,2024-03-31,learned_market,20260912,0.4607613745652059,0.4607613745652059,0,0
annual_net_quarter_head,3257,2024-06-28,2024-07-08,-0.0108320369203009,2024,2024-03-31,learned_market,20260912,0.4775464750220145,0.4775464750220145,0,0
annual_net_quarter_head,3206,2024-04-12,2024-04-22,0.018045199366633,2024,2024-03-31,learned_vol_interaction,20260912,0.5880332977130297,0.5880332977130297,1,1
annual_net_quarter_head,3211,2024-04-19,2024-04-29,0.0136757744232476,2024,2024-03-31,learned_vol_interaction,20260912,0.5731330102656549,0.5731330102656549,1,1
annual_net_quarter_head,3216,2024-04-26,2024-05-13,0.0172434956786644,2024,2024-03-31,learned_vol_interaction,20260912,0.39004144496568766,0.39004144496568766,0,1
annual_net_quarter_head,3223,2024-05-10,2024-05-20,0.0097933549988344,2024,2024-03-31,learned_vol_interaction,20260912,0.2407411633095196,0.2407411633095196,0,1
annual_net_quarter_head,3228,2024-05-17,2024-05-27,-0.0204803832637164,2024,2024-03-31,learned_vol_interaction,20260912,0.2122451655807097,0.2122451655807097,0,0
annual_net_quarter_head,3233,2024-05-24,2024-06-03,-0.0081155643048258,2024,2024-03-31,learned_vol_interaction,20260912,0.2563941536637206,0.2563941536637206,0,0
annual_net_quarter_head,3238,2024-05-31,2024-06-11,-0.0060267570121149,2024,2024-03-31,learned_vol_interaction,20260912,0.2817578926534132,0.2817578926534132,0,0
annual_net_quarter_head,3243,2024-06-07,2024-06-17,-0.0096686558937179,2024,2024-03-31,learned_vol_interaction,20260912,0.3757587460937269,0.3757587460937269,0,0
annual_net_quarter_head,3247,2024-06-14,2024-06-24,-0.013573992457631,2024,2024-03-31,learned_vol_interaction,20260912,0.4019030478010155,0.4019030478010155,0,0
annual_net_quarter_head,3252,2024-06-21,2024-07-01,-0.004427632109257,2024,2024-03-31,learned_vol_interaction,20260912,0.46884884475185773,0.46884884475185773,0,0
annual_net_quarter_head,3257,2024-06-28,2024-07-08,-0.0108320369203009,2024,2024-03-31,learned_vol_interaction,20260912,0.48154678589282357,0.48154678589282357,0,0
annual_net_quarter_head,3206,2024-04-12,2024-04-22,0.018045199366633,2024,2024-03-31,learned_order_extension,20260912,0.4853231436893161,0.4853231436893161,0,1
annual_net_quarter_head,3211,2024-04-19,2024-04-29,0.0136757744232476,2024,2024-03-31,learned_order_extension,20260912,0.49346546555069637,0.49346546555069637,0,1
annual_net_quarter_head,3216,2024-04-26,2024-05-13,0.0172434956786644,2024,2024-03-31,learned_order_extension,20260912,0.40172570871224655,0.40172570871224655,0,1
annual_net_quarter_head,3223,2024-05-10,2024-05-20,0.0097933549988344,2024,2024-03-31,learned_order_extension,20260912,0.3086857064550995,0.3086857064550995,0,1
annual_net_quarter_head,3228,2024-05-17,2024-05-27,-0.0204803832637164,2024,2024-03-31,learned_order_extension,20260912,0.2814062665209659,0.2814062665209659,0,0
annual_net_quarter_head,3233,2024-05-24,2024-06-03,-0.0081155643048258,2024,2024-03-31,learned_order_extension,20260912,0.30735538318521366,0.30735538318521366,0,0
annual_net_quarter_head,3238,2024-05-31,2024-06-11,-0.0060267570121149,2024,2024-03-31,learned_order_extension,20260912,0.31165618577304954,0.31165618577304954,0,0
annual_net_quarter_head,3243,2024-06-07,2024-06-17,-0.0096686558937179,2024,2024-03-31,learned_order_extension,20260912,0.3942838971025292,0.3942838971025292,0,0
annual_net_quarter_head,3247,2024-06-14,2024-06-24,-0.013573992457631,2024,2024-03-31,learned_order_extension,20260912,0.40875703281217285,0.40875703281217285,0,0
annual_net_quarter_head,3252,2024-06-21,2024-07-01,-0.004427632109257,2024,2024-03-31,learned_order_extension,20260912,0.4707076528151199,0.4707076528151199,0,0
annual_net_quarter_head,3257,2024-06-28,2024-07-08,-0.0108320369203009,2024,2024-03-31,learned_order_extension,20260912,0.5005746936072739,0.5005746936072739,1,0
annual_net_quarter_head,3206,2024-04-12,2024-04-22,0.018045199366633,2024,2024-03-31,learned_order_offset,20260912,0.483623389548951,0.483623389548951,0,1
annual_net_quarter_head,3211,2024-04-19,2024-04-29,0.0136757744232476,2024,2024-03-31,learned_order_offset,20260912,0.4926508688083425,0.4926508688083425,0,1
annual_net_quarter_head,3216,2024-04-26,2024-05-13,0.0172434956786644,2024,2024-03-31,learned_order_offset,20260912,0.4028350222954668,0.4028350222954668,0,1
annual_net_quarter_head,3223,2024-05-10,2024-05-20,0.0097933549988344,2024,2024-03-31,learned_order_offset,20260912,0.3089711142238208,0.3089711142238208,0,1
annual_net_quarter_head,3228,2024-05-17,2024-05-27,-0.0204803832637164,2024,2024-03-31,learned_order_offset,20260912,0.2828956791978425,0.2828956791978425,0,0
annual_net_quarter_head,3233,2024-05-24,2024-06-03,-0.0081155643048258,2024,2024-03-31,learned_order_offset,20260912,0.3093380147945877,0.3093380147945877,0,0
annual_net_quarter_head,3238,2024-05-31,2024-06-11,-0.0060267570121149,2024,2024-03-31,learned_order_offset,20260912,0.31287719230679173,0.31287719230679173,0,0
annual_net_quarter_head,3243,2024-06-07,2024-06-17,-0.0096686558937179,2024,2024-03-31,learned_order_offset,20260912,0.3952320160380467,0.3952320160380467,0,0
annual_net_quarter_head,3247,2024-06-14,2024-06-24,-0.013573992457631,2024,2024-03-31,learned_order_offset,20260912,0.4090487942225958,0.4090487942225958,0,0
annual_net_quarter_head,3252,2024-06-21,2024-07-01,-0.004427632109257,2024,2024-03-31,learned_order_offset,20260912,0.47002707389188564,0.47002707389188564,0,0
annual_net_quarter_head,3257,2024-06-28,2024-07-08,-0.0108320369203009,2024,2024-03-31,learned_order_offset,20260912,0.5018806891943802,0.5018806891943802,1,0
annual_net_quarter_head,3262,2024-07-05,2024-07-15,0.0122222871842843,2024,2024-06-30,learned_market,20260910,0.48764229317625185,0.48764229317625185,0,1
annual_net_quarter_head,3267,2024-07-12,2024-07-22,0.0218881133018156,2024,2024-06-30,learned_market,20260910,0.43117282646131794,0.43117282646131794,0,1
annual_net_quarter_head,3272,2024-07-19,2024-07-29,-0.0378787022382998,2024,2024-06-30,learned_market,20260910,0.4676005323038335,0.4676005323038335,0,0
annual_net_quarter_head,3277,2024-07-26,2024-08-05,-0.0124134568216732,2024,2024-06-30,learned_market,20260910,0.44248541268810304,0.44248541268810304,0,0
annual_net_quarter_head,3282,2024-08-02,2024-08-12,-0.0102762848330364,2024,2024-06-30,learned_market,20260910,0.47619290808790227,0.47619290808790227,0,0
annual_net_quarter_head,3287,2024-08-09,2024-08-19,0.0050186923751938,2024,2024-06-30,learned_market,20260910,0.5573890451890368,0.5573890451890368,1,1
annual_net_quarter_head,3292,2024-08-16,2024-08-26,-0.0040487282687352,2024,2024-06-30,learned_market,20260910,0.3366373232394442,0.3366373232394442,0,0
annual_net_quarter_head,3297,2024-08-23,2024-09-02,-0.0069594562136714,2024,2024-06-30,learned_market,20260910,0.2711465017668522,0.2711465017668522,0,0
annual_net_quarter_head,3302,2024-08-30,2024-09-09,-0.0280389655151561,2024,2024-06-30,learned_market,20260910,0.2589138198767464,0.2589138198767464,0,0
annual_net_quarter_head,3307,2024-09-06,2024-09-18,-0.0174132138857783,2024,2024-06-30,learned_market,20260910,0.25393442431353846,0.25393442431353846,0,0
annual_net_quarter_head,3312,2024-09-13,2024-09-24,0.0133119329369826,2024,2024-06-30,learned_market,20260910,0.29545892276653096,0.29545892276653096,0,1
annual_net_quarter_head,3315,2024-09-20,2024-09-30,0.2017513988384409,2024,2024-06-30,learned_market,20260910,0.2918932370427324,0.2918932370427324,0,1
annual_net_quarter_head,3320,2024-09-27,2024-10-14,0.0178259004588408,2024,2024-06-30,learned_market,20260910,0.5665608856411145,0.5665608856411145,1,1
annual_net_quarter_head,3262,2024-07-05,2024-07-15,0.0122222871842843,2024,2024-06-30,learned_vol_interaction,20260910,0.5166313623058023,0.5166313623058023,1,1
annual_net_quarter_head,3267,2024-07-12,2024-07-22,0.0218881133018156,2024,2024-06-30,learned_vol_interaction,20260910,0.4467047159280634,0.4467047159280634,0,1
annual_net_quarter_head,3272,2024-07-19,2024-07-29,-0.0378787022382998,2024,2024-06-30,learned_vol_interaction,20260910,0.489520339764369,0.489520339764369,0,0
annual_net_quarter_head,3277,2024-07-26,2024-08-05,-0.0124134568216732,2024,2024-06-30,learned_vol_interaction,20260910,0.4529697856793796,0.4529697856793796,0,0
annual_net_quarter_head,3282,2024-08-02,2024-08-12,-0.0102762848330364,2024,2024-06-30,learned_vol_interaction,20260910,0.48330123592854907,0.48330123592854907,0,0
annual_net_quarter_head,3287,2024-08-09,2024-08-19,0.0050186923751938,2024,2024-06-30,learned_vol_interaction,20260910,0.5713900196195796,0.5713900196195796,1,1
annual_net_quarter_head,3292,2024-08-16,2024-08-26,-0.0040487282687352,2024,2024-06-30,learned_vol_interaction,20260910,0.32080348942479664,0.32080348942479664,0,0
annual_net_quarter_head,3297,2024-08-23,2024-09-02,-0.0069594562136714,2024,2024-06-30,learned_vol_interaction,20260910,0.24989495565367095,0.24989495565367095,0,0
annual_net_quarter_head,3302,2024-08-30,2024-09-09,-0.0280389655151561,2024,2024-06-30,learned_vol_interaction,20260910,0.23928656573537072,0.23928656573537072,0,0
annual_net_quarter_head,3307,2024-09-06,2024-09-18,-0.0174132138857783,2024,2024-06-30,learned_vol_interaction,20260910,0.23635487967083943,0.23635487967083943,0,0
annual_net_quarter_head,3312,2024-09-13,2024-09-24,0.0133119329369826,2024,2024-06-30,learned_vol_interaction,20260910,0.28597797285840804,0.28597797285840804,0,1
annual_net_quarter_head,3315,2024-09-20,2024-09-30,0.2017513988384409,2024,2024-06-30,learned_vol_interaction,20260910,0.2822695415471744,0.2822695415471744,0,1
annual_net_quarter_head,3320,2024-09-27,2024-10-14,0.0178259004588408,2024,2024-06-30,learned_vol_interaction,20260910,0.5595014722796728,0.5595014722796728,1,1
annual_net_quarter_head,3262,2024-07-05,2024-07-15,0.0122222871842843,2024,2024-06-30,learned_order_extension,20260910,0.5255189441306587,0.5255189441306587,1,1
annual_net_quarter_head,3267,2024-07-12,2024-07-22,0.0218881133018156,2024,2024-06-30,learned_order_extension,20260910,0.4570174655829824,0.4570174655829824,0,1
annual_net_quarter_head,3272,2024-07-19,2024-07-29,-0.0378787022382998,2024,2024-06-30,learned_order_extension,20260910,0.4924275449761073,0.4924275449761073,0,0
annual_net_quarter_head,3277,2024-07-26,2024-08-05,-0.0124134568216732,2024,2024-06-30,learned_order_extension,20260910,0.4624598954379032,0.4624598954379032,0,0
annual_net_quarter_head,3282,2024-08-02,2024-08-12,-0.0102762848330364,2024,2024-06-30,learned_order_extension,20260910,0.4877446630033225,0.4877446630033225,0,0
annual_net_quarter_head,3287,2024-08-09,2024-08-19,0.0050186923751938,2024,2024-06-30,learned_order_extension,20260910,0.5709981162000634,0.5709981162000634,1,1
annual_net_quarter_head,3292,2024-08-16,2024-08-26,-0.0040487282687352,2024,2024-06-30,learned_order_extension,20260910,0.32391128255399937,0.32391128255399937,0,0
annual_net_quarter_head,3297,2024-08-23,2024-09-02,-0.0069594562136714,2024,2024-06-30,learned_order_extension,20260910,0.26903775257304513,0.26903775257304513,0,0
annual_net_quarter_head,3302,2024-08-30,2024-09-09,-0.0280389655151561,2024,2024-06-30,learned_order_extension,20260910,0.25615316088084433,0.25615316088084433,0,0
annual_net_quarter_head,3307,2024-09-06,2024-09-18,-0.0174132138857783,2024,2024-06-30,learned_order_extension,20260910,0.253086206484347,0.253086206484347,0,0
annual_net_quarter_head,3312,2024-09-13,2024-09-24,0.0133119329369826,2024,2024-06-30,learned_order_extension,20260910,0.2964947595245204,0.2964947595245204,0,1
annual_net_quarter_head,3315,2024-09-20,2024-09-30,0.2017513988384409,2024,2024-06-30,learned_order_extension,20260910,0.2984067404742784,0.2984067404742784,0,1
annual_net_quarter_head,3320,2024-09-27,2024-10-14,0.0178259004588408,2024,2024-06-30,learned_order_extension,20260910,0.5639084328521426,0.5639084328521426,1,1
annual_net_quarter_head,3262,2024-07-05,2024-07-15,0.0122222871842843,2024,2024-06-30,learned_order_offset,20260910,0.5253930556495563,0.5253930556495563,1,1
annual_net_quarter_head,3267,2024-07-12,2024-07-22,0.0218881133018156,2024,2024-06-30,learned_order_offset,20260910,0.45754808830011284,0.45754808830011284,0,1
annual_net_quarter_head,3272,2024-07-19,2024-07-29,-0.0378787022382998,2024,2024-06-30,learned_order_offset,20260910,0.4928701073607667,0.4928701073607667,0,0
annual_net_quarter_head,3277,2024-07-26,2024-08-05,-0.0124134568216732,2024,2024-06-30,learned_order_offset,20260910,0.4635021119177442,0.4635021119177442,0,0
annual_net_quarter_head,3282,2024-08-02,2024-08-12,-0.0102762848330364,2024,2024-06-30,learned_order_offset,20260910,0.48780579338876645,0.48780579338876645,0,0
annual_net_quarter_head,3287,2024-08-09,2024-08-19,0.0050186923751938,2024,2024-06-30,learned_order_offset,20260910,0.5712453922459645,0.5712453922459645,1,1
annual_net_quarter_head,3292,2024-08-16,2024-08-26,-0.0040487282687352,2024,2024-06-30,learned_order_offset,20260910,0.32459229504171544,0.32459229504171544,0,0
annual_net_quarter_head,3297,2024-08-23,2024-09-02,-0.0069594562136714,2024,2024-06-30,learned_order_offset,20260910,0.269688976262531,0.269688976262531,0,0
annual_net_quarter_head,3302,2024-08-30,2024-09-09,-0.0280389655151561,2024,2024-06-30,learned_order_offset,20260910,0.25701128623864544,0.25701128623864544,0,0
annual_net_quarter_head,3307,2024-09-06,2024-09-18,-0.0174132138857783,2024,2024-06-30,learned_order_offset,20260910,0.2537329194691278,0.2537329194691278,0,0
annual_net_quarter_head,3312,2024-09-13,2024-09-24,0.0133119329369826,2024,2024-06-30,learned_order_offset,20260910,0.2969376336637395,0.2969376336637395,0,1
annual_net_quarter_head,3315,2024-09-20,2024-09-30,0.2017513988384409,2024,2024-06-30,learned_order_offset,20260910,0.29894589919303566,0.29894589919303566,0,1
annual_net_quarter_head,3320,2024-09-27,2024-10-14,0.0178259004588408,2024,2024-06-30,learned_order_offset,20260910,0.5639382462593687,0.5639382462593687,1,1
annual_net_quarter_head,3262,2024-07-05,2024-07-15,0.0122222871842843,2024,2024-06-30,learned_market,20260911,0.4248486289596916,0.4248486289596916,0,1
annual_net_quarter_head,3267,2024-07-12,2024-07-22,0.0218881133018156,2024,2024-06-30,learned_market,20260911,0.49353163253472215,0.49353163253472215,0,1
annual_net_quarter_head,3272,2024-07-19,2024-07-29,-0.0378787022382998,2024,2024-06-30,learned_market,20260911,0.4033761217960121,0.4033761217960121,0,0
annual_net_quarter_head,3277,2024-07-26,2024-08-05,-0.0124134568216732,2024,2024-06-30,learned_market,20260911,0.46151286282855936,0.46151286282855936,0,0
annual_net_quarter_head,3282,2024-08-02,2024-08-12,-0.0102762848330364,2024,2024-06-30,learned_market,20260911,0.3568410634130395,0.3568410634130395,0,0
annual_net_quarter_head,3287,2024-08-09,2024-08-19,0.0050186923751938,2024,2024-06-30,learned_market,20260911,0.38019795637568926,0.38019795637568926,0,1
annual_net_quarter_head,3292,2024-08-16,2024-08-26,-0.0040487282687352,2024,2024-06-30,learned_market,20260911,0.27647885300127606,0.27647885300127606,0,0
annual_net_quarter_head,3297,2024-08-23,2024-09-02,-0.0069594562136714,2024,2024-06-30,learned_market,20260911,0.32287676344387434,0.32287676344387434,0,0
annual_net_quarter_head,3302,2024-08-30,2024-09-09,-0.0280389655151561,2024,2024-06-30,learned_market,20260911,0.29676070255761466,0.29676070255761466,0,0
annual_net_quarter_head,3307,2024-09-06,2024-09-18,-0.0174132138857783,2024,2024-06-30,learned_market,20260911,0.38329510564121766,0.38329510564121766,0,0
annual_net_quarter_head,3312,2024-09-13,2024-09-24,0.0133119329369826,2024,2024-06-30,learned_market,20260911,0.4148445423495032,0.4148445423495032,0,1
annual_net_quarter_head,3315,2024-09-20,2024-09-30,0.2017513988384409,2024,2024-06-30,learned_market,20260911,0.5011691393269023,0.5011691393269023,1,1
annual_net_quarter_head,3320,2024-09-27,2024-10-14,0.0178259004588408,2024,2024-06-30,learned_market,20260911,0.6939608135805626,0.6939608135805626,1,1
annual_net_quarter_head,3262,2024-07-05,2024-07-15,0.0122222871842843,2024,2024-06-30,learned_vol_interaction,20260911,0.40818200203284993,0.40818200203284993,0,1
annual_net_quarter_head,3267,2024-07-12,2024-07-22,0.0218881133018156,2024,2024-06-30,learned_vol_interaction,20260911,0.4676018645376772,0.4676018645376772,0,1
annual_net_quarter_head,3272,2024-07-19,2024-07-29,-0.0378787022382998,2024,2024-06-30,learned_vol_interaction,20260911,0.3917098243590703,0.3917098243590703,0,0
annual_net_quarter_head,3277,2024-07-26,2024-08-05,-0.0124134568216732,2024,2024-06-30,learned_vol_interaction,20260911,0.4501947740572952,0.4501947740572952,0,0
annual_net_quarter_head,3282,2024-08-02,2024-08-12,-0.0102762848330364,2024,2024-06-30,learned_vol_interaction,20260911,0.35397341301398605,0.35397341301398605,0,0
annual_net_quarter_head,3287,2024-08-09,2024-08-19,0.0050186923751938,2024,2024-06-30,learned_vol_interaction,20260911,0.3914217518228954,0.3914217518228954,0,1
annual_net_quarter_head,3292,2024-08-16,2024-08-26,-0.0040487282687352,2024,2024-06-30,learned_vol_interaction,20260911,0.2960435696897251,0.2960435696897251,0,0
annual_net_quarter_head,3297,2024-08-23,2024-09-02,-0.0069594562136714,2024,2024-06-30,learned_vol_interaction,20260911,0.34306577627608037,0.34306577627608037,0,0
annual_net_quarter_head,3302,2024-08-30,2024-09-09,-0.0280389655151561,2024,2024-06-30,learned_vol_interaction,20260911,0.30751425333397975,0.30751425333397975,0,0
annual_net_quarter_head,3307,2024-09-06,2024-09-18,-0.0174132138857783,2024,2024-06-30,learned_vol_interaction,20260911,0.3839574731454253,0.3839574731454253,0,0
annual_net_quarter_head,3312,2024-09-13,2024-09-24,0.0133119329369826,2024,2024-06-30,learned_vol_interaction,20260911,0.3993071894021439,0.3993071894021439,0,1
annual_net_quarter_head,3315,2024-09-20,2024-09-30,0.2017513988384409,2024,2024-06-30,learned_vol_interaction,20260911,0.4838692828803778,0.4838692828803778,0,1
annual_net_quarter_head,3320,2024-09-27,2024-10-14,0.0178259004588408,2024,2024-06-30,learned_vol_interaction,20260911,0.7236463061620881,0.7236463061620881,1,1
annual_net_quarter_head,3262,2024-07-05,2024-07-15,0.0122222871842843,2024,2024-06-30,learned_order_extension,20260911,0.40836976870328123,0.40836976870328123,0,1
annual_net_quarter_head,3267,2024-07-12,2024-07-22,0.0218881133018156,2024,2024-06-30,learned_order_extension,20260911,0.4863870130652675,0.4863870130652675,0,1
annual_net_quarter_head,3272,2024-07-19,2024-07-29,-0.0378787022382998,2024,2024-06-30,learned_order_extension,20260911,0.4147937908392111,0.4147937908392111,0,0
annual_net_quarter_head,3277,2024-07-26,2024-08-05,-0.0124134568216732,2024,2024-06-30,learned_order_extension,20260911,0.48067031526145315,0.48067031526145315,0,0
annual_net_quarter_head,3282,2024-08-02,2024-08-12,-0.0102762848330364,2024,2024-06-30,learned_order_extension,20260911,0.38137424206722254,0.38137424206722254,0,0
annual_net_quarter_head,3287,2024-08-09,2024-08-19,0.0050186923751938,2024,2024-06-30,learned_order_extension,20260911,0.43269400702561794,0.43269400702561794,0,1
annual_net_quarter_head,3292,2024-08-16,2024-08-26,-0.0040487282687352,2024,2024-06-30,learned_order_extension,20260911,0.3527160886699189,0.3527160886699189,0,0
annual_net_quarter_head,3297,2024-08-23,2024-09-02,-0.0069594562136714,2024,2024-06-30,learned_order_extension,20260911,0.38715374642602307,0.38715374642602307,0,0
annual_net_quarter_head,3302,2024-08-30,2024-09-09,-0.0280389655151561,2024,2024-06-30,learned_order_extension,20260911,0.34856002840771927,0.34856002840771927,0,0
annual_net_quarter_head,3307,2024-09-06,2024-09-18,-0.0174132138857783,2024,2024-06-30,learned_order_extension,20260911,0.415704490568871,0.415704490568871,0,0
annual_net_quarter_head,3312,2024-09-13,2024-09-24,0.0133119329369826,2024,2024-06-30,learned_order_extension,20260911,0.4189885545058217,0.4189885545058217,0,1
annual_net_quarter_head,3315,2024-09-20,2024-09-30,0.2017513988384409,2024,2024-06-30,learned_order_extension,20260911,0.4641437444953596,0.4641437444953596,0,1
annual_net_quarter_head,3320,2024-09-27,2024-10-14,0.0178259004588408,2024,2024-06-30,learned_order_extension,20260911,0.6547654519610673,0.6547654519610673,1,1
annual_net_quarter_head,3262,2024-07-05,2024-07-15,0.0122222871842843,2024,2024-06-30,learned_order_offset,20260911,0.4084826438957849,0.4084826438957849,0,1
annual_net_quarter_head,3267,2024-07-12,2024-07-22,0.0218881133018156,2024,2024-06-30,learned_order_offset,20260911,0.48541090134038944,0.48541090134038944,0,1
annual_net_quarter_head,3272,2024-07-19,2024-07-29,-0.0378787022382998,2024,2024-06-30,learned_order_offset,20260911,0.4146256582381554,0.4146256582381554,0,0
annual_net_quarter_head,3277,2024-07-26,2024-08-05,-0.0124134568216732,2024,2024-06-30,learned_order_offset,20260911,0.48123367485352475,0.48123367485352475,0,0
annual_net_quarter_head,3282,2024-08-02,2024-08-12,-0.0102762848330364,2024,2024-06-30,learned_order_offset,20260911,0.3822557530993211,0.3822557530993211,0,0
annual_net_quarter_head,3287,2024-08-09,2024-08-19,0.0050186923751938,2024,2024-06-30,learned_order_offset,20260911,0.4342583435673689,0.4342583435673689,0,1
annual_net_quarter_head,3292,2024-08-16,2024-08-26,-0.0040487282687352,2024,2024-06-30,learned_order_offset,20260911,0.3556214481579032,0.3556214481579032,0,0
annual_net_quarter_head,3297,2024-08-23,2024-09-02,-0.0069594562136714,2024,2024-06-30,learned_order_offset,20260911,0.3895718129796437,0.3895718129796437,0,0
annual_net_quarter_head,3302,2024-08-30,2024-09-09,-0.0280389655151561,2024,2024-06-30,learned_order_offset,20260911,0.3505714673069535,0.3505714673069535,0,0
annual_net_quarter_head,3307,2024-09-06,2024-09-18,-0.0174132138857783,2024,2024-06-30,learned_order_offset,20260911,0.41721243872008135,0.41721243872008135,0,0
annual_net_quarter_head,3312,2024-09-13,2024-09-24,0.0133119329369826,2024,2024-06-30,learned_order_offset,20260911,0.41926414064040796,0.41926414064040796,0,1
annual_net_quarter_head,3315,2024-09-20,2024-09-30,0.2017513988384409,2024,2024-06-30,learned_order_offset,20260911,0.46400323579750785,0.46400323579750785,0,1
annual_net_quarter_head,3320,2024-09-27,2024-10-14,0.0178259004588408,2024,2024-06-30,learned_order_offset,20260911,0.6540397909285891,0.6540397909285891,1,1
annual_net_quarter_head,3262,2024-07-05,2024-07-15,0.0122222871842843,2024,2024-06-30,learned_market,20260912,0.5557862912111847,0.5557862912111847,1,1
annual_net_quarter_head,3267,2024-07-12,2024-07-22,0.0218881133018156,2024,2024-06-30,learned_market,20260912,0.5195515011940892,0.5195515011940892,1,1
annual_net_quarter_head,3272,2024-07-19,2024-07-29,-0.0378787022382998,2024,2024-06-30,learned_market,20260912,0.38508151044962285,0.38508151044962285,0,0
annual_net_quarter_head,3277,2024-07-26,2024-08-05,-0.0124134568216732,2024,2024-06-30,learned_market,20260912,0.5136386282558397,0.5136386282558397,1,0
annual_net_quarter_head,3282,2024-08-02,2024-08-12,-0.0102762848330364,2024,2024-06-30,learned_market,20260912,0.5417225642303132,0.5417225642303132,1,0
annual_net_quarter_head,3287,2024-08-09,2024-08-19,0.0050186923751938,2024,2024-06-30,learned_market,20260912,0.4603785747610298,0.4603785747610298,0,1
annual_net_quarter_head,3292,2024-08-16,2024-08-26,-0.0040487282687352,2024,2024-06-30,learned_market,20260912,0.3691558379849964,0.3691558379849964,0,0
annual_net_quarter_head,3297,2024-08-23,2024-09-02,-0.0069594562136714,2024,2024-06-30,learned_market,20260912,0.2813817613697103,0.2813817613697103,0,0
annual_net_quarter_head,3302,2024-08-30,2024-09-09,-0.0280389655151561,2024,2024-06-30,learned_market,20260912,0.29712321541182385,0.29712321541182385,0,0
annual_net_quarter_head,3307,2024-09-06,2024-09-18,-0.0174132138857783,2024,2024-06-30,learned_market,20260912,0.37539896696664293,0.37539896696664293,0,0
annual_net_quarter_head,3312,2024-09-13,2024-09-24,0.0133119329369826,2024,2024-06-30,learned_market,20260912,0.35506779421507007,0.35506779421507007,0,1
annual_net_quarter_head,3315,2024-09-20,2024-09-30,0.2017513988384409,2024,2024-06-30,learned_market,20260912,0.37196448977803004,0.37196448977803004,0,1
annual_net_quarter_head,3320,2024-09-27,2024-10-14,0.0178259004588408,2024,2024-06-30,learned_market,20260912,0.3993796677783239,0.3993796677783239,0,1
annual_net_quarter_head,3262,2024-07-05,2024-07-15,0.0122222871842843,2024,2024-06-30,learned_vol_interaction,20260912,0.5771682679462085,0.5771682679462085,1,1
annual_net_quarter_head,3267,2024-07-12,2024-07-22,0.0218881133018156,2024,2024-06-30,learned_vol_interaction,20260912,0.529848585169536,0.529848585169536,1,1
annual_net_quarter_head,3272,2024-07-19,2024-07-29,-0.0378787022382998,2024,2024-06-30,learned_vol_interaction,20260912,0.358938847802982,0.358938847802982,0,0
annual_net_quarter_head,3277,2024-07-26,2024-08-05,-0.0124134568216732,2024,2024-06-30,learned_vol_interaction,20260912,0.5206083199809982,0.5206083199809982,1,0
annual_net_quarter_head,3282,2024-08-02,2024-08-12,-0.0102762848330364,2024,2024-06-30,learned_vol_interaction,20260912,0.5438197762048522,0.5438197762048522,1,0
annual_net_quarter_head,3287,2024-08-09,2024-08-19,0.0050186923751938,2024,2024-06-30,learned_vol_interaction,20260912,0.4481279990134103,0.4481279990134103,0,1
annual_net_quarter_head,3292,2024-08-16,2024-08-26,-0.0040487282687352,2024,2024-06-30,learned_vol_interaction,20260912,0.35540476257090314,0.35540476257090314,0,0
annual_net_quarter_head,3297,2024-08-23,2024-09-02,-0.0069594562136714,2024,2024-06-30,learned_vol_interaction,20260912,0.25336219126257614,0.25336219126257614,0,0
annual_net_quarter_head,3302,2024-08-30,2024-09-09,-0.0280389655151561,2024,2024-06-30,learned_vol_interaction,20260912,0.24915194020105208,0.24915194020105208,0,0
annual_net_quarter_head,3307,2024-09-06,2024-09-18,-0.0174132138857783,2024,2024-06-30,learned_vol_interaction,20260912,0.3539637654308473,0.3539637654308473,0,0
annual_net_quarter_head,3312,2024-09-13,2024-09-24,0.0133119329369826,2024,2024-06-30,learned_vol_interaction,20260912,0.3260740204742037,0.3260740204742037,0,1
annual_net_quarter_head,3315,2024-09-20,2024-09-30,0.2017513988384409,2024,2024-06-30,learned_vol_interaction,20260912,0.34239606560906766,0.34239606560906766,0,1
annual_net_quarter_head,3320,2024-09-27,2024-10-14,0.0178259004588408,2024,2024-06-30,learned_vol_interaction,20260912,0.4453490324498196,0.4453490324498196,0,1
annual_net_quarter_head,3262,2024-07-05,2024-07-15,0.0122222871842843,2024,2024-06-30,learned_order_extension,20260912,0.5925920125111019,0.5925920125111019,1,1
annual_net_quarter_head,3267,2024-07-12,2024-07-22,0.0218881133018156,2024,2024-06-30,learned_order_extension,20260912,0.5323591937206708,0.5323591937206708,1,1
annual_net_quarter_head,3272,2024-07-19,2024-07-29,-0.0378787022382998,2024,2024-06-30,learned_order_extension,20260912,0.3750501902095286,0.3750501902095286,0,0
annual_net_quarter_head,3277,2024-07-26,2024-08-05,-0.0124134568216732,2024,2024-06-30,learned_order_extension,20260912,0.5293586819348525,0.5293586819348525,1,0
annual_net_quarter_head,3282,2024-08-02,2024-08-12,-0.0102762848330364,2024,2024-06-30,learned_order_extension,20260912,0.5567696458173128,0.5567696458173128,1,0
annual_net_quarter_head,3287,2024-08-09,2024-08-19,0.0050186923751938,2024,2024-06-30,learned_order_extension,20260912,0.4676189310777918,0.4676189310777918,0,1
annual_net_quarter_head,3292,2024-08-16,2024-08-26,-0.0040487282687352,2024,2024-06-30,learned_order_extension,20260912,0.37491782624848397,0.37491782624848397,0,0
annual_net_quarter_head,3297,2024-08-23,2024-09-02,-0.0069594562136714,2024,2024-06-30,learned_order_extension,20260912,0.2943834443354215,0.2943834443354215,0,0
annual_net_quarter_head,3302,2024-08-30,2024-09-09,-0.0280389655151561,2024,2024-06-30,learned_order_extension,20260912,0.2866522587569013,0.2866522587569013,0,0
annual_net_quarter_head,3307,2024-09-06,2024-09-18,-0.0174132138857783,2024,2024-06-30,learned_order_extension,20260912,0.37902880600393046,0.37902880600393046,0,0
annual_net_quarter_head,3312,2024-09-13,2024-09-24,0.0133119329369826,2024,2024-06-30,learned_order_extension,20260912,0.3501591816182864,0.3501591816182864,0,1
annual_net_quarter_head,3315,2024-09-20,2024-09-30,0.2017513988384409,2024,2024-06-30,learned_order_extension,20260912,0.38365619567043907,0.38365619567043907,0,1
annual_net_quarter_head,3320,2024-09-27,2024-10-14,0.0178259004588408,2024,2024-06-30,learned_order_extension,20260912,0.5019942240426073,0.5019942240426073,1,1
annual_net_quarter_head,3262,2024-07-05,2024-07-15,0.0122222871842843,2024,2024-06-30,learned_order_offset,20260912,0.5939645561922696,0.5939645561922696,1,1
annual_net_quarter_head,3267,2024-07-12,2024-07-22,0.0218881133018156,2024,2024-06-30,learned_order_offset,20260912,0.533116978793838,0.533116978793838,1,1
annual_net_quarter_head,3272,2024-07-19,2024-07-29,-0.0378787022382998,2024,2024-06-30,learned_order_offset,20260912,0.37697352123510075,0.37697352123510075,0,0
annual_net_quarter_head,3277,2024-07-26,2024-08-05,-0.0124134568216732,2024,2024-06-30,learned_order_offset,20260912,0.5301550507161652,0.5301550507161652,1,0
annual_net_quarter_head,3282,2024-08-02,2024-08-12,-0.0102762848330364,2024,2024-06-30,learned_order_offset,20260912,0.5572893557380333,0.5572893557380333,1,0
annual_net_quarter_head,3287,2024-08-09,2024-08-19,0.0050186923751938,2024,2024-06-30,learned_order_offset,20260912,0.46869629435562643,0.46869629435562643,0,1
annual_net_quarter_head,3292,2024-08-16,2024-08-26,-0.0040487282687352,2024,2024-06-30,learned_order_offset,20260912,0.37551950233231757,0.37551950233231757,0,0
annual_net_quarter_head,3297,2024-08-23,2024-09-02,-0.0069594562136714,2024,2024-06-30,learned_order_offset,20260912,0.2948677838336842,0.2948677838336842,0,0
annual_net_quarter_head,3302,2024-08-30,2024-09-09,-0.0280389655151561,2024,2024-06-30,learned_order_offset,20260912,0.2876501505214833,0.2876501505214833,0,0
annual_net_quarter_head,3307,2024-09-06,2024-09-18,-0.0174132138857783,2024,2024-06-30,learned_order_offset,20260912,0.379976186239723,0.379976186239723,0,0
annual_net_quarter_head,3312,2024-09-13,2024-09-24,0.0133119329369826,2024,2024-06-30,learned_order_offset,20260912,0.35083309346113156,0.35083309346113156,0,1
annual_net_quarter_head,3315,2024-09-20,2024-09-30,0.2017513988384409,2024,2024-06-30,learned_order_offset,20260912,0.3850823078776339,0.3850823078776339,0,1
annual_net_quarter_head,3320,2024-09-27,2024-10-14,0.0178259004588408,2024,2024-06-30,learned_order_offset,20260912,0.5007738200728403,0.5007738200728403,1,1
annual_net_quarter_head,3325,2024-10-11,2024-10-21,0.0080914993282625,2024,2024-09-30,learned_market,20260910,0.6192060094877125,0.6192060094877125,1,1
annual_net_quarter_head,3330,2024-10-18,2024-10-28,0.0015733867085561,2024,2024-09-30,learned_market,20260910,0.5020183216015154,0.5020183216015154,1,1
annual_net_quarter_head,3335,2024-10-25,2024-11-04,-0.0140142824257356,2024,2024-09-30,learned_market,20260910,0.49264403788130834,0.49264403788130834,0,0
annual_net_quarter_head,3340,2024-11-01,2024-11-11,0.0434152361258277,2024,2024-09-30,learned_market,20260910,0.4894468846135623,0.4894468846135623,0,1
annual_net_quarter_head,3345,2024-11-08,2024-11-18,-0.0208584853931589,2024,2024-09-30,learned_market,20260910,0.4942072376443992,0.4942072376443992,0,0
annual_net_quarter_head,3350,2024-11-15,2024-11-25,-0.0267421712161923,2024,2024-09-30,learned_market,20260910,0.48997905521509216,0.48997905521509216,0,0
annual_net_quarter_head,3355,2024-11-22,2024-12-02,0.0087960346887328,2024,2024-09-30,learned_market,20260910,0.66785033207125,0.66785033207125,1,1
annual_net_quarter_head,3360,2024-11-29,2024-12-09,0.0155919891551781,2024,2024-09-30,learned_market,20260910,0.6902267746340798,0.6902267746340798,1,1
annual_net_quarter_head,3365,2024-12-06,2024-12-16,-0.0100436703218104,2024,2024-09-30,learned_market,20260910,0.6392828565677064,0.6392828565677064,1,0
annual_net_quarter_head,3370,2024-12-13,2024-12-23,-0.0006690784017421,2024,2024-09-30,learned_market,20260910,0.504398399341381,0.504398399341381,1,0
annual_net_quarter_head,3375,2024-12-20,2024-12-30,0.0123595076562756,2024,2024-09-30,learned_market,20260910,0.4223417504660428,0.4223417504660428,0,1
annual_net_quarter_head,3380,2024-12-27,2025-01-06,-0.0504714964669198,2024,2024-09-30,learned_market,20260910,0.3544241500676977,0.3544241500676977,0,0
annual_net_quarter_head,3325,2024-10-11,2024-10-21,0.0080914993282625,2024,2024-09-30,learned_vol_interaction,20260910,0.6111107292916046,0.6111107292916046,1,1
annual_net_quarter_head,3330,2024-10-18,2024-10-28,0.0015733867085561,2024,2024-09-30,learned_vol_interaction,20260910,0.5563861655867954,0.5563861655867954,1,1
annual_net_quarter_head,3335,2024-10-25,2024-11-04,-0.0140142824257356,2024,2024-09-30,learned_vol_interaction,20260910,0.5575567044140509,0.5575567044140509,1,0
annual_net_quarter_head,3340,2024-11-01,2024-11-11,0.0434152361258277,2024,2024-09-30,learned_vol_interaction,20260910,0.5587844268865753,0.5587844268865753,1,1
annual_net_quarter_head,3345,2024-11-08,2024-11-18,-0.0208584853931589,2024,2024-09-30,learned_vol_interaction,20260910,0.48757871416097265,0.48757871416097265,0,0
annual_net_quarter_head,3350,2024-11-15,2024-11-25,-0.0267421712161923,2024,2024-09-30,learned_vol_interaction,20260910,0.4803936019205089,0.4803936019205089,0,0
annual_net_quarter_head,3355,2024-11-22,2024-12-02,0.0087960346887328,2024,2024-09-30,learned_vol_interaction,20260910,0.640666042396064,0.640666042396064,1,1
annual_net_quarter_head,3360,2024-11-29,2024-12-09,0.0155919891551781,2024,2024-09-30,learned_vol_interaction,20260910,0.6596855347510624,0.6596855347510624,1,1
annual_net_quarter_head,3365,2024-12-06,2024-12-16,-0.0100436703218104,2024,2024-09-30,learned_vol_interaction,20260910,0.6337177434722724,0.6337177434722724,1,0
annual_net_quarter_head,3370,2024-12-13,2024-12-23,-0.0006690784017421,2024,2024-09-30,learned_vol_interaction,20260910,0.5044226782342549,0.5044226782342549,1,0
annual_net_quarter_head,3375,2024-12-20,2024-12-30,0.0123595076562756,2024,2024-09-30,learned_vol_interaction,20260910,0.4158780768793193,0.4158780768793193,0,1
annual_net_quarter_head,3380,2024-12-27,2025-01-06,-0.0504714964669198,2024,2024-09-30,learned_vol_interaction,20260910,0.3409892757717756,0.3409892757717756,0,0
annual_net_quarter_head,3325,2024-10-11,2024-10-21,0.0080914993282625,2024,2024-09-30,learned_order_extension,20260910,0.6330093329803247,0.6330093329803247,1,1
annual_net_quarter_head,3330,2024-10-18,2024-10-28,0.0015733867085561,2024,2024-09-30,learned_order_extension,20260910,0.5872849876645165,0.5872849876645165,1,1
annual_net_quarter_head,3335,2024-10-25,2024-11-04,-0.0140142824257356,2024,2024-09-30,learned_order_extension,20260910,0.5764659390958331,0.5764659390958331,1,0
annual_net_quarter_head,3340,2024-11-01,2024-11-11,0.0434152361258277,2024,2024-09-30,learned_order_extension,20260910,0.5944708694860903,0.5944708694860903,1,1
annual_net_quarter_head,3345,2024-11-08,2024-11-18,-0.0208584853931589,2024,2024-09-30,learned_order_extension,20260910,0.4829027725694476,0.4829027725694476,0,0
annual_net_quarter_head,3350,2024-11-15,2024-11-25,-0.0267421712161923,2024,2024-09-30,learned_order_extension,20260910,0.47327125512765633,0.47327125512765633,0,0
annual_net_quarter_head,3355,2024-11-22,2024-12-02,0.0087960346887328,2024,2024-09-30,learned_order_extension,20260910,0.6292888111769754,0.6292888111769754,1,1
annual_net_quarter_head,3360,2024-11-29,2024-12-09,0.0155919891551781,2024,2024-09-30,learned_order_extension,20260910,0.6642709313669601,0.6642709313669601,1,1
annual_net_quarter_head,3365,2024-12-06,2024-12-16,-0.0100436703218104,2024,2024-09-30,learned_order_extension,20260910,0.6026356147323213,0.6026356147323213,1,0
annual_net_quarter_head,3370,2024-12-13,2024-12-23,-0.0006690784017421,2024,2024-09-30,learned_order_extension,20260910,0.48957572376927316,0.48957572376927316,0,0
annual_net_quarter_head,3375,2024-12-20,2024-12-30,0.0123595076562756,2024,2024-09-30,learned_order_extension,20260910,0.38203423669051556,0.38203423669051556,0,1
annual_net_quarter_head,3380,2024-12-27,2025-01-06,-0.0504714964669198,2024,2024-09-30,learned_order_extension,20260910,0.296524083186498,0.296524083186498,0,0
annual_net_quarter_head,3325,2024-10-11,2024-10-21,0.0080914993282625,2024,2024-09-30,learned_order_offset,20260910,0.6332834813014016,0.6332834813014016,1,1
annual_net_quarter_head,3330,2024-10-18,2024-10-28,0.0015733867085561,2024,2024-09-30,learned_order_offset,20260910,0.5875485491790917,0.5875485491790917,1,1
annual_net_quarter_head,3335,2024-10-25,2024-11-04,-0.0140142824257356,2024,2024-09-30,learned_order_offset,20260910,0.5750277668102666,0.5750277668102666,1,0
annual_net_quarter_head,3340,2024-11-01,2024-11-11,0.0434152361258277,2024,2024-09-30,learned_order_offset,20260910,0.5939701309378649,0.5939701309378649,1,1
annual_net_quarter_head,3345,2024-11-08,2024-11-18,-0.0208584853931589,2024,2024-09-30,learned_order_offset,20260910,0.48233076830926375,0.48233076830926375,0,0
annual_net_quarter_head,3350,2024-11-15,2024-11-25,-0.0267421712161923,2024,2024-09-30,learned_order_offset,20260910,0.4741714099490293,0.4741714099490293,0,0
annual_net_quarter_head,3355,2024-11-22,2024-12-02,0.0087960346887328,2024,2024-09-30,learned_order_offset,20260910,0.627015087402435,0.627015087402435,1,1
annual_net_quarter_head,3360,2024-11-29,2024-12-09,0.0155919891551781,2024,2024-09-30,learned_order_offset,20260910,0.66267322869974,0.66267322869974,1,1
annual_net_quarter_head,3365,2024-12-06,2024-12-16,-0.0100436703218104,2024,2024-09-30,learned_order_offset,20260910,0.6000932078329472,0.6000932078329472,1,0
annual_net_quarter_head,3370,2024-12-13,2024-12-23,-0.0006690784017421,2024,2024-09-30,learned_order_offset,20260910,0.48901932421856986,0.48901932421856986,0,0
annual_net_quarter_head,3375,2024-12-20,2024-12-30,0.0123595076562756,2024,2024-09-30,learned_order_offset,20260910,0.38205148889715823,0.38205148889715823,0,1
annual_net_quarter_head,3380,2024-12-27,2025-01-06,-0.0504714964669198,2024,2024-09-30,learned_order_offset,20260910,0.29847920462731964,0.29847920462731964,0,0
annual_net_quarter_head,3325,2024-10-11,2024-10-21,0.0080914993282625,2024,2024-09-30,learned_market,20260911,0.7283093677123755,0.7283093677123755,1,1
annual_net_quarter_head,3330,2024-10-18,2024-10-28,0.0015733867085561,2024,2024-09-30,learned_market,20260911,0.6404289751794385,0.6404289751794385,1,1
annual_net_quarter_head,3335,2024-10-25,2024-11-04,-0.0140142824257356,2024,2024-09-30,learned_market,20260911,0.45779447437933746,0.45779447437933746,0,0
annual_net_quarter_head,3340,2024-11-01,2024-11-11,0.0434152361258277,2024,2024-09-30,learned_market,20260911,0.429723460927241,0.429723460927241,0,1
annual_net_quarter_head,3345,2024-11-08,2024-11-18,-0.0208584853931589,2024,2024-09-30,learned_market,20260911,0.37960471820491787,0.37960471820491787,0,0
annual_net_quarter_head,3350,2024-11-15,2024-11-25,-0.0267421712161923,2024,2024-09-30,learned_market,20260911,0.4891937294495264,0.4891937294495264,0,0
annual_net_quarter_head,3355,2024-11-22,2024-12-02,0.0087960346887328,2024,2024-09-30,learned_market,20260911,0.35451515449620924,0.35451515449620924,0,1
annual_net_quarter_head,3360,2024-11-29,2024-12-09,0.0155919891551781,2024,2024-09-30,learned_market,20260911,0.5675219975828257,0.5675219975828257,1,1
annual_net_quarter_head,3365,2024-12-06,2024-12-16,-0.0100436703218104,2024,2024-09-30,learned_market,20260911,0.41671746209114185,0.41671746209114185,0,0
annual_net_quarter_head,3370,2024-12-13,2024-12-23,-0.0006690784017421,2024,2024-09-30,learned_market,20260911,0.338630580452423,0.338630580452423,0,0
annual_net_quarter_head,3375,2024-12-20,2024-12-30,0.0123595076562756,2024,2024-09-30,learned_market,20260911,0.2919474602703643,0.2919474602703643,0,1
annual_net_quarter_head,3380,2024-12-27,2025-01-06,-0.0504714964669198,2024,2024-09-30,learned_market,20260911,0.516988136933489,0.516988136933489,1,0
annual_net_quarter_head,3325,2024-10-11,2024-10-21,0.0080914993282625,2024,2024-09-30,learned_vol_interaction,20260911,0.7365359346825926,0.7365359346825926,1,1
annual_net_quarter_head,3330,2024-10-18,2024-10-28,0.0015733867085561,2024,2024-09-30,learned_vol_interaction,20260911,0.6404218659209073,0.6404218659209073,1,1
annual_net_quarter_head,3335,2024-10-25,2024-11-04,-0.0140142824257356,2024,2024-09-30,learned_vol_interaction,20260911,0.43782495860538445,0.43782495860538445,0,0
annual_net_quarter_head,3340,2024-11-01,2024-11-11,0.0434152361258277,2024,2024-09-30,learned_vol_interaction,20260911,0.40802175500210686,0.40802175500210686,0,1
annual_net_quarter_head,3345,2024-11-08,2024-11-18,-0.0208584853931589,2024,2024-09-30,learned_vol_interaction,20260911,0.37746773812904577,0.37746773812904577,0,0
annual_net_quarter_head,3350,2024-11-15,2024-11-25,-0.0267421712161923,2024,2024-09-30,learned_vol_interaction,20260911,0.4911799391174997,0.4911799391174997,0,0
annual_net_quarter_head,3355,2024-11-22,2024-12-02,0.0087960346887328,2024,2024-09-30,learned_vol_interaction,20260911,0.3527219057512987,0.3527219057512987,0,1
annual_net_quarter_head,3360,2024-11-29,2024-12-09,0.0155919891551781,2024,2024-09-30,learned_vol_interaction,20260911,0.5727911613341264,0.5727911613341264,1,1
annual_net_quarter_head,3365,2024-12-06,2024-12-16,-0.0100436703218104,2024,2024-09-30,learned_vol_interaction,20260911,0.4175294140316686,0.4175294140316686,0,0
annual_net_quarter_head,3370,2024-12-13,2024-12-23,-0.0006690784017421,2024,2024-09-30,learned_vol_interaction,20260911,0.34167870488319146,0.34167870488319146,0,0
annual_net_quarter_head,3375,2024-12-20,2024-12-30,0.0123595076562756,2024,2024-09-30,learned_vol_interaction,20260911,0.29479017275582975,0.29479017275582975,0,1
annual_net_quarter_head,3380,2024-12-27,2025-01-06,-0.0504714964669198,2024,2024-09-30,learned_vol_interaction,20260911,0.515950754099302,0.515950754099302,1,0
annual_net_quarter_head,3325,2024-10-11,2024-10-21,0.0080914993282625,2024,2024-09-30,learned_order_extension,20260911,0.7199573828568916,0.7199573828568916,1,1
annual_net_quarter_head,3330,2024-10-18,2024-10-28,0.0015733867085561,2024,2024-09-30,learned_order_extension,20260911,0.6331355655451122,0.6331355655451122,1,1
annual_net_quarter_head,3335,2024-10-25,2024-11-04,-0.0140142824257356,2024,2024-09-30,learned_order_extension,20260911,0.46186043618572425,0.46186043618572425,0,0
annual_net_quarter_head,3340,2024-11-01,2024-11-11,0.0434152361258277,2024,2024-09-30,learned_order_extension,20260911,0.45137099766401145,0.45137099766401145,0,1
annual_net_quarter_head,3345,2024-11-08,2024-11-18,-0.0208584853931589,2024,2024-09-30,learned_order_extension,20260911,0.37123895043395444,0.37123895043395444,0,0
annual_net_quarter_head,3350,2024-11-15,2024-11-25,-0.0267421712161923,2024,2024-09-30,learned_order_extension,20260911,0.47951391519586917,0.47951391519586917,0,0
annual_net_quarter_head,3355,2024-11-22,2024-12-02,0.0087960346887328,2024,2024-09-30,learned_order_extension,20260911,0.3407124608106918,0.3407124608106918,0,1
annual_net_quarter_head,3360,2024-11-29,2024-12-09,0.0155919891551781,2024,2024-09-30,learned_order_extension,20260911,0.5749960824213133,0.5749960824213133,1,1
annual_net_quarter_head,3365,2024-12-06,2024-12-16,-0.0100436703218104,2024,2024-09-30,learned_order_extension,20260911,0.416316431867074,0.416316431867074,0,0
annual_net_quarter_head,3370,2024-12-13,2024-12-23,-0.0006690784017421,2024,2024-09-30,learned_order_extension,20260911,0.32448303989101146,0.32448303989101146,0,0
annual_net_quarter_head,3375,2024-12-20,2024-12-30,0.0123595076562756,2024,2024-09-30,learned_order_extension,20260911,0.27930789842240383,0.27930789842240383,0,1
annual_net_quarter_head,3380,2024-12-27,2025-01-06,-0.0504714964669198,2024,2024-09-30,learned_order_extension,20260911,0.5400302854602747,0.5400302854602747,1,0
annual_net_quarter_head,3325,2024-10-11,2024-10-21,0.0080914993282625,2024,2024-09-30,learned_order_offset,20260911,0.7197843687338311,0.7197843687338311,1,1
annual_net_quarter_head,3330,2024-10-18,2024-10-28,0.0015733867085561,2024,2024-09-30,learned_order_offset,20260911,0.6335337411613342,0.6335337411613342,1,1
annual_net_quarter_head,3335,2024-10-25,2024-11-04,-0.0140142824257356,2024,2024-09-30,learned_order_offset,20260911,0.46271663023385645,0.46271663023385645,0,0
annual_net_quarter_head,3340,2024-11-01,2024-11-11,0.0434152361258277,2024,2024-09-30,learned_order_offset,20260911,0.4518620288792654,0.4518620288792654,0,1
annual_net_quarter_head,3345,2024-11-08,2024-11-18,-0.0208584853931589,2024,2024-09-30,learned_order_offset,20260911,0.37172963305118717,0.37172963305118717,0,0
annual_net_quarter_head,3350,2024-11-15,2024-11-25,-0.0267421712161923,2024,2024-09-30,learned_order_offset,20260911,0.47907573204316367,0.47907573204316367,0,0
annual_net_quarter_head,3355,2024-11-22,2024-12-02,0.0087960346887328,2024,2024-09-30,learned_order_offset,20260911,0.341200094707585,0.341200094707585,0,1
annual_net_quarter_head,3360,2024-11-29,2024-12-09,0.0155919891551781,2024,2024-09-30,learned_order_offset,20260911,0.574999083345796,0.574999083345796,1,1
annual_net_quarter_head,3365,2024-12-06,2024-12-16,-0.0100436703218104,2024,2024-09-30,learned_order_offset,20260911,0.4163419781771926,0.4163419781771926,0,0
annual_net_quarter_head,3370,2024-12-13,2024-12-23,-0.0006690784017421,2024,2024-09-30,learned_order_offset,20260911,0.32450659304148854,0.32450659304148854,0,0
annual_net_quarter_head,3375,2024-12-20,2024-12-30,0.0123595076562756,2024,2024-09-30,learned_order_offset,20260911,0.2796493695063575,0.2796493695063575,0,1
annual_net_quarter_head,3380,2024-12-27,2025-01-06,-0.0504714964669198,2024,2024-09-30,learned_order_offset,20260911,0.5399799012929719,0.5399799012929719,1,0
annual_net_quarter_head,3325,2024-10-11,2024-10-21,0.0080914993282625,2024,2024-09-30,learned_market,20260912,0.6515445402097386,0.6515445402097386,1,1
annual_net_quarter_head,3330,2024-10-18,2024-10-28,0.0015733867085561,2024,2024-09-30,learned_market,20260912,0.7339236955129189,0.7339236955129189,1,1
annual_net_quarter_head,3335,2024-10-25,2024-11-04,-0.0140142824257356,2024,2024-09-30,learned_market,20260912,0.6903363099634278,0.6903363099634278,1,0
annual_net_quarter_head,3340,2024-11-01,2024-11-11,0.0434152361258277,2024,2024-09-30,learned_market,20260912,0.7205531813866081,0.7205531813866081,1,1
annual_net_quarter_head,3345,2024-11-08,2024-11-18,-0.0208584853931589,2024,2024-09-30,learned_market,20260912,0.6580275629139986,0.6580275629139986,1,0
annual_net_quarter_head,3350,2024-11-15,2024-11-25,-0.0267421712161923,2024,2024-09-30,learned_market,20260912,0.5852300088505981,0.5852300088505981,1,0
annual_net_quarter_head,3355,2024-11-22,2024-12-02,0.0087960346887328,2024,2024-09-30,learned_market,20260912,0.6272448097698404,0.6272448097698404,1,1
annual_net_quarter_head,3360,2024-11-29,2024-12-09,0.0155919891551781,2024,2024-09-30,learned_market,20260912,0.5616638316927858,0.5616638316927858,1,1
annual_net_quarter_head,3365,2024-12-06,2024-12-16,-0.0100436703218104,2024,2024-09-30,learned_market,20260912,0.526137081271017,0.526137081271017,1,0
annual_net_quarter_head,3370,2024-12-13,2024-12-23,-0.0006690784017421,2024,2024-09-30,learned_market,20260912,0.4089261256230498,0.4089261256230498,0,0
annual_net_quarter_head,3375,2024-12-20,2024-12-30,0.0123595076562756,2024,2024-09-30,learned_market,20260912,0.33365313864331,0.33365313864331,0,1
annual_net_quarter_head,3380,2024-12-27,2025-01-06,-0.0504714964669198,2024,2024-09-30,learned_market,20260912,0.26208652886753103,0.26208652886753103,0,0
annual_net_quarter_head,3325,2024-10-11,2024-10-21,0.0080914993282625,2024,2024-09-30,learned_vol_interaction,20260912,0.6141132443655312,0.6141132443655312,1,1
annual_net_quarter_head,3330,2024-10-18,2024-10-28,0.0015733867085561,2024,2024-09-30,learned_vol_interaction,20260912,0.6350525506221544,0.6350525506221544,1,1
annual_net_quarter_head,3335,2024-10-25,2024-11-04,-0.0140142824257356,2024,2024-09-30,learned_vol_interaction,20260912,0.6237438254990226,0.6237438254990226,1,0
annual_net_quarter_head,3340,2024-11-01,2024-11-11,0.0434152361258277,2024,2024-09-30,learned_vol_interaction,20260912,0.6105811533150463,0.6105811533150463,1,1
annual_net_quarter_head,3345,2024-11-08,2024-11-18,-0.0208584853931589,2024,2024-09-30,learned_vol_interaction,20260912,0.5910104960130429,0.5910104960130429,1,0
annual_net_quarter_head,3350,2024-11-15,2024-11-25,-0.0267421712161923,2024,2024-09-30,learned_vol_interaction,20260912,0.565783737193139,0.565783737193139,1,0
annual_net_quarter_head,3355,2024-11-22,2024-12-02,0.0087960346887328,2024,2024-09-30,learned_vol_interaction,20260912,0.5865724751664098,0.5865724751664098,1,1
annual_net_quarter_head,3360,2024-11-29,2024-12-09,0.0155919891551781,2024,2024-09-30,learned_vol_interaction,20260912,0.5164365012317216,0.5164365012317216,1,1
annual_net_quarter_head,3365,2024-12-06,2024-12-16,-0.0100436703218104,2024,2024-09-30,learned_vol_interaction,20260912,0.50662153031642,0.50662153031642,1,0
annual_net_quarter_head,3370,2024-12-13,2024-12-23,-0.0006690784017421,2024,2024-09-30,learned_vol_interaction,20260912,0.41444843488924593,0.41444843488924593,0,0
annual_net_quarter_head,3375,2024-12-20,2024-12-30,0.0123595076562756,2024,2024-09-30,learned_vol_interaction,20260912,0.34095678054762435,0.34095678054762435,0,1
annual_net_quarter_head,3380,2024-12-27,2025-01-06,-0.0504714964669198,2024,2024-09-30,learned_vol_interaction,20260912,0.25615656358497524,0.25615656358497524,0,0
annual_net_quarter_head,3325,2024-10-11,2024-10-21,0.0080914993282625,2024,2024-09-30,learned_order_extension,20260912,0.6194226477355761,0.6194226477355761,1,1
annual_net_quarter_head,3330,2024-10-18,2024-10-28,0.0015733867085561,2024,2024-09-30,learned_order_extension,20260912,0.614664201016032,0.614664201016032,1,1
annual_net_quarter_head,3335,2024-10-25,2024-11-04,-0.0140142824257356,2024,2024-09-30,learned_order_extension,20260912,0.608492785109337,0.608492785109337,1,0
annual_net_quarter_head,3340,2024-11-01,2024-11-11,0.0434152361258277,2024,2024-09-30,learned_order_extension,20260912,0.5698635031479787,0.5698635031479787,1,1
annual_net_quarter_head,3345,2024-11-08,2024-11-18,-0.0208584853931589,2024,2024-09-30,learned_order_extension,20260912,0.5788063646474434,0.5788063646474434,1,0
annual_net_quarter_head,3350,2024-11-15,2024-11-25,-0.0267421712161923,2024,2024-09-30,learned_order_extension,20260912,0.5475455070192303,0.5475455070192303,1,0
annual_net_quarter_head,3355,2024-11-22,2024-12-02,0.0087960346887328,2024,2024-09-30,learned_order_extension,20260912,0.5928729476734372,0.5928729476734372,1,1
annual_net_quarter_head,3360,2024-11-29,2024-12-09,0.0155919891551781,2024,2024-09-30,learned_order_extension,20260912,0.5237472238167498,0.5237472238167498,1,1
annual_net_quarter_head,3365,2024-12-06,2024-12-16,-0.0100436703218104,2024,2024-09-30,learned_order_extension,20260912,0.50059359640785,0.50059359640785,1,0
annual_net_quarter_head,3370,2024-12-13,2024-12-23,-0.0006690784017421,2024,2024-09-30,learned_order_extension,20260912,0.4161420640844902,0.4161420640844902,0,0
annual_net_quarter_head,3375,2024-12-20,2024-12-30,0.0123595076562756,2024,2024-09-30,learned_order_extension,20260912,0.32948331991247026,0.32948331991247026,0,1
annual_net_quarter_head,3380,2024-12-27,2025-01-06,-0.0504714964669198,2024,2024-09-30,learned_order_extension,20260912,0.2185411318382808,0.2185411318382808,0,0
annual_net_quarter_head,3325,2024-10-11,2024-10-21,0.0080914993282625,2024,2024-09-30,learned_order_offset,20260912,0.6205342477350851,0.6205342477350851,1,1
annual_net_quarter_head,3330,2024-10-18,2024-10-28,0.0015733867085561,2024,2024-09-30,learned_order_offset,20260912,0.6145848248028508,0.6145848248028508,1,1
annual_net_quarter_head,3335,2024-10-25,2024-11-04,-0.0140142824257356,2024,2024-09-30,learned_order_offset,20260912,0.6075428283903621,0.6075428283903621,1,0
annual_net_quarter_head,3340,2024-11-01,2024-11-11,0.0434152361258277,2024,2024-09-30,learned_order_offset,20260912,0.5690181299004483,0.5690181299004483,1,1
annual_net_quarter_head,3345,2024-11-08,2024-11-18,-0.0208584853931589,2024,2024-09-30,learned_order_offset,20260912,0.5781382531743732,0.5781382531743732,1,0
annual_net_quarter_head,3350,2024-11-15,2024-11-25,-0.0267421712161923,2024,2024-09-30,learned_order_offset,20260912,0.5459996305866247,0.5459996305866247,1,0
annual_net_quarter_head,3355,2024-11-22,2024-12-02,0.0087960346887328,2024,2024-09-30,learned_order_offset,20260912,0.5923336528214439,0.5923336528214439,1,1
annual_net_quarter_head,3360,2024-11-29,2024-12-09,0.0155919891551781,2024,2024-09-30,learned_order_offset,20260912,0.5232013001509324,0.5232013001509324,1,1
annual_net_quarter_head,3365,2024-12-06,2024-12-16,-0.0100436703218104,2024,2024-09-30,learned_order_offset,20260912,0.5004835636862559,0.5004835636862559,1,0
annual_net_quarter_head,3370,2024-12-13,2024-12-23,-0.0006690784017421,2024,2024-09-30,learned_order_offset,20260912,0.41635688699146317,0.41635688699146317,0,0
annual_net_quarter_head,3375,2024-12-20,2024-12-30,0.0123595076562756,2024,2024-09-30,learned_order_offset,20260912,0.32893483082987546,0.32893483082987546,0,1
annual_net_quarter_head,3380,2024-12-27,2025-01-06,-0.0504714964669198,2024,2024-09-30,learned_order_offset,20260912,0.21870064834717012,0.21870064834717012,0,0
annual_net_quarter_head,3384,2025-01-03,2025-01-13,-0.0189486730632231,2025,2024-12-31,learned_market,20260910,0.38233645545210077,0.38233645545210077,0,0
annual_net_quarter_head,3389,2025-01-10,2025-01-20,0.0353251773547418,2025,2024-12-31,learned_market,20260910,0.3910227915849612,0.3910227915849612,0,1
annual_net_quarter_head,3394,2025-01-17,2025-01-27,0.000432821422053,2025,2024-12-31,learned_market,20260910,0.49015728346105064,0.49015728346105064,0,1
annual_net_quarter_head,3399,2025-01-24,2025-02-10,0.0159344898044284,2025,2024-12-31,learned_market,20260910,0.43779872313730184,0.43779872313730184,0,1
annual_net_quarter_head,3403,2025-02-07,2025-02-17,0.0144454990892999,2025,2024-12-31,learned_market,20260910,0.5065763414140139,0.5065763414140139,1,1
annual_net_quarter_head,3408,2025-02-14,2025-02-24,0.0045695818086644,2025,2024-12-31,learned_market,20260910,0.5698063647751795,0.5698063647751795,1,1
annual_net_quarter_head,3413,2025-02-21,2025-03-03,-0.0183210488158531,2025,2024-12-31,learned_market,20260910,0.5387747536285505,0.5387747536285505,1,0
annual_net_quarter_head,3418,2025-02-28,2025-03-10,0.0117650075646844,2025,2024-12-31,learned_market,20260910,0.4812656782302869,0.4812656782302869,0,1
annual_net_quarter_head,3423,2025-03-07,2025-03-17,0.019023819058288,2025,2024-12-31,learned_market,20260910,0.6111767156385011,0.6111767156385011,1,1
annual_net_quarter_head,3428,2025-03-14,2025-03-24,-0.0259983485216283,2025,2024-12-31,learned_market,20260910,0.44730435644814126,0.44730435644814126,0,0
annual_net_quarter_head,3433,2025-03-21,2025-03-31,-0.0025867506275359,2025,2024-12-31,learned_market,20260910,0.5315675954271929,0.5315675954271929,1,0
annual_net_quarter_head,3438,2025-03-28,2025-04-14,-0.0342910101946246,2025,2024-12-31,learned_market,20260910,0.7166635184412673,0.7166635184412673,1,0
annual_net_quarter_head,3384,2025-01-03,2025-01-13,-0.0189486730632231,2025,2024-12-31,learned_vol_interaction,20260910,0.38666219011730185,0.38666219011730185,0,0
annual_net_quarter_head,3389,2025-01-10,2025-01-20,0.0353251773547418,2025,2024-12-31,learned_vol_interaction,20260910,0.3791321657754841,0.3791321657754841,0,1
annual_net_quarter_head,3394,2025-01-17,2025-01-27,0.000432821422053,2025,2024-12-31,learned_vol_interaction,20260910,0.4768105126561029,0.4768105126561029,0,1
annual_net_quarter_head,3399,2025-01-24,2025-02-10,0.0159344898044284,2025,2024-12-31,learned_vol_interaction,20260910,0.46081361135637805,0.46081361135637805,0,1
annual_net_quarter_head,3403,2025-02-07,2025-02-17,0.0144454990892999,2025,2024-12-31,learned_vol_interaction,20260910,0.5021249737202294,0.5021249737202294,1,1
annual_net_quarter_head,3408,2025-02-14,2025-02-24,0.0045695818086644,2025,2024-12-31,learned_vol_interaction,20260910,0.5796741457129003,0.5796741457129003,1,1
annual_net_quarter_head,3413,2025-02-21,2025-03-03,-0.0183210488158531,2025,2024-12-31,learned_vol_interaction,20260910,0.5894724308913238,0.5894724308913238,1,0
annual_net_quarter_head,3418,2025-02-28,2025-03-10,0.0117650075646844,2025,2024-12-31,learned_vol_interaction,20260910,0.5038224926529957,0.5038224926529957,1,1
annual_net_quarter_head,3423,2025-03-07,2025-03-17,0.019023819058288,2025,2024-12-31,learned_vol_interaction,20260910,0.6257731101792092,0.6257731101792092,1,1
annual_net_quarter_head,3428,2025-03-14,2025-03-24,-0.0259983485216283,2025,2024-12-31,learned_vol_interaction,20260910,0.44102075881393793,0.44102075881393793,0,0
annual_net_quarter_head,3433,2025-03-21,2025-03-31,-0.0025867506275359,2025,2024-12-31,learned_vol_interaction,20260910,0.5122265111637169,0.5122265111637169,1,0
annual_net_quarter_head,3438,2025-03-28,2025-04-14,-0.0342910101946246,2025,2024-12-31,learned_vol_interaction,20260910,0.7509067743034049,0.7509067743034049,1,0
annual_net_quarter_head,3384,2025-01-03,2025-01-13,-0.0189486730632231,2025,2024-12-31,learned_order_extension,20260910,0.36600157937330885,0.36600157937330885,0,0
annual_net_quarter_head,3389,2025-01-10,2025-01-20,0.0353251773547418,2025,2024-12-31,learned_order_extension,20260910,0.35256611690823136,0.35256611690823136,0,1
annual_net_quarter_head,3394,2025-01-17,2025-01-27,0.000432821422053,2025,2024-12-31,learned_order_extension,20260910,0.48744472138871614,0.48744472138871614,0,1
annual_net_quarter_head,3399,2025-01-24,2025-02-10,0.0159344898044284,2025,2024-12-31,learned_order_extension,20260910,0.4710830358173244,0.4710830358173244,0,1
annual_net_quarter_head,3403,2025-02-07,2025-02-17,0.0144454990892999,2025,2024-12-31,learned_order_extension,20260910,0.5229042647242248,0.5229042647242248,1,1
annual_net_quarter_head,3408,2025-02-14,2025-02-24,0.0045695818086644,2025,2024-12-31,learned_order_extension,20260910,0.5778482952092869,0.5778482952092869,1,1
annual_net_quarter_head,3413,2025-02-21,2025-03-03,-0.0183210488158531,2025,2024-12-31,learned_order_extension,20260910,0.6398652110146743,0.6398652110146743,1,0
annual_net_quarter_head,3418,2025-02-28,2025-03-10,0.0117650075646844,2025,2024-12-31,learned_order_extension,20260910,0.5091435465758709,0.5091435465758709,1,1
annual_net_quarter_head,3423,2025-03-07,2025-03-17,0.019023819058288,2025,2024-12-31,learned_order_extension,20260910,0.6768915881499589,0.6768915881499589,1,1
annual_net_quarter_head,3428,2025-03-14,2025-03-24,-0.0259983485216283,2025,2024-12-31,learned_order_extension,20260910,0.45607712059245215,0.45607712059245215,0,0
annual_net_quarter_head,3433,2025-03-21,2025-03-31,-0.0025867506275359,2025,2024-12-31,learned_order_extension,20260910,0.5368074346463041,0.5368074346463041,1,0
annual_net_quarter_head,3438,2025-03-28,2025-04-14,-0.0342910101946246,2025,2024-12-31,learned_order_extension,20260910,0.8368647681799748,0.8368647681799748,1,0
annual_net_quarter_head,3384,2025-01-03,2025-01-13,-0.0189486730632231,2025,2024-12-31,learned_order_offset,20260910,0.36669421956338505,0.36669421956338505,0,0
annual_net_quarter_head,3389,2025-01-10,2025-01-20,0.0353251773547418,2025,2024-12-31,learned_order_offset,20260910,0.35282059228350937,0.35282059228350937,0,1
annual_net_quarter_head,3394,2025-01-17,2025-01-27,0.000432821422053,2025,2024-12-31,learned_order_offset,20260910,0.48807314138283653,0.48807314138283653,0,1
annual_net_quarter_head,3399,2025-01-24,2025-02-10,0.0159344898044284,2025,2024-12-31,learned_order_offset,20260910,0.4717801139449288,0.4717801139449288,0,1
annual_net_quarter_head,3403,2025-02-07,2025-02-17,0.0144454990892999,2025,2024-12-31,learned_order_offset,20260910,0.524022842955718,0.524022842955718,1,1
annual_net_quarter_head,3408,2025-02-14,2025-02-24,0.0045695818086644,2025,2024-12-31,learned_order_offset,20260910,0.5772818750748553,0.5772818750748553,1,1
annual_net_quarter_head,3413,2025-02-21,2025-03-03,-0.0183210488158531,2025,2024-12-31,learned_order_offset,20260910,0.6395827908381064,0.6395827908381064,1,0
annual_net_quarter_head,3418,2025-02-28,2025-03-10,0.0117650075646844,2025,2024-12-31,learned_order_offset,20260910,0.5071295431195366,0.5071295431195366,1,1
annual_net_quarter_head,3423,2025-03-07,2025-03-17,0.019023819058288,2025,2024-12-31,learned_order_offset,20260910,0.6756470892929178,0.6756470892929178,1,1
annual_net_quarter_head,3428,2025-03-14,2025-03-24,-0.0259983485216283,2025,2024-12-31,learned_order_offset,20260910,0.455714753994421,0.455714753994421,0,0
annual_net_quarter_head,3433,2025-03-21,2025-03-31,-0.0025867506275359,2025,2024-12-31,learned_order_offset,20260910,0.5359223493617127,0.5359223493617127,1,0
annual_net_quarter_head,3438,2025-03-28,2025-04-14,-0.0342910101946246,2025,2024-12-31,learned_order_offset,20260910,0.834993269183481,0.834993269183481,1,0
annual_net_quarter_head,3384,2025-01-03,2025-01-13,-0.0189486730632231,2025,2024-12-31,learned_market,20260911,0.42821132783780086,0.42821132783780086,0,0
annual_net_quarter_head,3389,2025-01-10,2025-01-20,0.0353251773547418,2025,2024-12-31,learned_market,20260911,0.3899957296673264,0.3899957296673264,0,1
annual_net_quarter_head,3394,2025-01-17,2025-01-27,0.000432821422053,2025,2024-12-31,learned_market,20260911,0.5369659260153571,0.5369659260153571,1,1
annual_net_quarter_head,3399,2025-01-24,2025-02-10,0.0159344898044284,2025,2024-12-31,learned_market,20260911,0.579417237715051,0.579417237715051,1,1
annual_net_quarter_head,3403,2025-02-07,2025-02-17,0.0144454990892999,2025,2024-12-31,learned_market,20260911,0.6179638900480853,0.6179638900480853,1,1
annual_net_quarter_head,3408,2025-02-14,2025-02-24,0.0045695818086644,2025,2024-12-31,learned_market,20260911,0.616114705527485,0.616114705527485,1,1
annual_net_quarter_head,3413,2025-02-21,2025-03-03,-0.0183210488158531,2025,2024-12-31,learned_market,20260911,0.562117179520429,0.562117179520429,1,0
annual_net_quarter_head,3418,2025-02-28,2025-03-10,0.0117650075646844,2025,2024-12-31,learned_market,20260911,0.5285781284571346,0.5285781284571346,1,1
annual_net_quarter_head,3423,2025-03-07,2025-03-17,0.019023819058288,2025,2024-12-31,learned_market,20260911,0.4669000809915797,0.4669000809915797,0,1
annual_net_quarter_head,3428,2025-03-14,2025-03-24,-0.0259983485216283,2025,2024-12-31,learned_market,20260911,0.5699083421091582,0.5699083421091582,1,0
annual_net_quarter_head,3433,2025-03-21,2025-03-31,-0.0025867506275359,2025,2024-12-31,learned_market,20260911,0.41241409635776066,0.41241409635776066,0,0
annual_net_quarter_head,3438,2025-03-28,2025-04-14,-0.0342910101946246,2025,2024-12-31,learned_market,20260911,0.48277123146752016,0.48277123146752016,0,0
annual_net_quarter_head,3384,2025-01-03,2025-01-13,-0.0189486730632231,2025,2024-12-31,learned_vol_interaction,20260911,0.4305231359543153,0.4305231359543153,0,0
annual_net_quarter_head,3389,2025-01-10,2025-01-20,0.0353251773547418,2025,2024-12-31,learned_vol_interaction,20260911,0.38884089510088987,0.38884089510088987,0,1
annual_net_quarter_head,3394,2025-01-17,2025-01-27,0.000432821422053,2025,2024-12-31,learned_vol_interaction,20260911,0.5344292773183893,0.5344292773183893,1,1
annual_net_quarter_head,3399,2025-01-24,2025-02-10,0.0159344898044284,2025,2024-12-31,learned_vol_interaction,20260911,0.5733087009015438,0.5733087009015438,1,1
annual_net_quarter_head,3403,2025-02-07,2025-02-17,0.0144454990892999,2025,2024-12-31,learned_vol_interaction,20260911,0.6229730094392066,0.6229730094392066,1,1
annual_net_quarter_head,3408,2025-02-14,2025-02-24,0.0045695818086644,2025,2024-12-31,learned_vol_interaction,20260911,0.6249392220388966,0.6249392220388966,1,1
annual_net_quarter_head,3413,2025-02-21,2025-03-03,-0.0183210488158531,2025,2024-12-31,learned_vol_interaction,20260911,0.5770853748295083,0.5770853748295083,1,0
annual_net_quarter_head,3418,2025-02-28,2025-03-10,0.0117650075646844,2025,2024-12-31,learned_vol_interaction,20260911,0.5320196258694382,0.5320196258694382,1,1
annual_net_quarter_head,3423,2025-03-07,2025-03-17,0.019023819058288,2025,2024-12-31,learned_vol_interaction,20260911,0.4709950343968562,0.4709950343968562,0,1
annual_net_quarter_head,3428,2025-03-14,2025-03-24,-0.0259983485216283,2025,2024-12-31,learned_vol_interaction,20260911,0.5689479286300063,0.5689479286300063,1,0
annual_net_quarter_head,3433,2025-03-21,2025-03-31,-0.0025867506275359,2025,2024-12-31,learned_vol_interaction,20260911,0.4073280883173269,0.4073280883173269,0,0
annual_net_quarter_head,3438,2025-03-28,2025-04-14,-0.0342910101946246,2025,2024-12-31,learned_vol_interaction,20260911,0.4833458290624725,0.4833458290624725,0,0
annual_net_quarter_head,3384,2025-01-03,2025-01-13,-0.0189486730632231,2025,2024-12-31,learned_order_extension,20260911,0.43065388292304235,0.43065388292304235,0,0
annual_net_quarter_head,3389,2025-01-10,2025-01-20,0.0353251773547418,2025,2024-12-31,learned_order_extension,20260911,0.3891931634884253,0.3891931634884253,0,1
annual_net_quarter_head,3394,2025-01-17,2025-01-27,0.000432821422053,2025,2024-12-31,learned_order_extension,20260911,0.5293310636016386,0.5293310636016386,1,1
annual_net_quarter_head,3399,2025-01-24,2025-02-10,0.0159344898044284,2025,2024-12-31,learned_order_extension,20260911,0.5678795814188538,0.5678795814188538,1,1
annual_net_quarter_head,3403,2025-02-07,2025-02-17,0.0144454990892999,2025,2024-12-31,learned_order_extension,20260911,0.6181569415812861,0.6181569415812861,1,1
annual_net_quarter_head,3408,2025-02-14,2025-02-24,0.0045695818086644,2025,2024-12-31,learned_order_extension,20260911,0.623244763024503,0.623244763024503,1,1
annual_net_quarter_head,3413,2025-02-21,2025-03-03,-0.0183210488158531,2025,2024-12-31,learned_order_extension,20260911,0.5698307059548449,0.5698307059548449,1,0
annual_net_quarter_head,3418,2025-02-28,2025-03-10,0.0117650075646844,2025,2024-12-31,learned_order_extension,20260911,0.5277004284689892,0.5277004284689892,1,1
annual_net_quarter_head,3423,2025-03-07,2025-03-17,0.019023819058288,2025,2024-12-31,learned_order_extension,20260911,0.4694347191401159,0.4694347191401159,0,1
annual_net_quarter_head,3428,2025-03-14,2025-03-24,-0.0259983485216283,2025,2024-12-31,learned_order_extension,20260911,0.5654667556034778,0.5654667556034778,1,0
annual_net_quarter_head,3433,2025-03-21,2025-03-31,-0.0025867506275359,2025,2024-12-31,learned_order_extension,20260911,0.40561065982780425,0.40561065982780425,0,0
annual_net_quarter_head,3438,2025-03-28,2025-04-14,-0.0342910101946246,2025,2024-12-31,learned_order_extension,20260911,0.47795042275731253,0.47795042275731253,0,0
annual_net_quarter_head,3384,2025-01-03,2025-01-13,-0.0189486730632231,2025,2024-12-31,learned_order_offset,20260911,0.430743812553328,0.430743812553328,0,0
annual_net_quarter_head,3389,2025-01-10,2025-01-20,0.0353251773547418,2025,2024-12-31,learned_order_offset,20260911,0.3892930545383684,0.3892930545383684,0,1
annual_net_quarter_head,3394,2025-01-17,2025-01-27,0.000432821422053,2025,2024-12-31,learned_order_offset,20260911,0.52934454260111,0.52934454260111,1,1
annual_net_quarter_head,3399,2025-01-24,2025-02-10,0.0159344898044284,2025,2024-12-31,learned_order_offset,20260911,0.5679288793949586,0.5679288793949586,1,1
annual_net_quarter_head,3403,2025-02-07,2025-02-17,0.0144454990892999,2025,2024-12-31,learned_order_offset,20260911,0.6181544426401614,0.6181544426401614,1,1
annual_net_quarter_head,3408,2025-02-14,2025-02-24,0.0045695818086644,2025,2024-12-31,learned_order_offset,20260911,0.6233447631977894,0.6233447631977894,1,1
annual_net_quarter_head,3413,2025-02-21,2025-03-03,-0.0183210488158531,2025,2024-12-31,learned_order_offset,20260911,0.5699444546955538,0.5699444546955538,1,0
annual_net_quarter_head,3418,2025-02-28,2025-03-10,0.0117650075646844,2025,2024-12-31,learned_order_offset,20260911,0.5277660121776485,0.5277660121776485,1,1
annual_net_quarter_head,3423,2025-03-07,2025-03-17,0.019023819058288,2025,2024-12-31,learned_order_offset,20260911,0.46953630716328854,0.46953630716328854,0,1
annual_net_quarter_head,3428,2025-03-14,2025-03-24,-0.0259983485216283,2025,2024-12-31,learned_order_offset,20260911,0.5655482902240324,0.5655482902240324,1,0
annual_net_quarter_head,3433,2025-03-21,2025-03-31,-0.0025867506275359,2025,2024-12-31,learned_order_offset,20260911,0.4056793971990091,0.4056793971990091,0,0
annual_net_quarter_head,3438,2025-03-28,2025-04-14,-0.0342910101946246,2025,2024-12-31,learned_order_offset,20260911,0.4779797038173516,0.4779797038173516,0,0
annual_net_quarter_head,3384,2025-01-03,2025-01-13,-0.0189486730632231,2025,2024-12-31,learned_market,20260912,0.42089025641362,0.42089025641362,0,0
annual_net_quarter_head,3389,2025-01-10,2025-01-20,0.0353251773547418,2025,2024-12-31,learned_market,20260912,0.6539720773420672,0.6539720773420672,1,1
annual_net_quarter_head,3394,2025-01-17,2025-01-27,0.000432821422053,2025,2024-12-31,learned_market,20260912,0.5597316894392553,0.5597316894392553,1,1
annual_net_quarter_head,3399,2025-01-24,2025-02-10,0.0159344898044284,2025,2024-12-31,learned_market,20260912,0.7143346906245566,0.7143346906245566,1,1
annual_net_quarter_head,3403,2025-02-07,2025-02-17,0.0144454990892999,2025,2024-12-31,learned_market,20260912,0.6628191037923492,0.6628191037923492,1,1
annual_net_quarter_head,3408,2025-02-14,2025-02-24,0.0045695818086644,2025,2024-12-31,learned_market,20260912,0.6357468977060057,0.6357468977060057,1,1
annual_net_quarter_head,3413,2025-02-21,2025-03-03,-0.0183210488158531,2025,2024-12-31,learned_market,20260912,0.3807729420629625,0.3807729420629625,0,0
annual_net_quarter_head,3418,2025-02-28,2025-03-10,0.0117650075646844,2025,2024-12-31,learned_market,20260912,0.5714127704615375,0.5714127704615375,1,1
annual_net_quarter_head,3423,2025-03-07,2025-03-17,0.019023819058288,2025,2024-12-31,learned_market,20260912,0.2731298059228326,0.2731298059228326,0,1
annual_net_quarter_head,3428,2025-03-14,2025-03-24,-0.0259983485216283,2025,2024-12-31,learned_market,20260912,0.696672234818679,0.696672234818679,1,0
annual_net_quarter_head,3433,2025-03-21,2025-03-31,-0.0025867506275359,2025,2024-12-31,learned_market,20260912,0.5676267142547179,0.5676267142547179,1,0
annual_net_quarter_head,3438,2025-03-28,2025-04-14,-0.0342910101946246,2025,2024-12-31,learned_market,20260912,0.560911448173473,0.560911448173473,1,0
annual_net_quarter_head,3384,2025-01-03,2025-01-13,-0.0189486730632231,2025,2024-12-31,learned_vol_interaction,20260912,0.4216991098514313,0.4216991098514313,0,0
annual_net_quarter_head,3389,2025-01-10,2025-01-20,0.0353251773547418,2025,2024-12-31,learned_vol_interaction,20260912,0.6572683815072808,0.6572683815072808,1,1
annual_net_quarter_head,3394,2025-01-17,2025-01-27,0.000432821422053,2025,2024-12-31,learned_vol_interaction,20260912,0.5624117839252505,0.5624117839252505,1,1
annual_net_quarter_head,3399,2025-01-24,2025-02-10,0.0159344898044284,2025,2024-12-31,learned_vol_interaction,20260912,0.7143566519320824,0.7143566519320824,1,1
annual_net_quarter_head,3403,2025-02-07,2025-02-17,0.0144454990892999,2025,2024-12-31,learned_vol_interaction,20260912,0.6656753647706254,0.6656753647706254,1,1
annual_net_quarter_head,3408,2025-02-14,2025-02-24,0.0045695818086644,2025,2024-12-31,learned_vol_interaction,20260912,0.6366748986711647,0.6366748986711647,1,1
annual_net_quarter_head,3413,2025-02-21,2025-03-03,-0.0183210488158531,2025,2024-12-31,learned_vol_interaction,20260912,0.3758479309011285,0.3758479309011285,0,0
annual_net_quarter_head,3418,2025-02-28,2025-03-10,0.0117650075646844,2025,2024-12-31,learned_vol_interaction,20260912,0.5709205167438731,0.5709205167438731,1,1
annual_net_quarter_head,3423,2025-03-07,2025-03-17,0.019023819058288,2025,2024-12-31,learned_vol_interaction,20260912,0.2697314685006311,0.2697314685006311,0,1
annual_net_quarter_head,3428,2025-03-14,2025-03-24,-0.0259983485216283,2025,2024-12-31,learned_vol_interaction,20260912,0.6971511109958376,0.6971511109958376,1,0
annual_net_quarter_head,3433,2025-03-21,2025-03-31,-0.0025867506275359,2025,2024-12-31,learned_vol_interaction,20260912,0.5692380331101397,0.5692380331101397,1,0
annual_net_quarter_head,3438,2025-03-28,2025-04-14,-0.0342910101946246,2025,2024-12-31,learned_vol_interaction,20260912,0.5653548865619433,0.5653548865619433,1,0
annual_net_quarter_head,3384,2025-01-03,2025-01-13,-0.0189486730632231,2025,2024-12-31,learned_order_extension,20260912,0.43188465804609494,0.43188465804609494,0,0
annual_net_quarter_head,3389,2025-01-10,2025-01-20,0.0353251773547418,2025,2024-12-31,learned_order_extension,20260912,0.7180313467789317,0.7180313467789317,1,1
annual_net_quarter_head,3394,2025-01-17,2025-01-27,0.000432821422053,2025,2024-12-31,learned_order_extension,20260912,0.6186516338053223,0.6186516338053223,1,1
annual_net_quarter_head,3399,2025-01-24,2025-02-10,0.0159344898044284,2025,2024-12-31,learned_order_extension,20260912,0.7832822932916682,0.7832822932916682,1,1
annual_net_quarter_head,3403,2025-02-07,2025-02-17,0.0144454990892999,2025,2024-12-31,learned_order_extension,20260912,0.7098765758367355,0.7098765758367355,1,1
annual_net_quarter_head,3408,2025-02-14,2025-02-24,0.0045695818086644,2025,2024-12-31,learned_order_extension,20260912,0.6855283540318028,0.6855283540318028,1,1
annual_net_quarter_head,3413,2025-02-21,2025-03-03,-0.0183210488158531,2025,2024-12-31,learned_order_extension,20260912,0.40938066472725215,0.40938066472725215,0,0
annual_net_quarter_head,3418,2025-02-28,2025-03-10,0.0117650075646844,2025,2024-12-31,learned_order_extension,20260912,0.6433684681685069,0.6433684681685069,1,1
annual_net_quarter_head,3423,2025-03-07,2025-03-17,0.019023819058288,2025,2024-12-31,learned_order_extension,20260912,0.25002023502263354,0.25002023502263354,0,1
annual_net_quarter_head,3428,2025-03-14,2025-03-24,-0.0259983485216283,2025,2024-12-31,learned_order_extension,20260912,0.7238176657049011,0.7238176657049011,1,0
annual_net_quarter_head,3433,2025-03-21,2025-03-31,-0.0025867506275359,2025,2024-12-31,learned_order_extension,20260912,0.5988742871040955,0.5988742871040955,1,0
annual_net_quarter_head,3438,2025-03-28,2025-04-14,-0.0342910101946246,2025,2024-12-31,learned_order_extension,20260912,0.6204095542696454,0.6204095542696454,1,0
annual_net_quarter_head,3384,2025-01-03,2025-01-13,-0.0189486730632231,2025,2024-12-31,learned_order_offset,20260912,0.4326309825835323,0.4326309825835323,0,0
annual_net_quarter_head,3389,2025-01-10,2025-01-20,0.0353251773547418,2025,2024-12-31,learned_order_offset,20260912,0.7155096866522207,0.7155096866522207,1,1
annual_net_quarter_head,3394,2025-01-17,2025-01-27,0.000432821422053,2025,2024-12-31,learned_order_offset,20260912,0.6172483281551261,0.6172483281551261,1,1
annual_net_quarter_head,3399,2025-01-24,2025-02-10,0.0159344898044284,2025,2024-12-31,learned_order_offset,20260912,0.7808632543831274,0.7808632543831274,1,1
annual_net_quarter_head,3403,2025-02-07,2025-02-17,0.0144454990892999,2025,2024-12-31,learned_order_offset,20260912,0.7081726942730068,0.7081726942730068,1,1
annual_net_quarter_head,3408,2025-02-14,2025-02-24,0.0045695818086644,2025,2024-12-31,learned_order_offset,20260912,0.6832841057647039,0.6832841057647039,1,1
annual_net_quarter_head,3413,2025-02-21,2025-03-03,-0.0183210488158531,2025,2024-12-31,learned_order_offset,20260912,0.4117646835265383,0.4117646835265383,0,0
annual_net_quarter_head,3418,2025-02-28,2025-03-10,0.0117650075646844,2025,2024-12-31,learned_order_offset,20260912,0.6412881777301309,0.6412881777301309,1,1
annual_net_quarter_head,3423,2025-03-07,2025-03-17,0.019023819058288,2025,2024-12-31,learned_order_offset,20260912,0.25180315037211576,0.25180315037211576,0,1
annual_net_quarter_head,3428,2025-03-14,2025-03-24,-0.0259983485216283,2025,2024-12-31,learned_order_offset,20260912,0.7172777696525664,0.7172777696525664,1,0
annual_net_quarter_head,3433,2025-03-21,2025-03-31,-0.0025867506275359,2025,2024-12-31,learned_order_offset,20260912,0.5938462138293957,0.5938462138293957,1,0
annual_net_quarter_head,3438,2025-03-28,2025-04-14,-0.0342910101946246,2025,2024-12-31,learned_order_offset,20260912,0.6157709090258536,0.6157709090258536,1,0
annual_net_quarter_head,3447,2025-04-11,2025-04-21,-0.0010339232881941,2025,2025-03-31,learned_market,20260910,0.4902423092871372,0.4902423092871372,0,0
annual_net_quarter_head,3452,2025-04-18,2025-04-28,0.0048432383085554,2025,2025-03-31,learned_market,20260910,0.757605817986606,0.757605817986606,1,1
annual_net_quarter_head,3457,2025-04-25,2025-05-12,0.02116527880118,2025,2025-03-31,learned_market,20260910,0.40413368887893836,0.40413368887893836,0,1
annual_net_quarter_head,3464,2025-05-09,2025-05-19,0.0041484224873464,2025,2025-03-31,learned_market,20260910,0.41688672805760285,0.41688672805760285,0,1
annual_net_quarter_head,3469,2025-05-16,2025-05-26,-0.0017462660042188,2025,2025-03-31,learned_market,20260910,0.34677245720609795,0.34677245720609795,0,0
annual_net_quarter_head,3474,2025-05-23,2025-06-03,-0.0109216443615366,2025,2025-03-31,learned_market,20260910,0.422593162622506,0.422593162622506,0,0
annual_net_quarter_head,3479,2025-05-30,2025-06-09,0.011566574321892,2025,2025-03-31,learned_market,20260910,0.3511099480670461,0.3511099480670461,0,1
annual_net_quarter_head,3483,2025-06-06,2025-06-16,-0.0062354943524679,2025,2025-03-31,learned_market,20260910,0.42012575067610397,0.42012575067610397,0,0
annual_net_quarter_head,3488,2025-06-13,2025-06-23,-0.005825691168304,2025,2025-03-31,learned_market,20260910,0.4532528951939771,0.4532528951939771,0,0
annual_net_quarter_head,3493,2025-06-20,2025-06-30,0.0232670437490374,2025,2025-03-31,learned_market,20260910,0.41394488372517235,0.41394488372517235,0,1
annual_net_quarter_head,3498,2025-06-27,2025-07-07,0.0145345648685946,2025,2025-03-31,learned_market,20260910,0.4060952876231949,0.4060952876231949,0,1
annual_net_quarter_head,3447,2025-04-11,2025-04-21,-0.0010339232881941,2025,2025-03-31,learned_vol_interaction,20260910,0.500860463103613,0.500860463103613,1,0
annual_net_quarter_head,3452,2025-04-18,2025-04-28,0.0048432383085554,2025,2025-03-31,learned_vol_interaction,20260910,0.6169236876750522,0.6169236876750522,1,1
annual_net_quarter_head,3457,2025-04-25,2025-05-12,0.02116527880118,2025,2025-03-31,learned_vol_interaction,20260910,0.45232987307491535,0.45232987307491535,0,1
annual_net_quarter_head,3464,2025-05-09,2025-05-19,0.0041484224873464,2025,2025-03-31,learned_vol_interaction,20260910,0.3952031334205969,0.3952031334205969,0,1
annual_net_quarter_head,3469,2025-05-16,2025-05-26,-0.0017462660042188,2025,2025-03-31,learned_vol_interaction,20260910,0.32218578405892845,0.32218578405892845,0,0
annual_net_quarter_head,3474,2025-05-23,2025-06-03,-0.0109216443615366,2025,2025-03-31,learned_vol_interaction,20260910,0.41868567899383713,0.41868567899383713,0,0
annual_net_quarter_head,3479,2025-05-30,2025-06-09,0.011566574321892,2025,2025-03-31,learned_vol_interaction,20260910,0.3397097815753859,0.3397097815753859,0,1
annual_net_quarter_head,3483,2025-06-06,2025-06-16,-0.0062354943524679,2025,2025-03-31,learned_vol_interaction,20260910,0.4127770168621351,0.4127770168621351,0,0
annual_net_quarter_head,3488,2025-06-13,2025-06-23,-0.005825691168304,2025,2025-03-31,learned_vol_interaction,20260910,0.4599079967327425,0.4599079967327425,0,0
annual_net_quarter_head,3493,2025-06-20,2025-06-30,0.0232670437490374,2025,2025-03-31,learned_vol_interaction,20260910,0.4116670378308424,0.4116670378308424,0,1
annual_net_quarter_head,3498,2025-06-27,2025-07-07,0.0145345648685946,2025,2025-03-31,learned_vol_interaction,20260910,0.4223062480998907,0.4223062480998907,0,1
annual_net_quarter_head,3447,2025-04-11,2025-04-21,-0.0010339232881941,2025,2025-03-31,learned_order_extension,20260910,0.4976675850850418,0.4976675850850418,0,0
annual_net_quarter_head,3452,2025-04-18,2025-04-28,0.0048432383085554,2025,2025-03-31,learned_order_extension,20260910,0.6918564119666843,0.6918564119666843,1,1
annual_net_quarter_head,3457,2025-04-25,2025-05-12,0.02116527880118,2025,2025-03-31,learned_order_extension,20260910,0.44868881369879804,0.44868881369879804,0,1
annual_net_quarter_head,3464,2025-05-09,2025-05-19,0.0041484224873464,2025,2025-03-31,learned_order_extension,20260910,0.38510266173860447,0.38510266173860447,0,1
annual_net_quarter_head,3469,2025-05-16,2025-05-26,-0.0017462660042188,2025,2025-03-31,learned_order_extension,20260910,0.32030683345576794,0.32030683345576794,0,0
annual_net_quarter_head,3474,2025-05-23,2025-06-03,-0.0109216443615366,2025,2025-03-31,learned_order_extension,20260910,0.4275578847543829,0.4275578847543829,0,0
annual_net_quarter_head,3479,2025-05-30,2025-06-09,0.011566574321892,2025,2025-03-31,learned_order_extension,20260910,0.36283528631865536,0.36283528631865536,0,1
annual_net_quarter_head,3483,2025-06-06,2025-06-16,-0.0062354943524679,2025,2025-03-31,learned_order_extension,20260910,0.4273282280473099,0.4273282280473099,0,0
annual_net_quarter_head,3488,2025-06-13,2025-06-23,-0.005825691168304,2025,2025-03-31,learned_order_extension,20260910,0.45948024076911204,0.45948024076911204,0,0
annual_net_quarter_head,3493,2025-06-20,2025-06-30,0.0232670437490374,2025,2025-03-31,learned_order_extension,20260910,0.4182737501162872,0.4182737501162872,0,1
annual_net_quarter_head,3498,2025-06-27,2025-07-07,0.0145345648685946,2025,2025-03-31,learned_order_extension,20260910,0.43419829009630345,0.43419829009630345,0,1
annual_net_quarter_head,3447,2025-04-11,2025-04-21,-0.0010339232881941,2025,2025-03-31,learned_order_offset,20260910,0.49515273539054805,0.49515273539054805,0,0
annual_net_quarter_head,3452,2025-04-18,2025-04-28,0.0048432383085554,2025,2025-03-31,learned_order_offset,20260910,0.6913762731737471,0.6913762731737471,1,1
annual_net_quarter_head,3457,2025-04-25,2025-05-12,0.02116527880118,2025,2025-03-31,learned_order_offset,20260910,0.4490275788590922,0.4490275788590922,0,1
annual_net_quarter_head,3464,2025-05-09,2025-05-19,0.0041484224873464,2025,2025-03-31,learned_order_offset,20260910,0.3856145306779247,0.3856145306779247,0,1
annual_net_quarter_head,3469,2025-05-16,2025-05-26,-0.0017462660042188,2025,2025-03-31,learned_order_offset,20260910,0.32041636012484304,0.32041636012484304,0,0
annual_net_quarter_head,3474,2025-05-23,2025-06-03,-0.0109216443615366,2025,2025-03-31,learned_order_offset,20260910,0.4284099764027392,0.4284099764027392,0,0
annual_net_quarter_head,3479,2025-05-30,2025-06-09,0.011566574321892,2025,2025-03-31,learned_order_offset,20260910,0.3637896323405116,0.3637896323405116,0,1
annual_net_quarter_head,3483,2025-06-06,2025-06-16,-0.0062354943524679,2025,2025-03-31,learned_order_offset,20260910,0.42815548292818356,0.42815548292818356,0,0
annual_net_quarter_head,3488,2025-06-13,2025-06-23,-0.005825691168304,2025,2025-03-31,learned_order_offset,20260910,0.45912023268033786,0.45912023268033786,0,0
annual_net_quarter_head,3493,2025-06-20,2025-06-30,0.0232670437490374,2025,2025-03-31,learned_order_offset,20260910,0.4184832302944673,0.4184832302944673,0,1
annual_net_quarter_head,3498,2025-06-27,2025-07-07,0.0145345648685946,2025,2025-03-31,learned_order_offset,20260910,0.4334915973034641,0.4334915973034641,0,1
annual_net_quarter_head,3447,2025-04-11,2025-04-21,-0.0010339232881941,2025,2025-03-31,learned_market,20260911,0.49811489071045684,0.49811489071045684,0,0
annual_net_quarter_head,3452,2025-04-18,2025-04-28,0.0048432383085554,2025,2025-03-31,learned_market,20260911,0.49604269195241063,0.49604269195241063,0,1
annual_net_quarter_head,3457,2025-04-25,2025-05-12,0.02116527880118,2025,2025-03-31,learned_market,20260911,0.36300142744956376,0.36300142744956376,0,1
annual_net_quarter_head,3464,2025-05-09,2025-05-19,0.0041484224873464,2025,2025-03-31,learned_market,20260911,0.393970609051988,0.393970609051988,0,1
annual_net_quarter_head,3469,2025-05-16,2025-05-26,-0.0017462660042188,2025,2025-03-31,learned_market,20260911,0.18537469096205858,0.18537469096205858,0,0
annual_net_quarter_head,3474,2025-05-23,2025-06-03,-0.0109216443615366,2025,2025-03-31,learned_market,20260911,0.35292458717974834,0.35292458717974834,0,0
annual_net_quarter_head,3479,2025-05-30,2025-06-09,0.011566574321892,2025,2025-03-31,learned_market,20260911,0.27307106632066314,0.27307106632066314,0,1
annual_net_quarter_head,3483,2025-06-06,2025-06-16,-0.0062354943524679,2025,2025-03-31,learned_market,20260911,0.5351184221365841,0.5351184221365841,1,0
annual_net_quarter_head,3488,2025-06-13,2025-06-23,-0.005825691168304,2025,2025-03-31,learned_market,20260911,0.4446396731296952,0.4446396731296952,0,0
annual_net_quarter_head,3493,2025-06-20,2025-06-30,0.0232670437490374,2025,2025-03-31,learned_market,20260911,0.4981948456275197,0.4981948456275197,0,1
annual_net_quarter_head,3498,2025-06-27,2025-07-07,0.0145345648685946,2025,2025-03-31,learned_market,20260911,0.5460595926033533,0.5460595926033533,1,1
annual_net_quarter_head,3447,2025-04-11,2025-04-21,-0.0010339232881941,2025,2025-03-31,learned_vol_interaction,20260911,0.46909502023621774,0.46909502023621774,0,0
annual_net_quarter_head,3452,2025-04-18,2025-04-28,0.0048432383085554,2025,2025-03-31,learned_vol_interaction,20260911,0.47218462921763404,0.47218462921763404,0,1
annual_net_quarter_head,3457,2025-04-25,2025-05-12,0.02116527880118,2025,2025-03-31,learned_vol_interaction,20260911,0.35972156041101566,0.35972156041101566,0,1
annual_net_quarter_head,3464,2025-05-09,2025-05-19,0.0041484224873464,2025,2025-03-31,learned_vol_interaction,20260911,0.3971822062974786,0.3971822062974786,0,1
annual_net_quarter_head,3469,2025-05-16,2025-05-26,-0.0017462660042188,2025,2025-03-31,learned_vol_interaction,20260911,0.17022097891571691,0.17022097891571691,0,0
annual_net_quarter_head,3474,2025-05-23,2025-06-03,-0.0109216443615366,2025,2025-03-31,learned_vol_interaction,20260911,0.35783828214145974,0.35783828214145974,0,0
annual_net_quarter_head,3479,2025-05-30,2025-06-09,0.011566574321892,2025,2025-03-31,learned_vol_interaction,20260911,0.266217576381344,0.266217576381344,0,1
annual_net_quarter_head,3483,2025-06-06,2025-06-16,-0.0062354943524679,2025,2025-03-31,learned_vol_interaction,20260911,0.551158570814888,0.551158570814888,1,0
annual_net_quarter_head,3488,2025-06-13,2025-06-23,-0.005825691168304,2025,2025-03-31,learned_vol_interaction,20260911,0.4564637877830465,0.4564637877830465,0,0
annual_net_quarter_head,3493,2025-06-20,2025-06-30,0.0232670437490374,2025,2025-03-31,learned_vol_interaction,20260911,0.5153580846998422,0.5153580846998422,1,1
annual_net_quarter_head,3498,2025-06-27,2025-07-07,0.0145345648685946,2025,2025-03-31,learned_vol_interaction,20260911,0.5606653671542594,0.5606653671542594,1,1
annual_net_quarter_head,3447,2025-04-11,2025-04-21,-0.0010339232881941,2025,2025-03-31,learned_order_extension,20260911,0.4690902619685121,0.4690902619685121,0,0
annual_net_quarter_head,3452,2025-04-18,2025-04-28,0.0048432383085554,2025,2025-03-31,learned_order_extension,20260911,0.4770368044124387,0.4770368044124387,0,1
annual_net_quarter_head,3457,2025-04-25,2025-05-12,0.02116527880118,2025,2025-03-31,learned_order_extension,20260911,0.366898658539142,0.366898658539142,0,1
annual_net_quarter_head,3464,2025-05-09,2025-05-19,0.0041484224873464,2025,2025-03-31,learned_order_extension,20260911,0.39718358178358953,0.39718358178358953,0,1
annual_net_quarter_head,3469,2025-05-16,2025-05-26,-0.0017462660042188,2025,2025-03-31,learned_order_extension,20260911,0.17228593377150003,0.17228593377150003,0,0
annual_net_quarter_head,3474,2025-05-23,2025-06-03,-0.0109216443615366,2025,2025-03-31,learned_order_extension,20260911,0.35136212166486724,0.35136212166486724,0,0
annual_net_quarter_head,3479,2025-05-30,2025-06-09,0.011566574321892,2025,2025-03-31,learned_order_extension,20260911,0.2623878438286129,0.2623878438286129,0,1
annual_net_quarter_head,3483,2025-06-06,2025-06-16,-0.0062354943524679,2025,2025-03-31,learned_order_extension,20260911,0.5521860375825676,0.5521860375825676,1,0
annual_net_quarter_head,3488,2025-06-13,2025-06-23,-0.005825691168304,2025,2025-03-31,learned_order_extension,20260911,0.45094920373281994,0.45094920373281994,0,0
annual_net_quarter_head,3493,2025-06-20,2025-06-30,0.0232670437490374,2025,2025-03-31,learned_order_extension,20260911,0.5133830832061478,0.5133830832061478,1,1
annual_net_quarter_head,3498,2025-06-27,2025-07-07,0.0145345648685946,2025,2025-03-31,learned_order_extension,20260911,0.5634961728731833,0.5634961728731833,1,1
annual_net_quarter_head,3447,2025-04-11,2025-04-21,-0.0010339232881941,2025,2025-03-31,learned_order_offset,20260911,0.4691542215853395,0.4691542215853395,0,0
annual_net_quarter_head,3452,2025-04-18,2025-04-28,0.0048432383085554,2025,2025-03-31,learned_order_offset,20260911,0.47720089040814195,0.47720089040814195,0,1
annual_net_quarter_head,3457,2025-04-25,2025-05-12,0.02116527880118,2025,2025-03-31,learned_order_offset,20260911,0.36707441606910474,0.36707441606910474,0,1
annual_net_quarter_head,3464,2025-05-09,2025-05-19,0.0041484224873464,2025,2025-03-31,learned_order_offset,20260911,0.39726818878562,0.39726818878562,0,1
annual_net_quarter_head,3469,2025-05-16,2025-05-26,-0.0017462660042188,2025,2025-03-31,learned_order_offset,20260911,0.17248711397909486,0.17248711397909486,0,0
annual_net_quarter_head,3474,2025-05-23,2025-06-03,-0.0109216443615366,2025,2025-03-31,learned_order_offset,20260911,0.3514783918185069,0.3514783918185069,0,0
annual_net_quarter_head,3479,2025-05-30,2025-06-09,0.011566574321892,2025,2025-03-31,learned_order_offset,20260911,0.2624659318803878,0.2624659318803878,0,1
annual_net_quarter_head,3483,2025-06-06,2025-06-16,-0.0062354943524679,2025,2025-03-31,learned_order_offset,20260911,0.5519606483836312,0.5519606483836312,1,0
annual_net_quarter_head,3488,2025-06-13,2025-06-23,-0.005825691168304,2025,2025-03-31,learned_order_offset,20260911,0.4508726056045335,0.4508726056045335,0,0
annual_net_quarter_head,3493,2025-06-20,2025-06-30,0.0232670437490374,2025,2025-03-31,learned_order_offset,20260911,0.513363473683623,0.513363473683623,1,1
annual_net_quarter_head,3498,2025-06-27,2025-07-07,0.0145345648685946,2025,2025-03-31,learned_order_offset,20260911,0.5633964575849915,0.5633964575849915,1,1
annual_net_quarter_head,3447,2025-04-11,2025-04-21,-0.0010339232881941,2025,2025-03-31,learned_market,20260912,0.4501346656144569,0.4501346656144569,0,0
annual_net_quarter_head,3452,2025-04-18,2025-04-28,0.0048432383085554,2025,2025-03-31,learned_market,20260912,0.6274264173459023,0.6274264173459023,1,1
annual_net_quarter_head,3457,2025-04-25,2025-05-12,0.02116527880118,2025,2025-03-31,learned_market,20260912,0.44626395337898844,0.44626395337898844,0,1
annual_net_quarter_head,3464,2025-05-09,2025-05-19,0.0041484224873464,2025,2025-03-31,learned_market,20260912,0.2604944768199207,0.2604944768199207,0,1
annual_net_quarter_head,3469,2025-05-16,2025-05-26,-0.0017462660042188,2025,2025-03-31,learned_market,20260912,0.3245842553160709,0.3245842553160709,0,0
annual_net_quarter_head,3474,2025-05-23,2025-06-03,-0.0109216443615366,2025,2025-03-31,learned_market,20260912,0.19636846411163006,0.19636846411163006,0,0
annual_net_quarter_head,3479,2025-05-30,2025-06-09,0.011566574321892,2025,2025-03-31,learned_market,20260912,0.14924254515555221,0.14924254515555221,0,1
annual_net_quarter_head,3483,2025-06-06,2025-06-16,-0.0062354943524679,2025,2025-03-31,learned_market,20260912,0.41255448248464566,0.41255448248464566,0,0
annual_net_quarter_head,3488,2025-06-13,2025-06-23,-0.005825691168304,2025,2025-03-31,learned_market,20260912,0.2923833027604353,0.2923833027604353,0,0
annual_net_quarter_head,3493,2025-06-20,2025-06-30,0.0232670437490374,2025,2025-03-31,learned_market,20260912,0.4163973971640792,0.4163973971640792,0,1
annual_net_quarter_head,3498,2025-06-27,2025-07-07,0.0145345648685946,2025,2025-03-31,learned_market,20260912,0.5170312400742445,0.5170312400742445,1,1
annual_net_quarter_head,3447,2025-04-11,2025-04-21,-0.0010339232881941,2025,2025-03-31,learned_vol_interaction,20260912,0.43877586604349367,0.43877586604349367,0,0
annual_net_quarter_head,3452,2025-04-18,2025-04-28,0.0048432383085554,2025,2025-03-31,learned_vol_interaction,20260912,0.5955300167468511,0.5955300167468511,1,1
annual_net_quarter_head,3457,2025-04-25,2025-05-12,0.02116527880118,2025,2025-03-31,learned_vol_interaction,20260912,0.43986098573170823,0.43986098573170823,0,1
annual_net_quarter_head,3464,2025-05-09,2025-05-19,0.0041484224873464,2025,2025-03-31,learned_vol_interaction,20260912,0.25127089272780573,0.25127089272780573,0,1
annual_net_quarter_head,3469,2025-05-16,2025-05-26,-0.0017462660042188,2025,2025-03-31,learned_vol_interaction,20260912,0.32425587027664426,0.32425587027664426,0,0
annual_net_quarter_head,3474,2025-05-23,2025-06-03,-0.0109216443615366,2025,2025-03-31,learned_vol_interaction,20260912,0.1858404120666824,0.1858404120666824,0,0
annual_net_quarter_head,3479,2025-05-30,2025-06-09,0.011566574321892,2025,2025-03-31,learned_vol_interaction,20260912,0.13849563120154015,0.13849563120154015,0,1
annual_net_quarter_head,3483,2025-06-06,2025-06-16,-0.0062354943524679,2025,2025-03-31,learned_vol_interaction,20260912,0.4154186069777368,0.4154186069777368,0,0
annual_net_quarter_head,3488,2025-06-13,2025-06-23,-0.005825691168304,2025,2025-03-31,learned_vol_interaction,20260912,0.28561154939892663,0.28561154939892663,0,0
annual_net_quarter_head,3493,2025-06-20,2025-06-30,0.0232670437490374,2025,2025-03-31,learned_vol_interaction,20260912,0.42006336733248567,0.42006336733248567,0,1
annual_net_quarter_head,3498,2025-06-27,2025-07-07,0.0145345648685946,2025,2025-03-31,learned_vol_interaction,20260912,0.5182538378306228,0.5182538378306228,1,1
annual_net_quarter_head,3447,2025-04-11,2025-04-21,-0.0010339232881941,2025,2025-03-31,learned_order_extension,20260912,0.4349599538908858,0.4349599538908858,0,0
annual_net_quarter_head,3452,2025-04-18,2025-04-28,0.0048432383085554,2025,2025-03-31,learned_order_extension,20260912,0.6237565731268881,0.6237565731268881,1,1
annual_net_quarter_head,3457,2025-04-25,2025-05-12,0.02116527880118,2025,2025-03-31,learned_order_extension,20260912,0.43838531920229795,0.43838531920229795,0,1
annual_net_quarter_head,3464,2025-05-09,2025-05-19,0.0041484224873464,2025,2025-03-31,learned_order_extension,20260912,0.251898386176345,0.251898386176345,0,1
annual_net_quarter_head,3469,2025-05-16,2025-05-26,-0.0017462660042188,2025,2025-03-31,learned_order_extension,20260912,0.34265761396735583,0.34265761396735583,0,0
annual_net_quarter_head,3474,2025-05-23,2025-06-03,-0.0109216443615366,2025,2025-03-31,learned_order_extension,20260912,0.21499670570165172,0.21499670570165172,0,0
annual_net_quarter_head,3479,2025-05-30,2025-06-09,0.011566574321892,2025,2025-03-31,learned_order_extension,20260912,0.1822780335435978,0.1822780335435978,0,1
annual_net_quarter_head,3483,2025-06-06,2025-06-16,-0.0062354943524679,2025,2025-03-31,learned_order_extension,20260912,0.43673702073314186,0.43673702073314186,0,0
annual_net_quarter_head,3488,2025-06-13,2025-06-23,-0.005825691168304,2025,2025-03-31,learned_order_extension,20260912,0.293837201451534,0.293837201451534,0,0
annual_net_quarter_head,3493,2025-06-20,2025-06-30,0.0232670437490374,2025,2025-03-31,learned_order_extension,20260912,0.4382111837444469,0.4382111837444469,0,1
annual_net_quarter_head,3498,2025-06-27,2025-07-07,0.0145345648685946,2025,2025-03-31,learned_order_extension,20260912,0.5037778243989058,0.5037778243989058,1,1
annual_net_quarter_head,3447,2025-04-11,2025-04-21,-0.0010339232881941,2025,2025-03-31,learned_order_offset,20260912,0.4327795990443265,0.4327795990443265,0,0
annual_net_quarter_head,3452,2025-04-18,2025-04-28,0.0048432383085554,2025,2025-03-31,learned_order_offset,20260912,0.6209177321259007,0.6209177321259007,1,1
annual_net_quarter_head,3457,2025-04-25,2025-05-12,0.02116527880118,2025,2025-03-31,learned_order_offset,20260912,0.44011368972612985,0.44011368972612985,0,1
annual_net_quarter_head,3464,2025-05-09,2025-05-19,0.0041484224873464,2025,2025-03-31,learned_order_offset,20260912,0.25555656851337966,0.25555656851337966,0,1
annual_net_quarter_head,3469,2025-05-16,2025-05-26,-0.0017462660042188,2025,2025-03-31,learned_order_offset,20260912,0.34562557761044255,0.34562557761044255,0,0
annual_net_quarter_head,3474,2025-05-23,2025-06-03,-0.0109216443615366,2025,2025-03-31,learned_order_offset,20260912,0.2184531931061127,0.2184531931061127,0,0
annual_net_quarter_head,3479,2025-05-30,2025-06-09,0.011566574321892,2025,2025-03-31,learned_order_offset,20260912,0.1858647142653464,0.1858647142653464,0,1
annual_net_quarter_head,3483,2025-06-06,2025-06-16,-0.0062354943524679,2025,2025-03-31,learned_order_offset,20260912,0.439102613282783,0.439102613282783,0,0
annual_net_quarter_head,3488,2025-06-13,2025-06-23,-0.005825691168304,2025,2025-03-31,learned_order_offset,20260912,0.2939412845632837,0.2939412845632837,0,0
annual_net_quarter_head,3493,2025-06-20,2025-06-30,0.0232670437490374,2025,2025-03-31,learned_order_offset,20260912,0.43810454124074827,0.43810454124074827,0,1
annual_net_quarter_head,3498,2025-06-27,2025-07-07,0.0145345648685946,2025,2025-03-31,learned_order_offset,20260912,0.5025596249346983,0.5025596249346983,1,1
annual_net_quarter_head,3503,2025-07-04,2025-07-14,0.0110426949002964,2025,2025-06-30,learned_market,20260910,0.6012450337562,0.6012450337562,1,1
annual_net_quarter_head,3508,2025-07-11,2025-07-21,0.0120759671840067,2025,2025-06-30,learned_market,20260910,0.6323788278517832,0.6323788278517832,1,1
annual_net_quarter_head,3513,2025-07-18,2025-07-28,0.0143570766898375,2025,2025-06-30,learned_market,20260910,0.4065366417913202,0.4065366417913202,0,1
annual_net_quarter_head,3518,2025-07-25,2025-08-04,-0.0218642507630443,2025,2025-06-30,learned_market,20260910,0.43938221427654767,0.43938221427654767,0,0
annual_net_quarter_head,3523,2025-08-01,2025-08-11,0.0179175520190988,2025,2025-06-30,learned_market,20260910,0.4612414833226108,0.4612414833226108,0,1
annual_net_quarter_head,3528,2025-08-08,2025-08-18,0.026265786598999,2025,2025-06-30,learned_market,20260910,0.35574155494103915,0.35574155494103915,0,1
annual_net_quarter_head,3533,2025-08-15,2025-08-25,0.0469483790671487,2025,2025-06-30,learned_market,20260910,0.40088041314642786,0.40088041314642786,0,1
annual_net_quarter_head,3538,2025-08-22,2025-09-01,0.0227770368340847,2025,2025-06-30,learned_market,20260910,0.39912764758704805,0.39912764758704805,0,1
annual_net_quarter_head,3543,2025-08-29,2025-09-08,-0.0110053842475337,2025,2025-06-30,learned_market,20260910,0.44319688282201253,0.44319688282201253,0,0
annual_net_quarter_head,3548,2025-09-05,2025-09-15,0.0151594857594405,2025,2025-06-30,learned_market,20260910,0.4349803567266186,0.4349803567266186,0,1
annual_net_quarter_head,3553,2025-09-12,2025-09-22,-0.0050409160971932,2025,2025-06-30,learned_market,20260910,0.4715454396183643,0.4715454396183643,0,0
annual_net_quarter_head,3558,2025-09-19,2025-09-29,0.0095300784790881,2025,2025-06-30,learned_market,20260910,0.48850775671550845,0.48850775671550845,0,1
annual_net_quarter_head,3563,2025-09-26,2025-10-13,-0.0140855274279203,2025,2025-06-30,learned_market,20260910,0.49316058456760425,0.49316058456760425,0,0
annual_net_quarter_head,3503,2025-07-04,2025-07-14,0.0110426949002964,2025,2025-06-30,learned_vol_interaction,20260910,0.6531697138239303,0.6531697138239303,1,1
annual_net_quarter_head,3508,2025-07-11,2025-07-21,0.0120759671840067,2025,2025-06-30,learned_vol_interaction,20260910,0.6918911594827271,0.6918911594827271,1,1
annual_net_quarter_head,3513,2025-07-18,2025-07-28,0.0143570766898375,2025,2025-06-30,learned_vol_interaction,20260910,0.39992060607432883,0.39992060607432883,0,1
annual_net_quarter_head,3518,2025-07-25,2025-08-04,-0.0218642507630443,2025,2025-06-30,learned_vol_interaction,20260910,0.4131042679514558,0.4131042679514558,0,0
annual_net_quarter_head,3523,2025-08-01,2025-08-11,0.0179175520190988,2025,2025-06-30,learned_vol_interaction,20260910,0.4505406081306419,0.4505406081306419,0,1
annual_net_quarter_head,3528,2025-08-08,2025-08-18,0.026265786598999,2025,2025-06-30,learned_vol_interaction,20260910,0.3010791751228848,0.3010791751228848,0,1
annual_net_quarter_head,3533,2025-08-15,2025-08-25,0.0469483790671487,2025,2025-06-30,learned_vol_interaction,20260910,0.35734064985785674,0.35734064985785674,0,1
annual_net_quarter_head,3538,2025-08-22,2025-09-01,0.0227770368340847,2025,2025-06-30,learned_vol_interaction,20260910,0.3722512265731964,0.3722512265731964,0,1
annual_net_quarter_head,3543,2025-08-29,2025-09-08,-0.0110053842475337,2025,2025-06-30,learned_vol_interaction,20260910,0.42966726133356936,0.42966726133356936,0,0
annual_net_quarter_head,3548,2025-09-05,2025-09-15,0.0151594857594405,2025,2025-06-30,learned_vol_interaction,20260910,0.429316800192199,0.429316800192199,0,1
annual_net_quarter_head,3553,2025-09-12,2025-09-22,-0.0050409160971932,2025,2025-06-30,learned_vol_interaction,20260910,0.4663287978475046,0.4663287978475046,0,0
annual_net_quarter_head,3558,2025-09-19,2025-09-29,0.0095300784790881,2025,2025-06-30,learned_vol_interaction,20260910,0.48400367650543724,0.48400367650543724,0,1
annual_net_quarter_head,3563,2025-09-26,2025-10-13,-0.0140855274279203,2025,2025-06-30,learned_vol_interaction,20260910,0.47701367737322237,0.47701367737322237,0,0
annual_net_quarter_head,3503,2025-07-04,2025-07-14,0.0110426949002964,2025,2025-06-30,learned_order_extension,20260910,0.6103301004800762,0.6103301004800762,1,1
annual_net_quarter_head,3508,2025-07-11,2025-07-21,0.0120759671840067,2025,2025-06-30,learned_order_extension,20260910,0.7118801010572835,0.7118801010572835,1,1
annual_net_quarter_head,3513,2025-07-18,2025-07-28,0.0143570766898375,2025,2025-06-30,learned_order_extension,20260910,0.39314171064211045,0.39314171064211045,0,1
annual_net_quarter_head,3518,2025-07-25,2025-08-04,-0.0218642507630443,2025,2025-06-30,learned_order_extension,20260910,0.40517292414260553,0.40517292414260553,0,0
annual_net_quarter_head,3523,2025-08-01,2025-08-11,0.0179175520190988,2025,2025-06-30,learned_order_extension,20260910,0.44791654546992904,0.44791654546992904,0,1
annual_net_quarter_head,3528,2025-08-08,2025-08-18,0.026265786598999,2025,2025-06-30,learned_order_extension,20260910,0.31202600316111895,0.31202600316111895,0,1
annual_net_quarter_head,3533,2025-08-15,2025-08-25,0.0469483790671487,2025,2025-06-30,learned_order_extension,20260910,0.35031276119631816,0.35031276119631816,0,1
annual_net_quarter_head,3538,2025-08-22,2025-09-01,0.0227770368340847,2025,2025-06-30,learned_order_extension,20260910,0.35155354472223466,0.35155354472223466,0,1
annual_net_quarter_head,3543,2025-08-29,2025-09-08,-0.0110053842475337,2025,2025-06-30,learned_order_extension,20260910,0.42341649738259596,0.42341649738259596,0,0
annual_net_quarter_head,3548,2025-09-05,2025-09-15,0.0151594857594405,2025,2025-06-30,learned_order_extension,20260910,0.4344791639414874,0.4344791639414874,0,1
annual_net_quarter_head,3553,2025-09-12,2025-09-22,-0.0050409160971932,2025,2025-06-30,learned_order_extension,20260910,0.4758808919499076,0.4758808919499076,0,0
annual_net_quarter_head,3558,2025-09-19,2025-09-29,0.0095300784790881,2025,2025-06-30,learned_order_extension,20260910,0.47211647119993644,0.47211647119993644,0,1
annual_net_quarter_head,3563,2025-09-26,2025-10-13,-0.0140855274279203,2025,2025-06-30,learned_order_extension,20260910,0.46133225917860443,0.46133225917860443,0,0
annual_net_quarter_head,3503,2025-07-04,2025-07-14,0.0110426949002964,2025,2025-06-30,learned_order_offset,20260910,0.6081958417463336,0.6081958417463336,1,1
annual_net_quarter_head,3508,2025-07-11,2025-07-21,0.0120759671840067,2025,2025-06-30,learned_order_offset,20260910,0.7098794579937291,0.7098794579937291,1,1
annual_net_quarter_head,3513,2025-07-18,2025-07-28,0.0143570766898375,2025,2025-06-30,learned_order_offset,20260910,0.3930996569608932,0.3930996569608932,0,1
annual_net_quarter_head,3518,2025-07-25,2025-08-04,-0.0218642507630443,2025,2025-06-30,learned_order_offset,20260910,0.4048626286699154,0.4048626286699154,0,0
annual_net_quarter_head,3523,2025-08-01,2025-08-11,0.0179175520190988,2025,2025-06-30,learned_order_offset,20260910,0.44809396304582133,0.44809396304582133,0,1
annual_net_quarter_head,3528,2025-08-08,2025-08-18,0.026265786598999,2025,2025-06-30,learned_order_offset,20260910,0.3121324080654736,0.3121324080654736,0,1
annual_net_quarter_head,3533,2025-08-15,2025-08-25,0.0469483790671487,2025,2025-06-30,learned_order_offset,20260910,0.35097033957205626,0.35097033957205626,0,1
annual_net_quarter_head,3538,2025-08-22,2025-09-01,0.0227770368340847,2025,2025-06-30,learned_order_offset,20260910,0.3517608482586779,0.3517608482586779,0,1
annual_net_quarter_head,3543,2025-08-29,2025-09-08,-0.0110053842475337,2025,2025-06-30,learned_order_offset,20260910,0.4236627312582331,0.4236627312582331,0,0
annual_net_quarter_head,3548,2025-09-05,2025-09-15,0.0151594857594405,2025,2025-06-30,learned_order_offset,20260910,0.43505690075367875,0.43505690075367875,0,1
annual_net_quarter_head,3553,2025-09-12,2025-09-22,-0.0050409160971932,2025,2025-06-30,learned_order_offset,20260910,0.4767713591785057,0.4767713591785057,0,0
annual_net_quarter_head,3558,2025-09-19,2025-09-29,0.0095300784790881,2025,2025-06-30,learned_order_offset,20260910,0.4726179706503721,0.4726179706503721,0,1
annual_net_quarter_head,3563,2025-09-26,2025-10-13,-0.0140855274279203,2025,2025-06-30,learned_order_offset,20260910,0.461819638237028,0.461819638237028,0,0
annual_net_quarter_head,3503,2025-07-04,2025-07-14,0.0110426949002964,2025,2025-06-30,learned_market,20260911,0.6510419989898459,0.6510419989898459,1,1
annual_net_quarter_head,3508,2025-07-11,2025-07-21,0.0120759671840067,2025,2025-06-30,learned_market,20260911,0.3975393128688153,0.3975393128688153,0,1
annual_net_quarter_head,3513,2025-07-18,2025-07-28,0.0143570766898375,2025,2025-06-30,learned_market,20260911,0.43005171771527917,0.43005171771527917,0,1
annual_net_quarter_head,3518,2025-07-25,2025-08-04,-0.0218642507630443,2025,2025-06-30,learned_market,20260911,0.344800876467997,0.344800876467997,0,0
annual_net_quarter_head,3523,2025-08-01,2025-08-11,0.0179175520190988,2025,2025-06-30,learned_market,20260911,0.33164749639998303,0.33164749639998303,0,1
annual_net_quarter_head,3528,2025-08-08,2025-08-18,0.026265786598999,2025,2025-06-30,learned_market,20260911,0.22039408943434138,0.22039408943434138,0,1
annual_net_quarter_head,3533,2025-08-15,2025-08-25,0.0469483790671487,2025,2025-06-30,learned_market,20260911,0.4061509378832576,0.4061509378832576,0,1
annual_net_quarter_head,3538,2025-08-22,2025-09-01,0.0227770368340847,2025,2025-06-30,learned_market,20260911,0.2825522215567973,0.2825522215567973,0,1
annual_net_quarter_head,3543,2025-08-29,2025-09-08,-0.0110053842475337,2025,2025-06-30,learned_market,20260911,0.3736788604854252,0.3736788604854252,0,0
annual_net_quarter_head,3548,2025-09-05,2025-09-15,0.0151594857594405,2025,2025-06-30,learned_market,20260911,0.354934171287019,0.354934171287019,0,1
annual_net_quarter_head,3553,2025-09-12,2025-09-22,-0.0050409160971932,2025,2025-06-30,learned_market,20260911,0.48687302587258124,0.48687302587258124,0,0
annual_net_quarter_head,3558,2025-09-19,2025-09-29,0.0095300784790881,2025,2025-06-30,learned_market,20260911,0.36861564934716384,0.36861564934716384,0,1
annual_net_quarter_head,3563,2025-09-26,2025-10-13,-0.0140855274279203,2025,2025-06-30,learned_market,20260911,0.38514410470415383,0.38514410470415383,0,0
annual_net_quarter_head,3503,2025-07-04,2025-07-14,0.0110426949002964,2025,2025-06-30,learned_vol_interaction,20260911,0.6708116448824263,0.6708116448824263,1,1
annual_net_quarter_head,3508,2025-07-11,2025-07-21,0.0120759671840067,2025,2025-06-30,learned_vol_interaction,20260911,0.3982360482516097,0.3982360482516097,0,1
annual_net_quarter_head,3513,2025-07-18,2025-07-28,0.0143570766898375,2025,2025-06-30,learned_vol_interaction,20260911,0.43804593034431916,0.43804593034431916,0,1
annual_net_quarter_head,3518,2025-07-25,2025-08-04,-0.0218642507630443,2025,2025-06-30,learned_vol_interaction,20260911,0.33436321715063466,0.33436321715063466,0,0
annual_net_quarter_head,3523,2025-08-01,2025-08-11,0.0179175520190988,2025,2025-06-30,learned_vol_interaction,20260911,0.31698970010968713,0.31698970010968713,0,1
annual_net_quarter_head,3528,2025-08-08,2025-08-18,0.026265786598999,2025,2025-06-30,learned_vol_interaction,20260911,0.20300032711250426,0.20300032711250426,0,1
annual_net_quarter_head,3533,2025-08-15,2025-08-25,0.0469483790671487,2025,2025-06-30,learned_vol_interaction,20260911,0.3975738891982394,0.3975738891982394,0,1
annual_net_quarter_head,3538,2025-08-22,2025-09-01,0.0227770368340847,2025,2025-06-30,learned_vol_interaction,20260911,0.26754702061972085,0.26754702061972085,0,1
annual_net_quarter_head,3543,2025-08-29,2025-09-08,-0.0110053842475337,2025,2025-06-30,learned_vol_interaction,20260911,0.3590952324775054,0.3590952324775054,0,0
annual_net_quarter_head,3548,2025-09-05,2025-09-15,0.0151594857594405,2025,2025-06-30,learned_vol_interaction,20260911,0.34425818116882323,0.34425818116882323,0,1
annual_net_quarter_head,3553,2025-09-12,2025-09-22,-0.0050409160971932,2025,2025-06-30,learned_vol_interaction,20260911,0.47173971862712244,0.47173971862712244,0,0
annual_net_quarter_head,3558,2025-09-19,2025-09-29,0.0095300784790881,2025,2025-06-30,learned_vol_interaction,20260911,0.3656165276616633,0.3656165276616633,0,1
annual_net_quarter_head,3563,2025-09-26,2025-10-13,-0.0140855274279203,2025,2025-06-30,learned_vol_interaction,20260911,0.37490843301984944,0.37490843301984944,0,0
annual_net_quarter_head,3503,2025-07-04,2025-07-14,0.0110426949002964,2025,2025-06-30,learned_order_extension,20260911,0.6880586195120525,0.6880586195120525,1,1
annual_net_quarter_head,3508,2025-07-11,2025-07-21,0.0120759671840067,2025,2025-06-30,learned_order_extension,20260911,0.4004891840461205,0.4004891840461205,0,1
annual_net_quarter_head,3513,2025-07-18,2025-07-28,0.0143570766898375,2025,2025-06-30,learned_order_extension,20260911,0.4382703238307133,0.4382703238307133,0,1
annual_net_quarter_head,3518,2025-07-25,2025-08-04,-0.0218642507630443,2025,2025-06-30,learned_order_extension,20260911,0.3403353073364602,0.3403353073364602,0,0
annual_net_quarter_head,3523,2025-08-01,2025-08-11,0.0179175520190988,2025,2025-06-30,learned_order_extension,20260911,0.31289006748299836,0.31289006748299836,0,1
annual_net_quarter_head,3528,2025-08-08,2025-08-18,0.026265786598999,2025,2025-06-30,learned_order_extension,20260911,0.1908229591902007,0.1908229591902007,0,1
annual_net_quarter_head,3533,2025-08-15,2025-08-25,0.0469483790671487,2025,2025-06-30,learned_order_extension,20260911,0.39967348245570555,0.39967348245570555,0,1
annual_net_quarter_head,3538,2025-08-22,2025-09-01,0.0227770368340847,2025,2025-06-30,learned_order_extension,20260911,0.28380522588086116,0.28380522588086116,0,1
annual_net_quarter_head,3543,2025-08-29,2025-09-08,-0.0110053842475337,2025,2025-06-30,learned_order_extension,20260911,0.36068048978044315,0.36068048978044315,0,0
annual_net_quarter_head,3548,2025-09-05,2025-09-15,0.0151594857594405,2025,2025-06-30,learned_order_extension,20260911,0.34425173972893447,0.34425173972893447,0,1
annual_net_quarter_head,3553,2025-09-12,2025-09-22,-0.0050409160971932,2025,2025-06-30,learned_order_extension,20260911,0.4762649945454899,0.4762649945454899,0,0
annual_net_quarter_head,3558,2025-09-19,2025-09-29,0.0095300784790881,2025,2025-06-30,learned_order_extension,20260911,0.3828036690024868,0.3828036690024868,0,1
annual_net_quarter_head,3563,2025-09-26,2025-10-13,-0.0140855274279203,2025,2025-06-30,learned_order_extension,20260911,0.3906642071133079,0.3906642071133079,0,0
annual_net_quarter_head,3503,2025-07-04,2025-07-14,0.0110426949002964,2025,2025-06-30,learned_order_offset,20260911,0.6879078236866613,0.6879078236866613,1,1
annual_net_quarter_head,3508,2025-07-11,2025-07-21,0.0120759671840067,2025,2025-06-30,learned_order_offset,20260911,0.4011812794641902,0.4011812794641902,0,1
annual_net_quarter_head,3513,2025-07-18,2025-07-28,0.0143570766898375,2025,2025-06-30,learned_order_offset,20260911,0.4385341293988167,0.4385341293988167,0,1
annual_net_quarter_head,3518,2025-07-25,2025-08-04,-0.0218642507630443,2025,2025-06-30,learned_order_offset,20260911,0.3407414631267264,0.3407414631267264,0,0
annual_net_quarter_head,3523,2025-08-01,2025-08-11,0.0179175520190988,2025,2025-06-30,learned_order_offset,20260911,0.31312401652507277,0.31312401652507277,0,1
annual_net_quarter_head,3528,2025-08-08,2025-08-18,0.026265786598999,2025,2025-06-30,learned_order_offset,20260911,0.1910806236537354,0.1910806236537354,0,1
annual_net_quarter_head,3533,2025-08-15,2025-08-25,0.0469483790671487,2025,2025-06-30,learned_order_offset,20260911,0.3996412594957478,0.3996412594957478,0,1
annual_net_quarter_head,3538,2025-08-22,2025-09-01,0.0227770368340847,2025,2025-06-30,learned_order_offset,20260911,0.2840600392355657,0.2840600392355657,0,1
annual_net_quarter_head,3543,2025-08-29,2025-09-08,-0.0110053842475337,2025,2025-06-30,learned_order_offset,20260911,0.3606369363727045,0.3606369363727045,0,0
annual_net_quarter_head,3548,2025-09-05,2025-09-15,0.0151594857594405,2025,2025-06-30,learned_order_offset,20260911,0.34451271777768816,0.34451271777768816,0,1
annual_net_quarter_head,3553,2025-09-12,2025-09-22,-0.0050409160971932,2025,2025-06-30,learned_order_offset,20260911,0.47631844243247423,0.47631844243247423,0,0
annual_net_quarter_head,3558,2025-09-19,2025-09-29,0.0095300784790881,2025,2025-06-30,learned_order_offset,20260911,0.3831028368713864,0.3831028368713864,0,1
annual_net_quarter_head,3563,2025-09-26,2025-10-13,-0.0140855274279203,2025,2025-06-30,learned_order_offset,20260911,0.39092532395988056,0.39092532395988056,0,0
annual_net_quarter_head,3503,2025-07-04,2025-07-14,0.0110426949002964,2025,2025-06-30,learned_market,20260912,0.3809862662422987,0.3809862662422987,0,1
annual_net_quarter_head,3508,2025-07-11,2025-07-21,0.0120759671840067,2025,2025-06-30,learned_market,20260912,0.4902011591018043,0.4902011591018043,0,1
annual_net_quarter_head,3513,2025-07-18,2025-07-28,0.0143570766898375,2025,2025-06-30,learned_market,20260912,0.6169229427078561,0.6169229427078561,1,1
annual_net_quarter_head,3518,2025-07-25,2025-08-04,-0.0218642507630443,2025,2025-06-30,learned_market,20260912,0.41897800374112804,0.41897800374112804,0,0
annual_net_quarter_head,3523,2025-08-01,2025-08-11,0.0179175520190988,2025,2025-06-30,learned_market,20260912,0.506954915877769,0.506954915877769,1,1
annual_net_quarter_head,3528,2025-08-08,2025-08-18,0.026265786598999,2025,2025-06-30,learned_market,20260912,0.25533990426608244,0.25533990426608244,0,1
annual_net_quarter_head,3533,2025-08-15,2025-08-25,0.0469483790671487,2025,2025-06-30,learned_market,20260912,0.38978270767758627,0.38978270767758627,0,1
annual_net_quarter_head,3538,2025-08-22,2025-09-01,0.0227770368340847,2025,2025-06-30,learned_market,20260912,0.3011270294631759,0.3011270294631759,0,1
annual_net_quarter_head,3543,2025-08-29,2025-09-08,-0.0110053842475337,2025,2025-06-30,learned_market,20260912,0.582106625357011,0.582106625357011,1,0
annual_net_quarter_head,3548,2025-09-05,2025-09-15,0.0151594857594405,2025,2025-06-30,learned_market,20260912,0.35565956617228467,0.35565956617228467,0,1
annual_net_quarter_head,3553,2025-09-12,2025-09-22,-0.0050409160971932,2025,2025-06-30,learned_market,20260912,0.5535120184153973,0.5535120184153973,1,0
annual_net_quarter_head,3558,2025-09-19,2025-09-29,0.0095300784790881,2025,2025-06-30,learned_market,20260912,0.3242021496849684,0.3242021496849684,0,1
annual_net_quarter_head,3563,2025-09-26,2025-10-13,-0.0140855274279203,2025,2025-06-30,learned_market,20260912,0.4567791205759489,0.4567791205759489,0,0
annual_net_quarter_head,3503,2025-07-04,2025-07-14,0.0110426949002964,2025,2025-06-30,learned_vol_interaction,20260912,0.3796000814509113,0.3796000814509113,0,1
annual_net_quarter_head,3508,2025-07-11,2025-07-21,0.0120759671840067,2025,2025-06-30,learned_vol_interaction,20260912,0.5004943181117154,0.5004943181117154,1,1
annual_net_quarter_head,3513,2025-07-18,2025-07-28,0.0143570766898375,2025,2025-06-30,learned_vol_interaction,20260912,0.6303795179742233,0.6303795179742233,1,1
annual_net_quarter_head,3518,2025-07-25,2025-08-04,-0.0218642507630443,2025,2025-06-30,learned_vol_interaction,20260912,0.4220635615144802,0.4220635615144802,0,0
annual_net_quarter_head,3523,2025-08-01,2025-08-11,0.0179175520190988,2025,2025-06-30,learned_vol_interaction,20260912,0.5146351290726299,0.5146351290726299,1,1
annual_net_quarter_head,3528,2025-08-08,2025-08-18,0.026265786598999,2025,2025-06-30,learned_vol_interaction,20260912,0.2464552223741356,0.2464552223741356,0,1
annual_net_quarter_head,3533,2025-08-15,2025-08-25,0.0469483790671487,2025,2025-06-30,learned_vol_interaction,20260912,0.3885983468536098,0.3885983468536098,0,1
annual_net_quarter_head,3538,2025-08-22,2025-09-01,0.0227770368340847,2025,2025-06-30,learned_vol_interaction,20260912,0.2942992370102261,0.2942992370102261,0,1
annual_net_quarter_head,3543,2025-08-29,2025-09-08,-0.0110053842475337,2025,2025-06-30,learned_vol_interaction,20260912,0.585054892896724,0.585054892896724,1,0
annual_net_quarter_head,3548,2025-09-05,2025-09-15,0.0151594857594405,2025,2025-06-30,learned_vol_interaction,20260912,0.3504965298328399,0.3504965298328399,0,1
annual_net_quarter_head,3553,2025-09-12,2025-09-22,-0.0050409160971932,2025,2025-06-30,learned_vol_interaction,20260912,0.5451400431834684,0.5451400431834684,1,0
annual_net_quarter_head,3558,2025-09-19,2025-09-29,0.0095300784790881,2025,2025-06-30,learned_vol_interaction,20260912,0.3210923125719657,0.3210923125719657,0,1
annual_net_quarter_head,3563,2025-09-26,2025-10-13,-0.0140855274279203,2025,2025-06-30,learned_vol_interaction,20260912,0.45212833401604513,0.45212833401604513,0,0
annual_net_quarter_head,3503,2025-07-04,2025-07-14,0.0110426949002964,2025,2025-06-30,learned_order_extension,20260912,0.38252464349491594,0.38252464349491594,0,1
annual_net_quarter_head,3508,2025-07-11,2025-07-21,0.0120759671840067,2025,2025-06-30,learned_order_extension,20260912,0.5025353159340232,0.5025353159340232,1,1
annual_net_quarter_head,3513,2025-07-18,2025-07-28,0.0143570766898375,2025,2025-06-30,learned_order_extension,20260912,0.6374277960677789,0.6374277960677789,1,1
annual_net_quarter_head,3518,2025-07-25,2025-08-04,-0.0218642507630443,2025,2025-06-30,learned_order_extension,20260912,0.39215839799657104,0.39215839799657104,0,0
annual_net_quarter_head,3523,2025-08-01,2025-08-11,0.0179175520190988,2025,2025-06-30,learned_order_extension,20260912,0.47242012615978324,0.47242012615978324,0,1
annual_net_quarter_head,3528,2025-08-08,2025-08-18,0.026265786598999,2025,2025-06-30,learned_order_extension,20260912,0.25640126435791205,0.25640126435791205,0,1
annual_net_quarter_head,3533,2025-08-15,2025-08-25,0.0469483790671487,2025,2025-06-30,learned_order_extension,20260912,0.3839788247207789,0.3839788247207789,0,1
annual_net_quarter_head,3538,2025-08-22,2025-09-01,0.0227770368340847,2025,2025-06-30,learned_order_extension,20260912,0.2763734983104999,0.2763734983104999,0,1
annual_net_quarter_head,3543,2025-08-29,2025-09-08,-0.0110053842475337,2025,2025-06-30,learned_order_extension,20260912,0.591537553889945,0.591537553889945,1,0
annual_net_quarter_head,3548,2025-09-05,2025-09-15,0.0151594857594405,2025,2025-06-30,learned_order_extension,20260912,0.35396210560524394,0.35396210560524394,0,1
annual_net_quarter_head,3553,2025-09-12,2025-09-22,-0.0050409160971932,2025,2025-06-30,learned_order_extension,20260912,0.537135088615708,0.537135088615708,1,0
annual_net_quarter_head,3558,2025-09-19,2025-09-29,0.0095300784790881,2025,2025-06-30,learned_order_extension,20260912,0.30784629311830103,0.30784629311830103,0,1
annual_net_quarter_head,3563,2025-09-26,2025-10-13,-0.0140855274279203,2025,2025-06-30,learned_order_extension,20260912,0.4485269345314135,0.4485269345314135,0,0
annual_net_quarter_head,3503,2025-07-04,2025-07-14,0.0110426949002964,2025,2025-06-30,learned_order_offset,20260912,0.38162654976826305,0.38162654976826305,0,1
annual_net_quarter_head,3508,2025-07-11,2025-07-21,0.0120759671840067,2025,2025-06-30,learned_order_offset,20260912,0.5008769873770921,0.5008769873770921,1,1
annual_net_quarter_head,3513,2025-07-18,2025-07-28,0.0143570766898375,2025,2025-06-30,learned_order_offset,20260912,0.6341360039888692,0.6341360039888692,1,1
annual_net_quarter_head,3518,2025-07-25,2025-08-04,-0.0218642507630443,2025,2025-06-30,learned_order_offset,20260912,0.38902805621469727,0.38902805621469727,0,0
annual_net_quarter_head,3523,2025-08-01,2025-08-11,0.0179175520190988,2025,2025-06-30,learned_order_offset,20260912,0.4710138040215698,0.4710138040215698,0,1
annual_net_quarter_head,3528,2025-08-08,2025-08-18,0.026265786598999,2025,2025-06-30,learned_order_offset,20260912,0.25530524719806325,0.25530524719806325,0,1
annual_net_quarter_head,3533,2025-08-15,2025-08-25,0.0469483790671487,2025,2025-06-30,learned_order_offset,20260912,0.38254335986939847,0.38254335986939847,0,1
annual_net_quarter_head,3538,2025-08-22,2025-09-01,0.0227770368340847,2025,2025-06-30,learned_order_offset,20260912,0.27568938622982025,0.27568938622982025,0,1
annual_net_quarter_head,3543,2025-08-29,2025-09-08,-0.0110053842475337,2025,2025-06-30,learned_order_offset,20260912,0.5896462011841046,0.5896462011841046,1,0
annual_net_quarter_head,3548,2025-09-05,2025-09-15,0.0151594857594405,2025,2025-06-30,learned_order_offset,20260912,0.3548225021769191,0.3548225021769191,0,1
annual_net_quarter_head,3553,2025-09-12,2025-09-22,-0.0050409160971932,2025,2025-06-30,learned_order_offset,20260912,0.5370909141104568,0.5370909141104568,1,0
annual_net_quarter_head,3558,2025-09-19,2025-09-29,0.0095300784790881,2025,2025-06-30,learned_order_offset,20260912,0.30928587855473155,0.30928587855473155,0,1
annual_net_quarter_head,3563,2025-09-26,2025-10-13,-0.0140855274279203,2025,2025-06-30,learned_order_offset,20260912,0.448519925515169,0.448519925515169,0,0
annual_net_quarter_head,3567,2025-10-10,2025-10-20,0.015001547584321,2025,2025-09-30,learned_market,20260910,0.48230982135153694,0.48230982135153694,0,1
annual_net_quarter_head,3572,2025-10-17,2025-10-27,0.0309637052897611,2025,2025-09-30,learned_market,20260910,0.45933565324932485,0.45933565324932485,0,1
annual_net_quarter_head,3577,2025-10-24,2025-11-03,-0.013331545863497,2025,2025-09-30,learned_market,20260910,0.4631445443708489,0.4631445443708489,0,0
annual_net_quarter_head,3582,2025-10-31,2025-11-10,0.0110832418536339,2025,2025-09-30,learned_market,20260910,0.4789158796587993,0.4789158796587993,0,1
annual_net_quarter_head,3587,2025-11-07,2025-11-17,-0.0152107881197579,2025,2025-09-30,learned_market,20260910,0.47145247254541395,0.47145247254541395,0,0
annual_net_quarter_head,3592,2025-11-14,2025-11-24,-0.031114557454173,2025,2025-09-30,learned_market,20260910,0.43926482648270904,0.43926482648270904,0,0
annual_net_quarter_head,3597,2025-11-21,2025-12-01,0.0147613767448515,2025,2025-09-30,learned_market,20260910,0.3936399755731411,0.3936399755731411,0,1
annual_net_quarter_head,3602,2025-11-28,2025-12-08,0.0118853804313106,2025,2025-09-30,learned_market,20260910,0.3870744050821686,0.3870744050821686,0,1
annual_net_quarter_head,3607,2025-12-05,2025-12-15,-0.0093922675990717,2025,2025-09-30,learned_market,20260910,0.41028072796159554,0.41028072796159554,0,0
annual_net_quarter_head,3612,2025-12-12,2025-12-22,0.0082791208791208,2025,2025-09-30,learned_market,20260910,0.4132534371966211,0.4132534371966211,0,1
annual_net_quarter_head,3617,2025-12-19,2025-12-29,0.0153890755001995,2025,2025-09-30,learned_market,20260910,0.6121096270390388,0.6121096270390388,1,1
annual_net_quarter_head,3622,2025-12-26,2026-01-12,0.0239101640737868,2025,2025-09-30,learned_market,20260910,0.377396173640461,0.377396173640461,0,1
annual_net_quarter_head,3567,2025-10-10,2025-10-20,0.015001547584321,2025,2025-09-30,learned_vol_interaction,20260910,0.4833775163816485,0.4833775163816485,0,1
annual_net_quarter_head,3572,2025-10-17,2025-10-27,0.0309637052897611,2025,2025-09-30,learned_vol_interaction,20260910,0.4578732320962466,0.4578732320962466,0,1
annual_net_quarter_head,3577,2025-10-24,2025-11-03,-0.013331545863497,2025,2025-09-30,learned_vol_interaction,20260910,0.4654895737466423,0.4654895737466423,0,0
annual_net_quarter_head,3582,2025-10-31,2025-11-10,0.0110832418536339,2025,2025-09-30,learned_vol_interaction,20260910,0.488719513570495,0.488719513570495,0,1
annual_net_quarter_head,3587,2025-11-07,2025-11-17,-0.0152107881197579,2025,2025-09-30,learned_vol_interaction,20260910,0.46998574543369087,0.46998574543369087,0,0
annual_net_quarter_head,3592,2025-11-14,2025-11-24,-0.031114557454173,2025,2025-09-30,learned_vol_interaction,20260910,0.44101436483811174,0.44101436483811174,0,0
annual_net_quarter_head,3597,2025-11-21,2025-12-01,0.0147613767448515,2025,2025-09-30,learned_vol_interaction,20260910,0.40050653645904927,0.40050653645904927,0,1
annual_net_quarter_head,3602,2025-11-28,2025-12-08,0.0118853804313106,2025,2025-09-30,learned_vol_interaction,20260910,0.3814922019721198,0.3814922019721198,0,1
annual_net_quarter_head,3607,2025-12-05,2025-12-15,-0.0093922675990717,2025,2025-09-30,learned_vol_interaction,20260910,0.41213059573054317,0.41213059573054317,0,0
annual_net_quarter_head,3612,2025-12-12,2025-12-22,0.0082791208791208,2025,2025-09-30,learned_vol_interaction,20260910,0.41109846209810325,0.41109846209810325,0,1
annual_net_quarter_head,3617,2025-12-19,2025-12-29,0.0153890755001995,2025,2025-09-30,learned_vol_interaction,20260910,0.6245633040841397,0.6245633040841397,1,1
annual_net_quarter_head,3622,2025-12-26,2026-01-12,0.0239101640737868,2025,2025-09-30,learned_vol_interaction,20260910,0.3677884031940767,0.3677884031940767,0,1
annual_net_quarter_head,3567,2025-10-10,2025-10-20,0.015001547584321,2025,2025-09-30,learned_order_extension,20260910,0.48151374319538576,0.48151374319538576,0,1
annual_net_quarter_head,3572,2025-10-17,2025-10-27,0.0309637052897611,2025,2025-09-30,learned_order_extension,20260910,0.4603118447193396,0.4603118447193396,0,1
annual_net_quarter_head,3577,2025-10-24,2025-11-03,-0.013331545863497,2025,2025-09-30,learned_order_extension,20260910,0.45932653743018753,0.45932653743018753,0,0
annual_net_quarter_head,3582,2025-10-31,2025-11-10,0.0110832418536339,2025,2025-09-30,learned_order_extension,20260910,0.4753339103162558,0.4753339103162558,0,1
annual_net_quarter_head,3587,2025-11-07,2025-11-17,-0.0152107881197579,2025,2025-09-30,learned_order_extension,20260910,0.44495738838751825,0.44495738838751825,0,0
annual_net_quarter_head,3592,2025-11-14,2025-11-24,-0.031114557454173,2025,2025-09-30,learned_order_extension,20260910,0.41341464343172196,0.41341464343172196,0,0
annual_net_quarter_head,3597,2025-11-21,2025-12-01,0.0147613767448515,2025,2025-09-30,learned_order_extension,20260910,0.38035441498989936,0.38035441498989936,0,1
annual_net_quarter_head,3602,2025-11-28,2025-12-08,0.0118853804313106,2025,2025-09-30,learned_order_extension,20260910,0.3473150397994437,0.3473150397994437,0,1
annual_net_quarter_head,3607,2025-12-05,2025-12-15,-0.0093922675990717,2025,2025-09-30,learned_order_extension,20260910,0.38559447553430487,0.38559447553430487,0,0
annual_net_quarter_head,3612,2025-12-12,2025-12-22,0.0082791208791208,2025,2025-09-30,learned_order_extension,20260910,0.396782029352274,0.396782029352274,0,1
annual_net_quarter_head,3617,2025-12-19,2025-12-29,0.0153890755001995,2025,2025-09-30,learned_order_extension,20260910,0.6552868456454276,0.6552868456454276,1,1
annual_net_quarter_head,3622,2025-12-26,2026-01-12,0.0239101640737868,2025,2025-09-30,learned_order_extension,20260910,0.3592086132799836,0.3592086132799836,0,1
annual_net_quarter_head,3567,2025-10-10,2025-10-20,0.015001547584321,2025,2025-09-30,learned_order_offset,20260910,0.4819994947137072,0.4819994947137072,0,1
annual_net_quarter_head,3572,2025-10-17,2025-10-27,0.0309637052897611,2025,2025-09-30,learned_order_offset,20260910,0.46075978718552413,0.46075978718552413,0,1
annual_net_quarter_head,3577,2025-10-24,2025-11-03,-0.013331545863497,2025,2025-09-30,learned_order_offset,20260910,0.4595846935094726,0.4595846935094726,0,0
annual_net_quarter_head,3582,2025-10-31,2025-11-10,0.0110832418536339,2025,2025-09-30,learned_order_offset,20260910,0.47575601406784623,0.47575601406784623,0,1
annual_net_quarter_head,3587,2025-11-07,2025-11-17,-0.0152107881197579,2025,2025-09-30,learned_order_offset,20260910,0.445146352476352,0.445146352476352,0,0
annual_net_quarter_head,3592,2025-11-14,2025-11-24,-0.031114557454173,2025,2025-09-30,learned_order_offset,20260910,0.41371463104549716,0.41371463104549716,0,0
annual_net_quarter_head,3597,2025-11-21,2025-12-01,0.0147613767448515,2025,2025-09-30,learned_order_offset,20260910,0.3808790657911955,0.3808790657911955,0,1
annual_net_quarter_head,3602,2025-11-28,2025-12-08,0.0118853804313106,2025,2025-09-30,learned_order_offset,20260910,0.34739209973974355,0.34739209973974355,0,1
annual_net_quarter_head,3607,2025-12-05,2025-12-15,-0.0093922675990717,2025,2025-09-30,learned_order_offset,20260910,0.38589857649274467,0.38589857649274467,0,0
annual_net_quarter_head,3612,2025-12-12,2025-12-22,0.0082791208791208,2025,2025-09-30,learned_order_offset,20260910,0.39671158162679465,0.39671158162679465,0,1
annual_net_quarter_head,3617,2025-12-19,2025-12-29,0.0153890755001995,2025,2025-09-30,learned_order_offset,20260910,0.6548146561072693,0.6548146561072693,1,1
annual_net_quarter_head,3622,2025-12-26,2026-01-12,0.0239101640737868,2025,2025-09-30,learned_order_offset,20260910,0.358740698685029,0.358740698685029,0,1
annual_net_quarter_head,3567,2025-10-10,2025-10-20,0.015001547584321,2025,2025-09-30,learned_market,20260911,0.4035356800002118,0.4035356800002118,0,1
annual_net_quarter_head,3572,2025-10-17,2025-10-27,0.0309637052897611,2025,2025-09-30,learned_market,20260911,0.39864688046414054,0.39864688046414054,0,1
annual_net_quarter_head,3577,2025-10-24,2025-11-03,-0.013331545863497,2025,2025-09-30,learned_market,20260911,0.45807083848803953,0.45807083848803953,0,0
annual_net_quarter_head,3582,2025-10-31,2025-11-10,0.0110832418536339,2025,2025-09-30,learned_market,20260911,0.4468985162266018,0.4468985162266018,0,1
annual_net_quarter_head,3587,2025-11-07,2025-11-17,-0.0152107881197579,2025,2025-09-30,learned_market,20260911,0.4454128101083353,0.4454128101083353,0,0
annual_net_quarter_head,3592,2025-11-14,2025-11-24,-0.031114557454173,2025,2025-09-30,learned_market,20260911,0.3643280973457128,0.3643280973457128,0,0
annual_net_quarter_head,3597,2025-11-21,2025-12-01,0.0147613767448515,2025,2025-09-30,learned_market,20260911,0.38032242674770655,0.38032242674770655,0,1
annual_net_quarter_head,3602,2025-11-28,2025-12-08,0.0118853804313106,2025,2025-09-30,learned_market,20260911,0.3876998830969266,0.3876998830969266,0,1
annual_net_quarter_head,3607,2025-12-05,2025-12-15,-0.0093922675990717,2025,2025-09-30,learned_market,20260911,0.4391036874775788,0.4391036874775788,0,0
annual_net_quarter_head,3612,2025-12-12,2025-12-22,0.0082791208791208,2025,2025-09-30,learned_market,20260911,0.4429094241312975,0.4429094241312975,0,1
annual_net_quarter_head,3617,2025-12-19,2025-12-29,0.0153890755001995,2025,2025-09-30,learned_market,20260911,0.5124880096518943,0.5124880096518943,1,1
annual_net_quarter_head,3622,2025-12-26,2026-01-12,0.0239101640737868,2025,2025-09-30,learned_market,20260911,0.533912608595484,0.533912608595484,1,1
annual_net_quarter_head,3567,2025-10-10,2025-10-20,0.015001547584321,2025,2025-09-30,learned_vol_interaction,20260911,0.3976833138127029,0.3976833138127029,0,1
annual_net_quarter_head,3572,2025-10-17,2025-10-27,0.0309637052897611,2025,2025-09-30,learned_vol_interaction,20260911,0.39285248990619487,0.39285248990619487,0,1
annual_net_quarter_head,3577,2025-10-24,2025-11-03,-0.013331545863497,2025,2025-09-30,learned_vol_interaction,20260911,0.4536489335610603,0.4536489335610603,0,0
annual_net_quarter_head,3582,2025-10-31,2025-11-10,0.0110832418536339,2025,2025-09-30,learned_vol_interaction,20260911,0.44838725060093104,0.44838725060093104,0,1
annual_net_quarter_head,3587,2025-11-07,2025-11-17,-0.0152107881197579,2025,2025-09-30,learned_vol_interaction,20260911,0.44401443555536807,0.44401443555536807,0,0
annual_net_quarter_head,3592,2025-11-14,2025-11-24,-0.031114557454173,2025,2025-09-30,learned_vol_interaction,20260911,0.36125599389803886,0.36125599389803886,0,0
annual_net_quarter_head,3597,2025-11-21,2025-12-01,0.0147613767448515,2025,2025-09-30,learned_vol_interaction,20260911,0.3775598511797894,0.3775598511797894,0,1
annual_net_quarter_head,3602,2025-11-28,2025-12-08,0.0118853804313106,2025,2025-09-30,learned_vol_interaction,20260911,0.3827966853980241,0.3827966853980241,0,1
annual_net_quarter_head,3607,2025-12-05,2025-12-15,-0.0093922675990717,2025,2025-09-30,learned_vol_interaction,20260911,0.4362850924998032,0.4362850924998032,0,0
annual_net_quarter_head,3612,2025-12-12,2025-12-22,0.0082791208791208,2025,2025-09-30,learned_vol_interaction,20260911,0.4398757282483902,0.4398757282483902,0,1
annual_net_quarter_head,3617,2025-12-19,2025-12-29,0.0153890755001995,2025,2025-09-30,learned_vol_interaction,20260911,0.5175972949198883,0.5175972949198883,1,1
annual_net_quarter_head,3622,2025-12-26,2026-01-12,0.0239101640737868,2025,2025-09-30,learned_vol_interaction,20260911,0.5400504358006997,0.5400504358006997,1,1
annual_net_quarter_head,3567,2025-10-10,2025-10-20,0.015001547584321,2025,2025-09-30,learned_order_extension,20260911,0.4120322113504107,0.4120322113504107,0,1
annual_net_quarter_head,3572,2025-10-17,2025-10-27,0.0309637052897611,2025,2025-09-30,learned_order_extension,20260911,0.3982220773447025,0.3982220773447025,0,1
annual_net_quarter_head,3577,2025-10-24,2025-11-03,-0.013331545863497,2025,2025-09-30,learned_order_extension,20260911,0.4673626508942628,0.4673626508942628,0,0
annual_net_quarter_head,3582,2025-10-31,2025-11-10,0.0110832418536339,2025,2025-09-30,learned_order_extension,20260911,0.4706233787633129,0.4706233787633129,0,1
annual_net_quarter_head,3587,2025-11-07,2025-11-17,-0.0152107881197579,2025,2025-09-30,learned_order_extension,20260911,0.4651509864984666,0.4651509864984666,0,0
annual_net_quarter_head,3592,2025-11-14,2025-11-24,-0.031114557454173,2025,2025-09-30,learned_order_extension,20260911,0.394879393582733,0.394879393582733,0,0
annual_net_quarter_head,3597,2025-11-21,2025-12-01,0.0147613767448515,2025,2025-09-30,learned_order_extension,20260911,0.3989657337286855,0.3989657337286855,0,1
annual_net_quarter_head,3602,2025-11-28,2025-12-08,0.0118853804313106,2025,2025-09-30,learned_order_extension,20260911,0.4026815602155159,0.4026815602155159,0,1
annual_net_quarter_head,3607,2025-12-05,2025-12-15,-0.0093922675990717,2025,2025-09-30,learned_order_extension,20260911,0.4511198325416053,0.4511198325416053,0,0
annual_net_quarter_head,3612,2025-12-12,2025-12-22,0.0082791208791208,2025,2025-09-30,learned_order_extension,20260911,0.4452595849329065,0.4452595849329065,0,1
annual_net_quarter_head,3617,2025-12-19,2025-12-29,0.0153890755001995,2025,2025-09-30,learned_order_extension,20260911,0.5092866966361668,0.5092866966361668,1,1
annual_net_quarter_head,3622,2025-12-26,2026-01-12,0.0239101640737868,2025,2025-09-30,learned_order_extension,20260911,0.537870151592876,0.537870151592876,1,1
annual_net_quarter_head,3567,2025-10-10,2025-10-20,0.015001547584321,2025,2025-09-30,learned_order_offset,20260911,0.4125839650908577,0.4125839650908577,0,1
annual_net_quarter_head,3572,2025-10-17,2025-10-27,0.0309637052897611,2025,2025-09-30,learned_order_offset,20260911,0.3987842297731161,0.3987842297731161,0,1
annual_net_quarter_head,3577,2025-10-24,2025-11-03,-0.013331545863497,2025,2025-09-30,learned_order_offset,20260911,0.4679160866430727,0.4679160866430727,0,0
annual_net_quarter_head,3582,2025-10-31,2025-11-10,0.0110832418536339,2025,2025-09-30,learned_order_offset,20260911,0.4712518020100337,0.4712518020100337,0,1
annual_net_quarter_head,3587,2025-11-07,2025-11-17,-0.0152107881197579,2025,2025-09-30,learned_order_offset,20260911,0.4656160516110442,0.4656160516110442,0,0
annual_net_quarter_head,3592,2025-11-14,2025-11-24,-0.031114557454173,2025,2025-09-30,learned_order_offset,20260911,0.3955698017306308,0.3955698017306308,0,0
annual_net_quarter_head,3597,2025-11-21,2025-12-01,0.0147613767448515,2025,2025-09-30,learned_order_offset,20260911,0.39942461297550386,0.39942461297550386,0,1
annual_net_quarter_head,3602,2025-11-28,2025-12-08,0.0118853804313106,2025,2025-09-30,learned_order_offset,20260911,0.4032308352062216,0.4032308352062216,0,1
annual_net_quarter_head,3607,2025-12-05,2025-12-15,-0.0093922675990717,2025,2025-09-30,learned_order_offset,20260911,0.45161414096145125,0.45161414096145125,0,0
annual_net_quarter_head,3612,2025-12-12,2025-12-22,0.0082791208791208,2025,2025-09-30,learned_order_offset,20260911,0.4455198047139167,0.4455198047139167,0,1
annual_net_quarter_head,3617,2025-12-19,2025-12-29,0.0153890755001995,2025,2025-09-30,learned_order_offset,20260911,0.5094766066301255,0.5094766066301255,1,1
annual_net_quarter_head,3622,2025-12-26,2026-01-12,0.0239101640737868,2025,2025-09-30,learned_order_offset,20260911,0.5380175946152297,0.5380175946152297,1,1
annual_net_quarter_head,3567,2025-10-10,2025-10-20,0.015001547584321,2025,2025-09-30,learned_market,20260912,0.42026726211524496,0.42026726211524496,0,1
annual_net_quarter_head,3572,2025-10-17,2025-10-27,0.0309637052897611,2025,2025-09-30,learned_market,20260912,0.35785763915025026,0.35785763915025026,0,1
annual_net_quarter_head,3577,2025-10-24,2025-11-03,-0.013331545863497,2025,2025-09-30,learned_market,20260912,0.4517704646426534,0.4517704646426534,0,0
annual_net_quarter_head,3582,2025-10-31,2025-11-10,0.0110832418536339,2025,2025-09-30,learned_market,20260912,0.4327652391941629,0.4327652391941629,0,1
annual_net_quarter_head,3587,2025-11-07,2025-11-17,-0.0152107881197579,2025,2025-09-30,learned_market,20260912,0.6665780344494109,0.6665780344494109,1,0
annual_net_quarter_head,3592,2025-11-14,2025-11-24,-0.031114557454173,2025,2025-09-30,learned_market,20260912,0.3940759155430539,0.3940759155430539,0,0
annual_net_quarter_head,3597,2025-11-21,2025-12-01,0.0147613767448515,2025,2025-09-30,learned_market,20260912,0.48861163699235255,0.48861163699235255,0,1
annual_net_quarter_head,3602,2025-11-28,2025-12-08,0.0118853804313106,2025,2025-09-30,learned_market,20260912,0.425010507337557,0.425010507337557,0,1
annual_net_quarter_head,3607,2025-12-05,2025-12-15,-0.0093922675990717,2025,2025-09-30,learned_market,20260912,0.4366339541288176,0.4366339541288176,0,0
annual_net_quarter_head,3612,2025-12-12,2025-12-22,0.0082791208791208,2025,2025-09-30,learned_market,20260912,0.623846707733461,0.623846707733461,1,1
annual_net_quarter_head,3617,2025-12-19,2025-12-29,0.0153890755001995,2025,2025-09-30,learned_market,20260912,0.6066955704278595,0.6066955704278595,1,1
annual_net_quarter_head,3622,2025-12-26,2026-01-12,0.0239101640737868,2025,2025-09-30,learned_market,20260912,0.5602052668336664,0.5602052668336664,1,1
annual_net_quarter_head,3567,2025-10-10,2025-10-20,0.015001547584321,2025,2025-09-30,learned_vol_interaction,20260912,0.4173881474745152,0.4173881474745152,0,1
annual_net_quarter_head,3572,2025-10-17,2025-10-27,0.0309637052897611,2025,2025-09-30,learned_vol_interaction,20260912,0.35633050431134383,0.35633050431134383,0,1
annual_net_quarter_head,3577,2025-10-24,2025-11-03,-0.013331545863497,2025,2025-09-30,learned_vol_interaction,20260912,0.4492747503076229,0.4492747503076229,0,0
annual_net_quarter_head,3582,2025-10-31,2025-11-10,0.0110832418536339,2025,2025-09-30,learned_vol_interaction,20260912,0.4310832200209507,0.4310832200209507,0,1
annual_net_quarter_head,3587,2025-11-07,2025-11-17,-0.0152107881197579,2025,2025-09-30,learned_vol_interaction,20260912,0.6626337132226926,0.6626337132226926,1,0
annual_net_quarter_head,3592,2025-11-14,2025-11-24,-0.031114557454173,2025,2025-09-30,learned_vol_interaction,20260912,0.3904991518397194,0.3904991518397194,0,0
annual_net_quarter_head,3597,2025-11-21,2025-12-01,0.0147613767448515,2025,2025-09-30,learned_vol_interaction,20260912,0.4870334495474462,0.4870334495474462,0,1
annual_net_quarter_head,3602,2025-11-28,2025-12-08,0.0118853804313106,2025,2025-09-30,learned_vol_interaction,20260912,0.42458091723349367,0.42458091723349367,0,1
annual_net_quarter_head,3607,2025-12-05,2025-12-15,-0.0093922675990717,2025,2025-09-30,learned_vol_interaction,20260912,0.43504409411185363,0.43504409411185363,0,0
annual_net_quarter_head,3612,2025-12-12,2025-12-22,0.0082791208791208,2025,2025-09-30,learned_vol_interaction,20260912,0.6289784486335277,0.6289784486335277,1,1
annual_net_quarter_head,3617,2025-12-19,2025-12-29,0.0153890755001995,2025,2025-09-30,learned_vol_interaction,20260912,0.6124395431905035,0.6124395431905035,1,1
annual_net_quarter_head,3622,2025-12-26,2026-01-12,0.0239101640737868,2025,2025-09-30,learned_vol_interaction,20260912,0.5618413360470069,0.5618413360470069,1,1
annual_net_quarter_head,3567,2025-10-10,2025-10-20,0.015001547584321,2025,2025-09-30,learned_order_extension,20260912,0.4059954342500782,0.4059954342500782,0,1
annual_net_quarter_head,3572,2025-10-17,2025-10-27,0.0309637052897611,2025,2025-09-30,learned_order_extension,20260912,0.36031287016898345,0.36031287016898345,0,1
annual_net_quarter_head,3577,2025-10-24,2025-11-03,-0.013331545863497,2025,2025-09-30,learned_order_extension,20260912,0.4433989973259583,0.4433989973259583,0,0
annual_net_quarter_head,3582,2025-10-31,2025-11-10,0.0110832418536339,2025,2025-09-30,learned_order_extension,20260912,0.4117741332739874,0.4117741332739874,0,1
annual_net_quarter_head,3587,2025-11-07,2025-11-17,-0.0152107881197579,2025,2025-09-30,learned_order_extension,20260912,0.7051982635998001,0.7051982635998001,1,0
annual_net_quarter_head,3592,2025-11-14,2025-11-24,-0.031114557454173,2025,2025-09-30,learned_order_extension,20260912,0.35487331477283063,0.35487331477283063,0,0
annual_net_quarter_head,3597,2025-11-21,2025-12-01,0.0147613767448515,2025,2025-09-30,learned_order_extension,20260912,0.4966284979550698,0.4966284979550698,0,1
annual_net_quarter_head,3602,2025-11-28,2025-12-08,0.0118853804313106,2025,2025-09-30,learned_order_extension,20260912,0.4173198602988239,0.4173198602988239,0,1
annual_net_quarter_head,3607,2025-12-05,2025-12-15,-0.0093922675990717,2025,2025-09-30,learned_order_extension,20260912,0.42656132648399503,0.42656132648399503,0,0
annual_net_quarter_head,3612,2025-12-12,2025-12-22,0.0082791208791208,2025,2025-09-30,learned_order_extension,20260912,0.667617307265914,0.667617307265914,1,1
annual_net_quarter_head,3617,2025-12-19,2025-12-29,0.0153890755001995,2025,2025-09-30,learned_order_extension,20260912,0.6521946514817776,0.6521946514817776,1,1
annual_net_quarter_head,3622,2025-12-26,2026-01-12,0.0239101640737868,2025,2025-09-30,learned_order_extension,20260912,0.5644766511328586,0.5644766511328586,1,1
annual_net_quarter_head,3567,2025-10-10,2025-10-20,0.015001547584321,2025,2025-09-30,learned_order_offset,20260912,0.40650135380014935,0.40650135380014935,0,1
annual_net_quarter_head,3572,2025-10-17,2025-10-27,0.0309637052897611,2025,2025-09-30,learned_order_offset,20260912,0.36170180868216967,0.36170180868216967,0,1
annual_net_quarter_head,3577,2025-10-24,2025-11-03,-0.013331545863497,2025,2025-09-30,learned_order_offset,20260912,0.44357119803209166,0.44357119803209166,0,0
annual_net_quarter_head,3582,2025-10-31,2025-11-10,0.0110832418536339,2025,2025-09-30,learned_order_offset,20260912,0.41265050941807213,0.41265050941807213,0,1
annual_net_quarter_head,3587,2025-11-07,2025-11-17,-0.0152107881197579,2025,2025-09-30,learned_order_offset,20260912,0.7038786619437128,0.7038786619437128,1,0
annual_net_quarter_head,3592,2025-11-14,2025-11-24,-0.031114557454173,2025,2025-09-30,learned_order_offset,20260912,0.35523353053390466,0.35523353053390466,0,0
annual_net_quarter_head,3597,2025-11-21,2025-12-01,0.0147613767448515,2025,2025-09-30,learned_order_offset,20260912,0.4971583435667689,0.4971583435667689,0,1
annual_net_quarter_head,3602,2025-11-28,2025-12-08,0.0118853804313106,2025,2025-09-30,learned_order_offset,20260912,0.4172759972424061,0.4172759972424061,0,1
annual_net_quarter_head,3607,2025-12-05,2025-12-15,-0.0093922675990717,2025,2025-09-30,learned_order_offset,20260912,0.42633621467675076,0.42633621467675076,0,0
annual_net_quarter_head,3612,2025-12-12,2025-12-22,0.0082791208791208,2025,2025-09-30,learned_order_offset,20260912,0.6665213590307918,0.6665213590307918,1,1
annual_net_quarter_head,3617,2025-12-19,2025-12-29,0.0153890755001995,2025,2025-09-30,learned_order_offset,20260912,0.6509065386652754,0.6509065386652754,1,1
annual_net_quarter_head,3622,2025-12-26,2026-01-12,0.0239101640737868,2025,2025-09-30,learned_order_offset,20260912,0.5646319292173024,0.5646319292173024,1,1
annual_net_quarter_head,3630,2026-01-09,2026-01-19,-0.0103697336282536,2026,2025-12-31,learned_market,20260910,0.5209270458842004,0.5209270458842004,1,0
annual_net_quarter_head,3635,2026-01-16,2026-01-26,-0.0010190267764643,2026,2025-12-31,learned_market,20260910,0.5197139065453521,0.5197139065453521,1,0
annual_net_quarter_head,3640,2026-01-23,2026-02-02,-0.0087161586128796,2026,2025-12-31,learned_market,20260910,0.2755814653004309,0.2755814653004309,0,0
annual_net_quarter_head,3645,2026-01-30,2026-02-09,0.0041482324550519,2026,2025-12-31,learned_market,20260910,0.41561123934774186,0.41561123934774186,0,1
annual_net_quarter_head,3650,2026-02-06,2026-02-24,0.0071649689901505,2026,2025-12-31,learned_market,20260910,0.5571228245636697,0.5571228245636697,1,1
annual_net_quarter_head,3655,2026-02-13,2026-03-02,-0.0097920588919678,2026,2025-12-31,learned_market,20260910,0.4304939364707622,0.4304939364707622,0,0
annual_net_quarter_head,3659,2026-02-27,2026-03-09,-0.0172526869201304,2026,2025-12-31,learned_market,20260910,0.5160143853208942,0.5160143853208942,1,0
annual_net_quarter_head,3664,2026-03-06,2026-03-16,0.0149926634422041,2026,2025-12-31,learned_market,20260910,0.4236869357819852,0.4236869357819852,0,1
annual_net_quarter_head,3669,2026-03-13,2026-03-23,-0.0364343509194254,2026,2025-12-31,learned_market,20260910,0.40086366037455606,0.40086366037455606,0,0
annual_net_quarter_head,3674,2026-03-20,2026-03-30,-0.0083038829988221,2026,2025-12-31,learned_market,20260910,0.43855196230093557,0.43855196230093557,0,0
annual_net_quarter_head,3679,2026-03-27,2026-04-07,-0.0035591495694504,2026,2025-12-31,learned_market,20260910,0.5651756750942187,0.5651756750942187,1,0
annual_net_quarter_head,3630,2026-01-09,2026-01-19,-0.0103697336282536,2026,2025-12-31,learned_vol_interaction,20260910,0.5249822005515526,0.5249822005515526,1,0
annual_net_quarter_head,3635,2026-01-16,2026-01-26,-0.0010190267764643,2026,2025-12-31,learned_vol_interaction,20260910,0.5217999415123397,0.5217999415123397,1,0
annual_net_quarter_head,3640,2026-01-23,2026-02-02,-0.0087161586128796,2026,2025-12-31,learned_vol_interaction,20260910,0.2703686171181188,0.2703686171181188,0,0
annual_net_quarter_head,3645,2026-01-30,2026-02-09,0.0041482324550519,2026,2025-12-31,learned_vol_interaction,20260910,0.4125281641526105,0.4125281641526105,0,1
annual_net_quarter_head,3650,2026-02-06,2026-02-24,0.0071649689901505,2026,2025-12-31,learned_vol_interaction,20260910,0.5560675092745206,0.5560675092745206,1,1
annual_net_quarter_head,3655,2026-02-13,2026-03-02,-0.0097920588919678,2026,2025-12-31,learned_vol_interaction,20260910,0.4244643603856174,0.4244643603856174,0,0
annual_net_quarter_head,3659,2026-02-27,2026-03-09,-0.0172526869201304,2026,2025-12-31,learned_vol_interaction,20260910,0.5169468531475478,0.5169468531475478,1,0
annual_net_quarter_head,3664,2026-03-06,2026-03-16,0.0149926634422041,2026,2025-12-31,learned_vol_interaction,20260910,0.42392001130005047,0.42392001130005047,0,1
annual_net_quarter_head,3669,2026-03-13,2026-03-23,-0.0364343509194254,2026,2025-12-31,learned_vol_interaction,20260910,0.3996582436829412,0.3996582436829412,0,0
annual_net_quarter_head,3674,2026-03-20,2026-03-30,-0.0083038829988221,2026,2025-12-31,learned_vol_interaction,20260910,0.4401239045442557,0.4401239045442557,0,0
annual_net_quarter_head,3679,2026-03-27,2026-04-07,-0.0035591495694504,2026,2025-12-31,learned_vol_interaction,20260910,0.5634266232389387,0.5634266232389387,1,0
annual_net_quarter_head,3630,2026-01-09,2026-01-19,-0.0103697336282536,2026,2025-12-31,learned_order_extension,20260910,0.5118603699776423,0.5118603699776423,1,0
annual_net_quarter_head,3635,2026-01-16,2026-01-26,-0.0010190267764643,2026,2025-12-31,learned_order_extension,20260910,0.5121161981098539,0.5121161981098539,1,0
annual_net_quarter_head,3640,2026-01-23,2026-02-02,-0.0087161586128796,2026,2025-12-31,learned_order_extension,20260910,0.2938325386236829,0.2938325386236829,0,0
annual_net_quarter_head,3645,2026-01-30,2026-02-09,0.0041482324550519,2026,2025-12-31,learned_order_extension,20260910,0.43621861720931454,0.43621861720931454,0,1
annual_net_quarter_head,3650,2026-02-06,2026-02-24,0.0071649689901505,2026,2025-12-31,learned_order_extension,20260910,0.5517322930511716,0.5517322930511716,1,1
annual_net_quarter_head,3655,2026-02-13,2026-03-02,-0.0097920588919678,2026,2025-12-31,learned_order_extension,20260910,0.4214021419664105,0.4214021419664105,0,0
annual_net_quarter_head,3659,2026-02-27,2026-03-09,-0.0172526869201304,2026,2025-12-31,learned_order_extension,20260910,0.5148692090014166,0.5148692090014166,1,0
annual_net_quarter_head,3664,2026-03-06,2026-03-16,0.0149926634422041,2026,2025-12-31,learned_order_extension,20260910,0.43198850893548346,0.43198850893548346,0,1
annual_net_quarter_head,3669,2026-03-13,2026-03-23,-0.0364343509194254,2026,2025-12-31,learned_order_extension,20260910,0.42629911883001154,0.42629911883001154,0,0
annual_net_quarter_head,3674,2026-03-20,2026-03-30,-0.0083038829988221,2026,2025-12-31,learned_order_extension,20260910,0.4749564207401761,0.4749564207401761,0,0
annual_net_quarter_head,3679,2026-03-27,2026-04-07,-0.0035591495694504,2026,2025-12-31,learned_order_extension,20260910,0.5307522668879032,0.5307522668879032,1,0
annual_net_quarter_head,3630,2026-01-09,2026-01-19,-0.0103697336282536,2026,2025-12-31,learned_order_offset,20260910,0.5108025931769093,0.5108025931769093,1,0
annual_net_quarter_head,3635,2026-01-16,2026-01-26,-0.0010190267764643,2026,2025-12-31,learned_order_offset,20260910,0.5113982623384066,0.5113982623384066,1,0
annual_net_quarter_head,3640,2026-01-23,2026-02-02,-0.0087161586128796,2026,2025-12-31,learned_order_offset,20260910,0.2944555803643879,0.2944555803643879,0,0
annual_net_quarter_head,3645,2026-01-30,2026-02-09,0.0041482324550519,2026,2025-12-31,learned_order_offset,20260910,0.43663121014690576,0.43663121014690576,0,1
annual_net_quarter_head,3650,2026-02-06,2026-02-24,0.0071649689901505,2026,2025-12-31,learned_order_offset,20260910,0.5521384139661094,0.5521384139661094,1,1
annual_net_quarter_head,3655,2026-02-13,2026-03-02,-0.0097920588919678,2026,2025-12-31,learned_order_offset,20260910,0.42280069136931375,0.42280069136931375,0,0
annual_net_quarter_head,3659,2026-02-27,2026-03-09,-0.0172526869201304,2026,2025-12-31,learned_order_offset,20260910,0.5153156845902671,0.5153156845902671,1,0
annual_net_quarter_head,3664,2026-03-06,2026-03-16,0.0149926634422041,2026,2025-12-31,learned_order_offset,20260910,0.43177972341367155,0.43177972341367155,0,1
annual_net_quarter_head,3669,2026-03-13,2026-03-23,-0.0364343509194254,2026,2025-12-31,learned_order_offset,20260910,0.4256062271162684,0.4256062271162684,0,0
annual_net_quarter_head,3674,2026-03-20,2026-03-30,-0.0083038829988221,2026,2025-12-31,learned_order_offset,20260910,0.47357009046646403,0.47357009046646403,0,0
annual_net_quarter_head,3679,2026-03-27,2026-04-07,-0.0035591495694504,2026,2025-12-31,learned_order_offset,20260910,0.5299745221118999,0.5299745221118999,1,0
annual_net_quarter_head,3630,2026-01-09,2026-01-19,-0.0103697336282536,2026,2025-12-31,learned_market,20260911,0.5413510609744506,0.5413510609744506,1,0
annual_net_quarter_head,3635,2026-01-16,2026-01-26,-0.0010190267764643,2026,2025-12-31,learned_market,20260911,0.5314359715780813,0.5314359715780813,1,0
annual_net_quarter_head,3640,2026-01-23,2026-02-02,-0.0087161586128796,2026,2025-12-31,learned_market,20260911,0.5322660389568398,0.5322660389568398,1,0
annual_net_quarter_head,3645,2026-01-30,2026-02-09,0.0041482324550519,2026,2025-12-31,learned_market,20260911,0.45886324630014486,0.45886324630014486,0,1
annual_net_quarter_head,3650,2026-02-06,2026-02-24,0.0071649689901505,2026,2025-12-31,learned_market,20260911,0.5329149888621901,0.5329149888621901,1,1
annual_net_quarter_head,3655,2026-02-13,2026-03-02,-0.0097920588919678,2026,2025-12-31,learned_market,20260911,0.5096151640594386,0.5096151640594386,1,0
annual_net_quarter_head,3659,2026-02-27,2026-03-09,-0.0172526869201304,2026,2025-12-31,learned_market,20260911,0.5369210179709557,0.5369210179709557,1,0
annual_net_quarter_head,3664,2026-03-06,2026-03-16,0.0149926634422041,2026,2025-12-31,learned_market,20260911,0.6237121770434778,0.6237121770434778,1,1
annual_net_quarter_head,3669,2026-03-13,2026-03-23,-0.0364343509194254,2026,2025-12-31,learned_market,20260911,0.45542191984179375,0.45542191984179375,0,0
annual_net_quarter_head,3674,2026-03-20,2026-03-30,-0.0083038829988221,2026,2025-12-31,learned_market,20260911,0.46187353471109566,0.46187353471109566,0,0
annual_net_quarter_head,3679,2026-03-27,2026-04-07,-0.0035591495694504,2026,2025-12-31,learned_market,20260911,0.4403313235638202,0.4403313235638202,0,0
annual_net_quarter_head,3630,2026-01-09,2026-01-19,-0.0103697336282536,2026,2025-12-31,learned_vol_interaction,20260911,0.5419308229071979,0.5419308229071979,1,0
annual_net_quarter_head,3635,2026-01-16,2026-01-26,-0.0010190267764643,2026,2025-12-31,learned_vol_interaction,20260911,0.5357337652448725,0.5357337652448725,1,0
annual_net_quarter_head,3640,2026-01-23,2026-02-02,-0.0087161586128796,2026,2025-12-31,learned_vol_interaction,20260911,0.5371665022159147,0.5371665022159147,1,0
annual_net_quarter_head,3645,2026-01-30,2026-02-09,0.0041482324550519,2026,2025-12-31,learned_vol_interaction,20260911,0.4536669400564477,0.4536669400564477,0,1
annual_net_quarter_head,3650,2026-02-06,2026-02-24,0.0071649689901505,2026,2025-12-31,learned_vol_interaction,20260911,0.535655258471591,0.535655258471591,1,1
annual_net_quarter_head,3655,2026-02-13,2026-03-02,-0.0097920588919678,2026,2025-12-31,learned_vol_interaction,20260911,0.5053590625088199,0.5053590625088199,1,0
annual_net_quarter_head,3659,2026-02-27,2026-03-09,-0.0172526869201304,2026,2025-12-31,learned_vol_interaction,20260911,0.5322976681186429,0.5322976681186429,1,0
annual_net_quarter_head,3664,2026-03-06,2026-03-16,0.0149926634422041,2026,2025-12-31,learned_vol_interaction,20260911,0.6174856955773433,0.6174856955773433,1,1
annual_net_quarter_head,3669,2026-03-13,2026-03-23,-0.0364343509194254,2026,2025-12-31,learned_vol_interaction,20260911,0.44896092371547813,0.44896092371547813,0,0
annual_net_quarter_head,3674,2026-03-20,2026-03-30,-0.0083038829988221,2026,2025-12-31,learned_vol_interaction,20260911,0.45425867209133697,0.45425867209133697,0,0
annual_net_quarter_head,3679,2026-03-27,2026-04-07,-0.0035591495694504,2026,2025-12-31,learned_vol_interaction,20260911,0.43340188452247674,0.43340188452247674,0,0
annual_net_quarter_head,3630,2026-01-09,2026-01-19,-0.0103697336282536,2026,2025-12-31,learned_order_extension,20260911,0.5459060256811782,0.5459060256811782,1,0
annual_net_quarter_head,3635,2026-01-16,2026-01-26,-0.0010190267764643,2026,2025-12-31,learned_order_extension,20260911,0.5315584772037104,0.5315584772037104,1,0
annual_net_quarter_head,3640,2026-01-23,2026-02-02,-0.0087161586128796,2026,2025-12-31,learned_order_extension,20260911,0.5380779045961513,0.5380779045961513,1,0
annual_net_quarter_head,3645,2026-01-30,2026-02-09,0.0041482324550519,2026,2025-12-31,learned_order_extension,20260911,0.43274829616923166,0.43274829616923166,0,1
annual_net_quarter_head,3650,2026-02-06,2026-02-24,0.0071649689901505,2026,2025-12-31,learned_order_extension,20260911,0.5358238036456818,0.5358238036456818,1,1
annual_net_quarter_head,3655,2026-02-13,2026-03-02,-0.0097920588919678,2026,2025-12-31,learned_order_extension,20260911,0.5188075700840837,0.5188075700840837,1,0
annual_net_quarter_head,3659,2026-02-27,2026-03-09,-0.0172526869201304,2026,2025-12-31,learned_order_extension,20260911,0.5395237482049954,0.5395237482049954,1,0
annual_net_quarter_head,3664,2026-03-06,2026-03-16,0.0149926634422041,2026,2025-12-31,learned_order_extension,20260911,0.6721134681647395,0.6721134681647395,1,1
annual_net_quarter_head,3669,2026-03-13,2026-03-23,-0.0364343509194254,2026,2025-12-31,learned_order_extension,20260911,0.44254310728173424,0.44254310728173424,0,0
annual_net_quarter_head,3674,2026-03-20,2026-03-30,-0.0083038829988221,2026,2025-12-31,learned_order_extension,20260911,0.4378410999680901,0.4378410999680901,0,0
annual_net_quarter_head,3679,2026-03-27,2026-04-07,-0.0035591495694504,2026,2025-12-31,learned_order_extension,20260911,0.4159760364157841,0.4159760364157841,0,0
annual_net_quarter_head,3630,2026-01-09,2026-01-19,-0.0103697336282536,2026,2025-12-31,learned_order_offset,20260911,0.545843670764125,0.545843670764125,1,0
annual_net_quarter_head,3635,2026-01-16,2026-01-26,-0.0010190267764643,2026,2025-12-31,learned_order_offset,20260911,0.5315791456859873,0.5315791456859873,1,0
annual_net_quarter_head,3640,2026-01-23,2026-02-02,-0.0087161586128796,2026,2025-12-31,learned_order_offset,20260911,0.5378362799693707,0.5378362799693707,1,0
annual_net_quarter_head,3645,2026-01-30,2026-02-09,0.0041482324550519,2026,2025-12-31,learned_order_offset,20260911,0.43267035311859725,0.43267035311859725,0,1
annual_net_quarter_head,3650,2026-02-06,2026-02-24,0.0071649689901505,2026,2025-12-31,learned_order_offset,20260911,0.5355468761174008,0.5355468761174008,1,1
annual_net_quarter_head,3655,2026-02-13,2026-03-02,-0.0097920588919678,2026,2025-12-31,learned_order_offset,20260911,0.5185004295200895,0.5185004295200895,1,0
annual_net_quarter_head,3659,2026-02-27,2026-03-09,-0.0172526869201304,2026,2025-12-31,learned_order_offset,20260911,0.5394279755034715,0.5394279755034715,1,0
annual_net_quarter_head,3664,2026-03-06,2026-03-16,0.0149926634422041,2026,2025-12-31,learned_order_offset,20260911,0.6720878025271129,0.6720878025271129,1,1
annual_net_quarter_head,3669,2026-03-13,2026-03-23,-0.0364343509194254,2026,2025-12-31,learned_order_offset,20260911,0.44301866763301645,0.44301866763301645,0,0
annual_net_quarter_head,3674,2026-03-20,2026-03-30,-0.0083038829988221,2026,2025-12-31,learned_order_offset,20260911,0.4379475907087764,0.4379475907087764,0,0
annual_net_quarter_head,3679,2026-03-27,2026-04-07,-0.0035591495694504,2026,2025-12-31,learned_order_offset,20260911,0.4162726411546184,0.4162726411546184,0,0
annual_net_quarter_head,3630,2026-01-09,2026-01-19,-0.0103697336282536,2026,2025-12-31,learned_market,20260912,0.5119803822427041,0.5119803822427041,1,0
annual_net_quarter_head,3635,2026-01-16,2026-01-26,-0.0010190267764643,2026,2025-12-31,learned_market,20260912,0.5563532391014436,0.5563532391014436,1,0
annual_net_quarter_head,3640,2026-01-23,2026-02-02,-0.0087161586128796,2026,2025-12-31,learned_market,20260912,0.47986345901765604,0.47986345901765604,0,0
annual_net_quarter_head,3645,2026-01-30,2026-02-09,0.0041482324550519,2026,2025-12-31,learned_market,20260912,0.5030177692550698,0.5030177692550698,1,1
annual_net_quarter_head,3650,2026-02-06,2026-02-24,0.0071649689901505,2026,2025-12-31,learned_market,20260912,0.43906676808287387,0.43906676808287387,0,1
annual_net_quarter_head,3655,2026-02-13,2026-03-02,-0.0097920588919678,2026,2025-12-31,learned_market,20260912,0.431368044613122,0.431368044613122,0,0
annual_net_quarter_head,3659,2026-02-27,2026-03-09,-0.0172526869201304,2026,2025-12-31,learned_market,20260912,0.48137527566018024,0.48137527566018024,0,0
annual_net_quarter_head,3664,2026-03-06,2026-03-16,0.0149926634422041,2026,2025-12-31,learned_market,20260912,0.46731902499821354,0.46731902499821354,0,1
annual_net_quarter_head,3669,2026-03-13,2026-03-23,-0.0364343509194254,2026,2025-12-31,learned_market,20260912,0.5227160800792146,0.5227160800792146,1,0
annual_net_quarter_head,3674,2026-03-20,2026-03-30,-0.0083038829988221,2026,2025-12-31,learned_market,20260912,0.4464645109091068,0.4464645109091068,0,0
annual_net_quarter_head,3679,2026-03-27,2026-04-07,-0.0035591495694504,2026,2025-12-31,learned_market,20260912,0.39113208857052434,0.39113208857052434,0,0
annual_net_quarter_head,3630,2026-01-09,2026-01-19,-0.0103697336282536,2026,2025-12-31,learned_vol_interaction,20260912,0.5113420632666249,0.5113420632666249,1,0
annual_net_quarter_head,3635,2026-01-16,2026-01-26,-0.0010190267764643,2026,2025-12-31,learned_vol_interaction,20260912,0.5720485316988371,0.5720485316988371,1,0
annual_net_quarter_head,3640,2026-01-23,2026-02-02,-0.0087161586128796,2026,2025-12-31,learned_vol_interaction,20260912,0.46450523759698337,0.46450523759698337,0,0
annual_net_quarter_head,3645,2026-01-30,2026-02-09,0.0041482324550519,2026,2025-12-31,learned_vol_interaction,20260912,0.5055364466448413,0.5055364466448413,1,1
annual_net_quarter_head,3650,2026-02-06,2026-02-24,0.0071649689901505,2026,2025-12-31,learned_vol_interaction,20260912,0.42116451389141074,0.42116451389141074,0,1
annual_net_quarter_head,3655,2026-02-13,2026-03-02,-0.0097920588919678,2026,2025-12-31,learned_vol_interaction,20260912,0.4216952789502379,0.4216952789502379,0,0
annual_net_quarter_head,3659,2026-02-27,2026-03-09,-0.0172526869201304,2026,2025-12-31,learned_vol_interaction,20260912,0.46280074037648433,0.46280074037648433,0,0
annual_net_quarter_head,3664,2026-03-06,2026-03-16,0.0149926634422041,2026,2025-12-31,learned_vol_interaction,20260912,0.4454734654507731,0.4454734654507731,0,1
annual_net_quarter_head,3669,2026-03-13,2026-03-23,-0.0364343509194254,2026,2025-12-31,learned_vol_interaction,20260912,0.5162800418391823,0.5162800418391823,1,0
annual_net_quarter_head,3674,2026-03-20,2026-03-30,-0.0083038829988221,2026,2025-12-31,learned_vol_interaction,20260912,0.44815597826032155,0.44815597826032155,0,0
annual_net_quarter_head,3679,2026-03-27,2026-04-07,-0.0035591495694504,2026,2025-12-31,learned_vol_interaction,20260912,0.41145491799092687,0.41145491799092687,0,0
annual_net_quarter_head,3630,2026-01-09,2026-01-19,-0.0103697336282536,2026,2025-12-31,learned_order_extension,20260912,0.5234527600872158,0.5234527600872158,1,0
annual_net_quarter_head,3635,2026-01-16,2026-01-26,-0.0010190267764643,2026,2025-12-31,learned_order_extension,20260912,0.5847075352595175,0.5847075352595175,1,0
annual_net_quarter_head,3640,2026-01-23,2026-02-02,-0.0087161586128796,2026,2025-12-31,learned_order_extension,20260912,0.4700767353741261,0.4700767353741261,0,0
annual_net_quarter_head,3645,2026-01-30,2026-02-09,0.0041482324550519,2026,2025-12-31,learned_order_extension,20260912,0.5148835278265028,0.5148835278265028,1,1
annual_net_quarter_head,3650,2026-02-06,2026-02-24,0.0071649689901505,2026,2025-12-31,learned_order_extension,20260912,0.4220765070574473,0.4220765070574473,0,1
annual_net_quarter_head,3655,2026-02-13,2026-03-02,-0.0097920588919678,2026,2025-12-31,learned_order_extension,20260912,0.41397752179190594,0.41397752179190594,0,0
annual_net_quarter_head,3659,2026-02-27,2026-03-09,-0.0172526869201304,2026,2025-12-31,learned_order_extension,20260912,0.45946498078572456,0.45946498078572456,0,0
annual_net_quarter_head,3664,2026-03-06,2026-03-16,0.0149926634422041,2026,2025-12-31,learned_order_extension,20260912,0.44635455978232025,0.44635455978232025,0,1
annual_net_quarter_head,3669,2026-03-13,2026-03-23,-0.0364343509194254,2026,2025-12-31,learned_order_extension,20260912,0.5383866937008707,0.5383866937008707,1,0
annual_net_quarter_head,3674,2026-03-20,2026-03-30,-0.0083038829988221,2026,2025-12-31,learned_order_extension,20260912,0.43243079892634145,0.43243079892634145,0,0
annual_net_quarter_head,3679,2026-03-27,2026-04-07,-0.0035591495694504,2026,2025-12-31,learned_order_extension,20260912,0.3847558274890985,0.3847558274890985,0,0
annual_net_quarter_head,3630,2026-01-09,2026-01-19,-0.0103697336282536,2026,2025-12-31,learned_order_offset,20260912,0.5234772415055928,0.5234772415055928,1,0
annual_net_quarter_head,3635,2026-01-16,2026-01-26,-0.0010190267764643,2026,2025-12-31,learned_order_offset,20260912,0.5844150879103954,0.5844150879103954,1,0
annual_net_quarter_head,3640,2026-01-23,2026-02-02,-0.0087161586128796,2026,2025-12-31,learned_order_offset,20260912,0.46996206356235715,0.46996206356235715,0,0
annual_net_quarter_head,3645,2026-01-30,2026-02-09,0.0041482324550519,2026,2025-12-31,learned_order_offset,20260912,0.514701020079869,0.514701020079869,1,1
annual_net_quarter_head,3650,2026-02-06,2026-02-24,0.0071649689901505,2026,2025-12-31,learned_order_offset,20260912,0.42213589824970216,0.42213589824970216,0,1
annual_net_quarter_head,3655,2026-02-13,2026-03-02,-0.0097920588919678,2026,2025-12-31,learned_order_offset,20260912,0.4139092534456115,0.4139092534456115,0,0
annual_net_quarter_head,3659,2026-02-27,2026-03-09,-0.0172526869201304,2026,2025-12-31,learned_order_offset,20260912,0.4590491088219428,0.4590491088219428,0,0
annual_net_quarter_head,3664,2026-03-06,2026-03-16,0.0149926634422041,2026,2025-12-31,learned_order_offset,20260912,0.4464707132363767,0.4464707132363767,0,1
annual_net_quarter_head,3669,2026-03-13,2026-03-23,-0.0364343509194254,2026,2025-12-31,learned_order_offset,20260912,0.5384561051408137,0.5384561051408137,1,0
annual_net_quarter_head,3674,2026-03-20,2026-03-30,-0.0083038829988221,2026,2025-12-31,learned_order_offset,20260912,0.43269622737784763,0.43269622737784763,0,0
annual_net_quarter_head,3679,2026-03-27,2026-04-07,-0.0035591495694504,2026,2025-12-31,learned_order_offset,20260912,0.3852504154330894,0.3852504154330894,0,0
annual_net_quarter_head,3684,2026-04-03,2026-04-13,0.0380736235508991,2026,2026-03-31,learned_market,20260910,0.500921428623025,0.500921428623025,1,1
annual_net_quarter_head,3688,2026-04-10,2026-04-20,0.0242766725964382,2026,2026-03-31,learned_market,20260910,0.417220934897951,0.417220934897951,0,1
annual_net_quarter_head,3693,2026-04-17,2026-04-27,0.010401572188011,2026,2026-03-31,learned_market,20260910,0.527163667224929,0.527163667224929,1,1
annual_net_quarter_head,3698,2026-04-24,2026-05-11,0.0263674696524953,2026,2026-03-31,learned_market,20260910,0.5469264573405419,0.5469264573405419,1,1
annual_net_quarter_head,3705,2026-05-08,2026-05-18,-0.0134529239455926,2026,2026-03-31,learned_market,20260910,0.7682659336787131,0.7682659336787131,1,0
annual_net_quarter_head,3710,2026-05-15,2026-05-25,0.0076235492615268,2026,2026-03-31,learned_market,20260910,0.8087777166633275,0.8087777166633275,1,1
annual_net_quarter_head,3715,2026-05-22,2026-06-01,0.005068538126898,2026,2026-03-31,learned_market,20260910,0.33426317368432656,0.33426317368432656,0,1
annual_net_quarter_head,3720,2026-05-29,2026-06-08,-0.039635353927193,2026,2026-03-31,learned_market,20260910,0.4025187413723942,0.4025187413723942,0,0
annual_net_quarter_head,3725,2026-06-05,2026-06-15,0.0266849782195981,2026,2026-03-31,learned_market,20260910,0.4670958894972185,0.4670958894972185,0,1
annual_net_quarter_head,3730,2026-06-12,2026-06-29,0.0076098142791176,2026,2026-03-31,learned_market,20260910,0.4387610520946671,0.4387610520946671,0,1
annual_net_quarter_head,3739,2026-06-26,2026-07-06,0.0005137647861506,2026,2026-03-31,learned_market,20260910,0.49939135670978296,0.49939135670978296,0,1
annual_net_quarter_head,3684,2026-04-03,2026-04-13,0.0380736235508991,2026,2026-03-31,learned_vol_interaction,20260910,0.5021487881919123,0.5021487881919123,1,1
annual_net_quarter_head,3688,2026-04-10,2026-04-20,0.0242766725964382,2026,2026-03-31,learned_vol_interaction,20260910,0.4249086896013059,0.4249086896013059,0,1
annual_net_quarter_head,3693,2026-04-17,2026-04-27,0.010401572188011,2026,2026-03-31,learned_vol_interaction,20260910,0.5265492873791253,0.5265492873791253,1,1
annual_net_quarter_head,3698,2026-04-24,2026-05-11,0.0263674696524953,2026,2026-03-31,learned_vol_interaction,20260910,0.5484752137073,0.5484752137073,1,1
annual_net_quarter_head,3705,2026-05-08,2026-05-18,-0.0134529239455926,2026,2026-03-31,learned_vol_interaction,20260910,0.7701935983232581,0.7701935983232581,1,0
annual_net_quarter_head,3710,2026-05-15,2026-05-25,0.0076235492615268,2026,2026-03-31,learned_vol_interaction,20260910,0.8130188737317756,0.8130188737317756,1,1
annual_net_quarter_head,3715,2026-05-22,2026-06-01,0.005068538126898,2026,2026-03-31,learned_vol_interaction,20260910,0.33563763892628956,0.33563763892628956,0,1
annual_net_quarter_head,3720,2026-05-29,2026-06-08,-0.039635353927193,2026,2026-03-31,learned_vol_interaction,20260910,0.40382003896742064,0.40382003896742064,0,0
annual_net_quarter_head,3725,2026-06-05,2026-06-15,0.0266849782195981,2026,2026-03-31,learned_vol_interaction,20260910,0.46807383564266913,0.46807383564266913,0,1
annual_net_quarter_head,3730,2026-06-12,2026-06-29,0.0076098142791176,2026,2026-03-31,learned_vol_interaction,20260910,0.440335538000301,0.440335538000301,0,1
annual_net_quarter_head,3739,2026-06-26,2026-07-06,0.0005137647861506,2026,2026-03-31,learned_vol_interaction,20260910,0.5048322033088524,0.5048322033088524,1,1
annual_net_quarter_head,3684,2026-04-03,2026-04-13,0.0380736235508991,2026,2026-03-31,learned_order_extension,20260910,0.49163287015091733,0.49163287015091733,0,1
annual_net_quarter_head,3688,2026-04-10,2026-04-20,0.0242766725964382,2026,2026-03-31,learned_order_extension,20260910,0.43655435327066594,0.43655435327066594,0,1
annual_net_quarter_head,3693,2026-04-17,2026-04-27,0.010401572188011,2026,2026-03-31,learned_order_extension,20260910,0.5115408023559217,0.5115408023559217,1,1
annual_net_quarter_head,3698,2026-04-24,2026-05-11,0.0263674696524953,2026,2026-03-31,learned_order_extension,20260910,0.5392566316104205,0.5392566316104205,1,1
annual_net_quarter_head,3705,2026-05-08,2026-05-18,-0.0134529239455926,2026,2026-03-31,learned_order_extension,20260910,0.7273892594686548,0.7273892594686548,1,0
annual_net_quarter_head,3710,2026-05-15,2026-05-25,0.0076235492615268,2026,2026-03-31,learned_order_extension,20260910,0.7546349814780358,0.7546349814780358,1,1
annual_net_quarter_head,3715,2026-05-22,2026-06-01,0.005068538126898,2026,2026-03-31,learned_order_extension,20260910,0.3624085074541049,0.3624085074541049,0,1
annual_net_quarter_head,3720,2026-05-29,2026-06-08,-0.039635353927193,2026,2026-03-31,learned_order_extension,20260910,0.42908587872926424,0.42908587872926424,0,0
annual_net_quarter_head,3725,2026-06-05,2026-06-15,0.0266849782195981,2026,2026-03-31,learned_order_extension,20260910,0.47923934734316054,0.47923934734316054,0,1
annual_net_quarter_head,3730,2026-06-12,2026-06-29,0.0076098142791176,2026,2026-03-31,learned_order_extension,20260910,0.4539417486978038,0.4539417486978038,0,1
annual_net_quarter_head,3739,2026-06-26,2026-07-06,0.0005137647861506,2026,2026-03-31,learned_order_extension,20260910,0.5022869357396973,0.5022869357396973,1,1
annual_net_quarter_head,3684,2026-04-03,2026-04-13,0.0380736235508991,2026,2026-03-31,learned_order_offset,20260910,0.49116478351519005,0.49116478351519005,0,1
annual_net_quarter_head,3688,2026-04-10,2026-04-20,0.0242766725964382,2026,2026-03-31,learned_order_offset,20260910,0.4365198331919265,0.4365198331919265,0,1
annual_net_quarter_head,3693,2026-04-17,2026-04-27,0.010401572188011,2026,2026-03-31,learned_order_offset,20260910,0.5109938242762456,0.5109938242762456,1,1
annual_net_quarter_head,3698,2026-04-24,2026-05-11,0.0263674696524953,2026,2026-03-31,learned_order_offset,20260910,0.539271219917021,0.539271219917021,1,1
annual_net_quarter_head,3705,2026-05-08,2026-05-18,-0.0134529239455926,2026,2026-03-31,learned_order_offset,20260910,0.7271232776809804,0.7271232776809804,1,0
annual_net_quarter_head,3710,2026-05-15,2026-05-25,0.0076235492615268,2026,2026-03-31,learned_order_offset,20260910,0.7540105362277024,0.7540105362277024,1,1
annual_net_quarter_head,3715,2026-05-22,2026-06-01,0.005068538126898,2026,2026-03-31,learned_order_offset,20260910,0.3623814929482866,0.3623814929482866,0,1
annual_net_quarter_head,3720,2026-05-29,2026-06-08,-0.039635353927193,2026,2026-03-31,learned_order_offset,20260910,0.4288688003084016,0.4288688003084016,0,0
annual_net_quarter_head,3725,2026-06-05,2026-06-15,0.0266849782195981,2026,2026-03-31,learned_order_offset,20260910,0.4790850291412005,0.4790850291412005,0,1
annual_net_quarter_head,3730,2026-06-12,2026-06-29,0.0076098142791176,2026,2026-03-31,learned_order_offset,20260910,0.4541131597916348,0.4541131597916348,0,1
annual_net_quarter_head,3739,2026-06-26,2026-07-06,0.0005137647861506,2026,2026-03-31,learned_order_offset,20260910,0.5014072728372947,0.5014072728372947,1,1
annual_net_quarter_head,3684,2026-04-03,2026-04-13,0.0380736235508991,2026,2026-03-31,learned_market,20260911,0.48883133039266585,0.48883133039266585,0,1
annual_net_quarter_head,3688,2026-04-10,2026-04-20,0.0242766725964382,2026,2026-03-31,learned_market,20260911,0.42114022496941717,0.42114022496941717,0,1
annual_net_quarter_head,3693,2026-04-17,2026-04-27,0.010401572188011,2026,2026-03-31,learned_market,20260911,0.46298569860754235,0.46298569860754235,0,1
annual_net_quarter_head,3698,2026-04-24,2026-05-11,0.0263674696524953,2026,2026-03-31,learned_market,20260911,0.40530492907820437,0.40530492907820437,0,1
annual_net_quarter_head,3705,2026-05-08,2026-05-18,-0.0134529239455926,2026,2026-03-31,learned_market,20260911,0.4023577523989304,0.4023577523989304,0,0
annual_net_quarter_head,3710,2026-05-15,2026-05-25,0.0076235492615268,2026,2026-03-31,learned_market,20260911,0.4685704172995935,0.4685704172995935,0,1
annual_net_quarter_head,3715,2026-05-22,2026-06-01,0.005068538126898,2026,2026-03-31,learned_market,20260911,0.5424336363506221,0.5424336363506221,1,1
annual_net_quarter_head,3720,2026-05-29,2026-06-08,-0.039635353927193,2026,2026-03-31,learned_market,20260911,0.5309994502598565,0.5309994502598565,1,0
annual_net_quarter_head,3725,2026-06-05,2026-06-15,0.0266849782195981,2026,2026-03-31,learned_market,20260911,0.43883154483002573,0.43883154483002573,0,1
annual_net_quarter_head,3730,2026-06-12,2026-06-29,0.0076098142791176,2026,2026-03-31,learned_market,20260911,0.3316912940404421,0.3316912940404421,0,1
annual_net_quarter_head,3739,2026-06-26,2026-07-06,0.0005137647861506,2026,2026-03-31,learned_market,20260911,0.4765235814433705,0.4765235814433705,0,1
annual_net_quarter_head,3684,2026-04-03,2026-04-13,0.0380736235508991,2026,2026-03-31,learned_vol_interaction,20260911,0.4921892110088556,0.4921892110088556,0,1
annual_net_quarter_head,3688,2026-04-10,2026-04-20,0.0242766725964382,2026,2026-03-31,learned_vol_interaction,20260911,0.44278413043574527,0.44278413043574527,0,1
annual_net_quarter_head,3693,2026-04-17,2026-04-27,0.010401572188011,2026,2026-03-31,learned_vol_interaction,20260911,0.4782541865654743,0.4782541865654743,0,1
annual_net_quarter_head,3698,2026-04-24,2026-05-11,0.0263674696524953,2026,2026-03-31,learned_vol_interaction,20260911,0.41953988541081283,0.41953988541081283,0,1
annual_net_quarter_head,3705,2026-05-08,2026-05-18,-0.0134529239455926,2026,2026-03-31,learned_vol_interaction,20260911,0.42084709682526167,0.42084709682526167,0,0
annual_net_quarter_head,3710,2026-05-15,2026-05-25,0.0076235492615268,2026,2026-03-31,learned_vol_interaction,20260911,0.4724849617996927,0.4724849617996927,0,1
annual_net_quarter_head,3715,2026-05-22,2026-06-01,0.005068538126898,2026,2026-03-31,learned_vol_interaction,20260911,0.5446999548209525,0.5446999548209525,1,1
annual_net_quarter_head,3720,2026-05-29,2026-06-08,-0.039635353927193,2026,2026-03-31,learned_vol_interaction,20260911,0.5213689780574956,0.5213689780574956,1,0
annual_net_quarter_head,3725,2026-06-05,2026-06-15,0.0266849782195981,2026,2026-03-31,learned_vol_interaction,20260911,0.4286269464447765,0.4286269464447765,0,1
annual_net_quarter_head,3730,2026-06-12,2026-06-29,0.0076098142791176,2026,2026-03-31,learned_vol_interaction,20260911,0.32872421585474076,0.32872421585474076,0,1
annual_net_quarter_head,3739,2026-06-26,2026-07-06,0.0005137647861506,2026,2026-03-31,learned_vol_interaction,20260911,0.5078456363311753,0.5078456363311753,1,1
annual_net_quarter_head,3684,2026-04-03,2026-04-13,0.0380736235508991,2026,2026-03-31,learned_order_extension,20260911,0.5136507835118683,0.5136507835118683,1,1
annual_net_quarter_head,3688,2026-04-10,2026-04-20,0.0242766725964382,2026,2026-03-31,learned_order_extension,20260911,0.3971363100720877,0.3971363100720877,0,1
annual_net_quarter_head,3693,2026-04-17,2026-04-27,0.010401572188011,2026,2026-03-31,learned_order_extension,20260911,0.45623597724972,0.45623597724972,0,1
annual_net_quarter_head,3698,2026-04-24,2026-05-11,0.0263674696524953,2026,2026-03-31,learned_order_extension,20260911,0.38430362395290796,0.38430362395290796,0,1
annual_net_quarter_head,3705,2026-05-08,2026-05-18,-0.0134529239455926,2026,2026-03-31,learned_order_extension,20260911,0.3690079608518932,0.3690079608518932,0,0
annual_net_quarter_head,3710,2026-05-15,2026-05-25,0.0076235492615268,2026,2026-03-31,learned_order_extension,20260911,0.45549270412804227,0.45549270412804227,0,1
annual_net_quarter_head,3715,2026-05-22,2026-06-01,0.005068538126898,2026,2026-03-31,learned_order_extension,20260911,0.5675961428607245,0.5675961428607245,1,1
annual_net_quarter_head,3720,2026-05-29,2026-06-08,-0.039635353927193,2026,2026-03-31,learned_order_extension,20260911,0.5335480778914483,0.5335480778914483,1,0
annual_net_quarter_head,3725,2026-06-05,2026-06-15,0.0266849782195981,2026,2026-03-31,learned_order_extension,20260911,0.3801633206681618,0.3801633206681618,0,1
annual_net_quarter_head,3730,2026-06-12,2026-06-29,0.0076098142791176,2026,2026-03-31,learned_order_extension,20260911,0.24383216112249415,0.24383216112249415,0,1
annual_net_quarter_head,3739,2026-06-26,2026-07-06,0.0005137647861506,2026,2026-03-31,learned_order_extension,20260911,0.4644281633730952,0.4644281633730952,0,1
annual_net_quarter_head,3684,2026-04-03,2026-04-13,0.0380736235508991,2026,2026-03-31,learned_order_offset,20260911,0.513503481536339,0.513503481536339,1,1
annual_net_quarter_head,3688,2026-04-10,2026-04-20,0.0242766725964382,2026,2026-03-31,learned_order_offset,20260911,0.3967947930074267,0.3967947930074267,0,1
annual_net_quarter_head,3693,2026-04-17,2026-04-27,0.010401572188011,2026,2026-03-31,learned_order_offset,20260911,0.45627992933555256,0.45627992933555256,0,1
annual_net_quarter_head,3698,2026-04-24,2026-05-11,0.0263674696524953,2026,2026-03-31,learned_order_offset,20260911,0.384307622022781,0.384307622022781,0,1
annual_net_quarter_head,3705,2026-05-08,2026-05-18,-0.0134529239455926,2026,2026-03-31,learned_order_offset,20260911,0.36905066615826726,0.36905066615826726,0,0
annual_net_quarter_head,3710,2026-05-15,2026-05-25,0.0076235492615268,2026,2026-03-31,learned_order_offset,20260911,0.45581892614326963,0.45581892614326963,0,1
annual_net_quarter_head,3715,2026-05-22,2026-06-01,0.005068538126898,2026,2026-03-31,learned_order_offset,20260911,0.567351692831496,0.567351692831496,1,1
annual_net_quarter_head,3720,2026-05-29,2026-06-08,-0.039635353927193,2026,2026-03-31,learned_order_offset,20260911,0.5336616018107616,0.5336616018107616,1,0
annual_net_quarter_head,3725,2026-06-05,2026-06-15,0.0266849782195981,2026,2026-03-31,learned_order_offset,20260911,0.38052410908901013,0.38052410908901013,0,1
annual_net_quarter_head,3730,2026-06-12,2026-06-29,0.0076098142791176,2026,2026-03-31,learned_order_offset,20260911,0.24412484472495186,0.24412484472495186,0,1
annual_net_quarter_head,3739,2026-06-26,2026-07-06,0.0005137647861506,2026,2026-03-31,learned_order_offset,20260911,0.46411204291002117,0.46411204291002117,0,1
annual_net_quarter_head,3684,2026-04-03,2026-04-13,0.0380736235508991,2026,2026-03-31,learned_market,20260912,0.43590245613811895,0.43590245613811895,0,1
annual_net_quarter_head,3688,2026-04-10,2026-04-20,0.0242766725964382,2026,2026-03-31,learned_market,20260912,0.49016532359308046,0.49016532359308046,0,1
annual_net_quarter_head,3693,2026-04-17,2026-04-27,0.010401572188011,2026,2026-03-31,learned_market,20260912,0.4045164951406589,0.4045164951406589,0,1
annual_net_quarter_head,3698,2026-04-24,2026-05-11,0.0263674696524953,2026,2026-03-31,learned_market,20260912,0.4233757903194384,0.4233757903194384,0,1
annual_net_quarter_head,3705,2026-05-08,2026-05-18,-0.0134529239455926,2026,2026-03-31,learned_market,20260912,0.4577176545579451,0.4577176545579451,0,0
annual_net_quarter_head,3710,2026-05-15,2026-05-25,0.0076235492615268,2026,2026-03-31,learned_market,20260912,0.5234605315608276,0.5234605315608276,1,1
annual_net_quarter_head,3715,2026-05-22,2026-06-01,0.005068538126898,2026,2026-03-31,learned_market,20260912,0.518832410137101,0.518832410137101,1,1
annual_net_quarter_head,3720,2026-05-29,2026-06-08,-0.039635353927193,2026,2026-03-31,learned_market,20260912,0.4878937412422582,0.4878937412422582,0,0
annual_net_quarter_head,3725,2026-06-05,2026-06-15,0.0266849782195981,2026,2026-03-31,learned_market,20260912,0.5046104981053419,0.5046104981053419,1,1
annual_net_quarter_head,3730,2026-06-12,2026-06-29,0.0076098142791176,2026,2026-03-31,learned_market,20260912,0.48839392198314624,0.48839392198314624,0,1
annual_net_quarter_head,3739,2026-06-26,2026-07-06,0.0005137647861506,2026,2026-03-31,learned_market,20260912,0.5425496860770749,0.5425496860770749,1,1
annual_net_quarter_head,3684,2026-04-03,2026-04-13,0.0380736235508991,2026,2026-03-31,learned_vol_interaction,20260912,0.45647704843822984,0.45647704843822984,0,1
annual_net_quarter_head,3688,2026-04-10,2026-04-20,0.0242766725964382,2026,2026-03-31,learned_vol_interaction,20260912,0.47669011524220667,0.47669011524220667,0,1
annual_net_quarter_head,3693,2026-04-17,2026-04-27,0.010401572188011,2026,2026-03-31,learned_vol_interaction,20260912,0.454891521756198,0.454891521756198,0,1
annual_net_quarter_head,3698,2026-04-24,2026-05-11,0.0263674696524953,2026,2026-03-31,learned_vol_interaction,20260912,0.41806870473773705,0.41806870473773705,0,1
annual_net_quarter_head,3705,2026-05-08,2026-05-18,-0.0134529239455926,2026,2026-03-31,learned_vol_interaction,20260912,0.43698595169932436,0.43698595169932436,0,0
annual_net_quarter_head,3710,2026-05-15,2026-05-25,0.0076235492615268,2026,2026-03-31,learned_vol_interaction,20260912,0.5081662727870591,0.5081662727870591,1,1
annual_net_quarter_head,3715,2026-05-22,2026-06-01,0.005068538126898,2026,2026-03-31,learned_vol_interaction,20260912,0.500109421447483,0.500109421447483,1,1
annual_net_quarter_head,3720,2026-05-29,2026-06-08,-0.039635353927193,2026,2026-03-31,learned_vol_interaction,20260912,0.4874133555738865,0.4874133555738865,0,0
annual_net_quarter_head,3725,2026-06-05,2026-06-15,0.0266849782195981,2026,2026-03-31,learned_vol_interaction,20260912,0.48911002797763625,0.48911002797763625,0,1
annual_net_quarter_head,3730,2026-06-12,2026-06-29,0.0076098142791176,2026,2026-03-31,learned_vol_interaction,20260912,0.47635500077369053,0.47635500077369053,0,1
annual_net_quarter_head,3739,2026-06-26,2026-07-06,0.0005137647861506,2026,2026-03-31,learned_vol_interaction,20260912,0.5298925503721558,0.5298925503721558,1,1
annual_net_quarter_head,3684,2026-04-03,2026-04-13,0.0380736235508991,2026,2026-03-31,learned_order_extension,20260912,0.4463026203078273,0.4463026203078273,0,1
annual_net_quarter_head,3688,2026-04-10,2026-04-20,0.0242766725964382,2026,2026-03-31,learned_order_extension,20260912,0.4803869290325693,0.4803869290325693,0,1
annual_net_quarter_head,3693,2026-04-17,2026-04-27,0.010401572188011,2026,2026-03-31,learned_order_extension,20260912,0.42213151103020446,0.42213151103020446,0,1
annual_net_quarter_head,3698,2026-04-24,2026-05-11,0.0263674696524953,2026,2026-03-31,learned_order_extension,20260912,0.40499875289705994,0.40499875289705994,0,1
annual_net_quarter_head,3705,2026-05-08,2026-05-18,-0.0134529239455926,2026,2026-03-31,learned_order_extension,20260912,0.43527010942007277,0.43527010942007277,0,0
annual_net_quarter_head,3710,2026-05-15,2026-05-25,0.0076235492615268,2026,2026-03-31,learned_order_extension,20260912,0.5244299867845983,0.5244299867845983,1,1
annual_net_quarter_head,3715,2026-05-22,2026-06-01,0.005068538126898,2026,2026-03-31,learned_order_extension,20260912,0.5050184894264644,0.5050184894264644,1,1
annual_net_quarter_head,3720,2026-05-29,2026-06-08,-0.039635353927193,2026,2026-03-31,learned_order_extension,20260912,0.4832262430965944,0.4832262430965944,0,0
annual_net_quarter_head,3725,2026-06-05,2026-06-15,0.0266849782195981,2026,2026-03-31,learned_order_extension,20260912,0.4830672564262446,0.4830672564262446,0,1
annual_net_quarter_head,3730,2026-06-12,2026-06-29,0.0076098142791176,2026,2026-03-31,learned_order_extension,20260912,0.4658718517027804,0.4658718517027804,0,1
annual_net_quarter_head,3739,2026-06-26,2026-07-06,0.0005137647861506,2026,2026-03-31,learned_order_extension,20260912,0.5285164738640362,0.5285164738640362,1,1
annual_net_quarter_head,3684,2026-04-03,2026-04-13,0.0380736235508991,2026,2026-03-31,learned_order_offset,20260912,0.44647305299362616,0.44647305299362616,0,1
annual_net_quarter_head,3688,2026-04-10,2026-04-20,0.0242766725964382,2026,2026-03-31,learned_order_offset,20260912,0.4805324358349092,0.4805324358349092,0,1
annual_net_quarter_head,3693,2026-04-17,2026-04-27,0.010401572188011,2026,2026-03-31,learned_order_offset,20260912,0.4220337402855242,0.4220337402855242,0,1
annual_net_quarter_head,3698,2026-04-24,2026-05-11,0.0263674696524953,2026,2026-03-31,learned_order_offset,20260912,0.40486273881474427,0.40486273881474427,0,1
annual_net_quarter_head,3705,2026-05-08,2026-05-18,-0.0134529239455926,2026,2026-03-31,learned_order_offset,20260912,0.4349551283963263,0.4349551283963263,0,0
annual_net_quarter_head,3710,2026-05-15,2026-05-25,0.0076235492615268,2026,2026-03-31,learned_order_offset,20260912,0.5241680058113234,0.5241680058113234,1,1
annual_net_quarter_head,3715,2026-05-22,2026-06-01,0.005068538126898,2026,2026-03-31,learned_order_offset,20260912,0.504797911622451,0.504797911622451,1,1
annual_net_quarter_head,3720,2026-05-29,2026-06-08,-0.039635353927193,2026,2026-03-31,learned_order_offset,20260912,0.48303655286189623,0.48303655286189623,0,0
annual_net_quarter_head,3725,2026-06-05,2026-06-15,0.0266849782195981,2026,2026-03-31,learned_order_offset,20260912,0.4828531760849617,0.4828531760849617,0,1
annual_net_quarter_head,3730,2026-06-12,2026-06-29,0.0076098142791176,2026,2026-03-31,learned_order_offset,20260912,0.46572364757552726,0.46572364757552726,0,1
annual_net_quarter_head,3739,2026-06-26,2026-07-06,0.0005137647861506,2026,2026-03-31,learned_order_offset,20260912,0.5282280017072426,0.5282280017072426,1,1
annual_net_quarter_head,3744,2026-07-03,2026-07-13,-0.0252847876365399,2026,2026-06-30,learned_market,20260910,0.5599285297229586,0.5599285297229586,1,0
annual_net_quarter_head,3749,2026-07-10,2026-07-20,-0.035775397012711,2026,2026-06-30,learned_market,20260910,0.6135276663199726,0.6135276663199726,1,0
annual_net_quarter_head,3754,2026-07-17,2026-07-27,0.01756245533441,2026,2026-06-30,learned_market,20260910,0.5690788157719395,0.5690788157719395,1,1
annual_net_quarter_head,3759,2026-07-24,2026-08-03,-0.0202339761556519,2026,2026-06-30,learned_market,20260910,0.5813638374946696,0.5813638374946696,1,0
annual_net_quarter_head,3764,2026-07-31,2026-08-10,0.0300318732435738,2026,2026-06-30,learned_market,20260910,0.30033590682652395,0.30033590682652395,0,1
annual_net_quarter_head,3769,2026-08-07,2026-08-17,-0.0056482265760339,2026,2026-06-30,learned_market,20260910,0.5641994269014817,0.5641994269014817,1,0
annual_net_quarter_head,3774,2026-08-14,2026-08-24,-0.0109860710402629,2026,2026-06-30,learned_market,20260910,0.5804155317645325,0.5804155317645325,1,0
annual_net_quarter_head,3779,2026-08-21,2026-08-31,-0.0127592811002066,2026,2026-06-30,learned_market,20260910,0.6874694752700536,0.6874694752700536,1,0
annual_net_quarter_head,3744,2026-07-03,2026-07-13,-0.0252847876365399,2026,2026-06-30,learned_vol_interaction,20260910,0.575239312199917,0.575239312199917,1,0
annual_net_quarter_head,3749,2026-07-10,2026-07-20,-0.035775397012711,2026,2026-06-30,learned_vol_interaction,20260910,0.6045219847025832,0.6045219847025832,1,0
annual_net_quarter_head,3754,2026-07-17,2026-07-27,0.01756245533441,2026,2026-06-30,learned_vol_interaction,20260910,0.5597456758463283,0.5597456758463283,1,1
annual_net_quarter_head,3759,2026-07-24,2026-08-03,-0.0202339761556519,2026,2026-06-30,learned_vol_interaction,20260910,0.5815342118496607,0.5815342118496607,1,0
annual_net_quarter_head,3764,2026-07-31,2026-08-10,0.0300318732435738,2026,2026-06-30,learned_vol_interaction,20260910,0.34632758435840977,0.34632758435840977,0,1
annual_net_quarter_head,3769,2026-08-07,2026-08-17,-0.0056482265760339,2026,2026-06-30,learned_vol_interaction,20260910,0.5567199135800321,0.5567199135800321,1,0
annual_net_quarter_head,3774,2026-08-14,2026-08-24,-0.0109860710402629,2026,2026-06-30,learned_vol_interaction,20260910,0.5714761257109624,0.5714761257109624,1,0
annual_net_quarter_head,3779,2026-08-21,2026-08-31,-0.0127592811002066,2026,2026-06-30,learned_vol_interaction,20260910,0.6821045802282105,0.6821045802282105,1,0
annual_net_quarter_head,3744,2026-07-03,2026-07-13,-0.0252847876365399,2026,2026-06-30,learned_order_extension,20260910,0.5756959770616964,0.5756959770616964,1,0
annual_net_quarter_head,3749,2026-07-10,2026-07-20,-0.035775397012711,2026,2026-06-30,learned_order_extension,20260910,0.5781975302818803,0.5781975302818803,1,0
annual_net_quarter_head,3754,2026-07-17,2026-07-27,0.01756245533441,2026,2026-06-30,learned_order_extension,20260910,0.5414103036402572,0.5414103036402572,1,1
annual_net_quarter_head,3759,2026-07-24,2026-08-03,-0.0202339761556519,2026,2026-06-30,learned_order_extension,20260910,0.5688765226522153,0.5688765226522153,1,0
annual_net_quarter_head,3764,2026-07-31,2026-08-10,0.0300318732435738,2026,2026-06-30,learned_order_extension,20260910,0.38623401427576937,0.38623401427576937,0,1
annual_net_quarter_head,3769,2026-08-07,2026-08-17,-0.0056482265760339,2026,2026-06-30,learned_order_extension,20260910,0.5326990875270514,0.5326990875270514,1,0
annual_net_quarter_head,3774,2026-08-14,2026-08-24,-0.0109860710402629,2026,2026-06-30,learned_order_extension,20260910,0.5453587534797509,0.5453587534797509,1,0
annual_net_quarter_head,3779,2026-08-21,2026-08-31,-0.0127592811002066,2026,2026-06-30,learned_order_extension,20260910,0.6370092324527576,0.6370092324527576,1,0
annual_net_quarter_head,3744,2026-07-03,2026-07-13,-0.0252847876365399,2026,2026-06-30,learned_order_offset,20260910,0.5751325400079049,0.5751325400079049,1,0
annual_net_quarter_head,3749,2026-07-10,2026-07-20,-0.035775397012711,2026,2026-06-30,learned_order_offset,20260910,0.5773058844773421,0.5773058844773421,1,0
annual_net_quarter_head,3754,2026-07-17,2026-07-27,0.01756245533441,2026,2026-06-30,learned_order_offset,20260910,0.5407406976757086,0.5407406976757086,1,1
annual_net_quarter_head,3759,2026-07-24,2026-08-03,-0.0202339761556519,2026,2026-06-30,learned_order_offset,20260910,0.568128378855401,0.568128378855401,1,0
annual_net_quarter_head,3764,2026-07-31,2026-08-10,0.0300318732435738,2026,2026-06-30,learned_order_offset,20260910,0.3867605078988954,0.3867605078988954,0,1
annual_net_quarter_head,3769,2026-08-07,2026-08-17,-0.0056482265760339,2026,2026-06-30,learned_order_offset,20260910,0.532320956592588,0.532320956592588,1,0
annual_net_quarter_head,3774,2026-08-14,2026-08-24,-0.0109860710402629,2026,2026-06-30,learned_order_offset,20260910,0.5451653012800997,0.5451653012800997,1,0
annual_net_quarter_head,3779,2026-08-21,2026-08-31,-0.0127592811002066,2026,2026-06-30,learned_order_offset,20260910,0.6360713138720621,0.6360713138720621,1,0
annual_net_quarter_head,3744,2026-07-03,2026-07-13,-0.0252847876365399,2026,2026-06-30,learned_market,20260911,0.4994680582654213,0.4994680582654213,0,0
annual_net_quarter_head,3749,2026-07-10,2026-07-20,-0.035775397012711,2026,2026-06-30,learned_market,20260911,0.45694587956704097,0.45694587956704097,0,0
annual_net_quarter_head,3754,2026-07-17,2026-07-27,0.01756245533441,2026,2026-06-30,learned_market,20260911,0.49215686857282626,0.49215686857282626,0,1
annual_net_quarter_head,3759,2026-07-24,2026-08-03,-0.0202339761556519,2026,2026-06-30,learned_market,20260911,0.5155684461266028,0.5155684461266028,1,0
annual_net_quarter_head,3764,2026-07-31,2026-08-10,0.0300318732435738,2026,2026-06-30,learned_market,20260911,0.5000606450347674,0.5000606450347674,1,1
annual_net_quarter_head,3769,2026-08-07,2026-08-17,-0.0056482265760339,2026,2026-06-30,learned_market,20260911,0.37257087474186634,0.37257087474186634,0,0
annual_net_quarter_head,3774,2026-08-14,2026-08-24,-0.0109860710402629,2026,2026-06-30,learned_market,20260911,0.503285312194763,0.503285312194763,1,0
annual_net_quarter_head,3779,2026-08-21,2026-08-31,-0.0127592811002066,2026,2026-06-30,learned_market,20260911,0.4795388183999167,0.4795388183999167,0,0
annual_net_quarter_head,3744,2026-07-03,2026-07-13,-0.0252847876365399,2026,2026-06-30,learned_vol_interaction,20260911,0.580345429435868,0.580345429435868,1,0
annual_net_quarter_head,3749,2026-07-10,2026-07-20,-0.035775397012711,2026,2026-06-30,learned_vol_interaction,20260911,0.535728733855756,0.535728733855756,1,0
annual_net_quarter_head,3754,2026-07-17,2026-07-27,0.01756245533441,2026,2026-06-30,learned_vol_interaction,20260911,0.5388525823053826,0.5388525823053826,1,1
annual_net_quarter_head,3759,2026-07-24,2026-08-03,-0.0202339761556519,2026,2026-06-30,learned_vol_interaction,20260911,0.557164502553373,0.557164502553373,1,0
annual_net_quarter_head,3764,2026-07-31,2026-08-10,0.0300318732435738,2026,2026-06-30,learned_vol_interaction,20260911,0.5260928515617117,0.5260928515617117,1,1
annual_net_quarter_head,3769,2026-08-07,2026-08-17,-0.0056482265760339,2026,2026-06-30,learned_vol_interaction,20260911,0.4793634406096686,0.4793634406096686,0,0
annual_net_quarter_head,3774,2026-08-14,2026-08-24,-0.0109860710402629,2026,2026-06-30,learned_vol_interaction,20260911,0.5111082400072774,0.5111082400072774,1,0
annual_net_quarter_head,3779,2026-08-21,2026-08-31,-0.0127592811002066,2026,2026-06-30,learned_vol_interaction,20260911,0.4851649366883323,0.4851649366883323,0,0
annual_net_quarter_head,3744,2026-07-03,2026-07-13,-0.0252847876365399,2026,2026-06-30,learned_order_extension,20260911,0.5956259286126875,0.5956259286126875,1,0
annual_net_quarter_head,3749,2026-07-10,2026-07-20,-0.035775397012711,2026,2026-06-30,learned_order_extension,20260911,0.5506897503392826,0.5506897503392826,1,0
annual_net_quarter_head,3754,2026-07-17,2026-07-27,0.01756245533441,2026,2026-06-30,learned_order_extension,20260911,0.5430544286460877,0.5430544286460877,1,1
annual_net_quarter_head,3759,2026-07-24,2026-08-03,-0.0202339761556519,2026,2026-06-30,learned_order_extension,20260911,0.5621081047843275,0.5621081047843275,1,0
annual_net_quarter_head,3764,2026-07-31,2026-08-10,0.0300318732435738,2026,2026-06-30,learned_order_extension,20260911,0.5285362723533994,0.5285362723533994,1,1
annual_net_quarter_head,3769,2026-08-07,2026-08-17,-0.0056482265760339,2026,2026-06-30,learned_order_extension,20260911,0.5026493697599066,0.5026493697599066,1,0
annual_net_quarter_head,3774,2026-08-14,2026-08-24,-0.0109860710402629,2026,2026-06-30,learned_order_extension,20260911,0.5110610567569233,0.5110610567569233,1,0
annual_net_quarter_head,3779,2026-08-21,2026-08-31,-0.0127592811002066,2026,2026-06-30,learned_order_extension,20260911,0.4803599486727406,0.4803599486727406,0,0
annual_net_quarter_head,3744,2026-07-03,2026-07-13,-0.0252847876365399,2026,2026-06-30,learned_order_offset,20260911,0.596135214433084,0.596135214433084,1,0
annual_net_quarter_head,3749,2026-07-10,2026-07-20,-0.035775397012711,2026,2026-06-30,learned_order_offset,20260911,0.5512426448959133,0.5512426448959133,1,0
annual_net_quarter_head,3754,2026-07-17,2026-07-27,0.01756245533441,2026,2026-06-30,learned_order_offset,20260911,0.5435342987362554,0.5435342987362554,1,1
annual_net_quarter_head,3759,2026-07-24,2026-08-03,-0.0202339761556519,2026,2026-06-30,learned_order_offset,20260911,0.5625455217006471,0.5625455217006471,1,0
annual_net_quarter_head,3764,2026-07-31,2026-08-10,0.0300318732435738,2026,2026-06-30,learned_order_offset,20260911,0.5288802729169743,0.5288802729169743,1,1
annual_net_quarter_head,3769,2026-08-07,2026-08-17,-0.0056482265760339,2026,2026-06-30,learned_order_offset,20260911,0.5034310900257216,0.5034310900257216,1,0
annual_net_quarter_head,3774,2026-08-14,2026-08-24,-0.0109860710402629,2026,2026-06-30,learned_order_offset,20260911,0.511129892132296,0.511129892132296,1,0
annual_net_quarter_head,3779,2026-08-21,2026-08-31,-0.0127592811002066,2026,2026-06-30,learned_order_offset,20260911,0.480435331440733,0.480435331440733,0,0
annual_net_quarter_head,3744,2026-07-03,2026-07-13,-0.0252847876365399,2026,2026-06-30,learned_market,20260912,0.5471356876449852,0.5471356876449852,1,0
annual_net_quarter_head,3749,2026-07-10,2026-07-20,-0.035775397012711,2026,2026-06-30,learned_market,20260912,0.6086484861526681,0.6086484861526681,1,0
annual_net_quarter_head,3754,2026-07-17,2026-07-27,0.01756245533441,2026,2026-06-30,learned_market,20260912,0.5103665398179504,0.5103665398179504,1,1
annual_net_quarter_head,3759,2026-07-24,2026-08-03,-0.0202339761556519,2026,2026-06-30,learned_market,20260912,0.5479419221087369,0.5479419221087369,1,0
annual_net_quarter_head,3764,2026-07-31,2026-08-10,0.0300318732435738,2026,2026-06-30,learned_market,20260912,0.5218125527297972,0.5218125527297972,1,1
annual_net_quarter_head,3769,2026-08-07,2026-08-17,-0.0056482265760339,2026,2026-06-30,learned_market,20260912,0.5964714284121879,0.5964714284121879,1,0
annual_net_quarter_head,3774,2026-08-14,2026-08-24,-0.0109860710402629,2026,2026-06-30,learned_market,20260912,0.5914454381111156,0.5914454381111156,1,0
annual_net_quarter_head,3779,2026-08-21,2026-08-31,-0.0127592811002066,2026,2026-06-30,learned_market,20260912,0.5267784985934229,0.5267784985934229,1,0
annual_net_quarter_head,3744,2026-07-03,2026-07-13,-0.0252847876365399,2026,2026-06-30,learned_vol_interaction,20260912,0.557104145632945,0.557104145632945,1,0
annual_net_quarter_head,3749,2026-07-10,2026-07-20,-0.035775397012711,2026,2026-06-30,learned_vol_interaction,20260912,0.56582326187381,0.56582326187381,1,0
annual_net_quarter_head,3754,2026-07-17,2026-07-27,0.01756245533441,2026,2026-06-30,learned_vol_interaction,20260912,0.5531984060883555,0.5531984060883555,1,1
annual_net_quarter_head,3759,2026-07-24,2026-08-03,-0.0202339761556519,2026,2026-06-30,learned_vol_interaction,20260912,0.5683060652065535,0.5683060652065535,1,0
annual_net_quarter_head,3764,2026-07-31,2026-08-10,0.0300318732435738,2026,2026-06-30,learned_vol_interaction,20260912,0.5319173637954471,0.5319173637954471,1,1
annual_net_quarter_head,3769,2026-08-07,2026-08-17,-0.0056482265760339,2026,2026-06-30,learned_vol_interaction,20260912,0.5436348222084714,0.5436348222084714,1,0
annual_net_quarter_head,3774,2026-08-14,2026-08-24,-0.0109860710402629,2026,2026-06-30,learned_vol_interaction,20260912,0.5591214308722193,0.5591214308722193,1,0
annual_net_quarter_head,3779,2026-08-21,2026-08-31,-0.0127592811002066,2026,2026-06-30,learned_vol_interaction,20260912,0.5089625318408614,0.5089625318408614,1,0
annual_net_quarter_head,3744,2026-07-03,2026-07-13,-0.0252847876365399,2026,2026-06-30,learned_order_extension,20260912,0.5750265549611722,0.5750265549611722,1,0
annual_net_quarter_head,3749,2026-07-10,2026-07-20,-0.035775397012711,2026,2026-06-30,learned_order_extension,20260912,0.5461302440813399,0.5461302440813399,1,0
annual_net_quarter_head,3754,2026-07-17,2026-07-27,0.01756245533441,2026,2026-06-30,learned_order_extension,20260912,0.5539478377456565,0.5539478377456565,1,1
annual_net_quarter_head,3759,2026-07-24,2026-08-03,-0.0202339761556519,2026,2026-06-30,learned_order_extension,20260912,0.5669764920488347,0.5669764920488347,1,0
annual_net_quarter_head,3764,2026-07-31,2026-08-10,0.0300318732435738,2026,2026-06-30,learned_order_extension,20260912,0.5408419673198043,0.5408419673198043,1,1
annual_net_quarter_head,3769,2026-08-07,2026-08-17,-0.0056482265760339,2026,2026-06-30,learned_order_extension,20260912,0.5237537662715969,0.5237537662715969,1,0
annual_net_quarter_head,3774,2026-08-14,2026-08-24,-0.0109860710402629,2026,2026-06-30,learned_order_extension,20260912,0.5259668133081967,0.5259668133081967,1,0
annual_net_quarter_head,3779,2026-08-21,2026-08-31,-0.0127592811002066,2026,2026-06-30,learned_order_extension,20260912,0.49014515677787673,0.49014515677787673,0,0
annual_net_quarter_head,3744,2026-07-03,2026-07-13,-0.0252847876365399,2026,2026-06-30,learned_order_offset,20260912,0.575689763978237,0.575689763978237,1,0
annual_net_quarter_head,3749,2026-07-10,2026-07-20,-0.035775397012711,2026,2026-06-30,learned_order_offset,20260912,0.5460962401253129,0.5460962401253129,1,0
annual_net_quarter_head,3754,2026-07-17,2026-07-27,0.01756245533441,2026,2026-06-30,learned_order_offset,20260912,0.5548091381458575,0.5548091381458575,1,1
annual_net_quarter_head,3759,2026-07-24,2026-08-03,-0.0202339761556519,2026,2026-06-30,learned_order_offset,20260912,0.5674481489690052,0.5674481489690052,1,0
annual_net_quarter_head,3764,2026-07-31,2026-08-10,0.0300318732435738,2026,2026-06-30,learned_order_offset,20260912,0.5414522532050079,0.5414522532050079,1,1
annual_net_quarter_head,3769,2026-08-07,2026-08-17,-0.0056482265760339,2026,2026-06-30,learned_order_offset,20260912,0.52376794595857,0.52376794595857,1,0
annual_net_quarter_head,3774,2026-08-14,2026-08-24,-0.0109860710402629,2026,2026-06-30,learned_order_offset,20260912,0.5257792049436181,0.5257792049436181,1,0
annual_net_quarter_head,3779,2026-08-21,2026-08-31,-0.0127592811002066,2026,2026-06-30,learned_order_offset,20260912,0.4903396055734448,0.4903396055734448,0,0
annual_net_quarter_head,2418,2021-01-08,2021-01-18,-0.0120052904669853,2021,2020-12-31,native_mse,20260910,-0.00016719672473286887,,0,0
annual_net_quarter_head,2423,2021-01-15,2021-01-25,0.0231622460538123,2021,2020-12-31,native_mse,20260910,-0.0024576018862454926,,0,1
annual_net_quarter_head,2428,2021-01-22,2021-02-01,-0.0372511735907923,2021,2020-12-31,native_mse,20260910,-0.003647746896638798,,0,0
annual_net_quarter_head,2433,2021-01-29,2021-02-08,0.0278689901714626,2021,2020-12-31,native_mse,20260910,-0.0025472735860022446,,0,1
annual_net_quarter_head,2438,2021-02-05,2021-02-22,0.0507379035040882,2021,2020-12-31,native_mse,20260910,-0.0030793775400414984,,0,1
annual_net_quarter_head,2443,2021-02-19,2021-03-01,-0.0684918010685315,2021,2020-12-31,native_mse,20260910,-0.0023490676188242655,,0,0
annual_net_quarter_head,2448,2021-02-26,2021-03-08,-0.0165997123904068,2021,2020-12-31,native_mse,20260910,-0.0023665663755005908,,0,0
annual_net_quarter_head,2453,2021-03-05,2021-03-15,-0.0346560901469681,2021,2020-12-31,native_mse,20260910,-0.0014253865572098575,,0,0
annual_net_quarter_head,2458,2021-03-12,2021-03-22,-0.0210550182560221,2021,2020-12-31,native_mse,20260910,-0.0005000901973691782,,0,0
annual_net_quarter_head,2463,2021-03-19,2021-03-29,0.0087572877565691,2021,2020-12-31,native_mse,20260910,0.006023340982564988,,1,1
annual_net_quarter_head,2468,2021-03-26,2021-04-06,0.0250145479448802,2021,2020-12-31,native_mse,20260910,0.005598392317839315,,1,1
annual_net_quarter_head,2473,2021-04-02,2021-04-12,-0.0292856811827044,2021,2020-12-31,native_mse,20260910,0.0036485752776130036,,1,0
annual_net_quarter_head,2477,2021-04-09,2021-04-19,-0.0120489836840408,2021,2020-12-31,native_mse,20260910,0.007350243400305611,,1,0
annual_net_quarter_head,2482,2021-04-16,2021-04-26,0.0382932540809155,2021,2020-12-31,native_mse,20260910,0.002900059176571625,,1,1
annual_net_quarter_head,2487,2021-04-23,2021-05-06,-0.0112070185917437,2021,2020-12-31,native_mse,20260910,0.007596625467989239,,1,0
annual_net_quarter_head,2492,2021-04-30,2021-05-12,-0.0190946889464188,2021,2020-12-31,native_mse,20260910,0.007105998256782256,,1,0
annual_net_quarter_head,2494,2021-05-07,2021-05-17,0.0227674429764228,2021,2020-12-31,native_mse,20260910,0.0072995237328683515,,1,1
annual_net_quarter_head,2499,2021-05-14,2021-05-24,0.0045940519733895,2021,2020-12-31,native_mse,20260910,0.006906583839110419,,1,1
annual_net_quarter_head,2504,2021-05-21,2021-05-31,0.0348855085126711,2021,2020-12-31,native_mse,20260910,0.0039949465805707365,,1,1
annual_net_quarter_head,2509,2021-05-28,2021-06-07,-0.0062409741861724,2021,2020-12-31,native_mse,20260910,0.004302626766656515,,1,0
annual_net_quarter_head,2514,2021-06-04,2021-06-15,-0.0125508761771767,2021,2020-12-31,native_mse,20260910,0.0018010688105476373,,1,0
annual_net_quarter_head,2519,2021-06-11,2021-06-21,-0.0250011497424577,2021,2020-12-31,native_mse,20260910,-0.0027939130847951473,,0,0
annual_net_quarter_head,2523,2021-06-18,2021-06-28,0.0325308711127356,2021,2020-12-31,native_mse,20260910,-0.0024054667576293687,,0,1
annual_net_quarter_head,2528,2021-06-25,2021-07-05,-0.0342297962734196,2021,2020-12-31,native_mse,20260910,-0.0021641013171994155,,0,0
annual_net_quarter_head,2533,2021-07-02,2021-07-12,0.0068193733271841,2021,2020-12-31,native_mse,20260910,-0.002740282150259048,,0,1
annual_net_quarter_head,2538,2021-07-09,2021-07-19,-0.0048254045313779,2021,2020-12-31,native_mse,20260910,-0.0025804416168060183,,0,0
annual_net_quarter_head,2543,2021-07-16,2021-07-26,-0.0032299118953994,2021,2020-12-31,native_mse,20260910,-0.0035112489700114967,,0,0
annual_net_quarter_head,2548,2021-07-23,2021-08-02,-0.0537740931579083,2021,2020-12-31,native_mse,20260910,-0.002252148085559406,,0,0
annual_net_quarter_head,2553,2021-07-30,2021-08-09,0.019904813945049,2021,2020-12-31,native_mse,20260910,-0.0013935392955686378,,0,1
annual_net_quarter_head,2558,2021-08-06,2021-08-16,0.0093369268709639,2021,2020-12-31,native_mse,20260910,-0.0008547058545780883,,0,1
annual_net_quarter_head,2563,2021-08-13,2021-08-23,-0.032048736608373,2021,2020-12-31,native_mse,20260910,-0.0010996712313164061,,0,0
annual_net_quarter_head,2568,2021-08-20,2021-08-30,0.0145047962107527,2021,2020-12-31,native_mse,20260910,0.0014984460902095808,,1,1
annual_net_quarter_head,2573,2021-08-27,2021-09-06,-0.0012316820816045,2021,2020-12-31,native_mse,20260910,0.006590900742918945,,1,0
annual_net_quarter_head,2578,2021-09-03,2021-09-13,0.0342301066295398,2021,2020-12-31,native_mse,20260910,0.009486980636077728,,1,1
annual_net_quarter_head,2583,2021-09-10,2021-09-22,-0.0471441667981554,2021,2020-12-31,native_mse,20260910,0.009371153033789907,,1,0
annual_net_quarter_head,2588,2021-09-17,2021-09-28,0.0209863060789441,2021,2020-12-31,native_mse,20260910,0.009603132896707183,,1,1
annual_net_quarter_head,2591,2021-09-24,2021-10-11,0.0144615416200457,2021,2020-12-31,native_mse,20260910,0.009682760274058575,,1,1
annual_net_quarter_head,2596,2021-10-08,2021-10-18,-0.0038006269617851,2021,2020-12-31,native_mse,20260910,0.009091248352644028,,1,0
annual_net_quarter_head,2601,2021-10-15,2021-10-25,0.0037358989621147,2021,2020-12-31,native_mse,20260910,0.008469619450977196,,1,1
annual_net_quarter_head,2606,2021-10-22,2021-11-01,-0.0127041632091318,2021,2020-12-31,native_mse,20260910,0.0008933657456787875,,1,0
annual_net_quarter_head,2611,2021-10-29,2021-11-08,-0.0075807737801166,2021,2020-12-31,native_mse,20260910,0.002406790555140204,,1,0
annual_net_quarter_head,2616,2021-11-05,2021-11-15,0.0110015182343039,2021,2020-12-31,native_mse,20260910,0.004495816516502967,,1,1
annual_net_quarter_head,2621,2021-11-12,2021-11-22,0.0002002284238551,2021,2020-12-31,native_mse,20260910,0.008345328596010884,,1,1
annual_net_quarter_head,2626,2021-11-19,2021-11-29,-0.0153981603100059,2021,2020-12-31,native_mse,20260910,0.006936498727743483,,1,0
annual_net_quarter_head,2631,2021-11-26,2021-12-06,0.0185518287306458,2021,2020-12-31,native_mse,20260910,0.0043122154605937865,,1,1
annual_net_quarter_head,2636,2021-12-03,2021-12-13,0.0367843110096284,2021,2020-12-31,native_mse,20260910,0.003903132217743633,,1,1
annual_net_quarter_head,2641,2021-12-10,2021-12-20,-0.0304615698955996,2021,2020-12-31,native_mse,20260910,0.0011584734670292821,,1,0
annual_net_quarter_head,2646,2021-12-17,2021-12-27,-0.0034083287233763,2021,2020-12-31,native_mse,20260910,0.008060168302998738,,1,0
annual_net_quarter_head,2651,2021-12-24,2022-01-04,0.0080985736506613,2021,2020-12-31,native_mse,20260910,0.0074924187486900135,,1,1
annual_net_quarter_head,2656,2021-12-31,2022-01-10,-0.0293970528320001,2021,2020-12-31,native_mse,20260910,0.008334791957105143,,1,0
annual_net_quarter_head,2418,2021-01-08,2021-01-18,-0.0120052904669853,2021,2020-12-31,native_mse,20260911,0.008552411017393067,,1,0
annual_net_quarter_head,2423,2021-01-15,2021-01-25,0.0231622460538123,2021,2020-12-31,native_mse,20260911,0.004218820233000888,,1,1
annual_net_quarter_head,2428,2021-01-22,2021-02-01,-0.0372511735907923,2021,2020-12-31,native_mse,20260911,0.004959951689017089,,1,0
annual_net_quarter_head,2433,2021-01-29,2021-02-08,0.0278689901714626,2021,2020-12-31,native_mse,20260911,-0.006242641410233065,,0,1
annual_net_quarter_head,2438,2021-02-05,2021-02-22,0.0507379035040882,2021,2020-12-31,native_mse,20260911,0.0007951359987466982,,1,1
annual_net_quarter_head,2443,2021-02-19,2021-03-01,-0.0684918010685315,2021,2020-12-31,native_mse,20260911,-0.0016330918552967294,,0,0
annual_net_quarter_head,2448,2021-02-26,2021-03-08,-0.0165997123904068,2021,2020-12-31,native_mse,20260911,-0.00533638880364651,,0,0
annual_net_quarter_head,2453,2021-03-05,2021-03-15,-0.0346560901469681,2021,2020-12-31,native_mse,20260911,-0.011674592766508288,,0,0
annual_net_quarter_head,2458,2021-03-12,2021-03-22,-0.0210550182560221,2021,2020-12-31,native_mse,20260911,-0.007847066861436623,,0,0
annual_net_quarter_head,2463,2021-03-19,2021-03-29,0.0087572877565691,2021,2020-12-31,native_mse,20260911,-0.0039060339233599494,,0,1
annual_net_quarter_head,2468,2021-03-26,2021-04-06,0.0250145479448802,2021,2020-12-31,native_mse,20260911,0.0009273635613917179,,1,1
annual_net_quarter_head,2473,2021-04-02,2021-04-12,-0.0292856811827044,2021,2020-12-31,native_mse,20260911,-0.0027355840325147787,,0,0
annual_net_quarter_head,2477,2021-04-09,2021-04-19,-0.0120489836840408,2021,2020-12-31,native_mse,20260911,-0.0036343506408249315,,0,0
annual_net_quarter_head,2482,2021-04-16,2021-04-26,0.0382932540809155,2021,2020-12-31,native_mse,20260911,-0.0006724515978878938,,0,1
annual_net_quarter_head,2487,2021-04-23,2021-05-06,-0.0112070185917437,2021,2020-12-31,native_mse,20260911,0.0055289088739753755,,1,0
annual_net_quarter_head,2492,2021-04-30,2021-05-12,-0.0190946889464188,2021,2020-12-31,native_mse,20260911,0.0033327575219957396,,1,0
annual_net_quarter_head,2494,2021-05-07,2021-05-17,0.0227674429764228,2021,2020-12-31,native_mse,20260911,0.0021669511395786133,,1,1
annual_net_quarter_head,2499,2021-05-14,2021-05-24,0.0045940519733895,2021,2020-12-31,native_mse,20260911,0.0011114542693073139,,1,1
annual_net_quarter_head,2504,2021-05-21,2021-05-31,0.0348855085126711,2021,2020-12-31,native_mse,20260911,0.008400289317996804,,1,1
annual_net_quarter_head,2509,2021-05-28,2021-06-07,-0.0062409741861724,2021,2020-12-31,native_mse,20260911,0.0007953145198423817,,1,0
annual_net_quarter_head,2514,2021-06-04,2021-06-15,-0.0125508761771767,2021,2020-12-31,native_mse,20260911,-0.007020166164517651,,0,0
annual_net_quarter_head,2519,2021-06-11,2021-06-21,-0.0250011497424577,2021,2020-12-31,native_mse,20260911,-0.008619872591947365,,0,0
annual_net_quarter_head,2523,2021-06-18,2021-06-28,0.0325308711127356,2021,2020-12-31,native_mse,20260911,-0.008791375820448139,,0,1
annual_net_quarter_head,2528,2021-06-25,2021-07-05,-0.0342297962734196,2021,2020-12-31,native_mse,20260911,-0.008045520831514462,,0,0
annual_net_quarter_head,2533,2021-07-02,2021-07-12,0.0068193733271841,2021,2020-12-31,native_mse,20260911,-0.007174844548354277,,0,1
annual_net_quarter_head,2538,2021-07-09,2021-07-19,-0.0048254045313779,2021,2020-12-31,native_mse,20260911,-0.015340492927170088,,0,0
annual_net_quarter_head,2543,2021-07-16,2021-07-26,-0.0032299118953994,2021,2020-12-31,native_mse,20260911,-0.005208717730643443,,0,0
annual_net_quarter_head,2548,2021-07-23,2021-08-02,-0.0537740931579083,2021,2020-12-31,native_mse,20260911,-0.005850917345567664,,0,0
annual_net_quarter_head,2553,2021-07-30,2021-08-09,0.019904813945049,2021,2020-12-31,native_mse,20260911,-0.0028205260505218244,,0,1
annual_net_quarter_head,2558,2021-08-06,2021-08-16,0.0093369268709639,2021,2020-12-31,native_mse,20260911,0.0007831311211854701,,1,1
annual_net_quarter_head,2563,2021-08-13,2021-08-23,-0.032048736608373,2021,2020-12-31,native_mse,20260911,-0.0005906639308137641,,0,0
annual_net_quarter_head,2568,2021-08-20,2021-08-30,0.0145047962107527,2021,2020-12-31,native_mse,20260911,-0.004641917146108556,,0,1
annual_net_quarter_head,2573,2021-08-27,2021-09-06,-0.0012316820816045,2021,2020-12-31,native_mse,20260911,0.014579973106645959,,1,0
annual_net_quarter_head,2578,2021-09-03,2021-09-13,0.0342301066295398,2021,2020-12-31,native_mse,20260911,0.008593989010996025,,1,1
annual_net_quarter_head,2583,2021-09-10,2021-09-22,-0.0471441667981554,2021,2020-12-31,native_mse,20260911,0.008313547741757724,,1,0
annual_net_quarter_head,2588,2021-09-17,2021-09-28,0.0209863060789441,2021,2020-12-31,native_mse,20260911,0.01165935650344279,,1,1
annual_net_quarter_head,2591,2021-09-24,2021-10-11,0.0144615416200457,2021,2020-12-31,native_mse,20260911,0.005518532924551857,,1,1
annual_net_quarter_head,2596,2021-10-08,2021-10-18,-0.0038006269617851,2021,2020-12-31,native_mse,20260911,0.012263523541426666,,1,0
annual_net_quarter_head,2601,2021-10-15,2021-10-25,0.0037358989621147,2021,2020-12-31,native_mse,20260911,0.005744974739242532,,1,1
annual_net_quarter_head,2606,2021-10-22,2021-11-01,-0.0127041632091318,2021,2020-12-31,native_mse,20260911,-0.002876912071818175,,0,0
annual_net_quarter_head,2611,2021-10-29,2021-11-08,-0.0075807737801166,2021,2020-12-31,native_mse,20260911,0.007299876265916085,,1,0
annual_net_quarter_head,2616,2021-11-05,2021-11-15,0.0110015182343039,2021,2020-12-31,native_mse,20260911,0.01509194783358179,,1,1
annual_net_quarter_head,2621,2021-11-12,2021-11-22,0.0002002284238551,2021,2020-12-31,native_mse,20260911,0.015091062401740971,,1,1
annual_net_quarter_head,2626,2021-11-19,2021-11-29,-0.0153981603100059,2021,2020-12-31,native_mse,20260911,0.0038828482450291406,,1,0
annual_net_quarter_head,2631,2021-11-26,2021-12-06,0.0185518287306458,2021,2020-12-31,native_mse,20260911,0.012319022901115752,,1,1
annual_net_quarter_head,2636,2021-12-03,2021-12-13,0.0367843110096284,2021,2020-12-31,native_mse,20260911,-0.0032795392457900994,,0,1
annual_net_quarter_head,2641,2021-12-10,2021-12-20,-0.0304615698955996,2021,2020-12-31,native_mse,20260911,0.0011267436480836153,,1,0
annual_net_quarter_head,2646,2021-12-17,2021-12-27,-0.0034083287233763,2021,2020-12-31,native_mse,20260911,0.009051863032613542,,1,0
annual_net_quarter_head,2651,2021-12-24,2022-01-04,0.0080985736506613,2021,2020-12-31,native_mse,20260911,0.011692479032888078,,1,1
annual_net_quarter_head,2656,2021-12-31,2022-01-10,-0.0293970528320001,2021,2020-12-31,native_mse,20260911,0.0061027978323025915,,1,0
annual_net_quarter_head,2418,2021-01-08,2021-01-18,-0.0120052904669853,2021,2020-12-31,native_mse,20260912,0.001397497585867654,,1,0
annual_net_quarter_head,2423,2021-01-15,2021-01-25,0.0231622460538123,2021,2020-12-31,native_mse,20260912,0.0006715229500529757,,1,1
annual_net_quarter_head,2428,2021-01-22,2021-02-01,-0.0372511735907923,2021,2020-12-31,native_mse,20260912,0.0008989216255188498,,1,0
annual_net_quarter_head,2433,2021-01-29,2021-02-08,0.0278689901714626,2021,2020-12-31,native_mse,20260912,0.0007959764416317159,,1,1
annual_net_quarter_head,2438,2021-02-05,2021-02-22,0.0507379035040882,2021,2020-12-31,native_mse,20260912,0.0012803740659475327,,1,1
annual_net_quarter_head,2443,2021-02-19,2021-03-01,-0.0684918010685315,2021,2020-12-31,native_mse,20260912,0.0009133829615551264,,1,0
annual_net_quarter_head,2448,2021-02-26,2021-03-08,-0.0165997123904068,2021,2020-12-31,native_mse,20260912,0.0013704992420810927,,1,0
annual_net_quarter_head,2453,2021-03-05,2021-03-15,-0.0346560901469681,2021,2020-12-31,native_mse,20260912,0.0008756814992302536,,1,0
annual_net_quarter_head,2458,2021-03-12,2021-03-22,-0.0210550182560221,2021,2020-12-31,native_mse,20260912,0.0011757184818956695,,1,0
annual_net_quarter_head,2463,2021-03-19,2021-03-29,0.0087572877565691,2021,2020-12-31,native_mse,20260912,0.0010792053864410744,,1,1
annual_net_quarter_head,2468,2021-03-26,2021-04-06,0.0250145479448802,2021,2020-12-31,native_mse,20260912,0.0011499309968955886,,1,1
annual_net_quarter_head,2473,2021-04-02,2021-04-12,-0.0292856811827044,2021,2020-12-31,native_mse,20260912,0.0010410156043567688,,1,0
annual_net_quarter_head,2477,2021-04-09,2021-04-19,-0.0120489836840408,2021,2020-12-31,native_mse,20260912,0.0015346227958627386,,1,0
annual_net_quarter_head,2482,2021-04-16,2021-04-26,0.0382932540809155,2021,2020-12-31,native_mse,20260912,0.001333459240383137,,1,1
annual_net_quarter_head,2487,2021-04-23,2021-05-06,-0.0112070185917437,2021,2020-12-31,native_mse,20260912,0.0016691075435783544,,1,0
annual_net_quarter_head,2492,2021-04-30,2021-05-12,-0.0190946889464188,2021,2020-12-31,native_mse,20260912,0.0008697905080337705,,1,0
annual_net_quarter_head,2494,2021-05-07,2021-05-17,0.0227674429764228,2021,2020-12-31,native_mse,20260912,0.0011496090030479206,,1,1
annual_net_quarter_head,2499,2021-05-14,2021-05-24,0.0045940519733895,2021,2020-12-31,native_mse,20260912,0.0010483063772099349,,1,1
annual_net_quarter_head,2504,2021-05-21,2021-05-31,0.0348855085126711,2021,2020-12-31,native_mse,20260912,0.0011439525898009322,,1,1
annual_net_quarter_head,2509,2021-05-28,2021-06-07,-0.0062409741861724,2021,2020-12-31,native_mse,20260912,0.0011525125328662067,,1,0
annual_net_quarter_head,2514,2021-06-04,2021-06-15,-0.0125508761771767,2021,2020-12-31,native_mse,20260912,0.0007128828650729158,,1,0
annual_net_quarter_head,2519,2021-06-11,2021-06-21,-0.0250011497424577,2021,2020-12-31,native_mse,20260912,0.0008407535701623152,,1,0
annual_net_quarter_head,2523,2021-06-18,2021-06-28,0.0325308711127356,2021,2020-12-31,native_mse,20260912,0.0005295128002944305,,1,1
annual_net_quarter_head,2528,2021-06-25,2021-07-05,-0.0342297962734196,2021,2020-12-31,native_mse,20260912,0.0004392776625445282,,1,0
annual_net_quarter_head,2533,2021-07-02,2021-07-12,0.0068193733271841,2021,2020-12-31,native_mse,20260912,0.0008802423955353033,,1,1
annual_net_quarter_head,2538,2021-07-09,2021-07-19,-0.0048254045313779,2021,2020-12-31,native_mse,20260912,0.001025036941487719,,1,0
annual_net_quarter_head,2543,2021-07-16,2021-07-26,-0.0032299118953994,2021,2020-12-31,native_mse,20260912,0.0009848540154367372,,1,0
annual_net_quarter_head,2548,2021-07-23,2021-08-02,-0.0537740931579083,2021,2020-12-31,native_mse,20260912,0.0010837390229232473,,1,0
annual_net_quarter_head,2553,2021-07-30,2021-08-09,0.019904813945049,2021,2020-12-31,native_mse,20260912,0.0007753634039124927,,1,1
annual_net_quarter_head,2558,2021-08-06,2021-08-16,0.0093369268709639,2021,2020-12-31,native_mse,20260912,0.0010686946751112278,,1,1
annual_net_quarter_head,2563,2021-08-13,2021-08-23,-0.032048736608373,2021,2020-12-31,native_mse,20260912,0.0016819071064647707,,1,0
annual_net_quarter_head,2568,2021-08-20,2021-08-30,0.0145047962107527,2021,2020-12-31,native_mse,20260912,0.0015674609930577542,,1,1
annual_net_quarter_head,2573,2021-08-27,2021-09-06,-0.0012316820816045,2021,2020-12-31,native_mse,20260912,0.0015518786224257932,,1,0
annual_net_quarter_head,2578,2021-09-03,2021-09-13,0.0342301066295398,2021,2020-12-31,native_mse,20260912,0.0015775578367383941,,1,1
annual_net_quarter_head,2583,2021-09-10,2021-09-22,-0.0471441667981554,2021,2020-12-31,native_mse,20260912,0.00097730888589041,,1,0
annual_net_quarter_head,2588,2021-09-17,2021-09-28,0.0209863060789441,2021,2020-12-31,native_mse,20260912,0.0010514539644274003,,1,1
annual_net_quarter_head,2591,2021-09-24,2021-10-11,0.0144615416200457,2021,2020-12-31,native_mse,20260912,0.0009736007301348337,,1,1
annual_net_quarter_head,2596,2021-10-08,2021-10-18,-0.0038006269617851,2021,2020-12-31,native_mse,20260912,0.0017059097904301645,,1,0
annual_net_quarter_head,2601,2021-10-15,2021-10-25,0.0037358989621147,2021,2020-12-31,native_mse,20260912,0.0013112113818953192,,1,1
annual_net_quarter_head,2606,2021-10-22,2021-11-01,-0.0127041632091318,2021,2020-12-31,native_mse,20260912,0.001166627382206441,,1,0
annual_net_quarter_head,2611,2021-10-29,2021-11-08,-0.0075807737801166,2021,2020-12-31,native_mse,20260912,0.0010497018546840582,,1,0
annual_net_quarter_head,2616,2021-11-05,2021-11-15,0.0110015182343039,2021,2020-12-31,native_mse,20260912,0.0009666279543883876,,1,1
annual_net_quarter_head,2621,2021-11-12,2021-11-22,0.0002002284238551,2021,2020-12-31,native_mse,20260912,0.00100753152357648,,1,1
annual_net_quarter_head,2626,2021-11-19,2021-11-29,-0.0153981603100059,2021,2020-12-31,native_mse,20260912,0.0011440904261233744,,1,0
annual_net_quarter_head,2631,2021-11-26,2021-12-06,0.0185518287306458,2021,2020-12-31,native_mse,20260912,0.0008222023383696463,,1,1
annual_net_quarter_head,2636,2021-12-03,2021-12-13,0.0367843110096284,2021,2020-12-31,native_mse,20260912,0.000663622110562264,,1,1
annual_net_quarter_head,2641,2021-12-10,2021-12-20,-0.0304615698955996,2021,2020-12-31,native_mse,20260912,0.0012207854253852776,,1,0
annual_net_quarter_head,2646,2021-12-17,2021-12-27,-0.0034083287233763,2021,2020-12-31,native_mse,20260912,0.0012339786672550855,,1,0
annual_net_quarter_head,2651,2021-12-24,2022-01-04,0.0080985736506613,2021,2020-12-31,native_mse,20260912,0.0010451229218044734,,1,1
annual_net_quarter_head,2656,2021-12-31,2022-01-10,-0.0293970528320001,2021,2020-12-31,native_mse,20260912,0.001214204791414166,,1,0
annual_net_quarter_head,2660,2022-01-07,2022-01-17,-0.0173453887283024,2022,2021-12-31,native_mse,20260910,-0.0034182510339292468,,0,0
annual_net_quarter_head,2665,2022-01-14,2022-01-24,0.0053248631776616,2022,2021-12-31,native_mse,20260910,0.004761167720503064,,1,1
annual_net_quarter_head,2670,2022-01-21,2022-02-07,-0.0242661876254222,2022,2021-12-31,native_mse,20260910,0.013137367547165641,,1,0
annual_net_quarter_head,2675,2022-01-28,2022-02-14,-0.0127539031341488,2022,2021-12-31,native_mse,20260910,0.010886081661597602,,1,0
annual_net_quarter_head,2680,2022-02-11,2022-02-21,0.0145498774954033,2022,2021-12-31,native_mse,20260910,0.008879219089809445,,1,1
annual_net_quarter_head,2685,2022-02-18,2022-02-28,-0.0177161244498015,2022,2021-12-31,native_mse,20260910,0.009476567447344621,,1,0
annual_net_quarter_head,2690,2022-02-25,2022-03-07,-0.0221791776043331,2022,2021-12-31,native_mse,20260910,0.01051598647298397,,1,0
annual_net_quarter_head,2695,2022-03-04,2022-03-14,-0.0480378799422749,2022,2021-12-31,native_mse,20260910,0.007053677912636015,,1,0
annual_net_quarter_head,2700,2022-03-11,2022-03-21,0.007530336734814,2022,2021-12-31,native_mse,20260910,0.010804442451387935,,1,1
annual_net_quarter_head,2705,2022-03-18,2022-03-28,-0.0353493110038457,2022,2021-12-31,native_mse,20260910,0.0072982657258971444,,1,0
annual_net_quarter_head,2710,2022-03-25,2022-04-06,0.0314834190717003,2022,2021-12-31,native_mse,20260910,0.007546796616275884,,1,1
annual_net_quarter_head,2715,2022-04-01,2022-04-12,-0.0129237372705649,2022,2021-12-31,native_mse,20260910,0.006781430452769677,,1,0
annual_net_quarter_head,2718,2022-04-08,2022-04-18,-0.0120986062576864,2022,2021-12-31,native_mse,20260910,0.00652895075643567,,1,0
annual_net_quarter_head,2723,2022-04-15,2022-04-25,-0.0528494340140576,2022,2021-12-31,native_mse,20260910,0.006385447465197085,,1,0
annual_net_quarter_head,2728,2022-04-22,2022-05-05,0.015736821365468,2022,2021-12-31,native_mse,20260910,0.005099274511858865,,1,1
annual_net_quarter_head,2733,2022-04-29,2022-05-11,-0.0278824133054675,2022,2021-12-31,native_mse,20260910,0.004344044298975658,,1,0
annual_net_quarter_head,2735,2022-05-06,2022-05-16,0.033741423035827,2022,2021-12-31,native_mse,20260910,0.0035518248227642247,,1,1
annual_net_quarter_head,2740,2022-05-13,2022-05-23,0.0164308841843088,2022,2021-12-31,native_mse,20260910,0.002890441768532801,,1,1
annual_net_quarter_head,2745,2022-05-20,2022-05-30,-0.0147293413085614,2022,2021-12-31,native_mse,20260910,0.002556802191789734,,1,0
annual_net_quarter_head,2750,2022-05-27,2022-06-13,0.0431748431927498,2022,2021-12-31,native_mse,20260910,-0.006714076298392413,,0,1
annual_net_quarter_head,2759,2022-06-10,2022-06-20,0.0306046547112142,2022,2021-12-31,native_mse,20260910,-0.0017160693271902699,,0,1
annual_net_quarter_head,2764,2022-06-17,2022-06-27,0.0211666894141107,2022,2021-12-31,native_mse,20260910,-0.005554400786314341,,0,1
annual_net_quarter_head,2769,2022-06-24,2022-07-04,0.0074507343130214,2022,2021-12-31,native_mse,20260910,-0.006611900023593844,,0,1
annual_net_quarter_head,2774,2022-07-01,2022-07-11,-0.0092349827532707,2022,2021-12-31,native_mse,20260910,-0.001849659274069034,,0,0
annual_net_quarter_head,2779,2022-07-08,2022-07-18,-0.0326815927737367,2022,2021-12-31,native_mse,20260910,-0.0036295526636022737,,0,0
annual_net_quarter_head,2784,2022-07-15,2022-07-25,-0.0066210715249344,2022,2021-12-31,native_mse,20260910,-0.00726704662423343,,0,0
annual_net_quarter_head,2789,2022-07-22,2022-08-01,-0.0173077967751003,2022,2021-12-31,native_mse,20260910,-0.005304375487712945,,0,0
annual_net_quarter_head,2794,2022-07-29,2022-08-08,-0.004456034513838,2022,2021-12-31,native_mse,20260910,0.012166125781651363,,1,0
annual_net_quarter_head,2799,2022-08-05,2022-08-15,0.0091475117753996,2022,2021-12-31,native_mse,20260910,0.004077391662883762,,1,1
annual_net_quarter_head,2804,2022-08-12,2022-08-22,-0.0107272727272728,2022,2021-12-31,native_mse,20260910,0.0035826870942200968,,1,0
annual_net_quarter_head,2809,2022-08-19,2022-08-29,-0.0172375434082356,2022,2021-12-31,native_mse,20260910,0.012796192349441387,,1,0
annual_net_quarter_head,2814,2022-08-26,2022-09-05,-0.0131573766941938,2022,2021-12-31,native_mse,20260910,0.0045980644388349074,,1,0
annual_net_quarter_head,2819,2022-09-02,2022-09-13,0.0253340680878015,2022,2021-12-31,native_mse,20260910,0.0016393163861851791,,1,1
annual_net_quarter_head,2824,2022-09-09,2022-09-19,-0.044647264962877,2022,2021-12-31,native_mse,20260910,0.011024491197755238,,1,0
annual_net_quarter_head,2828,2022-09-16,2022-09-26,-0.025155151434928,2022,2021-12-31,native_mse,20260910,0.0006249539921165778,,1,0
annual_net_quarter_head,2833,2022-09-23,2022-10-10,-0.0060162941299352,2022,2021-12-31,native_mse,20260910,0.00941379002591237,,1,0
annual_net_quarter_head,2838,2022-09-30,2022-10-17,0.0041192047412885,2022,2021-12-31,native_mse,20260910,-0.003455449604433236,,0,1
annual_net_quarter_head,2843,2022-10-14,2022-10-24,-0.0246766294110258,2022,2021-12-31,native_mse,20260910,0.004982119577206458,,1,0
annual_net_quarter_head,2848,2022-10-21,2022-10-31,-0.059928861134359,2022,2021-12-31,native_mse,20260910,0.004400428951388619,,1,0
annual_net_quarter_head,2853,2022-10-28,2022-11-07,0.071339502526744,2022,2021-12-31,native_mse,20260910,-0.004533662272660886,,0,1
annual_net_quarter_head,2858,2022-11-04,2022-11-14,0.0169449090696014,2022,2021-12-31,native_mse,20260910,0.009145763900992613,,1,1
annual_net_quarter_head,2863,2022-11-11,2022-11-21,-0.0127051391515239,2022,2021-12-31,native_mse,20260910,0.005105981957746508,,1,0
annual_net_quarter_head,2868,2022-11-18,2022-11-28,-0.0179672806084416,2022,2021-12-31,native_mse,20260910,0.004390010241707061,,1,0
annual_net_quarter_head,2873,2022-11-25,2022-12-05,0.0555768659337096,2022,2021-12-31,native_mse,20260910,-0.0021694749097981593,,0,1
annual_net_quarter_head,2878,2022-12-02,2022-12-12,0.0175374394775362,2022,2021-12-31,native_mse,20260910,-0.008963509314181651,,0,1
annual_net_quarter_head,2883,2022-12-09,2022-12-19,-0.0058850602464181,2022,2021-12-31,native_mse,20260910,-0.008742160121666592,,0,0
annual_net_quarter_head,2888,2022-12-16,2022-12-26,-0.0309150292073658,2022,2021-12-31,native_mse,20260910,0.00021070675399415396,,1,0
annual_net_quarter_head,2893,2022-12-23,2023-01-03,0.0089464492229616,2022,2021-12-31,native_mse,20260910,-0.006931659189351796,,0,1
annual_net_quarter_head,2898,2022-12-30,2023-01-09,0.0345913414268119,2022,2021-12-31,native_mse,20260910,-0.004005139352311209,,0,1
annual_net_quarter_head,2660,2022-01-07,2022-01-17,-0.0173453887283024,2022,2021-12-31,native_mse,20260911,0.007330315708159769,,1,0
annual_net_quarter_head,2665,2022-01-14,2022-01-24,0.0053248631776616,2022,2021-12-31,native_mse,20260911,0.015471274729398543,,1,1
annual_net_quarter_head,2670,2022-01-21,2022-02-07,-0.0242661876254222,2022,2021-12-31,native_mse,20260911,0.009873111042602054,,1,0
annual_net_quarter_head,2675,2022-01-28,2022-02-14,-0.0127539031341488,2022,2021-12-31,native_mse,20260911,0.0025503118790792955,,1,0
annual_net_quarter_head,2680,2022-02-11,2022-02-21,0.0145498774954033,2022,2021-12-31,native_mse,20260911,0.0063949393307865515,,1,1
annual_net_quarter_head,2685,2022-02-18,2022-02-28,-0.0177161244498015,2022,2021-12-31,native_mse,20260911,0.004306186298337274,,1,0
annual_net_quarter_head,2690,2022-02-25,2022-03-07,-0.0221791776043331,2022,2021-12-31,native_mse,20260911,0.00884306439536679,,1,0
annual_net_quarter_head,2695,2022-03-04,2022-03-14,-0.0480378799422749,2022,2021-12-31,native_mse,20260911,0.008878575004775912,,1,0
annual_net_quarter_head,2700,2022-03-11,2022-03-21,0.007530336734814,2022,2021-12-31,native_mse,20260911,0.008804997087552644,,1,1
annual_net_quarter_head,2705,2022-03-18,2022-03-28,-0.0353493110038457,2022,2021-12-31,native_mse,20260911,0.0029149751065889705,,1,0
annual_net_quarter_head,2710,2022-03-25,2022-04-06,0.0314834190717003,2022,2021-12-31,native_mse,20260911,0.009608904415587632,,1,1
annual_net_quarter_head,2715,2022-04-01,2022-04-12,-0.0129237372705649,2022,2021-12-31,native_mse,20260911,0.013290024702572031,,1,0
annual_net_quarter_head,2718,2022-04-08,2022-04-18,-0.0120986062576864,2022,2021-12-31,native_mse,20260911,0.0032429576095984285,,1,0
annual_net_quarter_head,2723,2022-04-15,2022-04-25,-0.0528494340140576,2022,2021-12-31,native_mse,20260911,0.016983479995433693,,1,0
annual_net_quarter_head,2728,2022-04-22,2022-05-05,0.015736821365468,2022,2021-12-31,native_mse,20260911,0.011987542362233185,,1,1
annual_net_quarter_head,2733,2022-04-29,2022-05-11,-0.0278824133054675,2022,2021-12-31,native_mse,20260911,0.0046606294840712235,,1,0
annual_net_quarter_head,2735,2022-05-06,2022-05-16,0.033741423035827,2022,2021-12-31,native_mse,20260911,-0.002196005566182584,,0,1
annual_net_quarter_head,2740,2022-05-13,2022-05-23,0.0164308841843088,2022,2021-12-31,native_mse,20260911,0.0038854901281264037,,1,1
annual_net_quarter_head,2745,2022-05-20,2022-05-30,-0.0147293413085614,2022,2021-12-31,native_mse,20260911,0.005767086549547615,,1,0
annual_net_quarter_head,2750,2022-05-27,2022-06-13,0.0431748431927498,2022,2021-12-31,native_mse,20260911,0.001263767062796844,,1,1
annual_net_quarter_head,2759,2022-06-10,2022-06-20,0.0306046547112142,2022,2021-12-31,native_mse,20260911,-0.0024637080117748144,,0,1
annual_net_quarter_head,2764,2022-06-17,2022-06-27,0.0211666894141107,2022,2021-12-31,native_mse,20260911,-0.0034192691302211337,,0,1
annual_net_quarter_head,2769,2022-06-24,2022-07-04,0.0074507343130214,2022,2021-12-31,native_mse,20260911,0.0007173637240202417,,1,1
annual_net_quarter_head,2774,2022-07-01,2022-07-11,-0.0092349827532707,2022,2021-12-31,native_mse,20260911,0.00019356382111467723,,1,0
annual_net_quarter_head,2779,2022-07-08,2022-07-18,-0.0326815927737367,2022,2021-12-31,native_mse,20260911,-0.002705313965036355,,0,0
annual_net_quarter_head,2784,2022-07-15,2022-07-25,-0.0066210715249344,2022,2021-12-31,native_mse,20260911,-0.01432584048846508,,0,0
annual_net_quarter_head,2789,2022-07-22,2022-08-01,-0.0173077967751003,2022,2021-12-31,native_mse,20260911,-0.01380965748442494,,0,0
annual_net_quarter_head,2794,2022-07-29,2022-08-08,-0.004456034513838,2022,2021-12-31,native_mse,20260911,-0.0005052222003642227,,0,0
annual_net_quarter_head,2799,2022-08-05,2022-08-15,0.0091475117753996,2022,2021-12-31,native_mse,20260911,0.011525493600414192,,1,1
annual_net_quarter_head,2804,2022-08-12,2022-08-22,-0.0107272727272728,2022,2021-12-31,native_mse,20260911,0.011216024245490553,,1,0
annual_net_quarter_head,2809,2022-08-19,2022-08-29,-0.0172375434082356,2022,2021-12-31,native_mse,20260911,0.011754323018096325,,1,0
annual_net_quarter_head,2814,2022-08-26,2022-09-05,-0.0131573766941938,2022,2021-12-31,native_mse,20260911,0.015594603509631271,,1,0
annual_net_quarter_head,2819,2022-09-02,2022-09-13,0.0253340680878015,2022,2021-12-31,native_mse,20260911,0.010900596081000016,,1,1
annual_net_quarter_head,2824,2022-09-09,2022-09-19,-0.044647264962877,2022,2021-12-31,native_mse,20260911,0.009845699372826781,,1,0
annual_net_quarter_head,2828,2022-09-16,2022-09-26,-0.025155151434928,2022,2021-12-31,native_mse,20260911,0.008491582609497948,,1,0
annual_net_quarter_head,2833,2022-09-23,2022-10-10,-0.0060162941299352,2022,2021-12-31,native_mse,20260911,0.016496050845990925,,1,0
annual_net_quarter_head,2838,2022-09-30,2022-10-17,0.0041192047412885,2022,2021-12-31,native_mse,20260911,0.0066528810646222045,,1,1
annual_net_quarter_head,2843,2022-10-14,2022-10-24,-0.0246766294110258,2022,2021-12-31,native_mse,20260911,0.007009044538463505,,1,0
annual_net_quarter_head,2848,2022-10-21,2022-10-31,-0.059928861134359,2022,2021-12-31,native_mse,20260911,0.010852556503638734,,1,0
annual_net_quarter_head,2853,2022-10-28,2022-11-07,0.071339502526744,2022,2021-12-31,native_mse,20260911,0.006842543646863063,,1,1
annual_net_quarter_head,2858,2022-11-04,2022-11-14,0.0169449090696014,2022,2021-12-31,native_mse,20260911,-0.008549410923537592,,0,1
annual_net_quarter_head,2863,2022-11-11,2022-11-21,-0.0127051391515239,2022,2021-12-31,native_mse,20260911,-0.005215109557773304,,0,0
annual_net_quarter_head,2868,2022-11-18,2022-11-28,-0.0179672806084416,2022,2021-12-31,native_mse,20260911,-0.010307087880643545,,0,0
annual_net_quarter_head,2873,2022-11-25,2022-12-05,0.0555768659337096,2022,2021-12-31,native_mse,20260911,0.0013951717650121252,,1,1
annual_net_quarter_head,2878,2022-12-02,2022-12-12,0.0175374394775362,2022,2021-12-31,native_mse,20260911,0.009832549235191711,,1,1
annual_net_quarter_head,2883,2022-12-09,2022-12-19,-0.0058850602464181,2022,2021-12-31,native_mse,20260911,0.003809464155812216,,1,0
annual_net_quarter_head,2888,2022-12-16,2022-12-26,-0.0309150292073658,2022,2021-12-31,native_mse,20260911,-0.00026475301217457076,,0,0
annual_net_quarter_head,2893,2022-12-23,2023-01-03,0.0089464492229616,2022,2021-12-31,native_mse,20260911,0.0011212783896272817,,1,1
annual_net_quarter_head,2898,2022-12-30,2023-01-09,0.0345913414268119,2022,2021-12-31,native_mse,20260911,-0.013209134532423342,,0,1
annual_net_quarter_head,2660,2022-01-07,2022-01-17,-0.0173453887283024,2022,2021-12-31,native_mse,20260912,0.001814179283598589,,1,0
annual_net_quarter_head,2665,2022-01-14,2022-01-24,0.0053248631776616,2022,2021-12-31,native_mse,20260912,0.0008133505012356114,,1,1
annual_net_quarter_head,2670,2022-01-21,2022-02-07,-0.0242661876254222,2022,2021-12-31,native_mse,20260912,0.003394922189452561,,1,0
annual_net_quarter_head,2675,2022-01-28,2022-02-14,-0.0127539031341488,2022,2021-12-31,native_mse,20260912,0.001858669558311765,,1,0
annual_net_quarter_head,2680,2022-02-11,2022-02-21,0.0145498774954033,2022,2021-12-31,native_mse,20260912,0.003479305001395758,,1,1
annual_net_quarter_head,2685,2022-02-18,2022-02-28,-0.0177161244498015,2022,2021-12-31,native_mse,20260912,0.00484344917433416,,1,0
annual_net_quarter_head,2690,2022-02-25,2022-03-07,-0.0221791776043331,2022,2021-12-31,native_mse,20260912,0.004930593592929232,,1,0
annual_net_quarter_head,2695,2022-03-04,2022-03-14,-0.0480378799422749,2022,2021-12-31,native_mse,20260912,0.004780982951547397,,1,0
annual_net_quarter_head,2700,2022-03-11,2022-03-21,0.007530336734814,2022,2021-12-31,native_mse,20260912,0.004193854635787947,,1,1
annual_net_quarter_head,2705,2022-03-18,2022-03-28,-0.0353493110038457,2022,2021-12-31,native_mse,20260912,0.004396502651581285,,1,0
annual_net_quarter_head,2710,2022-03-25,2022-04-06,0.0314834190717003,2022,2021-12-31,native_mse,20260912,0.0036897334948297125,,1,1
annual_net_quarter_head,2715,2022-04-01,2022-04-12,-0.0129237372705649,2022,2021-12-31,native_mse,20260912,0.003704448832752752,,1,0
annual_net_quarter_head,2718,2022-04-08,2022-04-18,-0.0120986062576864,2022,2021-12-31,native_mse,20260912,0.0033120503584409514,,1,0
annual_net_quarter_head,2723,2022-04-15,2022-04-25,-0.0528494340140576,2022,2021-12-31,native_mse,20260912,0.0030085181253416615,,1,0
annual_net_quarter_head,2728,2022-04-22,2022-05-05,0.015736821365468,2022,2021-12-31,native_mse,20260912,0.0026567146550084044,,1,1
annual_net_quarter_head,2733,2022-04-29,2022-05-11,-0.0278824133054675,2022,2021-12-31,native_mse,20260912,0.0018367479372410052,,1,0
annual_net_quarter_head,2735,2022-05-06,2022-05-16,0.033741423035827,2022,2021-12-31,native_mse,20260912,0.0020912186604119124,,1,1
annual_net_quarter_head,2740,2022-05-13,2022-05-23,0.0164308841843088,2022,2021-12-31,native_mse,20260912,0.0018493178254621319,,1,1
annual_net_quarter_head,2745,2022-05-20,2022-05-30,-0.0147293413085614,2022,2021-12-31,native_mse,20260912,0.0016372108848958446,,1,0
annual_net_quarter_head,2750,2022-05-27,2022-06-13,0.0431748431927498,2022,2021-12-31,native_mse,20260912,0.0012702553294938346,,1,1
annual_net_quarter_head,2759,2022-06-10,2022-06-20,0.0306046547112142,2022,2021-12-31,native_mse,20260912,-0.00018870985334741705,,0,1
annual_net_quarter_head,2764,2022-06-17,2022-06-27,0.0211666894141107,2022,2021-12-31,native_mse,20260912,-0.0009698518035469311,,0,1
annual_net_quarter_head,2769,2022-06-24,2022-07-04,0.0074507343130214,2022,2021-12-31,native_mse,20260912,-0.00016157705520515077,,0,1
annual_net_quarter_head,2774,2022-07-01,2022-07-11,-0.0092349827532707,2022,2021-12-31,native_mse,20260912,0.00012114906253678204,,1,0
annual_net_quarter_head,2779,2022-07-08,2022-07-18,-0.0326815927737367,2022,2021-12-31,native_mse,20260912,0.0009385572149118832,,1,0
annual_net_quarter_head,2784,2022-07-15,2022-07-25,-0.0066210715249344,2022,2021-12-31,native_mse,20260912,0.0008465033870475552,,1,0
annual_net_quarter_head,2789,2022-07-22,2022-08-01,-0.0173077967751003,2022,2021-12-31,native_mse,20260912,0.001749105544547778,,1,0
annual_net_quarter_head,2794,2022-07-29,2022-08-08,-0.004456034513838,2022,2021-12-31,native_mse,20260912,0.0022855909610094674,,1,0
annual_net_quarter_head,2799,2022-08-05,2022-08-15,0.0091475117753996,2022,2021-12-31,native_mse,20260912,0.0023275813973101045,,1,1
annual_net_quarter_head,2804,2022-08-12,2022-08-22,-0.0107272727272728,2022,2021-12-31,native_mse,20260912,0.00116828161002665,,1,0
annual_net_quarter_head,2809,2022-08-19,2022-08-29,-0.0172375434082356,2022,2021-12-31,native_mse,20260912,0.002641518401624336,,1,0
annual_net_quarter_head,2814,2022-08-26,2022-09-05,-0.0131573766941938,2022,2021-12-31,native_mse,20260912,0.00258122146459616,,1,0
annual_net_quarter_head,2819,2022-09-02,2022-09-13,0.0253340680878015,2022,2021-12-31,native_mse,20260912,0.003426320209529877,,1,1
annual_net_quarter_head,2824,2022-09-09,2022-09-19,-0.044647264962877,2022,2021-12-31,native_mse,20260912,0.004071954177543495,,1,0
annual_net_quarter_head,2828,2022-09-16,2022-09-26,-0.025155151434928,2022,2021-12-31,native_mse,20260912,0.004321372628556118,,1,0
annual_net_quarter_head,2833,2022-09-23,2022-10-10,-0.0060162941299352,2022,2021-12-31,native_mse,20260912,0.0034216908995016978,,1,0
annual_net_quarter_head,2838,2022-09-30,2022-10-17,0.0041192047412885,2022,2021-12-31,native_mse,20260912,0.003515450079575204,,1,1
annual_net_quarter_head,2843,2022-10-14,2022-10-24,-0.0246766294110258,2022,2021-12-31,native_mse,20260912,0.002607809358206801,,1,0
annual_net_quarter_head,2848,2022-10-21,2022-10-31,-0.059928861134359,2022,2021-12-31,native_mse,20260912,0.003699251753992663,,1,0
annual_net_quarter_head,2853,2022-10-28,2022-11-07,0.071339502526744,2022,2021-12-31,native_mse,20260912,0.0018115173178016464,,1,1
annual_net_quarter_head,2858,2022-11-04,2022-11-14,0.0169449090696014,2022,2021-12-31,native_mse,20260912,0.0023418219066621243,,1,1
annual_net_quarter_head,2863,2022-11-11,2022-11-21,-0.0127051391515239,2022,2021-12-31,native_mse,20260912,0.0018573604038192703,,1,0
annual_net_quarter_head,2868,2022-11-18,2022-11-28,-0.0179672806084416,2022,2021-12-31,native_mse,20260912,0.0016249204309614228,,1,0
annual_net_quarter_head,2873,2022-11-25,2022-12-05,0.0555768659337096,2022,2021-12-31,native_mse,20260912,0.0016075771422150188,,1,1
annual_net_quarter_head,2878,2022-12-02,2022-12-12,0.0175374394775362,2022,2021-12-31,native_mse,20260912,0.0015010231403169106,,1,1
annual_net_quarter_head,2883,2022-12-09,2022-12-19,-0.0058850602464181,2022,2021-12-31,native_mse,20260912,0.001187317105345827,,1,0
annual_net_quarter_head,2888,2022-12-16,2022-12-26,-0.0309150292073658,2022,2021-12-31,native_mse,20260912,0.0019485697779955545,,1,0
annual_net_quarter_head,2893,2022-12-23,2023-01-03,0.0089464492229616,2022,2021-12-31,native_mse,20260912,0.0001928217320369698,,1,1
annual_net_quarter_head,2898,2022-12-30,2023-01-09,0.0345913414268119,2022,2021-12-31,native_mse,20260912,0.00047968928790032895,,1,1
annual_net_quarter_head,2902,2023-01-06,2023-01-16,0.0198447929614133,2023,2022-12-31,native_mse,20260910,-0.0025267983391307767,,0,1
annual_net_quarter_head,2907,2023-01-13,2023-01-30,0.0465290788350809,2023,2022-12-31,native_mse,20260910,-0.0004635399148201708,,0,1
annual_net_quarter_head,2912,2023-01-20,2023-02-06,-0.0383797057844887,2023,2022-12-31,native_mse,20260910,7.519190422555292e-05,,1,0
annual_net_quarter_head,2917,2023-02-03,2023-02-13,-0.0012061903149008,2023,2022-12-31,native_mse,20260910,0.0016271329266920357,,1,0
annual_net_quarter_head,2922,2023-02-10,2023-02-20,-0.0143746584432821,2023,2022-12-31,native_mse,20260910,-0.0011564163814400644,,0,0
annual_net_quarter_head,2927,2023-02-17,2023-02-27,0.0001237636016198,2023,2022-12-31,native_mse,20260910,-0.0016426518503498255,,0,1
annual_net_quarter_head,2932,2023-02-24,2023-03-06,0.0224454641303217,2023,2022-12-31,native_mse,20260910,0.0015810555880606469,,1,1
annual_net_quarter_head,2937,2023-03-03,2023-03-13,-0.0407900947678007,2023,2022-12-31,native_mse,20260910,0.0007073892257839969,,1,0
annual_net_quarter_head,2942,2023-03-10,2023-03-20,5.0471402903706775e-06,2023,2022-12-31,native_mse,20260910,-0.0001794060398361263,,0,1
annual_net_quarter_head,2947,2023-03-17,2023-03-27,0.015302852124583,2023,2022-12-31,native_mse,20260910,-0.0018976163672993884,,0,1
annual_net_quarter_head,2952,2023-03-24,2023-04-03,0.0090274153058433,2023,2022-12-31,native_mse,20260910,-0.001832954139676603,,0,1
annual_net_quarter_head,2957,2023-03-31,2023-04-10,0.0178317182396383,2023,2022-12-31,native_mse,20260910,-0.00172129069982479,,0,1
annual_net_quarter_head,2961,2023-04-07,2023-04-17,-0.0101500238382772,2023,2022-12-31,native_mse,20260910,-0.00033641886926452733,,0,0
annual_net_quarter_head,2966,2023-04-14,2023-04-24,-0.014368947230732,2023,2022-12-31,native_mse,20260910,-0.0013230092163269815,,0,0
annual_net_quarter_head,2971,2023-04-21,2023-05-04,-0.0044228908788729,2023,2022-12-31,native_mse,20260910,-0.0007286066396655064,,0,0
annual_net_quarter_head,2976,2023-04-28,2023-05-10,0.0036477163153083,2023,2022-12-31,native_mse,20260910,-0.00030575704561793394,,0,1
annual_net_quarter_head,2978,2023-05-05,2023-05-15,-0.0221642407977935,2023,2022-12-31,native_mse,20260910,-0.00011486613921578474,,0,0
annual_net_quarter_head,2983,2023-05-12,2023-05-22,0.0005509250208819,2023,2022-12-31,native_mse,20260910,-0.0001792163459168561,,0,1
annual_net_quarter_head,2988,2023-05-19,2023-05-29,-0.0200253742704897,2023,2022-12-31,native_mse,20260910,0.0009439667644663131,,1,0
annual_net_quarter_head,2993,2023-05-26,2023-06-05,-0.0003935703040848,2023,2022-12-31,native_mse,20260910,0.000557122093874036,,1,0
annual_net_quarter_head,2998,2023-06-02,2023-06-12,-0.0086075595250429,2023,2022-12-31,native_mse,20260910,-0.001180815938657947,,0,0
annual_net_quarter_head,3003,2023-06-09,2023-06-19,0.0338878539347273,2023,2022-12-31,native_mse,20260910,-0.0014426234760102343,,0,1
annual_net_quarter_head,3008,2023-06-16,2023-07-03,-0.026216632171098,2023,2022-12-31,native_mse,20260910,-0.0010042817493535598,,0,0
annual_net_quarter_head,3016,2023-06-30,2023-07-10,-0.0030441518806006,2023,2022-12-31,native_mse,20260910,-0.0011931588855691256,,0,0
annual_net_quarter_head,3021,2023-07-07,2023-07-17,0.0104280552692135,2023,2022-12-31,native_mse,20260910,-0.001925244639091561,,0,1
annual_net_quarter_head,3026,2023-07-14,2023-07-24,-0.0201642613135752,2023,2022-12-31,native_mse,20260910,0.00072512762062503,,1,0
annual_net_quarter_head,3031,2023-07-21,2023-07-31,0.0566710925894278,2023,2022-12-31,native_mse,20260910,0.0009939160139214966,,1,1
annual_net_quarter_head,3036,2023-07-28,2023-08-07,-0.0039612927947766,2023,2022-12-31,native_mse,20260910,-0.0005682320215149167,,0,0
annual_net_quarter_head,3041,2023-08-04,2023-08-14,-0.0404899362223548,2023,2022-12-31,native_mse,20260910,-0.0009301134947241365,,0,0
annual_net_quarter_head,3046,2023-08-11,2023-08-21,-0.0176157088591445,2023,2022-12-31,native_mse,20260910,-0.000726777176221484,,0,0
annual_net_quarter_head,3051,2023-08-18,2023-08-28,0.0366582477081969,2023,2022-12-31,native_mse,20260910,0.0008756120897448488,,1,1
annual_net_quarter_head,3056,2023-08-25,2023-09-04,-0.025197172476384,2023,2022-12-31,native_mse,20260910,-0.0006648239910763075,,0,0
annual_net_quarter_head,3061,2023-09-01,2023-09-11,-0.0189903461587886,2023,2022-12-31,native_mse,20260910,0.00015839660362514175,,1,0
annual_net_quarter_head,3066,2023-09-08,2023-09-18,-0.0111346368744954,2023,2022-12-31,native_mse,20260910,0.001744965500114605,,1,0
annual_net_quarter_head,3071,2023-09-15,2023-09-25,0.0105787349314532,2023,2022-12-31,native_mse,20260910,0.0006876575211446893,,1,1
annual_net_quarter_head,3076,2023-09-22,2023-10-16,-0.0198017153282719,2023,2022-12-31,native_mse,20260910,-0.00243132015475,,0,0
annual_net_quarter_head,3085,2023-10-13,2023-10-23,-0.0447156690429144,2023,2022-12-31,native_mse,20260910,-0.0021908711949872265,,0,0
annual_net_quarter_head,3090,2023-10-20,2023-10-30,0.0154019770298841,2023,2022-12-31,native_mse,20260910,-0.0005611083237640583,,0,1
annual_net_quarter_head,3095,2023-10-27,2023-11-06,0.0152527637017425,2023,2022-12-31,native_mse,20260910,0.0010289915405626282,,1,1
annual_net_quarter_head,3100,2023-11-03,2023-11-13,-0.0039935482440582,2023,2022-12-31,native_mse,20260910,0.001023319006735779,,1,0
annual_net_quarter_head,3105,2023-11-10,2023-11-20,-0.0067280482816765,2023,2022-12-31,native_mse,20260910,-0.0009564130384265961,,0,0
annual_net_quarter_head,3110,2023-11-17,2023-11-27,-0.0098859017348651,2023,2022-12-31,native_mse,20260910,0.00023192130830153903,,1,0
annual_net_quarter_head,3115,2023-11-24,2023-12-04,-0.0151084754586299,2023,2022-12-31,native_mse,20260910,0.0008732338960994725,,1,0
annual_net_quarter_head,3120,2023-12-01,2023-12-11,-0.0295859857973478,2023,2022-12-31,native_mse,20260910,0.000837366835393595,,1,0
annual_net_quarter_head,3125,2023-12-08,2023-12-18,-0.0144639658974852,2023,2022-12-31,native_mse,20260910,0.0006391538307731006,,1,0
annual_net_quarter_head,3130,2023-12-15,2023-12-25,0.0003424256350643,2023,2022-12-31,native_mse,20260910,0.000382991564868559,,1,1
annual_net_quarter_head,3135,2023-12-22,2024-01-02,0.0288079559683274,2023,2022-12-31,native_mse,20260910,-0.0008222024683218445,,0,1
annual_net_quarter_head,3140,2023-12-29,2024-01-08,-0.0302544749829989,2023,2022-12-31,native_mse,20260910,0.0008212539531046094,,1,0
annual_net_quarter_head,2902,2023-01-06,2023-01-16,0.0198447929614133,2023,2022-12-31,native_mse,20260911,-0.0028881799476405084,,0,1
annual_net_quarter_head,2907,2023-01-13,2023-01-30,0.0465290788350809,2023,2022-12-31,native_mse,20260911,0.002600529697082545,,1,1
annual_net_quarter_head,2912,2023-01-20,2023-02-06,-0.0383797057844887,2023,2022-12-31,native_mse,20260911,0.009824735187562814,,1,0
annual_net_quarter_head,2917,2023-02-03,2023-02-13,-0.0012061903149008,2023,2022-12-31,native_mse,20260911,0.001758336799202022,,1,0
annual_net_quarter_head,2922,2023-02-10,2023-02-20,-0.0143746584432821,2023,2022-12-31,native_mse,20260911,-0.004455423490420713,,0,0
annual_net_quarter_head,2927,2023-02-17,2023-02-27,0.0001237636016198,2023,2022-12-31,native_mse,20260911,-0.004320463721841919,,0,1
annual_net_quarter_head,2932,2023-02-24,2023-03-06,0.0224454641303217,2023,2022-12-31,native_mse,20260911,0.007109894584169036,,1,1
annual_net_quarter_head,2937,2023-03-03,2023-03-13,-0.0407900947678007,2023,2022-12-31,native_mse,20260911,0.012121075090535267,,1,0
annual_net_quarter_head,2942,2023-03-10,2023-03-20,5.0471402903706775e-06,2023,2022-12-31,native_mse,20260911,-0.0015684618293498606,,0,1
annual_net_quarter_head,2947,2023-03-17,2023-03-27,0.015302852124583,2023,2022-12-31,native_mse,20260911,-0.00455123687690783,,0,1
annual_net_quarter_head,2952,2023-03-24,2023-04-03,0.0090274153058433,2023,2022-12-31,native_mse,20260911,-0.0032713642765306557,,0,1
annual_net_quarter_head,2957,2023-03-31,2023-04-10,0.0178317182396383,2023,2022-12-31,native_mse,20260911,0.009972413917103892,,1,1
annual_net_quarter_head,2961,2023-04-07,2023-04-17,-0.0101500238382772,2023,2022-12-31,native_mse,20260911,0.007806808930188104,,1,0
annual_net_quarter_head,2966,2023-04-14,2023-04-24,-0.014368947230732,2023,2022-12-31,native_mse,20260911,0.007226249329863683,,1,0
annual_net_quarter_head,2971,2023-04-21,2023-05-04,-0.0044228908788729,2023,2022-12-31,native_mse,20260911,-0.0024232716039148286,,0,0
annual_net_quarter_head,2976,2023-04-28,2023-05-10,0.0036477163153083,2023,2022-12-31,native_mse,20260911,-0.003907239624967295,,0,1
annual_net_quarter_head,2978,2023-05-05,2023-05-15,-0.0221642407977935,2023,2022-12-31,native_mse,20260911,-0.0031947009428460477,,0,0
annual_net_quarter_head,2983,2023-05-12,2023-05-22,0.0005509250208819,2023,2022-12-31,native_mse,20260911,0.003981441571850173,,1,1
annual_net_quarter_head,2988,2023-05-19,2023-05-29,-0.0200253742704897,2023,2022-12-31,native_mse,20260911,0.01107004322684732,,1,0
annual_net_quarter_head,2993,2023-05-26,2023-06-05,-0.0003935703040848,2023,2022-12-31,native_mse,20260911,0.004560043069480671,,1,0
annual_net_quarter_head,2998,2023-06-02,2023-06-12,-0.0086075595250429,2023,2022-12-31,native_mse,20260911,-0.0048559678058000275,,0,0
annual_net_quarter_head,3003,2023-06-09,2023-06-19,0.0338878539347273,2023,2022-12-31,native_mse,20260911,-0.0042897134995229635,,0,1
annual_net_quarter_head,3008,2023-06-16,2023-07-03,-0.026216632171098,2023,2022-12-31,native_mse,20260911,-0.004761761648113702,,0,0
annual_net_quarter_head,3016,2023-06-30,2023-07-10,-0.0030441518806006,2023,2022-12-31,native_mse,20260911,0.001449000541630631,,1,0
annual_net_quarter_head,3021,2023-07-07,2023-07-17,0.0104280552692135,2023,2022-12-31,native_mse,20260911,-0.005015012063383114,,0,1
annual_net_quarter_head,3026,2023-07-14,2023-07-24,-0.0201642613135752,2023,2022-12-31,native_mse,20260911,-0.002212730290267345,,0,0
annual_net_quarter_head,3031,2023-07-21,2023-07-31,0.0566710925894278,2023,2022-12-31,native_mse,20260911,-0.005112763962830667,,0,1
annual_net_quarter_head,3036,2023-07-28,2023-08-07,-0.0039612927947766,2023,2022-12-31,native_mse,20260911,-0.0052814272148835025,,0,0
annual_net_quarter_head,3041,2023-08-04,2023-08-14,-0.0404899362223548,2023,2022-12-31,native_mse,20260911,-0.004618211999064367,,0,0
annual_net_quarter_head,3046,2023-08-11,2023-08-21,-0.0176157088591445,2023,2022-12-31,native_mse,20260911,0.009053312378542757,,1,0
annual_net_quarter_head,3051,2023-08-18,2023-08-28,0.0366582477081969,2023,2022-12-31,native_mse,20260911,0.004561021250172811,,1,1
annual_net_quarter_head,3056,2023-08-25,2023-09-04,-0.025197172476384,2023,2022-12-31,native_mse,20260911,-0.0025275908526821967,,0,0
annual_net_quarter_head,3061,2023-09-01,2023-09-11,-0.0189903461587886,2023,2022-12-31,native_mse,20260911,-0.0049631793698849645,,0,0
annual_net_quarter_head,3066,2023-09-08,2023-09-18,-0.0111346368744954,2023,2022-12-31,native_mse,20260911,0.00680202581529956,,1,0
annual_net_quarter_head,3071,2023-09-15,2023-09-25,0.0105787349314532,2023,2022-12-31,native_mse,20260911,0.008596091481564963,,1,1
annual_net_quarter_head,3076,2023-09-22,2023-10-16,-0.0198017153282719,2023,2022-12-31,native_mse,20260911,-0.0031471179155324424,,0,0
annual_net_quarter_head,3085,2023-10-13,2023-10-23,-0.0447156690429144,2023,2022-12-31,native_mse,20260911,-0.004148291730857776,,0,0
annual_net_quarter_head,3090,2023-10-20,2023-10-30,0.0154019770298841,2023,2022-12-31,native_mse,20260911,-0.005712800982170543,,0,1
annual_net_quarter_head,3095,2023-10-27,2023-11-06,0.0152527637017425,2023,2022-12-31,native_mse,20260911,-0.0033253387808900993,,0,1
annual_net_quarter_head,3100,2023-11-03,2023-11-13,-0.0039935482440582,2023,2022-12-31,native_mse,20260911,-0.0006739370262628165,,0,0
annual_net_quarter_head,3105,2023-11-10,2023-11-20,-0.0067280482816765,2023,2022-12-31,native_mse,20260911,-0.004003258050664914,,0,0
annual_net_quarter_head,3110,2023-11-17,2023-11-27,-0.0098859017348651,2023,2022-12-31,native_mse,20260911,-0.003231557067429336,,0,0
annual_net_quarter_head,3115,2023-11-24,2023-12-04,-0.0151084754586299,2023,2022-12-31,native_mse,20260911,-0.003968465813336381,,0,0
annual_net_quarter_head,3120,2023-12-01,2023-12-11,-0.0295859857973478,2023,2022-12-31,native_mse,20260911,-0.004170192617569334,,0,0
annual_net_quarter_head,3125,2023-12-08,2023-12-18,-0.0144639658974852,2023,2022-12-31,native_mse,20260911,-0.004708072283208354,,0,0
annual_net_quarter_head,3130,2023-12-15,2023-12-25,0.0003424256350643,2023,2022-12-31,native_mse,20260911,-0.005014383450601872,,0,1
annual_net_quarter_head,3135,2023-12-22,2024-01-02,0.0288079559683274,2023,2022-12-31,native_mse,20260911,-0.005140476035149425,,0,1
annual_net_quarter_head,3140,2023-12-29,2024-01-08,-0.0302544749829989,2023,2022-12-31,native_mse,20260911,-0.0034098597743402285,,0,0
annual_net_quarter_head,2902,2023-01-06,2023-01-16,0.0198447929614133,2023,2022-12-31,native_mse,20260912,0.0004281627694943007,,1,1
annual_net_quarter_head,2907,2023-01-13,2023-01-30,0.0465290788350809,2023,2022-12-31,native_mse,20260912,4.2102919401855305e-05,,1,1
annual_net_quarter_head,2912,2023-01-20,2023-02-06,-0.0383797057844887,2023,2022-12-31,native_mse,20260912,0.0010967633118809882,,1,0
annual_net_quarter_head,2917,2023-02-03,2023-02-13,-0.0012061903149008,2023,2022-12-31,native_mse,20260912,0.0008747039967658528,,1,0
annual_net_quarter_head,2922,2023-02-10,2023-02-20,-0.0143746584432821,2023,2022-12-31,native_mse,20260912,0.0001818132935792269,,1,0
annual_net_quarter_head,2927,2023-02-17,2023-02-27,0.0001237636016198,2023,2022-12-31,native_mse,20260912,0.00010126624081480557,,1,1
annual_net_quarter_head,2932,2023-02-24,2023-03-06,0.0224454641303217,2023,2022-12-31,native_mse,20260912,0.000782385799644381,,1,1
annual_net_quarter_head,2937,2023-03-03,2023-03-13,-0.0407900947678007,2023,2022-12-31,native_mse,20260912,0.00040350503591383166,,1,0
annual_net_quarter_head,2942,2023-03-10,2023-03-20,5.0471402903706775e-06,2023,2022-12-31,native_mse,20260912,0.00023517524465769396,,1,1
annual_net_quarter_head,2947,2023-03-17,2023-03-27,0.015302852124583,2023,2022-12-31,native_mse,20260912,-0.0005550490015326846,,0,1
annual_net_quarter_head,2952,2023-03-24,2023-04-03,0.0090274153058433,2023,2022-12-31,native_mse,20260912,0.0004555071806066471,,1,1
annual_net_quarter_head,2957,2023-03-31,2023-04-10,0.0178317182396383,2023,2022-12-31,native_mse,20260912,0.0006137448037054246,,1,1
annual_net_quarter_head,2961,2023-04-07,2023-04-17,-0.0101500238382772,2023,2022-12-31,native_mse,20260912,0.0007714668086940345,,1,0
annual_net_quarter_head,2966,2023-04-14,2023-04-24,-0.014368947230732,2023,2022-12-31,native_mse,20260912,0.0006120128536014287,,1,0
annual_net_quarter_head,2971,2023-04-21,2023-05-04,-0.0044228908788729,2023,2022-12-31,native_mse,20260912,0.0004168718728952876,,1,0
annual_net_quarter_head,2976,2023-04-28,2023-05-10,0.0036477163153083,2023,2022-12-31,native_mse,20260912,0.0007975995131662927,,1,1
annual_net_quarter_head,2978,2023-05-05,2023-05-15,-0.0221642407977935,2023,2022-12-31,native_mse,20260912,3.748499343571029e-05,,1,0
annual_net_quarter_head,2983,2023-05-12,2023-05-22,0.0005509250208819,2023,2022-12-31,native_mse,20260912,0.00013564688457888487,,1,1
annual_net_quarter_head,2988,2023-05-19,2023-05-29,-0.0200253742704897,2023,2022-12-31,native_mse,20260912,0.0006049797039520234,,1,0
annual_net_quarter_head,2993,2023-05-26,2023-06-05,-0.0003935703040848,2023,2022-12-31,native_mse,20260912,5.080512794837295e-05,,1,0
annual_net_quarter_head,2998,2023-06-02,2023-06-12,-0.0086075595250429,2023,2022-12-31,native_mse,20260912,-0.0003527596454530836,,0,0
annual_net_quarter_head,3003,2023-06-09,2023-06-19,0.0338878539347273,2023,2022-12-31,native_mse,20260912,-0.0004629538008774116,,0,1
annual_net_quarter_head,3008,2023-06-16,2023-07-03,-0.026216632171098,2023,2022-12-31,native_mse,20260912,-0.0003413110242915335,,0,0
annual_net_quarter_head,3016,2023-06-30,2023-07-10,-0.0030441518806006,2023,2022-12-31,native_mse,20260912,0.0003431408638381007,,1,0
annual_net_quarter_head,3021,2023-07-07,2023-07-17,0.0104280552692135,2023,2022-12-31,native_mse,20260912,0.000814771057302496,,1,1
annual_net_quarter_head,3026,2023-07-14,2023-07-24,-0.0201642613135752,2023,2022-12-31,native_mse,20260912,0.0006501402430561996,,1,0
annual_net_quarter_head,3031,2023-07-21,2023-07-31,0.0566710925894278,2023,2022-12-31,native_mse,20260912,2.5045124957704355e-05,,1,1
annual_net_quarter_head,3036,2023-07-28,2023-08-07,-0.0039612927947766,2023,2022-12-31,native_mse,20260912,0.00047471401642830695,,1,0
annual_net_quarter_head,3041,2023-08-04,2023-08-14,-0.0404899362223548,2023,2022-12-31,native_mse,20260912,0.0008553072765691807,,1,0
annual_net_quarter_head,3046,2023-08-11,2023-08-21,-0.0176157088591445,2023,2022-12-31,native_mse,20260912,0.0015027086256146451,,1,0
annual_net_quarter_head,3051,2023-08-18,2023-08-28,0.0366582477081969,2023,2022-12-31,native_mse,20260912,0.0006099353623650846,,1,1
annual_net_quarter_head,3056,2023-08-25,2023-09-04,-0.025197172476384,2023,2022-12-31,native_mse,20260912,0.00044421971221099443,,1,0
annual_net_quarter_head,3061,2023-09-01,2023-09-11,-0.0189903461587886,2023,2022-12-31,native_mse,20260912,-0.0002025361551160587,,0,0
annual_net_quarter_head,3066,2023-09-08,2023-09-18,-0.0111346368744954,2023,2022-12-31,native_mse,20260912,0.00041052847232038274,,1,0
annual_net_quarter_head,3071,2023-09-15,2023-09-25,0.0105787349314532,2023,2022-12-31,native_mse,20260912,0.0001624781603077036,,1,1
annual_net_quarter_head,3076,2023-09-22,2023-10-16,-0.0198017153282719,2023,2022-12-31,native_mse,20260912,-2.0047557486308507e-05,,0,0
annual_net_quarter_head,3085,2023-10-13,2023-10-23,-0.0447156690429144,2023,2022-12-31,native_mse,20260912,-7.666747850147154e-05,,0,0
annual_net_quarter_head,3090,2023-10-20,2023-10-30,0.0154019770298841,2023,2022-12-31,native_mse,20260912,0.00029732197364893017,,1,1
annual_net_quarter_head,3095,2023-10-27,2023-11-06,0.0152527637017425,2023,2022-12-31,native_mse,20260912,0.0012245039371740986,,1,1
annual_net_quarter_head,3100,2023-11-03,2023-11-13,-0.0039935482440582,2023,2022-12-31,native_mse,20260912,0.00041856415378897153,,1,0
annual_net_quarter_head,3105,2023-11-10,2023-11-20,-0.0067280482816765,2023,2022-12-31,native_mse,20260912,0.00022000524072862617,,1,0
annual_net_quarter_head,3110,2023-11-17,2023-11-27,-0.0098859017348651,2023,2022-12-31,native_mse,20260912,-0.00011003873914113989,,0,0
annual_net_quarter_head,3115,2023-11-24,2023-12-04,-0.0151084754586299,2023,2022-12-31,native_mse,20260912,0.0006004861455855604,,1,0
annual_net_quarter_head,3120,2023-12-01,2023-12-11,-0.0295859857973478,2023,2022-12-31,native_mse,20260912,9.164477722239853e-05,,1,0
annual_net_quarter_head,3125,2023-12-08,2023-12-18,-0.0144639658974852,2023,2022-12-31,native_mse,20260912,0.0003716320497864135,,1,0
annual_net_quarter_head,3130,2023-12-15,2023-12-25,0.0003424256350643,2023,2022-12-31,native_mse,20260912,0.0007186720416179463,,1,1
annual_net_quarter_head,3135,2023-12-22,2024-01-02,0.0288079559683274,2023,2022-12-31,native_mse,20260912,0.00031752353260434155,,1,1
annual_net_quarter_head,3140,2023-12-29,2024-01-08,-0.0302544749829989,2023,2022-12-31,native_mse,20260912,-5.293223214677527e-06,,0,0
annual_net_quarter_head,3144,2024-01-05,2024-01-15,-0.0158038409563566,2024,2023-12-31,native_mse,20260910,0.000251131835275678,,1,0
annual_net_quarter_head,3149,2024-01-12,2024-01-22,-0.002333261979756,2024,2023-12-31,native_mse,20260910,0.0007362057214049004,,1,0
annual_net_quarter_head,3154,2024-01-19,2024-01-29,0.0223511633823452,2024,2023-12-31,native_mse,20260910,-0.00023540604600351487,,0,1
annual_net_quarter_head,3159,2024-01-26,2024-02-05,-0.0513103415192826,2024,2023-12-31,native_mse,20260910,-0.001531436704987099,,0,0
annual_net_quarter_head,3164,2024-02-02,2024-02-26,0.1015374891364462,2024,2023-12-31,native_mse,20260910,0.004796229141878599,,1,1
annual_net_quarter_head,3173,2024-02-23,2024-03-04,0.0151569053862528,2024,2023-12-31,native_mse,20260910,0.005981439448417525,,1,1
annual_net_quarter_head,3178,2024-03-01,2024-03-11,0.0021394031715169,2024,2023-12-31,native_mse,20260910,0.002923079585146593,,1,1
annual_net_quarter_head,3183,2024-03-08,2024-03-18,0.0087762342284414,2024,2023-12-31,native_mse,20260910,0.004534858645957669,,1,1
annual_net_quarter_head,3188,2024-03-15,2024-03-25,-0.0112802133595746,2024,2023-12-31,native_mse,20260910,0.004141952477981538,,1,0
annual_net_quarter_head,3193,2024-03-22,2024-04-01,0.0042044725182444,2024,2023-12-31,native_mse,20260910,0.0018727898596620025,,1,1
annual_net_quarter_head,3198,2024-03-29,2024-04-15,-0.0219845815102011,2024,2023-12-31,native_mse,20260910,0.0003645787473085561,,1,0
annual_net_quarter_head,3206,2024-04-12,2024-04-22,0.018045199366633,2024,2023-12-31,native_mse,20260910,-0.00021832918624461518,,0,1
annual_net_quarter_head,3211,2024-04-19,2024-04-29,0.0136757744232476,2024,2023-12-31,native_mse,20260910,0.0005323002819172812,,1,1
annual_net_quarter_head,3216,2024-04-26,2024-05-13,0.0172434956786644,2024,2023-12-31,native_mse,20260910,-0.00014728683736751251,,0,1
annual_net_quarter_head,3223,2024-05-10,2024-05-20,0.0097933549988344,2024,2023-12-31,native_mse,20260910,0.0004133340837300701,,1,1
annual_net_quarter_head,3228,2024-05-17,2024-05-27,-0.0204803832637164,2024,2023-12-31,native_mse,20260910,0.0036262081384896457,,1,0
annual_net_quarter_head,3233,2024-05-24,2024-06-03,-0.0081155643048258,2024,2023-12-31,native_mse,20260910,0.0049904247327292855,,1,0
annual_net_quarter_head,3238,2024-05-31,2024-06-11,-0.0060267570121149,2024,2023-12-31,native_mse,20260910,0.0040244113389711345,,1,0
annual_net_quarter_head,3243,2024-06-07,2024-06-17,-0.0096686558937179,2024,2023-12-31,native_mse,20260910,0.008609928356971403,,1,0
annual_net_quarter_head,3247,2024-06-14,2024-06-24,-0.013573992457631,2024,2023-12-31,native_mse,20260910,0.008961501129694911,,1,0
annual_net_quarter_head,3252,2024-06-21,2024-07-01,-0.004427632109257,2024,2023-12-31,native_mse,20260910,0.0009177608055072099,,1,0
annual_net_quarter_head,3257,2024-06-28,2024-07-08,-0.0108320369203009,2024,2023-12-31,native_mse,20260910,0.0030020981914033497,,1,0
annual_net_quarter_head,3262,2024-07-05,2024-07-15,0.0122222871842843,2024,2023-12-31,native_mse,20260910,0.00336049012064386,,1,1
annual_net_quarter_head,3267,2024-07-12,2024-07-22,0.0218881133018156,2024,2023-12-31,native_mse,20260910,-0.0006421845267103974,,0,1
annual_net_quarter_head,3272,2024-07-19,2024-07-29,-0.0378787022382998,2024,2023-12-31,native_mse,20260910,0.0004540341648428114,,1,0
annual_net_quarter_head,3277,2024-07-26,2024-08-05,-0.0124134568216732,2024,2023-12-31,native_mse,20260910,0.0013231998081271626,,1,0
annual_net_quarter_head,3282,2024-08-02,2024-08-12,-0.0102762848330364,2024,2023-12-31,native_mse,20260910,0.001303372172405589,,1,0
annual_net_quarter_head,3287,2024-08-09,2024-08-19,0.0050186923751938,2024,2023-12-31,native_mse,20260910,0.00011119162293128984,,1,1
annual_net_quarter_head,3292,2024-08-16,2024-08-26,-0.0040487282687352,2024,2023-12-31,native_mse,20260910,0.0014903087569155989,,1,0
annual_net_quarter_head,3297,2024-08-23,2024-09-02,-0.0069594562136714,2024,2023-12-31,native_mse,20260910,-0.0030751570665977007,,0,0
annual_net_quarter_head,3302,2024-08-30,2024-09-09,-0.0280389655151561,2024,2023-12-31,native_mse,20260910,-0.003508085985855703,,0,0
annual_net_quarter_head,3307,2024-09-06,2024-09-18,-0.0174132138857783,2024,2023-12-31,native_mse,20260910,-0.0025693655960970898,,0,0
annual_net_quarter_head,3312,2024-09-13,2024-09-24,0.0133119329369826,2024,2023-12-31,native_mse,20260910,0.00017194356388446877,,1,1
annual_net_quarter_head,3315,2024-09-20,2024-09-30,0.2017513988384409,2024,2023-12-31,native_mse,20260910,0.0007791555801138394,,1,1
annual_net_quarter_head,3320,2024-09-27,2024-10-14,0.0178259004588408,2024,2023-12-31,native_mse,20260910,0.0007616530796663938,,1,1
annual_net_quarter_head,3325,2024-10-11,2024-10-21,0.0080914993282625,2024,2023-12-31,native_mse,20260910,-0.0026429925872939004,,0,1
annual_net_quarter_head,3330,2024-10-18,2024-10-28,0.0015733867085561,2024,2023-12-31,native_mse,20260910,-0.004083051697418182,,0,1
annual_net_quarter_head,3335,2024-10-25,2024-11-04,-0.0140142824257356,2024,2023-12-31,native_mse,20260910,-0.003618447449131282,,0,0
annual_net_quarter_head,3340,2024-11-01,2024-11-11,0.0434152361258277,2024,2023-12-31,native_mse,20260910,-0.0042863223001300965,,0,1
annual_net_quarter_head,3345,2024-11-08,2024-11-18,-0.0208584853931589,2024,2023-12-31,native_mse,20260910,-0.0028591792362593097,,0,0
annual_net_quarter_head,3350,2024-11-15,2024-11-25,-0.0267421712161923,2024,2023-12-31,native_mse,20260910,-0.0017028092388012967,,0,0
annual_net_quarter_head,3355,2024-11-22,2024-12-02,0.0087960346887328,2024,2023-12-31,native_mse,20260910,-0.0009456406767515755,,0,1
annual_net_quarter_head,3360,2024-11-29,2024-12-09,0.0155919891551781,2024,2023-12-31,native_mse,20260910,-0.0002599534945060551,,0,1
annual_net_quarter_head,3365,2024-12-06,2024-12-16,-0.0100436703218104,2024,2023-12-31,native_mse,20260910,0.0007542474780432574,,1,0
annual_net_quarter_head,3370,2024-12-13,2024-12-23,-0.0006690784017421,2024,2023-12-31,native_mse,20260910,-0.0007125951992407705,,0,0
annual_net_quarter_head,3375,2024-12-20,2024-12-30,0.0123595076562756,2024,2023-12-31,native_mse,20260910,-0.0012475930255920083,,0,1
annual_net_quarter_head,3380,2024-12-27,2025-01-06,-0.0504714964669198,2024,2023-12-31,native_mse,20260910,-0.00024548952899875387,,0,0
annual_net_quarter_head,3144,2024-01-05,2024-01-15,-0.0158038409563566,2024,2023-12-31,native_mse,20260911,0.006524465736805172,,1,0
annual_net_quarter_head,3149,2024-01-12,2024-01-22,-0.002333261979756,2024,2023-12-31,native_mse,20260911,0.008213225375018137,,1,0
annual_net_quarter_head,3154,2024-01-19,2024-01-29,0.0223511633823452,2024,2023-12-31,native_mse,20260911,0.009988969845384454,,1,1
annual_net_quarter_head,3159,2024-01-26,2024-02-05,-0.0513103415192826,2024,2023-12-31,native_mse,20260911,0.007709942184731473,,1,0
annual_net_quarter_head,3164,2024-02-02,2024-02-26,0.1015374891364462,2024,2023-12-31,native_mse,20260911,0.006449485928463916,,1,1
annual_net_quarter_head,3173,2024-02-23,2024-03-04,0.0151569053862528,2024,2023-12-31,native_mse,20260911,0.010256530380527457,,1,1
annual_net_quarter_head,3178,2024-03-01,2024-03-11,0.0021394031715169,2024,2023-12-31,native_mse,20260911,0.00705766649461919,,1,1
annual_net_quarter_head,3183,2024-03-08,2024-03-18,0.0087762342284414,2024,2023-12-31,native_mse,20260911,0.008632918878357794,,1,1
annual_net_quarter_head,3188,2024-03-15,2024-03-25,-0.0112802133595746,2024,2023-12-31,native_mse,20260911,0.004101422624994645,,1,0
annual_net_quarter_head,3193,2024-03-22,2024-04-01,0.0042044725182444,2024,2023-12-31,native_mse,20260911,0.0049895841353934664,,1,1
annual_net_quarter_head,3198,2024-03-29,2024-04-15,-0.0219845815102011,2024,2023-12-31,native_mse,20260911,0.0016010611409444046,,1,0
annual_net_quarter_head,3206,2024-04-12,2024-04-22,0.018045199366633,2024,2023-12-31,native_mse,20260911,0.001857502186560773,,1,1
annual_net_quarter_head,3211,2024-04-19,2024-04-29,0.0136757744232476,2024,2023-12-31,native_mse,20260911,0.009651811290201222,,1,1
annual_net_quarter_head,3216,2024-04-26,2024-05-13,0.0172434956786644,2024,2023-12-31,native_mse,20260911,0.005960111287081512,,1,1
annual_net_quarter_head,3223,2024-05-10,2024-05-20,0.0097933549988344,2024,2023-12-31,native_mse,20260911,-0.004933376296222066,,0,1
annual_net_quarter_head,3228,2024-05-17,2024-05-27,-0.0204803832637164,2024,2023-12-31,native_mse,20260911,-0.003099362011607103,,0,0
annual_net_quarter_head,3233,2024-05-24,2024-06-03,-0.0081155643048258,2024,2023-12-31,native_mse,20260911,-0.0038744398417857777,,0,0
annual_net_quarter_head,3238,2024-05-31,2024-06-11,-0.0060267570121149,2024,2023-12-31,native_mse,20260911,-0.0020292253039693184,,0,0
annual_net_quarter_head,3243,2024-06-07,2024-06-17,-0.0096686558937179,2024,2023-12-31,native_mse,20260911,5.7354393489387904e-05,,1,0
annual_net_quarter_head,3247,2024-06-14,2024-06-24,-0.013573992457631,2024,2023-12-31,native_mse,20260911,0.0016373878025280563,,1,0
annual_net_quarter_head,3252,2024-06-21,2024-07-01,-0.004427632109257,2024,2023-12-31,native_mse,20260911,0.0027588932782398315,,1,0
annual_net_quarter_head,3257,2024-06-28,2024-07-08,-0.0108320369203009,2024,2023-12-31,native_mse,20260911,0.0032470747873102144,,1,0
annual_net_quarter_head,3262,2024-07-05,2024-07-15,0.0122222871842843,2024,2023-12-31,native_mse,20260911,0.002652089101692747,,1,1
annual_net_quarter_head,3267,2024-07-12,2024-07-22,0.0218881133018156,2024,2023-12-31,native_mse,20260911,0.004450330503533944,,1,1
annual_net_quarter_head,3272,2024-07-19,2024-07-29,-0.0378787022382998,2024,2023-12-31,native_mse,20260911,-0.0012744559041647184,,0,0
annual_net_quarter_head,3277,2024-07-26,2024-08-05,-0.0124134568216732,2024,2023-12-31,native_mse,20260911,-0.001291795834448832,,0,0
annual_net_quarter_head,3282,2024-08-02,2024-08-12,-0.0102762848330364,2024,2023-12-31,native_mse,20260911,-0.002458562952290899,,0,0
annual_net_quarter_head,3287,2024-08-09,2024-08-19,0.0050186923751938,2024,2023-12-31,native_mse,20260911,-0.0009352769264030156,,0,1
annual_net_quarter_head,3292,2024-08-16,2024-08-26,-0.0040487282687352,2024,2023-12-31,native_mse,20260911,-0.0034014636043486098,,0,0
annual_net_quarter_head,3297,2024-08-23,2024-09-02,-0.0069594562136714,2024,2023-12-31,native_mse,20260911,-0.0018665564124188876,,0,0
annual_net_quarter_head,3302,2024-08-30,2024-09-09,-0.0280389655151561,2024,2023-12-31,native_mse,20260911,2.766314850337684e-05,,1,0
annual_net_quarter_head,3307,2024-09-06,2024-09-18,-0.0174132138857783,2024,2023-12-31,native_mse,20260911,0.0015093996928045017,,1,0
annual_net_quarter_head,3312,2024-09-13,2024-09-24,0.0133119329369826,2024,2023-12-31,native_mse,20260911,0.005047902673988417,,1,1
annual_net_quarter_head,3315,2024-09-20,2024-09-30,0.2017513988384409,2024,2023-12-31,native_mse,20260911,0.006841795120835749,,1,1
annual_net_quarter_head,3320,2024-09-27,2024-10-14,0.0178259004588408,2024,2023-12-31,native_mse,20260911,0.011643607701046107,,1,1
annual_net_quarter_head,3325,2024-10-11,2024-10-21,0.0080914993282625,2024,2023-12-31,native_mse,20260911,0.006958055096152153,,1,1
annual_net_quarter_head,3330,2024-10-18,2024-10-28,0.0015733867085561,2024,2023-12-31,native_mse,20260911,0.0035488889473533555,,1,1
annual_net_quarter_head,3335,2024-10-25,2024-11-04,-0.0140142824257356,2024,2023-12-31,native_mse,20260911,-0.004087166652715301,,0,0
annual_net_quarter_head,3340,2024-11-01,2024-11-11,0.0434152361258277,2024,2023-12-31,native_mse,20260911,-0.008879815780234165,,0,1
annual_net_quarter_head,3345,2024-11-08,2024-11-18,-0.0208584853931589,2024,2023-12-31,native_mse,20260911,-0.0016665405141504353,,0,0
annual_net_quarter_head,3350,2024-11-15,2024-11-25,-0.0267421712161923,2024,2023-12-31,native_mse,20260911,-0.0014397200836903515,,0,0
annual_net_quarter_head,3355,2024-11-22,2024-12-02,0.0087960346887328,2024,2023-12-31,native_mse,20260911,-0.00394305191034785,,0,1
annual_net_quarter_head,3360,2024-11-29,2024-12-09,0.0155919891551781,2024,2023-12-31,native_mse,20260911,-0.003787046789689023,,0,1
annual_net_quarter_head,3365,2024-12-06,2024-12-16,-0.0100436703218104,2024,2023-12-31,native_mse,20260911,-0.0013163950781598383,,0,0
annual_net_quarter_head,3370,2024-12-13,2024-12-23,-0.0006690784017421,2024,2023-12-31,native_mse,20260911,-0.007731413237017607,,0,0
annual_net_quarter_head,3375,2024-12-20,2024-12-30,0.0123595076562756,2024,2023-12-31,native_mse,20260911,-0.005503589541502588,,0,1
annual_net_quarter_head,3380,2024-12-27,2025-01-06,-0.0504714964669198,2024,2023-12-31,native_mse,20260911,0.006049137218951889,,1,0
annual_net_quarter_head,3144,2024-01-05,2024-01-15,-0.0158038409563566,2024,2023-12-31,native_mse,20260912,0.001652613648937757,,1,0
annual_net_quarter_head,3149,2024-01-12,2024-01-22,-0.002333261979756,2024,2023-12-31,native_mse,20260912,0.0017566823014709063,,1,0
annual_net_quarter_head,3154,2024-01-19,2024-01-29,0.0223511633823452,2024,2023-12-31,native_mse,20260912,0.0017349357863463528,,1,1
annual_net_quarter_head,3159,2024-01-26,2024-02-05,-0.0513103415192826,2024,2023-12-31,native_mse,20260912,0.0017756045446650414,,1,0
annual_net_quarter_head,3164,2024-02-02,2024-02-26,0.1015374891364462,2024,2023-12-31,native_mse,20260912,0.0017702651342618495,,1,1
annual_net_quarter_head,3173,2024-02-23,2024-03-04,0.0151569053862528,2024,2023-12-31,native_mse,20260912,0.0018705013508167863,,1,1
annual_net_quarter_head,3178,2024-03-01,2024-03-11,0.0021394031715169,2024,2023-12-31,native_mse,20260912,0.0020966839632058165,,1,1
annual_net_quarter_head,3183,2024-03-08,2024-03-18,0.0087762342284414,2024,2023-12-31,native_mse,20260912,0.0021229030867072935,,1,1
annual_net_quarter_head,3188,2024-03-15,2024-03-25,-0.0112802133595746,2024,2023-12-31,native_mse,20260912,0.002169492364912302,,1,0
annual_net_quarter_head,3193,2024-03-22,2024-04-01,0.0042044725182444,2024,2023-12-31,native_mse,20260912,0.0021346683785466035,,1,1
annual_net_quarter_head,3198,2024-03-29,2024-04-15,-0.0219845815102011,2024,2023-12-31,native_mse,20260912,0.001970104765042201,,1,0
annual_net_quarter_head,3206,2024-04-12,2024-04-22,0.018045199366633,2024,2023-12-31,native_mse,20260912,0.0018950666103198662,,1,1
annual_net_quarter_head,3211,2024-04-19,2024-04-29,0.0136757744232476,2024,2023-12-31,native_mse,20260912,0.0014826942470986316,,1,1
annual_net_quarter_head,3216,2024-04-26,2024-05-13,0.0172434956786644,2024,2023-12-31,native_mse,20260912,0.0010502698704938512,,1,1
annual_net_quarter_head,3223,2024-05-10,2024-05-20,0.0097933549988344,2024,2023-12-31,native_mse,20260912,0.0008603132721811119,,1,1
annual_net_quarter_head,3228,2024-05-17,2024-05-27,-0.0204803832637164,2024,2023-12-31,native_mse,20260912,0.000598359363630433,,1,0
annual_net_quarter_head,3233,2024-05-24,2024-06-03,-0.0081155643048258,2024,2023-12-31,native_mse,20260912,0.0005736014331172037,,1,0
annual_net_quarter_head,3238,2024-05-31,2024-06-11,-0.0060267570121149,2024,2023-12-31,native_mse,20260912,0.0005483327414548749,,1,0
annual_net_quarter_head,3243,2024-06-07,2024-06-17,-0.0096686558937179,2024,2023-12-31,native_mse,20260912,0.000585176229140396,,1,0
annual_net_quarter_head,3247,2024-06-14,2024-06-24,-0.013573992457631,2024,2023-12-31,native_mse,20260912,0.000605835607878555,,1,0
annual_net_quarter_head,3252,2024-06-21,2024-07-01,-0.004427632109257,2024,2023-12-31,native_mse,20260912,0.0006286050015987623,,1,0
annual_net_quarter_head,3257,2024-06-28,2024-07-08,-0.0108320369203009,2024,2023-12-31,native_mse,20260912,0.00064228262166844,,1,0
annual_net_quarter_head,3262,2024-07-05,2024-07-15,0.0122222871842843,2024,2023-12-31,native_mse,20260912,0.000721007461573622,,1,1
annual_net_quarter_head,3267,2024-07-12,2024-07-22,0.0218881133018156,2024,2023-12-31,native_mse,20260912,0.000821435978076197,,1,1
annual_net_quarter_head,3272,2024-07-19,2024-07-29,-0.0378787022382998,2024,2023-12-31,native_mse,20260912,0.0008418861287390497,,1,0
annual_net_quarter_head,3277,2024-07-26,2024-08-05,-0.0124134568216732,2024,2023-12-31,native_mse,20260912,0.0012675510770958798,,1,0
annual_net_quarter_head,3282,2024-08-02,2024-08-12,-0.0102762848330364,2024,2023-12-31,native_mse,20260912,0.0015249857513458085,,1,0
annual_net_quarter_head,3287,2024-08-09,2024-08-19,0.0050186923751938,2024,2023-12-31,native_mse,20260912,0.0015779514189250905,,1,1
annual_net_quarter_head,3292,2024-08-16,2024-08-26,-0.0040487282687352,2024,2023-12-31,native_mse,20260912,0.0013998325080271312,,1,0
annual_net_quarter_head,3297,2024-08-23,2024-09-02,-0.0069594562136714,2024,2023-12-31,native_mse,20260912,0.0014255873683507452,,1,0
annual_net_quarter_head,3302,2024-08-30,2024-09-09,-0.0280389655151561,2024,2023-12-31,native_mse,20260912,0.0015330401621674865,,1,0
annual_net_quarter_head,3307,2024-09-06,2024-09-18,-0.0174132138857783,2024,2023-12-31,native_mse,20260912,0.0015627932338450265,,1,0
annual_net_quarter_head,3312,2024-09-13,2024-09-24,0.0133119329369826,2024,2023-12-31,native_mse,20260912,0.0015103830852308555,,1,1
annual_net_quarter_head,3315,2024-09-20,2024-09-30,0.2017513988384409,2024,2023-12-31,native_mse,20260912,0.0015343284400254939,,1,1
annual_net_quarter_head,3320,2024-09-27,2024-10-14,0.0178259004588408,2024,2023-12-31,native_mse,20260912,0.0015725051425186597,,1,1
annual_net_quarter_head,3325,2024-10-11,2024-10-21,0.0080914993282625,2024,2023-12-31,native_mse,20260912,0.0019394229622847915,,1,1
annual_net_quarter_head,3330,2024-10-18,2024-10-28,0.0015733867085561,2024,2023-12-31,native_mse,20260912,0.0021210173726156634,,1,1
annual_net_quarter_head,3335,2024-10-25,2024-11-04,-0.0140142824257356,2024,2023-12-31,native_mse,20260912,0.0021565584052961957,,1,0
annual_net_quarter_head,3340,2024-11-01,2024-11-11,0.0434152361258277,2024,2023-12-31,native_mse,20260912,0.002066143931918221,,1,1
annual_net_quarter_head,3345,2024-11-08,2024-11-18,-0.0208584853931589,2024,2023-12-31,native_mse,20260912,0.0019328021834634566,,1,0
annual_net_quarter_head,3350,2024-11-15,2024-11-25,-0.0267421712161923,2024,2023-12-31,native_mse,20260912,0.0016078398644429398,,1,0
annual_net_quarter_head,3355,2024-11-22,2024-12-02,0.0087960346887328,2024,2023-12-31,native_mse,20260912,0.0014387624930086427,,1,1
annual_net_quarter_head,3360,2024-11-29,2024-12-09,0.0155919891551781,2024,2023-12-31,native_mse,20260912,0.001055672591838617,,1,1
annual_net_quarter_head,3365,2024-12-06,2024-12-16,-0.0100436703218104,2024,2023-12-31,native_mse,20260912,0.0009332123922739673,,1,0
annual_net_quarter_head,3370,2024-12-13,2024-12-23,-0.0006690784017421,2024,2023-12-31,native_mse,20260912,0.0007303535282016855,,1,0
annual_net_quarter_head,3375,2024-12-20,2024-12-30,0.0123595076562756,2024,2023-12-31,native_mse,20260912,0.0006347143027364932,,1,1
annual_net_quarter_head,3380,2024-12-27,2025-01-06,-0.0504714964669198,2024,2023-12-31,native_mse,20260912,0.0004962445983289108,,1,0
annual_net_quarter_head,3384,2025-01-03,2025-01-13,-0.0189486730632231,2025,2024-12-31,native_mse,20260910,-0.0042551962797835255,,0,0
annual_net_quarter_head,3389,2025-01-10,2025-01-20,0.0353251773547418,2025,2024-12-31,native_mse,20260910,-0.004346017102457373,,0,1
annual_net_quarter_head,3394,2025-01-17,2025-01-27,0.000432821422053,2025,2024-12-31,native_mse,20260910,-0.0019110835117753682,,0,1
annual_net_quarter_head,3399,2025-01-24,2025-02-10,0.0159344898044284,2025,2024-12-31,native_mse,20260910,-0.0018767518511483509,,0,1
annual_net_quarter_head,3403,2025-02-07,2025-02-17,0.0144454990892999,2025,2024-12-31,native_mse,20260910,-0.0005243581714439598,,0,1
annual_net_quarter_head,3408,2025-02-14,2025-02-24,0.0045695818086644,2025,2024-12-31,native_mse,20260910,0.0018166916350322408,,1,1
annual_net_quarter_head,3413,2025-02-21,2025-03-03,-0.0183210488158531,2025,2024-12-31,native_mse,20260910,-0.0017910693651536675,,0,0
annual_net_quarter_head,3418,2025-02-28,2025-03-10,0.0117650075646844,2025,2024-12-31,native_mse,20260910,8.039864129989814e-05,,1,1
annual_net_quarter_head,3423,2025-03-07,2025-03-17,0.019023819058288,2025,2024-12-31,native_mse,20260910,0.00045020548490624885,,1,1
annual_net_quarter_head,3428,2025-03-14,2025-03-24,-0.0259983485216283,2025,2024-12-31,native_mse,20260910,0.004030585426274574,,1,0
annual_net_quarter_head,3433,2025-03-21,2025-03-31,-0.0025867506275359,2025,2024-12-31,native_mse,20260910,0.0025467178052053364,,1,0
annual_net_quarter_head,3438,2025-03-28,2025-04-14,-0.0342910101946246,2025,2024-12-31,native_mse,20260910,0.007880897711304511,,1,0
annual_net_quarter_head,3447,2025-04-11,2025-04-21,-0.0010339232881941,2025,2024-12-31,native_mse,20260910,5.880823721327009e-05,,1,0
annual_net_quarter_head,3452,2025-04-18,2025-04-28,0.0048432383085554,2025,2024-12-31,native_mse,20260910,0.005609692399565023,,1,1
annual_net_quarter_head,3457,2025-04-25,2025-05-12,0.02116527880118,2025,2024-12-31,native_mse,20260910,-0.000987643148635555,,0,1
annual_net_quarter_head,3464,2025-05-09,2025-05-19,0.0041484224873464,2025,2024-12-31,native_mse,20260910,-0.0013747677302766792,,0,1
annual_net_quarter_head,3469,2025-05-16,2025-05-26,-0.0017462660042188,2025,2024-12-31,native_mse,20260910,-0.0004666942525332647,,0,0
annual_net_quarter_head,3474,2025-05-23,2025-06-03,-0.0109216443615366,2025,2024-12-31,native_mse,20260910,-0.0003784346347167226,,0,0
annual_net_quarter_head,3479,2025-05-30,2025-06-09,0.011566574321892,2025,2024-12-31,native_mse,20260910,0.0010175785321809984,,1,1
annual_net_quarter_head,3483,2025-06-06,2025-06-16,-0.0062354943524679,2025,2024-12-31,native_mse,20260910,-0.0001914645603575384,,0,0
annual_net_quarter_head,3488,2025-06-13,2025-06-23,-0.005825691168304,2025,2024-12-31,native_mse,20260910,1.1665969000571627e-05,,1,0
annual_net_quarter_head,3493,2025-06-20,2025-06-30,0.0232670437490374,2025,2024-12-31,native_mse,20260910,0.0007044968618821799,,1,1
annual_net_quarter_head,3498,2025-06-27,2025-07-07,0.0145345648685946,2025,2024-12-31,native_mse,20260910,-0.003232334991441291,,0,1
annual_net_quarter_head,3503,2025-07-04,2025-07-14,0.0110426949002964,2025,2024-12-31,native_mse,20260910,0.003419117861495023,,1,1
annual_net_quarter_head,3508,2025-07-11,2025-07-21,0.0120759671840067,2025,2024-12-31,native_mse,20260910,0.011140680775400312,,1,1
annual_net_quarter_head,3513,2025-07-18,2025-07-28,0.0143570766898375,2025,2024-12-31,native_mse,20260910,-0.002127522022613997,,0,1
annual_net_quarter_head,3518,2025-07-25,2025-08-04,-0.0218642507630443,2025,2024-12-31,native_mse,20260910,-0.001869242573817923,,0,0
annual_net_quarter_head,3523,2025-08-01,2025-08-11,0.0179175520190988,2025,2024-12-31,native_mse,20260910,2.2319590068522338e-05,,1,1
annual_net_quarter_head,3528,2025-08-08,2025-08-18,0.026265786598999,2025,2024-12-31,native_mse,20260910,-0.004614466433741538,,0,1
annual_net_quarter_head,3533,2025-08-15,2025-08-25,0.0469483790671487,2025,2024-12-31,native_mse,20260910,-0.0013489789955213162,,0,1
annual_net_quarter_head,3538,2025-08-22,2025-09-01,0.0227770368340847,2025,2024-12-31,native_mse,20260910,-0.004341013056443359,,0,1
annual_net_quarter_head,3543,2025-08-29,2025-09-08,-0.0110053842475337,2025,2024-12-31,native_mse,20260910,-0.004924417538845909,,0,0
annual_net_quarter_head,3548,2025-09-05,2025-09-15,0.0151594857594405,2025,2024-12-31,native_mse,20260910,-0.004519124644784283,,0,1
annual_net_quarter_head,3553,2025-09-12,2025-09-22,-0.0050409160971932,2025,2024-12-31,native_mse,20260910,-0.004114428954602145,,0,0
annual_net_quarter_head,3558,2025-09-19,2025-09-29,0.0095300784790881,2025,2024-12-31,native_mse,20260910,-0.0047590961051182015,,0,1
annual_net_quarter_head,3563,2025-09-26,2025-10-13,-0.0140855274279203,2025,2024-12-31,native_mse,20260910,-0.004219803127072934,,0,0
annual_net_quarter_head,3567,2025-10-10,2025-10-20,0.015001547584321,2025,2024-12-31,native_mse,20260910,-0.003823350500415441,,0,1
annual_net_quarter_head,3572,2025-10-17,2025-10-27,0.0309637052897611,2025,2024-12-31,native_mse,20260910,-0.003866623261027931,,0,1
annual_net_quarter_head,3577,2025-10-24,2025-11-03,-0.013331545863497,2025,2024-12-31,native_mse,20260910,-0.0036382658807448576,,0,0
annual_net_quarter_head,3582,2025-10-31,2025-11-10,0.0110832418536339,2025,2024-12-31,native_mse,20260910,-0.003790641327688186,,0,1
annual_net_quarter_head,3587,2025-11-07,2025-11-17,-0.0152107881197579,2025,2024-12-31,native_mse,20260910,-0.003538974204578519,,0,0
annual_net_quarter_head,3592,2025-11-14,2025-11-24,-0.031114557454173,2025,2024-12-31,native_mse,20260910,-0.003282621345580935,,0,0
annual_net_quarter_head,3597,2025-11-21,2025-12-01,0.0147613767448515,2025,2024-12-31,native_mse,20260910,-0.0034884891644206416,,0,1
annual_net_quarter_head,3602,2025-11-28,2025-12-08,0.0118853804313106,2025,2024-12-31,native_mse,20260910,-0.003806133337151431,,0,1
annual_net_quarter_head,3607,2025-12-05,2025-12-15,-0.0093922675990717,2025,2024-12-31,native_mse,20260910,-0.003208553856296927,,0,0
annual_net_quarter_head,3612,2025-12-12,2025-12-22,0.0082791208791208,2025,2024-12-31,native_mse,20260910,0.0022387132272507658,,1,1
annual_net_quarter_head,3617,2025-12-19,2025-12-29,0.0153890755001995,2025,2024-12-31,native_mse,20260910,0.006486312528548796,,1,1
annual_net_quarter_head,3622,2025-12-26,2026-01-12,0.0239101640737868,2025,2024-12-31,native_mse,20260910,-0.0003728277129905187,,0,1
annual_net_quarter_head,3384,2025-01-03,2025-01-13,-0.0189486730632231,2025,2024-12-31,native_mse,20260911,-0.002243633031677963,,0,0
annual_net_quarter_head,3389,2025-01-10,2025-01-20,0.0353251773547418,2025,2024-12-31,native_mse,20260911,-0.0018394813791051527,,0,1
annual_net_quarter_head,3394,2025-01-17,2025-01-27,0.000432821422053,2025,2024-12-31,native_mse,20260911,-0.0014393263633927758,,0,1
annual_net_quarter_head,3399,2025-01-24,2025-02-10,0.0159344898044284,2025,2024-12-31,native_mse,20260911,-0.0005732481089145066,,0,1
annual_net_quarter_head,3403,2025-02-07,2025-02-17,0.0144454990892999,2025,2024-12-31,native_mse,20260911,-0.0003493640286036611,,0,1
annual_net_quarter_head,3408,2025-02-14,2025-02-24,0.0045695818086644,2025,2024-12-31,native_mse,20260911,-6.571465300264602e-06,,0,1
annual_net_quarter_head,3413,2025-02-21,2025-03-03,-0.0183210488158531,2025,2024-12-31,native_mse,20260911,0.00010564573035517886,,1,0
annual_net_quarter_head,3418,2025-02-28,2025-03-10,0.0117650075646844,2025,2024-12-31,native_mse,20260911,0.00030938900384146466,,1,1
annual_net_quarter_head,3423,2025-03-07,2025-03-17,0.019023819058288,2025,2024-12-31,native_mse,20260911,0.0003527669941379203,,1,1
annual_net_quarter_head,3428,2025-03-14,2025-03-24,-0.0259983485216283,2025,2024-12-31,native_mse,20260911,0.0004719065040533454,,1,0
annual_net_quarter_head,3433,2025-03-21,2025-03-31,-0.0025867506275359,2025,2024-12-31,native_mse,20260911,0.0001374212134311476,,1,0
annual_net_quarter_head,3438,2025-03-28,2025-04-14,-0.0342910101946246,2025,2024-12-31,native_mse,20260911,0.0003460895283123176,,1,0
annual_net_quarter_head,3447,2025-04-11,2025-04-21,-0.0010339232881941,2025,2024-12-31,native_mse,20260911,0.000247650617921614,,1,0
annual_net_quarter_head,3452,2025-04-18,2025-04-28,0.0048432383085554,2025,2024-12-31,native_mse,20260911,0.0005399418130639047,,1,1
annual_net_quarter_head,3457,2025-04-25,2025-05-12,0.02116527880118,2025,2024-12-31,native_mse,20260911,0.00041859235087992534,,1,1
annual_net_quarter_head,3464,2025-05-09,2025-05-19,0.0041484224873464,2025,2024-12-31,native_mse,20260911,-0.00023324757687195213,,0,1
annual_net_quarter_head,3469,2025-05-16,2025-05-26,-0.0017462660042188,2025,2024-12-31,native_mse,20260911,-0.0007053097438131018,,0,0
annual_net_quarter_head,3474,2025-05-23,2025-06-03,-0.0109216443615366,2025,2024-12-31,native_mse,20260911,-0.0004283154814639044,,0,0
annual_net_quarter_head,3479,2025-05-30,2025-06-09,0.011566574321892,2025,2024-12-31,native_mse,20260911,-0.0007435280421209072,,0,1
annual_net_quarter_head,3483,2025-06-06,2025-06-16,-0.0062354943524679,2025,2024-12-31,native_mse,20260911,0.00031992663879525335,,1,0
annual_net_quarter_head,3488,2025-06-13,2025-06-23,-0.005825691168304,2025,2024-12-31,native_mse,20260911,-0.00012583521126832513,,0,0
annual_net_quarter_head,3493,2025-06-20,2025-06-30,0.0232670437490374,2025,2024-12-31,native_mse,20260911,0.0004804870845920942,,1,1
annual_net_quarter_head,3498,2025-06-27,2025-07-07,0.0145345648685946,2025,2024-12-31,native_mse,20260911,0.0003559800730399111,,1,1
annual_net_quarter_head,3503,2025-07-04,2025-07-14,0.0110426949002964,2025,2024-12-31,native_mse,20260911,0.0001003436982822433,,1,1
annual_net_quarter_head,3508,2025-07-11,2025-07-21,0.0120759671840067,2025,2024-12-31,native_mse,20260911,0.00011930674045287023,,1,1
annual_net_quarter_head,3513,2025-07-18,2025-07-28,0.0143570766898375,2025,2024-12-31,native_mse,20260911,-0.00014021210404791933,,0,1
annual_net_quarter_head,3518,2025-07-25,2025-08-04,-0.0218642507630443,2025,2024-12-31,native_mse,20260911,-0.0010675431152552786,,0,0
annual_net_quarter_head,3523,2025-08-01,2025-08-11,0.0179175520190988,2025,2024-12-31,native_mse,20260911,-0.0011114652147751107,,0,1
annual_net_quarter_head,3528,2025-08-08,2025-08-18,0.026265786598999,2025,2024-12-31,native_mse,20260911,-0.0011821175732785794,,0,1
annual_net_quarter_head,3533,2025-08-15,2025-08-25,0.0469483790671487,2025,2024-12-31,native_mse,20260911,-0.001692750035902398,,0,1
annual_net_quarter_head,3538,2025-08-22,2025-09-01,0.0227770368340847,2025,2024-12-31,native_mse,20260911,-0.0020785336587941633,,0,1
annual_net_quarter_head,3543,2025-08-29,2025-09-08,-0.0110053842475337,2025,2024-12-31,native_mse,20260911,-0.0022958519339049935,,0,0
annual_net_quarter_head,3548,2025-09-05,2025-09-15,0.0151594857594405,2025,2024-12-31,native_mse,20260911,-0.002811169444921857,,0,1
annual_net_quarter_head,3553,2025-09-12,2025-09-22,-0.0050409160971932,2025,2024-12-31,native_mse,20260911,-0.0028821755195373713,,0,0
annual_net_quarter_head,3558,2025-09-19,2025-09-29,0.0095300784790881,2025,2024-12-31,native_mse,20260911,-0.0027270038017814854,,0,1
annual_net_quarter_head,3563,2025-09-26,2025-10-13,-0.0140855274279203,2025,2024-12-31,native_mse,20260911,-0.002671446424452231,,0,0
annual_net_quarter_head,3567,2025-10-10,2025-10-20,0.015001547584321,2025,2024-12-31,native_mse,20260911,-0.002875353278749809,,0,1
annual_net_quarter_head,3572,2025-10-17,2025-10-27,0.0309637052897611,2025,2024-12-31,native_mse,20260911,-0.0026759293493526775,,0,1
annual_net_quarter_head,3577,2025-10-24,2025-11-03,-0.013331545863497,2025,2024-12-31,native_mse,20260911,-0.0024118634853773644,,0,0
annual_net_quarter_head,3582,2025-10-31,2025-11-10,0.0110832418536339,2025,2024-12-31,native_mse,20260911,-0.0024513790865101073,,0,1
annual_net_quarter_head,3587,2025-11-07,2025-11-17,-0.0152107881197579,2025,2024-12-31,native_mse,20260911,-0.0023441841984512364,,0,0
annual_net_quarter_head,3592,2025-11-14,2025-11-24,-0.031114557454173,2025,2024-12-31,native_mse,20260911,-0.0023326617843834286,,0,0
annual_net_quarter_head,3597,2025-11-21,2025-12-01,0.0147613767448515,2025,2024-12-31,native_mse,20260911,-0.0021695162719280723,,0,1
annual_net_quarter_head,3602,2025-11-28,2025-12-08,0.0118853804313106,2025,2024-12-31,native_mse,20260911,-0.0021230276394656705,,0,1
annual_net_quarter_head,3607,2025-12-05,2025-12-15,-0.0093922675990717,2025,2024-12-31,native_mse,20260911,-0.0018508009821854902,,0,0
annual_net_quarter_head,3612,2025-12-12,2025-12-22,0.0082791208791208,2025,2024-12-31,native_mse,20260911,-0.0014574936445709685,,0,1
annual_net_quarter_head,3617,2025-12-19,2025-12-29,0.0153890755001995,2025,2024-12-31,native_mse,20260911,-0.001196551069802699,,0,1
annual_net_quarter_head,3622,2025-12-26,2026-01-12,0.0239101640737868,2025,2024-12-31,native_mse,20260911,-0.0009424910062058391,,0,1
annual_net_quarter_head,3384,2025-01-03,2025-01-13,-0.0189486730632231,2025,2024-12-31,native_mse,20260912,-0.003930728949605344,,0,0
annual_net_quarter_head,3389,2025-01-10,2025-01-20,0.0353251773547418,2025,2024-12-31,native_mse,20260912,0.004608697114816542,,1,1
annual_net_quarter_head,3394,2025-01-17,2025-01-27,0.000432821422053,2025,2024-12-31,native_mse,20260912,-0.0013781107886780553,,0,1
annual_net_quarter_head,3399,2025-01-24,2025-02-10,0.0159344898044284,2025,2024-12-31,native_mse,20260912,0.008065382377116114,,1,1
annual_net_quarter_head,3403,2025-02-07,2025-02-17,0.0144454990892999,2025,2024-12-31,native_mse,20260912,0.0020560919017093573,,1,1
annual_net_quarter_head,3408,2025-02-14,2025-02-24,0.0045695818086644,2025,2024-12-31,native_mse,20260912,0.0004574229206631815,,1,1
annual_net_quarter_head,3413,2025-02-21,2025-03-03,-0.0183210488158531,2025,2024-12-31,native_mse,20260912,-0.004487069050516085,,0,0
annual_net_quarter_head,3418,2025-02-28,2025-03-10,0.0117650075646844,2025,2024-12-31,native_mse,20260912,0.007907777385840498,,1,1
annual_net_quarter_head,3423,2025-03-07,2025-03-17,0.019023819058288,2025,2024-12-31,native_mse,20260912,-0.007080334543719193,,0,1
annual_net_quarter_head,3428,2025-03-14,2025-03-24,-0.0259983485216283,2025,2024-12-31,native_mse,20260912,0.005416181842733637,,1,0
annual_net_quarter_head,3433,2025-03-21,2025-03-31,-0.0025867506275359,2025,2024-12-31,native_mse,20260912,0.0028174386195491687,,1,0
annual_net_quarter_head,3438,2025-03-28,2025-04-14,-0.0342910101946246,2025,2024-12-31,native_mse,20260912,0.0006099430279859906,,1,0
annual_net_quarter_head,3447,2025-04-11,2025-04-21,-0.0010339232881941,2025,2024-12-31,native_mse,20260912,-0.0038314464400373087,,0,0
annual_net_quarter_head,3452,2025-04-18,2025-04-28,0.0048432383085554,2025,2024-12-31,native_mse,20260912,-0.002239070357372274,,0,1
annual_net_quarter_head,3457,2025-04-25,2025-05-12,0.02116527880118,2025,2024-12-31,native_mse,20260912,-0.0030291142570267483,,0,1
annual_net_quarter_head,3464,2025-05-09,2025-05-19,0.0041484224873464,2025,2024-12-31,native_mse,20260912,-0.006797100864360832,,0,1
annual_net_quarter_head,3469,2025-05-16,2025-05-26,-0.0017462660042188,2025,2024-12-31,native_mse,20260912,0.0011635229802106158,,1,0
annual_net_quarter_head,3474,2025-05-23,2025-06-03,-0.0109216443615366,2025,2024-12-31,native_mse,20260912,-0.0015437185640202761,,0,0
annual_net_quarter_head,3479,2025-05-30,2025-06-09,0.011566574321892,2025,2024-12-31,native_mse,20260912,-0.007042284452490261,,0,1
annual_net_quarter_head,3483,2025-06-06,2025-06-16,-0.0062354943524679,2025,2024-12-31,native_mse,20260912,0.00028466611619904517,,1,0
annual_net_quarter_head,3488,2025-06-13,2025-06-23,-0.005825691168304,2025,2024-12-31,native_mse,20260912,-0.006674179072757184,,0,0
annual_net_quarter_head,3493,2025-06-20,2025-06-30,0.0232670437490374,2025,2024-12-31,native_mse,20260912,-0.0026285119113171485,,0,1
annual_net_quarter_head,3498,2025-06-27,2025-07-07,0.0145345648685946,2025,2024-12-31,native_mse,20260912,-0.001664357643481335,,0,1
annual_net_quarter_head,3503,2025-07-04,2025-07-14,0.0110426949002964,2025,2024-12-31,native_mse,20260912,0.0037107408116209707,,1,1
annual_net_quarter_head,3508,2025-07-11,2025-07-21,0.0120759671840067,2025,2024-12-31,native_mse,20260912,0.002218014475368515,,1,1
annual_net_quarter_head,3513,2025-07-18,2025-07-28,0.0143570766898375,2025,2024-12-31,native_mse,20260912,0.009911597608358887,,1,1
annual_net_quarter_head,3518,2025-07-25,2025-08-04,-0.0218642507630443,2025,2024-12-31,native_mse,20260912,-0.0013540938427923275,,0,0
annual_net_quarter_head,3523,2025-08-01,2025-08-11,0.0179175520190988,2025,2024-12-31,native_mse,20260912,0.002501110312004882,,1,1
annual_net_quarter_head,3528,2025-08-08,2025-08-18,0.026265786598999,2025,2024-12-31,native_mse,20260912,-0.006121881900028309,,0,1
annual_net_quarter_head,3533,2025-08-15,2025-08-25,0.0469483790671487,2025,2024-12-31,native_mse,20260912,-0.0031833828356847573,,0,1
annual_net_quarter_head,3538,2025-08-22,2025-09-01,0.0227770368340847,2025,2024-12-31,native_mse,20260912,-0.005229739970136804,,0,1
annual_net_quarter_head,3543,2025-08-29,2025-09-08,-0.0110053842475337,2025,2024-12-31,native_mse,20260912,0.0017396293034999204,,1,0
annual_net_quarter_head,3548,2025-09-05,2025-09-15,0.0151594857594405,2025,2024-12-31,native_mse,20260912,-0.006315423164964012,,0,1
annual_net_quarter_head,3553,2025-09-12,2025-09-22,-0.0050409160971932,2025,2024-12-31,native_mse,20260912,0.0036445584301978444,,1,0
annual_net_quarter_head,3558,2025-09-19,2025-09-29,0.0095300784790881,2025,2024-12-31,native_mse,20260912,-0.007907179585583714,,0,1
annual_net_quarter_head,3563,2025-09-26,2025-10-13,-0.0140855274279203,2025,2024-12-31,native_mse,20260912,-0.0016751946251609804,,0,0
annual_net_quarter_head,3567,2025-10-10,2025-10-20,0.015001547584321,2025,2024-12-31,native_mse,20260912,-0.006402638764524997,,0,1
annual_net_quarter_head,3572,2025-10-17,2025-10-27,0.0309637052897611,2025,2024-12-31,native_mse,20260912,-0.00870396964325983,,0,1
annual_net_quarter_head,3577,2025-10-24,2025-11-03,-0.013331545863497,2025,2024-12-31,native_mse,20260912,-0.005475122015119508,,0,0
annual_net_quarter_head,3582,2025-10-31,2025-11-10,0.0110832418536339,2025,2024-12-31,native_mse,20260912,-0.006949842516906396,,0,1
annual_net_quarter_head,3587,2025-11-07,2025-11-17,-0.0152107881197579,2025,2024-12-31,native_mse,20260912,0.005808210669049744,,1,0
annual_net_quarter_head,3592,2025-11-14,2025-11-24,-0.031114557454173,2025,2024-12-31,native_mse,20260912,-0.005729952989633713,,0,0
annual_net_quarter_head,3597,2025-11-21,2025-12-01,0.0147613767448515,2025,2024-12-31,native_mse,20260912,-0.0015450315646448089,,0,1
annual_net_quarter_head,3602,2025-11-28,2025-12-08,0.0118853804313106,2025,2024-12-31,native_mse,20260912,-0.0032204954130721736,,0,1
annual_net_quarter_head,3607,2025-12-05,2025-12-15,-0.0093922675990717,2025,2024-12-31,native_mse,20260912,-0.0047114270439592345,,0,0
annual_net_quarter_head,3612,2025-12-12,2025-12-22,0.0082791208791208,2025,2024-12-31,native_mse,20260912,0.0035042182684974187,,1,1
annual_net_quarter_head,3617,2025-12-19,2025-12-29,0.0153890755001995,2025,2024-12-31,native_mse,20260912,-0.0005370407904008248,,0,1
annual_net_quarter_head,3622,2025-12-26,2026-01-12,0.0239101640737868,2025,2024-12-31,native_mse,20260912,0.002315041428841435,,1,1
annual_net_quarter_head,3630,2026-01-09,2026-01-19,-0.0103697336282536,2026,2025-12-31,native_mse,20260910,-0.002855102612462861,,0,0
annual_net_quarter_head,3635,2026-01-16,2026-01-26,-0.0010190267764643,2026,2025-12-31,native_mse,20260910,-0.00015744638603756636,,0,0
annual_net_quarter_head,3640,2026-01-23,2026-02-02,-0.0087161586128796,2026,2025-12-31,native_mse,20260910,-0.006105688647517694,,0,0
annual_net_quarter_head,3645,2026-01-30,2026-02-09,0.0041482324550519,2026,2025-12-31,native_mse,20260910,-0.0019649521887390433,,0,1
annual_net_quarter_head,3650,2026-02-06,2026-02-24,0.0071649689901505,2026,2025-12-31,native_mse,20260910,0.0047027542719540035,,1,1
annual_net_quarter_head,3655,2026-02-13,2026-03-02,-0.0097920588919678,2026,2025-12-31,native_mse,20260910,0.0004179826835146159,,1,0
annual_net_quarter_head,3659,2026-02-27,2026-03-09,-0.0172526869201304,2026,2025-12-31,native_mse,20260910,0.0022625269962182996,,1,0
annual_net_quarter_head,3664,2026-03-06,2026-03-16,0.0149926634422041,2026,2025-12-31,native_mse,20260910,-0.003806878947664824,,0,1
annual_net_quarter_head,3669,2026-03-13,2026-03-23,-0.0364343509194254,2026,2025-12-31,native_mse,20260910,-0.006468904470141985,,0,0
annual_net_quarter_head,3674,2026-03-20,2026-03-30,-0.0083038829988221,2026,2025-12-31,native_mse,20260910,-0.006677801015318794,,0,0
annual_net_quarter_head,3679,2026-03-27,2026-04-07,-0.0035591495694504,2026,2025-12-31,native_mse,20260910,-0.0012459609623288559,,0,0
annual_net_quarter_head,3684,2026-04-03,2026-04-13,0.0380736235508991,2026,2025-12-31,native_mse,20260910,-0.0002708764126667155,,0,1
annual_net_quarter_head,3688,2026-04-10,2026-04-20,0.0242766725964382,2026,2025-12-31,native_mse,20260910,-0.0014516073248232214,,0,1
annual_net_quarter_head,3693,2026-04-17,2026-04-27,0.010401572188011,2026,2025-12-31,native_mse,20260910,-0.00019243492513075974,,0,1
annual_net_quarter_head,3698,2026-04-24,2026-05-11,0.0263674696524953,2026,2025-12-31,native_mse,20260910,0.00044530537803680217,,1,1
annual_net_quarter_head,3705,2026-05-08,2026-05-18,-0.0134529239455926,2026,2025-12-31,native_mse,20260910,0.00821158666179363,,1,0
annual_net_quarter_head,3710,2026-05-15,2026-05-25,0.0076235492615268,2026,2025-12-31,native_mse,20260910,0.009209478129531542,,1,1
annual_net_quarter_head,3715,2026-05-22,2026-06-01,0.005068538126898,2026,2025-12-31,native_mse,20260910,-0.0037899662548005076,,0,1
annual_net_quarter_head,3720,2026-05-29,2026-06-08,-0.039635353927193,2026,2025-12-31,native_mse,20260910,-0.005878390043911763,,0,0
annual_net_quarter_head,3725,2026-06-05,2026-06-15,0.0266849782195981,2026,2025-12-31,native_mse,20260910,-0.005079831260852612,,0,1
annual_net_quarter_head,3730,2026-06-12,2026-06-29,0.0076098142791176,2026,2025-12-31,native_mse,20260910,-0.0013875397965599067,,0,1
annual_net_quarter_head,3739,2026-06-26,2026-07-06,0.0005137647861506,2026,2025-12-31,native_mse,20260910,-0.002031043716013942,,0,1
annual_net_quarter_head,3744,2026-07-03,2026-07-13,-0.0252847876365399,2026,2025-12-31,native_mse,20260910,-0.003966417206833292,,0,0
annual_net_quarter_head,3749,2026-07-10,2026-07-20,-0.035775397012711,2026,2025-12-31,native_mse,20260910,-0.000224192482655729,,0,0
annual_net_quarter_head,3754,2026-07-17,2026-07-27,0.01756245533441,2026,2025-12-31,native_mse,20260910,-0.001279240964054163,,0,1
annual_net_quarter_head,3759,2026-07-24,2026-08-03,-0.0202339761556519,2026,2025-12-31,native_mse,20260910,-0.0020989123929827714,,0,0
annual_net_quarter_head,3764,2026-07-31,2026-08-10,0.0300318732435738,2026,2025-12-31,native_mse,20260910,-0.005698998401180227,,0,1
annual_net_quarter_head,3769,2026-08-07,2026-08-17,-0.0056482265760339,2026,2025-12-31,native_mse,20260910,-0.000843785639629233,,0,0
annual_net_quarter_head,3774,2026-08-14,2026-08-24,-0.0109860710402629,2026,2025-12-31,native_mse,20260910,0.001103287661206875,,1,0
annual_net_quarter_head,3779,2026-08-21,2026-08-31,-0.0127592811002066,2026,2025-12-31,native_mse,20260910,0.005195736341319573,,1,0
annual_net_quarter_head,3630,2026-01-09,2026-01-19,-0.0103697336282536,2026,2025-12-31,native_mse,20260911,-0.0030890692487675277,,0,0
annual_net_quarter_head,3635,2026-01-16,2026-01-26,-0.0010190267764643,2026,2025-12-31,native_mse,20260911,-0.0029844245717806552,,0,0
annual_net_quarter_head,3640,2026-01-23,2026-02-02,-0.0087161586128796,2026,2025-12-31,native_mse,20260911,-0.0018485669736654138,,0,0
annual_net_quarter_head,3645,2026-01-30,2026-02-09,0.0041482324550519,2026,2025-12-31,native_mse,20260911,-0.002659061252019485,,0,1
annual_net_quarter_head,3650,2026-02-06,2026-02-24,0.0071649689901505,2026,2025-12-31,native_mse,20260911,-0.0015567976959256278,,0,1
annual_net_quarter_head,3655,2026-02-13,2026-03-02,-0.0097920588919678,2026,2025-12-31,native_mse,20260911,-0.0015389707922718095,,0,0
annual_net_quarter_head,3659,2026-02-27,2026-03-09,-0.0172526869201304,2026,2025-12-31,native_mse,20260911,-0.0019681718770543553,,0,0
annual_net_quarter_head,3664,2026-03-06,2026-03-16,0.0149926634422041,2026,2025-12-31,native_mse,20260911,0.00014521785716820214,,1,1
annual_net_quarter_head,3669,2026-03-13,2026-03-23,-0.0364343509194254,2026,2025-12-31,native_mse,20260911,-0.0022671453715006956,,0,0
annual_net_quarter_head,3674,2026-03-20,2026-03-30,-0.0083038829988221,2026,2025-12-31,native_mse,20260911,-0.001986856137592856,,0,0
annual_net_quarter_head,3679,2026-03-27,2026-04-07,-0.0035591495694504,2026,2025-12-31,native_mse,20260911,-0.002218520604235266,,0,0
annual_net_quarter_head,3684,2026-04-03,2026-04-13,0.0380736235508991,2026,2025-12-31,native_mse,20260911,-0.002090390096021022,,0,1
annual_net_quarter_head,3688,2026-04-10,2026-04-20,0.0242766725964382,2026,2025-12-31,native_mse,20260911,-0.0024408235069100508,,0,1
annual_net_quarter_head,3693,2026-04-17,2026-04-27,0.010401572188011,2026,2025-12-31,native_mse,20260911,-0.0029629470272129906,,0,1
annual_net_quarter_head,3698,2026-04-24,2026-05-11,0.0263674696524953,2026,2025-12-31,native_mse,20260911,-0.003359926419865766,,0,1
annual_net_quarter_head,3705,2026-05-08,2026-05-18,-0.0134529239455926,2026,2025-12-31,native_mse,20260911,-0.002535154678821143,,0,0
annual_net_quarter_head,3710,2026-05-15,2026-05-25,0.0076235492615268,2026,2025-12-31,native_mse,20260911,-0.002260058894062486,,0,1
annual_net_quarter_head,3715,2026-05-22,2026-06-01,0.005068538126898,2026,2025-12-31,native_mse,20260911,-0.0015057276938992676,,0,1
annual_net_quarter_head,3720,2026-05-29,2026-06-08,-0.039635353927193,2026,2025-12-31,native_mse,20260911,-0.002635162144589442,,0,0
annual_net_quarter_head,3725,2026-06-05,2026-06-15,0.0266849782195981,2026,2025-12-31,native_mse,20260911,-0.003913781241526722,,0,1
annual_net_quarter_head,3730,2026-06-12,2026-06-29,0.0076098142791176,2026,2025-12-31,native_mse,20260911,-0.0036857925348870147,,0,1
annual_net_quarter_head,3739,2026-06-26,2026-07-06,0.0005137647861506,2026,2025-12-31,native_mse,20260911,-0.0021369319429553274,,0,1
annual_net_quarter_head,3744,2026-07-03,2026-07-13,-0.0252847876365399,2026,2025-12-31,native_mse,20260911,-0.0022933277317483012,,0,0
annual_net_quarter_head,3749,2026-07-10,2026-07-20,-0.035775397012711,2026,2025-12-31,native_mse,20260911,-0.0023056933526758674,,0,0
annual_net_quarter_head,3754,2026-07-17,2026-07-27,0.01756245533441,2026,2025-12-31,native_mse,20260911,-0.0024493044555773855,,0,1
annual_net_quarter_head,3759,2026-07-24,2026-08-03,-0.0202339761556519,2026,2025-12-31,native_mse,20260911,-0.0026633393533010696,,0,0
annual_net_quarter_head,3764,2026-07-31,2026-08-10,0.0300318732435738,2026,2025-12-31,native_mse,20260911,-0.0024432171596736993,,0,1
annual_net_quarter_head,3769,2026-08-07,2026-08-17,-0.0056482265760339,2026,2025-12-31,native_mse,20260911,-0.0034017483589926685,,0,0
annual_net_quarter_head,3774,2026-08-14,2026-08-24,-0.0109860710402629,2026,2025-12-31,native_mse,20260911,-0.002813706354026954,,0,0
annual_net_quarter_head,3779,2026-08-21,2026-08-31,-0.0127592811002066,2026,2025-12-31,native_mse,20260911,-0.0019809857134933735,,0,0
annual_net_quarter_head,3630,2026-01-09,2026-01-19,-0.0103697336282536,2026,2025-12-31,native_mse,20260912,-0.0012654744629118373,,0,0
annual_net_quarter_head,3635,2026-01-16,2026-01-26,-0.0010190267764643,2026,2025-12-31,native_mse,20260912,-0.0009824454910161004,,0,0
annual_net_quarter_head,3640,2026-01-23,2026-02-02,-0.0087161586128796,2026,2025-12-31,native_mse,20260912,-0.0014318861524315442,,0,0
annual_net_quarter_head,3645,2026-01-30,2026-02-09,0.0041482324550519,2026,2025-12-31,native_mse,20260912,-0.0015519331724585116,,0,1
annual_net_quarter_head,3650,2026-02-06,2026-02-24,0.0071649689901505,2026,2025-12-31,native_mse,20260912,-0.0016869022750859507,,0,1
annual_net_quarter_head,3655,2026-02-13,2026-03-02,-0.0097920588919678,2026,2025-12-31,native_mse,20260912,-0.0011765097827620523,,0,0
annual_net_quarter_head,3659,2026-02-27,2026-03-09,-0.0172526869201304,2026,2025-12-31,native_mse,20260912,-0.0007085124719817442,,0,0
annual_net_quarter_head,3664,2026-03-06,2026-03-16,0.0149926634422041,2026,2025-12-31,native_mse,20260912,-0.0009899154221996353,,0,1
annual_net_quarter_head,3669,2026-03-13,2026-03-23,-0.0364343509194254,2026,2025-12-31,native_mse,20260912,-0.0011266305599294578,,0,0
annual_net_quarter_head,3674,2026-03-20,2026-03-30,-0.0083038829988221,2026,2025-12-31,native_mse,20260912,-0.001524311581453077,,0,0
annual_net_quarter_head,3679,2026-03-27,2026-04-07,-0.0035591495694504,2026,2025-12-31,native_mse,20260912,-0.0019205134194293897,,0,0
annual_net_quarter_head,3684,2026-04-03,2026-04-13,0.0380736235508991,2026,2025-12-31,native_mse,20260912,-0.0011376256916386593,,0,1
annual_net_quarter_head,3688,2026-04-10,2026-04-20,0.0242766725964382,2026,2025-12-31,native_mse,20260912,-0.0013216896399536517,,0,1
annual_net_quarter_head,3693,2026-04-17,2026-04-27,0.010401572188011,2026,2025-12-31,native_mse,20260912,-0.0015028502660909705,,0,1
annual_net_quarter_head,3698,2026-04-24,2026-05-11,0.0263674696524953,2026,2025-12-31,native_mse,20260912,-0.0012568015547876838,,0,1
annual_net_quarter_head,3705,2026-05-08,2026-05-18,-0.0134529239455926,2026,2025-12-31,native_mse,20260912,-0.0004371239494575972,,0,0
annual_net_quarter_head,3710,2026-05-15,2026-05-25,0.0076235492615268,2026,2025-12-31,native_mse,20260912,6.163719011948235e-05,,1,1
annual_net_quarter_head,3715,2026-05-22,2026-06-01,0.005068538126898,2026,2025-12-31,native_mse,20260912,7.730204085298746e-06,,1,1
annual_net_quarter_head,3720,2026-05-29,2026-06-08,-0.039635353927193,2026,2025-12-31,native_mse,20260912,-0.00019569943758148556,,0,0
annual_net_quarter_head,3725,2026-06-05,2026-06-15,0.0266849782195981,2026,2025-12-31,native_mse,20260912,-0.00010540438898025962,,0,1
annual_net_quarter_head,3730,2026-06-12,2026-06-29,0.0076098142791176,2026,2025-12-31,native_mse,20260912,-0.0007095936265099443,,0,1
annual_net_quarter_head,3739,2026-06-26,2026-07-06,0.0005137647861506,2026,2025-12-31,native_mse,20260912,-0.00033128119271872585,,0,1
annual_net_quarter_head,3744,2026-07-03,2026-07-13,-0.0252847876365399,2026,2025-12-31,native_mse,20260912,-0.0011443460816151978,,0,0
annual_net_quarter_head,3749,2026-07-10,2026-07-20,-0.035775397012711,2026,2025-12-31,native_mse,20260912,-0.0017039989678604111,,0,0
annual_net_quarter_head,3754,2026-07-17,2026-07-27,0.01756245533441,2026,2025-12-31,native_mse,20260912,-0.0017003094595498154,,0,1
annual_net_quarter_head,3759,2026-07-24,2026-08-03,-0.0202339761556519,2026,2025-12-31,native_mse,20260912,-0.0018633248001663242,,0,0
annual_net_quarter_head,3764,2026-07-31,2026-08-10,0.0300318732435738,2026,2025-12-31,native_mse,20260912,-0.0013665112944695823,,0,1
annual_net_quarter_head,3769,2026-08-07,2026-08-17,-0.0056482265760339,2026,2025-12-31,native_mse,20260912,-0.0010726869031266657,,0,0
annual_net_quarter_head,3774,2026-08-14,2026-08-24,-0.0109860710402629,2026,2025-12-31,native_mse,20260912,-0.0012030503226100222,,0,0
annual_net_quarter_head,3779,2026-08-21,2026-08-31,-0.0127592811002066,2026,2025-12-31,native_mse,20260912,-0.0005090624873602664,,0,0
annual_net_quarter_head,2418,2021-01-08,2021-01-18,-0.0120052904669853,2021,2020-12-31,training_frequency,-1,0.5577557755775577,0.5577557755775577,1,0
annual_net_quarter_head,2423,2021-01-15,2021-01-25,0.0231622460538123,2021,2020-12-31,training_frequency,-1,0.5577557755775577,0.5577557755775577,1,1
annual_net_quarter_head,2428,2021-01-22,2021-02-01,-0.0372511735907923,2021,2020-12-31,training_frequency,-1,0.5577557755775577,0.5577557755775577,1,0
annual_net_quarter_head,2433,2021-01-29,2021-02-08,0.0278689901714626,2021,2020-12-31,training_frequency,-1,0.5577557755775577,0.5577557755775577,1,1
annual_net_quarter_head,2438,2021-02-05,2021-02-22,0.0507379035040882,2021,2020-12-31,training_frequency,-1,0.5577557755775577,0.5577557755775577,1,1
annual_net_quarter_head,2443,2021-02-19,2021-03-01,-0.0684918010685315,2021,2020-12-31,training_frequency,-1,0.5577557755775577,0.5577557755775577,1,0
annual_net_quarter_head,2448,2021-02-26,2021-03-08,-0.0165997123904068,2021,2020-12-31,training_frequency,-1,0.5577557755775577,0.5577557755775577,1,0
annual_net_quarter_head,2453,2021-03-05,2021-03-15,-0.0346560901469681,2021,2020-12-31,training_frequency,-1,0.5577557755775577,0.5577557755775577,1,0
annual_net_quarter_head,2458,2021-03-12,2021-03-22,-0.0210550182560221,2021,2020-12-31,training_frequency,-1,0.5577557755775577,0.5577557755775577,1,0
annual_net_quarter_head,2463,2021-03-19,2021-03-29,0.0087572877565691,2021,2020-12-31,training_frequency,-1,0.5577557755775577,0.5577557755775577,1,1
annual_net_quarter_head,2468,2021-03-26,2021-04-06,0.0250145479448802,2021,2020-12-31,training_frequency,-1,0.5577557755775577,0.5577557755775577,1,1
annual_net_quarter_head,2473,2021-04-02,2021-04-12,-0.0292856811827044,2021,2021-03-31,training_frequency,-1,0.5540875309661437,0.5540875309661437,1,0
annual_net_quarter_head,2477,2021-04-09,2021-04-19,-0.0120489836840408,2021,2021-03-31,training_frequency,-1,0.5540875309661437,0.5540875309661437,1,0
annual_net_quarter_head,2482,2021-04-16,2021-04-26,0.0382932540809155,2021,2021-03-31,training_frequency,-1,0.5540875309661437,0.5540875309661437,1,1
annual_net_quarter_head,2487,2021-04-23,2021-05-06,-0.0112070185917437,2021,2021-03-31,training_frequency,-1,0.5540875309661437,0.5540875309661437,1,0
annual_net_quarter_head,2492,2021-04-30,2021-05-12,-0.0190946889464188,2021,2021-03-31,training_frequency,-1,0.5540875309661437,0.5540875309661437,1,0
annual_net_quarter_head,2494,2021-05-07,2021-05-17,0.0227674429764228,2021,2021-03-31,training_frequency,-1,0.5540875309661437,0.5540875309661437,1,1
annual_net_quarter_head,2499,2021-05-14,2021-05-24,0.0045940519733895,2021,2021-03-31,training_frequency,-1,0.5540875309661437,0.5540875309661437,1,1
annual_net_quarter_head,2504,2021-05-21,2021-05-31,0.0348855085126711,2021,2021-03-31,training_frequency,-1,0.5540875309661437,0.5540875309661437,1,1
annual_net_quarter_head,2509,2021-05-28,2021-06-07,-0.0062409741861724,2021,2021-03-31,training_frequency,-1,0.5540875309661437,0.5540875309661437,1,0
annual_net_quarter_head,2514,2021-06-04,2021-06-15,-0.0125508761771767,2021,2021-03-31,training_frequency,-1,0.5540875309661437,0.5540875309661437,1,0
annual_net_quarter_head,2519,2021-06-11,2021-06-21,-0.0250011497424577,2021,2021-03-31,training_frequency,-1,0.5540875309661437,0.5540875309661437,1,0
annual_net_quarter_head,2523,2021-06-18,2021-06-28,0.0325308711127356,2021,2021-03-31,training_frequency,-1,0.5540875309661437,0.5540875309661437,1,1
annual_net_quarter_head,2528,2021-06-25,2021-07-05,-0.0342297962734196,2021,2021-03-31,training_frequency,-1,0.5540875309661437,0.5540875309661437,1,0
annual_net_quarter_head,2533,2021-07-02,2021-07-12,0.0068193733271841,2021,2021-06-30,training_frequency,-1,0.5537190082644629,0.5537190082644629,1,1
annual_net_quarter_head,2538,2021-07-09,2021-07-19,-0.0048254045313779,2021,2021-06-30,training_frequency,-1,0.5537190082644629,0.5537190082644629,1,0
annual_net_quarter_head,2543,2021-07-16,2021-07-26,-0.0032299118953994,2021,2021-06-30,training_frequency,-1,0.5537190082644629,0.5537190082644629,1,0
annual_net_quarter_head,2548,2021-07-23,2021-08-02,-0.0537740931579083,2021,2021-06-30,training_frequency,-1,0.5537190082644629,0.5537190082644629,1,0
annual_net_quarter_head,2553,2021-07-30,2021-08-09,0.019904813945049,2021,2021-06-30,training_frequency,-1,0.5537190082644629,0.5537190082644629,1,1
annual_net_quarter_head,2558,2021-08-06,2021-08-16,0.0093369268709639,2021,2021-06-30,training_frequency,-1,0.5537190082644629,0.5537190082644629,1,1
annual_net_quarter_head,2563,2021-08-13,2021-08-23,-0.032048736608373,2021,2021-06-30,training_frequency,-1,0.5537190082644629,0.5537190082644629,1,0
annual_net_quarter_head,2568,2021-08-20,2021-08-30,0.0145047962107527,2021,2021-06-30,training_frequency,-1,0.5537190082644629,0.5537190082644629,1,1
annual_net_quarter_head,2573,2021-08-27,2021-09-06,-0.0012316820816045,2021,2021-06-30,training_frequency,-1,0.5537190082644629,0.5537190082644629,1,0
annual_net_quarter_head,2578,2021-09-03,2021-09-13,0.0342301066295398,2021,2021-06-30,training_frequency,-1,0.5537190082644629,0.5537190082644629,1,1
annual_net_quarter_head,2583,2021-09-10,2021-09-22,-0.0471441667981554,2021,2021-06-30,training_frequency,-1,0.5537190082644629,0.5537190082644629,1,0
annual_net_quarter_head,2588,2021-09-17,2021-09-28,0.0209863060789441,2021,2021-06-30,training_frequency,-1,0.5537190082644629,0.5537190082644629,1,1
annual_net_quarter_head,2591,2021-09-24,2021-10-11,0.0144615416200457,2021,2021-06-30,training_frequency,-1,0.5537190082644629,0.5537190082644629,1,1
annual_net_quarter_head,2596,2021-10-08,2021-10-18,-0.0038006269617851,2021,2021-09-30,training_frequency,-1,0.5512396694214876,0.5512396694214876,1,0
annual_net_quarter_head,2601,2021-10-15,2021-10-25,0.0037358989621147,2021,2021-09-30,training_frequency,-1,0.5512396694214876,0.5512396694214876,1,1
annual_net_quarter_head,2606,2021-10-22,2021-11-01,-0.0127041632091318,2021,2021-09-30,training_frequency,-1,0.5512396694214876,0.5512396694214876,1,0
annual_net_quarter_head,2611,2021-10-29,2021-11-08,-0.0075807737801166,2021,2021-09-30,training_frequency,-1,0.5512396694214876,0.5512396694214876,1,0
annual_net_quarter_head,2616,2021-11-05,2021-11-15,0.0110015182343039,2021,2021-09-30,training_frequency,-1,0.5512396694214876,0.5512396694214876,1,1
annual_net_quarter_head,2621,2021-11-12,2021-11-22,0.0002002284238551,2021,2021-09-30,training_frequency,-1,0.5512396694214876,0.5512396694214876,1,1
annual_net_quarter_head,2626,2021-11-19,2021-11-29,-0.0153981603100059,2021,2021-09-30,training_frequency,-1,0.5512396694214876,0.5512396694214876,1,0
annual_net_quarter_head,2631,2021-11-26,2021-12-06,0.0185518287306458,2021,2021-09-30,training_frequency,-1,0.5512396694214876,0.5512396694214876,1,1
annual_net_quarter_head,2636,2021-12-03,2021-12-13,0.0367843110096284,2021,2021-09-30,training_frequency,-1,0.5512396694214876,0.5512396694214876,1,1
annual_net_quarter_head,2641,2021-12-10,2021-12-20,-0.0304615698955996,2021,2021-09-30,training_frequency,-1,0.5512396694214876,0.5512396694214876,1,0
annual_net_quarter_head,2646,2021-12-17,2021-12-27,-0.0034083287233763,2021,2021-09-30,training_frequency,-1,0.5512396694214876,0.5512396694214876,1,0
annual_net_quarter_head,2651,2021-12-24,2022-01-04,0.0080985736506613,2021,2021-09-30,training_frequency,-1,0.5512396694214876,0.5512396694214876,1,1
annual_net_quarter_head,2656,2021-12-31,2022-01-10,-0.0293970528320001,2021,2021-09-30,training_frequency,-1,0.5512396694214876,0.5512396694214876,1,0
annual_net_quarter_head,2660,2022-01-07,2022-01-17,-0.0173453887283024,2022,2021-12-31,training_frequency,-1,0.5458298926507019,0.5458298926507019,1,0
annual_net_quarter_head,2665,2022-01-14,2022-01-24,0.0053248631776616,2022,2021-12-31,training_frequency,-1,0.5458298926507019,0.5458298926507019,1,1
annual_net_quarter_head,2670,2022-01-21,2022-02-07,-0.0242661876254222,2022,2021-12-31,training_frequency,-1,0.5458298926507019,0.5458298926507019,1,0
annual_net_quarter_head,2675,2022-01-28,2022-02-14,-0.0127539031341488,2022,2021-12-31,training_frequency,-1,0.5458298926507019,0.5458298926507019,1,0
annual_net_quarter_head,2680,2022-02-11,2022-02-21,0.0145498774954033,2022,2021-12-31,training_frequency,-1,0.5458298926507019,0.5458298926507019,1,1
annual_net_quarter_head,2685,2022-02-18,2022-02-28,-0.0177161244498015,2022,2021-12-31,training_frequency,-1,0.5458298926507019,0.5458298926507019,1,0
annual_net_quarter_head,2690,2022-02-25,2022-03-07,-0.0221791776043331,2022,2021-12-31,training_frequency,-1,0.5458298926507019,0.5458298926507019,1,0
annual_net_quarter_head,2695,2022-03-04,2022-03-14,-0.0480378799422749,2022,2021-12-31,training_frequency,-1,0.5458298926507019,0.5458298926507019,1,0
annual_net_quarter_head,2700,2022-03-11,2022-03-21,0.007530336734814,2022,2021-12-31,training_frequency,-1,0.5458298926507019,0.5458298926507019,1,1
annual_net_quarter_head,2705,2022-03-18,2022-03-28,-0.0353493110038457,2022,2021-12-31,training_frequency,-1,0.5458298926507019,0.5458298926507019,1,0
annual_net_quarter_head,2710,2022-03-25,2022-04-06,0.0314834190717003,2022,2021-12-31,training_frequency,-1,0.5458298926507019,0.5458298926507019,1,1
annual_net_quarter_head,2715,2022-04-01,2022-04-12,-0.0129237372705649,2022,2022-03-31,training_frequency,-1,0.5264462809917355,0.5264462809917355,1,0
annual_net_quarter_head,2718,2022-04-08,2022-04-18,-0.0120986062576864,2022,2022-03-31,training_frequency,-1,0.5264462809917355,0.5264462809917355,1,0
annual_net_quarter_head,2723,2022-04-15,2022-04-25,-0.0528494340140576,2022,2022-03-31,training_frequency,-1,0.5264462809917355,0.5264462809917355,1,0
annual_net_quarter_head,2728,2022-04-22,2022-05-05,0.015736821365468,2022,2022-03-31,training_frequency,-1,0.5264462809917355,0.5264462809917355,1,1
annual_net_quarter_head,2733,2022-04-29,2022-05-11,-0.0278824133054675,2022,2022-03-31,training_frequency,-1,0.5264462809917355,0.5264462809917355,1,0
annual_net_quarter_head,2735,2022-05-06,2022-05-16,0.033741423035827,2022,2022-03-31,training_frequency,-1,0.5264462809917355,0.5264462809917355,1,1
annual_net_quarter_head,2740,2022-05-13,2022-05-23,0.0164308841843088,2022,2022-03-31,training_frequency,-1,0.5264462809917355,0.5264462809917355,1,1
annual_net_quarter_head,2745,2022-05-20,2022-05-30,-0.0147293413085614,2022,2022-03-31,training_frequency,-1,0.5264462809917355,0.5264462809917355,1,0
annual_net_quarter_head,2750,2022-05-27,2022-06-13,0.0431748431927498,2022,2022-03-31,training_frequency,-1,0.5264462809917355,0.5264462809917355,1,1
annual_net_quarter_head,2759,2022-06-10,2022-06-20,0.0306046547112142,2022,2022-03-31,training_frequency,-1,0.5264462809917355,0.5264462809917355,1,1
annual_net_quarter_head,2764,2022-06-17,2022-06-27,0.0211666894141107,2022,2022-03-31,training_frequency,-1,0.5264462809917355,0.5264462809917355,1,1
annual_net_quarter_head,2769,2022-06-24,2022-07-04,0.0074507343130214,2022,2022-03-31,training_frequency,-1,0.5264462809917355,0.5264462809917355,1,1
annual_net_quarter_head,2774,2022-07-01,2022-07-11,-0.0092349827532707,2022,2022-06-30,training_frequency,-1,0.5318444995864351,0.5318444995864351,1,0
annual_net_quarter_head,2779,2022-07-08,2022-07-18,-0.0326815927737367,2022,2022-06-30,training_frequency,-1,0.5318444995864351,0.5318444995864351,1,0
annual_net_quarter_head,2784,2022-07-15,2022-07-25,-0.0066210715249344,2022,2022-06-30,training_frequency,-1,0.5318444995864351,0.5318444995864351,1,0
annual_net_quarter_head,2789,2022-07-22,2022-08-01,-0.0173077967751003,2022,2022-06-30,training_frequency,-1,0.5318444995864351,0.5318444995864351,1,0
annual_net_quarter_head,2794,2022-07-29,2022-08-08,-0.004456034513838,2022,2022-06-30,training_frequency,-1,0.5318444995864351,0.5318444995864351,1,0
annual_net_quarter_head,2799,2022-08-05,2022-08-15,0.0091475117753996,2022,2022-06-30,training_frequency,-1,0.5318444995864351,0.5318444995864351,1,1
annual_net_quarter_head,2804,2022-08-12,2022-08-22,-0.0107272727272728,2022,2022-06-30,training_frequency,-1,0.5318444995864351,0.5318444995864351,1,0
annual_net_quarter_head,2809,2022-08-19,2022-08-29,-0.0172375434082356,2022,2022-06-30,training_frequency,-1,0.5318444995864351,0.5318444995864351,1,0
annual_net_quarter_head,2814,2022-08-26,2022-09-05,-0.0131573766941938,2022,2022-06-30,training_frequency,-1,0.5318444995864351,0.5318444995864351,1,0
annual_net_quarter_head,2819,2022-09-02,2022-09-13,0.0253340680878015,2022,2022-06-30,training_frequency,-1,0.5318444995864351,0.5318444995864351,1,1
annual_net_quarter_head,2824,2022-09-09,2022-09-19,-0.044647264962877,2022,2022-06-30,training_frequency,-1,0.5318444995864351,0.5318444995864351,1,0
annual_net_quarter_head,2828,2022-09-16,2022-09-26,-0.025155151434928,2022,2022-06-30,training_frequency,-1,0.5318444995864351,0.5318444995864351,1,0
annual_net_quarter_head,2833,2022-09-23,2022-10-10,-0.0060162941299352,2022,2022-06-30,training_frequency,-1,0.5318444995864351,0.5318444995864351,1,0
annual_net_quarter_head,2838,2022-09-30,2022-10-17,0.0041192047412885,2022,2022-06-30,training_frequency,-1,0.5318444995864351,0.5318444995864351,1,1
annual_net_quarter_head,2843,2022-10-14,2022-10-24,-0.0246766294110258,2022,2022-09-30,training_frequency,-1,0.5119933829611248,0.5119933829611248,1,0
annual_net_quarter_head,2848,2022-10-21,2022-10-31,-0.059928861134359,2022,2022-09-30,training_frequency,-1,0.5119933829611248,0.5119933829611248,1,0
annual_net_quarter_head,2853,2022-10-28,2022-11-07,0.071339502526744,2022,2022-09-30,training_frequency,-1,0.5119933829611248,0.5119933829611248,1,1
annual_net_quarter_head,2858,2022-11-04,2022-11-14,0.0169449090696014,2022,2022-09-30,training_frequency,-1,0.5119933829611248,0.5119933829611248,1,1
annual_net_quarter_head,2863,2022-11-11,2022-11-21,-0.0127051391515239,2022,2022-09-30,training_frequency,-1,0.5119933829611248,0.5119933829611248,1,0
annual_net_quarter_head,2868,2022-11-18,2022-11-28,-0.0179672806084416,2022,2022-09-30,training_frequency,-1,0.5119933829611248,0.5119933829611248,1,0
annual_net_quarter_head,2873,2022-11-25,2022-12-05,0.0555768659337096,2022,2022-09-30,training_frequency,-1,0.5119933829611248,0.5119933829611248,1,1
annual_net_quarter_head,2878,2022-12-02,2022-12-12,0.0175374394775362,2022,2022-09-30,training_frequency,-1,0.5119933829611248,0.5119933829611248,1,1
annual_net_quarter_head,2883,2022-12-09,2022-12-19,-0.0058850602464181,2022,2022-09-30,training_frequency,-1,0.5119933829611248,0.5119933829611248,1,0
annual_net_quarter_head,2888,2022-12-16,2022-12-26,-0.0309150292073658,2022,2022-09-30,training_frequency,-1,0.5119933829611248,0.5119933829611248,1,0
annual_net_quarter_head,2893,2022-12-23,2023-01-03,0.0089464492229616,2022,2022-09-30,training_frequency,-1,0.5119933829611248,0.5119933829611248,1,1
annual_net_quarter_head,2898,2022-12-30,2023-01-09,0.0345913414268119,2022,2022-09-30,training_frequency,-1,0.5119933829611248,0.5119933829611248,1,1
annual_net_quarter_head,2902,2023-01-06,2023-01-16,0.0198447929614133,2023,2022-12-31,training_frequency,-1,0.5028949545078577,0.5028949545078577,1,1
annual_net_quarter_head,2907,2023-01-13,2023-01-30,0.0465290788350809,2023,2022-12-31,training_frequency,-1,0.5028949545078577,0.5028949545078577,1,1
annual_net_quarter_head,2912,2023-01-20,2023-02-06,-0.0383797057844887,2023,2022-12-31,training_frequency,-1,0.5028949545078577,0.5028949545078577,1,0
annual_net_quarter_head,2917,2023-02-03,2023-02-13,-0.0012061903149008,2023,2022-12-31,training_frequency,-1,0.5028949545078577,0.5028949545078577,1,0
annual_net_quarter_head,2922,2023-02-10,2023-02-20,-0.0143746584432821,2023,2022-12-31,training_frequency,-1,0.5028949545078577,0.5028949545078577,1,0
annual_net_quarter_head,2927,2023-02-17,2023-02-27,0.0001237636016198,2023,2022-12-31,training_frequency,-1,0.5028949545078577,0.5028949545078577,1,1
annual_net_quarter_head,2932,2023-02-24,2023-03-06,0.0224454641303217,2023,2022-12-31,training_frequency,-1,0.5028949545078577,0.5028949545078577,1,1
annual_net_quarter_head,2937,2023-03-03,2023-03-13,-0.0407900947678007,2023,2022-12-31,training_frequency,-1,0.5028949545078577,0.5028949545078577,1,0
annual_net_quarter_head,2942,2023-03-10,2023-03-20,5.0471402903706775e-06,2023,2022-12-31,training_frequency,-1,0.5028949545078577,0.5028949545078577,1,1
annual_net_quarter_head,2947,2023-03-17,2023-03-27,0.015302852124583,2023,2022-12-31,training_frequency,-1,0.5028949545078577,0.5028949545078577,1,1
annual_net_quarter_head,2952,2023-03-24,2023-04-03,0.0090274153058433,2023,2022-12-31,training_frequency,-1,0.5028949545078577,0.5028949545078577,1,1
annual_net_quarter_head,2957,2023-03-31,2023-04-10,0.0178317182396383,2023,2022-12-31,training_frequency,-1,0.5028949545078577,0.5028949545078577,1,1
annual_net_quarter_head,2961,2023-04-07,2023-04-17,-0.0101500238382772,2023,2023-03-31,training_frequency,-1,0.5062034739454094,0.5062034739454094,1,0
annual_net_quarter_head,2966,2023-04-14,2023-04-24,-0.014368947230732,2023,2023-03-31,training_frequency,-1,0.5062034739454094,0.5062034739454094,1,0
annual_net_quarter_head,2971,2023-04-21,2023-05-04,-0.0044228908788729,2023,2023-03-31,training_frequency,-1,0.5062034739454094,0.5062034739454094,1,0
annual_net_quarter_head,2976,2023-04-28,2023-05-10,0.0036477163153083,2023,2023-03-31,training_frequency,-1,0.5062034739454094,0.5062034739454094,1,1
annual_net_quarter_head,2978,2023-05-05,2023-05-15,-0.0221642407977935,2023,2023-03-31,training_frequency,-1,0.5062034739454094,0.5062034739454094,1,0
annual_net_quarter_head,2983,2023-05-12,2023-05-22,0.0005509250208819,2023,2023-03-31,training_frequency,-1,0.5062034739454094,0.5062034739454094,1,1
annual_net_quarter_head,2988,2023-05-19,2023-05-29,-0.0200253742704897,2023,2023-03-31,training_frequency,-1,0.5062034739454094,0.5062034739454094,1,0
annual_net_quarter_head,2993,2023-05-26,2023-06-05,-0.0003935703040848,2023,2023-03-31,training_frequency,-1,0.5062034739454094,0.5062034739454094,1,0
annual_net_quarter_head,2998,2023-06-02,2023-06-12,-0.0086075595250429,2023,2023-03-31,training_frequency,-1,0.5062034739454094,0.5062034739454094,1,0
annual_net_quarter_head,3003,2023-06-09,2023-06-19,0.0338878539347273,2023,2023-03-31,training_frequency,-1,0.5062034739454094,0.5062034739454094,1,1
annual_net_quarter_head,3008,2023-06-16,2023-07-03,-0.026216632171098,2023,2023-03-31,training_frequency,-1,0.5062034739454094,0.5062034739454094,1,0
annual_net_quarter_head,3016,2023-06-30,2023-07-10,-0.0030441518806006,2023,2023-03-31,training_frequency,-1,0.5062034739454094,0.5062034739454094,1,0
annual_net_quarter_head,3021,2023-07-07,2023-07-17,0.0104280552692135,2023,2023-06-30,training_frequency,-1,0.5132450331125827,0.5132450331125827,1,1
annual_net_quarter_head,3026,2023-07-14,2023-07-24,-0.0201642613135752,2023,2023-06-30,training_frequency,-1,0.5132450331125827,0.5132450331125827,1,0
annual_net_quarter_head,3031,2023-07-21,2023-07-31,0.0566710925894278,2023,2023-06-30,training_frequency,-1,0.5132450331125827,0.5132450331125827,1,1
annual_net_quarter_head,3036,2023-07-28,2023-08-07,-0.0039612927947766,2023,2023-06-30,training_frequency,-1,0.5132450331125827,0.5132450331125827,1,0
annual_net_quarter_head,3041,2023-08-04,2023-08-14,-0.0404899362223548,2023,2023-06-30,training_frequency,-1,0.5132450331125827,0.5132450331125827,1,0
annual_net_quarter_head,3046,2023-08-11,2023-08-21,-0.0176157088591445,2023,2023-06-30,training_frequency,-1,0.5132450331125827,0.5132450331125827,1,0
annual_net_quarter_head,3051,2023-08-18,2023-08-28,0.0366582477081969,2023,2023-06-30,training_frequency,-1,0.5132450331125827,0.5132450331125827,1,1
annual_net_quarter_head,3056,2023-08-25,2023-09-04,-0.025197172476384,2023,2023-06-30,training_frequency,-1,0.5132450331125827,0.5132450331125827,1,0
annual_net_quarter_head,3061,2023-09-01,2023-09-11,-0.0189903461587886,2023,2023-06-30,training_frequency,-1,0.5132450331125827,0.5132450331125827,1,0
annual_net_quarter_head,3066,2023-09-08,2023-09-18,-0.0111346368744954,2023,2023-06-30,training_frequency,-1,0.5132450331125827,0.5132450331125827,1,0
annual_net_quarter_head,3071,2023-09-15,2023-09-25,0.0105787349314532,2023,2023-06-30,training_frequency,-1,0.5132450331125827,0.5132450331125827,1,1
annual_net_quarter_head,3076,2023-09-22,2023-10-16,-0.0198017153282719,2023,2023-06-30,training_frequency,-1,0.5132450331125827,0.5132450331125827,1,0
annual_net_quarter_head,3085,2023-10-13,2023-10-23,-0.0447156690429144,2023,2023-09-30,training_frequency,-1,0.5082781456953642,0.5082781456953642,1,0
annual_net_quarter_head,3090,2023-10-20,2023-10-30,0.0154019770298841,2023,2023-09-30,training_frequency,-1,0.5082781456953642,0.5082781456953642,1,1
annual_net_quarter_head,3095,2023-10-27,2023-11-06,0.0152527637017425,2023,2023-09-30,training_frequency,-1,0.5082781456953642,0.5082781456953642,1,1
annual_net_quarter_head,3100,2023-11-03,2023-11-13,-0.0039935482440582,2023,2023-09-30,training_frequency,-1,0.5082781456953642,0.5082781456953642,1,0
annual_net_quarter_head,3105,2023-11-10,2023-11-20,-0.0067280482816765,2023,2023-09-30,training_frequency,-1,0.5082781456953642,0.5082781456953642,1,0
annual_net_quarter_head,3110,2023-11-17,2023-11-27,-0.0098859017348651,2023,2023-09-30,training_frequency,-1,0.5082781456953642,0.5082781456953642,1,0
annual_net_quarter_head,3115,2023-11-24,2023-12-04,-0.0151084754586299,2023,2023-09-30,training_frequency,-1,0.5082781456953642,0.5082781456953642,1,0
annual_net_quarter_head,3120,2023-12-01,2023-12-11,-0.0295859857973478,2023,2023-09-30,training_frequency,-1,0.5082781456953642,0.5082781456953642,1,0
annual_net_quarter_head,3125,2023-12-08,2023-12-18,-0.0144639658974852,2023,2023-09-30,training_frequency,-1,0.5082781456953642,0.5082781456953642,1,0
annual_net_quarter_head,3130,2023-12-15,2023-12-25,0.0003424256350643,2023,2023-09-30,training_frequency,-1,0.5082781456953642,0.5082781456953642,1,1
annual_net_quarter_head,3135,2023-12-22,2024-01-02,0.0288079559683274,2023,2023-09-30,training_frequency,-1,0.5082781456953642,0.5082781456953642,1,1
annual_net_quarter_head,3140,2023-12-29,2024-01-08,-0.0302544749829989,2023,2023-09-30,training_frequency,-1,0.5082781456953642,0.5082781456953642,1,0
annual_net_quarter_head,3144,2024-01-05,2024-01-15,-0.0158038409563566,2024,2023-12-31,training_frequency,-1,0.5024834437086093,0.5024834437086093,1,0
annual_net_quarter_head,3149,2024-01-12,2024-01-22,-0.002333261979756,2024,2023-12-31,training_frequency,-1,0.5024834437086093,0.5024834437086093,1,0
annual_net_quarter_head,3154,2024-01-19,2024-01-29,0.0223511633823452,2024,2023-12-31,training_frequency,-1,0.5024834437086093,0.5024834437086093,1,1
annual_net_quarter_head,3159,2024-01-26,2024-02-05,-0.0513103415192826,2024,2023-12-31,training_frequency,-1,0.5024834437086093,0.5024834437086093,1,0
annual_net_quarter_head,3164,2024-02-02,2024-02-26,0.1015374891364462,2024,2023-12-31,training_frequency,-1,0.5024834437086093,0.5024834437086093,1,1
annual_net_quarter_head,3173,2024-02-23,2024-03-04,0.0151569053862528,2024,2023-12-31,training_frequency,-1,0.5024834437086093,0.5024834437086093,1,1
annual_net_quarter_head,3178,2024-03-01,2024-03-11,0.0021394031715169,2024,2023-12-31,training_frequency,-1,0.5024834437086093,0.5024834437086093,1,1
annual_net_quarter_head,3183,2024-03-08,2024-03-18,0.0087762342284414,2024,2023-12-31,training_frequency,-1,0.5024834437086093,0.5024834437086093,1,1
annual_net_quarter_head,3188,2024-03-15,2024-03-25,-0.0112802133595746,2024,2023-12-31,training_frequency,-1,0.5024834437086093,0.5024834437086093,1,0
annual_net_quarter_head,3193,2024-03-22,2024-04-01,0.0042044725182444,2024,2023-12-31,training_frequency,-1,0.5024834437086093,0.5024834437086093,1,1
annual_net_quarter_head,3198,2024-03-29,2024-04-15,-0.0219845815102011,2024,2023-12-31,training_frequency,-1,0.5024834437086093,0.5024834437086093,1,0
annual_net_quarter_head,3206,2024-04-12,2024-04-22,0.018045199366633,2024,2024-03-31,training_frequency,-1,0.4900662251655629,0.4900662251655629,0,1
annual_net_quarter_head,3211,2024-04-19,2024-04-29,0.0136757744232476,2024,2024-03-31,training_frequency,-1,0.4900662251655629,0.4900662251655629,0,1
annual_net_quarter_head,3216,2024-04-26,2024-05-13,0.0172434956786644,2024,2024-03-31,training_frequency,-1,0.4900662251655629,0.4900662251655629,0,1
annual_net_quarter_head,3223,2024-05-10,2024-05-20,0.0097933549988344,2024,2024-03-31,training_frequency,-1,0.4900662251655629,0.4900662251655629,0,1
annual_net_quarter_head,3228,2024-05-17,2024-05-27,-0.0204803832637164,2024,2024-03-31,training_frequency,-1,0.4900662251655629,0.4900662251655629,0,0
annual_net_quarter_head,3233,2024-05-24,2024-06-03,-0.0081155643048258,2024,2024-03-31,training_frequency,-1,0.4900662251655629,0.4900662251655629,0,0
annual_net_quarter_head,3238,2024-05-31,2024-06-11,-0.0060267570121149,2024,2024-03-31,training_frequency,-1,0.4900662251655629,0.4900662251655629,0,0
annual_net_quarter_head,3243,2024-06-07,2024-06-17,-0.0096686558937179,2024,2024-03-31,training_frequency,-1,0.4900662251655629,0.4900662251655629,0,0
annual_net_quarter_head,3247,2024-06-14,2024-06-24,-0.013573992457631,2024,2024-03-31,training_frequency,-1,0.4900662251655629,0.4900662251655629,0,0
annual_net_quarter_head,3252,2024-06-21,2024-07-01,-0.004427632109257,2024,2024-03-31,training_frequency,-1,0.4900662251655629,0.4900662251655629,0,0
annual_net_quarter_head,3257,2024-06-28,2024-07-08,-0.0108320369203009,2024,2024-03-31,training_frequency,-1,0.4900662251655629,0.4900662251655629,0,0
annual_net_quarter_head,3262,2024-07-05,2024-07-15,0.0122222871842843,2024,2024-06-30,training_frequency,-1,0.48384424192212094,0.48384424192212094,0,1
annual_net_quarter_head,3267,2024-07-12,2024-07-22,0.0218881133018156,2024,2024-06-30,training_frequency,-1,0.48384424192212094,0.48384424192212094,0,1
annual_net_quarter_head,3272,2024-07-19,2024-07-29,-0.0378787022382998,2024,2024-06-30,training_frequency,-1,0.48384424192212094,0.48384424192212094,0,0
annual_net_quarter_head,3277,2024-07-26,2024-08-05,-0.0124134568216732,2024,2024-06-30,training_frequency,-1,0.48384424192212094,0.48384424192212094,0,0
annual_net_quarter_head,3282,2024-08-02,2024-08-12,-0.0102762848330364,2024,2024-06-30,training_frequency,-1,0.48384424192212094,0.48384424192212094,0,0
annual_net_quarter_head,3287,2024-08-09,2024-08-19,0.0050186923751938,2024,2024-06-30,training_frequency,-1,0.48384424192212094,0.48384424192212094,0,1
annual_net_quarter_head,3292,2024-08-16,2024-08-26,-0.0040487282687352,2024,2024-06-30,training_frequency,-1,0.48384424192212094,0.48384424192212094,0,0
annual_net_quarter_head,3297,2024-08-23,2024-09-02,-0.0069594562136714,2024,2024-06-30,training_frequency,-1,0.48384424192212094,0.48384424192212094,0,0
annual_net_quarter_head,3302,2024-08-30,2024-09-09,-0.0280389655151561,2024,2024-06-30,training_frequency,-1,0.48384424192212094,0.48384424192212094,0,0
annual_net_quarter_head,3307,2024-09-06,2024-09-18,-0.0174132138857783,2024,2024-06-30,training_frequency,-1,0.48384424192212094,0.48384424192212094,0,0
annual_net_quarter_head,3312,2024-09-13,2024-09-24,0.0133119329369826,2024,2024-06-30,training_frequency,-1,0.48384424192212094,0.48384424192212094,0,1
annual_net_quarter_head,3315,2024-09-20,2024-09-30,0.2017513988384409,2024,2024-06-30,training_frequency,-1,0.48384424192212094,0.48384424192212094,0,1
annual_net_quarter_head,3320,2024-09-27,2024-10-14,0.0178259004588408,2024,2024-06-30,training_frequency,-1,0.48384424192212094,0.48384424192212094,0,1
annual_net_quarter_head,3325,2024-10-11,2024-10-21,0.0080914993282625,2024,2024-09-30,training_frequency,-1,0.472636815920398,0.472636815920398,0,1
annual_net_quarter_head,3330,2024-10-18,2024-10-28,0.0015733867085561,2024,2024-09-30,training_frequency,-1,0.472636815920398,0.472636815920398,0,1
annual_net_quarter_head,3335,2024-10-25,2024-11-04,-0.0140142824257356,2024,2024-09-30,training_frequency,-1,0.472636815920398,0.472636815920398,0,0
annual_net_quarter_head,3340,2024-11-01,2024-11-11,0.0434152361258277,2024,2024-09-30,training_frequency,-1,0.472636815920398,0.472636815920398,0,1
annual_net_quarter_head,3345,2024-11-08,2024-11-18,-0.0208584853931589,2024,2024-09-30,training_frequency,-1,0.472636815920398,0.472636815920398,0,0
annual_net_quarter_head,3350,2024-11-15,2024-11-25,-0.0267421712161923,2024,2024-09-30,training_frequency,-1,0.472636815920398,0.472636815920398,0,0
annual_net_quarter_head,3355,2024-11-22,2024-12-02,0.0087960346887328,2024,2024-09-30,training_frequency,-1,0.472636815920398,0.472636815920398,0,1
annual_net_quarter_head,3360,2024-11-29,2024-12-09,0.0155919891551781,2024,2024-09-30,training_frequency,-1,0.472636815920398,0.472636815920398,0,1
annual_net_quarter_head,3365,2024-12-06,2024-12-16,-0.0100436703218104,2024,2024-09-30,training_frequency,-1,0.472636815920398,0.472636815920398,0,0
annual_net_quarter_head,3370,2024-12-13,2024-12-23,-0.0006690784017421,2024,2024-09-30,training_frequency,-1,0.472636815920398,0.472636815920398,0,0
annual_net_quarter_head,3375,2024-12-20,2024-12-30,0.0123595076562756,2024,2024-09-30,training_frequency,-1,0.472636815920398,0.472636815920398,0,1
annual_net_quarter_head,3380,2024-12-27,2025-01-06,-0.0504714964669198,2024,2024-09-30,training_frequency,-1,0.472636815920398,0.472636815920398,0,0
annual_net_quarter_head,3384,2025-01-03,2025-01-13,-0.0189486730632231,2025,2024-12-31,training_frequency,-1,0.472636815920398,0.472636815920398,0,0
annual_net_quarter_head,3389,2025-01-10,2025-01-20,0.0353251773547418,2025,2024-12-31,training_frequency,-1,0.472636815920398,0.472636815920398,0,1
annual_net_quarter_head,3394,2025-01-17,2025-01-27,0.000432821422053,2025,2024-12-31,training_frequency,-1,0.472636815920398,0.472636815920398,0,1
annual_net_quarter_head,3399,2025-01-24,2025-02-10,0.0159344898044284,2025,2024-12-31,training_frequency,-1,0.472636815920398,0.472636815920398,0,1
annual_net_quarter_head,3403,2025-02-07,2025-02-17,0.0144454990892999,2025,2024-12-31,training_frequency,-1,0.472636815920398,0.472636815920398,0,1
annual_net_quarter_head,3408,2025-02-14,2025-02-24,0.0045695818086644,2025,2024-12-31,training_frequency,-1,0.472636815920398,0.472636815920398,0,1
annual_net_quarter_head,3413,2025-02-21,2025-03-03,-0.0183210488158531,2025,2024-12-31,training_frequency,-1,0.472636815920398,0.472636815920398,0,0
annual_net_quarter_head,3418,2025-02-28,2025-03-10,0.0117650075646844,2025,2024-12-31,training_frequency,-1,0.472636815920398,0.472636815920398,0,1
annual_net_quarter_head,3423,2025-03-07,2025-03-17,0.019023819058288,2025,2024-12-31,training_frequency,-1,0.472636815920398,0.472636815920398,0,1
annual_net_quarter_head,3428,2025-03-14,2025-03-24,-0.0259983485216283,2025,2024-12-31,training_frequency,-1,0.472636815920398,0.472636815920398,0,0
annual_net_quarter_head,3433,2025-03-21,2025-03-31,-0.0025867506275359,2025,2024-12-31,training_frequency,-1,0.472636815920398,0.472636815920398,0,0
annual_net_quarter_head,3438,2025-03-28,2025-04-14,-0.0342910101946246,2025,2024-12-31,training_frequency,-1,0.472636815920398,0.472636815920398,0,0
annual_net_quarter_head,3447,2025-04-11,2025-04-21,-0.0010339232881941,2025,2025-03-31,training_frequency,-1,0.4738589211618257,0.4738589211618257,0,0
annual_net_quarter_head,3452,2025-04-18,2025-04-28,0.0048432383085554,2025,2025-03-31,training_frequency,-1,0.4738589211618257,0.4738589211618257,0,1
annual_net_quarter_head,3457,2025-04-25,2025-05-12,0.02116527880118,2025,2025-03-31,training_frequency,-1,0.4738589211618257,0.4738589211618257,0,1
annual_net_quarter_head,3464,2025-05-09,2025-05-19,0.0041484224873464,2025,2025-03-31,training_frequency,-1,0.4738589211618257,0.4738589211618257,0,1
annual_net_quarter_head,3469,2025-05-16,2025-05-26,-0.0017462660042188,2025,2025-03-31,training_frequency,-1,0.4738589211618257,0.4738589211618257,0,0
annual_net_quarter_head,3474,2025-05-23,2025-06-03,-0.0109216443615366,2025,2025-03-31,training_frequency,-1,0.4738589211618257,0.4738589211618257,0,0
annual_net_quarter_head,3479,2025-05-30,2025-06-09,0.011566574321892,2025,2025-03-31,training_frequency,-1,0.4738589211618257,0.4738589211618257,0,1
annual_net_quarter_head,3483,2025-06-06,2025-06-16,-0.0062354943524679,2025,2025-03-31,training_frequency,-1,0.4738589211618257,0.4738589211618257,0,0
annual_net_quarter_head,3488,2025-06-13,2025-06-23,-0.005825691168304,2025,2025-03-31,training_frequency,-1,0.4738589211618257,0.4738589211618257,0,0
annual_net_quarter_head,3493,2025-06-20,2025-06-30,0.0232670437490374,2025,2025-03-31,training_frequency,-1,0.4738589211618257,0.4738589211618257,0,1
annual_net_quarter_head,3498,2025-06-27,2025-07-07,0.0145345648685946,2025,2025-03-31,training_frequency,-1,0.4738589211618257,0.4738589211618257,0,1
annual_net_quarter_head,3503,2025-07-04,2025-07-14,0.0110426949002964,2025,2025-06-30,training_frequency,-1,0.4701492537313433,0.4701492537313433,0,1
annual_net_quarter_head,3508,2025-07-11,2025-07-21,0.0120759671840067,2025,2025-06-30,training_frequency,-1,0.4701492537313433,0.4701492537313433,0,1
annual_net_quarter_head,3513,2025-07-18,2025-07-28,0.0143570766898375,2025,2025-06-30,training_frequency,-1,0.4701492537313433,0.4701492537313433,0,1
annual_net_quarter_head,3518,2025-07-25,2025-08-04,-0.0218642507630443,2025,2025-06-30,training_frequency,-1,0.4701492537313433,0.4701492537313433,0,0
annual_net_quarter_head,3523,2025-08-01,2025-08-11,0.0179175520190988,2025,2025-06-30,training_frequency,-1,0.4701492537313433,0.4701492537313433,0,1
annual_net_quarter_head,3528,2025-08-08,2025-08-18,0.026265786598999,2025,2025-06-30,training_frequency,-1,0.4701492537313433,0.4701492537313433,0,1
annual_net_quarter_head,3533,2025-08-15,2025-08-25,0.0469483790671487,2025,2025-06-30,training_frequency,-1,0.4701492537313433,0.4701492537313433,0,1
annual_net_quarter_head,3538,2025-08-22,2025-09-01,0.0227770368340847,2025,2025-06-30,training_frequency,-1,0.4701492537313433,0.4701492537313433,0,1
annual_net_quarter_head,3543,2025-08-29,2025-09-08,-0.0110053842475337,2025,2025-06-30,training_frequency,-1,0.4701492537313433,0.4701492537313433,0,0
annual_net_quarter_head,3548,2025-09-05,2025-09-15,0.0151594857594405,2025,2025-06-30,training_frequency,-1,0.4701492537313433,0.4701492537313433,0,1
annual_net_quarter_head,3553,2025-09-12,2025-09-22,-0.0050409160971932,2025,2025-06-30,training_frequency,-1,0.4701492537313433,0.4701492537313433,0,0
annual_net_quarter_head,3558,2025-09-19,2025-09-29,0.0095300784790881,2025,2025-06-30,training_frequency,-1,0.4701492537313433,0.4701492537313433,0,1
annual_net_quarter_head,3563,2025-09-26,2025-10-13,-0.0140855274279203,2025,2025-06-30,training_frequency,-1,0.4701492537313433,0.4701492537313433,0,0
annual_net_quarter_head,3567,2025-10-10,2025-10-20,0.015001547584321,2025,2025-09-30,training_frequency,-1,0.48258706467661694,0.48258706467661694,0,1
annual_net_quarter_head,3572,2025-10-17,2025-10-27,0.0309637052897611,2025,2025-09-30,training_frequency,-1,0.48258706467661694,0.48258706467661694,0,1
annual_net_quarter_head,3577,2025-10-24,2025-11-03,-0.013331545863497,2025,2025-09-30,training_frequency,-1,0.48258706467661694,0.48258706467661694,0,0
annual_net_quarter_head,3582,2025-10-31,2025-11-10,0.0110832418536339,2025,2025-09-30,training_frequency,-1,0.48258706467661694,0.48258706467661694,0,1
annual_net_quarter_head,3587,2025-11-07,2025-11-17,-0.0152107881197579,2025,2025-09-30,training_frequency,-1,0.48258706467661694,0.48258706467661694,0,0
annual_net_quarter_head,3592,2025-11-14,2025-11-24,-0.031114557454173,2025,2025-09-30,training_frequency,-1,0.48258706467661694,0.48258706467661694,0,0
annual_net_quarter_head,3597,2025-11-21,2025-12-01,0.0147613767448515,2025,2025-09-30,training_frequency,-1,0.48258706467661694,0.48258706467661694,0,1
annual_net_quarter_head,3602,2025-11-28,2025-12-08,0.0118853804313106,2025,2025-09-30,training_frequency,-1,0.48258706467661694,0.48258706467661694,0,1
annual_net_quarter_head,3607,2025-12-05,2025-12-15,-0.0093922675990717,2025,2025-09-30,training_frequency,-1,0.48258706467661694,0.48258706467661694,0,0
annual_net_quarter_head,3612,2025-12-12,2025-12-22,0.0082791208791208,2025,2025-09-30,training_frequency,-1,0.48258706467661694,0.48258706467661694,0,1
annual_net_quarter_head,3617,2025-12-19,2025-12-29,0.0153890755001995,2025,2025-09-30,training_frequency,-1,0.48258706467661694,0.48258706467661694,0,1
annual_net_quarter_head,3622,2025-12-26,2026-01-12,0.0239101640737868,2025,2025-09-30,training_frequency,-1,0.48258706467661694,0.48258706467661694,0,1
annual_net_quarter_head,3630,2026-01-09,2026-01-19,-0.0103697336282536,2026,2025-12-31,training_frequency,-1,0.4792703150912106,0.4792703150912106,0,0
annual_net_quarter_head,3635,2026-01-16,2026-01-26,-0.0010190267764643,2026,2025-12-31,training_frequency,-1,0.4792703150912106,0.4792703150912106,0,0
annual_net_quarter_head,3640,2026-01-23,2026-02-02,-0.0087161586128796,2026,2025-12-31,training_frequency,-1,0.4792703150912106,0.4792703150912106,0,0
annual_net_quarter_head,3645,2026-01-30,2026-02-09,0.0041482324550519,2026,2025-12-31,training_frequency,-1,0.4792703150912106,0.4792703150912106,0,1
annual_net_quarter_head,3650,2026-02-06,2026-02-24,0.0071649689901505,2026,2025-12-31,training_frequency,-1,0.4792703150912106,0.4792703150912106,0,1
annual_net_quarter_head,3655,2026-02-13,2026-03-02,-0.0097920588919678,2026,2025-12-31,training_frequency,-1,0.4792703150912106,0.4792703150912106,0,0
annual_net_quarter_head,3659,2026-02-27,2026-03-09,-0.0172526869201304,2026,2025-12-31,training_frequency,-1,0.4792703150912106,0.4792703150912106,0,0
annual_net_quarter_head,3664,2026-03-06,2026-03-16,0.0149926634422041,2026,2025-12-31,training_frequency,-1,0.4792703150912106,0.4792703150912106,0,1
annual_net_quarter_head,3669,2026-03-13,2026-03-23,-0.0364343509194254,2026,2025-12-31,training_frequency,-1,0.4792703150912106,0.4792703150912106,0,0
annual_net_quarter_head,3674,2026-03-20,2026-03-30,-0.0083038829988221,2026,2025-12-31,training_frequency,-1,0.4792703150912106,0.4792703150912106,0,0
annual_net_quarter_head,3679,2026-03-27,2026-04-07,-0.0035591495694504,2026,2025-12-31,training_frequency,-1,0.4792703150912106,0.4792703150912106,0,0
annual_net_quarter_head,3684,2026-04-03,2026-04-13,0.0380736235508991,2026,2026-03-31,training_frequency,-1,0.4792358803986711,0.4792358803986711,0,1
annual_net_quarter_head,3688,2026-04-10,2026-04-20,0.0242766725964382,2026,2026-03-31,training_frequency,-1,0.4792358803986711,0.4792358803986711,0,1
annual_net_quarter_head,3693,2026-04-17,2026-04-27,0.010401572188011,2026,2026-03-31,training_frequency,-1,0.4792358803986711,0.4792358803986711,0,1
annual_net_quarter_head,3698,2026-04-24,2026-05-11,0.0263674696524953,2026,2026-03-31,training_frequency,-1,0.4792358803986711,0.4792358803986711,0,1
annual_net_quarter_head,3705,2026-05-08,2026-05-18,-0.0134529239455926,2026,2026-03-31,training_frequency,-1,0.4792358803986711,0.4792358803986711,0,0
annual_net_quarter_head,3710,2026-05-15,2026-05-25,0.0076235492615268,2026,2026-03-31,training_frequency,-1,0.4792358803986711,0.4792358803986711,0,1
annual_net_quarter_head,3715,2026-05-22,2026-06-01,0.005068538126898,2026,2026-03-31,training_frequency,-1,0.4792358803986711,0.4792358803986711,0,1
annual_net_quarter_head,3720,2026-05-29,2026-06-08,-0.039635353927193,2026,2026-03-31,training_frequency,-1,0.4792358803986711,0.4792358803986711,0,0
annual_net_quarter_head,3725,2026-06-05,2026-06-15,0.0266849782195981,2026,2026-03-31,training_frequency,-1,0.4792358803986711,0.4792358803986711,0,1
annual_net_quarter_head,3730,2026-06-12,2026-06-29,0.0076098142791176,2026,2026-03-31,training_frequency,-1,0.4792358803986711,0.4792358803986711,0,1
annual_net_quarter_head,3739,2026-06-26,2026-07-06,0.0005137647861506,2026,2026-03-31,training_frequency,-1,0.4792358803986711,0.4792358803986711,0,1
annual_net_quarter_head,3744,2026-07-03,2026-07-13,-0.0252847876365399,2026,2026-06-30,training_frequency,-1,0.4908637873754153,0.4908637873754153,0,0
annual_net_quarter_head,3749,2026-07-10,2026-07-20,-0.035775397012711,2026,2026-06-30,training_frequency,-1,0.4908637873754153,0.4908637873754153,0,0
annual_net_quarter_head,3754,2026-07-17,2026-07-27,0.01756245533441,2026,2026-06-30,training_frequency,-1,0.4908637873754153,0.4908637873754153,0,1
annual_net_quarter_head,3759,2026-07-24,2026-08-03,-0.0202339761556519,2026,2026-06-30,training_frequency,-1,0.4908637873754153,0.4908637873754153,0,0
annual_net_quarter_head,3764,2026-07-31,2026-08-10,0.0300318732435738,2026,2026-06-30,training_frequency,-1,0.4908637873754153,0.4908637873754153,0,1
annual_net_quarter_head,3769,2026-08-07,2026-08-17,-0.0056482265760339,2026,2026-06-30,training_frequency,-1,0.4908637873754153,0.4908637873754153,0,0
annual_net_quarter_head,3774,2026-08-14,2026-08-24,-0.0109860710402629,2026,2026-06-30,training_frequency,-1,0.4908637873754153,0.4908637873754153,0,0
annual_net_quarter_head,3779,2026-08-21,2026-08-31,-0.0127592811002066,2026,2026-06-30,training_frequency,-1,0.4908637873754153,0.4908637873754153,0,0
fixed_transform_step25,2418,2021-01-08,2021-01-18,-0.0120052904669853,2021,2020-12-31,learned_market,20260910,0.5528369602637446,0.5528369602637446,1,0
fixed_transform_step25,2423,2021-01-15,2021-01-25,0.0231622460538123,2021,2020-12-31,learned_market,20260910,0.49674166213102977,0.49674166213102977,0,1
fixed_transform_step25,2428,2021-01-22,2021-02-01,-0.0372511735907923,2021,2020-12-31,learned_market,20260910,0.3933637003220593,0.3933637003220593,0,0
fixed_transform_step25,2433,2021-01-29,2021-02-08,0.0278689901714626,2021,2020-12-31,learned_market,20260910,0.4313547922375263,0.4313547922375263,0,1
fixed_transform_step25,2438,2021-02-05,2021-02-22,0.0507379035040882,2021,2020-12-31,learned_market,20260910,0.40357928349119826,0.40357928349119826,0,1
fixed_transform_step25,2443,2021-02-19,2021-03-01,-0.0684918010685315,2021,2020-12-31,learned_market,20260910,0.49513830982070434,0.49513830982070434,0,0
fixed_transform_step25,2448,2021-02-26,2021-03-08,-0.0165997123904068,2021,2020-12-31,learned_market,20260910,0.43315180971386896,0.43315180971386896,0,0
fixed_transform_step25,2453,2021-03-05,2021-03-15,-0.0346560901469681,2021,2020-12-31,learned_market,20260910,0.40131415281599914,0.40131415281599914,0,0
fixed_transform_step25,2458,2021-03-12,2021-03-22,-0.0210550182560221,2021,2020-12-31,learned_market,20260910,0.47295990993929365,0.47295990993929365,0,0
fixed_transform_step25,2463,2021-03-19,2021-03-29,0.0087572877565691,2021,2020-12-31,learned_market,20260910,0.6783048076904669,0.6783048076904669,1,1
fixed_transform_step25,2468,2021-03-26,2021-04-06,0.0250145479448802,2021,2020-12-31,learned_market,20260910,0.6020041018019381,0.6020041018019381,1,1
fixed_transform_step25,2418,2021-01-08,2021-01-18,-0.0120052904669853,2021,2020-12-31,learned_vol_interaction,20260910,0.5286701081389081,0.5286701081389081,1,0
fixed_transform_step25,2423,2021-01-15,2021-01-25,0.0231622460538123,2021,2020-12-31,learned_vol_interaction,20260910,0.47178291125549215,0.47178291125549215,0,1
fixed_transform_step25,2428,2021-01-22,2021-02-01,-0.0372511735907923,2021,2020-12-31,learned_vol_interaction,20260910,0.3671123538576221,0.3671123538576221,0,0
fixed_transform_step25,2433,2021-01-29,2021-02-08,0.0278689901714626,2021,2020-12-31,learned_vol_interaction,20260910,0.434482531700876,0.434482531700876,0,1
fixed_transform_step25,2438,2021-02-05,2021-02-22,0.0507379035040882,2021,2020-12-31,learned_vol_interaction,20260910,0.42570726310777396,0.42570726310777396,0,1
fixed_transform_step25,2443,2021-02-19,2021-03-01,-0.0684918010685315,2021,2020-12-31,learned_vol_interaction,20260910,0.4791771552633417,0.4791771552633417,0,0
fixed_transform_step25,2448,2021-02-26,2021-03-08,-0.0165997123904068,2021,2020-12-31,learned_vol_interaction,20260910,0.4783928105694597,0.4783928105694597,0,0
fixed_transform_step25,2453,2021-03-05,2021-03-15,-0.0346560901469681,2021,2020-12-31,learned_vol_interaction,20260910,0.4610266286466043,0.4610266286466043,0,0
fixed_transform_step25,2458,2021-03-12,2021-03-22,-0.0210550182560221,2021,2020-12-31,learned_vol_interaction,20260910,0.48103471562569133,0.48103471562569133,0,0
fixed_transform_step25,2463,2021-03-19,2021-03-29,0.0087572877565691,2021,2020-12-31,learned_vol_interaction,20260910,0.5872740166666267,0.5872740166666267,1,1
fixed_transform_step25,2468,2021-03-26,2021-04-06,0.0250145479448802,2021,2020-12-31,learned_vol_interaction,20260910,0.5791980511717043,0.5791980511717043,1,1
fixed_transform_step25,2418,2021-01-08,2021-01-18,-0.0120052904669853,2021,2020-12-31,learned_order_extension,20260910,0.5330538496767134,0.5330538496767134,1,0
fixed_transform_step25,2423,2021-01-15,2021-01-25,0.0231622460538123,2021,2020-12-31,learned_order_extension,20260910,0.479592338912861,0.479592338912861,0,1
fixed_transform_step25,2428,2021-01-22,2021-02-01,-0.0372511735907923,2021,2020-12-31,learned_order_extension,20260910,0.3707727762571325,0.3707727762571325,0,0
fixed_transform_step25,2433,2021-01-29,2021-02-08,0.0278689901714626,2021,2020-12-31,learned_order_extension,20260910,0.43176970986504826,0.43176970986504826,0,1
fixed_transform_step25,2438,2021-02-05,2021-02-22,0.0507379035040882,2021,2020-12-31,learned_order_extension,20260910,0.41923333650784145,0.41923333650784145,0,1
fixed_transform_step25,2443,2021-02-19,2021-03-01,-0.0684918010685315,2021,2020-12-31,learned_order_extension,20260910,0.47927687031403743,0.47927687031403743,0,0
fixed_transform_step25,2448,2021-02-26,2021-03-08,-0.0165997123904068,2021,2020-12-31,learned_order_extension,20260910,0.4709068161644563,0.4709068161644563,0,0
fixed_transform_step25,2453,2021-03-05,2021-03-15,-0.0346560901469681,2021,2020-12-31,learned_order_extension,20260910,0.45619563032762256,0.45619563032762256,0,0
fixed_transform_step25,2458,2021-03-12,2021-03-22,-0.0210550182560221,2021,2020-12-31,learned_order_extension,20260910,0.47999849102949665,0.47999849102949665,0,0
fixed_transform_step25,2463,2021-03-19,2021-03-29,0.0087572877565691,2021,2020-12-31,learned_order_extension,20260910,0.5898698686538169,0.5898698686538169,1,1
fixed_transform_step25,2468,2021-03-26,2021-04-06,0.0250145479448802,2021,2020-12-31,learned_order_extension,20260910,0.5737573684172776,0.5737573684172776,1,1
fixed_transform_step25,2418,2021-01-08,2021-01-18,-0.0120052904669853,2021,2020-12-31,learned_order_offset,20260910,0.5336151486659025,0.5336151486659025,1,0
fixed_transform_step25,2423,2021-01-15,2021-01-25,0.0231622460538123,2021,2020-12-31,learned_order_offset,20260910,0.48002913839274924,0.48002913839274924,0,1
fixed_transform_step25,2428,2021-01-22,2021-02-01,-0.0372511735907923,2021,2020-12-31,learned_order_offset,20260910,0.37113237990157133,0.37113237990157133,0,0
fixed_transform_step25,2433,2021-01-29,2021-02-08,0.0278689901714626,2021,2020-12-31,learned_order_offset,20260910,0.43182028534515077,0.43182028534515077,0,1
fixed_transform_step25,2438,2021-02-05,2021-02-22,0.0507379035040882,2021,2020-12-31,learned_order_offset,20260910,0.4191495029175148,0.4191495029175148,0,1
fixed_transform_step25,2443,2021-02-19,2021-03-01,-0.0684918010685315,2021,2020-12-31,learned_order_offset,20260910,0.479618495019198,0.479618495019198,0,0
fixed_transform_step25,2448,2021-02-26,2021-03-08,-0.0165997123904068,2021,2020-12-31,learned_order_offset,20260910,0.47073396029682846,0.47073396029682846,0,0
fixed_transform_step25,2453,2021-03-05,2021-03-15,-0.0346560901469681,2021,2020-12-31,learned_order_offset,20260910,0.4561872166710552,0.4561872166710552,0,0
fixed_transform_step25,2458,2021-03-12,2021-03-22,-0.0210550182560221,2021,2020-12-31,learned_order_offset,20260910,0.48027551652013106,0.48027551652013106,0,0
fixed_transform_step25,2463,2021-03-19,2021-03-29,0.0087572877565691,2021,2020-12-31,learned_order_offset,20260910,0.5905225656238325,0.5905225656238325,1,1
fixed_transform_step25,2468,2021-03-26,2021-04-06,0.0250145479448802,2021,2020-12-31,learned_order_offset,20260910,0.5737282476957762,0.5737282476957762,1,1
fixed_transform_step25,2418,2021-01-08,2021-01-18,-0.0120052904669853,2021,2020-12-31,learned_market,20260911,0.47359422145655633,0.47359422145655633,0,0
fixed_transform_step25,2423,2021-01-15,2021-01-25,0.0231622460538123,2021,2020-12-31,learned_market,20260911,0.29529449998072343,0.29529449998072343,0,1
fixed_transform_step25,2428,2021-01-22,2021-02-01,-0.0372511735907923,2021,2020-12-31,learned_market,20260911,0.47394332492431446,0.47394332492431446,0,0
fixed_transform_step25,2433,2021-01-29,2021-02-08,0.0278689901714626,2021,2020-12-31,learned_market,20260911,0.34860128575085947,0.34860128575085947,0,1
fixed_transform_step25,2438,2021-02-05,2021-02-22,0.0507379035040882,2021,2020-12-31,learned_market,20260911,0.5472341429725764,0.5472341429725764,1,1
fixed_transform_step25,2443,2021-02-19,2021-03-01,-0.0684918010685315,2021,2020-12-31,learned_market,20260911,0.4390527856170199,0.4390527856170199,0,0
fixed_transform_step25,2448,2021-02-26,2021-03-08,-0.0165997123904068,2021,2020-12-31,learned_market,20260911,0.4901857818012489,0.4901857818012489,0,0
fixed_transform_step25,2453,2021-03-05,2021-03-15,-0.0346560901469681,2021,2020-12-31,learned_market,20260911,0.3640545492155067,0.3640545492155067,0,0
fixed_transform_step25,2458,2021-03-12,2021-03-22,-0.0210550182560221,2021,2020-12-31,learned_market,20260911,0.27457561641477635,0.27457561641477635,0,0
fixed_transform_step25,2463,2021-03-19,2021-03-29,0.0087572877565691,2021,2020-12-31,learned_market,20260911,0.5317095579141908,0.5317095579141908,1,1
fixed_transform_step25,2468,2021-03-26,2021-04-06,0.0250145479448802,2021,2020-12-31,learned_market,20260911,0.48950965003399194,0.48950965003399194,0,1
fixed_transform_step25,2418,2021-01-08,2021-01-18,-0.0120052904669853,2021,2020-12-31,learned_vol_interaction,20260911,0.4754556903392312,0.4754556903392312,0,0
fixed_transform_step25,2423,2021-01-15,2021-01-25,0.0231622460538123,2021,2020-12-31,learned_vol_interaction,20260911,0.2910478720938869,0.2910478720938869,0,1
fixed_transform_step25,2428,2021-01-22,2021-02-01,-0.0372511735907923,2021,2020-12-31,learned_vol_interaction,20260911,0.4793404787070586,0.4793404787070586,0,0
fixed_transform_step25,2433,2021-01-29,2021-02-08,0.0278689901714626,2021,2020-12-31,learned_vol_interaction,20260911,0.3407014751351651,0.3407014751351651,0,1
fixed_transform_step25,2438,2021-02-05,2021-02-22,0.0507379035040882,2021,2020-12-31,learned_vol_interaction,20260911,0.5419487770679454,0.5419487770679454,1,1
fixed_transform_step25,2443,2021-02-19,2021-03-01,-0.0684918010685315,2021,2020-12-31,learned_vol_interaction,20260911,0.42680484014134457,0.42680484014134457,0,0
fixed_transform_step25,2448,2021-02-26,2021-03-08,-0.0165997123904068,2021,2020-12-31,learned_vol_interaction,20260911,0.48165522036766006,0.48165522036766006,0,0
fixed_transform_step25,2453,2021-03-05,2021-03-15,-0.0346560901469681,2021,2020-12-31,learned_vol_interaction,20260911,0.3506881836542513,0.3506881836542513,0,0
fixed_transform_step25,2458,2021-03-12,2021-03-22,-0.0210550182560221,2021,2020-12-31,learned_vol_interaction,20260911,0.23467895972096536,0.23467895972096536,0,0
fixed_transform_step25,2463,2021-03-19,2021-03-29,0.0087572877565691,2021,2020-12-31,learned_vol_interaction,20260911,0.5417459151974428,0.5417459151974428,1,1
fixed_transform_step25,2468,2021-03-26,2021-04-06,0.0250145479448802,2021,2020-12-31,learned_vol_interaction,20260911,0.48054571329537366,0.48054571329537366,0,1
fixed_transform_step25,2418,2021-01-08,2021-01-18,-0.0120052904669853,2021,2020-12-31,learned_order_extension,20260911,0.4707924056292956,0.4707924056292956,0,0
fixed_transform_step25,2423,2021-01-15,2021-01-25,0.0231622460538123,2021,2020-12-31,learned_order_extension,20260911,0.30199104403875826,0.30199104403875826,0,1
fixed_transform_step25,2428,2021-01-22,2021-02-01,-0.0372511735907923,2021,2020-12-31,learned_order_extension,20260911,0.4727671753713422,0.4727671753713422,0,0
fixed_transform_step25,2433,2021-01-29,2021-02-08,0.0278689901714626,2021,2020-12-31,learned_order_extension,20260911,0.33076330033756096,0.33076330033756096,0,1
fixed_transform_step25,2438,2021-02-05,2021-02-22,0.0507379035040882,2021,2020-12-31,learned_order_extension,20260911,0.5463864019131583,0.5463864019131583,1,1
fixed_transform_step25,2443,2021-02-19,2021-03-01,-0.0684918010685315,2021,2020-12-31,learned_order_extension,20260911,0.423629668613555,0.423629668613555,0,0
fixed_transform_step25,2448,2021-02-26,2021-03-08,-0.0165997123904068,2021,2020-12-31,learned_order_extension,20260911,0.4833188959367285,0.4833188959367285,0,0
fixed_transform_step25,2453,2021-03-05,2021-03-15,-0.0346560901469681,2021,2020-12-31,learned_order_extension,20260911,0.3468677434509978,0.3468677434509978,0,0
fixed_transform_step25,2458,2021-03-12,2021-03-22,-0.0210550182560221,2021,2020-12-31,learned_order_extension,20260911,0.2385842218483661,0.2385842218483661,0,0
fixed_transform_step25,2463,2021-03-19,2021-03-29,0.0087572877565691,2021,2020-12-31,learned_order_extension,20260911,0.532998967015209,0.532998967015209,1,1
fixed_transform_step25,2468,2021-03-26,2021-04-06,0.0250145479448802,2021,2020-12-31,learned_order_extension,20260911,0.48258967958160864,0.48258967958160864,0,1
fixed_transform_step25,2418,2021-01-08,2021-01-18,-0.0120052904669853,2021,2020-12-31,learned_order_offset,20260911,0.46966493933917947,0.46966493933917947,0,0
fixed_transform_step25,2423,2021-01-15,2021-01-25,0.0231622460538123,2021,2020-12-31,learned_order_offset,20260911,0.30026263179565904,0.30026263179565904,0,1
fixed_transform_step25,2428,2021-01-22,2021-02-01,-0.0372511735907923,2021,2020-12-31,learned_order_offset,20260911,0.47083079059127375,0.47083079059127375,0,0
fixed_transform_step25,2433,2021-01-29,2021-02-08,0.0278689901714626,2021,2020-12-31,learned_order_offset,20260911,0.3308151678188049,0.3308151678188049,0,1
fixed_transform_step25,2438,2021-02-05,2021-02-22,0.0507379035040882,2021,2020-12-31,learned_order_offset,20260911,0.5458888183275549,0.5458888183275549,1,1
fixed_transform_step25,2443,2021-02-19,2021-03-01,-0.0684918010685315,2021,2020-12-31,learned_order_offset,20260911,0.4238553224614908,0.4238553224614908,0,0
fixed_transform_step25,2448,2021-02-26,2021-03-08,-0.0165997123904068,2021,2020-12-31,learned_order_offset,20260911,0.4840844360242453,0.4840844360242453,0,0
fixed_transform_step25,2453,2021-03-05,2021-03-15,-0.0346560901469681,2021,2020-12-31,learned_order_offset,20260911,0.34642186749779336,0.34642186749779336,0,0
fixed_transform_step25,2458,2021-03-12,2021-03-22,-0.0210550182560221,2021,2020-12-31,learned_order_offset,20260911,0.23704081021871007,0.23704081021871007,0,0
fixed_transform_step25,2463,2021-03-19,2021-03-29,0.0087572877565691,2021,2020-12-31,learned_order_offset,20260911,0.5312704874985703,0.5312704874985703,1,1
fixed_transform_step25,2468,2021-03-26,2021-04-06,0.0250145479448802,2021,2020-12-31,learned_order_offset,20260911,0.48113132203479025,0.48113132203479025,0,1
fixed_transform_step25,2418,2021-01-08,2021-01-18,-0.0120052904669853,2021,2020-12-31,learned_market,20260912,0.49622809203697066,0.49622809203697066,0,0
fixed_transform_step25,2423,2021-01-15,2021-01-25,0.0231622460538123,2021,2020-12-31,learned_market,20260912,0.30299511780142024,0.30299511780142024,0,1
fixed_transform_step25,2428,2021-01-22,2021-02-01,-0.0372511735907923,2021,2020-12-31,learned_market,20260912,0.2926269390741677,0.2926269390741677,0,0
fixed_transform_step25,2433,2021-01-29,2021-02-08,0.0278689901714626,2021,2020-12-31,learned_market,20260912,0.4834854236532544,0.4834854236532544,0,1
fixed_transform_step25,2438,2021-02-05,2021-02-22,0.0507379035040882,2021,2020-12-31,learned_market,20260912,0.5449307431156443,0.5449307431156443,1,1
fixed_transform_step25,2443,2021-02-19,2021-03-01,-0.0684918010685315,2021,2020-12-31,learned_market,20260912,0.37156624296606255,0.37156624296606255,0,0
fixed_transform_step25,2448,2021-02-26,2021-03-08,-0.0165997123904068,2021,2020-12-31,learned_market,20260912,0.5679579035959068,0.5679579035959068,1,0
fixed_transform_step25,2453,2021-03-05,2021-03-15,-0.0346560901469681,2021,2020-12-31,learned_market,20260912,0.4912573433049491,0.4912573433049491,0,0
fixed_transform_step25,2458,2021-03-12,2021-03-22,-0.0210550182560221,2021,2020-12-31,learned_market,20260912,0.4975950072849539,0.4975950072849539,0,0
fixed_transform_step25,2463,2021-03-19,2021-03-29,0.0087572877565691,2021,2020-12-31,learned_market,20260912,0.4862560848839745,0.4862560848839745,0,1
fixed_transform_step25,2468,2021-03-26,2021-04-06,0.0250145479448802,2021,2020-12-31,learned_market,20260912,0.5757817923341705,0.5757817923341705,1,1
fixed_transform_step25,2418,2021-01-08,2021-01-18,-0.0120052904669853,2021,2020-12-31,learned_vol_interaction,20260912,0.49620713842529096,0.49620713842529096,0,0
fixed_transform_step25,2423,2021-01-15,2021-01-25,0.0231622460538123,2021,2020-12-31,learned_vol_interaction,20260912,0.30370534508378266,0.30370534508378266,0,1
fixed_transform_step25,2428,2021-01-22,2021-02-01,-0.0372511735907923,2021,2020-12-31,learned_vol_interaction,20260912,0.2931342483584557,0.2931342483584557,0,0
fixed_transform_step25,2433,2021-01-29,2021-02-08,0.0278689901714626,2021,2020-12-31,learned_vol_interaction,20260912,0.4851476188516167,0.4851476188516167,0,1
fixed_transform_step25,2438,2021-02-05,2021-02-22,0.0507379035040882,2021,2020-12-31,learned_vol_interaction,20260912,0.5455559755252699,0.5455559755252699,1,1
fixed_transform_step25,2443,2021-02-19,2021-03-01,-0.0684918010685315,2021,2020-12-31,learned_vol_interaction,20260912,0.37201410439640853,0.37201410439640853,0,0
fixed_transform_step25,2448,2021-02-26,2021-03-08,-0.0165997123904068,2021,2020-12-31,learned_vol_interaction,20260912,0.5647303221106473,0.5647303221106473,1,0
fixed_transform_step25,2453,2021-03-05,2021-03-15,-0.0346560901469681,2021,2020-12-31,learned_vol_interaction,20260912,0.4925362885158211,0.4925362885158211,0,0
fixed_transform_step25,2458,2021-03-12,2021-03-22,-0.0210550182560221,2021,2020-12-31,learned_vol_interaction,20260912,0.5001941106115585,0.5001941106115585,1,0
fixed_transform_step25,2463,2021-03-19,2021-03-29,0.0087572877565691,2021,2020-12-31,learned_vol_interaction,20260912,0.4917119078225818,0.4917119078225818,0,1
fixed_transform_step25,2468,2021-03-26,2021-04-06,0.0250145479448802,2021,2020-12-31,learned_vol_interaction,20260912,0.5754614207160266,0.5754614207160266,1,1
fixed_transform_step25,2418,2021-01-08,2021-01-18,-0.0120052904669853,2021,2020-12-31,learned_order_extension,20260912,0.4980709373270918,0.4980709373270918,0,0
fixed_transform_step25,2423,2021-01-15,2021-01-25,0.0231622460538123,2021,2020-12-31,learned_order_extension,20260912,0.3077801048995167,0.3077801048995167,0,1
fixed_transform_step25,2428,2021-01-22,2021-02-01,-0.0372511735907923,2021,2020-12-31,learned_order_extension,20260912,0.2945790953929349,0.2945790953929349,0,0
fixed_transform_step25,2433,2021-01-29,2021-02-08,0.0278689901714626,2021,2020-12-31,learned_order_extension,20260912,0.4869306132003812,0.4869306132003812,0,1
fixed_transform_step25,2438,2021-02-05,2021-02-22,0.0507379035040882,2021,2020-12-31,learned_order_extension,20260912,0.5470942643821933,0.5470942643821933,1,1
fixed_transform_step25,2443,2021-02-19,2021-03-01,-0.0684918010685315,2021,2020-12-31,learned_order_extension,20260912,0.37256373051610003,0.37256373051610003,0,0
fixed_transform_step25,2448,2021-02-26,2021-03-08,-0.0165997123904068,2021,2020-12-31,learned_order_extension,20260912,0.5652884202407723,0.5652884202407723,1,0
fixed_transform_step25,2453,2021-03-05,2021-03-15,-0.0346560901469681,2021,2020-12-31,learned_order_extension,20260912,0.4938099782773414,0.4938099782773414,0,0
fixed_transform_step25,2458,2021-03-12,2021-03-22,-0.0210550182560221,2021,2020-12-31,learned_order_extension,20260912,0.5011342068332141,0.5011342068332141,1,0
fixed_transform_step25,2463,2021-03-19,2021-03-29,0.0087572877565691,2021,2020-12-31,learned_order_extension,20260912,0.49318584601318854,0.49318584601318854,0,1
fixed_transform_step25,2468,2021-03-26,2021-04-06,0.0250145479448802,2021,2020-12-31,learned_order_extension,20260912,0.5765372992952104,0.5765372992952104,1,1
fixed_transform_step25,2418,2021-01-08,2021-01-18,-0.0120052904669853,2021,2020-12-31,learned_order_offset,20260912,0.4978619856473434,0.4978619856473434,0,0
fixed_transform_step25,2423,2021-01-15,2021-01-25,0.0231622460538123,2021,2020-12-31,learned_order_offset,20260912,0.30753172112864313,0.30753172112864313,0,1
fixed_transform_step25,2428,2021-01-22,2021-02-01,-0.0372511735907923,2021,2020-12-31,learned_order_offset,20260912,0.29417599189344534,0.29417599189344534,0,0
fixed_transform_step25,2433,2021-01-29,2021-02-08,0.0278689901714626,2021,2020-12-31,learned_order_offset,20260912,0.48673077860534075,0.48673077860534075,0,1
fixed_transform_step25,2438,2021-02-05,2021-02-22,0.0507379035040882,2021,2020-12-31,learned_order_offset,20260912,0.5468628858044645,0.5468628858044645,1,1
fixed_transform_step25,2443,2021-02-19,2021-03-01,-0.0684918010685315,2021,2020-12-31,learned_order_offset,20260912,0.37253784220409425,0.37253784220409425,0,0
fixed_transform_step25,2448,2021-02-26,2021-03-08,-0.0165997123904068,2021,2020-12-31,learned_order_offset,20260912,0.5649799919042372,0.5649799919042372,1,0
fixed_transform_step25,2453,2021-03-05,2021-03-15,-0.0346560901469681,2021,2020-12-31,learned_order_offset,20260912,0.49348358050186064,0.49348358050186064,0,0
fixed_transform_step25,2458,2021-03-12,2021-03-22,-0.0210550182560221,2021,2020-12-31,learned_order_offset,20260912,0.500928953286114,0.500928953286114,1,0
fixed_transform_step25,2463,2021-03-19,2021-03-29,0.0087572877565691,2021,2020-12-31,learned_order_offset,20260912,0.493170220106531,0.493170220106531,0,1
fixed_transform_step25,2468,2021-03-26,2021-04-06,0.0250145479448802,2021,2020-12-31,learned_order_offset,20260912,0.5766144810517231,0.5766144810517231,1,1
fixed_transform_step25,2473,2021-04-02,2021-04-12,-0.0292856811827044,2021,2021-03-31,learned_market,20260910,0.5115143581429359,0.5115143581429359,1,0
fixed_transform_step25,2477,2021-04-09,2021-04-19,-0.0120489836840408,2021,2021-03-31,learned_market,20260910,0.6762720639578383,0.6762720639578383,1,0
fixed_transform_step25,2482,2021-04-16,2021-04-26,0.0382932540809155,2021,2021-03-31,learned_market,20260910,0.6034328400176237,0.6034328400176237,1,1
fixed_transform_step25,2487,2021-04-23,2021-05-06,-0.0112070185917437,2021,2021-03-31,learned_market,20260910,0.6711387602983396,0.6711387602983396,1,0
fixed_transform_step25,2492,2021-04-30,2021-05-12,-0.0190946889464188,2021,2021-03-31,learned_market,20260910,0.6787486501793475,0.6787486501793475,1,0
fixed_transform_step25,2494,2021-05-07,2021-05-17,0.0227674429764228,2021,2021-03-31,learned_market,20260910,0.6969645939368533,0.6969645939368533,1,1
fixed_transform_step25,2499,2021-05-14,2021-05-24,0.0045940519733895,2021,2021-03-31,learned_market,20260910,0.6268836485883181,0.6268836485883181,1,1
fixed_transform_step25,2504,2021-05-21,2021-05-31,0.0348855085126711,2021,2021-03-31,learned_market,20260910,0.6061731322698497,0.6061731322698497,1,1
fixed_transform_step25,2509,2021-05-28,2021-06-07,-0.0062409741861724,2021,2021-03-31,learned_market,20260910,0.5840782665104847,0.5840782665104847,1,0
fixed_transform_step25,2514,2021-06-04,2021-06-15,-0.0125508761771767,2021,2021-03-31,learned_market,20260910,0.4989655672592486,0.4989655672592486,0,0
fixed_transform_step25,2519,2021-06-11,2021-06-21,-0.0250011497424577,2021,2021-03-31,learned_market,20260910,0.35248633827735415,0.35248633827735415,0,0
fixed_transform_step25,2523,2021-06-18,2021-06-28,0.0325308711127356,2021,2021-03-31,learned_market,20260910,0.3234661524663788,0.3234661524663788,0,1
fixed_transform_step25,2528,2021-06-25,2021-07-05,-0.0342297962734196,2021,2021-03-31,learned_market,20260910,0.43455998310135063,0.43455998310135063,0,0
fixed_transform_step25,2473,2021-04-02,2021-04-12,-0.0292856811827044,2021,2021-03-31,learned_vol_interaction,20260910,0.5644204206939447,0.5644204206939447,1,0
fixed_transform_step25,2477,2021-04-09,2021-04-19,-0.0120489836840408,2021,2021-03-31,learned_vol_interaction,20260910,0.7055277823506004,0.7055277823506004,1,0
fixed_transform_step25,2482,2021-04-16,2021-04-26,0.0382932540809155,2021,2021-03-31,learned_vol_interaction,20260910,0.6154736792188504,0.6154736792188504,1,1
fixed_transform_step25,2487,2021-04-23,2021-05-06,-0.0112070185917437,2021,2021-03-31,learned_vol_interaction,20260910,0.706894685985923,0.706894685985923,1,0
fixed_transform_step25,2492,2021-04-30,2021-05-12,-0.0190946889464188,2021,2021-03-31,learned_vol_interaction,20260910,0.6824098954425751,0.6824098954425751,1,0
fixed_transform_step25,2494,2021-05-07,2021-05-17,0.0227674429764228,2021,2021-03-31,learned_vol_interaction,20260910,0.7022512713245233,0.7022512713245233,1,1
fixed_transform_step25,2499,2021-05-14,2021-05-24,0.0045940519733895,2021,2021-03-31,learned_vol_interaction,20260910,0.6663921939827345,0.6663921939827345,1,1
fixed_transform_step25,2504,2021-05-21,2021-05-31,0.0348855085126711,2021,2021-03-31,learned_vol_interaction,20260910,0.6300937241841827,0.6300937241841827,1,1
fixed_transform_step25,2509,2021-05-28,2021-06-07,-0.0062409741861724,2021,2021-03-31,learned_vol_interaction,20260910,0.5784769446001946,0.5784769446001946,1,0
fixed_transform_step25,2514,2021-06-04,2021-06-15,-0.0125508761771767,2021,2021-03-31,learned_vol_interaction,20260910,0.46478054257955587,0.46478054257955587,0,0
fixed_transform_step25,2519,2021-06-11,2021-06-21,-0.0250011497424577,2021,2021-03-31,learned_vol_interaction,20260910,0.29129425806438847,0.29129425806438847,0,0
fixed_transform_step25,2523,2021-06-18,2021-06-28,0.0325308711127356,2021,2021-03-31,learned_vol_interaction,20260910,0.28263864653854975,0.28263864653854975,0,1
fixed_transform_step25,2528,2021-06-25,2021-07-05,-0.0342297962734196,2021,2021-03-31,learned_vol_interaction,20260910,0.36387173574777826,0.36387173574777826,0,0
fixed_transform_step25,2473,2021-04-02,2021-04-12,-0.0292856811827044,2021,2021-03-31,learned_order_extension,20260910,0.5590696177235437,0.5590696177235437,1,0
fixed_transform_step25,2477,2021-04-09,2021-04-19,-0.0120489836840408,2021,2021-03-31,learned_order_extension,20260910,0.7119585842722683,0.7119585842722683,1,0
fixed_transform_step25,2482,2021-04-16,2021-04-26,0.0382932540809155,2021,2021-03-31,learned_order_extension,20260910,0.6265439109819873,0.6265439109819873,1,1
fixed_transform_step25,2487,2021-04-23,2021-05-06,-0.0112070185917437,2021,2021-03-31,learned_order_extension,20260910,0.7131510714717444,0.7131510714717444,1,0
fixed_transform_step25,2492,2021-04-30,2021-05-12,-0.0190946889464188,2021,2021-03-31,learned_order_extension,20260910,0.6950985105346176,0.6950985105346176,1,0
fixed_transform_step25,2494,2021-05-07,2021-05-17,0.0227674429764228,2021,2021-03-31,learned_order_extension,20260910,0.7107587757854146,0.7107587757854146,1,1
fixed_transform_step25,2499,2021-05-14,2021-05-24,0.0045940519733895,2021,2021-03-31,learned_order_extension,20260910,0.667061104007711,0.667061104007711,1,1
fixed_transform_step25,2504,2021-05-21,2021-05-31,0.0348855085126711,2021,2021-03-31,learned_order_extension,20260910,0.6304726806036076,0.6304726806036076,1,1
fixed_transform_step25,2509,2021-05-28,2021-06-07,-0.0062409741861724,2021,2021-03-31,learned_order_extension,20260910,0.5718201668600563,0.5718201668600563,1,0
fixed_transform_step25,2514,2021-06-04,2021-06-15,-0.0125508761771767,2021,2021-03-31,learned_order_extension,20260910,0.4522109515088863,0.4522109515088863,0,0
fixed_transform_step25,2519,2021-06-11,2021-06-21,-0.0250011497424577,2021,2021-03-31,learned_order_extension,20260910,0.267407598474054,0.267407598474054,0,0
fixed_transform_step25,2523,2021-06-18,2021-06-28,0.0325308711127356,2021,2021-03-31,learned_order_extension,20260910,0.2638145404254942,0.2638145404254942,0,1
fixed_transform_step25,2528,2021-06-25,2021-07-05,-0.0342297962734196,2021,2021-03-31,learned_order_extension,20260910,0.3517828483802652,0.3517828483802652,0,0
fixed_transform_step25,2473,2021-04-02,2021-04-12,-0.0292856811827044,2021,2021-03-31,learned_order_offset,20260910,0.558797887126272,0.558797887126272,1,0
fixed_transform_step25,2477,2021-04-09,2021-04-19,-0.0120489836840408,2021,2021-03-31,learned_order_offset,20260910,0.7117903246035869,0.7117903246035869,1,0
fixed_transform_step25,2482,2021-04-16,2021-04-26,0.0382932540809155,2021,2021-03-31,learned_order_offset,20260910,0.6268122814010546,0.6268122814010546,1,1
fixed_transform_step25,2487,2021-04-23,2021-05-06,-0.0112070185917437,2021,2021-03-31,learned_order_offset,20260910,0.712579885387402,0.712579885387402,1,0
fixed_transform_step25,2492,2021-04-30,2021-05-12,-0.0190946889464188,2021,2021-03-31,learned_order_offset,20260910,0.69496844652624,0.69496844652624,1,0
fixed_transform_step25,2494,2021-05-07,2021-05-17,0.0227674429764228,2021,2021-03-31,learned_order_offset,20260910,0.7106739856390334,0.7106739856390334,1,1
fixed_transform_step25,2499,2021-05-14,2021-05-24,0.0045940519733895,2021,2021-03-31,learned_order_offset,20260910,0.6663977508635559,0.6663977508635559,1,1
fixed_transform_step25,2504,2021-05-21,2021-05-31,0.0348855085126711,2021,2021-03-31,learned_order_offset,20260910,0.6303163552476966,0.6303163552476966,1,1
fixed_transform_step25,2509,2021-05-28,2021-06-07,-0.0062409741861724,2021,2021-03-31,learned_order_offset,20260910,0.5716991823320801,0.5716991823320801,1,0
fixed_transform_step25,2514,2021-06-04,2021-06-15,-0.0125508761771767,2021,2021-03-31,learned_order_offset,20260910,0.4525267712432966,0.4525267712432966,0,0
fixed_transform_step25,2519,2021-06-11,2021-06-21,-0.0250011497424577,2021,2021-03-31,learned_order_offset,20260910,0.2674660528195209,0.2674660528195209,0,0
fixed_transform_step25,2523,2021-06-18,2021-06-28,0.0325308711127356,2021,2021-03-31,learned_order_offset,20260910,0.2639209096419178,0.2639209096419178,0,1
fixed_transform_step25,2528,2021-06-25,2021-07-05,-0.0342297962734196,2021,2021-03-31,learned_order_offset,20260910,0.35189682380578124,0.35189682380578124,0,0
fixed_transform_step25,2473,2021-04-02,2021-04-12,-0.0292856811827044,2021,2021-03-31,learned_market,20260911,0.6279775333869246,0.6279775333869246,1,0
fixed_transform_step25,2477,2021-04-09,2021-04-19,-0.0120489836840408,2021,2021-03-31,learned_market,20260911,0.5304298225442527,0.5304298225442527,1,0
fixed_transform_step25,2482,2021-04-16,2021-04-26,0.0382932540809155,2021,2021-03-31,learned_market,20260911,0.4879794410434846,0.4879794410434846,0,1
fixed_transform_step25,2487,2021-04-23,2021-05-06,-0.0112070185917437,2021,2021-03-31,learned_market,20260911,0.534159270290505,0.534159270290505,1,0
fixed_transform_step25,2492,2021-04-30,2021-05-12,-0.0190946889464188,2021,2021-03-31,learned_market,20260911,0.6936744282923454,0.6936744282923454,1,0
fixed_transform_step25,2494,2021-05-07,2021-05-17,0.0227674429764228,2021,2021-03-31,learned_market,20260911,0.7576901551002402,0.7576901551002402,1,1
fixed_transform_step25,2499,2021-05-14,2021-05-24,0.0045940519733895,2021,2021-03-31,learned_market,20260911,0.43472534711758304,0.43472534711758304,0,1
fixed_transform_step25,2504,2021-05-21,2021-05-31,0.0348855085126711,2021,2021-03-31,learned_market,20260911,0.6128014028754213,0.6128014028754213,1,1
fixed_transform_step25,2509,2021-05-28,2021-06-07,-0.0062409741861724,2021,2021-03-31,learned_market,20260911,0.5480963434103887,0.5480963434103887,1,0
fixed_transform_step25,2514,2021-06-04,2021-06-15,-0.0125508761771767,2021,2021-03-31,learned_market,20260911,0.42813313694315297,0.42813313694315297,0,0
fixed_transform_step25,2519,2021-06-11,2021-06-21,-0.0250011497424577,2021,2021-03-31,learned_market,20260911,0.23846798831607205,0.23846798831607205,0,0
fixed_transform_step25,2523,2021-06-18,2021-06-28,0.0325308711127356,2021,2021-03-31,learned_market,20260911,0.4378454671474719,0.4378454671474719,0,1
fixed_transform_step25,2528,2021-06-25,2021-07-05,-0.0342297962734196,2021,2021-03-31,learned_market,20260911,0.39596634295117683,0.39596634295117683,0,0
fixed_transform_step25,2473,2021-04-02,2021-04-12,-0.0292856811827044,2021,2021-03-31,learned_vol_interaction,20260911,0.6438640302930129,0.6438640302930129,1,0
fixed_transform_step25,2477,2021-04-09,2021-04-19,-0.0120489836840408,2021,2021-03-31,learned_vol_interaction,20260911,0.5275340128859938,0.5275340128859938,1,0
fixed_transform_step25,2482,2021-04-16,2021-04-26,0.0382932540809155,2021,2021-03-31,learned_vol_interaction,20260911,0.47943522153705836,0.47943522153705836,0,1
fixed_transform_step25,2487,2021-04-23,2021-05-06,-0.0112070185917437,2021,2021-03-31,learned_vol_interaction,20260911,0.5319250355068683,0.5319250355068683,1,0
fixed_transform_step25,2492,2021-04-30,2021-05-12,-0.0190946889464188,2021,2021-03-31,learned_vol_interaction,20260911,0.6900174648551646,0.6900174648551646,1,0
fixed_transform_step25,2494,2021-05-07,2021-05-17,0.0227674429764228,2021,2021-03-31,learned_vol_interaction,20260911,0.7534731078987752,0.7534731078987752,1,1
fixed_transform_step25,2499,2021-05-14,2021-05-24,0.0045940519733895,2021,2021-03-31,learned_vol_interaction,20260911,0.43619353716409665,0.43619353716409665,0,1
fixed_transform_step25,2504,2021-05-21,2021-05-31,0.0348855085126711,2021,2021-03-31,learned_vol_interaction,20260911,0.6017139884787777,0.6017139884787777,1,1
fixed_transform_step25,2509,2021-05-28,2021-06-07,-0.0062409741861724,2021,2021-03-31,learned_vol_interaction,20260911,0.5476292081836576,0.5476292081836576,1,0
fixed_transform_step25,2514,2021-06-04,2021-06-15,-0.0125508761771767,2021,2021-03-31,learned_vol_interaction,20260911,0.43093756075283046,0.43093756075283046,0,0
fixed_transform_step25,2519,2021-06-11,2021-06-21,-0.0250011497424577,2021,2021-03-31,learned_vol_interaction,20260911,0.24407111522854663,0.24407111522854663,0,0
fixed_transform_step25,2523,2021-06-18,2021-06-28,0.0325308711127356,2021,2021-03-31,learned_vol_interaction,20260911,0.44102472034743534,0.44102472034743534,0,1
fixed_transform_step25,2528,2021-06-25,2021-07-05,-0.0342297962734196,2021,2021-03-31,learned_vol_interaction,20260911,0.4094824329457201,0.4094824329457201,0,0
fixed_transform_step25,2473,2021-04-02,2021-04-12,-0.0292856811827044,2021,2021-03-31,learned_order_extension,20260911,0.63719446524093,0.63719446524093,1,0
fixed_transform_step25,2477,2021-04-09,2021-04-19,-0.0120489836840408,2021,2021-03-31,learned_order_extension,20260911,0.5203495581557499,0.5203495581557499,1,0
fixed_transform_step25,2482,2021-04-16,2021-04-26,0.0382932540809155,2021,2021-03-31,learned_order_extension,20260911,0.45470036918717033,0.45470036918717033,0,1
fixed_transform_step25,2487,2021-04-23,2021-05-06,-0.0112070185917437,2021,2021-03-31,learned_order_extension,20260911,0.5112434114762783,0.5112434114762783,1,0
fixed_transform_step25,2492,2021-04-30,2021-05-12,-0.0190946889464188,2021,2021-03-31,learned_order_extension,20260911,0.7095322851114044,0.7095322851114044,1,0
fixed_transform_step25,2494,2021-05-07,2021-05-17,0.0227674429764228,2021,2021-03-31,learned_order_extension,20260911,0.7796446234383688,0.7796446234383688,1,1
fixed_transform_step25,2499,2021-05-14,2021-05-24,0.0045940519733895,2021,2021-03-31,learned_order_extension,20260911,0.39607023523386625,0.39607023523386625,0,1
fixed_transform_step25,2504,2021-05-21,2021-05-31,0.0348855085126711,2021,2021-03-31,learned_order_extension,20260911,0.6025397094645275,0.6025397094645275,1,1
fixed_transform_step25,2509,2021-05-28,2021-06-07,-0.0062409741861724,2021,2021-03-31,learned_order_extension,20260911,0.5557059492966459,0.5557059492966459,1,0
fixed_transform_step25,2514,2021-06-04,2021-06-15,-0.0125508761771767,2021,2021-03-31,learned_order_extension,20260911,0.41224807065220304,0.41224807065220304,0,0
fixed_transform_step25,2519,2021-06-11,2021-06-21,-0.0250011497424577,2021,2021-03-31,learned_order_extension,20260911,0.19524229839259113,0.19524229839259113,0,0
fixed_transform_step25,2523,2021-06-18,2021-06-28,0.0325308711127356,2021,2021-03-31,learned_order_extension,20260911,0.420788632360317,0.420788632360317,0,1
fixed_transform_step25,2528,2021-06-25,2021-07-05,-0.0342297962734196,2021,2021-03-31,learned_order_extension,20260911,0.3963573289042125,0.3963573289042125,0,0
fixed_transform_step25,2473,2021-04-02,2021-04-12,-0.0292856811827044,2021,2021-03-31,learned_order_offset,20260911,0.6360925421869418,0.6360925421869418,1,0
fixed_transform_step25,2477,2021-04-09,2021-04-19,-0.0120489836840408,2021,2021-03-31,learned_order_offset,20260911,0.5209207363848068,0.5209207363848068,1,0
fixed_transform_step25,2482,2021-04-16,2021-04-26,0.0382932540809155,2021,2021-03-31,learned_order_offset,20260911,0.45559158482627055,0.45559158482627055,0,1
fixed_transform_step25,2487,2021-04-23,2021-05-06,-0.0112070185917437,2021,2021-03-31,learned_order_offset,20260911,0.5101015764390848,0.5101015764390848,1,0
fixed_transform_step25,2492,2021-04-30,2021-05-12,-0.0190946889464188,2021,2021-03-31,learned_order_offset,20260911,0.708062404666313,0.708062404666313,1,0
fixed_transform_step25,2494,2021-05-07,2021-05-17,0.0227674429764228,2021,2021-03-31,learned_order_offset,20260911,0.778122356791146,0.778122356791146,1,1
fixed_transform_step25,2499,2021-05-14,2021-05-24,0.0045940519733895,2021,2021-03-31,learned_order_offset,20260911,0.3966487873316553,0.3966487873316553,0,1
fixed_transform_step25,2504,2021-05-21,2021-05-31,0.0348855085126711,2021,2021-03-31,learned_order_offset,20260911,0.6020998623461338,0.6020998623461338,1,1
fixed_transform_step25,2509,2021-05-28,2021-06-07,-0.0062409741861724,2021,2021-03-31,learned_order_offset,20260911,0.5548147413848467,0.5548147413848467,1,0
fixed_transform_step25,2514,2021-06-04,2021-06-15,-0.0125508761771767,2021,2021-03-31,learned_order_offset,20260911,0.4147720623795497,0.4147720623795497,0,0
fixed_transform_step25,2519,2021-06-11,2021-06-21,-0.0250011497424577,2021,2021-03-31,learned_order_offset,20260911,0.19720919586709326,0.19720919586709326,0,0
fixed_transform_step25,2523,2021-06-18,2021-06-28,0.0325308711127356,2021,2021-03-31,learned_order_offset,20260911,0.4221657958123413,0.4221657958123413,0,1
fixed_transform_step25,2528,2021-06-25,2021-07-05,-0.0342297962734196,2021,2021-03-31,learned_order_offset,20260911,0.39757099264230794,0.39757099264230794,0,0
fixed_transform_step25,2473,2021-04-02,2021-04-12,-0.0292856811827044,2021,2021-03-31,learned_market,20260912,0.5562732435379977,0.5562732435379977,1,0
fixed_transform_step25,2477,2021-04-09,2021-04-19,-0.0120489836840408,2021,2021-03-31,learned_market,20260912,0.691513433161328,0.691513433161328,1,0
fixed_transform_step25,2482,2021-04-16,2021-04-26,0.0382932540809155,2021,2021-03-31,learned_market,20260912,0.5994553393982589,0.5994553393982589,1,1
fixed_transform_step25,2487,2021-04-23,2021-05-06,-0.0112070185917437,2021,2021-03-31,learned_market,20260912,0.6913166899624247,0.6913166899624247,1,0
fixed_transform_step25,2492,2021-04-30,2021-05-12,-0.0190946889464188,2021,2021-03-31,learned_market,20260912,0.49720288805364715,0.49720288805364715,0,0
fixed_transform_step25,2494,2021-05-07,2021-05-17,0.0227674429764228,2021,2021-03-31,learned_market,20260912,0.5982580337625406,0.5982580337625406,1,1
fixed_transform_step25,2499,2021-05-14,2021-05-24,0.0045940519733895,2021,2021-03-31,learned_market,20260912,0.5053282323209809,0.5053282323209809,1,1
fixed_transform_step25,2504,2021-05-21,2021-05-31,0.0348855085126711,2021,2021-03-31,learned_market,20260912,0.613555583743315,0.613555583743315,1,1
fixed_transform_step25,2509,2021-05-28,2021-06-07,-0.0062409741861724,2021,2021-03-31,learned_market,20260912,0.4596914165456884,0.4596914165456884,0,0
fixed_transform_step25,2514,2021-06-04,2021-06-15,-0.0125508761771767,2021,2021-03-31,learned_market,20260912,0.318370013590872,0.318370013590872,0,0
fixed_transform_step25,2519,2021-06-11,2021-06-21,-0.0250011497424577,2021,2021-03-31,learned_market,20260912,0.417157747777119,0.417157747777119,0,0
fixed_transform_step25,2523,2021-06-18,2021-06-28,0.0325308711127356,2021,2021-03-31,learned_market,20260912,0.38654077300782963,0.38654077300782963,0,1
fixed_transform_step25,2528,2021-06-25,2021-07-05,-0.0342297962734196,2021,2021-03-31,learned_market,20260912,0.2836272924335148,0.2836272924335148,0,0
fixed_transform_step25,2473,2021-04-02,2021-04-12,-0.0292856811827044,2021,2021-03-31,learned_vol_interaction,20260912,0.5570512356905397,0.5570512356905397,1,0
fixed_transform_step25,2477,2021-04-09,2021-04-19,-0.0120489836840408,2021,2021-03-31,learned_vol_interaction,20260912,0.6924890550699305,0.6924890550699305,1,0
fixed_transform_step25,2482,2021-04-16,2021-04-26,0.0382932540809155,2021,2021-03-31,learned_vol_interaction,20260912,0.5997170277297912,0.5997170277297912,1,1
fixed_transform_step25,2487,2021-04-23,2021-05-06,-0.0112070185917437,2021,2021-03-31,learned_vol_interaction,20260912,0.6919757036984747,0.6919757036984747,1,0
fixed_transform_step25,2492,2021-04-30,2021-05-12,-0.0190946889464188,2021,2021-03-31,learned_vol_interaction,20260912,0.49685146935431873,0.49685146935431873,0,0
fixed_transform_step25,2494,2021-05-07,2021-05-17,0.0227674429764228,2021,2021-03-31,learned_vol_interaction,20260912,0.5986832804641471,0.5986832804641471,1,1
fixed_transform_step25,2499,2021-05-14,2021-05-24,0.0045940519733895,2021,2021-03-31,learned_vol_interaction,20260912,0.5043519276349401,0.5043519276349401,1,1
fixed_transform_step25,2504,2021-05-21,2021-05-31,0.0348855085126711,2021,2021-03-31,learned_vol_interaction,20260912,0.613314008767247,0.613314008767247,1,1
fixed_transform_step25,2509,2021-05-28,2021-06-07,-0.0062409741861724,2021,2021-03-31,learned_vol_interaction,20260912,0.45867957554877836,0.45867957554877836,0,0
fixed_transform_step25,2514,2021-06-04,2021-06-15,-0.0125508761771767,2021,2021-03-31,learned_vol_interaction,20260912,0.3176036714454589,0.3176036714454589,0,0
fixed_transform_step25,2519,2021-06-11,2021-06-21,-0.0250011497424577,2021,2021-03-31,learned_vol_interaction,20260912,0.4162264032318442,0.4162264032318442,0,0
fixed_transform_step25,2523,2021-06-18,2021-06-28,0.0325308711127356,2021,2021-03-31,learned_vol_interaction,20260912,0.38574193298194137,0.38574193298194137,0,1
fixed_transform_step25,2528,2021-06-25,2021-07-05,-0.0342297962734196,2021,2021-03-31,learned_vol_interaction,20260912,0.28131688128825577,0.28131688128825577,0,0
fixed_transform_step25,2473,2021-04-02,2021-04-12,-0.0292856811827044,2021,2021-03-31,learned_order_extension,20260912,0.55867256614914,0.55867256614914,1,0
fixed_transform_step25,2477,2021-04-09,2021-04-19,-0.0120489836840408,2021,2021-03-31,learned_order_extension,20260912,0.69605754805216,0.69605754805216,1,0
fixed_transform_step25,2482,2021-04-16,2021-04-26,0.0382932540809155,2021,2021-03-31,learned_order_extension,20260912,0.598396275203308,0.598396275203308,1,1
fixed_transform_step25,2487,2021-04-23,2021-05-06,-0.0112070185917437,2021,2021-03-31,learned_order_extension,20260912,0.6977688783324798,0.6977688783324798,1,0
fixed_transform_step25,2492,2021-04-30,2021-05-12,-0.0190946889464188,2021,2021-03-31,learned_order_extension,20260912,0.4893236256291059,0.4893236256291059,0,0
fixed_transform_step25,2494,2021-05-07,2021-05-17,0.0227674429764228,2021,2021-03-31,learned_order_extension,20260912,0.5950125802850903,0.5950125802850903,1,1
fixed_transform_step25,2499,2021-05-14,2021-05-24,0.0045940519733895,2021,2021-03-31,learned_order_extension,20260912,0.492908046832824,0.492908046832824,0,1
fixed_transform_step25,2504,2021-05-21,2021-05-31,0.0348855085126711,2021,2021-03-31,learned_order_extension,20260912,0.6134489084447792,0.6134489084447792,1,1
fixed_transform_step25,2509,2021-05-28,2021-06-07,-0.0062409741861724,2021,2021-03-31,learned_order_extension,20260912,0.4546294884932835,0.4546294884932835,0,0
fixed_transform_step25,2514,2021-06-04,2021-06-15,-0.0125508761771767,2021,2021-03-31,learned_order_extension,20260912,0.30132808350435014,0.30132808350435014,0,0
fixed_transform_step25,2519,2021-06-11,2021-06-21,-0.0250011497424577,2021,2021-03-31,learned_order_extension,20260912,0.40500928696654537,0.40500928696654537,0,0
fixed_transform_step25,2523,2021-06-18,2021-06-28,0.0325308711127356,2021,2021-03-31,learned_order_extension,20260912,0.3744976101375144,0.3744976101375144,0,1
fixed_transform_step25,2528,2021-06-25,2021-07-05,-0.0342297962734196,2021,2021-03-31,learned_order_extension,20260912,0.2664834803356498,0.2664834803356498,0,0
fixed_transform_step25,2473,2021-04-02,2021-04-12,-0.0292856811827044,2021,2021-03-31,learned_order_offset,20260912,0.5595710296569071,0.5595710296569071,1,0
fixed_transform_step25,2477,2021-04-09,2021-04-19,-0.0120489836840408,2021,2021-03-31,learned_order_offset,20260912,0.6958055349316061,0.6958055349316061,1,0
fixed_transform_step25,2482,2021-04-16,2021-04-26,0.0382932540809155,2021,2021-03-31,learned_order_offset,20260912,0.5993753352804577,0.5993753352804577,1,1
fixed_transform_step25,2487,2021-04-23,2021-05-06,-0.0112070185917437,2021,2021-03-31,learned_order_offset,20260912,0.6974665359746659,0.6974665359746659,1,0
fixed_transform_step25,2492,2021-04-30,2021-05-12,-0.0190946889464188,2021,2021-03-31,learned_order_offset,20260912,0.49042036110953857,0.49042036110953857,0,0
fixed_transform_step25,2494,2021-05-07,2021-05-17,0.0227674429764228,2021,2021-03-31,learned_order_offset,20260912,0.5954817605732737,0.5954817605732737,1,1
fixed_transform_step25,2499,2021-05-14,2021-05-24,0.0045940519733895,2021,2021-03-31,learned_order_offset,20260912,0.49354801926099423,0.49354801926099423,0,1
fixed_transform_step25,2504,2021-05-21,2021-05-31,0.0348855085126711,2021,2021-03-31,learned_order_offset,20260912,0.6136182324641507,0.6136182324641507,1,1
fixed_transform_step25,2509,2021-05-28,2021-06-07,-0.0062409741861724,2021,2021-03-31,learned_order_offset,20260912,0.4560180698018095,0.4560180698018095,0,0
fixed_transform_step25,2514,2021-06-04,2021-06-15,-0.0125508761771767,2021,2021-03-31,learned_order_offset,20260912,0.3037411019632998,0.3037411019632998,0,0
fixed_transform_step25,2519,2021-06-11,2021-06-21,-0.0250011497424577,2021,2021-03-31,learned_order_offset,20260912,0.4057537868860037,0.4057537868860037,0,0
fixed_transform_step25,2523,2021-06-18,2021-06-28,0.0325308711127356,2021,2021-03-31,learned_order_offset,20260912,0.37491621161560473,0.37491621161560473,0,1
fixed_transform_step25,2528,2021-06-25,2021-07-05,-0.0342297962734196,2021,2021-03-31,learned_order_offset,20260912,0.2667557715325863,0.2667557715325863,0,0
fixed_transform_step25,2533,2021-07-02,2021-07-12,0.0068193733271841,2021,2021-06-30,learned_market,20260910,0.37779944114755065,0.37779944114755065,0,1
fixed_transform_step25,2538,2021-07-09,2021-07-19,-0.0048254045313779,2021,2021-06-30,learned_market,20260910,0.399949684934966,0.399949684934966,0,0
fixed_transform_step25,2543,2021-07-16,2021-07-26,-0.0032299118953994,2021,2021-06-30,learned_market,20260910,0.35792174957324957,0.35792174957324957,0,0
fixed_transform_step25,2548,2021-07-23,2021-08-02,-0.0537740931579083,2021,2021-06-30,learned_market,20260910,0.4487312638764597,0.4487312638764597,0,0
fixed_transform_step25,2553,2021-07-30,2021-08-09,0.019904813945049,2021,2021-06-30,learned_market,20260910,0.46584810647827346,0.46584810647827346,0,1
fixed_transform_step25,2558,2021-08-06,2021-08-16,0.0093369268709639,2021,2021-06-30,learned_market,20260910,0.4236342856169002,0.4236342856169002,0,1
fixed_transform_step25,2563,2021-08-13,2021-08-23,-0.032048736608373,2021,2021-06-30,learned_market,20260910,0.40460856420935065,0.40460856420935065,0,0
fixed_transform_step25,2568,2021-08-20,2021-08-30,0.0145047962107527,2021,2021-06-30,learned_market,20260910,0.5276985091183211,0.5276985091183211,1,1
fixed_transform_step25,2573,2021-08-27,2021-09-06,-0.0012316820816045,2021,2021-06-30,learned_market,20260910,0.5609112135125753,0.5609112135125753,1,0
fixed_transform_step25,2578,2021-09-03,2021-09-13,0.0342301066295398,2021,2021-06-30,learned_market,20260910,0.716733158266329,0.716733158266329,1,1
fixed_transform_step25,2583,2021-09-10,2021-09-22,-0.0471441667981554,2021,2021-06-30,learned_market,20260910,0.7174658688303078,0.7174658688303078,1,0
fixed_transform_step25,2588,2021-09-17,2021-09-28,0.0209863060789441,2021,2021-06-30,learned_market,20260910,0.7015461163811104,0.7015461163811104,1,1
fixed_transform_step25,2591,2021-09-24,2021-10-11,0.0144615416200457,2021,2021-06-30,learned_market,20260910,0.7385704755247317,0.7385704755247317,1,1
fixed_transform_step25,2533,2021-07-02,2021-07-12,0.0068193733271841,2021,2021-06-30,learned_vol_interaction,20260910,0.34188185785302416,0.34188185785302416,0,1
fixed_transform_step25,2538,2021-07-09,2021-07-19,-0.0048254045313779,2021,2021-06-30,learned_vol_interaction,20260910,0.3381180014275269,0.3381180014275269,0,0
fixed_transform_step25,2543,2021-07-16,2021-07-26,-0.0032299118953994,2021,2021-06-30,learned_vol_interaction,20260910,0.3099017219940691,0.3099017219940691,0,0
fixed_transform_step25,2548,2021-07-23,2021-08-02,-0.0537740931579083,2021,2021-06-30,learned_vol_interaction,20260910,0.4170833699899156,0.4170833699899156,0,0
fixed_transform_step25,2553,2021-07-30,2021-08-09,0.019904813945049,2021,2021-06-30,learned_vol_interaction,20260910,0.4754199537587299,0.4754199537587299,0,1
fixed_transform_step25,2558,2021-08-06,2021-08-16,0.0093369268709639,2021,2021-06-30,learned_vol_interaction,20260910,0.46063853373196134,0.46063853373196134,0,1
fixed_transform_step25,2563,2021-08-13,2021-08-23,-0.032048736608373,2021,2021-06-30,learned_vol_interaction,20260910,0.46283829803902193,0.46283829803902193,0,0
fixed_transform_step25,2568,2021-08-20,2021-08-30,0.0145047962107527,2021,2021-06-30,learned_vol_interaction,20260910,0.5446262565330887,0.5446262565330887,1,1
fixed_transform_step25,2573,2021-08-27,2021-09-06,-0.0012316820816045,2021,2021-06-30,learned_vol_interaction,20260910,0.5900201454272163,0.5900201454272163,1,0
fixed_transform_step25,2578,2021-09-03,2021-09-13,0.0342301066295398,2021,2021-06-30,learned_vol_interaction,20260910,0.7179812162660344,0.7179812162660344,1,1
fixed_transform_step25,2583,2021-09-10,2021-09-22,-0.0471441667981554,2021,2021-06-30,learned_vol_interaction,20260910,0.7081409132034456,0.7081409132034456,1,0
fixed_transform_step25,2588,2021-09-17,2021-09-28,0.0209863060789441,2021,2021-06-30,learned_vol_interaction,20260910,0.7313218004135656,0.7313218004135656,1,1
fixed_transform_step25,2591,2021-09-24,2021-10-11,0.0144615416200457,2021,2021-06-30,learned_vol_interaction,20260910,0.7730134877932456,0.7730134877932456,1,1
fixed_transform_step25,2533,2021-07-02,2021-07-12,0.0068193733271841,2021,2021-06-30,learned_order_extension,20260910,0.3280997205692548,0.3280997205692548,0,1
fixed_transform_step25,2538,2021-07-09,2021-07-19,-0.0048254045313779,2021,2021-06-30,learned_order_extension,20260910,0.3179897735574792,0.3179897735574792,0,0
fixed_transform_step25,2543,2021-07-16,2021-07-26,-0.0032299118953994,2021,2021-06-30,learned_order_extension,20260910,0.2809993430504682,0.2809993430504682,0,0
fixed_transform_step25,2548,2021-07-23,2021-08-02,-0.0537740931579083,2021,2021-06-30,learned_order_extension,20260910,0.40079840534433914,0.40079840534433914,0,0
fixed_transform_step25,2553,2021-07-30,2021-08-09,0.019904813945049,2021,2021-06-30,learned_order_extension,20260910,0.46420645303602487,0.46420645303602487,0,1
fixed_transform_step25,2558,2021-08-06,2021-08-16,0.0093369268709639,2021,2021-06-30,learned_order_extension,20260910,0.44540180022267023,0.44540180022267023,0,1
fixed_transform_step25,2563,2021-08-13,2021-08-23,-0.032048736608373,2021,2021-06-30,learned_order_extension,20260910,0.45535164731163247,0.45535164731163247,0,0
fixed_transform_step25,2568,2021-08-20,2021-08-30,0.0145047962107527,2021,2021-06-30,learned_order_extension,20260910,0.5426022070989879,0.5426022070989879,1,1
fixed_transform_step25,2573,2021-08-27,2021-09-06,-0.0012316820816045,2021,2021-06-30,learned_order_extension,20260910,0.5874518493192533,0.5874518493192533,1,0
fixed_transform_step25,2578,2021-09-03,2021-09-13,0.0342301066295398,2021,2021-06-30,learned_order_extension,20260910,0.7198150653735589,0.7198150653735589,1,1
fixed_transform_step25,2583,2021-09-10,2021-09-22,-0.0471441667981554,2021,2021-06-30,learned_order_extension,20260910,0.7196096501963998,0.7196096501963998,1,0
fixed_transform_step25,2588,2021-09-17,2021-09-28,0.0209863060789441,2021,2021-06-30,learned_order_extension,20260910,0.7441866613884724,0.7441866613884724,1,1
fixed_transform_step25,2591,2021-09-24,2021-10-11,0.0144615416200457,2021,2021-06-30,learned_order_extension,20260910,0.7958472124912254,0.7958472124912254,1,1
fixed_transform_step25,2533,2021-07-02,2021-07-12,0.0068193733271841,2021,2021-06-30,learned_order_offset,20260910,0.3283369054528239,0.3283369054528239,0,1
fixed_transform_step25,2538,2021-07-09,2021-07-19,-0.0048254045313779,2021,2021-06-30,learned_order_offset,20260910,0.318553140862594,0.318553140862594,0,0
fixed_transform_step25,2543,2021-07-16,2021-07-26,-0.0032299118953994,2021,2021-06-30,learned_order_offset,20260910,0.28162870532064066,0.28162870532064066,0,0
fixed_transform_step25,2548,2021-07-23,2021-08-02,-0.0537740931579083,2021,2021-06-30,learned_order_offset,20260910,0.40143171160996294,0.40143171160996294,0,0
fixed_transform_step25,2553,2021-07-30,2021-08-09,0.019904813945049,2021,2021-06-30,learned_order_offset,20260910,0.4646737004079254,0.4646737004079254,0,1
fixed_transform_step25,2558,2021-08-06,2021-08-16,0.0093369268709639,2021,2021-06-30,learned_order_offset,20260910,0.44571387986177735,0.44571387986177735,0,1
fixed_transform_step25,2563,2021-08-13,2021-08-23,-0.032048736608373,2021,2021-06-30,learned_order_offset,20260910,0.45547910403197206,0.45547910403197206,0,0
fixed_transform_step25,2568,2021-08-20,2021-08-30,0.0145047962107527,2021,2021-06-30,learned_order_offset,20260910,0.5427521921374697,0.5427521921374697,1,1
fixed_transform_step25,2573,2021-08-27,2021-09-06,-0.0012316820816045,2021,2021-06-30,learned_order_offset,20260910,0.5867546069819556,0.5867546069819556,1,0
fixed_transform_step25,2578,2021-09-03,2021-09-13,0.0342301066295398,2021,2021-06-30,learned_order_offset,20260910,0.7198946144033994,0.7198946144033994,1,1
fixed_transform_step25,2583,2021-09-10,2021-09-22,-0.0471441667981554,2021,2021-06-30,learned_order_offset,20260910,0.7196665822809964,0.7196665822809964,1,0
fixed_transform_step25,2588,2021-09-17,2021-09-28,0.0209863060789441,2021,2021-06-30,learned_order_offset,20260910,0.7436687945484471,0.7436687945484471,1,1
fixed_transform_step25,2591,2021-09-24,2021-10-11,0.0144615416200457,2021,2021-06-30,learned_order_offset,20260910,0.7954016260235416,0.7954016260235416,1,1
fixed_transform_step25,2533,2021-07-02,2021-07-12,0.0068193733271841,2021,2021-06-30,learned_market,20260911,0.4769884452866348,0.4769884452866348,0,1
fixed_transform_step25,2538,2021-07-09,2021-07-19,-0.0048254045313779,2021,2021-06-30,learned_market,20260911,0.23755167586372,0.23755167586372,0,0
fixed_transform_step25,2543,2021-07-16,2021-07-26,-0.0032299118953994,2021,2021-06-30,learned_market,20260911,0.3674553042644578,0.3674553042644578,0,0
fixed_transform_step25,2548,2021-07-23,2021-08-02,-0.0537740931579083,2021,2021-06-30,learned_market,20260911,0.40370103814744407,0.40370103814744407,0,0
fixed_transform_step25,2553,2021-07-30,2021-08-09,0.019904813945049,2021,2021-06-30,learned_market,20260911,0.5516444742149699,0.5516444742149699,1,1
fixed_transform_step25,2558,2021-08-06,2021-08-16,0.0093369268709639,2021,2021-06-30,learned_market,20260911,0.612843485150576,0.612843485150576,1,1
fixed_transform_step25,2563,2021-08-13,2021-08-23,-0.032048736608373,2021,2021-06-30,learned_market,20260911,0.6262297031505947,0.6262297031505947,1,0
fixed_transform_step25,2568,2021-08-20,2021-08-30,0.0145047962107527,2021,2021-06-30,learned_market,20260911,0.5035490459801744,0.5035490459801744,1,1
fixed_transform_step25,2573,2021-08-27,2021-09-06,-0.0012316820816045,2021,2021-06-30,learned_market,20260911,0.7918076483846759,0.7918076483846759,1,0
fixed_transform_step25,2578,2021-09-03,2021-09-13,0.0342301066295398,2021,2021-06-30,learned_market,20260911,0.7521847836796441,0.7521847836796441,1,1
fixed_transform_step25,2583,2021-09-10,2021-09-22,-0.0471441667981554,2021,2021-06-30,learned_market,20260911,0.7261338223739926,0.7261338223739926,1,0
fixed_transform_step25,2588,2021-09-17,2021-09-28,0.0209863060789441,2021,2021-06-30,learned_market,20260911,0.7552662383266371,0.7552662383266371,1,1
fixed_transform_step25,2591,2021-09-24,2021-10-11,0.0144615416200457,2021,2021-06-30,learned_market,20260911,0.6479026115689096,0.6479026115689096,1,1
fixed_transform_step25,2533,2021-07-02,2021-07-12,0.0068193733271841,2021,2021-06-30,learned_vol_interaction,20260911,0.4793015303074829,0.4793015303074829,0,1
fixed_transform_step25,2538,2021-07-09,2021-07-19,-0.0048254045313779,2021,2021-06-30,learned_vol_interaction,20260911,0.24901031475638502,0.24901031475638502,0,0
fixed_transform_step25,2543,2021-07-16,2021-07-26,-0.0032299118953994,2021,2021-06-30,learned_vol_interaction,20260911,0.37114322575947173,0.37114322575947173,0,0
fixed_transform_step25,2548,2021-07-23,2021-08-02,-0.0537740931579083,2021,2021-06-30,learned_vol_interaction,20260911,0.4127425005139438,0.4127425005139438,0,0
fixed_transform_step25,2553,2021-07-30,2021-08-09,0.019904813945049,2021,2021-06-30,learned_vol_interaction,20260911,0.5618605733257105,0.5618605733257105,1,1
fixed_transform_step25,2558,2021-08-06,2021-08-16,0.0093369268709639,2021,2021-06-30,learned_vol_interaction,20260911,0.6157902007705506,0.6157902007705506,1,1
fixed_transform_step25,2563,2021-08-13,2021-08-23,-0.032048736608373,2021,2021-06-30,learned_vol_interaction,20260911,0.6335064820306293,0.6335064820306293,1,0
fixed_transform_step25,2568,2021-08-20,2021-08-30,0.0145047962107527,2021,2021-06-30,learned_vol_interaction,20260911,0.48713432125646144,0.48713432125646144,0,1
fixed_transform_step25,2573,2021-08-27,2021-09-06,-0.0012316820816045,2021,2021-06-30,learned_vol_interaction,20260911,0.7976423593560924,0.7976423593560924,1,0
fixed_transform_step25,2578,2021-09-03,2021-09-13,0.0342301066295398,2021,2021-06-30,learned_vol_interaction,20260911,0.7468532835763547,0.7468532835763547,1,1
fixed_transform_step25,2583,2021-09-10,2021-09-22,-0.0471441667981554,2021,2021-06-30,learned_vol_interaction,20260911,0.7292714648514561,0.7292714648514561,1,0
fixed_transform_step25,2588,2021-09-17,2021-09-28,0.0209863060789441,2021,2021-06-30,learned_vol_interaction,20260911,0.7507862179314964,0.7507862179314964,1,1
fixed_transform_step25,2591,2021-09-24,2021-10-11,0.0144615416200457,2021,2021-06-30,learned_vol_interaction,20260911,0.6449691200094768,0.6449691200094768,1,1
fixed_transform_step25,2533,2021-07-02,2021-07-12,0.0068193733271841,2021,2021-06-30,learned_order_extension,20260911,0.4754216931975047,0.4754216931975047,0,1
fixed_transform_step25,2538,2021-07-09,2021-07-19,-0.0048254045313779,2021,2021-06-30,learned_order_extension,20260911,0.1829680275574447,0.1829680275574447,0,0
fixed_transform_step25,2543,2021-07-16,2021-07-26,-0.0032299118953994,2021,2021-06-30,learned_order_extension,20260911,0.310841571496373,0.310841571496373,0,0
fixed_transform_step25,2548,2021-07-23,2021-08-02,-0.0537740931579083,2021,2021-06-30,learned_order_extension,20260911,0.3722410951094141,0.3722410951094141,0,0
fixed_transform_step25,2553,2021-07-30,2021-08-09,0.019904813945049,2021,2021-06-30,learned_order_extension,20260911,0.547415974187737,0.547415974187737,1,1
fixed_transform_step25,2558,2021-08-06,2021-08-16,0.0093369268709639,2021,2021-06-30,learned_order_extension,20260911,0.6036569051774222,0.6036569051774222,1,1
fixed_transform_step25,2563,2021-08-13,2021-08-23,-0.032048736608373,2021,2021-06-30,learned_order_extension,20260911,0.6297883507005,0.6297883507005,1,0
fixed_transform_step25,2568,2021-08-20,2021-08-30,0.0145047962107527,2021,2021-06-30,learned_order_extension,20260911,0.47245629359470925,0.47245629359470925,0,1
fixed_transform_step25,2573,2021-08-27,2021-09-06,-0.0012316820816045,2021,2021-06-30,learned_order_extension,20260911,0.8134126572558089,0.8134126572558089,1,0
fixed_transform_step25,2578,2021-09-03,2021-09-13,0.0342301066295398,2021,2021-06-30,learned_order_extension,20260911,0.7662615222930318,0.7662615222930318,1,1
fixed_transform_step25,2583,2021-09-10,2021-09-22,-0.0471441667981554,2021,2021-06-30,learned_order_extension,20260911,0.756383425253585,0.756383425253585,1,0
fixed_transform_step25,2588,2021-09-17,2021-09-28,0.0209863060789441,2021,2021-06-30,learned_order_extension,20260911,0.7866608120454583,0.7866608120454583,1,1
fixed_transform_step25,2591,2021-09-24,2021-10-11,0.0144615416200457,2021,2021-06-30,learned_order_extension,20260911,0.6678375274217334,0.6678375274217334,1,1
fixed_transform_step25,2533,2021-07-02,2021-07-12,0.0068193733271841,2021,2021-06-30,learned_order_offset,20260911,0.47783139684810316,0.47783139684810316,0,1
fixed_transform_step25,2538,2021-07-09,2021-07-19,-0.0048254045313779,2021,2021-06-30,learned_order_offset,20260911,0.1852475907021065,0.1852475907021065,0,0
fixed_transform_step25,2543,2021-07-16,2021-07-26,-0.0032299118953994,2021,2021-06-30,learned_order_offset,20260911,0.3123442300556693,0.3123442300556693,0,0
fixed_transform_step25,2548,2021-07-23,2021-08-02,-0.0537740931579083,2021,2021-06-30,learned_order_offset,20260911,0.37298543084048175,0.37298543084048175,0,0
fixed_transform_step25,2553,2021-07-30,2021-08-09,0.019904813945049,2021,2021-06-30,learned_order_offset,20260911,0.5452818557842012,0.5452818557842012,1,1
fixed_transform_step25,2558,2021-08-06,2021-08-16,0.0093369268709639,2021,2021-06-30,learned_order_offset,20260911,0.6008414356631769,0.6008414356631769,1,1
fixed_transform_step25,2563,2021-08-13,2021-08-23,-0.032048736608373,2021,2021-06-30,learned_order_offset,20260911,0.6273973480160471,0.6273973480160471,1,0
fixed_transform_step25,2568,2021-08-20,2021-08-30,0.0145047962107527,2021,2021-06-30,learned_order_offset,20260911,0.47339253122041874,0.47339253122041874,0,1
fixed_transform_step25,2573,2021-08-27,2021-09-06,-0.0012316820816045,2021,2021-06-30,learned_order_offset,20260911,0.8095023654335715,0.8095023654335715,1,0
fixed_transform_step25,2578,2021-09-03,2021-09-13,0.0342301066295398,2021,2021-06-30,learned_order_offset,20260911,0.7629232159561427,0.7629232159561427,1,1
fixed_transform_step25,2583,2021-09-10,2021-09-22,-0.0471441667981554,2021,2021-06-30,learned_order_offset,20260911,0.7522729748066634,0.7522729748066634,1,0
fixed_transform_step25,2588,2021-09-17,2021-09-28,0.0209863060789441,2021,2021-06-30,learned_order_offset,20260911,0.7831621779129385,0.7831621779129385,1,1
fixed_transform_step25,2591,2021-09-24,2021-10-11,0.0144615416200457,2021,2021-06-30,learned_order_offset,20260911,0.6649198599784475,0.6649198599784475,1,1
fixed_transform_step25,2533,2021-07-02,2021-07-12,0.0068193733271841,2021,2021-06-30,learned_market,20260912,0.5273965989926506,0.5273965989926506,1,1
fixed_transform_step25,2538,2021-07-09,2021-07-19,-0.0048254045313779,2021,2021-06-30,learned_market,20260912,0.6328612872076629,0.6328612872076629,1,0
fixed_transform_step25,2543,2021-07-16,2021-07-26,-0.0032299118953994,2021,2021-06-30,learned_market,20260912,0.4833213462978471,0.4833213462978471,0,0
fixed_transform_step25,2548,2021-07-23,2021-08-02,-0.0537740931579083,2021,2021-06-30,learned_market,20260912,0.6298911810948713,0.6298911810948713,1,0
fixed_transform_step25,2553,2021-07-30,2021-08-09,0.019904813945049,2021,2021-06-30,learned_market,20260912,0.5527398702325466,0.5527398702325466,1,1
fixed_transform_step25,2558,2021-08-06,2021-08-16,0.0093369268709639,2021,2021-06-30,learned_market,20260912,0.5261511128108607,0.5261511128108607,1,1
fixed_transform_step25,2563,2021-08-13,2021-08-23,-0.032048736608373,2021,2021-06-30,learned_market,20260912,0.8025392834851726,0.8025392834851726,1,0
fixed_transform_step25,2568,2021-08-20,2021-08-30,0.0145047962107527,2021,2021-06-30,learned_market,20260912,0.6785378300793902,0.6785378300793902,1,1
fixed_transform_step25,2573,2021-08-27,2021-09-06,-0.0012316820816045,2021,2021-06-30,learned_market,20260912,0.6441559029122044,0.6441559029122044,1,0
fixed_transform_step25,2578,2021-09-03,2021-09-13,0.0342301066295398,2021,2021-06-30,learned_market,20260912,0.5660617326001951,0.5660617326001951,1,1
fixed_transform_step25,2583,2021-09-10,2021-09-22,-0.0471441667981554,2021,2021-06-30,learned_market,20260912,0.5810323330724706,0.5810323330724706,1,0
fixed_transform_step25,2588,2021-09-17,2021-09-28,0.0209863060789441,2021,2021-06-30,learned_market,20260912,0.5368650920933855,0.5368650920933855,1,1
fixed_transform_step25,2591,2021-09-24,2021-10-11,0.0144615416200457,2021,2021-06-30,learned_market,20260912,0.42544273235934477,0.42544273235934477,0,1
fixed_transform_step25,2533,2021-07-02,2021-07-12,0.0068193733271841,2021,2021-06-30,learned_vol_interaction,20260912,0.527980231609378,0.527980231609378,1,1
fixed_transform_step25,2538,2021-07-09,2021-07-19,-0.0048254045313779,2021,2021-06-30,learned_vol_interaction,20260912,0.6338401644898266,0.6338401644898266,1,0
fixed_transform_step25,2543,2021-07-16,2021-07-26,-0.0032299118953994,2021,2021-06-30,learned_vol_interaction,20260912,0.48352676999369937,0.48352676999369937,0,0
fixed_transform_step25,2548,2021-07-23,2021-08-02,-0.0537740931579083,2021,2021-06-30,learned_vol_interaction,20260912,0.6310706251544134,0.6310706251544134,1,0
fixed_transform_step25,2553,2021-07-30,2021-08-09,0.019904813945049,2021,2021-06-30,learned_vol_interaction,20260912,0.5538212695249932,0.5538212695249932,1,1
fixed_transform_step25,2558,2021-08-06,2021-08-16,0.0093369268709639,2021,2021-06-30,learned_vol_interaction,20260912,0.5269427031271506,0.5269427031271506,1,1
fixed_transform_step25,2563,2021-08-13,2021-08-23,-0.032048736608373,2021,2021-06-30,learned_vol_interaction,20260912,0.8039558325616932,0.8039558325616932,1,0
fixed_transform_step25,2568,2021-08-20,2021-08-30,0.0145047962107527,2021,2021-06-30,learned_vol_interaction,20260912,0.6792435691509942,0.6792435691509942,1,1
fixed_transform_step25,2573,2021-08-27,2021-09-06,-0.0012316820816045,2021,2021-06-30,learned_vol_interaction,20260912,0.6444836064953409,0.6444836064953409,1,0
fixed_transform_step25,2578,2021-09-03,2021-09-13,0.0342301066295398,2021,2021-06-30,learned_vol_interaction,20260912,0.5662677983737048,0.5662677983737048,1,1
fixed_transform_step25,2583,2021-09-10,2021-09-22,-0.0471441667981554,2021,2021-06-30,learned_vol_interaction,20260912,0.5814218687393594,0.5814218687393594,1,0
fixed_transform_step25,2588,2021-09-17,2021-09-28,0.0209863060789441,2021,2021-06-30,learned_vol_interaction,20260912,0.5364114704817747,0.5364114704817747,1,1
fixed_transform_step25,2591,2021-09-24,2021-10-11,0.0144615416200457,2021,2021-06-30,learned_vol_interaction,20260912,0.4245056925819888,0.4245056925819888,0,1
fixed_transform_step25,2533,2021-07-02,2021-07-12,0.0068193733271841,2021,2021-06-30,learned_order_extension,20260912,0.524138014128764,0.524138014128764,1,1
fixed_transform_step25,2538,2021-07-09,2021-07-19,-0.0048254045313779,2021,2021-06-30,learned_order_extension,20260912,0.637077254988682,0.637077254988682,1,0
fixed_transform_step25,2543,2021-07-16,2021-07-26,-0.0032299118953994,2021,2021-06-30,learned_order_extension,20260912,0.4734618790360014,0.4734618790360014,0,0
fixed_transform_step25,2548,2021-07-23,2021-08-02,-0.0537740931579083,2021,2021-06-30,learned_order_extension,20260912,0.6296105432723521,0.6296105432723521,1,0
fixed_transform_step25,2553,2021-07-30,2021-08-09,0.019904813945049,2021,2021-06-30,learned_order_extension,20260912,0.5470317635664633,0.5470317635664633,1,1
fixed_transform_step25,2558,2021-08-06,2021-08-16,0.0093369268709639,2021,2021-06-30,learned_order_extension,20260912,0.5217459723155529,0.5217459723155529,1,1
fixed_transform_step25,2563,2021-08-13,2021-08-23,-0.032048736608373,2021,2021-06-30,learned_order_extension,20260912,0.8048162733516495,0.8048162733516495,1,0
fixed_transform_step25,2568,2021-08-20,2021-08-30,0.0145047962107527,2021,2021-06-30,learned_order_extension,20260912,0.6786376643323705,0.6786376643323705,1,1
fixed_transform_step25,2573,2021-08-27,2021-09-06,-0.0012316820816045,2021,2021-06-30,learned_order_extension,20260912,0.6423871092051671,0.6423871092051671,1,0
fixed_transform_step25,2578,2021-09-03,2021-09-13,0.0342301066295398,2021,2021-06-30,learned_order_extension,20260912,0.5626076233788565,0.5626076233788565,1,1
fixed_transform_step25,2583,2021-09-10,2021-09-22,-0.0471441667981554,2021,2021-06-30,learned_order_extension,20260912,0.5807657057492558,0.5807657057492558,1,0
fixed_transform_step25,2588,2021-09-17,2021-09-28,0.0209863060789441,2021,2021-06-30,learned_order_extension,20260912,0.529694646631136,0.529694646631136,1,1
fixed_transform_step25,2591,2021-09-24,2021-10-11,0.0144615416200457,2021,2021-06-30,learned_order_extension,20260912,0.40811344650372305,0.40811344650372305,0,1
fixed_transform_step25,2533,2021-07-02,2021-07-12,0.0068193733271841,2021,2021-06-30,learned_order_offset,20260912,0.5245980477390696,0.5245980477390696,1,1
fixed_transform_step25,2538,2021-07-09,2021-07-19,-0.0048254045313779,2021,2021-06-30,learned_order_offset,20260912,0.6365860312490574,0.6365860312490574,1,0
fixed_transform_step25,2543,2021-07-16,2021-07-26,-0.0032299118953994,2021,2021-06-30,learned_order_offset,20260912,0.4730447265235562,0.4730447265235562,0,0
fixed_transform_step25,2548,2021-07-23,2021-08-02,-0.0537740931579083,2021,2021-06-30,learned_order_offset,20260912,0.6288629949569723,0.6288629949569723,1,0
fixed_transform_step25,2553,2021-07-30,2021-08-09,0.019904813945049,2021,2021-06-30,learned_order_offset,20260912,0.5467218625577497,0.5467218625577497,1,1
fixed_transform_step25,2558,2021-08-06,2021-08-16,0.0093369268709639,2021,2021-06-30,learned_order_offset,20260912,0.5216924587770612,0.5216924587770612,1,1
fixed_transform_step25,2563,2021-08-13,2021-08-23,-0.032048736608373,2021,2021-06-30,learned_order_offset,20260912,0.8033998029821199,0.8033998029821199,1,0
fixed_transform_step25,2568,2021-08-20,2021-08-30,0.0145047962107527,2021,2021-06-30,learned_order_offset,20260912,0.6783210997507031,0.6783210997507031,1,1
fixed_transform_step25,2573,2021-08-27,2021-09-06,-0.0012316820816045,2021,2021-06-30,learned_order_offset,20260912,0.642342944705693,0.642342944705693,1,0
fixed_transform_step25,2578,2021-09-03,2021-09-13,0.0342301066295398,2021,2021-06-30,learned_order_offset,20260912,0.5626620846506138,0.5626620846506138,1,1
fixed_transform_step25,2583,2021-09-10,2021-09-22,-0.0471441667981554,2021,2021-06-30,learned_order_offset,20260912,0.5806530159574849,0.5806530159574849,1,0
fixed_transform_step25,2588,2021-09-17,2021-09-28,0.0209863060789441,2021,2021-06-30,learned_order_offset,20260912,0.529950346198631,0.529950346198631,1,1
fixed_transform_step25,2591,2021-09-24,2021-10-11,0.0144615416200457,2021,2021-06-30,learned_order_offset,20260912,0.4093491542530079,0.4093491542530079,0,1
fixed_transform_step25,2596,2021-10-08,2021-10-18,-0.0038006269617851,2021,2021-09-30,learned_market,20260910,0.7013439400003167,0.7013439400003167,1,0
fixed_transform_step25,2601,2021-10-15,2021-10-25,0.0037358989621147,2021,2021-09-30,learned_market,20260910,0.6964097998311523,0.6964097998311523,1,1
fixed_transform_step25,2606,2021-10-22,2021-11-01,-0.0127041632091318,2021,2021-09-30,learned_market,20260910,0.5755477532343113,0.5755477532343113,1,0
fixed_transform_step25,2611,2021-10-29,2021-11-08,-0.0075807737801166,2021,2021-09-30,learned_market,20260910,0.598308494946517,0.598308494946517,1,0
fixed_transform_step25,2616,2021-11-05,2021-11-15,0.0110015182343039,2021,2021-09-30,learned_market,20260910,0.6739530820210582,0.6739530820210582,1,1
fixed_transform_step25,2621,2021-11-12,2021-11-22,0.0002002284238551,2021,2021-09-30,learned_market,20260910,0.7444165091876651,0.7444165091876651,1,1
fixed_transform_step25,2626,2021-11-19,2021-11-29,-0.0153981603100059,2021,2021-09-30,learned_market,20260910,0.7843931162690179,0.7843931162690179,1,0
fixed_transform_step25,2631,2021-11-26,2021-12-06,0.0185518287306458,2021,2021-09-30,learned_market,20260910,0.6899240678280366,0.6899240678280366,1,1
fixed_transform_step25,2636,2021-12-03,2021-12-13,0.0367843110096284,2021,2021-09-30,learned_market,20260910,0.6937159796789513,0.6937159796789513,1,1
fixed_transform_step25,2641,2021-12-10,2021-12-20,-0.0304615698955996,2021,2021-09-30,learned_market,20260910,0.6202192059883634,0.6202192059883634,1,0
fixed_transform_step25,2646,2021-12-17,2021-12-27,-0.0034083287233763,2021,2021-09-30,learned_market,20260910,0.7149923260236721,0.7149923260236721,1,0
fixed_transform_step25,2651,2021-12-24,2022-01-04,0.0080985736506613,2021,2021-09-30,learned_market,20260910,0.7612680840694537,0.7612680840694537,1,1
fixed_transform_step25,2656,2021-12-31,2022-01-10,-0.0293970528320001,2021,2021-09-30,learned_market,20260910,0.743575228914246,0.743575228914246,1,0
fixed_transform_step25,2596,2021-10-08,2021-10-18,-0.0038006269617851,2021,2021-09-30,learned_vol_interaction,20260910,0.7322723226245337,0.7322723226245337,1,0
fixed_transform_step25,2601,2021-10-15,2021-10-25,0.0037358989621147,2021,2021-09-30,learned_vol_interaction,20260910,0.7481324552363207,0.7481324552363207,1,1
fixed_transform_step25,2606,2021-10-22,2021-11-01,-0.0127041632091318,2021,2021-09-30,learned_vol_interaction,20260910,0.5838094946396011,0.5838094946396011,1,0
fixed_transform_step25,2611,2021-10-29,2021-11-08,-0.0075807737801166,2021,2021-09-30,learned_vol_interaction,20260910,0.62672659636406,0.62672659636406,1,0
fixed_transform_step25,2616,2021-11-05,2021-11-15,0.0110015182343039,2021,2021-09-30,learned_vol_interaction,20260910,0.730374242223525,0.730374242223525,1,1
fixed_transform_step25,2621,2021-11-12,2021-11-22,0.0002002284238551,2021,2021-09-30,learned_vol_interaction,20260910,0.7945486314727864,0.7945486314727864,1,1
fixed_transform_step25,2626,2021-11-19,2021-11-29,-0.0153981603100059,2021,2021-09-30,learned_vol_interaction,20260910,0.8484060019976414,0.8484060019976414,1,0
fixed_transform_step25,2631,2021-11-26,2021-12-06,0.0185518287306458,2021,2021-09-30,learned_vol_interaction,20260910,0.7656481856996018,0.7656481856996018,1,1
fixed_transform_step25,2636,2021-12-03,2021-12-13,0.0367843110096284,2021,2021-09-30,learned_vol_interaction,20260910,0.7514434133640066,0.7514434133640066,1,1
fixed_transform_step25,2641,2021-12-10,2021-12-20,-0.0304615698955996,2021,2021-09-30,learned_vol_interaction,20260910,0.658662789673839,0.658662789673839,1,0
fixed_transform_step25,2646,2021-12-17,2021-12-27,-0.0034083287233763,2021,2021-09-30,learned_vol_interaction,20260910,0.7627198534275786,0.7627198534275786,1,0
fixed_transform_step25,2651,2021-12-24,2022-01-04,0.0080985736506613,2021,2021-09-30,learned_vol_interaction,20260910,0.8128279466622064,0.8128279466622064,1,1
fixed_transform_step25,2656,2021-12-31,2022-01-10,-0.0293970528320001,2021,2021-09-30,learned_vol_interaction,20260910,0.7827892879204861,0.7827892879204861,1,0
fixed_transform_step25,2596,2021-10-08,2021-10-18,-0.0038006269617851,2021,2021-09-30,learned_order_extension,20260910,0.7441394868622304,0.7441394868622304,1,0
fixed_transform_step25,2601,2021-10-15,2021-10-25,0.0037358989621147,2021,2021-09-30,learned_order_extension,20260910,0.7603555953014302,0.7603555953014302,1,1
fixed_transform_step25,2606,2021-10-22,2021-11-01,-0.0127041632091318,2021,2021-09-30,learned_order_extension,20260910,0.5806750259372839,0.5806750259372839,1,0
fixed_transform_step25,2611,2021-10-29,2021-11-08,-0.0075807737801166,2021,2021-09-30,learned_order_extension,20260910,0.6307883991026062,0.6307883991026062,1,0
fixed_transform_step25,2616,2021-11-05,2021-11-15,0.0110015182343039,2021,2021-09-30,learned_order_extension,20260910,0.7426435896917214,0.7426435896917214,1,1
fixed_transform_step25,2621,2021-11-12,2021-11-22,0.0002002284238551,2021,2021-09-30,learned_order_extension,20260910,0.821673658463412,0.821673658463412,1,1
fixed_transform_step25,2626,2021-11-19,2021-11-29,-0.0153981603100059,2021,2021-09-30,learned_order_extension,20260910,0.87765039719492,0.87765039719492,1,0
fixed_transform_step25,2631,2021-11-26,2021-12-06,0.0185518287306458,2021,2021-09-30,learned_order_extension,20260910,0.7842846119991306,0.7842846119991306,1,1
fixed_transform_step25,2636,2021-12-03,2021-12-13,0.0367843110096284,2021,2021-09-30,learned_order_extension,20260910,0.7643816909664443,0.7643816909664443,1,1
fixed_transform_step25,2641,2021-12-10,2021-12-20,-0.0304615698955996,2021,2021-09-30,learned_order_extension,20260910,0.6683922515485123,0.6683922515485123,1,0
fixed_transform_step25,2646,2021-12-17,2021-12-27,-0.0034083287233763,2021,2021-09-30,learned_order_extension,20260910,0.7879137060997596,0.7879137060997596,1,0
fixed_transform_step25,2651,2021-12-24,2022-01-04,0.0080985736506613,2021,2021-09-30,learned_order_extension,20260910,0.8292400805451519,0.8292400805451519,1,1
fixed_transform_step25,2656,2021-12-31,2022-01-10,-0.0293970528320001,2021,2021-09-30,learned_order_extension,20260910,0.8018947817517806,0.8018947817517806,1,0
fixed_transform_step25,2596,2021-10-08,2021-10-18,-0.0038006269617851,2021,2021-09-30,learned_order_offset,20260910,0.7437129004267867,0.7437129004267867,1,0
fixed_transform_step25,2601,2021-10-15,2021-10-25,0.0037358989621147,2021,2021-09-30,learned_order_offset,20260910,0.7596936347060312,0.7596936347060312,1,1
fixed_transform_step25,2606,2021-10-22,2021-11-01,-0.0127041632091318,2021,2021-09-30,learned_order_offset,20260910,0.5804636313788747,0.5804636313788747,1,0
fixed_transform_step25,2611,2021-10-29,2021-11-08,-0.0075807737801166,2021,2021-09-30,learned_order_offset,20260910,0.6302931440837714,0.6302931440837714,1,0
fixed_transform_step25,2616,2021-11-05,2021-11-15,0.0110015182343039,2021,2021-09-30,learned_order_offset,20260910,0.7420372071670899,0.7420372071670899,1,1
fixed_transform_step25,2621,2021-11-12,2021-11-22,0.0002002284238551,2021,2021-09-30,learned_order_offset,20260910,0.8214121875791817,0.8214121875791817,1,1
fixed_transform_step25,2626,2021-11-19,2021-11-29,-0.0153981603100059,2021,2021-09-30,learned_order_offset,20260910,0.8774420778983841,0.8774420778983841,1,0
fixed_transform_step25,2631,2021-11-26,2021-12-06,0.0185518287306458,2021,2021-09-30,learned_order_offset,20260910,0.7836635616556326,0.7836635616556326,1,1
fixed_transform_step25,2636,2021-12-03,2021-12-13,0.0367843110096284,2021,2021-09-30,learned_order_offset,20260910,0.7640865657848571,0.7640865657848571,1,1
fixed_transform_step25,2641,2021-12-10,2021-12-20,-0.0304615698955996,2021,2021-09-30,learned_order_offset,20260910,0.6680966428982036,0.6680966428982036,1,0
fixed_transform_step25,2646,2021-12-17,2021-12-27,-0.0034083287233763,2021,2021-09-30,learned_order_offset,20260910,0.7878522457861824,0.7878522457861824,1,0
fixed_transform_step25,2651,2021-12-24,2022-01-04,0.0080985736506613,2021,2021-09-30,learned_order_offset,20260910,0.8291276012366443,0.8291276012366443,1,1
fixed_transform_step25,2656,2021-12-31,2022-01-10,-0.0293970528320001,2021,2021-09-30,learned_order_offset,20260910,0.801784910351131,0.801784910351131,1,0
fixed_transform_step25,2596,2021-10-08,2021-10-18,-0.0038006269617851,2021,2021-09-30,learned_market,20260911,0.8685836927584272,0.8685836927584272,1,0
fixed_transform_step25,2601,2021-10-15,2021-10-25,0.0037358989621147,2021,2021-09-30,learned_market,20260911,0.7873455887122549,0.7873455887122549,1,1
fixed_transform_step25,2606,2021-10-22,2021-11-01,-0.0127041632091318,2021,2021-09-30,learned_market,20260911,0.5911522916084881,0.5911522916084881,1,0
fixed_transform_step25,2611,2021-10-29,2021-11-08,-0.0075807737801166,2021,2021-09-30,learned_market,20260911,0.8300030717407643,0.8300030717407643,1,0
fixed_transform_step25,2616,2021-11-05,2021-11-15,0.0110015182343039,2021,2021-09-30,learned_market,20260911,0.7526519958464023,0.7526519958464023,1,1
fixed_transform_step25,2621,2021-11-12,2021-11-22,0.0002002284238551,2021,2021-09-30,learned_market,20260911,0.8220120899007017,0.8220120899007017,1,1
fixed_transform_step25,2626,2021-11-19,2021-11-29,-0.0153981603100059,2021,2021-09-30,learned_market,20260911,0.7268966633426185,0.7268966633426185,1,0
fixed_transform_step25,2631,2021-11-26,2021-12-06,0.0185518287306458,2021,2021-09-30,learned_market,20260911,0.837196808185689,0.837196808185689,1,1
fixed_transform_step25,2636,2021-12-03,2021-12-13,0.0367843110096284,2021,2021-09-30,learned_market,20260911,0.6399245009730766,0.6399245009730766,1,1
fixed_transform_step25,2641,2021-12-10,2021-12-20,-0.0304615698955996,2021,2021-09-30,learned_market,20260911,0.6511063589718036,0.6511063589718036,1,0
fixed_transform_step25,2646,2021-12-17,2021-12-27,-0.0034083287233763,2021,2021-09-30,learned_market,20260911,0.7924821085347805,0.7924821085347805,1,0
fixed_transform_step25,2651,2021-12-24,2022-01-04,0.0080985736506613,2021,2021-09-30,learned_market,20260911,0.6549587086497415,0.6549587086497415,1,1
fixed_transform_step25,2656,2021-12-31,2022-01-10,-0.0293970528320001,2021,2021-09-30,learned_market,20260911,0.7922335866316124,0.7922335866316124,1,0
fixed_transform_step25,2596,2021-10-08,2021-10-18,-0.0038006269617851,2021,2021-09-30,learned_vol_interaction,20260911,0.8617444213497383,0.8617444213497383,1,0
fixed_transform_step25,2601,2021-10-15,2021-10-25,0.0037358989621147,2021,2021-09-30,learned_vol_interaction,20260911,0.7817097419040748,0.7817097419040748,1,1
fixed_transform_step25,2606,2021-10-22,2021-11-01,-0.0127041632091318,2021,2021-09-30,learned_vol_interaction,20260911,0.5899966514922775,0.5899966514922775,1,0
fixed_transform_step25,2611,2021-10-29,2021-11-08,-0.0075807737801166,2021,2021-09-30,learned_vol_interaction,20260911,0.8182793107192577,0.8182793107192577,1,0
fixed_transform_step25,2616,2021-11-05,2021-11-15,0.0110015182343039,2021,2021-09-30,learned_vol_interaction,20260911,0.7411832863415395,0.7411832863415395,1,1
fixed_transform_step25,2621,2021-11-12,2021-11-22,0.0002002284238551,2021,2021-09-30,learned_vol_interaction,20260911,0.8111070455063936,0.8111070455063936,1,1
fixed_transform_step25,2626,2021-11-19,2021-11-29,-0.0153981603100059,2021,2021-09-30,learned_vol_interaction,20260911,0.7269950381834787,0.7269950381834787,1,0
fixed_transform_step25,2631,2021-11-26,2021-12-06,0.0185518287306458,2021,2021-09-30,learned_vol_interaction,20260911,0.8203789292421774,0.8203789292421774,1,1
fixed_transform_step25,2636,2021-12-03,2021-12-13,0.0367843110096284,2021,2021-09-30,learned_vol_interaction,20260911,0.6276205939492353,0.6276205939492353,1,1
fixed_transform_step25,2641,2021-12-10,2021-12-20,-0.0304615698955996,2021,2021-09-30,learned_vol_interaction,20260911,0.6390287498555083,0.6390287498555083,1,0
fixed_transform_step25,2646,2021-12-17,2021-12-27,-0.0034083287233763,2021,2021-09-30,learned_vol_interaction,20260911,0.7813433804450332,0.7813433804450332,1,0
fixed_transform_step25,2651,2021-12-24,2022-01-04,0.0080985736506613,2021,2021-09-30,learned_vol_interaction,20260911,0.6501692244157073,0.6501692244157073,1,1
fixed_transform_step25,2656,2021-12-31,2022-01-10,-0.0293970528320001,2021,2021-09-30,learned_vol_interaction,20260911,0.7836818271848057,0.7836818271848057,1,0
fixed_transform_step25,2596,2021-10-08,2021-10-18,-0.0038006269617851,2021,2021-09-30,learned_order_extension,20260911,0.8987220720814714,0.8987220720814714,1,0
fixed_transform_step25,2601,2021-10-15,2021-10-25,0.0037358989621147,2021,2021-09-30,learned_order_extension,20260911,0.8284265503171863,0.8284265503171863,1,1
fixed_transform_step25,2606,2021-10-22,2021-11-01,-0.0127041632091318,2021,2021-09-30,learned_order_extension,20260911,0.6029488005374501,0.6029488005374501,1,0
fixed_transform_step25,2611,2021-10-29,2021-11-08,-0.0075807737801166,2021,2021-09-30,learned_order_extension,20260911,0.8734651465626581,0.8734651465626581,1,0
fixed_transform_step25,2616,2021-11-05,2021-11-15,0.0110015182343039,2021,2021-09-30,learned_order_extension,20260911,0.7871251252044102,0.7871251252044102,1,1
fixed_transform_step25,2621,2021-11-12,2021-11-22,0.0002002284238551,2021,2021-09-30,learned_order_extension,20260911,0.8792455956571178,0.8792455956571178,1,1
fixed_transform_step25,2626,2021-11-19,2021-11-29,-0.0153981603100059,2021,2021-09-30,learned_order_extension,20260911,0.7819162092516919,0.7819162092516919,1,0
fixed_transform_step25,2631,2021-11-26,2021-12-06,0.0185518287306458,2021,2021-09-30,learned_order_extension,20260911,0.8849440065843406,0.8849440065843406,1,1
fixed_transform_step25,2636,2021-12-03,2021-12-13,0.0367843110096284,2021,2021-09-30,learned_order_extension,20260911,0.6508585374226116,0.6508585374226116,1,1
fixed_transform_step25,2641,2021-12-10,2021-12-20,-0.0304615698955996,2021,2021-09-30,learned_order_extension,20260911,0.6699593972276755,0.6699593972276755,1,0
fixed_transform_step25,2646,2021-12-17,2021-12-27,-0.0034083287233763,2021,2021-09-30,learned_order_extension,20260911,0.8488065488152141,0.8488065488152141,1,0
fixed_transform_step25,2651,2021-12-24,2022-01-04,0.0080985736506613,2021,2021-09-30,learned_order_extension,20260911,0.6602530688288591,0.6602530688288591,1,1
fixed_transform_step25,2656,2021-12-31,2022-01-10,-0.0293970528320001,2021,2021-09-30,learned_order_extension,20260911,0.8264828726200119,0.8264828726200119,1,0
fixed_transform_step25,2596,2021-10-08,2021-10-18,-0.0038006269617851,2021,2021-09-30,learned_order_offset,20260911,0.8984627934538365,0.8984627934538365,1,0
fixed_transform_step25,2601,2021-10-15,2021-10-25,0.0037358989621147,2021,2021-09-30,learned_order_offset,20260911,0.828494079247581,0.828494079247581,1,1
fixed_transform_step25,2606,2021-10-22,2021-11-01,-0.0127041632091318,2021,2021-09-30,learned_order_offset,20260911,0.6033452202883037,0.6033452202883037,1,0
fixed_transform_step25,2611,2021-10-29,2021-11-08,-0.0075807737801166,2021,2021-09-30,learned_order_offset,20260911,0.8735748294446876,0.8735748294446876,1,0
fixed_transform_step25,2616,2021-11-05,2021-11-15,0.0110015182343039,2021,2021-09-30,learned_order_offset,20260911,0.7861627876283247,0.7861627876283247,1,1
fixed_transform_step25,2621,2021-11-12,2021-11-22,0.0002002284238551,2021,2021-09-30,learned_order_offset,20260911,0.8785137531076698,0.8785137531076698,1,1
fixed_transform_step25,2626,2021-11-19,2021-11-29,-0.0153981603100059,2021,2021-09-30,learned_order_offset,20260911,0.7813479043737236,0.7813479043737236,1,0
fixed_transform_step25,2631,2021-11-26,2021-12-06,0.0185518287306458,2021,2021-09-30,learned_order_offset,20260911,0.8845833203847762,0.8845833203847762,1,1
fixed_transform_step25,2636,2021-12-03,2021-12-13,0.0367843110096284,2021,2021-09-30,learned_order_offset,20260911,0.6518370780689572,0.6518370780689572,1,1
fixed_transform_step25,2641,2021-12-10,2021-12-20,-0.0304615698955996,2021,2021-09-30,learned_order_offset,20260911,0.6704227985683205,0.6704227985683205,1,0
fixed_transform_step25,2646,2021-12-17,2021-12-27,-0.0034083287233763,2021,2021-09-30,learned_order_offset,20260911,0.8481395060782095,0.8481395060782095,1,0
fixed_transform_step25,2651,2021-12-24,2022-01-04,0.0080985736506613,2021,2021-09-30,learned_order_offset,20260911,0.6585606281751177,0.6585606281751177,1,1
fixed_transform_step25,2656,2021-12-31,2022-01-10,-0.0293970528320001,2021,2021-09-30,learned_order_offset,20260911,0.8258093381226759,0.8258093381226759,1,0
fixed_transform_step25,2596,2021-10-08,2021-10-18,-0.0038006269617851,2021,2021-09-30,learned_market,20260912,0.6908912888166318,0.6908912888166318,1,0
fixed_transform_step25,2601,2021-10-15,2021-10-25,0.0037358989621147,2021,2021-09-30,learned_market,20260912,0.531594164536803,0.531594164536803,1,1
fixed_transform_step25,2606,2021-10-22,2021-11-01,-0.0127041632091318,2021,2021-09-30,learned_market,20260912,0.619117785095024,0.619117785095024,1,0
fixed_transform_step25,2611,2021-10-29,2021-11-08,-0.0075807737801166,2021,2021-09-30,learned_market,20260912,0.46378869855669536,0.46378869855669536,0,0
fixed_transform_step25,2616,2021-11-05,2021-11-15,0.0110015182343039,2021,2021-09-30,learned_market,20260912,0.5017758289241357,0.5017758289241357,1,1
fixed_transform_step25,2621,2021-11-12,2021-11-22,0.0002002284238551,2021,2021-09-30,learned_market,20260912,0.6240820511242223,0.6240820511242223,1,1
fixed_transform_step25,2626,2021-11-19,2021-11-29,-0.0153981603100059,2021,2021-09-30,learned_market,20260912,0.6825704756604851,0.6825704756604851,1,0
fixed_transform_step25,2631,2021-11-26,2021-12-06,0.0185518287306458,2021,2021-09-30,learned_market,20260912,0.452360775478278,0.452360775478278,0,1
fixed_transform_step25,2636,2021-12-03,2021-12-13,0.0367843110096284,2021,2021-09-30,learned_market,20260912,0.43510159988614355,0.43510159988614355,0,1
fixed_transform_step25,2641,2021-12-10,2021-12-20,-0.0304615698955996,2021,2021-09-30,learned_market,20260912,0.6022704121408771,0.6022704121408771,1,0
fixed_transform_step25,2646,2021-12-17,2021-12-27,-0.0034083287233763,2021,2021-09-30,learned_market,20260912,0.6061566620374064,0.6061566620374064,1,0
fixed_transform_step25,2651,2021-12-24,2022-01-04,0.0080985736506613,2021,2021-09-30,learned_market,20260912,0.4657029413258268,0.4657029413258268,0,1
fixed_transform_step25,2656,2021-12-31,2022-01-10,-0.0293970528320001,2021,2021-09-30,learned_market,20260912,0.6237305718473805,0.6237305718473805,1,0
fixed_transform_step25,2596,2021-10-08,2021-10-18,-0.0038006269617851,2021,2021-09-30,learned_vol_interaction,20260912,0.6916196537195436,0.6916196537195436,1,0
fixed_transform_step25,2601,2021-10-15,2021-10-25,0.0037358989621147,2021,2021-09-30,learned_vol_interaction,20260912,0.5303027132894078,0.5303027132894078,1,1
fixed_transform_step25,2606,2021-10-22,2021-11-01,-0.0127041632091318,2021,2021-09-30,learned_vol_interaction,20260912,0.6203415327962596,0.6203415327962596,1,0
fixed_transform_step25,2611,2021-10-29,2021-11-08,-0.0075807737801166,2021,2021-09-30,learned_vol_interaction,20260912,0.460803459070822,0.460803459070822,0,0
fixed_transform_step25,2616,2021-11-05,2021-11-15,0.0110015182343039,2021,2021-09-30,learned_vol_interaction,20260912,0.4977210932252077,0.4977210932252077,0,1
fixed_transform_step25,2621,2021-11-12,2021-11-22,0.0002002284238551,2021,2021-09-30,learned_vol_interaction,20260912,0.6245967686561532,0.6245967686561532,1,1
fixed_transform_step25,2626,2021-11-19,2021-11-29,-0.0153981603100059,2021,2021-09-30,learned_vol_interaction,20260912,0.6832029831454551,0.6832029831454551,1,0
fixed_transform_step25,2631,2021-11-26,2021-12-06,0.0185518287306458,2021,2021-09-30,learned_vol_interaction,20260912,0.44777130567506085,0.44777130567506085,0,1
fixed_transform_step25,2636,2021-12-03,2021-12-13,0.0367843110096284,2021,2021-09-30,learned_vol_interaction,20260912,0.42806863286109775,0.42806863286109775,0,1
fixed_transform_step25,2641,2021-12-10,2021-12-20,-0.0304615698955996,2021,2021-09-30,learned_vol_interaction,20260912,0.6018523378849064,0.6018523378849064,1,0
fixed_transform_step25,2646,2021-12-17,2021-12-27,-0.0034083287233763,2021,2021-09-30,learned_vol_interaction,20260912,0.6052846294339078,0.6052846294339078,1,0
fixed_transform_step25,2651,2021-12-24,2022-01-04,0.0080985736506613,2021,2021-09-30,learned_vol_interaction,20260912,0.4622873096980022,0.4622873096980022,0,1
fixed_transform_step25,2656,2021-12-31,2022-01-10,-0.0293970528320001,2021,2021-09-30,learned_vol_interaction,20260912,0.622103507969763,0.622103507969763,1,0
fixed_transform_step25,2596,2021-10-08,2021-10-18,-0.0038006269617851,2021,2021-09-30,learned_order_extension,20260912,0.6931855893908331,0.6931855893908331,1,0
fixed_transform_step25,2601,2021-10-15,2021-10-25,0.0037358989621147,2021,2021-09-30,learned_order_extension,20260912,0.5284380643863795,0.5284380643863795,1,1
fixed_transform_step25,2606,2021-10-22,2021-11-01,-0.0127041632091318,2021,2021-09-30,learned_order_extension,20260912,0.620411531901122,0.620411531901122,1,0
fixed_transform_step25,2611,2021-10-29,2021-11-08,-0.0075807737801166,2021,2021-09-30,learned_order_extension,20260912,0.45859170841047825,0.45859170841047825,0,0
fixed_transform_step25,2616,2021-11-05,2021-11-15,0.0110015182343039,2021,2021-09-30,learned_order_extension,20260912,0.4934947025943912,0.4934947025943912,0,1
fixed_transform_step25,2621,2021-11-12,2021-11-22,0.0002002284238551,2021,2021-09-30,learned_order_extension,20260912,0.6248288454530748,0.6248288454530748,1,1
fixed_transform_step25,2626,2021-11-19,2021-11-29,-0.0153981603100059,2021,2021-09-30,learned_order_extension,20260912,0.6858607673838227,0.6858607673838227,1,0
fixed_transform_step25,2631,2021-11-26,2021-12-06,0.0185518287306458,2021,2021-09-30,learned_order_extension,20260912,0.43981071657472404,0.43981071657472404,0,1
fixed_transform_step25,2636,2021-12-03,2021-12-13,0.0367843110096284,2021,2021-09-30,learned_order_extension,20260912,0.42290574083227694,0.42290574083227694,0,1
fixed_transform_step25,2641,2021-12-10,2021-12-20,-0.0304615698955996,2021,2021-09-30,learned_order_extension,20260912,0.6021878848502218,0.6021878848502218,1,0
fixed_transform_step25,2646,2021-12-17,2021-12-27,-0.0034083287233763,2021,2021-09-30,learned_order_extension,20260912,0.6033035730951789,0.6033035730951789,1,0
fixed_transform_step25,2651,2021-12-24,2022-01-04,0.0080985736506613,2021,2021-09-30,learned_order_extension,20260912,0.4569524969015547,0.4569524969015547,0,1
fixed_transform_step25,2656,2021-12-31,2022-01-10,-0.0293970528320001,2021,2021-09-30,learned_order_extension,20260912,0.6228795504059966,0.6228795504059966,1,0
fixed_transform_step25,2596,2021-10-08,2021-10-18,-0.0038006269617851,2021,2021-09-30,learned_order_offset,20260912,0.693015737009318,0.693015737009318,1,0
fixed_transform_step25,2601,2021-10-15,2021-10-25,0.0037358989621147,2021,2021-09-30,learned_order_offset,20260912,0.528027208623418,0.528027208623418,1,1
fixed_transform_step25,2606,2021-10-22,2021-11-01,-0.0127041632091318,2021,2021-09-30,learned_order_offset,20260912,0.620318025812402,0.620318025812402,1,0
fixed_transform_step25,2611,2021-10-29,2021-11-08,-0.0075807737801166,2021,2021-09-30,learned_order_offset,20260912,0.4583819817262525,0.4583819817262525,0,0
fixed_transform_step25,2616,2021-11-05,2021-11-15,0.0110015182343039,2021,2021-09-30,learned_order_offset,20260912,0.49358268697356417,0.49358268697356417,0,1
fixed_transform_step25,2621,2021-11-12,2021-11-22,0.0002002284238551,2021,2021-09-30,learned_order_offset,20260912,0.624799110904077,0.624799110904077,1,1
fixed_transform_step25,2626,2021-11-19,2021-11-29,-0.0153981603100059,2021,2021-09-30,learned_order_offset,20260912,0.6857632996078878,0.6857632996078878,1,0
fixed_transform_step25,2631,2021-11-26,2021-12-06,0.0185518287306458,2021,2021-09-30,learned_order_offset,20260912,0.4396409959678107,0.4396409959678107,0,1
fixed_transform_step25,2636,2021-12-03,2021-12-13,0.0367843110096284,2021,2021-09-30,learned_order_offset,20260912,0.4231883037750018,0.4231883037750018,0,1
fixed_transform_step25,2641,2021-12-10,2021-12-20,-0.0304615698955996,2021,2021-09-30,learned_order_offset,20260912,0.6020130856236059,0.6020130856236059,1,0
fixed_transform_step25,2646,2021-12-17,2021-12-27,-0.0034083287233763,2021,2021-09-30,learned_order_offset,20260912,0.6032515167447454,0.6032515167447454,1,0
fixed_transform_step25,2651,2021-12-24,2022-01-04,0.0080985736506613,2021,2021-09-30,learned_order_offset,20260912,0.4569303659906954,0.4569303659906954,0,1
fixed_transform_step25,2656,2021-12-31,2022-01-10,-0.0293970528320001,2021,2021-09-30,learned_order_offset,20260912,0.6230383179484613,0.6230383179484613,1,0
fixed_transform_step25,2660,2022-01-07,2022-01-17,-0.0173453887283024,2022,2021-12-31,learned_market,20260910,0.5688001187262542,0.5688001187262542,1,0
fixed_transform_step25,2665,2022-01-14,2022-01-24,0.0053248631776616,2022,2021-12-31,learned_market,20260910,0.6536697221556952,0.6536697221556952,1,1
fixed_transform_step25,2670,2022-01-21,2022-02-07,-0.0242661876254222,2022,2021-12-31,learned_market,20260910,0.667180452286777,0.667180452286777,1,0
fixed_transform_step25,2675,2022-01-28,2022-02-14,-0.0127539031341488,2022,2021-12-31,learned_market,20260910,0.6821990081341186,0.6821990081341186,1,0
fixed_transform_step25,2680,2022-02-11,2022-02-21,0.0145498774954033,2022,2021-12-31,learned_market,20260910,0.6685932622029157,0.6685932622029157,1,1
fixed_transform_step25,2685,2022-02-18,2022-02-28,-0.0177161244498015,2022,2021-12-31,learned_market,20260910,0.721020181747073,0.721020181747073,1,0
fixed_transform_step25,2690,2022-02-25,2022-03-07,-0.0221791776043331,2022,2021-12-31,learned_market,20260910,0.6720256213340763,0.6720256213340763,1,0
fixed_transform_step25,2695,2022-03-04,2022-03-14,-0.0480378799422749,2022,2021-12-31,learned_market,20260910,0.6491632424244927,0.6491632424244927,1,0
fixed_transform_step25,2700,2022-03-11,2022-03-21,0.007530336734814,2022,2021-12-31,learned_market,20260910,0.7072260560701839,0.7072260560701839,1,1
fixed_transform_step25,2705,2022-03-18,2022-03-28,-0.0353493110038457,2022,2021-12-31,learned_market,20260910,0.680562718896786,0.680562718896786,1,0
fixed_transform_step25,2710,2022-03-25,2022-04-06,0.0314834190717003,2022,2021-12-31,learned_market,20260910,0.7149297850291989,0.7149297850291989,1,1
fixed_transform_step25,2660,2022-01-07,2022-01-17,-0.0173453887283024,2022,2021-12-31,learned_vol_interaction,20260910,0.5831076461801695,0.5831076461801695,1,0
fixed_transform_step25,2665,2022-01-14,2022-01-24,0.0053248631776616,2022,2021-12-31,learned_vol_interaction,20260910,0.6744765119030697,0.6744765119030697,1,1
fixed_transform_step25,2670,2022-01-21,2022-02-07,-0.0242661876254222,2022,2021-12-31,learned_vol_interaction,20260910,0.6652743592454685,0.6652743592454685,1,0
fixed_transform_step25,2675,2022-01-28,2022-02-14,-0.0127539031341488,2022,2021-12-31,learned_vol_interaction,20260910,0.6916788990216658,0.6916788990216658,1,0
fixed_transform_step25,2680,2022-02-11,2022-02-21,0.0145498774954033,2022,2021-12-31,learned_vol_interaction,20260910,0.6656475068815167,0.6656475068815167,1,1
fixed_transform_step25,2685,2022-02-18,2022-02-28,-0.0177161244498015,2022,2021-12-31,learned_vol_interaction,20260910,0.7192657526415306,0.7192657526415306,1,0
fixed_transform_step25,2690,2022-02-25,2022-03-07,-0.0221791776043331,2022,2021-12-31,learned_vol_interaction,20260910,0.665128795190077,0.665128795190077,1,0
fixed_transform_step25,2695,2022-03-04,2022-03-14,-0.0480378799422749,2022,2021-12-31,learned_vol_interaction,20260910,0.6570221213989423,0.6570221213989423,1,0
fixed_transform_step25,2700,2022-03-11,2022-03-21,0.007530336734814,2022,2021-12-31,learned_vol_interaction,20260910,0.7032750021899432,0.7032750021899432,1,1
fixed_transform_step25,2705,2022-03-18,2022-03-28,-0.0353493110038457,2022,2021-12-31,learned_vol_interaction,20260910,0.6524086529307518,0.6524086529307518,1,0
fixed_transform_step25,2710,2022-03-25,2022-04-06,0.0314834190717003,2022,2021-12-31,learned_vol_interaction,20260910,0.6942468524177501,0.6942468524177501,1,1
fixed_transform_step25,2660,2022-01-07,2022-01-17,-0.0173453887283024,2022,2021-12-31,learned_order_extension,20260910,0.566864392886939,0.566864392886939,1,0
fixed_transform_step25,2665,2022-01-14,2022-01-24,0.0053248631776616,2022,2021-12-31,learned_order_extension,20260910,0.6690763940918765,0.6690763940918765,1,1
fixed_transform_step25,2670,2022-01-21,2022-02-07,-0.0242661876254222,2022,2021-12-31,learned_order_extension,20260910,0.6566842946116621,0.6566842946116621,1,0
fixed_transform_step25,2675,2022-01-28,2022-02-14,-0.0127539031341488,2022,2021-12-31,learned_order_extension,20260910,0.668769824144909,0.668769824144909,1,0
fixed_transform_step25,2680,2022-02-11,2022-02-21,0.0145498774954033,2022,2021-12-31,learned_order_extension,20260910,0.6554002636047295,0.6554002636047295,1,1
fixed_transform_step25,2685,2022-02-18,2022-02-28,-0.0177161244498015,2022,2021-12-31,learned_order_extension,20260910,0.7136098531605942,0.7136098531605942,1,0
fixed_transform_step25,2690,2022-02-25,2022-03-07,-0.0221791776043331,2022,2021-12-31,learned_order_extension,20260910,0.6487731912125562,0.6487731912125562,1,0
fixed_transform_step25,2695,2022-03-04,2022-03-14,-0.0480378799422749,2022,2021-12-31,learned_order_extension,20260910,0.6318792296674466,0.6318792296674466,1,0
fixed_transform_step25,2700,2022-03-11,2022-03-21,0.007530336734814,2022,2021-12-31,learned_order_extension,20260910,0.6914869969738268,0.6914869969738268,1,1
fixed_transform_step25,2705,2022-03-18,2022-03-28,-0.0353493110038457,2022,2021-12-31,learned_order_extension,20260910,0.6587542387705517,0.6587542387705517,1,0
fixed_transform_step25,2710,2022-03-25,2022-04-06,0.0314834190717003,2022,2021-12-31,learned_order_extension,20260910,0.6972076913228429,0.6972076913228429,1,1
fixed_transform_step25,2660,2022-01-07,2022-01-17,-0.0173453887283024,2022,2021-12-31,learned_order_offset,20260910,0.5666647543526758,0.5666647543526758,1,0
fixed_transform_step25,2665,2022-01-14,2022-01-24,0.0053248631776616,2022,2021-12-31,learned_order_offset,20260910,0.6685371525240916,0.6685371525240916,1,1
fixed_transform_step25,2670,2022-01-21,2022-02-07,-0.0242661876254222,2022,2021-12-31,learned_order_offset,20260910,0.6567323025522784,0.6567323025522784,1,0
fixed_transform_step25,2675,2022-01-28,2022-02-14,-0.0127539031341488,2022,2021-12-31,learned_order_offset,20260910,0.6683313210695451,0.6683313210695451,1,0
fixed_transform_step25,2680,2022-02-11,2022-02-21,0.0145498774954033,2022,2021-12-31,learned_order_offset,20260910,0.6551608348224088,0.6551608348224088,1,1
fixed_transform_step25,2685,2022-02-18,2022-02-28,-0.0177161244498015,2022,2021-12-31,learned_order_offset,20260910,0.713244067556852,0.713244067556852,1,0
fixed_transform_step25,2690,2022-02-25,2022-03-07,-0.0221791776043331,2022,2021-12-31,learned_order_offset,20260910,0.6484724441889236,0.6484724441889236,1,0
fixed_transform_step25,2695,2022-03-04,2022-03-14,-0.0480378799422749,2022,2021-12-31,learned_order_offset,20260910,0.6314504954417829,0.6314504954417829,1,0
fixed_transform_step25,2700,2022-03-11,2022-03-21,0.007530336734814,2022,2021-12-31,learned_order_offset,20260910,0.691194443082509,0.691194443082509,1,1
fixed_transform_step25,2705,2022-03-18,2022-03-28,-0.0353493110038457,2022,2021-12-31,learned_order_offset,20260910,0.6583803934930407,0.6583803934930407,1,0
fixed_transform_step25,2710,2022-03-25,2022-04-06,0.0314834190717003,2022,2021-12-31,learned_order_offset,20260910,0.696855601595334,0.696855601595334,1,1
fixed_transform_step25,2660,2022-01-07,2022-01-17,-0.0173453887283024,2022,2021-12-31,learned_market,20260911,0.7294539059117436,0.7294539059117436,1,0
fixed_transform_step25,2665,2022-01-14,2022-01-24,0.0053248631776616,2022,2021-12-31,learned_market,20260911,0.8407883156513567,0.8407883156513567,1,1
fixed_transform_step25,2670,2022-01-21,2022-02-07,-0.0242661876254222,2022,2021-12-31,learned_market,20260911,0.6706767764059957,0.6706767764059957,1,0
fixed_transform_step25,2675,2022-01-28,2022-02-14,-0.0127539031341488,2022,2021-12-31,learned_market,20260911,0.49396242770649035,0.49396242770649035,0,0
fixed_transform_step25,2680,2022-02-11,2022-02-21,0.0145498774954033,2022,2021-12-31,learned_market,20260911,0.6718433913580089,0.6718433913580089,1,1
fixed_transform_step25,2685,2022-02-18,2022-02-28,-0.0177161244498015,2022,2021-12-31,learned_market,20260911,0.5840107527473801,0.5840107527473801,1,0
fixed_transform_step25,2690,2022-02-25,2022-03-07,-0.0221791776043331,2022,2021-12-31,learned_market,20260911,0.59915482742086,0.59915482742086,1,0
fixed_transform_step25,2695,2022-03-04,2022-03-14,-0.0480378799422749,2022,2021-12-31,learned_market,20260911,0.64751535974218,0.64751535974218,1,0
fixed_transform_step25,2700,2022-03-11,2022-03-21,0.007530336734814,2022,2021-12-31,learned_market,20260911,0.6601858855959774,0.6601858855959774,1,1
fixed_transform_step25,2705,2022-03-18,2022-03-28,-0.0353493110038457,2022,2021-12-31,learned_market,20260911,0.5676194322684474,0.5676194322684474,1,0
fixed_transform_step25,2710,2022-03-25,2022-04-06,0.0314834190717003,2022,2021-12-31,learned_market,20260911,0.7331434681165004,0.7331434681165004,1,1
fixed_transform_step25,2660,2022-01-07,2022-01-17,-0.0173453887283024,2022,2021-12-31,learned_vol_interaction,20260911,0.7282516722944598,0.7282516722944598,1,0
fixed_transform_step25,2665,2022-01-14,2022-01-24,0.0053248631776616,2022,2021-12-31,learned_vol_interaction,20260911,0.8368717958263094,0.8368717958263094,1,1
fixed_transform_step25,2670,2022-01-21,2022-02-07,-0.0242661876254222,2022,2021-12-31,learned_vol_interaction,20260911,0.669613908132946,0.669613908132946,1,0
fixed_transform_step25,2675,2022-01-28,2022-02-14,-0.0127539031341488,2022,2021-12-31,learned_vol_interaction,20260911,0.49771804856397844,0.49771804856397844,0,0
fixed_transform_step25,2680,2022-02-11,2022-02-21,0.0145498774954033,2022,2021-12-31,learned_vol_interaction,20260911,0.6694625883349451,0.6694625883349451,1,1
fixed_transform_step25,2685,2022-02-18,2022-02-28,-0.0177161244498015,2022,2021-12-31,learned_vol_interaction,20260911,0.5867879452577756,0.5867879452577756,1,0
fixed_transform_step25,2690,2022-02-25,2022-03-07,-0.0221791776043331,2022,2021-12-31,learned_vol_interaction,20260911,0.6015705830845076,0.6015705830845076,1,0
fixed_transform_step25,2695,2022-03-04,2022-03-14,-0.0480378799422749,2022,2021-12-31,learned_vol_interaction,20260911,0.6516108393132726,0.6516108393132726,1,0
fixed_transform_step25,2700,2022-03-11,2022-03-21,0.007530336734814,2022,2021-12-31,learned_vol_interaction,20260911,0.6653311044961694,0.6653311044961694,1,1
fixed_transform_step25,2705,2022-03-18,2022-03-28,-0.0353493110038457,2022,2021-12-31,learned_vol_interaction,20260911,0.567250973729041,0.567250973729041,1,0
fixed_transform_step25,2710,2022-03-25,2022-04-06,0.0314834190717003,2022,2021-12-31,learned_vol_interaction,20260911,0.7397988804119464,0.7397988804119464,1,1
fixed_transform_step25,2660,2022-01-07,2022-01-17,-0.0173453887283024,2022,2021-12-31,learned_order_extension,20260911,0.7315565762281606,0.7315565762281606,1,0
fixed_transform_step25,2665,2022-01-14,2022-01-24,0.0053248631776616,2022,2021-12-31,learned_order_extension,20260911,0.8308708352808971,0.8308708352808971,1,1
fixed_transform_step25,2670,2022-01-21,2022-02-07,-0.0242661876254222,2022,2021-12-31,learned_order_extension,20260911,0.6953405747399578,0.6953405747399578,1,0
fixed_transform_step25,2675,2022-01-28,2022-02-14,-0.0127539031341488,2022,2021-12-31,learned_order_extension,20260911,0.47011278529334005,0.47011278529334005,0,0
fixed_transform_step25,2680,2022-02-11,2022-02-21,0.0145498774954033,2022,2021-12-31,learned_order_extension,20260911,0.6818533435255958,0.6818533435255958,1,1
fixed_transform_step25,2685,2022-02-18,2022-02-28,-0.0177161244498015,2022,2021-12-31,learned_order_extension,20260911,0.5955146443753425,0.5955146443753425,1,0
fixed_transform_step25,2690,2022-02-25,2022-03-07,-0.0221791776043331,2022,2021-12-31,learned_order_extension,20260911,0.609831009331646,0.609831009331646,1,0
fixed_transform_step25,2695,2022-03-04,2022-03-14,-0.0480378799422749,2022,2021-12-31,learned_order_extension,20260911,0.6608881864634962,0.6608881864634962,1,0
fixed_transform_step25,2700,2022-03-11,2022-03-21,0.007530336734814,2022,2021-12-31,learned_order_extension,20260911,0.667203580437131,0.667203580437131,1,1
fixed_transform_step25,2705,2022-03-18,2022-03-28,-0.0353493110038457,2022,2021-12-31,learned_order_extension,20260911,0.5665388063290007,0.5665388063290007,1,0
fixed_transform_step25,2710,2022-03-25,2022-04-06,0.0314834190717003,2022,2021-12-31,learned_order_extension,20260911,0.7315317518580224,0.7315317518580224,1,1
fixed_transform_step25,2660,2022-01-07,2022-01-17,-0.0173453887283024,2022,2021-12-31,learned_order_offset,20260911,0.7303915631000331,0.7303915631000331,1,0
fixed_transform_step25,2665,2022-01-14,2022-01-24,0.0053248631776616,2022,2021-12-31,learned_order_offset,20260911,0.8287429062191539,0.8287429062191539,1,1
fixed_transform_step25,2670,2022-01-21,2022-02-07,-0.0242661876254222,2022,2021-12-31,learned_order_offset,20260911,0.6946014374965778,0.6946014374965778,1,0
fixed_transform_step25,2675,2022-01-28,2022-02-14,-0.0127539031341488,2022,2021-12-31,learned_order_offset,20260911,0.47036190476294487,0.47036190476294487,0,0
fixed_transform_step25,2680,2022-02-11,2022-02-21,0.0145498774954033,2022,2021-12-31,learned_order_offset,20260911,0.6802368405234962,0.6802368405234962,1,1
fixed_transform_step25,2685,2022-02-18,2022-02-28,-0.0177161244498015,2022,2021-12-31,learned_order_offset,20260911,0.596796587857382,0.596796587857382,1,0
fixed_transform_step25,2690,2022-02-25,2022-03-07,-0.0221791776043331,2022,2021-12-31,learned_order_offset,20260911,0.6102898323949857,0.6102898323949857,1,0
fixed_transform_step25,2695,2022-03-04,2022-03-14,-0.0480378799422749,2022,2021-12-31,learned_order_offset,20260911,0.6602950267381666,0.6602950267381666,1,0
fixed_transform_step25,2700,2022-03-11,2022-03-21,0.007530336734814,2022,2021-12-31,learned_order_offset,20260911,0.6664417620027226,0.6664417620027226,1,1
fixed_transform_step25,2705,2022-03-18,2022-03-28,-0.0353493110038457,2022,2021-12-31,learned_order_offset,20260911,0.5665934515797131,0.5665934515797131,1,0
fixed_transform_step25,2710,2022-03-25,2022-04-06,0.0314834190717003,2022,2021-12-31,learned_order_offset,20260911,0.7312694881776368,0.7312694881776368,1,1
fixed_transform_step25,2660,2022-01-07,2022-01-17,-0.0173453887283024,2022,2021-12-31,learned_market,20260912,0.7009067848418016,0.7009067848418016,1,0
fixed_transform_step25,2665,2022-01-14,2022-01-24,0.0053248631776616,2022,2021-12-31,learned_market,20260912,0.5203651032719439,0.5203651032719439,1,1
fixed_transform_step25,2670,2022-01-21,2022-02-07,-0.0242661876254222,2022,2021-12-31,learned_market,20260912,0.7176249995689795,0.7176249995689795,1,0
fixed_transform_step25,2675,2022-01-28,2022-02-14,-0.0127539031341488,2022,2021-12-31,learned_market,20260912,0.5468589290358572,0.5468589290358572,1,0
fixed_transform_step25,2680,2022-02-11,2022-02-21,0.0145498774954033,2022,2021-12-31,learned_market,20260912,0.6301827176961465,0.6301827176961465,1,1
fixed_transform_step25,2685,2022-02-18,2022-02-28,-0.0177161244498015,2022,2021-12-31,learned_market,20260912,0.7133251277073638,0.7133251277073638,1,0
fixed_transform_step25,2690,2022-02-25,2022-03-07,-0.0221791776043331,2022,2021-12-31,learned_market,20260912,0.7021196640037924,0.7021196640037924,1,0
fixed_transform_step25,2695,2022-03-04,2022-03-14,-0.0480378799422749,2022,2021-12-31,learned_market,20260912,0.719986373445646,0.719986373445646,1,0
fixed_transform_step25,2700,2022-03-11,2022-03-21,0.007530336734814,2022,2021-12-31,learned_market,20260912,0.6467498960464059,0.6467498960464059,1,1
fixed_transform_step25,2705,2022-03-18,2022-03-28,-0.0353493110038457,2022,2021-12-31,learned_market,20260912,0.6307138428823564,0.6307138428823564,1,0
fixed_transform_step25,2710,2022-03-25,2022-04-06,0.0314834190717003,2022,2021-12-31,learned_market,20260912,0.5581715372656506,0.5581715372656506,1,1
fixed_transform_step25,2660,2022-01-07,2022-01-17,-0.0173453887283024,2022,2021-12-31,learned_vol_interaction,20260912,0.7072606777672634,0.7072606777672634,1,0
fixed_transform_step25,2665,2022-01-14,2022-01-24,0.0053248631776616,2022,2021-12-31,learned_vol_interaction,20260912,0.5232340507750105,0.5232340507750105,1,1
fixed_transform_step25,2670,2022-01-21,2022-02-07,-0.0242661876254222,2022,2021-12-31,learned_vol_interaction,20260912,0.723517227135196,0.723517227135196,1,0
fixed_transform_step25,2675,2022-01-28,2022-02-14,-0.0127539031341488,2022,2021-12-31,learned_vol_interaction,20260912,0.5573504263949657,0.5573504263949657,1,0
fixed_transform_step25,2680,2022-02-11,2022-02-21,0.0145498774954033,2022,2021-12-31,learned_vol_interaction,20260912,0.6206875889696911,0.6206875889696911,1,1
fixed_transform_step25,2685,2022-02-18,2022-02-28,-0.0177161244498015,2022,2021-12-31,learned_vol_interaction,20260912,0.7137718136904925,0.7137718136904925,1,0
fixed_transform_step25,2690,2022-02-25,2022-03-07,-0.0221791776043331,2022,2021-12-31,learned_vol_interaction,20260912,0.6900080859244496,0.6900080859244496,1,0
fixed_transform_step25,2695,2022-03-04,2022-03-14,-0.0480378799422749,2022,2021-12-31,learned_vol_interaction,20260912,0.7251850433232085,0.7251850433232085,1,0
fixed_transform_step25,2700,2022-03-11,2022-03-21,0.007530336734814,2022,2021-12-31,learned_vol_interaction,20260912,0.6323197465308961,0.6323197465308961,1,1
fixed_transform_step25,2705,2022-03-18,2022-03-28,-0.0353493110038457,2022,2021-12-31,learned_vol_interaction,20260912,0.5933343778810724,0.5933343778810724,1,0
fixed_transform_step25,2710,2022-03-25,2022-04-06,0.0314834190717003,2022,2021-12-31,learned_vol_interaction,20260912,0.5562710543563346,0.5562710543563346,1,1
fixed_transform_step25,2660,2022-01-07,2022-01-17,-0.0173453887283024,2022,2021-12-31,learned_order_extension,20260912,0.7021249449389755,0.7021249449389755,1,0
fixed_transform_step25,2665,2022-01-14,2022-01-24,0.0053248631776616,2022,2021-12-31,learned_order_extension,20260912,0.519422850065438,0.519422850065438,1,1
fixed_transform_step25,2670,2022-01-21,2022-02-07,-0.0242661876254222,2022,2021-12-31,learned_order_extension,20260912,0.7149761694840576,0.7149761694840576,1,0
fixed_transform_step25,2675,2022-01-28,2022-02-14,-0.0127539031341488,2022,2021-12-31,learned_order_extension,20260912,0.5563462821352916,0.5563462821352916,1,0
fixed_transform_step25,2680,2022-02-11,2022-02-21,0.0145498774954033,2022,2021-12-31,learned_order_extension,20260912,0.6112227291481532,0.6112227291481532,1,1
fixed_transform_step25,2685,2022-02-18,2022-02-28,-0.0177161244498015,2022,2021-12-31,learned_order_extension,20260912,0.7082710857336353,0.7082710857336353,1,0
fixed_transform_step25,2690,2022-02-25,2022-03-07,-0.0221791776043331,2022,2021-12-31,learned_order_extension,20260912,0.672646545498505,0.672646545498505,1,0
fixed_transform_step25,2695,2022-03-04,2022-03-14,-0.0480378799422749,2022,2021-12-31,learned_order_extension,20260912,0.7063888110552541,0.7063888110552541,1,0
fixed_transform_step25,2700,2022-03-11,2022-03-21,0.007530336734814,2022,2021-12-31,learned_order_extension,20260912,0.6284040084971629,0.6284040084971629,1,1
fixed_transform_step25,2705,2022-03-18,2022-03-28,-0.0353493110038457,2022,2021-12-31,learned_order_extension,20260912,0.5929220651203073,0.5929220651203073,1,0
fixed_transform_step25,2710,2022-03-25,2022-04-06,0.0314834190717003,2022,2021-12-31,learned_order_extension,20260912,0.560900893741765,0.560900893741765,1,1
fixed_transform_step25,2660,2022-01-07,2022-01-17,-0.0173453887283024,2022,2021-12-31,learned_order_offset,20260912,0.7021002597589074,0.7021002597589074,1,0
fixed_transform_step25,2665,2022-01-14,2022-01-24,0.0053248631776616,2022,2021-12-31,learned_order_offset,20260912,0.5194500670143739,0.5194500670143739,1,1
fixed_transform_step25,2670,2022-01-21,2022-02-07,-0.0242661876254222,2022,2021-12-31,learned_order_offset,20260912,0.7150659531425939,0.7150659531425939,1,0
fixed_transform_step25,2675,2022-01-28,2022-02-14,-0.0127539031341488,2022,2021-12-31,learned_order_offset,20260912,0.5563566039667686,0.5563566039667686,1,0
fixed_transform_step25,2680,2022-02-11,2022-02-21,0.0145498774954033,2022,2021-12-31,learned_order_offset,20260912,0.6110482909835675,0.6110482909835675,1,1
fixed_transform_step25,2685,2022-02-18,2022-02-28,-0.0177161244498015,2022,2021-12-31,learned_order_offset,20260912,0.7082662053268953,0.7082662053268953,1,0
fixed_transform_step25,2690,2022-02-25,2022-03-07,-0.0221791776043331,2022,2021-12-31,learned_order_offset,20260912,0.6726443299723985,0.6726443299723985,1,0
fixed_transform_step25,2695,2022-03-04,2022-03-14,-0.0480378799422749,2022,2021-12-31,learned_order_offset,20260912,0.7063540116439039,0.7063540116439039,1,0
fixed_transform_step25,2700,2022-03-11,2022-03-21,0.007530336734814,2022,2021-12-31,learned_order_offset,20260912,0.6284302090313957,0.6284302090313957,1,1
fixed_transform_step25,2705,2022-03-18,2022-03-28,-0.0353493110038457,2022,2021-12-31,learned_order_offset,20260912,0.5930408007656572,0.5930408007656572,1,0
fixed_transform_step25,2710,2022-03-25,2022-04-06,0.0314834190717003,2022,2021-12-31,learned_order_offset,20260912,0.5609837979969954,0.5609837979969954,1,1
fixed_transform_step25,2715,2022-04-01,2022-04-12,-0.0129237372705649,2022,2022-03-31,learned_market,20260910,0.6907922900905349,0.6907922900905349,1,0
fixed_transform_step25,2718,2022-04-08,2022-04-18,-0.0120986062576864,2022,2022-03-31,learned_market,20260910,0.697131625113709,0.697131625113709,1,0
fixed_transform_step25,2723,2022-04-15,2022-04-25,-0.0528494340140576,2022,2022-03-31,learned_market,20260910,0.6737593380637227,0.6737593380637227,1,0
fixed_transform_step25,2728,2022-04-22,2022-05-05,0.015736821365468,2022,2022-03-31,learned_market,20260910,0.6455048617530823,0.6455048617530823,1,1
fixed_transform_step25,2733,2022-04-29,2022-05-11,-0.0278824133054675,2022,2022-03-31,learned_market,20260910,0.6252682839011512,0.6252682839011512,1,0
fixed_transform_step25,2735,2022-05-06,2022-05-16,0.033741423035827,2022,2022-03-31,learned_market,20260910,0.6418350911219417,0.6418350911219417,1,1
fixed_transform_step25,2740,2022-05-13,2022-05-23,0.0164308841843088,2022,2022-03-31,learned_market,20260910,0.631862126264935,0.631862126264935,1,1
fixed_transform_step25,2745,2022-05-20,2022-05-30,-0.0147293413085614,2022,2022-03-31,learned_market,20260910,0.5746605458837049,0.5746605458837049,1,0
fixed_transform_step25,2750,2022-05-27,2022-06-13,0.0431748431927498,2022,2022-03-31,learned_market,20260910,0.507131914925772,0.507131914925772,1,1
fixed_transform_step25,2759,2022-06-10,2022-06-20,0.0306046547112142,2022,2022-03-31,learned_market,20260910,0.5313867720779779,0.5313867720779779,1,1
fixed_transform_step25,2764,2022-06-17,2022-06-27,0.0211666894141107,2022,2022-03-31,learned_market,20260910,0.47693919548753344,0.47693919548753344,0,1
fixed_transform_step25,2769,2022-06-24,2022-07-04,0.0074507343130214,2022,2022-03-31,learned_market,20260910,0.47676891936436877,0.47676891936436877,0,1
fixed_transform_step25,2715,2022-04-01,2022-04-12,-0.0129237372705649,2022,2022-03-31,learned_vol_interaction,20260910,0.6677871338987438,0.6677871338987438,1,0
fixed_transform_step25,2718,2022-04-08,2022-04-18,-0.0120986062576864,2022,2022-03-31,learned_vol_interaction,20260910,0.6810266959720255,0.6810266959720255,1,0
fixed_transform_step25,2723,2022-04-15,2022-04-25,-0.0528494340140576,2022,2022-03-31,learned_vol_interaction,20260910,0.670646085761287,0.670646085761287,1,0
fixed_transform_step25,2728,2022-04-22,2022-05-05,0.015736821365468,2022,2022-03-31,learned_vol_interaction,20260910,0.6443043756645394,0.6443043756645394,1,1
fixed_transform_step25,2733,2022-04-29,2022-05-11,-0.0278824133054675,2022,2022-03-31,learned_vol_interaction,20260910,0.6135602366994896,0.6135602366994896,1,0
fixed_transform_step25,2735,2022-05-06,2022-05-16,0.033741423035827,2022,2022-03-31,learned_vol_interaction,20260910,0.6296744114950662,0.6296744114950662,1,1
fixed_transform_step25,2740,2022-05-13,2022-05-23,0.0164308841843088,2022,2022-03-31,learned_vol_interaction,20260910,0.6254663834781735,0.6254663834781735,1,1
fixed_transform_step25,2745,2022-05-20,2022-05-30,-0.0147293413085614,2022,2022-03-31,learned_vol_interaction,20260910,0.5679056955059053,0.5679056955059053,1,0
fixed_transform_step25,2750,2022-05-27,2022-06-13,0.0431748431927498,2022,2022-03-31,learned_vol_interaction,20260910,0.5104389698128973,0.5104389698128973,1,1
fixed_transform_step25,2759,2022-06-10,2022-06-20,0.0306046547112142,2022,2022-03-31,learned_vol_interaction,20260910,0.53231246327811,0.53231246327811,1,1
fixed_transform_step25,2764,2022-06-17,2022-06-27,0.0211666894141107,2022,2022-03-31,learned_vol_interaction,20260910,0.47821263562223143,0.47821263562223143,0,1
fixed_transform_step25,2769,2022-06-24,2022-07-04,0.0074507343130214,2022,2022-03-31,learned_vol_interaction,20260910,0.473059320434497,0.473059320434497,0,1
fixed_transform_step25,2715,2022-04-01,2022-04-12,-0.0129237372705649,2022,2022-03-31,learned_order_extension,20260910,0.6709050844378923,0.6709050844378923,1,0
fixed_transform_step25,2718,2022-04-08,2022-04-18,-0.0120986062576864,2022,2022-03-31,learned_order_extension,20260910,0.6744653918592661,0.6744653918592661,1,0
fixed_transform_step25,2723,2022-04-15,2022-04-25,-0.0528494340140576,2022,2022-03-31,learned_order_extension,20260910,0.6550925459100176,0.6550925459100176,1,0
fixed_transform_step25,2728,2022-04-22,2022-05-05,0.015736821365468,2022,2022-03-31,learned_order_extension,20260910,0.6326967734281193,0.6326967734281193,1,1
fixed_transform_step25,2733,2022-04-29,2022-05-11,-0.0278824133054675,2022,2022-03-31,learned_order_extension,20260910,0.6264398509167072,0.6264398509167072,1,0
fixed_transform_step25,2735,2022-05-06,2022-05-16,0.033741423035827,2022,2022-03-31,learned_order_extension,20260910,0.6509250656100413,0.6509250656100413,1,1
fixed_transform_step25,2740,2022-05-13,2022-05-23,0.0164308841843088,2022,2022-03-31,learned_order_extension,20260910,0.6448041074038109,0.6448041074038109,1,1
fixed_transform_step25,2745,2022-05-20,2022-05-30,-0.0147293413085614,2022,2022-03-31,learned_order_extension,20260910,0.577934700138369,0.577934700138369,1,0
fixed_transform_step25,2750,2022-05-27,2022-06-13,0.0431748431927498,2022,2022-03-31,learned_order_extension,20260910,0.4960032272438805,0.4960032272438805,0,1
fixed_transform_step25,2759,2022-06-10,2022-06-20,0.0306046547112142,2022,2022-03-31,learned_order_extension,20260910,0.5236503486769855,0.5236503486769855,1,1
fixed_transform_step25,2764,2022-06-17,2022-06-27,0.0211666894141107,2022,2022-03-31,learned_order_extension,20260910,0.48279623175063835,0.48279623175063835,0,1
fixed_transform_step25,2769,2022-06-24,2022-07-04,0.0074507343130214,2022,2022-03-31,learned_order_extension,20260910,0.4837554191124229,0.4837554191124229,0,1
fixed_transform_step25,2715,2022-04-01,2022-04-12,-0.0129237372705649,2022,2022-03-31,learned_order_offset,20260910,0.6680738507199195,0.6680738507199195,1,0
fixed_transform_step25,2718,2022-04-08,2022-04-18,-0.0120986062576864,2022,2022-03-31,learned_order_offset,20260910,0.6721419326635379,0.6721419326635379,1,0
fixed_transform_step25,2723,2022-04-15,2022-04-25,-0.0528494340140576,2022,2022-03-31,learned_order_offset,20260910,0.6528195871728552,0.6528195871728552,1,0
fixed_transform_step25,2728,2022-04-22,2022-05-05,0.015736821365468,2022,2022-03-31,learned_order_offset,20260910,0.6314993807945944,0.6314993807945944,1,1
fixed_transform_step25,2733,2022-04-29,2022-05-11,-0.0278824133054675,2022,2022-03-31,learned_order_offset,20260910,0.6246955685027995,0.6246955685027995,1,0
fixed_transform_step25,2735,2022-05-06,2022-05-16,0.033741423035827,2022,2022-03-31,learned_order_offset,20260910,0.649111313561912,0.649111313561912,1,1
fixed_transform_step25,2740,2022-05-13,2022-05-23,0.0164308841843088,2022,2022-03-31,learned_order_offset,20260910,0.643267667571317,0.643267667571317,1,1
fixed_transform_step25,2745,2022-05-20,2022-05-30,-0.0147293413085614,2022,2022-03-31,learned_order_offset,20260910,0.5767221749055403,0.5767221749055403,1,0
fixed_transform_step25,2750,2022-05-27,2022-06-13,0.0431748431927498,2022,2022-03-31,learned_order_offset,20260910,0.49507712030447526,0.49507712030447526,0,1
fixed_transform_step25,2759,2022-06-10,2022-06-20,0.0306046547112142,2022,2022-03-31,learned_order_offset,20260910,0.5238710984510118,0.5238710984510118,1,1
fixed_transform_step25,2764,2022-06-17,2022-06-27,0.0211666894141107,2022,2022-03-31,learned_order_offset,20260910,0.48238996825932334,0.48238996825932334,0,1
fixed_transform_step25,2769,2022-06-24,2022-07-04,0.0074507343130214,2022,2022-03-31,learned_order_offset,20260910,0.483432216153891,0.483432216153891,0,1
fixed_transform_step25,2715,2022-04-01,2022-04-12,-0.0129237372705649,2022,2022-03-31,learned_market,20260911,0.7162077417399179,0.7162077417399179,1,0
fixed_transform_step25,2718,2022-04-08,2022-04-18,-0.0120986062576864,2022,2022-03-31,learned_market,20260911,0.5984019417397722,0.5984019417397722,1,0
fixed_transform_step25,2723,2022-04-15,2022-04-25,-0.0528494340140576,2022,2022-03-31,learned_market,20260911,0.7674026997631601,0.7674026997631601,1,0
fixed_transform_step25,2728,2022-04-22,2022-05-05,0.015736821365468,2022,2022-03-31,learned_market,20260911,0.7240521457807778,0.7240521457807778,1,1
fixed_transform_step25,2733,2022-04-29,2022-05-11,-0.0278824133054675,2022,2022-03-31,learned_market,20260911,0.516564326016423,0.516564326016423,1,0
fixed_transform_step25,2735,2022-05-06,2022-05-16,0.033741423035827,2022,2022-03-31,learned_market,20260911,0.40848194706999974,0.40848194706999974,0,1
fixed_transform_step25,2740,2022-05-13,2022-05-23,0.0164308841843088,2022,2022-03-31,learned_market,20260911,0.5075535611250386,0.5075535611250386,1,1
fixed_transform_step25,2745,2022-05-20,2022-05-30,-0.0147293413085614,2022,2022-03-31,learned_market,20260911,0.5555085393925757,0.5555085393925757,1,0
fixed_transform_step25,2750,2022-05-27,2022-06-13,0.0431748431927498,2022,2022-03-31,learned_market,20260911,0.5965247820708198,0.5965247820708198,1,1
fixed_transform_step25,2759,2022-06-10,2022-06-20,0.0306046547112142,2022,2022-03-31,learned_market,20260911,0.33025565082185715,0.33025565082185715,0,1
fixed_transform_step25,2764,2022-06-17,2022-06-27,0.0211666894141107,2022,2022-03-31,learned_market,20260911,0.3562167820190173,0.3562167820190173,0,1
fixed_transform_step25,2769,2022-06-24,2022-07-04,0.0074507343130214,2022,2022-03-31,learned_market,20260911,0.4619580155403028,0.4619580155403028,0,1
fixed_transform_step25,2715,2022-04-01,2022-04-12,-0.0129237372705649,2022,2022-03-31,learned_vol_interaction,20260911,0.7298266661503418,0.7298266661503418,1,0
fixed_transform_step25,2718,2022-04-08,2022-04-18,-0.0120986062576864,2022,2022-03-31,learned_vol_interaction,20260911,0.5931573499376261,0.5931573499376261,1,0
fixed_transform_step25,2723,2022-04-15,2022-04-25,-0.0528494340140576,2022,2022-03-31,learned_vol_interaction,20260911,0.772518791313504,0.772518791313504,1,0
fixed_transform_step25,2728,2022-04-22,2022-05-05,0.015736821365468,2022,2022-03-31,learned_vol_interaction,20260911,0.7315320171324191,0.7315320171324191,1,1
fixed_transform_step25,2733,2022-04-29,2022-05-11,-0.0278824133054675,2022,2022-03-31,learned_vol_interaction,20260911,0.5112032605566532,0.5112032605566532,1,0
fixed_transform_step25,2735,2022-05-06,2022-05-16,0.033741423035827,2022,2022-03-31,learned_vol_interaction,20260911,0.3876174644763481,0.3876174644763481,0,1
fixed_transform_step25,2740,2022-05-13,2022-05-23,0.0164308841843088,2022,2022-03-31,learned_vol_interaction,20260911,0.4931513013845718,0.4931513013845718,0,1
fixed_transform_step25,2745,2022-05-20,2022-05-30,-0.0147293413085614,2022,2022-03-31,learned_vol_interaction,20260911,0.5546720079562344,0.5546720079562344,1,0
fixed_transform_step25,2750,2022-05-27,2022-06-13,0.0431748431927498,2022,2022-03-31,learned_vol_interaction,20260911,0.5998605314169921,0.5998605314169921,1,1
fixed_transform_step25,2759,2022-06-10,2022-06-20,0.0306046547112142,2022,2022-03-31,learned_vol_interaction,20260911,0.3317432486666444,0.3317432486666444,0,1
fixed_transform_step25,2764,2022-06-17,2022-06-27,0.0211666894141107,2022,2022-03-31,learned_vol_interaction,20260911,0.36098163703197284,0.36098163703197284,0,1
fixed_transform_step25,2769,2022-06-24,2022-07-04,0.0074507343130214,2022,2022-03-31,learned_vol_interaction,20260911,0.46902182108832896,0.46902182108832896,0,1
fixed_transform_step25,2715,2022-04-01,2022-04-12,-0.0129237372705649,2022,2022-03-31,learned_order_extension,20260911,0.7190087503032371,0.7190087503032371,1,0
fixed_transform_step25,2718,2022-04-08,2022-04-18,-0.0120986062576864,2022,2022-03-31,learned_order_extension,20260911,0.569333170004682,0.569333170004682,1,0
fixed_transform_step25,2723,2022-04-15,2022-04-25,-0.0528494340140576,2022,2022-03-31,learned_order_extension,20260911,0.7791081884765495,0.7791081884765495,1,0
fixed_transform_step25,2728,2022-04-22,2022-05-05,0.015736821365468,2022,2022-03-31,learned_order_extension,20260911,0.7347786854367956,0.7347786854367956,1,1
fixed_transform_step25,2733,2022-04-29,2022-05-11,-0.0278824133054675,2022,2022-03-31,learned_order_extension,20260911,0.5114679946267744,0.5114679946267744,1,0
fixed_transform_step25,2735,2022-05-06,2022-05-16,0.033741423035827,2022,2022-03-31,learned_order_extension,20260911,0.3949838670588928,0.3949838670588928,0,1
fixed_transform_step25,2740,2022-05-13,2022-05-23,0.0164308841843088,2022,2022-03-31,learned_order_extension,20260911,0.4894280025684242,0.4894280025684242,0,1
fixed_transform_step25,2745,2022-05-20,2022-05-30,-0.0147293413085614,2022,2022-03-31,learned_order_extension,20260911,0.5467518105398385,0.5467518105398385,1,0
fixed_transform_step25,2750,2022-05-27,2022-06-13,0.0431748431927498,2022,2022-03-31,learned_order_extension,20260911,0.6007313027005545,0.6007313027005545,1,1
fixed_transform_step25,2759,2022-06-10,2022-06-20,0.0306046547112142,2022,2022-03-31,learned_order_extension,20260911,0.3218284662492141,0.3218284662492141,0,1
fixed_transform_step25,2764,2022-06-17,2022-06-27,0.0211666894141107,2022,2022-03-31,learned_order_extension,20260911,0.33714374639399763,0.33714374639399763,0,1
fixed_transform_step25,2769,2022-06-24,2022-07-04,0.0074507343130214,2022,2022-03-31,learned_order_extension,20260911,0.46050093202762826,0.46050093202762826,0,1
fixed_transform_step25,2715,2022-04-01,2022-04-12,-0.0129237372705649,2022,2022-03-31,learned_order_offset,20260911,0.7195300064822667,0.7195300064822667,1,0
fixed_transform_step25,2718,2022-04-08,2022-04-18,-0.0120986062576864,2022,2022-03-31,learned_order_offset,20260911,0.568059626212558,0.568059626212558,1,0
fixed_transform_step25,2723,2022-04-15,2022-04-25,-0.0528494340140576,2022,2022-03-31,learned_order_offset,20260911,0.7778789149755242,0.7778789149755242,1,0
fixed_transform_step25,2728,2022-04-22,2022-05-05,0.015736821365468,2022,2022-03-31,learned_order_offset,20260911,0.7343756276581891,0.7343756276581891,1,1
fixed_transform_step25,2733,2022-04-29,2022-05-11,-0.0278824133054675,2022,2022-03-31,learned_order_offset,20260911,0.5101369121676184,0.5101369121676184,1,0
fixed_transform_step25,2735,2022-05-06,2022-05-16,0.033741423035827,2022,2022-03-31,learned_order_offset,20260911,0.39203388186292176,0.39203388186292176,0,1
fixed_transform_step25,2740,2022-05-13,2022-05-23,0.0164308841843088,2022,2022-03-31,learned_order_offset,20260911,0.48645820649036275,0.48645820649036275,0,1
fixed_transform_step25,2745,2022-05-20,2022-05-30,-0.0147293413085614,2022,2022-03-31,learned_order_offset,20260911,0.545975858125602,0.545975858125602,1,0
fixed_transform_step25,2750,2022-05-27,2022-06-13,0.0431748431927498,2022,2022-03-31,learned_order_offset,20260911,0.6002663380890653,0.6002663380890653,1,1
fixed_transform_step25,2759,2022-06-10,2022-06-20,0.0306046547112142,2022,2022-03-31,learned_order_offset,20260911,0.32263344775759617,0.32263344775759617,0,1
fixed_transform_step25,2764,2022-06-17,2022-06-27,0.0211666894141107,2022,2022-03-31,learned_order_offset,20260911,0.3383404040469348,0.3383404040469348,0,1
fixed_transform_step25,2769,2022-06-24,2022-07-04,0.0074507343130214,2022,2022-03-31,learned_order_offset,20260911,0.4610572324814078,0.4610572324814078,0,1
fixed_transform_step25,2715,2022-04-01,2022-04-12,-0.0129237372705649,2022,2022-03-31,learned_market,20260912,0.5809081519398384,0.5809081519398384,1,0
fixed_transform_step25,2718,2022-04-08,2022-04-18,-0.0120986062576864,2022,2022-03-31,learned_market,20260912,0.5629644927968593,0.5629644927968593,1,0
fixed_transform_step25,2723,2022-04-15,2022-04-25,-0.0528494340140576,2022,2022-03-31,learned_market,20260912,0.5699473795355996,0.5699473795355996,1,0
fixed_transform_step25,2728,2022-04-22,2022-05-05,0.015736821365468,2022,2022-03-31,learned_market,20260912,0.49924064785836636,0.49924064785836636,0,1
fixed_transform_step25,2733,2022-04-29,2022-05-11,-0.0278824133054675,2022,2022-03-31,learned_market,20260912,0.35911839302766657,0.35911839302766657,0,0
fixed_transform_step25,2735,2022-05-06,2022-05-16,0.033741423035827,2022,2022-03-31,learned_market,20260912,0.43384747612000457,0.43384747612000457,0,1
fixed_transform_step25,2740,2022-05-13,2022-05-23,0.0164308841843088,2022,2022-03-31,learned_market,20260912,0.4427787241449732,0.4427787241449732,0,1
fixed_transform_step25,2745,2022-05-20,2022-05-30,-0.0147293413085614,2022,2022-03-31,learned_market,20260912,0.4716264763950563,0.4716264763950563,0,0
fixed_transform_step25,2750,2022-05-27,2022-06-13,0.0431748431927498,2022,2022-03-31,learned_market,20260912,0.4543592319423501,0.4543592319423501,0,1
fixed_transform_step25,2759,2022-06-10,2022-06-20,0.0306046547112142,2022,2022-03-31,learned_market,20260912,0.35294066624379944,0.35294066624379944,0,1
fixed_transform_step25,2764,2022-06-17,2022-06-27,0.0211666894141107,2022,2022-03-31,learned_market,20260912,0.3294119570934088,0.3294119570934088,0,1
fixed_transform_step25,2769,2022-06-24,2022-07-04,0.0074507343130214,2022,2022-03-31,learned_market,20260912,0.40902610690532004,0.40902610690532004,0,1
fixed_transform_step25,2715,2022-04-01,2022-04-12,-0.0129237372705649,2022,2022-03-31,learned_vol_interaction,20260912,0.5582640191891057,0.5582640191891057,1,0
fixed_transform_step25,2718,2022-04-08,2022-04-18,-0.0120986062576864,2022,2022-03-31,learned_vol_interaction,20260912,0.5611698797772303,0.5611698797772303,1,0
fixed_transform_step25,2723,2022-04-15,2022-04-25,-0.0528494340140576,2022,2022-03-31,learned_vol_interaction,20260912,0.5672107775884868,0.5672107775884868,1,0
fixed_transform_step25,2728,2022-04-22,2022-05-05,0.015736821365468,2022,2022-03-31,learned_vol_interaction,20260912,0.5064148111839636,0.5064148111839636,1,1
fixed_transform_step25,2733,2022-04-29,2022-05-11,-0.0278824133054675,2022,2022-03-31,learned_vol_interaction,20260912,0.40086791910125,0.40086791910125,0,0
fixed_transform_step25,2735,2022-05-06,2022-05-16,0.033741423035827,2022,2022-03-31,learned_vol_interaction,20260912,0.47212850508657483,0.47212850508657483,0,1
fixed_transform_step25,2740,2022-05-13,2022-05-23,0.0164308841843088,2022,2022-03-31,learned_vol_interaction,20260912,0.4686263711288139,0.4686263711288139,0,1
fixed_transform_step25,2745,2022-05-20,2022-05-30,-0.0147293413085614,2022,2022-03-31,learned_vol_interaction,20260912,0.47961954015991787,0.47961954015991787,0,0
fixed_transform_step25,2750,2022-05-27,2022-06-13,0.0431748431927498,2022,2022-03-31,learned_vol_interaction,20260912,0.4565875215597398,0.4565875215597398,0,1
fixed_transform_step25,2759,2022-06-10,2022-06-20,0.0306046547112142,2022,2022-03-31,learned_vol_interaction,20260912,0.33275523681973207,0.33275523681973207,0,1
fixed_transform_step25,2764,2022-06-17,2022-06-27,0.0211666894141107,2022,2022-03-31,learned_vol_interaction,20260912,0.3065459323465622,0.3065459323465622,0,1
fixed_transform_step25,2769,2022-06-24,2022-07-04,0.0074507343130214,2022,2022-03-31,learned_vol_interaction,20260912,0.3854965591187649,0.3854965591187649,0,1
fixed_transform_step25,2715,2022-04-01,2022-04-12,-0.0129237372705649,2022,2022-03-31,learned_order_extension,20260912,0.5647243451699386,0.5647243451699386,1,0
fixed_transform_step25,2718,2022-04-08,2022-04-18,-0.0120986062576864,2022,2022-03-31,learned_order_extension,20260912,0.5673726699323172,0.5673726699323172,1,0
fixed_transform_step25,2723,2022-04-15,2022-04-25,-0.0528494340140576,2022,2022-03-31,learned_order_extension,20260912,0.5705827014363416,0.5705827014363416,1,0
fixed_transform_step25,2728,2022-04-22,2022-05-05,0.015736821365468,2022,2022-03-31,learned_order_extension,20260912,0.515946609287893,0.515946609287893,1,1
fixed_transform_step25,2733,2022-04-29,2022-05-11,-0.0278824133054675,2022,2022-03-31,learned_order_extension,20260912,0.39756518415436437,0.39756518415436437,0,0
fixed_transform_step25,2735,2022-05-06,2022-05-16,0.033741423035827,2022,2022-03-31,learned_order_extension,20260912,0.4707711388982929,0.4707711388982929,0,1
fixed_transform_step25,2740,2022-05-13,2022-05-23,0.0164308841843088,2022,2022-03-31,learned_order_extension,20260912,0.4648600933755418,0.4648600933755418,0,1
fixed_transform_step25,2745,2022-05-20,2022-05-30,-0.0147293413085614,2022,2022-03-31,learned_order_extension,20260912,0.4844961419776149,0.4844961419776149,0,0
fixed_transform_step25,2750,2022-05-27,2022-06-13,0.0431748431927498,2022,2022-03-31,learned_order_extension,20260912,0.45756634312255534,0.45756634312255534,0,1
fixed_transform_step25,2759,2022-06-10,2022-06-20,0.0306046547112142,2022,2022-03-31,learned_order_extension,20260912,0.34437407265900927,0.34437407265900927,0,1
fixed_transform_step25,2764,2022-06-17,2022-06-27,0.0211666894141107,2022,2022-03-31,learned_order_extension,20260912,0.3374736812207591,0.3374736812207591,0,1
fixed_transform_step25,2769,2022-06-24,2022-07-04,0.0074507343130214,2022,2022-03-31,learned_order_extension,20260912,0.4022124013789623,0.4022124013789623,0,1
fixed_transform_step25,2715,2022-04-01,2022-04-12,-0.0129237372705649,2022,2022-03-31,learned_order_offset,20260912,0.5627540495233396,0.5627540495233396,1,0
fixed_transform_step25,2718,2022-04-08,2022-04-18,-0.0120986062576864,2022,2022-03-31,learned_order_offset,20260912,0.5660454048386713,0.5660454048386713,1,0
fixed_transform_step25,2723,2022-04-15,2022-04-25,-0.0528494340140576,2022,2022-03-31,learned_order_offset,20260912,0.5695415752137997,0.5695415752137997,1,0
fixed_transform_step25,2728,2022-04-22,2022-05-05,0.015736821365468,2022,2022-03-31,learned_order_offset,20260912,0.5148423077800052,0.5148423077800052,1,1
fixed_transform_step25,2733,2022-04-29,2022-05-11,-0.0278824133054675,2022,2022-03-31,learned_order_offset,20260912,0.3970761426129771,0.3970761426129771,0,0
fixed_transform_step25,2735,2022-05-06,2022-05-16,0.033741423035827,2022,2022-03-31,learned_order_offset,20260912,0.4700561636896822,0.4700561636896822,0,1
fixed_transform_step25,2740,2022-05-13,2022-05-23,0.0164308841843088,2022,2022-03-31,learned_order_offset,20260912,0.46455653729972535,0.46455653729972535,0,1
fixed_transform_step25,2745,2022-05-20,2022-05-30,-0.0147293413085614,2022,2022-03-31,learned_order_offset,20260912,0.484081564257308,0.484081564257308,0,0
fixed_transform_step25,2750,2022-05-27,2022-06-13,0.0431748431927498,2022,2022-03-31,learned_order_offset,20260912,0.4573069773238961,0.4573069773238961,0,1
fixed_transform_step25,2759,2022-06-10,2022-06-20,0.0306046547112142,2022,2022-03-31,learned_order_offset,20260912,0.3445383351238721,0.3445383351238721,0,1
fixed_transform_step25,2764,2022-06-17,2022-06-27,0.0211666894141107,2022,2022-03-31,learned_order_offset,20260912,0.33748894968920046,0.33748894968920046,0,1
fixed_transform_step25,2769,2022-06-24,2022-07-04,0.0074507343130214,2022,2022-03-31,learned_order_offset,20260912,0.4020016427842559,0.4020016427842559,0,1
fixed_transform_step25,2774,2022-07-01,2022-07-11,-0.0092349827532707,2022,2022-06-30,learned_market,20260910,0.5745484281757657,0.5745484281757657,1,0
fixed_transform_step25,2779,2022-07-08,2022-07-18,-0.0326815927737367,2022,2022-06-30,learned_market,20260910,0.5345879008661595,0.5345879008661595,1,0
fixed_transform_step25,2784,2022-07-15,2022-07-25,-0.0066210715249344,2022,2022-06-30,learned_market,20260910,0.4899871802013275,0.4899871802013275,0,0
fixed_transform_step25,2789,2022-07-22,2022-08-01,-0.0173077967751003,2022,2022-06-30,learned_market,20260910,0.5716931683425736,0.5716931683425736,1,0
fixed_transform_step25,2794,2022-07-29,2022-08-08,-0.004456034513838,2022,2022-06-30,learned_market,20260910,0.7307932853608018,0.7307932853608018,1,0
fixed_transform_step25,2799,2022-08-05,2022-08-15,0.0091475117753996,2022,2022-06-30,learned_market,20260910,0.6629816060948105,0.6629816060948105,1,1
fixed_transform_step25,2804,2022-08-12,2022-08-22,-0.0107272727272728,2022,2022-06-30,learned_market,20260910,0.6565817643106162,0.6565817643106162,1,0
fixed_transform_step25,2809,2022-08-19,2022-08-29,-0.0172375434082356,2022,2022-06-30,learned_market,20260910,0.669342281871442,0.669342281871442,1,0
fixed_transform_step25,2814,2022-08-26,2022-09-05,-0.0131573766941938,2022,2022-06-30,learned_market,20260910,0.622125920458533,0.622125920458533,1,0
fixed_transform_step25,2819,2022-09-02,2022-09-13,0.0253340680878015,2022,2022-06-30,learned_market,20260910,0.5905160533351891,0.5905160533351891,1,1
fixed_transform_step25,2824,2022-09-09,2022-09-19,-0.044647264962877,2022,2022-06-30,learned_market,20260910,0.7372398447151723,0.7372398447151723,1,0
fixed_transform_step25,2828,2022-09-16,2022-09-26,-0.025155151434928,2022,2022-06-30,learned_market,20260910,0.5595939837325317,0.5595939837325317,1,0
fixed_transform_step25,2833,2022-09-23,2022-10-10,-0.0060162941299352,2022,2022-06-30,learned_market,20260910,0.7105352632811651,0.7105352632811651,1,0
fixed_transform_step25,2838,2022-09-30,2022-10-17,0.0041192047412885,2022,2022-06-30,learned_market,20260910,0.5462271420594378,0.5462271420594378,1,1
fixed_transform_step25,2774,2022-07-01,2022-07-11,-0.0092349827532707,2022,2022-06-30,learned_vol_interaction,20260910,0.571272703519971,0.571272703519971,1,0
fixed_transform_step25,2779,2022-07-08,2022-07-18,-0.0326815927737367,2022,2022-06-30,learned_vol_interaction,20260910,0.5281212292377813,0.5281212292377813,1,0
fixed_transform_step25,2784,2022-07-15,2022-07-25,-0.0066210715249344,2022,2022-06-30,learned_vol_interaction,20260910,0.4863817438899739,0.4863817438899739,0,0
fixed_transform_step25,2789,2022-07-22,2022-08-01,-0.0173077967751003,2022,2022-06-30,learned_vol_interaction,20260910,0.5729824238319906,0.5729824238319906,1,0
fixed_transform_step25,2794,2022-07-29,2022-08-08,-0.004456034513838,2022,2022-06-30,learned_vol_interaction,20260910,0.7286299218183415,0.7286299218183415,1,0
fixed_transform_step25,2799,2022-08-05,2022-08-15,0.0091475117753996,2022,2022-06-30,learned_vol_interaction,20260910,0.6715771528873866,0.6715771528873866,1,1
fixed_transform_step25,2804,2022-08-12,2022-08-22,-0.0107272727272728,2022,2022-06-30,learned_vol_interaction,20260910,0.6662143708859055,0.6662143708859055,1,0
fixed_transform_step25,2809,2022-08-19,2022-08-29,-0.0172375434082356,2022,2022-06-30,learned_vol_interaction,20260910,0.6631694331837754,0.6631694331837754,1,0
fixed_transform_step25,2814,2022-08-26,2022-09-05,-0.0131573766941938,2022,2022-06-30,learned_vol_interaction,20260910,0.6240994900542683,0.6240994900542683,1,0
fixed_transform_step25,2819,2022-09-02,2022-09-13,0.0253340680878015,2022,2022-06-30,learned_vol_interaction,20260910,0.5961267491363607,0.5961267491363607,1,1
fixed_transform_step25,2824,2022-09-09,2022-09-19,-0.044647264962877,2022,2022-06-30,learned_vol_interaction,20260910,0.7482710226079909,0.7482710226079909,1,0
fixed_transform_step25,2828,2022-09-16,2022-09-26,-0.025155151434928,2022,2022-06-30,learned_vol_interaction,20260910,0.5690086866638072,0.5690086866638072,1,0
fixed_transform_step25,2833,2022-09-23,2022-10-10,-0.0060162941299352,2022,2022-06-30,learned_vol_interaction,20260910,0.7203790818148235,0.7203790818148235,1,0
fixed_transform_step25,2838,2022-09-30,2022-10-17,0.0041192047412885,2022,2022-06-30,learned_vol_interaction,20260910,0.553299407983078,0.553299407983078,1,1
fixed_transform_step25,2774,2022-07-01,2022-07-11,-0.0092349827532707,2022,2022-06-30,learned_order_extension,20260910,0.5632991261178334,0.5632991261178334,1,0
fixed_transform_step25,2779,2022-07-08,2022-07-18,-0.0326815927737367,2022,2022-06-30,learned_order_extension,20260910,0.5421404100706224,0.5421404100706224,1,0
fixed_transform_step25,2784,2022-07-15,2022-07-25,-0.0066210715249344,2022,2022-06-30,learned_order_extension,20260910,0.49419741199472883,0.49419741199472883,0,0
fixed_transform_step25,2789,2022-07-22,2022-08-01,-0.0173077967751003,2022,2022-06-30,learned_order_extension,20260910,0.5705184283566298,0.5705184283566298,1,0
fixed_transform_step25,2794,2022-07-29,2022-08-08,-0.004456034513838,2022,2022-06-30,learned_order_extension,20260910,0.642508697073388,0.642508697073388,1,0
fixed_transform_step25,2799,2022-08-05,2022-08-15,0.0091475117753996,2022,2022-06-30,learned_order_extension,20260910,0.6157461149727149,0.6157461149727149,1,1
fixed_transform_step25,2804,2022-08-12,2022-08-22,-0.0107272727272728,2022,2022-06-30,learned_order_extension,20260910,0.6222963579011922,0.6222963579011922,1,0
fixed_transform_step25,2809,2022-08-19,2022-08-29,-0.0172375434082356,2022,2022-06-30,learned_order_extension,20260910,0.5914947718168533,0.5914947718168533,1,0
fixed_transform_step25,2814,2022-08-26,2022-09-05,-0.0131573766941938,2022,2022-06-30,learned_order_extension,20260910,0.5915914782477246,0.5915914782477246,1,0
fixed_transform_step25,2819,2022-09-02,2022-09-13,0.0253340680878015,2022,2022-06-30,learned_order_extension,20260910,0.5718972971256592,0.5718972971256592,1,1
fixed_transform_step25,2824,2022-09-09,2022-09-19,-0.044647264962877,2022,2022-06-30,learned_order_extension,20260910,0.6076157343612825,0.6076157343612825,1,0
fixed_transform_step25,2828,2022-09-16,2022-09-26,-0.025155151434928,2022,2022-06-30,learned_order_extension,20260910,0.5595994331454215,0.5595994331454215,1,0
fixed_transform_step25,2833,2022-09-23,2022-10-10,-0.0060162941299352,2022,2022-06-30,learned_order_extension,20260910,0.6291624357572001,0.6291624357572001,1,0
fixed_transform_step25,2838,2022-09-30,2022-10-17,0.0041192047412885,2022,2022-06-30,learned_order_extension,20260910,0.5611241274515496,0.5611241274515496,1,1
fixed_transform_step25,2774,2022-07-01,2022-07-11,-0.0092349827532707,2022,2022-06-30,learned_order_offset,20260910,0.5638010512472853,0.5638010512472853,1,0
fixed_transform_step25,2779,2022-07-08,2022-07-18,-0.0326815927737367,2022,2022-06-30,learned_order_offset,20260910,0.542199134213009,0.542199134213009,1,0
fixed_transform_step25,2784,2022-07-15,2022-07-25,-0.0066210715249344,2022,2022-06-30,learned_order_offset,20260910,0.4932222135544785,0.4932222135544785,0,0
fixed_transform_step25,2789,2022-07-22,2022-08-01,-0.0173077967751003,2022,2022-06-30,learned_order_offset,20260910,0.5694564255939395,0.5694564255939395,1,0
fixed_transform_step25,2794,2022-07-29,2022-08-08,-0.004456034513838,2022,2022-06-30,learned_order_offset,20260910,0.641758454720321,0.641758454720321,1,0
fixed_transform_step25,2799,2022-08-05,2022-08-15,0.0091475117753996,2022,2022-06-30,learned_order_offset,20260910,0.6146485892495839,0.6146485892495839,1,1
fixed_transform_step25,2804,2022-08-12,2022-08-22,-0.0107272727272728,2022,2022-06-30,learned_order_offset,20260910,0.621557580884332,0.621557580884332,1,0
fixed_transform_step25,2809,2022-08-19,2022-08-29,-0.0172375434082356,2022,2022-06-30,learned_order_offset,20260910,0.5928431776340484,0.5928431776340484,1,0
fixed_transform_step25,2814,2022-08-26,2022-09-05,-0.0131573766941938,2022,2022-06-30,learned_order_offset,20260910,0.5896954306712401,0.5896954306712401,1,0
fixed_transform_step25,2819,2022-09-02,2022-09-13,0.0253340680878015,2022,2022-06-30,learned_order_offset,20260910,0.5694985044706714,0.5694985044706714,1,1
fixed_transform_step25,2824,2022-09-09,2022-09-19,-0.044647264962877,2022,2022-06-30,learned_order_offset,20260910,0.6052028263999034,0.6052028263999034,1,0
fixed_transform_step25,2828,2022-09-16,2022-09-26,-0.025155151434928,2022,2022-06-30,learned_order_offset,20260910,0.5585002723493206,0.5585002723493206,1,0
fixed_transform_step25,2833,2022-09-23,2022-10-10,-0.0060162941299352,2022,2022-06-30,learned_order_offset,20260910,0.6277609851098208,0.6277609851098208,1,0
fixed_transform_step25,2838,2022-09-30,2022-10-17,0.0041192047412885,2022,2022-06-30,learned_order_offset,20260910,0.5591491243975936,0.5591491243975936,1,1
fixed_transform_step25,2774,2022-07-01,2022-07-11,-0.0092349827532707,2022,2022-06-30,learned_market,20260911,0.5215257818368809,0.5215257818368809,1,0
fixed_transform_step25,2779,2022-07-08,2022-07-18,-0.0326815927737367,2022,2022-06-30,learned_market,20260911,0.5254655759964281,0.5254655759964281,1,0
fixed_transform_step25,2784,2022-07-15,2022-07-25,-0.0066210715249344,2022,2022-06-30,learned_market,20260911,0.29289732540234564,0.29289732540234564,0,0
fixed_transform_step25,2789,2022-07-22,2022-08-01,-0.0173077967751003,2022,2022-06-30,learned_market,20260911,0.3373452463971049,0.3373452463971049,0,0
fixed_transform_step25,2794,2022-07-29,2022-08-08,-0.004456034513838,2022,2022-06-30,learned_market,20260911,0.5453537153379232,0.5453537153379232,1,0
fixed_transform_step25,2799,2022-08-05,2022-08-15,0.0091475117753996,2022,2022-06-30,learned_market,20260911,0.7002993398417933,0.7002993398417933,1,1
fixed_transform_step25,2804,2022-08-12,2022-08-22,-0.0107272727272728,2022,2022-06-30,learned_market,20260911,0.7099809889411288,0.7099809889411288,1,0
fixed_transform_step25,2809,2022-08-19,2022-08-29,-0.0172375434082356,2022,2022-06-30,learned_market,20260911,0.6751650953293129,0.6751650953293129,1,0
fixed_transform_step25,2814,2022-08-26,2022-09-05,-0.0131573766941938,2022,2022-06-30,learned_market,20260911,0.721864795101811,0.721864795101811,1,0
fixed_transform_step25,2819,2022-09-02,2022-09-13,0.0253340680878015,2022,2022-06-30,learned_market,20260911,0.6507405786400431,0.6507405786400431,1,1
fixed_transform_step25,2824,2022-09-09,2022-09-19,-0.044647264962877,2022,2022-06-30,learned_market,20260911,0.5767363552223658,0.5767363552223658,1,0
fixed_transform_step25,2828,2022-09-16,2022-09-26,-0.025155151434928,2022,2022-06-30,learned_market,20260911,0.6089656693442729,0.6089656693442729,1,0
fixed_transform_step25,2833,2022-09-23,2022-10-10,-0.0060162941299352,2022,2022-06-30,learned_market,20260911,0.7267829014942866,0.7267829014942866,1,0
fixed_transform_step25,2838,2022-09-30,2022-10-17,0.0041192047412885,2022,2022-06-30,learned_market,20260911,0.6186779370820059,0.6186779370820059,1,1
fixed_transform_step25,2774,2022-07-01,2022-07-11,-0.0092349827532707,2022,2022-06-30,learned_vol_interaction,20260911,0.5260179213966242,0.5260179213966242,1,0
fixed_transform_step25,2779,2022-07-08,2022-07-18,-0.0326815927737367,2022,2022-06-30,learned_vol_interaction,20260911,0.5323594990732784,0.5323594990732784,1,0
fixed_transform_step25,2784,2022-07-15,2022-07-25,-0.0066210715249344,2022,2022-06-30,learned_vol_interaction,20260911,0.2992572240201036,0.2992572240201036,0,0
fixed_transform_step25,2789,2022-07-22,2022-08-01,-0.0173077967751003,2022,2022-06-30,learned_vol_interaction,20260911,0.3447626534184337,0.3447626534184337,0,0
fixed_transform_step25,2794,2022-07-29,2022-08-08,-0.004456034513838,2022,2022-06-30,learned_vol_interaction,20260911,0.5462330524733142,0.5462330524733142,1,0
fixed_transform_step25,2799,2022-08-05,2022-08-15,0.0091475117753996,2022,2022-06-30,learned_vol_interaction,20260911,0.7010178211136879,0.7010178211136879,1,1
fixed_transform_step25,2804,2022-08-12,2022-08-22,-0.0107272727272728,2022,2022-06-30,learned_vol_interaction,20260911,0.7105696564503775,0.7105696564503775,1,0
fixed_transform_step25,2809,2022-08-19,2022-08-29,-0.0172375434082356,2022,2022-06-30,learned_vol_interaction,20260911,0.676866486751489,0.676866486751489,1,0
fixed_transform_step25,2814,2022-08-26,2022-09-05,-0.0131573766941938,2022,2022-06-30,learned_vol_interaction,20260911,0.7242433598821844,0.7242433598821844,1,0
fixed_transform_step25,2819,2022-09-02,2022-09-13,0.0253340680878015,2022,2022-06-30,learned_vol_interaction,20260911,0.6553036958346534,0.6553036958346534,1,1
fixed_transform_step25,2824,2022-09-09,2022-09-19,-0.044647264962877,2022,2022-06-30,learned_vol_interaction,20260911,0.5795821938350016,0.5795821938350016,1,0
fixed_transform_step25,2828,2022-09-16,2022-09-26,-0.025155151434928,2022,2022-06-30,learned_vol_interaction,20260911,0.6111136214793221,0.6111136214793221,1,0
fixed_transform_step25,2833,2022-09-23,2022-10-10,-0.0060162941299352,2022,2022-06-30,learned_vol_interaction,20260911,0.7229727847445417,0.7229727847445417,1,0
fixed_transform_step25,2838,2022-09-30,2022-10-17,0.0041192047412885,2022,2022-06-30,learned_vol_interaction,20260911,0.6199539096119799,0.6199539096119799,1,1
fixed_transform_step25,2774,2022-07-01,2022-07-11,-0.0092349827532707,2022,2022-06-30,learned_order_extension,20260911,0.5090380465302495,0.5090380465302495,1,0
fixed_transform_step25,2779,2022-07-08,2022-07-18,-0.0326815927737367,2022,2022-06-30,learned_order_extension,20260911,0.5155594932079924,0.5155594932079924,1,0
fixed_transform_step25,2784,2022-07-15,2022-07-25,-0.0066210715249344,2022,2022-06-30,learned_order_extension,20260911,0.28450871749826745,0.28450871749826745,0,0
fixed_transform_step25,2789,2022-07-22,2022-08-01,-0.0173077967751003,2022,2022-06-30,learned_order_extension,20260911,0.28492721236791985,0.28492721236791985,0,0
fixed_transform_step25,2794,2022-07-29,2022-08-08,-0.004456034513838,2022,2022-06-30,learned_order_extension,20260911,0.5383647461122066,0.5383647461122066,1,0
fixed_transform_step25,2799,2022-08-05,2022-08-15,0.0091475117753996,2022,2022-06-30,learned_order_extension,20260911,0.7687527995614016,0.7687527995614016,1,1
fixed_transform_step25,2804,2022-08-12,2022-08-22,-0.0107272727272728,2022,2022-06-30,learned_order_extension,20260911,0.7836123026781364,0.7836123026781364,1,0
fixed_transform_step25,2809,2022-08-19,2022-08-29,-0.0172375434082356,2022,2022-06-30,learned_order_extension,20260911,0.7526990172212827,0.7526990172212827,1,0
fixed_transform_step25,2814,2022-08-26,2022-09-05,-0.0131573766941938,2022,2022-06-30,learned_order_extension,20260911,0.813358784561122,0.813358784561122,1,0
fixed_transform_step25,2819,2022-09-02,2022-09-13,0.0253340680878015,2022,2022-06-30,learned_order_extension,20260911,0.7089460910157676,0.7089460910157676,1,1
fixed_transform_step25,2824,2022-09-09,2022-09-19,-0.044647264962877,2022,2022-06-30,learned_order_extension,20260911,0.613547173777705,0.613547173777705,1,0
fixed_transform_step25,2828,2022-09-16,2022-09-26,-0.025155151434928,2022,2022-06-30,learned_order_extension,20260911,0.6571564369297579,0.6571564369297579,1,0
fixed_transform_step25,2833,2022-09-23,2022-10-10,-0.0060162941299352,2022,2022-06-30,learned_order_extension,20260911,0.7810973834533929,0.7810973834533929,1,0
fixed_transform_step25,2838,2022-09-30,2022-10-17,0.0041192047412885,2022,2022-06-30,learned_order_extension,20260911,0.6287913416648462,0.6287913416648462,1,1
fixed_transform_step25,2774,2022-07-01,2022-07-11,-0.0092349827532707,2022,2022-06-30,learned_order_offset,20260911,0.508512421789943,0.508512421789943,1,0
fixed_transform_step25,2779,2022-07-08,2022-07-18,-0.0326815927737367,2022,2022-06-30,learned_order_offset,20260911,0.5156135744410555,0.5156135744410555,1,0
fixed_transform_step25,2784,2022-07-15,2022-07-25,-0.0066210715249344,2022,2022-06-30,learned_order_offset,20260911,0.2858330838065648,0.2858330838065648,0,0
fixed_transform_step25,2789,2022-07-22,2022-08-01,-0.0173077967751003,2022,2022-06-30,learned_order_offset,20260911,0.28638676635676313,0.28638676635676313,0,0
fixed_transform_step25,2794,2022-07-29,2022-08-08,-0.004456034513838,2022,2022-06-30,learned_order_offset,20260911,0.5386329381672808,0.5386329381672808,1,0
fixed_transform_step25,2799,2022-08-05,2022-08-15,0.0091475117753996,2022,2022-06-30,learned_order_offset,20260911,0.7678677979773232,0.7678677979773232,1,1
fixed_transform_step25,2804,2022-08-12,2022-08-22,-0.0107272727272728,2022,2022-06-30,learned_order_offset,20260911,0.7826303026307523,0.7826303026307523,1,0
fixed_transform_step25,2809,2022-08-19,2022-08-29,-0.0172375434082356,2022,2022-06-30,learned_order_offset,20260911,0.7519366216489718,0.7519366216489718,1,0
fixed_transform_step25,2814,2022-08-26,2022-09-05,-0.0131573766941938,2022,2022-06-30,learned_order_offset,20260911,0.8128385663031782,0.8128385663031782,1,0
fixed_transform_step25,2819,2022-09-02,2022-09-13,0.0253340680878015,2022,2022-06-30,learned_order_offset,20260911,0.7096013316853895,0.7096013316853895,1,1
fixed_transform_step25,2824,2022-09-09,2022-09-19,-0.044647264962877,2022,2022-06-30,learned_order_offset,20260911,0.6137601294217847,0.6137601294217847,1,0
fixed_transform_step25,2828,2022-09-16,2022-09-26,-0.025155151434928,2022,2022-06-30,learned_order_offset,20260911,0.6572281651678653,0.6572281651678653,1,0
fixed_transform_step25,2833,2022-09-23,2022-10-10,-0.0060162941299352,2022,2022-06-30,learned_order_offset,20260911,0.7794728361233625,0.7794728361233625,1,0
fixed_transform_step25,2838,2022-09-30,2022-10-17,0.0041192047412885,2022,2022-06-30,learned_order_offset,20260911,0.6288245412678206,0.6288245412678206,1,1
fixed_transform_step25,2774,2022-07-01,2022-07-11,-0.0092349827532707,2022,2022-06-30,learned_market,20260912,0.4148539805104452,0.4148539805104452,0,0
fixed_transform_step25,2779,2022-07-08,2022-07-18,-0.0326815927737367,2022,2022-06-30,learned_market,20260912,0.47241650981593036,0.47241650981593036,0,0
fixed_transform_step25,2784,2022-07-15,2022-07-25,-0.0066210715249344,2022,2022-06-30,learned_market,20260912,0.5140237667182488,0.5140237667182488,1,0
fixed_transform_step25,2789,2022-07-22,2022-08-01,-0.0173077967751003,2022,2022-06-30,learned_market,20260912,0.5513468787781224,0.5513468787781224,1,0
fixed_transform_step25,2794,2022-07-29,2022-08-08,-0.004456034513838,2022,2022-06-30,learned_market,20260912,0.7029854196044039,0.7029854196044039,1,0
fixed_transform_step25,2799,2022-08-05,2022-08-15,0.0091475117753996,2022,2022-06-30,learned_market,20260912,0.6422610877611025,0.6422610877611025,1,1
fixed_transform_step25,2804,2022-08-12,2022-08-22,-0.0107272727272728,2022,2022-06-30,learned_market,20260912,0.5682942426123322,0.5682942426123322,1,0
fixed_transform_step25,2809,2022-08-19,2022-08-29,-0.0172375434082356,2022,2022-06-30,learned_market,20260912,0.5570681470449467,0.5570681470449467,1,0
fixed_transform_step25,2814,2022-08-26,2022-09-05,-0.0131573766941938,2022,2022-06-30,learned_market,20260912,0.5860209541345595,0.5860209541345595,1,0
fixed_transform_step25,2819,2022-09-02,2022-09-13,0.0253340680878015,2022,2022-06-30,learned_market,20260912,0.6541521866263492,0.6541521866263492,1,1
fixed_transform_step25,2824,2022-09-09,2022-09-19,-0.044647264962877,2022,2022-06-30,learned_market,20260912,0.7445538398448215,0.7445538398448215,1,0
fixed_transform_step25,2828,2022-09-16,2022-09-26,-0.025155151434928,2022,2022-06-30,learned_market,20260912,0.7270443076224893,0.7270443076224893,1,0
fixed_transform_step25,2833,2022-09-23,2022-10-10,-0.0060162941299352,2022,2022-06-30,learned_market,20260912,0.700802655591394,0.700802655591394,1,0
fixed_transform_step25,2838,2022-09-30,2022-10-17,0.0041192047412885,2022,2022-06-30,learned_market,20260912,0.6766981171866335,0.6766981171866335,1,1
fixed_transform_step25,2774,2022-07-01,2022-07-11,-0.0092349827532707,2022,2022-06-30,learned_vol_interaction,20260912,0.3937025808946048,0.3937025808946048,0,0
fixed_transform_step25,2779,2022-07-08,2022-07-18,-0.0326815927737367,2022,2022-06-30,learned_vol_interaction,20260912,0.45713831109515296,0.45713831109515296,0,0
fixed_transform_step25,2784,2022-07-15,2022-07-25,-0.0066210715249344,2022,2022-06-30,learned_vol_interaction,20260912,0.4997809273624854,0.4997809273624854,0,0
fixed_transform_step25,2789,2022-07-22,2022-08-01,-0.0173077967751003,2022,2022-06-30,learned_vol_interaction,20260912,0.5478346558223609,0.5478346558223609,1,0
fixed_transform_step25,2794,2022-07-29,2022-08-08,-0.004456034513838,2022,2022-06-30,learned_vol_interaction,20260912,0.7103673538590787,0.7103673538590787,1,0
fixed_transform_step25,2799,2022-08-05,2022-08-15,0.0091475117753996,2022,2022-06-30,learned_vol_interaction,20260912,0.6439704543379791,0.6439704543379791,1,1
fixed_transform_step25,2804,2022-08-12,2022-08-22,-0.0107272727272728,2022,2022-06-30,learned_vol_interaction,20260912,0.5651900143943046,0.5651900143943046,1,0
fixed_transform_step25,2809,2022-08-19,2022-08-29,-0.0172375434082356,2022,2022-06-30,learned_vol_interaction,20260912,0.5610966877643377,0.5610966877643377,1,0
fixed_transform_step25,2814,2022-08-26,2022-09-05,-0.0131573766941938,2022,2022-06-30,learned_vol_interaction,20260912,0.5849159492028286,0.5849159492028286,1,0
fixed_transform_step25,2819,2022-09-02,2022-09-13,0.0253340680878015,2022,2022-06-30,learned_vol_interaction,20260912,0.6438020031815184,0.6438020031815184,1,1
fixed_transform_step25,2824,2022-09-09,2022-09-19,-0.044647264962877,2022,2022-06-30,learned_vol_interaction,20260912,0.749923028251862,0.749923028251862,1,0
fixed_transform_step25,2828,2022-09-16,2022-09-26,-0.025155151434928,2022,2022-06-30,learned_vol_interaction,20260912,0.7280968658742418,0.7280968658742418,1,0
fixed_transform_step25,2833,2022-09-23,2022-10-10,-0.0060162941299352,2022,2022-06-30,learned_vol_interaction,20260912,0.7112676802301547,0.7112676802301547,1,0
fixed_transform_step25,2838,2022-09-30,2022-10-17,0.0041192047412885,2022,2022-06-30,learned_vol_interaction,20260912,0.6793050961324096,0.6793050961324096,1,1
fixed_transform_step25,2774,2022-07-01,2022-07-11,-0.0092349827532707,2022,2022-06-30,learned_order_extension,20260912,0.41550174648526705,0.41550174648526705,0,0
fixed_transform_step25,2779,2022-07-08,2022-07-18,-0.0326815927737367,2022,2022-06-30,learned_order_extension,20260912,0.4822716139106081,0.4822716139106081,0,0
fixed_transform_step25,2784,2022-07-15,2022-07-25,-0.0066210715249344,2022,2022-06-30,learned_order_extension,20260912,0.5077927060368209,0.5077927060368209,1,0
fixed_transform_step25,2789,2022-07-22,2022-08-01,-0.0173077967751003,2022,2022-06-30,learned_order_extension,20260912,0.5580789201053239,0.5580789201053239,1,0
fixed_transform_step25,2794,2022-07-29,2022-08-08,-0.004456034513838,2022,2022-06-30,learned_order_extension,20260912,0.6436678361176228,0.6436678361176228,1,0
fixed_transform_step25,2799,2022-08-05,2022-08-15,0.0091475117753996,2022,2022-06-30,learned_order_extension,20260912,0.6009961643708569,0.6009961643708569,1,1
fixed_transform_step25,2804,2022-08-12,2022-08-22,-0.0107272727272728,2022,2022-06-30,learned_order_extension,20260912,0.5694104507358584,0.5694104507358584,1,0
fixed_transform_step25,2809,2022-08-19,2022-08-29,-0.0172375434082356,2022,2022-06-30,learned_order_extension,20260912,0.5510169186648819,0.5510169186648819,1,0
fixed_transform_step25,2814,2022-08-26,2022-09-05,-0.0131573766941938,2022,2022-06-30,learned_order_extension,20260912,0.5634206084015688,0.5634206084015688,1,0
fixed_transform_step25,2819,2022-09-02,2022-09-13,0.0253340680878015,2022,2022-06-30,learned_order_extension,20260912,0.5936723520851614,0.5936723520851614,1,1
fixed_transform_step25,2824,2022-09-09,2022-09-19,-0.044647264962877,2022,2022-06-30,learned_order_extension,20260912,0.6392593066042315,0.6392593066042315,1,0
fixed_transform_step25,2828,2022-09-16,2022-09-26,-0.025155151434928,2022,2022-06-30,learned_order_extension,20260912,0.6336763027783917,0.6336763027783917,1,0
fixed_transform_step25,2833,2022-09-23,2022-10-10,-0.0060162941299352,2022,2022-06-30,learned_order_extension,20260912,0.6407050466594078,0.6407050466594078,1,0
fixed_transform_step25,2838,2022-09-30,2022-10-17,0.0041192047412885,2022,2022-06-30,learned_order_extension,20260912,0.6318054497718179,0.6318054497718179,1,1
fixed_transform_step25,2774,2022-07-01,2022-07-11,-0.0092349827532707,2022,2022-06-30,learned_order_offset,20260912,0.41649121752510776,0.41649121752510776,0,0
fixed_transform_step25,2779,2022-07-08,2022-07-18,-0.0326815927737367,2022,2022-06-30,learned_order_offset,20260912,0.48282180394194657,0.48282180394194657,0,0
fixed_transform_step25,2784,2022-07-15,2022-07-25,-0.0066210715249344,2022,2022-06-30,learned_order_offset,20260912,0.5080758923573837,0.5080758923573837,1,0
fixed_transform_step25,2789,2022-07-22,2022-08-01,-0.0173077967751003,2022,2022-06-30,learned_order_offset,20260912,0.5581529466942136,0.5581529466942136,1,0
fixed_transform_step25,2794,2022-07-29,2022-08-08,-0.004456034513838,2022,2022-06-30,learned_order_offset,20260912,0.6438109313301674,0.6438109313301674,1,0
fixed_transform_step25,2799,2022-08-05,2022-08-15,0.0091475117753996,2022,2022-06-30,learned_order_offset,20260912,0.6008938211687728,0.6008938211687728,1,1
fixed_transform_step25,2804,2022-08-12,2022-08-22,-0.0107272727272728,2022,2022-06-30,learned_order_offset,20260912,0.5699876322078811,0.5699876322078811,1,0
fixed_transform_step25,2809,2022-08-19,2022-08-29,-0.0172375434082356,2022,2022-06-30,learned_order_offset,20260912,0.5499886665626852,0.5499886665626852,1,0
fixed_transform_step25,2814,2022-08-26,2022-09-05,-0.0131573766941938,2022,2022-06-30,learned_order_offset,20260912,0.5628638938923255,0.5628638938923255,1,0
fixed_transform_step25,2819,2022-09-02,2022-09-13,0.0253340680878015,2022,2022-06-30,learned_order_offset,20260912,0.5932007122035317,0.5932007122035317,1,1
fixed_transform_step25,2824,2022-09-09,2022-09-19,-0.044647264962877,2022,2022-06-30,learned_order_offset,20260912,0.6384229379808485,0.6384229379808485,1,0
fixed_transform_step25,2828,2022-09-16,2022-09-26,-0.025155151434928,2022,2022-06-30,learned_order_offset,20260912,0.6327573495560018,0.6327573495560018,1,0
fixed_transform_step25,2833,2022-09-23,2022-10-10,-0.0060162941299352,2022,2022-06-30,learned_order_offset,20260912,0.6394084394357642,0.6394084394357642,1,0
fixed_transform_step25,2838,2022-09-30,2022-10-17,0.0041192047412885,2022,2022-06-30,learned_order_offset,20260912,0.6305694775089059,0.6305694775089059,1,1
fixed_transform_step25,2843,2022-10-14,2022-10-24,-0.0246766294110258,2022,2022-09-30,learned_market,20260910,0.6222355806735175,0.6222355806735175,1,0
fixed_transform_step25,2848,2022-10-21,2022-10-31,-0.059928861134359,2022,2022-09-30,learned_market,20260910,0.6370874882032244,0.6370874882032244,1,0
fixed_transform_step25,2853,2022-10-28,2022-11-07,0.071339502526744,2022,2022-09-30,learned_market,20260910,0.4820356154388886,0.4820356154388886,0,1
fixed_transform_step25,2858,2022-11-04,2022-11-14,0.0169449090696014,2022,2022-09-30,learned_market,20260910,0.6320275309695966,0.6320275309695966,1,1
fixed_transform_step25,2863,2022-11-11,2022-11-21,-0.0127051391515239,2022,2022-09-30,learned_market,20260910,0.5915067402488431,0.5915067402488431,1,0
fixed_transform_step25,2868,2022-11-18,2022-11-28,-0.0179672806084416,2022,2022-09-30,learned_market,20260910,0.6199276147924673,0.6199276147924673,1,0
fixed_transform_step25,2873,2022-11-25,2022-12-05,0.0555768659337096,2022,2022-09-30,learned_market,20260910,0.5268407186572032,0.5268407186572032,1,1
fixed_transform_step25,2878,2022-12-02,2022-12-12,0.0175374394775362,2022,2022-09-30,learned_market,20260910,0.4686134934270364,0.4686134934270364,0,1
fixed_transform_step25,2883,2022-12-09,2022-12-19,-0.0058850602464181,2022,2022-09-30,learned_market,20260910,0.4137375007615116,0.4137375007615116,0,0
fixed_transform_step25,2888,2022-12-16,2022-12-26,-0.0309150292073658,2022,2022-09-30,learned_market,20260910,0.5815460518238434,0.5815460518238434,1,0
fixed_transform_step25,2893,2022-12-23,2023-01-03,0.0089464492229616,2022,2022-09-30,learned_market,20260910,0.4755592520841589,0.4755592520841589,0,1
fixed_transform_step25,2898,2022-12-30,2023-01-09,0.0345913414268119,2022,2022-09-30,learned_market,20260910,0.5324551232723691,0.5324551232723691,1,1
fixed_transform_step25,2843,2022-10-14,2022-10-24,-0.0246766294110258,2022,2022-09-30,learned_vol_interaction,20260910,0.6187619359309756,0.6187619359309756,1,0
fixed_transform_step25,2848,2022-10-21,2022-10-31,-0.059928861134359,2022,2022-09-30,learned_vol_interaction,20260910,0.6422987436195063,0.6422987436195063,1,0
fixed_transform_step25,2853,2022-10-28,2022-11-07,0.071339502526744,2022,2022-09-30,learned_vol_interaction,20260910,0.4848732905361502,0.4848732905361502,0,1
fixed_transform_step25,2858,2022-11-04,2022-11-14,0.0169449090696014,2022,2022-09-30,learned_vol_interaction,20260910,0.6115004704936848,0.6115004704936848,1,1
fixed_transform_step25,2863,2022-11-11,2022-11-21,-0.0127051391515239,2022,2022-09-30,learned_vol_interaction,20260910,0.5798526431826564,0.5798526431826564,1,0
fixed_transform_step25,2868,2022-11-18,2022-11-28,-0.0179672806084416,2022,2022-09-30,learned_vol_interaction,20260910,0.6107889104312493,0.6107889104312493,1,0
fixed_transform_step25,2873,2022-11-25,2022-12-05,0.0555768659337096,2022,2022-09-30,learned_vol_interaction,20260910,0.5317202387408976,0.5317202387408976,1,1
fixed_transform_step25,2878,2022-12-02,2022-12-12,0.0175374394775362,2022,2022-09-30,learned_vol_interaction,20260910,0.4687259664367256,0.4687259664367256,0,1
fixed_transform_step25,2883,2022-12-09,2022-12-19,-0.0058850602464181,2022,2022-09-30,learned_vol_interaction,20260910,0.4051920536080652,0.4051920536080652,0,0
fixed_transform_step25,2888,2022-12-16,2022-12-26,-0.0309150292073658,2022,2022-09-30,learned_vol_interaction,20260910,0.5807161605595351,0.5807161605595351,1,0
fixed_transform_step25,2893,2022-12-23,2023-01-03,0.0089464492229616,2022,2022-09-30,learned_vol_interaction,20260910,0.471125867478199,0.471125867478199,0,1
fixed_transform_step25,2898,2022-12-30,2023-01-09,0.0345913414268119,2022,2022-09-30,learned_vol_interaction,20260910,0.5333870803826427,0.5333870803826427,1,1
fixed_transform_step25,2843,2022-10-14,2022-10-24,-0.0246766294110258,2022,2022-09-30,learned_order_extension,20260910,0.5740729112133126,0.5740729112133126,1,0
fixed_transform_step25,2848,2022-10-21,2022-10-31,-0.059928861134359,2022,2022-09-30,learned_order_extension,20260910,0.6239943610189393,0.6239943610189393,1,0
fixed_transform_step25,2853,2022-10-28,2022-11-07,0.071339502526744,2022,2022-09-30,learned_order_extension,20260910,0.49560665057512493,0.49560665057512493,0,1
fixed_transform_step25,2858,2022-11-04,2022-11-14,0.0169449090696014,2022,2022-09-30,learned_order_extension,20260910,0.605974338969183,0.605974338969183,1,1
fixed_transform_step25,2863,2022-11-11,2022-11-21,-0.0127051391515239,2022,2022-09-30,learned_order_extension,20260910,0.5916240259435083,0.5916240259435083,1,0
fixed_transform_step25,2868,2022-11-18,2022-11-28,-0.0179672806084416,2022,2022-09-30,learned_order_extension,20260910,0.6283615498820654,0.6283615498820654,1,0
fixed_transform_step25,2873,2022-11-25,2022-12-05,0.0555768659337096,2022,2022-09-30,learned_order_extension,20260910,0.5241437669689217,0.5241437669689217,1,1
fixed_transform_step25,2878,2022-12-02,2022-12-12,0.0175374394775362,2022,2022-09-30,learned_order_extension,20260910,0.4247767905259205,0.4247767905259205,0,1
fixed_transform_step25,2883,2022-12-09,2022-12-19,-0.0058850602464181,2022,2022-09-30,learned_order_extension,20260910,0.353578149248815,0.353578149248815,0,0
fixed_transform_step25,2888,2022-12-16,2022-12-26,-0.0309150292073658,2022,2022-09-30,learned_order_extension,20260910,0.5911806382581272,0.5911806382581272,1,0
fixed_transform_step25,2893,2022-12-23,2023-01-03,0.0089464492229616,2022,2022-09-30,learned_order_extension,20260910,0.46803462232881793,0.46803462232881793,0,1
fixed_transform_step25,2898,2022-12-30,2023-01-09,0.0345913414268119,2022,2022-09-30,learned_order_extension,20260910,0.541482883946171,0.541482883946171,1,1
fixed_transform_step25,2843,2022-10-14,2022-10-24,-0.0246766294110258,2022,2022-09-30,learned_order_offset,20260910,0.5733762976022612,0.5733762976022612,1,0
fixed_transform_step25,2848,2022-10-21,2022-10-31,-0.059928861134359,2022,2022-09-30,learned_order_offset,20260910,0.6220109700584084,0.6220109700584084,1,0
fixed_transform_step25,2853,2022-10-28,2022-11-07,0.071339502526744,2022,2022-09-30,learned_order_offset,20260910,0.4921483519723454,0.4921483519723454,0,1
fixed_transform_step25,2858,2022-11-04,2022-11-14,0.0169449090696014,2022,2022-09-30,learned_order_offset,20260910,0.6089090645944081,0.6089090645944081,1,1
fixed_transform_step25,2863,2022-11-11,2022-11-21,-0.0127051391515239,2022,2022-09-30,learned_order_offset,20260910,0.5893310196808967,0.5893310196808967,1,0
fixed_transform_step25,2868,2022-11-18,2022-11-28,-0.0179672806084416,2022,2022-09-30,learned_order_offset,20260910,0.6256398445292877,0.6256398445292877,1,0
fixed_transform_step25,2873,2022-11-25,2022-12-05,0.0555768659337096,2022,2022-09-30,learned_order_offset,20260910,0.5196388892138033,0.5196388892138033,1,1
fixed_transform_step25,2878,2022-12-02,2022-12-12,0.0175374394775362,2022,2022-09-30,learned_order_offset,20260910,0.42579408975023136,0.42579408975023136,0,1
fixed_transform_step25,2883,2022-12-09,2022-12-19,-0.0058850602464181,2022,2022-09-30,learned_order_offset,20260910,0.35885245000687715,0.35885245000687715,0,0
fixed_transform_step25,2888,2022-12-16,2022-12-26,-0.0309150292073658,2022,2022-09-30,learned_order_offset,20260910,0.5863914984516071,0.5863914984516071,1,0
fixed_transform_step25,2893,2022-12-23,2023-01-03,0.0089464492229616,2022,2022-09-30,learned_order_offset,20260910,0.47024234427388906,0.47024234427388906,0,1
fixed_transform_step25,2898,2022-12-30,2023-01-09,0.0345913414268119,2022,2022-09-30,learned_order_offset,20260910,0.5408294664554634,0.5408294664554634,1,1
fixed_transform_step25,2843,2022-10-14,2022-10-24,-0.0246766294110258,2022,2022-09-30,learned_market,20260911,0.5932176144637893,0.5932176144637893,1,0
fixed_transform_step25,2848,2022-10-21,2022-10-31,-0.059928861134359,2022,2022-09-30,learned_market,20260911,0.6969591929713311,0.6969591929713311,1,0
fixed_transform_step25,2853,2022-10-28,2022-11-07,0.071339502526744,2022,2022-09-30,learned_market,20260911,0.5907914246305682,0.5907914246305682,1,1
fixed_transform_step25,2858,2022-11-04,2022-11-14,0.0169449090696014,2022,2022-09-30,learned_market,20260911,0.2905560049544578,0.2905560049544578,0,1
fixed_transform_step25,2863,2022-11-11,2022-11-21,-0.0127051391515239,2022,2022-09-30,learned_market,20260911,0.4333899918147827,0.4333899918147827,0,0
fixed_transform_step25,2868,2022-11-18,2022-11-28,-0.0179672806084416,2022,2022-09-30,learned_market,20260911,0.3049152767598617,0.3049152767598617,0,0
fixed_transform_step25,2873,2022-11-25,2022-12-05,0.0555768659337096,2022,2022-09-30,learned_market,20260911,0.45811957065117637,0.45811957065117637,0,1
fixed_transform_step25,2878,2022-12-02,2022-12-12,0.0175374394775362,2022,2022-09-30,learned_market,20260911,0.5862929878287557,0.5862929878287557,1,1
fixed_transform_step25,2883,2022-12-09,2022-12-19,-0.0058850602464181,2022,2022-09-30,learned_market,20260911,0.5272102049089805,0.5272102049089805,1,0
fixed_transform_step25,2888,2022-12-16,2022-12-26,-0.0309150292073658,2022,2022-09-30,learned_market,20260911,0.46983919773188854,0.46983919773188854,0,0
fixed_transform_step25,2893,2022-12-23,2023-01-03,0.0089464492229616,2022,2022-09-30,learned_market,20260911,0.5642449160803229,0.5642449160803229,1,1
fixed_transform_step25,2898,2022-12-30,2023-01-09,0.0345913414268119,2022,2022-09-30,learned_market,20260911,0.2940609727439724,0.2940609727439724,0,1
fixed_transform_step25,2843,2022-10-14,2022-10-24,-0.0246766294110258,2022,2022-09-30,learned_vol_interaction,20260911,0.5939363021284692,0.5939363021284692,1,0
fixed_transform_step25,2848,2022-10-21,2022-10-31,-0.059928861134359,2022,2022-09-30,learned_vol_interaction,20260911,0.6970871452302674,0.6970871452302674,1,0
fixed_transform_step25,2853,2022-10-28,2022-11-07,0.071339502526744,2022,2022-09-30,learned_vol_interaction,20260911,0.5921147088802716,0.5921147088802716,1,1
fixed_transform_step25,2858,2022-11-04,2022-11-14,0.0169449090696014,2022,2022-09-30,learned_vol_interaction,20260911,0.28746440356005976,0.28746440356005976,0,1
fixed_transform_step25,2863,2022-11-11,2022-11-21,-0.0127051391515239,2022,2022-09-30,learned_vol_interaction,20260911,0.43097656842273285,0.43097656842273285,0,0
fixed_transform_step25,2868,2022-11-18,2022-11-28,-0.0179672806084416,2022,2022-09-30,learned_vol_interaction,20260911,0.30077124489380636,0.30077124489380636,0,0
fixed_transform_step25,2873,2022-11-25,2022-12-05,0.0555768659337096,2022,2022-09-30,learned_vol_interaction,20260911,0.4569224823708253,0.4569224823708253,0,1
fixed_transform_step25,2878,2022-12-02,2022-12-12,0.0175374394775362,2022,2022-09-30,learned_vol_interaction,20260911,0.5858555161601336,0.5858555161601336,1,1
fixed_transform_step25,2883,2022-12-09,2022-12-19,-0.0058850602464181,2022,2022-09-30,learned_vol_interaction,20260911,0.5279256265037647,0.5279256265037647,1,0
fixed_transform_step25,2888,2022-12-16,2022-12-26,-0.0309150292073658,2022,2022-09-30,learned_vol_interaction,20260911,0.4703100984872453,0.4703100984872453,0,0
fixed_transform_step25,2893,2022-12-23,2023-01-03,0.0089464492229616,2022,2022-09-30,learned_vol_interaction,20260911,0.563442758001774,0.563442758001774,1,1
fixed_transform_step25,2898,2022-12-30,2023-01-09,0.0345913414268119,2022,2022-09-30,learned_vol_interaction,20260911,0.2951884877915589,0.2951884877915589,0,1
fixed_transform_step25,2843,2022-10-14,2022-10-24,-0.0246766294110258,2022,2022-09-30,learned_order_extension,20260911,0.5948798471746534,0.5948798471746534,1,0
fixed_transform_step25,2848,2022-10-21,2022-10-31,-0.059928861134359,2022,2022-09-30,learned_order_extension,20260911,0.7116782940247127,0.7116782940247127,1,0
fixed_transform_step25,2853,2022-10-28,2022-11-07,0.071339502526744,2022,2022-09-30,learned_order_extension,20260911,0.5918492739922672,0.5918492739922672,1,1
fixed_transform_step25,2858,2022-11-04,2022-11-14,0.0169449090696014,2022,2022-09-30,learned_order_extension,20260911,0.26516526120180534,0.26516526120180534,0,1
fixed_transform_step25,2863,2022-11-11,2022-11-21,-0.0127051391515239,2022,2022-09-30,learned_order_extension,20260911,0.4330046250454053,0.4330046250454053,0,0
fixed_transform_step25,2868,2022-11-18,2022-11-28,-0.0179672806084416,2022,2022-09-30,learned_order_extension,20260911,0.322611480065128,0.322611480065128,0,0
fixed_transform_step25,2873,2022-11-25,2022-12-05,0.0555768659337096,2022,2022-09-30,learned_order_extension,20260911,0.4670035106117483,0.4670035106117483,0,1
fixed_transform_step25,2878,2022-12-02,2022-12-12,0.0175374394775362,2022,2022-09-30,learned_order_extension,20260911,0.5762182741701032,0.5762182741701032,1,1
fixed_transform_step25,2883,2022-12-09,2022-12-19,-0.0058850602464181,2022,2022-09-30,learned_order_extension,20260911,0.5363584711905862,0.5363584711905862,1,0
fixed_transform_step25,2888,2022-12-16,2022-12-26,-0.0309150292073658,2022,2022-09-30,learned_order_extension,20260911,0.47173345160401503,0.47173345160401503,0,0
fixed_transform_step25,2893,2022-12-23,2023-01-03,0.0089464492229616,2022,2022-09-30,learned_order_extension,20260911,0.5534534044217191,0.5534534044217191,1,1
fixed_transform_step25,2898,2022-12-30,2023-01-09,0.0345913414268119,2022,2022-09-30,learned_order_extension,20260911,0.2889407594611158,0.2889407594611158,0,1
fixed_transform_step25,2843,2022-10-14,2022-10-24,-0.0246766294110258,2022,2022-09-30,learned_order_offset,20260911,0.5941689531510053,0.5941689531510053,1,0
fixed_transform_step25,2848,2022-10-21,2022-10-31,-0.059928861134359,2022,2022-09-30,learned_order_offset,20260911,0.7098508966201743,0.7098508966201743,1,0
fixed_transform_step25,2853,2022-10-28,2022-11-07,0.071339502526744,2022,2022-09-30,learned_order_offset,20260911,0.5907299036648539,0.5907299036648539,1,1
fixed_transform_step25,2858,2022-11-04,2022-11-14,0.0169449090696014,2022,2022-09-30,learned_order_offset,20260911,0.26459832189147425,0.26459832189147425,0,1
fixed_transform_step25,2863,2022-11-11,2022-11-21,-0.0127051391515239,2022,2022-09-30,learned_order_offset,20260911,0.43288481708768073,0.43288481708768073,0,0
fixed_transform_step25,2868,2022-11-18,2022-11-28,-0.0179672806084416,2022,2022-09-30,learned_order_offset,20260911,0.3221830599194107,0.3221830599194107,0,0
fixed_transform_step25,2873,2022-11-25,2022-12-05,0.0555768659337096,2022,2022-09-30,learned_order_offset,20260911,0.46592925402099344,0.46592925402099344,0,1
fixed_transform_step25,2878,2022-12-02,2022-12-12,0.0175374394775362,2022,2022-09-30,learned_order_offset,20260911,0.5745657179361204,0.5745657179361204,1,1
fixed_transform_step25,2883,2022-12-09,2022-12-19,-0.0058850602464181,2022,2022-09-30,learned_order_offset,20260911,0.5369683799961764,0.5369683799961764,1,0
fixed_transform_step25,2888,2022-12-16,2022-12-26,-0.0309150292073658,2022,2022-09-30,learned_order_offset,20260911,0.47271451800420045,0.47271451800420045,0,0
fixed_transform_step25,2893,2022-12-23,2023-01-03,0.0089464492229616,2022,2022-09-30,learned_order_offset,20260911,0.5528215269146048,0.5528215269146048,1,1
fixed_transform_step25,2898,2022-12-30,2023-01-09,0.0345913414268119,2022,2022-09-30,learned_order_offset,20260911,0.2909850213238164,0.2909850213238164,0,1
fixed_transform_step25,2843,2022-10-14,2022-10-24,-0.0246766294110258,2022,2022-09-30,learned_market,20260912,0.5839147385062612,0.5839147385062612,1,0
fixed_transform_step25,2848,2022-10-21,2022-10-31,-0.059928861134359,2022,2022-09-30,learned_market,20260912,0.6277540811447331,0.6277540811447331,1,0
fixed_transform_step25,2853,2022-10-28,2022-11-07,0.071339502526744,2022,2022-09-30,learned_market,20260912,0.5433036808670213,0.5433036808670213,1,1
fixed_transform_step25,2858,2022-11-04,2022-11-14,0.0169449090696014,2022,2022-09-30,learned_market,20260912,0.5046850360170733,0.5046850360170733,1,1
fixed_transform_step25,2863,2022-11-11,2022-11-21,-0.0127051391515239,2022,2022-09-30,learned_market,20260912,0.5202373516973612,0.5202373516973612,1,0
fixed_transform_step25,2868,2022-11-18,2022-11-28,-0.0179672806084416,2022,2022-09-30,learned_market,20260912,0.41592483523383894,0.41592483523383894,0,0
fixed_transform_step25,2873,2022-11-25,2022-12-05,0.0555768659337096,2022,2022-09-30,learned_market,20260912,0.48491675845278637,0.48491675845278637,0,1
fixed_transform_step25,2878,2022-12-02,2022-12-12,0.0175374394775362,2022,2022-09-30,learned_market,20260912,0.47344303275908683,0.47344303275908683,0,1
fixed_transform_step25,2883,2022-12-09,2022-12-19,-0.0058850602464181,2022,2022-09-30,learned_market,20260912,0.5196073844210499,0.5196073844210499,1,0
fixed_transform_step25,2888,2022-12-16,2022-12-26,-0.0309150292073658,2022,2022-09-30,learned_market,20260912,0.5874165340155088,0.5874165340155088,1,0
fixed_transform_step25,2893,2022-12-23,2023-01-03,0.0089464492229616,2022,2022-09-30,learned_market,20260912,0.45353780477663097,0.45353780477663097,0,1
fixed_transform_step25,2898,2022-12-30,2023-01-09,0.0345913414268119,2022,2022-09-30,learned_market,20260912,0.44024208629504796,0.44024208629504796,0,1
fixed_transform_step25,2843,2022-10-14,2022-10-24,-0.0246766294110258,2022,2022-09-30,learned_vol_interaction,20260912,0.5774925337154898,0.5774925337154898,1,0
fixed_transform_step25,2848,2022-10-21,2022-10-31,-0.059928861134359,2022,2022-09-30,learned_vol_interaction,20260912,0.6330440159780184,0.6330440159780184,1,0
fixed_transform_step25,2853,2022-10-28,2022-11-07,0.071339502526744,2022,2022-09-30,learned_vol_interaction,20260912,0.5422281976394742,0.5422281976394742,1,1
fixed_transform_step25,2858,2022-11-04,2022-11-14,0.0169449090696014,2022,2022-09-30,learned_vol_interaction,20260912,0.5044314772612091,0.5044314772612091,1,1
fixed_transform_step25,2863,2022-11-11,2022-11-21,-0.0127051391515239,2022,2022-09-30,learned_vol_interaction,20260912,0.5275433410997259,0.5275433410997259,1,0
fixed_transform_step25,2868,2022-11-18,2022-11-28,-0.0179672806084416,2022,2022-09-30,learned_vol_interaction,20260912,0.43511299802673764,0.43511299802673764,0,0
fixed_transform_step25,2873,2022-11-25,2022-12-05,0.0555768659337096,2022,2022-09-30,learned_vol_interaction,20260912,0.4898177765290784,0.4898177765290784,0,1
fixed_transform_step25,2878,2022-12-02,2022-12-12,0.0175374394775362,2022,2022-09-30,learned_vol_interaction,20260912,0.4708068059199942,0.4708068059199942,0,1
fixed_transform_step25,2883,2022-12-09,2022-12-19,-0.0058850602464181,2022,2022-09-30,learned_vol_interaction,20260912,0.5174042225049688,0.5174042225049688,1,0
fixed_transform_step25,2888,2022-12-16,2022-12-26,-0.0309150292073658,2022,2022-09-30,learned_vol_interaction,20260912,0.5903470921665148,0.5903470921665148,1,0
fixed_transform_step25,2893,2022-12-23,2023-01-03,0.0089464492229616,2022,2022-09-30,learned_vol_interaction,20260912,0.44788994917181363,0.44788994917181363,0,1
fixed_transform_step25,2898,2022-12-30,2023-01-09,0.0345913414268119,2022,2022-09-30,learned_vol_interaction,20260912,0.4254598077720267,0.4254598077720267,0,1
fixed_transform_step25,2843,2022-10-14,2022-10-24,-0.0246766294110258,2022,2022-09-30,learned_order_extension,20260912,0.5607021662970214,0.5607021662970214,1,0
fixed_transform_step25,2848,2022-10-21,2022-10-31,-0.059928861134359,2022,2022-09-30,learned_order_extension,20260912,0.6140366681558072,0.6140366681558072,1,0
fixed_transform_step25,2853,2022-10-28,2022-11-07,0.071339502526744,2022,2022-09-30,learned_order_extension,20260912,0.5400936307484633,0.5400936307484633,1,1
fixed_transform_step25,2858,2022-11-04,2022-11-14,0.0169449090696014,2022,2022-09-30,learned_order_extension,20260912,0.5116915335967964,0.5116915335967964,1,1
fixed_transform_step25,2863,2022-11-11,2022-11-21,-0.0127051391515239,2022,2022-09-30,learned_order_extension,20260912,0.5263003019395331,0.5263003019395331,1,0
fixed_transform_step25,2868,2022-11-18,2022-11-28,-0.0179672806084416,2022,2022-09-30,learned_order_extension,20260912,0.4205612786467524,0.4205612786467524,0,0
fixed_transform_step25,2873,2022-11-25,2022-12-05,0.0555768659337096,2022,2022-09-30,learned_order_extension,20260912,0.46779914582757653,0.46779914582757653,0,1
fixed_transform_step25,2878,2022-12-02,2022-12-12,0.0175374394775362,2022,2022-09-30,learned_order_extension,20260912,0.4495066943402661,0.4495066943402661,0,1
fixed_transform_step25,2883,2022-12-09,2022-12-19,-0.0058850602464181,2022,2022-09-30,learned_order_extension,20260912,0.5119281307543567,0.5119281307543567,1,0
fixed_transform_step25,2888,2022-12-16,2022-12-26,-0.0309150292073658,2022,2022-09-30,learned_order_extension,20260912,0.6074405956878693,0.6074405956878693,1,0
fixed_transform_step25,2893,2022-12-23,2023-01-03,0.0089464492229616,2022,2022-09-30,learned_order_extension,20260912,0.45815814265228927,0.45815814265228927,0,1
fixed_transform_step25,2898,2022-12-30,2023-01-09,0.0345913414268119,2022,2022-09-30,learned_order_extension,20260912,0.43239773555143884,0.43239773555143884,0,1
fixed_transform_step25,2843,2022-10-14,2022-10-24,-0.0246766294110258,2022,2022-09-30,learned_order_offset,20260912,0.559432122839708,0.559432122839708,1,0
fixed_transform_step25,2848,2022-10-21,2022-10-31,-0.059928861134359,2022,2022-09-30,learned_order_offset,20260912,0.6113221435744838,0.6113221435744838,1,0
fixed_transform_step25,2853,2022-10-28,2022-11-07,0.071339502526744,2022,2022-09-30,learned_order_offset,20260912,0.5408721934760765,0.5408721934760765,1,1
fixed_transform_step25,2858,2022-11-04,2022-11-14,0.0169449090696014,2022,2022-09-30,learned_order_offset,20260912,0.5118991854237303,0.5118991854237303,1,1
fixed_transform_step25,2863,2022-11-11,2022-11-21,-0.0127051391515239,2022,2022-09-30,learned_order_offset,20260912,0.528725196683045,0.528725196683045,1,0
fixed_transform_step25,2868,2022-11-18,2022-11-28,-0.0179672806084416,2022,2022-09-30,learned_order_offset,20260912,0.4234520182512601,0.4234520182512601,0,0
fixed_transform_step25,2873,2022-11-25,2022-12-05,0.0555768659337096,2022,2022-09-30,learned_order_offset,20260912,0.4718042272075729,0.4718042272075729,0,1
fixed_transform_step25,2878,2022-12-02,2022-12-12,0.0175374394775362,2022,2022-09-30,learned_order_offset,20260912,0.45392563133981095,0.45392563133981095,0,1
fixed_transform_step25,2883,2022-12-09,2022-12-19,-0.0058850602464181,2022,2022-09-30,learned_order_offset,20260912,0.5120528521199427,0.5120528521199427,1,0
fixed_transform_step25,2888,2022-12-16,2022-12-26,-0.0309150292073658,2022,2022-09-30,learned_order_offset,20260912,0.6002058267864924,0.6002058267864924,1,0
fixed_transform_step25,2893,2022-12-23,2023-01-03,0.0089464492229616,2022,2022-09-30,learned_order_offset,20260912,0.4593517403994904,0.4593517403994904,0,1
fixed_transform_step25,2898,2022-12-30,2023-01-09,0.0345913414268119,2022,2022-09-30,learned_order_offset,20260912,0.43575244981088695,0.43575244981088695,0,1
fixed_transform_step25,2902,2023-01-06,2023-01-16,0.0198447929614133,2023,2022-12-31,learned_market,20260910,0.2720748657753032,0.2720748657753032,0,1
fixed_transform_step25,2907,2023-01-13,2023-01-30,0.0465290788350809,2023,2022-12-31,learned_market,20260910,0.47236248212800225,0.47236248212800225,0,1
fixed_transform_step25,2912,2023-01-20,2023-02-06,-0.0383797057844887,2023,2022-12-31,learned_market,20260910,0.406664897579608,0.406664897579608,0,0
fixed_transform_step25,2917,2023-02-03,2023-02-13,-0.0012061903149008,2023,2022-12-31,learned_market,20260910,0.7077615943567296,0.7077615943567296,1,0
fixed_transform_step25,2922,2023-02-10,2023-02-20,-0.0143746584432821,2023,2022-12-31,learned_market,20260910,0.3396729663973045,0.3396729663973045,0,0
fixed_transform_step25,2927,2023-02-17,2023-02-27,0.0001237636016198,2023,2022-12-31,learned_market,20260910,0.3940367299508906,0.3940367299508906,0,1
fixed_transform_step25,2932,2023-02-24,2023-03-06,0.0224454641303217,2023,2022-12-31,learned_market,20260910,0.6368517662464305,0.6368517662464305,1,1
fixed_transform_step25,2937,2023-03-03,2023-03-13,-0.0407900947678007,2023,2022-12-31,learned_market,20260910,0.7365179717700991,0.7365179717700991,1,0
fixed_transform_step25,2942,2023-03-10,2023-03-20,5.0471402903706775e-06,2023,2022-12-31,learned_market,20260910,0.5813776336748179,0.5813776336748179,1,1
fixed_transform_step25,2947,2023-03-17,2023-03-27,0.015302852124583,2023,2022-12-31,learned_market,20260910,0.42485803758448765,0.42485803758448765,0,1
fixed_transform_step25,2952,2023-03-24,2023-04-03,0.0090274153058433,2023,2022-12-31,learned_market,20260910,0.37090574302943613,0.37090574302943613,0,1
fixed_transform_step25,2957,2023-03-31,2023-04-10,0.0178317182396383,2023,2022-12-31,learned_market,20260910,0.3924154635264961,0.3924154635264961,0,1
fixed_transform_step25,2902,2023-01-06,2023-01-16,0.0198447929614133,2023,2022-12-31,learned_vol_interaction,20260910,0.2579229355480302,0.2579229355480302,0,1
fixed_transform_step25,2907,2023-01-13,2023-01-30,0.0465290788350809,2023,2022-12-31,learned_vol_interaction,20260910,0.46834593067568,0.46834593067568,0,1
fixed_transform_step25,2912,2023-01-20,2023-02-06,-0.0383797057844887,2023,2022-12-31,learned_vol_interaction,20260910,0.3968582316115995,0.3968582316115995,0,0
fixed_transform_step25,2917,2023-02-03,2023-02-13,-0.0012061903149008,2023,2022-12-31,learned_vol_interaction,20260910,0.7386639107975522,0.7386639107975522,1,0
fixed_transform_step25,2922,2023-02-10,2023-02-20,-0.0143746584432821,2023,2022-12-31,learned_vol_interaction,20260910,0.3303769483660095,0.3303769483660095,0,0
fixed_transform_step25,2927,2023-02-17,2023-02-27,0.0001237636016198,2023,2022-12-31,learned_vol_interaction,20260910,0.37895686267521006,0.37895686267521006,0,1
fixed_transform_step25,2932,2023-02-24,2023-03-06,0.0224454641303217,2023,2022-12-31,learned_vol_interaction,20260910,0.6474147480213357,0.6474147480213357,1,1
fixed_transform_step25,2937,2023-03-03,2023-03-13,-0.0407900947678007,2023,2022-12-31,learned_vol_interaction,20260910,0.7530412308563522,0.7530412308563522,1,0
fixed_transform_step25,2942,2023-03-10,2023-03-20,5.0471402903706775e-06,2023,2022-12-31,learned_vol_interaction,20260910,0.5873882519994295,0.5873882519994295,1,1
fixed_transform_step25,2947,2023-03-17,2023-03-27,0.015302852124583,2023,2022-12-31,learned_vol_interaction,20260910,0.41458186592231894,0.41458186592231894,0,1
fixed_transform_step25,2952,2023-03-24,2023-04-03,0.0090274153058433,2023,2022-12-31,learned_vol_interaction,20260910,0.35652402288788393,0.35652402288788393,0,1
fixed_transform_step25,2957,2023-03-31,2023-04-10,0.0178317182396383,2023,2022-12-31,learned_vol_interaction,20260910,0.3863632737017367,0.3863632737017367,0,1
fixed_transform_step25,2902,2023-01-06,2023-01-16,0.0198447929614133,2023,2022-12-31,learned_order_extension,20260910,0.2943161630816726,0.2943161630816726,0,1
fixed_transform_step25,2907,2023-01-13,2023-01-30,0.0465290788350809,2023,2022-12-31,learned_order_extension,20260910,0.46027187341536235,0.46027187341536235,0,1
fixed_transform_step25,2912,2023-01-20,2023-02-06,-0.0383797057844887,2023,2022-12-31,learned_order_extension,20260910,0.3872152058090037,0.3872152058090037,0,0
fixed_transform_step25,2917,2023-02-03,2023-02-13,-0.0012061903149008,2023,2022-12-31,learned_order_extension,20260910,0.7087431108814826,0.7087431108814826,1,0
fixed_transform_step25,2922,2023-02-10,2023-02-20,-0.0143746584432821,2023,2022-12-31,learned_order_extension,20260910,0.33420380659580207,0.33420380659580207,0,0
fixed_transform_step25,2927,2023-02-17,2023-02-27,0.0001237636016198,2023,2022-12-31,learned_order_extension,20260910,0.37695809393703467,0.37695809393703467,0,1
fixed_transform_step25,2932,2023-02-24,2023-03-06,0.0224454641303217,2023,2022-12-31,learned_order_extension,20260910,0.6504979423759706,0.6504979423759706,1,1
fixed_transform_step25,2937,2023-03-03,2023-03-13,-0.0407900947678007,2023,2022-12-31,learned_order_extension,20260910,0.7451391997229981,0.7451391997229981,1,0
fixed_transform_step25,2942,2023-03-10,2023-03-20,5.0471402903706775e-06,2023,2022-12-31,learned_order_extension,20260910,0.5807717243209339,0.5807717243209339,1,1
fixed_transform_step25,2947,2023-03-17,2023-03-27,0.015302852124583,2023,2022-12-31,learned_order_extension,20260910,0.4261400351912486,0.4261400351912486,0,1
fixed_transform_step25,2952,2023-03-24,2023-04-03,0.0090274153058433,2023,2022-12-31,learned_order_extension,20260910,0.35549705087245137,0.35549705087245137,0,1
fixed_transform_step25,2957,2023-03-31,2023-04-10,0.0178317182396383,2023,2022-12-31,learned_order_extension,20260910,0.38561638910546875,0.38561638910546875,0,1
fixed_transform_step25,2902,2023-01-06,2023-01-16,0.0198447929614133,2023,2022-12-31,learned_order_offset,20260910,0.29436491679511234,0.29436491679511234,0,1
fixed_transform_step25,2907,2023-01-13,2023-01-30,0.0465290788350809,2023,2022-12-31,learned_order_offset,20260910,0.45922844261203544,0.45922844261203544,0,1
fixed_transform_step25,2912,2023-01-20,2023-02-06,-0.0383797057844887,2023,2022-12-31,learned_order_offset,20260910,0.3863007910171924,0.3863007910171924,0,0
fixed_transform_step25,2917,2023-02-03,2023-02-13,-0.0012061903149008,2023,2022-12-31,learned_order_offset,20260910,0.708109906191393,0.708109906191393,1,0
fixed_transform_step25,2922,2023-02-10,2023-02-20,-0.0143746584432821,2023,2022-12-31,learned_order_offset,20260910,0.3342356424663725,0.3342356424663725,0,0
fixed_transform_step25,2927,2023-02-17,2023-02-27,0.0001237636016198,2023,2022-12-31,learned_order_offset,20260910,0.3768936129162209,0.3768936129162209,0,1
fixed_transform_step25,2932,2023-02-24,2023-03-06,0.0224454641303217,2023,2022-12-31,learned_order_offset,20260910,0.650954614063496,0.650954614063496,1,1
fixed_transform_step25,2937,2023-03-03,2023-03-13,-0.0407900947678007,2023,2022-12-31,learned_order_offset,20260910,0.744213255918267,0.744213255918267,1,0
fixed_transform_step25,2942,2023-03-10,2023-03-20,5.0471402903706775e-06,2023,2022-12-31,learned_order_offset,20260910,0.581402685223824,0.581402685223824,1,1
fixed_transform_step25,2947,2023-03-17,2023-03-27,0.015302852124583,2023,2022-12-31,learned_order_offset,20260910,0.4267138677564879,0.4267138677564879,0,1
fixed_transform_step25,2952,2023-03-24,2023-04-03,0.0090274153058433,2023,2022-12-31,learned_order_offset,20260910,0.3550974197538086,0.3550974197538086,0,1
fixed_transform_step25,2957,2023-03-31,2023-04-10,0.0178317182396383,2023,2022-12-31,learned_order_offset,20260910,0.38476763491007665,0.38476763491007665,0,1
fixed_transform_step25,2902,2023-01-06,2023-01-16,0.0198447929614133,2023,2022-12-31,learned_market,20260911,0.4109996836659653,0.4109996836659653,0,1
fixed_transform_step25,2907,2023-01-13,2023-01-30,0.0465290788350809,2023,2022-12-31,learned_market,20260911,0.344318482304961,0.344318482304961,0,1
fixed_transform_step25,2912,2023-01-20,2023-02-06,-0.0383797057844887,2023,2022-12-31,learned_market,20260911,0.6588589521771411,0.6588589521771411,1,0
fixed_transform_step25,2917,2023-02-03,2023-02-13,-0.0012061903149008,2023,2022-12-31,learned_market,20260911,0.5846417083500102,0.5846417083500102,1,0
fixed_transform_step25,2922,2023-02-10,2023-02-20,-0.0143746584432821,2023,2022-12-31,learned_market,20260911,0.37229435163057095,0.37229435163057095,0,0
fixed_transform_step25,2927,2023-02-17,2023-02-27,0.0001237636016198,2023,2022-12-31,learned_market,20260911,0.4278917331001193,0.4278917331001193,0,1
fixed_transform_step25,2932,2023-02-24,2023-03-06,0.0224454641303217,2023,2022-12-31,learned_market,20260911,0.6524353768671635,0.6524353768671635,1,1
fixed_transform_step25,2937,2023-03-03,2023-03-13,-0.0407900947678007,2023,2022-12-31,learned_market,20260911,0.767620468884498,0.767620468884498,1,0
fixed_transform_step25,2942,2023-03-10,2023-03-20,5.0471402903706775e-06,2023,2022-12-31,learned_market,20260911,0.6078004132598206,0.6078004132598206,1,1
fixed_transform_step25,2947,2023-03-17,2023-03-27,0.015302852124583,2023,2022-12-31,learned_market,20260911,0.41902195233093853,0.41902195233093853,0,1
fixed_transform_step25,2952,2023-03-24,2023-04-03,0.0090274153058433,2023,2022-12-31,learned_market,20260911,0.4677158880927443,0.4677158880927443,0,1
fixed_transform_step25,2957,2023-03-31,2023-04-10,0.0178317182396383,2023,2022-12-31,learned_market,20260911,0.5644297293997745,0.5644297293997745,1,1
fixed_transform_step25,2902,2023-01-06,2023-01-16,0.0198447929614133,2023,2022-12-31,learned_vol_interaction,20260911,0.40969442309749926,0.40969442309749926,0,1
fixed_transform_step25,2907,2023-01-13,2023-01-30,0.0465290788350809,2023,2022-12-31,learned_vol_interaction,20260911,0.36456829174456845,0.36456829174456845,0,1
fixed_transform_step25,2912,2023-01-20,2023-02-06,-0.0383797057844887,2023,2022-12-31,learned_vol_interaction,20260911,0.5794436004575169,0.5794436004575169,1,0
fixed_transform_step25,2917,2023-02-03,2023-02-13,-0.0012061903149008,2023,2022-12-31,learned_vol_interaction,20260911,0.5514968469417321,0.5514968469417321,1,0
fixed_transform_step25,2922,2023-02-10,2023-02-20,-0.0143746584432821,2023,2022-12-31,learned_vol_interaction,20260911,0.3927055424872561,0.3927055424872561,0,0
fixed_transform_step25,2927,2023-02-17,2023-02-27,0.0001237636016198,2023,2022-12-31,learned_vol_interaction,20260911,0.44774683758526995,0.44774683758526995,0,1
fixed_transform_step25,2932,2023-02-24,2023-03-06,0.0224454641303217,2023,2022-12-31,learned_vol_interaction,20260911,0.619096546985403,0.619096546985403,1,1
fixed_transform_step25,2937,2023-03-03,2023-03-13,-0.0407900947678007,2023,2022-12-31,learned_vol_interaction,20260911,0.7361671223361639,0.7361671223361639,1,0
fixed_transform_step25,2942,2023-03-10,2023-03-20,5.0471402903706775e-06,2023,2022-12-31,learned_vol_interaction,20260911,0.5923713060138441,0.5923713060138441,1,1
fixed_transform_step25,2947,2023-03-17,2023-03-27,0.015302852124583,2023,2022-12-31,learned_vol_interaction,20260911,0.44129297023126407,0.44129297023126407,0,1
fixed_transform_step25,2952,2023-03-24,2023-04-03,0.0090274153058433,2023,2022-12-31,learned_vol_interaction,20260911,0.48118952805584325,0.48118952805584325,0,1
fixed_transform_step25,2957,2023-03-31,2023-04-10,0.0178317182396383,2023,2022-12-31,learned_vol_interaction,20260911,0.5581984383579583,0.5581984383579583,1,1
fixed_transform_step25,2902,2023-01-06,2023-01-16,0.0198447929614133,2023,2022-12-31,learned_order_extension,20260911,0.4111458737354107,0.4111458737354107,0,1
fixed_transform_step25,2907,2023-01-13,2023-01-30,0.0465290788350809,2023,2022-12-31,learned_order_extension,20260911,0.36472782557647304,0.36472782557647304,0,1
fixed_transform_step25,2912,2023-01-20,2023-02-06,-0.0383797057844887,2023,2022-12-31,learned_order_extension,20260911,0.5780473136480286,0.5780473136480286,1,0
fixed_transform_step25,2917,2023-02-03,2023-02-13,-0.0012061903149008,2023,2022-12-31,learned_order_extension,20260911,0.5514322848293292,0.5514322848293292,1,0
fixed_transform_step25,2922,2023-02-10,2023-02-20,-0.0143746584432821,2023,2022-12-31,learned_order_extension,20260911,0.3920291907474336,0.3920291907474336,0,0
fixed_transform_step25,2927,2023-02-17,2023-02-27,0.0001237636016198,2023,2022-12-31,learned_order_extension,20260911,0.4473244932999703,0.4473244932999703,0,1
fixed_transform_step25,2932,2023-02-24,2023-03-06,0.0224454641303217,2023,2022-12-31,learned_order_extension,20260911,0.6194433589464242,0.6194433589464242,1,1
fixed_transform_step25,2937,2023-03-03,2023-03-13,-0.0407900947678007,2023,2022-12-31,learned_order_extension,20260911,0.7367440693214489,0.7367440693214489,1,0
fixed_transform_step25,2942,2023-03-10,2023-03-20,5.0471402903706775e-06,2023,2022-12-31,learned_order_extension,20260911,0.5926520405957385,0.5926520405957385,1,1
fixed_transform_step25,2947,2023-03-17,2023-03-27,0.015302852124583,2023,2022-12-31,learned_order_extension,20260911,0.44150652320643097,0.44150652320643097,0,1
fixed_transform_step25,2952,2023-03-24,2023-04-03,0.0090274153058433,2023,2022-12-31,learned_order_extension,20260911,0.4806406899115495,0.4806406899115495,0,1
fixed_transform_step25,2957,2023-03-31,2023-04-10,0.0178317182396383,2023,2022-12-31,learned_order_extension,20260911,0.5564015664237618,0.5564015664237618,1,1
fixed_transform_step25,2902,2023-01-06,2023-01-16,0.0198447929614133,2023,2022-12-31,learned_order_offset,20260911,0.41117201615041793,0.41117201615041793,0,1
fixed_transform_step25,2907,2023-01-13,2023-01-30,0.0465290788350809,2023,2022-12-31,learned_order_offset,20260911,0.364680620051655,0.364680620051655,0,1
fixed_transform_step25,2912,2023-01-20,2023-02-06,-0.0383797057844887,2023,2022-12-31,learned_order_offset,20260911,0.578179649696222,0.578179649696222,1,0
fixed_transform_step25,2917,2023-02-03,2023-02-13,-0.0012061903149008,2023,2022-12-31,learned_order_offset,20260911,0.5515128874638535,0.5515128874638535,1,0
fixed_transform_step25,2922,2023-02-10,2023-02-20,-0.0143746584432821,2023,2022-12-31,learned_order_offset,20260911,0.39192014326711666,0.39192014326711666,0,0
fixed_transform_step25,2927,2023-02-17,2023-02-27,0.0001237636016198,2023,2022-12-31,learned_order_offset,20260911,0.44735551730013157,0.44735551730013157,0,1
fixed_transform_step25,2932,2023-02-24,2023-03-06,0.0224454641303217,2023,2022-12-31,learned_order_offset,20260911,0.6194755772192605,0.6194755772192605,1,1
fixed_transform_step25,2937,2023-03-03,2023-03-13,-0.0407900947678007,2023,2022-12-31,learned_order_offset,20260911,0.7367890366176728,0.7367890366176728,1,0
fixed_transform_step25,2942,2023-03-10,2023-03-20,5.0471402903706775e-06,2023,2022-12-31,learned_order_offset,20260911,0.5927141757173765,0.5927141757173765,1,1
fixed_transform_step25,2947,2023-03-17,2023-03-27,0.015302852124583,2023,2022-12-31,learned_order_offset,20260911,0.44144992787218895,0.44144992787218895,0,1
fixed_transform_step25,2952,2023-03-24,2023-04-03,0.0090274153058433,2023,2022-12-31,learned_order_offset,20260911,0.48064826466248156,0.48064826466248156,0,1
fixed_transform_step25,2957,2023-03-31,2023-04-10,0.0178317182396383,2023,2022-12-31,learned_order_offset,20260911,0.556461403271004,0.556461403271004,1,1
fixed_transform_step25,2902,2023-01-06,2023-01-16,0.0198447929614133,2023,2022-12-31,learned_market,20260912,0.30052885603711643,0.30052885603711643,0,1
fixed_transform_step25,2907,2023-01-13,2023-01-30,0.0465290788350809,2023,2022-12-31,learned_market,20260912,0.25642703962175933,0.25642703962175933,0,1
fixed_transform_step25,2912,2023-01-20,2023-02-06,-0.0383797057844887,2023,2022-12-31,learned_market,20260912,0.6884031394091166,0.6884031394091166,1,0
fixed_transform_step25,2917,2023-02-03,2023-02-13,-0.0012061903149008,2023,2022-12-31,learned_market,20260912,0.48719446040105807,0.48719446040105807,0,0
fixed_transform_step25,2922,2023-02-10,2023-02-20,-0.0143746584432821,2023,2022-12-31,learned_market,20260912,0.25478983111842135,0.25478983111842135,0,0
fixed_transform_step25,2927,2023-02-17,2023-02-27,0.0001237636016198,2023,2022-12-31,learned_market,20260912,0.4079835806267681,0.4079835806267681,0,1
fixed_transform_step25,2932,2023-02-24,2023-03-06,0.0224454641303217,2023,2022-12-31,learned_market,20260912,0.7137242634797857,0.7137242634797857,1,1
fixed_transform_step25,2937,2023-03-03,2023-03-13,-0.0407900947678007,2023,2022-12-31,learned_market,20260912,0.5807881322909977,0.5807881322909977,1,0
fixed_transform_step25,2942,2023-03-10,2023-03-20,5.0471402903706775e-06,2023,2022-12-31,learned_market,20260912,0.41460120883303464,0.41460120883303464,0,1
fixed_transform_step25,2947,2023-03-17,2023-03-27,0.015302852124583,2023,2022-12-31,learned_market,20260912,0.30490069121650976,0.30490069121650976,0,1
fixed_transform_step25,2952,2023-03-24,2023-04-03,0.0090274153058433,2023,2022-12-31,learned_market,20260912,0.5481390563099999,0.5481390563099999,1,1
fixed_transform_step25,2957,2023-03-31,2023-04-10,0.0178317182396383,2023,2022-12-31,learned_market,20260912,0.611788401190659,0.611788401190659,1,1
fixed_transform_step25,2902,2023-01-06,2023-01-16,0.0198447929614133,2023,2022-12-31,learned_vol_interaction,20260912,0.28965659740268485,0.28965659740268485,0,1
fixed_transform_step25,2907,2023-01-13,2023-01-30,0.0465290788350809,2023,2022-12-31,learned_vol_interaction,20260912,0.24376767561556023,0.24376767561556023,0,1
fixed_transform_step25,2912,2023-01-20,2023-02-06,-0.0383797057844887,2023,2022-12-31,learned_vol_interaction,20260912,0.7144269683090918,0.7144269683090918,1,0
fixed_transform_step25,2917,2023-02-03,2023-02-13,-0.0012061903149008,2023,2022-12-31,learned_vol_interaction,20260912,0.48449097695552545,0.48449097695552545,0,0
fixed_transform_step25,2922,2023-02-10,2023-02-20,-0.0143746584432821,2023,2022-12-31,learned_vol_interaction,20260912,0.24568395555451436,0.24568395555451436,0,0
fixed_transform_step25,2927,2023-02-17,2023-02-27,0.0001237636016198,2023,2022-12-31,learned_vol_interaction,20260912,0.4043340500782045,0.4043340500782045,0,1
fixed_transform_step25,2932,2023-02-24,2023-03-06,0.0224454641303217,2023,2022-12-31,learned_vol_interaction,20260912,0.7237644100552868,0.7237644100552868,1,1
fixed_transform_step25,2937,2023-03-03,2023-03-13,-0.0407900947678007,2023,2022-12-31,learned_vol_interaction,20260912,0.5909800662310533,0.5909800662310533,1,0
fixed_transform_step25,2942,2023-03-10,2023-03-20,5.0471402903706775e-06,2023,2022-12-31,learned_vol_interaction,20260912,0.42073806711796297,0.42073806711796297,0,1
fixed_transform_step25,2947,2023-03-17,2023-03-27,0.015302852124583,2023,2022-12-31,learned_vol_interaction,20260912,0.29115877511006416,0.29115877511006416,0,1
fixed_transform_step25,2952,2023-03-24,2023-04-03,0.0090274153058433,2023,2022-12-31,learned_vol_interaction,20260912,0.5529999746105244,0.5529999746105244,1,1
fixed_transform_step25,2957,2023-03-31,2023-04-10,0.0178317182396383,2023,2022-12-31,learned_vol_interaction,20260912,0.632100803954458,0.632100803954458,1,1
fixed_transform_step25,2902,2023-01-06,2023-01-16,0.0198447929614133,2023,2022-12-31,learned_order_extension,20260912,0.3320870087441045,0.3320870087441045,0,1
fixed_transform_step25,2907,2023-01-13,2023-01-30,0.0465290788350809,2023,2022-12-31,learned_order_extension,20260912,0.27988954900977053,0.27988954900977053,0,1
fixed_transform_step25,2912,2023-01-20,2023-02-06,-0.0383797057844887,2023,2022-12-31,learned_order_extension,20260912,0.6620064456911843,0.6620064456911843,1,0
fixed_transform_step25,2917,2023-02-03,2023-02-13,-0.0012061903149008,2023,2022-12-31,learned_order_extension,20260912,0.47399209037220413,0.47399209037220413,0,0
fixed_transform_step25,2922,2023-02-10,2023-02-20,-0.0143746584432821,2023,2022-12-31,learned_order_extension,20260912,0.24616016767148868,0.24616016767148868,0,0
fixed_transform_step25,2927,2023-02-17,2023-02-27,0.0001237636016198,2023,2022-12-31,learned_order_extension,20260912,0.39614793530843245,0.39614793530843245,0,1
fixed_transform_step25,2932,2023-02-24,2023-03-06,0.0224454641303217,2023,2022-12-31,learned_order_extension,20260912,0.7129289281429624,0.7129289281429624,1,1
fixed_transform_step25,2937,2023-03-03,2023-03-13,-0.0407900947678007,2023,2022-12-31,learned_order_extension,20260912,0.5872179709776264,0.5872179709776264,1,0
fixed_transform_step25,2942,2023-03-10,2023-03-20,5.0471402903706775e-06,2023,2022-12-31,learned_order_extension,20260912,0.45917963346836393,0.45917963346836393,0,1
fixed_transform_step25,2947,2023-03-17,2023-03-27,0.015302852124583,2023,2022-12-31,learned_order_extension,20260912,0.3321757909492291,0.3321757909492291,0,1
fixed_transform_step25,2952,2023-03-24,2023-04-03,0.0090274153058433,2023,2022-12-31,learned_order_extension,20260912,0.5428268381901444,0.5428268381901444,1,1
fixed_transform_step25,2957,2023-03-31,2023-04-10,0.0178317182396383,2023,2022-12-31,learned_order_extension,20260912,0.5750765947333518,0.5750765947333518,1,1
fixed_transform_step25,2902,2023-01-06,2023-01-16,0.0198447929614133,2023,2022-12-31,learned_order_offset,20260912,0.33518639317613286,0.33518639317613286,0,1
fixed_transform_step25,2907,2023-01-13,2023-01-30,0.0465290788350809,2023,2022-12-31,learned_order_offset,20260912,0.283926532884273,0.283926532884273,0,1
fixed_transform_step25,2912,2023-01-20,2023-02-06,-0.0383797057844887,2023,2022-12-31,learned_order_offset,20260912,0.656265266213206,0.656265266213206,1,0
fixed_transform_step25,2917,2023-02-03,2023-02-13,-0.0012061903149008,2023,2022-12-31,learned_order_offset,20260912,0.47265762776020354,0.47265762776020354,0,0
fixed_transform_step25,2922,2023-02-10,2023-02-20,-0.0143746584432821,2023,2022-12-31,learned_order_offset,20260912,0.2502577591654617,0.2502577591654617,0,0
fixed_transform_step25,2927,2023-02-17,2023-02-27,0.0001237636016198,2023,2022-12-31,learned_order_offset,20260912,0.3981719184557722,0.3981719184557722,0,1
fixed_transform_step25,2932,2023-02-24,2023-03-06,0.0224454641303217,2023,2022-12-31,learned_order_offset,20260912,0.7071114667508918,0.7071114667508918,1,1
fixed_transform_step25,2937,2023-03-03,2023-03-13,-0.0407900947678007,2023,2022-12-31,learned_order_offset,20260912,0.5854544425200702,0.5854544425200702,1,0
fixed_transform_step25,2942,2023-03-10,2023-03-20,5.0471402903706775e-06,2023,2022-12-31,learned_order_offset,20260912,0.4623204109511431,0.4623204109511431,0,1
fixed_transform_step25,2947,2023-03-17,2023-03-27,0.015302852124583,2023,2022-12-31,learned_order_offset,20260912,0.339217920591994,0.339217920591994,0,1
fixed_transform_step25,2952,2023-03-24,2023-04-03,0.0090274153058433,2023,2022-12-31,learned_order_offset,20260912,0.5430909588293242,0.5430909588293242,1,1
fixed_transform_step25,2957,2023-03-31,2023-04-10,0.0178317182396383,2023,2022-12-31,learned_order_offset,20260912,0.5725347377994414,0.5725347377994414,1,1
fixed_transform_step25,2961,2023-04-07,2023-04-17,-0.0101500238382772,2023,2023-03-31,learned_market,20260910,0.5844481918298821,0.5844481918298821,1,0
fixed_transform_step25,2966,2023-04-14,2023-04-24,-0.014368947230732,2023,2023-03-31,learned_market,20260910,0.33795587496242335,0.33795587496242335,0,0
fixed_transform_step25,2971,2023-04-21,2023-05-04,-0.0044228908788729,2023,2023-03-31,learned_market,20260910,0.50456873891813,0.50456873891813,1,0
fixed_transform_step25,2976,2023-04-28,2023-05-10,0.0036477163153083,2023,2023-03-31,learned_market,20260910,0.3842237112842748,0.3842237112842748,0,1
fixed_transform_step25,2978,2023-05-05,2023-05-15,-0.0221642407977935,2023,2023-03-31,learned_market,20260910,0.4569528282537253,0.4569528282537253,0,0
fixed_transform_step25,2983,2023-05-12,2023-05-22,0.0005509250208819,2023,2023-03-31,learned_market,20260910,0.3318818533662174,0.3318818533662174,0,1
fixed_transform_step25,2988,2023-05-19,2023-05-29,-0.0200253742704897,2023,2023-03-31,learned_market,20260910,0.5575264739337293,0.5575264739337293,1,0
fixed_transform_step25,2993,2023-05-26,2023-06-05,-0.0003935703040848,2023,2023-03-31,learned_market,20260910,0.5211393267155717,0.5211393267155717,1,0
fixed_transform_step25,2998,2023-06-02,2023-06-12,-0.0086075595250429,2023,2023-03-31,learned_market,20260910,0.45266097701336416,0.45266097701336416,0,0
fixed_transform_step25,3003,2023-06-09,2023-06-19,0.0338878539347273,2023,2023-03-31,learned_market,20260910,0.3982209801733188,0.3982209801733188,0,1
fixed_transform_step25,3008,2023-06-16,2023-07-03,-0.026216632171098,2023,2023-03-31,learned_market,20260910,0.3978165513179543,0.3978165513179543,0,0
fixed_transform_step25,3016,2023-06-30,2023-07-10,-0.0030441518806006,2023,2023-03-31,learned_market,20260910,0.43279051596700674,0.43279051596700674,0,0
fixed_transform_step25,2961,2023-04-07,2023-04-17,-0.0101500238382772,2023,2023-03-31,learned_vol_interaction,20260910,0.5899705511762012,0.5899705511762012,1,0
fixed_transform_step25,2966,2023-04-14,2023-04-24,-0.014368947230732,2023,2023-03-31,learned_vol_interaction,20260910,0.3262759898704929,0.3262759898704929,0,0
fixed_transform_step25,2971,2023-04-21,2023-05-04,-0.0044228908788729,2023,2023-03-31,learned_vol_interaction,20260910,0.5010379579202124,0.5010379579202124,1,0
fixed_transform_step25,2976,2023-04-28,2023-05-10,0.0036477163153083,2023,2023-03-31,learned_vol_interaction,20260910,0.3774527311851238,0.3774527311851238,0,1
fixed_transform_step25,2978,2023-05-05,2023-05-15,-0.0221642407977935,2023,2023-03-31,learned_vol_interaction,20260910,0.4522423242535071,0.4522423242535071,0,0
fixed_transform_step25,2983,2023-05-12,2023-05-22,0.0005509250208819,2023,2023-03-31,learned_vol_interaction,20260910,0.32664456427689004,0.32664456427689004,0,1
fixed_transform_step25,2988,2023-05-19,2023-05-29,-0.0200253742704897,2023,2023-03-31,learned_vol_interaction,20260910,0.565886738661938,0.565886738661938,1,0
fixed_transform_step25,2993,2023-05-26,2023-06-05,-0.0003935703040848,2023,2023-03-31,learned_vol_interaction,20260910,0.5214336358832025,0.5214336358832025,1,0
fixed_transform_step25,2998,2023-06-02,2023-06-12,-0.0086075595250429,2023,2023-03-31,learned_vol_interaction,20260910,0.45127161621768364,0.45127161621768364,0,0
fixed_transform_step25,3003,2023-06-09,2023-06-19,0.0338878539347273,2023,2023-03-31,learned_vol_interaction,20260910,0.39577570721386174,0.39577570721386174,0,1
fixed_transform_step25,3008,2023-06-16,2023-07-03,-0.026216632171098,2023,2023-03-31,learned_vol_interaction,20260910,0.3962179300427351,0.3962179300427351,0,0
fixed_transform_step25,3016,2023-06-30,2023-07-10,-0.0030441518806006,2023,2023-03-31,learned_vol_interaction,20260910,0.4326777163071365,0.4326777163071365,0,0
fixed_transform_step25,2961,2023-04-07,2023-04-17,-0.0101500238382772,2023,2023-03-31,learned_order_extension,20260910,0.5635541637586292,0.5635541637586292,1,0
fixed_transform_step25,2966,2023-04-14,2023-04-24,-0.014368947230732,2023,2023-03-31,learned_order_extension,20260910,0.3246174372218804,0.3246174372218804,0,0
fixed_transform_step25,2971,2023-04-21,2023-05-04,-0.0044228908788729,2023,2023-03-31,learned_order_extension,20260910,0.529069617559783,0.529069617559783,1,0
fixed_transform_step25,2976,2023-04-28,2023-05-10,0.0036477163153083,2023,2023-03-31,learned_order_extension,20260910,0.4193547534083038,0.4193547534083038,0,1
fixed_transform_step25,2978,2023-05-05,2023-05-15,-0.0221642407977935,2023,2023-03-31,learned_order_extension,20260910,0.46756018576684516,0.46756018576684516,0,0
fixed_transform_step25,2983,2023-05-12,2023-05-22,0.0005509250208819,2023,2023-03-31,learned_order_extension,20260910,0.3953937218964177,0.3953937218964177,0,1
fixed_transform_step25,2988,2023-05-19,2023-05-29,-0.0200253742704897,2023,2023-03-31,learned_order_extension,20260910,0.5455446447923626,0.5455446447923626,1,0
fixed_transform_step25,2993,2023-05-26,2023-06-05,-0.0003935703040848,2023,2023-03-31,learned_order_extension,20260910,0.5239374959859514,0.5239374959859514,1,0
fixed_transform_step25,2998,2023-06-02,2023-06-12,-0.0086075595250429,2023,2023-03-31,learned_order_extension,20260910,0.47073844998072817,0.47073844998072817,0,0
fixed_transform_step25,3003,2023-06-09,2023-06-19,0.0338878539347273,2023,2023-03-31,learned_order_extension,20260910,0.4490223198618236,0.4490223198618236,0,1
fixed_transform_step25,3008,2023-06-16,2023-07-03,-0.026216632171098,2023,2023-03-31,learned_order_extension,20260910,0.4420801141722651,0.4420801141722651,0,0
fixed_transform_step25,3016,2023-06-30,2023-07-10,-0.0030441518806006,2023,2023-03-31,learned_order_extension,20260910,0.45713469040166604,0.45713469040166604,0,0
fixed_transform_step25,2961,2023-04-07,2023-04-17,-0.0101500238382772,2023,2023-03-31,learned_order_offset,20260910,0.562393782028668,0.562393782028668,1,0
fixed_transform_step25,2966,2023-04-14,2023-04-24,-0.014368947230732,2023,2023-03-31,learned_order_offset,20260910,0.32350886389245365,0.32350886389245365,0,0
fixed_transform_step25,2971,2023-04-21,2023-05-04,-0.0044228908788729,2023,2023-03-31,learned_order_offset,20260910,0.5309646843198578,0.5309646843198578,1,0
fixed_transform_step25,2976,2023-04-28,2023-05-10,0.0036477163153083,2023,2023-03-31,learned_order_offset,20260910,0.42045224656905295,0.42045224656905295,0,1
fixed_transform_step25,2978,2023-05-05,2023-05-15,-0.0221642407977935,2023,2023-03-31,learned_order_offset,20260910,0.46821284084011355,0.46821284084011355,0,0
fixed_transform_step25,2983,2023-05-12,2023-05-22,0.0005509250208819,2023,2023-03-31,learned_order_offset,20260910,0.3961768160984494,0.3961768160984494,0,1
fixed_transform_step25,2988,2023-05-19,2023-05-29,-0.0200253742704897,2023,2023-03-31,learned_order_offset,20260910,0.5452181556001554,0.5452181556001554,1,0
fixed_transform_step25,2993,2023-05-26,2023-06-05,-0.0003935703040848,2023,2023-03-31,learned_order_offset,20260910,0.5242808304508288,0.5242808304508288,1,0
fixed_transform_step25,2998,2023-06-02,2023-06-12,-0.0086075595250429,2023,2023-03-31,learned_order_offset,20260910,0.4717373918046543,0.4717373918046543,0,0
fixed_transform_step25,3003,2023-06-09,2023-06-19,0.0338878539347273,2023,2023-03-31,learned_order_offset,20260910,0.4508978829660103,0.4508978829660103,0,1
fixed_transform_step25,3008,2023-06-16,2023-07-03,-0.026216632171098,2023,2023-03-31,learned_order_offset,20260910,0.4423795046963802,0.4423795046963802,0,0
fixed_transform_step25,3016,2023-06-30,2023-07-10,-0.0030441518806006,2023,2023-03-31,learned_order_offset,20260910,0.4579397624792465,0.4579397624792465,0,0
fixed_transform_step25,2961,2023-04-07,2023-04-17,-0.0101500238382772,2023,2023-03-31,learned_market,20260911,0.5153367640306787,0.5153367640306787,1,0
fixed_transform_step25,2966,2023-04-14,2023-04-24,-0.014368947230732,2023,2023-03-31,learned_market,20260911,0.5185530338991796,0.5185530338991796,1,0
fixed_transform_step25,2971,2023-04-21,2023-05-04,-0.0044228908788729,2023,2023-03-31,learned_market,20260911,0.3799753487271662,0.3799753487271662,0,0
fixed_transform_step25,2976,2023-04-28,2023-05-10,0.0036477163153083,2023,2023-03-31,learned_market,20260911,0.3564141151873915,0.3564141151873915,0,1
fixed_transform_step25,2978,2023-05-05,2023-05-15,-0.0221642407977935,2023,2023-03-31,learned_market,20260911,0.3456634807198064,0.3456634807198064,0,0
fixed_transform_step25,2983,2023-05-12,2023-05-22,0.0005509250208819,2023,2023-03-31,learned_market,20260911,0.50269141527232,0.50269141527232,1,1
fixed_transform_step25,2988,2023-05-19,2023-05-29,-0.0200253742704897,2023,2023-03-31,learned_market,20260911,0.7483492750523241,0.7483492750523241,1,0
fixed_transform_step25,2993,2023-05-26,2023-06-05,-0.0003935703040848,2023,2023-03-31,learned_market,20260911,0.5115714091223397,0.5115714091223397,1,0
fixed_transform_step25,2998,2023-06-02,2023-06-12,-0.0086075595250429,2023,2023-03-31,learned_market,20260911,0.4104244073518685,0.4104244073518685,0,0
fixed_transform_step25,3003,2023-06-09,2023-06-19,0.0338878539347273,2023,2023-03-31,learned_market,20260911,0.4698760321796569,0.4698760321796569,0,1
fixed_transform_step25,3008,2023-06-16,2023-07-03,-0.026216632171098,2023,2023-03-31,learned_market,20260911,0.4377012331212511,0.4377012331212511,0,0
fixed_transform_step25,3016,2023-06-30,2023-07-10,-0.0030441518806006,2023,2023-03-31,learned_market,20260911,0.5013921650398843,0.5013921650398843,1,0
fixed_transform_step25,2961,2023-04-07,2023-04-17,-0.0101500238382772,2023,2023-03-31,learned_vol_interaction,20260911,0.5078108246093108,0.5078108246093108,1,0
fixed_transform_step25,2966,2023-04-14,2023-04-24,-0.014368947230732,2023,2023-03-31,learned_vol_interaction,20260911,0.49710404978824263,0.49710404978824263,0,0
fixed_transform_step25,2971,2023-04-21,2023-05-04,-0.0044228908788729,2023,2023-03-31,learned_vol_interaction,20260911,0.4062950467329178,0.4062950467329178,0,0
fixed_transform_step25,2976,2023-04-28,2023-05-10,0.0036477163153083,2023,2023-03-31,learned_vol_interaction,20260911,0.3836259103337245,0.3836259103337245,0,1
fixed_transform_step25,2978,2023-05-05,2023-05-15,-0.0221642407977935,2023,2023-03-31,learned_vol_interaction,20260911,0.39066293428165505,0.39066293428165505,0,0
fixed_transform_step25,2983,2023-05-12,2023-05-22,0.0005509250208819,2023,2023-03-31,learned_vol_interaction,20260911,0.528908436284729,0.528908436284729,1,1
fixed_transform_step25,2988,2023-05-19,2023-05-29,-0.0200253742704897,2023,2023-03-31,learned_vol_interaction,20260911,0.7048157411302629,0.7048157411302629,1,0
fixed_transform_step25,2993,2023-05-26,2023-06-05,-0.0003935703040848,2023,2023-03-31,learned_vol_interaction,20260911,0.5194978292036115,0.5194978292036115,1,0
fixed_transform_step25,2998,2023-06-02,2023-06-12,-0.0086075595250429,2023,2023-03-31,learned_vol_interaction,20260911,0.4277061274929697,0.4277061274929697,0,0
fixed_transform_step25,3003,2023-06-09,2023-06-19,0.0338878539347273,2023,2023-03-31,learned_vol_interaction,20260911,0.4901832395924289,0.4901832395924289,0,1
fixed_transform_step25,3008,2023-06-16,2023-07-03,-0.026216632171098,2023,2023-03-31,learned_vol_interaction,20260911,0.46308636729276936,0.46308636729276936,0,0
fixed_transform_step25,3016,2023-06-30,2023-07-10,-0.0030441518806006,2023,2023-03-31,learned_vol_interaction,20260911,0.5076257648786662,0.5076257648786662,1,0
fixed_transform_step25,2961,2023-04-07,2023-04-17,-0.0101500238382772,2023,2023-03-31,learned_order_extension,20260911,0.507566959201907,0.507566959201907,1,0
fixed_transform_step25,2966,2023-04-14,2023-04-24,-0.014368947230732,2023,2023-03-31,learned_order_extension,20260911,0.4982662150238666,0.4982662150238666,0,0
fixed_transform_step25,2971,2023-04-21,2023-05-04,-0.0044228908788729,2023,2023-03-31,learned_order_extension,20260911,0.40819205614880505,0.40819205614880505,0,0
fixed_transform_step25,2976,2023-04-28,2023-05-10,0.0036477163153083,2023,2023-03-31,learned_order_extension,20260911,0.3880425883956204,0.3880425883956204,0,1
fixed_transform_step25,2978,2023-05-05,2023-05-15,-0.0221642407977935,2023,2023-03-31,learned_order_extension,20260911,0.39474279540250234,0.39474279540250234,0,0
fixed_transform_step25,2983,2023-05-12,2023-05-22,0.0005509250208819,2023,2023-03-31,learned_order_extension,20260911,0.528972166302035,0.528972166302035,1,1
fixed_transform_step25,2988,2023-05-19,2023-05-29,-0.0200253742704897,2023,2023-03-31,learned_order_extension,20260911,0.6987974331605098,0.6987974331605098,1,0
fixed_transform_step25,2993,2023-05-26,2023-06-05,-0.0003935703040848,2023,2023-03-31,learned_order_extension,20260911,0.5203904396924958,0.5203904396924958,1,0
fixed_transform_step25,2998,2023-06-02,2023-06-12,-0.0086075595250429,2023,2023-03-31,learned_order_extension,20260911,0.43135683625282684,0.43135683625282684,0,0
fixed_transform_step25,3003,2023-06-09,2023-06-19,0.0338878539347273,2023,2023-03-31,learned_order_extension,20260911,0.4916906353563183,0.4916906353563183,0,1
fixed_transform_step25,3008,2023-06-16,2023-07-03,-0.026216632171098,2023,2023-03-31,learned_order_extension,20260911,0.46549241196109503,0.46549241196109503,0,0
fixed_transform_step25,3016,2023-06-30,2023-07-10,-0.0030441518806006,2023,2023-03-31,learned_order_extension,20260911,0.5060274398478662,0.5060274398478662,1,0
fixed_transform_step25,2961,2023-04-07,2023-04-17,-0.0101500238382772,2023,2023-03-31,learned_order_offset,20260911,0.507508506656608,0.507508506656608,1,0
fixed_transform_step25,2966,2023-04-14,2023-04-24,-0.014368947230732,2023,2023-03-31,learned_order_offset,20260911,0.4980808533800915,0.4980808533800915,0,0
fixed_transform_step25,2971,2023-04-21,2023-05-04,-0.0044228908788729,2023,2023-03-31,learned_order_offset,20260911,0.4080345767205735,0.4080345767205735,0,0
fixed_transform_step25,2976,2023-04-28,2023-05-10,0.0036477163153083,2023,2023-03-31,learned_order_offset,20260911,0.3879389174490909,0.3879389174490909,0,1
fixed_transform_step25,2978,2023-05-05,2023-05-15,-0.0221642407977935,2023,2023-03-31,learned_order_offset,20260911,0.394628528423799,0.394628528423799,0,0
fixed_transform_step25,2983,2023-05-12,2023-05-22,0.0005509250208819,2023,2023-03-31,learned_order_offset,20260911,0.5288187082500467,0.5288187082500467,1,1
fixed_transform_step25,2988,2023-05-19,2023-05-29,-0.0200253742704897,2023,2023-03-31,learned_order_offset,20260911,0.6988275051845406,0.6988275051845406,1,0
fixed_transform_step25,2993,2023-05-26,2023-06-05,-0.0003935703040848,2023,2023-03-31,learned_order_offset,20260911,0.5203105285448706,0.5203105285448706,1,0
fixed_transform_step25,2998,2023-06-02,2023-06-12,-0.0086075595250429,2023,2023-03-31,learned_order_offset,20260911,0.43132204371512844,0.43132204371512844,0,0
fixed_transform_step25,3003,2023-06-09,2023-06-19,0.0338878539347273,2023,2023-03-31,learned_order_offset,20260911,0.49162058088818494,0.49162058088818494,0,1
fixed_transform_step25,3008,2023-06-16,2023-07-03,-0.026216632171098,2023,2023-03-31,learned_order_offset,20260911,0.465409539819505,0.465409539819505,0,0
fixed_transform_step25,3016,2023-06-30,2023-07-10,-0.0030441518806006,2023,2023-03-31,learned_order_offset,20260911,0.5057902114232643,0.5057902114232643,1,0
fixed_transform_step25,2961,2023-04-07,2023-04-17,-0.0101500238382772,2023,2023-03-31,learned_market,20260912,0.6302671380505999,0.6302671380505999,1,0
fixed_transform_step25,2966,2023-04-14,2023-04-24,-0.014368947230732,2023,2023-03-31,learned_market,20260912,0.3808009978862175,0.3808009978862175,0,0
fixed_transform_step25,2971,2023-04-21,2023-05-04,-0.0044228908788729,2023,2023-03-31,learned_market,20260912,0.33251309837959475,0.33251309837959475,0,0
fixed_transform_step25,2976,2023-04-28,2023-05-10,0.0036477163153083,2023,2023-03-31,learned_market,20260912,0.4721783489414794,0.4721783489414794,0,1
fixed_transform_step25,2978,2023-05-05,2023-05-15,-0.0221642407977935,2023,2023-03-31,learned_market,20260912,0.32384727011920683,0.32384727011920683,0,0
fixed_transform_step25,2983,2023-05-12,2023-05-22,0.0005509250208819,2023,2023-03-31,learned_market,20260912,0.42541597332467246,0.42541597332467246,0,1
fixed_transform_step25,2988,2023-05-19,2023-05-29,-0.0200253742704897,2023,2023-03-31,learned_market,20260912,0.6605045248397046,0.6605045248397046,1,0
fixed_transform_step25,2993,2023-05-26,2023-06-05,-0.0003935703040848,2023,2023-03-31,learned_market,20260912,0.4771619039402823,0.4771619039402823,0,0
fixed_transform_step25,2998,2023-06-02,2023-06-12,-0.0086075595250429,2023,2023-03-31,learned_market,20260912,0.42190353846234385,0.42190353846234385,0,0
fixed_transform_step25,3003,2023-06-09,2023-06-19,0.0338878539347273,2023,2023-03-31,learned_market,20260912,0.3212973698271514,0.3212973698271514,0,1
fixed_transform_step25,3008,2023-06-16,2023-07-03,-0.026216632171098,2023,2023-03-31,learned_market,20260912,0.336397657192547,0.336397657192547,0,0
fixed_transform_step25,3016,2023-06-30,2023-07-10,-0.0030441518806006,2023,2023-03-31,learned_market,20260912,0.6165985679778371,0.6165985679778371,1,0
fixed_transform_step25,2961,2023-04-07,2023-04-17,-0.0101500238382772,2023,2023-03-31,learned_vol_interaction,20260912,0.6478133513557377,0.6478133513557377,1,0
fixed_transform_step25,2966,2023-04-14,2023-04-24,-0.014368947230732,2023,2023-03-31,learned_vol_interaction,20260912,0.3734408743623137,0.3734408743623137,0,0
fixed_transform_step25,2971,2023-04-21,2023-05-04,-0.0044228908788729,2023,2023-03-31,learned_vol_interaction,20260912,0.32613985731973455,0.32613985731973455,0,0
fixed_transform_step25,2976,2023-04-28,2023-05-10,0.0036477163153083,2023,2023-03-31,learned_vol_interaction,20260912,0.4682750644911267,0.4682750644911267,0,1
fixed_transform_step25,2978,2023-05-05,2023-05-15,-0.0221642407977935,2023,2023-03-31,learned_vol_interaction,20260912,0.31169847987689614,0.31169847987689614,0,0
fixed_transform_step25,2983,2023-05-12,2023-05-22,0.0005509250208819,2023,2023-03-31,learned_vol_interaction,20260912,0.43065254684077703,0.43065254684077703,0,1
fixed_transform_step25,2988,2023-05-19,2023-05-29,-0.0200253742704897,2023,2023-03-31,learned_vol_interaction,20260912,0.6716979268308285,0.6716979268308285,1,0
fixed_transform_step25,2993,2023-05-26,2023-06-05,-0.0003935703040848,2023,2023-03-31,learned_vol_interaction,20260912,0.48982482812286243,0.48982482812286243,0,0
fixed_transform_step25,2998,2023-06-02,2023-06-12,-0.0086075595250429,2023,2023-03-31,learned_vol_interaction,20260912,0.4121928836354518,0.4121928836354518,0,0
fixed_transform_step25,3003,2023-06-09,2023-06-19,0.0338878539347273,2023,2023-03-31,learned_vol_interaction,20260912,0.300709351942202,0.300709351942202,0,1
fixed_transform_step25,3008,2023-06-16,2023-07-03,-0.026216632171098,2023,2023-03-31,learned_vol_interaction,20260912,0.30966422688473283,0.30966422688473283,0,0
fixed_transform_step25,3016,2023-06-30,2023-07-10,-0.0030441518806006,2023,2023-03-31,learned_vol_interaction,20260912,0.6315577538918955,0.6315577538918955,1,0
fixed_transform_step25,2961,2023-04-07,2023-04-17,-0.0101500238382772,2023,2023-03-31,learned_order_extension,20260912,0.6272062731064811,0.6272062731064811,1,0
fixed_transform_step25,2966,2023-04-14,2023-04-24,-0.014368947230732,2023,2023-03-31,learned_order_extension,20260912,0.3980750980921074,0.3980750980921074,0,0
fixed_transform_step25,2971,2023-04-21,2023-05-04,-0.0044228908788729,2023,2023-03-31,learned_order_extension,20260912,0.36930882432620954,0.36930882432620954,0,0
fixed_transform_step25,2976,2023-04-28,2023-05-10,0.0036477163153083,2023,2023-03-31,learned_order_extension,20260912,0.46099870180189634,0.46099870180189634,0,1
fixed_transform_step25,2978,2023-05-05,2023-05-15,-0.0221642407977935,2023,2023-03-31,learned_order_extension,20260912,0.3598463517812733,0.3598463517812733,0,0
fixed_transform_step25,2983,2023-05-12,2023-05-22,0.0005509250208819,2023,2023-03-31,learned_order_extension,20260912,0.4663777019582968,0.4663777019582968,0,1
fixed_transform_step25,2988,2023-05-19,2023-05-29,-0.0200253742704897,2023,2023-03-31,learned_order_extension,20260912,0.5502287007222441,0.5502287007222441,1,0
fixed_transform_step25,2993,2023-05-26,2023-06-05,-0.0003935703040848,2023,2023-03-31,learned_order_extension,20260912,0.4847470626867468,0.4847470626867468,0,0
fixed_transform_step25,2998,2023-06-02,2023-06-12,-0.0086075595250429,2023,2023-03-31,learned_order_extension,20260912,0.4613205558452372,0.4613205558452372,0,0
fixed_transform_step25,3003,2023-06-09,2023-06-19,0.0338878539347273,2023,2023-03-31,learned_order_extension,20260912,0.38379851039130025,0.38379851039130025,0,1
fixed_transform_step25,3008,2023-06-16,2023-07-03,-0.026216632171098,2023,2023-03-31,learned_order_extension,20260912,0.41740739438527014,0.41740739438527014,0,0
fixed_transform_step25,3016,2023-06-30,2023-07-10,-0.0030441518806006,2023,2023-03-31,learned_order_extension,20260912,0.5796236903462744,0.5796236903462744,1,0
fixed_transform_step25,2961,2023-04-07,2023-04-17,-0.0101500238382772,2023,2023-03-31,learned_order_offset,20260912,0.6250518658260267,0.6250518658260267,1,0
fixed_transform_step25,2966,2023-04-14,2023-04-24,-0.014368947230732,2023,2023-03-31,learned_order_offset,20260912,0.4023578735942451,0.4023578735942451,0,0
fixed_transform_step25,2971,2023-04-21,2023-05-04,-0.0044228908788729,2023,2023-03-31,learned_order_offset,20260912,0.3734869546047243,0.3734869546047243,0,0
fixed_transform_step25,2976,2023-04-28,2023-05-10,0.0036477163153083,2023,2023-03-31,learned_order_offset,20260912,0.45976302605679714,0.45976302605679714,0,1
fixed_transform_step25,2978,2023-05-05,2023-05-15,-0.0221642407977935,2023,2023-03-31,learned_order_offset,20260912,0.36104915444725955,0.36104915444725955,0,0
fixed_transform_step25,2983,2023-05-12,2023-05-22,0.0005509250208819,2023,2023-03-31,learned_order_offset,20260912,0.4657636372093849,0.4657636372093849,0,1
fixed_transform_step25,2988,2023-05-19,2023-05-29,-0.0200253742704897,2023,2023-03-31,learned_order_offset,20260912,0.5411207818554787,0.5411207818554787,1,0
fixed_transform_step25,2993,2023-05-26,2023-06-05,-0.0003935703040848,2023,2023-03-31,learned_order_offset,20260912,0.48198585344649675,0.48198585344649675,0,0
fixed_transform_step25,2998,2023-06-02,2023-06-12,-0.0086075595250429,2023,2023-03-31,learned_order_offset,20260912,0.46802920095714934,0.46802920095714934,0,0
fixed_transform_step25,3003,2023-06-09,2023-06-19,0.0338878539347273,2023,2023-03-31,learned_order_offset,20260912,0.3946206095661782,0.3946206095661782,0,1
fixed_transform_step25,3008,2023-06-16,2023-07-03,-0.026216632171098,2023,2023-03-31,learned_order_offset,20260912,0.42426791948032244,0.42426791948032244,0,0
fixed_transform_step25,3016,2023-06-30,2023-07-10,-0.0030441518806006,2023,2023-03-31,learned_order_offset,20260912,0.582270516613846,0.582270516613846,1,0
fixed_transform_step25,3021,2023-07-07,2023-07-17,0.0104280552692135,2023,2023-06-30,learned_market,20260910,0.44510879566945105,0.44510879566945105,0,1
fixed_transform_step25,3026,2023-07-14,2023-07-24,-0.0201642613135752,2023,2023-06-30,learned_market,20260910,0.6779761196115431,0.6779761196115431,1,0
fixed_transform_step25,3031,2023-07-21,2023-07-31,0.0566710925894278,2023,2023-06-30,learned_market,20260910,0.6373061659991022,0.6373061659991022,1,1
fixed_transform_step25,3036,2023-07-28,2023-08-07,-0.0039612927947766,2023,2023-06-30,learned_market,20260910,0.43213714517333435,0.43213714517333435,0,0
fixed_transform_step25,3041,2023-08-04,2023-08-14,-0.0404899362223548,2023,2023-06-30,learned_market,20260910,0.3696255777759199,0.3696255777759199,0,0
fixed_transform_step25,3046,2023-08-11,2023-08-21,-0.0176157088591445,2023,2023-06-30,learned_market,20260910,0.2945833751394952,0.2945833751394952,0,0
fixed_transform_step25,3051,2023-08-18,2023-08-28,0.0366582477081969,2023,2023-06-30,learned_market,20260910,0.6205742324863283,0.6205742324863283,1,1
fixed_transform_step25,3056,2023-08-25,2023-09-04,-0.025197172476384,2023,2023-06-30,learned_market,20260910,0.3207299636858757,0.3207299636858757,0,0
fixed_transform_step25,3061,2023-09-01,2023-09-11,-0.0189903461587886,2023,2023-06-30,learned_market,20260910,0.6175105611483095,0.6175105611483095,1,0
fixed_transform_step25,3066,2023-09-08,2023-09-18,-0.0111346368744954,2023,2023-06-30,learned_market,20260910,0.59962127345032,0.59962127345032,1,0
fixed_transform_step25,3071,2023-09-15,2023-09-25,0.0105787349314532,2023,2023-06-30,learned_market,20260910,0.6981095362839034,0.6981095362839034,1,1
fixed_transform_step25,3076,2023-09-22,2023-10-16,-0.0198017153282719,2023,2023-06-30,learned_market,20260910,0.34900338774120837,0.34900338774120837,0,0
fixed_transform_step25,3021,2023-07-07,2023-07-17,0.0104280552692135,2023,2023-06-30,learned_vol_interaction,20260910,0.4401323809784778,0.4401323809784778,0,1
fixed_transform_step25,3026,2023-07-14,2023-07-24,-0.0201642613135752,2023,2023-06-30,learned_vol_interaction,20260910,0.6868412686717873,0.6868412686717873,1,0
fixed_transform_step25,3031,2023-07-21,2023-07-31,0.0566710925894278,2023,2023-06-30,learned_vol_interaction,20260910,0.6475283315418305,0.6475283315418305,1,1
fixed_transform_step25,3036,2023-07-28,2023-08-07,-0.0039612927947766,2023,2023-06-30,learned_vol_interaction,20260910,0.4285399190936047,0.4285399190936047,0,0
fixed_transform_step25,3041,2023-08-04,2023-08-14,-0.0404899362223548,2023,2023-06-30,learned_vol_interaction,20260910,0.3611820697835183,0.3611820697835183,0,0
fixed_transform_step25,3046,2023-08-11,2023-08-21,-0.0176157088591445,2023,2023-06-30,learned_vol_interaction,20260910,0.28782712997310117,0.28782712997310117,0,0
fixed_transform_step25,3051,2023-08-18,2023-08-28,0.0366582477081969,2023,2023-06-30,learned_vol_interaction,20260910,0.6232276190942192,0.6232276190942192,1,1
fixed_transform_step25,3056,2023-08-25,2023-09-04,-0.025197172476384,2023,2023-06-30,learned_vol_interaction,20260910,0.3147588392011654,0.3147588392011654,0,0
fixed_transform_step25,3061,2023-09-01,2023-09-11,-0.0189903461587886,2023,2023-06-30,learned_vol_interaction,20260910,0.6237658862937379,0.6237658862937379,1,0
fixed_transform_step25,3066,2023-09-08,2023-09-18,-0.0111346368744954,2023,2023-06-30,learned_vol_interaction,20260910,0.604974847693356,0.604974847693356,1,0
fixed_transform_step25,3071,2023-09-15,2023-09-25,0.0105787349314532,2023,2023-06-30,learned_vol_interaction,20260910,0.7038774213014825,0.7038774213014825,1,1
fixed_transform_step25,3076,2023-09-22,2023-10-16,-0.0198017153282719,2023,2023-06-30,learned_vol_interaction,20260910,0.3407753895001324,0.3407753895001324,0,0
fixed_transform_step25,3021,2023-07-07,2023-07-17,0.0104280552692135,2023,2023-06-30,learned_order_extension,20260910,0.4628747318566081,0.4628747318566081,0,1
fixed_transform_step25,3026,2023-07-14,2023-07-24,-0.0201642613135752,2023,2023-06-30,learned_order_extension,20260910,0.5996530757135586,0.5996530757135586,1,0
fixed_transform_step25,3031,2023-07-21,2023-07-31,0.0566710925894278,2023,2023-06-30,learned_order_extension,20260910,0.5908116746208139,0.5908116746208139,1,1
fixed_transform_step25,3036,2023-07-28,2023-08-07,-0.0039612927947766,2023,2023-06-30,learned_order_extension,20260910,0.4274993070033847,0.4274993070033847,0,0
fixed_transform_step25,3041,2023-08-04,2023-08-14,-0.0404899362223548,2023,2023-06-30,learned_order_extension,20260910,0.38968927972359974,0.38968927972359974,0,0
fixed_transform_step25,3046,2023-08-11,2023-08-21,-0.0176157088591445,2023,2023-06-30,learned_order_extension,20260910,0.3186861894938698,0.3186861894938698,0,0
fixed_transform_step25,3051,2023-08-18,2023-08-28,0.0366582477081969,2023,2023-06-30,learned_order_extension,20260910,0.5838635888341566,0.5838635888341566,1,1
fixed_transform_step25,3056,2023-08-25,2023-09-04,-0.025197172476384,2023,2023-06-30,learned_order_extension,20260910,0.3503492837883485,0.3503492837883485,0,0
fixed_transform_step25,3061,2023-09-01,2023-09-11,-0.0189903461587886,2023,2023-06-30,learned_order_extension,20260910,0.6016328449541337,0.6016328449541337,1,0
fixed_transform_step25,3066,2023-09-08,2023-09-18,-0.0111346368744954,2023,2023-06-30,learned_order_extension,20260910,0.5840871351957909,0.5840871351957909,1,0
fixed_transform_step25,3071,2023-09-15,2023-09-25,0.0105787349314532,2023,2023-06-30,learned_order_extension,20260910,0.6945363325597192,0.6945363325597192,1,1
fixed_transform_step25,3076,2023-09-22,2023-10-16,-0.0198017153282719,2023,2023-06-30,learned_order_extension,20260910,0.37212973842511965,0.37212973842511965,0,0
fixed_transform_step25,3021,2023-07-07,2023-07-17,0.0104280552692135,2023,2023-06-30,learned_order_offset,20260910,0.4645498764704922,0.4645498764704922,0,1
fixed_transform_step25,3026,2023-07-14,2023-07-24,-0.0201642613135752,2023,2023-06-30,learned_order_offset,20260910,0.5977830211055386,0.5977830211055386,1,0
fixed_transform_step25,3031,2023-07-21,2023-07-31,0.0566710925894278,2023,2023-06-30,learned_order_offset,20260910,0.5899116898112886,0.5899116898112886,1,1
fixed_transform_step25,3036,2023-07-28,2023-08-07,-0.0039612927947766,2023,2023-06-30,learned_order_offset,20260910,0.427686596458708,0.427686596458708,0,0
fixed_transform_step25,3041,2023-08-04,2023-08-14,-0.0404899362223548,2023,2023-06-30,learned_order_offset,20260910,0.39003732508186373,0.39003732508186373,0,0
fixed_transform_step25,3046,2023-08-11,2023-08-21,-0.0176157088591445,2023,2023-06-30,learned_order_offset,20260910,0.3215381277219575,0.3215381277219575,0,0
fixed_transform_step25,3051,2023-08-18,2023-08-28,0.0366582477081969,2023,2023-06-30,learned_order_offset,20260910,0.5825975195230699,0.5825975195230699,1,1
fixed_transform_step25,3056,2023-08-25,2023-09-04,-0.025197172476384,2023,2023-06-30,learned_order_offset,20260910,0.3520889655696307,0.3520889655696307,0,0
fixed_transform_step25,3061,2023-09-01,2023-09-11,-0.0189903461587886,2023,2023-06-30,learned_order_offset,20260910,0.6008591747657972,0.6008591747657972,1,0
fixed_transform_step25,3066,2023-09-08,2023-09-18,-0.0111346368744954,2023,2023-06-30,learned_order_offset,20260910,0.5857050142691412,0.5857050142691412,1,0
fixed_transform_step25,3071,2023-09-15,2023-09-25,0.0105787349314532,2023,2023-06-30,learned_order_offset,20260910,0.6938130663723265,0.6938130663723265,1,1
fixed_transform_step25,3076,2023-09-22,2023-10-16,-0.0198017153282719,2023,2023-06-30,learned_order_offset,20260910,0.3757467898008371,0.3757467898008371,0,0
fixed_transform_step25,3021,2023-07-07,2023-07-17,0.0104280552692135,2023,2023-06-30,learned_market,20260911,0.44514677609511427,0.44514677609511427,0,1
fixed_transform_step25,3026,2023-07-14,2023-07-24,-0.0201642613135752,2023,2023-06-30,learned_market,20260911,0.42308427190547415,0.42308427190547415,0,0
fixed_transform_step25,3031,2023-07-21,2023-07-31,0.0566710925894278,2023,2023-06-30,learned_market,20260911,0.416073768988079,0.416073768988079,0,1
fixed_transform_step25,3036,2023-07-28,2023-08-07,-0.0039612927947766,2023,2023-06-30,learned_market,20260911,0.43512612805777595,0.43512612805777595,0,0
fixed_transform_step25,3041,2023-08-04,2023-08-14,-0.0404899362223548,2023,2023-06-30,learned_market,20260911,0.4174385900363546,0.4174385900363546,0,0
fixed_transform_step25,3046,2023-08-11,2023-08-21,-0.0176157088591445,2023,2023-06-30,learned_market,20260911,0.6863212400917585,0.6863212400917585,1,0
fixed_transform_step25,3051,2023-08-18,2023-08-28,0.0366582477081969,2023,2023-06-30,learned_market,20260911,0.4736719791180427,0.4736719791180427,0,1
fixed_transform_step25,3056,2023-08-25,2023-09-04,-0.025197172476384,2023,2023-06-30,learned_market,20260911,0.5380545435129168,0.5380545435129168,1,0
fixed_transform_step25,3061,2023-09-01,2023-09-11,-0.0189903461587886,2023,2023-06-30,learned_market,20260911,0.4079554621737871,0.4079554621737871,0,0
fixed_transform_step25,3066,2023-09-08,2023-09-18,-0.0111346368744954,2023,2023-06-30,learned_market,20260911,0.5785195572923217,0.5785195572923217,1,0
fixed_transform_step25,3071,2023-09-15,2023-09-25,0.0105787349314532,2023,2023-06-30,learned_market,20260911,0.7220021024268948,0.7220021024268948,1,1
fixed_transform_step25,3076,2023-09-22,2023-10-16,-0.0198017153282719,2023,2023-06-30,learned_market,20260911,0.5861188971400121,0.5861188971400121,1,0
fixed_transform_step25,3021,2023-07-07,2023-07-17,0.0104280552692135,2023,2023-06-30,learned_vol_interaction,20260911,0.46891628307505534,0.46891628307505534,0,1
fixed_transform_step25,3026,2023-07-14,2023-07-24,-0.0201642613135752,2023,2023-06-30,learned_vol_interaction,20260911,0.4355175215219648,0.4355175215219648,0,0
fixed_transform_step25,3031,2023-07-21,2023-07-31,0.0566710925894278,2023,2023-06-30,learned_vol_interaction,20260911,0.44334293066898944,0.44334293066898944,0,1
fixed_transform_step25,3036,2023-07-28,2023-08-07,-0.0039612927947766,2023,2023-06-30,learned_vol_interaction,20260911,0.4476253557577628,0.4476253557577628,0,0
fixed_transform_step25,3041,2023-08-04,2023-08-14,-0.0404899362223548,2023,2023-06-30,learned_vol_interaction,20260911,0.4394955465093847,0.4394955465093847,0,0
fixed_transform_step25,3046,2023-08-11,2023-08-21,-0.0176157088591445,2023,2023-06-30,learned_vol_interaction,20260911,0.6506226275165059,0.6506226275165059,1,0
fixed_transform_step25,3051,2023-08-18,2023-08-28,0.0366582477081969,2023,2023-06-30,learned_vol_interaction,20260911,0.4674231670143052,0.4674231670143052,0,1
fixed_transform_step25,3056,2023-08-25,2023-09-04,-0.025197172476384,2023,2023-06-30,learned_vol_interaction,20260911,0.5362191171610562,0.5362191171610562,1,0
fixed_transform_step25,3061,2023-09-01,2023-09-11,-0.0189903461587886,2023,2023-06-30,learned_vol_interaction,20260911,0.4353447967526135,0.4353447967526135,0,0
fixed_transform_step25,3066,2023-09-08,2023-09-18,-0.0111346368744954,2023,2023-06-30,learned_vol_interaction,20260911,0.5702490792323799,0.5702490792323799,1,0
fixed_transform_step25,3071,2023-09-15,2023-09-25,0.0105787349314532,2023,2023-06-30,learned_vol_interaction,20260911,0.6997029162866572,0.6997029162866572,1,1
fixed_transform_step25,3076,2023-09-22,2023-10-16,-0.0198017153282719,2023,2023-06-30,learned_vol_interaction,20260911,0.5770525439799179,0.5770525439799179,1,0
fixed_transform_step25,3021,2023-07-07,2023-07-17,0.0104280552692135,2023,2023-06-30,learned_order_extension,20260911,0.47276976773470447,0.47276976773470447,0,1
fixed_transform_step25,3026,2023-07-14,2023-07-24,-0.0201642613135752,2023,2023-06-30,learned_order_extension,20260911,0.4360694045526668,0.4360694045526668,0,0
fixed_transform_step25,3031,2023-07-21,2023-07-31,0.0566710925894278,2023,2023-06-30,learned_order_extension,20260911,0.44719882193696786,0.44719882193696786,0,1
fixed_transform_step25,3036,2023-07-28,2023-08-07,-0.0039612927947766,2023,2023-06-30,learned_order_extension,20260911,0.44785296979474554,0.44785296979474554,0,0
fixed_transform_step25,3041,2023-08-04,2023-08-14,-0.0404899362223548,2023,2023-06-30,learned_order_extension,20260911,0.44123519540391826,0.44123519540391826,0,0
fixed_transform_step25,3046,2023-08-11,2023-08-21,-0.0176157088591445,2023,2023-06-30,learned_order_extension,20260911,0.6450648539066061,0.6450648539066061,1,0
fixed_transform_step25,3051,2023-08-18,2023-08-28,0.0366582477081969,2023,2023-06-30,learned_order_extension,20260911,0.4690758601072767,0.4690758601072767,0,1
fixed_transform_step25,3056,2023-08-25,2023-09-04,-0.025197172476384,2023,2023-06-30,learned_order_extension,20260911,0.5330734280053656,0.5330734280053656,1,0
fixed_transform_step25,3061,2023-09-01,2023-09-11,-0.0189903461587886,2023,2023-06-30,learned_order_extension,20260911,0.4389526003215219,0.4389526003215219,0,0
fixed_transform_step25,3066,2023-09-08,2023-09-18,-0.0111346368744954,2023,2023-06-30,learned_order_extension,20260911,0.5681609964011242,0.5681609964011242,1,0
fixed_transform_step25,3071,2023-09-15,2023-09-25,0.0105787349314532,2023,2023-06-30,learned_order_extension,20260911,0.6998386493274976,0.6998386493274976,1,1
fixed_transform_step25,3076,2023-09-22,2023-10-16,-0.0198017153282719,2023,2023-06-30,learned_order_extension,20260911,0.5771251157868067,0.5771251157868067,1,0
fixed_transform_step25,3021,2023-07-07,2023-07-17,0.0104280552692135,2023,2023-06-30,learned_order_offset,20260911,0.4725771054421094,0.4725771054421094,0,1
fixed_transform_step25,3026,2023-07-14,2023-07-24,-0.0201642613135752,2023,2023-06-30,learned_order_offset,20260911,0.4360391805121548,0.4360391805121548,0,0
fixed_transform_step25,3031,2023-07-21,2023-07-31,0.0566710925894278,2023,2023-06-30,learned_order_offset,20260911,0.44707327071850006,0.44707327071850006,0,1
fixed_transform_step25,3036,2023-07-28,2023-08-07,-0.0039612927947766,2023,2023-06-30,learned_order_offset,20260911,0.4476483496657046,0.4476483496657046,0,0
fixed_transform_step25,3041,2023-08-04,2023-08-14,-0.0404899362223548,2023,2023-06-30,learned_order_offset,20260911,0.44136201166035677,0.44136201166035677,0,0
fixed_transform_step25,3046,2023-08-11,2023-08-21,-0.0176157088591445,2023,2023-06-30,learned_order_offset,20260911,0.6448176582132975,0.6448176582132975,1,0
fixed_transform_step25,3051,2023-08-18,2023-08-28,0.0366582477081969,2023,2023-06-30,learned_order_offset,20260911,0.46877903864353315,0.46877903864353315,0,1
fixed_transform_step25,3056,2023-08-25,2023-09-04,-0.025197172476384,2023,2023-06-30,learned_order_offset,20260911,0.5329660333269696,0.5329660333269696,1,0
fixed_transform_step25,3061,2023-09-01,2023-09-11,-0.0189903461587886,2023,2023-06-30,learned_order_offset,20260911,0.4389960084722935,0.4389960084722935,0,0
fixed_transform_step25,3066,2023-09-08,2023-09-18,-0.0111346368744954,2023,2023-06-30,learned_order_offset,20260911,0.5678380562701857,0.5678380562701857,1,0
fixed_transform_step25,3071,2023-09-15,2023-09-25,0.0105787349314532,2023,2023-06-30,learned_order_offset,20260911,0.6993485676887535,0.6993485676887535,1,1
fixed_transform_step25,3076,2023-09-22,2023-10-16,-0.0198017153282719,2023,2023-06-30,learned_order_offset,20260911,0.5767490472387583,0.5767490472387583,1,0
fixed_transform_step25,3021,2023-07-07,2023-07-17,0.0104280552692135,2023,2023-06-30,learned_market,20260912,0.5608588842042038,0.5608588842042038,1,1
fixed_transform_step25,3026,2023-07-14,2023-07-24,-0.0201642613135752,2023,2023-06-30,learned_market,20260912,0.6862204978471702,0.6862204978471702,1,0
fixed_transform_step25,3031,2023-07-21,2023-07-31,0.0566710925894278,2023,2023-06-30,learned_market,20260912,0.2320441093991047,0.2320441093991047,0,1
fixed_transform_step25,3036,2023-07-28,2023-08-07,-0.0039612927947766,2023,2023-06-30,learned_market,20260912,0.5747732563343662,0.5747732563343662,1,0
fixed_transform_step25,3041,2023-08-04,2023-08-14,-0.0404899362223548,2023,2023-06-30,learned_market,20260912,0.691537714252672,0.691537714252672,1,0
fixed_transform_step25,3046,2023-08-11,2023-08-21,-0.0176157088591445,2023,2023-06-30,learned_market,20260912,0.8297918761058257,0.8297918761058257,1,0
fixed_transform_step25,3051,2023-08-18,2023-08-28,0.0366582477081969,2023,2023-06-30,learned_market,20260912,0.41752132533989006,0.41752132533989006,0,1
fixed_transform_step25,3056,2023-08-25,2023-09-04,-0.025197172476384,2023,2023-06-30,learned_market,20260912,0.38726327002673694,0.38726327002673694,0,0
fixed_transform_step25,3061,2023-09-01,2023-09-11,-0.0189903461587886,2023,2023-06-30,learned_market,20260912,0.22593043443157043,0.22593043443157043,0,0
fixed_transform_step25,3066,2023-09-08,2023-09-18,-0.0111346368744954,2023,2023-06-30,learned_market,20260912,0.5541336747798504,0.5541336747798504,1,0
fixed_transform_step25,3071,2023-09-15,2023-09-25,0.0105787349314532,2023,2023-06-30,learned_market,20260912,0.4381528987678051,0.4381528987678051,0,1
fixed_transform_step25,3076,2023-09-22,2023-10-16,-0.0198017153282719,2023,2023-06-30,learned_market,20260912,0.39758747639472747,0.39758747639472747,0,0
fixed_transform_step25,3021,2023-07-07,2023-07-17,0.0104280552692135,2023,2023-06-30,learned_vol_interaction,20260912,0.5702306091216491,0.5702306091216491,1,1
fixed_transform_step25,3026,2023-07-14,2023-07-24,-0.0201642613135752,2023,2023-06-30,learned_vol_interaction,20260912,0.6981497467688046,0.6981497467688046,1,0
fixed_transform_step25,3031,2023-07-21,2023-07-31,0.0566710925894278,2023,2023-06-30,learned_vol_interaction,20260912,0.21425262989905924,0.21425262989905924,0,1
fixed_transform_step25,3036,2023-07-28,2023-08-07,-0.0039612927947766,2023,2023-06-30,learned_vol_interaction,20260912,0.5716131643996583,0.5716131643996583,1,0
fixed_transform_step25,3041,2023-08-04,2023-08-14,-0.0404899362223548,2023,2023-06-30,learned_vol_interaction,20260912,0.6958750628758585,0.6958750628758585,1,0
fixed_transform_step25,3046,2023-08-11,2023-08-21,-0.0176157088591445,2023,2023-06-30,learned_vol_interaction,20260912,0.8359572173843901,0.8359572173843901,1,0
fixed_transform_step25,3051,2023-08-18,2023-08-28,0.0366582477081969,2023,2023-06-30,learned_vol_interaction,20260912,0.4266610850264949,0.4266610850264949,0,1
fixed_transform_step25,3056,2023-08-25,2023-09-04,-0.025197172476384,2023,2023-06-30,learned_vol_interaction,20260912,0.3797484219125637,0.3797484219125637,0,0
fixed_transform_step25,3061,2023-09-01,2023-09-11,-0.0189903461587886,2023,2023-06-30,learned_vol_interaction,20260912,0.21121558262008147,0.21121558262008147,0,0
fixed_transform_step25,3066,2023-09-08,2023-09-18,-0.0111346368744954,2023,2023-06-30,learned_vol_interaction,20260912,0.5512170809821249,0.5512170809821249,1,0
fixed_transform_step25,3071,2023-09-15,2023-09-25,0.0105787349314532,2023,2023-06-30,learned_vol_interaction,20260912,0.4259413971512067,0.4259413971512067,0,1
fixed_transform_step25,3076,2023-09-22,2023-10-16,-0.0198017153282719,2023,2023-06-30,learned_vol_interaction,20260912,0.3940432653134796,0.3940432653134796,0,0
fixed_transform_step25,3021,2023-07-07,2023-07-17,0.0104280552692135,2023,2023-06-30,learned_order_extension,20260912,0.5545975547024996,0.5545975547024996,1,1
fixed_transform_step25,3026,2023-07-14,2023-07-24,-0.0201642613135752,2023,2023-06-30,learned_order_extension,20260912,0.6053932814178614,0.6053932814178614,1,0
fixed_transform_step25,3031,2023-07-21,2023-07-31,0.0566710925894278,2023,2023-06-30,learned_order_extension,20260912,0.32032834558205836,0.32032834558205836,0,1
fixed_transform_step25,3036,2023-07-28,2023-08-07,-0.0039612927947766,2023,2023-06-30,learned_order_extension,20260912,0.5495895809126762,0.5495895809126762,1,0
fixed_transform_step25,3041,2023-08-04,2023-08-14,-0.0404899362223548,2023,2023-06-30,learned_order_extension,20260912,0.6316392806502366,0.6316392806502366,1,0
fixed_transform_step25,3046,2023-08-11,2023-08-21,-0.0176157088591445,2023,2023-06-30,learned_order_extension,20260912,0.751665955384489,0.751665955384489,1,0
fixed_transform_step25,3051,2023-08-18,2023-08-28,0.0366582477081969,2023,2023-06-30,learned_order_extension,20260912,0.4283059117327666,0.4283059117327666,0,1
fixed_transform_step25,3056,2023-08-25,2023-09-04,-0.025197172476384,2023,2023-06-30,learned_order_extension,20260912,0.40531021500274467,0.40531021500274467,0,0
fixed_transform_step25,3061,2023-09-01,2023-09-11,-0.0189903461587886,2023,2023-06-30,learned_order_extension,20260912,0.2630281919905397,0.2630281919905397,0,0
fixed_transform_step25,3066,2023-09-08,2023-09-18,-0.0111346368744954,2023,2023-06-30,learned_order_extension,20260912,0.5080306694987823,0.5080306694987823,1,0
fixed_transform_step25,3071,2023-09-15,2023-09-25,0.0105787349314532,2023,2023-06-30,learned_order_extension,20260912,0.4256863064215989,0.4256863064215989,0,1
fixed_transform_step25,3076,2023-09-22,2023-10-16,-0.0198017153282719,2023,2023-06-30,learned_order_extension,20260912,0.4170730534568457,0.4170730534568457,0,0
fixed_transform_step25,3021,2023-07-07,2023-07-17,0.0104280552692135,2023,2023-06-30,learned_order_offset,20260912,0.558570434104503,0.558570434104503,1,1
fixed_transform_step25,3026,2023-07-14,2023-07-24,-0.0201642613135752,2023,2023-06-30,learned_order_offset,20260912,0.6055892950453365,0.6055892950453365,1,0
fixed_transform_step25,3031,2023-07-21,2023-07-31,0.0566710925894278,2023,2023-06-30,learned_order_offset,20260912,0.3301269754038667,0.3301269754038667,0,1
fixed_transform_step25,3036,2023-07-28,2023-08-07,-0.0039612927947766,2023,2023-06-30,learned_order_offset,20260912,0.5500626101858305,0.5500626101858305,1,0
fixed_transform_step25,3041,2023-08-04,2023-08-14,-0.0404899362223548,2023,2023-06-30,learned_order_offset,20260912,0.6310682178103268,0.6310682178103268,1,0
fixed_transform_step25,3046,2023-08-11,2023-08-21,-0.0176157088591445,2023,2023-06-30,learned_order_offset,20260912,0.7442814200998326,0.7442814200998326,1,0
fixed_transform_step25,3051,2023-08-18,2023-08-28,0.0366582477081969,2023,2023-06-30,learned_order_offset,20260912,0.4270988585983737,0.4270988585983737,0,1
fixed_transform_step25,3056,2023-08-25,2023-09-04,-0.025197172476384,2023,2023-06-30,learned_order_offset,20260912,0.4075969329909311,0.4075969329909311,0,0
fixed_transform_step25,3061,2023-09-01,2023-09-11,-0.0189903461587886,2023,2023-06-30,learned_order_offset,20260912,0.2701577080944262,0.2701577080944262,0,0
fixed_transform_step25,3066,2023-09-08,2023-09-18,-0.0111346368744954,2023,2023-06-30,learned_order_offset,20260912,0.5090513337278735,0.5090513337278735,1,0
fixed_transform_step25,3071,2023-09-15,2023-09-25,0.0105787349314532,2023,2023-06-30,learned_order_offset,20260912,0.43110203195303193,0.43110203195303193,0,1
fixed_transform_step25,3076,2023-09-22,2023-10-16,-0.0198017153282719,2023,2023-06-30,learned_order_offset,20260912,0.42003413229483594,0.42003413229483594,0,0
fixed_transform_step25,3085,2023-10-13,2023-10-23,-0.0447156690429144,2023,2023-09-30,learned_market,20260910,0.37188581047790964,0.37188581047790964,0,0
fixed_transform_step25,3090,2023-10-20,2023-10-30,0.0154019770298841,2023,2023-09-30,learned_market,20260910,0.4895676779343561,0.4895676779343561,0,1
fixed_transform_step25,3095,2023-10-27,2023-11-06,0.0152527637017425,2023,2023-09-30,learned_market,20260910,0.6348936082069446,0.6348936082069446,1,1
fixed_transform_step25,3100,2023-11-03,2023-11-13,-0.0039935482440582,2023,2023-09-30,learned_market,20260910,0.6131776814398019,0.6131776814398019,1,0
fixed_transform_step25,3105,2023-11-10,2023-11-20,-0.0067280482816765,2023,2023-09-30,learned_market,20260910,0.3829500246092591,0.3829500246092591,0,0
fixed_transform_step25,3110,2023-11-17,2023-11-27,-0.0098859017348651,2023,2023-09-30,learned_market,20260910,0.5085467763208754,0.5085467763208754,1,0
fixed_transform_step25,3115,2023-11-24,2023-12-04,-0.0151084754586299,2023,2023-09-30,learned_market,20260910,0.5957542141020087,0.5957542141020087,1,0
fixed_transform_step25,3120,2023-12-01,2023-12-11,-0.0295859857973478,2023,2023-09-30,learned_market,20260910,0.6224176094535783,0.6224176094535783,1,0
fixed_transform_step25,3125,2023-12-08,2023-12-18,-0.0144639658974852,2023,2023-09-30,learned_market,20260910,0.6914626636364063,0.6914626636364063,1,0
fixed_transform_step25,3130,2023-12-15,2023-12-25,0.0003424256350643,2023,2023-09-30,learned_market,20260910,0.5133593357662778,0.5133593357662778,1,1
fixed_transform_step25,3135,2023-12-22,2024-01-02,0.0288079559683274,2023,2023-09-30,learned_market,20260910,0.3498344876658821,0.3498344876658821,0,1
fixed_transform_step25,3140,2023-12-29,2024-01-08,-0.0302544749829989,2023,2023-09-30,learned_market,20260910,0.5864824089057307,0.5864824089057307,1,0
fixed_transform_step25,3085,2023-10-13,2023-10-23,-0.0447156690429144,2023,2023-09-30,learned_vol_interaction,20260910,0.3611958125524391,0.3611958125524391,0,0
fixed_transform_step25,3090,2023-10-20,2023-10-30,0.0154019770298841,2023,2023-09-30,learned_vol_interaction,20260910,0.48701402246354486,0.48701402246354486,0,1
fixed_transform_step25,3095,2023-10-27,2023-11-06,0.0152527637017425,2023,2023-09-30,learned_vol_interaction,20260910,0.6421177216475297,0.6421177216475297,1,1
fixed_transform_step25,3100,2023-11-03,2023-11-13,-0.0039935482440582,2023,2023-09-30,learned_vol_interaction,20260910,0.6225421008660762,0.6225421008660762,1,0
fixed_transform_step25,3105,2023-11-10,2023-11-20,-0.0067280482816765,2023,2023-09-30,learned_vol_interaction,20260910,0.37910247513937734,0.37910247513937734,0,0
fixed_transform_step25,3110,2023-11-17,2023-11-27,-0.0098859017348651,2023,2023-09-30,learned_vol_interaction,20260910,0.5156844831440821,0.5156844831440821,1,0
fixed_transform_step25,3115,2023-11-24,2023-12-04,-0.0151084754586299,2023,2023-09-30,learned_vol_interaction,20260910,0.6101328560783561,0.6101328560783561,1,0
fixed_transform_step25,3120,2023-12-01,2023-12-11,-0.0295859857973478,2023,2023-09-30,learned_vol_interaction,20260910,0.6380752778102753,0.6380752778102753,1,0
fixed_transform_step25,3125,2023-12-08,2023-12-18,-0.0144639658974852,2023,2023-09-30,learned_vol_interaction,20260910,0.7068175100832438,0.7068175100832438,1,0
fixed_transform_step25,3130,2023-12-15,2023-12-25,0.0003424256350643,2023,2023-09-30,learned_vol_interaction,20260910,0.513750815409316,0.513750815409316,1,1
fixed_transform_step25,3135,2023-12-22,2024-01-02,0.0288079559683274,2023,2023-09-30,learned_vol_interaction,20260910,0.33766313992381486,0.33766313992381486,0,1
fixed_transform_step25,3140,2023-12-29,2024-01-08,-0.0302544749829989,2023,2023-09-30,learned_vol_interaction,20260910,0.594209287478685,0.594209287478685,1,0
fixed_transform_step25,3085,2023-10-13,2023-10-23,-0.0447156690429144,2023,2023-09-30,learned_order_extension,20260910,0.3386786205469772,0.3386786205469772,0,0
fixed_transform_step25,3090,2023-10-20,2023-10-30,0.0154019770298841,2023,2023-09-30,learned_order_extension,20260910,0.49104515761874196,0.49104515761874196,0,1
fixed_transform_step25,3095,2023-10-27,2023-11-06,0.0152527637017425,2023,2023-09-30,learned_order_extension,20260910,0.6136169508833162,0.6136169508833162,1,1
fixed_transform_step25,3100,2023-11-03,2023-11-13,-0.0039935482440582,2023,2023-09-30,learned_order_extension,20260910,0.6086482959287705,0.6086482959287705,1,0
fixed_transform_step25,3105,2023-11-10,2023-11-20,-0.0067280482816765,2023,2023-09-30,learned_order_extension,20260910,0.4031031992903533,0.4031031992903533,0,0
fixed_transform_step25,3110,2023-11-17,2023-11-27,-0.0098859017348651,2023,2023-09-30,learned_order_extension,20260910,0.5320331204713777,0.5320331204713777,1,0
fixed_transform_step25,3115,2023-11-24,2023-12-04,-0.0151084754586299,2023,2023-09-30,learned_order_extension,20260910,0.5855128265689584,0.5855128265689584,1,0
fixed_transform_step25,3120,2023-12-01,2023-12-11,-0.0295859857973478,2023,2023-09-30,learned_order_extension,20260910,0.6204712483166025,0.6204712483166025,1,0
fixed_transform_step25,3125,2023-12-08,2023-12-18,-0.0144639658974852,2023,2023-09-30,learned_order_extension,20260910,0.7147873712700731,0.7147873712700731,1,0
fixed_transform_step25,3130,2023-12-15,2023-12-25,0.0003424256350643,2023,2023-09-30,learned_order_extension,20260910,0.5120200488534027,0.5120200488534027,1,1
fixed_transform_step25,3135,2023-12-22,2024-01-02,0.0288079559683274,2023,2023-09-30,learned_order_extension,20260910,0.3574360431942573,0.3574360431942573,0,1
fixed_transform_step25,3140,2023-12-29,2024-01-08,-0.0302544749829989,2023,2023-09-30,learned_order_extension,20260910,0.596099329239932,0.596099329239932,1,0
fixed_transform_step25,3085,2023-10-13,2023-10-23,-0.0447156690429144,2023,2023-09-30,learned_order_offset,20260910,0.34180948236320424,0.34180948236320424,0,0
fixed_transform_step25,3090,2023-10-20,2023-10-30,0.0154019770298841,2023,2023-09-30,learned_order_offset,20260910,0.4890176380494417,0.4890176380494417,0,1
fixed_transform_step25,3095,2023-10-27,2023-11-06,0.0152527637017425,2023,2023-09-30,learned_order_offset,20260910,0.6102479719844589,0.6102479719844589,1,1
fixed_transform_step25,3100,2023-11-03,2023-11-13,-0.0039935482440582,2023,2023-09-30,learned_order_offset,20260910,0.6048420679558023,0.6048420679558023,1,0
fixed_transform_step25,3105,2023-11-10,2023-11-20,-0.0067280482816765,2023,2023-09-30,learned_order_offset,20260910,0.4043929939523575,0.4043929939523575,0,0
fixed_transform_step25,3110,2023-11-17,2023-11-27,-0.0098859017348651,2023,2023-09-30,learned_order_offset,20260910,0.5302796871428593,0.5302796871428593,1,0
fixed_transform_step25,3115,2023-11-24,2023-12-04,-0.0151084754586299,2023,2023-09-30,learned_order_offset,20260910,0.5811509947679396,0.5811509947679396,1,0
fixed_transform_step25,3120,2023-12-01,2023-12-11,-0.0295859857973478,2023,2023-09-30,learned_order_offset,20260910,0.615221397291642,0.615221397291642,1,0
fixed_transform_step25,3125,2023-12-08,2023-12-18,-0.0144639658974852,2023,2023-09-30,learned_order_offset,20260910,0.7099077336708262,0.7099077336708262,1,0
fixed_transform_step25,3130,2023-12-15,2023-12-25,0.0003424256350643,2023,2023-09-30,learned_order_offset,20260910,0.5107959349514365,0.5107959349514365,1,1
fixed_transform_step25,3135,2023-12-22,2024-01-02,0.0288079559683274,2023,2023-09-30,learned_order_offset,20260910,0.3595746848667668,0.3595746848667668,0,1
fixed_transform_step25,3140,2023-12-29,2024-01-08,-0.0302544749829989,2023,2023-09-30,learned_order_offset,20260910,0.5932731385876675,0.5932731385876675,1,0
fixed_transform_step25,3085,2023-10-13,2023-10-23,-0.0447156690429144,2023,2023-09-30,learned_market,20260911,0.3717023235120387,0.3717023235120387,0,0
fixed_transform_step25,3090,2023-10-20,2023-10-30,0.0154019770298841,2023,2023-09-30,learned_market,20260911,0.37566370126057214,0.37566370126057214,0,1
fixed_transform_step25,3095,2023-10-27,2023-11-06,0.0152527637017425,2023,2023-09-30,learned_market,20260911,0.45339679089946855,0.45339679089946855,0,1
fixed_transform_step25,3100,2023-11-03,2023-11-13,-0.0039935482440582,2023,2023-09-30,learned_market,20260911,0.634515235343791,0.634515235343791,1,0
fixed_transform_step25,3105,2023-11-10,2023-11-20,-0.0067280482816765,2023,2023-09-30,learned_market,20260911,0.48509286122164286,0.48509286122164286,0,0
fixed_transform_step25,3110,2023-11-17,2023-11-27,-0.0098859017348651,2023,2023-09-30,learned_market,20260911,0.4417574229989327,0.4417574229989327,0,0
fixed_transform_step25,3115,2023-11-24,2023-12-04,-0.0151084754586299,2023,2023-09-30,learned_market,20260911,0.5006997673722129,0.5006997673722129,1,0
fixed_transform_step25,3120,2023-12-01,2023-12-11,-0.0295859857973478,2023,2023-09-30,learned_market,20260911,0.576843821769852,0.576843821769852,1,0
fixed_transform_step25,3125,2023-12-08,2023-12-18,-0.0144639658974852,2023,2023-09-30,learned_market,20260911,0.45909754353512017,0.45909754353512017,0,0
fixed_transform_step25,3130,2023-12-15,2023-12-25,0.0003424256350643,2023,2023-09-30,learned_market,20260911,0.4605812631569381,0.4605812631569381,0,1
fixed_transform_step25,3135,2023-12-22,2024-01-02,0.0288079559683274,2023,2023-09-30,learned_market,20260911,0.47808805972118634,0.47808805972118634,0,1
fixed_transform_step25,3140,2023-12-29,2024-01-08,-0.0302544749829989,2023,2023-09-30,learned_market,20260911,0.5343423138277673,0.5343423138277673,1,0
fixed_transform_step25,3085,2023-10-13,2023-10-23,-0.0447156690429144,2023,2023-09-30,learned_vol_interaction,20260911,0.4387266260457029,0.4387266260457029,0,0
fixed_transform_step25,3090,2023-10-20,2023-10-30,0.0154019770298841,2023,2023-09-30,learned_vol_interaction,20260911,0.4178598741834749,0.4178598741834749,0,1
fixed_transform_step25,3095,2023-10-27,2023-11-06,0.0152527637017425,2023,2023-09-30,learned_vol_interaction,20260911,0.44863454204329783,0.44863454204329783,0,1
fixed_transform_step25,3100,2023-11-03,2023-11-13,-0.0039935482440582,2023,2023-09-30,learned_vol_interaction,20260911,0.6149749651170426,0.6149749651170426,1,0
fixed_transform_step25,3105,2023-11-10,2023-11-20,-0.0067280482816765,2023,2023-09-30,learned_vol_interaction,20260911,0.4974843369249853,0.4974843369249853,0,0
fixed_transform_step25,3110,2023-11-17,2023-11-27,-0.0098859017348651,2023,2023-09-30,learned_vol_interaction,20260911,0.48493882847989817,0.48493882847989817,0,0
fixed_transform_step25,3115,2023-11-24,2023-12-04,-0.0151084754586299,2023,2023-09-30,learned_vol_interaction,20260911,0.5036480542437934,0.5036480542437934,1,0
fixed_transform_step25,3120,2023-12-01,2023-12-11,-0.0295859857973478,2023,2023-09-30,learned_vol_interaction,20260911,0.5601514193580246,0.5601514193580246,1,0
fixed_transform_step25,3125,2023-12-08,2023-12-18,-0.0144639658974852,2023,2023-09-30,learned_vol_interaction,20260911,0.5198170240826518,0.5198170240826518,1,0
fixed_transform_step25,3130,2023-12-15,2023-12-25,0.0003424256350643,2023,2023-09-30,learned_vol_interaction,20260911,0.5234176772769539,0.5234176772769539,1,1
fixed_transform_step25,3135,2023-12-22,2024-01-02,0.0288079559683274,2023,2023-09-30,learned_vol_interaction,20260911,0.5216755444961472,0.5216755444961472,1,1
fixed_transform_step25,3140,2023-12-29,2024-01-08,-0.0302544749829989,2023,2023-09-30,learned_vol_interaction,20260911,0.5416847993297572,0.5416847993297572,1,0
fixed_transform_step25,3085,2023-10-13,2023-10-23,-0.0447156690429144,2023,2023-09-30,learned_order_extension,20260911,0.43414681621784473,0.43414681621784473,0,0
fixed_transform_step25,3090,2023-10-20,2023-10-30,0.0154019770298841,2023,2023-09-30,learned_order_extension,20260911,0.41300426302503973,0.41300426302503973,0,1
fixed_transform_step25,3095,2023-10-27,2023-11-06,0.0152527637017425,2023,2023-09-30,learned_order_extension,20260911,0.4487772177783236,0.4487772177783236,0,1
fixed_transform_step25,3100,2023-11-03,2023-11-13,-0.0039935482440582,2023,2023-09-30,learned_order_extension,20260911,0.6164121905971734,0.6164121905971734,1,0
fixed_transform_step25,3105,2023-11-10,2023-11-20,-0.0067280482816765,2023,2023-09-30,learned_order_extension,20260911,0.49947674734501263,0.49947674734501263,0,0
fixed_transform_step25,3110,2023-11-17,2023-11-27,-0.0098859017348651,2023,2023-09-30,learned_order_extension,20260911,0.48617119188083135,0.48617119188083135,0,0
fixed_transform_step25,3115,2023-11-24,2023-12-04,-0.0151084754586299,2023,2023-09-30,learned_order_extension,20260911,0.5059355997773666,0.5059355997773666,1,0
fixed_transform_step25,3120,2023-12-01,2023-12-11,-0.0295859857973478,2023,2023-09-30,learned_order_extension,20260911,0.561850365459416,0.561850365459416,1,0
fixed_transform_step25,3125,2023-12-08,2023-12-18,-0.0144639658974852,2023,2023-09-30,learned_order_extension,20260911,0.5182707503165732,0.5182707503165732,1,0
fixed_transform_step25,3130,2023-12-15,2023-12-25,0.0003424256350643,2023,2023-09-30,learned_order_extension,20260911,0.5256638526146443,0.5256638526146443,1,1
fixed_transform_step25,3135,2023-12-22,2024-01-02,0.0288079559683274,2023,2023-09-30,learned_order_extension,20260911,0.5254947213993147,0.5254947213993147,1,1
fixed_transform_step25,3140,2023-12-29,2024-01-08,-0.0302544749829989,2023,2023-09-30,learned_order_extension,20260911,0.5418950082277435,0.5418950082277435,1,0
fixed_transform_step25,3085,2023-10-13,2023-10-23,-0.0447156690429144,2023,2023-09-30,learned_order_offset,20260911,0.4347709067253373,0.4347709067253373,0,0
fixed_transform_step25,3090,2023-10-20,2023-10-30,0.0154019770298841,2023,2023-09-30,learned_order_offset,20260911,0.4131510857084145,0.4131510857084145,0,1
fixed_transform_step25,3095,2023-10-27,2023-11-06,0.0152527637017425,2023,2023-09-30,learned_order_offset,20260911,0.4485001292085424,0.4485001292085424,0,1
fixed_transform_step25,3100,2023-11-03,2023-11-13,-0.0039935482440582,2023,2023-09-30,learned_order_offset,20260911,0.6155829836694312,0.6155829836694312,1,0
fixed_transform_step25,3105,2023-11-10,2023-11-20,-0.0067280482816765,2023,2023-09-30,learned_order_offset,20260911,0.4994413939733647,0.4994413939733647,0,0
fixed_transform_step25,3110,2023-11-17,2023-11-27,-0.0098859017348651,2023,2023-09-30,learned_order_offset,20260911,0.4857987601692106,0.4857987601692106,0,0
fixed_transform_step25,3115,2023-11-24,2023-12-04,-0.0151084754586299,2023,2023-09-30,learned_order_offset,20260911,0.5055249560252572,0.5055249560252572,1,0
fixed_transform_step25,3120,2023-12-01,2023-12-11,-0.0295859857973478,2023,2023-09-30,learned_order_offset,20260911,0.5613773850656929,0.5613773850656929,1,0
fixed_transform_step25,3125,2023-12-08,2023-12-18,-0.0144639658974852,2023,2023-09-30,learned_order_offset,20260911,0.5183414536260716,0.5183414536260716,1,0
fixed_transform_step25,3130,2023-12-15,2023-12-25,0.0003424256350643,2023,2023-09-30,learned_order_offset,20260911,0.5256367201839053,0.5256367201839053,1,1
fixed_transform_step25,3135,2023-12-22,2024-01-02,0.0288079559683274,2023,2023-09-30,learned_order_offset,20260911,0.5254230979078265,0.5254230979078265,1,1
fixed_transform_step25,3140,2023-12-29,2024-01-08,-0.0302544749829989,2023,2023-09-30,learned_order_offset,20260911,0.5413348840273807,0.5413348840273807,1,0
fixed_transform_step25,3085,2023-10-13,2023-10-23,-0.0447156690429144,2023,2023-09-30,learned_market,20260912,0.4227671118661827,0.4227671118661827,0,0
fixed_transform_step25,3090,2023-10-20,2023-10-30,0.0154019770298841,2023,2023-09-30,learned_market,20260912,0.4528271762156626,0.4528271762156626,0,1
fixed_transform_step25,3095,2023-10-27,2023-11-06,0.0152527637017425,2023,2023-09-30,learned_market,20260912,0.8043560047040704,0.8043560047040704,1,1
fixed_transform_step25,3100,2023-11-03,2023-11-13,-0.0039935482440582,2023,2023-09-30,learned_market,20260912,0.3583637692245427,0.3583637692245427,0,0
fixed_transform_step25,3105,2023-11-10,2023-11-20,-0.0067280482816765,2023,2023-09-30,learned_market,20260912,0.32601029763046596,0.32601029763046596,0,0
fixed_transform_step25,3110,2023-11-17,2023-11-27,-0.0098859017348651,2023,2023-09-30,learned_market,20260912,0.2667737081283572,0.2667737081283572,0,0
fixed_transform_step25,3115,2023-11-24,2023-12-04,-0.0151084754586299,2023,2023-09-30,learned_market,20260912,0.5562428492260981,0.5562428492260981,1,0
fixed_transform_step25,3120,2023-12-01,2023-12-11,-0.0295859857973478,2023,2023-09-30,learned_market,20260912,0.3493126640713058,0.3493126640713058,0,0
fixed_transform_step25,3125,2023-12-08,2023-12-18,-0.0144639658974852,2023,2023-09-30,learned_market,20260912,0.4173316937436833,0.4173316937436833,0,0
fixed_transform_step25,3130,2023-12-15,2023-12-25,0.0003424256350643,2023,2023-09-30,learned_market,20260912,0.4661353748612295,0.4661353748612295,0,1
fixed_transform_step25,3135,2023-12-22,2024-01-02,0.0288079559683274,2023,2023-09-30,learned_market,20260912,0.35793273470664866,0.35793273470664866,0,1
fixed_transform_step25,3140,2023-12-29,2024-01-08,-0.0302544749829989,2023,2023-09-30,learned_market,20260912,0.2929596481938385,0.2929596481938385,0,0
fixed_transform_step25,3085,2023-10-13,2023-10-23,-0.0447156690429144,2023,2023-09-30,learned_vol_interaction,20260912,0.41714172671417776,0.41714172671417776,0,0
fixed_transform_step25,3090,2023-10-20,2023-10-30,0.0154019770298841,2023,2023-09-30,learned_vol_interaction,20260912,0.45467762306155657,0.45467762306155657,0,1
fixed_transform_step25,3095,2023-10-27,2023-11-06,0.0152527637017425,2023,2023-09-30,learned_vol_interaction,20260912,0.8155081571402455,0.8155081571402455,1,1
fixed_transform_step25,3100,2023-11-03,2023-11-13,-0.0039935482440582,2023,2023-09-30,learned_vol_interaction,20260912,0.35599338759655547,0.35599338759655547,0,0
fixed_transform_step25,3105,2023-11-10,2023-11-20,-0.0067280482816765,2023,2023-09-30,learned_vol_interaction,20260912,0.321535810664756,0.321535810664756,0,0
fixed_transform_step25,3110,2023-11-17,2023-11-27,-0.0098859017348651,2023,2023-09-30,learned_vol_interaction,20260912,0.2443590565191789,0.2443590565191789,0,0
fixed_transform_step25,3115,2023-11-24,2023-12-04,-0.0151084754586299,2023,2023-09-30,learned_vol_interaction,20260912,0.5698464504436702,0.5698464504436702,1,0
fixed_transform_step25,3120,2023-12-01,2023-12-11,-0.0295859857973478,2023,2023-09-30,learned_vol_interaction,20260912,0.3363836227202162,0.3363836227202162,0,0
fixed_transform_step25,3125,2023-12-08,2023-12-18,-0.0144639658974852,2023,2023-09-30,learned_vol_interaction,20260912,0.41016438855714915,0.41016438855714915,0,0
fixed_transform_step25,3130,2023-12-15,2023-12-25,0.0003424256350643,2023,2023-09-30,learned_vol_interaction,20260912,0.45979172015129505,0.45979172015129505,0,1
fixed_transform_step25,3135,2023-12-22,2024-01-02,0.0288079559683274,2023,2023-09-30,learned_vol_interaction,20260912,0.33995040715164165,0.33995040715164165,0,1
fixed_transform_step25,3140,2023-12-29,2024-01-08,-0.0302544749829989,2023,2023-09-30,learned_vol_interaction,20260912,0.28463341799779973,0.28463341799779973,0,0
fixed_transform_step25,3085,2023-10-13,2023-10-23,-0.0447156690429144,2023,2023-09-30,learned_order_extension,20260912,0.42154509283961256,0.42154509283961256,0,0
fixed_transform_step25,3090,2023-10-20,2023-10-30,0.0154019770298841,2023,2023-09-30,learned_order_extension,20260912,0.4747495738355277,0.4747495738355277,0,1
fixed_transform_step25,3095,2023-10-27,2023-11-06,0.0152527637017425,2023,2023-09-30,learned_order_extension,20260912,0.773125267761428,0.773125267761428,1,1
fixed_transform_step25,3100,2023-11-03,2023-11-13,-0.0039935482440582,2023,2023-09-30,learned_order_extension,20260912,0.4133509739190675,0.4133509739190675,0,0
fixed_transform_step25,3105,2023-11-10,2023-11-20,-0.0067280482816765,2023,2023-09-30,learned_order_extension,20260912,0.34707144127143347,0.34707144127143347,0,0
fixed_transform_step25,3110,2023-11-17,2023-11-27,-0.0098859017348651,2023,2023-09-30,learned_order_extension,20260912,0.3086600807657652,0.3086600807657652,0,0
fixed_transform_step25,3115,2023-11-24,2023-12-04,-0.0151084754586299,2023,2023-09-30,learned_order_extension,20260912,0.5416295813393049,0.5416295813393049,1,0
fixed_transform_step25,3120,2023-12-01,2023-12-11,-0.0295859857973478,2023,2023-09-30,learned_order_extension,20260912,0.3838758012547595,0.3838758012547595,0,0
fixed_transform_step25,3125,2023-12-08,2023-12-18,-0.0144639658974852,2023,2023-09-30,learned_order_extension,20260912,0.42080312022208394,0.42080312022208394,0,0
fixed_transform_step25,3130,2023-12-15,2023-12-25,0.0003424256350643,2023,2023-09-30,learned_order_extension,20260912,0.4869843916555801,0.4869843916555801,0,1
fixed_transform_step25,3135,2023-12-22,2024-01-02,0.0288079559683274,2023,2023-09-30,learned_order_extension,20260912,0.3655988772293733,0.3655988772293733,0,1
fixed_transform_step25,3140,2023-12-29,2024-01-08,-0.0302544749829989,2023,2023-09-30,learned_order_extension,20260912,0.355682172620402,0.355682172620402,0,0
fixed_transform_step25,3085,2023-10-13,2023-10-23,-0.0447156690429144,2023,2023-09-30,learned_order_offset,20260912,0.42826255670030333,0.42826255670030333,0,0
fixed_transform_step25,3090,2023-10-20,2023-10-30,0.0154019770298841,2023,2023-09-30,learned_order_offset,20260912,0.4791003117593313,0.4791003117593313,0,1
fixed_transform_step25,3095,2023-10-27,2023-11-06,0.0152527637017425,2023,2023-09-30,learned_order_offset,20260912,0.7576130099151684,0.7576130099151684,1,1
fixed_transform_step25,3100,2023-11-03,2023-11-13,-0.0039935482440582,2023,2023-09-30,learned_order_offset,20260912,0.41663570421946516,0.41663570421946516,0,0
fixed_transform_step25,3105,2023-11-10,2023-11-20,-0.0067280482816765,2023,2023-09-30,learned_order_offset,20260912,0.34995011905635776,0.34995011905635776,0,0
fixed_transform_step25,3110,2023-11-17,2023-11-27,-0.0098859017348651,2023,2023-09-30,learned_order_offset,20260912,0.3274795234862912,0.3274795234862912,0,0
fixed_transform_step25,3115,2023-11-24,2023-12-04,-0.0151084754586299,2023,2023-09-30,learned_order_offset,20260912,0.5352403503345584,0.5352403503345584,1,0
fixed_transform_step25,3120,2023-12-01,2023-12-11,-0.0295859857973478,2023,2023-09-30,learned_order_offset,20260912,0.3940634799172907,0.3940634799172907,0,0
fixed_transform_step25,3125,2023-12-08,2023-12-18,-0.0144639658974852,2023,2023-09-30,learned_order_offset,20260912,0.4287527030755501,0.4287527030755501,0,0
fixed_transform_step25,3130,2023-12-15,2023-12-25,0.0003424256350643,2023,2023-09-30,learned_order_offset,20260912,0.4926747214716245,0.4926747214716245,0,1
fixed_transform_step25,3135,2023-12-22,2024-01-02,0.0288079559683274,2023,2023-09-30,learned_order_offset,20260912,0.37745415306607843,0.37745415306607843,0,1
fixed_transform_step25,3140,2023-12-29,2024-01-08,-0.0302544749829989,2023,2023-09-30,learned_order_offset,20260912,0.3629255937397237,0.3629255937397237,0,0
fixed_transform_step25,3144,2024-01-05,2024-01-15,-0.0158038409563566,2024,2023-12-31,learned_market,20260910,0.37911601118731636,0.37911601118731636,0,0
fixed_transform_step25,3149,2024-01-12,2024-01-22,-0.002333261979756,2024,2023-12-31,learned_market,20260910,0.4589111880907024,0.4589111880907024,0,0
fixed_transform_step25,3154,2024-01-19,2024-01-29,0.0223511633823452,2024,2023-12-31,learned_market,20260910,0.41956122213307734,0.41956122213307734,0,1
fixed_transform_step25,3159,2024-01-26,2024-02-05,-0.0513103415192826,2024,2023-12-31,learned_market,20260910,0.4467918935376125,0.4467918935376125,0,0
fixed_transform_step25,3164,2024-02-02,2024-02-26,0.1015374891364462,2024,2023-12-31,learned_market,20260910,0.6470923056808707,0.6470923056808707,1,1
fixed_transform_step25,3173,2024-02-23,2024-03-04,0.0151569053862528,2024,2023-12-31,learned_market,20260910,0.6974540268702009,0.6974540268702009,1,1
fixed_transform_step25,3178,2024-03-01,2024-03-11,0.0021394031715169,2024,2023-12-31,learned_market,20260910,0.6539310685581109,0.6539310685581109,1,1
fixed_transform_step25,3183,2024-03-08,2024-03-18,0.0087762342284414,2024,2023-12-31,learned_market,20260910,0.651636534380962,0.651636534380962,1,1
fixed_transform_step25,3188,2024-03-15,2024-03-25,-0.0112802133595746,2024,2023-12-31,learned_market,20260910,0.6184866579610433,0.6184866579610433,1,0
fixed_transform_step25,3193,2024-03-22,2024-04-01,0.0042044725182444,2024,2023-12-31,learned_market,20260910,0.49537529534083324,0.49537529534083324,0,1
fixed_transform_step25,3198,2024-03-29,2024-04-15,-0.0219845815102011,2024,2023-12-31,learned_market,20260910,0.4469684467331579,0.4469684467331579,0,0
fixed_transform_step25,3144,2024-01-05,2024-01-15,-0.0158038409563566,2024,2023-12-31,learned_vol_interaction,20260910,0.375948748112503,0.375948748112503,0,0
fixed_transform_step25,3149,2024-01-12,2024-01-22,-0.002333261979756,2024,2023-12-31,learned_vol_interaction,20260910,0.4653387886294592,0.4653387886294592,0,0
fixed_transform_step25,3154,2024-01-19,2024-01-29,0.0223511633823452,2024,2023-12-31,learned_vol_interaction,20260910,0.409541362332266,0.409541362332266,0,1
fixed_transform_step25,3159,2024-01-26,2024-02-05,-0.0513103415192826,2024,2023-12-31,learned_vol_interaction,20260910,0.4427031623961251,0.4427031623961251,0,0
fixed_transform_step25,3164,2024-02-02,2024-02-26,0.1015374891364462,2024,2023-12-31,learned_vol_interaction,20260910,0.6537066574488869,0.6537066574488869,1,1
fixed_transform_step25,3173,2024-02-23,2024-03-04,0.0151569053862528,2024,2023-12-31,learned_vol_interaction,20260910,0.689311779469667,0.689311779469667,1,1
fixed_transform_step25,3178,2024-03-01,2024-03-11,0.0021394031715169,2024,2023-12-31,learned_vol_interaction,20260910,0.6480049647794901,0.6480049647794901,1,1
fixed_transform_step25,3183,2024-03-08,2024-03-18,0.0087762342284414,2024,2023-12-31,learned_vol_interaction,20260910,0.6491293260006892,0.6491293260006892,1,1
fixed_transform_step25,3188,2024-03-15,2024-03-25,-0.0112802133595746,2024,2023-12-31,learned_vol_interaction,20260910,0.6390487602979349,0.6390487602979349,1,0
fixed_transform_step25,3193,2024-03-22,2024-04-01,0.0042044725182444,2024,2023-12-31,learned_vol_interaction,20260910,0.502579297882782,0.502579297882782,1,1
fixed_transform_step25,3198,2024-03-29,2024-04-15,-0.0219845815102011,2024,2023-12-31,learned_vol_interaction,20260910,0.4621147966680959,0.4621147966680959,0,0
fixed_transform_step25,3144,2024-01-05,2024-01-15,-0.0158038409563566,2024,2023-12-31,learned_order_extension,20260910,0.4019000383386628,0.4019000383386628,0,0
fixed_transform_step25,3149,2024-01-12,2024-01-22,-0.002333261979756,2024,2023-12-31,learned_order_extension,20260910,0.4536929976964038,0.4536929976964038,0,0
fixed_transform_step25,3154,2024-01-19,2024-01-29,0.0223511633823452,2024,2023-12-31,learned_order_extension,20260910,0.4065097447533653,0.4065097447533653,0,1
fixed_transform_step25,3159,2024-01-26,2024-02-05,-0.0513103415192826,2024,2023-12-31,learned_order_extension,20260910,0.4181108069924978,0.4181108069924978,0,0
fixed_transform_step25,3164,2024-02-02,2024-02-26,0.1015374891364462,2024,2023-12-31,learned_order_extension,20260910,0.6639940867614434,0.6639940867614434,1,1
fixed_transform_step25,3173,2024-02-23,2024-03-04,0.0151569053862528,2024,2023-12-31,learned_order_extension,20260910,0.6509742827223437,0.6509742827223437,1,1
fixed_transform_step25,3178,2024-03-01,2024-03-11,0.0021394031715169,2024,2023-12-31,learned_order_extension,20260910,0.596427953854031,0.596427953854031,1,1
fixed_transform_step25,3183,2024-03-08,2024-03-18,0.0087762342284414,2024,2023-12-31,learned_order_extension,20260910,0.5823638998065179,0.5823638998065179,1,1
fixed_transform_step25,3188,2024-03-15,2024-03-25,-0.0112802133595746,2024,2023-12-31,learned_order_extension,20260910,0.5649258035498114,0.5649258035498114,1,0
fixed_transform_step25,3193,2024-03-22,2024-04-01,0.0042044725182444,2024,2023-12-31,learned_order_extension,20260910,0.4756478826315535,0.4756478826315535,0,1
fixed_transform_step25,3198,2024-03-29,2024-04-15,-0.0219845815102011,2024,2023-12-31,learned_order_extension,20260910,0.44826023295447676,0.44826023295447676,0,0
fixed_transform_step25,3144,2024-01-05,2024-01-15,-0.0158038409563566,2024,2023-12-31,learned_order_offset,20260910,0.40294607271257427,0.40294607271257427,0,0
fixed_transform_step25,3149,2024-01-12,2024-01-22,-0.002333261979756,2024,2023-12-31,learned_order_offset,20260910,0.45320010017286466,0.45320010017286466,0,0
fixed_transform_step25,3154,2024-01-19,2024-01-29,0.0223511633823452,2024,2023-12-31,learned_order_offset,20260910,0.40698948981731453,0.40698948981731453,0,1
fixed_transform_step25,3159,2024-01-26,2024-02-05,-0.0513103415192826,2024,2023-12-31,learned_order_offset,20260910,0.4180998926398431,0.4180998926398431,0,0
fixed_transform_step25,3164,2024-02-02,2024-02-26,0.1015374891364462,2024,2023-12-31,learned_order_offset,20260910,0.662467427882048,0.662467427882048,1,1
fixed_transform_step25,3173,2024-02-23,2024-03-04,0.0151569053862528,2024,2023-12-31,learned_order_offset,20260910,0.6495192030104356,0.6495192030104356,1,1
fixed_transform_step25,3178,2024-03-01,2024-03-11,0.0021394031715169,2024,2023-12-31,learned_order_offset,20260910,0.5953483627631191,0.5953483627631191,1,1
fixed_transform_step25,3183,2024-03-08,2024-03-18,0.0087762342284414,2024,2023-12-31,learned_order_offset,20260910,0.5813453143574694,0.5813453143574694,1,1
fixed_transform_step25,3188,2024-03-15,2024-03-25,-0.0112802133595746,2024,2023-12-31,learned_order_offset,20260910,0.5629285714576356,0.5629285714576356,1,0
fixed_transform_step25,3193,2024-03-22,2024-04-01,0.0042044725182444,2024,2023-12-31,learned_order_offset,20260910,0.4746800194029474,0.4746800194029474,0,1
fixed_transform_step25,3198,2024-03-29,2024-04-15,-0.0219845815102011,2024,2023-12-31,learned_order_offset,20260910,0.4474975970181041,0.4474975970181041,0,0
fixed_transform_step25,3144,2024-01-05,2024-01-15,-0.0158038409563566,2024,2023-12-31,learned_market,20260911,0.5054381986976906,0.5054381986976906,1,0
fixed_transform_step25,3149,2024-01-12,2024-01-22,-0.002333261979756,2024,2023-12-31,learned_market,20260911,0.5344404908323787,0.5344404908323787,1,0
fixed_transform_step25,3154,2024-01-19,2024-01-29,0.0223511633823452,2024,2023-12-31,learned_market,20260911,0.6056082203678326,0.6056082203678326,1,1
fixed_transform_step25,3159,2024-01-26,2024-02-05,-0.0513103415192826,2024,2023-12-31,learned_market,20260911,0.536236284491504,0.536236284491504,1,0
fixed_transform_step25,3164,2024-02-02,2024-02-26,0.1015374891364462,2024,2023-12-31,learned_market,20260911,0.5342416496354764,0.5342416496354764,1,1
fixed_transform_step25,3173,2024-02-23,2024-03-04,0.0151569053862528,2024,2023-12-31,learned_market,20260911,0.636064859077555,0.636064859077555,1,1
fixed_transform_step25,3178,2024-03-01,2024-03-11,0.0021394031715169,2024,2023-12-31,learned_market,20260911,0.5744958412225454,0.5744958412225454,1,1
fixed_transform_step25,3183,2024-03-08,2024-03-18,0.0087762342284414,2024,2023-12-31,learned_market,20260911,0.6235376359173743,0.6235376359173743,1,1
fixed_transform_step25,3188,2024-03-15,2024-03-25,-0.0112802133595746,2024,2023-12-31,learned_market,20260911,0.5250838960153138,0.5250838960153138,1,0
fixed_transform_step25,3193,2024-03-22,2024-04-01,0.0042044725182444,2024,2023-12-31,learned_market,20260911,0.5710939352608271,0.5710939352608271,1,1
fixed_transform_step25,3198,2024-03-29,2024-04-15,-0.0219845815102011,2024,2023-12-31,learned_market,20260911,0.3834197760468657,0.3834197760468657,0,0
fixed_transform_step25,3144,2024-01-05,2024-01-15,-0.0158038409563566,2024,2023-12-31,learned_vol_interaction,20260911,0.5055907048902185,0.5055907048902185,1,0
fixed_transform_step25,3149,2024-01-12,2024-01-22,-0.002333261979756,2024,2023-12-31,learned_vol_interaction,20260911,0.5345697430715253,0.5345697430715253,1,0
fixed_transform_step25,3154,2024-01-19,2024-01-29,0.0223511633823452,2024,2023-12-31,learned_vol_interaction,20260911,0.6057144516952688,0.6057144516952688,1,1
fixed_transform_step25,3159,2024-01-26,2024-02-05,-0.0513103415192826,2024,2023-12-31,learned_vol_interaction,20260911,0.5360497014286747,0.5360497014286747,1,0
fixed_transform_step25,3164,2024-02-02,2024-02-26,0.1015374891364462,2024,2023-12-31,learned_vol_interaction,20260911,0.5340699292580867,0.5340699292580867,1,1
fixed_transform_step25,3173,2024-02-23,2024-03-04,0.0151569053862528,2024,2023-12-31,learned_vol_interaction,20260911,0.635598842460853,0.635598842460853,1,1
fixed_transform_step25,3178,2024-03-01,2024-03-11,0.0021394031715169,2024,2023-12-31,learned_vol_interaction,20260911,0.5740233508322927,0.5740233508322927,1,1
fixed_transform_step25,3183,2024-03-08,2024-03-18,0.0087762342284414,2024,2023-12-31,learned_vol_interaction,20260911,0.6228491427098055,0.6228491427098055,1,1
fixed_transform_step25,3188,2024-03-15,2024-03-25,-0.0112802133595746,2024,2023-12-31,learned_vol_interaction,20260911,0.5244855050624243,0.5244855050624243,1,0
fixed_transform_step25,3193,2024-03-22,2024-04-01,0.0042044725182444,2024,2023-12-31,learned_vol_interaction,20260911,0.5705279783235351,0.5705279783235351,1,1
fixed_transform_step25,3198,2024-03-29,2024-04-15,-0.0219845815102011,2024,2023-12-31,learned_vol_interaction,20260911,0.38271605688876176,0.38271605688876176,0,0
fixed_transform_step25,3144,2024-01-05,2024-01-15,-0.0158038409563566,2024,2023-12-31,learned_order_extension,20260911,0.5046246382575834,0.5046246382575834,1,0
fixed_transform_step25,3149,2024-01-12,2024-01-22,-0.002333261979756,2024,2023-12-31,learned_order_extension,20260911,0.5273727883107168,0.5273727883107168,1,0
fixed_transform_step25,3154,2024-01-19,2024-01-29,0.0223511633823452,2024,2023-12-31,learned_order_extension,20260911,0.6361976645125996,0.6361976645125996,1,1
fixed_transform_step25,3159,2024-01-26,2024-02-05,-0.0513103415192826,2024,2023-12-31,learned_order_extension,20260911,0.5444608640891567,0.5444608640891567,1,0
fixed_transform_step25,3164,2024-02-02,2024-02-26,0.1015374891364462,2024,2023-12-31,learned_order_extension,20260911,0.545031438848448,0.545031438848448,1,1
fixed_transform_step25,3173,2024-02-23,2024-03-04,0.0151569053862528,2024,2023-12-31,learned_order_extension,20260911,0.6125199424254827,0.6125199424254827,1,1
fixed_transform_step25,3178,2024-03-01,2024-03-11,0.0021394031715169,2024,2023-12-31,learned_order_extension,20260911,0.5496769035930799,0.5496769035930799,1,1
fixed_transform_step25,3183,2024-03-08,2024-03-18,0.0087762342284414,2024,2023-12-31,learned_order_extension,20260911,0.5653384521782018,0.5653384521782018,1,1
fixed_transform_step25,3188,2024-03-15,2024-03-25,-0.0112802133595746,2024,2023-12-31,learned_order_extension,20260911,0.4741066250462846,0.4741066250462846,0,0
fixed_transform_step25,3193,2024-03-22,2024-04-01,0.0042044725182444,2024,2023-12-31,learned_order_extension,20260911,0.5034201205076809,0.5034201205076809,1,1
fixed_transform_step25,3198,2024-03-29,2024-04-15,-0.0219845815102011,2024,2023-12-31,learned_order_extension,20260911,0.3647496103237538,0.3647496103237538,0,0
fixed_transform_step25,3144,2024-01-05,2024-01-15,-0.0158038409563566,2024,2023-12-31,learned_order_offset,20260911,0.5039028855862143,0.5039028855862143,1,0
fixed_transform_step25,3149,2024-01-12,2024-01-22,-0.002333261979756,2024,2023-12-31,learned_order_offset,20260911,0.5267036688758374,0.5267036688758374,1,0
fixed_transform_step25,3154,2024-01-19,2024-01-29,0.0223511633823452,2024,2023-12-31,learned_order_offset,20260911,0.6349472157761124,0.6349472157761124,1,1
fixed_transform_step25,3159,2024-01-26,2024-02-05,-0.0513103415192826,2024,2023-12-31,learned_order_offset,20260911,0.5443793909861219,0.5443793909861219,1,0
fixed_transform_step25,3164,2024-02-02,2024-02-26,0.1015374891364462,2024,2023-12-31,learned_order_offset,20260911,0.5451794882867483,0.5451794882867483,1,1
fixed_transform_step25,3173,2024-02-23,2024-03-04,0.0151569053862528,2024,2023-12-31,learned_order_offset,20260911,0.6109679669122872,0.6109679669122872,1,1
fixed_transform_step25,3178,2024-03-01,2024-03-11,0.0021394031715169,2024,2023-12-31,learned_order_offset,20260911,0.5481247094966736,0.5481247094966736,1,1
fixed_transform_step25,3183,2024-03-08,2024-03-18,0.0087762342284414,2024,2023-12-31,learned_order_offset,20260911,0.5633395909983205,0.5633395909983205,1,1
fixed_transform_step25,3188,2024-03-15,2024-03-25,-0.0112802133595746,2024,2023-12-31,learned_order_offset,20260911,0.47094256842793375,0.47094256842793375,0,0
fixed_transform_step25,3193,2024-03-22,2024-04-01,0.0042044725182444,2024,2023-12-31,learned_order_offset,20260911,0.4995363819528175,0.4995363819528175,0,1
fixed_transform_step25,3198,2024-03-29,2024-04-15,-0.0219845815102011,2024,2023-12-31,learned_order_offset,20260911,0.3626011592845029,0.3626011592845029,0,0
fixed_transform_step25,3144,2024-01-05,2024-01-15,-0.0158038409563566,2024,2023-12-31,learned_market,20260912,0.5011992069392154,0.5011992069392154,1,0
fixed_transform_step25,3149,2024-01-12,2024-01-22,-0.002333261979756,2024,2023-12-31,learned_market,20260912,0.47277699760132935,0.47277699760132935,0,0
fixed_transform_step25,3154,2024-01-19,2024-01-29,0.0223511633823452,2024,2023-12-31,learned_market,20260912,0.4519385169732587,0.4519385169732587,0,1
fixed_transform_step25,3159,2024-01-26,2024-02-05,-0.0513103415192826,2024,2023-12-31,learned_market,20260912,0.5136187590656476,0.5136187590656476,1,0
fixed_transform_step25,3164,2024-02-02,2024-02-26,0.1015374891364462,2024,2023-12-31,learned_market,20260912,0.5626550395617658,0.5626550395617658,1,1
fixed_transform_step25,3173,2024-02-23,2024-03-04,0.0151569053862528,2024,2023-12-31,learned_market,20260912,0.4999534810647158,0.4999534810647158,0,1
fixed_transform_step25,3178,2024-03-01,2024-03-11,0.0021394031715169,2024,2023-12-31,learned_market,20260912,0.5749313458355619,0.5749313458355619,1,1
fixed_transform_step25,3183,2024-03-08,2024-03-18,0.0087762342284414,2024,2023-12-31,learned_market,20260912,0.5879570158742811,0.5879570158742811,1,1
fixed_transform_step25,3188,2024-03-15,2024-03-25,-0.0112802133595746,2024,2023-12-31,learned_market,20260912,0.48185973058558346,0.48185973058558346,0,0
fixed_transform_step25,3193,2024-03-22,2024-04-01,0.0042044725182444,2024,2023-12-31,learned_market,20260912,0.5819259306110321,0.5819259306110321,1,1
fixed_transform_step25,3198,2024-03-29,2024-04-15,-0.0219845815102011,2024,2023-12-31,learned_market,20260912,0.5513216063045803,0.5513216063045803,1,0
fixed_transform_step25,3144,2024-01-05,2024-01-15,-0.0158038409563566,2024,2023-12-31,learned_vol_interaction,20260912,0.4952442890139834,0.4952442890139834,0,0
fixed_transform_step25,3149,2024-01-12,2024-01-22,-0.002333261979756,2024,2023-12-31,learned_vol_interaction,20260912,0.46734394081550534,0.46734394081550534,0,0
fixed_transform_step25,3154,2024-01-19,2024-01-29,0.0223511633823452,2024,2023-12-31,learned_vol_interaction,20260912,0.4458542659590224,0.4458542659590224,0,1
fixed_transform_step25,3159,2024-01-26,2024-02-05,-0.0513103415192826,2024,2023-12-31,learned_vol_interaction,20260912,0.5051200250772759,0.5051200250772759,1,0
fixed_transform_step25,3164,2024-02-02,2024-02-26,0.1015374891364462,2024,2023-12-31,learned_vol_interaction,20260912,0.5544379606615297,0.5544379606615297,1,1
fixed_transform_step25,3173,2024-02-23,2024-03-04,0.0151569053862528,2024,2023-12-31,learned_vol_interaction,20260912,0.4830624305901862,0.4830624305901862,0,1
fixed_transform_step25,3178,2024-03-01,2024-03-11,0.0021394031715169,2024,2023-12-31,learned_vol_interaction,20260912,0.5592748903954966,0.5592748903954966,1,1
fixed_transform_step25,3183,2024-03-08,2024-03-18,0.0087762342284414,2024,2023-12-31,learned_vol_interaction,20260912,0.5740363843191351,0.5740363843191351,1,1
fixed_transform_step25,3188,2024-03-15,2024-03-25,-0.0112802133595746,2024,2023-12-31,learned_vol_interaction,20260912,0.4809004633653104,0.4809004633653104,0,0
fixed_transform_step25,3193,2024-03-22,2024-04-01,0.0042044725182444,2024,2023-12-31,learned_vol_interaction,20260912,0.5933081539859947,0.5933081539859947,1,1
fixed_transform_step25,3198,2024-03-29,2024-04-15,-0.0219845815102011,2024,2023-12-31,learned_vol_interaction,20260912,0.5653073701837698,0.5653073701837698,1,0
fixed_transform_step25,3144,2024-01-05,2024-01-15,-0.0158038409563566,2024,2023-12-31,learned_order_extension,20260912,0.5535119994762409,0.5535119994762409,1,0
fixed_transform_step25,3149,2024-01-12,2024-01-22,-0.002333261979756,2024,2023-12-31,learned_order_extension,20260912,0.48736548091739423,0.48736548091739423,0,0
fixed_transform_step25,3154,2024-01-19,2024-01-29,0.0223511633823452,2024,2023-12-31,learned_order_extension,20260912,0.4215435053964147,0.4215435053964147,0,1
fixed_transform_step25,3159,2024-01-26,2024-02-05,-0.0513103415192826,2024,2023-12-31,learned_order_extension,20260912,0.48649269504735876,0.48649269504735876,0,0
fixed_transform_step25,3164,2024-02-02,2024-02-26,0.1015374891364462,2024,2023-12-31,learned_order_extension,20260912,0.5496050819275686,0.5496050819275686,1,1
fixed_transform_step25,3173,2024-02-23,2024-03-04,0.0151569053862528,2024,2023-12-31,learned_order_extension,20260912,0.4386082807089806,0.4386082807089806,0,1
fixed_transform_step25,3178,2024-03-01,2024-03-11,0.0021394031715169,2024,2023-12-31,learned_order_extension,20260912,0.46924981751922445,0.46924981751922445,0,1
fixed_transform_step25,3183,2024-03-08,2024-03-18,0.0087762342284414,2024,2023-12-31,learned_order_extension,20260912,0.4701956287186797,0.4701956287186797,0,1
fixed_transform_step25,3188,2024-03-15,2024-03-25,-0.0112802133595746,2024,2023-12-31,learned_order_extension,20260912,0.41374971985365583,0.41374971985365583,0,0
fixed_transform_step25,3193,2024-03-22,2024-04-01,0.0042044725182444,2024,2023-12-31,learned_order_extension,20260912,0.4779698312307604,0.4779698312307604,0,1
fixed_transform_step25,3198,2024-03-29,2024-04-15,-0.0219845815102011,2024,2023-12-31,learned_order_extension,20260912,0.47494867441409877,0.47494867441409877,0,0
fixed_transform_step25,3144,2024-01-05,2024-01-15,-0.0158038409563566,2024,2023-12-31,learned_order_offset,20260912,0.555524023910941,0.555524023910941,1,0
fixed_transform_step25,3149,2024-01-12,2024-01-22,-0.002333261979756,2024,2023-12-31,learned_order_offset,20260912,0.4886344435127239,0.4886344435127239,0,0
fixed_transform_step25,3154,2024-01-19,2024-01-29,0.0223511633823452,2024,2023-12-31,learned_order_offset,20260912,0.4229445653552536,0.4229445653552536,0,1
fixed_transform_step25,3159,2024-01-26,2024-02-05,-0.0513103415192826,2024,2023-12-31,learned_order_offset,20260912,0.4868819752675603,0.4868819752675603,0,0
fixed_transform_step25,3164,2024-02-02,2024-02-26,0.1015374891364462,2024,2023-12-31,learned_order_offset,20260912,0.5512261346233363,0.5512261346233363,1,1
fixed_transform_step25,3173,2024-02-23,2024-03-04,0.0151569053862528,2024,2023-12-31,learned_order_offset,20260912,0.4383060233141652,0.4383060233141652,0,1
fixed_transform_step25,3178,2024-03-01,2024-03-11,0.0021394031715169,2024,2023-12-31,learned_order_offset,20260912,0.4671863792327489,0.4671863792327489,0,1
fixed_transform_step25,3183,2024-03-08,2024-03-18,0.0087762342284414,2024,2023-12-31,learned_order_offset,20260912,0.4682690873666851,0.4682690873666851,0,1
fixed_transform_step25,3188,2024-03-15,2024-03-25,-0.0112802133595746,2024,2023-12-31,learned_order_offset,20260912,0.410883959095752,0.410883959095752,0,0
fixed_transform_step25,3193,2024-03-22,2024-04-01,0.0042044725182444,2024,2023-12-31,learned_order_offset,20260912,0.4736922823747903,0.4736922823747903,0,1
fixed_transform_step25,3198,2024-03-29,2024-04-15,-0.0219845815102011,2024,2023-12-31,learned_order_offset,20260912,0.4721761686206615,0.4721761686206615,0,0
fixed_transform_step25,3206,2024-04-12,2024-04-22,0.018045199366633,2024,2024-03-31,learned_market,20260910,0.40749928738089264,0.40749928738089264,0,1
fixed_transform_step25,3211,2024-04-19,2024-04-29,0.0136757744232476,2024,2024-03-31,learned_market,20260910,0.38134338615741353,0.38134338615741353,0,1
fixed_transform_step25,3216,2024-04-26,2024-05-13,0.0172434956786644,2024,2024-03-31,learned_market,20260910,0.3270897521169339,0.3270897521169339,0,1
fixed_transform_step25,3223,2024-05-10,2024-05-20,0.0097933549988344,2024,2024-03-31,learned_market,20260910,0.39113666523014584,0.39113666523014584,0,1
fixed_transform_step25,3228,2024-05-17,2024-05-27,-0.0204803832637164,2024,2024-03-31,learned_market,20260910,0.3840772115600197,0.3840772115600197,0,0
fixed_transform_step25,3233,2024-05-24,2024-06-03,-0.0081155643048258,2024,2024-03-31,learned_market,20260910,0.4289603319820648,0.4289603319820648,0,0
fixed_transform_step25,3238,2024-05-31,2024-06-11,-0.0060267570121149,2024,2024-03-31,learned_market,20260910,0.4509416088845894,0.4509416088845894,0,0
fixed_transform_step25,3243,2024-06-07,2024-06-17,-0.0096686558937179,2024,2024-03-31,learned_market,20260910,0.5971166638146638,0.5971166638146638,1,0
fixed_transform_step25,3247,2024-06-14,2024-06-24,-0.013573992457631,2024,2024-03-31,learned_market,20260910,0.6661877165809036,0.6661877165809036,1,0
fixed_transform_step25,3252,2024-06-21,2024-07-01,-0.004427632109257,2024,2024-03-31,learned_market,20260910,0.44439370725982047,0.44439370725982047,0,0
fixed_transform_step25,3257,2024-06-28,2024-07-08,-0.0108320369203009,2024,2024-03-31,learned_market,20260910,0.5388356831778899,0.5388356831778899,1,0
fixed_transform_step25,3206,2024-04-12,2024-04-22,0.018045199366633,2024,2024-03-31,learned_vol_interaction,20260910,0.40137756771048405,0.40137756771048405,0,1
fixed_transform_step25,3211,2024-04-19,2024-04-29,0.0136757744232476,2024,2024-03-31,learned_vol_interaction,20260910,0.3654565164200141,0.3654565164200141,0,1
fixed_transform_step25,3216,2024-04-26,2024-05-13,0.0172434956786644,2024,2024-03-31,learned_vol_interaction,20260910,0.31353032366031075,0.31353032366031075,0,1
fixed_transform_step25,3223,2024-05-10,2024-05-20,0.0097933549988344,2024,2024-03-31,learned_vol_interaction,20260910,0.36762351488084016,0.36762351488084016,0,1
fixed_transform_step25,3228,2024-05-17,2024-05-27,-0.0204803832637164,2024,2024-03-31,learned_vol_interaction,20260910,0.36885737467403457,0.36885737467403457,0,0
fixed_transform_step25,3233,2024-05-24,2024-06-03,-0.0081155643048258,2024,2024-03-31,learned_vol_interaction,20260910,0.4137229411963218,0.4137229411963218,0,0
fixed_transform_step25,3238,2024-05-31,2024-06-11,-0.0060267570121149,2024,2024-03-31,learned_vol_interaction,20260910,0.4437576462507685,0.4437576462507685,0,0
fixed_transform_step25,3243,2024-06-07,2024-06-17,-0.0096686558937179,2024,2024-03-31,learned_vol_interaction,20260910,0.6322268915043509,0.6322268915043509,1,0
fixed_transform_step25,3247,2024-06-14,2024-06-24,-0.013573992457631,2024,2024-03-31,learned_vol_interaction,20260910,0.7226142673174553,0.7226142673174553,1,0
fixed_transform_step25,3252,2024-06-21,2024-07-01,-0.004427632109257,2024,2024-03-31,learned_vol_interaction,20260910,0.46132759609150475,0.46132759609150475,0,0
fixed_transform_step25,3257,2024-06-28,2024-07-08,-0.0108320369203009,2024,2024-03-31,learned_vol_interaction,20260910,0.582970818050011,0.582970818050011,1,0
fixed_transform_step25,3206,2024-04-12,2024-04-22,0.018045199366633,2024,2024-03-31,learned_order_extension,20260910,0.3910141675825815,0.3910141675825815,0,1
fixed_transform_step25,3211,2024-04-19,2024-04-29,0.0136757744232476,2024,2024-03-31,learned_order_extension,20260910,0.37585616680971407,0.37585616680971407,0,1
fixed_transform_step25,3216,2024-04-26,2024-05-13,0.0172434956786644,2024,2024-03-31,learned_order_extension,20260910,0.3743391881542746,0.3743391881542746,0,1
fixed_transform_step25,3223,2024-05-10,2024-05-20,0.0097933549988344,2024,2024-03-31,learned_order_extension,20260910,0.38327877794915144,0.38327877794915144,0,1
fixed_transform_step25,3228,2024-05-17,2024-05-27,-0.0204803832637164,2024,2024-03-31,learned_order_extension,20260910,0.4030698322123997,0.4030698322123997,0,0
fixed_transform_step25,3233,2024-05-24,2024-06-03,-0.0081155643048258,2024,2024-03-31,learned_order_extension,20260910,0.4293961699417197,0.4293961699417197,0,0
fixed_transform_step25,3238,2024-05-31,2024-06-11,-0.0060267570121149,2024,2024-03-31,learned_order_extension,20260910,0.4400946651370372,0.4400946651370372,0,0
fixed_transform_step25,3243,2024-06-07,2024-06-17,-0.0096686558937179,2024,2024-03-31,learned_order_extension,20260910,0.6104197334556763,0.6104197334556763,1,0
fixed_transform_step25,3247,2024-06-14,2024-06-24,-0.013573992457631,2024,2024-03-31,learned_order_extension,20260910,0.7108480302127754,0.7108480302127754,1,0
fixed_transform_step25,3252,2024-06-21,2024-07-01,-0.004427632109257,2024,2024-03-31,learned_order_extension,20260910,0.4564522675270067,0.4564522675270067,0,0
fixed_transform_step25,3257,2024-06-28,2024-07-08,-0.0108320369203009,2024,2024-03-31,learned_order_extension,20260910,0.5750028479472529,0.5750028479472529,1,0
fixed_transform_step25,3206,2024-04-12,2024-04-22,0.018045199366633,2024,2024-03-31,learned_order_offset,20260910,0.38962634273295843,0.38962634273295843,0,1
fixed_transform_step25,3211,2024-04-19,2024-04-29,0.0136757744232476,2024,2024-03-31,learned_order_offset,20260910,0.37594957013649893,0.37594957013649893,0,1
fixed_transform_step25,3216,2024-04-26,2024-05-13,0.0172434956786644,2024,2024-03-31,learned_order_offset,20260910,0.374607811324712,0.374607811324712,0,1
fixed_transform_step25,3223,2024-05-10,2024-05-20,0.0097933549988344,2024,2024-03-31,learned_order_offset,20260910,0.383250582274142,0.383250582274142,0,1
fixed_transform_step25,3228,2024-05-17,2024-05-27,-0.0204803832637164,2024,2024-03-31,learned_order_offset,20260910,0.4034574265461701,0.4034574265461701,0,0
fixed_transform_step25,3233,2024-05-24,2024-06-03,-0.0081155643048258,2024,2024-03-31,learned_order_offset,20260910,0.430162157880526,0.430162157880526,0,0
fixed_transform_step25,3238,2024-05-31,2024-06-11,-0.0060267570121149,2024,2024-03-31,learned_order_offset,20260910,0.4406973540366186,0.4406973540366186,0,0
fixed_transform_step25,3243,2024-06-07,2024-06-17,-0.0096686558937179,2024,2024-03-31,learned_order_offset,20260910,0.6101252420579383,0.6101252420579383,1,0
fixed_transform_step25,3247,2024-06-14,2024-06-24,-0.013573992457631,2024,2024-03-31,learned_order_offset,20260910,0.7099690047431167,0.7099690047431167,1,0
fixed_transform_step25,3252,2024-06-21,2024-07-01,-0.004427632109257,2024,2024-03-31,learned_order_offset,20260910,0.45604216177955303,0.45604216177955303,0,0
fixed_transform_step25,3257,2024-06-28,2024-07-08,-0.0108320369203009,2024,2024-03-31,learned_order_offset,20260910,0.5737641978888354,0.5737641978888354,1,0
fixed_transform_step25,3206,2024-04-12,2024-04-22,0.018045199366633,2024,2024-03-31,learned_market,20260911,0.3927462717299885,0.3927462717299885,0,1
fixed_transform_step25,3211,2024-04-19,2024-04-29,0.0136757744232476,2024,2024-03-31,learned_market,20260911,0.6796946055981645,0.6796946055981645,1,1
fixed_transform_step25,3216,2024-04-26,2024-05-13,0.0172434956786644,2024,2024-03-31,learned_market,20260911,0.6944456507464964,0.6944456507464964,1,1
fixed_transform_step25,3223,2024-05-10,2024-05-20,0.0097933549988344,2024,2024-03-31,learned_market,20260911,0.3424773915591094,0.3424773915591094,0,1
fixed_transform_step25,3228,2024-05-17,2024-05-27,-0.0204803832637164,2024,2024-03-31,learned_market,20260911,0.4432849881204576,0.4432849881204576,0,0
fixed_transform_step25,3233,2024-05-24,2024-06-03,-0.0081155643048258,2024,2024-03-31,learned_market,20260911,0.3748534443318651,0.3748534443318651,0,0
fixed_transform_step25,3238,2024-05-31,2024-06-11,-0.0060267570121149,2024,2024-03-31,learned_market,20260911,0.46165405269996146,0.46165405269996146,0,0
fixed_transform_step25,3243,2024-06-07,2024-06-17,-0.0096686558937179,2024,2024-03-31,learned_market,20260911,0.45651441203363374,0.45651441203363374,0,0
fixed_transform_step25,3247,2024-06-14,2024-06-24,-0.013573992457631,2024,2024-03-31,learned_market,20260911,0.5458695849505419,0.5458695849505419,1,0
fixed_transform_step25,3252,2024-06-21,2024-07-01,-0.004427632109257,2024,2024-03-31,learned_market,20260911,0.470619272034804,0.470619272034804,0,0
fixed_transform_step25,3257,2024-06-28,2024-07-08,-0.0108320369203009,2024,2024-03-31,learned_market,20260911,0.506500483910729,0.506500483910729,1,0
fixed_transform_step25,3206,2024-04-12,2024-04-22,0.018045199366633,2024,2024-03-31,learned_vol_interaction,20260911,0.39286799076845963,0.39286799076845963,0,1
fixed_transform_step25,3211,2024-04-19,2024-04-29,0.0136757744232476,2024,2024-03-31,learned_vol_interaction,20260911,0.6795484287924596,0.6795484287924596,1,1
fixed_transform_step25,3216,2024-04-26,2024-05-13,0.0172434956786644,2024,2024-03-31,learned_vol_interaction,20260911,0.694304190369448,0.694304190369448,1,1
fixed_transform_step25,3223,2024-05-10,2024-05-20,0.0097933549988344,2024,2024-03-31,learned_vol_interaction,20260911,0.34270915705115274,0.34270915705115274,0,1
fixed_transform_step25,3228,2024-05-17,2024-05-27,-0.0204803832637164,2024,2024-03-31,learned_vol_interaction,20260911,0.44316692493561555,0.44316692493561555,0,0
fixed_transform_step25,3233,2024-05-24,2024-06-03,-0.0081155643048258,2024,2024-03-31,learned_vol_interaction,20260911,0.3748959670102439,0.3748959670102439,0,0
fixed_transform_step25,3238,2024-05-31,2024-06-11,-0.0060267570121149,2024,2024-03-31,learned_vol_interaction,20260911,0.46159052232834213,0.46159052232834213,0,0
fixed_transform_step25,3243,2024-06-07,2024-06-17,-0.0096686558937179,2024,2024-03-31,learned_vol_interaction,20260911,0.45660072956305064,0.45660072956305064,0,0
fixed_transform_step25,3247,2024-06-14,2024-06-24,-0.013573992457631,2024,2024-03-31,learned_vol_interaction,20260911,0.545552746972423,0.545552746972423,1,0
fixed_transform_step25,3252,2024-06-21,2024-07-01,-0.004427632109257,2024,2024-03-31,learned_vol_interaction,20260911,0.4704165349348884,0.4704165349348884,0,0
fixed_transform_step25,3257,2024-06-28,2024-07-08,-0.0108320369203009,2024,2024-03-31,learned_vol_interaction,20260911,0.5063030385920051,0.5063030385920051,1,0
fixed_transform_step25,3206,2024-04-12,2024-04-22,0.018045199366633,2024,2024-03-31,learned_order_extension,20260911,0.3787713052170077,0.3787713052170077,0,1
fixed_transform_step25,3211,2024-04-19,2024-04-29,0.0136757744232476,2024,2024-03-31,learned_order_extension,20260911,0.5195240732501291,0.5195240732501291,1,1
fixed_transform_step25,3216,2024-04-26,2024-05-13,0.0172434956786644,2024,2024-03-31,learned_order_extension,20260911,0.4982371047048104,0.4982371047048104,0,1
fixed_transform_step25,3223,2024-05-10,2024-05-20,0.0097933549988344,2024,2024-03-31,learned_order_extension,20260911,0.39501626528257927,0.39501626528257927,0,1
fixed_transform_step25,3228,2024-05-17,2024-05-27,-0.0204803832637164,2024,2024-03-31,learned_order_extension,20260911,0.46013655800568604,0.46013655800568604,0,0
fixed_transform_step25,3233,2024-05-24,2024-06-03,-0.0081155643048258,2024,2024-03-31,learned_order_extension,20260911,0.41030234247808334,0.41030234247808334,0,0
fixed_transform_step25,3238,2024-05-31,2024-06-11,-0.0060267570121149,2024,2024-03-31,learned_order_extension,20260911,0.4839521252231792,0.4839521252231792,0,0
fixed_transform_step25,3243,2024-06-07,2024-06-17,-0.0096686558937179,2024,2024-03-31,learned_order_extension,20260911,0.4568551046490461,0.4568551046490461,0,0
fixed_transform_step25,3247,2024-06-14,2024-06-24,-0.013573992457631,2024,2024-03-31,learned_order_extension,20260911,0.5487260811843939,0.5487260811843939,1,0
fixed_transform_step25,3252,2024-06-21,2024-07-01,-0.004427632109257,2024,2024-03-31,learned_order_extension,20260911,0.4876808602278671,0.4876808602278671,0,0
fixed_transform_step25,3257,2024-06-28,2024-07-08,-0.0108320369203009,2024,2024-03-31,learned_order_extension,20260911,0.5051731115455043,0.5051731115455043,1,0
fixed_transform_step25,3206,2024-04-12,2024-04-22,0.018045199366633,2024,2024-03-31,learned_order_offset,20260911,0.37674428415162914,0.37674428415162914,0,1
fixed_transform_step25,3211,2024-04-19,2024-04-29,0.0136757744232476,2024,2024-03-31,learned_order_offset,20260911,0.5153229851597316,0.5153229851597316,1,1
fixed_transform_step25,3216,2024-04-26,2024-05-13,0.0172434956786644,2024,2024-03-31,learned_order_offset,20260911,0.4956950500002959,0.4956950500002959,0,1
fixed_transform_step25,3223,2024-05-10,2024-05-20,0.0097933549988344,2024,2024-03-31,learned_order_offset,20260911,0.39521238193759595,0.39521238193759595,0,1
fixed_transform_step25,3228,2024-05-17,2024-05-27,-0.0204803832637164,2024,2024-03-31,learned_order_offset,20260911,0.459118430839395,0.459118430839395,0,0
fixed_transform_step25,3233,2024-05-24,2024-06-03,-0.0081155643048258,2024,2024-03-31,learned_order_offset,20260911,0.40949505928659696,0.40949505928659696,0,0
fixed_transform_step25,3238,2024-05-31,2024-06-11,-0.0060267570121149,2024,2024-03-31,learned_order_offset,20260911,0.4816782244168869,0.4816782244168869,0,0
fixed_transform_step25,3243,2024-06-07,2024-06-17,-0.0096686558937179,2024,2024-03-31,learned_order_offset,20260911,0.45491142277433316,0.45491142277433316,0,0
fixed_transform_step25,3247,2024-06-14,2024-06-24,-0.013573992457631,2024,2024-03-31,learned_order_offset,20260911,0.5472993079063057,0.5472993079063057,1,0
fixed_transform_step25,3252,2024-06-21,2024-07-01,-0.004427632109257,2024,2024-03-31,learned_order_offset,20260911,0.4874423368231323,0.4874423368231323,0,0
fixed_transform_step25,3257,2024-06-28,2024-07-08,-0.0108320369203009,2024,2024-03-31,learned_order_offset,20260911,0.5052644641064339,0.5052644641064339,1,0
fixed_transform_step25,3206,2024-04-12,2024-04-22,0.018045199366633,2024,2024-03-31,learned_market,20260912,0.5842032829453424,0.5842032829453424,1,1
fixed_transform_step25,3211,2024-04-19,2024-04-29,0.0136757744232476,2024,2024-03-31,learned_market,20260912,0.5939221205679847,0.5939221205679847,1,1
fixed_transform_step25,3216,2024-04-26,2024-05-13,0.0172434956786644,2024,2024-03-31,learned_market,20260912,0.42893536634138585,0.42893536634138585,0,1
fixed_transform_step25,3223,2024-05-10,2024-05-20,0.0097933549988344,2024,2024-03-31,learned_market,20260912,0.2558491829062897,0.2558491829062897,0,1
fixed_transform_step25,3228,2024-05-17,2024-05-27,-0.0204803832637164,2024,2024-03-31,learned_market,20260912,0.24612405231014142,0.24612405231014142,0,0
fixed_transform_step25,3233,2024-05-24,2024-06-03,-0.0081155643048258,2024,2024-03-31,learned_market,20260912,0.287620895296418,0.287620895296418,0,0
fixed_transform_step25,3238,2024-05-31,2024-06-11,-0.0060267570121149,2024,2024-03-31,learned_market,20260912,0.3055674546055847,0.3055674546055847,0,0
fixed_transform_step25,3243,2024-06-07,2024-06-17,-0.0096686558937179,2024,2024-03-31,learned_market,20260912,0.38394816972281176,0.38394816972281176,0,0
fixed_transform_step25,3247,2024-06-14,2024-06-24,-0.013573992457631,2024,2024-03-31,learned_market,20260912,0.4062778020092987,0.4062778020092987,0,0
fixed_transform_step25,3252,2024-06-21,2024-07-01,-0.004427632109257,2024,2024-03-31,learned_market,20260912,0.4522459821885823,0.4522459821885823,0,0
fixed_transform_step25,3257,2024-06-28,2024-07-08,-0.0108320369203009,2024,2024-03-31,learned_market,20260912,0.44420758070153854,0.44420758070153854,0,0
fixed_transform_step25,3206,2024-04-12,2024-04-22,0.018045199366633,2024,2024-03-31,learned_vol_interaction,20260912,0.599562293640014,0.599562293640014,1,1
fixed_transform_step25,3211,2024-04-19,2024-04-29,0.0136757744232476,2024,2024-03-31,learned_vol_interaction,20260912,0.5939044414002963,0.5939044414002963,1,1
fixed_transform_step25,3216,2024-04-26,2024-05-13,0.0172434956786644,2024,2024-03-31,learned_vol_interaction,20260912,0.4242272213236009,0.4242272213236009,0,1
fixed_transform_step25,3223,2024-05-10,2024-05-20,0.0097933549988344,2024,2024-03-31,learned_vol_interaction,20260912,0.2592150059310307,0.2592150059310307,0,1
fixed_transform_step25,3228,2024-05-17,2024-05-27,-0.0204803832637164,2024,2024-03-31,learned_vol_interaction,20260912,0.23862678881867727,0.23862678881867727,0,0
fixed_transform_step25,3233,2024-05-24,2024-06-03,-0.0081155643048258,2024,2024-03-31,learned_vol_interaction,20260912,0.2792277650921669,0.2792277650921669,0,0
fixed_transform_step25,3238,2024-05-31,2024-06-11,-0.0060267570121149,2024,2024-03-31,learned_vol_interaction,20260912,0.29684908562341383,0.29684908562341383,0,0
fixed_transform_step25,3243,2024-06-07,2024-06-17,-0.0096686558937179,2024,2024-03-31,learned_vol_interaction,20260912,0.3745115045106264,0.3745115045106264,0,0
fixed_transform_step25,3247,2024-06-14,2024-06-24,-0.013573992457631,2024,2024-03-31,learned_vol_interaction,20260912,0.39773796878988804,0.39773796878988804,0,0
fixed_transform_step25,3252,2024-06-21,2024-07-01,-0.004427632109257,2024,2024-03-31,learned_vol_interaction,20260912,0.4539450162429979,0.4539450162429979,0,0
fixed_transform_step25,3257,2024-06-28,2024-07-08,-0.0108320369203009,2024,2024-03-31,learned_vol_interaction,20260912,0.4364589696479811,0.4364589696479811,0,0
fixed_transform_step25,3206,2024-04-12,2024-04-22,0.018045199366633,2024,2024-03-31,learned_order_extension,20260912,0.4551209795506366,0.4551209795506366,0,1
fixed_transform_step25,3211,2024-04-19,2024-04-29,0.0136757744232476,2024,2024-03-31,learned_order_extension,20260912,0.46770223750057116,0.46770223750057116,0,1
fixed_transform_step25,3216,2024-04-26,2024-05-13,0.0172434956786644,2024,2024-03-31,learned_order_extension,20260912,0.42256309737661607,0.42256309737661607,0,1
fixed_transform_step25,3223,2024-05-10,2024-05-20,0.0097933549988344,2024,2024-03-31,learned_order_extension,20260912,0.36792391405697705,0.36792391405697705,0,1
fixed_transform_step25,3228,2024-05-17,2024-05-27,-0.0204803832637164,2024,2024-03-31,learned_order_extension,20260912,0.33669250837656967,0.33669250837656967,0,0
fixed_transform_step25,3233,2024-05-24,2024-06-03,-0.0081155643048258,2024,2024-03-31,learned_order_extension,20260912,0.35669406417074,0.35669406417074,0,0
fixed_transform_step25,3238,2024-05-31,2024-06-11,-0.0060267570121149,2024,2024-03-31,learned_order_extension,20260912,0.3396952717194609,0.3396952717194609,0,0
fixed_transform_step25,3243,2024-06-07,2024-06-17,-0.0096686558937179,2024,2024-03-31,learned_order_extension,20260912,0.40161684994078767,0.40161684994078767,0,0
fixed_transform_step25,3247,2024-06-14,2024-06-24,-0.013573992457631,2024,2024-03-31,learned_order_extension,20260912,0.4117315581552962,0.4117315581552962,0,0
fixed_transform_step25,3252,2024-06-21,2024-07-01,-0.004427632109257,2024,2024-03-31,learned_order_extension,20260912,0.4621489967913281,0.4621489967913281,0,0
fixed_transform_step25,3257,2024-06-28,2024-07-08,-0.0108320369203009,2024,2024-03-31,learned_order_extension,20260912,0.46570987966848953,0.46570987966848953,0,0
fixed_transform_step25,3206,2024-04-12,2024-04-22,0.018045199366633,2024,2024-03-31,learned_order_offset,20260912,0.4523111581340699,0.4523111581340699,0,1
fixed_transform_step25,3211,2024-04-19,2024-04-29,0.0136757744232476,2024,2024-03-31,learned_order_offset,20260912,0.4652109237178335,0.4652109237178335,0,1
fixed_transform_step25,3216,2024-04-26,2024-05-13,0.0172434956786644,2024,2024-03-31,learned_order_offset,20260912,0.42228817374950545,0.42228817374950545,0,1
fixed_transform_step25,3223,2024-05-10,2024-05-20,0.0097933549988344,2024,2024-03-31,learned_order_offset,20260912,0.36820569602952163,0.36820569602952163,0,1
fixed_transform_step25,3228,2024-05-17,2024-05-27,-0.0204803832637164,2024,2024-03-31,learned_order_offset,20260912,0.33904157076773933,0.33904157076773933,0,0
fixed_transform_step25,3233,2024-05-24,2024-06-03,-0.0081155643048258,2024,2024-03-31,learned_order_offset,20260912,0.36013395120469616,0.36013395120469616,0,0
fixed_transform_step25,3238,2024-05-31,2024-06-11,-0.0060267570121149,2024,2024-03-31,learned_order_offset,20260912,0.34202957730230754,0.34202957730230754,0,0
fixed_transform_step25,3243,2024-06-07,2024-06-17,-0.0096686558937179,2024,2024-03-31,learned_order_offset,20260912,0.402976130112343,0.402976130112343,0,0
fixed_transform_step25,3247,2024-06-14,2024-06-24,-0.013573992457631,2024,2024-03-31,learned_order_offset,20260912,0.41355338960144666,0.41355338960144666,0,0
fixed_transform_step25,3252,2024-06-21,2024-07-01,-0.004427632109257,2024,2024-03-31,learned_order_offset,20260912,0.46295349004892,0.46295349004892,0,0
fixed_transform_step25,3257,2024-06-28,2024-07-08,-0.0108320369203009,2024,2024-03-31,learned_order_offset,20260912,0.4684442806664101,0.4684442806664101,0,0
fixed_transform_step25,3262,2024-07-05,2024-07-15,0.0122222871842843,2024,2024-06-30,learned_market,20260910,0.5212698953958042,0.5212698953958042,1,1
fixed_transform_step25,3267,2024-07-12,2024-07-22,0.0218881133018156,2024,2024-06-30,learned_market,20260910,0.46025839254325046,0.46025839254325046,0,1
fixed_transform_step25,3272,2024-07-19,2024-07-29,-0.0378787022382998,2024,2024-06-30,learned_market,20260910,0.49948916534736304,0.49948916534736304,0,0
fixed_transform_step25,3277,2024-07-26,2024-08-05,-0.0124134568216732,2024,2024-06-30,learned_market,20260910,0.49746092191266883,0.49746092191266883,0,0
fixed_transform_step25,3282,2024-08-02,2024-08-12,-0.0102762848330364,2024,2024-06-30,learned_market,20260910,0.50179770336217,0.50179770336217,1,0
fixed_transform_step25,3287,2024-08-09,2024-08-19,0.0050186923751938,2024,2024-06-30,learned_market,20260910,0.5678398902589255,0.5678398902589255,1,1
fixed_transform_step25,3292,2024-08-16,2024-08-26,-0.0040487282687352,2024,2024-06-30,learned_market,20260910,0.3813325431622019,0.3813325431622019,0,0
fixed_transform_step25,3297,2024-08-23,2024-09-02,-0.0069594562136714,2024,2024-06-30,learned_market,20260910,0.28631153628188305,0.28631153628188305,0,0
fixed_transform_step25,3302,2024-08-30,2024-09-09,-0.0280389655151561,2024,2024-06-30,learned_market,20260910,0.2674766583136052,0.2674766583136052,0,0
fixed_transform_step25,3307,2024-09-06,2024-09-18,-0.0174132138857783,2024,2024-06-30,learned_market,20260910,0.2789310402529906,0.2789310402529906,0,0
fixed_transform_step25,3312,2024-09-13,2024-09-24,0.0133119329369826,2024,2024-06-30,learned_market,20260910,0.3193069544727162,0.3193069544727162,0,1
fixed_transform_step25,3315,2024-09-20,2024-09-30,0.2017513988384409,2024,2024-06-30,learned_market,20260910,0.3017014369688149,0.3017014369688149,0,1
fixed_transform_step25,3320,2024-09-27,2024-10-14,0.0178259004588408,2024,2024-06-30,learned_market,20260910,0.557989789979241,0.557989789979241,1,1
fixed_transform_step25,3262,2024-07-05,2024-07-15,0.0122222871842843,2024,2024-06-30,learned_vol_interaction,20260910,0.559525791700912,0.559525791700912,1,1
fixed_transform_step25,3267,2024-07-12,2024-07-22,0.0218881133018156,2024,2024-06-30,learned_vol_interaction,20260910,0.47442385796413283,0.47442385796413283,0,1
fixed_transform_step25,3272,2024-07-19,2024-07-29,-0.0378787022382998,2024,2024-06-30,learned_vol_interaction,20260910,0.5239084037026027,0.5239084037026027,1,0
fixed_transform_step25,3277,2024-07-26,2024-08-05,-0.0124134568216732,2024,2024-06-30,learned_vol_interaction,20260910,0.5094018246625582,0.5094018246625582,1,0
fixed_transform_step25,3282,2024-08-02,2024-08-12,-0.0102762848330364,2024,2024-06-30,learned_vol_interaction,20260910,0.5112939373880361,0.5112939373880361,1,0
fixed_transform_step25,3287,2024-08-09,2024-08-19,0.0050186923751938,2024,2024-06-30,learned_vol_interaction,20260910,0.5782556040433956,0.5782556040433956,1,1
fixed_transform_step25,3292,2024-08-16,2024-08-26,-0.0040487282687352,2024,2024-06-30,learned_vol_interaction,20260910,0.36720498465250045,0.36720498465250045,0,0
fixed_transform_step25,3297,2024-08-23,2024-09-02,-0.0069594562136714,2024,2024-06-30,learned_vol_interaction,20260910,0.2565514840172647,0.2565514840172647,0,0
fixed_transform_step25,3302,2024-08-30,2024-09-09,-0.0280389655151561,2024,2024-06-30,learned_vol_interaction,20260910,0.23745555644462948,0.23745555644462948,0,0
fixed_transform_step25,3307,2024-09-06,2024-09-18,-0.0174132138857783,2024,2024-06-30,learned_vol_interaction,20260910,0.2548537833953314,0.2548537833953314,0,0
fixed_transform_step25,3312,2024-09-13,2024-09-24,0.0133119329369826,2024,2024-06-30,learned_vol_interaction,20260910,0.3051308155655954,0.3051308155655954,0,1
fixed_transform_step25,3315,2024-09-20,2024-09-30,0.2017513988384409,2024,2024-06-30,learned_vol_interaction,20260910,0.2795944470241807,0.2795944470241807,0,1
fixed_transform_step25,3320,2024-09-27,2024-10-14,0.0178259004588408,2024,2024-06-30,learned_vol_interaction,20260910,0.5447828897739702,0.5447828897739702,1,1
fixed_transform_step25,3262,2024-07-05,2024-07-15,0.0122222871842843,2024,2024-06-30,learned_order_extension,20260910,0.5702106186375046,0.5702106186375046,1,1
fixed_transform_step25,3267,2024-07-12,2024-07-22,0.0218881133018156,2024,2024-06-30,learned_order_extension,20260910,0.48329675698194646,0.48329675698194646,0,1
fixed_transform_step25,3272,2024-07-19,2024-07-29,-0.0378787022382998,2024,2024-06-30,learned_order_extension,20260910,0.5170446733057716,0.5170446733057716,1,0
fixed_transform_step25,3277,2024-07-26,2024-08-05,-0.0124134568216732,2024,2024-06-30,learned_order_extension,20260910,0.5158742840174321,0.5158742840174321,1,0
fixed_transform_step25,3282,2024-08-02,2024-08-12,-0.0102762848330364,2024,2024-06-30,learned_order_extension,20260910,0.5203193958497339,0.5203193958497339,1,0
fixed_transform_step25,3287,2024-08-09,2024-08-19,0.0050186923751938,2024,2024-06-30,learned_order_extension,20260910,0.5697284615521228,0.5697284615521228,1,1
fixed_transform_step25,3292,2024-08-16,2024-08-26,-0.0040487282687352,2024,2024-06-30,learned_order_extension,20260910,0.3797846722628666,0.3797846722628666,0,0
fixed_transform_step25,3297,2024-08-23,2024-09-02,-0.0069594562136714,2024,2024-06-30,learned_order_extension,20260910,0.30037749901148414,0.30037749901148414,0,0
fixed_transform_step25,3302,2024-08-30,2024-09-09,-0.0280389655151561,2024,2024-06-30,learned_order_extension,20260910,0.27196339307257067,0.27196339307257067,0,0
fixed_transform_step25,3307,2024-09-06,2024-09-18,-0.0174132138857783,2024,2024-06-30,learned_order_extension,20260910,0.28523114722358267,0.28523114722358267,0,0
fixed_transform_step25,3312,2024-09-13,2024-09-24,0.0133119329369826,2024,2024-06-30,learned_order_extension,20260910,0.3270766746927185,0.3270766746927185,0,1
fixed_transform_step25,3315,2024-09-20,2024-09-30,0.2017513988384409,2024,2024-06-30,learned_order_extension,20260910,0.3114054377281496,0.3114054377281496,0,1
fixed_transform_step25,3320,2024-09-27,2024-10-14,0.0178259004588408,2024,2024-06-30,learned_order_extension,20260910,0.5480863216453086,0.5480863216453086,1,1
fixed_transform_step25,3262,2024-07-05,2024-07-15,0.0122222871842843,2024,2024-06-30,learned_order_offset,20260910,0.568147735199366,0.568147735199366,1,1
fixed_transform_step25,3267,2024-07-12,2024-07-22,0.0218881133018156,2024,2024-06-30,learned_order_offset,20260910,0.48139833772630586,0.48139833772630586,0,1
fixed_transform_step25,3272,2024-07-19,2024-07-29,-0.0378787022382998,2024,2024-06-30,learned_order_offset,20260910,0.5144879896298523,0.5144879896298523,1,0
fixed_transform_step25,3277,2024-07-26,2024-08-05,-0.0124134568216732,2024,2024-06-30,learned_order_offset,20260910,0.5139253215477878,0.5139253215477878,1,0
fixed_transform_step25,3282,2024-08-02,2024-08-12,-0.0102762848330364,2024,2024-06-30,learned_order_offset,20260910,0.5190290032917523,0.5190290032917523,1,0
fixed_transform_step25,3287,2024-08-09,2024-08-19,0.0050186923751938,2024,2024-06-30,learned_order_offset,20260910,0.5677391858371763,0.5677391858371763,1,1
fixed_transform_step25,3292,2024-08-16,2024-08-26,-0.0040487282687352,2024,2024-06-30,learned_order_offset,20260910,0.38100940287947965,0.38100940287947965,0,0
fixed_transform_step25,3297,2024-08-23,2024-09-02,-0.0069594562136714,2024,2024-06-30,learned_order_offset,20260910,0.3021958823224801,0.3021958823224801,0,0
fixed_transform_step25,3302,2024-08-30,2024-09-09,-0.0280389655151561,2024,2024-06-30,learned_order_offset,20260910,0.2742688553115775,0.2742688553115775,0,0
fixed_transform_step25,3307,2024-09-06,2024-09-18,-0.0174132138857783,2024,2024-06-30,learned_order_offset,20260910,0.28736775098410877,0.28736775098410877,0,0
fixed_transform_step25,3312,2024-09-13,2024-09-24,0.0133119329369826,2024,2024-06-30,learned_order_offset,20260910,0.32792547279770723,0.32792547279770723,0,1
fixed_transform_step25,3315,2024-09-20,2024-09-30,0.2017513988384409,2024,2024-06-30,learned_order_offset,20260910,0.3118933160472772,0.3118933160472772,0,1
fixed_transform_step25,3320,2024-09-27,2024-10-14,0.0178259004588408,2024,2024-06-30,learned_order_offset,20260910,0.5482808830081514,0.5482808830081514,1,1
fixed_transform_step25,3262,2024-07-05,2024-07-15,0.0122222871842843,2024,2024-06-30,learned_market,20260911,0.44497567013466816,0.44497567013466816,0,1
fixed_transform_step25,3267,2024-07-12,2024-07-22,0.0218881133018156,2024,2024-06-30,learned_market,20260911,0.523627757891339,0.523627757891339,1,1
fixed_transform_step25,3272,2024-07-19,2024-07-29,-0.0378787022382998,2024,2024-06-30,learned_market,20260911,0.40617340120161105,0.40617340120161105,0,0
fixed_transform_step25,3277,2024-07-26,2024-08-05,-0.0124134568216732,2024,2024-06-30,learned_market,20260911,0.47396602635594104,0.47396602635594104,0,0
fixed_transform_step25,3282,2024-08-02,2024-08-12,-0.0102762848330364,2024,2024-06-30,learned_market,20260911,0.37658726483132127,0.37658726483132127,0,0
fixed_transform_step25,3287,2024-08-09,2024-08-19,0.0050186923751938,2024,2024-06-30,learned_market,20260911,0.4139297413305385,0.4139297413305385,0,1
fixed_transform_step25,3292,2024-08-16,2024-08-26,-0.0040487282687352,2024,2024-06-30,learned_market,20260911,0.29260936675259747,0.29260936675259747,0,0
fixed_transform_step25,3297,2024-08-23,2024-09-02,-0.0069594562136714,2024,2024-06-30,learned_market,20260911,0.3418605652229295,0.3418605652229295,0,0
fixed_transform_step25,3302,2024-08-30,2024-09-09,-0.0280389655151561,2024,2024-06-30,learned_market,20260911,0.3279362626977756,0.3279362626977756,0,0
fixed_transform_step25,3307,2024-09-06,2024-09-18,-0.0174132138857783,2024,2024-06-30,learned_market,20260911,0.3949497243175166,0.3949497243175166,0,0
fixed_transform_step25,3312,2024-09-13,2024-09-24,0.0133119329369826,2024,2024-06-30,learned_market,20260911,0.44894498981715714,0.44894498981715714,0,1
fixed_transform_step25,3315,2024-09-20,2024-09-30,0.2017513988384409,2024,2024-06-30,learned_market,20260911,0.4922568837350969,0.4922568837350969,0,1
fixed_transform_step25,3320,2024-09-27,2024-10-14,0.0178259004588408,2024,2024-06-30,learned_market,20260911,0.6936071315737052,0.6936071315737052,1,1
fixed_transform_step25,3262,2024-07-05,2024-07-15,0.0122222871842843,2024,2024-06-30,learned_vol_interaction,20260911,0.4438369133705729,0.4438369133705729,0,1
fixed_transform_step25,3267,2024-07-12,2024-07-22,0.0218881133018156,2024,2024-06-30,learned_vol_interaction,20260911,0.5216539317232315,0.5216539317232315,1,1
fixed_transform_step25,3272,2024-07-19,2024-07-29,-0.0378787022382998,2024,2024-06-30,learned_vol_interaction,20260911,0.405346002892047,0.405346002892047,0,0
fixed_transform_step25,3277,2024-07-26,2024-08-05,-0.0124134568216732,2024,2024-06-30,learned_vol_interaction,20260911,0.47309601454197364,0.47309601454197364,0,0
fixed_transform_step25,3282,2024-08-02,2024-08-12,-0.0102762848330364,2024,2024-06-30,learned_vol_interaction,20260911,0.37638610848713006,0.37638610848713006,0,0
fixed_transform_step25,3287,2024-08-09,2024-08-19,0.0050186923751938,2024,2024-06-30,learned_vol_interaction,20260911,0.41476133040334706,0.41476133040334706,0,1
fixed_transform_step25,3292,2024-08-16,2024-08-26,-0.0040487282687352,2024,2024-06-30,learned_vol_interaction,20260911,0.29435580354886415,0.29435580354886415,0,0
fixed_transform_step25,3297,2024-08-23,2024-09-02,-0.0069594562136714,2024,2024-06-30,learned_vol_interaction,20260911,0.3436746568371482,0.3436746568371482,0,0
fixed_transform_step25,3302,2024-08-30,2024-09-09,-0.0280389655151561,2024,2024-06-30,learned_vol_interaction,20260911,0.3286648714671974,0.3286648714671974,0,0
fixed_transform_step25,3307,2024-09-06,2024-09-18,-0.0174132138857783,2024,2024-06-30,learned_vol_interaction,20260911,0.39532375457146957,0.39532375457146957,0,0
fixed_transform_step25,3312,2024-09-13,2024-09-24,0.0133119329369826,2024,2024-06-30,learned_vol_interaction,20260911,0.4476452673254431,0.4476452673254431,0,1
fixed_transform_step25,3315,2024-09-20,2024-09-30,0.2017513988384409,2024,2024-06-30,learned_vol_interaction,20260911,0.4917224550160956,0.4917224550160956,0,1
fixed_transform_step25,3320,2024-09-27,2024-10-14,0.0178259004588408,2024,2024-06-30,learned_vol_interaction,20260911,0.6962155408236395,0.6962155408236395,1,1
fixed_transform_step25,3262,2024-07-05,2024-07-15,0.0122222871842843,2024,2024-06-30,learned_order_extension,20260911,0.4421986235013762,0.4421986235013762,0,1
fixed_transform_step25,3267,2024-07-12,2024-07-22,0.0218881133018156,2024,2024-06-30,learned_order_extension,20260911,0.538934496281103,0.538934496281103,1,1
fixed_transform_step25,3272,2024-07-19,2024-07-29,-0.0378787022382998,2024,2024-06-30,learned_order_extension,20260911,0.43340408418467125,0.43340408418467125,0,0
fixed_transform_step25,3277,2024-07-26,2024-08-05,-0.0124134568216732,2024,2024-06-30,learned_order_extension,20260911,0.5051684517179036,0.5051684517179036,1,0
fixed_transform_step25,3282,2024-08-02,2024-08-12,-0.0102762848330364,2024,2024-06-30,learned_order_extension,20260911,0.4075858727400171,0.4075858727400171,0,0
fixed_transform_step25,3287,2024-08-09,2024-08-19,0.0050186923751938,2024,2024-06-30,learned_order_extension,20260911,0.44875747981656244,0.44875747981656244,0,1
fixed_transform_step25,3292,2024-08-16,2024-08-26,-0.0040487282687352,2024,2024-06-30,learned_order_extension,20260911,0.34585233322301545,0.34585233322301545,0,0
fixed_transform_step25,3297,2024-08-23,2024-09-02,-0.0069594562136714,2024,2024-06-30,learned_order_extension,20260911,0.37449093165919367,0.37449093165919367,0,0
fixed_transform_step25,3302,2024-08-30,2024-09-09,-0.0280389655151561,2024,2024-06-30,learned_order_extension,20260911,0.3641603114644346,0.3641603114644346,0,0
fixed_transform_step25,3307,2024-09-06,2024-09-18,-0.0174132138857783,2024,2024-06-30,learned_order_extension,20260911,0.43145837780715407,0.43145837780715407,0,0
fixed_transform_step25,3312,2024-09-13,2024-09-24,0.0133119329369826,2024,2024-06-30,learned_order_extension,20260911,0.4618882250069657,0.4618882250069657,0,1
fixed_transform_step25,3315,2024-09-20,2024-09-30,0.2017513988384409,2024,2024-06-30,learned_order_extension,20260911,0.4793636026568675,0.4793636026568675,0,1
fixed_transform_step25,3320,2024-09-27,2024-10-14,0.0178259004588408,2024,2024-06-30,learned_order_extension,20260911,0.6162370225305287,0.6162370225305287,1,1
fixed_transform_step25,3262,2024-07-05,2024-07-15,0.0122222871842843,2024,2024-06-30,learned_order_offset,20260911,0.44254524180188504,0.44254524180188504,0,1
fixed_transform_step25,3267,2024-07-12,2024-07-22,0.0218881133018156,2024,2024-06-30,learned_order_offset,20260911,0.5364041922515496,0.5364041922515496,1,1
fixed_transform_step25,3272,2024-07-19,2024-07-29,-0.0378787022382998,2024,2024-06-30,learned_order_offset,20260911,0.4326728482984618,0.4326728482984618,0,0
fixed_transform_step25,3277,2024-07-26,2024-08-05,-0.0124134568216732,2024,2024-06-30,learned_order_offset,20260911,0.5054659691943402,0.5054659691943402,1,0
fixed_transform_step25,3282,2024-08-02,2024-08-12,-0.0102762848330364,2024,2024-06-30,learned_order_offset,20260911,0.40849780736810715,0.40849780736810715,0,0
fixed_transform_step25,3287,2024-08-09,2024-08-19,0.0050186923751938,2024,2024-06-30,learned_order_offset,20260911,0.44998860890318393,0.44998860890318393,0,1
fixed_transform_step25,3292,2024-08-16,2024-08-26,-0.0040487282687352,2024,2024-06-30,learned_order_offset,20260911,0.34962968470377964,0.34962968470377964,0,0
fixed_transform_step25,3297,2024-08-23,2024-09-02,-0.0069594562136714,2024,2024-06-30,learned_order_offset,20260911,0.377926505384534,0.377926505384534,0,0
fixed_transform_step25,3302,2024-08-30,2024-09-09,-0.0280389655151561,2024,2024-06-30,learned_order_offset,20260911,0.36670462641082513,0.36670462641082513,0,0
fixed_transform_step25,3307,2024-09-06,2024-09-18,-0.0174132138857783,2024,2024-06-30,learned_order_offset,20260911,0.4337888782026108,0.4337888782026108,0,0
fixed_transform_step25,3312,2024-09-13,2024-09-24,0.0133119329369826,2024,2024-06-30,learned_order_offset,20260911,0.4613633927874056,0.4613633927874056,0,1
fixed_transform_step25,3315,2024-09-20,2024-09-30,0.2017513988384409,2024,2024-06-30,learned_order_offset,20260911,0.4781150502494057,0.4781150502494057,0,1
fixed_transform_step25,3320,2024-09-27,2024-10-14,0.0178259004588408,2024,2024-06-30,learned_order_offset,20260911,0.6173596322962173,0.6173596322962173,1,1
fixed_transform_step25,3262,2024-07-05,2024-07-15,0.0122222871842843,2024,2024-06-30,learned_market,20260912,0.5914383211587171,0.5914383211587171,1,1
fixed_transform_step25,3267,2024-07-12,2024-07-22,0.0218881133018156,2024,2024-06-30,learned_market,20260912,0.5503096622248381,0.5503096622248381,1,1
fixed_transform_step25,3272,2024-07-19,2024-07-29,-0.0378787022382998,2024,2024-06-30,learned_market,20260912,0.4528398952679068,0.4528398952679068,0,0
fixed_transform_step25,3277,2024-07-26,2024-08-05,-0.0124134568216732,2024,2024-06-30,learned_market,20260912,0.5845972511080708,0.5845972511080708,1,0
fixed_transform_step25,3282,2024-08-02,2024-08-12,-0.0102762848330364,2024,2024-06-30,learned_market,20260912,0.5850705623194593,0.5850705623194593,1,0
fixed_transform_step25,3287,2024-08-09,2024-08-19,0.0050186923751938,2024,2024-06-30,learned_market,20260912,0.4903847859390156,0.4903847859390156,0,1
fixed_transform_step25,3292,2024-08-16,2024-08-26,-0.0040487282687352,2024,2024-06-30,learned_market,20260912,0.38197895635188445,0.38197895635188445,0,0
fixed_transform_step25,3297,2024-08-23,2024-09-02,-0.0069594562136714,2024,2024-06-30,learned_market,20260912,0.29402613872985517,0.29402613872985517,0,0
fixed_transform_step25,3302,2024-08-30,2024-09-09,-0.0280389655151561,2024,2024-06-30,learned_market,20260912,0.32478727863689405,0.32478727863689405,0,0
fixed_transform_step25,3307,2024-09-06,2024-09-18,-0.0174132138857783,2024,2024-06-30,learned_market,20260912,0.39803607399429686,0.39803607399429686,0,0
fixed_transform_step25,3312,2024-09-13,2024-09-24,0.0133119329369826,2024,2024-06-30,learned_market,20260912,0.37858455856301654,0.37858455856301654,0,1
fixed_transform_step25,3315,2024-09-20,2024-09-30,0.2017513988384409,2024,2024-06-30,learned_market,20260912,0.4016798051900008,0.4016798051900008,0,1
fixed_transform_step25,3320,2024-09-27,2024-10-14,0.0178259004588408,2024,2024-06-30,learned_market,20260912,0.4186923439865447,0.4186923439865447,0,1
fixed_transform_step25,3262,2024-07-05,2024-07-15,0.0122222871842843,2024,2024-06-30,learned_vol_interaction,20260912,0.6122171535599388,0.6122171535599388,1,1
fixed_transform_step25,3267,2024-07-12,2024-07-22,0.0218881133018156,2024,2024-06-30,learned_vol_interaction,20260912,0.5559593169009792,0.5559593169009792,1,1
fixed_transform_step25,3272,2024-07-19,2024-07-29,-0.0378787022382998,2024,2024-06-30,learned_vol_interaction,20260912,0.4438784804916573,0.4438784804916573,0,0
fixed_transform_step25,3277,2024-07-26,2024-08-05,-0.0124134568216732,2024,2024-06-30,learned_vol_interaction,20260912,0.5936923204099342,0.5936923204099342,1,0
fixed_transform_step25,3282,2024-08-02,2024-08-12,-0.0102762848330364,2024,2024-06-30,learned_vol_interaction,20260912,0.5876792387176506,0.5876792387176506,1,0
fixed_transform_step25,3287,2024-08-09,2024-08-19,0.0050186923751938,2024,2024-06-30,learned_vol_interaction,20260912,0.48323863774260567,0.48323863774260567,0,1
fixed_transform_step25,3292,2024-08-16,2024-08-26,-0.0040487282687352,2024,2024-06-30,learned_vol_interaction,20260912,0.3693184716217172,0.3693184716217172,0,0
fixed_transform_step25,3297,2024-08-23,2024-09-02,-0.0069594562136714,2024,2024-06-30,learned_vol_interaction,20260912,0.2700873275070046,0.2700873275070046,0,0
fixed_transform_step25,3302,2024-08-30,2024-09-09,-0.0280389655151561,2024,2024-06-30,learned_vol_interaction,20260912,0.2900942790004113,0.2900942790004113,0,0
fixed_transform_step25,3307,2024-09-06,2024-09-18,-0.0174132138857783,2024,2024-06-30,learned_vol_interaction,20260912,0.38132697076965794,0.38132697076965794,0,0
fixed_transform_step25,3312,2024-09-13,2024-09-24,0.0133119329369826,2024,2024-06-30,learned_vol_interaction,20260912,0.35577871654156423,0.35577871654156423,0,1
fixed_transform_step25,3315,2024-09-20,2024-09-30,0.2017513988384409,2024,2024-06-30,learned_vol_interaction,20260912,0.37922730833761786,0.37922730833761786,0,1
fixed_transform_step25,3320,2024-09-27,2024-10-14,0.0178259004588408,2024,2024-06-30,learned_vol_interaction,20260912,0.44613393099095655,0.44613393099095655,0,1
fixed_transform_step25,3262,2024-07-05,2024-07-15,0.0122222871842843,2024,2024-06-30,learned_order_extension,20260912,0.6393251128076711,0.6393251128076711,1,1
fixed_transform_step25,3267,2024-07-12,2024-07-22,0.0218881133018156,2024,2024-06-30,learned_order_extension,20260912,0.5669247817838529,0.5669247817838529,1,1
fixed_transform_step25,3272,2024-07-19,2024-07-29,-0.0378787022382998,2024,2024-06-30,learned_order_extension,20260912,0.48385622151004337,0.48385622151004337,0,0
fixed_transform_step25,3277,2024-07-26,2024-08-05,-0.0124134568216732,2024,2024-06-30,learned_order_extension,20260912,0.6056251737036559,0.6056251737036559,1,0
fixed_transform_step25,3282,2024-08-02,2024-08-12,-0.0102762848330364,2024,2024-06-30,learned_order_extension,20260912,0.6134339241599409,0.6134339241599409,1,0
fixed_transform_step25,3287,2024-08-09,2024-08-19,0.0050186923751938,2024,2024-06-30,learned_order_extension,20260912,0.5223420612328533,0.5223420612328533,1,1
fixed_transform_step25,3292,2024-08-16,2024-08-26,-0.0040487282687352,2024,2024-06-30,learned_order_extension,20260912,0.40987730911248715,0.40987730911248715,0,0
fixed_transform_step25,3297,2024-08-23,2024-09-02,-0.0069594562136714,2024,2024-06-30,learned_order_extension,20260912,0.36319188906062866,0.36319188906062866,0,0
fixed_transform_step25,3302,2024-08-30,2024-09-09,-0.0280389655151561,2024,2024-06-30,learned_order_extension,20260912,0.37531031268533716,0.37531031268533716,0,0
fixed_transform_step25,3307,2024-09-06,2024-09-18,-0.0174132138857783,2024,2024-06-30,learned_order_extension,20260912,0.43508582135343754,0.43508582135343754,0,0
fixed_transform_step25,3312,2024-09-13,2024-09-24,0.0133119329369826,2024,2024-06-30,learned_order_extension,20260912,0.39965521351129407,0.39965521351129407,0,1
fixed_transform_step25,3315,2024-09-20,2024-09-30,0.2017513988384409,2024,2024-06-30,learned_order_extension,20260912,0.4580707515392084,0.4580707515392084,0,1
fixed_transform_step25,3320,2024-09-27,2024-10-14,0.0178259004588408,2024,2024-06-30,learned_order_extension,20260912,0.5633657208514236,0.5633657208514236,1,1
fixed_transform_step25,3262,2024-07-05,2024-07-15,0.0122222871842843,2024,2024-06-30,learned_order_offset,20260912,0.6389675084167639,0.6389675084167639,1,1
fixed_transform_step25,3267,2024-07-12,2024-07-22,0.0218881133018156,2024,2024-06-30,learned_order_offset,20260912,0.5675534372370986,0.5675534372370986,1,1
fixed_transform_step25,3272,2024-07-19,2024-07-29,-0.0378787022382998,2024,2024-06-30,learned_order_offset,20260912,0.4872332075097486,0.4872332075097486,0,0
fixed_transform_step25,3277,2024-07-26,2024-08-05,-0.0124134568216732,2024,2024-06-30,learned_order_offset,20260912,0.604887577239667,0.604887577239667,1,0
fixed_transform_step25,3282,2024-08-02,2024-08-12,-0.0102762848330364,2024,2024-06-30,learned_order_offset,20260912,0.6130640804703582,0.6130640804703582,1,0
fixed_transform_step25,3287,2024-08-09,2024-08-19,0.0050186923751938,2024,2024-06-30,learned_order_offset,20260912,0.5238476075805828,0.5238476075805828,1,1
fixed_transform_step25,3292,2024-08-16,2024-08-26,-0.0040487282687352,2024,2024-06-30,learned_order_offset,20260912,0.4130053699986576,0.4130053699986576,0,0
fixed_transform_step25,3297,2024-08-23,2024-09-02,-0.0069594562136714,2024,2024-06-30,learned_order_offset,20260912,0.36640411312872645,0.36640411312872645,0,0
fixed_transform_step25,3302,2024-08-30,2024-09-09,-0.0280389655151561,2024,2024-06-30,learned_order_offset,20260912,0.37976924638113924,0.37976924638113924,0,0
fixed_transform_step25,3307,2024-09-06,2024-09-18,-0.0174132138857783,2024,2024-06-30,learned_order_offset,20260912,0.4381029308650334,0.4381029308650334,0,0
fixed_transform_step25,3312,2024-09-13,2024-09-24,0.0133119329369826,2024,2024-06-30,learned_order_offset,20260912,0.4026696409721916,0.4026696409721916,0,1
fixed_transform_step25,3315,2024-09-20,2024-09-30,0.2017513988384409,2024,2024-06-30,learned_order_offset,20260912,0.46133294855723667,0.46133294855723667,0,1
fixed_transform_step25,3320,2024-09-27,2024-10-14,0.0178259004588408,2024,2024-06-30,learned_order_offset,20260912,0.5641327321361344,0.5641327321361344,1,1
fixed_transform_step25,3325,2024-10-11,2024-10-21,0.0080914993282625,2024,2024-09-30,learned_market,20260910,0.5947353569570866,0.5947353569570866,1,1
fixed_transform_step25,3330,2024-10-18,2024-10-28,0.0015733867085561,2024,2024-09-30,learned_market,20260910,0.4725274801755799,0.4725274801755799,0,1
fixed_transform_step25,3335,2024-10-25,2024-11-04,-0.0140142824257356,2024,2024-09-30,learned_market,20260910,0.4567132973078962,0.4567132973078962,0,0
fixed_transform_step25,3340,2024-11-01,2024-11-11,0.0434152361258277,2024,2024-09-30,learned_market,20260910,0.4426717796292661,0.4426717796292661,0,1
fixed_transform_step25,3345,2024-11-08,2024-11-18,-0.0208584853931589,2024,2024-09-30,learned_market,20260910,0.422116612224385,0.422116612224385,0,0
fixed_transform_step25,3350,2024-11-15,2024-11-25,-0.0267421712161923,2024,2024-09-30,learned_market,20260910,0.4309101080319689,0.4309101080319689,0,0
fixed_transform_step25,3355,2024-11-22,2024-12-02,0.0087960346887328,2024,2024-09-30,learned_market,20260910,0.5803565020755368,0.5803565020755368,1,1
fixed_transform_step25,3360,2024-11-29,2024-12-09,0.0155919891551781,2024,2024-09-30,learned_market,20260910,0.6058867086187101,0.6058867086187101,1,1
fixed_transform_step25,3365,2024-12-06,2024-12-16,-0.0100436703218104,2024,2024-09-30,learned_market,20260910,0.554841351665826,0.554841351665826,1,0
fixed_transform_step25,3370,2024-12-13,2024-12-23,-0.0006690784017421,2024,2024-09-30,learned_market,20260910,0.4560813200212656,0.4560813200212656,0,0
fixed_transform_step25,3375,2024-12-20,2024-12-30,0.0123595076562756,2024,2024-09-30,learned_market,20260910,0.40654983113768506,0.40654983113768506,0,1
fixed_transform_step25,3380,2024-12-27,2025-01-06,-0.0504714964669198,2024,2024-09-30,learned_market,20260910,0.37911783228910423,0.37911783228910423,0,0
fixed_transform_step25,3325,2024-10-11,2024-10-21,0.0080914993282625,2024,2024-09-30,learned_vol_interaction,20260910,0.5810663755849065,0.5810663755849065,1,1
fixed_transform_step25,3330,2024-10-18,2024-10-28,0.0015733867085561,2024,2024-09-30,learned_vol_interaction,20260910,0.5395277832349242,0.5395277832349242,1,1
fixed_transform_step25,3335,2024-10-25,2024-11-04,-0.0140142824257356,2024,2024-09-30,learned_vol_interaction,20260910,0.5401038695800688,0.5401038695800688,1,0
fixed_transform_step25,3340,2024-11-01,2024-11-11,0.0434152361258277,2024,2024-09-30,learned_vol_interaction,20260910,0.5355575840448302,0.5355575840448302,1,1
fixed_transform_step25,3345,2024-11-08,2024-11-18,-0.0208584853931589,2024,2024-09-30,learned_vol_interaction,20260910,0.43416882852077693,0.43416882852077693,0,0
fixed_transform_step25,3350,2024-11-15,2024-11-25,-0.0267421712161923,2024,2024-09-30,learned_vol_interaction,20260910,0.4284160511878881,0.4284160511878881,0,0
fixed_transform_step25,3355,2024-11-22,2024-12-02,0.0087960346887328,2024,2024-09-30,learned_vol_interaction,20260910,0.5656434265064413,0.5656434265064413,1,1
fixed_transform_step25,3360,2024-11-29,2024-12-09,0.0155919891551781,2024,2024-09-30,learned_vol_interaction,20260910,0.5871467291032574,0.5871467291032574,1,1
fixed_transform_step25,3365,2024-12-06,2024-12-16,-0.0100436703218104,2024,2024-09-30,learned_vol_interaction,20260910,0.5454514626499242,0.5454514626499242,1,0
fixed_transform_step25,3370,2024-12-13,2024-12-23,-0.0006690784017421,2024,2024-09-30,learned_vol_interaction,20260910,0.4528082349663288,0.4528082349663288,0,0
fixed_transform_step25,3375,2024-12-20,2024-12-30,0.0123595076562756,2024,2024-09-30,learned_vol_interaction,20260910,0.388336318124799,0.388336318124799,0,1
fixed_transform_step25,3380,2024-12-27,2025-01-06,-0.0504714964669198,2024,2024-09-30,learned_vol_interaction,20260910,0.35295265515529717,0.35295265515529717,0,0
fixed_transform_step25,3325,2024-10-11,2024-10-21,0.0080914993282625,2024,2024-09-30,learned_order_extension,20260910,0.5942048504459965,0.5942048504459965,1,1
fixed_transform_step25,3330,2024-10-18,2024-10-28,0.0015733867085561,2024,2024-09-30,learned_order_extension,20260910,0.5687154036476364,0.5687154036476364,1,1
fixed_transform_step25,3335,2024-10-25,2024-11-04,-0.0140142824257356,2024,2024-09-30,learned_order_extension,20260910,0.5615560353897523,0.5615560353897523,1,0
fixed_transform_step25,3340,2024-11-01,2024-11-11,0.0434152361258277,2024,2024-09-30,learned_order_extension,20260910,0.5886924101891045,0.5886924101891045,1,1
fixed_transform_step25,3345,2024-11-08,2024-11-18,-0.0208584853931589,2024,2024-09-30,learned_order_extension,20260910,0.4289297275416954,0.4289297275416954,0,0
fixed_transform_step25,3350,2024-11-15,2024-11-25,-0.0267421712161923,2024,2024-09-30,learned_order_extension,20260910,0.4126595978876423,0.4126595978876423,0,0
fixed_transform_step25,3355,2024-11-22,2024-12-02,0.0087960346887328,2024,2024-09-30,learned_order_extension,20260910,0.5421117872587855,0.5421117872587855,1,1
fixed_transform_step25,3360,2024-11-29,2024-12-09,0.0155919891551781,2024,2024-09-30,learned_order_extension,20260910,0.5743834493057278,0.5743834493057278,1,1
fixed_transform_step25,3365,2024-12-06,2024-12-16,-0.0100436703218104,2024,2024-09-30,learned_order_extension,20260910,0.519473268282376,0.519473268282376,1,0
fixed_transform_step25,3370,2024-12-13,2024-12-23,-0.0006690784017421,2024,2024-09-30,learned_order_extension,20260910,0.42875900579977855,0.42875900579977855,0,0
fixed_transform_step25,3375,2024-12-20,2024-12-30,0.0123595076562756,2024,2024-09-30,learned_order_extension,20260910,0.3569556840253673,0.3569556840253673,0,1
fixed_transform_step25,3380,2024-12-27,2025-01-06,-0.0504714964669198,2024,2024-09-30,learned_order_extension,20260910,0.3094145203755617,0.3094145203755617,0,0
fixed_transform_step25,3325,2024-10-11,2024-10-21,0.0080914993282625,2024,2024-09-30,learned_order_offset,20260910,0.5936122701763794,0.5936122701763794,1,1
fixed_transform_step25,3330,2024-10-18,2024-10-28,0.0015733867085561,2024,2024-09-30,learned_order_offset,20260910,0.5672685417034442,0.5672685417034442,1,1
fixed_transform_step25,3335,2024-10-25,2024-11-04,-0.0140142824257356,2024,2024-09-30,learned_order_offset,20260910,0.5633460999524876,0.5633460999524876,1,0
fixed_transform_step25,3340,2024-11-01,2024-11-11,0.0434152361258277,2024,2024-09-30,learned_order_offset,20260910,0.5906984805343355,0.5906984805343355,1,1
fixed_transform_step25,3345,2024-11-08,2024-11-18,-0.0208584853931589,2024,2024-09-30,learned_order_offset,20260910,0.4319239639136725,0.4319239639136725,0,0
fixed_transform_step25,3350,2024-11-15,2024-11-25,-0.0267421712161923,2024,2024-09-30,learned_order_offset,20260910,0.41462016621506514,0.41462016621506514,0,0
fixed_transform_step25,3355,2024-11-22,2024-12-02,0.0087960346887328,2024,2024-09-30,learned_order_offset,20260910,0.543820595998578,0.543820595998578,1,1
fixed_transform_step25,3360,2024-11-29,2024-12-09,0.0155919891551781,2024,2024-09-30,learned_order_offset,20260910,0.5747360200529386,0.5747360200529386,1,1
fixed_transform_step25,3365,2024-12-06,2024-12-16,-0.0100436703218104,2024,2024-09-30,learned_order_offset,20260910,0.5218504860139214,0.5218504860139214,1,0
fixed_transform_step25,3370,2024-12-13,2024-12-23,-0.0006690784017421,2024,2024-09-30,learned_order_offset,20260910,0.42971982839805734,0.42971982839805734,0,0
fixed_transform_step25,3375,2024-12-20,2024-12-30,0.0123595076562756,2024,2024-09-30,learned_order_offset,20260910,0.35991344591459473,0.35991344591459473,0,1
fixed_transform_step25,3380,2024-12-27,2025-01-06,-0.0504714964669198,2024,2024-09-30,learned_order_offset,20260910,0.31302078925965104,0.31302078925965104,0,0
fixed_transform_step25,3325,2024-10-11,2024-10-21,0.0080914993282625,2024,2024-09-30,learned_market,20260911,0.7103228680946213,0.7103228680946213,1,1
fixed_transform_step25,3330,2024-10-18,2024-10-28,0.0015733867085561,2024,2024-09-30,learned_market,20260911,0.6314957991018842,0.6314957991018842,1,1
fixed_transform_step25,3335,2024-10-25,2024-11-04,-0.0140142824257356,2024,2024-09-30,learned_market,20260911,0.45781444735704185,0.45781444735704185,0,0
fixed_transform_step25,3340,2024-11-01,2024-11-11,0.0434152361258277,2024,2024-09-30,learned_market,20260911,0.4093670735288534,0.4093670735288534,0,1
fixed_transform_step25,3345,2024-11-08,2024-11-18,-0.0208584853931589,2024,2024-09-30,learned_market,20260911,0.40132083340559305,0.40132083340559305,0,0
fixed_transform_step25,3350,2024-11-15,2024-11-25,-0.0267421712161923,2024,2024-09-30,learned_market,20260911,0.4639929426515331,0.4639929426515331,0,0
fixed_transform_step25,3355,2024-11-22,2024-12-02,0.0087960346887328,2024,2024-09-30,learned_market,20260911,0.3826873142245441,0.3826873142245441,0,1
fixed_transform_step25,3360,2024-11-29,2024-12-09,0.0155919891551781,2024,2024-09-30,learned_market,20260911,0.564979886886933,0.564979886886933,1,1
fixed_transform_step25,3365,2024-12-06,2024-12-16,-0.0100436703218104,2024,2024-09-30,learned_market,20260911,0.4298448567337832,0.4298448567337832,0,0
fixed_transform_step25,3370,2024-12-13,2024-12-23,-0.0006690784017421,2024,2024-09-30,learned_market,20260911,0.32022352973195073,0.32022352973195073,0,0
fixed_transform_step25,3375,2024-12-20,2024-12-30,0.0123595076562756,2024,2024-09-30,learned_market,20260911,0.3047256956933271,0.3047256956933271,0,1
fixed_transform_step25,3380,2024-12-27,2025-01-06,-0.0504714964669198,2024,2024-09-30,learned_market,20260911,0.55831155390941,0.55831155390941,1,0
fixed_transform_step25,3325,2024-10-11,2024-10-21,0.0080914993282625,2024,2024-09-30,learned_vol_interaction,20260911,0.7086997933653792,0.7086997933653792,1,1
fixed_transform_step25,3330,2024-10-18,2024-10-28,0.0015733867085561,2024,2024-09-30,learned_vol_interaction,20260911,0.631261729303775,0.631261729303775,1,1
fixed_transform_step25,3335,2024-10-25,2024-11-04,-0.0140142824257356,2024,2024-09-30,learned_vol_interaction,20260911,0.4606840216891871,0.4606840216891871,0,0
fixed_transform_step25,3340,2024-11-01,2024-11-11,0.0434152361258277,2024,2024-09-30,learned_vol_interaction,20260911,0.4129276049503342,0.4129276049503342,0,1
fixed_transform_step25,3345,2024-11-08,2024-11-18,-0.0208584853931589,2024,2024-09-30,learned_vol_interaction,20260911,0.40129227292288827,0.40129227292288827,0,0
fixed_transform_step25,3350,2024-11-15,2024-11-25,-0.0267421712161923,2024,2024-09-30,learned_vol_interaction,20260911,0.4639119121450867,0.4639119121450867,0,0
fixed_transform_step25,3355,2024-11-22,2024-12-02,0.0087960346887328,2024,2024-09-30,learned_vol_interaction,20260911,0.38280073729669983,0.38280073729669983,0,1
fixed_transform_step25,3360,2024-11-29,2024-12-09,0.0155919891551781,2024,2024-09-30,learned_vol_interaction,20260911,0.5642272897774316,0.5642272897774316,1,1
fixed_transform_step25,3365,2024-12-06,2024-12-16,-0.0100436703218104,2024,2024-09-30,learned_vol_interaction,20260911,0.4298953347622027,0.4298953347622027,0,0
fixed_transform_step25,3370,2024-12-13,2024-12-23,-0.0006690784017421,2024,2024-09-30,learned_vol_interaction,20260911,0.31954070205393403,0.31954070205393403,0,0
fixed_transform_step25,3375,2024-12-20,2024-12-30,0.0123595076562756,2024,2024-09-30,learned_vol_interaction,20260911,0.3041597585077175,0.3041597585077175,0,1
fixed_transform_step25,3380,2024-12-27,2025-01-06,-0.0504714964669198,2024,2024-09-30,learned_vol_interaction,20260911,0.5588686041541862,0.5588686041541862,1,0
fixed_transform_step25,3325,2024-10-11,2024-10-21,0.0080914993282625,2024,2024-09-30,learned_order_extension,20260911,0.675769982844556,0.675769982844556,1,1
fixed_transform_step25,3330,2024-10-18,2024-10-28,0.0015733867085561,2024,2024-09-30,learned_order_extension,20260911,0.6258444280757934,0.6258444280757934,1,1
fixed_transform_step25,3335,2024-10-25,2024-11-04,-0.0140142824257356,2024,2024-09-30,learned_order_extension,20260911,0.5100611733164255,0.5100611733164255,1,0
fixed_transform_step25,3340,2024-11-01,2024-11-11,0.0434152361258277,2024,2024-09-30,learned_order_extension,20260911,0.5007385626694558,0.5007385626694558,1,1
fixed_transform_step25,3345,2024-11-08,2024-11-18,-0.0208584853931589,2024,2024-09-30,learned_order_extension,20260911,0.3828855781914625,0.3828855781914625,0,0
fixed_transform_step25,3350,2024-11-15,2024-11-25,-0.0267421712161923,2024,2024-09-30,learned_order_extension,20260911,0.43354516643650065,0.43354516643650065,0,0
fixed_transform_step25,3355,2024-11-22,2024-12-02,0.0087960346887328,2024,2024-09-30,learned_order_extension,20260911,0.3547584769598104,0.3547584769598104,0,1
fixed_transform_step25,3360,2024-11-29,2024-12-09,0.0155919891551781,2024,2024-09-30,learned_order_extension,20260911,0.5658840728388481,0.5658840728388481,1,1
fixed_transform_step25,3365,2024-12-06,2024-12-16,-0.0100436703218104,2024,2024-09-30,learned_order_extension,20260911,0.4247743631489303,0.4247743631489303,0,0
fixed_transform_step25,3370,2024-12-13,2024-12-23,-0.0006690784017421,2024,2024-09-30,learned_order_extension,20260911,0.2840488237758897,0.2840488237758897,0,0
fixed_transform_step25,3375,2024-12-20,2024-12-30,0.0123595076562756,2024,2024-09-30,learned_order_extension,20260911,0.26767163676975325,0.26767163676975325,0,1
fixed_transform_step25,3380,2024-12-27,2025-01-06,-0.0504714964669198,2024,2024-09-30,learned_order_extension,20260911,0.6081914192543221,0.6081914192543221,1,0
fixed_transform_step25,3325,2024-10-11,2024-10-21,0.0080914993282625,2024,2024-09-30,learned_order_offset,20260911,0.675586550307601,0.675586550307601,1,1
fixed_transform_step25,3330,2024-10-18,2024-10-28,0.0015733867085561,2024,2024-09-30,learned_order_offset,20260911,0.6271073446669572,0.6271073446669572,1,1
fixed_transform_step25,3335,2024-10-25,2024-11-04,-0.0140142824257356,2024,2024-09-30,learned_order_offset,20260911,0.5102914408211949,0.5102914408211949,1,0
fixed_transform_step25,3340,2024-11-01,2024-11-11,0.0434152361258277,2024,2024-09-30,learned_order_offset,20260911,0.499472382211868,0.499472382211868,0,1
fixed_transform_step25,3345,2024-11-08,2024-11-18,-0.0208584853931589,2024,2024-09-30,learned_order_offset,20260911,0.38491139275720654,0.38491139275720654,0,0
fixed_transform_step25,3350,2024-11-15,2024-11-25,-0.0267421712161923,2024,2024-09-30,learned_order_offset,20260911,0.4323942017675583,0.4323942017675583,0,0
fixed_transform_step25,3355,2024-11-22,2024-12-02,0.0087960346887328,2024,2024-09-30,learned_order_offset,20260911,0.35591970027022,0.35591970027022,0,1
fixed_transform_step25,3360,2024-11-29,2024-12-09,0.0155919891551781,2024,2024-09-30,learned_order_offset,20260911,0.5668332363396252,0.5668332363396252,1,1
fixed_transform_step25,3365,2024-12-06,2024-12-16,-0.0100436703218104,2024,2024-09-30,learned_order_offset,20260911,0.42497861518910396,0.42497861518910396,0,0
fixed_transform_step25,3370,2024-12-13,2024-12-23,-0.0006690784017421,2024,2024-09-30,learned_order_offset,20260911,0.2859481842137214,0.2859481842137214,0,0
fixed_transform_step25,3375,2024-12-20,2024-12-30,0.0123595076562756,2024,2024-09-30,learned_order_offset,20260911,0.2694072381011962,0.2694072381011962,0,1
fixed_transform_step25,3380,2024-12-27,2025-01-06,-0.0504714964669198,2024,2024-09-30,learned_order_offset,20260911,0.6056436941077917,0.6056436941077917,1,0
fixed_transform_step25,3325,2024-10-11,2024-10-21,0.0080914993282625,2024,2024-09-30,learned_market,20260912,0.6437058074703453,0.6437058074703453,1,1
fixed_transform_step25,3330,2024-10-18,2024-10-28,0.0015733867085561,2024,2024-09-30,learned_market,20260912,0.7460219461811566,0.7460219461811566,1,1
fixed_transform_step25,3335,2024-10-25,2024-11-04,-0.0140142824257356,2024,2024-09-30,learned_market,20260912,0.7015363553990634,0.7015363553990634,1,0
fixed_transform_step25,3340,2024-11-01,2024-11-11,0.0434152361258277,2024,2024-09-30,learned_market,20260912,0.7482385028359063,0.7482385028359063,1,1
fixed_transform_step25,3345,2024-11-08,2024-11-18,-0.0208584853931589,2024,2024-09-30,learned_market,20260912,0.6541664270621891,0.6541664270621891,1,0
fixed_transform_step25,3350,2024-11-15,2024-11-25,-0.0267421712161923,2024,2024-09-30,learned_market,20260912,0.6004672165661294,0.6004672165661294,1,0
fixed_transform_step25,3355,2024-11-22,2024-12-02,0.0087960346887328,2024,2024-09-30,learned_market,20260912,0.6359173080930145,0.6359173080930145,1,1
fixed_transform_step25,3360,2024-11-29,2024-12-09,0.0155919891551781,2024,2024-09-30,learned_market,20260912,0.5612230480998702,0.5612230480998702,1,1
fixed_transform_step25,3365,2024-12-06,2024-12-16,-0.0100436703218104,2024,2024-09-30,learned_market,20260912,0.5381501416139002,0.5381501416139002,1,0
fixed_transform_step25,3370,2024-12-13,2024-12-23,-0.0006690784017421,2024,2024-09-30,learned_market,20260912,0.40140870433025005,0.40140870433025005,0,0
fixed_transform_step25,3375,2024-12-20,2024-12-30,0.0123595076562756,2024,2024-09-30,learned_market,20260912,0.31952705893091154,0.31952705893091154,0,1
fixed_transform_step25,3380,2024-12-27,2025-01-06,-0.0504714964669198,2024,2024-09-30,learned_market,20260912,0.2758336180114212,0.2758336180114212,0,0
fixed_transform_step25,3325,2024-10-11,2024-10-21,0.0080914993282625,2024,2024-09-30,learned_vol_interaction,20260912,0.6127041804927016,0.6127041804927016,1,1
fixed_transform_step25,3330,2024-10-18,2024-10-28,0.0015733867085561,2024,2024-09-30,learned_vol_interaction,20260912,0.6817161180783368,0.6817161180783368,1,1
fixed_transform_step25,3335,2024-10-25,2024-11-04,-0.0140142824257356,2024,2024-09-30,learned_vol_interaction,20260912,0.6452233231391786,0.6452233231391786,1,0
fixed_transform_step25,3340,2024-11-01,2024-11-11,0.0434152361258277,2024,2024-09-30,learned_vol_interaction,20260912,0.6690703412696367,0.6690703412696367,1,1
fixed_transform_step25,3345,2024-11-08,2024-11-18,-0.0208584853931589,2024,2024-09-30,learned_vol_interaction,20260912,0.6203848753201101,0.6203848753201101,1,0
fixed_transform_step25,3350,2024-11-15,2024-11-25,-0.0267421712161923,2024,2024-09-30,learned_vol_interaction,20260912,0.5923967180814533,0.5923967180814533,1,0
fixed_transform_step25,3355,2024-11-22,2024-12-02,0.0087960346887328,2024,2024-09-30,learned_vol_interaction,20260912,0.6198680955321386,0.6198680955321386,1,1
fixed_transform_step25,3360,2024-11-29,2024-12-09,0.0155919891551781,2024,2024-09-30,learned_vol_interaction,20260912,0.5385010997384871,0.5385010997384871,1,1
fixed_transform_step25,3365,2024-12-06,2024-12-16,-0.0100436703218104,2024,2024-09-30,learned_vol_interaction,20260912,0.5303401638179553,0.5303401638179553,1,0
fixed_transform_step25,3370,2024-12-13,2024-12-23,-0.0006690784017421,2024,2024-09-30,learned_vol_interaction,20260912,0.4032264026057365,0.4032264026057365,0,0
fixed_transform_step25,3375,2024-12-20,2024-12-30,0.0123595076562756,2024,2024-09-30,learned_vol_interaction,20260912,0.32248058784566097,0.32248058784566097,0,1
fixed_transform_step25,3380,2024-12-27,2025-01-06,-0.0504714964669198,2024,2024-09-30,learned_vol_interaction,20260912,0.2705308703968002,0.2705308703968002,0,0
fixed_transform_step25,3325,2024-10-11,2024-10-21,0.0080914993282625,2024,2024-09-30,learned_order_extension,20260912,0.5867920830905199,0.5867920830905199,1,1
fixed_transform_step25,3330,2024-10-18,2024-10-28,0.0015733867085561,2024,2024-09-30,learned_order_extension,20260912,0.6022454958886376,0.6022454958886376,1,1
fixed_transform_step25,3335,2024-10-25,2024-11-04,-0.0140142824257356,2024,2024-09-30,learned_order_extension,20260912,0.5715654336311672,0.5715654336311672,1,0
fixed_transform_step25,3340,2024-11-01,2024-11-11,0.0434152361258277,2024,2024-09-30,learned_order_extension,20260912,0.5525767837739489,0.5525767837739489,1,1
fixed_transform_step25,3345,2024-11-08,2024-11-18,-0.0208584853931589,2024,2024-09-30,learned_order_extension,20260912,0.5809646883191685,0.5809646883191685,1,0
fixed_transform_step25,3350,2024-11-15,2024-11-25,-0.0267421712161923,2024,2024-09-30,learned_order_extension,20260912,0.5629012134631567,0.5629012134631567,1,0
fixed_transform_step25,3355,2024-11-22,2024-12-02,0.0087960346887328,2024,2024-09-30,learned_order_extension,20260912,0.6270164108092067,0.6270164108092067,1,1
fixed_transform_step25,3360,2024-11-29,2024-12-09,0.0155919891551781,2024,2024-09-30,learned_order_extension,20260912,0.5475212769592622,0.5475212769592622,1,1
fixed_transform_step25,3365,2024-12-06,2024-12-16,-0.0100436703218104,2024,2024-09-30,learned_order_extension,20260912,0.5126454753327174,0.5126454753327174,1,0
fixed_transform_step25,3370,2024-12-13,2024-12-23,-0.0006690784017421,2024,2024-09-30,learned_order_extension,20260912,0.40033764866747645,0.40033764866747645,0,0
fixed_transform_step25,3375,2024-12-20,2024-12-30,0.0123595076562756,2024,2024-09-30,learned_order_extension,20260912,0.2929898813811411,0.2929898813811411,0,1
fixed_transform_step25,3380,2024-12-27,2025-01-06,-0.0504714964669198,2024,2024-09-30,learned_order_extension,20260912,0.2101754940319468,0.2101754940319468,0,0
fixed_transform_step25,3325,2024-10-11,2024-10-21,0.0080914993282625,2024,2024-09-30,learned_order_offset,20260912,0.5852232071940925,0.5852232071940925,1,1
fixed_transform_step25,3330,2024-10-18,2024-10-28,0.0015733867085561,2024,2024-09-30,learned_order_offset,20260912,0.599464823085644,0.599464823085644,1,1
fixed_transform_step25,3335,2024-10-25,2024-11-04,-0.0140142824257356,2024,2024-09-30,learned_order_offset,20260912,0.5660983607035951,0.5660983607035951,1,0
fixed_transform_step25,3340,2024-11-01,2024-11-11,0.0434152361258277,2024,2024-09-30,learned_order_offset,20260912,0.549343034139794,0.549343034139794,1,1
fixed_transform_step25,3345,2024-11-08,2024-11-18,-0.0208584853931589,2024,2024-09-30,learned_order_offset,20260912,0.574332575111916,0.574332575111916,1,0
fixed_transform_step25,3350,2024-11-15,2024-11-25,-0.0267421712161923,2024,2024-09-30,learned_order_offset,20260912,0.557973915453572,0.557973915453572,1,0
fixed_transform_step25,3355,2024-11-22,2024-12-02,0.0087960346887328,2024,2024-09-30,learned_order_offset,20260912,0.6231336551227917,0.6231336551227917,1,1
fixed_transform_step25,3360,2024-11-29,2024-12-09,0.0155919891551781,2024,2024-09-30,learned_order_offset,20260912,0.5447799859307029,0.5447799859307029,1,1
fixed_transform_step25,3365,2024-12-06,2024-12-16,-0.0100436703218104,2024,2024-09-30,learned_order_offset,20260912,0.5106988235511298,0.5106988235511298,1,0
fixed_transform_step25,3370,2024-12-13,2024-12-23,-0.0006690784017421,2024,2024-09-30,learned_order_offset,20260912,0.40167880454327703,0.40167880454327703,0,0
fixed_transform_step25,3375,2024-12-20,2024-12-30,0.0123595076562756,2024,2024-09-30,learned_order_offset,20260912,0.296711598302769,0.296711598302769,0,1
fixed_transform_step25,3380,2024-12-27,2025-01-06,-0.0504714964669198,2024,2024-09-30,learned_order_offset,20260912,0.21560159235568147,0.21560159235568147,0,0
fixed_transform_step25,3384,2025-01-03,2025-01-13,-0.0189486730632231,2025,2024-12-31,learned_market,20260910,0.38233645545210077,0.38233645545210077,0,0
fixed_transform_step25,3389,2025-01-10,2025-01-20,0.0353251773547418,2025,2024-12-31,learned_market,20260910,0.3910227915849612,0.3910227915849612,0,1
fixed_transform_step25,3394,2025-01-17,2025-01-27,0.000432821422053,2025,2024-12-31,learned_market,20260910,0.49015728346105064,0.49015728346105064,0,1
fixed_transform_step25,3399,2025-01-24,2025-02-10,0.0159344898044284,2025,2024-12-31,learned_market,20260910,0.43779872313730184,0.43779872313730184,0,1
fixed_transform_step25,3403,2025-02-07,2025-02-17,0.0144454990892999,2025,2024-12-31,learned_market,20260910,0.5065763414140139,0.5065763414140139,1,1
fixed_transform_step25,3408,2025-02-14,2025-02-24,0.0045695818086644,2025,2024-12-31,learned_market,20260910,0.5698063647751795,0.5698063647751795,1,1
fixed_transform_step25,3413,2025-02-21,2025-03-03,-0.0183210488158531,2025,2024-12-31,learned_market,20260910,0.5387747536285505,0.5387747536285505,1,0
fixed_transform_step25,3418,2025-02-28,2025-03-10,0.0117650075646844,2025,2024-12-31,learned_market,20260910,0.4812656782302869,0.4812656782302869,0,1
fixed_transform_step25,3423,2025-03-07,2025-03-17,0.019023819058288,2025,2024-12-31,learned_market,20260910,0.6111767156385011,0.6111767156385011,1,1
fixed_transform_step25,3428,2025-03-14,2025-03-24,-0.0259983485216283,2025,2024-12-31,learned_market,20260910,0.44730435644814126,0.44730435644814126,0,0
fixed_transform_step25,3433,2025-03-21,2025-03-31,-0.0025867506275359,2025,2024-12-31,learned_market,20260910,0.5315675954271929,0.5315675954271929,1,0
fixed_transform_step25,3438,2025-03-28,2025-04-14,-0.0342910101946246,2025,2024-12-31,learned_market,20260910,0.7166635184412673,0.7166635184412673,1,0
fixed_transform_step25,3384,2025-01-03,2025-01-13,-0.0189486730632231,2025,2024-12-31,learned_vol_interaction,20260910,0.38666219011730185,0.38666219011730185,0,0
fixed_transform_step25,3389,2025-01-10,2025-01-20,0.0353251773547418,2025,2024-12-31,learned_vol_interaction,20260910,0.3791321657754841,0.3791321657754841,0,1
fixed_transform_step25,3394,2025-01-17,2025-01-27,0.000432821422053,2025,2024-12-31,learned_vol_interaction,20260910,0.4768105126561029,0.4768105126561029,0,1
fixed_transform_step25,3399,2025-01-24,2025-02-10,0.0159344898044284,2025,2024-12-31,learned_vol_interaction,20260910,0.46081361135637805,0.46081361135637805,0,1
fixed_transform_step25,3403,2025-02-07,2025-02-17,0.0144454990892999,2025,2024-12-31,learned_vol_interaction,20260910,0.5021249737202294,0.5021249737202294,1,1
fixed_transform_step25,3408,2025-02-14,2025-02-24,0.0045695818086644,2025,2024-12-31,learned_vol_interaction,20260910,0.5796741457129003,0.5796741457129003,1,1
fixed_transform_step25,3413,2025-02-21,2025-03-03,-0.0183210488158531,2025,2024-12-31,learned_vol_interaction,20260910,0.5894724308913238,0.5894724308913238,1,0
fixed_transform_step25,3418,2025-02-28,2025-03-10,0.0117650075646844,2025,2024-12-31,learned_vol_interaction,20260910,0.5038224926529957,0.5038224926529957,1,1
fixed_transform_step25,3423,2025-03-07,2025-03-17,0.019023819058288,2025,2024-12-31,learned_vol_interaction,20260910,0.6257731101792092,0.6257731101792092,1,1
fixed_transform_step25,3428,2025-03-14,2025-03-24,-0.0259983485216283,2025,2024-12-31,learned_vol_interaction,20260910,0.44102075881393793,0.44102075881393793,0,0
fixed_transform_step25,3433,2025-03-21,2025-03-31,-0.0025867506275359,2025,2024-12-31,learned_vol_interaction,20260910,0.5122265111637169,0.5122265111637169,1,0
fixed_transform_step25,3438,2025-03-28,2025-04-14,-0.0342910101946246,2025,2024-12-31,learned_vol_interaction,20260910,0.7509067743034049,0.7509067743034049,1,0
fixed_transform_step25,3384,2025-01-03,2025-01-13,-0.0189486730632231,2025,2024-12-31,learned_order_extension,20260910,0.36600157937330885,0.36600157937330885,0,0
fixed_transform_step25,3389,2025-01-10,2025-01-20,0.0353251773547418,2025,2024-12-31,learned_order_extension,20260910,0.35256611690823136,0.35256611690823136,0,1
fixed_transform_step25,3394,2025-01-17,2025-01-27,0.000432821422053,2025,2024-12-31,learned_order_extension,20260910,0.48744472138871614,0.48744472138871614,0,1
fixed_transform_step25,3399,2025-01-24,2025-02-10,0.0159344898044284,2025,2024-12-31,learned_order_extension,20260910,0.4710830358173244,0.4710830358173244,0,1
fixed_transform_step25,3403,2025-02-07,2025-02-17,0.0144454990892999,2025,2024-12-31,learned_order_extension,20260910,0.5229042647242248,0.5229042647242248,1,1
fixed_transform_step25,3408,2025-02-14,2025-02-24,0.0045695818086644,2025,2024-12-31,learned_order_extension,20260910,0.5778482952092869,0.5778482952092869,1,1
fixed_transform_step25,3413,2025-02-21,2025-03-03,-0.0183210488158531,2025,2024-12-31,learned_order_extension,20260910,0.6398652110146743,0.6398652110146743,1,0
fixed_transform_step25,3418,2025-02-28,2025-03-10,0.0117650075646844,2025,2024-12-31,learned_order_extension,20260910,0.5091435465758709,0.5091435465758709,1,1
fixed_transform_step25,3423,2025-03-07,2025-03-17,0.019023819058288,2025,2024-12-31,learned_order_extension,20260910,0.6768915881499589,0.6768915881499589,1,1
fixed_transform_step25,3428,2025-03-14,2025-03-24,-0.0259983485216283,2025,2024-12-31,learned_order_extension,20260910,0.45607712059245215,0.45607712059245215,0,0
fixed_transform_step25,3433,2025-03-21,2025-03-31,-0.0025867506275359,2025,2024-12-31,learned_order_extension,20260910,0.5368074346463041,0.5368074346463041,1,0
fixed_transform_step25,3438,2025-03-28,2025-04-14,-0.0342910101946246,2025,2024-12-31,learned_order_extension,20260910,0.8368647681799748,0.8368647681799748,1,0
fixed_transform_step25,3384,2025-01-03,2025-01-13,-0.0189486730632231,2025,2024-12-31,learned_order_offset,20260910,0.36669421956338505,0.36669421956338505,0,0
fixed_transform_step25,3389,2025-01-10,2025-01-20,0.0353251773547418,2025,2024-12-31,learned_order_offset,20260910,0.35282059228350937,0.35282059228350937,0,1
fixed_transform_step25,3394,2025-01-17,2025-01-27,0.000432821422053,2025,2024-12-31,learned_order_offset,20260910,0.48807314138283653,0.48807314138283653,0,1
fixed_transform_step25,3399,2025-01-24,2025-02-10,0.0159344898044284,2025,2024-12-31,learned_order_offset,20260910,0.4717801139449288,0.4717801139449288,0,1
fixed_transform_step25,3403,2025-02-07,2025-02-17,0.0144454990892999,2025,2024-12-31,learned_order_offset,20260910,0.524022842955718,0.524022842955718,1,1
fixed_transform_step25,3408,2025-02-14,2025-02-24,0.0045695818086644,2025,2024-12-31,learned_order_offset,20260910,0.5772818750748553,0.5772818750748553,1,1
fixed_transform_step25,3413,2025-02-21,2025-03-03,-0.0183210488158531,2025,2024-12-31,learned_order_offset,20260910,0.6395827908381064,0.6395827908381064,1,0
fixed_transform_step25,3418,2025-02-28,2025-03-10,0.0117650075646844,2025,2024-12-31,learned_order_offset,20260910,0.5071295431195366,0.5071295431195366,1,1
fixed_transform_step25,3423,2025-03-07,2025-03-17,0.019023819058288,2025,2024-12-31,learned_order_offset,20260910,0.6756470892929178,0.6756470892929178,1,1
fixed_transform_step25,3428,2025-03-14,2025-03-24,-0.0259983485216283,2025,2024-12-31,learned_order_offset,20260910,0.455714753994421,0.455714753994421,0,0
fixed_transform_step25,3433,2025-03-21,2025-03-31,-0.0025867506275359,2025,2024-12-31,learned_order_offset,20260910,0.5359223493617127,0.5359223493617127,1,0
fixed_transform_step25,3438,2025-03-28,2025-04-14,-0.0342910101946246,2025,2024-12-31,learned_order_offset,20260910,0.834993269183481,0.834993269183481,1,0
fixed_transform_step25,3384,2025-01-03,2025-01-13,-0.0189486730632231,2025,2024-12-31,learned_market,20260911,0.42821132783780086,0.42821132783780086,0,0
fixed_transform_step25,3389,2025-01-10,2025-01-20,0.0353251773547418,2025,2024-12-31,learned_market,20260911,0.3899957296673264,0.3899957296673264,0,1
fixed_transform_step25,3394,2025-01-17,2025-01-27,0.000432821422053,2025,2024-12-31,learned_market,20260911,0.5369659260153571,0.5369659260153571,1,1
fixed_transform_step25,3399,2025-01-24,2025-02-10,0.0159344898044284,2025,2024-12-31,learned_market,20260911,0.579417237715051,0.579417237715051,1,1
fixed_transform_step25,3403,2025-02-07,2025-02-17,0.0144454990892999,2025,2024-12-31,learned_market,20260911,0.6179638900480853,0.6179638900480853,1,1
fixed_transform_step25,3408,2025-02-14,2025-02-24,0.0045695818086644,2025,2024-12-31,learned_market,20260911,0.616114705527485,0.616114705527485,1,1
fixed_transform_step25,3413,2025-02-21,2025-03-03,-0.0183210488158531,2025,2024-12-31,learned_market,20260911,0.562117179520429,0.562117179520429,1,0
fixed_transform_step25,3418,2025-02-28,2025-03-10,0.0117650075646844,2025,2024-12-31,learned_market,20260911,0.5285781284571346,0.5285781284571346,1,1
fixed_transform_step25,3423,2025-03-07,2025-03-17,0.019023819058288,2025,2024-12-31,learned_market,20260911,0.4669000809915797,0.4669000809915797,0,1
fixed_transform_step25,3428,2025-03-14,2025-03-24,-0.0259983485216283,2025,2024-12-31,learned_market,20260911,0.5699083421091582,0.5699083421091582,1,0
fixed_transform_step25,3433,2025-03-21,2025-03-31,-0.0025867506275359,2025,2024-12-31,learned_market,20260911,0.41241409635776066,0.41241409635776066,0,0
fixed_transform_step25,3438,2025-03-28,2025-04-14,-0.0342910101946246,2025,2024-12-31,learned_market,20260911,0.48277123146752016,0.48277123146752016,0,0
fixed_transform_step25,3384,2025-01-03,2025-01-13,-0.0189486730632231,2025,2024-12-31,learned_vol_interaction,20260911,0.4305231359543153,0.4305231359543153,0,0
fixed_transform_step25,3389,2025-01-10,2025-01-20,0.0353251773547418,2025,2024-12-31,learned_vol_interaction,20260911,0.38884089510088987,0.38884089510088987,0,1
fixed_transform_step25,3394,2025-01-17,2025-01-27,0.000432821422053,2025,2024-12-31,learned_vol_interaction,20260911,0.5344292773183893,0.5344292773183893,1,1
fixed_transform_step25,3399,2025-01-24,2025-02-10,0.0159344898044284,2025,2024-12-31,learned_vol_interaction,20260911,0.5733087009015438,0.5733087009015438,1,1
fixed_transform_step25,3403,2025-02-07,2025-02-17,0.0144454990892999,2025,2024-12-31,learned_vol_interaction,20260911,0.6229730094392066,0.6229730094392066,1,1
fixed_transform_step25,3408,2025-02-14,2025-02-24,0.0045695818086644,2025,2024-12-31,learned_vol_interaction,20260911,0.6249392220388966,0.6249392220388966,1,1
fixed_transform_step25,3413,2025-02-21,2025-03-03,-0.0183210488158531,2025,2024-12-31,learned_vol_interaction,20260911,0.5770853748295083,0.5770853748295083,1,0
fixed_transform_step25,3418,2025-02-28,2025-03-10,0.0117650075646844,2025,2024-12-31,learned_vol_interaction,20260911,0.5320196258694382,0.5320196258694382,1,1
fixed_transform_step25,3423,2025-03-07,2025-03-17,0.019023819058288,2025,2024-12-31,learned_vol_interaction,20260911,0.4709950343968562,0.4709950343968562,0,1
fixed_transform_step25,3428,2025-03-14,2025-03-24,-0.0259983485216283,2025,2024-12-31,learned_vol_interaction,20260911,0.5689479286300063,0.5689479286300063,1,0
fixed_transform_step25,3433,2025-03-21,2025-03-31,-0.0025867506275359,2025,2024-12-31,learned_vol_interaction,20260911,0.4073280883173269,0.4073280883173269,0,0
fixed_transform_step25,3438,2025-03-28,2025-04-14,-0.0342910101946246,2025,2024-12-31,learned_vol_interaction,20260911,0.4833458290624725,0.4833458290624725,0,0
fixed_transform_step25,3384,2025-01-03,2025-01-13,-0.0189486730632231,2025,2024-12-31,learned_order_extension,20260911,0.43065388292304235,0.43065388292304235,0,0
fixed_transform_step25,3389,2025-01-10,2025-01-20,0.0353251773547418,2025,2024-12-31,learned_order_extension,20260911,0.3891931634884253,0.3891931634884253,0,1
fixed_transform_step25,3394,2025-01-17,2025-01-27,0.000432821422053,2025,2024-12-31,learned_order_extension,20260911,0.5293310636016386,0.5293310636016386,1,1
fixed_transform_step25,3399,2025-01-24,2025-02-10,0.0159344898044284,2025,2024-12-31,learned_order_extension,20260911,0.5678795814188538,0.5678795814188538,1,1
fixed_transform_step25,3403,2025-02-07,2025-02-17,0.0144454990892999,2025,2024-12-31,learned_order_extension,20260911,0.6181569415812861,0.6181569415812861,1,1
fixed_transform_step25,3408,2025-02-14,2025-02-24,0.0045695818086644,2025,2024-12-31,learned_order_extension,20260911,0.623244763024503,0.623244763024503,1,1
fixed_transform_step25,3413,2025-02-21,2025-03-03,-0.0183210488158531,2025,2024-12-31,learned_order_extension,20260911,0.5698307059548449,0.5698307059548449,1,0
fixed_transform_step25,3418,2025-02-28,2025-03-10,0.0117650075646844,2025,2024-12-31,learned_order_extension,20260911,0.5277004284689892,0.5277004284689892,1,1
fixed_transform_step25,3423,2025-03-07,2025-03-17,0.019023819058288,2025,2024-12-31,learned_order_extension,20260911,0.4694347191401159,0.4694347191401159,0,1
fixed_transform_step25,3428,2025-03-14,2025-03-24,-0.0259983485216283,2025,2024-12-31,learned_order_extension,20260911,0.5654667556034778,0.5654667556034778,1,0
fixed_transform_step25,3433,2025-03-21,2025-03-31,-0.0025867506275359,2025,2024-12-31,learned_order_extension,20260911,0.40561065982780425,0.40561065982780425,0,0
fixed_transform_step25,3438,2025-03-28,2025-04-14,-0.0342910101946246,2025,2024-12-31,learned_order_extension,20260911,0.47795042275731253,0.47795042275731253,0,0
fixed_transform_step25,3384,2025-01-03,2025-01-13,-0.0189486730632231,2025,2024-12-31,learned_order_offset,20260911,0.430743812553328,0.430743812553328,0,0
fixed_transform_step25,3389,2025-01-10,2025-01-20,0.0353251773547418,2025,2024-12-31,learned_order_offset,20260911,0.3892930545383684,0.3892930545383684,0,1
fixed_transform_step25,3394,2025-01-17,2025-01-27,0.000432821422053,2025,2024-12-31,learned_order_offset,20260911,0.52934454260111,0.52934454260111,1,1
fixed_transform_step25,3399,2025-01-24,2025-02-10,0.0159344898044284,2025,2024-12-31,learned_order_offset,20260911,0.5679288793949586,0.5679288793949586,1,1
fixed_transform_step25,3403,2025-02-07,2025-02-17,0.0144454990892999,2025,2024-12-31,learned_order_offset,20260911,0.6181544426401614,0.6181544426401614,1,1
fixed_transform_step25,3408,2025-02-14,2025-02-24,0.0045695818086644,2025,2024-12-31,learned_order_offset,20260911,0.6233447631977894,0.6233447631977894,1,1
fixed_transform_step25,3413,2025-02-21,2025-03-03,-0.0183210488158531,2025,2024-12-31,learned_order_offset,20260911,0.5699444546955538,0.5699444546955538,1,0
fixed_transform_step25,3418,2025-02-28,2025-03-10,0.0117650075646844,2025,2024-12-31,learned_order_offset,20260911,0.5277660121776485,0.5277660121776485,1,1
fixed_transform_step25,3423,2025-03-07,2025-03-17,0.019023819058288,2025,2024-12-31,learned_order_offset,20260911,0.46953630716328854,0.46953630716328854,0,1
fixed_transform_step25,3428,2025-03-14,2025-03-24,-0.0259983485216283,2025,2024-12-31,learned_order_offset,20260911,0.5655482902240324,0.5655482902240324,1,0
fixed_transform_step25,3433,2025-03-21,2025-03-31,-0.0025867506275359,2025,2024-12-31,learned_order_offset,20260911,0.4056793971990091,0.4056793971990091,0,0
fixed_transform_step25,3438,2025-03-28,2025-04-14,-0.0342910101946246,2025,2024-12-31,learned_order_offset,20260911,0.4779797038173516,0.4779797038173516,0,0
fixed_transform_step25,3384,2025-01-03,2025-01-13,-0.0189486730632231,2025,2024-12-31,learned_market,20260912,0.42089025641362,0.42089025641362,0,0
fixed_transform_step25,3389,2025-01-10,2025-01-20,0.0353251773547418,2025,2024-12-31,learned_market,20260912,0.6539720773420672,0.6539720773420672,1,1
fixed_transform_step25,3394,2025-01-17,2025-01-27,0.000432821422053,2025,2024-12-31,learned_market,20260912,0.5597316894392553,0.5597316894392553,1,1
fixed_transform_step25,3399,2025-01-24,2025-02-10,0.0159344898044284,2025,2024-12-31,learned_market,20260912,0.7143346906245566,0.7143346906245566,1,1
fixed_transform_step25,3403,2025-02-07,2025-02-17,0.0144454990892999,2025,2024-12-31,learned_market,20260912,0.6628191037923492,0.6628191037923492,1,1
fixed_transform_step25,3408,2025-02-14,2025-02-24,0.0045695818086644,2025,2024-12-31,learned_market,20260912,0.6357468977060057,0.6357468977060057,1,1
fixed_transform_step25,3413,2025-02-21,2025-03-03,-0.0183210488158531,2025,2024-12-31,learned_market,20260912,0.3807729420629625,0.3807729420629625,0,0
fixed_transform_step25,3418,2025-02-28,2025-03-10,0.0117650075646844,2025,2024-12-31,learned_market,20260912,0.5714127704615375,0.5714127704615375,1,1
fixed_transform_step25,3423,2025-03-07,2025-03-17,0.019023819058288,2025,2024-12-31,learned_market,20260912,0.2731298059228326,0.2731298059228326,0,1
fixed_transform_step25,3428,2025-03-14,2025-03-24,-0.0259983485216283,2025,2024-12-31,learned_market,20260912,0.696672234818679,0.696672234818679,1,0
fixed_transform_step25,3433,2025-03-21,2025-03-31,-0.0025867506275359,2025,2024-12-31,learned_market,20260912,0.5676267142547179,0.5676267142547179,1,0
fixed_transform_step25,3438,2025-03-28,2025-04-14,-0.0342910101946246,2025,2024-12-31,learned_market,20260912,0.560911448173473,0.560911448173473,1,0
fixed_transform_step25,3384,2025-01-03,2025-01-13,-0.0189486730632231,2025,2024-12-31,learned_vol_interaction,20260912,0.4216991098514313,0.4216991098514313,0,0
fixed_transform_step25,3389,2025-01-10,2025-01-20,0.0353251773547418,2025,2024-12-31,learned_vol_interaction,20260912,0.6572683815072808,0.6572683815072808,1,1
fixed_transform_step25,3394,2025-01-17,2025-01-27,0.000432821422053,2025,2024-12-31,learned_vol_interaction,20260912,0.5624117839252505,0.5624117839252505,1,1
fixed_transform_step25,3399,2025-01-24,2025-02-10,0.0159344898044284,2025,2024-12-31,learned_vol_interaction,20260912,0.7143566519320824,0.7143566519320824,1,1
fixed_transform_step25,3403,2025-02-07,2025-02-17,0.0144454990892999,2025,2024-12-31,learned_vol_interaction,20260912,0.6656753647706254,0.6656753647706254,1,1
fixed_transform_step25,3408,2025-02-14,2025-02-24,0.0045695818086644,2025,2024-12-31,learned_vol_interaction,20260912,0.6366748986711647,0.6366748986711647,1,1
fixed_transform_step25,3413,2025-02-21,2025-03-03,-0.0183210488158531,2025,2024-12-31,learned_vol_interaction,20260912,0.3758479309011285,0.3758479309011285,0,0
fixed_transform_step25,3418,2025-02-28,2025-03-10,0.0117650075646844,2025,2024-12-31,learned_vol_interaction,20260912,0.5709205167438731,0.5709205167438731,1,1
fixed_transform_step25,3423,2025-03-07,2025-03-17,0.019023819058288,2025,2024-12-31,learned_vol_interaction,20260912,0.2697314685006311,0.2697314685006311,0,1
fixed_transform_step25,3428,2025-03-14,2025-03-24,-0.0259983485216283,2025,2024-12-31,learned_vol_interaction,20260912,0.6971511109958376,0.6971511109958376,1,0
fixed_transform_step25,3433,2025-03-21,2025-03-31,-0.0025867506275359,2025,2024-12-31,learned_vol_interaction,20260912,0.5692380331101397,0.5692380331101397,1,0
fixed_transform_step25,3438,2025-03-28,2025-04-14,-0.0342910101946246,2025,2024-12-31,learned_vol_interaction,20260912,0.5653548865619433,0.5653548865619433,1,0
fixed_transform_step25,3384,2025-01-03,2025-01-13,-0.0189486730632231,2025,2024-12-31,learned_order_extension,20260912,0.43188465804609494,0.43188465804609494,0,0
fixed_transform_step25,3389,2025-01-10,2025-01-20,0.0353251773547418,2025,2024-12-31,learned_order_extension,20260912,0.7180313467789317,0.7180313467789317,1,1
fixed_transform_step25,3394,2025-01-17,2025-01-27,0.000432821422053,2025,2024-12-31,learned_order_extension,20260912,0.6186516338053223,0.6186516338053223,1,1
fixed_transform_step25,3399,2025-01-24,2025-02-10,0.0159344898044284,2025,2024-12-31,learned_order_extension,20260912,0.7832822932916682,0.7832822932916682,1,1
fixed_transform_step25,3403,2025-02-07,2025-02-17,0.0144454990892999,2025,2024-12-31,learned_order_extension,20260912,0.7098765758367355,0.7098765758367355,1,1
fixed_transform_step25,3408,2025-02-14,2025-02-24,0.0045695818086644,2025,2024-12-31,learned_order_extension,20260912,0.6855283540318028,0.6855283540318028,1,1
fixed_transform_step25,3413,2025-02-21,2025-03-03,-0.0183210488158531,2025,2024-12-31,learned_order_extension,20260912,0.40938066472725215,0.40938066472725215,0,0
fixed_transform_step25,3418,2025-02-28,2025-03-10,0.0117650075646844,2025,2024-12-31,learned_order_extension,20260912,0.6433684681685069,0.6433684681685069,1,1
fixed_transform_step25,3423,2025-03-07,2025-03-17,0.019023819058288,2025,2024-12-31,learned_order_extension,20260912,0.25002023502263354,0.25002023502263354,0,1
fixed_transform_step25,3428,2025-03-14,2025-03-24,-0.0259983485216283,2025,2024-12-31,learned_order_extension,20260912,0.7238176657049011,0.7238176657049011,1,0
fixed_transform_step25,3433,2025-03-21,2025-03-31,-0.0025867506275359,2025,2024-12-31,learned_order_extension,20260912,0.5988742871040955,0.5988742871040955,1,0
fixed_transform_step25,3438,2025-03-28,2025-04-14,-0.0342910101946246,2025,2024-12-31,learned_order_extension,20260912,0.6204095542696454,0.6204095542696454,1,0
fixed_transform_step25,3384,2025-01-03,2025-01-13,-0.0189486730632231,2025,2024-12-31,learned_order_offset,20260912,0.4326309825835323,0.4326309825835323,0,0
fixed_transform_step25,3389,2025-01-10,2025-01-20,0.0353251773547418,2025,2024-12-31,learned_order_offset,20260912,0.7155096866522207,0.7155096866522207,1,1
fixed_transform_step25,3394,2025-01-17,2025-01-27,0.000432821422053,2025,2024-12-31,learned_order_offset,20260912,0.6172483281551261,0.6172483281551261,1,1
fixed_transform_step25,3399,2025-01-24,2025-02-10,0.0159344898044284,2025,2024-12-31,learned_order_offset,20260912,0.7808632543831274,0.7808632543831274,1,1
fixed_transform_step25,3403,2025-02-07,2025-02-17,0.0144454990892999,2025,2024-12-31,learned_order_offset,20260912,0.7081726942730068,0.7081726942730068,1,1
fixed_transform_step25,3408,2025-02-14,2025-02-24,0.0045695818086644,2025,2024-12-31,learned_order_offset,20260912,0.6832841057647039,0.6832841057647039,1,1
fixed_transform_step25,3413,2025-02-21,2025-03-03,-0.0183210488158531,2025,2024-12-31,learned_order_offset,20260912,0.4117646835265383,0.4117646835265383,0,0
fixed_transform_step25,3418,2025-02-28,2025-03-10,0.0117650075646844,2025,2024-12-31,learned_order_offset,20260912,0.6412881777301309,0.6412881777301309,1,1
fixed_transform_step25,3423,2025-03-07,2025-03-17,0.019023819058288,2025,2024-12-31,learned_order_offset,20260912,0.25180315037211576,0.25180315037211576,0,1
fixed_transform_step25,3428,2025-03-14,2025-03-24,-0.0259983485216283,2025,2024-12-31,learned_order_offset,20260912,0.7172777696525664,0.7172777696525664,1,0
fixed_transform_step25,3433,2025-03-21,2025-03-31,-0.0025867506275359,2025,2024-12-31,learned_order_offset,20260912,0.5938462138293957,0.5938462138293957,1,0
fixed_transform_step25,3438,2025-03-28,2025-04-14,-0.0342910101946246,2025,2024-12-31,learned_order_offset,20260912,0.6157709090258536,0.6157709090258536,1,0
fixed_transform_step25,3447,2025-04-11,2025-04-21,-0.0010339232881941,2025,2025-03-31,learned_market,20260910,0.5130606411178626,0.5130606411178626,1,0
fixed_transform_step25,3452,2025-04-18,2025-04-28,0.0048432383085554,2025,2025-03-31,learned_market,20260910,0.7690435461248882,0.7690435461248882,1,1
fixed_transform_step25,3457,2025-04-25,2025-05-12,0.02116527880118,2025,2025-03-31,learned_market,20260910,0.4428097580492262,0.4428097580492262,0,1
fixed_transform_step25,3464,2025-05-09,2025-05-19,0.0041484224873464,2025,2025-03-31,learned_market,20260910,0.3828016656046267,0.3828016656046267,0,1
fixed_transform_step25,3469,2025-05-16,2025-05-26,-0.0017462660042188,2025,2025-03-31,learned_market,20260910,0.33719937900362257,0.33719937900362257,0,0
fixed_transform_step25,3474,2025-05-23,2025-06-03,-0.0109216443615366,2025,2025-03-31,learned_market,20260910,0.43268180115320953,0.43268180115320953,0,0
fixed_transform_step25,3479,2025-05-30,2025-06-09,0.011566574321892,2025,2025-03-31,learned_market,20260910,0.36275177195827213,0.36275177195827213,0,1
fixed_transform_step25,3483,2025-06-06,2025-06-16,-0.0062354943524679,2025,2025-03-31,learned_market,20260910,0.40567026615589735,0.40567026615589735,0,0
fixed_transform_step25,3488,2025-06-13,2025-06-23,-0.005825691168304,2025,2025-03-31,learned_market,20260910,0.41162941297222094,0.41162941297222094,0,0
fixed_transform_step25,3493,2025-06-20,2025-06-30,0.0232670437490374,2025,2025-03-31,learned_market,20260910,0.41279667959015404,0.41279667959015404,0,1
fixed_transform_step25,3498,2025-06-27,2025-07-07,0.0145345648685946,2025,2025-03-31,learned_market,20260910,0.3816136587470421,0.3816136587470421,0,1
fixed_transform_step25,3447,2025-04-11,2025-04-21,-0.0010339232881941,2025,2025-03-31,learned_vol_interaction,20260910,0.5497498123156821,0.5497498123156821,1,0
fixed_transform_step25,3452,2025-04-18,2025-04-28,0.0048432383085554,2025,2025-03-31,learned_vol_interaction,20260910,0.6175387608719097,0.6175387608719097,1,1
fixed_transform_step25,3457,2025-04-25,2025-05-12,0.02116527880118,2025,2025-03-31,learned_vol_interaction,20260910,0.4994569143805838,0.4994569143805838,0,1
fixed_transform_step25,3464,2025-05-09,2025-05-19,0.0041484224873464,2025,2025-03-31,learned_vol_interaction,20260910,0.3511381818206401,0.3511381818206401,0,1
fixed_transform_step25,3469,2025-05-16,2025-05-26,-0.0017462660042188,2025,2025-03-31,learned_vol_interaction,20260910,0.3086883882222095,0.3086883882222095,0,0
fixed_transform_step25,3474,2025-05-23,2025-06-03,-0.0109216443615366,2025,2025-03-31,learned_vol_interaction,20260910,0.43621216458172885,0.43621216458172885,0,0
fixed_transform_step25,3479,2025-05-30,2025-06-09,0.011566574321892,2025,2025-03-31,learned_vol_interaction,20260910,0.3610850428051326,0.3610850428051326,0,1
fixed_transform_step25,3483,2025-06-06,2025-06-16,-0.0062354943524679,2025,2025-03-31,learned_vol_interaction,20260910,0.3991765364571787,0.3991765364571787,0,0
fixed_transform_step25,3488,2025-06-13,2025-06-23,-0.005825691168304,2025,2025-03-31,learned_vol_interaction,20260910,0.4030212900374743,0.4030212900374743,0,0
fixed_transform_step25,3493,2025-06-20,2025-06-30,0.0232670437490374,2025,2025-03-31,learned_vol_interaction,20260910,0.42262556011193547,0.42262556011193547,0,1
fixed_transform_step25,3498,2025-06-27,2025-07-07,0.0145345648685946,2025,2025-03-31,learned_vol_interaction,20260910,0.39518082304903585,0.39518082304903585,0,1
fixed_transform_step25,3447,2025-04-11,2025-04-21,-0.0010339232881941,2025,2025-03-31,learned_order_extension,20260910,0.5564089609363566,0.5564089609363566,1,0
fixed_transform_step25,3452,2025-04-18,2025-04-28,0.0048432383085554,2025,2025-03-31,learned_order_extension,20260910,0.6814785252200369,0.6814785252200369,1,1
fixed_transform_step25,3457,2025-04-25,2025-05-12,0.02116527880118,2025,2025-03-31,learned_order_extension,20260910,0.49181708743164887,0.49181708743164887,0,1
fixed_transform_step25,3464,2025-05-09,2025-05-19,0.0041484224873464,2025,2025-03-31,learned_order_extension,20260910,0.3394409099378508,0.3394409099378508,0,1
fixed_transform_step25,3469,2025-05-16,2025-05-26,-0.0017462660042188,2025,2025-03-31,learned_order_extension,20260910,0.3072638637765346,0.3072638637765346,0,0
fixed_transform_step25,3474,2025-05-23,2025-06-03,-0.0109216443615366,2025,2025-03-31,learned_order_extension,20260910,0.44168408068639736,0.44168408068639736,0,0
fixed_transform_step25,3479,2025-05-30,2025-06-09,0.011566574321892,2025,2025-03-31,learned_order_extension,20260910,0.3851461522373305,0.3851461522373305,0,1
fixed_transform_step25,3483,2025-06-06,2025-06-16,-0.0062354943524679,2025,2025-03-31,learned_order_extension,20260910,0.41371800390593283,0.41371800390593283,0,0
fixed_transform_step25,3488,2025-06-13,2025-06-23,-0.005825691168304,2025,2025-03-31,learned_order_extension,20260910,0.4115405741996547,0.4115405741996547,0,0
fixed_transform_step25,3493,2025-06-20,2025-06-30,0.0232670437490374,2025,2025-03-31,learned_order_extension,20260910,0.43515310620404857,0.43515310620404857,0,1
fixed_transform_step25,3498,2025-06-27,2025-07-07,0.0145345648685946,2025,2025-03-31,learned_order_extension,20260910,0.41515301706980134,0.41515301706980134,0,1
fixed_transform_step25,3447,2025-04-11,2025-04-21,-0.0010339232881941,2025,2025-03-31,learned_order_offset,20260910,0.5552029814149693,0.5552029814149693,1,0
fixed_transform_step25,3452,2025-04-18,2025-04-28,0.0048432383085554,2025,2025-03-31,learned_order_offset,20260910,0.6813648731547133,0.6813648731547133,1,1
fixed_transform_step25,3457,2025-04-25,2025-05-12,0.02116527880118,2025,2025-03-31,learned_order_offset,20260910,0.49179094366666243,0.49179094366666243,0,1
fixed_transform_step25,3464,2025-05-09,2025-05-19,0.0041484224873464,2025,2025-03-31,learned_order_offset,20260910,0.34021709569090236,0.34021709569090236,0,1
fixed_transform_step25,3469,2025-05-16,2025-05-26,-0.0017462660042188,2025,2025-03-31,learned_order_offset,20260910,0.3072676694517124,0.3072676694517124,0,0
fixed_transform_step25,3474,2025-05-23,2025-06-03,-0.0109216443615366,2025,2025-03-31,learned_order_offset,20260910,0.4420157936309896,0.4420157936309896,0,0
fixed_transform_step25,3479,2025-05-30,2025-06-09,0.011566574321892,2025,2025-03-31,learned_order_offset,20260910,0.3853976188739441,0.3853976188739441,0,1
fixed_transform_step25,3483,2025-06-06,2025-06-16,-0.0062354943524679,2025,2025-03-31,learned_order_offset,20260910,0.4147004929491756,0.4147004929491756,0,0
fixed_transform_step25,3488,2025-06-13,2025-06-23,-0.005825691168304,2025,2025-03-31,learned_order_offset,20260910,0.4126527815268589,0.4126527815268589,0,0
fixed_transform_step25,3493,2025-06-20,2025-06-30,0.0232670437490374,2025,2025-03-31,learned_order_offset,20260910,0.4352115381503326,0.4352115381503326,0,1
fixed_transform_step25,3498,2025-06-27,2025-07-07,0.0145345648685946,2025,2025-03-31,learned_order_offset,20260910,0.4156945266392539,0.4156945266392539,0,1
fixed_transform_step25,3447,2025-04-11,2025-04-21,-0.0010339232881941,2025,2025-03-31,learned_market,20260911,0.5601500649760224,0.5601500649760224,1,0
fixed_transform_step25,3452,2025-04-18,2025-04-28,0.0048432383085554,2025,2025-03-31,learned_market,20260911,0.5508905517234547,0.5508905517234547,1,1
fixed_transform_step25,3457,2025-04-25,2025-05-12,0.02116527880118,2025,2025-03-31,learned_market,20260911,0.43610673440036285,0.43610673440036285,0,1
fixed_transform_step25,3464,2025-05-09,2025-05-19,0.0041484224873464,2025,2025-03-31,learned_market,20260911,0.37205895972006564,0.37205895972006564,0,1
fixed_transform_step25,3469,2025-05-16,2025-05-26,-0.0017462660042188,2025,2025-03-31,learned_market,20260911,0.18704188379624778,0.18704188379624778,0,0
fixed_transform_step25,3474,2025-05-23,2025-06-03,-0.0109216443615366,2025,2025-03-31,learned_market,20260911,0.3380087334981409,0.3380087334981409,0,0
fixed_transform_step25,3479,2025-05-30,2025-06-09,0.011566574321892,2025,2025-03-31,learned_market,20260911,0.27105616058472887,0.27105616058472887,0,1
fixed_transform_step25,3483,2025-06-06,2025-06-16,-0.0062354943524679,2025,2025-03-31,learned_market,20260911,0.5353602972592909,0.5353602972592909,1,0
fixed_transform_step25,3488,2025-06-13,2025-06-23,-0.005825691168304,2025,2025-03-31,learned_market,20260911,0.4568345852492982,0.4568345852492982,0,0
fixed_transform_step25,3493,2025-06-20,2025-06-30,0.0232670437490374,2025,2025-03-31,learned_market,20260911,0.5170728739494019,0.5170728739494019,1,1
fixed_transform_step25,3498,2025-06-27,2025-07-07,0.0145345648685946,2025,2025-03-31,learned_market,20260911,0.5574145732430018,0.5574145732430018,1,1
fixed_transform_step25,3447,2025-04-11,2025-04-21,-0.0010339232881941,2025,2025-03-31,learned_vol_interaction,20260911,0.5339457857110947,0.5339457857110947,1,0
fixed_transform_step25,3452,2025-04-18,2025-04-28,0.0048432383085554,2025,2025-03-31,learned_vol_interaction,20260911,0.5320611170853495,0.5320611170853495,1,1
fixed_transform_step25,3457,2025-04-25,2025-05-12,0.02116527880118,2025,2025-03-31,learned_vol_interaction,20260911,0.4356372541821189,0.4356372541821189,0,1
fixed_transform_step25,3464,2025-05-09,2025-05-19,0.0041484224873464,2025,2025-03-31,learned_vol_interaction,20260911,0.3730976365999227,0.3730976365999227,0,1
fixed_transform_step25,3469,2025-05-16,2025-05-26,-0.0017462660042188,2025,2025-03-31,learned_vol_interaction,20260911,0.16924204884947794,0.16924204884947794,0,0
fixed_transform_step25,3474,2025-05-23,2025-06-03,-0.0109216443615366,2025,2025-03-31,learned_vol_interaction,20260911,0.33868506487739675,0.33868506487739675,0,0
fixed_transform_step25,3479,2025-05-30,2025-06-09,0.011566574321892,2025,2025-03-31,learned_vol_interaction,20260911,0.26027381003009087,0.26027381003009087,0,1
fixed_transform_step25,3483,2025-06-06,2025-06-16,-0.0062354943524679,2025,2025-03-31,learned_vol_interaction,20260911,0.553303135048731,0.553303135048731,1,0
fixed_transform_step25,3488,2025-06-13,2025-06-23,-0.005825691168304,2025,2025-03-31,learned_vol_interaction,20260911,0.4733931538920766,0.4733931538920766,0,0
fixed_transform_step25,3493,2025-06-20,2025-06-30,0.0232670437490374,2025,2025-03-31,learned_vol_interaction,20260911,0.5402828271671448,0.5402828271671448,1,1
fixed_transform_step25,3498,2025-06-27,2025-07-07,0.0145345648685946,2025,2025-03-31,learned_vol_interaction,20260911,0.5748418561912477,0.5748418561912477,1,1
fixed_transform_step25,3447,2025-04-11,2025-04-21,-0.0010339232881941,2025,2025-03-31,learned_order_extension,20260911,0.5313443738146973,0.5313443738146973,1,0
fixed_transform_step25,3452,2025-04-18,2025-04-28,0.0048432383085554,2025,2025-03-31,learned_order_extension,20260911,0.5341894361734609,0.5341894361734609,1,1
fixed_transform_step25,3457,2025-04-25,2025-05-12,0.02116527880118,2025,2025-03-31,learned_order_extension,20260911,0.43861279075245185,0.43861279075245185,0,1
fixed_transform_step25,3464,2025-05-09,2025-05-19,0.0041484224873464,2025,2025-03-31,learned_order_extension,20260911,0.3723482998774553,0.3723482998774553,0,1
fixed_transform_step25,3469,2025-05-16,2025-05-26,-0.0017462660042188,2025,2025-03-31,learned_order_extension,20260911,0.17151769854744173,0.17151769854744173,0,0
fixed_transform_step25,3474,2025-05-23,2025-06-03,-0.0109216443615366,2025,2025-03-31,learned_order_extension,20260911,0.3339300111077231,0.3339300111077231,0,0
fixed_transform_step25,3479,2025-05-30,2025-06-09,0.011566574321892,2025,2025-03-31,learned_order_extension,20260911,0.25654458564364935,0.25654458564364935,0,1
fixed_transform_step25,3483,2025-06-06,2025-06-16,-0.0062354943524679,2025,2025-03-31,learned_order_extension,20260911,0.5539194420948763,0.5539194420948763,1,0
fixed_transform_step25,3488,2025-06-13,2025-06-23,-0.005825691168304,2025,2025-03-31,learned_order_extension,20260911,0.46867817860371097,0.46867817860371097,0,0
fixed_transform_step25,3493,2025-06-20,2025-06-30,0.0232670437490374,2025,2025-03-31,learned_order_extension,20260911,0.5378296419860021,0.5378296419860021,1,1
fixed_transform_step25,3498,2025-06-27,2025-07-07,0.0145345648685946,2025,2025-03-31,learned_order_extension,20260911,0.5759681384895363,0.5759681384895363,1,1
fixed_transform_step25,3447,2025-04-11,2025-04-21,-0.0010339232881941,2025,2025-03-31,learned_order_offset,20260911,0.5309942081385164,0.5309942081385164,1,0
fixed_transform_step25,3452,2025-04-18,2025-04-28,0.0048432383085554,2025,2025-03-31,learned_order_offset,20260911,0.5338854834902498,0.5338854834902498,1,1
fixed_transform_step25,3457,2025-04-25,2025-05-12,0.02116527880118,2025,2025-03-31,learned_order_offset,20260911,0.43848276169275213,0.43848276169275213,0,1
fixed_transform_step25,3464,2025-05-09,2025-05-19,0.0041484224873464,2025,2025-03-31,learned_order_offset,20260911,0.3721290522743086,0.3721290522743086,0,1
fixed_transform_step25,3469,2025-05-16,2025-05-26,-0.0017462660042188,2025,2025-03-31,learned_order_offset,20260911,0.17155638284640404,0.17155638284640404,0,0
fixed_transform_step25,3474,2025-05-23,2025-06-03,-0.0109216443615366,2025,2025-03-31,learned_order_offset,20260911,0.33400709378655147,0.33400709378655147,0,0
fixed_transform_step25,3479,2025-05-30,2025-06-09,0.011566574321892,2025,2025-03-31,learned_order_offset,20260911,0.25659457879616315,0.25659457879616315,0,1
fixed_transform_step25,3483,2025-06-06,2025-06-16,-0.0062354943524679,2025,2025-03-31,learned_order_offset,20260911,0.5538917271931302,0.5538917271931302,1,0
fixed_transform_step25,3488,2025-06-13,2025-06-23,-0.005825691168304,2025,2025-03-31,learned_order_offset,20260911,0.4686093500104471,0.4686093500104471,0,0
fixed_transform_step25,3493,2025-06-20,2025-06-30,0.0232670437490374,2025,2025-03-31,learned_order_offset,20260911,0.5378004468244812,0.5378004468244812,1,1
fixed_transform_step25,3498,2025-06-27,2025-07-07,0.0145345648685946,2025,2025-03-31,learned_order_offset,20260911,0.5756735252988814,0.5756735252988814,1,1
fixed_transform_step25,3447,2025-04-11,2025-04-21,-0.0010339232881941,2025,2025-03-31,learned_market,20260912,0.504161803428294,0.504161803428294,1,0
fixed_transform_step25,3452,2025-04-18,2025-04-28,0.0048432383085554,2025,2025-03-31,learned_market,20260912,0.6422023786342494,0.6422023786342494,1,1
fixed_transform_step25,3457,2025-04-25,2025-05-12,0.02116527880118,2025,2025-03-31,learned_market,20260912,0.46377051379056033,0.46377051379056033,0,1
fixed_transform_step25,3464,2025-05-09,2025-05-19,0.0041484224873464,2025,2025-03-31,learned_market,20260912,0.23352813100980158,0.23352813100980158,0,1
fixed_transform_step25,3469,2025-05-16,2025-05-26,-0.0017462660042188,2025,2025-03-31,learned_market,20260912,0.3163001452983287,0.3163001452983287,0,0
fixed_transform_step25,3474,2025-05-23,2025-06-03,-0.0109216443615366,2025,2025-03-31,learned_market,20260912,0.19906310303007335,0.19906310303007335,0,0
fixed_transform_step25,3479,2025-05-30,2025-06-09,0.011566574321892,2025,2025-03-31,learned_market,20260912,0.15460300062560128,0.15460300062560128,0,1
fixed_transform_step25,3483,2025-06-06,2025-06-16,-0.0062354943524679,2025,2025-03-31,learned_market,20260912,0.38354571039345986,0.38354571039345986,0,0
fixed_transform_step25,3488,2025-06-13,2025-06-23,-0.005825691168304,2025,2025-03-31,learned_market,20260912,0.2878653394983775,0.2878653394983775,0,0
fixed_transform_step25,3493,2025-06-20,2025-06-30,0.0232670437490374,2025,2025-03-31,learned_market,20260912,0.4146769683486103,0.4146769683486103,0,1
fixed_transform_step25,3498,2025-06-27,2025-07-07,0.0145345648685946,2025,2025-03-31,learned_market,20260912,0.5243773110874393,0.5243773110874393,1,1
fixed_transform_step25,3447,2025-04-11,2025-04-21,-0.0010339232881941,2025,2025-03-31,learned_vol_interaction,20260912,0.4993835463480559,0.4993835463480559,0,0
fixed_transform_step25,3452,2025-04-18,2025-04-28,0.0048432383085554,2025,2025-03-31,learned_vol_interaction,20260912,0.6294936961040551,0.6294936961040551,1,1
fixed_transform_step25,3457,2025-04-25,2025-05-12,0.02116527880118,2025,2025-03-31,learned_vol_interaction,20260912,0.4657757549177225,0.4657757549177225,0,1
fixed_transform_step25,3464,2025-05-09,2025-05-19,0.0041484224873464,2025,2025-03-31,learned_vol_interaction,20260912,0.22657341063537836,0.22657341063537836,0,1
fixed_transform_step25,3469,2025-05-16,2025-05-26,-0.0017462660042188,2025,2025-03-31,learned_vol_interaction,20260912,0.3120480209986528,0.3120480209986528,0,0
fixed_transform_step25,3474,2025-05-23,2025-06-03,-0.0109216443615366,2025,2025-03-31,learned_vol_interaction,20260912,0.19326807789062356,0.19326807789062356,0,0
fixed_transform_step25,3479,2025-05-30,2025-06-09,0.011566574321892,2025,2025-03-31,learned_vol_interaction,20260912,0.14854814101605135,0.14854814101605135,0,1
fixed_transform_step25,3483,2025-06-06,2025-06-16,-0.0062354943524679,2025,2025-03-31,learned_vol_interaction,20260912,0.38367175110771257,0.38367175110771257,0,0
fixed_transform_step25,3488,2025-06-13,2025-06-23,-0.005825691168304,2025,2025-03-31,learned_vol_interaction,20260912,0.2834141616406823,0.2834141616406823,0,0
fixed_transform_step25,3493,2025-06-20,2025-06-30,0.0232670437490374,2025,2025-03-31,learned_vol_interaction,20260912,0.41506911518106643,0.41506911518106643,0,1
fixed_transform_step25,3498,2025-06-27,2025-07-07,0.0145345648685946,2025,2025-03-31,learned_vol_interaction,20260912,0.52538889509699,0.52538889509699,1,1
fixed_transform_step25,3447,2025-04-11,2025-04-21,-0.0010339232881941,2025,2025-03-31,learned_order_extension,20260912,0.4961854785352925,0.4961854785352925,0,0
fixed_transform_step25,3452,2025-04-18,2025-04-28,0.0048432383085554,2025,2025-03-31,learned_order_extension,20260912,0.6578918328402097,0.6578918328402097,1,1
fixed_transform_step25,3457,2025-04-25,2025-05-12,0.02116527880118,2025,2025-03-31,learned_order_extension,20260912,0.45443422665210936,0.45443422665210936,0,1
fixed_transform_step25,3464,2025-05-09,2025-05-19,0.0041484224873464,2025,2025-03-31,learned_order_extension,20260912,0.2228750989785861,0.2228750989785861,0,1
fixed_transform_step25,3469,2025-05-16,2025-05-26,-0.0017462660042188,2025,2025-03-31,learned_order_extension,20260912,0.3299476622459323,0.3299476622459323,0,0
fixed_transform_step25,3474,2025-05-23,2025-06-03,-0.0109216443615366,2025,2025-03-31,learned_order_extension,20260912,0.22362026193042275,0.22362026193042275,0,0
fixed_transform_step25,3479,2025-05-30,2025-06-09,0.011566574321892,2025,2025-03-31,learned_order_extension,20260912,0.1983646170944919,0.1983646170944919,0,1
fixed_transform_step25,3483,2025-06-06,2025-06-16,-0.0062354943524679,2025,2025-03-31,learned_order_extension,20260912,0.4150915387930163,0.4150915387930163,0,0
fixed_transform_step25,3488,2025-06-13,2025-06-23,-0.005825691168304,2025,2025-03-31,learned_order_extension,20260912,0.29816647794397416,0.29816647794397416,0,0
fixed_transform_step25,3493,2025-06-20,2025-06-30,0.0232670437490374,2025,2025-03-31,learned_order_extension,20260912,0.43703286301348293,0.43703286301348293,0,1
fixed_transform_step25,3498,2025-06-27,2025-07-07,0.0145345648685946,2025,2025-03-31,learned_order_extension,20260912,0.5140274283609089,0.5140274283609089,1,1
fixed_transform_step25,3447,2025-04-11,2025-04-21,-0.0010339232881941,2025,2025-03-31,learned_order_offset,20260912,0.4933557123115068,0.4933557123115068,0,0
fixed_transform_step25,3452,2025-04-18,2025-04-28,0.0048432383085554,2025,2025-03-31,learned_order_offset,20260912,0.6554620696524195,0.6554620696524195,1,1
fixed_transform_step25,3457,2025-04-25,2025-05-12,0.02116527880118,2025,2025-03-31,learned_order_offset,20260912,0.4572253114711295,0.4572253114711295,0,1
fixed_transform_step25,3464,2025-05-09,2025-05-19,0.0041484224873464,2025,2025-03-31,learned_order_offset,20260912,0.226678470841942,0.226678470841942,0,1
fixed_transform_step25,3469,2025-05-16,2025-05-26,-0.0017462660042188,2025,2025-03-31,learned_order_offset,20260912,0.33331321608316505,0.33331321608316505,0,0
fixed_transform_step25,3474,2025-05-23,2025-06-03,-0.0109216443615366,2025,2025-03-31,learned_order_offset,20260912,0.22800486838684503,0.22800486838684503,0,0
fixed_transform_step25,3479,2025-05-30,2025-06-09,0.011566574321892,2025,2025-03-31,learned_order_offset,20260912,0.20305477954840373,0.20305477954840373,0,1
fixed_transform_step25,3483,2025-06-06,2025-06-16,-0.0062354943524679,2025,2025-03-31,learned_order_offset,20260912,0.41974905382654737,0.41974905382654737,0,0
fixed_transform_step25,3488,2025-06-13,2025-06-23,-0.005825691168304,2025,2025-03-31,learned_order_offset,20260912,0.2994725427593114,0.2994725427593114,0,0
fixed_transform_step25,3493,2025-06-20,2025-06-30,0.0232670437490374,2025,2025-03-31,learned_order_offset,20260912,0.437899646673377,0.437899646673377,0,1
fixed_transform_step25,3498,2025-06-27,2025-07-07,0.0145345648685946,2025,2025-03-31,learned_order_offset,20260912,0.5142422209738674,0.5142422209738674,1,1
fixed_transform_step25,3503,2025-07-04,2025-07-14,0.0110426949002964,2025,2025-06-30,learned_market,20260910,0.6788166354858998,0.6788166354858998,1,1
fixed_transform_step25,3508,2025-07-11,2025-07-21,0.0120759671840067,2025,2025-06-30,learned_market,20260910,0.6942530551255988,0.6942530551255988,1,1
fixed_transform_step25,3513,2025-07-18,2025-07-28,0.0143570766898375,2025,2025-06-30,learned_market,20260910,0.4043544721684654,0.4043544721684654,0,1
fixed_transform_step25,3518,2025-07-25,2025-08-04,-0.0218642507630443,2025,2025-06-30,learned_market,20260910,0.4726629299709991,0.4726629299709991,0,0
fixed_transform_step25,3523,2025-08-01,2025-08-11,0.0179175520190988,2025,2025-06-30,learned_market,20260910,0.49967314006899405,0.49967314006899405,0,1
fixed_transform_step25,3528,2025-08-08,2025-08-18,0.026265786598999,2025,2025-06-30,learned_market,20260910,0.3416264364241801,0.3416264364241801,0,1
fixed_transform_step25,3533,2025-08-15,2025-08-25,0.0469483790671487,2025,2025-06-30,learned_market,20260910,0.42980778591836016,0.42980778591836016,0,1
fixed_transform_step25,3538,2025-08-22,2025-09-01,0.0227770368340847,2025,2025-06-30,learned_market,20260910,0.41093488241422466,0.41093488241422466,0,1
fixed_transform_step25,3543,2025-08-29,2025-09-08,-0.0110053842475337,2025,2025-06-30,learned_market,20260910,0.4453091712507869,0.4453091712507869,0,0
fixed_transform_step25,3548,2025-09-05,2025-09-15,0.0151594857594405,2025,2025-06-30,learned_market,20260910,0.43815824614051885,0.43815824614051885,0,1
fixed_transform_step25,3553,2025-09-12,2025-09-22,-0.0050409160971932,2025,2025-06-30,learned_market,20260910,0.4736199221998826,0.4736199221998826,0,0
fixed_transform_step25,3558,2025-09-19,2025-09-29,0.0095300784790881,2025,2025-06-30,learned_market,20260910,0.4698827887661913,0.4698827887661913,0,1
fixed_transform_step25,3563,2025-09-26,2025-10-13,-0.0140855274279203,2025,2025-06-30,learned_market,20260910,0.47821172269531326,0.47821172269531326,0,0
fixed_transform_step25,3503,2025-07-04,2025-07-14,0.0110426949002964,2025,2025-06-30,learned_vol_interaction,20260910,0.7560706053787312,0.7560706053787312,1,1
fixed_transform_step25,3508,2025-07-11,2025-07-21,0.0120759671840067,2025,2025-06-30,learned_vol_interaction,20260910,0.7840209012833974,0.7840209012833974,1,1
fixed_transform_step25,3513,2025-07-18,2025-07-28,0.0143570766898375,2025,2025-06-30,learned_vol_interaction,20260910,0.40220228888034204,0.40220228888034204,0,1
fixed_transform_step25,3518,2025-07-25,2025-08-04,-0.0218642507630443,2025,2025-06-30,learned_vol_interaction,20260910,0.4547986090708763,0.4547986090708763,0,0
fixed_transform_step25,3523,2025-08-01,2025-08-11,0.0179175520190988,2025,2025-06-30,learned_vol_interaction,20260910,0.5001518662959014,0.5001518662959014,1,1
fixed_transform_step25,3528,2025-08-08,2025-08-18,0.026265786598999,2025,2025-06-30,learned_vol_interaction,20260910,0.27663330456000734,0.27663330456000734,0,1
fixed_transform_step25,3533,2025-08-15,2025-08-25,0.0469483790671487,2025,2025-06-30,learned_vol_interaction,20260910,0.38820123338918444,0.38820123338918444,0,1
fixed_transform_step25,3538,2025-08-22,2025-09-01,0.0227770368340847,2025,2025-06-30,learned_vol_interaction,20260910,0.3800432104563507,0.3800432104563507,0,1
fixed_transform_step25,3543,2025-08-29,2025-09-08,-0.0110053842475337,2025,2025-06-30,learned_vol_interaction,20260910,0.4249452027383935,0.4249452027383935,0,0
fixed_transform_step25,3548,2025-09-05,2025-09-15,0.0151594857594405,2025,2025-06-30,learned_vol_interaction,20260910,0.43775404603597406,0.43775404603597406,0,1
fixed_transform_step25,3553,2025-09-12,2025-09-22,-0.0050409160971932,2025,2025-06-30,learned_vol_interaction,20260910,0.4735701647452175,0.4735701647452175,0,0
fixed_transform_step25,3558,2025-09-19,2025-09-29,0.0095300784790881,2025,2025-06-30,learned_vol_interaction,20260910,0.4656035926007151,0.4656035926007151,0,1
fixed_transform_step25,3563,2025-09-26,2025-10-13,-0.0140855274279203,2025,2025-06-30,learned_vol_interaction,20260910,0.4572224103977002,0.4572224103977002,0,0
fixed_transform_step25,3503,2025-07-04,2025-07-14,0.0110426949002964,2025,2025-06-30,learned_order_extension,20260910,0.6922827707748738,0.6922827707748738,1,1
fixed_transform_step25,3508,2025-07-11,2025-07-21,0.0120759671840067,2025,2025-06-30,learned_order_extension,20260910,0.8109683859949505,0.8109683859949505,1,1
fixed_transform_step25,3513,2025-07-18,2025-07-28,0.0143570766898375,2025,2025-06-30,learned_order_extension,20260910,0.39276658378508916,0.39276658378508916,0,1
fixed_transform_step25,3518,2025-07-25,2025-08-04,-0.0218642507630443,2025,2025-06-30,learned_order_extension,20260910,0.43703066388213424,0.43703066388213424,0,0
fixed_transform_step25,3523,2025-08-01,2025-08-11,0.0179175520190988,2025,2025-06-30,learned_order_extension,20260910,0.48550600958618784,0.48550600958618784,0,1
fixed_transform_step25,3528,2025-08-08,2025-08-18,0.026265786598999,2025,2025-06-30,learned_order_extension,20260910,0.2957024903672412,0.2957024903672412,0,1
fixed_transform_step25,3533,2025-08-15,2025-08-25,0.0469483790671487,2025,2025-06-30,learned_order_extension,20260910,0.3697101026672427,0.3697101026672427,0,1
fixed_transform_step25,3538,2025-08-22,2025-09-01,0.0227770368340847,2025,2025-06-30,learned_order_extension,20260910,0.35339680757042397,0.35339680757042397,0,1
fixed_transform_step25,3543,2025-08-29,2025-09-08,-0.0110053842475337,2025,2025-06-30,learned_order_extension,20260910,0.4171544032189137,0.4171544032189137,0,0
fixed_transform_step25,3548,2025-09-05,2025-09-15,0.0151594857594405,2025,2025-06-30,learned_order_extension,20260910,0.4434588832395666,0.4434588832395666,0,1
fixed_transform_step25,3553,2025-09-12,2025-09-22,-0.0050409160971932,2025,2025-06-30,learned_order_extension,20260910,0.4880202142170079,0.4880202142170079,0,0
fixed_transform_step25,3558,2025-09-19,2025-09-29,0.0095300784790881,2025,2025-06-30,learned_order_extension,20260910,0.45577129920765036,0.45577129920765036,0,1
fixed_transform_step25,3563,2025-09-26,2025-10-13,-0.0140855274279203,2025,2025-06-30,learned_order_extension,20260910,0.440351378212104,0.440351378212104,0,0
fixed_transform_step25,3503,2025-07-04,2025-07-14,0.0110426949002964,2025,2025-06-30,learned_order_offset,20260910,0.6896456397365681,0.6896456397365681,1,1
fixed_transform_step25,3508,2025-07-11,2025-07-21,0.0120759671840067,2025,2025-06-30,learned_order_offset,20260910,0.808202772238319,0.808202772238319,1,1
fixed_transform_step25,3513,2025-07-18,2025-07-28,0.0143570766898375,2025,2025-06-30,learned_order_offset,20260910,0.39192007035663745,0.39192007035663745,0,1
fixed_transform_step25,3518,2025-07-25,2025-08-04,-0.0218642507630443,2025,2025-06-30,learned_order_offset,20260910,0.437664202745334,0.437664202745334,0,0
fixed_transform_step25,3523,2025-08-01,2025-08-11,0.0179175520190988,2025,2025-06-30,learned_order_offset,20260910,0.48532256490103765,0.48532256490103765,0,1
fixed_transform_step25,3528,2025-08-08,2025-08-18,0.026265786598999,2025,2025-06-30,learned_order_offset,20260910,0.2977269077522683,0.2977269077522683,0,1
fixed_transform_step25,3533,2025-08-15,2025-08-25,0.0469483790671487,2025,2025-06-30,learned_order_offset,20260910,0.3702263151076108,0.3702263151076108,0,1
fixed_transform_step25,3538,2025-08-22,2025-09-01,0.0227770368340847,2025,2025-06-30,learned_order_offset,20260910,0.3537791428157678,0.3537791428157678,0,1
fixed_transform_step25,3543,2025-08-29,2025-09-08,-0.0110053842475337,2025,2025-06-30,learned_order_offset,20260910,0.41713525548096053,0.41713525548096053,0,0
fixed_transform_step25,3548,2025-09-05,2025-09-15,0.0151594857594405,2025,2025-06-30,learned_order_offset,20260910,0.4431657885522292,0.4431657885522292,0,1
fixed_transform_step25,3553,2025-09-12,2025-09-22,-0.0050409160971932,2025,2025-06-30,learned_order_offset,20260910,0.4884560944724203,0.4884560944724203,0,0
fixed_transform_step25,3558,2025-09-19,2025-09-29,0.0095300784790881,2025,2025-06-30,learned_order_offset,20260910,0.4566709708742949,0.4566709708742949,0,1
fixed_transform_step25,3563,2025-09-26,2025-10-13,-0.0140855274279203,2025,2025-06-30,learned_order_offset,20260910,0.44096226983445147,0.44096226983445147,0,0
fixed_transform_step25,3503,2025-07-04,2025-07-14,0.0110426949002964,2025,2025-06-30,learned_market,20260911,0.6539077164404077,0.6539077164404077,1,1
fixed_transform_step25,3508,2025-07-11,2025-07-21,0.0120759671840067,2025,2025-06-30,learned_market,20260911,0.4269433376960006,0.4269433376960006,0,1
fixed_transform_step25,3513,2025-07-18,2025-07-28,0.0143570766898375,2025,2025-06-30,learned_market,20260911,0.44515394748223963,0.44515394748223963,0,1
fixed_transform_step25,3518,2025-07-25,2025-08-04,-0.0218642507630443,2025,2025-06-30,learned_market,20260911,0.3698123595299438,0.3698123595299438,0,0
fixed_transform_step25,3523,2025-08-01,2025-08-11,0.0179175520190988,2025,2025-06-30,learned_market,20260911,0.35463195964657646,0.35463195964657646,0,1
fixed_transform_step25,3528,2025-08-08,2025-08-18,0.026265786598999,2025,2025-06-30,learned_market,20260911,0.24600959682874576,0.24600959682874576,0,1
fixed_transform_step25,3533,2025-08-15,2025-08-25,0.0469483790671487,2025,2025-06-30,learned_market,20260911,0.4266145432648727,0.4266145432648727,0,1
fixed_transform_step25,3538,2025-08-22,2025-09-01,0.0227770368340847,2025,2025-06-30,learned_market,20260911,0.2858733577979948,0.2858733577979948,0,1
fixed_transform_step25,3543,2025-08-29,2025-09-08,-0.0110053842475337,2025,2025-06-30,learned_market,20260911,0.4037975963779294,0.4037975963779294,0,0
fixed_transform_step25,3548,2025-09-05,2025-09-15,0.0151594857594405,2025,2025-06-30,learned_market,20260911,0.3763464419086824,0.3763464419086824,0,1
fixed_transform_step25,3553,2025-09-12,2025-09-22,-0.0050409160971932,2025,2025-06-30,learned_market,20260911,0.5054781537840985,0.5054781537840985,1,0
fixed_transform_step25,3558,2025-09-19,2025-09-29,0.0095300784790881,2025,2025-06-30,learned_market,20260911,0.3863125751166096,0.3863125751166096,0,1
fixed_transform_step25,3563,2025-09-26,2025-10-13,-0.0140855274279203,2025,2025-06-30,learned_market,20260911,0.40645728588991437,0.40645728588991437,0,0
fixed_transform_step25,3503,2025-07-04,2025-07-14,0.0110426949002964,2025,2025-06-30,learned_vol_interaction,20260911,0.6733936989529054,0.6733936989529054,1,1
fixed_transform_step25,3508,2025-07-11,2025-07-21,0.0120759671840067,2025,2025-06-30,learned_vol_interaction,20260911,0.4308864955720033,0.4308864955720033,0,1
fixed_transform_step25,3513,2025-07-18,2025-07-28,0.0143570766898375,2025,2025-06-30,learned_vol_interaction,20260911,0.4489219703510422,0.4489219703510422,0,1
fixed_transform_step25,3518,2025-07-25,2025-08-04,-0.0218642507630443,2025,2025-06-30,learned_vol_interaction,20260911,0.36124243106818216,0.36124243106818216,0,0
fixed_transform_step25,3523,2025-08-01,2025-08-11,0.0179175520190988,2025,2025-06-30,learned_vol_interaction,20260911,0.3464436647891598,0.3464436647891598,0,1
fixed_transform_step25,3528,2025-08-08,2025-08-18,0.026265786598999,2025,2025-06-30,learned_vol_interaction,20260911,0.23419067341755068,0.23419067341755068,0,1
fixed_transform_step25,3533,2025-08-15,2025-08-25,0.0469483790671487,2025,2025-06-30,learned_vol_interaction,20260911,0.4229576121669862,0.4229576121669862,0,1
fixed_transform_step25,3538,2025-08-22,2025-09-01,0.0227770368340847,2025,2025-06-30,learned_vol_interaction,20260911,0.27039819433512136,0.27039819433512136,0,1
fixed_transform_step25,3543,2025-08-29,2025-09-08,-0.0110053842475337,2025,2025-06-30,learned_vol_interaction,20260911,0.3890702452940048,0.3890702452940048,0,0
fixed_transform_step25,3548,2025-09-05,2025-09-15,0.0151594857594405,2025,2025-06-30,learned_vol_interaction,20260911,0.36700736873644907,0.36700736873644907,0,1
fixed_transform_step25,3553,2025-09-12,2025-09-22,-0.0050409160971932,2025,2025-06-30,learned_vol_interaction,20260911,0.4925336879204835,0.4925336879204835,0,0
fixed_transform_step25,3558,2025-09-19,2025-09-29,0.0095300784790881,2025,2025-06-30,learned_vol_interaction,20260911,0.38272374576037854,0.38272374576037854,0,1
fixed_transform_step25,3563,2025-09-26,2025-10-13,-0.0140855274279203,2025,2025-06-30,learned_vol_interaction,20260911,0.39746135624691903,0.39746135624691903,0,0
fixed_transform_step25,3503,2025-07-04,2025-07-14,0.0110426949002964,2025,2025-06-30,learned_order_extension,20260911,0.6797565725587972,0.6797565725587972,1,1
fixed_transform_step25,3508,2025-07-11,2025-07-21,0.0120759671840067,2025,2025-06-30,learned_order_extension,20260911,0.43128068544181686,0.43128068544181686,0,1
fixed_transform_step25,3513,2025-07-18,2025-07-28,0.0143570766898375,2025,2025-06-30,learned_order_extension,20260911,0.44901472224132716,0.44901472224132716,0,1
fixed_transform_step25,3518,2025-07-25,2025-08-04,-0.0218642507630443,2025,2025-06-30,learned_order_extension,20260911,0.3632884877174106,0.3632884877174106,0,0
fixed_transform_step25,3523,2025-08-01,2025-08-11,0.0179175520190988,2025,2025-06-30,learned_order_extension,20260911,0.3461059392325117,0.3461059392325117,0,1
fixed_transform_step25,3528,2025-08-08,2025-08-18,0.026265786598999,2025,2025-06-30,learned_order_extension,20260911,0.2298546697524965,0.2298546697524965,0,1
fixed_transform_step25,3533,2025-08-15,2025-08-25,0.0469483790671487,2025,2025-06-30,learned_order_extension,20260911,0.4227426148333549,0.4227426148333549,0,1
fixed_transform_step25,3538,2025-08-22,2025-09-01,0.0227770368340847,2025,2025-06-30,learned_order_extension,20260911,0.2762719310230661,0.2762719310230661,0,1
fixed_transform_step25,3543,2025-08-29,2025-09-08,-0.0110053842475337,2025,2025-06-30,learned_order_extension,20260911,0.3888549924112202,0.3888549924112202,0,0
fixed_transform_step25,3548,2025-09-05,2025-09-15,0.0151594857594405,2025,2025-06-30,learned_order_extension,20260911,0.3649818360021996,0.3649818360021996,0,1
fixed_transform_step25,3553,2025-09-12,2025-09-22,-0.0050409160971932,2025,2025-06-30,learned_order_extension,20260911,0.4952058167862824,0.4952058167862824,0,0
fixed_transform_step25,3558,2025-09-19,2025-09-29,0.0095300784790881,2025,2025-06-30,learned_order_extension,20260911,0.38847322039725024,0.38847322039725024,0,1
fixed_transform_step25,3563,2025-09-26,2025-10-13,-0.0140855274279203,2025,2025-06-30,learned_order_extension,20260911,0.40157280076787627,0.40157280076787627,0,0
fixed_transform_step25,3503,2025-07-04,2025-07-14,0.0110426949002964,2025,2025-06-30,learned_order_offset,20260911,0.6798753368599001,0.6798753368599001,1,1
fixed_transform_step25,3508,2025-07-11,2025-07-21,0.0120759671840067,2025,2025-06-30,learned_order_offset,20260911,0.43128800344859314,0.43128800344859314,0,1
fixed_transform_step25,3513,2025-07-18,2025-07-28,0.0143570766898375,2025,2025-06-30,learned_order_offset,20260911,0.44916061840968874,0.44916061840968874,0,1
fixed_transform_step25,3518,2025-07-25,2025-08-04,-0.0218642507630443,2025,2025-06-30,learned_order_offset,20260911,0.3627786720012352,0.3627786720012352,0,0
fixed_transform_step25,3523,2025-08-01,2025-08-11,0.0179175520190988,2025,2025-06-30,learned_order_offset,20260911,0.34572409330226067,0.34572409330226067,0,1
fixed_transform_step25,3528,2025-08-08,2025-08-18,0.026265786598999,2025,2025-06-30,learned_order_offset,20260911,0.22999549221671056,0.22999549221671056,0,1
fixed_transform_step25,3533,2025-08-15,2025-08-25,0.0469483790671487,2025,2025-06-30,learned_order_offset,20260911,0.42297428702421136,0.42297428702421136,0,1
fixed_transform_step25,3538,2025-08-22,2025-09-01,0.0227770368340847,2025,2025-06-30,learned_order_offset,20260911,0.2758778147413256,0.2758778147413256,0,1
fixed_transform_step25,3543,2025-08-29,2025-09-08,-0.0110053842475337,2025,2025-06-30,learned_order_offset,20260911,0.3891304715667462,0.3891304715667462,0,0
fixed_transform_step25,3548,2025-09-05,2025-09-15,0.0151594857594405,2025,2025-06-30,learned_order_offset,20260911,0.3649905134855084,0.3649905134855084,0,1
fixed_transform_step25,3553,2025-09-12,2025-09-22,-0.0050409160971932,2025,2025-06-30,learned_order_offset,20260911,0.4952163868348794,0.4952163868348794,0,0
fixed_transform_step25,3558,2025-09-19,2025-09-29,0.0095300784790881,2025,2025-06-30,learned_order_offset,20260911,0.3883896662447727,0.3883896662447727,0,1
fixed_transform_step25,3563,2025-09-26,2025-10-13,-0.0140855274279203,2025,2025-06-30,learned_order_offset,20260911,0.40149355301324446,0.40149355301324446,0,0
fixed_transform_step25,3503,2025-07-04,2025-07-14,0.0110426949002964,2025,2025-06-30,learned_market,20260912,0.42965376739762534,0.42965376739762534,0,1
fixed_transform_step25,3508,2025-07-11,2025-07-21,0.0120759671840067,2025,2025-06-30,learned_market,20260912,0.5174391923921632,0.5174391923921632,1,1
fixed_transform_step25,3513,2025-07-18,2025-07-28,0.0143570766898375,2025,2025-06-30,learned_market,20260912,0.6809545083219021,0.6809545083219021,1,1
fixed_transform_step25,3518,2025-07-25,2025-08-04,-0.0218642507630443,2025,2025-06-30,learned_market,20260912,0.4960672799941051,0.4960672799941051,0,0
fixed_transform_step25,3523,2025-08-01,2025-08-11,0.0179175520190988,2025,2025-06-30,learned_market,20260912,0.5416393257997324,0.5416393257997324,1,1
fixed_transform_step25,3528,2025-08-08,2025-08-18,0.026265786598999,2025,2025-06-30,learned_market,20260912,0.26286896423370815,0.26286896423370815,0,1
fixed_transform_step25,3533,2025-08-15,2025-08-25,0.0469483790671487,2025,2025-06-30,learned_market,20260912,0.4196846858766739,0.4196846858766739,0,1
fixed_transform_step25,3538,2025-08-22,2025-09-01,0.0227770368340847,2025,2025-06-30,learned_market,20260912,0.32795624035237797,0.32795624035237797,0,1
fixed_transform_step25,3543,2025-08-29,2025-09-08,-0.0110053842475337,2025,2025-06-30,learned_market,20260912,0.6460461620016881,0.6460461620016881,1,0
fixed_transform_step25,3548,2025-09-05,2025-09-15,0.0151594857594405,2025,2025-06-30,learned_market,20260912,0.3999488139117141,0.3999488139117141,0,1
fixed_transform_step25,3553,2025-09-12,2025-09-22,-0.0050409160971932,2025,2025-06-30,learned_market,20260912,0.6012482074171921,0.6012482074171921,1,0
fixed_transform_step25,3558,2025-09-19,2025-09-29,0.0095300784790881,2025,2025-06-30,learned_market,20260912,0.3401516908911398,0.3401516908911398,0,1
fixed_transform_step25,3563,2025-09-26,2025-10-13,-0.0140855274279203,2025,2025-06-30,learned_market,20260912,0.48762966578343603,0.48762966578343603,0,0
fixed_transform_step25,3503,2025-07-04,2025-07-14,0.0110426949002964,2025,2025-06-30,learned_vol_interaction,20260912,0.4289297463518183,0.4289297463518183,0,1
fixed_transform_step25,3508,2025-07-11,2025-07-21,0.0120759671840067,2025,2025-06-30,learned_vol_interaction,20260912,0.5223817616127,0.5223817616127,1,1
fixed_transform_step25,3513,2025-07-18,2025-07-28,0.0143570766898375,2025,2025-06-30,learned_vol_interaction,20260912,0.6900342248080085,0.6900342248080085,1,1
fixed_transform_step25,3518,2025-07-25,2025-08-04,-0.0218642507630443,2025,2025-06-30,learned_vol_interaction,20260912,0.5002213412700143,0.5002213412700143,1,0
fixed_transform_step25,3523,2025-08-01,2025-08-11,0.0179175520190988,2025,2025-06-30,learned_vol_interaction,20260912,0.547037516492075,0.547037516492075,1,1
fixed_transform_step25,3528,2025-08-08,2025-08-18,0.026265786598999,2025,2025-06-30,learned_vol_interaction,20260912,0.25667195203657867,0.25667195203657867,0,1
fixed_transform_step25,3533,2025-08-15,2025-08-25,0.0469483790671487,2025,2025-06-30,learned_vol_interaction,20260912,0.4198741665869324,0.4198741665869324,0,1
fixed_transform_step25,3538,2025-08-22,2025-09-01,0.0227770368340847,2025,2025-06-30,learned_vol_interaction,20260912,0.3245901306663755,0.3245901306663755,0,1
fixed_transform_step25,3543,2025-08-29,2025-09-08,-0.0110053842475337,2025,2025-06-30,learned_vol_interaction,20260912,0.6491496508784428,0.6491496508784428,1,0
fixed_transform_step25,3548,2025-09-05,2025-09-15,0.0151594857594405,2025,2025-06-30,learned_vol_interaction,20260912,0.39713606208417906,0.39713606208417906,0,1
fixed_transform_step25,3553,2025-09-12,2025-09-22,-0.0050409160971932,2025,2025-06-30,learned_vol_interaction,20260912,0.5969875548439396,0.5969875548439396,1,0
fixed_transform_step25,3558,2025-09-19,2025-09-29,0.0095300784790881,2025,2025-06-30,learned_vol_interaction,20260912,0.3391644693839862,0.3391644693839862,0,1
fixed_transform_step25,3563,2025-09-26,2025-10-13,-0.0140855274279203,2025,2025-06-30,learned_vol_interaction,20260912,0.48603255741051604,0.48603255741051604,0,0
fixed_transform_step25,3503,2025-07-04,2025-07-14,0.0110426949002964,2025,2025-06-30,learned_order_extension,20260912,0.4326089430455141,0.4326089430455141,0,1
fixed_transform_step25,3508,2025-07-11,2025-07-21,0.0120759671840067,2025,2025-06-30,learned_order_extension,20260912,0.529631225592846,0.529631225592846,1,1
fixed_transform_step25,3513,2025-07-18,2025-07-28,0.0143570766898375,2025,2025-06-30,learned_order_extension,20260912,0.6991632877118283,0.6991632877118283,1,1
fixed_transform_step25,3518,2025-07-25,2025-08-04,-0.0218642507630443,2025,2025-06-30,learned_order_extension,20260912,0.4562622031204582,0.4562622031204582,0,0
fixed_transform_step25,3523,2025-08-01,2025-08-11,0.0179175520190988,2025,2025-06-30,learned_order_extension,20260912,0.49504087711093564,0.49504087711093564,0,1
fixed_transform_step25,3528,2025-08-08,2025-08-18,0.026265786598999,2025,2025-06-30,learned_order_extension,20260912,0.26387366786413013,0.26387366786413013,0,1
fixed_transform_step25,3533,2025-08-15,2025-08-25,0.0469483790671487,2025,2025-06-30,learned_order_extension,20260912,0.41905866325788454,0.41905866325788454,0,1
fixed_transform_step25,3538,2025-08-22,2025-09-01,0.0227770368340847,2025,2025-06-30,learned_order_extension,20260912,0.30625608329544185,0.30625608329544185,0,1
fixed_transform_step25,3543,2025-08-29,2025-09-08,-0.0110053842475337,2025,2025-06-30,learned_order_extension,20260912,0.6620729595208916,0.6620729595208916,1,0
fixed_transform_step25,3548,2025-09-05,2025-09-15,0.0151594857594405,2025,2025-06-30,learned_order_extension,20260912,0.3985531401488875,0.3985531401488875,0,1
fixed_transform_step25,3553,2025-09-12,2025-09-22,-0.0050409160971932,2025,2025-06-30,learned_order_extension,20260912,0.5796096864277943,0.5796096864277943,1,0
fixed_transform_step25,3558,2025-09-19,2025-09-29,0.0095300784790881,2025,2025-06-30,learned_order_extension,20260912,0.31527489312234075,0.31527489312234075,0,1
fixed_transform_step25,3563,2025-09-26,2025-10-13,-0.0140855274279203,2025,2025-06-30,learned_order_extension,20260912,0.48266369548521665,0.48266369548521665,0,0
fixed_transform_step25,3503,2025-07-04,2025-07-14,0.0110426949002964,2025,2025-06-30,learned_order_offset,20260912,0.43201225515069885,0.43201225515069885,0,1
fixed_transform_step25,3508,2025-07-11,2025-07-21,0.0120759671840067,2025,2025-06-30,learned_order_offset,20260912,0.5279659173924497,0.5279659173924497,1,1
fixed_transform_step25,3513,2025-07-18,2025-07-28,0.0143570766898375,2025,2025-06-30,learned_order_offset,20260912,0.6926696442488748,0.6926696442488748,1,1
fixed_transform_step25,3518,2025-07-25,2025-08-04,-0.0218642507630443,2025,2025-06-30,learned_order_offset,20260912,0.4500075518704355,0.4500075518704355,0,0
fixed_transform_step25,3523,2025-08-01,2025-08-11,0.0179175520190988,2025,2025-06-30,learned_order_offset,20260912,0.4926329105062771,0.4926329105062771,0,1
fixed_transform_step25,3528,2025-08-08,2025-08-18,0.026265786598999,2025,2025-06-30,learned_order_offset,20260912,0.2624019903635961,0.2624019903635961,0,1
fixed_transform_step25,3533,2025-08-15,2025-08-25,0.0469483790671487,2025,2025-06-30,learned_order_offset,20260912,0.4170293255331984,0.4170293255331984,0,1
fixed_transform_step25,3538,2025-08-22,2025-09-01,0.0227770368340847,2025,2025-06-30,learned_order_offset,20260912,0.3067687972975955,0.3067687972975955,0,1
fixed_transform_step25,3543,2025-08-29,2025-09-08,-0.0110053842475337,2025,2025-06-30,learned_order_offset,20260912,0.657606675830689,0.657606675830689,1,0
fixed_transform_step25,3548,2025-09-05,2025-09-15,0.0151594857594405,2025,2025-06-30,learned_order_offset,20260912,0.39941159299270357,0.39941159299270357,0,1
fixed_transform_step25,3553,2025-09-12,2025-09-22,-0.0050409160971932,2025,2025-06-30,learned_order_offset,20260912,0.5798324124837466,0.5798324124837466,1,0
fixed_transform_step25,3558,2025-09-19,2025-09-29,0.0095300784790881,2025,2025-06-30,learned_order_offset,20260912,0.31814637311729005,0.31814637311729005,0,1
fixed_transform_step25,3563,2025-09-26,2025-10-13,-0.0140855274279203,2025,2025-06-30,learned_order_offset,20260912,0.484840327537351,0.484840327537351,0,0
fixed_transform_step25,3567,2025-10-10,2025-10-20,0.015001547584321,2025,2025-09-30,learned_market,20260910,0.45948145322235795,0.45948145322235795,0,1
fixed_transform_step25,3572,2025-10-17,2025-10-27,0.0309637052897611,2025,2025-09-30,learned_market,20260910,0.44388621269558337,0.44388621269558337,0,1
fixed_transform_step25,3577,2025-10-24,2025-11-03,-0.013331545863497,2025,2025-09-30,learned_market,20260910,0.4578735433883674,0.4578735433883674,0,0
fixed_transform_step25,3582,2025-10-31,2025-11-10,0.0110832418536339,2025,2025-09-30,learned_market,20260910,0.4624153044614807,0.4624153044614807,0,1
fixed_transform_step25,3587,2025-11-07,2025-11-17,-0.0152107881197579,2025,2025-09-30,learned_market,20260910,0.46334112363785446,0.46334112363785446,0,0
fixed_transform_step25,3592,2025-11-14,2025-11-24,-0.031114557454173,2025,2025-09-30,learned_market,20260910,0.4264960316932179,0.4264960316932179,0,0
fixed_transform_step25,3597,2025-11-21,2025-12-01,0.0147613767448515,2025,2025-09-30,learned_market,20260910,0.3919004334243612,0.3919004334243612,0,1
fixed_transform_step25,3602,2025-11-28,2025-12-08,0.0118853804313106,2025,2025-09-30,learned_market,20260910,0.3908091429896154,0.3908091429896154,0,1
fixed_transform_step25,3607,2025-12-05,2025-12-15,-0.0093922675990717,2025,2025-09-30,learned_market,20260910,0.3963869452801445,0.3963869452801445,0,0
fixed_transform_step25,3612,2025-12-12,2025-12-22,0.0082791208791208,2025,2025-09-30,learned_market,20260910,0.41410877184014633,0.41410877184014633,0,1
fixed_transform_step25,3617,2025-12-19,2025-12-29,0.0153890755001995,2025,2025-09-30,learned_market,20260910,0.5917524177181375,0.5917524177181375,1,1
fixed_transform_step25,3622,2025-12-26,2026-01-12,0.0239101640737868,2025,2025-09-30,learned_market,20260910,0.33408806965447735,0.33408806965447735,0,1
fixed_transform_step25,3567,2025-10-10,2025-10-20,0.015001547584321,2025,2025-09-30,learned_vol_interaction,20260910,0.4574454953445457,0.4574454953445457,0,1
fixed_transform_step25,3572,2025-10-17,2025-10-27,0.0309637052897611,2025,2025-09-30,learned_vol_interaction,20260910,0.43712983789832005,0.43712983789832005,0,1
fixed_transform_step25,3577,2025-10-24,2025-11-03,-0.013331545863497,2025,2025-09-30,learned_vol_interaction,20260910,0.45466633503407633,0.45466633503407633,0,0
fixed_transform_step25,3582,2025-10-31,2025-11-10,0.0110832418536339,2025,2025-09-30,learned_vol_interaction,20260910,0.47451082555068264,0.47451082555068264,0,1
fixed_transform_step25,3587,2025-11-07,2025-11-17,-0.0152107881197579,2025,2025-09-30,learned_vol_interaction,20260910,0.4543282855590191,0.4543282855590191,0,0
fixed_transform_step25,3592,2025-11-14,2025-11-24,-0.031114557454173,2025,2025-09-30,learned_vol_interaction,20260910,0.425799114484983,0.425799114484983,0,0
fixed_transform_step25,3597,2025-11-21,2025-12-01,0.0147613767448515,2025,2025-09-30,learned_vol_interaction,20260910,0.3990584714893261,0.3990584714893261,0,1
fixed_transform_step25,3602,2025-11-28,2025-12-08,0.0118853804313106,2025,2025-09-30,learned_vol_interaction,20260910,0.37393591077414456,0.37393591077414456,0,1
fixed_transform_step25,3607,2025-12-05,2025-12-15,-0.0093922675990717,2025,2025-09-30,learned_vol_interaction,20260910,0.39940709579884315,0.39940709579884315,0,0
fixed_transform_step25,3612,2025-12-12,2025-12-22,0.0082791208791208,2025,2025-09-30,learned_vol_interaction,20260910,0.4150379008604616,0.4150379008604616,0,1
fixed_transform_step25,3617,2025-12-19,2025-12-29,0.0153890755001995,2025,2025-09-30,learned_vol_interaction,20260910,0.6065787996015849,0.6065787996015849,1,1
fixed_transform_step25,3622,2025-12-26,2026-01-12,0.0239101640737868,2025,2025-09-30,learned_vol_interaction,20260910,0.3185439458529234,0.3185439458529234,0,1
fixed_transform_step25,3567,2025-10-10,2025-10-20,0.015001547584321,2025,2025-09-30,learned_order_extension,20260910,0.4504132901768049,0.4504132901768049,0,1
fixed_transform_step25,3572,2025-10-17,2025-10-27,0.0309637052897611,2025,2025-09-30,learned_order_extension,20260910,0.4318676539345622,0.4318676539345622,0,1
fixed_transform_step25,3577,2025-10-24,2025-11-03,-0.013331545863497,2025,2025-09-30,learned_order_extension,20260910,0.44411216689723254,0.44411216689723254,0,0
fixed_transform_step25,3582,2025-10-31,2025-11-10,0.0110832418536339,2025,2025-09-30,learned_order_extension,20260910,0.45421617943894554,0.45421617943894554,0,1
fixed_transform_step25,3587,2025-11-07,2025-11-17,-0.0152107881197579,2025,2025-09-30,learned_order_extension,20260910,0.42257575526215035,0.42257575526215035,0,0
fixed_transform_step25,3592,2025-11-14,2025-11-24,-0.031114557454173,2025,2025-09-30,learned_order_extension,20260910,0.39323223278281433,0.39323223278281433,0,0
fixed_transform_step25,3597,2025-11-21,2025-12-01,0.0147613767448515,2025,2025-09-30,learned_order_extension,20260910,0.37276594046674344,0.37276594046674344,0,1
fixed_transform_step25,3602,2025-11-28,2025-12-08,0.0118853804313106,2025,2025-09-30,learned_order_extension,20260910,0.3287816323261014,0.3287816323261014,0,1
fixed_transform_step25,3607,2025-12-05,2025-12-15,-0.0093922675990717,2025,2025-09-30,learned_order_extension,20260910,0.3627140243560935,0.3627140243560935,0,0
fixed_transform_step25,3612,2025-12-12,2025-12-22,0.0082791208791208,2025,2025-09-30,learned_order_extension,20260910,0.40916577427746514,0.40916577427746514,0,1
fixed_transform_step25,3617,2025-12-19,2025-12-29,0.0153890755001995,2025,2025-09-30,learned_order_extension,20260910,0.6631857674509504,0.6631857674509504,1,1
fixed_transform_step25,3622,2025-12-26,2026-01-12,0.0239101640737868,2025,2025-09-30,learned_order_extension,20260910,0.3143598919022799,0.3143598919022799,0,1
fixed_transform_step25,3567,2025-10-10,2025-10-20,0.015001547584321,2025,2025-09-30,learned_order_offset,20260910,0.4492707074504131,0.4492707074504131,0,1
fixed_transform_step25,3572,2025-10-17,2025-10-27,0.0309637052897611,2025,2025-09-30,learned_order_offset,20260910,0.4306106225605674,0.4306106225605674,0,1
fixed_transform_step25,3577,2025-10-24,2025-11-03,-0.013331545863497,2025,2025-09-30,learned_order_offset,20260910,0.44326582023780675,0.44326582023780675,0,0
fixed_transform_step25,3582,2025-10-31,2025-11-10,0.0110832418536339,2025,2025-09-30,learned_order_offset,20260910,0.45316829689883814,0.45316829689883814,0,1
fixed_transform_step25,3587,2025-11-07,2025-11-17,-0.0152107881197579,2025,2025-09-30,learned_order_offset,20260910,0.42209034506827037,0.42209034506827037,0,0
fixed_transform_step25,3592,2025-11-14,2025-11-24,-0.031114557454173,2025,2025-09-30,learned_order_offset,20260910,0.3932579371818237,0.3932579371818237,0,0
fixed_transform_step25,3597,2025-11-21,2025-12-01,0.0147613767448515,2025,2025-09-30,learned_order_offset,20260910,0.3729657759991053,0.3729657759991053,0,1
fixed_transform_step25,3602,2025-11-28,2025-12-08,0.0118853804313106,2025,2025-09-30,learned_order_offset,20260910,0.3292393076478912,0.3292393076478912,0,1
fixed_transform_step25,3607,2025-12-05,2025-12-15,-0.0093922675990717,2025,2025-09-30,learned_order_offset,20260910,0.36261212112382685,0.36261212112382685,0,0
fixed_transform_step25,3612,2025-12-12,2025-12-22,0.0082791208791208,2025,2025-09-30,learned_order_offset,20260910,0.40867485366202605,0.40867485366202605,0,1
fixed_transform_step25,3617,2025-12-19,2025-12-29,0.0153890755001995,2025,2025-09-30,learned_order_offset,20260910,0.6626442724899644,0.6626442724899644,1,1
fixed_transform_step25,3622,2025-12-26,2026-01-12,0.0239101640737868,2025,2025-09-30,learned_order_offset,20260910,0.3154008568351616,0.3154008568351616,0,1
fixed_transform_step25,3567,2025-10-10,2025-10-20,0.015001547584321,2025,2025-09-30,learned_market,20260911,0.3992305833156213,0.3992305833156213,0,1
fixed_transform_step25,3572,2025-10-17,2025-10-27,0.0309637052897611,2025,2025-09-30,learned_market,20260911,0.41552471141253816,0.41552471141253816,0,1
fixed_transform_step25,3577,2025-10-24,2025-11-03,-0.013331545863497,2025,2025-09-30,learned_market,20260911,0.487289687761652,0.487289687761652,0,0
fixed_transform_step25,3582,2025-10-31,2025-11-10,0.0110832418536339,2025,2025-09-30,learned_market,20260911,0.46508613453449743,0.46508613453449743,0,1
fixed_transform_step25,3587,2025-11-07,2025-11-17,-0.0152107881197579,2025,2025-09-30,learned_market,20260911,0.44460684007403783,0.44460684007403783,0,0
fixed_transform_step25,3592,2025-11-14,2025-11-24,-0.031114557454173,2025,2025-09-30,learned_market,20260911,0.36395181204889476,0.36395181204889476,0,0
fixed_transform_step25,3597,2025-11-21,2025-12-01,0.0147613767448515,2025,2025-09-30,learned_market,20260911,0.4197074820776385,0.4197074820776385,0,1
fixed_transform_step25,3602,2025-11-28,2025-12-08,0.0118853804313106,2025,2025-09-30,learned_market,20260911,0.42843909846303807,0.42843909846303807,0,1
fixed_transform_step25,3607,2025-12-05,2025-12-15,-0.0093922675990717,2025,2025-09-30,learned_market,20260911,0.4628280855737617,0.4628280855737617,0,0
fixed_transform_step25,3612,2025-12-12,2025-12-22,0.0082791208791208,2025,2025-09-30,learned_market,20260911,0.4602297648433828,0.4602297648433828,0,1
fixed_transform_step25,3617,2025-12-19,2025-12-29,0.0153890755001995,2025,2025-09-30,learned_market,20260911,0.5416833707537644,0.5416833707537644,1,1
fixed_transform_step25,3622,2025-12-26,2026-01-12,0.0239101640737868,2025,2025-09-30,learned_market,20260911,0.5325555524626853,0.5325555524626853,1,1
fixed_transform_step25,3567,2025-10-10,2025-10-20,0.015001547584321,2025,2025-09-30,learned_vol_interaction,20260911,0.39556777484828337,0.39556777484828337,0,1
fixed_transform_step25,3572,2025-10-17,2025-10-27,0.0309637052897611,2025,2025-09-30,learned_vol_interaction,20260911,0.4121829619064848,0.4121829619064848,0,1
fixed_transform_step25,3577,2025-10-24,2025-11-03,-0.013331545863497,2025,2025-09-30,learned_vol_interaction,20260911,0.48188371934027774,0.48188371934027774,0,0
fixed_transform_step25,3582,2025-10-31,2025-11-10,0.0110832418536339,2025,2025-09-30,learned_vol_interaction,20260911,0.46145903142267736,0.46145903142267736,0,1
fixed_transform_step25,3587,2025-11-07,2025-11-17,-0.0152107881197579,2025,2025-09-30,learned_vol_interaction,20260911,0.4391244702343129,0.4391244702343129,0,0
fixed_transform_step25,3592,2025-11-14,2025-11-24,-0.031114557454173,2025,2025-09-30,learned_vol_interaction,20260911,0.36182746909961705,0.36182746909961705,0,0
fixed_transform_step25,3597,2025-11-21,2025-12-01,0.0147613767448515,2025,2025-09-30,learned_vol_interaction,20260911,0.41700120609120384,0.41700120609120384,0,1
fixed_transform_step25,3602,2025-11-28,2025-12-08,0.0118853804313106,2025,2025-09-30,learned_vol_interaction,20260911,0.42755758785652453,0.42755758785652453,0,1
fixed_transform_step25,3607,2025-12-05,2025-12-15,-0.0093922675990717,2025,2025-09-30,learned_vol_interaction,20260911,0.4627701440825976,0.4627701440825976,0,0
fixed_transform_step25,3612,2025-12-12,2025-12-22,0.0082791208791208,2025,2025-09-30,learned_vol_interaction,20260911,0.46215523067562986,0.46215523067562986,0,1
fixed_transform_step25,3617,2025-12-19,2025-12-29,0.0153890755001995,2025,2025-09-30,learned_vol_interaction,20260911,0.5547745088239682,0.5547745088239682,1,1
fixed_transform_step25,3622,2025-12-26,2026-01-12,0.0239101640737868,2025,2025-09-30,learned_vol_interaction,20260911,0.5411284063607664,0.5411284063607664,1,1
fixed_transform_step25,3567,2025-10-10,2025-10-20,0.015001547584321,2025,2025-09-30,learned_order_extension,20260911,0.4003340631316117,0.4003340631316117,0,1
fixed_transform_step25,3572,2025-10-17,2025-10-27,0.0309637052897611,2025,2025-09-30,learned_order_extension,20260911,0.41377578544449867,0.41377578544449867,0,1
fixed_transform_step25,3577,2025-10-24,2025-11-03,-0.013331545863497,2025,2025-09-30,learned_order_extension,20260911,0.4859030019026809,0.4859030019026809,0,0
fixed_transform_step25,3582,2025-10-31,2025-11-10,0.0110832418536339,2025,2025-09-30,learned_order_extension,20260911,0.4664329561673612,0.4664329561673612,0,1
fixed_transform_step25,3587,2025-11-07,2025-11-17,-0.0152107881197579,2025,2025-09-30,learned_order_extension,20260911,0.4455194279405945,0.4455194279405945,0,0
fixed_transform_step25,3592,2025-11-14,2025-11-24,-0.031114557454173,2025,2025-09-30,learned_order_extension,20260911,0.3718873926644973,0.3718873926644973,0,0
fixed_transform_step25,3597,2025-11-21,2025-12-01,0.0147613767448515,2025,2025-09-30,learned_order_extension,20260911,0.41697355436855277,0.41697355436855277,0,1
fixed_transform_step25,3602,2025-11-28,2025-12-08,0.0118853804313106,2025,2025-09-30,learned_order_extension,20260911,0.42375282820325366,0.42375282820325366,0,1
fixed_transform_step25,3607,2025-12-05,2025-12-15,-0.0093922675990717,2025,2025-09-30,learned_order_extension,20260911,0.45701515276241367,0.45701515276241367,0,0
fixed_transform_step25,3612,2025-12-12,2025-12-22,0.0082791208791208,2025,2025-09-30,learned_order_extension,20260911,0.45396554315039894,0.45396554315039894,0,1
fixed_transform_step25,3617,2025-12-19,2025-12-29,0.0153890755001995,2025,2025-09-30,learned_order_extension,20260911,0.5419267225076758,0.5419267225076758,1,1
fixed_transform_step25,3622,2025-12-26,2026-01-12,0.0239101640737868,2025,2025-09-30,learned_order_extension,20260911,0.5375742198865707,0.5375742198865707,1,1
fixed_transform_step25,3567,2025-10-10,2025-10-20,0.015001547584321,2025,2025-09-30,learned_order_offset,20260911,0.4016875976394061,0.4016875976394061,0,1
fixed_transform_step25,3572,2025-10-17,2025-10-27,0.0309637052897611,2025,2025-09-30,learned_order_offset,20260911,0.4148682154412611,0.4148682154412611,0,1
fixed_transform_step25,3577,2025-10-24,2025-11-03,-0.013331545863497,2025,2025-09-30,learned_order_offset,20260911,0.4869575574842268,0.4869575574842268,0,0
fixed_transform_step25,3582,2025-10-31,2025-11-10,0.0110832418536339,2025,2025-09-30,learned_order_offset,20260911,0.4671887765726996,0.4671887765726996,0,1
fixed_transform_step25,3587,2025-11-07,2025-11-17,-0.0152107881197579,2025,2025-09-30,learned_order_offset,20260911,0.4463261231371883,0.4463261231371883,0,0
fixed_transform_step25,3592,2025-11-14,2025-11-24,-0.031114557454173,2025,2025-09-30,learned_order_offset,20260911,0.3724395456323716,0.3724395456323716,0,0
fixed_transform_step25,3597,2025-11-21,2025-12-01,0.0147613767448515,2025,2025-09-30,learned_order_offset,20260911,0.4167126376822833,0.4167126376822833,0,1
fixed_transform_step25,3602,2025-11-28,2025-12-08,0.0118853804313106,2025,2025-09-30,learned_order_offset,20260911,0.423600675597356,0.423600675597356,0,1
fixed_transform_step25,3607,2025-12-05,2025-12-15,-0.0093922675990717,2025,2025-09-30,learned_order_offset,20260911,0.45685717928324615,0.45685717928324615,0,0
fixed_transform_step25,3612,2025-12-12,2025-12-22,0.0082791208791208,2025,2025-09-30,learned_order_offset,20260911,0.45346577194162024,0.45346577194162024,0,1
fixed_transform_step25,3617,2025-12-19,2025-12-29,0.0153890755001995,2025,2025-09-30,learned_order_offset,20260911,0.5423862416549387,0.5423862416549387,1,1
fixed_transform_step25,3622,2025-12-26,2026-01-12,0.0239101640737868,2025,2025-09-30,learned_order_offset,20260911,0.5368957578306093,0.5368957578306093,1,1
fixed_transform_step25,3567,2025-10-10,2025-10-20,0.015001547584321,2025,2025-09-30,learned_market,20260912,0.398018464031312,0.398018464031312,0,1
fixed_transform_step25,3572,2025-10-17,2025-10-27,0.0309637052897611,2025,2025-09-30,learned_market,20260912,0.32827070263882985,0.32827070263882985,0,1
fixed_transform_step25,3577,2025-10-24,2025-11-03,-0.013331545863497,2025,2025-09-30,learned_market,20260912,0.4306741547342323,0.4306741547342323,0,0
fixed_transform_step25,3582,2025-10-31,2025-11-10,0.0110832418536339,2025,2025-09-30,learned_market,20260912,0.40223614938343694,0.40223614938343694,0,1
fixed_transform_step25,3587,2025-11-07,2025-11-17,-0.0152107881197579,2025,2025-09-30,learned_market,20260912,0.6628749579619808,0.6628749579619808,1,0
fixed_transform_step25,3592,2025-11-14,2025-11-24,-0.031114557454173,2025,2025-09-30,learned_market,20260912,0.35824061551406533,0.35824061551406533,0,0
fixed_transform_step25,3597,2025-11-21,2025-12-01,0.0147613767448515,2025,2025-09-30,learned_market,20260912,0.4849064645219039,0.4849064645219039,0,1
fixed_transform_step25,3602,2025-11-28,2025-12-08,0.0118853804313106,2025,2025-09-30,learned_market,20260912,0.41728562205893827,0.41728562205893827,0,1
fixed_transform_step25,3607,2025-12-05,2025-12-15,-0.0093922675990717,2025,2025-09-30,learned_market,20260912,0.4144896569146374,0.4144896569146374,0,0
fixed_transform_step25,3612,2025-12-12,2025-12-22,0.0082791208791208,2025,2025-09-30,learned_market,20260912,0.6144638721430977,0.6144638721430977,1,1
fixed_transform_step25,3617,2025-12-19,2025-12-29,0.0153890755001995,2025,2025-09-30,learned_market,20260912,0.6150115734021051,0.6150115734021051,1,1
fixed_transform_step25,3622,2025-12-26,2026-01-12,0.0239101640737868,2025,2025-09-30,learned_market,20260912,0.5369393858799842,0.5369393858799842,1,1
fixed_transform_step25,3567,2025-10-10,2025-10-20,0.015001547584321,2025,2025-09-30,learned_vol_interaction,20260912,0.3955461395006781,0.3955461395006781,0,1
fixed_transform_step25,3572,2025-10-17,2025-10-27,0.0309637052897611,2025,2025-09-30,learned_vol_interaction,20260912,0.3264271316677683,0.3264271316677683,0,1
fixed_transform_step25,3577,2025-10-24,2025-11-03,-0.013331545863497,2025,2025-09-30,learned_vol_interaction,20260912,0.42881890172602216,0.42881890172602216,0,0
fixed_transform_step25,3582,2025-10-31,2025-11-10,0.0110832418536339,2025,2025-09-30,learned_vol_interaction,20260912,0.4003656074497086,0.4003656074497086,0,1
fixed_transform_step25,3587,2025-11-07,2025-11-17,-0.0152107881197579,2025,2025-09-30,learned_vol_interaction,20260912,0.6612299318969941,0.6612299318969941,1,0
fixed_transform_step25,3592,2025-11-14,2025-11-24,-0.031114557454173,2025,2025-09-30,learned_vol_interaction,20260912,0.3549142654885761,0.3549142654885761,0,0
fixed_transform_step25,3597,2025-11-21,2025-12-01,0.0147613767448515,2025,2025-09-30,learned_vol_interaction,20260912,0.4841474591960813,0.4841474591960813,0,1
fixed_transform_step25,3602,2025-11-28,2025-12-08,0.0118853804313106,2025,2025-09-30,learned_vol_interaction,20260912,0.41768736790906413,0.41768736790906413,0,1
fixed_transform_step25,3607,2025-12-05,2025-12-15,-0.0093922675990717,2025,2025-09-30,learned_vol_interaction,20260912,0.4140835919331485,0.4140835919331485,0,0
fixed_transform_step25,3612,2025-12-12,2025-12-22,0.0082791208791208,2025,2025-09-30,learned_vol_interaction,20260912,0.6186580602547258,0.6186580602547258,1,1
fixed_transform_step25,3617,2025-12-19,2025-12-29,0.0153890755001995,2025,2025-09-30,learned_vol_interaction,20260912,0.6204999269832869,0.6204999269832869,1,1
fixed_transform_step25,3622,2025-12-26,2026-01-12,0.0239101640737868,2025,2025-09-30,learned_vol_interaction,20260912,0.5382399742039304,0.5382399742039304,1,1
fixed_transform_step25,3567,2025-10-10,2025-10-20,0.015001547584321,2025,2025-09-30,learned_order_extension,20260912,0.37319734461533516,0.37319734461533516,0,1
fixed_transform_step25,3572,2025-10-17,2025-10-27,0.0309637052897611,2025,2025-09-30,learned_order_extension,20260912,0.324908468679079,0.324908468679079,0,1
fixed_transform_step25,3577,2025-10-24,2025-11-03,-0.013331545863497,2025,2025-09-30,learned_order_extension,20260912,0.418833363379349,0.418833363379349,0,0
fixed_transform_step25,3582,2025-10-31,2025-11-10,0.0110832418536339,2025,2025-09-30,learned_order_extension,20260912,0.3750173110256278,0.3750173110256278,0,1
fixed_transform_step25,3587,2025-11-07,2025-11-17,-0.0152107881197579,2025,2025-09-30,learned_order_extension,20260912,0.717135884783669,0.717135884783669,1,0
fixed_transform_step25,3592,2025-11-14,2025-11-24,-0.031114557454173,2025,2025-09-30,learned_order_extension,20260912,0.3193670564979794,0.3193670564979794,0,0
fixed_transform_step25,3597,2025-11-21,2025-12-01,0.0147613767448515,2025,2025-09-30,learned_order_extension,20260912,0.5155372031839255,0.5155372031839255,1,1
fixed_transform_step25,3602,2025-11-28,2025-12-08,0.0118853804313106,2025,2025-09-30,learned_order_extension,20260912,0.4274362906624516,0.4274362906624516,0,1
fixed_transform_step25,3607,2025-12-05,2025-12-15,-0.0093922675990717,2025,2025-09-30,learned_order_extension,20260912,0.42688735358221,0.42688735358221,0,0
fixed_transform_step25,3612,2025-12-12,2025-12-22,0.0082791208791208,2025,2025-09-30,learned_order_extension,20260912,0.6827708712293188,0.6827708712293188,1,1
fixed_transform_step25,3617,2025-12-19,2025-12-29,0.0153890755001995,2025,2025-09-30,learned_order_extension,20260912,0.6887777462006804,0.6887777462006804,1,1
fixed_transform_step25,3622,2025-12-26,2026-01-12,0.0239101640737868,2025,2025-09-30,learned_order_extension,20260912,0.5598184775122605,0.5598184775122605,1,1
fixed_transform_step25,3567,2025-10-10,2025-10-20,0.015001547584321,2025,2025-09-30,learned_order_offset,20260912,0.3721859991010042,0.3721859991010042,0,1
fixed_transform_step25,3572,2025-10-17,2025-10-27,0.0309637052897611,2025,2025-09-30,learned_order_offset,20260912,0.3262314766570452,0.3262314766570452,0,1
fixed_transform_step25,3577,2025-10-24,2025-11-03,-0.013331545863497,2025,2025-09-30,learned_order_offset,20260912,0.41861154375299947,0.41861154375299947,0,0
fixed_transform_step25,3582,2025-10-31,2025-11-10,0.0110832418536339,2025,2025-09-30,learned_order_offset,20260912,0.3753213048808685,0.3753213048808685,0,1
fixed_transform_step25,3587,2025-11-07,2025-11-17,-0.0152107881197579,2025,2025-09-30,learned_order_offset,20260912,0.7146004137359866,0.7146004137359866,1,0
fixed_transform_step25,3592,2025-11-14,2025-11-24,-0.031114557454173,2025,2025-09-30,learned_order_offset,20260912,0.3205492453083777,0.3205492453083777,0,0
fixed_transform_step25,3597,2025-11-21,2025-12-01,0.0147613767448515,2025,2025-09-30,learned_order_offset,20260912,0.5182938240559337,0.5182938240559337,1,1
fixed_transform_step25,3602,2025-11-28,2025-12-08,0.0118853804313106,2025,2025-09-30,learned_order_offset,20260912,0.4293964117325595,0.4293964117325595,0,1
fixed_transform_step25,3607,2025-12-05,2025-12-15,-0.0093922675990717,2025,2025-09-30,learned_order_offset,20260912,0.42822284627602375,0.42822284627602375,0,0
fixed_transform_step25,3612,2025-12-12,2025-12-22,0.0082791208791208,2025,2025-09-30,learned_order_offset,20260912,0.682827583541916,0.682827583541916,1,1
fixed_transform_step25,3617,2025-12-19,2025-12-29,0.0153890755001995,2025,2025-09-30,learned_order_offset,20260912,0.6872179726027084,0.6872179726027084,1,1
fixed_transform_step25,3622,2025-12-26,2026-01-12,0.0239101640737868,2025,2025-09-30,learned_order_offset,20260912,0.5623064679509292,0.5623064679509292,1,1
fixed_transform_step25,3630,2026-01-09,2026-01-19,-0.0103697336282536,2026,2025-12-31,learned_market,20260910,0.5209270458842004,0.5209270458842004,1,0
fixed_transform_step25,3635,2026-01-16,2026-01-26,-0.0010190267764643,2026,2025-12-31,learned_market,20260910,0.5197139065453521,0.5197139065453521,1,0
fixed_transform_step25,3640,2026-01-23,2026-02-02,-0.0087161586128796,2026,2025-12-31,learned_market,20260910,0.2755814653004309,0.2755814653004309,0,0
fixed_transform_step25,3645,2026-01-30,2026-02-09,0.0041482324550519,2026,2025-12-31,learned_market,20260910,0.41561123934774186,0.41561123934774186,0,1
fixed_transform_step25,3650,2026-02-06,2026-02-24,0.0071649689901505,2026,2025-12-31,learned_market,20260910,0.5571228245636697,0.5571228245636697,1,1
fixed_transform_step25,3655,2026-02-13,2026-03-02,-0.0097920588919678,2026,2025-12-31,learned_market,20260910,0.4304939364707622,0.4304939364707622,0,0
fixed_transform_step25,3659,2026-02-27,2026-03-09,-0.0172526869201304,2026,2025-12-31,learned_market,20260910,0.5160143853208942,0.5160143853208942,1,0
fixed_transform_step25,3664,2026-03-06,2026-03-16,0.0149926634422041,2026,2025-12-31,learned_market,20260910,0.4236869357819852,0.4236869357819852,0,1
fixed_transform_step25,3669,2026-03-13,2026-03-23,-0.0364343509194254,2026,2025-12-31,learned_market,20260910,0.40086366037455606,0.40086366037455606,0,0
fixed_transform_step25,3674,2026-03-20,2026-03-30,-0.0083038829988221,2026,2025-12-31,learned_market,20260910,0.43855196230093557,0.43855196230093557,0,0
fixed_transform_step25,3679,2026-03-27,2026-04-07,-0.0035591495694504,2026,2025-12-31,learned_market,20260910,0.5651756750942187,0.5651756750942187,1,0
fixed_transform_step25,3630,2026-01-09,2026-01-19,-0.0103697336282536,2026,2025-12-31,learned_vol_interaction,20260910,0.5249822005515526,0.5249822005515526,1,0
fixed_transform_step25,3635,2026-01-16,2026-01-26,-0.0010190267764643,2026,2025-12-31,learned_vol_interaction,20260910,0.5217999415123397,0.5217999415123397,1,0
fixed_transform_step25,3640,2026-01-23,2026-02-02,-0.0087161586128796,2026,2025-12-31,learned_vol_interaction,20260910,0.2703686171181188,0.2703686171181188,0,0
fixed_transform_step25,3645,2026-01-30,2026-02-09,0.0041482324550519,2026,2025-12-31,learned_vol_interaction,20260910,0.4125281641526105,0.4125281641526105,0,1
fixed_transform_step25,3650,2026-02-06,2026-02-24,0.0071649689901505,2026,2025-12-31,learned_vol_interaction,20260910,0.5560675092745206,0.5560675092745206,1,1
fixed_transform_step25,3655,2026-02-13,2026-03-02,-0.0097920588919678,2026,2025-12-31,learned_vol_interaction,20260910,0.4244643603856174,0.4244643603856174,0,0
fixed_transform_step25,3659,2026-02-27,2026-03-09,-0.0172526869201304,2026,2025-12-31,learned_vol_interaction,20260910,0.5169468531475478,0.5169468531475478,1,0
fixed_transform_step25,3664,2026-03-06,2026-03-16,0.0149926634422041,2026,2025-12-31,learned_vol_interaction,20260910,0.42392001130005047,0.42392001130005047,0,1
fixed_transform_step25,3669,2026-03-13,2026-03-23,-0.0364343509194254,2026,2025-12-31,learned_vol_interaction,20260910,0.3996582436829412,0.3996582436829412,0,0
fixed_transform_step25,3674,2026-03-20,2026-03-30,-0.0083038829988221,2026,2025-12-31,learned_vol_interaction,20260910,0.4401239045442557,0.4401239045442557,0,0
fixed_transform_step25,3679,2026-03-27,2026-04-07,-0.0035591495694504,2026,2025-12-31,learned_vol_interaction,20260910,0.5634266232389387,0.5634266232389387,1,0
fixed_transform_step25,3630,2026-01-09,2026-01-19,-0.0103697336282536,2026,2025-12-31,learned_order_extension,20260910,0.5118603699776423,0.5118603699776423,1,0
fixed_transform_step25,3635,2026-01-16,2026-01-26,-0.0010190267764643,2026,2025-12-31,learned_order_extension,20260910,0.5121161981098539,0.5121161981098539,1,0
fixed_transform_step25,3640,2026-01-23,2026-02-02,-0.0087161586128796,2026,2025-12-31,learned_order_extension,20260910,0.2938325386236829,0.2938325386236829,0,0
fixed_transform_step25,3645,2026-01-30,2026-02-09,0.0041482324550519,2026,2025-12-31,learned_order_extension,20260910,0.43621861720931454,0.43621861720931454,0,1
fixed_transform_step25,3650,2026-02-06,2026-02-24,0.0071649689901505,2026,2025-12-31,learned_order_extension,20260910,0.5517322930511716,0.5517322930511716,1,1
fixed_transform_step25,3655,2026-02-13,2026-03-02,-0.0097920588919678,2026,2025-12-31,learned_order_extension,20260910,0.4214021419664105,0.4214021419664105,0,0
fixed_transform_step25,3659,2026-02-27,2026-03-09,-0.0172526869201304,2026,2025-12-31,learned_order_extension,20260910,0.5148692090014166,0.5148692090014166,1,0
fixed_transform_step25,3664,2026-03-06,2026-03-16,0.0149926634422041,2026,2025-12-31,learned_order_extension,20260910,0.43198850893548346,0.43198850893548346,0,1
fixed_transform_step25,3669,2026-03-13,2026-03-23,-0.0364343509194254,2026,2025-12-31,learned_order_extension,20260910,0.42629911883001154,0.42629911883001154,0,0
fixed_transform_step25,3674,2026-03-20,2026-03-30,-0.0083038829988221,2026,2025-12-31,learned_order_extension,20260910,0.4749564207401761,0.4749564207401761,0,0
fixed_transform_step25,3679,2026-03-27,2026-04-07,-0.0035591495694504,2026,2025-12-31,learned_order_extension,20260910,0.5307522668879032,0.5307522668879032,1,0
fixed_transform_step25,3630,2026-01-09,2026-01-19,-0.0103697336282536,2026,2025-12-31,learned_order_offset,20260910,0.5108025931769093,0.5108025931769093,1,0
fixed_transform_step25,3635,2026-01-16,2026-01-26,-0.0010190267764643,2026,2025-12-31,learned_order_offset,20260910,0.5113982623384066,0.5113982623384066,1,0
fixed_transform_step25,3640,2026-01-23,2026-02-02,-0.0087161586128796,2026,2025-12-31,learned_order_offset,20260910,0.2944555803643879,0.2944555803643879,0,0
fixed_transform_step25,3645,2026-01-30,2026-02-09,0.0041482324550519,2026,2025-12-31,learned_order_offset,20260910,0.43663121014690576,0.43663121014690576,0,1
fixed_transform_step25,3650,2026-02-06,2026-02-24,0.0071649689901505,2026,2025-12-31,learned_order_offset,20260910,0.5521384139661094,0.5521384139661094,1,1
fixed_transform_step25,3655,2026-02-13,2026-03-02,-0.0097920588919678,2026,2025-12-31,learned_order_offset,20260910,0.42280069136931375,0.42280069136931375,0,0
fixed_transform_step25,3659,2026-02-27,2026-03-09,-0.0172526869201304,2026,2025-12-31,learned_order_offset,20260910,0.5153156845902671,0.5153156845902671,1,0
fixed_transform_step25,3664,2026-03-06,2026-03-16,0.0149926634422041,2026,2025-12-31,learned_order_offset,20260910,0.43177972341367155,0.43177972341367155,0,1
fixed_transform_step25,3669,2026-03-13,2026-03-23,-0.0364343509194254,2026,2025-12-31,learned_order_offset,20260910,0.4256062271162684,0.4256062271162684,0,0
fixed_transform_step25,3674,2026-03-20,2026-03-30,-0.0083038829988221,2026,2025-12-31,learned_order_offset,20260910,0.47357009046646403,0.47357009046646403,0,0
fixed_transform_step25,3679,2026-03-27,2026-04-07,-0.0035591495694504,2026,2025-12-31,learned_order_offset,20260910,0.5299745221118999,0.5299745221118999,1,0
fixed_transform_step25,3630,2026-01-09,2026-01-19,-0.0103697336282536,2026,2025-12-31,learned_market,20260911,0.5413510609744506,0.5413510609744506,1,0
fixed_transform_step25,3635,2026-01-16,2026-01-26,-0.0010190267764643,2026,2025-12-31,learned_market,20260911,0.5314359715780813,0.5314359715780813,1,0
fixed_transform_step25,3640,2026-01-23,2026-02-02,-0.0087161586128796,2026,2025-12-31,learned_market,20260911,0.5322660389568398,0.5322660389568398,1,0
fixed_transform_step25,3645,2026-01-30,2026-02-09,0.0041482324550519,2026,2025-12-31,learned_market,20260911,0.45886324630014486,0.45886324630014486,0,1
fixed_transform_step25,3650,2026-02-06,2026-02-24,0.0071649689901505,2026,2025-12-31,learned_market,20260911,0.5329149888621901,0.5329149888621901,1,1
fixed_transform_step25,3655,2026-02-13,2026-03-02,-0.0097920588919678,2026,2025-12-31,learned_market,20260911,0.5096151640594386,0.5096151640594386,1,0
fixed_transform_step25,3659,2026-02-27,2026-03-09,-0.0172526869201304,2026,2025-12-31,learned_market,20260911,0.5369210179709557,0.5369210179709557,1,0
fixed_transform_step25,3664,2026-03-06,2026-03-16,0.0149926634422041,2026,2025-12-31,learned_market,20260911,0.6237121770434778,0.6237121770434778,1,1
fixed_transform_step25,3669,2026-03-13,2026-03-23,-0.0364343509194254,2026,2025-12-31,learned_market,20260911,0.45542191984179375,0.45542191984179375,0,0
fixed_transform_step25,3674,2026-03-20,2026-03-30,-0.0083038829988221,2026,2025-12-31,learned_market,20260911,0.46187353471109566,0.46187353471109566,0,0
fixed_transform_step25,3679,2026-03-27,2026-04-07,-0.0035591495694504,2026,2025-12-31,learned_market,20260911,0.4403313235638202,0.4403313235638202,0,0
fixed_transform_step25,3630,2026-01-09,2026-01-19,-0.0103697336282536,2026,2025-12-31,learned_vol_interaction,20260911,0.5419308229071979,0.5419308229071979,1,0
fixed_transform_step25,3635,2026-01-16,2026-01-26,-0.0010190267764643,2026,2025-12-31,learned_vol_interaction,20260911,0.5357337652448725,0.5357337652448725,1,0
fixed_transform_step25,3640,2026-01-23,2026-02-02,-0.0087161586128796,2026,2025-12-31,learned_vol_interaction,20260911,0.5371665022159147,0.5371665022159147,1,0
fixed_transform_step25,3645,2026-01-30,2026-02-09,0.0041482324550519,2026,2025-12-31,learned_vol_interaction,20260911,0.4536669400564477,0.4536669400564477,0,1
fixed_transform_step25,3650,2026-02-06,2026-02-24,0.0071649689901505,2026,2025-12-31,learned_vol_interaction,20260911,0.535655258471591,0.535655258471591,1,1
fixed_transform_step25,3655,2026-02-13,2026-03-02,-0.0097920588919678,2026,2025-12-31,learned_vol_interaction,20260911,0.5053590625088199,0.5053590625088199,1,0
fixed_transform_step25,3659,2026-02-27,2026-03-09,-0.0172526869201304,2026,2025-12-31,learned_vol_interaction,20260911,0.5322976681186429,0.5322976681186429,1,0
fixed_transform_step25,3664,2026-03-06,2026-03-16,0.0149926634422041,2026,2025-12-31,learned_vol_interaction,20260911,0.6174856955773433,0.6174856955773433,1,1
fixed_transform_step25,3669,2026-03-13,2026-03-23,-0.0364343509194254,2026,2025-12-31,learned_vol_interaction,20260911,0.44896092371547813,0.44896092371547813,0,0
fixed_transform_step25,3674,2026-03-20,2026-03-30,-0.0083038829988221,2026,2025-12-31,learned_vol_interaction,20260911,0.45425867209133697,0.45425867209133697,0,0
fixed_transform_step25,3679,2026-03-27,2026-04-07,-0.0035591495694504,2026,2025-12-31,learned_vol_interaction,20260911,0.43340188452247674,0.43340188452247674,0,0
fixed_transform_step25,3630,2026-01-09,2026-01-19,-0.0103697336282536,2026,2025-12-31,learned_order_extension,20260911,0.5459060256811782,0.5459060256811782,1,0
fixed_transform_step25,3635,2026-01-16,2026-01-26,-0.0010190267764643,2026,2025-12-31,learned_order_extension,20260911,0.5315584772037104,0.5315584772037104,1,0
fixed_transform_step25,3640,2026-01-23,2026-02-02,-0.0087161586128796,2026,2025-12-31,learned_order_extension,20260911,0.5380779045961513,0.5380779045961513,1,0
fixed_transform_step25,3645,2026-01-30,2026-02-09,0.0041482324550519,2026,2025-12-31,learned_order_extension,20260911,0.43274829616923166,0.43274829616923166,0,1
fixed_transform_step25,3650,2026-02-06,2026-02-24,0.0071649689901505,2026,2025-12-31,learned_order_extension,20260911,0.5358238036456818,0.5358238036456818,1,1
fixed_transform_step25,3655,2026-02-13,2026-03-02,-0.0097920588919678,2026,2025-12-31,learned_order_extension,20260911,0.5188075700840837,0.5188075700840837,1,0
fixed_transform_step25,3659,2026-02-27,2026-03-09,-0.0172526869201304,2026,2025-12-31,learned_order_extension,20260911,0.5395237482049954,0.5395237482049954,1,0
fixed_transform_step25,3664,2026-03-06,2026-03-16,0.0149926634422041,2026,2025-12-31,learned_order_extension,20260911,0.6721134681647395,0.6721134681647395,1,1
fixed_transform_step25,3669,2026-03-13,2026-03-23,-0.0364343509194254,2026,2025-12-31,learned_order_extension,20260911,0.44254310728173424,0.44254310728173424,0,0
fixed_transform_step25,3674,2026-03-20,2026-03-30,-0.0083038829988221,2026,2025-12-31,learned_order_extension,20260911,0.4378410999680901,0.4378410999680901,0,0
fixed_transform_step25,3679,2026-03-27,2026-04-07,-0.0035591495694504,2026,2025-12-31,learned_order_extension,20260911,0.4159760364157841,0.4159760364157841,0,0
fixed_transform_step25,3630,2026-01-09,2026-01-19,-0.0103697336282536,2026,2025-12-31,learned_order_offset,20260911,0.545843670764125,0.545843670764125,1,0
fixed_transform_step25,3635,2026-01-16,2026-01-26,-0.0010190267764643,2026,2025-12-31,learned_order_offset,20260911,0.5315791456859873,0.5315791456859873,1,0
fixed_transform_step25,3640,2026-01-23,2026-02-02,-0.0087161586128796,2026,2025-12-31,learned_order_offset,20260911,0.5378362799693707,0.5378362799693707,1,0
fixed_transform_step25,3645,2026-01-30,2026-02-09,0.0041482324550519,2026,2025-12-31,learned_order_offset,20260911,0.43267035311859725,0.43267035311859725,0,1
fixed_transform_step25,3650,2026-02-06,2026-02-24,0.0071649689901505,2026,2025-12-31,learned_order_offset,20260911,0.5355468761174008,0.5355468761174008,1,1
fixed_transform_step25,3655,2026-02-13,2026-03-02,-0.0097920588919678,2026,2025-12-31,learned_order_offset,20260911,0.5185004295200895,0.5185004295200895,1,0
fixed_transform_step25,3659,2026-02-27,2026-03-09,-0.0172526869201304,2026,2025-12-31,learned_order_offset,20260911,0.5394279755034715,0.5394279755034715,1,0
fixed_transform_step25,3664,2026-03-06,2026-03-16,0.0149926634422041,2026,2025-12-31,learned_order_offset,20260911,0.6720878025271129,0.6720878025271129,1,1
fixed_transform_step25,3669,2026-03-13,2026-03-23,-0.0364343509194254,2026,2025-12-31,learned_order_offset,20260911,0.44301866763301645,0.44301866763301645,0,0
fixed_transform_step25,3674,2026-03-20,2026-03-30,-0.0083038829988221,2026,2025-12-31,learned_order_offset,20260911,0.4379475907087764,0.4379475907087764,0,0
fixed_transform_step25,3679,2026-03-27,2026-04-07,-0.0035591495694504,2026,2025-12-31,learned_order_offset,20260911,0.4162726411546184,0.4162726411546184,0,0
fixed_transform_step25,3630,2026-01-09,2026-01-19,-0.0103697336282536,2026,2025-12-31,learned_market,20260912,0.5119803822427041,0.5119803822427041,1,0
fixed_transform_step25,3635,2026-01-16,2026-01-26,-0.0010190267764643,2026,2025-12-31,learned_market,20260912,0.5563532391014436,0.5563532391014436,1,0
fixed_transform_step25,3640,2026-01-23,2026-02-02,-0.0087161586128796,2026,2025-12-31,learned_market,20260912,0.47986345901765604,0.47986345901765604,0,0
fixed_transform_step25,3645,2026-01-30,2026-02-09,0.0041482324550519,2026,2025-12-31,learned_market,20260912,0.5030177692550698,0.5030177692550698,1,1
fixed_transform_step25,3650,2026-02-06,2026-02-24,0.0071649689901505,2026,2025-12-31,learned_market,20260912,0.43906676808287387,0.43906676808287387,0,1
fixed_transform_step25,3655,2026-02-13,2026-03-02,-0.0097920588919678,2026,2025-12-31,learned_market,20260912,0.431368044613122,0.431368044613122,0,0
fixed_transform_step25,3659,2026-02-27,2026-03-09,-0.0172526869201304,2026,2025-12-31,learned_market,20260912,0.48137527566018024,0.48137527566018024,0,0
fixed_transform_step25,3664,2026-03-06,2026-03-16,0.0149926634422041,2026,2025-12-31,learned_market,20260912,0.46731902499821354,0.46731902499821354,0,1
fixed_transform_step25,3669,2026-03-13,2026-03-23,-0.0364343509194254,2026,2025-12-31,learned_market,20260912,0.5227160800792146,0.5227160800792146,1,0
fixed_transform_step25,3674,2026-03-20,2026-03-30,-0.0083038829988221,2026,2025-12-31,learned_market,20260912,0.4464645109091068,0.4464645109091068,0,0
fixed_transform_step25,3679,2026-03-27,2026-04-07,-0.0035591495694504,2026,2025-12-31,learned_market,20260912,0.39113208857052434,0.39113208857052434,0,0
fixed_transform_step25,3630,2026-01-09,2026-01-19,-0.0103697336282536,2026,2025-12-31,learned_vol_interaction,20260912,0.5113420632666249,0.5113420632666249,1,0
fixed_transform_step25,3635,2026-01-16,2026-01-26,-0.0010190267764643,2026,2025-12-31,learned_vol_interaction,20260912,0.5720485316988371,0.5720485316988371,1,0
fixed_transform_step25,3640,2026-01-23,2026-02-02,-0.0087161586128796,2026,2025-12-31,learned_vol_interaction,20260912,0.46450523759698337,0.46450523759698337,0,0
fixed_transform_step25,3645,2026-01-30,2026-02-09,0.0041482324550519,2026,2025-12-31,learned_vol_interaction,20260912,0.5055364466448413,0.5055364466448413,1,1
fixed_transform_step25,3650,2026-02-06,2026-02-24,0.0071649689901505,2026,2025-12-31,learned_vol_interaction,20260912,0.42116451389141074,0.42116451389141074,0,1
fixed_transform_step25,3655,2026-02-13,2026-03-02,-0.0097920588919678,2026,2025-12-31,learned_vol_interaction,20260912,0.4216952789502379,0.4216952789502379,0,0
fixed_transform_step25,3659,2026-02-27,2026-03-09,-0.0172526869201304,2026,2025-12-31,learned_vol_interaction,20260912,0.46280074037648433,0.46280074037648433,0,0
fixed_transform_step25,3664,2026-03-06,2026-03-16,0.0149926634422041,2026,2025-12-31,learned_vol_interaction,20260912,0.4454734654507731,0.4454734654507731,0,1
fixed_transform_step25,3669,2026-03-13,2026-03-23,-0.0364343509194254,2026,2025-12-31,learned_vol_interaction,20260912,0.5162800418391823,0.5162800418391823,1,0
fixed_transform_step25,3674,2026-03-20,2026-03-30,-0.0083038829988221,2026,2025-12-31,learned_vol_interaction,20260912,0.44815597826032155,0.44815597826032155,0,0
fixed_transform_step25,3679,2026-03-27,2026-04-07,-0.0035591495694504,2026,2025-12-31,learned_vol_interaction,20260912,0.41145491799092687,0.41145491799092687,0,0
fixed_transform_step25,3630,2026-01-09,2026-01-19,-0.0103697336282536,2026,2025-12-31,learned_order_extension,20260912,0.5234527600872158,0.5234527600872158,1,0
fixed_transform_step25,3635,2026-01-16,2026-01-26,-0.0010190267764643,2026,2025-12-31,learned_order_extension,20260912,0.5847075352595175,0.5847075352595175,1,0
fixed_transform_step25,3640,2026-01-23,2026-02-02,-0.0087161586128796,2026,2025-12-31,learned_order_extension,20260912,0.4700767353741261,0.4700767353741261,0,0
fixed_transform_step25,3645,2026-01-30,2026-02-09,0.0041482324550519,2026,2025-12-31,learned_order_extension,20260912,0.5148835278265028,0.5148835278265028,1,1
fixed_transform_step25,3650,2026-02-06,2026-02-24,0.0071649689901505,2026,2025-12-31,learned_order_extension,20260912,0.4220765070574473,0.4220765070574473,0,1
fixed_transform_step25,3655,2026-02-13,2026-03-02,-0.0097920588919678,2026,2025-12-31,learned_order_extension,20260912,0.41397752179190594,0.41397752179190594,0,0
fixed_transform_step25,3659,2026-02-27,2026-03-09,-0.0172526869201304,2026,2025-12-31,learned_order_extension,20260912,0.45946498078572456,0.45946498078572456,0,0
fixed_transform_step25,3664,2026-03-06,2026-03-16,0.0149926634422041,2026,2025-12-31,learned_order_extension,20260912,0.44635455978232025,0.44635455978232025,0,1
fixed_transform_step25,3669,2026-03-13,2026-03-23,-0.0364343509194254,2026,2025-12-31,learned_order_extension,20260912,0.5383866937008707,0.5383866937008707,1,0
fixed_transform_step25,3674,2026-03-20,2026-03-30,-0.0083038829988221,2026,2025-12-31,learned_order_extension,20260912,0.43243079892634145,0.43243079892634145,0,0
fixed_transform_step25,3679,2026-03-27,2026-04-07,-0.0035591495694504,2026,2025-12-31,learned_order_extension,20260912,0.3847558274890985,0.3847558274890985,0,0
fixed_transform_step25,3630,2026-01-09,2026-01-19,-0.0103697336282536,2026,2025-12-31,learned_order_offset,20260912,0.5234772415055928,0.5234772415055928,1,0
fixed_transform_step25,3635,2026-01-16,2026-01-26,-0.0010190267764643,2026,2025-12-31,learned_order_offset,20260912,0.5844150879103954,0.5844150879103954,1,0
fixed_transform_step25,3640,2026-01-23,2026-02-02,-0.0087161586128796,2026,2025-12-31,learned_order_offset,20260912,0.46996206356235715,0.46996206356235715,0,0
fixed_transform_step25,3645,2026-01-30,2026-02-09,0.0041482324550519,2026,2025-12-31,learned_order_offset,20260912,0.514701020079869,0.514701020079869,1,1
fixed_transform_step25,3650,2026-02-06,2026-02-24,0.0071649689901505,2026,2025-12-31,learned_order_offset,20260912,0.42213589824970216,0.42213589824970216,0,1
fixed_transform_step25,3655,2026-02-13,2026-03-02,-0.0097920588919678,2026,2025-12-31,learned_order_offset,20260912,0.4139092534456115,0.4139092534456115,0,0
fixed_transform_step25,3659,2026-02-27,2026-03-09,-0.0172526869201304,2026,2025-12-31,learned_order_offset,20260912,0.4590491088219428,0.4590491088219428,0,0
fixed_transform_step25,3664,2026-03-06,2026-03-16,0.0149926634422041,2026,2025-12-31,learned_order_offset,20260912,0.4464707132363767,0.4464707132363767,0,1
fixed_transform_step25,3669,2026-03-13,2026-03-23,-0.0364343509194254,2026,2025-12-31,learned_order_offset,20260912,0.5384561051408137,0.5384561051408137,1,0
fixed_transform_step25,3674,2026-03-20,2026-03-30,-0.0083038829988221,2026,2025-12-31,learned_order_offset,20260912,0.43269622737784763,0.43269622737784763,0,0
fixed_transform_step25,3679,2026-03-27,2026-04-07,-0.0035591495694504,2026,2025-12-31,learned_order_offset,20260912,0.3852504154330894,0.3852504154330894,0,0
fixed_transform_step25,3684,2026-04-03,2026-04-13,0.0380736235508991,2026,2026-03-31,learned_market,20260910,0.510535294511622,0.510535294511622,1,1
fixed_transform_step25,3688,2026-04-10,2026-04-20,0.0242766725964382,2026,2026-03-31,learned_market,20260910,0.4352750282517768,0.4352750282517768,0,1
fixed_transform_step25,3693,2026-04-17,2026-04-27,0.010401572188011,2026,2026-03-31,learned_market,20260910,0.5273600150058187,0.5273600150058187,1,1
fixed_transform_step25,3698,2026-04-24,2026-05-11,0.0263674696524953,2026,2026-03-31,learned_market,20260910,0.5566276642410286,0.5566276642410286,1,1
fixed_transform_step25,3705,2026-05-08,2026-05-18,-0.0134529239455926,2026,2026-03-31,learned_market,20260910,0.7582043984725099,0.7582043984725099,1,0
fixed_transform_step25,3710,2026-05-15,2026-05-25,0.0076235492615268,2026,2026-03-31,learned_market,20260910,0.8054455704498547,0.8054455704498547,1,1
fixed_transform_step25,3715,2026-05-22,2026-06-01,0.005068538126898,2026,2026-03-31,learned_market,20260910,0.3423485528142325,0.3423485528142325,0,1
fixed_transform_step25,3720,2026-05-29,2026-06-08,-0.039635353927193,2026,2026-03-31,learned_market,20260910,0.40435144572462256,0.40435144572462256,0,0
fixed_transform_step25,3725,2026-06-05,2026-06-15,0.0266849782195981,2026,2026-03-31,learned_market,20260910,0.4416906486997204,0.4416906486997204,0,1
fixed_transform_step25,3730,2026-06-12,2026-06-29,0.0076098142791176,2026,2026-03-31,learned_market,20260910,0.4308540689767699,0.4308540689767699,0,1
fixed_transform_step25,3739,2026-06-26,2026-07-06,0.0005137647861506,2026,2026-03-31,learned_market,20260910,0.5021142730865003,0.5021142730865003,1,1
fixed_transform_step25,3684,2026-04-03,2026-04-13,0.0380736235508991,2026,2026-03-31,learned_vol_interaction,20260910,0.5125159349952524,0.5125159349952524,1,1
fixed_transform_step25,3688,2026-04-10,2026-04-20,0.0242766725964382,2026,2026-03-31,learned_vol_interaction,20260910,0.44299154401313917,0.44299154401313917,0,1
fixed_transform_step25,3693,2026-04-17,2026-04-27,0.010401572188011,2026,2026-03-31,learned_vol_interaction,20260910,0.5271864284029624,0.5271864284029624,1,1
fixed_transform_step25,3698,2026-04-24,2026-05-11,0.0263674696524953,2026,2026-03-31,learned_vol_interaction,20260910,0.5590803570963909,0.5590803570963909,1,1
fixed_transform_step25,3705,2026-05-08,2026-05-18,-0.0134529239455926,2026,2026-03-31,learned_vol_interaction,20260910,0.7612709443920865,0.7612709443920865,1,0
fixed_transform_step25,3710,2026-05-15,2026-05-25,0.0076235492615268,2026,2026-03-31,learned_vol_interaction,20260910,0.8098116219373169,0.8098116219373169,1,1
fixed_transform_step25,3715,2026-05-22,2026-06-01,0.005068538126898,2026,2026-03-31,learned_vol_interaction,20260910,0.3427794647659703,0.3427794647659703,0,1
fixed_transform_step25,3720,2026-05-29,2026-06-08,-0.039635353927193,2026,2026-03-31,learned_vol_interaction,20260910,0.4052820824451048,0.4052820824451048,0,0
fixed_transform_step25,3725,2026-06-05,2026-06-15,0.0266849782195981,2026,2026-03-31,learned_vol_interaction,20260910,0.44154031124548987,0.44154031124548987,0,1
fixed_transform_step25,3730,2026-06-12,2026-06-29,0.0076098142791176,2026,2026-03-31,learned_vol_interaction,20260910,0.43060681002014034,0.43060681002014034,0,1
fixed_transform_step25,3739,2026-06-26,2026-07-06,0.0005137647861506,2026,2026-03-31,learned_vol_interaction,20260910,0.5080361143538616,0.5080361143538616,1,1
fixed_transform_step25,3684,2026-04-03,2026-04-13,0.0380736235508991,2026,2026-03-31,learned_order_extension,20260910,0.47851079471433555,0.47851079471433555,0,1
fixed_transform_step25,3688,2026-04-10,2026-04-20,0.0242766725964382,2026,2026-03-31,learned_order_extension,20260910,0.4547204891760887,0.4547204891760887,0,1
fixed_transform_step25,3693,2026-04-17,2026-04-27,0.010401572188011,2026,2026-03-31,learned_order_extension,20260910,0.4913909291297398,0.4913909291297398,0,1
fixed_transform_step25,3698,2026-04-24,2026-05-11,0.0263674696524953,2026,2026-03-31,learned_order_extension,20260910,0.5321238547969421,0.5321238547969421,1,1
fixed_transform_step25,3705,2026-05-08,2026-05-18,-0.0134529239455926,2026,2026-03-31,learned_order_extension,20260910,0.6707876868226159,0.6707876868226159,1,0
fixed_transform_step25,3710,2026-05-15,2026-05-25,0.0076235492615268,2026,2026-03-31,learned_order_extension,20260910,0.6734742544241535,0.6734742544241535,1,1
fixed_transform_step25,3715,2026-05-22,2026-06-01,0.005068538126898,2026,2026-03-31,learned_order_extension,20260910,0.4013030217020947,0.4013030217020947,0,1
fixed_transform_step25,3720,2026-05-29,2026-06-08,-0.039635353927193,2026,2026-03-31,learned_order_extension,20260910,0.46564083631388636,0.46564083631388636,0,0
fixed_transform_step25,3725,2026-06-05,2026-06-15,0.0266849782195981,2026,2026-03-31,learned_order_extension,20260910,0.4840523096585098,0.4840523096585098,0,1
fixed_transform_step25,3730,2026-06-12,2026-06-29,0.0076098142791176,2026,2026-03-31,learned_order_extension,20260910,0.4671374644484407,0.4671374644484407,0,1
fixed_transform_step25,3739,2026-06-26,2026-07-06,0.0005137647861506,2026,2026-03-31,learned_order_extension,20260910,0.5024975727518489,0.5024975727518489,1,1
fixed_transform_step25,3684,2026-04-03,2026-04-13,0.0380736235508991,2026,2026-03-31,learned_order_offset,20260910,0.47733603346004033,0.47733603346004033,0,1
fixed_transform_step25,3688,2026-04-10,2026-04-20,0.0242766725964382,2026,2026-03-31,learned_order_offset,20260910,0.4544375620756763,0.4544375620756763,0,1
fixed_transform_step25,3693,2026-04-17,2026-04-27,0.010401572188011,2026,2026-03-31,learned_order_offset,20260910,0.490031657128844,0.490031657128844,0,1
fixed_transform_step25,3698,2026-04-24,2026-05-11,0.0263674696524953,2026,2026-03-31,learned_order_offset,20260910,0.5314353981803943,0.5314353981803943,1,1
fixed_transform_step25,3705,2026-05-08,2026-05-18,-0.0134529239455926,2026,2026-03-31,learned_order_offset,20260910,0.6696598916383456,0.6696598916383456,1,0
fixed_transform_step25,3710,2026-05-15,2026-05-25,0.0076235492615268,2026,2026-03-31,learned_order_offset,20260910,0.671585229272885,0.671585229272885,1,1
fixed_transform_step25,3715,2026-05-22,2026-06-01,0.005068538126898,2026,2026-03-31,learned_order_offset,20260910,0.4019617927522988,0.4019617927522988,0,1
fixed_transform_step25,3720,2026-05-29,2026-06-08,-0.039635353927193,2026,2026-03-31,learned_order_offset,20260910,0.46604086276512835,0.46604086276512835,0,0
fixed_transform_step25,3725,2026-06-05,2026-06-15,0.0266849782195981,2026,2026-03-31,learned_order_offset,20260910,0.48460888858946477,0.48460888858946477,0,1
fixed_transform_step25,3730,2026-06-12,2026-06-29,0.0076098142791176,2026,2026-03-31,learned_order_offset,20260910,0.46815453264685714,0.46815453264685714,0,1
fixed_transform_step25,3739,2026-06-26,2026-07-06,0.0005137647861506,2026,2026-03-31,learned_order_offset,20260910,0.5017283322614411,0.5017283322614411,1,1
fixed_transform_step25,3684,2026-04-03,2026-04-13,0.0380736235508991,2026,2026-03-31,learned_market,20260911,0.49142484230406536,0.49142484230406536,0,1
fixed_transform_step25,3688,2026-04-10,2026-04-20,0.0242766725964382,2026,2026-03-31,learned_market,20260911,0.4230036558515557,0.4230036558515557,0,1
fixed_transform_step25,3693,2026-04-17,2026-04-27,0.010401572188011,2026,2026-03-31,learned_market,20260911,0.4741730101923991,0.4741730101923991,0,1
fixed_transform_step25,3698,2026-04-24,2026-05-11,0.0263674696524953,2026,2026-03-31,learned_market,20260911,0.39875951987993424,0.39875951987993424,0,1
fixed_transform_step25,3705,2026-05-08,2026-05-18,-0.0134529239455926,2026,2026-03-31,learned_market,20260911,0.41520293728852603,0.41520293728852603,0,0
fixed_transform_step25,3710,2026-05-15,2026-05-25,0.0076235492615268,2026,2026-03-31,learned_market,20260911,0.48567595387590096,0.48567595387590096,0,1
fixed_transform_step25,3715,2026-05-22,2026-06-01,0.005068538126898,2026,2026-03-31,learned_market,20260911,0.5613443586519443,0.5613443586519443,1,1
fixed_transform_step25,3720,2026-05-29,2026-06-08,-0.039635353927193,2026,2026-03-31,learned_market,20260911,0.5331307340961328,0.5331307340961328,1,0
fixed_transform_step25,3725,2026-06-05,2026-06-15,0.0266849782195981,2026,2026-03-31,learned_market,20260911,0.40823594545123526,0.40823594545123526,0,1
fixed_transform_step25,3730,2026-06-12,2026-06-29,0.0076098142791176,2026,2026-03-31,learned_market,20260911,0.31200147629019137,0.31200147629019137,0,1
fixed_transform_step25,3739,2026-06-26,2026-07-06,0.0005137647861506,2026,2026-03-31,learned_market,20260911,0.47293741299164527,0.47293741299164527,0,1
fixed_transform_step25,3684,2026-04-03,2026-04-13,0.0380736235508991,2026,2026-03-31,learned_vol_interaction,20260911,0.4938548286303136,0.4938548286303136,0,1
fixed_transform_step25,3688,2026-04-10,2026-04-20,0.0242766725964382,2026,2026-03-31,learned_vol_interaction,20260911,0.4365594322078238,0.4365594322078238,0,1
fixed_transform_step25,3693,2026-04-17,2026-04-27,0.010401572188011,2026,2026-03-31,learned_vol_interaction,20260911,0.48286319629713725,0.48286319629713725,0,1
fixed_transform_step25,3698,2026-04-24,2026-05-11,0.0263674696524953,2026,2026-03-31,learned_vol_interaction,20260911,0.41033995377444143,0.41033995377444143,0,1
fixed_transform_step25,3705,2026-05-08,2026-05-18,-0.0134529239455926,2026,2026-03-31,learned_vol_interaction,20260911,0.4280345649028517,0.4280345649028517,0,0
fixed_transform_step25,3710,2026-05-15,2026-05-25,0.0076235492615268,2026,2026-03-31,learned_vol_interaction,20260911,0.4897829812187604,0.4897829812187604,0,1
fixed_transform_step25,3715,2026-05-22,2026-06-01,0.005068538126898,2026,2026-03-31,learned_vol_interaction,20260911,0.5632879582490161,0.5632879582490161,1,1
fixed_transform_step25,3720,2026-05-29,2026-06-08,-0.039635353927193,2026,2026-03-31,learned_vol_interaction,20260911,0.5265036280617622,0.5265036280617622,1,0
fixed_transform_step25,3725,2026-06-05,2026-06-15,0.0266849782195981,2026,2026-03-31,learned_vol_interaction,20260911,0.40340275237848205,0.40340275237848205,0,1
fixed_transform_step25,3730,2026-06-12,2026-06-29,0.0076098142791176,2026,2026-03-31,learned_vol_interaction,20260911,0.30917047665143566,0.30917047665143566,0,1
fixed_transform_step25,3739,2026-06-26,2026-07-06,0.0005137647861506,2026,2026-03-31,learned_vol_interaction,20260911,0.4889617385170066,0.4889617385170066,0,1
fixed_transform_step25,3684,2026-04-03,2026-04-13,0.0380736235508991,2026,2026-03-31,learned_order_extension,20260911,0.5223963367257851,0.5223963367257851,1,1
fixed_transform_step25,3688,2026-04-10,2026-04-20,0.0242766725964382,2026,2026-03-31,learned_order_extension,20260911,0.3929863043555541,0.3929863043555541,0,1
fixed_transform_step25,3693,2026-04-17,2026-04-27,0.010401572188011,2026,2026-03-31,learned_order_extension,20260911,0.47278517853398977,0.47278517853398977,0,1
fixed_transform_step25,3698,2026-04-24,2026-05-11,0.0263674696524953,2026,2026-03-31,learned_order_extension,20260911,0.3662399328251726,0.3662399328251726,0,1
fixed_transform_step25,3705,2026-05-08,2026-05-18,-0.0134529239455926,2026,2026-03-31,learned_order_extension,20260911,0.37341561913818083,0.37341561913818083,0,0
fixed_transform_step25,3710,2026-05-15,2026-05-25,0.0076235492615268,2026,2026-03-31,learned_order_extension,20260911,0.48320941585066046,0.48320941585066046,0,1
fixed_transform_step25,3715,2026-05-22,2026-06-01,0.005068538126898,2026,2026-03-31,learned_order_extension,20260911,0.6002901433256191,0.6002901433256191,1,1
fixed_transform_step25,3720,2026-05-29,2026-06-08,-0.039635353927193,2026,2026-03-31,learned_order_extension,20260911,0.5382557678515899,0.5382557678515899,1,0
fixed_transform_step25,3725,2026-06-05,2026-06-15,0.0266849782195981,2026,2026-03-31,learned_order_extension,20260911,0.33469949473840727,0.33469949473840727,0,1
fixed_transform_step25,3730,2026-06-12,2026-06-29,0.0076098142791176,2026,2026-03-31,learned_order_extension,20260911,0.21184979410286087,0.21184979410286087,0,1
fixed_transform_step25,3739,2026-06-26,2026-07-06,0.0005137647861506,2026,2026-03-31,learned_order_extension,20260911,0.4407402619253118,0.4407402619253118,0,1
fixed_transform_step25,3684,2026-04-03,2026-04-13,0.0380736235508991,2026,2026-03-31,learned_order_offset,20260911,0.5224235561968892,0.5224235561968892,1,1
fixed_transform_step25,3688,2026-04-10,2026-04-20,0.0242766725964382,2026,2026-03-31,learned_order_offset,20260911,0.39274439178636733,0.39274439178636733,0,1
fixed_transform_step25,3693,2026-04-17,2026-04-27,0.010401572188011,2026,2026-03-31,learned_order_offset,20260911,0.4733522102147414,0.4733522102147414,0,1
fixed_transform_step25,3698,2026-04-24,2026-05-11,0.0263674696524953,2026,2026-03-31,learned_order_offset,20260911,0.36609440950533223,0.36609440950533223,0,1
fixed_transform_step25,3705,2026-05-08,2026-05-18,-0.0134529239455926,2026,2026-03-31,learned_order_offset,20260911,0.3731621618308267,0.3731621618308267,0,0
fixed_transform_step25,3710,2026-05-15,2026-05-25,0.0076235492615268,2026,2026-03-31,learned_order_offset,20260911,0.4832023852719823,0.4832023852719823,0,1
fixed_transform_step25,3715,2026-05-22,2026-06-01,0.005068538126898,2026,2026-03-31,learned_order_offset,20260911,0.5995103979167776,0.5995103979167776,1,1
fixed_transform_step25,3720,2026-05-29,2026-06-08,-0.039635353927193,2026,2026-03-31,learned_order_offset,20260911,0.5379293075187033,0.5379293075187033,1,0
fixed_transform_step25,3725,2026-06-05,2026-06-15,0.0266849782195981,2026,2026-03-31,learned_order_offset,20260911,0.3348194911979765,0.3348194911979765,0,1
fixed_transform_step25,3730,2026-06-12,2026-06-29,0.0076098142791176,2026,2026-03-31,learned_order_offset,20260911,0.21207245309558703,0.21207245309558703,0,1
fixed_transform_step25,3739,2026-06-26,2026-07-06,0.0005137647861506,2026,2026-03-31,learned_order_offset,20260911,0.4402471762561308,0.4402471762561308,0,1
fixed_transform_step25,3684,2026-04-03,2026-04-13,0.0380736235508991,2026,2026-03-31,learned_market,20260912,0.4267634044677047,0.4267634044677047,0,1
fixed_transform_step25,3688,2026-04-10,2026-04-20,0.0242766725964382,2026,2026-03-31,learned_market,20260912,0.4857333861719588,0.4857333861719588,0,1
fixed_transform_step25,3693,2026-04-17,2026-04-27,0.010401572188011,2026,2026-03-31,learned_market,20260912,0.41822113869652905,0.41822113869652905,0,1
fixed_transform_step25,3698,2026-04-24,2026-05-11,0.0263674696524953,2026,2026-03-31,learned_market,20260912,0.4288526389465388,0.4288526389465388,0,1
fixed_transform_step25,3705,2026-05-08,2026-05-18,-0.0134529239455926,2026,2026-03-31,learned_market,20260912,0.4730524417069883,0.4730524417069883,0,0
fixed_transform_step25,3710,2026-05-15,2026-05-25,0.0076235492615268,2026,2026-03-31,learned_market,20260912,0.5242768192954624,0.5242768192954624,1,1
fixed_transform_step25,3715,2026-05-22,2026-06-01,0.005068538126898,2026,2026-03-31,learned_market,20260912,0.5138856643947382,0.5138856643947382,1,1
fixed_transform_step25,3720,2026-05-29,2026-06-08,-0.039635353927193,2026,2026-03-31,learned_market,20260912,0.47684413255146835,0.47684413255146835,0,0
fixed_transform_step25,3725,2026-06-05,2026-06-15,0.0266849782195981,2026,2026-03-31,learned_market,20260912,0.47733780112847285,0.47733780112847285,0,1
fixed_transform_step25,3730,2026-06-12,2026-06-29,0.0076098142791176,2026,2026-03-31,learned_market,20260912,0.45918741086288317,0.45918741086288317,0,1
fixed_transform_step25,3739,2026-06-26,2026-07-06,0.0005137647861506,2026,2026-03-31,learned_market,20260912,0.5357575670824365,0.5357575670824365,1,1
fixed_transform_step25,3684,2026-04-03,2026-04-13,0.0380736235508991,2026,2026-03-31,learned_vol_interaction,20260912,0.444889111902902,0.444889111902902,0,1
fixed_transform_step25,3688,2026-04-10,2026-04-20,0.0242766725964382,2026,2026-03-31,learned_vol_interaction,20260912,0.4762713411552955,0.4762713411552955,0,1
fixed_transform_step25,3693,2026-04-17,2026-04-27,0.010401572188011,2026,2026-03-31,learned_vol_interaction,20260912,0.4597922098377317,0.4597922098377317,0,1
fixed_transform_step25,3698,2026-04-24,2026-05-11,0.0263674696524953,2026,2026-03-31,learned_vol_interaction,20260912,0.42491279614227845,0.42491279614227845,0,1
fixed_transform_step25,3705,2026-05-08,2026-05-18,-0.0134529239455926,2026,2026-03-31,learned_vol_interaction,20260912,0.45060814260139614,0.45060814260139614,0,0
fixed_transform_step25,3710,2026-05-15,2026-05-25,0.0076235492615268,2026,2026-03-31,learned_vol_interaction,20260912,0.5066679087221783,0.5066679087221783,1,1
fixed_transform_step25,3715,2026-05-22,2026-06-01,0.005068538126898,2026,2026-03-31,learned_vol_interaction,20260912,0.49418844951135676,0.49418844951135676,0,1
fixed_transform_step25,3720,2026-05-29,2026-06-08,-0.039635353927193,2026,2026-03-31,learned_vol_interaction,20260912,0.47467876690278016,0.47467876690278016,0,0
fixed_transform_step25,3725,2026-06-05,2026-06-15,0.0266849782195981,2026,2026-03-31,learned_vol_interaction,20260912,0.4658390034562245,0.4658390034562245,0,1
fixed_transform_step25,3730,2026-06-12,2026-06-29,0.0076098142791176,2026,2026-03-31,learned_vol_interaction,20260912,0.4528628749040888,0.4528628749040888,0,1
fixed_transform_step25,3739,2026-06-26,2026-07-06,0.0005137647861506,2026,2026-03-31,learned_vol_interaction,20260912,0.5224654620119038,0.5224654620119038,1,1
fixed_transform_step25,3684,2026-04-03,2026-04-13,0.0380736235508991,2026,2026-03-31,learned_order_extension,20260912,0.42091774886615085,0.42091774886615085,0,1
fixed_transform_step25,3688,2026-04-10,2026-04-20,0.0242766725964382,2026,2026-03-31,learned_order_extension,20260912,0.4804908613151713,0.4804908613151713,0,1
fixed_transform_step25,3693,2026-04-17,2026-04-27,0.010401572188011,2026,2026-03-31,learned_order_extension,20260912,0.4178995231823691,0.4178995231823691,0,1
fixed_transform_step25,3698,2026-04-24,2026-05-11,0.0263674696524953,2026,2026-03-31,learned_order_extension,20260912,0.40783169923077134,0.40783169923077134,0,1
fixed_transform_step25,3705,2026-05-08,2026-05-18,-0.0134529239455926,2026,2026-03-31,learned_order_extension,20260912,0.45314954129063706,0.45314954129063706,0,0
fixed_transform_step25,3710,2026-05-15,2026-05-25,0.0076235492615268,2026,2026-03-31,learned_order_extension,20260912,0.5366184605617018,0.5366184605617018,1,1
fixed_transform_step25,3715,2026-05-22,2026-06-01,0.005068538126898,2026,2026-03-31,learned_order_extension,20260912,0.5028498377033717,0.5028498377033717,1,1
fixed_transform_step25,3720,2026-05-29,2026-06-08,-0.039635353927193,2026,2026-03-31,learned_order_extension,20260912,0.46257095709098567,0.46257095709098567,0,0
fixed_transform_step25,3725,2026-06-05,2026-06-15,0.0266849782195981,2026,2026-03-31,learned_order_extension,20260912,0.44815172471993714,0.44815172471993714,0,1
fixed_transform_step25,3730,2026-06-12,2026-06-29,0.0076098142791176,2026,2026-03-31,learned_order_extension,20260912,0.4241403291087504,0.4241403291087504,0,1
fixed_transform_step25,3739,2026-06-26,2026-07-06,0.0005137647861506,2026,2026-03-31,learned_order_extension,20260912,0.521219930334712,0.521219930334712,1,1
fixed_transform_step25,3684,2026-04-03,2026-04-13,0.0380736235508991,2026,2026-03-31,learned_order_offset,20260912,0.4210337488004174,0.4210337488004174,0,1
fixed_transform_step25,3688,2026-04-10,2026-04-20,0.0242766725964382,2026,2026-03-31,learned_order_offset,20260912,0.48060769379110846,0.48060769379110846,0,1
fixed_transform_step25,3693,2026-04-17,2026-04-27,0.010401572188011,2026,2026-03-31,learned_order_offset,20260912,0.417913608996115,0.417913608996115,0,1
fixed_transform_step25,3698,2026-04-24,2026-05-11,0.0263674696524953,2026,2026-03-31,learned_order_offset,20260912,0.407902841585691,0.407902841585691,0,1
fixed_transform_step25,3705,2026-05-08,2026-05-18,-0.0134529239455926,2026,2026-03-31,learned_order_offset,20260912,0.4530758744369863,0.4530758744369863,0,0
fixed_transform_step25,3710,2026-05-15,2026-05-25,0.0076235492615268,2026,2026-03-31,learned_order_offset,20260912,0.5366056572359922,0.5366056572359922,1,1
fixed_transform_step25,3715,2026-05-22,2026-06-01,0.005068538126898,2026,2026-03-31,learned_order_offset,20260912,0.5027767159998896,0.5027767159998896,1,1
fixed_transform_step25,3720,2026-05-29,2026-06-08,-0.039635353927193,2026,2026-03-31,learned_order_offset,20260912,0.4625126923902589,0.4625126923902589,0,0
fixed_transform_step25,3725,2026-06-05,2026-06-15,0.0266849782195981,2026,2026-03-31,learned_order_offset,20260912,0.448053705352196,0.448053705352196,0,1
fixed_transform_step25,3730,2026-06-12,2026-06-29,0.0076098142791176,2026,2026-03-31,learned_order_offset,20260912,0.4240442127368668,0.4240442127368668,0,1
fixed_transform_step25,3739,2026-06-26,2026-07-06,0.0005137647861506,2026,2026-03-31,learned_order_offset,20260912,0.5210301672112624,0.5210301672112624,1,1
fixed_transform_step25,3744,2026-07-03,2026-07-13,-0.0252847876365399,2026,2026-06-30,learned_market,20260910,0.505434101297335,0.505434101297335,1,0
fixed_transform_step25,3749,2026-07-10,2026-07-20,-0.035775397012711,2026,2026-06-30,learned_market,20260910,0.600255784502849,0.600255784502849,1,0
fixed_transform_step25,3754,2026-07-17,2026-07-27,0.01756245533441,2026,2026-06-30,learned_market,20260910,0.5511346881801613,0.5511346881801613,1,1
fixed_transform_step25,3759,2026-07-24,2026-08-03,-0.0202339761556519,2026,2026-06-30,learned_market,20260910,0.5542748996485731,0.5542748996485731,1,0
fixed_transform_step25,3764,2026-07-31,2026-08-10,0.0300318732435738,2026,2026-06-30,learned_market,20260910,0.2825330549771763,0.2825330549771763,0,1
fixed_transform_step25,3769,2026-08-07,2026-08-17,-0.0056482265760339,2026,2026-06-30,learned_market,20260910,0.5182803719626284,0.5182803719626284,1,0
fixed_transform_step25,3774,2026-08-14,2026-08-24,-0.0109860710402629,2026,2026-06-30,learned_market,20260910,0.5434134949009212,0.5434134949009212,1,0
fixed_transform_step25,3779,2026-08-21,2026-08-31,-0.0127592811002066,2026,2026-06-30,learned_market,20260910,0.6705501251144431,0.6705501251144431,1,0
fixed_transform_step25,3744,2026-07-03,2026-07-13,-0.0252847876365399,2026,2026-06-30,learned_vol_interaction,20260910,0.5166468246586949,0.5166468246586949,1,0
fixed_transform_step25,3749,2026-07-10,2026-07-20,-0.035775397012711,2026,2026-06-30,learned_vol_interaction,20260910,0.594846337094301,0.594846337094301,1,0
fixed_transform_step25,3754,2026-07-17,2026-07-27,0.01756245533441,2026,2026-06-30,learned_vol_interaction,20260910,0.544555619441674,0.544555619441674,1,1
fixed_transform_step25,3759,2026-07-24,2026-08-03,-0.0202339761556519,2026,2026-06-30,learned_vol_interaction,20260910,0.5537686238229638,0.5537686238229638,1,0
fixed_transform_step25,3764,2026-07-31,2026-08-10,0.0300318732435738,2026,2026-06-30,learned_vol_interaction,20260910,0.3046561459385823,0.3046561459385823,0,1
fixed_transform_step25,3769,2026-08-07,2026-08-17,-0.0056482265760339,2026,2026-06-30,learned_vol_interaction,20260910,0.5169878840749885,0.5169878840749885,1,0
fixed_transform_step25,3774,2026-08-14,2026-08-24,-0.0109860710402629,2026,2026-06-30,learned_vol_interaction,20260910,0.5397190567725978,0.5397190567725978,1,0
fixed_transform_step25,3779,2026-08-21,2026-08-31,-0.0127592811002066,2026,2026-06-30,learned_vol_interaction,20260910,0.6691270052184546,0.6691270052184546,1,0
fixed_transform_step25,3744,2026-07-03,2026-07-13,-0.0252847876365399,2026,2026-06-30,learned_order_extension,20260910,0.5408164263465559,0.5408164263465559,1,0
fixed_transform_step25,3749,2026-07-10,2026-07-20,-0.035775397012711,2026,2026-06-30,learned_order_extension,20260910,0.547372183074871,0.547372183074871,1,0
fixed_transform_step25,3754,2026-07-17,2026-07-27,0.01756245533441,2026,2026-06-30,learned_order_extension,20260910,0.5123427694429143,0.5123427694429143,1,1
fixed_transform_step25,3759,2026-07-24,2026-08-03,-0.0202339761556519,2026,2026-06-30,learned_order_extension,20260910,0.5256910454409012,0.5256910454409012,1,0
fixed_transform_step25,3764,2026-07-31,2026-08-10,0.0300318732435738,2026,2026-06-30,learned_order_extension,20260910,0.37251799280973186,0.37251799280973186,0,1
fixed_transform_step25,3769,2026-08-07,2026-08-17,-0.0056482265760339,2026,2026-06-30,learned_order_extension,20260910,0.49547683678564314,0.49547683678564314,0,0
fixed_transform_step25,3774,2026-08-14,2026-08-24,-0.0109860710402629,2026,2026-06-30,learned_order_extension,20260910,0.5060963527778718,0.5060963527778718,1,0
fixed_transform_step25,3779,2026-08-21,2026-08-31,-0.0127592811002066,2026,2026-06-30,learned_order_extension,20260910,0.5977786819137523,0.5977786819137523,1,0
fixed_transform_step25,3744,2026-07-03,2026-07-13,-0.0252847876365399,2026,2026-06-30,learned_order_offset,20260910,0.5410774749539878,0.5410774749539878,1,0
fixed_transform_step25,3749,2026-07-10,2026-07-20,-0.035775397012711,2026,2026-06-30,learned_order_offset,20260910,0.5457657976057029,0.5457657976057029,1,0
fixed_transform_step25,3754,2026-07-17,2026-07-27,0.01756245533441,2026,2026-06-30,learned_order_offset,20260910,0.5120690938425553,0.5120690938425553,1,1
fixed_transform_step25,3759,2026-07-24,2026-08-03,-0.0202339761556519,2026,2026-06-30,learned_order_offset,20260910,0.525143996221646,0.525143996221646,1,0
fixed_transform_step25,3764,2026-07-31,2026-08-10,0.0300318732435738,2026,2026-06-30,learned_order_offset,20260910,0.37589502010111375,0.37589502010111375,0,1
fixed_transform_step25,3769,2026-08-07,2026-08-17,-0.0056482265760339,2026,2026-06-30,learned_order_offset,20260910,0.4961683700918989,0.4961683700918989,0,0
fixed_transform_step25,3774,2026-08-14,2026-08-24,-0.0109860710402629,2026,2026-06-30,learned_order_offset,20260910,0.5062389501653457,0.5062389501653457,1,0
fixed_transform_step25,3779,2026-08-21,2026-08-31,-0.0127592811002066,2026,2026-06-30,learned_order_offset,20260910,0.5966972692298026,0.5966972692298026,1,0
fixed_transform_step25,3744,2026-07-03,2026-07-13,-0.0252847876365399,2026,2026-06-30,learned_market,20260911,0.4824868556873981,0.4824868556873981,0,0
fixed_transform_step25,3749,2026-07-10,2026-07-20,-0.035775397012711,2026,2026-06-30,learned_market,20260911,0.4269990162654352,0.4269990162654352,0,0
fixed_transform_step25,3754,2026-07-17,2026-07-27,0.01756245533441,2026,2026-06-30,learned_market,20260911,0.45855989940219266,0.45855989940219266,0,1
fixed_transform_step25,3759,2026-07-24,2026-08-03,-0.0202339761556519,2026,2026-06-30,learned_market,20260911,0.4684883421927167,0.4684883421927167,0,0
fixed_transform_step25,3764,2026-07-31,2026-08-10,0.0300318732435738,2026,2026-06-30,learned_market,20260911,0.45401726179732077,0.45401726179732077,0,1
fixed_transform_step25,3769,2026-08-07,2026-08-17,-0.0056482265760339,2026,2026-06-30,learned_market,20260911,0.34035662613178164,0.34035662613178164,0,0
fixed_transform_step25,3774,2026-08-14,2026-08-24,-0.0109860710402629,2026,2026-06-30,learned_market,20260911,0.470151860477032,0.470151860477032,0,0
fixed_transform_step25,3779,2026-08-21,2026-08-31,-0.0127592811002066,2026,2026-06-30,learned_market,20260911,0.4451267460409563,0.4451267460409563,0,0
fixed_transform_step25,3744,2026-07-03,2026-07-13,-0.0252847876365399,2026,2026-06-30,learned_vol_interaction,20260911,0.5158632758439325,0.5158632758439325,1,0
fixed_transform_step25,3749,2026-07-10,2026-07-20,-0.035775397012711,2026,2026-06-30,learned_vol_interaction,20260911,0.4669720509269496,0.4669720509269496,0,0
fixed_transform_step25,3754,2026-07-17,2026-07-27,0.01756245533441,2026,2026-06-30,learned_vol_interaction,20260911,0.473701106478455,0.473701106478455,0,1
fixed_transform_step25,3759,2026-07-24,2026-08-03,-0.0202339761556519,2026,2026-06-30,learned_vol_interaction,20260911,0.48838975899116743,0.48838975899116743,0,0
fixed_transform_step25,3764,2026-07-31,2026-08-10,0.0300318732435738,2026,2026-06-30,learned_vol_interaction,20260911,0.4721395204011891,0.4721395204011891,0,1
fixed_transform_step25,3769,2026-08-07,2026-08-17,-0.0056482265760339,2026,2026-06-30,learned_vol_interaction,20260911,0.38680363892488245,0.38680363892488245,0,0
fixed_transform_step25,3774,2026-08-14,2026-08-24,-0.0109860710402629,2026,2026-06-30,learned_vol_interaction,20260911,0.4773650214203969,0.4773650214203969,0,0
fixed_transform_step25,3779,2026-08-21,2026-08-31,-0.0127592811002066,2026,2026-06-30,learned_vol_interaction,20260911,0.45489978749324395,0.45489978749324395,0,0
fixed_transform_step25,3744,2026-07-03,2026-07-13,-0.0252847876365399,2026,2026-06-30,learned_order_extension,20260911,0.483171419691989,0.483171419691989,0,0
fixed_transform_step25,3749,2026-07-10,2026-07-20,-0.035775397012711,2026,2026-06-30,learned_order_extension,20260911,0.425605708369901,0.425605708369901,0,0
fixed_transform_step25,3754,2026-07-17,2026-07-27,0.01756245533441,2026,2026-06-30,learned_order_extension,20260911,0.4608020537927099,0.4608020537927099,0,1
fixed_transform_step25,3759,2026-07-24,2026-08-03,-0.0202339761556519,2026,2026-06-30,learned_order_extension,20260911,0.4777719361924768,0.4777719361924768,0,0
fixed_transform_step25,3764,2026-07-31,2026-08-10,0.0300318732435738,2026,2026-06-30,learned_order_extension,20260911,0.45956535986349806,0.45956535986349806,0,1
fixed_transform_step25,3769,2026-08-07,2026-08-17,-0.0056482265760339,2026,2026-06-30,learned_order_extension,20260911,0.33477374084766065,0.33477374084766065,0,0
fixed_transform_step25,3774,2026-08-14,2026-08-24,-0.0109860710402629,2026,2026-06-30,learned_order_extension,20260911,0.4790994647391923,0.4790994647391923,0,0
fixed_transform_step25,3779,2026-08-21,2026-08-31,-0.0127592811002066,2026,2026-06-30,learned_order_extension,20260911,0.45536844073813615,0.45536844073813615,0,0
fixed_transform_step25,3744,2026-07-03,2026-07-13,-0.0252847876365399,2026,2026-06-30,learned_order_offset,20260911,0.4840056419463517,0.4840056419463517,0,0
fixed_transform_step25,3749,2026-07-10,2026-07-20,-0.035775397012711,2026,2026-06-30,learned_order_offset,20260911,0.4264430360793156,0.4264430360793156,0,0
fixed_transform_step25,3754,2026-07-17,2026-07-27,0.01756245533441,2026,2026-06-30,learned_order_offset,20260911,0.4617193125766329,0.4617193125766329,0,1
fixed_transform_step25,3759,2026-07-24,2026-08-03,-0.0202339761556519,2026,2026-06-30,learned_order_offset,20260911,0.4780998509017292,0.4780998509017292,0,0
fixed_transform_step25,3764,2026-07-31,2026-08-10,0.0300318732435738,2026,2026-06-30,learned_order_offset,20260911,0.4606247303007141,0.4606247303007141,0,1
fixed_transform_step25,3769,2026-08-07,2026-08-17,-0.0056482265760339,2026,2026-06-30,learned_order_offset,20260911,0.3361440451822495,0.3361440451822495,0,0
fixed_transform_step25,3774,2026-08-14,2026-08-24,-0.0109860710402629,2026,2026-06-30,learned_order_offset,20260911,0.4802587667784909,0.4802587667784909,0,0
fixed_transform_step25,3779,2026-08-21,2026-08-31,-0.0127592811002066,2026,2026-06-30,learned_order_offset,20260911,0.4563801958945547,0.4563801958945547,0,0
fixed_transform_step25,3744,2026-07-03,2026-07-13,-0.0252847876365399,2026,2026-06-30,learned_market,20260912,0.5145046899977761,0.5145046899977761,1,0
fixed_transform_step25,3749,2026-07-10,2026-07-20,-0.035775397012711,2026,2026-06-30,learned_market,20260912,0.5445322862903735,0.5445322862903735,1,0
fixed_transform_step25,3754,2026-07-17,2026-07-27,0.01756245533441,2026,2026-06-30,learned_market,20260912,0.465645071424008,0.465645071424008,0,1
fixed_transform_step25,3759,2026-07-24,2026-08-03,-0.0202339761556519,2026,2026-06-30,learned_market,20260912,0.4826425739166419,0.4826425739166419,0,0
fixed_transform_step25,3764,2026-07-31,2026-08-10,0.0300318732435738,2026,2026-06-30,learned_market,20260912,0.48825660708761137,0.48825660708761137,0,1
fixed_transform_step25,3769,2026-08-07,2026-08-17,-0.0056482265760339,2026,2026-06-30,learned_market,20260912,0.5347223706308197,0.5347223706308197,1,0
fixed_transform_step25,3774,2026-08-14,2026-08-24,-0.0109860710402629,2026,2026-06-30,learned_market,20260912,0.5048575389726856,0.5048575389726856,1,0
fixed_transform_step25,3779,2026-08-21,2026-08-31,-0.0127592811002066,2026,2026-06-30,learned_market,20260912,0.47598341842455244,0.47598341842455244,0,0
fixed_transform_step25,3744,2026-07-03,2026-07-13,-0.0252847876365399,2026,2026-06-30,learned_vol_interaction,20260912,0.5261996354219094,0.5261996354219094,1,0
fixed_transform_step25,3749,2026-07-10,2026-07-20,-0.035775397012711,2026,2026-06-30,learned_vol_interaction,20260912,0.5474639677726956,0.5474639677726956,1,0
fixed_transform_step25,3754,2026-07-17,2026-07-27,0.01756245533441,2026,2026-06-30,learned_vol_interaction,20260912,0.5296893264686812,0.5296893264686812,1,1
fixed_transform_step25,3759,2026-07-24,2026-08-03,-0.0202339761556519,2026,2026-06-30,learned_vol_interaction,20260912,0.5317706082102435,0.5317706082102435,1,0
fixed_transform_step25,3764,2026-07-31,2026-08-10,0.0300318732435738,2026,2026-06-30,learned_vol_interaction,20260912,0.5103410158878352,0.5103410158878352,1,1
fixed_transform_step25,3769,2026-08-07,2026-08-17,-0.0056482265760339,2026,2026-06-30,learned_vol_interaction,20260912,0.5093468263104148,0.5093468263104148,1,0
fixed_transform_step25,3774,2026-08-14,2026-08-24,-0.0109860710402629,2026,2026-06-30,learned_vol_interaction,20260912,0.4966848154806846,0.4966848154806846,0,0
fixed_transform_step25,3779,2026-08-21,2026-08-31,-0.0127592811002066,2026,2026-06-30,learned_vol_interaction,20260912,0.46838209726780505,0.46838209726780505,0,0
fixed_transform_step25,3744,2026-07-03,2026-07-13,-0.0252847876365399,2026,2026-06-30,learned_order_extension,20260912,0.5154309598527552,0.5154309598527552,1,0
fixed_transform_step25,3749,2026-07-10,2026-07-20,-0.035775397012711,2026,2026-06-30,learned_order_extension,20260912,0.546939699492375,0.546939699492375,1,0
fixed_transform_step25,3754,2026-07-17,2026-07-27,0.01756245533441,2026,2026-06-30,learned_order_extension,20260912,0.5215013902526474,0.5215013902526474,1,1
fixed_transform_step25,3759,2026-07-24,2026-08-03,-0.0202339761556519,2026,2026-06-30,learned_order_extension,20260912,0.5197505013693449,0.5197505013693449,1,0
fixed_transform_step25,3764,2026-07-31,2026-08-10,0.0300318732435738,2026,2026-06-30,learned_order_extension,20260912,0.4996444727541831,0.4996444727541831,0,1
fixed_transform_step25,3769,2026-08-07,2026-08-17,-0.0056482265760339,2026,2026-06-30,learned_order_extension,20260912,0.5157367131457289,0.5157367131457289,1,0
fixed_transform_step25,3774,2026-08-14,2026-08-24,-0.0109860710402629,2026,2026-06-30,learned_order_extension,20260912,0.5005028199839996,0.5005028199839996,1,0
fixed_transform_step25,3779,2026-08-21,2026-08-31,-0.0127592811002066,2026,2026-06-30,learned_order_extension,20260912,0.47376797798744663,0.47376797798744663,0,0
fixed_transform_step25,3744,2026-07-03,2026-07-13,-0.0252847876365399,2026,2026-06-30,learned_order_offset,20260912,0.5154187589530738,0.5154187589530738,1,0
fixed_transform_step25,3749,2026-07-10,2026-07-20,-0.035775397012711,2026,2026-06-30,learned_order_offset,20260912,0.5471270452656047,0.5471270452656047,1,0
fixed_transform_step25,3754,2026-07-17,2026-07-27,0.01756245533441,2026,2026-06-30,learned_order_offset,20260912,0.5224969118956393,0.5224969118956393,1,1
fixed_transform_step25,3759,2026-07-24,2026-08-03,-0.0202339761556519,2026,2026-06-30,learned_order_offset,20260912,0.5209185446608008,0.5209185446608008,1,0
fixed_transform_step25,3764,2026-07-31,2026-08-10,0.0300318732435738,2026,2026-06-30,learned_order_offset,20260912,0.5005482557628471,0.5005482557628471,1,1
fixed_transform_step25,3769,2026-08-07,2026-08-17,-0.0056482265760339,2026,2026-06-30,learned_order_offset,20260912,0.516254407349531,0.516254407349531,1,0
fixed_transform_step25,3774,2026-08-14,2026-08-24,-0.0109860710402629,2026,2026-06-30,learned_order_offset,20260912,0.5009999727564837,0.5009999727564837,1,0
fixed_transform_step25,3779,2026-08-21,2026-08-31,-0.0127592811002066,2026,2026-06-30,learned_order_offset,20260912,0.4744578621983609,0.4744578621983609,0,0
fixed_transform_step25,2418,2021-01-08,2021-01-18,-0.0120052904669853,2021,2020-12-31,native_mse,20260910,-0.00016719672473286887,,0,0
fixed_transform_step25,2423,2021-01-15,2021-01-25,0.0231622460538123,2021,2020-12-31,native_mse,20260910,-0.0024576018862454926,,0,1
fixed_transform_step25,2428,2021-01-22,2021-02-01,-0.0372511735907923,2021,2020-12-31,native_mse,20260910,-0.003647746896638798,,0,0
fixed_transform_step25,2433,2021-01-29,2021-02-08,0.0278689901714626,2021,2020-12-31,native_mse,20260910,-0.0025472735860022446,,0,1
fixed_transform_step25,2438,2021-02-05,2021-02-22,0.0507379035040882,2021,2020-12-31,native_mse,20260910,-0.0030793775400414984,,0,1
fixed_transform_step25,2443,2021-02-19,2021-03-01,-0.0684918010685315,2021,2020-12-31,native_mse,20260910,-0.0023490676188242655,,0,0
fixed_transform_step25,2448,2021-02-26,2021-03-08,-0.0165997123904068,2021,2020-12-31,native_mse,20260910,-0.0023665663755005908,,0,0
fixed_transform_step25,2453,2021-03-05,2021-03-15,-0.0346560901469681,2021,2020-12-31,native_mse,20260910,-0.0014253865572098575,,0,0
fixed_transform_step25,2458,2021-03-12,2021-03-22,-0.0210550182560221,2021,2020-12-31,native_mse,20260910,-0.0005000901973691782,,0,0
fixed_transform_step25,2463,2021-03-19,2021-03-29,0.0087572877565691,2021,2020-12-31,native_mse,20260910,0.006023340982564988,,1,1
fixed_transform_step25,2468,2021-03-26,2021-04-06,0.0250145479448802,2021,2020-12-31,native_mse,20260910,0.005598392317839315,,1,1
fixed_transform_step25,2473,2021-04-02,2021-04-12,-0.0292856811827044,2021,2020-12-31,native_mse,20260910,0.0036485752776130036,,1,0
fixed_transform_step25,2477,2021-04-09,2021-04-19,-0.0120489836840408,2021,2020-12-31,native_mse,20260910,0.007350243400305611,,1,0
fixed_transform_step25,2482,2021-04-16,2021-04-26,0.0382932540809155,2021,2020-12-31,native_mse,20260910,0.002900059176571625,,1,1
fixed_transform_step25,2487,2021-04-23,2021-05-06,-0.0112070185917437,2021,2020-12-31,native_mse,20260910,0.007596625467989239,,1,0
fixed_transform_step25,2492,2021-04-30,2021-05-12,-0.0190946889464188,2021,2020-12-31,native_mse,20260910,0.007105998256782256,,1,0
fixed_transform_step25,2494,2021-05-07,2021-05-17,0.0227674429764228,2021,2020-12-31,native_mse,20260910,0.0072995237328683515,,1,1
fixed_transform_step25,2499,2021-05-14,2021-05-24,0.0045940519733895,2021,2020-12-31,native_mse,20260910,0.006906583839110419,,1,1
fixed_transform_step25,2504,2021-05-21,2021-05-31,0.0348855085126711,2021,2020-12-31,native_mse,20260910,0.0039949465805707365,,1,1
fixed_transform_step25,2509,2021-05-28,2021-06-07,-0.0062409741861724,2021,2020-12-31,native_mse,20260910,0.004302626766656515,,1,0
fixed_transform_step25,2514,2021-06-04,2021-06-15,-0.0125508761771767,2021,2020-12-31,native_mse,20260910,0.0018010688105476373,,1,0
fixed_transform_step25,2519,2021-06-11,2021-06-21,-0.0250011497424577,2021,2020-12-31,native_mse,20260910,-0.0027939130847951473,,0,0
fixed_transform_step25,2523,2021-06-18,2021-06-28,0.0325308711127356,2021,2020-12-31,native_mse,20260910,-0.0024054667576293687,,0,1
fixed_transform_step25,2528,2021-06-25,2021-07-05,-0.0342297962734196,2021,2020-12-31,native_mse,20260910,-0.0021641013171994155,,0,0
fixed_transform_step25,2533,2021-07-02,2021-07-12,0.0068193733271841,2021,2020-12-31,native_mse,20260910,-0.002740282150259048,,0,1
fixed_transform_step25,2538,2021-07-09,2021-07-19,-0.0048254045313779,2021,2020-12-31,native_mse,20260910,-0.0025804416168060183,,0,0
fixed_transform_step25,2543,2021-07-16,2021-07-26,-0.0032299118953994,2021,2020-12-31,native_mse,20260910,-0.0035112489700114967,,0,0
fixed_transform_step25,2548,2021-07-23,2021-08-02,-0.0537740931579083,2021,2020-12-31,native_mse,20260910,-0.002252148085559406,,0,0
fixed_transform_step25,2553,2021-07-30,2021-08-09,0.019904813945049,2021,2020-12-31,native_mse,20260910,-0.0013935392955686378,,0,1
fixed_transform_step25,2558,2021-08-06,2021-08-16,0.0093369268709639,2021,2020-12-31,native_mse,20260910,-0.0008547058545780883,,0,1
fixed_transform_step25,2563,2021-08-13,2021-08-23,-0.032048736608373,2021,2020-12-31,native_mse,20260910,-0.0010996712313164061,,0,0
fixed_transform_step25,2568,2021-08-20,2021-08-30,0.0145047962107527,2021,2020-12-31,native_mse,20260910,0.0014984460902095808,,1,1
fixed_transform_step25,2573,2021-08-27,2021-09-06,-0.0012316820816045,2021,2020-12-31,native_mse,20260910,0.006590900742918945,,1,0
fixed_transform_step25,2578,2021-09-03,2021-09-13,0.0342301066295398,2021,2020-12-31,native_mse,20260910,0.009486980636077728,,1,1
fixed_transform_step25,2583,2021-09-10,2021-09-22,-0.0471441667981554,2021,2020-12-31,native_mse,20260910,0.009371153033789907,,1,0
fixed_transform_step25,2588,2021-09-17,2021-09-28,0.0209863060789441,2021,2020-12-31,native_mse,20260910,0.009603132896707183,,1,1
fixed_transform_step25,2591,2021-09-24,2021-10-11,0.0144615416200457,2021,2020-12-31,native_mse,20260910,0.009682760274058575,,1,1
fixed_transform_step25,2596,2021-10-08,2021-10-18,-0.0038006269617851,2021,2020-12-31,native_mse,20260910,0.009091248352644028,,1,0
fixed_transform_step25,2601,2021-10-15,2021-10-25,0.0037358989621147,2021,2020-12-31,native_mse,20260910,0.008469619450977196,,1,1
fixed_transform_step25,2606,2021-10-22,2021-11-01,-0.0127041632091318,2021,2020-12-31,native_mse,20260910,0.0008933657456787875,,1,0
fixed_transform_step25,2611,2021-10-29,2021-11-08,-0.0075807737801166,2021,2020-12-31,native_mse,20260910,0.002406790555140204,,1,0
fixed_transform_step25,2616,2021-11-05,2021-11-15,0.0110015182343039,2021,2020-12-31,native_mse,20260910,0.004495816516502967,,1,1
fixed_transform_step25,2621,2021-11-12,2021-11-22,0.0002002284238551,2021,2020-12-31,native_mse,20260910,0.008345328596010884,,1,1
fixed_transform_step25,2626,2021-11-19,2021-11-29,-0.0153981603100059,2021,2020-12-31,native_mse,20260910,0.006936498727743483,,1,0
fixed_transform_step25,2631,2021-11-26,2021-12-06,0.0185518287306458,2021,2020-12-31,native_mse,20260910,0.0043122154605937865,,1,1
fixed_transform_step25,2636,2021-12-03,2021-12-13,0.0367843110096284,2021,2020-12-31,native_mse,20260910,0.003903132217743633,,1,1
fixed_transform_step25,2641,2021-12-10,2021-12-20,-0.0304615698955996,2021,2020-12-31,native_mse,20260910,0.0011584734670292821,,1,0
fixed_transform_step25,2646,2021-12-17,2021-12-27,-0.0034083287233763,2021,2020-12-31,native_mse,20260910,0.008060168302998738,,1,0
fixed_transform_step25,2651,2021-12-24,2022-01-04,0.0080985736506613,2021,2020-12-31,native_mse,20260910,0.0074924187486900135,,1,1
fixed_transform_step25,2656,2021-12-31,2022-01-10,-0.0293970528320001,2021,2020-12-31,native_mse,20260910,0.008334791957105143,,1,0
fixed_transform_step25,2418,2021-01-08,2021-01-18,-0.0120052904669853,2021,2020-12-31,native_mse,20260911,0.008552411017393067,,1,0
fixed_transform_step25,2423,2021-01-15,2021-01-25,0.0231622460538123,2021,2020-12-31,native_mse,20260911,0.004218820233000888,,1,1
fixed_transform_step25,2428,2021-01-22,2021-02-01,-0.0372511735907923,2021,2020-12-31,native_mse,20260911,0.004959951689017089,,1,0
fixed_transform_step25,2433,2021-01-29,2021-02-08,0.0278689901714626,2021,2020-12-31,native_mse,20260911,-0.006242641410233065,,0,1
fixed_transform_step25,2438,2021-02-05,2021-02-22,0.0507379035040882,2021,2020-12-31,native_mse,20260911,0.0007951359987466982,,1,1
fixed_transform_step25,2443,2021-02-19,2021-03-01,-0.0684918010685315,2021,2020-12-31,native_mse,20260911,-0.0016330918552967294,,0,0
fixed_transform_step25,2448,2021-02-26,2021-03-08,-0.0165997123904068,2021,2020-12-31,native_mse,20260911,-0.00533638880364651,,0,0
fixed_transform_step25,2453,2021-03-05,2021-03-15,-0.0346560901469681,2021,2020-12-31,native_mse,20260911,-0.011674592766508288,,0,0
fixed_transform_step25,2458,2021-03-12,2021-03-22,-0.0210550182560221,2021,2020-12-31,native_mse,20260911,-0.007847066861436623,,0,0
fixed_transform_step25,2463,2021-03-19,2021-03-29,0.0087572877565691,2021,2020-12-31,native_mse,20260911,-0.0039060339233599494,,0,1
fixed_transform_step25,2468,2021-03-26,2021-04-06,0.0250145479448802,2021,2020-12-31,native_mse,20260911,0.0009273635613917179,,1,1
fixed_transform_step25,2473,2021-04-02,2021-04-12,-0.0292856811827044,2021,2020-12-31,native_mse,20260911,-0.0027355840325147787,,0,0
fixed_transform_step25,2477,2021-04-09,2021-04-19,-0.0120489836840408,2021,2020-12-31,native_mse,20260911,-0.0036343506408249315,,0,0
fixed_transform_step25,2482,2021-04-16,2021-04-26,0.0382932540809155,2021,2020-12-31,native_mse,20260911,-0.0006724515978878938,,0,1
fixed_transform_step25,2487,2021-04-23,2021-05-06,-0.0112070185917437,2021,2020-12-31,native_mse,20260911,0.0055289088739753755,,1,0
fixed_transform_step25,2492,2021-04-30,2021-05-12,-0.0190946889464188,2021,2020-12-31,native_mse,20260911,0.0033327575219957396,,1,0
fixed_transform_step25,2494,2021-05-07,2021-05-17,0.0227674429764228,2021,2020-12-31,native_mse,20260911,0.0021669511395786133,,1,1
fixed_transform_step25,2499,2021-05-14,2021-05-24,0.0045940519733895,2021,2020-12-31,native_mse,20260911,0.0011114542693073139,,1,1
fixed_transform_step25,2504,2021-05-21,2021-05-31,0.0348855085126711,2021,2020-12-31,native_mse,20260911,0.008400289317996804,,1,1
fixed_transform_step25,2509,2021-05-28,2021-06-07,-0.0062409741861724,2021,2020-12-31,native_mse,20260911,0.0007953145198423817,,1,0
fixed_transform_step25,2514,2021-06-04,2021-06-15,-0.0125508761771767,2021,2020-12-31,native_mse,20260911,-0.007020166164517651,,0,0
fixed_transform_step25,2519,2021-06-11,2021-06-21,-0.0250011497424577,2021,2020-12-31,native_mse,20260911,-0.008619872591947365,,0,0
fixed_transform_step25,2523,2021-06-18,2021-06-28,0.0325308711127356,2021,2020-12-31,native_mse,20260911,-0.008791375820448139,,0,1
fixed_transform_step25,2528,2021-06-25,2021-07-05,-0.0342297962734196,2021,2020-12-31,native_mse,20260911,-0.008045520831514462,,0,0
fixed_transform_step25,2533,2021-07-02,2021-07-12,0.0068193733271841,2021,2020-12-31,native_mse,20260911,-0.007174844548354277,,0,1
fixed_transform_step25,2538,2021-07-09,2021-07-19,-0.0048254045313779,2021,2020-12-31,native_mse,20260911,-0.015340492927170088,,0,0
fixed_transform_step25,2543,2021-07-16,2021-07-26,-0.0032299118953994,2021,2020-12-31,native_mse,20260911,-0.005208717730643443,,0,0
fixed_transform_step25,2548,2021-07-23,2021-08-02,-0.0537740931579083,2021,2020-12-31,native_mse,20260911,-0.005850917345567664,,0,0
fixed_transform_step25,2553,2021-07-30,2021-08-09,0.019904813945049,2021,2020-12-31,native_mse,20260911,-0.0028205260505218244,,0,1
fixed_transform_step25,2558,2021-08-06,2021-08-16,0.0093369268709639,2021,2020-12-31,native_mse,20260911,0.0007831311211854701,,1,1
fixed_transform_step25,2563,2021-08-13,2021-08-23,-0.032048736608373,2021,2020-12-31,native_mse,20260911,-0.0005906639308137641,,0,0
fixed_transform_step25,2568,2021-08-20,2021-08-30,0.0145047962107527,2021,2020-12-31,native_mse,20260911,-0.004641917146108556,,0,1
fixed_transform_step25,2573,2021-08-27,2021-09-06,-0.0012316820816045,2021,2020-12-31,native_mse,20260911,0.014579973106645959,,1,0
fixed_transform_step25,2578,2021-09-03,2021-09-13,0.0342301066295398,2021,2020-12-31,native_mse,20260911,0.008593989010996025,,1,1
fixed_transform_step25,2583,2021-09-10,2021-09-22,-0.0471441667981554,2021,2020-12-31,native_mse,20260911,0.008313547741757724,,1,0
fixed_transform_step25,2588,2021-09-17,2021-09-28,0.0209863060789441,2021,2020-12-31,native_mse,20260911,0.01165935650344279,,1,1
fixed_transform_step25,2591,2021-09-24,2021-10-11,0.0144615416200457,2021,2020-12-31,native_mse,20260911,0.005518532924551857,,1,1
fixed_transform_step25,2596,2021-10-08,2021-10-18,-0.0038006269617851,2021,2020-12-31,native_mse,20260911,0.012263523541426666,,1,0
fixed_transform_step25,2601,2021-10-15,2021-10-25,0.0037358989621147,2021,2020-12-31,native_mse,20260911,0.005744974739242532,,1,1
fixed_transform_step25,2606,2021-10-22,2021-11-01,-0.0127041632091318,2021,2020-12-31,native_mse,20260911,-0.002876912071818175,,0,0
fixed_transform_step25,2611,2021-10-29,2021-11-08,-0.0075807737801166,2021,2020-12-31,native_mse,20260911,0.007299876265916085,,1,0
fixed_transform_step25,2616,2021-11-05,2021-11-15,0.0110015182343039,2021,2020-12-31,native_mse,20260911,0.01509194783358179,,1,1
fixed_transform_step25,2621,2021-11-12,2021-11-22,0.0002002284238551,2021,2020-12-31,native_mse,20260911,0.015091062401740971,,1,1
fixed_transform_step25,2626,2021-11-19,2021-11-29,-0.0153981603100059,2021,2020-12-31,native_mse,20260911,0.0038828482450291406,,1,0
fixed_transform_step25,2631,2021-11-26,2021-12-06,0.0185518287306458,2021,2020-12-31,native_mse,20260911,0.012319022901115752,,1,1
fixed_transform_step25,2636,2021-12-03,2021-12-13,0.0367843110096284,2021,2020-12-31,native_mse,20260911,-0.0032795392457900994,,0,1
fixed_transform_step25,2641,2021-12-10,2021-12-20,-0.0304615698955996,2021,2020-12-31,native_mse,20260911,0.0011267436480836153,,1,0
fixed_transform_step25,2646,2021-12-17,2021-12-27,-0.0034083287233763,2021,2020-12-31,native_mse,20260911,0.009051863032613542,,1,0
fixed_transform_step25,2651,2021-12-24,2022-01-04,0.0080985736506613,2021,2020-12-31,native_mse,20260911,0.011692479032888078,,1,1
fixed_transform_step25,2656,2021-12-31,2022-01-10,-0.0293970528320001,2021,2020-12-31,native_mse,20260911,0.0061027978323025915,,1,0
fixed_transform_step25,2418,2021-01-08,2021-01-18,-0.0120052904669853,2021,2020-12-31,native_mse,20260912,0.001397497585867654,,1,0
fixed_transform_step25,2423,2021-01-15,2021-01-25,0.0231622460538123,2021,2020-12-31,native_mse,20260912,0.0006715229500529757,,1,1
fixed_transform_step25,2428,2021-01-22,2021-02-01,-0.0372511735907923,2021,2020-12-31,native_mse,20260912,0.0008989216255188498,,1,0
fixed_transform_step25,2433,2021-01-29,2021-02-08,0.0278689901714626,2021,2020-12-31,native_mse,20260912,0.0007959764416317159,,1,1
fixed_transform_step25,2438,2021-02-05,2021-02-22,0.0507379035040882,2021,2020-12-31,native_mse,20260912,0.0012803740659475327,,1,1
fixed_transform_step25,2443,2021-02-19,2021-03-01,-0.0684918010685315,2021,2020-12-31,native_mse,20260912,0.0009133829615551264,,1,0
fixed_transform_step25,2448,2021-02-26,2021-03-08,-0.0165997123904068,2021,2020-12-31,native_mse,20260912,0.0013704992420810927,,1,0
fixed_transform_step25,2453,2021-03-05,2021-03-15,-0.0346560901469681,2021,2020-12-31,native_mse,20260912,0.0008756814992302536,,1,0
fixed_transform_step25,2458,2021-03-12,2021-03-22,-0.0210550182560221,2021,2020-12-31,native_mse,20260912,0.0011757184818956695,,1,0
fixed_transform_step25,2463,2021-03-19,2021-03-29,0.0087572877565691,2021,2020-12-31,native_mse,20260912,0.0010792053864410744,,1,1
fixed_transform_step25,2468,2021-03-26,2021-04-06,0.0250145479448802,2021,2020-12-31,native_mse,20260912,0.0011499309968955886,,1,1
fixed_transform_step25,2473,2021-04-02,2021-04-12,-0.0292856811827044,2021,2020-12-31,native_mse,20260912,0.0010410156043567688,,1,0
fixed_transform_step25,2477,2021-04-09,2021-04-19,-0.0120489836840408,2021,2020-12-31,native_mse,20260912,0.0015346227958627386,,1,0
fixed_transform_step25,2482,2021-04-16,2021-04-26,0.0382932540809155,2021,2020-12-31,native_mse,20260912,0.001333459240383137,,1,1
fixed_transform_step25,2487,2021-04-23,2021-05-06,-0.0112070185917437,2021,2020-12-31,native_mse,20260912,0.0016691075435783544,,1,0
fixed_transform_step25,2492,2021-04-30,2021-05-12,-0.0190946889464188,2021,2020-12-31,native_mse,20260912,0.0008697905080337705,,1,0
fixed_transform_step25,2494,2021-05-07,2021-05-17,0.0227674429764228,2021,2020-12-31,native_mse,20260912,0.0011496090030479206,,1,1
fixed_transform_step25,2499,2021-05-14,2021-05-24,0.0045940519733895,2021,2020-12-31,native_mse,20260912,0.0010483063772099349,,1,1
fixed_transform_step25,2504,2021-05-21,2021-05-31,0.0348855085126711,2021,2020-12-31,native_mse,20260912,0.0011439525898009322,,1,1
fixed_transform_step25,2509,2021-05-28,2021-06-07,-0.0062409741861724,2021,2020-12-31,native_mse,20260912,0.0011525125328662067,,1,0
fixed_transform_step25,2514,2021-06-04,2021-06-15,-0.0125508761771767,2021,2020-12-31,native_mse,20260912,0.0007128828650729158,,1,0
fixed_transform_step25,2519,2021-06-11,2021-06-21,-0.0250011497424577,2021,2020-12-31,native_mse,20260912,0.0008407535701623152,,1,0
fixed_transform_step25,2523,2021-06-18,2021-06-28,0.0325308711127356,2021,2020-12-31,native_mse,20260912,0.0005295128002944305,,1,1
fixed_transform_step25,2528,2021-06-25,2021-07-05,-0.0342297962734196,2021,2020-12-31,native_mse,20260912,0.0004392776625445282,,1,0
fixed_transform_step25,2533,2021-07-02,2021-07-12,0.0068193733271841,2021,2020-12-31,native_mse,20260912,0.0008802423955353033,,1,1
fixed_transform_step25,2538,2021-07-09,2021-07-19,-0.0048254045313779,2021,2020-12-31,native_mse,20260912,0.001025036941487719,,1,0
fixed_transform_step25,2543,2021-07-16,2021-07-26,-0.0032299118953994,2021,2020-12-31,native_mse,20260912,0.0009848540154367372,,1,0
fixed_transform_step25,2548,2021-07-23,2021-08-02,-0.0537740931579083,2021,2020-12-31,native_mse,20260912,0.0010837390229232473,,1,0
fixed_transform_step25,2553,2021-07-30,2021-08-09,0.019904813945049,2021,2020-12-31,native_mse,20260912,0.0007753634039124927,,1,1
fixed_transform_step25,2558,2021-08-06,2021-08-16,0.0093369268709639,2021,2020-12-31,native_mse,20260912,0.0010686946751112278,,1,1
fixed_transform_step25,2563,2021-08-13,2021-08-23,-0.032048736608373,2021,2020-12-31,native_mse,20260912,0.0016819071064647707,,1,0
fixed_transform_step25,2568,2021-08-20,2021-08-30,0.0145047962107527,2021,2020-12-31,native_mse,20260912,0.0015674609930577542,,1,1
fixed_transform_step25,2573,2021-08-27,2021-09-06,-0.0012316820816045,2021,2020-12-31,native_mse,20260912,0.0015518786224257932,,1,0
fixed_transform_step25,2578,2021-09-03,2021-09-13,0.0342301066295398,2021,2020-12-31,native_mse,20260912,0.0015775578367383941,,1,1
fixed_transform_step25,2583,2021-09-10,2021-09-22,-0.0471441667981554,2021,2020-12-31,native_mse,20260912,0.00097730888589041,,1,0
fixed_transform_step25,2588,2021-09-17,2021-09-28,0.0209863060789441,2021,2020-12-31,native_mse,20260912,0.0010514539644274003,,1,1
fixed_transform_step25,2591,2021-09-24,2021-10-11,0.0144615416200457,2021,2020-12-31,native_mse,20260912,0.0009736007301348337,,1,1
fixed_transform_step25,2596,2021-10-08,2021-10-18,-0.0038006269617851,2021,2020-12-31,native_mse,20260912,0.0017059097904301645,,1,0
fixed_transform_step25,2601,2021-10-15,2021-10-25,0.0037358989621147,2021,2020-12-31,native_mse,20260912,0.0013112113818953192,,1,1
fixed_transform_step25,2606,2021-10-22,2021-11-01,-0.0127041632091318,2021,2020-12-31,native_mse,20260912,0.001166627382206441,,1,0
fixed_transform_step25,2611,2021-10-29,2021-11-08,-0.0075807737801166,2021,2020-12-31,native_mse,20260912,0.0010497018546840582,,1,0
fixed_transform_step25,2616,2021-11-05,2021-11-15,0.0110015182343039,2021,2020-12-31,native_mse,20260912,0.0009666279543883876,,1,1
fixed_transform_step25,2621,2021-11-12,2021-11-22,0.0002002284238551,2021,2020-12-31,native_mse,20260912,0.00100753152357648,,1,1
fixed_transform_step25,2626,2021-11-19,2021-11-29,-0.0153981603100059,2021,2020-12-31,native_mse,20260912,0.0011440904261233744,,1,0
fixed_transform_step25,2631,2021-11-26,2021-12-06,0.0185518287306458,2021,2020-12-31,native_mse,20260912,0.0008222023383696463,,1,1
fixed_transform_step25,2636,2021-12-03,2021-12-13,0.0367843110096284,2021,2020-12-31,native_mse,20260912,0.000663622110562264,,1,1
fixed_transform_step25,2641,2021-12-10,2021-12-20,-0.0304615698955996,2021,2020-12-31,native_mse,20260912,0.0012207854253852776,,1,0
fixed_transform_step25,2646,2021-12-17,2021-12-27,-0.0034083287233763,2021,2020-12-31,native_mse,20260912,0.0012339786672550855,,1,0
fixed_transform_step25,2651,2021-12-24,2022-01-04,0.0080985736506613,2021,2020-12-31,native_mse,20260912,0.0010451229218044734,,1,1
fixed_transform_step25,2656,2021-12-31,2022-01-10,-0.0293970528320001,2021,2020-12-31,native_mse,20260912,0.001214204791414166,,1,0
fixed_transform_step25,2660,2022-01-07,2022-01-17,-0.0173453887283024,2022,2021-12-31,native_mse,20260910,-0.0034182510339292468,,0,0
fixed_transform_step25,2665,2022-01-14,2022-01-24,0.0053248631776616,2022,2021-12-31,native_mse,20260910,0.004761167720503064,,1,1
fixed_transform_step25,2670,2022-01-21,2022-02-07,-0.0242661876254222,2022,2021-12-31,native_mse,20260910,0.013137367547165641,,1,0
fixed_transform_step25,2675,2022-01-28,2022-02-14,-0.0127539031341488,2022,2021-12-31,native_mse,20260910,0.010886081661597602,,1,0
fixed_transform_step25,2680,2022-02-11,2022-02-21,0.0145498774954033,2022,2021-12-31,native_mse,20260910,0.008879219089809445,,1,1
fixed_transform_step25,2685,2022-02-18,2022-02-28,-0.0177161244498015,2022,2021-12-31,native_mse,20260910,0.009476567447344621,,1,0
fixed_transform_step25,2690,2022-02-25,2022-03-07,-0.0221791776043331,2022,2021-12-31,native_mse,20260910,0.01051598647298397,,1,0
fixed_transform_step25,2695,2022-03-04,2022-03-14,-0.0480378799422749,2022,2021-12-31,native_mse,20260910,0.007053677912636015,,1,0
fixed_transform_step25,2700,2022-03-11,2022-03-21,0.007530336734814,2022,2021-12-31,native_mse,20260910,0.010804442451387935,,1,1
fixed_transform_step25,2705,2022-03-18,2022-03-28,-0.0353493110038457,2022,2021-12-31,native_mse,20260910,0.0072982657258971444,,1,0
fixed_transform_step25,2710,2022-03-25,2022-04-06,0.0314834190717003,2022,2021-12-31,native_mse,20260910,0.007546796616275884,,1,1
fixed_transform_step25,2715,2022-04-01,2022-04-12,-0.0129237372705649,2022,2021-12-31,native_mse,20260910,0.006781430452769677,,1,0
fixed_transform_step25,2718,2022-04-08,2022-04-18,-0.0120986062576864,2022,2021-12-31,native_mse,20260910,0.00652895075643567,,1,0
fixed_transform_step25,2723,2022-04-15,2022-04-25,-0.0528494340140576,2022,2021-12-31,native_mse,20260910,0.006385447465197085,,1,0
fixed_transform_step25,2728,2022-04-22,2022-05-05,0.015736821365468,2022,2021-12-31,native_mse,20260910,0.005099274511858865,,1,1
fixed_transform_step25,2733,2022-04-29,2022-05-11,-0.0278824133054675,2022,2021-12-31,native_mse,20260910,0.004344044298975658,,1,0
fixed_transform_step25,2735,2022-05-06,2022-05-16,0.033741423035827,2022,2021-12-31,native_mse,20260910,0.0035518248227642247,,1,1
fixed_transform_step25,2740,2022-05-13,2022-05-23,0.0164308841843088,2022,2021-12-31,native_mse,20260910,0.002890441768532801,,1,1
fixed_transform_step25,2745,2022-05-20,2022-05-30,-0.0147293413085614,2022,2021-12-31,native_mse,20260910,0.002556802191789734,,1,0
fixed_transform_step25,2750,2022-05-27,2022-06-13,0.0431748431927498,2022,2021-12-31,native_mse,20260910,-0.006714076298392413,,0,1
fixed_transform_step25,2759,2022-06-10,2022-06-20,0.0306046547112142,2022,2021-12-31,native_mse,20260910,-0.0017160693271902699,,0,1
fixed_transform_step25,2764,2022-06-17,2022-06-27,0.0211666894141107,2022,2021-12-31,native_mse,20260910,-0.005554400786314341,,0,1
fixed_transform_step25,2769,2022-06-24,2022-07-04,0.0074507343130214,2022,2021-12-31,native_mse,20260910,-0.006611900023593844,,0,1
fixed_transform_step25,2774,2022-07-01,2022-07-11,-0.0092349827532707,2022,2021-12-31,native_mse,20260910,-0.001849659274069034,,0,0
fixed_transform_step25,2779,2022-07-08,2022-07-18,-0.0326815927737367,2022,2021-12-31,native_mse,20260910,-0.0036295526636022737,,0,0
fixed_transform_step25,2784,2022-07-15,2022-07-25,-0.0066210715249344,2022,2021-12-31,native_mse,20260910,-0.00726704662423343,,0,0
fixed_transform_step25,2789,2022-07-22,2022-08-01,-0.0173077967751003,2022,2021-12-31,native_mse,20260910,-0.005304375487712945,,0,0
fixed_transform_step25,2794,2022-07-29,2022-08-08,-0.004456034513838,2022,2021-12-31,native_mse,20260910,0.012166125781651363,,1,0
fixed_transform_step25,2799,2022-08-05,2022-08-15,0.0091475117753996,2022,2021-12-31,native_mse,20260910,0.004077391662883762,,1,1
fixed_transform_step25,2804,2022-08-12,2022-08-22,-0.0107272727272728,2022,2021-12-31,native_mse,20260910,0.0035826870942200968,,1,0
fixed_transform_step25,2809,2022-08-19,2022-08-29,-0.0172375434082356,2022,2021-12-31,native_mse,20260910,0.012796192349441387,,1,0
fixed_transform_step25,2814,2022-08-26,2022-09-05,-0.0131573766941938,2022,2021-12-31,native_mse,20260910,0.0045980644388349074,,1,0
fixed_transform_step25,2819,2022-09-02,2022-09-13,0.0253340680878015,2022,2021-12-31,native_mse,20260910,0.0016393163861851791,,1,1
fixed_transform_step25,2824,2022-09-09,2022-09-19,-0.044647264962877,2022,2021-12-31,native_mse,20260910,0.011024491197755238,,1,0
fixed_transform_step25,2828,2022-09-16,2022-09-26,-0.025155151434928,2022,2021-12-31,native_mse,20260910,0.0006249539921165778,,1,0
fixed_transform_step25,2833,2022-09-23,2022-10-10,-0.0060162941299352,2022,2021-12-31,native_mse,20260910,0.00941379002591237,,1,0
fixed_transform_step25,2838,2022-09-30,2022-10-17,0.0041192047412885,2022,2021-12-31,native_mse,20260910,-0.003455449604433236,,0,1
fixed_transform_step25,2843,2022-10-14,2022-10-24,-0.0246766294110258,2022,2021-12-31,native_mse,20260910,0.004982119577206458,,1,0
fixed_transform_step25,2848,2022-10-21,2022-10-31,-0.059928861134359,2022,2021-12-31,native_mse,20260910,0.004400428951388619,,1,0
fixed_transform_step25,2853,2022-10-28,2022-11-07,0.071339502526744,2022,2021-12-31,native_mse,20260910,-0.004533662272660886,,0,1
fixed_transform_step25,2858,2022-11-04,2022-11-14,0.0169449090696014,2022,2021-12-31,native_mse,20260910,0.009145763900992613,,1,1
fixed_transform_step25,2863,2022-11-11,2022-11-21,-0.0127051391515239,2022,2021-12-31,native_mse,20260910,0.005105981957746508,,1,0
fixed_transform_step25,2868,2022-11-18,2022-11-28,-0.0179672806084416,2022,2021-12-31,native_mse,20260910,0.004390010241707061,,1,0
fixed_transform_step25,2873,2022-11-25,2022-12-05,0.0555768659337096,2022,2021-12-31,native_mse,20260910,-0.0021694749097981593,,0,1
fixed_transform_step25,2878,2022-12-02,2022-12-12,0.0175374394775362,2022,2021-12-31,native_mse,20260910,-0.008963509314181651,,0,1
fixed_transform_step25,2883,2022-12-09,2022-12-19,-0.0058850602464181,2022,2021-12-31,native_mse,20260910,-0.008742160121666592,,0,0
fixed_transform_step25,2888,2022-12-16,2022-12-26,-0.0309150292073658,2022,2021-12-31,native_mse,20260910,0.00021070675399415396,,1,0
fixed_transform_step25,2893,2022-12-23,2023-01-03,0.0089464492229616,2022,2021-12-31,native_mse,20260910,-0.006931659189351796,,0,1
fixed_transform_step25,2898,2022-12-30,2023-01-09,0.0345913414268119,2022,2021-12-31,native_mse,20260910,-0.004005139352311209,,0,1
fixed_transform_step25,2660,2022-01-07,2022-01-17,-0.0173453887283024,2022,2021-12-31,native_mse,20260911,0.007330315708159769,,1,0
fixed_transform_step25,2665,2022-01-14,2022-01-24,0.0053248631776616,2022,2021-12-31,native_mse,20260911,0.015471274729398543,,1,1
fixed_transform_step25,2670,2022-01-21,2022-02-07,-0.0242661876254222,2022,2021-12-31,native_mse,20260911,0.009873111042602054,,1,0
fixed_transform_step25,2675,2022-01-28,2022-02-14,-0.0127539031341488,2022,2021-12-31,native_mse,20260911,0.0025503118790792955,,1,0
fixed_transform_step25,2680,2022-02-11,2022-02-21,0.0145498774954033,2022,2021-12-31,native_mse,20260911,0.0063949393307865515,,1,1
fixed_transform_step25,2685,2022-02-18,2022-02-28,-0.0177161244498015,2022,2021-12-31,native_mse,20260911,0.004306186298337274,,1,0
fixed_transform_step25,2690,2022-02-25,2022-03-07,-0.0221791776043331,2022,2021-12-31,native_mse,20260911,0.00884306439536679,,1,0
fixed_transform_step25,2695,2022-03-04,2022-03-14,-0.0480378799422749,2022,2021-12-31,native_mse,20260911,0.008878575004775912,,1,0
fixed_transform_step25,2700,2022-03-11,2022-03-21,0.007530336734814,2022,2021-12-31,native_mse,20260911,0.008804997087552644,,1,1
fixed_transform_step25,2705,2022-03-18,2022-03-28,-0.0353493110038457,2022,2021-12-31,native_mse,20260911,0.0029149751065889705,,1,0
fixed_transform_step25,2710,2022-03-25,2022-04-06,0.0314834190717003,2022,2021-12-31,native_mse,20260911,0.009608904415587632,,1,1
fixed_transform_step25,2715,2022-04-01,2022-04-12,-0.0129237372705649,2022,2021-12-31,native_mse,20260911,0.013290024702572031,,1,0
fixed_transform_step25,2718,2022-04-08,2022-04-18,-0.0120986062576864,2022,2021-12-31,native_mse,20260911,0.0032429576095984285,,1,0
fixed_transform_step25,2723,2022-04-15,2022-04-25,-0.0528494340140576,2022,2021-12-31,native_mse,20260911,0.016983479995433693,,1,0
fixed_transform_step25,2728,2022-04-22,2022-05-05,0.015736821365468,2022,2021-12-31,native_mse,20260911,0.011987542362233185,,1,1
fixed_transform_step25,2733,2022-04-29,2022-05-11,-0.0278824133054675,2022,2021-12-31,native_mse,20260911,0.0046606294840712235,,1,0
fixed_transform_step25,2735,2022-05-06,2022-05-16,0.033741423035827,2022,2021-12-31,native_mse,20260911,-0.002196005566182584,,0,1
fixed_transform_step25,2740,2022-05-13,2022-05-23,0.0164308841843088,2022,2021-12-31,native_mse,20260911,0.0038854901281264037,,1,1
fixed_transform_step25,2745,2022-05-20,2022-05-30,-0.0147293413085614,2022,2021-12-31,native_mse,20260911,0.005767086549547615,,1,0
fixed_transform_step25,2750,2022-05-27,2022-06-13,0.0431748431927498,2022,2021-12-31,native_mse,20260911,0.001263767062796844,,1,1
fixed_transform_step25,2759,2022-06-10,2022-06-20,0.0306046547112142,2022,2021-12-31,native_mse,20260911,-0.0024637080117748144,,0,1
fixed_transform_step25,2764,2022-06-17,2022-06-27,0.0211666894141107,2022,2021-12-31,native_mse,20260911,-0.0034192691302211337,,0,1
fixed_transform_step25,2769,2022-06-24,2022-07-04,0.0074507343130214,2022,2021-12-31,native_mse,20260911,0.0007173637240202417,,1,1
fixed_transform_step25,2774,2022-07-01,2022-07-11,-0.0092349827532707,2022,2021-12-31,native_mse,20260911,0.00019356382111467723,,1,0
fixed_transform_step25,2779,2022-07-08,2022-07-18,-0.0326815927737367,2022,2021-12-31,native_mse,20260911,-0.002705313965036355,,0,0
fixed_transform_step25,2784,2022-07-15,2022-07-25,-0.0066210715249344,2022,2021-12-31,native_mse,20260911,-0.01432584048846508,,0,0
fixed_transform_step25,2789,2022-07-22,2022-08-01,-0.0173077967751003,2022,2021-12-31,native_mse,20260911,-0.01380965748442494,,0,0
fixed_transform_step25,2794,2022-07-29,2022-08-08,-0.004456034513838,2022,2021-12-31,native_mse,20260911,-0.0005052222003642227,,0,0
fixed_transform_step25,2799,2022-08-05,2022-08-15,0.0091475117753996,2022,2021-12-31,native_mse,20260911,0.011525493600414192,,1,1
fixed_transform_step25,2804,2022-08-12,2022-08-22,-0.0107272727272728,2022,2021-12-31,native_mse,20260911,0.011216024245490553,,1,0
fixed_transform_step25,2809,2022-08-19,2022-08-29,-0.0172375434082356,2022,2021-12-31,native_mse,20260911,0.011754323018096325,,1,0
fixed_transform_step25,2814,2022-08-26,2022-09-05,-0.0131573766941938,2022,2021-12-31,native_mse,20260911,0.015594603509631271,,1,0
fixed_transform_step25,2819,2022-09-02,2022-09-13,0.0253340680878015,2022,2021-12-31,native_mse,20260911,0.010900596081000016,,1,1
fixed_transform_step25,2824,2022-09-09,2022-09-19,-0.044647264962877,2022,2021-12-31,native_mse,20260911,0.009845699372826781,,1,0
fixed_transform_step25,2828,2022-09-16,2022-09-26,-0.025155151434928,2022,2021-12-31,native_mse,20260911,0.008491582609497948,,1,0
fixed_transform_step25,2833,2022-09-23,2022-10-10,-0.0060162941299352,2022,2021-12-31,native_mse,20260911,0.016496050845990925,,1,0
fixed_transform_step25,2838,2022-09-30,2022-10-17,0.0041192047412885,2022,2021-12-31,native_mse,20260911,0.0066528810646222045,,1,1
fixed_transform_step25,2843,2022-10-14,2022-10-24,-0.0246766294110258,2022,2021-12-31,native_mse,20260911,0.007009044538463505,,1,0
fixed_transform_step25,2848,2022-10-21,2022-10-31,-0.059928861134359,2022,2021-12-31,native_mse,20260911,0.010852556503638734,,1,0
fixed_transform_step25,2853,2022-10-28,2022-11-07,0.071339502526744,2022,2021-12-31,native_mse,20260911,0.006842543646863063,,1,1
fixed_transform_step25,2858,2022-11-04,2022-11-14,0.0169449090696014,2022,2021-12-31,native_mse,20260911,-0.008549410923537592,,0,1
fixed_transform_step25,2863,2022-11-11,2022-11-21,-0.0127051391515239,2022,2021-12-31,native_mse,20260911,-0.005215109557773304,,0,0
fixed_transform_step25,2868,2022-11-18,2022-11-28,-0.0179672806084416,2022,2021-12-31,native_mse,20260911,-0.010307087880643545,,0,0
fixed_transform_step25,2873,2022-11-25,2022-12-05,0.0555768659337096,2022,2021-12-31,native_mse,20260911,0.0013951717650121252,,1,1
fixed_transform_step25,2878,2022-12-02,2022-12-12,0.0175374394775362,2022,2021-12-31,native_mse,20260911,0.009832549235191711,,1,1
fixed_transform_step25,2883,2022-12-09,2022-12-19,-0.0058850602464181,2022,2021-12-31,native_mse,20260911,0.003809464155812216,,1,0
fixed_transform_step25,2888,2022-12-16,2022-12-26,-0.0309150292073658,2022,2021-12-31,native_mse,20260911,-0.00026475301217457076,,0,0
fixed_transform_step25,2893,2022-12-23,2023-01-03,0.0089464492229616,2022,2021-12-31,native_mse,20260911,0.0011212783896272817,,1,1
fixed_transform_step25,2898,2022-12-30,2023-01-09,0.0345913414268119,2022,2021-12-31,native_mse,20260911,-0.013209134532423342,,0,1
fixed_transform_step25,2660,2022-01-07,2022-01-17,-0.0173453887283024,2022,2021-12-31,native_mse,20260912,0.001814179283598589,,1,0
fixed_transform_step25,2665,2022-01-14,2022-01-24,0.0053248631776616,2022,2021-12-31,native_mse,20260912,0.0008133505012356114,,1,1
fixed_transform_step25,2670,2022-01-21,2022-02-07,-0.0242661876254222,2022,2021-12-31,native_mse,20260912,0.003394922189452561,,1,0
fixed_transform_step25,2675,2022-01-28,2022-02-14,-0.0127539031341488,2022,2021-12-31,native_mse,20260912,0.001858669558311765,,1,0
fixed_transform_step25,2680,2022-02-11,2022-02-21,0.0145498774954033,2022,2021-12-31,native_mse,20260912,0.003479305001395758,,1,1
fixed_transform_step25,2685,2022-02-18,2022-02-28,-0.0177161244498015,2022,2021-12-31,native_mse,20260912,0.00484344917433416,,1,0
fixed_transform_step25,2690,2022-02-25,2022-03-07,-0.0221791776043331,2022,2021-12-31,native_mse,20260912,0.004930593592929232,,1,0
fixed_transform_step25,2695,2022-03-04,2022-03-14,-0.0480378799422749,2022,2021-12-31,native_mse,20260912,0.004780982951547397,,1,0
fixed_transform_step25,2700,2022-03-11,2022-03-21,0.007530336734814,2022,2021-12-31,native_mse,20260912,0.004193854635787947,,1,1
fixed_transform_step25,2705,2022-03-18,2022-03-28,-0.0353493110038457,2022,2021-12-31,native_mse,20260912,0.004396502651581285,,1,0
fixed_transform_step25,2710,2022-03-25,2022-04-06,0.0314834190717003,2022,2021-12-31,native_mse,20260912,0.0036897334948297125,,1,1
fixed_transform_step25,2715,2022-04-01,2022-04-12,-0.0129237372705649,2022,2021-12-31,native_mse,20260912,0.003704448832752752,,1,0
fixed_transform_step25,2718,2022-04-08,2022-04-18,-0.0120986062576864,2022,2021-12-31,native_mse,20260912,0.0033120503584409514,,1,0
fixed_transform_step25,2723,2022-04-15,2022-04-25,-0.0528494340140576,2022,2021-12-31,native_mse,20260912,0.0030085181253416615,,1,0
fixed_transform_step25,2728,2022-04-22,2022-05-05,0.015736821365468,2022,2021-12-31,native_mse,20260912,0.0026567146550084044,,1,1
fixed_transform_step25,2733,2022-04-29,2022-05-11,-0.0278824133054675,2022,2021-12-31,native_mse,20260912,0.0018367479372410052,,1,0
fixed_transform_step25,2735,2022-05-06,2022-05-16,0.033741423035827,2022,2021-12-31,native_mse,20260912,0.0020912186604119124,,1,1
fixed_transform_step25,2740,2022-05-13,2022-05-23,0.0164308841843088,2022,2021-12-31,native_mse,20260912,0.0018493178254621319,,1,1
fixed_transform_step25,2745,2022-05-20,2022-05-30,-0.0147293413085614,2022,2021-12-31,native_mse,20260912,0.0016372108848958446,,1,0
fixed_transform_step25,2750,2022-05-27,2022-06-13,0.0431748431927498,2022,2021-12-31,native_mse,20260912,0.0012702553294938346,,1,1
fixed_transform_step25,2759,2022-06-10,2022-06-20,0.0306046547112142,2022,2021-12-31,native_mse,20260912,-0.00018870985334741705,,0,1
fixed_transform_step25,2764,2022-06-17,2022-06-27,0.0211666894141107,2022,2021-12-31,native_mse,20260912,-0.0009698518035469311,,0,1
fixed_transform_step25,2769,2022-06-24,2022-07-04,0.0074507343130214,2022,2021-12-31,native_mse,20260912,-0.00016157705520515077,,0,1
fixed_transform_step25,2774,2022-07-01,2022-07-11,-0.0092349827532707,2022,2021-12-31,native_mse,20260912,0.00012114906253678204,,1,0
fixed_transform_step25,2779,2022-07-08,2022-07-18,-0.0326815927737367,2022,2021-12-31,native_mse,20260912,0.0009385572149118832,,1,0
fixed_transform_step25,2784,2022-07-15,2022-07-25,-0.0066210715249344,2022,2021-12-31,native_mse,20260912,0.0008465033870475552,,1,0
fixed_transform_step25,2789,2022-07-22,2022-08-01,-0.0173077967751003,2022,2021-12-31,native_mse,20260912,0.001749105544547778,,1,0
fixed_transform_step25,2794,2022-07-29,2022-08-08,-0.004456034513838,2022,2021-12-31,native_mse,20260912,0.0022855909610094674,,1,0
fixed_transform_step25,2799,2022-08-05,2022-08-15,0.0091475117753996,2022,2021-12-31,native_mse,20260912,0.0023275813973101045,,1,1
fixed_transform_step25,2804,2022-08-12,2022-08-22,-0.0107272727272728,2022,2021-12-31,native_mse,20260912,0.00116828161002665,,1,0
fixed_transform_step25,2809,2022-08-19,2022-08-29,-0.0172375434082356,2022,2021-12-31,native_mse,20260912,0.002641518401624336,,1,0
fixed_transform_step25,2814,2022-08-26,2022-09-05,-0.0131573766941938,2022,2021-12-31,native_mse,20260912,0.00258122146459616,,1,0
fixed_transform_step25,2819,2022-09-02,2022-09-13,0.0253340680878015,2022,2021-12-31,native_mse,20260912,0.003426320209529877,,1,1
fixed_transform_step25,2824,2022-09-09,2022-09-19,-0.044647264962877,2022,2021-12-31,native_mse,20260912,0.004071954177543495,,1,0
fixed_transform_step25,2828,2022-09-16,2022-09-26,-0.025155151434928,2022,2021-12-31,native_mse,20260912,0.004321372628556118,,1,0
fixed_transform_step25,2833,2022-09-23,2022-10-10,-0.0060162941299352,2022,2021-12-31,native_mse,20260912,0.0034216908995016978,,1,0
fixed_transform_step25,2838,2022-09-30,2022-10-17,0.0041192047412885,2022,2021-12-31,native_mse,20260912,0.003515450079575204,,1,1
fixed_transform_step25,2843,2022-10-14,2022-10-24,-0.0246766294110258,2022,2021-12-31,native_mse,20260912,0.002607809358206801,,1,0
fixed_transform_step25,2848,2022-10-21,2022-10-31,-0.059928861134359,2022,2021-12-31,native_mse,20260912,0.003699251753992663,,1,0
fixed_transform_step25,2853,2022-10-28,2022-11-07,0.071339502526744,2022,2021-12-31,native_mse,20260912,0.0018115173178016464,,1,1
fixed_transform_step25,2858,2022-11-04,2022-11-14,0.0169449090696014,2022,2021-12-31,native_mse,20260912,0.0023418219066621243,,1,1
fixed_transform_step25,2863,2022-11-11,2022-11-21,-0.0127051391515239,2022,2021-12-31,native_mse,20260912,0.0018573604038192703,,1,0
fixed_transform_step25,2868,2022-11-18,2022-11-28,-0.0179672806084416,2022,2021-12-31,native_mse,20260912,0.0016249204309614228,,1,0
fixed_transform_step25,2873,2022-11-25,2022-12-05,0.0555768659337096,2022,2021-12-31,native_mse,20260912,0.0016075771422150188,,1,1
fixed_transform_step25,2878,2022-12-02,2022-12-12,0.0175374394775362,2022,2021-12-31,native_mse,20260912,0.0015010231403169106,,1,1
fixed_transform_step25,2883,2022-12-09,2022-12-19,-0.0058850602464181,2022,2021-12-31,native_mse,20260912,0.001187317105345827,,1,0
fixed_transform_step25,2888,2022-12-16,2022-12-26,-0.0309150292073658,2022,2021-12-31,native_mse,20260912,0.0019485697779955545,,1,0
fixed_transform_step25,2893,2022-12-23,2023-01-03,0.0089464492229616,2022,2021-12-31,native_mse,20260912,0.0001928217320369698,,1,1
fixed_transform_step25,2898,2022-12-30,2023-01-09,0.0345913414268119,2022,2021-12-31,native_mse,20260912,0.00047968928790032895,,1,1
fixed_transform_step25,2902,2023-01-06,2023-01-16,0.0198447929614133,2023,2022-12-31,native_mse,20260910,-0.0025267983391307767,,0,1
fixed_transform_step25,2907,2023-01-13,2023-01-30,0.0465290788350809,2023,2022-12-31,native_mse,20260910,-0.0004635399148201708,,0,1
fixed_transform_step25,2912,2023-01-20,2023-02-06,-0.0383797057844887,2023,2022-12-31,native_mse,20260910,7.519190422555292e-05,,1,0
fixed_transform_step25,2917,2023-02-03,2023-02-13,-0.0012061903149008,2023,2022-12-31,native_mse,20260910,0.0016271329266920357,,1,0
fixed_transform_step25,2922,2023-02-10,2023-02-20,-0.0143746584432821,2023,2022-12-31,native_mse,20260910,-0.0011564163814400644,,0,0
fixed_transform_step25,2927,2023-02-17,2023-02-27,0.0001237636016198,2023,2022-12-31,native_mse,20260910,-0.0016426518503498255,,0,1
fixed_transform_step25,2932,2023-02-24,2023-03-06,0.0224454641303217,2023,2022-12-31,native_mse,20260910,0.0015810555880606469,,1,1
fixed_transform_step25,2937,2023-03-03,2023-03-13,-0.0407900947678007,2023,2022-12-31,native_mse,20260910,0.0007073892257839969,,1,0
fixed_transform_step25,2942,2023-03-10,2023-03-20,5.0471402903706775e-06,2023,2022-12-31,native_mse,20260910,-0.0001794060398361263,,0,1
fixed_transform_step25,2947,2023-03-17,2023-03-27,0.015302852124583,2023,2022-12-31,native_mse,20260910,-0.0018976163672993884,,0,1
fixed_transform_step25,2952,2023-03-24,2023-04-03,0.0090274153058433,2023,2022-12-31,native_mse,20260910,-0.001832954139676603,,0,1
fixed_transform_step25,2957,2023-03-31,2023-04-10,0.0178317182396383,2023,2022-12-31,native_mse,20260910,-0.00172129069982479,,0,1
fixed_transform_step25,2961,2023-04-07,2023-04-17,-0.0101500238382772,2023,2022-12-31,native_mse,20260910,-0.00033641886926452733,,0,0
fixed_transform_step25,2966,2023-04-14,2023-04-24,-0.014368947230732,2023,2022-12-31,native_mse,20260910,-0.0013230092163269815,,0,0
fixed_transform_step25,2971,2023-04-21,2023-05-04,-0.0044228908788729,2023,2022-12-31,native_mse,20260910,-0.0007286066396655064,,0,0
fixed_transform_step25,2976,2023-04-28,2023-05-10,0.0036477163153083,2023,2022-12-31,native_mse,20260910,-0.00030575704561793394,,0,1
fixed_transform_step25,2978,2023-05-05,2023-05-15,-0.0221642407977935,2023,2022-12-31,native_mse,20260910,-0.00011486613921578474,,0,0
fixed_transform_step25,2983,2023-05-12,2023-05-22,0.0005509250208819,2023,2022-12-31,native_mse,20260910,-0.0001792163459168561,,0,1
fixed_transform_step25,2988,2023-05-19,2023-05-29,-0.0200253742704897,2023,2022-12-31,native_mse,20260910,0.0009439667644663131,,1,0
fixed_transform_step25,2993,2023-05-26,2023-06-05,-0.0003935703040848,2023,2022-12-31,native_mse,20260910,0.000557122093874036,,1,0
fixed_transform_step25,2998,2023-06-02,2023-06-12,-0.0086075595250429,2023,2022-12-31,native_mse,20260910,-0.001180815938657947,,0,0
fixed_transform_step25,3003,2023-06-09,2023-06-19,0.0338878539347273,2023,2022-12-31,native_mse,20260910,-0.0014426234760102343,,0,1
fixed_transform_step25,3008,2023-06-16,2023-07-03,-0.026216632171098,2023,2022-12-31,native_mse,20260910,-0.0010042817493535598,,0,0
fixed_transform_step25,3016,2023-06-30,2023-07-10,-0.0030441518806006,2023,2022-12-31,native_mse,20260910,-0.0011931588855691256,,0,0
fixed_transform_step25,3021,2023-07-07,2023-07-17,0.0104280552692135,2023,2022-12-31,native_mse,20260910,-0.001925244639091561,,0,1
fixed_transform_step25,3026,2023-07-14,2023-07-24,-0.0201642613135752,2023,2022-12-31,native_mse,20260910,0.00072512762062503,,1,0
fixed_transform_step25,3031,2023-07-21,2023-07-31,0.0566710925894278,2023,2022-12-31,native_mse,20260910,0.0009939160139214966,,1,1
fixed_transform_step25,3036,2023-07-28,2023-08-07,-0.0039612927947766,2023,2022-12-31,native_mse,20260910,-0.0005682320215149167,,0,0
fixed_transform_step25,3041,2023-08-04,2023-08-14,-0.0404899362223548,2023,2022-12-31,native_mse,20260910,-0.0009301134947241365,,0,0
fixed_transform_step25,3046,2023-08-11,2023-08-21,-0.0176157088591445,2023,2022-12-31,native_mse,20260910,-0.000726777176221484,,0,0
fixed_transform_step25,3051,2023-08-18,2023-08-28,0.0366582477081969,2023,2022-12-31,native_mse,20260910,0.0008756120897448488,,1,1
fixed_transform_step25,3056,2023-08-25,2023-09-04,-0.025197172476384,2023,2022-12-31,native_mse,20260910,-0.0006648239910763075,,0,0
fixed_transform_step25,3061,2023-09-01,2023-09-11,-0.0189903461587886,2023,2022-12-31,native_mse,20260910,0.00015839660362514175,,1,0
fixed_transform_step25,3066,2023-09-08,2023-09-18,-0.0111346368744954,2023,2022-12-31,native_mse,20260910,0.001744965500114605,,1,0
fixed_transform_step25,3071,2023-09-15,2023-09-25,0.0105787349314532,2023,2022-12-31,native_mse,20260910,0.0006876575211446893,,1,1
fixed_transform_step25,3076,2023-09-22,2023-10-16,-0.0198017153282719,2023,2022-12-31,native_mse,20260910,-0.00243132015475,,0,0
fixed_transform_step25,3085,2023-10-13,2023-10-23,-0.0447156690429144,2023,2022-12-31,native_mse,20260910,-0.0021908711949872265,,0,0
fixed_transform_step25,3090,2023-10-20,2023-10-30,0.0154019770298841,2023,2022-12-31,native_mse,20260910,-0.0005611083237640583,,0,1
fixed_transform_step25,3095,2023-10-27,2023-11-06,0.0152527637017425,2023,2022-12-31,native_mse,20260910,0.0010289915405626282,,1,1
fixed_transform_step25,3100,2023-11-03,2023-11-13,-0.0039935482440582,2023,2022-12-31,native_mse,20260910,0.001023319006735779,,1,0
fixed_transform_step25,3105,2023-11-10,2023-11-20,-0.0067280482816765,2023,2022-12-31,native_mse,20260910,-0.0009564130384265961,,0,0
fixed_transform_step25,3110,2023-11-17,2023-11-27,-0.0098859017348651,2023,2022-12-31,native_mse,20260910,0.00023192130830153903,,1,0
fixed_transform_step25,3115,2023-11-24,2023-12-04,-0.0151084754586299,2023,2022-12-31,native_mse,20260910,0.0008732338960994725,,1,0
fixed_transform_step25,3120,2023-12-01,2023-12-11,-0.0295859857973478,2023,2022-12-31,native_mse,20260910,0.000837366835393595,,1,0
fixed_transform_step25,3125,2023-12-08,2023-12-18,-0.0144639658974852,2023,2022-12-31,native_mse,20260910,0.0006391538307731006,,1,0
fixed_transform_step25,3130,2023-12-15,2023-12-25,0.0003424256350643,2023,2022-12-31,native_mse,20260910,0.000382991564868559,,1,1
fixed_transform_step25,3135,2023-12-22,2024-01-02,0.0288079559683274,2023,2022-12-31,native_mse,20260910,-0.0008222024683218445,,0,1
fixed_transform_step25,3140,2023-12-29,2024-01-08,-0.0302544749829989,2023,2022-12-31,native_mse,20260910,0.0008212539531046094,,1,0
fixed_transform_step25,2902,2023-01-06,2023-01-16,0.0198447929614133,2023,2022-12-31,native_mse,20260911,-0.0028881799476405084,,0,1
fixed_transform_step25,2907,2023-01-13,2023-01-30,0.0465290788350809,2023,2022-12-31,native_mse,20260911,0.002600529697082545,,1,1
fixed_transform_step25,2912,2023-01-20,2023-02-06,-0.0383797057844887,2023,2022-12-31,native_mse,20260911,0.009824735187562814,,1,0
fixed_transform_step25,2917,2023-02-03,2023-02-13,-0.0012061903149008,2023,2022-12-31,native_mse,20260911,0.001758336799202022,,1,0
fixed_transform_step25,2922,2023-02-10,2023-02-20,-0.0143746584432821,2023,2022-12-31,native_mse,20260911,-0.004455423490420713,,0,0
fixed_transform_step25,2927,2023-02-17,2023-02-27,0.0001237636016198,2023,2022-12-31,native_mse,20260911,-0.004320463721841919,,0,1
fixed_transform_step25,2932,2023-02-24,2023-03-06,0.0224454641303217,2023,2022-12-31,native_mse,20260911,0.007109894584169036,,1,1
fixed_transform_step25,2937,2023-03-03,2023-03-13,-0.0407900947678007,2023,2022-12-31,native_mse,20260911,0.012121075090535267,,1,0
fixed_transform_step25,2942,2023-03-10,2023-03-20,5.0471402903706775e-06,2023,2022-12-31,native_mse,20260911,-0.0015684618293498606,,0,1
fixed_transform_step25,2947,2023-03-17,2023-03-27,0.015302852124583,2023,2022-12-31,native_mse,20260911,-0.00455123687690783,,0,1
fixed_transform_step25,2952,2023-03-24,2023-04-03,0.0090274153058433,2023,2022-12-31,native_mse,20260911,-0.0032713642765306557,,0,1
fixed_transform_step25,2957,2023-03-31,2023-04-10,0.0178317182396383,2023,2022-12-31,native_mse,20260911,0.009972413917103892,,1,1
fixed_transform_step25,2961,2023-04-07,2023-04-17,-0.0101500238382772,2023,2022-12-31,native_mse,20260911,0.007806808930188104,,1,0
fixed_transform_step25,2966,2023-04-14,2023-04-24,-0.014368947230732,2023,2022-12-31,native_mse,20260911,0.007226249329863683,,1,0
fixed_transform_step25,2971,2023-04-21,2023-05-04,-0.0044228908788729,2023,2022-12-31,native_mse,20260911,-0.0024232716039148286,,0,0
fixed_transform_step25,2976,2023-04-28,2023-05-10,0.0036477163153083,2023,2022-12-31,native_mse,20260911,-0.003907239624967295,,0,1
fixed_transform_step25,2978,2023-05-05,2023-05-15,-0.0221642407977935,2023,2022-12-31,native_mse,20260911,-0.0031947009428460477,,0,0
fixed_transform_step25,2983,2023-05-12,2023-05-22,0.0005509250208819,2023,2022-12-31,native_mse,20260911,0.003981441571850173,,1,1
fixed_transform_step25,2988,2023-05-19,2023-05-29,-0.0200253742704897,2023,2022-12-31,native_mse,20260911,0.01107004322684732,,1,0
fixed_transform_step25,2993,2023-05-26,2023-06-05,-0.0003935703040848,2023,2022-12-31,native_mse,20260911,0.004560043069480671,,1,0
fixed_transform_step25,2998,2023-06-02,2023-06-12,-0.0086075595250429,2023,2022-12-31,native_mse,20260911,-0.0048559678058000275,,0,0
fixed_transform_step25,3003,2023-06-09,2023-06-19,0.0338878539347273,2023,2022-12-31,native_mse,20260911,-0.0042897134995229635,,0,1
fixed_transform_step25,3008,2023-06-16,2023-07-03,-0.026216632171098,2023,2022-12-31,native_mse,20260911,-0.004761761648113702,,0,0
fixed_transform_step25,3016,2023-06-30,2023-07-10,-0.0030441518806006,2023,2022-12-31,native_mse,20260911,0.001449000541630631,,1,0
fixed_transform_step25,3021,2023-07-07,2023-07-17,0.0104280552692135,2023,2022-12-31,native_mse,20260911,-0.005015012063383114,,0,1
fixed_transform_step25,3026,2023-07-14,2023-07-24,-0.0201642613135752,2023,2022-12-31,native_mse,20260911,-0.002212730290267345,,0,0
fixed_transform_step25,3031,2023-07-21,2023-07-31,0.0566710925894278,2023,2022-12-31,native_mse,20260911,-0.005112763962830667,,0,1
fixed_transform_step25,3036,2023-07-28,2023-08-07,-0.0039612927947766,2023,2022-12-31,native_mse,20260911,-0.0052814272148835025,,0,0
fixed_transform_step25,3041,2023-08-04,2023-08-14,-0.0404899362223548,2023,2022-12-31,native_mse,20260911,-0.004618211999064367,,0,0
fixed_transform_step25,3046,2023-08-11,2023-08-21,-0.0176157088591445,2023,2022-12-31,native_mse,20260911,0.009053312378542757,,1,0
fixed_transform_step25,3051,2023-08-18,2023-08-28,0.0366582477081969,2023,2022-12-31,native_mse,20260911,0.004561021250172811,,1,1
fixed_transform_step25,3056,2023-08-25,2023-09-04,-0.025197172476384,2023,2022-12-31,native_mse,20260911,-0.0025275908526821967,,0,0
fixed_transform_step25,3061,2023-09-01,2023-09-11,-0.0189903461587886,2023,2022-12-31,native_mse,20260911,-0.0049631793698849645,,0,0
fixed_transform_step25,3066,2023-09-08,2023-09-18,-0.0111346368744954,2023,2022-12-31,native_mse,20260911,0.00680202581529956,,1,0
fixed_transform_step25,3071,2023-09-15,2023-09-25,0.0105787349314532,2023,2022-12-31,native_mse,20260911,0.008596091481564963,,1,1
fixed_transform_step25,3076,2023-09-22,2023-10-16,-0.0198017153282719,2023,2022-12-31,native_mse,20260911,-0.0031471179155324424,,0,0
fixed_transform_step25,3085,2023-10-13,2023-10-23,-0.0447156690429144,2023,2022-12-31,native_mse,20260911,-0.004148291730857776,,0,0
fixed_transform_step25,3090,2023-10-20,2023-10-30,0.0154019770298841,2023,2022-12-31,native_mse,20260911,-0.005712800982170543,,0,1
fixed_transform_step25,3095,2023-10-27,2023-11-06,0.0152527637017425,2023,2022-12-31,native_mse,20260911,-0.0033253387808900993,,0,1
fixed_transform_step25,3100,2023-11-03,2023-11-13,-0.0039935482440582,2023,2022-12-31,native_mse,20260911,-0.0006739370262628165,,0,0
fixed_transform_step25,3105,2023-11-10,2023-11-20,-0.0067280482816765,2023,2022-12-31,native_mse,20260911,-0.004003258050664914,,0,0
fixed_transform_step25,3110,2023-11-17,2023-11-27,-0.0098859017348651,2023,2022-12-31,native_mse,20260911,-0.003231557067429336,,0,0
fixed_transform_step25,3115,2023-11-24,2023-12-04,-0.0151084754586299,2023,2022-12-31,native_mse,20260911,-0.003968465813336381,,0,0
fixed_transform_step25,3120,2023-12-01,2023-12-11,-0.0295859857973478,2023,2022-12-31,native_mse,20260911,-0.004170192617569334,,0,0
fixed_transform_step25,3125,2023-12-08,2023-12-18,-0.0144639658974852,2023,2022-12-31,native_mse,20260911,-0.004708072283208354,,0,0
fixed_transform_step25,3130,2023-12-15,2023-12-25,0.0003424256350643,2023,2022-12-31,native_mse,20260911,-0.005014383450601872,,0,1
fixed_transform_step25,3135,2023-12-22,2024-01-02,0.0288079559683274,2023,2022-12-31,native_mse,20260911,-0.005140476035149425,,0,1
fixed_transform_step25,3140,2023-12-29,2024-01-08,-0.0302544749829989,2023,2022-12-31,native_mse,20260911,-0.0034098597743402285,,0,0
fixed_transform_step25,2902,2023-01-06,2023-01-16,0.0198447929614133,2023,2022-12-31,native_mse,20260912,0.0004281627694943007,,1,1
fixed_transform_step25,2907,2023-01-13,2023-01-30,0.0465290788350809,2023,2022-12-31,native_mse,20260912,4.2102919401855305e-05,,1,1
fixed_transform_step25,2912,2023-01-20,2023-02-06,-0.0383797057844887,2023,2022-12-31,native_mse,20260912,0.0010967633118809882,,1,0
fixed_transform_step25,2917,2023-02-03,2023-02-13,-0.0012061903149008,2023,2022-12-31,native_mse,20260912,0.0008747039967658528,,1,0
fixed_transform_step25,2922,2023-02-10,2023-02-20,-0.0143746584432821,2023,2022-12-31,native_mse,20260912,0.0001818132935792269,,1,0
fixed_transform_step25,2927,2023-02-17,2023-02-27,0.0001237636016198,2023,2022-12-31,native_mse,20260912,0.00010126624081480557,,1,1
fixed_transform_step25,2932,2023-02-24,2023-03-06,0.0224454641303217,2023,2022-12-31,native_mse,20260912,0.000782385799644381,,1,1
fixed_transform_step25,2937,2023-03-03,2023-03-13,-0.0407900947678007,2023,2022-12-31,native_mse,20260912,0.00040350503591383166,,1,0
fixed_transform_step25,2942,2023-03-10,2023-03-20,5.0471402903706775e-06,2023,2022-12-31,native_mse,20260912,0.00023517524465769396,,1,1
fixed_transform_step25,2947,2023-03-17,2023-03-27,0.015302852124583,2023,2022-12-31,native_mse,20260912,-0.0005550490015326846,,0,1
fixed_transform_step25,2952,2023-03-24,2023-04-03,0.0090274153058433,2023,2022-12-31,native_mse,20260912,0.0004555071806066471,,1,1
fixed_transform_step25,2957,2023-03-31,2023-04-10,0.0178317182396383,2023,2022-12-31,native_mse,20260912,0.0006137448037054246,,1,1
fixed_transform_step25,2961,2023-04-07,2023-04-17,-0.0101500238382772,2023,2022-12-31,native_mse,20260912,0.0007714668086940345,,1,0
fixed_transform_step25,2966,2023-04-14,2023-04-24,-0.014368947230732,2023,2022-12-31,native_mse,20260912,0.0006120128536014287,,1,0
fixed_transform_step25,2971,2023-04-21,2023-05-04,-0.0044228908788729,2023,2022-12-31,native_mse,20260912,0.0004168718728952876,,1,0
fixed_transform_step25,2976,2023-04-28,2023-05-10,0.0036477163153083,2023,2022-12-31,native_mse,20260912,0.0007975995131662927,,1,1
fixed_transform_step25,2978,2023-05-05,2023-05-15,-0.0221642407977935,2023,2022-12-31,native_mse,20260912,3.748499343571029e-05,,1,0
fixed_transform_step25,2983,2023-05-12,2023-05-22,0.0005509250208819,2023,2022-12-31,native_mse,20260912,0.00013564688457888487,,1,1
fixed_transform_step25,2988,2023-05-19,2023-05-29,-0.0200253742704897,2023,2022-12-31,native_mse,20260912,0.0006049797039520234,,1,0
fixed_transform_step25,2993,2023-05-26,2023-06-05,-0.0003935703040848,2023,2022-12-31,native_mse,20260912,5.080512794837295e-05,,1,0
fixed_transform_step25,2998,2023-06-02,2023-06-12,-0.0086075595250429,2023,2022-12-31,native_mse,20260912,-0.0003527596454530836,,0,0
fixed_transform_step25,3003,2023-06-09,2023-06-19,0.0338878539347273,2023,2022-12-31,native_mse,20260912,-0.0004629538008774116,,0,1
fixed_transform_step25,3008,2023-06-16,2023-07-03,-0.026216632171098,2023,2022-12-31,native_mse,20260912,-0.0003413110242915335,,0,0
fixed_transform_step25,3016,2023-06-30,2023-07-10,-0.0030441518806006,2023,2022-12-31,native_mse,20260912,0.0003431408638381007,,1,0
fixed_transform_step25,3021,2023-07-07,2023-07-17,0.0104280552692135,2023,2022-12-31,native_mse,20260912,0.000814771057302496,,1,1
fixed_transform_step25,3026,2023-07-14,2023-07-24,-0.0201642613135752,2023,2022-12-31,native_mse,20260912,0.0006501402430561996,,1,0
fixed_transform_step25,3031,2023-07-21,2023-07-31,0.0566710925894278,2023,2022-12-31,native_mse,20260912,2.5045124957704355e-05,,1,1
fixed_transform_step25,3036,2023-07-28,2023-08-07,-0.0039612927947766,2023,2022-12-31,native_mse,20260912,0.00047471401642830695,,1,0
fixed_transform_step25,3041,2023-08-04,2023-08-14,-0.0404899362223548,2023,2022-12-31,native_mse,20260912,0.0008553072765691807,,1,0
fixed_transform_step25,3046,2023-08-11,2023-08-21,-0.0176157088591445,2023,2022-12-31,native_mse,20260912,0.0015027086256146451,,1,0
fixed_transform_step25,3051,2023-08-18,2023-08-28,0.0366582477081969,2023,2022-12-31,native_mse,20260912,0.0006099353623650846,,1,1
fixed_transform_step25,3056,2023-08-25,2023-09-04,-0.025197172476384,2023,2022-12-31,native_mse,20260912,0.00044421971221099443,,1,0
fixed_transform_step25,3061,2023-09-01,2023-09-11,-0.0189903461587886,2023,2022-12-31,native_mse,20260912,-0.0002025361551160587,,0,0
fixed_transform_step25,3066,2023-09-08,2023-09-18,-0.0111346368744954,2023,2022-12-31,native_mse,20260912,0.00041052847232038274,,1,0
fixed_transform_step25,3071,2023-09-15,2023-09-25,0.0105787349314532,2023,2022-12-31,native_mse,20260912,0.0001624781603077036,,1,1
fixed_transform_step25,3076,2023-09-22,2023-10-16,-0.0198017153282719,2023,2022-12-31,native_mse,20260912,-2.0047557486308507e-05,,0,0
fixed_transform_step25,3085,2023-10-13,2023-10-23,-0.0447156690429144,2023,2022-12-31,native_mse,20260912,-7.666747850147154e-05,,0,0
fixed_transform_step25,3090,2023-10-20,2023-10-30,0.0154019770298841,2023,2022-12-31,native_mse,20260912,0.00029732197364893017,,1,1
fixed_transform_step25,3095,2023-10-27,2023-11-06,0.0152527637017425,2023,2022-12-31,native_mse,20260912,0.0012245039371740986,,1,1
fixed_transform_step25,3100,2023-11-03,2023-11-13,-0.0039935482440582,2023,2022-12-31,native_mse,20260912,0.00041856415378897153,,1,0
fixed_transform_step25,3105,2023-11-10,2023-11-20,-0.0067280482816765,2023,2022-12-31,native_mse,20260912,0.00022000524072862617,,1,0
fixed_transform_step25,3110,2023-11-17,2023-11-27,-0.0098859017348651,2023,2022-12-31,native_mse,20260912,-0.00011003873914113989,,0,0
fixed_transform_step25,3115,2023-11-24,2023-12-04,-0.0151084754586299,2023,2022-12-31,native_mse,20260912,0.0006004861455855604,,1,0
fixed_transform_step25,3120,2023-12-01,2023-12-11,-0.0295859857973478,2023,2022-12-31,native_mse,20260912,9.164477722239853e-05,,1,0
fixed_transform_step25,3125,2023-12-08,2023-12-18,-0.0144639658974852,2023,2022-12-31,native_mse,20260912,0.0003716320497864135,,1,0
fixed_transform_step25,3130,2023-12-15,2023-12-25,0.0003424256350643,2023,2022-12-31,native_mse,20260912,0.0007186720416179463,,1,1
fixed_transform_step25,3135,2023-12-22,2024-01-02,0.0288079559683274,2023,2022-12-31,native_mse,20260912,0.00031752353260434155,,1,1
fixed_transform_step25,3140,2023-12-29,2024-01-08,-0.0302544749829989,2023,2022-12-31,native_mse,20260912,-5.293223214677527e-06,,0,0
fixed_transform_step25,3144,2024-01-05,2024-01-15,-0.0158038409563566,2024,2023-12-31,native_mse,20260910,0.000251131835275678,,1,0
fixed_transform_step25,3149,2024-01-12,2024-01-22,-0.002333261979756,2024,2023-12-31,native_mse,20260910,0.0007362057214049004,,1,0
fixed_transform_step25,3154,2024-01-19,2024-01-29,0.0223511633823452,2024,2023-12-31,native_mse,20260910,-0.00023540604600351487,,0,1
fixed_transform_step25,3159,2024-01-26,2024-02-05,-0.0513103415192826,2024,2023-12-31,native_mse,20260910,-0.001531436704987099,,0,0
fixed_transform_step25,3164,2024-02-02,2024-02-26,0.1015374891364462,2024,2023-12-31,native_mse,20260910,0.004796229141878599,,1,1
fixed_transform_step25,3173,2024-02-23,2024-03-04,0.0151569053862528,2024,2023-12-31,native_mse,20260910,0.005981439448417525,,1,1
fixed_transform_step25,3178,2024-03-01,2024-03-11,0.0021394031715169,2024,2023-12-31,native_mse,20260910,0.002923079585146593,,1,1
fixed_transform_step25,3183,2024-03-08,2024-03-18,0.0087762342284414,2024,2023-12-31,native_mse,20260910,0.004534858645957669,,1,1
fixed_transform_step25,3188,2024-03-15,2024-03-25,-0.0112802133595746,2024,2023-12-31,native_mse,20260910,0.004141952477981538,,1,0
fixed_transform_step25,3193,2024-03-22,2024-04-01,0.0042044725182444,2024,2023-12-31,native_mse,20260910,0.0018727898596620025,,1,1
fixed_transform_step25,3198,2024-03-29,2024-04-15,-0.0219845815102011,2024,2023-12-31,native_mse,20260910,0.0003645787473085561,,1,0
fixed_transform_step25,3206,2024-04-12,2024-04-22,0.018045199366633,2024,2023-12-31,native_mse,20260910,-0.00021832918624461518,,0,1
fixed_transform_step25,3211,2024-04-19,2024-04-29,0.0136757744232476,2024,2023-12-31,native_mse,20260910,0.0005323002819172812,,1,1
fixed_transform_step25,3216,2024-04-26,2024-05-13,0.0172434956786644,2024,2023-12-31,native_mse,20260910,-0.00014728683736751251,,0,1
fixed_transform_step25,3223,2024-05-10,2024-05-20,0.0097933549988344,2024,2023-12-31,native_mse,20260910,0.0004133340837300701,,1,1
fixed_transform_step25,3228,2024-05-17,2024-05-27,-0.0204803832637164,2024,2023-12-31,native_mse,20260910,0.0036262081384896457,,1,0
fixed_transform_step25,3233,2024-05-24,2024-06-03,-0.0081155643048258,2024,2023-12-31,native_mse,20260910,0.0049904247327292855,,1,0
fixed_transform_step25,3238,2024-05-31,2024-06-11,-0.0060267570121149,2024,2023-12-31,native_mse,20260910,0.0040244113389711345,,1,0
fixed_transform_step25,3243,2024-06-07,2024-06-17,-0.0096686558937179,2024,2023-12-31,native_mse,20260910,0.008609928356971403,,1,0
fixed_transform_step25,3247,2024-06-14,2024-06-24,-0.013573992457631,2024,2023-12-31,native_mse,20260910,0.008961501129694911,,1,0
fixed_transform_step25,3252,2024-06-21,2024-07-01,-0.004427632109257,2024,2023-12-31,native_mse,20260910,0.0009177608055072099,,1,0
fixed_transform_step25,3257,2024-06-28,2024-07-08,-0.0108320369203009,2024,2023-12-31,native_mse,20260910,0.0030020981914033497,,1,0
fixed_transform_step25,3262,2024-07-05,2024-07-15,0.0122222871842843,2024,2023-12-31,native_mse,20260910,0.00336049012064386,,1,1
fixed_transform_step25,3267,2024-07-12,2024-07-22,0.0218881133018156,2024,2023-12-31,native_mse,20260910,-0.0006421845267103974,,0,1
fixed_transform_step25,3272,2024-07-19,2024-07-29,-0.0378787022382998,2024,2023-12-31,native_mse,20260910,0.0004540341648428114,,1,0
fixed_transform_step25,3277,2024-07-26,2024-08-05,-0.0124134568216732,2024,2023-12-31,native_mse,20260910,0.0013231998081271626,,1,0
fixed_transform_step25,3282,2024-08-02,2024-08-12,-0.0102762848330364,2024,2023-12-31,native_mse,20260910,0.001303372172405589,,1,0
fixed_transform_step25,3287,2024-08-09,2024-08-19,0.0050186923751938,2024,2023-12-31,native_mse,20260910,0.00011119162293128984,,1,1
fixed_transform_step25,3292,2024-08-16,2024-08-26,-0.0040487282687352,2024,2023-12-31,native_mse,20260910,0.0014903087569155989,,1,0
fixed_transform_step25,3297,2024-08-23,2024-09-02,-0.0069594562136714,2024,2023-12-31,native_mse,20260910,-0.0030751570665977007,,0,0
fixed_transform_step25,3302,2024-08-30,2024-09-09,-0.0280389655151561,2024,2023-12-31,native_mse,20260910,-0.003508085985855703,,0,0
fixed_transform_step25,3307,2024-09-06,2024-09-18,-0.0174132138857783,2024,2023-12-31,native_mse,20260910,-0.0025693655960970898,,0,0
fixed_transform_step25,3312,2024-09-13,2024-09-24,0.0133119329369826,2024,2023-12-31,native_mse,20260910,0.00017194356388446877,,1,1
fixed_transform_step25,3315,2024-09-20,2024-09-30,0.2017513988384409,2024,2023-12-31,native_mse,20260910,0.0007791555801138394,,1,1
fixed_transform_step25,3320,2024-09-27,2024-10-14,0.0178259004588408,2024,2023-12-31,native_mse,20260910,0.0007616530796663938,,1,1
fixed_transform_step25,3325,2024-10-11,2024-10-21,0.0080914993282625,2024,2023-12-31,native_mse,20260910,-0.0026429925872939004,,0,1
fixed_transform_step25,3330,2024-10-18,2024-10-28,0.0015733867085561,2024,2023-12-31,native_mse,20260910,-0.004083051697418182,,0,1
fixed_transform_step25,3335,2024-10-25,2024-11-04,-0.0140142824257356,2024,2023-12-31,native_mse,20260910,-0.003618447449131282,,0,0
fixed_transform_step25,3340,2024-11-01,2024-11-11,0.0434152361258277,2024,2023-12-31,native_mse,20260910,-0.0042863223001300965,,0,1
fixed_transform_step25,3345,2024-11-08,2024-11-18,-0.0208584853931589,2024,2023-12-31,native_mse,20260910,-0.0028591792362593097,,0,0
fixed_transform_step25,3350,2024-11-15,2024-11-25,-0.0267421712161923,2024,2023-12-31,native_mse,20260910,-0.0017028092388012967,,0,0
fixed_transform_step25,3355,2024-11-22,2024-12-02,0.0087960346887328,2024,2023-12-31,native_mse,20260910,-0.0009456406767515755,,0,1
fixed_transform_step25,3360,2024-11-29,2024-12-09,0.0155919891551781,2024,2023-12-31,native_mse,20260910,-0.0002599534945060551,,0,1
fixed_transform_step25,3365,2024-12-06,2024-12-16,-0.0100436703218104,2024,2023-12-31,native_mse,20260910,0.0007542474780432574,,1,0
fixed_transform_step25,3370,2024-12-13,2024-12-23,-0.0006690784017421,2024,2023-12-31,native_mse,20260910,-0.0007125951992407705,,0,0
fixed_transform_step25,3375,2024-12-20,2024-12-30,0.0123595076562756,2024,2023-12-31,native_mse,20260910,-0.0012475930255920083,,0,1
fixed_transform_step25,3380,2024-12-27,2025-01-06,-0.0504714964669198,2024,2023-12-31,native_mse,20260910,-0.00024548952899875387,,0,0
fixed_transform_step25,3144,2024-01-05,2024-01-15,-0.0158038409563566,2024,2023-12-31,native_mse,20260911,0.006524465736805172,,1,0
fixed_transform_step25,3149,2024-01-12,2024-01-22,-0.002333261979756,2024,2023-12-31,native_mse,20260911,0.008213225375018137,,1,0
fixed_transform_step25,3154,2024-01-19,2024-01-29,0.0223511633823452,2024,2023-12-31,native_mse,20260911,0.009988969845384454,,1,1
fixed_transform_step25,3159,2024-01-26,2024-02-05,-0.0513103415192826,2024,2023-12-31,native_mse,20260911,0.007709942184731473,,1,0
fixed_transform_step25,3164,2024-02-02,2024-02-26,0.1015374891364462,2024,2023-12-31,native_mse,20260911,0.006449485928463916,,1,1
fixed_transform_step25,3173,2024-02-23,2024-03-04,0.0151569053862528,2024,2023-12-31,native_mse,20260911,0.010256530380527457,,1,1
fixed_transform_step25,3178,2024-03-01,2024-03-11,0.0021394031715169,2024,2023-12-31,native_mse,20260911,0.00705766649461919,,1,1
fixed_transform_step25,3183,2024-03-08,2024-03-18,0.0087762342284414,2024,2023-12-31,native_mse,20260911,0.008632918878357794,,1,1
fixed_transform_step25,3188,2024-03-15,2024-03-25,-0.0112802133595746,2024,2023-12-31,native_mse,20260911,0.004101422624994645,,1,0
fixed_transform_step25,3193,2024-03-22,2024-04-01,0.0042044725182444,2024,2023-12-31,native_mse,20260911,0.0049895841353934664,,1,1
fixed_transform_step25,3198,2024-03-29,2024-04-15,-0.0219845815102011,2024,2023-12-31,native_mse,20260911,0.0016010611409444046,,1,0
fixed_transform_step25,3206,2024-04-12,2024-04-22,0.018045199366633,2024,2023-12-31,native_mse,20260911,0.001857502186560773,,1,1
fixed_transform_step25,3211,2024-04-19,2024-04-29,0.0136757744232476,2024,2023-12-31,native_mse,20260911,0.009651811290201222,,1,1
fixed_transform_step25,3216,2024-04-26,2024-05-13,0.0172434956786644,2024,2023-12-31,native_mse,20260911,0.005960111287081512,,1,1
fixed_transform_step25,3223,2024-05-10,2024-05-20,0.0097933549988344,2024,2023-12-31,native_mse,20260911,-0.004933376296222066,,0,1
fixed_transform_step25,3228,2024-05-17,2024-05-27,-0.0204803832637164,2024,2023-12-31,native_mse,20260911,-0.003099362011607103,,0,0
fixed_transform_step25,3233,2024-05-24,2024-06-03,-0.0081155643048258,2024,2023-12-31,native_mse,20260911,-0.0038744398417857777,,0,0
fixed_transform_step25,3238,2024-05-31,2024-06-11,-0.0060267570121149,2024,2023-12-31,native_mse,20260911,-0.0020292253039693184,,0,0
fixed_transform_step25,3243,2024-06-07,2024-06-17,-0.0096686558937179,2024,2023-12-31,native_mse,20260911,5.7354393489387904e-05,,1,0
fixed_transform_step25,3247,2024-06-14,2024-06-24,-0.013573992457631,2024,2023-12-31,native_mse,20260911,0.0016373878025280563,,1,0
fixed_transform_step25,3252,2024-06-21,2024-07-01,-0.004427632109257,2024,2023-12-31,native_mse,20260911,0.0027588932782398315,,1,0
fixed_transform_step25,3257,2024-06-28,2024-07-08,-0.0108320369203009,2024,2023-12-31,native_mse,20260911,0.0032470747873102144,,1,0
fixed_transform_step25,3262,2024-07-05,2024-07-15,0.0122222871842843,2024,2023-12-31,native_mse,20260911,0.002652089101692747,,1,1
fixed_transform_step25,3267,2024-07-12,2024-07-22,0.0218881133018156,2024,2023-12-31,native_mse,20260911,0.004450330503533944,,1,1
fixed_transform_step25,3272,2024-07-19,2024-07-29,-0.0378787022382998,2024,2023-12-31,native_mse,20260911,-0.0012744559041647184,,0,0
fixed_transform_step25,3277,2024-07-26,2024-08-05,-0.0124134568216732,2024,2023-12-31,native_mse,20260911,-0.001291795834448832,,0,0
fixed_transform_step25,3282,2024-08-02,2024-08-12,-0.0102762848330364,2024,2023-12-31,native_mse,20260911,-0.002458562952290899,,0,0
fixed_transform_step25,3287,2024-08-09,2024-08-19,0.0050186923751938,2024,2023-12-31,native_mse,20260911,-0.0009352769264030156,,0,1
fixed_transform_step25,3292,2024-08-16,2024-08-26,-0.0040487282687352,2024,2023-12-31,native_mse,20260911,-0.0034014636043486098,,0,0
fixed_transform_step25,3297,2024-08-23,2024-09-02,-0.0069594562136714,2024,2023-12-31,native_mse,20260911,-0.0018665564124188876,,0,0
fixed_transform_step25,3302,2024-08-30,2024-09-09,-0.0280389655151561,2024,2023-12-31,native_mse,20260911,2.766314850337684e-05,,1,0
fixed_transform_step25,3307,2024-09-06,2024-09-18,-0.0174132138857783,2024,2023-12-31,native_mse,20260911,0.0015093996928045017,,1,0
fixed_transform_step25,3312,2024-09-13,2024-09-24,0.0133119329369826,2024,2023-12-31,native_mse,20260911,0.005047902673988417,,1,1
fixed_transform_step25,3315,2024-09-20,2024-09-30,0.2017513988384409,2024,2023-12-31,native_mse,20260911,0.006841795120835749,,1,1
fixed_transform_step25,3320,2024-09-27,2024-10-14,0.0178259004588408,2024,2023-12-31,native_mse,20260911,0.011643607701046107,,1,1
fixed_transform_step25,3325,2024-10-11,2024-10-21,0.0080914993282625,2024,2023-12-31,native_mse,20260911,0.006958055096152153,,1,1
fixed_transform_step25,3330,2024-10-18,2024-10-28,0.0015733867085561,2024,2023-12-31,native_mse,20260911,0.0035488889473533555,,1,1
fixed_transform_step25,3335,2024-10-25,2024-11-04,-0.0140142824257356,2024,2023-12-31,native_mse,20260911,-0.004087166652715301,,0,0
fixed_transform_step25,3340,2024-11-01,2024-11-11,0.0434152361258277,2024,2023-12-31,native_mse,20260911,-0.008879815780234165,,0,1
fixed_transform_step25,3345,2024-11-08,2024-11-18,-0.0208584853931589,2024,2023-12-31,native_mse,20260911,-0.0016665405141504353,,0,0
fixed_transform_step25,3350,2024-11-15,2024-11-25,-0.0267421712161923,2024,2023-12-31,native_mse,20260911,-0.0014397200836903515,,0,0
fixed_transform_step25,3355,2024-11-22,2024-12-02,0.0087960346887328,2024,2023-12-31,native_mse,20260911,-0.00394305191034785,,0,1
fixed_transform_step25,3360,2024-11-29,2024-12-09,0.0155919891551781,2024,2023-12-31,native_mse,20260911,-0.003787046789689023,,0,1
fixed_transform_step25,3365,2024-12-06,2024-12-16,-0.0100436703218104,2024,2023-12-31,native_mse,20260911,-0.0013163950781598383,,0,0
fixed_transform_step25,3370,2024-12-13,2024-12-23,-0.0006690784017421,2024,2023-12-31,native_mse,20260911,-0.007731413237017607,,0,0
fixed_transform_step25,3375,2024-12-20,2024-12-30,0.0123595076562756,2024,2023-12-31,native_mse,20260911,-0.005503589541502588,,0,1
fixed_transform_step25,3380,2024-12-27,2025-01-06,-0.0504714964669198,2024,2023-12-31,native_mse,20260911,0.006049137218951889,,1,0
fixed_transform_step25,3144,2024-01-05,2024-01-15,-0.0158038409563566,2024,2023-12-31,native_mse,20260912,0.001652613648937757,,1,0
fixed_transform_step25,3149,2024-01-12,2024-01-22,-0.002333261979756,2024,2023-12-31,native_mse,20260912,0.0017566823014709063,,1,0
fixed_transform_step25,3154,2024-01-19,2024-01-29,0.0223511633823452,2024,2023-12-31,native_mse,20260912,0.0017349357863463528,,1,1
fixed_transform_step25,3159,2024-01-26,2024-02-05,-0.0513103415192826,2024,2023-12-31,native_mse,20260912,0.0017756045446650414,,1,0
fixed_transform_step25,3164,2024-02-02,2024-02-26,0.1015374891364462,2024,2023-12-31,native_mse,20260912,0.0017702651342618495,,1,1
fixed_transform_step25,3173,2024-02-23,2024-03-04,0.0151569053862528,2024,2023-12-31,native_mse,20260912,0.0018705013508167863,,1,1
fixed_transform_step25,3178,2024-03-01,2024-03-11,0.0021394031715169,2024,2023-12-31,native_mse,20260912,0.0020966839632058165,,1,1
fixed_transform_step25,3183,2024-03-08,2024-03-18,0.0087762342284414,2024,2023-12-31,native_mse,20260912,0.0021229030867072935,,1,1
fixed_transform_step25,3188,2024-03-15,2024-03-25,-0.0112802133595746,2024,2023-12-31,native_mse,20260912,0.002169492364912302,,1,0
fixed_transform_step25,3193,2024-03-22,2024-04-01,0.0042044725182444,2024,2023-12-31,native_mse,20260912,0.0021346683785466035,,1,1
fixed_transform_step25,3198,2024-03-29,2024-04-15,-0.0219845815102011,2024,2023-12-31,native_mse,20260912,0.001970104765042201,,1,0
fixed_transform_step25,3206,2024-04-12,2024-04-22,0.018045199366633,2024,2023-12-31,native_mse,20260912,0.0018950666103198662,,1,1
fixed_transform_step25,3211,2024-04-19,2024-04-29,0.0136757744232476,2024,2023-12-31,native_mse,20260912,0.0014826942470986316,,1,1
fixed_transform_step25,3216,2024-04-26,2024-05-13,0.0172434956786644,2024,2023-12-31,native_mse,20260912,0.0010502698704938512,,1,1
fixed_transform_step25,3223,2024-05-10,2024-05-20,0.0097933549988344,2024,2023-12-31,native_mse,20260912,0.0008603132721811119,,1,1
fixed_transform_step25,3228,2024-05-17,2024-05-27,-0.0204803832637164,2024,2023-12-31,native_mse,20260912,0.000598359363630433,,1,0
fixed_transform_step25,3233,2024-05-24,2024-06-03,-0.0081155643048258,2024,2023-12-31,native_mse,20260912,0.0005736014331172037,,1,0
fixed_transform_step25,3238,2024-05-31,2024-06-11,-0.0060267570121149,2024,2023-12-31,native_mse,20260912,0.0005483327414548749,,1,0
fixed_transform_step25,3243,2024-06-07,2024-06-17,-0.0096686558937179,2024,2023-12-31,native_mse,20260912,0.000585176229140396,,1,0
fixed_transform_step25,3247,2024-06-14,2024-06-24,-0.013573992457631,2024,2023-12-31,native_mse,20260912,0.000605835607878555,,1,0
fixed_transform_step25,3252,2024-06-21,2024-07-01,-0.004427632109257,2024,2023-12-31,native_mse,20260912,0.0006286050015987623,,1,0
fixed_transform_step25,3257,2024-06-28,2024-07-08,-0.0108320369203009,2024,2023-12-31,native_mse,20260912,0.00064228262166844,,1,0
fixed_transform_step25,3262,2024-07-05,2024-07-15,0.0122222871842843,2024,2023-12-31,native_mse,20260912,0.000721007461573622,,1,1
fixed_transform_step25,3267,2024-07-12,2024-07-22,0.0218881133018156,2024,2023-12-31,native_mse,20260912,0.000821435978076197,,1,1
fixed_transform_step25,3272,2024-07-19,2024-07-29,-0.0378787022382998,2024,2023-12-31,native_mse,20260912,0.0008418861287390497,,1,0
fixed_transform_step25,3277,2024-07-26,2024-08-05,-0.0124134568216732,2024,2023-12-31,native_mse,20260912,0.0012675510770958798,,1,0
fixed_transform_step25,3282,2024-08-02,2024-08-12,-0.0102762848330364,2024,2023-12-31,native_mse,20260912,0.0015249857513458085,,1,0
fixed_transform_step25,3287,2024-08-09,2024-08-19,0.0050186923751938,2024,2023-12-31,native_mse,20260912,0.0015779514189250905,,1,1
fixed_transform_step25,3292,2024-08-16,2024-08-26,-0.0040487282687352,2024,2023-12-31,native_mse,20260912,0.0013998325080271312,,1,0
fixed_transform_step25,3297,2024-08-23,2024-09-02,-0.0069594562136714,2024,2023-12-31,native_mse,20260912,0.0014255873683507452,,1,0
fixed_transform_step25,3302,2024-08-30,2024-09-09,-0.0280389655151561,2024,2023-12-31,native_mse,20260912,0.0015330401621674865,,1,0
fixed_transform_step25,3307,2024-09-06,2024-09-18,-0.0174132138857783,2024,2023-12-31,native_mse,20260912,0.0015627932338450265,,1,0
fixed_transform_step25,3312,2024-09-13,2024-09-24,0.0133119329369826,2024,2023-12-31,native_mse,20260912,0.0015103830852308555,,1,1
fixed_transform_step25,3315,2024-09-20,2024-09-30,0.2017513988384409,2024,2023-12-31,native_mse,20260912,0.0015343284400254939,,1,1
fixed_transform_step25,3320,2024-09-27,2024-10-14,0.0178259004588408,2024,2023-12-31,native_mse,20260912,0.0015725051425186597,,1,1
fixed_transform_step25,3325,2024-10-11,2024-10-21,0.0080914993282625,2024,2023-12-31,native_mse,20260912,0.0019394229622847915,,1,1
fixed_transform_step25,3330,2024-10-18,2024-10-28,0.0015733867085561,2024,2023-12-31,native_mse,20260912,0.0021210173726156634,,1,1
fixed_transform_step25,3335,2024-10-25,2024-11-04,-0.0140142824257356,2024,2023-12-31,native_mse,20260912,0.0021565584052961957,,1,0
fixed_transform_step25,3340,2024-11-01,2024-11-11,0.0434152361258277,2024,2023-12-31,native_mse,20260912,0.002066143931918221,,1,1
fixed_transform_step25,3345,2024-11-08,2024-11-18,-0.0208584853931589,2024,2023-12-31,native_mse,20260912,0.0019328021834634566,,1,0
fixed_transform_step25,3350,2024-11-15,2024-11-25,-0.0267421712161923,2024,2023-12-31,native_mse,20260912,0.0016078398644429398,,1,0
fixed_transform_step25,3355,2024-11-22,2024-12-02,0.0087960346887328,2024,2023-12-31,native_mse,20260912,0.0014387624930086427,,1,1
fixed_transform_step25,3360,2024-11-29,2024-12-09,0.0155919891551781,2024,2023-12-31,native_mse,20260912,0.001055672591838617,,1,1
fixed_transform_step25,3365,2024-12-06,2024-12-16,-0.0100436703218104,2024,2023-12-31,native_mse,20260912,0.0009332123922739673,,1,0
fixed_transform_step25,3370,2024-12-13,2024-12-23,-0.0006690784017421,2024,2023-12-31,native_mse,20260912,0.0007303535282016855,,1,0
fixed_transform_step25,3375,2024-12-20,2024-12-30,0.0123595076562756,2024,2023-12-31,native_mse,20260912,0.0006347143027364932,,1,1
fixed_transform_step25,3380,2024-12-27,2025-01-06,-0.0504714964669198,2024,2023-12-31,native_mse,20260912,0.0004962445983289108,,1,0
fixed_transform_step25,3384,2025-01-03,2025-01-13,-0.0189486730632231,2025,2024-12-31,native_mse,20260910,-0.0042551962797835255,,0,0
fixed_transform_step25,3389,2025-01-10,2025-01-20,0.0353251773547418,2025,2024-12-31,native_mse,20260910,-0.004346017102457373,,0,1
fixed_transform_step25,3394,2025-01-17,2025-01-27,0.000432821422053,2025,2024-12-31,native_mse,20260910,-0.0019110835117753682,,0,1
fixed_transform_step25,3399,2025-01-24,2025-02-10,0.0159344898044284,2025,2024-12-31,native_mse,20260910,-0.0018767518511483509,,0,1
fixed_transform_step25,3403,2025-02-07,2025-02-17,0.0144454990892999,2025,2024-12-31,native_mse,20260910,-0.0005243581714439598,,0,1
fixed_transform_step25,3408,2025-02-14,2025-02-24,0.0045695818086644,2025,2024-12-31,native_mse,20260910,0.0018166916350322408,,1,1
fixed_transform_step25,3413,2025-02-21,2025-03-03,-0.0183210488158531,2025,2024-12-31,native_mse,20260910,-0.0017910693651536675,,0,0
fixed_transform_step25,3418,2025-02-28,2025-03-10,0.0117650075646844,2025,2024-12-31,native_mse,20260910,8.039864129989814e-05,,1,1
fixed_transform_step25,3423,2025-03-07,2025-03-17,0.019023819058288,2025,2024-12-31,native_mse,20260910,0.00045020548490624885,,1,1
fixed_transform_step25,3428,2025-03-14,2025-03-24,-0.0259983485216283,2025,2024-12-31,native_mse,20260910,0.004030585426274574,,1,0
fixed_transform_step25,3433,2025-03-21,2025-03-31,-0.0025867506275359,2025,2024-12-31,native_mse,20260910,0.0025467178052053364,,1,0
fixed_transform_step25,3438,2025-03-28,2025-04-14,-0.0342910101946246,2025,2024-12-31,native_mse,20260910,0.007880897711304511,,1,0
fixed_transform_step25,3447,2025-04-11,2025-04-21,-0.0010339232881941,2025,2024-12-31,native_mse,20260910,5.880823721327009e-05,,1,0
fixed_transform_step25,3452,2025-04-18,2025-04-28,0.0048432383085554,2025,2024-12-31,native_mse,20260910,0.005609692399565023,,1,1
fixed_transform_step25,3457,2025-04-25,2025-05-12,0.02116527880118,2025,2024-12-31,native_mse,20260910,-0.000987643148635555,,0,1
fixed_transform_step25,3464,2025-05-09,2025-05-19,0.0041484224873464,2025,2024-12-31,native_mse,20260910,-0.0013747677302766792,,0,1
fixed_transform_step25,3469,2025-05-16,2025-05-26,-0.0017462660042188,2025,2024-12-31,native_mse,20260910,-0.0004666942525332647,,0,0
fixed_transform_step25,3474,2025-05-23,2025-06-03,-0.0109216443615366,2025,2024-12-31,native_mse,20260910,-0.0003784346347167226,,0,0
fixed_transform_step25,3479,2025-05-30,2025-06-09,0.011566574321892,2025,2024-12-31,native_mse,20260910,0.0010175785321809984,,1,1
fixed_transform_step25,3483,2025-06-06,2025-06-16,-0.0062354943524679,2025,2024-12-31,native_mse,20260910,-0.0001914645603575384,,0,0
fixed_transform_step25,3488,2025-06-13,2025-06-23,-0.005825691168304,2025,2024-12-31,native_mse,20260910,1.1665969000571627e-05,,1,0
fixed_transform_step25,3493,2025-06-20,2025-06-30,0.0232670437490374,2025,2024-12-31,native_mse,20260910,0.0007044968618821799,,1,1
fixed_transform_step25,3498,2025-06-27,2025-07-07,0.0145345648685946,2025,2024-12-31,native_mse,20260910,-0.003232334991441291,,0,1
fixed_transform_step25,3503,2025-07-04,2025-07-14,0.0110426949002964,2025,2024-12-31,native_mse,20260910,0.003419117861495023,,1,1
fixed_transform_step25,3508,2025-07-11,2025-07-21,0.0120759671840067,2025,2024-12-31,native_mse,20260910,0.011140680775400312,,1,1
fixed_transform_step25,3513,2025-07-18,2025-07-28,0.0143570766898375,2025,2024-12-31,native_mse,20260910,-0.002127522022613997,,0,1
fixed_transform_step25,3518,2025-07-25,2025-08-04,-0.0218642507630443,2025,2024-12-31,native_mse,20260910,-0.001869242573817923,,0,0
fixed_transform_step25,3523,2025-08-01,2025-08-11,0.0179175520190988,2025,2024-12-31,native_mse,20260910,2.2319590068522338e-05,,1,1
fixed_transform_step25,3528,2025-08-08,2025-08-18,0.026265786598999,2025,2024-12-31,native_mse,20260910,-0.004614466433741538,,0,1
fixed_transform_step25,3533,2025-08-15,2025-08-25,0.0469483790671487,2025,2024-12-31,native_mse,20260910,-0.0013489789955213162,,0,1
fixed_transform_step25,3538,2025-08-22,2025-09-01,0.0227770368340847,2025,2024-12-31,native_mse,20260910,-0.004341013056443359,,0,1
fixed_transform_step25,3543,2025-08-29,2025-09-08,-0.0110053842475337,2025,2024-12-31,native_mse,20260910,-0.004924417538845909,,0,0
fixed_transform_step25,3548,2025-09-05,2025-09-15,0.0151594857594405,2025,2024-12-31,native_mse,20260910,-0.004519124644784283,,0,1
fixed_transform_step25,3553,2025-09-12,2025-09-22,-0.0050409160971932,2025,2024-12-31,native_mse,20260910,-0.004114428954602145,,0,0
fixed_transform_step25,3558,2025-09-19,2025-09-29,0.0095300784790881,2025,2024-12-31,native_mse,20260910,-0.0047590961051182015,,0,1
fixed_transform_step25,3563,2025-09-26,2025-10-13,-0.0140855274279203,2025,2024-12-31,native_mse,20260910,-0.004219803127072934,,0,0
fixed_transform_step25,3567,2025-10-10,2025-10-20,0.015001547584321,2025,2024-12-31,native_mse,20260910,-0.003823350500415441,,0,1
fixed_transform_step25,3572,2025-10-17,2025-10-27,0.0309637052897611,2025,2024-12-31,native_mse,20260910,-0.003866623261027931,,0,1
fixed_transform_step25,3577,2025-10-24,2025-11-03,-0.013331545863497,2025,2024-12-31,native_mse,20260910,-0.0036382658807448576,,0,0
fixed_transform_step25,3582,2025-10-31,2025-11-10,0.0110832418536339,2025,2024-12-31,native_mse,20260910,-0.003790641327688186,,0,1
fixed_transform_step25,3587,2025-11-07,2025-11-17,-0.0152107881197579,2025,2024-12-31,native_mse,20260910,-0.003538974204578519,,0,0
fixed_transform_step25,3592,2025-11-14,2025-11-24,-0.031114557454173,2025,2024-12-31,native_mse,20260910,-0.003282621345580935,,0,0
fixed_transform_step25,3597,2025-11-21,2025-12-01,0.0147613767448515,2025,2024-12-31,native_mse,20260910,-0.0034884891644206416,,0,1
fixed_transform_step25,3602,2025-11-28,2025-12-08,0.0118853804313106,2025,2024-12-31,native_mse,20260910,-0.003806133337151431,,0,1
fixed_transform_step25,3607,2025-12-05,2025-12-15,-0.0093922675990717,2025,2024-12-31,native_mse,20260910,-0.003208553856296927,,0,0
fixed_transform_step25,3612,2025-12-12,2025-12-22,0.0082791208791208,2025,2024-12-31,native_mse,20260910,0.0022387132272507658,,1,1
fixed_transform_step25,3617,2025-12-19,2025-12-29,0.0153890755001995,2025,2024-12-31,native_mse,20260910,0.006486312528548796,,1,1
fixed_transform_step25,3622,2025-12-26,2026-01-12,0.0239101640737868,2025,2024-12-31,native_mse,20260910,-0.0003728277129905187,,0,1
fixed_transform_step25,3384,2025-01-03,2025-01-13,-0.0189486730632231,2025,2024-12-31,native_mse,20260911,-0.002243633031677963,,0,0
fixed_transform_step25,3389,2025-01-10,2025-01-20,0.0353251773547418,2025,2024-12-31,native_mse,20260911,-0.0018394813791051527,,0,1
fixed_transform_step25,3394,2025-01-17,2025-01-27,0.000432821422053,2025,2024-12-31,native_mse,20260911,-0.0014393263633927758,,0,1
fixed_transform_step25,3399,2025-01-24,2025-02-10,0.0159344898044284,2025,2024-12-31,native_mse,20260911,-0.0005732481089145066,,0,1
fixed_transform_step25,3403,2025-02-07,2025-02-17,0.0144454990892999,2025,2024-12-31,native_mse,20260911,-0.0003493640286036611,,0,1
fixed_transform_step25,3408,2025-02-14,2025-02-24,0.0045695818086644,2025,2024-12-31,native_mse,20260911,-6.571465300264602e-06,,0,1
fixed_transform_step25,3413,2025-02-21,2025-03-03,-0.0183210488158531,2025,2024-12-31,native_mse,20260911,0.00010564573035517886,,1,0
fixed_transform_step25,3418,2025-02-28,2025-03-10,0.0117650075646844,2025,2024-12-31,native_mse,20260911,0.00030938900384146466,,1,1
fixed_transform_step25,3423,2025-03-07,2025-03-17,0.019023819058288,2025,2024-12-31,native_mse,20260911,0.0003527669941379203,,1,1
fixed_transform_step25,3428,2025-03-14,2025-03-24,-0.0259983485216283,2025,2024-12-31,native_mse,20260911,0.0004719065040533454,,1,0
fixed_transform_step25,3433,2025-03-21,2025-03-31,-0.0025867506275359,2025,2024-12-31,native_mse,20260911,0.0001374212134311476,,1,0
fixed_transform_step25,3438,2025-03-28,2025-04-14,-0.0342910101946246,2025,2024-12-31,native_mse,20260911,0.0003460895283123176,,1,0
fixed_transform_step25,3447,2025-04-11,2025-04-21,-0.0010339232881941,2025,2024-12-31,native_mse,20260911,0.000247650617921614,,1,0
fixed_transform_step25,3452,2025-04-18,2025-04-28,0.0048432383085554,2025,2024-12-31,native_mse,20260911,0.0005399418130639047,,1,1
fixed_transform_step25,3457,2025-04-25,2025-05-12,0.02116527880118,2025,2024-12-31,native_mse,20260911,0.00041859235087992534,,1,1
fixed_transform_step25,3464,2025-05-09,2025-05-19,0.0041484224873464,2025,2024-12-31,native_mse,20260911,-0.00023324757687195213,,0,1
fixed_transform_step25,3469,2025-05-16,2025-05-26,-0.0017462660042188,2025,2024-12-31,native_mse,20260911,-0.0007053097438131018,,0,0
fixed_transform_step25,3474,2025-05-23,2025-06-03,-0.0109216443615366,2025,2024-12-31,native_mse,20260911,-0.0004283154814639044,,0,0
fixed_transform_step25,3479,2025-05-30,2025-06-09,0.011566574321892,2025,2024-12-31,native_mse,20260911,-0.0007435280421209072,,0,1
fixed_transform_step25,3483,2025-06-06,2025-06-16,-0.0062354943524679,2025,2024-12-31,native_mse,20260911,0.00031992663879525335,,1,0
fixed_transform_step25,3488,2025-06-13,2025-06-23,-0.005825691168304,2025,2024-12-31,native_mse,20260911,-0.00012583521126832513,,0,0
fixed_transform_step25,3493,2025-06-20,2025-06-30,0.0232670437490374,2025,2024-12-31,native_mse,20260911,0.0004804870845920942,,1,1
fixed_transform_step25,3498,2025-06-27,2025-07-07,0.0145345648685946,2025,2024-12-31,native_mse,20260911,0.0003559800730399111,,1,1
fixed_transform_step25,3503,2025-07-04,2025-07-14,0.0110426949002964,2025,2024-12-31,native_mse,20260911,0.0001003436982822433,,1,1
fixed_transform_step25,3508,2025-07-11,2025-07-21,0.0120759671840067,2025,2024-12-31,native_mse,20260911,0.00011930674045287023,,1,1
fixed_transform_step25,3513,2025-07-18,2025-07-28,0.0143570766898375,2025,2024-12-31,native_mse,20260911,-0.00014021210404791933,,0,1
fixed_transform_step25,3518,2025-07-25,2025-08-04,-0.0218642507630443,2025,2024-12-31,native_mse,20260911,-0.0010675431152552786,,0,0
fixed_transform_step25,3523,2025-08-01,2025-08-11,0.0179175520190988,2025,2024-12-31,native_mse,20260911,-0.0011114652147751107,,0,1
fixed_transform_step25,3528,2025-08-08,2025-08-18,0.026265786598999,2025,2024-12-31,native_mse,20260911,-0.0011821175732785794,,0,1
fixed_transform_step25,3533,2025-08-15,2025-08-25,0.0469483790671487,2025,2024-12-31,native_mse,20260911,-0.001692750035902398,,0,1
fixed_transform_step25,3538,2025-08-22,2025-09-01,0.0227770368340847,2025,2024-12-31,native_mse,20260911,-0.0020785336587941633,,0,1
fixed_transform_step25,3543,2025-08-29,2025-09-08,-0.0110053842475337,2025,2024-12-31,native_mse,20260911,-0.0022958519339049935,,0,0
fixed_transform_step25,3548,2025-09-05,2025-09-15,0.0151594857594405,2025,2024-12-31,native_mse,20260911,-0.002811169444921857,,0,1
fixed_transform_step25,3553,2025-09-12,2025-09-22,-0.0050409160971932,2025,2024-12-31,native_mse,20260911,-0.0028821755195373713,,0,0
fixed_transform_step25,3558,2025-09-19,2025-09-29,0.0095300784790881,2025,2024-12-31,native_mse,20260911,-0.0027270038017814854,,0,1
fixed_transform_step25,3563,2025-09-26,2025-10-13,-0.0140855274279203,2025,2024-12-31,native_mse,20260911,-0.002671446424452231,,0,0
fixed_transform_step25,3567,2025-10-10,2025-10-20,0.015001547584321,2025,2024-12-31,native_mse,20260911,-0.002875353278749809,,0,1
fixed_transform_step25,3572,2025-10-17,2025-10-27,0.0309637052897611,2025,2024-12-31,native_mse,20260911,-0.0026759293493526775,,0,1
fixed_transform_step25,3577,2025-10-24,2025-11-03,-0.013331545863497,2025,2024-12-31,native_mse,20260911,-0.0024118634853773644,,0,0
fixed_transform_step25,3582,2025-10-31,2025-11-10,0.0110832418536339,2025,2024-12-31,native_mse,20260911,-0.0024513790865101073,,0,1
fixed_transform_step25,3587,2025-11-07,2025-11-17,-0.0152107881197579,2025,2024-12-31,native_mse,20260911,-0.0023441841984512364,,0,0
fixed_transform_step25,3592,2025-11-14,2025-11-24,-0.031114557454173,2025,2024-12-31,native_mse,20260911,-0.0023326617843834286,,0,0
fixed_transform_step25,3597,2025-11-21,2025-12-01,0.0147613767448515,2025,2024-12-31,native_mse,20260911,-0.0021695162719280723,,0,1
fixed_transform_step25,3602,2025-11-28,2025-12-08,0.0118853804313106,2025,2024-12-31,native_mse,20260911,-0.0021230276394656705,,0,1
fixed_transform_step25,3607,2025-12-05,2025-12-15,-0.0093922675990717,2025,2024-12-31,native_mse,20260911,-0.0018508009821854902,,0,0
fixed_transform_step25,3612,2025-12-12,2025-12-22,0.0082791208791208,2025,2024-12-31,native_mse,20260911,-0.0014574936445709685,,0,1
fixed_transform_step25,3617,2025-12-19,2025-12-29,0.0153890755001995,2025,2024-12-31,native_mse,20260911,-0.001196551069802699,,0,1
fixed_transform_step25,3622,2025-12-26,2026-01-12,0.0239101640737868,2025,2024-12-31,native_mse,20260911,-0.0009424910062058391,,0,1
fixed_transform_step25,3384,2025-01-03,2025-01-13,-0.0189486730632231,2025,2024-12-31,native_mse,20260912,-0.003930728949605344,,0,0
fixed_transform_step25,3389,2025-01-10,2025-01-20,0.0353251773547418,2025,2024-12-31,native_mse,20260912,0.004608697114816542,,1,1
fixed_transform_step25,3394,2025-01-17,2025-01-27,0.000432821422053,2025,2024-12-31,native_mse,20260912,-0.0013781107886780553,,0,1
fixed_transform_step25,3399,2025-01-24,2025-02-10,0.0159344898044284,2025,2024-12-31,native_mse,20260912,0.008065382377116114,,1,1
fixed_transform_step25,3403,2025-02-07,2025-02-17,0.0144454990892999,2025,2024-12-31,native_mse,20260912,0.0020560919017093573,,1,1
fixed_transform_step25,3408,2025-02-14,2025-02-24,0.0045695818086644,2025,2024-12-31,native_mse,20260912,0.0004574229206631815,,1,1
fixed_transform_step25,3413,2025-02-21,2025-03-03,-0.0183210488158531,2025,2024-12-31,native_mse,20260912,-0.004487069050516085,,0,0
fixed_transform_step25,3418,2025-02-28,2025-03-10,0.0117650075646844,2025,2024-12-31,native_mse,20260912,0.007907777385840498,,1,1
fixed_transform_step25,3423,2025-03-07,2025-03-17,0.019023819058288,2025,2024-12-31,native_mse,20260912,-0.007080334543719193,,0,1
fixed_transform_step25,3428,2025-03-14,2025-03-24,-0.0259983485216283,2025,2024-12-31,native_mse,20260912,0.005416181842733637,,1,0
fixed_transform_step25,3433,2025-03-21,2025-03-31,-0.0025867506275359,2025,2024-12-31,native_mse,20260912,0.0028174386195491687,,1,0
fixed_transform_step25,3438,2025-03-28,2025-04-14,-0.0342910101946246,2025,2024-12-31,native_mse,20260912,0.0006099430279859906,,1,0
fixed_transform_step25,3447,2025-04-11,2025-04-21,-0.0010339232881941,2025,2024-12-31,native_mse,20260912,-0.0038314464400373087,,0,0
fixed_transform_step25,3452,2025-04-18,2025-04-28,0.0048432383085554,2025,2024-12-31,native_mse,20260912,-0.002239070357372274,,0,1
fixed_transform_step25,3457,2025-04-25,2025-05-12,0.02116527880118,2025,2024-12-31,native_mse,20260912,-0.0030291142570267483,,0,1
fixed_transform_step25,3464,2025-05-09,2025-05-19,0.0041484224873464,2025,2024-12-31,native_mse,20260912,-0.006797100864360832,,0,1
fixed_transform_step25,3469,2025-05-16,2025-05-26,-0.0017462660042188,2025,2024-12-31,native_mse,20260912,0.0011635229802106158,,1,0
fixed_transform_step25,3474,2025-05-23,2025-06-03,-0.0109216443615366,2025,2024-12-31,native_mse,20260912,-0.0015437185640202761,,0,0
fixed_transform_step25,3479,2025-05-30,2025-06-09,0.011566574321892,2025,2024-12-31,native_mse,20260912,-0.007042284452490261,,0,1
fixed_transform_step25,3483,2025-06-06,2025-06-16,-0.0062354943524679,2025,2024-12-31,native_mse,20260912,0.00028466611619904517,,1,0
fixed_transform_step25,3488,2025-06-13,2025-06-23,-0.005825691168304,2025,2024-12-31,native_mse,20260912,-0.006674179072757184,,0,0
fixed_transform_step25,3493,2025-06-20,2025-06-30,0.0232670437490374,2025,2024-12-31,native_mse,20260912,-0.0026285119113171485,,0,1
fixed_transform_step25,3498,2025-06-27,2025-07-07,0.0145345648685946,2025,2024-12-31,native_mse,20260912,-0.001664357643481335,,0,1
fixed_transform_step25,3503,2025-07-04,2025-07-14,0.0110426949002964,2025,2024-12-31,native_mse,20260912,0.0037107408116209707,,1,1
fixed_transform_step25,3508,2025-07-11,2025-07-21,0.0120759671840067,2025,2024-12-31,native_mse,20260912,0.002218014475368515,,1,1
fixed_transform_step25,3513,2025-07-18,2025-07-28,0.0143570766898375,2025,2024-12-31,native_mse,20260912,0.009911597608358887,,1,1
fixed_transform_step25,3518,2025-07-25,2025-08-04,-0.0218642507630443,2025,2024-12-31,native_mse,20260912,-0.0013540938427923275,,0,0
fixed_transform_step25,3523,2025-08-01,2025-08-11,0.0179175520190988,2025,2024-12-31,native_mse,20260912,0.002501110312004882,,1,1
fixed_transform_step25,3528,2025-08-08,2025-08-18,0.026265786598999,2025,2024-12-31,native_mse,20260912,-0.006121881900028309,,0,1
fixed_transform_step25,3533,2025-08-15,2025-08-25,0.0469483790671487,2025,2024-12-31,native_mse,20260912,-0.0031833828356847573,,0,1
fixed_transform_step25,3538,2025-08-22,2025-09-01,0.0227770368340847,2025,2024-12-31,native_mse,20260912,-0.005229739970136804,,0,1
fixed_transform_step25,3543,2025-08-29,2025-09-08,-0.0110053842475337,2025,2024-12-31,native_mse,20260912,0.0017396293034999204,,1,0
fixed_transform_step25,3548,2025-09-05,2025-09-15,0.0151594857594405,2025,2024-12-31,native_mse,20260912,-0.006315423164964012,,0,1
fixed_transform_step25,3553,2025-09-12,2025-09-22,-0.0050409160971932,2025,2024-12-31,native_mse,20260912,0.0036445584301978444,,1,0
fixed_transform_step25,3558,2025-09-19,2025-09-29,0.0095300784790881,2025,2024-12-31,native_mse,20260912,-0.007907179585583714,,0,1
fixed_transform_step25,3563,2025-09-26,2025-10-13,-0.0140855274279203,2025,2024-12-31,native_mse,20260912,-0.0016751946251609804,,0,0
fixed_transform_step25,3567,2025-10-10,2025-10-20,0.015001547584321,2025,2024-12-31,native_mse,20260912,-0.006402638764524997,,0,1
fixed_transform_step25,3572,2025-10-17,2025-10-27,0.0309637052897611,2025,2024-12-31,native_mse,20260912,-0.00870396964325983,,0,1
fixed_transform_step25,3577,2025-10-24,2025-11-03,-0.013331545863497,2025,2024-12-31,native_mse,20260912,-0.005475122015119508,,0,0
fixed_transform_step25,3582,2025-10-31,2025-11-10,0.0110832418536339,2025,2024-12-31,native_mse,20260912,-0.006949842516906396,,0,1
fixed_transform_step25,3587,2025-11-07,2025-11-17,-0.0152107881197579,2025,2024-12-31,native_mse,20260912,0.005808210669049744,,1,0
fixed_transform_step25,3592,2025-11-14,2025-11-24,-0.031114557454173,2025,2024-12-31,native_mse,20260912,-0.005729952989633713,,0,0
fixed_transform_step25,3597,2025-11-21,2025-12-01,0.0147613767448515,2025,2024-12-31,native_mse,20260912,-0.0015450315646448089,,0,1
fixed_transform_step25,3602,2025-11-28,2025-12-08,0.0118853804313106,2025,2024-12-31,native_mse,20260912,-0.0032204954130721736,,0,1
fixed_transform_step25,3607,2025-12-05,2025-12-15,-0.0093922675990717,2025,2024-12-31,native_mse,20260912,-0.0047114270439592345,,0,0
fixed_transform_step25,3612,2025-12-12,2025-12-22,0.0082791208791208,2025,2024-12-31,native_mse,20260912,0.0035042182684974187,,1,1
fixed_transform_step25,3617,2025-12-19,2025-12-29,0.0153890755001995,2025,2024-12-31,native_mse,20260912,-0.0005370407904008248,,0,1
fixed_transform_step25,3622,2025-12-26,2026-01-12,0.0239101640737868,2025,2024-12-31,native_mse,20260912,0.002315041428841435,,1,1
fixed_transform_step25,3630,2026-01-09,2026-01-19,-0.0103697336282536,2026,2025-12-31,native_mse,20260910,-0.002855102612462861,,0,0
fixed_transform_step25,3635,2026-01-16,2026-01-26,-0.0010190267764643,2026,2025-12-31,native_mse,20260910,-0.00015744638603756636,,0,0
fixed_transform_step25,3640,2026-01-23,2026-02-02,-0.0087161586128796,2026,2025-12-31,native_mse,20260910,-0.006105688647517694,,0,0
fixed_transform_step25,3645,2026-01-30,2026-02-09,0.0041482324550519,2026,2025-12-31,native_mse,20260910,-0.0019649521887390433,,0,1
fixed_transform_step25,3650,2026-02-06,2026-02-24,0.0071649689901505,2026,2025-12-31,native_mse,20260910,0.0047027542719540035,,1,1
fixed_transform_step25,3655,2026-02-13,2026-03-02,-0.0097920588919678,2026,2025-12-31,native_mse,20260910,0.0004179826835146159,,1,0
fixed_transform_step25,3659,2026-02-27,2026-03-09,-0.0172526869201304,2026,2025-12-31,native_mse,20260910,0.0022625269962182996,,1,0
fixed_transform_step25,3664,2026-03-06,2026-03-16,0.0149926634422041,2026,2025-12-31,native_mse,20260910,-0.003806878947664824,,0,1
fixed_transform_step25,3669,2026-03-13,2026-03-23,-0.0364343509194254,2026,2025-12-31,native_mse,20260910,-0.006468904470141985,,0,0
fixed_transform_step25,3674,2026-03-20,2026-03-30,-0.0083038829988221,2026,2025-12-31,native_mse,20260910,-0.006677801015318794,,0,0
fixed_transform_step25,3679,2026-03-27,2026-04-07,-0.0035591495694504,2026,2025-12-31,native_mse,20260910,-0.0012459609623288559,,0,0
fixed_transform_step25,3684,2026-04-03,2026-04-13,0.0380736235508991,2026,2025-12-31,native_mse,20260910,-0.0002708764126667155,,0,1
fixed_transform_step25,3688,2026-04-10,2026-04-20,0.0242766725964382,2026,2025-12-31,native_mse,20260910,-0.0014516073248232214,,0,1
fixed_transform_step25,3693,2026-04-17,2026-04-27,0.010401572188011,2026,2025-12-31,native_mse,20260910,-0.00019243492513075974,,0,1
fixed_transform_step25,3698,2026-04-24,2026-05-11,0.0263674696524953,2026,2025-12-31,native_mse,20260910,0.00044530537803680217,,1,1
fixed_transform_step25,3705,2026-05-08,2026-05-18,-0.0134529239455926,2026,2025-12-31,native_mse,20260910,0.00821158666179363,,1,0
fixed_transform_step25,3710,2026-05-15,2026-05-25,0.0076235492615268,2026,2025-12-31,native_mse,20260910,0.009209478129531542,,1,1
fixed_transform_step25,3715,2026-05-22,2026-06-01,0.005068538126898,2026,2025-12-31,native_mse,20260910,-0.0037899662548005076,,0,1
fixed_transform_step25,3720,2026-05-29,2026-06-08,-0.039635353927193,2026,2025-12-31,native_mse,20260910,-0.005878390043911763,,0,0
fixed_transform_step25,3725,2026-06-05,2026-06-15,0.0266849782195981,2026,2025-12-31,native_mse,20260910,-0.005079831260852612,,0,1
fixed_transform_step25,3730,2026-06-12,2026-06-29,0.0076098142791176,2026,2025-12-31,native_mse,20260910,-0.0013875397965599067,,0,1
fixed_transform_step25,3739,2026-06-26,2026-07-06,0.0005137647861506,2026,2025-12-31,native_mse,20260910,-0.002031043716013942,,0,1
fixed_transform_step25,3744,2026-07-03,2026-07-13,-0.0252847876365399,2026,2025-12-31,native_mse,20260910,-0.003966417206833292,,0,0
fixed_transform_step25,3749,2026-07-10,2026-07-20,-0.035775397012711,2026,2025-12-31,native_mse,20260910,-0.000224192482655729,,0,0
fixed_transform_step25,3754,2026-07-17,2026-07-27,0.01756245533441,2026,2025-12-31,native_mse,20260910,-0.001279240964054163,,0,1
fixed_transform_step25,3759,2026-07-24,2026-08-03,-0.0202339761556519,2026,2025-12-31,native_mse,20260910,-0.0020989123929827714,,0,0
fixed_transform_step25,3764,2026-07-31,2026-08-10,0.0300318732435738,2026,2025-12-31,native_mse,20260910,-0.005698998401180227,,0,1
fixed_transform_step25,3769,2026-08-07,2026-08-17,-0.0056482265760339,2026,2025-12-31,native_mse,20260910,-0.000843785639629233,,0,0
fixed_transform_step25,3774,2026-08-14,2026-08-24,-0.0109860710402629,2026,2025-12-31,native_mse,20260910,0.001103287661206875,,1,0
fixed_transform_step25,3779,2026-08-21,2026-08-31,-0.0127592811002066,2026,2025-12-31,native_mse,20260910,0.005195736341319573,,1,0
fixed_transform_step25,3630,2026-01-09,2026-01-19,-0.0103697336282536,2026,2025-12-31,native_mse,20260911,-0.0030890692487675277,,0,0
fixed_transform_step25,3635,2026-01-16,2026-01-26,-0.0010190267764643,2026,2025-12-31,native_mse,20260911,-0.0029844245717806552,,0,0
fixed_transform_step25,3640,2026-01-23,2026-02-02,-0.0087161586128796,2026,2025-12-31,native_mse,20260911,-0.0018485669736654138,,0,0
fixed_transform_step25,3645,2026-01-30,2026-02-09,0.0041482324550519,2026,2025-12-31,native_mse,20260911,-0.002659061252019485,,0,1
fixed_transform_step25,3650,2026-02-06,2026-02-24,0.0071649689901505,2026,2025-12-31,native_mse,20260911,-0.0015567976959256278,,0,1
fixed_transform_step25,3655,2026-02-13,2026-03-02,-0.0097920588919678,2026,2025-12-31,native_mse,20260911,-0.0015389707922718095,,0,0
fixed_transform_step25,3659,2026-02-27,2026-03-09,-0.0172526869201304,2026,2025-12-31,native_mse,20260911,-0.0019681718770543553,,0,0
fixed_transform_step25,3664,2026-03-06,2026-03-16,0.0149926634422041,2026,2025-12-31,native_mse,20260911,0.00014521785716820214,,1,1
fixed_transform_step25,3669,2026-03-13,2026-03-23,-0.0364343509194254,2026,2025-12-31,native_mse,20260911,-0.0022671453715006956,,0,0
fixed_transform_step25,3674,2026-03-20,2026-03-30,-0.0083038829988221,2026,2025-12-31,native_mse,20260911,-0.001986856137592856,,0,0
fixed_transform_step25,3679,2026-03-27,2026-04-07,-0.0035591495694504,2026,2025-12-31,native_mse,20260911,-0.002218520604235266,,0,0
fixed_transform_step25,3684,2026-04-03,2026-04-13,0.0380736235508991,2026,2025-12-31,native_mse,20260911,-0.002090390096021022,,0,1
fixed_transform_step25,3688,2026-04-10,2026-04-20,0.0242766725964382,2026,2025-12-31,native_mse,20260911,-0.0024408235069100508,,0,1
fixed_transform_step25,3693,2026-04-17,2026-04-27,0.010401572188011,2026,2025-12-31,native_mse,20260911,-0.0029629470272129906,,0,1
fixed_transform_step25,3698,2026-04-24,2026-05-11,0.0263674696524953,2026,2025-12-31,native_mse,20260911,-0.003359926419865766,,0,1
fixed_transform_step25,3705,2026-05-08,2026-05-18,-0.0134529239455926,2026,2025-12-31,native_mse,20260911,-0.002535154678821143,,0,0
fixed_transform_step25,3710,2026-05-15,2026-05-25,0.0076235492615268,2026,2025-12-31,native_mse,20260911,-0.002260058894062486,,0,1
fixed_transform_step25,3715,2026-05-22,2026-06-01,0.005068538126898,2026,2025-12-31,native_mse,20260911,-0.0015057276938992676,,0,1
fixed_transform_step25,3720,2026-05-29,2026-06-08,-0.039635353927193,2026,2025-12-31,native_mse,20260911,-0.002635162144589442,,0,0
fixed_transform_step25,3725,2026-06-05,2026-06-15,0.0266849782195981,2026,2025-12-31,native_mse,20260911,-0.003913781241526722,,0,1
fixed_transform_step25,3730,2026-06-12,2026-06-29,0.0076098142791176,2026,2025-12-31,native_mse,20260911,-0.0036857925348870147,,0,1
fixed_transform_step25,3739,2026-06-26,2026-07-06,0.0005137647861506,2026,2025-12-31,native_mse,20260911,-0.0021369319429553274,,0,1
fixed_transform_step25,3744,2026-07-03,2026-07-13,-0.0252847876365399,2026,2025-12-31,native_mse,20260911,-0.0022933277317483012,,0,0
fixed_transform_step25,3749,2026-07-10,2026-07-20,-0.035775397012711,2026,2025-12-31,native_mse,20260911,-0.0023056933526758674,,0,0
fixed_transform_step25,3754,2026-07-17,2026-07-27,0.01756245533441,2026,2025-12-31,native_mse,20260911,-0.0024493044555773855,,0,1
fixed_transform_step25,3759,2026-07-24,2026-08-03,-0.0202339761556519,2026,2025-12-31,native_mse,20260911,-0.0026633393533010696,,0,0
fixed_transform_step25,3764,2026-07-31,2026-08-10,0.0300318732435738,2026,2025-12-31,native_mse,20260911,-0.0024432171596736993,,0,1
fixed_transform_step25,3769,2026-08-07,2026-08-17,-0.0056482265760339,2026,2025-12-31,native_mse,20260911,-0.0034017483589926685,,0,0
fixed_transform_step25,3774,2026-08-14,2026-08-24,-0.0109860710402629,2026,2025-12-31,native_mse,20260911,-0.002813706354026954,,0,0
fixed_transform_step25,3779,2026-08-21,2026-08-31,-0.0127592811002066,2026,2025-12-31,native_mse,20260911,-0.0019809857134933735,,0,0
fixed_transform_step25,3630,2026-01-09,2026-01-19,-0.0103697336282536,2026,2025-12-31,native_mse,20260912,-0.0012654744629118373,,0,0
fixed_transform_step25,3635,2026-01-16,2026-01-26,-0.0010190267764643,2026,2025-12-31,native_mse,20260912,-0.0009824454910161004,,0,0
fixed_transform_step25,3640,2026-01-23,2026-02-02,-0.0087161586128796,2026,2025-12-31,native_mse,20260912,-0.0014318861524315442,,0,0
fixed_transform_step25,3645,2026-01-30,2026-02-09,0.0041482324550519,2026,2025-12-31,native_mse,20260912,-0.0015519331724585116,,0,1
fixed_transform_step25,3650,2026-02-06,2026-02-24,0.0071649689901505,2026,2025-12-31,native_mse,20260912,-0.0016869022750859507,,0,1
fixed_transform_step25,3655,2026-02-13,2026-03-02,-0.0097920588919678,2026,2025-12-31,native_mse,20260912,-0.0011765097827620523,,0,0
fixed_transform_step25,3659,2026-02-27,2026-03-09,-0.0172526869201304,2026,2025-12-31,native_mse,20260912,-0.0007085124719817442,,0,0
fixed_transform_step25,3664,2026-03-06,2026-03-16,0.0149926634422041,2026,2025-12-31,native_mse,20260912,-0.0009899154221996353,,0,1
fixed_transform_step25,3669,2026-03-13,2026-03-23,-0.0364343509194254,2026,2025-12-31,native_mse,20260912,-0.0011266305599294578,,0,0
fixed_transform_step25,3674,2026-03-20,2026-03-30,-0.0083038829988221,2026,2025-12-31,native_mse,20260912,-0.001524311581453077,,0,0
fixed_transform_step25,3679,2026-03-27,2026-04-07,-0.0035591495694504,2026,2025-12-31,native_mse,20260912,-0.0019205134194293897,,0,0
fixed_transform_step25,3684,2026-04-03,2026-04-13,0.0380736235508991,2026,2025-12-31,native_mse,20260912,-0.0011376256916386593,,0,1
fixed_transform_step25,3688,2026-04-10,2026-04-20,0.0242766725964382,2026,2025-12-31,native_mse,20260912,-0.0013216896399536517,,0,1
fixed_transform_step25,3693,2026-04-17,2026-04-27,0.010401572188011,2026,2025-12-31,native_mse,20260912,-0.0015028502660909705,,0,1
fixed_transform_step25,3698,2026-04-24,2026-05-11,0.0263674696524953,2026,2025-12-31,native_mse,20260912,-0.0012568015547876838,,0,1
fixed_transform_step25,3705,2026-05-08,2026-05-18,-0.0134529239455926,2026,2025-12-31,native_mse,20260912,-0.0004371239494575972,,0,0
fixed_transform_step25,3710,2026-05-15,2026-05-25,0.0076235492615268,2026,2025-12-31,native_mse,20260912,6.163719011948235e-05,,1,1
fixed_transform_step25,3715,2026-05-22,2026-06-01,0.005068538126898,2026,2025-12-31,native_mse,20260912,7.730204085298746e-06,,1,1
fixed_transform_step25,3720,2026-05-29,2026-06-08,-0.039635353927193,2026,2025-12-31,native_mse,20260912,-0.00019569943758148556,,0,0
fixed_transform_step25,3725,2026-06-05,2026-06-15,0.0266849782195981,2026,2025-12-31,native_mse,20260912,-0.00010540438898025962,,0,1
fixed_transform_step25,3730,2026-06-12,2026-06-29,0.0076098142791176,2026,2025-12-31,native_mse,20260912,-0.0007095936265099443,,0,1
fixed_transform_step25,3739,2026-06-26,2026-07-06,0.0005137647861506,2026,2025-12-31,native_mse,20260912,-0.00033128119271872585,,0,1
fixed_transform_step25,3744,2026-07-03,2026-07-13,-0.0252847876365399,2026,2025-12-31,native_mse,20260912,-0.0011443460816151978,,0,0
fixed_transform_step25,3749,2026-07-10,2026-07-20,-0.035775397012711,2026,2025-12-31,native_mse,20260912,-0.0017039989678604111,,0,0
fixed_transform_step25,3754,2026-07-17,2026-07-27,0.01756245533441,2026,2025-12-31,native_mse,20260912,-0.0017003094595498154,,0,1
fixed_transform_step25,3759,2026-07-24,2026-08-03,-0.0202339761556519,2026,2025-12-31,native_mse,20260912,-0.0018633248001663242,,0,0
fixed_transform_step25,3764,2026-07-31,2026-08-10,0.0300318732435738,2026,2025-12-31,native_mse,20260912,-0.0013665112944695823,,0,1
fixed_transform_step25,3769,2026-08-07,2026-08-17,-0.0056482265760339,2026,2025-12-31,native_mse,20260912,-0.0010726869031266657,,0,0
fixed_transform_step25,3774,2026-08-14,2026-08-24,-0.0109860710402629,2026,2025-12-31,native_mse,20260912,-0.0012030503226100222,,0,0
fixed_transform_step25,3779,2026-08-21,2026-08-31,-0.0127592811002066,2026,2025-12-31,native_mse,20260912,-0.0005090624873602664,,0,0
fixed_transform_step25,2418,2021-01-08,2021-01-18,-0.0120052904669853,2021,2020-12-31,training_frequency,-1,0.5577557755775577,0.5577557755775577,1,0
fixed_transform_step25,2423,2021-01-15,2021-01-25,0.0231622460538123,2021,2020-12-31,training_frequency,-1,0.5577557755775577,0.5577557755775577,1,1
fixed_transform_step25,2428,2021-01-22,2021-02-01,-0.0372511735907923,2021,2020-12-31,training_frequency,-1,0.5577557755775577,0.5577557755775577,1,0
fixed_transform_step25,2433,2021-01-29,2021-02-08,0.0278689901714626,2021,2020-12-31,training_frequency,-1,0.5577557755775577,0.5577557755775577,1,1
fixed_transform_step25,2438,2021-02-05,2021-02-22,0.0507379035040882,2021,2020-12-31,training_frequency,-1,0.5577557755775577,0.5577557755775577,1,1
fixed_transform_step25,2443,2021-02-19,2021-03-01,-0.0684918010685315,2021,2020-12-31,training_frequency,-1,0.5577557755775577,0.5577557755775577,1,0
fixed_transform_step25,2448,2021-02-26,2021-03-08,-0.0165997123904068,2021,2020-12-31,training_frequency,-1,0.5577557755775577,0.5577557755775577,1,0
fixed_transform_step25,2453,2021-03-05,2021-03-15,-0.0346560901469681,2021,2020-12-31,training_frequency,-1,0.5577557755775577,0.5577557755775577,1,0
fixed_transform_step25,2458,2021-03-12,2021-03-22,-0.0210550182560221,2021,2020-12-31,training_frequency,-1,0.5577557755775577,0.5577557755775577,1,0
fixed_transform_step25,2463,2021-03-19,2021-03-29,0.0087572877565691,2021,2020-12-31,training_frequency,-1,0.5577557755775577,0.5577557755775577,1,1
fixed_transform_step25,2468,2021-03-26,2021-04-06,0.0250145479448802,2021,2020-12-31,training_frequency,-1,0.5577557755775577,0.5577557755775577,1,1
fixed_transform_step25,2473,2021-04-02,2021-04-12,-0.0292856811827044,2021,2021-03-31,training_frequency,-1,0.5540875309661437,0.5540875309661437,1,0
fixed_transform_step25,2477,2021-04-09,2021-04-19,-0.0120489836840408,2021,2021-03-31,training_frequency,-1,0.5540875309661437,0.5540875309661437,1,0
fixed_transform_step25,2482,2021-04-16,2021-04-26,0.0382932540809155,2021,2021-03-31,training_frequency,-1,0.5540875309661437,0.5540875309661437,1,1
fixed_transform_step25,2487,2021-04-23,2021-05-06,-0.0112070185917437,2021,2021-03-31,training_frequency,-1,0.5540875309661437,0.5540875309661437,1,0
fixed_transform_step25,2492,2021-04-30,2021-05-12,-0.0190946889464188,2021,2021-03-31,training_frequency,-1,0.5540875309661437,0.5540875309661437,1,0
fixed_transform_step25,2494,2021-05-07,2021-05-17,0.0227674429764228,2021,2021-03-31,training_frequency,-1,0.5540875309661437,0.5540875309661437,1,1
fixed_transform_step25,2499,2021-05-14,2021-05-24,0.0045940519733895,2021,2021-03-31,training_frequency,-1,0.5540875309661437,0.5540875309661437,1,1
fixed_transform_step25,2504,2021-05-21,2021-05-31,0.0348855085126711,2021,2021-03-31,training_frequency,-1,0.5540875309661437,0.5540875309661437,1,1
fixed_transform_step25,2509,2021-05-28,2021-06-07,-0.0062409741861724,2021,2021-03-31,training_frequency,-1,0.5540875309661437,0.5540875309661437,1,0
fixed_transform_step25,2514,2021-06-04,2021-06-15,-0.0125508761771767,2021,2021-03-31,training_frequency,-1,0.5540875309661437,0.5540875309661437,1,0
fixed_transform_step25,2519,2021-06-11,2021-06-21,-0.0250011497424577,2021,2021-03-31,training_frequency,-1,0.5540875309661437,0.5540875309661437,1,0
fixed_transform_step25,2523,2021-06-18,2021-06-28,0.0325308711127356,2021,2021-03-31,training_frequency,-1,0.5540875309661437,0.5540875309661437,1,1
fixed_transform_step25,2528,2021-06-25,2021-07-05,-0.0342297962734196,2021,2021-03-31,training_frequency,-1,0.5540875309661437,0.5540875309661437,1,0
fixed_transform_step25,2533,2021-07-02,2021-07-12,0.0068193733271841,2021,2021-06-30,training_frequency,-1,0.5537190082644629,0.5537190082644629,1,1
fixed_transform_step25,2538,2021-07-09,2021-07-19,-0.0048254045313779,2021,2021-06-30,training_frequency,-1,0.5537190082644629,0.5537190082644629,1,0
fixed_transform_step25,2543,2021-07-16,2021-07-26,-0.0032299118953994,2021,2021-06-30,training_frequency,-1,0.5537190082644629,0.5537190082644629,1,0
fixed_transform_step25,2548,2021-07-23,2021-08-02,-0.0537740931579083,2021,2021-06-30,training_frequency,-1,0.5537190082644629,0.5537190082644629,1,0
fixed_transform_step25,2553,2021-07-30,2021-08-09,0.019904813945049,2021,2021-06-30,training_frequency,-1,0.5537190082644629,0.5537190082644629,1,1
fixed_transform_step25,2558,2021-08-06,2021-08-16,0.0093369268709639,2021,2021-06-30,training_frequency,-1,0.5537190082644629,0.5537190082644629,1,1
fixed_transform_step25,2563,2021-08-13,2021-08-23,-0.032048736608373,2021,2021-06-30,training_frequency,-1,0.5537190082644629,0.5537190082644629,1,0
fixed_transform_step25,2568,2021-08-20,2021-08-30,0.0145047962107527,2021,2021-06-30,training_frequency,-1,0.5537190082644629,0.5537190082644629,1,1
fixed_transform_step25,2573,2021-08-27,2021-09-06,-0.0012316820816045,2021,2021-06-30,training_frequency,-1,0.5537190082644629,0.5537190082644629,1,0
fixed_transform_step25,2578,2021-09-03,2021-09-13,0.0342301066295398,2021,2021-06-30,training_frequency,-1,0.5537190082644629,0.5537190082644629,1,1
fixed_transform_step25,2583,2021-09-10,2021-09-22,-0.0471441667981554,2021,2021-06-30,training_frequency,-1,0.5537190082644629,0.5537190082644629,1,0
fixed_transform_step25,2588,2021-09-17,2021-09-28,0.0209863060789441,2021,2021-06-30,training_frequency,-1,0.5537190082644629,0.5537190082644629,1,1
fixed_transform_step25,2591,2021-09-24,2021-10-11,0.0144615416200457,2021,2021-06-30,training_frequency,-1,0.5537190082644629,0.5537190082644629,1,1
fixed_transform_step25,2596,2021-10-08,2021-10-18,-0.0038006269617851,2021,2021-09-30,training_frequency,-1,0.5512396694214876,0.5512396694214876,1,0
fixed_transform_step25,2601,2021-10-15,2021-10-25,0.0037358989621147,2021,2021-09-30,training_frequency,-1,0.5512396694214876,0.5512396694214876,1,1
fixed_transform_step25,2606,2021-10-22,2021-11-01,-0.0127041632091318,2021,2021-09-30,training_frequency,-1,0.5512396694214876,0.5512396694214876,1,0
fixed_transform_step25,2611,2021-10-29,2021-11-08,-0.0075807737801166,2021,2021-09-30,training_frequency,-1,0.5512396694214876,0.5512396694214876,1,0
fixed_transform_step25,2616,2021-11-05,2021-11-15,0.0110015182343039,2021,2021-09-30,training_frequency,-1,0.5512396694214876,0.5512396694214876,1,1
fixed_transform_step25,2621,2021-11-12,2021-11-22,0.0002002284238551,2021,2021-09-30,training_frequency,-1,0.5512396694214876,0.5512396694214876,1,1
fixed_transform_step25,2626,2021-11-19,2021-11-29,-0.0153981603100059,2021,2021-09-30,training_frequency,-1,0.5512396694214876,0.5512396694214876,1,0
fixed_transform_step25,2631,2021-11-26,2021-12-06,0.0185518287306458,2021,2021-09-30,training_frequency,-1,0.5512396694214876,0.5512396694214876,1,1
fixed_transform_step25,2636,2021-12-03,2021-12-13,0.0367843110096284,2021,2021-09-30,training_frequency,-1,0.5512396694214876,0.5512396694214876,1,1
fixed_transform_step25,2641,2021-12-10,2021-12-20,-0.0304615698955996,2021,2021-09-30,training_frequency,-1,0.5512396694214876,0.5512396694214876,1,0
fixed_transform_step25,2646,2021-12-17,2021-12-27,-0.0034083287233763,2021,2021-09-30,training_frequency,-1,0.5512396694214876,0.5512396694214876,1,0
fixed_transform_step25,2651,2021-12-24,2022-01-04,0.0080985736506613,2021,2021-09-30,training_frequency,-1,0.5512396694214876,0.5512396694214876,1,1
fixed_transform_step25,2656,2021-12-31,2022-01-10,-0.0293970528320001,2021,2021-09-30,training_frequency,-1,0.5512396694214876,0.5512396694214876,1,0
fixed_transform_step25,2660,2022-01-07,2022-01-17,-0.0173453887283024,2022,2021-12-31,training_frequency,-1,0.5458298926507019,0.5458298926507019,1,0
fixed_transform_step25,2665,2022-01-14,2022-01-24,0.0053248631776616,2022,2021-12-31,training_frequency,-1,0.5458298926507019,0.5458298926507019,1,1
fixed_transform_step25,2670,2022-01-21,2022-02-07,-0.0242661876254222,2022,2021-12-31,training_frequency,-1,0.5458298926507019,0.5458298926507019,1,0
fixed_transform_step25,2675,2022-01-28,2022-02-14,-0.0127539031341488,2022,2021-12-31,training_frequency,-1,0.5458298926507019,0.5458298926507019,1,0
fixed_transform_step25,2680,2022-02-11,2022-02-21,0.0145498774954033,2022,2021-12-31,training_frequency,-1,0.5458298926507019,0.5458298926507019,1,1
fixed_transform_step25,2685,2022-02-18,2022-02-28,-0.0177161244498015,2022,2021-12-31,training_frequency,-1,0.5458298926507019,0.5458298926507019,1,0
fixed_transform_step25,2690,2022-02-25,2022-03-07,-0.0221791776043331,2022,2021-12-31,training_frequency,-1,0.5458298926507019,0.5458298926507019,1,0
fixed_transform_step25,2695,2022-03-04,2022-03-14,-0.0480378799422749,2022,2021-12-31,training_frequency,-1,0.5458298926507019,0.5458298926507019,1,0
fixed_transform_step25,2700,2022-03-11,2022-03-21,0.007530336734814,2022,2021-12-31,training_frequency,-1,0.5458298926507019,0.5458298926507019,1,1
fixed_transform_step25,2705,2022-03-18,2022-03-28,-0.0353493110038457,2022,2021-12-31,training_frequency,-1,0.5458298926507019,0.5458298926507019,1,0
fixed_transform_step25,2710,2022-03-25,2022-04-06,0.0314834190717003,2022,2021-12-31,training_frequency,-1,0.5458298926507019,0.5458298926507019,1,1
fixed_transform_step25,2715,2022-04-01,2022-04-12,-0.0129237372705649,2022,2022-03-31,training_frequency,-1,0.5264462809917355,0.5264462809917355,1,0
fixed_transform_step25,2718,2022-04-08,2022-04-18,-0.0120986062576864,2022,2022-03-31,training_frequency,-1,0.5264462809917355,0.5264462809917355,1,0
fixed_transform_step25,2723,2022-04-15,2022-04-25,-0.0528494340140576,2022,2022-03-31,training_frequency,-1,0.5264462809917355,0.5264462809917355,1,0
fixed_transform_step25,2728,2022-04-22,2022-05-05,0.015736821365468,2022,2022-03-31,training_frequency,-1,0.5264462809917355,0.5264462809917355,1,1
fixed_transform_step25,2733,2022-04-29,2022-05-11,-0.0278824133054675,2022,2022-03-31,training_frequency,-1,0.5264462809917355,0.5264462809917355,1,0
fixed_transform_step25,2735,2022-05-06,2022-05-16,0.033741423035827,2022,2022-03-31,training_frequency,-1,0.5264462809917355,0.5264462809917355,1,1
fixed_transform_step25,2740,2022-05-13,2022-05-23,0.0164308841843088,2022,2022-03-31,training_frequency,-1,0.5264462809917355,0.5264462809917355,1,1
fixed_transform_step25,2745,2022-05-20,2022-05-30,-0.0147293413085614,2022,2022-03-31,training_frequency,-1,0.5264462809917355,0.5264462809917355,1,0
fixed_transform_step25,2750,2022-05-27,2022-06-13,0.0431748431927498,2022,2022-03-31,training_frequency,-1,0.5264462809917355,0.5264462809917355,1,1
fixed_transform_step25,2759,2022-06-10,2022-06-20,0.0306046547112142,2022,2022-03-31,training_frequency,-1,0.5264462809917355,0.5264462809917355,1,1
fixed_transform_step25,2764,2022-06-17,2022-06-27,0.0211666894141107,2022,2022-03-31,training_frequency,-1,0.5264462809917355,0.5264462809917355,1,1
fixed_transform_step25,2769,2022-06-24,2022-07-04,0.0074507343130214,2022,2022-03-31,training_frequency,-1,0.5264462809917355,0.5264462809917355,1,1
fixed_transform_step25,2774,2022-07-01,2022-07-11,-0.0092349827532707,2022,2022-06-30,training_frequency,-1,0.5318444995864351,0.5318444995864351,1,0
fixed_transform_step25,2779,2022-07-08,2022-07-18,-0.0326815927737367,2022,2022-06-30,training_frequency,-1,0.5318444995864351,0.5318444995864351,1,0
fixed_transform_step25,2784,2022-07-15,2022-07-25,-0.0066210715249344,2022,2022-06-30,training_frequency,-1,0.5318444995864351,0.5318444995864351,1,0
fixed_transform_step25,2789,2022-07-22,2022-08-01,-0.0173077967751003,2022,2022-06-30,training_frequency,-1,0.5318444995864351,0.5318444995864351,1,0
fixed_transform_step25,2794,2022-07-29,2022-08-08,-0.004456034513838,2022,2022-06-30,training_frequency,-1,0.5318444995864351,0.5318444995864351,1,0
fixed_transform_step25,2799,2022-08-05,2022-08-15,0.0091475117753996,2022,2022-06-30,training_frequency,-1,0.5318444995864351,0.5318444995864351,1,1
fixed_transform_step25,2804,2022-08-12,2022-08-22,-0.0107272727272728,2022,2022-06-30,training_frequency,-1,0.5318444995864351,0.5318444995864351,1,0
fixed_transform_step25,2809,2022-08-19,2022-08-29,-0.0172375434082356,2022,2022-06-30,training_frequency,-1,0.5318444995864351,0.5318444995864351,1,0
fixed_transform_step25,2814,2022-08-26,2022-09-05,-0.0131573766941938,2022,2022-06-30,training_frequency,-1,0.5318444995864351,0.5318444995864351,1,0
fixed_transform_step25,2819,2022-09-02,2022-09-13,0.0253340680878015,2022,2022-06-30,training_frequency,-1,0.5318444995864351,0.5318444995864351,1,1
fixed_transform_step25,2824,2022-09-09,2022-09-19,-0.044647264962877,2022,2022-06-30,training_frequency,-1,0.5318444995864351,0.5318444995864351,1,0
fixed_transform_step25,2828,2022-09-16,2022-09-26,-0.025155151434928,2022,2022-06-30,training_frequency,-1,0.5318444995864351,0.5318444995864351,1,0
fixed_transform_step25,2833,2022-09-23,2022-10-10,-0.0060162941299352,2022,2022-06-30,training_frequency,-1,0.5318444995864351,0.5318444995864351,1,0
fixed_transform_step25,2838,2022-09-30,2022-10-17,0.0041192047412885,2022,2022-06-30,training_frequency,-1,0.5318444995864351,0.5318444995864351,1,1
fixed_transform_step25,2843,2022-10-14,2022-10-24,-0.0246766294110258,2022,2022-09-30,training_frequency,-1,0.5119933829611248,0.5119933829611248,1,0
fixed_transform_step25,2848,2022-10-21,2022-10-31,-0.059928861134359,2022,2022-09-30,training_frequency,-1,0.5119933829611248,0.5119933829611248,1,0
fixed_transform_step25,2853,2022-10-28,2022-11-07,0.071339502526744,2022,2022-09-30,training_frequency,-1,0.5119933829611248,0.5119933829611248,1,1
fixed_transform_step25,2858,2022-11-04,2022-11-14,0.0169449090696014,2022,2022-09-30,training_frequency,-1,0.5119933829611248,0.5119933829611248,1,1
fixed_transform_step25,2863,2022-11-11,2022-11-21,-0.0127051391515239,2022,2022-09-30,training_frequency,-1,0.5119933829611248,0.5119933829611248,1,0
fixed_transform_step25,2868,2022-11-18,2022-11-28,-0.0179672806084416,2022,2022-09-30,training_frequency,-1,0.5119933829611248,0.5119933829611248,1,0
fixed_transform_step25,2873,2022-11-25,2022-12-05,0.0555768659337096,2022,2022-09-30,training_frequency,-1,0.5119933829611248,0.5119933829611248,1,1
fixed_transform_step25,2878,2022-12-02,2022-12-12,0.0175374394775362,2022,2022-09-30,training_frequency,-1,0.5119933829611248,0.5119933829611248,1,1
fixed_transform_step25,2883,2022-12-09,2022-12-19,-0.0058850602464181,2022,2022-09-30,training_frequency,-1,0.5119933829611248,0.5119933829611248,1,0
fixed_transform_step25,2888,2022-12-16,2022-12-26,-0.0309150292073658,2022,2022-09-30,training_frequency,-1,0.5119933829611248,0.5119933829611248,1,0
fixed_transform_step25,2893,2022-12-23,2023-01-03,0.0089464492229616,2022,2022-09-30,training_frequency,-1,0.5119933829611248,0.5119933829611248,1,1
fixed_transform_step25,2898,2022-12-30,2023-01-09,0.0345913414268119,2022,2022-09-30,training_frequency,-1,0.5119933829611248,0.5119933829611248,1,1
fixed_transform_step25,2902,2023-01-06,2023-01-16,0.0198447929614133,2023,2022-12-31,training_frequency,-1,0.5028949545078577,0.5028949545078577,1,1
fixed_transform_step25,2907,2023-01-13,2023-01-30,0.0465290788350809,2023,2022-12-31,training_frequency,-1,0.5028949545078577,0.5028949545078577,1,1
fixed_transform_step25,2912,2023-01-20,2023-02-06,-0.0383797057844887,2023,2022-12-31,training_frequency,-1,0.5028949545078577,0.5028949545078577,1,0
fixed_transform_step25,2917,2023-02-03,2023-02-13,-0.0012061903149008,2023,2022-12-31,training_frequency,-1,0.5028949545078577,0.5028949545078577,1,0
fixed_transform_step25,2922,2023-02-10,2023-02-20,-0.0143746584432821,2023,2022-12-31,training_frequency,-1,0.5028949545078577,0.5028949545078577,1,0
fixed_transform_step25,2927,2023-02-17,2023-02-27,0.0001237636016198,2023,2022-12-31,training_frequency,-1,0.5028949545078577,0.5028949545078577,1,1
fixed_transform_step25,2932,2023-02-24,2023-03-06,0.0224454641303217,2023,2022-12-31,training_frequency,-1,0.5028949545078577,0.5028949545078577,1,1
fixed_transform_step25,2937,2023-03-03,2023-03-13,-0.0407900947678007,2023,2022-12-31,training_frequency,-1,0.5028949545078577,0.5028949545078577,1,0
fixed_transform_step25,2942,2023-03-10,2023-03-20,5.0471402903706775e-06,2023,2022-12-31,training_frequency,-1,0.5028949545078577,0.5028949545078577,1,1
fixed_transform_step25,2947,2023-03-17,2023-03-27,0.015302852124583,2023,2022-12-31,training_frequency,-1,0.5028949545078577,0.5028949545078577,1,1
fixed_transform_step25,2952,2023-03-24,2023-04-03,0.0090274153058433,2023,2022-12-31,training_frequency,-1,0.5028949545078577,0.5028949545078577,1,1
fixed_transform_step25,2957,2023-03-31,2023-04-10,0.0178317182396383,2023,2022-12-31,training_frequency,-1,0.5028949545078577,0.5028949545078577,1,1
fixed_transform_step25,2961,2023-04-07,2023-04-17,-0.0101500238382772,2023,2023-03-31,training_frequency,-1,0.5062034739454094,0.5062034739454094,1,0
fixed_transform_step25,2966,2023-04-14,2023-04-24,-0.014368947230732,2023,2023-03-31,training_frequency,-1,0.5062034739454094,0.5062034739454094,1,0
fixed_transform_step25,2971,2023-04-21,2023-05-04,-0.0044228908788729,2023,2023-03-31,training_frequency,-1,0.5062034739454094,0.5062034739454094,1,0
fixed_transform_step25,2976,2023-04-28,2023-05-10,0.0036477163153083,2023,2023-03-31,training_frequency,-1,0.5062034739454094,0.5062034739454094,1,1
fixed_transform_step25,2978,2023-05-05,2023-05-15,-0.0221642407977935,2023,2023-03-31,training_frequency,-1,0.5062034739454094,0.5062034739454094,1,0
fixed_transform_step25,2983,2023-05-12,2023-05-22,0.0005509250208819,2023,2023-03-31,training_frequency,-1,0.5062034739454094,0.5062034739454094,1,1
fixed_transform_step25,2988,2023-05-19,2023-05-29,-0.0200253742704897,2023,2023-03-31,training_frequency,-1,0.5062034739454094,0.5062034739454094,1,0
fixed_transform_step25,2993,2023-05-26,2023-06-05,-0.0003935703040848,2023,2023-03-31,training_frequency,-1,0.5062034739454094,0.5062034739454094,1,0
fixed_transform_step25,2998,2023-06-02,2023-06-12,-0.0086075595250429,2023,2023-03-31,training_frequency,-1,0.5062034739454094,0.5062034739454094,1,0
fixed_transform_step25,3003,2023-06-09,2023-06-19,0.0338878539347273,2023,2023-03-31,training_frequency,-1,0.5062034739454094,0.5062034739454094,1,1
fixed_transform_step25,3008,2023-06-16,2023-07-03,-0.026216632171098,2023,2023-03-31,training_frequency,-1,0.5062034739454094,0.5062034739454094,1,0
fixed_transform_step25,3016,2023-06-30,2023-07-10,-0.0030441518806006,2023,2023-03-31,training_frequency,-1,0.5062034739454094,0.5062034739454094,1,0
fixed_transform_step25,3021,2023-07-07,2023-07-17,0.0104280552692135,2023,2023-06-30,training_frequency,-1,0.5132450331125827,0.5132450331125827,1,1
fixed_transform_step25,3026,2023-07-14,2023-07-24,-0.0201642613135752,2023,2023-06-30,training_frequency,-1,0.5132450331125827,0.5132450331125827,1,0
fixed_transform_step25,3031,2023-07-21,2023-07-31,0.0566710925894278,2023,2023-06-30,training_frequency,-1,0.5132450331125827,0.5132450331125827,1,1
fixed_transform_step25,3036,2023-07-28,2023-08-07,-0.0039612927947766,2023,2023-06-30,training_frequency,-1,0.5132450331125827,0.5132450331125827,1,0
fixed_transform_step25,3041,2023-08-04,2023-08-14,-0.0404899362223548,2023,2023-06-30,training_frequency,-1,0.5132450331125827,0.5132450331125827,1,0
fixed_transform_step25,3046,2023-08-11,2023-08-21,-0.0176157088591445,2023,2023-06-30,training_frequency,-1,0.5132450331125827,0.5132450331125827,1,0
fixed_transform_step25,3051,2023-08-18,2023-08-28,0.0366582477081969,2023,2023-06-30,training_frequency,-1,0.5132450331125827,0.5132450331125827,1,1
fixed_transform_step25,3056,2023-08-25,2023-09-04,-0.025197172476384,2023,2023-06-30,training_frequency,-1,0.5132450331125827,0.5132450331125827,1,0
fixed_transform_step25,3061,2023-09-01,2023-09-11,-0.0189903461587886,2023,2023-06-30,training_frequency,-1,0.5132450331125827,0.5132450331125827,1,0
fixed_transform_step25,3066,2023-09-08,2023-09-18,-0.0111346368744954,2023,2023-06-30,training_frequency,-1,0.5132450331125827,0.5132450331125827,1,0
fixed_transform_step25,3071,2023-09-15,2023-09-25,0.0105787349314532,2023,2023-06-30,training_frequency,-1,0.5132450331125827,0.5132450331125827,1,1
fixed_transform_step25,3076,2023-09-22,2023-10-16,-0.0198017153282719,2023,2023-06-30,training_frequency,-1,0.5132450331125827,0.5132450331125827,1,0
fixed_transform_step25,3085,2023-10-13,2023-10-23,-0.0447156690429144,2023,2023-09-30,training_frequency,-1,0.5082781456953642,0.5082781456953642,1,0
fixed_transform_step25,3090,2023-10-20,2023-10-30,0.0154019770298841,2023,2023-09-30,training_frequency,-1,0.5082781456953642,0.5082781456953642,1,1
fixed_transform_step25,3095,2023-10-27,2023-11-06,0.0152527637017425,2023,2023-09-30,training_frequency,-1,0.5082781456953642,0.5082781456953642,1,1
fixed_transform_step25,3100,2023-11-03,2023-11-13,-0.0039935482440582,2023,2023-09-30,training_frequency,-1,0.5082781456953642,0.5082781456953642,1,0
fixed_transform_step25,3105,2023-11-10,2023-11-20,-0.0067280482816765,2023,2023-09-30,training_frequency,-1,0.5082781456953642,0.5082781456953642,1,0
fixed_transform_step25,3110,2023-11-17,2023-11-27,-0.0098859017348651,2023,2023-09-30,training_frequency,-1,0.5082781456953642,0.5082781456953642,1,0
fixed_transform_step25,3115,2023-11-24,2023-12-04,-0.0151084754586299,2023,2023-09-30,training_frequency,-1,0.5082781456953642,0.5082781456953642,1,0
fixed_transform_step25,3120,2023-12-01,2023-12-11,-0.0295859857973478,2023,2023-09-30,training_frequency,-1,0.5082781456953642,0.5082781456953642,1,0
fixed_transform_step25,3125,2023-12-08,2023-12-18,-0.0144639658974852,2023,2023-09-30,training_frequency,-1,0.5082781456953642,0.5082781456953642,1,0
fixed_transform_step25,3130,2023-12-15,2023-12-25,0.0003424256350643,2023,2023-09-30,training_frequency,-1,0.5082781456953642,0.5082781456953642,1,1
fixed_transform_step25,3135,2023-12-22,2024-01-02,0.0288079559683274,2023,2023-09-30,training_frequency,-1,0.5082781456953642,0.5082781456953642,1,1
fixed_transform_step25,3140,2023-12-29,2024-01-08,-0.0302544749829989,2023,2023-09-30,training_frequency,-1,0.5082781456953642,0.5082781456953642,1,0
fixed_transform_step25,3144,2024-01-05,2024-01-15,-0.0158038409563566,2024,2023-12-31,training_frequency,-1,0.5024834437086093,0.5024834437086093,1,0
fixed_transform_step25,3149,2024-01-12,2024-01-22,-0.002333261979756,2024,2023-12-31,training_frequency,-1,0.5024834437086093,0.5024834437086093,1,0
fixed_transform_step25,3154,2024-01-19,2024-01-29,0.0223511633823452,2024,2023-12-31,training_frequency,-1,0.5024834437086093,0.5024834437086093,1,1
fixed_transform_step25,3159,2024-01-26,2024-02-05,-0.0513103415192826,2024,2023-12-31,training_frequency,-1,0.5024834437086093,0.5024834437086093,1,0
fixed_transform_step25,3164,2024-02-02,2024-02-26,0.1015374891364462,2024,2023-12-31,training_frequency,-1,0.5024834437086093,0.5024834437086093,1,1
fixed_transform_step25,3173,2024-02-23,2024-03-04,0.0151569053862528,2024,2023-12-31,training_frequency,-1,0.5024834437086093,0.5024834437086093,1,1
fixed_transform_step25,3178,2024-03-01,2024-03-11,0.0021394031715169,2024,2023-12-31,training_frequency,-1,0.5024834437086093,0.5024834437086093,1,1
fixed_transform_step25,3183,2024-03-08,2024-03-18,0.0087762342284414,2024,2023-12-31,training_frequency,-1,0.5024834437086093,0.5024834437086093,1,1
fixed_transform_step25,3188,2024-03-15,2024-03-25,-0.0112802133595746,2024,2023-12-31,training_frequency,-1,0.5024834437086093,0.5024834437086093,1,0
fixed_transform_step25,3193,2024-03-22,2024-04-01,0.0042044725182444,2024,2023-12-31,training_frequency,-1,0.5024834437086093,0.5024834437086093,1,1
fixed_transform_step25,3198,2024-03-29,2024-04-15,-0.0219845815102011,2024,2023-12-31,training_frequency,-1,0.5024834437086093,0.5024834437086093,1,0
fixed_transform_step25,3206,2024-04-12,2024-04-22,0.018045199366633,2024,2024-03-31,training_frequency,-1,0.4900662251655629,0.4900662251655629,0,1
fixed_transform_step25,3211,2024-04-19,2024-04-29,0.0136757744232476,2024,2024-03-31,training_frequency,-1,0.4900662251655629,0.4900662251655629,0,1
fixed_transform_step25,3216,2024-04-26,2024-05-13,0.0172434956786644,2024,2024-03-31,training_frequency,-1,0.4900662251655629,0.4900662251655629,0,1
fixed_transform_step25,3223,2024-05-10,2024-05-20,0.0097933549988344,2024,2024-03-31,training_frequency,-1,0.4900662251655629,0.4900662251655629,0,1
fixed_transform_step25,3228,2024-05-17,2024-05-27,-0.0204803832637164,2024,2024-03-31,training_frequency,-1,0.4900662251655629,0.4900662251655629,0,0
fixed_transform_step25,3233,2024-05-24,2024-06-03,-0.0081155643048258,2024,2024-03-31,training_frequency,-1,0.4900662251655629,0.4900662251655629,0,0
fixed_transform_step25,3238,2024-05-31,2024-06-11,-0.0060267570121149,2024,2024-03-31,training_frequency,-1,0.4900662251655629,0.4900662251655629,0,0
fixed_transform_step25,3243,2024-06-07,2024-06-17,-0.0096686558937179,2024,2024-03-31,training_frequency,-1,0.4900662251655629,0.4900662251655629,0,0
fixed_transform_step25,3247,2024-06-14,2024-06-24,-0.013573992457631,2024,2024-03-31,training_frequency,-1,0.4900662251655629,0.4900662251655629,0,0
fixed_transform_step25,3252,2024-06-21,2024-07-01,-0.004427632109257,2024,2024-03-31,training_frequency,-1,0.4900662251655629,0.4900662251655629,0,0
fixed_transform_step25,3257,2024-06-28,2024-07-08,-0.0108320369203009,2024,2024-03-31,training_frequency,-1,0.4900662251655629,0.4900662251655629,0,0
fixed_transform_step25,3262,2024-07-05,2024-07-15,0.0122222871842843,2024,2024-06-30,training_frequency,-1,0.48384424192212094,0.48384424192212094,0,1
fixed_transform_step25,3267,2024-07-12,2024-07-22,0.0218881133018156,2024,2024-06-30,training_frequency,-1,0.48384424192212094,0.48384424192212094,0,1
fixed_transform_step25,3272,2024-07-19,2024-07-29,-0.0378787022382998,2024,2024-06-30,training_frequency,-1,0.48384424192212094,0.48384424192212094,0,0
fixed_transform_step25,3277,2024-07-26,2024-08-05,-0.0124134568216732,2024,2024-06-30,training_frequency,-1,0.48384424192212094,0.48384424192212094,0,0
fixed_transform_step25,3282,2024-08-02,2024-08-12,-0.0102762848330364,2024,2024-06-30,training_frequency,-1,0.48384424192212094,0.48384424192212094,0,0
fixed_transform_step25,3287,2024-08-09,2024-08-19,0.0050186923751938,2024,2024-06-30,training_frequency,-1,0.48384424192212094,0.48384424192212094,0,1
fixed_transform_step25,3292,2024-08-16,2024-08-26,-0.0040487282687352,2024,2024-06-30,training_frequency,-1,0.48384424192212094,0.48384424192212094,0,0
fixed_transform_step25,3297,2024-08-23,2024-09-02,-0.0069594562136714,2024,2024-06-30,training_frequency,-1,0.48384424192212094,0.48384424192212094,0,0
fixed_transform_step25,3302,2024-08-30,2024-09-09,-0.0280389655151561,2024,2024-06-30,training_frequency,-1,0.48384424192212094,0.48384424192212094,0,0
fixed_transform_step25,3307,2024-09-06,2024-09-18,-0.0174132138857783,2024,2024-06-30,training_frequency,-1,0.48384424192212094,0.48384424192212094,0,0
fixed_transform_step25,3312,2024-09-13,2024-09-24,0.0133119329369826,2024,2024-06-30,training_frequency,-1,0.48384424192212094,0.48384424192212094,0,1
fixed_transform_step25,3315,2024-09-20,2024-09-30,0.2017513988384409,2024,2024-06-30,training_frequency,-1,0.48384424192212094,0.48384424192212094,0,1
fixed_transform_step25,3320,2024-09-27,2024-10-14,0.0178259004588408,2024,2024-06-30,training_frequency,-1,0.48384424192212094,0.48384424192212094,0,1
fixed_transform_step25,3325,2024-10-11,2024-10-21,0.0080914993282625,2024,2024-09-30,training_frequency,-1,0.472636815920398,0.472636815920398,0,1
fixed_transform_step25,3330,2024-10-18,2024-10-28,0.0015733867085561,2024,2024-09-30,training_frequency,-1,0.472636815920398,0.472636815920398,0,1
fixed_transform_step25,3335,2024-10-25,2024-11-04,-0.0140142824257356,2024,2024-09-30,training_frequency,-1,0.472636815920398,0.472636815920398,0,0
fixed_transform_step25,3340,2024-11-01,2024-11-11,0.0434152361258277,2024,2024-09-30,training_frequency,-1,0.472636815920398,0.472636815920398,0,1
fixed_transform_step25,3345,2024-11-08,2024-11-18,-0.0208584853931589,2024,2024-09-30,training_frequency,-1,0.472636815920398,0.472636815920398,0,0
fixed_transform_step25,3350,2024-11-15,2024-11-25,-0.0267421712161923,2024,2024-09-30,training_frequency,-1,0.472636815920398,0.472636815920398,0,0
fixed_transform_step25,3355,2024-11-22,2024-12-02,0.0087960346887328,2024,2024-09-30,training_frequency,-1,0.472636815920398,0.472636815920398,0,1
fixed_transform_step25,3360,2024-11-29,2024-12-09,0.0155919891551781,2024,2024-09-30,training_frequency,-1,0.472636815920398,0.472636815920398,0,1
fixed_transform_step25,3365,2024-12-06,2024-12-16,-0.0100436703218104,2024,2024-09-30,training_frequency,-1,0.472636815920398,0.472636815920398,0,0
fixed_transform_step25,3370,2024-12-13,2024-12-23,-0.0006690784017421,2024,2024-09-30,training_frequency,-1,0.472636815920398,0.472636815920398,0,0
fixed_transform_step25,3375,2024-12-20,2024-12-30,0.0123595076562756,2024,2024-09-30,training_frequency,-1,0.472636815920398,0.472636815920398,0,1
fixed_transform_step25,3380,2024-12-27,2025-01-06,-0.0504714964669198,2024,2024-09-30,training_frequency,-1,0.472636815920398,0.472636815920398,0,0
fixed_transform_step25,3384,2025-01-03,2025-01-13,-0.0189486730632231,2025,2024-12-31,training_frequency,-1,0.472636815920398,0.472636815920398,0,0
fixed_transform_step25,3389,2025-01-10,2025-01-20,0.0353251773547418,2025,2024-12-31,training_frequency,-1,0.472636815920398,0.472636815920398,0,1
fixed_transform_step25,3394,2025-01-17,2025-01-27,0.000432821422053,2025,2024-12-31,training_frequency,-1,0.472636815920398,0.472636815920398,0,1
fixed_transform_step25,3399,2025-01-24,2025-02-10,0.0159344898044284,2025,2024-12-31,training_frequency,-1,0.472636815920398,0.472636815920398,0,1
fixed_transform_step25,3403,2025-02-07,2025-02-17,0.0144454990892999,2025,2024-12-31,training_frequency,-1,0.472636815920398,0.472636815920398,0,1
fixed_transform_step25,3408,2025-02-14,2025-02-24,0.0045695818086644,2025,2024-12-31,training_frequency,-1,0.472636815920398,0.472636815920398,0,1
fixed_transform_step25,3413,2025-02-21,2025-03-03,-0.0183210488158531,2025,2024-12-31,training_frequency,-1,0.472636815920398,0.472636815920398,0,0
fixed_transform_step25,3418,2025-02-28,2025-03-10,0.0117650075646844,2025,2024-12-31,training_frequency,-1,0.472636815920398,0.472636815920398,0,1
fixed_transform_step25,3423,2025-03-07,2025-03-17,0.019023819058288,2025,2024-12-31,training_frequency,-1,0.472636815920398,0.472636815920398,0,1
fixed_transform_step25,3428,2025-03-14,2025-03-24,-0.0259983485216283,2025,2024-12-31,training_frequency,-1,0.472636815920398,0.472636815920398,0,0
fixed_transform_step25,3433,2025-03-21,2025-03-31,-0.0025867506275359,2025,2024-12-31,training_frequency,-1,0.472636815920398,0.472636815920398,0,0
fixed_transform_step25,3438,2025-03-28,2025-04-14,-0.0342910101946246,2025,2024-12-31,training_frequency,-1,0.472636815920398,0.472636815920398,0,0
fixed_transform_step25,3447,2025-04-11,2025-04-21,-0.0010339232881941,2025,2025-03-31,training_frequency,-1,0.4738589211618257,0.4738589211618257,0,0
fixed_transform_step25,3452,2025-04-18,2025-04-28,0.0048432383085554,2025,2025-03-31,training_frequency,-1,0.4738589211618257,0.4738589211618257,0,1
fixed_transform_step25,3457,2025-04-25,2025-05-12,0.02116527880118,2025,2025-03-31,training_frequency,-1,0.4738589211618257,0.4738589211618257,0,1
fixed_transform_step25,3464,2025-05-09,2025-05-19,0.0041484224873464,2025,2025-03-31,training_frequency,-1,0.4738589211618257,0.4738589211618257,0,1
fixed_transform_step25,3469,2025-05-16,2025-05-26,-0.0017462660042188,2025,2025-03-31,training_frequency,-1,0.4738589211618257,0.4738589211618257,0,0
fixed_transform_step25,3474,2025-05-23,2025-06-03,-0.0109216443615366,2025,2025-03-31,training_frequency,-1,0.4738589211618257,0.4738589211618257,0,0
fixed_transform_step25,3479,2025-05-30,2025-06-09,0.011566574321892,2025,2025-03-31,training_frequency,-1,0.4738589211618257,0.4738589211618257,0,1
fixed_transform_step25,3483,2025-06-06,2025-06-16,-0.0062354943524679,2025,2025-03-31,training_frequency,-1,0.4738589211618257,0.4738589211618257,0,0
fixed_transform_step25,3488,2025-06-13,2025-06-23,-0.005825691168304,2025,2025-03-31,training_frequency,-1,0.4738589211618257,0.4738589211618257,0,0
fixed_transform_step25,3493,2025-06-20,2025-06-30,0.0232670437490374,2025,2025-03-31,training_frequency,-1,0.4738589211618257,0.4738589211618257,0,1
fixed_transform_step25,3498,2025-06-27,2025-07-07,0.0145345648685946,2025,2025-03-31,training_frequency,-1,0.4738589211618257,0.4738589211618257,0,1
fixed_transform_step25,3503,2025-07-04,2025-07-14,0.0110426949002964,2025,2025-06-30,training_frequency,-1,0.4701492537313433,0.4701492537313433,0,1
fixed_transform_step25,3508,2025-07-11,2025-07-21,0.0120759671840067,2025,2025-06-30,training_frequency,-1,0.4701492537313433,0.4701492537313433,0,1
fixed_transform_step25,3513,2025-07-18,2025-07-28,0.0143570766898375,2025,2025-06-30,training_frequency,-1,0.4701492537313433,0.4701492537313433,0,1
fixed_transform_step25,3518,2025-07-25,2025-08-04,-0.0218642507630443,2025,2025-06-30,training_frequency,-1,0.4701492537313433,0.4701492537313433,0,0
fixed_transform_step25,3523,2025-08-01,2025-08-11,0.0179175520190988,2025,2025-06-30,training_frequency,-1,0.4701492537313433,0.4701492537313433,0,1
fixed_transform_step25,3528,2025-08-08,2025-08-18,0.026265786598999,2025,2025-06-30,training_frequency,-1,0.4701492537313433,0.4701492537313433,0,1
fixed_transform_step25,3533,2025-08-15,2025-08-25,0.0469483790671487,2025,2025-06-30,training_frequency,-1,0.4701492537313433,0.4701492537313433,0,1
fixed_transform_step25,3538,2025-08-22,2025-09-01,0.0227770368340847,2025,2025-06-30,training_frequency,-1,0.4701492537313433,0.4701492537313433,0,1
fixed_transform_step25,3543,2025-08-29,2025-09-08,-0.0110053842475337,2025,2025-06-30,training_frequency,-1,0.4701492537313433,0.4701492537313433,0,0
fixed_transform_step25,3548,2025-09-05,2025-09-15,0.0151594857594405,2025,2025-06-30,training_frequency,-1,0.4701492537313433,0.4701492537313433,0,1
fixed_transform_step25,3553,2025-09-12,2025-09-22,-0.0050409160971932,2025,2025-06-30,training_frequency,-1,0.4701492537313433,0.4701492537313433,0,0
fixed_transform_step25,3558,2025-09-19,2025-09-29,0.0095300784790881,2025,2025-06-30,training_frequency,-1,0.4701492537313433,0.4701492537313433,0,1
fixed_transform_step25,3563,2025-09-26,2025-10-13,-0.0140855274279203,2025,2025-06-30,training_frequency,-1,0.4701492537313433,0.4701492537313433,0,0
fixed_transform_step25,3567,2025-10-10,2025-10-20,0.015001547584321,2025,2025-09-30,training_frequency,-1,0.48258706467661694,0.48258706467661694,0,1
fixed_transform_step25,3572,2025-10-17,2025-10-27,0.0309637052897611,2025,2025-09-30,training_frequency,-1,0.48258706467661694,0.48258706467661694,0,1
fixed_transform_step25,3577,2025-10-24,2025-11-03,-0.013331545863497,2025,2025-09-30,training_frequency,-1,0.48258706467661694,0.48258706467661694,0,0
fixed_transform_step25,3582,2025-10-31,2025-11-10,0.0110832418536339,2025,2025-09-30,training_frequency,-1,0.48258706467661694,0.48258706467661694,0,1
fixed_transform_step25,3587,2025-11-07,2025-11-17,-0.0152107881197579,2025,2025-09-30,training_frequency,-1,0.48258706467661694,0.48258706467661694,0,0
fixed_transform_step25,3592,2025-11-14,2025-11-24,-0.031114557454173,2025,2025-09-30,training_frequency,-1,0.48258706467661694,0.48258706467661694,0,0
fixed_transform_step25,3597,2025-11-21,2025-12-01,0.0147613767448515,2025,2025-09-30,training_frequency,-1,0.48258706467661694,0.48258706467661694,0,1
fixed_transform_step25,3602,2025-11-28,2025-12-08,0.0118853804313106,2025,2025-09-30,training_frequency,-1,0.48258706467661694,0.48258706467661694,0,1
fixed_transform_step25,3607,2025-12-05,2025-12-15,-0.0093922675990717,2025,2025-09-30,training_frequency,-1,0.48258706467661694,0.48258706467661694,0,0
fixed_transform_step25,3612,2025-12-12,2025-12-22,0.0082791208791208,2025,2025-09-30,training_frequency,-1,0.48258706467661694,0.48258706467661694,0,1
fixed_transform_step25,3617,2025-12-19,2025-12-29,0.0153890755001995,2025,2025-09-30,training_frequency,-1,0.48258706467661694,0.48258706467661694,0,1
fixed_transform_step25,3622,2025-12-26,2026-01-12,0.0239101640737868,2025,2025-09-30,training_frequency,-1,0.48258706467661694,0.48258706467661694,0,1
fixed_transform_step25,3630,2026-01-09,2026-01-19,-0.0103697336282536,2026,2025-12-31,training_frequency,-1,0.4792703150912106,0.4792703150912106,0,0
fixed_transform_step25,3635,2026-01-16,2026-01-26,-0.0010190267764643,2026,2025-12-31,training_frequency,-1,0.4792703150912106,0.4792703150912106,0,0
fixed_transform_step25,3640,2026-01-23,2026-02-02,-0.0087161586128796,2026,2025-12-31,training_frequency,-1,0.4792703150912106,0.4792703150912106,0,0
fixed_transform_step25,3645,2026-01-30,2026-02-09,0.0041482324550519,2026,2025-12-31,training_frequency,-1,0.4792703150912106,0.4792703150912106,0,1
fixed_transform_step25,3650,2026-02-06,2026-02-24,0.0071649689901505,2026,2025-12-31,training_frequency,-1,0.4792703150912106,0.4792703150912106,0,1
fixed_transform_step25,3655,2026-02-13,2026-03-02,-0.0097920588919678,2026,2025-12-31,training_frequency,-1,0.4792703150912106,0.4792703150912106,0,0
fixed_transform_step25,3659,2026-02-27,2026-03-09,-0.0172526869201304,2026,2025-12-31,training_frequency,-1,0.4792703150912106,0.4792703150912106,0,0
fixed_transform_step25,3664,2026-03-06,2026-03-16,0.0149926634422041,2026,2025-12-31,training_frequency,-1,0.4792703150912106,0.4792703150912106,0,1
fixed_transform_step25,3669,2026-03-13,2026-03-23,-0.0364343509194254,2026,2025-12-31,training_frequency,-1,0.4792703150912106,0.4792703150912106,0,0
fixed_transform_step25,3674,2026-03-20,2026-03-30,-0.0083038829988221,2026,2025-12-31,training_frequency,-1,0.4792703150912106,0.4792703150912106,0,0
fixed_transform_step25,3679,2026-03-27,2026-04-07,-0.0035591495694504,2026,2025-12-31,training_frequency,-1,0.4792703150912106,0.4792703150912106,0,0
fixed_transform_step25,3684,2026-04-03,2026-04-13,0.0380736235508991,2026,2026-03-31,training_frequency,-1,0.4792358803986711,0.4792358803986711,0,1
fixed_transform_step25,3688,2026-04-10,2026-04-20,0.0242766725964382,2026,2026-03-31,training_frequency,-1,0.4792358803986711,0.4792358803986711,0,1
fixed_transform_step25,3693,2026-04-17,2026-04-27,0.010401572188011,2026,2026-03-31,training_frequency,-1,0.4792358803986711,0.4792358803986711,0,1
fixed_transform_step25,3698,2026-04-24,2026-05-11,0.0263674696524953,2026,2026-03-31,training_frequency,-1,0.4792358803986711,0.4792358803986711,0,1
fixed_transform_step25,3705,2026-05-08,2026-05-18,-0.0134529239455926,2026,2026-03-31,training_frequency,-1,0.4792358803986711,0.4792358803986711,0,0
fixed_transform_step25,3710,2026-05-15,2026-05-25,0.0076235492615268,2026,2026-03-31,training_frequency,-1,0.4792358803986711,0.4792358803986711,0,1
fixed_transform_step25,3715,2026-05-22,2026-06-01,0.005068538126898,2026,2026-03-31,training_frequency,-1,0.4792358803986711,0.4792358803986711,0,1
fixed_transform_step25,3720,2026-05-29,2026-06-08,-0.039635353927193,2026,2026-03-31,training_frequency,-1,0.4792358803986711,0.4792358803986711,0,0
fixed_transform_step25,3725,2026-06-05,2026-06-15,0.0266849782195981,2026,2026-03-31,training_frequency,-1,0.4792358803986711,0.4792358803986711,0,1
fixed_transform_step25,3730,2026-06-12,2026-06-29,0.0076098142791176,2026,2026-03-31,training_frequency,-1,0.4792358803986711,0.4792358803986711,0,1
fixed_transform_step25,3739,2026-06-26,2026-07-06,0.0005137647861506,2026,2026-03-31,training_frequency,-1,0.4792358803986711,0.4792358803986711,0,1
fixed_transform_step25,3744,2026-07-03,2026-07-13,-0.0252847876365399,2026,2026-06-30,training_frequency,-1,0.4908637873754153,0.4908637873754153,0,0
fixed_transform_step25,3749,2026-07-10,2026-07-20,-0.035775397012711,2026,2026-06-30,training_frequency,-1,0.4908637873754153,0.4908637873754153,0,0
fixed_transform_step25,3754,2026-07-17,2026-07-27,0.01756245533441,2026,2026-06-30,training_frequency,-1,0.4908637873754153,0.4908637873754153,0,1
fixed_transform_step25,3759,2026-07-24,2026-08-03,-0.0202339761556519,2026,2026-06-30,training_frequency,-1,0.4908637873754153,0.4908637873754153,0,0
fixed_transform_step25,3764,2026-07-31,2026-08-10,0.0300318732435738,2026,2026-06-30,training_frequency,-1,0.4908637873754153,0.4908637873754153,0,1
fixed_transform_step25,3769,2026-08-07,2026-08-17,-0.0056482265760339,2026,2026-06-30,training_frequency,-1,0.4908637873754153,0.4908637873754153,0,0
fixed_transform_step25,3774,2026-08-14,2026-08-24,-0.0109860710402629,2026,2026-06-30,training_frequency,-1,0.4908637873754153,0.4908637873754153,0,0
fixed_transform_step25,3779,2026-08-21,2026-08-31,-0.0127592811002066,2026,2026-06-30,training_frequency,-1,0.4908637873754153,0.4908637873754153,0,0
fixed_transform_step50,2418,2021-01-08,2021-01-18,-0.0120052904669853,2021,2020-12-31,learned_market,20260910,0.5528369602637446,0.5528369602637446,1,0
fixed_transform_step50,2423,2021-01-15,2021-01-25,0.0231622460538123,2021,2020-12-31,learned_market,20260910,0.49674166213102977,0.49674166213102977,0,1
fixed_transform_step50,2428,2021-01-22,2021-02-01,-0.0372511735907923,2021,2020-12-31,learned_market,20260910,0.3933637003220593,0.3933637003220593,0,0
fixed_transform_step50,2433,2021-01-29,2021-02-08,0.0278689901714626,2021,2020-12-31,learned_market,20260910,0.4313547922375263,0.4313547922375263,0,1
fixed_transform_step50,2438,2021-02-05,2021-02-22,0.0507379035040882,2021,2020-12-31,learned_market,20260910,0.40357928349119826,0.40357928349119826,0,1
fixed_transform_step50,2443,2021-02-19,2021-03-01,-0.0684918010685315,2021,2020-12-31,learned_market,20260910,0.49513830982070434,0.49513830982070434,0,0
fixed_transform_step50,2448,2021-02-26,2021-03-08,-0.0165997123904068,2021,2020-12-31,learned_market,20260910,0.43315180971386896,0.43315180971386896,0,0
fixed_transform_step50,2453,2021-03-05,2021-03-15,-0.0346560901469681,2021,2020-12-31,learned_market,20260910,0.40131415281599914,0.40131415281599914,0,0
fixed_transform_step50,2458,2021-03-12,2021-03-22,-0.0210550182560221,2021,2020-12-31,learned_market,20260910,0.47295990993929365,0.47295990993929365,0,0
fixed_transform_step50,2463,2021-03-19,2021-03-29,0.0087572877565691,2021,2020-12-31,learned_market,20260910,0.6783048076904669,0.6783048076904669,1,1
fixed_transform_step50,2468,2021-03-26,2021-04-06,0.0250145479448802,2021,2020-12-31,learned_market,20260910,0.6020041018019381,0.6020041018019381,1,1
fixed_transform_step50,2418,2021-01-08,2021-01-18,-0.0120052904669853,2021,2020-12-31,learned_vol_interaction,20260910,0.5286701081389081,0.5286701081389081,1,0
fixed_transform_step50,2423,2021-01-15,2021-01-25,0.0231622460538123,2021,2020-12-31,learned_vol_interaction,20260910,0.47178291125549215,0.47178291125549215,0,1
fixed_transform_step50,2428,2021-01-22,2021-02-01,-0.0372511735907923,2021,2020-12-31,learned_vol_interaction,20260910,0.3671123538576221,0.3671123538576221,0,0
fixed_transform_step50,2433,2021-01-29,2021-02-08,0.0278689901714626,2021,2020-12-31,learned_vol_interaction,20260910,0.434482531700876,0.434482531700876,0,1
fixed_transform_step50,2438,2021-02-05,2021-02-22,0.0507379035040882,2021,2020-12-31,learned_vol_interaction,20260910,0.42570726310777396,0.42570726310777396,0,1
fixed_transform_step50,2443,2021-02-19,2021-03-01,-0.0684918010685315,2021,2020-12-31,learned_vol_interaction,20260910,0.4791771552633417,0.4791771552633417,0,0
fixed_transform_step50,2448,2021-02-26,2021-03-08,-0.0165997123904068,2021,2020-12-31,learned_vol_interaction,20260910,0.4783928105694597,0.4783928105694597,0,0
fixed_transform_step50,2453,2021-03-05,2021-03-15,-0.0346560901469681,2021,2020-12-31,learned_vol_interaction,20260910,0.4610266286466043,0.4610266286466043,0,0
fixed_transform_step50,2458,2021-03-12,2021-03-22,-0.0210550182560221,2021,2020-12-31,learned_vol_interaction,20260910,0.48103471562569133,0.48103471562569133,0,0
fixed_transform_step50,2463,2021-03-19,2021-03-29,0.0087572877565691,2021,2020-12-31,learned_vol_interaction,20260910,0.5872740166666267,0.5872740166666267,1,1
fixed_transform_step50,2468,2021-03-26,2021-04-06,0.0250145479448802,2021,2020-12-31,learned_vol_interaction,20260910,0.5791980511717043,0.5791980511717043,1,1
fixed_transform_step50,2418,2021-01-08,2021-01-18,-0.0120052904669853,2021,2020-12-31,learned_order_extension,20260910,0.5330538496767134,0.5330538496767134,1,0
fixed_transform_step50,2423,2021-01-15,2021-01-25,0.0231622460538123,2021,2020-12-31,learned_order_extension,20260910,0.479592338912861,0.479592338912861,0,1
fixed_transform_step50,2428,2021-01-22,2021-02-01,-0.0372511735907923,2021,2020-12-31,learned_order_extension,20260910,0.3707727762571325,0.3707727762571325,0,0
fixed_transform_step50,2433,2021-01-29,2021-02-08,0.0278689901714626,2021,2020-12-31,learned_order_extension,20260910,0.43176970986504826,0.43176970986504826,0,1
fixed_transform_step50,2438,2021-02-05,2021-02-22,0.0507379035040882,2021,2020-12-31,learned_order_extension,20260910,0.41923333650784145,0.41923333650784145,0,1
fixed_transform_step50,2443,2021-02-19,2021-03-01,-0.0684918010685315,2021,2020-12-31,learned_order_extension,20260910,0.47927687031403743,0.47927687031403743,0,0
fixed_transform_step50,2448,2021-02-26,2021-03-08,-0.0165997123904068,2021,2020-12-31,learned_order_extension,20260910,0.4709068161644563,0.4709068161644563,0,0
fixed_transform_step50,2453,2021-03-05,2021-03-15,-0.0346560901469681,2021,2020-12-31,learned_order_extension,20260910,0.45619563032762256,0.45619563032762256,0,0
fixed_transform_step50,2458,2021-03-12,2021-03-22,-0.0210550182560221,2021,2020-12-31,learned_order_extension,20260910,0.47999849102949665,0.47999849102949665,0,0
fixed_transform_step50,2463,2021-03-19,2021-03-29,0.0087572877565691,2021,2020-12-31,learned_order_extension,20260910,0.5898698686538169,0.5898698686538169,1,1
fixed_transform_step50,2468,2021-03-26,2021-04-06,0.0250145479448802,2021,2020-12-31,learned_order_extension,20260910,0.5737573684172776,0.5737573684172776,1,1
fixed_transform_step50,2418,2021-01-08,2021-01-18,-0.0120052904669853,2021,2020-12-31,learned_order_offset,20260910,0.5336151486659025,0.5336151486659025,1,0
fixed_transform_step50,2423,2021-01-15,2021-01-25,0.0231622460538123,2021,2020-12-31,learned_order_offset,20260910,0.48002913839274924,0.48002913839274924,0,1
fixed_transform_step50,2428,2021-01-22,2021-02-01,-0.0372511735907923,2021,2020-12-31,learned_order_offset,20260910,0.37113237990157133,0.37113237990157133,0,0
fixed_transform_step50,2433,2021-01-29,2021-02-08,0.0278689901714626,2021,2020-12-31,learned_order_offset,20260910,0.43182028534515077,0.43182028534515077,0,1
fixed_transform_step50,2438,2021-02-05,2021-02-22,0.0507379035040882,2021,2020-12-31,learned_order_offset,20260910,0.4191495029175148,0.4191495029175148,0,1
fixed_transform_step50,2443,2021-02-19,2021-03-01,-0.0684918010685315,2021,2020-12-31,learned_order_offset,20260910,0.479618495019198,0.479618495019198,0,0
fixed_transform_step50,2448,2021-02-26,2021-03-08,-0.0165997123904068,2021,2020-12-31,learned_order_offset,20260910,0.47073396029682846,0.47073396029682846,0,0
fixed_transform_step50,2453,2021-03-05,2021-03-15,-0.0346560901469681,2021,2020-12-31,learned_order_offset,20260910,0.4561872166710552,0.4561872166710552,0,0
fixed_transform_step50,2458,2021-03-12,2021-03-22,-0.0210550182560221,2021,2020-12-31,learned_order_offset,20260910,0.48027551652013106,0.48027551652013106,0,0
fixed_transform_step50,2463,2021-03-19,2021-03-29,0.0087572877565691,2021,2020-12-31,learned_order_offset,20260910,0.5905225656238325,0.5905225656238325,1,1
fixed_transform_step50,2468,2021-03-26,2021-04-06,0.0250145479448802,2021,2020-12-31,learned_order_offset,20260910,0.5737282476957762,0.5737282476957762,1,1
fixed_transform_step50,2418,2021-01-08,2021-01-18,-0.0120052904669853,2021,2020-12-31,learned_market,20260911,0.47359422145655633,0.47359422145655633,0,0
fixed_transform_step50,2423,2021-01-15,2021-01-25,0.0231622460538123,2021,2020-12-31,learned_market,20260911,0.29529449998072343,0.29529449998072343,0,1
fixed_transform_step50,2428,2021-01-22,2021-02-01,-0.0372511735907923,2021,2020-12-31,learned_market,20260911,0.47394332492431446,0.47394332492431446,0,0
fixed_transform_step50,2433,2021-01-29,2021-02-08,0.0278689901714626,2021,2020-12-31,learned_market,20260911,0.34860128575085947,0.34860128575085947,0,1
fixed_transform_step50,2438,2021-02-05,2021-02-22,0.0507379035040882,2021,2020-12-31,learned_market,20260911,0.5472341429725764,0.5472341429725764,1,1
fixed_transform_step50,2443,2021-02-19,2021-03-01,-0.0684918010685315,2021,2020-12-31,learned_market,20260911,0.4390527856170199,0.4390527856170199,0,0
fixed_transform_step50,2448,2021-02-26,2021-03-08,-0.0165997123904068,2021,2020-12-31,learned_market,20260911,0.4901857818012489,0.4901857818012489,0,0
fixed_transform_step50,2453,2021-03-05,2021-03-15,-0.0346560901469681,2021,2020-12-31,learned_market,20260911,0.3640545492155067,0.3640545492155067,0,0
fixed_transform_step50,2458,2021-03-12,2021-03-22,-0.0210550182560221,2021,2020-12-31,learned_market,20260911,0.27457561641477635,0.27457561641477635,0,0
fixed_transform_step50,2463,2021-03-19,2021-03-29,0.0087572877565691,2021,2020-12-31,learned_market,20260911,0.5317095579141908,0.5317095579141908,1,1
fixed_transform_step50,2468,2021-03-26,2021-04-06,0.0250145479448802,2021,2020-12-31,learned_market,20260911,0.48950965003399194,0.48950965003399194,0,1
fixed_transform_step50,2418,2021-01-08,2021-01-18,-0.0120052904669853,2021,2020-12-31,learned_vol_interaction,20260911,0.4754556903392312,0.4754556903392312,0,0
fixed_transform_step50,2423,2021-01-15,2021-01-25,0.0231622460538123,2021,2020-12-31,learned_vol_interaction,20260911,0.2910478720938869,0.2910478720938869,0,1
fixed_transform_step50,2428,2021-01-22,2021-02-01,-0.0372511735907923,2021,2020-12-31,learned_vol_interaction,20260911,0.4793404787070586,0.4793404787070586,0,0
fixed_transform_step50,2433,2021-01-29,2021-02-08,0.0278689901714626,2021,2020-12-31,learned_vol_interaction,20260911,0.3407014751351651,0.3407014751351651,0,1
fixed_transform_step50,2438,2021-02-05,2021-02-22,0.0507379035040882,2021,2020-12-31,learned_vol_interaction,20260911,0.5419487770679454,0.5419487770679454,1,1
fixed_transform_step50,2443,2021-02-19,2021-03-01,-0.0684918010685315,2021,2020-12-31,learned_vol_interaction,20260911,0.42680484014134457,0.42680484014134457,0,0
fixed_transform_step50,2448,2021-02-26,2021-03-08,-0.0165997123904068,2021,2020-12-31,learned_vol_interaction,20260911,0.48165522036766006,0.48165522036766006,0,0
fixed_transform_step50,2453,2021-03-05,2021-03-15,-0.0346560901469681,2021,2020-12-31,learned_vol_interaction,20260911,0.3506881836542513,0.3506881836542513,0,0
fixed_transform_step50,2458,2021-03-12,2021-03-22,-0.0210550182560221,2021,2020-12-31,learned_vol_interaction,20260911,0.23467895972096536,0.23467895972096536,0,0
fixed_transform_step50,2463,2021-03-19,2021-03-29,0.0087572877565691,2021,2020-12-31,learned_vol_interaction,20260911,0.5417459151974428,0.5417459151974428,1,1
fixed_transform_step50,2468,2021-03-26,2021-04-06,0.0250145479448802,2021,2020-12-31,learned_vol_interaction,20260911,0.48054571329537366,0.48054571329537366,0,1
fixed_transform_step50,2418,2021-01-08,2021-01-18,-0.0120052904669853,2021,2020-12-31,learned_order_extension,20260911,0.4707924056292956,0.4707924056292956,0,0
fixed_transform_step50,2423,2021-01-15,2021-01-25,0.0231622460538123,2021,2020-12-31,learned_order_extension,20260911,0.30199104403875826,0.30199104403875826,0,1
fixed_transform_step50,2428,2021-01-22,2021-02-01,-0.0372511735907923,2021,2020-12-31,learned_order_extension,20260911,0.4727671753713422,0.4727671753713422,0,0
fixed_transform_step50,2433,2021-01-29,2021-02-08,0.0278689901714626,2021,2020-12-31,learned_order_extension,20260911,0.33076330033756096,0.33076330033756096,0,1
fixed_transform_step50,2438,2021-02-05,2021-02-22,0.0507379035040882,2021,2020-12-31,learned_order_extension,20260911,0.5463864019131583,0.5463864019131583,1,1
fixed_transform_step50,2443,2021-02-19,2021-03-01,-0.0684918010685315,2021,2020-12-31,learned_order_extension,20260911,0.423629668613555,0.423629668613555,0,0
fixed_transform_step50,2448,2021-02-26,2021-03-08,-0.0165997123904068,2021,2020-12-31,learned_order_extension,20260911,0.4833188959367285,0.4833188959367285,0,0
fixed_transform_step50,2453,2021-03-05,2021-03-15,-0.0346560901469681,2021,2020-12-31,learned_order_extension,20260911,0.3468677434509978,0.3468677434509978,0,0
fixed_transform_step50,2458,2021-03-12,2021-03-22,-0.0210550182560221,2021,2020-12-31,learned_order_extension,20260911,0.2385842218483661,0.2385842218483661,0,0
fixed_transform_step50,2463,2021-03-19,2021-03-29,0.0087572877565691,2021,2020-12-31,learned_order_extension,20260911,0.532998967015209,0.532998967015209,1,1
fixed_transform_step50,2468,2021-03-26,2021-04-06,0.0250145479448802,2021,2020-12-31,learned_order_extension,20260911,0.48258967958160864,0.48258967958160864,0,1
fixed_transform_step50,2418,2021-01-08,2021-01-18,-0.0120052904669853,2021,2020-12-31,learned_order_offset,20260911,0.46966493933917947,0.46966493933917947,0,0
fixed_transform_step50,2423,2021-01-15,2021-01-25,0.0231622460538123,2021,2020-12-31,learned_order_offset,20260911,0.30026263179565904,0.30026263179565904,0,1
fixed_transform_step50,2428,2021-01-22,2021-02-01,-0.0372511735907923,2021,2020-12-31,learned_order_offset,20260911,0.47083079059127375,0.47083079059127375,0,0
fixed_transform_step50,2433,2021-01-29,2021-02-08,0.0278689901714626,2021,2020-12-31,learned_order_offset,20260911,0.3308151678188049,0.3308151678188049,0,1
fixed_transform_step50,2438,2021-02-05,2021-02-22,0.0507379035040882,2021,2020-12-31,learned_order_offset,20260911,0.5458888183275549,0.5458888183275549,1,1
fixed_transform_step50,2443,2021-02-19,2021-03-01,-0.0684918010685315,2021,2020-12-31,learned_order_offset,20260911,0.4238553224614908,0.4238553224614908,0,0
fixed_transform_step50,2448,2021-02-26,2021-03-08,-0.0165997123904068,2021,2020-12-31,learned_order_offset,20260911,0.4840844360242453,0.4840844360242453,0,0
fixed_transform_step50,2453,2021-03-05,2021-03-15,-0.0346560901469681,2021,2020-12-31,learned_order_offset,20260911,0.34642186749779336,0.34642186749779336,0,0
fixed_transform_step50,2458,2021-03-12,2021-03-22,-0.0210550182560221,2021,2020-12-31,learned_order_offset,20260911,0.23704081021871007,0.23704081021871007,0,0
fixed_transform_step50,2463,2021-03-19,2021-03-29,0.0087572877565691,2021,2020-12-31,learned_order_offset,20260911,0.5312704874985703,0.5312704874985703,1,1
fixed_transform_step50,2468,2021-03-26,2021-04-06,0.0250145479448802,2021,2020-12-31,learned_order_offset,20260911,0.48113132203479025,0.48113132203479025,0,1
fixed_transform_step50,2418,2021-01-08,2021-01-18,-0.0120052904669853,2021,2020-12-31,learned_market,20260912,0.49622809203697066,0.49622809203697066,0,0
fixed_transform_step50,2423,2021-01-15,2021-01-25,0.0231622460538123,2021,2020-12-31,learned_market,20260912,0.30299511780142024,0.30299511780142024,0,1
fixed_transform_step50,2428,2021-01-22,2021-02-01,-0.0372511735907923,2021,2020-12-31,learned_market,20260912,0.2926269390741677,0.2926269390741677,0,0
fixed_transform_step50,2433,2021-01-29,2021-02-08,0.0278689901714626,2021,2020-12-31,learned_market,20260912,0.4834854236532544,0.4834854236532544,0,1
fixed_transform_step50,2438,2021-02-05,2021-02-22,0.0507379035040882,2021,2020-12-31,learned_market,20260912,0.5449307431156443,0.5449307431156443,1,1
fixed_transform_step50,2443,2021-02-19,2021-03-01,-0.0684918010685315,2021,2020-12-31,learned_market,20260912,0.37156624296606255,0.37156624296606255,0,0
fixed_transform_step50,2448,2021-02-26,2021-03-08,-0.0165997123904068,2021,2020-12-31,learned_market,20260912,0.5679579035959068,0.5679579035959068,1,0
fixed_transform_step50,2453,2021-03-05,2021-03-15,-0.0346560901469681,2021,2020-12-31,learned_market,20260912,0.4912573433049491,0.4912573433049491,0,0
fixed_transform_step50,2458,2021-03-12,2021-03-22,-0.0210550182560221,2021,2020-12-31,learned_market,20260912,0.4975950072849539,0.4975950072849539,0,0
fixed_transform_step50,2463,2021-03-19,2021-03-29,0.0087572877565691,2021,2020-12-31,learned_market,20260912,0.4862560848839745,0.4862560848839745,0,1
fixed_transform_step50,2468,2021-03-26,2021-04-06,0.0250145479448802,2021,2020-12-31,learned_market,20260912,0.5757817923341705,0.5757817923341705,1,1
fixed_transform_step50,2418,2021-01-08,2021-01-18,-0.0120052904669853,2021,2020-12-31,learned_vol_interaction,20260912,0.49620713842529096,0.49620713842529096,0,0
fixed_transform_step50,2423,2021-01-15,2021-01-25,0.0231622460538123,2021,2020-12-31,learned_vol_interaction,20260912,0.30370534508378266,0.30370534508378266,0,1
fixed_transform_step50,2428,2021-01-22,2021-02-01,-0.0372511735907923,2021,2020-12-31,learned_vol_interaction,20260912,0.2931342483584557,0.2931342483584557,0,0
fixed_transform_step50,2433,2021-01-29,2021-02-08,0.0278689901714626,2021,2020-12-31,learned_vol_interaction,20260912,0.4851476188516167,0.4851476188516167,0,1
fixed_transform_step50,2438,2021-02-05,2021-02-22,0.0507379035040882,2021,2020-12-31,learned_vol_interaction,20260912,0.5455559755252699,0.5455559755252699,1,1
fixed_transform_step50,2443,2021-02-19,2021-03-01,-0.0684918010685315,2021,2020-12-31,learned_vol_interaction,20260912,0.37201410439640853,0.37201410439640853,0,0
fixed_transform_step50,2448,2021-02-26,2021-03-08,-0.0165997123904068,2021,2020-12-31,learned_vol_interaction,20260912,0.5647303221106473,0.5647303221106473,1,0
fixed_transform_step50,2453,2021-03-05,2021-03-15,-0.0346560901469681,2021,2020-12-31,learned_vol_interaction,20260912,0.4925362885158211,0.4925362885158211,0,0
fixed_transform_step50,2458,2021-03-12,2021-03-22,-0.0210550182560221,2021,2020-12-31,learned_vol_interaction,20260912,0.5001941106115585,0.5001941106115585,1,0
fixed_transform_step50,2463,2021-03-19,2021-03-29,0.0087572877565691,2021,2020-12-31,learned_vol_interaction,20260912,0.4917119078225818,0.4917119078225818,0,1
fixed_transform_step50,2468,2021-03-26,2021-04-06,0.0250145479448802,2021,2020-12-31,learned_vol_interaction,20260912,0.5754614207160266,0.5754614207160266,1,1
fixed_transform_step50,2418,2021-01-08,2021-01-18,-0.0120052904669853,2021,2020-12-31,learned_order_extension,20260912,0.4980709373270918,0.4980709373270918,0,0
fixed_transform_step50,2423,2021-01-15,2021-01-25,0.0231622460538123,2021,2020-12-31,learned_order_extension,20260912,0.3077801048995167,0.3077801048995167,0,1
fixed_transform_step50,2428,2021-01-22,2021-02-01,-0.0372511735907923,2021,2020-12-31,learned_order_extension,20260912,0.2945790953929349,0.2945790953929349,0,0
fixed_transform_step50,2433,2021-01-29,2021-02-08,0.0278689901714626,2021,2020-12-31,learned_order_extension,20260912,0.4869306132003812,0.4869306132003812,0,1
fixed_transform_step50,2438,2021-02-05,2021-02-22,0.0507379035040882,2021,2020-12-31,learned_order_extension,20260912,0.5470942643821933,0.5470942643821933,1,1
fixed_transform_step50,2443,2021-02-19,2021-03-01,-0.0684918010685315,2021,2020-12-31,learned_order_extension,20260912,0.37256373051610003,0.37256373051610003,0,0
fixed_transform_step50,2448,2021-02-26,2021-03-08,-0.0165997123904068,2021,2020-12-31,learned_order_extension,20260912,0.5652884202407723,0.5652884202407723,1,0
fixed_transform_step50,2453,2021-03-05,2021-03-15,-0.0346560901469681,2021,2020-12-31,learned_order_extension,20260912,0.4938099782773414,0.4938099782773414,0,0
fixed_transform_step50,2458,2021-03-12,2021-03-22,-0.0210550182560221,2021,2020-12-31,learned_order_extension,20260912,0.5011342068332141,0.5011342068332141,1,0
fixed_transform_step50,2463,2021-03-19,2021-03-29,0.0087572877565691,2021,2020-12-31,learned_order_extension,20260912,0.49318584601318854,0.49318584601318854,0,1
fixed_transform_step50,2468,2021-03-26,2021-04-06,0.0250145479448802,2021,2020-12-31,learned_order_extension,20260912,0.5765372992952104,0.5765372992952104,1,1
fixed_transform_step50,2418,2021-01-08,2021-01-18,-0.0120052904669853,2021,2020-12-31,learned_order_offset,20260912,0.4978619856473434,0.4978619856473434,0,0
fixed_transform_step50,2423,2021-01-15,2021-01-25,0.0231622460538123,2021,2020-12-31,learned_order_offset,20260912,0.30753172112864313,0.30753172112864313,0,1
fixed_transform_step50,2428,2021-01-22,2021-02-01,-0.0372511735907923,2021,2020-12-31,learned_order_offset,20260912,0.29417599189344534,0.29417599189344534,0,0
fixed_transform_step50,2433,2021-01-29,2021-02-08,0.0278689901714626,2021,2020-12-31,learned_order_offset,20260912,0.48673077860534075,0.48673077860534075,0,1
fixed_transform_step50,2438,2021-02-05,2021-02-22,0.0507379035040882,2021,2020-12-31,learned_order_offset,20260912,0.5468628858044645,0.5468628858044645,1,1
fixed_transform_step50,2443,2021-02-19,2021-03-01,-0.0684918010685315,2021,2020-12-31,learned_order_offset,20260912,0.37253784220409425,0.37253784220409425,0,0
fixed_transform_step50,2448,2021-02-26,2021-03-08,-0.0165997123904068,2021,2020-12-31,learned_order_offset,20260912,0.5649799919042372,0.5649799919042372,1,0
fixed_transform_step50,2453,2021-03-05,2021-03-15,-0.0346560901469681,2021,2020-12-31,learned_order_offset,20260912,0.49348358050186064,0.49348358050186064,0,0
fixed_transform_step50,2458,2021-03-12,2021-03-22,-0.0210550182560221,2021,2020-12-31,learned_order_offset,20260912,0.500928953286114,0.500928953286114,1,0
fixed_transform_step50,2463,2021-03-19,2021-03-29,0.0087572877565691,2021,2020-12-31,learned_order_offset,20260912,0.493170220106531,0.493170220106531,0,1
fixed_transform_step50,2468,2021-03-26,2021-04-06,0.0250145479448802,2021,2020-12-31,learned_order_offset,20260912,0.5766144810517231,0.5766144810517231,1,1
fixed_transform_step50,2473,2021-04-02,2021-04-12,-0.0292856811827044,2021,2021-03-31,learned_market,20260910,0.5046563946302477,0.5046563946302477,1,0
fixed_transform_step50,2477,2021-04-09,2021-04-19,-0.0120489836840408,2021,2021-03-31,learned_market,20260910,0.6673940527535683,0.6673940527535683,1,0
fixed_transform_step50,2482,2021-04-16,2021-04-26,0.0382932540809155,2021,2021-03-31,learned_market,20260910,0.5969048275460508,0.5969048275460508,1,1
fixed_transform_step50,2487,2021-04-23,2021-05-06,-0.0112070185917437,2021,2021-03-31,learned_market,20260910,0.6633179296470566,0.6633179296470566,1,0
fixed_transform_step50,2492,2021-04-30,2021-05-12,-0.0190946889464188,2021,2021-03-31,learned_market,20260910,0.6704471274557806,0.6704471274557806,1,0
fixed_transform_step50,2494,2021-05-07,2021-05-17,0.0227674429764228,2021,2021-03-31,learned_market,20260910,0.68658891159993,0.68658891159993,1,1
fixed_transform_step50,2499,2021-05-14,2021-05-24,0.0045940519733895,2021,2021-03-31,learned_market,20260910,0.6239751264058182,0.6239751264058182,1,1
fixed_transform_step50,2504,2021-05-21,2021-05-31,0.0348855085126711,2021,2021-03-31,learned_market,20260910,0.5987413516144493,0.5987413516144493,1,1
fixed_transform_step50,2509,2021-05-28,2021-06-07,-0.0062409741861724,2021,2021-03-31,learned_market,20260910,0.5726116429109733,0.5726116429109733,1,0
fixed_transform_step50,2514,2021-06-04,2021-06-15,-0.0125508761771767,2021,2021-03-31,learned_market,20260910,0.49573614741160793,0.49573614741160793,0,0
fixed_transform_step50,2519,2021-06-11,2021-06-21,-0.0250011497424577,2021,2021-03-31,learned_market,20260910,0.3515410490363842,0.3515410490363842,0,0
fixed_transform_step50,2523,2021-06-18,2021-06-28,0.0325308711127356,2021,2021-03-31,learned_market,20260910,0.32477646580710456,0.32477646580710456,0,1
fixed_transform_step50,2528,2021-06-25,2021-07-05,-0.0342297962734196,2021,2021-03-31,learned_market,20260910,0.43548107373736333,0.43548107373736333,0,0
fixed_transform_step50,2473,2021-04-02,2021-04-12,-0.0292856811827044,2021,2021-03-31,learned_vol_interaction,20260910,0.5622462741276871,0.5622462741276871,1,0
fixed_transform_step50,2477,2021-04-09,2021-04-19,-0.0120489836840408,2021,2021-03-31,learned_vol_interaction,20260910,0.7001039383100485,0.7001039383100485,1,0
fixed_transform_step50,2482,2021-04-16,2021-04-26,0.0382932540809155,2021,2021-03-31,learned_vol_interaction,20260910,0.6131809841268565,0.6131809841268565,1,1
fixed_transform_step50,2487,2021-04-23,2021-05-06,-0.0112070185917437,2021,2021-03-31,learned_vol_interaction,20260910,0.6994685910349969,0.6994685910349969,1,0
fixed_transform_step50,2492,2021-04-30,2021-05-12,-0.0190946889464188,2021,2021-03-31,learned_vol_interaction,20260910,0.6704235275837123,0.6704235275837123,1,0
fixed_transform_step50,2494,2021-05-07,2021-05-17,0.0227674429764228,2021,2021-03-31,learned_vol_interaction,20260910,0.6883360090425733,0.6883360090425733,1,1
fixed_transform_step50,2499,2021-05-14,2021-05-24,0.0045940519733895,2021,2021-03-31,learned_vol_interaction,20260910,0.6633615672149161,0.6633615672149161,1,1
fixed_transform_step50,2504,2021-05-21,2021-05-31,0.0348855085126711,2021,2021-03-31,learned_vol_interaction,20260910,0.6232167350985962,0.6232167350985962,1,1
fixed_transform_step50,2509,2021-05-28,2021-06-07,-0.0062409741861724,2021,2021-03-31,learned_vol_interaction,20260910,0.5602683491706938,0.5602683491706938,1,0
fixed_transform_step50,2514,2021-06-04,2021-06-15,-0.0125508761771767,2021,2021-03-31,learned_vol_interaction,20260910,0.4581185562236487,0.4581185562236487,0,0
fixed_transform_step50,2519,2021-06-11,2021-06-21,-0.0250011497424577,2021,2021-03-31,learned_vol_interaction,20260910,0.2850000771843874,0.2850000771843874,0,0
fixed_transform_step50,2523,2021-06-18,2021-06-28,0.0325308711127356,2021,2021-03-31,learned_vol_interaction,20260910,0.2800462779446791,0.2800462779446791,0,1
fixed_transform_step50,2528,2021-06-25,2021-07-05,-0.0342297962734196,2021,2021-03-31,learned_vol_interaction,20260910,0.3581037937572755,0.3581037937572755,0,0
fixed_transform_step50,2473,2021-04-02,2021-04-12,-0.0292856811827044,2021,2021-03-31,learned_order_extension,20260910,0.5574392182229113,0.5574392182229113,1,0
fixed_transform_step50,2477,2021-04-09,2021-04-19,-0.0120489836840408,2021,2021-03-31,learned_order_extension,20260910,0.7056074326522793,0.7056074326522793,1,0
fixed_transform_step50,2482,2021-04-16,2021-04-26,0.0382932540809155,2021,2021-03-31,learned_order_extension,20260910,0.6225895358158061,0.6225895358158061,1,1
fixed_transform_step50,2487,2021-04-23,2021-05-06,-0.0112070185917437,2021,2021-03-31,learned_order_extension,20260910,0.705262340248862,0.705262340248862,1,0
fixed_transform_step50,2492,2021-04-30,2021-05-12,-0.0190946889464188,2021,2021-03-31,learned_order_extension,20260910,0.6819259733138624,0.6819259733138624,1,0
fixed_transform_step50,2494,2021-05-07,2021-05-17,0.0227674429764228,2021,2021-03-31,learned_order_extension,20260910,0.6961793334066648,0.6961793334066648,1,1
fixed_transform_step50,2499,2021-05-14,2021-05-24,0.0045940519733895,2021,2021-03-31,learned_order_extension,20260910,0.66426734314694,0.66426734314694,1,1
fixed_transform_step50,2504,2021-05-21,2021-05-31,0.0348855085126711,2021,2021-03-31,learned_order_extension,20260910,0.6236669239515554,0.6236669239515554,1,1
fixed_transform_step50,2509,2021-05-28,2021-06-07,-0.0062409741861724,2021,2021-03-31,learned_order_extension,20260910,0.5548446433661323,0.5548446433661323,1,0
fixed_transform_step50,2514,2021-06-04,2021-06-15,-0.0125508761771767,2021,2021-03-31,learned_order_extension,20260910,0.4473459253600258,0.4473459253600258,0,0
fixed_transform_step50,2519,2021-06-11,2021-06-21,-0.0250011497424577,2021,2021-03-31,learned_order_extension,20260910,0.2649372506269417,0.2649372506269417,0,0
fixed_transform_step50,2523,2021-06-18,2021-06-28,0.0325308711127356,2021,2021-03-31,learned_order_extension,20260910,0.26405826871807253,0.26405826871807253,0,1
fixed_transform_step50,2528,2021-06-25,2021-07-05,-0.0342297962734196,2021,2021-03-31,learned_order_extension,20260910,0.3480137049503736,0.3480137049503736,0,0
fixed_transform_step50,2473,2021-04-02,2021-04-12,-0.0292856811827044,2021,2021-03-31,learned_order_offset,20260910,0.5574243440035465,0.5574243440035465,1,0
fixed_transform_step50,2477,2021-04-09,2021-04-19,-0.0120489836840408,2021,2021-03-31,learned_order_offset,20260910,0.7055325430843841,0.7055325430843841,1,0
fixed_transform_step50,2482,2021-04-16,2021-04-26,0.0382932540809155,2021,2021-03-31,learned_order_offset,20260910,0.6229271849446945,0.6229271849446945,1,1
fixed_transform_step50,2487,2021-04-23,2021-05-06,-0.0112070185917437,2021,2021-03-31,learned_order_offset,20260910,0.7044159033662328,0.7044159033662328,1,0
fixed_transform_step50,2492,2021-04-30,2021-05-12,-0.0190946889464188,2021,2021-03-31,learned_order_offset,20260910,0.6814183867130453,0.6814183867130453,1,0
fixed_transform_step50,2494,2021-05-07,2021-05-17,0.0227674429764228,2021,2021-03-31,learned_order_offset,20260910,0.6957531385269308,0.6957531385269308,1,1
fixed_transform_step50,2499,2021-05-14,2021-05-24,0.0045940519733895,2021,2021-03-31,learned_order_offset,20260910,0.6633663500672181,0.6633663500672181,1,1
fixed_transform_step50,2504,2021-05-21,2021-05-31,0.0348855085126711,2021,2021-03-31,learned_order_offset,20260910,0.6234089280696941,0.6234089280696941,1,1
fixed_transform_step50,2509,2021-05-28,2021-06-07,-0.0062409741861724,2021,2021-03-31,learned_order_offset,20260910,0.5544048881162316,0.5544048881162316,1,0
fixed_transform_step50,2514,2021-06-04,2021-06-15,-0.0125508761771767,2021,2021-03-31,learned_order_offset,20260910,0.4476403021735022,0.4476403021735022,0,0
fixed_transform_step50,2519,2021-06-11,2021-06-21,-0.0250011497424577,2021,2021-03-31,learned_order_offset,20260910,0.2647832545912681,0.2647832545912681,0,0
fixed_transform_step50,2523,2021-06-18,2021-06-28,0.0325308711127356,2021,2021-03-31,learned_order_offset,20260910,0.2640518105093059,0.2640518105093059,0,1
fixed_transform_step50,2528,2021-06-25,2021-07-05,-0.0342297962734196,2021,2021-03-31,learned_order_offset,20260910,0.3479058270380864,0.3479058270380864,0,0
fixed_transform_step50,2473,2021-04-02,2021-04-12,-0.0292856811827044,2021,2021-03-31,learned_market,20260911,0.6275476142702509,0.6275476142702509,1,0
fixed_transform_step50,2477,2021-04-09,2021-04-19,-0.0120489836840408,2021,2021-03-31,learned_market,20260911,0.5329393413283984,0.5329393413283984,1,0
fixed_transform_step50,2482,2021-04-16,2021-04-26,0.0382932540809155,2021,2021-03-31,learned_market,20260911,0.4894514085071849,0.4894514085071849,0,1
fixed_transform_step50,2487,2021-04-23,2021-05-06,-0.0112070185917437,2021,2021-03-31,learned_market,20260911,0.5382334034823033,0.5382334034823033,1,0
fixed_transform_step50,2492,2021-04-30,2021-05-12,-0.0190946889464188,2021,2021-03-31,learned_market,20260911,0.6921996277368334,0.6921996277368334,1,0
fixed_transform_step50,2494,2021-05-07,2021-05-17,0.0227674429764228,2021,2021-03-31,learned_market,20260911,0.7547575527604926,0.7547575527604926,1,1
fixed_transform_step50,2499,2021-05-14,2021-05-24,0.0045940519733895,2021,2021-03-31,learned_market,20260911,0.43755548744604206,0.43755548744604206,0,1
fixed_transform_step50,2504,2021-05-21,2021-05-31,0.0348855085126711,2021,2021-03-31,learned_market,20260911,0.6079514040821867,0.6079514040821867,1,1
fixed_transform_step50,2509,2021-05-28,2021-06-07,-0.0062409741861724,2021,2021-03-31,learned_market,20260911,0.543213839574174,0.543213839574174,1,0
fixed_transform_step50,2514,2021-06-04,2021-06-15,-0.0125508761771767,2021,2021-03-31,learned_market,20260911,0.4260554217134035,0.4260554217134035,0,0
fixed_transform_step50,2519,2021-06-11,2021-06-21,-0.0250011497424577,2021,2021-03-31,learned_market,20260911,0.2410727573635354,0.2410727573635354,0,0
fixed_transform_step50,2523,2021-06-18,2021-06-28,0.0325308711127356,2021,2021-03-31,learned_market,20260911,0.43564057301229875,0.43564057301229875,0,1
fixed_transform_step50,2528,2021-06-25,2021-07-05,-0.0342297962734196,2021,2021-03-31,learned_market,20260911,0.393609981943263,0.393609981943263,0,0
fixed_transform_step50,2473,2021-04-02,2021-04-12,-0.0292856811827044,2021,2021-03-31,learned_vol_interaction,20260911,0.6371696023868139,0.6371696023868139,1,0
fixed_transform_step50,2477,2021-04-09,2021-04-19,-0.0120489836840408,2021,2021-03-31,learned_vol_interaction,20260911,0.5312612059133092,0.5312612059133092,1,0
fixed_transform_step50,2482,2021-04-16,2021-04-26,0.0382932540809155,2021,2021-03-31,learned_vol_interaction,20260911,0.4842644109548056,0.4842644109548056,0,1
fixed_transform_step50,2487,2021-04-23,2021-05-06,-0.0112070185917437,2021,2021-03-31,learned_vol_interaction,20260911,0.5368306205608726,0.5368306205608726,1,0
fixed_transform_step50,2492,2021-04-30,2021-05-12,-0.0190946889464188,2021,2021-03-31,learned_vol_interaction,20260911,0.689910462468934,0.689910462468934,1,0
fixed_transform_step50,2494,2021-05-07,2021-05-17,0.0227674429764228,2021,2021-03-31,learned_vol_interaction,20260911,0.7521018052972595,0.7521018052972595,1,1
fixed_transform_step50,2499,2021-05-14,2021-05-24,0.0045940519733895,2021,2021-03-31,learned_vol_interaction,20260911,0.4384009466349969,0.4384009466349969,0,1
fixed_transform_step50,2504,2021-05-21,2021-05-31,0.0348855085126711,2021,2021-03-31,learned_vol_interaction,20260911,0.6010685818543153,0.6010685818543153,1,1
fixed_transform_step50,2509,2021-05-28,2021-06-07,-0.0062409741861724,2021,2021-03-31,learned_vol_interaction,20260911,0.5427999539044289,0.5427999539044289,1,0
fixed_transform_step50,2514,2021-06-04,2021-06-15,-0.0125508761771767,2021,2021-03-31,learned_vol_interaction,20260911,0.42800580721053805,0.42800580721053805,0,0
fixed_transform_step50,2519,2021-06-11,2021-06-21,-0.0250011497424577,2021,2021-03-31,learned_vol_interaction,20260911,0.24460140162582505,0.24460140162582505,0,0
fixed_transform_step50,2523,2021-06-18,2021-06-28,0.0325308711127356,2021,2021-03-31,learned_vol_interaction,20260911,0.43765945974847487,0.43765945974847487,0,1
fixed_transform_step50,2528,2021-06-25,2021-07-05,-0.0342297962734196,2021,2021-03-31,learned_vol_interaction,20260911,0.4016891081471756,0.4016891081471756,0,0
fixed_transform_step50,2473,2021-04-02,2021-04-12,-0.0292856811827044,2021,2021-03-31,learned_order_extension,20260911,0.6307836031692244,0.6307836031692244,1,0
fixed_transform_step50,2477,2021-04-09,2021-04-19,-0.0120489836840408,2021,2021-03-31,learned_order_extension,20260911,0.5234387984220544,0.5234387984220544,1,0
fixed_transform_step50,2482,2021-04-16,2021-04-26,0.0382932540809155,2021,2021-03-31,learned_order_extension,20260911,0.45889885149203424,0.45889885149203424,0,1
fixed_transform_step50,2487,2021-04-23,2021-05-06,-0.0112070185917437,2021,2021-03-31,learned_order_extension,20260911,0.5158051427262103,0.5158051427262103,1,0
fixed_transform_step50,2492,2021-04-30,2021-05-12,-0.0190946889464188,2021,2021-03-31,learned_order_extension,20260911,0.7092574841052647,0.7092574841052647,1,0
fixed_transform_step50,2494,2021-05-07,2021-05-17,0.0227674429764228,2021,2021-03-31,learned_order_extension,20260911,0.778386055075551,0.778386055075551,1,1
fixed_transform_step50,2499,2021-05-14,2021-05-24,0.0045940519733895,2021,2021-03-31,learned_order_extension,20260911,0.3980136275251452,0.3980136275251452,0,1
fixed_transform_step50,2504,2021-05-21,2021-05-31,0.0348855085126711,2021,2021-03-31,learned_order_extension,20260911,0.6016225322403278,0.6016225322403278,1,1
fixed_transform_step50,2509,2021-05-28,2021-06-07,-0.0062409741861724,2021,2021-03-31,learned_order_extension,20260911,0.5505345638334425,0.5505345638334425,1,0
fixed_transform_step50,2514,2021-06-04,2021-06-15,-0.0125508761771767,2021,2021-03-31,learned_order_extension,20260911,0.4080931714051141,0.4080931714051141,0,0
fixed_transform_step50,2519,2021-06-11,2021-06-21,-0.0250011497424577,2021,2021-03-31,learned_order_extension,20260911,0.1955516498969562,0.1955516498969562,0,0
fixed_transform_step50,2523,2021-06-18,2021-06-28,0.0325308711127356,2021,2021-03-31,learned_order_extension,20260911,0.4167937347023664,0.4167937347023664,0,1
fixed_transform_step50,2528,2021-06-25,2021-07-05,-0.0342297962734196,2021,2021-03-31,learned_order_extension,20260911,0.389501565394998,0.389501565394998,0,0
fixed_transform_step50,2473,2021-04-02,2021-04-12,-0.0292856811827044,2021,2021-03-31,learned_order_offset,20260911,0.629476850448552,0.629476850448552,1,0
fixed_transform_step50,2477,2021-04-09,2021-04-19,-0.0120489836840408,2021,2021-03-31,learned_order_offset,20260911,0.5247713647118982,0.5247713647118982,1,0
fixed_transform_step50,2482,2021-04-16,2021-04-26,0.0382932540809155,2021,2021-03-31,learned_order_offset,20260911,0.460818707529631,0.460818707529631,0,1
fixed_transform_step50,2487,2021-04-23,2021-05-06,-0.0112070185917437,2021,2021-03-31,learned_order_offset,20260911,0.515418070827507,0.515418070827507,1,0
fixed_transform_step50,2492,2021-04-30,2021-05-12,-0.0190946889464188,2021,2021-03-31,learned_order_offset,20260911,0.7076416426150721,0.7076416426150721,1,0
fixed_transform_step50,2494,2021-05-07,2021-05-17,0.0227674429764228,2021,2021-03-31,learned_order_offset,20260911,0.7764208248934976,0.7764208248934976,1,1
fixed_transform_step50,2499,2021-05-14,2021-05-24,0.0045940519733895,2021,2021-03-31,learned_order_offset,20260911,0.3994960620477515,0.3994960620477515,0,1
fixed_transform_step50,2504,2021-05-21,2021-05-31,0.0348855085126711,2021,2021-03-31,learned_order_offset,20260911,0.6014477625201641,0.6014477625201641,1,1
fixed_transform_step50,2509,2021-05-28,2021-06-07,-0.0062409741861724,2021,2021-03-31,learned_order_offset,20260911,0.5498705733460705,0.5498705733460705,1,0
fixed_transform_step50,2514,2021-06-04,2021-06-15,-0.0125508761771767,2021,2021-03-31,learned_order_offset,20260911,0.4121577278627255,0.4121577278627255,0,0
fixed_transform_step50,2519,2021-06-11,2021-06-21,-0.0250011497424577,2021,2021-03-31,learned_order_offset,20260911,0.19844078673464188,0.19844078673464188,0,0
fixed_transform_step50,2523,2021-06-18,2021-06-28,0.0325308711127356,2021,2021-03-31,learned_order_offset,20260911,0.4191713767806032,0.4191713767806032,0,1
fixed_transform_step50,2528,2021-06-25,2021-07-05,-0.0342297962734196,2021,2021-03-31,learned_order_offset,20260911,0.39006528013375197,0.39006528013375197,0,0
fixed_transform_step50,2473,2021-04-02,2021-04-12,-0.0292856811827044,2021,2021-03-31,learned_market,20260912,0.5495492802706838,0.5495492802706838,1,0
fixed_transform_step50,2477,2021-04-09,2021-04-19,-0.0120489836840408,2021,2021-03-31,learned_market,20260912,0.6995366991143186,0.6995366991143186,1,0
fixed_transform_step50,2482,2021-04-16,2021-04-26,0.0382932540809155,2021,2021-03-31,learned_market,20260912,0.5918790034263713,0.5918790034263713,1,1
fixed_transform_step50,2487,2021-04-23,2021-05-06,-0.0112070185917437,2021,2021-03-31,learned_market,20260912,0.6868830422906582,0.6868830422906582,1,0
fixed_transform_step50,2492,2021-04-30,2021-05-12,-0.0190946889464188,2021,2021-03-31,learned_market,20260912,0.4986776989677287,0.4986776989677287,0,0
fixed_transform_step50,2494,2021-05-07,2021-05-17,0.0227674429764228,2021,2021-03-31,learned_market,20260912,0.6041209962174335,0.6041209962174335,1,1
fixed_transform_step50,2499,2021-05-14,2021-05-24,0.0045940519733895,2021,2021-03-31,learned_market,20260912,0.48227437155433556,0.48227437155433556,0,1
fixed_transform_step50,2504,2021-05-21,2021-05-31,0.0348855085126711,2021,2021-03-31,learned_market,20260912,0.6067976355031663,0.6067976355031663,1,1
fixed_transform_step50,2509,2021-05-28,2021-06-07,-0.0062409741861724,2021,2021-03-31,learned_market,20260912,0.4185324376623151,0.4185324376623151,0,0
fixed_transform_step50,2514,2021-06-04,2021-06-15,-0.0125508761771767,2021,2021-03-31,learned_market,20260912,0.30723602505223063,0.30723602505223063,0,0
fixed_transform_step50,2519,2021-06-11,2021-06-21,-0.0250011497424577,2021,2021-03-31,learned_market,20260912,0.3987035116104072,0.3987035116104072,0,0
fixed_transform_step50,2523,2021-06-18,2021-06-28,0.0325308711127356,2021,2021-03-31,learned_market,20260912,0.37656789807388774,0.37656789807388774,0,1
fixed_transform_step50,2528,2021-06-25,2021-07-05,-0.0342297962734196,2021,2021-03-31,learned_market,20260912,0.2681543257617839,0.2681543257617839,0,0
fixed_transform_step50,2473,2021-04-02,2021-04-12,-0.0292856811827044,2021,2021-03-31,learned_vol_interaction,20260912,0.5492997789681321,0.5492997789681321,1,0
fixed_transform_step50,2477,2021-04-09,2021-04-19,-0.0120489836840408,2021,2021-03-31,learned_vol_interaction,20260912,0.6997587564403035,0.6997587564403035,1,0
fixed_transform_step50,2482,2021-04-16,2021-04-26,0.0382932540809155,2021,2021-03-31,learned_vol_interaction,20260912,0.5913974981623444,0.5913974981623444,1,1
fixed_transform_step50,2487,2021-04-23,2021-05-06,-0.0112070185917437,2021,2021-03-31,learned_vol_interaction,20260912,0.6868606800602325,0.6868606800602325,1,0
fixed_transform_step50,2492,2021-04-30,2021-05-12,-0.0190946889464188,2021,2021-03-31,learned_vol_interaction,20260912,0.4986184596332726,0.4986184596332726,0,0
fixed_transform_step50,2494,2021-05-07,2021-05-17,0.0227674429764228,2021,2021-03-31,learned_vol_interaction,20260912,0.6037378016836357,0.6037378016836357,1,1
fixed_transform_step50,2499,2021-05-14,2021-05-24,0.0045940519733895,2021,2021-03-31,learned_vol_interaction,20260912,0.48262798403981216,0.48262798403981216,0,1
fixed_transform_step50,2504,2021-05-21,2021-05-31,0.0348855085126711,2021,2021-03-31,learned_vol_interaction,20260912,0.6071215282362769,0.6071215282362769,1,1
fixed_transform_step50,2509,2021-05-28,2021-06-07,-0.0062409741861724,2021,2021-03-31,learned_vol_interaction,20260912,0.4179867407681098,0.4179867407681098,0,0
fixed_transform_step50,2514,2021-06-04,2021-06-15,-0.0125508761771767,2021,2021-03-31,learned_vol_interaction,20260912,0.30581170127668694,0.30581170127668694,0,0
fixed_transform_step50,2519,2021-06-11,2021-06-21,-0.0250011497424577,2021,2021-03-31,learned_vol_interaction,20260912,0.39781165664025,0.39781165664025,0,0
fixed_transform_step50,2523,2021-06-18,2021-06-28,0.0325308711127356,2021,2021-03-31,learned_vol_interaction,20260912,0.3759454557519814,0.3759454557519814,0,1
fixed_transform_step50,2528,2021-06-25,2021-07-05,-0.0342297962734196,2021,2021-03-31,learned_vol_interaction,20260912,0.2692595403631277,0.2692595403631277,0,0
fixed_transform_step50,2473,2021-04-02,2021-04-12,-0.0292856811827044,2021,2021-03-31,learned_order_extension,20260912,0.5511345736736485,0.5511345736736485,1,0
fixed_transform_step50,2477,2021-04-09,2021-04-19,-0.0120489836840408,2021,2021-03-31,learned_order_extension,20260912,0.7049208666992554,0.7049208666992554,1,0
fixed_transform_step50,2482,2021-04-16,2021-04-26,0.0382932540809155,2021,2021-03-31,learned_order_extension,20260912,0.5887463427061023,0.5887463427061023,1,1
fixed_transform_step50,2487,2021-04-23,2021-05-06,-0.0112070185917437,2021,2021-03-31,learned_order_extension,20260912,0.6953638890525565,0.6953638890525565,1,0
fixed_transform_step50,2492,2021-04-30,2021-05-12,-0.0190946889464188,2021,2021-03-31,learned_order_extension,20260912,0.48681024816535623,0.48681024816535623,0,0
fixed_transform_step50,2494,2021-05-07,2021-05-17,0.0227674429764228,2021,2021-03-31,learned_order_extension,20260912,0.5975292058161721,0.5975292058161721,1,1
fixed_transform_step50,2499,2021-05-14,2021-05-24,0.0045940519733895,2021,2021-03-31,learned_order_extension,20260912,0.4646830761377588,0.4646830761377588,0,1
fixed_transform_step50,2504,2021-05-21,2021-05-31,0.0348855085126711,2021,2021-03-31,learned_order_extension,20260912,0.606740163566052,0.606740163566052,1,1
fixed_transform_step50,2509,2021-05-28,2021-06-07,-0.0062409741861724,2021,2021-03-31,learned_order_extension,20260912,0.4108480469367,0.4108480469367,0,0
fixed_transform_step50,2514,2021-06-04,2021-06-15,-0.0125508761771767,2021,2021-03-31,learned_order_extension,20260912,0.2813945664622398,0.2813945664622398,0,0
fixed_transform_step50,2519,2021-06-11,2021-06-21,-0.0250011497424577,2021,2021-03-31,learned_order_extension,20260912,0.3811829070743684,0.3811829070743684,0,0
fixed_transform_step50,2523,2021-06-18,2021-06-28,0.0325308711127356,2021,2021-03-31,learned_order_extension,20260912,0.3590563867227697,0.3590563867227697,0,1
fixed_transform_step50,2528,2021-06-25,2021-07-05,-0.0342297962734196,2021,2021-03-31,learned_order_extension,20260912,0.24782516181643827,0.24782516181643827,0,0
fixed_transform_step50,2473,2021-04-02,2021-04-12,-0.0292856811827044,2021,2021-03-31,learned_order_offset,20260912,0.5530189006996165,0.5530189006996165,1,0
fixed_transform_step50,2477,2021-04-09,2021-04-19,-0.0120489836840408,2021,2021-03-31,learned_order_offset,20260912,0.7045652325179669,0.7045652325179669,1,0
fixed_transform_step50,2482,2021-04-16,2021-04-26,0.0382932540809155,2021,2021-03-31,learned_order_offset,20260912,0.5908914129408158,0.5908914129408158,1,1
fixed_transform_step50,2487,2021-04-23,2021-05-06,-0.0112070185917437,2021,2021-03-31,learned_order_offset,20260912,0.6949948524221258,0.6949948524221258,1,0
fixed_transform_step50,2492,2021-04-30,2021-05-12,-0.0190946889464188,2021,2021-03-31,learned_order_offset,20260912,0.48915643317092766,0.48915643317092766,0,0
fixed_transform_step50,2494,2021-05-07,2021-05-17,0.0227674429764228,2021,2021-03-31,learned_order_offset,20260912,0.5990441860973839,0.5990441860973839,1,1
fixed_transform_step50,2499,2021-05-14,2021-05-24,0.0045940519733895,2021,2021-03-31,learned_order_offset,20260912,0.4667735988755994,0.4667735988755994,0,1
fixed_transform_step50,2504,2021-05-21,2021-05-31,0.0348855085126711,2021,2021-03-31,learned_order_offset,20260912,0.6075716818088644,0.6075716818088644,1,1
fixed_transform_step50,2509,2021-05-28,2021-06-07,-0.0062409741861724,2021,2021-03-31,learned_order_offset,20260912,0.41415333509718955,0.41415333509718955,0,0
fixed_transform_step50,2514,2021-06-04,2021-06-15,-0.0125508761771767,2021,2021-03-31,learned_order_offset,20260912,0.2859727335087624,0.2859727335087624,0,0
fixed_transform_step50,2519,2021-06-11,2021-06-21,-0.0250011497424577,2021,2021-03-31,learned_order_offset,20260912,0.3826666984877078,0.3826666984877078,0,0
fixed_transform_step50,2523,2021-06-18,2021-06-28,0.0325308711127356,2021,2021-03-31,learned_order_offset,20260912,0.3602267850421591,0.3602267850421591,0,1
fixed_transform_step50,2528,2021-06-25,2021-07-05,-0.0342297962734196,2021,2021-03-31,learned_order_offset,20260912,0.2486003680835551,0.2486003680835551,0,0
fixed_transform_step50,2533,2021-07-02,2021-07-12,0.0068193733271841,2021,2021-06-30,learned_market,20260910,0.3851817517209303,0.3851817517209303,0,1
fixed_transform_step50,2538,2021-07-09,2021-07-19,-0.0048254045313779,2021,2021-06-30,learned_market,20260910,0.4125949043747639,0.4125949043747639,0,0
fixed_transform_step50,2543,2021-07-16,2021-07-26,-0.0032299118953994,2021,2021-06-30,learned_market,20260910,0.3770351196414245,0.3770351196414245,0,0
fixed_transform_step50,2548,2021-07-23,2021-08-02,-0.0537740931579083,2021,2021-06-30,learned_market,20260910,0.4734372398152657,0.4734372398152657,0,0
fixed_transform_step50,2553,2021-07-30,2021-08-09,0.019904813945049,2021,2021-06-30,learned_market,20260910,0.48557412466356975,0.48557412466356975,0,1
fixed_transform_step50,2558,2021-08-06,2021-08-16,0.0093369268709639,2021,2021-06-30,learned_market,20260910,0.43974704144632226,0.43974704144632226,0,1
fixed_transform_step50,2563,2021-08-13,2021-08-23,-0.032048736608373,2021,2021-06-30,learned_market,20260910,0.4066284881923159,0.4066284881923159,0,0
fixed_transform_step50,2568,2021-08-20,2021-08-30,0.0145047962107527,2021,2021-06-30,learned_market,20260910,0.4969957933681207,0.4969957933681207,0,1
fixed_transform_step50,2573,2021-08-27,2021-09-06,-0.0012316820816045,2021,2021-06-30,learned_market,20260910,0.5565444345259897,0.5565444345259897,1,0
fixed_transform_step50,2578,2021-09-03,2021-09-13,0.0342301066295398,2021,2021-06-30,learned_market,20260910,0.6906544745091884,0.6906544745091884,1,1
fixed_transform_step50,2583,2021-09-10,2021-09-22,-0.0471441667981554,2021,2021-06-30,learned_market,20260910,0.6975806259217479,0.6975806259217479,1,0
fixed_transform_step50,2588,2021-09-17,2021-09-28,0.0209863060789441,2021,2021-06-30,learned_market,20260910,0.6898435098428894,0.6898435098428894,1,1
fixed_transform_step50,2591,2021-09-24,2021-10-11,0.0144615416200457,2021,2021-06-30,learned_market,20260910,0.727337712435535,0.727337712435535,1,1
fixed_transform_step50,2533,2021-07-02,2021-07-12,0.0068193733271841,2021,2021-06-30,learned_vol_interaction,20260910,0.3452329865741853,0.3452329865741853,0,1
fixed_transform_step50,2538,2021-07-09,2021-07-19,-0.0048254045313779,2021,2021-06-30,learned_vol_interaction,20260910,0.3418497595736064,0.3418497595736064,0,0
fixed_transform_step50,2543,2021-07-16,2021-07-26,-0.0032299118953994,2021,2021-06-30,learned_vol_interaction,20260910,0.3217421151649241,0.3217421151649241,0,0
fixed_transform_step50,2548,2021-07-23,2021-08-02,-0.0537740931579083,2021,2021-06-30,learned_vol_interaction,20260910,0.4370646431492866,0.4370646431492866,0,0
fixed_transform_step50,2553,2021-07-30,2021-08-09,0.019904813945049,2021,2021-06-30,learned_vol_interaction,20260910,0.4944535201103058,0.4944535201103058,0,1
fixed_transform_step50,2558,2021-08-06,2021-08-16,0.0093369268709639,2021,2021-06-30,learned_vol_interaction,20260910,0.47993288736688866,0.47993288736688866,0,1
fixed_transform_step50,2563,2021-08-13,2021-08-23,-0.032048736608373,2021,2021-06-30,learned_vol_interaction,20260910,0.4710231006690887,0.4710231006690887,0,0
fixed_transform_step50,2568,2021-08-20,2021-08-30,0.0145047962107527,2021,2021-06-30,learned_vol_interaction,20260910,0.5135497632112296,0.5135497632112296,1,1
fixed_transform_step50,2573,2021-08-27,2021-09-06,-0.0012316820816045,2021,2021-06-30,learned_vol_interaction,20260910,0.5835288769987377,0.5835288769987377,1,0
fixed_transform_step50,2578,2021-09-03,2021-09-13,0.0342301066295398,2021,2021-06-30,learned_vol_interaction,20260910,0.6822574026886356,0.6822574026886356,1,1
fixed_transform_step50,2583,2021-09-10,2021-09-22,-0.0471441667981554,2021,2021-06-30,learned_vol_interaction,20260910,0.6791990590699772,0.6791990590699772,1,0
fixed_transform_step50,2588,2021-09-17,2021-09-28,0.0209863060789441,2021,2021-06-30,learned_vol_interaction,20260910,0.7195013391433563,0.7195013391433563,1,1
fixed_transform_step50,2591,2021-09-24,2021-10-11,0.0144615416200457,2021,2021-06-30,learned_vol_interaction,20260910,0.7626114583473662,0.7626114583473662,1,1
fixed_transform_step50,2533,2021-07-02,2021-07-12,0.0068193733271841,2021,2021-06-30,learned_order_extension,20260910,0.3347317117306451,0.3347317117306451,0,1
fixed_transform_step50,2538,2021-07-09,2021-07-19,-0.0048254045313779,2021,2021-06-30,learned_order_extension,20260910,0.326494103827594,0.326494103827594,0,0
fixed_transform_step50,2543,2021-07-16,2021-07-26,-0.0032299118953994,2021,2021-06-30,learned_order_extension,20260910,0.2992246652217097,0.2992246652217097,0,0
fixed_transform_step50,2548,2021-07-23,2021-08-02,-0.0537740931579083,2021,2021-06-30,learned_order_extension,20260910,0.4243640760050948,0.4243640760050948,0,0
fixed_transform_step50,2553,2021-07-30,2021-08-09,0.019904813945049,2021,2021-06-30,learned_order_extension,20260910,0.4856752158643009,0.4856752158643009,0,1
fixed_transform_step50,2558,2021-08-06,2021-08-16,0.0093369268709639,2021,2021-06-30,learned_order_extension,20260910,0.46807708056025127,0.46807708056025127,0,1
fixed_transform_step50,2563,2021-08-13,2021-08-23,-0.032048736608373,2021,2021-06-30,learned_order_extension,20260910,0.4650753391826585,0.4650753391826585,0,0
fixed_transform_step50,2568,2021-08-20,2021-08-30,0.0145047962107527,2021,2021-06-30,learned_order_extension,20260910,0.5119401992816218,0.5119401992816218,1,1
fixed_transform_step50,2573,2021-08-27,2021-09-06,-0.0012316820816045,2021,2021-06-30,learned_order_extension,20260910,0.5816488498259871,0.5816488498259871,1,0
fixed_transform_step50,2578,2021-09-03,2021-09-13,0.0342301066295398,2021,2021-06-30,learned_order_extension,20260910,0.684013336858468,0.684013336858468,1,1
fixed_transform_step50,2583,2021-09-10,2021-09-22,-0.0471441667981554,2021,2021-06-30,learned_order_extension,20260910,0.6885825289353149,0.6885825289353149,1,0
fixed_transform_step50,2588,2021-09-17,2021-09-28,0.0209863060789441,2021,2021-06-30,learned_order_extension,20260910,0.7295325815355281,0.7295325815355281,1,1
fixed_transform_step50,2591,2021-09-24,2021-10-11,0.0144615416200457,2021,2021-06-30,learned_order_extension,20260910,0.7805205876955251,0.7805205876955251,1,1
fixed_transform_step50,2533,2021-07-02,2021-07-12,0.0068193733271841,2021,2021-06-30,learned_order_offset,20260910,0.3350516359597435,0.3350516359597435,0,1
fixed_transform_step50,2538,2021-07-09,2021-07-19,-0.0048254045313779,2021,2021-06-30,learned_order_offset,20260910,0.32711252685938713,0.32711252685938713,0,0
fixed_transform_step50,2543,2021-07-16,2021-07-26,-0.0032299118953994,2021,2021-06-30,learned_order_offset,20260910,0.30003740185064204,0.30003740185064204,0,0
fixed_transform_step50,2548,2021-07-23,2021-08-02,-0.0537740931579083,2021,2021-06-30,learned_order_offset,20260910,0.42521671377553455,0.42521671377553455,0,0
fixed_transform_step50,2553,2021-07-30,2021-08-09,0.019904813945049,2021,2021-06-30,learned_order_offset,20260910,0.48640898878170424,0.48640898878170424,0,1
fixed_transform_step50,2558,2021-08-06,2021-08-16,0.0093369268709639,2021,2021-06-30,learned_order_offset,20260910,0.46872735315666453,0.46872735315666453,0,1
fixed_transform_step50,2563,2021-08-13,2021-08-23,-0.032048736608373,2021,2021-06-30,learned_order_offset,20260910,0.46551727480704425,0.46551727480704425,0,0
fixed_transform_step50,2568,2021-08-20,2021-08-30,0.0145047962107527,2021,2021-06-30,learned_order_offset,20260910,0.5121415763190976,0.5121415763190976,1,1
fixed_transform_step50,2573,2021-08-27,2021-09-06,-0.0012316820816045,2021,2021-06-30,learned_order_offset,20260910,0.5810818035141088,0.5810818035141088,1,0
fixed_transform_step50,2578,2021-09-03,2021-09-13,0.0342301066295398,2021,2021-06-30,learned_order_offset,20260910,0.6837871147862689,0.6837871147862689,1,1
fixed_transform_step50,2583,2021-09-10,2021-09-22,-0.0471441667981554,2021,2021-06-30,learned_order_offset,20260910,0.6883044110781945,0.6883044110781945,1,0
fixed_transform_step50,2588,2021-09-17,2021-09-28,0.0209863060789441,2021,2021-06-30,learned_order_offset,20260910,0.7290058120479976,0.7290058120479976,1,1
fixed_transform_step50,2591,2021-09-24,2021-10-11,0.0144615416200457,2021,2021-06-30,learned_order_offset,20260910,0.7800292358267876,0.7800292358267876,1,1
fixed_transform_step50,2533,2021-07-02,2021-07-12,0.0068193733271841,2021,2021-06-30,learned_market,20260911,0.4671683124089915,0.4671683124089915,0,1
fixed_transform_step50,2538,2021-07-09,2021-07-19,-0.0048254045313779,2021,2021-06-30,learned_market,20260911,0.23187367617831686,0.23187367617831686,0,0
fixed_transform_step50,2543,2021-07-16,2021-07-26,-0.0032299118953994,2021,2021-06-30,learned_market,20260911,0.37573245853233234,0.37573245853233234,0,0
fixed_transform_step50,2548,2021-07-23,2021-08-02,-0.0537740931579083,2021,2021-06-30,learned_market,20260911,0.4096652807165878,0.4096652807165878,0,0
fixed_transform_step50,2553,2021-07-30,2021-08-09,0.019904813945049,2021,2021-06-30,learned_market,20260911,0.5510565597111484,0.5510565597111484,1,1
fixed_transform_step50,2558,2021-08-06,2021-08-16,0.0093369268709639,2021,2021-06-30,learned_market,20260911,0.6187360110199801,0.6187360110199801,1,1
fixed_transform_step50,2563,2021-08-13,2021-08-23,-0.032048736608373,2021,2021-06-30,learned_market,20260911,0.6127326440134697,0.6127326440134697,1,0
fixed_transform_step50,2568,2021-08-20,2021-08-30,0.0145047962107527,2021,2021-06-30,learned_market,20260911,0.5093124749602361,0.5093124749602361,1,1
fixed_transform_step50,2573,2021-08-27,2021-09-06,-0.0012316820816045,2021,2021-06-30,learned_market,20260911,0.7841112687833235,0.7841112687833235,1,0
fixed_transform_step50,2578,2021-09-03,2021-09-13,0.0342301066295398,2021,2021-06-30,learned_market,20260911,0.739844428500801,0.739844428500801,1,1
fixed_transform_step50,2583,2021-09-10,2021-09-22,-0.0471441667981554,2021,2021-06-30,learned_market,20260911,0.7333292197878858,0.7333292197878858,1,0
fixed_transform_step50,2588,2021-09-17,2021-09-28,0.0209863060789441,2021,2021-06-30,learned_market,20260911,0.7581618434206916,0.7581618434206916,1,1
fixed_transform_step50,2591,2021-09-24,2021-10-11,0.0144615416200457,2021,2021-06-30,learned_market,20260911,0.6462990089757039,0.6462990089757039,1,1
fixed_transform_step50,2533,2021-07-02,2021-07-12,0.0068193733271841,2021,2021-06-30,learned_vol_interaction,20260911,0.46870391216933577,0.46870391216933577,0,1
fixed_transform_step50,2538,2021-07-09,2021-07-19,-0.0048254045313779,2021,2021-06-30,learned_vol_interaction,20260911,0.2383762021630554,0.2383762021630554,0,0
fixed_transform_step50,2543,2021-07-16,2021-07-26,-0.0032299118953994,2021,2021-06-30,learned_vol_interaction,20260911,0.37783241511275767,0.37783241511275767,0,0
fixed_transform_step50,2548,2021-07-23,2021-08-02,-0.0537740931579083,2021,2021-06-30,learned_vol_interaction,20260911,0.41472888861250246,0.41472888861250246,0,0
fixed_transform_step50,2553,2021-07-30,2021-08-09,0.019904813945049,2021,2021-06-30,learned_vol_interaction,20260911,0.5566655060320751,0.5566655060320751,1,1
fixed_transform_step50,2558,2021-08-06,2021-08-16,0.0093369268709639,2021,2021-06-30,learned_vol_interaction,20260911,0.6201951188258851,0.6201951188258851,1,1
fixed_transform_step50,2563,2021-08-13,2021-08-23,-0.032048736608373,2021,2021-06-30,learned_vol_interaction,20260911,0.6167071202130522,0.6167071202130522,1,0
fixed_transform_step50,2568,2021-08-20,2021-08-30,0.0145047962107527,2021,2021-06-30,learned_vol_interaction,20260911,0.5001830331736294,0.5001830331736294,1,1
fixed_transform_step50,2573,2021-08-27,2021-09-06,-0.0012316820816045,2021,2021-06-30,learned_vol_interaction,20260911,0.7871729147144542,0.7871729147144542,1,0
fixed_transform_step50,2578,2021-09-03,2021-09-13,0.0342301066295398,2021,2021-06-30,learned_vol_interaction,20260911,0.7364581304744025,0.7364581304744025,1,1
fixed_transform_step50,2583,2021-09-10,2021-09-22,-0.0471441667981554,2021,2021-06-30,learned_vol_interaction,20260911,0.7347343326568279,0.7347343326568279,1,0
fixed_transform_step50,2588,2021-09-17,2021-09-28,0.0209863060789441,2021,2021-06-30,learned_vol_interaction,20260911,0.7553405267789285,0.7553405267789285,1,1
fixed_transform_step50,2591,2021-09-24,2021-10-11,0.0144615416200457,2021,2021-06-30,learned_vol_interaction,20260911,0.6442656527701346,0.6442656527701346,1,1
fixed_transform_step50,2533,2021-07-02,2021-07-12,0.0068193733271841,2021,2021-06-30,learned_order_extension,20260911,0.46383841786776236,0.46383841786776236,0,1
fixed_transform_step50,2538,2021-07-09,2021-07-19,-0.0048254045313779,2021,2021-06-30,learned_order_extension,20260911,0.17722348419719122,0.17722348419719122,0,0
fixed_transform_step50,2543,2021-07-16,2021-07-26,-0.0032299118953994,2021,2021-06-30,learned_order_extension,20260911,0.32009779856535575,0.32009779856535575,0,0
fixed_transform_step50,2548,2021-07-23,2021-08-02,-0.0537740931579083,2021,2021-06-30,learned_order_extension,20260911,0.3763940191233318,0.3763940191233318,0,0
fixed_transform_step50,2553,2021-07-30,2021-08-09,0.019904813945049,2021,2021-06-30,learned_order_extension,20260911,0.5437585131243533,0.5437585131243533,1,1
fixed_transform_step50,2558,2021-08-06,2021-08-16,0.0093369268709639,2021,2021-06-30,learned_order_extension,20260911,0.6096469375301221,0.6096469375301221,1,1
fixed_transform_step50,2563,2021-08-13,2021-08-23,-0.032048736608373,2021,2021-06-30,learned_order_extension,20260911,0.6132607148080766,0.6132607148080766,1,0
fixed_transform_step50,2568,2021-08-20,2021-08-30,0.0145047962107527,2021,2021-06-30,learned_order_extension,20260911,0.4849670526822441,0.4849670526822441,0,1
fixed_transform_step50,2573,2021-08-27,2021-09-06,-0.0012316820816045,2021,2021-06-30,learned_order_extension,20260911,0.8037073384921117,0.8037073384921117,1,0
fixed_transform_step50,2578,2021-09-03,2021-09-13,0.0342301066295398,2021,2021-06-30,learned_order_extension,20260911,0.7557807406976625,0.7557807406976625,1,1
fixed_transform_step50,2583,2021-09-10,2021-09-22,-0.0471441667981554,2021,2021-06-30,learned_order_extension,20260911,0.7613611885818415,0.7613611885818415,1,0
fixed_transform_step50,2588,2021-09-17,2021-09-28,0.0209863060789441,2021,2021-06-30,learned_order_extension,20260911,0.7896297554162423,0.7896297554162423,1,1
fixed_transform_step50,2591,2021-09-24,2021-10-11,0.0144615416200457,2021,2021-06-30,learned_order_extension,20260911,0.6663638557537954,0.6663638557537954,1,1
fixed_transform_step50,2533,2021-07-02,2021-07-12,0.0068193733271841,2021,2021-06-30,learned_order_offset,20260911,0.4673421886970971,0.4673421886970971,0,1
fixed_transform_step50,2538,2021-07-09,2021-07-19,-0.0048254045313779,2021,2021-06-30,learned_order_offset,20260911,0.18066268128114688,0.18066268128114688,0,0
fixed_transform_step50,2543,2021-07-16,2021-07-26,-0.0032299118953994,2021,2021-06-30,learned_order_offset,20260911,0.3225967083074248,0.3225967083074248,0,0
fixed_transform_step50,2548,2021-07-23,2021-08-02,-0.0537740931579083,2021,2021-06-30,learned_order_offset,20260911,0.37770728511718454,0.37770728511718454,0,0
fixed_transform_step50,2553,2021-07-30,2021-08-09,0.019904813945049,2021,2021-06-30,learned_order_offset,20260911,0.5412449111420947,0.5412449111420947,1,1
fixed_transform_step50,2558,2021-08-06,2021-08-16,0.0093369268709639,2021,2021-06-30,learned_order_offset,20260911,0.6063813979938432,0.6063813979938432,1,1
fixed_transform_step50,2563,2021-08-13,2021-08-23,-0.032048736608373,2021,2021-06-30,learned_order_offset,20260911,0.610936781495442,0.610936781495442,1,0
fixed_transform_step50,2568,2021-08-20,2021-08-30,0.0145047962107527,2021,2021-06-30,learned_order_offset,20260911,0.48740774130727876,0.48740774130727876,0,1
fixed_transform_step50,2573,2021-08-27,2021-09-06,-0.0012316820816045,2021,2021-06-30,learned_order_offset,20260911,0.7986276981412455,0.7986276981412455,1,0
fixed_transform_step50,2578,2021-09-03,2021-09-13,0.0342301066295398,2021,2021-06-30,learned_order_offset,20260911,0.7518101212192693,0.7518101212192693,1,1
fixed_transform_step50,2583,2021-09-10,2021-09-22,-0.0471441667981554,2021,2021-06-30,learned_order_offset,20260911,0.7558450278775596,0.7558450278775596,1,0
fixed_transform_step50,2588,2021-09-17,2021-09-28,0.0209863060789441,2021,2021-06-30,learned_order_offset,20260911,0.7851080946251098,0.7851080946251098,1,1
fixed_transform_step50,2591,2021-09-24,2021-10-11,0.0144615416200457,2021,2021-06-30,learned_order_offset,20260911,0.6628229380520276,0.6628229380520276,1,1
fixed_transform_step50,2533,2021-07-02,2021-07-12,0.0068193733271841,2021,2021-06-30,learned_market,20260912,0.5395968432394737,0.5395968432394737,1,1
fixed_transform_step50,2538,2021-07-09,2021-07-19,-0.0048254045313779,2021,2021-06-30,learned_market,20260912,0.6448441501299067,0.6448441501299067,1,0
fixed_transform_step50,2543,2021-07-16,2021-07-26,-0.0032299118953994,2021,2021-06-30,learned_market,20260912,0.47659322995486,0.47659322995486,0,0
fixed_transform_step50,2548,2021-07-23,2021-08-02,-0.0537740931579083,2021,2021-06-30,learned_market,20260912,0.6440791035864709,0.6440791035864709,1,0
fixed_transform_step50,2553,2021-07-30,2021-08-09,0.019904813945049,2021,2021-06-30,learned_market,20260912,0.5816970777978259,0.5816970777978259,1,1
fixed_transform_step50,2558,2021-08-06,2021-08-16,0.0093369268709639,2021,2021-06-30,learned_market,20260912,0.5381546351215336,0.5381546351215336,1,1
fixed_transform_step50,2563,2021-08-13,2021-08-23,-0.032048736608373,2021,2021-06-30,learned_market,20260912,0.8053361683511393,0.8053361683511393,1,0
fixed_transform_step50,2568,2021-08-20,2021-08-30,0.0145047962107527,2021,2021-06-30,learned_market,20260912,0.6620920356140165,0.6620920356140165,1,1
fixed_transform_step50,2573,2021-08-27,2021-09-06,-0.0012316820816045,2021,2021-06-30,learned_market,20260912,0.6380562545097761,0.6380562545097761,1,0
fixed_transform_step50,2578,2021-09-03,2021-09-13,0.0342301066295398,2021,2021-06-30,learned_market,20260912,0.5474045587200458,0.5474045587200458,1,1
fixed_transform_step50,2583,2021-09-10,2021-09-22,-0.0471441667981554,2021,2021-06-30,learned_market,20260912,0.5640337923410845,0.5640337923410845,1,0
fixed_transform_step50,2588,2021-09-17,2021-09-28,0.0209863060789441,2021,2021-06-30,learned_market,20260912,0.5310447056917468,0.5310447056917468,1,1
fixed_transform_step50,2591,2021-09-24,2021-10-11,0.0144615416200457,2021,2021-06-30,learned_market,20260912,0.41963907097088426,0.41963907097088426,0,1
fixed_transform_step50,2533,2021-07-02,2021-07-12,0.0068193733271841,2021,2021-06-30,learned_vol_interaction,20260912,0.5410550931240766,0.5410550931240766,1,1
fixed_transform_step50,2538,2021-07-09,2021-07-19,-0.0048254045313779,2021,2021-06-30,learned_vol_interaction,20260912,0.6487298241641333,0.6487298241641333,1,0
fixed_transform_step50,2543,2021-07-16,2021-07-26,-0.0032299118953994,2021,2021-06-30,learned_vol_interaction,20260912,0.4804601334217123,0.4804601334217123,0,0
fixed_transform_step50,2548,2021-07-23,2021-08-02,-0.0537740931579083,2021,2021-06-30,learned_vol_interaction,20260912,0.6478421846696569,0.6478421846696569,1,0
fixed_transform_step50,2553,2021-07-30,2021-08-09,0.019904813945049,2021,2021-06-30,learned_vol_interaction,20260912,0.5832411271736625,0.5832411271736625,1,1
fixed_transform_step50,2558,2021-08-06,2021-08-16,0.0093369268709639,2021,2021-06-30,learned_vol_interaction,20260912,0.5401824584525057,0.5401824584525057,1,1
fixed_transform_step50,2563,2021-08-13,2021-08-23,-0.032048736608373,2021,2021-06-30,learned_vol_interaction,20260912,0.8130632966092799,0.8130632966092799,1,0
fixed_transform_step50,2568,2021-08-20,2021-08-30,0.0145047962107527,2021,2021-06-30,learned_vol_interaction,20260912,0.6653589382671855,0.6653589382671855,1,1
fixed_transform_step50,2573,2021-08-27,2021-09-06,-0.0012316820816045,2021,2021-06-30,learned_vol_interaction,20260912,0.6387844414839834,0.6387844414839834,1,0
fixed_transform_step50,2578,2021-09-03,2021-09-13,0.0342301066295398,2021,2021-06-30,learned_vol_interaction,20260912,0.5489530059812461,0.5489530059812461,1,1
fixed_transform_step50,2583,2021-09-10,2021-09-22,-0.0471441667981554,2021,2021-06-30,learned_vol_interaction,20260912,0.564578017072032,0.564578017072032,1,0
fixed_transform_step50,2588,2021-09-17,2021-09-28,0.0209863060789441,2021,2021-06-30,learned_vol_interaction,20260912,0.5300868596298591,0.5300868596298591,1,1
fixed_transform_step50,2591,2021-09-24,2021-10-11,0.0144615416200457,2021,2021-06-30,learned_vol_interaction,20260912,0.42017697484187566,0.42017697484187566,0,1
fixed_transform_step50,2533,2021-07-02,2021-07-12,0.0068193733271841,2021,2021-06-30,learned_order_extension,20260912,0.5362591432250382,0.5362591432250382,1,1
fixed_transform_step50,2538,2021-07-09,2021-07-19,-0.0048254045313779,2021,2021-06-30,learned_order_extension,20260912,0.6525037811293177,0.6525037811293177,1,0
fixed_transform_step50,2543,2021-07-16,2021-07-26,-0.0032299118953994,2021,2021-06-30,learned_order_extension,20260912,0.4686265572823462,0.4686265572823462,0,0
fixed_transform_step50,2548,2021-07-23,2021-08-02,-0.0537740931579083,2021,2021-06-30,learned_order_extension,20260912,0.6464695900958222,0.6464695900958222,1,0
fixed_transform_step50,2553,2021-07-30,2021-08-09,0.019904813945049,2021,2021-06-30,learned_order_extension,20260912,0.5754365315654977,0.5754365315654977,1,1
fixed_transform_step50,2558,2021-08-06,2021-08-16,0.0093369268709639,2021,2021-06-30,learned_order_extension,20260912,0.5339566987800565,0.5339566987800565,1,1
fixed_transform_step50,2563,2021-08-13,2021-08-23,-0.032048736608373,2021,2021-06-30,learned_order_extension,20260912,0.8146692282229042,0.8146692282229042,1,0
fixed_transform_step50,2568,2021-08-20,2021-08-30,0.0145047962107527,2021,2021-06-30,learned_order_extension,20260912,0.6645148250500313,0.6645148250500313,1,1
fixed_transform_step50,2573,2021-08-27,2021-09-06,-0.0012316820816045,2021,2021-06-30,learned_order_extension,20260912,0.6362152692691873,0.6362152692691873,1,0
fixed_transform_step50,2578,2021-09-03,2021-09-13,0.0342301066295398,2021,2021-06-30,learned_order_extension,20260912,0.5444736990122371,0.5444736990122371,1,1
fixed_transform_step50,2583,2021-09-10,2021-09-22,-0.0471441667981554,2021,2021-06-30,learned_order_extension,20260912,0.5635299701058363,0.5635299701058363,1,0
fixed_transform_step50,2588,2021-09-17,2021-09-28,0.0209863060789441,2021,2021-06-30,learned_order_extension,20260912,0.5217639937341113,0.5217639937341113,1,1
fixed_transform_step50,2591,2021-09-24,2021-10-11,0.0144615416200457,2021,2021-06-30,learned_order_extension,20260912,0.40033395150023104,0.40033395150023104,0,1
fixed_transform_step50,2533,2021-07-02,2021-07-12,0.0068193733271841,2021,2021-06-30,learned_order_offset,20260912,0.537137722292538,0.537137722292538,1,1
fixed_transform_step50,2538,2021-07-09,2021-07-19,-0.0048254045313779,2021,2021-06-30,learned_order_offset,20260912,0.6518616045128607,0.6518616045128607,1,0
fixed_transform_step50,2543,2021-07-16,2021-07-26,-0.0032299118953994,2021,2021-06-30,learned_order_offset,20260912,0.4682877072274559,0.4682877072274559,0,0
fixed_transform_step50,2548,2021-07-23,2021-08-02,-0.0537740931579083,2021,2021-06-30,learned_order_offset,20260912,0.6453271866087714,0.6453271866087714,1,0
fixed_transform_step50,2553,2021-07-30,2021-08-09,0.019904813945049,2021,2021-06-30,learned_order_offset,20260912,0.5751154188430744,0.5751154188430744,1,1
fixed_transform_step50,2558,2021-08-06,2021-08-16,0.0093369268709639,2021,2021-06-30,learned_order_offset,20260912,0.5341002289799311,0.5341002289799311,1,1
fixed_transform_step50,2563,2021-08-13,2021-08-23,-0.032048736608373,2021,2021-06-30,learned_order_offset,20260912,0.8124400189005975,0.8124400189005975,1,0
fixed_transform_step50,2568,2021-08-20,2021-08-30,0.0145047962107527,2021,2021-06-30,learned_order_offset,20260912,0.6642632951093442,0.6642632951093442,1,1
fixed_transform_step50,2573,2021-08-27,2021-09-06,-0.0012316820816045,2021,2021-06-30,learned_order_offset,20260912,0.6362787724250695,0.6362787724250695,1,0
fixed_transform_step50,2578,2021-09-03,2021-09-13,0.0342301066295398,2021,2021-06-30,learned_order_offset,20260912,0.5447292243576526,0.5447292243576526,1,1
fixed_transform_step50,2583,2021-09-10,2021-09-22,-0.0471441667981554,2021,2021-06-30,learned_order_offset,20260912,0.563675490413647,0.563675490413647,1,0
fixed_transform_step50,2588,2021-09-17,2021-09-28,0.0209863060789441,2021,2021-06-30,learned_order_offset,20260912,0.52256584540237,0.52256584540237,1,1
fixed_transform_step50,2591,2021-09-24,2021-10-11,0.0144615416200457,2021,2021-06-30,learned_order_offset,20260912,0.40263217763750725,0.40263217763750725,0,1
fixed_transform_step50,2596,2021-10-08,2021-10-18,-0.0038006269617851,2021,2021-09-30,learned_market,20260910,0.692201565505017,0.692201565505017,1,0
fixed_transform_step50,2601,2021-10-15,2021-10-25,0.0037358989621147,2021,2021-09-30,learned_market,20260910,0.6872227291979753,0.6872227291979753,1,1
fixed_transform_step50,2606,2021-10-22,2021-11-01,-0.0127041632091318,2021,2021-09-30,learned_market,20260910,0.5893083944394631,0.5893083944394631,1,0
fixed_transform_step50,2611,2021-10-29,2021-11-08,-0.0075807737801166,2021,2021-09-30,learned_market,20260910,0.6184278424613707,0.6184278424613707,1,0
fixed_transform_step50,2616,2021-11-05,2021-11-15,0.0110015182343039,2021,2021-09-30,learned_market,20260910,0.6908253967801415,0.6908253967801415,1,1
fixed_transform_step50,2621,2021-11-12,2021-11-22,0.0002002284238551,2021,2021-09-30,learned_market,20260910,0.7428850687869992,0.7428850687869992,1,1
fixed_transform_step50,2626,2021-11-19,2021-11-29,-0.0153981603100059,2021,2021-09-30,learned_market,20260910,0.7828771699792553,0.7828771699792553,1,0
fixed_transform_step50,2631,2021-11-26,2021-12-06,0.0185518287306458,2021,2021-09-30,learned_market,20260910,0.6997201676213874,0.6997201676213874,1,1
fixed_transform_step50,2636,2021-12-03,2021-12-13,0.0367843110096284,2021,2021-09-30,learned_market,20260910,0.7048607944939689,0.7048607944939689,1,1
fixed_transform_step50,2641,2021-12-10,2021-12-20,-0.0304615698955996,2021,2021-09-30,learned_market,20260910,0.6334197915858593,0.6334197915858593,1,0
fixed_transform_step50,2646,2021-12-17,2021-12-27,-0.0034083287233763,2021,2021-09-30,learned_market,20260910,0.7122401026652957,0.7122401026652957,1,0
fixed_transform_step50,2651,2021-12-24,2022-01-04,0.0080985736506613,2021,2021-09-30,learned_market,20260910,0.7696068084383304,0.7696068084383304,1,1
fixed_transform_step50,2656,2021-12-31,2022-01-10,-0.0293970528320001,2021,2021-09-30,learned_market,20260910,0.7463543038468861,0.7463543038468861,1,0
fixed_transform_step50,2596,2021-10-08,2021-10-18,-0.0038006269617851,2021,2021-09-30,learned_vol_interaction,20260910,0.72550275126063,0.72550275126063,1,0
fixed_transform_step50,2601,2021-10-15,2021-10-25,0.0037358989621147,2021,2021-09-30,learned_vol_interaction,20260910,0.7444031681851561,0.7444031681851561,1,1
fixed_transform_step50,2606,2021-10-22,2021-11-01,-0.0127041632091318,2021,2021-09-30,learned_vol_interaction,20260910,0.6007125918555691,0.6007125918555691,1,0
fixed_transform_step50,2611,2021-10-29,2021-11-08,-0.0075807737801166,2021,2021-09-30,learned_vol_interaction,20260910,0.654688969316759,0.654688969316759,1,0
fixed_transform_step50,2616,2021-11-05,2021-11-15,0.0110015182343039,2021,2021-09-30,learned_vol_interaction,20260910,0.7543701866496332,0.7543701866496332,1,1
fixed_transform_step50,2621,2021-11-12,2021-11-22,0.0002002284238551,2021,2021-09-30,learned_vol_interaction,20260910,0.7969417062509213,0.7969417062509213,1,1
fixed_transform_step50,2626,2021-11-19,2021-11-29,-0.0153981603100059,2021,2021-09-30,learned_vol_interaction,20260910,0.8523150155341868,0.8523150155341868,1,0
fixed_transform_step50,2631,2021-11-26,2021-12-06,0.0185518287306458,2021,2021-09-30,learned_vol_interaction,20260910,0.7839602340871953,0.7839602340871953,1,1
fixed_transform_step50,2636,2021-12-03,2021-12-13,0.0367843110096284,2021,2021-09-30,learned_vol_interaction,20260910,0.7686138370539652,0.7686138370539652,1,1
fixed_transform_step50,2641,2021-12-10,2021-12-20,-0.0304615698955996,2021,2021-09-30,learned_vol_interaction,20260910,0.6785885658162727,0.6785885658162727,1,0
fixed_transform_step50,2646,2021-12-17,2021-12-27,-0.0034083287233763,2021,2021-09-30,learned_vol_interaction,20260910,0.7630531835214669,0.7630531835214669,1,0
fixed_transform_step50,2651,2021-12-24,2022-01-04,0.0080985736506613,2021,2021-09-30,learned_vol_interaction,20260910,0.8232923345633989,0.8232923345633989,1,1
fixed_transform_step50,2656,2021-12-31,2022-01-10,-0.0293970528320001,2021,2021-09-30,learned_vol_interaction,20260910,0.7873895844529921,0.7873895844529921,1,0
fixed_transform_step50,2596,2021-10-08,2021-10-18,-0.0038006269617851,2021,2021-09-30,learned_order_extension,20260910,0.7317144496038881,0.7317144496038881,1,0
fixed_transform_step50,2601,2021-10-15,2021-10-25,0.0037358989621147,2021,2021-09-30,learned_order_extension,20260910,0.7510124290578395,0.7510124290578395,1,1
fixed_transform_step50,2606,2021-10-22,2021-11-01,-0.0127041632091318,2021,2021-09-30,learned_order_extension,20260910,0.599576410594924,0.599576410594924,1,0
fixed_transform_step50,2611,2021-10-29,2021-11-08,-0.0075807737801166,2021,2021-09-30,learned_order_extension,20260910,0.6571236555473721,0.6571236555473721,1,0
fixed_transform_step50,2616,2021-11-05,2021-11-15,0.0110015182343039,2021,2021-09-30,learned_order_extension,20260910,0.7604354052569942,0.7604354052569942,1,1
fixed_transform_step50,2621,2021-11-12,2021-11-22,0.0002002284238551,2021,2021-09-30,learned_order_extension,20260910,0.8104890153750063,0.8104890153750063,1,1
fixed_transform_step50,2626,2021-11-19,2021-11-29,-0.0153981603100059,2021,2021-09-30,learned_order_extension,20260910,0.8672253214775719,0.8672253214775719,1,0
fixed_transform_step50,2631,2021-11-26,2021-12-06,0.0185518287306458,2021,2021-09-30,learned_order_extension,20260910,0.7932054124088724,0.7932054124088724,1,1
fixed_transform_step50,2636,2021-12-03,2021-12-13,0.0367843110096284,2021,2021-09-30,learned_order_extension,20260910,0.7749360878600311,0.7749360878600311,1,1
fixed_transform_step50,2641,2021-12-10,2021-12-20,-0.0304615698955996,2021,2021-09-30,learned_order_extension,20260910,0.6835782428726406,0.6835782428726406,1,0
fixed_transform_step50,2646,2021-12-17,2021-12-27,-0.0034083287233763,2021,2021-09-30,learned_order_extension,20260910,0.7756374272018898,0.7756374272018898,1,0
fixed_transform_step50,2651,2021-12-24,2022-01-04,0.0080985736506613,2021,2021-09-30,learned_order_extension,20260910,0.8311476863799016,0.8311476863799016,1,1
fixed_transform_step50,2656,2021-12-31,2022-01-10,-0.0293970528320001,2021,2021-09-30,learned_order_extension,20260910,0.7967168424086176,0.7967168424086176,1,0
fixed_transform_step50,2596,2021-10-08,2021-10-18,-0.0038006269617851,2021,2021-09-30,learned_order_offset,20260910,0.731227780966716,0.731227780966716,1,0
fixed_transform_step50,2601,2021-10-15,2021-10-25,0.0037358989621147,2021,2021-09-30,learned_order_offset,20260910,0.75015865284799,0.75015865284799,1,1
fixed_transform_step50,2606,2021-10-22,2021-11-01,-0.0127041632091318,2021,2021-09-30,learned_order_offset,20260910,0.5990981749040252,0.5990981749040252,1,0
fixed_transform_step50,2611,2021-10-29,2021-11-08,-0.0075807737801166,2021,2021-09-30,learned_order_offset,20260910,0.6563757282490327,0.6563757282490327,1,0
fixed_transform_step50,2616,2021-11-05,2021-11-15,0.0110015182343039,2021,2021-09-30,learned_order_offset,20260910,0.7597717667630536,0.7597717667630536,1,1
fixed_transform_step50,2621,2021-11-12,2021-11-22,0.0002002284238551,2021,2021-09-30,learned_order_offset,20260910,0.8103173122504717,0.8103173122504717,1,1
fixed_transform_step50,2626,2021-11-19,2021-11-29,-0.0153981603100059,2021,2021-09-30,learned_order_offset,20260910,0.8668403015494931,0.8668403015494931,1,0
fixed_transform_step50,2631,2021-11-26,2021-12-06,0.0185518287306458,2021,2021-09-30,learned_order_offset,20260910,0.7923886617512084,0.7923886617512084,1,1
fixed_transform_step50,2636,2021-12-03,2021-12-13,0.0367843110096284,2021,2021-09-30,learned_order_offset,20260910,0.774550925997285,0.774550925997285,1,1
fixed_transform_step50,2641,2021-12-10,2021-12-20,-0.0304615698955996,2021,2021-09-30,learned_order_offset,20260910,0.6830778894645525,0.6830778894645525,1,0
fixed_transform_step50,2646,2021-12-17,2021-12-27,-0.0034083287233763,2021,2021-09-30,learned_order_offset,20260910,0.7755805140694138,0.7755805140694138,1,0
fixed_transform_step50,2651,2021-12-24,2022-01-04,0.0080985736506613,2021,2021-09-30,learned_order_offset,20260910,0.8310487493255309,0.8310487493255309,1,1
fixed_transform_step50,2656,2021-12-31,2022-01-10,-0.0293970528320001,2021,2021-09-30,learned_order_offset,20260910,0.7966908057709592,0.7966908057709592,1,0
fixed_transform_step50,2596,2021-10-08,2021-10-18,-0.0038006269617851,2021,2021-09-30,learned_market,20260911,0.8512404348081553,0.8512404348081553,1,0
fixed_transform_step50,2601,2021-10-15,2021-10-25,0.0037358989621147,2021,2021-09-30,learned_market,20260911,0.7651148312027768,0.7651148312027768,1,1
fixed_transform_step50,2606,2021-10-22,2021-11-01,-0.0127041632091318,2021,2021-09-30,learned_market,20260911,0.5810084172866697,0.5810084172866697,1,0
fixed_transform_step50,2611,2021-10-29,2021-11-08,-0.0075807737801166,2021,2021-09-30,learned_market,20260911,0.8127712018573986,0.8127712018573986,1,0
fixed_transform_step50,2616,2021-11-05,2021-11-15,0.0110015182343039,2021,2021-09-30,learned_market,20260911,0.7435687805023702,0.7435687805023702,1,1
fixed_transform_step50,2621,2021-11-12,2021-11-22,0.0002002284238551,2021,2021-09-30,learned_market,20260911,0.8072757472833348,0.8072757472833348,1,1
fixed_transform_step50,2626,2021-11-19,2021-11-29,-0.0153981603100059,2021,2021-09-30,learned_market,20260911,0.7159933395709959,0.7159933395709959,1,0
fixed_transform_step50,2631,2021-11-26,2021-12-06,0.0185518287306458,2021,2021-09-30,learned_market,20260911,0.8319930214499652,0.8319930214499652,1,1
fixed_transform_step50,2636,2021-12-03,2021-12-13,0.0367843110096284,2021,2021-09-30,learned_market,20260911,0.6285079281536455,0.6285079281536455,1,1
fixed_transform_step50,2641,2021-12-10,2021-12-20,-0.0304615698955996,2021,2021-09-30,learned_market,20260911,0.6422293039683467,0.6422293039683467,1,0
fixed_transform_step50,2646,2021-12-17,2021-12-27,-0.0034083287233763,2021,2021-09-30,learned_market,20260911,0.7746195383785568,0.7746195383785568,1,0
fixed_transform_step50,2651,2021-12-24,2022-01-04,0.0080985736506613,2021,2021-09-30,learned_market,20260911,0.6513836236411498,0.6513836236411498,1,1
fixed_transform_step50,2656,2021-12-31,2022-01-10,-0.0293970528320001,2021,2021-09-30,learned_market,20260911,0.7657985262534669,0.7657985262534669,1,0
fixed_transform_step50,2596,2021-10-08,2021-10-18,-0.0038006269617851,2021,2021-09-30,learned_vol_interaction,20260911,0.8469335120309788,0.8469335120309788,1,0
fixed_transform_step50,2601,2021-10-15,2021-10-25,0.0037358989621147,2021,2021-09-30,learned_vol_interaction,20260911,0.761747756100332,0.761747756100332,1,1
fixed_transform_step50,2606,2021-10-22,2021-11-01,-0.0127041632091318,2021,2021-09-30,learned_vol_interaction,20260911,0.5803293687604327,0.5803293687604327,1,0
fixed_transform_step50,2611,2021-10-29,2021-11-08,-0.0075807737801166,2021,2021-09-30,learned_vol_interaction,20260911,0.8059423760013278,0.8059423760013278,1,0
fixed_transform_step50,2616,2021-11-05,2021-11-15,0.0110015182343039,2021,2021-09-30,learned_vol_interaction,20260911,0.7368624759349995,0.7368624759349995,1,1
fixed_transform_step50,2621,2021-11-12,2021-11-22,0.0002002284238551,2021,2021-09-30,learned_vol_interaction,20260911,0.8007258659648545,0.8007258659648545,1,1
fixed_transform_step50,2626,2021-11-19,2021-11-29,-0.0153981603100059,2021,2021-09-30,learned_vol_interaction,20260911,0.7158094666081821,0.7158094666081821,1,0
fixed_transform_step50,2631,2021-11-26,2021-12-06,0.0185518287306458,2021,2021-09-30,learned_vol_interaction,20260911,0.8226083825072892,0.8226083825072892,1,1
fixed_transform_step50,2636,2021-12-03,2021-12-13,0.0367843110096284,2021,2021-09-30,learned_vol_interaction,20260911,0.6220643005868612,0.6220643005868612,1,1
fixed_transform_step50,2641,2021-12-10,2021-12-20,-0.0304615698955996,2021,2021-09-30,learned_vol_interaction,20260911,0.6358390986564233,0.6358390986564233,1,0
fixed_transform_step50,2646,2021-12-17,2021-12-27,-0.0034083287233763,2021,2021-09-30,learned_vol_interaction,20260911,0.7684030805292124,0.7684030805292124,1,0
fixed_transform_step50,2651,2021-12-24,2022-01-04,0.0080985736506613,2021,2021-09-30,learned_vol_interaction,20260911,0.6484639460766158,0.6484639460766158,1,1
fixed_transform_step50,2656,2021-12-31,2022-01-10,-0.0293970528320001,2021,2021-09-30,learned_vol_interaction,20260911,0.7608714414919322,0.7608714414919322,1,0
fixed_transform_step50,2596,2021-10-08,2021-10-18,-0.0038006269617851,2021,2021-09-30,learned_order_extension,20260911,0.8800325835129373,0.8800325835129373,1,0
fixed_transform_step50,2601,2021-10-15,2021-10-25,0.0037358989621147,2021,2021-09-30,learned_order_extension,20260911,0.8022761407751251,0.8022761407751251,1,1
fixed_transform_step50,2606,2021-10-22,2021-11-01,-0.0127041632091318,2021,2021-09-30,learned_order_extension,20260911,0.5903336600241413,0.5903336600241413,1,0
fixed_transform_step50,2611,2021-10-29,2021-11-08,-0.0075807737801166,2021,2021-09-30,learned_order_extension,20260911,0.8538575461706219,0.8538575461706219,1,0
fixed_transform_step50,2616,2021-11-05,2021-11-15,0.0110015182343039,2021,2021-09-30,learned_order_extension,20260911,0.774658372746017,0.774658372746017,1,1
fixed_transform_step50,2621,2021-11-12,2021-11-22,0.0002002284238551,2021,2021-09-30,learned_order_extension,20260911,0.8601002482433714,0.8601002482433714,1,1
fixed_transform_step50,2626,2021-11-19,2021-11-29,-0.0153981603100059,2021,2021-09-30,learned_order_extension,20260911,0.7619950305348125,0.7619950305348125,1,0
fixed_transform_step50,2631,2021-11-26,2021-12-06,0.0185518287306458,2021,2021-09-30,learned_order_extension,20260911,0.8756964658711704,0.8756964658711704,1,1
fixed_transform_step50,2636,2021-12-03,2021-12-13,0.0367843110096284,2021,2021-09-30,learned_order_extension,20260911,0.640448276504878,0.640448276504878,1,1
fixed_transform_step50,2641,2021-12-10,2021-12-20,-0.0304615698955996,2021,2021-09-30,learned_order_extension,20260911,0.6607733322371387,0.6607733322371387,1,0
fixed_transform_step50,2646,2021-12-17,2021-12-27,-0.0034083287233763,2021,2021-09-30,learned_order_extension,20260911,0.826770454126654,0.826770454126654,1,0
fixed_transform_step50,2651,2021-12-24,2022-01-04,0.0080985736506613,2021,2021-09-30,learned_order_extension,20260911,0.6566888540246822,0.6566888540246822,1,1
fixed_transform_step50,2656,2021-12-31,2022-01-10,-0.0293970528320001,2021,2021-09-30,learned_order_extension,20260911,0.7984195535357065,0.7984195535357065,1,0
fixed_transform_step50,2596,2021-10-08,2021-10-18,-0.0038006269617851,2021,2021-09-30,learned_order_offset,20260911,0.8800865127972701,0.8800865127972701,1,0
fixed_transform_step50,2601,2021-10-15,2021-10-25,0.0037358989621147,2021,2021-09-30,learned_order_offset,20260911,0.8027563224431884,0.8027563224431884,1,1
fixed_transform_step50,2606,2021-10-22,2021-11-01,-0.0127041632091318,2021,2021-09-30,learned_order_offset,20260911,0.5911804374493059,0.5911804374493059,1,0
fixed_transform_step50,2611,2021-10-29,2021-11-08,-0.0075807737801166,2021,2021-09-30,learned_order_offset,20260911,0.8543437313272388,0.8543437313272388,1,0
fixed_transform_step50,2616,2021-11-05,2021-11-15,0.0110015182343039,2021,2021-09-30,learned_order_offset,20260911,0.7740167165564802,0.7740167165564802,1,1
fixed_transform_step50,2621,2021-11-12,2021-11-22,0.0002002284238551,2021,2021-09-30,learned_order_offset,20260911,0.8594877808887531,0.8594877808887531,1,1
fixed_transform_step50,2626,2021-11-19,2021-11-29,-0.0153981603100059,2021,2021-09-30,learned_order_offset,20260911,0.7614930160076782,0.7614930160076782,1,0
fixed_transform_step50,2631,2021-11-26,2021-12-06,0.0185518287306458,2021,2021-09-30,learned_order_offset,20260911,0.8756052384708642,0.8756052384708642,1,1
fixed_transform_step50,2636,2021-12-03,2021-12-13,0.0367843110096284,2021,2021-09-30,learned_order_offset,20260911,0.6417696405694302,0.6417696405694302,1,1
fixed_transform_step50,2641,2021-12-10,2021-12-20,-0.0304615698955996,2021,2021-09-30,learned_order_offset,20260911,0.6613620536000697,0.6613620536000697,1,0
fixed_transform_step50,2646,2021-12-17,2021-12-27,-0.0034083287233763,2021,2021-09-30,learned_order_offset,20260911,0.8262593847640051,0.8262593847640051,1,0
fixed_transform_step50,2651,2021-12-24,2022-01-04,0.0080985736506613,2021,2021-09-30,learned_order_offset,20260911,0.6552522219228953,0.6552522219228953,1,1
fixed_transform_step50,2656,2021-12-31,2022-01-10,-0.0293970528320001,2021,2021-09-30,learned_order_offset,20260911,0.7980742587230616,0.7980742587230616,1,0
fixed_transform_step50,2596,2021-10-08,2021-10-18,-0.0038006269617851,2021,2021-09-30,learned_market,20260912,0.6876074535745132,0.6876074535745132,1,0
fixed_transform_step50,2601,2021-10-15,2021-10-25,0.0037358989621147,2021,2021-09-30,learned_market,20260912,0.505790457889717,0.505790457889717,1,1
fixed_transform_step50,2606,2021-10-22,2021-11-01,-0.0127041632091318,2021,2021-09-30,learned_market,20260912,0.608155447949246,0.608155447949246,1,0
fixed_transform_step50,2611,2021-10-29,2021-11-08,-0.0075807737801166,2021,2021-09-30,learned_market,20260912,0.46306519229373827,0.46306519229373827,0,0
fixed_transform_step50,2616,2021-11-05,2021-11-15,0.0110015182343039,2021,2021-09-30,learned_market,20260912,0.4954342345028401,0.4954342345028401,0,1
fixed_transform_step50,2621,2021-11-12,2021-11-22,0.0002002284238551,2021,2021-09-30,learned_market,20260912,0.6033856381242158,0.6033856381242158,1,1
fixed_transform_step50,2626,2021-11-19,2021-11-29,-0.0153981603100059,2021,2021-09-30,learned_market,20260912,0.6955091654436985,0.6955091654436985,1,0
fixed_transform_step50,2631,2021-11-26,2021-12-06,0.0185518287306458,2021,2021-09-30,learned_market,20260912,0.44829213462918616,0.44829213462918616,0,1
fixed_transform_step50,2636,2021-12-03,2021-12-13,0.0367843110096284,2021,2021-09-30,learned_market,20260912,0.45054033708742847,0.45054033708742847,0,1
fixed_transform_step50,2641,2021-12-10,2021-12-20,-0.0304615698955996,2021,2021-09-30,learned_market,20260912,0.5768010241616263,0.5768010241616263,1,0
fixed_transform_step50,2646,2021-12-17,2021-12-27,-0.0034083287233763,2021,2021-09-30,learned_market,20260912,0.6085051903983081,0.6085051903983081,1,0
fixed_transform_step50,2651,2021-12-24,2022-01-04,0.0080985736506613,2021,2021-09-30,learned_market,20260912,0.4665830341970273,0.4665830341970273,0,1
fixed_transform_step50,2656,2021-12-31,2022-01-10,-0.0293970528320001,2021,2021-09-30,learned_market,20260912,0.6002579007635735,0.6002579007635735,1,0
fixed_transform_step50,2596,2021-10-08,2021-10-18,-0.0038006269617851,2021,2021-09-30,learned_vol_interaction,20260912,0.6881146749711575,0.6881146749711575,1,0
fixed_transform_step50,2601,2021-10-15,2021-10-25,0.0037358989621147,2021,2021-09-30,learned_vol_interaction,20260912,0.504904125851163,0.504904125851163,1,1
fixed_transform_step50,2606,2021-10-22,2021-11-01,-0.0127041632091318,2021,2021-09-30,learned_vol_interaction,20260912,0.6090259374322907,0.6090259374322907,1,0
fixed_transform_step50,2611,2021-10-29,2021-11-08,-0.0075807737801166,2021,2021-09-30,learned_vol_interaction,20260912,0.4610021109774687,0.4610021109774687,0,0
fixed_transform_step50,2616,2021-11-05,2021-11-15,0.0110015182343039,2021,2021-09-30,learned_vol_interaction,20260912,0.49261885909284975,0.49261885909284975,0,1
fixed_transform_step50,2621,2021-11-12,2021-11-22,0.0002002284238551,2021,2021-09-30,learned_vol_interaction,20260912,0.6037569392282793,0.6037569392282793,1,1
fixed_transform_step50,2626,2021-11-19,2021-11-29,-0.0153981603100059,2021,2021-09-30,learned_vol_interaction,20260912,0.6959365963374339,0.6959365963374339,1,0
fixed_transform_step50,2631,2021-11-26,2021-12-06,0.0185518287306458,2021,2021-09-30,learned_vol_interaction,20260912,0.4451124215606524,0.4451124215606524,0,1
fixed_transform_step50,2636,2021-12-03,2021-12-13,0.0367843110096284,2021,2021-09-30,learned_vol_interaction,20260912,0.4456014364098704,0.4456014364098704,0,1
fixed_transform_step50,2641,2021-12-10,2021-12-20,-0.0304615698955996,2021,2021-09-30,learned_vol_interaction,20260912,0.5765149294366942,0.5765149294366942,1,0
fixed_transform_step50,2646,2021-12-17,2021-12-27,-0.0034083287233763,2021,2021-09-30,learned_vol_interaction,20260912,0.6079125646353737,0.6079125646353737,1,0
fixed_transform_step50,2651,2021-12-24,2022-01-04,0.0080985736506613,2021,2021-09-30,learned_vol_interaction,20260912,0.4642105834882608,0.4642105834882608,0,1
fixed_transform_step50,2656,2021-12-31,2022-01-10,-0.0293970528320001,2021,2021-09-30,learned_vol_interaction,20260912,0.5991116620378215,0.5991116620378215,1,0
fixed_transform_step50,2596,2021-10-08,2021-10-18,-0.0038006269617851,2021,2021-09-30,learned_order_extension,20260912,0.6885338319027723,0.6885338319027723,1,0
fixed_transform_step50,2601,2021-10-15,2021-10-25,0.0037358989621147,2021,2021-09-30,learned_order_extension,20260912,0.5055800192918032,0.5055800192918032,1,1
fixed_transform_step50,2606,2021-10-22,2021-11-01,-0.0127041632091318,2021,2021-09-30,learned_order_extension,20260912,0.6092473165153615,0.6092473165153615,1,0
fixed_transform_step50,2611,2021-10-29,2021-11-08,-0.0075807737801166,2021,2021-09-30,learned_order_extension,20260912,0.4616161776194944,0.4616161776194944,0,0
fixed_transform_step50,2616,2021-11-05,2021-11-15,0.0110015182343039,2021,2021-09-30,learned_order_extension,20260912,0.492579576425289,0.492579576425289,0,1
fixed_transform_step50,2621,2021-11-12,2021-11-22,0.0002002284238551,2021,2021-09-30,learned_order_extension,20260912,0.6033947038278676,0.6033947038278676,1,1
fixed_transform_step50,2626,2021-11-19,2021-11-29,-0.0153981603100059,2021,2021-09-30,learned_order_extension,20260912,0.6956959698408295,0.6956959698408295,1,0
fixed_transform_step50,2631,2021-11-26,2021-12-06,0.0185518287306458,2021,2021-09-30,learned_order_extension,20260912,0.4457895053475975,0.4457895053475975,0,1
fixed_transform_step50,2636,2021-12-03,2021-12-13,0.0367843110096284,2021,2021-09-30,learned_order_extension,20260912,0.44523836480690004,0.44523836480690004,0,1
fixed_transform_step50,2641,2021-12-10,2021-12-20,-0.0304615698955996,2021,2021-09-30,learned_order_extension,20260912,0.5764442791761804,0.5764442791761804,1,0
fixed_transform_step50,2646,2021-12-17,2021-12-27,-0.0034083287233763,2021,2021-09-30,learned_order_extension,20260912,0.6075188110929852,0.6075188110929852,1,0
fixed_transform_step50,2651,2021-12-24,2022-01-04,0.0080985736506613,2021,2021-09-30,learned_order_extension,20260912,0.46399092669411085,0.46399092669411085,0,1
fixed_transform_step50,2656,2021-12-31,2022-01-10,-0.0293970528320001,2021,2021-09-30,learned_order_extension,20260912,0.5986257539095426,0.5986257539095426,1,0
fixed_transform_step50,2596,2021-10-08,2021-10-18,-0.0038006269617851,2021,2021-09-30,learned_order_offset,20260912,0.6880390965892752,0.6880390965892752,1,0
fixed_transform_step50,2601,2021-10-15,2021-10-25,0.0037358989621147,2021,2021-09-30,learned_order_offset,20260912,0.5050267920583416,0.5050267920583416,1,1
fixed_transform_step50,2606,2021-10-22,2021-11-01,-0.0127041632091318,2021,2021-09-30,learned_order_offset,20260912,0.6090272143424791,0.6090272143424791,1,0
fixed_transform_step50,2611,2021-10-29,2021-11-08,-0.0075807737801166,2021,2021-09-30,learned_order_offset,20260912,0.46113227618696273,0.46113227618696273,0,0
fixed_transform_step50,2616,2021-11-05,2021-11-15,0.0110015182343039,2021,2021-09-30,learned_order_offset,20260912,0.4928411827822577,0.4928411827822577,0,1
fixed_transform_step50,2621,2021-11-12,2021-11-22,0.0002002284238551,2021,2021-09-30,learned_order_offset,20260912,0.6037458456774729,0.6037458456774729,1,1
fixed_transform_step50,2626,2021-11-19,2021-11-29,-0.0153981603100059,2021,2021-09-30,learned_order_offset,20260912,0.69580179094693,0.69580179094693,1,0
fixed_transform_step50,2631,2021-11-26,2021-12-06,0.0185518287306458,2021,2021-09-30,learned_order_offset,20260912,0.44554958465536665,0.44554958465536665,0,1
fixed_transform_step50,2636,2021-12-03,2021-12-13,0.0367843110096284,2021,2021-09-30,learned_order_offset,20260912,0.4458664282386394,0.4458664282386394,0,1
fixed_transform_step50,2641,2021-12-10,2021-12-20,-0.0304615698955996,2021,2021-09-30,learned_order_offset,20260912,0.5765061290971798,0.5765061290971798,1,0
fixed_transform_step50,2646,2021-12-17,2021-12-27,-0.0034083287233763,2021,2021-09-30,learned_order_offset,20260912,0.6080214434055764,0.6080214434055764,1,0
fixed_transform_step50,2651,2021-12-24,2022-01-04,0.0080985736506613,2021,2021-09-30,learned_order_offset,20260912,0.4644988279846346,0.4644988279846346,0,1
fixed_transform_step50,2656,2021-12-31,2022-01-10,-0.0293970528320001,2021,2021-09-30,learned_order_offset,20260912,0.5990603228685569,0.5990603228685569,1,0
fixed_transform_step50,2660,2022-01-07,2022-01-17,-0.0173453887283024,2022,2021-12-31,learned_market,20260910,0.5688001187262542,0.5688001187262542,1,0
fixed_transform_step50,2665,2022-01-14,2022-01-24,0.0053248631776616,2022,2021-12-31,learned_market,20260910,0.6536697221556952,0.6536697221556952,1,1
fixed_transform_step50,2670,2022-01-21,2022-02-07,-0.0242661876254222,2022,2021-12-31,learned_market,20260910,0.667180452286777,0.667180452286777,1,0
fixed_transform_step50,2675,2022-01-28,2022-02-14,-0.0127539031341488,2022,2021-12-31,learned_market,20260910,0.6821990081341186,0.6821990081341186,1,0
fixed_transform_step50,2680,2022-02-11,2022-02-21,0.0145498774954033,2022,2021-12-31,learned_market,20260910,0.6685932622029157,0.6685932622029157,1,1
fixed_transform_step50,2685,2022-02-18,2022-02-28,-0.0177161244498015,2022,2021-12-31,learned_market,20260910,0.721020181747073,0.721020181747073,1,0
fixed_transform_step50,2690,2022-02-25,2022-03-07,-0.0221791776043331,2022,2021-12-31,learned_market,20260910,0.6720256213340763,0.6720256213340763,1,0
fixed_transform_step50,2695,2022-03-04,2022-03-14,-0.0480378799422749,2022,2021-12-31,learned_market,20260910,0.6491632424244927,0.6491632424244927,1,0
fixed_transform_step50,2700,2022-03-11,2022-03-21,0.007530336734814,2022,2021-12-31,learned_market,20260910,0.7072260560701839,0.7072260560701839,1,1
fixed_transform_step50,2705,2022-03-18,2022-03-28,-0.0353493110038457,2022,2021-12-31,learned_market,20260910,0.680562718896786,0.680562718896786,1,0
fixed_transform_step50,2710,2022-03-25,2022-04-06,0.0314834190717003,2022,2021-12-31,learned_market,20260910,0.7149297850291989,0.7149297850291989,1,1
fixed_transform_step50,2660,2022-01-07,2022-01-17,-0.0173453887283024,2022,2021-12-31,learned_vol_interaction,20260910,0.5831076461801695,0.5831076461801695,1,0
fixed_transform_step50,2665,2022-01-14,2022-01-24,0.0053248631776616,2022,2021-12-31,learned_vol_interaction,20260910,0.6744765119030697,0.6744765119030697,1,1
fixed_transform_step50,2670,2022-01-21,2022-02-07,-0.0242661876254222,2022,2021-12-31,learned_vol_interaction,20260910,0.6652743592454685,0.6652743592454685,1,0
fixed_transform_step50,2675,2022-01-28,2022-02-14,-0.0127539031341488,2022,2021-12-31,learned_vol_interaction,20260910,0.6916788990216658,0.6916788990216658,1,0
fixed_transform_step50,2680,2022-02-11,2022-02-21,0.0145498774954033,2022,2021-12-31,learned_vol_interaction,20260910,0.6656475068815167,0.6656475068815167,1,1
fixed_transform_step50,2685,2022-02-18,2022-02-28,-0.0177161244498015,2022,2021-12-31,learned_vol_interaction,20260910,0.7192657526415306,0.7192657526415306,1,0
fixed_transform_step50,2690,2022-02-25,2022-03-07,-0.0221791776043331,2022,2021-12-31,learned_vol_interaction,20260910,0.665128795190077,0.665128795190077,1,0
fixed_transform_step50,2695,2022-03-04,2022-03-14,-0.0480378799422749,2022,2021-12-31,learned_vol_interaction,20260910,0.6570221213989423,0.6570221213989423,1,0
fixed_transform_step50,2700,2022-03-11,2022-03-21,0.007530336734814,2022,2021-12-31,learned_vol_interaction,20260910,0.7032750021899432,0.7032750021899432,1,1
fixed_transform_step50,2705,2022-03-18,2022-03-28,-0.0353493110038457,2022,2021-12-31,learned_vol_interaction,20260910,0.6524086529307518,0.6524086529307518,1,0
fixed_transform_step50,2710,2022-03-25,2022-04-06,0.0314834190717003,2022,2021-12-31,learned_vol_interaction,20260910,0.6942468524177501,0.6942468524177501,1,1
fixed_transform_step50,2660,2022-01-07,2022-01-17,-0.0173453887283024,2022,2021-12-31,learned_order_extension,20260910,0.566864392886939,0.566864392886939,1,0
fixed_transform_step50,2665,2022-01-14,2022-01-24,0.0053248631776616,2022,2021-12-31,learned_order_extension,20260910,0.6690763940918765,0.6690763940918765,1,1
fixed_transform_step50,2670,2022-01-21,2022-02-07,-0.0242661876254222,2022,2021-12-31,learned_order_extension,20260910,0.6566842946116621,0.6566842946116621,1,0
fixed_transform_step50,2675,2022-01-28,2022-02-14,-0.0127539031341488,2022,2021-12-31,learned_order_extension,20260910,0.668769824144909,0.668769824144909,1,0
fixed_transform_step50,2680,2022-02-11,2022-02-21,0.0145498774954033,2022,2021-12-31,learned_order_extension,20260910,0.6554002636047295,0.6554002636047295,1,1
fixed_transform_step50,2685,2022-02-18,2022-02-28,-0.0177161244498015,2022,2021-12-31,learned_order_extension,20260910,0.7136098531605942,0.7136098531605942,1,0
fixed_transform_step50,2690,2022-02-25,2022-03-07,-0.0221791776043331,2022,2021-12-31,learned_order_extension,20260910,0.6487731912125562,0.6487731912125562,1,0
fixed_transform_step50,2695,2022-03-04,2022-03-14,-0.0480378799422749,2022,2021-12-31,learned_order_extension,20260910,0.6318792296674466,0.6318792296674466,1,0
fixed_transform_step50,2700,2022-03-11,2022-03-21,0.007530336734814,2022,2021-12-31,learned_order_extension,20260910,0.6914869969738268,0.6914869969738268,1,1
fixed_transform_step50,2705,2022-03-18,2022-03-28,-0.0353493110038457,2022,2021-12-31,learned_order_extension,20260910,0.6587542387705517,0.6587542387705517,1,0
fixed_transform_step50,2710,2022-03-25,2022-04-06,0.0314834190717003,2022,2021-12-31,learned_order_extension,20260910,0.6972076913228429,0.6972076913228429,1,1
fixed_transform_step50,2660,2022-01-07,2022-01-17,-0.0173453887283024,2022,2021-12-31,learned_order_offset,20260910,0.5666647543526758,0.5666647543526758,1,0
fixed_transform_step50,2665,2022-01-14,2022-01-24,0.0053248631776616,2022,2021-12-31,learned_order_offset,20260910,0.6685371525240916,0.6685371525240916,1,1
fixed_transform_step50,2670,2022-01-21,2022-02-07,-0.0242661876254222,2022,2021-12-31,learned_order_offset,20260910,0.6567323025522784,0.6567323025522784,1,0
fixed_transform_step50,2675,2022-01-28,2022-02-14,-0.0127539031341488,2022,2021-12-31,learned_order_offset,20260910,0.6683313210695451,0.6683313210695451,1,0
fixed_transform_step50,2680,2022-02-11,2022-02-21,0.0145498774954033,2022,2021-12-31,learned_order_offset,20260910,0.6551608348224088,0.6551608348224088,1,1
fixed_transform_step50,2685,2022-02-18,2022-02-28,-0.0177161244498015,2022,2021-12-31,learned_order_offset,20260910,0.713244067556852,0.713244067556852,1,0
fixed_transform_step50,2690,2022-02-25,2022-03-07,-0.0221791776043331,2022,2021-12-31,learned_order_offset,20260910,0.6484724441889236,0.6484724441889236,1,0
fixed_transform_step50,2695,2022-03-04,2022-03-14,-0.0480378799422749,2022,2021-12-31,learned_order_offset,20260910,0.6314504954417829,0.6314504954417829,1,0
fixed_transform_step50,2700,2022-03-11,2022-03-21,0.007530336734814,2022,2021-12-31,learned_order_offset,20260910,0.691194443082509,0.691194443082509,1,1
fixed_transform_step50,2705,2022-03-18,2022-03-28,-0.0353493110038457,2022,2021-12-31,learned_order_offset,20260910,0.6583803934930407,0.6583803934930407,1,0
fixed_transform_step50,2710,2022-03-25,2022-04-06,0.0314834190717003,2022,2021-12-31,learned_order_offset,20260910,0.696855601595334,0.696855601595334,1,1
fixed_transform_step50,2660,2022-01-07,2022-01-17,-0.0173453887283024,2022,2021-12-31,learned_market,20260911,0.7294539059117436,0.7294539059117436,1,0
fixed_transform_step50,2665,2022-01-14,2022-01-24,0.0053248631776616,2022,2021-12-31,learned_market,20260911,0.8407883156513567,0.8407883156513567,1,1
fixed_transform_step50,2670,2022-01-21,2022-02-07,-0.0242661876254222,2022,2021-12-31,learned_market,20260911,0.6706767764059957,0.6706767764059957,1,0
fixed_transform_step50,2675,2022-01-28,2022-02-14,-0.0127539031341488,2022,2021-12-31,learned_market,20260911,0.49396242770649035,0.49396242770649035,0,0
fixed_transform_step50,2680,2022-02-11,2022-02-21,0.0145498774954033,2022,2021-12-31,learned_market,20260911,0.6718433913580089,0.6718433913580089,1,1
fixed_transform_step50,2685,2022-02-18,2022-02-28,-0.0177161244498015,2022,2021-12-31,learned_market,20260911,0.5840107527473801,0.5840107527473801,1,0
fixed_transform_step50,2690,2022-02-25,2022-03-07,-0.0221791776043331,2022,2021-12-31,learned_market,20260911,0.59915482742086,0.59915482742086,1,0
fixed_transform_step50,2695,2022-03-04,2022-03-14,-0.0480378799422749,2022,2021-12-31,learned_market,20260911,0.64751535974218,0.64751535974218,1,0
fixed_transform_step50,2700,2022-03-11,2022-03-21,0.007530336734814,2022,2021-12-31,learned_market,20260911,0.6601858855959774,0.6601858855959774,1,1
fixed_transform_step50,2705,2022-03-18,2022-03-28,-0.0353493110038457,2022,2021-12-31,learned_market,20260911,0.5676194322684474,0.5676194322684474,1,0
fixed_transform_step50,2710,2022-03-25,2022-04-06,0.0314834190717003,2022,2021-12-31,learned_market,20260911,0.7331434681165004,0.7331434681165004,1,1
fixed_transform_step50,2660,2022-01-07,2022-01-17,-0.0173453887283024,2022,2021-12-31,learned_vol_interaction,20260911,0.7282516722944598,0.7282516722944598,1,0
fixed_transform_step50,2665,2022-01-14,2022-01-24,0.0053248631776616,2022,2021-12-31,learned_vol_interaction,20260911,0.8368717958263094,0.8368717958263094,1,1
fixed_transform_step50,2670,2022-01-21,2022-02-07,-0.0242661876254222,2022,2021-12-31,learned_vol_interaction,20260911,0.669613908132946,0.669613908132946,1,0
fixed_transform_step50,2675,2022-01-28,2022-02-14,-0.0127539031341488,2022,2021-12-31,learned_vol_interaction,20260911,0.49771804856397844,0.49771804856397844,0,0
fixed_transform_step50,2680,2022-02-11,2022-02-21,0.0145498774954033,2022,2021-12-31,learned_vol_interaction,20260911,0.6694625883349451,0.6694625883349451,1,1
fixed_transform_step50,2685,2022-02-18,2022-02-28,-0.0177161244498015,2022,2021-12-31,learned_vol_interaction,20260911,0.5867879452577756,0.5867879452577756,1,0
fixed_transform_step50,2690,2022-02-25,2022-03-07,-0.0221791776043331,2022,2021-12-31,learned_vol_interaction,20260911,0.6015705830845076,0.6015705830845076,1,0
fixed_transform_step50,2695,2022-03-04,2022-03-14,-0.0480378799422749,2022,2021-12-31,learned_vol_interaction,20260911,0.6516108393132726,0.6516108393132726,1,0
fixed_transform_step50,2700,2022-03-11,2022-03-21,0.007530336734814,2022,2021-12-31,learned_vol_interaction,20260911,0.6653311044961694,0.6653311044961694,1,1
fixed_transform_step50,2705,2022-03-18,2022-03-28,-0.0353493110038457,2022,2021-12-31,learned_vol_interaction,20260911,0.567250973729041,0.567250973729041,1,0
fixed_transform_step50,2710,2022-03-25,2022-04-06,0.0314834190717003,2022,2021-12-31,learned_vol_interaction,20260911,0.7397988804119464,0.7397988804119464,1,1
fixed_transform_step50,2660,2022-01-07,2022-01-17,-0.0173453887283024,2022,2021-12-31,learned_order_extension,20260911,0.7315565762281606,0.7315565762281606,1,0
fixed_transform_step50,2665,2022-01-14,2022-01-24,0.0053248631776616,2022,2021-12-31,learned_order_extension,20260911,0.8308708352808971,0.8308708352808971,1,1
fixed_transform_step50,2670,2022-01-21,2022-02-07,-0.0242661876254222,2022,2021-12-31,learned_order_extension,20260911,0.6953405747399578,0.6953405747399578,1,0
fixed_transform_step50,2675,2022-01-28,2022-02-14,-0.0127539031341488,2022,2021-12-31,learned_order_extension,20260911,0.47011278529334005,0.47011278529334005,0,0
fixed_transform_step50,2680,2022-02-11,2022-02-21,0.0145498774954033,2022,2021-12-31,learned_order_extension,20260911,0.6818533435255958,0.6818533435255958,1,1
fixed_transform_step50,2685,2022-02-18,2022-02-28,-0.0177161244498015,2022,2021-12-31,learned_order_extension,20260911,0.5955146443753425,0.5955146443753425,1,0
fixed_transform_step50,2690,2022-02-25,2022-03-07,-0.0221791776043331,2022,2021-12-31,learned_order_extension,20260911,0.609831009331646,0.609831009331646,1,0
fixed_transform_step50,2695,2022-03-04,2022-03-14,-0.0480378799422749,2022,2021-12-31,learned_order_extension,20260911,0.6608881864634962,0.6608881864634962,1,0
fixed_transform_step50,2700,2022-03-11,2022-03-21,0.007530336734814,2022,2021-12-31,learned_order_extension,20260911,0.667203580437131,0.667203580437131,1,1
fixed_transform_step50,2705,2022-03-18,2022-03-28,-0.0353493110038457,2022,2021-12-31,learned_order_extension,20260911,0.5665388063290007,0.5665388063290007,1,0
fixed_transform_step50,2710,2022-03-25,2022-04-06,0.0314834190717003,2022,2021-12-31,learned_order_extension,20260911,0.7315317518580224,0.7315317518580224,1,1
fixed_transform_step50,2660,2022-01-07,2022-01-17,-0.0173453887283024,2022,2021-12-31,learned_order_offset,20260911,0.7303915631000331,0.7303915631000331,1,0
fixed_transform_step50,2665,2022-01-14,2022-01-24,0.0053248631776616,2022,2021-12-31,learned_order_offset,20260911,0.8287429062191539,0.8287429062191539,1,1
fixed_transform_step50,2670,2022-01-21,2022-02-07,-0.0242661876254222,2022,2021-12-31,learned_order_offset,20260911,0.6946014374965778,0.6946014374965778,1,0
fixed_transform_step50,2675,2022-01-28,2022-02-14,-0.0127539031341488,2022,2021-12-31,learned_order_offset,20260911,0.47036190476294487,0.47036190476294487,0,0
fixed_transform_step50,2680,2022-02-11,2022-02-21,0.0145498774954033,2022,2021-12-31,learned_order_offset,20260911,0.6802368405234962,0.6802368405234962,1,1
fixed_transform_step50,2685,2022-02-18,2022-02-28,-0.0177161244498015,2022,2021-12-31,learned_order_offset,20260911,0.596796587857382,0.596796587857382,1,0
fixed_transform_step50,2690,2022-02-25,2022-03-07,-0.0221791776043331,2022,2021-12-31,learned_order_offset,20260911,0.6102898323949857,0.6102898323949857,1,0
fixed_transform_step50,2695,2022-03-04,2022-03-14,-0.0480378799422749,2022,2021-12-31,learned_order_offset,20260911,0.6602950267381666,0.6602950267381666,1,0
fixed_transform_step50,2700,2022-03-11,2022-03-21,0.007530336734814,2022,2021-12-31,learned_order_offset,20260911,0.6664417620027226,0.6664417620027226,1,1
fixed_transform_step50,2705,2022-03-18,2022-03-28,-0.0353493110038457,2022,2021-12-31,learned_order_offset,20260911,0.5665934515797131,0.5665934515797131,1,0
fixed_transform_step50,2710,2022-03-25,2022-04-06,0.0314834190717003,2022,2021-12-31,learned_order_offset,20260911,0.7312694881776368,0.7312694881776368,1,1
fixed_transform_step50,2660,2022-01-07,2022-01-17,-0.0173453887283024,2022,2021-12-31,learned_market,20260912,0.7009067848418016,0.7009067848418016,1,0
fixed_transform_step50,2665,2022-01-14,2022-01-24,0.0053248631776616,2022,2021-12-31,learned_market,20260912,0.5203651032719439,0.5203651032719439,1,1
fixed_transform_step50,2670,2022-01-21,2022-02-07,-0.0242661876254222,2022,2021-12-31,learned_market,20260912,0.7176249995689795,0.7176249995689795,1,0
fixed_transform_step50,2675,2022-01-28,2022-02-14,-0.0127539031341488,2022,2021-12-31,learned_market,20260912,0.5468589290358572,0.5468589290358572,1,0
fixed_transform_step50,2680,2022-02-11,2022-02-21,0.0145498774954033,2022,2021-12-31,learned_market,20260912,0.6301827176961465,0.6301827176961465,1,1
fixed_transform_step50,2685,2022-02-18,2022-02-28,-0.0177161244498015,2022,2021-12-31,learned_market,20260912,0.7133251277073638,0.7133251277073638,1,0
fixed_transform_step50,2690,2022-02-25,2022-03-07,-0.0221791776043331,2022,2021-12-31,learned_market,20260912,0.7021196640037924,0.7021196640037924,1,0
fixed_transform_step50,2695,2022-03-04,2022-03-14,-0.0480378799422749,2022,2021-12-31,learned_market,20260912,0.719986373445646,0.719986373445646,1,0
fixed_transform_step50,2700,2022-03-11,2022-03-21,0.007530336734814,2022,2021-12-31,learned_market,20260912,0.6467498960464059,0.6467498960464059,1,1
fixed_transform_step50,2705,2022-03-18,2022-03-28,-0.0353493110038457,2022,2021-12-31,learned_market,20260912,0.6307138428823564,0.6307138428823564,1,0
fixed_transform_step50,2710,2022-03-25,2022-04-06,0.0314834190717003,2022,2021-12-31,learned_market,20260912,0.5581715372656506,0.5581715372656506,1,1
fixed_transform_step50,2660,2022-01-07,2022-01-17,-0.0173453887283024,2022,2021-12-31,learned_vol_interaction,20260912,0.7072606777672634,0.7072606777672634,1,0
fixed_transform_step50,2665,2022-01-14,2022-01-24,0.0053248631776616,2022,2021-12-31,learned_vol_interaction,20260912,0.5232340507750105,0.5232340507750105,1,1
fixed_transform_step50,2670,2022-01-21,2022-02-07,-0.0242661876254222,2022,2021-12-31,learned_vol_interaction,20260912,0.723517227135196,0.723517227135196,1,0
fixed_transform_step50,2675,2022-01-28,2022-02-14,-0.0127539031341488,2022,2021-12-31,learned_vol_interaction,20260912,0.5573504263949657,0.5573504263949657,1,0
fixed_transform_step50,2680,2022-02-11,2022-02-21,0.0145498774954033,2022,2021-12-31,learned_vol_interaction,20260912,0.6206875889696911,0.6206875889696911,1,1
fixed_transform_step50,2685,2022-02-18,2022-02-28,-0.0177161244498015,2022,2021-12-31,learned_vol_interaction,20260912,0.7137718136904925,0.7137718136904925,1,0
fixed_transform_step50,2690,2022-02-25,2022-03-07,-0.0221791776043331,2022,2021-12-31,learned_vol_interaction,20260912,0.6900080859244496,0.6900080859244496,1,0
fixed_transform_step50,2695,2022-03-04,2022-03-14,-0.0480378799422749,2022,2021-12-31,learned_vol_interaction,20260912,0.7251850433232085,0.7251850433232085,1,0
fixed_transform_step50,2700,2022-03-11,2022-03-21,0.007530336734814,2022,2021-12-31,learned_vol_interaction,20260912,0.6323197465308961,0.6323197465308961,1,1
fixed_transform_step50,2705,2022-03-18,2022-03-28,-0.0353493110038457,2022,2021-12-31,learned_vol_interaction,20260912,0.5933343778810724,0.5933343778810724,1,0
fixed_transform_step50,2710,2022-03-25,2022-04-06,0.0314834190717003,2022,2021-12-31,learned_vol_interaction,20260912,0.5562710543563346,0.5562710543563346,1,1
fixed_transform_step50,2660,2022-01-07,2022-01-17,-0.0173453887283024,2022,2021-12-31,learned_order_extension,20260912,0.7021249449389755,0.7021249449389755,1,0
fixed_transform_step50,2665,2022-01-14,2022-01-24,0.0053248631776616,2022,2021-12-31,learned_order_extension,20260912,0.519422850065438,0.519422850065438,1,1
fixed_transform_step50,2670,2022-01-21,2022-02-07,-0.0242661876254222,2022,2021-12-31,learned_order_extension,20260912,0.7149761694840576,0.7149761694840576,1,0
fixed_transform_step50,2675,2022-01-28,2022-02-14,-0.0127539031341488,2022,2021-12-31,learned_order_extension,20260912,0.5563462821352916,0.5563462821352916,1,0
fixed_transform_step50,2680,2022-02-11,2022-02-21,0.0145498774954033,2022,2021-12-31,learned_order_extension,20260912,0.6112227291481532,0.6112227291481532,1,1
fixed_transform_step50,2685,2022-02-18,2022-02-28,-0.0177161244498015,2022,2021-12-31,learned_order_extension,20260912,0.7082710857336353,0.7082710857336353,1,0
fixed_transform_step50,2690,2022-02-25,2022-03-07,-0.0221791776043331,2022,2021-12-31,learned_order_extension,20260912,0.672646545498505,0.672646545498505,1,0
fixed_transform_step50,2695,2022-03-04,2022-03-14,-0.0480378799422749,2022,2021-12-31,learned_order_extension,20260912,0.7063888110552541,0.7063888110552541,1,0
fixed_transform_step50,2700,2022-03-11,2022-03-21,0.007530336734814,2022,2021-12-31,learned_order_extension,20260912,0.6284040084971629,0.6284040084971629,1,1
fixed_transform_step50,2705,2022-03-18,2022-03-28,-0.0353493110038457,2022,2021-12-31,learned_order_extension,20260912,0.5929220651203073,0.5929220651203073,1,0
fixed_transform_step50,2710,2022-03-25,2022-04-06,0.0314834190717003,2022,2021-12-31,learned_order_extension,20260912,0.560900893741765,0.560900893741765,1,1
fixed_transform_step50,2660,2022-01-07,2022-01-17,-0.0173453887283024,2022,2021-12-31,learned_order_offset,20260912,0.7021002597589074,0.7021002597589074,1,0
fixed_transform_step50,2665,2022-01-14,2022-01-24,0.0053248631776616,2022,2021-12-31,learned_order_offset,20260912,0.5194500670143739,0.5194500670143739,1,1
fixed_transform_step50,2670,2022-01-21,2022-02-07,-0.0242661876254222,2022,2021-12-31,learned_order_offset,20260912,0.7150659531425939,0.7150659531425939,1,0
fixed_transform_step50,2675,2022-01-28,2022-02-14,-0.0127539031341488,2022,2021-12-31,learned_order_offset,20260912,0.5563566039667686,0.5563566039667686,1,0
fixed_transform_step50,2680,2022-02-11,2022-02-21,0.0145498774954033,2022,2021-12-31,learned_order_offset,20260912,0.6110482909835675,0.6110482909835675,1,1
fixed_transform_step50,2685,2022-02-18,2022-02-28,-0.0177161244498015,2022,2021-12-31,learned_order_offset,20260912,0.7082662053268953,0.7082662053268953,1,0
fixed_transform_step50,2690,2022-02-25,2022-03-07,-0.0221791776043331,2022,2021-12-31,learned_order_offset,20260912,0.6726443299723985,0.6726443299723985,1,0
fixed_transform_step50,2695,2022-03-04,2022-03-14,-0.0480378799422749,2022,2021-12-31,learned_order_offset,20260912,0.7063540116439039,0.7063540116439039,1,0
fixed_transform_step50,2700,2022-03-11,2022-03-21,0.007530336734814,2022,2021-12-31,learned_order_offset,20260912,0.6284302090313957,0.6284302090313957,1,1
fixed_transform_step50,2705,2022-03-18,2022-03-28,-0.0353493110038457,2022,2021-12-31,learned_order_offset,20260912,0.5930408007656572,0.5930408007656572,1,0
fixed_transform_step50,2710,2022-03-25,2022-04-06,0.0314834190717003,2022,2021-12-31,learned_order_offset,20260912,0.5609837979969954,0.5609837979969954,1,1
fixed_transform_step50,2715,2022-04-01,2022-04-12,-0.0129237372705649,2022,2022-03-31,learned_market,20260910,0.6817919203665006,0.6817919203665006,1,0
fixed_transform_step50,2718,2022-04-08,2022-04-18,-0.0120986062576864,2022,2022-03-31,learned_market,20260910,0.6858852574100245,0.6858852574100245,1,0
fixed_transform_step50,2723,2022-04-15,2022-04-25,-0.0528494340140576,2022,2022-03-31,learned_market,20260910,0.656720695408614,0.656720695408614,1,0
fixed_transform_step50,2728,2022-04-22,2022-05-05,0.015736821365468,2022,2022-03-31,learned_market,20260910,0.6386226057837027,0.6386226057837027,1,1
fixed_transform_step50,2733,2022-04-29,2022-05-11,-0.0278824133054675,2022,2022-03-31,learned_market,20260910,0.6147380907520381,0.6147380907520381,1,0
fixed_transform_step50,2735,2022-05-06,2022-05-16,0.033741423035827,2022,2022-03-31,learned_market,20260910,0.6282215324664631,0.6282215324664631,1,1
fixed_transform_step50,2740,2022-05-13,2022-05-23,0.0164308841843088,2022,2022-03-31,learned_market,20260910,0.6136829332512601,0.6136829332512601,1,1
fixed_transform_step50,2745,2022-05-20,2022-05-30,-0.0147293413085614,2022,2022-03-31,learned_market,20260910,0.5588200188893415,0.5588200188893415,1,0
fixed_transform_step50,2750,2022-05-27,2022-06-13,0.0431748431927498,2022,2022-03-31,learned_market,20260910,0.49891615659138466,0.49891615659138466,0,1
fixed_transform_step50,2759,2022-06-10,2022-06-20,0.0306046547112142,2022,2022-03-31,learned_market,20260910,0.5254194878594467,0.5254194878594467,1,1
fixed_transform_step50,2764,2022-06-17,2022-06-27,0.0211666894141107,2022,2022-03-31,learned_market,20260910,0.47302727468358347,0.47302727468358347,0,1
fixed_transform_step50,2769,2022-06-24,2022-07-04,0.0074507343130214,2022,2022-03-31,learned_market,20260910,0.46894375295342683,0.46894375295342683,0,1
fixed_transform_step50,2715,2022-04-01,2022-04-12,-0.0129237372705649,2022,2022-03-31,learned_vol_interaction,20260910,0.6662994846799681,0.6662994846799681,1,0
fixed_transform_step50,2718,2022-04-08,2022-04-18,-0.0120986062576864,2022,2022-03-31,learned_vol_interaction,20260910,0.6749715809315935,0.6749715809315935,1,0
fixed_transform_step50,2723,2022-04-15,2022-04-25,-0.0528494340140576,2022,2022-03-31,learned_vol_interaction,20260910,0.6545911990118181,0.6545911990118181,1,0
fixed_transform_step50,2728,2022-04-22,2022-05-05,0.015736821365468,2022,2022-03-31,learned_vol_interaction,20260910,0.637815262657176,0.637815262657176,1,1
fixed_transform_step50,2733,2022-04-29,2022-05-11,-0.0278824133054675,2022,2022-03-31,learned_vol_interaction,20260910,0.6068555855083104,0.6068555855083104,1,0
fixed_transform_step50,2735,2022-05-06,2022-05-16,0.033741423035827,2022,2022-03-31,learned_vol_interaction,20260910,0.6199960768599917,0.6199960768599917,1,1
fixed_transform_step50,2740,2022-05-13,2022-05-23,0.0164308841843088,2022,2022-03-31,learned_vol_interaction,20260910,0.6093375889917041,0.6093375889917041,1,1
fixed_transform_step50,2745,2022-05-20,2022-05-30,-0.0147293413085614,2022,2022-03-31,learned_vol_interaction,20260910,0.5542759506809379,0.5542759506809379,1,0
fixed_transform_step50,2750,2022-05-27,2022-06-13,0.0431748431927498,2022,2022-03-31,learned_vol_interaction,20260910,0.5011246415046443,0.5011246415046443,1,1
fixed_transform_step50,2759,2022-06-10,2022-06-20,0.0306046547112142,2022,2022-03-31,learned_vol_interaction,20260910,0.5260387377639222,0.5260387377639222,1,1
fixed_transform_step50,2764,2022-06-17,2022-06-27,0.0211666894141107,2022,2022-03-31,learned_vol_interaction,20260910,0.4738769144124163,0.4738769144124163,0,1
fixed_transform_step50,2769,2022-06-24,2022-07-04,0.0074507343130214,2022,2022-03-31,learned_vol_interaction,20260910,0.46647136990560806,0.46647136990560806,0,1
fixed_transform_step50,2715,2022-04-01,2022-04-12,-0.0129237372705649,2022,2022-03-31,learned_order_extension,20260910,0.6719384183456613,0.6719384183456613,1,0
fixed_transform_step50,2718,2022-04-08,2022-04-18,-0.0120986062576864,2022,2022-03-31,learned_order_extension,20260910,0.668232488205719,0.668232488205719,1,0
fixed_transform_step50,2723,2022-04-15,2022-04-25,-0.0528494340140576,2022,2022-03-31,learned_order_extension,20260910,0.6362538962275756,0.6362538962275756,1,0
fixed_transform_step50,2728,2022-04-22,2022-05-05,0.015736821365468,2022,2022-03-31,learned_order_extension,20260910,0.6240203843888503,0.6240203843888503,1,1
fixed_transform_step50,2733,2022-04-29,2022-05-11,-0.0278824133054675,2022,2022-03-31,learned_order_extension,20260910,0.6240750856911522,0.6240750856911522,1,0
fixed_transform_step50,2735,2022-05-06,2022-05-16,0.033741423035827,2022,2022-03-31,learned_order_extension,20260910,0.6477955204732035,0.6477955204732035,1,1
fixed_transform_step50,2740,2022-05-13,2022-05-23,0.0164308841843088,2022,2022-03-31,learned_order_extension,20260910,0.6347136383842344,0.6347136383842344,1,1
fixed_transform_step50,2745,2022-05-20,2022-05-30,-0.0147293413085614,2022,2022-03-31,learned_order_extension,20260910,0.5675782593310955,0.5675782593310955,1,0
fixed_transform_step50,2750,2022-05-27,2022-06-13,0.0431748431927498,2022,2022-03-31,learned_order_extension,20260910,0.483868945604709,0.483868945604709,0,1
fixed_transform_step50,2759,2022-06-10,2022-06-20,0.0306046547112142,2022,2022-03-31,learned_order_extension,20260910,0.5150325304587926,0.5150325304587926,1,1
fixed_transform_step50,2764,2022-06-17,2022-06-27,0.0211666894141107,2022,2022-03-31,learned_order_extension,20260910,0.4796684998383931,0.4796684998383931,0,1
fixed_transform_step50,2769,2022-06-24,2022-07-04,0.0074507343130214,2022,2022-03-31,learned_order_extension,20260910,0.4799314573266463,0.4799314573266463,0,1
fixed_transform_step50,2715,2022-04-01,2022-04-12,-0.0129237372705649,2022,2022-03-31,learned_order_offset,20260910,0.6666556264046581,0.6666556264046581,1,0
fixed_transform_step50,2718,2022-04-08,2022-04-18,-0.0120986062576864,2022,2022-03-31,learned_order_offset,20260910,0.6638348341521458,0.6638348341521458,1,0
fixed_transform_step50,2723,2022-04-15,2022-04-25,-0.0528494340140576,2022,2022-03-31,learned_order_offset,20260910,0.6319425106837109,0.6319425106837109,1,0
fixed_transform_step50,2728,2022-04-22,2022-05-05,0.015736821365468,2022,2022-03-31,learned_order_offset,20260910,0.6217961767900888,0.6217961767900888,1,1
fixed_transform_step50,2733,2022-04-29,2022-05-11,-0.0278824133054675,2022,2022-03-31,learned_order_offset,20260910,0.6207293111541162,0.6207293111541162,1,0
fixed_transform_step50,2735,2022-05-06,2022-05-16,0.033741423035827,2022,2022-03-31,learned_order_offset,20260910,0.6442900448834991,0.6442900448834991,1,1
fixed_transform_step50,2740,2022-05-13,2022-05-23,0.0164308841843088,2022,2022-03-31,learned_order_offset,20260910,0.6317346457232198,0.6317346457232198,1,1
fixed_transform_step50,2745,2022-05-20,2022-05-30,-0.0147293413085614,2022,2022-03-31,learned_order_offset,20260910,0.5652770655415195,0.5652770655415195,1,0
fixed_transform_step50,2750,2022-05-27,2022-06-13,0.0431748431927498,2022,2022-03-31,learned_order_offset,20260910,0.48209040950636295,0.48209040950636295,0,1
fixed_transform_step50,2759,2022-06-10,2022-06-20,0.0306046547112142,2022,2022-03-31,learned_order_offset,20260910,0.5155614875136089,0.5155614875136089,1,1
fixed_transform_step50,2764,2022-06-17,2022-06-27,0.0211666894141107,2022,2022-03-31,learned_order_offset,20260910,0.4790509367644513,0.4790509367644513,0,1
fixed_transform_step50,2769,2022-06-24,2022-07-04,0.0074507343130214,2022,2022-03-31,learned_order_offset,20260910,0.479314042205353,0.479314042205353,0,1
fixed_transform_step50,2715,2022-04-01,2022-04-12,-0.0129237372705649,2022,2022-03-31,learned_market,20260911,0.6999666136262226,0.6999666136262226,1,0
fixed_transform_step50,2718,2022-04-08,2022-04-18,-0.0120986062576864,2022,2022-03-31,learned_market,20260911,0.591317622764621,0.591317622764621,1,0
fixed_transform_step50,2723,2022-04-15,2022-04-25,-0.0528494340140576,2022,2022-03-31,learned_market,20260911,0.7542585671948034,0.7542585671948034,1,0
fixed_transform_step50,2728,2022-04-22,2022-05-05,0.015736821365468,2022,2022-03-31,learned_market,20260911,0.7133895170022986,0.7133895170022986,1,1
fixed_transform_step50,2733,2022-04-29,2022-05-11,-0.0278824133054675,2022,2022-03-31,learned_market,20260911,0.5163028455889329,0.5163028455889329,1,0
fixed_transform_step50,2735,2022-05-06,2022-05-16,0.033741423035827,2022,2022-03-31,learned_market,20260911,0.4151034779093262,0.4151034779093262,0,1
fixed_transform_step50,2740,2022-05-13,2022-05-23,0.0164308841843088,2022,2022-03-31,learned_market,20260911,0.506707469448023,0.506707469448023,1,1
fixed_transform_step50,2745,2022-05-20,2022-05-30,-0.0147293413085614,2022,2022-03-31,learned_market,20260911,0.5567044833624832,0.5567044833624832,1,0
fixed_transform_step50,2750,2022-05-27,2022-06-13,0.0431748431927498,2022,2022-03-31,learned_market,20260911,0.5903508915583502,0.5903508915583502,1,1
fixed_transform_step50,2759,2022-06-10,2022-06-20,0.0306046547112142,2022,2022-03-31,learned_market,20260911,0.33169503035206893,0.33169503035206893,0,1
fixed_transform_step50,2764,2022-06-17,2022-06-27,0.0211666894141107,2022,2022-03-31,learned_market,20260911,0.352785150582317,0.352785150582317,0,1
fixed_transform_step50,2769,2022-06-24,2022-07-04,0.0074507343130214,2022,2022-03-31,learned_market,20260911,0.45582927609114443,0.45582927609114443,0,1
fixed_transform_step50,2715,2022-04-01,2022-04-12,-0.0129237372705649,2022,2022-03-31,learned_vol_interaction,20260911,0.7160432387526556,0.7160432387526556,1,0
fixed_transform_step50,2718,2022-04-08,2022-04-18,-0.0120986062576864,2022,2022-03-31,learned_vol_interaction,20260911,0.5851503213016093,0.5851503213016093,1,0
fixed_transform_step50,2723,2022-04-15,2022-04-25,-0.0528494340140576,2022,2022-03-31,learned_vol_interaction,20260911,0.7601942014718991,0.7601942014718991,1,0
fixed_transform_step50,2728,2022-04-22,2022-05-05,0.015736821365468,2022,2022-03-31,learned_vol_interaction,20260911,0.7220216626761607,0.7220216626761607,1,1
fixed_transform_step50,2733,2022-04-29,2022-05-11,-0.0278824133054675,2022,2022-03-31,learned_vol_interaction,20260911,0.5099605336900923,0.5099605336900923,1,0
fixed_transform_step50,2735,2022-05-06,2022-05-16,0.033741423035827,2022,2022-03-31,learned_vol_interaction,20260911,0.3908991129941305,0.3908991129941305,0,1
fixed_transform_step50,2740,2022-05-13,2022-05-23,0.0164308841843088,2022,2022-03-31,learned_vol_interaction,20260911,0.49010156508609054,0.49010156508609054,0,1
fixed_transform_step50,2745,2022-05-20,2022-05-30,-0.0147293413085614,2022,2022-03-31,learned_vol_interaction,20260911,0.5556706229348086,0.5556706229348086,1,0
fixed_transform_step50,2750,2022-05-27,2022-06-13,0.0431748431927498,2022,2022-03-31,learned_vol_interaction,20260911,0.5942393964628281,0.5942393964628281,1,1
fixed_transform_step50,2759,2022-06-10,2022-06-20,0.0306046547112142,2022,2022-03-31,learned_vol_interaction,20260911,0.3333646857807233,0.3333646857807233,0,1
fixed_transform_step50,2764,2022-06-17,2022-06-27,0.0211666894141107,2022,2022-03-31,learned_vol_interaction,20260911,0.3582208215834927,0.3582208215834927,0,1
fixed_transform_step50,2769,2022-06-24,2022-07-04,0.0074507343130214,2022,2022-03-31,learned_vol_interaction,20260911,0.4639355712940939,0.4639355712940939,0,1
fixed_transform_step50,2715,2022-04-01,2022-04-12,-0.0129237372705649,2022,2022-03-31,learned_order_extension,20260911,0.7051584705262895,0.7051584705262895,1,0
fixed_transform_step50,2718,2022-04-08,2022-04-18,-0.0120986062576864,2022,2022-03-31,learned_order_extension,20260911,0.5628767969417057,0.5628767969417057,1,0
fixed_transform_step50,2723,2022-04-15,2022-04-25,-0.0528494340140576,2022,2022-03-31,learned_order_extension,20260911,0.7662167979220215,0.7662167979220215,1,0
fixed_transform_step50,2728,2022-04-22,2022-05-05,0.015736821365468,2022,2022-03-31,learned_order_extension,20260911,0.7248204756706955,0.7248204756706955,1,1
fixed_transform_step50,2733,2022-04-29,2022-05-11,-0.0278824133054675,2022,2022-03-31,learned_order_extension,20260911,0.5102440044204777,0.5102440044204777,1,0
fixed_transform_step50,2735,2022-05-06,2022-05-16,0.033741423035827,2022,2022-03-31,learned_order_extension,20260911,0.3980464831057922,0.3980464831057922,0,1
fixed_transform_step50,2740,2022-05-13,2022-05-23,0.0164308841843088,2022,2022-03-31,learned_order_extension,20260911,0.4865091360577768,0.4865091360577768,0,1
fixed_transform_step50,2745,2022-05-20,2022-05-30,-0.0147293413085614,2022,2022-03-31,learned_order_extension,20260911,0.5481169220127304,0.5481169220127304,1,0
fixed_transform_step50,2750,2022-05-27,2022-06-13,0.0431748431927498,2022,2022-03-31,learned_order_extension,20260911,0.5948902787334779,0.5948902787334779,1,1
fixed_transform_step50,2759,2022-06-10,2022-06-20,0.0306046547112142,2022,2022-03-31,learned_order_extension,20260911,0.3242231810973691,0.3242231810973691,0,1
fixed_transform_step50,2764,2022-06-17,2022-06-27,0.0211666894141107,2022,2022-03-31,learned_order_extension,20260911,0.3362021394558185,0.3362021394558185,0,1
fixed_transform_step50,2769,2022-06-24,2022-07-04,0.0074507343130214,2022,2022-03-31,learned_order_extension,20260911,0.4558714826204248,0.4558714826204248,0,1
fixed_transform_step50,2715,2022-04-01,2022-04-12,-0.0129237372705649,2022,2022-03-31,learned_order_offset,20260911,0.7062183156244871,0.7062183156244871,1,0
fixed_transform_step50,2718,2022-04-08,2022-04-18,-0.0120986062576864,2022,2022-03-31,learned_order_offset,20260911,0.5617851644790846,0.5617851644790846,1,0
fixed_transform_step50,2723,2022-04-15,2022-04-25,-0.0528494340140576,2022,2022-03-31,learned_order_offset,20260911,0.7653522567348231,0.7653522567348231,1,0
fixed_transform_step50,2728,2022-04-22,2022-05-05,0.015736821365468,2022,2022-03-31,learned_order_offset,20260911,0.7247158601539557,0.7247158601539557,1,1
fixed_transform_step50,2733,2022-04-29,2022-05-11,-0.0278824133054675,2022,2022-03-31,learned_order_offset,20260911,0.5089722035169185,0.5089722035169185,1,0
fixed_transform_step50,2735,2022-05-06,2022-05-16,0.033741423035827,2022,2022-03-31,learned_order_offset,20260911,0.3950036990313812,0.3950036990313812,0,1
fixed_transform_step50,2740,2022-05-13,2022-05-23,0.0164308841843088,2022,2022-03-31,learned_order_offset,20260911,0.48390036632434724,0.48390036632434724,0,1
fixed_transform_step50,2745,2022-05-20,2022-05-30,-0.0147293413085614,2022,2022-03-31,learned_order_offset,20260911,0.5476158507368598,0.5476158507368598,1,0
fixed_transform_step50,2750,2022-05-27,2022-06-13,0.0431748431927498,2022,2022-03-31,learned_order_offset,20260911,0.5946171937401717,0.5946171937401717,1,1
fixed_transform_step50,2759,2022-06-10,2022-06-20,0.0306046547112142,2022,2022-03-31,learned_order_offset,20260911,0.3248965526446033,0.3248965526446033,0,1
fixed_transform_step50,2764,2022-06-17,2022-06-27,0.0211666894141107,2022,2022-03-31,learned_order_offset,20260911,0.3372905927095099,0.3372905927095099,0,1
fixed_transform_step50,2769,2022-06-24,2022-07-04,0.0074507343130214,2022,2022-03-31,learned_order_offset,20260911,0.4565650134572263,0.4565650134572263,0,1
fixed_transform_step50,2715,2022-04-01,2022-04-12,-0.0129237372705649,2022,2022-03-31,learned_market,20260912,0.5711814556890388,0.5711814556890388,1,0
fixed_transform_step50,2718,2022-04-08,2022-04-18,-0.0120986062576864,2022,2022-03-31,learned_market,20260912,0.5607645978994016,0.5607645978994016,1,0
fixed_transform_step50,2723,2022-04-15,2022-04-25,-0.0528494340140576,2022,2022-03-31,learned_market,20260912,0.5616480580481774,0.5616480580481774,1,0
fixed_transform_step50,2728,2022-04-22,2022-05-05,0.015736821365468,2022,2022-03-31,learned_market,20260912,0.4898082995798088,0.4898082995798088,0,1
fixed_transform_step50,2733,2022-04-29,2022-05-11,-0.0278824133054675,2022,2022-03-31,learned_market,20260912,0.36377432147128413,0.36377432147128413,0,0
fixed_transform_step50,2735,2022-05-06,2022-05-16,0.033741423035827,2022,2022-03-31,learned_market,20260912,0.4357318936699088,0.4357318936699088,0,1
fixed_transform_step50,2740,2022-05-13,2022-05-23,0.0164308841843088,2022,2022-03-31,learned_market,20260912,0.446270143202708,0.446270143202708,0,1
fixed_transform_step50,2745,2022-05-20,2022-05-30,-0.0147293413085614,2022,2022-03-31,learned_market,20260912,0.47241141703855194,0.47241141703855194,0,0
fixed_transform_step50,2750,2022-05-27,2022-06-13,0.0431748431927498,2022,2022-03-31,learned_market,20260912,0.45126483894882946,0.45126483894882946,0,1
fixed_transform_step50,2759,2022-06-10,2022-06-20,0.0306046547112142,2022,2022-03-31,learned_market,20260912,0.3584538560387022,0.3584538560387022,0,1
fixed_transform_step50,2764,2022-06-17,2022-06-27,0.0211666894141107,2022,2022-03-31,learned_market,20260912,0.33768100705029397,0.33768100705029397,0,1
fixed_transform_step50,2769,2022-06-24,2022-07-04,0.0074507343130214,2022,2022-03-31,learned_market,20260912,0.4155081245726142,0.4155081245726142,0,1
fixed_transform_step50,2715,2022-04-01,2022-04-12,-0.0129237372705649,2022,2022-03-31,learned_vol_interaction,20260912,0.5527780467124611,0.5527780467124611,1,0
fixed_transform_step50,2718,2022-04-08,2022-04-18,-0.0120986062576864,2022,2022-03-31,learned_vol_interaction,20260912,0.5594823515270952,0.5594823515270952,1,0
fixed_transform_step50,2723,2022-04-15,2022-04-25,-0.0528494340140576,2022,2022-03-31,learned_vol_interaction,20260912,0.5595980269311991,0.5595980269311991,1,0
fixed_transform_step50,2728,2022-04-22,2022-05-05,0.015736821365468,2022,2022-03-31,learned_vol_interaction,20260912,0.4957321662896246,0.4957321662896246,0,1
fixed_transform_step50,2733,2022-04-29,2022-05-11,-0.0278824133054675,2022,2022-03-31,learned_vol_interaction,20260912,0.39786515982527687,0.39786515982527687,0,0
fixed_transform_step50,2735,2022-05-06,2022-05-16,0.033741423035827,2022,2022-03-31,learned_vol_interaction,20260912,0.46694443532753904,0.46694443532753904,0,1
fixed_transform_step50,2740,2022-05-13,2022-05-23,0.0164308841843088,2022,2022-03-31,learned_vol_interaction,20260912,0.46735980117883724,0.46735980117883724,0,1
fixed_transform_step50,2745,2022-05-20,2022-05-30,-0.0147293413085614,2022,2022-03-31,learned_vol_interaction,20260912,0.47898963263494626,0.47898963263494626,0,0
fixed_transform_step50,2750,2022-05-27,2022-06-13,0.0431748431927498,2022,2022-03-31,learned_vol_interaction,20260912,0.45298429566275616,0.45298429566275616,0,1
fixed_transform_step50,2759,2022-06-10,2022-06-20,0.0306046547112142,2022,2022-03-31,learned_vol_interaction,20260912,0.3417551417968201,0.3417551417968201,0,1
fixed_transform_step50,2764,2022-06-17,2022-06-27,0.0211666894141107,2022,2022-03-31,learned_vol_interaction,20260912,0.31858646942022006,0.31858646942022006,0,1
fixed_transform_step50,2769,2022-06-24,2022-07-04,0.0074507343130214,2022,2022-03-31,learned_vol_interaction,20260912,0.3961040039748321,0.3961040039748321,0,1
fixed_transform_step50,2715,2022-04-01,2022-04-12,-0.0129237372705649,2022,2022-03-31,learned_order_extension,20260912,0.5630633890387857,0.5630633890387857,1,0
fixed_transform_step50,2718,2022-04-08,2022-04-18,-0.0120986062576864,2022,2022-03-31,learned_order_extension,20260912,0.5689342410821319,0.5689342410821319,1,0
fixed_transform_step50,2723,2022-04-15,2022-04-25,-0.0528494340140576,2022,2022-03-31,learned_order_extension,20260912,0.5649696048004498,0.5649696048004498,1,0
fixed_transform_step50,2728,2022-04-22,2022-05-05,0.015736821365468,2022,2022-03-31,learned_order_extension,20260912,0.5097271009202122,0.5097271009202122,1,1
fixed_transform_step50,2733,2022-04-29,2022-05-11,-0.0278824133054675,2022,2022-03-31,learned_order_extension,20260912,0.39368890533665557,0.39368890533665557,0,0
fixed_transform_step50,2735,2022-05-06,2022-05-16,0.033741423035827,2022,2022-03-31,learned_order_extension,20260912,0.46552711263475927,0.46552711263475927,0,1
fixed_transform_step50,2740,2022-05-13,2022-05-23,0.0164308841843088,2022,2022-03-31,learned_order_extension,20260912,0.4623063724238449,0.4623063724238449,0,1
fixed_transform_step50,2745,2022-05-20,2022-05-30,-0.0147293413085614,2022,2022-03-31,learned_order_extension,20260912,0.486131550049154,0.486131550049154,0,0
fixed_transform_step50,2750,2022-05-27,2022-06-13,0.0431748431927498,2022,2022-03-31,learned_order_extension,20260912,0.4545377479904243,0.4545377479904243,0,1
fixed_transform_step50,2759,2022-06-10,2022-06-20,0.0306046547112142,2022,2022-03-31,learned_order_extension,20260912,0.3582731948893018,0.3582731948893018,0,1
fixed_transform_step50,2764,2022-06-17,2022-06-27,0.0211666894141107,2022,2022-03-31,learned_order_extension,20260912,0.36304420778745833,0.36304420778745833,0,1
fixed_transform_step50,2769,2022-06-24,2022-07-04,0.0074507343130214,2022,2022-03-31,learned_order_extension,20260912,0.41987657253862076,0.41987657253862076,0,1
fixed_transform_step50,2715,2022-04-01,2022-04-12,-0.0129237372705649,2022,2022-03-31,learned_order_offset,20260912,0.5590373527843133,0.5590373527843133,1,0
fixed_transform_step50,2718,2022-04-08,2022-04-18,-0.0120986062576864,2022,2022-03-31,learned_order_offset,20260912,0.5662668546252225,0.5662668546252225,1,0
fixed_transform_step50,2723,2022-04-15,2022-04-25,-0.0528494340140576,2022,2022-03-31,learned_order_offset,20260912,0.5628524782486832,0.5628524782486832,1,0
fixed_transform_step50,2728,2022-04-22,2022-05-05,0.015736821365468,2022,2022-03-31,learned_order_offset,20260912,0.5074599861113823,0.5074599861113823,1,1
fixed_transform_step50,2733,2022-04-29,2022-05-11,-0.0278824133054675,2022,2022-03-31,learned_order_offset,20260912,0.3926076244643066,0.3926076244643066,0,0
fixed_transform_step50,2735,2022-05-06,2022-05-16,0.033741423035827,2022,2022-03-31,learned_order_offset,20260912,0.4640658489374637,0.4640658489374637,0,1
fixed_transform_step50,2740,2022-05-13,2022-05-23,0.0164308841843088,2022,2022-03-31,learned_order_offset,20260912,0.46170179934790656,0.46170179934790656,0,1
fixed_transform_step50,2745,2022-05-20,2022-05-30,-0.0147293413085614,2022,2022-03-31,learned_order_offset,20260912,0.48519661997055336,0.48519661997055336,0,0
fixed_transform_step50,2750,2022-05-27,2022-06-13,0.0431748431927498,2022,2022-03-31,learned_order_offset,20260912,0.4539838289089069,0.4539838289089069,0,1
fixed_transform_step50,2759,2022-06-10,2022-06-20,0.0306046547112142,2022,2022-03-31,learned_order_offset,20260912,0.3584051380268355,0.3584051380268355,0,1
fixed_transform_step50,2764,2022-06-17,2022-06-27,0.0211666894141107,2022,2022-03-31,learned_order_offset,20260912,0.36285142519707014,0.36285142519707014,0,1
fixed_transform_step50,2769,2022-06-24,2022-07-04,0.0074507343130214,2022,2022-03-31,learned_order_offset,20260912,0.4193274537397159,0.4193274537397159,0,1
fixed_transform_step50,2774,2022-07-01,2022-07-11,-0.0092349827532707,2022,2022-06-30,learned_market,20260910,0.5720068215397042,0.5720068215397042,1,0
fixed_transform_step50,2779,2022-07-08,2022-07-18,-0.0326815927737367,2022,2022-06-30,learned_market,20260910,0.5310115089387941,0.5310115089387941,1,0
fixed_transform_step50,2784,2022-07-15,2022-07-25,-0.0066210715249344,2022,2022-06-30,learned_market,20260910,0.5011017805375584,0.5011017805375584,1,0
fixed_transform_step50,2789,2022-07-22,2022-08-01,-0.0173077967751003,2022,2022-06-30,learned_market,20260910,0.5762582793351756,0.5762582793351756,1,0
fixed_transform_step50,2794,2022-07-29,2022-08-08,-0.004456034513838,2022,2022-06-30,learned_market,20260910,0.7133555972720504,0.7133555972720504,1,0
fixed_transform_step50,2799,2022-08-05,2022-08-15,0.0091475117753996,2022,2022-06-30,learned_market,20260910,0.6672452830890193,0.6672452830890193,1,1
fixed_transform_step50,2804,2022-08-12,2022-08-22,-0.0107272727272728,2022,2022-06-30,learned_market,20260910,0.6676524063803196,0.6676524063803196,1,0
fixed_transform_step50,2809,2022-08-19,2022-08-29,-0.0172375434082356,2022,2022-06-30,learned_market,20260910,0.6639974054403724,0.6639974054403724,1,0
fixed_transform_step50,2814,2022-08-26,2022-09-05,-0.0131573766941938,2022,2022-06-30,learned_market,20260910,0.6042758125699378,0.6042758125699378,1,0
fixed_transform_step50,2819,2022-09-02,2022-09-13,0.0253340680878015,2022,2022-06-30,learned_market,20260910,0.5720189458050918,0.5720189458050918,1,1
fixed_transform_step50,2824,2022-09-09,2022-09-19,-0.044647264962877,2022,2022-06-30,learned_market,20260910,0.6990307288697348,0.6990307288697348,1,0
fixed_transform_step50,2828,2022-09-16,2022-09-26,-0.025155151434928,2022,2022-06-30,learned_market,20260910,0.5542556060739746,0.5542556060739746,1,0
fixed_transform_step50,2833,2022-09-23,2022-10-10,-0.0060162941299352,2022,2022-06-30,learned_market,20260910,0.6875883287692678,0.6875883287692678,1,0
fixed_transform_step50,2838,2022-09-30,2022-10-17,0.0041192047412885,2022,2022-06-30,learned_market,20260910,0.5408489000617385,0.5408489000617385,1,1
fixed_transform_step50,2774,2022-07-01,2022-07-11,-0.0092349827532707,2022,2022-06-30,learned_vol_interaction,20260910,0.5696145041427776,0.5696145041427776,1,0
fixed_transform_step50,2779,2022-07-08,2022-07-18,-0.0326815927737367,2022,2022-06-30,learned_vol_interaction,20260910,0.5259730789305238,0.5259730789305238,1,0
fixed_transform_step50,2784,2022-07-15,2022-07-25,-0.0066210715249344,2022,2022-06-30,learned_vol_interaction,20260910,0.49832612101339896,0.49832612101339896,0,0
fixed_transform_step50,2789,2022-07-22,2022-08-01,-0.0173077967751003,2022,2022-06-30,learned_vol_interaction,20260910,0.5772186116313884,0.5772186116313884,1,0
fixed_transform_step50,2794,2022-07-29,2022-08-08,-0.004456034513838,2022,2022-06-30,learned_vol_interaction,20260910,0.7117115440304163,0.7117115440304163,1,0
fixed_transform_step50,2799,2022-08-05,2022-08-15,0.0091475117753996,2022,2022-06-30,learned_vol_interaction,20260910,0.6740642773131374,0.6740642773131374,1,1
fixed_transform_step50,2804,2022-08-12,2022-08-22,-0.0107272727272728,2022,2022-06-30,learned_vol_interaction,20260910,0.6751209948041728,0.6751209948041728,1,0
fixed_transform_step50,2809,2022-08-19,2022-08-29,-0.0172375434082356,2022,2022-06-30,learned_vol_interaction,20260910,0.659244836169228,0.659244836169228,1,0
fixed_transform_step50,2814,2022-08-26,2022-09-05,-0.0131573766941938,2022,2022-06-30,learned_vol_interaction,20260910,0.6058819474503561,0.6058819474503561,1,0
fixed_transform_step50,2819,2022-09-02,2022-09-13,0.0253340680878015,2022,2022-06-30,learned_vol_interaction,20260910,0.5766015748722814,0.5766015748722814,1,1
fixed_transform_step50,2824,2022-09-09,2022-09-19,-0.044647264962877,2022,2022-06-30,learned_vol_interaction,20260910,0.7087319007509567,0.7087319007509567,1,0
fixed_transform_step50,2828,2022-09-16,2022-09-26,-0.025155151434928,2022,2022-06-30,learned_vol_interaction,20260910,0.5618015430526432,0.5618015430526432,1,0
fixed_transform_step50,2833,2022-09-23,2022-10-10,-0.0060162941299352,2022,2022-06-30,learned_vol_interaction,20260910,0.6958448629973212,0.6958448629973212,1,0
fixed_transform_step50,2838,2022-09-30,2022-10-17,0.0041192047412885,2022,2022-06-30,learned_vol_interaction,20260910,0.5464793870760918,0.5464793870760918,1,1
fixed_transform_step50,2774,2022-07-01,2022-07-11,-0.0092349827532707,2022,2022-06-30,learned_order_extension,20260910,0.5591995803224633,0.5591995803224633,1,0
fixed_transform_step50,2779,2022-07-08,2022-07-18,-0.0326815927737367,2022,2022-06-30,learned_order_extension,20260910,0.5432672269765693,0.5432672269765693,1,0
fixed_transform_step50,2784,2022-07-15,2022-07-25,-0.0066210715249344,2022,2022-06-30,learned_order_extension,20260910,0.5086659461355865,0.5086659461355865,1,0
fixed_transform_step50,2789,2022-07-22,2022-08-01,-0.0173077967751003,2022,2022-06-30,learned_order_extension,20260910,0.5745265980438824,0.5745265980438824,1,0
fixed_transform_step50,2794,2022-07-29,2022-08-08,-0.004456034513838,2022,2022-06-30,learned_order_extension,20260910,0.600318247477723,0.600318247477723,1,0
fixed_transform_step50,2799,2022-08-05,2022-08-15,0.0091475117753996,2022,2022-06-30,learned_order_extension,20260910,0.6049257434309965,0.6049257434309965,1,1
fixed_transform_step50,2804,2022-08-12,2022-08-22,-0.0107272727272728,2022,2022-06-30,learned_order_extension,20260910,0.6211363121532166,0.6211363121532166,1,0
fixed_transform_step50,2809,2022-08-19,2022-08-29,-0.0172375434082356,2022,2022-06-30,learned_order_extension,20260910,0.568276116813778,0.568276116813778,1,0
fixed_transform_step50,2814,2022-08-26,2022-09-05,-0.0131573766941938,2022,2022-06-30,learned_order_extension,20260910,0.5659633391706115,0.5659633391706115,1,0
fixed_transform_step50,2819,2022-09-02,2022-09-13,0.0253340680878015,2022,2022-06-30,learned_order_extension,20260910,0.5476928154332619,0.5476928154332619,1,1
fixed_transform_step50,2824,2022-09-09,2022-09-19,-0.044647264962877,2022,2022-06-30,learned_order_extension,20260910,0.5212329122048175,0.5212329122048175,1,0
fixed_transform_step50,2828,2022-09-16,2022-09-26,-0.025155151434928,2022,2022-06-30,learned_order_extension,20260910,0.5508891344652014,0.5508891344652014,1,0
fixed_transform_step50,2833,2022-09-23,2022-10-10,-0.0060162941299352,2022,2022-06-30,learned_order_extension,20260910,0.5773377682401831,0.5773377682401831,1,0
fixed_transform_step50,2838,2022-09-30,2022-10-17,0.0041192047412885,2022,2022-06-30,learned_order_extension,20260910,0.557671258150799,0.557671258150799,1,1
fixed_transform_step50,2774,2022-07-01,2022-07-11,-0.0092349827532707,2022,2022-06-30,learned_order_offset,20260910,0.5603117612016222,0.5603117612016222,1,0
fixed_transform_step50,2779,2022-07-08,2022-07-18,-0.0326815927737367,2022,2022-06-30,learned_order_offset,20260910,0.5434784422743233,0.5434784422743233,1,0
fixed_transform_step50,2784,2022-07-15,2022-07-25,-0.0066210715249344,2022,2022-06-30,learned_order_offset,20260910,0.5068345132655027,0.5068345132655027,1,0
fixed_transform_step50,2789,2022-07-22,2022-08-01,-0.0173077967751003,2022,2022-06-30,learned_order_offset,20260910,0.5728445246837001,0.5728445246837001,1,0
fixed_transform_step50,2794,2022-07-29,2022-08-08,-0.004456034513838,2022,2022-06-30,learned_order_offset,20260910,0.5988201930176611,0.5988201930176611,1,0
fixed_transform_step50,2799,2022-08-05,2022-08-15,0.0091475117753996,2022,2022-06-30,learned_order_offset,20260910,0.6029412468846513,0.6029412468846513,1,1
fixed_transform_step50,2804,2022-08-12,2022-08-22,-0.0107272727272728,2022,2022-06-30,learned_order_offset,20260910,0.6198823952939355,0.6198823952939355,1,0
fixed_transform_step50,2809,2022-08-19,2022-08-29,-0.0172375434082356,2022,2022-06-30,learned_order_offset,20260910,0.5707192048630797,0.5707192048630797,1,0
fixed_transform_step50,2814,2022-08-26,2022-09-05,-0.0131573766941938,2022,2022-06-30,learned_order_offset,20260910,0.5623351142148022,0.5623351142148022,1,0
fixed_transform_step50,2819,2022-09-02,2022-09-13,0.0253340680878015,2022,2022-06-30,learned_order_offset,20260910,0.5430511192829345,0.5430511192829345,1,1
fixed_transform_step50,2824,2022-09-09,2022-09-19,-0.044647264962877,2022,2022-06-30,learned_order_offset,20260910,0.5164580146054015,0.5164580146054015,1,0
fixed_transform_step50,2828,2022-09-16,2022-09-26,-0.025155151434928,2022,2022-06-30,learned_order_offset,20260910,0.5486822846201352,0.5486822846201352,1,0
fixed_transform_step50,2833,2022-09-23,2022-10-10,-0.0060162941299352,2022,2022-06-30,learned_order_offset,20260910,0.5746268244394955,0.5746268244394955,1,0
fixed_transform_step50,2838,2022-09-30,2022-10-17,0.0041192047412885,2022,2022-06-30,learned_order_offset,20260910,0.5537717419075616,0.5537717419075616,1,1
fixed_transform_step50,2774,2022-07-01,2022-07-11,-0.0092349827532707,2022,2022-06-30,learned_market,20260911,0.5237158063717134,0.5237158063717134,1,0
fixed_transform_step50,2779,2022-07-08,2022-07-18,-0.0326815927737367,2022,2022-06-30,learned_market,20260911,0.5298708148795468,0.5298708148795468,1,0
fixed_transform_step50,2784,2022-07-15,2022-07-25,-0.0066210715249344,2022,2022-06-30,learned_market,20260911,0.31030154146738514,0.31030154146738514,0,0
fixed_transform_step50,2789,2022-07-22,2022-08-01,-0.0173077967751003,2022,2022-06-30,learned_market,20260911,0.3578738676656824,0.3578738676656824,0,0
fixed_transform_step50,2794,2022-07-29,2022-08-08,-0.004456034513838,2022,2022-06-30,learned_market,20260911,0.5347928396675085,0.5347928396675085,1,0
fixed_transform_step50,2799,2022-08-05,2022-08-15,0.0091475117753996,2022,2022-06-30,learned_market,20260911,0.6895622476343457,0.6895622476343457,1,1
fixed_transform_step50,2804,2022-08-12,2022-08-22,-0.0107272727272728,2022,2022-06-30,learned_market,20260911,0.6919511494365024,0.6919511494365024,1,0
fixed_transform_step50,2809,2022-08-19,2022-08-29,-0.0172375434082356,2022,2022-06-30,learned_market,20260911,0.6614201897076218,0.6614201897076218,1,0
fixed_transform_step50,2814,2022-08-26,2022-09-05,-0.0131573766941938,2022,2022-06-30,learned_market,20260911,0.7086682969789825,0.7086682969789825,1,0
fixed_transform_step50,2819,2022-09-02,2022-09-13,0.0253340680878015,2022,2022-06-30,learned_market,20260911,0.6299068288681688,0.6299068288681688,1,1
fixed_transform_step50,2824,2022-09-09,2022-09-19,-0.044647264962877,2022,2022-06-30,learned_market,20260911,0.5491794917618708,0.5491794917618708,1,0
fixed_transform_step50,2828,2022-09-16,2022-09-26,-0.025155151434928,2022,2022-06-30,learned_market,20260911,0.5921300816713583,0.5921300816713583,1,0
fixed_transform_step50,2833,2022-09-23,2022-10-10,-0.0060162941299352,2022,2022-06-30,learned_market,20260911,0.6896198497123122,0.6896198497123122,1,0
fixed_transform_step50,2838,2022-09-30,2022-10-17,0.0041192047412885,2022,2022-06-30,learned_market,20260911,0.608650301404185,0.608650301404185,1,1
fixed_transform_step50,2774,2022-07-01,2022-07-11,-0.0092349827532707,2022,2022-06-30,learned_vol_interaction,20260911,0.5276759052453853,0.5276759052453853,1,0
fixed_transform_step50,2779,2022-07-08,2022-07-18,-0.0326815927737367,2022,2022-06-30,learned_vol_interaction,20260911,0.5360017986458818,0.5360017986458818,1,0
fixed_transform_step50,2784,2022-07-15,2022-07-25,-0.0066210715249344,2022,2022-06-30,learned_vol_interaction,20260911,0.31617882222744537,0.31617882222744537,0,0
fixed_transform_step50,2789,2022-07-22,2022-08-01,-0.0173077967751003,2022,2022-06-30,learned_vol_interaction,20260911,0.364761872103991,0.364761872103991,0,0
fixed_transform_step50,2794,2022-07-29,2022-08-08,-0.004456034513838,2022,2022-06-30,learned_vol_interaction,20260911,0.5355584290825901,0.5355584290825901,1,0
fixed_transform_step50,2799,2022-08-05,2022-08-15,0.0091475117753996,2022,2022-06-30,learned_vol_interaction,20260911,0.6900907559066423,0.6900907559066423,1,1
fixed_transform_step50,2804,2022-08-12,2022-08-22,-0.0107272727272728,2022,2022-06-30,learned_vol_interaction,20260911,0.6923983420006906,0.6923983420006906,1,0
fixed_transform_step50,2809,2022-08-19,2022-08-29,-0.0172375434082356,2022,2022-06-30,learned_vol_interaction,20260911,0.6627594344567704,0.6627594344567704,1,0
fixed_transform_step50,2814,2022-08-26,2022-09-05,-0.0131573766941938,2022,2022-06-30,learned_vol_interaction,20260911,0.7106021086483676,0.7106021086483676,1,0
fixed_transform_step50,2819,2022-09-02,2022-09-13,0.0253340680878015,2022,2022-06-30,learned_vol_interaction,20260911,0.6337008655522256,0.6337008655522256,1,1
fixed_transform_step50,2824,2022-09-09,2022-09-19,-0.044647264962877,2022,2022-06-30,learned_vol_interaction,20260911,0.5513615459713227,0.5513615459713227,1,0
fixed_transform_step50,2828,2022-09-16,2022-09-26,-0.025155151434928,2022,2022-06-30,learned_vol_interaction,20260911,0.59376367106435,0.59376367106435,1,0
fixed_transform_step50,2833,2022-09-23,2022-10-10,-0.0060162941299352,2022,2022-06-30,learned_vol_interaction,20260911,0.6858076893491705,0.6858076893491705,1,0
fixed_transform_step50,2838,2022-09-30,2022-10-17,0.0041192047412885,2022,2022-06-30,learned_vol_interaction,20260911,0.60964422031027,0.60964422031027,1,1
fixed_transform_step50,2774,2022-07-01,2022-07-11,-0.0092349827532707,2022,2022-06-30,learned_order_extension,20260911,0.5105916021483009,0.5105916021483009,1,0
fixed_transform_step50,2779,2022-07-08,2022-07-18,-0.0326815927737367,2022,2022-06-30,learned_order_extension,20260911,0.5189327963955829,0.5189327963955829,1,0
fixed_transform_step50,2784,2022-07-15,2022-07-25,-0.0066210715249344,2022,2022-06-30,learned_order_extension,20260911,0.301093594190529,0.301093594190529,0,0
fixed_transform_step50,2789,2022-07-22,2022-08-01,-0.0173077967751003,2022,2022-06-30,learned_order_extension,20260911,0.30274618176588425,0.30274618176588425,0,0
fixed_transform_step50,2794,2022-07-29,2022-08-08,-0.004456034513838,2022,2022-06-30,learned_order_extension,20260911,0.527498751150615,0.527498751150615,1,0
fixed_transform_step50,2799,2022-08-05,2022-08-15,0.0091475117753996,2022,2022-06-30,learned_order_extension,20260911,0.7601493941535248,0.7601493941535248,1,1
fixed_transform_step50,2804,2022-08-12,2022-08-22,-0.0107272727272728,2022,2022-06-30,learned_order_extension,20260911,0.7690523193311022,0.7690523193311022,1,0
fixed_transform_step50,2809,2022-08-19,2022-08-29,-0.0172375434082356,2022,2022-06-30,learned_order_extension,20260911,0.7412842444312989,0.7412842444312989,1,0
fixed_transform_step50,2814,2022-08-26,2022-09-05,-0.0131573766941938,2022,2022-06-30,learned_order_extension,20260911,0.8036926228278063,0.8036926228278063,1,0
fixed_transform_step50,2819,2022-09-02,2022-09-13,0.0253340680878015,2022,2022-06-30,learned_order_extension,20260911,0.6894730125615363,0.6894730125615363,1,1
fixed_transform_step50,2824,2022-09-09,2022-09-19,-0.044647264962877,2022,2022-06-30,learned_order_extension,20260911,0.5860624847829595,0.5860624847829595,1,0
fixed_transform_step50,2828,2022-09-16,2022-09-26,-0.025155151434928,2022,2022-06-30,learned_order_extension,20260911,0.6410469972988051,0.6410469972988051,1,0
fixed_transform_step50,2833,2022-09-23,2022-10-10,-0.0060162941299352,2022,2022-06-30,learned_order_extension,20260911,0.7487858554793219,0.7487858554793219,1,0
fixed_transform_step50,2838,2022-09-30,2022-10-17,0.0041192047412885,2022,2022-06-30,learned_order_extension,20260911,0.6189255505533413,0.6189255505533413,1,1
fixed_transform_step50,2774,2022-07-01,2022-07-11,-0.0092349827532707,2022,2022-06-30,learned_order_offset,20260911,0.5099996402234921,0.5099996402234921,1,0
fixed_transform_step50,2779,2022-07-08,2022-07-18,-0.0326815927737367,2022,2022-06-30,learned_order_offset,20260911,0.519101130629148,0.519101130629148,1,0
fixed_transform_step50,2784,2022-07-15,2022-07-25,-0.0066210715249344,2022,2022-06-30,learned_order_offset,20260911,0.3021864676575243,0.3021864676575243,0,0
fixed_transform_step50,2789,2022-07-22,2022-08-01,-0.0173077967751003,2022,2022-06-30,learned_order_offset,20260911,0.3040010992981666,0.3040010992981666,0,0
fixed_transform_step50,2794,2022-07-29,2022-08-08,-0.004456034513838,2022,2022-06-30,learned_order_offset,20260911,0.5278578243400303,0.5278578243400303,1,0
fixed_transform_step50,2799,2022-08-05,2022-08-15,0.0091475117753996,2022,2022-06-30,learned_order_offset,20260911,0.7591713590983138,0.7591713590983138,1,1
fixed_transform_step50,2804,2022-08-12,2022-08-22,-0.0107272727272728,2022,2022-06-30,learned_order_offset,20260911,0.7681845358995248,0.7681845358995248,1,0
fixed_transform_step50,2809,2022-08-19,2022-08-29,-0.0172375434082356,2022,2022-06-30,learned_order_offset,20260911,0.7405569998850691,0.7405569998850691,1,0
fixed_transform_step50,2814,2022-08-26,2022-09-05,-0.0131573766941938,2022,2022-06-30,learned_order_offset,20260911,0.8031793692895582,0.8031793692895582,1,0
fixed_transform_step50,2819,2022-09-02,2022-09-13,0.0253340680878015,2022,2022-06-30,learned_order_offset,20260911,0.6903267021350261,0.6903267021350261,1,1
fixed_transform_step50,2824,2022-09-09,2022-09-19,-0.044647264962877,2022,2022-06-30,learned_order_offset,20260911,0.5865398546788868,0.5865398546788868,1,0
fixed_transform_step50,2828,2022-09-16,2022-09-26,-0.025155151434928,2022,2022-06-30,learned_order_offset,20260911,0.6411833460710215,0.6411833460710215,1,0
fixed_transform_step50,2833,2022-09-23,2022-10-10,-0.0060162941299352,2022,2022-06-30,learned_order_offset,20260911,0.7478093140784747,0.7478093140784747,1,0
fixed_transform_step50,2838,2022-09-30,2022-10-17,0.0041192047412885,2022,2022-06-30,learned_order_offset,20260911,0.6186965692892403,0.6186965692892403,1,1
fixed_transform_step50,2774,2022-07-01,2022-07-11,-0.0092349827532707,2022,2022-06-30,learned_market,20260912,0.4374793034591355,0.4374793034591355,0,0
fixed_transform_step50,2779,2022-07-08,2022-07-18,-0.0326815927737367,2022,2022-06-30,learned_market,20260912,0.48434275636409435,0.48434275636409435,0,0
fixed_transform_step50,2784,2022-07-15,2022-07-25,-0.0066210715249344,2022,2022-06-30,learned_market,20260912,0.5182427584680476,0.5182427584680476,1,0
fixed_transform_step50,2789,2022-07-22,2022-08-01,-0.0173077967751003,2022,2022-06-30,learned_market,20260912,0.5502252577615658,0.5502252577615658,1,0
fixed_transform_step50,2794,2022-07-29,2022-08-08,-0.004456034513838,2022,2022-06-30,learned_market,20260912,0.6834052479087075,0.6834052479087075,1,0
fixed_transform_step50,2799,2022-08-05,2022-08-15,0.0091475117753996,2022,2022-06-30,learned_market,20260912,0.6311678662935949,0.6311678662935949,1,1
fixed_transform_step50,2804,2022-08-12,2022-08-22,-0.0107272727272728,2022,2022-06-30,learned_market,20260912,0.5656069501172366,0.5656069501172366,1,0
fixed_transform_step50,2809,2022-08-19,2022-08-29,-0.0172375434082356,2022,2022-06-30,learned_market,20260912,0.544289385423263,0.544289385423263,1,0
fixed_transform_step50,2814,2022-08-26,2022-09-05,-0.0131573766941938,2022,2022-06-30,learned_market,20260912,0.5710916303117317,0.5710916303117317,1,0
fixed_transform_step50,2819,2022-09-02,2022-09-13,0.0253340680878015,2022,2022-06-30,learned_market,20260912,0.6298590304134328,0.6298590304134328,1,1
fixed_transform_step50,2824,2022-09-09,2022-09-19,-0.044647264962877,2022,2022-06-30,learned_market,20260912,0.7143994104283424,0.7143994104283424,1,0
fixed_transform_step50,2828,2022-09-16,2022-09-26,-0.025155151434928,2022,2022-06-30,learned_market,20260912,0.6981156707960101,0.6981156707960101,1,0
fixed_transform_step50,2833,2022-09-23,2022-10-10,-0.0060162941299352,2022,2022-06-30,learned_market,20260912,0.6727673217689598,0.6727673217689598,1,0
fixed_transform_step50,2838,2022-09-30,2022-10-17,0.0041192047412885,2022,2022-06-30,learned_market,20260912,0.6512458987012008,0.6512458987012008,1,1
fixed_transform_step50,2774,2022-07-01,2022-07-11,-0.0092349827532707,2022,2022-06-30,learned_vol_interaction,20260912,0.425535012970814,0.425535012970814,0,0
fixed_transform_step50,2779,2022-07-08,2022-07-18,-0.0326815927737367,2022,2022-06-30,learned_vol_interaction,20260912,0.47576294391454815,0.47576294391454815,0,0
fixed_transform_step50,2784,2022-07-15,2022-07-25,-0.0066210715249344,2022,2022-06-30,learned_vol_interaction,20260912,0.5099457512011856,0.5099457512011856,1,0
fixed_transform_step50,2789,2022-07-22,2022-08-01,-0.0173077967751003,2022,2022-06-30,learned_vol_interaction,20260912,0.5480174835738891,0.5480174835738891,1,0
fixed_transform_step50,2794,2022-07-29,2022-08-08,-0.004456034513838,2022,2022-06-30,learned_vol_interaction,20260912,0.6868203070109672,0.6868203070109672,1,0
fixed_transform_step50,2799,2022-08-05,2022-08-15,0.0091475117753996,2022,2022-06-30,learned_vol_interaction,20260912,0.6316023026119237,0.6316023026119237,1,1
fixed_transform_step50,2804,2022-08-12,2022-08-22,-0.0107272727272728,2022,2022-06-30,learned_vol_interaction,20260912,0.5636515094187167,0.5636515094187167,1,0
fixed_transform_step50,2809,2022-08-19,2022-08-29,-0.0172375434082356,2022,2022-06-30,learned_vol_interaction,20260912,0.5465313954057709,0.5465313954057709,1,0
fixed_transform_step50,2814,2022-08-26,2022-09-05,-0.0131573766941938,2022,2022-06-30,learned_vol_interaction,20260912,0.570396946910679,0.570396946910679,1,0
fixed_transform_step50,2819,2022-09-02,2022-09-13,0.0253340680878015,2022,2022-06-30,learned_vol_interaction,20260912,0.6234786917808225,0.6234786917808225,1,1
fixed_transform_step50,2824,2022-09-09,2022-09-19,-0.044647264962877,2022,2022-06-30,learned_vol_interaction,20260912,0.716787729541541,0.716787729541541,1,0
fixed_transform_step50,2828,2022-09-16,2022-09-26,-0.025155151434928,2022,2022-06-30,learned_vol_interaction,20260912,0.698062262330784,0.698062262330784,1,0
fixed_transform_step50,2833,2022-09-23,2022-10-10,-0.0060162941299352,2022,2022-06-30,learned_vol_interaction,20260912,0.6784683404103947,0.6784683404103947,1,0
fixed_transform_step50,2838,2022-09-30,2022-10-17,0.0041192047412885,2022,2022-06-30,learned_vol_interaction,20260912,0.6523666297628814,0.6523666297628814,1,1
fixed_transform_step50,2774,2022-07-01,2022-07-11,-0.0092349827532707,2022,2022-06-30,learned_order_extension,20260912,0.4580075613776644,0.4580075613776644,0,0
fixed_transform_step50,2779,2022-07-08,2022-07-18,-0.0326815927737367,2022,2022-06-30,learned_order_extension,20260912,0.5126845951682749,0.5126845951682749,1,0
fixed_transform_step50,2784,2022-07-15,2022-07-25,-0.0066210715249344,2022,2022-06-30,learned_order_extension,20260912,0.5215531891848967,0.5215531891848967,1,0
fixed_transform_step50,2789,2022-07-22,2022-08-01,-0.0173077967751003,2022,2022-06-30,learned_order_extension,20260912,0.5630614837357424,0.5630614837357424,1,0
fixed_transform_step50,2794,2022-07-29,2022-08-08,-0.004456034513838,2022,2022-06-30,learned_order_extension,20260912,0.5826351207196331,0.5826351207196331,1,0
fixed_transform_step50,2799,2022-08-05,2022-08-15,0.0091475117753996,2022,2022-06-30,learned_order_extension,20260912,0.5669256567409696,0.5669256567409696,1,1
fixed_transform_step50,2804,2022-08-12,2022-08-22,-0.0107272727272728,2022,2022-06-30,learned_order_extension,20260912,0.5696546353983898,0.5696546353983898,1,0
fixed_transform_step50,2809,2022-08-19,2022-08-29,-0.0172375434082356,2022,2022-06-30,learned_order_extension,20260912,0.5322008599936643,0.5322008599936643,1,0
fixed_transform_step50,2814,2022-08-26,2022-09-05,-0.0131573766941938,2022,2022-06-30,learned_order_extension,20260912,0.5387043691679462,0.5387043691679462,1,0
fixed_transform_step50,2819,2022-09-02,2022-09-13,0.0253340680878015,2022,2022-06-30,learned_order_extension,20260912,0.5477773561529959,0.5477773561529959,1,1
fixed_transform_step50,2824,2022-09-09,2022-09-19,-0.044647264962877,2022,2022-06-30,learned_order_extension,20260912,0.5383691214722871,0.5383691214722871,1,0
fixed_transform_step50,2828,2022-09-16,2022-09-26,-0.025155151434928,2022,2022-06-30,learned_order_extension,20260912,0.548660814082053,0.548660814082053,1,0
fixed_transform_step50,2833,2022-09-23,2022-10-10,-0.0060162941299352,2022,2022-06-30,learned_order_extension,20260912,0.5676897251527967,0.5676897251527967,1,0
fixed_transform_step50,2838,2022-09-30,2022-10-17,0.0041192047412885,2022,2022-06-30,learned_order_extension,20260912,0.5796626975688418,0.5796626975688418,1,1
fixed_transform_step50,2774,2022-07-01,2022-07-11,-0.0092349827532707,2022,2022-06-30,learned_order_offset,20260912,0.45998142019059896,0.45998142019059896,0,0
fixed_transform_step50,2779,2022-07-08,2022-07-18,-0.0326815927737367,2022,2022-06-30,learned_order_offset,20260912,0.5138148871463256,0.5138148871463256,1,0
fixed_transform_step50,2784,2022-07-15,2022-07-25,-0.0066210715249344,2022,2022-06-30,learned_order_offset,20260912,0.5221833204127172,0.5221833204127172,1,0
fixed_transform_step50,2789,2022-07-22,2022-08-01,-0.0173077967751003,2022,2022-06-30,learned_order_offset,20260912,0.5632369604242333,0.5632369604242333,1,0
fixed_transform_step50,2794,2022-07-29,2022-08-08,-0.004456034513838,2022,2022-06-30,learned_order_offset,20260912,0.5828651846705517,0.5828651846705517,1,0
fixed_transform_step50,2799,2022-08-05,2022-08-15,0.0091475117753996,2022,2022-06-30,learned_order_offset,20260912,0.5666472731128912,0.5666472731128912,1,1
fixed_transform_step50,2804,2022-08-12,2022-08-22,-0.0107272727272728,2022,2022-06-30,learned_order_offset,20260912,0.5707379719067935,0.5707379719067935,1,0
fixed_transform_step50,2809,2022-08-19,2022-08-29,-0.0172375434082356,2022,2022-06-30,learned_order_offset,20260912,0.5300205544020856,0.5300205544020856,1,0
fixed_transform_step50,2814,2022-08-26,2022-09-05,-0.0131573766941938,2022,2022-06-30,learned_order_offset,20260912,0.5374981708282098,0.5374981708282098,1,0
fixed_transform_step50,2819,2022-09-02,2022-09-13,0.0253340680878015,2022,2022-06-30,learned_order_offset,20260912,0.5466858380891899,0.5466858380891899,1,1
fixed_transform_step50,2824,2022-09-09,2022-09-19,-0.044647264962877,2022,2022-06-30,learned_order_offset,20260912,0.5365275657285922,0.5365275657285922,1,0
fixed_transform_step50,2828,2022-09-16,2022-09-26,-0.025155151434928,2022,2022-06-30,learned_order_offset,20260912,0.5465999089823248,0.5465999089823248,1,0
fixed_transform_step50,2833,2022-09-23,2022-10-10,-0.0060162941299352,2022,2022-06-30,learned_order_offset,20260912,0.5649436207809795,0.5649436207809795,1,0
fixed_transform_step50,2838,2022-09-30,2022-10-17,0.0041192047412885,2022,2022-06-30,learned_order_offset,20260912,0.5770302296969171,0.5770302296969171,1,1
fixed_transform_step50,2843,2022-10-14,2022-10-24,-0.0246766294110258,2022,2022-09-30,learned_market,20260910,0.6038224336246173,0.6038224336246173,1,0
fixed_transform_step50,2848,2022-10-21,2022-10-31,-0.059928861134359,2022,2022-09-30,learned_market,20260910,0.6128936991251217,0.6128936991251217,1,0
fixed_transform_step50,2853,2022-10-28,2022-11-07,0.071339502526744,2022,2022-09-30,learned_market,20260910,0.4753847317824054,0.4753847317824054,0,1
fixed_transform_step50,2858,2022-11-04,2022-11-14,0.0169449090696014,2022,2022-09-30,learned_market,20260910,0.6206976407082749,0.6206976407082749,1,1
fixed_transform_step50,2863,2022-11-11,2022-11-21,-0.0127051391515239,2022,2022-09-30,learned_market,20260910,0.5765070746506803,0.5765070746506803,1,0
fixed_transform_step50,2868,2022-11-18,2022-11-28,-0.0179672806084416,2022,2022-09-30,learned_market,20260910,0.6044078287611918,0.6044078287611918,1,0
fixed_transform_step50,2873,2022-11-25,2022-12-05,0.0555768659337096,2022,2022-09-30,learned_market,20260910,0.524383686617109,0.524383686617109,1,1
fixed_transform_step50,2878,2022-12-02,2022-12-12,0.0175374394775362,2022,2022-09-30,learned_market,20260910,0.45571832883659136,0.45571832883659136,0,1
fixed_transform_step50,2883,2022-12-09,2022-12-19,-0.0058850602464181,2022,2022-09-30,learned_market,20260910,0.3991171935881872,0.3991171935881872,0,0
fixed_transform_step50,2888,2022-12-16,2022-12-26,-0.0309150292073658,2022,2022-09-30,learned_market,20260910,0.5564480068791273,0.5564480068791273,1,0
fixed_transform_step50,2893,2022-12-23,2023-01-03,0.0089464492229616,2022,2022-09-30,learned_market,20260910,0.4456164159868516,0.4456164159868516,0,1
fixed_transform_step50,2898,2022-12-30,2023-01-09,0.0345913414268119,2022,2022-09-30,learned_market,20260910,0.5170586927377575,0.5170586927377575,1,1
fixed_transform_step50,2843,2022-10-14,2022-10-24,-0.0246766294110258,2022,2022-09-30,learned_vol_interaction,20260910,0.6015178103153587,0.6015178103153587,1,0
fixed_transform_step50,2848,2022-10-21,2022-10-31,-0.059928861134359,2022,2022-09-30,learned_vol_interaction,20260910,0.6156517076548299,0.6156517076548299,1,0
fixed_transform_step50,2853,2022-10-28,2022-11-07,0.071339502526744,2022,2022-09-30,learned_vol_interaction,20260910,0.47686411892402436,0.47686411892402436,0,1
fixed_transform_step50,2858,2022-11-04,2022-11-14,0.0169449090696014,2022,2022-09-30,learned_vol_interaction,20260910,0.6083600914398598,0.6083600914398598,1,1
fixed_transform_step50,2863,2022-11-11,2022-11-21,-0.0127051391515239,2022,2022-09-30,learned_vol_interaction,20260910,0.5694218472692698,0.5694218472692698,1,0
fixed_transform_step50,2868,2022-11-18,2022-11-28,-0.0179672806084416,2022,2022-09-30,learned_vol_interaction,20260910,0.5987544348054757,0.5987544348054757,1,0
fixed_transform_step50,2873,2022-11-25,2022-12-05,0.0555768659337096,2022,2022-09-30,learned_vol_interaction,20260910,0.5270418563147463,0.5270418563147463,1,1
fixed_transform_step50,2878,2022-12-02,2022-12-12,0.0175374394775362,2022,2022-09-30,learned_vol_interaction,20260910,0.4559246021562026,0.4559246021562026,0,1
fixed_transform_step50,2883,2022-12-09,2022-12-19,-0.0058850602464181,2022,2022-09-30,learned_vol_interaction,20260910,0.3945379016222253,0.3945379016222253,0,0
fixed_transform_step50,2888,2022-12-16,2022-12-26,-0.0309150292073658,2022,2022-09-30,learned_vol_interaction,20260910,0.5559483646704386,0.5559483646704386,1,0
fixed_transform_step50,2893,2022-12-23,2023-01-03,0.0089464492229616,2022,2022-09-30,learned_vol_interaction,20260910,0.443326697753971,0.443326697753971,0,1
fixed_transform_step50,2898,2022-12-30,2023-01-09,0.0345913414268119,2022,2022-09-30,learned_vol_interaction,20260910,0.5177060567550358,0.5177060567550358,1,1
fixed_transform_step50,2843,2022-10-14,2022-10-24,-0.0246766294110258,2022,2022-09-30,learned_order_extension,20260910,0.5398065628699236,0.5398065628699236,1,0
fixed_transform_step50,2848,2022-10-21,2022-10-31,-0.059928861134359,2022,2022-09-30,learned_order_extension,20260910,0.5911176079321507,0.5911176079321507,1,0
fixed_transform_step50,2853,2022-10-28,2022-11-07,0.071339502526744,2022,2022-09-30,learned_order_extension,20260910,0.4935878758384937,0.4935878758384937,0,1
fixed_transform_step50,2858,2022-11-04,2022-11-14,0.0169449090696014,2022,2022-09-30,learned_order_extension,20260910,0.5987427010457944,0.5987427010457944,1,1
fixed_transform_step50,2863,2022-11-11,2022-11-21,-0.0127051391515239,2022,2022-09-30,learned_order_extension,20260910,0.5867595264755041,0.5867595264755041,1,0
fixed_transform_step50,2868,2022-11-18,2022-11-28,-0.0179672806084416,2022,2022-09-30,learned_order_extension,20260910,0.6244982040319089,0.6244982040319089,1,0
fixed_transform_step50,2873,2022-11-25,2022-12-05,0.0555768659337096,2022,2022-09-30,learned_order_extension,20260910,0.5194296910885493,0.5194296910885493,1,1
fixed_transform_step50,2878,2022-12-02,2022-12-12,0.0175374394775362,2022,2022-09-30,learned_order_extension,20260910,0.3962931407596509,0.3962931407596509,0,1
fixed_transform_step50,2883,2022-12-09,2022-12-19,-0.0058850602464181,2022,2022-09-30,learned_order_extension,20260910,0.32266968411185554,0.32266968411185554,0,0
fixed_transform_step50,2888,2022-12-16,2022-12-26,-0.0309150292073658,2022,2022-09-30,learned_order_extension,20260910,0.5732983467364402,0.5732983467364402,1,0
fixed_transform_step50,2893,2022-12-23,2023-01-03,0.0089464492229616,2022,2022-09-30,learned_order_extension,20260910,0.4378689784952565,0.4378689784952565,0,1
fixed_transform_step50,2898,2022-12-30,2023-01-09,0.0345913414268119,2022,2022-09-30,learned_order_extension,20260910,0.5293737019425755,0.5293737019425755,1,1
fixed_transform_step50,2843,2022-10-14,2022-10-24,-0.0246766294110258,2022,2022-09-30,learned_order_offset,20260910,0.5384903084301227,0.5384903084301227,1,0
fixed_transform_step50,2848,2022-10-21,2022-10-31,-0.059928861134359,2022,2022-09-30,learned_order_offset,20260910,0.5871058019465122,0.5871058019465122,1,0
fixed_transform_step50,2853,2022-10-28,2022-11-07,0.071339502526744,2022,2022-09-30,learned_order_offset,20260910,0.4867869468866508,0.4867869468866508,0,1
fixed_transform_step50,2858,2022-11-04,2022-11-14,0.0169449090696014,2022,2022-09-30,learned_order_offset,20260910,0.6048110184767456,0.6048110184767456,1,1
fixed_transform_step50,2863,2022-11-11,2022-11-21,-0.0127051391515239,2022,2022-09-30,learned_order_offset,20260910,0.5824340784565948,0.5824340784565948,1,0
fixed_transform_step50,2868,2022-11-18,2022-11-28,-0.0179672806084416,2022,2022-09-30,learned_order_offset,20260910,0.6192053613685637,0.6192053613685637,1,0
fixed_transform_step50,2873,2022-11-25,2022-12-05,0.0555768659337096,2022,2022-09-30,learned_order_offset,20260910,0.5105305684550355,0.5105305684550355,1,1
fixed_transform_step50,2878,2022-12-02,2022-12-12,0.0175374394775362,2022,2022-09-30,learned_order_offset,20260910,0.39796068652776506,0.39796068652776506,0,1
fixed_transform_step50,2883,2022-12-09,2022-12-19,-0.0058850602464181,2022,2022-09-30,learned_order_offset,20260910,0.33259524406631596,0.33259524406631596,0,0
fixed_transform_step50,2888,2022-12-16,2022-12-26,-0.0309150292073658,2022,2022-09-30,learned_order_offset,20260910,0.5638037023999359,0.5638037023999359,1,0
fixed_transform_step50,2893,2022-12-23,2023-01-03,0.0089464492229616,2022,2022-09-30,learned_order_offset,20260910,0.4421323571747471,0.4421323571747471,0,1
fixed_transform_step50,2898,2022-12-30,2023-01-09,0.0345913414268119,2022,2022-09-30,learned_order_offset,20260910,0.527900183350188,0.527900183350188,1,1
fixed_transform_step50,2843,2022-10-14,2022-10-24,-0.0246766294110258,2022,2022-09-30,learned_market,20260911,0.5838778837863997,0.5838778837863997,1,0
fixed_transform_step50,2848,2022-10-21,2022-10-31,-0.059928861134359,2022,2022-09-30,learned_market,20260911,0.664613869127511,0.664613869127511,1,0
fixed_transform_step50,2853,2022-10-28,2022-11-07,0.071339502526744,2022,2022-09-30,learned_market,20260911,0.5648826707991741,0.5648826707991741,1,1
fixed_transform_step50,2858,2022-11-04,2022-11-14,0.0169449090696014,2022,2022-09-30,learned_market,20260911,0.30749563391453083,0.30749563391453083,0,1
fixed_transform_step50,2863,2022-11-11,2022-11-21,-0.0127051391515239,2022,2022-09-30,learned_market,20260911,0.4637951289515322,0.4637951289515322,0,0
fixed_transform_step50,2868,2022-11-18,2022-11-28,-0.0179672806084416,2022,2022-09-30,learned_market,20260911,0.3251312245911936,0.3251312245911936,0,0
fixed_transform_step50,2873,2022-11-25,2022-12-05,0.0555768659337096,2022,2022-09-30,learned_market,20260911,0.44491707341824327,0.44491707341824327,0,1
fixed_transform_step50,2878,2022-12-02,2022-12-12,0.0175374394775362,2022,2022-09-30,learned_market,20260911,0.5526955902525251,0.5526955902525251,1,1
fixed_transform_step50,2883,2022-12-09,2022-12-19,-0.0058850602464181,2022,2022-09-30,learned_market,20260911,0.5261220526998306,0.5261220526998306,1,0
fixed_transform_step50,2888,2022-12-16,2022-12-26,-0.0309150292073658,2022,2022-09-30,learned_market,20260911,0.4664236043779734,0.4664236043779734,0,0
fixed_transform_step50,2893,2022-12-23,2023-01-03,0.0089464492229616,2022,2022-09-30,learned_market,20260911,0.5229186378391827,0.5229186378391827,1,1
fixed_transform_step50,2898,2022-12-30,2023-01-09,0.0345913414268119,2022,2022-09-30,learned_market,20260911,0.28079024334814784,0.28079024334814784,0,1
fixed_transform_step50,2843,2022-10-14,2022-10-24,-0.0246766294110258,2022,2022-09-30,learned_vol_interaction,20260911,0.5841947595365793,0.5841947595365793,1,0
fixed_transform_step50,2848,2022-10-21,2022-10-31,-0.059928861134359,2022,2022-09-30,learned_vol_interaction,20260911,0.66623719589083,0.66623719589083,1,0
fixed_transform_step50,2853,2022-10-28,2022-11-07,0.071339502526744,2022,2022-09-30,learned_vol_interaction,20260911,0.5642288834650753,0.5642288834650753,1,1
fixed_transform_step50,2858,2022-11-04,2022-11-14,0.0169449090696014,2022,2022-09-30,learned_vol_interaction,20260911,0.31400578580165517,0.31400578580165517,0,1
fixed_transform_step50,2863,2022-11-11,2022-11-21,-0.0127051391515239,2022,2022-09-30,learned_vol_interaction,20260911,0.4668692387236189,0.4668692387236189,0,0
fixed_transform_step50,2868,2022-11-18,2022-11-28,-0.0179672806084416,2022,2022-09-30,learned_vol_interaction,20260911,0.33342272997889705,0.33342272997889705,0,0
fixed_transform_step50,2873,2022-11-25,2022-12-05,0.0555768659337096,2022,2022-09-30,learned_vol_interaction,20260911,0.4463083715532175,0.4463083715532175,0,1
fixed_transform_step50,2878,2022-12-02,2022-12-12,0.0175374394775362,2022,2022-09-30,learned_vol_interaction,20260911,0.5530267450795607,0.5530267450795607,1,1
fixed_transform_step50,2883,2022-12-09,2022-12-19,-0.0058850602464181,2022,2022-09-30,learned_vol_interaction,20260911,0.5250934829790795,0.5250934829790795,1,0
fixed_transform_step50,2888,2022-12-16,2022-12-26,-0.0309150292073658,2022,2022-09-30,learned_vol_interaction,20260911,0.46553333381480705,0.46553333381480705,0,0
fixed_transform_step50,2893,2022-12-23,2023-01-03,0.0089464492229616,2022,2022-09-30,learned_vol_interaction,20260911,0.5236751485060486,0.5236751485060486,1,1
fixed_transform_step50,2898,2022-12-30,2023-01-09,0.0345913414268119,2022,2022-09-30,learned_vol_interaction,20260911,0.27561636548613844,0.27561636548613844,0,1
fixed_transform_step50,2843,2022-10-14,2022-10-24,-0.0246766294110258,2022,2022-09-30,learned_order_extension,20260911,0.5856127538141862,0.5856127538141862,1,0
fixed_transform_step50,2848,2022-10-21,2022-10-31,-0.059928861134359,2022,2022-09-30,learned_order_extension,20260911,0.6746531843188128,0.6746531843188128,1,0
fixed_transform_step50,2853,2022-10-28,2022-11-07,0.071339502526744,2022,2022-09-30,learned_order_extension,20260911,0.5657595265149382,0.5657595265149382,1,1
fixed_transform_step50,2858,2022-11-04,2022-11-14,0.0169449090696014,2022,2022-09-30,learned_order_extension,20260911,0.3035316956455513,0.3035316956455513,0,1
fixed_transform_step50,2863,2022-11-11,2022-11-21,-0.0127051391515239,2022,2022-09-30,learned_order_extension,20260911,0.46641249544224356,0.46641249544224356,0,0
fixed_transform_step50,2868,2022-11-18,2022-11-28,-0.0179672806084416,2022,2022-09-30,learned_order_extension,20260911,0.3417630043413068,0.3417630043413068,0,0
fixed_transform_step50,2873,2022-11-25,2022-12-05,0.0555768659337096,2022,2022-09-30,learned_order_extension,20260911,0.45010240468257623,0.45010240468257623,0,1
fixed_transform_step50,2878,2022-12-02,2022-12-12,0.0175374394775362,2022,2022-09-30,learned_order_extension,20260911,0.5494241333935908,0.5494241333935908,1,1
fixed_transform_step50,2883,2022-12-09,2022-12-19,-0.0058850602464181,2022,2022-09-30,learned_order_extension,20260911,0.5277357310757964,0.5277357310757964,1,0
fixed_transform_step50,2888,2022-12-16,2022-12-26,-0.0309150292073658,2022,2022-09-30,learned_order_extension,20260911,0.4651938512146538,0.4651938512146538,0,0
fixed_transform_step50,2893,2022-12-23,2023-01-03,0.0089464492229616,2022,2022-09-30,learned_order_extension,20260911,0.5196049403253142,0.5196049403253142,1,1
fixed_transform_step50,2898,2022-12-30,2023-01-09,0.0345913414268119,2022,2022-09-30,learned_order_extension,20260911,0.2713357125316986,0.2713357125316986,0,1
fixed_transform_step50,2843,2022-10-14,2022-10-24,-0.0246766294110258,2022,2022-09-30,learned_order_offset,20260911,0.5842938715991984,0.5842938715991984,1,0
fixed_transform_step50,2848,2022-10-21,2022-10-31,-0.059928861134359,2022,2022-09-30,learned_order_offset,20260911,0.6719674728672164,0.6719674728672164,1,0
fixed_transform_step50,2853,2022-10-28,2022-11-07,0.071339502526744,2022,2022-09-30,learned_order_offset,20260911,0.5636328353367727,0.5636328353367727,1,1
fixed_transform_step50,2858,2022-11-04,2022-11-14,0.0169449090696014,2022,2022-09-30,learned_order_offset,20260911,0.30367180433877977,0.30367180433877977,0,1
fixed_transform_step50,2863,2022-11-11,2022-11-21,-0.0127051391515239,2022,2022-09-30,learned_order_offset,20260911,0.46768804205343784,0.46768804205343784,0,0
fixed_transform_step50,2868,2022-11-18,2022-11-28,-0.0179672806084416,2022,2022-09-30,learned_order_offset,20260911,0.3428757029017023,0.3428757029017023,0,0
fixed_transform_step50,2873,2022-11-25,2022-12-05,0.0555768659337096,2022,2022-09-30,learned_order_offset,20260911,0.45009950784220526,0.45009950784220526,0,1
fixed_transform_step50,2878,2022-12-02,2022-12-12,0.0175374394775362,2022,2022-09-30,learned_order_offset,20260911,0.5481756589864666,0.5481756589864666,1,1
fixed_transform_step50,2883,2022-12-09,2022-12-19,-0.0058850602464181,2022,2022-09-30,learned_order_offset,20260911,0.5289231223127282,0.5289231223127282,1,0
fixed_transform_step50,2888,2022-12-16,2022-12-26,-0.0309150292073658,2022,2022-09-30,learned_order_offset,20260911,0.4665488774429089,0.4665488774429089,0,0
fixed_transform_step50,2893,2022-12-23,2023-01-03,0.0089464492229616,2022,2022-09-30,learned_order_offset,20260911,0.5191295936090297,0.5191295936090297,1,1
fixed_transform_step50,2898,2022-12-30,2023-01-09,0.0345913414268119,2022,2022-09-30,learned_order_offset,20260911,0.27390646830793075,0.27390646830793075,0,1
fixed_transform_step50,2843,2022-10-14,2022-10-24,-0.0246766294110258,2022,2022-09-30,learned_market,20260912,0.5706495000817129,0.5706495000817129,1,0
fixed_transform_step50,2848,2022-10-21,2022-10-31,-0.059928861134359,2022,2022-09-30,learned_market,20260912,0.5992584441799649,0.5992584441799649,1,0
fixed_transform_step50,2853,2022-10-28,2022-11-07,0.071339502526744,2022,2022-09-30,learned_market,20260912,0.5503559542901074,0.5503559542901074,1,1
fixed_transform_step50,2858,2022-11-04,2022-11-14,0.0169449090696014,2022,2022-09-30,learned_market,20260912,0.5136023514496685,0.5136023514496685,1,1
fixed_transform_step50,2863,2022-11-11,2022-11-21,-0.0127051391515239,2022,2022-09-30,learned_market,20260912,0.5432102668287059,0.5432102668287059,1,0
fixed_transform_step50,2868,2022-11-18,2022-11-28,-0.0179672806084416,2022,2022-09-30,learned_market,20260912,0.43451034965178115,0.43451034965178115,0,0
fixed_transform_step50,2873,2022-11-25,2022-12-05,0.0555768659337096,2022,2022-09-30,learned_market,20260912,0.49953093241863084,0.49953093241863084,0,1
fixed_transform_step50,2878,2022-12-02,2022-12-12,0.0175374394775362,2022,2022-09-30,learned_market,20260912,0.4841037538800223,0.4841037538800223,0,1
fixed_transform_step50,2883,2022-12-09,2022-12-19,-0.0058850602464181,2022,2022-09-30,learned_market,20260912,0.5253108412579562,0.5253108412579562,1,0
fixed_transform_step50,2888,2022-12-16,2022-12-26,-0.0309150292073658,2022,2022-09-30,learned_market,20260912,0.566993162818885,0.566993162818885,1,0
fixed_transform_step50,2893,2022-12-23,2023-01-03,0.0089464492229616,2022,2022-09-30,learned_market,20260912,0.4458875692337121,0.4458875692337121,0,1
fixed_transform_step50,2898,2022-12-30,2023-01-09,0.0345913414268119,2022,2022-09-30,learned_market,20260912,0.43615515616747896,0.43615515616747896,0,1
fixed_transform_step50,2843,2022-10-14,2022-10-24,-0.0246766294110258,2022,2022-09-30,learned_vol_interaction,20260912,0.5677362954062467,0.5677362954062467,1,0
fixed_transform_step50,2848,2022-10-21,2022-10-31,-0.059928861134359,2022,2022-09-30,learned_vol_interaction,20260912,0.6022274764174367,0.6022274764174367,1,0
fixed_transform_step50,2853,2022-10-28,2022-11-07,0.071339502526744,2022,2022-09-30,learned_vol_interaction,20260912,0.5501481148692436,0.5501481148692436,1,1
fixed_transform_step50,2858,2022-11-04,2022-11-14,0.0169449090696014,2022,2022-09-30,learned_vol_interaction,20260912,0.5136642309408602,0.5136642309408602,1,1
fixed_transform_step50,2863,2022-11-11,2022-11-21,-0.0127051391515239,2022,2022-09-30,learned_vol_interaction,20260912,0.5468779972449389,0.5468779972449389,1,0
fixed_transform_step50,2868,2022-11-18,2022-11-28,-0.0179672806084416,2022,2022-09-30,learned_vol_interaction,20260912,0.44436682482167317,0.44436682482167317,0,0
fixed_transform_step50,2873,2022-11-25,2022-12-05,0.0555768659337096,2022,2022-09-30,learned_vol_interaction,20260912,0.5023436346341955,0.5023436346341955,1,1
fixed_transform_step50,2878,2022-12-02,2022-12-12,0.0175374394775362,2022,2022-09-30,learned_vol_interaction,20260912,0.48353219871329556,0.48353219871329556,0,1
fixed_transform_step50,2883,2022-12-09,2022-12-19,-0.0058850602464181,2022,2022-09-30,learned_vol_interaction,20260912,0.524094734244462,0.524094734244462,1,0
fixed_transform_step50,2888,2022-12-16,2022-12-26,-0.0309150292073658,2022,2022-09-30,learned_vol_interaction,20260912,0.567696298431128,0.567696298431128,1,0
fixed_transform_step50,2893,2022-12-23,2023-01-03,0.0089464492229616,2022,2022-09-30,learned_vol_interaction,20260912,0.4432835065387666,0.4432835065387666,0,1
fixed_transform_step50,2898,2022-12-30,2023-01-09,0.0345913414268119,2022,2022-09-30,learned_vol_interaction,20260912,0.4294760266305495,0.4294760266305495,0,1
fixed_transform_step50,2843,2022-10-14,2022-10-24,-0.0246766294110258,2022,2022-09-30,learned_order_extension,20260912,0.5432095939361937,0.5432095939361937,1,0
fixed_transform_step50,2848,2022-10-21,2022-10-31,-0.059928861134359,2022,2022-09-30,learned_order_extension,20260912,0.5743992748615371,0.5743992748615371,1,0
fixed_transform_step50,2853,2022-10-28,2022-11-07,0.071339502526744,2022,2022-09-30,learned_order_extension,20260912,0.5465750649626641,0.5465750649626641,1,1
fixed_transform_step50,2858,2022-11-04,2022-11-14,0.0169449090696014,2022,2022-09-30,learned_order_extension,20260912,0.5245727873117696,0.5245727873117696,1,1
fixed_transform_step50,2863,2022-11-11,2022-11-21,-0.0127051391515239,2022,2022-09-30,learned_order_extension,20260912,0.5437966731239887,0.5437966731239887,1,0
fixed_transform_step50,2868,2022-11-18,2022-11-28,-0.0179672806084416,2022,2022-09-30,learned_order_extension,20260912,0.4212807801809012,0.4212807801809012,0,0
fixed_transform_step50,2873,2022-11-25,2022-12-05,0.0555768659337096,2022,2022-09-30,learned_order_extension,20260912,0.46746706735502996,0.46746706735502996,0,1
fixed_transform_step50,2878,2022-12-02,2022-12-12,0.0175374394775362,2022,2022-09-30,learned_order_extension,20260912,0.4495680031869767,0.4495680031869767,0,1
fixed_transform_step50,2883,2022-12-09,2022-12-19,-0.0058850602464181,2022,2022-09-30,learned_order_extension,20260912,0.5160374451149448,0.5160374451149448,1,0
fixed_transform_step50,2888,2022-12-16,2022-12-26,-0.0309150292073658,2022,2022-09-30,learned_order_extension,20260912,0.5973821481602,0.5973821481602,1,0
fixed_transform_step50,2893,2022-12-23,2023-01-03,0.0089464492229616,2022,2022-09-30,learned_order_extension,20260912,0.4581197066163914,0.4581197066163914,0,1
fixed_transform_step50,2898,2022-12-30,2023-01-09,0.0345913414268119,2022,2022-09-30,learned_order_extension,20260912,0.4382678705055369,0.4382678705055369,0,1
fixed_transform_step50,2843,2022-10-14,2022-10-24,-0.0246766294110258,2022,2022-09-30,learned_order_offset,20260912,0.5406162130701716,0.5406162130701716,1,0
fixed_transform_step50,2848,2022-10-21,2022-10-31,-0.059928861134359,2022,2022-09-30,learned_order_offset,20260912,0.5687938241579606,0.5687938241579606,1,0
fixed_transform_step50,2853,2022-10-28,2022-11-07,0.071339502526744,2022,2022-09-30,learned_order_offset,20260912,0.5481316589116888,0.5481316589116888,1,1
fixed_transform_step50,2858,2022-11-04,2022-11-14,0.0169449090696014,2022,2022-09-30,learned_order_offset,20260912,0.5247862702902224,0.5247862702902224,1,1
fixed_transform_step50,2863,2022-11-11,2022-11-21,-0.0127051391515239,2022,2022-09-30,learned_order_offset,20260912,0.5486298412606005,0.5486298412606005,1,0
fixed_transform_step50,2868,2022-11-18,2022-11-28,-0.0179672806084416,2022,2022-09-30,learned_order_offset,20260912,0.4269181338658724,0.4269181338658724,0,0
fixed_transform_step50,2873,2022-11-25,2022-12-05,0.0555768659337096,2022,2022-09-30,learned_order_offset,20260912,0.4754591599243065,0.4754591599243065,0,1
fixed_transform_step50,2878,2022-12-02,2022-12-12,0.0175374394775362,2022,2022-09-30,learned_order_offset,20260912,0.4583043165808884,0.4583043165808884,0,1
fixed_transform_step50,2883,2022-12-09,2022-12-19,-0.0058850602464181,2022,2022-09-30,learned_order_offset,20260912,0.5161208905892287,0.5161208905892287,1,0
fixed_transform_step50,2888,2022-12-16,2022-12-26,-0.0309150292073658,2022,2022-09-30,learned_order_offset,20260912,0.5826062078534878,0.5826062078534878,1,0
fixed_transform_step50,2893,2022-12-23,2023-01-03,0.0089464492229616,2022,2022-09-30,learned_order_offset,20260912,0.46036256424212757,0.46036256424212757,0,1
fixed_transform_step50,2898,2022-12-30,2023-01-09,0.0345913414268119,2022,2022-09-30,learned_order_offset,20260912,0.4448780051890532,0.4448780051890532,0,1
fixed_transform_step50,2902,2023-01-06,2023-01-16,0.0198447929614133,2023,2022-12-31,learned_market,20260910,0.2720748657753032,0.2720748657753032,0,1
fixed_transform_step50,2907,2023-01-13,2023-01-30,0.0465290788350809,2023,2022-12-31,learned_market,20260910,0.47236248212800225,0.47236248212800225,0,1
fixed_transform_step50,2912,2023-01-20,2023-02-06,-0.0383797057844887,2023,2022-12-31,learned_market,20260910,0.406664897579608,0.406664897579608,0,0
fixed_transform_step50,2917,2023-02-03,2023-02-13,-0.0012061903149008,2023,2022-12-31,learned_market,20260910,0.7077615943567296,0.7077615943567296,1,0
fixed_transform_step50,2922,2023-02-10,2023-02-20,-0.0143746584432821,2023,2022-12-31,learned_market,20260910,0.3396729663973045,0.3396729663973045,0,0
fixed_transform_step50,2927,2023-02-17,2023-02-27,0.0001237636016198,2023,2022-12-31,learned_market,20260910,0.3940367299508906,0.3940367299508906,0,1
fixed_transform_step50,2932,2023-02-24,2023-03-06,0.0224454641303217,2023,2022-12-31,learned_market,20260910,0.6368517662464305,0.6368517662464305,1,1
fixed_transform_step50,2937,2023-03-03,2023-03-13,-0.0407900947678007,2023,2022-12-31,learned_market,20260910,0.7365179717700991,0.7365179717700991,1,0
fixed_transform_step50,2942,2023-03-10,2023-03-20,5.0471402903706775e-06,2023,2022-12-31,learned_market,20260910,0.5813776336748179,0.5813776336748179,1,1
fixed_transform_step50,2947,2023-03-17,2023-03-27,0.015302852124583,2023,2022-12-31,learned_market,20260910,0.42485803758448765,0.42485803758448765,0,1
fixed_transform_step50,2952,2023-03-24,2023-04-03,0.0090274153058433,2023,2022-12-31,learned_market,20260910,0.37090574302943613,0.37090574302943613,0,1
fixed_transform_step50,2957,2023-03-31,2023-04-10,0.0178317182396383,2023,2022-12-31,learned_market,20260910,0.3924154635264961,0.3924154635264961,0,1
fixed_transform_step50,2902,2023-01-06,2023-01-16,0.0198447929614133,2023,2022-12-31,learned_vol_interaction,20260910,0.2579229355480302,0.2579229355480302,0,1
fixed_transform_step50,2907,2023-01-13,2023-01-30,0.0465290788350809,2023,2022-12-31,learned_vol_interaction,20260910,0.46834593067568,0.46834593067568,0,1
fixed_transform_step50,2912,2023-01-20,2023-02-06,-0.0383797057844887,2023,2022-12-31,learned_vol_interaction,20260910,0.3968582316115995,0.3968582316115995,0,0
fixed_transform_step50,2917,2023-02-03,2023-02-13,-0.0012061903149008,2023,2022-12-31,learned_vol_interaction,20260910,0.7386639107975522,0.7386639107975522,1,0
fixed_transform_step50,2922,2023-02-10,2023-02-20,-0.0143746584432821,2023,2022-12-31,learned_vol_interaction,20260910,0.3303769483660095,0.3303769483660095,0,0
fixed_transform_step50,2927,2023-02-17,2023-02-27,0.0001237636016198,2023,2022-12-31,learned_vol_interaction,20260910,0.37895686267521006,0.37895686267521006,0,1
fixed_transform_step50,2932,2023-02-24,2023-03-06,0.0224454641303217,2023,2022-12-31,learned_vol_interaction,20260910,0.6474147480213357,0.6474147480213357,1,1
fixed_transform_step50,2937,2023-03-03,2023-03-13,-0.0407900947678007,2023,2022-12-31,learned_vol_interaction,20260910,0.7530412308563522,0.7530412308563522,1,0
fixed_transform_step50,2942,2023-03-10,2023-03-20,5.0471402903706775e-06,2023,2022-12-31,learned_vol_interaction,20260910,0.5873882519994295,0.5873882519994295,1,1
fixed_transform_step50,2947,2023-03-17,2023-03-27,0.015302852124583,2023,2022-12-31,learned_vol_interaction,20260910,0.41458186592231894,0.41458186592231894,0,1
fixed_transform_step50,2952,2023-03-24,2023-04-03,0.0090274153058433,2023,2022-12-31,learned_vol_interaction,20260910,0.35652402288788393,0.35652402288788393,0,1
fixed_transform_step50,2957,2023-03-31,2023-04-10,0.0178317182396383,2023,2022-12-31,learned_vol_interaction,20260910,0.3863632737017367,0.3863632737017367,0,1
fixed_transform_step50,2902,2023-01-06,2023-01-16,0.0198447929614133,2023,2022-12-31,learned_order_extension,20260910,0.2943161630816726,0.2943161630816726,0,1
fixed_transform_step50,2907,2023-01-13,2023-01-30,0.0465290788350809,2023,2022-12-31,learned_order_extension,20260910,0.46027187341536235,0.46027187341536235,0,1
fixed_transform_step50,2912,2023-01-20,2023-02-06,-0.0383797057844887,2023,2022-12-31,learned_order_extension,20260910,0.3872152058090037,0.3872152058090037,0,0
fixed_transform_step50,2917,2023-02-03,2023-02-13,-0.0012061903149008,2023,2022-12-31,learned_order_extension,20260910,0.7087431108814826,0.7087431108814826,1,0
fixed_transform_step50,2922,2023-02-10,2023-02-20,-0.0143746584432821,2023,2022-12-31,learned_order_extension,20260910,0.33420380659580207,0.33420380659580207,0,0
fixed_transform_step50,2927,2023-02-17,2023-02-27,0.0001237636016198,2023,2022-12-31,learned_order_extension,20260910,0.37695809393703467,0.37695809393703467,0,1
fixed_transform_step50,2932,2023-02-24,2023-03-06,0.0224454641303217,2023,2022-12-31,learned_order_extension,20260910,0.6504979423759706,0.6504979423759706,1,1
fixed_transform_step50,2937,2023-03-03,2023-03-13,-0.0407900947678007,2023,2022-12-31,learned_order_extension,20260910,0.7451391997229981,0.7451391997229981,1,0
fixed_transform_step50,2942,2023-03-10,2023-03-20,5.0471402903706775e-06,2023,2022-12-31,learned_order_extension,20260910,0.5807717243209339,0.5807717243209339,1,1
fixed_transform_step50,2947,2023-03-17,2023-03-27,0.015302852124583,2023,2022-12-31,learned_order_extension,20260910,0.4261400351912486,0.4261400351912486,0,1
fixed_transform_step50,2952,2023-03-24,2023-04-03,0.0090274153058433,2023,2022-12-31,learned_order_extension,20260910,0.35549705087245137,0.35549705087245137,0,1
fixed_transform_step50,2957,2023-03-31,2023-04-10,0.0178317182396383,2023,2022-12-31,learned_order_extension,20260910,0.38561638910546875,0.38561638910546875,0,1
fixed_transform_step50,2902,2023-01-06,2023-01-16,0.0198447929614133,2023,2022-12-31,learned_order_offset,20260910,0.29436491679511234,0.29436491679511234,0,1
fixed_transform_step50,2907,2023-01-13,2023-01-30,0.0465290788350809,2023,2022-12-31,learned_order_offset,20260910,0.45922844261203544,0.45922844261203544,0,1
fixed_transform_step50,2912,2023-01-20,2023-02-06,-0.0383797057844887,2023,2022-12-31,learned_order_offset,20260910,0.3863007910171924,0.3863007910171924,0,0
fixed_transform_step50,2917,2023-02-03,2023-02-13,-0.0012061903149008,2023,2022-12-31,learned_order_offset,20260910,0.708109906191393,0.708109906191393,1,0
fixed_transform_step50,2922,2023-02-10,2023-02-20,-0.0143746584432821,2023,2022-12-31,learned_order_offset,20260910,0.3342356424663725,0.3342356424663725,0,0
fixed_transform_step50,2927,2023-02-17,2023-02-27,0.0001237636016198,2023,2022-12-31,learned_order_offset,20260910,0.3768936129162209,0.3768936129162209,0,1
fixed_transform_step50,2932,2023-02-24,2023-03-06,0.0224454641303217,2023,2022-12-31,learned_order_offset,20260910,0.650954614063496,0.650954614063496,1,1
fixed_transform_step50,2937,2023-03-03,2023-03-13,-0.0407900947678007,2023,2022-12-31,learned_order_offset,20260910,0.744213255918267,0.744213255918267,1,0
fixed_transform_step50,2942,2023-03-10,2023-03-20,5.0471402903706775e-06,2023,2022-12-31,learned_order_offset,20260910,0.581402685223824,0.581402685223824,1,1
fixed_transform_step50,2947,2023-03-17,2023-03-27,0.015302852124583,2023,2022-12-31,learned_order_offset,20260910,0.4267138677564879,0.4267138677564879,0,1
fixed_transform_step50,2952,2023-03-24,2023-04-03,0.0090274153058433,2023,2022-12-31,learned_order_offset,20260910,0.3550974197538086,0.3550974197538086,0,1
fixed_transform_step50,2957,2023-03-31,2023-04-10,0.0178317182396383,2023,2022-12-31,learned_order_offset,20260910,0.38476763491007665,0.38476763491007665,0,1
fixed_transform_step50,2902,2023-01-06,2023-01-16,0.0198447929614133,2023,2022-12-31,learned_market,20260911,0.4109996836659653,0.4109996836659653,0,1
fixed_transform_step50,2907,2023-01-13,2023-01-30,0.0465290788350809,2023,2022-12-31,learned_market,20260911,0.344318482304961,0.344318482304961,0,1
fixed_transform_step50,2912,2023-01-20,2023-02-06,-0.0383797057844887,2023,2022-12-31,learned_market,20260911,0.6588589521771411,0.6588589521771411,1,0
fixed_transform_step50,2917,2023-02-03,2023-02-13,-0.0012061903149008,2023,2022-12-31,learned_market,20260911,0.5846417083500102,0.5846417083500102,1,0
fixed_transform_step50,2922,2023-02-10,2023-02-20,-0.0143746584432821,2023,2022-12-31,learned_market,20260911,0.37229435163057095,0.37229435163057095,0,0
fixed_transform_step50,2927,2023-02-17,2023-02-27,0.0001237636016198,2023,2022-12-31,learned_market,20260911,0.4278917331001193,0.4278917331001193,0,1
fixed_transform_step50,2932,2023-02-24,2023-03-06,0.0224454641303217,2023,2022-12-31,learned_market,20260911,0.6524353768671635,0.6524353768671635,1,1
fixed_transform_step50,2937,2023-03-03,2023-03-13,-0.0407900947678007,2023,2022-12-31,learned_market,20260911,0.767620468884498,0.767620468884498,1,0
fixed_transform_step50,2942,2023-03-10,2023-03-20,5.0471402903706775e-06,2023,2022-12-31,learned_market,20260911,0.6078004132598206,0.6078004132598206,1,1
fixed_transform_step50,2947,2023-03-17,2023-03-27,0.015302852124583,2023,2022-12-31,learned_market,20260911,0.41902195233093853,0.41902195233093853,0,1
fixed_transform_step50,2952,2023-03-24,2023-04-03,0.0090274153058433,2023,2022-12-31,learned_market,20260911,0.4677158880927443,0.4677158880927443,0,1
fixed_transform_step50,2957,2023-03-31,2023-04-10,0.0178317182396383,2023,2022-12-31,learned_market,20260911,0.5644297293997745,0.5644297293997745,1,1
fixed_transform_step50,2902,2023-01-06,2023-01-16,0.0198447929614133,2023,2022-12-31,learned_vol_interaction,20260911,0.40969442309749926,0.40969442309749926,0,1
fixed_transform_step50,2907,2023-01-13,2023-01-30,0.0465290788350809,2023,2022-12-31,learned_vol_interaction,20260911,0.36456829174456845,0.36456829174456845,0,1
fixed_transform_step50,2912,2023-01-20,2023-02-06,-0.0383797057844887,2023,2022-12-31,learned_vol_interaction,20260911,0.5794436004575169,0.5794436004575169,1,0
fixed_transform_step50,2917,2023-02-03,2023-02-13,-0.0012061903149008,2023,2022-12-31,learned_vol_interaction,20260911,0.5514968469417321,0.5514968469417321,1,0
fixed_transform_step50,2922,2023-02-10,2023-02-20,-0.0143746584432821,2023,2022-12-31,learned_vol_interaction,20260911,0.3927055424872561,0.3927055424872561,0,0
fixed_transform_step50,2927,2023-02-17,2023-02-27,0.0001237636016198,2023,2022-12-31,learned_vol_interaction,20260911,0.44774683758526995,0.44774683758526995,0,1
fixed_transform_step50,2932,2023-02-24,2023-03-06,0.0224454641303217,2023,2022-12-31,learned_vol_interaction,20260911,0.619096546985403,0.619096546985403,1,1
fixed_transform_step50,2937,2023-03-03,2023-03-13,-0.0407900947678007,2023,2022-12-31,learned_vol_interaction,20260911,0.7361671223361639,0.7361671223361639,1,0
fixed_transform_step50,2942,2023-03-10,2023-03-20,5.0471402903706775e-06,2023,2022-12-31,learned_vol_interaction,20260911,0.5923713060138441,0.5923713060138441,1,1
fixed_transform_step50,2947,2023-03-17,2023-03-27,0.015302852124583,2023,2022-12-31,learned_vol_interaction,20260911,0.44129297023126407,0.44129297023126407,0,1
fixed_transform_step50,2952,2023-03-24,2023-04-03,0.0090274153058433,2023,2022-12-31,learned_vol_interaction,20260911,0.48118952805584325,0.48118952805584325,0,1
fixed_transform_step50,2957,2023-03-31,2023-04-10,0.0178317182396383,2023,2022-12-31,learned_vol_interaction,20260911,0.5581984383579583,0.5581984383579583,1,1
fixed_transform_step50,2902,2023-01-06,2023-01-16,0.0198447929614133,2023,2022-12-31,learned_order_extension,20260911,0.4111458737354107,0.4111458737354107,0,1
fixed_transform_step50,2907,2023-01-13,2023-01-30,0.0465290788350809,2023,2022-12-31,learned_order_extension,20260911,0.36472782557647304,0.36472782557647304,0,1
fixed_transform_step50,2912,2023-01-20,2023-02-06,-0.0383797057844887,2023,2022-12-31,learned_order_extension,20260911,0.5780473136480286,0.5780473136480286,1,0
fixed_transform_step50,2917,2023-02-03,2023-02-13,-0.0012061903149008,2023,2022-12-31,learned_order_extension,20260911,0.5514322848293292,0.5514322848293292,1,0
fixed_transform_step50,2922,2023-02-10,2023-02-20,-0.0143746584432821,2023,2022-12-31,learned_order_extension,20260911,0.3920291907474336,0.3920291907474336,0,0
fixed_transform_step50,2927,2023-02-17,2023-02-27,0.0001237636016198,2023,2022-12-31,learned_order_extension,20260911,0.4473244932999703,0.4473244932999703,0,1
fixed_transform_step50,2932,2023-02-24,2023-03-06,0.0224454641303217,2023,2022-12-31,learned_order_extension,20260911,0.6194433589464242,0.6194433589464242,1,1
fixed_transform_step50,2937,2023-03-03,2023-03-13,-0.0407900947678007,2023,2022-12-31,learned_order_extension,20260911,0.7367440693214489,0.7367440693214489,1,0
fixed_transform_step50,2942,2023-03-10,2023-03-20,5.0471402903706775e-06,2023,2022-12-31,learned_order_extension,20260911,0.5926520405957385,0.5926520405957385,1,1
fixed_transform_step50,2947,2023-03-17,2023-03-27,0.015302852124583,2023,2022-12-31,learned_order_extension,20260911,0.44150652320643097,0.44150652320643097,0,1
fixed_transform_step50,2952,2023-03-24,2023-04-03,0.0090274153058433,2023,2022-12-31,learned_order_extension,20260911,0.4806406899115495,0.4806406899115495,0,1
fixed_transform_step50,2957,2023-03-31,2023-04-10,0.0178317182396383,2023,2022-12-31,learned_order_extension,20260911,0.5564015664237618,0.5564015664237618,1,1
fixed_transform_step50,2902,2023-01-06,2023-01-16,0.0198447929614133,2023,2022-12-31,learned_order_offset,20260911,0.41117201615041793,0.41117201615041793,0,1
fixed_transform_step50,2907,2023-01-13,2023-01-30,0.0465290788350809,2023,2022-12-31,learned_order_offset,20260911,0.364680620051655,0.364680620051655,0,1
fixed_transform_step50,2912,2023-01-20,2023-02-06,-0.0383797057844887,2023,2022-12-31,learned_order_offset,20260911,0.578179649696222,0.578179649696222,1,0
fixed_transform_step50,2917,2023-02-03,2023-02-13,-0.0012061903149008,2023,2022-12-31,learned_order_offset,20260911,0.5515128874638535,0.5515128874638535,1,0
fixed_transform_step50,2922,2023-02-10,2023-02-20,-0.0143746584432821,2023,2022-12-31,learned_order_offset,20260911,0.39192014326711666,0.39192014326711666,0,0
fixed_transform_step50,2927,2023-02-17,2023-02-27,0.0001237636016198,2023,2022-12-31,learned_order_offset,20260911,0.44735551730013157,0.44735551730013157,0,1
fixed_transform_step50,2932,2023-02-24,2023-03-06,0.0224454641303217,2023,2022-12-31,learned_order_offset,20260911,0.6194755772192605,0.6194755772192605,1,1
fixed_transform_step50,2937,2023-03-03,2023-03-13,-0.0407900947678007,2023,2022-12-31,learned_order_offset,20260911,0.7367890366176728,0.7367890366176728,1,0
fixed_transform_step50,2942,2023-03-10,2023-03-20,5.0471402903706775e-06,2023,2022-12-31,learned_order_offset,20260911,0.5927141757173765,0.5927141757173765,1,1
fixed_transform_step50,2947,2023-03-17,2023-03-27,0.015302852124583,2023,2022-12-31,learned_order_offset,20260911,0.44144992787218895,0.44144992787218895,0,1
fixed_transform_step50,2952,2023-03-24,2023-04-03,0.0090274153058433,2023,2022-12-31,learned_order_offset,20260911,0.48064826466248156,0.48064826466248156,0,1
fixed_transform_step50,2957,2023-03-31,2023-04-10,0.0178317182396383,2023,2022-12-31,learned_order_offset,20260911,0.556461403271004,0.556461403271004,1,1
fixed_transform_step50,2902,2023-01-06,2023-01-16,0.0198447929614133,2023,2022-12-31,learned_market,20260912,0.30052885603711643,0.30052885603711643,0,1
fixed_transform_step50,2907,2023-01-13,2023-01-30,0.0465290788350809,2023,2022-12-31,learned_market,20260912,0.25642703962175933,0.25642703962175933,0,1
fixed_transform_step50,2912,2023-01-20,2023-02-06,-0.0383797057844887,2023,2022-12-31,learned_market,20260912,0.6884031394091166,0.6884031394091166,1,0
fixed_transform_step50,2917,2023-02-03,2023-02-13,-0.0012061903149008,2023,2022-12-31,learned_market,20260912,0.48719446040105807,0.48719446040105807,0,0
fixed_transform_step50,2922,2023-02-10,2023-02-20,-0.0143746584432821,2023,2022-12-31,learned_market,20260912,0.25478983111842135,0.25478983111842135,0,0
fixed_transform_step50,2927,2023-02-17,2023-02-27,0.0001237636016198,2023,2022-12-31,learned_market,20260912,0.4079835806267681,0.4079835806267681,0,1
fixed_transform_step50,2932,2023-02-24,2023-03-06,0.0224454641303217,2023,2022-12-31,learned_market,20260912,0.7137242634797857,0.7137242634797857,1,1
fixed_transform_step50,2937,2023-03-03,2023-03-13,-0.0407900947678007,2023,2022-12-31,learned_market,20260912,0.5807881322909977,0.5807881322909977,1,0
fixed_transform_step50,2942,2023-03-10,2023-03-20,5.0471402903706775e-06,2023,2022-12-31,learned_market,20260912,0.41460120883303464,0.41460120883303464,0,1
fixed_transform_step50,2947,2023-03-17,2023-03-27,0.015302852124583,2023,2022-12-31,learned_market,20260912,0.30490069121650976,0.30490069121650976,0,1
fixed_transform_step50,2952,2023-03-24,2023-04-03,0.0090274153058433,2023,2022-12-31,learned_market,20260912,0.5481390563099999,0.5481390563099999,1,1
fixed_transform_step50,2957,2023-03-31,2023-04-10,0.0178317182396383,2023,2022-12-31,learned_market,20260912,0.611788401190659,0.611788401190659,1,1
fixed_transform_step50,2902,2023-01-06,2023-01-16,0.0198447929614133,2023,2022-12-31,learned_vol_interaction,20260912,0.28965659740268485,0.28965659740268485,0,1
fixed_transform_step50,2907,2023-01-13,2023-01-30,0.0465290788350809,2023,2022-12-31,learned_vol_interaction,20260912,0.24376767561556023,0.24376767561556023,0,1
fixed_transform_step50,2912,2023-01-20,2023-02-06,-0.0383797057844887,2023,2022-12-31,learned_vol_interaction,20260912,0.7144269683090918,0.7144269683090918,1,0
fixed_transform_step50,2917,2023-02-03,2023-02-13,-0.0012061903149008,2023,2022-12-31,learned_vol_interaction,20260912,0.48449097695552545,0.48449097695552545,0,0
fixed_transform_step50,2922,2023-02-10,2023-02-20,-0.0143746584432821,2023,2022-12-31,learned_vol_interaction,20260912,0.24568395555451436,0.24568395555451436,0,0
fixed_transform_step50,2927,2023-02-17,2023-02-27,0.0001237636016198,2023,2022-12-31,learned_vol_interaction,20260912,0.4043340500782045,0.4043340500782045,0,1
fixed_transform_step50,2932,2023-02-24,2023-03-06,0.0224454641303217,2023,2022-12-31,learned_vol_interaction,20260912,0.7237644100552868,0.7237644100552868,1,1
fixed_transform_step50,2937,2023-03-03,2023-03-13,-0.0407900947678007,2023,2022-12-31,learned_vol_interaction,20260912,0.5909800662310533,0.5909800662310533,1,0
fixed_transform_step50,2942,2023-03-10,2023-03-20,5.0471402903706775e-06,2023,2022-12-31,learned_vol_interaction,20260912,0.42073806711796297,0.42073806711796297,0,1
fixed_transform_step50,2947,2023-03-17,2023-03-27,0.015302852124583,2023,2022-12-31,learned_vol_interaction,20260912,0.29115877511006416,0.29115877511006416,0,1
fixed_transform_step50,2952,2023-03-24,2023-04-03,0.0090274153058433,2023,2022-12-31,learned_vol_interaction,20260912,0.5529999746105244,0.5529999746105244,1,1
fixed_transform_step50,2957,2023-03-31,2023-04-10,0.0178317182396383,2023,2022-12-31,learned_vol_interaction,20260912,0.632100803954458,0.632100803954458,1,1
fixed_transform_step50,2902,2023-01-06,2023-01-16,0.0198447929614133,2023,2022-12-31,learned_order_extension,20260912,0.3320870087441045,0.3320870087441045,0,1
fixed_transform_step50,2907,2023-01-13,2023-01-30,0.0465290788350809,2023,2022-12-31,learned_order_extension,20260912,0.27988954900977053,0.27988954900977053,0,1
fixed_transform_step50,2912,2023-01-20,2023-02-06,-0.0383797057844887,2023,2022-12-31,learned_order_extension,20260912,0.6620064456911843,0.6620064456911843,1,0
fixed_transform_step50,2917,2023-02-03,2023-02-13,-0.0012061903149008,2023,2022-12-31,learned_order_extension,20260912,0.47399209037220413,0.47399209037220413,0,0
fixed_transform_step50,2922,2023-02-10,2023-02-20,-0.0143746584432821,2023,2022-12-31,learned_order_extension,20260912,0.24616016767148868,0.24616016767148868,0,0
fixed_transform_step50,2927,2023-02-17,2023-02-27,0.0001237636016198,2023,2022-12-31,learned_order_extension,20260912,0.39614793530843245,0.39614793530843245,0,1
fixed_transform_step50,2932,2023-02-24,2023-03-06,0.0224454641303217,2023,2022-12-31,learned_order_extension,20260912,0.7129289281429624,0.7129289281429624,1,1
fixed_transform_step50,2937,2023-03-03,2023-03-13,-0.0407900947678007,2023,2022-12-31,learned_order_extension,20260912,0.5872179709776264,0.5872179709776264,1,0
fixed_transform_step50,2942,2023-03-10,2023-03-20,5.0471402903706775e-06,2023,2022-12-31,learned_order_extension,20260912,0.45917963346836393,0.45917963346836393,0,1
fixed_transform_step50,2947,2023-03-17,2023-03-27,0.015302852124583,2023,2022-12-31,learned_order_extension,20260912,0.3321757909492291,0.3321757909492291,0,1
fixed_transform_step50,2952,2023-03-24,2023-04-03,0.0090274153058433,2023,2022-12-31,learned_order_extension,20260912,0.5428268381901444,0.5428268381901444,1,1
fixed_transform_step50,2957,2023-03-31,2023-04-10,0.0178317182396383,2023,2022-12-31,learned_order_extension,20260912,0.5750765947333518,0.5750765947333518,1,1
fixed_transform_step50,2902,2023-01-06,2023-01-16,0.0198447929614133,2023,2022-12-31,learned_order_offset,20260912,0.33518639317613286,0.33518639317613286,0,1
fixed_transform_step50,2907,2023-01-13,2023-01-30,0.0465290788350809,2023,2022-12-31,learned_order_offset,20260912,0.283926532884273,0.283926532884273,0,1
fixed_transform_step50,2912,2023-01-20,2023-02-06,-0.0383797057844887,2023,2022-12-31,learned_order_offset,20260912,0.656265266213206,0.656265266213206,1,0
fixed_transform_step50,2917,2023-02-03,2023-02-13,-0.0012061903149008,2023,2022-12-31,learned_order_offset,20260912,0.47265762776020354,0.47265762776020354,0,0
fixed_transform_step50,2922,2023-02-10,2023-02-20,-0.0143746584432821,2023,2022-12-31,learned_order_offset,20260912,0.2502577591654617,0.2502577591654617,0,0
fixed_transform_step50,2927,2023-02-17,2023-02-27,0.0001237636016198,2023,2022-12-31,learned_order_offset,20260912,0.3981719184557722,0.3981719184557722,0,1
fixed_transform_step50,2932,2023-02-24,2023-03-06,0.0224454641303217,2023,2022-12-31,learned_order_offset,20260912,0.7071114667508918,0.7071114667508918,1,1
fixed_transform_step50,2937,2023-03-03,2023-03-13,-0.0407900947678007,2023,2022-12-31,learned_order_offset,20260912,0.5854544425200702,0.5854544425200702,1,0
fixed_transform_step50,2942,2023-03-10,2023-03-20,5.0471402903706775e-06,2023,2022-12-31,learned_order_offset,20260912,0.4623204109511431,0.4623204109511431,0,1
fixed_transform_step50,2947,2023-03-17,2023-03-27,0.015302852124583,2023,2022-12-31,learned_order_offset,20260912,0.339217920591994,0.339217920591994,0,1
fixed_transform_step50,2952,2023-03-24,2023-04-03,0.0090274153058433,2023,2022-12-31,learned_order_offset,20260912,0.5430909588293242,0.5430909588293242,1,1
fixed_transform_step50,2957,2023-03-31,2023-04-10,0.0178317182396383,2023,2022-12-31,learned_order_offset,20260912,0.5725347377994414,0.5725347377994414,1,1
fixed_transform_step50,2961,2023-04-07,2023-04-17,-0.0101500238382772,2023,2023-03-31,learned_market,20260910,0.5732195093465184,0.5732195093465184,1,0
fixed_transform_step50,2966,2023-04-14,2023-04-24,-0.014368947230732,2023,2023-03-31,learned_market,20260910,0.34107248323374706,0.34107248323374706,0,0
fixed_transform_step50,2971,2023-04-21,2023-05-04,-0.0044228908788729,2023,2023-03-31,learned_market,20260910,0.514838864109788,0.514838864109788,1,0
fixed_transform_step50,2976,2023-04-28,2023-05-10,0.0036477163153083,2023,2023-03-31,learned_market,20260910,0.39713287071764247,0.39713287071764247,0,1
fixed_transform_step50,2978,2023-05-05,2023-05-15,-0.0221642407977935,2023,2023-03-31,learned_market,20260910,0.46417074168138084,0.46417074168138084,0,0
fixed_transform_step50,2983,2023-05-12,2023-05-22,0.0005509250208819,2023,2023-03-31,learned_market,20260910,0.33019443372687257,0.33019443372687257,0,1
fixed_transform_step50,2988,2023-05-19,2023-05-29,-0.0200253742704897,2023,2023-03-31,learned_market,20260910,0.5525242829059164,0.5525242829059164,1,0
fixed_transform_step50,2993,2023-05-26,2023-06-05,-0.0003935703040848,2023,2023-03-31,learned_market,20260910,0.5260330968826844,0.5260330968826844,1,0
fixed_transform_step50,2998,2023-06-02,2023-06-12,-0.0086075595250429,2023,2023-03-31,learned_market,20260910,0.4442220954513349,0.4442220954513349,0,0
fixed_transform_step50,3003,2023-06-09,2023-06-19,0.0338878539347273,2023,2023-03-31,learned_market,20260910,0.3997928316914567,0.3997928316914567,0,1
fixed_transform_step50,3008,2023-06-16,2023-07-03,-0.026216632171098,2023,2023-03-31,learned_market,20260910,0.39328759383657763,0.39328759383657763,0,0
fixed_transform_step50,3016,2023-06-30,2023-07-10,-0.0030441518806006,2023,2023-03-31,learned_market,20260910,0.44428725394745816,0.44428725394745816,0,0
fixed_transform_step50,2961,2023-04-07,2023-04-17,-0.0101500238382772,2023,2023-03-31,learned_vol_interaction,20260910,0.5754326019354108,0.5754326019354108,1,0
fixed_transform_step50,2966,2023-04-14,2023-04-24,-0.014368947230732,2023,2023-03-31,learned_vol_interaction,20260910,0.3383202212480583,0.3383202212480583,0,0
fixed_transform_step50,2971,2023-04-21,2023-05-04,-0.0044228908788729,2023,2023-03-31,learned_vol_interaction,20260910,0.5145314347964947,0.5145314347964947,1,0
fixed_transform_step50,2976,2023-04-28,2023-05-10,0.0036477163153083,2023,2023-03-31,learned_vol_interaction,20260910,0.3956133540129812,0.3956133540129812,0,1
fixed_transform_step50,2978,2023-05-05,2023-05-15,-0.0221642407977935,2023,2023-03-31,learned_vol_interaction,20260910,0.46312178166768786,0.46312178166768786,0,0
fixed_transform_step50,2983,2023-05-12,2023-05-22,0.0005509250208819,2023,2023-03-31,learned_vol_interaction,20260910,0.3291277802223012,0.3291277802223012,0,1
fixed_transform_step50,2988,2023-05-19,2023-05-29,-0.0200253742704897,2023,2023-03-31,learned_vol_interaction,20260910,0.5545914105986123,0.5545914105986123,1,0
fixed_transform_step50,2993,2023-05-26,2023-06-05,-0.0003935703040848,2023,2023-03-31,learned_vol_interaction,20260910,0.5257988246346202,0.5257988246346202,1,0
fixed_transform_step50,2998,2023-06-02,2023-06-12,-0.0086075595250429,2023,2023-03-31,learned_vol_interaction,20260910,0.4439186742815678,0.4439186742815678,0,0
fixed_transform_step50,3003,2023-06-09,2023-06-19,0.0338878539347273,2023,2023-03-31,learned_vol_interaction,20260910,0.3997481762801005,0.3997481762801005,0,1
fixed_transform_step50,3008,2023-06-16,2023-07-03,-0.026216632171098,2023,2023-03-31,learned_vol_interaction,20260910,0.39347091768636916,0.39347091768636916,0,0
fixed_transform_step50,3016,2023-06-30,2023-07-10,-0.0030441518806006,2023,2023-03-31,learned_vol_interaction,20260910,0.444055718409502,0.444055718409502,0,0
fixed_transform_step50,2961,2023-04-07,2023-04-17,-0.0101500238382772,2023,2023-03-31,learned_order_extension,20260910,0.5466363972170597,0.5466363972170597,1,0
fixed_transform_step50,2966,2023-04-14,2023-04-24,-0.014368947230732,2023,2023-03-31,learned_order_extension,20260910,0.3361646798534052,0.3361646798534052,0,0
fixed_transform_step50,2971,2023-04-21,2023-05-04,-0.0044228908788729,2023,2023-03-31,learned_order_extension,20260910,0.5451072390106599,0.5451072390106599,1,0
fixed_transform_step50,2976,2023-04-28,2023-05-10,0.0036477163153083,2023,2023-03-31,learned_order_extension,20260910,0.4416767500686251,0.4416767500686251,0,1
fixed_transform_step50,2978,2023-05-05,2023-05-15,-0.0221642407977935,2023,2023-03-31,learned_order_extension,20260910,0.4799352371226698,0.4799352371226698,0,0
fixed_transform_step50,2983,2023-05-12,2023-05-22,0.0005509250208819,2023,2023-03-31,learned_order_extension,20260910,0.40458125412465545,0.40458125412465545,0,1
fixed_transform_step50,2988,2023-05-19,2023-05-29,-0.0200253742704897,2023,2023-03-31,learned_order_extension,20260910,0.5327438945941689,0.5327438945941689,1,0
fixed_transform_step50,2993,2023-05-26,2023-06-05,-0.0003935703040848,2023,2023-03-31,learned_order_extension,20260910,0.5283291922945134,0.5283291922945134,1,0
fixed_transform_step50,2998,2023-06-02,2023-06-12,-0.0086075595250429,2023,2023-03-31,learned_order_extension,20260910,0.46501992302433676,0.46501992302433676,0,0
fixed_transform_step50,3003,2023-06-09,2023-06-19,0.0338878539347273,2023,2023-03-31,learned_order_extension,20260910,0.4581282787049064,0.4581282787049064,0,1
fixed_transform_step50,3008,2023-06-16,2023-07-03,-0.026216632171098,2023,2023-03-31,learned_order_extension,20260910,0.44379586371955,0.44379586371955,0,0
fixed_transform_step50,3016,2023-06-30,2023-07-10,-0.0030441518806006,2023,2023-03-31,learned_order_extension,20260910,0.47085873423996505,0.47085873423996505,0,0
fixed_transform_step50,2961,2023-04-07,2023-04-17,-0.0101500238382772,2023,2023-03-31,learned_order_offset,20260910,0.5452386206758114,0.5452386206758114,1,0
fixed_transform_step50,2966,2023-04-14,2023-04-24,-0.014368947230732,2023,2023-03-31,learned_order_offset,20260910,0.3352618376103974,0.3352618376103974,0,0
fixed_transform_step50,2971,2023-04-21,2023-05-04,-0.0044228908788729,2023,2023-03-31,learned_order_offset,20260910,0.5469207354805984,0.5469207354805984,1,0
fixed_transform_step50,2976,2023-04-28,2023-05-10,0.0036477163153083,2023,2023-03-31,learned_order_offset,20260910,0.44299759015879914,0.44299759015879914,0,1
fixed_transform_step50,2978,2023-05-05,2023-05-15,-0.0221642407977935,2023,2023-03-31,learned_order_offset,20260910,0.48050988113693943,0.48050988113693943,0,0
fixed_transform_step50,2983,2023-05-12,2023-05-22,0.0005509250208819,2023,2023-03-31,learned_order_offset,20260910,0.4050703549217515,0.4050703549217515,0,1
fixed_transform_step50,2988,2023-05-19,2023-05-29,-0.0200253742704897,2023,2023-03-31,learned_order_offset,20260910,0.5320496899307311,0.5320496899307311,1,0
fixed_transform_step50,2993,2023-05-26,2023-06-05,-0.0003935703040848,2023,2023-03-31,learned_order_offset,20260910,0.5288862022567523,0.5288862022567523,1,0
fixed_transform_step50,2998,2023-06-02,2023-06-12,-0.0086075595250429,2023,2023-03-31,learned_order_offset,20260910,0.4660818250330642,0.4660818250330642,0,0
fixed_transform_step50,3003,2023-06-09,2023-06-19,0.0338878539347273,2023,2023-03-31,learned_order_offset,20260910,0.45979468900888365,0.45979468900888365,0,1
fixed_transform_step50,3008,2023-06-16,2023-07-03,-0.026216632171098,2023,2023-03-31,learned_order_offset,20260910,0.44353804927936624,0.44353804927936624,0,0
fixed_transform_step50,3016,2023-06-30,2023-07-10,-0.0030441518806006,2023,2023-03-31,learned_order_offset,20260910,0.47160720667683664,0.47160720667683664,0,0
fixed_transform_step50,2961,2023-04-07,2023-04-17,-0.0101500238382772,2023,2023-03-31,learned_market,20260911,0.5182797670481617,0.5182797670481617,1,0
fixed_transform_step50,2966,2023-04-14,2023-04-24,-0.014368947230732,2023,2023-03-31,learned_market,20260911,0.5253913154443742,0.5253913154443742,1,0
fixed_transform_step50,2971,2023-04-21,2023-05-04,-0.0044228908788729,2023,2023-03-31,learned_market,20260911,0.3851376168054289,0.3851376168054289,0,0
fixed_transform_step50,2976,2023-04-28,2023-05-10,0.0036477163153083,2023,2023-03-31,learned_market,20260911,0.36196037428650923,0.36196037428650923,0,1
fixed_transform_step50,2978,2023-05-05,2023-05-15,-0.0221642407977935,2023,2023-03-31,learned_market,20260911,0.35108765065658415,0.35108765065658415,0,0
fixed_transform_step50,2983,2023-05-12,2023-05-22,0.0005509250208819,2023,2023-03-31,learned_market,20260911,0.5078394033993251,0.5078394033993251,1,1
fixed_transform_step50,2988,2023-05-19,2023-05-29,-0.0200253742704897,2023,2023-03-31,learned_market,20260911,0.7416746223198355,0.7416746223198355,1,0
fixed_transform_step50,2993,2023-05-26,2023-06-05,-0.0003935703040848,2023,2023-03-31,learned_market,20260911,0.5191981495608883,0.5191981495608883,1,0
fixed_transform_step50,2998,2023-06-02,2023-06-12,-0.0086075595250429,2023,2023-03-31,learned_market,20260911,0.4219546030767727,0.4219546030767727,0,0
fixed_transform_step50,3003,2023-06-09,2023-06-19,0.0338878539347273,2023,2023-03-31,learned_market,20260911,0.47127908940407714,0.47127908940407714,0,1
fixed_transform_step50,3008,2023-06-16,2023-07-03,-0.026216632171098,2023,2023-03-31,learned_market,20260911,0.4354100387212607,0.4354100387212607,0,0
fixed_transform_step50,3016,2023-06-30,2023-07-10,-0.0030441518806006,2023,2023-03-31,learned_market,20260911,0.5081607048724802,0.5081607048724802,1,0
fixed_transform_step50,2961,2023-04-07,2023-04-17,-0.0101500238382772,2023,2023-03-31,learned_vol_interaction,20260911,0.5105857359874155,0.5105857359874155,1,0
fixed_transform_step50,2966,2023-04-14,2023-04-24,-0.014368947230732,2023,2023-03-31,learned_vol_interaction,20260911,0.5007349065627953,0.5007349065627953,1,0
fixed_transform_step50,2971,2023-04-21,2023-05-04,-0.0044228908788729,2023,2023-03-31,learned_vol_interaction,20260911,0.41475469936712767,0.41475469936712767,0,0
fixed_transform_step50,2976,2023-04-28,2023-05-10,0.0036477163153083,2023,2023-03-31,learned_vol_interaction,20260911,0.3926778088756337,0.3926778088756337,0,1
fixed_transform_step50,2978,2023-05-05,2023-05-15,-0.0221642407977935,2023,2023-03-31,learned_vol_interaction,20260911,0.40202490041872097,0.40202490041872097,0,0
fixed_transform_step50,2983,2023-05-12,2023-05-22,0.0005509250208819,2023,2023-03-31,learned_vol_interaction,20260911,0.5370760554855787,0.5370760554855787,1,1
fixed_transform_step50,2988,2023-05-19,2023-05-29,-0.0200253742704897,2023,2023-03-31,learned_vol_interaction,20260911,0.6934847974876807,0.6934847974876807,1,0
fixed_transform_step50,2993,2023-05-26,2023-06-05,-0.0003935703040848,2023,2023-03-31,learned_vol_interaction,20260911,0.5283039033242812,0.5283039033242812,1,0
fixed_transform_step50,2998,2023-06-02,2023-06-12,-0.0086075595250429,2023,2023-03-31,learned_vol_interaction,20260911,0.4407791276600398,0.4407791276600398,0,0
fixed_transform_step50,3003,2023-06-09,2023-06-19,0.0338878539347273,2023,2023-03-31,learned_vol_interaction,20260911,0.4940989391068359,0.4940989391068359,0,1
fixed_transform_step50,3008,2023-06-16,2023-07-03,-0.026216632171098,2023,2023-03-31,learned_vol_interaction,20260911,0.4645990016228592,0.4645990016228592,0,0
fixed_transform_step50,3016,2023-06-30,2023-07-10,-0.0030441518806006,2023,2023-03-31,learned_vol_interaction,20260911,0.5142464958808847,0.5142464958808847,1,0
fixed_transform_step50,2961,2023-04-07,2023-04-17,-0.0101500238382772,2023,2023-03-31,learned_order_extension,20260911,0.5102874521651767,0.5102874521651767,1,0
fixed_transform_step50,2966,2023-04-14,2023-04-24,-0.014368947230732,2023,2023-03-31,learned_order_extension,20260911,0.5021380223183263,0.5021380223183263,1,0
fixed_transform_step50,2971,2023-04-21,2023-05-04,-0.0044228908788729,2023,2023-03-31,learned_order_extension,20260911,0.41707565138512465,0.41707565138512465,0,0
fixed_transform_step50,2976,2023-04-28,2023-05-10,0.0036477163153083,2023,2023-03-31,learned_order_extension,20260911,0.39800858655388766,0.39800858655388766,0,1
fixed_transform_step50,2978,2023-05-05,2023-05-15,-0.0221642407977935,2023,2023-03-31,learned_order_extension,20260911,0.4069517298952292,0.4069517298952292,0,0
fixed_transform_step50,2983,2023-05-12,2023-05-22,0.0005509250208819,2023,2023-03-31,learned_order_extension,20260911,0.5371682044483381,0.5371682044483381,1,1
fixed_transform_step50,2988,2023-05-19,2023-05-29,-0.0200253742704897,2023,2023-03-31,learned_order_extension,20260911,0.6861433101684479,0.6861433101684479,1,0
fixed_transform_step50,2993,2023-05-26,2023-06-05,-0.0003935703040848,2023,2023-03-31,learned_order_extension,20260911,0.5293738091687143,0.5293738091687143,1,0
fixed_transform_step50,2998,2023-06-02,2023-06-12,-0.0086075595250429,2023,2023-03-31,learned_order_extension,20260911,0.44514643369421386,0.44514643369421386,0,0
fixed_transform_step50,3003,2023-06-09,2023-06-19,0.0338878539347273,2023,2023-03-31,learned_order_extension,20260911,0.4959087684420669,0.4959087684420669,0,1
fixed_transform_step50,3008,2023-06-16,2023-07-03,-0.026216632171098,2023,2023-03-31,learned_order_extension,20260911,0.4674990614857796,0.4674990614857796,0,0
fixed_transform_step50,3016,2023-06-30,2023-07-10,-0.0030441518806006,2023,2023-03-31,learned_order_extension,20260911,0.5123543352141521,0.5123543352141521,1,0
fixed_transform_step50,2961,2023-04-07,2023-04-17,-0.0101500238382772,2023,2023-03-31,learned_order_offset,20260911,0.5102256715792314,0.5102256715792314,1,0
fixed_transform_step50,2966,2023-04-14,2023-04-24,-0.014368947230732,2023,2023-03-31,learned_order_offset,20260911,0.5018985414041424,0.5018985414041424,1,0
fixed_transform_step50,2971,2023-04-21,2023-05-04,-0.0044228908788729,2023,2023-03-31,learned_order_offset,20260911,0.4168400314091428,0.4168400314091428,0,0
fixed_transform_step50,2976,2023-04-28,2023-05-10,0.0036477163153083,2023,2023-03-31,learned_order_offset,20260911,0.39786069547567765,0.39786069547567765,0,1
fixed_transform_step50,2978,2023-05-05,2023-05-15,-0.0221642407977935,2023,2023-03-31,learned_order_offset,20260911,0.4067961940552743,0.4067961940552743,0,0
fixed_transform_step50,2983,2023-05-12,2023-05-22,0.0005509250208819,2023,2023-03-31,learned_order_offset,20260911,0.5369693976851335,0.5369693976851335,1,1
fixed_transform_step50,2988,2023-05-19,2023-05-29,-0.0200253742704897,2023,2023-03-31,learned_order_offset,20260911,0.6861913967097804,0.6861913967097804,1,0
fixed_transform_step50,2993,2023-05-26,2023-06-05,-0.0003935703040848,2023,2023-03-31,learned_order_offset,20260911,0.5292703527264825,0.5292703527264825,1,0
fixed_transform_step50,2998,2023-06-02,2023-06-12,-0.0086075595250429,2023,2023-03-31,learned_order_offset,20260911,0.44511669409344473,0.44511669409344473,0,0
fixed_transform_step50,3003,2023-06-09,2023-06-19,0.0338878539347273,2023,2023-03-31,learned_order_offset,20260911,0.4958115624276633,0.4958115624276633,0,1
fixed_transform_step50,3008,2023-06-16,2023-07-03,-0.026216632171098,2023,2023-03-31,learned_order_offset,20260911,0.4673678231690797,0.4673678231690797,0,0
fixed_transform_step50,3016,2023-06-30,2023-07-10,-0.0030441518806006,2023,2023-03-31,learned_order_offset,20260911,0.5120610160541447,0.5120610160541447,1,0
fixed_transform_step50,2961,2023-04-07,2023-04-17,-0.0101500238382772,2023,2023-03-31,learned_market,20260912,0.6231509553527799,0.6231509553527799,1,0
fixed_transform_step50,2966,2023-04-14,2023-04-24,-0.014368947230732,2023,2023-03-31,learned_market,20260912,0.377030267946714,0.377030267946714,0,0
fixed_transform_step50,2971,2023-04-21,2023-05-04,-0.0044228908788729,2023,2023-03-31,learned_market,20260912,0.32951582778320754,0.32951582778320754,0,0
fixed_transform_step50,2976,2023-04-28,2023-05-10,0.0036477163153083,2023,2023-03-31,learned_market,20260912,0.4639819434814168,0.4639819434814168,0,1
fixed_transform_step50,2978,2023-05-05,2023-05-15,-0.0221642407977935,2023,2023-03-31,learned_market,20260912,0.3262906908933648,0.3262906908933648,0,0
fixed_transform_step50,2983,2023-05-12,2023-05-22,0.0005509250208819,2023,2023-03-31,learned_market,20260912,0.43121943072331753,0.43121943072331753,0,1
fixed_transform_step50,2988,2023-05-19,2023-05-29,-0.0200253742704897,2023,2023-03-31,learned_market,20260912,0.6574731451156053,0.6574731451156053,1,0
fixed_transform_step50,2993,2023-05-26,2023-06-05,-0.0003935703040848,2023,2023-03-31,learned_market,20260912,0.48085815837671986,0.48085815837671986,0,0
fixed_transform_step50,2998,2023-06-02,2023-06-12,-0.0086075595250429,2023,2023-03-31,learned_market,20260912,0.43943543640949473,0.43943543640949473,0,0
fixed_transform_step50,3003,2023-06-09,2023-06-19,0.0338878539347273,2023,2023-03-31,learned_market,20260912,0.34081543874875964,0.34081543874875964,0,1
fixed_transform_step50,3008,2023-06-16,2023-07-03,-0.026216632171098,2023,2023-03-31,learned_market,20260912,0.35265979102909684,0.35265979102909684,0,0
fixed_transform_step50,3016,2023-06-30,2023-07-10,-0.0030441518806006,2023,2023-03-31,learned_market,20260912,0.6324281823912947,0.6324281823912947,1,0
fixed_transform_step50,2961,2023-04-07,2023-04-17,-0.0101500238382772,2023,2023-03-31,learned_vol_interaction,20260912,0.6380523018410046,0.6380523018410046,1,0
fixed_transform_step50,2966,2023-04-14,2023-04-24,-0.014368947230732,2023,2023-03-31,learned_vol_interaction,20260912,0.3705228657796778,0.3705228657796778,0,0
fixed_transform_step50,2971,2023-04-21,2023-05-04,-0.0044228908788729,2023,2023-03-31,learned_vol_interaction,20260912,0.3238522769860591,0.3238522769860591,0,0
fixed_transform_step50,2976,2023-04-28,2023-05-10,0.0036477163153083,2023,2023-03-31,learned_vol_interaction,20260912,0.4601231054789048,0.4601231054789048,0,1
fixed_transform_step50,2978,2023-05-05,2023-05-15,-0.0221642407977935,2023,2023-03-31,learned_vol_interaction,20260912,0.3155354382076513,0.3155354382076513,0,0
fixed_transform_step50,2983,2023-05-12,2023-05-22,0.0005509250208819,2023,2023-03-31,learned_vol_interaction,20260912,0.4353369553231132,0.4353369553231132,0,1
fixed_transform_step50,2988,2023-05-19,2023-05-29,-0.0200253742704897,2023,2023-03-31,learned_vol_interaction,20260912,0.666644574479983,0.666644574479983,1,0
fixed_transform_step50,2993,2023-05-26,2023-06-05,-0.0003935703040848,2023,2023-03-31,learned_vol_interaction,20260912,0.49134748403019024,0.49134748403019024,0,0
fixed_transform_step50,2998,2023-06-02,2023-06-12,-0.0086075595250429,2023,2023-03-31,learned_vol_interaction,20260912,0.43109808082540446,0.43109808082540446,0,0
fixed_transform_step50,3003,2023-06-09,2023-06-19,0.0338878539347273,2023,2023-03-31,learned_vol_interaction,20260912,0.32298642792440657,0.32298642792440657,0,1
fixed_transform_step50,3008,2023-06-16,2023-07-03,-0.026216632171098,2023,2023-03-31,learned_vol_interaction,20260912,0.3292887632257866,0.3292887632257866,0,0
fixed_transform_step50,3016,2023-06-30,2023-07-10,-0.0030441518806006,2023,2023-03-31,learned_vol_interaction,20260912,0.6451657798562085,0.6451657798562085,1,0
fixed_transform_step50,2961,2023-04-07,2023-04-17,-0.0101500238382772,2023,2023-03-31,learned_order_extension,20260912,0.6167961645383631,0.6167961645383631,1,0
fixed_transform_step50,2966,2023-04-14,2023-04-24,-0.014368947230732,2023,2023-03-31,learned_order_extension,20260912,0.3963420409352396,0.3963420409352396,0,0
fixed_transform_step50,2971,2023-04-21,2023-05-04,-0.0044228908788729,2023,2023-03-31,learned_order_extension,20260912,0.3690171185520313,0.3690171185520313,0,0
fixed_transform_step50,2976,2023-04-28,2023-05-10,0.0036477163153083,2023,2023-03-31,learned_order_extension,20260912,0.4531602586729438,0.4531602586729438,0,1
fixed_transform_step50,2978,2023-05-05,2023-05-15,-0.0221642407977935,2023,2023-03-31,learned_order_extension,20260912,0.36658350131153356,0.36658350131153356,0,0
fixed_transform_step50,2983,2023-05-12,2023-05-22,0.0005509250208819,2023,2023-03-31,learned_order_extension,20260912,0.4732746545447968,0.4732746545447968,0,1
fixed_transform_step50,2988,2023-05-19,2023-05-29,-0.0200253742704897,2023,2023-03-31,learned_order_extension,20260912,0.5390518163995855,0.5390518163995855,1,0
fixed_transform_step50,2993,2023-05-26,2023-06-05,-0.0003935703040848,2023,2023-03-31,learned_order_extension,20260912,0.48696356117081413,0.48696356117081413,0,0
fixed_transform_step50,2998,2023-06-02,2023-06-12,-0.0086075595250429,2023,2023-03-31,learned_order_extension,20260912,0.48284742288185173,0.48284742288185173,0,0
fixed_transform_step50,3003,2023-06-09,2023-06-19,0.0338878539347273,2023,2023-03-31,learned_order_extension,20260912,0.4127121782311036,0.4127121782311036,0,1
fixed_transform_step50,3008,2023-06-16,2023-07-03,-0.026216632171098,2023,2023-03-31,learned_order_extension,20260912,0.44461232005341617,0.44461232005341617,0,0
fixed_transform_step50,3016,2023-06-30,2023-07-10,-0.0030441518806006,2023,2023-03-31,learned_order_extension,20260912,0.5914198049004377,0.5914198049004377,1,0
fixed_transform_step50,2961,2023-04-07,2023-04-17,-0.0101500238382772,2023,2023-03-31,learned_order_offset,20260912,0.6139961926486829,0.6139961926486829,1,0
fixed_transform_step50,2966,2023-04-14,2023-04-24,-0.014368947230732,2023,2023-03-31,learned_order_offset,20260912,0.4006609275167066,0.4006609275167066,0,0
fixed_transform_step50,2971,2023-04-21,2023-05-04,-0.0044228908788729,2023,2023-03-31,learned_order_offset,20260912,0.3732200780127785,0.3732200780127785,0,0
fixed_transform_step50,2976,2023-04-28,2023-05-10,0.0036477163153083,2023,2023-03-31,learned_order_offset,20260912,0.4512556867764213,0.4512556867764213,0,1
fixed_transform_step50,2978,2023-05-05,2023-05-15,-0.0221642407977935,2023,2023-03-31,learned_order_offset,20260912,0.3674612484225065,0.3674612484225065,0,0
fixed_transform_step50,2983,2023-05-12,2023-05-22,0.0005509250208819,2023,2023-03-31,learned_order_offset,20260912,0.4720914005856891,0.4720914005856891,0,1
fixed_transform_step50,2988,2023-05-19,2023-05-29,-0.0200253742704897,2023,2023-03-31,learned_order_offset,20260912,0.5293348291044843,0.5293348291044843,1,0
fixed_transform_step50,2993,2023-05-26,2023-06-05,-0.0003935703040848,2023,2023-03-31,learned_order_offset,20260912,0.48315801989113777,0.48315801989113777,0,0
fixed_transform_step50,2998,2023-06-02,2023-06-12,-0.0086075595250429,2023,2023-03-31,learned_order_offset,20260912,0.4898978666524237,0.4898978666524237,0,0
fixed_transform_step50,3003,2023-06-09,2023-06-19,0.0338878539347273,2023,2023-03-31,learned_order_offset,20260912,0.42420083523479946,0.42420083523479946,0,1
fixed_transform_step50,3008,2023-06-16,2023-07-03,-0.026216632171098,2023,2023-03-31,learned_order_offset,20260912,0.45193133612377845,0.45193133612377845,0,0
fixed_transform_step50,3016,2023-06-30,2023-07-10,-0.0030441518806006,2023,2023-03-31,learned_order_offset,20260912,0.5943160159820944,0.5943160159820944,1,0
fixed_transform_step50,3021,2023-07-07,2023-07-17,0.0104280552692135,2023,2023-06-30,learned_market,20260910,0.4757933279783636,0.4757933279783636,0,1
fixed_transform_step50,3026,2023-07-14,2023-07-24,-0.0201642613135752,2023,2023-06-30,learned_market,20260910,0.675964917951341,0.675964917951341,1,0
fixed_transform_step50,3031,2023-07-21,2023-07-31,0.0566710925894278,2023,2023-06-30,learned_market,20260910,0.6556089916395482,0.6556089916395482,1,1
fixed_transform_step50,3036,2023-07-28,2023-08-07,-0.0039612927947766,2023,2023-06-30,learned_market,20260910,0.4427704810968718,0.4427704810968718,0,0
fixed_transform_step50,3041,2023-08-04,2023-08-14,-0.0404899362223548,2023,2023-06-30,learned_market,20260910,0.39784704659341386,0.39784704659341386,0,0
fixed_transform_step50,3046,2023-08-11,2023-08-21,-0.0176157088591445,2023,2023-06-30,learned_market,20260910,0.323141546012769,0.323141546012769,0,0
fixed_transform_step50,3051,2023-08-18,2023-08-28,0.0366582477081969,2023,2023-06-30,learned_market,20260910,0.6315326993474484,0.6315326993474484,1,1
fixed_transform_step50,3056,2023-08-25,2023-09-04,-0.025197172476384,2023,2023-06-30,learned_market,20260910,0.3504279499152341,0.3504279499152341,0,0
fixed_transform_step50,3061,2023-09-01,2023-09-11,-0.0189903461587886,2023,2023-06-30,learned_market,20260910,0.6603863880144396,0.6603863880144396,1,0
fixed_transform_step50,3066,2023-09-08,2023-09-18,-0.0111346368744954,2023,2023-06-30,learned_market,20260910,0.5945437121554339,0.5945437121554339,1,0
fixed_transform_step50,3071,2023-09-15,2023-09-25,0.0105787349314532,2023,2023-06-30,learned_market,20260910,0.7098187710571455,0.7098187710571455,1,1
fixed_transform_step50,3076,2023-09-22,2023-10-16,-0.0198017153282719,2023,2023-06-30,learned_market,20260910,0.3744856249671741,0.3744856249671741,0,0
fixed_transform_step50,3021,2023-07-07,2023-07-17,0.0104280552692135,2023,2023-06-30,learned_vol_interaction,20260910,0.47573111784551053,0.47573111784551053,0,1
fixed_transform_step50,3026,2023-07-14,2023-07-24,-0.0201642613135752,2023,2023-06-30,learned_vol_interaction,20260910,0.6752069530327983,0.6752069530327983,1,0
fixed_transform_step50,3031,2023-07-21,2023-07-31,0.0566710925894278,2023,2023-06-30,learned_vol_interaction,20260910,0.6546324689731768,0.6546324689731768,1,1
fixed_transform_step50,3036,2023-07-28,2023-08-07,-0.0039612927947766,2023,2023-06-30,learned_vol_interaction,20260910,0.442653706944555,0.442653706944555,0,0
fixed_transform_step50,3041,2023-08-04,2023-08-14,-0.0404899362223548,2023,2023-06-30,learned_vol_interaction,20260910,0.3974630904742913,0.3974630904742913,0,0
fixed_transform_step50,3046,2023-08-11,2023-08-21,-0.0176157088591445,2023,2023-06-30,learned_vol_interaction,20260910,0.3225271125302224,0.3225271125302224,0,0
fixed_transform_step50,3051,2023-08-18,2023-08-28,0.0366582477081969,2023,2023-06-30,learned_vol_interaction,20260910,0.6314490939497063,0.6314490939497063,1,1
fixed_transform_step50,3056,2023-08-25,2023-09-04,-0.025197172476384,2023,2023-06-30,learned_vol_interaction,20260910,0.3498363665171614,0.3498363665171614,0,0
fixed_transform_step50,3061,2023-09-01,2023-09-11,-0.0189903461587886,2023,2023-06-30,learned_vol_interaction,20260910,0.6596113772700829,0.6596113772700829,1,0
fixed_transform_step50,3066,2023-09-08,2023-09-18,-0.0111346368744954,2023,2023-06-30,learned_vol_interaction,20260910,0.5943964443378784,0.5943964443378784,1,0
fixed_transform_step50,3071,2023-09-15,2023-09-25,0.0105787349314532,2023,2023-06-30,learned_vol_interaction,20260910,0.7099313735088387,0.7099313735088387,1,1
fixed_transform_step50,3076,2023-09-22,2023-10-16,-0.0198017153282719,2023,2023-06-30,learned_vol_interaction,20260910,0.37502129911618265,0.37502129911618265,0,0
fixed_transform_step50,3021,2023-07-07,2023-07-17,0.0104280552692135,2023,2023-06-30,learned_order_extension,20260910,0.5009178665637724,0.5009178665637724,1,1
fixed_transform_step50,3026,2023-07-14,2023-07-24,-0.0201642613135752,2023,2023-06-30,learned_order_extension,20260910,0.5742879270781173,0.5742879270781173,1,0
fixed_transform_step50,3031,2023-07-21,2023-07-31,0.0566710925894278,2023,2023-06-30,learned_order_extension,20260910,0.5904296529171574,0.5904296529171574,1,1
fixed_transform_step50,3036,2023-07-28,2023-08-07,-0.0039612927947766,2023,2023-06-30,learned_order_extension,20260910,0.4414091969538418,0.4414091969538418,0,0
fixed_transform_step50,3041,2023-08-04,2023-08-14,-0.0404899362223548,2023,2023-06-30,learned_order_extension,20260910,0.43119966045017,0.43119966045017,0,0
fixed_transform_step50,3046,2023-08-11,2023-08-21,-0.0176157088591445,2023,2023-06-30,learned_order_extension,20260910,0.35901698423412787,0.35901698423412787,0,0
fixed_transform_step50,3051,2023-08-18,2023-08-28,0.0366582477081969,2023,2023-06-30,learned_order_extension,20260910,0.5867370816180334,0.5867370816180334,1,1
fixed_transform_step50,3056,2023-08-25,2023-09-04,-0.025197172476384,2023,2023-06-30,learned_order_extension,20260910,0.39151889168773113,0.39151889168773113,0,0
fixed_transform_step50,3061,2023-09-01,2023-09-11,-0.0189903461587886,2023,2023-06-30,learned_order_extension,20260910,0.6351092144941859,0.6351092144941859,1,0
fixed_transform_step50,3066,2023-09-08,2023-09-18,-0.0111346368744954,2023,2023-06-30,learned_order_extension,20260910,0.5693883474300302,0.5693883474300302,1,0
fixed_transform_step50,3071,2023-09-15,2023-09-25,0.0105787349314532,2023,2023-06-30,learned_order_extension,20260910,0.6995097468234989,0.6995097468234989,1,1
fixed_transform_step50,3076,2023-09-22,2023-10-16,-0.0198017153282719,2023,2023-06-30,learned_order_extension,20260910,0.4106983609296411,0.4106983609296411,0,0
fixed_transform_step50,3021,2023-07-07,2023-07-17,0.0104280552692135,2023,2023-06-30,learned_order_offset,20260910,0.5039283200189427,0.5039283200189427,1,1
fixed_transform_step50,3026,2023-07-14,2023-07-24,-0.0201642613135752,2023,2023-06-30,learned_order_offset,20260910,0.5710919285150825,0.5710919285150825,1,0
fixed_transform_step50,3031,2023-07-21,2023-07-31,0.0566710925894278,2023,2023-06-30,learned_order_offset,20260910,0.5889061801799659,0.5889061801799659,1,1
fixed_transform_step50,3036,2023-07-28,2023-08-07,-0.0039612927947766,2023,2023-06-30,learned_order_offset,20260910,0.4416695149372677,0.4416695149372677,0,0
fixed_transform_step50,3041,2023-08-04,2023-08-14,-0.0404899362223548,2023,2023-06-30,learned_order_offset,20260910,0.4316463262886471,0.4316463262886471,0,0
fixed_transform_step50,3046,2023-08-11,2023-08-21,-0.0176157088591445,2023,2023-06-30,learned_order_offset,20260910,0.36357803419759627,0.36357803419759627,0,0
fixed_transform_step50,3051,2023-08-18,2023-08-28,0.0366582477081969,2023,2023-06-30,learned_order_offset,20260910,0.5851656376632687,0.5851656376632687,1,1
fixed_transform_step50,3056,2023-08-25,2023-09-04,-0.025197172476384,2023,2023-06-30,learned_order_offset,20260910,0.39476726408153534,0.39476726408153534,0,0
fixed_transform_step50,3061,2023-09-01,2023-09-11,-0.0189903461587886,2023,2023-06-30,learned_order_offset,20260910,0.6343828295840278,0.6343828295840278,1,0
fixed_transform_step50,3066,2023-09-08,2023-09-18,-0.0111346368744954,2023,2023-06-30,learned_order_offset,20260910,0.5721389858022298,0.5721389858022298,1,0
fixed_transform_step50,3071,2023-09-15,2023-09-25,0.0105787349314532,2023,2023-06-30,learned_order_offset,20260910,0.6985283596803215,0.6985283596803215,1,1
fixed_transform_step50,3076,2023-09-22,2023-10-16,-0.0198017153282719,2023,2023-06-30,learned_order_offset,20260910,0.41666247094054415,0.41666247094054415,0,0
fixed_transform_step50,3021,2023-07-07,2023-07-17,0.0104280552692135,2023,2023-06-30,learned_market,20260911,0.4582387789281902,0.4582387789281902,0,1
fixed_transform_step50,3026,2023-07-14,2023-07-24,-0.0201642613135752,2023,2023-06-30,learned_market,20260911,0.4375842740276607,0.4375842740276607,0,0
fixed_transform_step50,3031,2023-07-21,2023-07-31,0.0566710925894278,2023,2023-06-30,learned_market,20260911,0.43698767314226333,0.43698767314226333,0,1
fixed_transform_step50,3036,2023-07-28,2023-08-07,-0.0039612927947766,2023,2023-06-30,learned_market,20260911,0.4457446262654813,0.4457446262654813,0,0
fixed_transform_step50,3041,2023-08-04,2023-08-14,-0.0404899362223548,2023,2023-06-30,learned_market,20260911,0.4257352304475229,0.4257352304475229,0,0
fixed_transform_step50,3046,2023-08-11,2023-08-21,-0.0176157088591445,2023,2023-06-30,learned_market,20260911,0.6911875355496249,0.6911875355496249,1,0
fixed_transform_step50,3051,2023-08-18,2023-08-28,0.0366582477081969,2023,2023-06-30,learned_market,20260911,0.47304077338780515,0.47304077338780515,0,1
fixed_transform_step50,3056,2023-08-25,2023-09-04,-0.025197172476384,2023,2023-06-30,learned_market,20260911,0.5501431992137824,0.5501431992137824,1,0
fixed_transform_step50,3061,2023-09-01,2023-09-11,-0.0189903461587886,2023,2023-06-30,learned_market,20260911,0.4204325702248778,0.4204325702248778,0,0
fixed_transform_step50,3066,2023-09-08,2023-09-18,-0.0111346368744954,2023,2023-06-30,learned_market,20260911,0.5772219114689966,0.5772219114689966,1,0
fixed_transform_step50,3071,2023-09-15,2023-09-25,0.0105787349314532,2023,2023-06-30,learned_market,20260911,0.6977504228104874,0.6977504228104874,1,1
fixed_transform_step50,3076,2023-09-22,2023-10-16,-0.0198017153282719,2023,2023-06-30,learned_market,20260911,0.588654256781896,0.588654256781896,1,0
fixed_transform_step50,3021,2023-07-07,2023-07-17,0.0104280552692135,2023,2023-06-30,learned_vol_interaction,20260911,0.4842952119042851,0.4842952119042851,0,1
fixed_transform_step50,3026,2023-07-14,2023-07-24,-0.0201642613135752,2023,2023-06-30,learned_vol_interaction,20260911,0.45100477493899227,0.45100477493899227,0,0
fixed_transform_step50,3031,2023-07-21,2023-07-31,0.0566710925894278,2023,2023-06-30,learned_vol_interaction,20260911,0.4672081538173513,0.4672081538173513,0,1
fixed_transform_step50,3036,2023-07-28,2023-08-07,-0.0039612927947766,2023,2023-06-30,learned_vol_interaction,20260911,0.459752896380196,0.459752896380196,0,0
fixed_transform_step50,3041,2023-08-04,2023-08-14,-0.0404899362223548,2023,2023-06-30,learned_vol_interaction,20260911,0.44997610408179045,0.44997610408179045,0,0
fixed_transform_step50,3046,2023-08-11,2023-08-21,-0.0176157088591445,2023,2023-06-30,learned_vol_interaction,20260911,0.652888449054813,0.652888449054813,1,0
fixed_transform_step50,3051,2023-08-18,2023-08-28,0.0366582477081969,2023,2023-06-30,learned_vol_interaction,20260911,0.4662934582562516,0.4662934582562516,0,1
fixed_transform_step50,3056,2023-08-25,2023-09-04,-0.025197172476384,2023,2023-06-30,learned_vol_interaction,20260911,0.5466652371148797,0.5466652371148797,1,0
fixed_transform_step50,3061,2023-09-01,2023-09-11,-0.0189903461587886,2023,2023-06-30,learned_vol_interaction,20260911,0.45088785351653093,0.45088785351653093,0,0
fixed_transform_step50,3066,2023-09-08,2023-09-18,-0.0111346368744954,2023,2023-06-30,learned_vol_interaction,20260911,0.5688978482739062,0.5688978482739062,1,0
fixed_transform_step50,3071,2023-09-15,2023-09-25,0.0105787349314532,2023,2023-06-30,learned_vol_interaction,20260911,0.6734633980007585,0.6734633980007585,1,1
fixed_transform_step50,3076,2023-09-22,2023-10-16,-0.0198017153282719,2023,2023-06-30,learned_vol_interaction,20260911,0.5799819169416253,0.5799819169416253,1,0
fixed_transform_step50,3021,2023-07-07,2023-07-17,0.0104280552692135,2023,2023-06-30,learned_order_extension,20260911,0.4902241297986005,0.4902241297986005,0,1
fixed_transform_step50,3026,2023-07-14,2023-07-24,-0.0201642613135752,2023,2023-06-30,learned_order_extension,20260911,0.4517656273582995,0.4517656273582995,0,0
fixed_transform_step50,3031,2023-07-21,2023-07-31,0.0566710925894278,2023,2023-06-30,learned_order_extension,20260911,0.4731548211783028,0.4731548211783028,0,1
fixed_transform_step50,3036,2023-07-28,2023-08-07,-0.0039612927947766,2023,2023-06-30,learned_order_extension,20260911,0.4600963205203177,0.4600963205203177,0,0
fixed_transform_step50,3041,2023-08-04,2023-08-14,-0.0404899362223548,2023,2023-06-30,learned_order_extension,20260911,0.45253611567566554,0.45253611567566554,0,0
fixed_transform_step50,3046,2023-08-11,2023-08-21,-0.0176157088591445,2023,2023-06-30,learned_order_extension,20260911,0.6444792598817898,0.6444792598817898,1,0
fixed_transform_step50,3051,2023-08-18,2023-08-28,0.0366582477081969,2023,2023-06-30,learned_order_extension,20260911,0.4688482337260444,0.4688482337260444,0,1
fixed_transform_step50,3056,2023-08-25,2023-09-04,-0.025197172476384,2023,2023-06-30,learned_order_extension,20260911,0.5418308602730957,0.5418308602730957,1,0
fixed_transform_step50,3061,2023-09-01,2023-09-11,-0.0189903461587886,2023,2023-06-30,learned_order_extension,20260911,0.4564668914653339,0.4564668914653339,0,0
fixed_transform_step50,3066,2023-09-08,2023-09-18,-0.0111346368744954,2023,2023-06-30,learned_order_extension,20260911,0.5658285857319795,0.5658285857319795,1,0
fixed_transform_step50,3071,2023-09-15,2023-09-25,0.0105787349314532,2023,2023-06-30,learned_order_extension,20260911,0.6738924047011153,0.6738924047011153,1,1
fixed_transform_step50,3076,2023-09-22,2023-10-16,-0.0198017153282719,2023,2023-06-30,learned_order_extension,20260911,0.5802711821987442,0.5802711821987442,1,0
fixed_transform_step50,3021,2023-07-07,2023-07-17,0.0104280552692135,2023,2023-06-30,learned_order_offset,20260911,0.48993643737281045,0.48993643737281045,0,1
fixed_transform_step50,3026,2023-07-14,2023-07-24,-0.0201642613135752,2023,2023-06-30,learned_order_offset,20260911,0.45181217135304697,0.45181217135304697,0,0
fixed_transform_step50,3031,2023-07-21,2023-07-31,0.0566710925894278,2023,2023-06-30,learned_order_offset,20260911,0.4729895574147186,0.4729895574147186,0,1
fixed_transform_step50,3036,2023-07-28,2023-08-07,-0.0039612927947766,2023,2023-06-30,learned_order_offset,20260911,0.45978839230113666,0.45978839230113666,0,0
fixed_transform_step50,3041,2023-08-04,2023-08-14,-0.0404899362223548,2023,2023-06-30,learned_order_offset,20260911,0.45285817827605357,0.45285817827605357,0,0
fixed_transform_step50,3046,2023-08-11,2023-08-21,-0.0176157088591445,2023,2023-06-30,learned_order_offset,20260911,0.6439762481477246,0.6439762481477246,1,0
fixed_transform_step50,3051,2023-08-18,2023-08-28,0.0366582477081969,2023,2023-06-30,learned_order_offset,20260911,0.4683766473592635,0.4683766473592635,0,1
fixed_transform_step50,3056,2023-08-25,2023-09-04,-0.025197172476384,2023,2023-06-30,learned_order_offset,20260911,0.5416813221984151,0.5416813221984151,1,0
fixed_transform_step50,3061,2023-09-01,2023-09-11,-0.0189903461587886,2023,2023-06-30,learned_order_offset,20260911,0.4565398983761453,0.4565398983761453,0,0
fixed_transform_step50,3066,2023-09-08,2023-09-18,-0.0111346368744954,2023,2023-06-30,learned_order_offset,20260911,0.5651886617074882,0.5651886617074882,1,0
fixed_transform_step50,3071,2023-09-15,2023-09-25,0.0105787349314532,2023,2023-06-30,learned_order_offset,20260911,0.6728934209228261,0.6728934209228261,1,1
fixed_transform_step50,3076,2023-09-22,2023-10-16,-0.0198017153282719,2023,2023-06-30,learned_order_offset,20260911,0.5795163778469973,0.5795163778469973,1,0
fixed_transform_step50,3021,2023-07-07,2023-07-17,0.0104280552692135,2023,2023-06-30,learned_market,20260912,0.5740142349561194,0.5740142349561194,1,1
fixed_transform_step50,3026,2023-07-14,2023-07-24,-0.0201642613135752,2023,2023-06-30,learned_market,20260912,0.7183069527488859,0.7183069527488859,1,0
fixed_transform_step50,3031,2023-07-21,2023-07-31,0.0566710925894278,2023,2023-06-30,learned_market,20260912,0.25912087829305835,0.25912087829305835,0,1
fixed_transform_step50,3036,2023-07-28,2023-08-07,-0.0039612927947766,2023,2023-06-30,learned_market,20260912,0.5973052682342191,0.5973052682342191,1,0
fixed_transform_step50,3041,2023-08-04,2023-08-14,-0.0404899362223548,2023,2023-06-30,learned_market,20260912,0.6849773936381545,0.6849773936381545,1,0
fixed_transform_step50,3046,2023-08-11,2023-08-21,-0.0176157088591445,2023,2023-06-30,learned_market,20260912,0.83565614338146,0.83565614338146,1,0
fixed_transform_step50,3051,2023-08-18,2023-08-28,0.0366582477081969,2023,2023-06-30,learned_market,20260912,0.4216590675732671,0.4216590675732671,0,1
fixed_transform_step50,3056,2023-08-25,2023-09-04,-0.025197172476384,2023,2023-06-30,learned_market,20260912,0.4153937186416185,0.4153937186416185,0,0
fixed_transform_step50,3061,2023-09-01,2023-09-11,-0.0189903461587886,2023,2023-06-30,learned_market,20260912,0.24699271087510097,0.24699271087510097,0,0
fixed_transform_step50,3066,2023-09-08,2023-09-18,-0.0111346368744954,2023,2023-06-30,learned_market,20260912,0.5833925278243385,0.5833925278243385,1,0
fixed_transform_step50,3071,2023-09-15,2023-09-25,0.0105787349314532,2023,2023-06-30,learned_market,20260912,0.4498768816583726,0.4498768816583726,0,1
fixed_transform_step50,3076,2023-09-22,2023-10-16,-0.0198017153282719,2023,2023-06-30,learned_market,20260912,0.4018173073054945,0.4018173073054945,0,0
fixed_transform_step50,3021,2023-07-07,2023-07-17,0.0104280552692135,2023,2023-06-30,learned_vol_interaction,20260912,0.5809656475175363,0.5809656475175363,1,1
fixed_transform_step50,3026,2023-07-14,2023-07-24,-0.0201642613135752,2023,2023-06-30,learned_vol_interaction,20260912,0.7267244225447212,0.7267244225447212,1,0
fixed_transform_step50,3031,2023-07-21,2023-07-31,0.0566710925894278,2023,2023-06-30,learned_vol_interaction,20260912,0.245067431580681,0.245067431580681,0,1
fixed_transform_step50,3036,2023-07-28,2023-08-07,-0.0039612927947766,2023,2023-06-30,learned_vol_interaction,20260912,0.5950595358330921,0.5950595358330921,1,0
fixed_transform_step50,3041,2023-08-04,2023-08-14,-0.0404899362223548,2023,2023-06-30,learned_vol_interaction,20260912,0.6882491862574528,0.6882491862574528,1,0
fixed_transform_step50,3046,2023-08-11,2023-08-21,-0.0176157088591445,2023,2023-06-30,learned_vol_interaction,20260912,0.8400969193786165,0.8400969193786165,1,0
fixed_transform_step50,3051,2023-08-18,2023-08-28,0.0366582477081969,2023,2023-06-30,learned_vol_interaction,20260912,0.4284862955348101,0.4284862955348101,0,1
fixed_transform_step50,3056,2023-08-25,2023-09-04,-0.025197172476384,2023,2023-06-30,learned_vol_interaction,20260912,0.4098823405077128,0.4098823405077128,0,0
fixed_transform_step50,3061,2023-09-01,2023-09-11,-0.0189903461587886,2023,2023-06-30,learned_vol_interaction,20260912,0.23558258413935837,0.23558258413935837,0,0
fixed_transform_step50,3066,2023-09-08,2023-09-18,-0.0111346368744954,2023,2023-06-30,learned_vol_interaction,20260912,0.5813747360739017,0.5813747360739017,1,0
fixed_transform_step50,3071,2023-09-15,2023-09-25,0.0105787349314532,2023,2023-06-30,learned_vol_interaction,20260912,0.44084348852098093,0.44084348852098093,0,1
fixed_transform_step50,3076,2023-09-22,2023-10-16,-0.0198017153282719,2023,2023-06-30,learned_vol_interaction,20260912,0.39921724717745644,0.39921724717745644,0,0
fixed_transform_step50,3021,2023-07-07,2023-07-17,0.0104280552692135,2023,2023-06-30,learned_order_extension,20260912,0.563687561845448,0.563687561845448,1,1
fixed_transform_step50,3026,2023-07-14,2023-07-24,-0.0201642613135752,2023,2023-06-30,learned_order_extension,20260912,0.6274060429528916,0.6274060429528916,1,0
fixed_transform_step50,3031,2023-07-21,2023-07-31,0.0566710925894278,2023,2023-06-30,learned_order_extension,20260912,0.37107007437648626,0.37107007437648626,0,1
fixed_transform_step50,3036,2023-07-28,2023-08-07,-0.0039612927947766,2023,2023-06-30,learned_order_extension,20260912,0.5709422912170304,0.5709422912170304,1,0
fixed_transform_step50,3041,2023-08-04,2023-08-14,-0.0404899362223548,2023,2023-06-30,learned_order_extension,20260912,0.6156168894433991,0.6156168894433991,1,0
fixed_transform_step50,3046,2023-08-11,2023-08-21,-0.0176157088591445,2023,2023-06-30,learned_order_extension,20260912,0.7468635070201073,0.7468635070201073,1,0
fixed_transform_step50,3051,2023-08-18,2023-08-28,0.0366582477081969,2023,2023-06-30,learned_order_extension,20260912,0.4301107025738522,0.4301107025738522,0,1
fixed_transform_step50,3056,2023-08-25,2023-09-04,-0.025197172476384,2023,2023-06-30,learned_order_extension,20260912,0.4377111675231581,0.4377111675231581,0,0
fixed_transform_step50,3061,2023-09-01,2023-09-11,-0.0189903461587886,2023,2023-06-30,learned_order_extension,20260912,0.2949718199947194,0.2949718199947194,0,0
fixed_transform_step50,3066,2023-09-08,2023-09-18,-0.0111346368744954,2023,2023-06-30,learned_order_extension,20260912,0.5310941281126961,0.5310941281126961,1,0
fixed_transform_step50,3071,2023-09-15,2023-09-25,0.0105787349314532,2023,2023-06-30,learned_order_extension,20260912,0.4382785717538664,0.4382785717538664,0,1
fixed_transform_step50,3076,2023-09-22,2023-10-16,-0.0198017153282719,2023,2023-06-30,learned_order_extension,20260912,0.4233531259709835,0.4233531259709835,0,0
fixed_transform_step50,3021,2023-07-07,2023-07-17,0.0104280552692135,2023,2023-06-30,learned_order_offset,20260912,0.5681382524681629,0.5681382524681629,1,1
fixed_transform_step50,3026,2023-07-14,2023-07-24,-0.0201642613135752,2023,2023-06-30,learned_order_offset,20260912,0.6282590785543372,0.6282590785543372,1,0
fixed_transform_step50,3031,2023-07-21,2023-07-31,0.0566710925894278,2023,2023-06-30,learned_order_offset,20260912,0.38456576346762544,0.38456576346762544,0,1
fixed_transform_step50,3036,2023-07-28,2023-08-07,-0.0039612927947766,2023,2023-06-30,learned_order_offset,20260912,0.5715290213609661,0.5715290213609661,1,0
fixed_transform_step50,3041,2023-08-04,2023-08-14,-0.0404899362223548,2023,2023-06-30,learned_order_offset,20260912,0.6153941129311393,0.6153941129311393,1,0
fixed_transform_step50,3046,2023-08-11,2023-08-21,-0.0176157088591445,2023,2023-06-30,learned_order_offset,20260912,0.738697380743232,0.738697380743232,1,0
fixed_transform_step50,3051,2023-08-18,2023-08-28,0.0366582477081969,2023,2023-06-30,learned_order_offset,20260912,0.42897120501584424,0.42897120501584424,0,1
fixed_transform_step50,3056,2023-08-25,2023-09-04,-0.025197172476384,2023,2023-06-30,learned_order_offset,20260912,0.44144026527853514,0.44144026527853514,0,0
fixed_transform_step50,3061,2023-09-01,2023-09-11,-0.0189903461587886,2023,2023-06-30,learned_order_offset,20260912,0.3060207756853173,0.3060207756853173,0,0
fixed_transform_step50,3066,2023-09-08,2023-09-18,-0.0111346368744954,2023,2023-06-30,learned_order_offset,20260912,0.5351932723383857,0.5351932723383857,1,0
fixed_transform_step50,3071,2023-09-15,2023-09-25,0.0105787349314532,2023,2023-06-30,learned_order_offset,20260912,0.4465988145113235,0.4465988145113235,0,1
fixed_transform_step50,3076,2023-09-22,2023-10-16,-0.0198017153282719,2023,2023-06-30,learned_order_offset,20260912,0.428115199971885,0.428115199971885,0,0
fixed_transform_step50,3085,2023-10-13,2023-10-23,-0.0447156690429144,2023,2023-09-30,learned_market,20260910,0.40854598027069355,0.40854598027069355,0,0
fixed_transform_step50,3090,2023-10-20,2023-10-30,0.0154019770298841,2023,2023-09-30,learned_market,20260910,0.4999406274027963,0.4999406274027963,0,1
fixed_transform_step50,3095,2023-10-27,2023-11-06,0.0152527637017425,2023,2023-09-30,learned_market,20260910,0.6310859686993392,0.6310859686993392,1,1
fixed_transform_step50,3100,2023-11-03,2023-11-13,-0.0039935482440582,2023,2023-09-30,learned_market,20260910,0.6092571648120092,0.6092571648120092,1,0
fixed_transform_step50,3105,2023-11-10,2023-11-20,-0.0067280482816765,2023,2023-09-30,learned_market,20260910,0.4045798073041784,0.4045798073041784,0,0
fixed_transform_step50,3110,2023-11-17,2023-11-27,-0.0098859017348651,2023,2023-09-30,learned_market,20260910,0.5056762413055944,0.5056762413055944,1,0
fixed_transform_step50,3115,2023-11-24,2023-12-04,-0.0151084754586299,2023,2023-09-30,learned_market,20260910,0.5954815343364376,0.5954815343364376,1,0
fixed_transform_step50,3120,2023-12-01,2023-12-11,-0.0295859857973478,2023,2023-09-30,learned_market,20260910,0.6172777654051298,0.6172777654051298,1,0
fixed_transform_step50,3125,2023-12-08,2023-12-18,-0.0144639658974852,2023,2023-09-30,learned_market,20260910,0.6849600099156501,0.6849600099156501,1,0
fixed_transform_step50,3130,2023-12-15,2023-12-25,0.0003424256350643,2023,2023-09-30,learned_market,20260910,0.5180522151681722,0.5180522151681722,1,1
fixed_transform_step50,3135,2023-12-22,2024-01-02,0.0288079559683274,2023,2023-09-30,learned_market,20260910,0.3685966636841335,0.3685966636841335,0,1
fixed_transform_step50,3140,2023-12-29,2024-01-08,-0.0302544749829989,2023,2023-09-30,learned_market,20260910,0.586766100083017,0.586766100083017,1,0
fixed_transform_step50,3085,2023-10-13,2023-10-23,-0.0447156690429144,2023,2023-09-30,learned_vol_interaction,20260910,0.40606498023323745,0.40606498023323745,0,0
fixed_transform_step50,3090,2023-10-20,2023-10-30,0.0154019770298841,2023,2023-09-30,learned_vol_interaction,20260910,0.49901190126572725,0.49901190126572725,0,1
fixed_transform_step50,3095,2023-10-27,2023-11-06,0.0152527637017425,2023,2023-09-30,learned_vol_interaction,20260910,0.6330781967456104,0.6330781967456104,1,1
fixed_transform_step50,3100,2023-11-03,2023-11-13,-0.0039935482440582,2023,2023-09-30,learned_vol_interaction,20260910,0.6111835526772297,0.6111835526772297,1,0
fixed_transform_step50,3105,2023-11-10,2023-11-20,-0.0067280482816765,2023,2023-09-30,learned_vol_interaction,20260910,0.4030930950282825,0.4030930950282825,0,0
fixed_transform_step50,3110,2023-11-17,2023-11-27,-0.0098859017348651,2023,2023-09-30,learned_vol_interaction,20260910,0.5073408556137974,0.5073408556137974,1,0
fixed_transform_step50,3115,2023-11-24,2023-12-04,-0.0151084754586299,2023,2023-09-30,learned_vol_interaction,20260910,0.598797074216139,0.598797074216139,1,0
fixed_transform_step50,3120,2023-12-01,2023-12-11,-0.0295859857973478,2023,2023-09-30,learned_vol_interaction,20260910,0.6209617800442256,0.6209617800442256,1,0
fixed_transform_step50,3125,2023-12-08,2023-12-18,-0.0144639658974852,2023,2023-09-30,learned_vol_interaction,20260910,0.6890315139595447,0.6890315139595447,1,0
fixed_transform_step50,3130,2023-12-15,2023-12-25,0.0003424256350643,2023,2023-09-30,learned_vol_interaction,20260910,0.518129891179632,0.518129891179632,1,1
fixed_transform_step50,3135,2023-12-22,2024-01-02,0.0288079559683274,2023,2023-09-30,learned_vol_interaction,20260910,0.36528476545496974,0.36528476545496974,0,1
fixed_transform_step50,3140,2023-12-29,2024-01-08,-0.0302544749829989,2023,2023-09-30,learned_vol_interaction,20260910,0.5884964905517581,0.5884964905517581,1,0
fixed_transform_step50,3085,2023-10-13,2023-10-23,-0.0447156690429144,2023,2023-09-30,learned_order_extension,20260910,0.3747321720452771,0.3747321720452771,0,0
fixed_transform_step50,3090,2023-10-20,2023-10-30,0.0154019770298841,2023,2023-09-30,learned_order_extension,20260910,0.5054770325373598,0.5054770325373598,1,1
fixed_transform_step50,3095,2023-10-27,2023-11-06,0.0152527637017425,2023,2023-09-30,learned_order_extension,20260910,0.6001457437950072,0.6001457437950072,1,1
fixed_transform_step50,3100,2023-11-03,2023-11-13,-0.0039935482440582,2023,2023-09-30,learned_order_extension,20260910,0.5970706317653809,0.5970706317653809,1,0
fixed_transform_step50,3105,2023-11-10,2023-11-20,-0.0067280482816765,2023,2023-09-30,learned_order_extension,20260910,0.4330240549414195,0.4330240549414195,0,0
fixed_transform_step50,3110,2023-11-17,2023-11-27,-0.0098859017348651,2023,2023-09-30,learned_order_extension,20260910,0.5295291244842117,0.5295291244842117,1,0
fixed_transform_step50,3115,2023-11-24,2023-12-04,-0.0151084754586299,2023,2023-09-30,learned_order_extension,20260910,0.5719184042398013,0.5719184042398013,1,0
fixed_transform_step50,3120,2023-12-01,2023-12-11,-0.0295859857973478,2023,2023-09-30,learned_order_extension,20260910,0.6034850621245259,0.6034850621245259,1,0
fixed_transform_step50,3125,2023-12-08,2023-12-18,-0.0144639658974852,2023,2023-09-30,learned_order_extension,20260910,0.7031696547317179,0.7031696547317179,1,0
fixed_transform_step50,3130,2023-12-15,2023-12-25,0.0003424256350643,2023,2023-09-30,learned_order_extension,20260910,0.5169224126591877,0.5169224126591877,1,1
fixed_transform_step50,3135,2023-12-22,2024-01-02,0.0288079559683274,2023,2023-09-30,learned_order_extension,20260910,0.38896684172830254,0.38896684172830254,0,1
fixed_transform_step50,3140,2023-12-29,2024-01-08,-0.0302544749829989,2023,2023-09-30,learned_order_extension,20260910,0.5929651382376376,0.5929651382376376,1,0
fixed_transform_step50,3085,2023-10-13,2023-10-23,-0.0447156690429144,2023,2023-09-30,learned_order_offset,20260910,0.381371353939955,0.381371353939955,0,0
fixed_transform_step50,3090,2023-10-20,2023-10-30,0.0154019770298841,2023,2023-09-30,learned_order_offset,20260910,0.5014505927858427,0.5014505927858427,1,1
fixed_transform_step50,3095,2023-10-27,2023-11-06,0.0152527637017425,2023,2023-09-30,learned_order_offset,20260910,0.5938126634652885,0.5938126634652885,1,1
fixed_transform_step50,3100,2023-11-03,2023-11-13,-0.0039935482440582,2023,2023-09-30,learned_order_offset,20260910,0.5893931854529648,0.5893931854529648,1,0
fixed_transform_step50,3105,2023-11-10,2023-11-20,-0.0067280482816765,2023,2023-09-30,learned_order_offset,20260910,0.4345161128637524,0.4345161128637524,0,0
fixed_transform_step50,3110,2023-11-17,2023-11-27,-0.0098859017348651,2023,2023-09-30,learned_order_offset,20260910,0.5251133943104309,0.5251133943104309,1,0
fixed_transform_step50,3115,2023-11-24,2023-12-04,-0.0151084754586299,2023,2023-09-30,learned_order_offset,20260910,0.5631684073459948,0.5631684073459948,1,0
fixed_transform_step50,3120,2023-12-01,2023-12-11,-0.0295859857973478,2023,2023-09-30,learned_order_offset,20260910,0.5926130950288597,0.5926130950288597,1,0
fixed_transform_step50,3125,2023-12-08,2023-12-18,-0.0144639658974852,2023,2023-09-30,learned_order_offset,20260910,0.6929169491765528,0.6929169491765528,1,0
fixed_transform_step50,3130,2023-12-15,2023-12-25,0.0003424256350643,2023,2023-09-30,learned_order_offset,20260910,0.5145371110548301,0.5145371110548301,1,1
fixed_transform_step50,3135,2023-12-22,2024-01-02,0.0288079559683274,2023,2023-09-30,learned_order_offset,20260910,0.3929106042857312,0.3929106042857312,0,1
fixed_transform_step50,3140,2023-12-29,2024-01-08,-0.0302544749829989,2023,2023-09-30,learned_order_offset,20260910,0.5873527263879466,0.5873527263879466,1,0
fixed_transform_step50,3085,2023-10-13,2023-10-23,-0.0447156690429144,2023,2023-09-30,learned_market,20260911,0.38561600395781837,0.38561600395781837,0,0
fixed_transform_step50,3090,2023-10-20,2023-10-30,0.0154019770298841,2023,2023-09-30,learned_market,20260911,0.39279551807740526,0.39279551807740526,0,1
fixed_transform_step50,3095,2023-10-27,2023-11-06,0.0152527637017425,2023,2023-09-30,learned_market,20260911,0.45281165713661414,0.45281165713661414,0,1
fixed_transform_step50,3100,2023-11-03,2023-11-13,-0.0039935482440582,2023,2023-09-30,learned_market,20260911,0.6240142219448697,0.6240142219448697,1,0
fixed_transform_step50,3105,2023-11-10,2023-11-20,-0.0067280482816765,2023,2023-09-30,learned_market,20260911,0.4930180470038963,0.4930180470038963,0,0
fixed_transform_step50,3110,2023-11-17,2023-11-27,-0.0098859017348651,2023,2023-09-30,learned_market,20260911,0.44944375852546614,0.44944375852546614,0,0
fixed_transform_step50,3115,2023-11-24,2023-12-04,-0.0151084754586299,2023,2023-09-30,learned_market,20260911,0.511861406651074,0.511861406651074,1,0
fixed_transform_step50,3120,2023-12-01,2023-12-11,-0.0295859857973478,2023,2023-09-30,learned_market,20260911,0.5862880989353915,0.5862880989353915,1,0
fixed_transform_step50,3125,2023-12-08,2023-12-18,-0.0144639658974852,2023,2023-09-30,learned_market,20260911,0.46838191817807756,0.46838191817807756,0,0
fixed_transform_step50,3130,2023-12-15,2023-12-25,0.0003424256350643,2023,2023-09-30,learned_market,20260911,0.46753411989295485,0.46753411989295485,0,1
fixed_transform_step50,3135,2023-12-22,2024-01-02,0.0288079559683274,2023,2023-09-30,learned_market,20260911,0.48222671476530177,0.48222671476530177,0,1
fixed_transform_step50,3140,2023-12-29,2024-01-08,-0.0302544749829989,2023,2023-09-30,learned_market,20260911,0.5271301708092486,0.5271301708092486,1,0
fixed_transform_step50,3085,2023-10-13,2023-10-23,-0.0447156690429144,2023,2023-09-30,learned_vol_interaction,20260911,0.46233210150261805,0.46233210150261805,0,0
fixed_transform_step50,3090,2023-10-20,2023-10-30,0.0154019770298841,2023,2023-09-30,learned_vol_interaction,20260911,0.4400182684293036,0.4400182684293036,0,1
fixed_transform_step50,3095,2023-10-27,2023-11-06,0.0152527637017425,2023,2023-09-30,learned_vol_interaction,20260911,0.4470856443740227,0.4470856443740227,0,1
fixed_transform_step50,3100,2023-11-03,2023-11-13,-0.0039935482440582,2023,2023-09-30,learned_vol_interaction,20260911,0.6033722828789099,0.6033722828789099,1,0
fixed_transform_step50,3105,2023-11-10,2023-11-20,-0.0067280482816765,2023,2023-09-30,learned_vol_interaction,20260911,0.5061419285441708,0.5061419285441708,1,0
fixed_transform_step50,3110,2023-11-17,2023-11-27,-0.0098859017348651,2023,2023-09-30,learned_vol_interaction,20260911,0.49936680573276115,0.49936680573276115,0,0
fixed_transform_step50,3115,2023-11-24,2023-12-04,-0.0151084754586299,2023,2023-09-30,learned_vol_interaction,20260911,0.5155957016324564,0.5155957016324564,1,0
fixed_transform_step50,3120,2023-12-01,2023-12-11,-0.0295859857973478,2023,2023-09-30,learned_vol_interaction,20260911,0.5681713204530884,0.5681713204530884,1,0
fixed_transform_step50,3125,2023-12-08,2023-12-18,-0.0144639658974852,2023,2023-09-30,learned_vol_interaction,20260911,0.5375912529401664,0.5375912529401664,1,0
fixed_transform_step50,3130,2023-12-15,2023-12-25,0.0003424256350643,2023,2023-09-30,learned_vol_interaction,20260911,0.5389103079421822,0.5389103079421822,1,1
fixed_transform_step50,3135,2023-12-22,2024-01-02,0.0288079559683274,2023,2023-09-30,learned_vol_interaction,20260911,0.5318384528021481,0.5318384528021481,1,1
fixed_transform_step50,3140,2023-12-29,2024-01-08,-0.0302544749829989,2023,2023-09-30,learned_vol_interaction,20260911,0.5362514618732019,0.5362514618732019,1,0
fixed_transform_step50,3085,2023-10-13,2023-10-23,-0.0447156690429144,2023,2023-09-30,learned_order_extension,20260911,0.45452065187462437,0.45452065187462437,0,0
fixed_transform_step50,3090,2023-10-20,2023-10-30,0.0154019770298841,2023,2023-09-30,learned_order_extension,20260911,0.43185437194352705,0.43185437194352705,0,1
fixed_transform_step50,3095,2023-10-27,2023-11-06,0.0152527637017425,2023,2023-09-30,learned_order_extension,20260911,0.44731500949421765,0.44731500949421765,0,1
fixed_transform_step50,3100,2023-11-03,2023-11-13,-0.0039935482440582,2023,2023-09-30,learned_order_extension,20260911,0.6059992649762524,0.6059992649762524,1,0
fixed_transform_step50,3105,2023-11-10,2023-11-20,-0.0067280482816765,2023,2023-09-30,learned_order_extension,20260911,0.5093207333173608,0.5093207333173608,1,0
fixed_transform_step50,3110,2023-11-17,2023-11-27,-0.0098859017348651,2023,2023-09-30,learned_order_extension,20260911,0.5014196603266783,0.5014196603266783,1,0
fixed_transform_step50,3115,2023-11-24,2023-12-04,-0.0151084754586299,2023,2023-09-30,learned_order_extension,20260911,0.5194222893272767,0.5194222893272767,1,0
fixed_transform_step50,3120,2023-12-01,2023-12-11,-0.0295859857973478,2023,2023-09-30,learned_order_extension,20260911,0.5710613712627438,0.5710613712627438,1,0
fixed_transform_step50,3125,2023-12-08,2023-12-18,-0.0144639658974852,2023,2023-09-30,learned_order_extension,20260911,0.5349615803911455,0.5349615803911455,1,0
fixed_transform_step50,3130,2023-12-15,2023-12-25,0.0003424256350643,2023,2023-09-30,learned_order_extension,20260911,0.5424778074407216,0.5424778074407216,1,1
fixed_transform_step50,3135,2023-12-22,2024-01-02,0.0288079559683274,2023,2023-09-30,learned_order_extension,20260911,0.5380089083317905,0.5380089083317905,1,1
fixed_transform_step50,3140,2023-12-29,2024-01-08,-0.0302544749829989,2023,2023-09-30,learned_order_extension,20260911,0.5367447433623295,0.5367447433623295,1,0
fixed_transform_step50,3085,2023-10-13,2023-10-23,-0.0447156690429144,2023,2023-09-30,learned_order_offset,20260911,0.4558335893950697,0.4558335893950697,0,0
fixed_transform_step50,3090,2023-10-20,2023-10-30,0.0154019770298841,2023,2023-09-30,learned_order_offset,20260911,0.43225852392894515,0.43225852392894515,0,1
fixed_transform_step50,3095,2023-10-27,2023-11-06,0.0152527637017425,2023,2023-09-30,learned_order_offset,20260911,0.44686704284162104,0.44686704284162104,0,1
fixed_transform_step50,3100,2023-11-03,2023-11-13,-0.0039935482440582,2023,2023-09-30,learned_order_offset,20260911,0.6043722446844367,0.6043722446844367,1,0
fixed_transform_step50,3105,2023-11-10,2023-11-20,-0.0067280482816765,2023,2023-09-30,learned_order_offset,20260911,0.5093261781534386,0.5093261781534386,1,0
fixed_transform_step50,3110,2023-11-17,2023-11-27,-0.0098859017348651,2023,2023-09-30,learned_order_offset,20260911,0.5007674897134071,0.5007674897134071,1,0
fixed_transform_step50,3115,2023-11-24,2023-12-04,-0.0151084754586299,2023,2023-09-30,learned_order_offset,20260911,0.5186469113873498,0.5186469113873498,1,0
fixed_transform_step50,3120,2023-12-01,2023-12-11,-0.0295859857973478,2023,2023-09-30,learned_order_offset,20260911,0.5701576605146842,0.5701576605146842,1,0
fixed_transform_step50,3125,2023-12-08,2023-12-18,-0.0144639658974852,2023,2023-09-30,learned_order_offset,20260911,0.535199097506774,0.535199097506774,1,0
fixed_transform_step50,3130,2023-12-15,2023-12-25,0.0003424256350643,2023,2023-09-30,learned_order_offset,20260911,0.5425063666609585,0.5425063666609585,1,1
fixed_transform_step50,3135,2023-12-22,2024-01-02,0.0288079559683274,2023,2023-09-30,learned_order_offset,20260911,0.537921127620721,0.537921127620721,1,1
fixed_transform_step50,3140,2023-12-29,2024-01-08,-0.0302544749829989,2023,2023-09-30,learned_order_offset,20260911,0.5356810114606679,0.5356810114606679,1,0
fixed_transform_step50,3085,2023-10-13,2023-10-23,-0.0447156690429144,2023,2023-09-30,learned_market,20260912,0.44060093642115256,0.44060093642115256,0,0
fixed_transform_step50,3090,2023-10-20,2023-10-30,0.0154019770298841,2023,2023-09-30,learned_market,20260912,0.47796468481975457,0.47796468481975457,0,1
fixed_transform_step50,3095,2023-10-27,2023-11-06,0.0152527637017425,2023,2023-09-30,learned_market,20260912,0.783074247884994,0.783074247884994,1,1
fixed_transform_step50,3100,2023-11-03,2023-11-13,-0.0039935482440582,2023,2023-09-30,learned_market,20260912,0.3797254214151993,0.3797254214151993,0,0
fixed_transform_step50,3105,2023-11-10,2023-11-20,-0.0067280482816765,2023,2023-09-30,learned_market,20260912,0.34285792829521433,0.34285792829521433,0,0
fixed_transform_step50,3110,2023-11-17,2023-11-27,-0.0098859017348651,2023,2023-09-30,learned_market,20260912,0.3061222639428816,0.3061222639428816,0,0
fixed_transform_step50,3115,2023-11-24,2023-12-04,-0.0151084754586299,2023,2023-09-30,learned_market,20260912,0.5571022589099965,0.5571022589099965,1,0
fixed_transform_step50,3120,2023-12-01,2023-12-11,-0.0295859857973478,2023,2023-09-30,learned_market,20260912,0.374669893532585,0.374669893532585,0,0
fixed_transform_step50,3125,2023-12-08,2023-12-18,-0.0144639658974852,2023,2023-09-30,learned_market,20260912,0.4344930003567673,0.4344930003567673,0,0
fixed_transform_step50,3130,2023-12-15,2023-12-25,0.0003424256350643,2023,2023-09-30,learned_market,20260912,0.48270181280984126,0.48270181280984126,0,1
fixed_transform_step50,3135,2023-12-22,2024-01-02,0.0288079559683274,2023,2023-09-30,learned_market,20260912,0.37880491901839836,0.37880491901839836,0,1
fixed_transform_step50,3140,2023-12-29,2024-01-08,-0.0302544749829989,2023,2023-09-30,learned_market,20260912,0.30712667480825284,0.30712667480825284,0,0
fixed_transform_step50,3085,2023-10-13,2023-10-23,-0.0447156690429144,2023,2023-09-30,learned_vol_interaction,20260912,0.43738792127012044,0.43738792127012044,0,0
fixed_transform_step50,3090,2023-10-20,2023-10-30,0.0154019770298841,2023,2023-09-30,learned_vol_interaction,20260912,0.47873851756322827,0.47873851756322827,0,1
fixed_transform_step50,3095,2023-10-27,2023-11-06,0.0152527637017425,2023,2023-09-30,learned_vol_interaction,20260912,0.7901183459111855,0.7901183459111855,1,1
fixed_transform_step50,3100,2023-11-03,2023-11-13,-0.0039935482440582,2023,2023-09-30,learned_vol_interaction,20260912,0.3781261593332552,0.3781261593332552,0,0
fixed_transform_step50,3105,2023-11-10,2023-11-20,-0.0067280482816765,2023,2023-09-30,learned_vol_interaction,20260912,0.3402269485495258,0.3402269485495258,0,0
fixed_transform_step50,3110,2023-11-17,2023-11-27,-0.0098859017348651,2023,2023-09-30,learned_vol_interaction,20260912,0.2925917274598354,0.2925917274598354,0,0
fixed_transform_step50,3115,2023-11-24,2023-12-04,-0.0151084754586299,2023,2023-09-30,learned_vol_interaction,20260912,0.5643868849088205,0.5643868849088205,1,0
fixed_transform_step50,3120,2023-12-01,2023-12-11,-0.0295859857973478,2023,2023-09-30,learned_vol_interaction,20260912,0.36734716017531177,0.36734716017531177,0,0
fixed_transform_step50,3125,2023-12-08,2023-12-18,-0.0144639658974852,2023,2023-09-30,learned_vol_interaction,20260912,0.43047233889647263,0.43047233889647263,0,0
fixed_transform_step50,3130,2023-12-15,2023-12-25,0.0003424256350643,2023,2023-09-30,learned_vol_interaction,20260912,0.47903002790686755,0.47903002790686755,0,1
fixed_transform_step50,3135,2023-12-22,2024-01-02,0.0288079559683274,2023,2023-09-30,learned_vol_interaction,20260912,0.368677597604197,0.368677597604197,0,1
fixed_transform_step50,3140,2023-12-29,2024-01-08,-0.0302544749829989,2023,2023-09-30,learned_vol_interaction,20260912,0.3023021136798804,0.3023021136798804,0,0
fixed_transform_step50,3085,2023-10-13,2023-10-23,-0.0447156690429144,2023,2023-09-30,learned_order_extension,20260912,0.44085525833025796,0.44085525833025796,0,0
fixed_transform_step50,3090,2023-10-20,2023-10-30,0.0154019770298841,2023,2023-09-30,learned_order_extension,20260912,0.5039932742420786,0.5039932742420786,1,1
fixed_transform_step50,3095,2023-10-27,2023-11-06,0.0152527637017425,2023,2023-09-30,learned_order_extension,20260912,0.742247081013767,0.742247081013767,1,1
fixed_transform_step50,3100,2023-11-03,2023-11-13,-0.0039935482440582,2023,2023-09-30,learned_order_extension,20260912,0.4510923066721453,0.4510923066721453,0,0
fixed_transform_step50,3105,2023-11-10,2023-11-20,-0.0067280482816765,2023,2023-09-30,learned_order_extension,20260912,0.37254216864000517,0.37254216864000517,0,0
fixed_transform_step50,3110,2023-11-17,2023-11-27,-0.0098859017348651,2023,2023-09-30,learned_order_extension,20260912,0.372170998437132,0.372170998437132,0,0
fixed_transform_step50,3115,2023-11-24,2023-12-04,-0.0151084754586299,2023,2023-09-30,learned_order_extension,20260912,0.5333015321799439,0.5333015321799439,1,0
fixed_transform_step50,3120,2023-12-01,2023-12-11,-0.0295859857973478,2023,2023-09-30,learned_order_extension,20260912,0.4251437144642959,0.4251437144642959,0,0
fixed_transform_step50,3125,2023-12-08,2023-12-18,-0.0144639658974852,2023,2023-09-30,learned_order_extension,20260912,0.44255872725019046,0.44255872725019046,0,0
fixed_transform_step50,3130,2023-12-15,2023-12-25,0.0003424256350643,2023,2023-09-30,learned_order_extension,20260912,0.5110136903140127,0.5110136903140127,1,1
fixed_transform_step50,3135,2023-12-22,2024-01-02,0.0288079559683274,2023,2023-09-30,learned_order_extension,20260912,0.3970980182138869,0.3970980182138869,0,1
fixed_transform_step50,3140,2023-12-29,2024-01-08,-0.0302544749829989,2023,2023-09-30,learned_order_extension,20260912,0.39031861610433216,0.39031861610433216,0,0
fixed_transform_step50,3085,2023-10-13,2023-10-23,-0.0447156690429144,2023,2023-09-30,learned_order_offset,20260912,0.4508964869936132,0.4508964869936132,0,0
fixed_transform_step50,3090,2023-10-20,2023-10-30,0.0154019770298841,2023,2023-09-30,learned_order_offset,20260912,0.5081840346035543,0.5081840346035543,1,1
fixed_transform_step50,3095,2023-10-27,2023-11-06,0.0152527637017425,2023,2023-09-30,learned_order_offset,20260912,0.7129017419639178,0.7129017419639178,1,1
fixed_transform_step50,3100,2023-11-03,2023-11-13,-0.0039935482440582,2023,2023-09-30,learned_order_offset,20260912,0.4526677757528914,0.4526677757528914,0,0
fixed_transform_step50,3105,2023-11-10,2023-11-20,-0.0067280482816765,2023,2023-09-30,learned_order_offset,20260912,0.37537200913087787,0.37537200913087787,0,0
fixed_transform_step50,3110,2023-11-17,2023-11-27,-0.0098859017348651,2023,2023-09-30,learned_order_offset,20260912,0.40338871606245374,0.40338871606245374,0,0
fixed_transform_step50,3115,2023-11-24,2023-12-04,-0.0151084754586299,2023,2023-09-30,learned_order_offset,20260912,0.5226980632706949,0.5226980632706949,1,0
fixed_transform_step50,3120,2023-12-01,2023-12-11,-0.0295859857973478,2023,2023-09-30,learned_order_offset,20260912,0.43919800110552565,0.43919800110552565,0,0
fixed_transform_step50,3125,2023-12-08,2023-12-18,-0.0144639658974852,2023,2023-09-30,learned_order_offset,20260912,0.45307367533224047,0.45307367533224047,0,0
fixed_transform_step50,3130,2023-12-15,2023-12-25,0.0003424256350643,2023,2023-09-30,learned_order_offset,20260912,0.5185950705344063,0.5185950705344063,1,1
fixed_transform_step50,3135,2023-12-22,2024-01-02,0.0288079559683274,2023,2023-09-30,learned_order_offset,20260912,0.41532225650256316,0.41532225650256316,0,1
fixed_transform_step50,3140,2023-12-29,2024-01-08,-0.0302544749829989,2023,2023-09-30,learned_order_offset,20260912,0.4000087641059907,0.4000087641059907,0,0
fixed_transform_step50,3144,2024-01-05,2024-01-15,-0.0158038409563566,2024,2023-12-31,learned_market,20260910,0.37911601118731636,0.37911601118731636,0,0
fixed_transform_step50,3149,2024-01-12,2024-01-22,-0.002333261979756,2024,2023-12-31,learned_market,20260910,0.4589111880907024,0.4589111880907024,0,0
fixed_transform_step50,3154,2024-01-19,2024-01-29,0.0223511633823452,2024,2023-12-31,learned_market,20260910,0.41956122213307734,0.41956122213307734,0,1
fixed_transform_step50,3159,2024-01-26,2024-02-05,-0.0513103415192826,2024,2023-12-31,learned_market,20260910,0.4467918935376125,0.4467918935376125,0,0
fixed_transform_step50,3164,2024-02-02,2024-02-26,0.1015374891364462,2024,2023-12-31,learned_market,20260910,0.6470923056808707,0.6470923056808707,1,1
fixed_transform_step50,3173,2024-02-23,2024-03-04,0.0151569053862528,2024,2023-12-31,learned_market,20260910,0.6974540268702009,0.6974540268702009,1,1
fixed_transform_step50,3178,2024-03-01,2024-03-11,0.0021394031715169,2024,2023-12-31,learned_market,20260910,0.6539310685581109,0.6539310685581109,1,1
fixed_transform_step50,3183,2024-03-08,2024-03-18,0.0087762342284414,2024,2023-12-31,learned_market,20260910,0.651636534380962,0.651636534380962,1,1
fixed_transform_step50,3188,2024-03-15,2024-03-25,-0.0112802133595746,2024,2023-12-31,learned_market,20260910,0.6184866579610433,0.6184866579610433,1,0
fixed_transform_step50,3193,2024-03-22,2024-04-01,0.0042044725182444,2024,2023-12-31,learned_market,20260910,0.49537529534083324,0.49537529534083324,0,1
fixed_transform_step50,3198,2024-03-29,2024-04-15,-0.0219845815102011,2024,2023-12-31,learned_market,20260910,0.4469684467331579,0.4469684467331579,0,0
fixed_transform_step50,3144,2024-01-05,2024-01-15,-0.0158038409563566,2024,2023-12-31,learned_vol_interaction,20260910,0.375948748112503,0.375948748112503,0,0
fixed_transform_step50,3149,2024-01-12,2024-01-22,-0.002333261979756,2024,2023-12-31,learned_vol_interaction,20260910,0.4653387886294592,0.4653387886294592,0,0
fixed_transform_step50,3154,2024-01-19,2024-01-29,0.0223511633823452,2024,2023-12-31,learned_vol_interaction,20260910,0.409541362332266,0.409541362332266,0,1
fixed_transform_step50,3159,2024-01-26,2024-02-05,-0.0513103415192826,2024,2023-12-31,learned_vol_interaction,20260910,0.4427031623961251,0.4427031623961251,0,0
fixed_transform_step50,3164,2024-02-02,2024-02-26,0.1015374891364462,2024,2023-12-31,learned_vol_interaction,20260910,0.6537066574488869,0.6537066574488869,1,1
fixed_transform_step50,3173,2024-02-23,2024-03-04,0.0151569053862528,2024,2023-12-31,learned_vol_interaction,20260910,0.689311779469667,0.689311779469667,1,1
fixed_transform_step50,3178,2024-03-01,2024-03-11,0.0021394031715169,2024,2023-12-31,learned_vol_interaction,20260910,0.6480049647794901,0.6480049647794901,1,1
fixed_transform_step50,3183,2024-03-08,2024-03-18,0.0087762342284414,2024,2023-12-31,learned_vol_interaction,20260910,0.6491293260006892,0.6491293260006892,1,1
fixed_transform_step50,3188,2024-03-15,2024-03-25,-0.0112802133595746,2024,2023-12-31,learned_vol_interaction,20260910,0.6390487602979349,0.6390487602979349,1,0
fixed_transform_step50,3193,2024-03-22,2024-04-01,0.0042044725182444,2024,2023-12-31,learned_vol_interaction,20260910,0.502579297882782,0.502579297882782,1,1
fixed_transform_step50,3198,2024-03-29,2024-04-15,-0.0219845815102011,2024,2023-12-31,learned_vol_interaction,20260910,0.4621147966680959,0.4621147966680959,0,0
fixed_transform_step50,3144,2024-01-05,2024-01-15,-0.0158038409563566,2024,2023-12-31,learned_order_extension,20260910,0.4019000383386628,0.4019000383386628,0,0
fixed_transform_step50,3149,2024-01-12,2024-01-22,-0.002333261979756,2024,2023-12-31,learned_order_extension,20260910,0.4536929976964038,0.4536929976964038,0,0
fixed_transform_step50,3154,2024-01-19,2024-01-29,0.0223511633823452,2024,2023-12-31,learned_order_extension,20260910,0.4065097447533653,0.4065097447533653,0,1
fixed_transform_step50,3159,2024-01-26,2024-02-05,-0.0513103415192826,2024,2023-12-31,learned_order_extension,20260910,0.4181108069924978,0.4181108069924978,0,0
fixed_transform_step50,3164,2024-02-02,2024-02-26,0.1015374891364462,2024,2023-12-31,learned_order_extension,20260910,0.6639940867614434,0.6639940867614434,1,1
fixed_transform_step50,3173,2024-02-23,2024-03-04,0.0151569053862528,2024,2023-12-31,learned_order_extension,20260910,0.6509742827223437,0.6509742827223437,1,1
fixed_transform_step50,3178,2024-03-01,2024-03-11,0.0021394031715169,2024,2023-12-31,learned_order_extension,20260910,0.596427953854031,0.596427953854031,1,1
fixed_transform_step50,3183,2024-03-08,2024-03-18,0.0087762342284414,2024,2023-12-31,learned_order_extension,20260910,0.5823638998065179,0.5823638998065179,1,1
fixed_transform_step50,3188,2024-03-15,2024-03-25,-0.0112802133595746,2024,2023-12-31,learned_order_extension,20260910,0.5649258035498114,0.5649258035498114,1,0
fixed_transform_step50,3193,2024-03-22,2024-04-01,0.0042044725182444,2024,2023-12-31,learned_order_extension,20260910,0.4756478826315535,0.4756478826315535,0,1
fixed_transform_step50,3198,2024-03-29,2024-04-15,-0.0219845815102011,2024,2023-12-31,learned_order_extension,20260910,0.44826023295447676,0.44826023295447676,0,0
fixed_transform_step50,3144,2024-01-05,2024-01-15,-0.0158038409563566,2024,2023-12-31,learned_order_offset,20260910,0.40294607271257427,0.40294607271257427,0,0
fixed_transform_step50,3149,2024-01-12,2024-01-22,-0.002333261979756,2024,2023-12-31,learned_order_offset,20260910,0.45320010017286466,0.45320010017286466,0,0
fixed_transform_step50,3154,2024-01-19,2024-01-29,0.0223511633823452,2024,2023-12-31,learned_order_offset,20260910,0.40698948981731453,0.40698948981731453,0,1
fixed_transform_step50,3159,2024-01-26,2024-02-05,-0.0513103415192826,2024,2023-12-31,learned_order_offset,20260910,0.4180998926398431,0.4180998926398431,0,0
fixed_transform_step50,3164,2024-02-02,2024-02-26,0.1015374891364462,2024,2023-12-31,learned_order_offset,20260910,0.662467427882048,0.662467427882048,1,1
fixed_transform_step50,3173,2024-02-23,2024-03-04,0.0151569053862528,2024,2023-12-31,learned_order_offset,20260910,0.6495192030104356,0.6495192030104356,1,1
fixed_transform_step50,3178,2024-03-01,2024-03-11,0.0021394031715169,2024,2023-12-31,learned_order_offset,20260910,0.5953483627631191,0.5953483627631191,1,1
fixed_transform_step50,3183,2024-03-08,2024-03-18,0.0087762342284414,2024,2023-12-31,learned_order_offset,20260910,0.5813453143574694,0.5813453143574694,1,1
fixed_transform_step50,3188,2024-03-15,2024-03-25,-0.0112802133595746,2024,2023-12-31,learned_order_offset,20260910,0.5629285714576356,0.5629285714576356,1,0
fixed_transform_step50,3193,2024-03-22,2024-04-01,0.0042044725182444,2024,2023-12-31,learned_order_offset,20260910,0.4746800194029474,0.4746800194029474,0,1
fixed_transform_step50,3198,2024-03-29,2024-04-15,-0.0219845815102011,2024,2023-12-31,learned_order_offset,20260910,0.4474975970181041,0.4474975970181041,0,0
fixed_transform_step50,3144,2024-01-05,2024-01-15,-0.0158038409563566,2024,2023-12-31,learned_market,20260911,0.5054381986976906,0.5054381986976906,1,0
fixed_transform_step50,3149,2024-01-12,2024-01-22,-0.002333261979756,2024,2023-12-31,learned_market,20260911,0.5344404908323787,0.5344404908323787,1,0
fixed_transform_step50,3154,2024-01-19,2024-01-29,0.0223511633823452,2024,2023-12-31,learned_market,20260911,0.6056082203678326,0.6056082203678326,1,1
fixed_transform_step50,3159,2024-01-26,2024-02-05,-0.0513103415192826,2024,2023-12-31,learned_market,20260911,0.536236284491504,0.536236284491504,1,0
fixed_transform_step50,3164,2024-02-02,2024-02-26,0.1015374891364462,2024,2023-12-31,learned_market,20260911,0.5342416496354764,0.5342416496354764,1,1
fixed_transform_step50,3173,2024-02-23,2024-03-04,0.0151569053862528,2024,2023-12-31,learned_market,20260911,0.636064859077555,0.636064859077555,1,1
fixed_transform_step50,3178,2024-03-01,2024-03-11,0.0021394031715169,2024,2023-12-31,learned_market,20260911,0.5744958412225454,0.5744958412225454,1,1
fixed_transform_step50,3183,2024-03-08,2024-03-18,0.0087762342284414,2024,2023-12-31,learned_market,20260911,0.6235376359173743,0.6235376359173743,1,1
fixed_transform_step50,3188,2024-03-15,2024-03-25,-0.0112802133595746,2024,2023-12-31,learned_market,20260911,0.5250838960153138,0.5250838960153138,1,0
fixed_transform_step50,3193,2024-03-22,2024-04-01,0.0042044725182444,2024,2023-12-31,learned_market,20260911,0.5710939352608271,0.5710939352608271,1,1
fixed_transform_step50,3198,2024-03-29,2024-04-15,-0.0219845815102011,2024,2023-12-31,learned_market,20260911,0.3834197760468657,0.3834197760468657,0,0
fixed_transform_step50,3144,2024-01-05,2024-01-15,-0.0158038409563566,2024,2023-12-31,learned_vol_interaction,20260911,0.5055907048902185,0.5055907048902185,1,0
fixed_transform_step50,3149,2024-01-12,2024-01-22,-0.002333261979756,2024,2023-12-31,learned_vol_interaction,20260911,0.5345697430715253,0.5345697430715253,1,0
fixed_transform_step50,3154,2024-01-19,2024-01-29,0.0223511633823452,2024,2023-12-31,learned_vol_interaction,20260911,0.6057144516952688,0.6057144516952688,1,1
fixed_transform_step50,3159,2024-01-26,2024-02-05,-0.0513103415192826,2024,2023-12-31,learned_vol_interaction,20260911,0.5360497014286747,0.5360497014286747,1,0
fixed_transform_step50,3164,2024-02-02,2024-02-26,0.1015374891364462,2024,2023-12-31,learned_vol_interaction,20260911,0.5340699292580867,0.5340699292580867,1,1
fixed_transform_step50,3173,2024-02-23,2024-03-04,0.0151569053862528,2024,2023-12-31,learned_vol_interaction,20260911,0.635598842460853,0.635598842460853,1,1
fixed_transform_step50,3178,2024-03-01,2024-03-11,0.0021394031715169,2024,2023-12-31,learned_vol_interaction,20260911,0.5740233508322927,0.5740233508322927,1,1
fixed_transform_step50,3183,2024-03-08,2024-03-18,0.0087762342284414,2024,2023-12-31,learned_vol_interaction,20260911,0.6228491427098055,0.6228491427098055,1,1
fixed_transform_step50,3188,2024-03-15,2024-03-25,-0.0112802133595746,2024,2023-12-31,learned_vol_interaction,20260911,0.5244855050624243,0.5244855050624243,1,0
fixed_transform_step50,3193,2024-03-22,2024-04-01,0.0042044725182444,2024,2023-12-31,learned_vol_interaction,20260911,0.5705279783235351,0.5705279783235351,1,1
fixed_transform_step50,3198,2024-03-29,2024-04-15,-0.0219845815102011,2024,2023-12-31,learned_vol_interaction,20260911,0.38271605688876176,0.38271605688876176,0,0
fixed_transform_step50,3144,2024-01-05,2024-01-15,-0.0158038409563566,2024,2023-12-31,learned_order_extension,20260911,0.5046246382575834,0.5046246382575834,1,0
fixed_transform_step50,3149,2024-01-12,2024-01-22,-0.002333261979756,2024,2023-12-31,learned_order_extension,20260911,0.5273727883107168,0.5273727883107168,1,0
fixed_transform_step50,3154,2024-01-19,2024-01-29,0.0223511633823452,2024,2023-12-31,learned_order_extension,20260911,0.6361976645125996,0.6361976645125996,1,1
fixed_transform_step50,3159,2024-01-26,2024-02-05,-0.0513103415192826,2024,2023-12-31,learned_order_extension,20260911,0.5444608640891567,0.5444608640891567,1,0
fixed_transform_step50,3164,2024-02-02,2024-02-26,0.1015374891364462,2024,2023-12-31,learned_order_extension,20260911,0.545031438848448,0.545031438848448,1,1
fixed_transform_step50,3173,2024-02-23,2024-03-04,0.0151569053862528,2024,2023-12-31,learned_order_extension,20260911,0.6125199424254827,0.6125199424254827,1,1
fixed_transform_step50,3178,2024-03-01,2024-03-11,0.0021394031715169,2024,2023-12-31,learned_order_extension,20260911,0.5496769035930799,0.5496769035930799,1,1
fixed_transform_step50,3183,2024-03-08,2024-03-18,0.0087762342284414,2024,2023-12-31,learned_order_extension,20260911,0.5653384521782018,0.5653384521782018,1,1
fixed_transform_step50,3188,2024-03-15,2024-03-25,-0.0112802133595746,2024,2023-12-31,learned_order_extension,20260911,0.4741066250462846,0.4741066250462846,0,0
fixed_transform_step50,3193,2024-03-22,2024-04-01,0.0042044725182444,2024,2023-12-31,learned_order_extension,20260911,0.5034201205076809,0.5034201205076809,1,1
fixed_transform_step50,3198,2024-03-29,2024-04-15,-0.0219845815102011,2024,2023-12-31,learned_order_extension,20260911,0.3647496103237538,0.3647496103237538,0,0
fixed_transform_step50,3144,2024-01-05,2024-01-15,-0.0158038409563566,2024,2023-12-31,learned_order_offset,20260911,0.5039028855862143,0.5039028855862143,1,0
fixed_transform_step50,3149,2024-01-12,2024-01-22,-0.002333261979756,2024,2023-12-31,learned_order_offset,20260911,0.5267036688758374,0.5267036688758374,1,0
fixed_transform_step50,3154,2024-01-19,2024-01-29,0.0223511633823452,2024,2023-12-31,learned_order_offset,20260911,0.6349472157761124,0.6349472157761124,1,1
fixed_transform_step50,3159,2024-01-26,2024-02-05,-0.0513103415192826,2024,2023-12-31,learned_order_offset,20260911,0.5443793909861219,0.5443793909861219,1,0
fixed_transform_step50,3164,2024-02-02,2024-02-26,0.1015374891364462,2024,2023-12-31,learned_order_offset,20260911,0.5451794882867483,0.5451794882867483,1,1
fixed_transform_step50,3173,2024-02-23,2024-03-04,0.0151569053862528,2024,2023-12-31,learned_order_offset,20260911,0.6109679669122872,0.6109679669122872,1,1
fixed_transform_step50,3178,2024-03-01,2024-03-11,0.0021394031715169,2024,2023-12-31,learned_order_offset,20260911,0.5481247094966736,0.5481247094966736,1,1
fixed_transform_step50,3183,2024-03-08,2024-03-18,0.0087762342284414,2024,2023-12-31,learned_order_offset,20260911,0.5633395909983205,0.5633395909983205,1,1
fixed_transform_step50,3188,2024-03-15,2024-03-25,-0.0112802133595746,2024,2023-12-31,learned_order_offset,20260911,0.47094256842793375,0.47094256842793375,0,0
fixed_transform_step50,3193,2024-03-22,2024-04-01,0.0042044725182444,2024,2023-12-31,learned_order_offset,20260911,0.4995363819528175,0.4995363819528175,0,1
fixed_transform_step50,3198,2024-03-29,2024-04-15,-0.0219845815102011,2024,2023-12-31,learned_order_offset,20260911,0.3626011592845029,0.3626011592845029,0,0
fixed_transform_step50,3144,2024-01-05,2024-01-15,-0.0158038409563566,2024,2023-12-31,learned_market,20260912,0.5011992069392154,0.5011992069392154,1,0
fixed_transform_step50,3149,2024-01-12,2024-01-22,-0.002333261979756,2024,2023-12-31,learned_market,20260912,0.47277699760132935,0.47277699760132935,0,0
fixed_transform_step50,3154,2024-01-19,2024-01-29,0.0223511633823452,2024,2023-12-31,learned_market,20260912,0.4519385169732587,0.4519385169732587,0,1
fixed_transform_step50,3159,2024-01-26,2024-02-05,-0.0513103415192826,2024,2023-12-31,learned_market,20260912,0.5136187590656476,0.5136187590656476,1,0
fixed_transform_step50,3164,2024-02-02,2024-02-26,0.1015374891364462,2024,2023-12-31,learned_market,20260912,0.5626550395617658,0.5626550395617658,1,1
fixed_transform_step50,3173,2024-02-23,2024-03-04,0.0151569053862528,2024,2023-12-31,learned_market,20260912,0.4999534810647158,0.4999534810647158,0,1
fixed_transform_step50,3178,2024-03-01,2024-03-11,0.0021394031715169,2024,2023-12-31,learned_market,20260912,0.5749313458355619,0.5749313458355619,1,1
fixed_transform_step50,3183,2024-03-08,2024-03-18,0.0087762342284414,2024,2023-12-31,learned_market,20260912,0.5879570158742811,0.5879570158742811,1,1
fixed_transform_step50,3188,2024-03-15,2024-03-25,-0.0112802133595746,2024,2023-12-31,learned_market,20260912,0.48185973058558346,0.48185973058558346,0,0
fixed_transform_step50,3193,2024-03-22,2024-04-01,0.0042044725182444,2024,2023-12-31,learned_market,20260912,0.5819259306110321,0.5819259306110321,1,1
fixed_transform_step50,3198,2024-03-29,2024-04-15,-0.0219845815102011,2024,2023-12-31,learned_market,20260912,0.5513216063045803,0.5513216063045803,1,0
fixed_transform_step50,3144,2024-01-05,2024-01-15,-0.0158038409563566,2024,2023-12-31,learned_vol_interaction,20260912,0.4952442890139834,0.4952442890139834,0,0
fixed_transform_step50,3149,2024-01-12,2024-01-22,-0.002333261979756,2024,2023-12-31,learned_vol_interaction,20260912,0.46734394081550534,0.46734394081550534,0,0
fixed_transform_step50,3154,2024-01-19,2024-01-29,0.0223511633823452,2024,2023-12-31,learned_vol_interaction,20260912,0.4458542659590224,0.4458542659590224,0,1
fixed_transform_step50,3159,2024-01-26,2024-02-05,-0.0513103415192826,2024,2023-12-31,learned_vol_interaction,20260912,0.5051200250772759,0.5051200250772759,1,0
fixed_transform_step50,3164,2024-02-02,2024-02-26,0.1015374891364462,2024,2023-12-31,learned_vol_interaction,20260912,0.5544379606615297,0.5544379606615297,1,1
fixed_transform_step50,3173,2024-02-23,2024-03-04,0.0151569053862528,2024,2023-12-31,learned_vol_interaction,20260912,0.4830624305901862,0.4830624305901862,0,1
fixed_transform_step50,3178,2024-03-01,2024-03-11,0.0021394031715169,2024,2023-12-31,learned_vol_interaction,20260912,0.5592748903954966,0.5592748903954966,1,1
fixed_transform_step50,3183,2024-03-08,2024-03-18,0.0087762342284414,2024,2023-12-31,learned_vol_interaction,20260912,0.5740363843191351,0.5740363843191351,1,1
fixed_transform_step50,3188,2024-03-15,2024-03-25,-0.0112802133595746,2024,2023-12-31,learned_vol_interaction,20260912,0.4809004633653104,0.4809004633653104,0,0
fixed_transform_step50,3193,2024-03-22,2024-04-01,0.0042044725182444,2024,2023-12-31,learned_vol_interaction,20260912,0.5933081539859947,0.5933081539859947,1,1
fixed_transform_step50,3198,2024-03-29,2024-04-15,-0.0219845815102011,2024,2023-12-31,learned_vol_interaction,20260912,0.5653073701837698,0.5653073701837698,1,0
fixed_transform_step50,3144,2024-01-05,2024-01-15,-0.0158038409563566,2024,2023-12-31,learned_order_extension,20260912,0.5535119994762409,0.5535119994762409,1,0
fixed_transform_step50,3149,2024-01-12,2024-01-22,-0.002333261979756,2024,2023-12-31,learned_order_extension,20260912,0.48736548091739423,0.48736548091739423,0,0
fixed_transform_step50,3154,2024-01-19,2024-01-29,0.0223511633823452,2024,2023-12-31,learned_order_extension,20260912,0.4215435053964147,0.4215435053964147,0,1
fixed_transform_step50,3159,2024-01-26,2024-02-05,-0.0513103415192826,2024,2023-12-31,learned_order_extension,20260912,0.48649269504735876,0.48649269504735876,0,0
fixed_transform_step50,3164,2024-02-02,2024-02-26,0.1015374891364462,2024,2023-12-31,learned_order_extension,20260912,0.5496050819275686,0.5496050819275686,1,1
fixed_transform_step50,3173,2024-02-23,2024-03-04,0.0151569053862528,2024,2023-12-31,learned_order_extension,20260912,0.4386082807089806,0.4386082807089806,0,1
fixed_transform_step50,3178,2024-03-01,2024-03-11,0.0021394031715169,2024,2023-12-31,learned_order_extension,20260912,0.46924981751922445,0.46924981751922445,0,1
fixed_transform_step50,3183,2024-03-08,2024-03-18,0.0087762342284414,2024,2023-12-31,learned_order_extension,20260912,0.4701956287186797,0.4701956287186797,0,1
fixed_transform_step50,3188,2024-03-15,2024-03-25,-0.0112802133595746,2024,2023-12-31,learned_order_extension,20260912,0.41374971985365583,0.41374971985365583,0,0
fixed_transform_step50,3193,2024-03-22,2024-04-01,0.0042044725182444,2024,2023-12-31,learned_order_extension,20260912,0.4779698312307604,0.4779698312307604,0,1
fixed_transform_step50,3198,2024-03-29,2024-04-15,-0.0219845815102011,2024,2023-12-31,learned_order_extension,20260912,0.47494867441409877,0.47494867441409877,0,0
fixed_transform_step50,3144,2024-01-05,2024-01-15,-0.0158038409563566,2024,2023-12-31,learned_order_offset,20260912,0.555524023910941,0.555524023910941,1,0
fixed_transform_step50,3149,2024-01-12,2024-01-22,-0.002333261979756,2024,2023-12-31,learned_order_offset,20260912,0.4886344435127239,0.4886344435127239,0,0
fixed_transform_step50,3154,2024-01-19,2024-01-29,0.0223511633823452,2024,2023-12-31,learned_order_offset,20260912,0.4229445653552536,0.4229445653552536,0,1
fixed_transform_step50,3159,2024-01-26,2024-02-05,-0.0513103415192826,2024,2023-12-31,learned_order_offset,20260912,0.4868819752675603,0.4868819752675603,0,0
fixed_transform_step50,3164,2024-02-02,2024-02-26,0.1015374891364462,2024,2023-12-31,learned_order_offset,20260912,0.5512261346233363,0.5512261346233363,1,1
fixed_transform_step50,3173,2024-02-23,2024-03-04,0.0151569053862528,2024,2023-12-31,learned_order_offset,20260912,0.4383060233141652,0.4383060233141652,0,1
fixed_transform_step50,3178,2024-03-01,2024-03-11,0.0021394031715169,2024,2023-12-31,learned_order_offset,20260912,0.4671863792327489,0.4671863792327489,0,1
fixed_transform_step50,3183,2024-03-08,2024-03-18,0.0087762342284414,2024,2023-12-31,learned_order_offset,20260912,0.4682690873666851,0.4682690873666851,0,1
fixed_transform_step50,3188,2024-03-15,2024-03-25,-0.0112802133595746,2024,2023-12-31,learned_order_offset,20260912,0.410883959095752,0.410883959095752,0,0
fixed_transform_step50,3193,2024-03-22,2024-04-01,0.0042044725182444,2024,2023-12-31,learned_order_offset,20260912,0.4736922823747903,0.4736922823747903,0,1
fixed_transform_step50,3198,2024-03-29,2024-04-15,-0.0219845815102011,2024,2023-12-31,learned_order_offset,20260912,0.4721761686206615,0.4721761686206615,0,0
fixed_transform_step50,3206,2024-04-12,2024-04-22,0.018045199366633,2024,2024-03-31,learned_market,20260910,0.40892452056736656,0.40892452056736656,0,1
fixed_transform_step50,3211,2024-04-19,2024-04-29,0.0136757744232476,2024,2024-03-31,learned_market,20260910,0.3734719843945041,0.3734719843945041,0,1
fixed_transform_step50,3216,2024-04-26,2024-05-13,0.0172434956786644,2024,2024-03-31,learned_market,20260910,0.3259072300520475,0.3259072300520475,0,1
fixed_transform_step50,3223,2024-05-10,2024-05-20,0.0097933549988344,2024,2024-03-31,learned_market,20260910,0.3832616407180536,0.3832616407180536,0,1
fixed_transform_step50,3228,2024-05-17,2024-05-27,-0.0204803832637164,2024,2024-03-31,learned_market,20260910,0.37847687195355395,0.37847687195355395,0,0
fixed_transform_step50,3233,2024-05-24,2024-06-03,-0.0081155643048258,2024,2024-03-31,learned_market,20260910,0.42606035515429297,0.42606035515429297,0,0
fixed_transform_step50,3238,2024-05-31,2024-06-11,-0.0060267570121149,2024,2024-03-31,learned_market,20260910,0.445361883994274,0.445361883994274,0,0
fixed_transform_step50,3243,2024-06-07,2024-06-17,-0.0096686558937179,2024,2024-03-31,learned_market,20260910,0.5835136801187392,0.5835136801187392,1,0
fixed_transform_step50,3247,2024-06-14,2024-06-24,-0.013573992457631,2024,2024-03-31,learned_market,20260910,0.6609769216301785,0.6609769216301785,1,0
fixed_transform_step50,3252,2024-06-21,2024-07-01,-0.004427632109257,2024,2024-03-31,learned_market,20260910,0.44717244246377746,0.44717244246377746,0,0
fixed_transform_step50,3257,2024-06-28,2024-07-08,-0.0108320369203009,2024,2024-03-31,learned_market,20260910,0.5434839758411946,0.5434839758411946,1,0
fixed_transform_step50,3206,2024-04-12,2024-04-22,0.018045199366633,2024,2024-03-31,learned_vol_interaction,20260910,0.40307167016607376,0.40307167016607376,0,1
fixed_transform_step50,3211,2024-04-19,2024-04-29,0.0136757744232476,2024,2024-03-31,learned_vol_interaction,20260910,0.3577855893688102,0.3577855893688102,0,1
fixed_transform_step50,3216,2024-04-26,2024-05-13,0.0172434956786644,2024,2024-03-31,learned_vol_interaction,20260910,0.3123983544459495,0.3123983544459495,0,1
fixed_transform_step50,3223,2024-05-10,2024-05-20,0.0097933549988344,2024,2024-03-31,learned_vol_interaction,20260910,0.36013122316940815,0.36013122316940815,0,1
fixed_transform_step50,3228,2024-05-17,2024-05-27,-0.0204803832637164,2024,2024-03-31,learned_vol_interaction,20260910,0.363354568732581,0.363354568732581,0,0
fixed_transform_step50,3233,2024-05-24,2024-06-03,-0.0081155643048258,2024,2024-03-31,learned_vol_interaction,20260910,0.4106256571633123,0.4106256571633123,0,0
fixed_transform_step50,3238,2024-05-31,2024-06-11,-0.0060267570121149,2024,2024-03-31,learned_vol_interaction,20260910,0.4382958111440649,0.4382958111440649,0,0
fixed_transform_step50,3243,2024-06-07,2024-06-17,-0.0096686558937179,2024,2024-03-31,learned_vol_interaction,20260910,0.6172636491540886,0.6172636491540886,1,0
fixed_transform_step50,3247,2024-06-14,2024-06-24,-0.013573992457631,2024,2024-03-31,learned_vol_interaction,20260910,0.7163248852766225,0.7163248852766225,1,0
fixed_transform_step50,3252,2024-06-21,2024-07-01,-0.004427632109257,2024,2024-03-31,learned_vol_interaction,20260910,0.4647950696244183,0.4647950696244183,0,0
fixed_transform_step50,3257,2024-06-28,2024-07-08,-0.0108320369203009,2024,2024-03-31,learned_vol_interaction,20260910,0.5878100364725396,0.5878100364725396,1,0
fixed_transform_step50,3206,2024-04-12,2024-04-22,0.018045199366633,2024,2024-03-31,learned_order_extension,20260910,0.393385124305186,0.393385124305186,0,1
fixed_transform_step50,3211,2024-04-19,2024-04-29,0.0136757744232476,2024,2024-03-31,learned_order_extension,20260910,0.36863017237934265,0.36863017237934265,0,1
fixed_transform_step50,3216,2024-04-26,2024-05-13,0.0172434956786644,2024,2024-03-31,learned_order_extension,20260910,0.3744314146662424,0.3744314146662424,0,1
fixed_transform_step50,3223,2024-05-10,2024-05-20,0.0097933549988344,2024,2024-03-31,learned_order_extension,20260910,0.3763020582500889,0.3763020582500889,0,1
fixed_transform_step50,3228,2024-05-17,2024-05-27,-0.0204803832637164,2024,2024-03-31,learned_order_extension,20260910,0.39772418860645326,0.39772418860645326,0,0
fixed_transform_step50,3233,2024-05-24,2024-06-03,-0.0081155643048258,2024,2024-03-31,learned_order_extension,20260910,0.4257014605012799,0.4257014605012799,0,0
fixed_transform_step50,3238,2024-05-31,2024-06-11,-0.0060267570121149,2024,2024-03-31,learned_order_extension,20260910,0.4336234751107335,0.4336234751107335,0,0
fixed_transform_step50,3243,2024-06-07,2024-06-17,-0.0096686558937179,2024,2024-03-31,learned_order_extension,20260910,0.5937875585300104,0.5937875585300104,1,0
fixed_transform_step50,3247,2024-06-14,2024-06-24,-0.013573992457631,2024,2024-03-31,learned_order_extension,20260910,0.7037045153599425,0.7037045153599425,1,0
fixed_transform_step50,3252,2024-06-21,2024-07-01,-0.004427632109257,2024,2024-03-31,learned_order_extension,20260910,0.45991880622512255,0.45991880622512255,0,0
fixed_transform_step50,3257,2024-06-28,2024-07-08,-0.0108320369203009,2024,2024-03-31,learned_order_extension,20260910,0.5804605942294074,0.5804605942294074,1,0
fixed_transform_step50,3206,2024-04-12,2024-04-22,0.018045199366633,2024,2024-03-31,learned_order_offset,20260910,0.3911726206152906,0.3911726206152906,0,1
fixed_transform_step50,3211,2024-04-19,2024-04-29,0.0136757744232476,2024,2024-03-31,learned_order_offset,20260910,0.36830297257331457,0.36830297257331457,0,1
fixed_transform_step50,3216,2024-04-26,2024-05-13,0.0172434956786644,2024,2024-03-31,learned_order_offset,20260910,0.37408354351234246,0.37408354351234246,0,1
fixed_transform_step50,3223,2024-05-10,2024-05-20,0.0097933549988344,2024,2024-03-31,learned_order_offset,20260910,0.37580344645720326,0.37580344645720326,0,1
fixed_transform_step50,3228,2024-05-17,2024-05-27,-0.0204803832637164,2024,2024-03-31,learned_order_offset,20260910,0.39815422319139987,0.39815422319139987,0,0
fixed_transform_step50,3233,2024-05-24,2024-06-03,-0.0081155643048258,2024,2024-03-31,learned_order_offset,20260910,0.42721550671208025,0.42721550671208025,0,0
fixed_transform_step50,3238,2024-05-31,2024-06-11,-0.0060267570121149,2024,2024-03-31,learned_order_offset,20260910,0.43520967961515705,0.43520967961515705,0,0
fixed_transform_step50,3243,2024-06-07,2024-06-17,-0.0096686558937179,2024,2024-03-31,learned_order_offset,20260910,0.5945863515544986,0.5945863515544986,1,0
fixed_transform_step50,3247,2024-06-14,2024-06-24,-0.013573992457631,2024,2024-03-31,learned_order_offset,20260910,0.7033656664717766,0.7033656664717766,1,0
fixed_transform_step50,3252,2024-06-21,2024-07-01,-0.004427632109257,2024,2024-03-31,learned_order_offset,20260910,0.4594447975894995,0.4594447975894995,0,0
fixed_transform_step50,3257,2024-06-28,2024-07-08,-0.0108320369203009,2024,2024-03-31,learned_order_offset,20260910,0.5785303004576154,0.5785303004576154,1,0
fixed_transform_step50,3206,2024-04-12,2024-04-22,0.018045199366633,2024,2024-03-31,learned_market,20260911,0.38453978821550294,0.38453978821550294,0,1
fixed_transform_step50,3211,2024-04-19,2024-04-29,0.0136757744232476,2024,2024-03-31,learned_market,20260911,0.6711463238432854,0.6711463238432854,1,1
fixed_transform_step50,3216,2024-04-26,2024-05-13,0.0172434956786644,2024,2024-03-31,learned_market,20260911,0.6870292065599259,0.6870292065599259,1,1
fixed_transform_step50,3223,2024-05-10,2024-05-20,0.0097933549988344,2024,2024-03-31,learned_market,20260911,0.3385428386667323,0.3385428386667323,0,1
fixed_transform_step50,3228,2024-05-17,2024-05-27,-0.0204803832637164,2024,2024-03-31,learned_market,20260911,0.44344726939065243,0.44344726939065243,0,0
fixed_transform_step50,3233,2024-05-24,2024-06-03,-0.0081155643048258,2024,2024-03-31,learned_market,20260911,0.3736650483032342,0.3736650483032342,0,0
fixed_transform_step50,3238,2024-05-31,2024-06-11,-0.0060267570121149,2024,2024-03-31,learned_market,20260911,0.46093866478899354,0.46093866478899354,0,0
fixed_transform_step50,3243,2024-06-07,2024-06-17,-0.0096686558937179,2024,2024-03-31,learned_market,20260911,0.454765484753935,0.454765484753935,0,0
fixed_transform_step50,3247,2024-06-14,2024-06-24,-0.013573992457631,2024,2024-03-31,learned_market,20260911,0.5440846771459559,0.5440846771459559,1,0
fixed_transform_step50,3252,2024-06-21,2024-07-01,-0.004427632109257,2024,2024-03-31,learned_market,20260911,0.46934730896998217,0.46934730896998217,0,0
fixed_transform_step50,3257,2024-06-28,2024-07-08,-0.0108320369203009,2024,2024-03-31,learned_market,20260911,0.5006522205814177,0.5006522205814177,1,0
fixed_transform_step50,3206,2024-04-12,2024-04-22,0.018045199366633,2024,2024-03-31,learned_vol_interaction,20260911,0.3852217393583701,0.3852217393583701,0,1
fixed_transform_step50,3211,2024-04-19,2024-04-29,0.0136757744232476,2024,2024-03-31,learned_vol_interaction,20260911,0.6702366594788451,0.6702366594788451,1,1
fixed_transform_step50,3216,2024-04-26,2024-05-13,0.0172434956786644,2024,2024-03-31,learned_vol_interaction,20260911,0.6861926045966219,0.6861926045966219,1,1
fixed_transform_step50,3223,2024-05-10,2024-05-20,0.0097933549988344,2024,2024-03-31,learned_vol_interaction,20260911,0.33987018247478856,0.33987018247478856,0,1
fixed_transform_step50,3228,2024-05-17,2024-05-27,-0.0204803832637164,2024,2024-03-31,learned_vol_interaction,20260911,0.4428355704589618,0.4428355704589618,0,0
fixed_transform_step50,3233,2024-05-24,2024-06-03,-0.0081155643048258,2024,2024-03-31,learned_vol_interaction,20260911,0.37395112191735835,0.37395112191735835,0,0
fixed_transform_step50,3238,2024-05-31,2024-06-11,-0.0060267570121149,2024,2024-03-31,learned_vol_interaction,20260911,0.460502240605987,0.460502240605987,0,0
fixed_transform_step50,3243,2024-06-07,2024-06-17,-0.0096686558937179,2024,2024-03-31,learned_vol_interaction,20260911,0.4552870373242188,0.4552870373242188,0,0
fixed_transform_step50,3247,2024-06-14,2024-06-24,-0.013573992457631,2024,2024-03-31,learned_vol_interaction,20260911,0.5423953951829388,0.5423953951829388,1,0
fixed_transform_step50,3252,2024-06-21,2024-07-01,-0.004427632109257,2024,2024-03-31,learned_vol_interaction,20260911,0.4680468655072634,0.4680468655072634,0,0
fixed_transform_step50,3257,2024-06-28,2024-07-08,-0.0108320369203009,2024,2024-03-31,learned_vol_interaction,20260911,0.49939920895399253,0.49939920895399253,0,0
fixed_transform_step50,3206,2024-04-12,2024-04-22,0.018045199366633,2024,2024-03-31,learned_order_extension,20260911,0.37092211689741694,0.37092211689741694,0,1
fixed_transform_step50,3211,2024-04-19,2024-04-29,0.0136757744232476,2024,2024-03-31,learned_order_extension,20260911,0.5046677517926637,0.5046677517926637,1,1
fixed_transform_step50,3216,2024-04-26,2024-05-13,0.0172434956786644,2024,2024-03-31,learned_order_extension,20260911,0.4832373686267781,0.4832373686267781,0,1
fixed_transform_step50,3223,2024-05-10,2024-05-20,0.0097933549988344,2024,2024-03-31,learned_order_extension,20260911,0.3934945669711399,0.3934945669711399,0,1
fixed_transform_step50,3228,2024-05-17,2024-05-27,-0.0204803832637164,2024,2024-03-31,learned_order_extension,20260911,0.46059835444953295,0.46059835444953295,0,0
fixed_transform_step50,3233,2024-05-24,2024-06-03,-0.0081155643048258,2024,2024-03-31,learned_order_extension,20260911,0.4102211284145427,0.4102211284145427,0,0
fixed_transform_step50,3238,2024-05-31,2024-06-11,-0.0060267570121149,2024,2024-03-31,learned_order_extension,20260911,0.48432013531806,0.48432013531806,0,0
fixed_transform_step50,3243,2024-06-07,2024-06-17,-0.0096686558937179,2024,2024-03-31,learned_order_extension,20260911,0.4560314805500644,0.4560314805500644,0,0
fixed_transform_step50,3247,2024-06-14,2024-06-24,-0.013573992457631,2024,2024-03-31,learned_order_extension,20260911,0.5459450193708015,0.5459450193708015,1,0
fixed_transform_step50,3252,2024-06-21,2024-07-01,-0.004427632109257,2024,2024-03-31,learned_order_extension,20260911,0.4858730531650881,0.4858730531650881,0,0
fixed_transform_step50,3257,2024-06-28,2024-07-08,-0.0108320369203009,2024,2024-03-31,learned_order_extension,20260911,0.49816400281861434,0.49816400281861434,0,0
fixed_transform_step50,3206,2024-04-12,2024-04-22,0.018045199366633,2024,2024-03-31,learned_order_offset,20260911,0.3687979178278672,0.3687979178278672,0,1
fixed_transform_step50,3211,2024-04-19,2024-04-29,0.0136757744232476,2024,2024-03-31,learned_order_offset,20260911,0.5001133117151905,0.5001133117151905,1,1
fixed_transform_step50,3216,2024-04-26,2024-05-13,0.0172434956786644,2024,2024-03-31,learned_order_offset,20260911,0.4806340762153629,0.4806340762153629,0,1
fixed_transform_step50,3223,2024-05-10,2024-05-20,0.0097933549988344,2024,2024-03-31,learned_order_offset,20260911,0.393634677718249,0.393634677718249,0,1
fixed_transform_step50,3228,2024-05-17,2024-05-27,-0.0204803832637164,2024,2024-03-31,learned_order_offset,20260911,0.4592117365575515,0.4592117365575515,0,0
fixed_transform_step50,3233,2024-05-24,2024-06-03,-0.0081155643048258,2024,2024-03-31,learned_order_offset,20260911,0.4094563331801507,0.4094563331801507,0,0
fixed_transform_step50,3238,2024-05-31,2024-06-11,-0.0060267570121149,2024,2024-03-31,learned_order_offset,20260911,0.4811217145324394,0.4811217145324394,0,0
fixed_transform_step50,3243,2024-06-07,2024-06-17,-0.0096686558937179,2024,2024-03-31,learned_order_offset,20260911,0.45355350704049363,0.45355350704049363,0,0
fixed_transform_step50,3247,2024-06-14,2024-06-24,-0.013573992457631,2024,2024-03-31,learned_order_offset,20260911,0.5441905795543119,0.5441905795543119,1,0
fixed_transform_step50,3252,2024-06-21,2024-07-01,-0.004427632109257,2024,2024-03-31,learned_order_offset,20260911,0.4855200827234291,0.4855200827234291,0,0
fixed_transform_step50,3257,2024-06-28,2024-07-08,-0.0108320369203009,2024,2024-03-31,learned_order_offset,20260911,0.4983327931168367,0.4983327931168367,0,0
fixed_transform_step50,3206,2024-04-12,2024-04-22,0.018045199366633,2024,2024-03-31,learned_market,20260912,0.5799392942822791,0.5799392942822791,1,1
fixed_transform_step50,3211,2024-04-19,2024-04-29,0.0136757744232476,2024,2024-03-31,learned_market,20260912,0.5867114038310756,0.5867114038310756,1,1
fixed_transform_step50,3216,2024-04-26,2024-05-13,0.0172434956786644,2024,2024-03-31,learned_market,20260912,0.4174812222867713,0.4174812222867713,0,1
fixed_transform_step50,3223,2024-05-10,2024-05-20,0.0097933549988344,2024,2024-03-31,learned_market,20260912,0.24921496714576935,0.24921496714576935,0,1
fixed_transform_step50,3228,2024-05-17,2024-05-27,-0.0204803832637164,2024,2024-03-31,learned_market,20260912,0.23686658974628877,0.23686658974628877,0,0
fixed_transform_step50,3233,2024-05-24,2024-06-03,-0.0081155643048258,2024,2024-03-31,learned_market,20260912,0.28044649938070787,0.28044649938070787,0,0
fixed_transform_step50,3238,2024-05-31,2024-06-11,-0.0060267570121149,2024,2024-03-31,learned_market,20260912,0.3001374621331167,0.3001374621331167,0,0
fixed_transform_step50,3243,2024-06-07,2024-06-17,-0.0096686558937179,2024,2024-03-31,learned_market,20260912,0.3836078173977713,0.3836078173977713,0,0
fixed_transform_step50,3247,2024-06-14,2024-06-24,-0.013573992457631,2024,2024-03-31,learned_market,20260912,0.40650447544682833,0.40650447544682833,0,0
fixed_transform_step50,3252,2024-06-21,2024-07-01,-0.004427632109257,2024,2024-03-31,learned_market,20260912,0.4551351283112524,0.4551351283112524,0,0
fixed_transform_step50,3257,2024-06-28,2024-07-08,-0.0108320369203009,2024,2024-03-31,learned_market,20260912,0.4554975354773002,0.4554975354773002,0,0
fixed_transform_step50,3206,2024-04-12,2024-04-22,0.018045199366633,2024,2024-03-31,learned_vol_interaction,20260912,0.5957991558452558,0.5957991558452558,1,1
fixed_transform_step50,3211,2024-04-19,2024-04-29,0.0136757744232476,2024,2024-03-31,learned_vol_interaction,20260912,0.5864263497700876,0.5864263497700876,1,1
fixed_transform_step50,3216,2024-04-26,2024-05-13,0.0172434956786644,2024,2024-03-31,learned_vol_interaction,20260912,0.41212112657775024,0.41212112657775024,0,1
fixed_transform_step50,3223,2024-05-10,2024-05-20,0.0097933549988344,2024,2024-03-31,learned_vol_interaction,20260912,0.2523844111537033,0.2523844111537033,0,1
fixed_transform_step50,3228,2024-05-17,2024-05-27,-0.0204803832637164,2024,2024-03-31,learned_vol_interaction,20260912,0.22866868875370686,0.22866868875370686,0,0
fixed_transform_step50,3233,2024-05-24,2024-06-03,-0.0081155643048258,2024,2024-03-31,learned_vol_interaction,20260912,0.27115625877419813,0.27115625877419813,0,0
fixed_transform_step50,3238,2024-05-31,2024-06-11,-0.0060267570121149,2024,2024-03-31,learned_vol_interaction,20260912,0.29070917029869453,0.29070917029869453,0,0
fixed_transform_step50,3243,2024-06-07,2024-06-17,-0.0096686558937179,2024,2024-03-31,learned_vol_interaction,20260912,0.3736694250940763,0.3736694250940763,0,0
fixed_transform_step50,3247,2024-06-14,2024-06-24,-0.013573992457631,2024,2024-03-31,learned_vol_interaction,20260912,0.39756194223511354,0.39756194223511354,0,0
fixed_transform_step50,3252,2024-06-21,2024-07-01,-0.004427632109257,2024,2024-03-31,learned_vol_interaction,20260912,0.4572857828961775,0.4572857828961775,0,0
fixed_transform_step50,3257,2024-06-28,2024-07-08,-0.0108320369203009,2024,2024-03-31,learned_vol_interaction,20260912,0.4474125028782396,0.4474125028782396,0,0
fixed_transform_step50,3206,2024-04-12,2024-04-22,0.018045199366633,2024,2024-03-31,learned_order_extension,20260912,0.4580819614870545,0.4580819614870545,0,1
fixed_transform_step50,3211,2024-04-19,2024-04-29,0.0136757744232476,2024,2024-03-31,learned_order_extension,20260912,0.46662091662702815,0.46662091662702815,0,1
fixed_transform_step50,3216,2024-04-26,2024-05-13,0.0172434956786644,2024,2024-03-31,learned_order_extension,20260912,0.410848952646508,0.410848952646508,0,1
fixed_transform_step50,3223,2024-05-10,2024-05-20,0.0097933549988344,2024,2024-03-31,learned_order_extension,20260912,0.35431782563355124,0.35431782563355124,0,1
fixed_transform_step50,3228,2024-05-17,2024-05-27,-0.0204803832637164,2024,2024-03-31,learned_order_extension,20260912,0.31920199711599784,0.31920199711599784,0,0
fixed_transform_step50,3233,2024-05-24,2024-06-03,-0.0081155643048258,2024,2024-03-31,learned_order_extension,20260912,0.34287439202061654,0.34287439202061654,0,0
fixed_transform_step50,3238,2024-05-31,2024-06-11,-0.0060267570121149,2024,2024-03-31,learned_order_extension,20260912,0.33086671673583357,0.33086671673583357,0,0
fixed_transform_step50,3243,2024-06-07,2024-06-17,-0.0096686558937179,2024,2024-03-31,learned_order_extension,20260912,0.3997599999564063,0.3997599999564063,0,0
fixed_transform_step50,3247,2024-06-14,2024-06-24,-0.013573992457631,2024,2024-03-31,learned_order_extension,20260912,0.4104925057425028,0.4104925057425028,0,0
fixed_transform_step50,3252,2024-06-21,2024-07-01,-0.004427632109257,2024,2024-03-31,learned_order_extension,20260912,0.4647979896871856,0.4647979896871856,0,0
fixed_transform_step50,3257,2024-06-28,2024-07-08,-0.0108320369203009,2024,2024-03-31,learned_order_extension,20260912,0.4760595202878894,0.4760595202878894,0,0
fixed_transform_step50,3206,2024-04-12,2024-04-22,0.018045199366633,2024,2024-03-31,learned_order_offset,20260912,0.45562363107420634,0.45562363107420634,0,1
fixed_transform_step50,3211,2024-04-19,2024-04-29,0.0136757744232476,2024,2024-03-31,learned_order_offset,20260912,0.46382161889536716,0.46382161889536716,0,1
fixed_transform_step50,3216,2024-04-26,2024-05-13,0.0172434956786644,2024,2024-03-31,learned_order_offset,20260912,0.4102917067938376,0.4102917067938376,0,1
fixed_transform_step50,3223,2024-05-10,2024-05-20,0.0097933549988344,2024,2024-03-31,learned_order_offset,20260912,0.3541879561726851,0.3541879561726851,0,1
fixed_transform_step50,3228,2024-05-17,2024-05-27,-0.0204803832637164,2024,2024-03-31,learned_order_offset,20260912,0.3214289560987307,0.3214289560987307,0,0
fixed_transform_step50,3233,2024-05-24,2024-06-03,-0.0081155643048258,2024,2024-03-31,learned_order_offset,20260912,0.34672521693759245,0.34672521693759245,0,0
fixed_transform_step50,3238,2024-05-31,2024-06-11,-0.0060267570121149,2024,2024-03-31,learned_order_offset,20260912,0.33314288880222115,0.33314288880222115,0,0
fixed_transform_step50,3243,2024-06-07,2024-06-17,-0.0096686558937179,2024,2024-03-31,learned_order_offset,20260912,0.40070715777884514,0.40070715777884514,0,0
fixed_transform_step50,3247,2024-06-14,2024-06-24,-0.013573992457631,2024,2024-03-31,learned_order_offset,20260912,0.41259961909058207,0.41259961909058207,0,0
fixed_transform_step50,3252,2024-06-21,2024-07-01,-0.004427632109257,2024,2024-03-31,learned_order_offset,20260912,0.4658636244047753,0.4658636244047753,0,0
fixed_transform_step50,3257,2024-06-28,2024-07-08,-0.0108320369203009,2024,2024-03-31,learned_order_offset,20260912,0.4779458422310475,0.4779458422310475,0,0
fixed_transform_step50,3262,2024-07-05,2024-07-15,0.0122222871842843,2024,2024-06-30,learned_market,20260910,0.5113129467514385,0.5113129467514385,1,1
fixed_transform_step50,3267,2024-07-12,2024-07-22,0.0218881133018156,2024,2024-06-30,learned_market,20260910,0.4499313951785259,0.4499313951785259,0,1
fixed_transform_step50,3272,2024-07-19,2024-07-29,-0.0378787022382998,2024,2024-06-30,learned_market,20260910,0.4883900992047615,0.4883900992047615,0,0
fixed_transform_step50,3277,2024-07-26,2024-08-05,-0.0124134568216732,2024,2024-06-30,learned_market,20260910,0.4781206474634712,0.4781206474634712,0,0
fixed_transform_step50,3282,2024-08-02,2024-08-12,-0.0102762848330364,2024,2024-06-30,learned_market,20260910,0.4931974409952821,0.4931974409952821,0,0
fixed_transform_step50,3287,2024-08-09,2024-08-19,0.0050186923751938,2024,2024-06-30,learned_market,20260910,0.561795363744857,0.561795363744857,1,1
fixed_transform_step50,3292,2024-08-16,2024-08-26,-0.0040487282687352,2024,2024-06-30,learned_market,20260910,0.36793109282896125,0.36793109282896125,0,0
fixed_transform_step50,3297,2024-08-23,2024-09-02,-0.0069594562136714,2024,2024-06-30,learned_market,20260910,0.2819429271453039,0.2819429271453039,0,0
fixed_transform_step50,3302,2024-08-30,2024-09-09,-0.0280389655151561,2024,2024-06-30,learned_market,20260910,0.2651140664852622,0.2651140664852622,0,0
fixed_transform_step50,3307,2024-09-06,2024-09-18,-0.0174132138857783,2024,2024-06-30,learned_market,20260910,0.2717340449856897,0.2717340449856897,0,0
fixed_transform_step50,3312,2024-09-13,2024-09-24,0.0133119329369826,2024,2024-06-30,learned_market,20260910,0.3129422123253993,0.3129422123253993,0,1
fixed_transform_step50,3315,2024-09-20,2024-09-30,0.2017513988384409,2024,2024-06-30,learned_market,20260910,0.3001140174968276,0.3001140174968276,0,1
fixed_transform_step50,3320,2024-09-27,2024-10-14,0.0178259004588408,2024,2024-06-30,learned_market,20260910,0.5619892395504811,0.5619892395504811,1,1
fixed_transform_step50,3262,2024-07-05,2024-07-15,0.0122222871842843,2024,2024-06-30,learned_vol_interaction,20260910,0.5432387631739546,0.5432387631739546,1,1
fixed_transform_step50,3267,2024-07-12,2024-07-22,0.0218881133018156,2024,2024-06-30,learned_vol_interaction,20260910,0.462239593504428,0.462239593504428,0,1
fixed_transform_step50,3272,2024-07-19,2024-07-29,-0.0378787022382998,2024,2024-06-30,learned_vol_interaction,20260910,0.5088360996596968,0.5088360996596968,1,0
fixed_transform_step50,3277,2024-07-26,2024-08-05,-0.0124134568216732,2024,2024-06-30,learned_vol_interaction,20260910,0.488540532568677,0.488540532568677,0,0
fixed_transform_step50,3282,2024-08-02,2024-08-12,-0.0102762848330364,2024,2024-06-30,learned_vol_interaction,20260910,0.501021814663483,0.501021814663483,1,0
fixed_transform_step50,3287,2024-08-09,2024-08-19,0.0050186923751938,2024,2024-06-30,learned_vol_interaction,20260910,0.5709112904189958,0.5709112904189958,1,1
fixed_transform_step50,3292,2024-08-16,2024-08-26,-0.0040487282687352,2024,2024-06-30,learned_vol_interaction,20260910,0.3566626601536487,0.3566626601536487,0,0
fixed_transform_step50,3297,2024-08-23,2024-09-02,-0.0069594562136714,2024,2024-06-30,learned_vol_interaction,20260910,0.2582471721370677,0.2582471721370677,0,0
fixed_transform_step50,3302,2024-08-30,2024-09-09,-0.0280389655151561,2024,2024-06-30,learned_vol_interaction,20260910,0.24095463410575121,0.24095463410575121,0,0
fixed_transform_step50,3307,2024-09-06,2024-09-18,-0.0174132138857783,2024,2024-06-30,learned_vol_interaction,20260910,0.25264515668999105,0.25264515668999105,0,0
fixed_transform_step50,3312,2024-09-13,2024-09-24,0.0133119329369826,2024,2024-06-30,learned_vol_interaction,20260910,0.3018072817735386,0.3018072817735386,0,1
fixed_transform_step50,3315,2024-09-20,2024-09-30,0.2017513988384409,2024,2024-06-30,learned_vol_interaction,20260910,0.2824846825287076,0.2824846825287076,0,1
fixed_transform_step50,3320,2024-09-27,2024-10-14,0.0178259004588408,2024,2024-06-30,learned_vol_interaction,20260910,0.5499786587478207,0.5499786587478207,1,1
fixed_transform_step50,3262,2024-07-05,2024-07-15,0.0122222871842843,2024,2024-06-30,learned_order_extension,20260910,0.5556862245621655,0.5556862245621655,1,1
fixed_transform_step50,3267,2024-07-12,2024-07-22,0.0218881133018156,2024,2024-06-30,learned_order_extension,20260910,0.4729692267173192,0.4729692267173192,0,1
fixed_transform_step50,3272,2024-07-19,2024-07-29,-0.0378787022382998,2024,2024-06-30,learned_order_extension,20260910,0.5043992921583375,0.5043992921583375,1,0
fixed_transform_step50,3277,2024-07-26,2024-08-05,-0.0124134568216732,2024,2024-06-30,learned_order_extension,20260910,0.49745028025345395,0.49745028025345395,0,0
fixed_transform_step50,3282,2024-08-02,2024-08-12,-0.0102762848330364,2024,2024-06-30,learned_order_extension,20260910,0.5113902065320558,0.5113902065320558,1,0
fixed_transform_step50,3287,2024-08-09,2024-08-19,0.0050186923751938,2024,2024-06-30,learned_order_extension,20260910,0.5635395543200016,0.5635395543200016,1,1
fixed_transform_step50,3292,2024-08-16,2024-08-26,-0.0040487282687352,2024,2024-06-30,learned_order_extension,20260910,0.36883275588313413,0.36883275588313413,0,0
fixed_transform_step50,3297,2024-08-23,2024-09-02,-0.0069594562136714,2024,2024-06-30,learned_order_extension,20260910,0.30186416161022495,0.30186416161022495,0,0
fixed_transform_step50,3302,2024-08-30,2024-09-09,-0.0280389655151561,2024,2024-06-30,learned_order_extension,20260910,0.27530019150255636,0.27530019150255636,0,0
fixed_transform_step50,3307,2024-09-06,2024-09-18,-0.0174132138857783,2024,2024-06-30,learned_order_extension,20260910,0.2820270740630995,0.2820270740630995,0,0
fixed_transform_step50,3312,2024-09-13,2024-09-24,0.0133119329369826,2024,2024-06-30,learned_order_extension,20260910,0.3235217588686327,0.3235217588686327,0,1
fixed_transform_step50,3315,2024-09-20,2024-09-30,0.2017513988384409,2024,2024-06-30,learned_order_extension,20260910,0.3149436498773138,0.3149436498773138,0,1
fixed_transform_step50,3320,2024-09-27,2024-10-14,0.0178259004588408,2024,2024-06-30,learned_order_extension,20260910,0.5533329805622499,0.5533329805622499,1,1
fixed_transform_step50,3262,2024-07-05,2024-07-15,0.0122222871842843,2024,2024-06-30,learned_order_offset,20260910,0.5519053597622854,0.5519053597622854,1,1
fixed_transform_step50,3267,2024-07-12,2024-07-22,0.0218881133018156,2024,2024-06-30,learned_order_offset,20260910,0.46917972420140186,0.46917972420140186,0,1
fixed_transform_step50,3272,2024-07-19,2024-07-29,-0.0378787022382998,2024,2024-06-30,learned_order_offset,20260910,0.49942292557948276,0.49942292557948276,0,0
fixed_transform_step50,3277,2024-07-26,2024-08-05,-0.0124134568216732,2024,2024-06-30,learned_order_offset,20260910,0.49305512382654787,0.49305512382654787,0,0
fixed_transform_step50,3282,2024-08-02,2024-08-12,-0.0102762848330364,2024,2024-06-30,learned_order_offset,20260910,0.5087464326611919,0.5087464326611919,1,0
fixed_transform_step50,3287,2024-08-09,2024-08-19,0.0050186923751938,2024,2024-06-30,learned_order_offset,20260910,0.5603739951724246,0.5603739951724246,1,1
fixed_transform_step50,3292,2024-08-16,2024-08-26,-0.0040487282687352,2024,2024-06-30,learned_order_offset,20260910,0.3702727926093607,0.3702727926093607,0,0
fixed_transform_step50,3297,2024-08-23,2024-09-02,-0.0069594562136714,2024,2024-06-30,learned_order_offset,20260910,0.3039654052857774,0.3039654052857774,0,0
fixed_transform_step50,3302,2024-08-30,2024-09-09,-0.0280389655151561,2024,2024-06-30,learned_order_offset,20260910,0.27802806401041325,0.27802806401041325,0,0
fixed_transform_step50,3307,2024-09-06,2024-09-18,-0.0174132138857783,2024,2024-06-30,learned_order_offset,20260910,0.2849121701586671,0.2849121701586671,0,0
fixed_transform_step50,3312,2024-09-13,2024-09-24,0.0133119329369826,2024,2024-06-30,learned_order_offset,20260910,0.32441937162513035,0.32441937162513035,0,1
fixed_transform_step50,3315,2024-09-20,2024-09-30,0.2017513988384409,2024,2024-06-30,learned_order_offset,20260910,0.3148986677040313,0.3148986677040313,0,1
fixed_transform_step50,3320,2024-09-27,2024-10-14,0.0178259004588408,2024,2024-06-30,learned_order_offset,20260910,0.5534618683790146,0.5534618683790146,1,1
fixed_transform_step50,3262,2024-07-05,2024-07-15,0.0122222871842843,2024,2024-06-30,learned_market,20260911,0.43870604231880034,0.43870604231880034,0,1
fixed_transform_step50,3267,2024-07-12,2024-07-22,0.0218881133018156,2024,2024-06-30,learned_market,20260911,0.5139608949629586,0.5139608949629586,1,1
fixed_transform_step50,3272,2024-07-19,2024-07-29,-0.0378787022382998,2024,2024-06-30,learned_market,20260911,0.4048601843192179,0.4048601843192179,0,0
fixed_transform_step50,3277,2024-07-26,2024-08-05,-0.0124134568216732,2024,2024-06-30,learned_market,20260911,0.4695805423904496,0.4695805423904496,0,0
fixed_transform_step50,3282,2024-08-02,2024-08-12,-0.0102762848330364,2024,2024-06-30,learned_market,20260911,0.36980436576723263,0.36980436576723263,0,0
fixed_transform_step50,3287,2024-08-09,2024-08-19,0.0050186923751938,2024,2024-06-30,learned_market,20260911,0.40324143005960833,0.40324143005960833,0,1
fixed_transform_step50,3292,2024-08-16,2024-08-26,-0.0040487282687352,2024,2024-06-30,learned_market,20260911,0.2883846243076467,0.2883846243076467,0,0
fixed_transform_step50,3297,2024-08-23,2024-09-02,-0.0069594562136714,2024,2024-06-30,learned_market,20260911,0.33652316919543757,0.33652316919543757,0,0
fixed_transform_step50,3302,2024-08-30,2024-09-09,-0.0280389655151561,2024,2024-06-30,learned_market,20260911,0.3179009184777869,0.3179009184777869,0,0
fixed_transform_step50,3307,2024-09-06,2024-09-18,-0.0174132138857783,2024,2024-06-30,learned_market,20260911,0.39173842494264016,0.39173842494264016,0,0
fixed_transform_step50,3312,2024-09-13,2024-09-24,0.0133119329369826,2024,2024-06-30,learned_market,20260911,0.43767237053606745,0.43767237053606745,0,1
fixed_transform_step50,3315,2024-09-20,2024-09-30,0.2017513988384409,2024,2024-06-30,learned_market,20260911,0.49606779094290293,0.49606779094290293,0,1
fixed_transform_step50,3320,2024-09-27,2024-10-14,0.0178259004588408,2024,2024-06-30,learned_market,20260911,0.6936280298505239,0.6936280298505239,1,1
fixed_transform_step50,3262,2024-07-05,2024-07-15,0.0122222871842843,2024,2024-06-30,learned_vol_interaction,20260911,0.43544485318035747,0.43544485318035747,0,1
fixed_transform_step50,3267,2024-07-12,2024-07-22,0.0218881133018156,2024,2024-06-30,learned_vol_interaction,20260911,0.5083208247599201,0.5083208247599201,1,1
fixed_transform_step50,3272,2024-07-19,2024-07-29,-0.0378787022382998,2024,2024-06-30,learned_vol_interaction,20260911,0.40266733109241054,0.40266733109241054,0,0
fixed_transform_step50,3277,2024-07-26,2024-08-05,-0.0124134568216732,2024,2024-06-30,learned_vol_interaction,20260911,0.46715075037467,0.46715075037467,0,0
fixed_transform_step50,3282,2024-08-02,2024-08-12,-0.0102762848330364,2024,2024-06-30,learned_vol_interaction,20260911,0.3692950780224946,0.3692950780224946,0,0
fixed_transform_step50,3287,2024-08-09,2024-08-19,0.0050186923751938,2024,2024-06-30,learned_vol_interaction,20260911,0.40540403734691344,0.40540403734691344,0,1
fixed_transform_step50,3292,2024-08-16,2024-08-26,-0.0040487282687352,2024,2024-06-30,learned_vol_interaction,20260911,0.29306444860164066,0.29306444860164066,0,0
fixed_transform_step50,3297,2024-08-23,2024-09-02,-0.0069594562136714,2024,2024-06-30,learned_vol_interaction,20260911,0.3413413033527345,0.3413413033527345,0,0
fixed_transform_step50,3302,2024-08-30,2024-09-09,-0.0280389655151561,2024,2024-06-30,learned_vol_interaction,20260911,0.31985817842001474,0.31985817842001474,0,0
fixed_transform_step50,3307,2024-09-06,2024-09-18,-0.0174132138857783,2024,2024-06-30,learned_vol_interaction,20260911,0.39267841017860594,0.39267841017860594,0,0
fixed_transform_step50,3312,2024-09-13,2024-09-24,0.0133119329369826,2024,2024-06-30,learned_vol_interaction,20260911,0.43402725717730856,0.43402725717730856,0,1
fixed_transform_step50,3315,2024-09-20,2024-09-30,0.2017513988384409,2024,2024-06-30,learned_vol_interaction,20260911,0.4948299108486144,0.4948299108486144,0,1
fixed_transform_step50,3320,2024-09-27,2024-10-14,0.0178259004588408,2024,2024-06-30,learned_vol_interaction,20260911,0.7005591592298539,0.7005591592298539,1,1
fixed_transform_step50,3262,2024-07-05,2024-07-15,0.0122222871842843,2024,2024-06-30,learned_order_extension,20260911,0.43327947573028425,0.43327947573028425,0,1
fixed_transform_step50,3267,2024-07-12,2024-07-22,0.0218881133018156,2024,2024-06-30,learned_order_extension,20260911,0.5247031513181205,0.5247031513181205,1,1
fixed_transform_step50,3272,2024-07-19,2024-07-29,-0.0378787022382998,2024,2024-06-30,learned_order_extension,20260911,0.42852115403732677,0.42852115403732677,0,0
fixed_transform_step50,3277,2024-07-26,2024-08-05,-0.0124134568216732,2024,2024-06-30,learned_order_extension,20260911,0.4962278305180574,0.4962278305180574,0,0
fixed_transform_step50,3282,2024-08-02,2024-08-12,-0.0102762848330364,2024,2024-06-30,learned_order_extension,20260911,0.39737030545813967,0.39737030545813967,0,0
fixed_transform_step50,3287,2024-08-09,2024-08-19,0.0050186923751938,2024,2024-06-30,learned_order_extension,20260911,0.43641208702665235,0.43641208702665235,0,1
fixed_transform_step50,3292,2024-08-16,2024-08-26,-0.0040487282687352,2024,2024-06-30,learned_order_extension,20260911,0.3393478048627468,0.3393478048627468,0,0
fixed_transform_step50,3297,2024-08-23,2024-09-02,-0.0069594562136714,2024,2024-06-30,learned_order_extension,20260911,0.36851887228589475,0.36851887228589475,0,0
fixed_transform_step50,3302,2024-08-30,2024-09-09,-0.0280389655151561,2024,2024-06-30,learned_order_extension,20260911,0.3515315506479895,0.3515315506479895,0,0
fixed_transform_step50,3307,2024-09-06,2024-09-18,-0.0174132138857783,2024,2024-06-30,learned_order_extension,20260911,0.42517335571692705,0.42517335571692705,0,0
fixed_transform_step50,3312,2024-09-13,2024-09-24,0.0133119329369826,2024,2024-06-30,learned_order_extension,20260911,0.4474949313025547,0.4474949313025547,0,1
fixed_transform_step50,3315,2024-09-20,2024-09-30,0.2017513988384409,2024,2024-06-30,learned_order_extension,20260911,0.48461212701760104,0.48461212701760104,0,1
fixed_transform_step50,3320,2024-09-27,2024-10-14,0.0178259004588408,2024,2024-06-30,learned_order_extension,20260911,0.6277729602473091,0.6277729602473091,1,1
fixed_transform_step50,3262,2024-07-05,2024-07-15,0.0122222871842843,2024,2024-06-30,learned_order_offset,20260911,0.43427271738736867,0.43427271738736867,0,1
fixed_transform_step50,3267,2024-07-12,2024-07-22,0.0218881133018156,2024,2024-06-30,learned_order_offset,20260911,0.5217947886863811,0.5217947886863811,1,1
fixed_transform_step50,3272,2024-07-19,2024-07-29,-0.0378787022382998,2024,2024-06-30,learned_order_offset,20260911,0.4275023363359863,0.4275023363359863,0,0
fixed_transform_step50,3277,2024-07-26,2024-08-05,-0.0124134568216732,2024,2024-06-30,learned_order_offset,20260911,0.49662309287370265,0.49662309287370265,0,0
fixed_transform_step50,3282,2024-08-02,2024-08-12,-0.0102762848330364,2024,2024-06-30,learned_order_offset,20260911,0.3983203537287974,0.3983203537287974,0,0
fixed_transform_step50,3287,2024-08-09,2024-08-19,0.0050186923751938,2024,2024-06-30,learned_order_offset,20260911,0.4372947282729751,0.4372947282729751,0,1
fixed_transform_step50,3292,2024-08-16,2024-08-26,-0.0040487282687352,2024,2024-06-30,learned_order_offset,20260911,0.34312142128941153,0.34312142128941153,0,0
fixed_transform_step50,3297,2024-08-23,2024-09-02,-0.0069594562136714,2024,2024-06-30,learned_order_offset,20260911,0.3724046435712449,0.3724046435712449,0,0
fixed_transform_step50,3302,2024-08-30,2024-09-09,-0.0280389655151561,2024,2024-06-30,learned_order_offset,20260911,0.3540057042988007,0.3540057042988007,0,0
fixed_transform_step50,3307,2024-09-06,2024-09-18,-0.0174132138857783,2024,2024-06-30,learned_order_offset,20260911,0.4276198226166238,0.4276198226166238,0,0
fixed_transform_step50,3312,2024-09-13,2024-09-24,0.0133119329369826,2024,2024-06-30,learned_order_offset,20260911,0.4464517551452095,0.4464517551452095,0,1
fixed_transform_step50,3315,2024-09-20,2024-09-30,0.2017513988384409,2024,2024-06-30,learned_order_offset,20260911,0.4824257262573612,0.4824257262573612,0,1
fixed_transform_step50,3320,2024-09-27,2024-10-14,0.0178259004588408,2024,2024-06-30,learned_order_offset,20260911,0.6295161634313424,0.6295161634313424,1,1
fixed_transform_step50,3262,2024-07-05,2024-07-15,0.0122222871842843,2024,2024-06-30,learned_market,20260912,0.5792865815726278,0.5792865815726278,1,1
fixed_transform_step50,3267,2024-07-12,2024-07-22,0.0218881133018156,2024,2024-06-30,learned_market,20260912,0.5394925184211389,0.5394925184211389,1,1
fixed_transform_step50,3272,2024-07-19,2024-07-29,-0.0378787022382998,2024,2024-06-30,learned_market,20260912,0.43078212235614854,0.43078212235614854,0,0
fixed_transform_step50,3277,2024-07-26,2024-08-05,-0.0124134568216732,2024,2024-06-30,learned_market,20260912,0.5620594491441493,0.5620594491441493,1,0
fixed_transform_step50,3282,2024-08-02,2024-08-12,-0.0102762848330364,2024,2024-06-30,learned_market,20260912,0.5711220047340158,0.5711220047340158,1,0
fixed_transform_step50,3287,2024-08-09,2024-08-19,0.0050186923751938,2024,2024-06-30,learned_market,20260912,0.48086690026283063,0.48086690026283063,0,1
fixed_transform_step50,3292,2024-08-16,2024-08-26,-0.0040487282687352,2024,2024-06-30,learned_market,20260912,0.37786001362171046,0.37786001362171046,0,0
fixed_transform_step50,3297,2024-08-23,2024-09-02,-0.0069594562136714,2024,2024-06-30,learned_market,20260912,0.2901507092133727,0.2901507092133727,0,0
fixed_transform_step50,3302,2024-08-30,2024-09-09,-0.0280389655151561,2024,2024-06-30,learned_market,20260912,0.3162947147657491,0.3162947147657491,0,0
fixed_transform_step50,3307,2024-09-06,2024-09-18,-0.0174132138857783,2024,2024-06-30,learned_market,20260912,0.3905584253380923,0.3905584253380923,0,0
fixed_transform_step50,3312,2024-09-13,2024-09-24,0.0133119329369826,2024,2024-06-30,learned_market,20260912,0.370591384712781,0.370591384712781,0,1
fixed_transform_step50,3315,2024-09-20,2024-09-30,0.2017513988384409,2024,2024-06-30,learned_market,20260912,0.39172331462025906,0.39172331462025906,0,1
fixed_transform_step50,3320,2024-09-27,2024-10-14,0.0178259004588408,2024,2024-06-30,learned_market,20260912,0.41496377792773936,0.41496377792773936,0,1
fixed_transform_step50,3262,2024-07-05,2024-07-15,0.0122222871842843,2024,2024-06-30,learned_vol_interaction,20260912,0.6048159868886066,0.6048159868886066,1,1
fixed_transform_step50,3267,2024-07-12,2024-07-22,0.0218881133018156,2024,2024-06-30,learned_vol_interaction,20260912,0.5471556986707488,0.5471556986707488,1,1
fixed_transform_step50,3272,2024-07-19,2024-07-29,-0.0378787022382998,2024,2024-06-30,learned_vol_interaction,20260912,0.42042828835399926,0.42042828835399926,0,0
fixed_transform_step50,3277,2024-07-26,2024-08-05,-0.0124134568216732,2024,2024-06-30,learned_vol_interaction,20260912,0.5747952018029201,0.5747952018029201,1,0
fixed_transform_step50,3282,2024-08-02,2024-08-12,-0.0102762848330364,2024,2024-06-30,learned_vol_interaction,20260912,0.5759571301208619,0.5759571301208619,1,0
fixed_transform_step50,3287,2024-08-09,2024-08-19,0.0050186923751938,2024,2024-06-30,learned_vol_interaction,20260912,0.4736203569236231,0.4736203569236231,0,1
fixed_transform_step50,3292,2024-08-16,2024-08-26,-0.0040487282687352,2024,2024-06-30,learned_vol_interaction,20260912,0.3645079748673814,0.3645079748673814,0,0
fixed_transform_step50,3297,2024-08-23,2024-09-02,-0.0069594562136714,2024,2024-06-30,learned_vol_interaction,20260912,0.2627536307124036,0.2627536307124036,0,0
fixed_transform_step50,3302,2024-08-30,2024-09-09,-0.0280389655151561,2024,2024-06-30,learned_vol_interaction,20260912,0.27627820491043176,0.27627820491043176,0,0
fixed_transform_step50,3307,2024-09-06,2024-09-18,-0.0174132138857783,2024,2024-06-30,learned_vol_interaction,20260912,0.37163826208252276,0.37163826208252276,0,0
fixed_transform_step50,3312,2024-09-13,2024-09-24,0.0133119329369826,2024,2024-06-30,learned_vol_interaction,20260912,0.34482142589101683,0.34482142589101683,0,1
fixed_transform_step50,3315,2024-09-20,2024-09-30,0.2017513988384409,2024,2024-06-30,learned_vol_interaction,20260912,0.36591731398605215,0.36591731398605215,0,1
fixed_transform_step50,3320,2024-09-27,2024-10-14,0.0178259004588408,2024,2024-06-30,learned_vol_interaction,20260912,0.4479850112731189,0.4479850112731189,0,1
fixed_transform_step50,3262,2024-07-05,2024-07-15,0.0122222871842843,2024,2024-06-30,learned_order_extension,20260912,0.6302943778113611,0.6302943778113611,1,1
fixed_transform_step50,3267,2024-07-12,2024-07-22,0.0218881133018156,2024,2024-06-30,learned_order_extension,20260912,0.5569011475279797,0.5569011475279797,1,1
fixed_transform_step50,3272,2024-07-19,2024-07-29,-0.0378787022382998,2024,2024-06-30,learned_order_extension,20260912,0.4540066097755885,0.4540066097755885,0,0
fixed_transform_step50,3277,2024-07-26,2024-08-05,-0.0124134568216732,2024,2024-06-30,learned_order_extension,20260912,0.5857165837629398,0.5857165837629398,1,0
fixed_transform_step50,3282,2024-08-02,2024-08-12,-0.0102762848330364,2024,2024-06-30,learned_order_extension,20260912,0.5991435295369837,0.5991435295369837,1,0
fixed_transform_step50,3287,2024-08-09,2024-08-19,0.0050186923751938,2024,2024-06-30,learned_order_extension,20260912,0.5086865731232626,0.5086865731232626,1,1
fixed_transform_step50,3292,2024-08-16,2024-08-26,-0.0040487282687352,2024,2024-06-30,learned_order_extension,20260912,0.3997086796162407,0.3997086796162407,0,0
fixed_transform_step50,3297,2024-08-23,2024-09-02,-0.0069594562136714,2024,2024-06-30,learned_order_extension,20260912,0.34410899617233787,0.34410899617233787,0,0
fixed_transform_step50,3302,2024-08-30,2024-09-09,-0.0280389655151561,2024,2024-06-30,learned_order_extension,20260912,0.34927644675228403,0.34927644675228403,0,0
fixed_transform_step50,3307,2024-09-06,2024-09-18,-0.0174132138857783,2024,2024-06-30,learned_order_extension,20260912,0.41879972225670653,0.41879972225670653,0,0
fixed_transform_step50,3312,2024-09-13,2024-09-24,0.0133119329369826,2024,2024-06-30,learned_order_extension,20260912,0.3837760636057064,0.3837760636057064,0,1
fixed_transform_step50,3315,2024-09-20,2024-09-30,0.2017513988384409,2024,2024-06-30,learned_order_extension,20260912,0.43581523176613585,0.43581523176613585,0,1
fixed_transform_step50,3320,2024-09-27,2024-10-14,0.0178259004588408,2024,2024-06-30,learned_order_extension,20260912,0.550417481038491,0.550417481038491,1,1
fixed_transform_step50,3262,2024-07-05,2024-07-15,0.0122222871842843,2024,2024-06-30,learned_order_offset,20260912,0.6289361810172519,0.6289361810172519,1,1
fixed_transform_step50,3267,2024-07-12,2024-07-22,0.0218881133018156,2024,2024-06-30,learned_order_offset,20260912,0.5575608777823662,0.5575608777823662,1,1
fixed_transform_step50,3272,2024-07-19,2024-07-29,-0.0378787022382998,2024,2024-06-30,learned_order_offset,20260912,0.4587892274816074,0.4587892274816074,0,0
fixed_transform_step50,3277,2024-07-26,2024-08-05,-0.0124134568216732,2024,2024-06-30,learned_order_offset,20260912,0.5849437965580019,0.5849437965580019,1,0
fixed_transform_step50,3282,2024-08-02,2024-08-12,-0.0102762848330364,2024,2024-06-30,learned_order_offset,20260912,0.5988711612733838,0.5988711612733838,1,0
fixed_transform_step50,3287,2024-08-09,2024-08-19,0.0050186923751938,2024,2024-06-30,learned_order_offset,20260912,0.5099025387219811,0.5099025387219811,1,1
fixed_transform_step50,3292,2024-08-16,2024-08-26,-0.0040487282687352,2024,2024-06-30,learned_order_offset,20260912,0.4032823664937213,0.4032823664937213,0,0
fixed_transform_step50,3297,2024-08-23,2024-09-02,-0.0069594562136714,2024,2024-06-30,learned_order_offset,20260912,0.34689175615220474,0.34689175615220474,0,0
fixed_transform_step50,3302,2024-08-30,2024-09-09,-0.0280389655151561,2024,2024-06-30,learned_order_offset,20260912,0.3539667603498397,0.3539667603498397,0,0
fixed_transform_step50,3307,2024-09-06,2024-09-18,-0.0174132138857783,2024,2024-06-30,learned_order_offset,20260912,0.4218553987086033,0.4218553987086033,0,0
fixed_transform_step50,3312,2024-09-13,2024-09-24,0.0133119329369826,2024,2024-06-30,learned_order_offset,20260912,0.3861024381015608,0.3861024381015608,0,1
fixed_transform_step50,3315,2024-09-20,2024-09-30,0.2017513988384409,2024,2024-06-30,learned_order_offset,20260912,0.4383443199100832,0.4383443199100832,0,1
fixed_transform_step50,3320,2024-09-27,2024-10-14,0.0178259004588408,2024,2024-06-30,learned_order_offset,20260912,0.5535330834562171,0.5535330834562171,1,1
fixed_transform_step50,3325,2024-10-11,2024-10-21,0.0080914993282625,2024,2024-09-30,learned_market,20260910,0.6024285116792474,0.6024285116792474,1,1
fixed_transform_step50,3330,2024-10-18,2024-10-28,0.0015733867085561,2024,2024-09-30,learned_market,20260910,0.4834741834429576,0.4834741834429576,0,1
fixed_transform_step50,3335,2024-10-25,2024-11-04,-0.0140142824257356,2024,2024-09-30,learned_market,20260910,0.4698409935726196,0.4698409935726196,0,0
fixed_transform_step50,3340,2024-11-01,2024-11-11,0.0434152361258277,2024,2024-09-30,learned_market,20260910,0.4589073719571782,0.4589073719571782,0,1
fixed_transform_step50,3345,2024-11-08,2024-11-18,-0.0208584853931589,2024,2024-09-30,learned_market,20260910,0.44576331491739063,0.44576331491739063,0,0
fixed_transform_step50,3350,2024-11-15,2024-11-25,-0.0267421712161923,2024,2024-09-30,learned_market,20260910,0.44917777645030954,0.44917777645030954,0,0
fixed_transform_step50,3355,2024-11-22,2024-12-02,0.0087960346887328,2024,2024-09-30,learned_market,20260910,0.6102628343003599,0.6102628343003599,1,1
fixed_transform_step50,3360,2024-11-29,2024-12-09,0.0155919891551781,2024,2024-09-30,learned_market,20260910,0.6323979053559544,0.6323979053559544,1,1
fixed_transform_step50,3365,2024-12-06,2024-12-16,-0.0100436703218104,2024,2024-09-30,learned_market,20260910,0.5819381521499538,0.5819381521499538,1,0
fixed_transform_step50,3370,2024-12-13,2024-12-23,-0.0006690784017421,2024,2024-09-30,learned_market,20260910,0.4708591877593174,0.4708591877593174,0,0
fixed_transform_step50,3375,2024-12-20,2024-12-30,0.0123595076562756,2024,2024-09-30,learned_market,20260910,0.41034409662367055,0.41034409662367055,0,1
fixed_transform_step50,3380,2024-12-27,2025-01-06,-0.0504714964669198,2024,2024-09-30,learned_market,20260910,0.3692301734326214,0.3692301734326214,0,0
fixed_transform_step50,3325,2024-10-11,2024-10-21,0.0080914993282625,2024,2024-09-30,learned_vol_interaction,20260910,0.5913571779744912,0.5913571779744912,1,1
fixed_transform_step50,3330,2024-10-18,2024-10-28,0.0015733867085561,2024,2024-09-30,learned_vol_interaction,20260910,0.5332432109851571,0.5332432109851571,1,1
fixed_transform_step50,3335,2024-10-25,2024-11-04,-0.0140142824257356,2024,2024-09-30,learned_vol_interaction,20260910,0.5321425900872491,0.5321425900872491,1,0
fixed_transform_step50,3340,2024-11-01,2024-11-11,0.0434152361258277,2024,2024-09-30,learned_vol_interaction,20260910,0.5286459078726616,0.5286459078726616,1,1
fixed_transform_step50,3345,2024-11-08,2024-11-18,-0.0208584853931589,2024,2024-09-30,learned_vol_interaction,20260910,0.4547095770883261,0.4547095770883261,0,0
fixed_transform_step50,3350,2024-11-15,2024-11-25,-0.0267421712161923,2024,2024-09-30,learned_vol_interaction,20260910,0.4472532226047209,0.4472532226047209,0,0
fixed_transform_step50,3355,2024-11-22,2024-12-02,0.0087960346887328,2024,2024-09-30,learned_vol_interaction,20260910,0.5993044953521206,0.5993044953521206,1,1
fixed_transform_step50,3360,2024-11-29,2024-12-09,0.0155919891551781,2024,2024-09-30,learned_vol_interaction,20260910,0.6184986243726224,0.6184986243726224,1,1
fixed_transform_step50,3365,2024-12-06,2024-12-16,-0.0100436703218104,2024,2024-09-30,learned_vol_interaction,20260910,0.5749938411980975,0.5749938411980975,1,0
fixed_transform_step50,3370,2024-12-13,2024-12-23,-0.0006690784017421,2024,2024-09-30,learned_vol_interaction,20260910,0.4682809723565412,0.4682809723565412,0,0
fixed_transform_step50,3375,2024-12-20,2024-12-30,0.0123595076562756,2024,2024-09-30,learned_vol_interaction,20260910,0.3964480968292156,0.3964480968292156,0,1
fixed_transform_step50,3380,2024-12-27,2025-01-06,-0.0504714964669198,2024,2024-09-30,learned_vol_interaction,20260910,0.3497537360234402,0.3497537360234402,0,0
fixed_transform_step50,3325,2024-10-11,2024-10-21,0.0080914993282625,2024,2024-09-30,learned_order_extension,20260910,0.6060958537468415,0.6060958537468415,1,1
fixed_transform_step50,3330,2024-10-18,2024-10-28,0.0015733867085561,2024,2024-09-30,learned_order_extension,20260910,0.5660221476525931,0.5660221476525931,1,1
fixed_transform_step50,3335,2024-10-25,2024-11-04,-0.0140142824257356,2024,2024-09-30,learned_order_extension,20260910,0.5531386936162245,0.5531386936162245,1,0
fixed_transform_step50,3340,2024-11-01,2024-11-11,0.0434152361258277,2024,2024-09-30,learned_order_extension,20260910,0.5833339368125003,0.5833339368125003,1,1
fixed_transform_step50,3345,2024-11-08,2024-11-18,-0.0208584853931589,2024,2024-09-30,learned_order_extension,20260910,0.4469384193365966,0.4469384193365966,0,0
fixed_transform_step50,3350,2024-11-15,2024-11-25,-0.0267421712161923,2024,2024-09-30,learned_order_extension,20260910,0.429464865443406,0.429464865443406,0,0
fixed_transform_step50,3355,2024-11-22,2024-12-02,0.0087960346887328,2024,2024-09-30,learned_order_extension,20260910,0.5723623357220468,0.5723623357220468,1,1
fixed_transform_step50,3360,2024-11-29,2024-12-09,0.0155919891551781,2024,2024-09-30,learned_order_extension,20260910,0.6041776017223168,0.6041776017223168,1,1
fixed_transform_step50,3365,2024-12-06,2024-12-16,-0.0100436703218104,2024,2024-09-30,learned_order_extension,20260910,0.5441781041674586,0.5441781041674586,1,0
fixed_transform_step50,3370,2024-12-13,2024-12-23,-0.0006690784017421,2024,2024-09-30,learned_order_extension,20260910,0.44174645740272867,0.44174645740272867,0,0
fixed_transform_step50,3375,2024-12-20,2024-12-30,0.0123595076562756,2024,2024-09-30,learned_order_extension,20260910,0.3599470796481149,0.3599470796481149,0,1
fixed_transform_step50,3380,2024-12-27,2025-01-06,-0.0504714964669198,2024,2024-09-30,learned_order_extension,20260910,0.30128989713564025,0.30128989713564025,0,0
fixed_transform_step50,3325,2024-10-11,2024-10-21,0.0080914993282625,2024,2024-09-30,learned_order_offset,20260910,0.6044937495523578,0.6044937495523578,1,1
fixed_transform_step50,3330,2024-10-18,2024-10-28,0.0015733867085561,2024,2024-09-30,learned_order_offset,20260910,0.5625921847603819,0.5625921847603819,1,1
fixed_transform_step50,3335,2024-10-25,2024-11-04,-0.0140142824257356,2024,2024-09-30,learned_order_offset,20260910,0.5567467998914005,0.5567467998914005,1,0
fixed_transform_step50,3340,2024-11-01,2024-11-11,0.0434152361258277,2024,2024-09-30,learned_order_offset,20260910,0.5869994391053867,0.5869994391053867,1,1
fixed_transform_step50,3345,2024-11-08,2024-11-18,-0.0208584853931589,2024,2024-09-30,learned_order_offset,20260910,0.4523174161009704,0.4523174161009704,0,0
fixed_transform_step50,3350,2024-11-15,2024-11-25,-0.0267421712161923,2024,2024-09-30,learned_order_offset,20260910,0.4325378187786894,0.4325378187786894,0,0
fixed_transform_step50,3355,2024-11-22,2024-12-02,0.0087960346887328,2024,2024-09-30,learned_order_offset,20260910,0.5767112724614512,0.5767112724614512,1,1
fixed_transform_step50,3360,2024-11-29,2024-12-09,0.0155919891551781,2024,2024-09-30,learned_order_offset,20260910,0.6057214339926777,0.6057214339926777,1,1
fixed_transform_step50,3365,2024-12-06,2024-12-16,-0.0100436703218104,2024,2024-09-30,learned_order_offset,20260910,0.5503605085814928,0.5503605085814928,1,0
fixed_transform_step50,3370,2024-12-13,2024-12-23,-0.0006690784017421,2024,2024-09-30,learned_order_offset,20260910,0.4437587192429234,0.4437587192429234,0,0
fixed_transform_step50,3375,2024-12-20,2024-12-30,0.0123595076562756,2024,2024-09-30,learned_order_offset,20260910,0.3662191579467842,0.3662191579467842,0,1
fixed_transform_step50,3380,2024-12-27,2025-01-06,-0.0504714964669198,2024,2024-09-30,learned_order_offset,20260910,0.3078730884877871,0.3078730884877871,0,0
fixed_transform_step50,3325,2024-10-11,2024-10-21,0.0080914993282625,2024,2024-09-30,learned_market,20260911,0.7168538048042854,0.7168538048042854,1,1
fixed_transform_step50,3330,2024-10-18,2024-10-28,0.0015733867085561,2024,2024-09-30,learned_market,20260911,0.6352779499279875,0.6352779499279875,1,1
fixed_transform_step50,3335,2024-10-25,2024-11-04,-0.0140142824257356,2024,2024-09-30,learned_market,20260911,0.4575325884663536,0.4575325884663536,0,0
fixed_transform_step50,3340,2024-11-01,2024-11-11,0.0434152361258277,2024,2024-09-30,learned_market,20260911,0.4187019644930908,0.4187019644930908,0,1
fixed_transform_step50,3345,2024-11-08,2024-11-18,-0.0208584853931589,2024,2024-09-30,learned_market,20260911,0.3967217381241458,0.3967217381241458,0,0
fixed_transform_step50,3350,2024-11-15,2024-11-25,-0.0267421712161923,2024,2024-09-30,learned_market,20260911,0.4722756276279306,0.4722756276279306,0,0
fixed_transform_step50,3355,2024-11-22,2024-12-02,0.0087960346887328,2024,2024-09-30,learned_market,20260911,0.3757827418951698,0.3757827418951698,0,1
fixed_transform_step50,3360,2024-11-29,2024-12-09,0.0155919891551781,2024,2024-09-30,learned_market,20260911,0.5651593327638612,0.5651593327638612,1,1
fixed_transform_step50,3365,2024-12-06,2024-12-16,-0.0100436703218104,2024,2024-09-30,learned_market,20260911,0.42571031930573056,0.42571031930573056,0,0
fixed_transform_step50,3370,2024-12-13,2024-12-23,-0.0006690784017421,2024,2024-09-30,learned_market,20260911,0.3256435758809865,0.3256435758809865,0,0
fixed_transform_step50,3375,2024-12-20,2024-12-30,0.0123595076562756,2024,2024-09-30,learned_market,20260911,0.30031553754849327,0.30031553754849327,0,1
fixed_transform_step50,3380,2024-12-27,2025-01-06,-0.0504714964669198,2024,2024-09-30,learned_market,20260911,0.5445644750944859,0.5445644750944859,1,0
fixed_transform_step50,3325,2024-10-11,2024-10-21,0.0080914993282625,2024,2024-09-30,learned_vol_interaction,20260911,0.7154362099215181,0.7154362099215181,1,1
fixed_transform_step50,3330,2024-10-18,2024-10-28,0.0015733867085561,2024,2024-09-30,learned_vol_interaction,20260911,0.6350683253774425,0.6350683253774425,1,1
fixed_transform_step50,3335,2024-10-25,2024-11-04,-0.0140142824257356,2024,2024-09-30,learned_vol_interaction,20260911,0.46012080030927577,0.46012080030927577,0,0
fixed_transform_step50,3340,2024-11-01,2024-11-11,0.0434152361258277,2024,2024-09-30,learned_vol_interaction,20260911,0.4219506732777736,0.4219506732777736,0,1
fixed_transform_step50,3345,2024-11-08,2024-11-18,-0.0208584853931589,2024,2024-09-30,learned_vol_interaction,20260911,0.39671799327770446,0.39671799327770446,0,0
fixed_transform_step50,3350,2024-11-15,2024-11-25,-0.0267421712161923,2024,2024-09-30,learned_vol_interaction,20260911,0.4721975961584973,0.4721975961584973,0,0
fixed_transform_step50,3355,2024-11-22,2024-12-02,0.0087960346887328,2024,2024-09-30,learned_vol_interaction,20260911,0.37589356537742397,0.37589356537742397,0,1
fixed_transform_step50,3360,2024-11-29,2024-12-09,0.0155919891551781,2024,2024-09-30,learned_vol_interaction,20260911,0.5644602063511699,0.5644602063511699,1,1
fixed_transform_step50,3365,2024-12-06,2024-12-16,-0.0100436703218104,2024,2024-09-30,learned_vol_interaction,20260911,0.4257386710994695,0.4257386710994695,0,0
fixed_transform_step50,3370,2024-12-13,2024-12-23,-0.0006690784017421,2024,2024-09-30,learned_vol_interaction,20260911,0.3250689593592207,0.3250689593592207,0,0
fixed_transform_step50,3375,2024-12-20,2024-12-30,0.0123595076562756,2024,2024-09-30,learned_vol_interaction,20260911,0.2998318119133582,0.2998318119133582,0,1
fixed_transform_step50,3380,2024-12-27,2025-01-06,-0.0504714964669198,2024,2024-09-30,learned_vol_interaction,20260911,0.5450284317199655,0.5450284317199655,1,0
fixed_transform_step50,3325,2024-10-11,2024-10-21,0.0080914993282625,2024,2024-09-30,learned_order_extension,20260911,0.6867658652073552,0.6867658652073552,1,1
fixed_transform_step50,3330,2024-10-18,2024-10-28,0.0015733867085561,2024,2024-09-30,learned_order_extension,20260911,0.6299307012802872,0.6299307012802872,1,1
fixed_transform_step50,3335,2024-10-25,2024-11-04,-0.0140142824257356,2024,2024-09-30,learned_order_extension,20260911,0.5040844477657618,0.5040844477657618,1,0
fixed_transform_step50,3340,2024-11-01,2024-11-11,0.0434152361258277,2024,2024-09-30,learned_order_extension,20260911,0.5009674125490404,0.5009674125490404,1,1
fixed_transform_step50,3345,2024-11-08,2024-11-18,-0.0208584853931589,2024,2024-09-30,learned_order_extension,20260911,0.37950358076064566,0.37950358076064566,0,0
fixed_transform_step50,3350,2024-11-15,2024-11-25,-0.0267421712161923,2024,2024-09-30,learned_order_extension,20260911,0.4455271032816335,0.4455271032816335,0,0
fixed_transform_step50,3355,2024-11-22,2024-12-02,0.0087960346887328,2024,2024-09-30,learned_order_extension,20260911,0.3508011224323378,0.3508011224323378,0,1
fixed_transform_step50,3360,2024-11-29,2024-12-09,0.0155919891551781,2024,2024-09-30,learned_order_extension,20260911,0.5649164841651412,0.5649164841651412,1,1
fixed_transform_step50,3365,2024-12-06,2024-12-16,-0.0100436703218104,2024,2024-09-30,learned_order_extension,20260911,0.4208590779191878,0.4208590779191878,0,0
fixed_transform_step50,3370,2024-12-13,2024-12-23,-0.0006690784017421,2024,2024-09-30,learned_order_extension,20260911,0.29211813864679087,0.29211813864679087,0,0
fixed_transform_step50,3375,2024-12-20,2024-12-30,0.0123595076562756,2024,2024-09-30,learned_order_extension,20260911,0.2671970949209412,0.2671970949209412,0,1
fixed_transform_step50,3380,2024-12-27,2025-01-06,-0.0504714964669198,2024,2024-09-30,learned_order_extension,20260911,0.5907650866093128,0.5907650866093128,1,0
fixed_transform_step50,3325,2024-10-11,2024-10-21,0.0080914993282625,2024,2024-09-30,learned_order_offset,20260911,0.6865974453531686,0.6865974453531686,1,1
fixed_transform_step50,3330,2024-10-18,2024-10-28,0.0015733867085561,2024,2024-09-30,learned_order_offset,20260911,0.6314072697170519,0.6314072697170519,1,1
fixed_transform_step50,3335,2024-10-25,2024-11-04,-0.0140142824257356,2024,2024-09-30,learned_order_offset,20260911,0.5040258479904681,0.5040258479904681,1,0
fixed_transform_step50,3340,2024-11-01,2024-11-11,0.0434152361258277,2024,2024-09-30,learned_order_offset,20260911,0.49871786840401616,0.49871786840401616,0,1
fixed_transform_step50,3345,2024-11-08,2024-11-18,-0.0208584853931589,2024,2024-09-30,learned_order_offset,20260911,0.3822636181631463,0.3822636181631463,0,0
fixed_transform_step50,3350,2024-11-15,2024-11-25,-0.0267421712161923,2024,2024-09-30,learned_order_offset,20260911,0.444187143398696,0.444187143398696,0,0
fixed_transform_step50,3355,2024-11-22,2024-12-02,0.0087960346887328,2024,2024-09-30,learned_order_offset,20260911,0.35223872747753193,0.35223872747753193,0,1
fixed_transform_step50,3360,2024-11-29,2024-12-09,0.0155919891551781,2024,2024-09-30,learned_order_offset,20260911,0.5667671117871649,0.5667671117871649,1,1
fixed_transform_step50,3365,2024-12-06,2024-12-16,-0.0100436703218104,2024,2024-09-30,learned_order_offset,20260911,0.4213962160393119,0.4213962160393119,0,0
fixed_transform_step50,3370,2024-12-13,2024-12-23,-0.0006690784017421,2024,2024-09-30,learned_order_offset,20260911,0.29492873261019903,0.29492873261019903,0,0
fixed_transform_step50,3375,2024-12-20,2024-12-30,0.0123595076562756,2024,2024-09-30,learned_order_offset,20260911,0.26920594009436455,0.26920594009436455,0,1
fixed_transform_step50,3380,2024-12-27,2025-01-06,-0.0504714964669198,2024,2024-09-30,learned_order_offset,20260911,0.5868576022681908,0.5868576022681908,1,0
fixed_transform_step50,3325,2024-10-11,2024-10-21,0.0080914993282625,2024,2024-09-30,learned_market,20260912,0.648261613740847,0.648261613740847,1,1
fixed_transform_step50,3330,2024-10-18,2024-10-28,0.0015733867085561,2024,2024-09-30,learned_market,20260912,0.7441211949546864,0.7441211949546864,1,1
fixed_transform_step50,3335,2024-10-25,2024-11-04,-0.0140142824257356,2024,2024-09-30,learned_market,20260912,0.6983316833196637,0.6983316833196637,1,0
fixed_transform_step50,3340,2024-11-01,2024-11-11,0.0434152361258277,2024,2024-09-30,learned_market,20260912,0.739857675960831,0.739857675960831,1,1
fixed_transform_step50,3345,2024-11-08,2024-11-18,-0.0208584853931589,2024,2024-09-30,learned_market,20260912,0.6548628312886887,0.6548628312886887,1,0
fixed_transform_step50,3350,2024-11-15,2024-11-25,-0.0267421712161923,2024,2024-09-30,learned_market,20260912,0.5955164457262763,0.5955164457262763,1,0
fixed_transform_step50,3355,2024-11-22,2024-12-02,0.0087960346887328,2024,2024-09-30,learned_market,20260912,0.6352403909557384,0.6352403909557384,1,1
fixed_transform_step50,3360,2024-11-29,2024-12-09,0.0155919891551781,2024,2024-09-30,learned_market,20260912,0.5644453837698832,0.5644453837698832,1,1
fixed_transform_step50,3365,2024-12-06,2024-12-16,-0.0100436703218104,2024,2024-09-30,learned_market,20260912,0.5348928835694876,0.5348928835694876,1,0
fixed_transform_step50,3370,2024-12-13,2024-12-23,-0.0006690784017421,2024,2024-09-30,learned_market,20260912,0.4039983473894304,0.4039983473894304,0,0
fixed_transform_step50,3375,2024-12-20,2024-12-30,0.0123595076562756,2024,2024-09-30,learned_market,20260912,0.32393670955815995,0.32393670955815995,0,1
fixed_transform_step50,3380,2024-12-27,2025-01-06,-0.0504714964669198,2024,2024-09-30,learned_market,20260912,0.2706190799761399,0.2706190799761399,0,0
fixed_transform_step50,3325,2024-10-11,2024-10-21,0.0080914993282625,2024,2024-09-30,learned_vol_interaction,20260912,0.6099418878196584,0.6099418878196584,1,1
fixed_transform_step50,3330,2024-10-18,2024-10-28,0.0015733867085561,2024,2024-09-30,learned_vol_interaction,20260912,0.6645406727251506,0.6645406727251506,1,1
fixed_transform_step50,3335,2024-10-25,2024-11-04,-0.0140142824257356,2024,2024-09-30,learned_vol_interaction,20260912,0.6287061241323901,0.6287061241323901,1,0
fixed_transform_step50,3340,2024-11-01,2024-11-11,0.0434152361258277,2024,2024-09-30,learned_vol_interaction,20260912,0.6409511733214842,0.6409511733214842,1,1
fixed_transform_step50,3345,2024-11-08,2024-11-18,-0.0208584853931589,2024,2024-09-30,learned_vol_interaction,20260912,0.612717893500835,0.612717893500835,1,0
fixed_transform_step50,3350,2024-11-15,2024-11-25,-0.0267421712161923,2024,2024-09-30,learned_vol_interaction,20260912,0.5843411822073423,0.5843411822073423,1,0
fixed_transform_step50,3355,2024-11-22,2024-12-02,0.0087960346887328,2024,2024-09-30,learned_vol_interaction,20260912,0.6139957315001437,0.6139957315001437,1,1
fixed_transform_step50,3360,2024-11-29,2024-12-09,0.0155919891551781,2024,2024-09-30,learned_vol_interaction,20260912,0.5366031332882266,0.5366031332882266,1,1
fixed_transform_step50,3365,2024-12-06,2024-12-16,-0.0100436703218104,2024,2024-09-30,learned_vol_interaction,20260912,0.524711197023592,0.524711197023592,1,0
fixed_transform_step50,3370,2024-12-13,2024-12-23,-0.0006690784017421,2024,2024-09-30,learned_vol_interaction,20260912,0.40603247947162835,0.40603247947162835,0,0
fixed_transform_step50,3375,2024-12-20,2024-12-30,0.0123595076562756,2024,2024-09-30,learned_vol_interaction,20260912,0.32770031534334293,0.32770031534334293,0,1
fixed_transform_step50,3380,2024-12-27,2025-01-06,-0.0504714964669198,2024,2024-09-30,learned_vol_interaction,20260912,0.2652985510369736,0.2652985510369736,0,0
fixed_transform_step50,3325,2024-10-11,2024-10-21,0.0080914993282625,2024,2024-09-30,learned_order_extension,20260912,0.5875370563977339,0.5875370563977339,1,1
fixed_transform_step50,3330,2024-10-18,2024-10-28,0.0015733867085561,2024,2024-09-30,learned_order_extension,20260912,0.5919208717103266,0.5919208717103266,1,1
fixed_transform_step50,3335,2024-10-25,2024-11-04,-0.0140142824257356,2024,2024-09-30,learned_order_extension,20260912,0.5626905173445891,0.5626905173445891,1,0
fixed_transform_step50,3340,2024-11-01,2024-11-11,0.0434152361258277,2024,2024-09-30,learned_order_extension,20260912,0.5313780219580279,0.5313780219580279,1,1
fixed_transform_step50,3345,2024-11-08,2024-11-18,-0.0208584853931589,2024,2024-09-30,learned_order_extension,20260912,0.5801848477601673,0.5801848477601673,1,0
fixed_transform_step50,3350,2024-11-15,2024-11-25,-0.0267421712161923,2024,2024-09-30,learned_order_extension,20260912,0.5587973752781038,0.5587973752781038,1,0
fixed_transform_step50,3355,2024-11-22,2024-12-02,0.0087960346887328,2024,2024-09-30,learned_order_extension,20260912,0.623151727804201,0.623151727804201,1,1
fixed_transform_step50,3360,2024-11-29,2024-12-09,0.0155919891551781,2024,2024-09-30,learned_order_extension,20260912,0.5469258024355422,0.5469258024355422,1,1
fixed_transform_step50,3365,2024-12-06,2024-12-16,-0.0100436703218104,2024,2024-09-30,learned_order_extension,20260912,0.5092025040225104,0.5092025040225104,1,0
fixed_transform_step50,3370,2024-12-13,2024-12-23,-0.0006690784017421,2024,2024-09-30,learned_order_extension,20260912,0.4027294382592687,0.4027294382592687,0,0
fixed_transform_step50,3375,2024-12-20,2024-12-30,0.0123595076562756,2024,2024-09-30,learned_order_extension,20260912,0.29762892634182403,0.29762892634182403,0,1
fixed_transform_step50,3380,2024-12-27,2025-01-06,-0.0504714964669198,2024,2024-09-30,learned_order_extension,20260912,0.20640863333825837,0.20640863333825837,0,0
fixed_transform_step50,3325,2024-10-11,2024-10-21,0.0080914993282625,2024,2024-09-30,learned_order_offset,20260912,0.5842070752916315,0.5842070752916315,1,1
fixed_transform_step50,3330,2024-10-18,2024-10-28,0.0015733867085561,2024,2024-09-30,learned_order_offset,20260912,0.5862456668348778,0.5862456668348778,1,1
fixed_transform_step50,3335,2024-10-25,2024-11-04,-0.0140142824257356,2024,2024-09-30,learned_order_offset,20260912,0.5538178862184141,0.5538178862184141,1,0
fixed_transform_step50,3340,2024-11-01,2024-11-11,0.0434152361258277,2024,2024-09-30,learned_order_offset,20260912,0.5265813482660375,0.5265813482660375,1,1
fixed_transform_step50,3345,2024-11-08,2024-11-18,-0.0208584853931589,2024,2024-09-30,learned_order_offset,20260912,0.5694430384011607,0.5694430384011607,1,0
fixed_transform_step50,3350,2024-11-15,2024-11-25,-0.0267421712161923,2024,2024-09-30,learned_order_offset,20260912,0.5520223318017711,0.5520223318017711,1,0
fixed_transform_step50,3355,2024-11-22,2024-12-02,0.0087960346887328,2024,2024-09-30,learned_order_offset,20260912,0.6170673338746689,0.6170673338746689,1,1
fixed_transform_step50,3360,2024-11-29,2024-12-09,0.0155919891551781,2024,2024-09-30,learned_order_offset,20260912,0.5424778128701918,0.5424778128701918,1,1
fixed_transform_step50,3365,2024-12-06,2024-12-16,-0.0100436703218104,2024,2024-09-30,learned_order_offset,20260912,0.5063333642345987,0.5063333642345987,1,0
fixed_transform_step50,3370,2024-12-13,2024-12-23,-0.0006690784017421,2024,2024-09-30,learned_order_offset,20260912,0.40458220277525075,0.40458220277525075,0,0
fixed_transform_step50,3375,2024-12-20,2024-12-30,0.0123595076562756,2024,2024-09-30,learned_order_offset,20260912,0.30335466350718504,0.30335466350718504,0,1
fixed_transform_step50,3380,2024-12-27,2025-01-06,-0.0504714964669198,2024,2024-09-30,learned_order_offset,20260912,0.21438630029789701,0.21438630029789701,0,0
fixed_transform_step50,3384,2025-01-03,2025-01-13,-0.0189486730632231,2025,2024-12-31,learned_market,20260910,0.38233645545210077,0.38233645545210077,0,0
fixed_transform_step50,3389,2025-01-10,2025-01-20,0.0353251773547418,2025,2024-12-31,learned_market,20260910,0.3910227915849612,0.3910227915849612,0,1
fixed_transform_step50,3394,2025-01-17,2025-01-27,0.000432821422053,2025,2024-12-31,learned_market,20260910,0.49015728346105064,0.49015728346105064,0,1
fixed_transform_step50,3399,2025-01-24,2025-02-10,0.0159344898044284,2025,2024-12-31,learned_market,20260910,0.43779872313730184,0.43779872313730184,0,1
fixed_transform_step50,3403,2025-02-07,2025-02-17,0.0144454990892999,2025,2024-12-31,learned_market,20260910,0.5065763414140139,0.5065763414140139,1,1
fixed_transform_step50,3408,2025-02-14,2025-02-24,0.0045695818086644,2025,2024-12-31,learned_market,20260910,0.5698063647751795,0.5698063647751795,1,1
fixed_transform_step50,3413,2025-02-21,2025-03-03,-0.0183210488158531,2025,2024-12-31,learned_market,20260910,0.5387747536285505,0.5387747536285505,1,0
fixed_transform_step50,3418,2025-02-28,2025-03-10,0.0117650075646844,2025,2024-12-31,learned_market,20260910,0.4812656782302869,0.4812656782302869,0,1
fixed_transform_step50,3423,2025-03-07,2025-03-17,0.019023819058288,2025,2024-12-31,learned_market,20260910,0.6111767156385011,0.6111767156385011,1,1
fixed_transform_step50,3428,2025-03-14,2025-03-24,-0.0259983485216283,2025,2024-12-31,learned_market,20260910,0.44730435644814126,0.44730435644814126,0,0
fixed_transform_step50,3433,2025-03-21,2025-03-31,-0.0025867506275359,2025,2024-12-31,learned_market,20260910,0.5315675954271929,0.5315675954271929,1,0
fixed_transform_step50,3438,2025-03-28,2025-04-14,-0.0342910101946246,2025,2024-12-31,learned_market,20260910,0.7166635184412673,0.7166635184412673,1,0
fixed_transform_step50,3384,2025-01-03,2025-01-13,-0.0189486730632231,2025,2024-12-31,learned_vol_interaction,20260910,0.38666219011730185,0.38666219011730185,0,0
fixed_transform_step50,3389,2025-01-10,2025-01-20,0.0353251773547418,2025,2024-12-31,learned_vol_interaction,20260910,0.3791321657754841,0.3791321657754841,0,1
fixed_transform_step50,3394,2025-01-17,2025-01-27,0.000432821422053,2025,2024-12-31,learned_vol_interaction,20260910,0.4768105126561029,0.4768105126561029,0,1
fixed_transform_step50,3399,2025-01-24,2025-02-10,0.0159344898044284,2025,2024-12-31,learned_vol_interaction,20260910,0.46081361135637805,0.46081361135637805,0,1
fixed_transform_step50,3403,2025-02-07,2025-02-17,0.0144454990892999,2025,2024-12-31,learned_vol_interaction,20260910,0.5021249737202294,0.5021249737202294,1,1
fixed_transform_step50,3408,2025-02-14,2025-02-24,0.0045695818086644,2025,2024-12-31,learned_vol_interaction,20260910,0.5796741457129003,0.5796741457129003,1,1
fixed_transform_step50,3413,2025-02-21,2025-03-03,-0.0183210488158531,2025,2024-12-31,learned_vol_interaction,20260910,0.5894724308913238,0.5894724308913238,1,0
fixed_transform_step50,3418,2025-02-28,2025-03-10,0.0117650075646844,2025,2024-12-31,learned_vol_interaction,20260910,0.5038224926529957,0.5038224926529957,1,1
fixed_transform_step50,3423,2025-03-07,2025-03-17,0.019023819058288,2025,2024-12-31,learned_vol_interaction,20260910,0.6257731101792092,0.6257731101792092,1,1
fixed_transform_step50,3428,2025-03-14,2025-03-24,-0.0259983485216283,2025,2024-12-31,learned_vol_interaction,20260910,0.44102075881393793,0.44102075881393793,0,0
fixed_transform_step50,3433,2025-03-21,2025-03-31,-0.0025867506275359,2025,2024-12-31,learned_vol_interaction,20260910,0.5122265111637169,0.5122265111637169,1,0
fixed_transform_step50,3438,2025-03-28,2025-04-14,-0.0342910101946246,2025,2024-12-31,learned_vol_interaction,20260910,0.7509067743034049,0.7509067743034049,1,0
fixed_transform_step50,3384,2025-01-03,2025-01-13,-0.0189486730632231,2025,2024-12-31,learned_order_extension,20260910,0.36600157937330885,0.36600157937330885,0,0
fixed_transform_step50,3389,2025-01-10,2025-01-20,0.0353251773547418,2025,2024-12-31,learned_order_extension,20260910,0.35256611690823136,0.35256611690823136,0,1
fixed_transform_step50,3394,2025-01-17,2025-01-27,0.000432821422053,2025,2024-12-31,learned_order_extension,20260910,0.48744472138871614,0.48744472138871614,0,1
fixed_transform_step50,3399,2025-01-24,2025-02-10,0.0159344898044284,2025,2024-12-31,learned_order_extension,20260910,0.4710830358173244,0.4710830358173244,0,1
fixed_transform_step50,3403,2025-02-07,2025-02-17,0.0144454990892999,2025,2024-12-31,learned_order_extension,20260910,0.5229042647242248,0.5229042647242248,1,1
fixed_transform_step50,3408,2025-02-14,2025-02-24,0.0045695818086644,2025,2024-12-31,learned_order_extension,20260910,0.5778482952092869,0.5778482952092869,1,1
fixed_transform_step50,3413,2025-02-21,2025-03-03,-0.0183210488158531,2025,2024-12-31,learned_order_extension,20260910,0.6398652110146743,0.6398652110146743,1,0
fixed_transform_step50,3418,2025-02-28,2025-03-10,0.0117650075646844,2025,2024-12-31,learned_order_extension,20260910,0.5091435465758709,0.5091435465758709,1,1
fixed_transform_step50,3423,2025-03-07,2025-03-17,0.019023819058288,2025,2024-12-31,learned_order_extension,20260910,0.6768915881499589,0.6768915881499589,1,1
fixed_transform_step50,3428,2025-03-14,2025-03-24,-0.0259983485216283,2025,2024-12-31,learned_order_extension,20260910,0.45607712059245215,0.45607712059245215,0,0
fixed_transform_step50,3433,2025-03-21,2025-03-31,-0.0025867506275359,2025,2024-12-31,learned_order_extension,20260910,0.5368074346463041,0.5368074346463041,1,0
fixed_transform_step50,3438,2025-03-28,2025-04-14,-0.0342910101946246,2025,2024-12-31,learned_order_extension,20260910,0.8368647681799748,0.8368647681799748,1,0
fixed_transform_step50,3384,2025-01-03,2025-01-13,-0.0189486730632231,2025,2024-12-31,learned_order_offset,20260910,0.36669421956338505,0.36669421956338505,0,0
fixed_transform_step50,3389,2025-01-10,2025-01-20,0.0353251773547418,2025,2024-12-31,learned_order_offset,20260910,0.35282059228350937,0.35282059228350937,0,1
fixed_transform_step50,3394,2025-01-17,2025-01-27,0.000432821422053,2025,2024-12-31,learned_order_offset,20260910,0.48807314138283653,0.48807314138283653,0,1
fixed_transform_step50,3399,2025-01-24,2025-02-10,0.0159344898044284,2025,2024-12-31,learned_order_offset,20260910,0.4717801139449288,0.4717801139449288,0,1
fixed_transform_step50,3403,2025-02-07,2025-02-17,0.0144454990892999,2025,2024-12-31,learned_order_offset,20260910,0.524022842955718,0.524022842955718,1,1
fixed_transform_step50,3408,2025-02-14,2025-02-24,0.0045695818086644,2025,2024-12-31,learned_order_offset,20260910,0.5772818750748553,0.5772818750748553,1,1
fixed_transform_step50,3413,2025-02-21,2025-03-03,-0.0183210488158531,2025,2024-12-31,learned_order_offset,20260910,0.6395827908381064,0.6395827908381064,1,0
fixed_transform_step50,3418,2025-02-28,2025-03-10,0.0117650075646844,2025,2024-12-31,learned_order_offset,20260910,0.5071295431195366,0.5071295431195366,1,1
fixed_transform_step50,3423,2025-03-07,2025-03-17,0.019023819058288,2025,2024-12-31,learned_order_offset,20260910,0.6756470892929178,0.6756470892929178,1,1
fixed_transform_step50,3428,2025-03-14,2025-03-24,-0.0259983485216283,2025,2024-12-31,learned_order_offset,20260910,0.455714753994421,0.455714753994421,0,0
fixed_transform_step50,3433,2025-03-21,2025-03-31,-0.0025867506275359,2025,2024-12-31,learned_order_offset,20260910,0.5359223493617127,0.5359223493617127,1,0
fixed_transform_step50,3438,2025-03-28,2025-04-14,-0.0342910101946246,2025,2024-12-31,learned_order_offset,20260910,0.834993269183481,0.834993269183481,1,0
fixed_transform_step50,3384,2025-01-03,2025-01-13,-0.0189486730632231,2025,2024-12-31,learned_market,20260911,0.42821132783780086,0.42821132783780086,0,0
fixed_transform_step50,3389,2025-01-10,2025-01-20,0.0353251773547418,2025,2024-12-31,learned_market,20260911,0.3899957296673264,0.3899957296673264,0,1
fixed_transform_step50,3394,2025-01-17,2025-01-27,0.000432821422053,2025,2024-12-31,learned_market,20260911,0.5369659260153571,0.5369659260153571,1,1
fixed_transform_step50,3399,2025-01-24,2025-02-10,0.0159344898044284,2025,2024-12-31,learned_market,20260911,0.579417237715051,0.579417237715051,1,1
fixed_transform_step50,3403,2025-02-07,2025-02-17,0.0144454990892999,2025,2024-12-31,learned_market,20260911,0.6179638900480853,0.6179638900480853,1,1
fixed_transform_step50,3408,2025-02-14,2025-02-24,0.0045695818086644,2025,2024-12-31,learned_market,20260911,0.616114705527485,0.616114705527485,1,1
fixed_transform_step50,3413,2025-02-21,2025-03-03,-0.0183210488158531,2025,2024-12-31,learned_market,20260911,0.562117179520429,0.562117179520429,1,0
fixed_transform_step50,3418,2025-02-28,2025-03-10,0.0117650075646844,2025,2024-12-31,learned_market,20260911,0.5285781284571346,0.5285781284571346,1,1
fixed_transform_step50,3423,2025-03-07,2025-03-17,0.019023819058288,2025,2024-12-31,learned_market,20260911,0.4669000809915797,0.4669000809915797,0,1
fixed_transform_step50,3428,2025-03-14,2025-03-24,-0.0259983485216283,2025,2024-12-31,learned_market,20260911,0.5699083421091582,0.5699083421091582,1,0
fixed_transform_step50,3433,2025-03-21,2025-03-31,-0.0025867506275359,2025,2024-12-31,learned_market,20260911,0.41241409635776066,0.41241409635776066,0,0
fixed_transform_step50,3438,2025-03-28,2025-04-14,-0.0342910101946246,2025,2024-12-31,learned_market,20260911,0.48277123146752016,0.48277123146752016,0,0
fixed_transform_step50,3384,2025-01-03,2025-01-13,-0.0189486730632231,2025,2024-12-31,learned_vol_interaction,20260911,0.4305231359543153,0.4305231359543153,0,0
fixed_transform_step50,3389,2025-01-10,2025-01-20,0.0353251773547418,2025,2024-12-31,learned_vol_interaction,20260911,0.38884089510088987,0.38884089510088987,0,1
fixed_transform_step50,3394,2025-01-17,2025-01-27,0.000432821422053,2025,2024-12-31,learned_vol_interaction,20260911,0.5344292773183893,0.5344292773183893,1,1
fixed_transform_step50,3399,2025-01-24,2025-02-10,0.0159344898044284,2025,2024-12-31,learned_vol_interaction,20260911,0.5733087009015438,0.5733087009015438,1,1
fixed_transform_step50,3403,2025-02-07,2025-02-17,0.0144454990892999,2025,2024-12-31,learned_vol_interaction,20260911,0.6229730094392066,0.6229730094392066,1,1
fixed_transform_step50,3408,2025-02-14,2025-02-24,0.0045695818086644,2025,2024-12-31,learned_vol_interaction,20260911,0.6249392220388966,0.6249392220388966,1,1
fixed_transform_step50,3413,2025-02-21,2025-03-03,-0.0183210488158531,2025,2024-12-31,learned_vol_interaction,20260911,0.5770853748295083,0.5770853748295083,1,0
fixed_transform_step50,3418,2025-02-28,2025-03-10,0.0117650075646844,2025,2024-12-31,learned_vol_interaction,20260911,0.5320196258694382,0.5320196258694382,1,1
fixed_transform_step50,3423,2025-03-07,2025-03-17,0.019023819058288,2025,2024-12-31,learned_vol_interaction,20260911,0.4709950343968562,0.4709950343968562,0,1
fixed_transform_step50,3428,2025-03-14,2025-03-24,-0.0259983485216283,2025,2024-12-31,learned_vol_interaction,20260911,0.5689479286300063,0.5689479286300063,1,0
fixed_transform_step50,3433,2025-03-21,2025-03-31,-0.0025867506275359,2025,2024-12-31,learned_vol_interaction,20260911,0.4073280883173269,0.4073280883173269,0,0
fixed_transform_step50,3438,2025-03-28,2025-04-14,-0.0342910101946246,2025,2024-12-31,learned_vol_interaction,20260911,0.4833458290624725,0.4833458290624725,0,0
fixed_transform_step50,3384,2025-01-03,2025-01-13,-0.0189486730632231,2025,2024-12-31,learned_order_extension,20260911,0.43065388292304235,0.43065388292304235,0,0
fixed_transform_step50,3389,2025-01-10,2025-01-20,0.0353251773547418,2025,2024-12-31,learned_order_extension,20260911,0.3891931634884253,0.3891931634884253,0,1
fixed_transform_step50,3394,2025-01-17,2025-01-27,0.000432821422053,2025,2024-12-31,learned_order_extension,20260911,0.5293310636016386,0.5293310636016386,1,1
fixed_transform_step50,3399,2025-01-24,2025-02-10,0.0159344898044284,2025,2024-12-31,learned_order_extension,20260911,0.5678795814188538,0.5678795814188538,1,1
fixed_transform_step50,3403,2025-02-07,2025-02-17,0.0144454990892999,2025,2024-12-31,learned_order_extension,20260911,0.6181569415812861,0.6181569415812861,1,1
fixed_transform_step50,3408,2025-02-14,2025-02-24,0.0045695818086644,2025,2024-12-31,learned_order_extension,20260911,0.623244763024503,0.623244763024503,1,1
fixed_transform_step50,3413,2025-02-21,2025-03-03,-0.0183210488158531,2025,2024-12-31,learned_order_extension,20260911,0.5698307059548449,0.5698307059548449,1,0
fixed_transform_step50,3418,2025-02-28,2025-03-10,0.0117650075646844,2025,2024-12-31,learned_order_extension,20260911,0.5277004284689892,0.5277004284689892,1,1
fixed_transform_step50,3423,2025-03-07,2025-03-17,0.019023819058288,2025,2024-12-31,learned_order_extension,20260911,0.4694347191401159,0.4694347191401159,0,1
fixed_transform_step50,3428,2025-03-14,2025-03-24,-0.0259983485216283,2025,2024-12-31,learned_order_extension,20260911,0.5654667556034778,0.5654667556034778,1,0
fixed_transform_step50,3433,2025-03-21,2025-03-31,-0.0025867506275359,2025,2024-12-31,learned_order_extension,20260911,0.40561065982780425,0.40561065982780425,0,0
fixed_transform_step50,3438,2025-03-28,2025-04-14,-0.0342910101946246,2025,2024-12-31,learned_order_extension,20260911,0.47795042275731253,0.47795042275731253,0,0
fixed_transform_step50,3384,2025-01-03,2025-01-13,-0.0189486730632231,2025,2024-12-31,learned_order_offset,20260911,0.430743812553328,0.430743812553328,0,0
fixed_transform_step50,3389,2025-01-10,2025-01-20,0.0353251773547418,2025,2024-12-31,learned_order_offset,20260911,0.3892930545383684,0.3892930545383684,0,1
fixed_transform_step50,3394,2025-01-17,2025-01-27,0.000432821422053,2025,2024-12-31,learned_order_offset,20260911,0.52934454260111,0.52934454260111,1,1
fixed_transform_step50,3399,2025-01-24,2025-02-10,0.0159344898044284,2025,2024-12-31,learned_order_offset,20260911,0.5679288793949586,0.5679288793949586,1,1
fixed_transform_step50,3403,2025-02-07,2025-02-17,0.0144454990892999,2025,2024-12-31,learned_order_offset,20260911,0.6181544426401614,0.6181544426401614,1,1
fixed_transform_step50,3408,2025-02-14,2025-02-24,0.0045695818086644,2025,2024-12-31,learned_order_offset,20260911,0.6233447631977894,0.6233447631977894,1,1
fixed_transform_step50,3413,2025-02-21,2025-03-03,-0.0183210488158531,2025,2024-12-31,learned_order_offset,20260911,0.5699444546955538,0.5699444546955538,1,0
fixed_transform_step50,3418,2025-02-28,2025-03-10,0.0117650075646844,2025,2024-12-31,learned_order_offset,20260911,0.5277660121776485,0.5277660121776485,1,1
fixed_transform_step50,3423,2025-03-07,2025-03-17,0.019023819058288,2025,2024-12-31,learned_order_offset,20260911,0.46953630716328854,0.46953630716328854,0,1
fixed_transform_step50,3428,2025-03-14,2025-03-24,-0.0259983485216283,2025,2024-12-31,learned_order_offset,20260911,0.5655482902240324,0.5655482902240324,1,0
fixed_transform_step50,3433,2025-03-21,2025-03-31,-0.0025867506275359,2025,2024-12-31,learned_order_offset,20260911,0.4056793971990091,0.4056793971990091,0,0
fixed_transform_step50,3438,2025-03-28,2025-04-14,-0.0342910101946246,2025,2024-12-31,learned_order_offset,20260911,0.4779797038173516,0.4779797038173516,0,0
fixed_transform_step50,3384,2025-01-03,2025-01-13,-0.0189486730632231,2025,2024-12-31,learned_market,20260912,0.42089025641362,0.42089025641362,0,0
fixed_transform_step50,3389,2025-01-10,2025-01-20,0.0353251773547418,2025,2024-12-31,learned_market,20260912,0.6539720773420672,0.6539720773420672,1,1
fixed_transform_step50,3394,2025-01-17,2025-01-27,0.000432821422053,2025,2024-12-31,learned_market,20260912,0.5597316894392553,0.5597316894392553,1,1
fixed_transform_step50,3399,2025-01-24,2025-02-10,0.0159344898044284,2025,2024-12-31,learned_market,20260912,0.7143346906245566,0.7143346906245566,1,1
fixed_transform_step50,3403,2025-02-07,2025-02-17,0.0144454990892999,2025,2024-12-31,learned_market,20260912,0.6628191037923492,0.6628191037923492,1,1
fixed_transform_step50,3408,2025-02-14,2025-02-24,0.0045695818086644,2025,2024-12-31,learned_market,20260912,0.6357468977060057,0.6357468977060057,1,1
fixed_transform_step50,3413,2025-02-21,2025-03-03,-0.0183210488158531,2025,2024-12-31,learned_market,20260912,0.3807729420629625,0.3807729420629625,0,0
fixed_transform_step50,3418,2025-02-28,2025-03-10,0.0117650075646844,2025,2024-12-31,learned_market,20260912,0.5714127704615375,0.5714127704615375,1,1
fixed_transform_step50,3423,2025-03-07,2025-03-17,0.019023819058288,2025,2024-12-31,learned_market,20260912,0.2731298059228326,0.2731298059228326,0,1
fixed_transform_step50,3428,2025-03-14,2025-03-24,-0.0259983485216283,2025,2024-12-31,learned_market,20260912,0.696672234818679,0.696672234818679,1,0
fixed_transform_step50,3433,2025-03-21,2025-03-31,-0.0025867506275359,2025,2024-12-31,learned_market,20260912,0.5676267142547179,0.5676267142547179,1,0
fixed_transform_step50,3438,2025-03-28,2025-04-14,-0.0342910101946246,2025,2024-12-31,learned_market,20260912,0.560911448173473,0.560911448173473,1,0
fixed_transform_step50,3384,2025-01-03,2025-01-13,-0.0189486730632231,2025,2024-12-31,learned_vol_interaction,20260912,0.4216991098514313,0.4216991098514313,0,0
fixed_transform_step50,3389,2025-01-10,2025-01-20,0.0353251773547418,2025,2024-12-31,learned_vol_interaction,20260912,0.6572683815072808,0.6572683815072808,1,1
fixed_transform_step50,3394,2025-01-17,2025-01-27,0.000432821422053,2025,2024-12-31,learned_vol_interaction,20260912,0.5624117839252505,0.5624117839252505,1,1
fixed_transform_step50,3399,2025-01-24,2025-02-10,0.0159344898044284,2025,2024-12-31,learned_vol_interaction,20260912,0.7143566519320824,0.7143566519320824,1,1
fixed_transform_step50,3403,2025-02-07,2025-02-17,0.0144454990892999,2025,2024-12-31,learned_vol_interaction,20260912,0.6656753647706254,0.6656753647706254,1,1
fixed_transform_step50,3408,2025-02-14,2025-02-24,0.0045695818086644,2025,2024-12-31,learned_vol_interaction,20260912,0.6366748986711647,0.6366748986711647,1,1
fixed_transform_step50,3413,2025-02-21,2025-03-03,-0.0183210488158531,2025,2024-12-31,learned_vol_interaction,20260912,0.3758479309011285,0.3758479309011285,0,0
fixed_transform_step50,3418,2025-02-28,2025-03-10,0.0117650075646844,2025,2024-12-31,learned_vol_interaction,20260912,0.5709205167438731,0.5709205167438731,1,1
fixed_transform_step50,3423,2025-03-07,2025-03-17,0.019023819058288,2025,2024-12-31,learned_vol_interaction,20260912,0.2697314685006311,0.2697314685006311,0,1
fixed_transform_step50,3428,2025-03-14,2025-03-24,-0.0259983485216283,2025,2024-12-31,learned_vol_interaction,20260912,0.6971511109958376,0.6971511109958376,1,0
fixed_transform_step50,3433,2025-03-21,2025-03-31,-0.0025867506275359,2025,2024-12-31,learned_vol_interaction,20260912,0.5692380331101397,0.5692380331101397,1,0
fixed_transform_step50,3438,2025-03-28,2025-04-14,-0.0342910101946246,2025,2024-12-31,learned_vol_interaction,20260912,0.5653548865619433,0.5653548865619433,1,0
fixed_transform_step50,3384,2025-01-03,2025-01-13,-0.0189486730632231,2025,2024-12-31,learned_order_extension,20260912,0.43188465804609494,0.43188465804609494,0,0
fixed_transform_step50,3389,2025-01-10,2025-01-20,0.0353251773547418,2025,2024-12-31,learned_order_extension,20260912,0.7180313467789317,0.7180313467789317,1,1
fixed_transform_step50,3394,2025-01-17,2025-01-27,0.000432821422053,2025,2024-12-31,learned_order_extension,20260912,0.6186516338053223,0.6186516338053223,1,1
fixed_transform_step50,3399,2025-01-24,2025-02-10,0.0159344898044284,2025,2024-12-31,learned_order_extension,20260912,0.7832822932916682,0.7832822932916682,1,1
fixed_transform_step50,3403,2025-02-07,2025-02-17,0.0144454990892999,2025,2024-12-31,learned_order_extension,20260912,0.7098765758367355,0.7098765758367355,1,1
fixed_transform_step50,3408,2025-02-14,2025-02-24,0.0045695818086644,2025,2024-12-31,learned_order_extension,20260912,0.6855283540318028,0.6855283540318028,1,1
fixed_transform_step50,3413,2025-02-21,2025-03-03,-0.0183210488158531,2025,2024-12-31,learned_order_extension,20260912,0.40938066472725215,0.40938066472725215,0,0
fixed_transform_step50,3418,2025-02-28,2025-03-10,0.0117650075646844,2025,2024-12-31,learned_order_extension,20260912,0.6433684681685069,0.6433684681685069,1,1
fixed_transform_step50,3423,2025-03-07,2025-03-17,0.019023819058288,2025,2024-12-31,learned_order_extension,20260912,0.25002023502263354,0.25002023502263354,0,1
fixed_transform_step50,3428,2025-03-14,2025-03-24,-0.0259983485216283,2025,2024-12-31,learned_order_extension,20260912,0.7238176657049011,0.7238176657049011,1,0
fixed_transform_step50,3433,2025-03-21,2025-03-31,-0.0025867506275359,2025,2024-12-31,learned_order_extension,20260912,0.5988742871040955,0.5988742871040955,1,0
fixed_transform_step50,3438,2025-03-28,2025-04-14,-0.0342910101946246,2025,2024-12-31,learned_order_extension,20260912,0.6204095542696454,0.6204095542696454,1,0
fixed_transform_step50,3384,2025-01-03,2025-01-13,-0.0189486730632231,2025,2024-12-31,learned_order_offset,20260912,0.4326309825835323,0.4326309825835323,0,0
fixed_transform_step50,3389,2025-01-10,2025-01-20,0.0353251773547418,2025,2024-12-31,learned_order_offset,20260912,0.7155096866522207,0.7155096866522207,1,1
fixed_transform_step50,3394,2025-01-17,2025-01-27,0.000432821422053,2025,2024-12-31,learned_order_offset,20260912,0.6172483281551261,0.6172483281551261,1,1
fixed_transform_step50,3399,2025-01-24,2025-02-10,0.0159344898044284,2025,2024-12-31,learned_order_offset,20260912,0.7808632543831274,0.7808632543831274,1,1
fixed_transform_step50,3403,2025-02-07,2025-02-17,0.0144454990892999,2025,2024-12-31,learned_order_offset,20260912,0.7081726942730068,0.7081726942730068,1,1
fixed_transform_step50,3408,2025-02-14,2025-02-24,0.0045695818086644,2025,2024-12-31,learned_order_offset,20260912,0.6832841057647039,0.6832841057647039,1,1
fixed_transform_step50,3413,2025-02-21,2025-03-03,-0.0183210488158531,2025,2024-12-31,learned_order_offset,20260912,0.4117646835265383,0.4117646835265383,0,0
fixed_transform_step50,3418,2025-02-28,2025-03-10,0.0117650075646844,2025,2024-12-31,learned_order_offset,20260912,0.6412881777301309,0.6412881777301309,1,1
fixed_transform_step50,3423,2025-03-07,2025-03-17,0.019023819058288,2025,2024-12-31,learned_order_offset,20260912,0.25180315037211576,0.25180315037211576,0,1
fixed_transform_step50,3428,2025-03-14,2025-03-24,-0.0259983485216283,2025,2024-12-31,learned_order_offset,20260912,0.7172777696525664,0.7172777696525664,1,0
fixed_transform_step50,3433,2025-03-21,2025-03-31,-0.0025867506275359,2025,2024-12-31,learned_order_offset,20260912,0.5938462138293957,0.5938462138293957,1,0
fixed_transform_step50,3438,2025-03-28,2025-04-14,-0.0342910101946246,2025,2024-12-31,learned_order_offset,20260912,0.6157709090258536,0.6157709090258536,1,0
fixed_transform_step50,3447,2025-04-11,2025-04-21,-0.0010339232881941,2025,2025-03-31,learned_market,20260910,0.5047056541463879,0.5047056541463879,1,0
fixed_transform_step50,3452,2025-04-18,2025-04-28,0.0048432383085554,2025,2025-03-31,learned_market,20260910,0.7646234272738931,0.7646234272738931,1,1
fixed_transform_step50,3457,2025-04-25,2025-05-12,0.02116527880118,2025,2025-03-31,learned_market,20260910,0.4298480647858215,0.4298480647858215,0,1
fixed_transform_step50,3464,2025-05-09,2025-05-19,0.0041484224873464,2025,2025-03-31,learned_market,20260910,0.3938104112825779,0.3938104112825779,0,1
fixed_transform_step50,3469,2025-05-16,2025-05-26,-0.0017462660042188,2025,2025-03-31,learned_market,20260910,0.33965170357945856,0.33965170357945856,0,0
fixed_transform_step50,3474,2025-05-23,2025-06-03,-0.0109216443615366,2025,2025-03-31,learned_market,20260910,0.42979296080972235,0.42979296080972235,0,0
fixed_transform_step50,3479,2025-05-30,2025-06-09,0.011566574321892,2025,2025-03-31,learned_market,20260910,0.3591689931133157,0.3591689931133157,0,1
fixed_transform_step50,3483,2025-06-06,2025-06-16,-0.0062354943524679,2025,2025-03-31,learned_market,20260910,0.41052515386392485,0.41052515386392485,0,0
fixed_transform_step50,3488,2025-06-13,2025-06-23,-0.005825691168304,2025,2025-03-31,learned_market,20260910,0.4252856809707201,0.4252856809707201,0,0
fixed_transform_step50,3493,2025-06-20,2025-06-30,0.0232670437490374,2025,2025-03-31,learned_market,20260910,0.41332461481872285,0.41332461481872285,0,1
fixed_transform_step50,3498,2025-06-27,2025-07-07,0.0145345648685946,2025,2025-03-31,learned_market,20260910,0.390011223325975,0.390011223325975,0,1
fixed_transform_step50,3447,2025-04-11,2025-04-21,-0.0010339232881941,2025,2025-03-31,learned_vol_interaction,20260910,0.5400303156864281,0.5400303156864281,1,0
fixed_transform_step50,3452,2025-04-18,2025-04-28,0.0048432383085554,2025,2025-03-31,learned_vol_interaction,20260910,0.6188953325875892,0.6188953325875892,1,1
fixed_transform_step50,3457,2025-04-25,2025-05-12,0.02116527880118,2025,2025-03-31,learned_vol_interaction,20260910,0.4859641360027307,0.4859641360027307,0,1
fixed_transform_step50,3464,2025-05-09,2025-05-19,0.0041484224873464,2025,2025-03-31,learned_vol_interaction,20260910,0.3626896683536575,0.3626896683536575,0,1
fixed_transform_step50,3469,2025-05-16,2025-05-26,-0.0017462660042188,2025,2025-03-31,learned_vol_interaction,20260910,0.3116319701097236,0.3116319701097236,0,0
fixed_transform_step50,3474,2025-05-23,2025-06-03,-0.0109216443615366,2025,2025-03-31,learned_vol_interaction,20260910,0.4335569456656664,0.4335569456656664,0,0
fixed_transform_step50,3479,2025-05-30,2025-06-09,0.011566574321892,2025,2025-03-31,learned_vol_interaction,20260910,0.35758051334347984,0.35758051334347984,0,1
fixed_transform_step50,3483,2025-06-06,2025-06-16,-0.0062354943524679,2025,2025-03-31,learned_vol_interaction,20260910,0.4044281265378099,0.4044281265378099,0,0
fixed_transform_step50,3488,2025-06-13,2025-06-23,-0.005825691168304,2025,2025-03-31,learned_vol_interaction,20260910,0.4160099293919753,0.4160099293919753,0,0
fixed_transform_step50,3493,2025-06-20,2025-06-30,0.0232670437490374,2025,2025-03-31,learned_vol_interaction,20260910,0.4227119835432479,0.4227119835432479,0,1
fixed_transform_step50,3498,2025-06-27,2025-07-07,0.0145345648685946,2025,2025-03-31,learned_vol_interaction,20260910,0.4014731845875666,0.4014731845875666,0,1
fixed_transform_step50,3447,2025-04-11,2025-04-21,-0.0010339232881941,2025,2025-03-31,learned_order_extension,20260910,0.5451100327426299,0.5451100327426299,1,0
fixed_transform_step50,3452,2025-04-18,2025-04-28,0.0048432383085554,2025,2025-03-31,learned_order_extension,20260910,0.6815466486207293,0.6815466486207293,1,1
fixed_transform_step50,3457,2025-04-25,2025-05-12,0.02116527880118,2025,2025-03-31,learned_order_extension,20260910,0.4783631326142685,0.4783631326142685,0,1
fixed_transform_step50,3464,2025-05-09,2025-05-19,0.0041484224873464,2025,2025-03-31,learned_order_extension,20260910,0.35104774891741936,0.35104774891741936,0,1
fixed_transform_step50,3469,2025-05-16,2025-05-26,-0.0017462660042188,2025,2025-03-31,learned_order_extension,20260910,0.31050979610325125,0.31050979610325125,0,0
fixed_transform_step50,3474,2025-05-23,2025-06-03,-0.0109216443615366,2025,2025-03-31,learned_order_extension,20260910,0.43914682235356783,0.43914682235356783,0,0
fixed_transform_step50,3479,2025-05-30,2025-06-09,0.011566574321892,2025,2025-03-31,learned_order_extension,20260910,0.38117435678540157,0.38117435678540157,0,1
fixed_transform_step50,3483,2025-06-06,2025-06-16,-0.0062354943524679,2025,2025-03-31,learned_order_extension,20260910,0.4187099053869022,0.4187099053869022,0,0
fixed_transform_step50,3488,2025-06-13,2025-06-23,-0.005825691168304,2025,2025-03-31,learned_order_extension,20260910,0.42390224924393455,0.42390224924393455,0,0
fixed_transform_step50,3493,2025-06-20,2025-06-30,0.0232670437490374,2025,2025-03-31,learned_order_extension,20260910,0.4350788118079652,0.4350788118079652,0,1
fixed_transform_step50,3498,2025-06-27,2025-07-07,0.0145345648685946,2025,2025-03-31,learned_order_extension,20260910,0.42054193638710036,0.42054193638710036,0,1
fixed_transform_step50,3447,2025-04-11,2025-04-21,-0.0010339232881941,2025,2025-03-31,learned_order_offset,20260910,0.5454026216714213,0.5454026216714213,1,0
fixed_transform_step50,3452,2025-04-18,2025-04-28,0.0048432383085554,2025,2025-03-31,learned_order_offset,20260910,0.6814832742778063,0.6814832742778063,1,1
fixed_transform_step50,3457,2025-04-25,2025-05-12,0.02116527880118,2025,2025-03-31,learned_order_offset,20260910,0.47844906594878595,0.47844906594878595,0,1
fixed_transform_step50,3464,2025-05-09,2025-05-19,0.0041484224873464,2025,2025-03-31,learned_order_offset,20260910,0.35180786315654244,0.35180786315654244,0,1
fixed_transform_step50,3469,2025-05-16,2025-05-26,-0.0017462660042188,2025,2025-03-31,learned_order_offset,20260910,0.31023019610999675,0.31023019610999675,0,0
fixed_transform_step50,3474,2025-05-23,2025-06-03,-0.0109216443615366,2025,2025-03-31,learned_order_offset,20260910,0.43924529935824125,0.43924529935824125,0,0
fixed_transform_step50,3479,2025-05-30,2025-06-09,0.011566574321892,2025,2025-03-31,learned_order_offset,20260910,0.38134387559564314,0.38134387559564314,0,1
fixed_transform_step50,3483,2025-06-06,2025-06-16,-0.0062354943524679,2025,2025-03-31,learned_order_offset,20260910,0.4197233887784551,0.4197233887784551,0,0
fixed_transform_step50,3488,2025-06-13,2025-06-23,-0.005825691168304,2025,2025-03-31,learned_order_offset,20260910,0.4255499186135467,0.4255499186135467,0,0
fixed_transform_step50,3493,2025-06-20,2025-06-30,0.0232670437490374,2025,2025-03-31,learned_order_offset,20260910,0.4350647138110688,0.4350647138110688,0,1
fixed_transform_step50,3498,2025-06-27,2025-07-07,0.0145345648685946,2025,2025-03-31,learned_order_offset,20260910,0.42170117511710836,0.42170117511710836,0,1
fixed_transform_step50,3447,2025-04-11,2025-04-21,-0.0010339232881941,2025,2025-03-31,learned_market,20260911,0.5395684734268928,0.5395684734268928,1,0
fixed_transform_step50,3452,2025-04-18,2025-04-28,0.0048432383085554,2025,2025-03-31,learned_market,20260911,0.5327596127321692,0.5327596127321692,1,1
fixed_transform_step50,3457,2025-04-25,2025-05-12,0.02116527880118,2025,2025-03-31,learned_market,20260911,0.41131612741511714,0.41131612741511714,0,1
fixed_transform_step50,3464,2025-05-09,2025-05-19,0.0041484224873464,2025,2025-03-31,learned_market,20260911,0.37950961088332164,0.37950961088332164,0,1
fixed_transform_step50,3469,2025-05-16,2025-05-26,-0.0017462660042188,2025,2025-03-31,learned_market,20260911,0.18666549480788872,0.18666549480788872,0,0
fixed_transform_step50,3474,2025-05-23,2025-06-03,-0.0109216443615366,2025,2025-03-31,learned_market,20260911,0.34313354123240203,0.34313354123240203,0,0
fixed_transform_step50,3479,2025-05-30,2025-06-09,0.011566574321892,2025,2025-03-31,learned_market,20260911,0.2720417249447548,0.2720417249447548,0,1
fixed_transform_step50,3483,2025-06-06,2025-06-16,-0.0062354943524679,2025,2025-03-31,learned_market,20260911,0.5357004790273655,0.5357004790273655,1,0
fixed_transform_step50,3488,2025-06-13,2025-06-23,-0.005825691168304,2025,2025-03-31,learned_market,20260911,0.4522719124817152,0.4522719124817152,0,0
fixed_transform_step50,3493,2025-06-20,2025-06-30,0.0232670437490374,2025,2025-03-31,learned_market,20260911,0.5108481447083033,0.5108481447083033,1,1
fixed_transform_step50,3498,2025-06-27,2025-07-07,0.0145345648685946,2025,2025-03-31,learned_market,20260911,0.5538103879283791,0.5538103879283791,1,1
fixed_transform_step50,3447,2025-04-11,2025-04-21,-0.0010339232881941,2025,2025-03-31,learned_vol_interaction,20260911,0.5119136551879021,0.5119136551879021,1,0
fixed_transform_step50,3452,2025-04-18,2025-04-28,0.0048432383085554,2025,2025-03-31,learned_vol_interaction,20260911,0.5127598622658932,0.5127598622658932,1,1
fixed_transform_step50,3457,2025-04-25,2025-05-12,0.02116527880118,2025,2025-03-31,learned_vol_interaction,20260911,0.4103479580207,0.4103479580207,0,1
fixed_transform_step50,3464,2025-05-09,2025-05-19,0.0041484224873464,2025,2025-03-31,learned_vol_interaction,20260911,0.3804727142093381,0.3804727142093381,0,1
fixed_transform_step50,3469,2025-05-16,2025-05-26,-0.0017462660042188,2025,2025-03-31,learned_vol_interaction,20260911,0.1684362803001787,0.1684362803001787,0,0
fixed_transform_step50,3474,2025-05-23,2025-06-03,-0.0109216443615366,2025,2025-03-31,learned_vol_interaction,20260911,0.34375443232220565,0.34375443232220565,0,0
fixed_transform_step50,3479,2025-05-30,2025-06-09,0.011566574321892,2025,2025-03-31,learned_vol_interaction,20260911,0.2610215326790833,0.2610215326790833,0,1
fixed_transform_step50,3483,2025-06-06,2025-06-16,-0.0062354943524679,2025,2025-03-31,learned_vol_interaction,20260911,0.5539453247147477,0.5539453247147477,1,0
fixed_transform_step50,3488,2025-06-13,2025-06-23,-0.005825691168304,2025,2025-03-31,learned_vol_interaction,20260911,0.46874891075019465,0.46874891075019465,0,0
fixed_transform_step50,3493,2025-06-20,2025-06-30,0.0232670437490374,2025,2025-03-31,learned_vol_interaction,20260911,0.5343152770598597,0.5343152770598597,1,1
fixed_transform_step50,3498,2025-06-27,2025-07-07,0.0145345648685946,2025,2025-03-31,learned_vol_interaction,20260911,0.5714152661615427,0.5714152661615427,1,1
fixed_transform_step50,3447,2025-04-11,2025-04-21,-0.0010339232881941,2025,2025-03-31,learned_order_extension,20260911,0.5091607420445374,0.5091607420445374,1,0
fixed_transform_step50,3452,2025-04-18,2025-04-28,0.0048432383085554,2025,2025-03-31,learned_order_extension,20260911,0.5155636463631804,0.5155636463631804,1,1
fixed_transform_step50,3457,2025-04-25,2025-05-12,0.02116527880118,2025,2025-03-31,learned_order_extension,20260911,0.4139926440477022,0.4139926440477022,0,1
fixed_transform_step50,3464,2025-05-09,2025-05-19,0.0041484224873464,2025,2025-03-31,learned_order_extension,20260911,0.37981245601001473,0.37981245601001473,0,1
fixed_transform_step50,3469,2025-05-16,2025-05-26,-0.0017462660042188,2025,2025-03-31,learned_order_extension,20260911,0.17111562544205158,0.17111562544205158,0,0
fixed_transform_step50,3474,2025-05-23,2025-06-03,-0.0109216443615366,2025,2025-03-31,learned_order_extension,20260911,0.3381798964772192,0.3381798964772192,0,0
fixed_transform_step50,3479,2025-05-30,2025-06-09,0.011566574321892,2025,2025-03-31,learned_order_extension,20260911,0.25664295941517107,0.25664295941517107,0,1
fixed_transform_step50,3483,2025-06-06,2025-06-16,-0.0062354943524679,2025,2025-03-31,learned_order_extension,20260911,0.5545959880859161,0.5545959880859161,1,0
fixed_transform_step50,3488,2025-06-13,2025-06-23,-0.005825691168304,2025,2025-03-31,learned_order_extension,20260911,0.46328783651039174,0.46328783651039174,0,0
fixed_transform_step50,3493,2025-06-20,2025-06-30,0.0232670437490374,2025,2025-03-31,learned_order_extension,20260911,0.5314711251291803,0.5314711251291803,1,1
fixed_transform_step50,3498,2025-06-27,2025-07-07,0.0145345648685946,2025,2025-03-31,learned_order_extension,20260911,0.572942118257191,0.572942118257191,1,1
fixed_transform_step50,3447,2025-04-11,2025-04-21,-0.0010339232881941,2025,2025-03-31,learned_order_offset,20260911,0.5084469693442274,0.5084469693442274,1,0
fixed_transform_step50,3452,2025-04-18,2025-04-28,0.0048432383085554,2025,2025-03-31,learned_order_offset,20260911,0.51490214964908,0.51490214964908,1,1
fixed_transform_step50,3457,2025-04-25,2025-05-12,0.02116527880118,2025,2025-03-31,learned_order_offset,20260911,0.4136261313429996,0.4136261313429996,0,1
fixed_transform_step50,3464,2025-05-09,2025-05-19,0.0041484224873464,2025,2025-03-31,learned_order_offset,20260911,0.379330675293383,0.379330675293383,0,1
fixed_transform_step50,3469,2025-05-16,2025-05-26,-0.0017462660042188,2025,2025-03-31,learned_order_offset,20260911,0.1711364140914899,0.1711364140914899,0,0
fixed_transform_step50,3474,2025-05-23,2025-06-03,-0.0109216443615366,2025,2025-03-31,learned_order_offset,20260911,0.3382441676515759,0.3382441676515759,0,0
fixed_transform_step50,3479,2025-05-30,2025-06-09,0.011566574321892,2025,2025-03-31,learned_order_offset,20260911,0.2567119686606588,0.2567119686606588,0,1
fixed_transform_step50,3483,2025-06-06,2025-06-16,-0.0062354943524679,2025,2025-03-31,learned_order_offset,20260911,0.5546338004395437,0.5546338004395437,1,0
fixed_transform_step50,3488,2025-06-13,2025-06-23,-0.005825691168304,2025,2025-03-31,learned_order_offset,20260911,0.46315877275461137,0.46315877275461137,0,0
fixed_transform_step50,3493,2025-06-20,2025-06-30,0.0232670437490374,2025,2025-03-31,learned_order_offset,20260911,0.5314055681474632,0.5314055681474632,1,1
fixed_transform_step50,3498,2025-06-27,2025-07-07,0.0145345648685946,2025,2025-03-31,learned_order_offset,20260911,0.5723903290316109,0.5723903290316109,1,1
fixed_transform_step50,3447,2025-04-11,2025-04-21,-0.0010339232881941,2025,2025-03-31,learned_market,20260912,0.48672285060016046,0.48672285060016046,0,0
fixed_transform_step50,3452,2025-04-18,2025-04-28,0.0048432383085554,2025,2025-03-31,learned_market,20260912,0.6372108895572636,0.6372108895572636,1,1
fixed_transform_step50,3457,2025-04-25,2025-05-12,0.02116527880118,2025,2025-03-31,learned_market,20260912,0.45798119886529653,0.45798119886529653,0,1
fixed_transform_step50,3464,2025-05-09,2025-05-19,0.0041484224873464,2025,2025-03-31,learned_market,20260912,0.2421293291353796,0.2421293291353796,0,1
fixed_transform_step50,3469,2025-05-16,2025-05-26,-0.0017462660042188,2025,2025-03-31,learned_market,20260912,0.31928638418543426,0.31928638418543426,0,0
fixed_transform_step50,3474,2025-05-23,2025-06-03,-0.0109216443615366,2025,2025-03-31,learned_market,20260912,0.1985428882352777,0.1985428882352777,0,0
fixed_transform_step50,3479,2025-05-30,2025-06-09,0.011566574321892,2025,2025-03-31,learned_market,20260912,0.15293016597046183,0.15293016597046183,0,1
fixed_transform_step50,3483,2025-06-06,2025-06-16,-0.0062354943524679,2025,2025-03-31,learned_market,20260912,0.3928930641439239,0.3928930641439239,0,0
fixed_transform_step50,3488,2025-06-13,2025-06-23,-0.005825691168304,2025,2025-03-31,learned_market,20260912,0.28933916873157367,0.28933916873157367,0,0
fixed_transform_step50,3493,2025-06-20,2025-06-30,0.0232670437490374,2025,2025-03-31,learned_market,20260912,0.4152696649797388,0.4152696649797388,0,1
fixed_transform_step50,3498,2025-06-27,2025-07-07,0.0145345648685946,2025,2025-03-31,learned_market,20260912,0.5221525277706431,0.5221525277706431,1,1
fixed_transform_step50,3447,2025-04-11,2025-04-21,-0.0010339232881941,2025,2025-03-31,learned_vol_interaction,20260912,0.48055638192181555,0.48055638192181555,0,0
fixed_transform_step50,3452,2025-04-18,2025-04-28,0.0048432383085554,2025,2025-03-31,learned_vol_interaction,20260912,0.6215977519400566,0.6215977519400566,1,1
fixed_transform_step50,3457,2025-04-25,2025-05-12,0.02116527880118,2025,2025-03-31,learned_vol_interaction,20260912,0.4599618940624477,0.4599618940624477,0,1
fixed_transform_step50,3464,2025-05-09,2025-05-19,0.0041484224873464,2025,2025-03-31,learned_vol_interaction,20260912,0.23378414500775546,0.23378414500775546,0,1
fixed_transform_step50,3469,2025-05-16,2025-05-26,-0.0017462660042188,2025,2025-03-31,learned_vol_interaction,20260912,0.31429794841889214,0.31429794841889214,0,0
fixed_transform_step50,3474,2025-05-23,2025-06-03,-0.0109216443615366,2025,2025-03-31,learned_vol_interaction,20260912,0.19173609578817938,0.19173609578817938,0,0
fixed_transform_step50,3479,2025-05-30,2025-06-09,0.011566574321892,2025,2025-03-31,learned_vol_interaction,20260912,0.1459482036539639,0.1459482036539639,0,1
fixed_transform_step50,3483,2025-06-06,2025-06-16,-0.0062354943524679,2025,2025-03-31,learned_vol_interaction,20260912,0.3931575761779791,0.3931575761779791,0,0
fixed_transform_step50,3488,2025-06-13,2025-06-23,-0.005825691168304,2025,2025-03-31,learned_vol_interaction,20260912,0.28433741624371633,0.28433741624371633,0,0
fixed_transform_step50,3493,2025-06-20,2025-06-30,0.0232670437490374,2025,2025-03-31,learned_vol_interaction,20260912,0.4158144835534982,0.4158144835534982,0,1
fixed_transform_step50,3498,2025-06-27,2025-07-07,0.0145345648685946,2025,2025-03-31,learned_vol_interaction,20260912,0.5232027542883217,0.5232027542883217,1,1
fixed_transform_step50,3447,2025-04-11,2025-04-21,-0.0010339232881941,2025,2025-03-31,learned_order_extension,20260912,0.4776848188830827,0.4776848188830827,0,0
fixed_transform_step50,3452,2025-04-18,2025-04-28,0.0048432383085554,2025,2025-03-31,learned_order_extension,20260912,0.6495563085840237,0.6495563085840237,1,1
fixed_transform_step50,3457,2025-04-25,2025-05-12,0.02116527880118,2025,2025-03-31,learned_order_extension,20260912,0.4483867228956064,0.4483867228956064,0,1
fixed_transform_step50,3464,2025-05-09,2025-05-19,0.0041484224873464,2025,2025-03-31,learned_order_extension,20260912,0.2308194520688056,0.2308194520688056,0,1
fixed_transform_step50,3469,2025-05-16,2025-05-26,-0.0017462660042188,2025,2025-03-31,learned_order_extension,20260912,0.33212362148302055,0.33212362148302055,0,0
fixed_transform_step50,3474,2025-05-23,2025-06-03,-0.0109216443615366,2025,2025-03-31,learned_order_extension,20260912,0.22193803602633289,0.22193803602633289,0,0
fixed_transform_step50,3479,2025-05-30,2025-06-09,0.011566574321892,2025,2025-03-31,learned_order_extension,20260912,0.19456437918208777,0.19456437918208777,0,1
fixed_transform_step50,3483,2025-06-06,2025-06-16,-0.0062354943524679,2025,2025-03-31,learned_order_extension,20260912,0.4231388205664944,0.4231388205664944,0,0
fixed_transform_step50,3488,2025-06-13,2025-06-23,-0.005825691168304,2025,2025-03-31,learned_order_extension,20260912,0.2980392378814,0.2980392378814,0,0
fixed_transform_step50,3493,2025-06-20,2025-06-30,0.0232670437490374,2025,2025-03-31,learned_order_extension,20260912,0.43641092538631765,0.43641092538631765,0,1
fixed_transform_step50,3498,2025-06-27,2025-07-07,0.0145345648685946,2025,2025-03-31,learned_order_extension,20260912,0.5099259593217611,0.5099259593217611,1,1
fixed_transform_step50,3447,2025-04-11,2025-04-21,-0.0010339232881941,2025,2025-03-31,learned_order_offset,20260912,0.4746571430926714,0.4746571430926714,0,0
fixed_transform_step50,3452,2025-04-18,2025-04-28,0.0048432383085554,2025,2025-03-31,learned_order_offset,20260912,0.6473087145045975,0.6473087145045975,1,1
fixed_transform_step50,3457,2025-04-25,2025-05-12,0.02116527880118,2025,2025-03-31,learned_order_offset,20260912,0.45159345350716806,0.45159345350716806,0,1
fixed_transform_step50,3464,2025-05-09,2025-05-19,0.0041484224873464,2025,2025-03-31,learned_order_offset,20260912,0.23388945189952826,0.23388945189952826,0,1
fixed_transform_step50,3469,2025-05-16,2025-05-26,-0.0017462660042188,2025,2025-03-31,learned_order_offset,20260912,0.33522037153709494,0.33522037153709494,0,0
fixed_transform_step50,3474,2025-05-23,2025-06-03,-0.0109216443615366,2025,2025-03-31,learned_order_offset,20260912,0.22556399311008005,0.22556399311008005,0,0
fixed_transform_step50,3479,2025-05-30,2025-06-09,0.011566574321892,2025,2025-03-31,learned_order_offset,20260912,0.19855174814273036,0.19855174814273036,0,1
fixed_transform_step50,3483,2025-06-06,2025-06-16,-0.0062354943524679,2025,2025-03-31,learned_order_offset,20260912,0.4287907791083829,0.4287907791083829,0,0
fixed_transform_step50,3488,2025-06-13,2025-06-23,-0.005825691168304,2025,2025-03-31,learned_order_offset,20260912,0.30010884403394245,0.30010884403394245,0,0
fixed_transform_step50,3493,2025-06-20,2025-06-30,0.0232670437490374,2025,2025-03-31,learned_order_offset,20260912,0.43820891743694995,0.43820891743694995,0,1
fixed_transform_step50,3498,2025-06-27,2025-07-07,0.0145345648685946,2025,2025-03-31,learned_order_offset,20260912,0.5122690961441695,0.5122690961441695,1,1
fixed_transform_step50,3503,2025-07-04,2025-07-14,0.0110426949002964,2025,2025-06-30,learned_market,20260910,0.6551677996501315,0.6551677996501315,1,1
fixed_transform_step50,3508,2025-07-11,2025-07-21,0.0120759671840067,2025,2025-06-30,learned_market,20260910,0.6737667502091539,0.6737667502091539,1,1
fixed_transform_step50,3513,2025-07-18,2025-07-28,0.0143570766898375,2025,2025-06-30,learned_market,20260910,0.4052578054700225,0.4052578054700225,0,1
fixed_transform_step50,3518,2025-07-25,2025-08-04,-0.0218642507630443,2025,2025-06-30,learned_market,20260910,0.4625911998378836,0.4625911998378836,0,0
fixed_transform_step50,3523,2025-08-01,2025-08-11,0.0179175520190988,2025,2025-06-30,learned_market,20260910,0.48685835575216124,0.48685835575216124,0,1
fixed_transform_step50,3528,2025-08-08,2025-08-18,0.026265786598999,2025,2025-06-30,learned_market,20260910,0.3462207445918146,0.3462207445918146,0,1
fixed_transform_step50,3533,2025-08-15,2025-08-25,0.0469483790671487,2025,2025-06-30,learned_market,20260910,0.4192918377732088,0.4192918377732088,0,1
fixed_transform_step50,3538,2025-08-22,2025-09-01,0.0227770368340847,2025,2025-06-30,learned_market,20260910,0.4070780240573753,0.4070780240573753,0,1
fixed_transform_step50,3543,2025-08-29,2025-09-08,-0.0110053842475337,2025,2025-06-30,learned_market,20260910,0.4451481645792642,0.4451481645792642,0,0
fixed_transform_step50,3548,2025-09-05,2025-09-15,0.0151594857594405,2025,2025-06-30,learned_market,20260910,0.437217740398452,0.437217740398452,0,1
fixed_transform_step50,3553,2025-09-12,2025-09-22,-0.0050409160971932,2025,2025-06-30,learned_market,20260910,0.4731914619897268,0.4731914619897268,0,0
fixed_transform_step50,3558,2025-09-19,2025-09-29,0.0095300784790881,2025,2025-06-30,learned_market,20260910,0.4762711483084788,0.4762711483084788,0,1
fixed_transform_step50,3563,2025-09-26,2025-10-13,-0.0140855274279203,2025,2025-06-30,learned_market,20260910,0.4831285767303627,0.4831285767303627,0,0
fixed_transform_step50,3503,2025-07-04,2025-07-14,0.0110426949002964,2025,2025-06-30,learned_vol_interaction,20260910,0.7299242032133645,0.7299242032133645,1,1
fixed_transform_step50,3508,2025-07-11,2025-07-21,0.0120759671840067,2025,2025-06-30,learned_vol_interaction,20260910,0.76040806589676,0.76040806589676,1,1
fixed_transform_step50,3513,2025-07-18,2025-07-28,0.0143570766898375,2025,2025-06-30,learned_vol_interaction,20260910,0.40218430258219784,0.40218430258219784,0,1
fixed_transform_step50,3518,2025-07-25,2025-08-04,-0.0218642507630443,2025,2025-06-30,learned_vol_interaction,20260910,0.4440888197288265,0.4440888197288265,0,0
fixed_transform_step50,3523,2025-08-01,2025-08-11,0.0179175520190988,2025,2025-06-30,learned_vol_interaction,20260910,0.4871290650609676,0.4871290650609676,0,1
fixed_transform_step50,3528,2025-08-08,2025-08-18,0.026265786598999,2025,2025-06-30,learned_vol_interaction,20260910,0.2852961189971521,0.2852961189971521,0,1
fixed_transform_step50,3533,2025-08-15,2025-08-25,0.0469483790671487,2025,2025-06-30,learned_vol_interaction,20260910,0.38066450819185443,0.38066450819185443,0,1
fixed_transform_step50,3538,2025-08-22,2025-09-01,0.0227770368340847,2025,2025-06-30,learned_vol_interaction,20260910,0.37859392207069215,0.37859392207069215,0,1
fixed_transform_step50,3543,2025-08-29,2025-09-08,-0.0110053842475337,2025,2025-06-30,learned_vol_interaction,20260910,0.42602161968402247,0.42602161968402247,0,0
fixed_transform_step50,3548,2025-09-05,2025-09-15,0.0151594857594405,2025,2025-06-30,learned_vol_interaction,20260910,0.4364691794976098,0.4364691794976098,0,1
fixed_transform_step50,3553,2025-09-12,2025-09-22,-0.0050409160971932,2025,2025-06-30,learned_vol_interaction,20260910,0.47291688436602275,0.47291688436602275,0,0
fixed_transform_step50,3558,2025-09-19,2025-09-29,0.0095300784790881,2025,2025-06-30,learned_vol_interaction,20260910,0.4724804565856774,0.4724804565856774,0,1
fixed_transform_step50,3563,2025-09-26,2025-10-13,-0.0140855274279203,2025,2025-06-30,learned_vol_interaction,20260910,0.46369220736804123,0.46369220736804123,0,0
fixed_transform_step50,3503,2025-07-04,2025-07-14,0.0110426949002964,2025,2025-06-30,learned_order_extension,20260910,0.6657177660643395,0.6657177660643395,1,1
fixed_transform_step50,3508,2025-07-11,2025-07-21,0.0120759671840067,2025,2025-06-30,learned_order_extension,20260910,0.7871437765113637,0.7871437765113637,1,1
fixed_transform_step50,3513,2025-07-18,2025-07-28,0.0143570766898375,2025,2025-06-30,learned_order_extension,20260910,0.39400583760595986,0.39400583760595986,0,1
fixed_transform_step50,3518,2025-07-25,2025-08-04,-0.0218642507630443,2025,2025-06-30,learned_order_extension,20260910,0.42608738464266005,0.42608738464266005,0,0
fixed_transform_step50,3523,2025-08-01,2025-08-11,0.0179175520190988,2025,2025-06-30,learned_order_extension,20260910,0.47353095567833786,0.47353095567833786,0,1
fixed_transform_step50,3528,2025-08-08,2025-08-18,0.026265786598999,2025,2025-06-30,learned_order_extension,20260910,0.302253548440288,0.302253548440288,0,1
fixed_transform_step50,3533,2025-08-15,2025-08-25,0.0469483790671487,2025,2025-06-30,learned_order_extension,20260910,0.3637877208032325,0.3637877208032325,0,1
fixed_transform_step50,3538,2025-08-22,2025-09-01,0.0227770368340847,2025,2025-06-30,learned_order_extension,20260910,0.35370212882558155,0.35370212882558155,0,1
fixed_transform_step50,3543,2025-08-29,2025-09-08,-0.0110053842475337,2025,2025-06-30,learned_order_extension,20260910,0.4193615473880997,0.4193615473880997,0,0
fixed_transform_step50,3548,2025-09-05,2025-09-15,0.0151594857594405,2025,2025-06-30,learned_order_extension,20260910,0.4427219183824555,0.4427219183824555,0,1
fixed_transform_step50,3553,2025-09-12,2025-09-22,-0.0050409160971932,2025,2025-06-30,learned_order_extension,20260910,0.4869240661122618,0.4869240661122618,0,0
fixed_transform_step50,3558,2025-09-19,2025-09-29,0.0095300784790881,2025,2025-06-30,learned_order_extension,20260910,0.46310058254280995,0.46310058254280995,0,1
fixed_transform_step50,3563,2025-09-26,2025-10-13,-0.0140855274279203,2025,2025-06-30,learned_order_extension,20260910,0.44773335639335593,0.44773335639335593,0,0
fixed_transform_step50,3503,2025-07-04,2025-07-14,0.0110426949002964,2025,2025-06-30,learned_order_offset,20260910,0.6644057465477614,0.6644057465477614,1,1
fixed_transform_step50,3508,2025-07-11,2025-07-21,0.0120759671840067,2025,2025-06-30,learned_order_offset,20260910,0.784888343522514,0.784888343522514,1,1
fixed_transform_step50,3513,2025-07-18,2025-07-28,0.0143570766898375,2025,2025-06-30,learned_order_offset,20260910,0.392565110823646,0.392565110823646,0,1
fixed_transform_step50,3518,2025-07-25,2025-08-04,-0.0218642507630443,2025,2025-06-30,learned_order_offset,20260910,0.42814069226679796,0.42814069226679796,0,0
fixed_transform_step50,3523,2025-08-01,2025-08-11,0.0179175520190988,2025,2025-06-30,learned_order_offset,20260910,0.47327850353945145,0.47327850353945145,0,1
fixed_transform_step50,3528,2025-08-08,2025-08-18,0.026265786598999,2025,2025-06-30,learned_order_offset,20260910,0.3053528310145433,0.3053528310145433,0,1
fixed_transform_step50,3533,2025-08-15,2025-08-25,0.0469483790671487,2025,2025-06-30,learned_order_offset,20260910,0.36397534074697035,0.36397534074697035,0,1
fixed_transform_step50,3538,2025-08-22,2025-09-01,0.0227770368340847,2025,2025-06-30,learned_order_offset,20260910,0.35404588030019457,0.35404588030019457,0,1
fixed_transform_step50,3543,2025-08-29,2025-09-08,-0.0110053842475337,2025,2025-06-30,learned_order_offset,20260910,0.4187110425270251,0.4187110425270251,0,0
fixed_transform_step50,3548,2025-09-05,2025-09-15,0.0151594857594405,2025,2025-06-30,learned_order_offset,20260910,0.4415269549103799,0.4415269549103799,0,1
fixed_transform_step50,3553,2025-09-12,2025-09-22,-0.0050409160971932,2025,2025-06-30,learned_order_offset,20260910,0.4868367537783222,0.4868367537783222,0,0
fixed_transform_step50,3558,2025-09-19,2025-09-29,0.0095300784790881,2025,2025-06-30,learned_order_offset,20260910,0.46410911912591096,0.46410911912591096,0,1
fixed_transform_step50,3563,2025-09-26,2025-10-13,-0.0140855274279203,2025,2025-06-30,learned_order_offset,20260910,0.44844389221071673,0.44844389221071673,0,0
fixed_transform_step50,3503,2025-07-04,2025-07-14,0.0110426949002964,2025,2025-06-30,learned_market,20260911,0.6509134766402098,0.6509134766402098,1,1
fixed_transform_step50,3508,2025-07-11,2025-07-21,0.0120759671840067,2025,2025-06-30,learned_market,20260911,0.4159762280467324,0.4159762280467324,0,1
fixed_transform_step50,3513,2025-07-18,2025-07-28,0.0143570766898375,2025,2025-06-30,learned_market,20260911,0.4390844735128091,0.4390844735128091,0,1
fixed_transform_step50,3518,2025-07-25,2025-08-04,-0.0218642507630443,2025,2025-06-30,learned_market,20260911,0.3626371343837634,0.3626371343837634,0,0
fixed_transform_step50,3523,2025-08-01,2025-08-11,0.0179175520190988,2025,2025-06-30,learned_market,20260911,0.34600114969613194,0.34600114969613194,0,1
fixed_transform_step50,3528,2025-08-08,2025-08-18,0.026265786598999,2025,2025-06-30,learned_market,20260911,0.23717169114855297,0.23717169114855297,0,1
fixed_transform_step50,3533,2025-08-15,2025-08-25,0.0469483790671487,2025,2025-06-30,learned_market,20260911,0.41876864381844453,0.41876864381844453,0,1
fixed_transform_step50,3538,2025-08-22,2025-09-01,0.0227770368340847,2025,2025-06-30,learned_market,20260911,0.28433974852051513,0.28433974852051513,0,1
fixed_transform_step50,3543,2025-08-29,2025-09-08,-0.0110053842475337,2025,2025-06-30,learned_market,20260911,0.39323701300032565,0.39323701300032565,0,0
fixed_transform_step50,3548,2025-09-05,2025-09-15,0.0151594857594405,2025,2025-06-30,learned_market,20260911,0.368940896542337,0.368940896542337,0,1
fixed_transform_step50,3553,2025-09-12,2025-09-22,-0.0050409160971932,2025,2025-06-30,learned_market,20260911,0.49846663320564477,0.49846663320564477,0,0
fixed_transform_step50,3558,2025-09-19,2025-09-29,0.0095300784790881,2025,2025-06-30,learned_market,20260911,0.3798151200732039,0.3798151200732039,0,1
fixed_transform_step50,3563,2025-09-26,2025-10-13,-0.0140855274279203,2025,2025-06-30,learned_market,20260911,0.3996266127894203,0.3996266127894203,0,0
fixed_transform_step50,3503,2025-07-04,2025-07-14,0.0110426949002964,2025,2025-06-30,learned_vol_interaction,20260911,0.6724221441875735,0.6724221441875735,1,1
fixed_transform_step50,3508,2025-07-11,2025-07-21,0.0120759671840067,2025,2025-06-30,learned_vol_interaction,20260911,0.4199736810608852,0.4199736810608852,0,1
fixed_transform_step50,3513,2025-07-18,2025-07-28,0.0143570766898375,2025,2025-06-30,learned_vol_interaction,20260911,0.4436825865203757,0.4436825865203757,0,1
fixed_transform_step50,3518,2025-07-25,2025-08-04,-0.0218642507630443,2025,2025-06-30,learned_vol_interaction,20260911,0.3528635084786647,0.3528635084786647,0,0
fixed_transform_step50,3523,2025-08-01,2025-08-11,0.0179175520190988,2025,2025-06-30,learned_vol_interaction,20260911,0.33616647891515,0.33616647891515,0,1
fixed_transform_step50,3528,2025-08-08,2025-08-18,0.026265786598999,2025,2025-06-30,learned_vol_interaction,20260911,0.22418734014681901,0.22418734014681901,0,1
fixed_transform_step50,3533,2025-08-15,2025-08-25,0.0469483790671487,2025,2025-06-30,learned_vol_interaction,20260911,0.41415002700255893,0.41415002700255893,0,1
fixed_transform_step50,3538,2025-08-22,2025-09-01,0.0227770368340847,2025,2025-06-30,learned_vol_interaction,20260911,0.267114990738328,0.267114990738328,0,1
fixed_transform_step50,3543,2025-08-29,2025-09-08,-0.0110053842475337,2025,2025-06-30,learned_vol_interaction,20260911,0.37677170512771957,0.37677170512771957,0,0
fixed_transform_step50,3548,2025-09-05,2025-09-15,0.0151594857594405,2025,2025-06-30,learned_vol_interaction,20260911,0.3586096033408814,0.3586096033408814,0,1
fixed_transform_step50,3553,2025-09-12,2025-09-22,-0.0050409160971932,2025,2025-06-30,learned_vol_interaction,20260911,0.4836552899925875,0.4836552899925875,0,0
fixed_transform_step50,3558,2025-09-19,2025-09-29,0.0095300784790881,2025,2025-06-30,learned_vol_interaction,20260911,0.37574906911598727,0.37574906911598727,0,1
fixed_transform_step50,3563,2025-09-26,2025-10-13,-0.0140855274279203,2025,2025-06-30,learned_vol_interaction,20260911,0.38944330927767834,0.38944330927767834,0,0
fixed_transform_step50,3503,2025-07-04,2025-07-14,0.0110426949002964,2025,2025-06-30,learned_order_extension,20260911,0.6811246827495215,0.6811246827495215,1,1
fixed_transform_step50,3508,2025-07-11,2025-07-21,0.0120759671840067,2025,2025-06-30,learned_order_extension,20260911,0.4206832198472592,0.4206832198472592,0,1
fixed_transform_step50,3513,2025-07-18,2025-07-28,0.0143570766898375,2025,2025-06-30,learned_order_extension,20260911,0.44376426174666883,0.44376426174666883,0,1
fixed_transform_step50,3518,2025-07-25,2025-08-04,-0.0218642507630443,2025,2025-06-30,learned_order_extension,20260911,0.35605886040436463,0.35605886040436463,0,0
fixed_transform_step50,3523,2025-08-01,2025-08-11,0.0179175520190988,2025,2025-06-30,learned_order_extension,20260911,0.3359471865715365,0.3359471865715365,0,1
fixed_transform_step50,3528,2025-08-08,2025-08-18,0.026265786598999,2025,2025-06-30,learned_order_extension,20260911,0.21835585451125858,0.21835585451125858,0,1
fixed_transform_step50,3533,2025-08-15,2025-08-25,0.0469483790671487,2025,2025-06-30,learned_order_extension,20260911,0.41370391650671273,0.41370391650671273,0,1
fixed_transform_step50,3538,2025-08-22,2025-09-01,0.0227770368340847,2025,2025-06-30,learned_order_extension,20260911,0.27538392470044526,0.27538392470044526,0,1
fixed_transform_step50,3543,2025-08-29,2025-09-08,-0.0110053842475337,2025,2025-06-30,learned_order_extension,20260911,0.37619833198532127,0.37619833198532127,0,0
fixed_transform_step50,3548,2025-09-05,2025-09-15,0.0151594857594405,2025,2025-06-30,learned_order_extension,20260911,0.35585348333918715,0.35585348333918715,0,1
fixed_transform_step50,3553,2025-09-12,2025-09-22,-0.0050409160971932,2025,2025-06-30,learned_order_extension,20260911,0.487266995769711,0.487266995769711,0,0
fixed_transform_step50,3558,2025-09-19,2025-09-29,0.0095300784790881,2025,2025-06-30,learned_order_extension,20260911,0.3836294349742669,0.3836294349742669,0,1
fixed_transform_step50,3563,2025-09-26,2025-10-13,-0.0140855274279203,2025,2025-06-30,learned_order_extension,20260911,0.39504883920956435,0.39504883920956435,0,0
fixed_transform_step50,3503,2025-07-04,2025-07-14,0.0110426949002964,2025,2025-06-30,learned_order_offset,20260911,0.6813054061323213,0.6813054061323213,1,1
fixed_transform_step50,3508,2025-07-11,2025-07-21,0.0120759671840067,2025,2025-06-30,learned_order_offset,20260911,0.42052055731903437,0.42052055731903437,0,1
fixed_transform_step50,3513,2025-07-18,2025-07-28,0.0143570766898375,2025,2025-06-30,learned_order_offset,20260911,0.44400905263846535,0.44400905263846535,0,1
fixed_transform_step50,3518,2025-07-25,2025-08-04,-0.0218642507630443,2025,2025-06-30,learned_order_offset,20260911,0.3549487966527318,0.3549487966527318,0,0
fixed_transform_step50,3523,2025-08-01,2025-08-11,0.0179175520190988,2025,2025-06-30,learned_order_offset,20260911,0.3351943324896867,0.3351943324896867,0,1
fixed_transform_step50,3528,2025-08-08,2025-08-18,0.026265786598999,2025,2025-06-30,learned_order_offset,20260911,0.2186240806615593,0.2186240806615593,0,1
fixed_transform_step50,3533,2025-08-15,2025-08-25,0.0469483790671487,2025,2025-06-30,learned_order_offset,20260911,0.4141727549954525,0.4141727549954525,0,1
fixed_transform_step50,3538,2025-08-22,2025-09-01,0.0227770368340847,2025,2025-06-30,learned_order_offset,20260911,0.27458828333555774,0.27458828333555774,0,1
fixed_transform_step50,3543,2025-08-29,2025-09-08,-0.0110053842475337,2025,2025-06-30,learned_order_offset,20260911,0.3768532800604429,0.3768532800604429,0,0
fixed_transform_step50,3548,2025-09-05,2025-09-15,0.0151594857594405,2025,2025-06-30,learned_order_offset,20260911,0.35587325078897414,0.35587325078897414,0,1
fixed_transform_step50,3553,2025-09-12,2025-09-22,-0.0050409160971932,2025,2025-06-30,learned_order_offset,20260911,0.4873308934544594,0.4873308934544594,0,0
fixed_transform_step50,3558,2025-09-19,2025-09-29,0.0095300784790881,2025,2025-06-30,learned_order_offset,20260911,0.38347153054370675,0.38347153054370675,0,1
fixed_transform_step50,3563,2025-09-26,2025-10-13,-0.0140855274279203,2025,2025-06-30,learned_order_offset,20260911,0.3949366948547144,0.3949366948547144,0,0
fixed_transform_step50,3503,2025-07-04,2025-07-14,0.0110426949002964,2025,2025-06-30,learned_market,20260912,0.41255718964817994,0.41255718964817994,0,1
fixed_transform_step50,3508,2025-07-11,2025-07-21,0.0120759671840067,2025,2025-06-30,learned_market,20260912,0.5076386259784165,0.5076386259784165,1,1
fixed_transform_step50,3513,2025-07-18,2025-07-28,0.0143570766898375,2025,2025-06-30,learned_market,20260912,0.6601801821509009,0.6601801821509009,1,1
fixed_transform_step50,3518,2025-07-25,2025-08-04,-0.0218642507630443,2025,2025-06-30,learned_market,20260912,0.47143091854228397,0.47143091854228397,0,0
fixed_transform_step50,3523,2025-08-01,2025-08-11,0.0179175520190988,2025,2025-06-30,learned_market,20260912,0.529919880780323,0.529919880780323,1,1
fixed_transform_step50,3528,2025-08-08,2025-08-18,0.026265786598999,2025,2025-06-30,learned_market,20260912,0.26030579463526565,0.26030579463526565,0,1
fixed_transform_step50,3533,2025-08-15,2025-08-25,0.0469483790671487,2025,2025-06-30,learned_market,20260912,0.40909781368357245,0.40909781368357245,0,1
fixed_transform_step50,3538,2025-08-22,2025-09-01,0.0227770368340847,2025,2025-06-30,learned_market,20260912,0.3185777948082907,0.3185777948082907,0,1
fixed_transform_step50,3543,2025-08-29,2025-09-08,-0.0110053842475337,2025,2025-06-30,learned_market,20260912,0.6246965152514875,0.6246965152514875,1,0
fixed_transform_step50,3548,2025-09-05,2025-09-15,0.0151594857594405,2025,2025-06-30,learned_market,20260912,0.3849624790073598,0.3849624790073598,0,1
fixed_transform_step50,3553,2025-09-12,2025-09-22,-0.0050409160971932,2025,2025-06-30,learned_market,20260912,0.5857129267298468,0.5857129267298468,1,0
fixed_transform_step50,3558,2025-09-19,2025-09-29,0.0095300784790881,2025,2025-06-30,learned_market,20260912,0.33419491657710176,0.33419491657710176,0,1
fixed_transform_step50,3563,2025-09-26,2025-10-13,-0.0140855274279203,2025,2025-06-30,learned_market,20260912,0.47747398317233564,0.47747398317233564,0,0
fixed_transform_step50,3503,2025-07-04,2025-07-14,0.0110426949002964,2025,2025-06-30,learned_vol_interaction,20260912,0.4120133547747969,0.4120133547747969,0,1
fixed_transform_step50,3508,2025-07-11,2025-07-21,0.0120759671840067,2025,2025-06-30,learned_vol_interaction,20260912,0.51343603521281,0.51343603521281,1,1
fixed_transform_step50,3513,2025-07-18,2025-07-28,0.0143570766898375,2025,2025-06-30,learned_vol_interaction,20260912,0.6707905543797111,0.6707905543797111,1,1
fixed_transform_step50,3518,2025-07-25,2025-08-04,-0.0218642507630443,2025,2025-06-30,learned_vol_interaction,20260912,0.4759798276033372,0.4759798276033372,0,0
fixed_transform_step50,3523,2025-08-01,2025-08-11,0.0179175520190988,2025,2025-06-30,learned_vol_interaction,20260912,0.5359977068713099,0.5359977068713099,1,1
fixed_transform_step50,3528,2025-08-08,2025-08-18,0.026265786598999,2025,2025-06-30,learned_vol_interaction,20260912,0.25346355120383474,0.25346355120383474,0,1
fixed_transform_step50,3533,2025-08-15,2025-08-25,0.0469483790671487,2025,2025-06-30,learned_vol_interaction,20260912,0.4090946876061232,0.4090946876061232,0,1
fixed_transform_step50,3538,2025-08-22,2025-09-01,0.0227770368340847,2025,2025-06-30,learned_vol_interaction,20260912,0.31479547172354494,0.31479547172354494,0,1
fixed_transform_step50,3543,2025-08-29,2025-09-08,-0.0110053842475337,2025,2025-06-30,learned_vol_interaction,20260912,0.6280377364704394,0.6280377364704394,1,0
fixed_transform_step50,3548,2025-09-05,2025-09-15,0.0151594857594405,2025,2025-06-30,learned_vol_interaction,20260912,0.3816956794675273,0.3816956794675273,0,1
fixed_transform_step50,3553,2025-09-12,2025-09-22,-0.0050409160971932,2025,2025-06-30,learned_vol_interaction,20260912,0.5804832231606095,0.5804832231606095,1,0
fixed_transform_step50,3558,2025-09-19,2025-09-29,0.0095300784790881,2025,2025-06-30,learned_vol_interaction,20260912,0.3329441028977387,0.3329441028977387,0,1
fixed_transform_step50,3563,2025-09-26,2025-10-13,-0.0140855274279203,2025,2025-06-30,learned_vol_interaction,20260912,0.47525553390599984,0.47525553390599984,0,0
fixed_transform_step50,3503,2025-07-04,2025-07-14,0.0110426949002964,2025,2025-06-30,learned_order_extension,20260912,0.4156212215224726,0.4156212215224726,0,1
fixed_transform_step50,3508,2025-07-11,2025-07-21,0.0120759671840067,2025,2025-06-30,learned_order_extension,20260912,0.5195608522424316,0.5195608522424316,1,1
fixed_transform_step50,3513,2025-07-18,2025-07-28,0.0143570766898375,2025,2025-06-30,learned_order_extension,20260912,0.6794257772913218,0.6794257772913218,1,1
fixed_transform_step50,3518,2025-07-25,2025-08-04,-0.0218642507630443,2025,2025-06-30,learned_order_extension,20260912,0.4338069203392553,0.4338069203392553,0,0
fixed_transform_step50,3523,2025-08-01,2025-08-11,0.0179175520190988,2025,2025-06-30,learned_order_extension,20260912,0.48519354245215046,0.48519354245215046,0,1
fixed_transform_step50,3528,2025-08-08,2025-08-18,0.026265786598999,2025,2025-06-30,learned_order_extension,20260912,0.26060282905410204,0.26060282905410204,0,1
fixed_transform_step50,3533,2025-08-15,2025-08-25,0.0469483790671487,2025,2025-06-30,learned_order_extension,20260912,0.40919171124914755,0.40919171124914755,0,1
fixed_transform_step50,3538,2025-08-22,2025-09-01,0.0227770368340847,2025,2025-06-30,learned_order_extension,20260912,0.29773587153316905,0.29773587153316905,0,1
fixed_transform_step50,3543,2025-08-29,2025-09-08,-0.0110053842475337,2025,2025-06-30,learned_order_extension,20260912,0.641281582773206,0.641281582773206,1,0
fixed_transform_step50,3548,2025-09-05,2025-09-15,0.0151594857594405,2025,2025-06-30,learned_order_extension,20260912,0.3837480602990862,0.3837480602990862,0,1
fixed_transform_step50,3553,2025-09-12,2025-09-22,-0.0050409160971932,2025,2025-06-30,learned_order_extension,20260912,0.5635396585341337,0.5635396585341337,1,0
fixed_transform_step50,3558,2025-09-19,2025-09-29,0.0095300784790881,2025,2025-06-30,learned_order_extension,20260912,0.310256674574941,0.310256674574941,0,1
fixed_transform_step50,3563,2025-09-26,2025-10-13,-0.0140855274279203,2025,2025-06-30,learned_order_extension,20260912,0.4716393530393711,0.4716393530393711,0,0
fixed_transform_step50,3503,2025-07-04,2025-07-14,0.0110426949002964,2025,2025-06-30,learned_order_offset,20260912,0.4149701174935684,0.4149701174935684,0,1
fixed_transform_step50,3508,2025-07-11,2025-07-21,0.0120759671840067,2025,2025-06-30,learned_order_offset,20260912,0.5188590124810853,0.5188590124810853,1,1
fixed_transform_step50,3513,2025-07-18,2025-07-28,0.0143570766898375,2025,2025-06-30,learned_order_offset,20260912,0.6734298406551726,0.6734298406551726,1,1
fixed_transform_step50,3518,2025-07-25,2025-08-04,-0.0218642507630443,2025,2025-06-30,learned_order_offset,20260912,0.42761928050206016,0.42761928050206016,0,0
fixed_transform_step50,3523,2025-08-01,2025-08-11,0.0179175520190988,2025,2025-06-30,learned_order_offset,20260912,0.4831753054265003,0.4831753054265003,0,1
fixed_transform_step50,3528,2025-08-08,2025-08-18,0.026265786598999,2025,2025-06-30,learned_order_offset,20260912,0.258973433284854,0.258973433284854,0,1
fixed_transform_step50,3533,2025-08-15,2025-08-25,0.0469483790671487,2025,2025-06-30,learned_order_offset,20260912,0.4063572208567212,0.4063572208567212,0,1
fixed_transform_step50,3538,2025-08-22,2025-09-01,0.0227770368340847,2025,2025-06-30,learned_order_offset,20260912,0.2977980132842816,0.2977980132842816,0,1
fixed_transform_step50,3543,2025-08-29,2025-09-08,-0.0110053842475337,2025,2025-06-30,learned_order_offset,20260912,0.6364569709031939,0.6364569709031939,1,0
fixed_transform_step50,3548,2025-09-05,2025-09-15,0.0151594857594405,2025,2025-06-30,learned_order_offset,20260912,0.3838710018786784,0.3838710018786784,0,1
fixed_transform_step50,3553,2025-09-12,2025-09-22,-0.0050409160971932,2025,2025-06-30,learned_order_offset,20260912,0.5636679034814294,0.5636679034814294,1,0
fixed_transform_step50,3558,2025-09-19,2025-09-29,0.0095300784790881,2025,2025-06-30,learned_order_offset,20260912,0.31274991981532074,0.31274991981532074,0,1
fixed_transform_step50,3563,2025-09-26,2025-10-13,-0.0140855274279203,2025,2025-06-30,learned_order_offset,20260912,0.47410143184113485,0.47410143184113485,0,0
fixed_transform_step50,3567,2025-10-10,2025-10-20,0.015001547584321,2025,2025-09-30,learned_market,20260910,0.4681542212026953,0.4681542212026953,0,1
fixed_transform_step50,3572,2025-10-17,2025-10-27,0.0309637052897611,2025,2025-09-30,learned_market,20260910,0.4497003915075076,0.4497003915075076,0,1
fixed_transform_step50,3577,2025-10-24,2025-11-03,-0.013331545863497,2025,2025-09-30,learned_market,20260910,0.46096136299808604,0.46096136299808604,0,0
fixed_transform_step50,3582,2025-10-31,2025-11-10,0.0110832418536339,2025,2025-09-30,learned_market,20260910,0.46854465712410587,0.46854465712410587,0,1
fixed_transform_step50,3587,2025-11-07,2025-11-17,-0.0152107881197579,2025,2025-09-30,learned_market,20260910,0.4670845937156269,0.4670845937156269,0,0
fixed_transform_step50,3592,2025-11-14,2025-11-24,-0.031114557454173,2025,2025-09-30,learned_market,20260910,0.4310855929607786,0.4310855929607786,0,0
fixed_transform_step50,3597,2025-11-21,2025-12-01,0.0147613767448515,2025,2025-09-30,learned_market,20260910,0.39202269521975175,0.39202269521975175,0,1
fixed_transform_step50,3602,2025-11-28,2025-12-08,0.0118853804313106,2025,2025-09-30,learned_market,20260910,0.3901229997015354,0.3901229997015354,0,1
fixed_transform_step50,3607,2025-12-05,2025-12-15,-0.0093922675990717,2025,2025-09-30,learned_market,20260910,0.40079249988871835,0.40079249988871835,0,0
fixed_transform_step50,3612,2025-12-12,2025-12-22,0.0082791208791208,2025,2025-09-30,learned_market,20260910,0.4135982495488224,0.4135982495488224,0,1
fixed_transform_step50,3617,2025-12-19,2025-12-29,0.0153890755001995,2025,2025-09-30,learned_market,20260910,0.5992648032626714,0.5992648032626714,1,1
fixed_transform_step50,3622,2025-12-26,2026-01-12,0.0239101640737868,2025,2025-09-30,learned_market,20260910,0.349655347928016,0.349655347928016,0,1
fixed_transform_step50,3567,2025-10-10,2025-10-20,0.015001547584321,2025,2025-09-30,learned_vol_interaction,20260910,0.46770321630166606,0.46770321630166606,0,1
fixed_transform_step50,3572,2025-10-17,2025-10-27,0.0309637052897611,2025,2025-09-30,learned_vol_interaction,20260910,0.44475488572448624,0.44475488572448624,0,1
fixed_transform_step50,3577,2025-10-24,2025-11-03,-0.013331545863497,2025,2025-09-30,learned_vol_interaction,20260910,0.45953361660672876,0.45953361660672876,0,0
fixed_transform_step50,3582,2025-10-31,2025-11-10,0.0110832418536339,2025,2025-09-30,learned_vol_interaction,20260910,0.48087312666130194,0.48087312666130194,0,1
fixed_transform_step50,3587,2025-11-07,2025-11-17,-0.0152107881197579,2025,2025-09-30,learned_vol_interaction,20260910,0.46075286725787845,0.46075286725787845,0,0
fixed_transform_step50,3592,2025-11-14,2025-11-24,-0.031114557454173,2025,2025-09-30,learned_vol_interaction,20260910,0.43200764742288267,0.43200764742288267,0,0
fixed_transform_step50,3597,2025-11-21,2025-12-01,0.0147613767448515,2025,2025-09-30,learned_vol_interaction,20260910,0.3997411318103574,0.3997411318103574,0,1
fixed_transform_step50,3602,2025-11-28,2025-12-08,0.0118853804313106,2025,2025-09-30,learned_vol_interaction,20260910,0.3764441359533637,0.3764441359533637,0,1
fixed_transform_step50,3607,2025-12-05,2025-12-15,-0.0093922675990717,2025,2025-09-30,learned_vol_interaction,20260910,0.40466269934103044,0.40466269934103044,0,0
fixed_transform_step50,3612,2025-12-12,2025-12-22,0.0082791208791208,2025,2025-09-30,learned_vol_interaction,20260910,0.41510381313629807,0.41510381313629807,0,1
fixed_transform_step50,3617,2025-12-19,2025-12-29,0.0153890755001995,2025,2025-09-30,learned_vol_interaction,20260910,0.6128043880974254,0.6128043880974254,1,1
fixed_transform_step50,3622,2025-12-26,2026-01-12,0.0239101640737868,2025,2025-09-30,learned_vol_interaction,20260910,0.33563379233432833,0.33563379233432833,0,1
fixed_transform_step50,3567,2025-10-10,2025-10-20,0.015001547584321,2025,2025-09-30,learned_order_extension,20260910,0.46346942069228914,0.46346942069228914,0,1
fixed_transform_step50,3572,2025-10-17,2025-10-27,0.0309637052897611,2025,2025-09-30,learned_order_extension,20260910,0.4420394480297142,0.4420394480297142,0,1
fixed_transform_step50,3577,2025-10-24,2025-11-03,-0.013331545863497,2025,2025-09-30,learned_order_extension,20260910,0.45159436409348397,0.45159436409348397,0,0
fixed_transform_step50,3582,2025-10-31,2025-11-10,0.0110832418536339,2025,2025-09-30,learned_order_extension,20260910,0.4642423073212477,0.4642423073212477,0,1
fixed_transform_step50,3587,2025-11-07,2025-11-17,-0.0152107881197579,2025,2025-09-30,learned_order_extension,20260910,0.43303832828923206,0.43303832828923206,0,0
fixed_transform_step50,3592,2025-11-14,2025-11-24,-0.031114557454173,2025,2025-09-30,learned_order_extension,20260910,0.40311160972114823,0.40311160972114823,0,0
fixed_transform_step50,3597,2025-11-21,2025-12-01,0.0147613767448515,2025,2025-09-30,learned_order_extension,20260910,0.37663836762962116,0.37663836762962116,0,1
fixed_transform_step50,3602,2025-11-28,2025-12-08,0.0118853804313106,2025,2025-09-30,learned_order_extension,20260910,0.3352817755062036,0.3352817755062036,0,1
fixed_transform_step50,3607,2025-12-05,2025-12-15,-0.0093922675990717,2025,2025-09-30,learned_order_extension,20260910,0.37185199741866365,0.37185199741866365,0,0
fixed_transform_step50,3612,2025-12-12,2025-12-22,0.0082791208791208,2025,2025-09-30,learned_order_extension,20260910,0.40991952436561746,0.40991952436561746,0,1
fixed_transform_step50,3617,2025-12-19,2025-12-29,0.0153890755001995,2025,2025-09-30,learned_order_extension,20260910,0.6636880938394137,0.6636880938394137,1,1
fixed_transform_step50,3622,2025-12-26,2026-01-12,0.0239101640737868,2025,2025-09-30,learned_order_extension,20260910,0.33100460957334854,0.33100460957334854,0,1
fixed_transform_step50,3567,2025-10-10,2025-10-20,0.015001547584321,2025,2025-09-30,learned_order_offset,20260910,0.4602616007809766,0.4602616007809766,0,1
fixed_transform_step50,3572,2025-10-17,2025-10-27,0.0309637052897611,2025,2025-09-30,learned_order_offset,20260910,0.43881762587451356,0.43881762587451356,0,1
fixed_transform_step50,3577,2025-10-24,2025-11-03,-0.013331545863497,2025,2025-09-30,learned_order_offset,20260910,0.4491704179951795,0.4491704179951795,0,0
fixed_transform_step50,3582,2025-10-31,2025-11-10,0.0110832418536339,2025,2025-09-30,learned_order_offset,20260910,0.4614757772963124,0.4614757772963124,0,1
fixed_transform_step50,3587,2025-11-07,2025-11-17,-0.0152107881197579,2025,2025-09-30,learned_order_offset,20260910,0.4313998323759579,0.4313998323759579,0,0
fixed_transform_step50,3592,2025-11-14,2025-11-24,-0.031114557454173,2025,2025-09-30,learned_order_offset,20260910,0.40232580744952673,0.40232580744952673,0,0
fixed_transform_step50,3597,2025-11-21,2025-12-01,0.0147613767448515,2025,2025-09-30,learned_order_offset,20260910,0.37602904513998914,0.37602904513998914,0,1
fixed_transform_step50,3602,2025-11-28,2025-12-08,0.0118853804313106,2025,2025-09-30,learned_order_offset,20260910,0.3356602049719659,0.3356602049719659,0,1
fixed_transform_step50,3607,2025-12-05,2025-12-15,-0.0093922675990717,2025,2025-09-30,learned_order_offset,20260910,0.3710582829730242,0.3710582829730242,0,0
fixed_transform_step50,3612,2025-12-12,2025-12-22,0.0082791208791208,2025,2025-09-30,learned_order_offset,20260910,0.40933039885769906,0.40933039885769906,0,1
fixed_transform_step50,3617,2025-12-19,2025-12-29,0.0153890755001995,2025,2025-09-30,learned_order_offset,20260910,0.6634631265714204,0.6634631265714204,1,1
fixed_transform_step50,3622,2025-12-26,2026-01-12,0.0239101640737868,2025,2025-09-30,learned_order_offset,20260910,0.33270370764805396,0.33270370764805396,0,1
fixed_transform_step50,3567,2025-10-10,2025-10-20,0.015001547584321,2025,2025-09-30,learned_market,20260911,0.401941975067087,0.401941975067087,0,1
fixed_transform_step50,3572,2025-10-17,2025-10-27,0.0309637052897611,2025,2025-09-30,learned_market,20260911,0.40670926997044526,0.40670926997044526,0,1
fixed_transform_step50,3577,2025-10-24,2025-11-03,-0.013331545863497,2025,2025-09-30,learned_market,20260911,0.47826399525381014,0.47826399525381014,0,0
fixed_transform_step50,3582,2025-10-31,2025-11-10,0.0110832418536339,2025,2025-09-30,learned_market,20260911,0.45714721938219605,0.45714721938219605,0,1
fixed_transform_step50,3587,2025-11-07,2025-11-17,-0.0152107881197579,2025,2025-09-30,learned_market,20260911,0.4455548750607965,0.4455548750607965,0,0
fixed_transform_step50,3592,2025-11-14,2025-11-24,-0.031114557454173,2025,2025-09-30,learned_market,20260911,0.3649035580378184,0.3649035580378184,0,0
fixed_transform_step50,3597,2025-11-21,2025-12-01,0.0147613767448515,2025,2025-09-30,learned_market,20260911,0.40700553343563195,0.40700553343563195,0,1
fixed_transform_step50,3602,2025-11-28,2025-12-08,0.0118853804313106,2025,2025-09-30,learned_market,20260911,0.41360130189973004,0.41360130189973004,0,1
fixed_transform_step50,3607,2025-12-05,2025-12-15,-0.0093922675990717,2025,2025-09-30,learned_market,20260911,0.454412540112374,0.454412540112374,0,0
fixed_transform_step50,3612,2025-12-12,2025-12-22,0.0082791208791208,2025,2025-09-30,learned_market,20260911,0.4542966653355204,0.4542966653355204,0,1
fixed_transform_step50,3617,2025-12-19,2025-12-29,0.0153890755001995,2025,2025-09-30,learned_market,20260911,0.53097667135732,0.53097667135732,1,1
fixed_transform_step50,3622,2025-12-26,2026-01-12,0.0239101640737868,2025,2025-09-30,learned_market,20260911,0.5317877158914571,0.5317877158914571,1,1
fixed_transform_step50,3567,2025-10-10,2025-10-20,0.015001547584321,2025,2025-09-30,learned_vol_interaction,20260911,0.3985093845810408,0.3985093845810408,0,1
fixed_transform_step50,3572,2025-10-17,2025-10-27,0.0309637052897611,2025,2025-09-30,learned_vol_interaction,20260911,0.40313985751074444,0.40313985751074444,0,1
fixed_transform_step50,3577,2025-10-24,2025-11-03,-0.013331545863497,2025,2025-09-30,learned_vol_interaction,20260911,0.47265051350206216,0.47265051350206216,0,0
fixed_transform_step50,3582,2025-10-31,2025-11-10,0.0110832418536339,2025,2025-09-30,learned_vol_interaction,20260911,0.4530887973479845,0.4530887973479845,0,1
fixed_transform_step50,3587,2025-11-07,2025-11-17,-0.0152107881197579,2025,2025-09-30,learned_vol_interaction,20260911,0.4401875913930949,0.4401875913930949,0,0
fixed_transform_step50,3592,2025-11-14,2025-11-24,-0.031114557454173,2025,2025-09-30,learned_vol_interaction,20260911,0.36284327204988914,0.36284327204988914,0,0
fixed_transform_step50,3597,2025-11-21,2025-12-01,0.0147613767448515,2025,2025-09-30,learned_vol_interaction,20260911,0.4036715075761188,0.4036715075761188,0,1
fixed_transform_step50,3602,2025-11-28,2025-12-08,0.0118853804313106,2025,2025-09-30,learned_vol_interaction,20260911,0.4121983562634427,0.4121983562634427,0,1
fixed_transform_step50,3607,2025-12-05,2025-12-15,-0.0093922675990717,2025,2025-09-30,learned_vol_interaction,20260911,0.45391672550950546,0.45391672550950546,0,0
fixed_transform_step50,3612,2025-12-12,2025-12-22,0.0082791208791208,2025,2025-09-30,learned_vol_interaction,20260911,0.45561931960359836,0.45561931960359836,0,1
fixed_transform_step50,3617,2025-12-19,2025-12-29,0.0153890755001995,2025,2025-09-30,learned_vol_interaction,20260911,0.5452572763945014,0.5452572763945014,1,1
fixed_transform_step50,3622,2025-12-26,2026-01-12,0.0239101640737868,2025,2025-09-30,learned_vol_interaction,20260911,0.5403261267899391,0.5403261267899391,1,1
fixed_transform_step50,3567,2025-10-10,2025-10-20,0.015001547584321,2025,2025-09-30,learned_order_extension,20260911,0.4050302164825713,0.4050302164825713,0,1
fixed_transform_step50,3572,2025-10-17,2025-10-27,0.0309637052897611,2025,2025-09-30,learned_order_extension,20260911,0.4050541885752406,0.4050541885752406,0,1
fixed_transform_step50,3577,2025-10-24,2025-11-03,-0.013331545863497,2025,2025-09-30,learned_order_extension,20260911,0.4781985240724007,0.4781985240724007,0,0
fixed_transform_step50,3582,2025-10-31,2025-11-10,0.0110832418536339,2025,2025-09-30,learned_order_extension,20260911,0.46025507750131467,0.46025507750131467,0,1
fixed_transform_step50,3587,2025-11-07,2025-11-17,-0.0152107881197579,2025,2025-09-30,learned_order_extension,20260911,0.4493967128272979,0.4493967128272979,0,0
fixed_transform_step50,3592,2025-11-14,2025-11-24,-0.031114557454173,2025,2025-09-30,learned_order_extension,20260911,0.37776592683493027,0.37776592683493027,0,0
fixed_transform_step50,3597,2025-11-21,2025-12-01,0.0147613767448515,2025,2025-09-30,learned_order_extension,20260911,0.40384630175265485,0.40384630175265485,0,1
fixed_transform_step50,3602,2025-11-28,2025-12-08,0.0118853804313106,2025,2025-09-30,learned_order_extension,20260911,0.40677909296525655,0.40677909296525655,0,1
fixed_transform_step50,3607,2025-12-05,2025-12-15,-0.0093922675990717,2025,2025-09-30,learned_order_extension,20260911,0.4455670007121476,0.4455670007121476,0,0
fixed_transform_step50,3612,2025-12-12,2025-12-22,0.0082791208791208,2025,2025-09-30,learned_order_extension,20260911,0.4438277722499953,0.4438277722499953,0,1
fixed_transform_step50,3617,2025-12-19,2025-12-29,0.0153890755001995,2025,2025-09-30,learned_order_extension,20260911,0.5258624449302188,0.5258624449302188,1,1
fixed_transform_step50,3622,2025-12-26,2026-01-12,0.0239101640737868,2025,2025-09-30,learned_order_extension,20260911,0.5355286180904022,0.5355286180904022,1,1
fixed_transform_step50,3567,2025-10-10,2025-10-20,0.015001547584321,2025,2025-09-30,learned_order_offset,20260911,0.4076610747050704,0.4076610747050704,0,1
fixed_transform_step50,3572,2025-10-17,2025-10-27,0.0309637052897611,2025,2025-09-30,learned_order_offset,20260911,0.40711561695422765,0.40711561695422765,0,1
fixed_transform_step50,3577,2025-10-24,2025-11-03,-0.013331545863497,2025,2025-09-30,learned_order_offset,20260911,0.48020073031198957,0.48020073031198957,0,0
fixed_transform_step50,3582,2025-10-31,2025-11-10,0.0110832418536339,2025,2025-09-30,learned_order_offset,20260911,0.4616069660078556,0.4616069660078556,0,1
fixed_transform_step50,3587,2025-11-07,2025-11-17,-0.0152107881197579,2025,2025-09-30,learned_order_offset,20260911,0.4509312333679361,0.4509312333679361,0,0
fixed_transform_step50,3592,2025-11-14,2025-11-24,-0.031114557454173,2025,2025-09-30,learned_order_offset,20260911,0.3787188016302763,0.3787188016302763,0,0
fixed_transform_step50,3597,2025-11-21,2025-12-01,0.0147613767448515,2025,2025-09-30,learned_order_offset,20260911,0.4032458128274015,0.4032458128274015,0,1
fixed_transform_step50,3602,2025-11-28,2025-12-08,0.0118853804313106,2025,2025-09-30,learned_order_offset,20260911,0.40636769384766075,0.40636769384766075,0,1
fixed_transform_step50,3607,2025-12-05,2025-12-15,-0.0093922675990717,2025,2025-09-30,learned_order_offset,20260911,0.44513990048836616,0.44513990048836616,0,0
fixed_transform_step50,3612,2025-12-12,2025-12-22,0.0082791208791208,2025,2025-09-30,learned_order_offset,20260911,0.44271480411024616,0.44271480411024616,0,1
fixed_transform_step50,3617,2025-12-19,2025-12-29,0.0153890755001995,2025,2025-09-30,learned_order_offset,20260911,0.5267211789971231,0.5267211789971231,1,1
fixed_transform_step50,3622,2025-12-26,2026-01-12,0.0239101640737868,2025,2025-09-30,learned_order_offset,20260911,0.5340161742131904,0.5340161742131904,1,1
fixed_transform_step50,3567,2025-10-10,2025-10-20,0.015001547584321,2025,2025-09-30,learned_market,20260912,0.4065070229950775,0.4065070229950775,0,1
fixed_transform_step50,3572,2025-10-17,2025-10-27,0.0309637052897611,2025,2025-09-30,learned_market,20260912,0.33897233220018724,0.33897233220018724,0,1
fixed_transform_step50,3577,2025-10-24,2025-11-03,-0.013331545863497,2025,2025-09-30,learned_market,20260912,0.43859404638343513,0.43859404638343513,0,0
fixed_transform_step50,3582,2025-10-31,2025-11-10,0.0110832418536339,2025,2025-09-30,learned_market,20260912,0.4125710187903143,0.4125710187903143,0,1
fixed_transform_step50,3587,2025-11-07,2025-11-17,-0.0152107881197579,2025,2025-09-30,learned_market,20260912,0.6647945555535317,0.6647945555535317,1,0
fixed_transform_step50,3592,2025-11-14,2025-11-24,-0.031114557454173,2025,2025-09-30,learned_market,20260912,0.3699896631840296,0.3699896631840296,0,0
fixed_transform_step50,3597,2025-11-21,2025-12-01,0.0147613767448515,2025,2025-09-30,learned_market,20260912,0.48600585762290477,0.48600585762290477,0,1
fixed_transform_step50,3602,2025-11-28,2025-12-08,0.0118853804313106,2025,2025-09-30,learned_market,20260912,0.4200306154424851,0.4200306154424851,0,1
fixed_transform_step50,3607,2025-12-05,2025-12-15,-0.0093922675990717,2025,2025-09-30,learned_market,20260912,0.4217451541380457,0.4217451541380457,0,0
fixed_transform_step50,3612,2025-12-12,2025-12-22,0.0082791208791208,2025,2025-09-30,learned_market,20260912,0.6169518011773388,0.6169518011773388,1,1
fixed_transform_step50,3617,2025-12-19,2025-12-29,0.0153890755001995,2025,2025-09-30,learned_market,20260912,0.6117230678965534,0.6117230678965534,1,1
fixed_transform_step50,3622,2025-12-26,2026-01-12,0.0239101640737868,2025,2025-09-30,learned_market,20260912,0.5438075434038012,0.5438075434038012,1,1
fixed_transform_step50,3567,2025-10-10,2025-10-20,0.015001547584321,2025,2025-09-30,learned_vol_interaction,20260912,0.4040711429460411,0.4040711429460411,0,1
fixed_transform_step50,3572,2025-10-17,2025-10-27,0.0309637052897611,2025,2025-09-30,learned_vol_interaction,20260912,0.3373288639750976,0.3373288639750976,0,1
fixed_transform_step50,3577,2025-10-24,2025-11-03,-0.013331545863497,2025,2025-09-30,learned_vol_interaction,20260912,0.43678330594597115,0.43678330594597115,0,0
fixed_transform_step50,3582,2025-10-31,2025-11-10,0.0110832418536339,2025,2025-09-30,learned_vol_interaction,20260912,0.41080505773124815,0.41080505773124815,0,1
fixed_transform_step50,3587,2025-11-07,2025-11-17,-0.0152107881197579,2025,2025-09-30,learned_vol_interaction,20260912,0.6628334065241561,0.6628334065241561,1,0
fixed_transform_step50,3592,2025-11-14,2025-11-24,-0.031114557454173,2025,2025-09-30,learned_vol_interaction,20260912,0.36673701419757104,0.36673701419757104,0,0
fixed_transform_step50,3597,2025-11-21,2025-12-01,0.0147613767448515,2025,2025-09-30,learned_vol_interaction,20260912,0.4851493822536013,0.4851493822536013,0,1
fixed_transform_step50,3602,2025-11-28,2025-12-08,0.0118853804313106,2025,2025-09-30,learned_vol_interaction,20260912,0.42037742983645404,0.42037742983645404,0,1
fixed_transform_step50,3607,2025-12-05,2025-12-15,-0.0093922675990717,2025,2025-09-30,learned_vol_interaction,20260912,0.4213391271740217,0.4213391271740217,0,0
fixed_transform_step50,3612,2025-12-12,2025-12-22,0.0082791208791208,2025,2025-09-30,learned_vol_interaction,20260912,0.621081482103119,0.621081482103119,1,1
fixed_transform_step50,3617,2025-12-19,2025-12-29,0.0153890755001995,2025,2025-09-30,learned_vol_interaction,20260912,0.6170898359295104,0.6170898359295104,1,1
fixed_transform_step50,3622,2025-12-26,2026-01-12,0.0239101640737868,2025,2025-09-30,learned_vol_interaction,20260912,0.5451307561457581,0.5451307561457581,1,1
fixed_transform_step50,3567,2025-10-10,2025-10-20,0.015001547584321,2025,2025-09-30,learned_order_extension,20260912,0.3847109379510778,0.3847109379510778,0,1
fixed_transform_step50,3572,2025-10-17,2025-10-27,0.0309637052897611,2025,2025-09-30,learned_order_extension,20260912,0.33744298101982106,0.33744298101982106,0,1
fixed_transform_step50,3577,2025-10-24,2025-11-03,-0.013331545863497,2025,2025-09-30,learned_order_extension,20260912,0.4278671255213428,0.4278671255213428,0,0
fixed_transform_step50,3582,2025-10-31,2025-11-10,0.0110832418536339,2025,2025-09-30,learned_order_extension,20260912,0.3874645408603884,0.3874645408603884,0,1
fixed_transform_step50,3587,2025-11-07,2025-11-17,-0.0152107881197579,2025,2025-09-30,learned_order_extension,20260912,0.7153794687107953,0.7153794687107953,1,0
fixed_transform_step50,3592,2025-11-14,2025-11-24,-0.031114557454173,2025,2025-09-30,learned_order_extension,20260912,0.332004689784235,0.332004689784235,0,0
fixed_transform_step50,3597,2025-11-21,2025-12-01,0.0147613767448515,2025,2025-09-30,learned_order_extension,20260912,0.5128565769956075,0.5128565769956075,1,1
fixed_transform_step50,3602,2025-11-28,2025-12-08,0.0118853804313106,2025,2025-09-30,learned_order_extension,20260912,0.42733336700054525,0.42733336700054525,0,1
fixed_transform_step50,3607,2025-12-05,2025-12-15,-0.0093922675990717,2025,2025-09-30,learned_order_extension,20260912,0.43162780640627363,0.43162780640627363,0,0
fixed_transform_step50,3612,2025-12-12,2025-12-22,0.0082791208791208,2025,2025-09-30,learned_order_extension,20260912,0.6785560217299099,0.6785560217299099,1,1
fixed_transform_step50,3617,2025-12-19,2025-12-29,0.0153890755001995,2025,2025-09-30,learned_order_extension,20260912,0.6795644307351499,0.6795644307351499,1,1
fixed_transform_step50,3622,2025-12-26,2026-01-12,0.0239101640737868,2025,2025-09-30,learned_order_extension,20260912,0.5620276780884486,0.5620276780884486,1,1
fixed_transform_step50,3567,2025-10-10,2025-10-20,0.015001547584321,2025,2025-09-30,learned_order_offset,20260912,0.3817877049495655,0.3817877049495655,0,1
fixed_transform_step50,3572,2025-10-17,2025-10-27,0.0309637052897611,2025,2025-09-30,learned_order_offset,20260912,0.33714072687323354,0.33714072687323354,0,1
fixed_transform_step50,3577,2025-10-24,2025-11-03,-0.013331545863497,2025,2025-09-30,learned_order_offset,20260912,0.4270823362646169,0.4270823362646169,0,0
fixed_transform_step50,3582,2025-10-31,2025-11-10,0.0110832418536339,2025,2025-09-30,learned_order_offset,20260912,0.3868834584172724,0.3868834584172724,0,1
fixed_transform_step50,3587,2025-11-07,2025-11-17,-0.0152107881197579,2025,2025-09-30,learned_order_offset,20260912,0.713306771425706,0.713306771425706,1,0
fixed_transform_step50,3592,2025-11-14,2025-11-24,-0.031114557454173,2025,2025-09-30,learned_order_offset,20260912,0.33366646904490493,0.33366646904490493,0,0
fixed_transform_step50,3597,2025-11-21,2025-12-01,0.0147613767448515,2025,2025-09-30,learned_order_offset,20260912,0.5174460023857961,0.5174460023857961,1,1
fixed_transform_step50,3602,2025-11-28,2025-12-08,0.0118853804313106,2025,2025-09-30,learned_order_offset,20260912,0.43146805522856446,0.43146805522856446,0,1
fixed_transform_step50,3607,2025-12-05,2025-12-15,-0.0093922675990717,2025,2025-09-30,learned_order_offset,20260912,0.43476910493121534,0.43476910493121534,0,0
fixed_transform_step50,3612,2025-12-12,2025-12-22,0.0082791208791208,2025,2025-09-30,learned_order_offset,20260912,0.6817321982358293,0.6817321982358293,1,1
fixed_transform_step50,3617,2025-12-19,2025-12-29,0.0153890755001995,2025,2025-09-30,learned_order_offset,20260912,0.6806305555424856,0.6806305555424856,1,1
fixed_transform_step50,3622,2025-12-26,2026-01-12,0.0239101640737868,2025,2025-09-30,learned_order_offset,20260912,0.567832122498176,0.567832122498176,1,1
fixed_transform_step50,3630,2026-01-09,2026-01-19,-0.0103697336282536,2026,2025-12-31,learned_market,20260910,0.5209270458842004,0.5209270458842004,1,0
fixed_transform_step50,3635,2026-01-16,2026-01-26,-0.0010190267764643,2026,2025-12-31,learned_market,20260910,0.5197139065453521,0.5197139065453521,1,0
fixed_transform_step50,3640,2026-01-23,2026-02-02,-0.0087161586128796,2026,2025-12-31,learned_market,20260910,0.2755814653004309,0.2755814653004309,0,0
fixed_transform_step50,3645,2026-01-30,2026-02-09,0.0041482324550519,2026,2025-12-31,learned_market,20260910,0.41561123934774186,0.41561123934774186,0,1
fixed_transform_step50,3650,2026-02-06,2026-02-24,0.0071649689901505,2026,2025-12-31,learned_market,20260910,0.5571228245636697,0.5571228245636697,1,1
fixed_transform_step50,3655,2026-02-13,2026-03-02,-0.0097920588919678,2026,2025-12-31,learned_market,20260910,0.4304939364707622,0.4304939364707622,0,0
fixed_transform_step50,3659,2026-02-27,2026-03-09,-0.0172526869201304,2026,2025-12-31,learned_market,20260910,0.5160143853208942,0.5160143853208942,1,0
fixed_transform_step50,3664,2026-03-06,2026-03-16,0.0149926634422041,2026,2025-12-31,learned_market,20260910,0.4236869357819852,0.4236869357819852,0,1
fixed_transform_step50,3669,2026-03-13,2026-03-23,-0.0364343509194254,2026,2025-12-31,learned_market,20260910,0.40086366037455606,0.40086366037455606,0,0
fixed_transform_step50,3674,2026-03-20,2026-03-30,-0.0083038829988221,2026,2025-12-31,learned_market,20260910,0.43855196230093557,0.43855196230093557,0,0
fixed_transform_step50,3679,2026-03-27,2026-04-07,-0.0035591495694504,2026,2025-12-31,learned_market,20260910,0.5651756750942187,0.5651756750942187,1,0
fixed_transform_step50,3630,2026-01-09,2026-01-19,-0.0103697336282536,2026,2025-12-31,learned_vol_interaction,20260910,0.5249822005515526,0.5249822005515526,1,0
fixed_transform_step50,3635,2026-01-16,2026-01-26,-0.0010190267764643,2026,2025-12-31,learned_vol_interaction,20260910,0.5217999415123397,0.5217999415123397,1,0
fixed_transform_step50,3640,2026-01-23,2026-02-02,-0.0087161586128796,2026,2025-12-31,learned_vol_interaction,20260910,0.2703686171181188,0.2703686171181188,0,0
fixed_transform_step50,3645,2026-01-30,2026-02-09,0.0041482324550519,2026,2025-12-31,learned_vol_interaction,20260910,0.4125281641526105,0.4125281641526105,0,1
fixed_transform_step50,3650,2026-02-06,2026-02-24,0.0071649689901505,2026,2025-12-31,learned_vol_interaction,20260910,0.5560675092745206,0.5560675092745206,1,1
fixed_transform_step50,3655,2026-02-13,2026-03-02,-0.0097920588919678,2026,2025-12-31,learned_vol_interaction,20260910,0.4244643603856174,0.4244643603856174,0,0
fixed_transform_step50,3659,2026-02-27,2026-03-09,-0.0172526869201304,2026,2025-12-31,learned_vol_interaction,20260910,0.5169468531475478,0.5169468531475478,1,0
fixed_transform_step50,3664,2026-03-06,2026-03-16,0.0149926634422041,2026,2025-12-31,learned_vol_interaction,20260910,0.42392001130005047,0.42392001130005047,0,1
fixed_transform_step50,3669,2026-03-13,2026-03-23,-0.0364343509194254,2026,2025-12-31,learned_vol_interaction,20260910,0.3996582436829412,0.3996582436829412,0,0
fixed_transform_step50,3674,2026-03-20,2026-03-30,-0.0083038829988221,2026,2025-12-31,learned_vol_interaction,20260910,0.4401239045442557,0.4401239045442557,0,0
fixed_transform_step50,3679,2026-03-27,2026-04-07,-0.0035591495694504,2026,2025-12-31,learned_vol_interaction,20260910,0.5634266232389387,0.5634266232389387,1,0
fixed_transform_step50,3630,2026-01-09,2026-01-19,-0.0103697336282536,2026,2025-12-31,learned_order_extension,20260910,0.5118603699776423,0.5118603699776423,1,0
fixed_transform_step50,3635,2026-01-16,2026-01-26,-0.0010190267764643,2026,2025-12-31,learned_order_extension,20260910,0.5121161981098539,0.5121161981098539,1,0
fixed_transform_step50,3640,2026-01-23,2026-02-02,-0.0087161586128796,2026,2025-12-31,learned_order_extension,20260910,0.2938325386236829,0.2938325386236829,0,0
fixed_transform_step50,3645,2026-01-30,2026-02-09,0.0041482324550519,2026,2025-12-31,learned_order_extension,20260910,0.43621861720931454,0.43621861720931454,0,1
fixed_transform_step50,3650,2026-02-06,2026-02-24,0.0071649689901505,2026,2025-12-31,learned_order_extension,20260910,0.5517322930511716,0.5517322930511716,1,1
fixed_transform_step50,3655,2026-02-13,2026-03-02,-0.0097920588919678,2026,2025-12-31,learned_order_extension,20260910,0.4214021419664105,0.4214021419664105,0,0
fixed_transform_step50,3659,2026-02-27,2026-03-09,-0.0172526869201304,2026,2025-12-31,learned_order_extension,20260910,0.5148692090014166,0.5148692090014166,1,0
fixed_transform_step50,3664,2026-03-06,2026-03-16,0.0149926634422041,2026,2025-12-31,learned_order_extension,20260910,0.43198850893548346,0.43198850893548346,0,1
fixed_transform_step50,3669,2026-03-13,2026-03-23,-0.0364343509194254,2026,2025-12-31,learned_order_extension,20260910,0.42629911883001154,0.42629911883001154,0,0
fixed_transform_step50,3674,2026-03-20,2026-03-30,-0.0083038829988221,2026,2025-12-31,learned_order_extension,20260910,0.4749564207401761,0.4749564207401761,0,0
fixed_transform_step50,3679,2026-03-27,2026-04-07,-0.0035591495694504,2026,2025-12-31,learned_order_extension,20260910,0.5307522668879032,0.5307522668879032,1,0
fixed_transform_step50,3630,2026-01-09,2026-01-19,-0.0103697336282536,2026,2025-12-31,learned_order_offset,20260910,0.5108025931769093,0.5108025931769093,1,0
fixed_transform_step50,3635,2026-01-16,2026-01-26,-0.0010190267764643,2026,2025-12-31,learned_order_offset,20260910,0.5113982623384066,0.5113982623384066,1,0
fixed_transform_step50,3640,2026-01-23,2026-02-02,-0.0087161586128796,2026,2025-12-31,learned_order_offset,20260910,0.2944555803643879,0.2944555803643879,0,0
fixed_transform_step50,3645,2026-01-30,2026-02-09,0.0041482324550519,2026,2025-12-31,learned_order_offset,20260910,0.43663121014690576,0.43663121014690576,0,1
fixed_transform_step50,3650,2026-02-06,2026-02-24,0.0071649689901505,2026,2025-12-31,learned_order_offset,20260910,0.5521384139661094,0.5521384139661094,1,1
fixed_transform_step50,3655,2026-02-13,2026-03-02,-0.0097920588919678,2026,2025-12-31,learned_order_offset,20260910,0.42280069136931375,0.42280069136931375,0,0
fixed_transform_step50,3659,2026-02-27,2026-03-09,-0.0172526869201304,2026,2025-12-31,learned_order_offset,20260910,0.5153156845902671,0.5153156845902671,1,0
fixed_transform_step50,3664,2026-03-06,2026-03-16,0.0149926634422041,2026,2025-12-31,learned_order_offset,20260910,0.43177972341367155,0.43177972341367155,0,1
fixed_transform_step50,3669,2026-03-13,2026-03-23,-0.0364343509194254,2026,2025-12-31,learned_order_offset,20260910,0.4256062271162684,0.4256062271162684,0,0
fixed_transform_step50,3674,2026-03-20,2026-03-30,-0.0083038829988221,2026,2025-12-31,learned_order_offset,20260910,0.47357009046646403,0.47357009046646403,0,0
fixed_transform_step50,3679,2026-03-27,2026-04-07,-0.0035591495694504,2026,2025-12-31,learned_order_offset,20260910,0.5299745221118999,0.5299745221118999,1,0
fixed_transform_step50,3630,2026-01-09,2026-01-19,-0.0103697336282536,2026,2025-12-31,learned_market,20260911,0.5413510609744506,0.5413510609744506,1,0
fixed_transform_step50,3635,2026-01-16,2026-01-26,-0.0010190267764643,2026,2025-12-31,learned_market,20260911,0.5314359715780813,0.5314359715780813,1,0
fixed_transform_step50,3640,2026-01-23,2026-02-02,-0.0087161586128796,2026,2025-12-31,learned_market,20260911,0.5322660389568398,0.5322660389568398,1,0
fixed_transform_step50,3645,2026-01-30,2026-02-09,0.0041482324550519,2026,2025-12-31,learned_market,20260911,0.45886324630014486,0.45886324630014486,0,1
fixed_transform_step50,3650,2026-02-06,2026-02-24,0.0071649689901505,2026,2025-12-31,learned_market,20260911,0.5329149888621901,0.5329149888621901,1,1
fixed_transform_step50,3655,2026-02-13,2026-03-02,-0.0097920588919678,2026,2025-12-31,learned_market,20260911,0.5096151640594386,0.5096151640594386,1,0
fixed_transform_step50,3659,2026-02-27,2026-03-09,-0.0172526869201304,2026,2025-12-31,learned_market,20260911,0.5369210179709557,0.5369210179709557,1,0
fixed_transform_step50,3664,2026-03-06,2026-03-16,0.0149926634422041,2026,2025-12-31,learned_market,20260911,0.6237121770434778,0.6237121770434778,1,1
fixed_transform_step50,3669,2026-03-13,2026-03-23,-0.0364343509194254,2026,2025-12-31,learned_market,20260911,0.45542191984179375,0.45542191984179375,0,0
fixed_transform_step50,3674,2026-03-20,2026-03-30,-0.0083038829988221,2026,2025-12-31,learned_market,20260911,0.46187353471109566,0.46187353471109566,0,0
fixed_transform_step50,3679,2026-03-27,2026-04-07,-0.0035591495694504,2026,2025-12-31,learned_market,20260911,0.4403313235638202,0.4403313235638202,0,0
fixed_transform_step50,3630,2026-01-09,2026-01-19,-0.0103697336282536,2026,2025-12-31,learned_vol_interaction,20260911,0.5419308229071979,0.5419308229071979,1,0
fixed_transform_step50,3635,2026-01-16,2026-01-26,-0.0010190267764643,2026,2025-12-31,learned_vol_interaction,20260911,0.5357337652448725,0.5357337652448725,1,0
fixed_transform_step50,3640,2026-01-23,2026-02-02,-0.0087161586128796,2026,2025-12-31,learned_vol_interaction,20260911,0.5371665022159147,0.5371665022159147,1,0
fixed_transform_step50,3645,2026-01-30,2026-02-09,0.0041482324550519,2026,2025-12-31,learned_vol_interaction,20260911,0.4536669400564477,0.4536669400564477,0,1
fixed_transform_step50,3650,2026-02-06,2026-02-24,0.0071649689901505,2026,2025-12-31,learned_vol_interaction,20260911,0.535655258471591,0.535655258471591,1,1
fixed_transform_step50,3655,2026-02-13,2026-03-02,-0.0097920588919678,2026,2025-12-31,learned_vol_interaction,20260911,0.5053590625088199,0.5053590625088199,1,0
fixed_transform_step50,3659,2026-02-27,2026-03-09,-0.0172526869201304,2026,2025-12-31,learned_vol_interaction,20260911,0.5322976681186429,0.5322976681186429,1,0
fixed_transform_step50,3664,2026-03-06,2026-03-16,0.0149926634422041,2026,2025-12-31,learned_vol_interaction,20260911,0.6174856955773433,0.6174856955773433,1,1
fixed_transform_step50,3669,2026-03-13,2026-03-23,-0.0364343509194254,2026,2025-12-31,learned_vol_interaction,20260911,0.44896092371547813,0.44896092371547813,0,0
fixed_transform_step50,3674,2026-03-20,2026-03-30,-0.0083038829988221,2026,2025-12-31,learned_vol_interaction,20260911,0.45425867209133697,0.45425867209133697,0,0
fixed_transform_step50,3679,2026-03-27,2026-04-07,-0.0035591495694504,2026,2025-12-31,learned_vol_interaction,20260911,0.43340188452247674,0.43340188452247674,0,0
fixed_transform_step50,3630,2026-01-09,2026-01-19,-0.0103697336282536,2026,2025-12-31,learned_order_extension,20260911,0.5459060256811782,0.5459060256811782,1,0
fixed_transform_step50,3635,2026-01-16,2026-01-26,-0.0010190267764643,2026,2025-12-31,learned_order_extension,20260911,0.5315584772037104,0.5315584772037104,1,0
fixed_transform_step50,3640,2026-01-23,2026-02-02,-0.0087161586128796,2026,2025-12-31,learned_order_extension,20260911,0.5380779045961513,0.5380779045961513,1,0
fixed_transform_step50,3645,2026-01-30,2026-02-09,0.0041482324550519,2026,2025-12-31,learned_order_extension,20260911,0.43274829616923166,0.43274829616923166,0,1
fixed_transform_step50,3650,2026-02-06,2026-02-24,0.0071649689901505,2026,2025-12-31,learned_order_extension,20260911,0.5358238036456818,0.5358238036456818,1,1
fixed_transform_step50,3655,2026-02-13,2026-03-02,-0.0097920588919678,2026,2025-12-31,learned_order_extension,20260911,0.5188075700840837,0.5188075700840837,1,0
fixed_transform_step50,3659,2026-02-27,2026-03-09,-0.0172526869201304,2026,2025-12-31,learned_order_extension,20260911,0.5395237482049954,0.5395237482049954,1,0
fixed_transform_step50,3664,2026-03-06,2026-03-16,0.0149926634422041,2026,2025-12-31,learned_order_extension,20260911,0.6721134681647395,0.6721134681647395,1,1
fixed_transform_step50,3669,2026-03-13,2026-03-23,-0.0364343509194254,2026,2025-12-31,learned_order_extension,20260911,0.44254310728173424,0.44254310728173424,0,0
fixed_transform_step50,3674,2026-03-20,2026-03-30,-0.0083038829988221,2026,2025-12-31,learned_order_extension,20260911,0.4378410999680901,0.4378410999680901,0,0
fixed_transform_step50,3679,2026-03-27,2026-04-07,-0.0035591495694504,2026,2025-12-31,learned_order_extension,20260911,0.4159760364157841,0.4159760364157841,0,0
fixed_transform_step50,3630,2026-01-09,2026-01-19,-0.0103697336282536,2026,2025-12-31,learned_order_offset,20260911,0.545843670764125,0.545843670764125,1,0
fixed_transform_step50,3635,2026-01-16,2026-01-26,-0.0010190267764643,2026,2025-12-31,learned_order_offset,20260911,0.5315791456859873,0.5315791456859873,1,0
fixed_transform_step50,3640,2026-01-23,2026-02-02,-0.0087161586128796,2026,2025-12-31,learned_order_offset,20260911,0.5378362799693707,0.5378362799693707,1,0
fixed_transform_step50,3645,2026-01-30,2026-02-09,0.0041482324550519,2026,2025-12-31,learned_order_offset,20260911,0.43267035311859725,0.43267035311859725,0,1
fixed_transform_step50,3650,2026-02-06,2026-02-24,0.0071649689901505,2026,2025-12-31,learned_order_offset,20260911,0.5355468761174008,0.5355468761174008,1,1
fixed_transform_step50,3655,2026-02-13,2026-03-02,-0.0097920588919678,2026,2025-12-31,learned_order_offset,20260911,0.5185004295200895,0.5185004295200895,1,0
fixed_transform_step50,3659,2026-02-27,2026-03-09,-0.0172526869201304,2026,2025-12-31,learned_order_offset,20260911,0.5394279755034715,0.5394279755034715,1,0
fixed_transform_step50,3664,2026-03-06,2026-03-16,0.0149926634422041,2026,2025-12-31,learned_order_offset,20260911,0.6720878025271129,0.6720878025271129,1,1
fixed_transform_step50,3669,2026-03-13,2026-03-23,-0.0364343509194254,2026,2025-12-31,learned_order_offset,20260911,0.44301866763301645,0.44301866763301645,0,0
fixed_transform_step50,3674,2026-03-20,2026-03-30,-0.0083038829988221,2026,2025-12-31,learned_order_offset,20260911,0.4379475907087764,0.4379475907087764,0,0
fixed_transform_step50,3679,2026-03-27,2026-04-07,-0.0035591495694504,2026,2025-12-31,learned_order_offset,20260911,0.4162726411546184,0.4162726411546184,0,0
fixed_transform_step50,3630,2026-01-09,2026-01-19,-0.0103697336282536,2026,2025-12-31,learned_market,20260912,0.5119803822427041,0.5119803822427041,1,0
fixed_transform_step50,3635,2026-01-16,2026-01-26,-0.0010190267764643,2026,2025-12-31,learned_market,20260912,0.5563532391014436,0.5563532391014436,1,0
fixed_transform_step50,3640,2026-01-23,2026-02-02,-0.0087161586128796,2026,2025-12-31,learned_market,20260912,0.47986345901765604,0.47986345901765604,0,0
fixed_transform_step50,3645,2026-01-30,2026-02-09,0.0041482324550519,2026,2025-12-31,learned_market,20260912,0.5030177692550698,0.5030177692550698,1,1
fixed_transform_step50,3650,2026-02-06,2026-02-24,0.0071649689901505,2026,2025-12-31,learned_market,20260912,0.43906676808287387,0.43906676808287387,0,1
fixed_transform_step50,3655,2026-02-13,2026-03-02,-0.0097920588919678,2026,2025-12-31,learned_market,20260912,0.431368044613122,0.431368044613122,0,0
fixed_transform_step50,3659,2026-02-27,2026-03-09,-0.0172526869201304,2026,2025-12-31,learned_market,20260912,0.48137527566018024,0.48137527566018024,0,0
fixed_transform_step50,3664,2026-03-06,2026-03-16,0.0149926634422041,2026,2025-12-31,learned_market,20260912,0.46731902499821354,0.46731902499821354,0,1
fixed_transform_step50,3669,2026-03-13,2026-03-23,-0.0364343509194254,2026,2025-12-31,learned_market,20260912,0.5227160800792146,0.5227160800792146,1,0
fixed_transform_step50,3674,2026-03-20,2026-03-30,-0.0083038829988221,2026,2025-12-31,learned_market,20260912,0.4464645109091068,0.4464645109091068,0,0
fixed_transform_step50,3679,2026-03-27,2026-04-07,-0.0035591495694504,2026,2025-12-31,learned_market,20260912,0.39113208857052434,0.39113208857052434,0,0
fixed_transform_step50,3630,2026-01-09,2026-01-19,-0.0103697336282536,2026,2025-12-31,learned_vol_interaction,20260912,0.5113420632666249,0.5113420632666249,1,0
fixed_transform_step50,3635,2026-01-16,2026-01-26,-0.0010190267764643,2026,2025-12-31,learned_vol_interaction,20260912,0.5720485316988371,0.5720485316988371,1,0
fixed_transform_step50,3640,2026-01-23,2026-02-02,-0.0087161586128796,2026,2025-12-31,learned_vol_interaction,20260912,0.46450523759698337,0.46450523759698337,0,0
fixed_transform_step50,3645,2026-01-30,2026-02-09,0.0041482324550519,2026,2025-12-31,learned_vol_interaction,20260912,0.5055364466448413,0.5055364466448413,1,1
fixed_transform_step50,3650,2026-02-06,2026-02-24,0.0071649689901505,2026,2025-12-31,learned_vol_interaction,20260912,0.42116451389141074,0.42116451389141074,0,1
fixed_transform_step50,3655,2026-02-13,2026-03-02,-0.0097920588919678,2026,2025-12-31,learned_vol_interaction,20260912,0.4216952789502379,0.4216952789502379,0,0
fixed_transform_step50,3659,2026-02-27,2026-03-09,-0.0172526869201304,2026,2025-12-31,learned_vol_interaction,20260912,0.46280074037648433,0.46280074037648433,0,0
fixed_transform_step50,3664,2026-03-06,2026-03-16,0.0149926634422041,2026,2025-12-31,learned_vol_interaction,20260912,0.4454734654507731,0.4454734654507731,0,1
fixed_transform_step50,3669,2026-03-13,2026-03-23,-0.0364343509194254,2026,2025-12-31,learned_vol_interaction,20260912,0.5162800418391823,0.5162800418391823,1,0
fixed_transform_step50,3674,2026-03-20,2026-03-30,-0.0083038829988221,2026,2025-12-31,learned_vol_interaction,20260912,0.44815597826032155,0.44815597826032155,0,0
fixed_transform_step50,3679,2026-03-27,2026-04-07,-0.0035591495694504,2026,2025-12-31,learned_vol_interaction,20260912,0.41145491799092687,0.41145491799092687,0,0
fixed_transform_step50,3630,2026-01-09,2026-01-19,-0.0103697336282536,2026,2025-12-31,learned_order_extension,20260912,0.5234527600872158,0.5234527600872158,1,0
fixed_transform_step50,3635,2026-01-16,2026-01-26,-0.0010190267764643,2026,2025-12-31,learned_order_extension,20260912,0.5847075352595175,0.5847075352595175,1,0
fixed_transform_step50,3640,2026-01-23,2026-02-02,-0.0087161586128796,2026,2025-12-31,learned_order_extension,20260912,0.4700767353741261,0.4700767353741261,0,0
fixed_transform_step50,3645,2026-01-30,2026-02-09,0.0041482324550519,2026,2025-12-31,learned_order_extension,20260912,0.5148835278265028,0.5148835278265028,1,1
fixed_transform_step50,3650,2026-02-06,2026-02-24,0.0071649689901505,2026,2025-12-31,learned_order_extension,20260912,0.4220765070574473,0.4220765070574473,0,1
fixed_transform_step50,3655,2026-02-13,2026-03-02,-0.0097920588919678,2026,2025-12-31,learned_order_extension,20260912,0.41397752179190594,0.41397752179190594,0,0
fixed_transform_step50,3659,2026-02-27,2026-03-09,-0.0172526869201304,2026,2025-12-31,learned_order_extension,20260912,0.45946498078572456,0.45946498078572456,0,0
fixed_transform_step50,3664,2026-03-06,2026-03-16,0.0149926634422041,2026,2025-12-31,learned_order_extension,20260912,0.44635455978232025,0.44635455978232025,0,1
fixed_transform_step50,3669,2026-03-13,2026-03-23,-0.0364343509194254,2026,2025-12-31,learned_order_extension,20260912,0.5383866937008707,0.5383866937008707,1,0
fixed_transform_step50,3674,2026-03-20,2026-03-30,-0.0083038829988221,2026,2025-12-31,learned_order_extension,20260912,0.43243079892634145,0.43243079892634145,0,0
fixed_transform_step50,3679,2026-03-27,2026-04-07,-0.0035591495694504,2026,2025-12-31,learned_order_extension,20260912,0.3847558274890985,0.3847558274890985,0,0
fixed_transform_step50,3630,2026-01-09,2026-01-19,-0.0103697336282536,2026,2025-12-31,learned_order_offset,20260912,0.5234772415055928,0.5234772415055928,1,0
fixed_transform_step50,3635,2026-01-16,2026-01-26,-0.0010190267764643,2026,2025-12-31,learned_order_offset,20260912,0.5844150879103954,0.5844150879103954,1,0
fixed_transform_step50,3640,2026-01-23,2026-02-02,-0.0087161586128796,2026,2025-12-31,learned_order_offset,20260912,0.46996206356235715,0.46996206356235715,0,0
fixed_transform_step50,3645,2026-01-30,2026-02-09,0.0041482324550519,2026,2025-12-31,learned_order_offset,20260912,0.514701020079869,0.514701020079869,1,1
fixed_transform_step50,3650,2026-02-06,2026-02-24,0.0071649689901505,2026,2025-12-31,learned_order_offset,20260912,0.42213589824970216,0.42213589824970216,0,1
fixed_transform_step50,3655,2026-02-13,2026-03-02,-0.0097920588919678,2026,2025-12-31,learned_order_offset,20260912,0.4139092534456115,0.4139092534456115,0,0
fixed_transform_step50,3659,2026-02-27,2026-03-09,-0.0172526869201304,2026,2025-12-31,learned_order_offset,20260912,0.4590491088219428,0.4590491088219428,0,0
fixed_transform_step50,3664,2026-03-06,2026-03-16,0.0149926634422041,2026,2025-12-31,learned_order_offset,20260912,0.4464707132363767,0.4464707132363767,0,1
fixed_transform_step50,3669,2026-03-13,2026-03-23,-0.0364343509194254,2026,2025-12-31,learned_order_offset,20260912,0.5384561051408137,0.5384561051408137,1,0
fixed_transform_step50,3674,2026-03-20,2026-03-30,-0.0083038829988221,2026,2025-12-31,learned_order_offset,20260912,0.43269622737784763,0.43269622737784763,0,0
fixed_transform_step50,3679,2026-03-27,2026-04-07,-0.0035591495694504,2026,2025-12-31,learned_order_offset,20260912,0.3852504154330894,0.3852504154330894,0,0
fixed_transform_step50,3684,2026-04-03,2026-04-13,0.0380736235508991,2026,2026-03-31,learned_market,20260910,0.5075341525366348,0.5075341525366348,1,1
fixed_transform_step50,3688,2026-04-10,2026-04-20,0.0242766725964382,2026,2026-03-31,learned_market,20260910,0.4291455351056698,0.4291455351056698,0,1
fixed_transform_step50,3693,2026-04-17,2026-04-27,0.010401572188011,2026,2026-03-31,learned_market,20260910,0.5272309502612874,0.5272309502612874,1,1
fixed_transform_step50,3698,2026-04-24,2026-05-11,0.0263674696524953,2026,2026-03-31,learned_market,20260910,0.5533445403750356,0.5533445403750356,1,1
fixed_transform_step50,3705,2026-05-08,2026-05-18,-0.0134529239455926,2026,2026-03-31,learned_market,20260910,0.7613084955093715,0.7613084955093715,1,0
fixed_transform_step50,3710,2026-05-15,2026-05-25,0.0076235492615268,2026,2026-03-31,learned_market,20260910,0.8065229281520723,0.8065229281520723,1,1
fixed_transform_step50,3715,2026-05-22,2026-06-01,0.005068538126898,2026,2026-03-31,learned_market,20260910,0.3398158647437141,0.3398158647437141,0,1
fixed_transform_step50,3720,2026-05-29,2026-06-08,-0.039635353927193,2026,2026-03-31,learned_market,20260910,0.4035336215202284,0.4035336215202284,0,0
fixed_transform_step50,3725,2026-06-05,2026-06-15,0.0266849782195981,2026,2026-03-31,learned_market,20260910,0.4501645330048826,0.4501645330048826,0,1
fixed_transform_step50,3730,2026-06-12,2026-06-29,0.0076098142791176,2026,2026-03-31,learned_market,20260910,0.433254911396198,0.433254911396198,0,1
fixed_transform_step50,3739,2026-06-26,2026-07-06,0.0005137647861506,2026,2026-03-31,learned_market,20260910,0.5011083138646114,0.5011083138646114,1,1
fixed_transform_step50,3684,2026-04-03,2026-04-13,0.0380736235508991,2026,2026-03-31,learned_vol_interaction,20260910,0.5093714626939941,0.5093714626939941,1,1
fixed_transform_step50,3688,2026-04-10,2026-04-20,0.0242766725964382,2026,2026-03-31,learned_vol_interaction,20260910,0.4366296004768835,0.4366296004768835,0,1
fixed_transform_step50,3693,2026-04-17,2026-04-27,0.010401572188011,2026,2026-03-31,learned_vol_interaction,20260910,0.5270106595912275,0.5270106595912275,1,1
fixed_transform_step50,3698,2026-04-24,2026-05-11,0.0263674696524953,2026,2026-03-31,learned_vol_interaction,20260910,0.555585769158346,0.555585769158346,1,1
fixed_transform_step50,3705,2026-05-08,2026-05-18,-0.0134529239455926,2026,2026-03-31,learned_vol_interaction,20260910,0.7641636600838423,0.7641636600838423,1,0
fixed_transform_step50,3710,2026-05-15,2026-05-25,0.0076235492615268,2026,2026-03-31,learned_vol_interaction,20260910,0.8106653346251979,0.8106653346251979,1,1
fixed_transform_step50,3715,2026-05-22,2026-06-01,0.005068538126898,2026,2026-03-31,learned_vol_interaction,20260910,0.34040083248146263,0.34040083248146263,0,1
fixed_transform_step50,3720,2026-05-29,2026-06-08,-0.039635353927193,2026,2026-03-31,learned_vol_interaction,20260910,0.40453974046938557,0.40453974046938557,0,0
fixed_transform_step50,3725,2026-06-05,2026-06-15,0.0266849782195981,2026,2026-03-31,learned_vol_interaction,20260910,0.45015538171166963,0.45015538171166963,0,1
fixed_transform_step50,3730,2026-06-12,2026-06-29,0.0076098142791176,2026,2026-03-31,learned_vol_interaction,20260910,0.4332013878980959,0.4332013878980959,0,1
fixed_transform_step50,3739,2026-06-26,2026-07-06,0.0005137647861506,2026,2026-03-31,learned_vol_interaction,20260910,0.5070078768543083,0.5070078768543083,1,1
fixed_transform_step50,3684,2026-04-03,2026-04-13,0.0380736235508991,2026,2026-03-31,learned_order_extension,20260910,0.47758492500824884,0.47758492500824884,0,1
fixed_transform_step50,3688,2026-04-10,2026-04-20,0.0242766725964382,2026,2026-03-31,learned_order_extension,20260910,0.44778372299876446,0.44778372299876446,0,1
fixed_transform_step50,3693,2026-04-17,2026-04-27,0.010401572188011,2026,2026-03-31,learned_order_extension,20260910,0.4936237977087722,0.4936237977087722,0,1
fixed_transform_step50,3698,2026-04-24,2026-05-11,0.0263674696524953,2026,2026-03-31,learned_order_extension,20260910,0.5307532967227956,0.5307532967227956,1,1
fixed_transform_step50,3705,2026-05-08,2026-05-18,-0.0134529239455926,2026,2026-03-31,learned_order_extension,20260910,0.6805526738457299,0.6805526738457299,1,0
fixed_transform_step50,3710,2026-05-15,2026-05-25,0.0076235492615268,2026,2026-03-31,learned_order_extension,20260910,0.6846039741228471,0.6846039741228471,1,1
fixed_transform_step50,3715,2026-05-22,2026-06-01,0.005068538126898,2026,2026-03-31,learned_order_extension,20260910,0.3946183373989559,0.3946183373989559,0,1
fixed_transform_step50,3720,2026-05-29,2026-06-08,-0.039635353927193,2026,2026-03-31,learned_order_extension,20260910,0.4602529767490046,0.4602529767490046,0,0
fixed_transform_step50,3725,2026-06-05,2026-06-15,0.0266849782195981,2026,2026-03-31,learned_order_extension,20260910,0.4893407283030225,0.4893407283030225,0,1
fixed_transform_step50,3730,2026-06-12,2026-06-29,0.0076098142791176,2026,2026-03-31,learned_order_extension,20260910,0.4670055045059487,0.4670055045059487,0,1
fixed_transform_step50,3739,2026-06-26,2026-07-06,0.0005137647861506,2026,2026-03-31,learned_order_extension,20260910,0.5010875075436063,0.5010875075436063,1,1
fixed_transform_step50,3684,2026-04-03,2026-04-13,0.0380736235508991,2026,2026-03-31,learned_order_offset,20260910,0.4764556850330092,0.4764556850330092,0,1
fixed_transform_step50,3688,2026-04-10,2026-04-20,0.0242766725964382,2026,2026-03-31,learned_order_offset,20260910,0.4473075994949772,0.4473075994949772,0,1
fixed_transform_step50,3693,2026-04-17,2026-04-27,0.010401572188011,2026,2026-03-31,learned_order_offset,20260910,0.49224608537373976,0.49224608537373976,0,1
fixed_transform_step50,3698,2026-04-24,2026-05-11,0.0263674696524953,2026,2026-03-31,learned_order_offset,20260910,0.5296939129667925,0.5296939129667925,1,1
fixed_transform_step50,3705,2026-05-08,2026-05-18,-0.0134529239455926,2026,2026-03-31,learned_order_offset,20260910,0.6795634809362548,0.6795634809362548,1,0
fixed_transform_step50,3710,2026-05-15,2026-05-25,0.0076235492615268,2026,2026-03-31,learned_order_offset,20260910,0.6831067325777345,0.6831067325777345,1,1
fixed_transform_step50,3715,2026-05-22,2026-06-01,0.005068538126898,2026,2026-03-31,learned_order_offset,20260910,0.39551546089646655,0.39551546089646655,0,1
fixed_transform_step50,3720,2026-05-29,2026-06-08,-0.039635353927193,2026,2026-03-31,learned_order_offset,20260910,0.4613169568354009,0.4613169568354009,0,0
fixed_transform_step50,3725,2026-06-05,2026-06-15,0.0266849782195981,2026,2026-03-31,learned_order_offset,20260910,0.4905357967011501,0.4905357967011501,0,1
fixed_transform_step50,3730,2026-06-12,2026-06-29,0.0076098142791176,2026,2026-03-31,learned_order_offset,20260910,0.4683562446175516,0.4683562446175516,0,1
fixed_transform_step50,3739,2026-06-26,2026-07-06,0.0005137647861506,2026,2026-03-31,learned_order_offset,20260910,0.50110559476875,0.50110559476875,1,1
fixed_transform_step50,3684,2026-04-03,2026-04-13,0.0380736235508991,2026,2026-03-31,learned_market,20260911,0.4910913033843527,0.4910913033843527,0,1
fixed_transform_step50,3688,2026-04-10,2026-04-20,0.0242766725964382,2026,2026-03-31,learned_market,20260911,0.42247285139854307,0.42247285139854307,0,1
fixed_transform_step50,3693,2026-04-17,2026-04-27,0.010401572188011,2026,2026-03-31,learned_market,20260911,0.470203130609122,0.470203130609122,0,1
fixed_transform_step50,3698,2026-04-24,2026-05-11,0.0263674696524953,2026,2026-03-31,learned_market,20260911,0.40051241539947446,0.40051241539947446,0,1
fixed_transform_step50,3705,2026-05-08,2026-05-18,-0.0134529239455926,2026,2026-03-31,learned_market,20260911,0.41055678515182664,0.41055678515182664,0,0
fixed_transform_step50,3710,2026-05-15,2026-05-25,0.0076235492615268,2026,2026-03-31,learned_market,20260911,0.4795321693907933,0.4795321693907933,0,1
fixed_transform_step50,3715,2026-05-22,2026-06-01,0.005068538126898,2026,2026-03-31,learned_market,20260911,0.555123081629934,0.555123081629934,1,1
fixed_transform_step50,3720,2026-05-29,2026-06-08,-0.039635353927193,2026,2026-03-31,learned_market,20260911,0.5326623597598332,0.5326623597598332,1,0
fixed_transform_step50,3725,2026-06-05,2026-06-15,0.0266849782195981,2026,2026-03-31,learned_market,20260911,0.41799036702602443,0.41799036702602443,0,1
fixed_transform_step50,3730,2026-06-12,2026-06-29,0.0076098142791176,2026,2026-03-31,learned_market,20260911,0.31845650932182556,0.31845650932182556,0,1
fixed_transform_step50,3739,2026-06-26,2026-07-06,0.0005137647861506,2026,2026-03-31,learned_market,20260911,0.47434810620099693,0.47434810620099693,0,1
fixed_transform_step50,3684,2026-04-03,2026-04-13,0.0380736235508991,2026,2026-03-31,learned_vol_interaction,20260911,0.49365179974616646,0.49365179974616646,0,1
fixed_transform_step50,3688,2026-04-10,2026-04-20,0.0242766725964382,2026,2026-03-31,learned_vol_interaction,20260911,0.4393758102833258,0.4393758102833258,0,1
fixed_transform_step50,3693,2026-04-17,2026-04-27,0.010401572188011,2026,2026-03-31,learned_vol_interaction,20260911,0.4807237302489967,0.4807237302489967,0,1
fixed_transform_step50,3698,2026-04-24,2026-05-11,0.0263674696524953,2026,2026-03-31,learned_vol_interaction,20260911,0.41480530876367583,0.41480530876367583,0,1
fixed_transform_step50,3705,2026-05-08,2026-05-18,-0.0134529239455926,2026,2026-03-31,learned_vol_interaction,20260911,0.426332470335672,0.426332470335672,0,0
fixed_transform_step50,3710,2026-05-15,2026-05-25,0.0076235492615268,2026,2026-03-31,learned_vol_interaction,20260911,0.4846451091783285,0.4846451091783285,0,1
fixed_transform_step50,3715,2026-05-22,2026-06-01,0.005068538126898,2026,2026-03-31,learned_vol_interaction,20260911,0.5576686655475634,0.5576686655475634,1,1
fixed_transform_step50,3720,2026-05-29,2026-06-08,-0.039635353927193,2026,2026-03-31,learned_vol_interaction,20260911,0.5252542268791721,0.5252542268791721,1,0
fixed_transform_step50,3725,2026-06-05,2026-06-15,0.0266849782195981,2026,2026-03-31,learned_vol_interaction,20260911,0.4127685607221928,0.4127685607221928,0,1
fixed_transform_step50,3730,2026-06-12,2026-06-29,0.0076098142791176,2026,2026-03-31,learned_vol_interaction,20260911,0.31611753437589596,0.31611753437589596,0,1
fixed_transform_step50,3739,2026-06-26,2026-07-06,0.0005137647861506,2026,2026-03-31,learned_vol_interaction,20260911,0.4948118504283288,0.4948118504283288,0,1
fixed_transform_step50,3684,2026-04-03,2026-04-13,0.0380736235508991,2026,2026-03-31,learned_order_extension,20260911,0.522206111436735,0.522206111436735,1,1
fixed_transform_step50,3688,2026-04-10,2026-04-20,0.0242766725964382,2026,2026-03-31,learned_order_extension,20260911,0.39575763764502275,0.39575763764502275,0,1
fixed_transform_step50,3693,2026-04-17,2026-04-27,0.010401572188011,2026,2026-03-31,learned_order_extension,20260911,0.4705501518808461,0.4705501518808461,0,1
fixed_transform_step50,3698,2026-04-24,2026-05-11,0.0263674696524953,2026,2026-03-31,learned_order_extension,20260911,0.3709424061146036,0.3709424061146036,0,1
fixed_transform_step50,3705,2026-05-08,2026-05-18,-0.0134529239455926,2026,2026-03-31,learned_order_extension,20260911,0.3720999379545467,0.3720999379545467,0,0
fixed_transform_step50,3710,2026-05-15,2026-05-25,0.0076235492615268,2026,2026-03-31,learned_order_extension,20260911,0.4785298746710462,0.4785298746710462,0,1
fixed_transform_step50,3715,2026-05-22,2026-06-01,0.005068538126898,2026,2026-03-31,learned_order_extension,20260911,0.5955536434191713,0.5955536434191713,1,1
fixed_transform_step50,3720,2026-05-29,2026-06-08,-0.039635353927193,2026,2026-03-31,learned_order_extension,20260911,0.5375895875057303,0.5375895875057303,1,0
fixed_transform_step50,3725,2026-06-05,2026-06-15,0.0266849782195981,2026,2026-03-31,learned_order_extension,20260911,0.3435804709994929,0.3435804709994929,0,1
fixed_transform_step50,3730,2026-06-12,2026-06-29,0.0076098142791176,2026,2026-03-31,learned_order_extension,20260911,0.2171969254360649,0.2171969254360649,0,1
fixed_transform_step50,3739,2026-06-26,2026-07-06,0.0005137647861506,2026,2026-03-31,learned_order_extension,20260911,0.44687301074896657,0.44687301074896657,0,1
fixed_transform_step50,3684,2026-04-03,2026-04-13,0.0380736235508991,2026,2026-03-31,learned_order_offset,20260911,0.5223647779914815,0.5223647779914815,1,1
fixed_transform_step50,3688,2026-04-10,2026-04-20,0.0242766725964382,2026,2026-03-31,learned_order_offset,20260911,0.3952586993829975,0.3952586993829975,0,1
fixed_transform_step50,3693,2026-04-17,2026-04-27,0.010401572188011,2026,2026-03-31,learned_order_offset,20260911,0.4711685833450308,0.4711685833450308,0,1
fixed_transform_step50,3698,2026-04-24,2026-05-11,0.0263674696524953,2026,2026-03-31,learned_order_offset,20260911,0.3701614499339281,0.3701614499339281,0,1
fixed_transform_step50,3705,2026-05-08,2026-05-18,-0.0134529239455926,2026,2026-03-31,learned_order_offset,20260911,0.37126712427900666,0.37126712427900666,0,0
fixed_transform_step50,3710,2026-05-15,2026-05-25,0.0076235492615268,2026,2026-03-31,learned_order_offset,20260911,0.47803571275149165,0.47803571275149165,0,1
fixed_transform_step50,3715,2026-05-22,2026-06-01,0.005068538126898,2026,2026-03-31,learned_order_offset,20260911,0.5942023720927956,0.5942023720927956,1,1
fixed_transform_step50,3720,2026-05-29,2026-06-08,-0.039635353927193,2026,2026-03-31,learned_order_offset,20260911,0.5367410809486572,0.5367410809486572,1,0
fixed_transform_step50,3725,2026-06-05,2026-06-15,0.0266849782195981,2026,2026-03-31,learned_order_offset,20260911,0.34317419036059926,0.34317419036059926,0,1
fixed_transform_step50,3730,2026-06-12,2026-06-29,0.0076098142791176,2026,2026-03-31,learned_order_offset,20260911,0.21708852601892026,0.21708852601892026,0,1
fixed_transform_step50,3739,2026-06-26,2026-07-06,0.0005137647861506,2026,2026-03-31,learned_order_offset,20260911,0.4457789010653941,0.4457789010653941,0,1
fixed_transform_step50,3684,2026-04-03,2026-04-13,0.0380736235508991,2026,2026-03-31,learned_market,20260912,0.4294572900159812,0.4294572900159812,0,1
fixed_transform_step50,3688,2026-04-10,2026-04-20,0.0242766725964382,2026,2026-03-31,learned_market,20260912,0.4871324942806162,0.4871324942806162,0,1
fixed_transform_step50,3693,2026-04-17,2026-04-27,0.010401572188011,2026,2026-03-31,learned_market,20260912,0.41293184247722803,0.41293184247722803,0,1
fixed_transform_step50,3698,2026-04-24,2026-05-11,0.0263674696524953,2026,2026-03-31,learned_market,20260912,0.42636110214191114,0.42636110214191114,0,1
fixed_transform_step50,3705,2026-05-08,2026-05-18,-0.0134529239455926,2026,2026-03-31,learned_market,20260912,0.46806969856626274,0.46806969856626274,0,0
fixed_transform_step50,3710,2026-05-15,2026-05-25,0.0076235492615268,2026,2026-03-31,learned_market,20260912,0.5243096451307497,0.5243096451307497,1,1
fixed_transform_step50,3715,2026-05-22,2026-06-01,0.005068538126898,2026,2026-03-31,learned_market,20260912,0.5159046217614005,0.5159046217614005,1,1
fixed_transform_step50,3720,2026-05-29,2026-06-08,-0.039635353927193,2026,2026-03-31,learned_market,20260912,0.48036138077230095,0.48036138077230095,0,0
fixed_transform_step50,3725,2026-06-05,2026-06-15,0.0266849782195981,2026,2026-03-31,learned_market,20260912,0.4861959645426842,0.4861959645426842,0,1
fixed_transform_step50,3730,2026-06-12,2026-06-29,0.0076098142791176,2026,2026-03-31,learned_market,20260912,0.46867287086985554,0.46867287086985554,0,1
fixed_transform_step50,3739,2026-06-26,2026-07-06,0.0005137647861506,2026,2026-03-31,learned_market,20260912,0.5376560539222462,0.5376560539222462,1,1
fixed_transform_step50,3684,2026-04-03,2026-04-13,0.0380736235508991,2026,2026-03-31,learned_vol_interaction,20260912,0.4478419738959088,0.4478419738959088,0,1
fixed_transform_step50,3688,2026-04-10,2026-04-20,0.0242766725964382,2026,2026-03-31,learned_vol_interaction,20260912,0.47794040036545565,0.47794040036545565,0,1
fixed_transform_step50,3693,2026-04-17,2026-04-27,0.010401572188011,2026,2026-03-31,learned_vol_interaction,20260912,0.454028134128801,0.454028134128801,0,1
fixed_transform_step50,3698,2026-04-24,2026-05-11,0.0263674696524953,2026,2026-03-31,learned_vol_interaction,20260912,0.4224780347209768,0.4224780347209768,0,1
fixed_transform_step50,3705,2026-05-08,2026-05-18,-0.0134529239455926,2026,2026-03-31,learned_vol_interaction,20260912,0.44586123197007793,0.44586123197007793,0,0
fixed_transform_step50,3710,2026-05-15,2026-05-25,0.0076235492615268,2026,2026-03-31,learned_vol_interaction,20260912,0.5068307006619973,0.5068307006619973,1,1
fixed_transform_step50,3715,2026-05-22,2026-06-01,0.005068538126898,2026,2026-03-31,learned_vol_interaction,20260912,0.49634015788237873,0.49634015788237873,0,1
fixed_transform_step50,3720,2026-05-29,2026-06-08,-0.039635353927193,2026,2026-03-31,learned_vol_interaction,20260912,0.4782241258312399,0.4782241258312399,0,0
fixed_transform_step50,3725,2026-06-05,2026-06-15,0.0266849782195981,2026,2026-03-31,learned_vol_interaction,20260912,0.47487478853528775,0.47487478853528775,0,1
fixed_transform_step50,3730,2026-06-12,2026-06-29,0.0076098142791176,2026,2026-03-31,learned_vol_interaction,20260912,0.46278735109455355,0.46278735109455355,0,1
fixed_transform_step50,3739,2026-06-26,2026-07-06,0.0005137647861506,2026,2026-03-31,learned_vol_interaction,20260912,0.5247771442461019,0.5247771442461019,1,1
fixed_transform_step50,3684,2026-04-03,2026-04-13,0.0380736235508991,2026,2026-03-31,learned_order_extension,20260912,0.4274597662802374,0.4274597662802374,0,1
fixed_transform_step50,3688,2026-04-10,2026-04-20,0.0242766725964382,2026,2026-03-31,learned_order_extension,20260912,0.4816002391150205,0.4816002391150205,0,1
fixed_transform_step50,3693,2026-04-17,2026-04-27,0.010401572188011,2026,2026-03-31,learned_order_extension,20260912,0.4183479081377248,0.4183479081377248,0,1
fixed_transform_step50,3698,2026-04-24,2026-05-11,0.0263674696524953,2026,2026-03-31,learned_order_extension,20260912,0.4077650475501489,0.4077650475501489,0,1
fixed_transform_step50,3705,2026-05-08,2026-05-18,-0.0134529239455926,2026,2026-03-31,learned_order_extension,20260912,0.44787976243444033,0.44787976243444033,0,0
fixed_transform_step50,3710,2026-05-15,2026-05-25,0.0076235492615268,2026,2026-03-31,learned_order_extension,20260912,0.5321414965123911,0.5321414965123911,1,1
fixed_transform_step50,3715,2026-05-22,2026-06-01,0.005068538126898,2026,2026-03-31,learned_order_extension,20260912,0.5035770249871081,0.5035770249871081,1,1
fixed_transform_step50,3720,2026-05-29,2026-06-08,-0.039635353927193,2026,2026-03-31,learned_order_extension,20260912,0.4678202575496679,0.4678202575496679,0,0
fixed_transform_step50,3725,2026-06-05,2026-06-15,0.0266849782195981,2026,2026-03-31,learned_order_extension,20260912,0.459717106920517,0.459717106920517,0,1
fixed_transform_step50,3730,2026-06-12,2026-06-29,0.0076098142791176,2026,2026-03-31,learned_order_extension,20260912,0.4381167044021109,0.4381167044021109,0,1
fixed_transform_step50,3739,2026-06-26,2026-07-06,0.0005137647861506,2026,2026-03-31,learned_order_extension,20260912,0.5236248642512986,0.5236248642512986,1,1
fixed_transform_step50,3684,2026-04-03,2026-04-13,0.0380736235508991,2026,2026-03-31,learned_order_offset,20260912,0.4274610249221773,0.4274610249221773,0,1
fixed_transform_step50,3688,2026-04-10,2026-04-20,0.0242766725964382,2026,2026-03-31,learned_order_offset,20260912,0.4816366774765013,0.4816366774765013,0,1
fixed_transform_step50,3693,2026-04-17,2026-04-27,0.010401572188011,2026,2026-03-31,learned_order_offset,20260912,0.41838109304973986,0.41838109304973986,0,1
fixed_transform_step50,3698,2026-04-24,2026-05-11,0.0263674696524953,2026,2026-03-31,learned_order_offset,20260912,0.4079934995818119,0.4079934995818119,0,1
fixed_transform_step50,3705,2026-05-08,2026-05-18,-0.0134529239455926,2026,2026-03-31,learned_order_offset,20260912,0.44795999286738813,0.44795999286738813,0,0
fixed_transform_step50,3710,2026-05-15,2026-05-25,0.0076235492615268,2026,2026-03-31,learned_order_offset,20260912,0.5323543560474974,0.5323543560474974,1,1
fixed_transform_step50,3715,2026-05-22,2026-06-01,0.005068538126898,2026,2026-03-31,learned_order_offset,20260912,0.5036591882509784,0.5036591882509784,1,1
fixed_transform_step50,3720,2026-05-29,2026-06-08,-0.039635353927193,2026,2026-03-31,learned_order_offset,20260912,0.46784527502277534,0.46784527502277534,0,0
fixed_transform_step50,3725,2026-06-05,2026-06-15,0.0266849782195981,2026,2026-03-31,learned_order_offset,20260912,0.45966990986353495,0.45966990986353495,0,1
fixed_transform_step50,3730,2026-06-12,2026-06-29,0.0076098142791176,2026,2026-03-31,learned_order_offset,20260912,0.4380931664788789,0.4380931664788789,0,1
fixed_transform_step50,3739,2026-06-26,2026-07-06,0.0005137647861506,2026,2026-03-31,learned_order_offset,20260912,0.5235545311679082,0.5235545311679082,1,1
fixed_transform_step50,3744,2026-07-03,2026-07-13,-0.0252847876365399,2026,2026-06-30,learned_market,20260910,0.5233854842913903,0.5233854842913903,1,0
fixed_transform_step50,3749,2026-07-10,2026-07-20,-0.035775397012711,2026,2026-06-30,learned_market,20260910,0.6045060975207963,0.6045060975207963,1,0
fixed_transform_step50,3754,2026-07-17,2026-07-27,0.01756245533441,2026,2026-06-30,learned_market,20260910,0.5573024255424721,0.5573024255424721,1,1
fixed_transform_step50,3759,2026-07-24,2026-08-03,-0.0202339761556519,2026,2026-06-30,learned_market,20260910,0.5631950416948899,0.5631950416948899,1,0
fixed_transform_step50,3764,2026-07-31,2026-08-10,0.0300318732435738,2026,2026-06-30,learned_market,20260910,0.2884187083905931,0.2884187083905931,0,1
fixed_transform_step50,3769,2026-08-07,2026-08-17,-0.0056482265760339,2026,2026-06-30,learned_market,20260910,0.5338131085423581,0.5338131085423581,1,0
fixed_transform_step50,3774,2026-08-14,2026-08-24,-0.0109860710402629,2026,2026-06-30,learned_market,20260910,0.5556922410012701,0.5556922410012701,1,0
fixed_transform_step50,3779,2026-08-21,2026-08-31,-0.0127592811002066,2026,2026-06-30,learned_market,20260910,0.6759018687579247,0.6759018687579247,1,0
fixed_transform_step50,3744,2026-07-03,2026-07-13,-0.0252847876365399,2026,2026-06-30,learned_vol_interaction,20260910,0.5373022039547699,0.5373022039547699,1,0
fixed_transform_step50,3749,2026-07-10,2026-07-20,-0.035775397012711,2026,2026-06-30,learned_vol_interaction,20260910,0.5976561011222444,0.5976561011222444,1,0
fixed_transform_step50,3754,2026-07-17,2026-07-27,0.01756245533441,2026,2026-06-30,learned_vol_interaction,20260910,0.5490718619627272,0.5490718619627272,1,1
fixed_transform_step50,3759,2026-07-24,2026-08-03,-0.0202339761556519,2026,2026-06-30,learned_vol_interaction,20260910,0.5622920144414751,0.5622920144414751,1,0
fixed_transform_step50,3764,2026-07-31,2026-08-10,0.0300318732435738,2026,2026-06-30,learned_vol_interaction,20260910,0.3168056320623169,0.3168056320623169,0,1
fixed_transform_step50,3769,2026-08-07,2026-08-17,-0.0056482265760339,2026,2026-06-30,learned_vol_interaction,20260910,0.5321203838354303,0.5321203838354303,1,0
fixed_transform_step50,3774,2026-08-14,2026-08-24,-0.0109860710402629,2026,2026-06-30,learned_vol_interaction,20260910,0.5510302675114871,0.5510302675114871,1,0
fixed_transform_step50,3779,2026-08-21,2026-08-31,-0.0127592811002066,2026,2026-06-30,learned_vol_interaction,20260910,0.6736359233033826,0.6736359233033826,1,0
fixed_transform_step50,3744,2026-07-03,2026-07-13,-0.0252847876365399,2026,2026-06-30,learned_order_extension,20260910,0.5605395603822823,0.5605395603822823,1,0
fixed_transform_step50,3749,2026-07-10,2026-07-20,-0.035775397012711,2026,2026-06-30,learned_order_extension,20260910,0.5492632062458654,0.5492632062458654,1,0
fixed_transform_step50,3754,2026-07-17,2026-07-27,0.01756245533441,2026,2026-06-30,learned_order_extension,20260910,0.5150490528432934,0.5150490528432934,1,1
fixed_transform_step50,3759,2026-07-24,2026-08-03,-0.0202339761556519,2026,2026-06-30,learned_order_extension,20260910,0.5328507189293471,0.5328507189293471,1,0
fixed_transform_step50,3764,2026-07-31,2026-08-10,0.0300318732435738,2026,2026-06-30,learned_order_extension,20260910,0.38382337023816315,0.38382337023816315,0,1
fixed_transform_step50,3769,2026-08-07,2026-08-17,-0.0056482265760339,2026,2026-06-30,learned_order_extension,20260910,0.5087652751576025,0.5087652751576025,1,0
fixed_transform_step50,3774,2026-08-14,2026-08-24,-0.0109860710402629,2026,2026-06-30,learned_order_extension,20260910,0.5165172671319772,0.5165172671319772,1,0
fixed_transform_step50,3779,2026-08-21,2026-08-31,-0.0127592811002066,2026,2026-06-30,learned_order_extension,20260910,0.6013452235029803,0.6013452235029803,1,0
fixed_transform_step50,3744,2026-07-03,2026-07-13,-0.0252847876365399,2026,2026-06-30,learned_order_offset,20260910,0.5619748628870462,0.5619748628870462,1,0
fixed_transform_step50,3749,2026-07-10,2026-07-20,-0.035775397012711,2026,2026-06-30,learned_order_offset,20260910,0.5478349547089293,0.5478349547089293,1,0
fixed_transform_step50,3754,2026-07-17,2026-07-27,0.01756245533441,2026,2026-06-30,learned_order_offset,20260910,0.5160818459987306,0.5160818459987306,1,1
fixed_transform_step50,3759,2026-07-24,2026-08-03,-0.0202339761556519,2026,2026-06-30,learned_order_offset,20260910,0.5332785008984827,0.5332785008984827,1,0
fixed_transform_step50,3764,2026-07-31,2026-08-10,0.0300318732435738,2026,2026-06-30,learned_order_offset,20260910,0.3905493112009506,0.3905493112009506,0,1
fixed_transform_step50,3769,2026-08-07,2026-08-17,-0.0056482265760339,2026,2026-06-30,learned_order_offset,20260910,0.5109916683659772,0.5109916683659772,1,0
fixed_transform_step50,3774,2026-08-14,2026-08-24,-0.0109860710402629,2026,2026-06-30,learned_order_offset,20260910,0.5170820844647668,0.5170820844647668,1,0
fixed_transform_step50,3779,2026-08-21,2026-08-31,-0.0127592811002066,2026,2026-06-30,learned_order_offset,20260910,0.60036367770001,0.60036367770001,1,0
fixed_transform_step50,3744,2026-07-03,2026-07-13,-0.0252847876365399,2026,2026-06-30,learned_market,20260911,0.48808317938521895,0.48808317938521895,0,0
fixed_transform_step50,3749,2026-07-10,2026-07-20,-0.035775397012711,2026,2026-06-30,learned_market,20260911,0.437152826464697,0.437152826464697,0,0
fixed_transform_step50,3754,2026-07-17,2026-07-27,0.01756245533441,2026,2026-06-30,learned_market,20260911,0.47021816341868417,0.47021816341868417,0,1
fixed_transform_step50,3759,2026-07-24,2026-08-03,-0.0202339761556519,2026,2026-06-30,learned_market,20260911,0.48471443474081805,0.48471443474081805,0,0
fixed_transform_step50,3764,2026-07-31,2026-08-10,0.0300318732435738,2026,2026-06-30,learned_market,20260911,0.4689563390493944,0.4689563390493944,0,1
fixed_transform_step50,3769,2026-08-07,2026-08-17,-0.0056482265760339,2026,2026-06-30,learned_market,20260911,0.35069432588020205,0.35069432588020205,0,0
fixed_transform_step50,3774,2026-08-14,2026-08-24,-0.0109860710402629,2026,2026-06-30,learned_market,20260911,0.48036444671030937,0.48036444671030937,0,0
fixed_transform_step50,3779,2026-08-21,2026-08-31,-0.0127592811002066,2026,2026-06-30,learned_market,20260911,0.45596404431098225,0.45596404431098225,0,0
fixed_transform_step50,3744,2026-07-03,2026-07-13,-0.0252847876365399,2026,2026-06-30,learned_vol_interaction,20260911,0.5327089401964804,0.5327089401964804,1,0
fixed_transform_step50,3749,2026-07-10,2026-07-20,-0.035775397012711,2026,2026-06-30,learned_vol_interaction,20260911,0.4914881101868804,0.4914881101868804,0,0
fixed_transform_step50,3754,2026-07-17,2026-07-27,0.01756245533441,2026,2026-06-30,learned_vol_interaction,20260911,0.4923830103351356,0.4923830103351356,0,1
fixed_transform_step50,3759,2026-07-24,2026-08-03,-0.0202339761556519,2026,2026-06-30,learned_vol_interaction,20260911,0.5125270459408123,0.5125270459408123,1,0
fixed_transform_step50,3764,2026-07-31,2026-08-10,0.0300318732435738,2026,2026-06-30,learned_vol_interaction,20260911,0.4936480915752989,0.4936480915752989,0,1
fixed_transform_step50,3769,2026-08-07,2026-08-17,-0.0056482265760339,2026,2026-06-30,learned_vol_interaction,20260911,0.41442911670281457,0.41442911670281457,0,0
fixed_transform_step50,3774,2026-08-14,2026-08-24,-0.0109860710402629,2026,2026-06-30,learned_vol_interaction,20260911,0.48939787361728115,0.48939787361728115,0,0
fixed_transform_step50,3779,2026-08-21,2026-08-31,-0.0127592811002066,2026,2026-06-30,learned_vol_interaction,20260911,0.46843859949529115,0.46843859949529115,0,0
fixed_transform_step50,3744,2026-07-03,2026-07-13,-0.0252847876365399,2026,2026-06-30,learned_order_extension,20260911,0.5158164676869967,0.5158164676869967,1,0
fixed_transform_step50,3749,2026-07-10,2026-07-20,-0.035775397012711,2026,2026-06-30,learned_order_extension,20260911,0.46989072430597373,0.46989072430597373,0,0
fixed_transform_step50,3754,2026-07-17,2026-07-27,0.01756245533441,2026,2026-06-30,learned_order_extension,20260911,0.48489928581817776,0.48489928581817776,0,1
fixed_transform_step50,3759,2026-07-24,2026-08-03,-0.0202339761556519,2026,2026-06-30,learned_order_extension,20260911,0.5066355806437188,0.5066355806437188,1,0
fixed_transform_step50,3764,2026-07-31,2026-08-10,0.0300318732435738,2026,2026-06-30,learned_order_extension,20260911,0.4861938201683082,0.4861938201683082,0,1
fixed_transform_step50,3769,2026-08-07,2026-08-17,-0.0056482265760339,2026,2026-06-30,learned_order_extension,20260911,0.3859588526609141,0.3859588526609141,0,0
fixed_transform_step50,3774,2026-08-14,2026-08-24,-0.0109860710402629,2026,2026-06-30,learned_order_extension,20260911,0.4891366694097775,0.4891366694097775,0,0
fixed_transform_step50,3779,2026-08-21,2026-08-31,-0.0127592811002066,2026,2026-06-30,learned_order_extension,20260911,0.4677521159435556,0.4677521159435556,0,0
fixed_transform_step50,3744,2026-07-03,2026-07-13,-0.0252847876365399,2026,2026-06-30,learned_order_offset,20260911,0.517044867979363,0.517044867979363,1,0
fixed_transform_step50,3749,2026-07-10,2026-07-20,-0.035775397012711,2026,2026-06-30,learned_order_offset,20260911,0.4713055929777914,0.4713055929777914,0,0
fixed_transform_step50,3754,2026-07-17,2026-07-27,0.01756245533441,2026,2026-06-30,learned_order_offset,20260911,0.48645628207984437,0.48645628207984437,0,1
fixed_transform_step50,3759,2026-07-24,2026-08-03,-0.0202339761556519,2026,2026-06-30,learned_order_offset,20260911,0.5074525340549311,0.5074525340549311,1,0
fixed_transform_step50,3764,2026-07-31,2026-08-10,0.0300318732435738,2026,2026-06-30,learned_order_offset,20260911,0.4879497545481088,0.4879497545481088,0,1
fixed_transform_step50,3769,2026-08-07,2026-08-17,-0.0056482265760339,2026,2026-06-30,learned_order_offset,20260911,0.3884153327437043,0.3884153327437043,0,0
fixed_transform_step50,3774,2026-08-14,2026-08-24,-0.0109860710402629,2026,2026-06-30,learned_order_offset,20260911,0.490825874477136,0.490825874477136,0,0
fixed_transform_step50,3779,2026-08-21,2026-08-31,-0.0127592811002066,2026,2026-06-30,learned_order_offset,20260911,0.4691710469462822,0.4691710469462822,0,0
fixed_transform_step50,3744,2026-07-03,2026-07-13,-0.0252847876365399,2026,2026-06-30,learned_market,20260912,0.5245223547783858,0.5245223547783858,1,0
fixed_transform_step50,3749,2026-07-10,2026-07-20,-0.035775397012711,2026,2026-06-30,learned_market,20260912,0.5681090348838915,0.5681090348838915,1,0
fixed_transform_step50,3754,2026-07-17,2026-07-27,0.01756245533441,2026,2026-06-30,learned_market,20260912,0.482242168043416,0.482242168043416,0,1
fixed_transform_step50,3759,2026-07-24,2026-08-03,-0.0202339761556519,2026,2026-06-30,learned_market,20260912,0.5062417545836561,0.5062417545836561,1,0
fixed_transform_step50,3764,2026-07-31,2026-08-10,0.0300318732435738,2026,2026-06-30,learned_market,20260912,0.5018105190937321,0.5018105190937321,1,1
fixed_transform_step50,3769,2026-08-07,2026-08-17,-0.0056482265760339,2026,2026-06-30,learned_market,20260912,0.5523651919434857,0.5523651919434857,1,0
fixed_transform_step50,3774,2026-08-14,2026-08-24,-0.0109860710402629,2026,2026-06-30,learned_market,20260912,0.5355853725139406,0.5355853725139406,1,0
fixed_transform_step50,3779,2026-08-21,2026-08-31,-0.0127592811002066,2026,2026-06-30,learned_market,20260912,0.4876081973551208,0.4876081973551208,0,0
fixed_transform_step50,3744,2026-07-03,2026-07-13,-0.0252847876365399,2026,2026-06-30,learned_vol_interaction,20260912,0.5356368088577377,0.5356368088577377,1,0
fixed_transform_step50,3749,2026-07-10,2026-07-20,-0.035775397012711,2026,2026-06-30,learned_vol_interaction,20260912,0.5706228208012041,0.5706228208012041,1,0
fixed_transform_step50,3754,2026-07-17,2026-07-27,0.01756245533441,2026,2026-06-30,learned_vol_interaction,20260912,0.5440711512532572,0.5440711512532572,1,1
fixed_transform_step50,3759,2026-07-24,2026-08-03,-0.0202339761556519,2026,2026-06-30,learned_vol_interaction,20260912,0.5531402750492056,0.5531402750492056,1,0
fixed_transform_step50,3764,2026-07-31,2026-08-10,0.0300318732435738,2026,2026-06-30,learned_vol_interaction,20260912,0.5225363139399489,0.5225363139399489,1,1
fixed_transform_step50,3769,2026-08-07,2026-08-17,-0.0056482265760339,2026,2026-06-30,learned_vol_interaction,20260912,0.5273624832814111,0.5273624832814111,1,0
fixed_transform_step50,3774,2026-08-14,2026-08-24,-0.0109860710402629,2026,2026-06-30,learned_vol_interaction,20260912,0.5279223327040872,0.5279223327040872,1,0
fixed_transform_step50,3779,2026-08-21,2026-08-31,-0.0127592811002066,2026,2026-06-30,learned_vol_interaction,20260912,0.48024945715694345,0.48024945715694345,0,0
fixed_transform_step50,3744,2026-07-03,2026-07-13,-0.0252847876365399,2026,2026-06-30,learned_order_extension,20260912,0.531885490586912,0.531885490586912,1,0
fixed_transform_step50,3749,2026-07-10,2026-07-20,-0.035775397012711,2026,2026-06-30,learned_order_extension,20260912,0.5700129347862312,0.5700129347862312,1,0
fixed_transform_step50,3754,2026-07-17,2026-07-27,0.01756245533441,2026,2026-06-30,learned_order_extension,20260912,0.5397334621939724,0.5397334621939724,1,1
fixed_transform_step50,3759,2026-07-24,2026-08-03,-0.0202339761556519,2026,2026-06-30,learned_order_extension,20260912,0.5472348754286092,0.5472348754286092,1,0
fixed_transform_step50,3764,2026-07-31,2026-08-10,0.0300318732435738,2026,2026-06-30,learned_order_extension,20260912,0.5174344528116568,0.5174344528116568,1,1
fixed_transform_step50,3769,2026-08-07,2026-08-17,-0.0056482265760339,2026,2026-06-30,learned_order_extension,20260912,0.5286170724729733,0.5286170724729733,1,0
fixed_transform_step50,3774,2026-08-14,2026-08-24,-0.0109860710402629,2026,2026-06-30,learned_order_extension,20260912,0.5284214828110025,0.5284214828110025,1,0
fixed_transform_step50,3779,2026-08-21,2026-08-31,-0.0127592811002066,2026,2026-06-30,learned_order_extension,20260912,0.48101628531060947,0.48101628531060947,0,0
fixed_transform_step50,3744,2026-07-03,2026-07-13,-0.0252847876365399,2026,2026-06-30,learned_order_offset,20260912,0.531959557000122,0.531959557000122,1,0
fixed_transform_step50,3749,2026-07-10,2026-07-20,-0.035775397012711,2026,2026-06-30,learned_order_offset,20260912,0.5705088519661708,0.5705088519661708,1,0
fixed_transform_step50,3754,2026-07-17,2026-07-27,0.01756245533441,2026,2026-06-30,learned_order_offset,20260912,0.5416223404992025,0.5416223404992025,1,1
fixed_transform_step50,3759,2026-07-24,2026-08-03,-0.0202339761556519,2026,2026-06-30,learned_order_offset,20260912,0.5494570387186097,0.5494570387186097,1,0
fixed_transform_step50,3764,2026-07-31,2026-08-10,0.0300318732435738,2026,2026-06-30,learned_order_offset,20260912,0.5191920357201961,0.5191920357201961,1,1
fixed_transform_step50,3769,2026-08-07,2026-08-17,-0.0056482265760339,2026,2026-06-30,learned_order_offset,20260912,0.5297191049606486,0.5297191049606486,1,0
fixed_transform_step50,3774,2026-08-14,2026-08-24,-0.0109860710402629,2026,2026-06-30,learned_order_offset,20260912,0.5293935021106361,0.5293935021106361,1,0
fixed_transform_step50,3779,2026-08-21,2026-08-31,-0.0127592811002066,2026,2026-06-30,learned_order_offset,20260912,0.48233159237399836,0.48233159237399836,0,0
fixed_transform_step50,2418,2021-01-08,2021-01-18,-0.0120052904669853,2021,2020-12-31,native_mse,20260910,-0.00016719672473286887,,0,0
fixed_transform_step50,2423,2021-01-15,2021-01-25,0.0231622460538123,2021,2020-12-31,native_mse,20260910,-0.0024576018862454926,,0,1
fixed_transform_step50,2428,2021-01-22,2021-02-01,-0.0372511735907923,2021,2020-12-31,native_mse,20260910,-0.003647746896638798,,0,0
fixed_transform_step50,2433,2021-01-29,2021-02-08,0.0278689901714626,2021,2020-12-31,native_mse,20260910,-0.0025472735860022446,,0,1
fixed_transform_step50,2438,2021-02-05,2021-02-22,0.0507379035040882,2021,2020-12-31,native_mse,20260910,-0.0030793775400414984,,0,1
fixed_transform_step50,2443,2021-02-19,2021-03-01,-0.0684918010685315,2021,2020-12-31,native_mse,20260910,-0.0023490676188242655,,0,0
fixed_transform_step50,2448,2021-02-26,2021-03-08,-0.0165997123904068,2021,2020-12-31,native_mse,20260910,-0.0023665663755005908,,0,0
fixed_transform_step50,2453,2021-03-05,2021-03-15,-0.0346560901469681,2021,2020-12-31,native_mse,20260910,-0.0014253865572098575,,0,0
fixed_transform_step50,2458,2021-03-12,2021-03-22,-0.0210550182560221,2021,2020-12-31,native_mse,20260910,-0.0005000901973691782,,0,0
fixed_transform_step50,2463,2021-03-19,2021-03-29,0.0087572877565691,2021,2020-12-31,native_mse,20260910,0.006023340982564988,,1,1
fixed_transform_step50,2468,2021-03-26,2021-04-06,0.0250145479448802,2021,2020-12-31,native_mse,20260910,0.005598392317839315,,1,1
fixed_transform_step50,2473,2021-04-02,2021-04-12,-0.0292856811827044,2021,2020-12-31,native_mse,20260910,0.0036485752776130036,,1,0
fixed_transform_step50,2477,2021-04-09,2021-04-19,-0.0120489836840408,2021,2020-12-31,native_mse,20260910,0.007350243400305611,,1,0
fixed_transform_step50,2482,2021-04-16,2021-04-26,0.0382932540809155,2021,2020-12-31,native_mse,20260910,0.002900059176571625,,1,1
fixed_transform_step50,2487,2021-04-23,2021-05-06,-0.0112070185917437,2021,2020-12-31,native_mse,20260910,0.007596625467989239,,1,0
fixed_transform_step50,2492,2021-04-30,2021-05-12,-0.0190946889464188,2021,2020-12-31,native_mse,20260910,0.007105998256782256,,1,0
fixed_transform_step50,2494,2021-05-07,2021-05-17,0.0227674429764228,2021,2020-12-31,native_mse,20260910,0.0072995237328683515,,1,1
fixed_transform_step50,2499,2021-05-14,2021-05-24,0.0045940519733895,2021,2020-12-31,native_mse,20260910,0.006906583839110419,,1,1
fixed_transform_step50,2504,2021-05-21,2021-05-31,0.0348855085126711,2021,2020-12-31,native_mse,20260910,0.0039949465805707365,,1,1
fixed_transform_step50,2509,2021-05-28,2021-06-07,-0.0062409741861724,2021,2020-12-31,native_mse,20260910,0.004302626766656515,,1,0
fixed_transform_step50,2514,2021-06-04,2021-06-15,-0.0125508761771767,2021,2020-12-31,native_mse,20260910,0.0018010688105476373,,1,0
fixed_transform_step50,2519,2021-06-11,2021-06-21,-0.0250011497424577,2021,2020-12-31,native_mse,20260910,-0.0027939130847951473,,0,0
fixed_transform_step50,2523,2021-06-18,2021-06-28,0.0325308711127356,2021,2020-12-31,native_mse,20260910,-0.0024054667576293687,,0,1
fixed_transform_step50,2528,2021-06-25,2021-07-05,-0.0342297962734196,2021,2020-12-31,native_mse,20260910,-0.0021641013171994155,,0,0
fixed_transform_step50,2533,2021-07-02,2021-07-12,0.0068193733271841,2021,2020-12-31,native_mse,20260910,-0.002740282150259048,,0,1
fixed_transform_step50,2538,2021-07-09,2021-07-19,-0.0048254045313779,2021,2020-12-31,native_mse,20260910,-0.0025804416168060183,,0,0
fixed_transform_step50,2543,2021-07-16,2021-07-26,-0.0032299118953994,2021,2020-12-31,native_mse,20260910,-0.0035112489700114967,,0,0
fixed_transform_step50,2548,2021-07-23,2021-08-02,-0.0537740931579083,2021,2020-12-31,native_mse,20260910,-0.002252148085559406,,0,0
fixed_transform_step50,2553,2021-07-30,2021-08-09,0.019904813945049,2021,2020-12-31,native_mse,20260910,-0.0013935392955686378,,0,1
fixed_transform_step50,2558,2021-08-06,2021-08-16,0.0093369268709639,2021,2020-12-31,native_mse,20260910,-0.0008547058545780883,,0,1
fixed_transform_step50,2563,2021-08-13,2021-08-23,-0.032048736608373,2021,2020-12-31,native_mse,20260910,-0.0010996712313164061,,0,0
fixed_transform_step50,2568,2021-08-20,2021-08-30,0.0145047962107527,2021,2020-12-31,native_mse,20260910,0.0014984460902095808,,1,1
fixed_transform_step50,2573,2021-08-27,2021-09-06,-0.0012316820816045,2021,2020-12-31,native_mse,20260910,0.006590900742918945,,1,0
fixed_transform_step50,2578,2021-09-03,2021-09-13,0.0342301066295398,2021,2020-12-31,native_mse,20260910,0.009486980636077728,,1,1
fixed_transform_step50,2583,2021-09-10,2021-09-22,-0.0471441667981554,2021,2020-12-31,native_mse,20260910,0.009371153033789907,,1,0
fixed_transform_step50,2588,2021-09-17,2021-09-28,0.0209863060789441,2021,2020-12-31,native_mse,20260910,0.009603132896707183,,1,1
fixed_transform_step50,2591,2021-09-24,2021-10-11,0.0144615416200457,2021,2020-12-31,native_mse,20260910,0.009682760274058575,,1,1
fixed_transform_step50,2596,2021-10-08,2021-10-18,-0.0038006269617851,2021,2020-12-31,native_mse,20260910,0.009091248352644028,,1,0
fixed_transform_step50,2601,2021-10-15,2021-10-25,0.0037358989621147,2021,2020-12-31,native_mse,20260910,0.008469619450977196,,1,1
fixed_transform_step50,2606,2021-10-22,2021-11-01,-0.0127041632091318,2021,2020-12-31,native_mse,20260910,0.0008933657456787875,,1,0
fixed_transform_step50,2611,2021-10-29,2021-11-08,-0.0075807737801166,2021,2020-12-31,native_mse,20260910,0.002406790555140204,,1,0
fixed_transform_step50,2616,2021-11-05,2021-11-15,0.0110015182343039,2021,2020-12-31,native_mse,20260910,0.004495816516502967,,1,1
fixed_transform_step50,2621,2021-11-12,2021-11-22,0.0002002284238551,2021,2020-12-31,native_mse,20260910,0.008345328596010884,,1,1
fixed_transform_step50,2626,2021-11-19,2021-11-29,-0.0153981603100059,2021,2020-12-31,native_mse,20260910,0.006936498727743483,,1,0
fixed_transform_step50,2631,2021-11-26,2021-12-06,0.0185518287306458,2021,2020-12-31,native_mse,20260910,0.0043122154605937865,,1,1
fixed_transform_step50,2636,2021-12-03,2021-12-13,0.0367843110096284,2021,2020-12-31,native_mse,20260910,0.003903132217743633,,1,1
fixed_transform_step50,2641,2021-12-10,2021-12-20,-0.0304615698955996,2021,2020-12-31,native_mse,20260910,0.0011584734670292821,,1,0
fixed_transform_step50,2646,2021-12-17,2021-12-27,-0.0034083287233763,2021,2020-12-31,native_mse,20260910,0.008060168302998738,,1,0
fixed_transform_step50,2651,2021-12-24,2022-01-04,0.0080985736506613,2021,2020-12-31,native_mse,20260910,0.0074924187486900135,,1,1
fixed_transform_step50,2656,2021-12-31,2022-01-10,-0.0293970528320001,2021,2020-12-31,native_mse,20260910,0.008334791957105143,,1,0
fixed_transform_step50,2418,2021-01-08,2021-01-18,-0.0120052904669853,2021,2020-12-31,native_mse,20260911,0.008552411017393067,,1,0
fixed_transform_step50,2423,2021-01-15,2021-01-25,0.0231622460538123,2021,2020-12-31,native_mse,20260911,0.004218820233000888,,1,1
fixed_transform_step50,2428,2021-01-22,2021-02-01,-0.0372511735907923,2021,2020-12-31,native_mse,20260911,0.004959951689017089,,1,0
fixed_transform_step50,2433,2021-01-29,2021-02-08,0.0278689901714626,2021,2020-12-31,native_mse,20260911,-0.006242641410233065,,0,1
fixed_transform_step50,2438,2021-02-05,2021-02-22,0.0507379035040882,2021,2020-12-31,native_mse,20260911,0.0007951359987466982,,1,1
fixed_transform_step50,2443,2021-02-19,2021-03-01,-0.0684918010685315,2021,2020-12-31,native_mse,20260911,-0.0016330918552967294,,0,0
fixed_transform_step50,2448,2021-02-26,2021-03-08,-0.0165997123904068,2021,2020-12-31,native_mse,20260911,-0.00533638880364651,,0,0
fixed_transform_step50,2453,2021-03-05,2021-03-15,-0.0346560901469681,2021,2020-12-31,native_mse,20260911,-0.011674592766508288,,0,0
fixed_transform_step50,2458,2021-03-12,2021-03-22,-0.0210550182560221,2021,2020-12-31,native_mse,20260911,-0.007847066861436623,,0,0
fixed_transform_step50,2463,2021-03-19,2021-03-29,0.0087572877565691,2021,2020-12-31,native_mse,20260911,-0.0039060339233599494,,0,1
fixed_transform_step50,2468,2021-03-26,2021-04-06,0.0250145479448802,2021,2020-12-31,native_mse,20260911,0.0009273635613917179,,1,1
fixed_transform_step50,2473,2021-04-02,2021-04-12,-0.0292856811827044,2021,2020-12-31,native_mse,20260911,-0.0027355840325147787,,0,0
fixed_transform_step50,2477,2021-04-09,2021-04-19,-0.0120489836840408,2021,2020-12-31,native_mse,20260911,-0.0036343506408249315,,0,0
fixed_transform_step50,2482,2021-04-16,2021-04-26,0.0382932540809155,2021,2020-12-31,native_mse,20260911,-0.0006724515978878938,,0,1
fixed_transform_step50,2487,2021-04-23,2021-05-06,-0.0112070185917437,2021,2020-12-31,native_mse,20260911,0.0055289088739753755,,1,0
fixed_transform_step50,2492,2021-04-30,2021-05-12,-0.0190946889464188,2021,2020-12-31,native_mse,20260911,0.0033327575219957396,,1,0
fixed_transform_step50,2494,2021-05-07,2021-05-17,0.0227674429764228,2021,2020-12-31,native_mse,20260911,0.0021669511395786133,,1,1
fixed_transform_step50,2499,2021-05-14,2021-05-24,0.0045940519733895,2021,2020-12-31,native_mse,20260911,0.0011114542693073139,,1,1
fixed_transform_step50,2504,2021-05-21,2021-05-31,0.0348855085126711,2021,2020-12-31,native_mse,20260911,0.008400289317996804,,1,1
fixed_transform_step50,2509,2021-05-28,2021-06-07,-0.0062409741861724,2021,2020-12-31,native_mse,20260911,0.0007953145198423817,,1,0
fixed_transform_step50,2514,2021-06-04,2021-06-15,-0.0125508761771767,2021,2020-12-31,native_mse,20260911,-0.007020166164517651,,0,0
fixed_transform_step50,2519,2021-06-11,2021-06-21,-0.0250011497424577,2021,2020-12-31,native_mse,20260911,-0.008619872591947365,,0,0
fixed_transform_step50,2523,2021-06-18,2021-06-28,0.0325308711127356,2021,2020-12-31,native_mse,20260911,-0.008791375820448139,,0,1
fixed_transform_step50,2528,2021-06-25,2021-07-05,-0.0342297962734196,2021,2020-12-31,native_mse,20260911,-0.008045520831514462,,0,0
fixed_transform_step50,2533,2021-07-02,2021-07-12,0.0068193733271841,2021,2020-12-31,native_mse,20260911,-0.007174844548354277,,0,1
fixed_transform_step50,2538,2021-07-09,2021-07-19,-0.0048254045313779,2021,2020-12-31,native_mse,20260911,-0.015340492927170088,,0,0
fixed_transform_step50,2543,2021-07-16,2021-07-26,-0.0032299118953994,2021,2020-12-31,native_mse,20260911,-0.005208717730643443,,0,0
fixed_transform_step50,2548,2021-07-23,2021-08-02,-0.0537740931579083,2021,2020-12-31,native_mse,20260911,-0.005850917345567664,,0,0
fixed_transform_step50,2553,2021-07-30,2021-08-09,0.019904813945049,2021,2020-12-31,native_mse,20260911,-0.0028205260505218244,,0,1
fixed_transform_step50,2558,2021-08-06,2021-08-16,0.0093369268709639,2021,2020-12-31,native_mse,20260911,0.0007831311211854701,,1,1
fixed_transform_step50,2563,2021-08-13,2021-08-23,-0.032048736608373,2021,2020-12-31,native_mse,20260911,-0.0005906639308137641,,0,0
fixed_transform_step50,2568,2021-08-20,2021-08-30,0.0145047962107527,2021,2020-12-31,native_mse,20260911,-0.004641917146108556,,0,1
fixed_transform_step50,2573,2021-08-27,2021-09-06,-0.0012316820816045,2021,2020-12-31,native_mse,20260911,0.014579973106645959,,1,0
fixed_transform_step50,2578,2021-09-03,2021-09-13,0.0342301066295398,2021,2020-12-31,native_mse,20260911,0.008593989010996025,,1,1
fixed_transform_step50,2583,2021-09-10,2021-09-22,-0.0471441667981554,2021,2020-12-31,native_mse,20260911,0.008313547741757724,,1,0
fixed_transform_step50,2588,2021-09-17,2021-09-28,0.0209863060789441,2021,2020-12-31,native_mse,20260911,0.01165935650344279,,1,1
fixed_transform_step50,2591,2021-09-24,2021-10-11,0.0144615416200457,2021,2020-12-31,native_mse,20260911,0.005518532924551857,,1,1
fixed_transform_step50,2596,2021-10-08,2021-10-18,-0.0038006269617851,2021,2020-12-31,native_mse,20260911,0.012263523541426666,,1,0
fixed_transform_step50,2601,2021-10-15,2021-10-25,0.0037358989621147,2021,2020-12-31,native_mse,20260911,0.005744974739242532,,1,1
fixed_transform_step50,2606,2021-10-22,2021-11-01,-0.0127041632091318,2021,2020-12-31,native_mse,20260911,-0.002876912071818175,,0,0
fixed_transform_step50,2611,2021-10-29,2021-11-08,-0.0075807737801166,2021,2020-12-31,native_mse,20260911,0.007299876265916085,,1,0
fixed_transform_step50,2616,2021-11-05,2021-11-15,0.0110015182343039,2021,2020-12-31,native_mse,20260911,0.01509194783358179,,1,1
fixed_transform_step50,2621,2021-11-12,2021-11-22,0.0002002284238551,2021,2020-12-31,native_mse,20260911,0.015091062401740971,,1,1
fixed_transform_step50,2626,2021-11-19,2021-11-29,-0.0153981603100059,2021,2020-12-31,native_mse,20260911,0.0038828482450291406,,1,0
fixed_transform_step50,2631,2021-11-26,2021-12-06,0.0185518287306458,2021,2020-12-31,native_mse,20260911,0.012319022901115752,,1,1
fixed_transform_step50,2636,2021-12-03,2021-12-13,0.0367843110096284,2021,2020-12-31,native_mse,20260911,-0.0032795392457900994,,0,1
fixed_transform_step50,2641,2021-12-10,2021-12-20,-0.0304615698955996,2021,2020-12-31,native_mse,20260911,0.0011267436480836153,,1,0
fixed_transform_step50,2646,2021-12-17,2021-12-27,-0.0034083287233763,2021,2020-12-31,native_mse,20260911,0.009051863032613542,,1,0
fixed_transform_step50,2651,2021-12-24,2022-01-04,0.0080985736506613,2021,2020-12-31,native_mse,20260911,0.011692479032888078,,1,1
fixed_transform_step50,2656,2021-12-31,2022-01-10,-0.0293970528320001,2021,2020-12-31,native_mse,20260911,0.0061027978323025915,,1,0
fixed_transform_step50,2418,2021-01-08,2021-01-18,-0.0120052904669853,2021,2020-12-31,native_mse,20260912,0.001397497585867654,,1,0
fixed_transform_step50,2423,2021-01-15,2021-01-25,0.0231622460538123,2021,2020-12-31,native_mse,20260912,0.0006715229500529757,,1,1
fixed_transform_step50,2428,2021-01-22,2021-02-01,-0.0372511735907923,2021,2020-12-31,native_mse,20260912,0.0008989216255188498,,1,0
fixed_transform_step50,2433,2021-01-29,2021-02-08,0.0278689901714626,2021,2020-12-31,native_mse,20260912,0.0007959764416317159,,1,1
fixed_transform_step50,2438,2021-02-05,2021-02-22,0.0507379035040882,2021,2020-12-31,native_mse,20260912,0.0012803740659475327,,1,1
fixed_transform_step50,2443,2021-02-19,2021-03-01,-0.0684918010685315,2021,2020-12-31,native_mse,20260912,0.0009133829615551264,,1,0
fixed_transform_step50,2448,2021-02-26,2021-03-08,-0.0165997123904068,2021,2020-12-31,native_mse,20260912,0.0013704992420810927,,1,0
fixed_transform_step50,2453,2021-03-05,2021-03-15,-0.0346560901469681,2021,2020-12-31,native_mse,20260912,0.0008756814992302536,,1,0
fixed_transform_step50,2458,2021-03-12,2021-03-22,-0.0210550182560221,2021,2020-12-31,native_mse,20260912,0.0011757184818956695,,1,0
fixed_transform_step50,2463,2021-03-19,2021-03-29,0.0087572877565691,2021,2020-12-31,native_mse,20260912,0.0010792053864410744,,1,1
fixed_transform_step50,2468,2021-03-26,2021-04-06,0.0250145479448802,2021,2020-12-31,native_mse,20260912,0.0011499309968955886,,1,1
fixed_transform_step50,2473,2021-04-02,2021-04-12,-0.0292856811827044,2021,2020-12-31,native_mse,20260912,0.0010410156043567688,,1,0
fixed_transform_step50,2477,2021-04-09,2021-04-19,-0.0120489836840408,2021,2020-12-31,native_mse,20260912,0.0015346227958627386,,1,0
fixed_transform_step50,2482,2021-04-16,2021-04-26,0.0382932540809155,2021,2020-12-31,native_mse,20260912,0.001333459240383137,,1,1
fixed_transform_step50,2487,2021-04-23,2021-05-06,-0.0112070185917437,2021,2020-12-31,native_mse,20260912,0.0016691075435783544,,1,0
fixed_transform_step50,2492,2021-04-30,2021-05-12,-0.0190946889464188,2021,2020-12-31,native_mse,20260912,0.0008697905080337705,,1,0
fixed_transform_step50,2494,2021-05-07,2021-05-17,0.0227674429764228,2021,2020-12-31,native_mse,20260912,0.0011496090030479206,,1,1
fixed_transform_step50,2499,2021-05-14,2021-05-24,0.0045940519733895,2021,2020-12-31,native_mse,20260912,0.0010483063772099349,,1,1
fixed_transform_step50,2504,2021-05-21,2021-05-31,0.0348855085126711,2021,2020-12-31,native_mse,20260912,0.0011439525898009322,,1,1
fixed_transform_step50,2509,2021-05-28,2021-06-07,-0.0062409741861724,2021,2020-12-31,native_mse,20260912,0.0011525125328662067,,1,0
fixed_transform_step50,2514,2021-06-04,2021-06-15,-0.0125508761771767,2021,2020-12-31,native_mse,20260912,0.0007128828650729158,,1,0
fixed_transform_step50,2519,2021-06-11,2021-06-21,-0.0250011497424577,2021,2020-12-31,native_mse,20260912,0.0008407535701623152,,1,0
fixed_transform_step50,2523,2021-06-18,2021-06-28,0.0325308711127356,2021,2020-12-31,native_mse,20260912,0.0005295128002944305,,1,1
fixed_transform_step50,2528,2021-06-25,2021-07-05,-0.0342297962734196,2021,2020-12-31,native_mse,20260912,0.0004392776625445282,,1,0
fixed_transform_step50,2533,2021-07-02,2021-07-12,0.0068193733271841,2021,2020-12-31,native_mse,20260912,0.0008802423955353033,,1,1
fixed_transform_step50,2538,2021-07-09,2021-07-19,-0.0048254045313779,2021,2020-12-31,native_mse,20260912,0.001025036941487719,,1,0
fixed_transform_step50,2543,2021-07-16,2021-07-26,-0.0032299118953994,2021,2020-12-31,native_mse,20260912,0.0009848540154367372,,1,0
fixed_transform_step50,2548,2021-07-23,2021-08-02,-0.0537740931579083,2021,2020-12-31,native_mse,20260912,0.0010837390229232473,,1,0
fixed_transform_step50,2553,2021-07-30,2021-08-09,0.019904813945049,2021,2020-12-31,native_mse,20260912,0.0007753634039124927,,1,1
fixed_transform_step50,2558,2021-08-06,2021-08-16,0.0093369268709639,2021,2020-12-31,native_mse,20260912,0.0010686946751112278,,1,1
fixed_transform_step50,2563,2021-08-13,2021-08-23,-0.032048736608373,2021,2020-12-31,native_mse,20260912,0.0016819071064647707,,1,0
fixed_transform_step50,2568,2021-08-20,2021-08-30,0.0145047962107527,2021,2020-12-31,native_mse,20260912,0.0015674609930577542,,1,1
fixed_transform_step50,2573,2021-08-27,2021-09-06,-0.0012316820816045,2021,2020-12-31,native_mse,20260912,0.0015518786224257932,,1,0
fixed_transform_step50,2578,2021-09-03,2021-09-13,0.0342301066295398,2021,2020-12-31,native_mse,20260912,0.0015775578367383941,,1,1
fixed_transform_step50,2583,2021-09-10,2021-09-22,-0.0471441667981554,2021,2020-12-31,native_mse,20260912,0.00097730888589041,,1,0
fixed_transform_step50,2588,2021-09-17,2021-09-28,0.0209863060789441,2021,2020-12-31,native_mse,20260912,0.0010514539644274003,,1,1
fixed_transform_step50,2591,2021-09-24,2021-10-11,0.0144615416200457,2021,2020-12-31,native_mse,20260912,0.0009736007301348337,,1,1
fixed_transform_step50,2596,2021-10-08,2021-10-18,-0.0038006269617851,2021,2020-12-31,native_mse,20260912,0.0017059097904301645,,1,0
fixed_transform_step50,2601,2021-10-15,2021-10-25,0.0037358989621147,2021,2020-12-31,native_mse,20260912,0.0013112113818953192,,1,1
fixed_transform_step50,2606,2021-10-22,2021-11-01,-0.0127041632091318,2021,2020-12-31,native_mse,20260912,0.001166627382206441,,1,0
fixed_transform_step50,2611,2021-10-29,2021-11-08,-0.0075807737801166,2021,2020-12-31,native_mse,20260912,0.0010497018546840582,,1,0
fixed_transform_step50,2616,2021-11-05,2021-11-15,0.0110015182343039,2021,2020-12-31,native_mse,20260912,0.0009666279543883876,,1,1
fixed_transform_step50,2621,2021-11-12,2021-11-22,0.0002002284238551,2021,2020-12-31,native_mse,20260912,0.00100753152357648,,1,1
fixed_transform_step50,2626,2021-11-19,2021-11-29,-0.0153981603100059,2021,2020-12-31,native_mse,20260912,0.0011440904261233744,,1,0
fixed_transform_step50,2631,2021-11-26,2021-12-06,0.0185518287306458,2021,2020-12-31,native_mse,20260912,0.0008222023383696463,,1,1
fixed_transform_step50,2636,2021-12-03,2021-12-13,0.0367843110096284,2021,2020-12-31,native_mse,20260912,0.000663622110562264,,1,1
fixed_transform_step50,2641,2021-12-10,2021-12-20,-0.0304615698955996,2021,2020-12-31,native_mse,20260912,0.0012207854253852776,,1,0
fixed_transform_step50,2646,2021-12-17,2021-12-27,-0.0034083287233763,2021,2020-12-31,native_mse,20260912,0.0012339786672550855,,1,0
fixed_transform_step50,2651,2021-12-24,2022-01-04,0.0080985736506613,2021,2020-12-31,native_mse,20260912,0.0010451229218044734,,1,1
fixed_transform_step50,2656,2021-12-31,2022-01-10,-0.0293970528320001,2021,2020-12-31,native_mse,20260912,0.001214204791414166,,1,0
fixed_transform_step50,2660,2022-01-07,2022-01-17,-0.0173453887283024,2022,2021-12-31,native_mse,20260910,-0.0034182510339292468,,0,0
fixed_transform_step50,2665,2022-01-14,2022-01-24,0.0053248631776616,2022,2021-12-31,native_mse,20260910,0.004761167720503064,,1,1
fixed_transform_step50,2670,2022-01-21,2022-02-07,-0.0242661876254222,2022,2021-12-31,native_mse,20260910,0.013137367547165641,,1,0
fixed_transform_step50,2675,2022-01-28,2022-02-14,-0.0127539031341488,2022,2021-12-31,native_mse,20260910,0.010886081661597602,,1,0
fixed_transform_step50,2680,2022-02-11,2022-02-21,0.0145498774954033,2022,2021-12-31,native_mse,20260910,0.008879219089809445,,1,1
fixed_transform_step50,2685,2022-02-18,2022-02-28,-0.0177161244498015,2022,2021-12-31,native_mse,20260910,0.009476567447344621,,1,0
fixed_transform_step50,2690,2022-02-25,2022-03-07,-0.0221791776043331,2022,2021-12-31,native_mse,20260910,0.01051598647298397,,1,0
fixed_transform_step50,2695,2022-03-04,2022-03-14,-0.0480378799422749,2022,2021-12-31,native_mse,20260910,0.007053677912636015,,1,0
fixed_transform_step50,2700,2022-03-11,2022-03-21,0.007530336734814,2022,2021-12-31,native_mse,20260910,0.010804442451387935,,1,1
fixed_transform_step50,2705,2022-03-18,2022-03-28,-0.0353493110038457,2022,2021-12-31,native_mse,20260910,0.0072982657258971444,,1,0
fixed_transform_step50,2710,2022-03-25,2022-04-06,0.0314834190717003,2022,2021-12-31,native_mse,20260910,0.007546796616275884,,1,1
fixed_transform_step50,2715,2022-04-01,2022-04-12,-0.0129237372705649,2022,2021-12-31,native_mse,20260910,0.006781430452769677,,1,0
fixed_transform_step50,2718,2022-04-08,2022-04-18,-0.0120986062576864,2022,2021-12-31,native_mse,20260910,0.00652895075643567,,1,0
fixed_transform_step50,2723,2022-04-15,2022-04-25,-0.0528494340140576,2022,2021-12-31,native_mse,20260910,0.006385447465197085,,1,0
fixed_transform_step50,2728,2022-04-22,2022-05-05,0.015736821365468,2022,2021-12-31,native_mse,20260910,0.005099274511858865,,1,1
fixed_transform_step50,2733,2022-04-29,2022-05-11,-0.0278824133054675,2022,2021-12-31,native_mse,20260910,0.004344044298975658,,1,0
fixed_transform_step50,2735,2022-05-06,2022-05-16,0.033741423035827,2022,2021-12-31,native_mse,20260910,0.0035518248227642247,,1,1
fixed_transform_step50,2740,2022-05-13,2022-05-23,0.0164308841843088,2022,2021-12-31,native_mse,20260910,0.002890441768532801,,1,1
fixed_transform_step50,2745,2022-05-20,2022-05-30,-0.0147293413085614,2022,2021-12-31,native_mse,20260910,0.002556802191789734,,1,0
fixed_transform_step50,2750,2022-05-27,2022-06-13,0.0431748431927498,2022,2021-12-31,native_mse,20260910,-0.006714076298392413,,0,1
fixed_transform_step50,2759,2022-06-10,2022-06-20,0.0306046547112142,2022,2021-12-31,native_mse,20260910,-0.0017160693271902699,,0,1
fixed_transform_step50,2764,2022-06-17,2022-06-27,0.0211666894141107,2022,2021-12-31,native_mse,20260910,-0.005554400786314341,,0,1
fixed_transform_step50,2769,2022-06-24,2022-07-04,0.0074507343130214,2022,2021-12-31,native_mse,20260910,-0.006611900023593844,,0,1
fixed_transform_step50,2774,2022-07-01,2022-07-11,-0.0092349827532707,2022,2021-12-31,native_mse,20260910,-0.001849659274069034,,0,0
fixed_transform_step50,2779,2022-07-08,2022-07-18,-0.0326815927737367,2022,2021-12-31,native_mse,20260910,-0.0036295526636022737,,0,0
fixed_transform_step50,2784,2022-07-15,2022-07-25,-0.0066210715249344,2022,2021-12-31,native_mse,20260910,-0.00726704662423343,,0,0
fixed_transform_step50,2789,2022-07-22,2022-08-01,-0.0173077967751003,2022,2021-12-31,native_mse,20260910,-0.005304375487712945,,0,0
fixed_transform_step50,2794,2022-07-29,2022-08-08,-0.004456034513838,2022,2021-12-31,native_mse,20260910,0.012166125781651363,,1,0
fixed_transform_step50,2799,2022-08-05,2022-08-15,0.0091475117753996,2022,2021-12-31,native_mse,20260910,0.004077391662883762,,1,1
fixed_transform_step50,2804,2022-08-12,2022-08-22,-0.0107272727272728,2022,2021-12-31,native_mse,20260910,0.0035826870942200968,,1,0
fixed_transform_step50,2809,2022-08-19,2022-08-29,-0.0172375434082356,2022,2021-12-31,native_mse,20260910,0.012796192349441387,,1,0
fixed_transform_step50,2814,2022-08-26,2022-09-05,-0.0131573766941938,2022,2021-12-31,native_mse,20260910,0.0045980644388349074,,1,0
fixed_transform_step50,2819,2022-09-02,2022-09-13,0.0253340680878015,2022,2021-12-31,native_mse,20260910,0.0016393163861851791,,1,1
fixed_transform_step50,2824,2022-09-09,2022-09-19,-0.044647264962877,2022,2021-12-31,native_mse,20260910,0.011024491197755238,,1,0
fixed_transform_step50,2828,2022-09-16,2022-09-26,-0.025155151434928,2022,2021-12-31,native_mse,20260910,0.0006249539921165778,,1,0
fixed_transform_step50,2833,2022-09-23,2022-10-10,-0.0060162941299352,2022,2021-12-31,native_mse,20260910,0.00941379002591237,,1,0
fixed_transform_step50,2838,2022-09-30,2022-10-17,0.0041192047412885,2022,2021-12-31,native_mse,20260910,-0.003455449604433236,,0,1
fixed_transform_step50,2843,2022-10-14,2022-10-24,-0.0246766294110258,2022,2021-12-31,native_mse,20260910,0.004982119577206458,,1,0
fixed_transform_step50,2848,2022-10-21,2022-10-31,-0.059928861134359,2022,2021-12-31,native_mse,20260910,0.004400428951388619,,1,0
fixed_transform_step50,2853,2022-10-28,2022-11-07,0.071339502526744,2022,2021-12-31,native_mse,20260910,-0.004533662272660886,,0,1
fixed_transform_step50,2858,2022-11-04,2022-11-14,0.0169449090696014,2022,2021-12-31,native_mse,20260910,0.009145763900992613,,1,1
fixed_transform_step50,2863,2022-11-11,2022-11-21,-0.0127051391515239,2022,2021-12-31,native_mse,20260910,0.005105981957746508,,1,0
fixed_transform_step50,2868,2022-11-18,2022-11-28,-0.0179672806084416,2022,2021-12-31,native_mse,20260910,0.004390010241707061,,1,0
fixed_transform_step50,2873,2022-11-25,2022-12-05,0.0555768659337096,2022,2021-12-31,native_mse,20260910,-0.0021694749097981593,,0,1
fixed_transform_step50,2878,2022-12-02,2022-12-12,0.0175374394775362,2022,2021-12-31,native_mse,20260910,-0.008963509314181651,,0,1
fixed_transform_step50,2883,2022-12-09,2022-12-19,-0.0058850602464181,2022,2021-12-31,native_mse,20260910,-0.008742160121666592,,0,0
fixed_transform_step50,2888,2022-12-16,2022-12-26,-0.0309150292073658,2022,2021-12-31,native_mse,20260910,0.00021070675399415396,,1,0
fixed_transform_step50,2893,2022-12-23,2023-01-03,0.0089464492229616,2022,2021-12-31,native_mse,20260910,-0.006931659189351796,,0,1
fixed_transform_step50,2898,2022-12-30,2023-01-09,0.0345913414268119,2022,2021-12-31,native_mse,20260910,-0.004005139352311209,,0,1
fixed_transform_step50,2660,2022-01-07,2022-01-17,-0.0173453887283024,2022,2021-12-31,native_mse,20260911,0.007330315708159769,,1,0
fixed_transform_step50,2665,2022-01-14,2022-01-24,0.0053248631776616,2022,2021-12-31,native_mse,20260911,0.015471274729398543,,1,1
fixed_transform_step50,2670,2022-01-21,2022-02-07,-0.0242661876254222,2022,2021-12-31,native_mse,20260911,0.009873111042602054,,1,0
fixed_transform_step50,2675,2022-01-28,2022-02-14,-0.0127539031341488,2022,2021-12-31,native_mse,20260911,0.0025503118790792955,,1,0
fixed_transform_step50,2680,2022-02-11,2022-02-21,0.0145498774954033,2022,2021-12-31,native_mse,20260911,0.0063949393307865515,,1,1
fixed_transform_step50,2685,2022-02-18,2022-02-28,-0.0177161244498015,2022,2021-12-31,native_mse,20260911,0.004306186298337274,,1,0
fixed_transform_step50,2690,2022-02-25,2022-03-07,-0.0221791776043331,2022,2021-12-31,native_mse,20260911,0.00884306439536679,,1,0
fixed_transform_step50,2695,2022-03-04,2022-03-14,-0.0480378799422749,2022,2021-12-31,native_mse,20260911,0.008878575004775912,,1,0
fixed_transform_step50,2700,2022-03-11,2022-03-21,0.007530336734814,2022,2021-12-31,native_mse,20260911,0.008804997087552644,,1,1
fixed_transform_step50,2705,2022-03-18,2022-03-28,-0.0353493110038457,2022,2021-12-31,native_mse,20260911,0.0029149751065889705,,1,0
fixed_transform_step50,2710,2022-03-25,2022-04-06,0.0314834190717003,2022,2021-12-31,native_mse,20260911,0.009608904415587632,,1,1
fixed_transform_step50,2715,2022-04-01,2022-04-12,-0.0129237372705649,2022,2021-12-31,native_mse,20260911,0.013290024702572031,,1,0
fixed_transform_step50,2718,2022-04-08,2022-04-18,-0.0120986062576864,2022,2021-12-31,native_mse,20260911,0.0032429576095984285,,1,0
fixed_transform_step50,2723,2022-04-15,2022-04-25,-0.0528494340140576,2022,2021-12-31,native_mse,20260911,0.016983479995433693,,1,0
fixed_transform_step50,2728,2022-04-22,2022-05-05,0.015736821365468,2022,2021-12-31,native_mse,20260911,0.011987542362233185,,1,1
fixed_transform_step50,2733,2022-04-29,2022-05-11,-0.0278824133054675,2022,2021-12-31,native_mse,20260911,0.0046606294840712235,,1,0
fixed_transform_step50,2735,2022-05-06,2022-05-16,0.033741423035827,2022,2021-12-31,native_mse,20260911,-0.002196005566182584,,0,1
fixed_transform_step50,2740,2022-05-13,2022-05-23,0.0164308841843088,2022,2021-12-31,native_mse,20260911,0.0038854901281264037,,1,1
fixed_transform_step50,2745,2022-05-20,2022-05-30,-0.0147293413085614,2022,2021-12-31,native_mse,20260911,0.005767086549547615,,1,0
fixed_transform_step50,2750,2022-05-27,2022-06-13,0.0431748431927498,2022,2021-12-31,native_mse,20260911,0.001263767062796844,,1,1
fixed_transform_step50,2759,2022-06-10,2022-06-20,0.0306046547112142,2022,2021-12-31,native_mse,20260911,-0.0024637080117748144,,0,1
fixed_transform_step50,2764,2022-06-17,2022-06-27,0.0211666894141107,2022,2021-12-31,native_mse,20260911,-0.0034192691302211337,,0,1
fixed_transform_step50,2769,2022-06-24,2022-07-04,0.0074507343130214,2022,2021-12-31,native_mse,20260911,0.0007173637240202417,,1,1
fixed_transform_step50,2774,2022-07-01,2022-07-11,-0.0092349827532707,2022,2021-12-31,native_mse,20260911,0.00019356382111467723,,1,0
fixed_transform_step50,2779,2022-07-08,2022-07-18,-0.0326815927737367,2022,2021-12-31,native_mse,20260911,-0.002705313965036355,,0,0
fixed_transform_step50,2784,2022-07-15,2022-07-25,-0.0066210715249344,2022,2021-12-31,native_mse,20260911,-0.01432584048846508,,0,0
fixed_transform_step50,2789,2022-07-22,2022-08-01,-0.0173077967751003,2022,2021-12-31,native_mse,20260911,-0.01380965748442494,,0,0
fixed_transform_step50,2794,2022-07-29,2022-08-08,-0.004456034513838,2022,2021-12-31,native_mse,20260911,-0.0005052222003642227,,0,0
fixed_transform_step50,2799,2022-08-05,2022-08-15,0.0091475117753996,2022,2021-12-31,native_mse,20260911,0.011525493600414192,,1,1
fixed_transform_step50,2804,2022-08-12,2022-08-22,-0.0107272727272728,2022,2021-12-31,native_mse,20260911,0.011216024245490553,,1,0
fixed_transform_step50,2809,2022-08-19,2022-08-29,-0.0172375434082356,2022,2021-12-31,native_mse,20260911,0.011754323018096325,,1,0
fixed_transform_step50,2814,2022-08-26,2022-09-05,-0.0131573766941938,2022,2021-12-31,native_mse,20260911,0.015594603509631271,,1,0
fixed_transform_step50,2819,2022-09-02,2022-09-13,0.0253340680878015,2022,2021-12-31,native_mse,20260911,0.010900596081000016,,1,1
fixed_transform_step50,2824,2022-09-09,2022-09-19,-0.044647264962877,2022,2021-12-31,native_mse,20260911,0.009845699372826781,,1,0
fixed_transform_step50,2828,2022-09-16,2022-09-26,-0.025155151434928,2022,2021-12-31,native_mse,20260911,0.008491582609497948,,1,0
fixed_transform_step50,2833,2022-09-23,2022-10-10,-0.0060162941299352,2022,2021-12-31,native_mse,20260911,0.016496050845990925,,1,0
fixed_transform_step50,2838,2022-09-30,2022-10-17,0.0041192047412885,2022,2021-12-31,native_mse,20260911,0.0066528810646222045,,1,1
fixed_transform_step50,2843,2022-10-14,2022-10-24,-0.0246766294110258,2022,2021-12-31,native_mse,20260911,0.007009044538463505,,1,0
fixed_transform_step50,2848,2022-10-21,2022-10-31,-0.059928861134359,2022,2021-12-31,native_mse,20260911,0.010852556503638734,,1,0
fixed_transform_step50,2853,2022-10-28,2022-11-07,0.071339502526744,2022,2021-12-31,native_mse,20260911,0.006842543646863063,,1,1
fixed_transform_step50,2858,2022-11-04,2022-11-14,0.0169449090696014,2022,2021-12-31,native_mse,20260911,-0.008549410923537592,,0,1
fixed_transform_step50,2863,2022-11-11,2022-11-21,-0.0127051391515239,2022,2021-12-31,native_mse,20260911,-0.005215109557773304,,0,0
fixed_transform_step50,2868,2022-11-18,2022-11-28,-0.0179672806084416,2022,2021-12-31,native_mse,20260911,-0.010307087880643545,,0,0
fixed_transform_step50,2873,2022-11-25,2022-12-05,0.0555768659337096,2022,2021-12-31,native_mse,20260911,0.0013951717650121252,,1,1
fixed_transform_step50,2878,2022-12-02,2022-12-12,0.0175374394775362,2022,2021-12-31,native_mse,20260911,0.009832549235191711,,1,1
fixed_transform_step50,2883,2022-12-09,2022-12-19,-0.0058850602464181,2022,2021-12-31,native_mse,20260911,0.003809464155812216,,1,0
fixed_transform_step50,2888,2022-12-16,2022-12-26,-0.0309150292073658,2022,2021-12-31,native_mse,20260911,-0.00026475301217457076,,0,0
fixed_transform_step50,2893,2022-12-23,2023-01-03,0.0089464492229616,2022,2021-12-31,native_mse,20260911,0.0011212783896272817,,1,1
fixed_transform_step50,2898,2022-12-30,2023-01-09,0.0345913414268119,2022,2021-12-31,native_mse,20260911,-0.013209134532423342,,0,1
fixed_transform_step50,2660,2022-01-07,2022-01-17,-0.0173453887283024,2022,2021-12-31,native_mse,20260912,0.001814179283598589,,1,0
fixed_transform_step50,2665,2022-01-14,2022-01-24,0.0053248631776616,2022,2021-12-31,native_mse,20260912,0.0008133505012356114,,1,1
fixed_transform_step50,2670,2022-01-21,2022-02-07,-0.0242661876254222,2022,2021-12-31,native_mse,20260912,0.003394922189452561,,1,0
fixed_transform_step50,2675,2022-01-28,2022-02-14,-0.0127539031341488,2022,2021-12-31,native_mse,20260912,0.001858669558311765,,1,0
fixed_transform_step50,2680,2022-02-11,2022-02-21,0.0145498774954033,2022,2021-12-31,native_mse,20260912,0.003479305001395758,,1,1
fixed_transform_step50,2685,2022-02-18,2022-02-28,-0.0177161244498015,2022,2021-12-31,native_mse,20260912,0.00484344917433416,,1,0
fixed_transform_step50,2690,2022-02-25,2022-03-07,-0.0221791776043331,2022,2021-12-31,native_mse,20260912,0.004930593592929232,,1,0
fixed_transform_step50,2695,2022-03-04,2022-03-14,-0.0480378799422749,2022,2021-12-31,native_mse,20260912,0.004780982951547397,,1,0
fixed_transform_step50,2700,2022-03-11,2022-03-21,0.007530336734814,2022,2021-12-31,native_mse,20260912,0.004193854635787947,,1,1
fixed_transform_step50,2705,2022-03-18,2022-03-28,-0.0353493110038457,2022,2021-12-31,native_mse,20260912,0.004396502651581285,,1,0
fixed_transform_step50,2710,2022-03-25,2022-04-06,0.0314834190717003,2022,2021-12-31,native_mse,20260912,0.0036897334948297125,,1,1
fixed_transform_step50,2715,2022-04-01,2022-04-12,-0.0129237372705649,2022,2021-12-31,native_mse,20260912,0.003704448832752752,,1,0
fixed_transform_step50,2718,2022-04-08,2022-04-18,-0.0120986062576864,2022,2021-12-31,native_mse,20260912,0.0033120503584409514,,1,0
fixed_transform_step50,2723,2022-04-15,2022-04-25,-0.0528494340140576,2022,2021-12-31,native_mse,20260912,0.0030085181253416615,,1,0
fixed_transform_step50,2728,2022-04-22,2022-05-05,0.015736821365468,2022,2021-12-31,native_mse,20260912,0.0026567146550084044,,1,1
fixed_transform_step50,2733,2022-04-29,2022-05-11,-0.0278824133054675,2022,2021-12-31,native_mse,20260912,0.0018367479372410052,,1,0
fixed_transform_step50,2735,2022-05-06,2022-05-16,0.033741423035827,2022,2021-12-31,native_mse,20260912,0.0020912186604119124,,1,1
fixed_transform_step50,2740,2022-05-13,2022-05-23,0.0164308841843088,2022,2021-12-31,native_mse,20260912,0.0018493178254621319,,1,1
fixed_transform_step50,2745,2022-05-20,2022-05-30,-0.0147293413085614,2022,2021-12-31,native_mse,20260912,0.0016372108848958446,,1,0
fixed_transform_step50,2750,2022-05-27,2022-06-13,0.0431748431927498,2022,2021-12-31,native_mse,20260912,0.0012702553294938346,,1,1
fixed_transform_step50,2759,2022-06-10,2022-06-20,0.0306046547112142,2022,2021-12-31,native_mse,20260912,-0.00018870985334741705,,0,1
fixed_transform_step50,2764,2022-06-17,2022-06-27,0.0211666894141107,2022,2021-12-31,native_mse,20260912,-0.0009698518035469311,,0,1
fixed_transform_step50,2769,2022-06-24,2022-07-04,0.0074507343130214,2022,2021-12-31,native_mse,20260912,-0.00016157705520515077,,0,1
fixed_transform_step50,2774,2022-07-01,2022-07-11,-0.0092349827532707,2022,2021-12-31,native_mse,20260912,0.00012114906253678204,,1,0
fixed_transform_step50,2779,2022-07-08,2022-07-18,-0.0326815927737367,2022,2021-12-31,native_mse,20260912,0.0009385572149118832,,1,0
fixed_transform_step50,2784,2022-07-15,2022-07-25,-0.0066210715249344,2022,2021-12-31,native_mse,20260912,0.0008465033870475552,,1,0
fixed_transform_step50,2789,2022-07-22,2022-08-01,-0.0173077967751003,2022,2021-12-31,native_mse,20260912,0.001749105544547778,,1,0
fixed_transform_step50,2794,2022-07-29,2022-08-08,-0.004456034513838,2022,2021-12-31,native_mse,20260912,0.0022855909610094674,,1,0
fixed_transform_step50,2799,2022-08-05,2022-08-15,0.0091475117753996,2022,2021-12-31,native_mse,20260912,0.0023275813973101045,,1,1
fixed_transform_step50,2804,2022-08-12,2022-08-22,-0.0107272727272728,2022,2021-12-31,native_mse,20260912,0.00116828161002665,,1,0
fixed_transform_step50,2809,2022-08-19,2022-08-29,-0.0172375434082356,2022,2021-12-31,native_mse,20260912,0.002641518401624336,,1,0
fixed_transform_step50,2814,2022-08-26,2022-09-05,-0.0131573766941938,2022,2021-12-31,native_mse,20260912,0.00258122146459616,,1,0
fixed_transform_step50,2819,2022-09-02,2022-09-13,0.0253340680878015,2022,2021-12-31,native_mse,20260912,0.003426320209529877,,1,1
fixed_transform_step50,2824,2022-09-09,2022-09-19,-0.044647264962877,2022,2021-12-31,native_mse,20260912,0.004071954177543495,,1,0
fixed_transform_step50,2828,2022-09-16,2022-09-26,-0.025155151434928,2022,2021-12-31,native_mse,20260912,0.004321372628556118,,1,0
fixed_transform_step50,2833,2022-09-23,2022-10-10,-0.0060162941299352,2022,2021-12-31,native_mse,20260912,0.0034216908995016978,,1,0
fixed_transform_step50,2838,2022-09-30,2022-10-17,0.0041192047412885,2022,2021-12-31,native_mse,20260912,0.003515450079575204,,1,1
fixed_transform_step50,2843,2022-10-14,2022-10-24,-0.0246766294110258,2022,2021-12-31,native_mse,20260912,0.002607809358206801,,1,0
fixed_transform_step50,2848,2022-10-21,2022-10-31,-0.059928861134359,2022,2021-12-31,native_mse,20260912,0.003699251753992663,,1,0
fixed_transform_step50,2853,2022-10-28,2022-11-07,0.071339502526744,2022,2021-12-31,native_mse,20260912,0.0018115173178016464,,1,1
fixed_transform_step50,2858,2022-11-04,2022-11-14,0.0169449090696014,2022,2021-12-31,native_mse,20260912,0.0023418219066621243,,1,1
fixed_transform_step50,2863,2022-11-11,2022-11-21,-0.0127051391515239,2022,2021-12-31,native_mse,20260912,0.0018573604038192703,,1,0
fixed_transform_step50,2868,2022-11-18,2022-11-28,-0.0179672806084416,2022,2021-12-31,native_mse,20260912,0.0016249204309614228,,1,0
fixed_transform_step50,2873,2022-11-25,2022-12-05,0.0555768659337096,2022,2021-12-31,native_mse,20260912,0.0016075771422150188,,1,1
fixed_transform_step50,2878,2022-12-02,2022-12-12,0.0175374394775362,2022,2021-12-31,native_mse,20260912,0.0015010231403169106,,1,1
fixed_transform_step50,2883,2022-12-09,2022-12-19,-0.0058850602464181,2022,2021-12-31,native_mse,20260912,0.001187317105345827,,1,0
fixed_transform_step50,2888,2022-12-16,2022-12-26,-0.0309150292073658,2022,2021-12-31,native_mse,20260912,0.0019485697779955545,,1,0
fixed_transform_step50,2893,2022-12-23,2023-01-03,0.0089464492229616,2022,2021-12-31,native_mse,20260912,0.0001928217320369698,,1,1
fixed_transform_step50,2898,2022-12-30,2023-01-09,0.0345913414268119,2022,2021-12-31,native_mse,20260912,0.00047968928790032895,,1,1
fixed_transform_step50,2902,2023-01-06,2023-01-16,0.0198447929614133,2023,2022-12-31,native_mse,20260910,-0.0025267983391307767,,0,1
fixed_transform_step50,2907,2023-01-13,2023-01-30,0.0465290788350809,2023,2022-12-31,native_mse,20260910,-0.0004635399148201708,,0,1
fixed_transform_step50,2912,2023-01-20,2023-02-06,-0.0383797057844887,2023,2022-12-31,native_mse,20260910,7.519190422555292e-05,,1,0
fixed_transform_step50,2917,2023-02-03,2023-02-13,-0.0012061903149008,2023,2022-12-31,native_mse,20260910,0.0016271329266920357,,1,0
fixed_transform_step50,2922,2023-02-10,2023-02-20,-0.0143746584432821,2023,2022-12-31,native_mse,20260910,-0.0011564163814400644,,0,0
fixed_transform_step50,2927,2023-02-17,2023-02-27,0.0001237636016198,2023,2022-12-31,native_mse,20260910,-0.0016426518503498255,,0,1
fixed_transform_step50,2932,2023-02-24,2023-03-06,0.0224454641303217,2023,2022-12-31,native_mse,20260910,0.0015810555880606469,,1,1
fixed_transform_step50,2937,2023-03-03,2023-03-13,-0.0407900947678007,2023,2022-12-31,native_mse,20260910,0.0007073892257839969,,1,0
fixed_transform_step50,2942,2023-03-10,2023-03-20,5.0471402903706775e-06,2023,2022-12-31,native_mse,20260910,-0.0001794060398361263,,0,1
fixed_transform_step50,2947,2023-03-17,2023-03-27,0.015302852124583,2023,2022-12-31,native_mse,20260910,-0.0018976163672993884,,0,1
fixed_transform_step50,2952,2023-03-24,2023-04-03,0.0090274153058433,2023,2022-12-31,native_mse,20260910,-0.001832954139676603,,0,1
fixed_transform_step50,2957,2023-03-31,2023-04-10,0.0178317182396383,2023,2022-12-31,native_mse,20260910,-0.00172129069982479,,0,1
fixed_transform_step50,2961,2023-04-07,2023-04-17,-0.0101500238382772,2023,2022-12-31,native_mse,20260910,-0.00033641886926452733,,0,0
fixed_transform_step50,2966,2023-04-14,2023-04-24,-0.014368947230732,2023,2022-12-31,native_mse,20260910,-0.0013230092163269815,,0,0
fixed_transform_step50,2971,2023-04-21,2023-05-04,-0.0044228908788729,2023,2022-12-31,native_mse,20260910,-0.0007286066396655064,,0,0
fixed_transform_step50,2976,2023-04-28,2023-05-10,0.0036477163153083,2023,2022-12-31,native_mse,20260910,-0.00030575704561793394,,0,1
fixed_transform_step50,2978,2023-05-05,2023-05-15,-0.0221642407977935,2023,2022-12-31,native_mse,20260910,-0.00011486613921578474,,0,0
fixed_transform_step50,2983,2023-05-12,2023-05-22,0.0005509250208819,2023,2022-12-31,native_mse,20260910,-0.0001792163459168561,,0,1
fixed_transform_step50,2988,2023-05-19,2023-05-29,-0.0200253742704897,2023,2022-12-31,native_mse,20260910,0.0009439667644663131,,1,0
fixed_transform_step50,2993,2023-05-26,2023-06-05,-0.0003935703040848,2023,2022-12-31,native_mse,20260910,0.000557122093874036,,1,0
fixed_transform_step50,2998,2023-06-02,2023-06-12,-0.0086075595250429,2023,2022-12-31,native_mse,20260910,-0.001180815938657947,,0,0
fixed_transform_step50,3003,2023-06-09,2023-06-19,0.0338878539347273,2023,2022-12-31,native_mse,20260910,-0.0014426234760102343,,0,1
fixed_transform_step50,3008,2023-06-16,2023-07-03,-0.026216632171098,2023,2022-12-31,native_mse,20260910,-0.0010042817493535598,,0,0
fixed_transform_step50,3016,2023-06-30,2023-07-10,-0.0030441518806006,2023,2022-12-31,native_mse,20260910,-0.0011931588855691256,,0,0
fixed_transform_step50,3021,2023-07-07,2023-07-17,0.0104280552692135,2023,2022-12-31,native_mse,20260910,-0.001925244639091561,,0,1
fixed_transform_step50,3026,2023-07-14,2023-07-24,-0.0201642613135752,2023,2022-12-31,native_mse,20260910,0.00072512762062503,,1,0
fixed_transform_step50,3031,2023-07-21,2023-07-31,0.0566710925894278,2023,2022-12-31,native_mse,20260910,0.0009939160139214966,,1,1
fixed_transform_step50,3036,2023-07-28,2023-08-07,-0.0039612927947766,2023,2022-12-31,native_mse,20260910,-0.0005682320215149167,,0,0
fixed_transform_step50,3041,2023-08-04,2023-08-14,-0.0404899362223548,2023,2022-12-31,native_mse,20260910,-0.0009301134947241365,,0,0
fixed_transform_step50,3046,2023-08-11,2023-08-21,-0.0176157088591445,2023,2022-12-31,native_mse,20260910,-0.000726777176221484,,0,0
fixed_transform_step50,3051,2023-08-18,2023-08-28,0.0366582477081969,2023,2022-12-31,native_mse,20260910,0.0008756120897448488,,1,1
fixed_transform_step50,3056,2023-08-25,2023-09-04,-0.025197172476384,2023,2022-12-31,native_mse,20260910,-0.0006648239910763075,,0,0
fixed_transform_step50,3061,2023-09-01,2023-09-11,-0.0189903461587886,2023,2022-12-31,native_mse,20260910,0.00015839660362514175,,1,0
fixed_transform_step50,3066,2023-09-08,2023-09-18,-0.0111346368744954,2023,2022-12-31,native_mse,20260910,0.001744965500114605,,1,0
fixed_transform_step50,3071,2023-09-15,2023-09-25,0.0105787349314532,2023,2022-12-31,native_mse,20260910,0.0006876575211446893,,1,1
fixed_transform_step50,3076,2023-09-22,2023-10-16,-0.0198017153282719,2023,2022-12-31,native_mse,20260910,-0.00243132015475,,0,0
fixed_transform_step50,3085,2023-10-13,2023-10-23,-0.0447156690429144,2023,2022-12-31,native_mse,20260910,-0.0021908711949872265,,0,0
fixed_transform_step50,3090,2023-10-20,2023-10-30,0.0154019770298841,2023,2022-12-31,native_mse,20260910,-0.0005611083237640583,,0,1
fixed_transform_step50,3095,2023-10-27,2023-11-06,0.0152527637017425,2023,2022-12-31,native_mse,20260910,0.0010289915405626282,,1,1
fixed_transform_step50,3100,2023-11-03,2023-11-13,-0.0039935482440582,2023,2022-12-31,native_mse,20260910,0.001023319006735779,,1,0
fixed_transform_step50,3105,2023-11-10,2023-11-20,-0.0067280482816765,2023,2022-12-31,native_mse,20260910,-0.0009564130384265961,,0,0
fixed_transform_step50,3110,2023-11-17,2023-11-27,-0.0098859017348651,2023,2022-12-31,native_mse,20260910,0.00023192130830153903,,1,0
fixed_transform_step50,3115,2023-11-24,2023-12-04,-0.0151084754586299,2023,2022-12-31,native_mse,20260910,0.0008732338960994725,,1,0
fixed_transform_step50,3120,2023-12-01,2023-12-11,-0.0295859857973478,2023,2022-12-31,native_mse,20260910,0.000837366835393595,,1,0
fixed_transform_step50,3125,2023-12-08,2023-12-18,-0.0144639658974852,2023,2022-12-31,native_mse,20260910,0.0006391538307731006,,1,0
fixed_transform_step50,3130,2023-12-15,2023-12-25,0.0003424256350643,2023,2022-12-31,native_mse,20260910,0.000382991564868559,,1,1
fixed_transform_step50,3135,2023-12-22,2024-01-02,0.0288079559683274,2023,2022-12-31,native_mse,20260910,-0.0008222024683218445,,0,1
fixed_transform_step50,3140,2023-12-29,2024-01-08,-0.0302544749829989,2023,2022-12-31,native_mse,20260910,0.0008212539531046094,,1,0
fixed_transform_step50,2902,2023-01-06,2023-01-16,0.0198447929614133,2023,2022-12-31,native_mse,20260911,-0.0028881799476405084,,0,1
fixed_transform_step50,2907,2023-01-13,2023-01-30,0.0465290788350809,2023,2022-12-31,native_mse,20260911,0.002600529697082545,,1,1
fixed_transform_step50,2912,2023-01-20,2023-02-06,-0.0383797057844887,2023,2022-12-31,native_mse,20260911,0.009824735187562814,,1,0
fixed_transform_step50,2917,2023-02-03,2023-02-13,-0.0012061903149008,2023,2022-12-31,native_mse,20260911,0.001758336799202022,,1,0
fixed_transform_step50,2922,2023-02-10,2023-02-20,-0.0143746584432821,2023,2022-12-31,native_mse,20260911,-0.004455423490420713,,0,0
fixed_transform_step50,2927,2023-02-17,2023-02-27,0.0001237636016198,2023,2022-12-31,native_mse,20260911,-0.004320463721841919,,0,1
fixed_transform_step50,2932,2023-02-24,2023-03-06,0.0224454641303217,2023,2022-12-31,native_mse,20260911,0.007109894584169036,,1,1
fixed_transform_step50,2937,2023-03-03,2023-03-13,-0.0407900947678007,2023,2022-12-31,native_mse,20260911,0.012121075090535267,,1,0
fixed_transform_step50,2942,2023-03-10,2023-03-20,5.0471402903706775e-06,2023,2022-12-31,native_mse,20260911,-0.0015684618293498606,,0,1
fixed_transform_step50,2947,2023-03-17,2023-03-27,0.015302852124583,2023,2022-12-31,native_mse,20260911,-0.00455123687690783,,0,1
fixed_transform_step50,2952,2023-03-24,2023-04-03,0.0090274153058433,2023,2022-12-31,native_mse,20260911,-0.0032713642765306557,,0,1
fixed_transform_step50,2957,2023-03-31,2023-04-10,0.0178317182396383,2023,2022-12-31,native_mse,20260911,0.009972413917103892,,1,1
fixed_transform_step50,2961,2023-04-07,2023-04-17,-0.0101500238382772,2023,2022-12-31,native_mse,20260911,0.007806808930188104,,1,0
fixed_transform_step50,2966,2023-04-14,2023-04-24,-0.014368947230732,2023,2022-12-31,native_mse,20260911,0.007226249329863683,,1,0
fixed_transform_step50,2971,2023-04-21,2023-05-04,-0.0044228908788729,2023,2022-12-31,native_mse,20260911,-0.0024232716039148286,,0,0
fixed_transform_step50,2976,2023-04-28,2023-05-10,0.0036477163153083,2023,2022-12-31,native_mse,20260911,-0.003907239624967295,,0,1
fixed_transform_step50,2978,2023-05-05,2023-05-15,-0.0221642407977935,2023,2022-12-31,native_mse,20260911,-0.0031947009428460477,,0,0
fixed_transform_step50,2983,2023-05-12,2023-05-22,0.0005509250208819,2023,2022-12-31,native_mse,20260911,0.003981441571850173,,1,1
fixed_transform_step50,2988,2023-05-19,2023-05-29,-0.0200253742704897,2023,2022-12-31,native_mse,20260911,0.01107004322684732,,1,0
fixed_transform_step50,2993,2023-05-26,2023-06-05,-0.0003935703040848,2023,2022-12-31,native_mse,20260911,0.004560043069480671,,1,0
fixed_transform_step50,2998,2023-06-02,2023-06-12,-0.0086075595250429,2023,2022-12-31,native_mse,20260911,-0.0048559678058000275,,0,0
fixed_transform_step50,3003,2023-06-09,2023-06-19,0.0338878539347273,2023,2022-12-31,native_mse,20260911,-0.0042897134995229635,,0,1
fixed_transform_step50,3008,2023-06-16,2023-07-03,-0.026216632171098,2023,2022-12-31,native_mse,20260911,-0.004761761648113702,,0,0
fixed_transform_step50,3016,2023-06-30,2023-07-10,-0.0030441518806006,2023,2022-12-31,native_mse,20260911,0.001449000541630631,,1,0
fixed_transform_step50,3021,2023-07-07,2023-07-17,0.0104280552692135,2023,2022-12-31,native_mse,20260911,-0.005015012063383114,,0,1
fixed_transform_step50,3026,2023-07-14,2023-07-24,-0.0201642613135752,2023,2022-12-31,native_mse,20260911,-0.002212730290267345,,0,0
fixed_transform_step50,3031,2023-07-21,2023-07-31,0.0566710925894278,2023,2022-12-31,native_mse,20260911,-0.005112763962830667,,0,1
fixed_transform_step50,3036,2023-07-28,2023-08-07,-0.0039612927947766,2023,2022-12-31,native_mse,20260911,-0.0052814272148835025,,0,0
fixed_transform_step50,3041,2023-08-04,2023-08-14,-0.0404899362223548,2023,2022-12-31,native_mse,20260911,-0.004618211999064367,,0,0
fixed_transform_step50,3046,2023-08-11,2023-08-21,-0.0176157088591445,2023,2022-12-31,native_mse,20260911,0.009053312378542757,,1,0
fixed_transform_step50,3051,2023-08-18,2023-08-28,0.0366582477081969,2023,2022-12-31,native_mse,20260911,0.004561021250172811,,1,1
fixed_transform_step50,3056,2023-08-25,2023-09-04,-0.025197172476384,2023,2022-12-31,native_mse,20260911,-0.0025275908526821967,,0,0
fixed_transform_step50,3061,2023-09-01,2023-09-11,-0.0189903461587886,2023,2022-12-31,native_mse,20260911,-0.0049631793698849645,,0,0
fixed_transform_step50,3066,2023-09-08,2023-09-18,-0.0111346368744954,2023,2022-12-31,native_mse,20260911,0.00680202581529956,,1,0
fixed_transform_step50,3071,2023-09-15,2023-09-25,0.0105787349314532,2023,2022-12-31,native_mse,20260911,0.008596091481564963,,1,1
fixed_transform_step50,3076,2023-09-22,2023-10-16,-0.0198017153282719,2023,2022-12-31,native_mse,20260911,-0.0031471179155324424,,0,0
fixed_transform_step50,3085,2023-10-13,2023-10-23,-0.0447156690429144,2023,2022-12-31,native_mse,20260911,-0.004148291730857776,,0,0
fixed_transform_step50,3090,2023-10-20,2023-10-30,0.0154019770298841,2023,2022-12-31,native_mse,20260911,-0.005712800982170543,,0,1
fixed_transform_step50,3095,2023-10-27,2023-11-06,0.0152527637017425,2023,2022-12-31,native_mse,20260911,-0.0033253387808900993,,0,1
fixed_transform_step50,3100,2023-11-03,2023-11-13,-0.0039935482440582,2023,2022-12-31,native_mse,20260911,-0.0006739370262628165,,0,0
fixed_transform_step50,3105,2023-11-10,2023-11-20,-0.0067280482816765,2023,2022-12-31,native_mse,20260911,-0.004003258050664914,,0,0
fixed_transform_step50,3110,2023-11-17,2023-11-27,-0.0098859017348651,2023,2022-12-31,native_mse,20260911,-0.003231557067429336,,0,0
fixed_transform_step50,3115,2023-11-24,2023-12-04,-0.0151084754586299,2023,2022-12-31,native_mse,20260911,-0.003968465813336381,,0,0
fixed_transform_step50,3120,2023-12-01,2023-12-11,-0.0295859857973478,2023,2022-12-31,native_mse,20260911,-0.004170192617569334,,0,0
fixed_transform_step50,3125,2023-12-08,2023-12-18,-0.0144639658974852,2023,2022-12-31,native_mse,20260911,-0.004708072283208354,,0,0
fixed_transform_step50,3130,2023-12-15,2023-12-25,0.0003424256350643,2023,2022-12-31,native_mse,20260911,-0.005014383450601872,,0,1
fixed_transform_step50,3135,2023-12-22,2024-01-02,0.0288079559683274,2023,2022-12-31,native_mse,20260911,-0.005140476035149425,,0,1
fixed_transform_step50,3140,2023-12-29,2024-01-08,-0.0302544749829989,2023,2022-12-31,native_mse,20260911,-0.0034098597743402285,,0,0
fixed_transform_step50,2902,2023-01-06,2023-01-16,0.0198447929614133,2023,2022-12-31,native_mse,20260912,0.0004281627694943007,,1,1
fixed_transform_step50,2907,2023-01-13,2023-01-30,0.0465290788350809,2023,2022-12-31,native_mse,20260912,4.2102919401855305e-05,,1,1
fixed_transform_step50,2912,2023-01-20,2023-02-06,-0.0383797057844887,2023,2022-12-31,native_mse,20260912,0.0010967633118809882,,1,0
fixed_transform_step50,2917,2023-02-03,2023-02-13,-0.0012061903149008,2023,2022-12-31,native_mse,20260912,0.0008747039967658528,,1,0
fixed_transform_step50,2922,2023-02-10,2023-02-20,-0.0143746584432821,2023,2022-12-31,native_mse,20260912,0.0001818132935792269,,1,0
fixed_transform_step50,2927,2023-02-17,2023-02-27,0.0001237636016198,2023,2022-12-31,native_mse,20260912,0.00010126624081480557,,1,1
fixed_transform_step50,2932,2023-02-24,2023-03-06,0.0224454641303217,2023,2022-12-31,native_mse,20260912,0.000782385799644381,,1,1
fixed_transform_step50,2937,2023-03-03,2023-03-13,-0.0407900947678007,2023,2022-12-31,native_mse,20260912,0.00040350503591383166,,1,0
fixed_transform_step50,2942,2023-03-10,2023-03-20,5.0471402903706775e-06,2023,2022-12-31,native_mse,20260912,0.00023517524465769396,,1,1
fixed_transform_step50,2947,2023-03-17,2023-03-27,0.015302852124583,2023,2022-12-31,native_mse,20260912,-0.0005550490015326846,,0,1
fixed_transform_step50,2952,2023-03-24,2023-04-03,0.0090274153058433,2023,2022-12-31,native_mse,20260912,0.0004555071806066471,,1,1
fixed_transform_step50,2957,2023-03-31,2023-04-10,0.0178317182396383,2023,2022-12-31,native_mse,20260912,0.0006137448037054246,,1,1
fixed_transform_step50,2961,2023-04-07,2023-04-17,-0.0101500238382772,2023,2022-12-31,native_mse,20260912,0.0007714668086940345,,1,0
fixed_transform_step50,2966,2023-04-14,2023-04-24,-0.014368947230732,2023,2022-12-31,native_mse,20260912,0.0006120128536014287,,1,0
fixed_transform_step50,2971,2023-04-21,2023-05-04,-0.0044228908788729,2023,2022-12-31,native_mse,20260912,0.0004168718728952876,,1,0
fixed_transform_step50,2976,2023-04-28,2023-05-10,0.0036477163153083,2023,2022-12-31,native_mse,20260912,0.0007975995131662927,,1,1
fixed_transform_step50,2978,2023-05-05,2023-05-15,-0.0221642407977935,2023,2022-12-31,native_mse,20260912,3.748499343571029e-05,,1,0
fixed_transform_step50,2983,2023-05-12,2023-05-22,0.0005509250208819,2023,2022-12-31,native_mse,20260912,0.00013564688457888487,,1,1
fixed_transform_step50,2988,2023-05-19,2023-05-29,-0.0200253742704897,2023,2022-12-31,native_mse,20260912,0.0006049797039520234,,1,0
fixed_transform_step50,2993,2023-05-26,2023-06-05,-0.0003935703040848,2023,2022-12-31,native_mse,20260912,5.080512794837295e-05,,1,0
fixed_transform_step50,2998,2023-06-02,2023-06-12,-0.0086075595250429,2023,2022-12-31,native_mse,20260912,-0.0003527596454530836,,0,0
fixed_transform_step50,3003,2023-06-09,2023-06-19,0.0338878539347273,2023,2022-12-31,native_mse,20260912,-0.0004629538008774116,,0,1
fixed_transform_step50,3008,2023-06-16,2023-07-03,-0.026216632171098,2023,2022-12-31,native_mse,20260912,-0.0003413110242915335,,0,0
fixed_transform_step50,3016,2023-06-30,2023-07-10,-0.0030441518806006,2023,2022-12-31,native_mse,20260912,0.0003431408638381007,,1,0
fixed_transform_step50,3021,2023-07-07,2023-07-17,0.0104280552692135,2023,2022-12-31,native_mse,20260912,0.000814771057302496,,1,1
fixed_transform_step50,3026,2023-07-14,2023-07-24,-0.0201642613135752,2023,2022-12-31,native_mse,20260912,0.0006501402430561996,,1,0
fixed_transform_step50,3031,2023-07-21,2023-07-31,0.0566710925894278,2023,2022-12-31,native_mse,20260912,2.5045124957704355e-05,,1,1
fixed_transform_step50,3036,2023-07-28,2023-08-07,-0.0039612927947766,2023,2022-12-31,native_mse,20260912,0.00047471401642830695,,1,0
fixed_transform_step50,3041,2023-08-04,2023-08-14,-0.0404899362223548,2023,2022-12-31,native_mse,20260912,0.0008553072765691807,,1,0
fixed_transform_step50,3046,2023-08-11,2023-08-21,-0.0176157088591445,2023,2022-12-31,native_mse,20260912,0.0015027086256146451,,1,0
fixed_transform_step50,3051,2023-08-18,2023-08-28,0.0366582477081969,2023,2022-12-31,native_mse,20260912,0.0006099353623650846,,1,1
fixed_transform_step50,3056,2023-08-25,2023-09-04,-0.025197172476384,2023,2022-12-31,native_mse,20260912,0.00044421971221099443,,1,0
fixed_transform_step50,3061,2023-09-01,2023-09-11,-0.0189903461587886,2023,2022-12-31,native_mse,20260912,-0.0002025361551160587,,0,0
fixed_transform_step50,3066,2023-09-08,2023-09-18,-0.0111346368744954,2023,2022-12-31,native_mse,20260912,0.00041052847232038274,,1,0
fixed_transform_step50,3071,2023-09-15,2023-09-25,0.0105787349314532,2023,2022-12-31,native_mse,20260912,0.0001624781603077036,,1,1
fixed_transform_step50,3076,2023-09-22,2023-10-16,-0.0198017153282719,2023,2022-12-31,native_mse,20260912,-2.0047557486308507e-05,,0,0
fixed_transform_step50,3085,2023-10-13,2023-10-23,-0.0447156690429144,2023,2022-12-31,native_mse,20260912,-7.666747850147154e-05,,0,0
fixed_transform_step50,3090,2023-10-20,2023-10-30,0.0154019770298841,2023,2022-12-31,native_mse,20260912,0.00029732197364893017,,1,1
fixed_transform_step50,3095,2023-10-27,2023-11-06,0.0152527637017425,2023,2022-12-31,native_mse,20260912,0.0012245039371740986,,1,1
fixed_transform_step50,3100,2023-11-03,2023-11-13,-0.0039935482440582,2023,2022-12-31,native_mse,20260912,0.00041856415378897153,,1,0
fixed_transform_step50,3105,2023-11-10,2023-11-20,-0.0067280482816765,2023,2022-12-31,native_mse,20260912,0.00022000524072862617,,1,0
fixed_transform_step50,3110,2023-11-17,2023-11-27,-0.0098859017348651,2023,2022-12-31,native_mse,20260912,-0.00011003873914113989,,0,0
fixed_transform_step50,3115,2023-11-24,2023-12-04,-0.0151084754586299,2023,2022-12-31,native_mse,20260912,0.0006004861455855604,,1,0
fixed_transform_step50,3120,2023-12-01,2023-12-11,-0.0295859857973478,2023,2022-12-31,native_mse,20260912,9.164477722239853e-05,,1,0
fixed_transform_step50,3125,2023-12-08,2023-12-18,-0.0144639658974852,2023,2022-12-31,native_mse,20260912,0.0003716320497864135,,1,0
fixed_transform_step50,3130,2023-12-15,2023-12-25,0.0003424256350643,2023,2022-12-31,native_mse,20260912,0.0007186720416179463,,1,1
fixed_transform_step50,3135,2023-12-22,2024-01-02,0.0288079559683274,2023,2022-12-31,native_mse,20260912,0.00031752353260434155,,1,1
fixed_transform_step50,3140,2023-12-29,2024-01-08,-0.0302544749829989,2023,2022-12-31,native_mse,20260912,-5.293223214677527e-06,,0,0
fixed_transform_step50,3144,2024-01-05,2024-01-15,-0.0158038409563566,2024,2023-12-31,native_mse,20260910,0.000251131835275678,,1,0
fixed_transform_step50,3149,2024-01-12,2024-01-22,-0.002333261979756,2024,2023-12-31,native_mse,20260910,0.0007362057214049004,,1,0
fixed_transform_step50,3154,2024-01-19,2024-01-29,0.0223511633823452,2024,2023-12-31,native_mse,20260910,-0.00023540604600351487,,0,1
fixed_transform_step50,3159,2024-01-26,2024-02-05,-0.0513103415192826,2024,2023-12-31,native_mse,20260910,-0.001531436704987099,,0,0
fixed_transform_step50,3164,2024-02-02,2024-02-26,0.1015374891364462,2024,2023-12-31,native_mse,20260910,0.004796229141878599,,1,1
fixed_transform_step50,3173,2024-02-23,2024-03-04,0.0151569053862528,2024,2023-12-31,native_mse,20260910,0.005981439448417525,,1,1
fixed_transform_step50,3178,2024-03-01,2024-03-11,0.0021394031715169,2024,2023-12-31,native_mse,20260910,0.002923079585146593,,1,1
fixed_transform_step50,3183,2024-03-08,2024-03-18,0.0087762342284414,2024,2023-12-31,native_mse,20260910,0.004534858645957669,,1,1
fixed_transform_step50,3188,2024-03-15,2024-03-25,-0.0112802133595746,2024,2023-12-31,native_mse,20260910,0.004141952477981538,,1,0
fixed_transform_step50,3193,2024-03-22,2024-04-01,0.0042044725182444,2024,2023-12-31,native_mse,20260910,0.0018727898596620025,,1,1
fixed_transform_step50,3198,2024-03-29,2024-04-15,-0.0219845815102011,2024,2023-12-31,native_mse,20260910,0.0003645787473085561,,1,0
fixed_transform_step50,3206,2024-04-12,2024-04-22,0.018045199366633,2024,2023-12-31,native_mse,20260910,-0.00021832918624461518,,0,1
fixed_transform_step50,3211,2024-04-19,2024-04-29,0.0136757744232476,2024,2023-12-31,native_mse,20260910,0.0005323002819172812,,1,1
fixed_transform_step50,3216,2024-04-26,2024-05-13,0.0172434956786644,2024,2023-12-31,native_mse,20260910,-0.00014728683736751251,,0,1
fixed_transform_step50,3223,2024-05-10,2024-05-20,0.0097933549988344,2024,2023-12-31,native_mse,20260910,0.0004133340837300701,,1,1
fixed_transform_step50,3228,2024-05-17,2024-05-27,-0.0204803832637164,2024,2023-12-31,native_mse,20260910,0.0036262081384896457,,1,0
fixed_transform_step50,3233,2024-05-24,2024-06-03,-0.0081155643048258,2024,2023-12-31,native_mse,20260910,0.0049904247327292855,,1,0
fixed_transform_step50,3238,2024-05-31,2024-06-11,-0.0060267570121149,2024,2023-12-31,native_mse,20260910,0.0040244113389711345,,1,0
fixed_transform_step50,3243,2024-06-07,2024-06-17,-0.0096686558937179,2024,2023-12-31,native_mse,20260910,0.008609928356971403,,1,0
fixed_transform_step50,3247,2024-06-14,2024-06-24,-0.013573992457631,2024,2023-12-31,native_mse,20260910,0.008961501129694911,,1,0
fixed_transform_step50,3252,2024-06-21,2024-07-01,-0.004427632109257,2024,2023-12-31,native_mse,20260910,0.0009177608055072099,,1,0
fixed_transform_step50,3257,2024-06-28,2024-07-08,-0.0108320369203009,2024,2023-12-31,native_mse,20260910,0.0030020981914033497,,1,0
fixed_transform_step50,3262,2024-07-05,2024-07-15,0.0122222871842843,2024,2023-12-31,native_mse,20260910,0.00336049012064386,,1,1
fixed_transform_step50,3267,2024-07-12,2024-07-22,0.0218881133018156,2024,2023-12-31,native_mse,20260910,-0.0006421845267103974,,0,1
fixed_transform_step50,3272,2024-07-19,2024-07-29,-0.0378787022382998,2024,2023-12-31,native_mse,20260910,0.0004540341648428114,,1,0
fixed_transform_step50,3277,2024-07-26,2024-08-05,-0.0124134568216732,2024,2023-12-31,native_mse,20260910,0.0013231998081271626,,1,0
fixed_transform_step50,3282,2024-08-02,2024-08-12,-0.0102762848330364,2024,2023-12-31,native_mse,20260910,0.001303372172405589,,1,0
fixed_transform_step50,3287,2024-08-09,2024-08-19,0.0050186923751938,2024,2023-12-31,native_mse,20260910,0.00011119162293128984,,1,1
fixed_transform_step50,3292,2024-08-16,2024-08-26,-0.0040487282687352,2024,2023-12-31,native_mse,20260910,0.0014903087569155989,,1,0
fixed_transform_step50,3297,2024-08-23,2024-09-02,-0.0069594562136714,2024,2023-12-31,native_mse,20260910,-0.0030751570665977007,,0,0
fixed_transform_step50,3302,2024-08-30,2024-09-09,-0.0280389655151561,2024,2023-12-31,native_mse,20260910,-0.003508085985855703,,0,0
fixed_transform_step50,3307,2024-09-06,2024-09-18,-0.0174132138857783,2024,2023-12-31,native_mse,20260910,-0.0025693655960970898,,0,0
fixed_transform_step50,3312,2024-09-13,2024-09-24,0.0133119329369826,2024,2023-12-31,native_mse,20260910,0.00017194356388446877,,1,1
fixed_transform_step50,3315,2024-09-20,2024-09-30,0.2017513988384409,2024,2023-12-31,native_mse,20260910,0.0007791555801138394,,1,1
fixed_transform_step50,3320,2024-09-27,2024-10-14,0.0178259004588408,2024,2023-12-31,native_mse,20260910,0.0007616530796663938,,1,1
fixed_transform_step50,3325,2024-10-11,2024-10-21,0.0080914993282625,2024,2023-12-31,native_mse,20260910,-0.0026429925872939004,,0,1
fixed_transform_step50,3330,2024-10-18,2024-10-28,0.0015733867085561,2024,2023-12-31,native_mse,20260910,-0.004083051697418182,,0,1
fixed_transform_step50,3335,2024-10-25,2024-11-04,-0.0140142824257356,2024,2023-12-31,native_mse,20260910,-0.003618447449131282,,0,0
fixed_transform_step50,3340,2024-11-01,2024-11-11,0.0434152361258277,2024,2023-12-31,native_mse,20260910,-0.0042863223001300965,,0,1
fixed_transform_step50,3345,2024-11-08,2024-11-18,-0.0208584853931589,2024,2023-12-31,native_mse,20260910,-0.0028591792362593097,,0,0
fixed_transform_step50,3350,2024-11-15,2024-11-25,-0.0267421712161923,2024,2023-12-31,native_mse,20260910,-0.0017028092388012967,,0,0
fixed_transform_step50,3355,2024-11-22,2024-12-02,0.0087960346887328,2024,2023-12-31,native_mse,20260910,-0.0009456406767515755,,0,1
fixed_transform_step50,3360,2024-11-29,2024-12-09,0.0155919891551781,2024,2023-12-31,native_mse,20260910,-0.0002599534945060551,,0,1
fixed_transform_step50,3365,2024-12-06,2024-12-16,-0.0100436703218104,2024,2023-12-31,native_mse,20260910,0.0007542474780432574,,1,0
fixed_transform_step50,3370,2024-12-13,2024-12-23,-0.0006690784017421,2024,2023-12-31,native_mse,20260910,-0.0007125951992407705,,0,0
fixed_transform_step50,3375,2024-12-20,2024-12-30,0.0123595076562756,2024,2023-12-31,native_mse,20260910,-0.0012475930255920083,,0,1
fixed_transform_step50,3380,2024-12-27,2025-01-06,-0.0504714964669198,2024,2023-12-31,native_mse,20260910,-0.00024548952899875387,,0,0
fixed_transform_step50,3144,2024-01-05,2024-01-15,-0.0158038409563566,2024,2023-12-31,native_mse,20260911,0.006524465736805172,,1,0
fixed_transform_step50,3149,2024-01-12,2024-01-22,-0.002333261979756,2024,2023-12-31,native_mse,20260911,0.008213225375018137,,1,0
fixed_transform_step50,3154,2024-01-19,2024-01-29,0.0223511633823452,2024,2023-12-31,native_mse,20260911,0.009988969845384454,,1,1
fixed_transform_step50,3159,2024-01-26,2024-02-05,-0.0513103415192826,2024,2023-12-31,native_mse,20260911,0.007709942184731473,,1,0
fixed_transform_step50,3164,2024-02-02,2024-02-26,0.1015374891364462,2024,2023-12-31,native_mse,20260911,0.006449485928463916,,1,1
fixed_transform_step50,3173,2024-02-23,2024-03-04,0.0151569053862528,2024,2023-12-31,native_mse,20260911,0.010256530380527457,,1,1
fixed_transform_step50,3178,2024-03-01,2024-03-11,0.0021394031715169,2024,2023-12-31,native_mse,20260911,0.00705766649461919,,1,1
fixed_transform_step50,3183,2024-03-08,2024-03-18,0.0087762342284414,2024,2023-12-31,native_mse,20260911,0.008632918878357794,,1,1
fixed_transform_step50,3188,2024-03-15,2024-03-25,-0.0112802133595746,2024,2023-12-31,native_mse,20260911,0.004101422624994645,,1,0
fixed_transform_step50,3193,2024-03-22,2024-04-01,0.0042044725182444,2024,2023-12-31,native_mse,20260911,0.0049895841353934664,,1,1
fixed_transform_step50,3198,2024-03-29,2024-04-15,-0.0219845815102011,2024,2023-12-31,native_mse,20260911,0.0016010611409444046,,1,0
fixed_transform_step50,3206,2024-04-12,2024-04-22,0.018045199366633,2024,2023-12-31,native_mse,20260911,0.001857502186560773,,1,1
fixed_transform_step50,3211,2024-04-19,2024-04-29,0.0136757744232476,2024,2023-12-31,native_mse,20260911,0.009651811290201222,,1,1
fixed_transform_step50,3216,2024-04-26,2024-05-13,0.0172434956786644,2024,2023-12-31,native_mse,20260911,0.005960111287081512,,1,1
fixed_transform_step50,3223,2024-05-10,2024-05-20,0.0097933549988344,2024,2023-12-31,native_mse,20260911,-0.004933376296222066,,0,1
fixed_transform_step50,3228,2024-05-17,2024-05-27,-0.0204803832637164,2024,2023-12-31,native_mse,20260911,-0.003099362011607103,,0,0
fixed_transform_step50,3233,2024-05-24,2024-06-03,-0.0081155643048258,2024,2023-12-31,native_mse,20260911,-0.0038744398417857777,,0,0
fixed_transform_step50,3238,2024-05-31,2024-06-11,-0.0060267570121149,2024,2023-12-31,native_mse,20260911,-0.0020292253039693184,,0,0
fixed_transform_step50,3243,2024-06-07,2024-06-17,-0.0096686558937179,2024,2023-12-31,native_mse,20260911,5.7354393489387904e-05,,1,0
fixed_transform_step50,3247,2024-06-14,2024-06-24,-0.013573992457631,2024,2023-12-31,native_mse,20260911,0.0016373878025280563,,1,0
fixed_transform_step50,3252,2024-06-21,2024-07-01,-0.004427632109257,2024,2023-12-31,native_mse,20260911,0.0027588932782398315,,1,0
fixed_transform_step50,3257,2024-06-28,2024-07-08,-0.0108320369203009,2024,2023-12-31,native_mse,20260911,0.0032470747873102144,,1,0
fixed_transform_step50,3262,2024-07-05,2024-07-15,0.0122222871842843,2024,2023-12-31,native_mse,20260911,0.002652089101692747,,1,1
fixed_transform_step50,3267,2024-07-12,2024-07-22,0.0218881133018156,2024,2023-12-31,native_mse,20260911,0.004450330503533944,,1,1
fixed_transform_step50,3272,2024-07-19,2024-07-29,-0.0378787022382998,2024,2023-12-31,native_mse,20260911,-0.0012744559041647184,,0,0
fixed_transform_step50,3277,2024-07-26,2024-08-05,-0.0124134568216732,2024,2023-12-31,native_mse,20260911,-0.001291795834448832,,0,0
fixed_transform_step50,3282,2024-08-02,2024-08-12,-0.0102762848330364,2024,2023-12-31,native_mse,20260911,-0.002458562952290899,,0,0
fixed_transform_step50,3287,2024-08-09,2024-08-19,0.0050186923751938,2024,2023-12-31,native_mse,20260911,-0.0009352769264030156,,0,1
fixed_transform_step50,3292,2024-08-16,2024-08-26,-0.0040487282687352,2024,2023-12-31,native_mse,20260911,-0.0034014636043486098,,0,0
fixed_transform_step50,3297,2024-08-23,2024-09-02,-0.0069594562136714,2024,2023-12-31,native_mse,20260911,-0.0018665564124188876,,0,0
fixed_transform_step50,3302,2024-08-30,2024-09-09,-0.0280389655151561,2024,2023-12-31,native_mse,20260911,2.766314850337684e-05,,1,0
fixed_transform_step50,3307,2024-09-06,2024-09-18,-0.0174132138857783,2024,2023-12-31,native_mse,20260911,0.0015093996928045017,,1,0
fixed_transform_step50,3312,2024-09-13,2024-09-24,0.0133119329369826,2024,2023-12-31,native_mse,20260911,0.005047902673988417,,1,1
fixed_transform_step50,3315,2024-09-20,2024-09-30,0.2017513988384409,2024,2023-12-31,native_mse,20260911,0.006841795120835749,,1,1
fixed_transform_step50,3320,2024-09-27,2024-10-14,0.0178259004588408,2024,2023-12-31,native_mse,20260911,0.011643607701046107,,1,1
fixed_transform_step50,3325,2024-10-11,2024-10-21,0.0080914993282625,2024,2023-12-31,native_mse,20260911,0.006958055096152153,,1,1
fixed_transform_step50,3330,2024-10-18,2024-10-28,0.0015733867085561,2024,2023-12-31,native_mse,20260911,0.0035488889473533555,,1,1
fixed_transform_step50,3335,2024-10-25,2024-11-04,-0.0140142824257356,2024,2023-12-31,native_mse,20260911,-0.004087166652715301,,0,0
fixed_transform_step50,3340,2024-11-01,2024-11-11,0.0434152361258277,2024,2023-12-31,native_mse,20260911,-0.008879815780234165,,0,1
fixed_transform_step50,3345,2024-11-08,2024-11-18,-0.0208584853931589,2024,2023-12-31,native_mse,20260911,-0.0016665405141504353,,0,0
fixed_transform_step50,3350,2024-11-15,2024-11-25,-0.0267421712161923,2024,2023-12-31,native_mse,20260911,-0.0014397200836903515,,0,0
fixed_transform_step50,3355,2024-11-22,2024-12-02,0.0087960346887328,2024,2023-12-31,native_mse,20260911,-0.00394305191034785,,0,1
fixed_transform_step50,3360,2024-11-29,2024-12-09,0.0155919891551781,2024,2023-12-31,native_mse,20260911,-0.003787046789689023,,0,1
fixed_transform_step50,3365,2024-12-06,2024-12-16,-0.0100436703218104,2024,2023-12-31,native_mse,20260911,-0.0013163950781598383,,0,0
fixed_transform_step50,3370,2024-12-13,2024-12-23,-0.0006690784017421,2024,2023-12-31,native_mse,20260911,-0.007731413237017607,,0,0
fixed_transform_step50,3375,2024-12-20,2024-12-30,0.0123595076562756,2024,2023-12-31,native_mse,20260911,-0.005503589541502588,,0,1
fixed_transform_step50,3380,2024-12-27,2025-01-06,-0.0504714964669198,2024,2023-12-31,native_mse,20260911,0.006049137218951889,,1,0
fixed_transform_step50,3144,2024-01-05,2024-01-15,-0.0158038409563566,2024,2023-12-31,native_mse,20260912,0.001652613648937757,,1,0
fixed_transform_step50,3149,2024-01-12,2024-01-22,-0.002333261979756,2024,2023-12-31,native_mse,20260912,0.0017566823014709063,,1,0
fixed_transform_step50,3154,2024-01-19,2024-01-29,0.0223511633823452,2024,2023-12-31,native_mse,20260912,0.0017349357863463528,,1,1
fixed_transform_step50,3159,2024-01-26,2024-02-05,-0.0513103415192826,2024,2023-12-31,native_mse,20260912,0.0017756045446650414,,1,0
fixed_transform_step50,3164,2024-02-02,2024-02-26,0.1015374891364462,2024,2023-12-31,native_mse,20260912,0.0017702651342618495,,1,1
fixed_transform_step50,3173,2024-02-23,2024-03-04,0.0151569053862528,2024,2023-12-31,native_mse,20260912,0.0018705013508167863,,1,1
fixed_transform_step50,3178,2024-03-01,2024-03-11,0.0021394031715169,2024,2023-12-31,native_mse,20260912,0.0020966839632058165,,1,1
fixed_transform_step50,3183,2024-03-08,2024-03-18,0.0087762342284414,2024,2023-12-31,native_mse,20260912,0.0021229030867072935,,1,1
fixed_transform_step50,3188,2024-03-15,2024-03-25,-0.0112802133595746,2024,2023-12-31,native_mse,20260912,0.002169492364912302,,1,0
fixed_transform_step50,3193,2024-03-22,2024-04-01,0.0042044725182444,2024,2023-12-31,native_mse,20260912,0.0021346683785466035,,1,1
fixed_transform_step50,3198,2024-03-29,2024-04-15,-0.0219845815102011,2024,2023-12-31,native_mse,20260912,0.001970104765042201,,1,0
fixed_transform_step50,3206,2024-04-12,2024-04-22,0.018045199366633,2024,2023-12-31,native_mse,20260912,0.0018950666103198662,,1,1
fixed_transform_step50,3211,2024-04-19,2024-04-29,0.0136757744232476,2024,2023-12-31,native_mse,20260912,0.0014826942470986316,,1,1
fixed_transform_step50,3216,2024-04-26,2024-05-13,0.0172434956786644,2024,2023-12-31,native_mse,20260912,0.0010502698704938512,,1,1
fixed_transform_step50,3223,2024-05-10,2024-05-20,0.0097933549988344,2024,2023-12-31,native_mse,20260912,0.0008603132721811119,,1,1
fixed_transform_step50,3228,2024-05-17,2024-05-27,-0.0204803832637164,2024,2023-12-31,native_mse,20260912,0.000598359363630433,,1,0
fixed_transform_step50,3233,2024-05-24,2024-06-03,-0.0081155643048258,2024,2023-12-31,native_mse,20260912,0.0005736014331172037,,1,0
fixed_transform_step50,3238,2024-05-31,2024-06-11,-0.0060267570121149,2024,2023-12-31,native_mse,20260912,0.0005483327414548749,,1,0
fixed_transform_step50,3243,2024-06-07,2024-06-17,-0.0096686558937179,2024,2023-12-31,native_mse,20260912,0.000585176229140396,,1,0
fixed_transform_step50,3247,2024-06-14,2024-06-24,-0.013573992457631,2024,2023-12-31,native_mse,20260912,0.000605835607878555,,1,0
fixed_transform_step50,3252,2024-06-21,2024-07-01,-0.004427632109257,2024,2023-12-31,native_mse,20260912,0.0006286050015987623,,1,0
fixed_transform_step50,3257,2024-06-28,2024-07-08,-0.0108320369203009,2024,2023-12-31,native_mse,20260912,0.00064228262166844,,1,0
fixed_transform_step50,3262,2024-07-05,2024-07-15,0.0122222871842843,2024,2023-12-31,native_mse,20260912,0.000721007461573622,,1,1
fixed_transform_step50,3267,2024-07-12,2024-07-22,0.0218881133018156,2024,2023-12-31,native_mse,20260912,0.000821435978076197,,1,1
fixed_transform_step50,3272,2024-07-19,2024-07-29,-0.0378787022382998,2024,2023-12-31,native_mse,20260912,0.0008418861287390497,,1,0
fixed_transform_step50,3277,2024-07-26,2024-08-05,-0.0124134568216732,2024,2023-12-31,native_mse,20260912,0.0012675510770958798,,1,0
fixed_transform_step50,3282,2024-08-02,2024-08-12,-0.0102762848330364,2024,2023-12-31,native_mse,20260912,0.0015249857513458085,,1,0
fixed_transform_step50,3287,2024-08-09,2024-08-19,0.0050186923751938,2024,2023-12-31,native_mse,20260912,0.0015779514189250905,,1,1
fixed_transform_step50,3292,2024-08-16,2024-08-26,-0.0040487282687352,2024,2023-12-31,native_mse,20260912,0.0013998325080271312,,1,0
fixed_transform_step50,3297,2024-08-23,2024-09-02,-0.0069594562136714,2024,2023-12-31,native_mse,20260912,0.0014255873683507452,,1,0
fixed_transform_step50,3302,2024-08-30,2024-09-09,-0.0280389655151561,2024,2023-12-31,native_mse,20260912,0.0015330401621674865,,1,0
fixed_transform_step50,3307,2024-09-06,2024-09-18,-0.0174132138857783,2024,2023-12-31,native_mse,20260912,0.0015627932338450265,,1,0
fixed_transform_step50,3312,2024-09-13,2024-09-24,0.0133119329369826,2024,2023-12-31,native_mse,20260912,0.0015103830852308555,,1,1
fixed_transform_step50,3315,2024-09-20,2024-09-30,0.2017513988384409,2024,2023-12-31,native_mse,20260912,0.0015343284400254939,,1,1
fixed_transform_step50,3320,2024-09-27,2024-10-14,0.0178259004588408,2024,2023-12-31,native_mse,20260912,0.0015725051425186597,,1,1
fixed_transform_step50,3325,2024-10-11,2024-10-21,0.0080914993282625,2024,2023-12-31,native_mse,20260912,0.0019394229622847915,,1,1
fixed_transform_step50,3330,2024-10-18,2024-10-28,0.0015733867085561,2024,2023-12-31,native_mse,20260912,0.0021210173726156634,,1,1
fixed_transform_step50,3335,2024-10-25,2024-11-04,-0.0140142824257356,2024,2023-12-31,native_mse,20260912,0.0021565584052961957,,1,0
fixed_transform_step50,3340,2024-11-01,2024-11-11,0.0434152361258277,2024,2023-12-31,native_mse,20260912,0.002066143931918221,,1,1
fixed_transform_step50,3345,2024-11-08,2024-11-18,-0.0208584853931589,2024,2023-12-31,native_mse,20260912,0.0019328021834634566,,1,0
fixed_transform_step50,3350,2024-11-15,2024-11-25,-0.0267421712161923,2024,2023-12-31,native_mse,20260912,0.0016078398644429398,,1,0
fixed_transform_step50,3355,2024-11-22,2024-12-02,0.0087960346887328,2024,2023-12-31,native_mse,20260912,0.0014387624930086427,,1,1
fixed_transform_step50,3360,2024-11-29,2024-12-09,0.0155919891551781,2024,2023-12-31,native_mse,20260912,0.001055672591838617,,1,1
fixed_transform_step50,3365,2024-12-06,2024-12-16,-0.0100436703218104,2024,2023-12-31,native_mse,20260912,0.0009332123922739673,,1,0
fixed_transform_step50,3370,2024-12-13,2024-12-23,-0.0006690784017421,2024,2023-12-31,native_mse,20260912,0.0007303535282016855,,1,0
fixed_transform_step50,3375,2024-12-20,2024-12-30,0.0123595076562756,2024,2023-12-31,native_mse,20260912,0.0006347143027364932,,1,1
fixed_transform_step50,3380,2024-12-27,2025-01-06,-0.0504714964669198,2024,2023-12-31,native_mse,20260912,0.0004962445983289108,,1,0
fixed_transform_step50,3384,2025-01-03,2025-01-13,-0.0189486730632231,2025,2024-12-31,native_mse,20260910,-0.0042551962797835255,,0,0
fixed_transform_step50,3389,2025-01-10,2025-01-20,0.0353251773547418,2025,2024-12-31,native_mse,20260910,-0.004346017102457373,,0,1
fixed_transform_step50,3394,2025-01-17,2025-01-27,0.000432821422053,2025,2024-12-31,native_mse,20260910,-0.0019110835117753682,,0,1
fixed_transform_step50,3399,2025-01-24,2025-02-10,0.0159344898044284,2025,2024-12-31,native_mse,20260910,-0.0018767518511483509,,0,1
fixed_transform_step50,3403,2025-02-07,2025-02-17,0.0144454990892999,2025,2024-12-31,native_mse,20260910,-0.0005243581714439598,,0,1
fixed_transform_step50,3408,2025-02-14,2025-02-24,0.0045695818086644,2025,2024-12-31,native_mse,20260910,0.0018166916350322408,,1,1
fixed_transform_step50,3413,2025-02-21,2025-03-03,-0.0183210488158531,2025,2024-12-31,native_mse,20260910,-0.0017910693651536675,,0,0
fixed_transform_step50,3418,2025-02-28,2025-03-10,0.0117650075646844,2025,2024-12-31,native_mse,20260910,8.039864129989814e-05,,1,1
fixed_transform_step50,3423,2025-03-07,2025-03-17,0.019023819058288,2025,2024-12-31,native_mse,20260910,0.00045020548490624885,,1,1
fixed_transform_step50,3428,2025-03-14,2025-03-24,-0.0259983485216283,2025,2024-12-31,native_mse,20260910,0.004030585426274574,,1,0
fixed_transform_step50,3433,2025-03-21,2025-03-31,-0.0025867506275359,2025,2024-12-31,native_mse,20260910,0.0025467178052053364,,1,0
fixed_transform_step50,3438,2025-03-28,2025-04-14,-0.0342910101946246,2025,2024-12-31,native_mse,20260910,0.007880897711304511,,1,0
fixed_transform_step50,3447,2025-04-11,2025-04-21,-0.0010339232881941,2025,2024-12-31,native_mse,20260910,5.880823721327009e-05,,1,0
fixed_transform_step50,3452,2025-04-18,2025-04-28,0.0048432383085554,2025,2024-12-31,native_mse,20260910,0.005609692399565023,,1,1
fixed_transform_step50,3457,2025-04-25,2025-05-12,0.02116527880118,2025,2024-12-31,native_mse,20260910,-0.000987643148635555,,0,1
fixed_transform_step50,3464,2025-05-09,2025-05-19,0.0041484224873464,2025,2024-12-31,native_mse,20260910,-0.0013747677302766792,,0,1
fixed_transform_step50,3469,2025-05-16,2025-05-26,-0.0017462660042188,2025,2024-12-31,native_mse,20260910,-0.0004666942525332647,,0,0
fixed_transform_step50,3474,2025-05-23,2025-06-03,-0.0109216443615366,2025,2024-12-31,native_mse,20260910,-0.0003784346347167226,,0,0
fixed_transform_step50,3479,2025-05-30,2025-06-09,0.011566574321892,2025,2024-12-31,native_mse,20260910,0.0010175785321809984,,1,1
fixed_transform_step50,3483,2025-06-06,2025-06-16,-0.0062354943524679,2025,2024-12-31,native_mse,20260910,-0.0001914645603575384,,0,0
fixed_transform_step50,3488,2025-06-13,2025-06-23,-0.005825691168304,2025,2024-12-31,native_mse,20260910,1.1665969000571627e-05,,1,0
fixed_transform_step50,3493,2025-06-20,2025-06-30,0.0232670437490374,2025,2024-12-31,native_mse,20260910,0.0007044968618821799,,1,1
fixed_transform_step50,3498,2025-06-27,2025-07-07,0.0145345648685946,2025,2024-12-31,native_mse,20260910,-0.003232334991441291,,0,1
fixed_transform_step50,3503,2025-07-04,2025-07-14,0.0110426949002964,2025,2024-12-31,native_mse,20260910,0.003419117861495023,,1,1
fixed_transform_step50,3508,2025-07-11,2025-07-21,0.0120759671840067,2025,2024-12-31,native_mse,20260910,0.011140680775400312,,1,1
fixed_transform_step50,3513,2025-07-18,2025-07-28,0.0143570766898375,2025,2024-12-31,native_mse,20260910,-0.002127522022613997,,0,1
fixed_transform_step50,3518,2025-07-25,2025-08-04,-0.0218642507630443,2025,2024-12-31,native_mse,20260910,-0.001869242573817923,,0,0
fixed_transform_step50,3523,2025-08-01,2025-08-11,0.0179175520190988,2025,2024-12-31,native_mse,20260910,2.2319590068522338e-05,,1,1
fixed_transform_step50,3528,2025-08-08,2025-08-18,0.026265786598999,2025,2024-12-31,native_mse,20260910,-0.004614466433741538,,0,1
fixed_transform_step50,3533,2025-08-15,2025-08-25,0.0469483790671487,2025,2024-12-31,native_mse,20260910,-0.0013489789955213162,,0,1
fixed_transform_step50,3538,2025-08-22,2025-09-01,0.0227770368340847,2025,2024-12-31,native_mse,20260910,-0.004341013056443359,,0,1
fixed_transform_step50,3543,2025-08-29,2025-09-08,-0.0110053842475337,2025,2024-12-31,native_mse,20260910,-0.004924417538845909,,0,0
fixed_transform_step50,3548,2025-09-05,2025-09-15,0.0151594857594405,2025,2024-12-31,native_mse,20260910,-0.004519124644784283,,0,1
fixed_transform_step50,3553,2025-09-12,2025-09-22,-0.0050409160971932,2025,2024-12-31,native_mse,20260910,-0.004114428954602145,,0,0
fixed_transform_step50,3558,2025-09-19,2025-09-29,0.0095300784790881,2025,2024-12-31,native_mse,20260910,-0.0047590961051182015,,0,1
fixed_transform_step50,3563,2025-09-26,2025-10-13,-0.0140855274279203,2025,2024-12-31,native_mse,20260910,-0.004219803127072934,,0,0
fixed_transform_step50,3567,2025-10-10,2025-10-20,0.015001547584321,2025,2024-12-31,native_mse,20260910,-0.003823350500415441,,0,1
fixed_transform_step50,3572,2025-10-17,2025-10-27,0.0309637052897611,2025,2024-12-31,native_mse,20260910,-0.003866623261027931,,0,1
fixed_transform_step50,3577,2025-10-24,2025-11-03,-0.013331545863497,2025,2024-12-31,native_mse,20260910,-0.0036382658807448576,,0,0
fixed_transform_step50,3582,2025-10-31,2025-11-10,0.0110832418536339,2025,2024-12-31,native_mse,20260910,-0.003790641327688186,,0,1
fixed_transform_step50,3587,2025-11-07,2025-11-17,-0.0152107881197579,2025,2024-12-31,native_mse,20260910,-0.003538974204578519,,0,0
fixed_transform_step50,3592,2025-11-14,2025-11-24,-0.031114557454173,2025,2024-12-31,native_mse,20260910,-0.003282621345580935,,0,0
fixed_transform_step50,3597,2025-11-21,2025-12-01,0.0147613767448515,2025,2024-12-31,native_mse,20260910,-0.0034884891644206416,,0,1
fixed_transform_step50,3602,2025-11-28,2025-12-08,0.0118853804313106,2025,2024-12-31,native_mse,20260910,-0.003806133337151431,,0,1
fixed_transform_step50,3607,2025-12-05,2025-12-15,-0.0093922675990717,2025,2024-12-31,native_mse,20260910,-0.003208553856296927,,0,0
fixed_transform_step50,3612,2025-12-12,2025-12-22,0.0082791208791208,2025,2024-12-31,native_mse,20260910,0.0022387132272507658,,1,1
fixed_transform_step50,3617,2025-12-19,2025-12-29,0.0153890755001995,2025,2024-12-31,native_mse,20260910,0.006486312528548796,,1,1
fixed_transform_step50,3622,2025-12-26,2026-01-12,0.0239101640737868,2025,2024-12-31,native_mse,20260910,-0.0003728277129905187,,0,1
fixed_transform_step50,3384,2025-01-03,2025-01-13,-0.0189486730632231,2025,2024-12-31,native_mse,20260911,-0.002243633031677963,,0,0
fixed_transform_step50,3389,2025-01-10,2025-01-20,0.0353251773547418,2025,2024-12-31,native_mse,20260911,-0.0018394813791051527,,0,1
fixed_transform_step50,3394,2025-01-17,2025-01-27,0.000432821422053,2025,2024-12-31,native_mse,20260911,-0.0014393263633927758,,0,1
fixed_transform_step50,3399,2025-01-24,2025-02-10,0.0159344898044284,2025,2024-12-31,native_mse,20260911,-0.0005732481089145066,,0,1
fixed_transform_step50,3403,2025-02-07,2025-02-17,0.0144454990892999,2025,2024-12-31,native_mse,20260911,-0.0003493640286036611,,0,1
fixed_transform_step50,3408,2025-02-14,2025-02-24,0.0045695818086644,2025,2024-12-31,native_mse,20260911,-6.571465300264602e-06,,0,1
fixed_transform_step50,3413,2025-02-21,2025-03-03,-0.0183210488158531,2025,2024-12-31,native_mse,20260911,0.00010564573035517886,,1,0
fixed_transform_step50,3418,2025-02-28,2025-03-10,0.0117650075646844,2025,2024-12-31,native_mse,20260911,0.00030938900384146466,,1,1
fixed_transform_step50,3423,2025-03-07,2025-03-17,0.019023819058288,2025,2024-12-31,native_mse,20260911,0.0003527669941379203,,1,1
fixed_transform_step50,3428,2025-03-14,2025-03-24,-0.0259983485216283,2025,2024-12-31,native_mse,20260911,0.0004719065040533454,,1,0
fixed_transform_step50,3433,2025-03-21,2025-03-31,-0.0025867506275359,2025,2024-12-31,native_mse,20260911,0.0001374212134311476,,1,0
fixed_transform_step50,3438,2025-03-28,2025-04-14,-0.0342910101946246,2025,2024-12-31,native_mse,20260911,0.0003460895283123176,,1,0
fixed_transform_step50,3447,2025-04-11,2025-04-21,-0.0010339232881941,2025,2024-12-31,native_mse,20260911,0.000247650617921614,,1,0
fixed_transform_step50,3452,2025-04-18,2025-04-28,0.0048432383085554,2025,2024-12-31,native_mse,20260911,0.0005399418130639047,,1,1
fixed_transform_step50,3457,2025-04-25,2025-05-12,0.02116527880118,2025,2024-12-31,native_mse,20260911,0.00041859235087992534,,1,1
fixed_transform_step50,3464,2025-05-09,2025-05-19,0.0041484224873464,2025,2024-12-31,native_mse,20260911,-0.00023324757687195213,,0,1
fixed_transform_step50,3469,2025-05-16,2025-05-26,-0.0017462660042188,2025,2024-12-31,native_mse,20260911,-0.0007053097438131018,,0,0
fixed_transform_step50,3474,2025-05-23,2025-06-03,-0.0109216443615366,2025,2024-12-31,native_mse,20260911,-0.0004283154814639044,,0,0
fixed_transform_step50,3479,2025-05-30,2025-06-09,0.011566574321892,2025,2024-12-31,native_mse,20260911,-0.0007435280421209072,,0,1
fixed_transform_step50,3483,2025-06-06,2025-06-16,-0.0062354943524679,2025,2024-12-31,native_mse,20260911,0.00031992663879525335,,1,0
fixed_transform_step50,3488,2025-06-13,2025-06-23,-0.005825691168304,2025,2024-12-31,native_mse,20260911,-0.00012583521126832513,,0,0
fixed_transform_step50,3493,2025-06-20,2025-06-30,0.0232670437490374,2025,2024-12-31,native_mse,20260911,0.0004804870845920942,,1,1
fixed_transform_step50,3498,2025-06-27,2025-07-07,0.0145345648685946,2025,2024-12-31,native_mse,20260911,0.0003559800730399111,,1,1
fixed_transform_step50,3503,2025-07-04,2025-07-14,0.0110426949002964,2025,2024-12-31,native_mse,20260911,0.0001003436982822433,,1,1
fixed_transform_step50,3508,2025-07-11,2025-07-21,0.0120759671840067,2025,2024-12-31,native_mse,20260911,0.00011930674045287023,,1,1
fixed_transform_step50,3513,2025-07-18,2025-07-28,0.0143570766898375,2025,2024-12-31,native_mse,20260911,-0.00014021210404791933,,0,1
fixed_transform_step50,3518,2025-07-25,2025-08-04,-0.0218642507630443,2025,2024-12-31,native_mse,20260911,-0.0010675431152552786,,0,0
fixed_transform_step50,3523,2025-08-01,2025-08-11,0.0179175520190988,2025,2024-12-31,native_mse,20260911,-0.0011114652147751107,,0,1
fixed_transform_step50,3528,2025-08-08,2025-08-18,0.026265786598999,2025,2024-12-31,native_mse,20260911,-0.0011821175732785794,,0,1
fixed_transform_step50,3533,2025-08-15,2025-08-25,0.0469483790671487,2025,2024-12-31,native_mse,20260911,-0.001692750035902398,,0,1
fixed_transform_step50,3538,2025-08-22,2025-09-01,0.0227770368340847,2025,2024-12-31,native_mse,20260911,-0.0020785336587941633,,0,1
fixed_transform_step50,3543,2025-08-29,2025-09-08,-0.0110053842475337,2025,2024-12-31,native_mse,20260911,-0.0022958519339049935,,0,0
fixed_transform_step50,3548,2025-09-05,2025-09-15,0.0151594857594405,2025,2024-12-31,native_mse,20260911,-0.002811169444921857,,0,1
fixed_transform_step50,3553,2025-09-12,2025-09-22,-0.0050409160971932,2025,2024-12-31,native_mse,20260911,-0.0028821755195373713,,0,0
fixed_transform_step50,3558,2025-09-19,2025-09-29,0.0095300784790881,2025,2024-12-31,native_mse,20260911,-0.0027270038017814854,,0,1
fixed_transform_step50,3563,2025-09-26,2025-10-13,-0.0140855274279203,2025,2024-12-31,native_mse,20260911,-0.002671446424452231,,0,0
fixed_transform_step50,3567,2025-10-10,2025-10-20,0.015001547584321,2025,2024-12-31,native_mse,20260911,-0.002875353278749809,,0,1
fixed_transform_step50,3572,2025-10-17,2025-10-27,0.0309637052897611,2025,2024-12-31,native_mse,20260911,-0.0026759293493526775,,0,1
fixed_transform_step50,3577,2025-10-24,2025-11-03,-0.013331545863497,2025,2024-12-31,native_mse,20260911,-0.0024118634853773644,,0,0
fixed_transform_step50,3582,2025-10-31,2025-11-10,0.0110832418536339,2025,2024-12-31,native_mse,20260911,-0.0024513790865101073,,0,1
fixed_transform_step50,3587,2025-11-07,2025-11-17,-0.0152107881197579,2025,2024-12-31,native_mse,20260911,-0.0023441841984512364,,0,0
fixed_transform_step50,3592,2025-11-14,2025-11-24,-0.031114557454173,2025,2024-12-31,native_mse,20260911,-0.0023326617843834286,,0,0
fixed_transform_step50,3597,2025-11-21,2025-12-01,0.0147613767448515,2025,2024-12-31,native_mse,20260911,-0.0021695162719280723,,0,1
fixed_transform_step50,3602,2025-11-28,2025-12-08,0.0118853804313106,2025,2024-12-31,native_mse,20260911,-0.0021230276394656705,,0,1
fixed_transform_step50,3607,2025-12-05,2025-12-15,-0.0093922675990717,2025,2024-12-31,native_mse,20260911,-0.0018508009821854902,,0,0
fixed_transform_step50,3612,2025-12-12,2025-12-22,0.0082791208791208,2025,2024-12-31,native_mse,20260911,-0.0014574936445709685,,0,1
fixed_transform_step50,3617,2025-12-19,2025-12-29,0.0153890755001995,2025,2024-12-31,native_mse,20260911,-0.001196551069802699,,0,1
fixed_transform_step50,3622,2025-12-26,2026-01-12,0.0239101640737868,2025,2024-12-31,native_mse,20260911,-0.0009424910062058391,,0,1
fixed_transform_step50,3384,2025-01-03,2025-01-13,-0.0189486730632231,2025,2024-12-31,native_mse,20260912,-0.003930728949605344,,0,0
fixed_transform_step50,3389,2025-01-10,2025-01-20,0.0353251773547418,2025,2024-12-31,native_mse,20260912,0.004608697114816542,,1,1
fixed_transform_step50,3394,2025-01-17,2025-01-27,0.000432821422053,2025,2024-12-31,native_mse,20260912,-0.0013781107886780553,,0,1
fixed_transform_step50,3399,2025-01-24,2025-02-10,0.0159344898044284,2025,2024-12-31,native_mse,20260912,0.008065382377116114,,1,1
fixed_transform_step50,3403,2025-02-07,2025-02-17,0.0144454990892999,2025,2024-12-31,native_mse,20260912,0.0020560919017093573,,1,1
fixed_transform_step50,3408,2025-02-14,2025-02-24,0.0045695818086644,2025,2024-12-31,native_mse,20260912,0.0004574229206631815,,1,1
fixed_transform_step50,3413,2025-02-21,2025-03-03,-0.0183210488158531,2025,2024-12-31,native_mse,20260912,-0.004487069050516085,,0,0
fixed_transform_step50,3418,2025-02-28,2025-03-10,0.0117650075646844,2025,2024-12-31,native_mse,20260912,0.007907777385840498,,1,1
fixed_transform_step50,3423,2025-03-07,2025-03-17,0.019023819058288,2025,2024-12-31,native_mse,20260912,-0.007080334543719193,,0,1
fixed_transform_step50,3428,2025-03-14,2025-03-24,-0.0259983485216283,2025,2024-12-31,native_mse,20260912,0.005416181842733637,,1,0
fixed_transform_step50,3433,2025-03-21,2025-03-31,-0.0025867506275359,2025,2024-12-31,native_mse,20260912,0.0028174386195491687,,1,0
fixed_transform_step50,3438,2025-03-28,2025-04-14,-0.0342910101946246,2025,2024-12-31,native_mse,20260912,0.0006099430279859906,,1,0
fixed_transform_step50,3447,2025-04-11,2025-04-21,-0.0010339232881941,2025,2024-12-31,native_mse,20260912,-0.0038314464400373087,,0,0
fixed_transform_step50,3452,2025-04-18,2025-04-28,0.0048432383085554,2025,2024-12-31,native_mse,20260912,-0.002239070357372274,,0,1
fixed_transform_step50,3457,2025-04-25,2025-05-12,0.02116527880118,2025,2024-12-31,native_mse,20260912,-0.0030291142570267483,,0,1
fixed_transform_step50,3464,2025-05-09,2025-05-19,0.0041484224873464,2025,2024-12-31,native_mse,20260912,-0.006797100864360832,,0,1
fixed_transform_step50,3469,2025-05-16,2025-05-26,-0.0017462660042188,2025,2024-12-31,native_mse,20260912,0.0011635229802106158,,1,0
fixed_transform_step50,3474,2025-05-23,2025-06-03,-0.0109216443615366,2025,2024-12-31,native_mse,20260912,-0.0015437185640202761,,0,0
fixed_transform_step50,3479,2025-05-30,2025-06-09,0.011566574321892,2025,2024-12-31,native_mse,20260912,-0.007042284452490261,,0,1
fixed_transform_step50,3483,2025-06-06,2025-06-16,-0.0062354943524679,2025,2024-12-31,native_mse,20260912,0.00028466611619904517,,1,0
fixed_transform_step50,3488,2025-06-13,2025-06-23,-0.005825691168304,2025,2024-12-31,native_mse,20260912,-0.006674179072757184,,0,0
fixed_transform_step50,3493,2025-06-20,2025-06-30,0.0232670437490374,2025,2024-12-31,native_mse,20260912,-0.0026285119113171485,,0,1
fixed_transform_step50,3498,2025-06-27,2025-07-07,0.0145345648685946,2025,2024-12-31,native_mse,20260912,-0.001664357643481335,,0,1
fixed_transform_step50,3503,2025-07-04,2025-07-14,0.0110426949002964,2025,2024-12-31,native_mse,20260912,0.0037107408116209707,,1,1
fixed_transform_step50,3508,2025-07-11,2025-07-21,0.0120759671840067,2025,2024-12-31,native_mse,20260912,0.002218014475368515,,1,1
fixed_transform_step50,3513,2025-07-18,2025-07-28,0.0143570766898375,2025,2024-12-31,native_mse,20260912,0.009911597608358887,,1,1
fixed_transform_step50,3518,2025-07-25,2025-08-04,-0.0218642507630443,2025,2024-12-31,native_mse,20260912,-0.0013540938427923275,,0,0
fixed_transform_step50,3523,2025-08-01,2025-08-11,0.0179175520190988,2025,2024-12-31,native_mse,20260912,0.002501110312004882,,1,1
fixed_transform_step50,3528,2025-08-08,2025-08-18,0.026265786598999,2025,2024-12-31,native_mse,20260912,-0.006121881900028309,,0,1
fixed_transform_step50,3533,2025-08-15,2025-08-25,0.0469483790671487,2025,2024-12-31,native_mse,20260912,-0.0031833828356847573,,0,1
fixed_transform_step50,3538,2025-08-22,2025-09-01,0.0227770368340847,2025,2024-12-31,native_mse,20260912,-0.005229739970136804,,0,1
fixed_transform_step50,3543,2025-08-29,2025-09-08,-0.0110053842475337,2025,2024-12-31,native_mse,20260912,0.0017396293034999204,,1,0
fixed_transform_step50,3548,2025-09-05,2025-09-15,0.0151594857594405,2025,2024-12-31,native_mse,20260912,-0.006315423164964012,,0,1
fixed_transform_step50,3553,2025-09-12,2025-09-22,-0.0050409160971932,2025,2024-12-31,native_mse,20260912,0.0036445584301978444,,1,0
fixed_transform_step50,3558,2025-09-19,2025-09-29,0.0095300784790881,2025,2024-12-31,native_mse,20260912,-0.007907179585583714,,0,1
fixed_transform_step50,3563,2025-09-26,2025-10-13,-0.0140855274279203,2025,2024-12-31,native_mse,20260912,-0.0016751946251609804,,0,0
fixed_transform_step50,3567,2025-10-10,2025-10-20,0.015001547584321,2025,2024-12-31,native_mse,20260912,-0.006402638764524997,,0,1
fixed_transform_step50,3572,2025-10-17,2025-10-27,0.0309637052897611,2025,2024-12-31,native_mse,20260912,-0.00870396964325983,,0,1
fixed_transform_step50,3577,2025-10-24,2025-11-03,-0.013331545863497,2025,2024-12-31,native_mse,20260912,-0.005475122015119508,,0,0
fixed_transform_step50,3582,2025-10-31,2025-11-10,0.0110832418536339,2025,2024-12-31,native_mse,20260912,-0.006949842516906396,,0,1
fixed_transform_step50,3587,2025-11-07,2025-11-17,-0.0152107881197579,2025,2024-12-31,native_mse,20260912,0.005808210669049744,,1,0
fixed_transform_step50,3592,2025-11-14,2025-11-24,-0.031114557454173,2025,2024-12-31,native_mse,20260912,-0.005729952989633713,,0,0
fixed_transform_step50,3597,2025-11-21,2025-12-01,0.0147613767448515,2025,2024-12-31,native_mse,20260912,-0.0015450315646448089,,0,1
fixed_transform_step50,3602,2025-11-28,2025-12-08,0.0118853804313106,2025,2024-12-31,native_mse,20260912,-0.0032204954130721736,,0,1
fixed_transform_step50,3607,2025-12-05,2025-12-15,-0.0093922675990717,2025,2024-12-31,native_mse,20260912,-0.0047114270439592345,,0,0
fixed_transform_step50,3612,2025-12-12,2025-12-22,0.0082791208791208,2025,2024-12-31,native_mse,20260912,0.0035042182684974187,,1,1
fixed_transform_step50,3617,2025-12-19,2025-12-29,0.0153890755001995,2025,2024-12-31,native_mse,20260912,-0.0005370407904008248,,0,1
fixed_transform_step50,3622,2025-12-26,2026-01-12,0.0239101640737868,2025,2024-12-31,native_mse,20260912,0.002315041428841435,,1,1
fixed_transform_step50,3630,2026-01-09,2026-01-19,-0.0103697336282536,2026,2025-12-31,native_mse,20260910,-0.002855102612462861,,0,0
fixed_transform_step50,3635,2026-01-16,2026-01-26,-0.0010190267764643,2026,2025-12-31,native_mse,20260910,-0.00015744638603756636,,0,0
fixed_transform_step50,3640,2026-01-23,2026-02-02,-0.0087161586128796,2026,2025-12-31,native_mse,20260910,-0.006105688647517694,,0,0
fixed_transform_step50,3645,2026-01-30,2026-02-09,0.0041482324550519,2026,2025-12-31,native_mse,20260910,-0.0019649521887390433,,0,1
fixed_transform_step50,3650,2026-02-06,2026-02-24,0.0071649689901505,2026,2025-12-31,native_mse,20260910,0.0047027542719540035,,1,1
fixed_transform_step50,3655,2026-02-13,2026-03-02,-0.0097920588919678,2026,2025-12-31,native_mse,20260910,0.0004179826835146159,,1,0
fixed_transform_step50,3659,2026-02-27,2026-03-09,-0.0172526869201304,2026,2025-12-31,native_mse,20260910,0.0022625269962182996,,1,0
fixed_transform_step50,3664,2026-03-06,2026-03-16,0.0149926634422041,2026,2025-12-31,native_mse,20260910,-0.003806878947664824,,0,1
fixed_transform_step50,3669,2026-03-13,2026-03-23,-0.0364343509194254,2026,2025-12-31,native_mse,20260910,-0.006468904470141985,,0,0
fixed_transform_step50,3674,2026-03-20,2026-03-30,-0.0083038829988221,2026,2025-12-31,native_mse,20260910,-0.006677801015318794,,0,0
fixed_transform_step50,3679,2026-03-27,2026-04-07,-0.0035591495694504,2026,2025-12-31,native_mse,20260910,-0.0012459609623288559,,0,0
fixed_transform_step50,3684,2026-04-03,2026-04-13,0.0380736235508991,2026,2025-12-31,native_mse,20260910,-0.0002708764126667155,,0,1
fixed_transform_step50,3688,2026-04-10,2026-04-20,0.0242766725964382,2026,2025-12-31,native_mse,20260910,-0.0014516073248232214,,0,1
fixed_transform_step50,3693,2026-04-17,2026-04-27,0.010401572188011,2026,2025-12-31,native_mse,20260910,-0.00019243492513075974,,0,1
fixed_transform_step50,3698,2026-04-24,2026-05-11,0.0263674696524953,2026,2025-12-31,native_mse,20260910,0.00044530537803680217,,1,1
fixed_transform_step50,3705,2026-05-08,2026-05-18,-0.0134529239455926,2026,2025-12-31,native_mse,20260910,0.00821158666179363,,1,0
fixed_transform_step50,3710,2026-05-15,2026-05-25,0.0076235492615268,2026,2025-12-31,native_mse,20260910,0.009209478129531542,,1,1
fixed_transform_step50,3715,2026-05-22,2026-06-01,0.005068538126898,2026,2025-12-31,native_mse,20260910,-0.0037899662548005076,,0,1
fixed_transform_step50,3720,2026-05-29,2026-06-08,-0.039635353927193,2026,2025-12-31,native_mse,20260910,-0.005878390043911763,,0,0
fixed_transform_step50,3725,2026-06-05,2026-06-15,0.0266849782195981,2026,2025-12-31,native_mse,20260910,-0.005079831260852612,,0,1
fixed_transform_step50,3730,2026-06-12,2026-06-29,0.0076098142791176,2026,2025-12-31,native_mse,20260910,-0.0013875397965599067,,0,1
fixed_transform_step50,3739,2026-06-26,2026-07-06,0.0005137647861506,2026,2025-12-31,native_mse,20260910,-0.002031043716013942,,0,1
fixed_transform_step50,3744,2026-07-03,2026-07-13,-0.0252847876365399,2026,2025-12-31,native_mse,20260910,-0.003966417206833292,,0,0
fixed_transform_step50,3749,2026-07-10,2026-07-20,-0.035775397012711,2026,2025-12-31,native_mse,20260910,-0.000224192482655729,,0,0
fixed_transform_step50,3754,2026-07-17,2026-07-27,0.01756245533441,2026,2025-12-31,native_mse,20260910,-0.001279240964054163,,0,1
fixed_transform_step50,3759,2026-07-24,2026-08-03,-0.0202339761556519,2026,2025-12-31,native_mse,20260910,-0.0020989123929827714,,0,0
fixed_transform_step50,3764,2026-07-31,2026-08-10,0.0300318732435738,2026,2025-12-31,native_mse,20260910,-0.005698998401180227,,0,1
fixed_transform_step50,3769,2026-08-07,2026-08-17,-0.0056482265760339,2026,2025-12-31,native_mse,20260910,-0.000843785639629233,,0,0
fixed_transform_step50,3774,2026-08-14,2026-08-24,-0.0109860710402629,2026,2025-12-31,native_mse,20260910,0.001103287661206875,,1,0
fixed_transform_step50,3779,2026-08-21,2026-08-31,-0.0127592811002066,2026,2025-12-31,native_mse,20260910,0.005195736341319573,,1,0
fixed_transform_step50,3630,2026-01-09,2026-01-19,-0.0103697336282536,2026,2025-12-31,native_mse,20260911,-0.0030890692487675277,,0,0
fixed_transform_step50,3635,2026-01-16,2026-01-26,-0.0010190267764643,2026,2025-12-31,native_mse,20260911,-0.0029844245717806552,,0,0
fixed_transform_step50,3640,2026-01-23,2026-02-02,-0.0087161586128796,2026,2025-12-31,native_mse,20260911,-0.0018485669736654138,,0,0
fixed_transform_step50,3645,2026-01-30,2026-02-09,0.0041482324550519,2026,2025-12-31,native_mse,20260911,-0.002659061252019485,,0,1
fixed_transform_step50,3650,2026-02-06,2026-02-24,0.0071649689901505,2026,2025-12-31,native_mse,20260911,-0.0015567976959256278,,0,1
fixed_transform_step50,3655,2026-02-13,2026-03-02,-0.0097920588919678,2026,2025-12-31,native_mse,20260911,-0.0015389707922718095,,0,0
fixed_transform_step50,3659,2026-02-27,2026-03-09,-0.0172526869201304,2026,2025-12-31,native_mse,20260911,-0.0019681718770543553,,0,0
fixed_transform_step50,3664,2026-03-06,2026-03-16,0.0149926634422041,2026,2025-12-31,native_mse,20260911,0.00014521785716820214,,1,1
fixed_transform_step50,3669,2026-03-13,2026-03-23,-0.0364343509194254,2026,2025-12-31,native_mse,20260911,-0.0022671453715006956,,0,0
fixed_transform_step50,3674,2026-03-20,2026-03-30,-0.0083038829988221,2026,2025-12-31,native_mse,20260911,-0.001986856137592856,,0,0
fixed_transform_step50,3679,2026-03-27,2026-04-07,-0.0035591495694504,2026,2025-12-31,native_mse,20260911,-0.002218520604235266,,0,0
fixed_transform_step50,3684,2026-04-03,2026-04-13,0.0380736235508991,2026,2025-12-31,native_mse,20260911,-0.002090390096021022,,0,1
fixed_transform_step50,3688,2026-04-10,2026-04-20,0.0242766725964382,2026,2025-12-31,native_mse,20260911,-0.0024408235069100508,,0,1
fixed_transform_step50,3693,2026-04-17,2026-04-27,0.010401572188011,2026,2025-12-31,native_mse,20260911,-0.0029629470272129906,,0,1
fixed_transform_step50,3698,2026-04-24,2026-05-11,0.0263674696524953,2026,2025-12-31,native_mse,20260911,-0.003359926419865766,,0,1
fixed_transform_step50,3705,2026-05-08,2026-05-18,-0.0134529239455926,2026,2025-12-31,native_mse,20260911,-0.002535154678821143,,0,0
fixed_transform_step50,3710,2026-05-15,2026-05-25,0.0076235492615268,2026,2025-12-31,native_mse,20260911,-0.002260058894062486,,0,1
fixed_transform_step50,3715,2026-05-22,2026-06-01,0.005068538126898,2026,2025-12-31,native_mse,20260911,-0.0015057276938992676,,0,1
fixed_transform_step50,3720,2026-05-29,2026-06-08,-0.039635353927193,2026,2025-12-31,native_mse,20260911,-0.002635162144589442,,0,0
fixed_transform_step50,3725,2026-06-05,2026-06-15,0.0266849782195981,2026,2025-12-31,native_mse,20260911,-0.003913781241526722,,0,1
fixed_transform_step50,3730,2026-06-12,2026-06-29,0.0076098142791176,2026,2025-12-31,native_mse,20260911,-0.0036857925348870147,,0,1
fixed_transform_step50,3739,2026-06-26,2026-07-06,0.0005137647861506,2026,2025-12-31,native_mse,20260911,-0.0021369319429553274,,0,1
fixed_transform_step50,3744,2026-07-03,2026-07-13,-0.0252847876365399,2026,2025-12-31,native_mse,20260911,-0.0022933277317483012,,0,0
fixed_transform_step50,3749,2026-07-10,2026-07-20,-0.035775397012711,2026,2025-12-31,native_mse,20260911,-0.0023056933526758674,,0,0
fixed_transform_step50,3754,2026-07-17,2026-07-27,0.01756245533441,2026,2025-12-31,native_mse,20260911,-0.0024493044555773855,,0,1
fixed_transform_step50,3759,2026-07-24,2026-08-03,-0.0202339761556519,2026,2025-12-31,native_mse,20260911,-0.0026633393533010696,,0,0
fixed_transform_step50,3764,2026-07-31,2026-08-10,0.0300318732435738,2026,2025-12-31,native_mse,20260911,-0.0024432171596736993,,0,1
fixed_transform_step50,3769,2026-08-07,2026-08-17,-0.0056482265760339,2026,2025-12-31,native_mse,20260911,-0.0034017483589926685,,0,0
fixed_transform_step50,3774,2026-08-14,2026-08-24,-0.0109860710402629,2026,2025-12-31,native_mse,20260911,-0.002813706354026954,,0,0
fixed_transform_step50,3779,2026-08-21,2026-08-31,-0.0127592811002066,2026,2025-12-31,native_mse,20260911,-0.0019809857134933735,,0,0
fixed_transform_step50,3630,2026-01-09,2026-01-19,-0.0103697336282536,2026,2025-12-31,native_mse,20260912,-0.0012654744629118373,,0,0
fixed_transform_step50,3635,2026-01-16,2026-01-26,-0.0010190267764643,2026,2025-12-31,native_mse,20260912,-0.0009824454910161004,,0,0
fixed_transform_step50,3640,2026-01-23,2026-02-02,-0.0087161586128796,2026,2025-12-31,native_mse,20260912,-0.0014318861524315442,,0,0
fixed_transform_step50,3645,2026-01-30,2026-02-09,0.0041482324550519,2026,2025-12-31,native_mse,20260912,-0.0015519331724585116,,0,1
fixed_transform_step50,3650,2026-02-06,2026-02-24,0.0071649689901505,2026,2025-12-31,native_mse,20260912,-0.0016869022750859507,,0,1
fixed_transform_step50,3655,2026-02-13,2026-03-02,-0.0097920588919678,2026,2025-12-31,native_mse,20260912,-0.0011765097827620523,,0,0
fixed_transform_step50,3659,2026-02-27,2026-03-09,-0.0172526869201304,2026,2025-12-31,native_mse,20260912,-0.0007085124719817442,,0,0
fixed_transform_step50,3664,2026-03-06,2026-03-16,0.0149926634422041,2026,2025-12-31,native_mse,20260912,-0.0009899154221996353,,0,1
fixed_transform_step50,3669,2026-03-13,2026-03-23,-0.0364343509194254,2026,2025-12-31,native_mse,20260912,-0.0011266305599294578,,0,0
fixed_transform_step50,3674,2026-03-20,2026-03-30,-0.0083038829988221,2026,2025-12-31,native_mse,20260912,-0.001524311581453077,,0,0
fixed_transform_step50,3679,2026-03-27,2026-04-07,-0.0035591495694504,2026,2025-12-31,native_mse,20260912,-0.0019205134194293897,,0,0
fixed_transform_step50,3684,2026-04-03,2026-04-13,0.0380736235508991,2026,2025-12-31,native_mse,20260912,-0.0011376256916386593,,0,1
fixed_transform_step50,3688,2026-04-10,2026-04-20,0.0242766725964382,2026,2025-12-31,native_mse,20260912,-0.0013216896399536517,,0,1
fixed_transform_step50,3693,2026-04-17,2026-04-27,0.010401572188011,2026,2025-12-31,native_mse,20260912,-0.0015028502660909705,,0,1
fixed_transform_step50,3698,2026-04-24,2026-05-11,0.0263674696524953,2026,2025-12-31,native_mse,20260912,-0.0012568015547876838,,0,1
fixed_transform_step50,3705,2026-05-08,2026-05-18,-0.0134529239455926,2026,2025-12-31,native_mse,20260912,-0.0004371239494575972,,0,0
fixed_transform_step50,3710,2026-05-15,2026-05-25,0.0076235492615268,2026,2025-12-31,native_mse,20260912,6.163719011948235e-05,,1,1
fixed_transform_step50,3715,2026-05-22,2026-06-01,0.005068538126898,2026,2025-12-31,native_mse,20260912,7.730204085298746e-06,,1,1
fixed_transform_step50,3720,2026-05-29,2026-06-08,-0.039635353927193,2026,2025-12-31,native_mse,20260912,-0.00019569943758148556,,0,0
fixed_transform_step50,3725,2026-06-05,2026-06-15,0.0266849782195981,2026,2025-12-31,native_mse,20260912,-0.00010540438898025962,,0,1
fixed_transform_step50,3730,2026-06-12,2026-06-29,0.0076098142791176,2026,2025-12-31,native_mse,20260912,-0.0007095936265099443,,0,1
fixed_transform_step50,3739,2026-06-26,2026-07-06,0.0005137647861506,2026,2025-12-31,native_mse,20260912,-0.00033128119271872585,,0,1
fixed_transform_step50,3744,2026-07-03,2026-07-13,-0.0252847876365399,2026,2025-12-31,native_mse,20260912,-0.0011443460816151978,,0,0
fixed_transform_step50,3749,2026-07-10,2026-07-20,-0.035775397012711,2026,2025-12-31,native_mse,20260912,-0.0017039989678604111,,0,0
fixed_transform_step50,3754,2026-07-17,2026-07-27,0.01756245533441,2026,2025-12-31,native_mse,20260912,-0.0017003094595498154,,0,1
fixed_transform_step50,3759,2026-07-24,2026-08-03,-0.0202339761556519,2026,2025-12-31,native_mse,20260912,-0.0018633248001663242,,0,0
fixed_transform_step50,3764,2026-07-31,2026-08-10,0.0300318732435738,2026,2025-12-31,native_mse,20260912,-0.0013665112944695823,,0,1
fixed_transform_step50,3769,2026-08-07,2026-08-17,-0.0056482265760339,2026,2025-12-31,native_mse,20260912,-0.0010726869031266657,,0,0
fixed_transform_step50,3774,2026-08-14,2026-08-24,-0.0109860710402629,2026,2025-12-31,native_mse,20260912,-0.0012030503226100222,,0,0
fixed_transform_step50,3779,2026-08-21,2026-08-31,-0.0127592811002066,2026,2025-12-31,native_mse,20260912,-0.0005090624873602664,,0,0
fixed_transform_step50,2418,2021-01-08,2021-01-18,-0.0120052904669853,2021,2020-12-31,training_frequency,-1,0.5577557755775577,0.5577557755775577,1,0
fixed_transform_step50,2423,2021-01-15,2021-01-25,0.0231622460538123,2021,2020-12-31,training_frequency,-1,0.5577557755775577,0.5577557755775577,1,1
fixed_transform_step50,2428,2021-01-22,2021-02-01,-0.0372511735907923,2021,2020-12-31,training_frequency,-1,0.5577557755775577,0.5577557755775577,1,0
fixed_transform_step50,2433,2021-01-29,2021-02-08,0.0278689901714626,2021,2020-12-31,training_frequency,-1,0.5577557755775577,0.5577557755775577,1,1
fixed_transform_step50,2438,2021-02-05,2021-02-22,0.0507379035040882,2021,2020-12-31,training_frequency,-1,0.5577557755775577,0.5577557755775577,1,1
fixed_transform_step50,2443,2021-02-19,2021-03-01,-0.0684918010685315,2021,2020-12-31,training_frequency,-1,0.5577557755775577,0.5577557755775577,1,0
fixed_transform_step50,2448,2021-02-26,2021-03-08,-0.0165997123904068,2021,2020-12-31,training_frequency,-1,0.5577557755775577,0.5577557755775577,1,0
fixed_transform_step50,2453,2021-03-05,2021-03-15,-0.0346560901469681,2021,2020-12-31,training_frequency,-1,0.5577557755775577,0.5577557755775577,1,0
fixed_transform_step50,2458,2021-03-12,2021-03-22,-0.0210550182560221,2021,2020-12-31,training_frequency,-1,0.5577557755775577,0.5577557755775577,1,0
fixed_transform_step50,2463,2021-03-19,2021-03-29,0.0087572877565691,2021,2020-12-31,training_frequency,-1,0.5577557755775577,0.5577557755775577,1,1
fixed_transform_step50,2468,2021-03-26,2021-04-06,0.0250145479448802,2021,2020-12-31,training_frequency,-1,0.5577557755775577,0.5577557755775577,1,1
fixed_transform_step50,2473,2021-04-02,2021-04-12,-0.0292856811827044,2021,2021-03-31,training_frequency,-1,0.5540875309661437,0.5540875309661437,1,0
fixed_transform_step50,2477,2021-04-09,2021-04-19,-0.0120489836840408,2021,2021-03-31,training_frequency,-1,0.5540875309661437,0.5540875309661437,1,0
fixed_transform_step50,2482,2021-04-16,2021-04-26,0.0382932540809155,2021,2021-03-31,training_frequency,-1,0.5540875309661437,0.5540875309661437,1,1
fixed_transform_step50,2487,2021-04-23,2021-05-06,-0.0112070185917437,2021,2021-03-31,training_frequency,-1,0.5540875309661437,0.5540875309661437,1,0
fixed_transform_step50,2492,2021-04-30,2021-05-12,-0.0190946889464188,2021,2021-03-31,training_frequency,-1,0.5540875309661437,0.5540875309661437,1,0
fixed_transform_step50,2494,2021-05-07,2021-05-17,0.0227674429764228,2021,2021-03-31,training_frequency,-1,0.5540875309661437,0.5540875309661437,1,1
fixed_transform_step50,2499,2021-05-14,2021-05-24,0.0045940519733895,2021,2021-03-31,training_frequency,-1,0.5540875309661437,0.5540875309661437,1,1
fixed_transform_step50,2504,2021-05-21,2021-05-31,0.0348855085126711,2021,2021-03-31,training_frequency,-1,0.5540875309661437,0.5540875309661437,1,1
fixed_transform_step50,2509,2021-05-28,2021-06-07,-0.0062409741861724,2021,2021-03-31,training_frequency,-1,0.5540875309661437,0.5540875309661437,1,0
fixed_transform_step50,2514,2021-06-04,2021-06-15,-0.0125508761771767,2021,2021-03-31,training_frequency,-1,0.5540875309661437,0.5540875309661437,1,0
fixed_transform_step50,2519,2021-06-11,2021-06-21,-0.0250011497424577,2021,2021-03-31,training_frequency,-1,0.5540875309661437,0.5540875309661437,1,0
fixed_transform_step50,2523,2021-06-18,2021-06-28,0.0325308711127356,2021,2021-03-31,training_frequency,-1,0.5540875309661437,0.5540875309661437,1,1
fixed_transform_step50,2528,2021-06-25,2021-07-05,-0.0342297962734196,2021,2021-03-31,training_frequency,-1,0.5540875309661437,0.5540875309661437,1,0
fixed_transform_step50,2533,2021-07-02,2021-07-12,0.0068193733271841,2021,2021-06-30,training_frequency,-1,0.5537190082644629,0.5537190082644629,1,1
fixed_transform_step50,2538,2021-07-09,2021-07-19,-0.0048254045313779,2021,2021-06-30,training_frequency,-1,0.5537190082644629,0.5537190082644629,1,0
fixed_transform_step50,2543,2021-07-16,2021-07-26,-0.0032299118953994,2021,2021-06-30,training_frequency,-1,0.5537190082644629,0.5537190082644629,1,0
fixed_transform_step50,2548,2021-07-23,2021-08-02,-0.0537740931579083,2021,2021-06-30,training_frequency,-1,0.5537190082644629,0.5537190082644629,1,0
fixed_transform_step50,2553,2021-07-30,2021-08-09,0.019904813945049,2021,2021-06-30,training_frequency,-1,0.5537190082644629,0.5537190082644629,1,1
fixed_transform_step50,2558,2021-08-06,2021-08-16,0.0093369268709639,2021,2021-06-30,training_frequency,-1,0.5537190082644629,0.5537190082644629,1,1
fixed_transform_step50,2563,2021-08-13,2021-08-23,-0.032048736608373,2021,2021-06-30,training_frequency,-1,0.5537190082644629,0.5537190082644629,1,0
fixed_transform_step50,2568,2021-08-20,2021-08-30,0.0145047962107527,2021,2021-06-30,training_frequency,-1,0.5537190082644629,0.5537190082644629,1,1
fixed_transform_step50,2573,2021-08-27,2021-09-06,-0.0012316820816045,2021,2021-06-30,training_frequency,-1,0.5537190082644629,0.5537190082644629,1,0
fixed_transform_step50,2578,2021-09-03,2021-09-13,0.0342301066295398,2021,2021-06-30,training_frequency,-1,0.5537190082644629,0.5537190082644629,1,1
fixed_transform_step50,2583,2021-09-10,2021-09-22,-0.0471441667981554,2021,2021-06-30,training_frequency,-1,0.5537190082644629,0.5537190082644629,1,0
fixed_transform_step50,2588,2021-09-17,2021-09-28,0.0209863060789441,2021,2021-06-30,training_frequency,-1,0.5537190082644629,0.5537190082644629,1,1
fixed_transform_step50,2591,2021-09-24,2021-10-11,0.0144615416200457,2021,2021-06-30,training_frequency,-1,0.5537190082644629,0.5537190082644629,1,1
fixed_transform_step50,2596,2021-10-08,2021-10-18,-0.0038006269617851,2021,2021-09-30,training_frequency,-1,0.5512396694214876,0.5512396694214876,1,0
fixed_transform_step50,2601,2021-10-15,2021-10-25,0.0037358989621147,2021,2021-09-30,training_frequency,-1,0.5512396694214876,0.5512396694214876,1,1
fixed_transform_step50,2606,2021-10-22,2021-11-01,-0.0127041632091318,2021,2021-09-30,training_frequency,-1,0.5512396694214876,0.5512396694214876,1,0
fixed_transform_step50,2611,2021-10-29,2021-11-08,-0.0075807737801166,2021,2021-09-30,training_frequency,-1,0.5512396694214876,0.5512396694214876,1,0
fixed_transform_step50,2616,2021-11-05,2021-11-15,0.0110015182343039,2021,2021-09-30,training_frequency,-1,0.5512396694214876,0.5512396694214876,1,1
fixed_transform_step50,2621,2021-11-12,2021-11-22,0.0002002284238551,2021,2021-09-30,training_frequency,-1,0.5512396694214876,0.5512396694214876,1,1
fixed_transform_step50,2626,2021-11-19,2021-11-29,-0.0153981603100059,2021,2021-09-30,training_frequency,-1,0.5512396694214876,0.5512396694214876,1,0
fixed_transform_step50,2631,2021-11-26,2021-12-06,0.0185518287306458,2021,2021-09-30,training_frequency,-1,0.5512396694214876,0.5512396694214876,1,1
fixed_transform_step50,2636,2021-12-03,2021-12-13,0.0367843110096284,2021,2021-09-30,training_frequency,-1,0.5512396694214876,0.5512396694214876,1,1
fixed_transform_step50,2641,2021-12-10,2021-12-20,-0.0304615698955996,2021,2021-09-30,training_frequency,-1,0.5512396694214876,0.5512396694214876,1,0
fixed_transform_step50,2646,2021-12-17,2021-12-27,-0.0034083287233763,2021,2021-09-30,training_frequency,-1,0.5512396694214876,0.5512396694214876,1,0
fixed_transform_step50,2651,2021-12-24,2022-01-04,0.0080985736506613,2021,2021-09-30,training_frequency,-1,0.5512396694214876,0.5512396694214876,1,1
fixed_transform_step50,2656,2021-12-31,2022-01-10,-0.0293970528320001,2021,2021-09-30,training_frequency,-1,0.5512396694214876,0.5512396694214876,1,0
fixed_transform_step50,2660,2022-01-07,2022-01-17,-0.0173453887283024,2022,2021-12-31,training_frequency,-1,0.5458298926507019,0.5458298926507019,1,0
fixed_transform_step50,2665,2022-01-14,2022-01-24,0.0053248631776616,2022,2021-12-31,training_frequency,-1,0.5458298926507019,0.5458298926507019,1,1
fixed_transform_step50,2670,2022-01-21,2022-02-07,-0.0242661876254222,2022,2021-12-31,training_frequency,-1,0.5458298926507019,0.5458298926507019,1,0
fixed_transform_step50,2675,2022-01-28,2022-02-14,-0.0127539031341488,2022,2021-12-31,training_frequency,-1,0.5458298926507019,0.5458298926507019,1,0
fixed_transform_step50,2680,2022-02-11,2022-02-21,0.0145498774954033,2022,2021-12-31,training_frequency,-1,0.5458298926507019,0.5458298926507019,1,1
fixed_transform_step50,2685,2022-02-18,2022-02-28,-0.0177161244498015,2022,2021-12-31,training_frequency,-1,0.5458298926507019,0.5458298926507019,1,0
fixed_transform_step50,2690,2022-02-25,2022-03-07,-0.0221791776043331,2022,2021-12-31,training_frequency,-1,0.5458298926507019,0.5458298926507019,1,0
fixed_transform_step50,2695,2022-03-04,2022-03-14,-0.0480378799422749,2022,2021-12-31,training_frequency,-1,0.5458298926507019,0.5458298926507019,1,0
fixed_transform_step50,2700,2022-03-11,2022-03-21,0.007530336734814,2022,2021-12-31,training_frequency,-1,0.5458298926507019,0.5458298926507019,1,1
fixed_transform_step50,2705,2022-03-18,2022-03-28,-0.0353493110038457,2022,2021-12-31,training_frequency,-1,0.5458298926507019,0.5458298926507019,1,0
fixed_transform_step50,2710,2022-03-25,2022-04-06,0.0314834190717003,2022,2021-12-31,training_frequency,-1,0.5458298926507019,0.5458298926507019,1,1
fixed_transform_step50,2715,2022-04-01,2022-04-12,-0.0129237372705649,2022,2022-03-31,training_frequency,-1,0.5264462809917355,0.5264462809917355,1,0
fixed_transform_step50,2718,2022-04-08,2022-04-18,-0.0120986062576864,2022,2022-03-31,training_frequency,-1,0.5264462809917355,0.5264462809917355,1,0
fixed_transform_step50,2723,2022-04-15,2022-04-25,-0.0528494340140576,2022,2022-03-31,training_frequency,-1,0.5264462809917355,0.5264462809917355,1,0
fixed_transform_step50,2728,2022-04-22,2022-05-05,0.015736821365468,2022,2022-03-31,training_frequency,-1,0.5264462809917355,0.5264462809917355,1,1
fixed_transform_step50,2733,2022-04-29,2022-05-11,-0.0278824133054675,2022,2022-03-31,training_frequency,-1,0.5264462809917355,0.5264462809917355,1,0
fixed_transform_step50,2735,2022-05-06,2022-05-16,0.033741423035827,2022,2022-03-31,training_frequency,-1,0.5264462809917355,0.5264462809917355,1,1
fixed_transform_step50,2740,2022-05-13,2022-05-23,0.0164308841843088,2022,2022-03-31,training_frequency,-1,0.5264462809917355,0.5264462809917355,1,1
fixed_transform_step50,2745,2022-05-20,2022-05-30,-0.0147293413085614,2022,2022-03-31,training_frequency,-1,0.5264462809917355,0.5264462809917355,1,0
fixed_transform_step50,2750,2022-05-27,2022-06-13,0.0431748431927498,2022,2022-03-31,training_frequency,-1,0.5264462809917355,0.5264462809917355,1,1
fixed_transform_step50,2759,2022-06-10,2022-06-20,0.0306046547112142,2022,2022-03-31,training_frequency,-1,0.5264462809917355,0.5264462809917355,1,1
fixed_transform_step50,2764,2022-06-17,2022-06-27,0.0211666894141107,2022,2022-03-31,training_frequency,-1,0.5264462809917355,0.5264462809917355,1,1
fixed_transform_step50,2769,2022-06-24,2022-07-04,0.0074507343130214,2022,2022-03-31,training_frequency,-1,0.5264462809917355,0.5264462809917355,1,1
fixed_transform_step50,2774,2022-07-01,2022-07-11,-0.0092349827532707,2022,2022-06-30,training_frequency,-1,0.5318444995864351,0.5318444995864351,1,0
fixed_transform_step50,2779,2022-07-08,2022-07-18,-0.0326815927737367,2022,2022-06-30,training_frequency,-1,0.5318444995864351,0.5318444995864351,1,0
fixed_transform_step50,2784,2022-07-15,2022-07-25,-0.0066210715249344,2022,2022-06-30,training_frequency,-1,0.5318444995864351,0.5318444995864351,1,0
fixed_transform_step50,2789,2022-07-22,2022-08-01,-0.0173077967751003,2022,2022-06-30,training_frequency,-1,0.5318444995864351,0.5318444995864351,1,0
fixed_transform_step50,2794,2022-07-29,2022-08-08,-0.004456034513838,2022,2022-06-30,training_frequency,-1,0.5318444995864351,0.5318444995864351,1,0
fixed_transform_step50,2799,2022-08-05,2022-08-15,0.0091475117753996,2022,2022-06-30,training_frequency,-1,0.5318444995864351,0.5318444995864351,1,1
fixed_transform_step50,2804,2022-08-12,2022-08-22,-0.0107272727272728,2022,2022-06-30,training_frequency,-1,0.5318444995864351,0.5318444995864351,1,0
fixed_transform_step50,2809,2022-08-19,2022-08-29,-0.0172375434082356,2022,2022-06-30,training_frequency,-1,0.5318444995864351,0.5318444995864351,1,0
fixed_transform_step50,2814,2022-08-26,2022-09-05,-0.0131573766941938,2022,2022-06-30,training_frequency,-1,0.5318444995864351,0.5318444995864351,1,0
fixed_transform_step50,2819,2022-09-02,2022-09-13,0.0253340680878015,2022,2022-06-30,training_frequency,-1,0.5318444995864351,0.5318444995864351,1,1
fixed_transform_step50,2824,2022-09-09,2022-09-19,-0.044647264962877,2022,2022-06-30,training_frequency,-1,0.5318444995864351,0.5318444995864351,1,0
fixed_transform_step50,2828,2022-09-16,2022-09-26,-0.025155151434928,2022,2022-06-30,training_frequency,-1,0.5318444995864351,0.5318444995864351,1,0
fixed_transform_step50,2833,2022-09-23,2022-10-10,-0.0060162941299352,2022,2022-06-30,training_frequency,-1,0.5318444995864351,0.5318444995864351,1,0
fixed_transform_step50,2838,2022-09-30,2022-10-17,0.0041192047412885,2022,2022-06-30,training_frequency,-1,0.5318444995864351,0.5318444995864351,1,1
fixed_transform_step50,2843,2022-10-14,2022-10-24,-0.0246766294110258,2022,2022-09-30,training_frequency,-1,0.5119933829611248,0.5119933829611248,1,0
fixed_transform_step50,2848,2022-10-21,2022-10-31,-0.059928861134359,2022,2022-09-30,training_frequency,-1,0.5119933829611248,0.5119933829611248,1,0
fixed_transform_step50,2853,2022-10-28,2022-11-07,0.071339502526744,2022,2022-09-30,training_frequency,-1,0.5119933829611248,0.5119933829611248,1,1
fixed_transform_step50,2858,2022-11-04,2022-11-14,0.0169449090696014,2022,2022-09-30,training_frequency,-1,0.5119933829611248,0.5119933829611248,1,1
fixed_transform_step50,2863,2022-11-11,2022-11-21,-0.0127051391515239,2022,2022-09-30,training_frequency,-1,0.5119933829611248,0.5119933829611248,1,0
fixed_transform_step50,2868,2022-11-18,2022-11-28,-0.0179672806084416,2022,2022-09-30,training_frequency,-1,0.5119933829611248,0.5119933829611248,1,0
fixed_transform_step50,2873,2022-11-25,2022-12-05,0.0555768659337096,2022,2022-09-30,training_frequency,-1,0.5119933829611248,0.5119933829611248,1,1
fixed_transform_step50,2878,2022-12-02,2022-12-12,0.0175374394775362,2022,2022-09-30,training_frequency,-1,0.5119933829611248,0.5119933829611248,1,1
fixed_transform_step50,2883,2022-12-09,2022-12-19,-0.0058850602464181,2022,2022-09-30,training_frequency,-1,0.5119933829611248,0.5119933829611248,1,0
fixed_transform_step50,2888,2022-12-16,2022-12-26,-0.0309150292073658,2022,2022-09-30,training_frequency,-1,0.5119933829611248,0.5119933829611248,1,0
fixed_transform_step50,2893,2022-12-23,2023-01-03,0.0089464492229616,2022,2022-09-30,training_frequency,-1,0.5119933829611248,0.5119933829611248,1,1
fixed_transform_step50,2898,2022-12-30,2023-01-09,0.0345913414268119,2022,2022-09-30,training_frequency,-1,0.5119933829611248,0.5119933829611248,1,1
fixed_transform_step50,2902,2023-01-06,2023-01-16,0.0198447929614133,2023,2022-12-31,training_frequency,-1,0.5028949545078577,0.5028949545078577,1,1
fixed_transform_step50,2907,2023-01-13,2023-01-30,0.0465290788350809,2023,2022-12-31,training_frequency,-1,0.5028949545078577,0.5028949545078577,1,1
fixed_transform_step50,2912,2023-01-20,2023-02-06,-0.0383797057844887,2023,2022-12-31,training_frequency,-1,0.5028949545078577,0.5028949545078577,1,0
fixed_transform_step50,2917,2023-02-03,2023-02-13,-0.0012061903149008,2023,2022-12-31,training_frequency,-1,0.5028949545078577,0.5028949545078577,1,0
fixed_transform_step50,2922,2023-02-10,2023-02-20,-0.0143746584432821,2023,2022-12-31,training_frequency,-1,0.5028949545078577,0.5028949545078577,1,0
fixed_transform_step50,2927,2023-02-17,2023-02-27,0.0001237636016198,2023,2022-12-31,training_frequency,-1,0.5028949545078577,0.5028949545078577,1,1
fixed_transform_step50,2932,2023-02-24,2023-03-06,0.0224454641303217,2023,2022-12-31,training_frequency,-1,0.5028949545078577,0.5028949545078577,1,1
fixed_transform_step50,2937,2023-03-03,2023-03-13,-0.0407900947678007,2023,2022-12-31,training_frequency,-1,0.5028949545078577,0.5028949545078577,1,0
fixed_transform_step50,2942,2023-03-10,2023-03-20,5.0471402903706775e-06,2023,2022-12-31,training_frequency,-1,0.5028949545078577,0.5028949545078577,1,1
fixed_transform_step50,2947,2023-03-17,2023-03-27,0.015302852124583,2023,2022-12-31,training_frequency,-1,0.5028949545078577,0.5028949545078577,1,1
fixed_transform_step50,2952,2023-03-24,2023-04-03,0.0090274153058433,2023,2022-12-31,training_frequency,-1,0.5028949545078577,0.5028949545078577,1,1
fixed_transform_step50,2957,2023-03-31,2023-04-10,0.0178317182396383,2023,2022-12-31,training_frequency,-1,0.5028949545078577,0.5028949545078577,1,1
fixed_transform_step50,2961,2023-04-07,2023-04-17,-0.0101500238382772,2023,2023-03-31,training_frequency,-1,0.5062034739454094,0.5062034739454094,1,0
fixed_transform_step50,2966,2023-04-14,2023-04-24,-0.014368947230732,2023,2023-03-31,training_frequency,-1,0.5062034739454094,0.5062034739454094,1,0
fixed_transform_step50,2971,2023-04-21,2023-05-04,-0.0044228908788729,2023,2023-03-31,training_frequency,-1,0.5062034739454094,0.5062034739454094,1,0
fixed_transform_step50,2976,2023-04-28,2023-05-10,0.0036477163153083,2023,2023-03-31,training_frequency,-1,0.5062034739454094,0.5062034739454094,1,1
fixed_transform_step50,2978,2023-05-05,2023-05-15,-0.0221642407977935,2023,2023-03-31,training_frequency,-1,0.5062034739454094,0.5062034739454094,1,0
fixed_transform_step50,2983,2023-05-12,2023-05-22,0.0005509250208819,2023,2023-03-31,training_frequency,-1,0.5062034739454094,0.5062034739454094,1,1
fixed_transform_step50,2988,2023-05-19,2023-05-29,-0.0200253742704897,2023,2023-03-31,training_frequency,-1,0.5062034739454094,0.5062034739454094,1,0
fixed_transform_step50,2993,2023-05-26,2023-06-05,-0.0003935703040848,2023,2023-03-31,training_frequency,-1,0.5062034739454094,0.5062034739454094,1,0
fixed_transform_step50,2998,2023-06-02,2023-06-12,-0.0086075595250429,2023,2023-03-31,training_frequency,-1,0.5062034739454094,0.5062034739454094,1,0
fixed_transform_step50,3003,2023-06-09,2023-06-19,0.0338878539347273,2023,2023-03-31,training_frequency,-1,0.5062034739454094,0.5062034739454094,1,1
fixed_transform_step50,3008,2023-06-16,2023-07-03,-0.026216632171098,2023,2023-03-31,training_frequency,-1,0.5062034739454094,0.5062034739454094,1,0
fixed_transform_step50,3016,2023-06-30,2023-07-10,-0.0030441518806006,2023,2023-03-31,training_frequency,-1,0.5062034739454094,0.5062034739454094,1,0
fixed_transform_step50,3021,2023-07-07,2023-07-17,0.0104280552692135,2023,2023-06-30,training_frequency,-1,0.5132450331125827,0.5132450331125827,1,1
fixed_transform_step50,3026,2023-07-14,2023-07-24,-0.0201642613135752,2023,2023-06-30,training_frequency,-1,0.5132450331125827,0.5132450331125827,1,0
fixed_transform_step50,3031,2023-07-21,2023-07-31,0.0566710925894278,2023,2023-06-30,training_frequency,-1,0.5132450331125827,0.5132450331125827,1,1
fixed_transform_step50,3036,2023-07-28,2023-08-07,-0.0039612927947766,2023,2023-06-30,training_frequency,-1,0.5132450331125827,0.5132450331125827,1,0
fixed_transform_step50,3041,2023-08-04,2023-08-14,-0.0404899362223548,2023,2023-06-30,training_frequency,-1,0.5132450331125827,0.5132450331125827,1,0
fixed_transform_step50,3046,2023-08-11,2023-08-21,-0.0176157088591445,2023,2023-06-30,training_frequency,-1,0.5132450331125827,0.5132450331125827,1,0
fixed_transform_step50,3051,2023-08-18,2023-08-28,0.0366582477081969,2023,2023-06-30,training_frequency,-1,0.5132450331125827,0.5132450331125827,1,1
fixed_transform_step50,3056,2023-08-25,2023-09-04,-0.025197172476384,2023,2023-06-30,training_frequency,-1,0.5132450331125827,0.5132450331125827,1,0
fixed_transform_step50,3061,2023-09-01,2023-09-11,-0.0189903461587886,2023,2023-06-30,training_frequency,-1,0.5132450331125827,0.5132450331125827,1,0
fixed_transform_step50,3066,2023-09-08,2023-09-18,-0.0111346368744954,2023,2023-06-30,training_frequency,-1,0.5132450331125827,0.5132450331125827,1,0
fixed_transform_step50,3071,2023-09-15,2023-09-25,0.0105787349314532,2023,2023-06-30,training_frequency,-1,0.5132450331125827,0.5132450331125827,1,1
fixed_transform_step50,3076,2023-09-22,2023-10-16,-0.0198017153282719,2023,2023-06-30,training_frequency,-1,0.5132450331125827,0.5132450331125827,1,0
fixed_transform_step50,3085,2023-10-13,2023-10-23,-0.0447156690429144,2023,2023-09-30,training_frequency,-1,0.5082781456953642,0.5082781456953642,1,0
fixed_transform_step50,3090,2023-10-20,2023-10-30,0.0154019770298841,2023,2023-09-30,training_frequency,-1,0.5082781456953642,0.5082781456953642,1,1
fixed_transform_step50,3095,2023-10-27,2023-11-06,0.0152527637017425,2023,2023-09-30,training_frequency,-1,0.5082781456953642,0.5082781456953642,1,1
fixed_transform_step50,3100,2023-11-03,2023-11-13,-0.0039935482440582,2023,2023-09-30,training_frequency,-1,0.5082781456953642,0.5082781456953642,1,0
fixed_transform_step50,3105,2023-11-10,2023-11-20,-0.0067280482816765,2023,2023-09-30,training_frequency,-1,0.5082781456953642,0.5082781456953642,1,0
fixed_transform_step50,3110,2023-11-17,2023-11-27,-0.0098859017348651,2023,2023-09-30,training_frequency,-1,0.5082781456953642,0.5082781456953642,1,0
fixed_transform_step50,3115,2023-11-24,2023-12-04,-0.0151084754586299,2023,2023-09-30,training_frequency,-1,0.5082781456953642,0.5082781456953642,1,0
fixed_transform_step50,3120,2023-12-01,2023-12-11,-0.0295859857973478,2023,2023-09-30,training_frequency,-1,0.5082781456953642,0.5082781456953642,1,0
fixed_transform_step50,3125,2023-12-08,2023-12-18,-0.0144639658974852,2023,2023-09-30,training_frequency,-1,0.5082781456953642,0.5082781456953642,1,0
fixed_transform_step50,3130,2023-12-15,2023-12-25,0.0003424256350643,2023,2023-09-30,training_frequency,-1,0.5082781456953642,0.5082781456953642,1,1
fixed_transform_step50,3135,2023-12-22,2024-01-02,0.0288079559683274,2023,2023-09-30,training_frequency,-1,0.5082781456953642,0.5082781456953642,1,1
fixed_transform_step50,3140,2023-12-29,2024-01-08,-0.0302544749829989,2023,2023-09-30,training_frequency,-1,0.5082781456953642,0.5082781456953642,1,0
fixed_transform_step50,3144,2024-01-05,2024-01-15,-0.0158038409563566,2024,2023-12-31,training_frequency,-1,0.5024834437086093,0.5024834437086093,1,0
fixed_transform_step50,3149,2024-01-12,2024-01-22,-0.002333261979756,2024,2023-12-31,training_frequency,-1,0.5024834437086093,0.5024834437086093,1,0
fixed_transform_step50,3154,2024-01-19,2024-01-29,0.0223511633823452,2024,2023-12-31,training_frequency,-1,0.5024834437086093,0.5024834437086093,1,1
fixed_transform_step50,3159,2024-01-26,2024-02-05,-0.0513103415192826,2024,2023-12-31,training_frequency,-1,0.5024834437086093,0.5024834437086093,1,0
fixed_transform_step50,3164,2024-02-02,2024-02-26,0.1015374891364462,2024,2023-12-31,training_frequency,-1,0.5024834437086093,0.5024834437086093,1,1
fixed_transform_step50,3173,2024-02-23,2024-03-04,0.0151569053862528,2024,2023-12-31,training_frequency,-1,0.5024834437086093,0.5024834437086093,1,1
fixed_transform_step50,3178,2024-03-01,2024-03-11,0.0021394031715169,2024,2023-12-31,training_frequency,-1,0.5024834437086093,0.5024834437086093,1,1
fixed_transform_step50,3183,2024-03-08,2024-03-18,0.0087762342284414,2024,2023-12-31,training_frequency,-1,0.5024834437086093,0.5024834437086093,1,1
fixed_transform_step50,3188,2024-03-15,2024-03-25,-0.0112802133595746,2024,2023-12-31,training_frequency,-1,0.5024834437086093,0.5024834437086093,1,0
fixed_transform_step50,3193,2024-03-22,2024-04-01,0.0042044725182444,2024,2023-12-31,training_frequency,-1,0.5024834437086093,0.5024834437086093,1,1
fixed_transform_step50,3198,2024-03-29,2024-04-15,-0.0219845815102011,2024,2023-12-31,training_frequency,-1,0.5024834437086093,0.5024834437086093,1,0
fixed_transform_step50,3206,2024-04-12,2024-04-22,0.018045199366633,2024,2024-03-31,training_frequency,-1,0.4900662251655629,0.4900662251655629,0,1
fixed_transform_step50,3211,2024-04-19,2024-04-29,0.0136757744232476,2024,2024-03-31,training_frequency,-1,0.4900662251655629,0.4900662251655629,0,1
fixed_transform_step50,3216,2024-04-26,2024-05-13,0.0172434956786644,2024,2024-03-31,training_frequency,-1,0.4900662251655629,0.4900662251655629,0,1
fixed_transform_step50,3223,2024-05-10,2024-05-20,0.0097933549988344,2024,2024-03-31,training_frequency,-1,0.4900662251655629,0.4900662251655629,0,1
fixed_transform_step50,3228,2024-05-17,2024-05-27,-0.0204803832637164,2024,2024-03-31,training_frequency,-1,0.4900662251655629,0.4900662251655629,0,0
fixed_transform_step50,3233,2024-05-24,2024-06-03,-0.0081155643048258,2024,2024-03-31,training_frequency,-1,0.4900662251655629,0.4900662251655629,0,0
fixed_transform_step50,3238,2024-05-31,2024-06-11,-0.0060267570121149,2024,2024-03-31,training_frequency,-1,0.4900662251655629,0.4900662251655629,0,0
fixed_transform_step50,3243,2024-06-07,2024-06-17,-0.0096686558937179,2024,2024-03-31,training_frequency,-1,0.4900662251655629,0.4900662251655629,0,0
fixed_transform_step50,3247,2024-06-14,2024-06-24,-0.013573992457631,2024,2024-03-31,training_frequency,-1,0.4900662251655629,0.4900662251655629,0,0
fixed_transform_step50,3252,2024-06-21,2024-07-01,-0.004427632109257,2024,2024-03-31,training_frequency,-1,0.4900662251655629,0.4900662251655629,0,0
fixed_transform_step50,3257,2024-06-28,2024-07-08,-0.0108320369203009,2024,2024-03-31,training_frequency,-1,0.4900662251655629,0.4900662251655629,0,0
fixed_transform_step50,3262,2024-07-05,2024-07-15,0.0122222871842843,2024,2024-06-30,training_frequency,-1,0.48384424192212094,0.48384424192212094,0,1
fixed_transform_step50,3267,2024-07-12,2024-07-22,0.0218881133018156,2024,2024-06-30,training_frequency,-1,0.48384424192212094,0.48384424192212094,0,1
fixed_transform_step50,3272,2024-07-19,2024-07-29,-0.0378787022382998,2024,2024-06-30,training_frequency,-1,0.48384424192212094,0.48384424192212094,0,0
fixed_transform_step50,3277,2024-07-26,2024-08-05,-0.0124134568216732,2024,2024-06-30,training_frequency,-1,0.48384424192212094,0.48384424192212094,0,0
fixed_transform_step50,3282,2024-08-02,2024-08-12,-0.0102762848330364,2024,2024-06-30,training_frequency,-1,0.48384424192212094,0.48384424192212094,0,0
fixed_transform_step50,3287,2024-08-09,2024-08-19,0.0050186923751938,2024,2024-06-30,training_frequency,-1,0.48384424192212094,0.48384424192212094,0,1
fixed_transform_step50,3292,2024-08-16,2024-08-26,-0.0040487282687352,2024,2024-06-30,training_frequency,-1,0.48384424192212094,0.48384424192212094,0,0
fixed_transform_step50,3297,2024-08-23,2024-09-02,-0.0069594562136714,2024,2024-06-30,training_frequency,-1,0.48384424192212094,0.48384424192212094,0,0
fixed_transform_step50,3302,2024-08-30,2024-09-09,-0.0280389655151561,2024,2024-06-30,training_frequency,-1,0.48384424192212094,0.48384424192212094,0,0
fixed_transform_step50,3307,2024-09-06,2024-09-18,-0.0174132138857783,2024,2024-06-30,training_frequency,-1,0.48384424192212094,0.48384424192212094,0,0
fixed_transform_step50,3312,2024-09-13,2024-09-24,0.0133119329369826,2024,2024-06-30,training_frequency,-1,0.48384424192212094,0.48384424192212094,0,1
fixed_transform_step50,3315,2024-09-20,2024-09-30,0.2017513988384409,2024,2024-06-30,training_frequency,-1,0.48384424192212094,0.48384424192212094,0,1
fixed_transform_step50,3320,2024-09-27,2024-10-14,0.0178259004588408,2024,2024-06-30,training_frequency,-1,0.48384424192212094,0.48384424192212094,0,1
fixed_transform_step50,3325,2024-10-11,2024-10-21,0.0080914993282625,2024,2024-09-30,training_frequency,-1,0.472636815920398,0.472636815920398,0,1
fixed_transform_step50,3330,2024-10-18,2024-10-28,0.0015733867085561,2024,2024-09-30,training_frequency,-1,0.472636815920398,0.472636815920398,0,1
fixed_transform_step50,3335,2024-10-25,2024-11-04,-0.0140142824257356,2024,2024-09-30,training_frequency,-1,0.472636815920398,0.472636815920398,0,0
fixed_transform_step50,3340,2024-11-01,2024-11-11,0.0434152361258277,2024,2024-09-30,training_frequency,-1,0.472636815920398,0.472636815920398,0,1
fixed_transform_step50,3345,2024-11-08,2024-11-18,-0.0208584853931589,2024,2024-09-30,training_frequency,-1,0.472636815920398,0.472636815920398,0,0
fixed_transform_step50,3350,2024-11-15,2024-11-25,-0.0267421712161923,2024,2024-09-30,training_frequency,-1,0.472636815920398,0.472636815920398,0,0
fixed_transform_step50,3355,2024-11-22,2024-12-02,0.0087960346887328,2024,2024-09-30,training_frequency,-1,0.472636815920398,0.472636815920398,0,1
fixed_transform_step50,3360,2024-11-29,2024-12-09,0.0155919891551781,2024,2024-09-30,training_frequency,-1,0.472636815920398,0.472636815920398,0,1
fixed_transform_step50,3365,2024-12-06,2024-12-16,-0.0100436703218104,2024,2024-09-30,training_frequency,-1,0.472636815920398,0.472636815920398,0,0
fixed_transform_step50,3370,2024-12-13,2024-12-23,-0.0006690784017421,2024,2024-09-30,training_frequency,-1,0.472636815920398,0.472636815920398,0,0
fixed_transform_step50,3375,2024-12-20,2024-12-30,0.0123595076562756,2024,2024-09-30,training_frequency,-1,0.472636815920398,0.472636815920398,0,1
fixed_transform_step50,3380,2024-12-27,2025-01-06,-0.0504714964669198,2024,2024-09-30,training_frequency,-1,0.472636815920398,0.472636815920398,0,0
fixed_transform_step50,3384,2025-01-03,2025-01-13,-0.0189486730632231,2025,2024-12-31,training_frequency,-1,0.472636815920398,0.472636815920398,0,0
fixed_transform_step50,3389,2025-01-10,2025-01-20,0.0353251773547418,2025,2024-12-31,training_frequency,-1,0.472636815920398,0.472636815920398,0,1
fixed_transform_step50,3394,2025-01-17,2025-01-27,0.000432821422053,2025,2024-12-31,training_frequency,-1,0.472636815920398,0.472636815920398,0,1
fixed_transform_step50,3399,2025-01-24,2025-02-10,0.0159344898044284,2025,2024-12-31,training_frequency,-1,0.472636815920398,0.472636815920398,0,1
fixed_transform_step50,3403,2025-02-07,2025-02-17,0.0144454990892999,2025,2024-12-31,training_frequency,-1,0.472636815920398,0.472636815920398,0,1
fixed_transform_step50,3408,2025-02-14,2025-02-24,0.0045695818086644,2025,2024-12-31,training_frequency,-1,0.472636815920398,0.472636815920398,0,1
fixed_transform_step50,3413,2025-02-21,2025-03-03,-0.0183210488158531,2025,2024-12-31,training_frequency,-1,0.472636815920398,0.472636815920398,0,0
fixed_transform_step50,3418,2025-02-28,2025-03-10,0.0117650075646844,2025,2024-12-31,training_frequency,-1,0.472636815920398,0.472636815920398,0,1
fixed_transform_step50,3423,2025-03-07,2025-03-17,0.019023819058288,2025,2024-12-31,training_frequency,-1,0.472636815920398,0.472636815920398,0,1
fixed_transform_step50,3428,2025-03-14,2025-03-24,-0.0259983485216283,2025,2024-12-31,training_frequency,-1,0.472636815920398,0.472636815920398,0,0
fixed_transform_step50,3433,2025-03-21,2025-03-31,-0.0025867506275359,2025,2024-12-31,training_frequency,-1,0.472636815920398,0.472636815920398,0,0
fixed_transform_step50,3438,2025-03-28,2025-04-14,-0.0342910101946246,2025,2024-12-31,training_frequency,-1,0.472636815920398,0.472636815920398,0,0
fixed_transform_step50,3447,2025-04-11,2025-04-21,-0.0010339232881941,2025,2025-03-31,training_frequency,-1,0.4738589211618257,0.4738589211618257,0,0
fixed_transform_step50,3452,2025-04-18,2025-04-28,0.0048432383085554,2025,2025-03-31,training_frequency,-1,0.4738589211618257,0.4738589211618257,0,1
fixed_transform_step50,3457,2025-04-25,2025-05-12,0.02116527880118,2025,2025-03-31,training_frequency,-1,0.4738589211618257,0.4738589211618257,0,1
fixed_transform_step50,3464,2025-05-09,2025-05-19,0.0041484224873464,2025,2025-03-31,training_frequency,-1,0.4738589211618257,0.4738589211618257,0,1
fixed_transform_step50,3469,2025-05-16,2025-05-26,-0.0017462660042188,2025,2025-03-31,training_frequency,-1,0.4738589211618257,0.4738589211618257,0,0
fixed_transform_step50,3474,2025-05-23,2025-06-03,-0.0109216443615366,2025,2025-03-31,training_frequency,-1,0.4738589211618257,0.4738589211618257,0,0
fixed_transform_step50,3479,2025-05-30,2025-06-09,0.011566574321892,2025,2025-03-31,training_frequency,-1,0.4738589211618257,0.4738589211618257,0,1
fixed_transform_step50,3483,2025-06-06,2025-06-16,-0.0062354943524679,2025,2025-03-31,training_frequency,-1,0.4738589211618257,0.4738589211618257,0,0
fixed_transform_step50,3488,2025-06-13,2025-06-23,-0.005825691168304,2025,2025-03-31,training_frequency,-1,0.4738589211618257,0.4738589211618257,0,0
fixed_transform_step50,3493,2025-06-20,2025-06-30,0.0232670437490374,2025,2025-03-31,training_frequency,-1,0.4738589211618257,0.4738589211618257,0,1
fixed_transform_step50,3498,2025-06-27,2025-07-07,0.0145345648685946,2025,2025-03-31,training_frequency,-1,0.4738589211618257,0.4738589211618257,0,1
fixed_transform_step50,3503,2025-07-04,2025-07-14,0.0110426949002964,2025,2025-06-30,training_frequency,-1,0.4701492537313433,0.4701492537313433,0,1
fixed_transform_step50,3508,2025-07-11,2025-07-21,0.0120759671840067,2025,2025-06-30,training_frequency,-1,0.4701492537313433,0.4701492537313433,0,1
fixed_transform_step50,3513,2025-07-18,2025-07-28,0.0143570766898375,2025,2025-06-30,training_frequency,-1,0.4701492537313433,0.4701492537313433,0,1
fixed_transform_step50,3518,2025-07-25,2025-08-04,-0.0218642507630443,2025,2025-06-30,training_frequency,-1,0.4701492537313433,0.4701492537313433,0,0
fixed_transform_step50,3523,2025-08-01,2025-08-11,0.0179175520190988,2025,2025-06-30,training_frequency,-1,0.4701492537313433,0.4701492537313433,0,1
fixed_transform_step50,3528,2025-08-08,2025-08-18,0.026265786598999,2025,2025-06-30,training_frequency,-1,0.4701492537313433,0.4701492537313433,0,1
fixed_transform_step50,3533,2025-08-15,2025-08-25,0.0469483790671487,2025,2025-06-30,training_frequency,-1,0.4701492537313433,0.4701492537313433,0,1
fixed_transform_step50,3538,2025-08-22,2025-09-01,0.0227770368340847,2025,2025-06-30,training_frequency,-1,0.4701492537313433,0.4701492537313433,0,1
fixed_transform_step50,3543,2025-08-29,2025-09-08,-0.0110053842475337,2025,2025-06-30,training_frequency,-1,0.4701492537313433,0.4701492537313433,0,0
fixed_transform_step50,3548,2025-09-05,2025-09-15,0.0151594857594405,2025,2025-06-30,training_frequency,-1,0.4701492537313433,0.4701492537313433,0,1
fixed_transform_step50,3553,2025-09-12,2025-09-22,-0.0050409160971932,2025,2025-06-30,training_frequency,-1,0.4701492537313433,0.4701492537313433,0,0
fixed_transform_step50,3558,2025-09-19,2025-09-29,0.0095300784790881,2025,2025-06-30,training_frequency,-1,0.4701492537313433,0.4701492537313433,0,1
fixed_transform_step50,3563,2025-09-26,2025-10-13,-0.0140855274279203,2025,2025-06-30,training_frequency,-1,0.4701492537313433,0.4701492537313433,0,0
fixed_transform_step50,3567,2025-10-10,2025-10-20,0.015001547584321,2025,2025-09-30,training_frequency,-1,0.48258706467661694,0.48258706467661694,0,1
fixed_transform_step50,3572,2025-10-17,2025-10-27,0.0309637052897611,2025,2025-09-30,training_frequency,-1,0.48258706467661694,0.48258706467661694,0,1
fixed_transform_step50,3577,2025-10-24,2025-11-03,-0.013331545863497,2025,2025-09-30,training_frequency,-1,0.48258706467661694,0.48258706467661694,0,0
fixed_transform_step50,3582,2025-10-31,2025-11-10,0.0110832418536339,2025,2025-09-30,training_frequency,-1,0.48258706467661694,0.48258706467661694,0,1
fixed_transform_step50,3587,2025-11-07,2025-11-17,-0.0152107881197579,2025,2025-09-30,training_frequency,-1,0.48258706467661694,0.48258706467661694,0,0
fixed_transform_step50,3592,2025-11-14,2025-11-24,-0.031114557454173,2025,2025-09-30,training_frequency,-1,0.48258706467661694,0.48258706467661694,0,0
fixed_transform_step50,3597,2025-11-21,2025-12-01,0.0147613767448515,2025,2025-09-30,training_frequency,-1,0.48258706467661694,0.48258706467661694,0,1
fixed_transform_step50,3602,2025-11-28,2025-12-08,0.0118853804313106,2025,2025-09-30,training_frequency,-1,0.48258706467661694,0.48258706467661694,0,1
fixed_transform_step50,3607,2025-12-05,2025-12-15,-0.0093922675990717,2025,2025-09-30,training_frequency,-1,0.48258706467661694,0.48258706467661694,0,0
fixed_transform_step50,3612,2025-12-12,2025-12-22,0.0082791208791208,2025,2025-09-30,training_frequency,-1,0.48258706467661694,0.48258706467661694,0,1
fixed_transform_step50,3617,2025-12-19,2025-12-29,0.0153890755001995,2025,2025-09-30,training_frequency,-1,0.48258706467661694,0.48258706467661694,0,1
fixed_transform_step50,3622,2025-12-26,2026-01-12,0.0239101640737868,2025,2025-09-30,training_frequency,-1,0.48258706467661694,0.48258706467661694,0,1
fixed_transform_step50,3630,2026-01-09,2026-01-19,-0.0103697336282536,2026,2025-12-31,training_frequency,-1,0.4792703150912106,0.4792703150912106,0,0
fixed_transform_step50,3635,2026-01-16,2026-01-26,-0.0010190267764643,2026,2025-12-31,training_frequency,-1,0.4792703150912106,0.4792703150912106,0,0
fixed_transform_step50,3640,2026-01-23,2026-02-02,-0.0087161586128796,2026,2025-12-31,training_frequency,-1,0.4792703150912106,0.4792703150912106,0,0
fixed_transform_step50,3645,2026-01-30,2026-02-09,0.0041482324550519,2026,2025-12-31,training_frequency,-1,0.4792703150912106,0.4792703150912106,0,1
fixed_transform_step50,3650,2026-02-06,2026-02-24,0.0071649689901505,2026,2025-12-31,training_frequency,-1,0.4792703150912106,0.4792703150912106,0,1
fixed_transform_step50,3655,2026-02-13,2026-03-02,-0.0097920588919678,2026,2025-12-31,training_frequency,-1,0.4792703150912106,0.4792703150912106,0,0
fixed_transform_step50,3659,2026-02-27,2026-03-09,-0.0172526869201304,2026,2025-12-31,training_frequency,-1,0.4792703150912106,0.4792703150912106,0,0
fixed_transform_step50,3664,2026-03-06,2026-03-16,0.0149926634422041,2026,2025-12-31,training_frequency,-1,0.4792703150912106,0.4792703150912106,0,1
fixed_transform_step50,3669,2026-03-13,2026-03-23,-0.0364343509194254,2026,2025-12-31,training_frequency,-1,0.4792703150912106,0.4792703150912106,0,0
fixed_transform_step50,3674,2026-03-20,2026-03-30,-0.0083038829988221,2026,2025-12-31,training_frequency,-1,0.4792703150912106,0.4792703150912106,0,0
fixed_transform_step50,3679,2026-03-27,2026-04-07,-0.0035591495694504,2026,2025-12-31,training_frequency,-1,0.4792703150912106,0.4792703150912106,0,0
fixed_transform_step50,3684,2026-04-03,2026-04-13,0.0380736235508991,2026,2026-03-31,training_frequency,-1,0.4792358803986711,0.4792358803986711,0,1
fixed_transform_step50,3688,2026-04-10,2026-04-20,0.0242766725964382,2026,2026-03-31,training_frequency,-1,0.4792358803986711,0.4792358803986711,0,1
fixed_transform_step50,3693,2026-04-17,2026-04-27,0.010401572188011,2026,2026-03-31,training_frequency,-1,0.4792358803986711,0.4792358803986711,0,1
fixed_transform_step50,3698,2026-04-24,2026-05-11,0.0263674696524953,2026,2026-03-31,training_frequency,-1,0.4792358803986711,0.4792358803986711,0,1
fixed_transform_step50,3705,2026-05-08,2026-05-18,-0.0134529239455926,2026,2026-03-31,training_frequency,-1,0.4792358803986711,0.4792358803986711,0,0
fixed_transform_step50,3710,2026-05-15,2026-05-25,0.0076235492615268,2026,2026-03-31,training_frequency,-1,0.4792358803986711,0.4792358803986711,0,1
fixed_transform_step50,3715,2026-05-22,2026-06-01,0.005068538126898,2026,2026-03-31,training_frequency,-1,0.4792358803986711,0.4792358803986711,0,1
fixed_transform_step50,3720,2026-05-29,2026-06-08,-0.039635353927193,2026,2026-03-31,training_frequency,-1,0.4792358803986711,0.4792358803986711,0,0
fixed_transform_step50,3725,2026-06-05,2026-06-15,0.0266849782195981,2026,2026-03-31,training_frequency,-1,0.4792358803986711,0.4792358803986711,0,1
fixed_transform_step50,3730,2026-06-12,2026-06-29,0.0076098142791176,2026,2026-03-31,training_frequency,-1,0.4792358803986711,0.4792358803986711,0,1
fixed_transform_step50,3739,2026-06-26,2026-07-06,0.0005137647861506,2026,2026-03-31,training_frequency,-1,0.4792358803986711,0.4792358803986711,0,1
fixed_transform_step50,3744,2026-07-03,2026-07-13,-0.0252847876365399,2026,2026-06-30,training_frequency,-1,0.4908637873754153,0.4908637873754153,0,0
fixed_transform_step50,3749,2026-07-10,2026-07-20,-0.035775397012711,2026,2026-06-30,training_frequency,-1,0.4908637873754153,0.4908637873754153,0,0
fixed_transform_step50,3754,2026-07-17,2026-07-27,0.01756245533441,2026,2026-06-30,training_frequency,-1,0.4908637873754153,0.4908637873754153,0,1
fixed_transform_step50,3759,2026-07-24,2026-08-03,-0.0202339761556519,2026,2026-06-30,training_frequency,-1,0.4908637873754153,0.4908637873754153,0,0
fixed_transform_step50,3764,2026-07-31,2026-08-10,0.0300318732435738,2026,2026-06-30,training_frequency,-1,0.4908637873754153,0.4908637873754153,0,1
fixed_transform_step50,3769,2026-08-07,2026-08-17,-0.0056482265760339,2026,2026-06-30,training_frequency,-1,0.4908637873754153,0.4908637873754153,0,0
fixed_transform_step50,3774,2026-08-14,2026-08-24,-0.0109860710402629,2026,2026-06-30,training_frequency,-1,0.4908637873754153,0.4908637873754153,0,0
fixed_transform_step50,3779,2026-08-21,2026-08-31,-0.0127592811002066,2026,2026-06-30,training_frequency,-1,0.4908637873754153,0.4908637873754153,0,0
fixed_transform_step100,2418,2021-01-08,2021-01-18,-0.0120052904669853,2021,2020-12-31,learned_market,20260910,0.5528369602637446,0.5528369602637446,1,0
fixed_transform_step100,2423,2021-01-15,2021-01-25,0.0231622460538123,2021,2020-12-31,learned_market,20260910,0.49674166213102977,0.49674166213102977,0,1
fixed_transform_step100,2428,2021-01-22,2021-02-01,-0.0372511735907923,2021,2020-12-31,learned_market,20260910,0.3933637003220593,0.3933637003220593,0,0
fixed_transform_step100,2433,2021-01-29,2021-02-08,0.0278689901714626,2021,2020-12-31,learned_market,20260910,0.4313547922375263,0.4313547922375263,0,1
fixed_transform_step100,2438,2021-02-05,2021-02-22,0.0507379035040882,2021,2020-12-31,learned_market,20260910,0.40357928349119826,0.40357928349119826,0,1
fixed_transform_step100,2443,2021-02-19,2021-03-01,-0.0684918010685315,2021,2020-12-31,learned_market,20260910,0.49513830982070434,0.49513830982070434,0,0
fixed_transform_step100,2448,2021-02-26,2021-03-08,-0.0165997123904068,2021,2020-12-31,learned_market,20260910,0.43315180971386896,0.43315180971386896,0,0
fixed_transform_step100,2453,2021-03-05,2021-03-15,-0.0346560901469681,2021,2020-12-31,learned_market,20260910,0.40131415281599914,0.40131415281599914,0,0
fixed_transform_step100,2458,2021-03-12,2021-03-22,-0.0210550182560221,2021,2020-12-31,learned_market,20260910,0.47295990993929365,0.47295990993929365,0,0
fixed_transform_step100,2463,2021-03-19,2021-03-29,0.0087572877565691,2021,2020-12-31,learned_market,20260910,0.6783048076904669,0.6783048076904669,1,1
fixed_transform_step100,2468,2021-03-26,2021-04-06,0.0250145479448802,2021,2020-12-31,learned_market,20260910,0.6020041018019381,0.6020041018019381,1,1
fixed_transform_step100,2418,2021-01-08,2021-01-18,-0.0120052904669853,2021,2020-12-31,learned_vol_interaction,20260910,0.5286701081389081,0.5286701081389081,1,0
fixed_transform_step100,2423,2021-01-15,2021-01-25,0.0231622460538123,2021,2020-12-31,learned_vol_interaction,20260910,0.47178291125549215,0.47178291125549215,0,1
fixed_transform_step100,2428,2021-01-22,2021-02-01,-0.0372511735907923,2021,2020-12-31,learned_vol_interaction,20260910,0.3671123538576221,0.3671123538576221,0,0
fixed_transform_step100,2433,2021-01-29,2021-02-08,0.0278689901714626,2021,2020-12-31,learned_vol_interaction,20260910,0.434482531700876,0.434482531700876,0,1
fixed_transform_step100,2438,2021-02-05,2021-02-22,0.0507379035040882,2021,2020-12-31,learned_vol_interaction,20260910,0.42570726310777396,0.42570726310777396,0,1
fixed_transform_step100,2443,2021-02-19,2021-03-01,-0.0684918010685315,2021,2020-12-31,learned_vol_interaction,20260910,0.4791771552633417,0.4791771552633417,0,0
fixed_transform_step100,2448,2021-02-26,2021-03-08,-0.0165997123904068,2021,2020-12-31,learned_vol_interaction,20260910,0.4783928105694597,0.4783928105694597,0,0
fixed_transform_step100,2453,2021-03-05,2021-03-15,-0.0346560901469681,2021,2020-12-31,learned_vol_interaction,20260910,0.4610266286466043,0.4610266286466043,0,0
fixed_transform_step100,2458,2021-03-12,2021-03-22,-0.0210550182560221,2021,2020-12-31,learned_vol_interaction,20260910,0.48103471562569133,0.48103471562569133,0,0
fixed_transform_step100,2463,2021-03-19,2021-03-29,0.0087572877565691,2021,2020-12-31,learned_vol_interaction,20260910,0.5872740166666267,0.5872740166666267,1,1
fixed_transform_step100,2468,2021-03-26,2021-04-06,0.0250145479448802,2021,2020-12-31,learned_vol_interaction,20260910,0.5791980511717043,0.5791980511717043,1,1
fixed_transform_step100,2418,2021-01-08,2021-01-18,-0.0120052904669853,2021,2020-12-31,learned_order_extension,20260910,0.5330538496767134,0.5330538496767134,1,0
fixed_transform_step100,2423,2021-01-15,2021-01-25,0.0231622460538123,2021,2020-12-31,learned_order_extension,20260910,0.479592338912861,0.479592338912861,0,1
fixed_transform_step100,2428,2021-01-22,2021-02-01,-0.0372511735907923,2021,2020-12-31,learned_order_extension,20260910,0.3707727762571325,0.3707727762571325,0,0
fixed_transform_step100,2433,2021-01-29,2021-02-08,0.0278689901714626,2021,2020-12-31,learned_order_extension,20260910,0.43176970986504826,0.43176970986504826,0,1
fixed_transform_step100,2438,2021-02-05,2021-02-22,0.0507379035040882,2021,2020-12-31,learned_order_extension,20260910,0.41923333650784145,0.41923333650784145,0,1
fixed_transform_step100,2443,2021-02-19,2021-03-01,-0.0684918010685315,2021,2020-12-31,learned_order_extension,20260910,0.47927687031403743,0.47927687031403743,0,0
fixed_transform_step100,2448,2021-02-26,2021-03-08,-0.0165997123904068,2021,2020-12-31,learned_order_extension,20260910,0.4709068161644563,0.4709068161644563,0,0
fixed_transform_step100,2453,2021-03-05,2021-03-15,-0.0346560901469681,2021,2020-12-31,learned_order_extension,20260910,0.45619563032762256,0.45619563032762256,0,0
fixed_transform_step100,2458,2021-03-12,2021-03-22,-0.0210550182560221,2021,2020-12-31,learned_order_extension,20260910,0.47999849102949665,0.47999849102949665,0,0
fixed_transform_step100,2463,2021-03-19,2021-03-29,0.0087572877565691,2021,2020-12-31,learned_order_extension,20260910,0.5898698686538169,0.5898698686538169,1,1
fixed_transform_step100,2468,2021-03-26,2021-04-06,0.0250145479448802,2021,2020-12-31,learned_order_extension,20260910,0.5737573684172776,0.5737573684172776,1,1
fixed_transform_step100,2418,2021-01-08,2021-01-18,-0.0120052904669853,2021,2020-12-31,learned_order_offset,20260910,0.5336151486659025,0.5336151486659025,1,0
fixed_transform_step100,2423,2021-01-15,2021-01-25,0.0231622460538123,2021,2020-12-31,learned_order_offset,20260910,0.48002913839274924,0.48002913839274924,0,1
fixed_transform_step100,2428,2021-01-22,2021-02-01,-0.0372511735907923,2021,2020-12-31,learned_order_offset,20260910,0.37113237990157133,0.37113237990157133,0,0
fixed_transform_step100,2433,2021-01-29,2021-02-08,0.0278689901714626,2021,2020-12-31,learned_order_offset,20260910,0.43182028534515077,0.43182028534515077,0,1
fixed_transform_step100,2438,2021-02-05,2021-02-22,0.0507379035040882,2021,2020-12-31,learned_order_offset,20260910,0.4191495029175148,0.4191495029175148,0,1
fixed_transform_step100,2443,2021-02-19,2021-03-01,-0.0684918010685315,2021,2020-12-31,learned_order_offset,20260910,0.479618495019198,0.479618495019198,0,0
fixed_transform_step100,2448,2021-02-26,2021-03-08,-0.0165997123904068,2021,2020-12-31,learned_order_offset,20260910,0.47073396029682846,0.47073396029682846,0,0
fixed_transform_step100,2453,2021-03-05,2021-03-15,-0.0346560901469681,2021,2020-12-31,learned_order_offset,20260910,0.4561872166710552,0.4561872166710552,0,0
fixed_transform_step100,2458,2021-03-12,2021-03-22,-0.0210550182560221,2021,2020-12-31,learned_order_offset,20260910,0.48027551652013106,0.48027551652013106,0,0
fixed_transform_step100,2463,2021-03-19,2021-03-29,0.0087572877565691,2021,2020-12-31,learned_order_offset,20260910,0.5905225656238325,0.5905225656238325,1,1
fixed_transform_step100,2468,2021-03-26,2021-04-06,0.0250145479448802,2021,2020-12-31,learned_order_offset,20260910,0.5737282476957762,0.5737282476957762,1,1
fixed_transform_step100,2418,2021-01-08,2021-01-18,-0.0120052904669853,2021,2020-12-31,learned_market,20260911,0.47359422145655633,0.47359422145655633,0,0
fixed_transform_step100,2423,2021-01-15,2021-01-25,0.0231622460538123,2021,2020-12-31,learned_market,20260911,0.29529449998072343,0.29529449998072343,0,1
fixed_transform_step100,2428,2021-01-22,2021-02-01,-0.0372511735907923,2021,2020-12-31,learned_market,20260911,0.47394332492431446,0.47394332492431446,0,0
fixed_transform_step100,2433,2021-01-29,2021-02-08,0.0278689901714626,2021,2020-12-31,learned_market,20260911,0.34860128575085947,0.34860128575085947,0,1
fixed_transform_step100,2438,2021-02-05,2021-02-22,0.0507379035040882,2021,2020-12-31,learned_market,20260911,0.5472341429725764,0.5472341429725764,1,1
fixed_transform_step100,2443,2021-02-19,2021-03-01,-0.0684918010685315,2021,2020-12-31,learned_market,20260911,0.4390527856170199,0.4390527856170199,0,0
fixed_transform_step100,2448,2021-02-26,2021-03-08,-0.0165997123904068,2021,2020-12-31,learned_market,20260911,0.4901857818012489,0.4901857818012489,0,0
fixed_transform_step100,2453,2021-03-05,2021-03-15,-0.0346560901469681,2021,2020-12-31,learned_market,20260911,0.3640545492155067,0.3640545492155067,0,0
fixed_transform_step100,2458,2021-03-12,2021-03-22,-0.0210550182560221,2021,2020-12-31,learned_market,20260911,0.27457561641477635,0.27457561641477635,0,0
fixed_transform_step100,2463,2021-03-19,2021-03-29,0.0087572877565691,2021,2020-12-31,learned_market,20260911,0.5317095579141908,0.5317095579141908,1,1
fixed_transform_step100,2468,2021-03-26,2021-04-06,0.0250145479448802,2021,2020-12-31,learned_market,20260911,0.48950965003399194,0.48950965003399194,0,1
fixed_transform_step100,2418,2021-01-08,2021-01-18,-0.0120052904669853,2021,2020-12-31,learned_vol_interaction,20260911,0.4754556903392312,0.4754556903392312,0,0
fixed_transform_step100,2423,2021-01-15,2021-01-25,0.0231622460538123,2021,2020-12-31,learned_vol_interaction,20260911,0.2910478720938869,0.2910478720938869,0,1
fixed_transform_step100,2428,2021-01-22,2021-02-01,-0.0372511735907923,2021,2020-12-31,learned_vol_interaction,20260911,0.4793404787070586,0.4793404787070586,0,0
fixed_transform_step100,2433,2021-01-29,2021-02-08,0.0278689901714626,2021,2020-12-31,learned_vol_interaction,20260911,0.3407014751351651,0.3407014751351651,0,1
fixed_transform_step100,2438,2021-02-05,2021-02-22,0.0507379035040882,2021,2020-12-31,learned_vol_interaction,20260911,0.5419487770679454,0.5419487770679454,1,1
fixed_transform_step100,2443,2021-02-19,2021-03-01,-0.0684918010685315,2021,2020-12-31,learned_vol_interaction,20260911,0.42680484014134457,0.42680484014134457,0,0
fixed_transform_step100,2448,2021-02-26,2021-03-08,-0.0165997123904068,2021,2020-12-31,learned_vol_interaction,20260911,0.48165522036766006,0.48165522036766006,0,0
fixed_transform_step100,2453,2021-03-05,2021-03-15,-0.0346560901469681,2021,2020-12-31,learned_vol_interaction,20260911,0.3506881836542513,0.3506881836542513,0,0
fixed_transform_step100,2458,2021-03-12,2021-03-22,-0.0210550182560221,2021,2020-12-31,learned_vol_interaction,20260911,0.23467895972096536,0.23467895972096536,0,0
fixed_transform_step100,2463,2021-03-19,2021-03-29,0.0087572877565691,2021,2020-12-31,learned_vol_interaction,20260911,0.5417459151974428,0.5417459151974428,1,1
fixed_transform_step100,2468,2021-03-26,2021-04-06,0.0250145479448802,2021,2020-12-31,learned_vol_interaction,20260911,0.48054571329537366,0.48054571329537366,0,1
fixed_transform_step100,2418,2021-01-08,2021-01-18,-0.0120052904669853,2021,2020-12-31,learned_order_extension,20260911,0.4707924056292956,0.4707924056292956,0,0
fixed_transform_step100,2423,2021-01-15,2021-01-25,0.0231622460538123,2021,2020-12-31,learned_order_extension,20260911,0.30199104403875826,0.30199104403875826,0,1
fixed_transform_step100,2428,2021-01-22,2021-02-01,-0.0372511735907923,2021,2020-12-31,learned_order_extension,20260911,0.4727671753713422,0.4727671753713422,0,0
fixed_transform_step100,2433,2021-01-29,2021-02-08,0.0278689901714626,2021,2020-12-31,learned_order_extension,20260911,0.33076330033756096,0.33076330033756096,0,1
fixed_transform_step100,2438,2021-02-05,2021-02-22,0.0507379035040882,2021,2020-12-31,learned_order_extension,20260911,0.5463864019131583,0.5463864019131583,1,1
fixed_transform_step100,2443,2021-02-19,2021-03-01,-0.0684918010685315,2021,2020-12-31,learned_order_extension,20260911,0.423629668613555,0.423629668613555,0,0
fixed_transform_step100,2448,2021-02-26,2021-03-08,-0.0165997123904068,2021,2020-12-31,learned_order_extension,20260911,0.4833188959367285,0.4833188959367285,0,0
fixed_transform_step100,2453,2021-03-05,2021-03-15,-0.0346560901469681,2021,2020-12-31,learned_order_extension,20260911,0.3468677434509978,0.3468677434509978,0,0
fixed_transform_step100,2458,2021-03-12,2021-03-22,-0.0210550182560221,2021,2020-12-31,learned_order_extension,20260911,0.2385842218483661,0.2385842218483661,0,0
fixed_transform_step100,2463,2021-03-19,2021-03-29,0.0087572877565691,2021,2020-12-31,learned_order_extension,20260911,0.532998967015209,0.532998967015209,1,1
fixed_transform_step100,2468,2021-03-26,2021-04-06,0.0250145479448802,2021,2020-12-31,learned_order_extension,20260911,0.48258967958160864,0.48258967958160864,0,1
fixed_transform_step100,2418,2021-01-08,2021-01-18,-0.0120052904669853,2021,2020-12-31,learned_order_offset,20260911,0.46966493933917947,0.46966493933917947,0,0
fixed_transform_step100,2423,2021-01-15,2021-01-25,0.0231622460538123,2021,2020-12-31,learned_order_offset,20260911,0.30026263179565904,0.30026263179565904,0,1
fixed_transform_step100,2428,2021-01-22,2021-02-01,-0.0372511735907923,2021,2020-12-31,learned_order_offset,20260911,0.47083079059127375,0.47083079059127375,0,0
fixed_transform_step100,2433,2021-01-29,2021-02-08,0.0278689901714626,2021,2020-12-31,learned_order_offset,20260911,0.3308151678188049,0.3308151678188049,0,1
fixed_transform_step100,2438,2021-02-05,2021-02-22,0.0507379035040882,2021,2020-12-31,learned_order_offset,20260911,0.5458888183275549,0.5458888183275549,1,1
fixed_transform_step100,2443,2021-02-19,2021-03-01,-0.0684918010685315,2021,2020-12-31,learned_order_offset,20260911,0.4238553224614908,0.4238553224614908,0,0
fixed_transform_step100,2448,2021-02-26,2021-03-08,-0.0165997123904068,2021,2020-12-31,learned_order_offset,20260911,0.4840844360242453,0.4840844360242453,0,0
fixed_transform_step100,2453,2021-03-05,2021-03-15,-0.0346560901469681,2021,2020-12-31,learned_order_offset,20260911,0.34642186749779336,0.34642186749779336,0,0
fixed_transform_step100,2458,2021-03-12,2021-03-22,-0.0210550182560221,2021,2020-12-31,learned_order_offset,20260911,0.23704081021871007,0.23704081021871007,0,0
fixed_transform_step100,2463,2021-03-19,2021-03-29,0.0087572877565691,2021,2020-12-31,learned_order_offset,20260911,0.5312704874985703,0.5312704874985703,1,1
fixed_transform_step100,2468,2021-03-26,2021-04-06,0.0250145479448802,2021,2020-12-31,learned_order_offset,20260911,0.48113132203479025,0.48113132203479025,0,1
fixed_transform_step100,2418,2021-01-08,2021-01-18,-0.0120052904669853,2021,2020-12-31,learned_market,20260912,0.49622809203697066,0.49622809203697066,0,0
fixed_transform_step100,2423,2021-01-15,2021-01-25,0.0231622460538123,2021,2020-12-31,learned_market,20260912,0.30299511780142024,0.30299511780142024,0,1
fixed_transform_step100,2428,2021-01-22,2021-02-01,-0.0372511735907923,2021,2020-12-31,learned_market,20260912,0.2926269390741677,0.2926269390741677,0,0
fixed_transform_step100,2433,2021-01-29,2021-02-08,0.0278689901714626,2021,2020-12-31,learned_market,20260912,0.4834854236532544,0.4834854236532544,0,1
fixed_transform_step100,2438,2021-02-05,2021-02-22,0.0507379035040882,2021,2020-12-31,learned_market,20260912,0.5449307431156443,0.5449307431156443,1,1
fixed_transform_step100,2443,2021-02-19,2021-03-01,-0.0684918010685315,2021,2020-12-31,learned_market,20260912,0.37156624296606255,0.37156624296606255,0,0
fixed_transform_step100,2448,2021-02-26,2021-03-08,-0.0165997123904068,2021,2020-12-31,learned_market,20260912,0.5679579035959068,0.5679579035959068,1,0
fixed_transform_step100,2453,2021-03-05,2021-03-15,-0.0346560901469681,2021,2020-12-31,learned_market,20260912,0.4912573433049491,0.4912573433049491,0,0
fixed_transform_step100,2458,2021-03-12,2021-03-22,-0.0210550182560221,2021,2020-12-31,learned_market,20260912,0.4975950072849539,0.4975950072849539,0,0
fixed_transform_step100,2463,2021-03-19,2021-03-29,0.0087572877565691,2021,2020-12-31,learned_market,20260912,0.4862560848839745,0.4862560848839745,0,1
fixed_transform_step100,2468,2021-03-26,2021-04-06,0.0250145479448802,2021,2020-12-31,learned_market,20260912,0.5757817923341705,0.5757817923341705,1,1
fixed_transform_step100,2418,2021-01-08,2021-01-18,-0.0120052904669853,2021,2020-12-31,learned_vol_interaction,20260912,0.49620713842529096,0.49620713842529096,0,0
fixed_transform_step100,2423,2021-01-15,2021-01-25,0.0231622460538123,2021,2020-12-31,learned_vol_interaction,20260912,0.30370534508378266,0.30370534508378266,0,1
fixed_transform_step100,2428,2021-01-22,2021-02-01,-0.0372511735907923,2021,2020-12-31,learned_vol_interaction,20260912,0.2931342483584557,0.2931342483584557,0,0
fixed_transform_step100,2433,2021-01-29,2021-02-08,0.0278689901714626,2021,2020-12-31,learned_vol_interaction,20260912,0.4851476188516167,0.4851476188516167,0,1
fixed_transform_step100,2438,2021-02-05,2021-02-22,0.0507379035040882,2021,2020-12-31,learned_vol_interaction,20260912,0.5455559755252699,0.5455559755252699,1,1
fixed_transform_step100,2443,2021-02-19,2021-03-01,-0.0684918010685315,2021,2020-12-31,learned_vol_interaction,20260912,0.37201410439640853,0.37201410439640853,0,0
fixed_transform_step100,2448,2021-02-26,2021-03-08,-0.0165997123904068,2021,2020-12-31,learned_vol_interaction,20260912,0.5647303221106473,0.5647303221106473,1,0
fixed_transform_step100,2453,2021-03-05,2021-03-15,-0.0346560901469681,2021,2020-12-31,learned_vol_interaction,20260912,0.4925362885158211,0.4925362885158211,0,0
fixed_transform_step100,2458,2021-03-12,2021-03-22,-0.0210550182560221,2021,2020-12-31,learned_vol_interaction,20260912,0.5001941106115585,0.5001941106115585,1,0
fixed_transform_step100,2463,2021-03-19,2021-03-29,0.0087572877565691,2021,2020-12-31,learned_vol_interaction,20260912,0.4917119078225818,0.4917119078225818,0,1
fixed_transform_step100,2468,2021-03-26,2021-04-06,0.0250145479448802,2021,2020-12-31,learned_vol_interaction,20260912,0.5754614207160266,0.5754614207160266,1,1
fixed_transform_step100,2418,2021-01-08,2021-01-18,-0.0120052904669853,2021,2020-12-31,learned_order_extension,20260912,0.4980709373270918,0.4980709373270918,0,0
fixed_transform_step100,2423,2021-01-15,2021-01-25,0.0231622460538123,2021,2020-12-31,learned_order_extension,20260912,0.3077801048995167,0.3077801048995167,0,1
fixed_transform_step100,2428,2021-01-22,2021-02-01,-0.0372511735907923,2021,2020-12-31,learned_order_extension,20260912,0.2945790953929349,0.2945790953929349,0,0
fixed_transform_step100,2433,2021-01-29,2021-02-08,0.0278689901714626,2021,2020-12-31,learned_order_extension,20260912,0.4869306132003812,0.4869306132003812,0,1
fixed_transform_step100,2438,2021-02-05,2021-02-22,0.0507379035040882,2021,2020-12-31,learned_order_extension,20260912,0.5470942643821933,0.5470942643821933,1,1
fixed_transform_step100,2443,2021-02-19,2021-03-01,-0.0684918010685315,2021,2020-12-31,learned_order_extension,20260912,0.37256373051610003,0.37256373051610003,0,0
fixed_transform_step100,2448,2021-02-26,2021-03-08,-0.0165997123904068,2021,2020-12-31,learned_order_extension,20260912,0.5652884202407723,0.5652884202407723,1,0
fixed_transform_step100,2453,2021-03-05,2021-03-15,-0.0346560901469681,2021,2020-12-31,learned_order_extension,20260912,0.4938099782773414,0.4938099782773414,0,0
fixed_transform_step100,2458,2021-03-12,2021-03-22,-0.0210550182560221,2021,2020-12-31,learned_order_extension,20260912,0.5011342068332141,0.5011342068332141,1,0
fixed_transform_step100,2463,2021-03-19,2021-03-29,0.0087572877565691,2021,2020-12-31,learned_order_extension,20260912,0.49318584601318854,0.49318584601318854,0,1
fixed_transform_step100,2468,2021-03-26,2021-04-06,0.0250145479448802,2021,2020-12-31,learned_order_extension,20260912,0.5765372992952104,0.5765372992952104,1,1
fixed_transform_step100,2418,2021-01-08,2021-01-18,-0.0120052904669853,2021,2020-12-31,learned_order_offset,20260912,0.4978619856473434,0.4978619856473434,0,0
fixed_transform_step100,2423,2021-01-15,2021-01-25,0.0231622460538123,2021,2020-12-31,learned_order_offset,20260912,0.30753172112864313,0.30753172112864313,0,1
fixed_transform_step100,2428,2021-01-22,2021-02-01,-0.0372511735907923,2021,2020-12-31,learned_order_offset,20260912,0.29417599189344534,0.29417599189344534,0,0
fixed_transform_step100,2433,2021-01-29,2021-02-08,0.0278689901714626,2021,2020-12-31,learned_order_offset,20260912,0.48673077860534075,0.48673077860534075,0,1
fixed_transform_step100,2438,2021-02-05,2021-02-22,0.0507379035040882,2021,2020-12-31,learned_order_offset,20260912,0.5468628858044645,0.5468628858044645,1,1
fixed_transform_step100,2443,2021-02-19,2021-03-01,-0.0684918010685315,2021,2020-12-31,learned_order_offset,20260912,0.37253784220409425,0.37253784220409425,0,0
fixed_transform_step100,2448,2021-02-26,2021-03-08,-0.0165997123904068,2021,2020-12-31,learned_order_offset,20260912,0.5649799919042372,0.5649799919042372,1,0
fixed_transform_step100,2453,2021-03-05,2021-03-15,-0.0346560901469681,2021,2020-12-31,learned_order_offset,20260912,0.49348358050186064,0.49348358050186064,0,0
fixed_transform_step100,2458,2021-03-12,2021-03-22,-0.0210550182560221,2021,2020-12-31,learned_order_offset,20260912,0.500928953286114,0.500928953286114,1,0
fixed_transform_step100,2463,2021-03-19,2021-03-29,0.0087572877565691,2021,2020-12-31,learned_order_offset,20260912,0.493170220106531,0.493170220106531,0,1
fixed_transform_step100,2468,2021-03-26,2021-04-06,0.0250145479448802,2021,2020-12-31,learned_order_offset,20260912,0.5766144810517231,0.5766144810517231,1,1
fixed_transform_step100,2473,2021-04-02,2021-04-12,-0.0292856811827044,2021,2021-03-31,learned_market,20260910,0.49093779178423463,0.49093779178423463,0,0
fixed_transform_step100,2477,2021-04-09,2021-04-19,-0.0120489836840408,2021,2021-03-31,learned_market,20260910,0.6492815384708123,0.6492815384708123,1,0
fixed_transform_step100,2482,2021-04-16,2021-04-26,0.0382932540809155,2021,2021-03-31,learned_market,20260910,0.5837474525302944,0.5837474525302944,1,1
fixed_transform_step100,2487,2021-04-23,2021-05-06,-0.0112070185917437,2021,2021-03-31,learned_market,20260910,0.6474081952369751,0.6474081952369751,1,0
fixed_transform_step100,2492,2021-04-30,2021-05-12,-0.0190946889464188,2021,2021-03-31,learned_market,20260910,0.6535249795021311,0.6535249795021311,1,0
fixed_transform_step100,2494,2021-05-07,2021-05-17,0.0227674429764228,2021,2021-03-31,learned_market,20260910,0.6652747662370352,0.6652747662370352,1,1
fixed_transform_step100,2499,2021-05-14,2021-05-24,0.0045940519733895,2021,2021-03-31,learned_market,20260910,0.6181313644468432,0.6181313644468432,1,1
fixed_transform_step100,2504,2021-05-21,2021-05-31,0.0348855085126711,2021,2021-03-31,learned_market,20260910,0.5837439641645689,0.5837439641645689,1,1
fixed_transform_step100,2509,2021-05-28,2021-06-07,-0.0062409741861724,2021,2021-03-31,learned_market,20260910,0.5494547963018047,0.5494547963018047,1,0
fixed_transform_step100,2514,2021-06-04,2021-06-15,-0.0125508761771767,2021,2021-03-31,learned_market,20260910,0.4892786442234336,0.4892786442234336,0,0
fixed_transform_step100,2519,2021-06-11,2021-06-21,-0.0250011497424577,2021,2021-03-31,learned_market,20260910,0.34965396384269226,0.34965396384269226,0,0
fixed_transform_step100,2523,2021-06-18,2021-06-28,0.0325308711127356,2021,2021-03-31,learned_market,20260910,0.3274053260373562,0.3274053260373562,0,1
fixed_transform_step100,2528,2021-06-25,2021-07-05,-0.0342297962734196,2021,2021-03-31,learned_market,20260910,0.43732458546857134,0.43732458546857134,0,0
fixed_transform_step100,2473,2021-04-02,2021-04-12,-0.0292856811827044,2021,2021-03-31,learned_vol_interaction,20260910,0.557890881542498,0.557890881542498,1,0
fixed_transform_step100,2477,2021-04-09,2021-04-19,-0.0120489836840408,2021,2021-03-31,learned_vol_interaction,20260910,0.6890872529579429,0.6890872529579429,1,0
fixed_transform_step100,2482,2021-04-16,2021-04-26,0.0382932540809155,2021,2021-03-31,learned_vol_interaction,20260910,0.6085806028590204,0.6085806028590204,1,1
fixed_transform_step100,2487,2021-04-23,2021-05-06,-0.0112070185917437,2021,2021-03-31,learned_vol_interaction,20260910,0.6843005190235323,0.6843005190235323,1,0
fixed_transform_step100,2492,2021-04-30,2021-05-12,-0.0190946889464188,2021,2021-03-31,learned_vol_interaction,20260910,0.6457857508971343,0.6457857508971343,1,0
fixed_transform_step100,2494,2021-05-07,2021-05-17,0.0227674429764228,2021,2021-03-31,learned_vol_interaction,20260910,0.6594786268066193,0.6594786268066193,1,1
fixed_transform_step100,2499,2021-05-14,2021-05-24,0.0045940519733895,2021,2021-03-31,learned_vol_interaction,20260910,0.6572600135649954,0.6572600135649954,1,1
fixed_transform_step100,2504,2021-05-21,2021-05-31,0.0348855085126711,2021,2021-03-31,learned_vol_interaction,20260910,0.6093152543906285,0.6093152543906285,1,1
fixed_transform_step100,2509,2021-05-28,2021-06-07,-0.0062409741861724,2021,2021-03-31,learned_vol_interaction,20260910,0.5234091703076358,0.5234091703076358,1,0
fixed_transform_step100,2514,2021-06-04,2021-06-15,-0.0125508761771767,2021,2021-03-31,learned_vol_interaction,20260910,0.4448417383141442,0.4448417383141442,0,0
fixed_transform_step100,2519,2021-06-11,2021-06-21,-0.0250011497424577,2021,2021-03-31,learned_vol_interaction,20260910,0.27266047712263053,0.27266047712263053,0,0
fixed_transform_step100,2523,2021-06-18,2021-06-28,0.0325308711127356,2021,2021-03-31,learned_vol_interaction,20260910,0.27490536953182915,0.27490536953182915,0,1
fixed_transform_step100,2528,2021-06-25,2021-07-05,-0.0342297962734196,2021,2021-03-31,learned_vol_interaction,20260910,0.34669160109023445,0.34669160109023445,0,0
fixed_transform_step100,2473,2021-04-02,2021-04-12,-0.0292856811827044,2021,2021-03-31,learned_order_extension,20260910,0.5541747372389157,0.5541747372389157,1,0
fixed_transform_step100,2477,2021-04-09,2021-04-19,-0.0120489836840408,2021,2021-03-31,learned_order_extension,20260910,0.6926640724345234,0.6926640724345234,1,0
fixed_transform_step100,2482,2021-04-16,2021-04-26,0.0382932540809155,2021,2021-03-31,learned_order_extension,20260910,0.6146320996554023,0.6146320996554023,1,1
fixed_transform_step100,2487,2021-04-23,2021-05-06,-0.0112070185917437,2021,2021-03-31,learned_order_extension,20260910,0.6891133424597115,0.6891133424597115,1,0
fixed_transform_step100,2492,2021-04-30,2021-05-12,-0.0190946889464188,2021,2021-03-31,learned_order_extension,20260910,0.6547040026910647,0.6547040026910647,1,0
fixed_transform_step100,2494,2021-05-07,2021-05-17,0.0227674429764228,2021,2021-03-31,learned_order_extension,20260910,0.6658256267224705,0.6658256267224705,1,1
fixed_transform_step100,2499,2021-05-14,2021-05-24,0.0045940519733895,2021,2021-03-31,learned_order_extension,20260910,0.658645335478549,0.658645335478549,1,1
fixed_transform_step100,2504,2021-05-21,2021-05-31,0.0348855085126711,2021,2021-03-31,learned_order_extension,20260910,0.6099103210689562,0.6099103210689562,1,1
fixed_transform_step100,2509,2021-05-28,2021-06-07,-0.0062409741861724,2021,2021-03-31,learned_order_extension,20260910,0.5205463997691812,0.5205463997691812,1,0
fixed_transform_step100,2514,2021-06-04,2021-06-15,-0.0125508761771767,2021,2021-03-31,learned_order_extension,20260910,0.43764695962784256,0.43764695962784256,0,0
fixed_transform_step100,2519,2021-06-11,2021-06-21,-0.0250011497424577,2021,2021-03-31,learned_order_extension,20260910,0.26004055383338975,0.26004055383338975,0,0
fixed_transform_step100,2523,2021-06-18,2021-06-28,0.0325308711127356,2021,2021-03-31,learned_order_extension,20260910,0.2645461582333136,0.2645461582333136,0,1
fixed_transform_step100,2528,2021-06-25,2021-07-05,-0.0342297962734196,2021,2021-03-31,learned_order_extension,20260910,0.3405325958707487,0.3405325958707487,0,0
fixed_transform_step100,2473,2021-04-02,2021-04-12,-0.0292856811827044,2021,2021-03-31,learned_order_offset,20260910,0.5546746416993177,0.5546746416993177,1,0
fixed_transform_step100,2477,2021-04-09,2021-04-19,-0.0120489836840408,2021,2021-03-31,learned_order_offset,20260910,0.6927831021854949,0.6927831021854949,1,0
fixed_transform_step100,2482,2021-04-16,2021-04-26,0.0382932540809155,2021,2021-03-31,learned_order_offset,20260910,0.6151098443472839,0.6151098443472839,1,1
fixed_transform_step100,2487,2021-04-23,2021-05-06,-0.0112070185917437,2021,2021-03-31,learned_order_offset,20260910,0.6876922970582722,0.6876922970582722,1,0
fixed_transform_step100,2492,2021-04-30,2021-05-12,-0.0190946889464188,2021,2021-03-31,learned_order_offset,20260910,0.6533938518504804,0.6533938518504804,1,0
fixed_transform_step100,2494,2021-05-07,2021-05-17,0.0227674429764228,2021,2021-03-31,learned_order_offset,20260910,0.6646636698588557,0.6646636698588557,1,1
fixed_transform_step100,2499,2021-05-14,2021-05-24,0.0045940519733895,2021,2021-03-31,learned_order_offset,20260910,0.6572632262975923,0.6572632262975923,1,1
fixed_transform_step100,2504,2021-05-21,2021-05-31,0.0348855085126711,2021,2021-03-31,learned_order_offset,20260910,0.609444999893221,0.609444999893221,1,1
fixed_transform_step100,2509,2021-05-28,2021-06-07,-0.0062409741861724,2021,2021-03-31,learned_order_offset,20260910,0.5194599976039269,0.5194599976039269,1,0
fixed_transform_step100,2514,2021-06-04,2021-06-15,-0.0125508761771767,2021,2021-03-31,learned_order_offset,20260910,0.43789855544858025,0.43789855544858025,0,0
fixed_transform_step100,2519,2021-06-11,2021-06-21,-0.0250011497424577,2021,2021-03-31,learned_order_offset,20260910,0.2594695829225558,0.2594695829225558,0,0
fixed_transform_step100,2523,2021-06-18,2021-06-28,0.0325308711127356,2021,2021-03-31,learned_order_offset,20260910,0.2643137371032057,0.2643137371032057,0,1
fixed_transform_step100,2528,2021-06-25,2021-07-05,-0.0342297962734196,2021,2021-03-31,learned_order_offset,20260910,0.33998799937846824,0.33998799937846824,0,0
fixed_transform_step100,2473,2021-04-02,2021-04-12,-0.0292856811827044,2021,2021-03-31,learned_market,20260911,0.6266871711659711,0.6266871711659711,1,0
fixed_transform_step100,2477,2021-04-09,2021-04-19,-0.0120489836840408,2021,2021-03-31,learned_market,20260911,0.5379532563354745,0.5379532563354745,1,0
fixed_transform_step100,2482,2021-04-16,2021-04-26,0.0382932540809155,2021,2021-03-31,learned_market,20260911,0.4923958667653964,0.4923958667653964,0,1
fixed_transform_step100,2487,2021-04-23,2021-05-06,-0.0112070185917437,2021,2021-03-31,learned_market,20260911,0.5463658332185581,0.5463658332185581,1,0
fixed_transform_step100,2492,2021-04-30,2021-05-12,-0.0190946889464188,2021,2021-03-31,learned_market,20260911,0.689238242581576,0.689238242581576,1,0
fixed_transform_step100,2494,2021-05-07,2021-05-17,0.0227674429764228,2021,2021-03-31,learned_market,20260911,0.7488208360768739,0.7488208360768739,1,1
fixed_transform_step100,2499,2021-05-14,2021-05-24,0.0045940519733895,2021,2021-03-31,learned_market,20260911,0.44322780042024457,0.44322780042024457,0,1
fixed_transform_step100,2504,2021-05-21,2021-05-31,0.0348855085126711,2021,2021-03-31,learned_market,20260911,0.5981880795128109,0.5981880795128109,1,1
fixed_transform_step100,2509,2021-05-28,2021-06-07,-0.0062409741861724,2021,2021-03-31,learned_market,20260911,0.5334248088626942,0.5334248088626942,1,0
fixed_transform_step100,2514,2021-06-04,2021-06-15,-0.0125508761771767,2021,2021-03-31,learned_market,20260911,0.421907883564621,0.421907883564621,0,0
fixed_transform_step100,2519,2021-06-11,2021-06-21,-0.0250011497424577,2021,2021-03-31,learned_market,20260911,0.24634028164566843,0.24634028164566843,0,0
fixed_transform_step100,2523,2021-06-18,2021-06-28,0.0325308711127356,2021,2021-03-31,learned_market,20260911,0.43123849565604533,0.43123849565604533,0,1
fixed_transform_step100,2528,2021-06-25,2021-07-05,-0.0342297962734196,2021,2021-03-31,learned_market,20260911,0.3889121769702181,0.3889121769702181,0,0
fixed_transform_step100,2473,2021-04-02,2021-04-12,-0.0292856811827044,2021,2021-03-31,learned_vol_interaction,20260911,0.6236221653008491,0.6236221653008491,1,0
fixed_transform_step100,2477,2021-04-09,2021-04-19,-0.0120489836840408,2021,2021-03-31,learned_vol_interaction,20260911,0.5387047269257534,0.5387047269257534,1,0
fixed_transform_step100,2482,2021-04-16,2021-04-26,0.0382932540809155,2021,2021-03-31,learned_vol_interaction,20260911,0.4939307092720105,0.4939307092720105,0,1
fixed_transform_step100,2487,2021-04-23,2021-05-06,-0.0112070185917437,2021,2021-03-31,learned_vol_interaction,20260911,0.5466194996414039,0.5466194996414039,1,0
fixed_transform_step100,2492,2021-04-30,2021-05-12,-0.0190946889464188,2021,2021-03-31,learned_vol_interaction,20260911,0.6896963967097026,0.6896963967097026,1,0
fixed_transform_step100,2494,2021-05-07,2021-05-17,0.0227674429764228,2021,2021-03-31,learned_vol_interaction,20260911,0.749343896221781,0.749343896221781,1,1
fixed_transform_step100,2499,2021-05-14,2021-05-24,0.0045940519733895,2021,2021-03-31,learned_vol_interaction,20260911,0.4428230032984769,0.4428230032984769,0,1
fixed_transform_step100,2504,2021-05-21,2021-05-31,0.0348855085126711,2021,2021-03-31,learned_vol_interaction,20260911,0.5997767166420113,0.5997767166420113,1,1
fixed_transform_step100,2509,2021-05-28,2021-06-07,-0.0062409741861724,2021,2021-03-31,learned_vol_interaction,20260911,0.5331181716723163,0.5331181716723163,1,0
fixed_transform_step100,2514,2021-06-04,2021-06-15,-0.0125508761771767,2021,2021-03-31,learned_vol_interaction,20260911,0.42215763564510533,0.42215763564510533,0,0
fixed_transform_step100,2519,2021-06-11,2021-06-21,-0.0250011497424577,2021,2021-03-31,learned_vol_interaction,20260911,0.24566430951018822,0.24566430951018822,0,0
fixed_transform_step100,2523,2021-06-18,2021-06-28,0.0325308711127356,2021,2021-03-31,learned_vol_interaction,20260911,0.4309464190505183,0.4309464190505183,0,1
fixed_transform_step100,2528,2021-06-25,2021-07-05,-0.0342297962734196,2021,2021-03-31,learned_vol_interaction,20260911,0.3862541196872428,0.3862541196872428,0,0
fixed_transform_step100,2473,2021-04-02,2021-04-12,-0.0292856811827044,2021,2021-03-31,learned_order_extension,20260911,0.6178243812851402,0.6178243812851402,1,0
fixed_transform_step100,2477,2021-04-09,2021-04-19,-0.0120489836840408,2021,2021-03-31,learned_order_extension,20260911,0.5296116669443546,0.5296116669443546,1,0
fixed_transform_step100,2482,2021-04-16,2021-04-26,0.0382932540809155,2021,2021-03-31,learned_order_extension,20260911,0.46731275594753663,0.46731275594753663,0,1
fixed_transform_step100,2487,2021-04-23,2021-05-06,-0.0112070185917437,2021,2021-03-31,learned_order_extension,20260911,0.5249199513422125,0.5249199513422125,1,0
fixed_transform_step100,2492,2021-04-30,2021-05-12,-0.0190946889464188,2021,2021-03-31,learned_order_extension,20260911,0.7087074221657853,0.7087074221657853,1,0
fixed_transform_step100,2494,2021-05-07,2021-05-17,0.0227674429764228,2021,2021-03-31,learned_order_extension,20260911,0.7758535205986946,0.7758535205986946,1,1
fixed_transform_step100,2499,2021-05-14,2021-05-24,0.0045940519733895,2021,2021-03-31,learned_order_extension,20260911,0.4019100174179542,0.4019100174179542,0,1
fixed_transform_step100,2504,2021-05-21,2021-05-31,0.0348855085126711,2021,2021-03-31,learned_order_extension,20260911,0.599786041951602,0.599786041951602,1,1
fixed_transform_step100,2509,2021-05-28,2021-06-07,-0.0062409741861724,2021,2021-03-31,learned_order_extension,20260911,0.5401600566510427,0.5401600566510427,1,0
fixed_transform_step100,2514,2021-06-04,2021-06-15,-0.0125508761771767,2021,2021-03-31,learned_order_extension,20260911,0.39982320482248584,0.39982320482248584,0,0
fixed_transform_step100,2519,2021-06-11,2021-06-21,-0.0250011497424577,2021,2021-03-31,learned_order_extension,20260911,0.19617146554917825,0.19617146554917825,0,0
fixed_transform_step100,2523,2021-06-18,2021-06-28,0.0325308711127356,2021,2021-03-31,learned_order_extension,20260911,0.4088371172691376,0.4088371172691376,0,1
fixed_transform_step100,2528,2021-06-25,2021-07-05,-0.0342297962734196,2021,2021-03-31,learned_order_extension,20260911,0.37592263045710217,0.37592263045710217,0,0
fixed_transform_step100,2473,2021-04-02,2021-04-12,-0.0292856811827044,2021,2021-03-31,learned_order_offset,20260911,0.6161007930952345,0.6161007930952345,1,0
fixed_transform_step100,2477,2021-04-09,2021-04-19,-0.0120489836840408,2021,2021-03-31,learned_order_offset,20260911,0.5324633370094892,0.5324633370094892,1,0
fixed_transform_step100,2482,2021-04-16,2021-04-26,0.0382932540809155,2021,2021-03-31,learned_order_offset,20260911,0.47129770551223393,0.47129770551223393,0,1
fixed_transform_step100,2487,2021-04-23,2021-05-06,-0.0112070185917437,2021,2021-03-31,learned_order_offset,20260911,0.5260393993415455,0.5260393993415455,1,0
fixed_transform_step100,2492,2021-04-30,2021-05-12,-0.0190946889464188,2021,2021-03-31,learned_order_offset,20260911,0.7067990519035312,0.7067990519035312,1,0
fixed_transform_step100,2494,2021-05-07,2021-05-17,0.0227674429764228,2021,2021-03-31,learned_order_offset,20260911,0.7729899563531077,0.7729899563531077,1,1
fixed_transform_step100,2499,2021-05-14,2021-05-24,0.0045940519733895,2021,2021-03-31,learned_order_offset,20260911,0.4052108605963961,0.4052108605963961,0,1
fixed_transform_step100,2504,2021-05-21,2021-05-31,0.0348855085126711,2021,2021-03-31,learned_order_offset,20260911,0.6001424846025207,0.6001424846025207,1,1
fixed_transform_step100,2509,2021-05-28,2021-06-07,-0.0062409741861724,2021,2021-03-31,learned_order_offset,20260911,0.5399535900850082,0.5399535900850082,1,0
fixed_transform_step100,2514,2021-06-04,2021-06-15,-0.0125508761771767,2021,2021-03-31,learned_order_offset,20260911,0.4069440358686543,0.4069440358686543,0,0
fixed_transform_step100,2519,2021-06-11,2021-06-21,-0.0250011497424577,2021,2021-03-31,learned_order_offset,20260911,0.20092130667210018,0.20092130667210018,0,0
fixed_transform_step100,2523,2021-06-18,2021-06-28,0.0325308711127356,2021,2021-03-31,learned_order_offset,20260911,0.41320057135341737,0.41320057135341737,0,1
fixed_transform_step100,2528,2021-06-25,2021-07-05,-0.0342297962734196,2021,2021-03-31,learned_order_offset,20260911,0.3752120804119649,0.3752120804119649,0,0
fixed_transform_step100,2473,2021-04-02,2021-04-12,-0.0292856811827044,2021,2021-03-31,learned_market,20260912,0.536049338973912,0.536049338973912,1,0
fixed_transform_step100,2477,2021-04-09,2021-04-19,-0.0120489836840408,2021,2021-03-31,learned_market,20260912,0.7152192101159774,0.7152192101159774,1,0
fixed_transform_step100,2482,2021-04-16,2021-04-26,0.0382932540809155,2021,2021-03-31,learned_market,20260912,0.5765979930888002,0.5765979930888002,1,1
fixed_transform_step100,2487,2021-04-23,2021-05-06,-0.0112070185917437,2021,2021-03-31,learned_market,20260912,0.6779130329420565,0.6779130329420565,1,0
fixed_transform_step100,2492,2021-04-30,2021-05-12,-0.0190946889464188,2021,2021-03-31,learned_market,20260912,0.5016273641601973,0.5016273641601973,1,0
fixed_transform_step100,2494,2021-05-07,2021-05-17,0.0227674429764228,2021,2021-03-31,learned_market,20260912,0.6157560811237136,0.6157560811237136,1,1
fixed_transform_step100,2499,2021-05-14,2021-05-24,0.0045940519733895,2021,2021-03-31,learned_market,20260912,0.4364888743448008,0.4364888743448008,0,1
fixed_transform_step100,2504,2021-05-21,2021-05-31,0.0348855085126711,2021,2021-03-31,learned_market,20260912,0.5931607299862419,0.5931607299862419,1,1
fixed_transform_step100,2509,2021-05-28,2021-06-07,-0.0062409741861724,2021,2021-03-31,learned_market,20260912,0.3400138761474666,0.3400138761474666,0,0
fixed_transform_step100,2514,2021-06-04,2021-06-15,-0.0125508761771767,2021,2021-03-31,learned_market,20260912,0.2856360977090334,0.2856360977090334,0,0
fixed_transform_step100,2519,2021-06-11,2021-06-21,-0.0250011497424577,2021,2021-03-31,learned_market,20260912,0.362690403722706,0.362690403722706,0,0
fixed_transform_step100,2523,2021-06-18,2021-06-28,0.0325308711127356,2021,2021-03-31,learned_market,20260912,0.3569397145891189,0.3569397145891189,0,1
fixed_transform_step100,2528,2021-06-25,2021-07-05,-0.0342297962734196,2021,2021-03-31,learned_market,20260912,0.23885959573121066,0.23885959573121066,0,0
fixed_transform_step100,2473,2021-04-02,2021-04-12,-0.0292856811827044,2021,2021-03-31,learned_vol_interaction,20260912,0.5337285811568426,0.5337285811568426,1,0
fixed_transform_step100,2477,2021-04-09,2021-04-19,-0.0120489836840408,2021,2021-03-31,learned_vol_interaction,20260912,0.7139986477849976,0.7139986477849976,1,0
fixed_transform_step100,2482,2021-04-16,2021-04-26,0.0382932540809155,2021,2021-03-31,learned_vol_interaction,20260912,0.5746049081752576,0.5746049081752576,1,1
fixed_transform_step100,2487,2021-04-23,2021-05-06,-0.0112070185917437,2021,2021-03-31,learned_vol_interaction,20260912,0.6764938998766078,0.6764938998766078,1,0
fixed_transform_step100,2492,2021-04-30,2021-05-12,-0.0190946889464188,2021,2021-03-31,learned_vol_interaction,20260912,0.5021524995804149,0.5021524995804149,1,0
fixed_transform_step100,2494,2021-05-07,2021-05-17,0.0227674429764228,2021,2021-03-31,learned_vol_interaction,20260912,0.6137796987362321,0.6137796987362321,1,1
fixed_transform_step100,2499,2021-05-14,2021-05-24,0.0045940519733895,2021,2021-03-31,learned_vol_interaction,20260912,0.4394574059394829,0.4394574059394829,0,1
fixed_transform_step100,2504,2021-05-21,2021-05-31,0.0348855085126711,2021,2021-03-31,learned_vol_interaction,20260912,0.5946344962344958,0.5946344962344958,1,1
fixed_transform_step100,2509,2021-05-28,2021-06-07,-0.0062409741861724,2021,2021-03-31,learned_vol_interaction,20260912,0.3403327935334149,0.3403327935334149,0,0
fixed_transform_step100,2514,2021-06-04,2021-06-15,-0.0125508761771767,2021,2021-03-31,learned_vol_interaction,20260912,0.2829838740317723,0.2829838740317723,0,0
fixed_transform_step100,2519,2021-06-11,2021-06-21,-0.0250011497424577,2021,2021-03-31,learned_vol_interaction,20260912,0.36188154199359956,0.36188154199359956,0,0
fixed_transform_step100,2523,2021-06-18,2021-06-28,0.0325308711127356,2021,2021-03-31,learned_vol_interaction,20260912,0.35666055534640134,0.35666055534640134,0,1
fixed_transform_step100,2528,2021-06-25,2021-07-05,-0.0342297962734196,2021,2021-03-31,learned_vol_interaction,20260912,0.24614668292488212,0.24614668292488212,0,0
fixed_transform_step100,2473,2021-04-02,2021-04-12,-0.0292856811827044,2021,2021-03-31,learned_order_extension,20260912,0.5359913249044541,0.5359913249044541,1,0
fixed_transform_step100,2477,2021-04-09,2021-04-19,-0.0120489836840408,2021,2021-03-31,learned_order_extension,20260912,0.7221874298506845,0.7221874298506845,1,0
fixed_transform_step100,2482,2021-04-16,2021-04-26,0.0382932540809155,2021,2021-03-31,learned_order_extension,20260912,0.5692473437955289,0.5692473437955289,1,1
fixed_transform_step100,2487,2021-04-23,2021-05-06,-0.0112070185917437,2021,2021-03-31,learned_order_extension,20260912,0.6905218477501036,0.6905218477501036,1,0
fixed_transform_step100,2492,2021-04-30,2021-05-12,-0.0190946889464188,2021,2021-03-31,learned_order_extension,20260912,0.48178562060000907,0.48178562060000907,0,0
fixed_transform_step100,2494,2021-05-07,2021-05-17,0.0227674429764228,2021,2021-03-31,learned_order_extension,20260912,0.6025469561490393,0.6025469561490393,1,1
fixed_transform_step100,2499,2021-05-14,2021-05-24,0.0045940519733895,2021,2021-03-31,learned_order_extension,20260912,0.4090798382742979,0.4090798382742979,0,1
fixed_transform_step100,2504,2021-05-21,2021-05-31,0.0348855085126711,2021,2021-03-31,learned_order_extension,20260912,0.5932034805511665,0.5932034805511665,1,1
fixed_transform_step100,2509,2021-05-28,2021-06-07,-0.0062409741861724,2021,2021-03-31,learned_order_extension,20260912,0.3279620606207324,0.3279620606207324,0,0
fixed_transform_step100,2514,2021-06-04,2021-06-15,-0.0125508761771767,2021,2021-03-31,learned_order_extension,20260912,0.2440318384550065,0.2440318384550065,0,0
fixed_transform_step100,2519,2021-06-11,2021-06-21,-0.0250011497424577,2021,2021-03-31,learned_order_extension,20260912,0.33529788858588444,0.33529788858588444,0,0
fixed_transform_step100,2523,2021-06-18,2021-06-28,0.0325308711127356,2021,2021-03-31,learned_order_extension,20260912,0.3290584403113813,0.3290584403113813,0,1
fixed_transform_step100,2528,2021-06-25,2021-07-05,-0.0342297962734196,2021,2021-03-31,learned_order_extension,20260912,0.21321396599584538,0.21321396599584538,0,0
fixed_transform_step100,2473,2021-04-02,2021-04-12,-0.0292856811827044,2021,2021-03-31,learned_order_offset,20260912,0.5398614848672433,0.5398614848672433,1,0
fixed_transform_step100,2477,2021-04-09,2021-04-19,-0.0120489836840408,2021,2021-03-31,learned_order_offset,20260912,0.721636255599476,0.721636255599476,1,0
fixed_transform_step100,2482,2021-04-16,2021-04-26,0.0382932540809155,2021,2021-03-31,learned_order_offset,20260912,0.5737649652174527,0.5737649652174527,1,1
fixed_transform_step100,2487,2021-04-23,2021-05-06,-0.0112070185917437,2021,2021-03-31,learned_order_offset,20260912,0.6900177057208208,0.6900177057208208,1,0
fixed_transform_step100,2492,2021-04-30,2021-05-12,-0.0190946889464188,2021,2021-03-31,learned_order_offset,20260912,0.4866290093288949,0.4866290093288949,0,0
fixed_transform_step100,2494,2021-05-07,2021-05-17,0.0227674429764228,2021,2021-03-31,learned_order_offset,20260912,0.6061373880600549,0.6061373880600549,1,1
fixed_transform_step100,2499,2021-05-14,2021-05-24,0.0045940519733895,2021,2021-03-31,learned_order_offset,20260912,0.41394353396890443,0.41394353396890443,0,1
fixed_transform_step100,2504,2021-05-21,2021-05-31,0.0348855085126711,2021,2021-03-31,learned_order_offset,20260912,0.5953807747786151,0.5953807747786151,1,1
fixed_transform_step100,2509,2021-05-28,2021-06-07,-0.0062409741861724,2021,2021-03-31,learned_order_offset,20260912,0.3345453053731045,0.3345453053731045,0,0
fixed_transform_step100,2514,2021-06-04,2021-06-15,-0.0125508761771767,2021,2021-03-31,learned_order_offset,20260912,0.2523755919227115,0.2523755919227115,0,0
fixed_transform_step100,2519,2021-06-11,2021-06-21,-0.0250011497424577,2021,2021-03-31,learned_order_offset,20260912,0.3381297768226997,0.3381297768226997,0,0
fixed_transform_step100,2523,2021-06-18,2021-06-28,0.0325308711127356,2021,2021-03-31,learned_order_offset,20260912,0.33164072478531054,0.33164072478531054,0,1
fixed_transform_step100,2528,2021-06-25,2021-07-05,-0.0342297962734196,2021,2021-03-31,learned_order_offset,20260912,0.21484196067898842,0.21484196067898842,0,0
fixed_transform_step100,2533,2021-07-02,2021-07-12,0.0068193733271841,2021,2021-06-30,learned_market,20260910,0.40010295456536477,0.40010295456536477,0,1
fixed_transform_step100,2538,2021-07-09,2021-07-19,-0.0048254045313779,2021,2021-06-30,learned_market,20260910,0.4382183837495892,0.4382183837495892,0,0
fixed_transform_step100,2543,2021-07-16,2021-07-26,-0.0032299118953994,2021,2021-06-30,learned_market,20260910,0.4163770723952873,0.4163770723952873,0,0
fixed_transform_step100,2548,2021-07-23,2021-08-02,-0.0537740931579083,2021,2021-06-30,learned_market,20260910,0.523119239893999,0.523119239893999,1,0
fixed_transform_step100,2553,2021-07-30,2021-08-09,0.019904813945049,2021,2021-06-30,learned_market,20260910,0.5250995514537122,0.5250995514537122,1,1
fixed_transform_step100,2558,2021-08-06,2021-08-16,0.0093369268709639,2021,2021-06-30,learned_market,20260910,0.47232268331579735,0.47232268331579735,0,1
fixed_transform_step100,2563,2021-08-13,2021-08-23,-0.032048736608373,2021,2021-06-30,learned_market,20260910,0.4106777607721026,0.4106777607721026,0,0
fixed_transform_step100,2568,2021-08-20,2021-08-30,0.0145047962107527,2021,2021-06-30,learned_market,20260910,0.435888345983336,0.435888345983336,0,1
fixed_transform_step100,2573,2021-08-27,2021-09-06,-0.0012316820816045,2021,2021-06-30,learned_market,20260910,0.5477852731108758,0.5477852731108758,1,0
fixed_transform_step100,2578,2021-09-03,2021-09-13,0.0342301066295398,2021,2021-06-30,learned_market,20260910,0.6348113763332219,0.6348113763332219,1,1
fixed_transform_step100,2583,2021-09-10,2021-09-22,-0.0471441667981554,2021,2021-06-30,learned_market,20260910,0.6555573392093986,0.6555573392093986,1,0
fixed_transform_step100,2588,2021-09-17,2021-09-28,0.0209863060789441,2021,2021-06-30,learned_market,20260910,0.6657045949397847,0.6657045949397847,1,1
fixed_transform_step100,2591,2021-09-24,2021-10-11,0.0144615416200457,2021,2021-06-30,learned_market,20260910,0.7039892179934065,0.7039892179934065,1,1
fixed_transform_step100,2533,2021-07-02,2021-07-12,0.0068193733271841,2021,2021-06-30,learned_vol_interaction,20260910,0.3519813226661079,0.3519813226661079,0,1
fixed_transform_step100,2538,2021-07-09,2021-07-19,-0.0048254045313779,2021,2021-06-30,learned_vol_interaction,20260910,0.34937195265585946,0.34937195265585946,0,0
fixed_transform_step100,2543,2021-07-16,2021-07-26,-0.0032299118953994,2021,2021-06-30,learned_vol_interaction,20260910,0.34611189743648824,0.34611189743648824,0,0
fixed_transform_step100,2548,2021-07-23,2021-08-02,-0.0537740931579083,2021,2021-06-30,learned_vol_interaction,20260910,0.47758129380676667,0.47758129380676667,0,0
fixed_transform_step100,2553,2021-07-30,2021-08-09,0.019904813945049,2021,2021-06-30,learned_vol_interaction,20260910,0.5325136844434413,0.5325136844434413,1,1
fixed_transform_step100,2558,2021-08-06,2021-08-16,0.0093369268709639,2021,2021-06-30,learned_vol_interaction,20260910,0.5186438229261766,0.5186438229261766,1,1
fixed_transform_step100,2563,2021-08-13,2021-08-23,-0.032048736608373,2021,2021-06-30,learned_vol_interaction,20260910,0.48743514095578694,0.48743514095578694,0,0
fixed_transform_step100,2568,2021-08-20,2021-08-30,0.0145047962107527,2021,2021-06-30,learned_vol_interaction,20260910,0.4513232586077503,0.4513232586077503,0,1
fixed_transform_step100,2573,2021-08-27,2021-09-06,-0.0012316820816045,2021,2021-06-30,learned_vol_interaction,20260910,0.570461210342464,0.570461210342464,1,0
fixed_transform_step100,2578,2021-09-03,2021-09-13,0.0342301066295398,2021,2021-06-30,learned_vol_interaction,20260910,0.6043340306563255,0.6043340306563255,1,1
fixed_transform_step100,2583,2021-09-10,2021-09-22,-0.0471441667981554,2021,2021-06-30,learned_vol_interaction,20260910,0.6171659456829695,0.6171659456829695,1,0
fixed_transform_step100,2588,2021-09-17,2021-09-28,0.0209863060789441,2021,2021-06-30,learned_vol_interaction,20260910,0.6949342488784104,0.6949342488784104,1,1
fixed_transform_step100,2591,2021-09-24,2021-10-11,0.0144615416200457,2021,2021-06-30,learned_vol_interaction,20260910,0.7408401015923533,0.7408401015923533,1,1
fixed_transform_step100,2533,2021-07-02,2021-07-12,0.0068193733271841,2021,2021-06-30,learned_order_extension,20260910,0.34819144027268123,0.34819144027268123,0,1
fixed_transform_step100,2538,2021-07-09,2021-07-19,-0.0048254045313779,2021,2021-06-30,learned_order_extension,20260910,0.3438455286909287,0.3438455286909287,0,0
fixed_transform_step100,2543,2021-07-16,2021-07-26,-0.0032299118953994,2021,2021-06-30,learned_order_extension,20260910,0.337611121147899,0.337611121147899,0,0
fixed_transform_step100,2548,2021-07-23,2021-08-02,-0.0537740931579083,2021,2021-06-30,learned_order_extension,20260910,0.47243501756997175,0.47243501756997175,0,0
fixed_transform_step100,2553,2021-07-30,2021-08-09,0.019904813945049,2021,2021-06-30,learned_order_extension,20260910,0.5286920869413422,0.5286920869413422,1,1
fixed_transform_step100,2558,2021-08-06,2021-08-16,0.0093369268709639,2021,2021-06-30,learned_order_extension,20260910,0.513730887384241,0.513730887384241,1,1
fixed_transform_step100,2563,2021-08-13,2021-08-23,-0.032048736608373,2021,2021-06-30,learned_order_extension,20260910,0.48459519427469827,0.48459519427469827,0,0
fixed_transform_step100,2568,2021-08-20,2021-08-30,0.0145047962107527,2021,2021-06-30,learned_order_extension,20260910,0.45057780882741433,0.45057780882741433,0,1
fixed_transform_step100,2573,2021-08-27,2021-09-06,-0.0012316820816045,2021,2021-06-30,learned_order_extension,20260910,0.5699763290281096,0.5699763290281096,1,0
fixed_transform_step100,2578,2021-09-03,2021-09-13,0.0342301066295398,2021,2021-06-30,learned_order_extension,20260910,0.6058123706379919,0.6058123706379919,1,1
fixed_transform_step100,2583,2021-09-10,2021-09-22,-0.0471441667981554,2021,2021-06-30,learned_order_extension,20260910,0.621389493687846,0.621389493687846,1,0
fixed_transform_step100,2588,2021-09-17,2021-09-28,0.0209863060789441,2021,2021-06-30,learned_order_extension,20260910,0.6986904055544314,0.6986904055544314,1,1
fixed_transform_step100,2591,2021-09-24,2021-10-11,0.0144615416200457,2021,2021-06-30,learned_order_extension,20260910,0.747444861813161,0.747444861813161,1,1
fixed_transform_step100,2533,2021-07-02,2021-07-12,0.0068193733271841,2021,2021-06-30,learned_order_offset,20260910,0.34868126047531844,0.34868126047531844,0,1
fixed_transform_step100,2538,2021-07-09,2021-07-19,-0.0048254045313779,2021,2021-06-30,learned_order_offset,20260910,0.34457689338296343,0.34457689338296343,0,0
fixed_transform_step100,2543,2021-07-16,2021-07-26,-0.0032299118953994,2021,2021-06-30,learned_order_offset,20260910,0.3388181726851854,0.3388181726851854,0,0
fixed_transform_step100,2548,2021-07-23,2021-08-02,-0.0537740931579083,2021,2021-06-30,learned_order_offset,20260910,0.473730210988664,0.473730210988664,0,0
fixed_transform_step100,2553,2021-07-30,2021-08-09,0.019904813945049,2021,2021-06-30,learned_order_offset,20260910,0.5299515304035525,0.5299515304035525,1,1
fixed_transform_step100,2558,2021-08-06,2021-08-16,0.0093369268709639,2021,2021-06-30,learned_order_offset,20260910,0.5150567791485917,0.5150567791485917,1,1
fixed_transform_step100,2563,2021-08-13,2021-08-23,-0.032048736608373,2021,2021-06-30,learned_order_offset,20260910,0.4856695113788153,0.4856695113788153,0,0
fixed_transform_step100,2568,2021-08-20,2021-08-30,0.0145047962107527,2021,2021-06-30,learned_order_offset,20260910,0.4508771832153683,0.4508771832153683,0,1
fixed_transform_step100,2573,2021-08-27,2021-09-06,-0.0012316820816045,2021,2021-06-30,learned_order_offset,20260910,0.569673076949581,0.569673076949581,1,0
fixed_transform_step100,2578,2021-09-03,2021-09-13,0.0342301066295398,2021,2021-06-30,learned_order_offset,20260910,0.6048738952378562,0.6048738952378562,1,1
fixed_transform_step100,2583,2021-09-10,2021-09-22,-0.0471441667981554,2021,2021-06-30,learned_order_offset,20260910,0.6203409856764602,0.6203409856764602,1,0
fixed_transform_step100,2588,2021-09-17,2021-09-28,0.0209863060789441,2021,2021-06-30,learned_order_offset,20260910,0.6981496718185782,0.6981496718185782,1,1
fixed_transform_step100,2591,2021-09-24,2021-10-11,0.0144615416200457,2021,2021-06-30,learned_order_offset,20260910,0.7468559659197489,0.7468559659197489,1,1
fixed_transform_step100,2533,2021-07-02,2021-07-12,0.0068193733271841,2021,2021-06-30,learned_market,20260911,0.4476116373006717,0.4476116373006717,0,1
fixed_transform_step100,2538,2021-07-09,2021-07-19,-0.0048254045313779,2021,2021-06-30,learned_market,20260911,0.22080431900306294,0.22080431900306294,0,0
fixed_transform_step100,2543,2021-07-16,2021-07-26,-0.0032299118953994,2021,2021-06-30,learned_market,20260911,0.39250213852496724,0.39250213852496724,0,0
fixed_transform_step100,2548,2021-07-23,2021-08-02,-0.0537740931579083,2021,2021-06-30,learned_market,20260911,0.42167218419525554,0.42167218419525554,0,0
fixed_transform_step100,2553,2021-07-30,2021-08-09,0.019904813945049,2021,2021-06-30,learned_market,20260911,0.549880304209599,0.549880304209599,1,1
fixed_transform_step100,2558,2021-08-06,2021-08-16,0.0093369268709639,2021,2021-06-30,learned_market,20260911,0.6304153281895643,0.6304153281895643,1,1
fixed_transform_step100,2563,2021-08-13,2021-08-23,-0.032048736608373,2021,2021-06-30,learned_market,20260911,0.5852318917616672,0.5852318917616672,1,0
fixed_transform_step100,2568,2021-08-20,2021-08-30,0.0145047962107527,2021,2021-06-30,learned_market,20260911,0.5208303810069759,0.5208303810069759,1,1
fixed_transform_step100,2573,2021-08-27,2021-09-06,-0.0012316820816045,2021,2021-06-30,learned_market,20260911,0.7681066869436554,0.7681066869436554,1,0
fixed_transform_step100,2578,2021-09-03,2021-09-13,0.0342301066295398,2021,2021-06-30,learned_market,20260911,0.7139983553289487,0.7139983553289487,1,1
fixed_transform_step100,2583,2021-09-10,2021-09-22,-0.0471441667981554,2021,2021-06-30,learned_market,20260911,0.7473540900552232,0.7473540900552232,1,0
fixed_transform_step100,2588,2021-09-17,2021-09-28,0.0209863060789441,2021,2021-06-30,learned_market,20260911,0.7638827256103015,0.7638827256103015,1,1
fixed_transform_step100,2591,2021-09-24,2021-10-11,0.0144615416200457,2021,2021-06-30,learned_market,20260911,0.6430819385057092,0.6430819385057092,1,1
fixed_transform_step100,2533,2021-07-02,2021-07-12,0.0068193733271841,2021,2021-06-30,learned_vol_interaction,20260911,0.4476025305853624,0.4476025305853624,0,1
fixed_transform_step100,2538,2021-07-09,2021-07-19,-0.0048254045313779,2021,2021-06-30,learned_vol_interaction,20260911,0.21805916126691877,0.21805916126691877,0,0
fixed_transform_step100,2543,2021-07-16,2021-07-26,-0.0032299118953994,2021,2021-06-30,learned_vol_interaction,20260911,0.39134901319493803,0.39134901319493803,0,0
fixed_transform_step100,2548,2021-07-23,2021-08-02,-0.0537740931579083,2021,2021-06-30,learned_vol_interaction,20260911,0.4187099322891392,0.4187099322891392,0,0
fixed_transform_step100,2553,2021-07-30,2021-08-09,0.019904813945049,2021,2021-06-30,learned_vol_interaction,20260911,0.5462392170246156,0.5462392170246156,1,1
fixed_transform_step100,2558,2021-08-06,2021-08-16,0.0093369268709639,2021,2021-06-30,learned_vol_interaction,20260911,0.6289451894208785,0.6289451894208785,1,1
fixed_transform_step100,2563,2021-08-13,2021-08-23,-0.032048736608373,2021,2021-06-30,learned_vol_interaction,20260911,0.5822959607756066,0.5822959607756066,1,0
fixed_transform_step100,2568,2021-08-20,2021-08-30,0.0145047962107527,2021,2021-06-30,learned_vol_interaction,20260911,0.5262619480359807,0.5262619480359807,1,1
fixed_transform_step100,2573,2021-08-27,2021-09-06,-0.0012316820816045,2021,2021-06-30,learned_vol_interaction,20260911,0.7650657937214973,0.7650657937214973,1,0
fixed_transform_step100,2578,2021-09-03,2021-09-13,0.0342301066295398,2021,2021-06-30,learned_vol_interaction,20260911,0.7148630376681308,0.7148630376681308,1,1
fixed_transform_step100,2583,2021-09-10,2021-09-22,-0.0471441667981554,2021,2021-06-30,learned_vol_interaction,20260911,0.7454465385731306,0.7454465385731306,1,0
fixed_transform_step100,2588,2021-09-17,2021-09-28,0.0209863060789441,2021,2021-06-30,learned_vol_interaction,20260911,0.7642790532259359,0.7642790532259359,1,1
fixed_transform_step100,2591,2021-09-24,2021-10-11,0.0144615416200457,2021,2021-06-30,learned_vol_interaction,20260911,0.6428568501213002,0.6428568501213002,1,1
fixed_transform_step100,2533,2021-07-02,2021-07-12,0.0068193733271841,2021,2021-06-30,learned_order_extension,20260911,0.4408007468606804,0.4408007468606804,0,1
fixed_transform_step100,2538,2021-07-09,2021-07-19,-0.0048254045313779,2021,2021-06-30,learned_order_extension,20260911,0.16616066419591666,0.16616066419591666,0,0
fixed_transform_step100,2543,2021-07-16,2021-07-26,-0.0032299118953994,2021,2021-06-30,learned_order_extension,20260911,0.33903634182751585,0.33903634182751585,0,0
fixed_transform_step100,2548,2021-07-23,2021-08-02,-0.0537740931579083,2021,2021-06-30,learned_order_extension,20260911,0.3847540606414146,0.3847540606414146,0,0
fixed_transform_step100,2553,2021-07-30,2021-08-09,0.019904813945049,2021,2021-06-30,learned_order_extension,20260911,0.5364298057594515,0.5364298057594515,1,1
fixed_transform_step100,2558,2021-08-06,2021-08-16,0.0093369268709639,2021,2021-06-30,learned_order_extension,20260911,0.621526765194181,0.621526765194181,1,1
fixed_transform_step100,2563,2021-08-13,2021-08-23,-0.032048736608373,2021,2021-06-30,learned_order_extension,20260911,0.579446155631077,0.579446155631077,1,0
fixed_transform_step100,2568,2021-08-20,2021-08-30,0.0145047962107527,2021,2021-06-30,learned_order_extension,20260911,0.5100294537117634,0.5100294537117634,1,1
fixed_transform_step100,2573,2021-08-27,2021-09-06,-0.0012316820816045,2021,2021-06-30,learned_order_extension,20260911,0.7831650907315665,0.7831650907315665,1,0
fixed_transform_step100,2578,2021-09-03,2021-09-13,0.0342301066295398,2021,2021-06-30,learned_order_extension,20260911,0.7338829598238344,0.7338829598238344,1,1
fixed_transform_step100,2583,2021-09-10,2021-09-22,-0.0471441667981554,2021,2021-06-30,learned_order_extension,20260911,0.7711055755837107,0.7711055755837107,1,0
fixed_transform_step100,2588,2021-09-17,2021-09-28,0.0209863060789441,2021,2021-06-30,learned_order_extension,20260911,0.7954763822398873,0.7954763822398873,1,1
fixed_transform_step100,2591,2021-09-24,2021-10-11,0.0144615416200457,2021,2021-06-30,learned_order_extension,20260911,0.6634067621729169,0.6634067621729169,1,1
fixed_transform_step100,2533,2021-07-02,2021-07-12,0.0068193733271841,2021,2021-06-30,learned_order_offset,20260911,0.44645923942073934,0.44645923942073934,0,1
fixed_transform_step100,2538,2021-07-09,2021-07-19,-0.0048254045313779,2021,2021-06-30,learned_order_offset,20260911,0.17175917623396958,0.17175917623396958,0,0
fixed_transform_step100,2543,2021-07-16,2021-07-26,-0.0032299118953994,2021,2021-06-30,learned_order_offset,20260911,0.3436148069281836,0.3436148069281836,0,0
fixed_transform_step100,2548,2021-07-23,2021-08-02,-0.0537740931579083,2021,2021-06-30,learned_order_offset,20260911,0.38722014400819266,0.38722014400819266,0,0
fixed_transform_step100,2553,2021-07-30,2021-08-09,0.019904813945049,2021,2021-06-30,learned_order_offset,20260911,0.5331552826628193,0.5331552826628193,1,1
fixed_transform_step100,2558,2021-08-06,2021-08-16,0.0093369268709639,2021,2021-06-30,learned_order_offset,20260911,0.6173783849073692,0.6173783849073692,1,1
fixed_transform_step100,2563,2021-08-13,2021-08-23,-0.032048736608373,2021,2021-06-30,learned_order_offset,20260911,0.5772806197512897,0.5772806197512897,1,0
fixed_transform_step100,2568,2021-08-20,2021-08-30,0.0145047962107527,2021,2021-06-30,learned_order_offset,20260911,0.515475544530875,0.515475544530875,1,1
fixed_transform_step100,2573,2021-08-27,2021-09-06,-0.0012316820816045,2021,2021-06-30,learned_order_offset,20260911,0.7755045601508238,0.7755045601508238,1,0
fixed_transform_step100,2578,2021-09-03,2021-09-13,0.0342301066295398,2021,2021-06-30,learned_order_offset,20260911,0.7285587339766771,0.7285587339766771,1,1
fixed_transform_step100,2583,2021-09-10,2021-09-22,-0.0471441667981554,2021,2021-06-30,learned_order_offset,20260911,0.7628839045847788,0.7628839045847788,1,0
fixed_transform_step100,2588,2021-09-17,2021-09-28,0.0209863060789441,2021,2021-06-30,learned_order_offset,20260911,0.7889617829307721,0.7889617829307721,1,1
fixed_transform_step100,2591,2021-09-24,2021-10-11,0.0144615416200457,2021,2021-06-30,learned_order_offset,20260911,0.658609878001784,0.658609878001784,1,1
fixed_transform_step100,2533,2021-07-02,2021-07-12,0.0068193733271841,2021,2021-06-30,learned_market,20260912,0.5638413080975944,0.5638413080975944,1,1
fixed_transform_step100,2538,2021-07-09,2021-07-19,-0.0048254045313779,2021,2021-06-30,learned_market,20260912,0.6682615574583365,0.6682615574583365,1,0
fixed_transform_step100,2543,2021-07-16,2021-07-26,-0.0032299118953994,2021,2021-06-30,learned_market,20260912,0.46316487056791844,0.46316487056791844,0,0
fixed_transform_step100,2548,2021-07-23,2021-08-02,-0.0537740931579083,2021,2021-06-30,learned_market,20260912,0.6716901053769836,0.6716901053769836,1,0
fixed_transform_step100,2553,2021-07-30,2021-08-09,0.019904813945049,2021,2021-06-30,learned_market,20260912,0.6377790782914646,0.6377790782914646,1,1
fixed_transform_step100,2558,2021-08-06,2021-08-16,0.0093369268709639,2021,2021-06-30,learned_market,20260912,0.5620158849385081,0.5620158849385081,1,1
fixed_transform_step100,2563,2021-08-13,2021-08-23,-0.032048736608373,2021,2021-06-30,learned_market,20260912,0.8108395647032963,0.8108395647032963,1,0
fixed_transform_step100,2568,2021-08-20,2021-08-30,0.0145047962107527,2021,2021-06-30,learned_market,20260912,0.6280294322603016,0.6280294322603016,1,1
fixed_transform_step100,2573,2021-08-27,2021-09-06,-0.0012316820816045,2021,2021-06-30,learned_market,20260912,0.6257242147256149,0.6257242147256149,1,0
fixed_transform_step100,2578,2021-09-03,2021-09-13,0.0342301066295398,2021,2021-06-30,learned_market,20260912,0.5097404365476232,0.5097404365476232,1,1
fixed_transform_step100,2583,2021-09-10,2021-09-22,-0.0471441667981554,2021,2021-06-30,learned_market,20260912,0.5296210185238527,0.5296210185238527,1,0
fixed_transform_step100,2588,2021-09-17,2021-09-28,0.0209863060789441,2021,2021-06-30,learned_market,20260912,0.5193801367015844,0.5193801367015844,1,1
fixed_transform_step100,2591,2021-09-24,2021-10-11,0.0144615416200457,2021,2021-06-30,learned_market,20260912,0.4080996777558949,0.4080996777558949,0,1
fixed_transform_step100,2533,2021-07-02,2021-07-12,0.0068193733271841,2021,2021-06-30,learned_vol_interaction,20260912,0.5670184814019694,0.5670184814019694,1,1
fixed_transform_step100,2538,2021-07-09,2021-07-19,-0.0048254045313779,2021,2021-06-30,learned_vol_interaction,20260912,0.6776358600130263,0.6776358600130263,1,0
fixed_transform_step100,2543,2021-07-16,2021-07-26,-0.0032299118953994,2021,2021-06-30,learned_vol_interaction,20260912,0.47433150506115196,0.47433150506115196,0,0
fixed_transform_step100,2548,2021-07-23,2021-08-02,-0.0537740931579083,2021,2021-06-30,learned_vol_interaction,20260912,0.680284167483757,0.680284167483757,1,0
fixed_transform_step100,2553,2021-07-30,2021-08-09,0.019904813945049,2021,2021-06-30,learned_vol_interaction,20260912,0.640154285765714,0.640154285765714,1,1
fixed_transform_step100,2558,2021-08-06,2021-08-16,0.0093369268709639,2021,2021-06-30,learned_vol_interaction,20260912,0.5664743929113765,0.5664743929113765,1,1
fixed_transform_step100,2563,2021-08-13,2021-08-23,-0.032048736608373,2021,2021-06-30,learned_vol_interaction,20260912,0.830293383432461,0.830293383432461,1,0
fixed_transform_step100,2568,2021-08-20,2021-08-30,0.0145047962107527,2021,2021-06-30,learned_vol_interaction,20260912,0.6367322333461011,0.6367322333461011,1,1
fixed_transform_step100,2573,2021-08-27,2021-09-06,-0.0012316820816045,2021,2021-06-30,learned_vol_interaction,20260912,0.62726945624738,0.62726945624738,1,0
fixed_transform_step100,2578,2021-09-03,2021-09-13,0.0342301066295398,2021,2021-06-30,learned_vol_interaction,20260912,0.5140074066450707,0.5140074066450707,1,1
fixed_transform_step100,2583,2021-09-10,2021-09-22,-0.0471441667981554,2021,2021-06-30,learned_vol_interaction,20260912,0.5304778574736198,0.5304778574736198,1,0
fixed_transform_step100,2588,2021-09-17,2021-09-28,0.0209863060789441,2021,2021-06-30,learned_vol_interaction,20260912,0.5174106317391333,0.5174106317391333,1,1
fixed_transform_step100,2591,2021-09-24,2021-10-11,0.0144615416200457,2021,2021-06-30,learned_vol_interaction,20260912,0.41155689558916303,0.41155689558916303,0,1
fixed_transform_step100,2533,2021-07-02,2021-07-12,0.0068193733271841,2021,2021-06-30,learned_order_extension,20260912,0.5603593362541723,0.5603593362541723,1,1
fixed_transform_step100,2538,2021-07-09,2021-07-19,-0.0048254045313779,2021,2021-06-30,learned_order_extension,20260912,0.6823922635214507,0.6823922635214507,1,0
fixed_transform_step100,2543,2021-07-16,2021-07-26,-0.0032299118953994,2021,2021-06-30,learned_order_extension,20260912,0.45897446325252667,0.45897446325252667,0,0
fixed_transform_step100,2548,2021-07-23,2021-08-02,-0.0537740931579083,2021,2021-06-30,learned_order_extension,20260912,0.6790865547126766,0.6790865547126766,1,0
fixed_transform_step100,2553,2021-07-30,2021-08-09,0.019904813945049,2021,2021-06-30,learned_order_extension,20260912,0.6306095230952917,0.6306095230952917,1,1
fixed_transform_step100,2558,2021-08-06,2021-08-16,0.0093369268709639,2021,2021-06-30,learned_order_extension,20260912,0.5582421620397761,0.5582421620397761,1,1
fixed_transform_step100,2563,2021-08-13,2021-08-23,-0.032048736608373,2021,2021-06-30,learned_order_extension,20260912,0.8332133862836896,0.8332133862836896,1,0
fixed_transform_step100,2568,2021-08-20,2021-08-30,0.0145047962107527,2021,2021-06-30,learned_order_extension,20260912,0.6353880019907516,0.6353880019907516,1,1
fixed_transform_step100,2573,2021-08-27,2021-09-06,-0.0012316820816045,2021,2021-06-30,learned_order_extension,20260912,0.6237378472575571,0.6237378472575571,1,0
fixed_transform_step100,2578,2021-09-03,2021-09-13,0.0342301066295398,2021,2021-06-30,learned_order_extension,20260912,0.5078980961839822,0.5078980961839822,1,1
fixed_transform_step100,2583,2021-09-10,2021-09-22,-0.0471441667981554,2021,2021-06-30,learned_order_extension,20260912,0.5286354956682099,0.5286354956682099,1,0
fixed_transform_step100,2588,2021-09-17,2021-09-28,0.0209863060789441,2021,2021-06-30,learned_order_extension,20260912,0.5058737286937248,0.5058737286937248,1,1
fixed_transform_step100,2591,2021-09-24,2021-10-11,0.0144615416200457,2021,2021-06-30,learned_order_extension,20260912,0.3849282617715325,0.3849282617715325,0,1
fixed_transform_step100,2533,2021-07-02,2021-07-12,0.0068193733271841,2021,2021-06-30,learned_order_offset,20260912,0.5620611969257762,0.5620611969257762,1,1
fixed_transform_step100,2538,2021-07-09,2021-07-19,-0.0048254045313779,2021,2021-06-30,learned_order_offset,20260912,0.6814715281037258,0.6814715281037258,1,0
fixed_transform_step100,2543,2021-07-16,2021-07-26,-0.0032299118953994,2021,2021-06-30,learned_order_offset,20260912,0.45879179422275923,0.45879179422275923,0,0
fixed_transform_step100,2548,2021-07-23,2021-08-02,-0.0537740931579083,2021,2021-06-30,learned_order_offset,20260912,0.6772146974808564,0.6772146974808564,1,0
fixed_transform_step100,2553,2021-07-30,2021-08-09,0.019904813945049,2021,2021-06-30,learned_order_offset,20260912,0.6302736694170646,0.6302736694170646,1,1
fixed_transform_step100,2558,2021-08-06,2021-08-16,0.0093369268709639,2021,2021-06-30,learned_order_offset,20260912,0.5587745939000155,0.5587745939000155,1,1
fixed_transform_step100,2563,2021-08-13,2021-08-23,-0.032048736608373,2021,2021-06-30,learned_order_offset,20260912,0.829553996570288,0.829553996570288,1,0
fixed_transform_step100,2568,2021-08-20,2021-08-30,0.0145047962107527,2021,2021-06-30,learned_order_offset,20260912,0.6352763665344605,0.6352763665344605,1,1
fixed_transform_step100,2573,2021-08-27,2021-09-06,-0.0012316820816045,2021,2021-06-30,learned_order_offset,20260912,0.6240212262252758,0.6240212262252758,1,0
fixed_transform_step100,2578,2021-09-03,2021-09-13,0.0342301066295398,2021,2021-06-30,learned_order_offset,20260912,0.5085599824428945,0.5085599824428945,1,1
fixed_transform_step100,2583,2021-09-10,2021-09-22,-0.0471441667981554,2021,2021-06-30,learned_order_offset,20260912,0.5293083791405587,0.5293083791405587,1,0
fixed_transform_step100,2588,2021-09-17,2021-09-28,0.0209863060789441,2021,2021-06-30,learned_order_offset,20260912,0.5077704403695783,0.5077704403695783,1,1
fixed_transform_step100,2591,2021-09-24,2021-10-11,0.0144615416200457,2021,2021-06-30,learned_order_offset,20260912,0.3893094955706681,0.3893094955706681,0,1
fixed_transform_step100,2596,2021-10-08,2021-10-18,-0.0038006269617851,2021,2021-09-30,learned_market,20260910,0.6734618529244621,0.6734618529244621,1,0
fixed_transform_step100,2601,2021-10-15,2021-10-25,0.0037358989621147,2021,2021-09-30,learned_market,20260910,0.668405520562507,0.668405520562507,1,1
fixed_transform_step100,2606,2021-10-22,2021-11-01,-0.0127041632091318,2021,2021-09-30,learned_market,20260910,0.6163952744152067,0.6163952744152067,1,0
fixed_transform_step100,2611,2021-10-29,2021-11-08,-0.0075807737801166,2021,2021-09-30,learned_market,20260910,0.6574153939570418,0.6574153939570418,1,0
fixed_transform_step100,2616,2021-11-05,2021-11-15,0.0110015182343039,2021,2021-09-30,learned_market,20260910,0.7230626149265208,0.7230626149265208,1,1
fixed_transform_step100,2621,2021-11-12,2021-11-22,0.0002002284238551,2021,2021-09-30,learned_market,20260910,0.7398042389014736,0.7398042389014736,1,1
fixed_transform_step100,2626,2021-11-19,2021-11-29,-0.0153981603100059,2021,2021-09-30,learned_market,20260910,0.7798222172064574,0.7798222172064574,1,0
fixed_transform_step100,2631,2021-11-26,2021-12-06,0.0185518287306458,2021,2021-09-30,learned_market,20260910,0.7187699580495193,0.7187699580495193,1,1
fixed_transform_step100,2636,2021-12-03,2021-12-13,0.0367843110096284,2021,2021-09-30,learned_market,20260910,0.7264251192115574,0.7264251192115574,1,1
fixed_transform_step100,2641,2021-12-10,2021-12-20,-0.0304615698955996,2021,2021-09-30,learned_market,20260910,0.659213350095346,0.659213350095346,1,0
fixed_transform_step100,2646,2021-12-17,2021-12-27,-0.0034083287233763,2021,2021-09-30,learned_market,20260910,0.7066884391697401,0.7066884391697401,1,0
fixed_transform_step100,2651,2021-12-24,2022-01-04,0.0080985736506613,2021,2021-09-30,learned_market,20260910,0.7856646863728569,0.7856646863728569,1,1
fixed_transform_step100,2656,2021-12-31,2022-01-10,-0.0293970528320001,2021,2021-09-30,learned_market,20260910,0.7518525058973548,0.7518525058973548,1,0
fixed_transform_step100,2596,2021-10-08,2021-10-18,-0.0038006269617851,2021,2021-09-30,learned_vol_interaction,20260910,0.711649058290236,0.711649058290236,1,0
fixed_transform_step100,2601,2021-10-15,2021-10-25,0.0037358989621147,2021,2021-09-30,learned_vol_interaction,20260910,0.7368365841071346,0.7368365841071346,1,1
fixed_transform_step100,2606,2021-10-22,2021-11-01,-0.0127041632091318,2021,2021-09-30,learned_vol_interaction,20260910,0.633774078489906,0.633774078489906,1,0
fixed_transform_step100,2611,2021-10-29,2021-11-08,-0.0075807737801166,2021,2021-09-30,learned_vol_interaction,20260910,0.7073908611912557,0.7073908611912557,1,0
fixed_transform_step100,2616,2021-11-05,2021-11-15,0.0110015182343039,2021,2021-09-30,learned_vol_interaction,20260910,0.7978851558875782,0.7978851558875782,1,1
fixed_transform_step100,2621,2021-11-12,2021-11-22,0.0002002284238551,2021,2021-09-30,learned_vol_interaction,20260910,0.8016653714474162,0.8016653714474162,1,1
fixed_transform_step100,2626,2021-11-19,2021-11-29,-0.0153981603100059,2021,2021-09-30,learned_vol_interaction,20260910,0.8598828363899819,0.8598828363899819,1,0
fixed_transform_step100,2631,2021-11-26,2021-12-06,0.0185518287306458,2021,2021-09-30,learned_vol_interaction,20260910,0.817408685306645,0.817408685306645,1,1
fixed_transform_step100,2636,2021-12-03,2021-12-13,0.0367843110096284,2021,2021-09-30,learned_vol_interaction,20260910,0.8004087874413883,0.8004087874413883,1,1
fixed_transform_step100,2641,2021-12-10,2021-12-20,-0.0304615698955996,2021,2021-09-30,learned_vol_interaction,20260910,0.7165063254502938,0.7165063254502938,1,0
fixed_transform_step100,2646,2021-12-17,2021-12-27,-0.0034083287233763,2021,2021-09-30,learned_vol_interaction,20260910,0.7637188746287328,0.7637188746287328,1,0
fixed_transform_step100,2651,2021-12-24,2022-01-04,0.0080985736506613,2021,2021-09-30,learned_vol_interaction,20260910,0.842833193656891,0.842833193656891,1,1
fixed_transform_step100,2656,2021-12-31,2022-01-10,-0.0293970528320001,2021,2021-09-30,learned_vol_interaction,20260910,0.7963755967307476,0.7963755967307476,1,0
fixed_transform_step100,2596,2021-10-08,2021-10-18,-0.0038006269617851,2021,2021-09-30,learned_order_extension,20260910,0.7057483088002288,0.7057483088002288,1,0
fixed_transform_step100,2601,2021-10-15,2021-10-25,0.0037358989621147,2021,2021-09-30,learned_order_extension,20260910,0.7316082639398913,0.7316082639398913,1,1
fixed_transform_step100,2606,2021-10-22,2021-11-01,-0.0127041632091318,2021,2021-09-30,learned_order_extension,20260910,0.6364551520882997,0.6364551520882997,1,0
fixed_transform_step100,2611,2021-10-29,2021-11-08,-0.0075807737801166,2021,2021-09-30,learned_order_extension,20260910,0.7068856169887252,0.7068856169887252,1,0
fixed_transform_step100,2616,2021-11-05,2021-11-15,0.0110015182343039,2021,2021-09-30,learned_order_extension,20260910,0.7934250275613034,0.7934250275613034,1,1
fixed_transform_step100,2621,2021-11-12,2021-11-22,0.0002002284238551,2021,2021-09-30,learned_order_extension,20260910,0.7865269319713983,0.7865269319713983,1,1
fixed_transform_step100,2626,2021-11-19,2021-11-29,-0.0153981603100059,2021,2021-09-30,learned_order_extension,20260910,0.8441194853627223,0.8441194853627223,1,0
fixed_transform_step100,2631,2021-11-26,2021-12-06,0.0185518287306458,2021,2021-09-30,learned_order_extension,20260910,0.8102206553865205,0.8102206553865205,1,1
fixed_transform_step100,2636,2021-12-03,2021-12-13,0.0367843110096284,2021,2021-09-30,learned_order_extension,20260910,0.7950241348022671,0.7950241348022671,1,1
fixed_transform_step100,2641,2021-12-10,2021-12-20,-0.0304615698955996,2021,2021-09-30,learned_order_extension,20260910,0.7127853642895705,0.7127853642895705,1,0
fixed_transform_step100,2646,2021-12-17,2021-12-27,-0.0034083287233763,2021,2021-09-30,learned_order_extension,20260910,0.7495989969691801,0.7495989969691801,1,0
fixed_transform_step100,2651,2021-12-24,2022-01-04,0.0080985736506613,2021,2021-09-30,learned_order_extension,20260910,0.8349118949628591,0.8349118949628591,1,1
fixed_transform_step100,2656,2021-12-31,2022-01-10,-0.0293970528320001,2021,2021-09-30,learned_order_extension,20260910,0.78606044566906,0.78606044566906,1,0
fixed_transform_step100,2596,2021-10-08,2021-10-18,-0.0038006269617851,2021,2021-09-30,learned_order_offset,20260910,0.7051343939777492,0.7051343939777492,1,0
fixed_transform_step100,2601,2021-10-15,2021-10-25,0.0037358989621147,2021,2021-09-30,learned_order_offset,20260910,0.7303451912015035,0.7303451912015035,1,1
fixed_transform_step100,2606,2021-10-22,2021-11-01,-0.0127041632091318,2021,2021-09-30,learned_order_offset,20260910,0.6354739006993304,0.6354739006993304,1,0
fixed_transform_step100,2611,2021-10-29,2021-11-08,-0.0075807737801166,2021,2021-09-30,learned_order_offset,20260910,0.7057028831625746,0.7057028831625746,1,0
fixed_transform_step100,2616,2021-11-05,2021-11-15,0.0110015182343039,2021,2021-09-30,learned_order_offset,20260910,0.792673713454861,0.792673713454861,1,1
fixed_transform_step100,2621,2021-11-12,2021-11-22,0.0002002284238551,2021,2021-09-30,learned_order_offset,20260910,0.7865629278227478,0.7865629278227478,1,1
fixed_transform_step100,2626,2021-11-19,2021-11-29,-0.0153981603100059,2021,2021-09-30,learned_order_offset,20260910,0.843309625382163,0.843309625382163,1,0
fixed_transform_step100,2631,2021-11-26,2021-12-06,0.0185518287306458,2021,2021-09-30,learned_order_offset,20260910,0.8090520981078279,0.8090520981078279,1,1
fixed_transform_step100,2636,2021-12-03,2021-12-13,0.0367843110096284,2021,2021-09-30,learned_order_offset,20260910,0.7944784603307335,0.7944784603307335,1,1
fixed_transform_step100,2641,2021-12-10,2021-12-20,-0.0304615698955996,2021,2021-09-30,learned_order_offset,20260910,0.7119104094193511,0.7119104094193511,1,0
fixed_transform_step100,2646,2021-12-17,2021-12-27,-0.0034083287233763,2021,2021-09-30,learned_order_offset,20260910,0.7495529082893424,0.7495529082893424,1,0
fixed_transform_step100,2651,2021-12-24,2022-01-04,0.0080985736506613,2021,2021-09-30,learned_order_offset,20260910,0.8348393584603053,0.8348393584603053,1,1
fixed_transform_step100,2656,2021-12-31,2022-01-10,-0.0293970528320001,2021,2021-09-30,learned_order_offset,20260910,0.7862118776424646,0.7862118776424646,1,0
fixed_transform_step100,2596,2021-10-08,2021-10-18,-0.0038006269617851,2021,2021-09-30,learned_market,20260911,0.8109358133471466,0.8109358133471466,1,0
fixed_transform_step100,2601,2021-10-15,2021-10-25,0.0037358989621147,2021,2021-09-30,learned_market,20260911,0.7160170374395846,0.7160170374395846,1,1
fixed_transform_step100,2606,2021-10-22,2021-11-01,-0.0127041632091318,2021,2021-09-30,learned_market,20260911,0.5605221332411164,0.5605221332411164,1,0
fixed_transform_step100,2611,2021-10-29,2021-11-08,-0.0075807737801166,2021,2021-09-30,learned_market,20260911,0.7743531209978665,0.7743531209978665,1,0
fixed_transform_step100,2616,2021-11-05,2021-11-15,0.0110015182343039,2021,2021-09-30,learned_market,20260911,0.7247583771167756,0.7247583771167756,1,1
fixed_transform_step100,2621,2021-11-12,2021-11-22,0.0002002284238551,2021,2021-09-30,learned_market,20260911,0.7750650455672604,0.7750650455672604,1,1
fixed_transform_step100,2626,2021-11-19,2021-11-29,-0.0153981603100059,2021,2021-09-30,learned_market,20260911,0.693418771222036,0.693418771222036,1,0
fixed_transform_step100,2631,2021-11-26,2021-12-06,0.0185518287306458,2021,2021-09-30,learned_market,20260911,0.8211886271617632,0.8211886271617632,1,1
fixed_transform_step100,2636,2021-12-03,2021-12-13,0.0367843110096284,2021,2021-09-30,learned_market,20260911,0.6052503509774348,0.6052503509774348,1,1
fixed_transform_step100,2641,2021-12-10,2021-12-20,-0.0304615698955996,2021,2021-09-30,learned_market,20260911,0.6241844991901683,0.6241844991901683,1,0
fixed_transform_step100,2646,2021-12-17,2021-12-27,-0.0034083287233763,2021,2021-09-30,learned_market,20260911,0.7357201990964911,0.7357201990964911,1,0
fixed_transform_step100,2651,2021-12-24,2022-01-04,0.0080985736506613,2021,2021-09-30,learned_market,20260911,0.6441824127426246,0.6441824127426246,1,1
fixed_transform_step100,2656,2021-12-31,2022-01-10,-0.0293970528320001,2021,2021-09-30,learned_market,20260911,0.706268298838456,0.706268298838456,1,0
fixed_transform_step100,2596,2021-10-08,2021-10-18,-0.0038006269617851,2021,2021-09-30,learned_vol_interaction,20260911,0.8134431363929752,0.8134431363929752,1,0
fixed_transform_step100,2601,2021-10-15,2021-10-25,0.0037358989621147,2021,2021-09-30,learned_vol_interaction,20260911,0.718198042760955,0.718198042760955,1,1
fixed_transform_step100,2606,2021-10-22,2021-11-01,-0.0127041632091318,2021,2021-09-30,learned_vol_interaction,20260911,0.5608158537037177,0.5608158537037177,1,0
fixed_transform_step100,2611,2021-10-29,2021-11-08,-0.0075807737801166,2021,2021-09-30,learned_vol_interaction,20260911,0.7793883450811896,0.7793883450811896,1,0
fixed_transform_step100,2616,2021-11-05,2021-11-15,0.0110015182343039,2021,2021-09-30,learned_vol_interaction,20260911,0.7280829281711789,0.7280829281711789,1,1
fixed_transform_step100,2621,2021-11-12,2021-11-22,0.0002002284238551,2021,2021-09-30,learned_vol_interaction,20260911,0.7786941243523442,0.7786941243523442,1,1
fixed_transform_step100,2626,2021-11-19,2021-11-29,-0.0153981603100059,2021,2021-09-30,learned_vol_interaction,20260911,0.6926309105565807,0.6926309105565807,1,0
fixed_transform_step100,2631,2021-11-26,2021-12-06,0.0185518287306458,2021,2021-09-30,learned_vol_interaction,20260911,0.8270020661468419,0.8270020661468419,1,1
fixed_transform_step100,2636,2021-12-03,2021-12-13,0.0367843110096284,2021,2021-09-30,learned_vol_interaction,20260911,0.6108562836939022,0.6108562836939022,1,1
fixed_transform_step100,2641,2021-12-10,2021-12-20,-0.0304615698955996,2021,2021-09-30,learned_vol_interaction,20260911,0.6294240892609271,0.6294240892609271,1,0
fixed_transform_step100,2646,2021-12-17,2021-12-27,-0.0034083287233763,2021,2021-09-30,learned_vol_interaction,20260911,0.7409522255942141,0.7409522255942141,1,0
fixed_transform_step100,2651,2021-12-24,2022-01-04,0.0080985736506613,2021,2021-09-30,learned_vol_interaction,20260911,0.6450420361286956,0.6450420361286956,1,1
fixed_transform_step100,2656,2021-12-31,2022-01-10,-0.0293970528320001,2021,2021-09-30,learned_vol_interaction,20260911,0.7105144256129667,0.7105144256129667,1,0
fixed_transform_step100,2596,2021-10-08,2021-10-18,-0.0038006269617851,2021,2021-09-30,learned_order_extension,20260911,0.8336896514884542,0.8336896514884542,1,0
fixed_transform_step100,2601,2021-10-15,2021-10-25,0.0037358989621147,2021,2021-09-30,learned_order_extension,20260911,0.7412951300317657,0.7412951300317657,1,1
fixed_transform_step100,2606,2021-10-22,2021-11-01,-0.0127041632091318,2021,2021-09-30,learned_order_extension,20260911,0.5647593324533534,0.5647593324533534,1,0
fixed_transform_step100,2611,2021-10-29,2021-11-08,-0.0075807737801166,2021,2021-09-30,learned_order_extension,20260911,0.8071577566810757,0.8071577566810757,1,0
fixed_transform_step100,2616,2021-11-05,2021-11-15,0.0110015182343039,2021,2021-09-30,learned_order_extension,20260911,0.7482024559145818,0.7482024559145818,1,1
fixed_transform_step100,2621,2021-11-12,2021-11-22,0.0002002284238551,2021,2021-09-30,learned_order_extension,20260911,0.8142336311232893,0.8142336311232893,1,1
fixed_transform_step100,2626,2021-11-19,2021-11-29,-0.0153981603100059,2021,2021-09-30,learned_order_extension,20260911,0.7185355379271415,0.7185355379271415,1,0
fixed_transform_step100,2631,2021-11-26,2021-12-06,0.0185518287306458,2021,2021-09-30,learned_order_extension,20260911,0.8552849896619773,0.8552849896619773,1,1
fixed_transform_step100,2636,2021-12-03,2021-12-13,0.0367843110096284,2021,2021-09-30,learned_order_extension,20260911,0.6192345802775548,0.6192345802775548,1,1
fixed_transform_step100,2641,2021-12-10,2021-12-20,-0.0304615698955996,2021,2021-09-30,learned_order_extension,20260911,0.6420388109464034,0.6420388109464034,1,0
fixed_transform_step100,2646,2021-12-17,2021-12-27,-0.0034083287233763,2021,2021-09-30,learned_order_extension,20260911,0.7752481491968322,0.7752481491968322,1,0
fixed_transform_step100,2651,2021-12-24,2022-01-04,0.0080985736506613,2021,2021-09-30,learned_order_extension,20260911,0.6495075061658819,0.6495075061658819,1,1
fixed_transform_step100,2656,2021-12-31,2022-01-10,-0.0293970528320001,2021,2021-09-30,learned_order_extension,20260911,0.7325367353578653,0.7325367353578653,1,0
fixed_transform_step100,2596,2021-10-08,2021-10-18,-0.0038006269617851,2021,2021-09-30,learned_order_offset,20260911,0.8346887740469449,0.8346887740469449,1,0
fixed_transform_step100,2601,2021-10-15,2021-10-25,0.0037358989621147,2021,2021-09-30,learned_order_offset,20260911,0.7428529680807782,0.7428529680807782,1,1
fixed_transform_step100,2606,2021-10-22,2021-11-01,-0.0127041632091318,2021,2021-09-30,learned_order_offset,20260911,0.5665271275408417,0.5665271275408417,1,0
fixed_transform_step100,2611,2021-10-29,2021-11-08,-0.0075807737801166,2021,2021-09-30,learned_order_offset,20260911,0.8086660748172952,0.8086660748172952,1,0
fixed_transform_step100,2616,2021-11-05,2021-11-15,0.0110015182343039,2021,2021-09-30,learned_order_offset,20260911,0.7482874881031527,0.7482874881031527,1,1
fixed_transform_step100,2621,2021-11-12,2021-11-22,0.0002002284238551,2021,2021-09-30,learned_order_offset,20260911,0.814007838013468,0.814007838013468,1,1
fixed_transform_step100,2626,2021-11-19,2021-11-29,-0.0153981603100059,2021,2021-09-30,learned_order_offset,20260911,0.7182039353542597,0.7182039353542597,1,0
fixed_transform_step100,2631,2021-11-26,2021-12-06,0.0185518287306458,2021,2021-09-30,learned_order_offset,20260911,0.8558487016473503,0.8558487016473503,1,1
fixed_transform_step100,2636,2021-12-03,2021-12-13,0.0367843110096284,2021,2021-09-30,learned_order_offset,20260911,0.6212627293690417,0.6212627293690417,1,1
fixed_transform_step100,2641,2021-12-10,2021-12-20,-0.0304615698955996,2021,2021-09-30,learned_order_offset,20260911,0.642886336286532,0.642886336286532,1,0
fixed_transform_step100,2646,2021-12-17,2021-12-27,-0.0034083287233763,2021,2021-09-30,learned_order_offset,20260911,0.7751930676457922,0.7751930676457922,1,0
fixed_transform_step100,2651,2021-12-24,2022-01-04,0.0080985736506613,2021,2021-09-30,learned_order_offset,20260911,0.6485903245866281,0.6485903245866281,1,1
fixed_transform_step100,2656,2021-12-31,2022-01-10,-0.0293970528320001,2021,2021-09-30,learned_order_offset,20260911,0.7331136806877524,0.7331136806877524,1,0
fixed_transform_step100,2596,2021-10-08,2021-10-18,-0.0038006269617851,2021,2021-09-30,learned_market,20260912,0.6809831744972639,0.6809831744972639,1,0
fixed_transform_step100,2601,2021-10-15,2021-10-25,0.0037358989621147,2021,2021-09-30,learned_market,20260912,0.45422802813278224,0.45422802813278224,0,1
fixed_transform_step100,2606,2021-10-22,2021-11-01,-0.0127041632091318,2021,2021-09-30,learned_market,20260912,0.5859105732251884,0.5859105732251884,1,0
fixed_transform_step100,2611,2021-10-29,2021-11-08,-0.0075807737801166,2021,2021-09-30,learned_market,20260912,0.4616186492388085,0.4616186492388085,0,0
fixed_transform_step100,2616,2021-11-05,2021-11-15,0.0110015182343039,2021,2021-09-30,learned_market,20260912,0.4827574898991771,0.4827574898991771,0,1
fixed_transform_step100,2621,2021-11-12,2021-11-22,0.0002002284238551,2021,2021-09-30,learned_market,20260912,0.5609342157211662,0.5609342157211662,1,1
fixed_transform_step100,2626,2021-11-19,2021-11-29,-0.0153981603100059,2021,2021-09-30,learned_market,20260912,0.7204691004818002,0.7204691004818002,1,0
fixed_transform_step100,2631,2021-11-26,2021-12-06,0.0185518287306458,2021,2021-09-30,learned_market,20260912,0.4401761125076062,0.4401761125076062,0,1
fixed_transform_step100,2636,2021-12-03,2021-12-13,0.0367843110096284,2021,2021-09-30,learned_market,20260912,0.48167555886678365,0.48167555886678365,0,1
fixed_transform_step100,2641,2021-12-10,2021-12-20,-0.0304615698955996,2021,2021-09-30,learned_market,20260912,0.5247538284697796,0.5247538284697796,1,0
fixed_transform_step100,2646,2021-12-17,2021-12-27,-0.0034083287233763,2021,2021-09-30,learned_market,20260912,0.6131871089471966,0.6131871089471966,1,0
fixed_transform_step100,2651,2021-12-24,2022-01-04,0.0080985736506613,2021,2021-09-30,learned_market,20260912,0.46834383864631973,0.46834383864631973,0,1
fixed_transform_step100,2656,2021-12-31,2022-01-10,-0.0293970528320001,2021,2021-09-30,learned_market,20260912,0.5520095259029444,0.5520095259029444,1,0
fixed_transform_step100,2596,2021-10-08,2021-10-18,-0.0038006269617851,2021,2021-09-30,learned_vol_interaction,20260912,0.6810399856675547,0.6810399856675547,1,0
fixed_transform_step100,2601,2021-10-15,2021-10-25,0.0037358989621147,2021,2021-09-30,learned_vol_interaction,20260912,0.4541621226484295,0.4541621226484295,0,1
fixed_transform_step100,2606,2021-10-22,2021-11-01,-0.0127041632091318,2021,2021-09-30,learned_vol_interaction,20260912,0.5860506730074153,0.5860506730074153,1,0
fixed_transform_step100,2611,2021-10-29,2021-11-08,-0.0075807737801166,2021,2021-09-30,learned_vol_interaction,20260912,0.4613994518917785,0.4613994518917785,0,0
fixed_transform_step100,2616,2021-11-05,2021-11-15,0.0110015182343039,2021,2021-09-30,learned_vol_interaction,20260912,0.48242006322597863,0.48242006322597863,0,1
fixed_transform_step100,2621,2021-11-12,2021-11-22,0.0002002284238551,2021,2021-09-30,learned_vol_interaction,20260912,0.5609997747715029,0.5609997747715029,1,1
fixed_transform_step100,2626,2021-11-19,2021-11-29,-0.0153981603100059,2021,2021-09-30,learned_vol_interaction,20260912,0.7205125437835085,0.7205125437835085,1,0
fixed_transform_step100,2631,2021-11-26,2021-12-06,0.0185518287306458,2021,2021-09-30,learned_vol_interaction,20260912,0.4398042165592868,0.4398042165592868,0,1
fixed_transform_step100,2636,2021-12-03,2021-12-13,0.0367843110096284,2021,2021-09-30,learned_vol_interaction,20260912,0.48103262596031027,0.48103262596031027,0,1
fixed_transform_step100,2641,2021-12-10,2021-12-20,-0.0304615698955996,2021,2021-09-30,learned_vol_interaction,20260912,0.5247474021161301,0.5247474021161301,1,0
fixed_transform_step100,2646,2021-12-17,2021-12-27,-0.0034083287233763,2021,2021-09-30,learned_vol_interaction,20260912,0.6131495835508137,0.6131495835508137,1,0
fixed_transform_step100,2651,2021-12-24,2022-01-04,0.0080985736506613,2021,2021-09-30,learned_vol_interaction,20260912,0.46806026969910647,0.46806026969910647,0,1
fixed_transform_step100,2656,2021-12-31,2022-01-10,-0.0293970528320001,2021,2021-09-30,learned_vol_interaction,20260912,0.5518931795941511,0.5518931795941511,1,0
fixed_transform_step100,2596,2021-10-08,2021-10-18,-0.0038006269617851,2021,2021-09-30,learned_order_extension,20260912,0.6791158851924346,0.6791158851924346,1,0
fixed_transform_step100,2601,2021-10-15,2021-10-25,0.0037358989621147,2021,2021-09-30,learned_order_extension,20260912,0.45988955132002396,0.45988955132002396,0,1
fixed_transform_step100,2606,2021-10-22,2021-11-01,-0.0127041632091318,2021,2021-09-30,learned_order_extension,20260912,0.58658306863729,0.58658306863729,1,0
fixed_transform_step100,2611,2021-10-29,2021-11-08,-0.0075807737801166,2021,2021-09-30,learned_order_extension,20260912,0.4676733799071783,0.4676733799071783,0,0
fixed_transform_step100,2616,2021-11-05,2021-11-15,0.0110015182343039,2021,2021-09-30,learned_order_extension,20260912,0.49074947938298114,0.49074947938298114,0,1
fixed_transform_step100,2621,2021-11-12,2021-11-22,0.0002002284238551,2021,2021-09-30,learned_order_extension,20260912,0.5593930322920933,0.5593930322920933,1,1
fixed_transform_step100,2626,2021-11-19,2021-11-29,-0.0153981603100059,2021,2021-09-30,learned_order_extension,20260912,0.7148341539483947,0.7148341539483947,1,0
fixed_transform_step100,2631,2021-11-26,2021-12-06,0.0185518287306458,2021,2021-09-30,learned_order_extension,20260912,0.45779256275450975,0.45779256275450975,0,1
fixed_transform_step100,2636,2021-12-03,2021-12-13,0.0367843110096284,2021,2021-09-30,learned_order_extension,20260912,0.4904827379706974,0.4904827379706974,0,1
fixed_transform_step100,2641,2021-12-10,2021-12-20,-0.0304615698955996,2021,2021-09-30,learned_order_extension,20260912,0.5238322917085093,0.5238322917085093,1,0
fixed_transform_step100,2646,2021-12-17,2021-12-27,-0.0034083287233763,2021,2021-09-30,learned_order_extension,20260912,0.6159008366961741,0.6159008366961741,1,0
fixed_transform_step100,2651,2021-12-24,2022-01-04,0.0080985736506613,2021,2021-09-30,learned_order_extension,20260912,0.47810811613587406,0.47810811613587406,0,1
fixed_transform_step100,2656,2021-12-31,2022-01-10,-0.0293970528320001,2021,2021-09-30,learned_order_extension,20260912,0.5487570611657762,0.5487570611657762,1,0
fixed_transform_step100,2596,2021-10-08,2021-10-18,-0.0038006269617851,2021,2021-09-30,learned_order_offset,20260912,0.677955285318788,0.677955285318788,1,0
fixed_transform_step100,2601,2021-10-15,2021-10-25,0.0037358989621147,2021,2021-09-30,learned_order_offset,20260912,0.45905951154357716,0.45905951154357716,0,1
fixed_transform_step100,2606,2021-10-22,2021-11-01,-0.0127041632091318,2021,2021-09-30,learned_order_offset,20260912,0.5861030010398441,0.5861030010398441,1,0
fixed_transform_step100,2611,2021-10-29,2021-11-08,-0.0075807737801166,2021,2021-09-30,learned_order_offset,20260912,0.4666398042204026,0.4666398042204026,0,0
fixed_transform_step100,2616,2021-11-05,2021-11-15,0.0110015182343039,2021,2021-09-30,learned_order_offset,20260912,0.4913582721423563,0.4913582721423563,0,1
fixed_transform_step100,2621,2021-11-12,2021-11-22,0.0002002284238551,2021,2021-09-30,learned_order_offset,20260912,0.5605403603224665,0.5605403603224665,1,1
fixed_transform_step100,2626,2021-11-19,2021-11-29,-0.0153981603100059,2021,2021-09-30,learned_order_offset,20260912,0.7153240283456407,0.7153240283456407,1,0
fixed_transform_step100,2631,2021-11-26,2021-12-06,0.0185518287306458,2021,2021-09-30,learned_order_offset,20260912,0.4574114079416587,0.4574114079416587,0,1
fixed_transform_step100,2636,2021-12-03,2021-12-13,0.0367843110096284,2021,2021-09-30,learned_order_offset,20260912,0.4918102857176264,0.4918102857176264,0,1
fixed_transform_step100,2641,2021-12-10,2021-12-20,-0.0304615698955996,2021,2021-09-30,learned_order_offset,20260912,0.5243858065314672,0.5243858065314672,1,0
fixed_transform_step100,2646,2021-12-17,2021-12-27,-0.0034083287233763,2021,2021-09-30,learned_order_offset,20260912,0.6174988812105936,0.6174988812105936,1,0
fixed_transform_step100,2651,2021-12-24,2022-01-04,0.0080985736506613,2021,2021-09-30,learned_order_offset,20260912,0.47968143497469745,0.47968143497469745,0,1
fixed_transform_step100,2656,2021-12-31,2022-01-10,-0.0293970528320001,2021,2021-09-30,learned_order_offset,20260912,0.5497659253070997,0.5497659253070997,1,0
fixed_transform_step100,2660,2022-01-07,2022-01-17,-0.0173453887283024,2022,2021-12-31,learned_market,20260910,0.5688001187262542,0.5688001187262542,1,0
fixed_transform_step100,2665,2022-01-14,2022-01-24,0.0053248631776616,2022,2021-12-31,learned_market,20260910,0.6536697221556952,0.6536697221556952,1,1
fixed_transform_step100,2670,2022-01-21,2022-02-07,-0.0242661876254222,2022,2021-12-31,learned_market,20260910,0.667180452286777,0.667180452286777,1,0
fixed_transform_step100,2675,2022-01-28,2022-02-14,-0.0127539031341488,2022,2021-12-31,learned_market,20260910,0.6821990081341186,0.6821990081341186,1,0
fixed_transform_step100,2680,2022-02-11,2022-02-21,0.0145498774954033,2022,2021-12-31,learned_market,20260910,0.6685932622029157,0.6685932622029157,1,1
fixed_transform_step100,2685,2022-02-18,2022-02-28,-0.0177161244498015,2022,2021-12-31,learned_market,20260910,0.721020181747073,0.721020181747073,1,0
fixed_transform_step100,2690,2022-02-25,2022-03-07,-0.0221791776043331,2022,2021-12-31,learned_market,20260910,0.6720256213340763,0.6720256213340763,1,0
fixed_transform_step100,2695,2022-03-04,2022-03-14,-0.0480378799422749,2022,2021-12-31,learned_market,20260910,0.6491632424244927,0.6491632424244927,1,0
fixed_transform_step100,2700,2022-03-11,2022-03-21,0.007530336734814,2022,2021-12-31,learned_market,20260910,0.7072260560701839,0.7072260560701839,1,1
fixed_transform_step100,2705,2022-03-18,2022-03-28,-0.0353493110038457,2022,2021-12-31,learned_market,20260910,0.680562718896786,0.680562718896786,1,0
fixed_transform_step100,2710,2022-03-25,2022-04-06,0.0314834190717003,2022,2021-12-31,learned_market,20260910,0.7149297850291989,0.7149297850291989,1,1
fixed_transform_step100,2660,2022-01-07,2022-01-17,-0.0173453887283024,2022,2021-12-31,learned_vol_interaction,20260910,0.5831076461801695,0.5831076461801695,1,0
fixed_transform_step100,2665,2022-01-14,2022-01-24,0.0053248631776616,2022,2021-12-31,learned_vol_interaction,20260910,0.6744765119030697,0.6744765119030697,1,1
fixed_transform_step100,2670,2022-01-21,2022-02-07,-0.0242661876254222,2022,2021-12-31,learned_vol_interaction,20260910,0.6652743592454685,0.6652743592454685,1,0
fixed_transform_step100,2675,2022-01-28,2022-02-14,-0.0127539031341488,2022,2021-12-31,learned_vol_interaction,20260910,0.6916788990216658,0.6916788990216658,1,0
fixed_transform_step100,2680,2022-02-11,2022-02-21,0.0145498774954033,2022,2021-12-31,learned_vol_interaction,20260910,0.6656475068815167,0.6656475068815167,1,1
fixed_transform_step100,2685,2022-02-18,2022-02-28,-0.0177161244498015,2022,2021-12-31,learned_vol_interaction,20260910,0.7192657526415306,0.7192657526415306,1,0
fixed_transform_step100,2690,2022-02-25,2022-03-07,-0.0221791776043331,2022,2021-12-31,learned_vol_interaction,20260910,0.665128795190077,0.665128795190077,1,0
fixed_transform_step100,2695,2022-03-04,2022-03-14,-0.0480378799422749,2022,2021-12-31,learned_vol_interaction,20260910,0.6570221213989423,0.6570221213989423,1,0
fixed_transform_step100,2700,2022-03-11,2022-03-21,0.007530336734814,2022,2021-12-31,learned_vol_interaction,20260910,0.7032750021899432,0.7032750021899432,1,1
fixed_transform_step100,2705,2022-03-18,2022-03-28,-0.0353493110038457,2022,2021-12-31,learned_vol_interaction,20260910,0.6524086529307518,0.6524086529307518,1,0
fixed_transform_step100,2710,2022-03-25,2022-04-06,0.0314834190717003,2022,2021-12-31,learned_vol_interaction,20260910,0.6942468524177501,0.6942468524177501,1,1
fixed_transform_step100,2660,2022-01-07,2022-01-17,-0.0173453887283024,2022,2021-12-31,learned_order_extension,20260910,0.566864392886939,0.566864392886939,1,0
fixed_transform_step100,2665,2022-01-14,2022-01-24,0.0053248631776616,2022,2021-12-31,learned_order_extension,20260910,0.6690763940918765,0.6690763940918765,1,1
fixed_transform_step100,2670,2022-01-21,2022-02-07,-0.0242661876254222,2022,2021-12-31,learned_order_extension,20260910,0.6566842946116621,0.6566842946116621,1,0
fixed_transform_step100,2675,2022-01-28,2022-02-14,-0.0127539031341488,2022,2021-12-31,learned_order_extension,20260910,0.668769824144909,0.668769824144909,1,0
fixed_transform_step100,2680,2022-02-11,2022-02-21,0.0145498774954033,2022,2021-12-31,learned_order_extension,20260910,0.6554002636047295,0.6554002636047295,1,1
fixed_transform_step100,2685,2022-02-18,2022-02-28,-0.0177161244498015,2022,2021-12-31,learned_order_extension,20260910,0.7136098531605942,0.7136098531605942,1,0
fixed_transform_step100,2690,2022-02-25,2022-03-07,-0.0221791776043331,2022,2021-12-31,learned_order_extension,20260910,0.6487731912125562,0.6487731912125562,1,0
fixed_transform_step100,2695,2022-03-04,2022-03-14,-0.0480378799422749,2022,2021-12-31,learned_order_extension,20260910,0.6318792296674466,0.6318792296674466,1,0
fixed_transform_step100,2700,2022-03-11,2022-03-21,0.007530336734814,2022,2021-12-31,learned_order_extension,20260910,0.6914869969738268,0.6914869969738268,1,1
fixed_transform_step100,2705,2022-03-18,2022-03-28,-0.0353493110038457,2022,2021-12-31,learned_order_extension,20260910,0.6587542387705517,0.6587542387705517,1,0
fixed_transform_step100,2710,2022-03-25,2022-04-06,0.0314834190717003,2022,2021-12-31,learned_order_extension,20260910,0.6972076913228429,0.6972076913228429,1,1
fixed_transform_step100,2660,2022-01-07,2022-01-17,-0.0173453887283024,2022,2021-12-31,learned_order_offset,20260910,0.5666647543526758,0.5666647543526758,1,0
fixed_transform_step100,2665,2022-01-14,2022-01-24,0.0053248631776616,2022,2021-12-31,learned_order_offset,20260910,0.6685371525240916,0.6685371525240916,1,1
fixed_transform_step100,2670,2022-01-21,2022-02-07,-0.0242661876254222,2022,2021-12-31,learned_order_offset,20260910,0.6567323025522784,0.6567323025522784,1,0
fixed_transform_step100,2675,2022-01-28,2022-02-14,-0.0127539031341488,2022,2021-12-31,learned_order_offset,20260910,0.6683313210695451,0.6683313210695451,1,0
fixed_transform_step100,2680,2022-02-11,2022-02-21,0.0145498774954033,2022,2021-12-31,learned_order_offset,20260910,0.6551608348224088,0.6551608348224088,1,1
fixed_transform_step100,2685,2022-02-18,2022-02-28,-0.0177161244498015,2022,2021-12-31,learned_order_offset,20260910,0.713244067556852,0.713244067556852,1,0
fixed_transform_step100,2690,2022-02-25,2022-03-07,-0.0221791776043331,2022,2021-12-31,learned_order_offset,20260910,0.6484724441889236,0.6484724441889236,1,0
fixed_transform_step100,2695,2022-03-04,2022-03-14,-0.0480378799422749,2022,2021-12-31,learned_order_offset,20260910,0.6314504954417829,0.6314504954417829,1,0
fixed_transform_step100,2700,2022-03-11,2022-03-21,0.007530336734814,2022,2021-12-31,learned_order_offset,20260910,0.691194443082509,0.691194443082509,1,1
fixed_transform_step100,2705,2022-03-18,2022-03-28,-0.0353493110038457,2022,2021-12-31,learned_order_offset,20260910,0.6583803934930407,0.6583803934930407,1,0
fixed_transform_step100,2710,2022-03-25,2022-04-06,0.0314834190717003,2022,2021-12-31,learned_order_offset,20260910,0.696855601595334,0.696855601595334,1,1
fixed_transform_step100,2660,2022-01-07,2022-01-17,-0.0173453887283024,2022,2021-12-31,learned_market,20260911,0.7294539059117436,0.7294539059117436,1,0
fixed_transform_step100,2665,2022-01-14,2022-01-24,0.0053248631776616,2022,2021-12-31,learned_market,20260911,0.8407883156513567,0.8407883156513567,1,1
fixed_transform_step100,2670,2022-01-21,2022-02-07,-0.0242661876254222,2022,2021-12-31,learned_market,20260911,0.6706767764059957,0.6706767764059957,1,0
fixed_transform_step100,2675,2022-01-28,2022-02-14,-0.0127539031341488,2022,2021-12-31,learned_market,20260911,0.49396242770649035,0.49396242770649035,0,0
fixed_transform_step100,2680,2022-02-11,2022-02-21,0.0145498774954033,2022,2021-12-31,learned_market,20260911,0.6718433913580089,0.6718433913580089,1,1
fixed_transform_step100,2685,2022-02-18,2022-02-28,-0.0177161244498015,2022,2021-12-31,learned_market,20260911,0.5840107527473801,0.5840107527473801,1,0
fixed_transform_step100,2690,2022-02-25,2022-03-07,-0.0221791776043331,2022,2021-12-31,learned_market,20260911,0.59915482742086,0.59915482742086,1,0
fixed_transform_step100,2695,2022-03-04,2022-03-14,-0.0480378799422749,2022,2021-12-31,learned_market,20260911,0.64751535974218,0.64751535974218,1,0
fixed_transform_step100,2700,2022-03-11,2022-03-21,0.007530336734814,2022,2021-12-31,learned_market,20260911,0.6601858855959774,0.6601858855959774,1,1
fixed_transform_step100,2705,2022-03-18,2022-03-28,-0.0353493110038457,2022,2021-12-31,learned_market,20260911,0.5676194322684474,0.5676194322684474,1,0
fixed_transform_step100,2710,2022-03-25,2022-04-06,0.0314834190717003,2022,2021-12-31,learned_market,20260911,0.7331434681165004,0.7331434681165004,1,1
fixed_transform_step100,2660,2022-01-07,2022-01-17,-0.0173453887283024,2022,2021-12-31,learned_vol_interaction,20260911,0.7282516722944598,0.7282516722944598,1,0
fixed_transform_step100,2665,2022-01-14,2022-01-24,0.0053248631776616,2022,2021-12-31,learned_vol_interaction,20260911,0.8368717958263094,0.8368717958263094,1,1
fixed_transform_step100,2670,2022-01-21,2022-02-07,-0.0242661876254222,2022,2021-12-31,learned_vol_interaction,20260911,0.669613908132946,0.669613908132946,1,0
fixed_transform_step100,2675,2022-01-28,2022-02-14,-0.0127539031341488,2022,2021-12-31,learned_vol_interaction,20260911,0.49771804856397844,0.49771804856397844,0,0
fixed_transform_step100,2680,2022-02-11,2022-02-21,0.0145498774954033,2022,2021-12-31,learned_vol_interaction,20260911,0.6694625883349451,0.6694625883349451,1,1
fixed_transform_step100,2685,2022-02-18,2022-02-28,-0.0177161244498015,2022,2021-12-31,learned_vol_interaction,20260911,0.5867879452577756,0.5867879452577756,1,0
fixed_transform_step100,2690,2022-02-25,2022-03-07,-0.0221791776043331,2022,2021-12-31,learned_vol_interaction,20260911,0.6015705830845076,0.6015705830845076,1,0
fixed_transform_step100,2695,2022-03-04,2022-03-14,-0.0480378799422749,2022,2021-12-31,learned_vol_interaction,20260911,0.6516108393132726,0.6516108393132726,1,0
fixed_transform_step100,2700,2022-03-11,2022-03-21,0.007530336734814,2022,2021-12-31,learned_vol_interaction,20260911,0.6653311044961694,0.6653311044961694,1,1
fixed_transform_step100,2705,2022-03-18,2022-03-28,-0.0353493110038457,2022,2021-12-31,learned_vol_interaction,20260911,0.567250973729041,0.567250973729041,1,0
fixed_transform_step100,2710,2022-03-25,2022-04-06,0.0314834190717003,2022,2021-12-31,learned_vol_interaction,20260911,0.7397988804119464,0.7397988804119464,1,1
fixed_transform_step100,2660,2022-01-07,2022-01-17,-0.0173453887283024,2022,2021-12-31,learned_order_extension,20260911,0.7315565762281606,0.7315565762281606,1,0
fixed_transform_step100,2665,2022-01-14,2022-01-24,0.0053248631776616,2022,2021-12-31,learned_order_extension,20260911,0.8308708352808971,0.8308708352808971,1,1
fixed_transform_step100,2670,2022-01-21,2022-02-07,-0.0242661876254222,2022,2021-12-31,learned_order_extension,20260911,0.6953405747399578,0.6953405747399578,1,0
fixed_transform_step100,2675,2022-01-28,2022-02-14,-0.0127539031341488,2022,2021-12-31,learned_order_extension,20260911,0.47011278529334005,0.47011278529334005,0,0
fixed_transform_step100,2680,2022-02-11,2022-02-21,0.0145498774954033,2022,2021-12-31,learned_order_extension,20260911,0.6818533435255958,0.6818533435255958,1,1
fixed_transform_step100,2685,2022-02-18,2022-02-28,-0.0177161244498015,2022,2021-12-31,learned_order_extension,20260911,0.5955146443753425,0.5955146443753425,1,0
fixed_transform_step100,2690,2022-02-25,2022-03-07,-0.0221791776043331,2022,2021-12-31,learned_order_extension,20260911,0.609831009331646,0.609831009331646,1,0
fixed_transform_step100,2695,2022-03-04,2022-03-14,-0.0480378799422749,2022,2021-12-31,learned_order_extension,20260911,0.6608881864634962,0.6608881864634962,1,0
fixed_transform_step100,2700,2022-03-11,2022-03-21,0.007530336734814,2022,2021-12-31,learned_order_extension,20260911,0.667203580437131,0.667203580437131,1,1
fixed_transform_step100,2705,2022-03-18,2022-03-28,-0.0353493110038457,2022,2021-12-31,learned_order_extension,20260911,0.5665388063290007,0.5665388063290007,1,0
fixed_transform_step100,2710,2022-03-25,2022-04-06,0.0314834190717003,2022,2021-12-31,learned_order_extension,20260911,0.7315317518580224,0.7315317518580224,1,1
fixed_transform_step100,2660,2022-01-07,2022-01-17,-0.0173453887283024,2022,2021-12-31,learned_order_offset,20260911,0.7303915631000331,0.7303915631000331,1,0
fixed_transform_step100,2665,2022-01-14,2022-01-24,0.0053248631776616,2022,2021-12-31,learned_order_offset,20260911,0.8287429062191539,0.8287429062191539,1,1
fixed_transform_step100,2670,2022-01-21,2022-02-07,-0.0242661876254222,2022,2021-12-31,learned_order_offset,20260911,0.6946014374965778,0.6946014374965778,1,0
fixed_transform_step100,2675,2022-01-28,2022-02-14,-0.0127539031341488,2022,2021-12-31,learned_order_offset,20260911,0.47036190476294487,0.47036190476294487,0,0
fixed_transform_step100,2680,2022-02-11,2022-02-21,0.0145498774954033,2022,2021-12-31,learned_order_offset,20260911,0.6802368405234962,0.6802368405234962,1,1
fixed_transform_step100,2685,2022-02-18,2022-02-28,-0.0177161244498015,2022,2021-12-31,learned_order_offset,20260911,0.596796587857382,0.596796587857382,1,0
fixed_transform_step100,2690,2022-02-25,2022-03-07,-0.0221791776043331,2022,2021-12-31,learned_order_offset,20260911,0.6102898323949857,0.6102898323949857,1,0
fixed_transform_step100,2695,2022-03-04,2022-03-14,-0.0480378799422749,2022,2021-12-31,learned_order_offset,20260911,0.6602950267381666,0.6602950267381666,1,0
fixed_transform_step100,2700,2022-03-11,2022-03-21,0.007530336734814,2022,2021-12-31,learned_order_offset,20260911,0.6664417620027226,0.6664417620027226,1,1
fixed_transform_step100,2705,2022-03-18,2022-03-28,-0.0353493110038457,2022,2021-12-31,learned_order_offset,20260911,0.5665934515797131,0.5665934515797131,1,0
fixed_transform_step100,2710,2022-03-25,2022-04-06,0.0314834190717003,2022,2021-12-31,learned_order_offset,20260911,0.7312694881776368,0.7312694881776368,1,1
fixed_transform_step100,2660,2022-01-07,2022-01-17,-0.0173453887283024,2022,2021-12-31,learned_market,20260912,0.7009067848418016,0.7009067848418016,1,0
fixed_transform_step100,2665,2022-01-14,2022-01-24,0.0053248631776616,2022,2021-12-31,learned_market,20260912,0.5203651032719439,0.5203651032719439,1,1
fixed_transform_step100,2670,2022-01-21,2022-02-07,-0.0242661876254222,2022,2021-12-31,learned_market,20260912,0.7176249995689795,0.7176249995689795,1,0
fixed_transform_step100,2675,2022-01-28,2022-02-14,-0.0127539031341488,2022,2021-12-31,learned_market,20260912,0.5468589290358572,0.5468589290358572,1,0
fixed_transform_step100,2680,2022-02-11,2022-02-21,0.0145498774954033,2022,2021-12-31,learned_market,20260912,0.6301827176961465,0.6301827176961465,1,1
fixed_transform_step100,2685,2022-02-18,2022-02-28,-0.0177161244498015,2022,2021-12-31,learned_market,20260912,0.7133251277073638,0.7133251277073638,1,0
fixed_transform_step100,2690,2022-02-25,2022-03-07,-0.0221791776043331,2022,2021-12-31,learned_market,20260912,0.7021196640037924,0.7021196640037924,1,0
fixed_transform_step100,2695,2022-03-04,2022-03-14,-0.0480378799422749,2022,2021-12-31,learned_market,20260912,0.719986373445646,0.719986373445646,1,0
fixed_transform_step100,2700,2022-03-11,2022-03-21,0.007530336734814,2022,2021-12-31,learned_market,20260912,0.6467498960464059,0.6467498960464059,1,1
fixed_transform_step100,2705,2022-03-18,2022-03-28,-0.0353493110038457,2022,2021-12-31,learned_market,20260912,0.6307138428823564,0.6307138428823564,1,0
fixed_transform_step100,2710,2022-03-25,2022-04-06,0.0314834190717003,2022,2021-12-31,learned_market,20260912,0.5581715372656506,0.5581715372656506,1,1
fixed_transform_step100,2660,2022-01-07,2022-01-17,-0.0173453887283024,2022,2021-12-31,learned_vol_interaction,20260912,0.7072606777672634,0.7072606777672634,1,0
fixed_transform_step100,2665,2022-01-14,2022-01-24,0.0053248631776616,2022,2021-12-31,learned_vol_interaction,20260912,0.5232340507750105,0.5232340507750105,1,1
fixed_transform_step100,2670,2022-01-21,2022-02-07,-0.0242661876254222,2022,2021-12-31,learned_vol_interaction,20260912,0.723517227135196,0.723517227135196,1,0
fixed_transform_step100,2675,2022-01-28,2022-02-14,-0.0127539031341488,2022,2021-12-31,learned_vol_interaction,20260912,0.5573504263949657,0.5573504263949657,1,0
fixed_transform_step100,2680,2022-02-11,2022-02-21,0.0145498774954033,2022,2021-12-31,learned_vol_interaction,20260912,0.6206875889696911,0.6206875889696911,1,1
fixed_transform_step100,2685,2022-02-18,2022-02-28,-0.0177161244498015,2022,2021-12-31,learned_vol_interaction,20260912,0.7137718136904925,0.7137718136904925,1,0
fixed_transform_step100,2690,2022-02-25,2022-03-07,-0.0221791776043331,2022,2021-12-31,learned_vol_interaction,20260912,0.6900080859244496,0.6900080859244496,1,0
fixed_transform_step100,2695,2022-03-04,2022-03-14,-0.0480378799422749,2022,2021-12-31,learned_vol_interaction,20260912,0.7251850433232085,0.7251850433232085,1,0
fixed_transform_step100,2700,2022-03-11,2022-03-21,0.007530336734814,2022,2021-12-31,learned_vol_interaction,20260912,0.6323197465308961,0.6323197465308961,1,1
fixed_transform_step100,2705,2022-03-18,2022-03-28,-0.0353493110038457,2022,2021-12-31,learned_vol_interaction,20260912,0.5933343778810724,0.5933343778810724,1,0
fixed_transform_step100,2710,2022-03-25,2022-04-06,0.0314834190717003,2022,2021-12-31,learned_vol_interaction,20260912,0.5562710543563346,0.5562710543563346,1,1
fixed_transform_step100,2660,2022-01-07,2022-01-17,-0.0173453887283024,2022,2021-12-31,learned_order_extension,20260912,0.7021249449389755,0.7021249449389755,1,0
fixed_transform_step100,2665,2022-01-14,2022-01-24,0.0053248631776616,2022,2021-12-31,learned_order_extension,20260912,0.519422850065438,0.519422850065438,1,1
fixed_transform_step100,2670,2022-01-21,2022-02-07,-0.0242661876254222,2022,2021-12-31,learned_order_extension,20260912,0.7149761694840576,0.7149761694840576,1,0
fixed_transform_step100,2675,2022-01-28,2022-02-14,-0.0127539031341488,2022,2021-12-31,learned_order_extension,20260912,0.5563462821352916,0.5563462821352916,1,0
fixed_transform_step100,2680,2022-02-11,2022-02-21,0.0145498774954033,2022,2021-12-31,learned_order_extension,20260912,0.6112227291481532,0.6112227291481532,1,1
fixed_transform_step100,2685,2022-02-18,2022-02-28,-0.0177161244498015,2022,2021-12-31,learned_order_extension,20260912,0.7082710857336353,0.7082710857336353,1,0
fixed_transform_step100,2690,2022-02-25,2022-03-07,-0.0221791776043331,2022,2021-12-31,learned_order_extension,20260912,0.672646545498505,0.672646545498505,1,0
fixed_transform_step100,2695,2022-03-04,2022-03-14,-0.0480378799422749,2022,2021-12-31,learned_order_extension,20260912,0.7063888110552541,0.7063888110552541,1,0
fixed_transform_step100,2700,2022-03-11,2022-03-21,0.007530336734814,2022,2021-12-31,learned_order_extension,20260912,0.6284040084971629,0.6284040084971629,1,1
fixed_transform_step100,2705,2022-03-18,2022-03-28,-0.0353493110038457,2022,2021-12-31,learned_order_extension,20260912,0.5929220651203073,0.5929220651203073,1,0
fixed_transform_step100,2710,2022-03-25,2022-04-06,0.0314834190717003,2022,2021-12-31,learned_order_extension,20260912,0.560900893741765,0.560900893741765,1,1
fixed_transform_step100,2660,2022-01-07,2022-01-17,-0.0173453887283024,2022,2021-12-31,learned_order_offset,20260912,0.7021002597589074,0.7021002597589074,1,0
fixed_transform_step100,2665,2022-01-14,2022-01-24,0.0053248631776616,2022,2021-12-31,learned_order_offset,20260912,0.5194500670143739,0.5194500670143739,1,1
fixed_transform_step100,2670,2022-01-21,2022-02-07,-0.0242661876254222,2022,2021-12-31,learned_order_offset,20260912,0.7150659531425939,0.7150659531425939,1,0
fixed_transform_step100,2675,2022-01-28,2022-02-14,-0.0127539031341488,2022,2021-12-31,learned_order_offset,20260912,0.5563566039667686,0.5563566039667686,1,0
fixed_transform_step100,2680,2022-02-11,2022-02-21,0.0145498774954033,2022,2021-12-31,learned_order_offset,20260912,0.6110482909835675,0.6110482909835675,1,1
fixed_transform_step100,2685,2022-02-18,2022-02-28,-0.0177161244498015,2022,2021-12-31,learned_order_offset,20260912,0.7082662053268953,0.7082662053268953,1,0
fixed_transform_step100,2690,2022-02-25,2022-03-07,-0.0221791776043331,2022,2021-12-31,learned_order_offset,20260912,0.6726443299723985,0.6726443299723985,1,0
fixed_transform_step100,2695,2022-03-04,2022-03-14,-0.0480378799422749,2022,2021-12-31,learned_order_offset,20260912,0.7063540116439039,0.7063540116439039,1,0
fixed_transform_step100,2700,2022-03-11,2022-03-21,0.007530336734814,2022,2021-12-31,learned_order_offset,20260912,0.6284302090313957,0.6284302090313957,1,1
fixed_transform_step100,2705,2022-03-18,2022-03-28,-0.0353493110038457,2022,2021-12-31,learned_order_offset,20260912,0.5930408007656572,0.5930408007656572,1,0
fixed_transform_step100,2710,2022-03-25,2022-04-06,0.0314834190717003,2022,2021-12-31,learned_order_offset,20260912,0.5609837979969954,0.5609837979969954,1,1
fixed_transform_step100,2715,2022-04-01,2022-04-12,-0.0129237372705649,2022,2022-03-31,learned_market,20260910,0.6633826478019678,0.6633826478019678,1,0
fixed_transform_step100,2718,2022-04-08,2022-04-18,-0.0120986062576864,2022,2022-03-31,learned_market,20260910,0.6627345351011767,0.6627345351011767,1,0
fixed_transform_step100,2723,2022-04-15,2022-04-25,-0.0528494340140576,2022,2022-03-31,learned_market,20260910,0.6214407290379667,0.6214407290379667,1,0
fixed_transform_step100,2728,2022-04-22,2022-05-05,0.015736821365468,2022,2022-03-31,learned_market,20260910,0.6246883969115113,0.6246883969115113,1,1
fixed_transform_step100,2733,2022-04-29,2022-05-11,-0.0278824133054675,2022,2022-03-31,learned_market,20260910,0.5933611604012675,0.5933611604012675,1,0
fixed_transform_step100,2735,2022-05-06,2022-05-16,0.033741423035827,2022,2022-03-31,learned_market,20260910,0.60039431153085,0.60039431153085,1,1
fixed_transform_step100,2740,2022-05-13,2022-05-23,0.0164308841843088,2022,2022-03-31,learned_market,20260910,0.5764049369721156,0.5764049369721156,1,1
fixed_transform_step100,2745,2022-05-20,2022-05-30,-0.0147293413085614,2022,2022-03-31,learned_market,20260910,0.5268091953362192,0.5268091953362192,1,0
fixed_transform_step100,2750,2022-05-27,2022-06-13,0.0431748431927498,2022,2022-03-31,learned_market,20260910,0.4824908296971501,0.4824908296971501,0,1
fixed_transform_step100,2759,2022-06-10,2022-06-20,0.0306046547112142,2022,2022-03-31,learned_market,20260910,0.5134648154860347,0.5134648154860347,1,1
fixed_transform_step100,2764,2022-06-17,2022-06-27,0.0211666894141107,2022,2022-03-31,learned_market,20260910,0.46521383605778704,0.46521383605778704,0,1
fixed_transform_step100,2769,2022-06-24,2022-07-04,0.0074507343130214,2022,2022-03-31,learned_market,20260910,0.45334293915982476,0.45334293915982476,0,1
fixed_transform_step100,2715,2022-04-01,2022-04-12,-0.0129237372705649,2022,2022-03-31,learned_vol_interaction,20260910,0.6633142549919155,0.6633142549919155,1,0
fixed_transform_step100,2718,2022-04-08,2022-04-18,-0.0120986062576864,2022,2022-03-31,learned_vol_interaction,20260910,0.6626857059166581,0.6626857059166581,1,0
fixed_transform_step100,2723,2022-04-15,2022-04-25,-0.0528494340140576,2022,2022-03-31,learned_vol_interaction,20260910,0.6214316999108491,0.6214316999108491,1,0
fixed_transform_step100,2728,2022-04-22,2022-05-05,0.015736821365468,2022,2022-03-31,learned_vol_interaction,20260910,0.6246871678313072,0.6246871678313072,1,1
fixed_transform_step100,2733,2022-04-29,2022-05-11,-0.0278824133054675,2022,2022-03-31,learned_vol_interaction,20260910,0.5933270893444321,0.5933270893444321,1,0
fixed_transform_step100,2735,2022-05-06,2022-05-16,0.033741423035827,2022,2022-03-31,learned_vol_interaction,20260910,0.600357314124619,0.600357314124619,1,1
fixed_transform_step100,2740,2022-05-13,2022-05-23,0.0164308841843088,2022,2022-03-31,learned_vol_interaction,20260910,0.5763857610740825,0.5763857610740825,1,1
fixed_transform_step100,2745,2022-05-20,2022-05-30,-0.0147293413085614,2022,2022-03-31,learned_vol_interaction,20260910,0.5267905345209349,0.5267905345209349,1,0
fixed_transform_step100,2750,2022-05-27,2022-06-13,0.0431748431927498,2022,2022-03-31,learned_vol_interaction,20260910,0.4825001072593475,0.4825001072593475,0,1
fixed_transform_step100,2759,2022-06-10,2022-06-20,0.0306046547112142,2022,2022-03-31,learned_vol_interaction,20260910,0.5134685692995743,0.5134685692995743,1,1
fixed_transform_step100,2764,2022-06-17,2022-06-27,0.0211666894141107,2022,2022-03-31,learned_vol_interaction,20260910,0.4652179274341959,0.4652179274341959,0,1
fixed_transform_step100,2769,2022-06-24,2022-07-04,0.0074507343130214,2022,2022-03-31,learned_vol_interaction,20260910,0.45333275116584154,0.45333275116584154,0,1
fixed_transform_step100,2715,2022-04-01,2022-04-12,-0.0129237372705649,2022,2022-03-31,learned_order_extension,20260910,0.6740000897949947,0.6740000897949947,1,0
fixed_transform_step100,2718,2022-04-08,2022-04-18,-0.0120986062576864,2022,2022-03-31,learned_order_extension,20260910,0.6555898005026812,0.6555898005026812,1,0
fixed_transform_step100,2723,2022-04-15,2022-04-25,-0.0528494340140576,2022,2022-03-31,learned_order_extension,20260910,0.5973472279936931,0.5973472279936931,1,0
fixed_transform_step100,2728,2022-04-22,2022-05-05,0.015736821365468,2022,2022-03-31,learned_order_extension,20260910,0.6064316421101424,0.6064316421101424,1,1
fixed_transform_step100,2733,2022-04-29,2022-05-11,-0.0278824133054675,2022,2022-03-31,learned_order_extension,20260910,0.6193278646826251,0.6193278646826251,1,0
fixed_transform_step100,2735,2022-05-06,2022-05-16,0.033741423035827,2022,2022-03-31,learned_order_extension,20260910,0.6414984294536183,0.6414984294536183,1,1
fixed_transform_step100,2740,2022-05-13,2022-05-23,0.0164308841843088,2022,2022-03-31,learned_order_extension,20260910,0.6141813445299672,0.6141813445299672,1,1
fixed_transform_step100,2745,2022-05-20,2022-05-30,-0.0147293413085614,2022,2022-03-31,learned_order_extension,20260910,0.5466960584945183,0.5466960584945183,1,0
fixed_transform_step100,2750,2022-05-27,2022-06-13,0.0431748431927498,2022,2022-03-31,learned_order_extension,20260910,0.4596715478734129,0.4596715478734129,0,1
fixed_transform_step100,2759,2022-06-10,2022-06-20,0.0306046547112142,2022,2022-03-31,learned_order_extension,20260910,0.4977751805059853,0.4977751805059853,0,1
fixed_transform_step100,2764,2022-06-17,2022-06-27,0.0211666894141107,2022,2022-03-31,learned_order_extension,20260910,0.47341805894440886,0.47341805894440886,0,1
fixed_transform_step100,2769,2022-06-24,2022-07-04,0.0074507343130214,2022,2022-03-31,learned_order_extension,20260910,0.4722910293483544,0.4722910293483544,0,1
fixed_transform_step100,2715,2022-04-01,2022-04-12,-0.0129237372705649,2022,2022-03-31,learned_order_offset,20260910,0.6638101275298625,0.6638101275298625,1,0
fixed_transform_step100,2718,2022-04-08,2022-04-18,-0.0120986062576864,2022,2022-03-31,learned_order_offset,20260910,0.6469169995299551,0.6469169995299551,1,0
fixed_transform_step100,2723,2022-04-15,2022-04-25,-0.0528494340140576,2022,2022-03-31,learned_order_offset,20260910,0.5887415282145428,0.5887415282145428,1,0
fixed_transform_step100,2728,2022-04-22,2022-05-05,0.015736821365468,2022,2022-03-31,learned_order_offset,20260910,0.6021012663811505,0.6021012663811505,1,1
fixed_transform_step100,2733,2022-04-29,2022-05-11,-0.0278824133054675,2022,2022-03-31,learned_order_offset,20260910,0.6127486670019816,0.6127486670019816,1,0
fixed_transform_step100,2735,2022-05-06,2022-05-16,0.033741423035827,2022,2022-03-31,learned_order_offset,20260910,0.6345599825500929,0.6345599825500929,1,1
fixed_transform_step100,2740,2022-05-13,2022-05-23,0.0164308841843088,2022,2022-03-31,learned_order_offset,20260910,0.6082225029641991,0.6082225029641991,1,1
fixed_transform_step100,2745,2022-05-20,2022-05-30,-0.0147293413085614,2022,2022-03-31,learned_order_offset,20260910,0.5421888247410107,0.5421888247410107,1,0
fixed_transform_step100,2750,2022-05-27,2022-06-13,0.0431748431927498,2022,2022-03-31,learned_order_offset,20260910,0.4562068130285152,0.4562068130285152,0,1
fixed_transform_step100,2759,2022-06-10,2022-06-20,0.0306046547112142,2022,2022-03-31,learned_order_offset,20260910,0.4989210266588609,0.4989210266588609,0,1
fixed_transform_step100,2764,2022-06-17,2022-06-27,0.0211666894141107,2022,2022-03-31,learned_order_offset,20260910,0.47237878271483424,0.47237878271483424,0,1
fixed_transform_step100,2769,2022-06-24,2022-07-04,0.0074507343130214,2022,2022-03-31,learned_order_offset,20260910,0.47108667908434154,0.47108667908434154,0,1
fixed_transform_step100,2715,2022-04-01,2022-04-12,-0.0129237372705649,2022,2022-03-31,learned_market,20260911,0.6659582698994063,0.6659582698994063,1,0
fixed_transform_step100,2718,2022-04-08,2022-04-18,-0.0120986062576864,2022,2022-03-31,learned_market,20260911,0.5770373770516167,0.5770373770516167,1,0
fixed_transform_step100,2723,2022-04-15,2022-04-25,-0.0528494340140576,2022,2022-03-31,learned_market,20260911,0.7265045763781269,0.7265045763781269,1,0
fixed_transform_step100,2728,2022-04-22,2022-05-05,0.015736821365468,2022,2022-03-31,learned_market,20260911,0.6913434276493,0.6913434276493,1,1
fixed_transform_step100,2733,2022-04-29,2022-05-11,-0.0278824133054675,2022,2022-03-31,learned_market,20260911,0.5157798580956542,0.5157798580956542,1,0
fixed_transform_step100,2735,2022-05-06,2022-05-16,0.033741423035827,2022,2022-03-31,learned_market,20260911,0.42843666678158027,0.42843666678158027,0,1
fixed_transform_step100,2740,2022-05-13,2022-05-23,0.0164308841843088,2022,2022-03-31,learned_market,20260911,0.5050151756730309,0.5050151756730309,1,1
fixed_transform_step100,2745,2022-05-20,2022-05-30,-0.0147293413085614,2022,2022-03-31,learned_market,20260911,0.5590943870677153,0.5590943870677153,1,0
fixed_transform_step100,2750,2022-05-27,2022-06-13,0.0431748431927498,2022,2022-03-31,learned_market,20260911,0.5779191160083547,0.5779191160083547,1,1
fixed_transform_step100,2759,2022-06-10,2022-06-20,0.0306046547112142,2022,2022-03-31,learned_market,20260911,0.3345832279938534,0.3345832279938534,0,1
fixed_transform_step100,2764,2022-06-17,2022-06-27,0.0211666894141107,2022,2022-03-31,learned_market,20260911,0.3459675249096138,0.3459675249096138,0,1
fixed_transform_step100,2769,2022-06-24,2022-07-04,0.0074507343130214,2022,2022-03-31,learned_market,20260911,0.44361365443788203,0.44361365443788203,0,1
fixed_transform_step100,2715,2022-04-01,2022-04-12,-0.0129237372705649,2022,2022-03-31,learned_vol_interaction,20260911,0.6872446457096729,0.6872446457096729,1,0
fixed_transform_step100,2718,2022-04-08,2022-04-18,-0.0120986062576864,2022,2022-03-31,learned_vol_interaction,20260911,0.5690046245918364,0.5690046245918364,1,0
fixed_transform_step100,2723,2022-04-15,2022-04-25,-0.0528494340140576,2022,2022-03-31,learned_vol_interaction,20260911,0.7342036682115305,0.7342036682115305,1,0
fixed_transform_step100,2728,2022-04-22,2022-05-05,0.015736821365468,2022,2022-03-31,learned_vol_interaction,20260911,0.7023925734830867,0.7023925734830867,1,1
fixed_transform_step100,2733,2022-04-29,2022-05-11,-0.0278824133054675,2022,2022-03-31,learned_vol_interaction,20260911,0.5074747259407784,0.5074747259407784,1,0
fixed_transform_step100,2735,2022-05-06,2022-05-16,0.033741423035827,2022,2022-03-31,learned_vol_interaction,20260911,0.3974918372559963,0.3974918372559963,0,1
fixed_transform_step100,2740,2022-05-13,2022-05-23,0.0164308841843088,2022,2022-03-31,learned_vol_interaction,20260911,0.4840045289968734,0.4840045289968734,0,1
fixed_transform_step100,2745,2022-05-20,2022-05-30,-0.0147293413085614,2022,2022-03-31,learned_vol_interaction,20260911,0.5576664965261353,0.5576664965261353,1,0
fixed_transform_step100,2750,2022-05-27,2022-06-13,0.0431748431927498,2022,2022-03-31,learned_vol_interaction,20260911,0.5829240890012632,0.5829240890012632,1,1
fixed_transform_step100,2759,2022-06-10,2022-06-20,0.0306046547112142,2022,2022-03-31,learned_vol_interaction,20260911,0.3366193877623583,0.3366193877623583,0,1
fixed_transform_step100,2764,2022-06-17,2022-06-27,0.0211666894141107,2022,2022-03-31,learned_vol_interaction,20260911,0.3527274475075564,0.3527274475075564,0,1
fixed_transform_step100,2769,2022-06-24,2022-07-04,0.0074507343130214,2022,2022-03-31,learned_vol_interaction,20260911,0.45378658884588424,0.45378658884588424,0,1
fixed_transform_step100,2715,2022-04-01,2022-04-12,-0.0129237372705649,2022,2022-03-31,learned_order_extension,20260911,0.6763074437915713,0.6763074437915713,1,0
fixed_transform_step100,2718,2022-04-08,2022-04-18,-0.0120986062576864,2022,2022-03-31,learned_order_extension,20260911,0.5499020663375009,0.5499020663375009,1,0
fixed_transform_step100,2723,2022-04-15,2022-04-25,-0.0528494340140576,2022,2022-03-31,learned_order_extension,20260911,0.7388999998093069,0.7388999998093069,1,0
fixed_transform_step100,2728,2022-04-22,2022-05-05,0.015736821365468,2022,2022-03-31,learned_order_extension,20260911,0.7042234580176326,0.7042234580176326,1,1
fixed_transform_step100,2733,2022-04-29,2022-05-11,-0.0278824133054675,2022,2022-03-31,learned_order_extension,20260911,0.507795670155092,0.507795670155092,1,0
fixed_transform_step100,2735,2022-05-06,2022-05-16,0.033741423035827,2022,2022-03-31,learned_order_extension,20260911,0.40419550320578024,0.40419550320578024,0,1
fixed_transform_step100,2740,2022-05-13,2022-05-23,0.0164308841843088,2022,2022-03-31,learned_order_extension,20260911,0.48067436129096336,0.48067436129096336,0,1
fixed_transform_step100,2745,2022-05-20,2022-05-30,-0.0147293413085614,2022,2022-03-31,learned_order_extension,20260911,0.550844953859109,0.550844953859109,1,0
fixed_transform_step100,2750,2022-05-27,2022-06-13,0.0431748431927498,2022,2022-03-31,learned_order_extension,20260911,0.5831288129194611,0.5831288129194611,1,1
fixed_transform_step100,2759,2022-06-10,2022-06-20,0.0306046547112142,2022,2022-03-31,learned_order_extension,20260911,0.3290402299121918,0.3290402299121918,0,1
fixed_transform_step100,2764,2022-06-17,2022-06-27,0.0211666894141107,2022,2022-03-31,learned_order_extension,20260911,0.3343228303150776,0.3343228303150776,0,1
fixed_transform_step100,2769,2022-06-24,2022-07-04,0.0074507343130214,2022,2022-03-31,learned_order_extension,20260911,0.4466362052535125,0.4466362052535125,0,1
fixed_transform_step100,2715,2022-04-01,2022-04-12,-0.0129237372705649,2022,2022-03-31,learned_order_offset,20260911,0.6785245584514622,0.6785245584514622,1,0
fixed_transform_step100,2718,2022-04-08,2022-04-18,-0.0120986062576864,2022,2022-03-31,learned_order_offset,20260911,0.5491787367070834,0.5491787367070834,1,0
fixed_transform_step100,2723,2022-04-15,2022-04-25,-0.0528494340140576,2022,2022-03-31,learned_order_offset,20260911,0.738860787855286,0.738860787855286,1,0
fixed_transform_step100,2728,2022-04-22,2022-05-05,0.015736821365468,2022,2022-03-31,learned_order_offset,20260911,0.704756649565417,0.704756649565417,1,1
fixed_transform_step100,2733,2022-04-29,2022-05-11,-0.0278824133054675,2022,2022-03-31,learned_order_offset,20260911,0.5066425066273825,0.5066425066273825,1,0
fixed_transform_step100,2735,2022-05-06,2022-05-16,0.033741423035827,2022,2022-03-31,learned_order_offset,20260911,0.4009664437342771,0.4009664437342771,0,1
fixed_transform_step100,2740,2022-05-13,2022-05-23,0.0164308841843088,2022,2022-03-31,learned_order_offset,20260911,0.47878734934529915,0.47878734934529915,0,1
fixed_transform_step100,2745,2022-05-20,2022-05-30,-0.0147293413085614,2022,2022-03-31,learned_order_offset,20260911,0.5508927013090973,0.5508927013090973,1,0
fixed_transform_step100,2750,2022-05-27,2022-06-13,0.0431748431927498,2022,2022-03-31,learned_order_offset,20260911,0.5832448176966092,0.5832448176966092,1,1
fixed_transform_step100,2759,2022-06-10,2022-06-20,0.0306046547112142,2022,2022-03-31,learned_order_offset,20260911,0.3294473065053423,0.3294473065053423,0,1
fixed_transform_step100,2764,2022-06-17,2022-06-27,0.0211666894141107,2022,2022-03-31,learned_order_offset,20260911,0.33519578402026373,0.33519578402026373,0,1
fixed_transform_step100,2769,2022-06-24,2022-07-04,0.0074507343130214,2022,2022-03-31,learned_order_offset,20260911,0.44760245413967353,0.44760245413967353,0,1
fixed_transform_step100,2715,2022-04-01,2022-04-12,-0.0129237372705649,2022,2022-03-31,learned_market,20260912,0.551569504017752,0.551569504017752,1,0
fixed_transform_step100,2718,2022-04-08,2022-04-18,-0.0120986062576864,2022,2022-03-31,learned_market,20260912,0.5563577209569583,0.5563577209569583,1,0
fixed_transform_step100,2723,2022-04-15,2022-04-25,-0.0528494340140576,2022,2022-03-31,learned_market,20260912,0.54495006633686,0.54495006633686,1,0
fixed_transform_step100,2728,2022-04-22,2022-05-05,0.015736821365468,2022,2022-03-31,learned_market,20260912,0.4709720475569697,0.4709720475569697,0,1
fixed_transform_step100,2733,2022-04-29,2022-05-11,-0.0278824133054675,2022,2022-03-31,learned_market,20260912,0.373162408703797,0.373162408703797,0,0
fixed_transform_step100,2735,2022-05-06,2022-05-16,0.033741423035827,2022,2022-03-31,learned_market,20260912,0.43950625071761934,0.43950625071761934,0,1
fixed_transform_step100,2740,2022-05-13,2022-05-23,0.0164308841843088,2022,2022-03-31,learned_market,20260912,0.4532685701475667,0.4532685701475667,0,1
fixed_transform_step100,2745,2022-05-20,2022-05-30,-0.0147293413085614,2022,2022-03-31,learned_market,20260912,0.47398170373990617,0.47398170373990617,0,0
fixed_transform_step100,2750,2022-05-27,2022-06-13,0.0431748431927498,2022,2022-03-31,learned_market,20260912,0.4450875799868306,0.4450875799868306,0,1
fixed_transform_step100,2759,2022-06-10,2022-06-20,0.0306046547112142,2022,2022-03-31,learned_market,20260912,0.36959201972794886,0.36959201972794886,0,1
fixed_transform_step100,2764,2022-06-17,2022-06-27,0.0211666894141107,2022,2022-03-31,learned_market,20260912,0.354516426018099,0.354516426018099,0,1
fixed_transform_step100,2769,2022-06-24,2022-07-04,0.0074507343130214,2022,2022-03-31,learned_market,20260912,0.428558117950722,0.428558117950722,0,1
fixed_transform_step100,2715,2022-04-01,2022-04-12,-0.0129237372705649,2022,2022-03-31,learned_vol_interaction,20260912,0.5417687763708443,0.5417687763708443,1,0
fixed_transform_step100,2718,2022-04-08,2022-04-18,-0.0120986062576864,2022,2022-03-31,learned_vol_interaction,20260912,0.5561032059069291,0.5561032059069291,1,0
fixed_transform_step100,2723,2022-04-15,2022-04-25,-0.0528494340140576,2022,2022-03-31,learned_vol_interaction,20260912,0.5442916476110138,0.5442916476110138,1,0
fixed_transform_step100,2728,2022-04-22,2022-05-05,0.015736821365468,2022,2022-03-31,learned_vol_interaction,20260912,0.4743882972030252,0.4743882972030252,0,1
fixed_transform_step100,2733,2022-04-29,2022-05-11,-0.0278824133054675,2022,2022-03-31,learned_vol_interaction,20260912,0.39188285089590225,0.39188285089590225,0,0
fixed_transform_step100,2735,2022-05-06,2022-05-16,0.033741423035827,2022,2022-03-31,learned_vol_interaction,20260912,0.456598784615183,0.456598784615183,0,1
fixed_transform_step100,2740,2022-05-13,2022-05-23,0.0164308841843088,2022,2022-03-31,learned_vol_interaction,20260912,0.46482793907694786,0.46482793907694786,0,1
fixed_transform_step100,2745,2022-05-20,2022-05-30,-0.0147293413085614,2022,2022-03-31,learned_vol_interaction,20260912,0.47773001999046316,0.47773001999046316,0,0
fixed_transform_step100,2750,2022-05-27,2022-06-13,0.0431748431927498,2022,2022-03-31,learned_vol_interaction,20260912,0.4457929734113161,0.4457929734113161,0,1
fixed_transform_step100,2759,2022-06-10,2022-06-20,0.0306046547112142,2022,2022-03-31,learned_vol_interaction,20260912,0.36009590641522116,0.36009590641522116,0,1
fixed_transform_step100,2764,2022-06-17,2022-06-27,0.0211666894141107,2022,2022-03-31,learned_vol_interaction,20260912,0.3433971935907141,0.3433971935907141,0,1
fixed_transform_step100,2769,2022-06-24,2022-07-04,0.0074507343130214,2022,2022-03-31,learned_vol_interaction,20260912,0.4176054597830276,0.4176054597830276,0,1
fixed_transform_step100,2715,2022-04-01,2022-04-12,-0.0129237372705649,2022,2022-03-31,learned_order_extension,20260912,0.5597372663530165,0.5597372663530165,1,0
fixed_transform_step100,2718,2022-04-08,2022-04-18,-0.0120986062576864,2022,2022-03-31,learned_order_extension,20260912,0.572053244748275,0.572053244748275,1,0
fixed_transform_step100,2723,2022-04-15,2022-04-25,-0.0528494340140576,2022,2022-03-31,learned_order_extension,20260912,0.5536946956010022,0.5536946956010022,1,0
fixed_transform_step100,2728,2022-04-22,2022-05-05,0.015736821365468,2022,2022-03-31,learned_order_extension,20260912,0.497280972909528,0.497280972909528,0,1
fixed_transform_step100,2733,2022-04-29,2022-05-11,-0.0278824133054675,2022,2022-03-31,learned_order_extension,20260912,0.3859767981375803,0.3859767981375803,0,0
fixed_transform_step100,2735,2022-05-06,2022-05-16,0.033741423035827,2022,2022-03-31,learned_order_extension,20260912,0.45506302969873097,0.45506302969873097,0,1
fixed_transform_step100,2740,2022-05-13,2022-05-23,0.0164308841843088,2022,2022-03-31,learned_order_extension,20260912,0.45720499139552856,0.45720499139552856,0,1
fixed_transform_step100,2745,2022-05-20,2022-05-30,-0.0147293413085614,2022,2022-03-31,learned_order_extension,20260912,0.4894032222604613,0.4894032222604613,0,0
fixed_transform_step100,2750,2022-05-27,2022-06-13,0.0431748431927498,2022,2022-03-31,learned_order_extension,20260912,0.4484908573800976,0.4484908573800976,0,1
fixed_transform_step100,2759,2022-06-10,2022-06-20,0.0306046547112142,2022,2022-03-31,learned_order_extension,20260912,0.3867778464852677,0.3867778464852677,0,1
fixed_transform_step100,2764,2022-06-17,2022-06-27,0.0211666894141107,2022,2022-03-31,learned_order_extension,20260912,0.4164457038473244,0.4164457038473244,0,1
fixed_transform_step100,2769,2022-06-24,2022-07-04,0.0074507343130214,2022,2022-03-31,learned_order_extension,20260912,0.4557833353603704,0.4557833353603704,0,1
fixed_transform_step100,2715,2022-04-01,2022-04-12,-0.0129237372705649,2022,2022-03-31,learned_order_offset,20260912,0.5515844817023329,0.5515844817023329,1,0
fixed_transform_step100,2718,2022-04-08,2022-04-18,-0.0120986062576864,2022,2022-03-31,learned_order_offset,20260912,0.5667096747346633,0.5667096747346633,1,0
fixed_transform_step100,2723,2022-04-15,2022-04-25,-0.0528494340140576,2022,2022-03-31,learned_order_offset,20260912,0.549407854001594,0.549407854001594,1,0
fixed_transform_step100,2728,2022-04-22,2022-05-05,0.015736821365468,2022,2022-03-31,learned_order_offset,20260912,0.49268880103714313,0.49268880103714313,0,1
fixed_transform_step100,2733,2022-04-29,2022-05-11,-0.0278824133054675,2022,2022-03-31,learned_order_offset,20260912,0.3837249919086659,0.3837249919086659,0,0
fixed_transform_step100,2735,2022-05-06,2022-05-16,0.033741423035827,2022,2022-03-31,learned_order_offset,20260912,0.4521179733141913,0.4521179733141913,0,1
fixed_transform_step100,2740,2022-05-13,2022-05-23,0.0164308841843088,2022,2022-03-31,learned_order_offset,20260912,0.4560000361522635,0.4560000361522635,0,1
fixed_transform_step100,2745,2022-05-20,2022-05-30,-0.0147293413085614,2022,2022-03-31,learned_order_offset,20260912,0.48742716249499196,0.48742716249499196,0,0
fixed_transform_step100,2750,2022-05-27,2022-06-13,0.0431748431927498,2022,2022-03-31,learned_order_offset,20260912,0.44735010697273514,0.44735010697273514,0,1
fixed_transform_step100,2759,2022-06-10,2022-06-20,0.0306046547112142,2022,2022-03-31,learned_order_offset,20260912,0.3868410823554949,0.3868410823554949,0,1
fixed_transform_step100,2764,2022-06-17,2022-06-27,0.0211666894141107,2022,2022-03-31,learned_order_offset,20260912,0.415804786363335,0.415804786363335,0,1
fixed_transform_step100,2769,2022-06-24,2022-07-04,0.0074507343130214,2022,2022-03-31,learned_order_offset,20260912,0.4545406493209386,0.4545406493209386,0,1
fixed_transform_step100,2774,2022-07-01,2022-07-11,-0.0092349827532707,2022,2022-06-30,learned_market,20260910,0.5669123203625951,0.5669123203625951,1,0
fixed_transform_step100,2779,2022-07-08,2022-07-18,-0.0326815927737367,2022,2022-06-30,learned_market,20260910,0.5238495257306441,0.5238495257306441,1,0
fixed_transform_step100,2784,2022-07-15,2022-07-25,-0.0066210715249344,2022,2022-06-30,learned_market,20260910,0.5233167398910156,0.5233167398910156,1,0
fixed_transform_step100,2789,2022-07-22,2022-08-01,-0.0173077967751003,2022,2022-06-30,learned_market,20260910,0.5853488276810938,0.5853488276810938,1,0
fixed_transform_step100,2794,2022-07-29,2022-08-08,-0.004456034513838,2022,2022-06-30,learned_market,20260910,0.6765387931223696,0.6765387931223696,1,0
fixed_transform_step100,2799,2022-08-05,2022-08-15,0.0091475117753996,2022,2022-06-30,learned_market,20260910,0.6756904917897959,0.6756904917897959,1,1
fixed_transform_step100,2804,2022-08-12,2022-08-22,-0.0107272727272728,2022,2022-06-30,learned_market,20260910,0.6892386937298101,0.6892386937298101,1,0
fixed_transform_step100,2809,2022-08-19,2022-08-29,-0.0172375434082356,2022,2022-06-30,learned_market,20260910,0.6531817310118104,0.6531817310118104,1,0
fixed_transform_step100,2814,2022-08-26,2022-09-05,-0.0131573766941938,2022,2022-06-30,learned_market,20260910,0.5677744767946051,0.5677744767946051,1,0
fixed_transform_step100,2819,2022-09-02,2022-09-13,0.0253340680878015,2022,2022-06-30,learned_market,20260910,0.5344655836472239,0.5344655836472239,1,1
fixed_transform_step100,2824,2022-09-09,2022-09-19,-0.044647264962877,2022,2022-06-30,learned_market,20260910,0.6141324317100901,0.6141324317100901,1,0
fixed_transform_step100,2828,2022-09-16,2022-09-26,-0.025155151434928,2022,2022-06-30,learned_market,20260910,0.5435424238756118,0.5435424238756118,1,0
fixed_transform_step100,2833,2022-09-23,2022-10-10,-0.0060162941299352,2022,2022-06-30,learned_market,20260910,0.6389097717387756,0.6389097717387756,1,0
fixed_transform_step100,2838,2022-09-30,2022-10-17,0.0041192047412885,2022,2022-06-30,learned_market,20260910,0.5300650607882357,0.5300650607882357,1,1
fixed_transform_step100,2774,2022-07-01,2022-07-11,-0.0092349827532707,2022,2022-06-30,learned_vol_interaction,20260910,0.5662934520745327,0.5662934520745327,1,0
fixed_transform_step100,2779,2022-07-08,2022-07-18,-0.0326815927737367,2022,2022-06-30,learned_vol_interaction,20260910,0.521673971953106,0.521673971953106,1,0
fixed_transform_step100,2784,2022-07-15,2022-07-25,-0.0066210715249344,2022,2022-06-30,learned_vol_interaction,20260910,0.5222069753059131,0.5222069753059131,1,0
fixed_transform_step100,2789,2022-07-22,2022-08-01,-0.0173077967751003,2022,2022-06-30,learned_vol_interaction,20260910,0.5856564218090557,0.5856564218090557,1,0
fixed_transform_step100,2794,2022-07-29,2022-08-08,-0.004456034513838,2022,2022-06-30,learned_vol_interaction,20260910,0.676069846626554,0.676069846626554,1,0
fixed_transform_step100,2799,2022-08-05,2022-08-15,0.0091475117753996,2022,2022-06-30,learned_vol_interaction,20260910,0.6790091366870481,0.6790091366870481,1,1
fixed_transform_step100,2804,2022-08-12,2022-08-22,-0.0107272727272728,2022,2022-06-30,learned_vol_interaction,20260910,0.6925551680561172,0.6925551680561172,1,0
fixed_transform_step100,2809,2022-08-19,2022-08-29,-0.0172375434082356,2022,2022-06-30,learned_vol_interaction,20260910,0.6513301899656068,0.6513301899656068,1,0
fixed_transform_step100,2814,2022-08-26,2022-09-05,-0.0131573766941938,2022,2022-06-30,learned_vol_interaction,20260910,0.5685980306681351,0.5685980306681351,1,0
fixed_transform_step100,2819,2022-09-02,2022-09-13,0.0253340680878015,2022,2022-06-30,learned_vol_interaction,20260910,0.5368851694768121,0.5368851694768121,1,1
fixed_transform_step100,2824,2022-09-09,2022-09-19,-0.044647264962877,2022,2022-06-30,learned_vol_interaction,20260910,0.6198413929916922,0.6198413929916922,1,0
fixed_transform_step100,2828,2022-09-16,2022-09-26,-0.025155151434928,2022,2022-06-30,learned_vol_interaction,20260910,0.5473117171856307,0.5473117171856307,1,0
fixed_transform_step100,2833,2022-09-23,2022-10-10,-0.0060162941299352,2022,2022-06-30,learned_vol_interaction,20260910,0.6433837384515124,0.6433837384515124,1,0
fixed_transform_step100,2838,2022-09-30,2022-10-17,0.0041192047412885,2022,2022-06-30,learned_vol_interaction,20260910,0.532789411197459,0.532789411197459,1,1
fixed_transform_step100,2774,2022-07-01,2022-07-11,-0.0092349827532707,2022,2022-06-30,learned_order_extension,20260910,0.5509767701645202,0.5509767701645202,1,0
fixed_transform_step100,2779,2022-07-08,2022-07-18,-0.0326815927737367,2022,2022-06-30,learned_order_extension,20260910,0.5455195215296816,0.5455195215296816,1,0
fixed_transform_step100,2784,2022-07-15,2022-07-25,-0.0066210715249344,2022,2022-06-30,learned_order_extension,20260910,0.5375353879907749,0.5375353879907749,1,0
fixed_transform_step100,2789,2022-07-22,2022-08-01,-0.0173077967751003,2022,2022-06-30,learned_order_extension,20260910,0.5825131224148119,0.5825131224148119,1,0
fixed_transform_step100,2794,2022-07-29,2022-08-08,-0.004456034513838,2022,2022-06-30,learned_order_extension,20260910,0.5119565473358157,0.5119565473358157,1,0
fixed_transform_step100,2799,2022-08-05,2022-08-15,0.0091475117753996,2022,2022-06-30,learned_order_extension,20260910,0.582983586969433,0.582983586969433,1,1
fixed_transform_step100,2804,2022-08-12,2022-08-22,-0.0107272727272728,2022,2022-06-30,learned_order_extension,20260910,0.618812071061036,0.618812071061036,1,0
fixed_transform_step100,2809,2022-08-19,2022-08-29,-0.0172375434082356,2022,2022-06-30,learned_order_extension,20260910,0.5210294188096156,0.5210294188096156,1,0
fixed_transform_step100,2814,2022-08-26,2022-09-05,-0.0131573766941938,2022,2022-06-30,learned_order_extension,20260910,0.513772554614349,0.513772554614349,1,0
fixed_transform_step100,2819,2022-09-02,2022-09-13,0.0253340680878015,2022,2022-06-30,learned_order_extension,20260910,0.498716613664219,0.498716613664219,0,1
fixed_transform_step100,2824,2022-09-09,2022-09-19,-0.044647264962877,2022,2022-06-30,learned_order_extension,20260910,0.34986019312403566,0.34986019312403566,0,0
fixed_transform_step100,2828,2022-09-16,2022-09-26,-0.025155151434928,2022,2022-06-30,learned_order_extension,20260910,0.5333798636535031,0.5333798636535031,1,0
fixed_transform_step100,2833,2022-09-23,2022-10-10,-0.0060162941299352,2022,2022-06-30,learned_order_extension,20260910,0.46961541517574723,0.46961541517574723,0,0
fixed_transform_step100,2838,2022-09-30,2022-10-17,0.0041192047412885,2022,2022-06-30,learned_order_extension,20260910,0.5507490948365835,0.5507490948365835,1,1
fixed_transform_step100,2774,2022-07-01,2022-07-11,-0.0092349827532707,2022,2022-06-30,learned_order_offset,20260910,0.5533156037061145,0.5533156037061145,1,0
fixed_transform_step100,2779,2022-07-08,2022-07-18,-0.0326815927737367,2022,2022-06-30,learned_order_offset,20260910,0.5460353217681417,0.5460353217681417,1,0
fixed_transform_step100,2784,2022-07-15,2022-07-25,-0.0066210715249344,2022,2022-06-30,learned_order_offset,20260910,0.534008628889077,0.534008628889077,1,0
fixed_transform_step100,2789,2022-07-22,2022-08-01,-0.0173077967751003,2022,2022-06-30,learned_order_offset,20260910,0.5795999582787918,0.5795999582787918,1,0
fixed_transform_step100,2794,2022-07-29,2022-08-08,-0.004456034513838,2022,2022-06-30,learned_order_offset,20260910,0.5089105310217255,0.5089105310217255,1,0
fixed_transform_step100,2799,2022-08-05,2022-08-15,0.0091475117753996,2022,2022-06-30,learned_order_offset,20260910,0.5791820228991555,0.5791820228991555,1,1
fixed_transform_step100,2804,2022-08-12,2022-08-22,-0.0107272727272728,2022,2022-06-30,learned_order_offset,20260910,0.6165234782060546,0.6165234782060546,1,0
fixed_transform_step100,2809,2022-08-19,2022-08-29,-0.0172375434082356,2022,2022-06-30,learned_order_offset,20260910,0.5257011533405853,0.5257011533405853,1,0
fixed_transform_step100,2814,2022-08-26,2022-09-05,-0.0131573766941938,2022,2022-06-30,learned_order_offset,20260910,0.5066297203686014,0.5066297203686014,1,0
fixed_transform_step100,2819,2022-09-02,2022-09-13,0.0253340680878015,2022,2022-06-30,learned_order_offset,20260910,0.4895727811801683,0.4895727811801683,0,1
fixed_transform_step100,2824,2022-09-09,2022-09-19,-0.044647264962877,2022,2022-06-30,learned_order_offset,20260910,0.3414553369326092,0.3414553369326092,0,0
fixed_transform_step100,2828,2022-09-16,2022-09-26,-0.025155151434928,2022,2022-06-30,learned_order_offset,20260910,0.5289397648975108,0.5289397648975108,1,0
fixed_transform_step100,2833,2022-09-23,2022-10-10,-0.0060162941299352,2022,2022-06-30,learned_order_offset,20260910,0.46431459820899923,0.46431459820899923,0,0
fixed_transform_step100,2838,2022-09-30,2022-10-17,0.0041192047412885,2022,2022-06-30,learned_order_offset,20260910,0.5429803738105435,0.5429803738105435,1,1
fixed_transform_step100,2774,2022-07-01,2022-07-11,-0.0092349827532707,2022,2022-06-30,learned_market,20260911,0.5280930368063576,0.5280930368063576,1,0
fixed_transform_step100,2779,2022-07-08,2022-07-18,-0.0326815927737367,2022,2022-06-30,learned_market,20260911,0.5386666664362553,0.5386666664362553,1,0
fixed_transform_step100,2784,2022-07-15,2022-07-25,-0.0066210715249344,2022,2022-06-30,learned_market,20260911,0.34673494230047097,0.34673494230047097,0,0
fixed_transform_step100,2789,2022-07-22,2022-08-01,-0.0173077967751003,2022,2022-06-30,learned_market,20260911,0.4004674043467032,0.4004674043467032,0,0
fixed_transform_step100,2794,2022-07-29,2022-08-08,-0.004456034513838,2022,2022-06-30,learned_market,20260911,0.5135866958895249,0.5135866958895249,1,0
fixed_transform_step100,2799,2022-08-05,2022-08-15,0.0091475117753996,2022,2022-06-30,learned_market,20260911,0.6674719857061286,0.6674719857061286,1,1
fixed_transform_step100,2804,2022-08-12,2022-08-22,-0.0107272727272728,2022,2022-06-30,learned_market,20260911,0.6541174184439029,0.6541174184439029,1,0
fixed_transform_step100,2809,2022-08-19,2022-08-29,-0.0172375434082356,2022,2022-06-30,learned_market,20260911,0.6331160368763299,0.6331160368763299,1,0
fixed_transform_step100,2814,2022-08-26,2022-09-05,-0.0131573766941938,2022,2022-06-30,learned_market,20260911,0.6812048236290345,0.6812048236290345,1,0
fixed_transform_step100,2819,2022-09-02,2022-09-13,0.0253340680878015,2022,2022-06-30,learned_market,20260911,0.5868259184259009,0.5868259184259009,1,1
fixed_transform_step100,2824,2022-09-09,2022-09-19,-0.044647264962877,2022,2022-06-30,learned_market,20260911,0.49332244977054795,0.49332244977054795,0,0
fixed_transform_step100,2828,2022-09-16,2022-09-26,-0.025155151434928,2022,2022-06-30,learned_market,20260911,0.5578401715322768,0.5578401715322768,1,0
fixed_transform_step100,2833,2022-09-23,2022-10-10,-0.0060162941299352,2022,2022-06-30,learned_market,20260911,0.6078552628775613,0.6078552628775613,1,0
fixed_transform_step100,2838,2022-09-30,2022-10-17,0.0041192047412885,2022,2022-06-30,learned_market,20260911,0.5883251751746486,0.5883251751746486,1,1
fixed_transform_step100,2774,2022-07-01,2022-07-11,-0.0092349827532707,2022,2022-06-30,learned_vol_interaction,20260911,0.5309900058185083,0.5309900058185083,1,0
fixed_transform_step100,2779,2022-07-08,2022-07-18,-0.0326815927737367,2022,2022-06-30,learned_vol_interaction,20260911,0.5432745044129548,0.5432745044129548,1,0
fixed_transform_step100,2784,2022-07-15,2022-07-25,-0.0066210715249344,2022,2022-06-30,learned_vol_interaction,20260911,0.3514912429915815,0.3514912429915815,0,0
fixed_transform_step100,2789,2022-07-22,2022-08-01,-0.0173077967751003,2022,2022-06-30,learned_vol_interaction,20260911,0.40613100474424446,0.40613100474424446,0,0
fixed_transform_step100,2794,2022-07-29,2022-08-08,-0.004456034513838,2022,2022-06-30,learned_vol_interaction,20260911,0.5141209264983946,0.5141209264983946,1,0
fixed_transform_step100,2799,2022-08-05,2022-08-15,0.0091475117753996,2022,2022-06-30,learned_vol_interaction,20260911,0.6675960207460545,0.6675960207460545,1,1
fixed_transform_step100,2804,2022-08-12,2022-08-22,-0.0107272727272728,2022,2022-06-30,learned_vol_interaction,20260911,0.6542475539117512,0.6542475539117512,1,0
fixed_transform_step100,2809,2022-08-19,2022-08-29,-0.0172375434082356,2022,2022-06-30,learned_vol_interaction,20260911,0.6336783650000686,0.6336783650000686,1,0
fixed_transform_step100,2814,2022-08-26,2022-09-05,-0.0131573766941938,2022,2022-06-30,learned_vol_interaction,20260911,0.6821593031088947,0.6821593031088947,1,0
fixed_transform_step100,2819,2022-09-02,2022-09-13,0.0253340680878015,2022,2022-06-30,learned_vol_interaction,20260911,0.5889218324417951,0.5889218324417951,1,1
fixed_transform_step100,2824,2022-09-09,2022-09-19,-0.044647264962877,2022,2022-06-30,learned_vol_interaction,20260911,0.49410109023135024,0.49410109023135024,0,0
fixed_transform_step100,2828,2022-09-16,2022-09-26,-0.025155151434928,2022,2022-06-30,learned_vol_interaction,20260911,0.5583941968079286,0.5583941968079286,1,0
fixed_transform_step100,2833,2022-09-23,2022-10-10,-0.0060162941299352,2022,2022-06-30,learned_vol_interaction,20260911,0.6042641138799358,0.6042641138799358,1,0
fixed_transform_step100,2838,2022-09-30,2022-10-17,0.0041192047412885,2022,2022-06-30,learned_vol_interaction,20260911,0.5887367666289754,0.5887367666289754,1,1
fixed_transform_step100,2774,2022-07-01,2022-07-11,-0.0092349827532707,2022,2022-06-30,learned_order_extension,20260911,0.5136980697040288,0.5136980697040288,1,0
fixed_transform_step100,2779,2022-07-08,2022-07-18,-0.0326815927737367,2022,2022-06-30,learned_order_extension,20260911,0.525673921366483,0.525673921366483,1,0
fixed_transform_step100,2784,2022-07-15,2022-07-25,-0.0066210715249344,2022,2022-06-30,learned_order_extension,20260911,0.3358427308432232,0.3358427308432232,0,0
fixed_transform_step100,2789,2022-07-22,2022-08-01,-0.0173077967751003,2022,2022-06-30,learned_order_extension,20260911,0.34018654450081676,0.34018654450081676,0,0
fixed_transform_step100,2794,2022-07-29,2022-08-08,-0.004456034513838,2022,2022-06-30,learned_order_extension,20260911,0.5056987282792846,0.5056987282792846,1,0
fixed_transform_step100,2799,2022-08-05,2022-08-15,0.0091475117753996,2022,2022-06-30,learned_order_extension,20260911,0.7422951136610846,0.7422951136610846,1,1
fixed_transform_step100,2804,2022-08-12,2022-08-22,-0.0107272727272728,2022,2022-06-30,learned_order_extension,20260911,0.7379262705101116,0.7379262705101116,1,0
fixed_transform_step100,2809,2022-08-19,2022-08-29,-0.0172375434082356,2022,2022-06-30,learned_order_extension,20260911,0.7174492222754844,0.7174492222754844,1,0
fixed_transform_step100,2814,2022-08-26,2022-09-05,-0.0131573766941938,2022,2022-06-30,learned_order_extension,20260911,0.7832381050068695,0.7832381050068695,1,0
fixed_transform_step100,2819,2022-09-02,2022-09-13,0.0253340680878015,2022,2022-06-30,learned_order_extension,20260911,0.64849452144712,0.64849452144712,1,1
fixed_transform_step100,2824,2022-09-09,2022-09-19,-0.044647264962877,2022,2022-06-30,learned_order_extension,20260911,0.529625121096984,0.529625121096984,1,0
fixed_transform_step100,2828,2022-09-16,2022-09-26,-0.025155151434928,2022,2022-06-30,learned_order_extension,20260911,0.6078868306877806,0.6078868306877806,1,0
fixed_transform_step100,2833,2022-09-23,2022-10-10,-0.0060162941299352,2022,2022-06-30,learned_order_extension,20260911,0.6753089408741118,0.6753089408741118,1,0
fixed_transform_step100,2838,2022-09-30,2022-10-17,0.0041192047412885,2022,2022-06-30,learned_order_extension,20260911,0.5989039716243039,0.5989039716243039,1,1
fixed_transform_step100,2774,2022-07-01,2022-07-11,-0.0092349827532707,2022,2022-06-30,learned_order_offset,20260911,0.5129735198300771,0.5129735198300771,1,0
fixed_transform_step100,2779,2022-07-08,2022-07-18,-0.0326815927737367,2022,2022-06-30,learned_order_offset,20260911,0.5260703237557012,0.5260703237557012,1,0
fixed_transform_step100,2784,2022-07-15,2022-07-25,-0.0066210715249344,2022,2022-06-30,learned_order_offset,20260911,0.33641631014195456,0.33641631014195456,0,0
fixed_transform_step100,2789,2022-07-22,2022-08-01,-0.0173077967751003,2022,2022-06-30,learned_order_offset,20260911,0.34097450940984536,0.34097450940984536,0,0
fixed_transform_step100,2794,2022-07-29,2022-08-08,-0.004456034513838,2022,2022-06-30,learned_order_offset,20260911,0.5062395987495052,0.5062395987495052,1,0
fixed_transform_step100,2799,2022-08-05,2022-08-15,0.0091475117753996,2022,2022-06-30,learned_order_offset,20260911,0.741121272543296,0.741121272543296,1,1
fixed_transform_step100,2804,2022-08-12,2022-08-22,-0.0107272727272728,2022,2022-06-30,learned_order_offset,20260911,0.7373312137634875,0.7373312137634875,1,0
fixed_transform_step100,2809,2022-08-19,2022-08-29,-0.0172375434082356,2022,2022-06-30,learned_order_offset,20260911,0.7168035932833009,0.7168035932833009,1,0
fixed_transform_step100,2814,2022-08-26,2022-09-05,-0.0131573766941938,2022,2022-06-30,learned_order_offset,20260911,0.7827447566602747,0.7827447566602747,1,0
fixed_transform_step100,2819,2022-09-02,2022-09-13,0.0253340680878015,2022,2022-06-30,learned_order_offset,20260911,0.6497735763557385,0.6497735763557385,1,1
fixed_transform_step100,2824,2022-09-09,2022-09-19,-0.044647264962877,2022,2022-06-30,learned_order_offset,20260911,0.5306483580361693,0.5306483580361693,1,0
fixed_transform_step100,2828,2022-09-16,2022-09-26,-0.025155151434928,2022,2022-06-30,learned_order_offset,20260911,0.6081587739688706,0.6081587739688706,1,0
fixed_transform_step100,2833,2022-09-23,2022-10-10,-0.0060162941299352,2022,2022-06-30,learned_order_offset,20260911,0.6760534608707248,0.6760534608707248,1,0
fixed_transform_step100,2838,2022-09-30,2022-10-17,0.0041192047412885,2022,2022-06-30,learned_order_offset,20260911,0.5981358275313293,0.5981358275313293,1,1
fixed_transform_step100,2774,2022-07-01,2022-07-11,-0.0092349827532707,2022,2022-06-30,learned_market,20260912,0.483424588255187,0.483424588255187,0,0
fixed_transform_step100,2779,2022-07-08,2022-07-18,-0.0326815927737367,2022,2022-06-30,learned_market,20260912,0.508235209584472,0.508235209584472,1,0
fixed_transform_step100,2784,2022-07-15,2022-07-25,-0.0066210715249344,2022,2022-06-30,learned_market,20260912,0.5266723444882907,0.5266723444882907,1,0
fixed_transform_step100,2789,2022-07-22,2022-08-01,-0.0173077967751003,2022,2022-06-30,learned_market,20260912,0.5479804943205844,0.5479804943205844,1,0
fixed_transform_step100,2794,2022-07-29,2022-08-08,-0.004456034513838,2022,2022-06-30,learned_market,20260912,0.6422829203500946,0.6422829203500946,1,0
fixed_transform_step100,2799,2022-08-05,2022-08-15,0.0091475117753996,2022,2022-06-30,learned_market,20260912,0.6085706027801112,0.6085706027801112,1,1
fixed_transform_step100,2804,2022-08-12,2022-08-22,-0.0107272727272728,2022,2022-06-30,learned_market,20260912,0.5602209317096867,0.5602209317096867,1,0
fixed_transform_step100,2809,2022-08-19,2022-08-29,-0.0172375434082356,2022,2022-06-30,learned_market,20260912,0.518572929471903,0.518572929471903,1,0
fixed_transform_step100,2814,2022-08-26,2022-09-05,-0.0131573766941938,2022,2022-06-30,learned_market,20260912,0.5408683007903763,0.5408683007903763,1,0
fixed_transform_step100,2819,2022-09-02,2022-09-13,0.0253340680878015,2022,2022-06-30,learned_market,20260912,0.5793617624994282,0.5793617624994282,1,1
fixed_transform_step100,2824,2022-09-09,2022-09-19,-0.044647264962877,2022,2022-06-30,learned_market,20260912,0.6481681347315736,0.6481681347315736,1,0
fixed_transform_step100,2828,2022-09-16,2022-09-26,-0.025155151434928,2022,2022-06-30,learned_market,20260912,0.6354493201209194,0.6354493201209194,1,0
fixed_transform_step100,2833,2022-09-23,2022-10-10,-0.0060162941299352,2022,2022-06-30,learned_market,20260912,0.6129995337577642,0.6129995337577642,1,0
fixed_transform_step100,2838,2022-09-30,2022-10-17,0.0041192047412885,2022,2022-06-30,learned_market,20260912,0.5977943088444068,0.5977943088444068,1,1
fixed_transform_step100,2774,2022-07-01,2022-07-11,-0.0092349827532707,2022,2022-06-30,learned_vol_interaction,20260912,0.4908195440130239,0.4908195440130239,0,0
fixed_transform_step100,2779,2022-07-08,2022-07-18,-0.0326815927737367,2022,2022-06-30,learned_vol_interaction,20260912,0.5131630462011926,0.5131630462011926,1,0
fixed_transform_step100,2784,2022-07-15,2022-07-25,-0.0066210715249344,2022,2022-06-30,learned_vol_interaction,20260912,0.5302423743146465,0.5302423743146465,1,0
fixed_transform_step100,2789,2022-07-22,2022-08-01,-0.0173077967751003,2022,2022-06-30,learned_vol_interaction,20260912,0.5483831001519519,0.5483831001519519,1,0
fixed_transform_step100,2794,2022-07-29,2022-08-08,-0.004456034513838,2022,2022-06-30,learned_vol_interaction,20260912,0.6368108748165368,0.6368108748165368,1,0
fixed_transform_step100,2799,2022-08-05,2022-08-15,0.0091475117753996,2022,2022-06-30,learned_vol_interaction,20260912,0.6063541013526453,0.6063541013526453,1,1
fixed_transform_step100,2804,2022-08-12,2022-08-22,-0.0107272727272728,2022,2022-06-30,learned_vol_interaction,20260912,0.5605708497803349,0.5605708497803349,1,0
fixed_transform_step100,2809,2022-08-19,2022-08-29,-0.0172375434082356,2022,2022-06-30,learned_vol_interaction,20260912,0.517185466688373,0.517185466688373,1,0
fixed_transform_step100,2814,2022-08-26,2022-09-05,-0.0131573766941938,2022,2022-06-30,learned_vol_interaction,20260912,0.5410172019391494,0.5410172019391494,1,0
fixed_transform_step100,2819,2022-09-02,2022-09-13,0.0253340680878015,2022,2022-06-30,learned_vol_interaction,20260912,0.5815673589318026,0.5815673589318026,1,1
fixed_transform_step100,2824,2022-09-09,2022-09-19,-0.044647264962877,2022,2022-06-30,learned_vol_interaction,20260912,0.6432149665982041,0.6432149665982041,1,0
fixed_transform_step100,2828,2022-09-16,2022-09-26,-0.025155151434928,2022,2022-06-30,learned_vol_interaction,20260912,0.6328088800613652,0.6328088800613652,1,0
fixed_transform_step100,2833,2022-09-23,2022-10-10,-0.0060162941299352,2022,2022-06-30,learned_vol_interaction,20260912,0.6075744267723531,0.6075744267723531,1,0
fixed_transform_step100,2838,2022-09-30,2022-10-17,0.0041192047412885,2022,2022-06-30,learned_vol_interaction,20260912,0.5956120160802553,0.5956120160802553,1,1
fixed_transform_step100,2774,2022-07-01,2022-07-11,-0.0092349827532707,2022,2022-06-30,learned_order_extension,20260912,0.5442427058822525,0.5442427058822525,1,0
fixed_transform_step100,2779,2022-07-08,2022-07-18,-0.0326815927737367,2022,2022-06-30,learned_order_extension,20260912,0.5730079943447748,0.5730079943447748,1,0
fixed_transform_step100,2784,2022-07-15,2022-07-25,-0.0066210715249344,2022,2022-06-30,learned_order_extension,20260912,0.5489556416073186,0.5489556416073186,1,0
fixed_transform_step100,2789,2022-07-22,2022-08-01,-0.0173077967751003,2022,2022-06-30,learned_order_extension,20260912,0.5729875632861573,0.5729875632861573,1,0
fixed_transform_step100,2794,2022-07-29,2022-08-08,-0.004456034513838,2022,2022-06-30,learned_order_extension,20260912,0.4546653194215206,0.4546653194215206,0,0
fixed_transform_step100,2799,2022-08-05,2022-08-15,0.0091475117753996,2022,2022-06-30,learned_order_extension,20260912,0.4971803473233603,0.4971803473233603,0,1
fixed_transform_step100,2804,2022-08-12,2022-08-22,-0.0107272727272728,2022,2022-06-30,learned_order_extension,20260912,0.5701429029730881,0.5701429029730881,1,0
fixed_transform_step100,2809,2022-08-19,2022-08-29,-0.0172375434082356,2022,2022-06-30,learned_order_extension,20260912,0.49434655606331596,0.49434655606331596,0,0
fixed_transform_step100,2814,2022-08-26,2022-09-05,-0.0131573766941938,2022,2022-06-30,learned_order_extension,20260912,0.48881963360286956,0.48881963360286956,0,0
fixed_transform_step100,2819,2022-09-02,2022-09-13,0.0253340680878015,2022,2022-06-30,learned_order_extension,20260912,0.45431463073608214,0.45431463073608214,0,1
fixed_transform_step100,2824,2022-09-09,2022-09-19,-0.044647264962877,2022,2022-06-30,learned_order_extension,20260912,0.33559984545158034,0.33559984545158034,0,0
fixed_transform_step100,2828,2022-09-16,2022-09-26,-0.025155151434928,2022,2022-06-30,learned_order_extension,20260912,0.37513306542160785,0.37513306542160785,0,0
fixed_transform_step100,2833,2022-09-23,2022-10-10,-0.0060162941299352,2022,2022-06-30,learned_order_extension,20260912,0.415917149534752,0.415917149534752,0,0
fixed_transform_step100,2838,2022-09-30,2022-10-17,0.0041192047412885,2022,2022-06-30,learned_order_extension,20260912,0.47108892829386173,0.47108892829386173,0,1
fixed_transform_step100,2774,2022-07-01,2022-07-11,-0.0092349827532707,2022,2022-06-30,learned_order_offset,20260912,0.5481344468985067,0.5481344468985067,1,0
fixed_transform_step100,2779,2022-07-08,2022-07-18,-0.0326815927737367,2022,2022-06-30,learned_order_offset,20260912,0.575249159362979,0.575249159362979,1,0
fixed_transform_step100,2784,2022-07-15,2022-07-25,-0.0066210715249344,2022,2022-06-30,learned_order_offset,20260912,0.5502700722288753,0.5502700722288753,1,0
fixed_transform_step100,2789,2022-07-22,2022-08-01,-0.0173077967751003,2022,2022-06-30,learned_order_offset,20260912,0.5733642022119203,0.5733642022119203,1,0
fixed_transform_step100,2794,2022-07-29,2022-08-08,-0.004456034513838,2022,2022-06-30,learned_order_offset,20260912,0.4550597343788979,0.4550597343788979,0,0
fixed_transform_step100,2799,2022-08-05,2022-08-15,0.0091475117753996,2022,2022-06-30,learned_order_offset,20260912,0.49654343421330815,0.49654343421330815,0,1
fixed_transform_step100,2804,2022-08-12,2022-08-22,-0.0107272727272728,2022,2022-06-30,learned_order_offset,20260912,0.5722376730744715,0.5722376730744715,1,0
fixed_transform_step100,2809,2022-08-19,2022-08-29,-0.0172375434082356,2022,2022-06-30,learned_order_offset,20260912,0.4898590589314507,0.4898590589314507,0,0
fixed_transform_step100,2814,2022-08-26,2022-09-05,-0.0131573766941938,2022,2022-06-30,learned_order_offset,20260912,0.48631293145942245,0.48631293145942245,0,0
fixed_transform_step100,2819,2022-09-02,2022-09-13,0.0253340680878015,2022,2022-06-30,learned_order_offset,20260912,0.4520084261496045,0.4520084261496045,0,1
fixed_transform_step100,2824,2022-09-09,2022-09-19,-0.044647264962877,2022,2022-06-30,learned_order_offset,20260912,0.332269452904187,0.332269452904187,0,0
fixed_transform_step100,2828,2022-09-16,2022-09-26,-0.025155151434928,2022,2022-06-30,learned_order_offset,20260912,0.37114639192848237,0.37114639192848237,0,0
fixed_transform_step100,2833,2022-09-23,2022-10-10,-0.0060162941299352,2022,2022-06-30,learned_order_offset,20260912,0.4105132279064256,0.4105132279064256,0,0
fixed_transform_step100,2838,2022-09-30,2022-10-17,0.0041192047412885,2022,2022-06-30,learned_order_offset,20260912,0.4656692354004308,0.4656692354004308,0,1
fixed_transform_step100,2843,2022-10-14,2022-10-24,-0.0246766294110258,2022,2022-09-30,learned_market,20260910,0.5661492089009074,0.5661492089009074,1,0
fixed_transform_step100,2848,2022-10-21,2022-10-31,-0.059928861134359,2022,2022-09-30,learned_market,20260910,0.5629113516673824,0.5629113516673824,1,0
fixed_transform_step100,2853,2022-10-28,2022-11-07,0.071339502526744,2022,2022-09-30,learned_market,20260910,0.46211146235880185,0.46211146235880185,0,1
fixed_transform_step100,2858,2022-11-04,2022-11-14,0.0169449090696014,2022,2022-09-30,learned_market,20260910,0.5976496646126288,0.5976496646126288,1,1
fixed_transform_step100,2863,2022-11-11,2022-11-21,-0.0127051391515239,2022,2022-09-30,learned_market,20260910,0.5461079020843795,0.5461079020843795,1,0
fixed_transform_step100,2868,2022-11-18,2022-11-28,-0.0179672806084416,2022,2022-09-30,learned_market,20260910,0.572758350061136,0.572758350061136,1,0
fixed_transform_step100,2873,2022-11-25,2022-12-05,0.0555768659337096,2022,2022-09-30,learned_market,20260910,0.5194661980826858,0.5194661980826858,1,1
fixed_transform_step100,2878,2022-12-02,2022-12-12,0.0175374394775362,2022,2022-09-30,learned_market,20260910,0.43012203366570984,0.43012203366570984,0,1
fixed_transform_step100,2883,2022-12-09,2022-12-19,-0.0058850602464181,2022,2022-09-30,learned_market,20260910,0.3704323142396972,0.3704323142396972,0,0
fixed_transform_step100,2888,2022-12-16,2022-12-26,-0.0309150292073658,2022,2022-09-30,learned_market,20260910,0.5055071490493529,0.5055071490493529,1,0
fixed_transform_step100,2893,2022-12-23,2023-01-03,0.0089464492229616,2022,2022-09-30,learned_market,20260910,0.3871013625468162,0.3871013625468162,0,1
fixed_transform_step100,2898,2022-12-30,2023-01-09,0.0345913414268119,2022,2022-09-30,learned_market,20260910,0.48619781502405945,0.48619781502405945,0,1
fixed_transform_step100,2843,2022-10-14,2022-10-24,-0.0246766294110258,2022,2022-09-30,learned_vol_interaction,20260910,0.5663039131080435,0.5663039131080435,1,0
fixed_transform_step100,2848,2022-10-21,2022-10-31,-0.059928861134359,2022,2022-09-30,learned_vol_interaction,20260910,0.5603754613479786,0.5603754613479786,1,0
fixed_transform_step100,2853,2022-10-28,2022-11-07,0.071339502526744,2022,2022-09-30,learned_vol_interaction,20260910,0.4608854963238772,0.4608854963238772,0,1
fixed_transform_step100,2858,2022-11-04,2022-11-14,0.0169449090696014,2022,2022-09-30,learned_vol_interaction,20260910,0.6020525815966858,0.6020525815966858,1,1
fixed_transform_step100,2863,2022-11-11,2022-11-21,-0.0127051391515239,2022,2022-09-30,learned_vol_interaction,20260910,0.5483833960625487,0.5483833960625487,1,0
fixed_transform_step100,2868,2022-11-18,2022-11-28,-0.0179672806084416,2022,2022-09-30,learned_vol_interaction,20260910,0.5743385337251004,0.5743385337251004,1,0
fixed_transform_step100,2873,2022-11-25,2022-12-05,0.0555768659337096,2022,2022-09-30,learned_vol_interaction,20260910,0.5176716499836579,0.5176716499836579,1,1
fixed_transform_step100,2878,2022-12-02,2022-12-12,0.0175374394775362,2022,2022-09-30,learned_vol_interaction,20260910,0.43051216252218305,0.43051216252218305,0,1
fixed_transform_step100,2883,2022-12-09,2022-12-19,-0.0058850602464181,2022,2022-09-30,learned_vol_interaction,20260910,0.3735363480328751,0.3735363480328751,0,0
fixed_transform_step100,2888,2022-12-16,2022-12-26,-0.0309150292073658,2022,2022-09-30,learned_vol_interaction,20260910,0.5056936858822996,0.5056936858822996,1,0
fixed_transform_step100,2893,2022-12-23,2023-01-03,0.0089464492229616,2022,2022-09-30,learned_vol_interaction,20260910,0.3889413547125716,0.3889413547125716,0,1
fixed_transform_step100,2898,2022-12-30,2023-01-09,0.0345913414268119,2022,2022-09-30,learned_vol_interaction,20260910,0.48627017209869233,0.48627017209869233,0,1
fixed_transform_step100,2843,2022-10-14,2022-10-24,-0.0246766294110258,2022,2022-09-30,learned_order_extension,20260910,0.4704632700141224,0.4704632700141224,0,0
fixed_transform_step100,2848,2022-10-21,2022-10-31,-0.059928861134359,2022,2022-09-30,learned_order_extension,20260910,0.5231554027730378,0.5231554027730378,1,0
fixed_transform_step100,2853,2022-10-28,2022-11-07,0.071339502526744,2022,2022-09-30,learned_order_extension,20260910,0.48955101936223666,0.48955101936223666,0,1
fixed_transform_step100,2858,2022-11-04,2022-11-14,0.0169449090696014,2022,2022-09-30,learned_order_extension,20260910,0.5841526460161044,0.5841526460161044,1,1
fixed_transform_step100,2863,2022-11-11,2022-11-21,-0.0127051391515239,2022,2022-09-30,learned_order_extension,20260910,0.5769804496375063,0.5769804496375063,1,0
fixed_transform_step100,2868,2022-11-18,2022-11-28,-0.0179672806084416,2022,2022-09-30,learned_order_extension,20260910,0.6167242055456438,0.6167242055456438,1,0
fixed_transform_step100,2873,2022-11-25,2022-12-05,0.0555768659337096,2022,2022-09-30,learned_order_extension,20260910,0.5099919922757794,0.5099919922757794,1,1
fixed_transform_step100,2878,2022-12-02,2022-12-12,0.0175374394775362,2022,2022-09-30,learned_order_extension,20260910,0.34154538668776774,0.34154538668776774,0,1
fixed_transform_step100,2883,2022-12-09,2022-12-19,-0.0058850602464181,2022,2022-09-30,learned_order_extension,20260910,0.2654377893875669,0.2654377893875669,0,0
fixed_transform_step100,2888,2022-12-16,2022-12-26,-0.0309150292073658,2022,2022-09-30,learned_order_extension,20260910,0.5369990292835048,0.5369990292835048,1,0
fixed_transform_step100,2893,2022-12-23,2023-01-03,0.0089464492229616,2022,2022-09-30,learned_order_extension,20260910,0.3790992006928087,0.3790992006928087,0,1
fixed_transform_step100,2898,2022-12-30,2023-01-09,0.0345913414268119,2022,2022-09-30,learned_order_extension,20260910,0.5050656012536501,0.5050656012536501,1,1
fixed_transform_step100,2843,2022-10-14,2022-10-24,-0.0246766294110258,2022,2022-09-30,learned_order_offset,20260910,0.46792402033653724,0.46792402033653724,0,0
fixed_transform_step100,2848,2022-10-21,2022-10-31,-0.059928861134359,2022,2022-09-30,learned_order_offset,20260910,0.5149595044537699,0.5149595044537699,1,0
fixed_transform_step100,2853,2022-10-28,2022-11-07,0.071339502526744,2022,2022-09-30,learned_order_offset,20260910,0.47607448267607794,0.47607448267607794,0,1
fixed_transform_step100,2858,2022-11-04,2022-11-14,0.0169449090696014,2022,2022-09-30,learned_order_offset,20260910,0.5965711104170621,0.5965711104170621,1,1
fixed_transform_step100,2863,2022-11-11,2022-11-21,-0.0127051391515239,2022,2022-09-30,learned_order_offset,20260910,0.568545592919537,0.568545592919537,1,0
fixed_transform_step100,2868,2022-11-18,2022-11-28,-0.0179672806084416,2022,2022-09-30,learned_order_offset,20260910,0.6062120199707766,0.6062120199707766,1,0
fixed_transform_step100,2873,2022-11-25,2022-12-05,0.0555768659337096,2022,2022-09-30,learned_order_offset,20260910,0.4922989910429352,0.4922989910429352,0,1
fixed_transform_step100,2878,2022-12-02,2022-12-12,0.0175374394775362,2022,2022-09-30,learned_order_offset,20260910,0.3443780708904196,0.3443780708904196,0,1
fixed_transform_step100,2883,2022-12-09,2022-12-19,-0.0058850602464181,2022,2022-09-30,learned_order_offset,20260910,0.28318555850617044,0.28318555850617044,0,0
fixed_transform_step100,2888,2022-12-16,2022-12-26,-0.0309150292073658,2022,2022-09-30,learned_order_offset,20260910,0.5179187703065583,0.5179187703065583,1,0
fixed_transform_step100,2893,2022-12-23,2023-01-03,0.0089464492229616,2022,2022-09-30,learned_order_offset,20260910,0.38717694721668827,0.38717694721668827,0,1
fixed_transform_step100,2898,2022-12-30,2023-01-09,0.0345913414268119,2022,2022-09-30,learned_order_offset,20260910,0.5019464070459146,0.5019464070459146,1,1
fixed_transform_step100,2843,2022-10-14,2022-10-24,-0.0246766294110258,2022,2022-09-30,learned_market,20260911,0.5650230277384163,0.5650230277384163,1,0
fixed_transform_step100,2848,2022-10-21,2022-10-31,-0.059928861134359,2022,2022-09-30,learned_market,20260911,0.5953320351350948,0.5953320351350948,1,0
fixed_transform_step100,2853,2022-10-28,2022-11-07,0.071339502526744,2022,2022-09-30,learned_market,20260911,0.5121303442437896,0.5121303442437896,1,1
fixed_transform_step100,2858,2022-11-04,2022-11-14,0.0169449090696014,2022,2022-09-30,learned_market,20260911,0.34294660098463414,0.34294660098463414,0,1
fixed_transform_step100,2863,2022-11-11,2022-11-21,-0.0127051391515239,2022,2022-09-30,learned_market,20260911,0.5251902411486573,0.5251902411486573,1,0
fixed_transform_step100,2868,2022-11-18,2022-11-28,-0.0179672806084416,2022,2022-09-30,learned_market,20260911,0.36752052112123207,0.36752052112123207,0,0
fixed_transform_step100,2873,2022-11-25,2022-12-05,0.0555768659337096,2022,2022-09-30,learned_market,20260911,0.418761767005854,0.418761767005854,0,1
fixed_transform_step100,2878,2022-12-02,2022-12-12,0.0175374394775362,2022,2022-09-30,learned_market,20260911,0.4843503115500631,0.4843503115500631,0,1
fixed_transform_step100,2883,2022-12-09,2022-12-19,-0.0058850602464181,2022,2022-09-30,learned_market,20260911,0.523945014036094,0.523945014036094,1,0
fixed_transform_step100,2888,2022-12-16,2022-12-26,-0.0309150292073658,2022,2022-09-30,learned_market,20260911,0.45960216891899314,0.45960216891899314,0,0
fixed_transform_step100,2893,2022-12-23,2023-01-03,0.0089464492229616,2022,2022-09-30,learned_market,20260911,0.4398921927238737,0.4398921927238737,0,1
fixed_transform_step100,2898,2022-12-30,2023-01-09,0.0345913414268119,2022,2022-09-30,learned_market,20260911,0.2553741976366486,0.2553741976366486,0,1
fixed_transform_step100,2843,2022-10-14,2022-10-24,-0.0246766294110258,2022,2022-09-30,learned_vol_interaction,20260911,0.5645203201173946,0.5645203201173946,1,0
fixed_transform_step100,2848,2022-10-21,2022-10-31,-0.059928861134359,2022,2022-09-30,learned_vol_interaction,20260911,0.6002999364331845,0.6002999364331845,1,0
fixed_transform_step100,2853,2022-10-28,2022-11-07,0.071339502526744,2022,2022-09-30,learned_vol_interaction,20260911,0.5073993976507243,0.5073993976507243,1,1
fixed_transform_step100,2858,2022-11-04,2022-11-14,0.0169449090696014,2022,2022-09-30,learned_vol_interaction,20260911,0.3707707568476753,0.3707707568476753,0,1
fixed_transform_step100,2863,2022-11-11,2022-11-21,-0.0127051391515239,2022,2022-09-30,learned_vol_interaction,20260911,0.539314490749371,0.539314490749371,1,0
fixed_transform_step100,2868,2022-11-18,2022-11-28,-0.0179672806084416,2022,2022-09-30,learned_vol_interaction,20260911,0.4034816838595625,0.4034816838595625,0,0
fixed_transform_step100,2873,2022-11-25,2022-12-05,0.0555768659337096,2022,2022-09-30,learned_vol_interaction,20260911,0.42523563711157125,0.42523563711157125,0,1
fixed_transform_step100,2878,2022-12-02,2022-12-12,0.0175374394775362,2022,2022-09-30,learned_vol_interaction,20260911,0.48625502057485803,0.48625502057485803,0,1
fixed_transform_step100,2883,2022-12-09,2022-12-19,-0.0058850602464181,2022,2022-09-30,learned_vol_interaction,20260911,0.5194245319815848,0.5194245319815848,1,0
fixed_transform_step100,2888,2022-12-16,2022-12-26,-0.0309150292073658,2022,2022-09-30,learned_vol_interaction,20260911,0.4559996077851852,0.4559996077851852,0,0
fixed_transform_step100,2893,2022-12-23,2023-01-03,0.0089464492229616,2022,2022-09-30,learned_vol_interaction,20260911,0.4437446693902388,0.4437446693902388,0,1
fixed_transform_step100,2898,2022-12-30,2023-01-09,0.0345913414268119,2022,2022-09-30,learned_vol_interaction,20260911,0.23897613630840864,0.23897613630840864,0,1
fixed_transform_step100,2843,2022-10-14,2022-10-24,-0.0246766294110258,2022,2022-09-30,learned_order_extension,20260911,0.5669018924619759,0.5669018924619759,1,0
fixed_transform_step100,2848,2022-10-21,2022-10-31,-0.059928861134359,2022,2022-09-30,learned_order_extension,20260911,0.59407155876286,0.59407155876286,1,0
fixed_transform_step100,2853,2022-10-28,2022-11-07,0.071339502526744,2022,2022-09-30,learned_order_extension,20260911,0.5126175801669968,0.5126175801669968,1,1
fixed_transform_step100,2858,2022-11-04,2022-11-14,0.0169449090696014,2022,2022-09-30,learned_order_extension,20260911,0.38864202418658256,0.38864202418658256,0,1
fixed_transform_step100,2863,2022-11-11,2022-11-21,-0.0127051391515239,2022,2022-09-30,learned_order_extension,20260911,0.5338350914358113,0.5338350914358113,1,0
fixed_transform_step100,2868,2022-11-18,2022-11-28,-0.0179672806084416,2022,2022-09-30,learned_order_extension,20260911,0.38160294881457035,0.38160294881457035,0,0
fixed_transform_step100,2873,2022-11-25,2022-12-05,0.0555768659337096,2022,2022-09-30,learned_order_extension,20260911,0.41668064697169455,0.41668064697169455,0,1
fixed_transform_step100,2878,2022-12-02,2022-12-12,0.0175374394775362,2022,2022-09-30,learned_order_extension,20260911,0.4951243220178015,0.4951243220178015,0,1
fixed_transform_step100,2883,2022-12-09,2022-12-19,-0.0058850602464181,2022,2022-09-30,learned_order_extension,20260911,0.5104456559145325,0.5104456559145325,1,0
fixed_transform_step100,2888,2022-12-16,2022-12-26,-0.0309150292073658,2022,2022-09-30,learned_order_extension,20260911,0.4521526953720348,0.4521526953720348,0,0
fixed_transform_step100,2893,2022-12-23,2023-01-03,0.0089464492229616,2022,2022-09-30,learned_order_extension,20260911,0.4516793627396114,0.4516793627396114,0,1
fixed_transform_step100,2898,2022-12-30,2023-01-09,0.0345913414268119,2022,2022-09-30,learned_order_extension,20260911,0.23821319562736057,0.23821319562736057,0,1
fixed_transform_step100,2843,2022-10-14,2022-10-24,-0.0246766294110258,2022,2022-09-30,learned_order_offset,20260911,0.5643469023416585,0.5643469023416585,1,0
fixed_transform_step100,2848,2022-10-21,2022-10-31,-0.059928861134359,2022,2022-09-30,learned_order_offset,20260911,0.5895175916502609,0.5895175916502609,1,0
fixed_transform_step100,2853,2022-10-28,2022-11-07,0.071339502526744,2022,2022-09-30,learned_order_offset,20260911,0.5084466793637152,0.5084466793637152,1,1
fixed_transform_step100,2858,2022-11-04,2022-11-14,0.0169449090696014,2022,2022-09-30,learned_order_offset,20260911,0.3904995619737722,0.3904995619737722,0,1
fixed_transform_step100,2863,2022-11-11,2022-11-21,-0.0127051391515239,2022,2022-09-30,learned_order_offset,20260911,0.5379013715538593,0.5379013715538593,1,0
fixed_transform_step100,2868,2022-11-18,2022-11-28,-0.0179672806084416,2022,2022-09-30,learned_order_offset,20260911,0.3860371404112154,0.3860371404112154,0,0
fixed_transform_step100,2873,2022-11-25,2022-12-05,0.0555768659337096,2022,2022-09-30,learned_order_offset,20260911,0.41877188922544933,0.41877188922544933,0,1
fixed_transform_step100,2878,2022-12-02,2022-12-12,0.0175374394775362,2022,2022-09-30,learned_order_offset,20260911,0.49472492548285785,0.49472492548285785,0,1
fixed_transform_step100,2883,2022-12-09,2022-12-19,-0.0058850602464181,2022,2022-09-30,learned_order_offset,20260911,0.5127916198156284,0.5127916198156284,1,0
fixed_transform_step100,2888,2022-12-16,2022-12-26,-0.0309150292073658,2022,2022-09-30,learned_order_offset,20260911,0.45425005785666117,0.45425005785666117,0,0
fixed_transform_step100,2893,2022-12-23,2023-01-03,0.0089464492229616,2022,2022-09-30,learned_order_offset,20260911,0.4515307763999881,0.4515307763999881,0,1
fixed_transform_step100,2898,2022-12-30,2023-01-09,0.0345913414268119,2022,2022-09-30,learned_order_offset,20260911,0.24168443586332763,0.24168443586332763,0,1
fixed_transform_step100,2843,2022-10-14,2022-10-24,-0.0246766294110258,2022,2022-09-30,learned_market,20260912,0.5438310020093582,0.5438310020093582,1,0
fixed_transform_step100,2848,2022-10-21,2022-10-31,-0.059928861134359,2022,2022-09-30,learned_market,20260912,0.5403970419174638,0.5403970419174638,1,0
fixed_transform_step100,2853,2022-10-28,2022-11-07,0.071339502526744,2022,2022-09-30,learned_market,20260912,0.5643972045932238,0.5643972045932238,1,1
fixed_transform_step100,2858,2022-11-04,2022-11-14,0.0169449090696014,2022,2022-09-30,learned_market,20260912,0.5314053814674545,0.5314053814674545,1,1
fixed_transform_step100,2863,2022-11-11,2022-11-21,-0.0127051391515239,2022,2022-09-30,learned_market,20260912,0.588515660340542,0.588515660340542,1,0
fixed_transform_step100,2868,2022-11-18,2022-11-28,-0.0179672806084416,2022,2022-09-30,learned_market,20260912,0.4721871286191841,0.4721871286191841,0,0
fixed_transform_step100,2873,2022-11-25,2022-12-05,0.0555768659337096,2022,2022-09-30,learned_market,20260912,0.52873673169882,0.52873673169882,1,1
fixed_transform_step100,2878,2022-12-02,2022-12-12,0.0175374394775362,2022,2022-09-30,learned_market,20260912,0.5054589332332705,0.5054589332332705,1,1
fixed_transform_step100,2883,2022-12-09,2022-12-19,-0.0058850602464181,2022,2022-09-30,learned_market,20260912,0.536696492529935,0.536696492529935,1,0
fixed_transform_step100,2888,2022-12-16,2022-12-26,-0.0309150292073658,2022,2022-09-30,learned_market,20260912,0.5255252666890023,0.5255252666890023,1,0
fixed_transform_step100,2893,2022-12-23,2023-01-03,0.0089464492229616,2022,2022-09-30,learned_market,20260912,0.43066724583611193,0.43066724583611193,0,1
fixed_transform_step100,2898,2022-12-30,2023-01-09,0.0345913414268119,2022,2022-09-30,learned_market,20260912,0.42800779133441635,0.42800779133441635,0,1
fixed_transform_step100,2843,2022-10-14,2022-10-24,-0.0246766294110258,2022,2022-09-30,learned_vol_interaction,20260912,0.5480727574509235,0.5480727574509235,1,0
fixed_transform_step100,2848,2022-10-21,2022-10-31,-0.059928861134359,2022,2022-09-30,learned_vol_interaction,20260912,0.5383417662215669,0.5383417662215669,1,0
fixed_transform_step100,2853,2022-10-28,2022-11-07,0.071339502526744,2022,2022-09-30,learned_vol_interaction,20260912,0.5659080453405716,0.5659080453405716,1,1
fixed_transform_step100,2858,2022-11-04,2022-11-14,0.0169449090696014,2022,2022-09-30,learned_vol_interaction,20260912,0.5320955234493093,0.5320955234493093,1,1
fixed_transform_step100,2863,2022-11-11,2022-11-21,-0.0127051391515239,2022,2022-09-30,learned_vol_interaction,20260912,0.5850703141760388,0.5850703141760388,1,0
fixed_transform_step100,2868,2022-11-18,2022-11-28,-0.0179672806084416,2022,2022-09-30,learned_vol_interaction,20260912,0.4629843847639986,0.4629843847639986,0,0
fixed_transform_step100,2873,2022-11-25,2022-12-05,0.0555768659337096,2022,2022-09-30,learned_vol_interaction,20260912,0.5273708286358614,0.5273708286358614,1,1
fixed_transform_step100,2878,2022-12-02,2022-12-12,0.0175374394775362,2022,2022-09-30,learned_vol_interaction,20260912,0.5090306088645125,0.5090306088645125,1,1
fixed_transform_step100,2883,2022-12-09,2022-12-19,-0.0058850602464181,2022,2022-09-30,learned_vol_interaction,20260912,0.5374474666741129,0.5374474666741129,1,0
fixed_transform_step100,2888,2022-12-16,2022-12-26,-0.0309150292073658,2022,2022-09-30,learned_vol_interaction,20260912,0.5216299582937418,0.5216299582937418,1,0
fixed_transform_step100,2893,2022-12-23,2023-01-03,0.0089464492229616,2022,2022-09-30,learned_vol_interaction,20260912,0.4341005852668277,0.4341005852668277,0,1
fixed_transform_step100,2898,2022-12-30,2023-01-09,0.0345913414268119,2022,2022-09-30,learned_vol_interaction,20260912,0.4375358728577679,0.4375358728577679,0,1
fixed_transform_step100,2843,2022-10-14,2022-10-24,-0.0246766294110258,2022,2022-09-30,learned_order_extension,20260912,0.5079461442023671,0.5079461442023671,1,0
fixed_transform_step100,2848,2022-10-21,2022-10-31,-0.059928861134359,2022,2022-09-30,learned_order_extension,20260912,0.4927117129913752,0.4927117129913752,0,0
fixed_transform_step100,2853,2022-10-28,2022-11-07,0.071339502526744,2022,2022-09-30,learned_order_extension,20260912,0.5594885397603445,0.5594885397603445,1,1
fixed_transform_step100,2858,2022-11-04,2022-11-14,0.0169449090696014,2022,2022-09-30,learned_order_extension,20260912,0.5502205564931408,0.5502205564931408,1,1
fixed_transform_step100,2863,2022-11-11,2022-11-21,-0.0127051391515239,2022,2022-09-30,learned_order_extension,20260912,0.5784255983371803,0.5784255983371803,1,0
fixed_transform_step100,2868,2022-11-18,2022-11-28,-0.0179672806084416,2022,2022-09-30,learned_order_extension,20260912,0.4227207837064304,0.4227207837064304,0,0
fixed_transform_step100,2873,2022-11-25,2022-12-05,0.0555768659337096,2022,2022-09-30,learned_order_extension,20260912,0.46680299716264817,0.46680299716264817,0,1
fixed_transform_step100,2878,2022-12-02,2022-12-12,0.0175374394775362,2022,2022-09-30,learned_order_extension,20260912,0.449690625474949,0.449690625474949,0,1
fixed_transform_step100,2883,2022-12-09,2022-12-19,-0.0058850602464181,2022,2022-09-30,learned_order_extension,20260912,0.5242490174965753,0.5242490174965753,1,0
fixed_transform_step100,2888,2022-12-16,2022-12-26,-0.0309150292073658,2022,2022-09-30,learned_order_extension,20260912,0.5770254802268263,0.5770254802268263,1,0
fixed_transform_step100,2893,2022-12-23,2023-01-03,0.0089464492229616,2022,2022-09-30,learned_order_extension,20260912,0.45804283604042184,0.45804283604042184,0,1
fixed_transform_step100,2898,2022-12-30,2023-01-09,0.0345913414268119,2022,2022-09-30,learned_order_extension,20260912,0.4500585275482616,0.4500585275482616,0,1
fixed_transform_step100,2843,2022-10-14,2022-10-24,-0.0246766294110258,2022,2022-09-30,learned_order_offset,20260912,0.5026888548466956,0.5026888548466956,1,0
fixed_transform_step100,2848,2022-10-21,2022-10-31,-0.059928861134359,2022,2022-09-30,learned_order_offset,20260912,0.4812709300671699,0.4812709300671699,0,0
fixed_transform_step100,2853,2022-10-28,2022-11-07,0.071339502526744,2022,2022-09-30,learned_order_offset,20260912,0.5625863157403104,0.5625863157403104,1,1
fixed_transform_step100,2858,2022-11-04,2022-11-14,0.0169449090696014,2022,2022-09-30,learned_order_offset,20260912,0.5504447396503097,0.5504447396503097,1,1
fixed_transform_step100,2863,2022-11-11,2022-11-21,-0.0127051391515239,2022,2022-09-30,learned_order_offset,20260912,0.5879152459575836,0.5879152459575836,1,0
fixed_transform_step100,2868,2022-11-18,2022-11-28,-0.0179672806084416,2022,2022-09-30,learned_order_offset,20260912,0.4338716138959683,0.4338716138959683,0,0
fixed_transform_step100,2873,2022-11-25,2022-12-05,0.0555768659337096,2022,2022-09-30,learned_order_offset,20260912,0.48277652733344656,0.48277652733344656,0,1
fixed_transform_step100,2878,2022-12-02,2022-12-12,0.0175374394775362,2022,2022-09-30,learned_order_offset,20260912,0.4670803658560983,0.4670803658560983,0,1
fixed_transform_step100,2883,2022-12-09,2022-12-19,-0.0058850602464181,2022,2022-09-30,learned_order_offset,20260912,0.5242500244350908,0.5242500244350908,1,0
fixed_transform_step100,2888,2022-12-16,2022-12-26,-0.0309150292073658,2022,2022-09-30,learned_order_offset,20260912,0.5468121356535381,0.5468121356535381,1,0
fixed_transform_step100,2893,2022-12-23,2023-01-03,0.0089464492229616,2022,2022-09-30,learned_order_offset,20260912,0.4623851821745544,0.4623851821745544,0,1
fixed_transform_step100,2898,2022-12-30,2023-01-09,0.0345913414268119,2022,2022-09-30,learned_order_offset,20260912,0.4632350072918965,0.4632350072918965,0,1
fixed_transform_step100,2902,2023-01-06,2023-01-16,0.0198447929614133,2023,2022-12-31,learned_market,20260910,0.2720748657753032,0.2720748657753032,0,1
fixed_transform_step100,2907,2023-01-13,2023-01-30,0.0465290788350809,2023,2022-12-31,learned_market,20260910,0.47236248212800225,0.47236248212800225,0,1
fixed_transform_step100,2912,2023-01-20,2023-02-06,-0.0383797057844887,2023,2022-12-31,learned_market,20260910,0.406664897579608,0.406664897579608,0,0
fixed_transform_step100,2917,2023-02-03,2023-02-13,-0.0012061903149008,2023,2022-12-31,learned_market,20260910,0.7077615943567296,0.7077615943567296,1,0
fixed_transform_step100,2922,2023-02-10,2023-02-20,-0.0143746584432821,2023,2022-12-31,learned_market,20260910,0.3396729663973045,0.3396729663973045,0,0
fixed_transform_step100,2927,2023-02-17,2023-02-27,0.0001237636016198,2023,2022-12-31,learned_market,20260910,0.3940367299508906,0.3940367299508906,0,1
fixed_transform_step100,2932,2023-02-24,2023-03-06,0.0224454641303217,2023,2022-12-31,learned_market,20260910,0.6368517662464305,0.6368517662464305,1,1
fixed_transform_step100,2937,2023-03-03,2023-03-13,-0.0407900947678007,2023,2022-12-31,learned_market,20260910,0.7365179717700991,0.7365179717700991,1,0
fixed_transform_step100,2942,2023-03-10,2023-03-20,5.0471402903706775e-06,2023,2022-12-31,learned_market,20260910,0.5813776336748179,0.5813776336748179,1,1
fixed_transform_step100,2947,2023-03-17,2023-03-27,0.015302852124583,2023,2022-12-31,learned_market,20260910,0.42485803758448765,0.42485803758448765,0,1
fixed_transform_step100,2952,2023-03-24,2023-04-03,0.0090274153058433,2023,2022-12-31,learned_market,20260910,0.37090574302943613,0.37090574302943613,0,1
fixed_transform_step100,2957,2023-03-31,2023-04-10,0.0178317182396383,2023,2022-12-31,learned_market,20260910,0.3924154635264961,0.3924154635264961,0,1
fixed_transform_step100,2902,2023-01-06,2023-01-16,0.0198447929614133,2023,2022-12-31,learned_vol_interaction,20260910,0.2579229355480302,0.2579229355480302,0,1
fixed_transform_step100,2907,2023-01-13,2023-01-30,0.0465290788350809,2023,2022-12-31,learned_vol_interaction,20260910,0.46834593067568,0.46834593067568,0,1
fixed_transform_step100,2912,2023-01-20,2023-02-06,-0.0383797057844887,2023,2022-12-31,learned_vol_interaction,20260910,0.3968582316115995,0.3968582316115995,0,0
fixed_transform_step100,2917,2023-02-03,2023-02-13,-0.0012061903149008,2023,2022-12-31,learned_vol_interaction,20260910,0.7386639107975522,0.7386639107975522,1,0
fixed_transform_step100,2922,2023-02-10,2023-02-20,-0.0143746584432821,2023,2022-12-31,learned_vol_interaction,20260910,0.3303769483660095,0.3303769483660095,0,0
fixed_transform_step100,2927,2023-02-17,2023-02-27,0.0001237636016198,2023,2022-12-31,learned_vol_interaction,20260910,0.37895686267521006,0.37895686267521006,0,1
fixed_transform_step100,2932,2023-02-24,2023-03-06,0.0224454641303217,2023,2022-12-31,learned_vol_interaction,20260910,0.6474147480213357,0.6474147480213357,1,1
fixed_transform_step100,2937,2023-03-03,2023-03-13,-0.0407900947678007,2023,2022-12-31,learned_vol_interaction,20260910,0.7530412308563522,0.7530412308563522,1,0
fixed_transform_step100,2942,2023-03-10,2023-03-20,5.0471402903706775e-06,2023,2022-12-31,learned_vol_interaction,20260910,0.5873882519994295,0.5873882519994295,1,1
fixed_transform_step100,2947,2023-03-17,2023-03-27,0.015302852124583,2023,2022-12-31,learned_vol_interaction,20260910,0.41458186592231894,0.41458186592231894,0,1
fixed_transform_step100,2952,2023-03-24,2023-04-03,0.0090274153058433,2023,2022-12-31,learned_vol_interaction,20260910,0.35652402288788393,0.35652402288788393,0,1
fixed_transform_step100,2957,2023-03-31,2023-04-10,0.0178317182396383,2023,2022-12-31,learned_vol_interaction,20260910,0.3863632737017367,0.3863632737017367,0,1
fixed_transform_step100,2902,2023-01-06,2023-01-16,0.0198447929614133,2023,2022-12-31,learned_order_extension,20260910,0.2943161630816726,0.2943161630816726,0,1
fixed_transform_step100,2907,2023-01-13,2023-01-30,0.0465290788350809,2023,2022-12-31,learned_order_extension,20260910,0.46027187341536235,0.46027187341536235,0,1
fixed_transform_step100,2912,2023-01-20,2023-02-06,-0.0383797057844887,2023,2022-12-31,learned_order_extension,20260910,0.3872152058090037,0.3872152058090037,0,0
fixed_transform_step100,2917,2023-02-03,2023-02-13,-0.0012061903149008,2023,2022-12-31,learned_order_extension,20260910,0.7087431108814826,0.7087431108814826,1,0
fixed_transform_step100,2922,2023-02-10,2023-02-20,-0.0143746584432821,2023,2022-12-31,learned_order_extension,20260910,0.33420380659580207,0.33420380659580207,0,0
fixed_transform_step100,2927,2023-02-17,2023-02-27,0.0001237636016198,2023,2022-12-31,learned_order_extension,20260910,0.37695809393703467,0.37695809393703467,0,1
fixed_transform_step100,2932,2023-02-24,2023-03-06,0.0224454641303217,2023,2022-12-31,learned_order_extension,20260910,0.6504979423759706,0.6504979423759706,1,1
fixed_transform_step100,2937,2023-03-03,2023-03-13,-0.0407900947678007,2023,2022-12-31,learned_order_extension,20260910,0.7451391997229981,0.7451391997229981,1,0
fixed_transform_step100,2942,2023-03-10,2023-03-20,5.0471402903706775e-06,2023,2022-12-31,learned_order_extension,20260910,0.5807717243209339,0.5807717243209339,1,1
fixed_transform_step100,2947,2023-03-17,2023-03-27,0.015302852124583,2023,2022-12-31,learned_order_extension,20260910,0.4261400351912486,0.4261400351912486,0,1
fixed_transform_step100,2952,2023-03-24,2023-04-03,0.0090274153058433,2023,2022-12-31,learned_order_extension,20260910,0.35549705087245137,0.35549705087245137,0,1
fixed_transform_step100,2957,2023-03-31,2023-04-10,0.0178317182396383,2023,2022-12-31,learned_order_extension,20260910,0.38561638910546875,0.38561638910546875,0,1
fixed_transform_step100,2902,2023-01-06,2023-01-16,0.0198447929614133,2023,2022-12-31,learned_order_offset,20260910,0.29436491679511234,0.29436491679511234,0,1
fixed_transform_step100,2907,2023-01-13,2023-01-30,0.0465290788350809,2023,2022-12-31,learned_order_offset,20260910,0.45922844261203544,0.45922844261203544,0,1
fixed_transform_step100,2912,2023-01-20,2023-02-06,-0.0383797057844887,2023,2022-12-31,learned_order_offset,20260910,0.3863007910171924,0.3863007910171924,0,0
fixed_transform_step100,2917,2023-02-03,2023-02-13,-0.0012061903149008,2023,2022-12-31,learned_order_offset,20260910,0.708109906191393,0.708109906191393,1,0
fixed_transform_step100,2922,2023-02-10,2023-02-20,-0.0143746584432821,2023,2022-12-31,learned_order_offset,20260910,0.3342356424663725,0.3342356424663725,0,0
fixed_transform_step100,2927,2023-02-17,2023-02-27,0.0001237636016198,2023,2022-12-31,learned_order_offset,20260910,0.3768936129162209,0.3768936129162209,0,1
fixed_transform_step100,2932,2023-02-24,2023-03-06,0.0224454641303217,2023,2022-12-31,learned_order_offset,20260910,0.650954614063496,0.650954614063496,1,1
fixed_transform_step100,2937,2023-03-03,2023-03-13,-0.0407900947678007,2023,2022-12-31,learned_order_offset,20260910,0.744213255918267,0.744213255918267,1,0
fixed_transform_step100,2942,2023-03-10,2023-03-20,5.0471402903706775e-06,2023,2022-12-31,learned_order_offset,20260910,0.581402685223824,0.581402685223824,1,1
fixed_transform_step100,2947,2023-03-17,2023-03-27,0.015302852124583,2023,2022-12-31,learned_order_offset,20260910,0.4267138677564879,0.4267138677564879,0,1
fixed_transform_step100,2952,2023-03-24,2023-04-03,0.0090274153058433,2023,2022-12-31,learned_order_offset,20260910,0.3550974197538086,0.3550974197538086,0,1
fixed_transform_step100,2957,2023-03-31,2023-04-10,0.0178317182396383,2023,2022-12-31,learned_order_offset,20260910,0.38476763491007665,0.38476763491007665,0,1
fixed_transform_step100,2902,2023-01-06,2023-01-16,0.0198447929614133,2023,2022-12-31,learned_market,20260911,0.4109996836659653,0.4109996836659653,0,1
fixed_transform_step100,2907,2023-01-13,2023-01-30,0.0465290788350809,2023,2022-12-31,learned_market,20260911,0.344318482304961,0.344318482304961,0,1
fixed_transform_step100,2912,2023-01-20,2023-02-06,-0.0383797057844887,2023,2022-12-31,learned_market,20260911,0.6588589521771411,0.6588589521771411,1,0
fixed_transform_step100,2917,2023-02-03,2023-02-13,-0.0012061903149008,2023,2022-12-31,learned_market,20260911,0.5846417083500102,0.5846417083500102,1,0
fixed_transform_step100,2922,2023-02-10,2023-02-20,-0.0143746584432821,2023,2022-12-31,learned_market,20260911,0.37229435163057095,0.37229435163057095,0,0
fixed_transform_step100,2927,2023-02-17,2023-02-27,0.0001237636016198,2023,2022-12-31,learned_market,20260911,0.4278917331001193,0.4278917331001193,0,1
fixed_transform_step100,2932,2023-02-24,2023-03-06,0.0224454641303217,2023,2022-12-31,learned_market,20260911,0.6524353768671635,0.6524353768671635,1,1
fixed_transform_step100,2937,2023-03-03,2023-03-13,-0.0407900947678007,2023,2022-12-31,learned_market,20260911,0.767620468884498,0.767620468884498,1,0
fixed_transform_step100,2942,2023-03-10,2023-03-20,5.0471402903706775e-06,2023,2022-12-31,learned_market,20260911,0.6078004132598206,0.6078004132598206,1,1
fixed_transform_step100,2947,2023-03-17,2023-03-27,0.015302852124583,2023,2022-12-31,learned_market,20260911,0.41902195233093853,0.41902195233093853,0,1
fixed_transform_step100,2952,2023-03-24,2023-04-03,0.0090274153058433,2023,2022-12-31,learned_market,20260911,0.4677158880927443,0.4677158880927443,0,1
fixed_transform_step100,2957,2023-03-31,2023-04-10,0.0178317182396383,2023,2022-12-31,learned_market,20260911,0.5644297293997745,0.5644297293997745,1,1
fixed_transform_step100,2902,2023-01-06,2023-01-16,0.0198447929614133,2023,2022-12-31,learned_vol_interaction,20260911,0.40969442309749926,0.40969442309749926,0,1
fixed_transform_step100,2907,2023-01-13,2023-01-30,0.0465290788350809,2023,2022-12-31,learned_vol_interaction,20260911,0.36456829174456845,0.36456829174456845,0,1
fixed_transform_step100,2912,2023-01-20,2023-02-06,-0.0383797057844887,2023,2022-12-31,learned_vol_interaction,20260911,0.5794436004575169,0.5794436004575169,1,0
fixed_transform_step100,2917,2023-02-03,2023-02-13,-0.0012061903149008,2023,2022-12-31,learned_vol_interaction,20260911,0.5514968469417321,0.5514968469417321,1,0
fixed_transform_step100,2922,2023-02-10,2023-02-20,-0.0143746584432821,2023,2022-12-31,learned_vol_interaction,20260911,0.3927055424872561,0.3927055424872561,0,0
fixed_transform_step100,2927,2023-02-17,2023-02-27,0.0001237636016198,2023,2022-12-31,learned_vol_interaction,20260911,0.44774683758526995,0.44774683758526995,0,1
fixed_transform_step100,2932,2023-02-24,2023-03-06,0.0224454641303217,2023,2022-12-31,learned_vol_interaction,20260911,0.619096546985403,0.619096546985403,1,1
fixed_transform_step100,2937,2023-03-03,2023-03-13,-0.0407900947678007,2023,2022-12-31,learned_vol_interaction,20260911,0.7361671223361639,0.7361671223361639,1,0
fixed_transform_step100,2942,2023-03-10,2023-03-20,5.0471402903706775e-06,2023,2022-12-31,learned_vol_interaction,20260911,0.5923713060138441,0.5923713060138441,1,1
fixed_transform_step100,2947,2023-03-17,2023-03-27,0.015302852124583,2023,2022-12-31,learned_vol_interaction,20260911,0.44129297023126407,0.44129297023126407,0,1
fixed_transform_step100,2952,2023-03-24,2023-04-03,0.0090274153058433,2023,2022-12-31,learned_vol_interaction,20260911,0.48118952805584325,0.48118952805584325,0,1
fixed_transform_step100,2957,2023-03-31,2023-04-10,0.0178317182396383,2023,2022-12-31,learned_vol_interaction,20260911,0.5581984383579583,0.5581984383579583,1,1
fixed_transform_step100,2902,2023-01-06,2023-01-16,0.0198447929614133,2023,2022-12-31,learned_order_extension,20260911,0.4111458737354107,0.4111458737354107,0,1
fixed_transform_step100,2907,2023-01-13,2023-01-30,0.0465290788350809,2023,2022-12-31,learned_order_extension,20260911,0.36472782557647304,0.36472782557647304,0,1
fixed_transform_step100,2912,2023-01-20,2023-02-06,-0.0383797057844887,2023,2022-12-31,learned_order_extension,20260911,0.5780473136480286,0.5780473136480286,1,0
fixed_transform_step100,2917,2023-02-03,2023-02-13,-0.0012061903149008,2023,2022-12-31,learned_order_extension,20260911,0.5514322848293292,0.5514322848293292,1,0
fixed_transform_step100,2922,2023-02-10,2023-02-20,-0.0143746584432821,2023,2022-12-31,learned_order_extension,20260911,0.3920291907474336,0.3920291907474336,0,0
fixed_transform_step100,2927,2023-02-17,2023-02-27,0.0001237636016198,2023,2022-12-31,learned_order_extension,20260911,0.4473244932999703,0.4473244932999703,0,1
fixed_transform_step100,2932,2023-02-24,2023-03-06,0.0224454641303217,2023,2022-12-31,learned_order_extension,20260911,0.6194433589464242,0.6194433589464242,1,1
fixed_transform_step100,2937,2023-03-03,2023-03-13,-0.0407900947678007,2023,2022-12-31,learned_order_extension,20260911,0.7367440693214489,0.7367440693214489,1,0
fixed_transform_step100,2942,2023-03-10,2023-03-20,5.0471402903706775e-06,2023,2022-12-31,learned_order_extension,20260911,0.5926520405957385,0.5926520405957385,1,1
fixed_transform_step100,2947,2023-03-17,2023-03-27,0.015302852124583,2023,2022-12-31,learned_order_extension,20260911,0.44150652320643097,0.44150652320643097,0,1
fixed_transform_step100,2952,2023-03-24,2023-04-03,0.0090274153058433,2023,2022-12-31,learned_order_extension,20260911,0.4806406899115495,0.4806406899115495,0,1
fixed_transform_step100,2957,2023-03-31,2023-04-10,0.0178317182396383,2023,2022-12-31,learned_order_extension,20260911,0.5564015664237618,0.5564015664237618,1,1
fixed_transform_step100,2902,2023-01-06,2023-01-16,0.0198447929614133,2023,2022-12-31,learned_order_offset,20260911,0.41117201615041793,0.41117201615041793,0,1
fixed_transform_step100,2907,2023-01-13,2023-01-30,0.0465290788350809,2023,2022-12-31,learned_order_offset,20260911,0.364680620051655,0.364680620051655,0,1
fixed_transform_step100,2912,2023-01-20,2023-02-06,-0.0383797057844887,2023,2022-12-31,learned_order_offset,20260911,0.578179649696222,0.578179649696222,1,0
fixed_transform_step100,2917,2023-02-03,2023-02-13,-0.0012061903149008,2023,2022-12-31,learned_order_offset,20260911,0.5515128874638535,0.5515128874638535,1,0
fixed_transform_step100,2922,2023-02-10,2023-02-20,-0.0143746584432821,2023,2022-12-31,learned_order_offset,20260911,0.39192014326711666,0.39192014326711666,0,0
fixed_transform_step100,2927,2023-02-17,2023-02-27,0.0001237636016198,2023,2022-12-31,learned_order_offset,20260911,0.44735551730013157,0.44735551730013157,0,1
fixed_transform_step100,2932,2023-02-24,2023-03-06,0.0224454641303217,2023,2022-12-31,learned_order_offset,20260911,0.6194755772192605,0.6194755772192605,1,1
fixed_transform_step100,2937,2023-03-03,2023-03-13,-0.0407900947678007,2023,2022-12-31,learned_order_offset,20260911,0.7367890366176728,0.7367890366176728,1,0
fixed_transform_step100,2942,2023-03-10,2023-03-20,5.0471402903706775e-06,2023,2022-12-31,learned_order_offset,20260911,0.5927141757173765,0.5927141757173765,1,1
fixed_transform_step100,2947,2023-03-17,2023-03-27,0.015302852124583,2023,2022-12-31,learned_order_offset,20260911,0.44144992787218895,0.44144992787218895,0,1
fixed_transform_step100,2952,2023-03-24,2023-04-03,0.0090274153058433,2023,2022-12-31,learned_order_offset,20260911,0.48064826466248156,0.48064826466248156,0,1
fixed_transform_step100,2957,2023-03-31,2023-04-10,0.0178317182396383,2023,2022-12-31,learned_order_offset,20260911,0.556461403271004,0.556461403271004,1,1
fixed_transform_step100,2902,2023-01-06,2023-01-16,0.0198447929614133,2023,2022-12-31,learned_market,20260912,0.30052885603711643,0.30052885603711643,0,1
fixed_transform_step100,2907,2023-01-13,2023-01-30,0.0465290788350809,2023,2022-12-31,learned_market,20260912,0.25642703962175933,0.25642703962175933,0,1
fixed_transform_step100,2912,2023-01-20,2023-02-06,-0.0383797057844887,2023,2022-12-31,learned_market,20260912,0.6884031394091166,0.6884031394091166,1,0
fixed_transform_step100,2917,2023-02-03,2023-02-13,-0.0012061903149008,2023,2022-12-31,learned_market,20260912,0.48719446040105807,0.48719446040105807,0,0
fixed_transform_step100,2922,2023-02-10,2023-02-20,-0.0143746584432821,2023,2022-12-31,learned_market,20260912,0.25478983111842135,0.25478983111842135,0,0
fixed_transform_step100,2927,2023-02-17,2023-02-27,0.0001237636016198,2023,2022-12-31,learned_market,20260912,0.4079835806267681,0.4079835806267681,0,1
fixed_transform_step100,2932,2023-02-24,2023-03-06,0.0224454641303217,2023,2022-12-31,learned_market,20260912,0.7137242634797857,0.7137242634797857,1,1
fixed_transform_step100,2937,2023-03-03,2023-03-13,-0.0407900947678007,2023,2022-12-31,learned_market,20260912,0.5807881322909977,0.5807881322909977,1,0
fixed_transform_step100,2942,2023-03-10,2023-03-20,5.0471402903706775e-06,2023,2022-12-31,learned_market,20260912,0.41460120883303464,0.41460120883303464,0,1
fixed_transform_step100,2947,2023-03-17,2023-03-27,0.015302852124583,2023,2022-12-31,learned_market,20260912,0.30490069121650976,0.30490069121650976,0,1
fixed_transform_step100,2952,2023-03-24,2023-04-03,0.0090274153058433,2023,2022-12-31,learned_market,20260912,0.5481390563099999,0.5481390563099999,1,1
fixed_transform_step100,2957,2023-03-31,2023-04-10,0.0178317182396383,2023,2022-12-31,learned_market,20260912,0.611788401190659,0.611788401190659,1,1
fixed_transform_step100,2902,2023-01-06,2023-01-16,0.0198447929614133,2023,2022-12-31,learned_vol_interaction,20260912,0.28965659740268485,0.28965659740268485,0,1
fixed_transform_step100,2907,2023-01-13,2023-01-30,0.0465290788350809,2023,2022-12-31,learned_vol_interaction,20260912,0.24376767561556023,0.24376767561556023,0,1
fixed_transform_step100,2912,2023-01-20,2023-02-06,-0.0383797057844887,2023,2022-12-31,learned_vol_interaction,20260912,0.7144269683090918,0.7144269683090918,1,0
fixed_transform_step100,2917,2023-02-03,2023-02-13,-0.0012061903149008,2023,2022-12-31,learned_vol_interaction,20260912,0.48449097695552545,0.48449097695552545,0,0
fixed_transform_step100,2922,2023-02-10,2023-02-20,-0.0143746584432821,2023,2022-12-31,learned_vol_interaction,20260912,0.24568395555451436,0.24568395555451436,0,0
fixed_transform_step100,2927,2023-02-17,2023-02-27,0.0001237636016198,2023,2022-12-31,learned_vol_interaction,20260912,0.4043340500782045,0.4043340500782045,0,1
fixed_transform_step100,2932,2023-02-24,2023-03-06,0.0224454641303217,2023,2022-12-31,learned_vol_interaction,20260912,0.7237644100552868,0.7237644100552868,1,1
fixed_transform_step100,2937,2023-03-03,2023-03-13,-0.0407900947678007,2023,2022-12-31,learned_vol_interaction,20260912,0.5909800662310533,0.5909800662310533,1,0
fixed_transform_step100,2942,2023-03-10,2023-03-20,5.0471402903706775e-06,2023,2022-12-31,learned_vol_interaction,20260912,0.42073806711796297,0.42073806711796297,0,1
fixed_transform_step100,2947,2023-03-17,2023-03-27,0.015302852124583,2023,2022-12-31,learned_vol_interaction,20260912,0.29115877511006416,0.29115877511006416,0,1
fixed_transform_step100,2952,2023-03-24,2023-04-03,0.0090274153058433,2023,2022-12-31,learned_vol_interaction,20260912,0.5529999746105244,0.5529999746105244,1,1
fixed_transform_step100,2957,2023-03-31,2023-04-10,0.0178317182396383,2023,2022-12-31,learned_vol_interaction,20260912,0.632100803954458,0.632100803954458,1,1
fixed_transform_step100,2902,2023-01-06,2023-01-16,0.0198447929614133,2023,2022-12-31,learned_order_extension,20260912,0.3320870087441045,0.3320870087441045,0,1
fixed_transform_step100,2907,2023-01-13,2023-01-30,0.0465290788350809,2023,2022-12-31,learned_order_extension,20260912,0.27988954900977053,0.27988954900977053,0,1
fixed_transform_step100,2912,2023-01-20,2023-02-06,-0.0383797057844887,2023,2022-12-31,learned_order_extension,20260912,0.6620064456911843,0.6620064456911843,1,0
fixed_transform_step100,2917,2023-02-03,2023-02-13,-0.0012061903149008,2023,2022-12-31,learned_order_extension,20260912,0.47399209037220413,0.47399209037220413,0,0
fixed_transform_step100,2922,2023-02-10,2023-02-20,-0.0143746584432821,2023,2022-12-31,learned_order_extension,20260912,0.24616016767148868,0.24616016767148868,0,0
fixed_transform_step100,2927,2023-02-17,2023-02-27,0.0001237636016198,2023,2022-12-31,learned_order_extension,20260912,0.39614793530843245,0.39614793530843245,0,1
fixed_transform_step100,2932,2023-02-24,2023-03-06,0.0224454641303217,2023,2022-12-31,learned_order_extension,20260912,0.7129289281429624,0.7129289281429624,1,1
fixed_transform_step100,2937,2023-03-03,2023-03-13,-0.0407900947678007,2023,2022-12-31,learned_order_extension,20260912,0.5872179709776264,0.5872179709776264,1,0
fixed_transform_step100,2942,2023-03-10,2023-03-20,5.0471402903706775e-06,2023,2022-12-31,learned_order_extension,20260912,0.45917963346836393,0.45917963346836393,0,1
fixed_transform_step100,2947,2023-03-17,2023-03-27,0.015302852124583,2023,2022-12-31,learned_order_extension,20260912,0.3321757909492291,0.3321757909492291,0,1
fixed_transform_step100,2952,2023-03-24,2023-04-03,0.0090274153058433,2023,2022-12-31,learned_order_extension,20260912,0.5428268381901444,0.5428268381901444,1,1
fixed_transform_step100,2957,2023-03-31,2023-04-10,0.0178317182396383,2023,2022-12-31,learned_order_extension,20260912,0.5750765947333518,0.5750765947333518,1,1
fixed_transform_step100,2902,2023-01-06,2023-01-16,0.0198447929614133,2023,2022-12-31,learned_order_offset,20260912,0.33518639317613286,0.33518639317613286,0,1
fixed_transform_step100,2907,2023-01-13,2023-01-30,0.0465290788350809,2023,2022-12-31,learned_order_offset,20260912,0.283926532884273,0.283926532884273,0,1
fixed_transform_step100,2912,2023-01-20,2023-02-06,-0.0383797057844887,2023,2022-12-31,learned_order_offset,20260912,0.656265266213206,0.656265266213206,1,0
fixed_transform_step100,2917,2023-02-03,2023-02-13,-0.0012061903149008,2023,2022-12-31,learned_order_offset,20260912,0.47265762776020354,0.47265762776020354,0,0
fixed_transform_step100,2922,2023-02-10,2023-02-20,-0.0143746584432821,2023,2022-12-31,learned_order_offset,20260912,0.2502577591654617,0.2502577591654617,0,0
fixed_transform_step100,2927,2023-02-17,2023-02-27,0.0001237636016198,2023,2022-12-31,learned_order_offset,20260912,0.3981719184557722,0.3981719184557722,0,1
fixed_transform_step100,2932,2023-02-24,2023-03-06,0.0224454641303217,2023,2022-12-31,learned_order_offset,20260912,0.7071114667508918,0.7071114667508918,1,1
fixed_transform_step100,2937,2023-03-03,2023-03-13,-0.0407900947678007,2023,2022-12-31,learned_order_offset,20260912,0.5854544425200702,0.5854544425200702,1,0
fixed_transform_step100,2942,2023-03-10,2023-03-20,5.0471402903706775e-06,2023,2022-12-31,learned_order_offset,20260912,0.4623204109511431,0.4623204109511431,0,1
fixed_transform_step100,2947,2023-03-17,2023-03-27,0.015302852124583,2023,2022-12-31,learned_order_offset,20260912,0.339217920591994,0.339217920591994,0,1
fixed_transform_step100,2952,2023-03-24,2023-04-03,0.0090274153058433,2023,2022-12-31,learned_order_offset,20260912,0.5430909588293242,0.5430909588293242,1,1
fixed_transform_step100,2957,2023-03-31,2023-04-10,0.0178317182396383,2023,2022-12-31,learned_order_offset,20260912,0.5725347377994414,0.5725347377994414,1,1
fixed_transform_step100,2961,2023-04-07,2023-04-17,-0.0101500238382772,2023,2023-03-31,learned_market,20260910,0.5505455250146243,0.5505455250146243,1,0
fixed_transform_step100,2966,2023-04-14,2023-04-24,-0.014368947230732,2023,2023-03-31,learned_market,20260910,0.3473468823893899,0.3473468823893899,0,0
fixed_transform_step100,2971,2023-04-21,2023-05-04,-0.0044228908788729,2023,2023-03-31,learned_market,20260910,0.5353329461547623,0.5353329461547623,1,0
fixed_transform_step100,2976,2023-04-28,2023-05-10,0.0036477163153083,2023,2023-03-31,learned_market,20260910,0.42336856176102783,0.42336856176102783,0,1
fixed_transform_step100,2978,2023-05-05,2023-05-15,-0.0221642407977935,2023,2023-03-31,learned_market,20260910,0.4786486790445691,0.4786486790445691,0,0
fixed_transform_step100,2983,2023-05-12,2023-05-22,0.0005509250208819,2023,2023-03-31,learned_market,20260910,0.32683270922471214,0.32683270922471214,0,1
fixed_transform_step100,2988,2023-05-19,2023-05-29,-0.0200253742704897,2023,2023-03-31,learned_market,20260910,0.5424889360270564,0.5424889360270564,1,0
fixed_transform_step100,2993,2023-05-26,2023-06-05,-0.0003935703040848,2023,2023-03-31,learned_market,20260910,0.5358047170603188,0.5358047170603188,1,0
fixed_transform_step100,2998,2023-06-02,2023-06-12,-0.0086075595250429,2023,2023-03-31,learned_market,20260910,0.42744518077876964,0.42744518077876964,0,0
fixed_transform_step100,3003,2023-06-09,2023-06-19,0.0338878539347273,2023,2023-03-31,learned_market,20260910,0.4029427037232462,0.4029427037232462,0,1
fixed_transform_step100,3008,2023-06-16,2023-07-03,-0.026216632171098,2023,2023-03-31,learned_market,20260910,0.38428518959656804,0.38428518959656804,0,0
fixed_transform_step100,3016,2023-06-30,2023-07-10,-0.0030441518806006,2023,2023-03-31,learned_market,20260910,0.46744840085919553,0.46744840085919553,0,0
fixed_transform_step100,2961,2023-04-07,2023-04-17,-0.0101500238382772,2023,2023-03-31,learned_vol_interaction,20260910,0.5459863616444237,0.5459863616444237,1,0
fixed_transform_step100,2966,2023-04-14,2023-04-24,-0.014368947230732,2023,2023-03-31,learned_vol_interaction,20260910,0.3630356234853348,0.3630356234853348,0,0
fixed_transform_step100,2971,2023-04-21,2023-05-04,-0.0044228908788729,2023,2023-03-31,learned_vol_interaction,20260910,0.5414354193675924,0.5414354193675924,1,0
fixed_transform_step100,2976,2023-04-28,2023-05-10,0.0036477163153083,2023,2023-03-31,learned_vol_interaction,20260910,0.4327642420221009,0.4327642420221009,0,1
fixed_transform_step100,2978,2023-05-05,2023-05-15,-0.0221642407977935,2023,2023-03-31,learned_vol_interaction,20260910,0.4849760136684151,0.4849760136684151,0,0
fixed_transform_step100,2983,2023-05-12,2023-05-22,0.0005509250208819,2023,2023-03-31,learned_vol_interaction,20260910,0.33412285068162495,0.33412285068162495,0,1
fixed_transform_step100,2988,2023-05-19,2023-05-29,-0.0200253742704897,2023,2023-03-31,learned_vol_interaction,20260910,0.5318423121508192,0.5318423121508192,1,0
fixed_transform_step100,2993,2023-05-26,2023-06-05,-0.0003935703040848,2023,2023-03-31,learned_vol_interaction,20260910,0.5345167215901085,0.5345167215901085,1,0
fixed_transform_step100,2998,2023-06-02,2023-06-12,-0.0086075595250429,2023,2023-03-31,learned_vol_interaction,20260910,0.4292893433195879,0.4292893433195879,0,0
fixed_transform_step100,3003,2023-06-09,2023-06-19,0.0338878539347273,2023,2023-03-31,learned_vol_interaction,20260910,0.4077323205735369,0.4077323205735369,0,1
fixed_transform_step100,3008,2023-06-16,2023-07-03,-0.026216632171098,2023,2023-03-31,learned_vol_interaction,20260910,0.38799720978960694,0.38799720978960694,0,0
fixed_transform_step100,3016,2023-06-30,2023-07-10,-0.0030441518806006,2023,2023-03-31,learned_vol_interaction,20260910,0.46697681931673507,0.46697681931673507,0,0
fixed_transform_step100,2961,2023-04-07,2023-04-17,-0.0101500238382772,2023,2023-03-31,learned_order_extension,20260910,0.5125148522883727,0.5125148522883727,1,0
fixed_transform_step100,2966,2023-04-14,2023-04-24,-0.014368947230732,2023,2023-03-31,learned_order_extension,20260910,0.3598454470546629,0.3598454470546629,0,0
fixed_transform_step100,2971,2023-04-21,2023-05-04,-0.0044228908788729,2023,2023-03-31,learned_order_extension,20260910,0.5768713550280901,0.5768713550280901,1,0
fixed_transform_step100,2976,2023-04-28,2023-05-10,0.0036477163153083,2023,2023-03-31,learned_order_extension,20260910,0.48694448178929695,0.48694448178929695,0,1
fixed_transform_step100,2978,2023-05-05,2023-05-15,-0.0221642407977935,2023,2023-03-31,learned_order_extension,20260910,0.5047441189839023,0.5047441189839023,1,0
fixed_transform_step100,2983,2023-05-12,2023-05-22,0.0005509250208819,2023,2023-03-31,learned_order_extension,20260910,0.42315229099708374,0.42315229099708374,0,1
fixed_transform_step100,2988,2023-05-19,2023-05-29,-0.0200253742704897,2023,2023-03-31,learned_order_extension,20260910,0.5070295284278913,0.5070295284278913,1,0
fixed_transform_step100,2993,2023-05-26,2023-06-05,-0.0003935703040848,2023,2023-03-31,learned_order_extension,20260910,0.5370987695515635,0.5370987695515635,1,0
fixed_transform_step100,2998,2023-06-02,2023-06-12,-0.0086075595250429,2023,2023-03-31,learned_order_extension,20260910,0.4536118935406618,0.4536118935406618,0,0
fixed_transform_step100,3003,2023-06-09,2023-06-19,0.0338878539347273,2023,2023-03-31,learned_order_extension,20260910,0.4764183095805794,0.4764183095805794,0,1
fixed_transform_step100,3008,2023-06-16,2023-07-03,-0.026216632171098,2023,2023-03-31,learned_order_extension,20260910,0.4472313476743183,0.4472313476743183,0,0
fixed_transform_step100,3016,2023-06-30,2023-07-10,-0.0030441518806006,2023,2023-03-31,learned_order_extension,20260910,0.49841860000047283,0.49841860000047283,0,0
fixed_transform_step100,2961,2023-04-07,2023-04-17,-0.0101500238382772,2023,2023-03-31,learned_order_offset,20260910,0.5106450001675573,0.5106450001675573,1,0
fixed_transform_step100,2966,2023-04-14,2023-04-24,-0.014368947230732,2023,2023-03-31,learned_order_offset,20260910,0.3593794526821656,0.3593794526821656,0,0
fixed_transform_step100,2971,2023-04-21,2023-05-04,-0.0044228908788729,2023,2023-03-31,learned_order_offset,20260910,0.5785138331303419,0.5785138331303419,1,0
fixed_transform_step100,2976,2023-04-28,2023-05-10,0.0036477163153083,2023,2023-03-31,learned_order_offset,20260910,0.48870657117066796,0.48870657117066796,0,1
fixed_transform_step100,2978,2023-05-05,2023-05-15,-0.0221642407977935,2023,2023-03-31,learned_order_offset,20260910,0.5051599946870848,0.5051599946870848,1,0
fixed_transform_step100,2983,2023-05-12,2023-05-22,0.0005509250208819,2023,2023-03-31,learned_order_offset,20260910,0.42304015475471685,0.42304015475471685,0,1
fixed_transform_step100,2988,2023-05-19,2023-05-29,-0.0200253742704897,2023,2023-03-31,learned_order_offset,20260910,0.5055967656705852,0.5055967656705852,1,0
fixed_transform_step100,2993,2023-05-26,2023-06-05,-0.0003935703040848,2023,2023-03-31,learned_order_offset,20260910,0.5380814327074024,0.5380814327074024,1,0
fixed_transform_step100,2998,2023-06-02,2023-06-12,-0.0086075595250429,2023,2023-03-31,learned_order_offset,20260910,0.45479824135109914,0.45479824135109914,0,0
fixed_transform_step100,3003,2023-06-09,2023-06-19,0.0338878539347273,2023,2023-03-31,learned_order_offset,20260910,0.47765974544291656,0.47765974544291656,0,1
fixed_transform_step100,3008,2023-06-16,2023-07-03,-0.026216632171098,2023,2023-03-31,learned_order_offset,20260910,0.4458569694491585,0.4458569694491585,0,0
fixed_transform_step100,3016,2023-06-30,2023-07-10,-0.0030441518806006,2023,2023-03-31,learned_order_offset,20260910,0.49904962919971374,0.49904962919971374,0,0
fixed_transform_step100,2961,2023-04-07,2023-04-17,-0.0101500238382772,2023,2023-03-31,learned_market,20260911,0.5241617664808685,0.5241617664808685,1,0
fixed_transform_step100,2966,2023-04-14,2023-04-24,-0.014368947230732,2023,2023-03-31,learned_market,20260911,0.5390368095345445,0.5390368095345445,1,0
fixed_transform_step100,2971,2023-04-21,2023-05-04,-0.0044228908788729,2023,2023-03-31,learned_market,20260911,0.3955390479071262,0.3955390479071262,0,0
fixed_transform_step100,2976,2023-04-28,2023-05-10,0.0036477163153083,2023,2023-03-31,learned_market,20260911,0.37316268185071255,0.37316268185071255,0,1
fixed_transform_step100,2978,2023-05-05,2023-05-15,-0.0221642407977935,2023,2023-03-31,learned_market,20260911,0.3620510394055619,0.3620510394055619,0,0
fixed_transform_step100,2983,2023-05-12,2023-05-22,0.0005509250208819,2023,2023-03-31,learned_market,20260911,0.5181293040114776,0.5181293040114776,1,1
fixed_transform_step100,2988,2023-05-19,2023-05-29,-0.0200253742704897,2023,2023-03-31,learned_market,20260911,0.7279836996088704,0.7279836996088704,1,0
fixed_transform_step100,2993,2023-05-26,2023-06-05,-0.0003935703040848,2023,2023-03-31,learned_market,20260911,0.5344212930686263,0.5344212930686263,1,0
fixed_transform_step100,2998,2023-06-02,2023-06-12,-0.0086075595250429,2023,2023-03-31,learned_market,20260911,0.445259874005457,0.445259874005457,0,0
fixed_transform_step100,3003,2023-06-09,2023-06-19,0.0338878539347273,2023,2023-03-31,learned_market,20260911,0.47408654367685343,0.47408654367685343,0,1
fixed_transform_step100,3008,2023-06-16,2023-07-03,-0.026216632171098,2023,2023-03-31,learned_market,20260911,0.4308360098707476,0.4308360098707476,0,0
fixed_transform_step100,3016,2023-06-30,2023-07-10,-0.0030441518806006,2023,2023-03-31,learned_market,20260911,0.5216863375380919,0.5216863375380919,1,0
fixed_transform_step100,2961,2023-04-07,2023-04-17,-0.0101500238382772,2023,2023-03-31,learned_vol_interaction,20260911,0.5161334313336089,0.5161334313336089,1,0
fixed_transform_step100,2966,2023-04-14,2023-04-24,-0.014368947230732,2023,2023-03-31,learned_vol_interaction,20260911,0.5079960047171059,0.5079960047171059,1,0
fixed_transform_step100,2971,2023-04-21,2023-05-04,-0.0044228908788729,2023,2023-03-31,learned_vol_interaction,20260911,0.4318209149318415,0.4318209149318415,0,0
fixed_transform_step100,2976,2023-04-28,2023-05-10,0.0036477163153083,2023,2023-03-31,learned_vol_interaction,20260911,0.41099887594043244,0.41099887594043244,0,1
fixed_transform_step100,2978,2023-05-05,2023-05-15,-0.0221642407977935,2023,2023-03-31,learned_vol_interaction,20260911,0.4250558498161194,0.4250558498161194,0,0
fixed_transform_step100,2983,2023-05-12,2023-05-22,0.0005509250208819,2023,2023-03-31,learned_vol_interaction,20260911,0.5533474540418976,0.5533474540418976,1,1
fixed_transform_step100,2988,2023-05-19,2023-05-29,-0.0200253742704897,2023,2023-03-31,learned_vol_interaction,20260911,0.6701166310785494,0.6701166310785494,1,0
fixed_transform_step100,2993,2023-05-26,2023-06-05,-0.0003935703040848,2023,2023-03-31,learned_vol_interaction,20260911,0.5458579049219683,0.5458579049219683,1,0
fixed_transform_step100,2998,2023-06-02,2023-06-12,-0.0086075595250429,2023,2023-03-31,learned_vol_interaction,20260911,0.467155049454256,0.467155049454256,0,0
fixed_transform_step100,3003,2023-06-09,2023-06-19,0.0338878539347273,2023,2023-03-31,learned_vol_interaction,20260911,0.5019320298203017,0.5019320298203017,1,1
fixed_transform_step100,3008,2023-06-16,2023-07-03,-0.026216632171098,2023,2023-03-31,learned_vol_interaction,20260911,0.4676261973230174,0.4676261973230174,0,0
fixed_transform_step100,3016,2023-06-30,2023-07-10,-0.0030441518806006,2023,2023-03-31,learned_vol_interaction,20260911,0.5274706561699314,0.5274706561699314,1,0
fixed_transform_step100,2961,2023-04-07,2023-04-17,-0.0101500238382772,2023,2023-03-31,learned_order_extension,20260911,0.5157264495310957,0.5157264495310957,1,0
fixed_transform_step100,2966,2023-04-14,2023-04-24,-0.014368947230732,2023,2023-03-31,learned_order_extension,20260911,0.5098804035326362,0.5098804035326362,1,0
fixed_transform_step100,2971,2023-04-21,2023-05-04,-0.0044228908788729,2023,2023-03-31,learned_order_extension,20260911,0.4349997716102919,0.4349997716102919,0,0
fixed_transform_step100,2976,2023-04-28,2023-05-10,0.0036477163153083,2023,2023-03-31,learned_order_extension,20260911,0.4181886469915413,0.4181886469915413,0,1
fixed_transform_step100,2978,2023-05-05,2023-05-15,-0.0221642407977935,2023,2023-03-31,learned_order_extension,20260911,0.43170321137687867,0.43170321137687867,0,0
fixed_transform_step100,2983,2023-05-12,2023-05-22,0.0005509250208819,2023,2023-03-31,learned_order_extension,20260911,0.5534958313688454,0.5534958313688454,1,1
fixed_transform_step100,2988,2023-05-19,2023-05-29,-0.0200253742704897,2023,2023-03-31,learned_order_extension,20260911,0.6600000240562046,0.6600000240562046,1,0
fixed_transform_step100,2993,2023-05-26,2023-06-05,-0.0003935703040848,2023,2023-03-31,learned_order_extension,20260911,0.5472778450489666,0.5472778450489666,1,0
fixed_transform_step100,2998,2023-06-02,2023-06-12,-0.0086075595250429,2023,2023-03-31,learned_order_extension,20260911,0.47295941980652917,0.47295941980652917,0,0
fixed_transform_step100,3003,2023-06-09,2023-06-19,0.0338878539347273,2023,2023-03-31,learned_order_extension,20260911,0.5043461814026381,0.5043461814026381,1,1
fixed_transform_step100,3008,2023-06-16,2023-07-03,-0.026216632171098,2023,2023-03-31,learned_order_extension,20260911,0.47151545190621885,0.47151545190621885,0,0
fixed_transform_step100,3016,2023-06-30,2023-07-10,-0.0030441518806006,2023,2023-03-31,learned_order_extension,20260911,0.5249942370708021,0.5249942370708021,1,0
fixed_transform_step100,2961,2023-04-07,2023-04-17,-0.0101500238382772,2023,2023-03-31,learned_order_offset,20260911,0.5156580288762178,0.5156580288762178,1,0
fixed_transform_step100,2966,2023-04-14,2023-04-24,-0.014368947230732,2023,2023-03-31,learned_order_offset,20260911,0.5095328083713027,0.5095328083713027,1,0
fixed_transform_step100,2971,2023-04-21,2023-05-04,-0.0044228908788729,2023,2023-03-31,learned_order_offset,20260911,0.43460564536513574,0.43460564536513574,0,0
fixed_transform_step100,2976,2023-04-28,2023-05-10,0.0036477163153083,2023,2023-03-31,learned_order_offset,20260911,0.4179505487092807,0.4179505487092807,0,1
fixed_transform_step100,2978,2023-05-05,2023-05-15,-0.0221642407977935,2023,2023-03-31,learned_order_offset,20260911,0.43146355189825975,0.43146355189825975,0,0
fixed_transform_step100,2983,2023-05-12,2023-05-22,0.0005509250208819,2023,2023-03-31,learned_order_offset,20260911,0.5532073813742961,0.5532073813742961,1,1
fixed_transform_step100,2988,2023-05-19,2023-05-29,-0.0200253742704897,2023,2023-03-31,learned_order_offset,20260911,0.6600862230184231,0.6600862230184231,1,0
fixed_transform_step100,2993,2023-05-26,2023-06-05,-0.0003935703040848,2023,2023-03-31,learned_order_offset,20260911,0.5471278410502516,0.5471278410502516,1,0
fixed_transform_step100,2998,2023-06-02,2023-06-12,-0.0086075595250429,2023,2023-03-31,learned_order_offset,20260911,0.4729400927200796,0.4729400927200796,0,0
fixed_transform_step100,3003,2023-06-09,2023-06-19,0.0338878539347273,2023,2023-03-31,learned_order_offset,20260911,0.5041947023876068,0.5041947023876068,1,1
fixed_transform_step100,3008,2023-06-16,2023-07-03,-0.026216632171098,2023,2023-03-31,learned_order_offset,20260911,0.4712873477055304,0.4712873477055304,0,0
fixed_transform_step100,3016,2023-06-30,2023-07-10,-0.0030441518806006,2023,2023-03-31,learned_order_offset,20260911,0.5245892759134568,0.5245892759134568,1,0
fixed_transform_step100,2961,2023-04-07,2023-04-17,-0.0101500238382772,2023,2023-03-31,learned_market,20260912,0.6087608001555487,0.6087608001555487,1,0
fixed_transform_step100,2966,2023-04-14,2023-04-24,-0.014368947230732,2023,2023-03-31,learned_market,20260912,0.36953368829232414,0.36953368829232414,0,0
fixed_transform_step100,2971,2023-04-21,2023-05-04,-0.0044228908788729,2023,2023-03-31,learned_market,20260912,0.3235628645785543,0.3235628645785543,0,0
fixed_transform_step100,2976,2023-04-28,2023-05-10,0.0036477163153083,2023,2023-03-31,learned_market,20260912,0.4476517151487523,0.4476517151487523,0,1
fixed_transform_step100,2978,2023-05-05,2023-05-15,-0.0221642407977935,2023,2023-03-31,learned_market,20260912,0.3312058513546032,0.3312058513546032,0,0
fixed_transform_step100,2983,2023-05-12,2023-05-22,0.0005509250208819,2023,2023-03-31,learned_market,20260912,0.4428816498034972,0.4428816498034972,0,1
fixed_transform_step100,2988,2023-05-19,2023-05-29,-0.0200253742704897,2023,2023-03-31,learned_market,20260912,0.6513718639892625,0.6513718639892625,1,0
fixed_transform_step100,2993,2023-05-26,2023-06-05,-0.0003935703040848,2023,2023-03-31,learned_market,20260912,0.488256552363816,0.488256552363816,0,0
fixed_transform_step100,2998,2023-06-02,2023-06-12,-0.0086075595250429,2023,2023-03-31,learned_market,20260912,0.4749128864184794,0.4749128864184794,0,0
fixed_transform_step100,3003,2023-06-09,2023-06-19,0.0338878539347273,2023,2023-03-31,learned_market,20260912,0.3814601125244862,0.3814601125244862,0,1
fixed_transform_step100,3008,2023-06-16,2023-07-03,-0.026216632171098,2023,2023-03-31,learned_market,20260912,0.386197051040643,0.386197051040643,0,0
fixed_transform_step100,3016,2023-06-30,2023-07-10,-0.0030441518806006,2023,2023-03-31,learned_market,20260912,0.663219044924283,0.663219044924283,1,0
fixed_transform_step100,2961,2023-04-07,2023-04-17,-0.0101500238382772,2023,2023-03-31,learned_vol_interaction,20260912,0.6181914631826564,0.6181914631826564,1,0
fixed_transform_step100,2966,2023-04-14,2023-04-24,-0.014368947230732,2023,2023-03-31,learned_vol_interaction,20260912,0.3647152983098467,0.3647152983098467,0,0
fixed_transform_step100,2971,2023-04-21,2023-05-04,-0.0044228908788729,2023,2023-03-31,learned_vol_interaction,20260912,0.3193023585022103,0.3193023585022103,0,0
fixed_transform_step100,2976,2023-04-28,2023-05-10,0.0036477163153083,2023,2023-03-31,learned_vol_interaction,20260912,0.44388729261158677,0.44388729261158677,0,1
fixed_transform_step100,2978,2023-05-05,2023-05-15,-0.0221642407977935,2023,2023-03-31,learned_vol_interaction,20260912,0.32328493092547206,0.32328493092547206,0,0
fixed_transform_step100,2983,2023-05-12,2023-05-22,0.0005509250208819,2023,2023-03-31,learned_vol_interaction,20260912,0.4447396768827223,0.4447396768827223,0,1
fixed_transform_step100,2988,2023-05-19,2023-05-29,-0.0200253742704897,2023,2023-03-31,learned_vol_interaction,20260912,0.6564229956073679,0.6564229956073679,1,0
fixed_transform_step100,2993,2023-05-26,2023-06-05,-0.0003935703040848,2023,2023-03-31,learned_vol_interaction,20260912,0.4943932492528175,0.4943932492528175,0,0
fixed_transform_step100,2998,2023-06-02,2023-06-12,-0.0086075595250429,2023,2023-03-31,learned_vol_interaction,20260912,0.46946247207889613,0.46946247207889613,0,0
fixed_transform_step100,3003,2023-06-09,2023-06-19,0.0338878539347273,2023,2023-03-31,learned_vol_interaction,20260912,0.36995764825923627,0.36995764825923627,0,1
fixed_transform_step100,3008,2023-06-16,2023-07-03,-0.026216632171098,2023,2023-03-31,learned_vol_interaction,20260912,0.370322899560619,0.370322899560619,0,0
fixed_transform_step100,3016,2023-06-30,2023-07-10,-0.0030441518806006,2023,2023-03-31,learned_vol_interaction,20260912,0.6716724361284263,0.6716724361284263,1,0
fixed_transform_step100,2961,2023-04-07,2023-04-17,-0.0101500238382772,2023,2023-03-31,learned_order_extension,20260912,0.5956600698495237,0.5956600698495237,1,0
fixed_transform_step100,2966,2023-04-14,2023-04-24,-0.014368947230732,2023,2023-03-31,learned_order_extension,20260912,0.39288376192006275,0.39288376192006275,0,0
fixed_transform_step100,2971,2023-04-21,2023-05-04,-0.0044228908788729,2023,2023-03-31,learned_order_extension,20260912,0.36843399429584955,0.36843399429584955,0,0
fixed_transform_step100,2976,2023-04-28,2023-05-10,0.0036477163153083,2023,2023-03-31,learned_order_extension,20260912,0.4375566249303772,0.4375566249303772,0,1
fixed_transform_step100,2978,2023-05-05,2023-05-15,-0.0221642407977935,2023,2023-03-31,learned_order_extension,20260912,0.3802132025477938,0.3802132025477938,0,0
fixed_transform_step100,2983,2023-05-12,2023-05-22,0.0005509250208819,2023,2023-03-31,learned_order_extension,20260912,0.4870965727844661,0.4870965727844661,0,1
fixed_transform_step100,2988,2023-05-19,2023-05-29,-0.0200253742704897,2023,2023-03-31,learned_order_extension,20260912,0.5165910639324001,0.5165910639324001,1,0
fixed_transform_step100,2993,2023-05-26,2023-06-05,-0.0003935703040848,2023,2023-03-31,learned_order_extension,20260912,0.49139800952659535,0.49139800952659535,0,0
fixed_transform_step100,2998,2023-06-02,2023-06-12,-0.0086075595250429,2023,2023-03-31,learned_order_extension,20260912,0.5260123225210985,0.5260123225210985,1,0
fixed_transform_step100,3003,2023-06-09,2023-06-19,0.0338878539347273,2023,2023-03-31,learned_order_extension,20260912,0.47218346575207326,0.47218346575207326,0,1
fixed_transform_step100,3008,2023-06-16,2023-07-03,-0.026216632171098,2023,2023-03-31,learned_order_extension,20260912,0.4998649607235681,0.4998649607235681,0,0
fixed_transform_step100,3016,2023-06-30,2023-07-10,-0.0030441518806006,2023,2023-03-31,learned_order_extension,20260912,0.6146867281608951,0.6146867281608951,1,0
fixed_transform_step100,2961,2023-04-07,2023-04-17,-0.0101500238382772,2023,2023-03-31,learned_order_offset,20260912,0.5915388689605471,0.5915388689605471,1,0
fixed_transform_step100,2966,2023-04-14,2023-04-24,-0.014368947230732,2023,2023-03-31,learned_order_offset,20260912,0.39727421006472974,0.39727421006472974,0,0
fixed_transform_step100,2971,2023-04-21,2023-05-04,-0.0044228908788729,2023,2023-03-31,learned_order_offset,20260912,0.37268655650410465,0.37268655650410465,0,0
fixed_transform_step100,2976,2023-04-28,2023-05-10,0.0036477163153083,2023,2023-03-31,learned_order_offset,20260912,0.434331022870667,0.434331022870667,0,1
fixed_transform_step100,2978,2023-05-05,2023-05-15,-0.0221642407977935,2023,2023-03-31,learned_order_offset,20260912,0.3804251614381872,0.3804251614381872,0,0
fixed_transform_step100,2983,2023-05-12,2023-05-22,0.0005509250208819,2023,2023-03-31,learned_order_offset,20260912,0.48477183846347427,0.48477183846347427,0,1
fixed_transform_step100,2988,2023-05-19,2023-05-29,-0.0200253742704897,2023,2023-03-31,learned_order_offset,20260912,0.5056776883440309,0.5056776883440309,1,0
fixed_transform_step100,2993,2023-05-26,2023-06-05,-0.0003935703040848,2023,2023-03-31,learned_order_offset,20260912,0.4855028959932824,0.4855028959932824,0,0
fixed_transform_step100,2998,2023-06-02,2023-06-12,-0.0086075595250429,2023,2023-03-31,learned_order_offset,20260912,0.533667408654997,0.533667408654997,1,0
fixed_transform_step100,3003,2023-06-09,2023-06-19,0.0338878539347273,2023,2023-03-31,learned_order_offset,20260912,0.4848060080064856,0.4848060080064856,0,1
fixed_transform_step100,3008,2023-06-16,2023-07-03,-0.026216632171098,2023,2023-03-31,learned_order_offset,20260912,0.5079852168241259,0.5079852168241259,1,0
fixed_transform_step100,3016,2023-06-30,2023-07-10,-0.0030441518806006,2023,2023-03-31,learned_order_offset,20260912,0.6180566725420129,0.6180566725420129,1,0
fixed_transform_step100,3021,2023-07-07,2023-07-17,0.0104280552692135,2023,2023-06-30,learned_market,20260910,0.5374793975564041,0.5374793975564041,1,1
fixed_transform_step100,3026,2023-07-14,2023-07-24,-0.0201642613135752,2023,2023-06-30,learned_market,20260910,0.671923008205027,0.671923008205027,1,0
fixed_transform_step100,3031,2023-07-21,2023-07-31,0.0566710925894278,2023,2023-06-30,learned_market,20260910,0.6908248621016781,0.6908248621016781,1,1
fixed_transform_step100,3036,2023-07-28,2023-08-07,-0.0039612927947766,2023,2023-06-30,learned_market,20260910,0.46418564398168377,0.46418564398168377,0,0
fixed_transform_step100,3041,2023-08-04,2023-08-14,-0.0404899362223548,2023,2023-06-30,learned_market,20260910,0.45619143652139377,0.45619143652139377,0,0
fixed_transform_step100,3046,2023-08-11,2023-08-21,-0.0176157088591445,2023,2023-06-30,learned_market,20260910,0.38422291345819237,0.38422291345819237,0,0
fixed_transform_step100,3051,2023-08-18,2023-08-28,0.0366582477081969,2023,2023-06-30,learned_market,20260910,0.653038152643693,0.653038152643693,1,1
fixed_transform_step100,3056,2023-08-25,2023-09-04,-0.025197172476384,2023,2023-06-30,learned_market,20260910,0.41322783810332764,0.41322783810332764,0,0
fixed_transform_step100,3061,2023-09-01,2023-09-11,-0.0189903461587886,2023,2023-06-30,learned_market,20260910,0.7382822234017191,0.7382822234017191,1,0
fixed_transform_step100,3066,2023-09-08,2023-09-18,-0.0111346368744954,2023,2023-06-30,learned_market,20260910,0.5843286980895458,0.5843286980895458,1,0
fixed_transform_step100,3071,2023-09-15,2023-09-25,0.0105787349314532,2023,2023-06-30,learned_market,20260910,0.7324107920698966,0.7324107920698966,1,1
fixed_transform_step100,3076,2023-09-22,2023-10-16,-0.0198017153282719,2023,2023-06-30,learned_market,20260910,0.4274611802366132,0.4274611802366132,0,0
fixed_transform_step100,3021,2023-07-07,2023-07-17,0.0104280552692135,2023,2023-06-30,learned_vol_interaction,20260910,0.5473065836108375,0.5473065836108375,1,1
fixed_transform_step100,3026,2023-07-14,2023-07-24,-0.0201642613135752,2023,2023-06-30,learned_vol_interaction,20260910,0.6512883398909868,0.6512883398909868,1,0
fixed_transform_step100,3031,2023-07-21,2023-07-31,0.0566710925894278,2023,2023-06-30,learned_vol_interaction,20260910,0.6686332222397839,0.6686332222397839,1,1
fixed_transform_step100,3036,2023-07-28,2023-08-07,-0.0039612927947766,2023,2023-06-30,learned_vol_interaction,20260910,0.47113824373211666,0.47113824373211666,0,0
fixed_transform_step100,3041,2023-08-04,2023-08-14,-0.0404899362223548,2023,2023-06-30,learned_vol_interaction,20260910,0.4731094872112287,0.4731094872112287,0,0
fixed_transform_step100,3046,2023-08-11,2023-08-21,-0.0176157088591445,2023,2023-06-30,learned_vol_interaction,20260910,0.39780347289670775,0.39780347289670775,0,0
fixed_transform_step100,3051,2023-08-18,2023-08-28,0.0366582477081969,2023,2023-06-30,learned_vol_interaction,20260910,0.6476611530873552,0.6476611530873552,1,1
fixed_transform_step100,3056,2023-08-25,2023-09-04,-0.025197172476384,2023,2023-06-30,learned_vol_interaction,20260910,0.42473936310519467,0.42473936310519467,0,0
fixed_transform_step100,3061,2023-09-01,2023-09-11,-0.0189903461587886,2023,2023-06-30,learned_vol_interaction,20260910,0.7258288212932122,0.7258288212932122,1,0
fixed_transform_step100,3066,2023-09-08,2023-09-18,-0.0111346368744954,2023,2023-06-30,learned_vol_interaction,20260910,0.5729839220682009,0.5729839220682009,1,0
fixed_transform_step100,3071,2023-09-15,2023-09-25,0.0105787349314532,2023,2023-06-30,learned_vol_interaction,20260910,0.721816671047126,0.721816671047126,1,1
fixed_transform_step100,3076,2023-09-22,2023-10-16,-0.0198017153282719,2023,2023-06-30,learned_vol_interaction,20260910,0.4470683809287482,0.4470683809287482,0,0
fixed_transform_step100,3021,2023-07-07,2023-07-17,0.0104280552692135,2023,2023-06-30,learned_order_extension,20260910,0.5765347536344241,0.5765347536344241,1,1
fixed_transform_step100,3026,2023-07-14,2023-07-24,-0.0201642613135752,2023,2023-06-30,learned_order_extension,20260910,0.5225006330831101,0.5225006330831101,1,0
fixed_transform_step100,3031,2023-07-21,2023-07-31,0.0566710925894278,2023,2023-06-30,learned_order_extension,20260910,0.5896652823992403,0.5896652823992403,1,1
fixed_transform_step100,3036,2023-07-28,2023-08-07,-0.0039612927947766,2023,2023-06-30,learned_order_extension,20260910,0.4694849656126387,0.4694849656126387,0,0
fixed_transform_step100,3041,2023-08-04,2023-08-14,-0.0404899362223548,2023,2023-06-30,learned_order_extension,20260910,0.5165844825612004,0.5165844825612004,1,0
fixed_transform_step100,3046,2023-08-11,2023-08-21,-0.0176157088591445,2023,2023-06-30,learned_order_extension,20260910,0.44540168794108925,0.44540168794108925,0,0
fixed_transform_step100,3051,2023-08-18,2023-08-28,0.0366582477081969,2023,2023-06-30,learned_order_extension,20260910,0.5924661996077284,0.5924661996077284,1,1
fixed_transform_step100,3056,2023-08-25,2023-09-04,-0.025197172476384,2023,2023-06-30,learned_order_extension,20260910,0.47806713559788416,0.47806713559788416,0,0
fixed_transform_step100,3061,2023-09-01,2023-09-11,-0.0189903461587886,2023,2023-06-30,learned_order_extension,20260910,0.6980543813015794,0.6980543813015794,1,0
fixed_transform_step100,3066,2023-09-08,2023-09-18,-0.0111346368744954,2023,2023-06-30,learned_order_extension,20260910,0.5396464442109467,0.5396464442109467,1,0
fixed_transform_step100,3071,2023-09-15,2023-09-25,0.0105787349314532,2023,2023-06-30,learned_order_extension,20260910,0.7093163312267851,0.7093163312267851,1,1
fixed_transform_step100,3076,2023-09-22,2023-10-16,-0.0198017153282719,2023,2023-06-30,learned_order_extension,20260910,0.49073720378175656,0.49073720378175656,0,0
fixed_transform_step100,3021,2023-07-07,2023-07-17,0.0104280552692135,2023,2023-06-30,learned_order_offset,20260910,0.5820558132113763,0.5820558132113763,1,1
fixed_transform_step100,3026,2023-07-14,2023-07-24,-0.0201642613135752,2023,2023-06-30,learned_order_offset,20260910,0.5166064983775434,0.5166064983775434,1,0
fixed_transform_step100,3031,2023-07-21,2023-07-31,0.0566710925894278,2023,2023-06-30,learned_order_offset,20260910,0.5868929393807701,0.5868929393807701,1,1
fixed_transform_step100,3036,2023-07-28,2023-08-07,-0.0039612927947766,2023,2023-06-30,learned_order_offset,20260910,0.4698926373592881,0.4698926373592881,0,0
fixed_transform_step100,3041,2023-08-04,2023-08-14,-0.0404899362223548,2023,2023-06-30,learned_order_offset,20260910,0.5172178581722635,0.5172178581722635,1,0
fixed_transform_step100,3046,2023-08-11,2023-08-21,-0.0176157088591445,2023,2023-06-30,learned_order_offset,20260910,0.45358916263867427,0.45358916263867427,0,0
fixed_transform_step100,3051,2023-08-18,2023-08-28,0.0366582477081969,2023,2023-06-30,learned_order_offset,20260910,0.5902878852777259,0.5902878852777259,1,1
fixed_transform_step100,3056,2023-08-25,2023-09-04,-0.025197172476384,2023,2023-06-30,learned_order_offset,20260910,0.4844522540636258,0.4844522540636258,0,0
fixed_transform_step100,3061,2023-09-01,2023-09-11,-0.0189903461587886,2023,2023-06-30,learned_order_offset,20260910,0.6974332350170706,0.6974332350170706,1,0
fixed_transform_step100,3066,2023-09-08,2023-09-18,-0.0111346368744954,2023,2023-06-30,learned_order_offset,20260910,0.5446989843531629,0.5446989843531629,1,0
fixed_transform_step100,3071,2023-09-15,2023-09-25,0.0105787349314532,2023,2023-06-30,learned_order_offset,20260910,0.7078336902422173,0.7078336902422173,1,1
fixed_transform_step100,3076,2023-09-22,2023-10-16,-0.0198017153282719,2023,2023-06-30,learned_order_offset,20260910,0.5014531648538679,0.5014531648538679,1,0
fixed_transform_step100,3021,2023-07-07,2023-07-17,0.0104280552692135,2023,2023-06-30,learned_market,20260911,0.48457845585303405,0.48457845585303405,0,1
fixed_transform_step100,3026,2023-07-14,2023-07-24,-0.0201642613135752,2023,2023-06-30,learned_market,20260911,0.46688197848189117,0.46688197848189117,0,0
fixed_transform_step100,3031,2023-07-21,2023-07-31,0.0566710925894278,2023,2023-06-30,learned_market,20260911,0.47942027327844056,0.47942027327844056,0,1
fixed_transform_step100,3036,2023-07-28,2023-08-07,-0.0039612927947766,2023,2023-06-30,learned_market,20260911,0.4671212719797356,0.4671212719797356,0,0
fixed_transform_step100,3041,2023-08-04,2023-08-14,-0.0404899362223548,2023,2023-06-30,learned_market,20260911,0.4424500605790804,0.4424500605790804,0,0
fixed_transform_step100,3046,2023-08-11,2023-08-21,-0.0176157088591445,2023,2023-06-30,learned_market,20260911,0.7007932750718938,0.7007932750718938,1,0
fixed_transform_step100,3051,2023-08-18,2023-08-28,0.0366582477081969,2023,2023-06-30,learned_market,20260911,0.4717786224353957,0.4717786224353957,0,1
fixed_transform_step100,3056,2023-08-25,2023-09-04,-0.025197172476384,2023,2023-06-30,learned_market,20260911,0.5741299862214939,0.5741299862214939,1,0
fixed_transform_step100,3061,2023-09-01,2023-09-11,-0.0189903461587886,2023,2023-06-30,learned_market,20260911,0.44567874859305884,0.44567874859305884,0,0
fixed_transform_step100,3066,2023-09-08,2023-09-18,-0.0111346368744954,2023,2023-06-30,learned_market,20260911,0.5746234372314523,0.5746234372314523,1,0
fixed_transform_step100,3071,2023-09-15,2023-09-25,0.0105787349314532,2023,2023-06-30,learned_market,20260911,0.6458841796669005,0.6458841796669005,1,1
fixed_transform_step100,3076,2023-09-22,2023-10-16,-0.0198017153282719,2023,2023-06-30,learned_market,20260911,0.5937107562922314,0.5937107562922314,1,0
fixed_transform_step100,3021,2023-07-07,2023-07-17,0.0104280552692135,2023,2023-06-30,learned_vol_interaction,20260911,0.51511323568818,0.51511323568818,1,1
fixed_transform_step100,3026,2023-07-14,2023-07-24,-0.0201642613135752,2023,2023-06-30,learned_vol_interaction,20260911,0.48223577504301407,0.48223577504301407,0,0
fixed_transform_step100,3031,2023-07-21,2023-07-31,0.0566710925894278,2023,2023-06-30,learned_vol_interaction,20260911,0.5152811885675221,0.5152811885675221,1,1
fixed_transform_step100,3036,2023-07-28,2023-08-07,-0.0039612927947766,2023,2023-06-30,learned_vol_interaction,20260911,0.4841371703295971,0.4841371703295971,0,0
fixed_transform_step100,3041,2023-08-04,2023-08-14,-0.0404899362223548,2023,2023-06-30,learned_vol_interaction,20260911,0.47106174470488293,0.47106174470488293,0,0
fixed_transform_step100,3046,2023-08-11,2023-08-21,-0.0176157088591445,2023,2023-06-30,learned_vol_interaction,20260911,0.6573992938161168,0.6573992938161168,1,0
fixed_transform_step100,3051,2023-08-18,2023-08-28,0.0366582477081969,2023,2023-06-30,learned_vol_interaction,20260911,0.46403508902967816,0.46403508902967816,0,1
fixed_transform_step100,3056,2023-08-25,2023-09-04,-0.025197172476384,2023,2023-06-30,learned_vol_interaction,20260911,0.5674257646003757,0.5674257646003757,1,0
fixed_transform_step100,3061,2023-09-01,2023-09-11,-0.0189903461587886,2023,2023-06-30,learned_vol_interaction,20260911,0.4822329136010453,0.4822329136010453,0,0
fixed_transform_step100,3066,2023-09-08,2023-09-18,-0.0111346368744954,2023,2023-06-30,learned_vol_interaction,20260911,0.5661923258859827,0.5661923258859827,1,0
fixed_transform_step100,3071,2023-09-15,2023-09-25,0.0105787349314532,2023,2023-06-30,learned_vol_interaction,20260911,0.6177260682873947,0.6177260682873947,1,1
fixed_transform_step100,3076,2023-09-22,2023-10-16,-0.0198017153282719,2023,2023-06-30,learned_vol_interaction,20260911,0.5858235963302842,0.5858235963302842,1,0
fixed_transform_step100,3021,2023-07-07,2023-07-17,0.0104280552692135,2023,2023-06-30,learned_order_extension,20260911,0.5251617815145939,0.5251617815145939,1,1
fixed_transform_step100,3026,2023-07-14,2023-07-24,-0.0201642613135752,2023,2023-06-30,learned_order_extension,20260911,0.4834164495946344,0.4834164495946344,0,0
fixed_transform_step100,3031,2023-07-21,2023-07-31,0.0566710925894278,2023,2023-06-30,learned_order_extension,20260911,0.5253627150547557,0.5253627150547557,1,1
fixed_transform_step100,3036,2023-07-28,2023-08-07,-0.0039612927947766,2023,2023-06-30,learned_order_extension,20260911,0.4847132883166211,0.4847132883166211,0,0
fixed_transform_step100,3041,2023-08-04,2023-08-14,-0.0404899362223548,2023,2023-06-30,learned_order_extension,20260911,0.47527378770769485,0.47527378770769485,0,0
fixed_transform_step100,3046,2023-08-11,2023-08-21,-0.0176157088591445,2023,2023-06-30,learned_order_extension,20260911,0.6433067749041065,0.6433067749041065,1,0
fixed_transform_step100,3051,2023-08-18,2023-08-28,0.0366582477081969,2023,2023-06-30,learned_order_extension,20260911,0.4683930199444569,0.4683930199444569,0,1
fixed_transform_step100,3056,2023-08-25,2023-09-04,-0.025197172476384,2023,2023-06-30,learned_order_extension,20260911,0.5592631375028356,0.5592631375028356,1,0
fixed_transform_step100,3061,2023-09-01,2023-09-11,-0.0189903461587886,2023,2023-06-30,learned_order_extension,20260911,0.4917768819270046,0.4917768819270046,0,0
fixed_transform_step100,3066,2023-09-08,2023-09-18,-0.0111346368744954,2023,2023-06-30,learned_order_extension,20260911,0.5611551071369308,0.5611551071369308,1,0
fixed_transform_step100,3071,2023-09-15,2023-09-25,0.0105787349314532,2023,2023-06-30,learned_order_extension,20260911,0.6188028380669185,0.6188028380669185,1,1
fixed_transform_step100,3076,2023-09-22,2023-10-16,-0.0198017153282719,2023,2023-06-30,learned_order_extension,20260911,0.5865435426299255,0.5865435426299255,1,0
fixed_transform_step100,3021,2023-07-07,2023-07-17,0.0104280552692135,2023,2023-06-30,learned_order_offset,20260911,0.5246860284929231,0.5246860284929231,1,1
fixed_transform_step100,3026,2023-07-14,2023-07-24,-0.0201642613135752,2023,2023-06-30,learned_order_offset,20260911,0.4836186252338896,0.4836186252338896,0,0
fixed_transform_step100,3031,2023-07-21,2023-07-31,0.0566710925894278,2023,2023-06-30,learned_order_offset,20260911,0.5251200426981432,0.5251200426981432,1,1
fixed_transform_step100,3036,2023-07-28,2023-08-07,-0.0039612927947766,2023,2023-06-30,learned_order_offset,20260911,0.4841977933127642,0.4841977933127642,0,0
fixed_transform_step100,3041,2023-08-04,2023-08-14,-0.0404899362223548,2023,2023-06-30,learned_order_offset,20260911,0.475989819040863,0.475989819040863,0,0
fixed_transform_step100,3046,2023-08-11,2023-08-21,-0.0176157088591445,2023,2023-06-30,learned_order_offset,20260911,0.6422907619425128,0.6422907619425128,1,0
fixed_transform_step100,3051,2023-08-18,2023-08-28,0.0366582477081969,2023,2023-06-30,learned_order_offset,20260911,0.46757198868053323,0.46757198868053323,0,1
fixed_transform_step100,3056,2023-08-25,2023-09-04,-0.025197172476384,2023,2023-06-30,learned_order_offset,20260911,0.5590304056647981,0.5590304056647981,1,0
fixed_transform_step100,3061,2023-09-01,2023-09-11,-0.0189903461587886,2023,2023-06-30,learned_order_offset,20260911,0.4919094084072611,0.4919094084072611,0,0
fixed_transform_step100,3066,2023-09-08,2023-09-18,-0.0111346368744954,2023,2023-06-30,learned_order_offset,20260911,0.5598788319204563,0.5598788319204563,1,0
fixed_transform_step100,3071,2023-09-15,2023-09-25,0.0105787349314532,2023,2023-06-30,learned_order_offset,20260911,0.6166864223843264,0.6166864223843264,1,1
fixed_transform_step100,3076,2023-09-22,2023-10-16,-0.0198017153282719,2023,2023-06-30,learned_order_offset,20260911,0.5850359083315229,0.5850359083315229,1,0
fixed_transform_step100,3021,2023-07-07,2023-07-17,0.0104280552692135,2023,2023-06-30,learned_market,20260912,0.5999958350214458,0.5999958350214458,1,1
fixed_transform_step100,3026,2023-07-14,2023-07-24,-0.0201642613135752,2023,2023-06-30,learned_market,20260912,0.7761240073631378,0.7761240073631378,1,0
fixed_transform_step100,3031,2023-07-21,2023-07-31,0.0566710925894278,2023,2023-06-30,learned_market,20260912,0.31907655566475973,0.31907655566475973,0,1
fixed_transform_step100,3036,2023-07-28,2023-08-07,-0.0039612927947766,2023,2023-06-30,learned_market,20260912,0.6410771700537978,0.6410771700537978,1,0
fixed_transform_step100,3041,2023-08-04,2023-08-14,-0.0404899362223548,2023,2023-06-30,learned_market,20260912,0.6716347459900309,0.6716347459900309,1,0
fixed_transform_step100,3046,2023-08-11,2023-08-21,-0.0176157088591445,2023,2023-06-30,learned_market,20260912,0.8468963212229101,0.8468963212229101,1,0
fixed_transform_step100,3051,2023-08-18,2023-08-28,0.0366582477081969,2023,2023-06-30,learned_market,20260912,0.4299670835826565,0.4299670835826565,0,1
fixed_transform_step100,3056,2023-08-25,2023-09-04,-0.025197172476384,2023,2023-06-30,learned_market,20260912,0.4731572870877295,0.4731572870877295,0,0
fixed_transform_step100,3061,2023-09-01,2023-09-11,-0.0189903461587886,2023,2023-06-30,learned_market,20260912,0.292912802372015,0.292912802372015,0,0
fixed_transform_step100,3066,2023-09-08,2023-09-18,-0.0111346368744954,2023,2023-06-30,learned_market,20260912,0.6400022323284409,0.6400022323284409,1,0
fixed_transform_step100,3071,2023-09-15,2023-09-25,0.0105787349314532,2023,2023-06-30,learned_market,20260912,0.4734797039892625,0.4734797039892625,0,1
fixed_transform_step100,3076,2023-09-22,2023-10-16,-0.0198017153282719,2023,2023-06-30,learned_market,20260912,0.41032038472115306,0.41032038472115306,0,0
fixed_transform_step100,3021,2023-07-07,2023-07-17,0.0104280552692135,2023,2023-06-30,learned_vol_interaction,20260912,0.6021980218319378,0.6021980218319378,1,1
fixed_transform_step100,3026,2023-07-14,2023-07-24,-0.0201642613135752,2023,2023-06-30,learned_vol_interaction,20260912,0.7785428141900234,0.7785428141900234,1,0
fixed_transform_step100,3031,2023-07-21,2023-07-31,0.0566710925894278,2023,2023-06-30,learned_vol_interaction,20260912,0.31511223694985796,0.31511223694985796,0,1
fixed_transform_step100,3036,2023-07-28,2023-08-07,-0.0039612927947766,2023,2023-06-30,learned_vol_interaction,20260912,0.6405823229294682,0.6405823229294682,1,0
fixed_transform_step100,3041,2023-08-04,2023-08-14,-0.0404899362223548,2023,2023-06-30,learned_vol_interaction,20260912,0.6726900771208553,0.6726900771208553,1,0
fixed_transform_step100,3046,2023-08-11,2023-08-21,-0.0176157088591445,2023,2023-06-30,learned_vol_interaction,20260912,0.8481221116906972,0.8481221116906972,1,0
fixed_transform_step100,3051,2023-08-18,2023-08-28,0.0366582477081969,2023,2023-06-30,learned_vol_interaction,20260912,0.43214251219139443,0.43214251219139443,0,1
fixed_transform_step100,3056,2023-08-25,2023-09-04,-0.025197172476384,2023,2023-06-30,learned_vol_interaction,20260912,0.4719985726991828,0.4719985726991828,0,0
fixed_transform_step100,3061,2023-09-01,2023-09-11,-0.0189903461587886,2023,2023-06-30,learned_vol_interaction,20260912,0.2898876076363405,0.2898876076363405,0,0
fixed_transform_step100,3066,2023-09-08,2023-09-18,-0.0111346368744954,2023,2023-06-30,learned_vol_interaction,20260912,0.6397039158974782,0.6397039158974782,1,0
fixed_transform_step100,3071,2023-09-15,2023-09-25,0.0105787349314532,2023,2023-06-30,learned_vol_interaction,20260912,0.4709430041498317,0.4709430041498317,0,1
fixed_transform_step100,3076,2023-09-22,2023-10-16,-0.0198017153282719,2023,2023-06-30,learned_vol_interaction,20260912,0.4096319250134488,0.4096319250134488,0,0
fixed_transform_step100,3021,2023-07-07,2023-07-17,0.0104280552692135,2023,2023-06-30,learned_order_extension,20260912,0.5817339907293645,0.5817339907293645,1,1
fixed_transform_step100,3026,2023-07-14,2023-07-24,-0.0201642613135752,2023,2023-06-30,learned_order_extension,20260912,0.669812402173924,0.669812402173924,1,0
fixed_transform_step100,3031,2023-07-21,2023-07-31,0.0566710925894278,2023,2023-06-30,learned_order_extension,20260912,0.4804199633210121,0.4804199633210121,0,1
fixed_transform_step100,3036,2023-07-28,2023-08-07,-0.0039612927947766,2023,2023-06-30,learned_order_extension,20260912,0.6127923400568299,0.6127923400568299,1,0
fixed_transform_step100,3041,2023-08-04,2023-08-14,-0.0404899362223548,2023,2023-06-30,learned_order_extension,20260912,0.5828402023143159,0.5828402023143159,1,0
fixed_transform_step100,3046,2023-08-11,2023-08-21,-0.0176157088591445,2023,2023-06-30,learned_order_extension,20260912,0.7370760737236626,0.7370760737236626,1,0
fixed_transform_step100,3051,2023-08-18,2023-08-28,0.0366582477081969,2023,2023-06-30,learned_order_extension,20260912,0.4337258162074061,0.4337258162074061,0,1
fixed_transform_step100,3056,2023-08-25,2023-09-04,-0.025197172476384,2023,2023-06-30,learned_order_extension,20260912,0.5038512077975116,0.5038512077975116,1,0
fixed_transform_step100,3061,2023-09-01,2023-09-11,-0.0189903461587886,2023,2023-06-30,learned_order_extension,20260912,0.3650534584647535,0.3650534584647535,0,0
fixed_transform_step100,3066,2023-09-08,2023-09-18,-0.0111346368744954,2023,2023-06-30,learned_order_extension,20260912,0.5767292287054713,0.5767292287054713,1,0
fixed_transform_step100,3071,2023-09-15,2023-09-25,0.0105787349314532,2023,2023-06-30,learned_order_extension,20260912,0.4636870721716507,0.4636870721716507,0,1
fixed_transform_step100,3076,2023-09-22,2023-10-16,-0.0198017153282719,2023,2023-06-30,learned_order_extension,20260912,0.43598590197689313,0.43598590197689313,0,0
fixed_transform_step100,3021,2023-07-07,2023-07-17,0.0104280552692135,2023,2023-06-30,learned_order_offset,20260912,0.5871154221684362,0.5871154221684362,1,1
fixed_transform_step100,3026,2023-07-14,2023-07-24,-0.0201642613135752,2023,2023-06-30,learned_order_offset,20260912,0.6718684280052891,0.6718684280052891,1,0
fixed_transform_step100,3031,2023-07-21,2023-07-31,0.0566710925894278,2023,2023-06-30,learned_order_offset,20260912,0.5011454474913002,0.5011454474913002,1,1
fixed_transform_step100,3036,2023-07-28,2023-08-07,-0.0039612927947766,2023,2023-06-30,learned_order_offset,20260912,0.6135903452461796,0.6135903452461796,1,0
fixed_transform_step100,3041,2023-08-04,2023-08-14,-0.0404899362223548,2023,2023-06-30,learned_order_offset,20260912,0.583346606070415,0.583346606070415,1,0
fixed_transform_step100,3046,2023-08-11,2023-08-21,-0.0176157088591445,2023,2023-06-30,learned_order_offset,20260912,0.7272955022481526,0.7272955022481526,1,0
fixed_transform_step100,3051,2023-08-18,2023-08-28,0.0366582477081969,2023,2023-06-30,learned_order_offset,20260912,0.43272195208445974,0.43272195208445974,0,1
fixed_transform_step100,3056,2023-08-25,2023-09-04,-0.025197172476384,2023,2023-06-30,learned_order_offset,20260912,0.5104635707844819,0.5104635707844819,1,0
fixed_transform_step100,3061,2023-09-01,2023-09-11,-0.0189903461587886,2023,2023-06-30,learned_order_offset,20260912,0.3849187902050913,0.3849187902050913,0,0
fixed_transform_step100,3066,2023-09-08,2023-09-18,-0.0111346368744954,2023,2023-06-30,learned_order_offset,20260912,0.5867631169877555,0.5867631169877555,1,0
fixed_transform_step100,3071,2023-09-15,2023-09-25,0.0105787349314532,2023,2023-06-30,learned_order_offset,20260912,0.47787571527145134,0.47787571527145134,0,1
fixed_transform_step100,3076,2023-09-22,2023-10-16,-0.0198017153282719,2023,2023-06-30,learned_order_offset,20260912,0.4443887275077484,0.4443887275077484,0,0
fixed_transform_step100,3085,2023-10-13,2023-10-23,-0.0447156690429144,2023,2023-09-30,learned_market,20260910,0.48458784222284046,0.48458784222284046,0,0
fixed_transform_step100,3090,2023-10-20,2023-10-30,0.0154019770298841,2023,2023-09-30,learned_market,20260910,0.5206777544733867,0.5206777544733867,1,1
fixed_transform_step100,3095,2023-10-27,2023-11-06,0.0152527637017425,2023,2023-09-30,learned_market,20260910,0.6234219110554193,0.6234219110554193,1,1
fixed_transform_step100,3100,2023-11-03,2023-11-13,-0.0039935482440582,2023,2023-09-30,learned_market,20260910,0.6013741152924182,0.6013741152924182,1,0
fixed_transform_step100,3105,2023-11-10,2023-11-20,-0.0067280482816765,2023,2023-09-30,learned_market,20260910,0.4488881593662217,0.4488881593662217,0,0
fixed_transform_step100,3110,2023-11-17,2023-11-27,-0.0098859017348651,2023,2023-09-30,learned_market,20260910,0.49993423773513124,0.49993423773513124,0,0
fixed_transform_step100,3115,2023-11-24,2023-12-04,-0.0151084754586299,2023,2023-09-30,learned_market,20260910,0.5949359980871319,0.5949359980871319,1,0
fixed_transform_step100,3120,2023-12-01,2023-12-11,-0.0295859857973478,2023,2023-09-30,learned_market,20260910,0.6069200217276295,0.6069200217276295,1,0
fixed_transform_step100,3125,2023-12-08,2023-12-18,-0.0144639658974852,2023,2023-09-30,learned_market,20260910,0.6717366145939131,0.6717366145939131,1,0
fixed_transform_step100,3130,2023-12-15,2023-12-25,0.0003424256350643,2023,2023-09-30,learned_market,20260910,0.5274276027124893,0.5274276027124893,1,1
fixed_transform_step100,3135,2023-12-22,2024-01-02,0.0288079559683274,2023,2023-09-30,learned_market,20260910,0.40728705695111744,0.40728705695111744,0,1
fixed_transform_step100,3140,2023-12-29,2024-01-08,-0.0302544749829989,2023,2023-09-30,learned_market,20260910,0.587333309500823,0.587333309500823,1,0
fixed_transform_step100,3085,2023-10-13,2023-10-23,-0.0447156690429144,2023,2023-09-30,learned_vol_interaction,20260910,0.4998963297777725,0.4998963297777725,0,0
fixed_transform_step100,3090,2023-10-20,2023-10-30,0.0154019770298841,2023,2023-09-30,learned_vol_interaction,20260910,0.522997259620669,0.522997259620669,1,1
fixed_transform_step100,3095,2023-10-27,2023-11-06,0.0152527637017425,2023,2023-09-30,learned_vol_interaction,20260910,0.6147209321233614,0.6147209321233614,1,1
fixed_transform_step100,3100,2023-11-03,2023-11-13,-0.0039935482440582,2023,2023-09-30,learned_vol_interaction,20260910,0.5881118738495945,0.5881118738495945,1,0
fixed_transform_step100,3105,2023-11-10,2023-11-20,-0.0067280482816765,2023,2023-09-30,learned_vol_interaction,20260910,0.4523793097130722,0.4523793097130722,0,0
fixed_transform_step100,3110,2023-11-17,2023-11-27,-0.0098859017348651,2023,2023-09-30,learned_vol_interaction,20260910,0.4906459793757501,0.4906459793757501,0,0
fixed_transform_step100,3115,2023-11-24,2023-12-04,-0.0151084754586299,2023,2023-09-30,learned_vol_interaction,20260910,0.5758169769891598,0.5758169769891598,1,0
fixed_transform_step100,3120,2023-12-01,2023-12-11,-0.0295859857973478,2023,2023-09-30,learned_vol_interaction,20260910,0.585855303995449,0.585855303995449,1,0
fixed_transform_step100,3125,2023-12-08,2023-12-18,-0.0144639658974852,2023,2023-09-30,learned_vol_interaction,20260910,0.651770728002158,0.651770728002158,1,0
fixed_transform_step100,3130,2023-12-15,2023-12-25,0.0003424256350643,2023,2023-09-30,learned_vol_interaction,20260910,0.526879023737204,0.526879023737204,1,1
fixed_transform_step100,3135,2023-12-22,2024-01-02,0.0288079559683274,2023,2023-09-30,learned_vol_interaction,20260910,0.4231033533703583,0.4231033533703583,0,1
fixed_transform_step100,3140,2023-12-29,2024-01-08,-0.0302544749829989,2023,2023-09-30,learned_vol_interaction,20260910,0.5770005006501632,0.5770005006501632,1,0
fixed_transform_step100,3085,2023-10-13,2023-10-23,-0.0447156690429144,2023,2023-09-30,learned_order_extension,20260910,0.45077769522380384,0.45077769522380384,0,0
fixed_transform_step100,3090,2023-10-20,2023-10-30,0.0154019770298841,2023,2023-09-30,learned_order_extension,20260910,0.5342894475076828,0.5342894475076828,1,1
fixed_transform_step100,3095,2023-10-27,2023-11-06,0.0152527637017425,2023,2023-09-30,learned_order_extension,20260910,0.5727632015324194,0.5727632015324194,1,1
fixed_transform_step100,3100,2023-11-03,2023-11-13,-0.0039935482440582,2023,2023-09-30,learned_order_extension,20260910,0.5736000294079784,0.5736000294079784,1,0
fixed_transform_step100,3105,2023-11-10,2023-11-20,-0.0067280482816765,2023,2023-09-30,learned_order_extension,20260910,0.49413338552536895,0.49413338552536895,0,0
fixed_transform_step100,3110,2023-11-17,2023-11-27,-0.0098859017348651,2023,2023-09-30,learned_order_extension,20260910,0.524516796184541,0.524516796184541,1,0
fixed_transform_step100,3115,2023-11-24,2023-12-04,-0.0151084754586299,2023,2023-09-30,learned_order_extension,20260910,0.5444214218182141,0.5444214218182141,1,0
fixed_transform_step100,3120,2023-12-01,2023-12-11,-0.0295859857973478,2023,2023-09-30,learned_order_extension,20260910,0.5687921609968426,0.5687921609968426,1,0
fixed_transform_step100,3125,2023-12-08,2023-12-18,-0.0144639658974852,2023,2023-09-30,learned_order_extension,20260910,0.6791377419819207,0.6791377419819207,1,0
fixed_transform_step100,3130,2023-12-15,2023-12-25,0.0003424256350643,2023,2023-09-30,learned_order_extension,20260910,0.5267164355915124,0.5267164355915124,1,1
fixed_transform_step100,3135,2023-12-22,2024-01-02,0.0288079559683274,2023,2023-09-30,learned_order_extension,20260910,0.4546371908257371,0.4546371908257371,0,1
fixed_transform_step100,3140,2023-12-29,2024-01-08,-0.0302544749829989,2023,2023-09-30,learned_order_extension,20260910,0.5866742383428842,0.5866742383428842,1,0
fixed_transform_step100,3085,2023-10-13,2023-10-23,-0.0447156690429144,2023,2023-09-30,learned_order_offset,20260910,0.4648797000491492,0.4648797000491492,0,0
fixed_transform_step100,3090,2023-10-20,2023-10-30,0.0154019770298841,2023,2023-09-30,learned_order_offset,20260910,0.5262957639213989,0.5262957639213989,1,1
fixed_transform_step100,3095,2023-10-27,2023-11-06,0.0152527637017425,2023,2023-09-30,learned_order_offset,20260910,0.5603392250153175,0.5603392250153175,1,1
fixed_transform_step100,3100,2023-11-03,2023-11-13,-0.0039935482440582,2023,2023-09-30,learned_order_offset,20260910,0.5579899888425465,0.5579899888425465,1,0
fixed_transform_step100,3105,2023-11-10,2023-11-20,-0.0067280482816765,2023,2023-09-30,learned_order_offset,20260910,0.49601045458484944,0.49601045458484944,0,0
fixed_transform_step100,3110,2023-11-17,2023-11-27,-0.0098859017348651,2023,2023-09-30,learned_order_offset,20260910,0.514765768407423,0.514765768407423,1,0
fixed_transform_step100,3115,2023-11-24,2023-12-04,-0.0151084754586299,2023,2023-09-30,learned_order_offset,20260910,0.5267475979190773,0.5267475979190773,1,0
fixed_transform_step100,3120,2023-12-01,2023-12-11,-0.0295859857973478,2023,2023-09-30,learned_order_offset,20260910,0.5462937669968241,0.5462937669968241,1,0
fixed_transform_step100,3125,2023-12-08,2023-12-18,-0.0144639658974852,2023,2023-09-30,learned_order_offset,20260910,0.6573492583278838,0.6573492583278838,1,0
fixed_transform_step100,3130,2023-12-15,2023-12-25,0.0003424256350643,2023,2023-09-30,learned_order_offset,20260910,0.5220141601569926,0.5220141601569926,1,1
fixed_transform_step100,3135,2023-12-22,2024-01-02,0.0288079559683274,2023,2023-09-30,learned_order_offset,20260910,0.46235621731423876,0.46235621731423876,0,1
fixed_transform_step100,3140,2023-12-29,2024-01-08,-0.0302544749829989,2023,2023-09-30,learned_order_offset,20260910,0.5754374090858672,0.5754374090858672,1,0
fixed_transform_step100,3085,2023-10-13,2023-10-23,-0.0447156690429144,2023,2023-09-30,learned_market,20260911,0.4139905577158719,0.4139905577158719,0,0
fixed_transform_step100,3090,2023-10-20,2023-10-30,0.0154019770298841,2023,2023-09-30,learned_market,20260911,0.42782279578813204,0.42782279578813204,0,1
fixed_transform_step100,3095,2023-10-27,2023-11-06,0.0152527637017425,2023,2023-09-30,learned_market,20260911,0.45164178234927116,0.45164178234927116,0,1
fixed_transform_step100,3100,2023-11-03,2023-11-13,-0.0039935482440582,2023,2023-09-30,learned_market,20260911,0.6026674864095217,0.6026674864095217,1,0
fixed_transform_step100,3105,2023-11-10,2023-11-20,-0.0067280482816765,2023,2023-09-30,learned_market,20260911,0.5088749633656822,0.5088749633656822,1,0
fixed_transform_step100,3110,2023-11-17,2023-11-27,-0.0098859017348651,2023,2023-09-30,learned_market,20260911,0.4648854488064811,0.4648854488064811,0,0
fixed_transform_step100,3115,2023-11-24,2023-12-04,-0.0151084754586299,2023,2023-09-30,learned_market,20260911,0.5341381661351822,0.5341381661351822,1,0
fixed_transform_step100,3120,2023-12-01,2023-12-11,-0.0295859857973478,2023,2023-09-30,learned_market,20260911,0.6049811782185136,0.6049811782185136,1,0
fixed_transform_step100,3125,2023-12-08,2023-12-18,-0.0144639658974852,2023,2023-09-30,learned_market,20260911,0.4870100690881935,0.4870100690881935,0,0
fixed_transform_step100,3130,2023-12-15,2023-12-25,0.0003424256350643,2023,2023-09-30,learned_market,20260911,0.48147503486505433,0.48147503486505433,0,1
fixed_transform_step100,3135,2023-12-22,2024-01-02,0.0288079559683274,2023,2023-09-30,learned_market,20260911,0.49051077718556835,0.49051077718556835,0,1
fixed_transform_step100,3140,2023-12-29,2024-01-08,-0.0302544749829989,2023,2023-09-30,learned_market,20260911,0.5126748712390523,0.5126748712390523,1,0
fixed_transform_step100,3085,2023-10-13,2023-10-23,-0.0447156690429144,2023,2023-09-30,learned_vol_interaction,20260911,0.5099462703100206,0.5099462703100206,1,0
fixed_transform_step100,3090,2023-10-20,2023-10-30,0.0154019770298841,2023,2023-09-30,learned_vol_interaction,20260911,0.48497111049175246,0.48497111049175246,0,1
fixed_transform_step100,3095,2023-10-27,2023-11-06,0.0152527637017425,2023,2023-09-30,learned_vol_interaction,20260911,0.443990957520076,0.443990957520076,0,1
fixed_transform_step100,3100,2023-11-03,2023-11-13,-0.0039935482440582,2023,2023-09-30,learned_vol_interaction,20260911,0.5798268087214586,0.5798268087214586,1,0
fixed_transform_step100,3105,2023-11-10,2023-11-20,-0.0067280482816765,2023,2023-09-30,learned_vol_interaction,20260911,0.5234408848374958,0.5234408848374958,1,0
fixed_transform_step100,3110,2023-11-17,2023-11-27,-0.0098859017348651,2023,2023-09-30,learned_vol_interaction,20260911,0.528201910425357,0.528201910425357,1,0
fixed_transform_step100,3115,2023-11-24,2023-12-04,-0.0151084754586299,2023,2023-09-30,learned_vol_interaction,20260911,0.5394240427717927,0.5394240427717927,1,0
fixed_transform_step100,3120,2023-12-01,2023-12-11,-0.0295859857973478,2023,2023-09-30,learned_vol_interaction,20260911,0.5841003914439672,0.5841003914439672,1,0
fixed_transform_step100,3125,2023-12-08,2023-12-18,-0.0144639658974852,2023,2023-09-30,learned_vol_interaction,20260911,0.5728108260935452,0.5728108260935452,1,0
fixed_transform_step100,3130,2023-12-15,2023-12-25,0.0003424256350643,2023,2023-09-30,learned_vol_interaction,20260911,0.5696421111338075,0.5696421111338075,1,1
fixed_transform_step100,3135,2023-12-22,2024-01-02,0.0288079559683274,2023,2023-09-30,learned_vol_interaction,20260911,0.5520769477461467,0.5520769477461467,1,1
fixed_transform_step100,3140,2023-12-29,2024-01-08,-0.0302544749829989,2023,2023-09-30,learned_vol_interaction,20260911,0.5253602091396156,0.5253602091396156,1,0
fixed_transform_step100,3085,2023-10-13,2023-10-23,-0.0447156690429144,2023,2023-09-30,learned_order_extension,20260911,0.4956598574117103,0.4956598574117103,0,0
fixed_transform_step100,3090,2023-10-20,2023-10-30,0.0154019770298841,2023,2023-09-30,learned_order_extension,20260911,0.47009853643315036,0.47009853643315036,0,1
fixed_transform_step100,3095,2023-10-27,2023-11-06,0.0152527637017425,2023,2023-09-30,learned_order_extension,20260911,0.44439334968403305,0.44439334968403305,0,1
fixed_transform_step100,3100,2023-11-03,2023-11-13,-0.0039935482440582,2023,2023-09-30,learned_order_extension,20260911,0.5848907551792256,0.5848907551792256,1,0
fixed_transform_step100,3105,2023-11-10,2023-11-20,-0.0067280482816765,2023,2023-09-30,learned_order_extension,20260911,0.5289794302346856,0.5289794302346856,1,0
fixed_transform_step100,3110,2023-11-17,2023-11-27,-0.0098859017348651,2023,2023-09-30,learned_order_extension,20260911,0.5318803559518005,0.5318803559518005,1,0
fixed_transform_step100,3115,2023-11-24,2023-12-04,-0.0151084754586299,2023,2023-09-30,learned_order_extension,20260911,0.5462914949698915,0.5462914949698915,1,0
fixed_transform_step100,3120,2023-12-01,2023-12-11,-0.0295859857973478,2023,2023-09-30,learned_order_extension,20260911,0.5893304877300838,0.5893304877300838,1,0
fixed_transform_step100,3125,2023-12-08,2023-12-18,-0.0144639658974852,2023,2023-09-30,learned_order_extension,20260911,0.568073066136067,0.568073066136067,1,0
fixed_transform_step100,3130,2023-12-15,2023-12-25,0.0003424256350643,2023,2023-09-30,learned_order_extension,20260911,0.5757801206018497,0.5757801206018497,1,1
fixed_transform_step100,3135,2023-12-22,2024-01-02,0.0288079559683274,2023,2023-09-30,learned_order_extension,20260911,0.5628787742409297,0.5628787742409297,1,1
fixed_transform_step100,3140,2023-12-29,2024-01-08,-0.0302544749829989,2023,2023-09-30,learned_order_extension,20260911,0.5264217514699137,0.5264217514699137,1,0
fixed_transform_step100,3085,2023-10-13,2023-10-23,-0.0447156690429144,2023,2023-09-30,learned_order_offset,20260911,0.498360476278149,0.498360476278149,0,0
fixed_transform_step100,3090,2023-10-20,2023-10-30,0.0154019770298841,2023,2023-09-30,learned_order_offset,20260911,0.47102777323069434,0.47102777323069434,0,1
fixed_transform_step100,3095,2023-10-27,2023-11-06,0.0152527637017425,2023,2023-09-30,learned_order_offset,20260911,0.44360434178537045,0.44360434178537045,0,1
fixed_transform_step100,3100,2023-11-03,2023-11-13,-0.0039935482440582,2023,2023-09-30,learned_order_offset,20260911,0.5816294448878425,0.5816294448878425,1,0
fixed_transform_step100,3105,2023-11-10,2023-11-20,-0.0067280482816765,2023,2023-09-30,learned_order_offset,20260911,0.529066183963453,0.529066183963453,1,0
fixed_transform_step100,3110,2023-11-17,2023-11-27,-0.0098859017348651,2023,2023-09-30,learned_order_offset,20260911,0.5306740232040148,0.5306740232040148,1,0
fixed_transform_step100,3115,2023-11-24,2023-12-04,-0.0151084754586299,2023,2023-09-30,learned_order_offset,20260911,0.5447958939005665,0.5447958939005665,1,0
fixed_transform_step100,3120,2023-12-01,2023-12-11,-0.0295859857973478,2023,2023-09-30,learned_order_offset,20260911,0.5875812518305458,0.5875812518305458,1,0
fixed_transform_step100,3125,2023-12-08,2023-12-18,-0.0144639658974852,2023,2023-09-30,learned_order_offset,20260911,0.568636809116138,0.568636809116138,1,0
fixed_transform_step100,3130,2023-12-15,2023-12-25,0.0003424256350643,2023,2023-09-30,learned_order_offset,20260911,0.5759175915805129,0.5759175915805129,1,1
fixed_transform_step100,3135,2023-12-22,2024-01-02,0.0288079559683274,2023,2023-09-30,learned_order_offset,20260911,0.5627594382971721,0.5627594382971721,1,1
fixed_transform_step100,3140,2023-12-29,2024-01-08,-0.0302544749829989,2023,2023-09-30,learned_order_offset,20260911,0.5243471538027562,0.5243471538027562,1,0
fixed_transform_step100,3085,2023-10-13,2023-10-23,-0.0447156690429144,2023,2023-09-30,learned_market,20260912,0.47668642680659074,0.47668642680659074,0,0
fixed_transform_step100,3090,2023-10-20,2023-10-30,0.0154019770298841,2023,2023-09-30,learned_market,20260912,0.5284475308329096,0.5284475308329096,1,1
fixed_transform_step100,3095,2023-10-27,2023-11-06,0.0152527637017425,2023,2023-09-30,learned_market,20260912,0.7356589534996935,0.7356589534996935,1,1
fixed_transform_step100,3100,2023-11-03,2023-11-13,-0.0039935482440582,2023,2023-09-30,learned_market,20260912,0.4237994034656709,0.4237994034656709,0,0
fixed_transform_step100,3105,2023-11-10,2023-11-20,-0.0067280482816765,2023,2023-09-30,learned_market,20260912,0.37773327067120493,0.37773327067120493,0,0
fixed_transform_step100,3110,2023-11-17,2023-11-27,-0.0098859017348651,2023,2023-09-30,learned_market,20260912,0.39345162452747146,0.39345162452747146,0,0
fixed_transform_step100,3115,2023-11-24,2023-12-04,-0.0151084754586299,2023,2023-09-30,learned_market,20260912,0.5588200481104056,0.5588200481104056,1,0
fixed_transform_step100,3120,2023-12-01,2023-12-11,-0.0295859857973478,2023,2023-09-30,learned_market,20260912,0.4273725283089444,0.4273725283089444,0,0
fixed_transform_step100,3125,2023-12-08,2023-12-18,-0.0144639658974852,2023,2023-09-30,learned_market,20260912,0.46925010074899326,0.46925010074899326,0,0
fixed_transform_step100,3130,2023-12-15,2023-12-25,0.0003424256350643,2023,2023-09-30,learned_market,20260912,0.5159124437142103,0.5159124437142103,1,1
fixed_transform_step100,3135,2023-12-22,2024-01-02,0.0288079559683274,2023,2023-09-30,learned_market,20260912,0.4218519669681398,0.4218519669681398,0,1
fixed_transform_step100,3140,2023-12-29,2024-01-08,-0.0302544749829989,2023,2023-09-30,learned_market,20260912,0.33656155833175894,0.33656155833175894,0,0
fixed_transform_step100,3085,2023-10-13,2023-10-23,-0.0447156690429144,2023,2023-09-30,learned_vol_interaction,20260912,0.47844497463254515,0.47844497463254515,0,0
fixed_transform_step100,3090,2023-10-20,2023-10-30,0.0154019770298841,2023,2023-09-30,learned_vol_interaction,20260912,0.5270448893559231,0.5270448893559231,1,1
fixed_transform_step100,3095,2023-10-27,2023-11-06,0.0152527637017425,2023,2023-09-30,learned_vol_interaction,20260912,0.7319432769791425,0.7319432769791425,1,1
fixed_transform_step100,3100,2023-11-03,2023-11-13,-0.0039935482440582,2023,2023-09-30,learned_vol_interaction,20260912,0.4238631996860755,0.4238631996860755,0,0
fixed_transform_step100,3105,2023-11-10,2023-11-20,-0.0067280482816765,2023,2023-09-30,learned_vol_interaction,20260912,0.3790921134194097,0.3790921134194097,0,0
fixed_transform_step100,3110,2023-11-17,2023-11-27,-0.0098859017348651,2023,2023-09-30,learned_vol_interaction,20260912,0.40356468797732425,0.40356468797732425,0,0
fixed_transform_step100,3115,2023-11-24,2023-12-04,-0.0151084754586299,2023,2023-09-30,learned_vol_interaction,20260912,0.5534220748305084,0.5534220748305084,1,0
fixed_transform_step100,3120,2023-12-01,2023-12-11,-0.0295859857973478,2023,2023-09-30,learned_vol_interaction,20260912,0.43243101447340865,0.43243101447340865,0,0
fixed_transform_step100,3125,2023-12-08,2023-12-18,-0.0144639658974852,2023,2023-09-30,learned_vol_interaction,20260912,0.4717298925355363,0.4717298925355363,0,0
fixed_transform_step100,3130,2023-12-15,2023-12-25,0.0003424256350643,2023,2023-09-30,learned_vol_interaction,20260912,0.5176364216787761,0.5176364216787761,1,1
fixed_transform_step100,3135,2023-12-22,2024-01-02,0.0288079559683274,2023,2023-09-30,learned_vol_interaction,20260912,0.42882372702119753,0.42882372702119753,0,1
fixed_transform_step100,3140,2023-12-29,2024-01-08,-0.0302544749829989,2023,2023-09-30,learned_vol_interaction,20260912,0.339417336962173,0.339417336962173,0,0
fixed_transform_step100,3085,2023-10-13,2023-10-23,-0.0447156690429144,2023,2023-09-30,learned_order_extension,20260912,0.4799588440197297,0.4799588440197297,0,0
fixed_transform_step100,3090,2023-10-20,2023-10-30,0.0154019770298841,2023,2023-09-30,learned_order_extension,20260912,0.5622000577181893,0.5622000577181893,1,1
fixed_transform_step100,3095,2023-10-27,2023-11-06,0.0152527637017425,2023,2023-09-30,learned_order_extension,20260912,0.6728175155722188,0.6728175155722188,1,1
fixed_transform_step100,3100,2023-11-03,2023-11-13,-0.0039935482440582,2023,2023-09-30,learned_order_extension,20260912,0.5278422835007365,0.5278422835007365,1,0
fixed_transform_step100,3105,2023-11-10,2023-11-20,-0.0067280482816765,2023,2023-09-30,learned_order_extension,20260912,0.42553192739073353,0.42553192739073353,0,0
fixed_transform_step100,3110,2023-11-17,2023-11-27,-0.0098859017348651,2023,2023-09-30,learned_order_extension,20260912,0.5110079168792452,0.5110079168792452,1,0
fixed_transform_step100,3115,2023-11-24,2023-12-04,-0.0151084754586299,2023,2023-09-30,learned_order_extension,20260912,0.5165942652699935,0.5165942652699935,1,0
fixed_transform_step100,3120,2023-12-01,2023-12-11,-0.0295859857973478,2023,2023-09-30,learned_order_extension,20260912,0.5102936886573622,0.5102936886573622,1,0
fixed_transform_step100,3125,2023-12-08,2023-12-18,-0.0144639658974852,2023,2023-09-30,learned_order_extension,20260912,0.48665387111137964,0.48665387111137964,0,0
fixed_transform_step100,3130,2023-12-15,2023-12-25,0.0003424256350643,2023,2023-09-30,learned_order_extension,20260912,0.5588100394607926,0.5588100394607926,1,1
fixed_transform_step100,3135,2023-12-22,2024-01-02,0.0288079559683274,2023,2023-09-30,learned_order_extension,20260912,0.46246447388940926,0.46246447388940926,0,1
fixed_transform_step100,3140,2023-12-29,2024-01-08,-0.0302544749829989,2023,2023-09-30,learned_order_extension,20260912,0.46266704637956746,0.46266704637956746,0,0
fixed_transform_step100,3085,2023-10-13,2023-10-23,-0.0447156690429144,2023,2023-09-30,learned_order_offset,20260912,0.4966848718181336,0.4966848718181336,0,0
fixed_transform_step100,3090,2023-10-20,2023-10-30,0.0154019770298841,2023,2023-09-30,learned_order_offset,20260912,0.5659908193506654,0.5659908193506654,1,1
fixed_transform_step100,3095,2023-10-27,2023-11-06,0.0152527637017425,2023,2023-09-30,learned_order_offset,20260912,0.6104687425719867,0.6104687425719867,1,1
fixed_transform_step100,3100,2023-11-03,2023-11-13,-0.0039935482440582,2023,2023-09-30,learned_order_offset,20260912,0.5258536060146756,0.5258536060146756,1,0
fixed_transform_step100,3105,2023-11-10,2023-11-20,-0.0067280482816765,2023,2023-09-30,learned_order_offset,20260912,0.42819993897871206,0.42819993897871206,0,0
fixed_transform_step100,3110,2023-11-17,2023-11-27,-0.0098859017348651,2023,2023-09-30,learned_order_offset,20260912,0.5658941534146107,0.5658941534146107,1,0
fixed_transform_step100,3115,2023-11-24,2023-12-04,-0.0151084754586299,2023,2023-09-30,learned_order_offset,20260912,0.4975432891348248,0.4975432891348248,0,0
fixed_transform_step100,3120,2023-12-01,2023-12-11,-0.0295859857973478,2023,2023-09-30,learned_order_offset,20260912,0.5317755551252612,0.5317755551252612,1,0
fixed_transform_step100,3125,2023-12-08,2023-12-18,-0.0144639658974852,2023,2023-09-30,learned_order_offset,20260912,0.5022764235083127,0.5022764235083127,1,0
fixed_transform_step100,3130,2023-12-15,2023-12-25,0.0003424256350643,2023,2023-09-30,learned_order_offset,20260912,0.5699997738035696,0.5699997738035696,1,1
fixed_transform_step100,3135,2023-12-22,2024-01-02,0.0288079559683274,2023,2023-09-30,learned_order_offset,20260912,0.4936798512713668,0.4936798512713668,0,1
fixed_transform_step100,3140,2023-12-29,2024-01-08,-0.0302544749829989,2023,2023-09-30,learned_order_offset,20260912,0.47728850519840765,0.47728850519840765,0,0
fixed_transform_step100,3144,2024-01-05,2024-01-15,-0.0158038409563566,2024,2023-12-31,learned_market,20260910,0.37911601118731636,0.37911601118731636,0,0
fixed_transform_step100,3149,2024-01-12,2024-01-22,-0.002333261979756,2024,2023-12-31,learned_market,20260910,0.4589111880907024,0.4589111880907024,0,0
fixed_transform_step100,3154,2024-01-19,2024-01-29,0.0223511633823452,2024,2023-12-31,learned_market,20260910,0.41956122213307734,0.41956122213307734,0,1
fixed_transform_step100,3159,2024-01-26,2024-02-05,-0.0513103415192826,2024,2023-12-31,learned_market,20260910,0.4467918935376125,0.4467918935376125,0,0
fixed_transform_step100,3164,2024-02-02,2024-02-26,0.1015374891364462,2024,2023-12-31,learned_market,20260910,0.6470923056808707,0.6470923056808707,1,1
fixed_transform_step100,3173,2024-02-23,2024-03-04,0.0151569053862528,2024,2023-12-31,learned_market,20260910,0.6974540268702009,0.6974540268702009,1,1
fixed_transform_step100,3178,2024-03-01,2024-03-11,0.0021394031715169,2024,2023-12-31,learned_market,20260910,0.6539310685581109,0.6539310685581109,1,1
fixed_transform_step100,3183,2024-03-08,2024-03-18,0.0087762342284414,2024,2023-12-31,learned_market,20260910,0.651636534380962,0.651636534380962,1,1
fixed_transform_step100,3188,2024-03-15,2024-03-25,-0.0112802133595746,2024,2023-12-31,learned_market,20260910,0.6184866579610433,0.6184866579610433,1,0
fixed_transform_step100,3193,2024-03-22,2024-04-01,0.0042044725182444,2024,2023-12-31,learned_market,20260910,0.49537529534083324,0.49537529534083324,0,1
fixed_transform_step100,3198,2024-03-29,2024-04-15,-0.0219845815102011,2024,2023-12-31,learned_market,20260910,0.4469684467331579,0.4469684467331579,0,0
fixed_transform_step100,3144,2024-01-05,2024-01-15,-0.0158038409563566,2024,2023-12-31,learned_vol_interaction,20260910,0.375948748112503,0.375948748112503,0,0
fixed_transform_step100,3149,2024-01-12,2024-01-22,-0.002333261979756,2024,2023-12-31,learned_vol_interaction,20260910,0.4653387886294592,0.4653387886294592,0,0
fixed_transform_step100,3154,2024-01-19,2024-01-29,0.0223511633823452,2024,2023-12-31,learned_vol_interaction,20260910,0.409541362332266,0.409541362332266,0,1
fixed_transform_step100,3159,2024-01-26,2024-02-05,-0.0513103415192826,2024,2023-12-31,learned_vol_interaction,20260910,0.4427031623961251,0.4427031623961251,0,0
fixed_transform_step100,3164,2024-02-02,2024-02-26,0.1015374891364462,2024,2023-12-31,learned_vol_interaction,20260910,0.6537066574488869,0.6537066574488869,1,1
fixed_transform_step100,3173,2024-02-23,2024-03-04,0.0151569053862528,2024,2023-12-31,learned_vol_interaction,20260910,0.689311779469667,0.689311779469667,1,1
fixed_transform_step100,3178,2024-03-01,2024-03-11,0.0021394031715169,2024,2023-12-31,learned_vol_interaction,20260910,0.6480049647794901,0.6480049647794901,1,1
fixed_transform_step100,3183,2024-03-08,2024-03-18,0.0087762342284414,2024,2023-12-31,learned_vol_interaction,20260910,0.6491293260006892,0.6491293260006892,1,1
fixed_transform_step100,3188,2024-03-15,2024-03-25,-0.0112802133595746,2024,2023-12-31,learned_vol_interaction,20260910,0.6390487602979349,0.6390487602979349,1,0
fixed_transform_step100,3193,2024-03-22,2024-04-01,0.0042044725182444,2024,2023-12-31,learned_vol_interaction,20260910,0.502579297882782,0.502579297882782,1,1
fixed_transform_step100,3198,2024-03-29,2024-04-15,-0.0219845815102011,2024,2023-12-31,learned_vol_interaction,20260910,0.4621147966680959,0.4621147966680959,0,0
fixed_transform_step100,3144,2024-01-05,2024-01-15,-0.0158038409563566,2024,2023-12-31,learned_order_extension,20260910,0.4019000383386628,0.4019000383386628,0,0
fixed_transform_step100,3149,2024-01-12,2024-01-22,-0.002333261979756,2024,2023-12-31,learned_order_extension,20260910,0.4536929976964038,0.4536929976964038,0,0
fixed_transform_step100,3154,2024-01-19,2024-01-29,0.0223511633823452,2024,2023-12-31,learned_order_extension,20260910,0.4065097447533653,0.4065097447533653,0,1
fixed_transform_step100,3159,2024-01-26,2024-02-05,-0.0513103415192826,2024,2023-12-31,learned_order_extension,20260910,0.4181108069924978,0.4181108069924978,0,0
fixed_transform_step100,3164,2024-02-02,2024-02-26,0.1015374891364462,2024,2023-12-31,learned_order_extension,20260910,0.6639940867614434,0.6639940867614434,1,1
fixed_transform_step100,3173,2024-02-23,2024-03-04,0.0151569053862528,2024,2023-12-31,learned_order_extension,20260910,0.6509742827223437,0.6509742827223437,1,1
fixed_transform_step100,3178,2024-03-01,2024-03-11,0.0021394031715169,2024,2023-12-31,learned_order_extension,20260910,0.596427953854031,0.596427953854031,1,1
fixed_transform_step100,3183,2024-03-08,2024-03-18,0.0087762342284414,2024,2023-12-31,learned_order_extension,20260910,0.5823638998065179,0.5823638998065179,1,1
fixed_transform_step100,3188,2024-03-15,2024-03-25,-0.0112802133595746,2024,2023-12-31,learned_order_extension,20260910,0.5649258035498114,0.5649258035498114,1,0
fixed_transform_step100,3193,2024-03-22,2024-04-01,0.0042044725182444,2024,2023-12-31,learned_order_extension,20260910,0.4756478826315535,0.4756478826315535,0,1
fixed_transform_step100,3198,2024-03-29,2024-04-15,-0.0219845815102011,2024,2023-12-31,learned_order_extension,20260910,0.44826023295447676,0.44826023295447676,0,0
fixed_transform_step100,3144,2024-01-05,2024-01-15,-0.0158038409563566,2024,2023-12-31,learned_order_offset,20260910,0.40294607271257427,0.40294607271257427,0,0
fixed_transform_step100,3149,2024-01-12,2024-01-22,-0.002333261979756,2024,2023-12-31,learned_order_offset,20260910,0.45320010017286466,0.45320010017286466,0,0
fixed_transform_step100,3154,2024-01-19,2024-01-29,0.0223511633823452,2024,2023-12-31,learned_order_offset,20260910,0.40698948981731453,0.40698948981731453,0,1
fixed_transform_step100,3159,2024-01-26,2024-02-05,-0.0513103415192826,2024,2023-12-31,learned_order_offset,20260910,0.4180998926398431,0.4180998926398431,0,0
fixed_transform_step100,3164,2024-02-02,2024-02-26,0.1015374891364462,2024,2023-12-31,learned_order_offset,20260910,0.662467427882048,0.662467427882048,1,1
fixed_transform_step100,3173,2024-02-23,2024-03-04,0.0151569053862528,2024,2023-12-31,learned_order_offset,20260910,0.6495192030104356,0.6495192030104356,1,1
fixed_transform_step100,3178,2024-03-01,2024-03-11,0.0021394031715169,2024,2023-12-31,learned_order_offset,20260910,0.5953483627631191,0.5953483627631191,1,1
fixed_transform_step100,3183,2024-03-08,2024-03-18,0.0087762342284414,2024,2023-12-31,learned_order_offset,20260910,0.5813453143574694,0.5813453143574694,1,1
fixed_transform_step100,3188,2024-03-15,2024-03-25,-0.0112802133595746,2024,2023-12-31,learned_order_offset,20260910,0.5629285714576356,0.5629285714576356,1,0
fixed_transform_step100,3193,2024-03-22,2024-04-01,0.0042044725182444,2024,2023-12-31,learned_order_offset,20260910,0.4746800194029474,0.4746800194029474,0,1
fixed_transform_step100,3198,2024-03-29,2024-04-15,-0.0219845815102011,2024,2023-12-31,learned_order_offset,20260910,0.4474975970181041,0.4474975970181041,0,0
fixed_transform_step100,3144,2024-01-05,2024-01-15,-0.0158038409563566,2024,2023-12-31,learned_market,20260911,0.5054381986976906,0.5054381986976906,1,0
fixed_transform_step100,3149,2024-01-12,2024-01-22,-0.002333261979756,2024,2023-12-31,learned_market,20260911,0.5344404908323787,0.5344404908323787,1,0
fixed_transform_step100,3154,2024-01-19,2024-01-29,0.0223511633823452,2024,2023-12-31,learned_market,20260911,0.6056082203678326,0.6056082203678326,1,1
fixed_transform_step100,3159,2024-01-26,2024-02-05,-0.0513103415192826,2024,2023-12-31,learned_market,20260911,0.536236284491504,0.536236284491504,1,0
fixed_transform_step100,3164,2024-02-02,2024-02-26,0.1015374891364462,2024,2023-12-31,learned_market,20260911,0.5342416496354764,0.5342416496354764,1,1
fixed_transform_step100,3173,2024-02-23,2024-03-04,0.0151569053862528,2024,2023-12-31,learned_market,20260911,0.636064859077555,0.636064859077555,1,1
fixed_transform_step100,3178,2024-03-01,2024-03-11,0.0021394031715169,2024,2023-12-31,learned_market,20260911,0.5744958412225454,0.5744958412225454,1,1
fixed_transform_step100,3183,2024-03-08,2024-03-18,0.0087762342284414,2024,2023-12-31,learned_market,20260911,0.6235376359173743,0.6235376359173743,1,1
fixed_transform_step100,3188,2024-03-15,2024-03-25,-0.0112802133595746,2024,2023-12-31,learned_market,20260911,0.5250838960153138,0.5250838960153138,1,0
fixed_transform_step100,3193,2024-03-22,2024-04-01,0.0042044725182444,2024,2023-12-31,learned_market,20260911,0.5710939352608271,0.5710939352608271,1,1
fixed_transform_step100,3198,2024-03-29,2024-04-15,-0.0219845815102011,2024,2023-12-31,learned_market,20260911,0.3834197760468657,0.3834197760468657,0,0
fixed_transform_step100,3144,2024-01-05,2024-01-15,-0.0158038409563566,2024,2023-12-31,learned_vol_interaction,20260911,0.5055907048902185,0.5055907048902185,1,0
fixed_transform_step100,3149,2024-01-12,2024-01-22,-0.002333261979756,2024,2023-12-31,learned_vol_interaction,20260911,0.5345697430715253,0.5345697430715253,1,0
fixed_transform_step100,3154,2024-01-19,2024-01-29,0.0223511633823452,2024,2023-12-31,learned_vol_interaction,20260911,0.6057144516952688,0.6057144516952688,1,1
fixed_transform_step100,3159,2024-01-26,2024-02-05,-0.0513103415192826,2024,2023-12-31,learned_vol_interaction,20260911,0.5360497014286747,0.5360497014286747,1,0
fixed_transform_step100,3164,2024-02-02,2024-02-26,0.1015374891364462,2024,2023-12-31,learned_vol_interaction,20260911,0.5340699292580867,0.5340699292580867,1,1
fixed_transform_step100,3173,2024-02-23,2024-03-04,0.0151569053862528,2024,2023-12-31,learned_vol_interaction,20260911,0.635598842460853,0.635598842460853,1,1
fixed_transform_step100,3178,2024-03-01,2024-03-11,0.0021394031715169,2024,2023-12-31,learned_vol_interaction,20260911,0.5740233508322927,0.5740233508322927,1,1
fixed_transform_step100,3183,2024-03-08,2024-03-18,0.0087762342284414,2024,2023-12-31,learned_vol_interaction,20260911,0.6228491427098055,0.6228491427098055,1,1
fixed_transform_step100,3188,2024-03-15,2024-03-25,-0.0112802133595746,2024,2023-12-31,learned_vol_interaction,20260911,0.5244855050624243,0.5244855050624243,1,0
fixed_transform_step100,3193,2024-03-22,2024-04-01,0.0042044725182444,2024,2023-12-31,learned_vol_interaction,20260911,0.5705279783235351,0.5705279783235351,1,1
fixed_transform_step100,3198,2024-03-29,2024-04-15,-0.0219845815102011,2024,2023-12-31,learned_vol_interaction,20260911,0.38271605688876176,0.38271605688876176,0,0
fixed_transform_step100,3144,2024-01-05,2024-01-15,-0.0158038409563566,2024,2023-12-31,learned_order_extension,20260911,0.5046246382575834,0.5046246382575834,1,0
fixed_transform_step100,3149,2024-01-12,2024-01-22,-0.002333261979756,2024,2023-12-31,learned_order_extension,20260911,0.5273727883107168,0.5273727883107168,1,0
fixed_transform_step100,3154,2024-01-19,2024-01-29,0.0223511633823452,2024,2023-12-31,learned_order_extension,20260911,0.6361976645125996,0.6361976645125996,1,1
fixed_transform_step100,3159,2024-01-26,2024-02-05,-0.0513103415192826,2024,2023-12-31,learned_order_extension,20260911,0.5444608640891567,0.5444608640891567,1,0
fixed_transform_step100,3164,2024-02-02,2024-02-26,0.1015374891364462,2024,2023-12-31,learned_order_extension,20260911,0.545031438848448,0.545031438848448,1,1
fixed_transform_step100,3173,2024-02-23,2024-03-04,0.0151569053862528,2024,2023-12-31,learned_order_extension,20260911,0.6125199424254827,0.6125199424254827,1,1
fixed_transform_step100,3178,2024-03-01,2024-03-11,0.0021394031715169,2024,2023-12-31,learned_order_extension,20260911,0.5496769035930799,0.5496769035930799,1,1
fixed_transform_step100,3183,2024-03-08,2024-03-18,0.0087762342284414,2024,2023-12-31,learned_order_extension,20260911,0.5653384521782018,0.5653384521782018,1,1
fixed_transform_step100,3188,2024-03-15,2024-03-25,-0.0112802133595746,2024,2023-12-31,learned_order_extension,20260911,0.4741066250462846,0.4741066250462846,0,0
fixed_transform_step100,3193,2024-03-22,2024-04-01,0.0042044725182444,2024,2023-12-31,learned_order_extension,20260911,0.5034201205076809,0.5034201205076809,1,1
fixed_transform_step100,3198,2024-03-29,2024-04-15,-0.0219845815102011,2024,2023-12-31,learned_order_extension,20260911,0.3647496103237538,0.3647496103237538,0,0
fixed_transform_step100,3144,2024-01-05,2024-01-15,-0.0158038409563566,2024,2023-12-31,learned_order_offset,20260911,0.5039028855862143,0.5039028855862143,1,0
fixed_transform_step100,3149,2024-01-12,2024-01-22,-0.002333261979756,2024,2023-12-31,learned_order_offset,20260911,0.5267036688758374,0.5267036688758374,1,0
fixed_transform_step100,3154,2024-01-19,2024-01-29,0.0223511633823452,2024,2023-12-31,learned_order_offset,20260911,0.6349472157761124,0.6349472157761124,1,1
fixed_transform_step100,3159,2024-01-26,2024-02-05,-0.0513103415192826,2024,2023-12-31,learned_order_offset,20260911,0.5443793909861219,0.5443793909861219,1,0
fixed_transform_step100,3164,2024-02-02,2024-02-26,0.1015374891364462,2024,2023-12-31,learned_order_offset,20260911,0.5451794882867483,0.5451794882867483,1,1
fixed_transform_step100,3173,2024-02-23,2024-03-04,0.0151569053862528,2024,2023-12-31,learned_order_offset,20260911,0.6109679669122872,0.6109679669122872,1,1
fixed_transform_step100,3178,2024-03-01,2024-03-11,0.0021394031715169,2024,2023-12-31,learned_order_offset,20260911,0.5481247094966736,0.5481247094966736,1,1
fixed_transform_step100,3183,2024-03-08,2024-03-18,0.0087762342284414,2024,2023-12-31,learned_order_offset,20260911,0.5633395909983205,0.5633395909983205,1,1
fixed_transform_step100,3188,2024-03-15,2024-03-25,-0.0112802133595746,2024,2023-12-31,learned_order_offset,20260911,0.47094256842793375,0.47094256842793375,0,0
fixed_transform_step100,3193,2024-03-22,2024-04-01,0.0042044725182444,2024,2023-12-31,learned_order_offset,20260911,0.4995363819528175,0.4995363819528175,0,1
fixed_transform_step100,3198,2024-03-29,2024-04-15,-0.0219845815102011,2024,2023-12-31,learned_order_offset,20260911,0.3626011592845029,0.3626011592845029,0,0
fixed_transform_step100,3144,2024-01-05,2024-01-15,-0.0158038409563566,2024,2023-12-31,learned_market,20260912,0.5011992069392154,0.5011992069392154,1,0
fixed_transform_step100,3149,2024-01-12,2024-01-22,-0.002333261979756,2024,2023-12-31,learned_market,20260912,0.47277699760132935,0.47277699760132935,0,0
fixed_transform_step100,3154,2024-01-19,2024-01-29,0.0223511633823452,2024,2023-12-31,learned_market,20260912,0.4519385169732587,0.4519385169732587,0,1
fixed_transform_step100,3159,2024-01-26,2024-02-05,-0.0513103415192826,2024,2023-12-31,learned_market,20260912,0.5136187590656476,0.5136187590656476,1,0
fixed_transform_step100,3164,2024-02-02,2024-02-26,0.1015374891364462,2024,2023-12-31,learned_market,20260912,0.5626550395617658,0.5626550395617658,1,1
fixed_transform_step100,3173,2024-02-23,2024-03-04,0.0151569053862528,2024,2023-12-31,learned_market,20260912,0.4999534810647158,0.4999534810647158,0,1
fixed_transform_step100,3178,2024-03-01,2024-03-11,0.0021394031715169,2024,2023-12-31,learned_market,20260912,0.5749313458355619,0.5749313458355619,1,1
fixed_transform_step100,3183,2024-03-08,2024-03-18,0.0087762342284414,2024,2023-12-31,learned_market,20260912,0.5879570158742811,0.5879570158742811,1,1
fixed_transform_step100,3188,2024-03-15,2024-03-25,-0.0112802133595746,2024,2023-12-31,learned_market,20260912,0.48185973058558346,0.48185973058558346,0,0
fixed_transform_step100,3193,2024-03-22,2024-04-01,0.0042044725182444,2024,2023-12-31,learned_market,20260912,0.5819259306110321,0.5819259306110321,1,1
fixed_transform_step100,3198,2024-03-29,2024-04-15,-0.0219845815102011,2024,2023-12-31,learned_market,20260912,0.5513216063045803,0.5513216063045803,1,0
fixed_transform_step100,3144,2024-01-05,2024-01-15,-0.0158038409563566,2024,2023-12-31,learned_vol_interaction,20260912,0.4952442890139834,0.4952442890139834,0,0
fixed_transform_step100,3149,2024-01-12,2024-01-22,-0.002333261979756,2024,2023-12-31,learned_vol_interaction,20260912,0.46734394081550534,0.46734394081550534,0,0
fixed_transform_step100,3154,2024-01-19,2024-01-29,0.0223511633823452,2024,2023-12-31,learned_vol_interaction,20260912,0.4458542659590224,0.4458542659590224,0,1
fixed_transform_step100,3159,2024-01-26,2024-02-05,-0.0513103415192826,2024,2023-12-31,learned_vol_interaction,20260912,0.5051200250772759,0.5051200250772759,1,0
fixed_transform_step100,3164,2024-02-02,2024-02-26,0.1015374891364462,2024,2023-12-31,learned_vol_interaction,20260912,0.5544379606615297,0.5544379606615297,1,1
fixed_transform_step100,3173,2024-02-23,2024-03-04,0.0151569053862528,2024,2023-12-31,learned_vol_interaction,20260912,0.4830624305901862,0.4830624305901862,0,1
fixed_transform_step100,3178,2024-03-01,2024-03-11,0.0021394031715169,2024,2023-12-31,learned_vol_interaction,20260912,0.5592748903954966,0.5592748903954966,1,1
fixed_transform_step100,3183,2024-03-08,2024-03-18,0.0087762342284414,2024,2023-12-31,learned_vol_interaction,20260912,0.5740363843191351,0.5740363843191351,1,1
fixed_transform_step100,3188,2024-03-15,2024-03-25,-0.0112802133595746,2024,2023-12-31,learned_vol_interaction,20260912,0.4809004633653104,0.4809004633653104,0,0
fixed_transform_step100,3193,2024-03-22,2024-04-01,0.0042044725182444,2024,2023-12-31,learned_vol_interaction,20260912,0.5933081539859947,0.5933081539859947,1,1
fixed_transform_step100,3198,2024-03-29,2024-04-15,-0.0219845815102011,2024,2023-12-31,learned_vol_interaction,20260912,0.5653073701837698,0.5653073701837698,1,0
fixed_transform_step100,3144,2024-01-05,2024-01-15,-0.0158038409563566,2024,2023-12-31,learned_order_extension,20260912,0.5535119994762409,0.5535119994762409,1,0
fixed_transform_step100,3149,2024-01-12,2024-01-22,-0.002333261979756,2024,2023-12-31,learned_order_extension,20260912,0.48736548091739423,0.48736548091739423,0,0
fixed_transform_step100,3154,2024-01-19,2024-01-29,0.0223511633823452,2024,2023-12-31,learned_order_extension,20260912,0.4215435053964147,0.4215435053964147,0,1
fixed_transform_step100,3159,2024-01-26,2024-02-05,-0.0513103415192826,2024,2023-12-31,learned_order_extension,20260912,0.48649269504735876,0.48649269504735876,0,0
fixed_transform_step100,3164,2024-02-02,2024-02-26,0.1015374891364462,2024,2023-12-31,learned_order_extension,20260912,0.5496050819275686,0.5496050819275686,1,1
fixed_transform_step100,3173,2024-02-23,2024-03-04,0.0151569053862528,2024,2023-12-31,learned_order_extension,20260912,0.4386082807089806,0.4386082807089806,0,1
fixed_transform_step100,3178,2024-03-01,2024-03-11,0.0021394031715169,2024,2023-12-31,learned_order_extension,20260912,0.46924981751922445,0.46924981751922445,0,1
fixed_transform_step100,3183,2024-03-08,2024-03-18,0.0087762342284414,2024,2023-12-31,learned_order_extension,20260912,0.4701956287186797,0.4701956287186797,0,1
fixed_transform_step100,3188,2024-03-15,2024-03-25,-0.0112802133595746,2024,2023-12-31,learned_order_extension,20260912,0.41374971985365583,0.41374971985365583,0,0
fixed_transform_step100,3193,2024-03-22,2024-04-01,0.0042044725182444,2024,2023-12-31,learned_order_extension,20260912,0.4779698312307604,0.4779698312307604,0,1
fixed_transform_step100,3198,2024-03-29,2024-04-15,-0.0219845815102011,2024,2023-12-31,learned_order_extension,20260912,0.47494867441409877,0.47494867441409877,0,0
fixed_transform_step100,3144,2024-01-05,2024-01-15,-0.0158038409563566,2024,2023-12-31,learned_order_offset,20260912,0.555524023910941,0.555524023910941,1,0
fixed_transform_step100,3149,2024-01-12,2024-01-22,-0.002333261979756,2024,2023-12-31,learned_order_offset,20260912,0.4886344435127239,0.4886344435127239,0,0
fixed_transform_step100,3154,2024-01-19,2024-01-29,0.0223511633823452,2024,2023-12-31,learned_order_offset,20260912,0.4229445653552536,0.4229445653552536,0,1
fixed_transform_step100,3159,2024-01-26,2024-02-05,-0.0513103415192826,2024,2023-12-31,learned_order_offset,20260912,0.4868819752675603,0.4868819752675603,0,0
fixed_transform_step100,3164,2024-02-02,2024-02-26,0.1015374891364462,2024,2023-12-31,learned_order_offset,20260912,0.5512261346233363,0.5512261346233363,1,1
fixed_transform_step100,3173,2024-02-23,2024-03-04,0.0151569053862528,2024,2023-12-31,learned_order_offset,20260912,0.4383060233141652,0.4383060233141652,0,1
fixed_transform_step100,3178,2024-03-01,2024-03-11,0.0021394031715169,2024,2023-12-31,learned_order_offset,20260912,0.4671863792327489,0.4671863792327489,0,1
fixed_transform_step100,3183,2024-03-08,2024-03-18,0.0087762342284414,2024,2023-12-31,learned_order_offset,20260912,0.4682690873666851,0.4682690873666851,0,1
fixed_transform_step100,3188,2024-03-15,2024-03-25,-0.0112802133595746,2024,2023-12-31,learned_order_offset,20260912,0.410883959095752,0.410883959095752,0,0
fixed_transform_step100,3193,2024-03-22,2024-04-01,0.0042044725182444,2024,2023-12-31,learned_order_offset,20260912,0.4736922823747903,0.4736922823747903,0,1
fixed_transform_step100,3198,2024-03-29,2024-04-15,-0.0219845815102011,2024,2023-12-31,learned_order_offset,20260912,0.4721761686206615,0.4721761686206615,0,0
fixed_transform_step100,3206,2024-04-12,2024-04-22,0.018045199366633,2024,2024-03-31,learned_market,20260910,0.41177956186742204,0.41177956186742204,0,1
fixed_transform_step100,3211,2024-04-19,2024-04-29,0.0136757744232476,2024,2024-03-31,learned_market,20260910,0.3579319909300779,0.3579319909300779,0,1
fixed_transform_step100,3216,2024-04-26,2024-05-13,0.0172434956786644,2024,2024-03-31,learned_market,20260910,0.3235488330035074,0.3235488330035074,0,1
fixed_transform_step100,3223,2024-05-10,2024-05-20,0.0097933549988344,2024,2024-03-31,learned_market,20260910,0.3676974938592207,0.3676974938592207,0,1
fixed_transform_step100,3228,2024-05-17,2024-05-27,-0.0204803832637164,2024,2024-03-31,learned_market,20260910,0.3673741284556642,0.3673741284556642,0,0
fixed_transform_step100,3233,2024-05-24,2024-06-03,-0.0081155643048258,2024,2024-03-31,learned_market,20260910,0.4202758215357125,0.4202758215357125,0,0
fixed_transform_step100,3238,2024-05-31,2024-06-11,-0.0060267570121149,2024,2024-03-31,learned_market,20260910,0.4342450119017759,0.4342450119017759,0,0
fixed_transform_step100,3243,2024-06-07,2024-06-17,-0.0096686558937179,2024,2024-03-31,learned_market,20260910,0.5559427642283471,0.5559427642283471,1,0
fixed_transform_step100,3247,2024-06-14,2024-06-24,-0.013573992457631,2024,2024-03-31,learned_market,20260910,0.6504384160333703,0.6504384160333703,1,0
fixed_transform_step100,3252,2024-06-21,2024-07-01,-0.004427632109257,2024,2024-03-31,learned_market,20260910,0.45273965441208025,0.45273965441208025,0,0
fixed_transform_step100,3257,2024-06-28,2024-07-08,-0.0108320369203009,2024,2024-03-31,learned_market,20260910,0.5527570846480451,0.5527570846480451,1,0
fixed_transform_step100,3206,2024-04-12,2024-04-22,0.018045199366633,2024,2024-03-31,learned_vol_interaction,20260910,0.40646678419793647,0.40646678419793647,0,1
fixed_transform_step100,3211,2024-04-19,2024-04-29,0.0136757744232476,2024,2024-03-31,learned_vol_interaction,20260910,0.34266331952374496,0.34266331952374496,0,1
fixed_transform_step100,3216,2024-04-26,2024-05-13,0.0172434956786644,2024,2024-03-31,learned_vol_interaction,20260910,0.3101411262372515,0.3101411262372515,0,1
fixed_transform_step100,3223,2024-05-10,2024-05-20,0.0097933549988344,2024,2024-03-31,learned_vol_interaction,20260910,0.3453521564407266,0.3453521564407266,0,1
fixed_transform_step100,3228,2024-05-17,2024-05-27,-0.0204803832637164,2024,2024-03-31,learned_vol_interaction,20260910,0.3524567636868338,0.3524567636868338,0,0
fixed_transform_step100,3233,2024-05-24,2024-06-03,-0.0081155643048258,2024,2024-03-31,learned_vol_interaction,20260910,0.404452524387498,0.404452524387498,0,0
fixed_transform_step100,3238,2024-05-31,2024-06-11,-0.0060267570121149,2024,2024-03-31,learned_vol_interaction,20260910,0.42741814951706897,0.42741814951706897,0,0
fixed_transform_step100,3243,2024-06-07,2024-06-17,-0.0096686558937179,2024,2024-03-31,learned_vol_interaction,20260910,0.5866867671827215,0.5866867671827215,1,0
fixed_transform_step100,3247,2024-06-14,2024-06-24,-0.013573992457631,2024,2024-03-31,learned_vol_interaction,20260910,0.7034914362657929,0.7034914362657929,1,0
fixed_transform_step100,3252,2024-06-21,2024-07-01,-0.004427632109257,2024,2024-03-31,learned_vol_interaction,20260910,0.4717399031228227,0.4717399031228227,0,0
fixed_transform_step100,3257,2024-06-28,2024-07-08,-0.0108320369203009,2024,2024-03-31,learned_vol_interaction,20260910,0.5974368637628436,0.5974368637628436,1,0
fixed_transform_step100,3206,2024-04-12,2024-04-22,0.018045199366633,2024,2024-03-31,learned_order_extension,20260910,0.3981420369263894,0.3981420369263894,0,1
fixed_transform_step100,3211,2024-04-19,2024-04-29,0.0136757744232476,2024,2024-03-31,learned_order_extension,20260910,0.35435626497660744,0.35435626497660744,0,1
fixed_transform_step100,3216,2024-04-26,2024-05-13,0.0172434956786644,2024,2024-03-31,learned_order_extension,20260910,0.3746158950458579,0.3746158950458579,0,1
fixed_transform_step100,3223,2024-05-10,2024-05-20,0.0097933549988344,2024,2024-03-31,learned_order_extension,20260910,0.3625038669580342,0.3625038669580342,0,1
fixed_transform_step100,3228,2024-05-17,2024-05-27,-0.0204803832637164,2024,2024-03-31,learned_order_extension,20260910,0.3871069194753587,0.3871069194753587,0,0
fixed_transform_step100,3233,2024-05-24,2024-06-03,-0.0081155643048258,2024,2024-03-31,learned_order_extension,20260910,0.4183372680440579,0.4183372680440579,0,0
fixed_transform_step100,3238,2024-05-31,2024-06-11,-0.0060267570121149,2024,2024-03-31,learned_order_extension,20260910,0.420750866593502,0.420750866593502,0,0
fixed_transform_step100,3243,2024-06-07,2024-06-17,-0.0096686558937179,2024,2024-03-31,learned_order_extension,20260910,0.5599064061159227,0.5599064061159227,1,0
fixed_transform_step100,3247,2024-06-14,2024-06-24,-0.013573992457631,2024,2024-03-31,learned_order_extension,20260910,0.6891163616098587,0.6891163616098587,1,0
fixed_transform_step100,3252,2024-06-21,2024-07-01,-0.004427632109257,2024,2024-03-31,learned_order_extension,20260910,0.4668631986825405,0.4668631986825405,0,0
fixed_transform_step100,3257,2024-06-28,2024-07-08,-0.0108320369203009,2024,2024-03-31,learned_order_extension,20260910,0.5913160017823712,0.5913160017823712,1,0
fixed_transform_step100,3206,2024-04-12,2024-04-22,0.018045199366633,2024,2024-03-31,learned_order_offset,20260910,0.3942717129927996,0.3942717129927996,0,1
fixed_transform_step100,3211,2024-04-19,2024-04-29,0.0136757744232476,2024,2024-03-31,learned_order_offset,20260910,0.35320982461519357,0.35320982461519357,0,1
fixed_transform_step100,3216,2024-04-26,2024-05-13,0.0172434956786644,2024,2024-03-31,learned_order_offset,20260910,0.37303589530991543,0.37303589530991543,0,1
fixed_transform_step100,3223,2024-05-10,2024-05-20,0.0097933549988344,2024,2024-03-31,learned_order_offset,20260910,0.3610869458668694,0.3610869458668694,0,1
fixed_transform_step100,3228,2024-05-17,2024-05-27,-0.0204803832637164,2024,2024-03-31,learned_order_offset,20260910,0.3876203320816688,0.3876203320816688,0,0
fixed_transform_step100,3233,2024-05-24,2024-06-03,-0.0081155643048258,2024,2024-03-31,learned_order_offset,20260910,0.42133787169655024,0.42133787169655024,0,0
fixed_transform_step100,3238,2024-05-31,2024-06-11,-0.0060267570121149,2024,2024-03-31,learned_order_offset,20260910,0.4242831055802794,0.4242831055802794,0,0
fixed_transform_step100,3243,2024-06-07,2024-06-17,-0.0096686558937179,2024,2024-03-31,learned_order_offset,20260910,0.5629631791271948,0.5629631791271948,1,0
fixed_transform_step100,3247,2024-06-14,2024-06-24,-0.013573992457631,2024,2024-03-31,learned_order_offset,20260910,0.6899024213376379,0.6899024213376379,1,0
fixed_transform_step100,3252,2024-06-21,2024-07-01,-0.004427632109257,2024,2024-03-31,learned_order_offset,20260910,0.4662611112841141,0.4662611112841141,0,0
fixed_transform_step100,3257,2024-06-28,2024-07-08,-0.0108320369203009,2024,2024-03-31,learned_order_offset,20260910,0.5880179103306971,0.5880179103306971,1,0
fixed_transform_step100,3206,2024-04-12,2024-04-22,0.018045199366633,2024,2024-03-31,learned_market,20260911,0.3683264098269806,0.3683264098269806,0,1
fixed_transform_step100,3211,2024-04-19,2024-04-29,0.0136757744232476,2024,2024-03-31,learned_market,20260911,0.6537095961298623,0.6537095961298623,1,1
fixed_transform_step100,3216,2024-04-26,2024-05-13,0.0172434956786644,2024,2024-03-31,learned_market,20260911,0.6719082086343761,0.6719082086343761,1,1
fixed_transform_step100,3223,2024-05-10,2024-05-20,0.0097933549988344,2024,2024-03-31,learned_market,20260911,0.3307407336918599,0.3307407336918599,0,1
fixed_transform_step100,3228,2024-05-17,2024-05-27,-0.0204803832637164,2024,2024-03-31,learned_market,20260911,0.4437718681070562,0.4437718681070562,0,0
fixed_transform_step100,3233,2024-05-24,2024-06-03,-0.0081155643048258,2024,2024-03-31,learned_market,20260911,0.37129283683689707,0.37129283683689707,0,0
fixed_transform_step100,3238,2024-05-31,2024-06-11,-0.0060267570121149,2024,2024-03-31,learned_market,20260911,0.45950837449242077,0.45950837449242077,0,0
fixed_transform_step100,3243,2024-06-07,2024-06-17,-0.0096686558937179,2024,2024-03-31,learned_market,20260911,0.4512710184656294,0.4512710184656294,0,0
fixed_transform_step100,3247,2024-06-14,2024-06-24,-0.013573992457631,2024,2024-03-31,learned_market,20260911,0.5405115074210566,0.5405115074210566,1,0
fixed_transform_step100,3252,2024-06-21,2024-07-01,-0.004427632109257,2024,2024-03-31,learned_market,20260911,0.46680459356343174,0.46680459356343174,0,0
fixed_transform_step100,3257,2024-06-28,2024-07-08,-0.0108320369203009,2024,2024-03-31,learned_market,20260911,0.48895675866499844,0.48895675866499844,0,0
fixed_transform_step100,3206,2024-04-12,2024-04-22,0.018045199366633,2024,2024-03-31,learned_vol_interaction,20260911,0.37010126164091967,0.37010126164091967,0,1
fixed_transform_step100,3211,2024-04-19,2024-04-29,0.0136757744232476,2024,2024-03-31,learned_vol_interaction,20260911,0.6512122818607609,0.6512122818607609,1,1
fixed_transform_step100,3216,2024-04-26,2024-05-13,0.0172434956786644,2024,2024-03-31,learned_vol_interaction,20260911,0.6696267787658295,0.6696267787658295,1,1
fixed_transform_step100,3223,2024-05-10,2024-05-20,0.0097933549988344,2024,2024-03-31,learned_vol_interaction,20260911,0.33422676356348635,0.33422676356348635,0,1
fixed_transform_step100,3228,2024-05-17,2024-05-27,-0.0204803832637164,2024,2024-03-31,learned_vol_interaction,20260911,0.4421730143981153,0.4421730143981153,0,0
fixed_transform_step100,3233,2024-05-24,2024-06-03,-0.0081155643048258,2024,2024-03-31,learned_vol_interaction,20260911,0.37206431895883985,0.37206431895883985,0,0
fixed_transform_step100,3238,2024-05-31,2024-06-11,-0.0060267570121149,2024,2024-03-31,learned_vol_interaction,20260911,0.45832681676057097,0.45832681676057097,0,0
fixed_transform_step100,3243,2024-06-07,2024-06-17,-0.0096686558937179,2024,2024-03-31,learned_vol_interaction,20260911,0.45266153681218857,0.45266153681218857,0,0
fixed_transform_step100,3247,2024-06-14,2024-06-24,-0.013573992457631,2024,2024-03-31,learned_vol_interaction,20260911,0.5360707147926259,0.5360707147926259,1,0
fixed_transform_step100,3252,2024-06-21,2024-07-01,-0.004427632109257,2024,2024-03-31,learned_vol_interaction,20260911,0.4633119537257154,0.4633119537257154,0,0
fixed_transform_step100,3257,2024-06-28,2024-07-08,-0.0108320369203009,2024,2024-03-31,learned_vol_interaction,20260911,0.485594868545406,0.485594868545406,0,0
fixed_transform_step100,3206,2024-04-12,2024-04-22,0.018045199366633,2024,2024-03-31,learned_order_extension,20260911,0.35542990525040286,0.35542990525040286,0,1
fixed_transform_step100,3211,2024-04-19,2024-04-29,0.0136757744232476,2024,2024-03-31,learned_order_extension,20260911,0.47495662474196493,0.47495662474196493,0,1
fixed_transform_step100,3216,2024-04-26,2024-05-13,0.0172434956786644,2024,2024-03-31,learned_order_extension,20260911,0.45335508591003626,0.45335508591003626,0,1
fixed_transform_step100,3223,2024-05-10,2024-05-20,0.0097933549988344,2024,2024-03-31,learned_order_extension,20260911,0.3904573887418473,0.3904573887418473,0,1
fixed_transform_step100,3228,2024-05-17,2024-05-27,-0.0204803832637164,2024,2024-03-31,learned_order_extension,20260911,0.46152214950708864,0.46152214950708864,0,0
fixed_transform_step100,3233,2024-05-24,2024-06-03,-0.0081155643048258,2024,2024-03-31,learned_order_extension,20260911,0.41005871497593466,0.41005871497593466,0,0
fixed_transform_step100,3238,2024-05-31,2024-06-11,-0.0060267570121149,2024,2024-03-31,learned_order_extension,20260911,0.4850562061270727,0.4850562061270727,0,0
fixed_transform_step100,3243,2024-06-07,2024-06-17,-0.0096686558937179,2024,2024-03-31,learned_order_extension,20260911,0.4543849579819964,0.4543849579819964,0,0
fixed_transform_step100,3247,2024-06-14,2024-06-24,-0.013573992457631,2024,2024-03-31,learned_order_extension,20260911,0.5403744569773766,0.5403744569773766,1,0
fixed_transform_step100,3252,2024-06-21,2024-07-01,-0.004427632109257,2024,2024-03-31,learned_order_extension,20260911,0.48225859495264994,0.48225859495264994,0,0
fixed_transform_step100,3257,2024-06-28,2024-07-08,-0.0108320369203009,2024,2024-03-31,learned_order_extension,20260911,0.48415070308200686,0.48415070308200686,0,0
fixed_transform_step100,3206,2024-04-12,2024-04-22,0.018045199366633,2024,2024-03-31,learned_order_offset,20260911,0.35312037714960653,0.35312037714960653,0,1
fixed_transform_step100,3211,2024-04-19,2024-04-29,0.0136757744232476,2024,2024-03-31,learned_order_offset,20260911,0.46972145917801955,0.46972145917801955,0,1
fixed_transform_step100,3216,2024-04-26,2024-05-13,0.0172434956786644,2024,2024-03-31,learned_order_offset,20260911,0.450644511358933,0.450644511358933,0,1
fixed_transform_step100,3223,2024-05-10,2024-05-20,0.0097933549988344,2024,2024-03-31,learned_order_offset,20260911,0.39048594497750583,0.39048594497750583,0,1
fixed_transform_step100,3228,2024-05-17,2024-05-27,-0.0204803832637164,2024,2024-03-31,learned_order_offset,20260911,0.4593983565671874,0.4593983565671874,0,0
fixed_transform_step100,3233,2024-05-24,2024-06-03,-0.0081155643048258,2024,2024-03-31,learned_order_offset,20260911,0.4093788843370456,0.4093788843370456,0,0
fixed_transform_step100,3238,2024-05-31,2024-06-11,-0.0060267570121149,2024,2024-03-31,learned_order_offset,20260911,0.48000883664847316,0.48000883664847316,0,0
fixed_transform_step100,3243,2024-06-07,2024-06-17,-0.0096686558937179,2024,2024-03-31,learned_order_offset,20260911,0.4508397676911326,0.4508397676911326,0,0
fixed_transform_step100,3247,2024-06-14,2024-06-24,-0.013573992457631,2024,2024-03-31,learned_order_offset,20260911,0.5379630204614407,0.5379630204614407,1,0
fixed_transform_step100,3252,2024-06-21,2024-07-01,-0.004427632109257,2024,2024-03-31,learned_order_offset,20260911,0.48167691614557295,0.48167691614557295,0,0
fixed_transform_step100,3257,2024-06-28,2024-07-08,-0.0108320369203009,2024,2024-03-31,learned_order_offset,20260911,0.48447403655029814,0.48447403655029814,0,0
fixed_transform_step100,3206,2024-04-12,2024-04-22,0.018045199366633,2024,2024-03-31,learned_market,20260912,0.5713760284249408,0.5713760284249408,1,1
fixed_transform_step100,3211,2024-04-19,2024-04-29,0.0136757744232476,2024,2024-03-31,learned_market,20260912,0.5721807869655802,0.5721807869655802,1,1
fixed_transform_step100,3216,2024-04-26,2024-05-13,0.0172434956786644,2024,2024-03-31,learned_market,20260912,0.39484931966809017,0.39484931966809017,0,1
fixed_transform_step100,3223,2024-05-10,2024-05-20,0.0097933549988344,2024,2024-03-31,learned_market,20260912,0.23629520953224886,0.23629520953224886,0,1
fixed_transform_step100,3228,2024-05-17,2024-05-27,-0.0204803832637164,2024,2024-03-31,learned_market,20260912,0.21908216427085347,0.21908216427085347,0,0
fixed_transform_step100,3233,2024-05-24,2024-06-03,-0.0081155643048258,2024,2024-03-31,learned_market,20260912,0.2664303211341383,0.2664303211341383,0,0
fixed_transform_step100,3238,2024-05-31,2024-06-11,-0.0060267570121149,2024,2024-03-31,learned_market,20260912,0.28944498284790876,0.28944498284790876,0,0
fixed_transform_step100,3243,2024-06-07,2024-06-17,-0.0096686558937179,2024,2024-03-31,learned_market,20260912,0.38292745505545656,0.38292745505545656,0,0
fixed_transform_step100,3247,2024-06-14,2024-06-24,-0.013573992457631,2024,2024-03-31,learned_market,20260912,0.4069579417237363,0.4069579417237363,0,0
fixed_transform_step100,3252,2024-06-21,2024-07-01,-0.004427632109257,2024,2024-03-31,learned_market,20260912,0.4609222988209254,0.4609222988209254,0,0
fixed_transform_step100,3257,2024-06-28,2024-07-08,-0.0108320369203009,2024,2024-03-31,learned_market,20260912,0.4782036509462771,0.4782036509462771,0,0
fixed_transform_step100,3206,2024-04-12,2024-04-22,0.018045199366633,2024,2024-03-31,learned_vol_interaction,20260912,0.5882393920848108,0.5882393920848108,1,1
fixed_transform_step100,3211,2024-04-19,2024-04-29,0.0136757744232476,2024,2024-03-31,learned_vol_interaction,20260912,0.5713532566243719,0.5713532566243719,1,1
fixed_transform_step100,3216,2024-04-26,2024-05-13,0.0172434956786644,2024,2024-03-31,learned_vol_interaction,20260912,0.388238395657918,0.388238395657918,0,1
fixed_transform_step100,3223,2024-05-10,2024-05-20,0.0097933549988344,2024,2024-03-31,learned_vol_interaction,20260912,0.2390851778928819,0.2390851778928819,0,1
fixed_transform_step100,3228,2024-05-17,2024-05-27,-0.0204803832637164,2024,2024-03-31,learned_vol_interaction,20260912,0.20964183583989457,0.20964183583989457,0,0
fixed_transform_step100,3233,2024-05-24,2024-06-03,-0.0081155643048258,2024,2024-03-31,learned_vol_interaction,20260912,0.25545984114399295,0.25545984114399295,0,0
fixed_transform_step100,3238,2024-05-31,2024-06-11,-0.0060267570121149,2024,2024-03-31,learned_vol_interaction,20260912,0.2786573171030994,0.2786573171030994,0,0
fixed_transform_step100,3243,2024-06-07,2024-06-17,-0.0096686558937179,2024,2024-03-31,learned_vol_interaction,20260912,0.371987565110312,0.371987565110312,0,0
fixed_transform_step100,3247,2024-06-14,2024-06-24,-0.013573992457631,2024,2024-03-31,learned_vol_interaction,20260912,0.39720996867061914,0.39720996867061914,0,0
fixed_transform_step100,3252,2024-06-21,2024-07-01,-0.004427632109257,2024,2024-03-31,learned_vol_interaction,20260912,0.46397855765383705,0.46397855765383705,0,0
fixed_transform_step100,3257,2024-06-28,2024-07-08,-0.0108320369203009,2024,2024-03-31,learned_vol_interaction,20260912,0.46946284544602496,0.46946284544602496,0,0
fixed_transform_step100,3206,2024-04-12,2024-04-22,0.018045199366633,2024,2024-03-31,learned_order_extension,20260912,0.46401261007997313,0.46401261007997313,0,1
fixed_transform_step100,3211,2024-04-19,2024-04-29,0.0136757744232476,2024,2024-03-31,learned_order_extension,20260912,0.4644592255467457,0.4644592255467457,0,1
fixed_transform_step100,3216,2024-04-26,2024-05-13,0.0172434956786644,2024,2024-03-31,learned_order_extension,20260912,0.38773333517981284,0.38773333517981284,0,1
fixed_transform_step100,3223,2024-05-10,2024-05-20,0.0097933549988344,2024,2024-03-31,learned_order_extension,20260912,0.3278176872779272,0.3278176872779272,0,1
fixed_transform_step100,3228,2024-05-17,2024-05-27,-0.0204803832637164,2024,2024-03-31,learned_order_extension,20260912,0.2857353795377844,0.2857353795377844,0,0
fixed_transform_step100,3233,2024-05-24,2024-06-03,-0.0081155643048258,2024,2024-03-31,learned_order_extension,20260912,0.3160360080422716,0.3160360080422716,0,0
fixed_transform_step100,3238,2024-05-31,2024-06-11,-0.0060267570121149,2024,2024-03-31,learned_order_extension,20260912,0.3135664851780528,0.3135664851780528,0,0
fixed_transform_step100,3243,2024-06-07,2024-06-17,-0.0096686558937179,2024,2024-03-31,learned_order_extension,20260912,0.3960549773662167,0.3960549773662167,0,0
fixed_transform_step100,3247,2024-06-14,2024-06-24,-0.013573992457631,2024,2024-03-31,learned_order_extension,20260912,0.4080178196119099,0.4080178196119099,0,0
fixed_transform_step100,3252,2024-06-21,2024-07-01,-0.004427632109257,2024,2024-03-31,learned_order_extension,20260912,0.4701017895736973,0.4701017895736973,0,0
fixed_transform_step100,3257,2024-06-28,2024-07-08,-0.0108320369203009,2024,2024-03-31,learned_order_extension,20260912,0.4968117045920908,0.4968117045920908,0,0
fixed_transform_step100,3206,2024-04-12,2024-04-22,0.018045199366633,2024,2024-03-31,learned_order_offset,20260912,0.46226008014533193,0.46226008014533193,0,1
fixed_transform_step100,3211,2024-04-19,2024-04-29,0.0136757744232476,2024,2024-03-31,learned_order_offset,20260912,0.4610447146267669,0.4610447146267669,0,1
fixed_transform_step100,3216,2024-04-26,2024-05-13,0.0172434956786644,2024,2024-03-31,learned_order_offset,20260912,0.38662900015145946,0.38662900015145946,0,1
fixed_transform_step100,3223,2024-05-10,2024-05-20,0.0097933549988344,2024,2024-03-31,learned_order_offset,20260912,0.32690913253326004,0.32690913253326004,0,1
fixed_transform_step100,3228,2024-05-17,2024-05-27,-0.0204803832637164,2024,2024-03-31,learned_order_offset,20260912,0.28771627676742395,0.28771627676742395,0,0
fixed_transform_step100,3233,2024-05-24,2024-06-03,-0.0081155643048258,2024,2024-03-31,learned_order_offset,20260912,0.3206404402154235,0.3206404402154235,0,0
fixed_transform_step100,3238,2024-05-31,2024-06-11,-0.0060267570121149,2024,2024-03-31,learned_order_offset,20260912,0.31572519843072094,0.31572519843072094,0,0
fixed_transform_step100,3243,2024-06-07,2024-06-17,-0.0096686558937179,2024,2024-03-31,learned_order_offset,20260912,0.3961820499549822,0.3961820499549822,0,0
fixed_transform_step100,3247,2024-06-14,2024-06-24,-0.013573992457631,2024,2024-03-31,learned_order_offset,20260912,0.410694051698634,0.410694051698634,0,0
fixed_transform_step100,3252,2024-06-21,2024-07-01,-0.004427632109257,2024,2024-03-31,learned_order_offset,20260912,0.4716906727278713,0.4716906727278713,0,0
fixed_transform_step100,3257,2024-06-28,2024-07-08,-0.0108320369203009,2024,2024-03-31,learned_order_offset,20260912,0.49699003714454104,0.49699003714454104,0,0
fixed_transform_step100,3262,2024-07-05,2024-07-15,0.0122222871842843,2024,2024-06-30,learned_market,20260910,0.4913800084672802,0.4913800084672802,0,1
fixed_transform_step100,3267,2024-07-12,2024-07-22,0.0218881133018156,2024,2024-06-30,learned_market,20260910,0.42941490022196505,0.42941490022196505,0,1
fixed_transform_step100,3272,2024-07-19,2024-07-29,-0.0378787022382998,2024,2024-06-30,learned_market,20260910,0.46623716284032257,0.46623716284032257,0,0
fixed_transform_step100,3277,2024-07-26,2024-08-05,-0.0124134568216732,2024,2024-06-30,learned_market,20260910,0.4396932185971847,0.4396932185971847,0,0
fixed_transform_step100,3282,2024-08-02,2024-08-12,-0.0102762848330364,2024,2024-06-30,learned_market,20260910,0.47601406653784345,0.47601406653784345,0,0
fixed_transform_step100,3287,2024-08-09,2024-08-19,0.0050186923751938,2024,2024-06-30,learned_market,20260910,0.5496528732100596,0.5496528732100596,1,1
fixed_transform_step100,3292,2024-08-16,2024-08-26,-0.0040487282687352,2024,2024-06-30,learned_market,20260910,0.34174758561503615,0.34174758561503615,0,0
fixed_transform_step100,3297,2024-08-23,2024-09-02,-0.0069594562136714,2024,2024-06-30,learned_market,20260910,0.2733283116901274,0.2733283116901274,0,0
fixed_transform_step100,3302,2024-08-30,2024-09-09,-0.0280389655151561,2024,2024-06-30,learned_market,20260910,0.26042908791726993,0.26042908791726993,0,0
fixed_transform_step100,3307,2024-09-06,2024-09-18,-0.0174132138857783,2024,2024-06-30,learned_market,20260910,0.2576943124386079,0.2576943124386079,0,0
fixed_transform_step100,3312,2024-09-13,2024-09-24,0.0133119329369826,2024,2024-06-30,learned_market,20260910,0.30042341696740255,0.30042341696740255,0,1
fixed_transform_step100,3315,2024-09-20,2024-09-30,0.2017513988384409,2024,2024-06-30,learned_market,20260910,0.2969535465973256,0.2969535465973256,0,1
fixed_transform_step100,3320,2024-09-27,2024-10-14,0.0178259004588408,2024,2024-06-30,learned_market,20260910,0.5699635185375765,0.5699635185375765,1,1
fixed_transform_step100,3262,2024-07-05,2024-07-15,0.0122222871842843,2024,2024-06-30,learned_vol_interaction,20260910,0.5104207282867989,0.5104207282867989,1,1
fixed_transform_step100,3267,2024-07-12,2024-07-22,0.0218881133018156,2024,2024-06-30,learned_vol_interaction,20260910,0.43802006818843436,0.43802006818843436,0,1
fixed_transform_step100,3272,2024-07-19,2024-07-29,-0.0378787022382998,2024,2024-06-30,learned_vol_interaction,20260910,0.4786707102208516,0.4786707102208516,0,0
fixed_transform_step100,3277,2024-07-26,2024-08-05,-0.0124134568216732,2024,2024-06-30,learned_vol_interaction,20260910,0.44700945473676446,0.44700945473676446,0,0
fixed_transform_step100,3282,2024-08-02,2024-08-12,-0.0102762848330364,2024,2024-06-30,learned_vol_interaction,20260910,0.48048365122742587,0.48048365122742587,0,0
fixed_transform_step100,3287,2024-08-09,2024-08-19,0.0050186923751938,2024,2024-06-30,learned_vol_interaction,20260910,0.5561317299228205,0.5561317299228205,1,1
fixed_transform_step100,3292,2024-08-16,2024-08-26,-0.0040487282687352,2024,2024-06-30,learned_vol_interaction,20260910,0.3359971342190977,0.3359971342190977,0,0
fixed_transform_step100,3297,2024-08-23,2024-09-02,-0.0069594562136714,2024,2024-06-30,learned_vol_interaction,20260910,0.26166039470911473,0.26166039470911473,0,0
fixed_transform_step100,3302,2024-08-30,2024-09-09,-0.0280389655151561,2024,2024-06-30,learned_vol_interaction,20260910,0.24805774407245337,0.24805774407245337,0,0
fixed_transform_step100,3307,2024-09-06,2024-09-18,-0.0174132138857783,2024,2024-06-30,learned_vol_interaction,20260910,0.24826606373095586,0.24826606373095586,0,0
fixed_transform_step100,3312,2024-09-13,2024-09-24,0.0133119329369826,2024,2024-06-30,learned_vol_interaction,20260910,0.295222374812186,0.295222374812186,0,1
fixed_transform_step100,3315,2024-09-20,2024-09-30,0.2017513988384409,2024,2024-06-30,learned_vol_interaction,20260910,0.2883191459421792,0.2883191459421792,0,1
fixed_transform_step100,3320,2024-09-27,2024-10-14,0.0178259004588408,2024,2024-06-30,learned_vol_interaction,20260910,0.5603364547362987,0.5603364547362987,1,1
fixed_transform_step100,3262,2024-07-05,2024-07-15,0.0122222871842843,2024,2024-06-30,learned_order_extension,20260910,0.5263748179675722,0.5263748179675722,1,1
fixed_transform_step100,3267,2024-07-12,2024-07-22,0.0218881133018156,2024,2024-06-30,learned_order_extension,20260910,0.4523921206851608,0.4523921206851608,0,1
fixed_transform_step100,3272,2024-07-19,2024-07-29,-0.0378787022382998,2024,2024-06-30,learned_order_extension,20260910,0.4791078278659974,0.4791078278659974,0,0
fixed_transform_step100,3277,2024-07-26,2024-08-05,-0.0124134568216732,2024,2024-06-30,learned_order_extension,20260910,0.4606729337176447,0.4606729337176447,0,0
fixed_transform_step100,3282,2024-08-02,2024-08-12,-0.0102762848330364,2024,2024-06-30,learned_order_extension,20260910,0.49351571020490703,0.49351571020490703,0,0
fixed_transform_step100,3287,2024-08-09,2024-08-19,0.0050186923751938,2024,2024-06-30,learned_order_extension,20260910,0.5511040664654752,0.5511040664654752,1,1
fixed_transform_step100,3292,2024-08-16,2024-08-26,-0.0040487282687352,2024,2024-06-30,learned_order_extension,20260910,0.3473386507625741,0.3473386507625741,0,0
fixed_transform_step100,3297,2024-08-23,2024-09-02,-0.0069594562136714,2024,2024-06-30,learned_order_extension,20260910,0.3048499696888328,0.3048499696888328,0,0
fixed_transform_step100,3302,2024-08-30,2024-09-09,-0.0280389655151561,2024,2024-06-30,learned_order_extension,20260910,0.2820494072289617,0.2820494072289617,0,0
fixed_transform_step100,3307,2024-09-06,2024-09-18,-0.0174132138857783,2024,2024-06-30,learned_order_extension,20260910,0.2756849473067307,0.2756849473067307,0,0
fixed_transform_step100,3312,2024-09-13,2024-09-24,0.0133119329369826,2024,2024-06-30,learned_order_extension,20260910,0.3164730081280164,0.3164730081280164,0,1
fixed_transform_step100,3315,2024-09-20,2024-09-30,0.2017513988384409,2024,2024-06-30,learned_order_extension,20260910,0.32208460651965626,0.32208460651965626,0,1
fixed_transform_step100,3320,2024-09-27,2024-10-14,0.0178259004588408,2024,2024-06-30,learned_order_extension,20260910,0.5637896059436606,0.5637896059436606,1,1
fixed_transform_step100,3262,2024-07-05,2024-07-15,0.0122222871842843,2024,2024-06-30,learned_order_offset,20260910,0.5191207958882692,0.5191207958882692,1,1
fixed_transform_step100,3267,2024-07-12,2024-07-22,0.0218881133018156,2024,2024-06-30,learned_order_offset,20260910,0.444867390621377,0.444867390621377,0,1
fixed_transform_step100,3272,2024-07-19,2024-07-29,-0.0378787022382998,2024,2024-06-30,learned_order_offset,20260910,0.4693232619372419,0.4693232619372419,0,0
fixed_transform_step100,3277,2024-07-26,2024-08-05,-0.0124134568216732,2024,2024-06-30,learned_order_offset,20260910,0.45145954546343836,0.45145954546343836,0,0
fixed_transform_step100,3282,2024-08-02,2024-08-12,-0.0102762848330364,2024,2024-06-30,learned_order_offset,20260910,0.4881677872039399,0.4881677872039399,0,0
fixed_transform_step100,3287,2024-08-09,2024-08-19,0.0050186923751938,2024,2024-06-30,learned_order_offset,20260910,0.545566748157633,0.545566748157633,1,1
fixed_transform_step100,3292,2024-08-16,2024-08-26,-0.0040487282687352,2024,2024-06-30,learned_order_offset,20260910,0.3491885181630019,0.3491885181630019,0,0
fixed_transform_step100,3297,2024-08-23,2024-09-02,-0.0069594562136714,2024,2024-06-30,learned_order_offset,20260910,0.30752188235363354,0.30752188235363354,0,0
fixed_transform_step100,3302,2024-08-30,2024-09-09,-0.0280389655151561,2024,2024-06-30,learned_order_offset,20260910,0.2856407501368103,0.2856407501368103,0,0
fixed_transform_step100,3307,2024-09-06,2024-09-18,-0.0174132138857783,2024,2024-06-30,learned_order_offset,20260910,0.2800390837892005,0.2800390837892005,0,0
fixed_transform_step100,3312,2024-09-13,2024-09-24,0.0133119329369826,2024,2024-06-30,learned_order_offset,20260910,0.31746620255320157,0.31746620255320157,0,1
fixed_transform_step100,3315,2024-09-20,2024-09-30,0.2017513988384409,2024,2024-06-30,learned_order_offset,20260910,0.32095593367044123,0.32095593367044123,0,1
fixed_transform_step100,3320,2024-09-27,2024-10-14,0.0178259004588408,2024,2024-06-30,learned_order_offset,20260910,0.5637879867671401,0.5637879867671401,1,1
fixed_transform_step100,3262,2024-07-05,2024-07-15,0.0122222871842843,2024,2024-06-30,learned_market,20260911,0.4262272297650828,0.4262272297650828,0,1
fixed_transform_step100,3267,2024-07-12,2024-07-22,0.0218881133018156,2024,2024-06-30,learned_market,20260911,0.49460304571374475,0.49460304571374475,0,1
fixed_transform_step100,3272,2024-07-19,2024-07-29,-0.0378787022382998,2024,2024-06-30,learned_market,20260911,0.4022378493038841,0.4022378493038841,0,0
fixed_transform_step100,3277,2024-07-26,2024-08-05,-0.0124134568216732,2024,2024-06-30,learned_market,20260911,0.4608243221840758,0.4608243221840758,0,0
fixed_transform_step100,3282,2024-08-02,2024-08-12,-0.0102762848330364,2024,2024-06-30,learned_market,20260911,0.3563938482422844,0.3563938482422844,0,0
fixed_transform_step100,3287,2024-08-09,2024-08-19,0.0050186923751938,2024,2024-06-30,learned_market,20260911,0.3821471368535059,0.3821471368535059,0,1
fixed_transform_step100,3292,2024-08-16,2024-08-26,-0.0040487282687352,2024,2024-06-30,learned_market,20260911,0.28004501181331687,0.28004501181331687,0,0
fixed_transform_step100,3297,2024-08-23,2024-09-02,-0.0069594562136714,2024,2024-06-30,learned_market,20260911,0.32597355929290955,0.32597355929290955,0,0
fixed_transform_step100,3302,2024-08-30,2024-09-09,-0.0280389655151561,2024,2024-06-30,learned_market,20260911,0.2983352893907707,0.2983352893907707,0,0
fixed_transform_step100,3307,2024-09-06,2024-09-18,-0.0174132138857783,2024,2024-06-30,learned_market,20260911,0.38534410491573334,0.38534410491573334,0,0
fixed_transform_step100,3312,2024-09-13,2024-09-24,0.0133119329369826,2024,2024-06-30,learned_market,20260911,0.41533015997377115,0.41533015997377115,0,1
fixed_transform_step100,3315,2024-09-20,2024-09-30,0.2017513988384409,2024,2024-06-30,learned_market,20260911,0.5036905332886937,0.5036905332886937,1,1
fixed_transform_step100,3320,2024-09-27,2024-10-14,0.0178259004588408,2024,2024-06-30,learned_market,20260911,0.6936698240165791,0.6936698240165791,1,1
fixed_transform_step100,3262,2024-07-05,2024-07-15,0.0122222871842843,2024,2024-06-30,learned_vol_interaction,20260911,0.41877578126053056,0.41877578126053056,0,1
fixed_transform_step100,3267,2024-07-12,2024-07-22,0.0218881133018156,2024,2024-06-30,learned_vol_interaction,20260911,0.48163807069553083,0.48163807069553083,0,1
fixed_transform_step100,3272,2024-07-19,2024-07-29,-0.0378787022382998,2024,2024-06-30,learned_vol_interaction,20260911,0.3973275174051575,0.3973275174051575,0,0
fixed_transform_step100,3277,2024-07-26,2024-08-05,-0.0124134568216732,2024,2024-06-30,learned_vol_interaction,20260911,0.45528982962990805,0.45528982962990805,0,0
fixed_transform_step100,3282,2024-08-02,2024-08-12,-0.0102762848330364,2024,2024-06-30,learned_vol_interaction,20260911,0.35528351758388727,0.35528351758388727,0,0
fixed_transform_step100,3287,2024-08-09,2024-08-19,0.0050186923751938,2024,2024-06-30,learned_vol_interaction,20260911,0.3869002391072975,0.3869002391072975,0,1
fixed_transform_step100,3292,2024-08-16,2024-08-26,-0.0040487282687352,2024,2024-06-30,learned_vol_interaction,20260911,0.2904917189367799,0.2904917189367799,0,0
fixed_transform_step100,3297,2024-08-23,2024-09-02,-0.0069594562136714,2024,2024-06-30,learned_vol_interaction,20260911,0.33669766026160003,0.33669766026160003,0,0
fixed_transform_step100,3302,2024-08-30,2024-09-09,-0.0280389655151561,2024,2024-06-30,learned_vol_interaction,20260911,0.30262873193400563,0.30262873193400563,0,0
fixed_transform_step100,3307,2024-09-06,2024-09-18,-0.0174132138857783,2024,2024-06-30,learned_vol_interaction,20260911,0.3874067105491421,0.3874067105491421,0,0
fixed_transform_step100,3312,2024-09-13,2024-09-24,0.0133119329369826,2024,2024-06-30,learned_vol_interaction,20260911,0.4071072122276121,0.4071072122276121,0,1
fixed_transform_step100,3315,2024-09-20,2024-09-30,0.2017513988384409,2024,2024-06-30,learned_vol_interaction,20260911,0.5010457808430985,0.5010457808430985,1,1
fixed_transform_step100,3320,2024-09-27,2024-10-14,0.0178259004588408,2024,2024-06-30,learned_vol_interaction,20260911,0.7091385948867726,0.7091385948867726,1,1
fixed_transform_step100,3262,2024-07-05,2024-07-15,0.0122222871842843,2024,2024-06-30,learned_order_extension,20260911,0.41557572155425593,0.41557572155425593,0,1
fixed_transform_step100,3267,2024-07-12,2024-07-22,0.0218881133018156,2024,2024-06-30,learned_order_extension,20260911,0.49614296295432275,0.49614296295432275,0,1
fixed_transform_step100,3272,2024-07-19,2024-07-29,-0.0378787022382998,2024,2024-06-30,learned_order_extension,20260911,0.41879783276915644,0.41879783276915644,0,0
fixed_transform_step100,3277,2024-07-26,2024-08-05,-0.0124134568216732,2024,2024-06-30,learned_order_extension,20260911,0.47835953301362716,0.47835953301362716,0,0
fixed_transform_step100,3282,2024-08-02,2024-08-12,-0.0102762848330364,2024,2024-06-30,learned_order_extension,20260911,0.3772130554116843,0.3772130554116843,0,0
fixed_transform_step100,3287,2024-08-09,2024-08-19,0.0050186923751938,2024,2024-06-30,learned_order_extension,20260911,0.411970675157,0.411970675157,0,1
fixed_transform_step100,3292,2024-08-16,2024-08-26,-0.0040487282687352,2024,2024-06-30,learned_order_extension,20260911,0.3265207972770119,0.3265207972770119,0,0
fixed_transform_step100,3297,2024-08-23,2024-09-02,-0.0069594562136714,2024,2024-06-30,learned_order_extension,20260911,0.35669636706383456,0.35669636706383456,0,0
fixed_transform_step100,3302,2024-08-30,2024-09-09,-0.0280389655151561,2024,2024-06-30,learned_order_extension,20260911,0.3269005518392862,0.3269005518392862,0,0
fixed_transform_step100,3307,2024-09-06,2024-09-18,-0.0174132138857783,2024,2024-06-30,learned_order_extension,20260911,0.4126775086656298,0.4126775086656298,0,0
fixed_transform_step100,3312,2024-09-13,2024-09-24,0.0133119329369826,2024,2024-06-30,learned_order_extension,20260911,0.4189937669502946,0.4189937669502946,0,1
fixed_transform_step100,3315,2024-09-20,2024-09-30,0.2017513988384409,2024,2024-06-30,learned_order_extension,20260911,0.49511820728632533,0.49511820728632533,0,1
fixed_transform_step100,3320,2024-09-27,2024-10-14,0.0178259004588408,2024,2024-06-30,learned_order_extension,20260911,0.6504028952099584,0.6504028952099584,1,1
fixed_transform_step100,3262,2024-07-05,2024-07-15,0.0122222871842843,2024,2024-06-30,learned_order_offset,20260911,0.41784141137295205,0.41784141137295205,0,1
fixed_transform_step100,3267,2024-07-12,2024-07-22,0.0218881133018156,2024,2024-06-30,learned_order_offset,20260911,0.4924889404650343,0.4924889404650343,0,1
fixed_transform_step100,3272,2024-07-19,2024-07-29,-0.0378787022382998,2024,2024-06-30,learned_order_offset,20260911,0.4172097514595174,0.4172097514595174,0,0
fixed_transform_step100,3277,2024-07-26,2024-08-05,-0.0124134568216732,2024,2024-06-30,learned_order_offset,20260911,0.47894920175043054,0.47894920175043054,0,0
fixed_transform_step100,3282,2024-08-02,2024-08-12,-0.0102762848330364,2024,2024-06-30,learned_order_offset,20260911,0.3782346488101399,0.3782346488101399,0,0
fixed_transform_step100,3287,2024-08-09,2024-08-19,0.0050186923751938,2024,2024-06-30,learned_order_offset,20260911,0.4121674728877769,0.4121674728877769,0,1
fixed_transform_step100,3292,2024-08-16,2024-08-26,-0.0040487282687352,2024,2024-06-30,learned_order_offset,20260911,0.33028204494886426,0.33028204494886426,0,0
fixed_transform_step100,3297,2024-08-23,2024-09-02,-0.0069594562136714,2024,2024-06-30,learned_order_offset,20260911,0.3614614099356427,0.3614614099356427,0,0
fixed_transform_step100,3302,2024-08-30,2024-09-09,-0.0280389655151561,2024,2024-06-30,learned_order_offset,20260911,0.32922939606445784,0.32922939606445784,0,0
fixed_transform_step100,3307,2024-09-06,2024-09-18,-0.0174132138857783,2024,2024-06-30,learned_order_offset,20260911,0.4153508034668385,0.4153508034668385,0,0
fixed_transform_step100,3312,2024-09-13,2024-09-24,0.0133119329369826,2024,2024-06-30,learned_order_offset,20260911,0.41694130060381784,0.41694130060381784,0,1
fixed_transform_step100,3315,2024-09-20,2024-09-30,0.2017513988384409,2024,2024-06-30,learned_order_offset,20260911,0.4910542889402729,0.4910542889402729,0,1
fixed_transform_step100,3320,2024-09-27,2024-10-14,0.0178259004588408,2024,2024-06-30,learned_order_offset,20260911,0.6533308517929474,0.6533308517929474,1,1
fixed_transform_step100,3262,2024-07-05,2024-07-15,0.0122222871842843,2024,2024-06-30,learned_market,20260912,0.5547069286071106,0.5547069286071106,1,1
fixed_transform_step100,3267,2024-07-12,2024-07-22,0.0218881133018156,2024,2024-06-30,learned_market,20260912,0.517756423651653,0.517756423651653,1,1
fixed_transform_step100,3272,2024-07-19,2024-07-29,-0.0378787022382998,2024,2024-06-30,learned_market,20260912,0.38756082296085625,0.38756082296085625,0,0
fixed_transform_step100,3277,2024-07-26,2024-08-05,-0.0124134568216732,2024,2024-06-30,learned_market,20260912,0.5163002507899781,0.5163002507899781,1,0
fixed_transform_step100,3282,2024-08-02,2024-08-12,-0.0102762848330364,2024,2024-06-30,learned_market,20260912,0.5429050099926482,0.5429050099926482,1,0
fixed_transform_step100,3287,2024-08-09,2024-08-19,0.0050186923751938,2024,2024-06-30,learned_market,20260912,0.4618795777919908,0.4618795777919908,0,1
fixed_transform_step100,3292,2024-08-16,2024-08-26,-0.0040487282687352,2024,2024-06-30,learned_market,20260912,0.36967530214328664,0.36967530214328664,0,0
fixed_transform_step100,3297,2024-08-23,2024-09-02,-0.0069594562136714,2024,2024-06-30,learned_market,20260912,0.28249125664141195,0.28249125664141195,0,0
fixed_transform_step100,3302,2024-08-30,2024-09-09,-0.0280389655151561,2024,2024-06-30,learned_market,20260912,0.2996756383203283,0.2996756383203283,0,0
fixed_transform_step100,3307,2024-09-06,2024-09-18,-0.0174132138857783,2024,2024-06-30,learned_market,20260912,0.37575941223091375,0.37575941223091375,0,0
fixed_transform_step100,3312,2024-09-13,2024-09-24,0.0133119329369826,2024,2024-06-30,learned_market,20260912,0.35481947319892687,0.35481947319892687,0,1
fixed_transform_step100,3315,2024-09-20,2024-09-30,0.2017513988384409,2024,2024-06-30,learned_market,20260912,0.3720854158708984,0.3720854158708984,0,1
fixed_transform_step100,3320,2024-09-27,2024-10-14,0.0178259004588408,2024,2024-06-30,learned_market,20260912,0.407536185207451,0.407536185207451,0,1
fixed_transform_step100,3262,2024-07-05,2024-07-15,0.0122222871842843,2024,2024-06-30,learned_vol_interaction,20260912,0.589871734999736,0.589871734999736,1,1
fixed_transform_step100,3267,2024-07-12,2024-07-22,0.0218881133018156,2024,2024-06-30,learned_vol_interaction,20260912,0.5294651349963135,0.5294651349963135,1,1
fixed_transform_step100,3272,2024-07-19,2024-07-29,-0.0378787022382998,2024,2024-06-30,learned_vol_interaction,20260912,0.3746839260386466,0.3746839260386466,0,0
fixed_transform_step100,3277,2024-07-26,2024-08-05,-0.0124134568216732,2024,2024-06-30,learned_vol_interaction,20260912,0.5363924360314505,0.5363924360314505,1,0
fixed_transform_step100,3282,2024-08-02,2024-08-12,-0.0102762848330364,2024,2024-06-30,learned_vol_interaction,20260912,0.552267514056397,0.552267514056397,1,0
fixed_transform_step100,3287,2024-08-09,2024-08-19,0.0050186923751938,2024,2024-06-30,learned_vol_interaction,20260912,0.4544494547863471,0.4544494547863471,0,1
fixed_transform_step100,3292,2024-08-16,2024-08-26,-0.0040487282687352,2024,2024-06-30,learned_vol_interaction,20260912,0.35496853199294714,0.35496853199294714,0,0
fixed_transform_step100,3297,2024-08-23,2024-09-02,-0.0069594562136714,2024,2024-06-30,learned_vol_interaction,20260912,0.24847602136846994,0.24847602136846994,0,0
fixed_transform_step100,3302,2024-08-30,2024-09-09,-0.0280389655151561,2024,2024-06-30,learned_vol_interaction,20260912,0.24990036896142895,0.24990036896142895,0,0
fixed_transform_step100,3307,2024-09-06,2024-09-18,-0.0174132138857783,2024,2024-06-30,learned_vol_interaction,20260912,0.3525735997827304,0.3525735997827304,0,0
fixed_transform_step100,3312,2024-09-13,2024-09-24,0.0133119329369826,2024,2024-06-30,learned_vol_interaction,20260912,0.3234029513550913,0.3234029513550913,0,1
fixed_transform_step100,3315,2024-09-20,2024-09-30,0.2017513988384409,2024,2024-06-30,learned_vol_interaction,20260912,0.3399184760258074,0.3399184760258074,0,1
fixed_transform_step100,3320,2024-09-27,2024-10-14,0.0178259004588408,2024,2024-06-30,learned_vol_interaction,20260912,0.45169144919629767,0.45169144919629767,0,1
fixed_transform_step100,3262,2024-07-05,2024-07-15,0.0122222871842843,2024,2024-06-30,learned_order_extension,20260912,0.6119621193570637,0.6119621193570637,1,1
fixed_transform_step100,3267,2024-07-12,2024-07-22,0.0218881133018156,2024,2024-06-30,learned_order_extension,20260912,0.5367223005385505,0.5367223005385505,1,1
fixed_transform_step100,3272,2024-07-19,2024-07-29,-0.0378787022382998,2024,2024-06-30,learned_order_extension,20260912,0.3954905992186588,0.3954905992186588,0,0
fixed_transform_step100,3277,2024-07-26,2024-08-05,-0.0124134568216732,2024,2024-06-30,learned_order_extension,20260912,0.5451115351001735,0.5451115351001735,1,0
fixed_transform_step100,3282,2024-08-02,2024-08-12,-0.0102762848330364,2024,2024-06-30,learned_order_extension,20260912,0.5700741692348281,0.5700741692348281,1,0
fixed_transform_step100,3287,2024-08-09,2024-08-19,0.0050186923751938,2024,2024-06-30,learned_order_extension,20260912,0.4813570902465233,0.4813570902465233,0,1
fixed_transform_step100,3292,2024-08-16,2024-08-26,-0.0040487282687352,2024,2024-06-30,learned_order_extension,20260912,0.3796363358805629,0.3796363358805629,0,0
fixed_transform_step100,3297,2024-08-23,2024-09-02,-0.0069594562136714,2024,2024-06-30,learned_order_extension,20260912,0.30745715031637294,0.30745715031637294,0,0
fixed_transform_step100,3302,2024-08-30,2024-09-09,-0.0280389655151561,2024,2024-06-30,learned_order_extension,20260912,0.2999239845153446,0.2999239845153446,0,0
fixed_transform_step100,3307,2024-09-06,2024-09-18,-0.0174132138857783,2024,2024-06-30,learned_order_extension,20260912,0.38678497314203664,0.38678497314203664,0,0
fixed_transform_step100,3312,2024-09-13,2024-09-24,0.0133119329369826,2024,2024-06-30,learned_order_extension,20260912,0.35277813625062016,0.35277813625062016,0,1
fixed_transform_step100,3315,2024-09-20,2024-09-30,0.2017513988384409,2024,2024-06-30,learned_order_extension,20260912,0.39215406289310717,0.39215406289310717,0,1
fixed_transform_step100,3320,2024-09-27,2024-10-14,0.0178259004588408,2024,2024-06-30,learned_order_extension,20260912,0.5243324590006249,0.5243324590006249,1,1
fixed_transform_step100,3262,2024-07-05,2024-07-15,0.0122222871842843,2024,2024-06-30,learned_order_offset,20260912,0.6085439476028162,0.6085439476028162,1,1
fixed_transform_step100,3267,2024-07-12,2024-07-22,0.0218881133018156,2024,2024-06-30,learned_order_offset,20260912,0.5374433107561197,0.5374433107561197,1,1
fixed_transform_step100,3272,2024-07-19,2024-07-29,-0.0378787022382998,2024,2024-06-30,learned_order_offset,20260912,0.40287571902078523,0.40287571902078523,0,0
fixed_transform_step100,3277,2024-07-26,2024-08-05,-0.0124134568216732,2024,2024-06-30,learned_order_offset,20260912,0.5442739700077751,0.5442739700077751,1,0
fixed_transform_step100,3282,2024-08-02,2024-08-12,-0.0102762848330364,2024,2024-06-30,learned_order_offset,20260912,0.5700047933290388,0.5700047933290388,1,0
fixed_transform_step100,3287,2024-08-09,2024-08-19,0.0050186923751938,2024,2024-06-30,learned_order_offset,20260912,0.48198786823894296,0.48198786823894296,0,1
fixed_transform_step100,3292,2024-08-16,2024-08-26,-0.0040487282687352,2024,2024-06-30,learned_order_offset,20260912,0.384069409036484,0.384069409036484,0,0
fixed_transform_step100,3297,2024-08-23,2024-09-02,-0.0069594562136714,2024,2024-06-30,learned_order_offset,20260912,0.30941806772944175,0.30941806772944175,0,0
fixed_transform_step100,3302,2024-08-30,2024-09-09,-0.0280389655151561,2024,2024-06-30,learned_order_offset,20260912,0.30493890638810756,0.30493890638810756,0,0
fixed_transform_step100,3307,2024-09-06,2024-09-18,-0.0174132138857783,2024,2024-06-30,learned_order_offset,20260912,0.3898947509275256,0.3898947509275256,0,0
fixed_transform_step100,3312,2024-09-13,2024-09-24,0.0133119329369826,2024,2024-06-30,learned_order_offset,20260912,0.3537791709234763,0.3537791709234763,0,1
fixed_transform_step100,3315,2024-09-20,2024-09-30,0.2017513988384409,2024,2024-06-30,learned_order_offset,20260912,0.3932437451513104,0.3932437451513104,0,1
fixed_transform_step100,3320,2024-09-27,2024-10-14,0.0178259004588408,2024,2024-06-30,learned_order_offset,20260912,0.5321966527892547,0.5321966527892547,1,1
fixed_transform_step100,3325,2024-10-11,2024-10-21,0.0080914993282625,2024,2024-09-30,learned_market,20260910,0.6176605618139097,0.6176605618139097,1,1
fixed_transform_step100,3330,2024-10-18,2024-10-28,0.0015733867085561,2024,2024-09-30,learned_market,20260910,0.5054047072604894,0.5054047072604894,1,1
fixed_transform_step100,3335,2024-10-25,2024-11-04,-0.0140142824257356,2024,2024-09-30,learned_market,20260910,0.49620375830114843,0.49620375830114843,0,0
fixed_transform_step100,3340,2024-11-01,2024-11-11,0.0434152361258277,2024,2024-09-30,learned_market,20260910,0.49160708690998967,0.49160708690998967,0,1
fixed_transform_step100,3345,2024-11-08,2024-11-18,-0.0208584853931589,2024,2024-09-30,learned_market,20260910,0.49369280568989443,0.49369280568989443,0,0
fixed_transform_step100,3350,2024-11-15,2024-11-25,-0.0267421712161923,2024,2024-09-30,learned_market,20260910,0.48607802602887445,0.48607802602887445,0,0
fixed_transform_step100,3355,2024-11-22,2024-12-02,0.0087960346887328,2024,2024-09-30,learned_market,20260910,0.667472896330323,0.667472896330323,1,1
fixed_transform_step100,3360,2024-11-29,2024-12-09,0.0155919891551781,2024,2024-09-30,learned_market,20260910,0.6829676975441933,0.6829676975441933,1,1
fixed_transform_step100,3365,2024-12-06,2024-12-16,-0.0100436703218104,2024,2024-09-30,learned_market,20260910,0.6345302380738866,0.6345302380738866,1,0
fixed_transform_step100,3370,2024-12-13,2024-12-23,-0.0006690784017421,2024,2024-09-30,learned_market,20260910,0.5005426885283549,0.5005426885283549,1,0
fixed_transform_step100,3375,2024-12-20,2024-12-30,0.0123595076562756,2024,2024-09-30,learned_market,20260910,0.4179642986013792,0.4179642986013792,0,1
fixed_transform_step100,3380,2024-12-27,2025-01-06,-0.0504714964669198,2024,2024-09-30,learned_market,20260910,0.3497873948512639,0.3497873948512639,0,0
fixed_transform_step100,3325,2024-10-11,2024-10-21,0.0080914993282625,2024,2024-09-30,learned_vol_interaction,20260910,0.6116922622301317,0.6116922622301317,1,1
fixed_transform_step100,3330,2024-10-18,2024-10-28,0.0015733867085561,2024,2024-09-30,learned_vol_interaction,20260910,0.5206443503036675,0.5206443503036675,1,1
fixed_transform_step100,3335,2024-10-25,2024-11-04,-0.0140142824257356,2024,2024-09-30,learned_vol_interaction,20260910,0.5161748808531118,0.5161748808531118,1,0
fixed_transform_step100,3340,2024-11-01,2024-11-11,0.0434152361258277,2024,2024-09-30,learned_vol_interaction,20260910,0.5147921989984445,0.5147921989984445,1,1
fixed_transform_step100,3345,2024-11-08,2024-11-18,-0.0208584853931589,2024,2024-09-30,learned_vol_interaction,20260910,0.4961865050427443,0.4961865050427443,0,0
fixed_transform_step100,3350,2024-11-15,2024-11-25,-0.0267421712161923,2024,2024-09-30,learned_vol_interaction,20260910,0.4853311936837135,0.4853311936837135,0,0
fixed_transform_step100,3355,2024-11-22,2024-12-02,0.0087960346887328,2024,2024-09-30,learned_vol_interaction,20260910,0.6636288426152952,0.6636288426152952,1,1
fixed_transform_step100,3360,2024-11-29,2024-12-09,0.0155919891551781,2024,2024-09-30,learned_vol_interaction,20260910,0.6781267831078729,0.6781267831078729,1,1
fixed_transform_step100,3365,2024-12-06,2024-12-16,-0.0100436703218104,2024,2024-09-30,learned_vol_interaction,20260910,0.6323121331254069,0.6323121331254069,1,0
fixed_transform_step100,3370,2024-12-13,2024-12-23,-0.0006690784017421,2024,2024-09-30,learned_vol_interaction,20260910,0.49938026034718297,0.49938026034718297,0,0
fixed_transform_step100,3375,2024-12-20,2024-12-30,0.0123595076562756,2024,2024-09-30,learned_vol_interaction,20260910,0.4128395563460464,0.4128395563460464,0,1
fixed_transform_step100,3380,2024-12-27,2025-01-06,-0.0504714964669198,2024,2024-09-30,learned_vol_interaction,20260910,0.3433965161875946,0.3433965161875946,0,0
fixed_transform_step100,3325,2024-10-11,2024-10-21,0.0080914993282625,2024,2024-09-30,learned_order_extension,20260910,0.6294925236213307,0.6294925236213307,1,1
fixed_transform_step100,3330,2024-10-18,2024-10-28,0.0015733867085561,2024,2024-09-30,learned_order_extension,20260910,0.5606240753483186,0.5606240753483186,1,1
fixed_transform_step100,3335,2024-10-25,2024-11-04,-0.0140142824257356,2024,2024-09-30,learned_order_extension,20260910,0.5362170614547022,0.5362170614547022,1,0
fixed_transform_step100,3340,2024-11-01,2024-11-11,0.0434152361258277,2024,2024-09-30,learned_order_extension,20260910,0.5725589139648212,0.5725589139648212,1,1
fixed_transform_step100,3345,2024-11-08,2024-11-18,-0.0208584853931589,2024,2024-09-30,learned_order_extension,20260910,0.48332936785158565,0.48332936785158565,0,0
fixed_transform_step100,3350,2024-11-15,2024-11-25,-0.0267421712161923,2024,2024-09-30,learned_order_extension,20260910,0.46352953158450233,0.46352953158450233,0,0
fixed_transform_step100,3355,2024-11-22,2024-12-02,0.0087960346887328,2024,2024-09-30,learned_order_extension,20260910,0.6310662254818104,0.6310662254818104,1,1
fixed_transform_step100,3360,2024-11-29,2024-12-09,0.0155919891551781,2024,2024-09-30,learned_order_extension,20260910,0.661321980416887,0.661321980416887,1,1
fixed_transform_step100,3365,2024-12-06,2024-12-16,-0.0100436703218104,2024,2024-09-30,learned_order_extension,20260910,0.5928255184044157,0.5928255184044157,1,0
fixed_transform_step100,3370,2024-12-13,2024-12-23,-0.0006690784017421,2024,2024-09-30,learned_order_extension,20260910,0.4679442563372908,0.4679442563372908,0,0
fixed_transform_step100,3375,2024-12-20,2024-12-30,0.0123595076562756,2024,2024-09-30,learned_order_extension,20260910,0.36596243352111146,0.36596243352111146,0,1
fixed_transform_step100,3380,2024-12-27,2025-01-06,-0.0504714964669198,2024,2024-09-30,learned_order_extension,20260910,0.28541182743662635,0.28541182743662635,0,0
fixed_transform_step100,3325,2024-10-11,2024-10-21,0.0080914993282625,2024,2024-09-30,learned_order_offset,20260910,0.6259396703240385,0.6259396703240385,1,1
fixed_transform_step100,3330,2024-10-18,2024-10-28,0.0015733867085561,2024,2024-09-30,learned_order_offset,20260910,0.5532068288616141,0.5532068288616141,1,1
fixed_transform_step100,3335,2024-10-25,2024-11-04,-0.0140142824257356,2024,2024-09-30,learned_order_offset,20260910,0.5434902226702719,0.5434902226702719,1,0
fixed_transform_step100,3340,2024-11-01,2024-11-11,0.0434152361258277,2024,2024-09-30,learned_order_offset,20260910,0.5795722113429239,0.5795722113429239,1,1
fixed_transform_step100,3345,2024-11-08,2024-11-18,-0.0208584853931589,2024,2024-09-30,learned_order_offset,20260910,0.49351943587153907,0.49351943587153907,0,0
fixed_transform_step100,3350,2024-11-15,2024-11-25,-0.0267421712161923,2024,2024-09-30,learned_order_offset,20260910,0.468861138511136,0.468861138511136,0,0
fixed_transform_step100,3355,2024-11-22,2024-12-02,0.0087960346887328,2024,2024-09-30,learned_order_offset,20260910,0.6402375211715384,0.6402375211715384,1,1
fixed_transform_step100,3360,2024-11-29,2024-12-09,0.0155919891551781,2024,2024-09-30,learned_order_offset,20260910,0.6650065906373513,0.6650065906373513,1,1
fixed_transform_step100,3365,2024-12-06,2024-12-16,-0.0100436703218104,2024,2024-09-30,learned_order_offset,20260910,0.6062238989997314,0.6062238989997314,1,0
fixed_transform_step100,3370,2024-12-13,2024-12-23,-0.0006690784017421,2024,2024-09-30,learned_order_offset,20260910,0.47208534768341676,0.47208534768341676,0,0
fixed_transform_step100,3375,2024-12-20,2024-12-30,0.0123595076562756,2024,2024-09-30,learned_order_offset,20260910,0.3789672206656274,0.3789672206656274,0,1
fixed_transform_step100,3380,2024-12-27,2025-01-06,-0.0504714964669198,2024,2024-09-30,learned_order_offset,20260910,0.29772052604064686,0.29772052604064686,0,0
fixed_transform_step100,3325,2024-10-11,2024-10-21,0.0080914993282625,2024,2024-09-30,learned_market,20260911,0.7296446454529847,0.7296446454529847,1,1
fixed_transform_step100,3330,2024-10-18,2024-10-28,0.0015733867085561,2024,2024-09-30,learned_market,20260911,0.6427919745465979,0.6427919745465979,1,1
fixed_transform_step100,3335,2024-10-25,2024-11-04,-0.0140142824257356,2024,2024-09-30,learned_market,20260911,0.45696895241441915,0.45696895241441915,0,0
fixed_transform_step100,3340,2024-11-01,2024-11-11,0.0434152361258277,2024,2024-09-30,learned_market,20260911,0.4375410210422092,0.4375410210422092,0,1
fixed_transform_step100,3345,2024-11-08,2024-11-18,-0.0208584853931589,2024,2024-09-30,learned_market,20260911,0.3875788255850604,0.3875788255850604,0,0
fixed_transform_step100,3350,2024-11-15,2024-11-25,-0.0267421712161923,2024,2024-09-30,learned_market,20260911,0.4888823104232463,0.4888823104232463,0,0
fixed_transform_step100,3355,2024-11-22,2024-12-02,0.0087960346887328,2024,2024-09-30,learned_market,20260911,0.36212634167457597,0.36212634167457597,0,1
fixed_transform_step100,3360,2024-11-29,2024-12-09,0.0155919891551781,2024,2024-09-30,learned_market,20260911,0.565518173250812,0.565518173250812,1,1
fixed_transform_step100,3365,2024-12-06,2024-12-16,-0.0100436703218104,2024,2024-09-30,learned_market,20260911,0.4174728799750871,0.4174728799750871,0,0
fixed_transform_step100,3370,2024-12-13,2024-12-23,-0.0006690784017421,2024,2024-09-30,learned_market,20260911,0.33662374399647726,0.33662374399647726,0,0
fixed_transform_step100,3375,2024-12-20,2024-12-30,0.0123595076562756,2024,2024-09-30,learned_market,20260911,0.29160568558959615,0.29160568558959615,0,1
fixed_transform_step100,3380,2024-12-27,2025-01-06,-0.0504714964669198,2024,2024-09-30,learned_market,20260911,0.5168865231570965,0.5168865231570965,1,0
fixed_transform_step100,3325,2024-10-11,2024-10-21,0.0080914993282625,2024,2024-09-30,learned_vol_interaction,20260911,0.7286234441525362,0.7286234441525362,1,1
fixed_transform_step100,3330,2024-10-18,2024-10-28,0.0015733867085561,2024,2024-09-30,learned_vol_interaction,20260911,0.6426306775080912,0.6426306775080912,1,1
fixed_transform_step100,3335,2024-10-25,2024-11-04,-0.0140142824257356,2024,2024-09-30,learned_vol_interaction,20260911,0.4589946644670056,0.4589946644670056,0,0
fixed_transform_step100,3340,2024-11-01,2024-11-11,0.0434152361258277,2024,2024-09-30,learned_vol_interaction,20260911,0.4401481928042452,0.4401481928042452,0,1
fixed_transform_step100,3345,2024-11-08,2024-11-18,-0.0208584853931589,2024,2024-09-30,learned_vol_interaction,20260911,0.3876241165178456,0.3876241165178456,0,0
fixed_transform_step100,3350,2024-11-15,2024-11-25,-0.0267421712161923,2024,2024-09-30,learned_vol_interaction,20260911,0.4888104355613667,0.4888104355613667,0,0
fixed_transform_step100,3355,2024-11-22,2024-12-02,0.0087960346887328,2024,2024-09-30,learned_vol_interaction,20260911,0.362231931157395,0.362231931157395,0,1
fixed_transform_step100,3360,2024-11-29,2024-12-09,0.0155919891551781,2024,2024-09-30,learned_vol_interaction,20260911,0.5649259540639137,0.5649259540639137,1,1
fixed_transform_step100,3365,2024-12-06,2024-12-16,-0.0100436703218104,2024,2024-09-30,learned_vol_interaction,20260911,0.41745730882706755,0.41745730882706755,0,0
fixed_transform_step100,3370,2024-12-13,2024-12-23,-0.0006690784017421,2024,2024-09-30,learned_vol_interaction,20260911,0.33627182735643085,0.33627182735643085,0,0
fixed_transform_step100,3375,2024-12-20,2024-12-30,0.0123595076562756,2024,2024-09-30,learned_vol_interaction,20260911,0.2912826612399453,0.2912826612399453,0,1
fixed_transform_step100,3380,2024-12-27,2025-01-06,-0.0504714964669198,2024,2024-09-30,learned_vol_interaction,20260911,0.5171597273474753,0.5171597273474753,1,0
fixed_transform_step100,3325,2024-10-11,2024-10-21,0.0080914993282625,2024,2024-09-30,learned_order_extension,20260911,0.7081318856030733,0.7081318856030733,1,1
fixed_transform_step100,3330,2024-10-18,2024-10-28,0.0015733867085561,2024,2024-09-30,learned_order_extension,20260911,0.6380471692424224,0.6380471692424224,1,1
fixed_transform_step100,3335,2024-10-25,2024-11-04,-0.0140142824257356,2024,2024-09-30,learned_order_extension,20260911,0.49212920288744105,0.49212920288744105,0,0
fixed_transform_step100,3340,2024-11-01,2024-11-11,0.0434152361258277,2024,2024-09-30,learned_order_extension,20260911,0.5014251109963506,0.5014251109963506,1,1
fixed_transform_step100,3345,2024-11-08,2024-11-18,-0.0208584853931589,2024,2024-09-30,learned_order_extension,20260911,0.37277486606630617,0.37277486606630617,0,0
fixed_transform_step100,3350,2024-11-15,2024-11-25,-0.0267421712161923,2024,2024-09-30,learned_order_extension,20260911,0.46966809131784887,0.46966809131784887,0,0
fixed_transform_step100,3355,2024-11-22,2024-12-02,0.0087960346887328,2024,2024-09-30,learned_order_extension,20260911,0.3429480834880732,0.3429480834880732,0,1
fixed_transform_step100,3360,2024-11-29,2024-12-09,0.0155919891551781,2024,2024-09-30,learned_order_extension,20260911,0.5629798295423518,0.5629798295423518,1,1
fixed_transform_step100,3365,2024-12-06,2024-12-16,-0.0100436703218104,2024,2024-09-30,learned_order_extension,20260911,0.41305875934450675,0.41305875934450675,0,0
fixed_transform_step100,3370,2024-12-13,2024-12-23,-0.0006690784017421,2024,2024-09-30,learned_order_extension,20260911,0.3086528157436227,0.3086528157436227,0,0
fixed_transform_step100,3375,2024-12-20,2024-12-30,0.0123595076562756,2024,2024-09-30,learned_order_extension,20260911,0.2662496163563645,0.2662496163563645,0,1
fixed_transform_step100,3380,2024-12-27,2025-01-06,-0.0504714964669198,2024,2024-09-30,learned_order_extension,20260911,0.5552620138022943,0.5552620138022943,1,0
fixed_transform_step100,3325,2024-10-11,2024-10-21,0.0080914993282625,2024,2024-09-30,learned_order_offset,20260911,0.707992506771974,0.707992506771974,1,1
fixed_transform_step100,3330,2024-10-18,2024-10-28,0.0015733867085561,2024,2024-09-30,learned_order_offset,20260911,0.6399442134898403,0.6399442134898403,1,1
fixed_transform_step100,3335,2024-10-25,2024-11-04,-0.0140142824257356,2024,2024-09-30,learned_order_offset,20260911,0.4914928369624938,0.4914928369624938,0,0
fixed_transform_step100,3340,2024-11-01,2024-11-11,0.0434152361258277,2024,2024-09-30,learned_order_offset,20260911,0.4972088617422187,0.4972088617422187,0,1
fixed_transform_step100,3345,2024-11-08,2024-11-18,-0.0208584853931589,2024,2024-09-30,learned_order_offset,20260911,0.37698912402297596,0.37698912402297596,0,0
fixed_transform_step100,3350,2024-11-15,2024-11-25,-0.0267421712161923,2024,2024-09-30,learned_order_offset,20260911,0.4679494878656478,0.4679494878656478,0,0
fixed_transform_step100,3355,2024-11-22,2024-12-02,0.0087960346887328,2024,2024-09-30,learned_order_offset,20260911,0.34492952752199585,0.34492952752199585,0,1
fixed_transform_step100,3360,2024-11-29,2024-12-09,0.0155919891551781,2024,2024-09-30,learned_order_offset,20260911,0.5666348555505832,0.5666348555505832,1,1
fixed_transform_step100,3365,2024-12-06,2024-12-16,-0.0100436703218104,2024,2024-09-30,learned_order_offset,20260911,0.41425653951865016,0.41425653951865016,0,0
fixed_transform_step100,3370,2024-12-13,2024-12-23,-0.0006690784017421,2024,2024-09-30,learned_order_offset,20260911,0.31337115403279286,0.31337115403279286,0,0
fixed_transform_step100,3375,2024-12-20,2024-12-30,0.0123595076562756,2024,2024-09-30,learned_order_offset,20260911,0.2688036292008334,0.2688036292008334,0,1
fixed_transform_step100,3380,2024-12-27,2025-01-06,-0.0504714964669198,2024,2024-09-30,learned_order_offset,20260911,0.5485702572655458,0.5485702572655458,1,0
fixed_transform_step100,3325,2024-10-11,2024-10-21,0.0080914993282625,2024,2024-09-30,learned_market,20260912,0.6572920758401974,0.6572920758401974,1,1
fixed_transform_step100,3330,2024-10-18,2024-10-28,0.0015733867085561,2024,2024-09-30,learned_market,20260912,0.7402917915476773,0.7402917915476773,1,1
fixed_transform_step100,3335,2024-10-25,2024-11-04,-0.0140142824257356,2024,2024-09-30,learned_market,20260912,0.691864175841582,0.691864175841582,1,0
fixed_transform_step100,3340,2024-11-01,2024-11-11,0.0434152361258277,2024,2024-09-30,learned_market,20260912,0.7225623932235848,0.7225623932235848,1,1
fixed_transform_step100,3345,2024-11-08,2024-11-18,-0.0208584853931589,2024,2024-09-30,learned_market,20260912,0.6562536455080925,0.6562536455080925,1,0
fixed_transform_step100,3350,2024-11-15,2024-11-25,-0.0267421712161923,2024,2024-09-30,learned_market,20260912,0.5855573036230247,0.5855573036230247,1,0
fixed_transform_step100,3355,2024-11-22,2024-12-02,0.0087960346887328,2024,2024-09-30,learned_market,20260912,0.6338849530105547,0.6338849530105547,1,1
fixed_transform_step100,3360,2024-11-29,2024-12-09,0.0155919891551781,2024,2024-09-30,learned_market,20260912,0.5708734899654654,0.5708734899654654,1,1
fixed_transform_step100,3365,2024-12-06,2024-12-16,-0.0100436703218104,2024,2024-09-30,learned_market,20260912,0.528369706912204,0.528369706912204,1,0
fixed_transform_step100,3370,2024-12-13,2024-12-23,-0.0006690784017421,2024,2024-09-30,learned_market,20260912,0.4091935753922546,0.4091935753922546,0,0
fixed_transform_step100,3375,2024-12-20,2024-12-30,0.0123595076562756,2024,2024-09-30,learned_market,20260912,0.332849897959869,0.332849897959869,0,1
fixed_transform_step100,3380,2024-12-27,2025-01-06,-0.0504714964669198,2024,2024-09-30,learned_market,20260912,0.260377958331271,0.260377958331271,0,0
fixed_transform_step100,3325,2024-10-11,2024-10-21,0.0080914993282625,2024,2024-09-30,learned_vol_interaction,20260912,0.6043962528766322,0.6043962528766322,1,1
fixed_transform_step100,3330,2024-10-18,2024-10-28,0.0015733867085561,2024,2024-09-30,learned_vol_interaction,20260912,0.6288874318314989,0.6288874318314989,1,1
fixed_transform_step100,3335,2024-10-25,2024-11-04,-0.0140142824257356,2024,2024-09-30,learned_vol_interaction,20260912,0.5947879012623063,0.5947879012623063,1,0
fixed_transform_step100,3340,2024-11-01,2024-11-11,0.0434152361258277,2024,2024-09-30,learned_vol_interaction,20260912,0.5818854015246322,0.5818854015246322,1,1
fixed_transform_step100,3345,2024-11-08,2024-11-18,-0.0208584853931589,2024,2024-09-30,learned_vol_interaction,20260912,0.5972186490975381,0.5972186490975381,1,0
fixed_transform_step100,3350,2024-11-15,2024-11-25,-0.0267421712161923,2024,2024-09-30,learned_vol_interaction,20260912,0.5680982835353564,0.5680982835353564,1,0
fixed_transform_step100,3355,2024-11-22,2024-12-02,0.0087960346887328,2024,2024-09-30,learned_vol_interaction,20260912,0.6021524718417611,0.6021524718417611,1,1
fixed_transform_step100,3360,2024-11-29,2024-12-09,0.0155919891551781,2024,2024-09-30,learned_vol_interaction,20260912,0.5328040715521226,0.5328040715521226,1,1
fixed_transform_step100,3365,2024-12-06,2024-12-16,-0.0100436703218104,2024,2024-09-30,learned_vol_interaction,20260912,0.5134358335766236,0.5134358335766236,1,0
fixed_transform_step100,3370,2024-12-13,2024-12-23,-0.0006690784017421,2024,2024-09-30,learned_vol_interaction,20260912,0.41166291030101987,0.41166291030101987,0,0
fixed_transform_step100,3375,2024-12-20,2024-12-30,0.0123595076562756,2024,2024-09-30,learned_vol_interaction,20260912,0.3382676952797185,0.3382676952797185,0,1
fixed_transform_step100,3380,2024-12-27,2025-01-06,-0.0504714964669198,2024,2024-09-30,learned_vol_interaction,20260912,0.2550298398829438,0.2550298398829438,0,0
fixed_transform_step100,3325,2024-10-11,2024-10-21,0.0080914993282625,2024,2024-09-30,learned_order_extension,20260912,0.5890257976385297,0.5890257976385297,1,1
fixed_transform_step100,3330,2024-10-18,2024-10-28,0.0015733867085561,2024,2024-09-30,learned_order_extension,20260912,0.571035019876787,0.571035019876787,1,1
fixed_transform_step100,3335,2024-10-25,2024-11-04,-0.0140142824257356,2024,2024-09-30,learned_order_extension,20260912,0.5448253261477366,0.5448253261477366,1,0
fixed_transform_step100,3340,2024-11-01,2024-11-11,0.0434152361258277,2024,2024-09-30,learned_order_extension,20260912,0.4887161217829624,0.4887161217829624,0,1
fixed_transform_step100,3345,2024-11-08,2024-11-18,-0.0208584853931589,2024,2024-09-30,learned_order_extension,20260912,0.5786239684779507,0.5786239684779507,1,0
fixed_transform_step100,3350,2024-11-15,2024-11-25,-0.0267421712161923,2024,2024-09-30,learned_order_extension,20260912,0.5505661014498309,0.5505661014498309,1,0
fixed_transform_step100,3355,2024-11-22,2024-12-02,0.0087960346887328,2024,2024-09-30,learned_order_extension,20260912,0.6153756093000013,0.6153756093000013,1,1
fixed_transform_step100,3360,2024-11-29,2024-12-09,0.0155919891551781,2024,2024-09-30,learned_order_extension,20260912,0.5457344520777321,0.5457344520777321,1,1
fixed_transform_step100,3365,2024-12-06,2024-12-16,-0.0100436703218104,2024,2024-09-30,learned_order_extension,20260912,0.5023142684327153,0.5023142684327153,1,0
fixed_transform_step100,3370,2024-12-13,2024-12-23,-0.0006690784017421,2024,2024-09-30,learned_order_extension,20260912,0.40752681894126436,0.40752681894126436,0,0
fixed_transform_step100,3375,2024-12-20,2024-12-30,0.0123595076562756,2024,2024-09-30,learned_order_extension,20260912,0.3070325460009955,0.3070325460009955,0,1
fixed_transform_step100,3380,2024-12-27,2025-01-06,-0.0504714964669198,2024,2024-09-30,learned_order_extension,20260912,0.19902542395424885,0.19902542395424885,0,0
fixed_transform_step100,3325,2024-10-11,2024-10-21,0.0080914993282625,2024,2024-09-30,learned_order_offset,20260912,0.5821726705139728,0.5821726705139728,1,1
fixed_transform_step100,3330,2024-10-18,2024-10-28,0.0015733867085561,2024,2024-09-30,learned_order_offset,20260912,0.5594495005686564,0.5594495005686564,1,1
fixed_transform_step100,3335,2024-10-25,2024-11-04,-0.0140142824257356,2024,2024-09-30,learned_order_offset,20260912,0.5290737128327481,0.5290737128327481,1,0
fixed_transform_step100,3340,2024-11-01,2024-11-11,0.0434152361258277,2024,2024-09-30,learned_order_offset,20260912,0.4808203947192463,0.4808203947192463,0,1
fixed_transform_step100,3345,2024-11-08,2024-11-18,-0.0208584853931589,2024,2024-09-30,learned_order_offset,20260912,0.559624148346474,0.559624148346474,1,0
fixed_transform_step100,3350,2024-11-15,2024-11-25,-0.0267421712161923,2024,2024-09-30,learned_order_offset,20260912,0.5400760256896879,0.5400760256896879,1,0
fixed_transform_step100,3355,2024-11-22,2024-12-02,0.0087960346887328,2024,2024-09-30,learned_order_offset,20260912,0.6048263462403234,0.6048263462403234,1,1
fixed_transform_step100,3360,2024-11-29,2024-12-09,0.0155919891551781,2024,2024-09-30,learned_order_offset,20260912,0.5378681171571998,0.5378681171571998,1,1
fixed_transform_step100,3365,2024-12-06,2024-12-16,-0.0100436703218104,2024,2024-09-30,learned_order_offset,20260912,0.4976002136883729,0.4976002136883729,0,0
fixed_transform_step100,3370,2024-12-13,2024-12-23,-0.0006690784017421,2024,2024-09-30,learned_order_offset,20260912,0.41040888990802754,0.41040888990802754,0,0
fixed_transform_step100,3375,2024-12-20,2024-12-30,0.0123595076562756,2024,2024-09-30,learned_order_offset,20260912,0.3168884039322097,0.3168884039322097,0,1
fixed_transform_step100,3380,2024-12-27,2025-01-06,-0.0504714964669198,2024,2024-09-30,learned_order_offset,20260912,0.21197068248685758,0.21197068248685758,0,0
fixed_transform_step100,3384,2025-01-03,2025-01-13,-0.0189486730632231,2025,2024-12-31,learned_market,20260910,0.38233645545210077,0.38233645545210077,0,0
fixed_transform_step100,3389,2025-01-10,2025-01-20,0.0353251773547418,2025,2024-12-31,learned_market,20260910,0.3910227915849612,0.3910227915849612,0,1
fixed_transform_step100,3394,2025-01-17,2025-01-27,0.000432821422053,2025,2024-12-31,learned_market,20260910,0.49015728346105064,0.49015728346105064,0,1
fixed_transform_step100,3399,2025-01-24,2025-02-10,0.0159344898044284,2025,2024-12-31,learned_market,20260910,0.43779872313730184,0.43779872313730184,0,1
fixed_transform_step100,3403,2025-02-07,2025-02-17,0.0144454990892999,2025,2024-12-31,learned_market,20260910,0.5065763414140139,0.5065763414140139,1,1
fixed_transform_step100,3408,2025-02-14,2025-02-24,0.0045695818086644,2025,2024-12-31,learned_market,20260910,0.5698063647751795,0.5698063647751795,1,1
fixed_transform_step100,3413,2025-02-21,2025-03-03,-0.0183210488158531,2025,2024-12-31,learned_market,20260910,0.5387747536285505,0.5387747536285505,1,0
fixed_transform_step100,3418,2025-02-28,2025-03-10,0.0117650075646844,2025,2024-12-31,learned_market,20260910,0.4812656782302869,0.4812656782302869,0,1
fixed_transform_step100,3423,2025-03-07,2025-03-17,0.019023819058288,2025,2024-12-31,learned_market,20260910,0.6111767156385011,0.6111767156385011,1,1
fixed_transform_step100,3428,2025-03-14,2025-03-24,-0.0259983485216283,2025,2024-12-31,learned_market,20260910,0.44730435644814126,0.44730435644814126,0,0
fixed_transform_step100,3433,2025-03-21,2025-03-31,-0.0025867506275359,2025,2024-12-31,learned_market,20260910,0.5315675954271929,0.5315675954271929,1,0
fixed_transform_step100,3438,2025-03-28,2025-04-14,-0.0342910101946246,2025,2024-12-31,learned_market,20260910,0.7166635184412673,0.7166635184412673,1,0
fixed_transform_step100,3384,2025-01-03,2025-01-13,-0.0189486730632231,2025,2024-12-31,learned_vol_interaction,20260910,0.38666219011730185,0.38666219011730185,0,0
fixed_transform_step100,3389,2025-01-10,2025-01-20,0.0353251773547418,2025,2024-12-31,learned_vol_interaction,20260910,0.3791321657754841,0.3791321657754841,0,1
fixed_transform_step100,3394,2025-01-17,2025-01-27,0.000432821422053,2025,2024-12-31,learned_vol_interaction,20260910,0.4768105126561029,0.4768105126561029,0,1
fixed_transform_step100,3399,2025-01-24,2025-02-10,0.0159344898044284,2025,2024-12-31,learned_vol_interaction,20260910,0.46081361135637805,0.46081361135637805,0,1
fixed_transform_step100,3403,2025-02-07,2025-02-17,0.0144454990892999,2025,2024-12-31,learned_vol_interaction,20260910,0.5021249737202294,0.5021249737202294,1,1
fixed_transform_step100,3408,2025-02-14,2025-02-24,0.0045695818086644,2025,2024-12-31,learned_vol_interaction,20260910,0.5796741457129003,0.5796741457129003,1,1
fixed_transform_step100,3413,2025-02-21,2025-03-03,-0.0183210488158531,2025,2024-12-31,learned_vol_interaction,20260910,0.5894724308913238,0.5894724308913238,1,0
fixed_transform_step100,3418,2025-02-28,2025-03-10,0.0117650075646844,2025,2024-12-31,learned_vol_interaction,20260910,0.5038224926529957,0.5038224926529957,1,1
fixed_transform_step100,3423,2025-03-07,2025-03-17,0.019023819058288,2025,2024-12-31,learned_vol_interaction,20260910,0.6257731101792092,0.6257731101792092,1,1
fixed_transform_step100,3428,2025-03-14,2025-03-24,-0.0259983485216283,2025,2024-12-31,learned_vol_interaction,20260910,0.44102075881393793,0.44102075881393793,0,0
fixed_transform_step100,3433,2025-03-21,2025-03-31,-0.0025867506275359,2025,2024-12-31,learned_vol_interaction,20260910,0.5122265111637169,0.5122265111637169,1,0
fixed_transform_step100,3438,2025-03-28,2025-04-14,-0.0342910101946246,2025,2024-12-31,learned_vol_interaction,20260910,0.7509067743034049,0.7509067743034049,1,0
fixed_transform_step100,3384,2025-01-03,2025-01-13,-0.0189486730632231,2025,2024-12-31,learned_order_extension,20260910,0.36600157937330885,0.36600157937330885,0,0
fixed_transform_step100,3389,2025-01-10,2025-01-20,0.0353251773547418,2025,2024-12-31,learned_order_extension,20260910,0.35256611690823136,0.35256611690823136,0,1
fixed_transform_step100,3394,2025-01-17,2025-01-27,0.000432821422053,2025,2024-12-31,learned_order_extension,20260910,0.48744472138871614,0.48744472138871614,0,1
fixed_transform_step100,3399,2025-01-24,2025-02-10,0.0159344898044284,2025,2024-12-31,learned_order_extension,20260910,0.4710830358173244,0.4710830358173244,0,1
fixed_transform_step100,3403,2025-02-07,2025-02-17,0.0144454990892999,2025,2024-12-31,learned_order_extension,20260910,0.5229042647242248,0.5229042647242248,1,1
fixed_transform_step100,3408,2025-02-14,2025-02-24,0.0045695818086644,2025,2024-12-31,learned_order_extension,20260910,0.5778482952092869,0.5778482952092869,1,1
fixed_transform_step100,3413,2025-02-21,2025-03-03,-0.0183210488158531,2025,2024-12-31,learned_order_extension,20260910,0.6398652110146743,0.6398652110146743,1,0
fixed_transform_step100,3418,2025-02-28,2025-03-10,0.0117650075646844,2025,2024-12-31,learned_order_extension,20260910,0.5091435465758709,0.5091435465758709,1,1
fixed_transform_step100,3423,2025-03-07,2025-03-17,0.019023819058288,2025,2024-12-31,learned_order_extension,20260910,0.6768915881499589,0.6768915881499589,1,1
fixed_transform_step100,3428,2025-03-14,2025-03-24,-0.0259983485216283,2025,2024-12-31,learned_order_extension,20260910,0.45607712059245215,0.45607712059245215,0,0
fixed_transform_step100,3433,2025-03-21,2025-03-31,-0.0025867506275359,2025,2024-12-31,learned_order_extension,20260910,0.5368074346463041,0.5368074346463041,1,0
fixed_transform_step100,3438,2025-03-28,2025-04-14,-0.0342910101946246,2025,2024-12-31,learned_order_extension,20260910,0.8368647681799748,0.8368647681799748,1,0
fixed_transform_step100,3384,2025-01-03,2025-01-13,-0.0189486730632231,2025,2024-12-31,learned_order_offset,20260910,0.36669421956338505,0.36669421956338505,0,0
fixed_transform_step100,3389,2025-01-10,2025-01-20,0.0353251773547418,2025,2024-12-31,learned_order_offset,20260910,0.35282059228350937,0.35282059228350937,0,1
fixed_transform_step100,3394,2025-01-17,2025-01-27,0.000432821422053,2025,2024-12-31,learned_order_offset,20260910,0.48807314138283653,0.48807314138283653,0,1
fixed_transform_step100,3399,2025-01-24,2025-02-10,0.0159344898044284,2025,2024-12-31,learned_order_offset,20260910,0.4717801139449288,0.4717801139449288,0,1
fixed_transform_step100,3403,2025-02-07,2025-02-17,0.0144454990892999,2025,2024-12-31,learned_order_offset,20260910,0.524022842955718,0.524022842955718,1,1
fixed_transform_step100,3408,2025-02-14,2025-02-24,0.0045695818086644,2025,2024-12-31,learned_order_offset,20260910,0.5772818750748553,0.5772818750748553,1,1
fixed_transform_step100,3413,2025-02-21,2025-03-03,-0.0183210488158531,2025,2024-12-31,learned_order_offset,20260910,0.6395827908381064,0.6395827908381064,1,0
fixed_transform_step100,3418,2025-02-28,2025-03-10,0.0117650075646844,2025,2024-12-31,learned_order_offset,20260910,0.5071295431195366,0.5071295431195366,1,1
fixed_transform_step100,3423,2025-03-07,2025-03-17,0.019023819058288,2025,2024-12-31,learned_order_offset,20260910,0.6756470892929178,0.6756470892929178,1,1
fixed_transform_step100,3428,2025-03-14,2025-03-24,-0.0259983485216283,2025,2024-12-31,learned_order_offset,20260910,0.455714753994421,0.455714753994421,0,0
fixed_transform_step100,3433,2025-03-21,2025-03-31,-0.0025867506275359,2025,2024-12-31,learned_order_offset,20260910,0.5359223493617127,0.5359223493617127,1,0
fixed_transform_step100,3438,2025-03-28,2025-04-14,-0.0342910101946246,2025,2024-12-31,learned_order_offset,20260910,0.834993269183481,0.834993269183481,1,0
fixed_transform_step100,3384,2025-01-03,2025-01-13,-0.0189486730632231,2025,2024-12-31,learned_market,20260911,0.42821132783780086,0.42821132783780086,0,0
fixed_transform_step100,3389,2025-01-10,2025-01-20,0.0353251773547418,2025,2024-12-31,learned_market,20260911,0.3899957296673264,0.3899957296673264,0,1
fixed_transform_step100,3394,2025-01-17,2025-01-27,0.000432821422053,2025,2024-12-31,learned_market,20260911,0.5369659260153571,0.5369659260153571,1,1
fixed_transform_step100,3399,2025-01-24,2025-02-10,0.0159344898044284,2025,2024-12-31,learned_market,20260911,0.579417237715051,0.579417237715051,1,1
fixed_transform_step100,3403,2025-02-07,2025-02-17,0.0144454990892999,2025,2024-12-31,learned_market,20260911,0.6179638900480853,0.6179638900480853,1,1
fixed_transform_step100,3408,2025-02-14,2025-02-24,0.0045695818086644,2025,2024-12-31,learned_market,20260911,0.616114705527485,0.616114705527485,1,1
fixed_transform_step100,3413,2025-02-21,2025-03-03,-0.0183210488158531,2025,2024-12-31,learned_market,20260911,0.562117179520429,0.562117179520429,1,0
fixed_transform_step100,3418,2025-02-28,2025-03-10,0.0117650075646844,2025,2024-12-31,learned_market,20260911,0.5285781284571346,0.5285781284571346,1,1
fixed_transform_step100,3423,2025-03-07,2025-03-17,0.019023819058288,2025,2024-12-31,learned_market,20260911,0.4669000809915797,0.4669000809915797,0,1
fixed_transform_step100,3428,2025-03-14,2025-03-24,-0.0259983485216283,2025,2024-12-31,learned_market,20260911,0.5699083421091582,0.5699083421091582,1,0
fixed_transform_step100,3433,2025-03-21,2025-03-31,-0.0025867506275359,2025,2024-12-31,learned_market,20260911,0.41241409635776066,0.41241409635776066,0,0
fixed_transform_step100,3438,2025-03-28,2025-04-14,-0.0342910101946246,2025,2024-12-31,learned_market,20260911,0.48277123146752016,0.48277123146752016,0,0
fixed_transform_step100,3384,2025-01-03,2025-01-13,-0.0189486730632231,2025,2024-12-31,learned_vol_interaction,20260911,0.4305231359543153,0.4305231359543153,0,0
fixed_transform_step100,3389,2025-01-10,2025-01-20,0.0353251773547418,2025,2024-12-31,learned_vol_interaction,20260911,0.38884089510088987,0.38884089510088987,0,1
fixed_transform_step100,3394,2025-01-17,2025-01-27,0.000432821422053,2025,2024-12-31,learned_vol_interaction,20260911,0.5344292773183893,0.5344292773183893,1,1
fixed_transform_step100,3399,2025-01-24,2025-02-10,0.0159344898044284,2025,2024-12-31,learned_vol_interaction,20260911,0.5733087009015438,0.5733087009015438,1,1
fixed_transform_step100,3403,2025-02-07,2025-02-17,0.0144454990892999,2025,2024-12-31,learned_vol_interaction,20260911,0.6229730094392066,0.6229730094392066,1,1
fixed_transform_step100,3408,2025-02-14,2025-02-24,0.0045695818086644,2025,2024-12-31,learned_vol_interaction,20260911,0.6249392220388966,0.6249392220388966,1,1
fixed_transform_step100,3413,2025-02-21,2025-03-03,-0.0183210488158531,2025,2024-12-31,learned_vol_interaction,20260911,0.5770853748295083,0.5770853748295083,1,0
fixed_transform_step100,3418,2025-02-28,2025-03-10,0.0117650075646844,2025,2024-12-31,learned_vol_interaction,20260911,0.5320196258694382,0.5320196258694382,1,1
fixed_transform_step100,3423,2025-03-07,2025-03-17,0.019023819058288,2025,2024-12-31,learned_vol_interaction,20260911,0.4709950343968562,0.4709950343968562,0,1
fixed_transform_step100,3428,2025-03-14,2025-03-24,-0.0259983485216283,2025,2024-12-31,learned_vol_interaction,20260911,0.5689479286300063,0.5689479286300063,1,0
fixed_transform_step100,3433,2025-03-21,2025-03-31,-0.0025867506275359,2025,2024-12-31,learned_vol_interaction,20260911,0.4073280883173269,0.4073280883173269,0,0
fixed_transform_step100,3438,2025-03-28,2025-04-14,-0.0342910101946246,2025,2024-12-31,learned_vol_interaction,20260911,0.4833458290624725,0.4833458290624725,0,0
fixed_transform_step100,3384,2025-01-03,2025-01-13,-0.0189486730632231,2025,2024-12-31,learned_order_extension,20260911,0.43065388292304235,0.43065388292304235,0,0
fixed_transform_step100,3389,2025-01-10,2025-01-20,0.0353251773547418,2025,2024-12-31,learned_order_extension,20260911,0.3891931634884253,0.3891931634884253,0,1
fixed_transform_step100,3394,2025-01-17,2025-01-27,0.000432821422053,2025,2024-12-31,learned_order_extension,20260911,0.5293310636016386,0.5293310636016386,1,1
fixed_transform_step100,3399,2025-01-24,2025-02-10,0.0159344898044284,2025,2024-12-31,learned_order_extension,20260911,0.5678795814188538,0.5678795814188538,1,1
fixed_transform_step100,3403,2025-02-07,2025-02-17,0.0144454990892999,2025,2024-12-31,learned_order_extension,20260911,0.6181569415812861,0.6181569415812861,1,1
fixed_transform_step100,3408,2025-02-14,2025-02-24,0.0045695818086644,2025,2024-12-31,learned_order_extension,20260911,0.623244763024503,0.623244763024503,1,1
fixed_transform_step100,3413,2025-02-21,2025-03-03,-0.0183210488158531,2025,2024-12-31,learned_order_extension,20260911,0.5698307059548449,0.5698307059548449,1,0
fixed_transform_step100,3418,2025-02-28,2025-03-10,0.0117650075646844,2025,2024-12-31,learned_order_extension,20260911,0.5277004284689892,0.5277004284689892,1,1
fixed_transform_step100,3423,2025-03-07,2025-03-17,0.019023819058288,2025,2024-12-31,learned_order_extension,20260911,0.4694347191401159,0.4694347191401159,0,1
fixed_transform_step100,3428,2025-03-14,2025-03-24,-0.0259983485216283,2025,2024-12-31,learned_order_extension,20260911,0.5654667556034778,0.5654667556034778,1,0
fixed_transform_step100,3433,2025-03-21,2025-03-31,-0.0025867506275359,2025,2024-12-31,learned_order_extension,20260911,0.40561065982780425,0.40561065982780425,0,0
fixed_transform_step100,3438,2025-03-28,2025-04-14,-0.0342910101946246,2025,2024-12-31,learned_order_extension,20260911,0.47795042275731253,0.47795042275731253,0,0
fixed_transform_step100,3384,2025-01-03,2025-01-13,-0.0189486730632231,2025,2024-12-31,learned_order_offset,20260911,0.430743812553328,0.430743812553328,0,0
fixed_transform_step100,3389,2025-01-10,2025-01-20,0.0353251773547418,2025,2024-12-31,learned_order_offset,20260911,0.3892930545383684,0.3892930545383684,0,1
fixed_transform_step100,3394,2025-01-17,2025-01-27,0.000432821422053,2025,2024-12-31,learned_order_offset,20260911,0.52934454260111,0.52934454260111,1,1
fixed_transform_step100,3399,2025-01-24,2025-02-10,0.0159344898044284,2025,2024-12-31,learned_order_offset,20260911,0.5679288793949586,0.5679288793949586,1,1
fixed_transform_step100,3403,2025-02-07,2025-02-17,0.0144454990892999,2025,2024-12-31,learned_order_offset,20260911,0.6181544426401614,0.6181544426401614,1,1
fixed_transform_step100,3408,2025-02-14,2025-02-24,0.0045695818086644,2025,2024-12-31,learned_order_offset,20260911,0.6233447631977894,0.6233447631977894,1,1
fixed_transform_step100,3413,2025-02-21,2025-03-03,-0.0183210488158531,2025,2024-12-31,learned_order_offset,20260911,0.5699444546955538,0.5699444546955538,1,0
fixed_transform_step100,3418,2025-02-28,2025-03-10,0.0117650075646844,2025,2024-12-31,learned_order_offset,20260911,0.5277660121776485,0.5277660121776485,1,1
fixed_transform_step100,3423,2025-03-07,2025-03-17,0.019023819058288,2025,2024-12-31,learned_order_offset,20260911,0.46953630716328854,0.46953630716328854,0,1
fixed_transform_step100,3428,2025-03-14,2025-03-24,-0.0259983485216283,2025,2024-12-31,learned_order_offset,20260911,0.5655482902240324,0.5655482902240324,1,0
fixed_transform_step100,3433,2025-03-21,2025-03-31,-0.0025867506275359,2025,2024-12-31,learned_order_offset,20260911,0.4056793971990091,0.4056793971990091,0,0
fixed_transform_step100,3438,2025-03-28,2025-04-14,-0.0342910101946246,2025,2024-12-31,learned_order_offset,20260911,0.4779797038173516,0.4779797038173516,0,0
fixed_transform_step100,3384,2025-01-03,2025-01-13,-0.0189486730632231,2025,2024-12-31,learned_market,20260912,0.42089025641362,0.42089025641362,0,0
fixed_transform_step100,3389,2025-01-10,2025-01-20,0.0353251773547418,2025,2024-12-31,learned_market,20260912,0.6539720773420672,0.6539720773420672,1,1
fixed_transform_step100,3394,2025-01-17,2025-01-27,0.000432821422053,2025,2024-12-31,learned_market,20260912,0.5597316894392553,0.5597316894392553,1,1
fixed_transform_step100,3399,2025-01-24,2025-02-10,0.0159344898044284,2025,2024-12-31,learned_market,20260912,0.7143346906245566,0.7143346906245566,1,1
fixed_transform_step100,3403,2025-02-07,2025-02-17,0.0144454990892999,2025,2024-12-31,learned_market,20260912,0.6628191037923492,0.6628191037923492,1,1
fixed_transform_step100,3408,2025-02-14,2025-02-24,0.0045695818086644,2025,2024-12-31,learned_market,20260912,0.6357468977060057,0.6357468977060057,1,1
fixed_transform_step100,3413,2025-02-21,2025-03-03,-0.0183210488158531,2025,2024-12-31,learned_market,20260912,0.3807729420629625,0.3807729420629625,0,0
fixed_transform_step100,3418,2025-02-28,2025-03-10,0.0117650075646844,2025,2024-12-31,learned_market,20260912,0.5714127704615375,0.5714127704615375,1,1
fixed_transform_step100,3423,2025-03-07,2025-03-17,0.019023819058288,2025,2024-12-31,learned_market,20260912,0.2731298059228326,0.2731298059228326,0,1
fixed_transform_step100,3428,2025-03-14,2025-03-24,-0.0259983485216283,2025,2024-12-31,learned_market,20260912,0.696672234818679,0.696672234818679,1,0
fixed_transform_step100,3433,2025-03-21,2025-03-31,-0.0025867506275359,2025,2024-12-31,learned_market,20260912,0.5676267142547179,0.5676267142547179,1,0
fixed_transform_step100,3438,2025-03-28,2025-04-14,-0.0342910101946246,2025,2024-12-31,learned_market,20260912,0.560911448173473,0.560911448173473,1,0
fixed_transform_step100,3384,2025-01-03,2025-01-13,-0.0189486730632231,2025,2024-12-31,learned_vol_interaction,20260912,0.4216991098514313,0.4216991098514313,0,0
fixed_transform_step100,3389,2025-01-10,2025-01-20,0.0353251773547418,2025,2024-12-31,learned_vol_interaction,20260912,0.6572683815072808,0.6572683815072808,1,1
fixed_transform_step100,3394,2025-01-17,2025-01-27,0.000432821422053,2025,2024-12-31,learned_vol_interaction,20260912,0.5624117839252505,0.5624117839252505,1,1
fixed_transform_step100,3399,2025-01-24,2025-02-10,0.0159344898044284,2025,2024-12-31,learned_vol_interaction,20260912,0.7143566519320824,0.7143566519320824,1,1
fixed_transform_step100,3403,2025-02-07,2025-02-17,0.0144454990892999,2025,2024-12-31,learned_vol_interaction,20260912,0.6656753647706254,0.6656753647706254,1,1
fixed_transform_step100,3408,2025-02-14,2025-02-24,0.0045695818086644,2025,2024-12-31,learned_vol_interaction,20260912,0.6366748986711647,0.6366748986711647,1,1
fixed_transform_step100,3413,2025-02-21,2025-03-03,-0.0183210488158531,2025,2024-12-31,learned_vol_interaction,20260912,0.3758479309011285,0.3758479309011285,0,0
fixed_transform_step100,3418,2025-02-28,2025-03-10,0.0117650075646844,2025,2024-12-31,learned_vol_interaction,20260912,0.5709205167438731,0.5709205167438731,1,1
fixed_transform_step100,3423,2025-03-07,2025-03-17,0.019023819058288,2025,2024-12-31,learned_vol_interaction,20260912,0.2697314685006311,0.2697314685006311,0,1
fixed_transform_step100,3428,2025-03-14,2025-03-24,-0.0259983485216283,2025,2024-12-31,learned_vol_interaction,20260912,0.6971511109958376,0.6971511109958376,1,0
fixed_transform_step100,3433,2025-03-21,2025-03-31,-0.0025867506275359,2025,2024-12-31,learned_vol_interaction,20260912,0.5692380331101397,0.5692380331101397,1,0
fixed_transform_step100,3438,2025-03-28,2025-04-14,-0.0342910101946246,2025,2024-12-31,learned_vol_interaction,20260912,0.5653548865619433,0.5653548865619433,1,0
fixed_transform_step100,3384,2025-01-03,2025-01-13,-0.0189486730632231,2025,2024-12-31,learned_order_extension,20260912,0.43188465804609494,0.43188465804609494,0,0
fixed_transform_step100,3389,2025-01-10,2025-01-20,0.0353251773547418,2025,2024-12-31,learned_order_extension,20260912,0.7180313467789317,0.7180313467789317,1,1
fixed_transform_step100,3394,2025-01-17,2025-01-27,0.000432821422053,2025,2024-12-31,learned_order_extension,20260912,0.6186516338053223,0.6186516338053223,1,1
fixed_transform_step100,3399,2025-01-24,2025-02-10,0.0159344898044284,2025,2024-12-31,learned_order_extension,20260912,0.7832822932916682,0.7832822932916682,1,1
fixed_transform_step100,3403,2025-02-07,2025-02-17,0.0144454990892999,2025,2024-12-31,learned_order_extension,20260912,0.7098765758367355,0.7098765758367355,1,1
fixed_transform_step100,3408,2025-02-14,2025-02-24,0.0045695818086644,2025,2024-12-31,learned_order_extension,20260912,0.6855283540318028,0.6855283540318028,1,1
fixed_transform_step100,3413,2025-02-21,2025-03-03,-0.0183210488158531,2025,2024-12-31,learned_order_extension,20260912,0.40938066472725215,0.40938066472725215,0,0
fixed_transform_step100,3418,2025-02-28,2025-03-10,0.0117650075646844,2025,2024-12-31,learned_order_extension,20260912,0.6433684681685069,0.6433684681685069,1,1
fixed_transform_step100,3423,2025-03-07,2025-03-17,0.019023819058288,2025,2024-12-31,learned_order_extension,20260912,0.25002023502263354,0.25002023502263354,0,1
fixed_transform_step100,3428,2025-03-14,2025-03-24,-0.0259983485216283,2025,2024-12-31,learned_order_extension,20260912,0.7238176657049011,0.7238176657049011,1,0
fixed_transform_step100,3433,2025-03-21,2025-03-31,-0.0025867506275359,2025,2024-12-31,learned_order_extension,20260912,0.5988742871040955,0.5988742871040955,1,0
fixed_transform_step100,3438,2025-03-28,2025-04-14,-0.0342910101946246,2025,2024-12-31,learned_order_extension,20260912,0.6204095542696454,0.6204095542696454,1,0
fixed_transform_step100,3384,2025-01-03,2025-01-13,-0.0189486730632231,2025,2024-12-31,learned_order_offset,20260912,0.4326309825835323,0.4326309825835323,0,0
fixed_transform_step100,3389,2025-01-10,2025-01-20,0.0353251773547418,2025,2024-12-31,learned_order_offset,20260912,0.7155096866522207,0.7155096866522207,1,1
fixed_transform_step100,3394,2025-01-17,2025-01-27,0.000432821422053,2025,2024-12-31,learned_order_offset,20260912,0.6172483281551261,0.6172483281551261,1,1
fixed_transform_step100,3399,2025-01-24,2025-02-10,0.0159344898044284,2025,2024-12-31,learned_order_offset,20260912,0.7808632543831274,0.7808632543831274,1,1
fixed_transform_step100,3403,2025-02-07,2025-02-17,0.0144454990892999,2025,2024-12-31,learned_order_offset,20260912,0.7081726942730068,0.7081726942730068,1,1
fixed_transform_step100,3408,2025-02-14,2025-02-24,0.0045695818086644,2025,2024-12-31,learned_order_offset,20260912,0.6832841057647039,0.6832841057647039,1,1
fixed_transform_step100,3413,2025-02-21,2025-03-03,-0.0183210488158531,2025,2024-12-31,learned_order_offset,20260912,0.4117646835265383,0.4117646835265383,0,0
fixed_transform_step100,3418,2025-02-28,2025-03-10,0.0117650075646844,2025,2024-12-31,learned_order_offset,20260912,0.6412881777301309,0.6412881777301309,1,1
fixed_transform_step100,3423,2025-03-07,2025-03-17,0.019023819058288,2025,2024-12-31,learned_order_offset,20260912,0.25180315037211576,0.25180315037211576,0,1
fixed_transform_step100,3428,2025-03-14,2025-03-24,-0.0259983485216283,2025,2024-12-31,learned_order_offset,20260912,0.7172777696525664,0.7172777696525664,1,0
fixed_transform_step100,3433,2025-03-21,2025-03-31,-0.0025867506275359,2025,2024-12-31,learned_order_offset,20260912,0.5938462138293957,0.5938462138293957,1,0
fixed_transform_step100,3438,2025-03-28,2025-04-14,-0.0342910101946246,2025,2024-12-31,learned_order_offset,20260912,0.6157709090258536,0.6157709090258536,1,0
fixed_transform_step100,3447,2025-04-11,2025-04-21,-0.0010339232881941,2025,2025-03-31,learned_market,20260910,0.48799246269160695,0.48799246269160695,0,0
fixed_transform_step100,3452,2025-04-18,2025-04-28,0.0048432383085554,2025,2025-03-31,learned_market,20260910,0.7556087976199206,0.7556087976199206,1,1
fixed_transform_step100,3457,2025-04-25,2025-05-12,0.02116527880118,2025,2025-03-31,learned_market,20260910,0.4042276969732409,0.4042276969732409,0,1
fixed_transform_step100,3464,2025-05-09,2025-05-19,0.0041484224873464,2025,2025-03-31,learned_market,20260910,0.4161440698081418,0.4161440698081418,0,1
fixed_transform_step100,3469,2025-05-16,2025-05-26,-0.0017462660042188,2025,2025-03-31,learned_market,20260910,0.3445821374641893,0.3445821374641893,0,0
fixed_transform_step100,3474,2025-05-23,2025-06-03,-0.0109216443615366,2025,2025-03-31,learned_market,20260910,0.42402978869261576,0.42402978869261576,0,0
fixed_transform_step100,3479,2025-05-30,2025-06-09,0.011566574321892,2025,2025-03-31,learned_market,20260910,0.3520506795178423,0.3520506795178423,0,1
fixed_transform_step100,3483,2025-06-06,2025-06-16,-0.0062354943524679,2025,2025-03-31,learned_market,20260910,0.4202865115164795,0.4202865115164795,0,0
fixed_transform_step100,3488,2025-06-13,2025-06-23,-0.005825691168304,2025,2025-03-31,learned_market,20260910,0.4529226683094674,0.4529226683094674,0,0
fixed_transform_step100,3493,2025-06-20,2025-06-30,0.0232670437490374,2025,2025-03-31,learned_market,20260910,0.4143810821110198,0.4143810821110198,0,1
fixed_transform_step100,3498,2025-06-27,2025-07-07,0.0145345648685946,2025,2025-03-31,learned_market,20260910,0.40699890031974933,0.40699890031974933,0,1
fixed_transform_step100,3447,2025-04-11,2025-04-21,-0.0010339232881941,2025,2025-03-31,learned_vol_interaction,20260910,0.5205070669690427,0.5205070669690427,1,0
fixed_transform_step100,3452,2025-04-18,2025-04-28,0.0048432383085554,2025,2025-03-31,learned_vol_interaction,20260910,0.6216028991235103,0.6216028991235103,1,1
fixed_transform_step100,3457,2025-04-25,2025-05-12,0.02116527880118,2025,2025-03-31,learned_vol_interaction,20260910,0.4590593796837009,0.4590593796837009,0,1
fixed_transform_step100,3464,2025-05-09,2025-05-19,0.0041484224873464,2025,2025-03-31,learned_vol_interaction,20260910,0.38626310869919256,0.38626310869919256,0,1
fixed_transform_step100,3469,2025-05-16,2025-05-26,-0.0017462660042188,2025,2025-03-31,learned_vol_interaction,20260910,0.3175648592106082,0.3175648592106082,0,0
fixed_transform_step100,3474,2025-05-23,2025-06-03,-0.0109216443615366,2025,2025-03-31,learned_vol_interaction,20260910,0.4282580821910704,0.4282580821910704,0,0
fixed_transform_step100,3479,2025-05-30,2025-06-09,0.011566574321892,2025,2025-03-31,learned_vol_interaction,20260910,0.3506172466834306,0.3506172466834306,0,1
fixed_transform_step100,3483,2025-06-06,2025-06-16,-0.0062354943524679,2025,2025-03-31,learned_vol_interaction,20260910,0.41499611123438945,0.41499611123438945,0,0
fixed_transform_step100,3488,2025-06-13,2025-06-23,-0.005825691168304,2025,2025-03-31,learned_vol_interaction,20260910,0.4423227843524417,0.4423227843524417,0,0
fixed_transform_step100,3493,2025-06-20,2025-06-30,0.0232670437490374,2025,2025-03-31,learned_vol_interaction,20260910,0.4228848445951115,0.4228848445951115,0,1
fixed_transform_step100,3498,2025-06-27,2025-07-07,0.0145345648685946,2025,2025-03-31,learned_vol_interaction,20260910,0.4141538786258491,0.4141538786258491,0,1
fixed_transform_step100,3447,2025-04-11,2025-04-21,-0.0010339232881941,2025,2025-03-31,learned_order_extension,20260910,0.522383855595949,0.522383855595949,1,0
fixed_transform_step100,3452,2025-04-18,2025-04-28,0.0048432383085554,2025,2025-03-31,learned_order_extension,20260910,0.6816828721316025,0.6816828721316025,1,1
fixed_transform_step100,3457,2025-04-25,2025-05-12,0.02116527880118,2025,2025-03-31,learned_order_extension,20260910,0.45156844871372764,0.45156844871372764,0,1
fixed_transform_step100,3464,2025-05-09,2025-05-19,0.0041484224873464,2025,2025-03-31,learned_order_extension,20260910,0.3747863577948099,0.3747863577948099,0,1
fixed_transform_step100,3469,2025-05-16,2025-05-26,-0.0017462660042188,2025,2025-03-31,learned_order_extension,20260910,0.3170577182653861,0.3170577182653861,0,0
fixed_transform_step100,3474,2025-05-23,2025-06-03,-0.0109216443615366,2025,2025-03-31,learned_order_extension,20260910,0.4340819652526583,0.4340819652526583,0,0
fixed_transform_step100,3479,2025-05-30,2025-06-09,0.011566574321892,2025,2025-03-31,learned_order_extension,20260910,0.3732787173527533,0.3732787173527533,0,1
fixed_transform_step100,3483,2025-06-06,2025-06-16,-0.0062354943524679,2025,2025-03-31,learned_order_extension,20260910,0.4287428333238407,0.4287428333238407,0,0
fixed_transform_step100,3488,2025-06-13,2025-06-23,-0.005825691168304,2025,2025-03-31,learned_order_extension,20260910,0.44889838143145044,0.44889838143145044,0,0
fixed_transform_step100,3493,2025-06-20,2025-06-30,0.0232670437490374,2025,2025-03-31,learned_order_extension,20260910,0.43493023176638007,0.43493023176638007,0,1
fixed_transform_step100,3498,2025-06-27,2025-07-07,0.0145345648685946,2025,2025-03-31,learned_order_extension,20260910,0.43137555700672964,0.43137555700672964,0,1
fixed_transform_step100,3447,2025-04-11,2025-04-21,-0.0010339232881941,2025,2025-03-31,learned_order_offset,20260910,0.5257035519656352,0.5257035519656352,1,0
fixed_transform_step100,3452,2025-04-18,2025-04-28,0.0048432383085554,2025,2025-03-31,learned_order_offset,20260910,0.6817200062018945,0.6817200062018945,1,1
fixed_transform_step100,3457,2025-04-25,2025-05-12,0.02116527880118,2025,2025-03-31,learned_order_offset,20260910,0.45187613648226066,0.45187613648226066,0,1
fixed_transform_step100,3464,2025-05-09,2025-05-19,0.0041484224873464,2025,2025-03-31,learned_order_offset,20260910,0.37550955906799693,0.37550955906799693,0,1
fixed_transform_step100,3469,2025-05-16,2025-05-26,-0.0017462660042188,2025,2025-03-31,learned_order_offset,20260910,0.3162020310017489,0.3162020310017489,0,0
fixed_transform_step100,3474,2025-05-23,2025-06-03,-0.0109216443615366,2025,2025-03-31,learned_order_offset,20260910,0.4337158216572913,0.4337158216572913,0,0
fixed_transform_step100,3479,2025-05-30,2025-06-09,0.011566574321892,2025,2025-03-31,learned_order_offset,20260910,0.37328626677157306,0.37328626677157306,0,1
fixed_transform_step100,3483,2025-06-06,2025-06-16,-0.0062354943524679,2025,2025-03-31,learned_order_offset,20260910,0.429818243197131,0.429818243197131,0,0
fixed_transform_step100,3488,2025-06-13,2025-06-23,-0.005825691168304,2025,2025-03-31,learned_order_offset,20260910,0.45163332655068494,0.45163332655068494,0,0
fixed_transform_step100,3493,2025-06-20,2025-06-30,0.0232670437490374,2025,2025-03-31,learned_order_offset,20260910,0.4347710993271614,0.4347710993271614,0,1
fixed_transform_step100,3498,2025-06-27,2025-07-07,0.0145345648685946,2025,2025-03-31,learned_order_offset,20260910,0.433782534619457,0.433782534619457,0,1
fixed_transform_step100,3447,2025-04-11,2025-04-21,-0.0010339232881941,2025,2025-03-31,learned_market,20260911,0.49806861445668066,0.49806861445668066,0,0
fixed_transform_step100,3452,2025-04-18,2025-04-28,0.0048432383085554,2025,2025-03-31,learned_market,20260911,0.4962851315323467,0.4962851315323467,0,1
fixed_transform_step100,3457,2025-04-25,2025-05-12,0.02116527880118,2025,2025-03-31,learned_market,20260911,0.3631713728334997,0.3631713728334997,0,1
fixed_transform_step100,3464,2025-05-09,2025-05-19,0.0041484224873464,2025,2025-03-31,learned_market,20260911,0.394579480483782,0.394579480483782,0,1
fixed_transform_step100,3469,2025-05-16,2025-05-26,-0.0017462660042188,2025,2025-03-31,learned_market,20260911,0.18591446818747184,0.18591446818747184,0,0
fixed_transform_step100,3474,2025-05-23,2025-06-03,-0.0109216443615366,2025,2025-03-31,learned_market,20260911,0.3534926568261598,0.3534926568261598,0,0
fixed_transform_step100,3479,2025-05-30,2025-06-09,0.011566574321892,2025,2025-03-31,learned_market,20260911,0.274019572914362,0.274019572914362,0,1
fixed_transform_step100,3483,2025-06-06,2025-06-16,-0.0062354943524679,2025,2025-03-31,learned_market,20260911,0.5363807425986231,0.5363807425986231,1,0
fixed_transform_step100,3488,2025-06-13,2025-06-23,-0.005825691168304,2025,2025-03-31,learned_market,20260911,0.4431713385081783,0.4431713385081783,0,0
fixed_transform_step100,3493,2025-06-20,2025-06-30,0.0232670437490374,2025,2025-03-31,learned_market,20260911,0.4983905199314732,0.4983905199314732,0,1
fixed_transform_step100,3498,2025-06-27,2025-07-07,0.0145345648685946,2025,2025-03-31,learned_market,20260911,0.546585390011316,0.546585390011316,1,1
fixed_transform_step100,3447,2025-04-11,2025-04-21,-0.0010339232881941,2025,2025-03-31,learned_vol_interaction,20260911,0.4677962027073981,0.4677962027073981,0,0
fixed_transform_step100,3452,2025-04-18,2025-04-28,0.0048432383085554,2025,2025-03-31,learned_vol_interaction,20260911,0.4741007660206657,0.4741007660206657,0,1
fixed_transform_step100,3457,2025-04-25,2025-05-12,0.02116527880118,2025,2025-03-31,learned_vol_interaction,20260911,0.3612814111644715,0.3612814111644715,0,1
fixed_transform_step100,3464,2025-05-09,2025-05-19,0.0041484224873464,2025,2025-03-31,learned_vol_interaction,20260911,0.39538653029316784,0.39538653029316784,0,1
fixed_transform_step100,3469,2025-05-16,2025-05-26,-0.0017462660042188,2025,2025-03-31,learned_vol_interaction,20260911,0.16683392552030557,0.16683392552030557,0,0
fixed_transform_step100,3474,2025-05-23,2025-06-03,-0.0109216443615366,2025,2025-03-31,learned_vol_interaction,20260911,0.3539997875093241,0.3539997875093241,0,0
fixed_transform_step100,3479,2025-05-30,2025-06-09,0.011566574321892,2025,2025-03-31,learned_vol_interaction,20260911,0.2625211399762777,0.2625211399762777,0,1
fixed_transform_step100,3483,2025-06-06,2025-06-16,-0.0062354943524679,2025,2025-03-31,learned_vol_interaction,20260911,0.5552291618795884,0.5552291618795884,1,0
fixed_transform_step100,3488,2025-06-13,2025-06-23,-0.005825691168304,2025,2025-03-31,learned_vol_interaction,20260911,0.45947744118949724,0.45947744118949724,0,0
fixed_transform_step100,3493,2025-06-20,2025-06-30,0.0232670437490374,2025,2025-03-31,learned_vol_interaction,20260911,0.5223523624665888,0.5223523624665888,1,1
fixed_transform_step100,3498,2025-06-27,2025-07-07,0.0145345648685946,2025,2025-03-31,learned_vol_interaction,20260911,0.5645418184153024,0.5645418184153024,1,1
fixed_transform_step100,3447,2025-04-11,2025-04-21,-0.0010339232881941,2025,2025-03-31,learned_order_extension,20260911,0.46477270215334465,0.46477270215334465,0,0
fixed_transform_step100,3452,2025-04-18,2025-04-28,0.0048432383085554,2025,2025-03-31,learned_order_extension,20260911,0.4782340476047977,0.4782340476047977,0,1
fixed_transform_step100,3457,2025-04-25,2025-05-12,0.02116527880118,2025,2025-03-31,learned_order_extension,20260911,0.36612785978609047,0.36612785978609047,0,1
fixed_transform_step100,3464,2025-05-09,2025-05-19,0.0041484224873464,2025,2025-03-31,learned_order_extension,20260911,0.3949094524021813,0.3949094524021813,0,1
fixed_transform_step100,3469,2025-05-16,2025-05-26,-0.0017462660042188,2025,2025-03-31,learned_order_extension,20260911,0.1703137237259777,0.1703137237259777,0,0
fixed_transform_step100,3474,2025-05-23,2025-06-03,-0.0109216443615366,2025,2025-03-31,learned_order_extension,20260911,0.3467579654263342,0.3467579654263342,0,0
fixed_transform_step100,3479,2025-05-30,2025-06-09,0.011566574321892,2025,2025-03-31,learned_order_extension,20260911,0.25683978104040084,0.25683978104040084,0,1
fixed_transform_step100,3483,2025-06-06,2025-06-16,-0.0062354943524679,2025,2025-03-31,learned_order_extension,20260911,0.5559484708233936,0.5559484708233936,1,0
fixed_transform_step100,3488,2025-06-13,2025-06-23,-0.005825691168304,2025,2025-03-31,learned_order_extension,20260911,0.4525340900092328,0.4525340900092328,0,0
fixed_transform_step100,3493,2025-06-20,2025-06-30,0.0232670437490374,2025,2025-03-31,learned_order_extension,20260911,0.5187254426360146,0.5187254426360146,1,1
fixed_transform_step100,3498,2025-06-27,2025-07-07,0.0145345648685946,2025,2025-03-31,learned_order_extension,20260911,0.5668738876577586,0.5668738876577586,1,1
fixed_transform_step100,3447,2025-04-11,2025-04-21,-0.0010339232881941,2025,2025-03-31,learned_order_offset,20260911,0.4633412199349743,0.4633412199349743,0,0
fixed_transform_step100,3452,2025-04-18,2025-04-28,0.0048432383085554,2025,2025-03-31,learned_order_offset,20260911,0.4768612238554473,0.4768612238554473,0,1
fixed_transform_step100,3457,2025-04-25,2025-05-12,0.02116527880118,2025,2025-03-31,learned_order_offset,20260911,0.3653213785952691,0.3653213785952691,0,1
fixed_transform_step100,3464,2025-05-09,2025-05-19,0.0041484224873464,2025,2025-03-31,learned_order_offset,20260911,0.39389173927882,0.39389173927882,0,1
fixed_transform_step100,3469,2025-05-16,2025-05-26,-0.0017462660042188,2025,2025-03-31,learned_order_offset,20260911,0.17029892470463476,0.17029892470463476,0,0
fixed_transform_step100,3474,2025-05-23,2025-06-03,-0.0109216443615366,2025,2025-03-31,learned_order_offset,20260911,0.34679610370240016,0.34679610370240016,0,0
fixed_transform_step100,3479,2025-05-30,2025-06-09,0.011566574321892,2025,2025-03-31,learned_order_offset,20260911,0.25694685383645127,0.25694685383645127,0,1
fixed_transform_step100,3483,2025-06-06,2025-06-16,-0.0062354943524679,2025,2025-03-31,learned_order_offset,20260911,0.5561172131740472,0.5561172131740472,1,0
fixed_transform_step100,3488,2025-06-13,2025-06-23,-0.005825691168304,2025,2025-03-31,learned_order_offset,20260911,0.452285268090644,0.452285268090644,0,0
fixed_transform_step100,3493,2025-06-20,2025-06-30,0.0232670437490374,2025,2025-03-31,learned_order_offset,20260911,0.5185869104378074,0.5185869104378074,1,1
fixed_transform_step100,3498,2025-06-27,2025-07-07,0.0145345648685946,2025,2025-03-31,learned_order_offset,20260911,0.5658050492836255,0.5658050492836255,1,1
fixed_transform_step100,3447,2025-04-11,2025-04-21,-0.0010339232881941,2025,2025-03-31,learned_market,20260912,0.4519838140074837,0.4519838140074837,0,0
fixed_transform_step100,3452,2025-04-18,2025-04-28,0.0048432383085554,2025,2025-03-31,learned_market,20260912,0.6271395752094169,0.6271395752094169,1,1
fixed_transform_step100,3457,2025-04-25,2025-05-12,0.02116527880118,2025,2025-03-31,learned_market,20260912,0.4464380725393994,0.4464380725393994,0,1
fixed_transform_step100,3464,2025-05-09,2025-05-19,0.0041484224873464,2025,2025-03-31,learned_market,20260912,0.25996867968995446,0.25996867968995446,0,1
fixed_transform_step100,3469,2025-05-16,2025-05-26,-0.0017462660042188,2025,2025-03-31,learned_market,20260912,0.3253033973758545,0.3253033973758545,0,0
fixed_transform_step100,3474,2025-05-23,2025-06-03,-0.0109216443615366,2025,2025-03-31,learned_market,20260912,0.19750552848880054,0.19750552848880054,0,0
fixed_transform_step100,3479,2025-05-30,2025-06-09,0.011566574321892,2025,2025-03-31,learned_market,20260912,0.1496290194182228,0.1496290194182228,0,1
fixed_transform_step100,3483,2025-06-06,2025-06-16,-0.0062354943524679,2025,2025-03-31,learned_market,20260912,0.4118187840636028,0.4118187840636028,0,0
fixed_transform_step100,3488,2025-06-13,2025-06-23,-0.005825691168304,2025,2025-03-31,learned_market,20260912,0.2923002021089025,0.2923002021089025,0,0
fixed_transform_step100,3493,2025-06-20,2025-06-30,0.0232670437490374,2025,2025-03-31,learned_market,20260912,0.416455792407712,0.416455792407712,0,1
fixed_transform_step100,3498,2025-06-27,2025-07-07,0.0145345648685946,2025,2025-03-31,learned_market,20260912,0.5177004114208896,0.5177004114208896,1,1
fixed_transform_step100,3447,2025-04-11,2025-04-21,-0.0010339232881941,2025,2025-03-31,learned_vol_interaction,20260912,0.44311991590104877,0.44311991590104877,0,0
fixed_transform_step100,3452,2025-04-18,2025-04-28,0.0048432383085554,2025,2025-03-31,learned_vol_interaction,20260912,0.6056146588523508,0.6056146588523508,1,1
fixed_transform_step100,3457,2025-04-25,2025-05-12,0.02116527880118,2025,2025-03-31,learned_vol_interaction,20260912,0.44836835202683195,0.44836835202683195,0,1
fixed_transform_step100,3464,2025-05-09,2025-05-19,0.0041484224873464,2025,2025-03-31,learned_vol_interaction,20260912,0.24867834958816276,0.24867834958816276,0,1
fixed_transform_step100,3469,2025-05-16,2025-05-26,-0.0017462660042188,2025,2025-03-31,learned_vol_interaction,20260912,0.3188240035411905,0.3188240035411905,0,0
fixed_transform_step100,3474,2025-05-23,2025-06-03,-0.0109216443615366,2025,2025-03-31,learned_vol_interaction,20260912,0.18869996182684698,0.18869996182684698,0,0
fixed_transform_step100,3479,2025-05-30,2025-06-09,0.011566574321892,2025,2025-03-31,learned_vol_interaction,20260912,0.14086157149062226,0.14086157149062226,0,1
fixed_transform_step100,3483,2025-06-06,2025-06-16,-0.0062354943524679,2025,2025-03-31,learned_vol_interaction,20260912,0.41236639535919717,0.41236639535919717,0,0
fixed_transform_step100,3488,2025-06-13,2025-06-23,-0.005825691168304,2025,2025-03-31,learned_vol_interaction,20260912,0.28618935218172165,0.28618935218172165,0,0
fixed_transform_step100,3493,2025-06-20,2025-06-30,0.0232670437490374,2025,2025-03-31,learned_vol_interaction,20260912,0.4173063729401145,0.4173063729401145,0,1
fixed_transform_step100,3498,2025-06-27,2025-07-07,0.0145345648685946,2025,2025-03-31,learned_vol_interaction,20260912,0.5188278879818741,0.5188278879818741,1,1
fixed_transform_step100,3447,2025-04-11,2025-04-21,-0.0010339232881941,2025,2025-03-31,learned_order_extension,20260912,0.44091647600419764,0.44091647600419764,0,0
fixed_transform_step100,3452,2025-04-18,2025-04-28,0.0048432383085554,2025,2025-03-31,learned_order_extension,20260912,0.6326125948643756,0.6326125948643756,1,1
fixed_transform_step100,3457,2025-04-25,2025-05-12,0.02116527880118,2025,2025-03-31,learned_order_extension,20260912,0.43633912495227756,0.43633912495227756,0,1
fixed_transform_step100,3464,2025-05-09,2025-05-19,0.0041484224873464,2025,2025-03-31,learned_order_extension,20260912,0.24729515282831427,0.24729515282831427,0,1
fixed_transform_step100,3469,2025-05-16,2025-05-26,-0.0017462660042188,2025,2025-03-31,learned_order_extension,20260912,0.3364970411941204,0.3364970411941204,0,0
fixed_transform_step100,3474,2025-05-23,2025-06-03,-0.0109216443615366,2025,2025-03-31,learned_order_extension,20260912,0.2186007832233763,0.2186007832233763,0,0
fixed_transform_step100,3479,2025-05-30,2025-06-09,0.011566574321892,2025,2025-03-31,learned_order_extension,20260912,0.18713018130302406,0.18713018130302406,0,1
fixed_transform_step100,3483,2025-06-06,2025-06-16,-0.0062354943524679,2025,2025-03-31,learned_order_extension,20260912,0.439352220306373,0.439352220306373,0,0
fixed_transform_step100,3488,2025-06-13,2025-06-23,-0.005825691168304,2025,2025-03-31,learned_order_extension,20260912,0.2977848515186341,0.2977848515186341,0,0
fixed_transform_step100,3493,2025-06-20,2025-06-30,0.0232670437490374,2025,2025-03-31,learned_order_extension,20260912,0.4351676518536553,0.4351676518536553,0,1
fixed_transform_step100,3498,2025-06-27,2025-07-07,0.0145345648685946,2025,2025-03-31,learned_order_extension,20260912,0.5017195632934383,0.5017195632934383,1,1
fixed_transform_step100,3447,2025-04-11,2025-04-21,-0.0010339232881941,2025,2025-03-31,learned_order_offset,20260912,0.4375238088343728,0.4375238088343728,0,0
fixed_transform_step100,3452,2025-04-18,2025-04-28,0.0048432383085554,2025,2025-03-31,learned_order_offset,20260912,0.6307459084211634,0.6307459084211634,1,1
fixed_transform_step100,3457,2025-04-25,2025-05-12,0.02116527880118,2025,2025-03-31,learned_order_offset,20260912,0.4403682570569319,0.4403682570569319,0,1
fixed_transform_step100,3464,2025-05-09,2025-05-19,0.0041484224873464,2025,2025-03-31,learned_order_offset,20260912,0.24878383620817873,0.24878383620817873,0,1
fixed_transform_step100,3469,2025-05-16,2025-05-26,-0.0017462660042188,2025,2025-03-31,learned_order_offset,20260912,0.3390508173229162,0.3390508173229162,0,0
fixed_transform_step100,3474,2025-05-23,2025-06-03,-0.0109216443615366,2025,2025-03-31,learned_order_offset,20260912,0.22073799597053778,0.22073799597053778,0,0
fixed_transform_step100,3479,2025-05-30,2025-06-09,0.011566574321892,2025,2025-03-31,learned_order_offset,20260912,0.18977210915462422,0.18977210915462422,0,1
fixed_transform_step100,3483,2025-06-06,2025-06-16,-0.0062354943524679,2025,2025-03-31,learned_order_offset,20260912,0.44701169954007103,0.44701169954007103,0,0
fixed_transform_step100,3488,2025-06-13,2025-06-23,-0.005825691168304,2025,2025-03-31,learned_order_offset,20260912,0.30138375971633463,0.30138375971633463,0,0
fixed_transform_step100,3493,2025-06-20,2025-06-30,0.0232670437490374,2025,2025-03-31,learned_order_offset,20260912,0.43882760279865013,0.43882760279865013,0,1
fixed_transform_step100,3498,2025-06-27,2025-07-07,0.0145345648685946,2025,2025-03-31,learned_order_offset,20260912,0.508321760638483,0.508321760638483,1,1
fixed_transform_step100,3503,2025-07-04,2025-07-14,0.0110426949002964,2025,2025-06-30,learned_market,20260910,0.6055925015497376,0.6055925015497376,1,1
fixed_transform_step100,3508,2025-07-11,2025-07-21,0.0120759671840067,2025,2025-06-30,learned_market,20260910,0.6308014580652156,0.6308014580652156,1,1
fixed_transform_step100,3513,2025-07-18,2025-07-28,0.0143570766898375,2025,2025-06-30,learned_market,20260910,0.40706639232141856,0.40706639232141856,0,1
fixed_transform_step100,3518,2025-07-25,2025-08-04,-0.0218642507630443,2025,2025-06-30,learned_market,20260910,0.44254708673765786,0.44254708673765786,0,0
fixed_transform_step100,3523,2025-08-01,2025-08-11,0.0179175520190988,2025,2025-06-30,learned_market,20260910,0.46129728121870645,0.46129728121870645,0,1
fixed_transform_step100,3528,2025-08-08,2025-08-18,0.026265786598999,2025,2025-06-30,learned_market,20260910,0.35549524786792996,0.35549524786792996,0,1
fixed_transform_step100,3533,2025-08-15,2025-08-25,0.0469483790671487,2025,2025-06-30,learned_market,20260910,0.3984871668108333,0.3984871668108333,0,1
fixed_transform_step100,3538,2025-08-22,2025-09-01,0.0227770368340847,2025,2025-06-30,learned_market,20260910,0.3993990029426162,0.3993990029426162,0,1
fixed_transform_step100,3543,2025-08-29,2025-09-08,-0.0110053842475337,2025,2025-06-30,learned_market,20260910,0.44482618580879885,0.44482618580879885,0,0
fixed_transform_step100,3548,2025-09-05,2025-09-15,0.0151594857594405,2025,2025-06-30,learned_market,20260910,0.43533808896808407,0.43533808896808407,0,1
fixed_transform_step100,3553,2025-09-12,2025-09-22,-0.0050409160971932,2025,2025-06-30,learned_market,20260910,0.47233466064133894,0.47233466064133894,0,0
fixed_transform_step100,3558,2025-09-19,2025-09-29,0.0095300784790881,2025,2025-06-30,learned_market,20260910,0.48906910028761813,0.48906910028761813,0,1
fixed_transform_step100,3563,2025-09-26,2025-10-13,-0.0140855274279203,2025,2025-06-30,learned_market,20260910,0.49297113948483656,0.49297113948483656,0,0
fixed_transform_step100,3503,2025-07-04,2025-07-14,0.0110426949002964,2025,2025-06-30,learned_vol_interaction,20260910,0.6726515525971941,0.6726515525971941,1,1
fixed_transform_step100,3508,2025-07-11,2025-07-21,0.0120759671840067,2025,2025-06-30,learned_vol_interaction,20260910,0.7081148644549752,0.7081148644549752,1,1
fixed_transform_step100,3513,2025-07-18,2025-07-28,0.0143570766898375,2025,2025-06-30,learned_vol_interaction,20260910,0.40214833077562206,0.40214833077562206,0,1
fixed_transform_step100,3518,2025-07-25,2025-08-04,-0.0218642507630443,2025,2025-06-30,learned_vol_interaction,20260910,0.422833879767649,0.422833879767649,0,0
fixed_transform_step100,3523,2025-08-01,2025-08-11,0.0179175520190988,2025,2025-06-30,learned_vol_interaction,20260910,0.46115337717239124,0.46115337717239124,0,1
fixed_transform_step100,3528,2025-08-08,2025-08-18,0.026265786598999,2025,2025-06-30,learned_vol_interaction,20260910,0.3031008696097812,0.3031008696097812,0,1
fixed_transform_step100,3533,2025-08-15,2025-08-25,0.0469483790671487,2025,2025-06-30,learned_vol_interaction,20260910,0.36576536638661494,0.36576536638661494,0,1
fixed_transform_step100,3538,2025-08-22,2025-09-01,0.0227770368340847,2025,2025-06-30,learned_vol_interaction,20260910,0.37570186167163616,0.37570186167163616,0,1
fixed_transform_step100,3543,2025-08-29,2025-09-08,-0.0110053842475337,2025,2025-06-30,learned_vol_interaction,20260910,0.4281765484243768,0.4281765484243768,0,0
fixed_transform_step100,3548,2025-09-05,2025-09-15,0.0151594857594405,2025,2025-06-30,learned_vol_interaction,20260910,0.4339020198371604,0.4339020198371604,0,1
fixed_transform_step100,3553,2025-09-12,2025-09-22,-0.0050409160971932,2025,2025-06-30,learned_vol_interaction,20260910,0.4716106040088326,0.4716106040088326,0,0
fixed_transform_step100,3558,2025-09-19,2025-09-29,0.0095300784790881,2025,2025-06-30,learned_vol_interaction,20260910,0.48626295438006956,0.48626295438006956,0,1
fixed_transform_step100,3563,2025-09-26,2025-10-13,-0.0140855274279203,2025,2025-06-30,learned_vol_interaction,20260910,0.47666636990488204,0.47666636990488204,0,0
fixed_transform_step100,3503,2025-07-04,2025-07-14,0.0110426949002964,2025,2025-06-30,learned_order_extension,20260910,0.6094531211793766,0.6094531211793766,1,1
fixed_transform_step100,3508,2025-07-11,2025-07-21,0.0120759671840067,2025,2025-06-30,learned_order_extension,20260910,0.7331673633110737,0.7331673633110737,1,1
fixed_transform_step100,3513,2025-07-18,2025-07-28,0.0143570766898375,2025,2025-06-30,learned_order_extension,20260910,0.3964884258123642,0.3964884258123642,0,1
fixed_transform_step100,3518,2025-07-25,2025-08-04,-0.0218642507630443,2025,2025-06-30,learned_order_extension,20260910,0.40442657533630727,0.40442657533630727,0,0
fixed_transform_step100,3523,2025-08-01,2025-08-11,0.0179175520190988,2025,2025-06-30,learned_order_extension,20260910,0.44968553906398984,0.44968553906398984,0,1
fixed_transform_step100,3528,2025-08-08,2025-08-18,0.026265786598999,2025,2025-06-30,learned_order_extension,20260910,0.31559834008523363,0.31559834008523363,0,1
fixed_transform_step100,3533,2025-08-15,2025-08-25,0.0469483790671487,2025,2025-06-30,learned_order_extension,20260910,0.3520674215561945,0.3520674215561945,0,1
fixed_transform_step100,3538,2025-08-22,2025-09-01,0.0227770368340847,2025,2025-06-30,learned_order_extension,20260910,0.35431312923186076,0.35431312923186076,0,1
fixed_transform_step100,3543,2025-08-29,2025-09-08,-0.0110053842475337,2025,2025-06-30,learned_order_extension,20260910,0.4237854455305165,0.4237854455305165,0,0
fixed_transform_step100,3548,2025-09-05,2025-09-15,0.0151594857594405,2025,2025-06-30,learned_order_extension,20260910,0.44124874810116504,0.44124874810116504,0,1
fixed_transform_step100,3553,2025-09-12,2025-09-22,-0.0050409160971932,2025,2025-06-30,learned_order_extension,20260910,0.48473215771296335,0.48473215771296335,0,0
fixed_transform_step100,3558,2025-09-19,2025-09-29,0.0095300784790881,2025,2025-06-30,learned_order_extension,20260910,0.4778039305737432,0.4778039305737432,0,1
fixed_transform_step100,3563,2025-09-26,2025-10-13,-0.0140855274279203,2025,2025-06-30,learned_order_extension,20260910,0.46256342461787675,0.46256342461787675,0,0
fixed_transform_step100,3503,2025-07-04,2025-07-14,0.0110426949002964,2025,2025-06-30,learned_order_offset,20260910,0.611125153468776,0.611125153468776,1,1
fixed_transform_step100,3508,2025-07-11,2025-07-21,0.0120759671840067,2025,2025-06-30,learned_order_offset,20260910,0.7323158529987664,0.7323158529987664,1,1
fixed_transform_step100,3513,2025-07-18,2025-07-28,0.0143570766898375,2025,2025-06-30,learned_order_offset,20260910,0.3938563151323327,0.3938563151323327,0,1
fixed_transform_step100,3518,2025-07-25,2025-08-04,-0.0218642507630443,2025,2025-06-30,learned_order_offset,20260910,0.4092591236030692,0.4092591236030692,0,0
fixed_transform_step100,3523,2025-08-01,2025-08-11,0.0179175520190988,2025,2025-06-30,learned_order_offset,20260910,0.4492972389385385,0.4492972389385385,0,1
fixed_transform_step100,3528,2025-08-08,2025-08-18,0.026265786598999,2025,2025-06-30,learned_order_offset,20260910,0.32092656479773424,0.32092656479773424,0,1
fixed_transform_step100,3533,2025-08-15,2025-08-25,0.0469483790671487,2025,2025-06-30,learned_order_offset,20260910,0.35161187003539074,0.35161187003539074,0,1
fixed_transform_step100,3538,2025-08-22,2025-09-01,0.0227770368340847,2025,2025-06-30,learned_order_offset,20260910,0.3545796276688833,0.3545796276688833,0,1
fixed_transform_step100,3543,2025-08-29,2025-09-08,-0.0110053842475337,2025,2025-06-30,learned_order_offset,20260910,0.42186756723752883,0.42186756723752883,0,0
fixed_transform_step100,3548,2025-09-05,2025-09-15,0.0151594857594405,2025,2025-06-30,learned_order_offset,20260910,0.4382531406274964,0.4382531406274964,0,1
fixed_transform_step100,3553,2025-09-12,2025-09-22,-0.0050409160971932,2025,2025-06-30,learned_order_offset,20260910,0.48359893516998514,0.48359893516998514,0,0
fixed_transform_step100,3558,2025-09-19,2025-09-29,0.0095300784790881,2025,2025-06-30,learned_order_offset,20260910,0.47903012327914973,0.47903012327914973,0,1
fixed_transform_step100,3563,2025-09-26,2025-10-13,-0.0140855274279203,2025,2025-06-30,learned_order_offset,20260910,0.4634740108838468,0.4634740108838468,0,0
fixed_transform_step100,3503,2025-07-04,2025-07-14,0.0110426949002964,2025,2025-06-30,learned_market,20260911,0.6448893192624127,0.6448893192624127,1,1
fixed_transform_step100,3508,2025-07-11,2025-07-21,0.0120759671840067,2025,2025-06-30,learned_market,20260911,0.3942996753460303,0.3942996753460303,0,1
fixed_transform_step100,3513,2025-07-18,2025-07-28,0.0143570766898375,2025,2025-06-30,learned_market,20260911,0.42700177233421177,0.42700177233421177,0,1
fixed_transform_step100,3518,2025-07-25,2025-08-04,-0.0218642507630443,2025,2025-06-30,learned_market,20260911,0.3484713038477043,0.3484713038477043,0,0
fixed_transform_step100,3523,2025-08-01,2025-08-11,0.0179175520190988,2025,2025-06-30,learned_market,20260911,0.3290444582446656,0.3290444582446656,0,1
fixed_transform_step100,3528,2025-08-08,2025-08-18,0.026265786598999,2025,2025-06-30,learned_market,20260911,0.2201610971469201,0.2201610971469201,0,1
fixed_transform_step100,3533,2025-08-15,2025-08-25,0.0469483790671487,2025,2025-06-30,learned_market,20260911,0.4032031498341209,0.4032031498341209,0,1
fixed_transform_step100,3538,2025-08-22,2025-09-01,0.0227770368340847,2025,2025-06-30,learned_market,20260911,0.2812874561433644,0.2812874561433644,0,1
fixed_transform_step100,3543,2025-08-29,2025-09-08,-0.0110053842475337,2025,2025-06-30,learned_market,20260911,0.37242108125870116,0.37242108125870116,0,0
fixed_transform_step100,3548,2025-09-05,2025-09-15,0.0151594857594405,2025,2025-06-30,learned_market,20260911,0.3543163836893272,0.3543163836893272,0,1
fixed_transform_step100,3553,2025-09-12,2025-09-22,-0.0050409160971932,2025,2025-06-30,learned_market,20260911,0.4844481572626174,0.4844481572626174,0,0
fixed_transform_step100,3558,2025-09-19,2025-09-29,0.0095300784790881,2025,2025-06-30,learned_market,20260911,0.366950591397618,0.366950591397618,0,1
fixed_transform_step100,3563,2025-09-26,2025-10-13,-0.0140855274279203,2025,2025-06-30,learned_market,20260911,0.3860841014878191,0.3860841014878191,0,0
fixed_transform_step100,3503,2025-07-04,2025-07-14,0.0110426949002964,2025,2025-06-30,learned_vol_interaction,20260911,0.6704746007692424,0.6704746007692424,1,1
fixed_transform_step100,3508,2025-07-11,2025-07-21,0.0120759671840067,2025,2025-06-30,learned_vol_interaction,20260911,0.39839096991306816,0.39839096991306816,0,1
fixed_transform_step100,3513,2025-07-18,2025-07-28,0.0143570766898375,2025,2025-06-30,learned_vol_interaction,20260911,0.43324243521305394,0.43324243521305394,0,1
fixed_transform_step100,3518,2025-07-25,2025-08-04,-0.0218642507630443,2025,2025-06-30,learned_vol_interaction,20260911,0.33637819057165436,0.33637819057165436,0,0
fixed_transform_step100,3523,2025-08-01,2025-08-11,0.0179175520190988,2025,2025-06-30,learned_vol_interaction,20260911,0.3160773998075835,0.3160773998075835,0,1
fixed_transform_step100,3528,2025-08-08,2025-08-18,0.026265786598999,2025,2025-06-30,learned_vol_interaction,20260911,0.20510436014419156,0.20510436014419156,0,1
fixed_transform_step100,3533,2025-08-15,2025-08-25,0.0469483790671487,2025,2025-06-30,learned_vol_interaction,20260911,0.3967036953296056,0.3967036953296056,0,1
fixed_transform_step100,3538,2025-08-22,2025-09-01,0.0227770368340847,2025,2025-06-30,learned_vol_interaction,20260911,0.26062508215036156,0.26062508215036156,0,1
fixed_transform_step100,3543,2025-08-29,2025-09-08,-0.0110053842475337,2025,2025-06-30,learned_vol_interaction,20260911,0.3526579566263237,0.3526579566263237,0,0
fixed_transform_step100,3548,2025-09-05,2025-09-15,0.0151594857594405,2025,2025-06-30,learned_vol_interaction,20260911,0.34207561224645155,0.34207561224645155,0,1
fixed_transform_step100,3553,2025-09-12,2025-09-22,-0.0050409160971932,2025,2025-06-30,learned_vol_interaction,20260911,0.4659349808936788,0.4659349808936788,0,0
fixed_transform_step100,3558,2025-09-19,2025-09-29,0.0095300784790881,2025,2025-06-30,learned_vol_interaction,20260911,0.3619556368853789,0.3619556368853789,0,1
fixed_transform_step100,3563,2025-09-26,2025-10-13,-0.0140855274279203,2025,2025-06-30,learned_vol_interaction,20260911,0.37358902294910556,0.37358902294910556,0,0
fixed_transform_step100,3503,2025-07-04,2025-07-14,0.0110426949002964,2025,2025-06-30,learned_order_extension,20260911,0.6838515428112897,0.6838515428112897,1,1
fixed_transform_step100,3508,2025-07-11,2025-07-21,0.0120759671840067,2025,2025-06-30,learned_order_extension,20260911,0.3997151247476062,0.3997151247476062,0,1
fixed_transform_step100,3513,2025-07-18,2025-07-28,0.0143570766898375,2025,2025-06-30,learned_order_extension,20260911,0.43330206693480006,0.43330206693480006,0,1
fixed_transform_step100,3518,2025-07-25,2025-08-04,-0.0218642507630443,2025,2025-06-30,learned_order_extension,20260911,0.3417973218092782,0.3417973218092782,0,0
fixed_transform_step100,3523,2025-08-01,2025-08-11,0.0179175520190988,2025,2025-06-30,learned_order_extension,20260911,0.316085042858383,0.316085042858383,0,1
fixed_transform_step100,3528,2025-08-08,2025-08-18,0.026265786598999,2025,2025-06-30,learned_order_extension,20260911,0.1966197519477182,0.1966197519477182,0,1
fixed_transform_step100,3533,2025-08-15,2025-08-25,0.0469483790671487,2025,2025-06-30,learned_order_extension,20260911,0.3958053884993821,0.3958053884993821,0,1
fixed_transform_step100,3538,2025-08-22,2025-09-01,0.0227770368340847,2025,2025-06-30,learned_order_extension,20260911,0.2736132305759622,0.2736132305759622,0,1
fixed_transform_step100,3543,2025-08-29,2025-09-08,-0.0110053842475337,2025,2025-06-30,learned_order_extension,20260911,0.35139966802213063,0.35139966802213063,0,0
fixed_transform_step100,3548,2025-09-05,2025-09-15,0.0151594857594405,2025,2025-06-30,learned_order_extension,20260911,0.337912809283653,0.337912809283653,0,1
fixed_transform_step100,3553,2025-09-12,2025-09-22,-0.0050409160971932,2025,2025-06-30,learned_order_extension,20260911,0.471412598382265,0.471412598382265,0,0
fixed_transform_step100,3558,2025-09-19,2025-09-29,0.0095300784790881,2025,2025-06-30,learned_order_extension,20260911,0.37401165200788333,0.37401165200788333,0,1
fixed_transform_step100,3563,2025-09-26,2025-10-13,-0.0140855274279203,2025,2025-06-30,learned_order_extension,20260911,0.3821144903935947,0.3821144903935947,0,0
fixed_transform_step100,3503,2025-07-04,2025-07-14,0.0110426949002964,2025,2025-06-30,learned_order_offset,20260911,0.6841553043678656,0.6841553043678656,1,1
fixed_transform_step100,3508,2025-07-11,2025-07-21,0.0120759671840067,2025,2025-06-30,learned_order_offset,20260911,0.3992204371450992,0.3992204371450992,0,1
fixed_transform_step100,3513,2025-07-18,2025-07-28,0.0143570766898375,2025,2025-06-30,learned_order_offset,20260911,0.4337430224156159,0.4337430224156159,0,1
fixed_transform_step100,3518,2025-07-25,2025-08-04,-0.0218642507630443,2025,2025-06-30,learned_order_offset,20260911,0.3395230865389055,0.3395230865389055,0,0
fixed_transform_step100,3523,2025-08-01,2025-08-11,0.0179175520190988,2025,2025-06-30,learned_order_offset,20260911,0.3146267154000138,0.3146267154000138,0,1
fixed_transform_step100,3528,2025-08-08,2025-08-18,0.026265786598999,2025,2025-06-30,learned_order_offset,20260911,0.1971133517329845,0.1971133517329845,0,1
fixed_transform_step100,3533,2025-08-15,2025-08-25,0.0469483790671487,2025,2025-06-30,learned_order_offset,20260911,0.39673824934771873,0.39673824934771873,0,1
fixed_transform_step100,3538,2025-08-22,2025-09-01,0.0227770368340847,2025,2025-06-30,learned_order_offset,20260911,0.27202048886616814,0.27202048886616814,0,1
fixed_transform_step100,3543,2025-08-29,2025-09-08,-0.0110053842475337,2025,2025-06-30,learned_order_offset,20260911,0.3527801974119775,0.3527801974119775,0,0
fixed_transform_step100,3548,2025-09-05,2025-09-15,0.0151594857594405,2025,2025-06-30,learned_order_offset,20260911,0.33795393809710056,0.33795393809710056,0,1
fixed_transform_step100,3553,2025-09-12,2025-09-22,-0.0050409160971932,2025,2025-06-30,learned_order_offset,20260911,0.4715827185580575,0.4715827185580575,0,0
fixed_transform_step100,3558,2025-09-19,2025-09-29,0.0095300784790881,2025,2025-06-30,learned_order_offset,20260911,0.37370732050241307,0.37370732050241307,0,1
fixed_transform_step100,3563,2025-09-26,2025-10-13,-0.0140855274279203,2025,2025-06-30,learned_order_offset,20260911,0.38193783855364005,0.38193783855364005,0,0
fixed_transform_step100,3503,2025-07-04,2025-07-14,0.0110426949002964,2025,2025-06-30,learned_market,20260912,0.37902601176485007,0.37902601176485007,0,1
fixed_transform_step100,3508,2025-07-11,2025-07-21,0.0120759671840067,2025,2025-06-30,learned_market,20260912,0.4880274117105804,0.4880274117105804,0,1
fixed_transform_step100,3513,2025-07-18,2025-07-28,0.0143570766898375,2025,2025-06-30,learned_market,20260912,0.6167953750028861,0.6167953750028861,1,1
fixed_transform_step100,3518,2025-07-25,2025-08-04,-0.0218642507630443,2025,2025-06-30,learned_market,20260912,0.4226899870767178,0.4226899870767178,0,0
fixed_transform_step100,3523,2025-08-01,2025-08-11,0.0179175520190988,2025,2025-06-30,learned_market,20260912,0.5063946829844329,0.5063946829844329,1,1
fixed_transform_step100,3528,2025-08-08,2025-08-18,0.026265786598999,2025,2025-06-30,learned_market,20260912,0.25522828354876914,0.25522828354876914,0,1
fixed_transform_step100,3533,2025-08-15,2025-08-25,0.0469483790671487,2025,2025-06-30,learned_market,20260912,0.388183837493857,0.388183837493857,0,1
fixed_transform_step100,3538,2025-08-22,2025-09-01,0.0227770368340847,2025,2025-06-30,learned_market,20260912,0.3002600910402278,0.3002600910402278,0,1
fixed_transform_step100,3543,2025-08-29,2025-09-08,-0.0110053842475337,2025,2025-06-30,learned_market,20260912,0.580587106336068,0.580587106336068,1,0
fixed_transform_step100,3548,2025-09-05,2025-09-15,0.0151594857594405,2025,2025-06-30,learned_market,20260912,0.3556590569847429,0.3556590569847429,0,1
fixed_transform_step100,3553,2025-09-12,2025-09-22,-0.0050409160971932,2025,2025-06-30,learned_market,20260912,0.5541553594270201,0.5541553594270201,1,0
fixed_transform_step100,3558,2025-09-19,2025-09-29,0.0095300784790881,2025,2025-06-30,learned_market,20260912,0.3224399967259949,0.3224399967259949,0,1
fixed_transform_step100,3563,2025-09-26,2025-10-13,-0.0140855274279203,2025,2025-06-30,learned_market,20260912,0.45722669333468124,0.45722669333468124,0,0
fixed_transform_step100,3503,2025-07-04,2025-07-14,0.0110426949002964,2025,2025-06-30,learned_vol_interaction,20260912,0.37883235619373684,0.37883235619373684,0,1
fixed_transform_step100,3508,2025-07-11,2025-07-21,0.0120759671840067,2025,2025-06-30,learned_vol_interaction,20260912,0.4955244737796007,0.4955244737796007,0,1
fixed_transform_step100,3513,2025-07-18,2025-07-28,0.0143570766898375,2025,2025-06-30,learned_vol_interaction,20260912,0.6305855727961411,0.6305855727961411,1,1
fixed_transform_step100,3518,2025-07-25,2025-08-04,-0.0218642507630443,2025,2025-06-30,learned_vol_interaction,20260912,0.4279463731686993,0.4279463731686993,0,0
fixed_transform_step100,3523,2025-08-01,2025-08-11,0.0179175520190988,2025,2025-06-30,learned_vol_interaction,20260912,0.5138227274536538,0.5138227274536538,1,1
fixed_transform_step100,3528,2025-08-08,2025-08-18,0.026265786598999,2025,2025-06-30,learned_vol_interaction,20260912,0.24712667250097586,0.24712667250097586,0,1
fixed_transform_step100,3533,2025-08-15,2025-08-25,0.0469483790671487,2025,2025-06-30,learned_vol_interaction,20260912,0.38780517032831807,0.38780517032831807,0,1
fixed_transform_step100,3538,2025-08-22,2025-09-01,0.0227770368340847,2025,2025-06-30,learned_vol_interaction,20260912,0.2956977478263348,0.2956977478263348,0,1
fixed_transform_step100,3543,2025-08-29,2025-09-08,-0.0110053842475337,2025,2025-06-30,learned_vol_interaction,20260912,0.5843888571772391,0.5843888571772391,1,0
fixed_transform_step100,3548,2025-09-05,2025-09-15,0.0151594857594405,2025,2025-06-30,learned_vol_interaction,20260912,0.3515469779443062,0.3515469779443062,0,1
fixed_transform_step100,3553,2025-09-12,2025-09-22,-0.0050409160971932,2025,2025-06-30,learned_vol_interaction,20260912,0.5469647693246569,0.5469647693246569,1,0
fixed_transform_step100,3558,2025-09-19,2025-09-29,0.0095300784790881,2025,2025-06-30,learned_vol_interaction,20260912,0.32067794088845836,0.32067794088845836,0,1
fixed_transform_step100,3563,2025-09-26,2025-10-13,-0.0140855274279203,2025,2025-06-30,learned_vol_interaction,20260912,0.45378039256391994,0.45378039256391994,0,0
fixed_transform_step100,3503,2025-07-04,2025-07-14,0.0110426949002964,2025,2025-06-30,learned_order_extension,20260912,0.3822766866202611,0.3822766866202611,0,1
fixed_transform_step100,3508,2025-07-11,2025-07-21,0.0120759671840067,2025,2025-06-30,learned_order_extension,20260912,0.49938054752657884,0.49938054752657884,0,1
fixed_transform_step100,3513,2025-07-18,2025-07-28,0.0143570766898375,2025,2025-06-30,learned_order_extension,20260912,0.6380173329630846,0.6380173329630846,1,1
fixed_transform_step100,3518,2025-07-25,2025-08-04,-0.0218642507630443,2025,2025-06-30,learned_order_extension,20260912,0.3897869572559938,0.3897869572559938,0,0
fixed_transform_step100,3523,2025-08-01,2025-08-11,0.0179175520190988,2025,2025-06-30,learned_order_extension,20260912,0.46554092031006106,0.46554092031006106,0,1
fixed_transform_step100,3528,2025-08-08,2025-08-18,0.026265786598999,2025,2025-06-30,learned_order_extension,20260912,0.2541403991301498,0.2541403991301498,0,1
fixed_transform_step100,3533,2025-08-15,2025-08-25,0.0469483790671487,2025,2025-06-30,learned_order_extension,20260912,0.3896828163623535,0.3896828163623535,0,1
fixed_transform_step100,3538,2025-08-22,2025-09-01,0.0227770368340847,2025,2025-06-30,learned_order_extension,20260912,0.28111330629868897,0.28111330629868897,0,1
fixed_transform_step100,3543,2025-08-29,2025-09-08,-0.0110053842475337,2025,2025-06-30,learned_order_extension,20260912,0.5981352401348625,0.5981352401348625,1,0
fixed_transform_step100,3548,2025-09-05,2025-09-15,0.0151594857594405,2025,2025-06-30,learned_order_extension,20260912,0.3547981460607415,0.3547981460607415,0,1
fixed_transform_step100,3553,2025-09-12,2025-09-22,-0.0050409160971932,2025,2025-06-30,learned_order_extension,20260912,0.5310295561401452,0.5310295561401452,1,0
fixed_transform_step100,3558,2025-09-19,2025-09-29,0.0095300784790881,2025,2025-06-30,learned_order_extension,20260912,0.3003537804778151,0.3003537804778151,0,1
fixed_transform_step100,3563,2025-09-26,2025-10-13,-0.0140855274279203,2025,2025-06-30,learned_order_extension,20260912,0.4496840369591595,0.4496840369591595,0,0
fixed_transform_step100,3503,2025-07-04,2025-07-14,0.0110426949002964,2025,2025-06-30,learned_order_offset,20260912,0.3815256883542674,0.3815256883542674,0,1
fixed_transform_step100,3508,2025-07-11,2025-07-21,0.0120759671840067,2025,2025-06-30,learned_order_offset,20260912,0.5006136201546291,0.5006136201546291,1,1
fixed_transform_step100,3513,2025-07-18,2025-07-28,0.0143570766898375,2025,2025-06-30,learned_order_offset,20260912,0.6331971137121221,0.6331971137121221,1,1
fixed_transform_step100,3518,2025-07-25,2025-08-04,-0.0218642507630443,2025,2025-06-30,learned_order_offset,20260912,0.38380403995983425,0.38380403995983425,0,0
fixed_transform_step100,3523,2025-08-01,2025-08-11,0.0179175520190988,2025,2025-06-30,learned_order_offset,20260912,0.4643029353341802,0.4643029353341802,0,1
fixed_transform_step100,3528,2025-08-08,2025-08-18,0.026265786598999,2025,2025-06-30,learned_order_offset,20260912,0.2522043032610833,0.2522043032610833,0,1
fixed_transform_step100,3533,2025-08-15,2025-08-25,0.0469483790671487,2025,2025-06-30,learned_order_offset,20260912,0.385285169698753,0.385285169698753,0,1
fixed_transform_step100,3538,2025-08-22,2025-09-01,0.0227770368340847,2025,2025-06-30,learned_order_offset,20260912,0.28031926290849724,0.28031926290849724,0,1
fixed_transform_step100,3543,2025-08-29,2025-09-08,-0.0110053842475337,2025,2025-06-30,learned_order_offset,20260912,0.5926095646254506,0.5926095646254506,1,0
fixed_transform_step100,3548,2025-09-05,2025-09-15,0.0151594857594405,2025,2025-06-30,learned_order_offset,20260912,0.35351717569859853,0.35351717569859853,0,1
fixed_transform_step100,3553,2025-09-12,2025-09-22,-0.0050409160971932,2025,2025-06-30,learned_order_offset,20260912,0.5309638010580296,0.5309638010580296,1,0
fixed_transform_step100,3558,2025-09-19,2025-09-29,0.0095300784790881,2025,2025-06-30,learned_order_offset,20260912,0.30210876427426886,0.30210876427426886,0,1
fixed_transform_step100,3563,2025-09-26,2025-10-13,-0.0140855274279203,2025,2025-06-30,learned_order_offset,20260912,0.4527051539896305,0.4527051539896305,0,0
fixed_transform_step100,3567,2025-10-10,2025-10-20,0.015001547584321,2025,2025-09-30,learned_market,20260910,0.4855523714624607,0.4855523714624607,0,1
fixed_transform_step100,3572,2025-10-17,2025-10-27,0.0309637052897611,2025,2025-09-30,learned_market,20260910,0.46136850389659856,0.46136850389659856,0,1
fixed_transform_step100,3577,2025-10-24,2025-11-03,-0.013331545863497,2025,2025-09-30,learned_market,20260910,0.4671457641343124,0.4671457641343124,0,0
fixed_transform_step100,3582,2025-10-31,2025-11-10,0.0110832418536339,2025,2025-09-30,learned_market,20260910,0.480830036636436,0.480830036636436,0,1
fixed_transform_step100,3587,2025-11-07,2025-11-17,-0.0152107881197579,2025,2025-09-30,learned_market,20260910,0.47458224410369404,0.47458224410369404,0,0
fixed_transform_step100,3592,2025-11-14,2025-11-24,-0.031114557454173,2025,2025-09-30,learned_market,20260910,0.4402995560333664,0.4402995560333664,0,0
fixed_transform_step100,3597,2025-11-21,2025-12-01,0.0147613767448515,2025,2025-09-30,learned_market,20260910,0.39226725943305285,0.39226725943305285,0,1
fixed_transform_step100,3602,2025-11-28,2025-12-08,0.0118853804313106,2025,2025-09-30,learned_market,20260910,0.38875201923270075,0.38875201923270075,0,1
fixed_transform_step100,3607,2025-12-05,2025-12-15,-0.0093922675990717,2025,2025-09-30,learned_market,20260910,0.4096512285516526,0.4096512285516526,0,0
fixed_transform_step100,3612,2025-12-12,2025-12-22,0.0082791208791208,2025,2025-09-30,learned_market,20260910,0.41257776288695225,0.41257776288695225,0,1
fixed_transform_step100,3617,2025-12-19,2025-12-29,0.0153890755001995,2025,2025-09-30,learned_market,20260910,0.61414730288656,0.61414730288656,1,1
fixed_transform_step100,3622,2025-12-26,2026-01-12,0.0239101640737868,2025,2025-09-30,learned_market,20260910,0.3817426861500386,0.3817426861500386,0,1
fixed_transform_step100,3567,2025-10-10,2025-10-20,0.015001547584321,2025,2025-09-30,learned_vol_interaction,20260910,0.4882921022763249,0.4882921022763249,0,1
fixed_transform_step100,3572,2025-10-17,2025-10-27,0.0309637052897611,2025,2025-09-30,learned_vol_interaction,20260910,0.4600797464223051,0.4600797464223051,0,1
fixed_transform_step100,3577,2025-10-24,2025-11-03,-0.013331545863497,2025,2025-09-30,learned_vol_interaction,20260910,0.46929045487973364,0.46929045487973364,0,0
fixed_transform_step100,3582,2025-10-31,2025-11-10,0.0110832418536339,2025,2025-09-30,learned_vol_interaction,20260910,0.49361429190753053,0.49361429190753053,0,1
fixed_transform_step100,3587,2025-11-07,2025-11-17,-0.0152107881197579,2025,2025-09-30,learned_vol_interaction,20260910,0.4736391068280681,0.4736391068280681,0,0
fixed_transform_step100,3592,2025-11-14,2025-11-24,-0.031114557454173,2025,2025-09-30,learned_vol_interaction,20260910,0.44448711947314845,0.44448711947314845,0,0
fixed_transform_step100,3597,2025-11-21,2025-12-01,0.0147613767448515,2025,2025-09-30,learned_vol_interaction,20260910,0.4011076190158475,0.4011076190158475,0,1
fixed_transform_step100,3602,2025-11-28,2025-12-08,0.0118853804313106,2025,2025-09-30,learned_vol_interaction,20260910,0.3814803896056526,0.3814803896056526,0,1
fixed_transform_step100,3607,2025-12-05,2025-12-15,-0.0093922675990717,2025,2025-09-30,learned_vol_interaction,20260910,0.4152386341250547,0.4152386341250547,0,0
fixed_transform_step100,3612,2025-12-12,2025-12-22,0.0082791208791208,2025,2025-09-30,learned_vol_interaction,20260910,0.41523564680074937,0.41523564680074937,0,1
fixed_transform_step100,3617,2025-12-19,2025-12-29,0.0153890755001995,2025,2025-09-30,learned_vol_interaction,20260910,0.6251438824304387,0.6251438824304387,1,1
fixed_transform_step100,3622,2025-12-26,2026-01-12,0.0239101640737868,2025,2025-09-30,learned_vol_interaction,20260910,0.3711011150853525,0.3711011150853525,0,1
fixed_transform_step100,3567,2025-10-10,2025-10-20,0.015001547584321,2025,2025-09-30,learned_order_extension,20260910,0.4897145761265524,0.4897145761265524,0,1
fixed_transform_step100,3572,2025-10-17,2025-10-27,0.0309637052897611,2025,2025-09-30,learned_order_extension,20260910,0.4625211831790122,0.4625211831790122,0,1
fixed_transform_step100,3577,2025-10-24,2025-11-03,-0.013331545863497,2025,2025-09-30,learned_order_extension,20260910,0.4666212517202453,0.4666212517202453,0,0
fixed_transform_step100,3582,2025-10-31,2025-11-10,0.0110832418536339,2025,2025-09-30,learned_order_extension,20260910,0.4843734252598615,0.4843734252598615,0,1
fixed_transform_step100,3587,2025-11-07,2025-11-17,-0.0152107881197579,2025,2025-09-30,learned_order_extension,20260910,0.4541344656069699,0.4541344656069699,0,0
fixed_transform_step100,3592,2025-11-14,2025-11-24,-0.031114557454173,2025,2025-09-30,learned_order_extension,20260910,0.42310046223032594,0.42310046223032594,0,0
fixed_transform_step100,3597,2025-11-21,2025-12-01,0.0147613767448515,2025,2025-09-30,learned_order_extension,20260910,0.3844302532117334,0.3844302532117334,0,1
fixed_transform_step100,3602,2025-11-28,2025-12-08,0.0118853804313106,2025,2025-09-30,learned_order_extension,20260910,0.3484693087094346,0.3484693087094346,0,1
fixed_transform_step100,3607,2025-12-05,2025-12-15,-0.0093922675990717,2025,2025-09-30,learned_order_extension,20260910,0.39039977137465387,0.39039977137465387,0,0
fixed_transform_step100,3612,2025-12-12,2025-12-22,0.0082791208791208,2025,2025-09-30,learned_order_extension,20260910,0.4114282914278944,0.4114282914278944,0,1
fixed_transform_step100,3617,2025-12-19,2025-12-29,0.0153890755001995,2025,2025-09-30,learned_order_extension,20260910,0.6646916362892571,0.6646916362892571,1,1
fixed_transform_step100,3622,2025-12-26,2026-01-12,0.0239101640737868,2025,2025-09-30,learned_order_extension,20260910,0.3655614979721352,0.3655614979721352,0,1
fixed_transform_step100,3567,2025-10-10,2025-10-20,0.015001547584321,2025,2025-09-30,learned_order_offset,20260910,0.482349058676796,0.482349058676796,0,1
fixed_transform_step100,3572,2025-10-17,2025-10-27,0.0309637052897611,2025,2025-09-30,learned_order_offset,20260910,0.4553280341219753,0.4553280341219753,0,1
fixed_transform_step100,3577,2025-10-24,2025-11-03,-0.013331545863497,2025,2025-09-30,learned_order_offset,20260910,0.46102105031378704,0.46102105031378704,0,0
fixed_transform_step100,3582,2025-10-31,2025-11-10,0.0110832418536339,2025,2025-09-30,learned_order_offset,20260910,0.47815049496833517,0.47815049496833517,0,1
fixed_transform_step100,3587,2025-11-07,2025-11-17,-0.0152107881197579,2025,2025-09-30,learned_order_offset,20260910,0.45015855156600565,0.45015855156600565,0,0
fixed_transform_step100,3592,2025-11-14,2025-11-24,-0.031114557454173,2025,2025-09-30,learned_order_offset,20260910,0.42065757336518694,0.42065757336518694,0,0
fixed_transform_step100,3597,2025-11-21,2025-12-01,0.0147613767448515,2025,2025-09-30,learned_order_offset,20260910,0.38218521239231107,0.38218521239231107,0,1
fixed_transform_step100,3602,2025-11-28,2025-12-08,0.0118853804313106,2025,2025-09-30,learned_order_offset,20260910,0.34868417705758414,0.34868417705758414,0,1
fixed_transform_step100,3607,2025-12-05,2025-12-15,-0.0093922675990717,2025,2025-09-30,learned_order_offset,20260910,0.3881847390220356,0.3881847390220356,0,0
fixed_transform_step100,3612,2025-12-12,2025-12-22,0.0082791208791208,2025,2025-09-30,learned_order_offset,20260910,0.4106424544891706,0.4106424544891706,0,1
fixed_transform_step100,3617,2025-12-19,2025-12-29,0.0153890755001995,2025,2025-09-30,learned_order_offset,20260910,0.6650978892036122,0.6650978892036122,1,1
fixed_transform_step100,3622,2025-12-26,2026-01-12,0.0239101640737868,2025,2025-09-30,learned_order_offset,20260910,0.36866055659852687,0.36866055659852687,0,1
fixed_transform_step100,3567,2025-10-10,2025-10-20,0.015001547584321,2025,2025-09-30,learned_market,20260911,0.4073826380168435,0.4073826380168435,0,1
fixed_transform_step100,3572,2025-10-17,2025-10-27,0.0309637052897611,2025,2025-09-30,learned_market,20260911,0.38926257671681086,0.38926257671681086,0,1
fixed_transform_step100,3577,2025-10-24,2025-11-03,-0.013331545863497,2025,2025-09-30,learned_market,20260911,0.46026095700119257,0.46026095700119257,0,0
fixed_transform_step100,3582,2025-10-31,2025-11-10,0.0110832418536339,2025,2025-09-30,learned_market,20260911,0.44133844440742437,0.44133844440742437,0,1
fixed_transform_step100,3587,2025-11-07,2025-11-17,-0.0152107881197579,2025,2025-09-30,learned_market,20260911,0.44745212728853556,0.44745212728853556,0,0
fixed_transform_step100,3592,2025-11-14,2025-11-24,-0.031114557454173,2025,2025-09-30,learned_market,20260911,0.3668102154910011,0.3668102154910011,0,0
fixed_transform_step100,3597,2025-11-21,2025-12-01,0.0147613767448515,2025,2025-09-30,learned_market,20260911,0.3819862201814382,0.3819862201814382,0,1
fixed_transform_step100,3602,2025-11-28,2025-12-08,0.0118853804313106,2025,2025-09-30,learned_market,20260911,0.3844156723050827,0.3844156723050827,0,1
fixed_transform_step100,3607,2025-12-05,2025-12-15,-0.0093922675990717,2025,2025-09-30,learned_market,20260911,0.4376640180764784,0.4376640180764784,0,0
fixed_transform_step100,3612,2025-12-12,2025-12-22,0.0082791208791208,2025,2025-09-30,learned_market,20260911,0.4424709622405438,0.4424709622405438,0,1
fixed_transform_step100,3617,2025-12-19,2025-12-29,0.0153890755001995,2025,2025-09-30,learned_market,20260911,0.509487360728947,0.509487360728947,1,1
fixed_transform_step100,3622,2025-12-26,2026-01-12,0.0239101640737868,2025,2025-09-30,learned_market,20260911,0.5302515946560235,0.5302515946560235,1,1
fixed_transform_step100,3567,2025-10-10,2025-10-20,0.015001547584321,2025,2025-09-30,learned_vol_interaction,20260911,0.4044144456890824,0.4044144456890824,0,1
fixed_transform_step100,3572,2025-10-17,2025-10-27,0.0309637052897611,2025,2025-09-30,learned_vol_interaction,20260911,0.3852552558350381,0.3852552558350381,0,1
fixed_transform_step100,3577,2025-10-24,2025-11-03,-0.013331545863497,2025,2025-09-30,learned_vol_interaction,20260911,0.454246346300533,0.454246346300533,0,0
fixed_transform_step100,3582,2025-10-31,2025-11-10,0.0110832418536339,2025,2025-09-30,learned_vol_interaction,20260911,0.43643225369531197,0.43643225369531197,0,1
fixed_transform_step100,3587,2025-11-07,2025-11-17,-0.0152107881197579,2025,2025-09-30,learned_vol_interaction,20260911,0.44231547106644753,0.44231547106644753,0,0
fixed_transform_step100,3592,2025-11-14,2025-11-24,-0.031114557454173,2025,2025-09-30,learned_vol_interaction,20260911,0.3648785477648325,0.3648785477648325,0,0
fixed_transform_step100,3597,2025-11-21,2025-12-01,0.0147613767448515,2025,2025-09-30,learned_vol_interaction,20260911,0.37745168110542904,0.37745168110542904,0,1
fixed_transform_step100,3602,2025-11-28,2025-12-08,0.0118853804313106,2025,2025-09-30,learned_vol_interaction,20260911,0.3820140571998896,0.3820140571998896,0,1
fixed_transform_step100,3607,2025-12-05,2025-12-15,-0.0093922675990717,2025,2025-09-30,learned_vol_interaction,20260911,0.43630247385924037,0.43630247385924037,0,0
fixed_transform_step100,3612,2025-12-12,2025-12-22,0.0082791208791208,2025,2025-09-30,learned_vol_interaction,20260911,0.44259544945078416,0.44259544945078416,0,1
fixed_transform_step100,3617,2025-12-19,2025-12-29,0.0153890755001995,2025,2025-09-30,learned_vol_interaction,20260911,0.5261301901083129,0.5261301901083129,1,1
fixed_transform_step100,3622,2025-12-26,2026-01-12,0.0239101640737868,2025,2025-09-30,learned_vol_interaction,20260911,0.5387209445694029,0.5387209445694029,1,1
fixed_transform_step100,3567,2025-10-10,2025-10-20,0.015001547584321,2025,2025-09-30,learned_order_extension,20260911,0.41447405919064473,0.41447405919064473,0,1
fixed_transform_step100,3572,2025-10-17,2025-10-27,0.0309637052897611,2025,2025-09-30,learned_order_extension,20260911,0.38779455109361965,0.38779455109361965,0,1
fixed_transform_step100,3577,2025-10-24,2025-11-03,-0.013331545863497,2025,2025-09-30,learned_order_extension,20260911,0.462824278052221,0.462824278052221,0,0
fixed_transform_step100,3582,2025-10-31,2025-11-10,0.0110832418536339,2025,2025-09-30,learned_order_extension,20260911,0.447937746148143,0.447937746148143,0,1
fixed_transform_step100,3587,2025-11-07,2025-11-17,-0.0152107881197579,2025,2025-09-30,learned_order_extension,20260911,0.45716929457000816,0.45716929457000816,0,0
fixed_transform_step100,3592,2025-11-14,2025-11-24,-0.031114557454173,2025,2025-09-30,learned_order_extension,20260911,0.3896299365917867,0.3896299365917867,0,0
fixed_transform_step100,3597,2025-11-21,2025-12-01,0.0147613767448515,2025,2025-09-30,learned_order_extension,20260911,0.3780171474160565,0.3780171474160565,0,1
fixed_transform_step100,3602,2025-11-28,2025-12-08,0.0118853804313106,2025,2025-09-30,learned_order_extension,20260911,0.3735266108756892,0.3735266108756892,0,1
fixed_transform_step100,3607,2025-12-05,2025-12-15,-0.0093922675990717,2025,2025-09-30,learned_order_extension,20260911,0.42285473674739765,0.42285473674739765,0,0
fixed_transform_step100,3612,2025-12-12,2025-12-22,0.0082791208791208,2025,2025-09-30,learned_order_extension,20260911,0.42370000026905313,0.42370000026905313,0,1
fixed_transform_step100,3617,2025-12-19,2025-12-29,0.0153890755001995,2025,2025-09-30,learned_order_extension,20260911,0.4936061746077577,0.4936061746077577,0,1
fixed_transform_step100,3622,2025-12-26,2026-01-12,0.0239101640737868,2025,2025-09-30,learned_order_extension,20260911,0.531433894503749,0.531433894503749,1,1
fixed_transform_step100,3567,2025-10-10,2025-10-20,0.015001547584321,2025,2025-09-30,learned_order_offset,20260911,0.4196886060138035,0.4196886060138035,0,1
fixed_transform_step100,3572,2025-10-17,2025-10-27,0.0309637052897611,2025,2025-09-30,learned_order_offset,20260911,0.3917518761921161,0.3917518761921161,0,1
fixed_transform_step100,3577,2025-10-24,2025-11-03,-0.013331545863497,2025,2025-09-30,learned_order_offset,20260911,0.46671123536880776,0.46671123536880776,0,0
fixed_transform_step100,3582,2025-10-31,2025-11-10,0.0110832418536339,2025,2025-09-30,learned_order_offset,20260911,0.4504735485565799,0.4504735485565799,0,1
fixed_transform_step100,3587,2025-11-07,2025-11-17,-0.0152107881197579,2025,2025-09-30,learned_order_offset,20260911,0.46016593881315926,0.46016593881315926,0,0
fixed_transform_step100,3592,2025-11-14,2025-11-24,-0.031114557454173,2025,2025-09-30,learned_order_offset,20260911,0.391398164938013,0.391398164938013,0,0
fixed_transform_step100,3597,2025-11-21,2025-12-01,0.0147613767448515,2025,2025-09-30,learned_order_offset,20260911,0.3767629716679006,0.3767629716679006,0,1
fixed_transform_step100,3602,2025-11-28,2025-12-08,0.0118853804313106,2025,2025-09-30,learned_order_offset,20260911,0.37262166126889595,0.37262166126889595,0,1
fixed_transform_step100,3607,2025-12-05,2025-12-15,-0.0093922675990717,2025,2025-09-30,learned_order_offset,20260911,0.42189983689180116,0.42189983689180116,0,0
fixed_transform_step100,3612,2025-12-12,2025-12-22,0.0082791208791208,2025,2025-09-30,learned_order_offset,20260911,0.4213827206339879,0.4213827206339879,0,1
fixed_transform_step100,3617,2025-12-19,2025-12-29,0.0153890755001995,2025,2025-09-30,learned_order_offset,20260911,0.49526369533901654,0.49526369533901654,0,1
fixed_transform_step100,3622,2025-12-26,2026-01-12,0.0239101640737868,2025,2025-09-30,learned_order_offset,20260911,0.5282503912942111,0.5282503912942111,1,1
fixed_transform_step100,3567,2025-10-10,2025-10-20,0.015001547584321,2025,2025-09-30,learned_market,20260912,0.423647973785509,0.423647973785509,0,1
fixed_transform_step100,3572,2025-10-17,2025-10-27,0.0309637052897611,2025,2025-09-30,learned_market,20260912,0.3608681924836109,0.3608681924836109,0,1
fixed_transform_step100,3577,2025-10-24,2025-11-03,-0.013331545863497,2025,2025-09-30,learned_market,20260912,0.45452409184039316,0.45452409184039316,0,0
fixed_transform_step100,3582,2025-10-31,2025-11-10,0.0110832418536339,2025,2025-09-30,learned_market,20260912,0.43346491714900454,0.43346491714900454,0,1
fixed_transform_step100,3587,2025-11-07,2025-11-17,-0.0152107881197579,2025,2025-09-30,learned_market,20260912,0.6686173996212458,0.6686173996212458,1,0
fixed_transform_step100,3592,2025-11-14,2025-11-24,-0.031114557454173,2025,2025-09-30,learned_market,20260912,0.3939433531434774,0.3939433531434774,0,0
fixed_transform_step100,3597,2025-11-21,2025-12-01,0.0147613767448515,2025,2025-09-30,learned_market,20260912,0.4882050395082115,0.4882050395082115,0,1
fixed_transform_step100,3602,2025-11-28,2025-12-08,0.0118853804313106,2025,2025-09-30,learned_market,20260912,0.42553530835914805,0.42553530835914805,0,1
fixed_transform_step100,3607,2025-12-05,2025-12-15,-0.0093922675990717,2025,2025-09-30,learned_market,20260912,0.4363549491661226,0.4363549491661226,0,0
fixed_transform_step100,3612,2025-12-12,2025-12-22,0.0082791208791208,2025,2025-09-30,learned_market,20260912,0.6219092108753246,0.6219092108753246,1,1
fixed_transform_step100,3617,2025-12-19,2025-12-29,0.0153890755001995,2025,2025-09-30,learned_market,20260912,0.6051157124848779,0.6051157124848779,1,1
fixed_transform_step100,3622,2025-12-26,2026-01-12,0.0239101640737868,2025,2025-09-30,learned_market,20260912,0.5574914512688001,0.5574914512688001,1,1
fixed_transform_step100,3567,2025-10-10,2025-10-20,0.015001547584321,2025,2025-09-30,learned_vol_interaction,20260912,0.4212911830356358,0.4212911830356358,0,1
fixed_transform_step100,3572,2025-10-17,2025-10-27,0.0309637052897611,2025,2025-09-30,learned_vol_interaction,20260912,0.3596501962809396,0.3596501962809396,0,1
fixed_transform_step100,3577,2025-10-24,2025-11-03,-0.013331545863497,2025,2025-09-30,learned_vol_interaction,20260912,0.45280628744529633,0.45280628744529633,0,0
fixed_transform_step100,3582,2025-10-31,2025-11-10,0.0110832418536339,2025,2025-09-30,learned_vol_interaction,20260912,0.4319177640129995,0.4319177640129995,0,1
fixed_transform_step100,3587,2025-11-07,2025-11-17,-0.0152107881197579,2025,2025-09-30,learned_vol_interaction,20260912,0.6660291140044763,0.6660291140044763,1,0
fixed_transform_step100,3592,2025-11-14,2025-11-24,-0.031114557454173,2025,2025-09-30,learned_vol_interaction,20260912,0.3908576850406271,0.3908576850406271,0,0
fixed_transform_step100,3597,2025-11-21,2025-12-01,0.0147613767448515,2025,2025-09-30,learned_vol_interaction,20260912,0.4871535784717232,0.4871535784717232,0,1
fixed_transform_step100,3602,2025-11-28,2025-12-08,0.0118853804313106,2025,2025-09-30,learned_vol_interaction,20260912,0.425771614458152,0.425771614458152,0,1
fixed_transform_step100,3607,2025-12-05,2025-12-15,-0.0093922675990717,2025,2025-09-30,learned_vol_interaction,20260912,0.43594955757136383,0.43594955757136383,0,0
fixed_transform_step100,3612,2025-12-12,2025-12-22,0.0082791208791208,2025,2025-09-30,learned_vol_interaction,20260912,0.6259101362076243,0.6259101362076243,1,1
fixed_transform_step100,3617,2025-12-19,2025-12-29,0.0153890755001995,2025,2025-09-30,learned_vol_interaction,20260912,0.6102352623971864,0.6102352623971864,1,1
fixed_transform_step100,3622,2025-12-26,2026-01-12,0.0239101640737868,2025,2025-09-30,learned_vol_interaction,20260912,0.558858024419472,0.558858024419472,1,1
fixed_transform_step100,3567,2025-10-10,2025-10-20,0.015001547584321,2025,2025-09-30,learned_order_extension,20260912,0.40811798141141076,0.40811798141141076,0,1
fixed_transform_step100,3572,2025-10-17,2025-10-27,0.0309637052897611,2025,2025-09-30,learned_order_extension,20260912,0.36319568202852326,0.36319568202852326,0,1
fixed_transform_step100,3577,2025-10-24,2025-11-03,-0.013331545863497,2025,2025-09-30,learned_order_extension,20260912,0.44607382933760875,0.44607382933760875,0,0
fixed_transform_step100,3582,2025-10-31,2025-11-10,0.0110832418536339,2025,2025-09-30,learned_order_extension,20260912,0.412789892862601,0.412789892862601,0,1
fixed_transform_step100,3587,2025-11-07,2025-11-17,-0.0152107881197579,2025,2025-09-30,learned_order_extension,20260912,0.7118470132531277,0.7118470132531277,1,0
fixed_transform_step100,3592,2025-11-14,2025-11-24,-0.031114557454173,2025,2025-09-30,learned_order_extension,20260912,0.3580053539207672,0.3580053539207672,0,0
fixed_transform_step100,3597,2025-11-21,2025-12-01,0.0147613767448515,2025,2025-09-30,learned_order_extension,20260912,0.5074932594590947,0.5074932594590947,1,1
fixed_transform_step100,3602,2025-11-28,2025-12-08,0.0118853804313106,2025,2025-09-30,learned_order_extension,20260912,0.42712753855741287,0.42712753855741287,0,1
fixed_transform_step100,3607,2025-12-05,2025-12-15,-0.0093922675990717,2025,2025-09-30,learned_order_extension,20260912,0.4411455459542128,0.4411455459542128,0,0
fixed_transform_step100,3612,2025-12-12,2025-12-22,0.0082791208791208,2025,2025-09-30,learned_order_extension,20260912,0.6700389595385562,0.6700389595385562,1,1
fixed_transform_step100,3617,2025-12-19,2025-12-29,0.0153890755001995,2025,2025-09-30,learned_order_extension,20260912,0.6607167187038961,0.6607167187038961,1,1
fixed_transform_step100,3622,2025-12-26,2026-01-12,0.0239101640737868,2025,2025-09-30,learned_order_extension,20260912,0.5664386238285919,0.5664386238285919,1,1
fixed_transform_step100,3567,2025-10-10,2025-10-20,0.015001547584321,2025,2025-09-30,learned_order_offset,20260912,0.4012640021690323,0.4012640021690323,0,1
fixed_transform_step100,3572,2025-10-17,2025-10-27,0.0309637052897611,2025,2025-09-30,learned_order_offset,20260912,0.35947858012248574,0.35947858012248574,0,1
fixed_transform_step100,3577,2025-10-24,2025-11-03,-0.013331545863497,2025,2025-09-30,learned_order_offset,20260912,0.44414803541292963,0.44414803541292963,0,0
fixed_transform_step100,3582,2025-10-31,2025-11-10,0.0110832418536339,2025,2025-09-30,learned_order_offset,20260912,0.4103824276891154,0.4103824276891154,0,1
fixed_transform_step100,3587,2025-11-07,2025-11-17,-0.0152107881197579,2025,2025-09-30,learned_order_offset,20260912,0.7107089968965525,0.7107089968965525,1,0
fixed_transform_step100,3592,2025-11-14,2025-11-24,-0.031114557454173,2025,2025-09-30,learned_order_offset,20260912,0.36067223488092226,0.36067223488092226,0,0
fixed_transform_step100,3597,2025-11-21,2025-12-01,0.0147613767448515,2025,2025-09-30,learned_order_offset,20260912,0.5157500625491948,0.5157500625491948,1,1
fixed_transform_step100,3602,2025-11-28,2025-12-08,0.0118853804313106,2025,2025-09-30,learned_order_offset,20260912,0.43561847456422587,0.43561847456422587,0,1
fixed_transform_step100,3607,2025-12-05,2025-12-15,-0.0093922675990717,2025,2025-09-30,learned_order_offset,20260912,0.4479278797686645,0.4479278797686645,0,0
fixed_transform_step100,3612,2025-12-12,2025-12-22,0.0082791208791208,2025,2025-09-30,learned_order_offset,20260912,0.6795353951255336,0.6795353951255336,1,1
fixed_transform_step100,3617,2025-12-19,2025-12-29,0.0153890755001995,2025,2025-09-30,learned_order_offset,20260912,0.6672388968016882,0.6672388968016882,1,1
fixed_transform_step100,3622,2025-12-26,2026-01-12,0.0239101640737868,2025,2025-09-30,learned_order_offset,20260912,0.5788316382092478,0.5788316382092478,1,1
fixed_transform_step100,3630,2026-01-09,2026-01-19,-0.0103697336282536,2026,2025-12-31,learned_market,20260910,0.5209270458842004,0.5209270458842004,1,0
fixed_transform_step100,3635,2026-01-16,2026-01-26,-0.0010190267764643,2026,2025-12-31,learned_market,20260910,0.5197139065453521,0.5197139065453521,1,0
fixed_transform_step100,3640,2026-01-23,2026-02-02,-0.0087161586128796,2026,2025-12-31,learned_market,20260910,0.2755814653004309,0.2755814653004309,0,0
fixed_transform_step100,3645,2026-01-30,2026-02-09,0.0041482324550519,2026,2025-12-31,learned_market,20260910,0.41561123934774186,0.41561123934774186,0,1
fixed_transform_step100,3650,2026-02-06,2026-02-24,0.0071649689901505,2026,2025-12-31,learned_market,20260910,0.5571228245636697,0.5571228245636697,1,1
fixed_transform_step100,3655,2026-02-13,2026-03-02,-0.0097920588919678,2026,2025-12-31,learned_market,20260910,0.4304939364707622,0.4304939364707622,0,0
fixed_transform_step100,3659,2026-02-27,2026-03-09,-0.0172526869201304,2026,2025-12-31,learned_market,20260910,0.5160143853208942,0.5160143853208942,1,0
fixed_transform_step100,3664,2026-03-06,2026-03-16,0.0149926634422041,2026,2025-12-31,learned_market,20260910,0.4236869357819852,0.4236869357819852,0,1
fixed_transform_step100,3669,2026-03-13,2026-03-23,-0.0364343509194254,2026,2025-12-31,learned_market,20260910,0.40086366037455606,0.40086366037455606,0,0
fixed_transform_step100,3674,2026-03-20,2026-03-30,-0.0083038829988221,2026,2025-12-31,learned_market,20260910,0.43855196230093557,0.43855196230093557,0,0
fixed_transform_step100,3679,2026-03-27,2026-04-07,-0.0035591495694504,2026,2025-12-31,learned_market,20260910,0.5651756750942187,0.5651756750942187,1,0
fixed_transform_step100,3630,2026-01-09,2026-01-19,-0.0103697336282536,2026,2025-12-31,learned_vol_interaction,20260910,0.5249822005515526,0.5249822005515526,1,0
fixed_transform_step100,3635,2026-01-16,2026-01-26,-0.0010190267764643,2026,2025-12-31,learned_vol_interaction,20260910,0.5217999415123397,0.5217999415123397,1,0
fixed_transform_step100,3640,2026-01-23,2026-02-02,-0.0087161586128796,2026,2025-12-31,learned_vol_interaction,20260910,0.2703686171181188,0.2703686171181188,0,0
fixed_transform_step100,3645,2026-01-30,2026-02-09,0.0041482324550519,2026,2025-12-31,learned_vol_interaction,20260910,0.4125281641526105,0.4125281641526105,0,1
fixed_transform_step100,3650,2026-02-06,2026-02-24,0.0071649689901505,2026,2025-12-31,learned_vol_interaction,20260910,0.5560675092745206,0.5560675092745206,1,1
fixed_transform_step100,3655,2026-02-13,2026-03-02,-0.0097920588919678,2026,2025-12-31,learned_vol_interaction,20260910,0.4244643603856174,0.4244643603856174,0,0
fixed_transform_step100,3659,2026-02-27,2026-03-09,-0.0172526869201304,2026,2025-12-31,learned_vol_interaction,20260910,0.5169468531475478,0.5169468531475478,1,0
fixed_transform_step100,3664,2026-03-06,2026-03-16,0.0149926634422041,2026,2025-12-31,learned_vol_interaction,20260910,0.42392001130005047,0.42392001130005047,0,1
fixed_transform_step100,3669,2026-03-13,2026-03-23,-0.0364343509194254,2026,2025-12-31,learned_vol_interaction,20260910,0.3996582436829412,0.3996582436829412,0,0
fixed_transform_step100,3674,2026-03-20,2026-03-30,-0.0083038829988221,2026,2025-12-31,learned_vol_interaction,20260910,0.4401239045442557,0.4401239045442557,0,0
fixed_transform_step100,3679,2026-03-27,2026-04-07,-0.0035591495694504,2026,2025-12-31,learned_vol_interaction,20260910,0.5634266232389387,0.5634266232389387,1,0
fixed_transform_step100,3630,2026-01-09,2026-01-19,-0.0103697336282536,2026,2025-12-31,learned_order_extension,20260910,0.5118603699776423,0.5118603699776423,1,0
fixed_transform_step100,3635,2026-01-16,2026-01-26,-0.0010190267764643,2026,2025-12-31,learned_order_extension,20260910,0.5121161981098539,0.5121161981098539,1,0
fixed_transform_step100,3640,2026-01-23,2026-02-02,-0.0087161586128796,2026,2025-12-31,learned_order_extension,20260910,0.2938325386236829,0.2938325386236829,0,0
fixed_transform_step100,3645,2026-01-30,2026-02-09,0.0041482324550519,2026,2025-12-31,learned_order_extension,20260910,0.43621861720931454,0.43621861720931454,0,1
fixed_transform_step100,3650,2026-02-06,2026-02-24,0.0071649689901505,2026,2025-12-31,learned_order_extension,20260910,0.5517322930511716,0.5517322930511716,1,1
fixed_transform_step100,3655,2026-02-13,2026-03-02,-0.0097920588919678,2026,2025-12-31,learned_order_extension,20260910,0.4214021419664105,0.4214021419664105,0,0
fixed_transform_step100,3659,2026-02-27,2026-03-09,-0.0172526869201304,2026,2025-12-31,learned_order_extension,20260910,0.5148692090014166,0.5148692090014166,1,0
fixed_transform_step100,3664,2026-03-06,2026-03-16,0.0149926634422041,2026,2025-12-31,learned_order_extension,20260910,0.43198850893548346,0.43198850893548346,0,1
fixed_transform_step100,3669,2026-03-13,2026-03-23,-0.0364343509194254,2026,2025-12-31,learned_order_extension,20260910,0.42629911883001154,0.42629911883001154,0,0
fixed_transform_step100,3674,2026-03-20,2026-03-30,-0.0083038829988221,2026,2025-12-31,learned_order_extension,20260910,0.4749564207401761,0.4749564207401761,0,0
fixed_transform_step100,3679,2026-03-27,2026-04-07,-0.0035591495694504,2026,2025-12-31,learned_order_extension,20260910,0.5307522668879032,0.5307522668879032,1,0
fixed_transform_step100,3630,2026-01-09,2026-01-19,-0.0103697336282536,2026,2025-12-31,learned_order_offset,20260910,0.5108025931769093,0.5108025931769093,1,0
fixed_transform_step100,3635,2026-01-16,2026-01-26,-0.0010190267764643,2026,2025-12-31,learned_order_offset,20260910,0.5113982623384066,0.5113982623384066,1,0
fixed_transform_step100,3640,2026-01-23,2026-02-02,-0.0087161586128796,2026,2025-12-31,learned_order_offset,20260910,0.2944555803643879,0.2944555803643879,0,0
fixed_transform_step100,3645,2026-01-30,2026-02-09,0.0041482324550519,2026,2025-12-31,learned_order_offset,20260910,0.43663121014690576,0.43663121014690576,0,1
fixed_transform_step100,3650,2026-02-06,2026-02-24,0.0071649689901505,2026,2025-12-31,learned_order_offset,20260910,0.5521384139661094,0.5521384139661094,1,1
fixed_transform_step100,3655,2026-02-13,2026-03-02,-0.0097920588919678,2026,2025-12-31,learned_order_offset,20260910,0.42280069136931375,0.42280069136931375,0,0
fixed_transform_step100,3659,2026-02-27,2026-03-09,-0.0172526869201304,2026,2025-12-31,learned_order_offset,20260910,0.5153156845902671,0.5153156845902671,1,0
fixed_transform_step100,3664,2026-03-06,2026-03-16,0.0149926634422041,2026,2025-12-31,learned_order_offset,20260910,0.43177972341367155,0.43177972341367155,0,1
fixed_transform_step100,3669,2026-03-13,2026-03-23,-0.0364343509194254,2026,2025-12-31,learned_order_offset,20260910,0.4256062271162684,0.4256062271162684,0,0
fixed_transform_step100,3674,2026-03-20,2026-03-30,-0.0083038829988221,2026,2025-12-31,learned_order_offset,20260910,0.47357009046646403,0.47357009046646403,0,0
fixed_transform_step100,3679,2026-03-27,2026-04-07,-0.0035591495694504,2026,2025-12-31,learned_order_offset,20260910,0.5299745221118999,0.5299745221118999,1,0
fixed_transform_step100,3630,2026-01-09,2026-01-19,-0.0103697336282536,2026,2025-12-31,learned_market,20260911,0.5413510609744506,0.5413510609744506,1,0
fixed_transform_step100,3635,2026-01-16,2026-01-26,-0.0010190267764643,2026,2025-12-31,learned_market,20260911,0.5314359715780813,0.5314359715780813,1,0
fixed_transform_step100,3640,2026-01-23,2026-02-02,-0.0087161586128796,2026,2025-12-31,learned_market,20260911,0.5322660389568398,0.5322660389568398,1,0
fixed_transform_step100,3645,2026-01-30,2026-02-09,0.0041482324550519,2026,2025-12-31,learned_market,20260911,0.45886324630014486,0.45886324630014486,0,1
fixed_transform_step100,3650,2026-02-06,2026-02-24,0.0071649689901505,2026,2025-12-31,learned_market,20260911,0.5329149888621901,0.5329149888621901,1,1
fixed_transform_step100,3655,2026-02-13,2026-03-02,-0.0097920588919678,2026,2025-12-31,learned_market,20260911,0.5096151640594386,0.5096151640594386,1,0
fixed_transform_step100,3659,2026-02-27,2026-03-09,-0.0172526869201304,2026,2025-12-31,learned_market,20260911,0.5369210179709557,0.5369210179709557,1,0
fixed_transform_step100,3664,2026-03-06,2026-03-16,0.0149926634422041,2026,2025-12-31,learned_market,20260911,0.6237121770434778,0.6237121770434778,1,1
fixed_transform_step100,3669,2026-03-13,2026-03-23,-0.0364343509194254,2026,2025-12-31,learned_market,20260911,0.45542191984179375,0.45542191984179375,0,0
fixed_transform_step100,3674,2026-03-20,2026-03-30,-0.0083038829988221,2026,2025-12-31,learned_market,20260911,0.46187353471109566,0.46187353471109566,0,0
fixed_transform_step100,3679,2026-03-27,2026-04-07,-0.0035591495694504,2026,2025-12-31,learned_market,20260911,0.4403313235638202,0.4403313235638202,0,0
fixed_transform_step100,3630,2026-01-09,2026-01-19,-0.0103697336282536,2026,2025-12-31,learned_vol_interaction,20260911,0.5419308229071979,0.5419308229071979,1,0
fixed_transform_step100,3635,2026-01-16,2026-01-26,-0.0010190267764643,2026,2025-12-31,learned_vol_interaction,20260911,0.5357337652448725,0.5357337652448725,1,0
fixed_transform_step100,3640,2026-01-23,2026-02-02,-0.0087161586128796,2026,2025-12-31,learned_vol_interaction,20260911,0.5371665022159147,0.5371665022159147,1,0
fixed_transform_step100,3645,2026-01-30,2026-02-09,0.0041482324550519,2026,2025-12-31,learned_vol_interaction,20260911,0.4536669400564477,0.4536669400564477,0,1
fixed_transform_step100,3650,2026-02-06,2026-02-24,0.0071649689901505,2026,2025-12-31,learned_vol_interaction,20260911,0.535655258471591,0.535655258471591,1,1
fixed_transform_step100,3655,2026-02-13,2026-03-02,-0.0097920588919678,2026,2025-12-31,learned_vol_interaction,20260911,0.5053590625088199,0.5053590625088199,1,0
fixed_transform_step100,3659,2026-02-27,2026-03-09,-0.0172526869201304,2026,2025-12-31,learned_vol_interaction,20260911,0.5322976681186429,0.5322976681186429,1,0
fixed_transform_step100,3664,2026-03-06,2026-03-16,0.0149926634422041,2026,2025-12-31,learned_vol_interaction,20260911,0.6174856955773433,0.6174856955773433,1,1
fixed_transform_step100,3669,2026-03-13,2026-03-23,-0.0364343509194254,2026,2025-12-31,learned_vol_interaction,20260911,0.44896092371547813,0.44896092371547813,0,0
fixed_transform_step100,3674,2026-03-20,2026-03-30,-0.0083038829988221,2026,2025-12-31,learned_vol_interaction,20260911,0.45425867209133697,0.45425867209133697,0,0
fixed_transform_step100,3679,2026-03-27,2026-04-07,-0.0035591495694504,2026,2025-12-31,learned_vol_interaction,20260911,0.43340188452247674,0.43340188452247674,0,0
fixed_transform_step100,3630,2026-01-09,2026-01-19,-0.0103697336282536,2026,2025-12-31,learned_order_extension,20260911,0.5459060256811782,0.5459060256811782,1,0
fixed_transform_step100,3635,2026-01-16,2026-01-26,-0.0010190267764643,2026,2025-12-31,learned_order_extension,20260911,0.5315584772037104,0.5315584772037104,1,0
fixed_transform_step100,3640,2026-01-23,2026-02-02,-0.0087161586128796,2026,2025-12-31,learned_order_extension,20260911,0.5380779045961513,0.5380779045961513,1,0
fixed_transform_step100,3645,2026-01-30,2026-02-09,0.0041482324550519,2026,2025-12-31,learned_order_extension,20260911,0.43274829616923166,0.43274829616923166,0,1
fixed_transform_step100,3650,2026-02-06,2026-02-24,0.0071649689901505,2026,2025-12-31,learned_order_extension,20260911,0.5358238036456818,0.5358238036456818,1,1
fixed_transform_step100,3655,2026-02-13,2026-03-02,-0.0097920588919678,2026,2025-12-31,learned_order_extension,20260911,0.5188075700840837,0.5188075700840837,1,0
fixed_transform_step100,3659,2026-02-27,2026-03-09,-0.0172526869201304,2026,2025-12-31,learned_order_extension,20260911,0.5395237482049954,0.5395237482049954,1,0
fixed_transform_step100,3664,2026-03-06,2026-03-16,0.0149926634422041,2026,2025-12-31,learned_order_extension,20260911,0.6721134681647395,0.6721134681647395,1,1
fixed_transform_step100,3669,2026-03-13,2026-03-23,-0.0364343509194254,2026,2025-12-31,learned_order_extension,20260911,0.44254310728173424,0.44254310728173424,0,0
fixed_transform_step100,3674,2026-03-20,2026-03-30,-0.0083038829988221,2026,2025-12-31,learned_order_extension,20260911,0.4378410999680901,0.4378410999680901,0,0
fixed_transform_step100,3679,2026-03-27,2026-04-07,-0.0035591495694504,2026,2025-12-31,learned_order_extension,20260911,0.4159760364157841,0.4159760364157841,0,0
fixed_transform_step100,3630,2026-01-09,2026-01-19,-0.0103697336282536,2026,2025-12-31,learned_order_offset,20260911,0.545843670764125,0.545843670764125,1,0
fixed_transform_step100,3635,2026-01-16,2026-01-26,-0.0010190267764643,2026,2025-12-31,learned_order_offset,20260911,0.5315791456859873,0.5315791456859873,1,0
fixed_transform_step100,3640,2026-01-23,2026-02-02,-0.0087161586128796,2026,2025-12-31,learned_order_offset,20260911,0.5378362799693707,0.5378362799693707,1,0
fixed_transform_step100,3645,2026-01-30,2026-02-09,0.0041482324550519,2026,2025-12-31,learned_order_offset,20260911,0.43267035311859725,0.43267035311859725,0,1
fixed_transform_step100,3650,2026-02-06,2026-02-24,0.0071649689901505,2026,2025-12-31,learned_order_offset,20260911,0.5355468761174008,0.5355468761174008,1,1
fixed_transform_step100,3655,2026-02-13,2026-03-02,-0.0097920588919678,2026,2025-12-31,learned_order_offset,20260911,0.5185004295200895,0.5185004295200895,1,0
fixed_transform_step100,3659,2026-02-27,2026-03-09,-0.0172526869201304,2026,2025-12-31,learned_order_offset,20260911,0.5394279755034715,0.5394279755034715,1,0
fixed_transform_step100,3664,2026-03-06,2026-03-16,0.0149926634422041,2026,2025-12-31,learned_order_offset,20260911,0.6720878025271129,0.6720878025271129,1,1
fixed_transform_step100,3669,2026-03-13,2026-03-23,-0.0364343509194254,2026,2025-12-31,learned_order_offset,20260911,0.44301866763301645,0.44301866763301645,0,0
fixed_transform_step100,3674,2026-03-20,2026-03-30,-0.0083038829988221,2026,2025-12-31,learned_order_offset,20260911,0.4379475907087764,0.4379475907087764,0,0
fixed_transform_step100,3679,2026-03-27,2026-04-07,-0.0035591495694504,2026,2025-12-31,learned_order_offset,20260911,0.4162726411546184,0.4162726411546184,0,0
fixed_transform_step100,3630,2026-01-09,2026-01-19,-0.0103697336282536,2026,2025-12-31,learned_market,20260912,0.5119803822427041,0.5119803822427041,1,0
fixed_transform_step100,3635,2026-01-16,2026-01-26,-0.0010190267764643,2026,2025-12-31,learned_market,20260912,0.5563532391014436,0.5563532391014436,1,0
fixed_transform_step100,3640,2026-01-23,2026-02-02,-0.0087161586128796,2026,2025-12-31,learned_market,20260912,0.47986345901765604,0.47986345901765604,0,0
fixed_transform_step100,3645,2026-01-30,2026-02-09,0.0041482324550519,2026,2025-12-31,learned_market,20260912,0.5030177692550698,0.5030177692550698,1,1
fixed_transform_step100,3650,2026-02-06,2026-02-24,0.0071649689901505,2026,2025-12-31,learned_market,20260912,0.43906676808287387,0.43906676808287387,0,1
fixed_transform_step100,3655,2026-02-13,2026-03-02,-0.0097920588919678,2026,2025-12-31,learned_market,20260912,0.431368044613122,0.431368044613122,0,0
fixed_transform_step100,3659,2026-02-27,2026-03-09,-0.0172526869201304,2026,2025-12-31,learned_market,20260912,0.48137527566018024,0.48137527566018024,0,0
fixed_transform_step100,3664,2026-03-06,2026-03-16,0.0149926634422041,2026,2025-12-31,learned_market,20260912,0.46731902499821354,0.46731902499821354,0,1
fixed_transform_step100,3669,2026-03-13,2026-03-23,-0.0364343509194254,2026,2025-12-31,learned_market,20260912,0.5227160800792146,0.5227160800792146,1,0
fixed_transform_step100,3674,2026-03-20,2026-03-30,-0.0083038829988221,2026,2025-12-31,learned_market,20260912,0.4464645109091068,0.4464645109091068,0,0
fixed_transform_step100,3679,2026-03-27,2026-04-07,-0.0035591495694504,2026,2025-12-31,learned_market,20260912,0.39113208857052434,0.39113208857052434,0,0
fixed_transform_step100,3630,2026-01-09,2026-01-19,-0.0103697336282536,2026,2025-12-31,learned_vol_interaction,20260912,0.5113420632666249,0.5113420632666249,1,0
fixed_transform_step100,3635,2026-01-16,2026-01-26,-0.0010190267764643,2026,2025-12-31,learned_vol_interaction,20260912,0.5720485316988371,0.5720485316988371,1,0
fixed_transform_step100,3640,2026-01-23,2026-02-02,-0.0087161586128796,2026,2025-12-31,learned_vol_interaction,20260912,0.46450523759698337,0.46450523759698337,0,0
fixed_transform_step100,3645,2026-01-30,2026-02-09,0.0041482324550519,2026,2025-12-31,learned_vol_interaction,20260912,0.5055364466448413,0.5055364466448413,1,1
fixed_transform_step100,3650,2026-02-06,2026-02-24,0.0071649689901505,2026,2025-12-31,learned_vol_interaction,20260912,0.42116451389141074,0.42116451389141074,0,1
fixed_transform_step100,3655,2026-02-13,2026-03-02,-0.0097920588919678,2026,2025-12-31,learned_vol_interaction,20260912,0.4216952789502379,0.4216952789502379,0,0
fixed_transform_step100,3659,2026-02-27,2026-03-09,-0.0172526869201304,2026,2025-12-31,learned_vol_interaction,20260912,0.46280074037648433,0.46280074037648433,0,0
fixed_transform_step100,3664,2026-03-06,2026-03-16,0.0149926634422041,2026,2025-12-31,learned_vol_interaction,20260912,0.4454734654507731,0.4454734654507731,0,1
fixed_transform_step100,3669,2026-03-13,2026-03-23,-0.0364343509194254,2026,2025-12-31,learned_vol_interaction,20260912,0.5162800418391823,0.5162800418391823,1,0
fixed_transform_step100,3674,2026-03-20,2026-03-30,-0.0083038829988221,2026,2025-12-31,learned_vol_interaction,20260912,0.44815597826032155,0.44815597826032155,0,0
fixed_transform_step100,3679,2026-03-27,2026-04-07,-0.0035591495694504,2026,2025-12-31,learned_vol_interaction,20260912,0.41145491799092687,0.41145491799092687,0,0
fixed_transform_step100,3630,2026-01-09,2026-01-19,-0.0103697336282536,2026,2025-12-31,learned_order_extension,20260912,0.5234527600872158,0.5234527600872158,1,0
fixed_transform_step100,3635,2026-01-16,2026-01-26,-0.0010190267764643,2026,2025-12-31,learned_order_extension,20260912,0.5847075352595175,0.5847075352595175,1,0
fixed_transform_step100,3640,2026-01-23,2026-02-02,-0.0087161586128796,2026,2025-12-31,learned_order_extension,20260912,0.4700767353741261,0.4700767353741261,0,0
fixed_transform_step100,3645,2026-01-30,2026-02-09,0.0041482324550519,2026,2025-12-31,learned_order_extension,20260912,0.5148835278265028,0.5148835278265028,1,1
fixed_transform_step100,3650,2026-02-06,2026-02-24,0.0071649689901505,2026,2025-12-31,learned_order_extension,20260912,0.4220765070574473,0.4220765070574473,0,1
fixed_transform_step100,3655,2026-02-13,2026-03-02,-0.0097920588919678,2026,2025-12-31,learned_order_extension,20260912,0.41397752179190594,0.41397752179190594,0,0
fixed_transform_step100,3659,2026-02-27,2026-03-09,-0.0172526869201304,2026,2025-12-31,learned_order_extension,20260912,0.45946498078572456,0.45946498078572456,0,0
fixed_transform_step100,3664,2026-03-06,2026-03-16,0.0149926634422041,2026,2025-12-31,learned_order_extension,20260912,0.44635455978232025,0.44635455978232025,0,1
fixed_transform_step100,3669,2026-03-13,2026-03-23,-0.0364343509194254,2026,2025-12-31,learned_order_extension,20260912,0.5383866937008707,0.5383866937008707,1,0
fixed_transform_step100,3674,2026-03-20,2026-03-30,-0.0083038829988221,2026,2025-12-31,learned_order_extension,20260912,0.43243079892634145,0.43243079892634145,0,0
fixed_transform_step100,3679,2026-03-27,2026-04-07,-0.0035591495694504,2026,2025-12-31,learned_order_extension,20260912,0.3847558274890985,0.3847558274890985,0,0
fixed_transform_step100,3630,2026-01-09,2026-01-19,-0.0103697336282536,2026,2025-12-31,learned_order_offset,20260912,0.5234772415055928,0.5234772415055928,1,0
fixed_transform_step100,3635,2026-01-16,2026-01-26,-0.0010190267764643,2026,2025-12-31,learned_order_offset,20260912,0.5844150879103954,0.5844150879103954,1,0
fixed_transform_step100,3640,2026-01-23,2026-02-02,-0.0087161586128796,2026,2025-12-31,learned_order_offset,20260912,0.46996206356235715,0.46996206356235715,0,0
fixed_transform_step100,3645,2026-01-30,2026-02-09,0.0041482324550519,2026,2025-12-31,learned_order_offset,20260912,0.514701020079869,0.514701020079869,1,1
fixed_transform_step100,3650,2026-02-06,2026-02-24,0.0071649689901505,2026,2025-12-31,learned_order_offset,20260912,0.42213589824970216,0.42213589824970216,0,1
fixed_transform_step100,3655,2026-02-13,2026-03-02,-0.0097920588919678,2026,2025-12-31,learned_order_offset,20260912,0.4139092534456115,0.4139092534456115,0,0
fixed_transform_step100,3659,2026-02-27,2026-03-09,-0.0172526869201304,2026,2025-12-31,learned_order_offset,20260912,0.4590491088219428,0.4590491088219428,0,0
fixed_transform_step100,3664,2026-03-06,2026-03-16,0.0149926634422041,2026,2025-12-31,learned_order_offset,20260912,0.4464707132363767,0.4464707132363767,0,1
fixed_transform_step100,3669,2026-03-13,2026-03-23,-0.0364343509194254,2026,2025-12-31,learned_order_offset,20260912,0.5384561051408137,0.5384561051408137,1,0
fixed_transform_step100,3674,2026-03-20,2026-03-30,-0.0083038829988221,2026,2025-12-31,learned_order_offset,20260912,0.43269622737784763,0.43269622737784763,0,0
fixed_transform_step100,3679,2026-03-27,2026-04-07,-0.0035591495694504,2026,2025-12-31,learned_order_offset,20260912,0.3852504154330894,0.3852504154330894,0,0
fixed_transform_step100,3684,2026-04-03,2026-04-13,0.0380736235508991,2026,2026-03-31,learned_market,20260910,0.5015304556326914,0.5015304556326914,1,1
fixed_transform_step100,3688,2026-04-10,2026-04-20,0.0242766725964382,2026,2026-03-31,learned_market,20260910,0.4169532970905365,0.4169532970905365,0,1
fixed_transform_step100,3693,2026-04-17,2026-04-27,0.010401572188011,2026,2026-03-31,learned_market,20260910,0.5269728098701545,0.5269728098701545,1,1
fixed_transform_step100,3698,2026-04-24,2026-05-11,0.0263674696524953,2026,2026-03-31,learned_market,20260910,0.5467645952182937,0.5467645952182937,1,1
fixed_transform_step100,3705,2026-05-08,2026-05-18,-0.0134529239455926,2026,2026-03-31,learned_market,20260910,0.7674342153026649,0.7674342153026649,1,0
fixed_transform_step100,3710,2026-05-15,2026-05-25,0.0076235492615268,2026,2026-03-31,learned_market,20260910,0.8086640245061073,0.8086640245061073,1,1
fixed_transform_step100,3715,2026-05-22,2026-06-01,0.005068538126898,2026,2026-03-31,learned_market,20260910,0.3347779802382294,0.3347779802382294,0,1
fixed_transform_step100,3720,2026-05-29,2026-06-08,-0.039635353927193,2026,2026-03-31,learned_market,20260910,0.40189958459477176,0.40189958459477176,0,0
fixed_transform_step100,3725,2026-06-05,2026-06-15,0.0266849782195981,2026,2026-03-31,learned_market,20260910,0.4671944698227532,0.4671944698227532,0,1
fixed_transform_step100,3730,2026-06-12,2026-06-29,0.0076098142791176,2026,2026-03-31,learned_market,20260910,0.4380659002300875,0.4380659002300875,0,1
fixed_transform_step100,3739,2026-06-26,2026-07-06,0.0005137647861506,2026,2026-03-31,learned_market,20260910,0.49909637664701567,0.49909637664701567,0,1
fixed_transform_step100,3684,2026-04-03,2026-04-13,0.0380736235508991,2026,2026-03-31,learned_vol_interaction,20260910,0.5030805417317654,0.5030805417317654,1,1
fixed_transform_step100,3688,2026-04-10,2026-04-20,0.0242766725964382,2026,2026-03-31,learned_vol_interaction,20260910,0.42397007243041235,0.42397007243041235,0,1
fixed_transform_step100,3693,2026-04-17,2026-04-27,0.010401572188011,2026,2026-03-31,learned_vol_interaction,20260910,0.526659101924042,0.526659101924042,1,1
fixed_transform_step100,3698,2026-04-24,2026-05-11,0.0263674696524953,2026,2026-03-31,learned_vol_interaction,20260910,0.5485804105986547,0.5485804105986547,1,1
fixed_transform_step100,3705,2026-05-08,2026-05-18,-0.0134529239455926,2026,2026-03-31,learned_vol_interaction,20260910,0.7698760606922737,0.7698760606922737,1,0
fixed_transform_step100,3710,2026-05-15,2026-05-25,0.0076235492615268,2026,2026-03-31,learned_vol_interaction,20260910,0.8123639415298445,0.8123639415298445,1,1
fixed_transform_step100,3715,2026-05-22,2026-06-01,0.005068538126898,2026,2026-03-31,learned_vol_interaction,20260910,0.33566770850969585,0.33566770850969585,0,1
fixed_transform_step100,3720,2026-05-29,2026-06-08,-0.039635353927193,2026,2026-03-31,learned_vol_interaction,20260910,0.40305636917178717,0.40305636917178717,0,0
fixed_transform_step100,3725,2026-06-05,2026-06-15,0.0266849782195981,2026,2026-03-31,learned_vol_interaction,20260910,0.4674703888419937,0.4674703888419937,0,1
fixed_transform_step100,3730,2026-06-12,2026-06-29,0.0076098142791176,2026,2026-03-31,learned_vol_interaction,20260910,0.4384014097786156,0.4384014097786156,0,1
fixed_transform_step100,3739,2026-06-26,2026-07-06,0.0005137647861506,2026,2026-03-31,learned_vol_interaction,20260910,0.5049512326854062,0.5049512326854062,1,1
fixed_transform_step100,3684,2026-04-03,2026-04-13,0.0380736235508991,2026,2026-03-31,learned_order_extension,20260910,0.47573365394036815,0.47573365394036815,0,1
fixed_transform_step100,3688,2026-04-10,2026-04-20,0.0242766725964382,2026,2026-03-31,learned_order_extension,20260910,0.4339735919504325,0.4339735919504325,0,1
fixed_transform_step100,3693,2026-04-17,2026-04-27,0.010401572188011,2026,2026-03-31,learned_order_extension,20260910,0.49809020895556216,0.49809020895556216,0,1
fixed_transform_step100,3698,2026-04-24,2026-05-11,0.0263674696524953,2026,2026-03-31,learned_order_extension,20260910,0.5280108089502945,0.5280108089502945,1,1
fixed_transform_step100,3705,2026-05-08,2026-05-18,-0.0134529239455926,2026,2026-03-31,learned_order_extension,20260910,0.699609468152534,0.699609468152534,1,0
fixed_transform_step100,3710,2026-05-15,2026-05-25,0.0076235492615268,2026,2026-03-31,learned_order_extension,20260910,0.7062317875579602,0.7062317875579602,1,1
fixed_transform_step100,3715,2026-05-22,2026-06-01,0.005068538126898,2026,2026-03-31,learned_order_extension,20260910,0.38136876412796417,0.38136876412796417,0,1
fixed_transform_step100,3720,2026-05-29,2026-06-08,-0.039635353927193,2026,2026-03-31,learned_order_extension,20260910,0.4495063128980839,0.4495063128980839,0,0
fixed_transform_step100,3725,2026-06-05,2026-06-15,0.0266849782195981,2026,2026-03-31,learned_order_extension,20260910,0.49992354233533015,0.49992354233533015,0,1
fixed_transform_step100,3730,2026-06-12,2026-06-29,0.0076098142791176,2026,2026-03-31,learned_order_extension,20260910,0.4667415984882212,0.4667415984882212,0,1
fixed_transform_step100,3739,2026-06-26,2026-07-06,0.0005137647861506,2026,2026-03-31,learned_order_extension,20260910,0.49826734766122777,0.49826734766122777,0,1
fixed_transform_step100,3684,2026-04-03,2026-04-13,0.0380736235508991,2026,2026-03-31,learned_order_offset,20260910,0.4746954324539054,0.4746954324539054,0,1
fixed_transform_step100,3688,2026-04-10,2026-04-20,0.0242766725964382,2026,2026-03-31,learned_order_offset,20260910,0.43311532313675294,0.43311532313675294,0,1
fixed_transform_step100,3693,2026-04-17,2026-04-27,0.010401572188011,2026,2026-03-31,learned_order_offset,20260910,0.4966757678658021,0.4966757678658021,0,1
fixed_transform_step100,3698,2026-04-24,2026-05-11,0.0263674696524953,2026,2026-03-31,learned_order_offset,20260910,0.5262088148355648,0.5262088148355648,1,1
fixed_transform_step100,3705,2026-05-08,2026-05-18,-0.0134529239455926,2026,2026-03-31,learned_order_offset,20260910,0.6988873206822,0.6988873206822,1,0
fixed_transform_step100,3710,2026-05-15,2026-05-25,0.0076235492615268,2026,2026-03-31,learned_order_offset,20260910,0.7054799220120342,0.7054799220120342,1,1
fixed_transform_step100,3715,2026-05-22,2026-06-01,0.005068538126898,2026,2026-03-31,learned_order_offset,20260910,0.38273314442517276,0.38273314442517276,0,1
fixed_transform_step100,3720,2026-05-29,2026-06-08,-0.039635353927193,2026,2026-03-31,learned_order_offset,20260910,0.45189079026204043,0.45189079026204043,0,0
fixed_transform_step100,3725,2026-06-05,2026-06-15,0.0266849782195981,2026,2026-03-31,learned_order_offset,20260910,0.5023959310261769,0.5023959310261769,1,1
fixed_transform_step100,3730,2026-06-12,2026-06-29,0.0076098142791176,2026,2026-03-31,learned_order_offset,20260910,0.46875969951968444,0.46875969951968444,0,1
fixed_transform_step100,3739,2026-06-26,2026-07-06,0.0005137647861506,2026,2026-03-31,learned_order_offset,20260910,0.49986011142523196,0.49986011142523196,0,1
fixed_transform_step100,3684,2026-04-03,2026-04-13,0.0380736235508991,2026,2026-03-31,learned_market,20260911,0.4904242496344784,0.4904242496344784,0,1
fixed_transform_step100,3688,2026-04-10,2026-04-20,0.0242766725964382,2026,2026-03-31,learned_market,20260911,0.4214117806346335,0.4214117806346335,0,1
fixed_transform_step100,3693,2026-04-17,2026-04-27,0.010401572188011,2026,2026-03-31,learned_market,20260911,0.4622751682404848,0.4622751682404848,0,1
fixed_transform_step100,3698,2026-04-24,2026-05-11,0.0263674696524953,2026,2026-03-31,learned_market,20260911,0.40402581515984154,0.40402581515984154,0,1
fixed_transform_step100,3705,2026-05-08,2026-05-18,-0.0134529239455926,2026,2026-03-31,learned_market,20260911,0.40131295228872355,0.40131295228872355,0,0
fixed_transform_step100,3710,2026-05-15,2026-05-25,0.0076235492615268,2026,2026-03-31,learned_market,20260911,0.4672650000797636,0.4672650000797636,0,1
fixed_transform_step100,3715,2026-05-22,2026-06-01,0.005068538126898,2026,2026-03-31,learned_market,20260911,0.5426304697715773,0.5426304697715773,1,1
fixed_transform_step100,3720,2026-05-29,2026-06-08,-0.039635353927193,2026,2026-03-31,learned_market,20260911,0.5317254391808697,0.5317254391808697,1,0
fixed_transform_step100,3725,2026-06-05,2026-06-15,0.0266849782195981,2026,2026-03-31,learned_market,20260911,0.43768555840324813,0.43768555840324813,0,1
fixed_transform_step100,3730,2026-06-12,2026-06-29,0.0076098142791176,2026,2026-03-31,learned_market,20260911,0.3315761684143138,0.3315761684143138,0,1
fixed_transform_step100,3739,2026-06-26,2026-07-06,0.0005137647861506,2026,2026-03-31,learned_market,20260911,0.4771706989562008,0.4771706989562008,0,1
fixed_transform_step100,3684,2026-04-03,2026-04-13,0.0380736235508991,2026,2026-03-31,learned_vol_interaction,20260911,0.49324574832601703,0.49324574832601703,0,1
fixed_transform_step100,3688,2026-04-10,2026-04-20,0.0242766725964382,2026,2026-03-31,learned_vol_interaction,20260911,0.44502011894375304,0.44502011894375304,0,1
fixed_transform_step100,3693,2026-04-17,2026-04-27,0.010401572188011,2026,2026-03-31,learned_vol_interaction,20260911,0.4764469963448488,0.4764469963448488,0,1
fixed_transform_step100,3698,2026-04-24,2026-05-11,0.0263674696524953,2026,2026-03-31,learned_vol_interaction,20260911,0.42377744184608057,0.42377744184608057,0,1
fixed_transform_step100,3705,2026-05-08,2026-05-18,-0.0134529239455926,2026,2026-03-31,learned_vol_interaction,20260911,0.42293355006836614,0.42293355006836614,0,0
fixed_transform_step100,3710,2026-05-15,2026-05-25,0.0076235492615268,2026,2026-03-31,learned_vol_interaction,20260911,0.47438017764454354,0.47438017764454354,0,1
fixed_transform_step100,3715,2026-05-22,2026-06-01,0.005068538126898,2026,2026-03-31,learned_vol_interaction,20260911,0.5463870836937147,0.5463870836937147,1,1
fixed_transform_step100,3720,2026-05-29,2026-06-08,-0.039635353927193,2026,2026-03-31,learned_vol_interaction,20260911,0.5227544913038504,0.5227544913038504,1,0
fixed_transform_step100,3725,2026-06-05,2026-06-15,0.0266849782195981,2026,2026-03-31,learned_vol_interaction,20260911,0.43168436392137965,0.43168436392137965,0,1
fixed_transform_step100,3730,2026-06-12,2026-06-29,0.0076098142791176,2026,2026-03-31,learned_vol_interaction,20260911,0.33025865554219785,0.33025865554219785,0,1
fixed_transform_step100,3739,2026-06-26,2026-07-06,0.0005137647861506,2026,2026-03-31,learned_vol_interaction,20260911,0.5065147344679262,0.5065147344679262,1,1
fixed_transform_step100,3684,2026-04-03,2026-04-13,0.0380736235508991,2026,2026-03-31,learned_order_extension,20260911,0.5218256415898039,0.5218256415898039,1,1
fixed_transform_step100,3688,2026-04-10,2026-04-20,0.0242766725964382,2026,2026-03-31,learned_order_extension,20260911,0.4013202774181966,0.4013202774181966,0,1
fixed_transform_step100,3693,2026-04-17,2026-04-27,0.010401572188011,2026,2026-03-31,learned_order_extension,20260911,0.46608372852370084,0.46608372852370084,0,1
fixed_transform_step100,3698,2026-04-24,2026-05-11,0.0263674696524953,2026,2026-03-31,learned_order_extension,20260911,0.38042033953762333,0.38042033953762333,0,1
fixed_transform_step100,3705,2026-05-08,2026-05-18,-0.0134529239455926,2026,2026-03-31,learned_order_extension,20260911,0.369474269643926,0.369474269643926,0,0
fixed_transform_step100,3710,2026-05-15,2026-05-25,0.0076235492615268,2026,2026-03-31,learned_order_extension,20260911,0.4691829036694142,0.4691829036694142,0,1
fixed_transform_step100,3715,2026-05-22,2026-06-01,0.005068538126898,2026,2026-03-31,learned_order_extension,20260911,0.5860278698813012,0.5860278698813012,1,1
fixed_transform_step100,3720,2026-05-29,2026-06-08,-0.039635353927193,2026,2026-03-31,learned_order_extension,20260911,0.5362568264395707,0.5362568264395707,1,0
fixed_transform_step100,3725,2026-06-05,2026-06-15,0.0266849782195981,2026,2026-03-31,learned_order_extension,20260911,0.36166962533336827,0.36166962533336827,0,1
fixed_transform_step100,3730,2026-06-12,2026-06-29,0.0076098142791176,2026,2026-03-31,learned_order_extension,20260911,0.22818154018443054,0.22818154018443054,0,1
fixed_transform_step100,3739,2026-06-26,2026-07-06,0.0005137647861506,2026,2026-03-31,learned_order_extension,20260911,0.45918529900532323,0.45918529900532323,0,1
fixed_transform_step100,3684,2026-04-03,2026-04-13,0.0380736235508991,2026,2026-03-31,learned_order_offset,20260911,0.5222472197241287,0.5222472197241287,1,1
fixed_transform_step100,3688,2026-04-10,2026-04-20,0.0242766725964382,2026,2026-03-31,learned_order_offset,20260911,0.4003038504379018,0.4003038504379018,0,1
fixed_transform_step100,3693,2026-04-17,2026-04-27,0.010401572188011,2026,2026-03-31,learned_order_offset,20260911,0.46680472120174243,0.46680472120174243,0,1
fixed_transform_step100,3698,2026-04-24,2026-05-11,0.0263674696524953,2026,2026-03-31,learned_order_offset,20260911,0.37835055047782684,0.37835055047782684,0,1
fixed_transform_step100,3705,2026-05-08,2026-05-18,-0.0134529239455926,2026,2026-03-31,learned_order_offset,20260911,0.36748895696226896,0.36748895696226896,0,0
fixed_transform_step100,3710,2026-05-15,2026-05-25,0.0076235492615268,2026,2026-03-31,learned_order_offset,20260911,0.46771755153365957,0.46771755153365957,0,1
fixed_transform_step100,3715,2026-05-22,2026-06-01,0.005068538126898,2026,2026-03-31,learned_order_offset,20260911,0.5835211675316635,0.5835211675316635,1,1
fixed_transform_step100,3720,2026-05-29,2026-06-08,-0.039635353927193,2026,2026-03-31,learned_order_offset,20260911,0.5343633889957663,0.5343633889957663,1,0
fixed_transform_step100,3725,2026-06-05,2026-06-15,0.0266849782195981,2026,2026-03-31,learned_order_offset,20260911,0.3601741669183446,0.3601741669183446,0,1
fixed_transform_step100,3730,2026-06-12,2026-06-29,0.0076098142791176,2026,2026-03-31,learned_order_offset,20260911,0.2273761038368577,0.2273761038368577,0,1
fixed_transform_step100,3739,2026-06-26,2026-07-06,0.0005137647861506,2026,2026-03-31,learned_order_offset,20260911,0.4568813935020477,0.4568813935020477,0,1
fixed_transform_step100,3684,2026-04-03,2026-04-13,0.0380736235508991,2026,2026-03-31,learned_market,20260912,0.43485746249451385,0.43485746249451385,0,1
fixed_transform_step100,3688,2026-04-10,2026-04-20,0.0242766725964382,2026,2026-03-31,learned_market,20260912,0.4899312935958398,0.4899312935958398,0,1
fixed_transform_step100,3693,2026-04-17,2026-04-27,0.010401572188011,2026,2026-03-31,learned_market,20260912,0.4024144398585444,0.4024144398585444,0,1
fixed_transform_step100,3698,2026-04-24,2026-05-11,0.0263674696524953,2026,2026-03-31,learned_market,20260912,0.4213893463780146,0.4213893463780146,0,1
fixed_transform_step100,3705,2026-05-08,2026-05-18,-0.0134529239455926,2026,2026-03-31,learned_market,20260912,0.4581242730615783,0.4581242730615783,0,0
fixed_transform_step100,3710,2026-05-15,2026-05-25,0.0076235492615268,2026,2026-03-31,learned_market,20260912,0.5243752961708881,0.5243752961708881,1,1
fixed_transform_step100,3715,2026-05-22,2026-06-01,0.005068538126898,2026,2026-03-31,learned_market,20260912,0.5199409136832907,0.5199409136832907,1,1
fixed_transform_step100,3720,2026-05-29,2026-06-08,-0.039635353927193,2026,2026-03-31,learned_market,20260912,0.4874013720438117,0.4874013720438117,0,0
fixed_transform_step100,3725,2026-06-05,2026-06-15,0.0266849782195981,2026,2026-03-31,learned_market,20260912,0.5039327589027892,0.5039327589027892,1,1
fixed_transform_step100,3730,2026-06-12,2026-06-29,0.0076098142791176,2026,2026-03-31,learned_market,20260912,0.4877050117292838,0.4877050117292838,0,1
fixed_transform_step100,3739,2026-06-26,2026-07-06,0.0005137647861506,2026,2026-03-31,learned_market,20260912,0.5414496992638895,0.5414496992638895,1,1
fixed_transform_step100,3684,2026-04-03,2026-04-13,0.0380736235508991,2026,2026-03-31,learned_vol_interaction,20260912,0.4537585420456353,0.4537585420456353,0,1
fixed_transform_step100,3688,2026-04-10,2026-04-20,0.0242766725964382,2026,2026-03-31,learned_vol_interaction,20260912,0.48127995980178156,0.48127995980178156,0,1
fixed_transform_step100,3693,2026-04-17,2026-04-27,0.010401572188011,2026,2026-03-31,learned_vol_interaction,20260912,0.44253838104958637,0.44253838104958637,0,1
fixed_transform_step100,3698,2026-04-24,2026-05-11,0.0263674696524953,2026,2026-03-31,learned_vol_interaction,20260912,0.4176199072633879,0.4176199072633879,0,1
fixed_transform_step100,3705,2026-05-08,2026-05-18,-0.0134529239455926,2026,2026-03-31,learned_vol_interaction,20260912,0.43639781359824803,0.43639781359824803,0,0
fixed_transform_step100,3710,2026-05-15,2026-05-25,0.0076235492615268,2026,2026-03-31,learned_vol_interaction,20260912,0.5071562801618323,0.5071562801618323,1,1
fixed_transform_step100,3715,2026-05-22,2026-06-01,0.005068538126898,2026,2026-03-31,learned_vol_interaction,20260912,0.5006439016317151,0.5006439016317151,1,1
fixed_transform_step100,3720,2026-05-29,2026-06-08,-0.039635353927193,2026,2026-03-31,learned_vol_interaction,20260912,0.485321072784044,0.485321072784044,0,0
fixed_transform_step100,3725,2026-06-05,2026-06-15,0.0266849782195981,2026,2026-03-31,learned_vol_interaction,20260912,0.49298988333164556,0.49298988333164556,0,1
fixed_transform_step100,3730,2026-06-12,2026-06-29,0.0076098142791176,2026,2026-03-31,learned_vol_interaction,20260912,0.4827171687669926,0.4827171687669926,0,1
fixed_transform_step100,3739,2026-06-26,2026-07-06,0.0005137647861506,2026,2026-03-31,learned_vol_interaction,20260912,0.5293972261901296,0.5293972261901296,1,1
fixed_transform_step100,3684,2026-04-03,2026-04-13,0.0380736235508991,2026,2026-03-31,learned_order_extension,20260912,0.4406179894789718,0.4406179894789718,0,1
fixed_transform_step100,3688,2026-04-10,2026-04-20,0.0242766725964382,2026,2026-03-31,learned_order_extension,20260912,0.48381952810518924,0.48381952810518924,0,1
fixed_transform_step100,3693,2026-04-17,2026-04-27,0.010401572188011,2026,2026-03-31,learned_order_extension,20260912,0.4192450822498275,0.4192450822498275,0,1
fixed_transform_step100,3698,2026-04-24,2026-05-11,0.0263674696524953,2026,2026-03-31,learned_order_extension,20260912,0.40763175437106736,0.40763175437106736,0,1
fixed_transform_step100,3705,2026-05-08,2026-05-18,-0.0134529239455926,2026,2026-03-31,learned_order_extension,20260912,0.437376394739589,0.437376394739589,0,0
fixed_transform_step100,3710,2026-05-15,2026-05-25,0.0076235492615268,2026,2026-03-31,learned_order_extension,20260912,0.523172742752818,0.523172742752818,1,1
fixed_transform_step100,3715,2026-05-22,2026-06-01,0.005068538126898,2026,2026-03-31,learned_order_extension,20260912,0.5050313510804343,0.5050313510804343,1,1
fixed_transform_step100,3720,2026-05-29,2026-06-08,-0.039635353927193,2026,2026-03-31,learned_order_extension,20260912,0.47833909955943976,0.47833909955943976,0,0
fixed_transform_step100,3725,2026-06-05,2026-06-15,0.0266849782195981,2026,2026-03-31,learned_order_extension,20260912,0.48296607149891185,0.48296607149891185,0,1
fixed_transform_step100,3730,2026-06-12,2026-06-29,0.0076098142791176,2026,2026-03-31,learned_order_extension,20260912,0.4663441535502918,0.4663441535502918,0,1
fixed_transform_step100,3739,2026-06-26,2026-07-06,0.0005137647861506,2026,2026-03-31,learned_order_extension,20260912,0.5284313360546697,0.5284313360546697,1,1
fixed_transform_step100,3684,2026-04-03,2026-04-13,0.0380736235508991,2026,2026-03-31,learned_order_offset,20260912,0.4403872176616907,0.4403872176616907,0,1
fixed_transform_step100,3688,2026-04-10,2026-04-20,0.0242766725964382,2026,2026-03-31,learned_order_offset,20260912,0.4836951034768915,0.4836951034768915,0,1
fixed_transform_step100,3693,2026-04-17,2026-04-27,0.010401572188011,2026,2026-03-31,learned_order_offset,20260912,0.41931650031030904,0.41931650031030904,0,1
fixed_transform_step100,3698,2026-04-24,2026-05-11,0.0263674696524953,2026,2026-03-31,learned_order_offset,20260912,0.4081748343542264,0.4081748343542264,0,1
fixed_transform_step100,3705,2026-05-08,2026-05-18,-0.0134529239455926,2026,2026-03-31,learned_order_offset,20260912,0.43776225582765865,0.43776225582765865,0,0
fixed_transform_step100,3710,2026-05-15,2026-05-25,0.0076235492615268,2026,2026-03-31,learned_order_offset,20260912,0.523838259285521,0.523838259285521,1,1
fixed_transform_step100,3715,2026-05-22,2026-06-01,0.005068538126898,2026,2026-03-31,learned_order_offset,20260912,0.5054240588633481,0.5054240588633481,1,1
fixed_transform_step100,3720,2026-05-29,2026-06-08,-0.039635353927193,2026,2026-03-31,learned_order_offset,20260912,0.47853129283606943,0.47853129283606943,0,0
fixed_transform_step100,3725,2026-06-05,2026-06-15,0.0266849782195981,2026,2026-03-31,learned_order_offset,20260912,0.48302166352414,0.48302166352414,0,1
fixed_transform_step100,3730,2026-06-12,2026-06-29,0.0076098142791176,2026,2026-03-31,learned_order_offset,20260912,0.46646864417734313,0.46646864417734313,0,1
fixed_transform_step100,3739,2026-06-26,2026-07-06,0.0005137647861506,2026,2026-03-31,learned_order_offset,20260912,0.5285995222230442,0.5285995222230442,1,1
fixed_transform_step100,3744,2026-07-03,2026-07-13,-0.0252847876365399,2026,2026-06-30,learned_market,20260910,0.5590620197663679,0.5590620197663679,1,0
fixed_transform_step100,3749,2026-07-10,2026-07-20,-0.035775397012711,2026,2026-06-30,learned_market,20260910,0.6129589433093575,0.6129589433093575,1,0
fixed_transform_step100,3754,2026-07-17,2026-07-27,0.01756245533441,2026,2026-06-30,learned_market,20260910,0.5695832068400878,0.5695832068400878,1,1
fixed_transform_step100,3759,2026-07-24,2026-08-03,-0.0202339761556519,2026,2026-06-30,learned_market,20260910,0.5809077542221422,0.5809077542221422,1,0
fixed_transform_step100,3764,2026-07-31,2026-08-10,0.0300318732435738,2026,2026-06-30,learned_market,20260910,0.3004057366024349,0.3004057366024349,0,1
fixed_transform_step100,3769,2026-08-07,2026-08-17,-0.0056482265760339,2026,2026-06-30,learned_market,20260910,0.5646533438216216,0.5646533438216216,1,0
fixed_transform_step100,3774,2026-08-14,2026-08-24,-0.0109860710402629,2026,2026-06-30,learned_market,20260910,0.5800324803373745,0.5800324803373745,1,0
fixed_transform_step100,3779,2026-08-21,2026-08-31,-0.0127592811002066,2026,2026-06-30,learned_market,20260910,0.686467571151546,0.686467571151546,1,0
fixed_transform_step100,3744,2026-07-03,2026-07-13,-0.0252847876365399,2026,2026-06-30,learned_vol_interaction,20260910,0.5781627590421401,0.5781627590421401,1,0
fixed_transform_step100,3749,2026-07-10,2026-07-20,-0.035775397012711,2026,2026-06-30,learned_vol_interaction,20260910,0.6032562673367595,0.6032562673367595,1,0
fixed_transform_step100,3754,2026-07-17,2026-07-27,0.01756245533441,2026,2026-06-30,learned_vol_interaction,20260910,0.5580794103576214,0.5580794103576214,1,1
fixed_transform_step100,3759,2026-07-24,2026-08-03,-0.0202339761556519,2026,2026-06-30,learned_vol_interaction,20260910,0.5792241498616418,0.5792241498616418,1,0
fixed_transform_step100,3764,2026-07-31,2026-08-10,0.0300318732435738,2026,2026-06-30,learned_vol_interaction,20260910,0.341857513626262,0.341857513626262,0,1
fixed_transform_step100,3769,2026-08-07,2026-08-17,-0.0056482265760339,2026,2026-06-30,learned_vol_interaction,20260910,0.562181607668643,0.562181607668643,1,0
fixed_transform_step100,3774,2026-08-14,2026-08-24,-0.0109860710402629,2026,2026-06-30,learned_vol_interaction,20260910,0.5734838188298199,0.5734838188298199,1,0
fixed_transform_step100,3779,2026-08-21,2026-08-31,-0.0127592811002066,2026,2026-06-30,learned_vol_interaction,20260910,0.6825575126014582,0.6825575126014582,1,0
fixed_transform_step100,3744,2026-07-03,2026-07-13,-0.0252847876365399,2026,2026-06-30,learned_order_extension,20260910,0.5993594133475612,0.5993594133475612,1,0
fixed_transform_step100,3749,2026-07-10,2026-07-20,-0.035775397012711,2026,2026-06-30,learned_order_extension,20260910,0.5530409330109631,0.5530409330109631,1,0
fixed_transform_step100,3754,2026-07-17,2026-07-27,0.01756245533441,2026,2026-06-30,learned_order_extension,20260910,0.5204588146208865,0.5204588146208865,1,1
fixed_transform_step100,3759,2026-07-24,2026-08-03,-0.0202339761556519,2026,2026-06-30,learned_order_extension,20260910,0.5471266489272826,0.5471266489272826,1,0
fixed_transform_step100,3764,2026-07-31,2026-08-10,0.0300318732435738,2026,2026-06-30,learned_order_extension,20260910,0.4068037895471804,0.4068037895471804,0,1
fixed_transform_step100,3769,2026-08-07,2026-08-17,-0.0056482265760339,2026,2026-06-30,learned_order_extension,20260910,0.5352863360219348,0.5352863360219348,1,0
fixed_transform_step100,3774,2026-08-14,2026-08-24,-0.0109860710402629,2026,2026-06-30,learned_order_extension,20260910,0.5373070633790388,0.5373070633790388,1,0
fixed_transform_step100,3779,2026-08-21,2026-08-31,-0.0127592811002066,2026,2026-06-30,learned_order_extension,20260910,0.6084457966716963,0.6084457966716963,1,0
fixed_transform_step100,3744,2026-07-03,2026-07-13,-0.0252847876365399,2026,2026-06-30,learned_order_offset,20260910,0.6030477354117547,0.6030477354117547,1,0
fixed_transform_step100,3749,2026-07-10,2026-07-20,-0.035775397012711,2026,2026-06-30,learned_order_offset,20260910,0.5519682422408358,0.5519682422408358,1,0
fixed_transform_step100,3754,2026-07-17,2026-07-27,0.01756245533441,2026,2026-06-30,learned_order_offset,20260910,0.5241006168129111,0.5241006168129111,1,1
fixed_transform_step100,3759,2026-07-24,2026-08-03,-0.0202339761556519,2026,2026-06-30,learned_order_offset,20260910,0.5494902882396024,0.5494902882396024,1,0
fixed_transform_step100,3764,2026-07-31,2026-08-10,0.0300318732435738,2026,2026-06-30,learned_order_offset,20260910,0.4204335139151753,0.4204335139151753,0,1
fixed_transform_step100,3769,2026-08-07,2026-08-17,-0.0056482265760339,2026,2026-06-30,learned_order_offset,20260910,0.5405544445043439,0.5405544445043439,1,0
fixed_transform_step100,3774,2026-08-14,2026-08-24,-0.0109860710402629,2026,2026-06-30,learned_order_offset,20260910,0.5387100371396645,0.5387100371396645,1,0
fixed_transform_step100,3779,2026-08-21,2026-08-31,-0.0127592811002066,2026,2026-06-30,learned_order_offset,20260910,0.6076624868218484,0.6076624868218484,1,0
fixed_transform_step100,3744,2026-07-03,2026-07-13,-0.0252847876365399,2026,2026-06-30,learned_market,20260911,0.49928339015098616,0.49928339015098616,0,0
fixed_transform_step100,3749,2026-07-10,2026-07-20,-0.035775397012711,2026,2026-06-30,learned_market,20260911,0.45761088998473876,0.45761088998473876,0,0
fixed_transform_step100,3754,2026-07-17,2026-07-27,0.01756245533441,2026,2026-06-30,learned_market,20260911,0.4936197089325673,0.4936197089325673,0,1
fixed_transform_step100,3759,2026-07-24,2026-08-03,-0.0202339761556519,2026,2026-06-30,learned_market,20260911,0.5172291430129109,0.5172291430129109,1,0
fixed_transform_step100,3764,2026-07-31,2026-08-10,0.0300318732435738,2026,2026-06-30,learned_market,20260911,0.498975143497328,0.498975143497328,0,1
fixed_transform_step100,3769,2026-08-07,2026-08-17,-0.0056482265760339,2026,2026-06-30,learned_market,20260911,0.3717877159463519,0.3717877159463519,0,0
fixed_transform_step100,3774,2026-08-14,2026-08-24,-0.0109860710402629,2026,2026-06-30,learned_market,20260911,0.5008303721624942,0.5008303721624942,1,0
fixed_transform_step100,3779,2026-08-21,2026-08-31,-0.0127592811002066,2026,2026-06-30,learned_market,20260911,0.47775398493757737,0.47775398493757737,0,0
fixed_transform_step100,3744,2026-07-03,2026-07-13,-0.0252847876365399,2026,2026-06-30,learned_vol_interaction,20260911,0.5661400803910218,0.5661400803910218,1,0
fixed_transform_step100,3749,2026-07-10,2026-07-20,-0.035775397012711,2026,2026-06-30,learned_vol_interaction,20260911,0.5405250004343561,0.5405250004343561,1,0
fixed_transform_step100,3754,2026-07-17,2026-07-27,0.01756245533441,2026,2026-06-30,learned_vol_interaction,20260911,0.529758422995881,0.529758422995881,1,1
fixed_transform_step100,3759,2026-07-24,2026-08-03,-0.0202339761556519,2026,2026-06-30,learned_vol_interaction,20260911,0.5605155484633505,0.5605155484633505,1,0
fixed_transform_step100,3764,2026-07-31,2026-08-10,0.0300318732435738,2026,2026-06-30,learned_vol_interaction,20260911,0.5366561001433712,0.5366561001433712,1,1
fixed_transform_step100,3769,2026-08-07,2026-08-17,-0.0056482265760339,2026,2026-06-30,learned_vol_interaction,20260911,0.4711521272473469,0.4711521272473469,0,0
fixed_transform_step100,3774,2026-08-14,2026-08-24,-0.0109860710402629,2026,2026-06-30,learned_vol_interaction,20260911,0.513486500726688,0.513486500726688,1,0
fixed_transform_step100,3779,2026-08-21,2026-08-31,-0.0127592811002066,2026,2026-06-30,learned_vol_interaction,20260911,0.4956361050193384,0.4956361050193384,0,0
fixed_transform_step100,3744,2026-07-03,2026-07-13,-0.0252847876365399,2026,2026-06-30,learned_order_extension,20260911,0.5804303991381705,0.5804303991381705,1,0
fixed_transform_step100,3749,2026-07-10,2026-07-20,-0.035775397012711,2026,2026-06-30,learned_order_extension,20260911,0.5591853399981038,0.5591853399981038,1,0
fixed_transform_step100,3754,2026-07-17,2026-07-27,0.01756245533441,2026,2026-06-30,learned_order_extension,20260911,0.53319228047862,0.53319228047862,1,1
fixed_transform_step100,3759,2026-07-24,2026-08-03,-0.0202339761556519,2026,2026-06-30,learned_order_extension,20260911,0.5640396963732247,0.5640396963732247,1,0
fixed_transform_step100,3764,2026-07-31,2026-08-10,0.0300318732435738,2026,2026-06-30,learned_order_extension,20260911,0.539534496186027,0.539534496186027,1,1
fixed_transform_step100,3769,2026-08-07,2026-08-17,-0.0056482265760339,2026,2026-06-30,learned_order_extension,20260911,0.49508793501094844,0.49508793501094844,0,0
fixed_transform_step100,3774,2026-08-14,2026-08-24,-0.0109860710402629,2026,2026-06-30,learned_order_extension,20260911,0.5092292731842025,0.5092292731842025,1,0
fixed_transform_step100,3779,2026-08-21,2026-08-31,-0.0127592811002066,2026,2026-06-30,learned_order_extension,20260911,0.49262374399685543,0.49262374399685543,0,0
fixed_transform_step100,3744,2026-07-03,2026-07-13,-0.0252847876365399,2026,2026-06-30,learned_order_offset,20260911,0.5823958115469576,0.5823958115469576,1,0
fixed_transform_step100,3749,2026-07-10,2026-07-20,-0.035775397012711,2026,2026-06-30,learned_order_offset,20260911,0.5616953176672221,0.5616953176672221,1,0
fixed_transform_step100,3754,2026-07-17,2026-07-27,0.01756245533441,2026,2026-06-30,learned_order_offset,20260911,0.5360079557796206,0.5360079557796206,1,1
fixed_transform_step100,3759,2026-07-24,2026-08-03,-0.0202339761556519,2026,2026-06-30,learned_order_offset,20260911,0.5658036830578141,0.5658036830578141,1,0
fixed_transform_step100,3764,2026-07-31,2026-08-10,0.0300318732435738,2026,2026-06-30,learned_order_offset,20260911,0.5426522917321448,0.5426522917321448,1,1
fixed_transform_step100,3769,2026-08-07,2026-08-17,-0.0056482265760339,2026,2026-06-30,learned_order_offset,20260911,0.4997790645821554,0.4997790645821554,0,0
fixed_transform_step100,3774,2026-08-14,2026-08-24,-0.0109860710402629,2026,2026-06-30,learned_order_offset,20260911,0.5119752453030827,0.5119752453030827,1,0
fixed_transform_step100,3779,2026-08-21,2026-08-31,-0.0127592811002066,2026,2026-06-30,learned_order_offset,20260911,0.49485779570314203,0.49485779570314203,0,0
fixed_transform_step100,3744,2026-07-03,2026-07-13,-0.0252847876365399,2026,2026-06-30,learned_market,20260912,0.5444906319777849,0.5444906319777849,1,0
fixed_transform_step100,3749,2026-07-10,2026-07-20,-0.035775397012711,2026,2026-06-30,learned_market,20260912,0.6142507774964426,0.6142507774964426,1,0
fixed_transform_step100,3754,2026-07-17,2026-07-27,0.01756245533441,2026,2026-06-30,learned_market,20260912,0.5155173952221396,0.5155173952221396,1,1
fixed_transform_step100,3759,2026-07-24,2026-08-03,-0.0202339761556519,2026,2026-06-30,learned_market,20260912,0.5532523112622184,0.5532523112622184,1,0
fixed_transform_step100,3764,2026-07-31,2026-08-10,0.0300318732435738,2026,2026-06-30,learned_market,20260912,0.5288904707806497,0.5288904707806497,1,1
fixed_transform_step100,3769,2026-08-07,2026-08-17,-0.0056482265760339,2026,2026-06-30,learned_market,20260912,0.5872159840256461,0.5872159840256461,1,0
fixed_transform_step100,3774,2026-08-14,2026-08-24,-0.0109860710402629,2026,2026-06-30,learned_market,20260912,0.5960145299320829,0.5960145299320829,1,0
fixed_transform_step100,3779,2026-08-21,2026-08-31,-0.0127592811002066,2026,2026-06-30,learned_market,20260912,0.5108854124400167,0.5108854124400167,1,0
fixed_transform_step100,3744,2026-07-03,2026-07-13,-0.0252847876365399,2026,2026-06-30,learned_vol_interaction,20260912,0.5544281779857464,0.5544281779857464,1,0
fixed_transform_step100,3749,2026-07-10,2026-07-20,-0.035775397012711,2026,2026-06-30,learned_vol_interaction,20260912,0.6159326194854926,0.6159326194854926,1,0
fixed_transform_step100,3754,2026-07-17,2026-07-27,0.01756245533441,2026,2026-06-30,learned_vol_interaction,20260912,0.5725922672691314,0.5725922672691314,1,1
fixed_transform_step100,3759,2026-07-24,2026-08-03,-0.0202339761556519,2026,2026-06-30,learned_vol_interaction,20260912,0.5952213411519057,0.5952213411519057,1,0
fixed_transform_step100,3764,2026-07-31,2026-08-10,0.0300318732435738,2026,2026-06-30,learned_vol_interaction,20260912,0.5468321217247526,0.5468321217247526,1,1
fixed_transform_step100,3769,2026-08-07,2026-08-17,-0.0056482265760339,2026,2026-06-30,learned_vol_interaction,20260912,0.5631349229865069,0.5631349229865069,1,0
fixed_transform_step100,3774,2026-08-14,2026-08-24,-0.0109860710402629,2026,2026-06-30,learned_vol_interaction,20260912,0.5895096884400046,0.5895096884400046,1,0
fixed_transform_step100,3779,2026-08-21,2026-08-31,-0.0127592811002066,2026,2026-06-30,learned_vol_interaction,20260912,0.5040377340271786,0.5040377340271786,1,0
fixed_transform_step100,3744,2026-07-03,2026-07-13,-0.0252847876365399,2026,2026-06-30,learned_order_extension,20260912,0.5645524503284165,0.5645524503284165,1,0
fixed_transform_step100,3749,2026-07-10,2026-07-20,-0.035775397012711,2026,2026-06-30,learned_order_extension,20260912,0.6151671943500879,0.6151671943500879,1,0
fixed_transform_step100,3754,2026-07-17,2026-07-27,0.01756245533441,2026,2026-06-30,learned_order_extension,20260912,0.57583332246636,0.57583332246636,1,1
fixed_transform_step100,3759,2026-07-24,2026-08-03,-0.0202339761556519,2026,2026-06-30,learned_order_extension,20260912,0.6011903861217704,0.6011903861217704,1,0
fixed_transform_step100,3764,2026-07-31,2026-08-10,0.0300318732435738,2026,2026-06-30,learned_order_extension,20260912,0.5528376139036432,0.5528376139036432,1,1
fixed_transform_step100,3769,2026-08-07,2026-08-17,-0.0056482265760339,2026,2026-06-30,learned_order_extension,20260912,0.5542469579422356,0.5542469579422356,1,0
fixed_transform_step100,3774,2026-08-14,2026-08-24,-0.0109860710402629,2026,2026-06-30,learned_order_extension,20260912,0.5835596109022049,0.5835596109022049,1,0
fixed_transform_step100,3779,2026-08-21,2026-08-31,-0.0127592811002066,2026,2026-06-30,learned_order_extension,20260912,0.4955338445266901,0.4955338445266901,0,0
fixed_transform_step100,3744,2026-07-03,2026-07-13,-0.0252847876365399,2026,2026-06-30,learned_order_offset,20260912,0.5647958425595065,0.5647958425595065,1,0
fixed_transform_step100,3749,2026-07-10,2026-07-20,-0.035775397012711,2026,2026-06-30,learned_order_offset,20260912,0.6162458459611104,0.6162458459611104,1,0
fixed_transform_step100,3754,2026-07-17,2026-07-27,0.01756245533441,2026,2026-06-30,learned_order_offset,20260912,0.5794533463239347,0.5794533463239347,1,1
fixed_transform_step100,3759,2026-07-24,2026-08-03,-0.0202339761556519,2026,2026-06-30,learned_order_offset,20260912,0.6053924880038689,0.6053924880038689,1,0
fixed_transform_step100,3764,2026-07-31,2026-08-10,0.0300318732435738,2026,2026-06-30,learned_order_offset,20260912,0.5562685357016914,0.5562685357016914,1,1
fixed_transform_step100,3769,2026-08-07,2026-08-17,-0.0056482265760339,2026,2026-06-30,learned_order_offset,20260912,0.5564999174942474,0.5564999174942474,1,0
fixed_transform_step100,3774,2026-08-14,2026-08-24,-0.0109860710402629,2026,2026-06-30,learned_order_offset,20260912,0.5854359755874421,0.5854359755874421,1,0
fixed_transform_step100,3779,2026-08-21,2026-08-31,-0.0127592811002066,2026,2026-06-30,learned_order_offset,20260912,0.49810148920232766,0.49810148920232766,0,0
fixed_transform_step100,2418,2021-01-08,2021-01-18,-0.0120052904669853,2021,2020-12-31,native_mse,20260910,-0.00016719672473286887,,0,0
fixed_transform_step100,2423,2021-01-15,2021-01-25,0.0231622460538123,2021,2020-12-31,native_mse,20260910,-0.0024576018862454926,,0,1
fixed_transform_step100,2428,2021-01-22,2021-02-01,-0.0372511735907923,2021,2020-12-31,native_mse,20260910,-0.003647746896638798,,0,0
fixed_transform_step100,2433,2021-01-29,2021-02-08,0.0278689901714626,2021,2020-12-31,native_mse,20260910,-0.0025472735860022446,,0,1
fixed_transform_step100,2438,2021-02-05,2021-02-22,0.0507379035040882,2021,2020-12-31,native_mse,20260910,-0.0030793775400414984,,0,1
fixed_transform_step100,2443,2021-02-19,2021-03-01,-0.0684918010685315,2021,2020-12-31,native_mse,20260910,-0.0023490676188242655,,0,0
fixed_transform_step100,2448,2021-02-26,2021-03-08,-0.0165997123904068,2021,2020-12-31,native_mse,20260910,-0.0023665663755005908,,0,0
fixed_transform_step100,2453,2021-03-05,2021-03-15,-0.0346560901469681,2021,2020-12-31,native_mse,20260910,-0.0014253865572098575,,0,0
fixed_transform_step100,2458,2021-03-12,2021-03-22,-0.0210550182560221,2021,2020-12-31,native_mse,20260910,-0.0005000901973691782,,0,0
fixed_transform_step100,2463,2021-03-19,2021-03-29,0.0087572877565691,2021,2020-12-31,native_mse,20260910,0.006023340982564988,,1,1
fixed_transform_step100,2468,2021-03-26,2021-04-06,0.0250145479448802,2021,2020-12-31,native_mse,20260910,0.005598392317839315,,1,1
fixed_transform_step100,2473,2021-04-02,2021-04-12,-0.0292856811827044,2021,2020-12-31,native_mse,20260910,0.0036485752776130036,,1,0
fixed_transform_step100,2477,2021-04-09,2021-04-19,-0.0120489836840408,2021,2020-12-31,native_mse,20260910,0.007350243400305611,,1,0
fixed_transform_step100,2482,2021-04-16,2021-04-26,0.0382932540809155,2021,2020-12-31,native_mse,20260910,0.002900059176571625,,1,1
fixed_transform_step100,2487,2021-04-23,2021-05-06,-0.0112070185917437,2021,2020-12-31,native_mse,20260910,0.007596625467989239,,1,0
fixed_transform_step100,2492,2021-04-30,2021-05-12,-0.0190946889464188,2021,2020-12-31,native_mse,20260910,0.007105998256782256,,1,0
fixed_transform_step100,2494,2021-05-07,2021-05-17,0.0227674429764228,2021,2020-12-31,native_mse,20260910,0.0072995237328683515,,1,1
fixed_transform_step100,2499,2021-05-14,2021-05-24,0.0045940519733895,2021,2020-12-31,native_mse,20260910,0.006906583839110419,,1,1
fixed_transform_step100,2504,2021-05-21,2021-05-31,0.0348855085126711,2021,2020-12-31,native_mse,20260910,0.0039949465805707365,,1,1
fixed_transform_step100,2509,2021-05-28,2021-06-07,-0.0062409741861724,2021,2020-12-31,native_mse,20260910,0.004302626766656515,,1,0
fixed_transform_step100,2514,2021-06-04,2021-06-15,-0.0125508761771767,2021,2020-12-31,native_mse,20260910,0.0018010688105476373,,1,0
fixed_transform_step100,2519,2021-06-11,2021-06-21,-0.0250011497424577,2021,2020-12-31,native_mse,20260910,-0.0027939130847951473,,0,0
fixed_transform_step100,2523,2021-06-18,2021-06-28,0.0325308711127356,2021,2020-12-31,native_mse,20260910,-0.0024054667576293687,,0,1
fixed_transform_step100,2528,2021-06-25,2021-07-05,-0.0342297962734196,2021,2020-12-31,native_mse,20260910,-0.0021641013171994155,,0,0
fixed_transform_step100,2533,2021-07-02,2021-07-12,0.0068193733271841,2021,2020-12-31,native_mse,20260910,-0.002740282150259048,,0,1
fixed_transform_step100,2538,2021-07-09,2021-07-19,-0.0048254045313779,2021,2020-12-31,native_mse,20260910,-0.0025804416168060183,,0,0
fixed_transform_step100,2543,2021-07-16,2021-07-26,-0.0032299118953994,2021,2020-12-31,native_mse,20260910,-0.0035112489700114967,,0,0
fixed_transform_step100,2548,2021-07-23,2021-08-02,-0.0537740931579083,2021,2020-12-31,native_mse,20260910,-0.002252148085559406,,0,0
fixed_transform_step100,2553,2021-07-30,2021-08-09,0.019904813945049,2021,2020-12-31,native_mse,20260910,-0.0013935392955686378,,0,1
fixed_transform_step100,2558,2021-08-06,2021-08-16,0.0093369268709639,2021,2020-12-31,native_mse,20260910,-0.0008547058545780883,,0,1
fixed_transform_step100,2563,2021-08-13,2021-08-23,-0.032048736608373,2021,2020-12-31,native_mse,20260910,-0.0010996712313164061,,0,0
fixed_transform_step100,2568,2021-08-20,2021-08-30,0.0145047962107527,2021,2020-12-31,native_mse,20260910,0.0014984460902095808,,1,1
fixed_transform_step100,2573,2021-08-27,2021-09-06,-0.0012316820816045,2021,2020-12-31,native_mse,20260910,0.006590900742918945,,1,0
fixed_transform_step100,2578,2021-09-03,2021-09-13,0.0342301066295398,2021,2020-12-31,native_mse,20260910,0.009486980636077728,,1,1
fixed_transform_step100,2583,2021-09-10,2021-09-22,-0.0471441667981554,2021,2020-12-31,native_mse,20260910,0.009371153033789907,,1,0
fixed_transform_step100,2588,2021-09-17,2021-09-28,0.0209863060789441,2021,2020-12-31,native_mse,20260910,0.009603132896707183,,1,1
fixed_transform_step100,2591,2021-09-24,2021-10-11,0.0144615416200457,2021,2020-12-31,native_mse,20260910,0.009682760274058575,,1,1
fixed_transform_step100,2596,2021-10-08,2021-10-18,-0.0038006269617851,2021,2020-12-31,native_mse,20260910,0.009091248352644028,,1,0
fixed_transform_step100,2601,2021-10-15,2021-10-25,0.0037358989621147,2021,2020-12-31,native_mse,20260910,0.008469619450977196,,1,1
fixed_transform_step100,2606,2021-10-22,2021-11-01,-0.0127041632091318,2021,2020-12-31,native_mse,20260910,0.0008933657456787875,,1,0
fixed_transform_step100,2611,2021-10-29,2021-11-08,-0.0075807737801166,2021,2020-12-31,native_mse,20260910,0.002406790555140204,,1,0
fixed_transform_step100,2616,2021-11-05,2021-11-15,0.0110015182343039,2021,2020-12-31,native_mse,20260910,0.004495816516502967,,1,1
fixed_transform_step100,2621,2021-11-12,2021-11-22,0.0002002284238551,2021,2020-12-31,native_mse,20260910,0.008345328596010884,,1,1
fixed_transform_step100,2626,2021-11-19,2021-11-29,-0.0153981603100059,2021,2020-12-31,native_mse,20260910,0.006936498727743483,,1,0
fixed_transform_step100,2631,2021-11-26,2021-12-06,0.0185518287306458,2021,2020-12-31,native_mse,20260910,0.0043122154605937865,,1,1
fixed_transform_step100,2636,2021-12-03,2021-12-13,0.0367843110096284,2021,2020-12-31,native_mse,20260910,0.003903132217743633,,1,1
fixed_transform_step100,2641,2021-12-10,2021-12-20,-0.0304615698955996,2021,2020-12-31,native_mse,20260910,0.0011584734670292821,,1,0
fixed_transform_step100,2646,2021-12-17,2021-12-27,-0.0034083287233763,2021,2020-12-31,native_mse,20260910,0.008060168302998738,,1,0
fixed_transform_step100,2651,2021-12-24,2022-01-04,0.0080985736506613,2021,2020-12-31,native_mse,20260910,0.0074924187486900135,,1,1
fixed_transform_step100,2656,2021-12-31,2022-01-10,-0.0293970528320001,2021,2020-12-31,native_mse,20260910,0.008334791957105143,,1,0
fixed_transform_step100,2418,2021-01-08,2021-01-18,-0.0120052904669853,2021,2020-12-31,native_mse,20260911,0.008552411017393067,,1,0
fixed_transform_step100,2423,2021-01-15,2021-01-25,0.0231622460538123,2021,2020-12-31,native_mse,20260911,0.004218820233000888,,1,1
fixed_transform_step100,2428,2021-01-22,2021-02-01,-0.0372511735907923,2021,2020-12-31,native_mse,20260911,0.004959951689017089,,1,0
fixed_transform_step100,2433,2021-01-29,2021-02-08,0.0278689901714626,2021,2020-12-31,native_mse,20260911,-0.006242641410233065,,0,1
fixed_transform_step100,2438,2021-02-05,2021-02-22,0.0507379035040882,2021,2020-12-31,native_mse,20260911,0.0007951359987466982,,1,1
fixed_transform_step100,2443,2021-02-19,2021-03-01,-0.0684918010685315,2021,2020-12-31,native_mse,20260911,-0.0016330918552967294,,0,0
fixed_transform_step100,2448,2021-02-26,2021-03-08,-0.0165997123904068,2021,2020-12-31,native_mse,20260911,-0.00533638880364651,,0,0
fixed_transform_step100,2453,2021-03-05,2021-03-15,-0.0346560901469681,2021,2020-12-31,native_mse,20260911,-0.011674592766508288,,0,0
fixed_transform_step100,2458,2021-03-12,2021-03-22,-0.0210550182560221,2021,2020-12-31,native_mse,20260911,-0.007847066861436623,,0,0
fixed_transform_step100,2463,2021-03-19,2021-03-29,0.0087572877565691,2021,2020-12-31,native_mse,20260911,-0.0039060339233599494,,0,1
fixed_transform_step100,2468,2021-03-26,2021-04-06,0.0250145479448802,2021,2020-12-31,native_mse,20260911,0.0009273635613917179,,1,1
fixed_transform_step100,2473,2021-04-02,2021-04-12,-0.0292856811827044,2021,2020-12-31,native_mse,20260911,-0.0027355840325147787,,0,0
fixed_transform_step100,2477,2021-04-09,2021-04-19,-0.0120489836840408,2021,2020-12-31,native_mse,20260911,-0.0036343506408249315,,0,0
fixed_transform_step100,2482,2021-04-16,2021-04-26,0.0382932540809155,2021,2020-12-31,native_mse,20260911,-0.0006724515978878938,,0,1
fixed_transform_step100,2487,2021-04-23,2021-05-06,-0.0112070185917437,2021,2020-12-31,native_mse,20260911,0.0055289088739753755,,1,0
fixed_transform_step100,2492,2021-04-30,2021-05-12,-0.0190946889464188,2021,2020-12-31,native_mse,20260911,0.0033327575219957396,,1,0
fixed_transform_step100,2494,2021-05-07,2021-05-17,0.0227674429764228,2021,2020-12-31,native_mse,20260911,0.0021669511395786133,,1,1
fixed_transform_step100,2499,2021-05-14,2021-05-24,0.0045940519733895,2021,2020-12-31,native_mse,20260911,0.0011114542693073139,,1,1
fixed_transform_step100,2504,2021-05-21,2021-05-31,0.0348855085126711,2021,2020-12-31,native_mse,20260911,0.008400289317996804,,1,1
fixed_transform_step100,2509,2021-05-28,2021-06-07,-0.0062409741861724,2021,2020-12-31,native_mse,20260911,0.0007953145198423817,,1,0
fixed_transform_step100,2514,2021-06-04,2021-06-15,-0.0125508761771767,2021,2020-12-31,native_mse,20260911,-0.007020166164517651,,0,0
fixed_transform_step100,2519,2021-06-11,2021-06-21,-0.0250011497424577,2021,2020-12-31,native_mse,20260911,-0.008619872591947365,,0,0
fixed_transform_step100,2523,2021-06-18,2021-06-28,0.0325308711127356,2021,2020-12-31,native_mse,20260911,-0.008791375820448139,,0,1
fixed_transform_step100,2528,2021-06-25,2021-07-05,-0.0342297962734196,2021,2020-12-31,native_mse,20260911,-0.008045520831514462,,0,0
fixed_transform_step100,2533,2021-07-02,2021-07-12,0.0068193733271841,2021,2020-12-31,native_mse,20260911,-0.007174844548354277,,0,1
fixed_transform_step100,2538,2021-07-09,2021-07-19,-0.0048254045313779,2021,2020-12-31,native_mse,20260911,-0.015340492927170088,,0,0
fixed_transform_step100,2543,2021-07-16,2021-07-26,-0.0032299118953994,2021,2020-12-31,native_mse,20260911,-0.005208717730643443,,0,0
fixed_transform_step100,2548,2021-07-23,2021-08-02,-0.0537740931579083,2021,2020-12-31,native_mse,20260911,-0.005850917345567664,,0,0
fixed_transform_step100,2553,2021-07-30,2021-08-09,0.019904813945049,2021,2020-12-31,native_mse,20260911,-0.0028205260505218244,,0,1
fixed_transform_step100,2558,2021-08-06,2021-08-16,0.0093369268709639,2021,2020-12-31,native_mse,20260911,0.0007831311211854701,,1,1
fixed_transform_step100,2563,2021-08-13,2021-08-23,-0.032048736608373,2021,2020-12-31,native_mse,20260911,-0.0005906639308137641,,0,0
fixed_transform_step100,2568,2021-08-20,2021-08-30,0.0145047962107527,2021,2020-12-31,native_mse,20260911,-0.004641917146108556,,0,1
fixed_transform_step100,2573,2021-08-27,2021-09-06,-0.0012316820816045,2021,2020-12-31,native_mse,20260911,0.014579973106645959,,1,0
fixed_transform_step100,2578,2021-09-03,2021-09-13,0.0342301066295398,2021,2020-12-31,native_mse,20260911,0.008593989010996025,,1,1
fixed_transform_step100,2583,2021-09-10,2021-09-22,-0.0471441667981554,2021,2020-12-31,native_mse,20260911,0.008313547741757724,,1,0
fixed_transform_step100,2588,2021-09-17,2021-09-28,0.0209863060789441,2021,2020-12-31,native_mse,20260911,0.01165935650344279,,1,1
fixed_transform_step100,2591,2021-09-24,2021-10-11,0.0144615416200457,2021,2020-12-31,native_mse,20260911,0.005518532924551857,,1,1
fixed_transform_step100,2596,2021-10-08,2021-10-18,-0.0038006269617851,2021,2020-12-31,native_mse,20260911,0.012263523541426666,,1,0
fixed_transform_step100,2601,2021-10-15,2021-10-25,0.0037358989621147,2021,2020-12-31,native_mse,20260911,0.005744974739242532,,1,1
fixed_transform_step100,2606,2021-10-22,2021-11-01,-0.0127041632091318,2021,2020-12-31,native_mse,20260911,-0.002876912071818175,,0,0
fixed_transform_step100,2611,2021-10-29,2021-11-08,-0.0075807737801166,2021,2020-12-31,native_mse,20260911,0.007299876265916085,,1,0
fixed_transform_step100,2616,2021-11-05,2021-11-15,0.0110015182343039,2021,2020-12-31,native_mse,20260911,0.01509194783358179,,1,1
fixed_transform_step100,2621,2021-11-12,2021-11-22,0.0002002284238551,2021,2020-12-31,native_mse,20260911,0.015091062401740971,,1,1
fixed_transform_step100,2626,2021-11-19,2021-11-29,-0.0153981603100059,2021,2020-12-31,native_mse,20260911,0.0038828482450291406,,1,0
fixed_transform_step100,2631,2021-11-26,2021-12-06,0.0185518287306458,2021,2020-12-31,native_mse,20260911,0.012319022901115752,,1,1
fixed_transform_step100,2636,2021-12-03,2021-12-13,0.0367843110096284,2021,2020-12-31,native_mse,20260911,-0.0032795392457900994,,0,1
fixed_transform_step100,2641,2021-12-10,2021-12-20,-0.0304615698955996,2021,2020-12-31,native_mse,20260911,0.0011267436480836153,,1,0
fixed_transform_step100,2646,2021-12-17,2021-12-27,-0.0034083287233763,2021,2020-12-31,native_mse,20260911,0.009051863032613542,,1,0
fixed_transform_step100,2651,2021-12-24,2022-01-04,0.0080985736506613,2021,2020-12-31,native_mse,20260911,0.011692479032888078,,1,1
fixed_transform_step100,2656,2021-12-31,2022-01-10,-0.0293970528320001,2021,2020-12-31,native_mse,20260911,0.0061027978323025915,,1,0
fixed_transform_step100,2418,2021-01-08,2021-01-18,-0.0120052904669853,2021,2020-12-31,native_mse,20260912,0.001397497585867654,,1,0
fixed_transform_step100,2423,2021-01-15,2021-01-25,0.0231622460538123,2021,2020-12-31,native_mse,20260912,0.0006715229500529757,,1,1
fixed_transform_step100,2428,2021-01-22,2021-02-01,-0.0372511735907923,2021,2020-12-31,native_mse,20260912,0.0008989216255188498,,1,0
fixed_transform_step100,2433,2021-01-29,2021-02-08,0.0278689901714626,2021,2020-12-31,native_mse,20260912,0.0007959764416317159,,1,1
fixed_transform_step100,2438,2021-02-05,2021-02-22,0.0507379035040882,2021,2020-12-31,native_mse,20260912,0.0012803740659475327,,1,1
fixed_transform_step100,2443,2021-02-19,2021-03-01,-0.0684918010685315,2021,2020-12-31,native_mse,20260912,0.0009133829615551264,,1,0
fixed_transform_step100,2448,2021-02-26,2021-03-08,-0.0165997123904068,2021,2020-12-31,native_mse,20260912,0.0013704992420810927,,1,0
fixed_transform_step100,2453,2021-03-05,2021-03-15,-0.0346560901469681,2021,2020-12-31,native_mse,20260912,0.0008756814992302536,,1,0
fixed_transform_step100,2458,2021-03-12,2021-03-22,-0.0210550182560221,2021,2020-12-31,native_mse,20260912,0.0011757184818956695,,1,0
fixed_transform_step100,2463,2021-03-19,2021-03-29,0.0087572877565691,2021,2020-12-31,native_mse,20260912,0.0010792053864410744,,1,1
fixed_transform_step100,2468,2021-03-26,2021-04-06,0.0250145479448802,2021,2020-12-31,native_mse,20260912,0.0011499309968955886,,1,1
fixed_transform_step100,2473,2021-04-02,2021-04-12,-0.0292856811827044,2021,2020-12-31,native_mse,20260912,0.0010410156043567688,,1,0
fixed_transform_step100,2477,2021-04-09,2021-04-19,-0.0120489836840408,2021,2020-12-31,native_mse,20260912,0.0015346227958627386,,1,0
fixed_transform_step100,2482,2021-04-16,2021-04-26,0.0382932540809155,2021,2020-12-31,native_mse,20260912,0.001333459240383137,,1,1
fixed_transform_step100,2487,2021-04-23,2021-05-06,-0.0112070185917437,2021,2020-12-31,native_mse,20260912,0.0016691075435783544,,1,0
fixed_transform_step100,2492,2021-04-30,2021-05-12,-0.0190946889464188,2021,2020-12-31,native_mse,20260912,0.0008697905080337705,,1,0
fixed_transform_step100,2494,2021-05-07,2021-05-17,0.0227674429764228,2021,2020-12-31,native_mse,20260912,0.0011496090030479206,,1,1
fixed_transform_step100,2499,2021-05-14,2021-05-24,0.0045940519733895,2021,2020-12-31,native_mse,20260912,0.0010483063772099349,,1,1
fixed_transform_step100,2504,2021-05-21,2021-05-31,0.0348855085126711,2021,2020-12-31,native_mse,20260912,0.0011439525898009322,,1,1
fixed_transform_step100,2509,2021-05-28,2021-06-07,-0.0062409741861724,2021,2020-12-31,native_mse,20260912,0.0011525125328662067,,1,0
fixed_transform_step100,2514,2021-06-04,2021-06-15,-0.0125508761771767,2021,2020-12-31,native_mse,20260912,0.0007128828650729158,,1,0
fixed_transform_step100,2519,2021-06-11,2021-06-21,-0.0250011497424577,2021,2020-12-31,native_mse,20260912,0.0008407535701623152,,1,0
fixed_transform_step100,2523,2021-06-18,2021-06-28,0.0325308711127356,2021,2020-12-31,native_mse,20260912,0.0005295128002944305,,1,1
fixed_transform_step100,2528,2021-06-25,2021-07-05,-0.0342297962734196,2021,2020-12-31,native_mse,20260912,0.0004392776625445282,,1,0
fixed_transform_step100,2533,2021-07-02,2021-07-12,0.0068193733271841,2021,2020-12-31,native_mse,20260912,0.0008802423955353033,,1,1
fixed_transform_step100,2538,2021-07-09,2021-07-19,-0.0048254045313779,2021,2020-12-31,native_mse,20260912,0.001025036941487719,,1,0
fixed_transform_step100,2543,2021-07-16,2021-07-26,-0.0032299118953994,2021,2020-12-31,native_mse,20260912,0.0009848540154367372,,1,0
fixed_transform_step100,2548,2021-07-23,2021-08-02,-0.0537740931579083,2021,2020-12-31,native_mse,20260912,0.0010837390229232473,,1,0
fixed_transform_step100,2553,2021-07-30,2021-08-09,0.019904813945049,2021,2020-12-31,native_mse,20260912,0.0007753634039124927,,1,1
fixed_transform_step100,2558,2021-08-06,2021-08-16,0.0093369268709639,2021,2020-12-31,native_mse,20260912,0.0010686946751112278,,1,1
fixed_transform_step100,2563,2021-08-13,2021-08-23,-0.032048736608373,2021,2020-12-31,native_mse,20260912,0.0016819071064647707,,1,0
fixed_transform_step100,2568,2021-08-20,2021-08-30,0.0145047962107527,2021,2020-12-31,native_mse,20260912,0.0015674609930577542,,1,1
fixed_transform_step100,2573,2021-08-27,2021-09-06,-0.0012316820816045,2021,2020-12-31,native_mse,20260912,0.0015518786224257932,,1,0
fixed_transform_step100,2578,2021-09-03,2021-09-13,0.0342301066295398,2021,2020-12-31,native_mse,20260912,0.0015775578367383941,,1,1
fixed_transform_step100,2583,2021-09-10,2021-09-22,-0.0471441667981554,2021,2020-12-31,native_mse,20260912,0.00097730888589041,,1,0
fixed_transform_step100,2588,2021-09-17,2021-09-28,0.0209863060789441,2021,2020-12-31,native_mse,20260912,0.0010514539644274003,,1,1
fixed_transform_step100,2591,2021-09-24,2021-10-11,0.0144615416200457,2021,2020-12-31,native_mse,20260912,0.0009736007301348337,,1,1
fixed_transform_step100,2596,2021-10-08,2021-10-18,-0.0038006269617851,2021,2020-12-31,native_mse,20260912,0.0017059097904301645,,1,0
fixed_transform_step100,2601,2021-10-15,2021-10-25,0.0037358989621147,2021,2020-12-31,native_mse,20260912,0.0013112113818953192,,1,1
fixed_transform_step100,2606,2021-10-22,2021-11-01,-0.0127041632091318,2021,2020-12-31,native_mse,20260912,0.001166627382206441,,1,0
fixed_transform_step100,2611,2021-10-29,2021-11-08,-0.0075807737801166,2021,2020-12-31,native_mse,20260912,0.0010497018546840582,,1,0
fixed_transform_step100,2616,2021-11-05,2021-11-15,0.0110015182343039,2021,2020-12-31,native_mse,20260912,0.0009666279543883876,,1,1
fixed_transform_step100,2621,2021-11-12,2021-11-22,0.0002002284238551,2021,2020-12-31,native_mse,20260912,0.00100753152357648,,1,1
fixed_transform_step100,2626,2021-11-19,2021-11-29,-0.0153981603100059,2021,2020-12-31,native_mse,20260912,0.0011440904261233744,,1,0
fixed_transform_step100,2631,2021-11-26,2021-12-06,0.0185518287306458,2021,2020-12-31,native_mse,20260912,0.0008222023383696463,,1,1
fixed_transform_step100,2636,2021-12-03,2021-12-13,0.0367843110096284,2021,2020-12-31,native_mse,20260912,0.000663622110562264,,1,1
fixed_transform_step100,2641,2021-12-10,2021-12-20,-0.0304615698955996,2021,2020-12-31,native_mse,20260912,0.0012207854253852776,,1,0
fixed_transform_step100,2646,2021-12-17,2021-12-27,-0.0034083287233763,2021,2020-12-31,native_mse,20260912,0.0012339786672550855,,1,0
fixed_transform_step100,2651,2021-12-24,2022-01-04,0.0080985736506613,2021,2020-12-31,native_mse,20260912,0.0010451229218044734,,1,1
fixed_transform_step100,2656,2021-12-31,2022-01-10,-0.0293970528320001,2021,2020-12-31,native_mse,20260912,0.001214204791414166,,1,0
fixed_transform_step100,2660,2022-01-07,2022-01-17,-0.0173453887283024,2022,2021-12-31,native_mse,20260910,-0.0034182510339292468,,0,0
fixed_transform_step100,2665,2022-01-14,2022-01-24,0.0053248631776616,2022,2021-12-31,native_mse,20260910,0.004761167720503064,,1,1
fixed_transform_step100,2670,2022-01-21,2022-02-07,-0.0242661876254222,2022,2021-12-31,native_mse,20260910,0.013137367547165641,,1,0
fixed_transform_step100,2675,2022-01-28,2022-02-14,-0.0127539031341488,2022,2021-12-31,native_mse,20260910,0.010886081661597602,,1,0
fixed_transform_step100,2680,2022-02-11,2022-02-21,0.0145498774954033,2022,2021-12-31,native_mse,20260910,0.008879219089809445,,1,1
fixed_transform_step100,2685,2022-02-18,2022-02-28,-0.0177161244498015,2022,2021-12-31,native_mse,20260910,0.009476567447344621,,1,0
fixed_transform_step100,2690,2022-02-25,2022-03-07,-0.0221791776043331,2022,2021-12-31,native_mse,20260910,0.01051598647298397,,1,0
fixed_transform_step100,2695,2022-03-04,2022-03-14,-0.0480378799422749,2022,2021-12-31,native_mse,20260910,0.007053677912636015,,1,0
fixed_transform_step100,2700,2022-03-11,2022-03-21,0.007530336734814,2022,2021-12-31,native_mse,20260910,0.010804442451387935,,1,1
fixed_transform_step100,2705,2022-03-18,2022-03-28,-0.0353493110038457,2022,2021-12-31,native_mse,20260910,0.0072982657258971444,,1,0
fixed_transform_step100,2710,2022-03-25,2022-04-06,0.0314834190717003,2022,2021-12-31,native_mse,20260910,0.007546796616275884,,1,1
fixed_transform_step100,2715,2022-04-01,2022-04-12,-0.0129237372705649,2022,2021-12-31,native_mse,20260910,0.006781430452769677,,1,0
fixed_transform_step100,2718,2022-04-08,2022-04-18,-0.0120986062576864,2022,2021-12-31,native_mse,20260910,0.00652895075643567,,1,0
fixed_transform_step100,2723,2022-04-15,2022-04-25,-0.0528494340140576,2022,2021-12-31,native_mse,20260910,0.006385447465197085,,1,0
fixed_transform_step100,2728,2022-04-22,2022-05-05,0.015736821365468,2022,2021-12-31,native_mse,20260910,0.005099274511858865,,1,1
fixed_transform_step100,2733,2022-04-29,2022-05-11,-0.0278824133054675,2022,2021-12-31,native_mse,20260910,0.004344044298975658,,1,0
fixed_transform_step100,2735,2022-05-06,2022-05-16,0.033741423035827,2022,2021-12-31,native_mse,20260910,0.0035518248227642247,,1,1
fixed_transform_step100,2740,2022-05-13,2022-05-23,0.0164308841843088,2022,2021-12-31,native_mse,20260910,0.002890441768532801,,1,1
fixed_transform_step100,2745,2022-05-20,2022-05-30,-0.0147293413085614,2022,2021-12-31,native_mse,20260910,0.002556802191789734,,1,0
fixed_transform_step100,2750,2022-05-27,2022-06-13,0.0431748431927498,2022,2021-12-31,native_mse,20260910,-0.006714076298392413,,0,1
fixed_transform_step100,2759,2022-06-10,2022-06-20,0.0306046547112142,2022,2021-12-31,native_mse,20260910,-0.0017160693271902699,,0,1
fixed_transform_step100,2764,2022-06-17,2022-06-27,0.0211666894141107,2022,2021-12-31,native_mse,20260910,-0.005554400786314341,,0,1
fixed_transform_step100,2769,2022-06-24,2022-07-04,0.0074507343130214,2022,2021-12-31,native_mse,20260910,-0.006611900023593844,,0,1
fixed_transform_step100,2774,2022-07-01,2022-07-11,-0.0092349827532707,2022,2021-12-31,native_mse,20260910,-0.001849659274069034,,0,0
fixed_transform_step100,2779,2022-07-08,2022-07-18,-0.0326815927737367,2022,2021-12-31,native_mse,20260910,-0.0036295526636022737,,0,0
fixed_transform_step100,2784,2022-07-15,2022-07-25,-0.0066210715249344,2022,2021-12-31,native_mse,20260910,-0.00726704662423343,,0,0
fixed_transform_step100,2789,2022-07-22,2022-08-01,-0.0173077967751003,2022,2021-12-31,native_mse,20260910,-0.005304375487712945,,0,0
fixed_transform_step100,2794,2022-07-29,2022-08-08,-0.004456034513838,2022,2021-12-31,native_mse,20260910,0.012166125781651363,,1,0
fixed_transform_step100,2799,2022-08-05,2022-08-15,0.0091475117753996,2022,2021-12-31,native_mse,20260910,0.004077391662883762,,1,1
fixed_transform_step100,2804,2022-08-12,2022-08-22,-0.0107272727272728,2022,2021-12-31,native_mse,20260910,0.0035826870942200968,,1,0
fixed_transform_step100,2809,2022-08-19,2022-08-29,-0.0172375434082356,2022,2021-12-31,native_mse,20260910,0.012796192349441387,,1,0
fixed_transform_step100,2814,2022-08-26,2022-09-05,-0.0131573766941938,2022,2021-12-31,native_mse,20260910,0.0045980644388349074,,1,0
fixed_transform_step100,2819,2022-09-02,2022-09-13,0.0253340680878015,2022,2021-12-31,native_mse,20260910,0.0016393163861851791,,1,1
fixed_transform_step100,2824,2022-09-09,2022-09-19,-0.044647264962877,2022,2021-12-31,native_mse,20260910,0.011024491197755238,,1,0
fixed_transform_step100,2828,2022-09-16,2022-09-26,-0.025155151434928,2022,2021-12-31,native_mse,20260910,0.0006249539921165778,,1,0
fixed_transform_step100,2833,2022-09-23,2022-10-10,-0.0060162941299352,2022,2021-12-31,native_mse,20260910,0.00941379002591237,,1,0
fixed_transform_step100,2838,2022-09-30,2022-10-17,0.0041192047412885,2022,2021-12-31,native_mse,20260910,-0.003455449604433236,,0,1
fixed_transform_step100,2843,2022-10-14,2022-10-24,-0.0246766294110258,2022,2021-12-31,native_mse,20260910,0.004982119577206458,,1,0
fixed_transform_step100,2848,2022-10-21,2022-10-31,-0.059928861134359,2022,2021-12-31,native_mse,20260910,0.004400428951388619,,1,0
fixed_transform_step100,2853,2022-10-28,2022-11-07,0.071339502526744,2022,2021-12-31,native_mse,20260910,-0.004533662272660886,,0,1
fixed_transform_step100,2858,2022-11-04,2022-11-14,0.0169449090696014,2022,2021-12-31,native_mse,20260910,0.009145763900992613,,1,1
fixed_transform_step100,2863,2022-11-11,2022-11-21,-0.0127051391515239,2022,2021-12-31,native_mse,20260910,0.005105981957746508,,1,0
fixed_transform_step100,2868,2022-11-18,2022-11-28,-0.0179672806084416,2022,2021-12-31,native_mse,20260910,0.004390010241707061,,1,0
fixed_transform_step100,2873,2022-11-25,2022-12-05,0.0555768659337096,2022,2021-12-31,native_mse,20260910,-0.0021694749097981593,,0,1
fixed_transform_step100,2878,2022-12-02,2022-12-12,0.0175374394775362,2022,2021-12-31,native_mse,20260910,-0.008963509314181651,,0,1
fixed_transform_step100,2883,2022-12-09,2022-12-19,-0.0058850602464181,2022,2021-12-31,native_mse,20260910,-0.008742160121666592,,0,0
fixed_transform_step100,2888,2022-12-16,2022-12-26,-0.0309150292073658,2022,2021-12-31,native_mse,20260910,0.00021070675399415396,,1,0
fixed_transform_step100,2893,2022-12-23,2023-01-03,0.0089464492229616,2022,2021-12-31,native_mse,20260910,-0.006931659189351796,,0,1
fixed_transform_step100,2898,2022-12-30,2023-01-09,0.0345913414268119,2022,2021-12-31,native_mse,20260910,-0.004005139352311209,,0,1
fixed_transform_step100,2660,2022-01-07,2022-01-17,-0.0173453887283024,2022,2021-12-31,native_mse,20260911,0.007330315708159769,,1,0
fixed_transform_step100,2665,2022-01-14,2022-01-24,0.0053248631776616,2022,2021-12-31,native_mse,20260911,0.015471274729398543,,1,1
fixed_transform_step100,2670,2022-01-21,2022-02-07,-0.0242661876254222,2022,2021-12-31,native_mse,20260911,0.009873111042602054,,1,0
fixed_transform_step100,2675,2022-01-28,2022-02-14,-0.0127539031341488,2022,2021-12-31,native_mse,20260911,0.0025503118790792955,,1,0
fixed_transform_step100,2680,2022-02-11,2022-02-21,0.0145498774954033,2022,2021-12-31,native_mse,20260911,0.0063949393307865515,,1,1
fixed_transform_step100,2685,2022-02-18,2022-02-28,-0.0177161244498015,2022,2021-12-31,native_mse,20260911,0.004306186298337274,,1,0
fixed_transform_step100,2690,2022-02-25,2022-03-07,-0.0221791776043331,2022,2021-12-31,native_mse,20260911,0.00884306439536679,,1,0
fixed_transform_step100,2695,2022-03-04,2022-03-14,-0.0480378799422749,2022,2021-12-31,native_mse,20260911,0.008878575004775912,,1,0
fixed_transform_step100,2700,2022-03-11,2022-03-21,0.007530336734814,2022,2021-12-31,native_mse,20260911,0.008804997087552644,,1,1
fixed_transform_step100,2705,2022-03-18,2022-03-28,-0.0353493110038457,2022,2021-12-31,native_mse,20260911,0.0029149751065889705,,1,0
fixed_transform_step100,2710,2022-03-25,2022-04-06,0.0314834190717003,2022,2021-12-31,native_mse,20260911,0.009608904415587632,,1,1
fixed_transform_step100,2715,2022-04-01,2022-04-12,-0.0129237372705649,2022,2021-12-31,native_mse,20260911,0.013290024702572031,,1,0
fixed_transform_step100,2718,2022-04-08,2022-04-18,-0.0120986062576864,2022,2021-12-31,native_mse,20260911,0.0032429576095984285,,1,0
fixed_transform_step100,2723,2022-04-15,2022-04-25,-0.0528494340140576,2022,2021-12-31,native_mse,20260911,0.016983479995433693,,1,0
fixed_transform_step100,2728,2022-04-22,2022-05-05,0.015736821365468,2022,2021-12-31,native_mse,20260911,0.011987542362233185,,1,1
fixed_transform_step100,2733,2022-04-29,2022-05-11,-0.0278824133054675,2022,2021-12-31,native_mse,20260911,0.0046606294840712235,,1,0
fixed_transform_step100,2735,2022-05-06,2022-05-16,0.033741423035827,2022,2021-12-31,native_mse,20260911,-0.002196005566182584,,0,1
fixed_transform_step100,2740,2022-05-13,2022-05-23,0.0164308841843088,2022,2021-12-31,native_mse,20260911,0.0038854901281264037,,1,1
fixed_transform_step100,2745,2022-05-20,2022-05-30,-0.0147293413085614,2022,2021-12-31,native_mse,20260911,0.005767086549547615,,1,0
fixed_transform_step100,2750,2022-05-27,2022-06-13,0.0431748431927498,2022,2021-12-31,native_mse,20260911,0.001263767062796844,,1,1
fixed_transform_step100,2759,2022-06-10,2022-06-20,0.0306046547112142,2022,2021-12-31,native_mse,20260911,-0.0024637080117748144,,0,1
fixed_transform_step100,2764,2022-06-17,2022-06-27,0.0211666894141107,2022,2021-12-31,native_mse,20260911,-0.0034192691302211337,,0,1
fixed_transform_step100,2769,2022-06-24,2022-07-04,0.0074507343130214,2022,2021-12-31,native_mse,20260911,0.0007173637240202417,,1,1
fixed_transform_step100,2774,2022-07-01,2022-07-11,-0.0092349827532707,2022,2021-12-31,native_mse,20260911,0.00019356382111467723,,1,0
fixed_transform_step100,2779,2022-07-08,2022-07-18,-0.0326815927737367,2022,2021-12-31,native_mse,20260911,-0.002705313965036355,,0,0
fixed_transform_step100,2784,2022-07-15,2022-07-25,-0.0066210715249344,2022,2021-12-31,native_mse,20260911,-0.01432584048846508,,0,0
fixed_transform_step100,2789,2022-07-22,2022-08-01,-0.0173077967751003,2022,2021-12-31,native_mse,20260911,-0.01380965748442494,,0,0
fixed_transform_step100,2794,2022-07-29,2022-08-08,-0.004456034513838,2022,2021-12-31,native_mse,20260911,-0.0005052222003642227,,0,0
fixed_transform_step100,2799,2022-08-05,2022-08-15,0.0091475117753996,2022,2021-12-31,native_mse,20260911,0.011525493600414192,,1,1
fixed_transform_step100,2804,2022-08-12,2022-08-22,-0.0107272727272728,2022,2021-12-31,native_mse,20260911,0.011216024245490553,,1,0
fixed_transform_step100,2809,2022-08-19,2022-08-29,-0.0172375434082356,2022,2021-12-31,native_mse,20260911,0.011754323018096325,,1,0
fixed_transform_step100,2814,2022-08-26,2022-09-05,-0.0131573766941938,2022,2021-12-31,native_mse,20260911,0.015594603509631271,,1,0
fixed_transform_step100,2819,2022-09-02,2022-09-13,0.0253340680878015,2022,2021-12-31,native_mse,20260911,0.010900596081000016,,1,1
fixed_transform_step100,2824,2022-09-09,2022-09-19,-0.044647264962877,2022,2021-12-31,native_mse,20260911,0.009845699372826781,,1,0
fixed_transform_step100,2828,2022-09-16,2022-09-26,-0.025155151434928,2022,2021-12-31,native_mse,20260911,0.008491582609497948,,1,0
fixed_transform_step100,2833,2022-09-23,2022-10-10,-0.0060162941299352,2022,2021-12-31,native_mse,20260911,0.016496050845990925,,1,0
fixed_transform_step100,2838,2022-09-30,2022-10-17,0.0041192047412885,2022,2021-12-31,native_mse,20260911,0.0066528810646222045,,1,1
fixed_transform_step100,2843,2022-10-14,2022-10-24,-0.0246766294110258,2022,2021-12-31,native_mse,20260911,0.007009044538463505,,1,0
fixed_transform_step100,2848,2022-10-21,2022-10-31,-0.059928861134359,2022,2021-12-31,native_mse,20260911,0.010852556503638734,,1,0
fixed_transform_step100,2853,2022-10-28,2022-11-07,0.071339502526744,2022,2021-12-31,native_mse,20260911,0.006842543646863063,,1,1
fixed_transform_step100,2858,2022-11-04,2022-11-14,0.0169449090696014,2022,2021-12-31,native_mse,20260911,-0.008549410923537592,,0,1
fixed_transform_step100,2863,2022-11-11,2022-11-21,-0.0127051391515239,2022,2021-12-31,native_mse,20260911,-0.005215109557773304,,0,0
fixed_transform_step100,2868,2022-11-18,2022-11-28,-0.0179672806084416,2022,2021-12-31,native_mse,20260911,-0.010307087880643545,,0,0
fixed_transform_step100,2873,2022-11-25,2022-12-05,0.0555768659337096,2022,2021-12-31,native_mse,20260911,0.0013951717650121252,,1,1
fixed_transform_step100,2878,2022-12-02,2022-12-12,0.0175374394775362,2022,2021-12-31,native_mse,20260911,0.009832549235191711,,1,1
fixed_transform_step100,2883,2022-12-09,2022-12-19,-0.0058850602464181,2022,2021-12-31,native_mse,20260911,0.003809464155812216,,1,0
fixed_transform_step100,2888,2022-12-16,2022-12-26,-0.0309150292073658,2022,2021-12-31,native_mse,20260911,-0.00026475301217457076,,0,0
fixed_transform_step100,2893,2022-12-23,2023-01-03,0.0089464492229616,2022,2021-12-31,native_mse,20260911,0.0011212783896272817,,1,1
fixed_transform_step100,2898,2022-12-30,2023-01-09,0.0345913414268119,2022,2021-12-31,native_mse,20260911,-0.013209134532423342,,0,1
fixed_transform_step100,2660,2022-01-07,2022-01-17,-0.0173453887283024,2022,2021-12-31,native_mse,20260912,0.001814179283598589,,1,0
fixed_transform_step100,2665,2022-01-14,2022-01-24,0.0053248631776616,2022,2021-12-31,native_mse,20260912,0.0008133505012356114,,1,1
fixed_transform_step100,2670,2022-01-21,2022-02-07,-0.0242661876254222,2022,2021-12-31,native_mse,20260912,0.003394922189452561,,1,0
fixed_transform_step100,2675,2022-01-28,2022-02-14,-0.0127539031341488,2022,2021-12-31,native_mse,20260912,0.001858669558311765,,1,0
fixed_transform_step100,2680,2022-02-11,2022-02-21,0.0145498774954033,2022,2021-12-31,native_mse,20260912,0.003479305001395758,,1,1
fixed_transform_step100,2685,2022-02-18,2022-02-28,-0.0177161244498015,2022,2021-12-31,native_mse,20260912,0.00484344917433416,,1,0
fixed_transform_step100,2690,2022-02-25,2022-03-07,-0.0221791776043331,2022,2021-12-31,native_mse,20260912,0.004930593592929232,,1,0
fixed_transform_step100,2695,2022-03-04,2022-03-14,-0.0480378799422749,2022,2021-12-31,native_mse,20260912,0.004780982951547397,,1,0
fixed_transform_step100,2700,2022-03-11,2022-03-21,0.007530336734814,2022,2021-12-31,native_mse,20260912,0.004193854635787947,,1,1
fixed_transform_step100,2705,2022-03-18,2022-03-28,-0.0353493110038457,2022,2021-12-31,native_mse,20260912,0.004396502651581285,,1,0
fixed_transform_step100,2710,2022-03-25,2022-04-06,0.0314834190717003,2022,2021-12-31,native_mse,20260912,0.0036897334948297125,,1,1
fixed_transform_step100,2715,2022-04-01,2022-04-12,-0.0129237372705649,2022,2021-12-31,native_mse,20260912,0.003704448832752752,,1,0
fixed_transform_step100,2718,2022-04-08,2022-04-18,-0.0120986062576864,2022,2021-12-31,native_mse,20260912,0.0033120503584409514,,1,0
fixed_transform_step100,2723,2022-04-15,2022-04-25,-0.0528494340140576,2022,2021-12-31,native_mse,20260912,0.0030085181253416615,,1,0
fixed_transform_step100,2728,2022-04-22,2022-05-05,0.015736821365468,2022,2021-12-31,native_mse,20260912,0.0026567146550084044,,1,1
fixed_transform_step100,2733,2022-04-29,2022-05-11,-0.0278824133054675,2022,2021-12-31,native_mse,20260912,0.0018367479372410052,,1,0
fixed_transform_step100,2735,2022-05-06,2022-05-16,0.033741423035827,2022,2021-12-31,native_mse,20260912,0.0020912186604119124,,1,1
fixed_transform_step100,2740,2022-05-13,2022-05-23,0.0164308841843088,2022,2021-12-31,native_mse,20260912,0.0018493178254621319,,1,1
fixed_transform_step100,2745,2022-05-20,2022-05-30,-0.0147293413085614,2022,2021-12-31,native_mse,20260912,0.0016372108848958446,,1,0
fixed_transform_step100,2750,2022-05-27,2022-06-13,0.0431748431927498,2022,2021-12-31,native_mse,20260912,0.0012702553294938346,,1,1
fixed_transform_step100,2759,2022-06-10,2022-06-20,0.0306046547112142,2022,2021-12-31,native_mse,20260912,-0.00018870985334741705,,0,1
fixed_transform_step100,2764,2022-06-17,2022-06-27,0.0211666894141107,2022,2021-12-31,native_mse,20260912,-0.0009698518035469311,,0,1
fixed_transform_step100,2769,2022-06-24,2022-07-04,0.0074507343130214,2022,2021-12-31,native_mse,20260912,-0.00016157705520515077,,0,1
fixed_transform_step100,2774,2022-07-01,2022-07-11,-0.0092349827532707,2022,2021-12-31,native_mse,20260912,0.00012114906253678204,,1,0
fixed_transform_step100,2779,2022-07-08,2022-07-18,-0.0326815927737367,2022,2021-12-31,native_mse,20260912,0.0009385572149118832,,1,0
fixed_transform_step100,2784,2022-07-15,2022-07-25,-0.0066210715249344,2022,2021-12-31,native_mse,20260912,0.0008465033870475552,,1,0
fixed_transform_step100,2789,2022-07-22,2022-08-01,-0.0173077967751003,2022,2021-12-31,native_mse,20260912,0.001749105544547778,,1,0
fixed_transform_step100,2794,2022-07-29,2022-08-08,-0.004456034513838,2022,2021-12-31,native_mse,20260912,0.0022855909610094674,,1,0
fixed_transform_step100,2799,2022-08-05,2022-08-15,0.0091475117753996,2022,2021-12-31,native_mse,20260912,0.0023275813973101045,,1,1
fixed_transform_step100,2804,2022-08-12,2022-08-22,-0.0107272727272728,2022,2021-12-31,native_mse,20260912,0.00116828161002665,,1,0
fixed_transform_step100,2809,2022-08-19,2022-08-29,-0.0172375434082356,2022,2021-12-31,native_mse,20260912,0.002641518401624336,,1,0
fixed_transform_step100,2814,2022-08-26,2022-09-05,-0.0131573766941938,2022,2021-12-31,native_mse,20260912,0.00258122146459616,,1,0
fixed_transform_step100,2819,2022-09-02,2022-09-13,0.0253340680878015,2022,2021-12-31,native_mse,20260912,0.003426320209529877,,1,1
fixed_transform_step100,2824,2022-09-09,2022-09-19,-0.044647264962877,2022,2021-12-31,native_mse,20260912,0.004071954177543495,,1,0
fixed_transform_step100,2828,2022-09-16,2022-09-26,-0.025155151434928,2022,2021-12-31,native_mse,20260912,0.004321372628556118,,1,0
fixed_transform_step100,2833,2022-09-23,2022-10-10,-0.0060162941299352,2022,2021-12-31,native_mse,20260912,0.0034216908995016978,,1,0
fixed_transform_step100,2838,2022-09-30,2022-10-17,0.0041192047412885,2022,2021-12-31,native_mse,20260912,0.003515450079575204,,1,1
fixed_transform_step100,2843,2022-10-14,2022-10-24,-0.0246766294110258,2022,2021-12-31,native_mse,20260912,0.002607809358206801,,1,0
fixed_transform_step100,2848,2022-10-21,2022-10-31,-0.059928861134359,2022,2021-12-31,native_mse,20260912,0.003699251753992663,,1,0
fixed_transform_step100,2853,2022-10-28,2022-11-07,0.071339502526744,2022,2021-12-31,native_mse,20260912,0.0018115173178016464,,1,1
fixed_transform_step100,2858,2022-11-04,2022-11-14,0.0169449090696014,2022,2021-12-31,native_mse,20260912,0.0023418219066621243,,1,1
fixed_transform_step100,2863,2022-11-11,2022-11-21,-0.0127051391515239,2022,2021-12-31,native_mse,20260912,0.0018573604038192703,,1,0
fixed_transform_step100,2868,2022-11-18,2022-11-28,-0.0179672806084416,2022,2021-12-31,native_mse,20260912,0.0016249204309614228,,1,0
fixed_transform_step100,2873,2022-11-25,2022-12-05,0.0555768659337096,2022,2021-12-31,native_mse,20260912,0.0016075771422150188,,1,1
fixed_transform_step100,2878,2022-12-02,2022-12-12,0.0175374394775362,2022,2021-12-31,native_mse,20260912,0.0015010231403169106,,1,1
fixed_transform_step100,2883,2022-12-09,2022-12-19,-0.0058850602464181,2022,2021-12-31,native_mse,20260912,0.001187317105345827,,1,0
fixed_transform_step100,2888,2022-12-16,2022-12-26,-0.0309150292073658,2022,2021-12-31,native_mse,20260912,0.0019485697779955545,,1,0
fixed_transform_step100,2893,2022-12-23,2023-01-03,0.0089464492229616,2022,2021-12-31,native_mse,20260912,0.0001928217320369698,,1,1
fixed_transform_step100,2898,2022-12-30,2023-01-09,0.0345913414268119,2022,2021-12-31,native_mse,20260912,0.00047968928790032895,,1,1
fixed_transform_step100,2902,2023-01-06,2023-01-16,0.0198447929614133,2023,2022-12-31,native_mse,20260910,-0.0025267983391307767,,0,1
fixed_transform_step100,2907,2023-01-13,2023-01-30,0.0465290788350809,2023,2022-12-31,native_mse,20260910,-0.0004635399148201708,,0,1
fixed_transform_step100,2912,2023-01-20,2023-02-06,-0.0383797057844887,2023,2022-12-31,native_mse,20260910,7.519190422555292e-05,,1,0
fixed_transform_step100,2917,2023-02-03,2023-02-13,-0.0012061903149008,2023,2022-12-31,native_mse,20260910,0.0016271329266920357,,1,0
fixed_transform_step100,2922,2023-02-10,2023-02-20,-0.0143746584432821,2023,2022-12-31,native_mse,20260910,-0.0011564163814400644,,0,0
fixed_transform_step100,2927,2023-02-17,2023-02-27,0.0001237636016198,2023,2022-12-31,native_mse,20260910,-0.0016426518503498255,,0,1
fixed_transform_step100,2932,2023-02-24,2023-03-06,0.0224454641303217,2023,2022-12-31,native_mse,20260910,0.0015810555880606469,,1,1
fixed_transform_step100,2937,2023-03-03,2023-03-13,-0.0407900947678007,2023,2022-12-31,native_mse,20260910,0.0007073892257839969,,1,0
fixed_transform_step100,2942,2023-03-10,2023-03-20,5.0471402903706775e-06,2023,2022-12-31,native_mse,20260910,-0.0001794060398361263,,0,1
fixed_transform_step100,2947,2023-03-17,2023-03-27,0.015302852124583,2023,2022-12-31,native_mse,20260910,-0.0018976163672993884,,0,1
fixed_transform_step100,2952,2023-03-24,2023-04-03,0.0090274153058433,2023,2022-12-31,native_mse,20260910,-0.001832954139676603,,0,1
fixed_transform_step100,2957,2023-03-31,2023-04-10,0.0178317182396383,2023,2022-12-31,native_mse,20260910,-0.00172129069982479,,0,1
fixed_transform_step100,2961,2023-04-07,2023-04-17,-0.0101500238382772,2023,2022-12-31,native_mse,20260910,-0.00033641886926452733,,0,0
fixed_transform_step100,2966,2023-04-14,2023-04-24,-0.014368947230732,2023,2022-12-31,native_mse,20260910,-0.0013230092163269815,,0,0
fixed_transform_step100,2971,2023-04-21,2023-05-04,-0.0044228908788729,2023,2022-12-31,native_mse,20260910,-0.0007286066396655064,,0,0
fixed_transform_step100,2976,2023-04-28,2023-05-10,0.0036477163153083,2023,2022-12-31,native_mse,20260910,-0.00030575704561793394,,0,1
fixed_transform_step100,2978,2023-05-05,2023-05-15,-0.0221642407977935,2023,2022-12-31,native_mse,20260910,-0.00011486613921578474,,0,0
fixed_transform_step100,2983,2023-05-12,2023-05-22,0.0005509250208819,2023,2022-12-31,native_mse,20260910,-0.0001792163459168561,,0,1
fixed_transform_step100,2988,2023-05-19,2023-05-29,-0.0200253742704897,2023,2022-12-31,native_mse,20260910,0.0009439667644663131,,1,0
fixed_transform_step100,2993,2023-05-26,2023-06-05,-0.0003935703040848,2023,2022-12-31,native_mse,20260910,0.000557122093874036,,1,0
fixed_transform_step100,2998,2023-06-02,2023-06-12,-0.0086075595250429,2023,2022-12-31,native_mse,20260910,-0.001180815938657947,,0,0
fixed_transform_step100,3003,2023-06-09,2023-06-19,0.0338878539347273,2023,2022-12-31,native_mse,20260910,-0.0014426234760102343,,0,1
fixed_transform_step100,3008,2023-06-16,2023-07-03,-0.026216632171098,2023,2022-12-31,native_mse,20260910,-0.0010042817493535598,,0,0
fixed_transform_step100,3016,2023-06-30,2023-07-10,-0.0030441518806006,2023,2022-12-31,native_mse,20260910,-0.0011931588855691256,,0,0
fixed_transform_step100,3021,2023-07-07,2023-07-17,0.0104280552692135,2023,2022-12-31,native_mse,20260910,-0.001925244639091561,,0,1
fixed_transform_step100,3026,2023-07-14,2023-07-24,-0.0201642613135752,2023,2022-12-31,native_mse,20260910,0.00072512762062503,,1,0
fixed_transform_step100,3031,2023-07-21,2023-07-31,0.0566710925894278,2023,2022-12-31,native_mse,20260910,0.0009939160139214966,,1,1
fixed_transform_step100,3036,2023-07-28,2023-08-07,-0.0039612927947766,2023,2022-12-31,native_mse,20260910,-0.0005682320215149167,,0,0
fixed_transform_step100,3041,2023-08-04,2023-08-14,-0.0404899362223548,2023,2022-12-31,native_mse,20260910,-0.0009301134947241365,,0,0
fixed_transform_step100,3046,2023-08-11,2023-08-21,-0.0176157088591445,2023,2022-12-31,native_mse,20260910,-0.000726777176221484,,0,0
fixed_transform_step100,3051,2023-08-18,2023-08-28,0.0366582477081969,2023,2022-12-31,native_mse,20260910,0.0008756120897448488,,1,1
fixed_transform_step100,3056,2023-08-25,2023-09-04,-0.025197172476384,2023,2022-12-31,native_mse,20260910,-0.0006648239910763075,,0,0
fixed_transform_step100,3061,2023-09-01,2023-09-11,-0.0189903461587886,2023,2022-12-31,native_mse,20260910,0.00015839660362514175,,1,0
fixed_transform_step100,3066,2023-09-08,2023-09-18,-0.0111346368744954,2023,2022-12-31,native_mse,20260910,0.001744965500114605,,1,0
fixed_transform_step100,3071,2023-09-15,2023-09-25,0.0105787349314532,2023,2022-12-31,native_mse,20260910,0.0006876575211446893,,1,1
fixed_transform_step100,3076,2023-09-22,2023-10-16,-0.0198017153282719,2023,2022-12-31,native_mse,20260910,-0.00243132015475,,0,0
fixed_transform_step100,3085,2023-10-13,2023-10-23,-0.0447156690429144,2023,2022-12-31,native_mse,20260910,-0.0021908711949872265,,0,0
fixed_transform_step100,3090,2023-10-20,2023-10-30,0.0154019770298841,2023,2022-12-31,native_mse,20260910,-0.0005611083237640583,,0,1
fixed_transform_step100,3095,2023-10-27,2023-11-06,0.0152527637017425,2023,2022-12-31,native_mse,20260910,0.0010289915405626282,,1,1
fixed_transform_step100,3100,2023-11-03,2023-11-13,-0.0039935482440582,2023,2022-12-31,native_mse,20260910,0.001023319006735779,,1,0
fixed_transform_step100,3105,2023-11-10,2023-11-20,-0.0067280482816765,2023,2022-12-31,native_mse,20260910,-0.0009564130384265961,,0,0
fixed_transform_step100,3110,2023-11-17,2023-11-27,-0.0098859017348651,2023,2022-12-31,native_mse,20260910,0.00023192130830153903,,1,0
fixed_transform_step100,3115,2023-11-24,2023-12-04,-0.0151084754586299,2023,2022-12-31,native_mse,20260910,0.0008732338960994725,,1,0
fixed_transform_step100,3120,2023-12-01,2023-12-11,-0.0295859857973478,2023,2022-12-31,native_mse,20260910,0.000837366835393595,,1,0
fixed_transform_step100,3125,2023-12-08,2023-12-18,-0.0144639658974852,2023,2022-12-31,native_mse,20260910,0.0006391538307731006,,1,0
fixed_transform_step100,3130,2023-12-15,2023-12-25,0.0003424256350643,2023,2022-12-31,native_mse,20260910,0.000382991564868559,,1,1
fixed_transform_step100,3135,2023-12-22,2024-01-02,0.0288079559683274,2023,2022-12-31,native_mse,20260910,-0.0008222024683218445,,0,1
fixed_transform_step100,3140,2023-12-29,2024-01-08,-0.0302544749829989,2023,2022-12-31,native_mse,20260910,0.0008212539531046094,,1,0
fixed_transform_step100,2902,2023-01-06,2023-01-16,0.0198447929614133,2023,2022-12-31,native_mse,20260911,-0.0028881799476405084,,0,1
fixed_transform_step100,2907,2023-01-13,2023-01-30,0.0465290788350809,2023,2022-12-31,native_mse,20260911,0.002600529697082545,,1,1
fixed_transform_step100,2912,2023-01-20,2023-02-06,-0.0383797057844887,2023,2022-12-31,native_mse,20260911,0.009824735187562814,,1,0
fixed_transform_step100,2917,2023-02-03,2023-02-13,-0.0012061903149008,2023,2022-12-31,native_mse,20260911,0.001758336799202022,,1,0
fixed_transform_step100,2922,2023-02-10,2023-02-20,-0.0143746584432821,2023,2022-12-31,native_mse,20260911,-0.004455423490420713,,0,0
fixed_transform_step100,2927,2023-02-17,2023-02-27,0.0001237636016198,2023,2022-12-31,native_mse,20260911,-0.004320463721841919,,0,1
fixed_transform_step100,2932,2023-02-24,2023-03-06,0.0224454641303217,2023,2022-12-31,native_mse,20260911,0.007109894584169036,,1,1
fixed_transform_step100,2937,2023-03-03,2023-03-13,-0.0407900947678007,2023,2022-12-31,native_mse,20260911,0.012121075090535267,,1,0
fixed_transform_step100,2942,2023-03-10,2023-03-20,5.0471402903706775e-06,2023,2022-12-31,native_mse,20260911,-0.0015684618293498606,,0,1
fixed_transform_step100,2947,2023-03-17,2023-03-27,0.015302852124583,2023,2022-12-31,native_mse,20260911,-0.00455123687690783,,0,1
fixed_transform_step100,2952,2023-03-24,2023-04-03,0.0090274153058433,2023,2022-12-31,native_mse,20260911,-0.0032713642765306557,,0,1
fixed_transform_step100,2957,2023-03-31,2023-04-10,0.0178317182396383,2023,2022-12-31,native_mse,20260911,0.009972413917103892,,1,1
fixed_transform_step100,2961,2023-04-07,2023-04-17,-0.0101500238382772,2023,2022-12-31,native_mse,20260911,0.007806808930188104,,1,0
fixed_transform_step100,2966,2023-04-14,2023-04-24,-0.014368947230732,2023,2022-12-31,native_mse,20260911,0.007226249329863683,,1,0
fixed_transform_step100,2971,2023-04-21,2023-05-04,-0.0044228908788729,2023,2022-12-31,native_mse,20260911,-0.0024232716039148286,,0,0
fixed_transform_step100,2976,2023-04-28,2023-05-10,0.0036477163153083,2023,2022-12-31,native_mse,20260911,-0.003907239624967295,,0,1
fixed_transform_step100,2978,2023-05-05,2023-05-15,-0.0221642407977935,2023,2022-12-31,native_mse,20260911,-0.0031947009428460477,,0,0
fixed_transform_step100,2983,2023-05-12,2023-05-22,0.0005509250208819,2023,2022-12-31,native_mse,20260911,0.003981441571850173,,1,1
fixed_transform_step100,2988,2023-05-19,2023-05-29,-0.0200253742704897,2023,2022-12-31,native_mse,20260911,0.01107004322684732,,1,0
fixed_transform_step100,2993,2023-05-26,2023-06-05,-0.0003935703040848,2023,2022-12-31,native_mse,20260911,0.004560043069480671,,1,0
fixed_transform_step100,2998,2023-06-02,2023-06-12,-0.0086075595250429,2023,2022-12-31,native_mse,20260911,-0.0048559678058000275,,0,0
fixed_transform_step100,3003,2023-06-09,2023-06-19,0.0338878539347273,2023,2022-12-31,native_mse,20260911,-0.0042897134995229635,,0,1
fixed_transform_step100,3008,2023-06-16,2023-07-03,-0.026216632171098,2023,2022-12-31,native_mse,20260911,-0.004761761648113702,,0,0
fixed_transform_step100,3016,2023-06-30,2023-07-10,-0.0030441518806006,2023,2022-12-31,native_mse,20260911,0.001449000541630631,,1,0
fixed_transform_step100,3021,2023-07-07,2023-07-17,0.0104280552692135,2023,2022-12-31,native_mse,20260911,-0.005015012063383114,,0,1
fixed_transform_step100,3026,2023-07-14,2023-07-24,-0.0201642613135752,2023,2022-12-31,native_mse,20260911,-0.002212730290267345,,0,0
fixed_transform_step100,3031,2023-07-21,2023-07-31,0.0566710925894278,2023,2022-12-31,native_mse,20260911,-0.005112763962830667,,0,1
fixed_transform_step100,3036,2023-07-28,2023-08-07,-0.0039612927947766,2023,2022-12-31,native_mse,20260911,-0.0052814272148835025,,0,0
fixed_transform_step100,3041,2023-08-04,2023-08-14,-0.0404899362223548,2023,2022-12-31,native_mse,20260911,-0.004618211999064367,,0,0
fixed_transform_step100,3046,2023-08-11,2023-08-21,-0.0176157088591445,2023,2022-12-31,native_mse,20260911,0.009053312378542757,,1,0
fixed_transform_step100,3051,2023-08-18,2023-08-28,0.0366582477081969,2023,2022-12-31,native_mse,20260911,0.004561021250172811,,1,1
fixed_transform_step100,3056,2023-08-25,2023-09-04,-0.025197172476384,2023,2022-12-31,native_mse,20260911,-0.0025275908526821967,,0,0
fixed_transform_step100,3061,2023-09-01,2023-09-11,-0.0189903461587886,2023,2022-12-31,native_mse,20260911,-0.0049631793698849645,,0,0
fixed_transform_step100,3066,2023-09-08,2023-09-18,-0.0111346368744954,2023,2022-12-31,native_mse,20260911,0.00680202581529956,,1,0
fixed_transform_step100,3071,2023-09-15,2023-09-25,0.0105787349314532,2023,2022-12-31,native_mse,20260911,0.008596091481564963,,1,1
fixed_transform_step100,3076,2023-09-22,2023-10-16,-0.0198017153282719,2023,2022-12-31,native_mse,20260911,-0.0031471179155324424,,0,0
fixed_transform_step100,3085,2023-10-13,2023-10-23,-0.0447156690429144,2023,2022-12-31,native_mse,20260911,-0.004148291730857776,,0,0
fixed_transform_step100,3090,2023-10-20,2023-10-30,0.0154019770298841,2023,2022-12-31,native_mse,20260911,-0.005712800982170543,,0,1
fixed_transform_step100,3095,2023-10-27,2023-11-06,0.0152527637017425,2023,2022-12-31,native_mse,20260911,-0.0033253387808900993,,0,1
fixed_transform_step100,3100,2023-11-03,2023-11-13,-0.0039935482440582,2023,2022-12-31,native_mse,20260911,-0.0006739370262628165,,0,0
fixed_transform_step100,3105,2023-11-10,2023-11-20,-0.0067280482816765,2023,2022-12-31,native_mse,20260911,-0.004003258050664914,,0,0
fixed_transform_step100,3110,2023-11-17,2023-11-27,-0.0098859017348651,2023,2022-12-31,native_mse,20260911,-0.003231557067429336,,0,0
fixed_transform_step100,3115,2023-11-24,2023-12-04,-0.0151084754586299,2023,2022-12-31,native_mse,20260911,-0.003968465813336381,,0,0
fixed_transform_step100,3120,2023-12-01,2023-12-11,-0.0295859857973478,2023,2022-12-31,native_mse,20260911,-0.004170192617569334,,0,0
fixed_transform_step100,3125,2023-12-08,2023-12-18,-0.0144639658974852,2023,2022-12-31,native_mse,20260911,-0.004708072283208354,,0,0
fixed_transform_step100,3130,2023-12-15,2023-12-25,0.0003424256350643,2023,2022-12-31,native_mse,20260911,-0.005014383450601872,,0,1
fixed_transform_step100,3135,2023-12-22,2024-01-02,0.0288079559683274,2023,2022-12-31,native_mse,20260911,-0.005140476035149425,,0,1
fixed_transform_step100,3140,2023-12-29,2024-01-08,-0.0302544749829989,2023,2022-12-31,native_mse,20260911,-0.0034098597743402285,,0,0
fixed_transform_step100,2902,2023-01-06,2023-01-16,0.0198447929614133,2023,2022-12-31,native_mse,20260912,0.0004281627694943007,,1,1
fixed_transform_step100,2907,2023-01-13,2023-01-30,0.0465290788350809,2023,2022-12-31,native_mse,20260912,4.2102919401855305e-05,,1,1
fixed_transform_step100,2912,2023-01-20,2023-02-06,-0.0383797057844887,2023,2022-12-31,native_mse,20260912,0.0010967633118809882,,1,0
fixed_transform_step100,2917,2023-02-03,2023-02-13,-0.0012061903149008,2023,2022-12-31,native_mse,20260912,0.0008747039967658528,,1,0
fixed_transform_step100,2922,2023-02-10,2023-02-20,-0.0143746584432821,2023,2022-12-31,native_mse,20260912,0.0001818132935792269,,1,0
fixed_transform_step100,2927,2023-02-17,2023-02-27,0.0001237636016198,2023,2022-12-31,native_mse,20260912,0.00010126624081480557,,1,1
fixed_transform_step100,2932,2023-02-24,2023-03-06,0.0224454641303217,2023,2022-12-31,native_mse,20260912,0.000782385799644381,,1,1
fixed_transform_step100,2937,2023-03-03,2023-03-13,-0.0407900947678007,2023,2022-12-31,native_mse,20260912,0.00040350503591383166,,1,0
fixed_transform_step100,2942,2023-03-10,2023-03-20,5.0471402903706775e-06,2023,2022-12-31,native_mse,20260912,0.00023517524465769396,,1,1
fixed_transform_step100,2947,2023-03-17,2023-03-27,0.015302852124583,2023,2022-12-31,native_mse,20260912,-0.0005550490015326846,,0,1
fixed_transform_step100,2952,2023-03-24,2023-04-03,0.0090274153058433,2023,2022-12-31,native_mse,20260912,0.0004555071806066471,,1,1
fixed_transform_step100,2957,2023-03-31,2023-04-10,0.0178317182396383,2023,2022-12-31,native_mse,20260912,0.0006137448037054246,,1,1
fixed_transform_step100,2961,2023-04-07,2023-04-17,-0.0101500238382772,2023,2022-12-31,native_mse,20260912,0.0007714668086940345,,1,0
fixed_transform_step100,2966,2023-04-14,2023-04-24,-0.014368947230732,2023,2022-12-31,native_mse,20260912,0.0006120128536014287,,1,0
fixed_transform_step100,2971,2023-04-21,2023-05-04,-0.0044228908788729,2023,2022-12-31,native_mse,20260912,0.0004168718728952876,,1,0
fixed_transform_step100,2976,2023-04-28,2023-05-10,0.0036477163153083,2023,2022-12-31,native_mse,20260912,0.0007975995131662927,,1,1
fixed_transform_step100,2978,2023-05-05,2023-05-15,-0.0221642407977935,2023,2022-12-31,native_mse,20260912,3.748499343571029e-05,,1,0
fixed_transform_step100,2983,2023-05-12,2023-05-22,0.0005509250208819,2023,2022-12-31,native_mse,20260912,0.00013564688457888487,,1,1
fixed_transform_step100,2988,2023-05-19,2023-05-29,-0.0200253742704897,2023,2022-12-31,native_mse,20260912,0.0006049797039520234,,1,0
fixed_transform_step100,2993,2023-05-26,2023-06-05,-0.0003935703040848,2023,2022-12-31,native_mse,20260912,5.080512794837295e-05,,1,0
fixed_transform_step100,2998,2023-06-02,2023-06-12,-0.0086075595250429,2023,2022-12-31,native_mse,20260912,-0.0003527596454530836,,0,0
fixed_transform_step100,3003,2023-06-09,2023-06-19,0.0338878539347273,2023,2022-12-31,native_mse,20260912,-0.0004629538008774116,,0,1
fixed_transform_step100,3008,2023-06-16,2023-07-03,-0.026216632171098,2023,2022-12-31,native_mse,20260912,-0.0003413110242915335,,0,0
fixed_transform_step100,3016,2023-06-30,2023-07-10,-0.0030441518806006,2023,2022-12-31,native_mse,20260912,0.0003431408638381007,,1,0
fixed_transform_step100,3021,2023-07-07,2023-07-17,0.0104280552692135,2023,2022-12-31,native_mse,20260912,0.000814771057302496,,1,1
fixed_transform_step100,3026,2023-07-14,2023-07-24,-0.0201642613135752,2023,2022-12-31,native_mse,20260912,0.0006501402430561996,,1,0
fixed_transform_step100,3031,2023-07-21,2023-07-31,0.0566710925894278,2023,2022-12-31,native_mse,20260912,2.5045124957704355e-05,,1,1
fixed_transform_step100,3036,2023-07-28,2023-08-07,-0.0039612927947766,2023,2022-12-31,native_mse,20260912,0.00047471401642830695,,1,0
fixed_transform_step100,3041,2023-08-04,2023-08-14,-0.0404899362223548,2023,2022-12-31,native_mse,20260912,0.0008553072765691807,,1,0
fixed_transform_step100,3046,2023-08-11,2023-08-21,-0.0176157088591445,2023,2022-12-31,native_mse,20260912,0.0015027086256146451,,1,0
fixed_transform_step100,3051,2023-08-18,2023-08-28,0.0366582477081969,2023,2022-12-31,native_mse,20260912,0.0006099353623650846,,1,1
fixed_transform_step100,3056,2023-08-25,2023-09-04,-0.025197172476384,2023,2022-12-31,native_mse,20260912,0.00044421971221099443,,1,0
fixed_transform_step100,3061,2023-09-01,2023-09-11,-0.0189903461587886,2023,2022-12-31,native_mse,20260912,-0.0002025361551160587,,0,0
fixed_transform_step100,3066,2023-09-08,2023-09-18,-0.0111346368744954,2023,2022-12-31,native_mse,20260912,0.00041052847232038274,,1,0
fixed_transform_step100,3071,2023-09-15,2023-09-25,0.0105787349314532,2023,2022-12-31,native_mse,20260912,0.0001624781603077036,,1,1
fixed_transform_step100,3076,2023-09-22,2023-10-16,-0.0198017153282719,2023,2022-12-31,native_mse,20260912,-2.0047557486308507e-05,,0,0
fixed_transform_step100,3085,2023-10-13,2023-10-23,-0.0447156690429144,2023,2022-12-31,native_mse,20260912,-7.666747850147154e-05,,0,0
fixed_transform_step100,3090,2023-10-20,2023-10-30,0.0154019770298841,2023,2022-12-31,native_mse,20260912,0.00029732197364893017,,1,1
fixed_transform_step100,3095,2023-10-27,2023-11-06,0.0152527637017425,2023,2022-12-31,native_mse,20260912,0.0012245039371740986,,1,1
fixed_transform_step100,3100,2023-11-03,2023-11-13,-0.0039935482440582,2023,2022-12-31,native_mse,20260912,0.00041856415378897153,,1,0
fixed_transform_step100,3105,2023-11-10,2023-11-20,-0.0067280482816765,2023,2022-12-31,native_mse,20260912,0.00022000524072862617,,1,0
fixed_transform_step100,3110,2023-11-17,2023-11-27,-0.0098859017348651,2023,2022-12-31,native_mse,20260912,-0.00011003873914113989,,0,0
fixed_transform_step100,3115,2023-11-24,2023-12-04,-0.0151084754586299,2023,2022-12-31,native_mse,20260912,0.0006004861455855604,,1,0
fixed_transform_step100,3120,2023-12-01,2023-12-11,-0.0295859857973478,2023,2022-12-31,native_mse,20260912,9.164477722239853e-05,,1,0
fixed_transform_step100,3125,2023-12-08,2023-12-18,-0.0144639658974852,2023,2022-12-31,native_mse,20260912,0.0003716320497864135,,1,0
fixed_transform_step100,3130,2023-12-15,2023-12-25,0.0003424256350643,2023,2022-12-31,native_mse,20260912,0.0007186720416179463,,1,1
fixed_transform_step100,3135,2023-12-22,2024-01-02,0.0288079559683274,2023,2022-12-31,native_mse,20260912,0.00031752353260434155,,1,1
fixed_transform_step100,3140,2023-12-29,2024-01-08,-0.0302544749829989,2023,2022-12-31,native_mse,20260912,-5.293223214677527e-06,,0,0
fixed_transform_step100,3144,2024-01-05,2024-01-15,-0.0158038409563566,2024,2023-12-31,native_mse,20260910,0.000251131835275678,,1,0
fixed_transform_step100,3149,2024-01-12,2024-01-22,-0.002333261979756,2024,2023-12-31,native_mse,20260910,0.0007362057214049004,,1,0
fixed_transform_step100,3154,2024-01-19,2024-01-29,0.0223511633823452,2024,2023-12-31,native_mse,20260910,-0.00023540604600351487,,0,1
fixed_transform_step100,3159,2024-01-26,2024-02-05,-0.0513103415192826,2024,2023-12-31,native_mse,20260910,-0.001531436704987099,,0,0
fixed_transform_step100,3164,2024-02-02,2024-02-26,0.1015374891364462,2024,2023-12-31,native_mse,20260910,0.004796229141878599,,1,1
fixed_transform_step100,3173,2024-02-23,2024-03-04,0.0151569053862528,2024,2023-12-31,native_mse,20260910,0.005981439448417525,,1,1
fixed_transform_step100,3178,2024-03-01,2024-03-11,0.0021394031715169,2024,2023-12-31,native_mse,20260910,0.002923079585146593,,1,1
fixed_transform_step100,3183,2024-03-08,2024-03-18,0.0087762342284414,2024,2023-12-31,native_mse,20260910,0.004534858645957669,,1,1
fixed_transform_step100,3188,2024-03-15,2024-03-25,-0.0112802133595746,2024,2023-12-31,native_mse,20260910,0.004141952477981538,,1,0
fixed_transform_step100,3193,2024-03-22,2024-04-01,0.0042044725182444,2024,2023-12-31,native_mse,20260910,0.0018727898596620025,,1,1
fixed_transform_step100,3198,2024-03-29,2024-04-15,-0.0219845815102011,2024,2023-12-31,native_mse,20260910,0.0003645787473085561,,1,0
fixed_transform_step100,3206,2024-04-12,2024-04-22,0.018045199366633,2024,2023-12-31,native_mse,20260910,-0.00021832918624461518,,0,1
fixed_transform_step100,3211,2024-04-19,2024-04-29,0.0136757744232476,2024,2023-12-31,native_mse,20260910,0.0005323002819172812,,1,1
fixed_transform_step100,3216,2024-04-26,2024-05-13,0.0172434956786644,2024,2023-12-31,native_mse,20260910,-0.00014728683736751251,,0,1
fixed_transform_step100,3223,2024-05-10,2024-05-20,0.0097933549988344,2024,2023-12-31,native_mse,20260910,0.0004133340837300701,,1,1
fixed_transform_step100,3228,2024-05-17,2024-05-27,-0.0204803832637164,2024,2023-12-31,native_mse,20260910,0.0036262081384896457,,1,0
fixed_transform_step100,3233,2024-05-24,2024-06-03,-0.0081155643048258,2024,2023-12-31,native_mse,20260910,0.0049904247327292855,,1,0
fixed_transform_step100,3238,2024-05-31,2024-06-11,-0.0060267570121149,2024,2023-12-31,native_mse,20260910,0.0040244113389711345,,1,0
fixed_transform_step100,3243,2024-06-07,2024-06-17,-0.0096686558937179,2024,2023-12-31,native_mse,20260910,0.008609928356971403,,1,0
fixed_transform_step100,3247,2024-06-14,2024-06-24,-0.013573992457631,2024,2023-12-31,native_mse,20260910,0.008961501129694911,,1,0
fixed_transform_step100,3252,2024-06-21,2024-07-01,-0.004427632109257,2024,2023-12-31,native_mse,20260910,0.0009177608055072099,,1,0
fixed_transform_step100,3257,2024-06-28,2024-07-08,-0.0108320369203009,2024,2023-12-31,native_mse,20260910,0.0030020981914033497,,1,0
fixed_transform_step100,3262,2024-07-05,2024-07-15,0.0122222871842843,2024,2023-12-31,native_mse,20260910,0.00336049012064386,,1,1
fixed_transform_step100,3267,2024-07-12,2024-07-22,0.0218881133018156,2024,2023-12-31,native_mse,20260910,-0.0006421845267103974,,0,1
fixed_transform_step100,3272,2024-07-19,2024-07-29,-0.0378787022382998,2024,2023-12-31,native_mse,20260910,0.0004540341648428114,,1,0
fixed_transform_step100,3277,2024-07-26,2024-08-05,-0.0124134568216732,2024,2023-12-31,native_mse,20260910,0.0013231998081271626,,1,0
fixed_transform_step100,3282,2024-08-02,2024-08-12,-0.0102762848330364,2024,2023-12-31,native_mse,20260910,0.001303372172405589,,1,0
fixed_transform_step100,3287,2024-08-09,2024-08-19,0.0050186923751938,2024,2023-12-31,native_mse,20260910,0.00011119162293128984,,1,1
fixed_transform_step100,3292,2024-08-16,2024-08-26,-0.0040487282687352,2024,2023-12-31,native_mse,20260910,0.0014903087569155989,,1,0
fixed_transform_step100,3297,2024-08-23,2024-09-02,-0.0069594562136714,2024,2023-12-31,native_mse,20260910,-0.0030751570665977007,,0,0
fixed_transform_step100,3302,2024-08-30,2024-09-09,-0.0280389655151561,2024,2023-12-31,native_mse,20260910,-0.003508085985855703,,0,0
fixed_transform_step100,3307,2024-09-06,2024-09-18,-0.0174132138857783,2024,2023-12-31,native_mse,20260910,-0.0025693655960970898,,0,0
fixed_transform_step100,3312,2024-09-13,2024-09-24,0.0133119329369826,2024,2023-12-31,native_mse,20260910,0.00017194356388446877,,1,1
fixed_transform_step100,3315,2024-09-20,2024-09-30,0.2017513988384409,2024,2023-12-31,native_mse,20260910,0.0007791555801138394,,1,1
fixed_transform_step100,3320,2024-09-27,2024-10-14,0.0178259004588408,2024,2023-12-31,native_mse,20260910,0.0007616530796663938,,1,1
fixed_transform_step100,3325,2024-10-11,2024-10-21,0.0080914993282625,2024,2023-12-31,native_mse,20260910,-0.0026429925872939004,,0,1
fixed_transform_step100,3330,2024-10-18,2024-10-28,0.0015733867085561,2024,2023-12-31,native_mse,20260910,-0.004083051697418182,,0,1
fixed_transform_step100,3335,2024-10-25,2024-11-04,-0.0140142824257356,2024,2023-12-31,native_mse,20260910,-0.003618447449131282,,0,0
fixed_transform_step100,3340,2024-11-01,2024-11-11,0.0434152361258277,2024,2023-12-31,native_mse,20260910,-0.0042863223001300965,,0,1
fixed_transform_step100,3345,2024-11-08,2024-11-18,-0.0208584853931589,2024,2023-12-31,native_mse,20260910,-0.0028591792362593097,,0,0
fixed_transform_step100,3350,2024-11-15,2024-11-25,-0.0267421712161923,2024,2023-12-31,native_mse,20260910,-0.0017028092388012967,,0,0
fixed_transform_step100,3355,2024-11-22,2024-12-02,0.0087960346887328,2024,2023-12-31,native_mse,20260910,-0.0009456406767515755,,0,1
fixed_transform_step100,3360,2024-11-29,2024-12-09,0.0155919891551781,2024,2023-12-31,native_mse,20260910,-0.0002599534945060551,,0,1
fixed_transform_step100,3365,2024-12-06,2024-12-16,-0.0100436703218104,2024,2023-12-31,native_mse,20260910,0.0007542474780432574,,1,0
fixed_transform_step100,3370,2024-12-13,2024-12-23,-0.0006690784017421,2024,2023-12-31,native_mse,20260910,-0.0007125951992407705,,0,0
fixed_transform_step100,3375,2024-12-20,2024-12-30,0.0123595076562756,2024,2023-12-31,native_mse,20260910,-0.0012475930255920083,,0,1
fixed_transform_step100,3380,2024-12-27,2025-01-06,-0.0504714964669198,2024,2023-12-31,native_mse,20260910,-0.00024548952899875387,,0,0
fixed_transform_step100,3144,2024-01-05,2024-01-15,-0.0158038409563566,2024,2023-12-31,native_mse,20260911,0.006524465736805172,,1,0
fixed_transform_step100,3149,2024-01-12,2024-01-22,-0.002333261979756,2024,2023-12-31,native_mse,20260911,0.008213225375018137,,1,0
fixed_transform_step100,3154,2024-01-19,2024-01-29,0.0223511633823452,2024,2023-12-31,native_mse,20260911,0.009988969845384454,,1,1
fixed_transform_step100,3159,2024-01-26,2024-02-05,-0.0513103415192826,2024,2023-12-31,native_mse,20260911,0.007709942184731473,,1,0
fixed_transform_step100,3164,2024-02-02,2024-02-26,0.1015374891364462,2024,2023-12-31,native_mse,20260911,0.006449485928463916,,1,1
fixed_transform_step100,3173,2024-02-23,2024-03-04,0.0151569053862528,2024,2023-12-31,native_mse,20260911,0.010256530380527457,,1,1
fixed_transform_step100,3178,2024-03-01,2024-03-11,0.0021394031715169,2024,2023-12-31,native_mse,20260911,0.00705766649461919,,1,1
fixed_transform_step100,3183,2024-03-08,2024-03-18,0.0087762342284414,2024,2023-12-31,native_mse,20260911,0.008632918878357794,,1,1
fixed_transform_step100,3188,2024-03-15,2024-03-25,-0.0112802133595746,2024,2023-12-31,native_mse,20260911,0.004101422624994645,,1,0
fixed_transform_step100,3193,2024-03-22,2024-04-01,0.0042044725182444,2024,2023-12-31,native_mse,20260911,0.0049895841353934664,,1,1
fixed_transform_step100,3198,2024-03-29,2024-04-15,-0.0219845815102011,2024,2023-12-31,native_mse,20260911,0.0016010611409444046,,1,0
fixed_transform_step100,3206,2024-04-12,2024-04-22,0.018045199366633,2024,2023-12-31,native_mse,20260911,0.001857502186560773,,1,1
fixed_transform_step100,3211,2024-04-19,2024-04-29,0.0136757744232476,2024,2023-12-31,native_mse,20260911,0.009651811290201222,,1,1
fixed_transform_step100,3216,2024-04-26,2024-05-13,0.0172434956786644,2024,2023-12-31,native_mse,20260911,0.005960111287081512,,1,1
fixed_transform_step100,3223,2024-05-10,2024-05-20,0.0097933549988344,2024,2023-12-31,native_mse,20260911,-0.004933376296222066,,0,1
fixed_transform_step100,3228,2024-05-17,2024-05-27,-0.0204803832637164,2024,2023-12-31,native_mse,20260911,-0.003099362011607103,,0,0
fixed_transform_step100,3233,2024-05-24,2024-06-03,-0.0081155643048258,2024,2023-12-31,native_mse,20260911,-0.0038744398417857777,,0,0
fixed_transform_step100,3238,2024-05-31,2024-06-11,-0.0060267570121149,2024,2023-12-31,native_mse,20260911,-0.0020292253039693184,,0,0
fixed_transform_step100,3243,2024-06-07,2024-06-17,-0.0096686558937179,2024,2023-12-31,native_mse,20260911,5.7354393489387904e-05,,1,0
fixed_transform_step100,3247,2024-06-14,2024-06-24,-0.013573992457631,2024,2023-12-31,native_mse,20260911,0.0016373878025280563,,1,0
fixed_transform_step100,3252,2024-06-21,2024-07-01,-0.004427632109257,2024,2023-12-31,native_mse,20260911,0.0027588932782398315,,1,0
fixed_transform_step100,3257,2024-06-28,2024-07-08,-0.0108320369203009,2024,2023-12-31,native_mse,20260911,0.0032470747873102144,,1,0
fixed_transform_step100,3262,2024-07-05,2024-07-15,0.0122222871842843,2024,2023-12-31,native_mse,20260911,0.002652089101692747,,1,1
fixed_transform_step100,3267,2024-07-12,2024-07-22,0.0218881133018156,2024,2023-12-31,native_mse,20260911,0.004450330503533944,,1,1
fixed_transform_step100,3272,2024-07-19,2024-07-29,-0.0378787022382998,2024,2023-12-31,native_mse,20260911,-0.0012744559041647184,,0,0
fixed_transform_step100,3277,2024-07-26,2024-08-05,-0.0124134568216732,2024,2023-12-31,native_mse,20260911,-0.001291795834448832,,0,0
fixed_transform_step100,3282,2024-08-02,2024-08-12,-0.0102762848330364,2024,2023-12-31,native_mse,20260911,-0.002458562952290899,,0,0
fixed_transform_step100,3287,2024-08-09,2024-08-19,0.0050186923751938,2024,2023-12-31,native_mse,20260911,-0.0009352769264030156,,0,1
fixed_transform_step100,3292,2024-08-16,2024-08-26,-0.0040487282687352,2024,2023-12-31,native_mse,20260911,-0.0034014636043486098,,0,0
fixed_transform_step100,3297,2024-08-23,2024-09-02,-0.0069594562136714,2024,2023-12-31,native_mse,20260911,-0.0018665564124188876,,0,0
fixed_transform_step100,3302,2024-08-30,2024-09-09,-0.0280389655151561,2024,2023-12-31,native_mse,20260911,2.766314850337684e-05,,1,0
fixed_transform_step100,3307,2024-09-06,2024-09-18,-0.0174132138857783,2024,2023-12-31,native_mse,20260911,0.0015093996928045017,,1,0
fixed_transform_step100,3312,2024-09-13,2024-09-24,0.0133119329369826,2024,2023-12-31,native_mse,20260911,0.005047902673988417,,1,1
fixed_transform_step100,3315,2024-09-20,2024-09-30,0.2017513988384409,2024,2023-12-31,native_mse,20260911,0.006841795120835749,,1,1
fixed_transform_step100,3320,2024-09-27,2024-10-14,0.0178259004588408,2024,2023-12-31,native_mse,20260911,0.011643607701046107,,1,1
fixed_transform_step100,3325,2024-10-11,2024-10-21,0.0080914993282625,2024,2023-12-31,native_mse,20260911,0.006958055096152153,,1,1
fixed_transform_step100,3330,2024-10-18,2024-10-28,0.0015733867085561,2024,2023-12-31,native_mse,20260911,0.0035488889473533555,,1,1
fixed_transform_step100,3335,2024-10-25,2024-11-04,-0.0140142824257356,2024,2023-12-31,native_mse,20260911,-0.004087166652715301,,0,0
fixed_transform_step100,3340,2024-11-01,2024-11-11,0.0434152361258277,2024,2023-12-31,native_mse,20260911,-0.008879815780234165,,0,1
fixed_transform_step100,3345,2024-11-08,2024-11-18,-0.0208584853931589,2024,2023-12-31,native_mse,20260911,-0.0016665405141504353,,0,0
fixed_transform_step100,3350,2024-11-15,2024-11-25,-0.0267421712161923,2024,2023-12-31,native_mse,20260911,-0.0014397200836903515,,0,0
fixed_transform_step100,3355,2024-11-22,2024-12-02,0.0087960346887328,2024,2023-12-31,native_mse,20260911,-0.00394305191034785,,0,1
fixed_transform_step100,3360,2024-11-29,2024-12-09,0.0155919891551781,2024,2023-12-31,native_mse,20260911,-0.003787046789689023,,0,1
fixed_transform_step100,3365,2024-12-06,2024-12-16,-0.0100436703218104,2024,2023-12-31,native_mse,20260911,-0.0013163950781598383,,0,0
fixed_transform_step100,3370,2024-12-13,2024-12-23,-0.0006690784017421,2024,2023-12-31,native_mse,20260911,-0.007731413237017607,,0,0
fixed_transform_step100,3375,2024-12-20,2024-12-30,0.0123595076562756,2024,2023-12-31,native_mse,20260911,-0.005503589541502588,,0,1
fixed_transform_step100,3380,2024-12-27,2025-01-06,-0.0504714964669198,2024,2023-12-31,native_mse,20260911,0.006049137218951889,,1,0
fixed_transform_step100,3144,2024-01-05,2024-01-15,-0.0158038409563566,2024,2023-12-31,native_mse,20260912,0.001652613648937757,,1,0
fixed_transform_step100,3149,2024-01-12,2024-01-22,-0.002333261979756,2024,2023-12-31,native_mse,20260912,0.0017566823014709063,,1,0
fixed_transform_step100,3154,2024-01-19,2024-01-29,0.0223511633823452,2024,2023-12-31,native_mse,20260912,0.0017349357863463528,,1,1
fixed_transform_step100,3159,2024-01-26,2024-02-05,-0.0513103415192826,2024,2023-12-31,native_mse,20260912,0.0017756045446650414,,1,0
fixed_transform_step100,3164,2024-02-02,2024-02-26,0.1015374891364462,2024,2023-12-31,native_mse,20260912,0.0017702651342618495,,1,1
fixed_transform_step100,3173,2024-02-23,2024-03-04,0.0151569053862528,2024,2023-12-31,native_mse,20260912,0.0018705013508167863,,1,1
fixed_transform_step100,3178,2024-03-01,2024-03-11,0.0021394031715169,2024,2023-12-31,native_mse,20260912,0.0020966839632058165,,1,1
fixed_transform_step100,3183,2024-03-08,2024-03-18,0.0087762342284414,2024,2023-12-31,native_mse,20260912,0.0021229030867072935,,1,1
fixed_transform_step100,3188,2024-03-15,2024-03-25,-0.0112802133595746,2024,2023-12-31,native_mse,20260912,0.002169492364912302,,1,0
fixed_transform_step100,3193,2024-03-22,2024-04-01,0.0042044725182444,2024,2023-12-31,native_mse,20260912,0.0021346683785466035,,1,1
fixed_transform_step100,3198,2024-03-29,2024-04-15,-0.0219845815102011,2024,2023-12-31,native_mse,20260912,0.001970104765042201,,1,0
fixed_transform_step100,3206,2024-04-12,2024-04-22,0.018045199366633,2024,2023-12-31,native_mse,20260912,0.0018950666103198662,,1,1
fixed_transform_step100,3211,2024-04-19,2024-04-29,0.0136757744232476,2024,2023-12-31,native_mse,20260912,0.0014826942470986316,,1,1
fixed_transform_step100,3216,2024-04-26,2024-05-13,0.0172434956786644,2024,2023-12-31,native_mse,20260912,0.0010502698704938512,,1,1
fixed_transform_step100,3223,2024-05-10,2024-05-20,0.0097933549988344,2024,2023-12-31,native_mse,20260912,0.0008603132721811119,,1,1
fixed_transform_step100,3228,2024-05-17,2024-05-27,-0.0204803832637164,2024,2023-12-31,native_mse,20260912,0.000598359363630433,,1,0
fixed_transform_step100,3233,2024-05-24,2024-06-03,-0.0081155643048258,2024,2023-12-31,native_mse,20260912,0.0005736014331172037,,1,0
fixed_transform_step100,3238,2024-05-31,2024-06-11,-0.0060267570121149,2024,2023-12-31,native_mse,20260912,0.0005483327414548749,,1,0
fixed_transform_step100,3243,2024-06-07,2024-06-17,-0.0096686558937179,2024,2023-12-31,native_mse,20260912,0.000585176229140396,,1,0
fixed_transform_step100,3247,2024-06-14,2024-06-24,-0.013573992457631,2024,2023-12-31,native_mse,20260912,0.000605835607878555,,1,0
fixed_transform_step100,3252,2024-06-21,2024-07-01,-0.004427632109257,2024,2023-12-31,native_mse,20260912,0.0006286050015987623,,1,0
fixed_transform_step100,3257,2024-06-28,2024-07-08,-0.0108320369203009,2024,2023-12-31,native_mse,20260912,0.00064228262166844,,1,0
fixed_transform_step100,3262,2024-07-05,2024-07-15,0.0122222871842843,2024,2023-12-31,native_mse,20260912,0.000721007461573622,,1,1
fixed_transform_step100,3267,2024-07-12,2024-07-22,0.0218881133018156,2024,2023-12-31,native_mse,20260912,0.000821435978076197,,1,1
fixed_transform_step100,3272,2024-07-19,2024-07-29,-0.0378787022382998,2024,2023-12-31,native_mse,20260912,0.0008418861287390497,,1,0
fixed_transform_step100,3277,2024-07-26,2024-08-05,-0.0124134568216732,2024,2023-12-31,native_mse,20260912,0.0012675510770958798,,1,0
fixed_transform_step100,3282,2024-08-02,2024-08-12,-0.0102762848330364,2024,2023-12-31,native_mse,20260912,0.0015249857513458085,,1,0
fixed_transform_step100,3287,2024-08-09,2024-08-19,0.0050186923751938,2024,2023-12-31,native_mse,20260912,0.0015779514189250905,,1,1
fixed_transform_step100,3292,2024-08-16,2024-08-26,-0.0040487282687352,2024,2023-12-31,native_mse,20260912,0.0013998325080271312,,1,0
fixed_transform_step100,3297,2024-08-23,2024-09-02,-0.0069594562136714,2024,2023-12-31,native_mse,20260912,0.0014255873683507452,,1,0
fixed_transform_step100,3302,2024-08-30,2024-09-09,-0.0280389655151561,2024,2023-12-31,native_mse,20260912,0.0015330401621674865,,1,0
fixed_transform_step100,3307,2024-09-06,2024-09-18,-0.0174132138857783,2024,2023-12-31,native_mse,20260912,0.0015627932338450265,,1,0
fixed_transform_step100,3312,2024-09-13,2024-09-24,0.0133119329369826,2024,2023-12-31,native_mse,20260912,0.0015103830852308555,,1,1
fixed_transform_step100,3315,2024-09-20,2024-09-30,0.2017513988384409,2024,2023-12-31,native_mse,20260912,0.0015343284400254939,,1,1
fixed_transform_step100,3320,2024-09-27,2024-10-14,0.0178259004588408,2024,2023-12-31,native_mse,20260912,0.0015725051425186597,,1,1
fixed_transform_step100,3325,2024-10-11,2024-10-21,0.0080914993282625,2024,2023-12-31,native_mse,20260912,0.0019394229622847915,,1,1
fixed_transform_step100,3330,2024-10-18,2024-10-28,0.0015733867085561,2024,2023-12-31,native_mse,20260912,0.0021210173726156634,,1,1
fixed_transform_step100,3335,2024-10-25,2024-11-04,-0.0140142824257356,2024,2023-12-31,native_mse,20260912,0.0021565584052961957,,1,0
fixed_transform_step100,3340,2024-11-01,2024-11-11,0.0434152361258277,2024,2023-12-31,native_mse,20260912,0.002066143931918221,,1,1
fixed_transform_step100,3345,2024-11-08,2024-11-18,-0.0208584853931589,2024,2023-12-31,native_mse,20260912,0.0019328021834634566,,1,0
fixed_transform_step100,3350,2024-11-15,2024-11-25,-0.0267421712161923,2024,2023-12-31,native_mse,20260912,0.0016078398644429398,,1,0
fixed_transform_step100,3355,2024-11-22,2024-12-02,0.0087960346887328,2024,2023-12-31,native_mse,20260912,0.0014387624930086427,,1,1
fixed_transform_step100,3360,2024-11-29,2024-12-09,0.0155919891551781,2024,2023-12-31,native_mse,20260912,0.001055672591838617,,1,1
fixed_transform_step100,3365,2024-12-06,2024-12-16,-0.0100436703218104,2024,2023-12-31,native_mse,20260912,0.0009332123922739673,,1,0
fixed_transform_step100,3370,2024-12-13,2024-12-23,-0.0006690784017421,2024,2023-12-31,native_mse,20260912,0.0007303535282016855,,1,0
fixed_transform_step100,3375,2024-12-20,2024-12-30,0.0123595076562756,2024,2023-12-31,native_mse,20260912,0.0006347143027364932,,1,1
fixed_transform_step100,3380,2024-12-27,2025-01-06,-0.0504714964669198,2024,2023-12-31,native_mse,20260912,0.0004962445983289108,,1,0
fixed_transform_step100,3384,2025-01-03,2025-01-13,-0.0189486730632231,2025,2024-12-31,native_mse,20260910,-0.0042551962797835255,,0,0
fixed_transform_step100,3389,2025-01-10,2025-01-20,0.0353251773547418,2025,2024-12-31,native_mse,20260910,-0.004346017102457373,,0,1
fixed_transform_step100,3394,2025-01-17,2025-01-27,0.000432821422053,2025,2024-12-31,native_mse,20260910,-0.0019110835117753682,,0,1
fixed_transform_step100,3399,2025-01-24,2025-02-10,0.0159344898044284,2025,2024-12-31,native_mse,20260910,-0.0018767518511483509,,0,1
fixed_transform_step100,3403,2025-02-07,2025-02-17,0.0144454990892999,2025,2024-12-31,native_mse,20260910,-0.0005243581714439598,,0,1
fixed_transform_step100,3408,2025-02-14,2025-02-24,0.0045695818086644,2025,2024-12-31,native_mse,20260910,0.0018166916350322408,,1,1
fixed_transform_step100,3413,2025-02-21,2025-03-03,-0.0183210488158531,2025,2024-12-31,native_mse,20260910,-0.0017910693651536675,,0,0
fixed_transform_step100,3418,2025-02-28,2025-03-10,0.0117650075646844,2025,2024-12-31,native_mse,20260910,8.039864129989814e-05,,1,1
fixed_transform_step100,3423,2025-03-07,2025-03-17,0.019023819058288,2025,2024-12-31,native_mse,20260910,0.00045020548490624885,,1,1
fixed_transform_step100,3428,2025-03-14,2025-03-24,-0.0259983485216283,2025,2024-12-31,native_mse,20260910,0.004030585426274574,,1,0
fixed_transform_step100,3433,2025-03-21,2025-03-31,-0.0025867506275359,2025,2024-12-31,native_mse,20260910,0.0025467178052053364,,1,0
fixed_transform_step100,3438,2025-03-28,2025-04-14,-0.0342910101946246,2025,2024-12-31,native_mse,20260910,0.007880897711304511,,1,0
fixed_transform_step100,3447,2025-04-11,2025-04-21,-0.0010339232881941,2025,2024-12-31,native_mse,20260910,5.880823721327009e-05,,1,0
fixed_transform_step100,3452,2025-04-18,2025-04-28,0.0048432383085554,2025,2024-12-31,native_mse,20260910,0.005609692399565023,,1,1
fixed_transform_step100,3457,2025-04-25,2025-05-12,0.02116527880118,2025,2024-12-31,native_mse,20260910,-0.000987643148635555,,0,1
fixed_transform_step100,3464,2025-05-09,2025-05-19,0.0041484224873464,2025,2024-12-31,native_mse,20260910,-0.0013747677302766792,,0,1
fixed_transform_step100,3469,2025-05-16,2025-05-26,-0.0017462660042188,2025,2024-12-31,native_mse,20260910,-0.0004666942525332647,,0,0
fixed_transform_step100,3474,2025-05-23,2025-06-03,-0.0109216443615366,2025,2024-12-31,native_mse,20260910,-0.0003784346347167226,,0,0
fixed_transform_step100,3479,2025-05-30,2025-06-09,0.011566574321892,2025,2024-12-31,native_mse,20260910,0.0010175785321809984,,1,1
fixed_transform_step100,3483,2025-06-06,2025-06-16,-0.0062354943524679,2025,2024-12-31,native_mse,20260910,-0.0001914645603575384,,0,0
fixed_transform_step100,3488,2025-06-13,2025-06-23,-0.005825691168304,2025,2024-12-31,native_mse,20260910,1.1665969000571627e-05,,1,0
fixed_transform_step100,3493,2025-06-20,2025-06-30,0.0232670437490374,2025,2024-12-31,native_mse,20260910,0.0007044968618821799,,1,1
fixed_transform_step100,3498,2025-06-27,2025-07-07,0.0145345648685946,2025,2024-12-31,native_mse,20260910,-0.003232334991441291,,0,1
fixed_transform_step100,3503,2025-07-04,2025-07-14,0.0110426949002964,2025,2024-12-31,native_mse,20260910,0.003419117861495023,,1,1
fixed_transform_step100,3508,2025-07-11,2025-07-21,0.0120759671840067,2025,2024-12-31,native_mse,20260910,0.011140680775400312,,1,1
fixed_transform_step100,3513,2025-07-18,2025-07-28,0.0143570766898375,2025,2024-12-31,native_mse,20260910,-0.002127522022613997,,0,1
fixed_transform_step100,3518,2025-07-25,2025-08-04,-0.0218642507630443,2025,2024-12-31,native_mse,20260910,-0.001869242573817923,,0,0
fixed_transform_step100,3523,2025-08-01,2025-08-11,0.0179175520190988,2025,2024-12-31,native_mse,20260910,2.2319590068522338e-05,,1,1
fixed_transform_step100,3528,2025-08-08,2025-08-18,0.026265786598999,2025,2024-12-31,native_mse,20260910,-0.004614466433741538,,0,1
fixed_transform_step100,3533,2025-08-15,2025-08-25,0.0469483790671487,2025,2024-12-31,native_mse,20260910,-0.0013489789955213162,,0,1
fixed_transform_step100,3538,2025-08-22,2025-09-01,0.0227770368340847,2025,2024-12-31,native_mse,20260910,-0.004341013056443359,,0,1
fixed_transform_step100,3543,2025-08-29,2025-09-08,-0.0110053842475337,2025,2024-12-31,native_mse,20260910,-0.004924417538845909,,0,0
fixed_transform_step100,3548,2025-09-05,2025-09-15,0.0151594857594405,2025,2024-12-31,native_mse,20260910,-0.004519124644784283,,0,1
fixed_transform_step100,3553,2025-09-12,2025-09-22,-0.0050409160971932,2025,2024-12-31,native_mse,20260910,-0.004114428954602145,,0,0
fixed_transform_step100,3558,2025-09-19,2025-09-29,0.0095300784790881,2025,2024-12-31,native_mse,20260910,-0.0047590961051182015,,0,1
fixed_transform_step100,3563,2025-09-26,2025-10-13,-0.0140855274279203,2025,2024-12-31,native_mse,20260910,-0.004219803127072934,,0,0
fixed_transform_step100,3567,2025-10-10,2025-10-20,0.015001547584321,2025,2024-12-31,native_mse,20260910,-0.003823350500415441,,0,1
fixed_transform_step100,3572,2025-10-17,2025-10-27,0.0309637052897611,2025,2024-12-31,native_mse,20260910,-0.003866623261027931,,0,1
fixed_transform_step100,3577,2025-10-24,2025-11-03,-0.013331545863497,2025,2024-12-31,native_mse,20260910,-0.0036382658807448576,,0,0
fixed_transform_step100,3582,2025-10-31,2025-11-10,0.0110832418536339,2025,2024-12-31,native_mse,20260910,-0.003790641327688186,,0,1
fixed_transform_step100,3587,2025-11-07,2025-11-17,-0.0152107881197579,2025,2024-12-31,native_mse,20260910,-0.003538974204578519,,0,0
fixed_transform_step100,3592,2025-11-14,2025-11-24,-0.031114557454173,2025,2024-12-31,native_mse,20260910,-0.003282621345580935,,0,0
fixed_transform_step100,3597,2025-11-21,2025-12-01,0.0147613767448515,2025,2024-12-31,native_mse,20260910,-0.0034884891644206416,,0,1
fixed_transform_step100,3602,2025-11-28,2025-12-08,0.0118853804313106,2025,2024-12-31,native_mse,20260910,-0.003806133337151431,,0,1
fixed_transform_step100,3607,2025-12-05,2025-12-15,-0.0093922675990717,2025,2024-12-31,native_mse,20260910,-0.003208553856296927,,0,0
fixed_transform_step100,3612,2025-12-12,2025-12-22,0.0082791208791208,2025,2024-12-31,native_mse,20260910,0.0022387132272507658,,1,1
fixed_transform_step100,3617,2025-12-19,2025-12-29,0.0153890755001995,2025,2024-12-31,native_mse,20260910,0.006486312528548796,,1,1
fixed_transform_step100,3622,2025-12-26,2026-01-12,0.0239101640737868,2025,2024-12-31,native_mse,20260910,-0.0003728277129905187,,0,1
fixed_transform_step100,3384,2025-01-03,2025-01-13,-0.0189486730632231,2025,2024-12-31,native_mse,20260911,-0.002243633031677963,,0,0
fixed_transform_step100,3389,2025-01-10,2025-01-20,0.0353251773547418,2025,2024-12-31,native_mse,20260911,-0.0018394813791051527,,0,1
fixed_transform_step100,3394,2025-01-17,2025-01-27,0.000432821422053,2025,2024-12-31,native_mse,20260911,-0.0014393263633927758,,0,1
fixed_transform_step100,3399,2025-01-24,2025-02-10,0.0159344898044284,2025,2024-12-31,native_mse,20260911,-0.0005732481089145066,,0,1
fixed_transform_step100,3403,2025-02-07,2025-02-17,0.0144454990892999,2025,2024-12-31,native_mse,20260911,-0.0003493640286036611,,0,1
fixed_transform_step100,3408,2025-02-14,2025-02-24,0.0045695818086644,2025,2024-12-31,native_mse,20260911,-6.571465300264602e-06,,0,1
fixed_transform_step100,3413,2025-02-21,2025-03-03,-0.0183210488158531,2025,2024-12-31,native_mse,20260911,0.00010564573035517886,,1,0
fixed_transform_step100,3418,2025-02-28,2025-03-10,0.0117650075646844,2025,2024-12-31,native_mse,20260911,0.00030938900384146466,,1,1
fixed_transform_step100,3423,2025-03-07,2025-03-17,0.019023819058288,2025,2024-12-31,native_mse,20260911,0.0003527669941379203,,1,1
fixed_transform_step100,3428,2025-03-14,2025-03-24,-0.0259983485216283,2025,2024-12-31,native_mse,20260911,0.0004719065040533454,,1,0
fixed_transform_step100,3433,2025-03-21,2025-03-31,-0.0025867506275359,2025,2024-12-31,native_mse,20260911,0.0001374212134311476,,1,0
fixed_transform_step100,3438,2025-03-28,2025-04-14,-0.0342910101946246,2025,2024-12-31,native_mse,20260911,0.0003460895283123176,,1,0
fixed_transform_step100,3447,2025-04-11,2025-04-21,-0.0010339232881941,2025,2024-12-31,native_mse,20260911,0.000247650617921614,,1,0
fixed_transform_step100,3452,2025-04-18,2025-04-28,0.0048432383085554,2025,2024-12-31,native_mse,20260911,0.0005399418130639047,,1,1
fixed_transform_step100,3457,2025-04-25,2025-05-12,0.02116527880118,2025,2024-12-31,native_mse,20260911,0.00041859235087992534,,1,1
fixed_transform_step100,3464,2025-05-09,2025-05-19,0.0041484224873464,2025,2024-12-31,native_mse,20260911,-0.00023324757687195213,,0,1
fixed_transform_step100,3469,2025-05-16,2025-05-26,-0.0017462660042188,2025,2024-12-31,native_mse,20260911,-0.0007053097438131018,,0,0
fixed_transform_step100,3474,2025-05-23,2025-06-03,-0.0109216443615366,2025,2024-12-31,native_mse,20260911,-0.0004283154814639044,,0,0
fixed_transform_step100,3479,2025-05-30,2025-06-09,0.011566574321892,2025,2024-12-31,native_mse,20260911,-0.0007435280421209072,,0,1
fixed_transform_step100,3483,2025-06-06,2025-06-16,-0.0062354943524679,2025,2024-12-31,native_mse,20260911,0.00031992663879525335,,1,0
fixed_transform_step100,3488,2025-06-13,2025-06-23,-0.005825691168304,2025,2024-12-31,native_mse,20260911,-0.00012583521126832513,,0,0
fixed_transform_step100,3493,2025-06-20,2025-06-30,0.0232670437490374,2025,2024-12-31,native_mse,20260911,0.0004804870845920942,,1,1
fixed_transform_step100,3498,2025-06-27,2025-07-07,0.0145345648685946,2025,2024-12-31,native_mse,20260911,0.0003559800730399111,,1,1
fixed_transform_step100,3503,2025-07-04,2025-07-14,0.0110426949002964,2025,2024-12-31,native_mse,20260911,0.0001003436982822433,,1,1
fixed_transform_step100,3508,2025-07-11,2025-07-21,0.0120759671840067,2025,2024-12-31,native_mse,20260911,0.00011930674045287023,,1,1
fixed_transform_step100,3513,2025-07-18,2025-07-28,0.0143570766898375,2025,2024-12-31,native_mse,20260911,-0.00014021210404791933,,0,1
fixed_transform_step100,3518,2025-07-25,2025-08-04,-0.0218642507630443,2025,2024-12-31,native_mse,20260911,-0.0010675431152552786,,0,0
fixed_transform_step100,3523,2025-08-01,2025-08-11,0.0179175520190988,2025,2024-12-31,native_mse,20260911,-0.0011114652147751107,,0,1
fixed_transform_step100,3528,2025-08-08,2025-08-18,0.026265786598999,2025,2024-12-31,native_mse,20260911,-0.0011821175732785794,,0,1
fixed_transform_step100,3533,2025-08-15,2025-08-25,0.0469483790671487,2025,2024-12-31,native_mse,20260911,-0.001692750035902398,,0,1
fixed_transform_step100,3538,2025-08-22,2025-09-01,0.0227770368340847,2025,2024-12-31,native_mse,20260911,-0.0020785336587941633,,0,1
fixed_transform_step100,3543,2025-08-29,2025-09-08,-0.0110053842475337,2025,2024-12-31,native_mse,20260911,-0.0022958519339049935,,0,0
fixed_transform_step100,3548,2025-09-05,2025-09-15,0.0151594857594405,2025,2024-12-31,native_mse,20260911,-0.002811169444921857,,0,1
fixed_transform_step100,3553,2025-09-12,2025-09-22,-0.0050409160971932,2025,2024-12-31,native_mse,20260911,-0.0028821755195373713,,0,0
fixed_transform_step100,3558,2025-09-19,2025-09-29,0.0095300784790881,2025,2024-12-31,native_mse,20260911,-0.0027270038017814854,,0,1
fixed_transform_step100,3563,2025-09-26,2025-10-13,-0.0140855274279203,2025,2024-12-31,native_mse,20260911,-0.002671446424452231,,0,0
fixed_transform_step100,3567,2025-10-10,2025-10-20,0.015001547584321,2025,2024-12-31,native_mse,20260911,-0.002875353278749809,,0,1
fixed_transform_step100,3572,2025-10-17,2025-10-27,0.0309637052897611,2025,2024-12-31,native_mse,20260911,-0.0026759293493526775,,0,1
fixed_transform_step100,3577,2025-10-24,2025-11-03,-0.013331545863497,2025,2024-12-31,native_mse,20260911,-0.0024118634853773644,,0,0
fixed_transform_step100,3582,2025-10-31,2025-11-10,0.0110832418536339,2025,2024-12-31,native_mse,20260911,-0.0024513790865101073,,0,1
fixed_transform_step100,3587,2025-11-07,2025-11-17,-0.0152107881197579,2025,2024-12-31,native_mse,20260911,-0.0023441841984512364,,0,0
fixed_transform_step100,3592,2025-11-14,2025-11-24,-0.031114557454173,2025,2024-12-31,native_mse,20260911,-0.0023326617843834286,,0,0
fixed_transform_step100,3597,2025-11-21,2025-12-01,0.0147613767448515,2025,2024-12-31,native_mse,20260911,-0.0021695162719280723,,0,1
fixed_transform_step100,3602,2025-11-28,2025-12-08,0.0118853804313106,2025,2024-12-31,native_mse,20260911,-0.0021230276394656705,,0,1
fixed_transform_step100,3607,2025-12-05,2025-12-15,-0.0093922675990717,2025,2024-12-31,native_mse,20260911,-0.0018508009821854902,,0,0
fixed_transform_step100,3612,2025-12-12,2025-12-22,0.0082791208791208,2025,2024-12-31,native_mse,20260911,-0.0014574936445709685,,0,1
fixed_transform_step100,3617,2025-12-19,2025-12-29,0.0153890755001995,2025,2024-12-31,native_mse,20260911,-0.001196551069802699,,0,1
fixed_transform_step100,3622,2025-12-26,2026-01-12,0.0239101640737868,2025,2024-12-31,native_mse,20260911,-0.0009424910062058391,,0,1
fixed_transform_step100,3384,2025-01-03,2025-01-13,-0.0189486730632231,2025,2024-12-31,native_mse,20260912,-0.003930728949605344,,0,0
fixed_transform_step100,3389,2025-01-10,2025-01-20,0.0353251773547418,2025,2024-12-31,native_mse,20260912,0.004608697114816542,,1,1
fixed_transform_step100,3394,2025-01-17,2025-01-27,0.000432821422053,2025,2024-12-31,native_mse,20260912,-0.0013781107886780553,,0,1
fixed_transform_step100,3399,2025-01-24,2025-02-10,0.0159344898044284,2025,2024-12-31,native_mse,20260912,0.008065382377116114,,1,1
fixed_transform_step100,3403,2025-02-07,2025-02-17,0.0144454990892999,2025,2024-12-31,native_mse,20260912,0.0020560919017093573,,1,1
fixed_transform_step100,3408,2025-02-14,2025-02-24,0.0045695818086644,2025,2024-12-31,native_mse,20260912,0.0004574229206631815,,1,1
fixed_transform_step100,3413,2025-02-21,2025-03-03,-0.0183210488158531,2025,2024-12-31,native_mse,20260912,-0.004487069050516085,,0,0
fixed_transform_step100,3418,2025-02-28,2025-03-10,0.0117650075646844,2025,2024-12-31,native_mse,20260912,0.007907777385840498,,1,1
fixed_transform_step100,3423,2025-03-07,2025-03-17,0.019023819058288,2025,2024-12-31,native_mse,20260912,-0.007080334543719193,,0,1
fixed_transform_step100,3428,2025-03-14,2025-03-24,-0.0259983485216283,2025,2024-12-31,native_mse,20260912,0.005416181842733637,,1,0
fixed_transform_step100,3433,2025-03-21,2025-03-31,-0.0025867506275359,2025,2024-12-31,native_mse,20260912,0.0028174386195491687,,1,0
fixed_transform_step100,3438,2025-03-28,2025-04-14,-0.0342910101946246,2025,2024-12-31,native_mse,20260912,0.0006099430279859906,,1,0
fixed_transform_step100,3447,2025-04-11,2025-04-21,-0.0010339232881941,2025,2024-12-31,native_mse,20260912,-0.0038314464400373087,,0,0
fixed_transform_step100,3452,2025-04-18,2025-04-28,0.0048432383085554,2025,2024-12-31,native_mse,20260912,-0.002239070357372274,,0,1
fixed_transform_step100,3457,2025-04-25,2025-05-12,0.02116527880118,2025,2024-12-31,native_mse,20260912,-0.0030291142570267483,,0,1
fixed_transform_step100,3464,2025-05-09,2025-05-19,0.0041484224873464,2025,2024-12-31,native_mse,20260912,-0.006797100864360832,,0,1
fixed_transform_step100,3469,2025-05-16,2025-05-26,-0.0017462660042188,2025,2024-12-31,native_mse,20260912,0.0011635229802106158,,1,0
fixed_transform_step100,3474,2025-05-23,2025-06-03,-0.0109216443615366,2025,2024-12-31,native_mse,20260912,-0.0015437185640202761,,0,0
fixed_transform_step100,3479,2025-05-30,2025-06-09,0.011566574321892,2025,2024-12-31,native_mse,20260912,-0.007042284452490261,,0,1
fixed_transform_step100,3483,2025-06-06,2025-06-16,-0.0062354943524679,2025,2024-12-31,native_mse,20260912,0.00028466611619904517,,1,0
fixed_transform_step100,3488,2025-06-13,2025-06-23,-0.005825691168304,2025,2024-12-31,native_mse,20260912,-0.006674179072757184,,0,0
fixed_transform_step100,3493,2025-06-20,2025-06-30,0.0232670437490374,2025,2024-12-31,native_mse,20260912,-0.0026285119113171485,,0,1
fixed_transform_step100,3498,2025-06-27,2025-07-07,0.0145345648685946,2025,2024-12-31,native_mse,20260912,-0.001664357643481335,,0,1
fixed_transform_step100,3503,2025-07-04,2025-07-14,0.0110426949002964,2025,2024-12-31,native_mse,20260912,0.0037107408116209707,,1,1
fixed_transform_step100,3508,2025-07-11,2025-07-21,0.0120759671840067,2025,2024-12-31,native_mse,20260912,0.002218014475368515,,1,1
fixed_transform_step100,3513,2025-07-18,2025-07-28,0.0143570766898375,2025,2024-12-31,native_mse,20260912,0.009911597608358887,,1,1
fixed_transform_step100,3518,2025-07-25,2025-08-04,-0.0218642507630443,2025,2024-12-31,native_mse,20260912,-0.0013540938427923275,,0,0
fixed_transform_step100,3523,2025-08-01,2025-08-11,0.0179175520190988,2025,2024-12-31,native_mse,20260912,0.002501110312004882,,1,1
fixed_transform_step100,3528,2025-08-08,2025-08-18,0.026265786598999,2025,2024-12-31,native_mse,20260912,-0.006121881900028309,,0,1
fixed_transform_step100,3533,2025-08-15,2025-08-25,0.0469483790671487,2025,2024-12-31,native_mse,20260912,-0.0031833828356847573,,0,1
fixed_transform_step100,3538,2025-08-22,2025-09-01,0.0227770368340847,2025,2024-12-31,native_mse,20260912,-0.005229739970136804,,0,1
fixed_transform_step100,3543,2025-08-29,2025-09-08,-0.0110053842475337,2025,2024-12-31,native_mse,20260912,0.0017396293034999204,,1,0
fixed_transform_step100,3548,2025-09-05,2025-09-15,0.0151594857594405,2025,2024-12-31,native_mse,20260912,-0.006315423164964012,,0,1
fixed_transform_step100,3553,2025-09-12,2025-09-22,-0.0050409160971932,2025,2024-12-31,native_mse,20260912,0.0036445584301978444,,1,0
fixed_transform_step100,3558,2025-09-19,2025-09-29,0.0095300784790881,2025,2024-12-31,native_mse,20260912,-0.007907179585583714,,0,1
fixed_transform_step100,3563,2025-09-26,2025-10-13,-0.0140855274279203,2025,2024-12-31,native_mse,20260912,-0.0016751946251609804,,0,0
fixed_transform_step100,3567,2025-10-10,2025-10-20,0.015001547584321,2025,2024-12-31,native_mse,20260912,-0.006402638764524997,,0,1
fixed_transform_step100,3572,2025-10-17,2025-10-27,0.0309637052897611,2025,2024-12-31,native_mse,20260912,-0.00870396964325983,,0,1
fixed_transform_step100,3577,2025-10-24,2025-11-03,-0.013331545863497,2025,2024-12-31,native_mse,20260912,-0.005475122015119508,,0,0
fixed_transform_step100,3582,2025-10-31,2025-11-10,0.0110832418536339,2025,2024-12-31,native_mse,20260912,-0.006949842516906396,,0,1
fixed_transform_step100,3587,2025-11-07,2025-11-17,-0.0152107881197579,2025,2024-12-31,native_mse,20260912,0.005808210669049744,,1,0
fixed_transform_step100,3592,2025-11-14,2025-11-24,-0.031114557454173,2025,2024-12-31,native_mse,20260912,-0.005729952989633713,,0,0
fixed_transform_step100,3597,2025-11-21,2025-12-01,0.0147613767448515,2025,2024-12-31,native_mse,20260912,-0.0015450315646448089,,0,1
fixed_transform_step100,3602,2025-11-28,2025-12-08,0.0118853804313106,2025,2024-12-31,native_mse,20260912,-0.0032204954130721736,,0,1
fixed_transform_step100,3607,2025-12-05,2025-12-15,-0.0093922675990717,2025,2024-12-31,native_mse,20260912,-0.0047114270439592345,,0,0
fixed_transform_step100,3612,2025-12-12,2025-12-22,0.0082791208791208,2025,2024-12-31,native_mse,20260912,0.0035042182684974187,,1,1
fixed_transform_step100,3617,2025-12-19,2025-12-29,0.0153890755001995,2025,2024-12-31,native_mse,20260912,-0.0005370407904008248,,0,1
fixed_transform_step100,3622,2025-12-26,2026-01-12,0.0239101640737868,2025,2024-12-31,native_mse,20260912,0.002315041428841435,,1,1
fixed_transform_step100,3630,2026-01-09,2026-01-19,-0.0103697336282536,2026,2025-12-31,native_mse,20260910,-0.002855102612462861,,0,0
fixed_transform_step100,3635,2026-01-16,2026-01-26,-0.0010190267764643,2026,2025-12-31,native_mse,20260910,-0.00015744638603756636,,0,0
fixed_transform_step100,3640,2026-01-23,2026-02-02,-0.0087161586128796,2026,2025-12-31,native_mse,20260910,-0.006105688647517694,,0,0
fixed_transform_step100,3645,2026-01-30,2026-02-09,0.0041482324550519,2026,2025-12-31,native_mse,20260910,-0.0019649521887390433,,0,1
fixed_transform_step100,3650,2026-02-06,2026-02-24,0.0071649689901505,2026,2025-12-31,native_mse,20260910,0.0047027542719540035,,1,1
fixed_transform_step100,3655,2026-02-13,2026-03-02,-0.0097920588919678,2026,2025-12-31,native_mse,20260910,0.0004179826835146159,,1,0
fixed_transform_step100,3659,2026-02-27,2026-03-09,-0.0172526869201304,2026,2025-12-31,native_mse,20260910,0.0022625269962182996,,1,0
fixed_transform_step100,3664,2026-03-06,2026-03-16,0.0149926634422041,2026,2025-12-31,native_mse,20260910,-0.003806878947664824,,0,1
fixed_transform_step100,3669,2026-03-13,2026-03-23,-0.0364343509194254,2026,2025-12-31,native_mse,20260910,-0.006468904470141985,,0,0
fixed_transform_step100,3674,2026-03-20,2026-03-30,-0.0083038829988221,2026,2025-12-31,native_mse,20260910,-0.006677801015318794,,0,0
fixed_transform_step100,3679,2026-03-27,2026-04-07,-0.0035591495694504,2026,2025-12-31,native_mse,20260910,-0.0012459609623288559,,0,0
fixed_transform_step100,3684,2026-04-03,2026-04-13,0.0380736235508991,2026,2025-12-31,native_mse,20260910,-0.0002708764126667155,,0,1
fixed_transform_step100,3688,2026-04-10,2026-04-20,0.0242766725964382,2026,2025-12-31,native_mse,20260910,-0.0014516073248232214,,0,1
fixed_transform_step100,3693,2026-04-17,2026-04-27,0.010401572188011,2026,2025-12-31,native_mse,20260910,-0.00019243492513075974,,0,1
fixed_transform_step100,3698,2026-04-24,2026-05-11,0.0263674696524953,2026,2025-12-31,native_mse,20260910,0.00044530537803680217,,1,1
fixed_transform_step100,3705,2026-05-08,2026-05-18,-0.0134529239455926,2026,2025-12-31,native_mse,20260910,0.00821158666179363,,1,0
fixed_transform_step100,3710,2026-05-15,2026-05-25,0.0076235492615268,2026,2025-12-31,native_mse,20260910,0.009209478129531542,,1,1
fixed_transform_step100,3715,2026-05-22,2026-06-01,0.005068538126898,2026,2025-12-31,native_mse,20260910,-0.0037899662548005076,,0,1
fixed_transform_step100,3720,2026-05-29,2026-06-08,-0.039635353927193,2026,2025-12-31,native_mse,20260910,-0.005878390043911763,,0,0
fixed_transform_step100,3725,2026-06-05,2026-06-15,0.0266849782195981,2026,2025-12-31,native_mse,20260910,-0.005079831260852612,,0,1
fixed_transform_step100,3730,2026-06-12,2026-06-29,0.0076098142791176,2026,2025-12-31,native_mse,20260910,-0.0013875397965599067,,0,1
fixed_transform_step100,3739,2026-06-26,2026-07-06,0.0005137647861506,2026,2025-12-31,native_mse,20260910,-0.002031043716013942,,0,1
fixed_transform_step100,3744,2026-07-03,2026-07-13,-0.0252847876365399,2026,2025-12-31,native_mse,20260910,-0.003966417206833292,,0,0
fixed_transform_step100,3749,2026-07-10,2026-07-20,-0.035775397012711,2026,2025-12-31,native_mse,20260910,-0.000224192482655729,,0,0
fixed_transform_step100,3754,2026-07-17,2026-07-27,0.01756245533441,2026,2025-12-31,native_mse,20260910,-0.001279240964054163,,0,1
fixed_transform_step100,3759,2026-07-24,2026-08-03,-0.0202339761556519,2026,2025-12-31,native_mse,20260910,-0.0020989123929827714,,0,0
fixed_transform_step100,3764,2026-07-31,2026-08-10,0.0300318732435738,2026,2025-12-31,native_mse,20260910,-0.005698998401180227,,0,1
fixed_transform_step100,3769,2026-08-07,2026-08-17,-0.0056482265760339,2026,2025-12-31,native_mse,20260910,-0.000843785639629233,,0,0
fixed_transform_step100,3774,2026-08-14,2026-08-24,-0.0109860710402629,2026,2025-12-31,native_mse,20260910,0.001103287661206875,,1,0
fixed_transform_step100,3779,2026-08-21,2026-08-31,-0.0127592811002066,2026,2025-12-31,native_mse,20260910,0.005195736341319573,,1,0
fixed_transform_step100,3630,2026-01-09,2026-01-19,-0.0103697336282536,2026,2025-12-31,native_mse,20260911,-0.0030890692487675277,,0,0
fixed_transform_step100,3635,2026-01-16,2026-01-26,-0.0010190267764643,2026,2025-12-31,native_mse,20260911,-0.0029844245717806552,,0,0
fixed_transform_step100,3640,2026-01-23,2026-02-02,-0.0087161586128796,2026,2025-12-31,native_mse,20260911,-0.0018485669736654138,,0,0
fixed_transform_step100,3645,2026-01-30,2026-02-09,0.0041482324550519,2026,2025-12-31,native_mse,20260911,-0.002659061252019485,,0,1
fixed_transform_step100,3650,2026-02-06,2026-02-24,0.0071649689901505,2026,2025-12-31,native_mse,20260911,-0.0015567976959256278,,0,1
fixed_transform_step100,3655,2026-02-13,2026-03-02,-0.0097920588919678,2026,2025-12-31,native_mse,20260911,-0.0015389707922718095,,0,0
fixed_transform_step100,3659,2026-02-27,2026-03-09,-0.0172526869201304,2026,2025-12-31,native_mse,20260911,-0.0019681718770543553,,0,0
fixed_transform_step100,3664,2026-03-06,2026-03-16,0.0149926634422041,2026,2025-12-31,native_mse,20260911,0.00014521785716820214,,1,1
fixed_transform_step100,3669,2026-03-13,2026-03-23,-0.0364343509194254,2026,2025-12-31,native_mse,20260911,-0.0022671453715006956,,0,0
fixed_transform_step100,3674,2026-03-20,2026-03-30,-0.0083038829988221,2026,2025-12-31,native_mse,20260911,-0.001986856137592856,,0,0
fixed_transform_step100,3679,2026-03-27,2026-04-07,-0.0035591495694504,2026,2025-12-31,native_mse,20260911,-0.002218520604235266,,0,0
fixed_transform_step100,3684,2026-04-03,2026-04-13,0.0380736235508991,2026,2025-12-31,native_mse,20260911,-0.002090390096021022,,0,1
fixed_transform_step100,3688,2026-04-10,2026-04-20,0.0242766725964382,2026,2025-12-31,native_mse,20260911,-0.0024408235069100508,,0,1
fixed_transform_step100,3693,2026-04-17,2026-04-27,0.010401572188011,2026,2025-12-31,native_mse,20260911,-0.0029629470272129906,,0,1
fixed_transform_step100,3698,2026-04-24,2026-05-11,0.0263674696524953,2026,2025-12-31,native_mse,20260911,-0.003359926419865766,,0,1
fixed_transform_step100,3705,2026-05-08,2026-05-18,-0.0134529239455926,2026,2025-12-31,native_mse,20260911,-0.002535154678821143,,0,0
fixed_transform_step100,3710,2026-05-15,2026-05-25,0.0076235492615268,2026,2025-12-31,native_mse,20260911,-0.002260058894062486,,0,1
fixed_transform_step100,3715,2026-05-22,2026-06-01,0.005068538126898,2026,2025-12-31,native_mse,20260911,-0.0015057276938992676,,0,1
fixed_transform_step100,3720,2026-05-29,2026-06-08,-0.039635353927193,2026,2025-12-31,native_mse,20260911,-0.002635162144589442,,0,0
fixed_transform_step100,3725,2026-06-05,2026-06-15,0.0266849782195981,2026,2025-12-31,native_mse,20260911,-0.003913781241526722,,0,1
fixed_transform_step100,3730,2026-06-12,2026-06-29,0.0076098142791176,2026,2025-12-31,native_mse,20260911,-0.0036857925348870147,,0,1
fixed_transform_step100,3739,2026-06-26,2026-07-06,0.0005137647861506,2026,2025-12-31,native_mse,20260911,-0.0021369319429553274,,0,1
fixed_transform_step100,3744,2026-07-03,2026-07-13,-0.0252847876365399,2026,2025-12-31,native_mse,20260911,-0.0022933277317483012,,0,0
fixed_transform_step100,3749,2026-07-10,2026-07-20,-0.035775397012711,2026,2025-12-31,native_mse,20260911,-0.0023056933526758674,,0,0
fixed_transform_step100,3754,2026-07-17,2026-07-27,0.01756245533441,2026,2025-12-31,native_mse,20260911,-0.0024493044555773855,,0,1
fixed_transform_step100,3759,2026-07-24,2026-08-03,-0.0202339761556519,2026,2025-12-31,native_mse,20260911,-0.0026633393533010696,,0,0
fixed_transform_step100,3764,2026-07-31,2026-08-10,0.0300318732435738,2026,2025-12-31,native_mse,20260911,-0.0024432171596736993,,0,1
fixed_transform_step100,3769,2026-08-07,2026-08-17,-0.0056482265760339,2026,2025-12-31,native_mse,20260911,-0.0034017483589926685,,0,0
fixed_transform_step100,3774,2026-08-14,2026-08-24,-0.0109860710402629,2026,2025-12-31,native_mse,20260911,-0.002813706354026954,,0,0
fixed_transform_step100,3779,2026-08-21,2026-08-31,-0.0127592811002066,2026,2025-12-31,native_mse,20260911,-0.0019809857134933735,,0,0
fixed_transform_step100,3630,2026-01-09,2026-01-19,-0.0103697336282536,2026,2025-12-31,native_mse,20260912,-0.0012654744629118373,,0,0
fixed_transform_step100,3635,2026-01-16,2026-01-26,-0.0010190267764643,2026,2025-12-31,native_mse,20260912,-0.0009824454910161004,,0,0
fixed_transform_step100,3640,2026-01-23,2026-02-02,-0.0087161586128796,2026,2025-12-31,native_mse,20260912,-0.0014318861524315442,,0,0
fixed_transform_step100,3645,2026-01-30,2026-02-09,0.0041482324550519,2026,2025-12-31,native_mse,20260912,-0.0015519331724585116,,0,1
fixed_transform_step100,3650,2026-02-06,2026-02-24,0.0071649689901505,2026,2025-12-31,native_mse,20260912,-0.0016869022750859507,,0,1
fixed_transform_step100,3655,2026-02-13,2026-03-02,-0.0097920588919678,2026,2025-12-31,native_mse,20260912,-0.0011765097827620523,,0,0
fixed_transform_step100,3659,2026-02-27,2026-03-09,-0.0172526869201304,2026,2025-12-31,native_mse,20260912,-0.0007085124719817442,,0,0
fixed_transform_step100,3664,2026-03-06,2026-03-16,0.0149926634422041,2026,2025-12-31,native_mse,20260912,-0.0009899154221996353,,0,1
fixed_transform_step100,3669,2026-03-13,2026-03-23,-0.0364343509194254,2026,2025-12-31,native_mse,20260912,-0.0011266305599294578,,0,0
fixed_transform_step100,3674,2026-03-20,2026-03-30,-0.0083038829988221,2026,2025-12-31,native_mse,20260912,-0.001524311581453077,,0,0
fixed_transform_step100,3679,2026-03-27,2026-04-07,-0.0035591495694504,2026,2025-12-31,native_mse,20260912,-0.0019205134194293897,,0,0
fixed_transform_step100,3684,2026-04-03,2026-04-13,0.0380736235508991,2026,2025-12-31,native_mse,20260912,-0.0011376256916386593,,0,1
fixed_transform_step100,3688,2026-04-10,2026-04-20,0.0242766725964382,2026,2025-12-31,native_mse,20260912,-0.0013216896399536517,,0,1
fixed_transform_step100,3693,2026-04-17,2026-04-27,0.010401572188011,2026,2025-12-31,native_mse,20260912,-0.0015028502660909705,,0,1
fixed_transform_step100,3698,2026-04-24,2026-05-11,0.0263674696524953,2026,2025-12-31,native_mse,20260912,-0.0012568015547876838,,0,1
fixed_transform_step100,3705,2026-05-08,2026-05-18,-0.0134529239455926,2026,2025-12-31,native_mse,20260912,-0.0004371239494575972,,0,0
fixed_transform_step100,3710,2026-05-15,2026-05-25,0.0076235492615268,2026,2025-12-31,native_mse,20260912,6.163719011948235e-05,,1,1
fixed_transform_step100,3715,2026-05-22,2026-06-01,0.005068538126898,2026,2025-12-31,native_mse,20260912,7.730204085298746e-06,,1,1
fixed_transform_step100,3720,2026-05-29,2026-06-08,-0.039635353927193,2026,2025-12-31,native_mse,20260912,-0.00019569943758148556,,0,0
fixed_transform_step100,3725,2026-06-05,2026-06-15,0.0266849782195981,2026,2025-12-31,native_mse,20260912,-0.00010540438898025962,,0,1
fixed_transform_step100,3730,2026-06-12,2026-06-29,0.0076098142791176,2026,2025-12-31,native_mse,20260912,-0.0007095936265099443,,0,1
fixed_transform_step100,3739,2026-06-26,2026-07-06,0.0005137647861506,2026,2025-12-31,native_mse,20260912,-0.00033128119271872585,,0,1
fixed_transform_step100,3744,2026-07-03,2026-07-13,-0.0252847876365399,2026,2025-12-31,native_mse,20260912,-0.0011443460816151978,,0,0
fixed_transform_step100,3749,2026-07-10,2026-07-20,-0.035775397012711,2026,2025-12-31,native_mse,20260912,-0.0017039989678604111,,0,0
fixed_transform_step100,3754,2026-07-17,2026-07-27,0.01756245533441,2026,2025-12-31,native_mse,20260912,-0.0017003094595498154,,0,1
fixed_transform_step100,3759,2026-07-24,2026-08-03,-0.0202339761556519,2026,2025-12-31,native_mse,20260912,-0.0018633248001663242,,0,0
fixed_transform_step100,3764,2026-07-31,2026-08-10,0.0300318732435738,2026,2025-12-31,native_mse,20260912,-0.0013665112944695823,,0,1
fixed_transform_step100,3769,2026-08-07,2026-08-17,-0.0056482265760339,2026,2025-12-31,native_mse,20260912,-0.0010726869031266657,,0,0
fixed_transform_step100,3774,2026-08-14,2026-08-24,-0.0109860710402629,2026,2025-12-31,native_mse,20260912,-0.0012030503226100222,,0,0
fixed_transform_step100,3779,2026-08-21,2026-08-31,-0.0127592811002066,2026,2025-12-31,native_mse,20260912,-0.0005090624873602664,,0,0
fixed_transform_step100,2418,2021-01-08,2021-01-18,-0.0120052904669853,2021,2020-12-31,training_frequency,-1,0.5577557755775577,0.5577557755775577,1,0
fixed_transform_step100,2423,2021-01-15,2021-01-25,0.0231622460538123,2021,2020-12-31,training_frequency,-1,0.5577557755775577,0.5577557755775577,1,1
fixed_transform_step100,2428,2021-01-22,2021-02-01,-0.0372511735907923,2021,2020-12-31,training_frequency,-1,0.5577557755775577,0.5577557755775577,1,0
fixed_transform_step100,2433,2021-01-29,2021-02-08,0.0278689901714626,2021,2020-12-31,training_frequency,-1,0.5577557755775577,0.5577557755775577,1,1
fixed_transform_step100,2438,2021-02-05,2021-02-22,0.0507379035040882,2021,2020-12-31,training_frequency,-1,0.5577557755775577,0.5577557755775577,1,1
fixed_transform_step100,2443,2021-02-19,2021-03-01,-0.0684918010685315,2021,2020-12-31,training_frequency,-1,0.5577557755775577,0.5577557755775577,1,0
fixed_transform_step100,2448,2021-02-26,2021-03-08,-0.0165997123904068,2021,2020-12-31,training_frequency,-1,0.5577557755775577,0.5577557755775577,1,0
fixed_transform_step100,2453,2021-03-05,2021-03-15,-0.0346560901469681,2021,2020-12-31,training_frequency,-1,0.5577557755775577,0.5577557755775577,1,0
fixed_transform_step100,2458,2021-03-12,2021-03-22,-0.0210550182560221,2021,2020-12-31,training_frequency,-1,0.5577557755775577,0.5577557755775577,1,0
fixed_transform_step100,2463,2021-03-19,2021-03-29,0.0087572877565691,2021,2020-12-31,training_frequency,-1,0.5577557755775577,0.5577557755775577,1,1
fixed_transform_step100,2468,2021-03-26,2021-04-06,0.0250145479448802,2021,2020-12-31,training_frequency,-1,0.5577557755775577,0.5577557755775577,1,1
fixed_transform_step100,2473,2021-04-02,2021-04-12,-0.0292856811827044,2021,2021-03-31,training_frequency,-1,0.5540875309661437,0.5540875309661437,1,0
fixed_transform_step100,2477,2021-04-09,2021-04-19,-0.0120489836840408,2021,2021-03-31,training_frequency,-1,0.5540875309661437,0.5540875309661437,1,0
fixed_transform_step100,2482,2021-04-16,2021-04-26,0.0382932540809155,2021,2021-03-31,training_frequency,-1,0.5540875309661437,0.5540875309661437,1,1
fixed_transform_step100,2487,2021-04-23,2021-05-06,-0.0112070185917437,2021,2021-03-31,training_frequency,-1,0.5540875309661437,0.5540875309661437,1,0
fixed_transform_step100,2492,2021-04-30,2021-05-12,-0.0190946889464188,2021,2021-03-31,training_frequency,-1,0.5540875309661437,0.5540875309661437,1,0
fixed_transform_step100,2494,2021-05-07,2021-05-17,0.0227674429764228,2021,2021-03-31,training_frequency,-1,0.5540875309661437,0.5540875309661437,1,1
fixed_transform_step100,2499,2021-05-14,2021-05-24,0.0045940519733895,2021,2021-03-31,training_frequency,-1,0.5540875309661437,0.5540875309661437,1,1
fixed_transform_step100,2504,2021-05-21,2021-05-31,0.0348855085126711,2021,2021-03-31,training_frequency,-1,0.5540875309661437,0.5540875309661437,1,1
fixed_transform_step100,2509,2021-05-28,2021-06-07,-0.0062409741861724,2021,2021-03-31,training_frequency,-1,0.5540875309661437,0.5540875309661437,1,0
fixed_transform_step100,2514,2021-06-04,2021-06-15,-0.0125508761771767,2021,2021-03-31,training_frequency,-1,0.5540875309661437,0.5540875309661437,1,0
fixed_transform_step100,2519,2021-06-11,2021-06-21,-0.0250011497424577,2021,2021-03-31,training_frequency,-1,0.5540875309661437,0.5540875309661437,1,0
fixed_transform_step100,2523,2021-06-18,2021-06-28,0.0325308711127356,2021,2021-03-31,training_frequency,-1,0.5540875309661437,0.5540875309661437,1,1
fixed_transform_step100,2528,2021-06-25,2021-07-05,-0.0342297962734196,2021,2021-03-31,training_frequency,-1,0.5540875309661437,0.5540875309661437,1,0
fixed_transform_step100,2533,2021-07-02,2021-07-12,0.0068193733271841,2021,2021-06-30,training_frequency,-1,0.5537190082644629,0.5537190082644629,1,1
fixed_transform_step100,2538,2021-07-09,2021-07-19,-0.0048254045313779,2021,2021-06-30,training_frequency,-1,0.5537190082644629,0.5537190082644629,1,0
fixed_transform_step100,2543,2021-07-16,2021-07-26,-0.0032299118953994,2021,2021-06-30,training_frequency,-1,0.5537190082644629,0.5537190082644629,1,0
fixed_transform_step100,2548,2021-07-23,2021-08-02,-0.0537740931579083,2021,2021-06-30,training_frequency,-1,0.5537190082644629,0.5537190082644629,1,0
fixed_transform_step100,2553,2021-07-30,2021-08-09,0.019904813945049,2021,2021-06-30,training_frequency,-1,0.5537190082644629,0.5537190082644629,1,1
fixed_transform_step100,2558,2021-08-06,2021-08-16,0.0093369268709639,2021,2021-06-30,training_frequency,-1,0.5537190082644629,0.5537190082644629,1,1
fixed_transform_step100,2563,2021-08-13,2021-08-23,-0.032048736608373,2021,2021-06-30,training_frequency,-1,0.5537190082644629,0.5537190082644629,1,0
fixed_transform_step100,2568,2021-08-20,2021-08-30,0.0145047962107527,2021,2021-06-30,training_frequency,-1,0.5537190082644629,0.5537190082644629,1,1
fixed_transform_step100,2573,2021-08-27,2021-09-06,-0.0012316820816045,2021,2021-06-30,training_frequency,-1,0.5537190082644629,0.5537190082644629,1,0
fixed_transform_step100,2578,2021-09-03,2021-09-13,0.0342301066295398,2021,2021-06-30,training_frequency,-1,0.5537190082644629,0.5537190082644629,1,1
fixed_transform_step100,2583,2021-09-10,2021-09-22,-0.0471441667981554,2021,2021-06-30,training_frequency,-1,0.5537190082644629,0.5537190082644629,1,0
fixed_transform_step100,2588,2021-09-17,2021-09-28,0.0209863060789441,2021,2021-06-30,training_frequency,-1,0.5537190082644629,0.5537190082644629,1,1
fixed_transform_step100,2591,2021-09-24,2021-10-11,0.0144615416200457,2021,2021-06-30,training_frequency,-1,0.5537190082644629,0.5537190082644629,1,1
fixed_transform_step100,2596,2021-10-08,2021-10-18,-0.0038006269617851,2021,2021-09-30,training_frequency,-1,0.5512396694214876,0.5512396694214876,1,0
fixed_transform_step100,2601,2021-10-15,2021-10-25,0.0037358989621147,2021,2021-09-30,training_frequency,-1,0.5512396694214876,0.5512396694214876,1,1
fixed_transform_step100,2606,2021-10-22,2021-11-01,-0.0127041632091318,2021,2021-09-30,training_frequency,-1,0.5512396694214876,0.5512396694214876,1,0
fixed_transform_step100,2611,2021-10-29,2021-11-08,-0.0075807737801166,2021,2021-09-30,training_frequency,-1,0.5512396694214876,0.5512396694214876,1,0
fixed_transform_step100,2616,2021-11-05,2021-11-15,0.0110015182343039,2021,2021-09-30,training_frequency,-1,0.5512396694214876,0.5512396694214876,1,1
fixed_transform_step100,2621,2021-11-12,2021-11-22,0.0002002284238551,2021,2021-09-30,training_frequency,-1,0.5512396694214876,0.5512396694214876,1,1
fixed_transform_step100,2626,2021-11-19,2021-11-29,-0.0153981603100059,2021,2021-09-30,training_frequency,-1,0.5512396694214876,0.5512396694214876,1,0
fixed_transform_step100,2631,2021-11-26,2021-12-06,0.0185518287306458,2021,2021-09-30,training_frequency,-1,0.5512396694214876,0.5512396694214876,1,1
fixed_transform_step100,2636,2021-12-03,2021-12-13,0.0367843110096284,2021,2021-09-30,training_frequency,-1,0.5512396694214876,0.5512396694214876,1,1
fixed_transform_step100,2641,2021-12-10,2021-12-20,-0.0304615698955996,2021,2021-09-30,training_frequency,-1,0.5512396694214876,0.5512396694214876,1,0
fixed_transform_step100,2646,2021-12-17,2021-12-27,-0.0034083287233763,2021,2021-09-30,training_frequency,-1,0.5512396694214876,0.5512396694214876,1,0
fixed_transform_step100,2651,2021-12-24,2022-01-04,0.0080985736506613,2021,2021-09-30,training_frequency,-1,0.5512396694214876,0.5512396694214876,1,1
fixed_transform_step100,2656,2021-12-31,2022-01-10,-0.0293970528320001,2021,2021-09-30,training_frequency,-1,0.5512396694214876,0.5512396694214876,1,0
fixed_transform_step100,2660,2022-01-07,2022-01-17,-0.0173453887283024,2022,2021-12-31,training_frequency,-1,0.5458298926507019,0.5458298926507019,1,0
fixed_transform_step100,2665,2022-01-14,2022-01-24,0.0053248631776616,2022,2021-12-31,training_frequency,-1,0.5458298926507019,0.5458298926507019,1,1
fixed_transform_step100,2670,2022-01-21,2022-02-07,-0.0242661876254222,2022,2021-12-31,training_frequency,-1,0.5458298926507019,0.5458298926507019,1,0
fixed_transform_step100,2675,2022-01-28,2022-02-14,-0.0127539031341488,2022,2021-12-31,training_frequency,-1,0.5458298926507019,0.5458298926507019,1,0
fixed_transform_step100,2680,2022-02-11,2022-02-21,0.0145498774954033,2022,2021-12-31,training_frequency,-1,0.5458298926507019,0.5458298926507019,1,1
fixed_transform_step100,2685,2022-02-18,2022-02-28,-0.0177161244498015,2022,2021-12-31,training_frequency,-1,0.5458298926507019,0.5458298926507019,1,0
fixed_transform_step100,2690,2022-02-25,2022-03-07,-0.0221791776043331,2022,2021-12-31,training_frequency,-1,0.5458298926507019,0.5458298926507019,1,0
fixed_transform_step100,2695,2022-03-04,2022-03-14,-0.0480378799422749,2022,2021-12-31,training_frequency,-1,0.5458298926507019,0.5458298926507019,1,0
fixed_transform_step100,2700,2022-03-11,2022-03-21,0.007530336734814,2022,2021-12-31,training_frequency,-1,0.5458298926507019,0.5458298926507019,1,1
fixed_transform_step100,2705,2022-03-18,2022-03-28,-0.0353493110038457,2022,2021-12-31,training_frequency,-1,0.5458298926507019,0.5458298926507019,1,0
fixed_transform_step100,2710,2022-03-25,2022-04-06,0.0314834190717003,2022,2021-12-31,training_frequency,-1,0.5458298926507019,0.5458298926507019,1,1
fixed_transform_step100,2715,2022-04-01,2022-04-12,-0.0129237372705649,2022,2022-03-31,training_frequency,-1,0.5264462809917355,0.5264462809917355,1,0
fixed_transform_step100,2718,2022-04-08,2022-04-18,-0.0120986062576864,2022,2022-03-31,training_frequency,-1,0.5264462809917355,0.5264462809917355,1,0
fixed_transform_step100,2723,2022-04-15,2022-04-25,-0.0528494340140576,2022,2022-03-31,training_frequency,-1,0.5264462809917355,0.5264462809917355,1,0
fixed_transform_step100,2728,2022-04-22,2022-05-05,0.015736821365468,2022,2022-03-31,training_frequency,-1,0.5264462809917355,0.5264462809917355,1,1
fixed_transform_step100,2733,2022-04-29,2022-05-11,-0.0278824133054675,2022,2022-03-31,training_frequency,-1,0.5264462809917355,0.5264462809917355,1,0
fixed_transform_step100,2735,2022-05-06,2022-05-16,0.033741423035827,2022,2022-03-31,training_frequency,-1,0.5264462809917355,0.5264462809917355,1,1
fixed_transform_step100,2740,2022-05-13,2022-05-23,0.0164308841843088,2022,2022-03-31,training_frequency,-1,0.5264462809917355,0.5264462809917355,1,1
fixed_transform_step100,2745,2022-05-20,2022-05-30,-0.0147293413085614,2022,2022-03-31,training_frequency,-1,0.5264462809917355,0.5264462809917355,1,0
fixed_transform_step100,2750,2022-05-27,2022-06-13,0.0431748431927498,2022,2022-03-31,training_frequency,-1,0.5264462809917355,0.5264462809917355,1,1
fixed_transform_step100,2759,2022-06-10,2022-06-20,0.0306046547112142,2022,2022-03-31,training_frequency,-1,0.5264462809917355,0.5264462809917355,1,1
fixed_transform_step100,2764,2022-06-17,2022-06-27,0.0211666894141107,2022,2022-03-31,training_frequency,-1,0.5264462809917355,0.5264462809917355,1,1
fixed_transform_step100,2769,2022-06-24,2022-07-04,0.0074507343130214,2022,2022-03-31,training_frequency,-1,0.5264462809917355,0.5264462809917355,1,1
fixed_transform_step100,2774,2022-07-01,2022-07-11,-0.0092349827532707,2022,2022-06-30,training_frequency,-1,0.5318444995864351,0.5318444995864351,1,0
fixed_transform_step100,2779,2022-07-08,2022-07-18,-0.0326815927737367,2022,2022-06-30,training_frequency,-1,0.5318444995864351,0.5318444995864351,1,0
fixed_transform_step100,2784,2022-07-15,2022-07-25,-0.0066210715249344,2022,2022-06-30,training_frequency,-1,0.5318444995864351,0.5318444995864351,1,0
fixed_transform_step100,2789,2022-07-22,2022-08-01,-0.0173077967751003,2022,2022-06-30,training_frequency,-1,0.5318444995864351,0.5318444995864351,1,0
fixed_transform_step100,2794,2022-07-29,2022-08-08,-0.004456034513838,2022,2022-06-30,training_frequency,-1,0.5318444995864351,0.5318444995864351,1,0
fixed_transform_step100,2799,2022-08-05,2022-08-15,0.0091475117753996,2022,2022-06-30,training_frequency,-1,0.5318444995864351,0.5318444995864351,1,1
fixed_transform_step100,2804,2022-08-12,2022-08-22,-0.0107272727272728,2022,2022-06-30,training_frequency,-1,0.5318444995864351,0.5318444995864351,1,0
fixed_transform_step100,2809,2022-08-19,2022-08-29,-0.0172375434082356,2022,2022-06-30,training_frequency,-1,0.5318444995864351,0.5318444995864351,1,0
fixed_transform_step100,2814,2022-08-26,2022-09-05,-0.0131573766941938,2022,2022-06-30,training_frequency,-1,0.5318444995864351,0.5318444995864351,1,0
fixed_transform_step100,2819,2022-09-02,2022-09-13,0.0253340680878015,2022,2022-06-30,training_frequency,-1,0.5318444995864351,0.5318444995864351,1,1
fixed_transform_step100,2824,2022-09-09,2022-09-19,-0.044647264962877,2022,2022-06-30,training_frequency,-1,0.5318444995864351,0.5318444995864351,1,0
fixed_transform_step100,2828,2022-09-16,2022-09-26,-0.025155151434928,2022,2022-06-30,training_frequency,-1,0.5318444995864351,0.5318444995864351,1,0
fixed_transform_step100,2833,2022-09-23,2022-10-10,-0.0060162941299352,2022,2022-06-30,training_frequency,-1,0.5318444995864351,0.5318444995864351,1,0
fixed_transform_step100,2838,2022-09-30,2022-10-17,0.0041192047412885,2022,2022-06-30,training_frequency,-1,0.5318444995864351,0.5318444995864351,1,1
fixed_transform_step100,2843,2022-10-14,2022-10-24,-0.0246766294110258,2022,2022-09-30,training_frequency,-1,0.5119933829611248,0.5119933829611248,1,0
fixed_transform_step100,2848,2022-10-21,2022-10-31,-0.059928861134359,2022,2022-09-30,training_frequency,-1,0.5119933829611248,0.5119933829611248,1,0
fixed_transform_step100,2853,2022-10-28,2022-11-07,0.071339502526744,2022,2022-09-30,training_frequency,-1,0.5119933829611248,0.5119933829611248,1,1
fixed_transform_step100,2858,2022-11-04,2022-11-14,0.0169449090696014,2022,2022-09-30,training_frequency,-1,0.5119933829611248,0.5119933829611248,1,1
fixed_transform_step100,2863,2022-11-11,2022-11-21,-0.0127051391515239,2022,2022-09-30,training_frequency,-1,0.5119933829611248,0.5119933829611248,1,0
fixed_transform_step100,2868,2022-11-18,2022-11-28,-0.0179672806084416,2022,2022-09-30,training_frequency,-1,0.5119933829611248,0.5119933829611248,1,0
fixed_transform_step100,2873,2022-11-25,2022-12-05,0.0555768659337096,2022,2022-09-30,training_frequency,-1,0.5119933829611248,0.5119933829611248,1,1
fixed_transform_step100,2878,2022-12-02,2022-12-12,0.0175374394775362,2022,2022-09-30,training_frequency,-1,0.5119933829611248,0.5119933829611248,1,1
fixed_transform_step100,2883,2022-12-09,2022-12-19,-0.0058850602464181,2022,2022-09-30,training_frequency,-1,0.5119933829611248,0.5119933829611248,1,0
fixed_transform_step100,2888,2022-12-16,2022-12-26,-0.0309150292073658,2022,2022-09-30,training_frequency,-1,0.5119933829611248,0.5119933829611248,1,0
fixed_transform_step100,2893,2022-12-23,2023-01-03,0.0089464492229616,2022,2022-09-30,training_frequency,-1,0.5119933829611248,0.5119933829611248,1,1
fixed_transform_step100,2898,2022-12-30,2023-01-09,0.0345913414268119,2022,2022-09-30,training_frequency,-1,0.5119933829611248,0.5119933829611248,1,1
fixed_transform_step100,2902,2023-01-06,2023-01-16,0.0198447929614133,2023,2022-12-31,training_frequency,-1,0.5028949545078577,0.5028949545078577,1,1
fixed_transform_step100,2907,2023-01-13,2023-01-30,0.0465290788350809,2023,2022-12-31,training_frequency,-1,0.5028949545078577,0.5028949545078577,1,1
fixed_transform_step100,2912,2023-01-20,2023-02-06,-0.0383797057844887,2023,2022-12-31,training_frequency,-1,0.5028949545078577,0.5028949545078577,1,0
fixed_transform_step100,2917,2023-02-03,2023-02-13,-0.0012061903149008,2023,2022-12-31,training_frequency,-1,0.5028949545078577,0.5028949545078577,1,0
fixed_transform_step100,2922,2023-02-10,2023-02-20,-0.0143746584432821,2023,2022-12-31,training_frequency,-1,0.5028949545078577,0.5028949545078577,1,0
fixed_transform_step100,2927,2023-02-17,2023-02-27,0.0001237636016198,2023,2022-12-31,training_frequency,-1,0.5028949545078577,0.5028949545078577,1,1
fixed_transform_step100,2932,2023-02-24,2023-03-06,0.0224454641303217,2023,2022-12-31,training_frequency,-1,0.5028949545078577,0.5028949545078577,1,1
fixed_transform_step100,2937,2023-03-03,2023-03-13,-0.0407900947678007,2023,2022-12-31,training_frequency,-1,0.5028949545078577,0.5028949545078577,1,0
fixed_transform_step100,2942,2023-03-10,2023-03-20,5.0471402903706775e-06,2023,2022-12-31,training_frequency,-1,0.5028949545078577,0.5028949545078577,1,1
fixed_transform_step100,2947,2023-03-17,2023-03-27,0.015302852124583,2023,2022-12-31,training_frequency,-1,0.5028949545078577,0.5028949545078577,1,1
fixed_transform_step100,2952,2023-03-24,2023-04-03,0.0090274153058433,2023,2022-12-31,training_frequency,-1,0.5028949545078577,0.5028949545078577,1,1
fixed_transform_step100,2957,2023-03-31,2023-04-10,0.0178317182396383,2023,2022-12-31,training_frequency,-1,0.5028949545078577,0.5028949545078577,1,1
fixed_transform_step100,2961,2023-04-07,2023-04-17,-0.0101500238382772,2023,2023-03-31,training_frequency,-1,0.5062034739454094,0.5062034739454094,1,0
fixed_transform_step100,2966,2023-04-14,2023-04-24,-0.014368947230732,2023,2023-03-31,training_frequency,-1,0.5062034739454094,0.5062034739454094,1,0
fixed_transform_step100,2971,2023-04-21,2023-05-04,-0.0044228908788729,2023,2023-03-31,training_frequency,-1,0.5062034739454094,0.5062034739454094,1,0
fixed_transform_step100,2976,2023-04-28,2023-05-10,0.0036477163153083,2023,2023-03-31,training_frequency,-1,0.5062034739454094,0.5062034739454094,1,1
fixed_transform_step100,2978,2023-05-05,2023-05-15,-0.0221642407977935,2023,2023-03-31,training_frequency,-1,0.5062034739454094,0.5062034739454094,1,0
fixed_transform_step100,2983,2023-05-12,2023-05-22,0.0005509250208819,2023,2023-03-31,training_frequency,-1,0.5062034739454094,0.5062034739454094,1,1
fixed_transform_step100,2988,2023-05-19,2023-05-29,-0.0200253742704897,2023,2023-03-31,training_frequency,-1,0.5062034739454094,0.5062034739454094,1,0
fixed_transform_step100,2993,2023-05-26,2023-06-05,-0.0003935703040848,2023,2023-03-31,training_frequency,-1,0.5062034739454094,0.5062034739454094,1,0
fixed_transform_step100,2998,2023-06-02,2023-06-12,-0.0086075595250429,2023,2023-03-31,training_frequency,-1,0.5062034739454094,0.5062034739454094,1,0
fixed_transform_step100,3003,2023-06-09,2023-06-19,0.0338878539347273,2023,2023-03-31,training_frequency,-1,0.5062034739454094,0.5062034739454094,1,1
fixed_transform_step100,3008,2023-06-16,2023-07-03,-0.026216632171098,2023,2023-03-31,training_frequency,-1,0.5062034739454094,0.5062034739454094,1,0
fixed_transform_step100,3016,2023-06-30,2023-07-10,-0.0030441518806006,2023,2023-03-31,training_frequency,-1,0.5062034739454094,0.5062034739454094,1,0
fixed_transform_step100,3021,2023-07-07,2023-07-17,0.0104280552692135,2023,2023-06-30,training_frequency,-1,0.5132450331125827,0.5132450331125827,1,1
fixed_transform_step100,3026,2023-07-14,2023-07-24,-0.0201642613135752,2023,2023-06-30,training_frequency,-1,0.5132450331125827,0.5132450331125827,1,0
fixed_transform_step100,3031,2023-07-21,2023-07-31,0.0566710925894278,2023,2023-06-30,training_frequency,-1,0.5132450331125827,0.5132450331125827,1,1
fixed_transform_step100,3036,2023-07-28,2023-08-07,-0.0039612927947766,2023,2023-06-30,training_frequency,-1,0.5132450331125827,0.5132450331125827,1,0
fixed_transform_step100,3041,2023-08-04,2023-08-14,-0.0404899362223548,2023,2023-06-30,training_frequency,-1,0.5132450331125827,0.5132450331125827,1,0
fixed_transform_step100,3046,2023-08-11,2023-08-21,-0.0176157088591445,2023,2023-06-30,training_frequency,-1,0.5132450331125827,0.5132450331125827,1,0
fixed_transform_step100,3051,2023-08-18,2023-08-28,0.0366582477081969,2023,2023-06-30,training_frequency,-1,0.5132450331125827,0.5132450331125827,1,1
fixed_transform_step100,3056,2023-08-25,2023-09-04,-0.025197172476384,2023,2023-06-30,training_frequency,-1,0.5132450331125827,0.5132450331125827,1,0
fixed_transform_step100,3061,2023-09-01,2023-09-11,-0.0189903461587886,2023,2023-06-30,training_frequency,-1,0.5132450331125827,0.5132450331125827,1,0
fixed_transform_step100,3066,2023-09-08,2023-09-18,-0.0111346368744954,2023,2023-06-30,training_frequency,-1,0.5132450331125827,0.5132450331125827,1,0
fixed_transform_step100,3071,2023-09-15,2023-09-25,0.0105787349314532,2023,2023-06-30,training_frequency,-1,0.5132450331125827,0.5132450331125827,1,1
fixed_transform_step100,3076,2023-09-22,2023-10-16,-0.0198017153282719,2023,2023-06-30,training_frequency,-1,0.5132450331125827,0.5132450331125827,1,0
fixed_transform_step100,3085,2023-10-13,2023-10-23,-0.0447156690429144,2023,2023-09-30,training_frequency,-1,0.5082781456953642,0.5082781456953642,1,0
fixed_transform_step100,3090,2023-10-20,2023-10-30,0.0154019770298841,2023,2023-09-30,training_frequency,-1,0.5082781456953642,0.5082781456953642,1,1
fixed_transform_step100,3095,2023-10-27,2023-11-06,0.0152527637017425,2023,2023-09-30,training_frequency,-1,0.5082781456953642,0.5082781456953642,1,1
fixed_transform_step100,3100,2023-11-03,2023-11-13,-0.0039935482440582,2023,2023-09-30,training_frequency,-1,0.5082781456953642,0.5082781456953642,1,0
fixed_transform_step100,3105,2023-11-10,2023-11-20,-0.0067280482816765,2023,2023-09-30,training_frequency,-1,0.5082781456953642,0.5082781456953642,1,0
fixed_transform_step100,3110,2023-11-17,2023-11-27,-0.0098859017348651,2023,2023-09-30,training_frequency,-1,0.5082781456953642,0.5082781456953642,1,0
fixed_transform_step100,3115,2023-11-24,2023-12-04,-0.0151084754586299,2023,2023-09-30,training_frequency,-1,0.5082781456953642,0.5082781456953642,1,0
fixed_transform_step100,3120,2023-12-01,2023-12-11,-0.0295859857973478,2023,2023-09-30,training_frequency,-1,0.5082781456953642,0.5082781456953642,1,0
fixed_transform_step100,3125,2023-12-08,2023-12-18,-0.0144639658974852,2023,2023-09-30,training_frequency,-1,0.5082781456953642,0.5082781456953642,1,0
fixed_transform_step100,3130,2023-12-15,2023-12-25,0.0003424256350643,2023,2023-09-30,training_frequency,-1,0.5082781456953642,0.5082781456953642,1,1
fixed_transform_step100,3135,2023-12-22,2024-01-02,0.0288079559683274,2023,2023-09-30,training_frequency,-1,0.5082781456953642,0.5082781456953642,1,1
fixed_transform_step100,3140,2023-12-29,2024-01-08,-0.0302544749829989,2023,2023-09-30,training_frequency,-1,0.5082781456953642,0.5082781456953642,1,0
fixed_transform_step100,3144,2024-01-05,2024-01-15,-0.0158038409563566,2024,2023-12-31,training_frequency,-1,0.5024834437086093,0.5024834437086093,1,0
fixed_transform_step100,3149,2024-01-12,2024-01-22,-0.002333261979756,2024,2023-12-31,training_frequency,-1,0.5024834437086093,0.5024834437086093,1,0
fixed_transform_step100,3154,2024-01-19,2024-01-29,0.0223511633823452,2024,2023-12-31,training_frequency,-1,0.5024834437086093,0.5024834437086093,1,1
fixed_transform_step100,3159,2024-01-26,2024-02-05,-0.0513103415192826,2024,2023-12-31,training_frequency,-1,0.5024834437086093,0.5024834437086093,1,0
fixed_transform_step100,3164,2024-02-02,2024-02-26,0.1015374891364462,2024,2023-12-31,training_frequency,-1,0.5024834437086093,0.5024834437086093,1,1
fixed_transform_step100,3173,2024-02-23,2024-03-04,0.0151569053862528,2024,2023-12-31,training_frequency,-1,0.5024834437086093,0.5024834437086093,1,1
fixed_transform_step100,3178,2024-03-01,2024-03-11,0.0021394031715169,2024,2023-12-31,training_frequency,-1,0.5024834437086093,0.5024834437086093,1,1
fixed_transform_step100,3183,2024-03-08,2024-03-18,0.0087762342284414,2024,2023-12-31,training_frequency,-1,0.5024834437086093,0.5024834437086093,1,1
fixed_transform_step100,3188,2024-03-15,2024-03-25,-0.0112802133595746,2024,2023-12-31,training_frequency,-1,0.5024834437086093,0.5024834437086093,1,0
fixed_transform_step100,3193,2024-03-22,2024-04-01,0.0042044725182444,2024,2023-12-31,training_frequency,-1,0.5024834437086093,0.5024834437086093,1,1
fixed_transform_step100,3198,2024-03-29,2024-04-15,-0.0219845815102011,2024,2023-12-31,training_frequency,-1,0.5024834437086093,0.5024834437086093,1,0
fixed_transform_step100,3206,2024-04-12,2024-04-22,0.018045199366633,2024,2024-03-31,training_frequency,-1,0.4900662251655629,0.4900662251655629,0,1
fixed_transform_step100,3211,2024-04-19,2024-04-29,0.0136757744232476,2024,2024-03-31,training_frequency,-1,0.4900662251655629,0.4900662251655629,0,1
fixed_transform_step100,3216,2024-04-26,2024-05-13,0.0172434956786644,2024,2024-03-31,training_frequency,-1,0.4900662251655629,0.4900662251655629,0,1
fixed_transform_step100,3223,2024-05-10,2024-05-20,0.0097933549988344,2024,2024-03-31,training_frequency,-1,0.4900662251655629,0.4900662251655629,0,1
fixed_transform_step100,3228,2024-05-17,2024-05-27,-0.0204803832637164,2024,2024-03-31,training_frequency,-1,0.4900662251655629,0.4900662251655629,0,0
fixed_transform_step100,3233,2024-05-24,2024-06-03,-0.0081155643048258,2024,2024-03-31,training_frequency,-1,0.4900662251655629,0.4900662251655629,0,0
fixed_transform_step100,3238,2024-05-31,2024-06-11,-0.0060267570121149,2024,2024-03-31,training_frequency,-1,0.4900662251655629,0.4900662251655629,0,0
fixed_transform_step100,3243,2024-06-07,2024-06-17,-0.0096686558937179,2024,2024-03-31,training_frequency,-1,0.4900662251655629,0.4900662251655629,0,0
fixed_transform_step100,3247,2024-06-14,2024-06-24,-0.013573992457631,2024,2024-03-31,training_frequency,-1,0.4900662251655629,0.4900662251655629,0,0
fixed_transform_step100,3252,2024-06-21,2024-07-01,-0.004427632109257,2024,2024-03-31,training_frequency,-1,0.4900662251655629,0.4900662251655629,0,0
fixed_transform_step100,3257,2024-06-28,2024-07-08,-0.0108320369203009,2024,2024-03-31,training_frequency,-1,0.4900662251655629,0.4900662251655629,0,0
fixed_transform_step100,3262,2024-07-05,2024-07-15,0.0122222871842843,2024,2024-06-30,training_frequency,-1,0.48384424192212094,0.48384424192212094,0,1
fixed_transform_step100,3267,2024-07-12,2024-07-22,0.0218881133018156,2024,2024-06-30,training_frequency,-1,0.48384424192212094,0.48384424192212094,0,1
fixed_transform_step100,3272,2024-07-19,2024-07-29,-0.0378787022382998,2024,2024-06-30,training_frequency,-1,0.48384424192212094,0.48384424192212094,0,0
fixed_transform_step100,3277,2024-07-26,2024-08-05,-0.0124134568216732,2024,2024-06-30,training_frequency,-1,0.48384424192212094,0.48384424192212094,0,0
fixed_transform_step100,3282,2024-08-02,2024-08-12,-0.0102762848330364,2024,2024-06-30,training_frequency,-1,0.48384424192212094,0.48384424192212094,0,0
fixed_transform_step100,3287,2024-08-09,2024-08-19,0.0050186923751938,2024,2024-06-30,training_frequency,-1,0.48384424192212094,0.48384424192212094,0,1
fixed_transform_step100,3292,2024-08-16,2024-08-26,-0.0040487282687352,2024,2024-06-30,training_frequency,-1,0.48384424192212094,0.48384424192212094,0,0
fixed_transform_step100,3297,2024-08-23,2024-09-02,-0.0069594562136714,2024,2024-06-30,training_frequency,-1,0.48384424192212094,0.48384424192212094,0,0
fixed_transform_step100,3302,2024-08-30,2024-09-09,-0.0280389655151561,2024,2024-06-30,training_frequency,-1,0.48384424192212094,0.48384424192212094,0,0
fixed_transform_step100,3307,2024-09-06,2024-09-18,-0.0174132138857783,2024,2024-06-30,training_frequency,-1,0.48384424192212094,0.48384424192212094,0,0
fixed_transform_step100,3312,2024-09-13,2024-09-24,0.0133119329369826,2024,2024-06-30,training_frequency,-1,0.48384424192212094,0.48384424192212094,0,1
fixed_transform_step100,3315,2024-09-20,2024-09-30,0.2017513988384409,2024,2024-06-30,training_frequency,-1,0.48384424192212094,0.48384424192212094,0,1
fixed_transform_step100,3320,2024-09-27,2024-10-14,0.0178259004588408,2024,2024-06-30,training_frequency,-1,0.48384424192212094,0.48384424192212094,0,1
fixed_transform_step100,3325,2024-10-11,2024-10-21,0.0080914993282625,2024,2024-09-30,training_frequency,-1,0.472636815920398,0.472636815920398,0,1
fixed_transform_step100,3330,2024-10-18,2024-10-28,0.0015733867085561,2024,2024-09-30,training_frequency,-1,0.472636815920398,0.472636815920398,0,1
fixed_transform_step100,3335,2024-10-25,2024-11-04,-0.0140142824257356,2024,2024-09-30,training_frequency,-1,0.472636815920398,0.472636815920398,0,0
fixed_transform_step100,3340,2024-11-01,2024-11-11,0.0434152361258277,2024,2024-09-30,training_frequency,-1,0.472636815920398,0.472636815920398,0,1
fixed_transform_step100,3345,2024-11-08,2024-11-18,-0.0208584853931589,2024,2024-09-30,training_frequency,-1,0.472636815920398,0.472636815920398,0,0
fixed_transform_step100,3350,2024-11-15,2024-11-25,-0.0267421712161923,2024,2024-09-30,training_frequency,-1,0.472636815920398,0.472636815920398,0,0
fixed_transform_step100,3355,2024-11-22,2024-12-02,0.0087960346887328,2024,2024-09-30,training_frequency,-1,0.472636815920398,0.472636815920398,0,1
fixed_transform_step100,3360,2024-11-29,2024-12-09,0.0155919891551781,2024,2024-09-30,training_frequency,-1,0.472636815920398,0.472636815920398,0,1
fixed_transform_step100,3365,2024-12-06,2024-12-16,-0.0100436703218104,2024,2024-09-30,training_frequency,-1,0.472636815920398,0.472636815920398,0,0
fixed_transform_step100,3370,2024-12-13,2024-12-23,-0.0006690784017421,2024,2024-09-30,training_frequency,-1,0.472636815920398,0.472636815920398,0,0
fixed_transform_step100,3375,2024-12-20,2024-12-30,0.0123595076562756,2024,2024-09-30,training_frequency,-1,0.472636815920398,0.472636815920398,0,1
fixed_transform_step100,3380,2024-12-27,2025-01-06,-0.0504714964669198,2024,2024-09-30,training_frequency,-1,0.472636815920398,0.472636815920398,0,0
fixed_transform_step100,3384,2025-01-03,2025-01-13,-0.0189486730632231,2025,2024-12-31,training_frequency,-1,0.472636815920398,0.472636815920398,0,0
fixed_transform_step100,3389,2025-01-10,2025-01-20,0.0353251773547418,2025,2024-12-31,training_frequency,-1,0.472636815920398,0.472636815920398,0,1
fixed_transform_step100,3394,2025-01-17,2025-01-27,0.000432821422053,2025,2024-12-31,training_frequency,-1,0.472636815920398,0.472636815920398,0,1
fixed_transform_step100,3399,2025-01-24,2025-02-10,0.0159344898044284,2025,2024-12-31,training_frequency,-1,0.472636815920398,0.472636815920398,0,1
fixed_transform_step100,3403,2025-02-07,2025-02-17,0.0144454990892999,2025,2024-12-31,training_frequency,-1,0.472636815920398,0.472636815920398,0,1
fixed_transform_step100,3408,2025-02-14,2025-02-24,0.0045695818086644,2025,2024-12-31,training_frequency,-1,0.472636815920398,0.472636815920398,0,1
fixed_transform_step100,3413,2025-02-21,2025-03-03,-0.0183210488158531,2025,2024-12-31,training_frequency,-1,0.472636815920398,0.472636815920398,0,0
fixed_transform_step100,3418,2025-02-28,2025-03-10,0.0117650075646844,2025,2024-12-31,training_frequency,-1,0.472636815920398,0.472636815920398,0,1
fixed_transform_step100,3423,2025-03-07,2025-03-17,0.019023819058288,2025,2024-12-31,training_frequency,-1,0.472636815920398,0.472636815920398,0,1
fixed_transform_step100,3428,2025-03-14,2025-03-24,-0.0259983485216283,2025,2024-12-31,training_frequency,-1,0.472636815920398,0.472636815920398,0,0
fixed_transform_step100,3433,2025-03-21,2025-03-31,-0.0025867506275359,2025,2024-12-31,training_frequency,-1,0.472636815920398,0.472636815920398,0,0
fixed_transform_step100,3438,2025-03-28,2025-04-14,-0.0342910101946246,2025,2024-12-31,training_frequency,-1,0.472636815920398,0.472636815920398,0,0
fixed_transform_step100,3447,2025-04-11,2025-04-21,-0.0010339232881941,2025,2025-03-31,training_frequency,-1,0.4738589211618257,0.4738589211618257,0,0
fixed_transform_step100,3452,2025-04-18,2025-04-28,0.0048432383085554,2025,2025-03-31,training_frequency,-1,0.4738589211618257,0.4738589211618257,0,1
fixed_transform_step100,3457,2025-04-25,2025-05-12,0.02116527880118,2025,2025-03-31,training_frequency,-1,0.4738589211618257,0.4738589211618257,0,1
fixed_transform_step100,3464,2025-05-09,2025-05-19,0.0041484224873464,2025,2025-03-31,training_frequency,-1,0.4738589211618257,0.4738589211618257,0,1
fixed_transform_step100,3469,2025-05-16,2025-05-26,-0.0017462660042188,2025,2025-03-31,training_frequency,-1,0.4738589211618257,0.4738589211618257,0,0
fixed_transform_step100,3474,2025-05-23,2025-06-03,-0.0109216443615366,2025,2025-03-31,training_frequency,-1,0.4738589211618257,0.4738589211618257,0,0
fixed_transform_step100,3479,2025-05-30,2025-06-09,0.011566574321892,2025,2025-03-31,training_frequency,-1,0.4738589211618257,0.4738589211618257,0,1
fixed_transform_step100,3483,2025-06-06,2025-06-16,-0.0062354943524679,2025,2025-03-31,training_frequency,-1,0.4738589211618257,0.4738589211618257,0,0
fixed_transform_step100,3488,2025-06-13,2025-06-23,-0.005825691168304,2025,2025-03-31,training_frequency,-1,0.4738589211618257,0.4738589211618257,0,0
fixed_transform_step100,3493,2025-06-20,2025-06-30,0.0232670437490374,2025,2025-03-31,training_frequency,-1,0.4738589211618257,0.4738589211618257,0,1
fixed_transform_step100,3498,2025-06-27,2025-07-07,0.0145345648685946,2025,2025-03-31,training_frequency,-1,0.4738589211618257,0.4738589211618257,0,1
fixed_transform_step100,3503,2025-07-04,2025-07-14,0.0110426949002964,2025,2025-06-30,training_frequency,-1,0.4701492537313433,0.4701492537313433,0,1
fixed_transform_step100,3508,2025-07-11,2025-07-21,0.0120759671840067,2025,2025-06-30,training_frequency,-1,0.4701492537313433,0.4701492537313433,0,1
fixed_transform_step100,3513,2025-07-18,2025-07-28,0.0143570766898375,2025,2025-06-30,training_frequency,-1,0.4701492537313433,0.4701492537313433,0,1
fixed_transform_step100,3518,2025-07-25,2025-08-04,-0.0218642507630443,2025,2025-06-30,training_frequency,-1,0.4701492537313433,0.4701492537313433,0,0
fixed_transform_step100,3523,2025-08-01,2025-08-11,0.0179175520190988,2025,2025-06-30,training_frequency,-1,0.4701492537313433,0.4701492537313433,0,1
fixed_transform_step100,3528,2025-08-08,2025-08-18,0.026265786598999,2025,2025-06-30,training_frequency,-1,0.4701492537313433,0.4701492537313433,0,1
fixed_transform_step100,3533,2025-08-15,2025-08-25,0.0469483790671487,2025,2025-06-30,training_frequency,-1,0.4701492537313433,0.4701492537313433,0,1
fixed_transform_step100,3538,2025-08-22,2025-09-01,0.0227770368340847,2025,2025-06-30,training_frequency,-1,0.4701492537313433,0.4701492537313433,0,1
fixed_transform_step100,3543,2025-08-29,2025-09-08,-0.0110053842475337,2025,2025-06-30,training_frequency,-1,0.4701492537313433,0.4701492537313433,0,0
fixed_transform_step100,3548,2025-09-05,2025-09-15,0.0151594857594405,2025,2025-06-30,training_frequency,-1,0.4701492537313433,0.4701492537313433,0,1
fixed_transform_step100,3553,2025-09-12,2025-09-22,-0.0050409160971932,2025,2025-06-30,training_frequency,-1,0.4701492537313433,0.4701492537313433,0,0
fixed_transform_step100,3558,2025-09-19,2025-09-29,0.0095300784790881,2025,2025-06-30,training_frequency,-1,0.4701492537313433,0.4701492537313433,0,1
fixed_transform_step100,3563,2025-09-26,2025-10-13,-0.0140855274279203,2025,2025-06-30,training_frequency,-1,0.4701492537313433,0.4701492537313433,0,0
fixed_transform_step100,3567,2025-10-10,2025-10-20,0.015001547584321,2025,2025-09-30,training_frequency,-1,0.48258706467661694,0.48258706467661694,0,1
fixed_transform_step100,3572,2025-10-17,2025-10-27,0.0309637052897611,2025,2025-09-30,training_frequency,-1,0.48258706467661694,0.48258706467661694,0,1
fixed_transform_step100,3577,2025-10-24,2025-11-03,-0.013331545863497,2025,2025-09-30,training_frequency,-1,0.48258706467661694,0.48258706467661694,0,0
fixed_transform_step100,3582,2025-10-31,2025-11-10,0.0110832418536339,2025,2025-09-30,training_frequency,-1,0.48258706467661694,0.48258706467661694,0,1
fixed_transform_step100,3587,2025-11-07,2025-11-17,-0.0152107881197579,2025,2025-09-30,training_frequency,-1,0.48258706467661694,0.48258706467661694,0,0
fixed_transform_step100,3592,2025-11-14,2025-11-24,-0.031114557454173,2025,2025-09-30,training_frequency,-1,0.48258706467661694,0.48258706467661694,0,0
fixed_transform_step100,3597,2025-11-21,2025-12-01,0.0147613767448515,2025,2025-09-30,training_frequency,-1,0.48258706467661694,0.48258706467661694,0,1
fixed_transform_step100,3602,2025-11-28,2025-12-08,0.0118853804313106,2025,2025-09-30,training_frequency,-1,0.48258706467661694,0.48258706467661694,0,1
fixed_transform_step100,3607,2025-12-05,2025-12-15,-0.0093922675990717,2025,2025-09-30,training_frequency,-1,0.48258706467661694,0.48258706467661694,0,0
fixed_transform_step100,3612,2025-12-12,2025-12-22,0.0082791208791208,2025,2025-09-30,training_frequency,-1,0.48258706467661694,0.48258706467661694,0,1
fixed_transform_step100,3617,2025-12-19,2025-12-29,0.0153890755001995,2025,2025-09-30,training_frequency,-1,0.48258706467661694,0.48258706467661694,0,1
fixed_transform_step100,3622,2025-12-26,2026-01-12,0.0239101640737868,2025,2025-09-30,training_frequency,-1,0.48258706467661694,0.48258706467661694,0,1
fixed_transform_step100,3630,2026-01-09,2026-01-19,-0.0103697336282536,2026,2025-12-31,training_frequency,-1,0.4792703150912106,0.4792703150912106,0,0
fixed_transform_step100,3635,2026-01-16,2026-01-26,-0.0010190267764643,2026,2025-12-31,training_frequency,-1,0.4792703150912106,0.4792703150912106,0,0
fixed_transform_step100,3640,2026-01-23,2026-02-02,-0.0087161586128796,2026,2025-12-31,training_frequency,-1,0.4792703150912106,0.4792703150912106,0,0
fixed_transform_step100,3645,2026-01-30,2026-02-09,0.0041482324550519,2026,2025-12-31,training_frequency,-1,0.4792703150912106,0.4792703150912106,0,1
fixed_transform_step100,3650,2026-02-06,2026-02-24,0.0071649689901505,2026,2025-12-31,training_frequency,-1,0.4792703150912106,0.4792703150912106,0,1
fixed_transform_step100,3655,2026-02-13,2026-03-02,-0.0097920588919678,2026,2025-12-31,training_frequency,-1,0.4792703150912106,0.4792703150912106,0,0
fixed_transform_step100,3659,2026-02-27,2026-03-09,-0.0172526869201304,2026,2025-12-31,training_frequency,-1,0.4792703150912106,0.4792703150912106,0,0
fixed_transform_step100,3664,2026-03-06,2026-03-16,0.0149926634422041,2026,2025-12-31,training_frequency,-1,0.4792703150912106,0.4792703150912106,0,1
fixed_transform_step100,3669,2026-03-13,2026-03-23,-0.0364343509194254,2026,2025-12-31,training_frequency,-1,0.4792703150912106,0.4792703150912106,0,0
fixed_transform_step100,3674,2026-03-20,2026-03-30,-0.0083038829988221,2026,2025-12-31,training_frequency,-1,0.4792703150912106,0.4792703150912106,0,0
fixed_transform_step100,3679,2026-03-27,2026-04-07,-0.0035591495694504,2026,2025-12-31,training_frequency,-1,0.4792703150912106,0.4792703150912106,0,0
fixed_transform_step100,3684,2026-04-03,2026-04-13,0.0380736235508991,2026,2026-03-31,training_frequency,-1,0.4792358803986711,0.4792358803986711,0,1
fixed_transform_step100,3688,2026-04-10,2026-04-20,0.0242766725964382,2026,2026-03-31,training_frequency,-1,0.4792358803986711,0.4792358803986711,0,1
fixed_transform_step100,3693,2026-04-17,2026-04-27,0.010401572188011,2026,2026-03-31,training_frequency,-1,0.4792358803986711,0.4792358803986711,0,1
fixed_transform_step100,3698,2026-04-24,2026-05-11,0.0263674696524953,2026,2026-03-31,training_frequency,-1,0.4792358803986711,0.4792358803986711,0,1
fixed_transform_step100,3705,2026-05-08,2026-05-18,-0.0134529239455926,2026,2026-03-31,training_frequency,-1,0.4792358803986711,0.4792358803986711,0,0
fixed_transform_step100,3710,2026-05-15,2026-05-25,0.0076235492615268,2026,2026-03-31,training_frequency,-1,0.4792358803986711,0.4792358803986711,0,1
fixed_transform_step100,3715,2026-05-22,2026-06-01,0.005068538126898,2026,2026-03-31,training_frequency,-1,0.4792358803986711,0.4792358803986711,0,1
fixed_transform_step100,3720,2026-05-29,2026-06-08,-0.039635353927193,2026,2026-03-31,training_frequency,-1,0.4792358803986711,0.4792358803986711,0,0
fixed_transform_step100,3725,2026-06-05,2026-06-15,0.0266849782195981,2026,2026-03-31,training_frequency,-1,0.4792358803986711,0.4792358803986711,0,1
fixed_transform_step100,3730,2026-06-12,2026-06-29,0.0076098142791176,2026,2026-03-31,training_frequency,-1,0.4792358803986711,0.4792358803986711,0,1
fixed_transform_step100,3739,2026-06-26,2026-07-06,0.0005137647861506,2026,2026-03-31,training_frequency,-1,0.4792358803986711,0.4792358803986711,0,1
fixed_transform_step100,3744,2026-07-03,2026-07-13,-0.0252847876365399,2026,2026-06-30,training_frequency,-1,0.4908637873754153,0.4908637873754153,0,0
fixed_transform_step100,3749,2026-07-10,2026-07-20,-0.035775397012711,2026,2026-06-30,training_frequency,-1,0.4908637873754153,0.4908637873754153,0,0
fixed_transform_step100,3754,2026-07-17,2026-07-27,0.01756245533441,2026,2026-06-30,training_frequency,-1,0.4908637873754153,0.4908637873754153,0,1
fixed_transform_step100,3759,2026-07-24,2026-08-03,-0.0202339761556519,2026,2026-06-30,training_frequency,-1,0.4908637873754153,0.4908637873754153,0,0
fixed_transform_step100,3764,2026-07-31,2026-08-10,0.0300318732435738,2026,2026-06-30,training_frequency,-1,0.4908637873754153,0.4908637873754153,0,1
fixed_transform_step100,3769,2026-08-07,2026-08-17,-0.0056482265760339,2026,2026-06-30,training_frequency,-1,0.4908637873754153,0.4908637873754153,0,0
fixed_transform_step100,3774,2026-08-14,2026-08-24,-0.0109860710402629,2026,2026-06-30,training_frequency,-1,0.4908637873754153,0.4908637873754153,0,0
fixed_transform_step100,3779,2026-08-21,2026-08-31,-0.0127592811002066,2026,2026-06-30,training_frequency,-1,0.4908637873754153,0.4908637873754153,0,0
fixed_transform_add_only,2418,2021-01-08,2021-01-18,-0.0120052904669853,2021,2020-12-31,learned_market,20260910,0.5528369602637446,0.5528369602637446,1,0
fixed_transform_add_only,2423,2021-01-15,2021-01-25,0.0231622460538123,2021,2020-12-31,learned_market,20260910,0.49674166213102977,0.49674166213102977,0,1
fixed_transform_add_only,2428,2021-01-22,2021-02-01,-0.0372511735907923,2021,2020-12-31,learned_market,20260910,0.3933637003220593,0.3933637003220593,0,0
fixed_transform_add_only,2433,2021-01-29,2021-02-08,0.0278689901714626,2021,2020-12-31,learned_market,20260910,0.4313547922375263,0.4313547922375263,0,1
fixed_transform_add_only,2438,2021-02-05,2021-02-22,0.0507379035040882,2021,2020-12-31,learned_market,20260910,0.40357928349119826,0.40357928349119826,0,1
fixed_transform_add_only,2443,2021-02-19,2021-03-01,-0.0684918010685315,2021,2020-12-31,learned_market,20260910,0.49513830982070434,0.49513830982070434,0,0
fixed_transform_add_only,2448,2021-02-26,2021-03-08,-0.0165997123904068,2021,2020-12-31,learned_market,20260910,0.43315180971386896,0.43315180971386896,0,0
fixed_transform_add_only,2453,2021-03-05,2021-03-15,-0.0346560901469681,2021,2020-12-31,learned_market,20260910,0.40131415281599914,0.40131415281599914,0,0
fixed_transform_add_only,2458,2021-03-12,2021-03-22,-0.0210550182560221,2021,2020-12-31,learned_market,20260910,0.47295990993929365,0.47295990993929365,0,0
fixed_transform_add_only,2463,2021-03-19,2021-03-29,0.0087572877565691,2021,2020-12-31,learned_market,20260910,0.6783048076904669,0.6783048076904669,1,1
fixed_transform_add_only,2468,2021-03-26,2021-04-06,0.0250145479448802,2021,2020-12-31,learned_market,20260910,0.6020041018019381,0.6020041018019381,1,1
fixed_transform_add_only,2418,2021-01-08,2021-01-18,-0.0120052904669853,2021,2020-12-31,learned_vol_interaction,20260910,0.5286701081389081,0.5286701081389081,1,0
fixed_transform_add_only,2423,2021-01-15,2021-01-25,0.0231622460538123,2021,2020-12-31,learned_vol_interaction,20260910,0.47178291125549215,0.47178291125549215,0,1
fixed_transform_add_only,2428,2021-01-22,2021-02-01,-0.0372511735907923,2021,2020-12-31,learned_vol_interaction,20260910,0.3671123538576221,0.3671123538576221,0,0
fixed_transform_add_only,2433,2021-01-29,2021-02-08,0.0278689901714626,2021,2020-12-31,learned_vol_interaction,20260910,0.434482531700876,0.434482531700876,0,1
fixed_transform_add_only,2438,2021-02-05,2021-02-22,0.0507379035040882,2021,2020-12-31,learned_vol_interaction,20260910,0.42570726310777396,0.42570726310777396,0,1
fixed_transform_add_only,2443,2021-02-19,2021-03-01,-0.0684918010685315,2021,2020-12-31,learned_vol_interaction,20260910,0.4791771552633417,0.4791771552633417,0,0
fixed_transform_add_only,2448,2021-02-26,2021-03-08,-0.0165997123904068,2021,2020-12-31,learned_vol_interaction,20260910,0.4783928105694597,0.4783928105694597,0,0
fixed_transform_add_only,2453,2021-03-05,2021-03-15,-0.0346560901469681,2021,2020-12-31,learned_vol_interaction,20260910,0.4610266286466043,0.4610266286466043,0,0
fixed_transform_add_only,2458,2021-03-12,2021-03-22,-0.0210550182560221,2021,2020-12-31,learned_vol_interaction,20260910,0.48103471562569133,0.48103471562569133,0,0
fixed_transform_add_only,2463,2021-03-19,2021-03-29,0.0087572877565691,2021,2020-12-31,learned_vol_interaction,20260910,0.5872740166666267,0.5872740166666267,1,1
fixed_transform_add_only,2468,2021-03-26,2021-04-06,0.0250145479448802,2021,2020-12-31,learned_vol_interaction,20260910,0.5791980511717043,0.5791980511717043,1,1
fixed_transform_add_only,2418,2021-01-08,2021-01-18,-0.0120052904669853,2021,2020-12-31,learned_order_extension,20260910,0.5330538496767134,0.5330538496767134,1,0
fixed_transform_add_only,2423,2021-01-15,2021-01-25,0.0231622460538123,2021,2020-12-31,learned_order_extension,20260910,0.479592338912861,0.479592338912861,0,1
fixed_transform_add_only,2428,2021-01-22,2021-02-01,-0.0372511735907923,2021,2020-12-31,learned_order_extension,20260910,0.3707727762571325,0.3707727762571325,0,0
fixed_transform_add_only,2433,2021-01-29,2021-02-08,0.0278689901714626,2021,2020-12-31,learned_order_extension,20260910,0.43176970986504826,0.43176970986504826,0,1
fixed_transform_add_only,2438,2021-02-05,2021-02-22,0.0507379035040882,2021,2020-12-31,learned_order_extension,20260910,0.41923333650784145,0.41923333650784145,0,1
fixed_transform_add_only,2443,2021-02-19,2021-03-01,-0.0684918010685315,2021,2020-12-31,learned_order_extension,20260910,0.47927687031403743,0.47927687031403743,0,0
fixed_transform_add_only,2448,2021-02-26,2021-03-08,-0.0165997123904068,2021,2020-12-31,learned_order_extension,20260910,0.4709068161644563,0.4709068161644563,0,0
fixed_transform_add_only,2453,2021-03-05,2021-03-15,-0.0346560901469681,2021,2020-12-31,learned_order_extension,20260910,0.45619563032762256,0.45619563032762256,0,0
fixed_transform_add_only,2458,2021-03-12,2021-03-22,-0.0210550182560221,2021,2020-12-31,learned_order_extension,20260910,0.47999849102949665,0.47999849102949665,0,0
fixed_transform_add_only,2463,2021-03-19,2021-03-29,0.0087572877565691,2021,2020-12-31,learned_order_extension,20260910,0.5898698686538169,0.5898698686538169,1,1
fixed_transform_add_only,2468,2021-03-26,2021-04-06,0.0250145479448802,2021,2020-12-31,learned_order_extension,20260910,0.5737573684172776,0.5737573684172776,1,1
fixed_transform_add_only,2418,2021-01-08,2021-01-18,-0.0120052904669853,2021,2020-12-31,learned_order_offset,20260910,0.5336151486659025,0.5336151486659025,1,0
fixed_transform_add_only,2423,2021-01-15,2021-01-25,0.0231622460538123,2021,2020-12-31,learned_order_offset,20260910,0.48002913839274924,0.48002913839274924,0,1
fixed_transform_add_only,2428,2021-01-22,2021-02-01,-0.0372511735907923,2021,2020-12-31,learned_order_offset,20260910,0.37113237990157133,0.37113237990157133,0,0
fixed_transform_add_only,2433,2021-01-29,2021-02-08,0.0278689901714626,2021,2020-12-31,learned_order_offset,20260910,0.43182028534515077,0.43182028534515077,0,1
fixed_transform_add_only,2438,2021-02-05,2021-02-22,0.0507379035040882,2021,2020-12-31,learned_order_offset,20260910,0.4191495029175148,0.4191495029175148,0,1
fixed_transform_add_only,2443,2021-02-19,2021-03-01,-0.0684918010685315,2021,2020-12-31,learned_order_offset,20260910,0.479618495019198,0.479618495019198,0,0
fixed_transform_add_only,2448,2021-02-26,2021-03-08,-0.0165997123904068,2021,2020-12-31,learned_order_offset,20260910,0.47073396029682846,0.47073396029682846,0,0
fixed_transform_add_only,2453,2021-03-05,2021-03-15,-0.0346560901469681,2021,2020-12-31,learned_order_offset,20260910,0.4561872166710552,0.4561872166710552,0,0
fixed_transform_add_only,2458,2021-03-12,2021-03-22,-0.0210550182560221,2021,2020-12-31,learned_order_offset,20260910,0.48027551652013106,0.48027551652013106,0,0
fixed_transform_add_only,2463,2021-03-19,2021-03-29,0.0087572877565691,2021,2020-12-31,learned_order_offset,20260910,0.5905225656238325,0.5905225656238325,1,1
fixed_transform_add_only,2468,2021-03-26,2021-04-06,0.0250145479448802,2021,2020-12-31,learned_order_offset,20260910,0.5737282476957762,0.5737282476957762,1,1
fixed_transform_add_only,2418,2021-01-08,2021-01-18,-0.0120052904669853,2021,2020-12-31,learned_market,20260911,0.47359422145655633,0.47359422145655633,0,0
fixed_transform_add_only,2423,2021-01-15,2021-01-25,0.0231622460538123,2021,2020-12-31,learned_market,20260911,0.29529449998072343,0.29529449998072343,0,1
fixed_transform_add_only,2428,2021-01-22,2021-02-01,-0.0372511735907923,2021,2020-12-31,learned_market,20260911,0.47394332492431446,0.47394332492431446,0,0
fixed_transform_add_only,2433,2021-01-29,2021-02-08,0.0278689901714626,2021,2020-12-31,learned_market,20260911,0.34860128575085947,0.34860128575085947,0,1
fixed_transform_add_only,2438,2021-02-05,2021-02-22,0.0507379035040882,2021,2020-12-31,learned_market,20260911,0.5472341429725764,0.5472341429725764,1,1
fixed_transform_add_only,2443,2021-02-19,2021-03-01,-0.0684918010685315,2021,2020-12-31,learned_market,20260911,0.4390527856170199,0.4390527856170199,0,0
fixed_transform_add_only,2448,2021-02-26,2021-03-08,-0.0165997123904068,2021,2020-12-31,learned_market,20260911,0.4901857818012489,0.4901857818012489,0,0
fixed_transform_add_only,2453,2021-03-05,2021-03-15,-0.0346560901469681,2021,2020-12-31,learned_market,20260911,0.3640545492155067,0.3640545492155067,0,0
fixed_transform_add_only,2458,2021-03-12,2021-03-22,-0.0210550182560221,2021,2020-12-31,learned_market,20260911,0.27457561641477635,0.27457561641477635,0,0
fixed_transform_add_only,2463,2021-03-19,2021-03-29,0.0087572877565691,2021,2020-12-31,learned_market,20260911,0.5317095579141908,0.5317095579141908,1,1
fixed_transform_add_only,2468,2021-03-26,2021-04-06,0.0250145479448802,2021,2020-12-31,learned_market,20260911,0.48950965003399194,0.48950965003399194,0,1
fixed_transform_add_only,2418,2021-01-08,2021-01-18,-0.0120052904669853,2021,2020-12-31,learned_vol_interaction,20260911,0.4754556903392312,0.4754556903392312,0,0
fixed_transform_add_only,2423,2021-01-15,2021-01-25,0.0231622460538123,2021,2020-12-31,learned_vol_interaction,20260911,0.2910478720938869,0.2910478720938869,0,1
fixed_transform_add_only,2428,2021-01-22,2021-02-01,-0.0372511735907923,2021,2020-12-31,learned_vol_interaction,20260911,0.4793404787070586,0.4793404787070586,0,0
fixed_transform_add_only,2433,2021-01-29,2021-02-08,0.0278689901714626,2021,2020-12-31,learned_vol_interaction,20260911,0.3407014751351651,0.3407014751351651,0,1
fixed_transform_add_only,2438,2021-02-05,2021-02-22,0.0507379035040882,2021,2020-12-31,learned_vol_interaction,20260911,0.5419487770679454,0.5419487770679454,1,1
fixed_transform_add_only,2443,2021-02-19,2021-03-01,-0.0684918010685315,2021,2020-12-31,learned_vol_interaction,20260911,0.42680484014134457,0.42680484014134457,0,0
fixed_transform_add_only,2448,2021-02-26,2021-03-08,-0.0165997123904068,2021,2020-12-31,learned_vol_interaction,20260911,0.48165522036766006,0.48165522036766006,0,0
fixed_transform_add_only,2453,2021-03-05,2021-03-15,-0.0346560901469681,2021,2020-12-31,learned_vol_interaction,20260911,0.3506881836542513,0.3506881836542513,0,0
fixed_transform_add_only,2458,2021-03-12,2021-03-22,-0.0210550182560221,2021,2020-12-31,learned_vol_interaction,20260911,0.23467895972096536,0.23467895972096536,0,0
fixed_transform_add_only,2463,2021-03-19,2021-03-29,0.0087572877565691,2021,2020-12-31,learned_vol_interaction,20260911,0.5417459151974428,0.5417459151974428,1,1
fixed_transform_add_only,2468,2021-03-26,2021-04-06,0.0250145479448802,2021,2020-12-31,learned_vol_interaction,20260911,0.48054571329537366,0.48054571329537366,0,1
fixed_transform_add_only,2418,2021-01-08,2021-01-18,-0.0120052904669853,2021,2020-12-31,learned_order_extension,20260911,0.4707924056292956,0.4707924056292956,0,0
fixed_transform_add_only,2423,2021-01-15,2021-01-25,0.0231622460538123,2021,2020-12-31,learned_order_extension,20260911,0.30199104403875826,0.30199104403875826,0,1
fixed_transform_add_only,2428,2021-01-22,2021-02-01,-0.0372511735907923,2021,2020-12-31,learned_order_extension,20260911,0.4727671753713422,0.4727671753713422,0,0
fixed_transform_add_only,2433,2021-01-29,2021-02-08,0.0278689901714626,2021,2020-12-31,learned_order_extension,20260911,0.33076330033756096,0.33076330033756096,0,1
fixed_transform_add_only,2438,2021-02-05,2021-02-22,0.0507379035040882,2021,2020-12-31,learned_order_extension,20260911,0.5463864019131583,0.5463864019131583,1,1
fixed_transform_add_only,2443,2021-02-19,2021-03-01,-0.0684918010685315,2021,2020-12-31,learned_order_extension,20260911,0.423629668613555,0.423629668613555,0,0
fixed_transform_add_only,2448,2021-02-26,2021-03-08,-0.0165997123904068,2021,2020-12-31,learned_order_extension,20260911,0.4833188959367285,0.4833188959367285,0,0
fixed_transform_add_only,2453,2021-03-05,2021-03-15,-0.0346560901469681,2021,2020-12-31,learned_order_extension,20260911,0.3468677434509978,0.3468677434509978,0,0
fixed_transform_add_only,2458,2021-03-12,2021-03-22,-0.0210550182560221,2021,2020-12-31,learned_order_extension,20260911,0.2385842218483661,0.2385842218483661,0,0
fixed_transform_add_only,2463,2021-03-19,2021-03-29,0.0087572877565691,2021,2020-12-31,learned_order_extension,20260911,0.532998967015209,0.532998967015209,1,1
fixed_transform_add_only,2468,2021-03-26,2021-04-06,0.0250145479448802,2021,2020-12-31,learned_order_extension,20260911,0.48258967958160864,0.48258967958160864,0,1
fixed_transform_add_only,2418,2021-01-08,2021-01-18,-0.0120052904669853,2021,2020-12-31,learned_order_offset,20260911,0.46966493933917947,0.46966493933917947,0,0
fixed_transform_add_only,2423,2021-01-15,2021-01-25,0.0231622460538123,2021,2020-12-31,learned_order_offset,20260911,0.30026263179565904,0.30026263179565904,0,1
fixed_transform_add_only,2428,2021-01-22,2021-02-01,-0.0372511735907923,2021,2020-12-31,learned_order_offset,20260911,0.47083079059127375,0.47083079059127375,0,0
fixed_transform_add_only,2433,2021-01-29,2021-02-08,0.0278689901714626,2021,2020-12-31,learned_order_offset,20260911,0.3308151678188049,0.3308151678188049,0,1
fixed_transform_add_only,2438,2021-02-05,2021-02-22,0.0507379035040882,2021,2020-12-31,learned_order_offset,20260911,0.5458888183275549,0.5458888183275549,1,1
fixed_transform_add_only,2443,2021-02-19,2021-03-01,-0.0684918010685315,2021,2020-12-31,learned_order_offset,20260911,0.4238553224614908,0.4238553224614908,0,0
fixed_transform_add_only,2448,2021-02-26,2021-03-08,-0.0165997123904068,2021,2020-12-31,learned_order_offset,20260911,0.4840844360242453,0.4840844360242453,0,0
fixed_transform_add_only,2453,2021-03-05,2021-03-15,-0.0346560901469681,2021,2020-12-31,learned_order_offset,20260911,0.34642186749779336,0.34642186749779336,0,0
fixed_transform_add_only,2458,2021-03-12,2021-03-22,-0.0210550182560221,2021,2020-12-31,learned_order_offset,20260911,0.23704081021871007,0.23704081021871007,0,0
fixed_transform_add_only,2463,2021-03-19,2021-03-29,0.0087572877565691,2021,2020-12-31,learned_order_offset,20260911,0.5312704874985703,0.5312704874985703,1,1
fixed_transform_add_only,2468,2021-03-26,2021-04-06,0.0250145479448802,2021,2020-12-31,learned_order_offset,20260911,0.48113132203479025,0.48113132203479025,0,1
fixed_transform_add_only,2418,2021-01-08,2021-01-18,-0.0120052904669853,2021,2020-12-31,learned_market,20260912,0.49622809203697066,0.49622809203697066,0,0
fixed_transform_add_only,2423,2021-01-15,2021-01-25,0.0231622460538123,2021,2020-12-31,learned_market,20260912,0.30299511780142024,0.30299511780142024,0,1
fixed_transform_add_only,2428,2021-01-22,2021-02-01,-0.0372511735907923,2021,2020-12-31,learned_market,20260912,0.2926269390741677,0.2926269390741677,0,0
fixed_transform_add_only,2433,2021-01-29,2021-02-08,0.0278689901714626,2021,2020-12-31,learned_market,20260912,0.4834854236532544,0.4834854236532544,0,1
fixed_transform_add_only,2438,2021-02-05,2021-02-22,0.0507379035040882,2021,2020-12-31,learned_market,20260912,0.5449307431156443,0.5449307431156443,1,1
fixed_transform_add_only,2443,2021-02-19,2021-03-01,-0.0684918010685315,2021,2020-12-31,learned_market,20260912,0.37156624296606255,0.37156624296606255,0,0
fixed_transform_add_only,2448,2021-02-26,2021-03-08,-0.0165997123904068,2021,2020-12-31,learned_market,20260912,0.5679579035959068,0.5679579035959068,1,0
fixed_transform_add_only,2453,2021-03-05,2021-03-15,-0.0346560901469681,2021,2020-12-31,learned_market,20260912,0.4912573433049491,0.4912573433049491,0,0
fixed_transform_add_only,2458,2021-03-12,2021-03-22,-0.0210550182560221,2021,2020-12-31,learned_market,20260912,0.4975950072849539,0.4975950072849539,0,0
fixed_transform_add_only,2463,2021-03-19,2021-03-29,0.0087572877565691,2021,2020-12-31,learned_market,20260912,0.4862560848839745,0.4862560848839745,0,1
fixed_transform_add_only,2468,2021-03-26,2021-04-06,0.0250145479448802,2021,2020-12-31,learned_market,20260912,0.5757817923341705,0.5757817923341705,1,1
fixed_transform_add_only,2418,2021-01-08,2021-01-18,-0.0120052904669853,2021,2020-12-31,learned_vol_interaction,20260912,0.49620713842529096,0.49620713842529096,0,0
fixed_transform_add_only,2423,2021-01-15,2021-01-25,0.0231622460538123,2021,2020-12-31,learned_vol_interaction,20260912,0.30370534508378266,0.30370534508378266,0,1
fixed_transform_add_only,2428,2021-01-22,2021-02-01,-0.0372511735907923,2021,2020-12-31,learned_vol_interaction,20260912,0.2931342483584557,0.2931342483584557,0,0
fixed_transform_add_only,2433,2021-01-29,2021-02-08,0.0278689901714626,2021,2020-12-31,learned_vol_interaction,20260912,0.4851476188516167,0.4851476188516167,0,1
fixed_transform_add_only,2438,2021-02-05,2021-02-22,0.0507379035040882,2021,2020-12-31,learned_vol_interaction,20260912,0.5455559755252699,0.5455559755252699,1,1
fixed_transform_add_only,2443,2021-02-19,2021-03-01,-0.0684918010685315,2021,2020-12-31,learned_vol_interaction,20260912,0.37201410439640853,0.37201410439640853,0,0
fixed_transform_add_only,2448,2021-02-26,2021-03-08,-0.0165997123904068,2021,2020-12-31,learned_vol_interaction,20260912,0.5647303221106473,0.5647303221106473,1,0
fixed_transform_add_only,2453,2021-03-05,2021-03-15,-0.0346560901469681,2021,2020-12-31,learned_vol_interaction,20260912,0.4925362885158211,0.4925362885158211,0,0
fixed_transform_add_only,2458,2021-03-12,2021-03-22,-0.0210550182560221,2021,2020-12-31,learned_vol_interaction,20260912,0.5001941106115585,0.5001941106115585,1,0
fixed_transform_add_only,2463,2021-03-19,2021-03-29,0.0087572877565691,2021,2020-12-31,learned_vol_interaction,20260912,0.4917119078225818,0.4917119078225818,0,1
fixed_transform_add_only,2468,2021-03-26,2021-04-06,0.0250145479448802,2021,2020-12-31,learned_vol_interaction,20260912,0.5754614207160266,0.5754614207160266,1,1
fixed_transform_add_only,2418,2021-01-08,2021-01-18,-0.0120052904669853,2021,2020-12-31,learned_order_extension,20260912,0.4980709373270918,0.4980709373270918,0,0
fixed_transform_add_only,2423,2021-01-15,2021-01-25,0.0231622460538123,2021,2020-12-31,learned_order_extension,20260912,0.3077801048995167,0.3077801048995167,0,1
fixed_transform_add_only,2428,2021-01-22,2021-02-01,-0.0372511735907923,2021,2020-12-31,learned_order_extension,20260912,0.2945790953929349,0.2945790953929349,0,0
fixed_transform_add_only,2433,2021-01-29,2021-02-08,0.0278689901714626,2021,2020-12-31,learned_order_extension,20260912,0.4869306132003812,0.4869306132003812,0,1
fixed_transform_add_only,2438,2021-02-05,2021-02-22,0.0507379035040882,2021,2020-12-31,learned_order_extension,20260912,0.5470942643821933,0.5470942643821933,1,1
fixed_transform_add_only,2443,2021-02-19,2021-03-01,-0.0684918010685315,2021,2020-12-31,learned_order_extension,20260912,0.37256373051610003,0.37256373051610003,0,0
fixed_transform_add_only,2448,2021-02-26,2021-03-08,-0.0165997123904068,2021,2020-12-31,learned_order_extension,20260912,0.5652884202407723,0.5652884202407723,1,0
fixed_transform_add_only,2453,2021-03-05,2021-03-15,-0.0346560901469681,2021,2020-12-31,learned_order_extension,20260912,0.4938099782773414,0.4938099782773414,0,0
fixed_transform_add_only,2458,2021-03-12,2021-03-22,-0.0210550182560221,2021,2020-12-31,learned_order_extension,20260912,0.5011342068332141,0.5011342068332141,1,0
fixed_transform_add_only,2463,2021-03-19,2021-03-29,0.0087572877565691,2021,2020-12-31,learned_order_extension,20260912,0.49318584601318854,0.49318584601318854,0,1
fixed_transform_add_only,2468,2021-03-26,2021-04-06,0.0250145479448802,2021,2020-12-31,learned_order_extension,20260912,0.5765372992952104,0.5765372992952104,1,1
fixed_transform_add_only,2418,2021-01-08,2021-01-18,-0.0120052904669853,2021,2020-12-31,learned_order_offset,20260912,0.4978619856473434,0.4978619856473434,0,0
fixed_transform_add_only,2423,2021-01-15,2021-01-25,0.0231622460538123,2021,2020-12-31,learned_order_offset,20260912,0.30753172112864313,0.30753172112864313,0,1
fixed_transform_add_only,2428,2021-01-22,2021-02-01,-0.0372511735907923,2021,2020-12-31,learned_order_offset,20260912,0.29417599189344534,0.29417599189344534,0,0
fixed_transform_add_only,2433,2021-01-29,2021-02-08,0.0278689901714626,2021,2020-12-31,learned_order_offset,20260912,0.48673077860534075,0.48673077860534075,0,1
fixed_transform_add_only,2438,2021-02-05,2021-02-22,0.0507379035040882,2021,2020-12-31,learned_order_offset,20260912,0.5468628858044645,0.5468628858044645,1,1
fixed_transform_add_only,2443,2021-02-19,2021-03-01,-0.0684918010685315,2021,2020-12-31,learned_order_offset,20260912,0.37253784220409425,0.37253784220409425,0,0
fixed_transform_add_only,2448,2021-02-26,2021-03-08,-0.0165997123904068,2021,2020-12-31,learned_order_offset,20260912,0.5649799919042372,0.5649799919042372,1,0
fixed_transform_add_only,2453,2021-03-05,2021-03-15,-0.0346560901469681,2021,2020-12-31,learned_order_offset,20260912,0.49348358050186064,0.49348358050186064,0,0
fixed_transform_add_only,2458,2021-03-12,2021-03-22,-0.0210550182560221,2021,2020-12-31,learned_order_offset,20260912,0.500928953286114,0.500928953286114,1,0
fixed_transform_add_only,2463,2021-03-19,2021-03-29,0.0087572877565691,2021,2020-12-31,learned_order_offset,20260912,0.493170220106531,0.493170220106531,0,1
fixed_transform_add_only,2468,2021-03-26,2021-04-06,0.0250145479448802,2021,2020-12-31,learned_order_offset,20260912,0.5766144810517231,0.5766144810517231,1,1
fixed_transform_add_only,2418,2021-01-08,2021-01-18,-0.0120052904669853,2021,2020-12-31,training_frequency,-1,0.5577557755775577,0.5577557755775577,1,0
fixed_transform_add_only,2423,2021-01-15,2021-01-25,0.0231622460538123,2021,2020-12-31,training_frequency,-1,0.5577557755775577,0.5577557755775577,1,1
fixed_transform_add_only,2428,2021-01-22,2021-02-01,-0.0372511735907923,2021,2020-12-31,training_frequency,-1,0.5577557755775577,0.5577557755775577,1,0
fixed_transform_add_only,2433,2021-01-29,2021-02-08,0.0278689901714626,2021,2020-12-31,training_frequency,-1,0.5577557755775577,0.5577557755775577,1,1
fixed_transform_add_only,2438,2021-02-05,2021-02-22,0.0507379035040882,2021,2020-12-31,training_frequency,-1,0.5577557755775577,0.5577557755775577,1,1
fixed_transform_add_only,2443,2021-02-19,2021-03-01,-0.0684918010685315,2021,2020-12-31,training_frequency,-1,0.5577557755775577,0.5577557755775577,1,0
fixed_transform_add_only,2448,2021-02-26,2021-03-08,-0.0165997123904068,2021,2020-12-31,training_frequency,-1,0.5577557755775577,0.5577557755775577,1,0
fixed_transform_add_only,2453,2021-03-05,2021-03-15,-0.0346560901469681,2021,2020-12-31,training_frequency,-1,0.5577557755775577,0.5577557755775577,1,0
fixed_transform_add_only,2458,2021-03-12,2021-03-22,-0.0210550182560221,2021,2020-12-31,training_frequency,-1,0.5577557755775577,0.5577557755775577,1,0
fixed_transform_add_only,2463,2021-03-19,2021-03-29,0.0087572877565691,2021,2020-12-31,training_frequency,-1,0.5577557755775577,0.5577557755775577,1,1
fixed_transform_add_only,2468,2021-03-26,2021-04-06,0.0250145479448802,2021,2020-12-31,training_frequency,-1,0.5577557755775577,0.5577557755775577,1,1
fixed_transform_add_only,2473,2021-04-02,2021-04-12,-0.0292856811827044,2021,2021-03-31,learned_market,20260910,0.5014394638443062,0.5014394638443062,1,0
fixed_transform_add_only,2477,2021-04-09,2021-04-19,-0.0120489836840408,2021,2021-03-31,learned_market,20260910,0.6672200859345472,0.6672200859345472,1,0
fixed_transform_add_only,2482,2021-04-16,2021-04-26,0.0382932540809155,2021,2021-03-31,learned_market,20260910,0.5848347576736527,0.5848347576736527,1,1
fixed_transform_add_only,2487,2021-04-23,2021-05-06,-0.0112070185917437,2021,2021-03-31,learned_market,20260910,0.6643662003187122,0.6643662003187122,1,0
fixed_transform_add_only,2492,2021-04-30,2021-05-12,-0.0190946889464188,2021,2021-03-31,learned_market,20260910,0.6856310171495894,0.6856310171495894,1,0
fixed_transform_add_only,2494,2021-05-07,2021-05-17,0.0227674429764228,2021,2021-03-31,learned_market,20260910,0.702818652559402,0.702818652559402,1,1
fixed_transform_add_only,2499,2021-05-14,2021-05-24,0.0045940519733895,2021,2021-03-31,learned_market,20260910,0.6182242676237376,0.6182242676237376,1,1
fixed_transform_add_only,2504,2021-05-21,2021-05-31,0.0348855085126711,2021,2021-03-31,learned_market,20260910,0.5909435350861713,0.5909435350861713,1,1
fixed_transform_add_only,2509,2021-05-28,2021-06-07,-0.0062409741861724,2021,2021-03-31,learned_market,20260910,0.6065594979489681,0.6065594979489681,1,0
fixed_transform_add_only,2514,2021-06-04,2021-06-15,-0.0125508761771767,2021,2021-03-31,learned_market,20260910,0.5213196759935572,0.5213196759935572,1,0
fixed_transform_add_only,2519,2021-06-11,2021-06-21,-0.0250011497424577,2021,2021-03-31,learned_market,20260910,0.3532338506238243,0.3532338506238243,0,0
fixed_transform_add_only,2523,2021-06-18,2021-06-28,0.0325308711127356,2021,2021-03-31,learned_market,20260910,0.32578781264100826,0.32578781264100826,0,1
fixed_transform_add_only,2528,2021-06-25,2021-07-05,-0.0342297962734196,2021,2021-03-31,learned_market,20260910,0.44467798449997975,0.44467798449997975,0,0
fixed_transform_add_only,2473,2021-04-02,2021-04-12,-0.0292856811827044,2021,2021-03-31,learned_vol_interaction,20260910,0.548544794089392,0.548544794089392,1,0
fixed_transform_add_only,2477,2021-04-09,2021-04-19,-0.0120489836840408,2021,2021-03-31,learned_vol_interaction,20260910,0.6978172758870167,0.6978172758870167,1,0
fixed_transform_add_only,2482,2021-04-16,2021-04-26,0.0382932540809155,2021,2021-03-31,learned_vol_interaction,20260910,0.596668742294512,0.596668742294512,1,1
fixed_transform_add_only,2487,2021-04-23,2021-05-06,-0.0112070185917437,2021,2021-03-31,learned_vol_interaction,20260910,0.7037162628173501,0.7037162628173501,1,0
fixed_transform_add_only,2492,2021-04-30,2021-05-12,-0.0190946889464188,2021,2021-03-31,learned_vol_interaction,20260910,0.69486226177811,0.69486226177811,1,0
fixed_transform_add_only,2494,2021-05-07,2021-05-17,0.0227674429764228,2021,2021-03-31,learned_vol_interaction,20260910,0.7136698988049852,0.7136698988049852,1,1
fixed_transform_add_only,2499,2021-05-14,2021-05-24,0.0045940519733895,2021,2021-03-31,learned_vol_interaction,20260910,0.6603665708233603,0.6603665708233603,1,1
fixed_transform_add_only,2504,2021-05-21,2021-05-31,0.0348855085126711,2021,2021-03-31,learned_vol_interaction,20260910,0.6153803886876577,0.6153803886876577,1,1
fixed_transform_add_only,2509,2021-05-28,2021-06-07,-0.0062409741861724,2021,2021-03-31,learned_vol_interaction,20260910,0.6066120846666367,0.6066120846666367,1,0
fixed_transform_add_only,2514,2021-06-04,2021-06-15,-0.0125508761771767,2021,2021-03-31,learned_vol_interaction,20260910,0.49181169873756186,0.49181169873756186,0,0
fixed_transform_add_only,2519,2021-06-11,2021-06-21,-0.0250011497424577,2021,2021-03-31,learned_vol_interaction,20260910,0.2955074396964397,0.2955074396964397,0,0
fixed_transform_add_only,2523,2021-06-18,2021-06-28,0.0325308711127356,2021,2021-03-31,learned_vol_interaction,20260910,0.28557896937659577,0.28557896937659577,0,1
fixed_transform_add_only,2528,2021-06-25,2021-07-05,-0.0342297962734196,2021,2021-03-31,learned_vol_interaction,20260910,0.38046202987449,0.38046202987449,0,0
fixed_transform_add_only,2473,2021-04-02,2021-04-12,-0.0292856811827044,2021,2021-03-31,learned_order_extension,20260910,0.5433118482172729,0.5433118482172729,1,0
fixed_transform_add_only,2477,2021-04-09,2021-04-19,-0.0120489836840408,2021,2021-03-31,learned_order_extension,20260910,0.7049438006945224,0.7049438006945224,1,0
fixed_transform_add_only,2482,2021-04-16,2021-04-26,0.0382932540809155,2021,2021-03-31,learned_order_extension,20260910,0.6090237721751016,0.6090237721751016,1,1
fixed_transform_add_only,2487,2021-04-23,2021-05-06,-0.0112070185917437,2021,2021-03-31,learned_order_extension,20260910,0.7103248151989708,0.7103248151989708,1,0
fixed_transform_add_only,2492,2021-04-30,2021-05-12,-0.0190946889464188,2021,2021-03-31,learned_order_extension,20260910,0.7080559530753798,0.7080559530753798,1,0
fixed_transform_add_only,2494,2021-05-07,2021-05-17,0.0227674429764228,2021,2021-03-31,learned_order_extension,20260910,0.7223902463322383,0.7223902463322383,1,1
fixed_transform_add_only,2499,2021-05-14,2021-05-24,0.0045940519733895,2021,2021-03-31,learned_order_extension,20260910,0.6608572620302933,0.6608572620302933,1,1
fixed_transform_add_only,2504,2021-05-21,2021-05-31,0.0348855085126711,2021,2021-03-31,learned_order_extension,20260910,0.6158177040132341,0.6158177040132341,1,1
fixed_transform_add_only,2509,2021-05-28,2021-06-07,-0.0062409741861724,2021,2021-03-31,learned_order_extension,20260910,0.5991007308030205,0.5991007308030205,1,0
fixed_transform_add_only,2514,2021-06-04,2021-06-15,-0.0125508761771767,2021,2021-03-31,learned_order_extension,20260910,0.47765533683798495,0.47765533683798495,0,0
fixed_transform_add_only,2519,2021-06-11,2021-06-21,-0.0250011497424577,2021,2021-03-31,learned_order_extension,20260910,0.2687735268437921,0.2687735268437921,0,0
fixed_transform_add_only,2523,2021-06-18,2021-06-28,0.0325308711127356,2021,2021-03-31,learned_order_extension,20260910,0.2647591066913436,0.2647591066913436,0,1
fixed_transform_add_only,2528,2021-06-25,2021-07-05,-0.0342297962734196,2021,2021-03-31,learned_order_extension,20260910,0.36643917500702555,0.36643917500702555,0,0
fixed_transform_add_only,2473,2021-04-02,2021-04-12,-0.0292856811827044,2021,2021-03-31,learned_order_offset,20260910,0.5422728671263485,0.5422728671263485,1,0
fixed_transform_add_only,2477,2021-04-09,2021-04-19,-0.0120489836840408,2021,2021-03-31,learned_order_offset,20260910,0.7048551348715871,0.7048551348715871,1,0
fixed_transform_add_only,2482,2021-04-16,2021-04-26,0.0382932540809155,2021,2021-03-31,learned_order_offset,20260910,0.6094448118564779,0.6094448118564779,1,1
fixed_transform_add_only,2487,2021-04-23,2021-05-06,-0.0112070185917437,2021,2021-03-31,learned_order_offset,20260910,0.7100500779774,0.7100500779774,1,0
fixed_transform_add_only,2492,2021-04-30,2021-05-12,-0.0190946889464188,2021,2021-03-31,learned_order_offset,20260910,0.7084446392407149,0.7084446392407149,1,0
fixed_transform_add_only,2494,2021-05-07,2021-05-17,0.0227674429764228,2021,2021-03-31,learned_order_offset,20260910,0.7227749226656528,0.7227749226656528,1,1
fixed_transform_add_only,2499,2021-05-14,2021-05-24,0.0045940519733895,2021,2021-03-31,learned_order_offset,20260910,0.6603727806974583,0.6603727806974583,1,1
fixed_transform_add_only,2504,2021-05-21,2021-05-31,0.0348855085126711,2021,2021-03-31,learned_order_offset,20260910,0.615630819264868,0.615630819264868,1,1
fixed_transform_add_only,2509,2021-05-28,2021-06-07,-0.0062409741861724,2021,2021-03-31,learned_order_offset,20260910,0.5992566962532795,0.5992566962532795,1,0
fixed_transform_add_only,2514,2021-06-04,2021-06-15,-0.0125508761771767,2021,2021-03-31,learned_order_offset,20260910,0.47815720300702436,0.47815720300702436,0,0
fixed_transform_add_only,2519,2021-06-11,2021-06-21,-0.0250011497424577,2021,2021-03-31,learned_order_offset,20260910,0.26895179567737326,0.26895179567737326,0,0
fixed_transform_add_only,2523,2021-06-18,2021-06-28,0.0325308711127356,2021,2021-03-31,learned_order_offset,20260910,0.26475765615973923,0.26475765615973923,0,1
fixed_transform_add_only,2528,2021-06-25,2021-07-05,-0.0342297962734196,2021,2021-03-31,learned_order_offset,20260910,0.3669524345499248,0.3669524345499248,0,0
fixed_transform_add_only,2473,2021-04-02,2021-04-12,-0.0292856811827044,2021,2021-03-31,learned_market,20260911,0.613334688616755,0.613334688616755,1,0
fixed_transform_add_only,2477,2021-04-09,2021-04-19,-0.0120489836840408,2021,2021-03-31,learned_market,20260911,0.5221317249763778,0.5221317249763778,1,0
fixed_transform_add_only,2482,2021-04-16,2021-04-26,0.0382932540809155,2021,2021-03-31,learned_market,20260911,0.49585855512594984,0.49585855512594984,0,1
fixed_transform_add_only,2487,2021-04-23,2021-05-06,-0.0112070185917437,2021,2021-03-31,learned_market,20260911,0.5358523259892739,0.5358523259892739,1,0
fixed_transform_add_only,2492,2021-04-30,2021-05-12,-0.0190946889464188,2021,2021-03-31,learned_market,20260911,0.6935222835672692,0.6935222835672692,1,0
fixed_transform_add_only,2494,2021-05-07,2021-05-17,0.0227674429764228,2021,2021-03-31,learned_market,20260911,0.74687815631277,0.74687815631277,1,1
fixed_transform_add_only,2499,2021-05-14,2021-05-24,0.0045940519733895,2021,2021-03-31,learned_market,20260911,0.4323715460976513,0.4323715460976513,0,1
fixed_transform_add_only,2504,2021-05-21,2021-05-31,0.0348855085126711,2021,2021-03-31,learned_market,20260911,0.6166452299764068,0.6166452299764068,1,1
fixed_transform_add_only,2509,2021-05-28,2021-06-07,-0.0062409741861724,2021,2021-03-31,learned_market,20260911,0.5491674066924375,0.5491674066924375,1,0
fixed_transform_add_only,2514,2021-06-04,2021-06-15,-0.0125508761771767,2021,2021-03-31,learned_market,20260911,0.4223800684629526,0.4223800684629526,0,0
fixed_transform_add_only,2519,2021-06-11,2021-06-21,-0.0250011497424577,2021,2021-03-31,learned_market,20260911,0.23980886582682073,0.23980886582682073,0,0
fixed_transform_add_only,2523,2021-06-18,2021-06-28,0.0325308711127356,2021,2021-03-31,learned_market,20260911,0.4337277922909627,0.4337277922909627,0,1
fixed_transform_add_only,2528,2021-06-25,2021-07-05,-0.0342297962734196,2021,2021-03-31,learned_market,20260911,0.3943627376535672,0.3943627376535672,0,0
fixed_transform_add_only,2473,2021-04-02,2021-04-12,-0.0292856811827044,2021,2021-03-31,learned_vol_interaction,20260911,0.6324739089677788,0.6324739089677788,1,0
fixed_transform_add_only,2477,2021-04-09,2021-04-19,-0.0120489836840408,2021,2021-03-31,learned_vol_interaction,20260911,0.5187867089943597,0.5187867089943597,1,0
fixed_transform_add_only,2482,2021-04-16,2021-04-26,0.0382932540809155,2021,2021-03-31,learned_vol_interaction,20260911,0.4863280509948366,0.4863280509948366,0,1
fixed_transform_add_only,2487,2021-04-23,2021-05-06,-0.0112070185917437,2021,2021-03-31,learned_vol_interaction,20260911,0.5336103542455224,0.5336103542455224,1,0
fixed_transform_add_only,2492,2021-04-30,2021-05-12,-0.0190946889464188,2021,2021-03-31,learned_vol_interaction,20260911,0.6893560943425059,0.6893560943425059,1,0
fixed_transform_add_only,2494,2021-05-07,2021-05-17,0.0227674429764228,2021,2021-03-31,learned_vol_interaction,20260911,0.7415085376213663,0.7415085376213663,1,1
fixed_transform_add_only,2499,2021-05-14,2021-05-24,0.0045940519733895,2021,2021-03-31,learned_vol_interaction,20260911,0.43457401502765436,0.43457401502765436,0,1
fixed_transform_add_only,2504,2021-05-21,2021-05-31,0.0348855085126711,2021,2021-03-31,learned_vol_interaction,20260911,0.6037370214587923,0.6037370214587923,1,1
fixed_transform_add_only,2509,2021-05-28,2021-06-07,-0.0062409741861724,2021,2021-03-31,learned_vol_interaction,20260911,0.5495329699661811,0.5495329699661811,1,0
fixed_transform_add_only,2514,2021-06-04,2021-06-15,-0.0125508761771767,2021,2021-03-31,learned_vol_interaction,20260911,0.4257035828768852,0.4257035828768852,0,0
fixed_transform_add_only,2519,2021-06-11,2021-06-21,-0.0250011497424577,2021,2021-03-31,learned_vol_interaction,20260911,0.24688403065353534,0.24688403065353534,0,0
fixed_transform_add_only,2523,2021-06-18,2021-06-28,0.0325308711127356,2021,2021-03-31,learned_vol_interaction,20260911,0.4378836186024108,0.4378836186024108,0,1
fixed_transform_add_only,2528,2021-06-25,2021-07-05,-0.0342297962734196,2021,2021-03-31,learned_vol_interaction,20260911,0.4104350029741586,0.4104350029741586,0,0
fixed_transform_add_only,2473,2021-04-02,2021-04-12,-0.0292856811827044,2021,2021-03-31,learned_order_extension,20260911,0.625570004164568,0.625570004164568,1,0
fixed_transform_add_only,2477,2021-04-09,2021-04-19,-0.0120489836840408,2021,2021-03-31,learned_order_extension,20260911,0.5123094197982874,0.5123094197982874,1,0
fixed_transform_add_only,2482,2021-04-16,2021-04-26,0.0382932540809155,2021,2021-03-31,learned_order_extension,20260911,0.46231137977998,0.46231137977998,0,1
fixed_transform_add_only,2487,2021-04-23,2021-05-06,-0.0112070185917437,2021,2021-03-31,learned_order_extension,20260911,0.5134411792688822,0.5134411792688822,1,0
fixed_transform_add_only,2492,2021-04-30,2021-05-12,-0.0190946889464188,2021,2021-03-31,learned_order_extension,20260911,0.7088528867838568,0.7088528867838568,1,0
fixed_transform_add_only,2494,2021-05-07,2021-05-17,0.0227674429764228,2021,2021-03-31,learned_order_extension,20260911,0.7684105050156227,0.7684105050156227,1,1
fixed_transform_add_only,2499,2021-05-14,2021-05-24,0.0045940519733895,2021,2021-03-31,learned_order_extension,20260911,0.3951998016755268,0.3951998016755268,0,1
fixed_transform_add_only,2504,2021-05-21,2021-05-31,0.0348855085126711,2021,2021-03-31,learned_order_extension,20260911,0.6046255517737029,0.6046255517737029,1,1
fixed_transform_add_only,2509,2021-05-28,2021-06-07,-0.0062409741861724,2021,2021-03-31,learned_order_extension,20260911,0.5575729218646615,0.5575729218646615,1,0
fixed_transform_add_only,2514,2021-06-04,2021-06-15,-0.0125508761771767,2021,2021-03-31,learned_order_extension,20260911,0.4088525762168417,0.4088525762168417,0,0
fixed_transform_add_only,2519,2021-06-11,2021-06-21,-0.0250011497424577,2021,2021-03-31,learned_order_extension,20260911,0.1983942178609606,0.1983942178609606,0,0
fixed_transform_add_only,2523,2021-06-18,2021-06-28,0.0325308711127356,2021,2021-03-31,learned_order_extension,20260911,0.4184900995159667,0.4184900995159667,0,1
fixed_transform_add_only,2528,2021-06-25,2021-07-05,-0.0342297962734196,2021,2021-03-31,learned_order_extension,20260911,0.3969365355201328,0.3969365355201328,0,0
fixed_transform_add_only,2473,2021-04-02,2021-04-12,-0.0292856811827044,2021,2021-03-31,learned_order_offset,20260911,0.6245820902782844,0.6245820902782844,1,0
fixed_transform_add_only,2477,2021-04-09,2021-04-19,-0.0120489836840408,2021,2021-03-31,learned_order_offset,20260911,0.5121502336053856,0.5121502336053856,1,0
fixed_transform_add_only,2482,2021-04-16,2021-04-26,0.0382932540809155,2021,2021-03-31,learned_order_offset,20260911,0.46239587216367867,0.46239587216367867,0,1
fixed_transform_add_only,2487,2021-04-23,2021-05-06,-0.0112070185917437,2021,2021-03-31,learned_order_offset,20260911,0.5117472218526545,0.5117472218526545,1,0
fixed_transform_add_only,2492,2021-04-30,2021-05-12,-0.0190946889464188,2021,2021-03-31,learned_order_offset,20260911,0.7074606917060833,0.7074606917060833,1,0
fixed_transform_add_only,2494,2021-05-07,2021-05-17,0.0227674429764228,2021,2021-03-31,learned_order_offset,20260911,0.7670360005370979,0.7670360005370979,1,1
fixed_transform_add_only,2499,2021-05-14,2021-05-24,0.0045940519733895,2021,2021-03-31,learned_order_offset,20260911,0.3949910653408025,0.3949910653408025,0,1
fixed_transform_add_only,2504,2021-05-21,2021-05-31,0.0348855085126711,2021,2021-03-31,learned_order_offset,20260911,0.6041230378535866,0.6041230378535866,1,1
fixed_transform_add_only,2509,2021-05-28,2021-06-07,-0.0062409741861724,2021,2021-03-31,learned_order_offset,20260911,0.5567278736205783,0.5567278736205783,1,0
fixed_transform_add_only,2514,2021-06-04,2021-06-15,-0.0125508761771767,2021,2021-03-31,learned_order_offset,20260911,0.4095592882840069,0.4095592882840069,0,0
fixed_transform_add_only,2519,2021-06-11,2021-06-21,-0.0250011497424577,2021,2021-03-31,learned_order_offset,20260911,0.19953247747966932,0.19953247747966932,0,0
fixed_transform_add_only,2523,2021-06-18,2021-06-28,0.0325308711127356,2021,2021-03-31,learned_order_offset,20260911,0.41901880440957323,0.41901880440957323,0,1
fixed_transform_add_only,2528,2021-06-25,2021-07-05,-0.0342297962734196,2021,2021-03-31,learned_order_offset,20260911,0.3984895112821782,0.3984895112821782,0,0
fixed_transform_add_only,2473,2021-04-02,2021-04-12,-0.0292856811827044,2021,2021-03-31,learned_market,20260912,0.5406015101820916,0.5406015101820916,1,0
fixed_transform_add_only,2477,2021-04-09,2021-04-19,-0.0120489836840408,2021,2021-03-31,learned_market,20260912,0.6861226633137277,0.6861226633137277,1,0
fixed_transform_add_only,2482,2021-04-16,2021-04-26,0.0382932540809155,2021,2021-03-31,learned_market,20260912,0.6017023149124564,0.6017023149124564,1,1
fixed_transform_add_only,2487,2021-04-23,2021-05-06,-0.0112070185917437,2021,2021-03-31,learned_market,20260912,0.6961127776125563,0.6961127776125563,1,0
fixed_transform_add_only,2492,2021-04-30,2021-05-12,-0.0190946889464188,2021,2021-03-31,learned_market,20260912,0.506777716185217,0.506777716185217,1,0
fixed_transform_add_only,2494,2021-05-07,2021-05-17,0.0227674429764228,2021,2021-03-31,learned_market,20260912,0.6295696722898538,0.6295696722898538,1,1
fixed_transform_add_only,2499,2021-05-14,2021-05-24,0.0045940519733895,2021,2021-03-31,learned_market,20260912,0.5245953189873707,0.5245953189873707,1,1
fixed_transform_add_only,2504,2021-05-21,2021-05-31,0.0348855085126711,2021,2021-03-31,learned_market,20260912,0.6306235571227441,0.6306235571227441,1,1
fixed_transform_add_only,2509,2021-05-28,2021-06-07,-0.0062409741861724,2021,2021-03-31,learned_market,20260912,0.43860493474440293,0.43860493474440293,0,0
fixed_transform_add_only,2514,2021-06-04,2021-06-15,-0.0125508761771767,2021,2021-03-31,learned_market,20260912,0.3376277694254842,0.3376277694254842,0,0
fixed_transform_add_only,2519,2021-06-11,2021-06-21,-0.0250011497424577,2021,2021-03-31,learned_market,20260912,0.411110793753397,0.411110793753397,0,0
fixed_transform_add_only,2523,2021-06-18,2021-06-28,0.0325308711127356,2021,2021-03-31,learned_market,20260912,0.40271662189449486,0.40271662189449486,0,1
fixed_transform_add_only,2528,2021-06-25,2021-07-05,-0.0342297962734196,2021,2021-03-31,learned_market,20260912,0.2764287811675394,0.2764287811675394,0,0
fixed_transform_add_only,2473,2021-04-02,2021-04-12,-0.0292856811827044,2021,2021-03-31,learned_vol_interaction,20260912,0.5432787689550257,0.5432787689550257,1,0
fixed_transform_add_only,2477,2021-04-09,2021-04-19,-0.0120489836840408,2021,2021-03-31,learned_vol_interaction,20260912,0.6885439362996256,0.6885439362996256,1,0
fixed_transform_add_only,2482,2021-04-16,2021-04-26,0.0382932540809155,2021,2021-03-31,learned_vol_interaction,20260912,0.6030302127152214,0.6030302127152214,1,1
fixed_transform_add_only,2487,2021-04-23,2021-05-06,-0.0112070185917437,2021,2021-03-31,learned_vol_interaction,20260912,0.6979224837035207,0.6979224837035207,1,0
fixed_transform_add_only,2492,2021-04-30,2021-05-12,-0.0190946889464188,2021,2021-03-31,learned_vol_interaction,20260912,0.505815478116355,0.505815478116355,1,0
fixed_transform_add_only,2494,2021-05-07,2021-05-17,0.0227674429764228,2021,2021-03-31,learned_vol_interaction,20260912,0.6311727091065192,0.6311727091065192,1,1
fixed_transform_add_only,2499,2021-05-14,2021-05-24,0.0045940519733895,2021,2021-03-31,learned_vol_interaction,20260912,0.5211097667926409,0.5211097667926409,1,1
fixed_transform_add_only,2504,2021-05-21,2021-05-31,0.0348855085126711,2021,2021-03-31,learned_vol_interaction,20260912,0.6293829497782402,0.6293829497782402,1,1
fixed_transform_add_only,2509,2021-05-28,2021-06-07,-0.0062409741861724,2021,2021-03-31,learned_vol_interaction,20260912,0.4364608775593135,0.4364608775593135,0,0
fixed_transform_add_only,2514,2021-06-04,2021-06-15,-0.0125508761771767,2021,2021-03-31,learned_vol_interaction,20260912,0.33731325911807364,0.33731325911807364,0,0
fixed_transform_add_only,2519,2021-06-11,2021-06-21,-0.0250011497424577,2021,2021-03-31,learned_vol_interaction,20260912,0.4096050933043914,0.4096050933043914,0,0
fixed_transform_add_only,2523,2021-06-18,2021-06-28,0.0325308711127356,2021,2021-03-31,learned_vol_interaction,20260912,0.4009908967760371,0.4009908967760371,0,1
fixed_transform_add_only,2528,2021-06-25,2021-07-05,-0.0342297962734196,2021,2021-03-31,learned_vol_interaction,20260912,0.2679570054162078,0.2679570054162078,0,0
fixed_transform_add_only,2473,2021-04-02,2021-04-12,-0.0292856811827044,2021,2021-03-31,learned_order_extension,20260912,0.5446676432823674,0.5446676432823674,1,0
fixed_transform_add_only,2477,2021-04-09,2021-04-19,-0.0120489836840408,2021,2021-03-31,learned_order_extension,20260912,0.6905677311029106,0.6905677311029106,1,0
fixed_transform_add_only,2482,2021-04-16,2021-04-26,0.0382932540809155,2021,2021-03-31,learned_order_extension,20260912,0.6029095913166153,0.6029095913166153,1,1
fixed_transform_add_only,2487,2021-04-23,2021-05-06,-0.0112070185917437,2021,2021-03-31,learned_order_extension,20260912,0.7013052321787556,0.7013052321787556,1,0
fixed_transform_add_only,2492,2021-04-30,2021-05-12,-0.0190946889464188,2021,2021-03-31,learned_order_extension,20260912,0.5020766753544815,0.5020766753544815,1,0
fixed_transform_add_only,2494,2021-05-07,2021-05-17,0.0227674429764228,2021,2021-03-31,learned_order_extension,20260912,0.6298127881708743,0.6298127881708743,1,1
fixed_transform_add_only,2499,2021-05-14,2021-05-24,0.0045940519733895,2021,2021-03-31,learned_order_extension,20260912,0.515560697378297,0.515560697378297,1,1
fixed_transform_add_only,2504,2021-05-21,2021-05-31,0.0348855085126711,2021,2021-03-31,learned_order_extension,20260912,0.6300222593248496,0.6300222593248496,1,1
fixed_transform_add_only,2509,2021-05-28,2021-06-07,-0.0062409741861724,2021,2021-03-31,learned_order_extension,20260912,0.43523892769829187,0.43523892769829187,0,0
fixed_transform_add_only,2514,2021-06-04,2021-06-15,-0.0125508761771767,2021,2021-03-31,learned_order_extension,20260912,0.32885853552284233,0.32885853552284233,0,0
fixed_transform_add_only,2519,2021-06-11,2021-06-21,-0.0250011497424577,2021,2021-03-31,learned_order_extension,20260912,0.4034639812538916,0.4034639812538916,0,0
fixed_transform_add_only,2523,2021-06-18,2021-06-28,0.0325308711127356,2021,2021-03-31,learned_order_extension,20260912,0.39489657371703946,0.39489657371703946,0,1
fixed_transform_add_only,2528,2021-06-25,2021-07-05,-0.0342297962734196,2021,2021-03-31,learned_order_extension,20260912,0.25991972195629076,0.25991972195629076,0,0
fixed_transform_add_only,2473,2021-04-02,2021-04-12,-0.0292856811827044,2021,2021-03-31,learned_order_offset,20260912,0.5447485939419419,0.5447485939419419,1,0
fixed_transform_add_only,2477,2021-04-09,2021-04-19,-0.0120489836840408,2021,2021-03-31,learned_order_offset,20260912,0.6904831784463943,0.6904831784463943,1,0
fixed_transform_add_only,2482,2021-04-16,2021-04-26,0.0382932540809155,2021,2021-03-31,learned_order_offset,20260912,0.6028326409889797,0.6028326409889797,1,1
fixed_transform_add_only,2487,2021-04-23,2021-05-06,-0.0112070185917437,2021,2021-03-31,learned_order_offset,20260912,0.7010782125387187,0.7010782125387187,1,0
fixed_transform_add_only,2492,2021-04-30,2021-05-12,-0.0190946889464188,2021,2021-03-31,learned_order_offset,20260912,0.5020858623676946,0.5020858623676946,1,0
fixed_transform_add_only,2494,2021-05-07,2021-05-17,0.0227674429764228,2021,2021-03-31,learned_order_offset,20260912,0.6293744697437117,0.6293744697437117,1,1
fixed_transform_add_only,2499,2021-05-14,2021-05-24,0.0045940519733895,2021,2021-03-31,learned_order_offset,20260912,0.5148528121695205,0.5148528121695205,1,1
fixed_transform_add_only,2504,2021-05-21,2021-05-31,0.0348855085126711,2021,2021-03-31,learned_order_offset,20260912,0.6295564677643234,0.6295564677643234,1,1
fixed_transform_add_only,2509,2021-05-28,2021-06-07,-0.0062409741861724,2021,2021-03-31,learned_order_offset,20260912,0.43493194747105796,0.43493194747105796,0,0
fixed_transform_add_only,2514,2021-06-04,2021-06-15,-0.0125508761771767,2021,2021-03-31,learned_order_offset,20260912,0.32897361800464625,0.32897361800464625,0,0
fixed_transform_add_only,2519,2021-06-11,2021-06-21,-0.0250011497424577,2021,2021-03-31,learned_order_offset,20260912,0.4035523494168139,0.4035523494168139,0,0
fixed_transform_add_only,2523,2021-06-18,2021-06-28,0.0325308711127356,2021,2021-03-31,learned_order_offset,20260912,0.3946099066917124,0.3946099066917124,0,1
fixed_transform_add_only,2528,2021-06-25,2021-07-05,-0.0342297962734196,2021,2021-03-31,learned_order_offset,20260912,0.25971257188416424,0.25971257188416424,0,0
fixed_transform_add_only,2473,2021-04-02,2021-04-12,-0.0292856811827044,2021,2021-03-31,training_frequency,-1,0.5535433070866141,0.5535433070866141,1,0
fixed_transform_add_only,2477,2021-04-09,2021-04-19,-0.0120489836840408,2021,2021-03-31,training_frequency,-1,0.5535433070866141,0.5535433070866141,1,0
fixed_transform_add_only,2482,2021-04-16,2021-04-26,0.0382932540809155,2021,2021-03-31,training_frequency,-1,0.5535433070866141,0.5535433070866141,1,1
fixed_transform_add_only,2487,2021-04-23,2021-05-06,-0.0112070185917437,2021,2021-03-31,training_frequency,-1,0.5535433070866141,0.5535433070866141,1,0
fixed_transform_add_only,2492,2021-04-30,2021-05-12,-0.0190946889464188,2021,2021-03-31,training_frequency,-1,0.5535433070866141,0.5535433070866141,1,0
fixed_transform_add_only,2494,2021-05-07,2021-05-17,0.0227674429764228,2021,2021-03-31,training_frequency,-1,0.5535433070866141,0.5535433070866141,1,1
fixed_transform_add_only,2499,2021-05-14,2021-05-24,0.0045940519733895,2021,2021-03-31,training_frequency,-1,0.5535433070866141,0.5535433070866141,1,1
fixed_transform_add_only,2504,2021-05-21,2021-05-31,0.0348855085126711,2021,2021-03-31,training_frequency,-1,0.5535433070866141,0.5535433070866141,1,1
fixed_transform_add_only,2509,2021-05-28,2021-06-07,-0.0062409741861724,2021,2021-03-31,training_frequency,-1,0.5535433070866141,0.5535433070866141,1,0
fixed_transform_add_only,2514,2021-06-04,2021-06-15,-0.0125508761771767,2021,2021-03-31,training_frequency,-1,0.5535433070866141,0.5535433070866141,1,0
fixed_transform_add_only,2519,2021-06-11,2021-06-21,-0.0250011497424577,2021,2021-03-31,training_frequency,-1,0.5535433070866141,0.5535433070866141,1,0
fixed_transform_add_only,2523,2021-06-18,2021-06-28,0.0325308711127356,2021,2021-03-31,training_frequency,-1,0.5535433070866141,0.5535433070866141,1,1
fixed_transform_add_only,2528,2021-06-25,2021-07-05,-0.0342297962734196,2021,2021-03-31,training_frequency,-1,0.5535433070866141,0.5535433070866141,1,0
fixed_transform_add_only,2533,2021-07-02,2021-07-12,0.0068193733271841,2021,2021-06-30,learned_market,20260910,0.38753120044558126,0.38753120044558126,0,1
fixed_transform_add_only,2538,2021-07-09,2021-07-19,-0.0048254045313779,2021,2021-06-30,learned_market,20260910,0.3994318957673859,0.3994318957673859,0,0
fixed_transform_add_only,2543,2021-07-16,2021-07-26,-0.0032299118953994,2021,2021-06-30,learned_market,20260910,0.3705663514147057,0.3705663514147057,0,0
fixed_transform_add_only,2548,2021-07-23,2021-08-02,-0.0537740931579083,2021,2021-06-30,learned_market,20260910,0.4546090939166661,0.4546090939166661,0,0
fixed_transform_add_only,2553,2021-07-30,2021-08-09,0.019904813945049,2021,2021-06-30,learned_market,20260910,0.4780973257881654,0.4780973257881654,0,1
fixed_transform_add_only,2558,2021-08-06,2021-08-16,0.0093369268709639,2021,2021-06-30,learned_market,20260910,0.4351364355358816,0.4351364355358816,0,1
fixed_transform_add_only,2563,2021-08-13,2021-08-23,-0.032048736608373,2021,2021-06-30,learned_market,20260910,0.4161750602741105,0.4161750602741105,0,0
fixed_transform_add_only,2568,2021-08-20,2021-08-30,0.0145047962107527,2021,2021-06-30,learned_market,20260910,0.5057084244297313,0.5057084244297313,1,1
fixed_transform_add_only,2573,2021-08-27,2021-09-06,-0.0012316820816045,2021,2021-06-30,learned_market,20260910,0.5804904990488623,0.5804904990488623,1,0
fixed_transform_add_only,2578,2021-09-03,2021-09-13,0.0342301066295398,2021,2021-06-30,learned_market,20260910,0.6878118544112263,0.6878118544112263,1,1
fixed_transform_add_only,2583,2021-09-10,2021-09-22,-0.0471441667981554,2021,2021-06-30,learned_market,20260910,0.686403571489687,0.686403571489687,1,0
fixed_transform_add_only,2588,2021-09-17,2021-09-28,0.0209863060789441,2021,2021-06-30,learned_market,20260910,0.7162199784885009,0.7162199784885009,1,1
fixed_transform_add_only,2591,2021-09-24,2021-10-11,0.0144615416200457,2021,2021-06-30,learned_market,20260910,0.7503269453832967,0.7503269453832967,1,1
fixed_transform_add_only,2533,2021-07-02,2021-07-12,0.0068193733271841,2021,2021-06-30,learned_vol_interaction,20260910,0.35751551290370986,0.35751551290370986,0,1
fixed_transform_add_only,2538,2021-07-09,2021-07-19,-0.0048254045313779,2021,2021-06-30,learned_vol_interaction,20260910,0.34852482574960153,0.34852482574960153,0,0
fixed_transform_add_only,2543,2021-07-16,2021-07-26,-0.0032299118953994,2021,2021-06-30,learned_vol_interaction,20260910,0.3300828092312601,0.3300828092312601,0,0
fixed_transform_add_only,2548,2021-07-23,2021-08-02,-0.0537740931579083,2021,2021-06-30,learned_vol_interaction,20260910,0.4292506526706129,0.4292506526706129,0,0
fixed_transform_add_only,2553,2021-07-30,2021-08-09,0.019904813945049,2021,2021-06-30,learned_vol_interaction,20260910,0.4875768431049242,0.4875768431049242,0,1
fixed_transform_add_only,2558,2021-08-06,2021-08-16,0.0093369268709639,2021,2021-06-30,learned_vol_interaction,20260910,0.46738167738831593,0.46738167738831593,0,1
fixed_transform_add_only,2563,2021-08-13,2021-08-23,-0.032048736608373,2021,2021-06-30,learned_vol_interaction,20260910,0.4656257533932423,0.4656257533932423,0,0
fixed_transform_add_only,2568,2021-08-20,2021-08-30,0.0145047962107527,2021,2021-06-30,learned_vol_interaction,20260910,0.5191538703703622,0.5191538703703622,1,1
fixed_transform_add_only,2573,2021-08-27,2021-09-06,-0.0012316820816045,2021,2021-06-30,learned_vol_interaction,20260910,0.6063936111691416,0.6063936111691416,1,0
fixed_transform_add_only,2578,2021-09-03,2021-09-13,0.0342301066295398,2021,2021-06-30,learned_vol_interaction,20260910,0.6933693025908719,0.6933693025908719,1,1
fixed_transform_add_only,2583,2021-09-10,2021-09-22,-0.0471441667981554,2021,2021-06-30,learned_vol_interaction,20260910,0.6829714972756316,0.6829714972756316,1,0
fixed_transform_add_only,2588,2021-09-17,2021-09-28,0.0209863060789441,2021,2021-06-30,learned_vol_interaction,20260910,0.7423951510128731,0.7423951510128731,1,1
fixed_transform_add_only,2591,2021-09-24,2021-10-11,0.0144615416200457,2021,2021-06-30,learned_vol_interaction,20260910,0.7803325283552531,0.7803325283552531,1,1
fixed_transform_add_only,2533,2021-07-02,2021-07-12,0.0068193733271841,2021,2021-06-30,learned_order_extension,20260910,0.34696891010768066,0.34696891010768066,0,1
fixed_transform_add_only,2538,2021-07-09,2021-07-19,-0.0048254045313779,2021,2021-06-30,learned_order_extension,20260910,0.3320077750163508,0.3320077750163508,0,0
fixed_transform_add_only,2543,2021-07-16,2021-07-26,-0.0032299118953994,2021,2021-06-30,learned_order_extension,20260910,0.3055883717736093,0.3055883717736093,0,0
fixed_transform_add_only,2548,2021-07-23,2021-08-02,-0.0537740931579083,2021,2021-06-30,learned_order_extension,20260910,0.4155110798858409,0.4155110798858409,0,0
fixed_transform_add_only,2553,2021-07-30,2021-08-09,0.019904813945049,2021,2021-06-30,learned_order_extension,20260910,0.4781545936733722,0.4781545936733722,0,1
fixed_transform_add_only,2558,2021-08-06,2021-08-16,0.0093369268709639,2021,2021-06-30,learned_order_extension,20260910,0.4551484919262706,0.4551484919262706,0,1
fixed_transform_add_only,2563,2021-08-13,2021-08-23,-0.032048736608373,2021,2021-06-30,learned_order_extension,20260910,0.4600563384689763,0.4600563384689763,0,0
fixed_transform_add_only,2568,2021-08-20,2021-08-30,0.0145047962107527,2021,2021-06-30,learned_order_extension,20260910,0.5170620430988082,0.5170620430988082,1,1
fixed_transform_add_only,2573,2021-08-27,2021-09-06,-0.0012316820816045,2021,2021-06-30,learned_order_extension,20260910,0.6047337107487065,0.6047337107487065,1,0
fixed_transform_add_only,2578,2021-09-03,2021-09-13,0.0342301066295398,2021,2021-06-30,learned_order_extension,20260910,0.6939595039599413,0.6939595039599413,1,1
fixed_transform_add_only,2583,2021-09-10,2021-09-22,-0.0471441667981554,2021,2021-06-30,learned_order_extension,20260910,0.692145926867002,0.692145926867002,1,0
fixed_transform_add_only,2588,2021-09-17,2021-09-28,0.0209863060789441,2021,2021-06-30,learned_order_extension,20260910,0.7525863858228667,0.7525863858228667,1,1
fixed_transform_add_only,2591,2021-09-24,2021-10-11,0.0144615416200457,2021,2021-06-30,learned_order_extension,20260910,0.7985454543588651,0.7985454543588651,1,1
fixed_transform_add_only,2533,2021-07-02,2021-07-12,0.0068193733271841,2021,2021-06-30,learned_order_offset,20260910,0.34613338671710314,0.34613338671710314,0,1
fixed_transform_add_only,2538,2021-07-09,2021-07-19,-0.0048254045313779,2021,2021-06-30,learned_order_offset,20260910,0.33217073822605453,0.33217073822605453,0,0
fixed_transform_add_only,2543,2021-07-16,2021-07-26,-0.0032299118953994,2021,2021-06-30,learned_order_offset,20260910,0.30590832504955984,0.30590832504955984,0,0
fixed_transform_add_only,2548,2021-07-23,2021-08-02,-0.0537740931579083,2021,2021-06-30,learned_order_offset,20260910,0.41627946834974355,0.41627946834974355,0,0
fixed_transform_add_only,2553,2021-07-30,2021-08-09,0.019904813945049,2021,2021-06-30,learned_order_offset,20260910,0.4787322262433485,0.4787322262433485,0,1
fixed_transform_add_only,2558,2021-08-06,2021-08-16,0.0093369268709639,2021,2021-06-30,learned_order_offset,20260910,0.45509396295811205,0.45509396295811205,0,1
fixed_transform_add_only,2563,2021-08-13,2021-08-23,-0.032048736608373,2021,2021-06-30,learned_order_offset,20260910,0.45957719470748487,0.45957719470748487,0,0
fixed_transform_add_only,2568,2021-08-20,2021-08-30,0.0145047962107527,2021,2021-06-30,learned_order_offset,20260910,0.5176055023991706,0.5176055023991706,1,1
fixed_transform_add_only,2573,2021-08-27,2021-09-06,-0.0012316820816045,2021,2021-06-30,learned_order_offset,20260910,0.6037482994032751,0.6037482994032751,1,0
fixed_transform_add_only,2578,2021-09-03,2021-09-13,0.0342301066295398,2021,2021-06-30,learned_order_offset,20260910,0.695019693457308,0.695019693457308,1,1
fixed_transform_add_only,2583,2021-09-10,2021-09-22,-0.0471441667981554,2021,2021-06-30,learned_order_offset,20260910,0.6929178664059835,0.6929178664059835,1,0
fixed_transform_add_only,2588,2021-09-17,2021-09-28,0.0209863060789441,2021,2021-06-30,learned_order_offset,20260910,0.7522826788843798,0.7522826788843798,1,1
fixed_transform_add_only,2591,2021-09-24,2021-10-11,0.0144615416200457,2021,2021-06-30,learned_order_offset,20260910,0.7983962078295483,0.7983962078295483,1,1
fixed_transform_add_only,2533,2021-07-02,2021-07-12,0.0068193733271841,2021,2021-06-30,learned_market,20260911,0.4574847929763403,0.4574847929763403,0,1
fixed_transform_add_only,2538,2021-07-09,2021-07-19,-0.0048254045313779,2021,2021-06-30,learned_market,20260911,0.23153226206088487,0.23153226206088487,0,0
fixed_transform_add_only,2543,2021-07-16,2021-07-26,-0.0032299118953994,2021,2021-06-30,learned_market,20260911,0.3914719746444627,0.3914719746444627,0,0
fixed_transform_add_only,2548,2021-07-23,2021-08-02,-0.0537740931579083,2021,2021-06-30,learned_market,20260911,0.4145318640997793,0.4145318640997793,0,0
fixed_transform_add_only,2553,2021-07-30,2021-08-09,0.019904813945049,2021,2021-06-30,learned_market,20260911,0.5406585099496923,0.5406585099496923,1,1
fixed_transform_add_only,2558,2021-08-06,2021-08-16,0.0093369268709639,2021,2021-06-30,learned_market,20260911,0.5937189335848939,0.5937189335848939,1,1
fixed_transform_add_only,2563,2021-08-13,2021-08-23,-0.032048736608373,2021,2021-06-30,learned_market,20260911,0.5960054416024932,0.5960054416024932,1,0
fixed_transform_add_only,2568,2021-08-20,2021-08-30,0.0145047962107527,2021,2021-06-30,learned_market,20260911,0.5351574615347323,0.5351574615347323,1,1
fixed_transform_add_only,2573,2021-08-27,2021-09-06,-0.0012316820816045,2021,2021-06-30,learned_market,20260911,0.7794726683592648,0.7794726683592648,1,0
fixed_transform_add_only,2578,2021-09-03,2021-09-13,0.0342301066295398,2021,2021-06-30,learned_market,20260911,0.7304682577162397,0.7304682577162397,1,1
fixed_transform_add_only,2583,2021-09-10,2021-09-22,-0.0471441667981554,2021,2021-06-30,learned_market,20260911,0.732779783811483,0.732779783811483,1,0
fixed_transform_add_only,2588,2021-09-17,2021-09-28,0.0209863060789441,2021,2021-06-30,learned_market,20260911,0.7703512597947098,0.7703512597947098,1,1
fixed_transform_add_only,2591,2021-09-24,2021-10-11,0.0144615416200457,2021,2021-06-30,learned_market,20260911,0.6565149543771941,0.6565149543771941,1,1
fixed_transform_add_only,2533,2021-07-02,2021-07-12,0.0068193733271841,2021,2021-06-30,learned_vol_interaction,20260911,0.4593840461957744,0.4593840461957744,0,1
fixed_transform_add_only,2538,2021-07-09,2021-07-19,-0.0048254045313779,2021,2021-06-30,learned_vol_interaction,20260911,0.24385560505292775,0.24385560505292775,0,0
fixed_transform_add_only,2543,2021-07-16,2021-07-26,-0.0032299118953994,2021,2021-06-30,learned_vol_interaction,20260911,0.3960037607480478,0.3960037607480478,0,0
fixed_transform_add_only,2548,2021-07-23,2021-08-02,-0.0537740931579083,2021,2021-06-30,learned_vol_interaction,20260911,0.424848995050131,0.424848995050131,0,0
fixed_transform_add_only,2553,2021-07-30,2021-08-09,0.019904813945049,2021,2021-06-30,learned_vol_interaction,20260911,0.5523996311293529,0.5523996311293529,1,1
fixed_transform_add_only,2558,2021-08-06,2021-08-16,0.0093369268709639,2021,2021-06-30,learned_vol_interaction,20260911,0.597332910849888,0.597332910849888,1,1
fixed_transform_add_only,2563,2021-08-13,2021-08-23,-0.032048736608373,2021,2021-06-30,learned_vol_interaction,20260911,0.604411995183011,0.604411995183011,1,0
fixed_transform_add_only,2568,2021-08-20,2021-08-30,0.0145047962107527,2021,2021-06-30,learned_vol_interaction,20260911,0.5179512937510821,0.5179512937510821,1,1
fixed_transform_add_only,2573,2021-08-27,2021-09-06,-0.0012316820816045,2021,2021-06-30,learned_vol_interaction,20260911,0.7861667992658075,0.7861667992658075,1,0
fixed_transform_add_only,2578,2021-09-03,2021-09-13,0.0342301066295398,2021,2021-06-30,learned_vol_interaction,20260911,0.7249318490374539,0.7249318490374539,1,1
fixed_transform_add_only,2583,2021-09-10,2021-09-22,-0.0471441667981554,2021,2021-06-30,learned_vol_interaction,20260911,0.7368028846718463,0.7368028846718463,1,0
fixed_transform_add_only,2588,2021-09-17,2021-09-28,0.0209863060789441,2021,2021-06-30,learned_vol_interaction,20260911,0.766195148218223,0.766195148218223,1,1
fixed_transform_add_only,2591,2021-09-24,2021-10-11,0.0144615416200457,2021,2021-06-30,learned_vol_interaction,20260911,0.6542481158084088,0.6542481158084088,1,1
fixed_transform_add_only,2533,2021-07-02,2021-07-12,0.0068193733271841,2021,2021-06-30,learned_order_extension,20260911,0.45878889111300647,0.45878889111300647,0,1
fixed_transform_add_only,2538,2021-07-09,2021-07-19,-0.0048254045313779,2021,2021-06-30,learned_order_extension,20260911,0.19729950088127388,0.19729950088127388,0,0
fixed_transform_add_only,2543,2021-07-16,2021-07-26,-0.0032299118953994,2021,2021-06-30,learned_order_extension,20260911,0.35225633815661095,0.35225633815661095,0,0
fixed_transform_add_only,2548,2021-07-23,2021-08-02,-0.0537740931579083,2021,2021-06-30,learned_order_extension,20260911,0.39636151270155867,0.39636151270155867,0,0
fixed_transform_add_only,2553,2021-07-30,2021-08-09,0.019904813945049,2021,2021-06-30,learned_order_extension,20260911,0.5413193424914402,0.5413193424914402,1,1
fixed_transform_add_only,2558,2021-08-06,2021-08-16,0.0093369268709639,2021,2021-06-30,learned_order_extension,20260911,0.5876887703872167,0.5876887703872167,1,1
fixed_transform_add_only,2563,2021-08-13,2021-08-23,-0.032048736608373,2021,2021-06-30,learned_order_extension,20260911,0.6003121996884782,0.6003121996884782,1,0
fixed_transform_add_only,2568,2021-08-20,2021-08-30,0.0145047962107527,2021,2021-06-30,learned_order_extension,20260911,0.5095140848760358,0.5095140848760358,1,1
fixed_transform_add_only,2573,2021-08-27,2021-09-06,-0.0012316820816045,2021,2021-06-30,learned_order_extension,20260911,0.7962967995295682,0.7962967995295682,1,0
fixed_transform_add_only,2578,2021-09-03,2021-09-13,0.0342301066295398,2021,2021-06-30,learned_order_extension,20260911,0.7383552827969239,0.7383552827969239,1,1
fixed_transform_add_only,2583,2021-09-10,2021-09-22,-0.0471441667981554,2021,2021-06-30,learned_order_extension,20260911,0.7550707589237078,0.7550707589237078,1,0
fixed_transform_add_only,2588,2021-09-17,2021-09-28,0.0209863060789441,2021,2021-06-30,learned_order_extension,20260911,0.7902424019879676,0.7902424019879676,1,1
fixed_transform_add_only,2591,2021-09-24,2021-10-11,0.0144615416200457,2021,2021-06-30,learned_order_extension,20260911,0.670138809993788,0.670138809993788,1,1
fixed_transform_add_only,2533,2021-07-02,2021-07-12,0.0068193733271841,2021,2021-06-30,learned_order_offset,20260911,0.4583168178166722,0.4583168178166722,0,1
fixed_transform_add_only,2538,2021-07-09,2021-07-19,-0.0048254045313779,2021,2021-06-30,learned_order_offset,20260911,0.19672199310144978,0.19672199310144978,0,0
fixed_transform_add_only,2543,2021-07-16,2021-07-26,-0.0032299118953994,2021,2021-06-30,learned_order_offset,20260911,0.35133219447701863,0.35133219447701863,0,0
fixed_transform_add_only,2548,2021-07-23,2021-08-02,-0.0537740931579083,2021,2021-06-30,learned_order_offset,20260911,0.3954211657512099,0.3954211657512099,0,0
fixed_transform_add_only,2553,2021-07-30,2021-08-09,0.019904813945049,2021,2021-06-30,learned_order_offset,20260911,0.5402687377562424,0.5402687377562424,1,1
fixed_transform_add_only,2558,2021-08-06,2021-08-16,0.0093369268709639,2021,2021-06-30,learned_order_offset,20260911,0.5862753394755028,0.5862753394755028,1,1
fixed_transform_add_only,2563,2021-08-13,2021-08-23,-0.032048736608373,2021,2021-06-30,learned_order_offset,20260911,0.5998290075145271,0.5998290075145271,1,0
fixed_transform_add_only,2568,2021-08-20,2021-08-30,0.0145047962107527,2021,2021-06-30,learned_order_offset,20260911,0.5079167886196799,0.5079167886196799,1,1
fixed_transform_add_only,2573,2021-08-27,2021-09-06,-0.0012316820816045,2021,2021-06-30,learned_order_offset,20260911,0.7952395607070354,0.7952395607070354,1,0
fixed_transform_add_only,2578,2021-09-03,2021-09-13,0.0342301066295398,2021,2021-06-30,learned_order_offset,20260911,0.7373881374109146,0.7373881374109146,1,1
fixed_transform_add_only,2583,2021-09-10,2021-09-22,-0.0471441667981554,2021,2021-06-30,learned_order_offset,20260911,0.753403547633282,0.753403547633282,1,0
fixed_transform_add_only,2588,2021-09-17,2021-09-28,0.0209863060789441,2021,2021-06-30,learned_order_offset,20260911,0.7890611407975241,0.7890611407975241,1,1
fixed_transform_add_only,2591,2021-09-24,2021-10-11,0.0144615416200457,2021,2021-06-30,learned_order_offset,20260911,0.6686717255545847,0.6686717255545847,1,1
fixed_transform_add_only,2533,2021-07-02,2021-07-12,0.0068193733271841,2021,2021-06-30,learned_market,20260912,0.5316149603189784,0.5316149603189784,1,1
fixed_transform_add_only,2538,2021-07-09,2021-07-19,-0.0048254045313779,2021,2021-06-30,learned_market,20260912,0.6323183804083492,0.6323183804083492,1,0
fixed_transform_add_only,2543,2021-07-16,2021-07-26,-0.0032299118953994,2021,2021-06-30,learned_market,20260912,0.44339756113041523,0.44339756113041523,0,0
fixed_transform_add_only,2548,2021-07-23,2021-08-02,-0.0537740931579083,2021,2021-06-30,learned_market,20260912,0.6065302782711068,0.6065302782711068,1,0
fixed_transform_add_only,2553,2021-07-30,2021-08-09,0.019904813945049,2021,2021-06-30,learned_market,20260912,0.5520248518911877,0.5520248518911877,1,1
fixed_transform_add_only,2558,2021-08-06,2021-08-16,0.0093369268709639,2021,2021-06-30,learned_market,20260912,0.5182822227788084,0.5182822227788084,1,1
fixed_transform_add_only,2563,2021-08-13,2021-08-23,-0.032048736608373,2021,2021-06-30,learned_market,20260912,0.806198073543303,0.806198073543303,1,0
fixed_transform_add_only,2568,2021-08-20,2021-08-30,0.0145047962107527,2021,2021-06-30,learned_market,20260912,0.6620496982325803,0.6620496982325803,1,1
fixed_transform_add_only,2573,2021-08-27,2021-09-06,-0.0012316820816045,2021,2021-06-30,learned_market,20260912,0.6692365791391216,0.6692365791391216,1,0
fixed_transform_add_only,2578,2021-09-03,2021-09-13,0.0342301066295398,2021,2021-06-30,learned_market,20260912,0.5582244070983852,0.5582244070983852,1,1
fixed_transform_add_only,2583,2021-09-10,2021-09-22,-0.0471441667981554,2021,2021-06-30,learned_market,20260912,0.5866912066521711,0.5866912066521711,1,0
fixed_transform_add_only,2588,2021-09-17,2021-09-28,0.0209863060789441,2021,2021-06-30,learned_market,20260912,0.5972180398568436,0.5972180398568436,1,1
fixed_transform_add_only,2591,2021-09-24,2021-10-11,0.0144615416200457,2021,2021-06-30,learned_market,20260912,0.47533923012632234,0.47533923012632234,0,1
fixed_transform_add_only,2533,2021-07-02,2021-07-12,0.0068193733271841,2021,2021-06-30,learned_vol_interaction,20260912,0.5313462552386273,0.5313462552386273,1,1
fixed_transform_add_only,2538,2021-07-09,2021-07-19,-0.0048254045313779,2021,2021-06-30,learned_vol_interaction,20260912,0.6307966502924152,0.6307966502924152,1,0
fixed_transform_add_only,2543,2021-07-16,2021-07-26,-0.0032299118953994,2021,2021-06-30,learned_vol_interaction,20260912,0.4406887211447826,0.4406887211447826,0,0
fixed_transform_add_only,2548,2021-07-23,2021-08-02,-0.0537740931579083,2021,2021-06-30,learned_vol_interaction,20260912,0.6053459396028005,0.6053459396028005,1,0
fixed_transform_add_only,2553,2021-07-30,2021-08-09,0.019904813945049,2021,2021-06-30,learned_vol_interaction,20260912,0.5525121114325778,0.5525121114325778,1,1
fixed_transform_add_only,2558,2021-08-06,2021-08-16,0.0093369268709639,2021,2021-06-30,learned_vol_interaction,20260912,0.517808841740968,0.517808841740968,1,1
fixed_transform_add_only,2563,2021-08-13,2021-08-23,-0.032048736608373,2021,2021-06-30,learned_vol_interaction,20260912,0.8020972295397034,0.8020972295397034,1,0
fixed_transform_add_only,2568,2021-08-20,2021-08-30,0.0145047962107527,2021,2021-06-30,learned_vol_interaction,20260912,0.6605093354322041,0.6605093354322041,1,1
fixed_transform_add_only,2573,2021-08-27,2021-09-06,-0.0012316820816045,2021,2021-06-30,learned_vol_interaction,20260912,0.6691909604655722,0.6691909604655722,1,0
fixed_transform_add_only,2578,2021-09-03,2021-09-13,0.0342301066295398,2021,2021-06-30,learned_vol_interaction,20260912,0.5572144064927381,0.5572144064927381,1,1
fixed_transform_add_only,2583,2021-09-10,2021-09-22,-0.0471441667981554,2021,2021-06-30,learned_vol_interaction,20260912,0.5871560707396254,0.5871560707396254,1,0
fixed_transform_add_only,2588,2021-09-17,2021-09-28,0.0209863060789441,2021,2021-06-30,learned_vol_interaction,20260912,0.5974195214455293,0.5974195214455293,1,1
fixed_transform_add_only,2591,2021-09-24,2021-10-11,0.0144615416200457,2021,2021-06-30,learned_vol_interaction,20260912,0.4734085369076097,0.4734085369076097,0,1
fixed_transform_add_only,2533,2021-07-02,2021-07-12,0.0068193733271841,2021,2021-06-30,learned_order_extension,20260912,0.530369855374225,0.530369855374225,1,1
fixed_transform_add_only,2538,2021-07-09,2021-07-19,-0.0048254045313779,2021,2021-06-30,learned_order_extension,20260912,0.6316923454343278,0.6316923454343278,1,0
fixed_transform_add_only,2543,2021-07-16,2021-07-26,-0.0032299118953994,2021,2021-06-30,learned_order_extension,20260912,0.43801293963589644,0.43801293963589644,0,0
fixed_transform_add_only,2548,2021-07-23,2021-08-02,-0.0537740931579083,2021,2021-06-30,learned_order_extension,20260912,0.6048504914677788,0.6048504914677788,1,0
fixed_transform_add_only,2553,2021-07-30,2021-08-09,0.019904813945049,2021,2021-06-30,learned_order_extension,20260912,0.5505746536357774,0.5505746536357774,1,1
fixed_transform_add_only,2558,2021-08-06,2021-08-16,0.0093369268709639,2021,2021-06-30,learned_order_extension,20260912,0.5163072842888881,0.5163072842888881,1,1
fixed_transform_add_only,2563,2021-08-13,2021-08-23,-0.032048736608373,2021,2021-06-30,learned_order_extension,20260912,0.8021159001360559,0.8021159001360559,1,0
fixed_transform_add_only,2568,2021-08-20,2021-08-30,0.0145047962107527,2021,2021-06-30,learned_order_extension,20260912,0.6603673219392052,0.6603673219392052,1,1
fixed_transform_add_only,2573,2021-08-27,2021-09-06,-0.0012316820816045,2021,2021-06-30,learned_order_extension,20260912,0.6686933106058426,0.6686933106058426,1,0
fixed_transform_add_only,2578,2021-09-03,2021-09-13,0.0342301066295398,2021,2021-06-30,learned_order_extension,20260912,0.5562688594892802,0.5562688594892802,1,1
fixed_transform_add_only,2583,2021-09-10,2021-09-22,-0.0471441667981554,2021,2021-06-30,learned_order_extension,20260912,0.5870980222575435,0.5870980222575435,1,0
fixed_transform_add_only,2588,2021-09-17,2021-09-28,0.0209863060789441,2021,2021-06-30,learned_order_extension,20260912,0.5958367651418007,0.5958367651418007,1,1
fixed_transform_add_only,2591,2021-09-24,2021-10-11,0.0144615416200457,2021,2021-06-30,learned_order_extension,20260912,0.46894466646087396,0.46894466646087396,0,1
fixed_transform_add_only,2533,2021-07-02,2021-07-12,0.0068193733271841,2021,2021-06-30,learned_order_offset,20260912,0.5303854434744678,0.5303854434744678,1,1
fixed_transform_add_only,2538,2021-07-09,2021-07-19,-0.0048254045313779,2021,2021-06-30,learned_order_offset,20260912,0.6315811287347652,0.6315811287347652,1,0
fixed_transform_add_only,2543,2021-07-16,2021-07-26,-0.0032299118953994,2021,2021-06-30,learned_order_offset,20260912,0.4377462644569541,0.4377462644569541,0,0
fixed_transform_add_only,2548,2021-07-23,2021-08-02,-0.0537740931579083,2021,2021-06-30,learned_order_offset,20260912,0.6047023521018334,0.6047023521018334,1,0
fixed_transform_add_only,2553,2021-07-30,2021-08-09,0.019904813945049,2021,2021-06-30,learned_order_offset,20260912,0.5504941885414598,0.5504941885414598,1,1
fixed_transform_add_only,2558,2021-08-06,2021-08-16,0.0093369268709639,2021,2021-06-30,learned_order_offset,20260912,0.5163139793625958,0.5163139793625958,1,1
fixed_transform_add_only,2563,2021-08-13,2021-08-23,-0.032048736608373,2021,2021-06-30,learned_order_offset,20260912,0.8019380993413687,0.8019380993413687,1,0
fixed_transform_add_only,2568,2021-08-20,2021-08-30,0.0145047962107527,2021,2021-06-30,learned_order_offset,20260912,0.6602394941885247,0.6602394941885247,1,1
fixed_transform_add_only,2573,2021-08-27,2021-09-06,-0.0012316820816045,2021,2021-06-30,learned_order_offset,20260912,0.6686033202564203,0.6686033202564203,1,0
fixed_transform_add_only,2578,2021-09-03,2021-09-13,0.0342301066295398,2021,2021-06-30,learned_order_offset,20260912,0.5561850933916408,0.5561850933916408,1,1
fixed_transform_add_only,2583,2021-09-10,2021-09-22,-0.0471441667981554,2021,2021-06-30,learned_order_offset,20260912,0.5869383334304927,0.5869383334304927,1,0
fixed_transform_add_only,2588,2021-09-17,2021-09-28,0.0209863060789441,2021,2021-06-30,learned_order_offset,20260912,0.5956427599514984,0.5956427599514984,1,1
fixed_transform_add_only,2591,2021-09-24,2021-10-11,0.0144615416200457,2021,2021-06-30,learned_order_offset,20260912,0.4689903478109526,0.4689903478109526,0,1
fixed_transform_add_only,2533,2021-07-02,2021-07-12,0.0068193733271841,2021,2021-06-30,training_frequency,-1,0.5526315789473685,0.5526315789473685,1,1
fixed_transform_add_only,2538,2021-07-09,2021-07-19,-0.0048254045313779,2021,2021-06-30,training_frequency,-1,0.5526315789473685,0.5526315789473685,1,0
fixed_transform_add_only,2543,2021-07-16,2021-07-26,-0.0032299118953994,2021,2021-06-30,training_frequency,-1,0.5526315789473685,0.5526315789473685,1,0
fixed_transform_add_only,2548,2021-07-23,2021-08-02,-0.0537740931579083,2021,2021-06-30,training_frequency,-1,0.5526315789473685,0.5526315789473685,1,0
fixed_transform_add_only,2553,2021-07-30,2021-08-09,0.019904813945049,2021,2021-06-30,training_frequency,-1,0.5526315789473685,0.5526315789473685,1,1
fixed_transform_add_only,2558,2021-08-06,2021-08-16,0.0093369268709639,2021,2021-06-30,training_frequency,-1,0.5526315789473685,0.5526315789473685,1,1
fixed_transform_add_only,2563,2021-08-13,2021-08-23,-0.032048736608373,2021,2021-06-30,training_frequency,-1,0.5526315789473685,0.5526315789473685,1,0
fixed_transform_add_only,2568,2021-08-20,2021-08-30,0.0145047962107527,2021,2021-06-30,training_frequency,-1,0.5526315789473685,0.5526315789473685,1,1
fixed_transform_add_only,2573,2021-08-27,2021-09-06,-0.0012316820816045,2021,2021-06-30,training_frequency,-1,0.5526315789473685,0.5526315789473685,1,0
fixed_transform_add_only,2578,2021-09-03,2021-09-13,0.0342301066295398,2021,2021-06-30,training_frequency,-1,0.5526315789473685,0.5526315789473685,1,1
fixed_transform_add_only,2583,2021-09-10,2021-09-22,-0.0471441667981554,2021,2021-06-30,training_frequency,-1,0.5526315789473685,0.5526315789473685,1,0
fixed_transform_add_only,2588,2021-09-17,2021-09-28,0.0209863060789441,2021,2021-06-30,training_frequency,-1,0.5526315789473685,0.5526315789473685,1,1
fixed_transform_add_only,2591,2021-09-24,2021-10-11,0.0144615416200457,2021,2021-06-30,training_frequency,-1,0.5526315789473685,0.5526315789473685,1,1
fixed_transform_add_only,2596,2021-10-08,2021-10-18,-0.0038006269617851,2021,2021-09-30,learned_market,20260910,0.7096192712287992,0.7096192712287992,1,0
fixed_transform_add_only,2601,2021-10-15,2021-10-25,0.0037358989621147,2021,2021-09-30,learned_market,20260910,0.6961580903877692,0.6961580903877692,1,1
fixed_transform_add_only,2606,2021-10-22,2021-11-01,-0.0127041632091318,2021,2021-09-30,learned_market,20260910,0.6081268639064128,0.6081268639064128,1,0
fixed_transform_add_only,2611,2021-10-29,2021-11-08,-0.0075807737801166,2021,2021-09-30,learned_market,20260910,0.6336409093971682,0.6336409093971682,1,0
fixed_transform_add_only,2616,2021-11-05,2021-11-15,0.0110015182343039,2021,2021-09-30,learned_market,20260910,0.7142533926782547,0.7142533926782547,1,1
fixed_transform_add_only,2621,2021-11-12,2021-11-22,0.0002002284238551,2021,2021-09-30,learned_market,20260910,0.7509116756835412,0.7509116756835412,1,1
fixed_transform_add_only,2626,2021-11-19,2021-11-29,-0.0153981603100059,2021,2021-09-30,learned_market,20260910,0.7663408081688322,0.7663408081688322,1,0
fixed_transform_add_only,2631,2021-11-26,2021-12-06,0.0185518287306458,2021,2021-09-30,learned_market,20260910,0.7104276136478426,0.7104276136478426,1,1
fixed_transform_add_only,2636,2021-12-03,2021-12-13,0.0367843110096284,2021,2021-09-30,learned_market,20260910,0.7158433704984987,0.7158433704984987,1,1
fixed_transform_add_only,2641,2021-12-10,2021-12-20,-0.0304615698955996,2021,2021-09-30,learned_market,20260910,0.6437377102357268,0.6437377102357268,1,0
fixed_transform_add_only,2646,2021-12-17,2021-12-27,-0.0034083287233763,2021,2021-09-30,learned_market,20260910,0.7005439666673603,0.7005439666673603,1,0
fixed_transform_add_only,2651,2021-12-24,2022-01-04,0.0080985736506613,2021,2021-09-30,learned_market,20260910,0.7604160427235721,0.7604160427235721,1,1
fixed_transform_add_only,2656,2021-12-31,2022-01-10,-0.0293970528320001,2021,2021-09-30,learned_market,20260910,0.7486969733960036,0.7486969733960036,1,0
fixed_transform_add_only,2596,2021-10-08,2021-10-18,-0.0038006269617851,2021,2021-09-30,learned_vol_interaction,20260910,0.7356474517355067,0.7356474517355067,1,0
fixed_transform_add_only,2601,2021-10-15,2021-10-25,0.0037358989621147,2021,2021-09-30,learned_vol_interaction,20260910,0.7412834254835072,0.7412834254835072,1,1
fixed_transform_add_only,2606,2021-10-22,2021-11-01,-0.0127041632091318,2021,2021-09-30,learned_vol_interaction,20260910,0.6133026257111728,0.6133026257111728,1,0
fixed_transform_add_only,2611,2021-10-29,2021-11-08,-0.0075807737801166,2021,2021-09-30,learned_vol_interaction,20260910,0.6562343747861635,0.6562343747861635,1,0
fixed_transform_add_only,2616,2021-11-05,2021-11-15,0.0110015182343039,2021,2021-09-30,learned_vol_interaction,20260910,0.7585537263059954,0.7585537263059954,1,1
fixed_transform_add_only,2621,2021-11-12,2021-11-22,0.0002002284238551,2021,2021-09-30,learned_vol_interaction,20260910,0.794477478785752,0.794477478785752,1,1
fixed_transform_add_only,2626,2021-11-19,2021-11-29,-0.0153981603100059,2021,2021-09-30,learned_vol_interaction,20260910,0.824841373790194,0.824841373790194,1,0
fixed_transform_add_only,2631,2021-11-26,2021-12-06,0.0185518287306458,2021,2021-09-30,learned_vol_interaction,20260910,0.7716774378933531,0.7716774378933531,1,1
fixed_transform_add_only,2636,2021-12-03,2021-12-13,0.0367843110096284,2021,2021-09-30,learned_vol_interaction,20260910,0.7626349197385476,0.7626349197385476,1,1
fixed_transform_add_only,2641,2021-12-10,2021-12-20,-0.0304615698955996,2021,2021-09-30,learned_vol_interaction,20260910,0.6744378211072938,0.6744378211072938,1,0
fixed_transform_add_only,2646,2021-12-17,2021-12-27,-0.0034083287233763,2021,2021-09-30,learned_vol_interaction,20260910,0.7425035781773521,0.7425035781773521,1,0
fixed_transform_add_only,2651,2021-12-24,2022-01-04,0.0080985736506613,2021,2021-09-30,learned_vol_interaction,20260910,0.8054451174671989,0.8054451174671989,1,1
fixed_transform_add_only,2656,2021-12-31,2022-01-10,-0.0293970528320001,2021,2021-09-30,learned_vol_interaction,20260910,0.7820289746311269,0.7820289746311269,1,0
fixed_transform_add_only,2596,2021-10-08,2021-10-18,-0.0038006269617851,2021,2021-09-30,learned_order_extension,20260910,0.7392829343037757,0.7392829343037757,1,0
fixed_transform_add_only,2601,2021-10-15,2021-10-25,0.0037358989621147,2021,2021-09-30,learned_order_extension,20260910,0.7451053638835194,0.7451053638835194,1,1
fixed_transform_add_only,2606,2021-10-22,2021-11-01,-0.0127041632091318,2021,2021-09-30,learned_order_extension,20260910,0.6124531098750764,0.6124531098750764,1,0
fixed_transform_add_only,2611,2021-10-29,2021-11-08,-0.0075807737801166,2021,2021-09-30,learned_order_extension,20260910,0.6577089990802305,0.6577089990802305,1,0
fixed_transform_add_only,2616,2021-11-05,2021-11-15,0.0110015182343039,2021,2021-09-30,learned_order_extension,20260910,0.7624573766948404,0.7624573766948404,1,1
fixed_transform_add_only,2621,2021-11-12,2021-11-22,0.0002002284238551,2021,2021-09-30,learned_order_extension,20260910,0.803556501765589,0.803556501765589,1,1
fixed_transform_add_only,2626,2021-11-19,2021-11-29,-0.0153981603100059,2021,2021-09-30,learned_order_extension,20260910,0.8356825574789364,0.8356825574789364,1,0
fixed_transform_add_only,2631,2021-11-26,2021-12-06,0.0185518287306458,2021,2021-09-30,learned_order_extension,20260910,0.7775766239897837,0.7775766239897837,1,1
fixed_transform_add_only,2636,2021-12-03,2021-12-13,0.0367843110096284,2021,2021-09-30,learned_order_extension,20260910,0.766761872734524,0.766761872734524,1,1
fixed_transform_add_only,2641,2021-12-10,2021-12-20,-0.0304615698955996,2021,2021-09-30,learned_order_extension,20260910,0.6774082620736412,0.6774082620736412,1,0
fixed_transform_add_only,2646,2021-12-17,2021-12-27,-0.0034083287233763,2021,2021-09-30,learned_order_extension,20260910,0.7510836424774012,0.7510836424774012,1,0
fixed_transform_add_only,2651,2021-12-24,2022-01-04,0.0080985736506613,2021,2021-09-30,learned_order_extension,20260910,0.8108854057370632,0.8108854057370632,1,1
fixed_transform_add_only,2656,2021-12-31,2022-01-10,-0.0293970528320001,2021,2021-09-30,learned_order_extension,20260910,0.7882360715651741,0.7882360715651741,1,0
fixed_transform_add_only,2596,2021-10-08,2021-10-18,-0.0038006269617851,2021,2021-09-30,learned_order_offset,20260910,0.7393216510409055,0.7393216510409055,1,0
fixed_transform_add_only,2601,2021-10-15,2021-10-25,0.0037358989621147,2021,2021-09-30,learned_order_offset,20260910,0.7450983330468383,0.7450983330468383,1,1
fixed_transform_add_only,2606,2021-10-22,2021-11-01,-0.0127041632091318,2021,2021-09-30,learned_order_offset,20260910,0.6122558876488464,0.6122558876488464,1,0
fixed_transform_add_only,2611,2021-10-29,2021-11-08,-0.0075807737801166,2021,2021-09-30,learned_order_offset,20260910,0.6573387183845996,0.6573387183845996,1,0
fixed_transform_add_only,2616,2021-11-05,2021-11-15,0.0110015182343039,2021,2021-09-30,learned_order_offset,20260910,0.7620641498028055,0.7620641498028055,1,1
fixed_transform_add_only,2621,2021-11-12,2021-11-22,0.0002002284238551,2021,2021-09-30,learned_order_offset,20260910,0.8034084819837822,0.8034084819837822,1,1
fixed_transform_add_only,2626,2021-11-19,2021-11-29,-0.0153981603100059,2021,2021-09-30,learned_order_offset,20260910,0.8359618269863529,0.8359618269863529,1,0
fixed_transform_add_only,2631,2021-11-26,2021-12-06,0.0185518287306458,2021,2021-09-30,learned_order_offset,20260910,0.7774590987667234,0.7774590987667234,1,1
fixed_transform_add_only,2636,2021-12-03,2021-12-13,0.0367843110096284,2021,2021-09-30,learned_order_offset,20260910,0.766611309671693,0.766611309671693,1,1
fixed_transform_add_only,2641,2021-12-10,2021-12-20,-0.0304615698955996,2021,2021-09-30,learned_order_offset,20260910,0.6774059084465286,0.6774059084465286,1,0
fixed_transform_add_only,2646,2021-12-17,2021-12-27,-0.0034083287233763,2021,2021-09-30,learned_order_offset,20260910,0.7512568433094536,0.7512568433094536,1,0
fixed_transform_add_only,2651,2021-12-24,2022-01-04,0.0080985736506613,2021,2021-09-30,learned_order_offset,20260910,0.8109614590913503,0.8109614590913503,1,1
fixed_transform_add_only,2656,2021-12-31,2022-01-10,-0.0293970528320001,2021,2021-09-30,learned_order_offset,20260910,0.7882768988438796,0.7882768988438796,1,0
fixed_transform_add_only,2596,2021-10-08,2021-10-18,-0.0038006269617851,2021,2021-09-30,learned_market,20260911,0.8533448330356745,0.8533448330356745,1,0
fixed_transform_add_only,2601,2021-10-15,2021-10-25,0.0037358989621147,2021,2021-09-30,learned_market,20260911,0.7621643972798573,0.7621643972798573,1,1
fixed_transform_add_only,2606,2021-10-22,2021-11-01,-0.0127041632091318,2021,2021-09-30,learned_market,20260911,0.5862802948014223,0.5862802948014223,1,0
fixed_transform_add_only,2611,2021-10-29,2021-11-08,-0.0075807737801166,2021,2021-09-30,learned_market,20260911,0.7974372475061791,0.7974372475061791,1,0
fixed_transform_add_only,2616,2021-11-05,2021-11-15,0.0110015182343039,2021,2021-09-30,learned_market,20260911,0.7558940824862606,0.7558940824862606,1,1
fixed_transform_add_only,2621,2021-11-12,2021-11-22,0.0002002284238551,2021,2021-09-30,learned_market,20260911,0.809360371227006,0.809360371227006,1,1
fixed_transform_add_only,2626,2021-11-19,2021-11-29,-0.0153981603100059,2021,2021-09-30,learned_market,20260911,0.7241229083873161,0.7241229083873161,1,0
fixed_transform_add_only,2631,2021-11-26,2021-12-06,0.0185518287306458,2021,2021-09-30,learned_market,20260911,0.8326207864263546,0.8326207864263546,1,1
fixed_transform_add_only,2636,2021-12-03,2021-12-13,0.0367843110096284,2021,2021-09-30,learned_market,20260911,0.6101172563430508,0.6101172563430508,1,1
fixed_transform_add_only,2641,2021-12-10,2021-12-20,-0.0304615698955996,2021,2021-09-30,learned_market,20260911,0.6201422483662037,0.6201422483662037,1,0
fixed_transform_add_only,2646,2021-12-17,2021-12-27,-0.0034083287233763,2021,2021-09-30,learned_market,20260911,0.7497629753964022,0.7497629753964022,1,0
fixed_transform_add_only,2651,2021-12-24,2022-01-04,0.0080985736506613,2021,2021-09-30,learned_market,20260911,0.6767684140845914,0.6767684140845914,1,1
fixed_transform_add_only,2656,2021-12-31,2022-01-10,-0.0293970528320001,2021,2021-09-30,learned_market,20260911,0.7411047517664248,0.7411047517664248,1,0
fixed_transform_add_only,2596,2021-10-08,2021-10-18,-0.0038006269617851,2021,2021-09-30,learned_vol_interaction,20260911,0.845212303244091,0.845212303244091,1,0
fixed_transform_add_only,2601,2021-10-15,2021-10-25,0.0037358989621147,2021,2021-09-30,learned_vol_interaction,20260911,0.7552963752125731,0.7552963752125731,1,1
fixed_transform_add_only,2606,2021-10-22,2021-11-01,-0.0127041632091318,2021,2021-09-30,learned_vol_interaction,20260911,0.5857959852730882,0.5857959852730882,1,0
fixed_transform_add_only,2611,2021-10-29,2021-11-08,-0.0075807737801166,2021,2021-09-30,learned_vol_interaction,20260911,0.7815525065522786,0.7815525065522786,1,0
fixed_transform_add_only,2616,2021-11-05,2021-11-15,0.0110015182343039,2021,2021-09-30,learned_vol_interaction,20260911,0.7434764695589353,0.7434764695589353,1,1
fixed_transform_add_only,2621,2021-11-12,2021-11-22,0.0002002284238551,2021,2021-09-30,learned_vol_interaction,20260911,0.7964046106619442,0.7964046106619442,1,1
fixed_transform_add_only,2626,2021-11-19,2021-11-29,-0.0153981603100059,2021,2021-09-30,learned_vol_interaction,20260911,0.7244218845847987,0.7244218845847987,1,0
fixed_transform_add_only,2631,2021-11-26,2021-12-06,0.0185518287306458,2021,2021-09-30,learned_vol_interaction,20260911,0.8131495931973648,0.8131495931973648,1,1
fixed_transform_add_only,2636,2021-12-03,2021-12-13,0.0367843110096284,2021,2021-09-30,learned_vol_interaction,20260911,0.5952722281710879,0.5952722281710879,1,1
fixed_transform_add_only,2641,2021-12-10,2021-12-20,-0.0304615698955996,2021,2021-09-30,learned_vol_interaction,20260911,0.6054518969873345,0.6054518969873345,1,0
fixed_transform_add_only,2646,2021-12-17,2021-12-27,-0.0034083287233763,2021,2021-09-30,learned_vol_interaction,20260911,0.7347127540580687,0.7347127540580687,1,0
fixed_transform_add_only,2651,2021-12-24,2022-01-04,0.0080985736506613,2021,2021-09-30,learned_vol_interaction,20260911,0.6728481185958252,0.6728481185958252,1,1
fixed_transform_add_only,2656,2021-12-31,2022-01-10,-0.0293970528320001,2021,2021-09-30,learned_vol_interaction,20260911,0.7291273412312921,0.7291273412312921,1,0
fixed_transform_add_only,2596,2021-10-08,2021-10-18,-0.0038006269617851,2021,2021-09-30,learned_order_extension,20260911,0.8651449054977193,0.8651449054977193,1,0
fixed_transform_add_only,2601,2021-10-15,2021-10-25,0.0037358989621147,2021,2021-09-30,learned_order_extension,20260911,0.7803581603930811,0.7803581603930811,1,1
fixed_transform_add_only,2606,2021-10-22,2021-11-01,-0.0127041632091318,2021,2021-09-30,learned_order_extension,20260911,0.5916798348223956,0.5916798348223956,1,0
fixed_transform_add_only,2611,2021-10-29,2021-11-08,-0.0075807737801166,2021,2021-09-30,learned_order_extension,20260911,0.8141364958717469,0.8141364958717469,1,0
fixed_transform_add_only,2616,2021-11-05,2021-11-15,0.0110015182343039,2021,2021-09-30,learned_order_extension,20260911,0.7659629075949418,0.7659629075949418,1,1
fixed_transform_add_only,2621,2021-11-12,2021-11-22,0.0002002284238551,2021,2021-09-30,learned_order_extension,20260911,0.834047920390503,0.834047920390503,1,1
fixed_transform_add_only,2626,2021-11-19,2021-11-29,-0.0153981603100059,2021,2021-09-30,learned_order_extension,20260911,0.7514431420827963,0.7514431420827963,1,0
fixed_transform_add_only,2631,2021-11-26,2021-12-06,0.0185518287306458,2021,2021-09-30,learned_order_extension,20260911,0.8480034376175024,0.8480034376175024,1,1
fixed_transform_add_only,2636,2021-12-03,2021-12-13,0.0367843110096284,2021,2021-09-30,learned_order_extension,20260911,0.6074400797077113,0.6074400797077113,1,1
fixed_transform_add_only,2641,2021-12-10,2021-12-20,-0.0304615698955996,2021,2021-09-30,learned_order_extension,20260911,0.6215236848044223,0.6215236848044223,1,0
fixed_transform_add_only,2646,2021-12-17,2021-12-27,-0.0034083287233763,2021,2021-09-30,learned_order_extension,20260911,0.7743021932186835,0.7743021932186835,1,0
fixed_transform_add_only,2651,2021-12-24,2022-01-04,0.0080985736506613,2021,2021-09-30,learned_order_extension,20260911,0.6769394253252301,0.6769394253252301,1,1
fixed_transform_add_only,2656,2021-12-31,2022-01-10,-0.0293970528320001,2021,2021-09-30,learned_order_extension,20260911,0.7530376791204257,0.7530376791204257,1,0
fixed_transform_add_only,2596,2021-10-08,2021-10-18,-0.0038006269617851,2021,2021-09-30,learned_order_offset,20260911,0.866288018331085,0.866288018331085,1,0
fixed_transform_add_only,2601,2021-10-15,2021-10-25,0.0037358989621147,2021,2021-09-30,learned_order_offset,20260911,0.7812790937811587,0.7812790937811587,1,1
fixed_transform_add_only,2606,2021-10-22,2021-11-01,-0.0127041632091318,2021,2021-09-30,learned_order_offset,20260911,0.5923485800630475,0.5923485800630475,1,0
fixed_transform_add_only,2611,2021-10-29,2021-11-08,-0.0075807737801166,2021,2021-09-30,learned_order_offset,20260911,0.815130958499323,0.815130958499323,1,0
fixed_transform_add_only,2616,2021-11-05,2021-11-15,0.0110015182343039,2021,2021-09-30,learned_order_offset,20260911,0.7660299432566448,0.7660299432566448,1,1
fixed_transform_add_only,2621,2021-11-12,2021-11-22,0.0002002284238551,2021,2021-09-30,learned_order_offset,20260911,0.8345634455977871,0.8345634455977871,1,1
fixed_transform_add_only,2626,2021-11-19,2021-11-29,-0.0153981603100059,2021,2021-09-30,learned_order_offset,20260911,0.7521340487502278,0.7521340487502278,1,0
fixed_transform_add_only,2631,2021-11-26,2021-12-06,0.0185518287306458,2021,2021-09-30,learned_order_offset,20260911,0.8485428436915428,0.8485428436915428,1,1
fixed_transform_add_only,2636,2021-12-03,2021-12-13,0.0367843110096284,2021,2021-09-30,learned_order_offset,20260911,0.6075661718541945,0.6075661718541945,1,1
fixed_transform_add_only,2641,2021-12-10,2021-12-20,-0.0304615698955996,2021,2021-09-30,learned_order_offset,20260911,0.6215281203716339,0.6215281203716339,1,0
fixed_transform_add_only,2646,2021-12-17,2021-12-27,-0.0034083287233763,2021,2021-09-30,learned_order_offset,20260911,0.7749700076414534,0.7749700076414534,1,0
fixed_transform_add_only,2651,2021-12-24,2022-01-04,0.0080985736506613,2021,2021-09-30,learned_order_offset,20260911,0.6768211836826099,0.6768211836826099,1,1
fixed_transform_add_only,2656,2021-12-31,2022-01-10,-0.0293970528320001,2021,2021-09-30,learned_order_offset,20260911,0.7542577688527603,0.7542577688527603,1,0
fixed_transform_add_only,2596,2021-10-08,2021-10-18,-0.0038006269617851,2021,2021-09-30,learned_market,20260912,0.7023503194106815,0.7023503194106815,1,0
fixed_transform_add_only,2601,2021-10-15,2021-10-25,0.0037358989621147,2021,2021-09-30,learned_market,20260912,0.5465798510112646,0.5465798510112646,1,1
fixed_transform_add_only,2606,2021-10-22,2021-11-01,-0.0127041632091318,2021,2021-09-30,learned_market,20260912,0.608674690051624,0.608674690051624,1,0
fixed_transform_add_only,2611,2021-10-29,2021-11-08,-0.0075807737801166,2021,2021-09-30,learned_market,20260912,0.4910469426230778,0.4910469426230778,0,0
fixed_transform_add_only,2616,2021-11-05,2021-11-15,0.0110015182343039,2021,2021-09-30,learned_market,20260912,0.4730641219044341,0.4730641219044341,0,1
fixed_transform_add_only,2621,2021-11-12,2021-11-22,0.0002002284238551,2021,2021-09-30,learned_market,20260912,0.5855134562595129,0.5855134562595129,1,1
fixed_transform_add_only,2626,2021-11-19,2021-11-29,-0.0153981603100059,2021,2021-09-30,learned_market,20260912,0.7063501341693301,0.7063501341693301,1,0
fixed_transform_add_only,2631,2021-11-26,2021-12-06,0.0185518287306458,2021,2021-09-30,learned_market,20260912,0.44497431761385875,0.44497431761385875,0,1
fixed_transform_add_only,2636,2021-12-03,2021-12-13,0.0367843110096284,2021,2021-09-30,learned_market,20260912,0.44756081392922026,0.44756081392922026,0,1
fixed_transform_add_only,2641,2021-12-10,2021-12-20,-0.0304615698955996,2021,2021-09-30,learned_market,20260912,0.5442289883426192,0.5442289883426192,1,0
fixed_transform_add_only,2646,2021-12-17,2021-12-27,-0.0034083287233763,2021,2021-09-30,learned_market,20260912,0.637702086413818,0.637702086413818,1,0
fixed_transform_add_only,2651,2021-12-24,2022-01-04,0.0080985736506613,2021,2021-09-30,learned_market,20260912,0.41257188501509157,0.41257188501509157,0,1
fixed_transform_add_only,2656,2021-12-31,2022-01-10,-0.0293970528320001,2021,2021-09-30,learned_market,20260912,0.4922608189989519,0.4922608189989519,0,0
fixed_transform_add_only,2596,2021-10-08,2021-10-18,-0.0038006269617851,2021,2021-09-30,learned_vol_interaction,20260912,0.704145442517162,0.704145442517162,1,0
fixed_transform_add_only,2601,2021-10-15,2021-10-25,0.0037358989621147,2021,2021-09-30,learned_vol_interaction,20260912,0.5439242742066718,0.5439242742066718,1,1
fixed_transform_add_only,2606,2021-10-22,2021-11-01,-0.0127041632091318,2021,2021-09-30,learned_vol_interaction,20260912,0.6119327294371785,0.6119327294371785,1,0
fixed_transform_add_only,2611,2021-10-29,2021-11-08,-0.0075807737801166,2021,2021-09-30,learned_vol_interaction,20260912,0.48417519090824657,0.48417519090824657,0,0
fixed_transform_add_only,2616,2021-11-05,2021-11-15,0.0110015182343039,2021,2021-09-30,learned_vol_interaction,20260912,0.46459032299846725,0.46459032299846725,0,1
fixed_transform_add_only,2621,2021-11-12,2021-11-22,0.0002002284238551,2021,2021-09-30,learned_vol_interaction,20260912,0.5875012515029168,0.5875012515029168,1,1
fixed_transform_add_only,2626,2021-11-19,2021-11-29,-0.0153981603100059,2021,2021-09-30,learned_vol_interaction,20260912,0.708201494330638,0.708201494330638,1,0
fixed_transform_add_only,2631,2021-11-26,2021-12-06,0.0185518287306458,2021,2021-09-30,learned_vol_interaction,20260912,0.4352823053234967,0.4352823053234967,0,1
fixed_transform_add_only,2636,2021-12-03,2021-12-13,0.0367843110096284,2021,2021-09-30,learned_vol_interaction,20260912,0.43208352176023074,0.43208352176023074,0,1
fixed_transform_add_only,2641,2021-12-10,2021-12-20,-0.0304615698955996,2021,2021-09-30,learned_vol_interaction,20260912,0.5440874369178802,0.5440874369178802,1,0
fixed_transform_add_only,2646,2021-12-17,2021-12-27,-0.0034083287233763,2021,2021-09-30,learned_vol_interaction,20260912,0.6363230578876331,0.6363230578876331,1,0
fixed_transform_add_only,2651,2021-12-24,2022-01-04,0.0080985736506613,2021,2021-09-30,learned_vol_interaction,20260912,0.4056604012555929,0.4056604012555929,0,1
fixed_transform_add_only,2656,2021-12-31,2022-01-10,-0.0293970528320001,2021,2021-09-30,learned_vol_interaction,20260912,0.48947631934160923,0.48947631934160923,0,0
fixed_transform_add_only,2596,2021-10-08,2021-10-18,-0.0038006269617851,2021,2021-09-30,learned_order_extension,20260912,0.7048584907272333,0.7048584907272333,1,0
fixed_transform_add_only,2601,2021-10-15,2021-10-25,0.0037358989621147,2021,2021-09-30,learned_order_extension,20260912,0.5428165867755703,0.5428165867755703,1,1
fixed_transform_add_only,2606,2021-10-22,2021-11-01,-0.0127041632091318,2021,2021-09-30,learned_order_extension,20260912,0.6120220015341126,0.6120220015341126,1,0
fixed_transform_add_only,2611,2021-10-29,2021-11-08,-0.0075807737801166,2021,2021-09-30,learned_order_extension,20260912,0.48279177962853265,0.48279177962853265,0,0
fixed_transform_add_only,2616,2021-11-05,2021-11-15,0.0110015182343039,2021,2021-09-30,learned_order_extension,20260912,0.4624929731716079,0.4624929731716079,0,1
fixed_transform_add_only,2621,2021-11-12,2021-11-22,0.0002002284238551,2021,2021-09-30,learned_order_extension,20260912,0.5879630992562769,0.5879630992562769,1,1
fixed_transform_add_only,2626,2021-11-19,2021-11-29,-0.0153981603100059,2021,2021-09-30,learned_order_extension,20260912,0.7097443755461376,0.7097443755461376,1,0
fixed_transform_add_only,2631,2021-11-26,2021-12-06,0.0185518287306458,2021,2021-09-30,learned_order_extension,20260912,0.4308722806972994,0.4308722806972994,0,1
fixed_transform_add_only,2636,2021-12-03,2021-12-13,0.0367843110096284,2021,2021-09-30,learned_order_extension,20260912,0.4295361465971193,0.4295361465971193,0,1
fixed_transform_add_only,2641,2021-12-10,2021-12-20,-0.0304615698955996,2021,2021-09-30,learned_order_extension,20260912,0.5443845908959951,0.5443845908959951,1,0
fixed_transform_add_only,2646,2021-12-17,2021-12-27,-0.0034083287233763,2021,2021-09-30,learned_order_extension,20260912,0.6355668490345564,0.6355668490345564,1,0
fixed_transform_add_only,2651,2021-12-24,2022-01-04,0.0080985736506613,2021,2021-09-30,learned_order_extension,20260912,0.4030919439622722,0.4030919439622722,0,1
fixed_transform_add_only,2656,2021-12-31,2022-01-10,-0.0293970528320001,2021,2021-09-30,learned_order_extension,20260912,0.49031074942553193,0.49031074942553193,0,0
fixed_transform_add_only,2596,2021-10-08,2021-10-18,-0.0038006269617851,2021,2021-09-30,learned_order_offset,20260912,0.7049208399169893,0.7049208399169893,1,0
fixed_transform_add_only,2601,2021-10-15,2021-10-25,0.0037358989621147,2021,2021-09-30,learned_order_offset,20260912,0.5426363138943343,0.5426363138943343,1,1
fixed_transform_add_only,2606,2021-10-22,2021-11-01,-0.0127041632091318,2021,2021-09-30,learned_order_offset,20260912,0.6119192586929975,0.6119192586929975,1,0
fixed_transform_add_only,2611,2021-10-29,2021-11-08,-0.0075807737801166,2021,2021-09-30,learned_order_offset,20260912,0.4827914240938936,0.4827914240938936,0,0
fixed_transform_add_only,2616,2021-11-05,2021-11-15,0.0110015182343039,2021,2021-09-30,learned_order_offset,20260912,0.46225069219162934,0.46225069219162934,0,1
fixed_transform_add_only,2621,2021-11-12,2021-11-22,0.0002002284238551,2021,2021-09-30,learned_order_offset,20260912,0.5876201177984599,0.5876201177984599,1,1
fixed_transform_add_only,2626,2021-11-19,2021-11-29,-0.0153981603100059,2021,2021-09-30,learned_order_offset,20260912,0.7095919269610926,0.7095919269610926,1,0
fixed_transform_add_only,2631,2021-11-26,2021-12-06,0.0185518287306458,2021,2021-09-30,learned_order_offset,20260912,0.430686180245192,0.430686180245192,0,1
fixed_transform_add_only,2636,2021-12-03,2021-12-13,0.0367843110096284,2021,2021-09-30,learned_order_offset,20260912,0.4293015497348042,0.4293015497348042,0,1
fixed_transform_add_only,2641,2021-12-10,2021-12-20,-0.0304615698955996,2021,2021-09-30,learned_order_offset,20260912,0.5441820157140708,0.5441820157140708,1,0
fixed_transform_add_only,2646,2021-12-17,2021-12-27,-0.0034083287233763,2021,2021-09-30,learned_order_offset,20260912,0.6352040823251814,0.6352040823251814,1,0
fixed_transform_add_only,2651,2021-12-24,2022-01-04,0.0080985736506613,2021,2021-09-30,learned_order_offset,20260912,0.4027083421254945,0.4027083421254945,0,1
fixed_transform_add_only,2656,2021-12-31,2022-01-10,-0.0293970528320001,2021,2021-09-30,learned_order_offset,20260912,0.49004134403837335,0.49004134403837335,0,0
fixed_transform_add_only,2596,2021-10-08,2021-10-18,-0.0038006269617851,2021,2021-09-30,training_frequency,-1,0.5480631276901005,0.5480631276901005,1,0
fixed_transform_add_only,2601,2021-10-15,2021-10-25,0.0037358989621147,2021,2021-09-30,training_frequency,-1,0.5480631276901005,0.5480631276901005,1,1
fixed_transform_add_only,2606,2021-10-22,2021-11-01,-0.0127041632091318,2021,2021-09-30,training_frequency,-1,0.5480631276901005,0.5480631276901005,1,0
fixed_transform_add_only,2611,2021-10-29,2021-11-08,-0.0075807737801166,2021,2021-09-30,training_frequency,-1,0.5480631276901005,0.5480631276901005,1,0
fixed_transform_add_only,2616,2021-11-05,2021-11-15,0.0110015182343039,2021,2021-09-30,training_frequency,-1,0.5480631276901005,0.5480631276901005,1,1
fixed_transform_add_only,2621,2021-11-12,2021-11-22,0.0002002284238551,2021,2021-09-30,training_frequency,-1,0.5480631276901005,0.5480631276901005,1,1
fixed_transform_add_only,2626,2021-11-19,2021-11-29,-0.0153981603100059,2021,2021-09-30,training_frequency,-1,0.5480631276901005,0.5480631276901005,1,0
fixed_transform_add_only,2631,2021-11-26,2021-12-06,0.0185518287306458,2021,2021-09-30,training_frequency,-1,0.5480631276901005,0.5480631276901005,1,1
fixed_transform_add_only,2636,2021-12-03,2021-12-13,0.0367843110096284,2021,2021-09-30,training_frequency,-1,0.5480631276901005,0.5480631276901005,1,1
fixed_transform_add_only,2641,2021-12-10,2021-12-20,-0.0304615698955996,2021,2021-09-30,training_frequency,-1,0.5480631276901005,0.5480631276901005,1,0
fixed_transform_add_only,2646,2021-12-17,2021-12-27,-0.0034083287233763,2021,2021-09-30,training_frequency,-1,0.5480631276901005,0.5480631276901005,1,0
fixed_transform_add_only,2651,2021-12-24,2022-01-04,0.0080985736506613,2021,2021-09-30,training_frequency,-1,0.5480631276901005,0.5480631276901005,1,1
fixed_transform_add_only,2656,2021-12-31,2022-01-10,-0.0293970528320001,2021,2021-09-30,training_frequency,-1,0.5480631276901005,0.5480631276901005,1,0
fixed_transform_add_only,2660,2022-01-07,2022-01-17,-0.0173453887283024,2022,2021-12-31,learned_market,20260910,0.5688001187262542,0.5688001187262542,1,0
fixed_transform_add_only,2665,2022-01-14,2022-01-24,0.0053248631776616,2022,2021-12-31,learned_market,20260910,0.6536697221556952,0.6536697221556952,1,1
fixed_transform_add_only,2670,2022-01-21,2022-02-07,-0.0242661876254222,2022,2021-12-31,learned_market,20260910,0.667180452286777,0.667180452286777,1,0
fixed_transform_add_only,2675,2022-01-28,2022-02-14,-0.0127539031341488,2022,2021-12-31,learned_market,20260910,0.6821990081341186,0.6821990081341186,1,0
fixed_transform_add_only,2680,2022-02-11,2022-02-21,0.0145498774954033,2022,2021-12-31,learned_market,20260910,0.6685932622029157,0.6685932622029157,1,1
fixed_transform_add_only,2685,2022-02-18,2022-02-28,-0.0177161244498015,2022,2021-12-31,learned_market,20260910,0.721020181747073,0.721020181747073,1,0
fixed_transform_add_only,2690,2022-02-25,2022-03-07,-0.0221791776043331,2022,2021-12-31,learned_market,20260910,0.6720256213340763,0.6720256213340763,1,0
fixed_transform_add_only,2695,2022-03-04,2022-03-14,-0.0480378799422749,2022,2021-12-31,learned_market,20260910,0.6491632424244927,0.6491632424244927,1,0
fixed_transform_add_only,2700,2022-03-11,2022-03-21,0.007530336734814,2022,2021-12-31,learned_market,20260910,0.7072260560701839,0.7072260560701839,1,1
fixed_transform_add_only,2705,2022-03-18,2022-03-28,-0.0353493110038457,2022,2021-12-31,learned_market,20260910,0.680562718896786,0.680562718896786,1,0
fixed_transform_add_only,2710,2022-03-25,2022-04-06,0.0314834190717003,2022,2021-12-31,learned_market,20260910,0.7149297850291989,0.7149297850291989,1,1
fixed_transform_add_only,2660,2022-01-07,2022-01-17,-0.0173453887283024,2022,2021-12-31,learned_vol_interaction,20260910,0.5831076461801695,0.5831076461801695,1,0
fixed_transform_add_only,2665,2022-01-14,2022-01-24,0.0053248631776616,2022,2021-12-31,learned_vol_interaction,20260910,0.6744765119030697,0.6744765119030697,1,1
fixed_transform_add_only,2670,2022-01-21,2022-02-07,-0.0242661876254222,2022,2021-12-31,learned_vol_interaction,20260910,0.6652743592454685,0.6652743592454685,1,0
fixed_transform_add_only,2675,2022-01-28,2022-02-14,-0.0127539031341488,2022,2021-12-31,learned_vol_interaction,20260910,0.6916788990216658,0.6916788990216658,1,0
fixed_transform_add_only,2680,2022-02-11,2022-02-21,0.0145498774954033,2022,2021-12-31,learned_vol_interaction,20260910,0.6656475068815167,0.6656475068815167,1,1
fixed_transform_add_only,2685,2022-02-18,2022-02-28,-0.0177161244498015,2022,2021-12-31,learned_vol_interaction,20260910,0.7192657526415306,0.7192657526415306,1,0
fixed_transform_add_only,2690,2022-02-25,2022-03-07,-0.0221791776043331,2022,2021-12-31,learned_vol_interaction,20260910,0.665128795190077,0.665128795190077,1,0
fixed_transform_add_only,2695,2022-03-04,2022-03-14,-0.0480378799422749,2022,2021-12-31,learned_vol_interaction,20260910,0.6570221213989423,0.6570221213989423,1,0
fixed_transform_add_only,2700,2022-03-11,2022-03-21,0.007530336734814,2022,2021-12-31,learned_vol_interaction,20260910,0.7032750021899432,0.7032750021899432,1,1
fixed_transform_add_only,2705,2022-03-18,2022-03-28,-0.0353493110038457,2022,2021-12-31,learned_vol_interaction,20260910,0.6524086529307518,0.6524086529307518,1,0
fixed_transform_add_only,2710,2022-03-25,2022-04-06,0.0314834190717003,2022,2021-12-31,learned_vol_interaction,20260910,0.6942468524177501,0.6942468524177501,1,1
fixed_transform_add_only,2660,2022-01-07,2022-01-17,-0.0173453887283024,2022,2021-12-31,learned_order_extension,20260910,0.566864392886939,0.566864392886939,1,0
fixed_transform_add_only,2665,2022-01-14,2022-01-24,0.0053248631776616,2022,2021-12-31,learned_order_extension,20260910,0.6690763940918765,0.6690763940918765,1,1
fixed_transform_add_only,2670,2022-01-21,2022-02-07,-0.0242661876254222,2022,2021-12-31,learned_order_extension,20260910,0.6566842946116621,0.6566842946116621,1,0
fixed_transform_add_only,2675,2022-01-28,2022-02-14,-0.0127539031341488,2022,2021-12-31,learned_order_extension,20260910,0.668769824144909,0.668769824144909,1,0
fixed_transform_add_only,2680,2022-02-11,2022-02-21,0.0145498774954033,2022,2021-12-31,learned_order_extension,20260910,0.6554002636047295,0.6554002636047295,1,1
fixed_transform_add_only,2685,2022-02-18,2022-02-28,-0.0177161244498015,2022,2021-12-31,learned_order_extension,20260910,0.7136098531605942,0.7136098531605942,1,0
fixed_transform_add_only,2690,2022-02-25,2022-03-07,-0.0221791776043331,2022,2021-12-31,learned_order_extension,20260910,0.6487731912125562,0.6487731912125562,1,0
fixed_transform_add_only,2695,2022-03-04,2022-03-14,-0.0480378799422749,2022,2021-12-31,learned_order_extension,20260910,0.6318792296674466,0.6318792296674466,1,0
fixed_transform_add_only,2700,2022-03-11,2022-03-21,0.007530336734814,2022,2021-12-31,learned_order_extension,20260910,0.6914869969738268,0.6914869969738268,1,1
fixed_transform_add_only,2705,2022-03-18,2022-03-28,-0.0353493110038457,2022,2021-12-31,learned_order_extension,20260910,0.6587542387705517,0.6587542387705517,1,0
fixed_transform_add_only,2710,2022-03-25,2022-04-06,0.0314834190717003,2022,2021-12-31,learned_order_extension,20260910,0.6972076913228429,0.6972076913228429,1,1
fixed_transform_add_only,2660,2022-01-07,2022-01-17,-0.0173453887283024,2022,2021-12-31,learned_order_offset,20260910,0.5666647543526758,0.5666647543526758,1,0
fixed_transform_add_only,2665,2022-01-14,2022-01-24,0.0053248631776616,2022,2021-12-31,learned_order_offset,20260910,0.6685371525240916,0.6685371525240916,1,1
fixed_transform_add_only,2670,2022-01-21,2022-02-07,-0.0242661876254222,2022,2021-12-31,learned_order_offset,20260910,0.6567323025522784,0.6567323025522784,1,0
fixed_transform_add_only,2675,2022-01-28,2022-02-14,-0.0127539031341488,2022,2021-12-31,learned_order_offset,20260910,0.6683313210695451,0.6683313210695451,1,0
fixed_transform_add_only,2680,2022-02-11,2022-02-21,0.0145498774954033,2022,2021-12-31,learned_order_offset,20260910,0.6551608348224088,0.6551608348224088,1,1
fixed_transform_add_only,2685,2022-02-18,2022-02-28,-0.0177161244498015,2022,2021-12-31,learned_order_offset,20260910,0.713244067556852,0.713244067556852,1,0
fixed_transform_add_only,2690,2022-02-25,2022-03-07,-0.0221791776043331,2022,2021-12-31,learned_order_offset,20260910,0.6484724441889236,0.6484724441889236,1,0
fixed_transform_add_only,2695,2022-03-04,2022-03-14,-0.0480378799422749,2022,2021-12-31,learned_order_offset,20260910,0.6314504954417829,0.6314504954417829,1,0
fixed_transform_add_only,2700,2022-03-11,2022-03-21,0.007530336734814,2022,2021-12-31,learned_order_offset,20260910,0.691194443082509,0.691194443082509,1,1
fixed_transform_add_only,2705,2022-03-18,2022-03-28,-0.0353493110038457,2022,2021-12-31,learned_order_offset,20260910,0.6583803934930407,0.6583803934930407,1,0
fixed_transform_add_only,2710,2022-03-25,2022-04-06,0.0314834190717003,2022,2021-12-31,learned_order_offset,20260910,0.696855601595334,0.696855601595334,1,1
fixed_transform_add_only,2660,2022-01-07,2022-01-17,-0.0173453887283024,2022,2021-12-31,learned_market,20260911,0.7294539059117436,0.7294539059117436,1,0
fixed_transform_add_only,2665,2022-01-14,2022-01-24,0.0053248631776616,2022,2021-12-31,learned_market,20260911,0.8407883156513567,0.8407883156513567,1,1
fixed_transform_add_only,2670,2022-01-21,2022-02-07,-0.0242661876254222,2022,2021-12-31,learned_market,20260911,0.6706767764059957,0.6706767764059957,1,0
fixed_transform_add_only,2675,2022-01-28,2022-02-14,-0.0127539031341488,2022,2021-12-31,learned_market,20260911,0.49396242770649035,0.49396242770649035,0,0
fixed_transform_add_only,2680,2022-02-11,2022-02-21,0.0145498774954033,2022,2021-12-31,learned_market,20260911,0.6718433913580089,0.6718433913580089,1,1
fixed_transform_add_only,2685,2022-02-18,2022-02-28,-0.0177161244498015,2022,2021-12-31,learned_market,20260911,0.5840107527473801,0.5840107527473801,1,0
fixed_transform_add_only,2690,2022-02-25,2022-03-07,-0.0221791776043331,2022,2021-12-31,learned_market,20260911,0.59915482742086,0.59915482742086,1,0
fixed_transform_add_only,2695,2022-03-04,2022-03-14,-0.0480378799422749,2022,2021-12-31,learned_market,20260911,0.64751535974218,0.64751535974218,1,0
fixed_transform_add_only,2700,2022-03-11,2022-03-21,0.007530336734814,2022,2021-12-31,learned_market,20260911,0.6601858855959774,0.6601858855959774,1,1
fixed_transform_add_only,2705,2022-03-18,2022-03-28,-0.0353493110038457,2022,2021-12-31,learned_market,20260911,0.5676194322684474,0.5676194322684474,1,0
fixed_transform_add_only,2710,2022-03-25,2022-04-06,0.0314834190717003,2022,2021-12-31,learned_market,20260911,0.7331434681165004,0.7331434681165004,1,1
fixed_transform_add_only,2660,2022-01-07,2022-01-17,-0.0173453887283024,2022,2021-12-31,learned_vol_interaction,20260911,0.7282516722944598,0.7282516722944598,1,0
fixed_transform_add_only,2665,2022-01-14,2022-01-24,0.0053248631776616,2022,2021-12-31,learned_vol_interaction,20260911,0.8368717958263094,0.8368717958263094,1,1
fixed_transform_add_only,2670,2022-01-21,2022-02-07,-0.0242661876254222,2022,2021-12-31,learned_vol_interaction,20260911,0.669613908132946,0.669613908132946,1,0
fixed_transform_add_only,2675,2022-01-28,2022-02-14,-0.0127539031341488,2022,2021-12-31,learned_vol_interaction,20260911,0.49771804856397844,0.49771804856397844,0,0
fixed_transform_add_only,2680,2022-02-11,2022-02-21,0.0145498774954033,2022,2021-12-31,learned_vol_interaction,20260911,0.6694625883349451,0.6694625883349451,1,1
fixed_transform_add_only,2685,2022-02-18,2022-02-28,-0.0177161244498015,2022,2021-12-31,learned_vol_interaction,20260911,0.5867879452577756,0.5867879452577756,1,0
fixed_transform_add_only,2690,2022-02-25,2022-03-07,-0.0221791776043331,2022,2021-12-31,learned_vol_interaction,20260911,0.6015705830845076,0.6015705830845076,1,0
fixed_transform_add_only,2695,2022-03-04,2022-03-14,-0.0480378799422749,2022,2021-12-31,learned_vol_interaction,20260911,0.6516108393132726,0.6516108393132726,1,0
fixed_transform_add_only,2700,2022-03-11,2022-03-21,0.007530336734814,2022,2021-12-31,learned_vol_interaction,20260911,0.6653311044961694,0.6653311044961694,1,1
fixed_transform_add_only,2705,2022-03-18,2022-03-28,-0.0353493110038457,2022,2021-12-31,learned_vol_interaction,20260911,0.567250973729041,0.567250973729041,1,0
fixed_transform_add_only,2710,2022-03-25,2022-04-06,0.0314834190717003,2022,2021-12-31,learned_vol_interaction,20260911,0.7397988804119464,0.7397988804119464,1,1
fixed_transform_add_only,2660,2022-01-07,2022-01-17,-0.0173453887283024,2022,2021-12-31,learned_order_extension,20260911,0.7315565762281606,0.7315565762281606,1,0
fixed_transform_add_only,2665,2022-01-14,2022-01-24,0.0053248631776616,2022,2021-12-31,learned_order_extension,20260911,0.8308708352808971,0.8308708352808971,1,1
fixed_transform_add_only,2670,2022-01-21,2022-02-07,-0.0242661876254222,2022,2021-12-31,learned_order_extension,20260911,0.6953405747399578,0.6953405747399578,1,0
fixed_transform_add_only,2675,2022-01-28,2022-02-14,-0.0127539031341488,2022,2021-12-31,learned_order_extension,20260911,0.47011278529334005,0.47011278529334005,0,0
fixed_transform_add_only,2680,2022-02-11,2022-02-21,0.0145498774954033,2022,2021-12-31,learned_order_extension,20260911,0.6818533435255958,0.6818533435255958,1,1
fixed_transform_add_only,2685,2022-02-18,2022-02-28,-0.0177161244498015,2022,2021-12-31,learned_order_extension,20260911,0.5955146443753425,0.5955146443753425,1,0
fixed_transform_add_only,2690,2022-02-25,2022-03-07,-0.0221791776043331,2022,2021-12-31,learned_order_extension,20260911,0.609831009331646,0.609831009331646,1,0
fixed_transform_add_only,2695,2022-03-04,2022-03-14,-0.0480378799422749,2022,2021-12-31,learned_order_extension,20260911,0.6608881864634962,0.6608881864634962,1,0
fixed_transform_add_only,2700,2022-03-11,2022-03-21,0.007530336734814,2022,2021-12-31,learned_order_extension,20260911,0.667203580437131,0.667203580437131,1,1
fixed_transform_add_only,2705,2022-03-18,2022-03-28,-0.0353493110038457,2022,2021-12-31,learned_order_extension,20260911,0.5665388063290007,0.5665388063290007,1,0
fixed_transform_add_only,2710,2022-03-25,2022-04-06,0.0314834190717003,2022,2021-12-31,learned_order_extension,20260911,0.7315317518580224,0.7315317518580224,1,1
fixed_transform_add_only,2660,2022-01-07,2022-01-17,-0.0173453887283024,2022,2021-12-31,learned_order_offset,20260911,0.7303915631000331,0.7303915631000331,1,0
fixed_transform_add_only,2665,2022-01-14,2022-01-24,0.0053248631776616,2022,2021-12-31,learned_order_offset,20260911,0.8287429062191539,0.8287429062191539,1,1
fixed_transform_add_only,2670,2022-01-21,2022-02-07,-0.0242661876254222,2022,2021-12-31,learned_order_offset,20260911,0.6946014374965778,0.6946014374965778,1,0
fixed_transform_add_only,2675,2022-01-28,2022-02-14,-0.0127539031341488,2022,2021-12-31,learned_order_offset,20260911,0.47036190476294487,0.47036190476294487,0,0
fixed_transform_add_only,2680,2022-02-11,2022-02-21,0.0145498774954033,2022,2021-12-31,learned_order_offset,20260911,0.6802368405234962,0.6802368405234962,1,1
fixed_transform_add_only,2685,2022-02-18,2022-02-28,-0.0177161244498015,2022,2021-12-31,learned_order_offset,20260911,0.596796587857382,0.596796587857382,1,0
fixed_transform_add_only,2690,2022-02-25,2022-03-07,-0.0221791776043331,2022,2021-12-31,learned_order_offset,20260911,0.6102898323949857,0.6102898323949857,1,0
fixed_transform_add_only,2695,2022-03-04,2022-03-14,-0.0480378799422749,2022,2021-12-31,learned_order_offset,20260911,0.6602950267381666,0.6602950267381666,1,0
fixed_transform_add_only,2700,2022-03-11,2022-03-21,0.007530336734814,2022,2021-12-31,learned_order_offset,20260911,0.6664417620027226,0.6664417620027226,1,1
fixed_transform_add_only,2705,2022-03-18,2022-03-28,-0.0353493110038457,2022,2021-12-31,learned_order_offset,20260911,0.5665934515797131,0.5665934515797131,1,0
fixed_transform_add_only,2710,2022-03-25,2022-04-06,0.0314834190717003,2022,2021-12-31,learned_order_offset,20260911,0.7312694881776368,0.7312694881776368,1,1
fixed_transform_add_only,2660,2022-01-07,2022-01-17,-0.0173453887283024,2022,2021-12-31,learned_market,20260912,0.7009067848418016,0.7009067848418016,1,0
fixed_transform_add_only,2665,2022-01-14,2022-01-24,0.0053248631776616,2022,2021-12-31,learned_market,20260912,0.5203651032719439,0.5203651032719439,1,1
fixed_transform_add_only,2670,2022-01-21,2022-02-07,-0.0242661876254222,2022,2021-12-31,learned_market,20260912,0.7176249995689795,0.7176249995689795,1,0
fixed_transform_add_only,2675,2022-01-28,2022-02-14,-0.0127539031341488,2022,2021-12-31,learned_market,20260912,0.5468589290358572,0.5468589290358572,1,0
fixed_transform_add_only,2680,2022-02-11,2022-02-21,0.0145498774954033,2022,2021-12-31,learned_market,20260912,0.6301827176961465,0.6301827176961465,1,1
fixed_transform_add_only,2685,2022-02-18,2022-02-28,-0.0177161244498015,2022,2021-12-31,learned_market,20260912,0.7133251277073638,0.7133251277073638,1,0
fixed_transform_add_only,2690,2022-02-25,2022-03-07,-0.0221791776043331,2022,2021-12-31,learned_market,20260912,0.7021196640037924,0.7021196640037924,1,0
fixed_transform_add_only,2695,2022-03-04,2022-03-14,-0.0480378799422749,2022,2021-12-31,learned_market,20260912,0.719986373445646,0.719986373445646,1,0
fixed_transform_add_only,2700,2022-03-11,2022-03-21,0.007530336734814,2022,2021-12-31,learned_market,20260912,0.6467498960464059,0.6467498960464059,1,1
fixed_transform_add_only,2705,2022-03-18,2022-03-28,-0.0353493110038457,2022,2021-12-31,learned_market,20260912,0.6307138428823564,0.6307138428823564,1,0
fixed_transform_add_only,2710,2022-03-25,2022-04-06,0.0314834190717003,2022,2021-12-31,learned_market,20260912,0.5581715372656506,0.5581715372656506,1,1
fixed_transform_add_only,2660,2022-01-07,2022-01-17,-0.0173453887283024,2022,2021-12-31,learned_vol_interaction,20260912,0.7072606777672634,0.7072606777672634,1,0
fixed_transform_add_only,2665,2022-01-14,2022-01-24,0.0053248631776616,2022,2021-12-31,learned_vol_interaction,20260912,0.5232340507750105,0.5232340507750105,1,1
fixed_transform_add_only,2670,2022-01-21,2022-02-07,-0.0242661876254222,2022,2021-12-31,learned_vol_interaction,20260912,0.723517227135196,0.723517227135196,1,0
fixed_transform_add_only,2675,2022-01-28,2022-02-14,-0.0127539031341488,2022,2021-12-31,learned_vol_interaction,20260912,0.5573504263949657,0.5573504263949657,1,0
fixed_transform_add_only,2680,2022-02-11,2022-02-21,0.0145498774954033,2022,2021-12-31,learned_vol_interaction,20260912,0.6206875889696911,0.6206875889696911,1,1
fixed_transform_add_only,2685,2022-02-18,2022-02-28,-0.0177161244498015,2022,2021-12-31,learned_vol_interaction,20260912,0.7137718136904925,0.7137718136904925,1,0
fixed_transform_add_only,2690,2022-02-25,2022-03-07,-0.0221791776043331,2022,2021-12-31,learned_vol_interaction,20260912,0.6900080859244496,0.6900080859244496,1,0
fixed_transform_add_only,2695,2022-03-04,2022-03-14,-0.0480378799422749,2022,2021-12-31,learned_vol_interaction,20260912,0.7251850433232085,0.7251850433232085,1,0
fixed_transform_add_only,2700,2022-03-11,2022-03-21,0.007530336734814,2022,2021-12-31,learned_vol_interaction,20260912,0.6323197465308961,0.6323197465308961,1,1
fixed_transform_add_only,2705,2022-03-18,2022-03-28,-0.0353493110038457,2022,2021-12-31,learned_vol_interaction,20260912,0.5933343778810724,0.5933343778810724,1,0
fixed_transform_add_only,2710,2022-03-25,2022-04-06,0.0314834190717003,2022,2021-12-31,learned_vol_interaction,20260912,0.5562710543563346,0.5562710543563346,1,1
fixed_transform_add_only,2660,2022-01-07,2022-01-17,-0.0173453887283024,2022,2021-12-31,learned_order_extension,20260912,0.7021249449389755,0.7021249449389755,1,0
fixed_transform_add_only,2665,2022-01-14,2022-01-24,0.0053248631776616,2022,2021-12-31,learned_order_extension,20260912,0.519422850065438,0.519422850065438,1,1
fixed_transform_add_only,2670,2022-01-21,2022-02-07,-0.0242661876254222,2022,2021-12-31,learned_order_extension,20260912,0.7149761694840576,0.7149761694840576,1,0
fixed_transform_add_only,2675,2022-01-28,2022-02-14,-0.0127539031341488,2022,2021-12-31,learned_order_extension,20260912,0.5563462821352916,0.5563462821352916,1,0
fixed_transform_add_only,2680,2022-02-11,2022-02-21,0.0145498774954033,2022,2021-12-31,learned_order_extension,20260912,0.6112227291481532,0.6112227291481532,1,1
fixed_transform_add_only,2685,2022-02-18,2022-02-28,-0.0177161244498015,2022,2021-12-31,learned_order_extension,20260912,0.7082710857336353,0.7082710857336353,1,0
fixed_transform_add_only,2690,2022-02-25,2022-03-07,-0.0221791776043331,2022,2021-12-31,learned_order_extension,20260912,0.672646545498505,0.672646545498505,1,0
fixed_transform_add_only,2695,2022-03-04,2022-03-14,-0.0480378799422749,2022,2021-12-31,learned_order_extension,20260912,0.7063888110552541,0.7063888110552541,1,0
fixed_transform_add_only,2700,2022-03-11,2022-03-21,0.007530336734814,2022,2021-12-31,learned_order_extension,20260912,0.6284040084971629,0.6284040084971629,1,1
fixed_transform_add_only,2705,2022-03-18,2022-03-28,-0.0353493110038457,2022,2021-12-31,learned_order_extension,20260912,0.5929220651203073,0.5929220651203073,1,0
fixed_transform_add_only,2710,2022-03-25,2022-04-06,0.0314834190717003,2022,2021-12-31,learned_order_extension,20260912,0.560900893741765,0.560900893741765,1,1
fixed_transform_add_only,2660,2022-01-07,2022-01-17,-0.0173453887283024,2022,2021-12-31,learned_order_offset,20260912,0.7021002597589074,0.7021002597589074,1,0
fixed_transform_add_only,2665,2022-01-14,2022-01-24,0.0053248631776616,2022,2021-12-31,learned_order_offset,20260912,0.5194500670143739,0.5194500670143739,1,1
fixed_transform_add_only,2670,2022-01-21,2022-02-07,-0.0242661876254222,2022,2021-12-31,learned_order_offset,20260912,0.7150659531425939,0.7150659531425939,1,0
fixed_transform_add_only,2675,2022-01-28,2022-02-14,-0.0127539031341488,2022,2021-12-31,learned_order_offset,20260912,0.5563566039667686,0.5563566039667686,1,0
fixed_transform_add_only,2680,2022-02-11,2022-02-21,0.0145498774954033,2022,2021-12-31,learned_order_offset,20260912,0.6110482909835675,0.6110482909835675,1,1
fixed_transform_add_only,2685,2022-02-18,2022-02-28,-0.0177161244498015,2022,2021-12-31,learned_order_offset,20260912,0.7082662053268953,0.7082662053268953,1,0
fixed_transform_add_only,2690,2022-02-25,2022-03-07,-0.0221791776043331,2022,2021-12-31,learned_order_offset,20260912,0.6726443299723985,0.6726443299723985,1,0
fixed_transform_add_only,2695,2022-03-04,2022-03-14,-0.0480378799422749,2022,2021-12-31,learned_order_offset,20260912,0.7063540116439039,0.7063540116439039,1,0
fixed_transform_add_only,2700,2022-03-11,2022-03-21,0.007530336734814,2022,2021-12-31,learned_order_offset,20260912,0.6284302090313957,0.6284302090313957,1,1
fixed_transform_add_only,2705,2022-03-18,2022-03-28,-0.0353493110038457,2022,2021-12-31,learned_order_offset,20260912,0.5930408007656572,0.5930408007656572,1,0
fixed_transform_add_only,2710,2022-03-25,2022-04-06,0.0314834190717003,2022,2021-12-31,learned_order_offset,20260912,0.5609837979969954,0.5609837979969954,1,1
fixed_transform_add_only,2660,2022-01-07,2022-01-17,-0.0173453887283024,2022,2021-12-31,training_frequency,-1,0.5458298926507019,0.5458298926507019,1,0
fixed_transform_add_only,2665,2022-01-14,2022-01-24,0.0053248631776616,2022,2021-12-31,training_frequency,-1,0.5458298926507019,0.5458298926507019,1,1
fixed_transform_add_only,2670,2022-01-21,2022-02-07,-0.0242661876254222,2022,2021-12-31,training_frequency,-1,0.5458298926507019,0.5458298926507019,1,0
fixed_transform_add_only,2675,2022-01-28,2022-02-14,-0.0127539031341488,2022,2021-12-31,training_frequency,-1,0.5458298926507019,0.5458298926507019,1,0
fixed_transform_add_only,2680,2022-02-11,2022-02-21,0.0145498774954033,2022,2021-12-31,training_frequency,-1,0.5458298926507019,0.5458298926507019,1,1
fixed_transform_add_only,2685,2022-02-18,2022-02-28,-0.0177161244498015,2022,2021-12-31,training_frequency,-1,0.5458298926507019,0.5458298926507019,1,0
fixed_transform_add_only,2690,2022-02-25,2022-03-07,-0.0221791776043331,2022,2021-12-31,training_frequency,-1,0.5458298926507019,0.5458298926507019,1,0
fixed_transform_add_only,2695,2022-03-04,2022-03-14,-0.0480378799422749,2022,2021-12-31,training_frequency,-1,0.5458298926507019,0.5458298926507019,1,0
fixed_transform_add_only,2700,2022-03-11,2022-03-21,0.007530336734814,2022,2021-12-31,training_frequency,-1,0.5458298926507019,0.5458298926507019,1,1
fixed_transform_add_only,2705,2022-03-18,2022-03-28,-0.0353493110038457,2022,2021-12-31,training_frequency,-1,0.5458298926507019,0.5458298926507019,1,0
fixed_transform_add_only,2710,2022-03-25,2022-04-06,0.0314834190717003,2022,2021-12-31,training_frequency,-1,0.5458298926507019,0.5458298926507019,1,1
fixed_transform_add_only,2715,2022-04-01,2022-04-12,-0.0129237372705649,2022,2022-03-31,learned_market,20260910,0.6264697367964885,0.6264697367964885,1,0
fixed_transform_add_only,2718,2022-04-08,2022-04-18,-0.0120986062576864,2022,2022-03-31,learned_market,20260910,0.6354428807104144,0.6354428807104144,1,0
fixed_transform_add_only,2723,2022-04-15,2022-04-25,-0.0528494340140576,2022,2022-03-31,learned_market,20260910,0.6048445367671245,0.6048445367671245,1,0
fixed_transform_add_only,2728,2022-04-22,2022-05-05,0.015736821365468,2022,2022-03-31,learned_market,20260910,0.6127240134393259,0.6127240134393259,1,1
fixed_transform_add_only,2733,2022-04-29,2022-05-11,-0.0278824133054675,2022,2022-03-31,learned_market,20260910,0.5811741554193072,0.5811741554193072,1,0
fixed_transform_add_only,2735,2022-05-06,2022-05-16,0.033741423035827,2022,2022-03-31,learned_market,20260910,0.5929598785744352,0.5929598785744352,1,1
fixed_transform_add_only,2740,2022-05-13,2022-05-23,0.0164308841843088,2022,2022-03-31,learned_market,20260910,0.585551781645993,0.585551781645993,1,1
fixed_transform_add_only,2745,2022-05-20,2022-05-30,-0.0147293413085614,2022,2022-03-31,learned_market,20260910,0.5419737521499752,0.5419737521499752,1,0
fixed_transform_add_only,2750,2022-05-27,2022-06-13,0.0431748431927498,2022,2022-03-31,learned_market,20260910,0.4586842919501269,0.4586842919501269,0,1
fixed_transform_add_only,2759,2022-06-10,2022-06-20,0.0306046547112142,2022,2022-03-31,learned_market,20260910,0.515299586901122,0.515299586901122,1,1
fixed_transform_add_only,2764,2022-06-17,2022-06-27,0.0211666894141107,2022,2022-03-31,learned_market,20260910,0.45245716326575824,0.45245716326575824,0,1
fixed_transform_add_only,2769,2022-06-24,2022-07-04,0.0074507343130214,2022,2022-03-31,learned_market,20260910,0.4594313031971839,0.4594313031971839,0,1
fixed_transform_add_only,2715,2022-04-01,2022-04-12,-0.0129237372705649,2022,2022-03-31,learned_vol_interaction,20260910,0.6022437778410757,0.6022437778410757,1,0
fixed_transform_add_only,2718,2022-04-08,2022-04-18,-0.0120986062576864,2022,2022-03-31,learned_vol_interaction,20260910,0.6185642515102362,0.6185642515102362,1,0
fixed_transform_add_only,2723,2022-04-15,2022-04-25,-0.0528494340140576,2022,2022-03-31,learned_vol_interaction,20260910,0.6023939546653686,0.6023939546653686,1,0
fixed_transform_add_only,2728,2022-04-22,2022-05-05,0.015736821365468,2022,2022-03-31,learned_vol_interaction,20260910,0.6128197784902326,0.6128197784902326,1,1
fixed_transform_add_only,2733,2022-04-29,2022-05-11,-0.0278824133054675,2022,2022-03-31,learned_vol_interaction,20260910,0.5698793303338379,0.5698793303338379,1,0
fixed_transform_add_only,2735,2022-05-06,2022-05-16,0.033741423035827,2022,2022-03-31,learned_vol_interaction,20260910,0.5807513177480534,0.5807513177480534,1,1
fixed_transform_add_only,2740,2022-05-13,2022-05-23,0.0164308841843088,2022,2022-03-31,learned_vol_interaction,20260910,0.5792953968691279,0.5792953968691279,1,1
fixed_transform_add_only,2745,2022-05-20,2022-05-30,-0.0147293413085614,2022,2022-03-31,learned_vol_interaction,20260910,0.5357492993405474,0.5357492993405474,1,0
fixed_transform_add_only,2750,2022-05-27,2022-06-13,0.0431748431927498,2022,2022-03-31,learned_vol_interaction,20260910,0.4625991547605497,0.4625991547605497,0,1
fixed_transform_add_only,2759,2022-06-10,2022-06-20,0.0306046547112142,2022,2022-03-31,learned_vol_interaction,20260910,0.5160785006646891,0.5160785006646891,1,1
fixed_transform_add_only,2764,2022-06-17,2022-06-27,0.0211666894141107,2022,2022-03-31,learned_vol_interaction,20260910,0.45371197501056715,0.45371197501056715,0,1
fixed_transform_add_only,2769,2022-06-24,2022-07-04,0.0074507343130214,2022,2022-03-31,learned_vol_interaction,20260910,0.4552145367155586,0.4552145367155586,0,1
fixed_transform_add_only,2715,2022-04-01,2022-04-12,-0.0129237372705649,2022,2022-03-31,learned_order_extension,20260910,0.6072911922011569,0.6072911922011569,1,0
fixed_transform_add_only,2718,2022-04-08,2022-04-18,-0.0120986062576864,2022,2022-03-31,learned_order_extension,20260910,0.6087407019314204,0.6087407019314204,1,0
fixed_transform_add_only,2723,2022-04-15,2022-04-25,-0.0528494340140576,2022,2022-03-31,learned_order_extension,20260910,0.5794742252248379,0.5794742252248379,1,0
fixed_transform_add_only,2728,2022-04-22,2022-05-05,0.015736821365468,2022,2022-03-31,learned_order_extension,20260910,0.5958588071444535,0.5958588071444535,1,1
fixed_transform_add_only,2733,2022-04-29,2022-05-11,-0.0278824133054675,2022,2022-03-31,learned_order_extension,20260910,0.5901986123993077,0.5901986123993077,1,0
fixed_transform_add_only,2735,2022-05-06,2022-05-16,0.033741423035827,2022,2022-03-31,learned_order_extension,20260910,0.6143320933302414,0.6143320933302414,1,1
fixed_transform_add_only,2740,2022-05-13,2022-05-23,0.0164308841843088,2022,2022-03-31,learned_order_extension,20260910,0.6107839886429584,0.6107839886429584,1,1
fixed_transform_add_only,2745,2022-05-20,2022-05-30,-0.0147293413085614,2022,2022-03-31,learned_order_extension,20260910,0.5517179286721255,0.5517179286721255,1,0
fixed_transform_add_only,2750,2022-05-27,2022-06-13,0.0431748431927498,2022,2022-03-31,learned_order_extension,20260910,0.44246318923764855,0.44246318923764855,0,1
fixed_transform_add_only,2759,2022-06-10,2022-06-20,0.0306046547112142,2022,2022-03-31,learned_order_extension,20260910,0.5043394985715851,0.5043394985715851,1,1
fixed_transform_add_only,2764,2022-06-17,2022-06-27,0.0211666894141107,2022,2022-03-31,learned_order_extension,20260910,0.46179845295701827,0.46179845295701827,0,1
fixed_transform_add_only,2769,2022-06-24,2022-07-04,0.0074507343130214,2022,2022-03-31,learned_order_extension,20260910,0.47219308620951955,0.47219308620951955,0,1
fixed_transform_add_only,2715,2022-04-01,2022-04-12,-0.0129237372705649,2022,2022-03-31,learned_order_offset,20260910,0.6027013241026382,0.6027013241026382,1,0
fixed_transform_add_only,2718,2022-04-08,2022-04-18,-0.0120986062576864,2022,2022-03-31,learned_order_offset,20260910,0.6043082701471417,0.6043082701471417,1,0
fixed_transform_add_only,2723,2022-04-15,2022-04-25,-0.0528494340140576,2022,2022-03-31,learned_order_offset,20260910,0.573888393453646,0.573888393453646,1,0
fixed_transform_add_only,2728,2022-04-22,2022-05-05,0.015736821365468,2022,2022-03-31,learned_order_offset,20260910,0.5932085316517111,0.5932085316517111,1,1
fixed_transform_add_only,2733,2022-04-29,2022-05-11,-0.0278824133054675,2022,2022-03-31,learned_order_offset,20260910,0.5868966010420744,0.5868966010420744,1,0
fixed_transform_add_only,2735,2022-05-06,2022-05-16,0.033741423035827,2022,2022-03-31,learned_order_offset,20260910,0.6107498468181425,0.6107498468181425,1,1
fixed_transform_add_only,2740,2022-05-13,2022-05-23,0.0164308841843088,2022,2022-03-31,learned_order_offset,20260910,0.6066666653394734,0.6066666653394734,1,1
fixed_transform_add_only,2745,2022-05-20,2022-05-30,-0.0147293413085614,2022,2022-03-31,learned_order_offset,20260910,0.5489614073745516,0.5489614073745516,1,0
fixed_transform_add_only,2750,2022-05-27,2022-06-13,0.0431748431927498,2022,2022-03-31,learned_order_offset,20260910,0.44011266231876905,0.44011266231876905,0,1
fixed_transform_add_only,2759,2022-06-10,2022-06-20,0.0306046547112142,2022,2022-03-31,learned_order_offset,20260910,0.5035688965044023,0.5035688965044023,1,1
fixed_transform_add_only,2764,2022-06-17,2022-06-27,0.0211666894141107,2022,2022-03-31,learned_order_offset,20260910,0.45984890527863936,0.45984890527863936,0,1
fixed_transform_add_only,2769,2022-06-24,2022-07-04,0.0074507343130214,2022,2022-03-31,learned_order_offset,20260910,0.47048800456871015,0.47048800456871015,0,1
fixed_transform_add_only,2715,2022-04-01,2022-04-12,-0.0129237372705649,2022,2022-03-31,learned_market,20260911,0.6563625892410672,0.6563625892410672,1,0
fixed_transform_add_only,2718,2022-04-08,2022-04-18,-0.0120986062576864,2022,2022-03-31,learned_market,20260911,0.5662215590425136,0.5662215590425136,1,0
fixed_transform_add_only,2723,2022-04-15,2022-04-25,-0.0528494340140576,2022,2022-03-31,learned_market,20260911,0.7295561778235086,0.7295561778235086,1,0
fixed_transform_add_only,2728,2022-04-22,2022-05-05,0.015736821365468,2022,2022-03-31,learned_market,20260911,0.6920132587107,0.6920132587107,1,1
fixed_transform_add_only,2733,2022-04-29,2022-05-11,-0.0278824133054675,2022,2022-03-31,learned_market,20260911,0.5053118942967277,0.5053118942967277,1,0
fixed_transform_add_only,2735,2022-05-06,2022-05-16,0.033741423035827,2022,2022-03-31,learned_market,20260911,0.4150975329623039,0.4150975329623039,0,1
fixed_transform_add_only,2740,2022-05-13,2022-05-23,0.0164308841843088,2022,2022-03-31,learned_market,20260911,0.4817775083890148,0.4817775083890148,0,1
fixed_transform_add_only,2745,2022-05-20,2022-05-30,-0.0147293413085614,2022,2022-03-31,learned_market,20260911,0.5367411841047423,0.5367411841047423,1,0
fixed_transform_add_only,2750,2022-05-27,2022-06-13,0.0431748431927498,2022,2022-03-31,learned_market,20260911,0.5769970760664269,0.5769970760664269,1,1
fixed_transform_add_only,2759,2022-06-10,2022-06-20,0.0306046547112142,2022,2022-03-31,learned_market,20260911,0.3301048156730334,0.3301048156730334,0,1
fixed_transform_add_only,2764,2022-06-17,2022-06-27,0.0211666894141107,2022,2022-03-31,learned_market,20260911,0.3495147245536309,0.3495147245536309,0,1
fixed_transform_add_only,2769,2022-06-24,2022-07-04,0.0074507343130214,2022,2022-03-31,learned_market,20260911,0.4462055184776798,0.4462055184776798,0,1
fixed_transform_add_only,2715,2022-04-01,2022-04-12,-0.0129237372705649,2022,2022-03-31,learned_vol_interaction,20260911,0.6606555684609483,0.6606555684609483,1,0
fixed_transform_add_only,2718,2022-04-08,2022-04-18,-0.0120986062576864,2022,2022-03-31,learned_vol_interaction,20260911,0.5645693036972184,0.5645693036972184,1,0
fixed_transform_add_only,2723,2022-04-15,2022-04-25,-0.0528494340140576,2022,2022-03-31,learned_vol_interaction,20260911,0.7311452296280104,0.7311452296280104,1,0
fixed_transform_add_only,2728,2022-04-22,2022-05-05,0.015736821365468,2022,2022-03-31,learned_vol_interaction,20260911,0.6943387125827508,0.6943387125827508,1,1
fixed_transform_add_only,2733,2022-04-29,2022-05-11,-0.0278824133054675,2022,2022-03-31,learned_vol_interaction,20260911,0.5037485455003758,0.5037485455003758,1,0
fixed_transform_add_only,2735,2022-05-06,2022-05-16,0.033741423035827,2022,2022-03-31,learned_vol_interaction,20260911,0.40900732405090195,0.40900732405090195,0,1
fixed_transform_add_only,2740,2022-05-13,2022-05-23,0.0164308841843088,2022,2022-03-31,learned_vol_interaction,20260911,0.47758312622744564,0.47758312622744564,0,1
fixed_transform_add_only,2745,2022-05-20,2022-05-30,-0.0147293413085614,2022,2022-03-31,learned_vol_interaction,20260911,0.5365123723990698,0.5365123723990698,1,0
fixed_transform_add_only,2750,2022-05-27,2022-06-13,0.0431748431927498,2022,2022-03-31,learned_vol_interaction,20260911,0.5779391094166343,0.5779391094166343,1,1
fixed_transform_add_only,2759,2022-06-10,2022-06-20,0.0306046547112142,2022,2022-03-31,learned_vol_interaction,20260911,0.3305136444730222,0.3305136444730222,0,1
fixed_transform_add_only,2764,2022-06-17,2022-06-27,0.0211666894141107,2022,2022-03-31,learned_vol_interaction,20260911,0.35080583283228994,0.35080583283228994,0,1
fixed_transform_add_only,2769,2022-06-24,2022-07-04,0.0074507343130214,2022,2022-03-31,learned_vol_interaction,20260911,0.44820249239630044,0.44820249239630044,0,1
fixed_transform_add_only,2715,2022-04-01,2022-04-12,-0.0129237372705649,2022,2022-03-31,learned_order_extension,20260911,0.6501141263277644,0.6501141263277644,1,0
fixed_transform_add_only,2718,2022-04-08,2022-04-18,-0.0120986062576864,2022,2022-03-31,learned_order_extension,20260911,0.5441281264349335,0.5441281264349335,1,0
fixed_transform_add_only,2723,2022-04-15,2022-04-25,-0.0528494340140576,2022,2022-03-31,learned_order_extension,20260911,0.7369777978247699,0.7369777978247699,1,0
fixed_transform_add_only,2728,2022-04-22,2022-05-05,0.015736821365468,2022,2022-03-31,learned_order_extension,20260911,0.6969620761953492,0.6969620761953492,1,1
fixed_transform_add_only,2733,2022-04-29,2022-05-11,-0.0278824133054675,2022,2022-03-31,learned_order_extension,20260911,0.5041021073601702,0.5041021073601702,1,0
fixed_transform_add_only,2735,2022-05-06,2022-05-16,0.033741423035827,2022,2022-03-31,learned_order_extension,20260911,0.41549244725713597,0.41549244725713597,0,1
fixed_transform_add_only,2740,2022-05-13,2022-05-23,0.0164308841843088,2022,2022-03-31,learned_order_extension,20260911,0.4741318073372999,0.4741318073372999,0,1
fixed_transform_add_only,2745,2022-05-20,2022-05-30,-0.0147293413085614,2022,2022-03-31,learned_order_extension,20260911,0.5295640004842362,0.5295640004842362,1,0
fixed_transform_add_only,2750,2022-05-27,2022-06-13,0.0431748431927498,2022,2022-03-31,learned_order_extension,20260911,0.5787037162493026,0.5787037162493026,1,1
fixed_transform_add_only,2759,2022-06-10,2022-06-20,0.0306046547112142,2022,2022-03-31,learned_order_extension,20260911,0.32238922552610216,0.32238922552610216,0,1
fixed_transform_add_only,2764,2022-06-17,2022-06-27,0.0211666894141107,2022,2022-03-31,learned_order_extension,20260911,0.3310100555360563,0.3310100555360563,0,1
fixed_transform_add_only,2769,2022-06-24,2022-07-04,0.0074507343130214,2022,2022-03-31,learned_order_extension,20260911,0.4409303807942317,0.4409303807942317,0,1
fixed_transform_add_only,2715,2022-04-01,2022-04-12,-0.0129237372705649,2022,2022-03-31,learned_order_offset,20260911,0.6507112239014363,0.6507112239014363,1,0
fixed_transform_add_only,2718,2022-04-08,2022-04-18,-0.0120986062576864,2022,2022-03-31,learned_order_offset,20260911,0.5428292141374469,0.5428292141374469,1,0
fixed_transform_add_only,2723,2022-04-15,2022-04-25,-0.0528494340140576,2022,2022-03-31,learned_order_offset,20260911,0.7362743862058886,0.7362743862058886,1,0
fixed_transform_add_only,2728,2022-04-22,2022-05-05,0.015736821365468,2022,2022-03-31,learned_order_offset,20260911,0.6969639498587872,0.6969639498587872,1,1
fixed_transform_add_only,2733,2022-04-29,2022-05-11,-0.0278824133054675,2022,2022-03-31,learned_order_offset,20260911,0.5028380549902315,0.5028380549902315,1,0
fixed_transform_add_only,2735,2022-05-06,2022-05-16,0.033741423035827,2022,2022-03-31,learned_order_offset,20260911,0.4128433131496524,0.4128433131496524,0,1
fixed_transform_add_only,2740,2022-05-13,2022-05-23,0.0164308841843088,2022,2022-03-31,learned_order_offset,20260911,0.47188284700204364,0.47188284700204364,0,1
fixed_transform_add_only,2745,2022-05-20,2022-05-30,-0.0147293413085614,2022,2022-03-31,learned_order_offset,20260911,0.529046530500048,0.529046530500048,1,0
fixed_transform_add_only,2750,2022-05-27,2022-06-13,0.0431748431927498,2022,2022-03-31,learned_order_offset,20260911,0.5782911044109718,0.5782911044109718,1,1
fixed_transform_add_only,2759,2022-06-10,2022-06-20,0.0306046547112142,2022,2022-03-31,learned_order_offset,20260911,0.32274527298996286,0.32274527298996286,0,1
fixed_transform_add_only,2764,2022-06-17,2022-06-27,0.0211666894141107,2022,2022-03-31,learned_order_offset,20260911,0.3317013721741868,0.3317013721741868,0,1
fixed_transform_add_only,2769,2022-06-24,2022-07-04,0.0074507343130214,2022,2022-03-31,learned_order_offset,20260911,0.4414545518961695,0.4414545518961695,0,1
fixed_transform_add_only,2715,2022-04-01,2022-04-12,-0.0129237372705649,2022,2022-03-31,learned_market,20260912,0.5382131248496382,0.5382131248496382,1,0
fixed_transform_add_only,2718,2022-04-08,2022-04-18,-0.0120986062576864,2022,2022-03-31,learned_market,20260912,0.5345473602910058,0.5345473602910058,1,0
fixed_transform_add_only,2723,2022-04-15,2022-04-25,-0.0528494340140576,2022,2022-03-31,learned_market,20260912,0.5416491773159428,0.5416491773159428,1,0
fixed_transform_add_only,2728,2022-04-22,2022-05-05,0.015736821365468,2022,2022-03-31,learned_market,20260912,0.4614151646904667,0.4614151646904667,0,1
fixed_transform_add_only,2733,2022-04-29,2022-05-11,-0.0278824133054675,2022,2022-03-31,learned_market,20260912,0.34976737856741646,0.34976737856741646,0,0
fixed_transform_add_only,2735,2022-05-06,2022-05-16,0.033741423035827,2022,2022-03-31,learned_market,20260912,0.4168654914938189,0.4168654914938189,0,1
fixed_transform_add_only,2740,2022-05-13,2022-05-23,0.0164308841843088,2022,2022-03-31,learned_market,20260912,0.43420205583120336,0.43420205583120336,0,1
fixed_transform_add_only,2745,2022-05-20,2022-05-30,-0.0147293413085614,2022,2022-03-31,learned_market,20260912,0.4611678870342426,0.4611678870342426,0,0
fixed_transform_add_only,2750,2022-05-27,2022-06-13,0.0431748431927498,2022,2022-03-31,learned_market,20260912,0.443612522444472,0.443612522444472,0,1
fixed_transform_add_only,2759,2022-06-10,2022-06-20,0.0306046547112142,2022,2022-03-31,learned_market,20260912,0.3666948049033611,0.3666948049033611,0,1
fixed_transform_add_only,2764,2022-06-17,2022-06-27,0.0211666894141107,2022,2022-03-31,learned_market,20260912,0.34837588833889865,0.34837588833889865,0,1
fixed_transform_add_only,2769,2022-06-24,2022-07-04,0.0074507343130214,2022,2022-03-31,learned_market,20260912,0.42091468488676076,0.42091468488676076,0,1
fixed_transform_add_only,2715,2022-04-01,2022-04-12,-0.0129237372705649,2022,2022-03-31,learned_vol_interaction,20260912,0.5155005537729426,0.5155005537729426,1,0
fixed_transform_add_only,2718,2022-04-08,2022-04-18,-0.0120986062576864,2022,2022-03-31,learned_vol_interaction,20260912,0.5357468062676072,0.5357468062676072,1,0
fixed_transform_add_only,2723,2022-04-15,2022-04-25,-0.0528494340140576,2022,2022-03-31,learned_vol_interaction,20260912,0.5404050437025232,0.5404050437025232,1,0
fixed_transform_add_only,2728,2022-04-22,2022-05-05,0.015736821365468,2022,2022-03-31,learned_vol_interaction,20260912,0.4718736466611594,0.4718736466611594,0,1
fixed_transform_add_only,2733,2022-04-29,2022-05-11,-0.0278824133054675,2022,2022-03-31,learned_vol_interaction,20260912,0.40158009107709647,0.40158009107709647,0,0
fixed_transform_add_only,2735,2022-05-06,2022-05-16,0.033741423035827,2022,2022-03-31,learned_vol_interaction,20260912,0.4646886715293067,0.4646886715293067,0,1
fixed_transform_add_only,2740,2022-05-13,2022-05-23,0.0164308841843088,2022,2022-03-31,learned_vol_interaction,20260912,0.46677828401710963,0.46677828401710963,0,1
fixed_transform_add_only,2745,2022-05-20,2022-05-30,-0.0147293413085614,2022,2022-03-31,learned_vol_interaction,20260912,0.4726882399731457,0.4726882399731457,0,0
fixed_transform_add_only,2750,2022-05-27,2022-06-13,0.0431748431927498,2022,2022-03-31,learned_vol_interaction,20260912,0.4472092811644714,0.4472092811644714,0,1
fixed_transform_add_only,2759,2022-06-10,2022-06-20,0.0306046547112142,2022,2022-03-31,learned_vol_interaction,20260912,0.3434769798798452,0.3434769798798452,0,1
fixed_transform_add_only,2764,2022-06-17,2022-06-27,0.0211666894141107,2022,2022-03-31,learned_vol_interaction,20260912,0.3220649586861162,0.3220649586861162,0,1
fixed_transform_add_only,2769,2022-06-24,2022-07-04,0.0074507343130214,2022,2022-03-31,learned_vol_interaction,20260912,0.394027033302083,0.394027033302083,0,1
fixed_transform_add_only,2715,2022-04-01,2022-04-12,-0.0129237372705649,2022,2022-03-31,learned_order_extension,20260912,0.5318411400883649,0.5318411400883649,1,0
fixed_transform_add_only,2718,2022-04-08,2022-04-18,-0.0120986062576864,2022,2022-03-31,learned_order_extension,20260912,0.5515324164234204,0.5515324164234204,1,0
fixed_transform_add_only,2723,2022-04-15,2022-04-25,-0.0528494340140576,2022,2022-03-31,learned_order_extension,20260912,0.5499749994029761,0.5499749994029761,1,0
fixed_transform_add_only,2728,2022-04-22,2022-05-05,0.015736821365468,2022,2022-03-31,learned_order_extension,20260912,0.49483138213460814,0.49483138213460814,0,1
fixed_transform_add_only,2733,2022-04-29,2022-05-11,-0.0278824133054675,2022,2022-03-31,learned_order_extension,20260912,0.3951645077645175,0.3951645077645175,0,0
fixed_transform_add_only,2735,2022-05-06,2022-05-16,0.033741423035827,2022,2022-03-31,learned_order_extension,20260912,0.46325287944610555,0.46325287944610555,0,1
fixed_transform_add_only,2740,2022-05-13,2022-05-23,0.0164308841843088,2022,2022-03-31,learned_order_extension,20260912,0.45921463211471875,0.45921463211471875,0,1
fixed_transform_add_only,2745,2022-05-20,2022-05-30,-0.0147293413085614,2022,2022-03-31,learned_order_extension,20260912,0.4839645605817981,0.4839645605817981,0,0
fixed_transform_add_only,2750,2022-05-27,2022-06-13,0.0431748431927498,2022,2022-03-31,learned_order_extension,20260912,0.4492041931099316,0.4492041931099316,0,1
fixed_transform_add_only,2759,2022-06-10,2022-06-20,0.0306046547112142,2022,2022-03-31,learned_order_extension,20260912,0.368256464868147,0.368256464868147,0,1
fixed_transform_add_only,2764,2022-06-17,2022-06-27,0.0211666894141107,2022,2022-03-31,learned_order_extension,20260912,0.3921542024671783,0.3921542024671783,0,1
fixed_transform_add_only,2769,2022-06-24,2022-07-04,0.0074507343130214,2022,2022-03-31,learned_order_extension,20260912,0.4304180661108916,0.4304180661108916,0,1
fixed_transform_add_only,2715,2022-04-01,2022-04-12,-0.0129237372705649,2022,2022-03-31,learned_order_offset,20260912,0.5255673818157759,0.5255673818157759,1,0
fixed_transform_add_only,2718,2022-04-08,2022-04-18,-0.0120986062576864,2022,2022-03-31,learned_order_offset,20260912,0.5466390222707079,0.5466390222707079,1,0
fixed_transform_add_only,2723,2022-04-15,2022-04-25,-0.0528494340140576,2022,2022-03-31,learned_order_offset,20260912,0.5456224506118039,0.5456224506118039,1,0
fixed_transform_add_only,2728,2022-04-22,2022-05-05,0.015736821365468,2022,2022-03-31,learned_order_offset,20260912,0.4905039571859218,0.4905039571859218,0,1
fixed_transform_add_only,2733,2022-04-29,2022-05-11,-0.0278824133054675,2022,2022-03-31,learned_order_offset,20260912,0.39320036753360954,0.39320036753360954,0,0
fixed_transform_add_only,2735,2022-05-06,2022-05-16,0.033741423035827,2022,2022-03-31,learned_order_offset,20260912,0.46011325315330587,0.46011325315330587,0,1
fixed_transform_add_only,2740,2022-05-13,2022-05-23,0.0164308841843088,2022,2022-03-31,learned_order_offset,20260912,0.45778305151713233,0.45778305151713233,0,1
fixed_transform_add_only,2745,2022-05-20,2022-05-30,-0.0147293413085614,2022,2022-03-31,learned_order_offset,20260912,0.48255564722319383,0.48255564722319383,0,0
fixed_transform_add_only,2750,2022-05-27,2022-06-13,0.0431748431927498,2022,2022-03-31,learned_order_offset,20260912,0.4487959780087052,0.4487959780087052,0,1
fixed_transform_add_only,2759,2022-06-10,2022-06-20,0.0306046547112142,2022,2022-03-31,learned_order_offset,20260912,0.3701903657648792,0.3701903657648792,0,1
fixed_transform_add_only,2764,2022-06-17,2022-06-27,0.0211666894141107,2022,2022-03-31,learned_order_offset,20260912,0.3940148868283322,0.3940148868283322,0,1
fixed_transform_add_only,2769,2022-06-24,2022-07-04,0.0074507343130214,2022,2022-03-31,learned_order_offset,20260912,0.43109469674912826,0.43109469674912826,0,1
fixed_transform_add_only,2715,2022-04-01,2022-04-12,-0.0129237372705649,2022,2022-03-31,training_frequency,-1,0.5319148936170213,0.5319148936170213,1,0
fixed_transform_add_only,2718,2022-04-08,2022-04-18,-0.0120986062576864,2022,2022-03-31,training_frequency,-1,0.5319148936170213,0.5319148936170213,1,0
fixed_transform_add_only,2723,2022-04-15,2022-04-25,-0.0528494340140576,2022,2022-03-31,training_frequency,-1,0.5319148936170213,0.5319148936170213,1,0
fixed_transform_add_only,2728,2022-04-22,2022-05-05,0.015736821365468,2022,2022-03-31,training_frequency,-1,0.5319148936170213,0.5319148936170213,1,1
fixed_transform_add_only,2733,2022-04-29,2022-05-11,-0.0278824133054675,2022,2022-03-31,training_frequency,-1,0.5319148936170213,0.5319148936170213,1,0
fixed_transform_add_only,2735,2022-05-06,2022-05-16,0.033741423035827,2022,2022-03-31,training_frequency,-1,0.5319148936170213,0.5319148936170213,1,1
fixed_transform_add_only,2740,2022-05-13,2022-05-23,0.0164308841843088,2022,2022-03-31,training_frequency,-1,0.5319148936170213,0.5319148936170213,1,1
fixed_transform_add_only,2745,2022-05-20,2022-05-30,-0.0147293413085614,2022,2022-03-31,training_frequency,-1,0.5319148936170213,0.5319148936170213,1,0
fixed_transform_add_only,2750,2022-05-27,2022-06-13,0.0431748431927498,2022,2022-03-31,training_frequency,-1,0.5319148936170213,0.5319148936170213,1,1
fixed_transform_add_only,2759,2022-06-10,2022-06-20,0.0306046547112142,2022,2022-03-31,training_frequency,-1,0.5319148936170213,0.5319148936170213,1,1
fixed_transform_add_only,2764,2022-06-17,2022-06-27,0.0211666894141107,2022,2022-03-31,training_frequency,-1,0.5319148936170213,0.5319148936170213,1,1
fixed_transform_add_only,2769,2022-06-24,2022-07-04,0.0074507343130214,2022,2022-03-31,training_frequency,-1,0.5319148936170213,0.5319148936170213,1,1
fixed_transform_add_only,2774,2022-07-01,2022-07-11,-0.0092349827532707,2022,2022-06-30,learned_market,20260910,0.6211101596293696,0.6211101596293696,1,0
fixed_transform_add_only,2779,2022-07-08,2022-07-18,-0.0326815927737367,2022,2022-06-30,learned_market,20260910,0.5575074730721519,0.5575074730721519,1,0
fixed_transform_add_only,2784,2022-07-15,2022-07-25,-0.0066210715249344,2022,2022-06-30,learned_market,20260910,0.48203385526243264,0.48203385526243264,0,0
fixed_transform_add_only,2789,2022-07-22,2022-08-01,-0.0173077967751003,2022,2022-06-30,learned_market,20260910,0.5896665138447555,0.5896665138447555,1,0
fixed_transform_add_only,2794,2022-07-29,2022-08-08,-0.004456034513838,2022,2022-06-30,learned_market,20260910,0.7061303301799647,0.7061303301799647,1,0
fixed_transform_add_only,2799,2022-08-05,2022-08-15,0.0091475117753996,2022,2022-06-30,learned_market,20260910,0.6313810339353261,0.6313810339353261,1,1
fixed_transform_add_only,2804,2022-08-12,2022-08-22,-0.0107272727272728,2022,2022-06-30,learned_market,20260910,0.630417717512171,0.630417717512171,1,0
fixed_transform_add_only,2809,2022-08-19,2022-08-29,-0.0172375434082356,2022,2022-06-30,learned_market,20260910,0.6669084936962231,0.6669084936962231,1,0
fixed_transform_add_only,2814,2022-08-26,2022-09-05,-0.0131573766941938,2022,2022-06-30,learned_market,20260910,0.5660221507931719,0.5660221507931719,1,0
fixed_transform_add_only,2819,2022-09-02,2022-09-13,0.0253340680878015,2022,2022-06-30,learned_market,20260910,0.5240686632096737,0.5240686632096737,1,1
fixed_transform_add_only,2824,2022-09-09,2022-09-19,-0.044647264962877,2022,2022-06-30,learned_market,20260910,0.680899382768978,0.680899382768978,1,0
fixed_transform_add_only,2828,2022-09-16,2022-09-26,-0.025155151434928,2022,2022-06-30,learned_market,20260910,0.5222389224907061,0.5222389224907061,1,0
fixed_transform_add_only,2833,2022-09-23,2022-10-10,-0.0060162941299352,2022,2022-06-30,learned_market,20260910,0.6589435182985045,0.6589435182985045,1,0
fixed_transform_add_only,2838,2022-09-30,2022-10-17,0.0041192047412885,2022,2022-06-30,learned_market,20260910,0.4854070606146789,0.4854070606146789,0,1
fixed_transform_add_only,2774,2022-07-01,2022-07-11,-0.0092349827532707,2022,2022-06-30,learned_vol_interaction,20260910,0.6163987619219227,0.6163987619219227,1,0
fixed_transform_add_only,2779,2022-07-08,2022-07-18,-0.0326815927737367,2022,2022-06-30,learned_vol_interaction,20260910,0.548341618983114,0.548341618983114,1,0
fixed_transform_add_only,2784,2022-07-15,2022-07-25,-0.0066210715249344,2022,2022-06-30,learned_vol_interaction,20260910,0.4776189140395658,0.4776189140395658,0,0
fixed_transform_add_only,2789,2022-07-22,2022-08-01,-0.0173077967751003,2022,2022-06-30,learned_vol_interaction,20260910,0.5900244397495992,0.5900244397495992,1,0
fixed_transform_add_only,2794,2022-07-29,2022-08-08,-0.004456034513838,2022,2022-06-30,learned_vol_interaction,20260910,0.7025420199675315,0.7025420199675315,1,0
fixed_transform_add_only,2799,2022-08-05,2022-08-15,0.0091475117753996,2022,2022-06-30,learned_vol_interaction,20260910,0.6449876203400526,0.6449876203400526,1,1
fixed_transform_add_only,2804,2022-08-12,2022-08-22,-0.0107272727272728,2022,2022-06-30,learned_vol_interaction,20260910,0.6450280822076357,0.6450280822076357,1,0
fixed_transform_add_only,2809,2022-08-19,2022-08-29,-0.0172375434082356,2022,2022-06-30,learned_vol_interaction,20260910,0.6583949818175082,0.6583949818175082,1,0
fixed_transform_add_only,2814,2022-08-26,2022-09-05,-0.0131573766941938,2022,2022-06-30,learned_vol_interaction,20260910,0.5691463406871857,0.5691463406871857,1,0
fixed_transform_add_only,2819,2022-09-02,2022-09-13,0.0253340680878015,2022,2022-06-30,learned_vol_interaction,20260910,0.5336411566275653,0.5336411566275653,1,1
fixed_transform_add_only,2824,2022-09-09,2022-09-19,-0.044647264962877,2022,2022-06-30,learned_vol_interaction,20260910,0.6992548693290317,0.6992548693290317,1,0
fixed_transform_add_only,2828,2022-09-16,2022-09-26,-0.025155151434928,2022,2022-06-30,learned_vol_interaction,20260910,0.5372218067870094,0.5372218067870094,1,0
fixed_transform_add_only,2833,2022-09-23,2022-10-10,-0.0060162941299352,2022,2022-06-30,learned_vol_interaction,20260910,0.675058039772416,0.675058039772416,1,0
fixed_transform_add_only,2838,2022-09-30,2022-10-17,0.0041192047412885,2022,2022-06-30,learned_vol_interaction,20260910,0.4970752339639431,0.4970752339639431,0,1
fixed_transform_add_only,2774,2022-07-01,2022-07-11,-0.0092349827532707,2022,2022-06-30,learned_order_extension,20260910,0.6036664939516027,0.6036664939516027,1,0
fixed_transform_add_only,2779,2022-07-08,2022-07-18,-0.0326815927737367,2022,2022-06-30,learned_order_extension,20260910,0.5691052056969917,0.5691052056969917,1,0
fixed_transform_add_only,2784,2022-07-15,2022-07-25,-0.0066210715249344,2022,2022-06-30,learned_order_extension,20260910,0.48936484107078654,0.48936484107078654,0,0
fixed_transform_add_only,2789,2022-07-22,2022-08-01,-0.0173077967751003,2022,2022-06-30,learned_order_extension,20260910,0.5864806227509047,0.5864806227509047,1,0
fixed_transform_add_only,2794,2022-07-29,2022-08-08,-0.004456034513838,2022,2022-06-30,learned_order_extension,20260910,0.5569714683672874,0.5569714683672874,1,0
fixed_transform_add_only,2799,2022-08-05,2022-08-15,0.0091475117753996,2022,2022-06-30,learned_order_extension,20260910,0.5536093008356698,0.5536093008356698,1,1
fixed_transform_add_only,2804,2022-08-12,2022-08-22,-0.0107272727272728,2022,2022-06-30,learned_order_extension,20260910,0.5736950180870537,0.5736950180870537,1,0
fixed_transform_add_only,2809,2022-08-19,2022-08-29,-0.0172375434082356,2022,2022-06-30,learned_order_extension,20260910,0.5418760095922661,0.5418760095922661,1,0
fixed_transform_add_only,2814,2022-08-26,2022-09-05,-0.0131573766941938,2022,2022-06-30,learned_order_extension,20260910,0.5176569131663284,0.5176569131663284,1,0
fixed_transform_add_only,2819,2022-09-02,2022-09-13,0.0253340680878015,2022,2022-06-30,learned_order_extension,20260910,0.4962778662726622,0.4962778662726622,0,1
fixed_transform_add_only,2824,2022-09-09,2022-09-19,-0.044647264962877,2022,2022-06-30,learned_order_extension,20260910,0.4558127146890393,0.4558127146890393,0,0
fixed_transform_add_only,2828,2022-09-16,2022-09-26,-0.025155151434928,2022,2022-06-30,learned_order_extension,20260910,0.5242672366811598,0.5242672366811598,1,0
fixed_transform_add_only,2833,2022-09-23,2022-10-10,-0.0060162941299352,2022,2022-06-30,learned_order_extension,20260910,0.5200411938383054,0.5200411938383054,1,0
fixed_transform_add_only,2838,2022-09-30,2022-10-17,0.0041192047412885,2022,2022-06-30,learned_order_extension,20260910,0.511914434338503,0.511914434338503,1,1
fixed_transform_add_only,2774,2022-07-01,2022-07-11,-0.0092349827532707,2022,2022-06-30,learned_order_offset,20260910,0.604895978814995,0.604895978814995,1,0
fixed_transform_add_only,2779,2022-07-08,2022-07-18,-0.0326815927737367,2022,2022-06-30,learned_order_offset,20260910,0.5705071005103808,0.5705071005103808,1,0
fixed_transform_add_only,2784,2022-07-15,2022-07-25,-0.0066210715249344,2022,2022-06-30,learned_order_offset,20260910,0.488482374143967,0.488482374143967,0,0
fixed_transform_add_only,2789,2022-07-22,2022-08-01,-0.0173077967751003,2022,2022-06-30,learned_order_offset,20260910,0.5844786710637628,0.5844786710637628,1,0
fixed_transform_add_only,2794,2022-07-29,2022-08-08,-0.004456034513838,2022,2022-06-30,learned_order_offset,20260910,0.5538576418650509,0.5538576418650509,1,0
fixed_transform_add_only,2799,2022-08-05,2022-08-15,0.0091475117753996,2022,2022-06-30,learned_order_offset,20260910,0.5503885417465282,0.5503885417465282,1,1
fixed_transform_add_only,2804,2022-08-12,2022-08-22,-0.0107272727272728,2022,2022-06-30,learned_order_offset,20260910,0.5713645343699983,0.5713645343699983,1,0
fixed_transform_add_only,2809,2022-08-19,2022-08-29,-0.0172375434082356,2022,2022-06-30,learned_order_offset,20260910,0.5440410473555846,0.5440410473555846,1,0
fixed_transform_add_only,2814,2022-08-26,2022-09-05,-0.0131573766941938,2022,2022-06-30,learned_order_offset,20260910,0.5122635104849126,0.5122635104849126,1,0
fixed_transform_add_only,2819,2022-09-02,2022-09-13,0.0253340680878015,2022,2022-06-30,learned_order_offset,20260910,0.490167079021981,0.490167079021981,0,1
fixed_transform_add_only,2824,2022-09-09,2022-09-19,-0.044647264962877,2022,2022-06-30,learned_order_offset,20260910,0.448006543645598,0.448006543645598,0,0
fixed_transform_add_only,2828,2022-09-16,2022-09-26,-0.025155151434928,2022,2022-06-30,learned_order_offset,20260910,0.5203016944771253,0.5203016944771253,1,0
fixed_transform_add_only,2833,2022-09-23,2022-10-10,-0.0060162941299352,2022,2022-06-30,learned_order_offset,20260910,0.5144276029007371,0.5144276029007371,1,0
fixed_transform_add_only,2838,2022-09-30,2022-10-17,0.0041192047412885,2022,2022-06-30,learned_order_offset,20260910,0.5064910842099529,0.5064910842099529,1,1
fixed_transform_add_only,2774,2022-07-01,2022-07-11,-0.0092349827532707,2022,2022-06-30,learned_market,20260911,0.5454173357358278,0.5454173357358278,1,0
fixed_transform_add_only,2779,2022-07-08,2022-07-18,-0.0326815927737367,2022,2022-06-30,learned_market,20260911,0.5586972575140441,0.5586972575140441,1,0
fixed_transform_add_only,2784,2022-07-15,2022-07-25,-0.0066210715249344,2022,2022-06-30,learned_market,20260911,0.3450957343815257,0.3450957343815257,0,0
fixed_transform_add_only,2789,2022-07-22,2022-08-01,-0.0173077967751003,2022,2022-06-30,learned_market,20260911,0.4077826687188822,0.4077826687188822,0,0
fixed_transform_add_only,2794,2022-07-29,2022-08-08,-0.004456034513838,2022,2022-06-30,learned_market,20260911,0.5431207161183964,0.5431207161183964,1,0
fixed_transform_add_only,2799,2022-08-05,2022-08-15,0.0091475117753996,2022,2022-06-30,learned_market,20260911,0.7021296448198292,0.7021296448198292,1,1
fixed_transform_add_only,2804,2022-08-12,2022-08-22,-0.0107272727272728,2022,2022-06-30,learned_market,20260911,0.6993341913468057,0.6993341913468057,1,0
fixed_transform_add_only,2809,2022-08-19,2022-08-29,-0.0172375434082356,2022,2022-06-30,learned_market,20260911,0.653222518283052,0.653222518283052,1,0
fixed_transform_add_only,2814,2022-08-26,2022-09-05,-0.0131573766941938,2022,2022-06-30,learned_market,20260911,0.7023409362844726,0.7023409362844726,1,0
fixed_transform_add_only,2819,2022-09-02,2022-09-13,0.0253340680878015,2022,2022-06-30,learned_market,20260911,0.6193071427676808,0.6193071427676808,1,1
fixed_transform_add_only,2824,2022-09-09,2022-09-19,-0.044647264962877,2022,2022-06-30,learned_market,20260911,0.5210799442598572,0.5210799442598572,1,0
fixed_transform_add_only,2828,2022-09-16,2022-09-26,-0.025155151434928,2022,2022-06-30,learned_market,20260911,0.5726950616228257,0.5726950616228257,1,0
fixed_transform_add_only,2833,2022-09-23,2022-10-10,-0.0060162941299352,2022,2022-06-30,learned_market,20260911,0.6473756942478737,0.6473756942478737,1,0
fixed_transform_add_only,2838,2022-09-30,2022-10-17,0.0041192047412885,2022,2022-06-30,learned_market,20260911,0.623343063750803,0.623343063750803,1,1
fixed_transform_add_only,2774,2022-07-01,2022-07-11,-0.0092349827532707,2022,2022-06-30,learned_vol_interaction,20260911,0.5418131244452017,0.5418131244452017,1,0
fixed_transform_add_only,2779,2022-07-08,2022-07-18,-0.0326815927737367,2022,2022-06-30,learned_vol_interaction,20260911,0.5528538769157717,0.5528538769157717,1,0
fixed_transform_add_only,2784,2022-07-15,2022-07-25,-0.0066210715249344,2022,2022-06-30,learned_vol_interaction,20260911,0.3392359817401236,0.3392359817401236,0,0
fixed_transform_add_only,2789,2022-07-22,2022-08-01,-0.0173077967751003,2022,2022-06-30,learned_vol_interaction,20260911,0.40086464257191334,0.40086464257191334,0,0
fixed_transform_add_only,2794,2022-07-29,2022-08-08,-0.004456034513838,2022,2022-06-30,learned_vol_interaction,20260911,0.5424957242993992,0.5424957242993992,1,0
fixed_transform_add_only,2799,2022-08-05,2022-08-15,0.0091475117753996,2022,2022-06-30,learned_vol_interaction,20260911,0.7015573559860976,0.7015573559860976,1,1
fixed_transform_add_only,2804,2022-08-12,2022-08-22,-0.0107272727272728,2022,2022-06-30,learned_vol_interaction,20260911,0.699002606897272,0.699002606897272,1,0
fixed_transform_add_only,2809,2022-08-19,2022-08-29,-0.0172375434082356,2022,2022-06-30,learned_vol_interaction,20260911,0.6519248218855054,0.6519248218855054,1,0
fixed_transform_add_only,2814,2022-08-26,2022-09-05,-0.0131573766941938,2022,2022-06-30,learned_vol_interaction,20260911,0.7002578819330457,0.7002578819330457,1,0
fixed_transform_add_only,2819,2022-09-02,2022-09-13,0.0253340680878015,2022,2022-06-30,learned_vol_interaction,20260911,0.6155901628185034,0.6155901628185034,1,1
fixed_transform_add_only,2824,2022-09-09,2022-09-19,-0.044647264962877,2022,2022-06-30,learned_vol_interaction,20260911,0.519086841359514,0.519086841359514,1,0
fixed_transform_add_only,2828,2022-09-16,2022-09-26,-0.025155151434928,2022,2022-06-30,learned_vol_interaction,20260911,0.5710417282701312,0.5710417282701312,1,0
fixed_transform_add_only,2833,2022-09-23,2022-10-10,-0.0060162941299352,2022,2022-06-30,learned_vol_interaction,20260911,0.6515243859458055,0.6515243859458055,1,0
fixed_transform_add_only,2838,2022-09-30,2022-10-17,0.0041192047412885,2022,2022-06-30,learned_vol_interaction,20260911,0.6222211897142705,0.6222211897142705,1,1
fixed_transform_add_only,2774,2022-07-01,2022-07-11,-0.0092349827532707,2022,2022-06-30,learned_order_extension,20260911,0.5299873730097164,0.5299873730097164,1,0
fixed_transform_add_only,2779,2022-07-08,2022-07-18,-0.0326815927737367,2022,2022-06-30,learned_order_extension,20260911,0.5410732989229551,0.5410732989229551,1,0
fixed_transform_add_only,2784,2022-07-15,2022-07-25,-0.0066210715249344,2022,2022-06-30,learned_order_extension,20260911,0.32831424432954315,0.32831424432954315,0,0
fixed_transform_add_only,2789,2022-07-22,2022-08-01,-0.0173077967751003,2022,2022-06-30,learned_order_extension,20260911,0.3521553140886944,0.3521553140886944,0,0
fixed_transform_add_only,2794,2022-07-29,2022-08-08,-0.004456034513838,2022,2022-06-30,learned_order_extension,20260911,0.5367000790459044,0.5367000790459044,1,0
fixed_transform_add_only,2799,2022-08-05,2022-08-15,0.0091475117753996,2022,2022-06-30,learned_order_extension,20260911,0.7541625327146463,0.7541625327146463,1,1
fixed_transform_add_only,2804,2022-08-12,2022-08-22,-0.0107272727272728,2022,2022-06-30,learned_order_extension,20260911,0.7574829673887454,0.7574829673887454,1,0
fixed_transform_add_only,2809,2022-08-19,2022-08-29,-0.0172375434082356,2022,2022-06-30,learned_order_extension,20260911,0.7133713181669163,0.7133713181669163,1,0
fixed_transform_add_only,2814,2022-08-26,2022-09-05,-0.0131573766941938,2022,2022-06-30,learned_order_extension,20260911,0.7745051012094655,0.7745051012094655,1,0
fixed_transform_add_only,2819,2022-09-02,2022-09-13,0.0253340680878015,2022,2022-06-30,learned_order_extension,20260911,0.659223364657131,0.659223364657131,1,1
fixed_transform_add_only,2824,2022-09-09,2022-09-19,-0.044647264962877,2022,2022-06-30,learned_order_extension,20260911,0.5468145545478075,0.5468145545478075,1,0
fixed_transform_add_only,2828,2022-09-16,2022-09-26,-0.025155151434928,2022,2022-06-30,learned_order_extension,20260911,0.6083835162572707,0.6083835162572707,1,0
fixed_transform_add_only,2833,2022-09-23,2022-10-10,-0.0060162941299352,2022,2022-06-30,learned_order_extension,20260911,0.7036236672938323,0.7036236672938323,1,0
fixed_transform_add_only,2838,2022-09-30,2022-10-17,0.0041192047412885,2022,2022-06-30,learned_order_extension,20260911,0.6292622314368541,0.6292622314368541,1,1
fixed_transform_add_only,2774,2022-07-01,2022-07-11,-0.0092349827532707,2022,2022-06-30,learned_order_offset,20260911,0.5284352136672945,0.5284352136672945,1,0
fixed_transform_add_only,2779,2022-07-08,2022-07-18,-0.0326815927737367,2022,2022-06-30,learned_order_offset,20260911,0.5400899504332709,0.5400899504332709,1,0
fixed_transform_add_only,2784,2022-07-15,2022-07-25,-0.0066210715249344,2022,2022-06-30,learned_order_offset,20260911,0.3281728602046564,0.3281728602046564,0,0
fixed_transform_add_only,2789,2022-07-22,2022-08-01,-0.0173077967751003,2022,2022-06-30,learned_order_offset,20260911,0.35214465328361877,0.35214465328361877,0,0
fixed_transform_add_only,2794,2022-07-29,2022-08-08,-0.004456034513838,2022,2022-06-30,learned_order_offset,20260911,0.5366604773746271,0.5366604773746271,1,0
fixed_transform_add_only,2799,2022-08-05,2022-08-15,0.0091475117753996,2022,2022-06-30,learned_order_offset,20260911,0.7537503170628432,0.7537503170628432,1,1
fixed_transform_add_only,2804,2022-08-12,2022-08-22,-0.0107272727272728,2022,2022-06-30,learned_order_offset,20260911,0.7569931288407155,0.7569931288407155,1,0
fixed_transform_add_only,2809,2022-08-19,2022-08-29,-0.0172375434082356,2022,2022-06-30,learned_order_offset,20260911,0.713201229809566,0.713201229809566,1,0
fixed_transform_add_only,2814,2022-08-26,2022-09-05,-0.0131573766941938,2022,2022-06-30,learned_order_offset,20260911,0.774573399089575,0.774573399089575,1,0
fixed_transform_add_only,2819,2022-09-02,2022-09-13,0.0253340680878015,2022,2022-06-30,learned_order_offset,20260911,0.660026692121363,0.660026692121363,1,1
fixed_transform_add_only,2824,2022-09-09,2022-09-19,-0.044647264962877,2022,2022-06-30,learned_order_offset,20260911,0.5462109903155233,0.5462109903155233,1,0
fixed_transform_add_only,2828,2022-09-16,2022-09-26,-0.025155151434928,2022,2022-06-30,learned_order_offset,20260911,0.6079549009457252,0.6079549009457252,1,0
fixed_transform_add_only,2833,2022-09-23,2022-10-10,-0.0060162941299352,2022,2022-06-30,learned_order_offset,20260911,0.7023316243131192,0.7023316243131192,1,0
fixed_transform_add_only,2838,2022-09-30,2022-10-17,0.0041192047412885,2022,2022-06-30,learned_order_offset,20260911,0.6290166239078833,0.6290166239078833,1,1
fixed_transform_add_only,2774,2022-07-01,2022-07-11,-0.0092349827532707,2022,2022-06-30,learned_market,20260912,0.46872273837503764,0.46872273837503764,0,0
fixed_transform_add_only,2779,2022-07-08,2022-07-18,-0.0326815927737367,2022,2022-06-30,learned_market,20260912,0.5148098806058842,0.5148098806058842,1,0
fixed_transform_add_only,2784,2022-07-15,2022-07-25,-0.0066210715249344,2022,2022-06-30,learned_market,20260912,0.5482973717053969,0.5482973717053969,1,0
fixed_transform_add_only,2789,2022-07-22,2022-08-01,-0.0173077967751003,2022,2022-06-30,learned_market,20260912,0.5778662442388967,0.5778662442388967,1,0
fixed_transform_add_only,2794,2022-07-29,2022-08-08,-0.004456034513838,2022,2022-06-30,learned_market,20260912,0.7075750824751568,0.7075750824751568,1,0
fixed_transform_add_only,2799,2022-08-05,2022-08-15,0.0091475117753996,2022,2022-06-30,learned_market,20260912,0.6433585511734317,0.6433585511734317,1,1
fixed_transform_add_only,2804,2022-08-12,2022-08-22,-0.0107272727272728,2022,2022-06-30,learned_market,20260912,0.5820326238906476,0.5820326238906476,1,0
fixed_transform_add_only,2809,2022-08-19,2022-08-29,-0.0172375434082356,2022,2022-06-30,learned_market,20260912,0.5277378116154066,0.5277378116154066,1,0
fixed_transform_add_only,2814,2022-08-26,2022-09-05,-0.0131573766941938,2022,2022-06-30,learned_market,20260912,0.5707183763179093,0.5707183763179093,1,0
fixed_transform_add_only,2819,2022-09-02,2022-09-13,0.0253340680878015,2022,2022-06-30,learned_market,20260912,0.6316605094827048,0.6316605094827048,1,1
fixed_transform_add_only,2824,2022-09-09,2022-09-19,-0.044647264962877,2022,2022-06-30,learned_market,20260912,0.7036699549486207,0.7036699549486207,1,0
fixed_transform_add_only,2828,2022-09-16,2022-09-26,-0.025155151434928,2022,2022-06-30,learned_market,20260912,0.6813811443216725,0.6813811443216725,1,0
fixed_transform_add_only,2833,2022-09-23,2022-10-10,-0.0060162941299352,2022,2022-06-30,learned_market,20260912,0.6556225170852648,0.6556225170852648,1,0
fixed_transform_add_only,2838,2022-09-30,2022-10-17,0.0041192047412885,2022,2022-06-30,learned_market,20260912,0.6267839437793444,0.6267839437793444,1,1
fixed_transform_add_only,2774,2022-07-01,2022-07-11,-0.0092349827532707,2022,2022-06-30,learned_vol_interaction,20260912,0.43985664742632324,0.43985664742632324,0,0
fixed_transform_add_only,2779,2022-07-08,2022-07-18,-0.0326815927737367,2022,2022-06-30,learned_vol_interaction,20260912,0.49431739919550294,0.49431739919550294,0,0
fixed_transform_add_only,2784,2022-07-15,2022-07-25,-0.0066210715249344,2022,2022-06-30,learned_vol_interaction,20260912,0.5297312220934248,0.5297312220934248,1,0
fixed_transform_add_only,2789,2022-07-22,2022-08-01,-0.0173077967751003,2022,2022-06-30,learned_vol_interaction,20260912,0.5733843441757827,0.5733843441757827,1,0
fixed_transform_add_only,2794,2022-07-29,2022-08-08,-0.004456034513838,2022,2022-06-30,learned_vol_interaction,20260912,0.7194566197578289,0.7194566197578289,1,0
fixed_transform_add_only,2799,2022-08-05,2022-08-15,0.0091475117753996,2022,2022-06-30,learned_vol_interaction,20260912,0.6466922838497228,0.6466922838497228,1,1
fixed_transform_add_only,2804,2022-08-12,2022-08-22,-0.0107272727272728,2022,2022-06-30,learned_vol_interaction,20260912,0.5771259145452997,0.5771259145452997,1,0
fixed_transform_add_only,2809,2022-08-19,2022-08-29,-0.0172375434082356,2022,2022-06-30,learned_vol_interaction,20260912,0.5331047680966241,0.5331047680966241,1,0
fixed_transform_add_only,2814,2022-08-26,2022-09-05,-0.0131573766941938,2022,2022-06-30,learned_vol_interaction,20260912,0.5687465621861059,0.5687465621861059,1,0
fixed_transform_add_only,2819,2022-09-02,2022-09-13,0.0253340680878015,2022,2022-06-30,learned_vol_interaction,20260912,0.6172615896312581,0.6172615896312581,1,1
fixed_transform_add_only,2824,2022-09-09,2022-09-19,-0.044647264962877,2022,2022-06-30,learned_vol_interaction,20260912,0.7135120754396514,0.7135120754396514,1,0
fixed_transform_add_only,2828,2022-09-16,2022-09-26,-0.025155151434928,2022,2022-06-30,learned_vol_interaction,20260912,0.6840355729987192,0.6840355729987192,1,0
fixed_transform_add_only,2833,2022-09-23,2022-10-10,-0.0060162941299352,2022,2022-06-30,learned_vol_interaction,20260912,0.6714978216349025,0.6714978216349025,1,0
fixed_transform_add_only,2838,2022-09-30,2022-10-17,0.0041192047412885,2022,2022-06-30,learned_vol_interaction,20260912,0.6306987111427699,0.6306987111427699,1,1
fixed_transform_add_only,2774,2022-07-01,2022-07-11,-0.0092349827532707,2022,2022-06-30,learned_order_extension,20260912,0.48401860982561623,0.48401860982561623,0,0
fixed_transform_add_only,2779,2022-07-08,2022-07-18,-0.0326815927737367,2022,2022-06-30,learned_order_extension,20260912,0.545462827845249,0.545462827845249,1,0
fixed_transform_add_only,2784,2022-07-15,2022-07-25,-0.0066210715249344,2022,2022-06-30,learned_order_extension,20260912,0.5458218757139663,0.5458218757139663,1,0
fixed_transform_add_only,2789,2022-07-22,2022-08-01,-0.0173077967751003,2022,2022-06-30,learned_order_extension,20260912,0.593195810960879,0.593195810960879,1,0
fixed_transform_add_only,2794,2022-07-29,2022-08-08,-0.004456034513838,2022,2022-06-30,learned_order_extension,20260912,0.5736851594424618,0.5736851594424618,1,0
fixed_transform_add_only,2799,2022-08-05,2022-08-15,0.0091475117753996,2022,2022-06-30,learned_order_extension,20260912,0.5542727818538475,0.5542727818538475,1,1
fixed_transform_add_only,2804,2022-08-12,2022-08-22,-0.0107272727272728,2022,2022-06-30,learned_order_extension,20260912,0.5850097087042743,0.5850097087042743,1,0
fixed_transform_add_only,2809,2022-08-19,2022-08-29,-0.0172375434082356,2022,2022-06-30,learned_order_extension,20260912,0.5115684316301157,0.5115684316301157,1,0
fixed_transform_add_only,2814,2022-08-26,2022-09-05,-0.0131573766941938,2022,2022-06-30,learned_order_extension,20260912,0.5225442337588848,0.5225442337588848,1,0
fixed_transform_add_only,2819,2022-09-02,2022-09-13,0.0253340680878015,2022,2022-06-30,learned_order_extension,20260912,0.5081288861452964,0.5081288861452964,1,1
fixed_transform_add_only,2824,2022-09-09,2022-09-19,-0.044647264962877,2022,2022-06-30,learned_order_extension,20260912,0.45382501449263596,0.45382501449263596,0,0
fixed_transform_add_only,2828,2022-09-16,2022-09-26,-0.025155151434928,2022,2022-06-30,learned_order_extension,20260912,0.46507114334711913,0.46507114334711913,0,0
fixed_transform_add_only,2833,2022-09-23,2022-10-10,-0.0060162941299352,2022,2022-06-30,learned_order_extension,20260912,0.5098460587931559,0.5098460587931559,1,0
fixed_transform_add_only,2838,2022-09-30,2022-10-17,0.0041192047412885,2022,2022-06-30,learned_order_extension,20260912,0.5244372446027888,0.5244372446027888,1,1
fixed_transform_add_only,2774,2022-07-01,2022-07-11,-0.0092349827532707,2022,2022-06-30,learned_order_offset,20260912,0.4891472031413855,0.4891472031413855,0,0
fixed_transform_add_only,2779,2022-07-08,2022-07-18,-0.0326815927737367,2022,2022-06-30,learned_order_offset,20260912,0.5482292422696626,0.5482292422696626,1,0
fixed_transform_add_only,2784,2022-07-15,2022-07-25,-0.0066210715249344,2022,2022-06-30,learned_order_offset,20260912,0.5470221063657082,0.5470221063657082,1,0
fixed_transform_add_only,2789,2022-07-22,2022-08-01,-0.0173077967751003,2022,2022-06-30,learned_order_offset,20260912,0.594645809432373,0.594645809432373,1,0
fixed_transform_add_only,2794,2022-07-29,2022-08-08,-0.004456034513838,2022,2022-06-30,learned_order_offset,20260912,0.5748684256208839,0.5748684256208839,1,0
fixed_transform_add_only,2799,2022-08-05,2022-08-15,0.0091475117753996,2022,2022-06-30,learned_order_offset,20260912,0.554744505736234,0.554744505736234,1,1
fixed_transform_add_only,2804,2022-08-12,2022-08-22,-0.0107272727272728,2022,2022-06-30,learned_order_offset,20260912,0.5870966056574644,0.5870966056574644,1,0
fixed_transform_add_only,2809,2022-08-19,2022-08-29,-0.0172375434082356,2022,2022-06-30,learned_order_offset,20260912,0.5095677097367679,0.5095677097367679,1,0
fixed_transform_add_only,2814,2022-08-26,2022-09-05,-0.0131573766941938,2022,2022-06-30,learned_order_offset,20260912,0.5218889938191438,0.5218889938191438,1,0
fixed_transform_add_only,2819,2022-09-02,2022-09-13,0.0253340680878015,2022,2022-06-30,learned_order_offset,20260912,0.5069384681397031,0.5069384681397031,1,1
fixed_transform_add_only,2824,2022-09-09,2022-09-19,-0.044647264962877,2022,2022-06-30,learned_order_offset,20260912,0.45061862510925343,0.45061862510925343,0,0
fixed_transform_add_only,2828,2022-09-16,2022-09-26,-0.025155151434928,2022,2022-06-30,learned_order_offset,20260912,0.46202561617976406,0.46202561617976406,0,0
fixed_transform_add_only,2833,2022-09-23,2022-10-10,-0.0060162941299352,2022,2022-06-30,learned_order_offset,20260912,0.5064023276756882,0.5064023276756882,1,0
fixed_transform_add_only,2838,2022-09-30,2022-10-17,0.0041192047412885,2022,2022-06-30,learned_order_offset,20260912,0.520602123033072,0.520602123033072,1,1
fixed_transform_add_only,2774,2022-07-01,2022-07-11,-0.0092349827532707,2022,2022-06-30,training_frequency,-1,0.5346385542168675,0.5346385542168675,1,0
fixed_transform_add_only,2779,2022-07-08,2022-07-18,-0.0326815927737367,2022,2022-06-30,training_frequency,-1,0.5346385542168675,0.5346385542168675,1,0
fixed_transform_add_only,2784,2022-07-15,2022-07-25,-0.0066210715249344,2022,2022-06-30,training_frequency,-1,0.5346385542168675,0.5346385542168675,1,0
fixed_transform_add_only,2789,2022-07-22,2022-08-01,-0.0173077967751003,2022,2022-06-30,training_frequency,-1,0.5346385542168675,0.5346385542168675,1,0
fixed_transform_add_only,2794,2022-07-29,2022-08-08,-0.004456034513838,2022,2022-06-30,training_frequency,-1,0.5346385542168675,0.5346385542168675,1,0
fixed_transform_add_only,2799,2022-08-05,2022-08-15,0.0091475117753996,2022,2022-06-30,training_frequency,-1,0.5346385542168675,0.5346385542168675,1,1
fixed_transform_add_only,2804,2022-08-12,2022-08-22,-0.0107272727272728,2022,2022-06-30,training_frequency,-1,0.5346385542168675,0.5346385542168675,1,0
fixed_transform_add_only,2809,2022-08-19,2022-08-29,-0.0172375434082356,2022,2022-06-30,training_frequency,-1,0.5346385542168675,0.5346385542168675,1,0
fixed_transform_add_only,2814,2022-08-26,2022-09-05,-0.0131573766941938,2022,2022-06-30,training_frequency,-1,0.5346385542168675,0.5346385542168675,1,0
fixed_transform_add_only,2819,2022-09-02,2022-09-13,0.0253340680878015,2022,2022-06-30,training_frequency,-1,0.5346385542168675,0.5346385542168675,1,1
fixed_transform_add_only,2824,2022-09-09,2022-09-19,-0.044647264962877,2022,2022-06-30,training_frequency,-1,0.5346385542168675,0.5346385542168675,1,0
fixed_transform_add_only,2828,2022-09-16,2022-09-26,-0.025155151434928,2022,2022-06-30,training_frequency,-1,0.5346385542168675,0.5346385542168675,1,0
fixed_transform_add_only,2833,2022-09-23,2022-10-10,-0.0060162941299352,2022,2022-06-30,training_frequency,-1,0.5346385542168675,0.5346385542168675,1,0
fixed_transform_add_only,2838,2022-09-30,2022-10-17,0.0041192047412885,2022,2022-06-30,training_frequency,-1,0.5346385542168675,0.5346385542168675,1,1
fixed_transform_add_only,2843,2022-10-14,2022-10-24,-0.0246766294110258,2022,2022-09-30,learned_market,20260910,0.5701001840617206,0.5701001840617206,1,0
fixed_transform_add_only,2848,2022-10-21,2022-10-31,-0.059928861134359,2022,2022-09-30,learned_market,20260910,0.596356926854037,0.596356926854037,1,0
fixed_transform_add_only,2853,2022-10-28,2022-11-07,0.071339502526744,2022,2022-09-30,learned_market,20260910,0.4286525782794074,0.4286525782794074,0,1
fixed_transform_add_only,2858,2022-11-04,2022-11-14,0.0169449090696014,2022,2022-09-30,learned_market,20260910,0.5866557131227214,0.5866557131227214,1,1
fixed_transform_add_only,2863,2022-11-11,2022-11-21,-0.0127051391515239,2022,2022-09-30,learned_market,20260910,0.5260065934659867,0.5260065934659867,1,0
fixed_transform_add_only,2868,2022-11-18,2022-11-28,-0.0179672806084416,2022,2022-09-30,learned_market,20260910,0.5592592715884492,0.5592592715884492,1,0
fixed_transform_add_only,2873,2022-11-25,2022-12-05,0.0555768659337096,2022,2022-09-30,learned_market,20260910,0.46910006668937443,0.46910006668937443,0,1
fixed_transform_add_only,2878,2022-12-02,2022-12-12,0.0175374394775362,2022,2022-09-30,learned_market,20260910,0.4512044609305277,0.4512044609305277,0,1
fixed_transform_add_only,2883,2022-12-09,2022-12-19,-0.0058850602464181,2022,2022-09-30,learned_market,20260910,0.4004509045825422,0.4004509045825422,0,0
fixed_transform_add_only,2888,2022-12-16,2022-12-26,-0.0309150292073658,2022,2022-09-30,learned_market,20260910,0.5408911556295306,0.5408911556295306,1,0
fixed_transform_add_only,2893,2022-12-23,2023-01-03,0.0089464492229616,2022,2022-09-30,learned_market,20260910,0.4537682788375873,0.4537682788375873,0,1
fixed_transform_add_only,2898,2022-12-30,2023-01-09,0.0345913414268119,2022,2022-09-30,learned_market,20260910,0.5151712536564313,0.5151712536564313,1,1
fixed_transform_add_only,2843,2022-10-14,2022-10-24,-0.0246766294110258,2022,2022-09-30,learned_vol_interaction,20260910,0.5684788655622147,0.5684788655622147,1,0
fixed_transform_add_only,2848,2022-10-21,2022-10-31,-0.059928861134359,2022,2022-09-30,learned_vol_interaction,20260910,0.6024711586730819,0.6024711586730819,1,0
fixed_transform_add_only,2853,2022-10-28,2022-11-07,0.071339502526744,2022,2022-09-30,learned_vol_interaction,20260910,0.4337628159834629,0.4337628159834629,0,1
fixed_transform_add_only,2858,2022-11-04,2022-11-14,0.0169449090696014,2022,2022-09-30,learned_vol_interaction,20260910,0.5697319674208265,0.5697319674208265,1,1
fixed_transform_add_only,2863,2022-11-11,2022-11-21,-0.0127051391515239,2022,2022-09-30,learned_vol_interaction,20260910,0.5168828718563625,0.5168828718563625,1,0
fixed_transform_add_only,2868,2022-11-18,2022-11-28,-0.0179672806084416,2022,2022-09-30,learned_vol_interaction,20260910,0.5527558628213162,0.5527558628213162,1,0
fixed_transform_add_only,2873,2022-11-25,2022-12-05,0.0555768659337096,2022,2022-09-30,learned_vol_interaction,20260910,0.47595413749163423,0.47595413749163423,0,1
fixed_transform_add_only,2878,2022-12-02,2022-12-12,0.0175374394775362,2022,2022-09-30,learned_vol_interaction,20260910,0.45091856256764645,0.45091856256764645,0,1
fixed_transform_add_only,2883,2022-12-09,2022-12-19,-0.0058850602464181,2022,2022-09-30,learned_vol_interaction,20260910,0.39169513251315413,0.39169513251315413,0,0
fixed_transform_add_only,2888,2022-12-16,2022-12-26,-0.0309150292073658,2022,2022-09-30,learned_vol_interaction,20260910,0.5395409571199926,0.5395409571199926,1,0
fixed_transform_add_only,2893,2022-12-23,2023-01-03,0.0089464492229616,2022,2022-09-30,learned_vol_interaction,20260910,0.4491268710606972,0.4491268710606972,0,1
fixed_transform_add_only,2898,2022-12-30,2023-01-09,0.0345913414268119,2022,2022-09-30,learned_vol_interaction,20260910,0.5147488925342102,0.5147488925342102,1,1
fixed_transform_add_only,2843,2022-10-14,2022-10-24,-0.0246766294110258,2022,2022-09-30,learned_order_extension,20260910,0.4735388196649973,0.4735388196649973,0,0
fixed_transform_add_only,2848,2022-10-21,2022-10-31,-0.059928861134359,2022,2022-09-30,learned_order_extension,20260910,0.5641088285915414,0.5641088285915414,1,0
fixed_transform_add_only,2853,2022-10-28,2022-11-07,0.071339502526744,2022,2022-09-30,learned_order_extension,20260910,0.45848056130717013,0.45848056130717013,0,1
fixed_transform_add_only,2858,2022-11-04,2022-11-14,0.0169449090696014,2022,2022-09-30,learned_order_extension,20260910,0.5535025618862229,0.5535025618862229,1,1
fixed_transform_add_only,2863,2022-11-11,2022-11-21,-0.0127051391515239,2022,2022-09-30,learned_order_extension,20260910,0.5455857828034085,0.5455857828034085,1,0
fixed_transform_add_only,2868,2022-11-18,2022-11-28,-0.0179672806084416,2022,2022-09-30,learned_order_extension,20260910,0.5937391496214515,0.5937391496214515,1,0
fixed_transform_add_only,2873,2022-11-25,2022-12-05,0.0555768659337096,2022,2022-09-30,learned_order_extension,20260910,0.4635332284500658,0.4635332284500658,0,1
fixed_transform_add_only,2878,2022-12-02,2022-12-12,0.0175374394775362,2022,2022-09-30,learned_order_extension,20260910,0.36456152012336596,0.36456152012336596,0,1
fixed_transform_add_only,2883,2022-12-09,2022-12-19,-0.0058850602464181,2022,2022-09-30,learned_order_extension,20260910,0.28718521652321227,0.28718521652321227,0,0
fixed_transform_add_only,2888,2022-12-16,2022-12-26,-0.0309150292073658,2022,2022-09-30,learned_order_extension,20260910,0.5653811129543437,0.5653811129543437,1,0
fixed_transform_add_only,2893,2022-12-23,2023-01-03,0.0089464492229616,2022,2022-09-30,learned_order_extension,20260910,0.4425498844922887,0.4425498844922887,0,1
fixed_transform_add_only,2898,2022-12-30,2023-01-09,0.0345913414268119,2022,2022-09-30,learned_order_extension,20260910,0.5327616505915919,0.5327616505915919,1,1
fixed_transform_add_only,2843,2022-10-14,2022-10-24,-0.0246766294110258,2022,2022-09-30,learned_order_offset,20260910,0.4703440662794379,0.4703440662794379,0,0
fixed_transform_add_only,2848,2022-10-21,2022-10-31,-0.059928861134359,2022,2022-09-30,learned_order_offset,20260910,0.5580713428722199,0.5580713428722199,1,0
fixed_transform_add_only,2853,2022-10-28,2022-11-07,0.071339502526744,2022,2022-09-30,learned_order_offset,20260910,0.44876936558354347,0.44876936558354347,0,1
fixed_transform_add_only,2858,2022-11-04,2022-11-14,0.0169449090696014,2022,2022-09-30,learned_order_offset,20260910,0.5641397735164729,0.5641397735164729,1,1
fixed_transform_add_only,2863,2022-11-11,2022-11-21,-0.0127051391515239,2022,2022-09-30,learned_order_offset,20260910,0.5372206602335305,0.5372206602335305,1,0
fixed_transform_add_only,2868,2022-11-18,2022-11-28,-0.0179672806084416,2022,2022-09-30,learned_order_offset,20260910,0.5850085736790349,0.5850085736790349,1,0
fixed_transform_add_only,2873,2022-11-25,2022-12-05,0.0555768659337096,2022,2022-09-30,learned_order_offset,20260910,0.4507699522425352,0.4507699522425352,0,1
fixed_transform_add_only,2878,2022-12-02,2022-12-12,0.0175374394775362,2022,2022-09-30,learned_order_offset,20260910,0.36348880846671433,0.36348880846671433,0,1
fixed_transform_add_only,2883,2022-12-09,2022-12-19,-0.0058850602464181,2022,2022-09-30,learned_order_offset,20260910,0.2992357797055147,0.2992357797055147,0,0
fixed_transform_add_only,2888,2022-12-16,2022-12-26,-0.0309150292073658,2022,2022-09-30,learned_order_offset,20260910,0.5516448606044955,0.5516448606044955,1,0
fixed_transform_add_only,2893,2022-12-23,2023-01-03,0.0089464492229616,2022,2022-09-30,learned_order_offset,20260910,0.44729326963164445,0.44729326963164445,0,1
fixed_transform_add_only,2898,2022-12-30,2023-01-09,0.0345913414268119,2022,2022-09-30,learned_order_offset,20260910,0.5303614960960347,0.5303614960960347,1,1
fixed_transform_add_only,2843,2022-10-14,2022-10-24,-0.0246766294110258,2022,2022-09-30,learned_market,20260911,0.5754818001030645,0.5754818001030645,1,0
fixed_transform_add_only,2848,2022-10-21,2022-10-31,-0.059928861134359,2022,2022-09-30,learned_market,20260911,0.6457580792318901,0.6457580792318901,1,0
fixed_transform_add_only,2853,2022-10-28,2022-11-07,0.071339502526744,2022,2022-09-30,learned_market,20260911,0.5255750904161768,0.5255750904161768,1,1
fixed_transform_add_only,2858,2022-11-04,2022-11-14,0.0169449090696014,2022,2022-09-30,learned_market,20260911,0.2923271663688969,0.2923271663688969,0,1
fixed_transform_add_only,2863,2022-11-11,2022-11-21,-0.0127051391515239,2022,2022-09-30,learned_market,20260911,0.43981090280363827,0.43981090280363827,0,0
fixed_transform_add_only,2868,2022-11-18,2022-11-28,-0.0179672806084416,2022,2022-09-30,learned_market,20260911,0.3326024118432945,0.3326024118432945,0,0
fixed_transform_add_only,2873,2022-11-25,2022-12-05,0.0555768659337096,2022,2022-09-30,learned_market,20260911,0.41114311248134744,0.41114311248134744,0,1
fixed_transform_add_only,2878,2022-12-02,2022-12-12,0.0175374394775362,2022,2022-09-30,learned_market,20260911,0.5380600730307689,0.5380600730307689,1,1
fixed_transform_add_only,2883,2022-12-09,2022-12-19,-0.0058850602464181,2022,2022-09-30,learned_market,20260911,0.5420690511521963,0.5420690511521963,1,0
fixed_transform_add_only,2888,2022-12-16,2022-12-26,-0.0309150292073658,2022,2022-09-30,learned_market,20260911,0.48717662976063403,0.48717662976063403,0,0
fixed_transform_add_only,2893,2022-12-23,2023-01-03,0.0089464492229616,2022,2022-09-30,learned_market,20260911,0.5248248783802631,0.5248248783802631,1,1
fixed_transform_add_only,2898,2022-12-30,2023-01-09,0.0345913414268119,2022,2022-09-30,learned_market,20260911,0.2992586792800008,0.2992586792800008,0,1
fixed_transform_add_only,2843,2022-10-14,2022-10-24,-0.0246766294110258,2022,2022-09-30,learned_vol_interaction,20260911,0.5731556599190479,0.5731556599190479,1,0
fixed_transform_add_only,2848,2022-10-21,2022-10-31,-0.059928861134359,2022,2022-09-30,learned_vol_interaction,20260911,0.6499049715053212,0.6499049715053212,1,0
fixed_transform_add_only,2853,2022-10-28,2022-11-07,0.071339502526744,2022,2022-09-30,learned_vol_interaction,20260911,0.5197833107208857,0.5197833107208857,1,1
fixed_transform_add_only,2858,2022-11-04,2022-11-14,0.0169449090696014,2022,2022-09-30,learned_vol_interaction,20260911,0.3230485499713071,0.3230485499713071,0,1
fixed_transform_add_only,2863,2022-11-11,2022-11-21,-0.0127051391515239,2022,2022-09-30,learned_vol_interaction,20260911,0.4571178904346454,0.4571178904346454,0,0
fixed_transform_add_only,2868,2022-11-18,2022-11-28,-0.0179672806084416,2022,2022-09-30,learned_vol_interaction,20260911,0.37277128483264305,0.37277128483264305,0,0
fixed_transform_add_only,2873,2022-11-25,2022-12-05,0.0555768659337096,2022,2022-09-30,learned_vol_interaction,20260911,0.4196637004619614,0.4196637004619614,0,1
fixed_transform_add_only,2878,2022-12-02,2022-12-12,0.0175374394775362,2022,2022-09-30,learned_vol_interaction,20260911,0.5404893126576837,0.5404893126576837,1,1
fixed_transform_add_only,2883,2022-12-09,2022-12-19,-0.0058850602464181,2022,2022-09-30,learned_vol_interaction,20260911,0.5364072773716455,0.5364072773716455,1,0
fixed_transform_add_only,2888,2022-12-16,2022-12-26,-0.0309150292073658,2022,2022-09-30,learned_vol_interaction,20260911,0.48349451415309,0.48349451415309,0,0
fixed_transform_add_only,2893,2022-12-23,2023-01-03,0.0089464492229616,2022,2022-09-30,learned_vol_interaction,20260911,0.5306385833113815,0.5306385833113815,1,1
fixed_transform_add_only,2898,2022-12-30,2023-01-09,0.0345913414268119,2022,2022-09-30,learned_vol_interaction,20260911,0.2823926433903203,0.2823926433903203,0,1
fixed_transform_add_only,2843,2022-10-14,2022-10-24,-0.0246766294110258,2022,2022-09-30,learned_order_extension,20260911,0.5757344219282636,0.5757344219282636,1,0
fixed_transform_add_only,2848,2022-10-21,2022-10-31,-0.059928861134359,2022,2022-09-30,learned_order_extension,20260911,0.640759126641216,0.640759126641216,1,0
fixed_transform_add_only,2853,2022-10-28,2022-11-07,0.071339502526744,2022,2022-09-30,learned_order_extension,20260911,0.5261651733652832,0.5261651733652832,1,1
fixed_transform_add_only,2858,2022-11-04,2022-11-14,0.0169449090696014,2022,2022-09-30,learned_order_extension,20260911,0.3452588643665278,0.3452588643665278,0,1
fixed_transform_add_only,2863,2022-11-11,2022-11-21,-0.0127051391515239,2022,2022-09-30,learned_order_extension,20260911,0.4501874050600515,0.4501874050600515,0,0
fixed_transform_add_only,2868,2022-11-18,2022-11-28,-0.0179672806084416,2022,2022-09-30,learned_order_extension,20260911,0.3443672975141149,0.3443672975141149,0,0
fixed_transform_add_only,2873,2022-11-25,2022-12-05,0.0555768659337096,2022,2022-09-30,learned_order_extension,20260911,0.407165400811874,0.407165400811874,0,1
fixed_transform_add_only,2878,2022-12-02,2022-12-12,0.0175374394775362,2022,2022-09-30,learned_order_extension,20260911,0.5504595772543297,0.5504595772543297,1,1
fixed_transform_add_only,2883,2022-12-09,2022-12-19,-0.0058850602464181,2022,2022-09-30,learned_order_extension,20260911,0.524407947946841,0.524407947946841,1,0
fixed_transform_add_only,2888,2022-12-16,2022-12-26,-0.0309150292073658,2022,2022-09-30,learned_order_extension,20260911,0.47864910006481975,0.47864910006481975,0,0
fixed_transform_add_only,2893,2022-12-23,2023-01-03,0.0089464492229616,2022,2022-09-30,learned_order_extension,20260911,0.5409086495045211,0.5409086495045211,1,1
fixed_transform_add_only,2898,2022-12-30,2023-01-09,0.0345913414268119,2022,2022-09-30,learned_order_extension,20260911,0.2827182238536408,0.2827182238536408,0,1
fixed_transform_add_only,2843,2022-10-14,2022-10-24,-0.0246766294110258,2022,2022-09-30,learned_order_offset,20260911,0.5729255563158465,0.5729255563158465,1,0
fixed_transform_add_only,2848,2022-10-21,2022-10-31,-0.059928861134359,2022,2022-09-30,learned_order_offset,20260911,0.6362131172999976,0.6362131172999976,1,0
fixed_transform_add_only,2853,2022-10-28,2022-11-07,0.071339502526744,2022,2022-09-30,learned_order_offset,20260911,0.5211776493401632,0.5211776493401632,1,1
fixed_transform_add_only,2858,2022-11-04,2022-11-14,0.0169449090696014,2022,2022-09-30,learned_order_offset,20260911,0.34791834823399126,0.34791834823399126,0,1
fixed_transform_add_only,2863,2022-11-11,2022-11-21,-0.0127051391515239,2022,2022-09-30,learned_order_offset,20260911,0.45523705071030346,0.45523705071030346,0,0
fixed_transform_add_only,2868,2022-11-18,2022-11-28,-0.0179672806084416,2022,2022-09-30,learned_order_offset,20260911,0.35030341121694175,0.35030341121694175,0,0
fixed_transform_add_only,2873,2022-11-25,2022-12-05,0.0555768659337096,2022,2022-09-30,learned_order_offset,20260911,0.4110838432624656,0.4110838432624656,0,1
fixed_transform_add_only,2878,2022-12-02,2022-12-12,0.0175374394775362,2022,2022-09-30,learned_order_offset,20260911,0.5516900398258249,0.5516900398258249,1,1
fixed_transform_add_only,2883,2022-12-09,2022-12-19,-0.0058850602464181,2022,2022-09-30,learned_order_offset,20260911,0.5275908467809737,0.5275908467809737,1,0
fixed_transform_add_only,2888,2022-12-16,2022-12-26,-0.0309150292073658,2022,2022-09-30,learned_order_offset,20260911,0.4811458539559187,0.4811458539559187,0,0
fixed_transform_add_only,2893,2022-12-23,2023-01-03,0.0089464492229616,2022,2022-09-30,learned_order_offset,20260911,0.5410806918259445,0.5410806918259445,1,1
fixed_transform_add_only,2898,2022-12-30,2023-01-09,0.0345913414268119,2022,2022-09-30,learned_order_offset,20260911,0.2864178789799808,0.2864178789799808,0,1
fixed_transform_add_only,2843,2022-10-14,2022-10-24,-0.0246766294110258,2022,2022-09-30,learned_market,20260912,0.5496765781069911,0.5496765781069911,1,0
fixed_transform_add_only,2848,2022-10-21,2022-10-31,-0.059928861134359,2022,2022-09-30,learned_market,20260912,0.5854765713191099,0.5854765713191099,1,0
fixed_transform_add_only,2853,2022-10-28,2022-11-07,0.071339502526744,2022,2022-09-30,learned_market,20260912,0.5636366222736003,0.5636366222736003,1,1
fixed_transform_add_only,2858,2022-11-04,2022-11-14,0.0169449090696014,2022,2022-09-30,learned_market,20260912,0.49807218218701355,0.49807218218701355,0,1
fixed_transform_add_only,2863,2022-11-11,2022-11-21,-0.0127051391515239,2022,2022-09-30,learned_market,20260912,0.54319648395961,0.54319648395961,1,0
fixed_transform_add_only,2868,2022-11-18,2022-11-28,-0.0179672806084416,2022,2022-09-30,learned_market,20260912,0.42246496242395776,0.42246496242395776,0,0
fixed_transform_add_only,2873,2022-11-25,2022-12-05,0.0555768659337096,2022,2022-09-30,learned_market,20260912,0.5003301489186371,0.5003301489186371,1,1
fixed_transform_add_only,2878,2022-12-02,2022-12-12,0.0175374394775362,2022,2022-09-30,learned_market,20260912,0.4829222529017093,0.4829222529017093,0,1
fixed_transform_add_only,2883,2022-12-09,2022-12-19,-0.0058850602464181,2022,2022-09-30,learned_market,20260912,0.5167422422454644,0.5167422422454644,1,0
fixed_transform_add_only,2888,2022-12-16,2022-12-26,-0.0309150292073658,2022,2022-09-30,learned_market,20260912,0.5640519234762931,0.5640519234762931,1,0
fixed_transform_add_only,2893,2022-12-23,2023-01-03,0.0089464492229616,2022,2022-09-30,learned_market,20260912,0.4501421017768211,0.4501421017768211,0,1
fixed_transform_add_only,2898,2022-12-30,2023-01-09,0.0345913414268119,2022,2022-09-30,learned_market,20260912,0.44204783032835104,0.44204783032835104,0,1
fixed_transform_add_only,2843,2022-10-14,2022-10-24,-0.0246766294110258,2022,2022-09-30,learned_vol_interaction,20260912,0.538907382510541,0.538907382510541,1,0
fixed_transform_add_only,2848,2022-10-21,2022-10-31,-0.059928861134359,2022,2022-09-30,learned_vol_interaction,20260912,0.5901075037295069,0.5901075037295069,1,0
fixed_transform_add_only,2853,2022-10-28,2022-11-07,0.071339502526744,2022,2022-09-30,learned_vol_interaction,20260912,0.5606061621275453,0.5606061621275453,1,1
fixed_transform_add_only,2858,2022-11-04,2022-11-14,0.0169449090696014,2022,2022-09-30,learned_vol_interaction,20260912,0.49785300079846884,0.49785300079846884,0,1
fixed_transform_add_only,2863,2022-11-11,2022-11-21,-0.0127051391515239,2022,2022-09-30,learned_vol_interaction,20260912,0.5525853700805763,0.5525853700805763,1,0
fixed_transform_add_only,2868,2022-11-18,2022-11-28,-0.0179672806084416,2022,2022-09-30,learned_vol_interaction,20260912,0.4488384408535954,0.4488384408535954,0,0
fixed_transform_add_only,2873,2022-11-25,2022-12-05,0.0555768659337096,2022,2022-09-30,learned_vol_interaction,20260912,0.5063638588784479,0.5063638588784479,1,1
fixed_transform_add_only,2878,2022-12-02,2022-12-12,0.0175374394775362,2022,2022-09-30,learned_vol_interaction,20260912,0.4786198549406737,0.4786198549406737,0,1
fixed_transform_add_only,2883,2022-12-09,2022-12-19,-0.0058850602464181,2022,2022-09-30,learned_vol_interaction,20260912,0.5150559773821572,0.5150559773821572,1,0
fixed_transform_add_only,2888,2022-12-16,2022-12-26,-0.0309150292073658,2022,2022-09-30,learned_vol_interaction,20260912,0.5690325443137908,0.5690325443137908,1,0
fixed_transform_add_only,2893,2022-12-23,2023-01-03,0.0089464492229616,2022,2022-09-30,learned_vol_interaction,20260912,0.44369797112607184,0.44369797112607184,0,1
fixed_transform_add_only,2898,2022-12-30,2023-01-09,0.0345913414268119,2022,2022-09-30,learned_vol_interaction,20260912,0.42273000482174744,0.42273000482174744,0,1
fixed_transform_add_only,2843,2022-10-14,2022-10-24,-0.0246766294110258,2022,2022-09-30,learned_order_extension,20260912,0.5001959001917831,0.5001959001917831,1,0
fixed_transform_add_only,2848,2022-10-21,2022-10-31,-0.059928861134359,2022,2022-09-30,learned_order_extension,20260912,0.5416218383190148,0.5416218383190148,1,0
fixed_transform_add_only,2853,2022-10-28,2022-11-07,0.071339502526744,2022,2022-09-30,learned_order_extension,20260912,0.5552957598880115,0.5552957598880115,1,1
fixed_transform_add_only,2858,2022-11-04,2022-11-14,0.0169449090696014,2022,2022-09-30,learned_order_extension,20260912,0.5169409042172339,0.5169409042172339,1,1
fixed_transform_add_only,2863,2022-11-11,2022-11-21,-0.0127051391515239,2022,2022-09-30,learned_order_extension,20260912,0.5460940601266197,0.5460940601266197,1,0
fixed_transform_add_only,2868,2022-11-18,2022-11-28,-0.0179672806084416,2022,2022-09-30,learned_order_extension,20260912,0.40910098942770917,0.40910098942770917,0,0
fixed_transform_add_only,2873,2022-11-25,2022-12-05,0.0555768659337096,2022,2022-09-30,learned_order_extension,20260912,0.44912534098347495,0.44912534098347495,0,1
fixed_transform_add_only,2878,2022-12-02,2022-12-12,0.0175374394775362,2022,2022-09-30,learned_order_extension,20260912,0.42573293655019606,0.42573293655019606,0,1
fixed_transform_add_only,2883,2022-12-09,2022-12-19,-0.0058850602464181,2022,2022-09-30,learned_order_extension,20260912,0.5008997232642448,0.5008997232642448,1,0
fixed_transform_add_only,2888,2022-12-16,2022-12-26,-0.0309150292073658,2022,2022-09-30,learned_order_extension,20260912,0.6129408280276154,0.6129408280276154,1,0
fixed_transform_add_only,2893,2022-12-23,2023-01-03,0.0089464492229616,2022,2022-09-30,learned_order_extension,20260912,0.47181291655995755,0.47181291655995755,0,1
fixed_transform_add_only,2898,2022-12-30,2023-01-09,0.0345913414268119,2022,2022-09-30,learned_order_extension,20260912,0.44366327952339046,0.44366327952339046,0,1
fixed_transform_add_only,2843,2022-10-14,2022-10-24,-0.0246766294110258,2022,2022-09-30,learned_order_offset,20260912,0.49166205824988113,0.49166205824988113,0,0
fixed_transform_add_only,2848,2022-10-21,2022-10-31,-0.059928861134359,2022,2022-09-30,learned_order_offset,20260912,0.5316555224217909,0.5316555224217909,1,0
fixed_transform_add_only,2853,2022-10-28,2022-11-07,0.071339502526744,2022,2022-09-30,learned_order_offset,20260912,0.5571444096031504,0.5571444096031504,1,1
fixed_transform_add_only,2858,2022-11-04,2022-11-14,0.0169449090696014,2022,2022-09-30,learned_order_offset,20260912,0.5170508311845768,0.5170508311845768,1,1
fixed_transform_add_only,2863,2022-11-11,2022-11-21,-0.0127051391515239,2022,2022-09-30,learned_order_offset,20260912,0.5555978103942333,0.5555978103942333,1,0
fixed_transform_add_only,2868,2022-11-18,2022-11-28,-0.0179672806084416,2022,2022-09-30,learned_order_offset,20260912,0.41879127661007387,0.41879127661007387,0,0
fixed_transform_add_only,2873,2022-11-25,2022-12-05,0.0555768659337096,2022,2022-09-30,learned_order_offset,20260912,0.46006445247211847,0.46006445247211847,0,1
fixed_transform_add_only,2878,2022-12-02,2022-12-12,0.0175374394775362,2022,2022-09-30,learned_order_offset,20260912,0.43531936174452807,0.43531936174452807,0,1
fixed_transform_add_only,2883,2022-12-09,2022-12-19,-0.0058850602464181,2022,2022-09-30,learned_order_offset,20260912,0.5012904313396812,0.5012904313396812,1,0
fixed_transform_add_only,2888,2022-12-16,2022-12-26,-0.0309150292073658,2022,2022-09-30,learned_order_offset,20260912,0.5946238780035304,0.5946238780035304,1,0
fixed_transform_add_only,2893,2022-12-23,2023-01-03,0.0089464492229616,2022,2022-09-30,learned_order_offset,20260912,0.4732084654151488,0.4732084654151488,0,1
fixed_transform_add_only,2898,2022-12-30,2023-01-09,0.0345913414268119,2022,2022-09-30,learned_order_offset,20260912,0.44926358417156675,0.44926358417156675,0,1
fixed_transform_add_only,2843,2022-10-14,2022-10-24,-0.0246766294110258,2022,2022-09-30,training_frequency,-1,0.5204594400574301,0.5204594400574301,1,0
fixed_transform_add_only,2848,2022-10-21,2022-10-31,-0.059928861134359,2022,2022-09-30,training_frequency,-1,0.5204594400574301,0.5204594400574301,1,0
fixed_transform_add_only,2853,2022-10-28,2022-11-07,0.071339502526744,2022,2022-09-30,training_frequency,-1,0.5204594400574301,0.5204594400574301,1,1
fixed_transform_add_only,2858,2022-11-04,2022-11-14,0.0169449090696014,2022,2022-09-30,training_frequency,-1,0.5204594400574301,0.5204594400574301,1,1
fixed_transform_add_only,2863,2022-11-11,2022-11-21,-0.0127051391515239,2022,2022-09-30,training_frequency,-1,0.5204594400574301,0.5204594400574301,1,0
fixed_transform_add_only,2868,2022-11-18,2022-11-28,-0.0179672806084416,2022,2022-09-30,training_frequency,-1,0.5204594400574301,0.5204594400574301,1,0
fixed_transform_add_only,2873,2022-11-25,2022-12-05,0.0555768659337096,2022,2022-09-30,training_frequency,-1,0.5204594400574301,0.5204594400574301,1,1
fixed_transform_add_only,2878,2022-12-02,2022-12-12,0.0175374394775362,2022,2022-09-30,training_frequency,-1,0.5204594400574301,0.5204594400574301,1,1
fixed_transform_add_only,2883,2022-12-09,2022-12-19,-0.0058850602464181,2022,2022-09-30,training_frequency,-1,0.5204594400574301,0.5204594400574301,1,0
fixed_transform_add_only,2888,2022-12-16,2022-12-26,-0.0309150292073658,2022,2022-09-30,training_frequency,-1,0.5204594400574301,0.5204594400574301,1,0
fixed_transform_add_only,2893,2022-12-23,2023-01-03,0.0089464492229616,2022,2022-09-30,training_frequency,-1,0.5204594400574301,0.5204594400574301,1,1
fixed_transform_add_only,2898,2022-12-30,2023-01-09,0.0345913414268119,2022,2022-09-30,training_frequency,-1,0.5204594400574301,0.5204594400574301,1,1
fixed_transform_add_only,2902,2023-01-06,2023-01-16,0.0198447929614133,2023,2022-12-31,learned_market,20260910,0.2720748657753032,0.2720748657753032,0,1
fixed_transform_add_only,2907,2023-01-13,2023-01-30,0.0465290788350809,2023,2022-12-31,learned_market,20260910,0.47236248212800225,0.47236248212800225,0,1
fixed_transform_add_only,2912,2023-01-20,2023-02-06,-0.0383797057844887,2023,2022-12-31,learned_market,20260910,0.406664897579608,0.406664897579608,0,0
fixed_transform_add_only,2917,2023-02-03,2023-02-13,-0.0012061903149008,2023,2022-12-31,learned_market,20260910,0.7077615943567296,0.7077615943567296,1,0
fixed_transform_add_only,2922,2023-02-10,2023-02-20,-0.0143746584432821,2023,2022-12-31,learned_market,20260910,0.3396729663973045,0.3396729663973045,0,0
fixed_transform_add_only,2927,2023-02-17,2023-02-27,0.0001237636016198,2023,2022-12-31,learned_market,20260910,0.3940367299508906,0.3940367299508906,0,1
fixed_transform_add_only,2932,2023-02-24,2023-03-06,0.0224454641303217,2023,2022-12-31,learned_market,20260910,0.6368517662464305,0.6368517662464305,1,1
fixed_transform_add_only,2937,2023-03-03,2023-03-13,-0.0407900947678007,2023,2022-12-31,learned_market,20260910,0.7365179717700991,0.7365179717700991,1,0
fixed_transform_add_only,2942,2023-03-10,2023-03-20,5.0471402903706775e-06,2023,2022-12-31,learned_market,20260910,0.5813776336748179,0.5813776336748179,1,1
fixed_transform_add_only,2947,2023-03-17,2023-03-27,0.015302852124583,2023,2022-12-31,learned_market,20260910,0.42485803758448765,0.42485803758448765,0,1
fixed_transform_add_only,2952,2023-03-24,2023-04-03,0.0090274153058433,2023,2022-12-31,learned_market,20260910,0.37090574302943613,0.37090574302943613,0,1
fixed_transform_add_only,2957,2023-03-31,2023-04-10,0.0178317182396383,2023,2022-12-31,learned_market,20260910,0.3924154635264961,0.3924154635264961,0,1
fixed_transform_add_only,2902,2023-01-06,2023-01-16,0.0198447929614133,2023,2022-12-31,learned_vol_interaction,20260910,0.2579229355480302,0.2579229355480302,0,1
fixed_transform_add_only,2907,2023-01-13,2023-01-30,0.0465290788350809,2023,2022-12-31,learned_vol_interaction,20260910,0.46834593067568,0.46834593067568,0,1
fixed_transform_add_only,2912,2023-01-20,2023-02-06,-0.0383797057844887,2023,2022-12-31,learned_vol_interaction,20260910,0.3968582316115995,0.3968582316115995,0,0
fixed_transform_add_only,2917,2023-02-03,2023-02-13,-0.0012061903149008,2023,2022-12-31,learned_vol_interaction,20260910,0.7386639107975522,0.7386639107975522,1,0
fixed_transform_add_only,2922,2023-02-10,2023-02-20,-0.0143746584432821,2023,2022-12-31,learned_vol_interaction,20260910,0.3303769483660095,0.3303769483660095,0,0
fixed_transform_add_only,2927,2023-02-17,2023-02-27,0.0001237636016198,2023,2022-12-31,learned_vol_interaction,20260910,0.37895686267521006,0.37895686267521006,0,1
fixed_transform_add_only,2932,2023-02-24,2023-03-06,0.0224454641303217,2023,2022-12-31,learned_vol_interaction,20260910,0.6474147480213357,0.6474147480213357,1,1
fixed_transform_add_only,2937,2023-03-03,2023-03-13,-0.0407900947678007,2023,2022-12-31,learned_vol_interaction,20260910,0.7530412308563522,0.7530412308563522,1,0
fixed_transform_add_only,2942,2023-03-10,2023-03-20,5.0471402903706775e-06,2023,2022-12-31,learned_vol_interaction,20260910,0.5873882519994295,0.5873882519994295,1,1
fixed_transform_add_only,2947,2023-03-17,2023-03-27,0.015302852124583,2023,2022-12-31,learned_vol_interaction,20260910,0.41458186592231894,0.41458186592231894,0,1
fixed_transform_add_only,2952,2023-03-24,2023-04-03,0.0090274153058433,2023,2022-12-31,learned_vol_interaction,20260910,0.35652402288788393,0.35652402288788393,0,1
fixed_transform_add_only,2957,2023-03-31,2023-04-10,0.0178317182396383,2023,2022-12-31,learned_vol_interaction,20260910,0.3863632737017367,0.3863632737017367,0,1
fixed_transform_add_only,2902,2023-01-06,2023-01-16,0.0198447929614133,2023,2022-12-31,learned_order_extension,20260910,0.2943161630816726,0.2943161630816726,0,1
fixed_transform_add_only,2907,2023-01-13,2023-01-30,0.0465290788350809,2023,2022-12-31,learned_order_extension,20260910,0.46027187341536235,0.46027187341536235,0,1
fixed_transform_add_only,2912,2023-01-20,2023-02-06,-0.0383797057844887,2023,2022-12-31,learned_order_extension,20260910,0.3872152058090037,0.3872152058090037,0,0
fixed_transform_add_only,2917,2023-02-03,2023-02-13,-0.0012061903149008,2023,2022-12-31,learned_order_extension,20260910,0.7087431108814826,0.7087431108814826,1,0
fixed_transform_add_only,2922,2023-02-10,2023-02-20,-0.0143746584432821,2023,2022-12-31,learned_order_extension,20260910,0.33420380659580207,0.33420380659580207,0,0
fixed_transform_add_only,2927,2023-02-17,2023-02-27,0.0001237636016198,2023,2022-12-31,learned_order_extension,20260910,0.37695809393703467,0.37695809393703467,0,1
fixed_transform_add_only,2932,2023-02-24,2023-03-06,0.0224454641303217,2023,2022-12-31,learned_order_extension,20260910,0.6504979423759706,0.6504979423759706,1,1
fixed_transform_add_only,2937,2023-03-03,2023-03-13,-0.0407900947678007,2023,2022-12-31,learned_order_extension,20260910,0.7451391997229981,0.7451391997229981,1,0
fixed_transform_add_only,2942,2023-03-10,2023-03-20,5.0471402903706775e-06,2023,2022-12-31,learned_order_extension,20260910,0.5807717243209339,0.5807717243209339,1,1
fixed_transform_add_only,2947,2023-03-17,2023-03-27,0.015302852124583,2023,2022-12-31,learned_order_extension,20260910,0.4261400351912486,0.4261400351912486,0,1
fixed_transform_add_only,2952,2023-03-24,2023-04-03,0.0090274153058433,2023,2022-12-31,learned_order_extension,20260910,0.35549705087245137,0.35549705087245137,0,1
fixed_transform_add_only,2957,2023-03-31,2023-04-10,0.0178317182396383,2023,2022-12-31,learned_order_extension,20260910,0.38561638910546875,0.38561638910546875,0,1
fixed_transform_add_only,2902,2023-01-06,2023-01-16,0.0198447929614133,2023,2022-12-31,learned_order_offset,20260910,0.29436491679511234,0.29436491679511234,0,1
fixed_transform_add_only,2907,2023-01-13,2023-01-30,0.0465290788350809,2023,2022-12-31,learned_order_offset,20260910,0.45922844261203544,0.45922844261203544,0,1
fixed_transform_add_only,2912,2023-01-20,2023-02-06,-0.0383797057844887,2023,2022-12-31,learned_order_offset,20260910,0.3863007910171924,0.3863007910171924,0,0
fixed_transform_add_only,2917,2023-02-03,2023-02-13,-0.0012061903149008,2023,2022-12-31,learned_order_offset,20260910,0.708109906191393,0.708109906191393,1,0
fixed_transform_add_only,2922,2023-02-10,2023-02-20,-0.0143746584432821,2023,2022-12-31,learned_order_offset,20260910,0.3342356424663725,0.3342356424663725,0,0
fixed_transform_add_only,2927,2023-02-17,2023-02-27,0.0001237636016198,2023,2022-12-31,learned_order_offset,20260910,0.3768936129162209,0.3768936129162209,0,1
fixed_transform_add_only,2932,2023-02-24,2023-03-06,0.0224454641303217,2023,2022-12-31,learned_order_offset,20260910,0.650954614063496,0.650954614063496,1,1
fixed_transform_add_only,2937,2023-03-03,2023-03-13,-0.0407900947678007,2023,2022-12-31,learned_order_offset,20260910,0.744213255918267,0.744213255918267,1,0
fixed_transform_add_only,2942,2023-03-10,2023-03-20,5.0471402903706775e-06,2023,2022-12-31,learned_order_offset,20260910,0.581402685223824,0.581402685223824,1,1
fixed_transform_add_only,2947,2023-03-17,2023-03-27,0.015302852124583,2023,2022-12-31,learned_order_offset,20260910,0.4267138677564879,0.4267138677564879,0,1
fixed_transform_add_only,2952,2023-03-24,2023-04-03,0.0090274153058433,2023,2022-12-31,learned_order_offset,20260910,0.3550974197538086,0.3550974197538086,0,1
fixed_transform_add_only,2957,2023-03-31,2023-04-10,0.0178317182396383,2023,2022-12-31,learned_order_offset,20260910,0.38476763491007665,0.38476763491007665,0,1
fixed_transform_add_only,2902,2023-01-06,2023-01-16,0.0198447929614133,2023,2022-12-31,learned_market,20260911,0.4109996836659653,0.4109996836659653,0,1
fixed_transform_add_only,2907,2023-01-13,2023-01-30,0.0465290788350809,2023,2022-12-31,learned_market,20260911,0.344318482304961,0.344318482304961,0,1
fixed_transform_add_only,2912,2023-01-20,2023-02-06,-0.0383797057844887,2023,2022-12-31,learned_market,20260911,0.6588589521771411,0.6588589521771411,1,0
fixed_transform_add_only,2917,2023-02-03,2023-02-13,-0.0012061903149008,2023,2022-12-31,learned_market,20260911,0.5846417083500102,0.5846417083500102,1,0
fixed_transform_add_only,2922,2023-02-10,2023-02-20,-0.0143746584432821,2023,2022-12-31,learned_market,20260911,0.37229435163057095,0.37229435163057095,0,0
fixed_transform_add_only,2927,2023-02-17,2023-02-27,0.0001237636016198,2023,2022-12-31,learned_market,20260911,0.4278917331001193,0.4278917331001193,0,1
fixed_transform_add_only,2932,2023-02-24,2023-03-06,0.0224454641303217,2023,2022-12-31,learned_market,20260911,0.6524353768671635,0.6524353768671635,1,1
fixed_transform_add_only,2937,2023-03-03,2023-03-13,-0.0407900947678007,2023,2022-12-31,learned_market,20260911,0.767620468884498,0.767620468884498,1,0
fixed_transform_add_only,2942,2023-03-10,2023-03-20,5.0471402903706775e-06,2023,2022-12-31,learned_market,20260911,0.6078004132598206,0.6078004132598206,1,1
fixed_transform_add_only,2947,2023-03-17,2023-03-27,0.015302852124583,2023,2022-12-31,learned_market,20260911,0.41902195233093853,0.41902195233093853,0,1
fixed_transform_add_only,2952,2023-03-24,2023-04-03,0.0090274153058433,2023,2022-12-31,learned_market,20260911,0.4677158880927443,0.4677158880927443,0,1
fixed_transform_add_only,2957,2023-03-31,2023-04-10,0.0178317182396383,2023,2022-12-31,learned_market,20260911,0.5644297293997745,0.5644297293997745,1,1
fixed_transform_add_only,2902,2023-01-06,2023-01-16,0.0198447929614133,2023,2022-12-31,learned_vol_interaction,20260911,0.40969442309749926,0.40969442309749926,0,1
fixed_transform_add_only,2907,2023-01-13,2023-01-30,0.0465290788350809,2023,2022-12-31,learned_vol_interaction,20260911,0.36456829174456845,0.36456829174456845,0,1
fixed_transform_add_only,2912,2023-01-20,2023-02-06,-0.0383797057844887,2023,2022-12-31,learned_vol_interaction,20260911,0.5794436004575169,0.5794436004575169,1,0
fixed_transform_add_only,2917,2023-02-03,2023-02-13,-0.0012061903149008,2023,2022-12-31,learned_vol_interaction,20260911,0.5514968469417321,0.5514968469417321,1,0
fixed_transform_add_only,2922,2023-02-10,2023-02-20,-0.0143746584432821,2023,2022-12-31,learned_vol_interaction,20260911,0.3927055424872561,0.3927055424872561,0,0
fixed_transform_add_only,2927,2023-02-17,2023-02-27,0.0001237636016198,2023,2022-12-31,learned_vol_interaction,20260911,0.44774683758526995,0.44774683758526995,0,1
fixed_transform_add_only,2932,2023-02-24,2023-03-06,0.0224454641303217,2023,2022-12-31,learned_vol_interaction,20260911,0.619096546985403,0.619096546985403,1,1
fixed_transform_add_only,2937,2023-03-03,2023-03-13,-0.0407900947678007,2023,2022-12-31,learned_vol_interaction,20260911,0.7361671223361639,0.7361671223361639,1,0
fixed_transform_add_only,2942,2023-03-10,2023-03-20,5.0471402903706775e-06,2023,2022-12-31,learned_vol_interaction,20260911,0.5923713060138441,0.5923713060138441,1,1
fixed_transform_add_only,2947,2023-03-17,2023-03-27,0.015302852124583,2023,2022-12-31,learned_vol_interaction,20260911,0.44129297023126407,0.44129297023126407,0,1
fixed_transform_add_only,2952,2023-03-24,2023-04-03,0.0090274153058433,2023,2022-12-31,learned_vol_interaction,20260911,0.48118952805584325,0.48118952805584325,0,1
fixed_transform_add_only,2957,2023-03-31,2023-04-10,0.0178317182396383,2023,2022-12-31,learned_vol_interaction,20260911,0.5581984383579583,0.5581984383579583,1,1
fixed_transform_add_only,2902,2023-01-06,2023-01-16,0.0198447929614133,2023,2022-12-31,learned_order_extension,20260911,0.4111458737354107,0.4111458737354107,0,1
fixed_transform_add_only,2907,2023-01-13,2023-01-30,0.0465290788350809,2023,2022-12-31,learned_order_extension,20260911,0.36472782557647304,0.36472782557647304,0,1
fixed_transform_add_only,2912,2023-01-20,2023-02-06,-0.0383797057844887,2023,2022-12-31,learned_order_extension,20260911,0.5780473136480286,0.5780473136480286,1,0
fixed_transform_add_only,2917,2023-02-03,2023-02-13,-0.0012061903149008,2023,2022-12-31,learned_order_extension,20260911,0.5514322848293292,0.5514322848293292,1,0
fixed_transform_add_only,2922,2023-02-10,2023-02-20,-0.0143746584432821,2023,2022-12-31,learned_order_extension,20260911,0.3920291907474336,0.3920291907474336,0,0
fixed_transform_add_only,2927,2023-02-17,2023-02-27,0.0001237636016198,2023,2022-12-31,learned_order_extension,20260911,0.4473244932999703,0.4473244932999703,0,1
fixed_transform_add_only,2932,2023-02-24,2023-03-06,0.0224454641303217,2023,2022-12-31,learned_order_extension,20260911,0.6194433589464242,0.6194433589464242,1,1
fixed_transform_add_only,2937,2023-03-03,2023-03-13,-0.0407900947678007,2023,2022-12-31,learned_order_extension,20260911,0.7367440693214489,0.7367440693214489,1,0
fixed_transform_add_only,2942,2023-03-10,2023-03-20,5.0471402903706775e-06,2023,2022-12-31,learned_order_extension,20260911,0.5926520405957385,0.5926520405957385,1,1
fixed_transform_add_only,2947,2023-03-17,2023-03-27,0.015302852124583,2023,2022-12-31,learned_order_extension,20260911,0.44150652320643097,0.44150652320643097,0,1
fixed_transform_add_only,2952,2023-03-24,2023-04-03,0.0090274153058433,2023,2022-12-31,learned_order_extension,20260911,0.4806406899115495,0.4806406899115495,0,1
fixed_transform_add_only,2957,2023-03-31,2023-04-10,0.0178317182396383,2023,2022-12-31,learned_order_extension,20260911,0.5564015664237618,0.5564015664237618,1,1
fixed_transform_add_only,2902,2023-01-06,2023-01-16,0.0198447929614133,2023,2022-12-31,learned_order_offset,20260911,0.41117201615041793,0.41117201615041793,0,1
fixed_transform_add_only,2907,2023-01-13,2023-01-30,0.0465290788350809,2023,2022-12-31,learned_order_offset,20260911,0.364680620051655,0.364680620051655,0,1
fixed_transform_add_only,2912,2023-01-20,2023-02-06,-0.0383797057844887,2023,2022-12-31,learned_order_offset,20260911,0.578179649696222,0.578179649696222,1,0
fixed_transform_add_only,2917,2023-02-03,2023-02-13,-0.0012061903149008,2023,2022-12-31,learned_order_offset,20260911,0.5515128874638535,0.5515128874638535,1,0
fixed_transform_add_only,2922,2023-02-10,2023-02-20,-0.0143746584432821,2023,2022-12-31,learned_order_offset,20260911,0.39192014326711666,0.39192014326711666,0,0
fixed_transform_add_only,2927,2023-02-17,2023-02-27,0.0001237636016198,2023,2022-12-31,learned_order_offset,20260911,0.44735551730013157,0.44735551730013157,0,1
fixed_transform_add_only,2932,2023-02-24,2023-03-06,0.0224454641303217,2023,2022-12-31,learned_order_offset,20260911,0.6194755772192605,0.6194755772192605,1,1
fixed_transform_add_only,2937,2023-03-03,2023-03-13,-0.0407900947678007,2023,2022-12-31,learned_order_offset,20260911,0.7367890366176728,0.7367890366176728,1,0
fixed_transform_add_only,2942,2023-03-10,2023-03-20,5.0471402903706775e-06,2023,2022-12-31,learned_order_offset,20260911,0.5927141757173765,0.5927141757173765,1,1
fixed_transform_add_only,2947,2023-03-17,2023-03-27,0.015302852124583,2023,2022-12-31,learned_order_offset,20260911,0.44144992787218895,0.44144992787218895,0,1
fixed_transform_add_only,2952,2023-03-24,2023-04-03,0.0090274153058433,2023,2022-12-31,learned_order_offset,20260911,0.48064826466248156,0.48064826466248156,0,1
fixed_transform_add_only,2957,2023-03-31,2023-04-10,0.0178317182396383,2023,2022-12-31,learned_order_offset,20260911,0.556461403271004,0.556461403271004,1,1
fixed_transform_add_only,2902,2023-01-06,2023-01-16,0.0198447929614133,2023,2022-12-31,learned_market,20260912,0.30052885603711643,0.30052885603711643,0,1
fixed_transform_add_only,2907,2023-01-13,2023-01-30,0.0465290788350809,2023,2022-12-31,learned_market,20260912,0.25642703962175933,0.25642703962175933,0,1
fixed_transform_add_only,2912,2023-01-20,2023-02-06,-0.0383797057844887,2023,2022-12-31,learned_market,20260912,0.6884031394091166,0.6884031394091166,1,0
fixed_transform_add_only,2917,2023-02-03,2023-02-13,-0.0012061903149008,2023,2022-12-31,learned_market,20260912,0.48719446040105807,0.48719446040105807,0,0
fixed_transform_add_only,2922,2023-02-10,2023-02-20,-0.0143746584432821,2023,2022-12-31,learned_market,20260912,0.25478983111842135,0.25478983111842135,0,0
fixed_transform_add_only,2927,2023-02-17,2023-02-27,0.0001237636016198,2023,2022-12-31,learned_market,20260912,0.4079835806267681,0.4079835806267681,0,1
fixed_transform_add_only,2932,2023-02-24,2023-03-06,0.0224454641303217,2023,2022-12-31,learned_market,20260912,0.7137242634797857,0.7137242634797857,1,1
fixed_transform_add_only,2937,2023-03-03,2023-03-13,-0.0407900947678007,2023,2022-12-31,learned_market,20260912,0.5807881322909977,0.5807881322909977,1,0
fixed_transform_add_only,2942,2023-03-10,2023-03-20,5.0471402903706775e-06,2023,2022-12-31,learned_market,20260912,0.41460120883303464,0.41460120883303464,0,1
fixed_transform_add_only,2947,2023-03-17,2023-03-27,0.015302852124583,2023,2022-12-31,learned_market,20260912,0.30490069121650976,0.30490069121650976,0,1
fixed_transform_add_only,2952,2023-03-24,2023-04-03,0.0090274153058433,2023,2022-12-31,learned_market,20260912,0.5481390563099999,0.5481390563099999,1,1
fixed_transform_add_only,2957,2023-03-31,2023-04-10,0.0178317182396383,2023,2022-12-31,learned_market,20260912,0.611788401190659,0.611788401190659,1,1
fixed_transform_add_only,2902,2023-01-06,2023-01-16,0.0198447929614133,2023,2022-12-31,learned_vol_interaction,20260912,0.28965659740268485,0.28965659740268485,0,1
fixed_transform_add_only,2907,2023-01-13,2023-01-30,0.0465290788350809,2023,2022-12-31,learned_vol_interaction,20260912,0.24376767561556023,0.24376767561556023,0,1
fixed_transform_add_only,2912,2023-01-20,2023-02-06,-0.0383797057844887,2023,2022-12-31,learned_vol_interaction,20260912,0.7144269683090918,0.7144269683090918,1,0
fixed_transform_add_only,2917,2023-02-03,2023-02-13,-0.0012061903149008,2023,2022-12-31,learned_vol_interaction,20260912,0.48449097695552545,0.48449097695552545,0,0
fixed_transform_add_only,2922,2023-02-10,2023-02-20,-0.0143746584432821,2023,2022-12-31,learned_vol_interaction,20260912,0.24568395555451436,0.24568395555451436,0,0
fixed_transform_add_only,2927,2023-02-17,2023-02-27,0.0001237636016198,2023,2022-12-31,learned_vol_interaction,20260912,0.4043340500782045,0.4043340500782045,0,1
fixed_transform_add_only,2932,2023-02-24,2023-03-06,0.0224454641303217,2023,2022-12-31,learned_vol_interaction,20260912,0.7237644100552868,0.7237644100552868,1,1
fixed_transform_add_only,2937,2023-03-03,2023-03-13,-0.0407900947678007,2023,2022-12-31,learned_vol_interaction,20260912,0.5909800662310533,0.5909800662310533,1,0
fixed_transform_add_only,2942,2023-03-10,2023-03-20,5.0471402903706775e-06,2023,2022-12-31,learned_vol_interaction,20260912,0.42073806711796297,0.42073806711796297,0,1
fixed_transform_add_only,2947,2023-03-17,2023-03-27,0.015302852124583,2023,2022-12-31,learned_vol_interaction,20260912,0.29115877511006416,0.29115877511006416,0,1
fixed_transform_add_only,2952,2023-03-24,2023-04-03,0.0090274153058433,2023,2022-12-31,learned_vol_interaction,20260912,0.5529999746105244,0.5529999746105244,1,1
fixed_transform_add_only,2957,2023-03-31,2023-04-10,0.0178317182396383,2023,2022-12-31,learned_vol_interaction,20260912,0.632100803954458,0.632100803954458,1,1
fixed_transform_add_only,2902,2023-01-06,2023-01-16,0.0198447929614133,2023,2022-12-31,learned_order_extension,20260912,0.3320870087441045,0.3320870087441045,0,1
fixed_transform_add_only,2907,2023-01-13,2023-01-30,0.0465290788350809,2023,2022-12-31,learned_order_extension,20260912,0.27988954900977053,0.27988954900977053,0,1
fixed_transform_add_only,2912,2023-01-20,2023-02-06,-0.0383797057844887,2023,2022-12-31,learned_order_extension,20260912,0.6620064456911843,0.6620064456911843,1,0
fixed_transform_add_only,2917,2023-02-03,2023-02-13,-0.0012061903149008,2023,2022-12-31,learned_order_extension,20260912,0.47399209037220413,0.47399209037220413,0,0
fixed_transform_add_only,2922,2023-02-10,2023-02-20,-0.0143746584432821,2023,2022-12-31,learned_order_extension,20260912,0.24616016767148868,0.24616016767148868,0,0
fixed_transform_add_only,2927,2023-02-17,2023-02-27,0.0001237636016198,2023,2022-12-31,learned_order_extension,20260912,0.39614793530843245,0.39614793530843245,0,1
fixed_transform_add_only,2932,2023-02-24,2023-03-06,0.0224454641303217,2023,2022-12-31,learned_order_extension,20260912,0.7129289281429624,0.7129289281429624,1,1
fixed_transform_add_only,2937,2023-03-03,2023-03-13,-0.0407900947678007,2023,2022-12-31,learned_order_extension,20260912,0.5872179709776264,0.5872179709776264,1,0
fixed_transform_add_only,2942,2023-03-10,2023-03-20,5.0471402903706775e-06,2023,2022-12-31,learned_order_extension,20260912,0.45917963346836393,0.45917963346836393,0,1
fixed_transform_add_only,2947,2023-03-17,2023-03-27,0.015302852124583,2023,2022-12-31,learned_order_extension,20260912,0.3321757909492291,0.3321757909492291,0,1
fixed_transform_add_only,2952,2023-03-24,2023-04-03,0.0090274153058433,2023,2022-12-31,learned_order_extension,20260912,0.5428268381901444,0.5428268381901444,1,1
fixed_transform_add_only,2957,2023-03-31,2023-04-10,0.0178317182396383,2023,2022-12-31,learned_order_extension,20260912,0.5750765947333518,0.5750765947333518,1,1
fixed_transform_add_only,2902,2023-01-06,2023-01-16,0.0198447929614133,2023,2022-12-31,learned_order_offset,20260912,0.33518639317613286,0.33518639317613286,0,1
fixed_transform_add_only,2907,2023-01-13,2023-01-30,0.0465290788350809,2023,2022-12-31,learned_order_offset,20260912,0.283926532884273,0.283926532884273,0,1
fixed_transform_add_only,2912,2023-01-20,2023-02-06,-0.0383797057844887,2023,2022-12-31,learned_order_offset,20260912,0.656265266213206,0.656265266213206,1,0
fixed_transform_add_only,2917,2023-02-03,2023-02-13,-0.0012061903149008,2023,2022-12-31,learned_order_offset,20260912,0.47265762776020354,0.47265762776020354,0,0
fixed_transform_add_only,2922,2023-02-10,2023-02-20,-0.0143746584432821,2023,2022-12-31,learned_order_offset,20260912,0.2502577591654617,0.2502577591654617,0,0
fixed_transform_add_only,2927,2023-02-17,2023-02-27,0.0001237636016198,2023,2022-12-31,learned_order_offset,20260912,0.3981719184557722,0.3981719184557722,0,1
fixed_transform_add_only,2932,2023-02-24,2023-03-06,0.0224454641303217,2023,2022-12-31,learned_order_offset,20260912,0.7071114667508918,0.7071114667508918,1,1
fixed_transform_add_only,2937,2023-03-03,2023-03-13,-0.0407900947678007,2023,2022-12-31,learned_order_offset,20260912,0.5854544425200702,0.5854544425200702,1,0
fixed_transform_add_only,2942,2023-03-10,2023-03-20,5.0471402903706775e-06,2023,2022-12-31,learned_order_offset,20260912,0.4623204109511431,0.4623204109511431,0,1
fixed_transform_add_only,2947,2023-03-17,2023-03-27,0.015302852124583,2023,2022-12-31,learned_order_offset,20260912,0.339217920591994,0.339217920591994,0,1
fixed_transform_add_only,2952,2023-03-24,2023-04-03,0.0090274153058433,2023,2022-12-31,learned_order_offset,20260912,0.5430909588293242,0.5430909588293242,1,1
fixed_transform_add_only,2957,2023-03-31,2023-04-10,0.0178317182396383,2023,2022-12-31,learned_order_offset,20260912,0.5725347377994414,0.5725347377994414,1,1
fixed_transform_add_only,2902,2023-01-06,2023-01-16,0.0198447929614133,2023,2022-12-31,training_frequency,-1,0.5028949545078577,0.5028949545078577,1,1
fixed_transform_add_only,2907,2023-01-13,2023-01-30,0.0465290788350809,2023,2022-12-31,training_frequency,-1,0.5028949545078577,0.5028949545078577,1,1
fixed_transform_add_only,2912,2023-01-20,2023-02-06,-0.0383797057844887,2023,2022-12-31,training_frequency,-1,0.5028949545078577,0.5028949545078577,1,0
fixed_transform_add_only,2917,2023-02-03,2023-02-13,-0.0012061903149008,2023,2022-12-31,training_frequency,-1,0.5028949545078577,0.5028949545078577,1,0
fixed_transform_add_only,2922,2023-02-10,2023-02-20,-0.0143746584432821,2023,2022-12-31,training_frequency,-1,0.5028949545078577,0.5028949545078577,1,0
fixed_transform_add_only,2927,2023-02-17,2023-02-27,0.0001237636016198,2023,2022-12-31,training_frequency,-1,0.5028949545078577,0.5028949545078577,1,1
fixed_transform_add_only,2932,2023-02-24,2023-03-06,0.0224454641303217,2023,2022-12-31,training_frequency,-1,0.5028949545078577,0.5028949545078577,1,1
fixed_transform_add_only,2937,2023-03-03,2023-03-13,-0.0407900947678007,2023,2022-12-31,training_frequency,-1,0.5028949545078577,0.5028949545078577,1,0
fixed_transform_add_only,2942,2023-03-10,2023-03-20,5.0471402903706775e-06,2023,2022-12-31,training_frequency,-1,0.5028949545078577,0.5028949545078577,1,1
fixed_transform_add_only,2947,2023-03-17,2023-03-27,0.015302852124583,2023,2022-12-31,training_frequency,-1,0.5028949545078577,0.5028949545078577,1,1
fixed_transform_add_only,2952,2023-03-24,2023-04-03,0.0090274153058433,2023,2022-12-31,training_frequency,-1,0.5028949545078577,0.5028949545078577,1,1
fixed_transform_add_only,2957,2023-03-31,2023-04-10,0.0178317182396383,2023,2022-12-31,training_frequency,-1,0.5028949545078577,0.5028949545078577,1,1
fixed_transform_add_only,2961,2023-04-07,2023-04-17,-0.0101500238382772,2023,2023-03-31,learned_market,20260910,0.5743856292521463,0.5743856292521463,1,0
fixed_transform_add_only,2966,2023-04-14,2023-04-24,-0.014368947230732,2023,2023-03-31,learned_market,20260910,0.3781410425512672,0.3781410425512672,0,0
fixed_transform_add_only,2971,2023-04-21,2023-05-04,-0.0044228908788729,2023,2023-03-31,learned_market,20260910,0.531395640896303,0.531395640896303,1,0
fixed_transform_add_only,2976,2023-04-28,2023-05-10,0.0036477163153083,2023,2023-03-31,learned_market,20260910,0.4144457283430511,0.4144457283430511,0,1
fixed_transform_add_only,2978,2023-05-05,2023-05-15,-0.0221642407977935,2023,2023-03-31,learned_market,20260910,0.46747897841494535,0.46747897841494535,0,0
fixed_transform_add_only,2983,2023-05-12,2023-05-22,0.0005509250208819,2023,2023-03-31,learned_market,20260910,0.3319139182430199,0.3319139182430199,0,1
fixed_transform_add_only,2988,2023-05-19,2023-05-29,-0.0200253742704897,2023,2023-03-31,learned_market,20260910,0.5744341745341008,0.5744341745341008,1,0
fixed_transform_add_only,2993,2023-05-26,2023-06-05,-0.0003935703040848,2023,2023-03-31,learned_market,20260910,0.5465623610153941,0.5465623610153941,1,0
fixed_transform_add_only,2998,2023-06-02,2023-06-12,-0.0086075595250429,2023,2023-03-31,learned_market,20260910,0.4559846117683853,0.4559846117683853,0,0
fixed_transform_add_only,3003,2023-06-09,2023-06-19,0.0338878539347273,2023,2023-03-31,learned_market,20260910,0.3823413203771374,0.3823413203771374,0,1
fixed_transform_add_only,3008,2023-06-16,2023-07-03,-0.026216632171098,2023,2023-03-31,learned_market,20260910,0.3696004460598944,0.3696004460598944,0,0
fixed_transform_add_only,3016,2023-06-30,2023-07-10,-0.0030441518806006,2023,2023-03-31,learned_market,20260910,0.4674380822649756,0.4674380822649756,0,0
fixed_transform_add_only,2961,2023-04-07,2023-04-17,-0.0101500238382772,2023,2023-03-31,learned_vol_interaction,20260910,0.5702925255294036,0.5702925255294036,1,0
fixed_transform_add_only,2966,2023-04-14,2023-04-24,-0.014368947230732,2023,2023-03-31,learned_vol_interaction,20260910,0.3888151651384295,0.3888151651384295,0,0
fixed_transform_add_only,2971,2023-04-21,2023-05-04,-0.0044228908788729,2023,2023-03-31,learned_vol_interaction,20260910,0.5346094139392334,0.5346094139392334,1,0
fixed_transform_add_only,2976,2023-04-28,2023-05-10,0.0036477163153083,2023,2023-03-31,learned_vol_interaction,20260910,0.42044190973271955,0.42044190973271955,0,1
fixed_transform_add_only,2978,2023-05-05,2023-05-15,-0.0221642407977935,2023,2023-03-31,learned_vol_interaction,20260910,0.47164072406970353,0.47164072406970353,0,0
fixed_transform_add_only,2983,2023-05-12,2023-05-22,0.0005509250208819,2023,2023-03-31,learned_vol_interaction,20260910,0.33709303866763746,0.33709303866763746,0,1
fixed_transform_add_only,2988,2023-05-19,2023-05-29,-0.0200253742704897,2023,2023-03-31,learned_vol_interaction,20260910,0.567123829109265,0.567123829109265,1,0
fixed_transform_add_only,2993,2023-05-26,2023-06-05,-0.0003935703040848,2023,2023-03-31,learned_vol_interaction,20260910,0.5457448471864079,0.5457448471864079,1,0
fixed_transform_add_only,2998,2023-06-02,2023-06-12,-0.0086075595250429,2023,2023-03-31,learned_vol_interaction,20260910,0.4573933363905113,0.4573933363905113,0,0
fixed_transform_add_only,3003,2023-06-09,2023-06-19,0.0338878539347273,2023,2023-03-31,learned_vol_interaction,20260910,0.38517587378988477,0.38517587378988477,0,1
fixed_transform_add_only,3008,2023-06-16,2023-07-03,-0.026216632171098,2023,2023-03-31,learned_vol_interaction,20260910,0.37172745627148335,0.37172745627148335,0,0
fixed_transform_add_only,3016,2023-06-30,2023-07-10,-0.0030441518806006,2023,2023-03-31,learned_vol_interaction,20260910,0.46688584899857255,0.46688584899857255,0,0
fixed_transform_add_only,2961,2023-04-07,2023-04-17,-0.0101500238382772,2023,2023-03-31,learned_order_extension,20260910,0.5386094607658073,0.5386094607658073,1,0
fixed_transform_add_only,2966,2023-04-14,2023-04-24,-0.014368947230732,2023,2023-03-31,learned_order_extension,20260910,0.3858828730522305,0.3858828730522305,0,0
fixed_transform_add_only,2971,2023-04-21,2023-05-04,-0.0044228908788729,2023,2023-03-31,learned_order_extension,20260910,0.5688836720815036,0.5688836720815036,1,0
fixed_transform_add_only,2976,2023-04-28,2023-05-10,0.0036477163153083,2023,2023-03-31,learned_order_extension,20260910,0.47378127097471384,0.47378127097471384,0,1
fixed_transform_add_only,2978,2023-05-05,2023-05-15,-0.0221642407977935,2023,2023-03-31,learned_order_extension,20260910,0.49090261967836085,0.49090261967836085,0,0
fixed_transform_add_only,2983,2023-05-12,2023-05-22,0.0005509250208819,2023,2023-03-31,learned_order_extension,20260910,0.4248352985464518,0.4248352985464518,0,1
fixed_transform_add_only,2988,2023-05-19,2023-05-29,-0.0200253742704897,2023,2023-03-31,learned_order_extension,20260910,0.5432942539043623,0.5432942539043623,1,0
fixed_transform_add_only,2993,2023-05-26,2023-06-05,-0.0003935703040848,2023,2023-03-31,learned_order_extension,20260910,0.5489908522353607,0.5489908522353607,1,0
fixed_transform_add_only,2998,2023-06-02,2023-06-12,-0.0086075595250429,2023,2023-03-31,learned_order_extension,20260910,0.48184924894767633,0.48184924894767633,0,0
fixed_transform_add_only,3003,2023-06-09,2023-06-19,0.0338878539347273,2023,2023-03-31,learned_order_extension,20260910,0.4511085566201204,0.4511085566201204,0,1
fixed_transform_add_only,3008,2023-06-16,2023-07-03,-0.026216632171098,2023,2023-03-31,learned_order_extension,20260910,0.4285570618280408,0.4285570618280408,0,0
fixed_transform_add_only,3016,2023-06-30,2023-07-10,-0.0030441518806006,2023,2023-03-31,learned_order_extension,20260910,0.4970182807795675,0.4970182807795675,0,0
fixed_transform_add_only,2961,2023-04-07,2023-04-17,-0.0101500238382772,2023,2023-03-31,learned_order_offset,20260910,0.5357187056810774,0.5357187056810774,1,0
fixed_transform_add_only,2966,2023-04-14,2023-04-24,-0.014368947230732,2023,2023-03-31,learned_order_offset,20260910,0.38510799651979577,0.38510799651979577,0,0
fixed_transform_add_only,2971,2023-04-21,2023-05-04,-0.0044228908788729,2023,2023-03-31,learned_order_offset,20260910,0.5712954674214191,0.5712954674214191,1,0
fixed_transform_add_only,2976,2023-04-28,2023-05-10,0.0036477163153083,2023,2023-03-31,learned_order_offset,20260910,0.47535408470428314,0.47535408470428314,0,1
fixed_transform_add_only,2978,2023-05-05,2023-05-15,-0.0221642407977935,2023,2023-03-31,learned_order_offset,20260910,0.4915216865310039,0.4915216865310039,0,0
fixed_transform_add_only,2983,2023-05-12,2023-05-22,0.0005509250208819,2023,2023-03-31,learned_order_offset,20260910,0.42501757239814897,0.42501757239814897,0,1
fixed_transform_add_only,2988,2023-05-19,2023-05-29,-0.0200253742704897,2023,2023-03-31,learned_order_offset,20260910,0.5415093516768146,0.5415093516768146,1,0
fixed_transform_add_only,2993,2023-05-26,2023-06-05,-0.0003935703040848,2023,2023-03-31,learned_order_offset,20260910,0.5492471959706515,0.5492471959706515,1,0
fixed_transform_add_only,2998,2023-06-02,2023-06-12,-0.0086075595250429,2023,2023-03-31,learned_order_offset,20260910,0.4828026217610506,0.4828026217610506,0,0
fixed_transform_add_only,3003,2023-06-09,2023-06-19,0.0338878539347273,2023,2023-03-31,learned_order_offset,20260910,0.4532322027117332,0.4532322027117332,0,1
fixed_transform_add_only,3008,2023-06-16,2023-07-03,-0.026216632171098,2023,2023-03-31,learned_order_offset,20260910,0.4280573668006663,0.4280573668006663,0,0
fixed_transform_add_only,3016,2023-06-30,2023-07-10,-0.0030441518806006,2023,2023-03-31,learned_order_offset,20260910,0.49851584406207466,0.49851584406207466,0,0
fixed_transform_add_only,2961,2023-04-07,2023-04-17,-0.0101500238382772,2023,2023-03-31,learned_market,20260911,0.5295301380622653,0.5295301380622653,1,0
fixed_transform_add_only,2966,2023-04-14,2023-04-24,-0.014368947230732,2023,2023-03-31,learned_market,20260911,0.5352192164003181,0.5352192164003181,1,0
fixed_transform_add_only,2971,2023-04-21,2023-05-04,-0.0044228908788729,2023,2023-03-31,learned_market,20260911,0.40275955284889914,0.40275955284889914,0,0
fixed_transform_add_only,2976,2023-04-28,2023-05-10,0.0036477163153083,2023,2023-03-31,learned_market,20260911,0.3830265159353879,0.3830265159353879,0,1
fixed_transform_add_only,2978,2023-05-05,2023-05-15,-0.0221642407977935,2023,2023-03-31,learned_market,20260911,0.3712274547254017,0.3712274547254017,0,0
fixed_transform_add_only,2983,2023-05-12,2023-05-22,0.0005509250208819,2023,2023-03-31,learned_market,20260911,0.5159094105396838,0.5159094105396838,1,1
fixed_transform_add_only,2988,2023-05-19,2023-05-29,-0.0200253742704897,2023,2023-03-31,learned_market,20260911,0.7146474708321147,0.7146474708321147,1,0
fixed_transform_add_only,2993,2023-05-26,2023-06-05,-0.0003935703040848,2023,2023-03-31,learned_market,20260911,0.522341598586908,0.522341598586908,1,0
fixed_transform_add_only,2998,2023-06-02,2023-06-12,-0.0086075595250429,2023,2023-03-31,learned_market,20260911,0.4468728862683376,0.4468728862683376,0,0
fixed_transform_add_only,3003,2023-06-09,2023-06-19,0.0338878539347273,2023,2023-03-31,learned_market,20260911,0.47918301910394073,0.47918301910394073,0,1
fixed_transform_add_only,3008,2023-06-16,2023-07-03,-0.026216632171098,2023,2023-03-31,learned_market,20260911,0.44475816515098154,0.44475816515098154,0,0
fixed_transform_add_only,3016,2023-06-30,2023-07-10,-0.0030441518806006,2023,2023-03-31,learned_market,20260911,0.5153529823121374,0.5153529823121374,1,0
fixed_transform_add_only,2961,2023-04-07,2023-04-17,-0.0101500238382772,2023,2023-03-31,learned_vol_interaction,20260911,0.5214383123982952,0.5214383123982952,1,0
fixed_transform_add_only,2966,2023-04-14,2023-04-24,-0.014368947230732,2023,2023-03-31,learned_vol_interaction,20260911,0.5047575991393592,0.5047575991393592,1,0
fixed_transform_add_only,2971,2023-04-21,2023-05-04,-0.0044228908788729,2023,2023-03-31,learned_vol_interaction,20260911,0.43583556000380025,0.43583556000380025,0,0
fixed_transform_add_only,2976,2023-04-28,2023-05-10,0.0036477163153083,2023,2023-03-31,learned_vol_interaction,20260911,0.418189258165622,0.418189258165622,0,1
fixed_transform_add_only,2978,2023-05-05,2023-05-15,-0.0221642407977935,2023,2023-03-31,learned_vol_interaction,20260911,0.43170987990915555,0.43170987990915555,0,0
fixed_transform_add_only,2983,2023-05-12,2023-05-22,0.0005509250208819,2023,2023-03-31,learned_vol_interaction,20260911,0.5506513287275282,0.5506513287275282,1,1
fixed_transform_add_only,2988,2023-05-19,2023-05-29,-0.0200253742704897,2023,2023-03-31,learned_vol_interaction,20260911,0.6574749471615952,0.6574749471615952,1,0
fixed_transform_add_only,2993,2023-05-26,2023-06-05,-0.0003935703040848,2023,2023-03-31,learned_vol_interaction,20260911,0.5342010289373987,0.5342010289373987,1,0
fixed_transform_add_only,2998,2023-06-02,2023-06-12,-0.0086075595250429,2023,2023-03-31,learned_vol_interaction,20260911,0.46888232559140053,0.46888232559140053,0,0
fixed_transform_add_only,3003,2023-06-09,2023-06-19,0.0338878539347273,2023,2023-03-31,learned_vol_interaction,20260911,0.5062240069387202,0.5062240069387202,1,1
fixed_transform_add_only,3008,2023-06-16,2023-07-03,-0.026216632171098,2023,2023-03-31,learned_vol_interaction,20260911,0.4790574777810846,0.4790574777810846,0,0
fixed_transform_add_only,3016,2023-06-30,2023-07-10,-0.0030441518806006,2023,2023-03-31,learned_vol_interaction,20260911,0.5223019516192213,0.5223019516192213,1,0
fixed_transform_add_only,2961,2023-04-07,2023-04-17,-0.0101500238382772,2023,2023-03-31,learned_order_extension,20260911,0.5207650896146003,0.5207650896146003,1,0
fixed_transform_add_only,2966,2023-04-14,2023-04-24,-0.014368947230732,2023,2023-03-31,learned_order_extension,20260911,0.508124918528304,0.508124918528304,1,0
fixed_transform_add_only,2971,2023-04-21,2023-05-04,-0.0044228908788729,2023,2023-03-31,learned_order_extension,20260911,0.44112654240847565,0.44112654240847565,0,0
fixed_transform_add_only,2976,2023-04-28,2023-05-10,0.0036477163153083,2023,2023-03-31,learned_order_extension,20260911,0.43092089073981765,0.43092089073981765,0,1
fixed_transform_add_only,2978,2023-05-05,2023-05-15,-0.0221642407977935,2023,2023-03-31,learned_order_extension,20260911,0.44341267208918567,0.44341267208918567,0,0
fixed_transform_add_only,2983,2023-05-12,2023-05-22,0.0005509250208819,2023,2023-03-31,learned_order_extension,20260911,0.5506720467322899,0.5506720467322899,1,1
fixed_transform_add_only,2988,2023-05-19,2023-05-29,-0.0200253742704897,2023,2023-03-31,learned_order_extension,20260911,0.6388450914252277,0.6388450914252277,1,0
fixed_transform_add_only,2993,2023-05-26,2023-06-05,-0.0003935703040848,2023,2023-03-31,learned_order_extension,20260911,0.536668559541225,0.536668559541225,1,0
fixed_transform_add_only,2998,2023-06-02,2023-06-12,-0.0086075595250429,2023,2023-03-31,learned_order_extension,20260911,0.47937057496919183,0.47937057496919183,0,0
fixed_transform_add_only,3003,2023-06-09,2023-06-19,0.0338878539347273,2023,2023-03-31,learned_order_extension,20260911,0.5105014968087517,0.5105014968087517,1,1
fixed_transform_add_only,3008,2023-06-16,2023-07-03,-0.026216632171098,2023,2023-03-31,learned_order_extension,20260911,0.4858751223258404,0.4858751223258404,0,0
fixed_transform_add_only,3016,2023-06-30,2023-07-10,-0.0030441518806006,2023,2023-03-31,learned_order_extension,20260911,0.5177687152495443,0.5177687152495443,1,0
fixed_transform_add_only,2961,2023-04-07,2023-04-17,-0.0101500238382772,2023,2023-03-31,learned_order_offset,20260911,0.5205745747114295,0.5205745747114295,1,0
fixed_transform_add_only,2966,2023-04-14,2023-04-24,-0.014368947230732,2023,2023-03-31,learned_order_offset,20260911,0.5075522904578144,0.5075522904578144,1,0
fixed_transform_add_only,2971,2023-04-21,2023-05-04,-0.0044228908788729,2023,2023-03-31,learned_order_offset,20260911,0.4409124708559344,0.4409124708559344,0,0
fixed_transform_add_only,2976,2023-04-28,2023-05-10,0.0036477163153083,2023,2023-03-31,learned_order_offset,20260911,0.43091294057102675,0.43091294057102675,0,1
fixed_transform_add_only,2978,2023-05-05,2023-05-15,-0.0221642407977935,2023,2023-03-31,learned_order_offset,20260911,0.44341955623630197,0.44341955623630197,0,0
fixed_transform_add_only,2983,2023-05-12,2023-05-22,0.0005509250208819,2023,2023-03-31,learned_order_offset,20260911,0.5503963500070067,0.5503963500070067,1,1
fixed_transform_add_only,2988,2023-05-19,2023-05-29,-0.0200253742704897,2023,2023-03-31,learned_order_offset,20260911,0.638804591122026,0.638804591122026,1,0
fixed_transform_add_only,2993,2023-05-26,2023-06-05,-0.0003935703040848,2023,2023-03-31,learned_order_offset,20260911,0.5365185508542769,0.5365185508542769,1,0
fixed_transform_add_only,2998,2023-06-02,2023-06-12,-0.0086075595250429,2023,2023-03-31,learned_order_offset,20260911,0.4794102433756434,0.4794102433756434,0,0
fixed_transform_add_only,3003,2023-06-09,2023-06-19,0.0338878539347273,2023,2023-03-31,learned_order_offset,20260911,0.5103370738690607,0.5103370738690607,1,1
fixed_transform_add_only,3008,2023-06-16,2023-07-03,-0.026216632171098,2023,2023-03-31,learned_order_offset,20260911,0.4857308674998926,0.4857308674998926,0,0
fixed_transform_add_only,3016,2023-06-30,2023-07-10,-0.0030441518806006,2023,2023-03-31,learned_order_offset,20260911,0.5170568763052565,0.5170568763052565,1,0
fixed_transform_add_only,2961,2023-04-07,2023-04-17,-0.0101500238382772,2023,2023-03-31,learned_market,20260912,0.6268617274082945,0.6268617274082945,1,0
fixed_transform_add_only,2966,2023-04-14,2023-04-24,-0.014368947230732,2023,2023-03-31,learned_market,20260912,0.40158724110923627,0.40158724110923627,0,0
fixed_transform_add_only,2971,2023-04-21,2023-05-04,-0.0044228908788729,2023,2023-03-31,learned_market,20260912,0.36358189390146417,0.36358189390146417,0,0
fixed_transform_add_only,2976,2023-04-28,2023-05-10,0.0036477163153083,2023,2023-03-31,learned_market,20260912,0.48093049106738145,0.48093049106738145,0,1
fixed_transform_add_only,2978,2023-05-05,2023-05-15,-0.0221642407977935,2023,2023-03-31,learned_market,20260912,0.36005192008624537,0.36005192008624537,0,0
fixed_transform_add_only,2983,2023-05-12,2023-05-22,0.0005509250208819,2023,2023-03-31,learned_market,20260912,0.4687272528407956,0.4687272528407956,0,1
fixed_transform_add_only,2988,2023-05-19,2023-05-29,-0.0200253742704897,2023,2023-03-31,learned_market,20260912,0.6613814742551791,0.6613814742551791,1,0
fixed_transform_add_only,2993,2023-05-26,2023-06-05,-0.0003935703040848,2023,2023-03-31,learned_market,20260912,0.5079391991818902,0.5079391991818902,1,0
fixed_transform_add_only,2998,2023-06-02,2023-06-12,-0.0086075595250429,2023,2023-03-31,learned_market,20260912,0.4730663047479663,0.4730663047479663,0,0
fixed_transform_add_only,3003,2023-06-09,2023-06-19,0.0338878539347273,2023,2023-03-31,learned_market,20260912,0.3714559885777546,0.3714559885777546,0,1
fixed_transform_add_only,3008,2023-06-16,2023-07-03,-0.026216632171098,2023,2023-03-31,learned_market,20260912,0.3574326008771963,0.3574326008771963,0,0
fixed_transform_add_only,3016,2023-06-30,2023-07-10,-0.0030441518806006,2023,2023-03-31,learned_market,20260912,0.6261092987364144,0.6261092987364144,1,0
fixed_transform_add_only,2961,2023-04-07,2023-04-17,-0.0101500238382772,2023,2023-03-31,learned_vol_interaction,20260912,0.6308492639925672,0.6308492639925672,1,0
fixed_transform_add_only,2966,2023-04-14,2023-04-24,-0.014368947230732,2023,2023-03-31,learned_vol_interaction,20260912,0.4000446333749192,0.4000446333749192,0,0
fixed_transform_add_only,2971,2023-04-21,2023-05-04,-0.0044228908788729,2023,2023-03-31,learned_vol_interaction,20260912,0.3623398038080032,0.3623398038080032,0,0
fixed_transform_add_only,2976,2023-04-28,2023-05-10,0.0036477163153083,2023,2023-03-31,learned_vol_interaction,20260912,0.4800743412388981,0.4800743412388981,0,1
fixed_transform_add_only,2978,2023-05-05,2023-05-15,-0.0221642407977935,2023,2023-03-31,learned_vol_interaction,20260912,0.35744060105011904,0.35744060105011904,0,0
fixed_transform_add_only,2983,2023-05-12,2023-05-22,0.0005509250208819,2023,2023-03-31,learned_vol_interaction,20260912,0.47023232014129274,0.47023232014129274,0,1
fixed_transform_add_only,2988,2023-05-19,2023-05-29,-0.0200253742704897,2023,2023-03-31,learned_vol_interaction,20260912,0.6638801140015987,0.6638801140015987,1,0
fixed_transform_add_only,2993,2023-05-26,2023-06-05,-0.0003935703040848,2023,2023-03-31,learned_vol_interaction,20260912,0.5108555272272065,0.5108555272272065,1,0
fixed_transform_add_only,2998,2023-06-02,2023-06-12,-0.0086075595250429,2023,2023-03-31,learned_vol_interaction,20260912,0.4710964312816402,0.4710964312816402,0,0
fixed_transform_add_only,3003,2023-06-09,2023-06-19,0.0338878539347273,2023,2023-03-31,learned_vol_interaction,20260912,0.3667745425462456,0.3667745425462456,0,1
fixed_transform_add_only,3008,2023-06-16,2023-07-03,-0.026216632171098,2023,2023-03-31,learned_vol_interaction,20260912,0.3513563100970118,0.3513563100970118,0,0
fixed_transform_add_only,3016,2023-06-30,2023-07-10,-0.0030441518806006,2023,2023-03-31,learned_vol_interaction,20260912,0.6295633349747917,0.6295633349747917,1,0
fixed_transform_add_only,2961,2023-04-07,2023-04-17,-0.0101500238382772,2023,2023-03-31,learned_order_extension,20260912,0.6060587741555652,0.6060587741555652,1,0
fixed_transform_add_only,2966,2023-04-14,2023-04-24,-0.014368947230732,2023,2023-03-31,learned_order_extension,20260912,0.42828597155823406,0.42828597155823406,0,0
fixed_transform_add_only,2971,2023-04-21,2023-05-04,-0.0044228908788729,2023,2023-03-31,learned_order_extension,20260912,0.4135648198419626,0.4135648198419626,0,0
fixed_transform_add_only,2976,2023-04-28,2023-05-10,0.0036477163153083,2023,2023-03-31,learned_order_extension,20260912,0.47082946592218633,0.47082946592218633,0,1
fixed_transform_add_only,2978,2023-05-05,2023-05-15,-0.0221642407977935,2023,2023-03-31,learned_order_extension,20260912,0.41651301538929797,0.41651301538929797,0,0
fixed_transform_add_only,2983,2023-05-12,2023-05-22,0.0005509250208819,2023,2023-03-31,learned_order_extension,20260912,0.5118563643318043,0.5118563643318043,1,1
fixed_transform_add_only,2988,2023-05-19,2023-05-29,-0.0200253742704897,2023,2023-03-31,learned_order_extension,20260912,0.5150962807781636,0.5150962807781636,1,0
fixed_transform_add_only,2993,2023-05-26,2023-06-05,-0.0003935703040848,2023,2023-03-31,learned_order_extension,20260912,0.5031939394996794,0.5031939394996794,1,0
fixed_transform_add_only,2998,2023-06-02,2023-06-12,-0.0086075595250429,2023,2023-03-31,learned_order_extension,20260912,0.5310132293803449,0.5310132293803449,1,0
fixed_transform_add_only,3003,2023-06-09,2023-06-19,0.0338878539347273,2023,2023-03-31,learned_order_extension,20260912,0.47305764173892284,0.47305764173892284,0,1
fixed_transform_add_only,3008,2023-06-16,2023-07-03,-0.026216632171098,2023,2023-03-31,learned_order_extension,20260912,0.48817983720307845,0.48817983720307845,0,0
fixed_transform_add_only,3016,2023-06-30,2023-07-10,-0.0030441518806006,2023,2023-03-31,learned_order_extension,20260912,0.5682007598411359,0.5682007598411359,1,0
fixed_transform_add_only,2961,2023-04-07,2023-04-17,-0.0101500238382772,2023,2023-03-31,learned_order_offset,20260912,0.6029129849067536,0.6029129849067536,1,0
fixed_transform_add_only,2966,2023-04-14,2023-04-24,-0.014368947230732,2023,2023-03-31,learned_order_offset,20260912,0.4356421709480176,0.4356421709480176,0,0
fixed_transform_add_only,2971,2023-04-21,2023-05-04,-0.0044228908788729,2023,2023-03-31,learned_order_offset,20260912,0.4219511515251968,0.4219511515251968,0,0
fixed_transform_add_only,2976,2023-04-28,2023-05-10,0.0036477163153083,2023,2023-03-31,learned_order_offset,20260912,0.4698177674877908,0.4698177674877908,0,1
fixed_transform_add_only,2978,2023-05-05,2023-05-15,-0.0221642407977935,2023,2023-03-31,learned_order_offset,20260912,0.42056553528855706,0.42056553528855706,0,0
fixed_transform_add_only,2983,2023-05-12,2023-05-22,0.0005509250208819,2023,2023-03-31,learned_order_offset,20260912,0.5128647600938747,0.5128647600938747,1,1
fixed_transform_add_only,2988,2023-05-19,2023-05-29,-0.0200253742704897,2023,2023-03-31,learned_order_offset,20260912,0.5046129295635439,0.5046129295635439,1,0
fixed_transform_add_only,2993,2023-05-26,2023-06-05,-0.0003935703040848,2023,2023-03-31,learned_order_offset,20260912,0.5014291381648194,0.5014291381648194,1,0
fixed_transform_add_only,2998,2023-06-02,2023-06-12,-0.0086075595250429,2023,2023-03-31,learned_order_offset,20260912,0.5391374612356835,0.5391374612356835,1,0
fixed_transform_add_only,3003,2023-06-09,2023-06-19,0.0338878539347273,2023,2023-03-31,learned_order_offset,20260912,0.48846067810191207,0.48846067810191207,0,1
fixed_transform_add_only,3008,2023-06-16,2023-07-03,-0.026216632171098,2023,2023-03-31,learned_order_offset,20260912,0.4958689736260862,0.4958689736260862,0,0
fixed_transform_add_only,3016,2023-06-30,2023-07-10,-0.0030441518806006,2023,2023-03-31,learned_order_offset,20260912,0.5699921290443414,0.5699921290443414,1,0
fixed_transform_add_only,2961,2023-04-07,2023-04-17,-0.0101500238382772,2023,2023-03-31,training_frequency,-1,0.5070977917981072,0.5070977917981072,1,0
fixed_transform_add_only,2966,2023-04-14,2023-04-24,-0.014368947230732,2023,2023-03-31,training_frequency,-1,0.5070977917981072,0.5070977917981072,1,0
fixed_transform_add_only,2971,2023-04-21,2023-05-04,-0.0044228908788729,2023,2023-03-31,training_frequency,-1,0.5070977917981072,0.5070977917981072,1,0
fixed_transform_add_only,2976,2023-04-28,2023-05-10,0.0036477163153083,2023,2023-03-31,training_frequency,-1,0.5070977917981072,0.5070977917981072,1,1
fixed_transform_add_only,2978,2023-05-05,2023-05-15,-0.0221642407977935,2023,2023-03-31,training_frequency,-1,0.5070977917981072,0.5070977917981072,1,0
fixed_transform_add_only,2983,2023-05-12,2023-05-22,0.0005509250208819,2023,2023-03-31,training_frequency,-1,0.5070977917981072,0.5070977917981072,1,1
fixed_transform_add_only,2988,2023-05-19,2023-05-29,-0.0200253742704897,2023,2023-03-31,training_frequency,-1,0.5070977917981072,0.5070977917981072,1,0
fixed_transform_add_only,2993,2023-05-26,2023-06-05,-0.0003935703040848,2023,2023-03-31,training_frequency,-1,0.5070977917981072,0.5070977917981072,1,0
fixed_transform_add_only,2998,2023-06-02,2023-06-12,-0.0086075595250429,2023,2023-03-31,training_frequency,-1,0.5070977917981072,0.5070977917981072,1,0
fixed_transform_add_only,3003,2023-06-09,2023-06-19,0.0338878539347273,2023,2023-03-31,training_frequency,-1,0.5070977917981072,0.5070977917981072,1,1
fixed_transform_add_only,3008,2023-06-16,2023-07-03,-0.026216632171098,2023,2023-03-31,training_frequency,-1,0.5070977917981072,0.5070977917981072,1,0
fixed_transform_add_only,3016,2023-06-30,2023-07-10,-0.0030441518806006,2023,2023-03-31,training_frequency,-1,0.5070977917981072,0.5070977917981072,1,0
fixed_transform_add_only,3021,2023-07-07,2023-07-17,0.0104280552692135,2023,2023-06-30,learned_market,20260910,0.4881200623333385,0.4881200623333385,0,1
fixed_transform_add_only,3026,2023-07-14,2023-07-24,-0.0201642613135752,2023,2023-06-30,learned_market,20260910,0.6750411674706591,0.6750411674706591,1,0
fixed_transform_add_only,3031,2023-07-21,2023-07-31,0.0566710925894278,2023,2023-06-30,learned_market,20260910,0.6426720601024957,0.6426720601024957,1,1
fixed_transform_add_only,3036,2023-07-28,2023-08-07,-0.0039612927947766,2023,2023-06-30,learned_market,20260910,0.43922748510067716,0.43922748510067716,0,0
fixed_transform_add_only,3041,2023-08-04,2023-08-14,-0.0404899362223548,2023,2023-06-30,learned_market,20260910,0.39259184036584577,0.39259184036584577,0,0
fixed_transform_add_only,3046,2023-08-11,2023-08-21,-0.0176157088591445,2023,2023-06-30,learned_market,20260910,0.3194098515626721,0.3194098515626721,0,0
fixed_transform_add_only,3051,2023-08-18,2023-08-28,0.0366582477081969,2023,2023-06-30,learned_market,20260910,0.6165449770235321,0.6165449770235321,1,1
fixed_transform_add_only,3056,2023-08-25,2023-09-04,-0.025197172476384,2023,2023-06-30,learned_market,20260910,0.3514474327397001,0.3514474327397001,0,0
fixed_transform_add_only,3061,2023-09-01,2023-09-11,-0.0189903461587886,2023,2023-06-30,learned_market,20260910,0.6634199460136985,0.6634199460136985,1,0
fixed_transform_add_only,3066,2023-09-08,2023-09-18,-0.0111346368744954,2023,2023-06-30,learned_market,20260910,0.5791844913043526,0.5791844913043526,1,0
fixed_transform_add_only,3071,2023-09-15,2023-09-25,0.0105787349314532,2023,2023-06-30,learned_market,20260910,0.6805924793865857,0.6805924793865857,1,1
fixed_transform_add_only,3076,2023-09-22,2023-10-16,-0.0198017153282719,2023,2023-06-30,learned_market,20260910,0.4051037999631784,0.4051037999631784,0,0
fixed_transform_add_only,3021,2023-07-07,2023-07-17,0.0104280552692135,2023,2023-06-30,learned_vol_interaction,20260910,0.4948382367037085,0.4948382367037085,0,1
fixed_transform_add_only,3026,2023-07-14,2023-07-24,-0.0201642613135752,2023,2023-06-30,learned_vol_interaction,20260910,0.6592710978046901,0.6592710978046901,1,0
fixed_transform_add_only,3031,2023-07-21,2023-07-31,0.0566710925894278,2023,2023-06-30,learned_vol_interaction,20260910,0.6245477699171991,0.6245477699171991,1,1
fixed_transform_add_only,3036,2023-07-28,2023-08-07,-0.0039612927947766,2023,2023-06-30,learned_vol_interaction,20260910,0.44402199590950503,0.44402199590950503,0,0
fixed_transform_add_only,3041,2023-08-04,2023-08-14,-0.0404899362223548,2023,2023-06-30,learned_vol_interaction,20260910,0.40470304986121153,0.40470304986121153,0,0
fixed_transform_add_only,3046,2023-08-11,2023-08-21,-0.0176157088591445,2023,2023-06-30,learned_vol_interaction,20260910,0.3291672979957311,0.3291672979957311,0,0
fixed_transform_add_only,3051,2023-08-18,2023-08-28,0.0366582477081969,2023,2023-06-30,learned_vol_interaction,20260910,0.6120960410557943,0.6120960410557943,1,1
fixed_transform_add_only,3056,2023-08-25,2023-09-04,-0.025197172476384,2023,2023-06-30,learned_vol_interaction,20260910,0.3599485929404858,0.3599485929404858,0,0
fixed_transform_add_only,3061,2023-09-01,2023-09-11,-0.0189903461587886,2023,2023-06-30,learned_vol_interaction,20260910,0.6522588185922318,0.6522588185922318,1,0
fixed_transform_add_only,3066,2023-09-08,2023-09-18,-0.0111346368744954,2023,2023-06-30,learned_vol_interaction,20260910,0.5709827131573202,0.5709827131573202,1,0
fixed_transform_add_only,3071,2023-09-15,2023-09-25,0.0105787349314532,2023,2023-06-30,learned_vol_interaction,20260910,0.6714946104943681,0.6714946104943681,1,1
fixed_transform_add_only,3076,2023-09-22,2023-10-16,-0.0198017153282719,2023,2023-06-30,learned_vol_interaction,20260910,0.41881787913021545,0.41881787913021545,0,0
fixed_transform_add_only,3021,2023-07-07,2023-07-17,0.0104280552692135,2023,2023-06-30,learned_order_extension,20260910,0.5205209299039237,0.5205209299039237,1,1
fixed_transform_add_only,3026,2023-07-14,2023-07-24,-0.0201642613135752,2023,2023-06-30,learned_order_extension,20260910,0.5463265271732232,0.5463265271732232,1,0
fixed_transform_add_only,3031,2023-07-21,2023-07-31,0.0566710925894278,2023,2023-06-30,learned_order_extension,20260910,0.5517700577843024,0.5517700577843024,1,1
fixed_transform_add_only,3036,2023-07-28,2023-08-07,-0.0039612927947766,2023,2023-06-30,learned_order_extension,20260910,0.4413997740980119,0.4413997740980119,0,0
fixed_transform_add_only,3041,2023-08-04,2023-08-14,-0.0404899362223548,2023,2023-06-30,learned_order_extension,20260910,0.4396396886024175,0.4396396886024175,0,0
fixed_transform_add_only,3046,2023-08-11,2023-08-21,-0.0176157088591445,2023,2023-06-30,learned_order_extension,20260910,0.3664095339590209,0.3664095339590209,0,0
fixed_transform_add_only,3051,2023-08-18,2023-08-28,0.0366582477081969,2023,2023-06-30,learned_order_extension,20260910,0.5626286050486757,0.5626286050486757,1,1
fixed_transform_add_only,3056,2023-08-25,2023-09-04,-0.025197172476384,2023,2023-06-30,learned_order_extension,20260910,0.4051958129717609,0.4051958129717609,0,0
fixed_transform_add_only,3061,2023-09-01,2023-09-11,-0.0189903461587886,2023,2023-06-30,learned_order_extension,20260910,0.6260044957203997,0.6260044957203997,1,0
fixed_transform_add_only,3066,2023-09-08,2023-09-18,-0.0111346368744954,2023,2023-06-30,learned_order_extension,20260910,0.5434338805730395,0.5434338805730395,1,0
fixed_transform_add_only,3071,2023-09-15,2023-09-25,0.0105787349314532,2023,2023-06-30,learned_order_extension,20260910,0.660958951878695,0.660958951878695,1,1
fixed_transform_add_only,3076,2023-09-22,2023-10-16,-0.0198017153282719,2023,2023-06-30,learned_order_extension,20260910,0.4560027712578319,0.4560027712578319,0,0
fixed_transform_add_only,3021,2023-07-07,2023-07-17,0.0104280552692135,2023,2023-06-30,learned_order_offset,20260910,0.5263622662612756,0.5263622662612756,1,1
fixed_transform_add_only,3026,2023-07-14,2023-07-24,-0.0201642613135752,2023,2023-06-30,learned_order_offset,20260910,0.5403889390235359,0.5403889390235359,1,0
fixed_transform_add_only,3031,2023-07-21,2023-07-31,0.0566710925894278,2023,2023-06-30,learned_order_offset,20260910,0.5487960190238976,0.5487960190238976,1,1
fixed_transform_add_only,3036,2023-07-28,2023-08-07,-0.0039612927947766,2023,2023-06-30,learned_order_offset,20260910,0.44292090398391437,0.44292090398391437,0,0
fixed_transform_add_only,3041,2023-08-04,2023-08-14,-0.0404899362223548,2023,2023-06-30,learned_order_offset,20260910,0.44315778790545407,0.44315778790545407,0,0
fixed_transform_add_only,3046,2023-08-11,2023-08-21,-0.0176157088591445,2023,2023-06-30,learned_order_offset,20260910,0.3756371345969201,0.3756371345969201,0,0
fixed_transform_add_only,3051,2023-08-18,2023-08-28,0.0366582477081969,2023,2023-06-30,learned_order_offset,20260910,0.5594049696730147,0.5594049696730147,1,1
fixed_transform_add_only,3056,2023-08-25,2023-09-04,-0.025197172476384,2023,2023-06-30,learned_order_offset,20260910,0.4108583132665359,0.4108583132665359,0,0
fixed_transform_add_only,3061,2023-09-01,2023-09-11,-0.0189903461587886,2023,2023-06-30,learned_order_offset,20260910,0.6237360428523794,0.6237360428523794,1,0
fixed_transform_add_only,3066,2023-09-08,2023-09-18,-0.0111346368744954,2023,2023-06-30,learned_order_offset,20260910,0.545736466078061,0.545736466078061,1,0
fixed_transform_add_only,3071,2023-09-15,2023-09-25,0.0105787349314532,2023,2023-06-30,learned_order_offset,20260910,0.657851821162065,0.657851821162065,1,1
fixed_transform_add_only,3076,2023-09-22,2023-10-16,-0.0198017153282719,2023,2023-06-30,learned_order_offset,20260910,0.4668475536713143,0.4668475536713143,0,0
fixed_transform_add_only,3021,2023-07-07,2023-07-17,0.0104280552692135,2023,2023-06-30,learned_market,20260911,0.45197085208089155,0.45197085208089155,0,1
fixed_transform_add_only,3026,2023-07-14,2023-07-24,-0.0201642613135752,2023,2023-06-30,learned_market,20260911,0.4508809411106522,0.4508809411106522,0,0
fixed_transform_add_only,3031,2023-07-21,2023-07-31,0.0566710925894278,2023,2023-06-30,learned_market,20260911,0.4423957174002459,0.4423957174002459,0,1
fixed_transform_add_only,3036,2023-07-28,2023-08-07,-0.0039612927947766,2023,2023-06-30,learned_market,20260911,0.43938846146869465,0.43938846146869465,0,0
fixed_transform_add_only,3041,2023-08-04,2023-08-14,-0.0404899362223548,2023,2023-06-30,learned_market,20260911,0.4335884550410387,0.4335884550410387,0,0
fixed_transform_add_only,3046,2023-08-11,2023-08-21,-0.0176157088591445,2023,2023-06-30,learned_market,20260911,0.6841832188449304,0.6841832188449304,1,0
fixed_transform_add_only,3051,2023-08-18,2023-08-28,0.0366582477081969,2023,2023-06-30,learned_market,20260911,0.4644858379669402,0.4644858379669402,0,1
fixed_transform_add_only,3056,2023-08-25,2023-09-04,-0.025197172476384,2023,2023-06-30,learned_market,20260911,0.5664484253386524,0.5664484253386524,1,0
fixed_transform_add_only,3061,2023-09-01,2023-09-11,-0.0189903461587886,2023,2023-06-30,learned_market,20260911,0.4272570381381361,0.4272570381381361,0,0
fixed_transform_add_only,3066,2023-09-08,2023-09-18,-0.0111346368744954,2023,2023-06-30,learned_market,20260911,0.5622605996304072,0.5622605996304072,1,0
fixed_transform_add_only,3071,2023-09-15,2023-09-25,0.0105787349314532,2023,2023-06-30,learned_market,20260911,0.6452302280301535,0.6452302280301535,1,1
fixed_transform_add_only,3076,2023-09-22,2023-10-16,-0.0198017153282719,2023,2023-06-30,learned_market,20260911,0.5714812146840588,0.5714812146840588,1,0
fixed_transform_add_only,3021,2023-07-07,2023-07-17,0.0104280552692135,2023,2023-06-30,learned_vol_interaction,20260911,0.4811150619361613,0.4811150619361613,0,1
fixed_transform_add_only,3026,2023-07-14,2023-07-24,-0.0201642613135752,2023,2023-06-30,learned_vol_interaction,20260911,0.4659392660756212,0.4659392660756212,0,0
fixed_transform_add_only,3031,2023-07-21,2023-07-31,0.0566710925894278,2023,2023-06-30,learned_vol_interaction,20260911,0.47849022942288877,0.47849022942288877,0,1
fixed_transform_add_only,3036,2023-07-28,2023-08-07,-0.0039612927947766,2023,2023-06-30,learned_vol_interaction,20260911,0.4535945302218096,0.4535945302218096,0,0
fixed_transform_add_only,3041,2023-08-04,2023-08-14,-0.0404899362223548,2023,2023-06-30,learned_vol_interaction,20260911,0.46024960407449045,0.46024960407449045,0,0
fixed_transform_add_only,3046,2023-08-11,2023-08-21,-0.0176157088591445,2023,2023-06-30,learned_vol_interaction,20260911,0.6408376695578754,0.6408376695578754,1,0
fixed_transform_add_only,3051,2023-08-18,2023-08-28,0.0366582477081969,2023,2023-06-30,learned_vol_interaction,20260911,0.4564884615359511,0.4564884615359511,0,1
fixed_transform_add_only,3056,2023-08-25,2023-09-04,-0.025197172476384,2023,2023-06-30,learned_vol_interaction,20260911,0.5613190330312877,0.5613190330312877,1,0
fixed_transform_add_only,3061,2023-09-01,2023-09-11,-0.0189903461587886,2023,2023-06-30,learned_vol_interaction,20260911,0.46373153268548445,0.46373153268548445,0,0
fixed_transform_add_only,3066,2023-09-08,2023-09-18,-0.0111346368744954,2023,2023-06-30,learned_vol_interaction,20260911,0.5536624636065359,0.5536624636065359,1,0
fixed_transform_add_only,3071,2023-09-15,2023-09-25,0.0105787349314532,2023,2023-06-30,learned_vol_interaction,20260911,0.6162531098289586,0.6162531098289586,1,1
fixed_transform_add_only,3076,2023-09-22,2023-10-16,-0.0198017153282719,2023,2023-06-30,learned_vol_interaction,20260911,0.5615045701674618,0.5615045701674618,1,0
fixed_transform_add_only,3021,2023-07-07,2023-07-17,0.0104280552692135,2023,2023-06-30,learned_order_extension,20260911,0.49137335164555873,0.49137335164555873,0,1
fixed_transform_add_only,3026,2023-07-14,2023-07-24,-0.0201642613135752,2023,2023-06-30,learned_order_extension,20260911,0.46656318810671377,0.46656318810671377,0,0
fixed_transform_add_only,3031,2023-07-21,2023-07-31,0.0566710925894278,2023,2023-06-30,learned_order_extension,20260911,0.48903405152283375,0.48903405152283375,0,1
fixed_transform_add_only,3036,2023-07-28,2023-08-07,-0.0039612927947766,2023,2023-06-30,learned_order_extension,20260911,0.45321415840982393,0.45321415840982393,0,0
fixed_transform_add_only,3041,2023-08-04,2023-08-14,-0.0404899362223548,2023,2023-06-30,learned_order_extension,20260911,0.46420129158722045,0.46420129158722045,0,0
fixed_transform_add_only,3046,2023-08-11,2023-08-21,-0.0176157088591445,2023,2023-06-30,learned_order_extension,20260911,0.6244548613694088,0.6244548613694088,1,0
fixed_transform_add_only,3051,2023-08-18,2023-08-28,0.0366582477081969,2023,2023-06-30,learned_order_extension,20260911,0.4612639537959153,0.4612639537959153,0,1
fixed_transform_add_only,3056,2023-08-25,2023-09-04,-0.025197172476384,2023,2023-06-30,learned_order_extension,20260911,0.5511455168118062,0.5511455168118062,1,0
fixed_transform_add_only,3061,2023-09-01,2023-09-11,-0.0189903461587886,2023,2023-06-30,learned_order_extension,20260911,0.47385955924301526,0.47385955924301526,0,0
fixed_transform_add_only,3066,2023-09-08,2023-09-18,-0.0111346368744954,2023,2023-06-30,learned_order_extension,20260911,0.5473296154763804,0.5473296154763804,1,0
fixed_transform_add_only,3071,2023-09-15,2023-09-25,0.0105787349314532,2023,2023-06-30,learned_order_extension,20260911,0.6172185666338826,0.6172185666338826,1,1
fixed_transform_add_only,3076,2023-09-22,2023-10-16,-0.0198017153282719,2023,2023-06-30,learned_order_extension,20260911,0.561499377795462,0.561499377795462,1,0
fixed_transform_add_only,3021,2023-07-07,2023-07-17,0.0104280552692135,2023,2023-06-30,learned_order_offset,20260911,0.49215656580272366,0.49215656580272366,0,1
fixed_transform_add_only,3026,2023-07-14,2023-07-24,-0.0201642613135752,2023,2023-06-30,learned_order_offset,20260911,0.4675277059400528,0.4675277059400528,0,0
fixed_transform_add_only,3031,2023-07-21,2023-07-31,0.0566710925894278,2023,2023-06-30,learned_order_offset,20260911,0.48983587697093195,0.48983587697093195,0,1
fixed_transform_add_only,3036,2023-07-28,2023-08-07,-0.0039612927947766,2023,2023-06-30,learned_order_offset,20260911,0.453663862788233,0.453663862788233,0,0
fixed_transform_add_only,3041,2023-08-04,2023-08-14,-0.0404899362223548,2023,2023-06-30,learned_order_offset,20260911,0.46591378287288027,0.46591378287288027,0,0
fixed_transform_add_only,3046,2023-08-11,2023-08-21,-0.0176157088591445,2023,2023-06-30,learned_order_offset,20260911,0.6230405594325522,0.6230405594325522,1,0
fixed_transform_add_only,3051,2023-08-18,2023-08-28,0.0366582477081969,2023,2023-06-30,learned_order_offset,20260911,0.4605554705727429,0.4605554705727429,0,1
fixed_transform_add_only,3056,2023-08-25,2023-09-04,-0.025197172476384,2023,2023-06-30,learned_order_offset,20260911,0.5516121850653388,0.5516121850653388,1,0
fixed_transform_add_only,3061,2023-09-01,2023-09-11,-0.0189903461587886,2023,2023-06-30,learned_order_offset,20260911,0.47484829422988256,0.47484829422988256,0,0
fixed_transform_add_only,3066,2023-09-08,2023-09-18,-0.0111346368744954,2023,2023-06-30,learned_order_offset,20260911,0.5463430466197617,0.5463430466197617,1,0
fixed_transform_add_only,3071,2023-09-15,2023-09-25,0.0105787349314532,2023,2023-06-30,learned_order_offset,20260911,0.615053153365543,0.615053153365543,1,1
fixed_transform_add_only,3076,2023-09-22,2023-10-16,-0.0198017153282719,2023,2023-06-30,learned_order_offset,20260911,0.5605834527108831,0.5605834527108831,1,0
fixed_transform_add_only,3021,2023-07-07,2023-07-17,0.0104280552692135,2023,2023-06-30,learned_market,20260912,0.5573312979466811,0.5573312979466811,1,1
fixed_transform_add_only,3026,2023-07-14,2023-07-24,-0.0201642613135752,2023,2023-06-30,learned_market,20260912,0.6728919623127608,0.6728919623127608,1,0
fixed_transform_add_only,3031,2023-07-21,2023-07-31,0.0566710925894278,2023,2023-06-30,learned_market,20260912,0.27096769126130676,0.27096769126130676,0,1
fixed_transform_add_only,3036,2023-07-28,2023-08-07,-0.0039612927947766,2023,2023-06-30,learned_market,20260912,0.5474417151983475,0.5474417151983475,1,0
fixed_transform_add_only,3041,2023-08-04,2023-08-14,-0.0404899362223548,2023,2023-06-30,learned_market,20260912,0.6775489522437699,0.6775489522437699,1,0
fixed_transform_add_only,3046,2023-08-11,2023-08-21,-0.0176157088591445,2023,2023-06-30,learned_market,20260912,0.7981343563190482,0.7981343563190482,1,0
fixed_transform_add_only,3051,2023-08-18,2023-08-28,0.0366582477081969,2023,2023-06-30,learned_market,20260912,0.42498647348876556,0.42498647348876556,0,1
fixed_transform_add_only,3056,2023-08-25,2023-09-04,-0.025197172476384,2023,2023-06-30,learned_market,20260912,0.4051660264644892,0.4051660264644892,0,0
fixed_transform_add_only,3061,2023-09-01,2023-09-11,-0.0189903461587886,2023,2023-06-30,learned_market,20260912,0.27877996353576,0.27877996353576,0,0
fixed_transform_add_only,3066,2023-09-08,2023-09-18,-0.0111346368744954,2023,2023-06-30,learned_market,20260912,0.5652864968815848,0.5652864968815848,1,0
fixed_transform_add_only,3071,2023-09-15,2023-09-25,0.0105787349314532,2023,2023-06-30,learned_market,20260912,0.47951596900609555,0.47951596900609555,0,1
fixed_transform_add_only,3076,2023-09-22,2023-10-16,-0.0198017153282719,2023,2023-06-30,learned_market,20260912,0.40915668896166774,0.40915668896166774,0,0
fixed_transform_add_only,3021,2023-07-07,2023-07-17,0.0104280552692135,2023,2023-06-30,learned_vol_interaction,20260912,0.556867429196664,0.556867429196664,1,1
fixed_transform_add_only,3026,2023-07-14,2023-07-24,-0.0201642613135752,2023,2023-06-30,learned_vol_interaction,20260912,0.6722406137807838,0.6722406137807838,1,0
fixed_transform_add_only,3031,2023-07-21,2023-07-31,0.0566710925894278,2023,2023-06-30,learned_vol_interaction,20260912,0.2718096651622577,0.2718096651622577,0,1
fixed_transform_add_only,3036,2023-07-28,2023-08-07,-0.0039612927947766,2023,2023-06-30,learned_vol_interaction,20260912,0.547570687292982,0.547570687292982,1,0
fixed_transform_add_only,3041,2023-08-04,2023-08-14,-0.0404899362223548,2023,2023-06-30,learned_vol_interaction,20260912,0.6773623491785606,0.6773623491785606,1,0
fixed_transform_add_only,3046,2023-08-11,2023-08-21,-0.0176157088591445,2023,2023-06-30,learned_vol_interaction,20260912,0.7978466633806756,0.7978466633806756,1,0
fixed_transform_add_only,3051,2023-08-18,2023-08-28,0.0366582477081969,2023,2023-06-30,learned_vol_interaction,20260912,0.42447831033358835,0.42447831033358835,0,1
fixed_transform_add_only,3056,2023-08-25,2023-09-04,-0.025197172476384,2023,2023-06-30,learned_vol_interaction,20260912,0.4054321524756475,0.4054321524756475,0,0
fixed_transform_add_only,3061,2023-09-01,2023-09-11,-0.0189903461587886,2023,2023-06-30,learned_vol_interaction,20260912,0.2794737157457715,0.2794737157457715,0,0
fixed_transform_add_only,3066,2023-09-08,2023-09-18,-0.0111346368744954,2023,2023-06-30,learned_vol_interaction,20260912,0.5653813215632603,0.5653813215632603,1,0
fixed_transform_add_only,3071,2023-09-15,2023-09-25,0.0105787349314532,2023,2023-06-30,learned_vol_interaction,20260912,0.48006162035671474,0.48006162035671474,0,1
fixed_transform_add_only,3076,2023-09-22,2023-10-16,-0.0198017153282719,2023,2023-06-30,learned_vol_interaction,20260912,0.4092595206169724,0.4092595206169724,0,0
fixed_transform_add_only,3021,2023-07-07,2023-07-17,0.0104280552692135,2023,2023-06-30,learned_order_extension,20260912,0.535792878368801,0.535792878368801,1,1
fixed_transform_add_only,3026,2023-07-14,2023-07-24,-0.0201642613135752,2023,2023-06-30,learned_order_extension,20260912,0.5532786408782988,0.5532786408782988,1,0
fixed_transform_add_only,3031,2023-07-21,2023-07-31,0.0566710925894278,2023,2023-06-30,learned_order_extension,20260912,0.40549281808598076,0.40549281808598076,0,1
fixed_transform_add_only,3036,2023-07-28,2023-08-07,-0.0039612927947766,2023,2023-06-30,learned_order_extension,20260912,0.5207716223886151,0.5207716223886151,1,0
fixed_transform_add_only,3041,2023-08-04,2023-08-14,-0.0404899362223548,2023,2023-06-30,learned_order_extension,20260912,0.5978076540588905,0.5978076540588905,1,0
fixed_transform_add_only,3046,2023-08-11,2023-08-21,-0.0176157088591445,2023,2023-06-30,learned_order_extension,20260912,0.6834180491556837,0.6834180491556837,1,0
fixed_transform_add_only,3051,2023-08-18,2023-08-28,0.0366582477081969,2023,2023-06-30,learned_order_extension,20260912,0.4217931579255846,0.4217931579255846,0,1
fixed_transform_add_only,3056,2023-08-25,2023-09-04,-0.025197172476384,2023,2023-06-30,learned_order_extension,20260912,0.4321961841771413,0.4321961841771413,0,0
fixed_transform_add_only,3061,2023-09-01,2023-09-11,-0.0189903461587886,2023,2023-06-30,learned_order_extension,20260912,0.3410794436743805,0.3410794436743805,0,0
fixed_transform_add_only,3066,2023-09-08,2023-09-18,-0.0111346368744954,2023,2023-06-30,learned_order_extension,20260912,0.5086161242814217,0.5086161242814217,1,0
fixed_transform_add_only,3071,2023-09-15,2023-09-25,0.0105787349314532,2023,2023-06-30,learned_order_extension,20260912,0.47045115478767024,0.47045115478767024,0,1
fixed_transform_add_only,3076,2023-09-22,2023-10-16,-0.0198017153282719,2023,2023-06-30,learned_order_extension,20260912,0.43303335928687514,0.43303335928687514,0,0
fixed_transform_add_only,3021,2023-07-07,2023-07-17,0.0104280552692135,2023,2023-06-30,learned_order_offset,20260912,0.5428967580049303,0.5428967580049303,1,1
fixed_transform_add_only,3026,2023-07-14,2023-07-24,-0.0201642613135752,2023,2023-06-30,learned_order_offset,20260912,0.55743107367867,0.55743107367867,1,0
fixed_transform_add_only,3031,2023-07-21,2023-07-31,0.0566710925894278,2023,2023-06-30,learned_order_offset,20260912,0.4301959788975976,0.4301959788975976,0,1
fixed_transform_add_only,3036,2023-07-28,2023-08-07,-0.0039612927947766,2023,2023-06-30,learned_order_offset,20260912,0.521663411996913,0.521663411996913,1,0
fixed_transform_add_only,3041,2023-08-04,2023-08-14,-0.0404899362223548,2023,2023-06-30,learned_order_offset,20260912,0.5975888787661777,0.5975888787661777,1,0
fixed_transform_add_only,3046,2023-08-11,2023-08-21,-0.0176157088591445,2023,2023-06-30,learned_order_offset,20260912,0.6695787225905155,0.6695787225905155,1,0
fixed_transform_add_only,3051,2023-08-18,2023-08-28,0.0366582477081969,2023,2023-06-30,learned_order_offset,20260912,0.42499864709575824,0.42499864709575824,0,1
fixed_transform_add_only,3056,2023-08-25,2023-09-04,-0.025197172476384,2023,2023-06-30,learned_order_offset,20260912,0.4393051958954749,0.4393051958954749,0,0
fixed_transform_add_only,3061,2023-09-01,2023-09-11,-0.0189903461587886,2023,2023-06-30,learned_order_offset,20260912,0.3631505838241917,0.3631505838241917,0,0
fixed_transform_add_only,3066,2023-09-08,2023-09-18,-0.0111346368744954,2023,2023-06-30,learned_order_offset,20260912,0.5153563366273632,0.5153563366273632,1,0
fixed_transform_add_only,3071,2023-09-15,2023-09-25,0.0105787349314532,2023,2023-06-30,learned_order_offset,20260912,0.48632455032496286,0.48632455032496286,0,1
fixed_transform_add_only,3076,2023-09-22,2023-10-16,-0.0198017153282719,2023,2023-06-30,learned_order_offset,20260912,0.44057433738185925,0.44057433738185925,0,0
fixed_transform_add_only,3021,2023-07-07,2023-07-17,0.0104280552692135,2023,2023-06-30,training_frequency,-1,0.5056518462697814,0.5056518462697814,1,1
fixed_transform_add_only,3026,2023-07-14,2023-07-24,-0.0201642613135752,2023,2023-06-30,training_frequency,-1,0.5056518462697814,0.5056518462697814,1,0
fixed_transform_add_only,3031,2023-07-21,2023-07-31,0.0566710925894278,2023,2023-06-30,training_frequency,-1,0.5056518462697814,0.5056518462697814,1,1
fixed_transform_add_only,3036,2023-07-28,2023-08-07,-0.0039612927947766,2023,2023-06-30,training_frequency,-1,0.5056518462697814,0.5056518462697814,1,0
fixed_transform_add_only,3041,2023-08-04,2023-08-14,-0.0404899362223548,2023,2023-06-30,training_frequency,-1,0.5056518462697814,0.5056518462697814,1,0
fixed_transform_add_only,3046,2023-08-11,2023-08-21,-0.0176157088591445,2023,2023-06-30,training_frequency,-1,0.5056518462697814,0.5056518462697814,1,0
fixed_transform_add_only,3051,2023-08-18,2023-08-28,0.0366582477081969,2023,2023-06-30,training_frequency,-1,0.5056518462697814,0.5056518462697814,1,1
fixed_transform_add_only,3056,2023-08-25,2023-09-04,-0.025197172476384,2023,2023-06-30,training_frequency,-1,0.5056518462697814,0.5056518462697814,1,0
fixed_transform_add_only,3061,2023-09-01,2023-09-11,-0.0189903461587886,2023,2023-06-30,training_frequency,-1,0.5056518462697814,0.5056518462697814,1,0
fixed_transform_add_only,3066,2023-09-08,2023-09-18,-0.0111346368744954,2023,2023-06-30,training_frequency,-1,0.5056518462697814,0.5056518462697814,1,0
fixed_transform_add_only,3071,2023-09-15,2023-09-25,0.0105787349314532,2023,2023-06-30,training_frequency,-1,0.5056518462697814,0.5056518462697814,1,1
fixed_transform_add_only,3076,2023-09-22,2023-10-16,-0.0198017153282719,2023,2023-06-30,training_frequency,-1,0.5056518462697814,0.5056518462697814,1,0
fixed_transform_add_only,3085,2023-10-13,2023-10-23,-0.0447156690429144,2023,2023-09-30,learned_market,20260910,0.4259128326936085,0.4259128326936085,0,0
fixed_transform_add_only,3090,2023-10-20,2023-10-30,0.0154019770298841,2023,2023-09-30,learned_market,20260910,0.5015734165524264,0.5015734165524264,1,1
fixed_transform_add_only,3095,2023-10-27,2023-11-06,0.0152527637017425,2023,2023-09-30,learned_market,20260910,0.5901226884745051,0.5901226884745051,1,1
fixed_transform_add_only,3100,2023-11-03,2023-11-13,-0.0039935482440582,2023,2023-09-30,learned_market,20260910,0.5863043884417394,0.5863043884417394,1,0
fixed_transform_add_only,3105,2023-11-10,2023-11-20,-0.0067280482816765,2023,2023-09-30,learned_market,20260910,0.4001159131592666,0.4001159131592666,0,0
fixed_transform_add_only,3110,2023-11-17,2023-11-27,-0.0098859017348651,2023,2023-09-30,learned_market,20260910,0.5050485537405396,0.5050485537405396,1,0
fixed_transform_add_only,3115,2023-11-24,2023-12-04,-0.0151084754586299,2023,2023-09-30,learned_market,20260910,0.5884716903700411,0.5884716903700411,1,0
fixed_transform_add_only,3120,2023-12-01,2023-12-11,-0.0295859857973478,2023,2023-09-30,learned_market,20260910,0.5975692889261527,0.5975692889261527,1,0
fixed_transform_add_only,3125,2023-12-08,2023-12-18,-0.0144639658974852,2023,2023-09-30,learned_market,20260910,0.6707735304156227,0.6707735304156227,1,0
fixed_transform_add_only,3130,2023-12-15,2023-12-25,0.0003424256350643,2023,2023-09-30,learned_market,20260910,0.49700228300282934,0.49700228300282934,0,1
fixed_transform_add_only,3135,2023-12-22,2024-01-02,0.0288079559683274,2023,2023-09-30,learned_market,20260910,0.3569202054366986,0.3569202054366986,0,1
fixed_transform_add_only,3140,2023-12-29,2024-01-08,-0.0302544749829989,2023,2023-09-30,learned_market,20260910,0.5617201585469922,0.5617201585469922,1,0
fixed_transform_add_only,3085,2023-10-13,2023-10-23,-0.0447156690429144,2023,2023-09-30,learned_vol_interaction,20260910,0.44216239075476,0.44216239075476,0,0
fixed_transform_add_only,3090,2023-10-20,2023-10-30,0.0154019770298841,2023,2023-09-30,learned_vol_interaction,20260910,0.504106537225051,0.504106537225051,1,1
fixed_transform_add_only,3095,2023-10-27,2023-11-06,0.0152527637017425,2023,2023-09-30,learned_vol_interaction,20260910,0.5794717189722095,0.5794717189722095,1,1
fixed_transform_add_only,3100,2023-11-03,2023-11-13,-0.0039935482440582,2023,2023-09-30,learned_vol_interaction,20260910,0.5711360622884247,0.5711360622884247,1,0
fixed_transform_add_only,3105,2023-11-10,2023-11-20,-0.0067280482816765,2023,2023-09-30,learned_vol_interaction,20260910,0.40470539101951536,0.40470539101951536,0,0
fixed_transform_add_only,3110,2023-11-17,2023-11-27,-0.0098859017348651,2023,2023-09-30,learned_vol_interaction,20260910,0.4943546991392561,0.4943546991392561,0,0
fixed_transform_add_only,3115,2023-11-24,2023-12-04,-0.0151084754586299,2023,2023-09-30,learned_vol_interaction,20260910,0.566119789437359,0.566119789437359,1,0
fixed_transform_add_only,3120,2023-12-01,2023-12-11,-0.0295859857973478,2023,2023-09-30,learned_vol_interaction,20260910,0.5725963720126004,0.5725963720126004,1,0
fixed_transform_add_only,3125,2023-12-08,2023-12-18,-0.0144639658974852,2023,2023-09-30,learned_vol_interaction,20260910,0.6467171441818343,0.6467171441818343,1,0
fixed_transform_add_only,3130,2023-12-15,2023-12-25,0.0003424256350643,2023,2023-09-30,learned_vol_interaction,20260910,0.496649263438436,0.496649263438436,0,1
fixed_transform_add_only,3135,2023-12-22,2024-01-02,0.0288079559683274,2023,2023-09-30,learned_vol_interaction,20260910,0.37503200988482105,0.37503200988482105,0,1
fixed_transform_add_only,3140,2023-12-29,2024-01-08,-0.0302544749829989,2023,2023-09-30,learned_vol_interaction,20260910,0.5499058002241604,0.5499058002241604,1,0
fixed_transform_add_only,3085,2023-10-13,2023-10-23,-0.0447156690429144,2023,2023-09-30,learned_order_extension,20260910,0.4072798775554412,0.4072798775554412,0,0
fixed_transform_add_only,3090,2023-10-20,2023-10-30,0.0154019770298841,2023,2023-09-30,learned_order_extension,20260910,0.5109622246359626,0.5109622246359626,1,1
fixed_transform_add_only,3095,2023-10-27,2023-11-06,0.0152527637017425,2023,2023-09-30,learned_order_extension,20260910,0.546580630954929,0.546580630954929,1,1
fixed_transform_add_only,3100,2023-11-03,2023-11-13,-0.0039935482440582,2023,2023-09-30,learned_order_extension,20260910,0.5577871365729629,0.5577871365729629,1,0
fixed_transform_add_only,3105,2023-11-10,2023-11-20,-0.0067280482816765,2023,2023-09-30,learned_order_extension,20260910,0.42979215343390237,0.42979215343390237,0,0
fixed_transform_add_only,3110,2023-11-17,2023-11-27,-0.0098859017348651,2023,2023-09-30,learned_order_extension,20260910,0.5166077593025898,0.5166077593025898,1,0
fixed_transform_add_only,3115,2023-11-24,2023-12-04,-0.0151084754586299,2023,2023-09-30,learned_order_extension,20260910,0.5416340452462667,0.5416340452462667,1,0
fixed_transform_add_only,3120,2023-12-01,2023-12-11,-0.0295859857973478,2023,2023-09-30,learned_order_extension,20260910,0.5576346029926993,0.5576346029926993,1,0
fixed_transform_add_only,3125,2023-12-08,2023-12-18,-0.0144639658974852,2023,2023-09-30,learned_order_extension,20260910,0.6664931326947215,0.6664931326947215,1,0
fixed_transform_add_only,3130,2023-12-15,2023-12-25,0.0003424256350643,2023,2023-09-30,learned_order_extension,20260910,0.4949272912311601,0.4949272912311601,0,1
fixed_transform_add_only,3135,2023-12-22,2024-01-02,0.0288079559683274,2023,2023-09-30,learned_order_extension,20260910,0.3928719471113807,0.3928719471113807,0,1
fixed_transform_add_only,3140,2023-12-29,2024-01-08,-0.0302544749829989,2023,2023-09-30,learned_order_extension,20260910,0.5553733373862045,0.5553733373862045,1,0
fixed_transform_add_only,3085,2023-10-13,2023-10-23,-0.0447156690429144,2023,2023-09-30,learned_order_offset,20260910,0.4169617373172303,0.4169617373172303,0,0
fixed_transform_add_only,3090,2023-10-20,2023-10-30,0.0154019770298841,2023,2023-09-30,learned_order_offset,20260910,0.5065306447627237,0.5065306447627237,1,1
fixed_transform_add_only,3095,2023-10-27,2023-11-06,0.0152527637017425,2023,2023-09-30,learned_order_offset,20260910,0.5388916918906985,0.5388916918906985,1,1
fixed_transform_add_only,3100,2023-11-03,2023-11-13,-0.0039935482440582,2023,2023-09-30,learned_order_offset,20260910,0.5488903408195849,0.5488903408195849,1,0
fixed_transform_add_only,3105,2023-11-10,2023-11-20,-0.0067280482816765,2023,2023-09-30,learned_order_offset,20260910,0.43597589753012955,0.43597589753012955,0,0
fixed_transform_add_only,3110,2023-11-17,2023-11-27,-0.0098859017348651,2023,2023-09-30,learned_order_offset,20260910,0.5120408818698383,0.5120408818698383,1,0
fixed_transform_add_only,3115,2023-11-24,2023-12-04,-0.0151084754586299,2023,2023-09-30,learned_order_offset,20260910,0.5300816198793838,0.5300816198793838,1,0
fixed_transform_add_only,3120,2023-12-01,2023-12-11,-0.0295859857973478,2023,2023-09-30,learned_order_offset,20260910,0.5434639091896887,0.5434639091896887,1,0
fixed_transform_add_only,3125,2023-12-08,2023-12-18,-0.0144639658974852,2023,2023-09-30,learned_order_offset,20260910,0.6508391204850771,0.6508391204850771,1,0
fixed_transform_add_only,3130,2023-12-15,2023-12-25,0.0003424256350643,2023,2023-09-30,learned_order_offset,20260910,0.49307412757339264,0.49307412757339264,0,1
fixed_transform_add_only,3135,2023-12-22,2024-01-02,0.0288079559683274,2023,2023-09-30,learned_order_offset,20260910,0.40276132015398286,0.40276132015398286,0,1
fixed_transform_add_only,3140,2023-12-29,2024-01-08,-0.0302544749829989,2023,2023-09-30,learned_order_offset,20260910,0.5487438832526024,0.5487438832526024,1,0
fixed_transform_add_only,3085,2023-10-13,2023-10-23,-0.0447156690429144,2023,2023-09-30,learned_market,20260911,0.39520961618338063,0.39520961618338063,0,0
fixed_transform_add_only,3090,2023-10-20,2023-10-30,0.0154019770298841,2023,2023-09-30,learned_market,20260911,0.39090918687747367,0.39090918687747367,0,1
fixed_transform_add_only,3095,2023-10-27,2023-11-06,0.0152527637017425,2023,2023-09-30,learned_market,20260911,0.4467692503852788,0.4467692503852788,0,1
fixed_transform_add_only,3100,2023-11-03,2023-11-13,-0.0039935482440582,2023,2023-09-30,learned_market,20260911,0.5931428108863074,0.5931428108863074,1,0
fixed_transform_add_only,3105,2023-11-10,2023-11-20,-0.0067280482816765,2023,2023-09-30,learned_market,20260911,0.5067052008084291,0.5067052008084291,1,0
fixed_transform_add_only,3110,2023-11-17,2023-11-27,-0.0098859017348651,2023,2023-09-30,learned_market,20260911,0.44438175408153624,0.44438175408153624,0,0
fixed_transform_add_only,3115,2023-11-24,2023-12-04,-0.0151084754586299,2023,2023-09-30,learned_market,20260911,0.5186222429495435,0.5186222429495435,1,0
fixed_transform_add_only,3120,2023-12-01,2023-12-11,-0.0295859857973478,2023,2023-09-30,learned_market,20260911,0.5836422348956001,0.5836422348956001,1,0
fixed_transform_add_only,3125,2023-12-08,2023-12-18,-0.0144639658974852,2023,2023-09-30,learned_market,20260911,0.4621211877901382,0.4621211877901382,0,0
fixed_transform_add_only,3130,2023-12-15,2023-12-25,0.0003424256350643,2023,2023-09-30,learned_market,20260911,0.4630291880665516,0.4630291880665516,0,1
fixed_transform_add_only,3135,2023-12-22,2024-01-02,0.0288079559683274,2023,2023-09-30,learned_market,20260911,0.47945346536468825,0.47945346536468825,0,1
fixed_transform_add_only,3140,2023-12-29,2024-01-08,-0.0302544749829989,2023,2023-09-30,learned_market,20260911,0.5118464518352319,0.5118464518352319,1,0
fixed_transform_add_only,3085,2023-10-13,2023-10-23,-0.0447156690429144,2023,2023-09-30,learned_vol_interaction,20260911,0.4903514528346138,0.4903514528346138,0,0
fixed_transform_add_only,3090,2023-10-20,2023-10-30,0.0154019770298841,2023,2023-09-30,learned_vol_interaction,20260911,0.4464616048909694,0.4464616048909694,0,1
fixed_transform_add_only,3095,2023-10-27,2023-11-06,0.0152527637017425,2023,2023-09-30,learned_vol_interaction,20260911,0.4363844614623692,0.4363844614623692,0,1
fixed_transform_add_only,3100,2023-11-03,2023-11-13,-0.0039935482440582,2023,2023-09-30,learned_vol_interaction,20260911,0.5672448358051534,0.5672448358051534,1,0
fixed_transform_add_only,3105,2023-11-10,2023-11-20,-0.0067280482816765,2023,2023-09-30,learned_vol_interaction,20260911,0.520673812588993,0.520673812588993,1,0
fixed_transform_add_only,3110,2023-11-17,2023-11-27,-0.0098859017348651,2023,2023-09-30,learned_vol_interaction,20260911,0.5058037404122127,0.5058037404122127,1,0
fixed_transform_add_only,3115,2023-11-24,2023-12-04,-0.0151084754586299,2023,2023-09-30,learned_vol_interaction,20260911,0.5215150043246521,0.5215150043246521,1,0
fixed_transform_add_only,3120,2023-12-01,2023-12-11,-0.0295859857973478,2023,2023-09-30,learned_vol_interaction,20260911,0.5599000803391537,0.5599000803391537,1,0
fixed_transform_add_only,3125,2023-12-08,2023-12-18,-0.0144639658974852,2023,2023-09-30,learned_vol_interaction,20260911,0.5470374835820002,0.5470374835820002,1,0
fixed_transform_add_only,3130,2023-12-15,2023-12-25,0.0003424256350643,2023,2023-09-30,learned_vol_interaction,20260911,0.5509830511710269,0.5509830511710269,1,1
fixed_transform_add_only,3135,2023-12-22,2024-01-02,0.0288079559683274,2023,2023-09-30,learned_vol_interaction,20260911,0.5396492676502047,0.5396492676502047,1,1
fixed_transform_add_only,3140,2023-12-29,2024-01-08,-0.0302544749829989,2023,2023-09-30,learned_vol_interaction,20260911,0.5209083382229303,0.5209083382229303,1,0
fixed_transform_add_only,3085,2023-10-13,2023-10-23,-0.0447156690429144,2023,2023-09-30,learned_order_extension,20260911,0.4759957389568306,0.4759957389568306,0,0
fixed_transform_add_only,3090,2023-10-20,2023-10-30,0.0154019770298841,2023,2023-09-30,learned_order_extension,20260911,0.4312699601394674,0.4312699601394674,0,1
fixed_transform_add_only,3095,2023-10-27,2023-11-06,0.0152527637017425,2023,2023-09-30,learned_order_extension,20260911,0.43543955359951597,0.43543955359951597,0,1
fixed_transform_add_only,3100,2023-11-03,2023-11-13,-0.0039935482440582,2023,2023-09-30,learned_order_extension,20260911,0.5705920221842438,0.5705920221842438,1,0
fixed_transform_add_only,3105,2023-11-10,2023-11-20,-0.0067280482816765,2023,2023-09-30,learned_order_extension,20260911,0.5239882159816281,0.5239882159816281,1,0
fixed_transform_add_only,3110,2023-11-17,2023-11-27,-0.0098859017348651,2023,2023-09-30,learned_order_extension,20260911,0.507473125076575,0.507473125076575,1,0
fixed_transform_add_only,3115,2023-11-24,2023-12-04,-0.0151084754586299,2023,2023-09-30,learned_order_extension,20260911,0.526308382631508,0.526308382631508,1,0
fixed_transform_add_only,3120,2023-12-01,2023-12-11,-0.0295859857973478,2023,2023-09-30,learned_order_extension,20260911,0.5635051079559013,0.5635051079559013,1,0
fixed_transform_add_only,3125,2023-12-08,2023-12-18,-0.0144639658974852,2023,2023-09-30,learned_order_extension,20260911,0.5406925515793735,0.5406925515793735,1,0
fixed_transform_add_only,3130,2023-12-15,2023-12-25,0.0003424256350643,2023,2023-09-30,learned_order_extension,20260911,0.5541330686150152,0.5541330686150152,1,1
fixed_transform_add_only,3135,2023-12-22,2024-01-02,0.0288079559683274,2023,2023-09-30,learned_order_extension,20260911,0.5470907248110778,0.5470907248110778,1,1
fixed_transform_add_only,3140,2023-12-29,2024-01-08,-0.0302544749829989,2023,2023-09-30,learned_order_extension,20260911,0.5200023368000921,0.5200023368000921,1,0
fixed_transform_add_only,3085,2023-10-13,2023-10-23,-0.0447156690429144,2023,2023-09-30,learned_order_offset,20260911,0.4800737405163396,0.4800737405163396,0,0
fixed_transform_add_only,3090,2023-10-20,2023-10-30,0.0154019770298841,2023,2023-09-30,learned_order_offset,20260911,0.4342350425993439,0.4342350425993439,0,1
fixed_transform_add_only,3095,2023-10-27,2023-11-06,0.0152527637017425,2023,2023-09-30,learned_order_offset,20260911,0.4360424882275651,0.4360424882275651,0,1
fixed_transform_add_only,3100,2023-11-03,2023-11-13,-0.0039935482440582,2023,2023-09-30,learned_order_offset,20260911,0.5688576190193171,0.5688576190193171,1,0
fixed_transform_add_only,3105,2023-11-10,2023-11-20,-0.0067280482816765,2023,2023-09-30,learned_order_offset,20260911,0.5256710323270446,0.5256710323270446,1,0
fixed_transform_add_only,3110,2023-11-17,2023-11-27,-0.0098859017348651,2023,2023-09-30,learned_order_offset,20260911,0.5080057049848712,0.5080057049848712,1,0
fixed_transform_add_only,3115,2023-11-24,2023-12-04,-0.0151084754586299,2023,2023-09-30,learned_order_offset,20260911,0.5263072452131412,0.5263072452131412,1,0
fixed_transform_add_only,3120,2023-12-01,2023-12-11,-0.0295859857973478,2023,2023-09-30,learned_order_offset,20260911,0.5630361311313201,0.5630361311313201,1,0
fixed_transform_add_only,3125,2023-12-08,2023-12-18,-0.0144639658974852,2023,2023-09-30,learned_order_offset,20260911,0.5432869677652131,0.5432869677652131,1,0
fixed_transform_add_only,3130,2023-12-15,2023-12-25,0.0003424256350643,2023,2023-09-30,learned_order_offset,20260911,0.5566091698048348,0.5566091698048348,1,1
fixed_transform_add_only,3135,2023-12-22,2024-01-02,0.0288079559683274,2023,2023-09-30,learned_order_offset,20260911,0.5491842003821075,0.5491842003821075,1,1
fixed_transform_add_only,3140,2023-12-29,2024-01-08,-0.0302544749829989,2023,2023-09-30,learned_order_offset,20260911,0.5200082262500615,0.5200082262500615,1,0
fixed_transform_add_only,3085,2023-10-13,2023-10-23,-0.0447156690429144,2023,2023-09-30,learned_market,20260912,0.4436879344671824,0.4436879344671824,0,0
fixed_transform_add_only,3090,2023-10-20,2023-10-30,0.0154019770298841,2023,2023-09-30,learned_market,20260912,0.4841586028103123,0.4841586028103123,0,1
fixed_transform_add_only,3095,2023-10-27,2023-11-06,0.0152527637017425,2023,2023-09-30,learned_market,20260912,0.7215289802328497,0.7215289802328497,1,1
fixed_transform_add_only,3100,2023-11-03,2023-11-13,-0.0039935482440582,2023,2023-09-30,learned_market,20260912,0.3734304329354274,0.3734304329354274,0,0
fixed_transform_add_only,3105,2023-11-10,2023-11-20,-0.0067280482816765,2023,2023-09-30,learned_market,20260912,0.32336251017047873,0.32336251017047873,0,0
fixed_transform_add_only,3110,2023-11-17,2023-11-27,-0.0098859017348651,2023,2023-09-30,learned_market,20260912,0.3301368698316306,0.3301368698316306,0,0
fixed_transform_add_only,3115,2023-11-24,2023-12-04,-0.0151084754586299,2023,2023-09-30,learned_market,20260912,0.5505640222480898,0.5505640222480898,1,0
fixed_transform_add_only,3120,2023-12-01,2023-12-11,-0.0295859857973478,2023,2023-09-30,learned_market,20260912,0.3643544736318501,0.3643544736318501,0,0
fixed_transform_add_only,3125,2023-12-08,2023-12-18,-0.0144639658974852,2023,2023-09-30,learned_market,20260912,0.4124172946331693,0.4124172946331693,0,0
fixed_transform_add_only,3130,2023-12-15,2023-12-25,0.0003424256350643,2023,2023-09-30,learned_market,20260912,0.49836750497413157,0.49836750497413157,0,1
fixed_transform_add_only,3135,2023-12-22,2024-01-02,0.0288079559683274,2023,2023-09-30,learned_market,20260912,0.37908881119753274,0.37908881119753274,0,1
fixed_transform_add_only,3140,2023-12-29,2024-01-08,-0.0302544749829989,2023,2023-09-30,learned_market,20260912,0.31952406163118185,0.31952406163118185,0,0
fixed_transform_add_only,3085,2023-10-13,2023-10-23,-0.0447156690429144,2023,2023-09-30,learned_vol_interaction,20260912,0.446222797191628,0.446222797191628,0,0
fixed_transform_add_only,3090,2023-10-20,2023-10-30,0.0154019770298841,2023,2023-09-30,learned_vol_interaction,20260912,0.481501719327232,0.481501719327232,0,1
fixed_transform_add_only,3095,2023-10-27,2023-11-06,0.0152527637017425,2023,2023-09-30,learned_vol_interaction,20260912,0.7145969354550636,0.7145969354550636,1,1
fixed_transform_add_only,3100,2023-11-03,2023-11-13,-0.0039935482440582,2023,2023-09-30,learned_vol_interaction,20260912,0.3733383656208486,0.3733383656208486,0,0
fixed_transform_add_only,3105,2023-11-10,2023-11-20,-0.0067280482816765,2023,2023-09-30,learned_vol_interaction,20260912,0.3251470164435995,0.3251470164435995,0,0
fixed_transform_add_only,3110,2023-11-17,2023-11-27,-0.0098859017348651,2023,2023-09-30,learned_vol_interaction,20260912,0.34589824168300065,0.34589824168300065,0,0
fixed_transform_add_only,3115,2023-11-24,2023-12-04,-0.0151084754586299,2023,2023-09-30,learned_vol_interaction,20260912,0.5412632707591806,0.5412632707591806,1,0
fixed_transform_add_only,3120,2023-12-01,2023-12-11,-0.0295859857973478,2023,2023-09-30,learned_vol_interaction,20260912,0.37233700715303775,0.37233700715303775,0,0
fixed_transform_add_only,3125,2023-12-08,2023-12-18,-0.0144639658974852,2023,2023-09-30,learned_vol_interaction,20260912,0.41574321855056373,0.41574321855056373,0,0
fixed_transform_add_only,3130,2023-12-15,2023-12-25,0.0003424256350643,2023,2023-09-30,learned_vol_interaction,20260912,0.5010456248727754,0.5010456248727754,1,1
fixed_transform_add_only,3135,2023-12-22,2024-01-02,0.0288079559683274,2023,2023-09-30,learned_vol_interaction,20260912,0.38981417516987205,0.38981417516987205,0,1
fixed_transform_add_only,3140,2023-12-29,2024-01-08,-0.0302544749829989,2023,2023-09-30,learned_vol_interaction,20260912,0.3239107073205924,0.3239107073205924,0,0
fixed_transform_add_only,3085,2023-10-13,2023-10-23,-0.0447156690429144,2023,2023-09-30,learned_order_extension,20260912,0.4413013465644788,0.4413013465644788,0,0
fixed_transform_add_only,3090,2023-10-20,2023-10-30,0.0154019770298841,2023,2023-09-30,learned_order_extension,20260912,0.5011658145733446,0.5011658145733446,1,1
fixed_transform_add_only,3095,2023-10-27,2023-11-06,0.0152527637017425,2023,2023-09-30,learned_order_extension,20260912,0.6605121853822806,0.6605121853822806,1,1
fixed_transform_add_only,3100,2023-11-03,2023-11-13,-0.0039935482440582,2023,2023-09-30,learned_order_extension,20260912,0.44305053542187156,0.44305053542187156,0,0
fixed_transform_add_only,3105,2023-11-10,2023-11-20,-0.0067280482816765,2023,2023-09-30,learned_order_extension,20260912,0.34706186651199133,0.34706186651199133,0,0
fixed_transform_add_only,3110,2023-11-17,2023-11-27,-0.0098859017348651,2023,2023-09-30,learned_order_extension,20260912,0.4172440553912452,0.4172440553912452,0,0
fixed_transform_add_only,3115,2023-11-24,2023-12-04,-0.0151084754586299,2023,2023-09-30,learned_order_extension,20260912,0.5105346670953184,0.5105346670953184,1,0
fixed_transform_add_only,3120,2023-12-01,2023-12-11,-0.0295859857973478,2023,2023-09-30,learned_order_extension,20260912,0.41968007391945805,0.41968007391945805,0,0
fixed_transform_add_only,3125,2023-12-08,2023-12-18,-0.0144639658974852,2023,2023-09-30,learned_order_extension,20260912,0.415281608877284,0.415281608877284,0,0
fixed_transform_add_only,3130,2023-12-15,2023-12-25,0.0003424256350643,2023,2023-09-30,learned_order_extension,20260912,0.5230648285668769,0.5230648285668769,1,1
fixed_transform_add_only,3135,2023-12-22,2024-01-02,0.0288079559683274,2023,2023-09-30,learned_order_extension,20260912,0.4047903066905105,0.4047903066905105,0,1
fixed_transform_add_only,3140,2023-12-29,2024-01-08,-0.0302544749829989,2023,2023-09-30,learned_order_extension,20260912,0.4103252642719117,0.4103252642719117,0,0
fixed_transform_add_only,3085,2023-10-13,2023-10-23,-0.0447156690429144,2023,2023-09-30,learned_order_offset,20260912,0.46132340828606844,0.46132340828606844,0,0
fixed_transform_add_only,3090,2023-10-20,2023-10-30,0.0154019770298841,2023,2023-09-30,learned_order_offset,20260912,0.5142901975747559,0.5142901975747559,1,1
fixed_transform_add_only,3095,2023-10-27,2023-11-06,0.0152527637017425,2023,2023-09-30,learned_order_offset,20260912,0.6117069786270325,0.6117069786270325,1,1
fixed_transform_add_only,3100,2023-11-03,2023-11-13,-0.0039935482440582,2023,2023-09-30,learned_order_offset,20260912,0.4562582898981644,0.4562582898981644,0,0
fixed_transform_add_only,3105,2023-11-10,2023-11-20,-0.0067280482816765,2023,2023-09-30,learned_order_offset,20260912,0.3635909009168432,0.3635909009168432,0,0
fixed_transform_add_only,3110,2023-11-17,2023-11-27,-0.0098859017348651,2023,2023-09-30,learned_order_offset,20260912,0.4775392399141357,0.4775392399141357,0,0
fixed_transform_add_only,3115,2023-11-24,2023-12-04,-0.0151084754586299,2023,2023-09-30,learned_order_offset,20260912,0.4945567996143087,0.4945567996143087,0,0
fixed_transform_add_only,3120,2023-12-01,2023-12-11,-0.0295859857973478,2023,2023-09-30,learned_order_offset,20260912,0.45287350993047604,0.45287350993047604,0,0
fixed_transform_add_only,3125,2023-12-08,2023-12-18,-0.0144639658974852,2023,2023-09-30,learned_order_offset,20260912,0.4407275955612356,0.4407275955612356,0,0
fixed_transform_add_only,3130,2023-12-15,2023-12-25,0.0003424256350643,2023,2023-09-30,learned_order_offset,20260912,0.5449999614999145,0.5449999614999145,1,1
fixed_transform_add_only,3135,2023-12-22,2024-01-02,0.0288079559683274,2023,2023-09-30,learned_order_offset,20260912,0.4427559805163989,0.4427559805163989,0,1
fixed_transform_add_only,3140,2023-12-29,2024-01-08,-0.0302544749829989,2023,2023-09-30,learned_order_offset,20260912,0.43633662099944376,0.43633662099944376,0,0
fixed_transform_add_only,3085,2023-10-13,2023-10-23,-0.0447156690429144,2023,2023-09-30,training_frequency,-1,0.501078360891445,0.501078360891445,1,0
fixed_transform_add_only,3090,2023-10-20,2023-10-30,0.0154019770298841,2023,2023-09-30,training_frequency,-1,0.501078360891445,0.501078360891445,1,1
fixed_transform_add_only,3095,2023-10-27,2023-11-06,0.0152527637017425,2023,2023-09-30,training_frequency,-1,0.501078360891445,0.501078360891445,1,1
fixed_transform_add_only,3100,2023-11-03,2023-11-13,-0.0039935482440582,2023,2023-09-30,training_frequency,-1,0.501078360891445,0.501078360891445,1,0
fixed_transform_add_only,3105,2023-11-10,2023-11-20,-0.0067280482816765,2023,2023-09-30,training_frequency,-1,0.501078360891445,0.501078360891445,1,0
fixed_transform_add_only,3110,2023-11-17,2023-11-27,-0.0098859017348651,2023,2023-09-30,training_frequency,-1,0.501078360891445,0.501078360891445,1,0
fixed_transform_add_only,3115,2023-11-24,2023-12-04,-0.0151084754586299,2023,2023-09-30,training_frequency,-1,0.501078360891445,0.501078360891445,1,0
fixed_transform_add_only,3120,2023-12-01,2023-12-11,-0.0295859857973478,2023,2023-09-30,training_frequency,-1,0.501078360891445,0.501078360891445,1,0
fixed_transform_add_only,3125,2023-12-08,2023-12-18,-0.0144639658974852,2023,2023-09-30,training_frequency,-1,0.501078360891445,0.501078360891445,1,0
fixed_transform_add_only,3130,2023-12-15,2023-12-25,0.0003424256350643,2023,2023-09-30,training_frequency,-1,0.501078360891445,0.501078360891445,1,1
fixed_transform_add_only,3135,2023-12-22,2024-01-02,0.0288079559683274,2023,2023-09-30,training_frequency,-1,0.501078360891445,0.501078360891445,1,1
fixed_transform_add_only,3140,2023-12-29,2024-01-08,-0.0302544749829989,2023,2023-09-30,training_frequency,-1,0.501078360891445,0.501078360891445,1,0
fixed_transform_add_only,3144,2024-01-05,2024-01-15,-0.0158038409563566,2024,2023-12-31,learned_market,20260910,0.37911601118731636,0.37911601118731636,0,0
fixed_transform_add_only,3149,2024-01-12,2024-01-22,-0.002333261979756,2024,2023-12-31,learned_market,20260910,0.4589111880907024,0.4589111880907024,0,0
fixed_transform_add_only,3154,2024-01-19,2024-01-29,0.0223511633823452,2024,2023-12-31,learned_market,20260910,0.41956122213307734,0.41956122213307734,0,1
fixed_transform_add_only,3159,2024-01-26,2024-02-05,-0.0513103415192826,2024,2023-12-31,learned_market,20260910,0.4467918935376125,0.4467918935376125,0,0
fixed_transform_add_only,3164,2024-02-02,2024-02-26,0.1015374891364462,2024,2023-12-31,learned_market,20260910,0.6470923056808707,0.6470923056808707,1,1
fixed_transform_add_only,3173,2024-02-23,2024-03-04,0.0151569053862528,2024,2023-12-31,learned_market,20260910,0.6974540268702009,0.6974540268702009,1,1
fixed_transform_add_only,3178,2024-03-01,2024-03-11,0.0021394031715169,2024,2023-12-31,learned_market,20260910,0.6539310685581109,0.6539310685581109,1,1
fixed_transform_add_only,3183,2024-03-08,2024-03-18,0.0087762342284414,2024,2023-12-31,learned_market,20260910,0.651636534380962,0.651636534380962,1,1
fixed_transform_add_only,3188,2024-03-15,2024-03-25,-0.0112802133595746,2024,2023-12-31,learned_market,20260910,0.6184866579610433,0.6184866579610433,1,0
fixed_transform_add_only,3193,2024-03-22,2024-04-01,0.0042044725182444,2024,2023-12-31,learned_market,20260910,0.49537529534083324,0.49537529534083324,0,1
fixed_transform_add_only,3198,2024-03-29,2024-04-15,-0.0219845815102011,2024,2023-12-31,learned_market,20260910,0.4469684467331579,0.4469684467331579,0,0
fixed_transform_add_only,3144,2024-01-05,2024-01-15,-0.0158038409563566,2024,2023-12-31,learned_vol_interaction,20260910,0.375948748112503,0.375948748112503,0,0
fixed_transform_add_only,3149,2024-01-12,2024-01-22,-0.002333261979756,2024,2023-12-31,learned_vol_interaction,20260910,0.4653387886294592,0.4653387886294592,0,0
fixed_transform_add_only,3154,2024-01-19,2024-01-29,0.0223511633823452,2024,2023-12-31,learned_vol_interaction,20260910,0.409541362332266,0.409541362332266,0,1
fixed_transform_add_only,3159,2024-01-26,2024-02-05,-0.0513103415192826,2024,2023-12-31,learned_vol_interaction,20260910,0.4427031623961251,0.4427031623961251,0,0
fixed_transform_add_only,3164,2024-02-02,2024-02-26,0.1015374891364462,2024,2023-12-31,learned_vol_interaction,20260910,0.6537066574488869,0.6537066574488869,1,1
fixed_transform_add_only,3173,2024-02-23,2024-03-04,0.0151569053862528,2024,2023-12-31,learned_vol_interaction,20260910,0.689311779469667,0.689311779469667,1,1
fixed_transform_add_only,3178,2024-03-01,2024-03-11,0.0021394031715169,2024,2023-12-31,learned_vol_interaction,20260910,0.6480049647794901,0.6480049647794901,1,1
fixed_transform_add_only,3183,2024-03-08,2024-03-18,0.0087762342284414,2024,2023-12-31,learned_vol_interaction,20260910,0.6491293260006892,0.6491293260006892,1,1
fixed_transform_add_only,3188,2024-03-15,2024-03-25,-0.0112802133595746,2024,2023-12-31,learned_vol_interaction,20260910,0.6390487602979349,0.6390487602979349,1,0
fixed_transform_add_only,3193,2024-03-22,2024-04-01,0.0042044725182444,2024,2023-12-31,learned_vol_interaction,20260910,0.502579297882782,0.502579297882782,1,1
fixed_transform_add_only,3198,2024-03-29,2024-04-15,-0.0219845815102011,2024,2023-12-31,learned_vol_interaction,20260910,0.4621147966680959,0.4621147966680959,0,0
fixed_transform_add_only,3144,2024-01-05,2024-01-15,-0.0158038409563566,2024,2023-12-31,learned_order_extension,20260910,0.4019000383386628,0.4019000383386628,0,0
fixed_transform_add_only,3149,2024-01-12,2024-01-22,-0.002333261979756,2024,2023-12-31,learned_order_extension,20260910,0.4536929976964038,0.4536929976964038,0,0
fixed_transform_add_only,3154,2024-01-19,2024-01-29,0.0223511633823452,2024,2023-12-31,learned_order_extension,20260910,0.4065097447533653,0.4065097447533653,0,1
fixed_transform_add_only,3159,2024-01-26,2024-02-05,-0.0513103415192826,2024,2023-12-31,learned_order_extension,20260910,0.4181108069924978,0.4181108069924978,0,0
fixed_transform_add_only,3164,2024-02-02,2024-02-26,0.1015374891364462,2024,2023-12-31,learned_order_extension,20260910,0.6639940867614434,0.6639940867614434,1,1
fixed_transform_add_only,3173,2024-02-23,2024-03-04,0.0151569053862528,2024,2023-12-31,learned_order_extension,20260910,0.6509742827223437,0.6509742827223437,1,1
fixed_transform_add_only,3178,2024-03-01,2024-03-11,0.0021394031715169,2024,2023-12-31,learned_order_extension,20260910,0.596427953854031,0.596427953854031,1,1
fixed_transform_add_only,3183,2024-03-08,2024-03-18,0.0087762342284414,2024,2023-12-31,learned_order_extension,20260910,0.5823638998065179,0.5823638998065179,1,1
fixed_transform_add_only,3188,2024-03-15,2024-03-25,-0.0112802133595746,2024,2023-12-31,learned_order_extension,20260910,0.5649258035498114,0.5649258035498114,1,0
fixed_transform_add_only,3193,2024-03-22,2024-04-01,0.0042044725182444,2024,2023-12-31,learned_order_extension,20260910,0.4756478826315535,0.4756478826315535,0,1
fixed_transform_add_only,3198,2024-03-29,2024-04-15,-0.0219845815102011,2024,2023-12-31,learned_order_extension,20260910,0.44826023295447676,0.44826023295447676,0,0
fixed_transform_add_only,3144,2024-01-05,2024-01-15,-0.0158038409563566,2024,2023-12-31,learned_order_offset,20260910,0.40294607271257427,0.40294607271257427,0,0
fixed_transform_add_only,3149,2024-01-12,2024-01-22,-0.002333261979756,2024,2023-12-31,learned_order_offset,20260910,0.45320010017286466,0.45320010017286466,0,0
fixed_transform_add_only,3154,2024-01-19,2024-01-29,0.0223511633823452,2024,2023-12-31,learned_order_offset,20260910,0.40698948981731453,0.40698948981731453,0,1
fixed_transform_add_only,3159,2024-01-26,2024-02-05,-0.0513103415192826,2024,2023-12-31,learned_order_offset,20260910,0.4180998926398431,0.4180998926398431,0,0
fixed_transform_add_only,3164,2024-02-02,2024-02-26,0.1015374891364462,2024,2023-12-31,learned_order_offset,20260910,0.662467427882048,0.662467427882048,1,1
fixed_transform_add_only,3173,2024-02-23,2024-03-04,0.0151569053862528,2024,2023-12-31,learned_order_offset,20260910,0.6495192030104356,0.6495192030104356,1,1
fixed_transform_add_only,3178,2024-03-01,2024-03-11,0.0021394031715169,2024,2023-12-31,learned_order_offset,20260910,0.5953483627631191,0.5953483627631191,1,1
fixed_transform_add_only,3183,2024-03-08,2024-03-18,0.0087762342284414,2024,2023-12-31,learned_order_offset,20260910,0.5813453143574694,0.5813453143574694,1,1
fixed_transform_add_only,3188,2024-03-15,2024-03-25,-0.0112802133595746,2024,2023-12-31,learned_order_offset,20260910,0.5629285714576356,0.5629285714576356,1,0
fixed_transform_add_only,3193,2024-03-22,2024-04-01,0.0042044725182444,2024,2023-12-31,learned_order_offset,20260910,0.4746800194029474,0.4746800194029474,0,1
fixed_transform_add_only,3198,2024-03-29,2024-04-15,-0.0219845815102011,2024,2023-12-31,learned_order_offset,20260910,0.4474975970181041,0.4474975970181041,0,0
fixed_transform_add_only,3144,2024-01-05,2024-01-15,-0.0158038409563566,2024,2023-12-31,learned_market,20260911,0.5054381986976906,0.5054381986976906,1,0
fixed_transform_add_only,3149,2024-01-12,2024-01-22,-0.002333261979756,2024,2023-12-31,learned_market,20260911,0.5344404908323787,0.5344404908323787,1,0
fixed_transform_add_only,3154,2024-01-19,2024-01-29,0.0223511633823452,2024,2023-12-31,learned_market,20260911,0.6056082203678326,0.6056082203678326,1,1
fixed_transform_add_only,3159,2024-01-26,2024-02-05,-0.0513103415192826,2024,2023-12-31,learned_market,20260911,0.536236284491504,0.536236284491504,1,0
fixed_transform_add_only,3164,2024-02-02,2024-02-26,0.1015374891364462,2024,2023-12-31,learned_market,20260911,0.5342416496354764,0.5342416496354764,1,1
fixed_transform_add_only,3173,2024-02-23,2024-03-04,0.0151569053862528,2024,2023-12-31,learned_market,20260911,0.636064859077555,0.636064859077555,1,1
fixed_transform_add_only,3178,2024-03-01,2024-03-11,0.0021394031715169,2024,2023-12-31,learned_market,20260911,0.5744958412225454,0.5744958412225454,1,1
fixed_transform_add_only,3183,2024-03-08,2024-03-18,0.0087762342284414,2024,2023-12-31,learned_market,20260911,0.6235376359173743,0.6235376359173743,1,1
fixed_transform_add_only,3188,2024-03-15,2024-03-25,-0.0112802133595746,2024,2023-12-31,learned_market,20260911,0.5250838960153138,0.5250838960153138,1,0
fixed_transform_add_only,3193,2024-03-22,2024-04-01,0.0042044725182444,2024,2023-12-31,learned_market,20260911,0.5710939352608271,0.5710939352608271,1,1
fixed_transform_add_only,3198,2024-03-29,2024-04-15,-0.0219845815102011,2024,2023-12-31,learned_market,20260911,0.3834197760468657,0.3834197760468657,0,0
fixed_transform_add_only,3144,2024-01-05,2024-01-15,-0.0158038409563566,2024,2023-12-31,learned_vol_interaction,20260911,0.5055907048902185,0.5055907048902185,1,0
fixed_transform_add_only,3149,2024-01-12,2024-01-22,-0.002333261979756,2024,2023-12-31,learned_vol_interaction,20260911,0.5345697430715253,0.5345697430715253,1,0
fixed_transform_add_only,3154,2024-01-19,2024-01-29,0.0223511633823452,2024,2023-12-31,learned_vol_interaction,20260911,0.6057144516952688,0.6057144516952688,1,1
fixed_transform_add_only,3159,2024-01-26,2024-02-05,-0.0513103415192826,2024,2023-12-31,learned_vol_interaction,20260911,0.5360497014286747,0.5360497014286747,1,0
fixed_transform_add_only,3164,2024-02-02,2024-02-26,0.1015374891364462,2024,2023-12-31,learned_vol_interaction,20260911,0.5340699292580867,0.5340699292580867,1,1
fixed_transform_add_only,3173,2024-02-23,2024-03-04,0.0151569053862528,2024,2023-12-31,learned_vol_interaction,20260911,0.635598842460853,0.635598842460853,1,1
fixed_transform_add_only,3178,2024-03-01,2024-03-11,0.0021394031715169,2024,2023-12-31,learned_vol_interaction,20260911,0.5740233508322927,0.5740233508322927,1,1
fixed_transform_add_only,3183,2024-03-08,2024-03-18,0.0087762342284414,2024,2023-12-31,learned_vol_interaction,20260911,0.6228491427098055,0.6228491427098055,1,1
fixed_transform_add_only,3188,2024-03-15,2024-03-25,-0.0112802133595746,2024,2023-12-31,learned_vol_interaction,20260911,0.5244855050624243,0.5244855050624243,1,0
fixed_transform_add_only,3193,2024-03-22,2024-04-01,0.0042044725182444,2024,2023-12-31,learned_vol_interaction,20260911,0.5705279783235351,0.5705279783235351,1,1
fixed_transform_add_only,3198,2024-03-29,2024-04-15,-0.0219845815102011,2024,2023-12-31,learned_vol_interaction,20260911,0.38271605688876176,0.38271605688876176,0,0
fixed_transform_add_only,3144,2024-01-05,2024-01-15,-0.0158038409563566,2024,2023-12-31,learned_order_extension,20260911,0.5046246382575834,0.5046246382575834,1,0
fixed_transform_add_only,3149,2024-01-12,2024-01-22,-0.002333261979756,2024,2023-12-31,learned_order_extension,20260911,0.5273727883107168,0.5273727883107168,1,0
fixed_transform_add_only,3154,2024-01-19,2024-01-29,0.0223511633823452,2024,2023-12-31,learned_order_extension,20260911,0.6361976645125996,0.6361976645125996,1,1
fixed_transform_add_only,3159,2024-01-26,2024-02-05,-0.0513103415192826,2024,2023-12-31,learned_order_extension,20260911,0.5444608640891567,0.5444608640891567,1,0
fixed_transform_add_only,3164,2024-02-02,2024-02-26,0.1015374891364462,2024,2023-12-31,learned_order_extension,20260911,0.545031438848448,0.545031438848448,1,1
fixed_transform_add_only,3173,2024-02-23,2024-03-04,0.0151569053862528,2024,2023-12-31,learned_order_extension,20260911,0.6125199424254827,0.6125199424254827,1,1
fixed_transform_add_only,3178,2024-03-01,2024-03-11,0.0021394031715169,2024,2023-12-31,learned_order_extension,20260911,0.5496769035930799,0.5496769035930799,1,1
fixed_transform_add_only,3183,2024-03-08,2024-03-18,0.0087762342284414,2024,2023-12-31,learned_order_extension,20260911,0.5653384521782018,0.5653384521782018,1,1
fixed_transform_add_only,3188,2024-03-15,2024-03-25,-0.0112802133595746,2024,2023-12-31,learned_order_extension,20260911,0.4741066250462846,0.4741066250462846,0,0
fixed_transform_add_only,3193,2024-03-22,2024-04-01,0.0042044725182444,2024,2023-12-31,learned_order_extension,20260911,0.5034201205076809,0.5034201205076809,1,1
fixed_transform_add_only,3198,2024-03-29,2024-04-15,-0.0219845815102011,2024,2023-12-31,learned_order_extension,20260911,0.3647496103237538,0.3647496103237538,0,0
fixed_transform_add_only,3144,2024-01-05,2024-01-15,-0.0158038409563566,2024,2023-12-31,learned_order_offset,20260911,0.5039028855862143,0.5039028855862143,1,0
fixed_transform_add_only,3149,2024-01-12,2024-01-22,-0.002333261979756,2024,2023-12-31,learned_order_offset,20260911,0.5267036688758374,0.5267036688758374,1,0
fixed_transform_add_only,3154,2024-01-19,2024-01-29,0.0223511633823452,2024,2023-12-31,learned_order_offset,20260911,0.6349472157761124,0.6349472157761124,1,1
fixed_transform_add_only,3159,2024-01-26,2024-02-05,-0.0513103415192826,2024,2023-12-31,learned_order_offset,20260911,0.5443793909861219,0.5443793909861219,1,0
fixed_transform_add_only,3164,2024-02-02,2024-02-26,0.1015374891364462,2024,2023-12-31,learned_order_offset,20260911,0.5451794882867483,0.5451794882867483,1,1
fixed_transform_add_only,3173,2024-02-23,2024-03-04,0.0151569053862528,2024,2023-12-31,learned_order_offset,20260911,0.6109679669122872,0.6109679669122872,1,1
fixed_transform_add_only,3178,2024-03-01,2024-03-11,0.0021394031715169,2024,2023-12-31,learned_order_offset,20260911,0.5481247094966736,0.5481247094966736,1,1
fixed_transform_add_only,3183,2024-03-08,2024-03-18,0.0087762342284414,2024,2023-12-31,learned_order_offset,20260911,0.5633395909983205,0.5633395909983205,1,1
fixed_transform_add_only,3188,2024-03-15,2024-03-25,-0.0112802133595746,2024,2023-12-31,learned_order_offset,20260911,0.47094256842793375,0.47094256842793375,0,0
fixed_transform_add_only,3193,2024-03-22,2024-04-01,0.0042044725182444,2024,2023-12-31,learned_order_offset,20260911,0.4995363819528175,0.4995363819528175,0,1
fixed_transform_add_only,3198,2024-03-29,2024-04-15,-0.0219845815102011,2024,2023-12-31,learned_order_offset,20260911,0.3626011592845029,0.3626011592845029,0,0
fixed_transform_add_only,3144,2024-01-05,2024-01-15,-0.0158038409563566,2024,2023-12-31,learned_market,20260912,0.5011992069392154,0.5011992069392154,1,0
fixed_transform_add_only,3149,2024-01-12,2024-01-22,-0.002333261979756,2024,2023-12-31,learned_market,20260912,0.47277699760132935,0.47277699760132935,0,0
fixed_transform_add_only,3154,2024-01-19,2024-01-29,0.0223511633823452,2024,2023-12-31,learned_market,20260912,0.4519385169732587,0.4519385169732587,0,1
fixed_transform_add_only,3159,2024-01-26,2024-02-05,-0.0513103415192826,2024,2023-12-31,learned_market,20260912,0.5136187590656476,0.5136187590656476,1,0
fixed_transform_add_only,3164,2024-02-02,2024-02-26,0.1015374891364462,2024,2023-12-31,learned_market,20260912,0.5626550395617658,0.5626550395617658,1,1
fixed_transform_add_only,3173,2024-02-23,2024-03-04,0.0151569053862528,2024,2023-12-31,learned_market,20260912,0.4999534810647158,0.4999534810647158,0,1
fixed_transform_add_only,3178,2024-03-01,2024-03-11,0.0021394031715169,2024,2023-12-31,learned_market,20260912,0.5749313458355619,0.5749313458355619,1,1
fixed_transform_add_only,3183,2024-03-08,2024-03-18,0.0087762342284414,2024,2023-12-31,learned_market,20260912,0.5879570158742811,0.5879570158742811,1,1
fixed_transform_add_only,3188,2024-03-15,2024-03-25,-0.0112802133595746,2024,2023-12-31,learned_market,20260912,0.48185973058558346,0.48185973058558346,0,0
fixed_transform_add_only,3193,2024-03-22,2024-04-01,0.0042044725182444,2024,2023-12-31,learned_market,20260912,0.5819259306110321,0.5819259306110321,1,1
fixed_transform_add_only,3198,2024-03-29,2024-04-15,-0.0219845815102011,2024,2023-12-31,learned_market,20260912,0.5513216063045803,0.5513216063045803,1,0
fixed_transform_add_only,3144,2024-01-05,2024-01-15,-0.0158038409563566,2024,2023-12-31,learned_vol_interaction,20260912,0.4952442890139834,0.4952442890139834,0,0
fixed_transform_add_only,3149,2024-01-12,2024-01-22,-0.002333261979756,2024,2023-12-31,learned_vol_interaction,20260912,0.46734394081550534,0.46734394081550534,0,0
fixed_transform_add_only,3154,2024-01-19,2024-01-29,0.0223511633823452,2024,2023-12-31,learned_vol_interaction,20260912,0.4458542659590224,0.4458542659590224,0,1
fixed_transform_add_only,3159,2024-01-26,2024-02-05,-0.0513103415192826,2024,2023-12-31,learned_vol_interaction,20260912,0.5051200250772759,0.5051200250772759,1,0
fixed_transform_add_only,3164,2024-02-02,2024-02-26,0.1015374891364462,2024,2023-12-31,learned_vol_interaction,20260912,0.5544379606615297,0.5544379606615297,1,1
fixed_transform_add_only,3173,2024-02-23,2024-03-04,0.0151569053862528,2024,2023-12-31,learned_vol_interaction,20260912,0.4830624305901862,0.4830624305901862,0,1
fixed_transform_add_only,3178,2024-03-01,2024-03-11,0.0021394031715169,2024,2023-12-31,learned_vol_interaction,20260912,0.5592748903954966,0.5592748903954966,1,1
fixed_transform_add_only,3183,2024-03-08,2024-03-18,0.0087762342284414,2024,2023-12-31,learned_vol_interaction,20260912,0.5740363843191351,0.5740363843191351,1,1
fixed_transform_add_only,3188,2024-03-15,2024-03-25,-0.0112802133595746,2024,2023-12-31,learned_vol_interaction,20260912,0.4809004633653104,0.4809004633653104,0,0
fixed_transform_add_only,3193,2024-03-22,2024-04-01,0.0042044725182444,2024,2023-12-31,learned_vol_interaction,20260912,0.5933081539859947,0.5933081539859947,1,1
fixed_transform_add_only,3198,2024-03-29,2024-04-15,-0.0219845815102011,2024,2023-12-31,learned_vol_interaction,20260912,0.5653073701837698,0.5653073701837698,1,0
fixed_transform_add_only,3144,2024-01-05,2024-01-15,-0.0158038409563566,2024,2023-12-31,learned_order_extension,20260912,0.5535119994762409,0.5535119994762409,1,0
fixed_transform_add_only,3149,2024-01-12,2024-01-22,-0.002333261979756,2024,2023-12-31,learned_order_extension,20260912,0.48736548091739423,0.48736548091739423,0,0
fixed_transform_add_only,3154,2024-01-19,2024-01-29,0.0223511633823452,2024,2023-12-31,learned_order_extension,20260912,0.4215435053964147,0.4215435053964147,0,1
fixed_transform_add_only,3159,2024-01-26,2024-02-05,-0.0513103415192826,2024,2023-12-31,learned_order_extension,20260912,0.48649269504735876,0.48649269504735876,0,0
fixed_transform_add_only,3164,2024-02-02,2024-02-26,0.1015374891364462,2024,2023-12-31,learned_order_extension,20260912,0.5496050819275686,0.5496050819275686,1,1
fixed_transform_add_only,3173,2024-02-23,2024-03-04,0.0151569053862528,2024,2023-12-31,learned_order_extension,20260912,0.4386082807089806,0.4386082807089806,0,1
fixed_transform_add_only,3178,2024-03-01,2024-03-11,0.0021394031715169,2024,2023-12-31,learned_order_extension,20260912,0.46924981751922445,0.46924981751922445,0,1
fixed_transform_add_only,3183,2024-03-08,2024-03-18,0.0087762342284414,2024,2023-12-31,learned_order_extension,20260912,0.4701956287186797,0.4701956287186797,0,1
fixed_transform_add_only,3188,2024-03-15,2024-03-25,-0.0112802133595746,2024,2023-12-31,learned_order_extension,20260912,0.41374971985365583,0.41374971985365583,0,0
fixed_transform_add_only,3193,2024-03-22,2024-04-01,0.0042044725182444,2024,2023-12-31,learned_order_extension,20260912,0.4779698312307604,0.4779698312307604,0,1
fixed_transform_add_only,3198,2024-03-29,2024-04-15,-0.0219845815102011,2024,2023-12-31,learned_order_extension,20260912,0.47494867441409877,0.47494867441409877,0,0
fixed_transform_add_only,3144,2024-01-05,2024-01-15,-0.0158038409563566,2024,2023-12-31,learned_order_offset,20260912,0.555524023910941,0.555524023910941,1,0
fixed_transform_add_only,3149,2024-01-12,2024-01-22,-0.002333261979756,2024,2023-12-31,learned_order_offset,20260912,0.4886344435127239,0.4886344435127239,0,0
fixed_transform_add_only,3154,2024-01-19,2024-01-29,0.0223511633823452,2024,2023-12-31,learned_order_offset,20260912,0.4229445653552536,0.4229445653552536,0,1
fixed_transform_add_only,3159,2024-01-26,2024-02-05,-0.0513103415192826,2024,2023-12-31,learned_order_offset,20260912,0.4868819752675603,0.4868819752675603,0,0
fixed_transform_add_only,3164,2024-02-02,2024-02-26,0.1015374891364462,2024,2023-12-31,learned_order_offset,20260912,0.5512261346233363,0.5512261346233363,1,1
fixed_transform_add_only,3173,2024-02-23,2024-03-04,0.0151569053862528,2024,2023-12-31,learned_order_offset,20260912,0.4383060233141652,0.4383060233141652,0,1
fixed_transform_add_only,3178,2024-03-01,2024-03-11,0.0021394031715169,2024,2023-12-31,learned_order_offset,20260912,0.4671863792327489,0.4671863792327489,0,1
fixed_transform_add_only,3183,2024-03-08,2024-03-18,0.0087762342284414,2024,2023-12-31,learned_order_offset,20260912,0.4682690873666851,0.4682690873666851,0,1
fixed_transform_add_only,3188,2024-03-15,2024-03-25,-0.0112802133595746,2024,2023-12-31,learned_order_offset,20260912,0.410883959095752,0.410883959095752,0,0
fixed_transform_add_only,3193,2024-03-22,2024-04-01,0.0042044725182444,2024,2023-12-31,learned_order_offset,20260912,0.4736922823747903,0.4736922823747903,0,1
fixed_transform_add_only,3198,2024-03-29,2024-04-15,-0.0219845815102011,2024,2023-12-31,learned_order_offset,20260912,0.4721761686206615,0.4721761686206615,0,0
fixed_transform_add_only,3144,2024-01-05,2024-01-15,-0.0158038409563566,2024,2023-12-31,training_frequency,-1,0.5024834437086093,0.5024834437086093,1,0
fixed_transform_add_only,3149,2024-01-12,2024-01-22,-0.002333261979756,2024,2023-12-31,training_frequency,-1,0.5024834437086093,0.5024834437086093,1,0
fixed_transform_add_only,3154,2024-01-19,2024-01-29,0.0223511633823452,2024,2023-12-31,training_frequency,-1,0.5024834437086093,0.5024834437086093,1,1
fixed_transform_add_only,3159,2024-01-26,2024-02-05,-0.0513103415192826,2024,2023-12-31,training_frequency,-1,0.5024834437086093,0.5024834437086093,1,0
fixed_transform_add_only,3164,2024-02-02,2024-02-26,0.1015374891364462,2024,2023-12-31,training_frequency,-1,0.5024834437086093,0.5024834437086093,1,1
fixed_transform_add_only,3173,2024-02-23,2024-03-04,0.0151569053862528,2024,2023-12-31,training_frequency,-1,0.5024834437086093,0.5024834437086093,1,1
fixed_transform_add_only,3178,2024-03-01,2024-03-11,0.0021394031715169,2024,2023-12-31,training_frequency,-1,0.5024834437086093,0.5024834437086093,1,1
fixed_transform_add_only,3183,2024-03-08,2024-03-18,0.0087762342284414,2024,2023-12-31,training_frequency,-1,0.5024834437086093,0.5024834437086093,1,1
fixed_transform_add_only,3188,2024-03-15,2024-03-25,-0.0112802133595746,2024,2023-12-31,training_frequency,-1,0.5024834437086093,0.5024834437086093,1,0
fixed_transform_add_only,3193,2024-03-22,2024-04-01,0.0042044725182444,2024,2023-12-31,training_frequency,-1,0.5024834437086093,0.5024834437086093,1,1
fixed_transform_add_only,3198,2024-03-29,2024-04-15,-0.0219845815102011,2024,2023-12-31,training_frequency,-1,0.5024834437086093,0.5024834437086093,1,0
fixed_transform_add_only,3206,2024-04-12,2024-04-22,0.018045199366633,2024,2024-03-31,learned_market,20260910,0.4095555764788272,0.4095555764788272,0,1
fixed_transform_add_only,3211,2024-04-19,2024-04-29,0.0136757744232476,2024,2024-03-31,learned_market,20260910,0.3747078996524278,0.3747078996524278,0,1
fixed_transform_add_only,3216,2024-04-26,2024-05-13,0.0172434956786644,2024,2024-03-31,learned_market,20260910,0.3255198325286976,0.3255198325286976,0,1
fixed_transform_add_only,3223,2024-05-10,2024-05-20,0.0097933549988344,2024,2024-03-31,learned_market,20260910,0.37957820617634414,0.37957820617634414,0,1
fixed_transform_add_only,3228,2024-05-17,2024-05-27,-0.0204803832637164,2024,2024-03-31,learned_market,20260910,0.3740318582188877,0.3740318582188877,0,0
fixed_transform_add_only,3233,2024-05-24,2024-06-03,-0.0081155643048258,2024,2024-03-31,learned_market,20260910,0.4177004648120907,0.4177004648120907,0,0
fixed_transform_add_only,3238,2024-05-31,2024-06-11,-0.0060267570121149,2024,2024-03-31,learned_market,20260910,0.43494532536911634,0.43494532536911634,0,0
fixed_transform_add_only,3243,2024-06-07,2024-06-17,-0.0096686558937179,2024,2024-03-31,learned_market,20260910,0.5921324195039166,0.5921324195039166,1,0
fixed_transform_add_only,3247,2024-06-14,2024-06-24,-0.013573992457631,2024,2024-03-31,learned_market,20260910,0.668291857338805,0.668291857338805,1,0
fixed_transform_add_only,3252,2024-06-21,2024-07-01,-0.004427632109257,2024,2024-03-31,learned_market,20260910,0.43989564484890586,0.43989564484890586,0,0
fixed_transform_add_only,3257,2024-06-28,2024-07-08,-0.0108320369203009,2024,2024-03-31,learned_market,20260910,0.5454086098850468,0.5454086098850468,1,0
fixed_transform_add_only,3206,2024-04-12,2024-04-22,0.018045199366633,2024,2024-03-31,learned_vol_interaction,20260910,0.4031304514638787,0.4031304514638787,0,1
fixed_transform_add_only,3211,2024-04-19,2024-04-29,0.0136757744232476,2024,2024-03-31,learned_vol_interaction,20260910,0.35954979931118886,0.35954979931118886,0,1
fixed_transform_add_only,3216,2024-04-26,2024-05-13,0.0172434956786644,2024,2024-03-31,learned_vol_interaction,20260910,0.31298829698700276,0.31298829698700276,0,1
fixed_transform_add_only,3223,2024-05-10,2024-05-20,0.0097933549988344,2024,2024-03-31,learned_vol_interaction,20260910,0.3578583618057345,0.3578583618057345,0,1
fixed_transform_add_only,3228,2024-05-17,2024-05-27,-0.0204803832637164,2024,2024-03-31,learned_vol_interaction,20260910,0.3596218070113015,0.3596218070113015,0,0
fixed_transform_add_only,3233,2024-05-24,2024-06-03,-0.0081155643048258,2024,2024-03-31,learned_vol_interaction,20260910,0.40321116624504866,0.40321116624504866,0,0
fixed_transform_add_only,3238,2024-05-31,2024-06-11,-0.0060267570121149,2024,2024-03-31,learned_vol_interaction,20260910,0.4271864399695362,0.4271864399695362,0,0
fixed_transform_add_only,3243,2024-06-07,2024-06-17,-0.0096686558937179,2024,2024-03-31,learned_vol_interaction,20260910,0.625231163160376,0.625231163160376,1,0
fixed_transform_add_only,3247,2024-06-14,2024-06-24,-0.013573992457631,2024,2024-03-31,learned_vol_interaction,20260910,0.7211928064343327,0.7211928064343327,1,0
fixed_transform_add_only,3252,2024-06-21,2024-07-01,-0.004427632109257,2024,2024-03-31,learned_vol_interaction,20260910,0.4543548484674367,0.4543548484674367,0,0
fixed_transform_add_only,3257,2024-06-28,2024-07-08,-0.0108320369203009,2024,2024-03-31,learned_vol_interaction,20260910,0.5854212064626118,0.5854212064626118,1,0
fixed_transform_add_only,3206,2024-04-12,2024-04-22,0.018045199366633,2024,2024-03-31,learned_order_extension,20260910,0.39534750854720707,0.39534750854720707,0,1
fixed_transform_add_only,3211,2024-04-19,2024-04-29,0.0136757744232476,2024,2024-03-31,learned_order_extension,20260910,0.3701014700007857,0.3701014700007857,0,1
fixed_transform_add_only,3216,2024-04-26,2024-05-13,0.0172434956786644,2024,2024-03-31,learned_order_extension,20260910,0.36856845873018235,0.36856845873018235,0,1
fixed_transform_add_only,3223,2024-05-10,2024-05-20,0.0097933549988344,2024,2024-03-31,learned_order_extension,20260910,0.3727362791662844,0.3727362791662844,0,1
fixed_transform_add_only,3228,2024-05-17,2024-05-27,-0.0204803832637164,2024,2024-03-31,learned_order_extension,20260910,0.39023166752080424,0.39023166752080424,0,0
fixed_transform_add_only,3233,2024-05-24,2024-06-03,-0.0081155643048258,2024,2024-03-31,learned_order_extension,20260910,0.41560448092115265,0.41560448092115265,0,0
fixed_transform_add_only,3238,2024-05-31,2024-06-11,-0.0060267570121149,2024,2024-03-31,learned_order_extension,20260910,0.421561643235546,0.421561643235546,0,0
fixed_transform_add_only,3243,2024-06-07,2024-06-17,-0.0096686558937179,2024,2024-03-31,learned_order_extension,20260910,0.604276840986736,0.604276840986736,1,0
fixed_transform_add_only,3247,2024-06-14,2024-06-24,-0.013573992457631,2024,2024-03-31,learned_order_extension,20260910,0.710205551618809,0.710205551618809,1,0
fixed_transform_add_only,3252,2024-06-21,2024-07-01,-0.004427632109257,2024,2024-03-31,learned_order_extension,20260910,0.44925241298754953,0.44925241298754953,0,0
fixed_transform_add_only,3257,2024-06-28,2024-07-08,-0.0108320369203009,2024,2024-03-31,learned_order_extension,20260910,0.5799162143861964,0.5799162143861964,1,0
fixed_transform_add_only,3206,2024-04-12,2024-04-22,0.018045199366633,2024,2024-03-31,learned_order_offset,20260910,0.3925252874772539,0.3925252874772539,0,1
fixed_transform_add_only,3211,2024-04-19,2024-04-29,0.0136757744232476,2024,2024-03-31,learned_order_offset,20260910,0.36893108098212596,0.36893108098212596,0,1
fixed_transform_add_only,3216,2024-04-26,2024-05-13,0.0172434956786644,2024,2024-03-31,learned_order_offset,20260910,0.3677320667634696,0.3677320667634696,0,1
fixed_transform_add_only,3223,2024-05-10,2024-05-20,0.0097933549988344,2024,2024-03-31,learned_order_offset,20260910,0.37176752801669477,0.37176752801669477,0,1
fixed_transform_add_only,3228,2024-05-17,2024-05-27,-0.0204803832637164,2024,2024-03-31,learned_order_offset,20260910,0.3904376945307249,0.3904376945307249,0,0
fixed_transform_add_only,3233,2024-05-24,2024-06-03,-0.0081155643048258,2024,2024-03-31,learned_order_offset,20260910,0.41790166716684374,0.41790166716684374,0,0
fixed_transform_add_only,3238,2024-05-31,2024-06-11,-0.0060267570121149,2024,2024-03-31,learned_order_offset,20260910,0.42445437088529264,0.42445437088529264,0,0
fixed_transform_add_only,3243,2024-06-07,2024-06-17,-0.0096686558937179,2024,2024-03-31,learned_order_offset,20260910,0.6052052541595115,0.6052052541595115,1,0
fixed_transform_add_only,3247,2024-06-14,2024-06-24,-0.013573992457631,2024,2024-03-31,learned_order_offset,20260910,0.7097841117425566,0.7097841117425566,1,0
fixed_transform_add_only,3252,2024-06-21,2024-07-01,-0.004427632109257,2024,2024-03-31,learned_order_offset,20260910,0.44960598464430457,0.44960598464430457,0,0
fixed_transform_add_only,3257,2024-06-28,2024-07-08,-0.0108320369203009,2024,2024-03-31,learned_order_offset,20260910,0.577145021986689,0.577145021986689,1,0
fixed_transform_add_only,3206,2024-04-12,2024-04-22,0.018045199366633,2024,2024-03-31,learned_market,20260911,0.39284395935097355,0.39284395935097355,0,1
fixed_transform_add_only,3211,2024-04-19,2024-04-29,0.0136757744232476,2024,2024-03-31,learned_market,20260911,0.6710957436353323,0.6710957436353323,1,1
fixed_transform_add_only,3216,2024-04-26,2024-05-13,0.0172434956786644,2024,2024-03-31,learned_market,20260911,0.6921731004041666,0.6921731004041666,1,1
fixed_transform_add_only,3223,2024-05-10,2024-05-20,0.0097933549988344,2024,2024-03-31,learned_market,20260911,0.3488646257555757,0.3488646257555757,0,1
fixed_transform_add_only,3228,2024-05-17,2024-05-27,-0.0204803832637164,2024,2024-03-31,learned_market,20260911,0.44186680172739445,0.44186680172739445,0,0
fixed_transform_add_only,3233,2024-05-24,2024-06-03,-0.0081155643048258,2024,2024-03-31,learned_market,20260911,0.3673973478561098,0.3673973478561098,0,0
fixed_transform_add_only,3238,2024-05-31,2024-06-11,-0.0060267570121149,2024,2024-03-31,learned_market,20260911,0.4413035448544662,0.4413035448544662,0,0
fixed_transform_add_only,3243,2024-06-07,2024-06-17,-0.0096686558937179,2024,2024-03-31,learned_market,20260911,0.4495249679621846,0.4495249679621846,0,0
fixed_transform_add_only,3247,2024-06-14,2024-06-24,-0.013573992457631,2024,2024-03-31,learned_market,20260911,0.5366183061801968,0.5366183061801968,1,0
fixed_transform_add_only,3252,2024-06-21,2024-07-01,-0.004427632109257,2024,2024-03-31,learned_market,20260911,0.46169042815605266,0.46169042815605266,0,0
fixed_transform_add_only,3257,2024-06-28,2024-07-08,-0.0108320369203009,2024,2024-03-31,learned_market,20260911,0.5015208254772058,0.5015208254772058,1,0
fixed_transform_add_only,3206,2024-04-12,2024-04-22,0.018045199366633,2024,2024-03-31,learned_vol_interaction,20260911,0.3956989463196594,0.3956989463196594,0,1
fixed_transform_add_only,3211,2024-04-19,2024-04-29,0.0136757744232476,2024,2024-03-31,learned_vol_interaction,20260911,0.6673504160935206,0.6673504160935206,1,1
fixed_transform_add_only,3216,2024-04-26,2024-05-13,0.0172434956786644,2024,2024-03-31,learned_vol_interaction,20260911,0.6887779399672096,0.6887779399672096,1,1
fixed_transform_add_only,3223,2024-05-10,2024-05-20,0.0097933549988344,2024,2024-03-31,learned_vol_interaction,20260911,0.3544010401511227,0.3544010401511227,0,1
fixed_transform_add_only,3228,2024-05-17,2024-05-27,-0.0204803832637164,2024,2024-03-31,learned_vol_interaction,20260911,0.43954692273861845,0.43954692273861845,0,0
fixed_transform_add_only,3233,2024-05-24,2024-06-03,-0.0081155643048258,2024,2024-03-31,learned_vol_interaction,20260911,0.3687721273179686,0.3687721273179686,0,0
fixed_transform_add_only,3238,2024-05-31,2024-06-11,-0.0060267570121149,2024,2024-03-31,learned_vol_interaction,20260911,0.43957202501123455,0.43957202501123455,0,0
fixed_transform_add_only,3243,2024-06-07,2024-06-17,-0.0096686558937179,2024,2024-03-31,learned_vol_interaction,20260911,0.4517734528756147,0.4517734528756147,0,0
fixed_transform_add_only,3247,2024-06-14,2024-06-24,-0.013573992457631,2024,2024-03-31,learned_vol_interaction,20260911,0.5300724057892519,0.5300724057892519,1,0
fixed_transform_add_only,3252,2024-06-21,2024-07-01,-0.004427632109257,2024,2024-03-31,learned_vol_interaction,20260911,0.4562790193268996,0.4562790193268996,0,0
fixed_transform_add_only,3257,2024-06-28,2024-07-08,-0.0108320369203009,2024,2024-03-31,learned_vol_interaction,20260911,0.4962123879704512,0.4962123879704512,0,0
fixed_transform_add_only,3206,2024-04-12,2024-04-22,0.018045199366633,2024,2024-03-31,learned_order_extension,20260911,0.38146966847839286,0.38146966847839286,0,1
fixed_transform_add_only,3211,2024-04-19,2024-04-29,0.0136757744232476,2024,2024-03-31,learned_order_extension,20260911,0.5070687132479529,0.5070687132479529,1,1
fixed_transform_add_only,3216,2024-04-26,2024-05-13,0.0172434956786644,2024,2024-03-31,learned_order_extension,20260911,0.4914636041386739,0.4914636041386739,0,1
fixed_transform_add_only,3223,2024-05-10,2024-05-20,0.0097933549988344,2024,2024-03-31,learned_order_extension,20260911,0.4066196638548649,0.4066196638548649,0,1
fixed_transform_add_only,3228,2024-05-17,2024-05-27,-0.0204803832637164,2024,2024-03-31,learned_order_extension,20260911,0.456587290116734,0.456587290116734,0,0
fixed_transform_add_only,3233,2024-05-24,2024-06-03,-0.0081155643048258,2024,2024-03-31,learned_order_extension,20260911,0.4028689188184286,0.4028689188184286,0,0
fixed_transform_add_only,3238,2024-05-31,2024-06-11,-0.0060267570121149,2024,2024-03-31,learned_order_extension,20260911,0.46282806057428844,0.46282806057428844,0,0
fixed_transform_add_only,3243,2024-06-07,2024-06-17,-0.0096686558937179,2024,2024-03-31,learned_order_extension,20260911,0.4525012574511639,0.4525012574511639,0,0
fixed_transform_add_only,3247,2024-06-14,2024-06-24,-0.013573992457631,2024,2024-03-31,learned_order_extension,20260911,0.5337252256703447,0.5337252256703447,1,0
fixed_transform_add_only,3252,2024-06-21,2024-07-01,-0.004427632109257,2024,2024-03-31,learned_order_extension,20260911,0.47266536359963585,0.47266536359963585,0,0
fixed_transform_add_only,3257,2024-06-28,2024-07-08,-0.0108320369203009,2024,2024-03-31,learned_order_extension,20260911,0.49453526320931757,0.49453526320931757,0,0
fixed_transform_add_only,3206,2024-04-12,2024-04-22,0.018045199366633,2024,2024-03-31,learned_order_offset,20260911,0.37946803294098447,0.37946803294098447,0,1
fixed_transform_add_only,3211,2024-04-19,2024-04-29,0.0136757744232476,2024,2024-03-31,learned_order_offset,20260911,0.500774957079807,0.500774957079807,1,1
fixed_transform_add_only,3216,2024-04-26,2024-05-13,0.0172434956786644,2024,2024-03-31,learned_order_offset,20260911,0.48838929430671946,0.48838929430671946,0,1
fixed_transform_add_only,3223,2024-05-10,2024-05-20,0.0097933549988344,2024,2024-03-31,learned_order_offset,20260911,0.40780110843287437,0.40780110843287437,0,1
fixed_transform_add_only,3228,2024-05-17,2024-05-27,-0.0204803832637164,2024,2024-03-31,learned_order_offset,20260911,0.45553811945429906,0.45553811945429906,0,0
fixed_transform_add_only,3233,2024-05-24,2024-06-03,-0.0081155643048258,2024,2024-03-31,learned_order_offset,20260911,0.4033092327119076,0.4033092327119076,0,0
fixed_transform_add_only,3238,2024-05-31,2024-06-11,-0.0060267570121149,2024,2024-03-31,learned_order_offset,20260911,0.4595987832186316,0.4595987832186316,0,0
fixed_transform_add_only,3243,2024-06-07,2024-06-17,-0.0096686558937179,2024,2024-03-31,learned_order_offset,20260911,0.45008052383267133,0.45008052383267133,0,0
fixed_transform_add_only,3247,2024-06-14,2024-06-24,-0.013573992457631,2024,2024-03-31,learned_order_offset,20260911,0.531834368063617,0.531834368063617,1,0
fixed_transform_add_only,3252,2024-06-21,2024-07-01,-0.004427632109257,2024,2024-03-31,learned_order_offset,20260911,0.47331788822488213,0.47331788822488213,0,0
fixed_transform_add_only,3257,2024-06-28,2024-07-08,-0.0108320369203009,2024,2024-03-31,learned_order_offset,20260911,0.4951696301122046,0.4951696301122046,0,0
fixed_transform_add_only,3206,2024-04-12,2024-04-22,0.018045199366633,2024,2024-03-31,learned_market,20260912,0.5804665847416856,0.5804665847416856,1,1
fixed_transform_add_only,3211,2024-04-19,2024-04-29,0.0136757744232476,2024,2024-03-31,learned_market,20260912,0.5882370015036644,0.5882370015036644,1,1
fixed_transform_add_only,3216,2024-04-26,2024-05-13,0.0172434956786644,2024,2024-03-31,learned_market,20260912,0.42552984349494105,0.42552984349494105,0,1
fixed_transform_add_only,3223,2024-05-10,2024-05-20,0.0097933549988344,2024,2024-03-31,learned_market,20260912,0.24552869938437574,0.24552869938437574,0,1
fixed_transform_add_only,3228,2024-05-17,2024-05-27,-0.0204803832637164,2024,2024-03-31,learned_market,20260912,0.2379776796036447,0.2379776796036447,0,0
fixed_transform_add_only,3233,2024-05-24,2024-06-03,-0.0081155643048258,2024,2024-03-31,learned_market,20260912,0.2844729235023514,0.2844729235023514,0,0
fixed_transform_add_only,3238,2024-05-31,2024-06-11,-0.0060267570121149,2024,2024-03-31,learned_market,20260912,0.2870565708662589,0.2870565708662589,0,0
fixed_transform_add_only,3243,2024-06-07,2024-06-17,-0.0096686558937179,2024,2024-03-31,learned_market,20260912,0.3714551733647612,0.3714551733647612,0,0
fixed_transform_add_only,3247,2024-06-14,2024-06-24,-0.013573992457631,2024,2024-03-31,learned_market,20260912,0.39531523412628183,0.39531523412628183,0,0
fixed_transform_add_only,3252,2024-06-21,2024-07-01,-0.004427632109257,2024,2024-03-31,learned_market,20260912,0.4408366529901038,0.4408366529901038,0,0
fixed_transform_add_only,3257,2024-06-28,2024-07-08,-0.0108320369203009,2024,2024-03-31,learned_market,20260912,0.41104050672192305,0.41104050672192305,0,0
fixed_transform_add_only,3206,2024-04-12,2024-04-22,0.018045199366633,2024,2024-03-31,learned_vol_interaction,20260912,0.5839815935461206,0.5839815935461206,1,1
fixed_transform_add_only,3211,2024-04-19,2024-04-29,0.0136757744232476,2024,2024-03-31,learned_vol_interaction,20260912,0.5882295843611305,0.5882295843611305,1,1
fixed_transform_add_only,3216,2024-04-26,2024-05-13,0.0172434956786644,2024,2024-03-31,learned_vol_interaction,20260912,0.4245161165440664,0.4245161165440664,0,1
fixed_transform_add_only,3223,2024-05-10,2024-05-20,0.0097933549988344,2024,2024-03-31,learned_vol_interaction,20260912,0.2460785378635671,0.2460785378635671,0,1
fixed_transform_add_only,3228,2024-05-17,2024-05-27,-0.0204803832637164,2024,2024-03-31,learned_vol_interaction,20260912,0.23625864738938068,0.23625864738938068,0,0
fixed_transform_add_only,3233,2024-05-24,2024-06-03,-0.0081155643048258,2024,2024-03-31,learned_vol_interaction,20260912,0.2824236737571458,0.2824236737571458,0,0
fixed_transform_add_only,3238,2024-05-31,2024-06-11,-0.0060267570121149,2024,2024-03-31,learned_vol_interaction,20260912,0.2849648653648603,0.2849648653648603,0,0
fixed_transform_add_only,3243,2024-06-07,2024-06-17,-0.0096686558937179,2024,2024-03-31,learned_vol_interaction,20260912,0.36931013978150684,0.36931013978150684,0,0
fixed_transform_add_only,3247,2024-06-14,2024-06-24,-0.013573992457631,2024,2024-03-31,learned_vol_interaction,20260912,0.39343026756645305,0.39343026756645305,0,0
fixed_transform_add_only,3252,2024-06-21,2024-07-01,-0.004427632109257,2024,2024-03-31,learned_vol_interaction,20260912,0.44101947232935484,0.44101947232935484,0,0
fixed_transform_add_only,3257,2024-06-28,2024-07-08,-0.0108320369203009,2024,2024-03-31,learned_vol_interaction,20260912,0.40937282026274413,0.40937282026274413,0,0
fixed_transform_add_only,3206,2024-04-12,2024-04-22,0.018045199366633,2024,2024-03-31,learned_order_extension,20260912,0.46454295356343395,0.46454295356343395,0,1
fixed_transform_add_only,3211,2024-04-19,2024-04-29,0.0136757744232476,2024,2024-03-31,learned_order_extension,20260912,0.48684314388984673,0.48684314388984673,0,1
fixed_transform_add_only,3216,2024-04-26,2024-05-13,0.0172434956786644,2024,2024-03-31,learned_order_extension,20260912,0.42563465813952084,0.42563465813952084,0,1
fixed_transform_add_only,3223,2024-05-10,2024-05-20,0.0097933549988344,2024,2024-03-31,learned_order_extension,20260912,0.3334509278522721,0.3334509278522721,0,1
fixed_transform_add_only,3228,2024-05-17,2024-05-27,-0.0204803832637164,2024,2024-03-31,learned_order_extension,20260912,0.31559437101015875,0.31559437101015875,0,0
fixed_transform_add_only,3233,2024-05-24,2024-06-03,-0.0081155643048258,2024,2024-03-31,learned_order_extension,20260912,0.3444271185152878,0.3444271185152878,0,0
fixed_transform_add_only,3238,2024-05-31,2024-06-11,-0.0060267570121149,2024,2024-03-31,learned_order_extension,20260912,0.318611797411846,0.318611797411846,0,0
fixed_transform_add_only,3243,2024-06-07,2024-06-17,-0.0096686558937179,2024,2024-03-31,learned_order_extension,20260912,0.39117484718858125,0.39117484718858125,0,0
fixed_transform_add_only,3247,2024-06-14,2024-06-24,-0.013573992457631,2024,2024-03-31,learned_order_extension,20260912,0.4034379129177871,0.4034379129177871,0,0
fixed_transform_add_only,3252,2024-06-21,2024-07-01,-0.004427632109257,2024,2024-03-31,learned_order_extension,20260912,0.4457533833823945,0.4457533833823945,0,0
fixed_transform_add_only,3257,2024-06-28,2024-07-08,-0.0108320369203009,2024,2024-03-31,learned_order_extension,20260912,0.43167210355951585,0.43167210355951585,0,0
fixed_transform_add_only,3206,2024-04-12,2024-04-22,0.018045199366633,2024,2024-03-31,learned_order_offset,20260912,0.46345196323916366,0.46345196323916366,0,1
fixed_transform_add_only,3211,2024-04-19,2024-04-29,0.0136757744232476,2024,2024-03-31,learned_order_offset,20260912,0.4831690588842066,0.4831690588842066,0,1
fixed_transform_add_only,3216,2024-04-26,2024-05-13,0.0172434956786644,2024,2024-03-31,learned_order_offset,20260912,0.4229330940585796,0.4229330940585796,0,1
fixed_transform_add_only,3223,2024-05-10,2024-05-20,0.0097933549988344,2024,2024-03-31,learned_order_offset,20260912,0.3310824845386637,0.3310824845386637,0,1
fixed_transform_add_only,3228,2024-05-17,2024-05-27,-0.0204803832637164,2024,2024-03-31,learned_order_offset,20260912,0.3162151087094425,0.3162151087094425,0,0
fixed_transform_add_only,3233,2024-05-24,2024-06-03,-0.0081155643048258,2024,2024-03-31,learned_order_offset,20260912,0.34804862957929344,0.34804862957929344,0,0
fixed_transform_add_only,3238,2024-05-31,2024-06-11,-0.0060267570121149,2024,2024-03-31,learned_order_offset,20260912,0.3207914990700646,0.3207914990700646,0,0
fixed_transform_add_only,3243,2024-06-07,2024-06-17,-0.0096686558937179,2024,2024-03-31,learned_order_offset,20260912,0.3923660661364957,0.3923660661364957,0,0
fixed_transform_add_only,3247,2024-06-14,2024-06-24,-0.013573992457631,2024,2024-03-31,learned_order_offset,20260912,0.40627817145617373,0.40627817145617373,0,0
fixed_transform_add_only,3252,2024-06-21,2024-07-01,-0.004427632109257,2024,2024-03-31,learned_order_offset,20260912,0.44833231387253875,0.44833231387253875,0,0
fixed_transform_add_only,3257,2024-06-28,2024-07-08,-0.0108320369203009,2024,2024-03-31,learned_order_offset,20260912,0.435081377204922,0.435081377204922,0,0
fixed_transform_add_only,3206,2024-04-12,2024-04-22,0.018045199366633,2024,2024-03-31,training_frequency,-1,0.5055292259083728,0.5055292259083728,1,1
fixed_transform_add_only,3211,2024-04-19,2024-04-29,0.0136757744232476,2024,2024-03-31,training_frequency,-1,0.5055292259083728,0.5055292259083728,1,1
fixed_transform_add_only,3216,2024-04-26,2024-05-13,0.0172434956786644,2024,2024-03-31,training_frequency,-1,0.5055292259083728,0.5055292259083728,1,1
fixed_transform_add_only,3223,2024-05-10,2024-05-20,0.0097933549988344,2024,2024-03-31,training_frequency,-1,0.5055292259083728,0.5055292259083728,1,1
fixed_transform_add_only,3228,2024-05-17,2024-05-27,-0.0204803832637164,2024,2024-03-31,training_frequency,-1,0.5055292259083728,0.5055292259083728,1,0
fixed_transform_add_only,3233,2024-05-24,2024-06-03,-0.0081155643048258,2024,2024-03-31,training_frequency,-1,0.5055292259083728,0.5055292259083728,1,0
fixed_transform_add_only,3238,2024-05-31,2024-06-11,-0.0060267570121149,2024,2024-03-31,training_frequency,-1,0.5055292259083728,0.5055292259083728,1,0
fixed_transform_add_only,3243,2024-06-07,2024-06-17,-0.0096686558937179,2024,2024-03-31,training_frequency,-1,0.5055292259083728,0.5055292259083728,1,0
fixed_transform_add_only,3247,2024-06-14,2024-06-24,-0.013573992457631,2024,2024-03-31,training_frequency,-1,0.5055292259083728,0.5055292259083728,1,0
fixed_transform_add_only,3252,2024-06-21,2024-07-01,-0.004427632109257,2024,2024-03-31,training_frequency,-1,0.5055292259083728,0.5055292259083728,1,0
fixed_transform_add_only,3257,2024-06-28,2024-07-08,-0.0108320369203009,2024,2024-03-31,training_frequency,-1,0.5055292259083728,0.5055292259083728,1,0
fixed_transform_add_only,3262,2024-07-05,2024-07-15,0.0122222871842843,2024,2024-06-30,learned_market,20260910,0.5107454132438245,0.5107454132438245,1,1
fixed_transform_add_only,3267,2024-07-12,2024-07-22,0.0218881133018156,2024,2024-06-30,learned_market,20260910,0.4429238556829988,0.4429238556829988,0,1
fixed_transform_add_only,3272,2024-07-19,2024-07-29,-0.0378787022382998,2024,2024-06-30,learned_market,20260910,0.4978444266058411,0.4978444266058411,0,0
fixed_transform_add_only,3277,2024-07-26,2024-08-05,-0.0124134568216732,2024,2024-06-30,learned_market,20260910,0.4902271969420865,0.4902271969420865,0,0
fixed_transform_add_only,3282,2024-08-02,2024-08-12,-0.0102762848330364,2024,2024-06-30,learned_market,20260910,0.4986329956562945,0.4986329956562945,0,0
fixed_transform_add_only,3287,2024-08-09,2024-08-19,0.0050186923751938,2024,2024-06-30,learned_market,20260910,0.5567853793758979,0.5567853793758979,1,1
fixed_transform_add_only,3292,2024-08-16,2024-08-26,-0.0040487282687352,2024,2024-06-30,learned_market,20260910,0.36112855186426607,0.36112855186426607,0,0
fixed_transform_add_only,3297,2024-08-23,2024-09-02,-0.0069594562136714,2024,2024-06-30,learned_market,20260910,0.2856693783215556,0.2856693783215556,0,0
fixed_transform_add_only,3302,2024-08-30,2024-09-09,-0.0280389655151561,2024,2024-06-30,learned_market,20260910,0.2765847347190683,0.2765847347190683,0,0
fixed_transform_add_only,3307,2024-09-06,2024-09-18,-0.0174132138857783,2024,2024-06-30,learned_market,20260910,0.2759820950066246,0.2759820950066246,0,0
fixed_transform_add_only,3312,2024-09-13,2024-09-24,0.0133119329369826,2024,2024-06-30,learned_market,20260910,0.316319023657293,0.316319023657293,0,1
fixed_transform_add_only,3315,2024-09-20,2024-09-30,0.2017513988384409,2024,2024-06-30,learned_market,20260910,0.31597407906063785,0.31597407906063785,0,1
fixed_transform_add_only,3320,2024-09-27,2024-10-14,0.0178259004588408,2024,2024-06-30,learned_market,20260910,0.5817614022861884,0.5817614022861884,1,1
fixed_transform_add_only,3262,2024-07-05,2024-07-15,0.0122222871842843,2024,2024-06-30,learned_vol_interaction,20260910,0.5287865794201031,0.5287865794201031,1,1
fixed_transform_add_only,3267,2024-07-12,2024-07-22,0.0218881133018156,2024,2024-06-30,learned_vol_interaction,20260910,0.44893724030006565,0.44893724030006565,0,1
fixed_transform_add_only,3272,2024-07-19,2024-07-29,-0.0378787022382998,2024,2024-06-30,learned_vol_interaction,20260910,0.5091924587403149,0.5091924587403149,1,0
fixed_transform_add_only,3277,2024-07-26,2024-08-05,-0.0124134568216732,2024,2024-06-30,learned_vol_interaction,20260910,0.494944558359984,0.494944558359984,0,0
fixed_transform_add_only,3282,2024-08-02,2024-08-12,-0.0102762848330364,2024,2024-06-30,learned_vol_interaction,20260910,0.5025859731869845,0.5025859731869845,1,0
fixed_transform_add_only,3287,2024-08-09,2024-08-19,0.0050186923751938,2024,2024-06-30,learned_vol_interaction,20260910,0.5610847052753621,0.5610847052753621,1,1
fixed_transform_add_only,3292,2024-08-16,2024-08-26,-0.0040487282687352,2024,2024-06-30,learned_vol_interaction,20260910,0.3536337230789046,0.3536337230789046,0,0
fixed_transform_add_only,3297,2024-08-23,2024-09-02,-0.0069594562136714,2024,2024-06-30,learned_vol_interaction,20260910,0.27041908491305267,0.27041908491305267,0,0
fixed_transform_add_only,3302,2024-08-30,2024-09-09,-0.0280389655151561,2024,2024-06-30,learned_vol_interaction,20260910,0.26113977769570773,0.26113977769570773,0,0
fixed_transform_add_only,3307,2024-09-06,2024-09-18,-0.0174132138857783,2024,2024-06-30,learned_vol_interaction,20260910,0.2637595823130501,0.2637595823130501,0,0
fixed_transform_add_only,3312,2024-09-13,2024-09-24,0.0133119329369826,2024,2024-06-30,learned_vol_interaction,20260910,0.3089429909453798,0.3089429909453798,0,1
fixed_transform_add_only,3315,2024-09-20,2024-09-30,0.2017513988384409,2024,2024-06-30,learned_vol_interaction,20260910,0.30485145288146953,0.30485145288146953,0,1
fixed_transform_add_only,3320,2024-09-27,2024-10-14,0.0178259004588408,2024,2024-06-30,learned_vol_interaction,20260910,0.5769146160435534,0.5769146160435534,1,1
fixed_transform_add_only,3262,2024-07-05,2024-07-15,0.0122222871842843,2024,2024-06-30,learned_order_extension,20260910,0.5412188855613428,0.5412188855613428,1,1
fixed_transform_add_only,3267,2024-07-12,2024-07-22,0.0218881133018156,2024,2024-06-30,learned_order_extension,20260910,0.45938511616947975,0.45938511616947975,0,1
fixed_transform_add_only,3272,2024-07-19,2024-07-29,-0.0378787022382998,2024,2024-06-30,learned_order_extension,20260910,0.5033368909031065,0.5033368909031065,1,0
fixed_transform_add_only,3277,2024-07-26,2024-08-05,-0.0124134568216732,2024,2024-06-30,learned_order_extension,20260910,0.5023144883221476,0.5023144883221476,1,0
fixed_transform_add_only,3282,2024-08-02,2024-08-12,-0.0102762848330364,2024,2024-06-30,learned_order_extension,20260910,0.5126751741871598,0.5126751741871598,1,0
fixed_transform_add_only,3287,2024-08-09,2024-08-19,0.0050186923751938,2024,2024-06-30,learned_order_extension,20260910,0.5536571543967136,0.5536571543967136,1,1
fixed_transform_add_only,3292,2024-08-16,2024-08-26,-0.0040487282687352,2024,2024-06-30,learned_order_extension,20260910,0.36386789411710957,0.36386789411710957,0,0
fixed_transform_add_only,3297,2024-08-23,2024-09-02,-0.0069594562136714,2024,2024-06-30,learned_order_extension,20260910,0.31734021726281453,0.31734021726281453,0,0
fixed_transform_add_only,3302,2024-08-30,2024-09-09,-0.0280389655151561,2024,2024-06-30,learned_order_extension,20260910,0.2962947998551023,0.2962947998551023,0,0
fixed_transform_add_only,3307,2024-09-06,2024-09-18,-0.0174132138857783,2024,2024-06-30,learned_order_extension,20260910,0.2934011738576311,0.2934011738576311,0,0
fixed_transform_add_only,3312,2024-09-13,2024-09-24,0.0133119329369826,2024,2024-06-30,learned_order_extension,20260910,0.3300434813273914,0.3300434813273914,0,1
fixed_transform_add_only,3315,2024-09-20,2024-09-30,0.2017513988384409,2024,2024-06-30,learned_order_extension,20260910,0.3384870099361683,0.3384870099361683,0,1
fixed_transform_add_only,3320,2024-09-27,2024-10-14,0.0178259004588408,2024,2024-06-30,learned_order_extension,20260910,0.5795354563951278,0.5795354563951278,1,1
fixed_transform_add_only,3262,2024-07-05,2024-07-15,0.0122222871842843,2024,2024-06-30,learned_order_offset,20260910,0.5384037843238736,0.5384037843238736,1,1
fixed_transform_add_only,3267,2024-07-12,2024-07-22,0.0218881133018156,2024,2024-06-30,learned_order_offset,20260910,0.4565709683948827,0.4565709683948827,0,1
fixed_transform_add_only,3272,2024-07-19,2024-07-29,-0.0378787022382998,2024,2024-06-30,learned_order_offset,20260910,0.4987943689561337,0.4987943689561337,0,0
fixed_transform_add_only,3277,2024-07-26,2024-08-05,-0.0124134568216732,2024,2024-06-30,learned_order_offset,20260910,0.49993308045635587,0.49993308045635587,0,0
fixed_transform_add_only,3282,2024-08-02,2024-08-12,-0.0102762848330364,2024,2024-06-30,learned_order_offset,20260910,0.5111180225054198,0.5111180225054198,1,0
fixed_transform_add_only,3287,2024-08-09,2024-08-19,0.0050186923751938,2024,2024-06-30,learned_order_offset,20260910,0.5493853457439067,0.5493853457439067,1,1
fixed_transform_add_only,3292,2024-08-16,2024-08-26,-0.0040487282687352,2024,2024-06-30,learned_order_offset,20260910,0.36862579476756063,0.36862579476756063,0,0
fixed_transform_add_only,3297,2024-08-23,2024-09-02,-0.0069594562136714,2024,2024-06-30,learned_order_offset,20260910,0.32252926991408604,0.32252926991408604,0,0
fixed_transform_add_only,3302,2024-08-30,2024-09-09,-0.0280389655151561,2024,2024-06-30,learned_order_offset,20260910,0.30435383348578837,0.30435383348578837,0,0
fixed_transform_add_only,3307,2024-09-06,2024-09-18,-0.0174132138857783,2024,2024-06-30,learned_order_offset,20260910,0.30048392384328027,0.30048392384328027,0,0
fixed_transform_add_only,3312,2024-09-13,2024-09-24,0.0133119329369826,2024,2024-06-30,learned_order_offset,20260910,0.33428002464323714,0.33428002464323714,0,1
fixed_transform_add_only,3315,2024-09-20,2024-09-30,0.2017513988384409,2024,2024-06-30,learned_order_offset,20260910,0.342258918022051,0.342258918022051,0,1
fixed_transform_add_only,3320,2024-09-27,2024-10-14,0.0178259004588408,2024,2024-06-30,learned_order_offset,20260910,0.5807072703468966,0.5807072703468966,1,1
fixed_transform_add_only,3262,2024-07-05,2024-07-15,0.0122222871842843,2024,2024-06-30,learned_market,20260911,0.4321793922092907,0.4321793922092907,0,1
fixed_transform_add_only,3267,2024-07-12,2024-07-22,0.0218881133018156,2024,2024-06-30,learned_market,20260911,0.5053911761376596,0.5053911761376596,1,1
fixed_transform_add_only,3272,2024-07-19,2024-07-29,-0.0378787022382998,2024,2024-06-30,learned_market,20260911,0.3967505625529646,0.3967505625529646,0,0
fixed_transform_add_only,3277,2024-07-26,2024-08-05,-0.0124134568216732,2024,2024-06-30,learned_market,20260911,0.45015040626149133,0.45015040626149133,0,0
fixed_transform_add_only,3282,2024-08-02,2024-08-12,-0.0102762848330364,2024,2024-06-30,learned_market,20260911,0.3590696177607241,0.3590696177607241,0,0
fixed_transform_add_only,3287,2024-08-09,2024-08-19,0.0050186923751938,2024,2024-06-30,learned_market,20260911,0.4028412823124593,0.4028412823124593,0,1
fixed_transform_add_only,3292,2024-08-16,2024-08-26,-0.0040487282687352,2024,2024-06-30,learned_market,20260911,0.29271234560334247,0.29271234560334247,0,0
fixed_transform_add_only,3297,2024-08-23,2024-09-02,-0.0069594562136714,2024,2024-06-30,learned_market,20260911,0.33435603844548095,0.33435603844548095,0,0
fixed_transform_add_only,3302,2024-08-30,2024-09-09,-0.0280389655151561,2024,2024-06-30,learned_market,20260911,0.3356512127543768,0.3356512127543768,0,0
fixed_transform_add_only,3307,2024-09-06,2024-09-18,-0.0174132138857783,2024,2024-06-30,learned_market,20260911,0.389478718680002,0.389478718680002,0,0
fixed_transform_add_only,3312,2024-09-13,2024-09-24,0.0133119329369826,2024,2024-06-30,learned_market,20260911,0.4455141336466788,0.4455141336466788,0,1
fixed_transform_add_only,3315,2024-09-20,2024-09-30,0.2017513988384409,2024,2024-06-30,learned_market,20260911,0.4906024486049634,0.4906024486049634,0,1
fixed_transform_add_only,3320,2024-09-27,2024-10-14,0.0178259004588408,2024,2024-06-30,learned_market,20260911,0.723432490542448,0.723432490542448,1,1
fixed_transform_add_only,3262,2024-07-05,2024-07-15,0.0122222871842843,2024,2024-06-30,learned_vol_interaction,20260911,0.4189146444923343,0.4189146444923343,0,1
fixed_transform_add_only,3267,2024-07-12,2024-07-22,0.0218881133018156,2024,2024-06-30,learned_vol_interaction,20260911,0.48254342510454995,0.48254342510454995,0,1
fixed_transform_add_only,3272,2024-07-19,2024-07-29,-0.0378787022382998,2024,2024-06-30,learned_vol_interaction,20260911,0.38884307988220795,0.38884307988220795,0,0
fixed_transform_add_only,3277,2024-07-26,2024-08-05,-0.0124134568216732,2024,2024-06-30,learned_vol_interaction,20260911,0.44105610649690036,0.44105610649690036,0,0
fixed_transform_add_only,3282,2024-08-02,2024-08-12,-0.0102762848330364,2024,2024-06-30,learned_vol_interaction,20260911,0.3575414874524566,0.3575414874524566,0,0
fixed_transform_add_only,3287,2024-08-09,2024-08-19,0.0050186923751938,2024,2024-06-30,learned_vol_interaction,20260911,0.4107175332204356,0.4107175332204356,0,1
fixed_transform_add_only,3292,2024-08-16,2024-08-26,-0.0040487282687352,2024,2024-06-30,learned_vol_interaction,20260911,0.3111557705454213,0.3111557705454213,0,0
fixed_transform_add_only,3297,2024-08-23,2024-09-02,-0.0069594562136714,2024,2024-06-30,learned_vol_interaction,20260911,0.352672128620093,0.352672128620093,0,0
fixed_transform_add_only,3302,2024-08-30,2024-09-09,-0.0280389655151561,2024,2024-06-30,learned_vol_interaction,20260911,0.3431966311335874,0.3431966311335874,0,0
fixed_transform_add_only,3307,2024-09-06,2024-09-18,-0.0174132138857783,2024,2024-06-30,learned_vol_interaction,20260911,0.39285535258759163,0.39285535258759163,0,0
fixed_transform_add_only,3312,2024-09-13,2024-09-24,0.0133119329369826,2024,2024-06-30,learned_vol_interaction,20260911,0.4309544403821401,0.4309544403821401,0,1
fixed_transform_add_only,3315,2024-09-20,2024-09-30,0.2017513988384409,2024,2024-06-30,learned_vol_interaction,20260911,0.4878715685102031,0.4878715685102031,0,1
fixed_transform_add_only,3320,2024-09-27,2024-10-14,0.0178259004588408,2024,2024-06-30,learned_vol_interaction,20260911,0.746279764531834,0.746279764531834,1,1
fixed_transform_add_only,3262,2024-07-05,2024-07-15,0.0122222871842843,2024,2024-06-30,learned_order_extension,20260911,0.41461381968367045,0.41461381968367045,0,1
fixed_transform_add_only,3267,2024-07-12,2024-07-22,0.0218881133018156,2024,2024-06-30,learned_order_extension,20260911,0.49750843577876247,0.49750843577876247,0,1
fixed_transform_add_only,3272,2024-07-19,2024-07-29,-0.0378787022382998,2024,2024-06-30,learned_order_extension,20260911,0.412603256750505,0.412603256750505,0,0
fixed_transform_add_only,3277,2024-07-26,2024-08-05,-0.0124134568216732,2024,2024-06-30,learned_order_extension,20260911,0.46588394624825835,0.46588394624825835,0,0
fixed_transform_add_only,3282,2024-08-02,2024-08-12,-0.0102762848330364,2024,2024-06-30,learned_order_extension,20260911,0.38072471519277884,0.38072471519277884,0,0
fixed_transform_add_only,3287,2024-08-09,2024-08-19,0.0050186923751938,2024,2024-06-30,learned_order_extension,20260911,0.4362715016612598,0.4362715016612598,0,1
fixed_transform_add_only,3292,2024-08-16,2024-08-26,-0.0040487282687352,2024,2024-06-30,learned_order_extension,20260911,0.34855355665155174,0.34855355665155174,0,0
fixed_transform_add_only,3297,2024-08-23,2024-09-02,-0.0069594562136714,2024,2024-06-30,learned_order_extension,20260911,0.3720412144501006,0.3720412144501006,0,0
fixed_transform_add_only,3302,2024-08-30,2024-09-09,-0.0280389655151561,2024,2024-06-30,learned_order_extension,20260911,0.3675500788586349,0.3675500788586349,0,0
fixed_transform_add_only,3307,2024-09-06,2024-09-18,-0.0174132138857783,2024,2024-06-30,learned_order_extension,20260911,0.4174068011490126,0.4174068011490126,0,0
fixed_transform_add_only,3312,2024-09-13,2024-09-24,0.0133119329369826,2024,2024-06-30,learned_order_extension,20260911,0.4401496434603069,0.4401496434603069,0,1
fixed_transform_add_only,3315,2024-09-20,2024-09-30,0.2017513988384409,2024,2024-06-30,learned_order_extension,20260911,0.479097949367383,0.479097949367383,0,1
fixed_transform_add_only,3320,2024-09-27,2024-10-14,0.0178259004588408,2024,2024-06-30,learned_order_extension,20260911,0.686001774495756,0.686001774495756,1,1
fixed_transform_add_only,3262,2024-07-05,2024-07-15,0.0122222871842843,2024,2024-06-30,learned_order_offset,20260911,0.41787119282783713,0.41787119282783713,0,1
fixed_transform_add_only,3267,2024-07-12,2024-07-22,0.0218881133018156,2024,2024-06-30,learned_order_offset,20260911,0.49466207962938596,0.49466207962938596,0,1
fixed_transform_add_only,3272,2024-07-19,2024-07-29,-0.0378787022382998,2024,2024-06-30,learned_order_offset,20260911,0.41091318200992816,0.41091318200992816,0,0
fixed_transform_add_only,3277,2024-07-26,2024-08-05,-0.0124134568216732,2024,2024-06-30,learned_order_offset,20260911,0.46736697404893845,0.46736697404893845,0,0
fixed_transform_add_only,3282,2024-08-02,2024-08-12,-0.0102762848330364,2024,2024-06-30,learned_order_offset,20260911,0.3832749162618682,0.3832749162618682,0,0
fixed_transform_add_only,3287,2024-08-09,2024-08-19,0.0050186923751938,2024,2024-06-30,learned_order_offset,20260911,0.4394586561178434,0.4394586561178434,0,1
fixed_transform_add_only,3292,2024-08-16,2024-08-26,-0.0040487282687352,2024,2024-06-30,learned_order_offset,20260911,0.35734155965482295,0.35734155965482295,0,0
fixed_transform_add_only,3297,2024-08-23,2024-09-02,-0.0069594562136714,2024,2024-06-30,learned_order_offset,20260911,0.3809365263749004,0.3809365263749004,0,0
fixed_transform_add_only,3302,2024-08-30,2024-09-09,-0.0280389655151561,2024,2024-06-30,learned_order_offset,20260911,0.37482449972180504,0.37482449972180504,0,0
fixed_transform_add_only,3307,2024-09-06,2024-09-18,-0.0174132138857783,2024,2024-06-30,learned_order_offset,20260911,0.4242346205666851,0.4242346205666851,0,0
fixed_transform_add_only,3312,2024-09-13,2024-09-24,0.0133119329369826,2024,2024-06-30,learned_order_offset,20260911,0.4421041205886947,0.4421041205886947,0,1
fixed_transform_add_only,3315,2024-09-20,2024-09-30,0.2017513988384409,2024,2024-06-30,learned_order_offset,20260911,0.47672764386356326,0.47672764386356326,0,1
fixed_transform_add_only,3320,2024-09-27,2024-10-14,0.0178259004588408,2024,2024-06-30,learned_order_offset,20260911,0.6881174348707638,0.6881174348707638,1,1
fixed_transform_add_only,3262,2024-07-05,2024-07-15,0.0122222871842843,2024,2024-06-30,learned_market,20260912,0.5892261942652963,0.5892261942652963,1,1
fixed_transform_add_only,3267,2024-07-12,2024-07-22,0.0218881133018156,2024,2024-06-30,learned_market,20260912,0.5691669757027713,0.5691669757027713,1,1
fixed_transform_add_only,3272,2024-07-19,2024-07-29,-0.0378787022382998,2024,2024-06-30,learned_market,20260912,0.4840514628484534,0.4840514628484534,0,0
fixed_transform_add_only,3277,2024-07-26,2024-08-05,-0.0124134568216732,2024,2024-06-30,learned_market,20260912,0.586717972416475,0.586717972416475,1,0
fixed_transform_add_only,3282,2024-08-02,2024-08-12,-0.0102762848330364,2024,2024-06-30,learned_market,20260912,0.5907619445472296,0.5907619445472296,1,0
fixed_transform_add_only,3287,2024-08-09,2024-08-19,0.0050186923751938,2024,2024-06-30,learned_market,20260912,0.4899849823472473,0.4899849823472473,0,1
fixed_transform_add_only,3292,2024-08-16,2024-08-26,-0.0040487282687352,2024,2024-06-30,learned_market,20260912,0.36767512577935924,0.36767512577935924,0,0
fixed_transform_add_only,3297,2024-08-23,2024-09-02,-0.0069594562136714,2024,2024-06-30,learned_market,20260912,0.28022001901292326,0.28022001901292326,0,0
fixed_transform_add_only,3302,2024-08-30,2024-09-09,-0.0280389655151561,2024,2024-06-30,learned_market,20260912,0.31543171819256394,0.31543171819256394,0,0
fixed_transform_add_only,3307,2024-09-06,2024-09-18,-0.0174132138857783,2024,2024-06-30,learned_market,20260912,0.36923437637053175,0.36923437637053175,0,0
fixed_transform_add_only,3312,2024-09-13,2024-09-24,0.0133119329369826,2024,2024-06-30,learned_market,20260912,0.3687643500524524,0.3687643500524524,0,1
fixed_transform_add_only,3315,2024-09-20,2024-09-30,0.2017513988384409,2024,2024-06-30,learned_market,20260912,0.3990858598297629,0.3990858598297629,0,1
fixed_transform_add_only,3320,2024-09-27,2024-10-14,0.0178259004588408,2024,2024-06-30,learned_market,20260912,0.4541361174263785,0.4541361174263785,0,1
fixed_transform_add_only,3262,2024-07-05,2024-07-15,0.0122222871842843,2024,2024-06-30,learned_vol_interaction,20260912,0.5939576054845903,0.5939576054845903,1,1
fixed_transform_add_only,3267,2024-07-12,2024-07-22,0.0218881133018156,2024,2024-06-30,learned_vol_interaction,20260912,0.5702799368504405,0.5702799368504405,1,1
fixed_transform_add_only,3272,2024-07-19,2024-07-29,-0.0378787022382998,2024,2024-06-30,learned_vol_interaction,20260912,0.48213922629084516,0.48213922629084516,0,0
fixed_transform_add_only,3277,2024-07-26,2024-08-05,-0.0124134568216732,2024,2024-06-30,learned_vol_interaction,20260912,0.5886245236686153,0.5886245236686153,1,0
fixed_transform_add_only,3282,2024-08-02,2024-08-12,-0.0102762848330364,2024,2024-06-30,learned_vol_interaction,20260912,0.5909035220823284,0.5909035220823284,1,0
fixed_transform_add_only,3287,2024-08-09,2024-08-19,0.0050186923751938,2024,2024-06-30,learned_vol_interaction,20260912,0.48811717286060624,0.48811717286060624,0,1
fixed_transform_add_only,3292,2024-08-16,2024-08-26,-0.0040487282687352,2024,2024-06-30,learned_vol_interaction,20260912,0.364500793270923,0.364500793270923,0,0
fixed_transform_add_only,3297,2024-08-23,2024-09-02,-0.0069594562136714,2024,2024-06-30,learned_vol_interaction,20260912,0.27458211932044,0.27458211932044,0,0
fixed_transform_add_only,3302,2024-08-30,2024-09-09,-0.0280389655151561,2024,2024-06-30,learned_vol_interaction,20260912,0.30753553620111695,0.30753553620111695,0,0
fixed_transform_add_only,3307,2024-09-06,2024-09-18,-0.0174132138857783,2024,2024-06-30,learned_vol_interaction,20260912,0.36546618493557187,0.36546618493557187,0,0
fixed_transform_add_only,3312,2024-09-13,2024-09-24,0.0133119329369826,2024,2024-06-30,learned_vol_interaction,20260912,0.36322885187846626,0.36322885187846626,0,1
fixed_transform_add_only,3315,2024-09-20,2024-09-30,0.2017513988384409,2024,2024-06-30,learned_vol_interaction,20260912,0.39375455097520096,0.39375455097520096,0,1
fixed_transform_add_only,3320,2024-09-27,2024-10-14,0.0178259004588408,2024,2024-06-30,learned_vol_interaction,20260912,0.46118254899933936,0.46118254899933936,0,1
fixed_transform_add_only,3262,2024-07-05,2024-07-15,0.0122222871842843,2024,2024-06-30,learned_order_extension,20260912,0.6177548991132308,0.6177548991132308,1,1
fixed_transform_add_only,3267,2024-07-12,2024-07-22,0.0218881133018156,2024,2024-06-30,learned_order_extension,20260912,0.5788768316925563,0.5788768316925563,1,1
fixed_transform_add_only,3272,2024-07-19,2024-07-29,-0.0378787022382998,2024,2024-06-30,learned_order_extension,20260912,0.5057192805188899,0.5057192805188899,1,0
fixed_transform_add_only,3277,2024-07-26,2024-08-05,-0.0124134568216732,2024,2024-06-30,learned_order_extension,20260912,0.5980402693204224,0.5980402693204224,1,0
fixed_transform_add_only,3282,2024-08-02,2024-08-12,-0.0102762848330364,2024,2024-06-30,learned_order_extension,20260912,0.6105405562459749,0.6105405562459749,1,0
fixed_transform_add_only,3287,2024-08-09,2024-08-19,0.0050186923751938,2024,2024-06-30,learned_order_extension,20260912,0.5151320317110717,0.5151320317110717,1,1
fixed_transform_add_only,3292,2024-08-16,2024-08-26,-0.0040487282687352,2024,2024-06-30,learned_order_extension,20260912,0.3905771883745637,0.3905771883745637,0,0
fixed_transform_add_only,3297,2024-08-23,2024-09-02,-0.0069594562136714,2024,2024-06-30,learned_order_extension,20260912,0.3379914973449896,0.3379914973449896,0,0
fixed_transform_add_only,3302,2024-08-30,2024-09-09,-0.0280389655151561,2024,2024-06-30,learned_order_extension,20260912,0.3639531269810853,0.3639531269810853,0,0
fixed_transform_add_only,3307,2024-09-06,2024-09-18,-0.0174132138857783,2024,2024-06-30,learned_order_extension,20260912,0.39948088005494825,0.39948088005494825,0,0
fixed_transform_add_only,3312,2024-09-13,2024-09-24,0.0133119329369826,2024,2024-06-30,learned_order_extension,20260912,0.39309576295889537,0.39309576295889537,0,1
fixed_transform_add_only,3315,2024-09-20,2024-09-30,0.2017513988384409,2024,2024-06-30,learned_order_extension,20260912,0.44928888462094874,0.44928888462094874,0,1
fixed_transform_add_only,3320,2024-09-27,2024-10-14,0.0178259004588408,2024,2024-06-30,learned_order_extension,20260912,0.5464865654512232,0.5464865654512232,1,1
fixed_transform_add_only,3262,2024-07-05,2024-07-15,0.0122222871842843,2024,2024-06-30,learned_order_offset,20260912,0.6136277471568562,0.6136277471568562,1,1
fixed_transform_add_only,3267,2024-07-12,2024-07-22,0.0218881133018156,2024,2024-06-30,learned_order_offset,20260912,0.5785674892780325,0.5785674892780325,1,1
fixed_transform_add_only,3272,2024-07-19,2024-07-29,-0.0378787022382998,2024,2024-06-30,learned_order_offset,20260912,0.5135054972813146,0.5135054972813146,1,0
fixed_transform_add_only,3277,2024-07-26,2024-08-05,-0.0124134568216732,2024,2024-06-30,learned_order_offset,20260912,0.596726063716141,0.596726063716141,1,0
fixed_transform_add_only,3282,2024-08-02,2024-08-12,-0.0102762848330364,2024,2024-06-30,learned_order_offset,20260912,0.6091837091638003,0.6091837091638003,1,0
fixed_transform_add_only,3287,2024-08-09,2024-08-19,0.0050186923751938,2024,2024-06-30,learned_order_offset,20260912,0.5173572365447854,0.5173572365447854,1,1
fixed_transform_add_only,3292,2024-08-16,2024-08-26,-0.0040487282687352,2024,2024-06-30,learned_order_offset,20260912,0.39562448921946075,0.39562448921946075,0,0
fixed_transform_add_only,3297,2024-08-23,2024-09-02,-0.0069594562136714,2024,2024-06-30,learned_order_offset,20260912,0.34296972483267785,0.34296972483267785,0,0
fixed_transform_add_only,3302,2024-08-30,2024-09-09,-0.0280389655151561,2024,2024-06-30,learned_order_offset,20260912,0.37271977936906237,0.37271977936906237,0,0
fixed_transform_add_only,3307,2024-09-06,2024-09-18,-0.0174132138857783,2024,2024-06-30,learned_order_offset,20260912,0.40552014524575014,0.40552014524575014,0,0
fixed_transform_add_only,3312,2024-09-13,2024-09-24,0.0133119329369826,2024,2024-06-30,learned_order_offset,20260912,0.39702964083450343,0.39702964083450343,0,1
fixed_transform_add_only,3315,2024-09-20,2024-09-30,0.2017513988384409,2024,2024-06-30,learned_order_offset,20260912,0.45304870524766916,0.45304870524766916,0,1
fixed_transform_add_only,3320,2024-09-27,2024-10-14,0.0178259004588408,2024,2024-06-30,learned_order_offset,20260912,0.5463174284757477,0.5463174284757477,1,1
fixed_transform_add_only,3262,2024-07-05,2024-07-15,0.0122222871842843,2024,2024-06-30,training_frequency,-1,0.5011320754716981,0.5011320754716981,1,1
fixed_transform_add_only,3267,2024-07-12,2024-07-22,0.0218881133018156,2024,2024-06-30,training_frequency,-1,0.5011320754716981,0.5011320754716981,1,1
fixed_transform_add_only,3272,2024-07-19,2024-07-29,-0.0378787022382998,2024,2024-06-30,training_frequency,-1,0.5011320754716981,0.5011320754716981,1,0
fixed_transform_add_only,3277,2024-07-26,2024-08-05,-0.0124134568216732,2024,2024-06-30,training_frequency,-1,0.5011320754716981,0.5011320754716981,1,0
fixed_transform_add_only,3282,2024-08-02,2024-08-12,-0.0102762848330364,2024,2024-06-30,training_frequency,-1,0.5011320754716981,0.5011320754716981,1,0
fixed_transform_add_only,3287,2024-08-09,2024-08-19,0.0050186923751938,2024,2024-06-30,training_frequency,-1,0.5011320754716981,0.5011320754716981,1,1
fixed_transform_add_only,3292,2024-08-16,2024-08-26,-0.0040487282687352,2024,2024-06-30,training_frequency,-1,0.5011320754716981,0.5011320754716981,1,0
fixed_transform_add_only,3297,2024-08-23,2024-09-02,-0.0069594562136714,2024,2024-06-30,training_frequency,-1,0.5011320754716981,0.5011320754716981,1,0
fixed_transform_add_only,3302,2024-08-30,2024-09-09,-0.0280389655151561,2024,2024-06-30,training_frequency,-1,0.5011320754716981,0.5011320754716981,1,0
fixed_transform_add_only,3307,2024-09-06,2024-09-18,-0.0174132138857783,2024,2024-06-30,training_frequency,-1,0.5011320754716981,0.5011320754716981,1,0
fixed_transform_add_only,3312,2024-09-13,2024-09-24,0.0133119329369826,2024,2024-06-30,training_frequency,-1,0.5011320754716981,0.5011320754716981,1,1
fixed_transform_add_only,3315,2024-09-20,2024-09-30,0.2017513988384409,2024,2024-06-30,training_frequency,-1,0.5011320754716981,0.5011320754716981,1,1
fixed_transform_add_only,3320,2024-09-27,2024-10-14,0.0178259004588408,2024,2024-06-30,training_frequency,-1,0.5011320754716981,0.5011320754716981,1,1
fixed_transform_add_only,3325,2024-10-11,2024-10-21,0.0080914993282625,2024,2024-09-30,learned_market,20260910,0.6387355069916043,0.6387355069916043,1,1
fixed_transform_add_only,3330,2024-10-18,2024-10-28,0.0015733867085561,2024,2024-09-30,learned_market,20260910,0.5348155208038298,0.5348155208038298,1,1
fixed_transform_add_only,3335,2024-10-25,2024-11-04,-0.0140142824257356,2024,2024-09-30,learned_market,20260910,0.5053557458715645,0.5053557458715645,1,0
fixed_transform_add_only,3340,2024-11-01,2024-11-11,0.0434152361258277,2024,2024-09-30,learned_market,20260910,0.48272270142098045,0.48272270142098045,0,1
fixed_transform_add_only,3345,2024-11-08,2024-11-18,-0.0208584853931589,2024,2024-09-30,learned_market,20260910,0.47395972292516914,0.47395972292516914,0,0
fixed_transform_add_only,3350,2024-11-15,2024-11-25,-0.0267421712161923,2024,2024-09-30,learned_market,20260910,0.47535905565750974,0.47535905565750974,0,0
fixed_transform_add_only,3355,2024-11-22,2024-12-02,0.0087960346887328,2024,2024-09-30,learned_market,20260910,0.6240720564256556,0.6240720564256556,1,1
fixed_transform_add_only,3360,2024-11-29,2024-12-09,0.0155919891551781,2024,2024-09-30,learned_market,20260910,0.6296873957288246,0.6296873957288246,1,1
fixed_transform_add_only,3365,2024-12-06,2024-12-16,-0.0100436703218104,2024,2024-09-30,learned_market,20260910,0.5595396766291483,0.5595396766291483,1,0
fixed_transform_add_only,3370,2024-12-13,2024-12-23,-0.0006690784017421,2024,2024-09-30,learned_market,20260910,0.4726427445447281,0.4726427445447281,0,0
fixed_transform_add_only,3375,2024-12-20,2024-12-30,0.0123595076562756,2024,2024-09-30,learned_market,20260910,0.38130906841305845,0.38130906841305845,0,1
fixed_transform_add_only,3380,2024-12-27,2025-01-06,-0.0504714964669198,2024,2024-09-30,learned_market,20260910,0.3367132444717347,0.3367132444717347,0,0
fixed_transform_add_only,3325,2024-10-11,2024-10-21,0.0080914993282625,2024,2024-09-30,learned_vol_interaction,20260910,0.6356056440430297,0.6356056440430297,1,1
fixed_transform_add_only,3330,2024-10-18,2024-10-28,0.0015733867085561,2024,2024-09-30,learned_vol_interaction,20260910,0.5577553516699362,0.5577553516699362,1,1
fixed_transform_add_only,3335,2024-10-25,2024-11-04,-0.0140142824257356,2024,2024-09-30,learned_vol_interaction,20260910,0.5340646750294211,0.5340646750294211,1,0
fixed_transform_add_only,3340,2024-11-01,2024-11-11,0.0434152361258277,2024,2024-09-30,learned_vol_interaction,20260910,0.5147266430839477,0.5147266430839477,1,1
fixed_transform_add_only,3345,2024-11-08,2024-11-18,-0.0208584853931589,2024,2024-09-30,learned_vol_interaction,20260910,0.4792181263256215,0.4792181263256215,0,0
fixed_transform_add_only,3350,2024-11-15,2024-11-25,-0.0267421712161923,2024,2024-09-30,learned_vol_interaction,20260910,0.4750873532948262,0.4750873532948262,0,0
fixed_transform_add_only,3355,2024-11-22,2024-12-02,0.0087960346887328,2024,2024-09-30,learned_vol_interaction,20260910,0.6197932950334653,0.6197932950334653,1,1
fixed_transform_add_only,3360,2024-11-29,2024-12-09,0.0155919891551781,2024,2024-09-30,learned_vol_interaction,20260910,0.6237308368602414,0.6237308368602414,1,1
fixed_transform_add_only,3365,2024-12-06,2024-12-16,-0.0100436703218104,2024,2024-09-30,learned_vol_interaction,20260910,0.5563924477066099,0.5563924477066099,1,0
fixed_transform_add_only,3370,2024-12-13,2024-12-23,-0.0006690784017421,2024,2024-09-30,learned_vol_interaction,20260910,0.47162315606726196,0.47162315606726196,0,0
fixed_transform_add_only,3375,2024-12-20,2024-12-30,0.0123595076562756,2024,2024-09-30,learned_vol_interaction,20260910,0.3750101380581754,0.3750101380581754,0,1
fixed_transform_add_only,3380,2024-12-27,2025-01-06,-0.0504714964669198,2024,2024-09-30,learned_vol_interaction,20260910,0.3281247584783582,0.3281247584783582,0,0
fixed_transform_add_only,3325,2024-10-11,2024-10-21,0.0080914993282625,2024,2024-09-30,learned_order_extension,20260910,0.653033015134342,0.653033015134342,1,1
fixed_transform_add_only,3330,2024-10-18,2024-10-28,0.0015733867085561,2024,2024-09-30,learned_order_extension,20260910,0.5960960575749099,0.5960960575749099,1,1
fixed_transform_add_only,3335,2024-10-25,2024-11-04,-0.0140142824257356,2024,2024-09-30,learned_order_extension,20260910,0.5649824928190201,0.5649824928190201,1,0
fixed_transform_add_only,3340,2024-11-01,2024-11-11,0.0434152361258277,2024,2024-09-30,learned_order_extension,20260910,0.5806244157593048,0.5806244157593048,1,1
fixed_transform_add_only,3345,2024-11-08,2024-11-18,-0.0208584853931589,2024,2024-09-30,learned_order_extension,20260910,0.47726755461098386,0.47726755461098386,0,0
fixed_transform_add_only,3350,2024-11-15,2024-11-25,-0.0267421712161923,2024,2024-09-30,learned_order_extension,20260910,0.46093489209298194,0.46093489209298194,0,0
fixed_transform_add_only,3355,2024-11-22,2024-12-02,0.0087960346887328,2024,2024-09-30,learned_order_extension,20260910,0.6006319643903395,0.6006319643903395,1,1
fixed_transform_add_only,3360,2024-11-29,2024-12-09,0.0155919891551781,2024,2024-09-30,learned_order_extension,20260910,0.6167191394841075,0.6167191394841075,1,1
fixed_transform_add_only,3365,2024-12-06,2024-12-16,-0.0100436703218104,2024,2024-09-30,learned_order_extension,20260910,0.5332989453940855,0.5332989453940855,1,0
fixed_transform_add_only,3370,2024-12-13,2024-12-23,-0.0006690784017421,2024,2024-09-30,learned_order_extension,20260910,0.4490982574045536,0.4490982574045536,0,0
fixed_transform_add_only,3375,2024-12-20,2024-12-30,0.0123595076562756,2024,2024-09-30,learned_order_extension,20260910,0.34203020126865746,0.34203020126865746,0,1
fixed_transform_add_only,3380,2024-12-27,2025-01-06,-0.0504714964669198,2024,2024-09-30,learned_order_extension,20260910,0.2800721605383603,0.2800721605383603,0,0
fixed_transform_add_only,3325,2024-10-11,2024-10-21,0.0080914993282625,2024,2024-09-30,learned_order_offset,20260910,0.6482536598919875,0.6482536598919875,1,1
fixed_transform_add_only,3330,2024-10-18,2024-10-28,0.0015733867085561,2024,2024-09-30,learned_order_offset,20260910,0.5869594660826404,0.5869594660826404,1,1
fixed_transform_add_only,3335,2024-10-25,2024-11-04,-0.0140142824257356,2024,2024-09-30,learned_order_offset,20260910,0.558823595184079,0.558823595184079,1,0
fixed_transform_add_only,3340,2024-11-01,2024-11-11,0.0434152361258277,2024,2024-09-30,learned_order_offset,20260910,0.5738200739021102,0.5738200739021102,1,1
fixed_transform_add_only,3345,2024-11-08,2024-11-18,-0.0208584853931589,2024,2024-09-30,learned_order_offset,20260910,0.47679284761408997,0.47679284761408997,0,0
fixed_transform_add_only,3350,2024-11-15,2024-11-25,-0.0267421712161923,2024,2024-09-30,learned_order_offset,20260910,0.46011435207989976,0.46011435207989976,0,0
fixed_transform_add_only,3355,2024-11-22,2024-12-02,0.0087960346887328,2024,2024-09-30,learned_order_offset,20260910,0.5974219096179438,0.5974219096179438,1,1
fixed_transform_add_only,3360,2024-11-29,2024-12-09,0.0155919891551781,2024,2024-09-30,learned_order_offset,20260910,0.6109287584741658,0.6109287584741658,1,1
fixed_transform_add_only,3365,2024-12-06,2024-12-16,-0.0100436703218104,2024,2024-09-30,learned_order_offset,20260910,0.5313840643522225,0.5313840643522225,1,0
fixed_transform_add_only,3370,2024-12-13,2024-12-23,-0.0006690784017421,2024,2024-09-30,learned_order_offset,20260910,0.44690124125142816,0.44690124125142816,0,0
fixed_transform_add_only,3375,2024-12-20,2024-12-30,0.0123595076562756,2024,2024-09-30,learned_order_offset,20260910,0.345276430848673,0.345276430848673,0,1
fixed_transform_add_only,3380,2024-12-27,2025-01-06,-0.0504714964669198,2024,2024-09-30,learned_order_offset,20260910,0.2874146242173843,0.2874146242173843,0,0
fixed_transform_add_only,3325,2024-10-11,2024-10-21,0.0080914993282625,2024,2024-09-30,learned_market,20260911,0.7641404777738341,0.7641404777738341,1,1
fixed_transform_add_only,3330,2024-10-18,2024-10-28,0.0015733867085561,2024,2024-09-30,learned_market,20260911,0.6740299192016305,0.6740299192016305,1,1
fixed_transform_add_only,3335,2024-10-25,2024-11-04,-0.0140142824257356,2024,2024-09-30,learned_market,20260911,0.5075613575635114,0.5075613575635114,1,0
fixed_transform_add_only,3340,2024-11-01,2024-11-11,0.0434152361258277,2024,2024-09-30,learned_market,20260911,0.4418482872165128,0.4418482872165128,0,1
fixed_transform_add_only,3345,2024-11-08,2024-11-18,-0.0208584853931589,2024,2024-09-30,learned_market,20260911,0.440769784999123,0.440769784999123,0,0
fixed_transform_add_only,3350,2024-11-15,2024-11-25,-0.0267421712161923,2024,2024-09-30,learned_market,20260911,0.4933384131981486,0.4933384131981486,0,0
fixed_transform_add_only,3355,2024-11-22,2024-12-02,0.0087960346887328,2024,2024-09-30,learned_market,20260911,0.3987374952212078,0.3987374952212078,0,1
fixed_transform_add_only,3360,2024-11-29,2024-12-09,0.0155919891551781,2024,2024-09-30,learned_market,20260911,0.5534408178856962,0.5534408178856962,1,1
fixed_transform_add_only,3365,2024-12-06,2024-12-16,-0.0100436703218104,2024,2024-09-30,learned_market,20260911,0.43581712171918957,0.43581712171918957,0,0
fixed_transform_add_only,3370,2024-12-13,2024-12-23,-0.0006690784017421,2024,2024-09-30,learned_market,20260911,0.3205239268525629,0.3205239268525629,0,0
fixed_transform_add_only,3375,2024-12-20,2024-12-30,0.0123595076562756,2024,2024-09-30,learned_market,20260911,0.2865374924605726,0.2865374924605726,0,1
fixed_transform_add_only,3380,2024-12-27,2025-01-06,-0.0504714964669198,2024,2024-09-30,learned_market,20260911,0.531695758124391,0.531695758124391,1,0
fixed_transform_add_only,3325,2024-10-11,2024-10-21,0.0080914993282625,2024,2024-09-30,learned_vol_interaction,20260911,0.7693594270177511,0.7693594270177511,1,1
fixed_transform_add_only,3330,2024-10-18,2024-10-28,0.0015733867085561,2024,2024-09-30,learned_vol_interaction,20260911,0.6747136385278619,0.6747136385278619,1,1
fixed_transform_add_only,3335,2024-10-25,2024-11-04,-0.0140142824257356,2024,2024-09-30,learned_vol_interaction,20260911,0.4965218762164213,0.4965218762164213,0,0
fixed_transform_add_only,3340,2024-11-01,2024-11-11,0.0434152361258277,2024,2024-09-30,learned_vol_interaction,20260911,0.4279477573629887,0.4279477573629887,0,1
fixed_transform_add_only,3345,2024-11-08,2024-11-18,-0.0208584853931589,2024,2024-09-30,learned_vol_interaction,20260911,0.4404732228452762,0.4404732228452762,0,0
fixed_transform_add_only,3350,2024-11-15,2024-11-25,-0.0267421712161923,2024,2024-09-30,learned_vol_interaction,20260911,0.493576318266374,0.493576318266374,0,0
fixed_transform_add_only,3355,2024-11-22,2024-12-02,0.0087960346887328,2024,2024-09-30,learned_vol_interaction,20260911,0.3980927509772175,0.3980927509772175,0,1
fixed_transform_add_only,3360,2024-11-29,2024-12-09,0.0155919891551781,2024,2024-09-30,learned_vol_interaction,20260911,0.5564069603302998,0.5564069603302998,1,1
fixed_transform_add_only,3365,2024-12-06,2024-12-16,-0.0100436703218104,2024,2024-09-30,learned_vol_interaction,20260911,0.4356302611136628,0.4356302611136628,0,0
fixed_transform_add_only,3370,2024-12-13,2024-12-23,-0.0006690784017421,2024,2024-09-30,learned_vol_interaction,20260911,0.32283609492862686,0.32283609492862686,0,0
fixed_transform_add_only,3375,2024-12-20,2024-12-30,0.0123595076562756,2024,2024-09-30,learned_vol_interaction,20260911,0.2883956029807539,0.2883956029807539,0,1
fixed_transform_add_only,3380,2024-12-27,2025-01-06,-0.0504714964669198,2024,2024-09-30,learned_vol_interaction,20260911,0.5297208109104214,0.5297208109104214,1,0
fixed_transform_add_only,3325,2024-10-11,2024-10-21,0.0080914993282625,2024,2024-09-30,learned_order_extension,20260911,0.753124466524545,0.753124466524545,1,1
fixed_transform_add_only,3330,2024-10-18,2024-10-28,0.0015733867085561,2024,2024-09-30,learned_order_extension,20260911,0.6721637124118764,0.6721637124118764,1,1
fixed_transform_add_only,3335,2024-10-25,2024-11-04,-0.0140142824257356,2024,2024-09-30,learned_order_extension,20260911,0.5347873691395043,0.5347873691395043,1,0
fixed_transform_add_only,3340,2024-11-01,2024-11-11,0.0434152361258277,2024,2024-09-30,learned_order_extension,20260911,0.49546985648161757,0.49546985648161757,0,1
fixed_transform_add_only,3345,2024-11-08,2024-11-18,-0.0208584853931589,2024,2024-09-30,learned_order_extension,20260911,0.4261620767596521,0.4261620767596521,0,0
fixed_transform_add_only,3350,2024-11-15,2024-11-25,-0.0267421712161923,2024,2024-09-30,learned_order_extension,20260911,0.47508029198757673,0.47508029198757673,0,0
fixed_transform_add_only,3355,2024-11-22,2024-12-02,0.0087960346887328,2024,2024-09-30,learned_order_extension,20260911,0.3786435494253113,0.3786435494253113,0,1
fixed_transform_add_only,3360,2024-11-29,2024-12-09,0.0155919891551781,2024,2024-09-30,learned_order_extension,20260911,0.5588001773205307,0.5588001773205307,1,1
fixed_transform_add_only,3365,2024-12-06,2024-12-16,-0.0100436703218104,2024,2024-09-30,learned_order_extension,20260911,0.43313538473800306,0.43313538473800306,0,0
fixed_transform_add_only,3370,2024-12-13,2024-12-23,-0.0006690784017421,2024,2024-09-30,learned_order_extension,20260911,0.299183466624344,0.299183466624344,0,0
fixed_transform_add_only,3375,2024-12-20,2024-12-30,0.0123595076562756,2024,2024-09-30,learned_order_extension,20260911,0.2642107760375893,0.2642107760375893,0,1
fixed_transform_add_only,3380,2024-12-27,2025-01-06,-0.0504714964669198,2024,2024-09-30,learned_order_extension,20260911,0.5685673595242025,0.5685673595242025,1,0
fixed_transform_add_only,3325,2024-10-11,2024-10-21,0.0080914993282625,2024,2024-09-30,learned_order_offset,20260911,0.7505000420185107,0.7505000420185107,1,1
fixed_transform_add_only,3330,2024-10-18,2024-10-28,0.0015733867085561,2024,2024-09-30,learned_order_offset,20260911,0.6721094515898882,0.6721094515898882,1,1
fixed_transform_add_only,3335,2024-10-25,2024-11-04,-0.0140142824257356,2024,2024-09-30,learned_order_offset,20260911,0.5295311358193783,0.5295311358193783,1,0
fixed_transform_add_only,3340,2024-11-01,2024-11-11,0.0434152361258277,2024,2024-09-30,learned_order_offset,20260911,0.4855947263816265,0.4855947263816265,0,1
fixed_transform_add_only,3345,2024-11-08,2024-11-18,-0.0208584853931589,2024,2024-09-30,learned_order_offset,20260911,0.4292512484217516,0.4292512484217516,0,0
fixed_transform_add_only,3350,2024-11-15,2024-11-25,-0.0267421712161923,2024,2024-09-30,learned_order_offset,20260911,0.4724096912968384,0.4724096912968384,0,0
fixed_transform_add_only,3355,2024-11-22,2024-12-02,0.0087960346887328,2024,2024-09-30,learned_order_offset,20260911,0.37984976343283244,0.37984976343283244,0,1
fixed_transform_add_only,3360,2024-11-29,2024-12-09,0.0155919891551781,2024,2024-09-30,learned_order_offset,20260911,0.5581470521137921,0.5581470521137921,1,1
fixed_transform_add_only,3365,2024-12-06,2024-12-16,-0.0100436703218104,2024,2024-09-30,learned_order_offset,20260911,0.4323485212911475,0.4323485212911475,0,0
fixed_transform_add_only,3370,2024-12-13,2024-12-23,-0.0006690784017421,2024,2024-09-30,learned_order_offset,20260911,0.3001304589398783,0.3001304589398783,0,0
fixed_transform_add_only,3375,2024-12-20,2024-12-30,0.0123595076562756,2024,2024-09-30,learned_order_offset,20260911,0.265752380371854,0.265752380371854,0,1
fixed_transform_add_only,3380,2024-12-27,2025-01-06,-0.0504714964669198,2024,2024-09-30,learned_order_offset,20260911,0.561440928010865,0.561440928010865,1,0
fixed_transform_add_only,3325,2024-10-11,2024-10-21,0.0080914993282625,2024,2024-09-30,learned_market,20260912,0.7054750777330762,0.7054750777330762,1,1
fixed_transform_add_only,3330,2024-10-18,2024-10-28,0.0015733867085561,2024,2024-09-30,learned_market,20260912,0.7801977310108795,0.7801977310108795,1,1
fixed_transform_add_only,3335,2024-10-25,2024-11-04,-0.0140142824257356,2024,2024-09-30,learned_market,20260912,0.7381762320007912,0.7381762320007912,1,0
fixed_transform_add_only,3340,2024-11-01,2024-11-11,0.0434152361258277,2024,2024-09-30,learned_market,20260912,0.785055105071644,0.785055105071644,1,1
fixed_transform_add_only,3345,2024-11-08,2024-11-18,-0.0208584853931589,2024,2024-09-30,learned_market,20260912,0.6909342173952148,0.6909342173952148,1,0
fixed_transform_add_only,3350,2024-11-15,2024-11-25,-0.0267421712161923,2024,2024-09-30,learned_market,20260912,0.6040111946471306,0.6040111946471306,1,0
fixed_transform_add_only,3355,2024-11-22,2024-12-02,0.0087960346887328,2024,2024-09-30,learned_market,20260912,0.6554927684839355,0.6554927684839355,1,1
fixed_transform_add_only,3360,2024-11-29,2024-12-09,0.0155919891551781,2024,2024-09-30,learned_market,20260912,0.5641328880639942,0.5641328880639942,1,1
fixed_transform_add_only,3365,2024-12-06,2024-12-16,-0.0100436703218104,2024,2024-09-30,learned_market,20260912,0.5485678902734574,0.5485678902734574,1,0
fixed_transform_add_only,3370,2024-12-13,2024-12-23,-0.0006690784017421,2024,2024-09-30,learned_market,20260912,0.4096416005174937,0.4096416005174937,0,0
fixed_transform_add_only,3375,2024-12-20,2024-12-30,0.0123595076562756,2024,2024-09-30,learned_market,20260912,0.3150948152054259,0.3150948152054259,0,1
fixed_transform_add_only,3380,2024-12-27,2025-01-06,-0.0504714964669198,2024,2024-09-30,learned_market,20260912,0.23805691049433558,0.23805691049433558,0,0
fixed_transform_add_only,3325,2024-10-11,2024-10-21,0.0080914993282625,2024,2024-09-30,learned_vol_interaction,20260912,0.6954221532670233,0.6954221532670233,1,1
fixed_transform_add_only,3330,2024-10-18,2024-10-28,0.0015733867085561,2024,2024-09-30,learned_vol_interaction,20260912,0.7592815196346361,0.7592815196346361,1,1
fixed_transform_add_only,3335,2024-10-25,2024-11-04,-0.0140142824257356,2024,2024-09-30,learned_vol_interaction,20260912,0.7190252649090781,0.7190252649090781,1,0
fixed_transform_add_only,3340,2024-11-01,2024-11-11,0.0434152361258277,2024,2024-09-30,learned_vol_interaction,20260912,0.7589756328924374,0.7589756328924374,1,1
fixed_transform_add_only,3345,2024-11-08,2024-11-18,-0.0208584853931589,2024,2024-09-30,learned_vol_interaction,20260912,0.6793511374125369,0.6793511374125369,1,0
fixed_transform_add_only,3350,2024-11-15,2024-11-25,-0.0267421712161923,2024,2024-09-30,learned_vol_interaction,20260912,0.6015687952898141,0.6015687952898141,1,0
fixed_transform_add_only,3355,2024-11-22,2024-12-02,0.0087960346887328,2024,2024-09-30,learned_vol_interaction,20260912,0.65011757239228,0.65011757239228,1,1
fixed_transform_add_only,3360,2024-11-29,2024-12-09,0.0155919891551781,2024,2024-09-30,learned_vol_interaction,20260912,0.5556118121842147,0.5556118121842147,1,1
fixed_transform_add_only,3365,2024-12-06,2024-12-16,-0.0100436703218104,2024,2024-09-30,learned_vol_interaction,20260912,0.5454815333441362,0.5454815333441362,1,0
fixed_transform_add_only,3370,2024-12-13,2024-12-23,-0.0006690784017421,2024,2024-09-30,learned_vol_interaction,20260912,0.4103442647473766,0.4103442647473766,0,0
fixed_transform_add_only,3375,2024-12-20,2024-12-30,0.0123595076562756,2024,2024-09-30,learned_vol_interaction,20260912,0.31634154139674553,0.31634154139674553,0,1
fixed_transform_add_only,3380,2024-12-27,2025-01-06,-0.0504714964669198,2024,2024-09-30,learned_vol_interaction,20260912,0.2364255161830927,0.2364255161830927,0,0
fixed_transform_add_only,3325,2024-10-11,2024-10-21,0.0080914993282625,2024,2024-09-30,learned_order_extension,20260912,0.6829398471242293,0.6829398471242293,1,1
fixed_transform_add_only,3330,2024-10-18,2024-10-28,0.0015733867085561,2024,2024-09-30,learned_order_extension,20260912,0.7177466859772205,0.7177466859772205,1,1
fixed_transform_add_only,3335,2024-10-25,2024-11-04,-0.0140142824257356,2024,2024-09-30,learned_order_extension,20260912,0.6816807408493485,0.6816807408493485,1,0
fixed_transform_add_only,3340,2024-11-01,2024-11-11,0.0434152361258277,2024,2024-09-30,learned_order_extension,20260912,0.6989970586179498,0.6989970586179498,1,1
fixed_transform_add_only,3345,2024-11-08,2024-11-18,-0.0208584853931589,2024,2024-09-30,learned_order_extension,20260912,0.6641323689039788,0.6641323689039788,1,0
fixed_transform_add_only,3350,2024-11-15,2024-11-25,-0.0267421712161923,2024,2024-09-30,learned_order_extension,20260912,0.5922880792158116,0.5922880792158116,1,0
fixed_transform_add_only,3355,2024-11-22,2024-12-02,0.0087960346887328,2024,2024-09-30,learned_order_extension,20260912,0.661019170122335,0.661019170122335,1,1
fixed_transform_add_only,3360,2024-11-29,2024-12-09,0.0155919891551781,2024,2024-09-30,learned_order_extension,20260912,0.5661563456969012,0.5661563456969012,1,1
fixed_transform_add_only,3365,2024-12-06,2024-12-16,-0.0100436703218104,2024,2024-09-30,learned_order_extension,20260912,0.540001041088966,0.540001041088966,1,0
fixed_transform_add_only,3370,2024-12-13,2024-12-23,-0.0006690784017421,2024,2024-09-30,learned_order_extension,20260912,0.40870711386872005,0.40870711386872005,0,0
fixed_transform_add_only,3375,2024-12-20,2024-12-30,0.0123595076562756,2024,2024-09-30,learned_order_extension,20260912,0.29541539105251163,0.29541539105251163,0,1
fixed_transform_add_only,3380,2024-12-27,2025-01-06,-0.0504714964669198,2024,2024-09-30,learned_order_extension,20260912,0.1963829852470296,0.1963829852470296,0,0
fixed_transform_add_only,3325,2024-10-11,2024-10-21,0.0080914993282625,2024,2024-09-30,learned_order_offset,20260912,0.6812042111360692,0.6812042111360692,1,1
fixed_transform_add_only,3330,2024-10-18,2024-10-28,0.0015733867085561,2024,2024-09-30,learned_order_offset,20260912,0.7193317169484299,0.7193317169484299,1,1
fixed_transform_add_only,3335,2024-10-25,2024-11-04,-0.0140142824257356,2024,2024-09-30,learned_order_offset,20260912,0.6785802138177518,0.6785802138177518,1,0
fixed_transform_add_only,3340,2024-11-01,2024-11-11,0.0434152361258277,2024,2024-09-30,learned_order_offset,20260912,0.7014116764476173,0.7014116764476173,1,1
fixed_transform_add_only,3345,2024-11-08,2024-11-18,-0.0208584853931589,2024,2024-09-30,learned_order_offset,20260912,0.6547090241774289,0.6547090241774289,1,0
fixed_transform_add_only,3350,2024-11-15,2024-11-25,-0.0267421712161923,2024,2024-09-30,learned_order_offset,20260912,0.5818513518471555,0.5818513518471555,1,0
fixed_transform_add_only,3355,2024-11-22,2024-12-02,0.0087960346887328,2024,2024-09-30,learned_order_offset,20260912,0.6519441975682106,0.6519441975682106,1,1
fixed_transform_add_only,3360,2024-11-29,2024-12-09,0.0155919891551781,2024,2024-09-30,learned_order_offset,20260912,0.5592255138834765,0.5592255138834765,1,1
fixed_transform_add_only,3365,2024-12-06,2024-12-16,-0.0100436703218104,2024,2024-09-30,learned_order_offset,20260912,0.5341579040398063,0.5341579040398063,1,0
fixed_transform_add_only,3370,2024-12-13,2024-12-23,-0.0006690784017421,2024,2024-09-30,learned_order_offset,20260912,0.4094427323361017,0.4094427323361017,0,0
fixed_transform_add_only,3375,2024-12-20,2024-12-30,0.0123595076562756,2024,2024-09-30,learned_order_offset,20260912,0.3014314300425778,0.3014314300425778,0,1
fixed_transform_add_only,3380,2024-12-27,2025-01-06,-0.0504714964669198,2024,2024-09-30,learned_order_offset,20260912,0.20654620781456853,0.20654620781456853,0,0
fixed_transform_add_only,3325,2024-10-11,2024-10-21,0.0080914993282625,2024,2024-09-30,training_frequency,-1,0.4931605471562275,0.4931605471562275,0,1
fixed_transform_add_only,3330,2024-10-18,2024-10-28,0.0015733867085561,2024,2024-09-30,training_frequency,-1,0.4931605471562275,0.4931605471562275,0,1
fixed_transform_add_only,3335,2024-10-25,2024-11-04,-0.0140142824257356,2024,2024-09-30,training_frequency,-1,0.4931605471562275,0.4931605471562275,0,0
fixed_transform_add_only,3340,2024-11-01,2024-11-11,0.0434152361258277,2024,2024-09-30,training_frequency,-1,0.4931605471562275,0.4931605471562275,0,1
fixed_transform_add_only,3345,2024-11-08,2024-11-18,-0.0208584853931589,2024,2024-09-30,training_frequency,-1,0.4931605471562275,0.4931605471562275,0,0
fixed_transform_add_only,3350,2024-11-15,2024-11-25,-0.0267421712161923,2024,2024-09-30,training_frequency,-1,0.4931605471562275,0.4931605471562275,0,0
fixed_transform_add_only,3355,2024-11-22,2024-12-02,0.0087960346887328,2024,2024-09-30,training_frequency,-1,0.4931605471562275,0.4931605471562275,0,1
fixed_transform_add_only,3360,2024-11-29,2024-12-09,0.0155919891551781,2024,2024-09-30,training_frequency,-1,0.4931605471562275,0.4931605471562275,0,1
fixed_transform_add_only,3365,2024-12-06,2024-12-16,-0.0100436703218104,2024,2024-09-30,training_frequency,-1,0.4931605471562275,0.4931605471562275,0,0
fixed_transform_add_only,3370,2024-12-13,2024-12-23,-0.0006690784017421,2024,2024-09-30,training_frequency,-1,0.4931605471562275,0.4931605471562275,0,0
fixed_transform_add_only,3375,2024-12-20,2024-12-30,0.0123595076562756,2024,2024-09-30,training_frequency,-1,0.4931605471562275,0.4931605471562275,0,1
fixed_transform_add_only,3380,2024-12-27,2025-01-06,-0.0504714964669198,2024,2024-09-30,training_frequency,-1,0.4931605471562275,0.4931605471562275,0,0
fixed_transform_add_only,3384,2025-01-03,2025-01-13,-0.0189486730632231,2025,2024-12-31,learned_market,20260910,0.38233645545210077,0.38233645545210077,0,0
fixed_transform_add_only,3389,2025-01-10,2025-01-20,0.0353251773547418,2025,2024-12-31,learned_market,20260910,0.3910227915849612,0.3910227915849612,0,1
fixed_transform_add_only,3394,2025-01-17,2025-01-27,0.000432821422053,2025,2024-12-31,learned_market,20260910,0.49015728346105064,0.49015728346105064,0,1
fixed_transform_add_only,3399,2025-01-24,2025-02-10,0.0159344898044284,2025,2024-12-31,learned_market,20260910,0.43779872313730184,0.43779872313730184,0,1
fixed_transform_add_only,3403,2025-02-07,2025-02-17,0.0144454990892999,2025,2024-12-31,learned_market,20260910,0.5065763414140139,0.5065763414140139,1,1
fixed_transform_add_only,3408,2025-02-14,2025-02-24,0.0045695818086644,2025,2024-12-31,learned_market,20260910,0.5698063647751795,0.5698063647751795,1,1
fixed_transform_add_only,3413,2025-02-21,2025-03-03,-0.0183210488158531,2025,2024-12-31,learned_market,20260910,0.5387747536285505,0.5387747536285505,1,0
fixed_transform_add_only,3418,2025-02-28,2025-03-10,0.0117650075646844,2025,2024-12-31,learned_market,20260910,0.4812656782302869,0.4812656782302869,0,1
fixed_transform_add_only,3423,2025-03-07,2025-03-17,0.019023819058288,2025,2024-12-31,learned_market,20260910,0.6111767156385011,0.6111767156385011,1,1
fixed_transform_add_only,3428,2025-03-14,2025-03-24,-0.0259983485216283,2025,2024-12-31,learned_market,20260910,0.44730435644814126,0.44730435644814126,0,0
fixed_transform_add_only,3433,2025-03-21,2025-03-31,-0.0025867506275359,2025,2024-12-31,learned_market,20260910,0.5315675954271929,0.5315675954271929,1,0
fixed_transform_add_only,3438,2025-03-28,2025-04-14,-0.0342910101946246,2025,2024-12-31,learned_market,20260910,0.7166635184412673,0.7166635184412673,1,0
fixed_transform_add_only,3384,2025-01-03,2025-01-13,-0.0189486730632231,2025,2024-12-31,learned_vol_interaction,20260910,0.38666219011730185,0.38666219011730185,0,0
fixed_transform_add_only,3389,2025-01-10,2025-01-20,0.0353251773547418,2025,2024-12-31,learned_vol_interaction,20260910,0.3791321657754841,0.3791321657754841,0,1
fixed_transform_add_only,3394,2025-01-17,2025-01-27,0.000432821422053,2025,2024-12-31,learned_vol_interaction,20260910,0.4768105126561029,0.4768105126561029,0,1
fixed_transform_add_only,3399,2025-01-24,2025-02-10,0.0159344898044284,2025,2024-12-31,learned_vol_interaction,20260910,0.46081361135637805,0.46081361135637805,0,1
fixed_transform_add_only,3403,2025-02-07,2025-02-17,0.0144454990892999,2025,2024-12-31,learned_vol_interaction,20260910,0.5021249737202294,0.5021249737202294,1,1
fixed_transform_add_only,3408,2025-02-14,2025-02-24,0.0045695818086644,2025,2024-12-31,learned_vol_interaction,20260910,0.5796741457129003,0.5796741457129003,1,1
fixed_transform_add_only,3413,2025-02-21,2025-03-03,-0.0183210488158531,2025,2024-12-31,learned_vol_interaction,20260910,0.5894724308913238,0.5894724308913238,1,0
fixed_transform_add_only,3418,2025-02-28,2025-03-10,0.0117650075646844,2025,2024-12-31,learned_vol_interaction,20260910,0.5038224926529957,0.5038224926529957,1,1
fixed_transform_add_only,3423,2025-03-07,2025-03-17,0.019023819058288,2025,2024-12-31,learned_vol_interaction,20260910,0.6257731101792092,0.6257731101792092,1,1
fixed_transform_add_only,3428,2025-03-14,2025-03-24,-0.0259983485216283,2025,2024-12-31,learned_vol_interaction,20260910,0.44102075881393793,0.44102075881393793,0,0
fixed_transform_add_only,3433,2025-03-21,2025-03-31,-0.0025867506275359,2025,2024-12-31,learned_vol_interaction,20260910,0.5122265111637169,0.5122265111637169,1,0
fixed_transform_add_only,3438,2025-03-28,2025-04-14,-0.0342910101946246,2025,2024-12-31,learned_vol_interaction,20260910,0.7509067743034049,0.7509067743034049,1,0
fixed_transform_add_only,3384,2025-01-03,2025-01-13,-0.0189486730632231,2025,2024-12-31,learned_order_extension,20260910,0.36600157937330885,0.36600157937330885,0,0
fixed_transform_add_only,3389,2025-01-10,2025-01-20,0.0353251773547418,2025,2024-12-31,learned_order_extension,20260910,0.35256611690823136,0.35256611690823136,0,1
fixed_transform_add_only,3394,2025-01-17,2025-01-27,0.000432821422053,2025,2024-12-31,learned_order_extension,20260910,0.48744472138871614,0.48744472138871614,0,1
fixed_transform_add_only,3399,2025-01-24,2025-02-10,0.0159344898044284,2025,2024-12-31,learned_order_extension,20260910,0.4710830358173244,0.4710830358173244,0,1
fixed_transform_add_only,3403,2025-02-07,2025-02-17,0.0144454990892999,2025,2024-12-31,learned_order_extension,20260910,0.5229042647242248,0.5229042647242248,1,1
fixed_transform_add_only,3408,2025-02-14,2025-02-24,0.0045695818086644,2025,2024-12-31,learned_order_extension,20260910,0.5778482952092869,0.5778482952092869,1,1
fixed_transform_add_only,3413,2025-02-21,2025-03-03,-0.0183210488158531,2025,2024-12-31,learned_order_extension,20260910,0.6398652110146743,0.6398652110146743,1,0
fixed_transform_add_only,3418,2025-02-28,2025-03-10,0.0117650075646844,2025,2024-12-31,learned_order_extension,20260910,0.5091435465758709,0.5091435465758709,1,1
fixed_transform_add_only,3423,2025-03-07,2025-03-17,0.019023819058288,2025,2024-12-31,learned_order_extension,20260910,0.6768915881499589,0.6768915881499589,1,1
fixed_transform_add_only,3428,2025-03-14,2025-03-24,-0.0259983485216283,2025,2024-12-31,learned_order_extension,20260910,0.45607712059245215,0.45607712059245215,0,0
fixed_transform_add_only,3433,2025-03-21,2025-03-31,-0.0025867506275359,2025,2024-12-31,learned_order_extension,20260910,0.5368074346463041,0.5368074346463041,1,0
fixed_transform_add_only,3438,2025-03-28,2025-04-14,-0.0342910101946246,2025,2024-12-31,learned_order_extension,20260910,0.8368647681799748,0.8368647681799748,1,0
fixed_transform_add_only,3384,2025-01-03,2025-01-13,-0.0189486730632231,2025,2024-12-31,learned_order_offset,20260910,0.36669421956338505,0.36669421956338505,0,0
fixed_transform_add_only,3389,2025-01-10,2025-01-20,0.0353251773547418,2025,2024-12-31,learned_order_offset,20260910,0.35282059228350937,0.35282059228350937,0,1
fixed_transform_add_only,3394,2025-01-17,2025-01-27,0.000432821422053,2025,2024-12-31,learned_order_offset,20260910,0.48807314138283653,0.48807314138283653,0,1
fixed_transform_add_only,3399,2025-01-24,2025-02-10,0.0159344898044284,2025,2024-12-31,learned_order_offset,20260910,0.4717801139449288,0.4717801139449288,0,1
fixed_transform_add_only,3403,2025-02-07,2025-02-17,0.0144454990892999,2025,2024-12-31,learned_order_offset,20260910,0.524022842955718,0.524022842955718,1,1
fixed_transform_add_only,3408,2025-02-14,2025-02-24,0.0045695818086644,2025,2024-12-31,learned_order_offset,20260910,0.5772818750748553,0.5772818750748553,1,1
fixed_transform_add_only,3413,2025-02-21,2025-03-03,-0.0183210488158531,2025,2024-12-31,learned_order_offset,20260910,0.6395827908381064,0.6395827908381064,1,0
fixed_transform_add_only,3418,2025-02-28,2025-03-10,0.0117650075646844,2025,2024-12-31,learned_order_offset,20260910,0.5071295431195366,0.5071295431195366,1,1
fixed_transform_add_only,3423,2025-03-07,2025-03-17,0.019023819058288,2025,2024-12-31,learned_order_offset,20260910,0.6756470892929178,0.6756470892929178,1,1
fixed_transform_add_only,3428,2025-03-14,2025-03-24,-0.0259983485216283,2025,2024-12-31,learned_order_offset,20260910,0.455714753994421,0.455714753994421,0,0
fixed_transform_add_only,3433,2025-03-21,2025-03-31,-0.0025867506275359,2025,2024-12-31,learned_order_offset,20260910,0.5359223493617127,0.5359223493617127,1,0
fixed_transform_add_only,3438,2025-03-28,2025-04-14,-0.0342910101946246,2025,2024-12-31,learned_order_offset,20260910,0.834993269183481,0.834993269183481,1,0
fixed_transform_add_only,3384,2025-01-03,2025-01-13,-0.0189486730632231,2025,2024-12-31,learned_market,20260911,0.42821132783780086,0.42821132783780086,0,0
fixed_transform_add_only,3389,2025-01-10,2025-01-20,0.0353251773547418,2025,2024-12-31,learned_market,20260911,0.3899957296673264,0.3899957296673264,0,1
fixed_transform_add_only,3394,2025-01-17,2025-01-27,0.000432821422053,2025,2024-12-31,learned_market,20260911,0.5369659260153571,0.5369659260153571,1,1
fixed_transform_add_only,3399,2025-01-24,2025-02-10,0.0159344898044284,2025,2024-12-31,learned_market,20260911,0.579417237715051,0.579417237715051,1,1
fixed_transform_add_only,3403,2025-02-07,2025-02-17,0.0144454990892999,2025,2024-12-31,learned_market,20260911,0.6179638900480853,0.6179638900480853,1,1
fixed_transform_add_only,3408,2025-02-14,2025-02-24,0.0045695818086644,2025,2024-12-31,learned_market,20260911,0.616114705527485,0.616114705527485,1,1
fixed_transform_add_only,3413,2025-02-21,2025-03-03,-0.0183210488158531,2025,2024-12-31,learned_market,20260911,0.562117179520429,0.562117179520429,1,0
fixed_transform_add_only,3418,2025-02-28,2025-03-10,0.0117650075646844,2025,2024-12-31,learned_market,20260911,0.5285781284571346,0.5285781284571346,1,1
fixed_transform_add_only,3423,2025-03-07,2025-03-17,0.019023819058288,2025,2024-12-31,learned_market,20260911,0.4669000809915797,0.4669000809915797,0,1
fixed_transform_add_only,3428,2025-03-14,2025-03-24,-0.0259983485216283,2025,2024-12-31,learned_market,20260911,0.5699083421091582,0.5699083421091582,1,0
fixed_transform_add_only,3433,2025-03-21,2025-03-31,-0.0025867506275359,2025,2024-12-31,learned_market,20260911,0.41241409635776066,0.41241409635776066,0,0
fixed_transform_add_only,3438,2025-03-28,2025-04-14,-0.0342910101946246,2025,2024-12-31,learned_market,20260911,0.48277123146752016,0.48277123146752016,0,0
fixed_transform_add_only,3384,2025-01-03,2025-01-13,-0.0189486730632231,2025,2024-12-31,learned_vol_interaction,20260911,0.4305231359543153,0.4305231359543153,0,0
fixed_transform_add_only,3389,2025-01-10,2025-01-20,0.0353251773547418,2025,2024-12-31,learned_vol_interaction,20260911,0.38884089510088987,0.38884089510088987,0,1
fixed_transform_add_only,3394,2025-01-17,2025-01-27,0.000432821422053,2025,2024-12-31,learned_vol_interaction,20260911,0.5344292773183893,0.5344292773183893,1,1
fixed_transform_add_only,3399,2025-01-24,2025-02-10,0.0159344898044284,2025,2024-12-31,learned_vol_interaction,20260911,0.5733087009015438,0.5733087009015438,1,1
fixed_transform_add_only,3403,2025-02-07,2025-02-17,0.0144454990892999,2025,2024-12-31,learned_vol_interaction,20260911,0.6229730094392066,0.6229730094392066,1,1
fixed_transform_add_only,3408,2025-02-14,2025-02-24,0.0045695818086644,2025,2024-12-31,learned_vol_interaction,20260911,0.6249392220388966,0.6249392220388966,1,1
fixed_transform_add_only,3413,2025-02-21,2025-03-03,-0.0183210488158531,2025,2024-12-31,learned_vol_interaction,20260911,0.5770853748295083,0.5770853748295083,1,0
fixed_transform_add_only,3418,2025-02-28,2025-03-10,0.0117650075646844,2025,2024-12-31,learned_vol_interaction,20260911,0.5320196258694382,0.5320196258694382,1,1
fixed_transform_add_only,3423,2025-03-07,2025-03-17,0.019023819058288,2025,2024-12-31,learned_vol_interaction,20260911,0.4709950343968562,0.4709950343968562,0,1
fixed_transform_add_only,3428,2025-03-14,2025-03-24,-0.0259983485216283,2025,2024-12-31,learned_vol_interaction,20260911,0.5689479286300063,0.5689479286300063,1,0
fixed_transform_add_only,3433,2025-03-21,2025-03-31,-0.0025867506275359,2025,2024-12-31,learned_vol_interaction,20260911,0.4073280883173269,0.4073280883173269,0,0
fixed_transform_add_only,3438,2025-03-28,2025-04-14,-0.0342910101946246,2025,2024-12-31,learned_vol_interaction,20260911,0.4833458290624725,0.4833458290624725,0,0
fixed_transform_add_only,3384,2025-01-03,2025-01-13,-0.0189486730632231,2025,2024-12-31,learned_order_extension,20260911,0.43065388292304235,0.43065388292304235,0,0
fixed_transform_add_only,3389,2025-01-10,2025-01-20,0.0353251773547418,2025,2024-12-31,learned_order_extension,20260911,0.3891931634884253,0.3891931634884253,0,1
fixed_transform_add_only,3394,2025-01-17,2025-01-27,0.000432821422053,2025,2024-12-31,learned_order_extension,20260911,0.5293310636016386,0.5293310636016386,1,1
fixed_transform_add_only,3399,2025-01-24,2025-02-10,0.0159344898044284,2025,2024-12-31,learned_order_extension,20260911,0.5678795814188538,0.5678795814188538,1,1
fixed_transform_add_only,3403,2025-02-07,2025-02-17,0.0144454990892999,2025,2024-12-31,learned_order_extension,20260911,0.6181569415812861,0.6181569415812861,1,1
fixed_transform_add_only,3408,2025-02-14,2025-02-24,0.0045695818086644,2025,2024-12-31,learned_order_extension,20260911,0.623244763024503,0.623244763024503,1,1
fixed_transform_add_only,3413,2025-02-21,2025-03-03,-0.0183210488158531,2025,2024-12-31,learned_order_extension,20260911,0.5698307059548449,0.5698307059548449,1,0
fixed_transform_add_only,3418,2025-02-28,2025-03-10,0.0117650075646844,2025,2024-12-31,learned_order_extension,20260911,0.5277004284689892,0.5277004284689892,1,1
fixed_transform_add_only,3423,2025-03-07,2025-03-17,0.019023819058288,2025,2024-12-31,learned_order_extension,20260911,0.4694347191401159,0.4694347191401159,0,1
fixed_transform_add_only,3428,2025-03-14,2025-03-24,-0.0259983485216283,2025,2024-12-31,learned_order_extension,20260911,0.5654667556034778,0.5654667556034778,1,0
fixed_transform_add_only,3433,2025-03-21,2025-03-31,-0.0025867506275359,2025,2024-12-31,learned_order_extension,20260911,0.40561065982780425,0.40561065982780425,0,0
fixed_transform_add_only,3438,2025-03-28,2025-04-14,-0.0342910101946246,2025,2024-12-31,learned_order_extension,20260911,0.47795042275731253,0.47795042275731253,0,0
fixed_transform_add_only,3384,2025-01-03,2025-01-13,-0.0189486730632231,2025,2024-12-31,learned_order_offset,20260911,0.430743812553328,0.430743812553328,0,0
fixed_transform_add_only,3389,2025-01-10,2025-01-20,0.0353251773547418,2025,2024-12-31,learned_order_offset,20260911,0.3892930545383684,0.3892930545383684,0,1
fixed_transform_add_only,3394,2025-01-17,2025-01-27,0.000432821422053,2025,2024-12-31,learned_order_offset,20260911,0.52934454260111,0.52934454260111,1,1
fixed_transform_add_only,3399,2025-01-24,2025-02-10,0.0159344898044284,2025,2024-12-31,learned_order_offset,20260911,0.5679288793949586,0.5679288793949586,1,1
fixed_transform_add_only,3403,2025-02-07,2025-02-17,0.0144454990892999,2025,2024-12-31,learned_order_offset,20260911,0.6181544426401614,0.6181544426401614,1,1
fixed_transform_add_only,3408,2025-02-14,2025-02-24,0.0045695818086644,2025,2024-12-31,learned_order_offset,20260911,0.6233447631977894,0.6233447631977894,1,1
fixed_transform_add_only,3413,2025-02-21,2025-03-03,-0.0183210488158531,2025,2024-12-31,learned_order_offset,20260911,0.5699444546955538,0.5699444546955538,1,0
fixed_transform_add_only,3418,2025-02-28,2025-03-10,0.0117650075646844,2025,2024-12-31,learned_order_offset,20260911,0.5277660121776485,0.5277660121776485,1,1
fixed_transform_add_only,3423,2025-03-07,2025-03-17,0.019023819058288,2025,2024-12-31,learned_order_offset,20260911,0.46953630716328854,0.46953630716328854,0,1
fixed_transform_add_only,3428,2025-03-14,2025-03-24,-0.0259983485216283,2025,2024-12-31,learned_order_offset,20260911,0.5655482902240324,0.5655482902240324,1,0
fixed_transform_add_only,3433,2025-03-21,2025-03-31,-0.0025867506275359,2025,2024-12-31,learned_order_offset,20260911,0.4056793971990091,0.4056793971990091,0,0
fixed_transform_add_only,3438,2025-03-28,2025-04-14,-0.0342910101946246,2025,2024-12-31,learned_order_offset,20260911,0.4779797038173516,0.4779797038173516,0,0
fixed_transform_add_only,3384,2025-01-03,2025-01-13,-0.0189486730632231,2025,2024-12-31,learned_market,20260912,0.42089025641362,0.42089025641362,0,0
fixed_transform_add_only,3389,2025-01-10,2025-01-20,0.0353251773547418,2025,2024-12-31,learned_market,20260912,0.6539720773420672,0.6539720773420672,1,1
fixed_transform_add_only,3394,2025-01-17,2025-01-27,0.000432821422053,2025,2024-12-31,learned_market,20260912,0.5597316894392553,0.5597316894392553,1,1
fixed_transform_add_only,3399,2025-01-24,2025-02-10,0.0159344898044284,2025,2024-12-31,learned_market,20260912,0.7143346906245566,0.7143346906245566,1,1
fixed_transform_add_only,3403,2025-02-07,2025-02-17,0.0144454990892999,2025,2024-12-31,learned_market,20260912,0.6628191037923492,0.6628191037923492,1,1
fixed_transform_add_only,3408,2025-02-14,2025-02-24,0.0045695818086644,2025,2024-12-31,learned_market,20260912,0.6357468977060057,0.6357468977060057,1,1
fixed_transform_add_only,3413,2025-02-21,2025-03-03,-0.0183210488158531,2025,2024-12-31,learned_market,20260912,0.3807729420629625,0.3807729420629625,0,0
fixed_transform_add_only,3418,2025-02-28,2025-03-10,0.0117650075646844,2025,2024-12-31,learned_market,20260912,0.5714127704615375,0.5714127704615375,1,1
fixed_transform_add_only,3423,2025-03-07,2025-03-17,0.019023819058288,2025,2024-12-31,learned_market,20260912,0.2731298059228326,0.2731298059228326,0,1
fixed_transform_add_only,3428,2025-03-14,2025-03-24,-0.0259983485216283,2025,2024-12-31,learned_market,20260912,0.696672234818679,0.696672234818679,1,0
fixed_transform_add_only,3433,2025-03-21,2025-03-31,-0.0025867506275359,2025,2024-12-31,learned_market,20260912,0.5676267142547179,0.5676267142547179,1,0
fixed_transform_add_only,3438,2025-03-28,2025-04-14,-0.0342910101946246,2025,2024-12-31,learned_market,20260912,0.560911448173473,0.560911448173473,1,0
fixed_transform_add_only,3384,2025-01-03,2025-01-13,-0.0189486730632231,2025,2024-12-31,learned_vol_interaction,20260912,0.4216991098514313,0.4216991098514313,0,0
fixed_transform_add_only,3389,2025-01-10,2025-01-20,0.0353251773547418,2025,2024-12-31,learned_vol_interaction,20260912,0.6572683815072808,0.6572683815072808,1,1
fixed_transform_add_only,3394,2025-01-17,2025-01-27,0.000432821422053,2025,2024-12-31,learned_vol_interaction,20260912,0.5624117839252505,0.5624117839252505,1,1
fixed_transform_add_only,3399,2025-01-24,2025-02-10,0.0159344898044284,2025,2024-12-31,learned_vol_interaction,20260912,0.7143566519320824,0.7143566519320824,1,1
fixed_transform_add_only,3403,2025-02-07,2025-02-17,0.0144454990892999,2025,2024-12-31,learned_vol_interaction,20260912,0.6656753647706254,0.6656753647706254,1,1
fixed_transform_add_only,3408,2025-02-14,2025-02-24,0.0045695818086644,2025,2024-12-31,learned_vol_interaction,20260912,0.6366748986711647,0.6366748986711647,1,1
fixed_transform_add_only,3413,2025-02-21,2025-03-03,-0.0183210488158531,2025,2024-12-31,learned_vol_interaction,20260912,0.3758479309011285,0.3758479309011285,0,0
fixed_transform_add_only,3418,2025-02-28,2025-03-10,0.0117650075646844,2025,2024-12-31,learned_vol_interaction,20260912,0.5709205167438731,0.5709205167438731,1,1
fixed_transform_add_only,3423,2025-03-07,2025-03-17,0.019023819058288,2025,2024-12-31,learned_vol_interaction,20260912,0.2697314685006311,0.2697314685006311,0,1
fixed_transform_add_only,3428,2025-03-14,2025-03-24,-0.0259983485216283,2025,2024-12-31,learned_vol_interaction,20260912,0.6971511109958376,0.6971511109958376,1,0
fixed_transform_add_only,3433,2025-03-21,2025-03-31,-0.0025867506275359,2025,2024-12-31,learned_vol_interaction,20260912,0.5692380331101397,0.5692380331101397,1,0
fixed_transform_add_only,3438,2025-03-28,2025-04-14,-0.0342910101946246,2025,2024-12-31,learned_vol_interaction,20260912,0.5653548865619433,0.5653548865619433,1,0
fixed_transform_add_only,3384,2025-01-03,2025-01-13,-0.0189486730632231,2025,2024-12-31,learned_order_extension,20260912,0.43188465804609494,0.43188465804609494,0,0
fixed_transform_add_only,3389,2025-01-10,2025-01-20,0.0353251773547418,2025,2024-12-31,learned_order_extension,20260912,0.7180313467789317,0.7180313467789317,1,1
fixed_transform_add_only,3394,2025-01-17,2025-01-27,0.000432821422053,2025,2024-12-31,learned_order_extension,20260912,0.6186516338053223,0.6186516338053223,1,1
fixed_transform_add_only,3399,2025-01-24,2025-02-10,0.0159344898044284,2025,2024-12-31,learned_order_extension,20260912,0.7832822932916682,0.7832822932916682,1,1
fixed_transform_add_only,3403,2025-02-07,2025-02-17,0.0144454990892999,2025,2024-12-31,learned_order_extension,20260912,0.7098765758367355,0.7098765758367355,1,1
fixed_transform_add_only,3408,2025-02-14,2025-02-24,0.0045695818086644,2025,2024-12-31,learned_order_extension,20260912,0.6855283540318028,0.6855283540318028,1,1
fixed_transform_add_only,3413,2025-02-21,2025-03-03,-0.0183210488158531,2025,2024-12-31,learned_order_extension,20260912,0.40938066472725215,0.40938066472725215,0,0
fixed_transform_add_only,3418,2025-02-28,2025-03-10,0.0117650075646844,2025,2024-12-31,learned_order_extension,20260912,0.6433684681685069,0.6433684681685069,1,1
fixed_transform_add_only,3423,2025-03-07,2025-03-17,0.019023819058288,2025,2024-12-31,learned_order_extension,20260912,0.25002023502263354,0.25002023502263354,0,1
fixed_transform_add_only,3428,2025-03-14,2025-03-24,-0.0259983485216283,2025,2024-12-31,learned_order_extension,20260912,0.7238176657049011,0.7238176657049011,1,0
fixed_transform_add_only,3433,2025-03-21,2025-03-31,-0.0025867506275359,2025,2024-12-31,learned_order_extension,20260912,0.5988742871040955,0.5988742871040955,1,0
fixed_transform_add_only,3438,2025-03-28,2025-04-14,-0.0342910101946246,2025,2024-12-31,learned_order_extension,20260912,0.6204095542696454,0.6204095542696454,1,0
fixed_transform_add_only,3384,2025-01-03,2025-01-13,-0.0189486730632231,2025,2024-12-31,learned_order_offset,20260912,0.4326309825835323,0.4326309825835323,0,0
fixed_transform_add_only,3389,2025-01-10,2025-01-20,0.0353251773547418,2025,2024-12-31,learned_order_offset,20260912,0.7155096866522207,0.7155096866522207,1,1
fixed_transform_add_only,3394,2025-01-17,2025-01-27,0.000432821422053,2025,2024-12-31,learned_order_offset,20260912,0.6172483281551261,0.6172483281551261,1,1
fixed_transform_add_only,3399,2025-01-24,2025-02-10,0.0159344898044284,2025,2024-12-31,learned_order_offset,20260912,0.7808632543831274,0.7808632543831274,1,1
fixed_transform_add_only,3403,2025-02-07,2025-02-17,0.0144454990892999,2025,2024-12-31,learned_order_offset,20260912,0.7081726942730068,0.7081726942730068,1,1
fixed_transform_add_only,3408,2025-02-14,2025-02-24,0.0045695818086644,2025,2024-12-31,learned_order_offset,20260912,0.6832841057647039,0.6832841057647039,1,1
fixed_transform_add_only,3413,2025-02-21,2025-03-03,-0.0183210488158531,2025,2024-12-31,learned_order_offset,20260912,0.4117646835265383,0.4117646835265383,0,0
fixed_transform_add_only,3418,2025-02-28,2025-03-10,0.0117650075646844,2025,2024-12-31,learned_order_offset,20260912,0.6412881777301309,0.6412881777301309,1,1
fixed_transform_add_only,3423,2025-03-07,2025-03-17,0.019023819058288,2025,2024-12-31,learned_order_offset,20260912,0.25180315037211576,0.25180315037211576,0,1
fixed_transform_add_only,3428,2025-03-14,2025-03-24,-0.0259983485216283,2025,2024-12-31,learned_order_offset,20260912,0.7172777696525664,0.7172777696525664,1,0
fixed_transform_add_only,3433,2025-03-21,2025-03-31,-0.0025867506275359,2025,2024-12-31,learned_order_offset,20260912,0.5938462138293957,0.5938462138293957,1,0
fixed_transform_add_only,3438,2025-03-28,2025-04-14,-0.0342910101946246,2025,2024-12-31,learned_order_offset,20260912,0.6157709090258536,0.6157709090258536,1,0
fixed_transform_add_only,3384,2025-01-03,2025-01-13,-0.0189486730632231,2025,2024-12-31,training_frequency,-1,0.472636815920398,0.472636815920398,0,0
fixed_transform_add_only,3389,2025-01-10,2025-01-20,0.0353251773547418,2025,2024-12-31,training_frequency,-1,0.472636815920398,0.472636815920398,0,1
fixed_transform_add_only,3394,2025-01-17,2025-01-27,0.000432821422053,2025,2024-12-31,training_frequency,-1,0.472636815920398,0.472636815920398,0,1
fixed_transform_add_only,3399,2025-01-24,2025-02-10,0.0159344898044284,2025,2024-12-31,training_frequency,-1,0.472636815920398,0.472636815920398,0,1
fixed_transform_add_only,3403,2025-02-07,2025-02-17,0.0144454990892999,2025,2024-12-31,training_frequency,-1,0.472636815920398,0.472636815920398,0,1
fixed_transform_add_only,3408,2025-02-14,2025-02-24,0.0045695818086644,2025,2024-12-31,training_frequency,-1,0.472636815920398,0.472636815920398,0,1
fixed_transform_add_only,3413,2025-02-21,2025-03-03,-0.0183210488158531,2025,2024-12-31,training_frequency,-1,0.472636815920398,0.472636815920398,0,0
fixed_transform_add_only,3418,2025-02-28,2025-03-10,0.0117650075646844,2025,2024-12-31,training_frequency,-1,0.472636815920398,0.472636815920398,0,1
fixed_transform_add_only,3423,2025-03-07,2025-03-17,0.019023819058288,2025,2024-12-31,training_frequency,-1,0.472636815920398,0.472636815920398,0,1
fixed_transform_add_only,3428,2025-03-14,2025-03-24,-0.0259983485216283,2025,2024-12-31,training_frequency,-1,0.472636815920398,0.472636815920398,0,0
fixed_transform_add_only,3433,2025-03-21,2025-03-31,-0.0025867506275359,2025,2024-12-31,training_frequency,-1,0.472636815920398,0.472636815920398,0,0
fixed_transform_add_only,3438,2025-03-28,2025-04-14,-0.0342910101946246,2025,2024-12-31,training_frequency,-1,0.472636815920398,0.472636815920398,0,0
fixed_transform_add_only,3447,2025-04-11,2025-04-21,-0.0010339232881941,2025,2025-03-31,learned_market,20260910,0.5051028998927333,0.5051028998927333,1,0
fixed_transform_add_only,3452,2025-04-18,2025-04-28,0.0048432383085554,2025,2025-03-31,learned_market,20260910,0.8002349087196827,0.8002349087196827,1,1
fixed_transform_add_only,3457,2025-04-25,2025-05-12,0.02116527880118,2025,2025-03-31,learned_market,20260910,0.4707652429638538,0.4707652429638538,0,1
fixed_transform_add_only,3464,2025-05-09,2025-05-19,0.0041484224873464,2025,2025-03-31,learned_market,20260910,0.3982501737508444,0.3982501737508444,0,1
fixed_transform_add_only,3469,2025-05-16,2025-05-26,-0.0017462660042188,2025,2025-03-31,learned_market,20260910,0.3357497485049163,0.3357497485049163,0,0
fixed_transform_add_only,3474,2025-05-23,2025-06-03,-0.0109216443615366,2025,2025-03-31,learned_market,20260910,0.44214253597990844,0.44214253597990844,0,0
fixed_transform_add_only,3479,2025-05-30,2025-06-09,0.011566574321892,2025,2025-03-31,learned_market,20260910,0.3700921515419714,0.3700921515419714,0,1
fixed_transform_add_only,3483,2025-06-06,2025-06-16,-0.0062354943524679,2025,2025-03-31,learned_market,20260910,0.42972718954226735,0.42972718954226735,0,0
fixed_transform_add_only,3488,2025-06-13,2025-06-23,-0.005825691168304,2025,2025-03-31,learned_market,20260910,0.4444527170788526,0.4444527170788526,0,0
fixed_transform_add_only,3493,2025-06-20,2025-06-30,0.0232670437490374,2025,2025-03-31,learned_market,20260910,0.428072192790904,0.428072192790904,0,1
fixed_transform_add_only,3498,2025-06-27,2025-07-07,0.0145345648685946,2025,2025-03-31,learned_market,20260910,0.36681251441411755,0.36681251441411755,0,1
fixed_transform_add_only,3447,2025-04-11,2025-04-21,-0.0010339232881941,2025,2025-03-31,learned_vol_interaction,20260910,0.5363279831024939,0.5363279831024939,1,0
fixed_transform_add_only,3452,2025-04-18,2025-04-28,0.0048432383085554,2025,2025-03-31,learned_vol_interaction,20260910,0.6531605591842246,0.6531605591842246,1,1
fixed_transform_add_only,3457,2025-04-25,2025-05-12,0.02116527880118,2025,2025-03-31,learned_vol_interaction,20260910,0.527276892409589,0.527276892409589,1,1
fixed_transform_add_only,3464,2025-05-09,2025-05-19,0.0041484224873464,2025,2025-03-31,learned_vol_interaction,20260910,0.3660321635106783,0.3660321635106783,0,1
fixed_transform_add_only,3469,2025-05-16,2025-05-26,-0.0017462660042188,2025,2025-03-31,learned_vol_interaction,20260910,0.30723369284746754,0.30723369284746754,0,0
fixed_transform_add_only,3474,2025-05-23,2025-06-03,-0.0109216443615366,2025,2025-03-31,learned_vol_interaction,20260910,0.44590660656305153,0.44590660656305153,0,0
fixed_transform_add_only,3479,2025-05-30,2025-06-09,0.011566574321892,2025,2025-03-31,learned_vol_interaction,20260910,0.36864440825684935,0.36864440825684935,0,1
fixed_transform_add_only,3483,2025-06-06,2025-06-16,-0.0062354943524679,2025,2025-03-31,learned_vol_interaction,20260910,0.42351305465094335,0.42351305465094335,0,0
fixed_transform_add_only,3488,2025-06-13,2025-06-23,-0.005825691168304,2025,2025-03-31,learned_vol_interaction,20260910,0.43450348062812927,0.43450348062812927,0,0
fixed_transform_add_only,3493,2025-06-20,2025-06-30,0.0232670437490374,2025,2025-03-31,learned_vol_interaction,20260910,0.4383394874654928,0.4383394874654928,0,1
fixed_transform_add_only,3498,2025-06-27,2025-07-07,0.0145345648685946,2025,2025-03-31,learned_vol_interaction,20260910,0.37787384365061516,0.37787384365061516,0,1
fixed_transform_add_only,3447,2025-04-11,2025-04-21,-0.0010339232881941,2025,2025-03-31,learned_order_extension,20260910,0.5395492934719972,0.5395492934719972,1,0
fixed_transform_add_only,3452,2025-04-18,2025-04-28,0.0048432383085554,2025,2025-03-31,learned_order_extension,20260910,0.7111864987784753,0.7111864987784753,1,1
fixed_transform_add_only,3457,2025-04-25,2025-05-12,0.02116527880118,2025,2025-03-31,learned_order_extension,20260910,0.5194094828736574,0.5194094828736574,1,1
fixed_transform_add_only,3464,2025-05-09,2025-05-19,0.0041484224873464,2025,2025-03-31,learned_order_extension,20260910,0.3548967173675353,0.3548967173675353,0,1
fixed_transform_add_only,3469,2025-05-16,2025-05-26,-0.0017462660042188,2025,2025-03-31,learned_order_extension,20260910,0.30632677808241165,0.30632677808241165,0,0
fixed_transform_add_only,3474,2025-05-23,2025-06-03,-0.0109216443615366,2025,2025-03-31,learned_order_extension,20260910,0.45160262959221886,0.45160262959221886,0,0
fixed_transform_add_only,3479,2025-05-30,2025-06-09,0.011566574321892,2025,2025-03-31,learned_order_extension,20260910,0.39214914026741665,0.39214914026741665,0,1
fixed_transform_add_only,3483,2025-06-06,2025-06-16,-0.0062354943524679,2025,2025-03-31,learned_order_extension,20260910,0.4377055549875373,0.4377055549875373,0,0
fixed_transform_add_only,3488,2025-06-13,2025-06-23,-0.005825691168304,2025,2025-03-31,learned_order_extension,20260910,0.44087753629918935,0.44087753629918935,0,0
fixed_transform_add_only,3493,2025-06-20,2025-06-30,0.0232670437490374,2025,2025-03-31,learned_order_extension,20260910,0.45023795803523486,0.45023795803523486,0,1
fixed_transform_add_only,3498,2025-06-27,2025-07-07,0.0145345648685946,2025,2025-03-31,learned_order_extension,20260910,0.39533080754971606,0.39533080754971606,0,1
fixed_transform_add_only,3447,2025-04-11,2025-04-21,-0.0010339232881941,2025,2025-03-31,learned_order_offset,20260910,0.5416815348994161,0.5416815348994161,1,0
fixed_transform_add_only,3452,2025-04-18,2025-04-28,0.0048432383085554,2025,2025-03-31,learned_order_offset,20260910,0.712467336218222,0.712467336218222,1,1
fixed_transform_add_only,3457,2025-04-25,2025-05-12,0.02116527880118,2025,2025-03-31,learned_order_offset,20260910,0.5198043149699196,0.5198043149699196,1,1
fixed_transform_add_only,3464,2025-05-09,2025-05-19,0.0041484224873464,2025,2025-03-31,learned_order_offset,20260910,0.35515704472994086,0.35515704472994086,0,1
fixed_transform_add_only,3469,2025-05-16,2025-05-26,-0.0017462660042188,2025,2025-03-31,learned_order_offset,20260910,0.30584945174178507,0.30584945174178507,0,0
fixed_transform_add_only,3474,2025-05-23,2025-06-03,-0.0109216443615366,2025,2025-03-31,learned_order_offset,20260910,0.45160083923962235,0.45160083923962235,0,0
fixed_transform_add_only,3479,2025-05-30,2025-06-09,0.011566574321892,2025,2025-03-31,learned_order_offset,20260910,0.3925790434998421,0.3925790434998421,0,1
fixed_transform_add_only,3483,2025-06-06,2025-06-16,-0.0062354943524679,2025,2025-03-31,learned_order_offset,20260910,0.4389248715859193,0.4389248715859193,0,0
fixed_transform_add_only,3488,2025-06-13,2025-06-23,-0.005825691168304,2025,2025-03-31,learned_order_offset,20260910,0.44409953385363327,0.44409953385363327,0,0
fixed_transform_add_only,3493,2025-06-20,2025-06-30,0.0232670437490374,2025,2025-03-31,learned_order_offset,20260910,0.45073350609494406,0.45073350609494406,0,1
fixed_transform_add_only,3498,2025-06-27,2025-07-07,0.0145345648685946,2025,2025-03-31,learned_order_offset,20260910,0.3976086821662816,0.3976086821662816,0,1
fixed_transform_add_only,3447,2025-04-11,2025-04-21,-0.0010339232881941,2025,2025-03-31,learned_market,20260911,0.5914145220541813,0.5914145220541813,1,0
fixed_transform_add_only,3452,2025-04-18,2025-04-28,0.0048432383085554,2025,2025-03-31,learned_market,20260911,0.575600532516262,0.575600532516262,1,1
fixed_transform_add_only,3457,2025-04-25,2025-05-12,0.02116527880118,2025,2025-03-31,learned_market,20260911,0.4596222963716811,0.4596222963716811,0,1
fixed_transform_add_only,3464,2025-05-09,2025-05-19,0.0041484224873464,2025,2025-03-31,learned_market,20260911,0.3562764992780698,0.3562764992780698,0,1
fixed_transform_add_only,3469,2025-05-16,2025-05-26,-0.0017462660042188,2025,2025-03-31,learned_market,20260911,0.1770139596965223,0.1770139596965223,0,0
fixed_transform_add_only,3474,2025-05-23,2025-06-03,-0.0109216443615366,2025,2025-03-31,learned_market,20260911,0.32220247133503294,0.32220247133503294,0,0
fixed_transform_add_only,3479,2025-05-30,2025-06-09,0.011566574321892,2025,2025-03-31,learned_market,20260911,0.27387989504452553,0.27387989504452553,0,1
fixed_transform_add_only,3483,2025-06-06,2025-06-16,-0.0062354943524679,2025,2025-03-31,learned_market,20260911,0.5286148807699268,0.5286148807699268,1,0
fixed_transform_add_only,3488,2025-06-13,2025-06-23,-0.005825691168304,2025,2025-03-31,learned_market,20260911,0.45001658435686775,0.45001658435686775,0,0
fixed_transform_add_only,3493,2025-06-20,2025-06-30,0.0232670437490374,2025,2025-03-31,learned_market,20260911,0.5143804791889747,0.5143804791889747,1,1
fixed_transform_add_only,3498,2025-06-27,2025-07-07,0.0145345648685946,2025,2025-03-31,learned_market,20260911,0.552488917031993,0.552488917031993,1,1
fixed_transform_add_only,3447,2025-04-11,2025-04-21,-0.0010339232881941,2025,2025-03-31,learned_vol_interaction,20260911,0.565788696492937,0.565788696492937,1,0
fixed_transform_add_only,3452,2025-04-18,2025-04-28,0.0048432383085554,2025,2025-03-31,learned_vol_interaction,20260911,0.5572285725175876,0.5572285725175876,1,1
fixed_transform_add_only,3457,2025-04-25,2025-05-12,0.02116527880118,2025,2025-03-31,learned_vol_interaction,20260911,0.45974534888299157,0.45974534888299157,0,1
fixed_transform_add_only,3464,2025-05-09,2025-05-19,0.0041484224873464,2025,2025-03-31,learned_vol_interaction,20260911,0.3574281657594427,0.3574281657594427,0,1
fixed_transform_add_only,3469,2025-05-16,2025-05-26,-0.0017462660042188,2025,2025-03-31,learned_vol_interaction,20260911,0.1598565016245739,0.1598565016245739,0,0
fixed_transform_add_only,3474,2025-05-23,2025-06-03,-0.0109216443615366,2025,2025-03-31,learned_vol_interaction,20260911,0.32301856947383384,0.32301856947383384,0,0
fixed_transform_add_only,3479,2025-05-30,2025-06-09,0.011566574321892,2025,2025-03-31,learned_vol_interaction,20260911,0.26293168914342535,0.26293168914342535,0,1
fixed_transform_add_only,3483,2025-06-06,2025-06-16,-0.0062354943524679,2025,2025-03-31,learned_vol_interaction,20260911,0.5475300910179631,0.5475300910179631,1,0
fixed_transform_add_only,3488,2025-06-13,2025-06-23,-0.005825691168304,2025,2025-03-31,learned_vol_interaction,20260911,0.46719291634045323,0.46719291634045323,0,0
fixed_transform_add_only,3493,2025-06-20,2025-06-30,0.0232670437490374,2025,2025-03-31,learned_vol_interaction,20260911,0.5382716655017997,0.5382716655017997,1,1
fixed_transform_add_only,3498,2025-06-27,2025-07-07,0.0145345648685946,2025,2025-03-31,learned_vol_interaction,20260911,0.570100922447198,0.570100922447198,1,1
fixed_transform_add_only,3447,2025-04-11,2025-04-21,-0.0010339232881941,2025,2025-03-31,learned_order_extension,20260911,0.5643897882893493,0.5643897882893493,1,0
fixed_transform_add_only,3452,2025-04-18,2025-04-28,0.0048432383085554,2025,2025-03-31,learned_order_extension,20260911,0.5582112035829185,0.5582112035829185,1,1
fixed_transform_add_only,3457,2025-04-25,2025-05-12,0.02116527880118,2025,2025-03-31,learned_order_extension,20260911,0.4612711307588815,0.4612711307588815,0,1
fixed_transform_add_only,3464,2025-05-09,2025-05-19,0.0041484224873464,2025,2025-03-31,learned_order_extension,20260911,0.3570700039599588,0.3570700039599588,0,1
fixed_transform_add_only,3469,2025-05-16,2025-05-26,-0.0017462660042188,2025,2025-03-31,learned_order_extension,20260911,0.16094038084823623,0.16094038084823623,0,0
fixed_transform_add_only,3474,2025-05-23,2025-06-03,-0.0109216443615366,2025,2025-03-31,learned_order_extension,20260911,0.3204693452181662,0.3204693452181662,0,0
fixed_transform_add_only,3479,2025-05-30,2025-06-09,0.011566574321892,2025,2025-03-31,learned_order_extension,20260911,0.2608500972884244,0.2608500972884244,0,1
fixed_transform_add_only,3483,2025-06-06,2025-06-16,-0.0062354943524679,2025,2025-03-31,learned_order_extension,20260911,0.5479492294223363,0.5479492294223363,1,0
fixed_transform_add_only,3488,2025-06-13,2025-06-23,-0.005825691168304,2025,2025-03-31,learned_order_extension,20260911,0.464776560173409,0.464776560173409,0,0
fixed_transform_add_only,3493,2025-06-20,2025-06-30,0.0232670437490374,2025,2025-03-31,learned_order_extension,20260911,0.5369084296098674,0.5369084296098674,1,1
fixed_transform_add_only,3498,2025-06-27,2025-07-07,0.0145345648685946,2025,2025-03-31,learned_order_extension,20260911,0.5708151918707199,0.5708151918707199,1,1
fixed_transform_add_only,3447,2025-04-11,2025-04-21,-0.0010339232881941,2025,2025-03-31,learned_order_offset,20260911,0.5641716137562209,0.5641716137562209,1,0
fixed_transform_add_only,3452,2025-04-18,2025-04-28,0.0048432383085554,2025,2025-03-31,learned_order_offset,20260911,0.5582318387912765,0.5582318387912765,1,1
fixed_transform_add_only,3457,2025-04-25,2025-05-12,0.02116527880118,2025,2025-03-31,learned_order_offset,20260911,0.4613398467525104,0.4613398467525104,0,1
fixed_transform_add_only,3464,2025-05-09,2025-05-19,0.0041484224873464,2025,2025-03-31,learned_order_offset,20260911,0.35690026608509545,0.35690026608509545,0,1
fixed_transform_add_only,3469,2025-05-16,2025-05-26,-0.0017462660042188,2025,2025-03-31,learned_order_offset,20260911,0.16108043942594735,0.16108043942594735,0,0
fixed_transform_add_only,3474,2025-05-23,2025-06-03,-0.0109216443615366,2025,2025-03-31,learned_order_offset,20260911,0.32048063349010003,0.32048063349010003,0,0
fixed_transform_add_only,3479,2025-05-30,2025-06-09,0.011566574321892,2025,2025-03-31,learned_order_offset,20260911,0.26087222762007456,0.26087222762007456,0,1
fixed_transform_add_only,3483,2025-06-06,2025-06-16,-0.0062354943524679,2025,2025-03-31,learned_order_offset,20260911,0.5478575098390218,0.5478575098390218,1,0
fixed_transform_add_only,3488,2025-06-13,2025-06-23,-0.005825691168304,2025,2025-03-31,learned_order_offset,20260911,0.46454167105009275,0.46454167105009275,0,0
fixed_transform_add_only,3493,2025-06-20,2025-06-30,0.0232670437490374,2025,2025-03-31,learned_order_offset,20260911,0.5368934921421312,0.5368934921421312,1,1
fixed_transform_add_only,3498,2025-06-27,2025-07-07,0.0145345648685946,2025,2025-03-31,learned_order_offset,20260911,0.5705637965446964,0.5705637965446964,1,1
fixed_transform_add_only,3447,2025-04-11,2025-04-21,-0.0010339232881941,2025,2025-03-31,learned_market,20260912,0.5101178579480531,0.5101178579480531,1,0
fixed_transform_add_only,3452,2025-04-18,2025-04-28,0.0048432383085554,2025,2025-03-31,learned_market,20260912,0.6572465135007147,0.6572465135007147,1,1
fixed_transform_add_only,3457,2025-04-25,2025-05-12,0.02116527880118,2025,2025-03-31,learned_market,20260912,0.4754423607989553,0.4754423607989553,0,1
fixed_transform_add_only,3464,2025-05-09,2025-05-19,0.0041484224873464,2025,2025-03-31,learned_market,20260912,0.22731613072203266,0.22731613072203266,0,1
fixed_transform_add_only,3469,2025-05-16,2025-05-26,-0.0017462660042188,2025,2025-03-31,learned_market,20260912,0.30579862138513325,0.30579862138513325,0,0
fixed_transform_add_only,3474,2025-05-23,2025-06-03,-0.0109216443615366,2025,2025-03-31,learned_market,20260912,0.19006039456027693,0.19006039456027693,0,0
fixed_transform_add_only,3479,2025-05-30,2025-06-09,0.011566574321892,2025,2025-03-31,learned_market,20260912,0.15754332413458905,0.15754332413458905,0,1
fixed_transform_add_only,3483,2025-06-06,2025-06-16,-0.0062354943524679,2025,2025-03-31,learned_market,20260912,0.39024217206744705,0.39024217206744705,0,0
fixed_transform_add_only,3488,2025-06-13,2025-06-23,-0.005825691168304,2025,2025-03-31,learned_market,20260912,0.2934836855459601,0.2934836855459601,0,0
fixed_transform_add_only,3493,2025-06-20,2025-06-30,0.0232670437490374,2025,2025-03-31,learned_market,20260912,0.42365405388568517,0.42365405388568517,0,1
fixed_transform_add_only,3498,2025-06-27,2025-07-07,0.0145345648685946,2025,2025-03-31,learned_market,20260912,0.5433052722909886,0.5433052722909886,1,1
fixed_transform_add_only,3447,2025-04-11,2025-04-21,-0.0010339232881941,2025,2025-03-31,learned_vol_interaction,20260912,0.5073118158438931,0.5073118158438931,1,0
fixed_transform_add_only,3452,2025-04-18,2025-04-28,0.0048432383085554,2025,2025-03-31,learned_vol_interaction,20260912,0.6490141755667876,0.6490141755667876,1,1
fixed_transform_add_only,3457,2025-04-25,2025-05-12,0.02116527880118,2025,2025-03-31,learned_vol_interaction,20260912,0.47692221527488154,0.47692221527488154,0,1
fixed_transform_add_only,3464,2025-05-09,2025-05-19,0.0041484224873464,2025,2025-03-31,learned_vol_interaction,20260912,0.22258565630836888,0.22258565630836888,0,1
fixed_transform_add_only,3469,2025-05-16,2025-05-26,-0.0017462660042188,2025,2025-03-31,learned_vol_interaction,20260912,0.3028845946054207,0.3028845946054207,0,0
fixed_transform_add_only,3474,2025-05-23,2025-06-03,-0.0109216443615366,2025,2025-03-31,learned_vol_interaction,20260912,0.1862478997398582,0.1862478997398582,0,0
fixed_transform_add_only,3479,2025-05-30,2025-06-09,0.011566574321892,2025,2025-03-31,learned_vol_interaction,20260912,0.15334510084348074,0.15334510084348074,0,1
fixed_transform_add_only,3483,2025-06-06,2025-06-16,-0.0062354943524679,2025,2025-03-31,learned_vol_interaction,20260912,0.3900736558236674,0.3900736558236674,0,0
fixed_transform_add_only,3488,2025-06-13,2025-06-23,-0.005825691168304,2025,2025-03-31,learned_vol_interaction,20260912,0.2901697209002183,0.2901697209002183,0,0
fixed_transform_add_only,3493,2025-06-20,2025-06-30,0.0232670437490374,2025,2025-03-31,learned_vol_interaction,20260912,0.42383199533401955,0.42383199533401955,0,1
fixed_transform_add_only,3498,2025-06-27,2025-07-07,0.0145345648685946,2025,2025-03-31,learned_vol_interaction,20260912,0.5440125259882991,0.5440125259882991,1,1
fixed_transform_add_only,3447,2025-04-11,2025-04-21,-0.0010339232881941,2025,2025-03-31,learned_order_extension,20260912,0.5053815325512864,0.5053815325512864,1,0
fixed_transform_add_only,3452,2025-04-18,2025-04-28,0.0048432383085554,2025,2025-03-31,learned_order_extension,20260912,0.6743430490623348,0.6743430490623348,1,1
fixed_transform_add_only,3457,2025-04-25,2025-05-12,0.02116527880118,2025,2025-03-31,learned_order_extension,20260912,0.4664869515000636,0.4664869515000636,0,1
fixed_transform_add_only,3464,2025-05-09,2025-05-19,0.0041484224873464,2025,2025-03-31,learned_order_extension,20260912,0.22063122663680912,0.22063122663680912,0,1
fixed_transform_add_only,3469,2025-05-16,2025-05-26,-0.0017462660042188,2025,2025-03-31,learned_order_extension,20260912,0.3195382313122969,0.3195382313122969,0,0
fixed_transform_add_only,3474,2025-05-23,2025-06-03,-0.0109216443615366,2025,2025-03-31,learned_order_extension,20260912,0.2145149918919237,0.2145149918919237,0,0
fixed_transform_add_only,3479,2025-05-30,2025-06-09,0.011566574321892,2025,2025-03-31,learned_order_extension,20260912,0.2017453636225177,0.2017453636225177,0,1
fixed_transform_add_only,3483,2025-06-06,2025-06-16,-0.0062354943524679,2025,2025-03-31,learned_order_extension,20260912,0.416273868295087,0.416273868295087,0,0
fixed_transform_add_only,3488,2025-06-13,2025-06-23,-0.005825691168304,2025,2025-03-31,learned_order_extension,20260912,0.3020398727852982,0.3020398727852982,0,0
fixed_transform_add_only,3493,2025-06-20,2025-06-30,0.0232670437490374,2025,2025-03-31,learned_order_extension,20260912,0.4417244625111559,0.4417244625111559,0,1
fixed_transform_add_only,3498,2025-06-27,2025-07-07,0.0145345648685946,2025,2025-03-31,learned_order_extension,20260912,0.5279672200455281,0.5279672200455281,1,1
fixed_transform_add_only,3447,2025-04-11,2025-04-21,-0.0010339232881941,2025,2025-03-31,learned_order_offset,20260912,0.5016793296877534,0.5016793296877534,1,0
fixed_transform_add_only,3452,2025-04-18,2025-04-28,0.0048432383085554,2025,2025-03-31,learned_order_offset,20260912,0.6726918140765578,0.6726918140765578,1,1
fixed_transform_add_only,3457,2025-04-25,2025-05-12,0.02116527880118,2025,2025-03-31,learned_order_offset,20260912,0.46890826241695144,0.46890826241695144,0,1
fixed_transform_add_only,3464,2025-05-09,2025-05-19,0.0041484224873464,2025,2025-03-31,learned_order_offset,20260912,0.22268259711556143,0.22268259711556143,0,1
fixed_transform_add_only,3469,2025-05-16,2025-05-26,-0.0017462660042188,2025,2025-03-31,learned_order_offset,20260912,0.3224236954636438,0.3224236954636438,0,0
fixed_transform_add_only,3474,2025-05-23,2025-06-03,-0.0109216443615366,2025,2025-03-31,learned_order_offset,20260912,0.21772090923321033,0.21772090923321033,0,0
fixed_transform_add_only,3479,2025-05-30,2025-06-09,0.011566574321892,2025,2025-03-31,learned_order_offset,20260912,0.20510166031989416,0.20510166031989416,0,1
fixed_transform_add_only,3483,2025-06-06,2025-06-16,-0.0062354943524679,2025,2025-03-31,learned_order_offset,20260912,0.4239300484583571,0.4239300484583571,0,0
fixed_transform_add_only,3488,2025-06-13,2025-06-23,-0.005825691168304,2025,2025-03-31,learned_order_offset,20260912,0.30536446377093707,0.30536446377093707,0,0
fixed_transform_add_only,3493,2025-06-20,2025-06-30,0.0232670437490374,2025,2025-03-31,learned_order_offset,20260912,0.44526401554019623,0.44526401554019623,0,1
fixed_transform_add_only,3498,2025-06-27,2025-07-07,0.0145345648685946,2025,2025-03-31,learned_order_offset,20260912,0.5336431281156905,0.5336431281156905,1,1
fixed_transform_add_only,3447,2025-04-11,2025-04-21,-0.0010339232881941,2025,2025-03-31,training_frequency,-1,0.47743467933491684,0.47743467933491684,0,0
fixed_transform_add_only,3452,2025-04-18,2025-04-28,0.0048432383085554,2025,2025-03-31,training_frequency,-1,0.47743467933491684,0.47743467933491684,0,1
fixed_transform_add_only,3457,2025-04-25,2025-05-12,0.02116527880118,2025,2025-03-31,training_frequency,-1,0.47743467933491684,0.47743467933491684,0,1
fixed_transform_add_only,3464,2025-05-09,2025-05-19,0.0041484224873464,2025,2025-03-31,training_frequency,-1,0.47743467933491684,0.47743467933491684,0,1
fixed_transform_add_only,3469,2025-05-16,2025-05-26,-0.0017462660042188,2025,2025-03-31,training_frequency,-1,0.47743467933491684,0.47743467933491684,0,0
fixed_transform_add_only,3474,2025-05-23,2025-06-03,-0.0109216443615366,2025,2025-03-31,training_frequency,-1,0.47743467933491684,0.47743467933491684,0,0
fixed_transform_add_only,3479,2025-05-30,2025-06-09,0.011566574321892,2025,2025-03-31,training_frequency,-1,0.47743467933491684,0.47743467933491684,0,1
fixed_transform_add_only,3483,2025-06-06,2025-06-16,-0.0062354943524679,2025,2025-03-31,training_frequency,-1,0.47743467933491684,0.47743467933491684,0,0
fixed_transform_add_only,3488,2025-06-13,2025-06-23,-0.005825691168304,2025,2025-03-31,training_frequency,-1,0.47743467933491684,0.47743467933491684,0,0
fixed_transform_add_only,3493,2025-06-20,2025-06-30,0.0232670437490374,2025,2025-03-31,training_frequency,-1,0.47743467933491684,0.47743467933491684,0,1
fixed_transform_add_only,3498,2025-06-27,2025-07-07,0.0145345648685946,2025,2025-03-31,training_frequency,-1,0.47743467933491684,0.47743467933491684,0,1
fixed_transform_add_only,3503,2025-07-04,2025-07-14,0.0110426949002964,2025,2025-06-30,learned_market,20260910,0.5742106617918418,0.5742106617918418,1,1
fixed_transform_add_only,3508,2025-07-11,2025-07-21,0.0120759671840067,2025,2025-06-30,learned_market,20260910,0.6512286645793317,0.6512286645793317,1,1
fixed_transform_add_only,3513,2025-07-18,2025-07-28,0.0143570766898375,2025,2025-06-30,learned_market,20260910,0.408166181849716,0.408166181849716,0,1
fixed_transform_add_only,3518,2025-07-25,2025-08-04,-0.0218642507630443,2025,2025-06-30,learned_market,20260910,0.4175530776657539,0.4175530776657539,0,0
fixed_transform_add_only,3523,2025-08-01,2025-08-11,0.0179175520190988,2025,2025-06-30,learned_market,20260910,0.4632417642539703,0.4632417642539703,0,1
fixed_transform_add_only,3528,2025-08-08,2025-08-18,0.026265786598999,2025,2025-06-30,learned_market,20260910,0.3421206962413131,0.3421206962413131,0,1
fixed_transform_add_only,3533,2025-08-15,2025-08-25,0.0469483790671487,2025,2025-06-30,learned_market,20260910,0.4364928861161011,0.4364928861161011,0,1
fixed_transform_add_only,3538,2025-08-22,2025-09-01,0.0227770368340847,2025,2025-06-30,learned_market,20260910,0.3994473126485715,0.3994473126485715,0,1
fixed_transform_add_only,3543,2025-08-29,2025-09-08,-0.0110053842475337,2025,2025-06-30,learned_market,20260910,0.4293287557387315,0.4293287557387315,0,0
fixed_transform_add_only,3548,2025-09-05,2025-09-15,0.0151594857594405,2025,2025-06-30,learned_market,20260910,0.43135906223599974,0.43135906223599974,0,1
fixed_transform_add_only,3553,2025-09-12,2025-09-22,-0.0050409160971932,2025,2025-06-30,learned_market,20260910,0.4757717509089878,0.4757717509089878,0,0
fixed_transform_add_only,3558,2025-09-19,2025-09-29,0.0095300784790881,2025,2025-06-30,learned_market,20260910,0.47192940904541164,0.47192940904541164,0,1
fixed_transform_add_only,3563,2025-09-26,2025-10-13,-0.0140855274279203,2025,2025-06-30,learned_market,20260910,0.4768735979671985,0.4768735979671985,0,0
fixed_transform_add_only,3503,2025-07-04,2025-07-14,0.0110426949002964,2025,2025-06-30,learned_vol_interaction,20260910,0.6534916650131399,0.6534916650131399,1,1
fixed_transform_add_only,3508,2025-07-11,2025-07-21,0.0120759671840067,2025,2025-06-30,learned_vol_interaction,20260910,0.7413763515761371,0.7413763515761371,1,1
fixed_transform_add_only,3513,2025-07-18,2025-07-28,0.0143570766898375,2025,2025-06-30,learned_vol_interaction,20260910,0.403585909798763,0.403585909798763,0,1
fixed_transform_add_only,3518,2025-07-25,2025-08-04,-0.0218642507630443,2025,2025-06-30,learned_vol_interaction,20260910,0.39979479618471425,0.39979479618471425,0,0
fixed_transform_add_only,3523,2025-08-01,2025-08-11,0.0179175520190988,2025,2025-06-30,learned_vol_interaction,20260910,0.4629971216661475,0.4629971216661475,0,1
fixed_transform_add_only,3528,2025-08-08,2025-08-18,0.026265786598999,2025,2025-06-30,learned_vol_interaction,20260910,0.2822389858186553,0.2822389858186553,0,1
fixed_transform_add_only,3533,2025-08-15,2025-08-25,0.0469483790671487,2025,2025-06-30,learned_vol_interaction,20260910,0.3968530231516278,0.3968530231516278,0,1
fixed_transform_add_only,3538,2025-08-22,2025-09-01,0.0227770368340847,2025,2025-06-30,learned_vol_interaction,20260910,0.3700656939501473,0.3700656939501473,0,1
fixed_transform_add_only,3543,2025-08-29,2025-09-08,-0.0110053842475337,2025,2025-06-30,learned_vol_interaction,20260910,0.4082300700059558,0.4082300700059558,0,0
fixed_transform_add_only,3548,2025-09-05,2025-09-15,0.0151594857594405,2025,2025-06-30,learned_vol_interaction,20260910,0.42901834450866655,0.42901834450866655,0,1
fixed_transform_add_only,3553,2025-09-12,2025-09-22,-0.0050409160971932,2025,2025-06-30,learned_vol_interaction,20260910,0.4752624838083756,0.4752624838083756,0,0
fixed_transform_add_only,3558,2025-09-19,2025-09-29,0.0095300784790881,2025,2025-06-30,learned_vol_interaction,20260910,0.4689622148240613,0.4689622148240613,0,1
fixed_transform_add_only,3563,2025-09-26,2025-10-13,-0.0140855274279203,2025,2025-06-30,learned_vol_interaction,20260910,0.45915471516759343,0.45915471516759343,0,0
fixed_transform_add_only,3503,2025-07-04,2025-07-14,0.0110426949002964,2025,2025-06-30,learned_order_extension,20260910,0.577004513977723,0.577004513977723,1,1
fixed_transform_add_only,3508,2025-07-11,2025-07-21,0.0120759671840067,2025,2025-06-30,learned_order_extension,20260910,0.7636102583951464,0.7636102583951464,1,1
fixed_transform_add_only,3513,2025-07-18,2025-07-28,0.0143570766898375,2025,2025-06-30,learned_order_extension,20260910,0.3957335739869752,0.3957335739869752,0,1
fixed_transform_add_only,3518,2025-07-25,2025-08-04,-0.0218642507630443,2025,2025-06-30,learned_order_extension,20260910,0.37842471264807687,0.37842471264807687,0,0
fixed_transform_add_only,3523,2025-08-01,2025-08-11,0.0179175520190988,2025,2025-06-30,learned_order_extension,20260910,0.44708457149403624,0.44708457149403624,0,1
fixed_transform_add_only,3528,2025-08-08,2025-08-18,0.026265786598999,2025,2025-06-30,learned_order_extension,20260910,0.2980346099865288,0.2980346099865288,0,1
fixed_transform_add_only,3533,2025-08-15,2025-08-25,0.0469483790671487,2025,2025-06-30,learned_order_extension,20260910,0.378311848598057,0.378311848598057,0,1
fixed_transform_add_only,3538,2025-08-22,2025-09-01,0.0227770368340847,2025,2025-06-30,learned_order_extension,20260910,0.3457220275056859,0.3457220275056859,0,1
fixed_transform_add_only,3543,2025-08-29,2025-09-08,-0.0110053842475337,2025,2025-06-30,learned_order_extension,20260910,0.4025841561920223,0.4025841561920223,0,0
fixed_transform_add_only,3548,2025-09-05,2025-09-15,0.0151594857594405,2025,2025-06-30,learned_order_extension,20260910,0.4364153709489934,0.4364153709489934,0,1
fixed_transform_add_only,3553,2025-09-12,2025-09-22,-0.0050409160971932,2025,2025-06-30,learned_order_extension,20260910,0.4891264378523982,0.4891264378523982,0,0
fixed_transform_add_only,3558,2025-09-19,2025-09-29,0.0095300784790881,2025,2025-06-30,learned_order_extension,20260910,0.4600883013572715,0.4600883013572715,0,1
fixed_transform_add_only,3563,2025-09-26,2025-10-13,-0.0140855274279203,2025,2025-06-30,learned_order_extension,20260910,0.44398474673392196,0.44398474673392196,0,0
fixed_transform_add_only,3503,2025-07-04,2025-07-14,0.0110426949002964,2025,2025-06-30,learned_order_offset,20260910,0.5821721093306433,0.5821721093306433,1,1
fixed_transform_add_only,3508,2025-07-11,2025-07-21,0.0120759671840067,2025,2025-06-30,learned_order_offset,20260910,0.766523215924167,0.766523215924167,1,1
fixed_transform_add_only,3513,2025-07-18,2025-07-28,0.0143570766898375,2025,2025-06-30,learned_order_offset,20260910,0.39421790103314913,0.39421790103314913,0,1
fixed_transform_add_only,3518,2025-07-25,2025-08-04,-0.0218642507630443,2025,2025-06-30,learned_order_offset,20260910,0.3847578644508339,0.3847578644508339,0,0
fixed_transform_add_only,3523,2025-08-01,2025-08-11,0.0179175520190988,2025,2025-06-30,learned_order_offset,20260910,0.4496076399306435,0.4496076399306435,0,1
fixed_transform_add_only,3528,2025-08-08,2025-08-18,0.026265786598999,2025,2025-06-30,learned_order_offset,20260910,0.30161537879310474,0.30161537879310474,0,1
fixed_transform_add_only,3533,2025-08-15,2025-08-25,0.0469483790671487,2025,2025-06-30,learned_order_offset,20260910,0.3803502153681512,0.3803502153681512,0,1
fixed_transform_add_only,3538,2025-08-22,2025-09-01,0.0227770368340847,2025,2025-06-30,learned_order_offset,20260910,0.3464183677171925,0.3464183677171925,0,1
fixed_transform_add_only,3543,2025-08-29,2025-09-08,-0.0110053842475337,2025,2025-06-30,learned_order_offset,20260910,0.4012085737424329,0.4012085737424329,0,0
fixed_transform_add_only,3548,2025-09-05,2025-09-15,0.0151594857594405,2025,2025-06-30,learned_order_offset,20260910,0.4339181653001842,0.4339181653001842,0,1
fixed_transform_add_only,3553,2025-09-12,2025-09-22,-0.0050409160971932,2025,2025-06-30,learned_order_offset,20260910,0.4888057541011673,0.4888057541011673,0,0
fixed_transform_add_only,3558,2025-09-19,2025-09-29,0.0095300784790881,2025,2025-06-30,learned_order_offset,20260910,0.460827489618963,0.460827489618963,0,1
fixed_transform_add_only,3563,2025-09-26,2025-10-13,-0.0140855274279203,2025,2025-06-30,learned_order_offset,20260910,0.44434760681414315,0.44434760681414315,0,0
fixed_transform_add_only,3503,2025-07-04,2025-07-14,0.0110426949002964,2025,2025-06-30,learned_market,20260911,0.6542924983804848,0.6542924983804848,1,1
fixed_transform_add_only,3508,2025-07-11,2025-07-21,0.0120759671840067,2025,2025-06-30,learned_market,20260911,0.41437973521494975,0.41437973521494975,0,1
fixed_transform_add_only,3513,2025-07-18,2025-07-28,0.0143570766898375,2025,2025-06-30,learned_market,20260911,0.4286418900324069,0.4286418900324069,0,1
fixed_transform_add_only,3518,2025-07-25,2025-08-04,-0.0218642507630443,2025,2025-06-30,learned_market,20260911,0.32756714430851624,0.32756714430851624,0,0
fixed_transform_add_only,3523,2025-08-01,2025-08-11,0.0179175520190988,2025,2025-06-30,learned_market,20260911,0.32890040290704453,0.32890040290704453,0,1
fixed_transform_add_only,3528,2025-08-08,2025-08-18,0.026265786598999,2025,2025-06-30,learned_market,20260911,0.24718251310526632,0.24718251310526632,0,1
fixed_transform_add_only,3533,2025-08-15,2025-08-25,0.0469483790671487,2025,2025-06-30,learned_market,20260911,0.41332296052634165,0.41332296052634165,0,1
fixed_transform_add_only,3538,2025-08-22,2025-09-01,0.0227770368340847,2025,2025-06-30,learned_market,20260911,0.2895530032940114,0.2895530032940114,0,1
fixed_transform_add_only,3543,2025-08-29,2025-09-08,-0.0110053842475337,2025,2025-06-30,learned_market,20260911,0.4116377073598304,0.4116377073598304,0,0
fixed_transform_add_only,3548,2025-09-05,2025-09-15,0.0151594857594405,2025,2025-06-30,learned_market,20260911,0.3731322533892468,0.3731322533892468,0,1
fixed_transform_add_only,3553,2025-09-12,2025-09-22,-0.0050409160971932,2025,2025-06-30,learned_market,20260911,0.5053391244664809,0.5053391244664809,1,0
fixed_transform_add_only,3558,2025-09-19,2025-09-29,0.0095300784790881,2025,2025-06-30,learned_market,20260911,0.3837239175150468,0.3837239175150468,0,1
fixed_transform_add_only,3563,2025-09-26,2025-10-13,-0.0140855274279203,2025,2025-06-30,learned_market,20260911,0.401556267595615,0.401556267595615,0,0
fixed_transform_add_only,3503,2025-07-04,2025-07-14,0.0110426949002964,2025,2025-06-30,learned_vol_interaction,20260911,0.6695705420830371,0.6695705420830371,1,1
fixed_transform_add_only,3508,2025-07-11,2025-07-21,0.0120759671840067,2025,2025-06-30,learned_vol_interaction,20260911,0.41753266225967584,0.41753266225967584,0,1
fixed_transform_add_only,3513,2025-07-18,2025-07-28,0.0143570766898375,2025,2025-06-30,learned_vol_interaction,20260911,0.432005777494924,0.432005777494924,0,1
fixed_transform_add_only,3518,2025-07-25,2025-08-04,-0.0218642507630443,2025,2025-06-30,learned_vol_interaction,20260911,0.3223228663466546,0.3223228663466546,0,0
fixed_transform_add_only,3523,2025-08-01,2025-08-11,0.0179175520190988,2025,2025-06-30,learned_vol_interaction,20260911,0.32339045805073097,0.32339045805073097,0,1
fixed_transform_add_only,3528,2025-08-08,2025-08-18,0.026265786598999,2025,2025-06-30,learned_vol_interaction,20260911,0.23839509873559678,0.23839509873559678,0,1
fixed_transform_add_only,3533,2025-08-15,2025-08-25,0.0469483790671487,2025,2025-06-30,learned_vol_interaction,20260911,0.4109010368110178,0.4109010368110178,0,1
fixed_transform_add_only,3538,2025-08-22,2025-09-01,0.0227770368340847,2025,2025-06-30,learned_vol_interaction,20260911,0.2779808041737914,0.2779808041737914,0,1
fixed_transform_add_only,3543,2025-08-29,2025-09-08,-0.0110053842475337,2025,2025-06-30,learned_vol_interaction,20260911,0.4003214672582895,0.4003214672582895,0,0
fixed_transform_add_only,3548,2025-09-05,2025-09-15,0.0151594857594405,2025,2025-06-30,learned_vol_interaction,20260911,0.3663962330492604,0.3663962330492604,0,1
fixed_transform_add_only,3553,2025-09-12,2025-09-22,-0.0050409160971932,2025,2025-06-30,learned_vol_interaction,20260911,0.49560603833566974,0.49560603833566974,0,0
fixed_transform_add_only,3558,2025-09-19,2025-09-29,0.0095300784790881,2025,2025-06-30,learned_vol_interaction,20260911,0.3811338075594579,0.3811338075594579,0,1
fixed_transform_add_only,3563,2025-09-26,2025-10-13,-0.0140855274279203,2025,2025-06-30,learned_vol_interaction,20260911,0.3948206863117447,0.3948206863117447,0,0
fixed_transform_add_only,3503,2025-07-04,2025-07-14,0.0110426949002964,2025,2025-06-30,learned_order_extension,20260911,0.6724005738722936,0.6724005738722936,1,1
fixed_transform_add_only,3508,2025-07-11,2025-07-21,0.0120759671840067,2025,2025-06-30,learned_order_extension,20260911,0.4177422482351041,0.4177422482351041,0,1
fixed_transform_add_only,3513,2025-07-18,2025-07-28,0.0143570766898375,2025,2025-06-30,learned_order_extension,20260911,0.43214633631198507,0.43214633631198507,0,1
fixed_transform_add_only,3518,2025-07-25,2025-08-04,-0.0218642507630443,2025,2025-06-30,learned_order_extension,20260911,0.3229986874066013,0.3229986874066013,0,0
fixed_transform_add_only,3523,2025-08-01,2025-08-11,0.0179175520190988,2025,2025-06-30,learned_order_extension,20260911,0.3231338070648346,0.3231338070648346,0,1
fixed_transform_add_only,3528,2025-08-08,2025-08-18,0.026265786598999,2025,2025-06-30,learned_order_extension,20260911,0.23655482680498519,0.23655482680498519,0,1
fixed_transform_add_only,3533,2025-08-15,2025-08-25,0.0469483790671487,2025,2025-06-30,learned_order_extension,20260911,0.41083663206233534,0.41083663206233534,0,1
fixed_transform_add_only,3538,2025-08-22,2025-09-01,0.0227770368340847,2025,2025-06-30,learned_order_extension,20260911,0.2800229288245047,0.2800229288245047,0,1
fixed_transform_add_only,3543,2025-08-29,2025-09-08,-0.0110053842475337,2025,2025-06-30,learned_order_extension,20260911,0.40026738777528004,0.40026738777528004,0,0
fixed_transform_add_only,3548,2025-09-05,2025-09-15,0.0151594857594405,2025,2025-06-30,learned_order_extension,20260911,0.3655473710363576,0.3655473710363576,0,1
fixed_transform_add_only,3553,2025-09-12,2025-09-22,-0.0050409160971932,2025,2025-06-30,learned_order_extension,20260911,0.49659683009272865,0.49659683009272865,0,0
fixed_transform_add_only,3558,2025-09-19,2025-09-29,0.0095300784790881,2025,2025-06-30,learned_order_extension,20260911,0.3830319133845481,0.3830319133845481,0,1
fixed_transform_add_only,3563,2025-09-26,2025-10-13,-0.0140855274279203,2025,2025-06-30,learned_order_extension,20260911,0.39616373261282695,0.39616373261282695,0,0
fixed_transform_add_only,3503,2025-07-04,2025-07-14,0.0110426949002964,2025,2025-06-30,learned_order_offset,20260911,0.6719701625184908,0.6719701625184908,1,1
fixed_transform_add_only,3508,2025-07-11,2025-07-21,0.0120759671840067,2025,2025-06-30,learned_order_offset,20260911,0.41767870840638865,0.41767870840638865,0,1
fixed_transform_add_only,3513,2025-07-18,2025-07-28,0.0143570766898375,2025,2025-06-30,learned_order_offset,20260911,0.43209259750413426,0.43209259750413426,0,1
fixed_transform_add_only,3518,2025-07-25,2025-08-04,-0.0218642507630443,2025,2025-06-30,learned_order_offset,20260911,0.32285601763455707,0.32285601763455707,0,0
fixed_transform_add_only,3523,2025-08-01,2025-08-11,0.0179175520190988,2025,2025-06-30,learned_order_offset,20260911,0.323135323189616,0.323135323189616,0,1
fixed_transform_add_only,3528,2025-08-08,2025-08-18,0.026265786598999,2025,2025-06-30,learned_order_offset,20260911,0.23683102533088252,0.23683102533088252,0,1
fixed_transform_add_only,3533,2025-08-15,2025-08-25,0.0469483790671487,2025,2025-06-30,learned_order_offset,20260911,0.4109071028482085,0.4109071028482085,0,1
fixed_transform_add_only,3538,2025-08-22,2025-09-01,0.0227770368340847,2025,2025-06-30,learned_order_offset,20260911,0.2800173207969671,0.2800173207969671,0,1
fixed_transform_add_only,3543,2025-08-29,2025-09-08,-0.0110053842475337,2025,2025-06-30,learned_order_offset,20260911,0.4003437777539072,0.4003437777539072,0,0
fixed_transform_add_only,3548,2025-09-05,2025-09-15,0.0151594857594405,2025,2025-06-30,learned_order_offset,20260911,0.365656436135701,0.365656436135701,0,1
fixed_transform_add_only,3553,2025-09-12,2025-09-22,-0.0050409160971932,2025,2025-06-30,learned_order_offset,20260911,0.4965901284954432,0.4965901284954432,0,0
fixed_transform_add_only,3558,2025-09-19,2025-09-29,0.0095300784790881,2025,2025-06-30,learned_order_offset,20260911,0.3832051612883531,0.3832051612883531,0,1
fixed_transform_add_only,3563,2025-09-26,2025-10-13,-0.0140855274279203,2025,2025-06-30,learned_order_offset,20260911,0.3962947309191541,0.3962947309191541,0,0
fixed_transform_add_only,3503,2025-07-04,2025-07-14,0.0110426949002964,2025,2025-06-30,learned_market,20260912,0.45441258160622944,0.45441258160622944,0,1
fixed_transform_add_only,3508,2025-07-11,2025-07-21,0.0120759671840067,2025,2025-06-30,learned_market,20260912,0.5248465364032072,0.5248465364032072,1,1
fixed_transform_add_only,3513,2025-07-18,2025-07-28,0.0143570766898375,2025,2025-06-30,learned_market,20260912,0.6482892899409625,0.6482892899409625,1,1
fixed_transform_add_only,3518,2025-07-25,2025-08-04,-0.0218642507630443,2025,2025-06-30,learned_market,20260912,0.4783090249757696,0.4783090249757696,0,0
fixed_transform_add_only,3523,2025-08-01,2025-08-11,0.0179175520190988,2025,2025-06-30,learned_market,20260912,0.5241744380988563,0.5241744380988563,1,1
fixed_transform_add_only,3528,2025-08-08,2025-08-18,0.026265786598999,2025,2025-06-30,learned_market,20260912,0.26817728543014024,0.26817728543014024,0,1
fixed_transform_add_only,3533,2025-08-15,2025-08-25,0.0469483790671487,2025,2025-06-30,learned_market,20260912,0.42514819689586997,0.42514819689586997,0,1
fixed_transform_add_only,3538,2025-08-22,2025-09-01,0.0227770368340847,2025,2025-06-30,learned_market,20260912,0.3517661991313276,0.3517661991313276,0,1
fixed_transform_add_only,3543,2025-08-29,2025-09-08,-0.0110053842475337,2025,2025-06-30,learned_market,20260912,0.6238852547802204,0.6238852547802204,1,0
fixed_transform_add_only,3548,2025-09-05,2025-09-15,0.0151594857594405,2025,2025-06-30,learned_market,20260912,0.40758144775758254,0.40758144775758254,0,1
fixed_transform_add_only,3553,2025-09-12,2025-09-22,-0.0050409160971932,2025,2025-06-30,learned_market,20260912,0.5929082914939626,0.5929082914939626,1,0
fixed_transform_add_only,3558,2025-09-19,2025-09-29,0.0095300784790881,2025,2025-06-30,learned_market,20260912,0.36151183184211994,0.36151183184211994,0,1
fixed_transform_add_only,3563,2025-09-26,2025-10-13,-0.0140855274279203,2025,2025-06-30,learned_market,20260912,0.5074346092469346,0.5074346092469346,1,0
fixed_transform_add_only,3503,2025-07-04,2025-07-14,0.0110426949002964,2025,2025-06-30,learned_vol_interaction,20260912,0.4544164741603392,0.4544164741603392,0,1
fixed_transform_add_only,3508,2025-07-11,2025-07-21,0.0120759671840067,2025,2025-06-30,learned_vol_interaction,20260912,0.5246563855273796,0.5246563855273796,1,1
fixed_transform_add_only,3513,2025-07-18,2025-07-28,0.0143570766898375,2025,2025-06-30,learned_vol_interaction,20260912,0.647941779315545,0.647941779315545,1,1
fixed_transform_add_only,3518,2025-07-25,2025-08-04,-0.0218642507630443,2025,2025-06-30,learned_vol_interaction,20260912,0.47814643396314344,0.47814643396314344,0,0
fixed_transform_add_only,3523,2025-08-01,2025-08-11,0.0179175520190988,2025,2025-06-30,learned_vol_interaction,20260912,0.5239843397482841,0.5239843397482841,1,1
fixed_transform_add_only,3528,2025-08-08,2025-08-18,0.026265786598999,2025,2025-06-30,learned_vol_interaction,20260912,0.26840289677069157,0.26840289677069157,0,1
fixed_transform_add_only,3533,2025-08-15,2025-08-25,0.0469483790671487,2025,2025-06-30,learned_vol_interaction,20260912,0.42512987775995503,0.42512987775995503,0,1
fixed_transform_add_only,3538,2025-08-22,2025-09-01,0.0227770368340847,2025,2025-06-30,learned_vol_interaction,20260912,0.35187749122412043,0.35187749122412043,0,1
fixed_transform_add_only,3543,2025-08-29,2025-09-08,-0.0110053842475337,2025,2025-06-30,learned_vol_interaction,20260912,0.6237705941323848,0.6237705941323848,1,0
fixed_transform_add_only,3548,2025-09-05,2025-09-15,0.0151594857594405,2025,2025-06-30,learned_vol_interaction,20260912,0.40766966507814884,0.40766966507814884,0,1
fixed_transform_add_only,3553,2025-09-12,2025-09-22,-0.0050409160971932,2025,2025-06-30,learned_vol_interaction,20260912,0.5930555346788808,0.5930555346788808,1,0
fixed_transform_add_only,3558,2025-09-19,2025-09-29,0.0095300784790881,2025,2025-06-30,learned_vol_interaction,20260912,0.3615242118753191,0.3615242118753191,0,1
fixed_transform_add_only,3563,2025-09-26,2025-10-13,-0.0140855274279203,2025,2025-06-30,learned_vol_interaction,20260912,0.5074658191978408,0.5074658191978408,1,0
fixed_transform_add_only,3503,2025-07-04,2025-07-14,0.0110426949002964,2025,2025-06-30,learned_order_extension,20260912,0.45431821895986607,0.45431821895986607,0,1
fixed_transform_add_only,3508,2025-07-11,2025-07-21,0.0120759671840067,2025,2025-06-30,learned_order_extension,20260912,0.527636600704929,0.527636600704929,1,1
fixed_transform_add_only,3513,2025-07-18,2025-07-28,0.0143570766898375,2025,2025-06-30,learned_order_extension,20260912,0.6523802231627858,0.6523802231627858,1,1
fixed_transform_add_only,3518,2025-07-25,2025-08-04,-0.0218642507630443,2025,2025-06-30,learned_order_extension,20260912,0.4318560699182025,0.4318560699182025,0,0
fixed_transform_add_only,3523,2025-08-01,2025-08-11,0.0179175520190988,2025,2025-06-30,learned_order_extension,20260912,0.4693679530543959,0.4693679530543959,0,1
fixed_transform_add_only,3528,2025-08-08,2025-08-18,0.026265786598999,2025,2025-06-30,learned_order_extension,20260912,0.2756033312365239,0.2756033312365239,0,1
fixed_transform_add_only,3533,2025-08-15,2025-08-25,0.0469483790671487,2025,2025-06-30,learned_order_extension,20260912,0.42376781313376644,0.42376781313376644,0,1
fixed_transform_add_only,3538,2025-08-22,2025-09-01,0.0227770368340847,2025,2025-06-30,learned_order_extension,20260912,0.3321136719297117,0.3321136719297117,0,1
fixed_transform_add_only,3543,2025-08-29,2025-09-08,-0.0110053842475337,2025,2025-06-30,learned_order_extension,20260912,0.6349456458797472,0.6349456458797472,1,0
fixed_transform_add_only,3548,2025-09-05,2025-09-15,0.0151594857594405,2025,2025-06-30,learned_order_extension,20260912,0.410756682030054,0.410756682030054,0,1
fixed_transform_add_only,3553,2025-09-12,2025-09-22,-0.0050409160971932,2025,2025-06-30,learned_order_extension,20260912,0.5734924179205686,0.5734924179205686,1,0
fixed_transform_add_only,3558,2025-09-19,2025-09-29,0.0095300784790881,2025,2025-06-30,learned_order_extension,20260912,0.3387610656745013,0.3387610656745013,0,1
fixed_transform_add_only,3563,2025-09-26,2025-10-13,-0.0140855274279203,2025,2025-06-30,learned_order_extension,20260912,0.5016332259168718,0.5016332259168718,1,0
fixed_transform_add_only,3503,2025-07-04,2025-07-14,0.0110426949002964,2025,2025-06-30,learned_order_offset,20260912,0.4574984584362294,0.4574984584362294,0,1
fixed_transform_add_only,3508,2025-07-11,2025-07-21,0.0120759671840067,2025,2025-06-30,learned_order_offset,20260912,0.5301718356874874,0.5301718356874874,1,1
fixed_transform_add_only,3513,2025-07-18,2025-07-28,0.0143570766898375,2025,2025-06-30,learned_order_offset,20260912,0.650720719619583,0.650720719619583,1,1
fixed_transform_add_only,3518,2025-07-25,2025-08-04,-0.0218642507630443,2025,2025-06-30,learned_order_offset,20260912,0.42883397971824094,0.42883397971824094,0,0
fixed_transform_add_only,3523,2025-08-01,2025-08-11,0.0179175520190988,2025,2025-06-30,learned_order_offset,20260912,0.47013934262457097,0.47013934262457097,0,1
fixed_transform_add_only,3528,2025-08-08,2025-08-18,0.026265786598999,2025,2025-06-30,learned_order_offset,20260912,0.274227929535403,0.274227929535403,0,1
fixed_transform_add_only,3533,2025-08-15,2025-08-25,0.0469483790671487,2025,2025-06-30,learned_order_offset,20260912,0.4223091066394586,0.4223091066394586,0,1
fixed_transform_add_only,3538,2025-08-22,2025-09-01,0.0227770368340847,2025,2025-06-30,learned_order_offset,20260912,0.3335143563924745,0.3335143563924745,0,1
fixed_transform_add_only,3543,2025-08-29,2025-09-08,-0.0110053842475337,2025,2025-06-30,learned_order_offset,20260912,0.6323902785527845,0.6323902785527845,1,0
fixed_transform_add_only,3548,2025-09-05,2025-09-15,0.0151594857594405,2025,2025-06-30,learned_order_offset,20260912,0.40993732086898205,0.40993732086898205,0,1
fixed_transform_add_only,3553,2025-09-12,2025-09-22,-0.0050409160971932,2025,2025-06-30,learned_order_offset,20260912,0.5760567402105264,0.5760567402105264,1,0
fixed_transform_add_only,3558,2025-09-19,2025-09-29,0.0095300784790881,2025,2025-06-30,learned_order_offset,20260912,0.3400861194495929,0.3400861194495929,0,1
fixed_transform_add_only,3563,2025-09-26,2025-10-13,-0.0140855274279203,2025,2025-06-30,learned_order_offset,20260912,0.5062869244628307,0.5062869244628307,1,0
fixed_transform_add_only,3503,2025-07-04,2025-07-14,0.0110426949002964,2025,2025-06-30,training_frequency,-1,0.48223733938019653,0.48223733938019653,0,1
fixed_transform_add_only,3508,2025-07-11,2025-07-21,0.0120759671840067,2025,2025-06-30,training_frequency,-1,0.48223733938019653,0.48223733938019653,0,1
fixed_transform_add_only,3513,2025-07-18,2025-07-28,0.0143570766898375,2025,2025-06-30,training_frequency,-1,0.48223733938019653,0.48223733938019653,0,1
fixed_transform_add_only,3518,2025-07-25,2025-08-04,-0.0218642507630443,2025,2025-06-30,training_frequency,-1,0.48223733938019653,0.48223733938019653,0,0
fixed_transform_add_only,3523,2025-08-01,2025-08-11,0.0179175520190988,2025,2025-06-30,training_frequency,-1,0.48223733938019653,0.48223733938019653,0,1
fixed_transform_add_only,3528,2025-08-08,2025-08-18,0.026265786598999,2025,2025-06-30,training_frequency,-1,0.48223733938019653,0.48223733938019653,0,1
fixed_transform_add_only,3533,2025-08-15,2025-08-25,0.0469483790671487,2025,2025-06-30,training_frequency,-1,0.48223733938019653,0.48223733938019653,0,1
fixed_transform_add_only,3538,2025-08-22,2025-09-01,0.0227770368340847,2025,2025-06-30,training_frequency,-1,0.48223733938019653,0.48223733938019653,0,1
fixed_transform_add_only,3543,2025-08-29,2025-09-08,-0.0110053842475337,2025,2025-06-30,training_frequency,-1,0.48223733938019653,0.48223733938019653,0,0
fixed_transform_add_only,3548,2025-09-05,2025-09-15,0.0151594857594405,2025,2025-06-30,training_frequency,-1,0.48223733938019653,0.48223733938019653,0,1
fixed_transform_add_only,3553,2025-09-12,2025-09-22,-0.0050409160971932,2025,2025-06-30,training_frequency,-1,0.48223733938019653,0.48223733938019653,0,0
fixed_transform_add_only,3558,2025-09-19,2025-09-29,0.0095300784790881,2025,2025-06-30,training_frequency,-1,0.48223733938019653,0.48223733938019653,0,1
fixed_transform_add_only,3563,2025-09-26,2025-10-13,-0.0140855274279203,2025,2025-06-30,training_frequency,-1,0.48223733938019653,0.48223733938019653,0,0
fixed_transform_add_only,3567,2025-10-10,2025-10-20,0.015001547584321,2025,2025-09-30,learned_market,20260910,0.5007322526248251,0.5007322526248251,1,1
fixed_transform_add_only,3572,2025-10-17,2025-10-27,0.0309637052897611,2025,2025-09-30,learned_market,20260910,0.4755711988498916,0.4755711988498916,0,1
fixed_transform_add_only,3577,2025-10-24,2025-11-03,-0.013331545863497,2025,2025-09-30,learned_market,20260910,0.496966755404987,0.496966755404987,0,0
fixed_transform_add_only,3582,2025-10-31,2025-11-10,0.0110832418536339,2025,2025-09-30,learned_market,20260910,0.5138540376398986,0.5138540376398986,1,1
fixed_transform_add_only,3587,2025-11-07,2025-11-17,-0.0152107881197579,2025,2025-09-30,learned_market,20260910,0.5109848744647424,0.5109848744647424,1,0
fixed_transform_add_only,3592,2025-11-14,2025-11-24,-0.031114557454173,2025,2025-09-30,learned_market,20260910,0.4820416356179862,0.4820416356179862,0,0
fixed_transform_add_only,3597,2025-11-21,2025-12-01,0.0147613767448515,2025,2025-09-30,learned_market,20260910,0.4346448316838067,0.4346448316838067,0,1
fixed_transform_add_only,3602,2025-11-28,2025-12-08,0.0118853804313106,2025,2025-09-30,learned_market,20260910,0.4333180130900775,0.4333180130900775,0,1
fixed_transform_add_only,3607,2025-12-05,2025-12-15,-0.0093922675990717,2025,2025-09-30,learned_market,20260910,0.442147270471036,0.442147270471036,0,0
fixed_transform_add_only,3612,2025-12-12,2025-12-22,0.0082791208791208,2025,2025-09-30,learned_market,20260910,0.4407321809031952,0.4407321809031952,0,1
fixed_transform_add_only,3617,2025-12-19,2025-12-29,0.0153890755001995,2025,2025-09-30,learned_market,20260910,0.626704092888546,0.626704092888546,1,1
fixed_transform_add_only,3622,2025-12-26,2026-01-12,0.0239101640737868,2025,2025-09-30,learned_market,20260910,0.3782588861546805,0.3782588861546805,0,1
fixed_transform_add_only,3567,2025-10-10,2025-10-20,0.015001547584321,2025,2025-09-30,learned_vol_interaction,20260910,0.4998035351962548,0.4998035351962548,0,1
fixed_transform_add_only,3572,2025-10-17,2025-10-27,0.0309637052897611,2025,2025-09-30,learned_vol_interaction,20260910,0.4699685166849966,0.4699685166849966,0,1
fixed_transform_add_only,3577,2025-10-24,2025-11-03,-0.013331545863497,2025,2025-09-30,learned_vol_interaction,20260910,0.4963608458539821,0.4963608458539821,0,0
fixed_transform_add_only,3582,2025-10-31,2025-11-10,0.0110832418536339,2025,2025-09-30,learned_vol_interaction,20260910,0.5246323212778042,0.5246323212778042,1,1
fixed_transform_add_only,3587,2025-11-07,2025-11-17,-0.0152107881197579,2025,2025-09-30,learned_vol_interaction,20260910,0.5057756598550328,0.5057756598550328,1,0
fixed_transform_add_only,3592,2025-11-14,2025-11-24,-0.031114557454173,2025,2025-09-30,learned_vol_interaction,20260910,0.48399762107298516,0.48399762107298516,0,0
fixed_transform_add_only,3597,2025-11-21,2025-12-01,0.0147613767448515,2025,2025-09-30,learned_vol_interaction,20260910,0.44242571712535034,0.44242571712535034,0,1
fixed_transform_add_only,3602,2025-11-28,2025-12-08,0.0118853804313106,2025,2025-09-30,learned_vol_interaction,20260910,0.42118739270878985,0.42118739270878985,0,1
fixed_transform_add_only,3607,2025-12-05,2025-12-15,-0.0093922675990717,2025,2025-09-30,learned_vol_interaction,20260910,0.44662619304138845,0.44662619304138845,0,0
fixed_transform_add_only,3612,2025-12-12,2025-12-22,0.0082791208791208,2025,2025-09-30,learned_vol_interaction,20260910,0.44303972680396686,0.44303972680396686,0,1
fixed_transform_add_only,3617,2025-12-19,2025-12-29,0.0153890755001995,2025,2025-09-30,learned_vol_interaction,20260910,0.6434790809591568,0.6434790809591568,1,1
fixed_transform_add_only,3622,2025-12-26,2026-01-12,0.0239101640737868,2025,2025-09-30,learned_vol_interaction,20260910,0.3630907113462233,0.3630907113462233,0,1
fixed_transform_add_only,3567,2025-10-10,2025-10-20,0.015001547584321,2025,2025-09-30,learned_order_extension,20260910,0.49373671081300474,0.49373671081300474,0,1
fixed_transform_add_only,3572,2025-10-17,2025-10-27,0.0309637052897611,2025,2025-09-30,learned_order_extension,20260910,0.46657223796156894,0.46657223796156894,0,1
fixed_transform_add_only,3577,2025-10-24,2025-11-03,-0.013331545863497,2025,2025-09-30,learned_order_extension,20260910,0.4862827287670597,0.4862827287670597,0,0
fixed_transform_add_only,3582,2025-10-31,2025-11-10,0.0110832418536339,2025,2025-09-30,learned_order_extension,20260910,0.5073688271729473,0.5073688271729473,1,1
fixed_transform_add_only,3587,2025-11-07,2025-11-17,-0.0152107881197579,2025,2025-09-30,learned_order_extension,20260910,0.4766872257089995,0.4766872257089995,0,0
fixed_transform_add_only,3592,2025-11-14,2025-11-24,-0.031114557454173,2025,2025-09-30,learned_order_extension,20260910,0.4535640418396294,0.4535640418396294,0,0
fixed_transform_add_only,3597,2025-11-21,2025-12-01,0.0147613767448515,2025,2025-09-30,learned_order_extension,20260910,0.41894780107703966,0.41894780107703966,0,1
fixed_transform_add_only,3602,2025-11-28,2025-12-08,0.0118853804313106,2025,2025-09-30,learned_order_extension,20260910,0.3793325010718108,0.3793325010718108,0,1
fixed_transform_add_only,3607,2025-12-05,2025-12-15,-0.0093922675990717,2025,2025-09-30,learned_order_extension,20260910,0.4136278852846744,0.4136278852846744,0,0
fixed_transform_add_only,3612,2025-12-12,2025-12-22,0.0082791208791208,2025,2025-09-30,learned_order_extension,20260910,0.4373520150888097,0.4373520150888097,0,1
fixed_transform_add_only,3617,2025-12-19,2025-12-29,0.0153890755001995,2025,2025-09-30,learned_order_extension,20260910,0.6858563971689811,0.6858563971689811,1,1
fixed_transform_add_only,3622,2025-12-26,2026-01-12,0.0239101640737868,2025,2025-09-30,learned_order_extension,20260910,0.35870220955746307,0.35870220955746307,0,1
fixed_transform_add_only,3567,2025-10-10,2025-10-20,0.015001547584321,2025,2025-09-30,learned_order_offset,20260910,0.4927222383657578,0.4927222383657578,0,1
fixed_transform_add_only,3572,2025-10-17,2025-10-27,0.0309637052897611,2025,2025-09-30,learned_order_offset,20260910,0.4642951261025252,0.4642951261025252,0,1
fixed_transform_add_only,3577,2025-10-24,2025-11-03,-0.013331545863497,2025,2025-09-30,learned_order_offset,20260910,0.48647048303890483,0.48647048303890483,0,0
fixed_transform_add_only,3582,2025-10-31,2025-11-10,0.0110832418536339,2025,2025-09-30,learned_order_offset,20260910,0.5062250239661079,0.5062250239661079,1,1
fixed_transform_add_only,3587,2025-11-07,2025-11-17,-0.0152107881197579,2025,2025-09-30,learned_order_offset,20260910,0.47766688803377977,0.47766688803377977,0,0
fixed_transform_add_only,3592,2025-11-14,2025-11-24,-0.031114557454173,2025,2025-09-30,learned_order_offset,20260910,0.4552102486818217,0.4552102486818217,0,0
fixed_transform_add_only,3597,2025-11-21,2025-12-01,0.0147613767448515,2025,2025-09-30,learned_order_offset,20260910,0.41924055194673926,0.41924055194673926,0,1
fixed_transform_add_only,3602,2025-11-28,2025-12-08,0.0118853804313106,2025,2025-09-30,learned_order_offset,20260910,0.38073334517306767,0.38073334517306767,0,1
fixed_transform_add_only,3607,2025-12-05,2025-12-15,-0.0093922675990717,2025,2025-09-30,learned_order_offset,20260910,0.4137781198984765,0.4137781198984765,0,0
fixed_transform_add_only,3612,2025-12-12,2025-12-22,0.0082791208791208,2025,2025-09-30,learned_order_offset,20260910,0.4374807403050212,0.4374807403050212,0,1
fixed_transform_add_only,3617,2025-12-19,2025-12-29,0.0153890755001995,2025,2025-09-30,learned_order_offset,20260910,0.6896401798992589,0.6896401798992589,1,1
fixed_transform_add_only,3622,2025-12-26,2026-01-12,0.0239101640737868,2025,2025-09-30,learned_order_offset,20260910,0.360212596418194,0.360212596418194,0,1
fixed_transform_add_only,3567,2025-10-10,2025-10-20,0.015001547584321,2025,2025-09-30,learned_market,20260911,0.4399305327019544,0.4399305327019544,0,1
fixed_transform_add_only,3572,2025-10-17,2025-10-27,0.0309637052897611,2025,2025-09-30,learned_market,20260911,0.43327846077345344,0.43327846077345344,0,1
fixed_transform_add_only,3577,2025-10-24,2025-11-03,-0.013331545863497,2025,2025-09-30,learned_market,20260911,0.5043435473634268,0.5043435473634268,1,0
fixed_transform_add_only,3582,2025-10-31,2025-11-10,0.0110832418536339,2025,2025-09-30,learned_market,20260911,0.49434826307292656,0.49434826307292656,0,1
fixed_transform_add_only,3587,2025-11-07,2025-11-17,-0.0152107881197579,2025,2025-09-30,learned_market,20260911,0.4705219382260758,0.4705219382260758,0,0
fixed_transform_add_only,3592,2025-11-14,2025-11-24,-0.031114557454173,2025,2025-09-30,learned_market,20260911,0.4109677461626769,0.4109677461626769,0,0
fixed_transform_add_only,3597,2025-11-21,2025-12-01,0.0147613767448515,2025,2025-09-30,learned_market,20260911,0.4240721902297973,0.4240721902297973,0,1
fixed_transform_add_only,3602,2025-11-28,2025-12-08,0.0118853804313106,2025,2025-09-30,learned_market,20260911,0.4385282415103711,0.4385282415103711,0,1
fixed_transform_add_only,3607,2025-12-05,2025-12-15,-0.0093922675990717,2025,2025-09-30,learned_market,20260911,0.4647831406115989,0.4647831406115989,0,0
fixed_transform_add_only,3612,2025-12-12,2025-12-22,0.0082791208791208,2025,2025-09-30,learned_market,20260911,0.4701281075520253,0.4701281075520253,0,1
fixed_transform_add_only,3617,2025-12-19,2025-12-29,0.0153890755001995,2025,2025-09-30,learned_market,20260911,0.5310717527277584,0.5310717527277584,1,1
fixed_transform_add_only,3622,2025-12-26,2026-01-12,0.0239101640737868,2025,2025-09-30,learned_market,20260911,0.5479726897320392,0.5479726897320392,1,1
fixed_transform_add_only,3567,2025-10-10,2025-10-20,0.015001547584321,2025,2025-09-30,learned_vol_interaction,20260911,0.4387879363926864,0.4387879363926864,0,1
fixed_transform_add_only,3572,2025-10-17,2025-10-27,0.0309637052897611,2025,2025-09-30,learned_vol_interaction,20260911,0.43199630864490907,0.43199630864490907,0,1
fixed_transform_add_only,3577,2025-10-24,2025-11-03,-0.013331545863497,2025,2025-09-30,learned_vol_interaction,20260911,0.5021369636059522,0.5021369636059522,1,0
fixed_transform_add_only,3582,2025-10-31,2025-11-10,0.0110832418536339,2025,2025-09-30,learned_vol_interaction,20260911,0.4929939492307287,0.4929939492307287,0,1
fixed_transform_add_only,3587,2025-11-07,2025-11-17,-0.0152107881197579,2025,2025-09-30,learned_vol_interaction,20260911,0.4683821760769471,0.4683821760769471,0,0
fixed_transform_add_only,3592,2025-11-14,2025-11-24,-0.031114557454173,2025,2025-09-30,learned_vol_interaction,20260911,0.4103932015128788,0.4103932015128788,0,0
fixed_transform_add_only,3597,2025-11-21,2025-12-01,0.0147613767448515,2025,2025-09-30,learned_vol_interaction,20260911,0.4230878033334594,0.4230878033334594,0,1
fixed_transform_add_only,3602,2025-11-28,2025-12-08,0.0118853804313106,2025,2025-09-30,learned_vol_interaction,20260911,0.438363402945116,0.438363402945116,0,1
fixed_transform_add_only,3607,2025-12-05,2025-12-15,-0.0093922675990717,2025,2025-09-30,learned_vol_interaction,20260911,0.4647684557748202,0.4647684557748202,0,0
fixed_transform_add_only,3612,2025-12-12,2025-12-22,0.0082791208791208,2025,2025-09-30,learned_vol_interaction,20260911,0.4708555629794913,0.4708555629794913,0,1
fixed_transform_add_only,3617,2025-12-19,2025-12-29,0.0153890755001995,2025,2025-09-30,learned_vol_interaction,20260911,0.5359110874882634,0.5359110874882634,1,1
fixed_transform_add_only,3622,2025-12-26,2026-01-12,0.0239101640737868,2025,2025-09-30,learned_vol_interaction,20260911,0.5511499570516354,0.5511499570516354,1,1
fixed_transform_add_only,3567,2025-10-10,2025-10-20,0.015001547584321,2025,2025-09-30,learned_order_extension,20260911,0.4418409722828343,0.4418409722828343,0,1
fixed_transform_add_only,3572,2025-10-17,2025-10-27,0.0309637052897611,2025,2025-09-30,learned_order_extension,20260911,0.4332664389279458,0.4332664389279458,0,1
fixed_transform_add_only,3577,2025-10-24,2025-11-03,-0.013331545863497,2025,2025-09-30,learned_order_extension,20260911,0.5048709116883644,0.5048709116883644,1,0
fixed_transform_add_only,3582,2025-10-31,2025-11-10,0.0110832418536339,2025,2025-09-30,learned_order_extension,20260911,0.4961465733715086,0.4961465733715086,0,1
fixed_transform_add_only,3587,2025-11-07,2025-11-17,-0.0152107881197579,2025,2025-09-30,learned_order_extension,20260911,0.4723611868247264,0.4723611868247264,0,0
fixed_transform_add_only,3592,2025-11-14,2025-11-24,-0.031114557454173,2025,2025-09-30,learned_order_extension,20260911,0.41641310380855795,0.41641310380855795,0,0
fixed_transform_add_only,3597,2025-11-21,2025-12-01,0.0147613767448515,2025,2025-09-30,learned_order_extension,20260911,0.4232662142848717,0.4232662142848717,0,1
fixed_transform_add_only,3602,2025-11-28,2025-12-08,0.0118853804313106,2025,2025-09-30,learned_order_extension,20260911,0.4367047868889583,0.4367047868889583,0,1
fixed_transform_add_only,3607,2025-12-05,2025-12-15,-0.0093922675990717,2025,2025-09-30,learned_order_extension,20260911,0.46196566143499407,0.46196566143499407,0,0
fixed_transform_add_only,3612,2025-12-12,2025-12-22,0.0082791208791208,2025,2025-09-30,learned_order_extension,20260911,0.4667299794836636,0.4667299794836636,0,1
fixed_transform_add_only,3617,2025-12-19,2025-12-29,0.0153890755001995,2025,2025-09-30,learned_order_extension,20260911,0.5296397501180347,0.5296397501180347,1,1
fixed_transform_add_only,3622,2025-12-26,2026-01-12,0.0239101640737868,2025,2025-09-30,learned_order_extension,20260911,0.5497239580204728,0.5497239580204728,1,1
fixed_transform_add_only,3567,2025-10-10,2025-10-20,0.015001547584321,2025,2025-09-30,learned_order_offset,20260911,0.44223109037703884,0.44223109037703884,0,1
fixed_transform_add_only,3572,2025-10-17,2025-10-27,0.0309637052897611,2025,2025-09-30,learned_order_offset,20260911,0.4334836806582753,0.4334836806582753,0,1
fixed_transform_add_only,3577,2025-10-24,2025-11-03,-0.013331545863497,2025,2025-09-30,learned_order_offset,20260911,0.5049161340571919,0.5049161340571919,1,0
fixed_transform_add_only,3582,2025-10-31,2025-11-10,0.0110832418536339,2025,2025-09-30,learned_order_offset,20260911,0.49614517788062223,0.49614517788062223,0,1
fixed_transform_add_only,3587,2025-11-07,2025-11-17,-0.0152107881197579,2025,2025-09-30,learned_order_offset,20260911,0.47236161911852437,0.47236161911852437,0,0
fixed_transform_add_only,3592,2025-11-14,2025-11-24,-0.031114557454173,2025,2025-09-30,learned_order_offset,20260911,0.4164546527990196,0.4164546527990196,0,0
fixed_transform_add_only,3597,2025-11-21,2025-12-01,0.0147613767448515,2025,2025-09-30,learned_order_offset,20260911,0.4229292479926609,0.4229292479926609,0,1
fixed_transform_add_only,3602,2025-11-28,2025-12-08,0.0118853804313106,2025,2025-09-30,learned_order_offset,20260911,0.4361838173516161,0.4361838173516161,0,1
fixed_transform_add_only,3607,2025-12-05,2025-12-15,-0.0093922675990717,2025,2025-09-30,learned_order_offset,20260911,0.461529286234191,0.461529286234191,0,0
fixed_transform_add_only,3612,2025-12-12,2025-12-22,0.0082791208791208,2025,2025-09-30,learned_order_offset,20260911,0.4660852249568263,0.4660852249568263,0,1
fixed_transform_add_only,3617,2025-12-19,2025-12-29,0.0153890755001995,2025,2025-09-30,learned_order_offset,20260911,0.5290958213418424,0.5290958213418424,1,1
fixed_transform_add_only,3622,2025-12-26,2026-01-12,0.0239101640737868,2025,2025-09-30,learned_order_offset,20260911,0.5488427977993906,0.5488427977993906,1,1
fixed_transform_add_only,3567,2025-10-10,2025-10-20,0.015001547584321,2025,2025-09-30,learned_market,20260912,0.454556780339732,0.454556780339732,0,1
fixed_transform_add_only,3572,2025-10-17,2025-10-27,0.0309637052897611,2025,2025-09-30,learned_market,20260912,0.38665309005327564,0.38665309005327564,0,1
fixed_transform_add_only,3577,2025-10-24,2025-11-03,-0.013331545863497,2025,2025-09-30,learned_market,20260912,0.4837339400457755,0.4837339400457755,0,0
fixed_transform_add_only,3582,2025-10-31,2025-11-10,0.0110832418536339,2025,2025-09-30,learned_market,20260912,0.4724518192349345,0.4724518192349345,0,1
fixed_transform_add_only,3587,2025-11-07,2025-11-17,-0.0152107881197579,2025,2025-09-30,learned_market,20260912,0.6834988505798779,0.6834988505798779,1,0
fixed_transform_add_only,3592,2025-11-14,2025-11-24,-0.031114557454173,2025,2025-09-30,learned_market,20260912,0.4231112394587011,0.4231112394587011,0,0
fixed_transform_add_only,3597,2025-11-21,2025-12-01,0.0147613767448515,2025,2025-09-30,learned_market,20260912,0.5332579653171469,0.5332579653171469,1,1
fixed_transform_add_only,3602,2025-11-28,2025-12-08,0.0118853804313106,2025,2025-09-30,learned_market,20260912,0.45158696149938954,0.45158696149938954,0,1
fixed_transform_add_only,3607,2025-12-05,2025-12-15,-0.0093922675990717,2025,2025-09-30,learned_market,20260912,0.4790796811187277,0.4790796811187277,0,0
fixed_transform_add_only,3612,2025-12-12,2025-12-22,0.0082791208791208,2025,2025-09-30,learned_market,20260912,0.6371564660221949,0.6371564660221949,1,1
fixed_transform_add_only,3617,2025-12-19,2025-12-29,0.0153890755001995,2025,2025-09-30,learned_market,20260912,0.6303806478402946,0.6303806478402946,1,1
fixed_transform_add_only,3622,2025-12-26,2026-01-12,0.0239101640737868,2025,2025-09-30,learned_market,20260912,0.582852540700734,0.582852540700734,1,1
fixed_transform_add_only,3567,2025-10-10,2025-10-20,0.015001547584321,2025,2025-09-30,learned_vol_interaction,20260912,0.45541796370899496,0.45541796370899496,0,1
fixed_transform_add_only,3572,2025-10-17,2025-10-27,0.0309637052897611,2025,2025-09-30,learned_vol_interaction,20260912,0.38724788380392605,0.38724788380392605,0,1
fixed_transform_add_only,3577,2025-10-24,2025-11-03,-0.013331545863497,2025,2025-09-30,learned_vol_interaction,20260912,0.4843209933787364,0.4843209933787364,0,0
fixed_transform_add_only,3582,2025-10-31,2025-11-10,0.0110832418536339,2025,2025-09-30,learned_vol_interaction,20260912,0.47309478707912334,0.47309478707912334,0,1
fixed_transform_add_only,3587,2025-11-07,2025-11-17,-0.0152107881197579,2025,2025-09-30,learned_vol_interaction,20260912,0.6841058225923008,0.6841058225923008,1,0
fixed_transform_add_only,3592,2025-11-14,2025-11-24,-0.031114557454173,2025,2025-09-30,learned_vol_interaction,20260912,0.4243941051893227,0.4243941051893227,0,0
fixed_transform_add_only,3597,2025-11-21,2025-12-01,0.0147613767448515,2025,2025-09-30,learned_vol_interaction,20260912,0.5335160139556709,0.5335160139556709,1,1
fixed_transform_add_only,3602,2025-11-28,2025-12-08,0.0118853804313106,2025,2025-09-30,learned_vol_interaction,20260912,0.45137491645368494,0.45137491645368494,0,1
fixed_transform_add_only,3607,2025-12-05,2025-12-15,-0.0093922675990717,2025,2025-09-30,learned_vol_interaction,20260912,0.4791543342768146,0.4791543342768146,0,0
fixed_transform_add_only,3612,2025-12-12,2025-12-22,0.0082791208791208,2025,2025-09-30,learned_vol_interaction,20260912,0.6355883053242904,0.6355883053242904,1,1
fixed_transform_add_only,3617,2025-12-19,2025-12-29,0.0153890755001995,2025,2025-09-30,learned_vol_interaction,20260912,0.628287436294869,0.628287436294869,1,1
fixed_transform_add_only,3622,2025-12-26,2026-01-12,0.0239101640737868,2025,2025-09-30,learned_vol_interaction,20260912,0.5824327784241932,0.5824327784241932,1,1
fixed_transform_add_only,3567,2025-10-10,2025-10-20,0.015001547584321,2025,2025-09-30,learned_order_extension,20260912,0.43286803546855596,0.43286803546855596,0,1
fixed_transform_add_only,3572,2025-10-17,2025-10-27,0.0309637052897611,2025,2025-09-30,learned_order_extension,20260912,0.3857956390791175,0.3857956390791175,0,1
fixed_transform_add_only,3577,2025-10-24,2025-11-03,-0.013331545863497,2025,2025-09-30,learned_order_extension,20260912,0.4717649063297505,0.4717649063297505,0,0
fixed_transform_add_only,3582,2025-10-31,2025-11-10,0.0110832418536339,2025,2025-09-30,learned_order_extension,20260912,0.44533295374744564,0.44533295374744564,0,1
fixed_transform_add_only,3587,2025-11-07,2025-11-17,-0.0152107881197579,2025,2025-09-30,learned_order_extension,20260912,0.7332798087615326,0.7332798087615326,1,0
fixed_transform_add_only,3592,2025-11-14,2025-11-24,-0.031114557454173,2025,2025-09-30,learned_order_extension,20260912,0.38182307010545996,0.38182307010545996,0,0
fixed_transform_add_only,3597,2025-11-21,2025-12-01,0.0147613767448515,2025,2025-09-30,learned_order_extension,20260912,0.557527433273625,0.557527433273625,1,1
fixed_transform_add_only,3602,2025-11-28,2025-12-08,0.0118853804313106,2025,2025-09-30,learned_order_extension,20260912,0.4536782223312722,0.4536782223312722,0,1
fixed_transform_add_only,3607,2025-12-05,2025-12-15,-0.0093922675990717,2025,2025-09-30,learned_order_extension,20260912,0.4843410130612355,0.4843410130612355,0,0
fixed_transform_add_only,3612,2025-12-12,2025-12-22,0.0082791208791208,2025,2025-09-30,learned_order_extension,20260912,0.6890519070235941,0.6890519070235941,1,1
fixed_transform_add_only,3617,2025-12-19,2025-12-29,0.0153890755001995,2025,2025-09-30,learned_order_extension,20260912,0.6860643765828881,0.6860643765828881,1,1
fixed_transform_add_only,3622,2025-12-26,2026-01-12,0.0239101640737868,2025,2025-09-30,learned_order_extension,20260912,0.5922206128675097,0.5922206128675097,1,1
fixed_transform_add_only,3567,2025-10-10,2025-10-20,0.015001547584321,2025,2025-09-30,learned_order_offset,20260912,0.4311892251026329,0.4311892251026329,0,1
fixed_transform_add_only,3572,2025-10-17,2025-10-27,0.0309637052897611,2025,2025-09-30,learned_order_offset,20260912,0.3870379915883654,0.3870379915883654,0,1
fixed_transform_add_only,3577,2025-10-24,2025-11-03,-0.013331545863497,2025,2025-09-30,learned_order_offset,20260912,0.473951320654516,0.473951320654516,0,0
fixed_transform_add_only,3582,2025-10-31,2025-11-10,0.0110832418536339,2025,2025-09-30,learned_order_offset,20260912,0.4470485704953017,0.4470485704953017,0,1
fixed_transform_add_only,3587,2025-11-07,2025-11-17,-0.0152107881197579,2025,2025-09-30,learned_order_offset,20260912,0.735023202946108,0.735023202946108,1,0
fixed_transform_add_only,3592,2025-11-14,2025-11-24,-0.031114557454173,2025,2025-09-30,learned_order_offset,20260912,0.38756069889164296,0.38756069889164296,0,0
fixed_transform_add_only,3597,2025-11-21,2025-12-01,0.0147613767448515,2025,2025-09-30,learned_order_offset,20260912,0.5671131600871346,0.5671131600871346,1,1
fixed_transform_add_only,3602,2025-11-28,2025-12-08,0.0118853804313106,2025,2025-09-30,learned_order_offset,20260912,0.4632052409702585,0.4632052409702585,0,1
fixed_transform_add_only,3607,2025-12-05,2025-12-15,-0.0093922675990717,2025,2025-09-30,learned_order_offset,20260912,0.4935562525882197,0.4935562525882197,0,0
fixed_transform_add_only,3612,2025-12-12,2025-12-22,0.0082791208791208,2025,2025-09-30,learned_order_offset,20260912,0.6979394085871214,0.6979394085871214,1,1
fixed_transform_add_only,3617,2025-12-19,2025-12-29,0.0153890755001995,2025,2025-09-30,learned_order_offset,20260912,0.6939333475329513,0.6939333475329513,1,1
fixed_transform_add_only,3622,2025-12-26,2026-01-12,0.0239101640737868,2025,2025-09-30,learned_order_offset,20260912,0.6057427441712211,0.6057427441712211,1,1
fixed_transform_add_only,3567,2025-10-10,2025-10-20,0.015001547584321,2025,2025-09-30,training_frequency,-1,0.49604031677465804,0.49604031677465804,0,1
fixed_transform_add_only,3572,2025-10-17,2025-10-27,0.0309637052897611,2025,2025-09-30,training_frequency,-1,0.49604031677465804,0.49604031677465804,0,1
fixed_transform_add_only,3577,2025-10-24,2025-11-03,-0.013331545863497,2025,2025-09-30,training_frequency,-1,0.49604031677465804,0.49604031677465804,0,0
fixed_transform_add_only,3582,2025-10-31,2025-11-10,0.0110832418536339,2025,2025-09-30,training_frequency,-1,0.49604031677465804,0.49604031677465804,0,1
fixed_transform_add_only,3587,2025-11-07,2025-11-17,-0.0152107881197579,2025,2025-09-30,training_frequency,-1,0.49604031677465804,0.49604031677465804,0,0
fixed_transform_add_only,3592,2025-11-14,2025-11-24,-0.031114557454173,2025,2025-09-30,training_frequency,-1,0.49604031677465804,0.49604031677465804,0,0
fixed_transform_add_only,3597,2025-11-21,2025-12-01,0.0147613767448515,2025,2025-09-30,training_frequency,-1,0.49604031677465804,0.49604031677465804,0,1
fixed_transform_add_only,3602,2025-11-28,2025-12-08,0.0118853804313106,2025,2025-09-30,training_frequency,-1,0.49604031677465804,0.49604031677465804,0,1
fixed_transform_add_only,3607,2025-12-05,2025-12-15,-0.0093922675990717,2025,2025-09-30,training_frequency,-1,0.49604031677465804,0.49604031677465804,0,0
fixed_transform_add_only,3612,2025-12-12,2025-12-22,0.0082791208791208,2025,2025-09-30,training_frequency,-1,0.49604031677465804,0.49604031677465804,0,1
fixed_transform_add_only,3617,2025-12-19,2025-12-29,0.0153890755001995,2025,2025-09-30,training_frequency,-1,0.49604031677465804,0.49604031677465804,0,1
fixed_transform_add_only,3622,2025-12-26,2026-01-12,0.0239101640737868,2025,2025-09-30,training_frequency,-1,0.49604031677465804,0.49604031677465804,0,1
fixed_transform_add_only,3630,2026-01-09,2026-01-19,-0.0103697336282536,2026,2025-12-31,learned_market,20260910,0.5209270458842004,0.5209270458842004,1,0
fixed_transform_add_only,3635,2026-01-16,2026-01-26,-0.0010190267764643,2026,2025-12-31,learned_market,20260910,0.5197139065453521,0.5197139065453521,1,0
fixed_transform_add_only,3640,2026-01-23,2026-02-02,-0.0087161586128796,2026,2025-12-31,learned_market,20260910,0.2755814653004309,0.2755814653004309,0,0
fixed_transform_add_only,3645,2026-01-30,2026-02-09,0.0041482324550519,2026,2025-12-31,learned_market,20260910,0.41561123934774186,0.41561123934774186,0,1
fixed_transform_add_only,3650,2026-02-06,2026-02-24,0.0071649689901505,2026,2025-12-31,learned_market,20260910,0.5571228245636697,0.5571228245636697,1,1
fixed_transform_add_only,3655,2026-02-13,2026-03-02,-0.0097920588919678,2026,2025-12-31,learned_market,20260910,0.4304939364707622,0.4304939364707622,0,0
fixed_transform_add_only,3659,2026-02-27,2026-03-09,-0.0172526869201304,2026,2025-12-31,learned_market,20260910,0.5160143853208942,0.5160143853208942,1,0
fixed_transform_add_only,3664,2026-03-06,2026-03-16,0.0149926634422041,2026,2025-12-31,learned_market,20260910,0.4236869357819852,0.4236869357819852,0,1
fixed_transform_add_only,3669,2026-03-13,2026-03-23,-0.0364343509194254,2026,2025-12-31,learned_market,20260910,0.40086366037455606,0.40086366037455606,0,0
fixed_transform_add_only,3674,2026-03-20,2026-03-30,-0.0083038829988221,2026,2025-12-31,learned_market,20260910,0.43855196230093557,0.43855196230093557,0,0
fixed_transform_add_only,3679,2026-03-27,2026-04-07,-0.0035591495694504,2026,2025-12-31,learned_market,20260910,0.5651756750942187,0.5651756750942187,1,0
fixed_transform_add_only,3630,2026-01-09,2026-01-19,-0.0103697336282536,2026,2025-12-31,learned_vol_interaction,20260910,0.5249822005515526,0.5249822005515526,1,0
fixed_transform_add_only,3635,2026-01-16,2026-01-26,-0.0010190267764643,2026,2025-12-31,learned_vol_interaction,20260910,0.5217999415123397,0.5217999415123397,1,0
fixed_transform_add_only,3640,2026-01-23,2026-02-02,-0.0087161586128796,2026,2025-12-31,learned_vol_interaction,20260910,0.2703686171181188,0.2703686171181188,0,0
fixed_transform_add_only,3645,2026-01-30,2026-02-09,0.0041482324550519,2026,2025-12-31,learned_vol_interaction,20260910,0.4125281641526105,0.4125281641526105,0,1
fixed_transform_add_only,3650,2026-02-06,2026-02-24,0.0071649689901505,2026,2025-12-31,learned_vol_interaction,20260910,0.5560675092745206,0.5560675092745206,1,1
fixed_transform_add_only,3655,2026-02-13,2026-03-02,-0.0097920588919678,2026,2025-12-31,learned_vol_interaction,20260910,0.4244643603856174,0.4244643603856174,0,0
fixed_transform_add_only,3659,2026-02-27,2026-03-09,-0.0172526869201304,2026,2025-12-31,learned_vol_interaction,20260910,0.5169468531475478,0.5169468531475478,1,0
fixed_transform_add_only,3664,2026-03-06,2026-03-16,0.0149926634422041,2026,2025-12-31,learned_vol_interaction,20260910,0.42392001130005047,0.42392001130005047,0,1
fixed_transform_add_only,3669,2026-03-13,2026-03-23,-0.0364343509194254,2026,2025-12-31,learned_vol_interaction,20260910,0.3996582436829412,0.3996582436829412,0,0
fixed_transform_add_only,3674,2026-03-20,2026-03-30,-0.0083038829988221,2026,2025-12-31,learned_vol_interaction,20260910,0.4401239045442557,0.4401239045442557,0,0
fixed_transform_add_only,3679,2026-03-27,2026-04-07,-0.0035591495694504,2026,2025-12-31,learned_vol_interaction,20260910,0.5634266232389387,0.5634266232389387,1,0
fixed_transform_add_only,3630,2026-01-09,2026-01-19,-0.0103697336282536,2026,2025-12-31,learned_order_extension,20260910,0.5118603699776423,0.5118603699776423,1,0
fixed_transform_add_only,3635,2026-01-16,2026-01-26,-0.0010190267764643,2026,2025-12-31,learned_order_extension,20260910,0.5121161981098539,0.5121161981098539,1,0
fixed_transform_add_only,3640,2026-01-23,2026-02-02,-0.0087161586128796,2026,2025-12-31,learned_order_extension,20260910,0.2938325386236829,0.2938325386236829,0,0
fixed_transform_add_only,3645,2026-01-30,2026-02-09,0.0041482324550519,2026,2025-12-31,learned_order_extension,20260910,0.43621861720931454,0.43621861720931454,0,1
fixed_transform_add_only,3650,2026-02-06,2026-02-24,0.0071649689901505,2026,2025-12-31,learned_order_extension,20260910,0.5517322930511716,0.5517322930511716,1,1
fixed_transform_add_only,3655,2026-02-13,2026-03-02,-0.0097920588919678,2026,2025-12-31,learned_order_extension,20260910,0.4214021419664105,0.4214021419664105,0,0
fixed_transform_add_only,3659,2026-02-27,2026-03-09,-0.0172526869201304,2026,2025-12-31,learned_order_extension,20260910,0.5148692090014166,0.5148692090014166,1,0
fixed_transform_add_only,3664,2026-03-06,2026-03-16,0.0149926634422041,2026,2025-12-31,learned_order_extension,20260910,0.43198850893548346,0.43198850893548346,0,1
fixed_transform_add_only,3669,2026-03-13,2026-03-23,-0.0364343509194254,2026,2025-12-31,learned_order_extension,20260910,0.42629911883001154,0.42629911883001154,0,0
fixed_transform_add_only,3674,2026-03-20,2026-03-30,-0.0083038829988221,2026,2025-12-31,learned_order_extension,20260910,0.4749564207401761,0.4749564207401761,0,0
fixed_transform_add_only,3679,2026-03-27,2026-04-07,-0.0035591495694504,2026,2025-12-31,learned_order_extension,20260910,0.5307522668879032,0.5307522668879032,1,0
fixed_transform_add_only,3630,2026-01-09,2026-01-19,-0.0103697336282536,2026,2025-12-31,learned_order_offset,20260910,0.5108025931769093,0.5108025931769093,1,0
fixed_transform_add_only,3635,2026-01-16,2026-01-26,-0.0010190267764643,2026,2025-12-31,learned_order_offset,20260910,0.5113982623384066,0.5113982623384066,1,0
fixed_transform_add_only,3640,2026-01-23,2026-02-02,-0.0087161586128796,2026,2025-12-31,learned_order_offset,20260910,0.2944555803643879,0.2944555803643879,0,0
fixed_transform_add_only,3645,2026-01-30,2026-02-09,0.0041482324550519,2026,2025-12-31,learned_order_offset,20260910,0.43663121014690576,0.43663121014690576,0,1
fixed_transform_add_only,3650,2026-02-06,2026-02-24,0.0071649689901505,2026,2025-12-31,learned_order_offset,20260910,0.5521384139661094,0.5521384139661094,1,1
fixed_transform_add_only,3655,2026-02-13,2026-03-02,-0.0097920588919678,2026,2025-12-31,learned_order_offset,20260910,0.42280069136931375,0.42280069136931375,0,0
fixed_transform_add_only,3659,2026-02-27,2026-03-09,-0.0172526869201304,2026,2025-12-31,learned_order_offset,20260910,0.5153156845902671,0.5153156845902671,1,0
fixed_transform_add_only,3664,2026-03-06,2026-03-16,0.0149926634422041,2026,2025-12-31,learned_order_offset,20260910,0.43177972341367155,0.43177972341367155,0,1
fixed_transform_add_only,3669,2026-03-13,2026-03-23,-0.0364343509194254,2026,2025-12-31,learned_order_offset,20260910,0.4256062271162684,0.4256062271162684,0,0
fixed_transform_add_only,3674,2026-03-20,2026-03-30,-0.0083038829988221,2026,2025-12-31,learned_order_offset,20260910,0.47357009046646403,0.47357009046646403,0,0
fixed_transform_add_only,3679,2026-03-27,2026-04-07,-0.0035591495694504,2026,2025-12-31,learned_order_offset,20260910,0.5299745221118999,0.5299745221118999,1,0
fixed_transform_add_only,3630,2026-01-09,2026-01-19,-0.0103697336282536,2026,2025-12-31,learned_market,20260911,0.5413510609744506,0.5413510609744506,1,0
fixed_transform_add_only,3635,2026-01-16,2026-01-26,-0.0010190267764643,2026,2025-12-31,learned_market,20260911,0.5314359715780813,0.5314359715780813,1,0
fixed_transform_add_only,3640,2026-01-23,2026-02-02,-0.0087161586128796,2026,2025-12-31,learned_market,20260911,0.5322660389568398,0.5322660389568398,1,0
fixed_transform_add_only,3645,2026-01-30,2026-02-09,0.0041482324550519,2026,2025-12-31,learned_market,20260911,0.45886324630014486,0.45886324630014486,0,1
fixed_transform_add_only,3650,2026-02-06,2026-02-24,0.0071649689901505,2026,2025-12-31,learned_market,20260911,0.5329149888621901,0.5329149888621901,1,1
fixed_transform_add_only,3655,2026-02-13,2026-03-02,-0.0097920588919678,2026,2025-12-31,learned_market,20260911,0.5096151640594386,0.5096151640594386,1,0
fixed_transform_add_only,3659,2026-02-27,2026-03-09,-0.0172526869201304,2026,2025-12-31,learned_market,20260911,0.5369210179709557,0.5369210179709557,1,0
fixed_transform_add_only,3664,2026-03-06,2026-03-16,0.0149926634422041,2026,2025-12-31,learned_market,20260911,0.6237121770434778,0.6237121770434778,1,1
fixed_transform_add_only,3669,2026-03-13,2026-03-23,-0.0364343509194254,2026,2025-12-31,learned_market,20260911,0.45542191984179375,0.45542191984179375,0,0
fixed_transform_add_only,3674,2026-03-20,2026-03-30,-0.0083038829988221,2026,2025-12-31,learned_market,20260911,0.46187353471109566,0.46187353471109566,0,0
fixed_transform_add_only,3679,2026-03-27,2026-04-07,-0.0035591495694504,2026,2025-12-31,learned_market,20260911,0.4403313235638202,0.4403313235638202,0,0
fixed_transform_add_only,3630,2026-01-09,2026-01-19,-0.0103697336282536,2026,2025-12-31,learned_vol_interaction,20260911,0.5419308229071979,0.5419308229071979,1,0
fixed_transform_add_only,3635,2026-01-16,2026-01-26,-0.0010190267764643,2026,2025-12-31,learned_vol_interaction,20260911,0.5357337652448725,0.5357337652448725,1,0
fixed_transform_add_only,3640,2026-01-23,2026-02-02,-0.0087161586128796,2026,2025-12-31,learned_vol_interaction,20260911,0.5371665022159147,0.5371665022159147,1,0
fixed_transform_add_only,3645,2026-01-30,2026-02-09,0.0041482324550519,2026,2025-12-31,learned_vol_interaction,20260911,0.4536669400564477,0.4536669400564477,0,1
fixed_transform_add_only,3650,2026-02-06,2026-02-24,0.0071649689901505,2026,2025-12-31,learned_vol_interaction,20260911,0.535655258471591,0.535655258471591,1,1
fixed_transform_add_only,3655,2026-02-13,2026-03-02,-0.0097920588919678,2026,2025-12-31,learned_vol_interaction,20260911,0.5053590625088199,0.5053590625088199,1,0
fixed_transform_add_only,3659,2026-02-27,2026-03-09,-0.0172526869201304,2026,2025-12-31,learned_vol_interaction,20260911,0.5322976681186429,0.5322976681186429,1,0
fixed_transform_add_only,3664,2026-03-06,2026-03-16,0.0149926634422041,2026,2025-12-31,learned_vol_interaction,20260911,0.6174856955773433,0.6174856955773433,1,1
fixed_transform_add_only,3669,2026-03-13,2026-03-23,-0.0364343509194254,2026,2025-12-31,learned_vol_interaction,20260911,0.44896092371547813,0.44896092371547813,0,0
fixed_transform_add_only,3674,2026-03-20,2026-03-30,-0.0083038829988221,2026,2025-12-31,learned_vol_interaction,20260911,0.45425867209133697,0.45425867209133697,0,0
fixed_transform_add_only,3679,2026-03-27,2026-04-07,-0.0035591495694504,2026,2025-12-31,learned_vol_interaction,20260911,0.43340188452247674,0.43340188452247674,0,0
fixed_transform_add_only,3630,2026-01-09,2026-01-19,-0.0103697336282536,2026,2025-12-31,learned_order_extension,20260911,0.5459060256811782,0.5459060256811782,1,0
fixed_transform_add_only,3635,2026-01-16,2026-01-26,-0.0010190267764643,2026,2025-12-31,learned_order_extension,20260911,0.5315584772037104,0.5315584772037104,1,0
fixed_transform_add_only,3640,2026-01-23,2026-02-02,-0.0087161586128796,2026,2025-12-31,learned_order_extension,20260911,0.5380779045961513,0.5380779045961513,1,0
fixed_transform_add_only,3645,2026-01-30,2026-02-09,0.0041482324550519,2026,2025-12-31,learned_order_extension,20260911,0.43274829616923166,0.43274829616923166,0,1
fixed_transform_add_only,3650,2026-02-06,2026-02-24,0.0071649689901505,2026,2025-12-31,learned_order_extension,20260911,0.5358238036456818,0.5358238036456818,1,1
fixed_transform_add_only,3655,2026-02-13,2026-03-02,-0.0097920588919678,2026,2025-12-31,learned_order_extension,20260911,0.5188075700840837,0.5188075700840837,1,0
fixed_transform_add_only,3659,2026-02-27,2026-03-09,-0.0172526869201304,2026,2025-12-31,learned_order_extension,20260911,0.5395237482049954,0.5395237482049954,1,0
fixed_transform_add_only,3664,2026-03-06,2026-03-16,0.0149926634422041,2026,2025-12-31,learned_order_extension,20260911,0.6721134681647395,0.6721134681647395,1,1
fixed_transform_add_only,3669,2026-03-13,2026-03-23,-0.0364343509194254,2026,2025-12-31,learned_order_extension,20260911,0.44254310728173424,0.44254310728173424,0,0
fixed_transform_add_only,3674,2026-03-20,2026-03-30,-0.0083038829988221,2026,2025-12-31,learned_order_extension,20260911,0.4378410999680901,0.4378410999680901,0,0
fixed_transform_add_only,3679,2026-03-27,2026-04-07,-0.0035591495694504,2026,2025-12-31,learned_order_extension,20260911,0.4159760364157841,0.4159760364157841,0,0
fixed_transform_add_only,3630,2026-01-09,2026-01-19,-0.0103697336282536,2026,2025-12-31,learned_order_offset,20260911,0.545843670764125,0.545843670764125,1,0
fixed_transform_add_only,3635,2026-01-16,2026-01-26,-0.0010190267764643,2026,2025-12-31,learned_order_offset,20260911,0.5315791456859873,0.5315791456859873,1,0
fixed_transform_add_only,3640,2026-01-23,2026-02-02,-0.0087161586128796,2026,2025-12-31,learned_order_offset,20260911,0.5378362799693707,0.5378362799693707,1,0
fixed_transform_add_only,3645,2026-01-30,2026-02-09,0.0041482324550519,2026,2025-12-31,learned_order_offset,20260911,0.43267035311859725,0.43267035311859725,0,1
fixed_transform_add_only,3650,2026-02-06,2026-02-24,0.0071649689901505,2026,2025-12-31,learned_order_offset,20260911,0.5355468761174008,0.5355468761174008,1,1
fixed_transform_add_only,3655,2026-02-13,2026-03-02,-0.0097920588919678,2026,2025-12-31,learned_order_offset,20260911,0.5185004295200895,0.5185004295200895,1,0
fixed_transform_add_only,3659,2026-02-27,2026-03-09,-0.0172526869201304,2026,2025-12-31,learned_order_offset,20260911,0.5394279755034715,0.5394279755034715,1,0
fixed_transform_add_only,3664,2026-03-06,2026-03-16,0.0149926634422041,2026,2025-12-31,learned_order_offset,20260911,0.6720878025271129,0.6720878025271129,1,1
fixed_transform_add_only,3669,2026-03-13,2026-03-23,-0.0364343509194254,2026,2025-12-31,learned_order_offset,20260911,0.44301866763301645,0.44301866763301645,0,0
fixed_transform_add_only,3674,2026-03-20,2026-03-30,-0.0083038829988221,2026,2025-12-31,learned_order_offset,20260911,0.4379475907087764,0.4379475907087764,0,0
fixed_transform_add_only,3679,2026-03-27,2026-04-07,-0.0035591495694504,2026,2025-12-31,learned_order_offset,20260911,0.4162726411546184,0.4162726411546184,0,0
fixed_transform_add_only,3630,2026-01-09,2026-01-19,-0.0103697336282536,2026,2025-12-31,learned_market,20260912,0.5119803822427041,0.5119803822427041,1,0
fixed_transform_add_only,3635,2026-01-16,2026-01-26,-0.0010190267764643,2026,2025-12-31,learned_market,20260912,0.5563532391014436,0.5563532391014436,1,0
fixed_transform_add_only,3640,2026-01-23,2026-02-02,-0.0087161586128796,2026,2025-12-31,learned_market,20260912,0.47986345901765604,0.47986345901765604,0,0
fixed_transform_add_only,3645,2026-01-30,2026-02-09,0.0041482324550519,2026,2025-12-31,learned_market,20260912,0.5030177692550698,0.5030177692550698,1,1
fixed_transform_add_only,3650,2026-02-06,2026-02-24,0.0071649689901505,2026,2025-12-31,learned_market,20260912,0.43906676808287387,0.43906676808287387,0,1
fixed_transform_add_only,3655,2026-02-13,2026-03-02,-0.0097920588919678,2026,2025-12-31,learned_market,20260912,0.431368044613122,0.431368044613122,0,0
fixed_transform_add_only,3659,2026-02-27,2026-03-09,-0.0172526869201304,2026,2025-12-31,learned_market,20260912,0.48137527566018024,0.48137527566018024,0,0
fixed_transform_add_only,3664,2026-03-06,2026-03-16,0.0149926634422041,2026,2025-12-31,learned_market,20260912,0.46731902499821354,0.46731902499821354,0,1
fixed_transform_add_only,3669,2026-03-13,2026-03-23,-0.0364343509194254,2026,2025-12-31,learned_market,20260912,0.5227160800792146,0.5227160800792146,1,0
fixed_transform_add_only,3674,2026-03-20,2026-03-30,-0.0083038829988221,2026,2025-12-31,learned_market,20260912,0.4464645109091068,0.4464645109091068,0,0
fixed_transform_add_only,3679,2026-03-27,2026-04-07,-0.0035591495694504,2026,2025-12-31,learned_market,20260912,0.39113208857052434,0.39113208857052434,0,0
fixed_transform_add_only,3630,2026-01-09,2026-01-19,-0.0103697336282536,2026,2025-12-31,learned_vol_interaction,20260912,0.5113420632666249,0.5113420632666249,1,0
fixed_transform_add_only,3635,2026-01-16,2026-01-26,-0.0010190267764643,2026,2025-12-31,learned_vol_interaction,20260912,0.5720485316988371,0.5720485316988371,1,0
fixed_transform_add_only,3640,2026-01-23,2026-02-02,-0.0087161586128796,2026,2025-12-31,learned_vol_interaction,20260912,0.46450523759698337,0.46450523759698337,0,0
fixed_transform_add_only,3645,2026-01-30,2026-02-09,0.0041482324550519,2026,2025-12-31,learned_vol_interaction,20260912,0.5055364466448413,0.5055364466448413,1,1
fixed_transform_add_only,3650,2026-02-06,2026-02-24,0.0071649689901505,2026,2025-12-31,learned_vol_interaction,20260912,0.42116451389141074,0.42116451389141074,0,1
fixed_transform_add_only,3655,2026-02-13,2026-03-02,-0.0097920588919678,2026,2025-12-31,learned_vol_interaction,20260912,0.4216952789502379,0.4216952789502379,0,0
fixed_transform_add_only,3659,2026-02-27,2026-03-09,-0.0172526869201304,2026,2025-12-31,learned_vol_interaction,20260912,0.46280074037648433,0.46280074037648433,0,0
fixed_transform_add_only,3664,2026-03-06,2026-03-16,0.0149926634422041,2026,2025-12-31,learned_vol_interaction,20260912,0.4454734654507731,0.4454734654507731,0,1
fixed_transform_add_only,3669,2026-03-13,2026-03-23,-0.0364343509194254,2026,2025-12-31,learned_vol_interaction,20260912,0.5162800418391823,0.5162800418391823,1,0
fixed_transform_add_only,3674,2026-03-20,2026-03-30,-0.0083038829988221,2026,2025-12-31,learned_vol_interaction,20260912,0.44815597826032155,0.44815597826032155,0,0
fixed_transform_add_only,3679,2026-03-27,2026-04-07,-0.0035591495694504,2026,2025-12-31,learned_vol_interaction,20260912,0.41145491799092687,0.41145491799092687,0,0
fixed_transform_add_only,3630,2026-01-09,2026-01-19,-0.0103697336282536,2026,2025-12-31,learned_order_extension,20260912,0.5234527600872158,0.5234527600872158,1,0
fixed_transform_add_only,3635,2026-01-16,2026-01-26,-0.0010190267764643,2026,2025-12-31,learned_order_extension,20260912,0.5847075352595175,0.5847075352595175,1,0
fixed_transform_add_only,3640,2026-01-23,2026-02-02,-0.0087161586128796,2026,2025-12-31,learned_order_extension,20260912,0.4700767353741261,0.4700767353741261,0,0
fixed_transform_add_only,3645,2026-01-30,2026-02-09,0.0041482324550519,2026,2025-12-31,learned_order_extension,20260912,0.5148835278265028,0.5148835278265028,1,1
fixed_transform_add_only,3650,2026-02-06,2026-02-24,0.0071649689901505,2026,2025-12-31,learned_order_extension,20260912,0.4220765070574473,0.4220765070574473,0,1
fixed_transform_add_only,3655,2026-02-13,2026-03-02,-0.0097920588919678,2026,2025-12-31,learned_order_extension,20260912,0.41397752179190594,0.41397752179190594,0,0
fixed_transform_add_only,3659,2026-02-27,2026-03-09,-0.0172526869201304,2026,2025-12-31,learned_order_extension,20260912,0.45946498078572456,0.45946498078572456,0,0
fixed_transform_add_only,3664,2026-03-06,2026-03-16,0.0149926634422041,2026,2025-12-31,learned_order_extension,20260912,0.44635455978232025,0.44635455978232025,0,1
fixed_transform_add_only,3669,2026-03-13,2026-03-23,-0.0364343509194254,2026,2025-12-31,learned_order_extension,20260912,0.5383866937008707,0.5383866937008707,1,0
fixed_transform_add_only,3674,2026-03-20,2026-03-30,-0.0083038829988221,2026,2025-12-31,learned_order_extension,20260912,0.43243079892634145,0.43243079892634145,0,0
fixed_transform_add_only,3679,2026-03-27,2026-04-07,-0.0035591495694504,2026,2025-12-31,learned_order_extension,20260912,0.3847558274890985,0.3847558274890985,0,0
fixed_transform_add_only,3630,2026-01-09,2026-01-19,-0.0103697336282536,2026,2025-12-31,learned_order_offset,20260912,0.5234772415055928,0.5234772415055928,1,0
fixed_transform_add_only,3635,2026-01-16,2026-01-26,-0.0010190267764643,2026,2025-12-31,learned_order_offset,20260912,0.5844150879103954,0.5844150879103954,1,0
fixed_transform_add_only,3640,2026-01-23,2026-02-02,-0.0087161586128796,2026,2025-12-31,learned_order_offset,20260912,0.46996206356235715,0.46996206356235715,0,0
fixed_transform_add_only,3645,2026-01-30,2026-02-09,0.0041482324550519,2026,2025-12-31,learned_order_offset,20260912,0.514701020079869,0.514701020079869,1,1
fixed_transform_add_only,3650,2026-02-06,2026-02-24,0.0071649689901505,2026,2025-12-31,learned_order_offset,20260912,0.42213589824970216,0.42213589824970216,0,1
fixed_transform_add_only,3655,2026-02-13,2026-03-02,-0.0097920588919678,2026,2025-12-31,learned_order_offset,20260912,0.4139092534456115,0.4139092534456115,0,0
fixed_transform_add_only,3659,2026-02-27,2026-03-09,-0.0172526869201304,2026,2025-12-31,learned_order_offset,20260912,0.4590491088219428,0.4590491088219428,0,0
fixed_transform_add_only,3664,2026-03-06,2026-03-16,0.0149926634422041,2026,2025-12-31,learned_order_offset,20260912,0.4464707132363767,0.4464707132363767,0,1
fixed_transform_add_only,3669,2026-03-13,2026-03-23,-0.0364343509194254,2026,2025-12-31,learned_order_offset,20260912,0.5384561051408137,0.5384561051408137,1,0
fixed_transform_add_only,3674,2026-03-20,2026-03-30,-0.0083038829988221,2026,2025-12-31,learned_order_offset,20260912,0.43269622737784763,0.43269622737784763,0,0
fixed_transform_add_only,3679,2026-03-27,2026-04-07,-0.0035591495694504,2026,2025-12-31,learned_order_offset,20260912,0.3852504154330894,0.3852504154330894,0,0
fixed_transform_add_only,3630,2026-01-09,2026-01-19,-0.0103697336282536,2026,2025-12-31,training_frequency,-1,0.4792703150912106,0.4792703150912106,0,0
fixed_transform_add_only,3635,2026-01-16,2026-01-26,-0.0010190267764643,2026,2025-12-31,training_frequency,-1,0.4792703150912106,0.4792703150912106,0,0
fixed_transform_add_only,3640,2026-01-23,2026-02-02,-0.0087161586128796,2026,2025-12-31,training_frequency,-1,0.4792703150912106,0.4792703150912106,0,0
fixed_transform_add_only,3645,2026-01-30,2026-02-09,0.0041482324550519,2026,2025-12-31,training_frequency,-1,0.4792703150912106,0.4792703150912106,0,1
fixed_transform_add_only,3650,2026-02-06,2026-02-24,0.0071649689901505,2026,2025-12-31,training_frequency,-1,0.4792703150912106,0.4792703150912106,0,1
fixed_transform_add_only,3655,2026-02-13,2026-03-02,-0.0097920588919678,2026,2025-12-31,training_frequency,-1,0.4792703150912106,0.4792703150912106,0,0
fixed_transform_add_only,3659,2026-02-27,2026-03-09,-0.0172526869201304,2026,2025-12-31,training_frequency,-1,0.4792703150912106,0.4792703150912106,0,0
fixed_transform_add_only,3664,2026-03-06,2026-03-16,0.0149926634422041,2026,2025-12-31,training_frequency,-1,0.4792703150912106,0.4792703150912106,0,1
fixed_transform_add_only,3669,2026-03-13,2026-03-23,-0.0364343509194254,2026,2025-12-31,training_frequency,-1,0.4792703150912106,0.4792703150912106,0,0
fixed_transform_add_only,3674,2026-03-20,2026-03-30,-0.0083038829988221,2026,2025-12-31,training_frequency,-1,0.4792703150912106,0.4792703150912106,0,0
fixed_transform_add_only,3679,2026-03-27,2026-04-07,-0.0035591495694504,2026,2025-12-31,training_frequency,-1,0.4792703150912106,0.4792703150912106,0,0
fixed_transform_add_only,3684,2026-04-03,2026-04-13,0.0380736235508991,2026,2026-03-31,learned_market,20260910,0.5218300202912834,0.5218300202912834,1,1
fixed_transform_add_only,3688,2026-04-10,2026-04-20,0.0242766725964382,2026,2026-03-31,learned_market,20260910,0.45645185260655324,0.45645185260655324,0,1
fixed_transform_add_only,3693,2026-04-17,2026-04-27,0.010401572188011,2026,2026-03-31,learned_market,20260910,0.5359070103183885,0.5359070103183885,1,1
fixed_transform_add_only,3698,2026-04-24,2026-05-11,0.0263674696524953,2026,2026-03-31,learned_market,20260910,0.5622795958025755,0.5622795958025755,1,1
fixed_transform_add_only,3705,2026-05-08,2026-05-18,-0.0134529239455926,2026,2026-03-31,learned_market,20260910,0.7318149588569285,0.7318149588569285,1,0
fixed_transform_add_only,3710,2026-05-15,2026-05-25,0.0076235492615268,2026,2026-03-31,learned_market,20260910,0.7970677557014781,0.7970677557014781,1,1
fixed_transform_add_only,3715,2026-05-22,2026-06-01,0.005068538126898,2026,2026-03-31,learned_market,20260910,0.33876045589195075,0.33876045589195075,0,1
fixed_transform_add_only,3720,2026-05-29,2026-06-08,-0.039635353927193,2026,2026-03-31,learned_market,20260910,0.39056786916361114,0.39056786916361114,0,0
fixed_transform_add_only,3725,2026-06-05,2026-06-15,0.0266849782195981,2026,2026-03-31,learned_market,20260910,0.42842921858062727,0.42842921858062727,0,1
fixed_transform_add_only,3730,2026-06-12,2026-06-29,0.0076098142791176,2026,2026-03-31,learned_market,20260910,0.420270548595869,0.420270548595869,0,1
fixed_transform_add_only,3739,2026-06-26,2026-07-06,0.0005137647861506,2026,2026-03-31,learned_market,20260910,0.4989151441997191,0.4989151441997191,0,1
fixed_transform_add_only,3684,2026-04-03,2026-04-13,0.0380736235508991,2026,2026-03-31,learned_vol_interaction,20260910,0.5240705590368085,0.5240705590368085,1,1
fixed_transform_add_only,3688,2026-04-10,2026-04-20,0.0242766725964382,2026,2026-03-31,learned_vol_interaction,20260910,0.4656563459699634,0.4656563459699634,0,1
fixed_transform_add_only,3693,2026-04-17,2026-04-27,0.010401572188011,2026,2026-03-31,learned_vol_interaction,20260910,0.535517679139662,0.535517679139662,1,1
fixed_transform_add_only,3698,2026-04-24,2026-05-11,0.0263674696524953,2026,2026-03-31,learned_vol_interaction,20260910,0.5651492888965758,0.5651492888965758,1,1
fixed_transform_add_only,3705,2026-05-08,2026-05-18,-0.0134529239455926,2026,2026-03-31,learned_vol_interaction,20260910,0.7359531549411005,0.7359531549411005,1,0
fixed_transform_add_only,3710,2026-05-15,2026-05-25,0.0076235492615268,2026,2026-03-31,learned_vol_interaction,20260910,0.8025547054154233,0.8025547054154233,1,1
fixed_transform_add_only,3715,2026-05-22,2026-06-01,0.005068538126898,2026,2026-03-31,learned_vol_interaction,20260910,0.33910809407897324,0.33910809407897324,0,1
fixed_transform_add_only,3720,2026-05-29,2026-06-08,-0.039635353927193,2026,2026-03-31,learned_vol_interaction,20260910,0.39163270513960935,0.39163270513960935,0,0
fixed_transform_add_only,3725,2026-06-05,2026-06-15,0.0266849782195981,2026,2026-03-31,learned_vol_interaction,20260910,0.4280941162990014,0.4280941162990014,0,1
fixed_transform_add_only,3730,2026-06-12,2026-06-29,0.0076098142791176,2026,2026-03-31,learned_vol_interaction,20260910,0.4199722623821562,0.4199722623821562,0,1
fixed_transform_add_only,3739,2026-06-26,2026-07-06,0.0005137647861506,2026,2026-03-31,learned_vol_interaction,20260910,0.5059412810417719,0.5059412810417719,1,1
fixed_transform_add_only,3684,2026-04-03,2026-04-13,0.0380736235508991,2026,2026-03-31,learned_order_extension,20260910,0.49423412835476216,0.49423412835476216,0,1
fixed_transform_add_only,3688,2026-04-10,2026-04-20,0.0242766725964382,2026,2026-03-31,learned_order_extension,20260910,0.4774299961391737,0.4774299961391737,0,1
fixed_transform_add_only,3693,2026-04-17,2026-04-27,0.010401572188011,2026,2026-03-31,learned_order_extension,20260910,0.5041709129968426,0.5041709129968426,1,1
fixed_transform_add_only,3698,2026-04-24,2026-05-11,0.0263674696524953,2026,2026-03-31,learned_order_extension,20260910,0.5417662263340295,0.5417662263340295,1,1
fixed_transform_add_only,3705,2026-05-08,2026-05-18,-0.0134529239455926,2026,2026-03-31,learned_order_extension,20260910,0.6513470868634683,0.6513470868634683,1,0
fixed_transform_add_only,3710,2026-05-15,2026-05-25,0.0076235492615268,2026,2026-03-31,learned_order_extension,20260910,0.6812341018264554,0.6812341018264554,1,1
fixed_transform_add_only,3715,2026-05-22,2026-06-01,0.005068538126898,2026,2026-03-31,learned_order_extension,20260910,0.3903227606365567,0.3903227606365567,0,1
fixed_transform_add_only,3720,2026-05-29,2026-06-08,-0.039635353927193,2026,2026-03-31,learned_order_extension,20260910,0.44358559600598707,0.44358559600598707,0,0
fixed_transform_add_only,3725,2026-06-05,2026-06-15,0.0266849782195981,2026,2026-03-31,learned_order_extension,20260910,0.4647410933965411,0.4647410933965411,0,1
fixed_transform_add_only,3730,2026-06-12,2026-06-29,0.0076098142791176,2026,2026-03-31,learned_order_extension,20260910,0.45185215389554423,0.45185215389554423,0,1
fixed_transform_add_only,3739,2026-06-26,2026-07-06,0.0005137647861506,2026,2026-03-31,learned_order_extension,20260910,0.5019258438603889,0.5019258438603889,1,1
fixed_transform_add_only,3684,2026-04-03,2026-04-13,0.0380736235508991,2026,2026-03-31,learned_order_offset,20260910,0.49289807784591216,0.49289807784591216,0,1
fixed_transform_add_only,3688,2026-04-10,2026-04-20,0.0242766725964382,2026,2026-03-31,learned_order_offset,20260910,0.47587241200258124,0.47587241200258124,0,1
fixed_transform_add_only,3693,2026-04-17,2026-04-27,0.010401572188011,2026,2026-03-31,learned_order_offset,20260910,0.5026270557199343,0.5026270557199343,1,1
fixed_transform_add_only,3698,2026-04-24,2026-05-11,0.0263674696524953,2026,2026-03-31,learned_order_offset,20260910,0.5407242164851097,0.5407242164851097,1,1
fixed_transform_add_only,3705,2026-05-08,2026-05-18,-0.0134529239455926,2026,2026-03-31,learned_order_offset,20260910,0.6510350539453655,0.6510350539453655,1,0
fixed_transform_add_only,3710,2026-05-15,2026-05-25,0.0076235492615268,2026,2026-03-31,learned_order_offset,20260910,0.6797011039987372,0.6797011039987372,1,1
fixed_transform_add_only,3715,2026-05-22,2026-06-01,0.005068538126898,2026,2026-03-31,learned_order_offset,20260910,0.39114375687830977,0.39114375687830977,0,1
fixed_transform_add_only,3720,2026-05-29,2026-06-08,-0.039635353927193,2026,2026-03-31,learned_order_offset,20260910,0.44493332480991515,0.44493332480991515,0,0
fixed_transform_add_only,3725,2026-06-05,2026-06-15,0.0266849782195981,2026,2026-03-31,learned_order_offset,20260910,0.4660444343331182,0.4660444343331182,0,1
fixed_transform_add_only,3730,2026-06-12,2026-06-29,0.0076098142791176,2026,2026-03-31,learned_order_offset,20260910,0.45305188497122295,0.45305188497122295,0,1
fixed_transform_add_only,3739,2026-06-26,2026-07-06,0.0005137647861506,2026,2026-03-31,learned_order_offset,20260910,0.5003511652360603,0.5003511652360603,1,1
fixed_transform_add_only,3684,2026-04-03,2026-04-13,0.0380736235508991,2026,2026-03-31,learned_market,20260911,0.5079842463973521,0.5079842463973521,1,1
fixed_transform_add_only,3688,2026-04-10,2026-04-20,0.0242766725964382,2026,2026-03-31,learned_market,20260911,0.43235879892605994,0.43235879892605994,0,1
fixed_transform_add_only,3693,2026-04-17,2026-04-27,0.010401572188011,2026,2026-03-31,learned_market,20260911,0.472813561044327,0.472813561044327,0,1
fixed_transform_add_only,3698,2026-04-24,2026-05-11,0.0263674696524953,2026,2026-03-31,learned_market,20260911,0.39696275128061315,0.39696275128061315,0,1
fixed_transform_add_only,3705,2026-05-08,2026-05-18,-0.0134529239455926,2026,2026-03-31,learned_market,20260911,0.38894804608222155,0.38894804608222155,0,0
fixed_transform_add_only,3710,2026-05-15,2026-05-25,0.0076235492615268,2026,2026-03-31,learned_market,20260911,0.46434859187623273,0.46434859187623273,0,1
fixed_transform_add_only,3715,2026-05-22,2026-06-01,0.005068538126898,2026,2026-03-31,learned_market,20260911,0.5454165766494965,0.5454165766494965,1,1
fixed_transform_add_only,3720,2026-05-29,2026-06-08,-0.039635353927193,2026,2026-03-31,learned_market,20260911,0.5248101234378564,0.5248101234378564,1,0
fixed_transform_add_only,3725,2026-06-05,2026-06-15,0.0266849782195981,2026,2026-03-31,learned_market,20260911,0.41518532495551214,0.41518532495551214,0,1
fixed_transform_add_only,3730,2026-06-12,2026-06-29,0.0076098142791176,2026,2026-03-31,learned_market,20260911,0.3109291598059449,0.3109291598059449,0,1
fixed_transform_add_only,3739,2026-06-26,2026-07-06,0.0005137647861506,2026,2026-03-31,learned_market,20260911,0.4629941740753357,0.4629941740753357,0,1
fixed_transform_add_only,3684,2026-04-03,2026-04-13,0.0380736235508991,2026,2026-03-31,learned_vol_interaction,20260911,0.5104992745395718,0.5104992745395718,1,1
fixed_transform_add_only,3688,2026-04-10,2026-04-20,0.0242766725964382,2026,2026-03-31,learned_vol_interaction,20260911,0.4450909954770067,0.4450909954770067,0,1
fixed_transform_add_only,3693,2026-04-17,2026-04-27,0.010401572188011,2026,2026-03-31,learned_vol_interaction,20260911,0.48096324586343653,0.48096324586343653,0,1
fixed_transform_add_only,3698,2026-04-24,2026-05-11,0.0263674696524953,2026,2026-03-31,learned_vol_interaction,20260911,0.4072817347743359,0.4072817347743359,0,1
fixed_transform_add_only,3705,2026-05-08,2026-05-18,-0.0134529239455926,2026,2026-03-31,learned_vol_interaction,20260911,0.4010322205647722,0.4010322205647722,0,0
fixed_transform_add_only,3710,2026-05-15,2026-05-25,0.0076235492615268,2026,2026-03-31,learned_vol_interaction,20260911,0.46848401226738073,0.46848401226738073,0,1
fixed_transform_add_only,3715,2026-05-22,2026-06-01,0.005068538126898,2026,2026-03-31,learned_vol_interaction,20260911,0.5470514869368149,0.5470514869368149,1,1
fixed_transform_add_only,3720,2026-05-29,2026-06-08,-0.039635353927193,2026,2026-03-31,learned_vol_interaction,20260911,0.5174611974895298,0.5174611974895298,1,0
fixed_transform_add_only,3725,2026-06-05,2026-06-15,0.0266849782195981,2026,2026-03-31,learned_vol_interaction,20260911,0.40967747489827316,0.40967747489827316,0,1
fixed_transform_add_only,3730,2026-06-12,2026-06-29,0.0076098142791176,2026,2026-03-31,learned_vol_interaction,20260911,0.30753219242995805,0.30753219242995805,0,1
fixed_transform_add_only,3739,2026-06-26,2026-07-06,0.0005137647861506,2026,2026-03-31,learned_vol_interaction,20260911,0.477856619048917,0.477856619048917,0,1
fixed_transform_add_only,3684,2026-04-03,2026-04-13,0.0380736235508991,2026,2026-03-31,learned_order_extension,20260911,0.5393991356258233,0.5393991356258233,1,1
fixed_transform_add_only,3688,2026-04-10,2026-04-20,0.0242766725964382,2026,2026-03-31,learned_order_extension,20260911,0.40104387408444847,0.40104387408444847,0,1
fixed_transform_add_only,3693,2026-04-17,2026-04-27,0.010401572188011,2026,2026-03-31,learned_order_extension,20260911,0.47073673984562187,0.47073673984562187,0,1
fixed_transform_add_only,3698,2026-04-24,2026-05-11,0.0263674696524953,2026,2026-03-31,learned_order_extension,20260911,0.3633800169228516,0.3633800169228516,0,1
fixed_transform_add_only,3705,2026-05-08,2026-05-18,-0.0134529239455926,2026,2026-03-31,learned_order_extension,20260911,0.34836391660113575,0.34836391660113575,0,0
fixed_transform_add_only,3710,2026-05-15,2026-05-25,0.0076235492615268,2026,2026-03-31,learned_order_extension,20260911,0.4622095371912703,0.4622095371912703,0,1
fixed_transform_add_only,3715,2026-05-22,2026-06-01,0.005068538126898,2026,2026-03-31,learned_order_extension,20260911,0.5848821270192598,0.5848821270192598,1,1
fixed_transform_add_only,3720,2026-05-29,2026-06-08,-0.039635353927193,2026,2026-03-31,learned_order_extension,20260911,0.5292831439366106,0.5292831439366106,1,0
fixed_transform_add_only,3725,2026-06-05,2026-06-15,0.0266849782195981,2026,2026-03-31,learned_order_extension,20260911,0.3404191673747015,0.3404191673747015,0,1
fixed_transform_add_only,3730,2026-06-12,2026-06-29,0.0076098142791176,2026,2026-03-31,learned_order_extension,20260911,0.21054284235623325,0.21054284235623325,0,1
fixed_transform_add_only,3739,2026-06-26,2026-07-06,0.0005137647861506,2026,2026-03-31,learned_order_extension,20260911,0.4293517607518922,0.4293517607518922,0,1
fixed_transform_add_only,3684,2026-04-03,2026-04-13,0.0380736235508991,2026,2026-03-31,learned_order_offset,20260911,0.5390297965624711,0.5390297965624711,1,1
fixed_transform_add_only,3688,2026-04-10,2026-04-20,0.0242766725964382,2026,2026-03-31,learned_order_offset,20260911,0.4009920128495078,0.4009920128495078,0,1
fixed_transform_add_only,3693,2026-04-17,2026-04-27,0.010401572188011,2026,2026-03-31,learned_order_offset,20260911,0.471447439346322,0.471447439346322,0,1
fixed_transform_add_only,3698,2026-04-24,2026-05-11,0.0263674696524953,2026,2026-03-31,learned_order_offset,20260911,0.3631259646551643,0.3631259646551643,0,1
fixed_transform_add_only,3705,2026-05-08,2026-05-18,-0.0134529239455926,2026,2026-03-31,learned_order_offset,20260911,0.34747381310155095,0.34747381310155095,0,0
fixed_transform_add_only,3710,2026-05-15,2026-05-25,0.0076235492615268,2026,2026-03-31,learned_order_offset,20260911,0.461924897542621,0.461924897542621,0,1
fixed_transform_add_only,3715,2026-05-22,2026-06-01,0.005068538126898,2026,2026-03-31,learned_order_offset,20260911,0.5836561245856565,0.5836561245856565,1,1
fixed_transform_add_only,3720,2026-05-29,2026-06-08,-0.039635353927193,2026,2026-03-31,learned_order_offset,20260911,0.5289196252150047,0.5289196252150047,1,0
fixed_transform_add_only,3725,2026-06-05,2026-06-15,0.0266849782195981,2026,2026-03-31,learned_order_offset,20260911,0.3405798154164848,0.3405798154164848,0,1
fixed_transform_add_only,3730,2026-06-12,2026-06-29,0.0076098142791176,2026,2026-03-31,learned_order_offset,20260911,0.2107193338268145,0.2107193338268145,0,1
fixed_transform_add_only,3739,2026-06-26,2026-07-06,0.0005137647861506,2026,2026-03-31,learned_order_offset,20260911,0.42927789484821255,0.42927789484821255,0,1
fixed_transform_add_only,3684,2026-04-03,2026-04-13,0.0380736235508991,2026,2026-03-31,learned_market,20260912,0.4309262117514551,0.4309262117514551,0,1
fixed_transform_add_only,3688,2026-04-10,2026-04-20,0.0242766725964382,2026,2026-03-31,learned_market,20260912,0.5076281338300402,0.5076281338300402,1,1
fixed_transform_add_only,3693,2026-04-17,2026-04-27,0.010401572188011,2026,2026-03-31,learned_market,20260912,0.4225465973229807,0.4225465973229807,0,1
fixed_transform_add_only,3698,2026-04-24,2026-05-11,0.0263674696524953,2026,2026-03-31,learned_market,20260912,0.4292145932824818,0.4292145932824818,0,1
fixed_transform_add_only,3705,2026-05-08,2026-05-18,-0.0134529239455926,2026,2026-03-31,learned_market,20260912,0.4588016254876352,0.4588016254876352,0,0
fixed_transform_add_only,3710,2026-05-15,2026-05-25,0.0076235492615268,2026,2026-03-31,learned_market,20260912,0.5068969579243777,0.5068969579243777,1,1
fixed_transform_add_only,3715,2026-05-22,2026-06-01,0.005068538126898,2026,2026-03-31,learned_market,20260912,0.49042159067842206,0.49042159067842206,0,1
fixed_transform_add_only,3720,2026-05-29,2026-06-08,-0.039635353927193,2026,2026-03-31,learned_market,20260912,0.4617896094330141,0.4617896094330141,0,0
fixed_transform_add_only,3725,2026-06-05,2026-06-15,0.0266849782195981,2026,2026-03-31,learned_market,20260912,0.4743041271811487,0.4743041271811487,0,1
fixed_transform_add_only,3730,2026-06-12,2026-06-29,0.0076098142791176,2026,2026-03-31,learned_market,20260912,0.4466603087483963,0.4466603087483963,0,1
fixed_transform_add_only,3739,2026-06-26,2026-07-06,0.0005137647861506,2026,2026-03-31,learned_market,20260912,0.5261818659853158,0.5261818659853158,1,1
fixed_transform_add_only,3684,2026-04-03,2026-04-13,0.0380736235508991,2026,2026-03-31,learned_vol_interaction,20260912,0.44847352466687235,0.44847352466687235,0,1
fixed_transform_add_only,3688,2026-04-10,2026-04-20,0.0242766725964382,2026,2026-03-31,learned_vol_interaction,20260912,0.4973626086942935,0.4973626086942935,0,1
fixed_transform_add_only,3693,2026-04-17,2026-04-27,0.010401572188011,2026,2026-03-31,learned_vol_interaction,20260912,0.46226031985583294,0.46226031985583294,0,1
fixed_transform_add_only,3698,2026-04-24,2026-05-11,0.0263674696524953,2026,2026-03-31,learned_vol_interaction,20260912,0.4256506767587902,0.4256506767587902,0,1
fixed_transform_add_only,3705,2026-05-08,2026-05-18,-0.0134529239455926,2026,2026-03-31,learned_vol_interaction,20260912,0.4371977494659805,0.4371977494659805,0,0
fixed_transform_add_only,3710,2026-05-15,2026-05-25,0.0076235492615268,2026,2026-03-31,learned_vol_interaction,20260912,0.4906488323940263,0.4906488323940263,0,1
fixed_transform_add_only,3715,2026-05-22,2026-06-01,0.005068538126898,2026,2026-03-31,learned_vol_interaction,20260912,0.4717757935667609,0.4717757935667609,0,1
fixed_transform_add_only,3720,2026-05-29,2026-06-08,-0.039635353927193,2026,2026-03-31,learned_vol_interaction,20260912,0.4599721701063209,0.4599721701063209,0,0
fixed_transform_add_only,3725,2026-06-05,2026-06-15,0.0266849782195981,2026,2026-03-31,learned_vol_interaction,20260912,0.4636287613484261,0.4636287613484261,0,1
fixed_transform_add_only,3730,2026-06-12,2026-06-29,0.0076098142791176,2026,2026-03-31,learned_vol_interaction,20260912,0.4418341069609269,0.4418341069609269,0,1
fixed_transform_add_only,3739,2026-06-26,2026-07-06,0.0005137647861506,2026,2026-03-31,learned_vol_interaction,20260912,0.5136302350587226,0.5136302350587226,1,1
fixed_transform_add_only,3684,2026-04-03,2026-04-13,0.0380736235508991,2026,2026-03-31,learned_order_extension,20260912,0.4311371457749233,0.4311371457749233,0,1
fixed_transform_add_only,3688,2026-04-10,2026-04-20,0.0242766725964382,2026,2026-03-31,learned_order_extension,20260912,0.5002688800709993,0.5002688800709993,1,1
fixed_transform_add_only,3693,2026-04-17,2026-04-27,0.010401572188011,2026,2026-03-31,learned_order_extension,20260912,0.4315428724709694,0.4315428724709694,0,1
fixed_transform_add_only,3698,2026-04-24,2026-05-11,0.0263674696524953,2026,2026-03-31,learned_order_extension,20260912,0.4126532121205585,0.4126532121205585,0,1
fixed_transform_add_only,3705,2026-05-08,2026-05-18,-0.0134529239455926,2026,2026-03-31,learned_order_extension,20260912,0.4385036267804498,0.4385036267804498,0,0
fixed_transform_add_only,3710,2026-05-15,2026-05-25,0.0076235492615268,2026,2026-03-31,learned_order_extension,20260912,0.5117399154668991,0.5117399154668991,1,1
fixed_transform_add_only,3715,2026-05-22,2026-06-01,0.005068538126898,2026,2026-03-31,learned_order_extension,20260912,0.4776989538498759,0.4776989538498759,0,1
fixed_transform_add_only,3720,2026-05-29,2026-06-08,-0.039635353927193,2026,2026-03-31,learned_order_extension,20260912,0.4510863335828338,0.4510863335828338,0,0
fixed_transform_add_only,3725,2026-06-05,2026-06-15,0.0266849782195981,2026,2026-03-31,learned_order_extension,20260912,0.45091684820091005,0.45091684820091005,0,1
fixed_transform_add_only,3730,2026-06-12,2026-06-29,0.0076098142791176,2026,2026-03-31,learned_order_extension,20260912,0.42104875615369924,0.42104875615369924,0,1
fixed_transform_add_only,3739,2026-06-26,2026-07-06,0.0005137647861506,2026,2026-03-31,learned_order_extension,20260912,0.5123276936574022,0.5123276936574022,1,1
fixed_transform_add_only,3684,2026-04-03,2026-04-13,0.0380736235508991,2026,2026-03-31,learned_order_offset,20260912,0.4311819263061478,0.4311819263061478,0,1
fixed_transform_add_only,3688,2026-04-10,2026-04-20,0.0242766725964382,2026,2026-03-31,learned_order_offset,20260912,0.5005001927748359,0.5005001927748359,1,1
fixed_transform_add_only,3693,2026-04-17,2026-04-27,0.010401572188011,2026,2026-03-31,learned_order_offset,20260912,0.43189074182168735,0.43189074182168735,0,1
fixed_transform_add_only,3698,2026-04-24,2026-05-11,0.0263674696524953,2026,2026-03-31,learned_order_offset,20260912,0.41333966063083866,0.41333966063083866,0,1
fixed_transform_add_only,3705,2026-05-08,2026-05-18,-0.0134529239455926,2026,2026-03-31,learned_order_offset,20260912,0.4389690728602037,0.4389690728602037,0,0
fixed_transform_add_only,3710,2026-05-15,2026-05-25,0.0076235492615268,2026,2026-03-31,learned_order_offset,20260912,0.5123136759468828,0.5123136759468828,1,1
fixed_transform_add_only,3715,2026-05-22,2026-06-01,0.005068538126898,2026,2026-03-31,learned_order_offset,20260912,0.4779627808916526,0.4779627808916526,0,1
fixed_transform_add_only,3720,2026-05-29,2026-06-08,-0.039635353927193,2026,2026-03-31,learned_order_offset,20260912,0.451220280563413,0.451220280563413,0,0
fixed_transform_add_only,3725,2026-06-05,2026-06-15,0.0266849782195981,2026,2026-03-31,learned_order_offset,20260912,0.4507822271573048,0.4507822271573048,0,1
fixed_transform_add_only,3730,2026-06-12,2026-06-29,0.0076098142791176,2026,2026-03-31,learned_order_offset,20260912,0.4210949227760382,0.4210949227760382,0,1
fixed_transform_add_only,3739,2026-06-26,2026-07-06,0.0005137647861506,2026,2026-03-31,learned_order_offset,20260912,0.5125924006071886,0.5125924006071886,1,1
fixed_transform_add_only,3684,2026-04-03,2026-04-13,0.0380736235508991,2026,2026-03-31,training_frequency,-1,0.47781299524564186,0.47781299524564186,0,1
fixed_transform_add_only,3688,2026-04-10,2026-04-20,0.0242766725964382,2026,2026-03-31,training_frequency,-1,0.47781299524564186,0.47781299524564186,0,1
fixed_transform_add_only,3693,2026-04-17,2026-04-27,0.010401572188011,2026,2026-03-31,training_frequency,-1,0.47781299524564186,0.47781299524564186,0,1
fixed_transform_add_only,3698,2026-04-24,2026-05-11,0.0263674696524953,2026,2026-03-31,training_frequency,-1,0.47781299524564186,0.47781299524564186,0,1
fixed_transform_add_only,3705,2026-05-08,2026-05-18,-0.0134529239455926,2026,2026-03-31,training_frequency,-1,0.47781299524564186,0.47781299524564186,0,0
fixed_transform_add_only,3710,2026-05-15,2026-05-25,0.0076235492615268,2026,2026-03-31,training_frequency,-1,0.47781299524564186,0.47781299524564186,0,1
fixed_transform_add_only,3715,2026-05-22,2026-06-01,0.005068538126898,2026,2026-03-31,training_frequency,-1,0.47781299524564186,0.47781299524564186,0,1
fixed_transform_add_only,3720,2026-05-29,2026-06-08,-0.039635353927193,2026,2026-03-31,training_frequency,-1,0.47781299524564186,0.47781299524564186,0,0
fixed_transform_add_only,3725,2026-06-05,2026-06-15,0.0266849782195981,2026,2026-03-31,training_frequency,-1,0.47781299524564186,0.47781299524564186,0,1
fixed_transform_add_only,3730,2026-06-12,2026-06-29,0.0076098142791176,2026,2026-03-31,training_frequency,-1,0.47781299524564186,0.47781299524564186,0,1
fixed_transform_add_only,3739,2026-06-26,2026-07-06,0.0005137647861506,2026,2026-03-31,training_frequency,-1,0.47781299524564186,0.47781299524564186,0,1
fixed_transform_add_only,3744,2026-07-03,2026-07-13,-0.0252847876365399,2026,2026-06-30,learned_market,20260910,0.5247305215961383,0.5247305215961383,1,0
fixed_transform_add_only,3749,2026-07-10,2026-07-20,-0.035775397012711,2026,2026-06-30,learned_market,20260910,0.6143405267595138,0.6143405267595138,1,0
fixed_transform_add_only,3754,2026-07-17,2026-07-27,0.01756245533441,2026,2026-06-30,learned_market,20260910,0.580744061066357,0.580744061066357,1,1
fixed_transform_add_only,3759,2026-07-24,2026-08-03,-0.0202339761556519,2026,2026-06-30,learned_market,20260910,0.601328243507107,0.601328243507107,1,0
fixed_transform_add_only,3764,2026-07-31,2026-08-10,0.0300318732435738,2026,2026-06-30,learned_market,20260910,0.32458684082912453,0.32458684082912453,0,1
fixed_transform_add_only,3769,2026-08-07,2026-08-17,-0.0056482265760339,2026,2026-06-30,learned_market,20260910,0.5692105801155023,0.5692105801155023,1,0
fixed_transform_add_only,3774,2026-08-14,2026-08-24,-0.0109860710402629,2026,2026-06-30,learned_market,20260910,0.5873169266481051,0.5873169266481051,1,0
fixed_transform_add_only,3779,2026-08-21,2026-08-31,-0.0127592811002066,2026,2026-06-30,learned_market,20260910,0.6974938724208672,0.6974938724208672,1,0
fixed_transform_add_only,3744,2026-07-03,2026-07-13,-0.0252847876365399,2026,2026-06-30,learned_vol_interaction,20260910,0.5391267208027265,0.5391267208027265,1,0
fixed_transform_add_only,3749,2026-07-10,2026-07-20,-0.035775397012711,2026,2026-06-30,learned_vol_interaction,20260910,0.6060575918781539,0.6060575918781539,1,0
fixed_transform_add_only,3754,2026-07-17,2026-07-27,0.01756245533441,2026,2026-06-30,learned_vol_interaction,20260910,0.5708458862744101,0.5708458862744101,1,1
fixed_transform_add_only,3759,2026-07-24,2026-08-03,-0.0202339761556519,2026,2026-06-30,learned_vol_interaction,20260910,0.5996818592602308,0.5996818592602308,1,0
fixed_transform_add_only,3764,2026-07-31,2026-08-10,0.0300318732435738,2026,2026-06-30,learned_vol_interaction,20260910,0.3566800643625009,0.3566800643625009,0,1
fixed_transform_add_only,3769,2026-08-07,2026-08-17,-0.0056482265760339,2026,2026-06-30,learned_vol_interaction,20260910,0.5666813228516971,0.5666813228516971,1,0
fixed_transform_add_only,3774,2026-08-14,2026-08-24,-0.0109860710402629,2026,2026-06-30,learned_vol_interaction,20260910,0.5817344419235871,0.5817344419235871,1,0
fixed_transform_add_only,3779,2026-08-21,2026-08-31,-0.0127592811002066,2026,2026-06-30,learned_vol_interaction,20260910,0.6955755688041054,0.6955755688041054,1,0
fixed_transform_add_only,3744,2026-07-03,2026-07-13,-0.0252847876365399,2026,2026-06-30,learned_order_extension,20260910,0.5656991705808918,0.5656991705808918,1,0
fixed_transform_add_only,3749,2026-07-10,2026-07-20,-0.035775397012711,2026,2026-06-30,learned_order_extension,20260910,0.5565708520886423,0.5565708520886423,1,0
fixed_transform_add_only,3754,2026-07-17,2026-07-27,0.01756245533441,2026,2026-06-30,learned_order_extension,20260910,0.536893479167641,0.536893479167641,1,1
fixed_transform_add_only,3759,2026-07-24,2026-08-03,-0.0202339761556519,2026,2026-06-30,learned_order_extension,20260910,0.572409759476952,0.572409759476952,1,0
fixed_transform_add_only,3764,2026-07-31,2026-08-10,0.0300318732435738,2026,2026-06-30,learned_order_extension,20260910,0.43503023550367464,0.43503023550367464,0,1
fixed_transform_add_only,3769,2026-08-07,2026-08-17,-0.0056482265760339,2026,2026-06-30,learned_order_extension,20260910,0.5428522785133663,0.5428522785133663,1,0
fixed_transform_add_only,3774,2026-08-14,2026-08-24,-0.0109860710402629,2026,2026-06-30,learned_order_extension,20260910,0.5469792706925255,0.5469792706925255,1,0
fixed_transform_add_only,3779,2026-08-21,2026-08-31,-0.0127592811002066,2026,2026-06-30,learned_order_extension,20260910,0.6217458860211338,0.6217458860211338,1,0
fixed_transform_add_only,3744,2026-07-03,2026-07-13,-0.0252847876365399,2026,2026-06-30,learned_order_offset,20260910,0.565569263817591,0.565569263817591,1,0
fixed_transform_add_only,3749,2026-07-10,2026-07-20,-0.035775397012711,2026,2026-06-30,learned_order_offset,20260910,0.5528318765682326,0.5528318765682326,1,0
fixed_transform_add_only,3754,2026-07-17,2026-07-27,0.01756245533441,2026,2026-06-30,learned_order_offset,20260910,0.5357036162449369,0.5357036162449369,1,1
fixed_transform_add_only,3759,2026-07-24,2026-08-03,-0.0202339761556519,2026,2026-06-30,learned_order_offset,20260910,0.5691619323764584,0.5691619323764584,1,0
fixed_transform_add_only,3764,2026-07-31,2026-08-10,0.0300318732435738,2026,2026-06-30,learned_order_offset,20260910,0.43961821288352065,0.43961821288352065,0,1
fixed_transform_add_only,3769,2026-08-07,2026-08-17,-0.0056482265760339,2026,2026-06-30,learned_order_offset,20260910,0.5442487975933052,0.5442487975933052,1,0
fixed_transform_add_only,3774,2026-08-14,2026-08-24,-0.0109860710402629,2026,2026-06-30,learned_order_offset,20260910,0.5457366904585819,0.5457366904585819,1,0
fixed_transform_add_only,3779,2026-08-21,2026-08-31,-0.0127592811002066,2026,2026-06-30,learned_order_offset,20260910,0.6190315453676355,0.6190315453676355,1,0
fixed_transform_add_only,3744,2026-07-03,2026-07-13,-0.0252847876365399,2026,2026-06-30,learned_market,20260911,0.5008513555087624,0.5008513555087624,1,0
fixed_transform_add_only,3749,2026-07-10,2026-07-20,-0.035775397012711,2026,2026-06-30,learned_market,20260911,0.44927105831880737,0.44927105831880737,0,0
fixed_transform_add_only,3754,2026-07-17,2026-07-27,0.01756245533441,2026,2026-06-30,learned_market,20260911,0.4942255719582776,0.4942255719582776,0,1
fixed_transform_add_only,3759,2026-07-24,2026-08-03,-0.0202339761556519,2026,2026-06-30,learned_market,20260911,0.5044364965460625,0.5044364965460625,1,0
fixed_transform_add_only,3764,2026-07-31,2026-08-10,0.0300318732435738,2026,2026-06-30,learned_market,20260911,0.49765315295564944,0.49765315295564944,0,1
fixed_transform_add_only,3769,2026-08-07,2026-08-17,-0.0056482265760339,2026,2026-06-30,learned_market,20260911,0.37340081534538494,0.37340081534538494,0,0
fixed_transform_add_only,3774,2026-08-14,2026-08-24,-0.0109860710402629,2026,2026-06-30,learned_market,20260911,0.5142024889628322,0.5142024889628322,1,0
fixed_transform_add_only,3779,2026-08-21,2026-08-31,-0.0127592811002066,2026,2026-06-30,learned_market,20260911,0.4858826096501165,0.4858826096501165,0,0
fixed_transform_add_only,3744,2026-07-03,2026-07-13,-0.0252847876365399,2026,2026-06-30,learned_vol_interaction,20260911,0.5371454832482273,0.5371454832482273,1,0
fixed_transform_add_only,3749,2026-07-10,2026-07-20,-0.035775397012711,2026,2026-06-30,learned_vol_interaction,20260911,0.4930434214944203,0.4930434214944203,0,0
fixed_transform_add_only,3754,2026-07-17,2026-07-27,0.01756245533441,2026,2026-06-30,learned_vol_interaction,20260911,0.5093897112355316,0.5093897112355316,1,1
fixed_transform_add_only,3759,2026-07-24,2026-08-03,-0.0202339761556519,2026,2026-06-30,learned_vol_interaction,20260911,0.5243877791530835,0.5243877791530835,1,0
fixed_transform_add_only,3764,2026-07-31,2026-08-10,0.0300318732435738,2026,2026-06-30,learned_vol_interaction,20260911,0.5160067851106593,0.5160067851106593,1,1
fixed_transform_add_only,3769,2026-08-07,2026-08-17,-0.0056482265760339,2026,2026-06-30,learned_vol_interaction,20260911,0.42657352789185055,0.42657352789185055,0,0
fixed_transform_add_only,3774,2026-08-14,2026-08-24,-0.0109860710402629,2026,2026-06-30,learned_vol_interaction,20260911,0.521435455127144,0.521435455127144,1,0
fixed_transform_add_only,3779,2026-08-21,2026-08-31,-0.0127592811002066,2026,2026-06-30,learned_vol_interaction,20260911,0.49610390982532426,0.49610390982532426,0,0
fixed_transform_add_only,3744,2026-07-03,2026-07-13,-0.0252847876365399,2026,2026-06-30,learned_order_extension,20260911,0.5488963360997855,0.5488963360997855,1,0
fixed_transform_add_only,3749,2026-07-10,2026-07-20,-0.035775397012711,2026,2026-06-30,learned_order_extension,20260911,0.5082352692380605,0.5082352692380605,1,0
fixed_transform_add_only,3754,2026-07-17,2026-07-27,0.01756245533441,2026,2026-06-30,learned_order_extension,20260911,0.5133729585574575,0.5133729585574575,1,1
fixed_transform_add_only,3759,2026-07-24,2026-08-03,-0.0202339761556519,2026,2026-06-30,learned_order_extension,20260911,0.52811630932289,0.52811630932289,1,0
fixed_transform_add_only,3764,2026-07-31,2026-08-10,0.0300318732435738,2026,2026-06-30,learned_order_extension,20260911,0.519773805774986,0.519773805774986,1,1
fixed_transform_add_only,3769,2026-08-07,2026-08-17,-0.0056482265760339,2026,2026-06-30,learned_order_extension,20260911,0.4456870186148385,0.4456870186148385,0,0
fixed_transform_add_only,3774,2026-08-14,2026-08-24,-0.0109860710402629,2026,2026-06-30,learned_order_extension,20260911,0.5199451955227938,0.5199451955227938,1,0
fixed_transform_add_only,3779,2026-08-21,2026-08-31,-0.0127592811002066,2026,2026-06-30,learned_order_extension,20260911,0.4953922676508683,0.4953922676508683,0,0
fixed_transform_add_only,3744,2026-07-03,2026-07-13,-0.0252847876365399,2026,2026-06-30,learned_order_offset,20260911,0.5492463511919962,0.5492463511919962,1,0
fixed_transform_add_only,3749,2026-07-10,2026-07-20,-0.035775397012711,2026,2026-06-30,learned_order_offset,20260911,0.5087352777306868,0.5087352777306868,1,0
fixed_transform_add_only,3754,2026-07-17,2026-07-27,0.01756245533441,2026,2026-06-30,learned_order_offset,20260911,0.5139906779552018,0.5139906779552018,1,1
fixed_transform_add_only,3759,2026-07-24,2026-08-03,-0.0202339761556519,2026,2026-06-30,learned_order_offset,20260911,0.5283181727062183,0.5283181727062183,1,0
fixed_transform_add_only,3764,2026-07-31,2026-08-10,0.0300318732435738,2026,2026-06-30,learned_order_offset,20260911,0.5204265100423604,0.5204265100423604,1,1
fixed_transform_add_only,3769,2026-08-07,2026-08-17,-0.0056482265760339,2026,2026-06-30,learned_order_offset,20260911,0.44725487069158154,0.44725487069158154,0,0
fixed_transform_add_only,3774,2026-08-14,2026-08-24,-0.0109860710402629,2026,2026-06-30,learned_order_offset,20260911,0.5203282825471596,0.5203282825471596,1,0
fixed_transform_add_only,3779,2026-08-21,2026-08-31,-0.0127592811002066,2026,2026-06-30,learned_order_offset,20260911,0.49553306909272543,0.49553306909272543,0,0
fixed_transform_add_only,3744,2026-07-03,2026-07-13,-0.0252847876365399,2026,2026-06-30,learned_market,20260912,0.5299782726666971,0.5299782726666971,1,0
fixed_transform_add_only,3749,2026-07-10,2026-07-20,-0.035775397012711,2026,2026-06-30,learned_market,20260912,0.5638260478959927,0.5638260478959927,1,0
fixed_transform_add_only,3754,2026-07-17,2026-07-27,0.01756245533441,2026,2026-06-30,learned_market,20260912,0.4950758533153418,0.4950758533153418,0,1
fixed_transform_add_only,3759,2026-07-24,2026-08-03,-0.0202339761556519,2026,2026-06-30,learned_market,20260912,0.519450385190625,0.519450385190625,1,0
fixed_transform_add_only,3764,2026-07-31,2026-08-10,0.0300318732435738,2026,2026-06-30,learned_market,20260912,0.522236805806445,0.522236805806445,1,1
fixed_transform_add_only,3769,2026-08-07,2026-08-17,-0.0056482265760339,2026,2026-06-30,learned_market,20260912,0.5677505639880568,0.5677505639880568,1,0
fixed_transform_add_only,3774,2026-08-14,2026-08-24,-0.0109860710402629,2026,2026-06-30,learned_market,20260912,0.5502383542513645,0.5502383542513645,1,0
fixed_transform_add_only,3779,2026-08-21,2026-08-31,-0.0127592811002066,2026,2026-06-30,learned_market,20260912,0.5110887178830315,0.5110887178830315,1,0
fixed_transform_add_only,3744,2026-07-03,2026-07-13,-0.0252847876365399,2026,2026-06-30,learned_vol_interaction,20260912,0.5419268126866528,0.5419268126866528,1,0
fixed_transform_add_only,3749,2026-07-10,2026-07-20,-0.035775397012711,2026,2026-06-30,learned_vol_interaction,20260912,0.566628866794024,0.566628866794024,1,0
fixed_transform_add_only,3754,2026-07-17,2026-07-27,0.01756245533441,2026,2026-06-30,learned_vol_interaction,20260912,0.5591977233762159,0.5591977233762159,1,1
fixed_transform_add_only,3759,2026-07-24,2026-08-03,-0.0202339761556519,2026,2026-06-30,learned_vol_interaction,20260912,0.5673845148375145,0.5673845148375145,1,0
fixed_transform_add_only,3764,2026-07-31,2026-08-10,0.0300318732435738,2026,2026-06-30,learned_vol_interaction,20260912,0.5426129239246159,0.5426129239246159,1,1
fixed_transform_add_only,3769,2026-08-07,2026-08-17,-0.0056482265760339,2026,2026-06-30,learned_vol_interaction,20260912,0.5399114302521426,0.5399114302521426,1,0
fixed_transform_add_only,3774,2026-08-14,2026-08-24,-0.0109860710402629,2026,2026-06-30,learned_vol_interaction,20260912,0.5414697137659928,0.5414697137659928,1,0
fixed_transform_add_only,3779,2026-08-21,2026-08-31,-0.0127592811002066,2026,2026-06-30,learned_vol_interaction,20260912,0.5012753980929135,0.5012753980929135,1,0
fixed_transform_add_only,3744,2026-07-03,2026-07-13,-0.0252847876365399,2026,2026-06-30,learned_order_extension,20260912,0.5465511457262843,0.5465511457262843,1,0
fixed_transform_add_only,3749,2026-07-10,2026-07-20,-0.035775397012711,2026,2026-06-30,learned_order_extension,20260912,0.5664929263675313,0.5664929263675313,1,0
fixed_transform_add_only,3754,2026-07-17,2026-07-27,0.01756245533441,2026,2026-06-30,learned_order_extension,20260912,0.561343743704898,0.561343743704898,1,1
fixed_transform_add_only,3759,2026-07-24,2026-08-03,-0.0202339761556519,2026,2026-06-30,learned_order_extension,20260912,0.5707140305481789,0.5707140305481789,1,0
fixed_transform_add_only,3764,2026-07-31,2026-08-10,0.0300318732435738,2026,2026-06-30,learned_order_extension,20260912,0.5457578482177811,0.5457578482177811,1,1
fixed_transform_add_only,3769,2026-08-07,2026-08-17,-0.0056482265760339,2026,2026-06-30,learned_order_extension,20260912,0.5362595732541658,0.5362595732541658,1,0
fixed_transform_add_only,3774,2026-08-14,2026-08-24,-0.0109860710402629,2026,2026-06-30,learned_order_extension,20260912,0.5392007564450491,0.5392007564450491,1,0
fixed_transform_add_only,3779,2026-08-21,2026-08-31,-0.0127592811002066,2026,2026-06-30,learned_order_extension,20260912,0.49797247359941277,0.49797247359941277,0,0
fixed_transform_add_only,3744,2026-07-03,2026-07-13,-0.0252847876365399,2026,2026-06-30,learned_order_offset,20260912,0.5466031518938853,0.5466031518938853,1,0
fixed_transform_add_only,3749,2026-07-10,2026-07-20,-0.035775397012711,2026,2026-06-30,learned_order_offset,20260912,0.5667745929216004,0.5667745929216004,1,0
fixed_transform_add_only,3754,2026-07-17,2026-07-27,0.01756245533441,2026,2026-06-30,learned_order_offset,20260912,0.562298776302336,0.562298776302336,1,1
fixed_transform_add_only,3759,2026-07-24,2026-08-03,-0.0202339761556519,2026,2026-06-30,learned_order_offset,20260912,0.5720415596784125,0.5720415596784125,1,0
fixed_transform_add_only,3764,2026-07-31,2026-08-10,0.0300318732435738,2026,2026-06-30,learned_order_offset,20260912,0.5468530642574997,0.5468530642574997,1,1
fixed_transform_add_only,3769,2026-08-07,2026-08-17,-0.0056482265760339,2026,2026-06-30,learned_order_offset,20260912,0.5369126259341005,0.5369126259341005,1,0
fixed_transform_add_only,3774,2026-08-14,2026-08-24,-0.0109860710402629,2026,2026-06-30,learned_order_offset,20260912,0.5395988590747871,0.5395988590747871,1,0
fixed_transform_add_only,3779,2026-08-21,2026-08-31,-0.0127592811002066,2026,2026-06-30,learned_order_offset,20260912,0.4986151065942325,0.4986151065942325,0,0
fixed_transform_add_only,3744,2026-07-03,2026-07-13,-0.0252847876365399,2026,2026-06-30,training_frequency,-1,0.4886535552193646,0.4886535552193646,0,0
fixed_transform_add_only,3749,2026-07-10,2026-07-20,-0.035775397012711,2026,2026-06-30,training_frequency,-1,0.4886535552193646,0.4886535552193646,0,0
fixed_transform_add_only,3754,2026-07-17,2026-07-27,0.01756245533441,2026,2026-06-30,training_frequency,-1,0.4886535552193646,0.4886535552193646,0,1
fixed_transform_add_only,3759,2026-07-24,2026-08-03,-0.0202339761556519,2026,2026-06-30,training_frequency,-1,0.4886535552193646,0.4886535552193646,0,0
fixed_transform_add_only,3764,2026-07-31,2026-08-10,0.0300318732435738,2026,2026-06-30,training_frequency,-1,0.4886535552193646,0.4886535552193646,0,1
fixed_transform_add_only,3769,2026-08-07,2026-08-17,-0.0056482265760339,2026,2026-06-30,training_frequency,-1,0.4886535552193646,0.4886535552193646,0,0
fixed_transform_add_only,3774,2026-08-14,2026-08-24,-0.0109860710402629,2026,2026-06-30,training_frequency,-1,0.4886535552193646,0.4886535552193646,0,0
fixed_transform_add_only,3779,2026-08-21,2026-08-31,-0.0127592811002066,2026,2026-06-30,training_frequency,-1,0.4886535552193646,0.4886535552193646,0,0
fixed_transform_add_only,2418,2021-01-08,2021-01-18,-0.0120052904669853,2021,2020-12-31,native_mse,20260910,-0.00016719672473286887,,0,0
fixed_transform_add_only,2423,2021-01-15,2021-01-25,0.0231622460538123,2021,2020-12-31,native_mse,20260910,-0.0024576018862454926,,0,1
fixed_transform_add_only,2428,2021-01-22,2021-02-01,-0.0372511735907923,2021,2020-12-31,native_mse,20260910,-0.003647746896638798,,0,0
fixed_transform_add_only,2433,2021-01-29,2021-02-08,0.0278689901714626,2021,2020-12-31,native_mse,20260910,-0.0025472735860022446,,0,1
fixed_transform_add_only,2438,2021-02-05,2021-02-22,0.0507379035040882,2021,2020-12-31,native_mse,20260910,-0.0030793775400414984,,0,1
fixed_transform_add_only,2443,2021-02-19,2021-03-01,-0.0684918010685315,2021,2020-12-31,native_mse,20260910,-0.0023490676188242655,,0,0
fixed_transform_add_only,2448,2021-02-26,2021-03-08,-0.0165997123904068,2021,2020-12-31,native_mse,20260910,-0.0023665663755005908,,0,0
fixed_transform_add_only,2453,2021-03-05,2021-03-15,-0.0346560901469681,2021,2020-12-31,native_mse,20260910,-0.0014253865572098575,,0,0
fixed_transform_add_only,2458,2021-03-12,2021-03-22,-0.0210550182560221,2021,2020-12-31,native_mse,20260910,-0.0005000901973691782,,0,0
fixed_transform_add_only,2463,2021-03-19,2021-03-29,0.0087572877565691,2021,2020-12-31,native_mse,20260910,0.006023340982564988,,1,1
fixed_transform_add_only,2468,2021-03-26,2021-04-06,0.0250145479448802,2021,2020-12-31,native_mse,20260910,0.005598392317839315,,1,1
fixed_transform_add_only,2473,2021-04-02,2021-04-12,-0.0292856811827044,2021,2020-12-31,native_mse,20260910,0.0036485752776130036,,1,0
fixed_transform_add_only,2477,2021-04-09,2021-04-19,-0.0120489836840408,2021,2020-12-31,native_mse,20260910,0.007350243400305611,,1,0
fixed_transform_add_only,2482,2021-04-16,2021-04-26,0.0382932540809155,2021,2020-12-31,native_mse,20260910,0.002900059176571625,,1,1
fixed_transform_add_only,2487,2021-04-23,2021-05-06,-0.0112070185917437,2021,2020-12-31,native_mse,20260910,0.007596625467989239,,1,0
fixed_transform_add_only,2492,2021-04-30,2021-05-12,-0.0190946889464188,2021,2020-12-31,native_mse,20260910,0.007105998256782256,,1,0
fixed_transform_add_only,2494,2021-05-07,2021-05-17,0.0227674429764228,2021,2020-12-31,native_mse,20260910,0.0072995237328683515,,1,1
fixed_transform_add_only,2499,2021-05-14,2021-05-24,0.0045940519733895,2021,2020-12-31,native_mse,20260910,0.006906583839110419,,1,1
fixed_transform_add_only,2504,2021-05-21,2021-05-31,0.0348855085126711,2021,2020-12-31,native_mse,20260910,0.0039949465805707365,,1,1
fixed_transform_add_only,2509,2021-05-28,2021-06-07,-0.0062409741861724,2021,2020-12-31,native_mse,20260910,0.004302626766656515,,1,0
fixed_transform_add_only,2514,2021-06-04,2021-06-15,-0.0125508761771767,2021,2020-12-31,native_mse,20260910,0.0018010688105476373,,1,0
fixed_transform_add_only,2519,2021-06-11,2021-06-21,-0.0250011497424577,2021,2020-12-31,native_mse,20260910,-0.0027939130847951473,,0,0
fixed_transform_add_only,2523,2021-06-18,2021-06-28,0.0325308711127356,2021,2020-12-31,native_mse,20260910,-0.0024054667576293687,,0,1
fixed_transform_add_only,2528,2021-06-25,2021-07-05,-0.0342297962734196,2021,2020-12-31,native_mse,20260910,-0.0021641013171994155,,0,0
fixed_transform_add_only,2533,2021-07-02,2021-07-12,0.0068193733271841,2021,2020-12-31,native_mse,20260910,-0.002740282150259048,,0,1
fixed_transform_add_only,2538,2021-07-09,2021-07-19,-0.0048254045313779,2021,2020-12-31,native_mse,20260910,-0.0025804416168060183,,0,0
fixed_transform_add_only,2543,2021-07-16,2021-07-26,-0.0032299118953994,2021,2020-12-31,native_mse,20260910,-0.0035112489700114967,,0,0
fixed_transform_add_only,2548,2021-07-23,2021-08-02,-0.0537740931579083,2021,2020-12-31,native_mse,20260910,-0.002252148085559406,,0,0
fixed_transform_add_only,2553,2021-07-30,2021-08-09,0.019904813945049,2021,2020-12-31,native_mse,20260910,-0.0013935392955686378,,0,1
fixed_transform_add_only,2558,2021-08-06,2021-08-16,0.0093369268709639,2021,2020-12-31,native_mse,20260910,-0.0008547058545780883,,0,1
fixed_transform_add_only,2563,2021-08-13,2021-08-23,-0.032048736608373,2021,2020-12-31,native_mse,20260910,-0.0010996712313164061,,0,0
fixed_transform_add_only,2568,2021-08-20,2021-08-30,0.0145047962107527,2021,2020-12-31,native_mse,20260910,0.0014984460902095808,,1,1
fixed_transform_add_only,2573,2021-08-27,2021-09-06,-0.0012316820816045,2021,2020-12-31,native_mse,20260910,0.006590900742918945,,1,0
fixed_transform_add_only,2578,2021-09-03,2021-09-13,0.0342301066295398,2021,2020-12-31,native_mse,20260910,0.009486980636077728,,1,1
fixed_transform_add_only,2583,2021-09-10,2021-09-22,-0.0471441667981554,2021,2020-12-31,native_mse,20260910,0.009371153033789907,,1,0
fixed_transform_add_only,2588,2021-09-17,2021-09-28,0.0209863060789441,2021,2020-12-31,native_mse,20260910,0.009603132896707183,,1,1
fixed_transform_add_only,2591,2021-09-24,2021-10-11,0.0144615416200457,2021,2020-12-31,native_mse,20260910,0.009682760274058575,,1,1
fixed_transform_add_only,2596,2021-10-08,2021-10-18,-0.0038006269617851,2021,2020-12-31,native_mse,20260910,0.009091248352644028,,1,0
fixed_transform_add_only,2601,2021-10-15,2021-10-25,0.0037358989621147,2021,2020-12-31,native_mse,20260910,0.008469619450977196,,1,1
fixed_transform_add_only,2606,2021-10-22,2021-11-01,-0.0127041632091318,2021,2020-12-31,native_mse,20260910,0.0008933657456787875,,1,0
fixed_transform_add_only,2611,2021-10-29,2021-11-08,-0.0075807737801166,2021,2020-12-31,native_mse,20260910,0.002406790555140204,,1,0
fixed_transform_add_only,2616,2021-11-05,2021-11-15,0.0110015182343039,2021,2020-12-31,native_mse,20260910,0.004495816516502967,,1,1
fixed_transform_add_only,2621,2021-11-12,2021-11-22,0.0002002284238551,2021,2020-12-31,native_mse,20260910,0.008345328596010884,,1,1
fixed_transform_add_only,2626,2021-11-19,2021-11-29,-0.0153981603100059,2021,2020-12-31,native_mse,20260910,0.006936498727743483,,1,0
fixed_transform_add_only,2631,2021-11-26,2021-12-06,0.0185518287306458,2021,2020-12-31,native_mse,20260910,0.0043122154605937865,,1,1
fixed_transform_add_only,2636,2021-12-03,2021-12-13,0.0367843110096284,2021,2020-12-31,native_mse,20260910,0.003903132217743633,,1,1
fixed_transform_add_only,2641,2021-12-10,2021-12-20,-0.0304615698955996,2021,2020-12-31,native_mse,20260910,0.0011584734670292821,,1,0
fixed_transform_add_only,2646,2021-12-17,2021-12-27,-0.0034083287233763,2021,2020-12-31,native_mse,20260910,0.008060168302998738,,1,0
fixed_transform_add_only,2651,2021-12-24,2022-01-04,0.0080985736506613,2021,2020-12-31,native_mse,20260910,0.0074924187486900135,,1,1
fixed_transform_add_only,2656,2021-12-31,2022-01-10,-0.0293970528320001,2021,2020-12-31,native_mse,20260910,0.008334791957105143,,1,0
fixed_transform_add_only,2418,2021-01-08,2021-01-18,-0.0120052904669853,2021,2020-12-31,native_mse,20260911,0.008552411017393067,,1,0
fixed_transform_add_only,2423,2021-01-15,2021-01-25,0.0231622460538123,2021,2020-12-31,native_mse,20260911,0.004218820233000888,,1,1
fixed_transform_add_only,2428,2021-01-22,2021-02-01,-0.0372511735907923,2021,2020-12-31,native_mse,20260911,0.004959951689017089,,1,0
fixed_transform_add_only,2433,2021-01-29,2021-02-08,0.0278689901714626,2021,2020-12-31,native_mse,20260911,-0.006242641410233065,,0,1
fixed_transform_add_only,2438,2021-02-05,2021-02-22,0.0507379035040882,2021,2020-12-31,native_mse,20260911,0.0007951359987466982,,1,1
fixed_transform_add_only,2443,2021-02-19,2021-03-01,-0.0684918010685315,2021,2020-12-31,native_mse,20260911,-0.0016330918552967294,,0,0
fixed_transform_add_only,2448,2021-02-26,2021-03-08,-0.0165997123904068,2021,2020-12-31,native_mse,20260911,-0.00533638880364651,,0,0
fixed_transform_add_only,2453,2021-03-05,2021-03-15,-0.0346560901469681,2021,2020-12-31,native_mse,20260911,-0.011674592766508288,,0,0
fixed_transform_add_only,2458,2021-03-12,2021-03-22,-0.0210550182560221,2021,2020-12-31,native_mse,20260911,-0.007847066861436623,,0,0
fixed_transform_add_only,2463,2021-03-19,2021-03-29,0.0087572877565691,2021,2020-12-31,native_mse,20260911,-0.0039060339233599494,,0,1
fixed_transform_add_only,2468,2021-03-26,2021-04-06,0.0250145479448802,2021,2020-12-31,native_mse,20260911,0.0009273635613917179,,1,1
fixed_transform_add_only,2473,2021-04-02,2021-04-12,-0.0292856811827044,2021,2020-12-31,native_mse,20260911,-0.0027355840325147787,,0,0
fixed_transform_add_only,2477,2021-04-09,2021-04-19,-0.0120489836840408,2021,2020-12-31,native_mse,20260911,-0.0036343506408249315,,0,0
fixed_transform_add_only,2482,2021-04-16,2021-04-26,0.0382932540809155,2021,2020-12-31,native_mse,20260911,-0.0006724515978878938,,0,1
fixed_transform_add_only,2487,2021-04-23,2021-05-06,-0.0112070185917437,2021,2020-12-31,native_mse,20260911,0.0055289088739753755,,1,0
fixed_transform_add_only,2492,2021-04-30,2021-05-12,-0.0190946889464188,2021,2020-12-31,native_mse,20260911,0.0033327575219957396,,1,0
fixed_transform_add_only,2494,2021-05-07,2021-05-17,0.0227674429764228,2021,2020-12-31,native_mse,20260911,0.0021669511395786133,,1,1
fixed_transform_add_only,2499,2021-05-14,2021-05-24,0.0045940519733895,2021,2020-12-31,native_mse,20260911,0.0011114542693073139,,1,1
fixed_transform_add_only,2504,2021-05-21,2021-05-31,0.0348855085126711,2021,2020-12-31,native_mse,20260911,0.008400289317996804,,1,1
fixed_transform_add_only,2509,2021-05-28,2021-06-07,-0.0062409741861724,2021,2020-12-31,native_mse,20260911,0.0007953145198423817,,1,0
fixed_transform_add_only,2514,2021-06-04,2021-06-15,-0.0125508761771767,2021,2020-12-31,native_mse,20260911,-0.007020166164517651,,0,0
fixed_transform_add_only,2519,2021-06-11,2021-06-21,-0.0250011497424577,2021,2020-12-31,native_mse,20260911,-0.008619872591947365,,0,0
fixed_transform_add_only,2523,2021-06-18,2021-06-28,0.0325308711127356,2021,2020-12-31,native_mse,20260911,-0.008791375820448139,,0,1
fixed_transform_add_only,2528,2021-06-25,2021-07-05,-0.0342297962734196,2021,2020-12-31,native_mse,20260911,-0.008045520831514462,,0,0
fixed_transform_add_only,2533,2021-07-02,2021-07-12,0.0068193733271841,2021,2020-12-31,native_mse,20260911,-0.007174844548354277,,0,1
fixed_transform_add_only,2538,2021-07-09,2021-07-19,-0.0048254045313779,2021,2020-12-31,native_mse,20260911,-0.015340492927170088,,0,0
fixed_transform_add_only,2543,2021-07-16,2021-07-26,-0.0032299118953994,2021,2020-12-31,native_mse,20260911,-0.005208717730643443,,0,0
fixed_transform_add_only,2548,2021-07-23,2021-08-02,-0.0537740931579083,2021,2020-12-31,native_mse,20260911,-0.005850917345567664,,0,0
fixed_transform_add_only,2553,2021-07-30,2021-08-09,0.019904813945049,2021,2020-12-31,native_mse,20260911,-0.0028205260505218244,,0,1
fixed_transform_add_only,2558,2021-08-06,2021-08-16,0.0093369268709639,2021,2020-12-31,native_mse,20260911,0.0007831311211854701,,1,1
fixed_transform_add_only,2563,2021-08-13,2021-08-23,-0.032048736608373,2021,2020-12-31,native_mse,20260911,-0.0005906639308137641,,0,0
fixed_transform_add_only,2568,2021-08-20,2021-08-30,0.0145047962107527,2021,2020-12-31,native_mse,20260911,-0.004641917146108556,,0,1
fixed_transform_add_only,2573,2021-08-27,2021-09-06,-0.0012316820816045,2021,2020-12-31,native_mse,20260911,0.014579973106645959,,1,0
fixed_transform_add_only,2578,2021-09-03,2021-09-13,0.0342301066295398,2021,2020-12-31,native_mse,20260911,0.008593989010996025,,1,1
fixed_transform_add_only,2583,2021-09-10,2021-09-22,-0.0471441667981554,2021,2020-12-31,native_mse,20260911,0.008313547741757724,,1,0
fixed_transform_add_only,2588,2021-09-17,2021-09-28,0.0209863060789441,2021,2020-12-31,native_mse,20260911,0.01165935650344279,,1,1
fixed_transform_add_only,2591,2021-09-24,2021-10-11,0.0144615416200457,2021,2020-12-31,native_mse,20260911,0.005518532924551857,,1,1
fixed_transform_add_only,2596,2021-10-08,2021-10-18,-0.0038006269617851,2021,2020-12-31,native_mse,20260911,0.012263523541426666,,1,0
fixed_transform_add_only,2601,2021-10-15,2021-10-25,0.0037358989621147,2021,2020-12-31,native_mse,20260911,0.005744974739242532,,1,1
fixed_transform_add_only,2606,2021-10-22,2021-11-01,-0.0127041632091318,2021,2020-12-31,native_mse,20260911,-0.002876912071818175,,0,0
fixed_transform_add_only,2611,2021-10-29,2021-11-08,-0.0075807737801166,2021,2020-12-31,native_mse,20260911,0.007299876265916085,,1,0
fixed_transform_add_only,2616,2021-11-05,2021-11-15,0.0110015182343039,2021,2020-12-31,native_mse,20260911,0.01509194783358179,,1,1
fixed_transform_add_only,2621,2021-11-12,2021-11-22,0.0002002284238551,2021,2020-12-31,native_mse,20260911,0.015091062401740971,,1,1
fixed_transform_add_only,2626,2021-11-19,2021-11-29,-0.0153981603100059,2021,2020-12-31,native_mse,20260911,0.0038828482450291406,,1,0
fixed_transform_add_only,2631,2021-11-26,2021-12-06,0.0185518287306458,2021,2020-12-31,native_mse,20260911,0.012319022901115752,,1,1
fixed_transform_add_only,2636,2021-12-03,2021-12-13,0.0367843110096284,2021,2020-12-31,native_mse,20260911,-0.0032795392457900994,,0,1
fixed_transform_add_only,2641,2021-12-10,2021-12-20,-0.0304615698955996,2021,2020-12-31,native_mse,20260911,0.0011267436480836153,,1,0
fixed_transform_add_only,2646,2021-12-17,2021-12-27,-0.0034083287233763,2021,2020-12-31,native_mse,20260911,0.009051863032613542,,1,0
fixed_transform_add_only,2651,2021-12-24,2022-01-04,0.0080985736506613,2021,2020-12-31,native_mse,20260911,0.011692479032888078,,1,1
fixed_transform_add_only,2656,2021-12-31,2022-01-10,-0.0293970528320001,2021,2020-12-31,native_mse,20260911,0.0061027978323025915,,1,0
fixed_transform_add_only,2418,2021-01-08,2021-01-18,-0.0120052904669853,2021,2020-12-31,native_mse,20260912,0.001397497585867654,,1,0
fixed_transform_add_only,2423,2021-01-15,2021-01-25,0.0231622460538123,2021,2020-12-31,native_mse,20260912,0.0006715229500529757,,1,1
fixed_transform_add_only,2428,2021-01-22,2021-02-01,-0.0372511735907923,2021,2020-12-31,native_mse,20260912,0.0008989216255188498,,1,0
fixed_transform_add_only,2433,2021-01-29,2021-02-08,0.0278689901714626,2021,2020-12-31,native_mse,20260912,0.0007959764416317159,,1,1
fixed_transform_add_only,2438,2021-02-05,2021-02-22,0.0507379035040882,2021,2020-12-31,native_mse,20260912,0.0012803740659475327,,1,1
fixed_transform_add_only,2443,2021-02-19,2021-03-01,-0.0684918010685315,2021,2020-12-31,native_mse,20260912,0.0009133829615551264,,1,0
fixed_transform_add_only,2448,2021-02-26,2021-03-08,-0.0165997123904068,2021,2020-12-31,native_mse,20260912,0.0013704992420810927,,1,0
fixed_transform_add_only,2453,2021-03-05,2021-03-15,-0.0346560901469681,2021,2020-12-31,native_mse,20260912,0.0008756814992302536,,1,0
fixed_transform_add_only,2458,2021-03-12,2021-03-22,-0.0210550182560221,2021,2020-12-31,native_mse,20260912,0.0011757184818956695,,1,0
fixed_transform_add_only,2463,2021-03-19,2021-03-29,0.0087572877565691,2021,2020-12-31,native_mse,20260912,0.0010792053864410744,,1,1
fixed_transform_add_only,2468,2021-03-26,2021-04-06,0.0250145479448802,2021,2020-12-31,native_mse,20260912,0.0011499309968955886,,1,1
fixed_transform_add_only,2473,2021-04-02,2021-04-12,-0.0292856811827044,2021,2020-12-31,native_mse,20260912,0.0010410156043567688,,1,0
fixed_transform_add_only,2477,2021-04-09,2021-04-19,-0.0120489836840408,2021,2020-12-31,native_mse,20260912,0.0015346227958627386,,1,0
fixed_transform_add_only,2482,2021-04-16,2021-04-26,0.0382932540809155,2021,2020-12-31,native_mse,20260912,0.001333459240383137,,1,1
fixed_transform_add_only,2487,2021-04-23,2021-05-06,-0.0112070185917437,2021,2020-12-31,native_mse,20260912,0.0016691075435783544,,1,0
fixed_transform_add_only,2492,2021-04-30,2021-05-12,-0.0190946889464188,2021,2020-12-31,native_mse,20260912,0.0008697905080337705,,1,0
fixed_transform_add_only,2494,2021-05-07,2021-05-17,0.0227674429764228,2021,2020-12-31,native_mse,20260912,0.0011496090030479206,,1,1
fixed_transform_add_only,2499,2021-05-14,2021-05-24,0.0045940519733895,2021,2020-12-31,native_mse,20260912,0.0010483063772099349,,1,1
fixed_transform_add_only,2504,2021-05-21,2021-05-31,0.0348855085126711,2021,2020-12-31,native_mse,20260912,0.0011439525898009322,,1,1
fixed_transform_add_only,2509,2021-05-28,2021-06-07,-0.0062409741861724,2021,2020-12-31,native_mse,20260912,0.0011525125328662067,,1,0
fixed_transform_add_only,2514,2021-06-04,2021-06-15,-0.0125508761771767,2021,2020-12-31,native_mse,20260912,0.0007128828650729158,,1,0
fixed_transform_add_only,2519,2021-06-11,2021-06-21,-0.0250011497424577,2021,2020-12-31,native_mse,20260912,0.0008407535701623152,,1,0
fixed_transform_add_only,2523,2021-06-18,2021-06-28,0.0325308711127356,2021,2020-12-31,native_mse,20260912,0.0005295128002944305,,1,1
fixed_transform_add_only,2528,2021-06-25,2021-07-05,-0.0342297962734196,2021,2020-12-31,native_mse,20260912,0.0004392776625445282,,1,0
fixed_transform_add_only,2533,2021-07-02,2021-07-12,0.0068193733271841,2021,2020-12-31,native_mse,20260912,0.0008802423955353033,,1,1
fixed_transform_add_only,2538,2021-07-09,2021-07-19,-0.0048254045313779,2021,2020-12-31,native_mse,20260912,0.001025036941487719,,1,0
fixed_transform_add_only,2543,2021-07-16,2021-07-26,-0.0032299118953994,2021,2020-12-31,native_mse,20260912,0.0009848540154367372,,1,0
fixed_transform_add_only,2548,2021-07-23,2021-08-02,-0.0537740931579083,2021,2020-12-31,native_mse,20260912,0.0010837390229232473,,1,0
fixed_transform_add_only,2553,2021-07-30,2021-08-09,0.019904813945049,2021,2020-12-31,native_mse,20260912,0.0007753634039124927,,1,1
fixed_transform_add_only,2558,2021-08-06,2021-08-16,0.0093369268709639,2021,2020-12-31,native_mse,20260912,0.0010686946751112278,,1,1
fixed_transform_add_only,2563,2021-08-13,2021-08-23,-0.032048736608373,2021,2020-12-31,native_mse,20260912,0.0016819071064647707,,1,0
fixed_transform_add_only,2568,2021-08-20,2021-08-30,0.0145047962107527,2021,2020-12-31,native_mse,20260912,0.0015674609930577542,,1,1
fixed_transform_add_only,2573,2021-08-27,2021-09-06,-0.0012316820816045,2021,2020-12-31,native_mse,20260912,0.0015518786224257932,,1,0
fixed_transform_add_only,2578,2021-09-03,2021-09-13,0.0342301066295398,2021,2020-12-31,native_mse,20260912,0.0015775578367383941,,1,1
fixed_transform_add_only,2583,2021-09-10,2021-09-22,-0.0471441667981554,2021,2020-12-31,native_mse,20260912,0.00097730888589041,,1,0
fixed_transform_add_only,2588,2021-09-17,2021-09-28,0.0209863060789441,2021,2020-12-31,native_mse,20260912,0.0010514539644274003,,1,1
fixed_transform_add_only,2591,2021-09-24,2021-10-11,0.0144615416200457,2021,2020-12-31,native_mse,20260912,0.0009736007301348337,,1,1
fixed_transform_add_only,2596,2021-10-08,2021-10-18,-0.0038006269617851,2021,2020-12-31,native_mse,20260912,0.0017059097904301645,,1,0
fixed_transform_add_only,2601,2021-10-15,2021-10-25,0.0037358989621147,2021,2020-12-31,native_mse,20260912,0.0013112113818953192,,1,1
fixed_transform_add_only,2606,2021-10-22,2021-11-01,-0.0127041632091318,2021,2020-12-31,native_mse,20260912,0.001166627382206441,,1,0
fixed_transform_add_only,2611,2021-10-29,2021-11-08,-0.0075807737801166,2021,2020-12-31,native_mse,20260912,0.0010497018546840582,,1,0
fixed_transform_add_only,2616,2021-11-05,2021-11-15,0.0110015182343039,2021,2020-12-31,native_mse,20260912,0.0009666279543883876,,1,1
fixed_transform_add_only,2621,2021-11-12,2021-11-22,0.0002002284238551,2021,2020-12-31,native_mse,20260912,0.00100753152357648,,1,1
fixed_transform_add_only,2626,2021-11-19,2021-11-29,-0.0153981603100059,2021,2020-12-31,native_mse,20260912,0.0011440904261233744,,1,0
fixed_transform_add_only,2631,2021-11-26,2021-12-06,0.0185518287306458,2021,2020-12-31,native_mse,20260912,0.0008222023383696463,,1,1
fixed_transform_add_only,2636,2021-12-03,2021-12-13,0.0367843110096284,2021,2020-12-31,native_mse,20260912,0.000663622110562264,,1,1
fixed_transform_add_only,2641,2021-12-10,2021-12-20,-0.0304615698955996,2021,2020-12-31,native_mse,20260912,0.0012207854253852776,,1,0
fixed_transform_add_only,2646,2021-12-17,2021-12-27,-0.0034083287233763,2021,2020-12-31,native_mse,20260912,0.0012339786672550855,,1,0
fixed_transform_add_only,2651,2021-12-24,2022-01-04,0.0080985736506613,2021,2020-12-31,native_mse,20260912,0.0010451229218044734,,1,1
fixed_transform_add_only,2656,2021-12-31,2022-01-10,-0.0293970528320001,2021,2020-12-31,native_mse,20260912,0.001214204791414166,,1,0
fixed_transform_add_only,2660,2022-01-07,2022-01-17,-0.0173453887283024,2022,2021-12-31,native_mse,20260910,-0.0034182510339292468,,0,0
fixed_transform_add_only,2665,2022-01-14,2022-01-24,0.0053248631776616,2022,2021-12-31,native_mse,20260910,0.004761167720503064,,1,1
fixed_transform_add_only,2670,2022-01-21,2022-02-07,-0.0242661876254222,2022,2021-12-31,native_mse,20260910,0.013137367547165641,,1,0
fixed_transform_add_only,2675,2022-01-28,2022-02-14,-0.0127539031341488,2022,2021-12-31,native_mse,20260910,0.010886081661597602,,1,0
fixed_transform_add_only,2680,2022-02-11,2022-02-21,0.0145498774954033,2022,2021-12-31,native_mse,20260910,0.008879219089809445,,1,1
fixed_transform_add_only,2685,2022-02-18,2022-02-28,-0.0177161244498015,2022,2021-12-31,native_mse,20260910,0.009476567447344621,,1,0
fixed_transform_add_only,2690,2022-02-25,2022-03-07,-0.0221791776043331,2022,2021-12-31,native_mse,20260910,0.01051598647298397,,1,0
fixed_transform_add_only,2695,2022-03-04,2022-03-14,-0.0480378799422749,2022,2021-12-31,native_mse,20260910,0.007053677912636015,,1,0
fixed_transform_add_only,2700,2022-03-11,2022-03-21,0.007530336734814,2022,2021-12-31,native_mse,20260910,0.010804442451387935,,1,1
fixed_transform_add_only,2705,2022-03-18,2022-03-28,-0.0353493110038457,2022,2021-12-31,native_mse,20260910,0.0072982657258971444,,1,0
fixed_transform_add_only,2710,2022-03-25,2022-04-06,0.0314834190717003,2022,2021-12-31,native_mse,20260910,0.007546796616275884,,1,1
fixed_transform_add_only,2715,2022-04-01,2022-04-12,-0.0129237372705649,2022,2021-12-31,native_mse,20260910,0.006781430452769677,,1,0
fixed_transform_add_only,2718,2022-04-08,2022-04-18,-0.0120986062576864,2022,2021-12-31,native_mse,20260910,0.00652895075643567,,1,0
fixed_transform_add_only,2723,2022-04-15,2022-04-25,-0.0528494340140576,2022,2021-12-31,native_mse,20260910,0.006385447465197085,,1,0
fixed_transform_add_only,2728,2022-04-22,2022-05-05,0.015736821365468,2022,2021-12-31,native_mse,20260910,0.005099274511858865,,1,1
fixed_transform_add_only,2733,2022-04-29,2022-05-11,-0.0278824133054675,2022,2021-12-31,native_mse,20260910,0.004344044298975658,,1,0
fixed_transform_add_only,2735,2022-05-06,2022-05-16,0.033741423035827,2022,2021-12-31,native_mse,20260910,0.0035518248227642247,,1,1
fixed_transform_add_only,2740,2022-05-13,2022-05-23,0.0164308841843088,2022,2021-12-31,native_mse,20260910,0.002890441768532801,,1,1
fixed_transform_add_only,2745,2022-05-20,2022-05-30,-0.0147293413085614,2022,2021-12-31,native_mse,20260910,0.002556802191789734,,1,0
fixed_transform_add_only,2750,2022-05-27,2022-06-13,0.0431748431927498,2022,2021-12-31,native_mse,20260910,-0.006714076298392413,,0,1
fixed_transform_add_only,2759,2022-06-10,2022-06-20,0.0306046547112142,2022,2021-12-31,native_mse,20260910,-0.0017160693271902699,,0,1
fixed_transform_add_only,2764,2022-06-17,2022-06-27,0.0211666894141107,2022,2021-12-31,native_mse,20260910,-0.005554400786314341,,0,1
fixed_transform_add_only,2769,2022-06-24,2022-07-04,0.0074507343130214,2022,2021-12-31,native_mse,20260910,-0.006611900023593844,,0,1
fixed_transform_add_only,2774,2022-07-01,2022-07-11,-0.0092349827532707,2022,2021-12-31,native_mse,20260910,-0.001849659274069034,,0,0
fixed_transform_add_only,2779,2022-07-08,2022-07-18,-0.0326815927737367,2022,2021-12-31,native_mse,20260910,-0.0036295526636022737,,0,0
fixed_transform_add_only,2784,2022-07-15,2022-07-25,-0.0066210715249344,2022,2021-12-31,native_mse,20260910,-0.00726704662423343,,0,0
fixed_transform_add_only,2789,2022-07-22,2022-08-01,-0.0173077967751003,2022,2021-12-31,native_mse,20260910,-0.005304375487712945,,0,0
fixed_transform_add_only,2794,2022-07-29,2022-08-08,-0.004456034513838,2022,2021-12-31,native_mse,20260910,0.012166125781651363,,1,0
fixed_transform_add_only,2799,2022-08-05,2022-08-15,0.0091475117753996,2022,2021-12-31,native_mse,20260910,0.004077391662883762,,1,1
fixed_transform_add_only,2804,2022-08-12,2022-08-22,-0.0107272727272728,2022,2021-12-31,native_mse,20260910,0.0035826870942200968,,1,0
fixed_transform_add_only,2809,2022-08-19,2022-08-29,-0.0172375434082356,2022,2021-12-31,native_mse,20260910,0.012796192349441387,,1,0
fixed_transform_add_only,2814,2022-08-26,2022-09-05,-0.0131573766941938,2022,2021-12-31,native_mse,20260910,0.0045980644388349074,,1,0
fixed_transform_add_only,2819,2022-09-02,2022-09-13,0.0253340680878015,2022,2021-12-31,native_mse,20260910,0.0016393163861851791,,1,1
fixed_transform_add_only,2824,2022-09-09,2022-09-19,-0.044647264962877,2022,2021-12-31,native_mse,20260910,0.011024491197755238,,1,0
fixed_transform_add_only,2828,2022-09-16,2022-09-26,-0.025155151434928,2022,2021-12-31,native_mse,20260910,0.0006249539921165778,,1,0
fixed_transform_add_only,2833,2022-09-23,2022-10-10,-0.0060162941299352,2022,2021-12-31,native_mse,20260910,0.00941379002591237,,1,0
fixed_transform_add_only,2838,2022-09-30,2022-10-17,0.0041192047412885,2022,2021-12-31,native_mse,20260910,-0.003455449604433236,,0,1
fixed_transform_add_only,2843,2022-10-14,2022-10-24,-0.0246766294110258,2022,2021-12-31,native_mse,20260910,0.004982119577206458,,1,0
fixed_transform_add_only,2848,2022-10-21,2022-10-31,-0.059928861134359,2022,2021-12-31,native_mse,20260910,0.004400428951388619,,1,0
fixed_transform_add_only,2853,2022-10-28,2022-11-07,0.071339502526744,2022,2021-12-31,native_mse,20260910,-0.004533662272660886,,0,1
fixed_transform_add_only,2858,2022-11-04,2022-11-14,0.0169449090696014,2022,2021-12-31,native_mse,20260910,0.009145763900992613,,1,1
fixed_transform_add_only,2863,2022-11-11,2022-11-21,-0.0127051391515239,2022,2021-12-31,native_mse,20260910,0.005105981957746508,,1,0
fixed_transform_add_only,2868,2022-11-18,2022-11-28,-0.0179672806084416,2022,2021-12-31,native_mse,20260910,0.004390010241707061,,1,0
fixed_transform_add_only,2873,2022-11-25,2022-12-05,0.0555768659337096,2022,2021-12-31,native_mse,20260910,-0.0021694749097981593,,0,1
fixed_transform_add_only,2878,2022-12-02,2022-12-12,0.0175374394775362,2022,2021-12-31,native_mse,20260910,-0.008963509314181651,,0,1
fixed_transform_add_only,2883,2022-12-09,2022-12-19,-0.0058850602464181,2022,2021-12-31,native_mse,20260910,-0.008742160121666592,,0,0
fixed_transform_add_only,2888,2022-12-16,2022-12-26,-0.0309150292073658,2022,2021-12-31,native_mse,20260910,0.00021070675399415396,,1,0
fixed_transform_add_only,2893,2022-12-23,2023-01-03,0.0089464492229616,2022,2021-12-31,native_mse,20260910,-0.006931659189351796,,0,1
fixed_transform_add_only,2898,2022-12-30,2023-01-09,0.0345913414268119,2022,2021-12-31,native_mse,20260910,-0.004005139352311209,,0,1
fixed_transform_add_only,2660,2022-01-07,2022-01-17,-0.0173453887283024,2022,2021-12-31,native_mse,20260911,0.007330315708159769,,1,0
fixed_transform_add_only,2665,2022-01-14,2022-01-24,0.0053248631776616,2022,2021-12-31,native_mse,20260911,0.015471274729398543,,1,1
fixed_transform_add_only,2670,2022-01-21,2022-02-07,-0.0242661876254222,2022,2021-12-31,native_mse,20260911,0.009873111042602054,,1,0
fixed_transform_add_only,2675,2022-01-28,2022-02-14,-0.0127539031341488,2022,2021-12-31,native_mse,20260911,0.0025503118790792955,,1,0
fixed_transform_add_only,2680,2022-02-11,2022-02-21,0.0145498774954033,2022,2021-12-31,native_mse,20260911,0.0063949393307865515,,1,1
fixed_transform_add_only,2685,2022-02-18,2022-02-28,-0.0177161244498015,2022,2021-12-31,native_mse,20260911,0.004306186298337274,,1,0
fixed_transform_add_only,2690,2022-02-25,2022-03-07,-0.0221791776043331,2022,2021-12-31,native_mse,20260911,0.00884306439536679,,1,0
fixed_transform_add_only,2695,2022-03-04,2022-03-14,-0.0480378799422749,2022,2021-12-31,native_mse,20260911,0.008878575004775912,,1,0
fixed_transform_add_only,2700,2022-03-11,2022-03-21,0.007530336734814,2022,2021-12-31,native_mse,20260911,0.008804997087552644,,1,1
fixed_transform_add_only,2705,2022-03-18,2022-03-28,-0.0353493110038457,2022,2021-12-31,native_mse,20260911,0.0029149751065889705,,1,0
fixed_transform_add_only,2710,2022-03-25,2022-04-06,0.0314834190717003,2022,2021-12-31,native_mse,20260911,0.009608904415587632,,1,1
fixed_transform_add_only,2715,2022-04-01,2022-04-12,-0.0129237372705649,2022,2021-12-31,native_mse,20260911,0.013290024702572031,,1,0
fixed_transform_add_only,2718,2022-04-08,2022-04-18,-0.0120986062576864,2022,2021-12-31,native_mse,20260911,0.0032429576095984285,,1,0
fixed_transform_add_only,2723,2022-04-15,2022-04-25,-0.0528494340140576,2022,2021-12-31,native_mse,20260911,0.016983479995433693,,1,0
fixed_transform_add_only,2728,2022-04-22,2022-05-05,0.015736821365468,2022,2021-12-31,native_mse,20260911,0.011987542362233185,,1,1
fixed_transform_add_only,2733,2022-04-29,2022-05-11,-0.0278824133054675,2022,2021-12-31,native_mse,20260911,0.0046606294840712235,,1,0
fixed_transform_add_only,2735,2022-05-06,2022-05-16,0.033741423035827,2022,2021-12-31,native_mse,20260911,-0.002196005566182584,,0,1
fixed_transform_add_only,2740,2022-05-13,2022-05-23,0.0164308841843088,2022,2021-12-31,native_mse,20260911,0.0038854901281264037,,1,1
fixed_transform_add_only,2745,2022-05-20,2022-05-30,-0.0147293413085614,2022,2021-12-31,native_mse,20260911,0.005767086549547615,,1,0
fixed_transform_add_only,2750,2022-05-27,2022-06-13,0.0431748431927498,2022,2021-12-31,native_mse,20260911,0.001263767062796844,,1,1
fixed_transform_add_only,2759,2022-06-10,2022-06-20,0.0306046547112142,2022,2021-12-31,native_mse,20260911,-0.0024637080117748144,,0,1
fixed_transform_add_only,2764,2022-06-17,2022-06-27,0.0211666894141107,2022,2021-12-31,native_mse,20260911,-0.0034192691302211337,,0,1
fixed_transform_add_only,2769,2022-06-24,2022-07-04,0.0074507343130214,2022,2021-12-31,native_mse,20260911,0.0007173637240202417,,1,1
fixed_transform_add_only,2774,2022-07-01,2022-07-11,-0.0092349827532707,2022,2021-12-31,native_mse,20260911,0.00019356382111467723,,1,0
fixed_transform_add_only,2779,2022-07-08,2022-07-18,-0.0326815927737367,2022,2021-12-31,native_mse,20260911,-0.002705313965036355,,0,0
fixed_transform_add_only,2784,2022-07-15,2022-07-25,-0.0066210715249344,2022,2021-12-31,native_mse,20260911,-0.01432584048846508,,0,0
fixed_transform_add_only,2789,2022-07-22,2022-08-01,-0.0173077967751003,2022,2021-12-31,native_mse,20260911,-0.01380965748442494,,0,0
fixed_transform_add_only,2794,2022-07-29,2022-08-08,-0.004456034513838,2022,2021-12-31,native_mse,20260911,-0.0005052222003642227,,0,0
fixed_transform_add_only,2799,2022-08-05,2022-08-15,0.0091475117753996,2022,2021-12-31,native_mse,20260911,0.011525493600414192,,1,1
fixed_transform_add_only,2804,2022-08-12,2022-08-22,-0.0107272727272728,2022,2021-12-31,native_mse,20260911,0.011216024245490553,,1,0
fixed_transform_add_only,2809,2022-08-19,2022-08-29,-0.0172375434082356,2022,2021-12-31,native_mse,20260911,0.011754323018096325,,1,0
fixed_transform_add_only,2814,2022-08-26,2022-09-05,-0.0131573766941938,2022,2021-12-31,native_mse,20260911,0.015594603509631271,,1,0
fixed_transform_add_only,2819,2022-09-02,2022-09-13,0.0253340680878015,2022,2021-12-31,native_mse,20260911,0.010900596081000016,,1,1
fixed_transform_add_only,2824,2022-09-09,2022-09-19,-0.044647264962877,2022,2021-12-31,native_mse,20260911,0.009845699372826781,,1,0
fixed_transform_add_only,2828,2022-09-16,2022-09-26,-0.025155151434928,2022,2021-12-31,native_mse,20260911,0.008491582609497948,,1,0
fixed_transform_add_only,2833,2022-09-23,2022-10-10,-0.0060162941299352,2022,2021-12-31,native_mse,20260911,0.016496050845990925,,1,0
fixed_transform_add_only,2838,2022-09-30,2022-10-17,0.0041192047412885,2022,2021-12-31,native_mse,20260911,0.0066528810646222045,,1,1
fixed_transform_add_only,2843,2022-10-14,2022-10-24,-0.0246766294110258,2022,2021-12-31,native_mse,20260911,0.007009044538463505,,1,0
fixed_transform_add_only,2848,2022-10-21,2022-10-31,-0.059928861134359,2022,2021-12-31,native_mse,20260911,0.010852556503638734,,1,0
fixed_transform_add_only,2853,2022-10-28,2022-11-07,0.071339502526744,2022,2021-12-31,native_mse,20260911,0.006842543646863063,,1,1
fixed_transform_add_only,2858,2022-11-04,2022-11-14,0.0169449090696014,2022,2021-12-31,native_mse,20260911,-0.008549410923537592,,0,1
fixed_transform_add_only,2863,2022-11-11,2022-11-21,-0.0127051391515239,2022,2021-12-31,native_mse,20260911,-0.005215109557773304,,0,0
fixed_transform_add_only,2868,2022-11-18,2022-11-28,-0.0179672806084416,2022,2021-12-31,native_mse,20260911,-0.010307087880643545,,0,0
fixed_transform_add_only,2873,2022-11-25,2022-12-05,0.0555768659337096,2022,2021-12-31,native_mse,20260911,0.0013951717650121252,,1,1
fixed_transform_add_only,2878,2022-12-02,2022-12-12,0.0175374394775362,2022,2021-12-31,native_mse,20260911,0.009832549235191711,,1,1
fixed_transform_add_only,2883,2022-12-09,2022-12-19,-0.0058850602464181,2022,2021-12-31,native_mse,20260911,0.003809464155812216,,1,0
fixed_transform_add_only,2888,2022-12-16,2022-12-26,-0.0309150292073658,2022,2021-12-31,native_mse,20260911,-0.00026475301217457076,,0,0
fixed_transform_add_only,2893,2022-12-23,2023-01-03,0.0089464492229616,2022,2021-12-31,native_mse,20260911,0.0011212783896272817,,1,1
fixed_transform_add_only,2898,2022-12-30,2023-01-09,0.0345913414268119,2022,2021-12-31,native_mse,20260911,-0.013209134532423342,,0,1
fixed_transform_add_only,2660,2022-01-07,2022-01-17,-0.0173453887283024,2022,2021-12-31,native_mse,20260912,0.001814179283598589,,1,0
fixed_transform_add_only,2665,2022-01-14,2022-01-24,0.0053248631776616,2022,2021-12-31,native_mse,20260912,0.0008133505012356114,,1,1
fixed_transform_add_only,2670,2022-01-21,2022-02-07,-0.0242661876254222,2022,2021-12-31,native_mse,20260912,0.003394922189452561,,1,0
fixed_transform_add_only,2675,2022-01-28,2022-02-14,-0.0127539031341488,2022,2021-12-31,native_mse,20260912,0.001858669558311765,,1,0
fixed_transform_add_only,2680,2022-02-11,2022-02-21,0.0145498774954033,2022,2021-12-31,native_mse,20260912,0.003479305001395758,,1,1
fixed_transform_add_only,2685,2022-02-18,2022-02-28,-0.0177161244498015,2022,2021-12-31,native_mse,20260912,0.00484344917433416,,1,0
fixed_transform_add_only,2690,2022-02-25,2022-03-07,-0.0221791776043331,2022,2021-12-31,native_mse,20260912,0.004930593592929232,,1,0
fixed_transform_add_only,2695,2022-03-04,2022-03-14,-0.0480378799422749,2022,2021-12-31,native_mse,20260912,0.004780982951547397,,1,0
fixed_transform_add_only,2700,2022-03-11,2022-03-21,0.007530336734814,2022,2021-12-31,native_mse,20260912,0.004193854635787947,,1,1
fixed_transform_add_only,2705,2022-03-18,2022-03-28,-0.0353493110038457,2022,2021-12-31,native_mse,20260912,0.004396502651581285,,1,0
fixed_transform_add_only,2710,2022-03-25,2022-04-06,0.0314834190717003,2022,2021-12-31,native_mse,20260912,0.0036897334948297125,,1,1
fixed_transform_add_only,2715,2022-04-01,2022-04-12,-0.0129237372705649,2022,2021-12-31,native_mse,20260912,0.003704448832752752,,1,0
fixed_transform_add_only,2718,2022-04-08,2022-04-18,-0.0120986062576864,2022,2021-12-31,native_mse,20260912,0.0033120503584409514,,1,0
fixed_transform_add_only,2723,2022-04-15,2022-04-25,-0.0528494340140576,2022,2021-12-31,native_mse,20260912,0.0030085181253416615,,1,0
fixed_transform_add_only,2728,2022-04-22,2022-05-05,0.015736821365468,2022,2021-12-31,native_mse,20260912,0.0026567146550084044,,1,1
fixed_transform_add_only,2733,2022-04-29,2022-05-11,-0.0278824133054675,2022,2021-12-31,native_mse,20260912,0.0018367479372410052,,1,0
fixed_transform_add_only,2735,2022-05-06,2022-05-16,0.033741423035827,2022,2021-12-31,native_mse,20260912,0.0020912186604119124,,1,1
fixed_transform_add_only,2740,2022-05-13,2022-05-23,0.0164308841843088,2022,2021-12-31,native_mse,20260912,0.0018493178254621319,,1,1
fixed_transform_add_only,2745,2022-05-20,2022-05-30,-0.0147293413085614,2022,2021-12-31,native_mse,20260912,0.0016372108848958446,,1,0
fixed_transform_add_only,2750,2022-05-27,2022-06-13,0.0431748431927498,2022,2021-12-31,native_mse,20260912,0.0012702553294938346,,1,1
fixed_transform_add_only,2759,2022-06-10,2022-06-20,0.0306046547112142,2022,2021-12-31,native_mse,20260912,-0.00018870985334741705,,0,1
fixed_transform_add_only,2764,2022-06-17,2022-06-27,0.0211666894141107,2022,2021-12-31,native_mse,20260912,-0.0009698518035469311,,0,1
fixed_transform_add_only,2769,2022-06-24,2022-07-04,0.0074507343130214,2022,2021-12-31,native_mse,20260912,-0.00016157705520515077,,0,1
fixed_transform_add_only,2774,2022-07-01,2022-07-11,-0.0092349827532707,2022,2021-12-31,native_mse,20260912,0.00012114906253678204,,1,0
fixed_transform_add_only,2779,2022-07-08,2022-07-18,-0.0326815927737367,2022,2021-12-31,native_mse,20260912,0.0009385572149118832,,1,0
fixed_transform_add_only,2784,2022-07-15,2022-07-25,-0.0066210715249344,2022,2021-12-31,native_mse,20260912,0.0008465033870475552,,1,0
fixed_transform_add_only,2789,2022-07-22,2022-08-01,-0.0173077967751003,2022,2021-12-31,native_mse,20260912,0.001749105544547778,,1,0
fixed_transform_add_only,2794,2022-07-29,2022-08-08,-0.004456034513838,2022,2021-12-31,native_mse,20260912,0.0022855909610094674,,1,0
fixed_transform_add_only,2799,2022-08-05,2022-08-15,0.0091475117753996,2022,2021-12-31,native_mse,20260912,0.0023275813973101045,,1,1
fixed_transform_add_only,2804,2022-08-12,2022-08-22,-0.0107272727272728,2022,2021-12-31,native_mse,20260912,0.00116828161002665,,1,0
fixed_transform_add_only,2809,2022-08-19,2022-08-29,-0.0172375434082356,2022,2021-12-31,native_mse,20260912,0.002641518401624336,,1,0
fixed_transform_add_only,2814,2022-08-26,2022-09-05,-0.0131573766941938,2022,2021-12-31,native_mse,20260912,0.00258122146459616,,1,0
fixed_transform_add_only,2819,2022-09-02,2022-09-13,0.0253340680878015,2022,2021-12-31,native_mse,20260912,0.003426320209529877,,1,1
fixed_transform_add_only,2824,2022-09-09,2022-09-19,-0.044647264962877,2022,2021-12-31,native_mse,20260912,0.004071954177543495,,1,0
fixed_transform_add_only,2828,2022-09-16,2022-09-26,-0.025155151434928,2022,2021-12-31,native_mse,20260912,0.004321372628556118,,1,0
fixed_transform_add_only,2833,2022-09-23,2022-10-10,-0.0060162941299352,2022,2021-12-31,native_mse,20260912,0.0034216908995016978,,1,0
fixed_transform_add_only,2838,2022-09-30,2022-10-17,0.0041192047412885,2022,2021-12-31,native_mse,20260912,0.003515450079575204,,1,1
fixed_transform_add_only,2843,2022-10-14,2022-10-24,-0.0246766294110258,2022,2021-12-31,native_mse,20260912,0.002607809358206801,,1,0
fixed_transform_add_only,2848,2022-10-21,2022-10-31,-0.059928861134359,2022,2021-12-31,native_mse,20260912,0.003699251753992663,,1,0
fixed_transform_add_only,2853,2022-10-28,2022-11-07,0.071339502526744,2022,2021-12-31,native_mse,20260912,0.0018115173178016464,,1,1
fixed_transform_add_only,2858,2022-11-04,2022-11-14,0.0169449090696014,2022,2021-12-31,native_mse,20260912,0.0023418219066621243,,1,1
fixed_transform_add_only,2863,2022-11-11,2022-11-21,-0.0127051391515239,2022,2021-12-31,native_mse,20260912,0.0018573604038192703,,1,0
fixed_transform_add_only,2868,2022-11-18,2022-11-28,-0.0179672806084416,2022,2021-12-31,native_mse,20260912,0.0016249204309614228,,1,0
fixed_transform_add_only,2873,2022-11-25,2022-12-05,0.0555768659337096,2022,2021-12-31,native_mse,20260912,0.0016075771422150188,,1,1
fixed_transform_add_only,2878,2022-12-02,2022-12-12,0.0175374394775362,2022,2021-12-31,native_mse,20260912,0.0015010231403169106,,1,1
fixed_transform_add_only,2883,2022-12-09,2022-12-19,-0.0058850602464181,2022,2021-12-31,native_mse,20260912,0.001187317105345827,,1,0
fixed_transform_add_only,2888,2022-12-16,2022-12-26,-0.0309150292073658,2022,2021-12-31,native_mse,20260912,0.0019485697779955545,,1,0
fixed_transform_add_only,2893,2022-12-23,2023-01-03,0.0089464492229616,2022,2021-12-31,native_mse,20260912,0.0001928217320369698,,1,1
fixed_transform_add_only,2898,2022-12-30,2023-01-09,0.0345913414268119,2022,2021-12-31,native_mse,20260912,0.00047968928790032895,,1,1
fixed_transform_add_only,2902,2023-01-06,2023-01-16,0.0198447929614133,2023,2022-12-31,native_mse,20260910,-0.0025267983391307767,,0,1
fixed_transform_add_only,2907,2023-01-13,2023-01-30,0.0465290788350809,2023,2022-12-31,native_mse,20260910,-0.0004635399148201708,,0,1
fixed_transform_add_only,2912,2023-01-20,2023-02-06,-0.0383797057844887,2023,2022-12-31,native_mse,20260910,7.519190422555292e-05,,1,0
fixed_transform_add_only,2917,2023-02-03,2023-02-13,-0.0012061903149008,2023,2022-12-31,native_mse,20260910,0.0016271329266920357,,1,0
fixed_transform_add_only,2922,2023-02-10,2023-02-20,-0.0143746584432821,2023,2022-12-31,native_mse,20260910,-0.0011564163814400644,,0,0
fixed_transform_add_only,2927,2023-02-17,2023-02-27,0.0001237636016198,2023,2022-12-31,native_mse,20260910,-0.0016426518503498255,,0,1
fixed_transform_add_only,2932,2023-02-24,2023-03-06,0.0224454641303217,2023,2022-12-31,native_mse,20260910,0.0015810555880606469,,1,1
fixed_transform_add_only,2937,2023-03-03,2023-03-13,-0.0407900947678007,2023,2022-12-31,native_mse,20260910,0.0007073892257839969,,1,0
fixed_transform_add_only,2942,2023-03-10,2023-03-20,5.0471402903706775e-06,2023,2022-12-31,native_mse,20260910,-0.0001794060398361263,,0,1
fixed_transform_add_only,2947,2023-03-17,2023-03-27,0.015302852124583,2023,2022-12-31,native_mse,20260910,-0.0018976163672993884,,0,1
fixed_transform_add_only,2952,2023-03-24,2023-04-03,0.0090274153058433,2023,2022-12-31,native_mse,20260910,-0.001832954139676603,,0,1
fixed_transform_add_only,2957,2023-03-31,2023-04-10,0.0178317182396383,2023,2022-12-31,native_mse,20260910,-0.00172129069982479,,0,1
fixed_transform_add_only,2961,2023-04-07,2023-04-17,-0.0101500238382772,2023,2022-12-31,native_mse,20260910,-0.00033641886926452733,,0,0
fixed_transform_add_only,2966,2023-04-14,2023-04-24,-0.014368947230732,2023,2022-12-31,native_mse,20260910,-0.0013230092163269815,,0,0
fixed_transform_add_only,2971,2023-04-21,2023-05-04,-0.0044228908788729,2023,2022-12-31,native_mse,20260910,-0.0007286066396655064,,0,0
fixed_transform_add_only,2976,2023-04-28,2023-05-10,0.0036477163153083,2023,2022-12-31,native_mse,20260910,-0.00030575704561793394,,0,1
fixed_transform_add_only,2978,2023-05-05,2023-05-15,-0.0221642407977935,2023,2022-12-31,native_mse,20260910,-0.00011486613921578474,,0,0
fixed_transform_add_only,2983,2023-05-12,2023-05-22,0.0005509250208819,2023,2022-12-31,native_mse,20260910,-0.0001792163459168561,,0,1
fixed_transform_add_only,2988,2023-05-19,2023-05-29,-0.0200253742704897,2023,2022-12-31,native_mse,20260910,0.0009439667644663131,,1,0
fixed_transform_add_only,2993,2023-05-26,2023-06-05,-0.0003935703040848,2023,2022-12-31,native_mse,20260910,0.000557122093874036,,1,0
fixed_transform_add_only,2998,2023-06-02,2023-06-12,-0.0086075595250429,2023,2022-12-31,native_mse,20260910,-0.001180815938657947,,0,0
fixed_transform_add_only,3003,2023-06-09,2023-06-19,0.0338878539347273,2023,2022-12-31,native_mse,20260910,-0.0014426234760102343,,0,1
fixed_transform_add_only,3008,2023-06-16,2023-07-03,-0.026216632171098,2023,2022-12-31,native_mse,20260910,-0.0010042817493535598,,0,0
fixed_transform_add_only,3016,2023-06-30,2023-07-10,-0.0030441518806006,2023,2022-12-31,native_mse,20260910,-0.0011931588855691256,,0,0
fixed_transform_add_only,3021,2023-07-07,2023-07-17,0.0104280552692135,2023,2022-12-31,native_mse,20260910,-0.001925244639091561,,0,1
fixed_transform_add_only,3026,2023-07-14,2023-07-24,-0.0201642613135752,2023,2022-12-31,native_mse,20260910,0.00072512762062503,,1,0
fixed_transform_add_only,3031,2023-07-21,2023-07-31,0.0566710925894278,2023,2022-12-31,native_mse,20260910,0.0009939160139214966,,1,1
fixed_transform_add_only,3036,2023-07-28,2023-08-07,-0.0039612927947766,2023,2022-12-31,native_mse,20260910,-0.0005682320215149167,,0,0
fixed_transform_add_only,3041,2023-08-04,2023-08-14,-0.0404899362223548,2023,2022-12-31,native_mse,20260910,-0.0009301134947241365,,0,0
fixed_transform_add_only,3046,2023-08-11,2023-08-21,-0.0176157088591445,2023,2022-12-31,native_mse,20260910,-0.000726777176221484,,0,0
fixed_transform_add_only,3051,2023-08-18,2023-08-28,0.0366582477081969,2023,2022-12-31,native_mse,20260910,0.0008756120897448488,,1,1
fixed_transform_add_only,3056,2023-08-25,2023-09-04,-0.025197172476384,2023,2022-12-31,native_mse,20260910,-0.0006648239910763075,,0,0
fixed_transform_add_only,3061,2023-09-01,2023-09-11,-0.0189903461587886,2023,2022-12-31,native_mse,20260910,0.00015839660362514175,,1,0
fixed_transform_add_only,3066,2023-09-08,2023-09-18,-0.0111346368744954,2023,2022-12-31,native_mse,20260910,0.001744965500114605,,1,0
fixed_transform_add_only,3071,2023-09-15,2023-09-25,0.0105787349314532,2023,2022-12-31,native_mse,20260910,0.0006876575211446893,,1,1
fixed_transform_add_only,3076,2023-09-22,2023-10-16,-0.0198017153282719,2023,2022-12-31,native_mse,20260910,-0.00243132015475,,0,0
fixed_transform_add_only,3085,2023-10-13,2023-10-23,-0.0447156690429144,2023,2022-12-31,native_mse,20260910,-0.0021908711949872265,,0,0
fixed_transform_add_only,3090,2023-10-20,2023-10-30,0.0154019770298841,2023,2022-12-31,native_mse,20260910,-0.0005611083237640583,,0,1
fixed_transform_add_only,3095,2023-10-27,2023-11-06,0.0152527637017425,2023,2022-12-31,native_mse,20260910,0.0010289915405626282,,1,1
fixed_transform_add_only,3100,2023-11-03,2023-11-13,-0.0039935482440582,2023,2022-12-31,native_mse,20260910,0.001023319006735779,,1,0
fixed_transform_add_only,3105,2023-11-10,2023-11-20,-0.0067280482816765,2023,2022-12-31,native_mse,20260910,-0.0009564130384265961,,0,0
fixed_transform_add_only,3110,2023-11-17,2023-11-27,-0.0098859017348651,2023,2022-12-31,native_mse,20260910,0.00023192130830153903,,1,0
fixed_transform_add_only,3115,2023-11-24,2023-12-04,-0.0151084754586299,2023,2022-12-31,native_mse,20260910,0.0008732338960994725,,1,0
fixed_transform_add_only,3120,2023-12-01,2023-12-11,-0.0295859857973478,2023,2022-12-31,native_mse,20260910,0.000837366835393595,,1,0
fixed_transform_add_only,3125,2023-12-08,2023-12-18,-0.0144639658974852,2023,2022-12-31,native_mse,20260910,0.0006391538307731006,,1,0
fixed_transform_add_only,3130,2023-12-15,2023-12-25,0.0003424256350643,2023,2022-12-31,native_mse,20260910,0.000382991564868559,,1,1
fixed_transform_add_only,3135,2023-12-22,2024-01-02,0.0288079559683274,2023,2022-12-31,native_mse,20260910,-0.0008222024683218445,,0,1
fixed_transform_add_only,3140,2023-12-29,2024-01-08,-0.0302544749829989,2023,2022-12-31,native_mse,20260910,0.0008212539531046094,,1,0
fixed_transform_add_only,2902,2023-01-06,2023-01-16,0.0198447929614133,2023,2022-12-31,native_mse,20260911,-0.0028881799476405084,,0,1
fixed_transform_add_only,2907,2023-01-13,2023-01-30,0.0465290788350809,2023,2022-12-31,native_mse,20260911,0.002600529697082545,,1,1
fixed_transform_add_only,2912,2023-01-20,2023-02-06,-0.0383797057844887,2023,2022-12-31,native_mse,20260911,0.009824735187562814,,1,0
fixed_transform_add_only,2917,2023-02-03,2023-02-13,-0.0012061903149008,2023,2022-12-31,native_mse,20260911,0.001758336799202022,,1,0
fixed_transform_add_only,2922,2023-02-10,2023-02-20,-0.0143746584432821,2023,2022-12-31,native_mse,20260911,-0.004455423490420713,,0,0
fixed_transform_add_only,2927,2023-02-17,2023-02-27,0.0001237636016198,2023,2022-12-31,native_mse,20260911,-0.004320463721841919,,0,1
fixed_transform_add_only,2932,2023-02-24,2023-03-06,0.0224454641303217,2023,2022-12-31,native_mse,20260911,0.007109894584169036,,1,1
fixed_transform_add_only,2937,2023-03-03,2023-03-13,-0.0407900947678007,2023,2022-12-31,native_mse,20260911,0.012121075090535267,,1,0
fixed_transform_add_only,2942,2023-03-10,2023-03-20,5.0471402903706775e-06,2023,2022-12-31,native_mse,20260911,-0.0015684618293498606,,0,1
fixed_transform_add_only,2947,2023-03-17,2023-03-27,0.015302852124583,2023,2022-12-31,native_mse,20260911,-0.00455123687690783,,0,1
fixed_transform_add_only,2952,2023-03-24,2023-04-03,0.0090274153058433,2023,2022-12-31,native_mse,20260911,-0.0032713642765306557,,0,1
fixed_transform_add_only,2957,2023-03-31,2023-04-10,0.0178317182396383,2023,2022-12-31,native_mse,20260911,0.009972413917103892,,1,1
fixed_transform_add_only,2961,2023-04-07,2023-04-17,-0.0101500238382772,2023,2022-12-31,native_mse,20260911,0.007806808930188104,,1,0
fixed_transform_add_only,2966,2023-04-14,2023-04-24,-0.014368947230732,2023,2022-12-31,native_mse,20260911,0.007226249329863683,,1,0
fixed_transform_add_only,2971,2023-04-21,2023-05-04,-0.0044228908788729,2023,2022-12-31,native_mse,20260911,-0.0024232716039148286,,0,0
fixed_transform_add_only,2976,2023-04-28,2023-05-10,0.0036477163153083,2023,2022-12-31,native_mse,20260911,-0.003907239624967295,,0,1
fixed_transform_add_only,2978,2023-05-05,2023-05-15,-0.0221642407977935,2023,2022-12-31,native_mse,20260911,-0.0031947009428460477,,0,0
fixed_transform_add_only,2983,2023-05-12,2023-05-22,0.0005509250208819,2023,2022-12-31,native_mse,20260911,0.003981441571850173,,1,1
fixed_transform_add_only,2988,2023-05-19,2023-05-29,-0.0200253742704897,2023,2022-12-31,native_mse,20260911,0.01107004322684732,,1,0
fixed_transform_add_only,2993,2023-05-26,2023-06-05,-0.0003935703040848,2023,2022-12-31,native_mse,20260911,0.004560043069480671,,1,0
fixed_transform_add_only,2998,2023-06-02,2023-06-12,-0.0086075595250429,2023,2022-12-31,native_mse,20260911,-0.0048559678058000275,,0,0
fixed_transform_add_only,3003,2023-06-09,2023-06-19,0.0338878539347273,2023,2022-12-31,native_mse,20260911,-0.0042897134995229635,,0,1
fixed_transform_add_only,3008,2023-06-16,2023-07-03,-0.026216632171098,2023,2022-12-31,native_mse,20260911,-0.004761761648113702,,0,0
fixed_transform_add_only,3016,2023-06-30,2023-07-10,-0.0030441518806006,2023,2022-12-31,native_mse,20260911,0.001449000541630631,,1,0
fixed_transform_add_only,3021,2023-07-07,2023-07-17,0.0104280552692135,2023,2022-12-31,native_mse,20260911,-0.005015012063383114,,0,1
fixed_transform_add_only,3026,2023-07-14,2023-07-24,-0.0201642613135752,2023,2022-12-31,native_mse,20260911,-0.002212730290267345,,0,0
fixed_transform_add_only,3031,2023-07-21,2023-07-31,0.0566710925894278,2023,2022-12-31,native_mse,20260911,-0.005112763962830667,,0,1
fixed_transform_add_only,3036,2023-07-28,2023-08-07,-0.0039612927947766,2023,2022-12-31,native_mse,20260911,-0.0052814272148835025,,0,0
fixed_transform_add_only,3041,2023-08-04,2023-08-14,-0.0404899362223548,2023,2022-12-31,native_mse,20260911,-0.004618211999064367,,0,0
fixed_transform_add_only,3046,2023-08-11,2023-08-21,-0.0176157088591445,2023,2022-12-31,native_mse,20260911,0.009053312378542757,,1,0
fixed_transform_add_only,3051,2023-08-18,2023-08-28,0.0366582477081969,2023,2022-12-31,native_mse,20260911,0.004561021250172811,,1,1
fixed_transform_add_only,3056,2023-08-25,2023-09-04,-0.025197172476384,2023,2022-12-31,native_mse,20260911,-0.0025275908526821967,,0,0
fixed_transform_add_only,3061,2023-09-01,2023-09-11,-0.0189903461587886,2023,2022-12-31,native_mse,20260911,-0.0049631793698849645,,0,0
fixed_transform_add_only,3066,2023-09-08,2023-09-18,-0.0111346368744954,2023,2022-12-31,native_mse,20260911,0.00680202581529956,,1,0
fixed_transform_add_only,3071,2023-09-15,2023-09-25,0.0105787349314532,2023,2022-12-31,native_mse,20260911,0.008596091481564963,,1,1
fixed_transform_add_only,3076,2023-09-22,2023-10-16,-0.0198017153282719,2023,2022-12-31,native_mse,20260911,-0.0031471179155324424,,0,0
fixed_transform_add_only,3085,2023-10-13,2023-10-23,-0.0447156690429144,2023,2022-12-31,native_mse,20260911,-0.004148291730857776,,0,0
fixed_transform_add_only,3090,2023-10-20,2023-10-30,0.0154019770298841,2023,2022-12-31,native_mse,20260911,-0.005712800982170543,,0,1
fixed_transform_add_only,3095,2023-10-27,2023-11-06,0.0152527637017425,2023,2022-12-31,native_mse,20260911,-0.0033253387808900993,,0,1
fixed_transform_add_only,3100,2023-11-03,2023-11-13,-0.0039935482440582,2023,2022-12-31,native_mse,20260911,-0.0006739370262628165,,0,0
fixed_transform_add_only,3105,2023-11-10,2023-11-20,-0.0067280482816765,2023,2022-12-31,native_mse,20260911,-0.004003258050664914,,0,0
fixed_transform_add_only,3110,2023-11-17,2023-11-27,-0.0098859017348651,2023,2022-12-31,native_mse,20260911,-0.003231557067429336,,0,0
fixed_transform_add_only,3115,2023-11-24,2023-12-04,-0.0151084754586299,2023,2022-12-31,native_mse,20260911,-0.003968465813336381,,0,0
fixed_transform_add_only,3120,2023-12-01,2023-12-11,-0.0295859857973478,2023,2022-12-31,native_mse,20260911,-0.004170192617569334,,0,0
fixed_transform_add_only,3125,2023-12-08,2023-12-18,-0.0144639658974852,2023,2022-12-31,native_mse,20260911,-0.004708072283208354,,0,0
fixed_transform_add_only,3130,2023-12-15,2023-12-25,0.0003424256350643,2023,2022-12-31,native_mse,20260911,-0.005014383450601872,,0,1
fixed_transform_add_only,3135,2023-12-22,2024-01-02,0.0288079559683274,2023,2022-12-31,native_mse,20260911,-0.005140476035149425,,0,1
fixed_transform_add_only,3140,2023-12-29,2024-01-08,-0.0302544749829989,2023,2022-12-31,native_mse,20260911,-0.0034098597743402285,,0,0
fixed_transform_add_only,2902,2023-01-06,2023-01-16,0.0198447929614133,2023,2022-12-31,native_mse,20260912,0.0004281627694943007,,1,1
fixed_transform_add_only,2907,2023-01-13,2023-01-30,0.0465290788350809,2023,2022-12-31,native_mse,20260912,4.2102919401855305e-05,,1,1
fixed_transform_add_only,2912,2023-01-20,2023-02-06,-0.0383797057844887,2023,2022-12-31,native_mse,20260912,0.0010967633118809882,,1,0
fixed_transform_add_only,2917,2023-02-03,2023-02-13,-0.0012061903149008,2023,2022-12-31,native_mse,20260912,0.0008747039967658528,,1,0
fixed_transform_add_only,2922,2023-02-10,2023-02-20,-0.0143746584432821,2023,2022-12-31,native_mse,20260912,0.0001818132935792269,,1,0
fixed_transform_add_only,2927,2023-02-17,2023-02-27,0.0001237636016198,2023,2022-12-31,native_mse,20260912,0.00010126624081480557,,1,1
fixed_transform_add_only,2932,2023-02-24,2023-03-06,0.0224454641303217,2023,2022-12-31,native_mse,20260912,0.000782385799644381,,1,1
fixed_transform_add_only,2937,2023-03-03,2023-03-13,-0.0407900947678007,2023,2022-12-31,native_mse,20260912,0.00040350503591383166,,1,0
fixed_transform_add_only,2942,2023-03-10,2023-03-20,5.0471402903706775e-06,2023,2022-12-31,native_mse,20260912,0.00023517524465769396,,1,1
fixed_transform_add_only,2947,2023-03-17,2023-03-27,0.015302852124583,2023,2022-12-31,native_mse,20260912,-0.0005550490015326846,,0,1
fixed_transform_add_only,2952,2023-03-24,2023-04-03,0.0090274153058433,2023,2022-12-31,native_mse,20260912,0.0004555071806066471,,1,1
fixed_transform_add_only,2957,2023-03-31,2023-04-10,0.0178317182396383,2023,2022-12-31,native_mse,20260912,0.0006137448037054246,,1,1
fixed_transform_add_only,2961,2023-04-07,2023-04-17,-0.0101500238382772,2023,2022-12-31,native_mse,20260912,0.0007714668086940345,,1,0
fixed_transform_add_only,2966,2023-04-14,2023-04-24,-0.014368947230732,2023,2022-12-31,native_mse,20260912,0.0006120128536014287,,1,0
fixed_transform_add_only,2971,2023-04-21,2023-05-04,-0.0044228908788729,2023,2022-12-31,native_mse,20260912,0.0004168718728952876,,1,0
fixed_transform_add_only,2976,2023-04-28,2023-05-10,0.0036477163153083,2023,2022-12-31,native_mse,20260912,0.0007975995131662927,,1,1
fixed_transform_add_only,2978,2023-05-05,2023-05-15,-0.0221642407977935,2023,2022-12-31,native_mse,20260912,3.748499343571029e-05,,1,0
fixed_transform_add_only,2983,2023-05-12,2023-05-22,0.0005509250208819,2023,2022-12-31,native_mse,20260912,0.00013564688457888487,,1,1
fixed_transform_add_only,2988,2023-05-19,2023-05-29,-0.0200253742704897,2023,2022-12-31,native_mse,20260912,0.0006049797039520234,,1,0
fixed_transform_add_only,2993,2023-05-26,2023-06-05,-0.0003935703040848,2023,2022-12-31,native_mse,20260912,5.080512794837295e-05,,1,0
fixed_transform_add_only,2998,2023-06-02,2023-06-12,-0.0086075595250429,2023,2022-12-31,native_mse,20260912,-0.0003527596454530836,,0,0
fixed_transform_add_only,3003,2023-06-09,2023-06-19,0.0338878539347273,2023,2022-12-31,native_mse,20260912,-0.0004629538008774116,,0,1
fixed_transform_add_only,3008,2023-06-16,2023-07-03,-0.026216632171098,2023,2022-12-31,native_mse,20260912,-0.0003413110242915335,,0,0
fixed_transform_add_only,3016,2023-06-30,2023-07-10,-0.0030441518806006,2023,2022-12-31,native_mse,20260912,0.0003431408638381007,,1,0
fixed_transform_add_only,3021,2023-07-07,2023-07-17,0.0104280552692135,2023,2022-12-31,native_mse,20260912,0.000814771057302496,,1,1
fixed_transform_add_only,3026,2023-07-14,2023-07-24,-0.0201642613135752,2023,2022-12-31,native_mse,20260912,0.0006501402430561996,,1,0
fixed_transform_add_only,3031,2023-07-21,2023-07-31,0.0566710925894278,2023,2022-12-31,native_mse,20260912,2.5045124957704355e-05,,1,1
fixed_transform_add_only,3036,2023-07-28,2023-08-07,-0.0039612927947766,2023,2022-12-31,native_mse,20260912,0.00047471401642830695,,1,0
fixed_transform_add_only,3041,2023-08-04,2023-08-14,-0.0404899362223548,2023,2022-12-31,native_mse,20260912,0.0008553072765691807,,1,0
fixed_transform_add_only,3046,2023-08-11,2023-08-21,-0.0176157088591445,2023,2022-12-31,native_mse,20260912,0.0015027086256146451,,1,0
fixed_transform_add_only,3051,2023-08-18,2023-08-28,0.0366582477081969,2023,2022-12-31,native_mse,20260912,0.0006099353623650846,,1,1
fixed_transform_add_only,3056,2023-08-25,2023-09-04,-0.025197172476384,2023,2022-12-31,native_mse,20260912,0.00044421971221099443,,1,0
fixed_transform_add_only,3061,2023-09-01,2023-09-11,-0.0189903461587886,2023,2022-12-31,native_mse,20260912,-0.0002025361551160587,,0,0
fixed_transform_add_only,3066,2023-09-08,2023-09-18,-0.0111346368744954,2023,2022-12-31,native_mse,20260912,0.00041052847232038274,,1,0
fixed_transform_add_only,3071,2023-09-15,2023-09-25,0.0105787349314532,2023,2022-12-31,native_mse,20260912,0.0001624781603077036,,1,1
fixed_transform_add_only,3076,2023-09-22,2023-10-16,-0.0198017153282719,2023,2022-12-31,native_mse,20260912,-2.0047557486308507e-05,,0,0
fixed_transform_add_only,3085,2023-10-13,2023-10-23,-0.0447156690429144,2023,2022-12-31,native_mse,20260912,-7.666747850147154e-05,,0,0
fixed_transform_add_only,3090,2023-10-20,2023-10-30,0.0154019770298841,2023,2022-12-31,native_mse,20260912,0.00029732197364893017,,1,1
fixed_transform_add_only,3095,2023-10-27,2023-11-06,0.0152527637017425,2023,2022-12-31,native_mse,20260912,0.0012245039371740986,,1,1
fixed_transform_add_only,3100,2023-11-03,2023-11-13,-0.0039935482440582,2023,2022-12-31,native_mse,20260912,0.00041856415378897153,,1,0
fixed_transform_add_only,3105,2023-11-10,2023-11-20,-0.0067280482816765,2023,2022-12-31,native_mse,20260912,0.00022000524072862617,,1,0
fixed_transform_add_only,3110,2023-11-17,2023-11-27,-0.0098859017348651,2023,2022-12-31,native_mse,20260912,-0.00011003873914113989,,0,0
fixed_transform_add_only,3115,2023-11-24,2023-12-04,-0.0151084754586299,2023,2022-12-31,native_mse,20260912,0.0006004861455855604,,1,0
fixed_transform_add_only,3120,2023-12-01,2023-12-11,-0.0295859857973478,2023,2022-12-31,native_mse,20260912,9.164477722239853e-05,,1,0
fixed_transform_add_only,3125,2023-12-08,2023-12-18,-0.0144639658974852,2023,2022-12-31,native_mse,20260912,0.0003716320497864135,,1,0
fixed_transform_add_only,3130,2023-12-15,2023-12-25,0.0003424256350643,2023,2022-12-31,native_mse,20260912,0.0007186720416179463,,1,1
fixed_transform_add_only,3135,2023-12-22,2024-01-02,0.0288079559683274,2023,2022-12-31,native_mse,20260912,0.00031752353260434155,,1,1
fixed_transform_add_only,3140,2023-12-29,2024-01-08,-0.0302544749829989,2023,2022-12-31,native_mse,20260912,-5.293223214677527e-06,,0,0
fixed_transform_add_only,3144,2024-01-05,2024-01-15,-0.0158038409563566,2024,2023-12-31,native_mse,20260910,0.000251131835275678,,1,0
fixed_transform_add_only,3149,2024-01-12,2024-01-22,-0.002333261979756,2024,2023-12-31,native_mse,20260910,0.0007362057214049004,,1,0
fixed_transform_add_only,3154,2024-01-19,2024-01-29,0.0223511633823452,2024,2023-12-31,native_mse,20260910,-0.00023540604600351487,,0,1
fixed_transform_add_only,3159,2024-01-26,2024-02-05,-0.0513103415192826,2024,2023-12-31,native_mse,20260910,-0.001531436704987099,,0,0
fixed_transform_add_only,3164,2024-02-02,2024-02-26,0.1015374891364462,2024,2023-12-31,native_mse,20260910,0.004796229141878599,,1,1
fixed_transform_add_only,3173,2024-02-23,2024-03-04,0.0151569053862528,2024,2023-12-31,native_mse,20260910,0.005981439448417525,,1,1
fixed_transform_add_only,3178,2024-03-01,2024-03-11,0.0021394031715169,2024,2023-12-31,native_mse,20260910,0.002923079585146593,,1,1
fixed_transform_add_only,3183,2024-03-08,2024-03-18,0.0087762342284414,2024,2023-12-31,native_mse,20260910,0.004534858645957669,,1,1
fixed_transform_add_only,3188,2024-03-15,2024-03-25,-0.0112802133595746,2024,2023-12-31,native_mse,20260910,0.004141952477981538,,1,0
fixed_transform_add_only,3193,2024-03-22,2024-04-01,0.0042044725182444,2024,2023-12-31,native_mse,20260910,0.0018727898596620025,,1,1
fixed_transform_add_only,3198,2024-03-29,2024-04-15,-0.0219845815102011,2024,2023-12-31,native_mse,20260910,0.0003645787473085561,,1,0
fixed_transform_add_only,3206,2024-04-12,2024-04-22,0.018045199366633,2024,2023-12-31,native_mse,20260910,-0.00021832918624461518,,0,1
fixed_transform_add_only,3211,2024-04-19,2024-04-29,0.0136757744232476,2024,2023-12-31,native_mse,20260910,0.0005323002819172812,,1,1
fixed_transform_add_only,3216,2024-04-26,2024-05-13,0.0172434956786644,2024,2023-12-31,native_mse,20260910,-0.00014728683736751251,,0,1
fixed_transform_add_only,3223,2024-05-10,2024-05-20,0.0097933549988344,2024,2023-12-31,native_mse,20260910,0.0004133340837300701,,1,1
fixed_transform_add_only,3228,2024-05-17,2024-05-27,-0.0204803832637164,2024,2023-12-31,native_mse,20260910,0.0036262081384896457,,1,0
fixed_transform_add_only,3233,2024-05-24,2024-06-03,-0.0081155643048258,2024,2023-12-31,native_mse,20260910,0.0049904247327292855,,1,0
fixed_transform_add_only,3238,2024-05-31,2024-06-11,-0.0060267570121149,2024,2023-12-31,native_mse,20260910,0.0040244113389711345,,1,0
fixed_transform_add_only,3243,2024-06-07,2024-06-17,-0.0096686558937179,2024,2023-12-31,native_mse,20260910,0.008609928356971403,,1,0
fixed_transform_add_only,3247,2024-06-14,2024-06-24,-0.013573992457631,2024,2023-12-31,native_mse,20260910,0.008961501129694911,,1,0
fixed_transform_add_only,3252,2024-06-21,2024-07-01,-0.004427632109257,2024,2023-12-31,native_mse,20260910,0.0009177608055072099,,1,0
fixed_transform_add_only,3257,2024-06-28,2024-07-08,-0.0108320369203009,2024,2023-12-31,native_mse,20260910,0.0030020981914033497,,1,0
fixed_transform_add_only,3262,2024-07-05,2024-07-15,0.0122222871842843,2024,2023-12-31,native_mse,20260910,0.00336049012064386,,1,1
fixed_transform_add_only,3267,2024-07-12,2024-07-22,0.0218881133018156,2024,2023-12-31,native_mse,20260910,-0.0006421845267103974,,0,1
fixed_transform_add_only,3272,2024-07-19,2024-07-29,-0.0378787022382998,2024,2023-12-31,native_mse,20260910,0.0004540341648428114,,1,0
fixed_transform_add_only,3277,2024-07-26,2024-08-05,-0.0124134568216732,2024,2023-12-31,native_mse,20260910,0.0013231998081271626,,1,0
fixed_transform_add_only,3282,2024-08-02,2024-08-12,-0.0102762848330364,2024,2023-12-31,native_mse,20260910,0.001303372172405589,,1,0
fixed_transform_add_only,3287,2024-08-09,2024-08-19,0.0050186923751938,2024,2023-12-31,native_mse,20260910,0.00011119162293128984,,1,1
fixed_transform_add_only,3292,2024-08-16,2024-08-26,-0.0040487282687352,2024,2023-12-31,native_mse,20260910,0.0014903087569155989,,1,0
fixed_transform_add_only,3297,2024-08-23,2024-09-02,-0.0069594562136714,2024,2023-12-31,native_mse,20260910,-0.0030751570665977007,,0,0
fixed_transform_add_only,3302,2024-08-30,2024-09-09,-0.0280389655151561,2024,2023-12-31,native_mse,20260910,-0.003508085985855703,,0,0
fixed_transform_add_only,3307,2024-09-06,2024-09-18,-0.0174132138857783,2024,2023-12-31,native_mse,20260910,-0.0025693655960970898,,0,0
fixed_transform_add_only,3312,2024-09-13,2024-09-24,0.0133119329369826,2024,2023-12-31,native_mse,20260910,0.00017194356388446877,,1,1
fixed_transform_add_only,3315,2024-09-20,2024-09-30,0.2017513988384409,2024,2023-12-31,native_mse,20260910,0.0007791555801138394,,1,1
fixed_transform_add_only,3320,2024-09-27,2024-10-14,0.0178259004588408,2024,2023-12-31,native_mse,20260910,0.0007616530796663938,,1,1
fixed_transform_add_only,3325,2024-10-11,2024-10-21,0.0080914993282625,2024,2023-12-31,native_mse,20260910,-0.0026429925872939004,,0,1
fixed_transform_add_only,3330,2024-10-18,2024-10-28,0.0015733867085561,2024,2023-12-31,native_mse,20260910,-0.004083051697418182,,0,1
fixed_transform_add_only,3335,2024-10-25,2024-11-04,-0.0140142824257356,2024,2023-12-31,native_mse,20260910,-0.003618447449131282,,0,0
fixed_transform_add_only,3340,2024-11-01,2024-11-11,0.0434152361258277,2024,2023-12-31,native_mse,20260910,-0.0042863223001300965,,0,1
fixed_transform_add_only,3345,2024-11-08,2024-11-18,-0.0208584853931589,2024,2023-12-31,native_mse,20260910,-0.0028591792362593097,,0,0
fixed_transform_add_only,3350,2024-11-15,2024-11-25,-0.0267421712161923,2024,2023-12-31,native_mse,20260910,-0.0017028092388012967,,0,0
fixed_transform_add_only,3355,2024-11-22,2024-12-02,0.0087960346887328,2024,2023-12-31,native_mse,20260910,-0.0009456406767515755,,0,1
fixed_transform_add_only,3360,2024-11-29,2024-12-09,0.0155919891551781,2024,2023-12-31,native_mse,20260910,-0.0002599534945060551,,0,1
fixed_transform_add_only,3365,2024-12-06,2024-12-16,-0.0100436703218104,2024,2023-12-31,native_mse,20260910,0.0007542474780432574,,1,0
fixed_transform_add_only,3370,2024-12-13,2024-12-23,-0.0006690784017421,2024,2023-12-31,native_mse,20260910,-0.0007125951992407705,,0,0
fixed_transform_add_only,3375,2024-12-20,2024-12-30,0.0123595076562756,2024,2023-12-31,native_mse,20260910,-0.0012475930255920083,,0,1
fixed_transform_add_only,3380,2024-12-27,2025-01-06,-0.0504714964669198,2024,2023-12-31,native_mse,20260910,-0.00024548952899875387,,0,0
fixed_transform_add_only,3144,2024-01-05,2024-01-15,-0.0158038409563566,2024,2023-12-31,native_mse,20260911,0.006524465736805172,,1,0
fixed_transform_add_only,3149,2024-01-12,2024-01-22,-0.002333261979756,2024,2023-12-31,native_mse,20260911,0.008213225375018137,,1,0
fixed_transform_add_only,3154,2024-01-19,2024-01-29,0.0223511633823452,2024,2023-12-31,native_mse,20260911,0.009988969845384454,,1,1
fixed_transform_add_only,3159,2024-01-26,2024-02-05,-0.0513103415192826,2024,2023-12-31,native_mse,20260911,0.007709942184731473,,1,0
fixed_transform_add_only,3164,2024-02-02,2024-02-26,0.1015374891364462,2024,2023-12-31,native_mse,20260911,0.006449485928463916,,1,1
fixed_transform_add_only,3173,2024-02-23,2024-03-04,0.0151569053862528,2024,2023-12-31,native_mse,20260911,0.010256530380527457,,1,1
fixed_transform_add_only,3178,2024-03-01,2024-03-11,0.0021394031715169,2024,2023-12-31,native_mse,20260911,0.00705766649461919,,1,1
fixed_transform_add_only,3183,2024-03-08,2024-03-18,0.0087762342284414,2024,2023-12-31,native_mse,20260911,0.008632918878357794,,1,1
fixed_transform_add_only,3188,2024-03-15,2024-03-25,-0.0112802133595746,2024,2023-12-31,native_mse,20260911,0.004101422624994645,,1,0
fixed_transform_add_only,3193,2024-03-22,2024-04-01,0.0042044725182444,2024,2023-12-31,native_mse,20260911,0.0049895841353934664,,1,1
fixed_transform_add_only,3198,2024-03-29,2024-04-15,-0.0219845815102011,2024,2023-12-31,native_mse,20260911,0.0016010611409444046,,1,0
fixed_transform_add_only,3206,2024-04-12,2024-04-22,0.018045199366633,2024,2023-12-31,native_mse,20260911,0.001857502186560773,,1,1
fixed_transform_add_only,3211,2024-04-19,2024-04-29,0.0136757744232476,2024,2023-12-31,native_mse,20260911,0.009651811290201222,,1,1
fixed_transform_add_only,3216,2024-04-26,2024-05-13,0.0172434956786644,2024,2023-12-31,native_mse,20260911,0.005960111287081512,,1,1
fixed_transform_add_only,3223,2024-05-10,2024-05-20,0.0097933549988344,2024,2023-12-31,native_mse,20260911,-0.004933376296222066,,0,1
fixed_transform_add_only,3228,2024-05-17,2024-05-27,-0.0204803832637164,2024,2023-12-31,native_mse,20260911,-0.003099362011607103,,0,0
fixed_transform_add_only,3233,2024-05-24,2024-06-03,-0.0081155643048258,2024,2023-12-31,native_mse,20260911,-0.0038744398417857777,,0,0
fixed_transform_add_only,3238,2024-05-31,2024-06-11,-0.0060267570121149,2024,2023-12-31,native_mse,20260911,-0.0020292253039693184,,0,0
fixed_transform_add_only,3243,2024-06-07,2024-06-17,-0.0096686558937179,2024,2023-12-31,native_mse,20260911,5.7354393489387904e-05,,1,0
fixed_transform_add_only,3247,2024-06-14,2024-06-24,-0.013573992457631,2024,2023-12-31,native_mse,20260911,0.0016373878025280563,,1,0
fixed_transform_add_only,3252,2024-06-21,2024-07-01,-0.004427632109257,2024,2023-12-31,native_mse,20260911,0.0027588932782398315,,1,0
fixed_transform_add_only,3257,2024-06-28,2024-07-08,-0.0108320369203009,2024,2023-12-31,native_mse,20260911,0.0032470747873102144,,1,0
fixed_transform_add_only,3262,2024-07-05,2024-07-15,0.0122222871842843,2024,2023-12-31,native_mse,20260911,0.002652089101692747,,1,1
fixed_transform_add_only,3267,2024-07-12,2024-07-22,0.0218881133018156,2024,2023-12-31,native_mse,20260911,0.004450330503533944,,1,1
fixed_transform_add_only,3272,2024-07-19,2024-07-29,-0.0378787022382998,2024,2023-12-31,native_mse,20260911,-0.0012744559041647184,,0,0
fixed_transform_add_only,3277,2024-07-26,2024-08-05,-0.0124134568216732,2024,2023-12-31,native_mse,20260911,-0.001291795834448832,,0,0
fixed_transform_add_only,3282,2024-08-02,2024-08-12,-0.0102762848330364,2024,2023-12-31,native_mse,20260911,-0.002458562952290899,,0,0
fixed_transform_add_only,3287,2024-08-09,2024-08-19,0.0050186923751938,2024,2023-12-31,native_mse,20260911,-0.0009352769264030156,,0,1
fixed_transform_add_only,3292,2024-08-16,2024-08-26,-0.0040487282687352,2024,2023-12-31,native_mse,20260911,-0.0034014636043486098,,0,0
fixed_transform_add_only,3297,2024-08-23,2024-09-02,-0.0069594562136714,2024,2023-12-31,native_mse,20260911,-0.0018665564124188876,,0,0
fixed_transform_add_only,3302,2024-08-30,2024-09-09,-0.0280389655151561,2024,2023-12-31,native_mse,20260911,2.766314850337684e-05,,1,0
fixed_transform_add_only,3307,2024-09-06,2024-09-18,-0.0174132138857783,2024,2023-12-31,native_mse,20260911,0.0015093996928045017,,1,0
fixed_transform_add_only,3312,2024-09-13,2024-09-24,0.0133119329369826,2024,2023-12-31,native_mse,20260911,0.005047902673988417,,1,1
fixed_transform_add_only,3315,2024-09-20,2024-09-30,0.2017513988384409,2024,2023-12-31,native_mse,20260911,0.006841795120835749,,1,1
fixed_transform_add_only,3320,2024-09-27,2024-10-14,0.0178259004588408,2024,2023-12-31,native_mse,20260911,0.011643607701046107,,1,1
fixed_transform_add_only,3325,2024-10-11,2024-10-21,0.0080914993282625,2024,2023-12-31,native_mse,20260911,0.006958055096152153,,1,1
fixed_transform_add_only,3330,2024-10-18,2024-10-28,0.0015733867085561,2024,2023-12-31,native_mse,20260911,0.0035488889473533555,,1,1
fixed_transform_add_only,3335,2024-10-25,2024-11-04,-0.0140142824257356,2024,2023-12-31,native_mse,20260911,-0.004087166652715301,,0,0
fixed_transform_add_only,3340,2024-11-01,2024-11-11,0.0434152361258277,2024,2023-12-31,native_mse,20260911,-0.008879815780234165,,0,1
fixed_transform_add_only,3345,2024-11-08,2024-11-18,-0.0208584853931589,2024,2023-12-31,native_mse,20260911,-0.0016665405141504353,,0,0
fixed_transform_add_only,3350,2024-11-15,2024-11-25,-0.0267421712161923,2024,2023-12-31,native_mse,20260911,-0.0014397200836903515,,0,0
fixed_transform_add_only,3355,2024-11-22,2024-12-02,0.0087960346887328,2024,2023-12-31,native_mse,20260911,-0.00394305191034785,,0,1
fixed_transform_add_only,3360,2024-11-29,2024-12-09,0.0155919891551781,2024,2023-12-31,native_mse,20260911,-0.003787046789689023,,0,1
fixed_transform_add_only,3365,2024-12-06,2024-12-16,-0.0100436703218104,2024,2023-12-31,native_mse,20260911,-0.0013163950781598383,,0,0
fixed_transform_add_only,3370,2024-12-13,2024-12-23,-0.0006690784017421,2024,2023-12-31,native_mse,20260911,-0.007731413237017607,,0,0
fixed_transform_add_only,3375,2024-12-20,2024-12-30,0.0123595076562756,2024,2023-12-31,native_mse,20260911,-0.005503589541502588,,0,1
fixed_transform_add_only,3380,2024-12-27,2025-01-06,-0.0504714964669198,2024,2023-12-31,native_mse,20260911,0.006049137218951889,,1,0
fixed_transform_add_only,3144,2024-01-05,2024-01-15,-0.0158038409563566,2024,2023-12-31,native_mse,20260912,0.001652613648937757,,1,0
fixed_transform_add_only,3149,2024-01-12,2024-01-22,-0.002333261979756,2024,2023-12-31,native_mse,20260912,0.0017566823014709063,,1,0
fixed_transform_add_only,3154,2024-01-19,2024-01-29,0.0223511633823452,2024,2023-12-31,native_mse,20260912,0.0017349357863463528,,1,1
fixed_transform_add_only,3159,2024-01-26,2024-02-05,-0.0513103415192826,2024,2023-12-31,native_mse,20260912,0.0017756045446650414,,1,0
fixed_transform_add_only,3164,2024-02-02,2024-02-26,0.1015374891364462,2024,2023-12-31,native_mse,20260912,0.0017702651342618495,,1,1
fixed_transform_add_only,3173,2024-02-23,2024-03-04,0.0151569053862528,2024,2023-12-31,native_mse,20260912,0.0018705013508167863,,1,1
fixed_transform_add_only,3178,2024-03-01,2024-03-11,0.0021394031715169,2024,2023-12-31,native_mse,20260912,0.0020966839632058165,,1,1
fixed_transform_add_only,3183,2024-03-08,2024-03-18,0.0087762342284414,2024,2023-12-31,native_mse,20260912,0.0021229030867072935,,1,1
fixed_transform_add_only,3188,2024-03-15,2024-03-25,-0.0112802133595746,2024,2023-12-31,native_mse,20260912,0.002169492364912302,,1,0
fixed_transform_add_only,3193,2024-03-22,2024-04-01,0.0042044725182444,2024,2023-12-31,native_mse,20260912,0.0021346683785466035,,1,1
fixed_transform_add_only,3198,2024-03-29,2024-04-15,-0.0219845815102011,2024,2023-12-31,native_mse,20260912,0.001970104765042201,,1,0
fixed_transform_add_only,3206,2024-04-12,2024-04-22,0.018045199366633,2024,2023-12-31,native_mse,20260912,0.0018950666103198662,,1,1
fixed_transform_add_only,3211,2024-04-19,2024-04-29,0.0136757744232476,2024,2023-12-31,native_mse,20260912,0.0014826942470986316,,1,1
fixed_transform_add_only,3216,2024-04-26,2024-05-13,0.0172434956786644,2024,2023-12-31,native_mse,20260912,0.0010502698704938512,,1,1
fixed_transform_add_only,3223,2024-05-10,2024-05-20,0.0097933549988344,2024,2023-12-31,native_mse,20260912,0.0008603132721811119,,1,1
fixed_transform_add_only,3228,2024-05-17,2024-05-27,-0.0204803832637164,2024,2023-12-31,native_mse,20260912,0.000598359363630433,,1,0
fixed_transform_add_only,3233,2024-05-24,2024-06-03,-0.0081155643048258,2024,2023-12-31,native_mse,20260912,0.0005736014331172037,,1,0
fixed_transform_add_only,3238,2024-05-31,2024-06-11,-0.0060267570121149,2024,2023-12-31,native_mse,20260912,0.0005483327414548749,,1,0
fixed_transform_add_only,3243,2024-06-07,2024-06-17,-0.0096686558937179,2024,2023-12-31,native_mse,20260912,0.000585176229140396,,1,0
fixed_transform_add_only,3247,2024-06-14,2024-06-24,-0.013573992457631,2024,2023-12-31,native_mse,20260912,0.000605835607878555,,1,0
fixed_transform_add_only,3252,2024-06-21,2024-07-01,-0.004427632109257,2024,2023-12-31,native_mse,20260912,0.0006286050015987623,,1,0
fixed_transform_add_only,3257,2024-06-28,2024-07-08,-0.0108320369203009,2024,2023-12-31,native_mse,20260912,0.00064228262166844,,1,0
fixed_transform_add_only,3262,2024-07-05,2024-07-15,0.0122222871842843,2024,2023-12-31,native_mse,20260912,0.000721007461573622,,1,1
fixed_transform_add_only,3267,2024-07-12,2024-07-22,0.0218881133018156,2024,2023-12-31,native_mse,20260912,0.000821435978076197,,1,1
fixed_transform_add_only,3272,2024-07-19,2024-07-29,-0.0378787022382998,2024,2023-12-31,native_mse,20260912,0.0008418861287390497,,1,0
fixed_transform_add_only,3277,2024-07-26,2024-08-05,-0.0124134568216732,2024,2023-12-31,native_mse,20260912,0.0012675510770958798,,1,0
fixed_transform_add_only,3282,2024-08-02,2024-08-12,-0.0102762848330364,2024,2023-12-31,native_mse,20260912,0.0015249857513458085,,1,0
fixed_transform_add_only,3287,2024-08-09,2024-08-19,0.0050186923751938,2024,2023-12-31,native_mse,20260912,0.0015779514189250905,,1,1
fixed_transform_add_only,3292,2024-08-16,2024-08-26,-0.0040487282687352,2024,2023-12-31,native_mse,20260912,0.0013998325080271312,,1,0
fixed_transform_add_only,3297,2024-08-23,2024-09-02,-0.0069594562136714,2024,2023-12-31,native_mse,20260912,0.0014255873683507452,,1,0
fixed_transform_add_only,3302,2024-08-30,2024-09-09,-0.0280389655151561,2024,2023-12-31,native_mse,20260912,0.0015330401621674865,,1,0
fixed_transform_add_only,3307,2024-09-06,2024-09-18,-0.0174132138857783,2024,2023-12-31,native_mse,20260912,0.0015627932338450265,,1,0
fixed_transform_add_only,3312,2024-09-13,2024-09-24,0.0133119329369826,2024,2023-12-31,native_mse,20260912,0.0015103830852308555,,1,1
fixed_transform_add_only,3315,2024-09-20,2024-09-30,0.2017513988384409,2024,2023-12-31,native_mse,20260912,0.0015343284400254939,,1,1
fixed_transform_add_only,3320,2024-09-27,2024-10-14,0.0178259004588408,2024,2023-12-31,native_mse,20260912,0.0015725051425186597,,1,1
fixed_transform_add_only,3325,2024-10-11,2024-10-21,0.0080914993282625,2024,2023-12-31,native_mse,20260912,0.0019394229622847915,,1,1
fixed_transform_add_only,3330,2024-10-18,2024-10-28,0.0015733867085561,2024,2023-12-31,native_mse,20260912,0.0021210173726156634,,1,1
fixed_transform_add_only,3335,2024-10-25,2024-11-04,-0.0140142824257356,2024,2023-12-31,native_mse,20260912,0.0021565584052961957,,1,0
fixed_transform_add_only,3340,2024-11-01,2024-11-11,0.0434152361258277,2024,2023-12-31,native_mse,20260912,0.002066143931918221,,1,1
fixed_transform_add_only,3345,2024-11-08,2024-11-18,-0.0208584853931589,2024,2023-12-31,native_mse,20260912,0.0019328021834634566,,1,0
fixed_transform_add_only,3350,2024-11-15,2024-11-25,-0.0267421712161923,2024,2023-12-31,native_mse,20260912,0.0016078398644429398,,1,0
fixed_transform_add_only,3355,2024-11-22,2024-12-02,0.0087960346887328,2024,2023-12-31,native_mse,20260912,0.0014387624930086427,,1,1
fixed_transform_add_only,3360,2024-11-29,2024-12-09,0.0155919891551781,2024,2023-12-31,native_mse,20260912,0.001055672591838617,,1,1
fixed_transform_add_only,3365,2024-12-06,2024-12-16,-0.0100436703218104,2024,2023-12-31,native_mse,20260912,0.0009332123922739673,,1,0
fixed_transform_add_only,3370,2024-12-13,2024-12-23,-0.0006690784017421,2024,2023-12-31,native_mse,20260912,0.0007303535282016855,,1,0
fixed_transform_add_only,3375,2024-12-20,2024-12-30,0.0123595076562756,2024,2023-12-31,native_mse,20260912,0.0006347143027364932,,1,1
fixed_transform_add_only,3380,2024-12-27,2025-01-06,-0.0504714964669198,2024,2023-12-31,native_mse,20260912,0.0004962445983289108,,1,0
fixed_transform_add_only,3384,2025-01-03,2025-01-13,-0.0189486730632231,2025,2024-12-31,native_mse,20260910,-0.0042551962797835255,,0,0
fixed_transform_add_only,3389,2025-01-10,2025-01-20,0.0353251773547418,2025,2024-12-31,native_mse,20260910,-0.004346017102457373,,0,1
fixed_transform_add_only,3394,2025-01-17,2025-01-27,0.000432821422053,2025,2024-12-31,native_mse,20260910,-0.0019110835117753682,,0,1
fixed_transform_add_only,3399,2025-01-24,2025-02-10,0.0159344898044284,2025,2024-12-31,native_mse,20260910,-0.0018767518511483509,,0,1
fixed_transform_add_only,3403,2025-02-07,2025-02-17,0.0144454990892999,2025,2024-12-31,native_mse,20260910,-0.0005243581714439598,,0,1
fixed_transform_add_only,3408,2025-02-14,2025-02-24,0.0045695818086644,2025,2024-12-31,native_mse,20260910,0.0018166916350322408,,1,1
fixed_transform_add_only,3413,2025-02-21,2025-03-03,-0.0183210488158531,2025,2024-12-31,native_mse,20260910,-0.0017910693651536675,,0,0
fixed_transform_add_only,3418,2025-02-28,2025-03-10,0.0117650075646844,2025,2024-12-31,native_mse,20260910,8.039864129989814e-05,,1,1
fixed_transform_add_only,3423,2025-03-07,2025-03-17,0.019023819058288,2025,2024-12-31,native_mse,20260910,0.00045020548490624885,,1,1
fixed_transform_add_only,3428,2025-03-14,2025-03-24,-0.0259983485216283,2025,2024-12-31,native_mse,20260910,0.004030585426274574,,1,0
fixed_transform_add_only,3433,2025-03-21,2025-03-31,-0.0025867506275359,2025,2024-12-31,native_mse,20260910,0.0025467178052053364,,1,0
fixed_transform_add_only,3438,2025-03-28,2025-04-14,-0.0342910101946246,2025,2024-12-31,native_mse,20260910,0.007880897711304511,,1,0
fixed_transform_add_only,3447,2025-04-11,2025-04-21,-0.0010339232881941,2025,2024-12-31,native_mse,20260910,5.880823721327009e-05,,1,0
fixed_transform_add_only,3452,2025-04-18,2025-04-28,0.0048432383085554,2025,2024-12-31,native_mse,20260910,0.005609692399565023,,1,1
fixed_transform_add_only,3457,2025-04-25,2025-05-12,0.02116527880118,2025,2024-12-31,native_mse,20260910,-0.000987643148635555,,0,1
fixed_transform_add_only,3464,2025-05-09,2025-05-19,0.0041484224873464,2025,2024-12-31,native_mse,20260910,-0.0013747677302766792,,0,1
fixed_transform_add_only,3469,2025-05-16,2025-05-26,-0.0017462660042188,2025,2024-12-31,native_mse,20260910,-0.0004666942525332647,,0,0
fixed_transform_add_only,3474,2025-05-23,2025-06-03,-0.0109216443615366,2025,2024-12-31,native_mse,20260910,-0.0003784346347167226,,0,0
fixed_transform_add_only,3479,2025-05-30,2025-06-09,0.011566574321892,2025,2024-12-31,native_mse,20260910,0.0010175785321809984,,1,1
fixed_transform_add_only,3483,2025-06-06,2025-06-16,-0.0062354943524679,2025,2024-12-31,native_mse,20260910,-0.0001914645603575384,,0,0
fixed_transform_add_only,3488,2025-06-13,2025-06-23,-0.005825691168304,2025,2024-12-31,native_mse,20260910,1.1665969000571627e-05,,1,0
fixed_transform_add_only,3493,2025-06-20,2025-06-30,0.0232670437490374,2025,2024-12-31,native_mse,20260910,0.0007044968618821799,,1,1
fixed_transform_add_only,3498,2025-06-27,2025-07-07,0.0145345648685946,2025,2024-12-31,native_mse,20260910,-0.003232334991441291,,0,1
fixed_transform_add_only,3503,2025-07-04,2025-07-14,0.0110426949002964,2025,2024-12-31,native_mse,20260910,0.003419117861495023,,1,1
fixed_transform_add_only,3508,2025-07-11,2025-07-21,0.0120759671840067,2025,2024-12-31,native_mse,20260910,0.011140680775400312,,1,1
fixed_transform_add_only,3513,2025-07-18,2025-07-28,0.0143570766898375,2025,2024-12-31,native_mse,20260910,-0.002127522022613997,,0,1
fixed_transform_add_only,3518,2025-07-25,2025-08-04,-0.0218642507630443,2025,2024-12-31,native_mse,20260910,-0.001869242573817923,,0,0
fixed_transform_add_only,3523,2025-08-01,2025-08-11,0.0179175520190988,2025,2024-12-31,native_mse,20260910,2.2319590068522338e-05,,1,1
fixed_transform_add_only,3528,2025-08-08,2025-08-18,0.026265786598999,2025,2024-12-31,native_mse,20260910,-0.004614466433741538,,0,1
fixed_transform_add_only,3533,2025-08-15,2025-08-25,0.0469483790671487,2025,2024-12-31,native_mse,20260910,-0.0013489789955213162,,0,1
fixed_transform_add_only,3538,2025-08-22,2025-09-01,0.0227770368340847,2025,2024-12-31,native_mse,20260910,-0.004341013056443359,,0,1
fixed_transform_add_only,3543,2025-08-29,2025-09-08,-0.0110053842475337,2025,2024-12-31,native_mse,20260910,-0.004924417538845909,,0,0
fixed_transform_add_only,3548,2025-09-05,2025-09-15,0.0151594857594405,2025,2024-12-31,native_mse,20260910,-0.004519124644784283,,0,1
fixed_transform_add_only,3553,2025-09-12,2025-09-22,-0.0050409160971932,2025,2024-12-31,native_mse,20260910,-0.004114428954602145,,0,0
fixed_transform_add_only,3558,2025-09-19,2025-09-29,0.0095300784790881,2025,2024-12-31,native_mse,20260910,-0.0047590961051182015,,0,1
fixed_transform_add_only,3563,2025-09-26,2025-10-13,-0.0140855274279203,2025,2024-12-31,native_mse,20260910,-0.004219803127072934,,0,0
fixed_transform_add_only,3567,2025-10-10,2025-10-20,0.015001547584321,2025,2024-12-31,native_mse,20260910,-0.003823350500415441,,0,1
fixed_transform_add_only,3572,2025-10-17,2025-10-27,0.0309637052897611,2025,2024-12-31,native_mse,20260910,-0.003866623261027931,,0,1
fixed_transform_add_only,3577,2025-10-24,2025-11-03,-0.013331545863497,2025,2024-12-31,native_mse,20260910,-0.0036382658807448576,,0,0
fixed_transform_add_only,3582,2025-10-31,2025-11-10,0.0110832418536339,2025,2024-12-31,native_mse,20260910,-0.003790641327688186,,0,1
fixed_transform_add_only,3587,2025-11-07,2025-11-17,-0.0152107881197579,2025,2024-12-31,native_mse,20260910,-0.003538974204578519,,0,0
fixed_transform_add_only,3592,2025-11-14,2025-11-24,-0.031114557454173,2025,2024-12-31,native_mse,20260910,-0.003282621345580935,,0,0
fixed_transform_add_only,3597,2025-11-21,2025-12-01,0.0147613767448515,2025,2024-12-31,native_mse,20260910,-0.0034884891644206416,,0,1
fixed_transform_add_only,3602,2025-11-28,2025-12-08,0.0118853804313106,2025,2024-12-31,native_mse,20260910,-0.003806133337151431,,0,1
fixed_transform_add_only,3607,2025-12-05,2025-12-15,-0.0093922675990717,2025,2024-12-31,native_mse,20260910,-0.003208553856296927,,0,0
fixed_transform_add_only,3612,2025-12-12,2025-12-22,0.0082791208791208,2025,2024-12-31,native_mse,20260910,0.0022387132272507658,,1,1
fixed_transform_add_only,3617,2025-12-19,2025-12-29,0.0153890755001995,2025,2024-12-31,native_mse,20260910,0.006486312528548796,,1,1
fixed_transform_add_only,3622,2025-12-26,2026-01-12,0.0239101640737868,2025,2024-12-31,native_mse,20260910,-0.0003728277129905187,,0,1
fixed_transform_add_only,3384,2025-01-03,2025-01-13,-0.0189486730632231,2025,2024-12-31,native_mse,20260911,-0.002243633031677963,,0,0
fixed_transform_add_only,3389,2025-01-10,2025-01-20,0.0353251773547418,2025,2024-12-31,native_mse,20260911,-0.0018394813791051527,,0,1
fixed_transform_add_only,3394,2025-01-17,2025-01-27,0.000432821422053,2025,2024-12-31,native_mse,20260911,-0.0014393263633927758,,0,1
fixed_transform_add_only,3399,2025-01-24,2025-02-10,0.0159344898044284,2025,2024-12-31,native_mse,20260911,-0.0005732481089145066,,0,1
fixed_transform_add_only,3403,2025-02-07,2025-02-17,0.0144454990892999,2025,2024-12-31,native_mse,20260911,-0.0003493640286036611,,0,1
fixed_transform_add_only,3408,2025-02-14,2025-02-24,0.0045695818086644,2025,2024-12-31,native_mse,20260911,-6.571465300264602e-06,,0,1
fixed_transform_add_only,3413,2025-02-21,2025-03-03,-0.0183210488158531,2025,2024-12-31,native_mse,20260911,0.00010564573035517886,,1,0
fixed_transform_add_only,3418,2025-02-28,2025-03-10,0.0117650075646844,2025,2024-12-31,native_mse,20260911,0.00030938900384146466,,1,1
fixed_transform_add_only,3423,2025-03-07,2025-03-17,0.019023819058288,2025,2024-12-31,native_mse,20260911,0.0003527669941379203,,1,1
fixed_transform_add_only,3428,2025-03-14,2025-03-24,-0.0259983485216283,2025,2024-12-31,native_mse,20260911,0.0004719065040533454,,1,0
fixed_transform_add_only,3433,2025-03-21,2025-03-31,-0.0025867506275359,2025,2024-12-31,native_mse,20260911,0.0001374212134311476,,1,0
fixed_transform_add_only,3438,2025-03-28,2025-04-14,-0.0342910101946246,2025,2024-12-31,native_mse,20260911,0.0003460895283123176,,1,0
fixed_transform_add_only,3447,2025-04-11,2025-04-21,-0.0010339232881941,2025,2024-12-31,native_mse,20260911,0.000247650617921614,,1,0
fixed_transform_add_only,3452,2025-04-18,2025-04-28,0.0048432383085554,2025,2024-12-31,native_mse,20260911,0.0005399418130639047,,1,1
fixed_transform_add_only,3457,2025-04-25,2025-05-12,0.02116527880118,2025,2024-12-31,native_mse,20260911,0.00041859235087992534,,1,1
fixed_transform_add_only,3464,2025-05-09,2025-05-19,0.0041484224873464,2025,2024-12-31,native_mse,20260911,-0.00023324757687195213,,0,1
fixed_transform_add_only,3469,2025-05-16,2025-05-26,-0.0017462660042188,2025,2024-12-31,native_mse,20260911,-0.0007053097438131018,,0,0
fixed_transform_add_only,3474,2025-05-23,2025-06-03,-0.0109216443615366,2025,2024-12-31,native_mse,20260911,-0.0004283154814639044,,0,0
fixed_transform_add_only,3479,2025-05-30,2025-06-09,0.011566574321892,2025,2024-12-31,native_mse,20260911,-0.0007435280421209072,,0,1
fixed_transform_add_only,3483,2025-06-06,2025-06-16,-0.0062354943524679,2025,2024-12-31,native_mse,20260911,0.00031992663879525335,,1,0
fixed_transform_add_only,3488,2025-06-13,2025-06-23,-0.005825691168304,2025,2024-12-31,native_mse,20260911,-0.00012583521126832513,,0,0
fixed_transform_add_only,3493,2025-06-20,2025-06-30,0.0232670437490374,2025,2024-12-31,native_mse,20260911,0.0004804870845920942,,1,1
fixed_transform_add_only,3498,2025-06-27,2025-07-07,0.0145345648685946,2025,2024-12-31,native_mse,20260911,0.0003559800730399111,,1,1
fixed_transform_add_only,3503,2025-07-04,2025-07-14,0.0110426949002964,2025,2024-12-31,native_mse,20260911,0.0001003436982822433,,1,1
fixed_transform_add_only,3508,2025-07-11,2025-07-21,0.0120759671840067,2025,2024-12-31,native_mse,20260911,0.00011930674045287023,,1,1
fixed_transform_add_only,3513,2025-07-18,2025-07-28,0.0143570766898375,2025,2024-12-31,native_mse,20260911,-0.00014021210404791933,,0,1
fixed_transform_add_only,3518,2025-07-25,2025-08-04,-0.0218642507630443,2025,2024-12-31,native_mse,20260911,-0.0010675431152552786,,0,0
fixed_transform_add_only,3523,2025-08-01,2025-08-11,0.0179175520190988,2025,2024-12-31,native_mse,20260911,-0.0011114652147751107,,0,1
fixed_transform_add_only,3528,2025-08-08,2025-08-18,0.026265786598999,2025,2024-12-31,native_mse,20260911,-0.0011821175732785794,,0,1
fixed_transform_add_only,3533,2025-08-15,2025-08-25,0.0469483790671487,2025,2024-12-31,native_mse,20260911,-0.001692750035902398,,0,1
fixed_transform_add_only,3538,2025-08-22,2025-09-01,0.0227770368340847,2025,2024-12-31,native_mse,20260911,-0.0020785336587941633,,0,1
fixed_transform_add_only,3543,2025-08-29,2025-09-08,-0.0110053842475337,2025,2024-12-31,native_mse,20260911,-0.0022958519339049935,,0,0
fixed_transform_add_only,3548,2025-09-05,2025-09-15,0.0151594857594405,2025,2024-12-31,native_mse,20260911,-0.002811169444921857,,0,1
fixed_transform_add_only,3553,2025-09-12,2025-09-22,-0.0050409160971932,2025,2024-12-31,native_mse,20260911,-0.0028821755195373713,,0,0
fixed_transform_add_only,3558,2025-09-19,2025-09-29,0.0095300784790881,2025,2024-12-31,native_mse,20260911,-0.0027270038017814854,,0,1
fixed_transform_add_only,3563,2025-09-26,2025-10-13,-0.0140855274279203,2025,2024-12-31,native_mse,20260911,-0.002671446424452231,,0,0
fixed_transform_add_only,3567,2025-10-10,2025-10-20,0.015001547584321,2025,2024-12-31,native_mse,20260911,-0.002875353278749809,,0,1
fixed_transform_add_only,3572,2025-10-17,2025-10-27,0.0309637052897611,2025,2024-12-31,native_mse,20260911,-0.0026759293493526775,,0,1
fixed_transform_add_only,3577,2025-10-24,2025-11-03,-0.013331545863497,2025,2024-12-31,native_mse,20260911,-0.0024118634853773644,,0,0
fixed_transform_add_only,3582,2025-10-31,2025-11-10,0.0110832418536339,2025,2024-12-31,native_mse,20260911,-0.0024513790865101073,,0,1
fixed_transform_add_only,3587,2025-11-07,2025-11-17,-0.0152107881197579,2025,2024-12-31,native_mse,20260911,-0.0023441841984512364,,0,0
fixed_transform_add_only,3592,2025-11-14,2025-11-24,-0.031114557454173,2025,2024-12-31,native_mse,20260911,-0.0023326617843834286,,0,0
fixed_transform_add_only,3597,2025-11-21,2025-12-01,0.0147613767448515,2025,2024-12-31,native_mse,20260911,-0.0021695162719280723,,0,1
fixed_transform_add_only,3602,2025-11-28,2025-12-08,0.0118853804313106,2025,2024-12-31,native_mse,20260911,-0.0021230276394656705,,0,1
fixed_transform_add_only,3607,2025-12-05,2025-12-15,-0.0093922675990717,2025,2024-12-31,native_mse,20260911,-0.0018508009821854902,,0,0
fixed_transform_add_only,3612,2025-12-12,2025-12-22,0.0082791208791208,2025,2024-12-31,native_mse,20260911,-0.0014574936445709685,,0,1
fixed_transform_add_only,3617,2025-12-19,2025-12-29,0.0153890755001995,2025,2024-12-31,native_mse,20260911,-0.001196551069802699,,0,1
fixed_transform_add_only,3622,2025-12-26,2026-01-12,0.0239101640737868,2025,2024-12-31,native_mse,20260911,-0.0009424910062058391,,0,1
fixed_transform_add_only,3384,2025-01-03,2025-01-13,-0.0189486730632231,2025,2024-12-31,native_mse,20260912,-0.003930728949605344,,0,0
fixed_transform_add_only,3389,2025-01-10,2025-01-20,0.0353251773547418,2025,2024-12-31,native_mse,20260912,0.004608697114816542,,1,1
fixed_transform_add_only,3394,2025-01-17,2025-01-27,0.000432821422053,2025,2024-12-31,native_mse,20260912,-0.0013781107886780553,,0,1
fixed_transform_add_only,3399,2025-01-24,2025-02-10,0.0159344898044284,2025,2024-12-31,native_mse,20260912,0.008065382377116114,,1,1
fixed_transform_add_only,3403,2025-02-07,2025-02-17,0.0144454990892999,2025,2024-12-31,native_mse,20260912,0.0020560919017093573,,1,1
fixed_transform_add_only,3408,2025-02-14,2025-02-24,0.0045695818086644,2025,2024-12-31,native_mse,20260912,0.0004574229206631815,,1,1
fixed_transform_add_only,3413,2025-02-21,2025-03-03,-0.0183210488158531,2025,2024-12-31,native_mse,20260912,-0.004487069050516085,,0,0
fixed_transform_add_only,3418,2025-02-28,2025-03-10,0.0117650075646844,2025,2024-12-31,native_mse,20260912,0.007907777385840498,,1,1
fixed_transform_add_only,3423,2025-03-07,2025-03-17,0.019023819058288,2025,2024-12-31,native_mse,20260912,-0.007080334543719193,,0,1
fixed_transform_add_only,3428,2025-03-14,2025-03-24,-0.0259983485216283,2025,2024-12-31,native_mse,20260912,0.005416181842733637,,1,0
fixed_transform_add_only,3433,2025-03-21,2025-03-31,-0.0025867506275359,2025,2024-12-31,native_mse,20260912,0.0028174386195491687,,1,0
fixed_transform_add_only,3438,2025-03-28,2025-04-14,-0.0342910101946246,2025,2024-12-31,native_mse,20260912,0.0006099430279859906,,1,0
fixed_transform_add_only,3447,2025-04-11,2025-04-21,-0.0010339232881941,2025,2024-12-31,native_mse,20260912,-0.0038314464400373087,,0,0
fixed_transform_add_only,3452,2025-04-18,2025-04-28,0.0048432383085554,2025,2024-12-31,native_mse,20260912,-0.002239070357372274,,0,1
fixed_transform_add_only,3457,2025-04-25,2025-05-12,0.02116527880118,2025,2024-12-31,native_mse,20260912,-0.0030291142570267483,,0,1
fixed_transform_add_only,3464,2025-05-09,2025-05-19,0.0041484224873464,2025,2024-12-31,native_mse,20260912,-0.006797100864360832,,0,1
fixed_transform_add_only,3469,2025-05-16,2025-05-26,-0.0017462660042188,2025,2024-12-31,native_mse,20260912,0.0011635229802106158,,1,0
fixed_transform_add_only,3474,2025-05-23,2025-06-03,-0.0109216443615366,2025,2024-12-31,native_mse,20260912,-0.0015437185640202761,,0,0
fixed_transform_add_only,3479,2025-05-30,2025-06-09,0.011566574321892,2025,2024-12-31,native_mse,20260912,-0.007042284452490261,,0,1
fixed_transform_add_only,3483,2025-06-06,2025-06-16,-0.0062354943524679,2025,2024-12-31,native_mse,20260912,0.00028466611619904517,,1,0
fixed_transform_add_only,3488,2025-06-13,2025-06-23,-0.005825691168304,2025,2024-12-31,native_mse,20260912,-0.006674179072757184,,0,0
fixed_transform_add_only,3493,2025-06-20,2025-06-30,0.0232670437490374,2025,2024-12-31,native_mse,20260912,-0.0026285119113171485,,0,1
fixed_transform_add_only,3498,2025-06-27,2025-07-07,0.0145345648685946,2025,2024-12-31,native_mse,20260912,-0.001664357643481335,,0,1
fixed_transform_add_only,3503,2025-07-04,2025-07-14,0.0110426949002964,2025,2024-12-31,native_mse,20260912,0.0037107408116209707,,1,1
fixed_transform_add_only,3508,2025-07-11,2025-07-21,0.0120759671840067,2025,2024-12-31,native_mse,20260912,0.002218014475368515,,1,1
fixed_transform_add_only,3513,2025-07-18,2025-07-28,0.0143570766898375,2025,2024-12-31,native_mse,20260912,0.009911597608358887,,1,1
fixed_transform_add_only,3518,2025-07-25,2025-08-04,-0.0218642507630443,2025,2024-12-31,native_mse,20260912,-0.0013540938427923275,,0,0
fixed_transform_add_only,3523,2025-08-01,2025-08-11,0.0179175520190988,2025,2024-12-31,native_mse,20260912,0.002501110312004882,,1,1
fixed_transform_add_only,3528,2025-08-08,2025-08-18,0.026265786598999,2025,2024-12-31,native_mse,20260912,-0.006121881900028309,,0,1
fixed_transform_add_only,3533,2025-08-15,2025-08-25,0.0469483790671487,2025,2024-12-31,native_mse,20260912,-0.0031833828356847573,,0,1
fixed_transform_add_only,3538,2025-08-22,2025-09-01,0.0227770368340847,2025,2024-12-31,native_mse,20260912,-0.005229739970136804,,0,1
fixed_transform_add_only,3543,2025-08-29,2025-09-08,-0.0110053842475337,2025,2024-12-31,native_mse,20260912,0.0017396293034999204,,1,0
fixed_transform_add_only,3548,2025-09-05,2025-09-15,0.0151594857594405,2025,2024-12-31,native_mse,20260912,-0.006315423164964012,,0,1
fixed_transform_add_only,3553,2025-09-12,2025-09-22,-0.0050409160971932,2025,2024-12-31,native_mse,20260912,0.0036445584301978444,,1,0
fixed_transform_add_only,3558,2025-09-19,2025-09-29,0.0095300784790881,2025,2024-12-31,native_mse,20260912,-0.007907179585583714,,0,1
fixed_transform_add_only,3563,2025-09-26,2025-10-13,-0.0140855274279203,2025,2024-12-31,native_mse,20260912,-0.0016751946251609804,,0,0
fixed_transform_add_only,3567,2025-10-10,2025-10-20,0.015001547584321,2025,2024-12-31,native_mse,20260912,-0.006402638764524997,,0,1
fixed_transform_add_only,3572,2025-10-17,2025-10-27,0.0309637052897611,2025,2024-12-31,native_mse,20260912,-0.00870396964325983,,0,1
fixed_transform_add_only,3577,2025-10-24,2025-11-03,-0.013331545863497,2025,2024-12-31,native_mse,20260912,-0.005475122015119508,,0,0
fixed_transform_add_only,3582,2025-10-31,2025-11-10,0.0110832418536339,2025,2024-12-31,native_mse,20260912,-0.006949842516906396,,0,1
fixed_transform_add_only,3587,2025-11-07,2025-11-17,-0.0152107881197579,2025,2024-12-31,native_mse,20260912,0.005808210669049744,,1,0
fixed_transform_add_only,3592,2025-11-14,2025-11-24,-0.031114557454173,2025,2024-12-31,native_mse,20260912,-0.005729952989633713,,0,0
fixed_transform_add_only,3597,2025-11-21,2025-12-01,0.0147613767448515,2025,2024-12-31,native_mse,20260912,-0.0015450315646448089,,0,1
fixed_transform_add_only,3602,2025-11-28,2025-12-08,0.0118853804313106,2025,2024-12-31,native_mse,20260912,-0.0032204954130721736,,0,1
fixed_transform_add_only,3607,2025-12-05,2025-12-15,-0.0093922675990717,2025,2024-12-31,native_mse,20260912,-0.0047114270439592345,,0,0
fixed_transform_add_only,3612,2025-12-12,2025-12-22,0.0082791208791208,2025,2024-12-31,native_mse,20260912,0.0035042182684974187,,1,1
fixed_transform_add_only,3617,2025-12-19,2025-12-29,0.0153890755001995,2025,2024-12-31,native_mse,20260912,-0.0005370407904008248,,0,1
fixed_transform_add_only,3622,2025-12-26,2026-01-12,0.0239101640737868,2025,2024-12-31,native_mse,20260912,0.002315041428841435,,1,1
fixed_transform_add_only,3630,2026-01-09,2026-01-19,-0.0103697336282536,2026,2025-12-31,native_mse,20260910,-0.002855102612462861,,0,0
fixed_transform_add_only,3635,2026-01-16,2026-01-26,-0.0010190267764643,2026,2025-12-31,native_mse,20260910,-0.00015744638603756636,,0,0
fixed_transform_add_only,3640,2026-01-23,2026-02-02,-0.0087161586128796,2026,2025-12-31,native_mse,20260910,-0.006105688647517694,,0,0
fixed_transform_add_only,3645,2026-01-30,2026-02-09,0.0041482324550519,2026,2025-12-31,native_mse,20260910,-0.0019649521887390433,,0,1
fixed_transform_add_only,3650,2026-02-06,2026-02-24,0.0071649689901505,2026,2025-12-31,native_mse,20260910,0.0047027542719540035,,1,1
fixed_transform_add_only,3655,2026-02-13,2026-03-02,-0.0097920588919678,2026,2025-12-31,native_mse,20260910,0.0004179826835146159,,1,0
fixed_transform_add_only,3659,2026-02-27,2026-03-09,-0.0172526869201304,2026,2025-12-31,native_mse,20260910,0.0022625269962182996,,1,0
fixed_transform_add_only,3664,2026-03-06,2026-03-16,0.0149926634422041,2026,2025-12-31,native_mse,20260910,-0.003806878947664824,,0,1
fixed_transform_add_only,3669,2026-03-13,2026-03-23,-0.0364343509194254,2026,2025-12-31,native_mse,20260910,-0.006468904470141985,,0,0
fixed_transform_add_only,3674,2026-03-20,2026-03-30,-0.0083038829988221,2026,2025-12-31,native_mse,20260910,-0.006677801015318794,,0,0
fixed_transform_add_only,3679,2026-03-27,2026-04-07,-0.0035591495694504,2026,2025-12-31,native_mse,20260910,-0.0012459609623288559,,0,0
fixed_transform_add_only,3684,2026-04-03,2026-04-13,0.0380736235508991,2026,2025-12-31,native_mse,20260910,-0.0002708764126667155,,0,1
fixed_transform_add_only,3688,2026-04-10,2026-04-20,0.0242766725964382,2026,2025-12-31,native_mse,20260910,-0.0014516073248232214,,0,1
fixed_transform_add_only,3693,2026-04-17,2026-04-27,0.010401572188011,2026,2025-12-31,native_mse,20260910,-0.00019243492513075974,,0,1
fixed_transform_add_only,3698,2026-04-24,2026-05-11,0.0263674696524953,2026,2025-12-31,native_mse,20260910,0.00044530537803680217,,1,1
fixed_transform_add_only,3705,2026-05-08,2026-05-18,-0.0134529239455926,2026,2025-12-31,native_mse,20260910,0.00821158666179363,,1,0
fixed_transform_add_only,3710,2026-05-15,2026-05-25,0.0076235492615268,2026,2025-12-31,native_mse,20260910,0.009209478129531542,,1,1
fixed_transform_add_only,3715,2026-05-22,2026-06-01,0.005068538126898,2026,2025-12-31,native_mse,20260910,-0.0037899662548005076,,0,1
fixed_transform_add_only,3720,2026-05-29,2026-06-08,-0.039635353927193,2026,2025-12-31,native_mse,20260910,-0.005878390043911763,,0,0
fixed_transform_add_only,3725,2026-06-05,2026-06-15,0.0266849782195981,2026,2025-12-31,native_mse,20260910,-0.005079831260852612,,0,1
fixed_transform_add_only,3730,2026-06-12,2026-06-29,0.0076098142791176,2026,2025-12-31,native_mse,20260910,-0.0013875397965599067,,0,1
fixed_transform_add_only,3739,2026-06-26,2026-07-06,0.0005137647861506,2026,2025-12-31,native_mse,20260910,-0.002031043716013942,,0,1
fixed_transform_add_only,3744,2026-07-03,2026-07-13,-0.0252847876365399,2026,2025-12-31,native_mse,20260910,-0.003966417206833292,,0,0
fixed_transform_add_only,3749,2026-07-10,2026-07-20,-0.035775397012711,2026,2025-12-31,native_mse,20260910,-0.000224192482655729,,0,0
fixed_transform_add_only,3754,2026-07-17,2026-07-27,0.01756245533441,2026,2025-12-31,native_mse,20260910,-0.001279240964054163,,0,1
fixed_transform_add_only,3759,2026-07-24,2026-08-03,-0.0202339761556519,2026,2025-12-31,native_mse,20260910,-0.0020989123929827714,,0,0
fixed_transform_add_only,3764,2026-07-31,2026-08-10,0.0300318732435738,2026,2025-12-31,native_mse,20260910,-0.005698998401180227,,0,1
fixed_transform_add_only,3769,2026-08-07,2026-08-17,-0.0056482265760339,2026,2025-12-31,native_mse,20260910,-0.000843785639629233,,0,0
fixed_transform_add_only,3774,2026-08-14,2026-08-24,-0.0109860710402629,2026,2025-12-31,native_mse,20260910,0.001103287661206875,,1,0
fixed_transform_add_only,3779,2026-08-21,2026-08-31,-0.0127592811002066,2026,2025-12-31,native_mse,20260910,0.005195736341319573,,1,0
fixed_transform_add_only,3630,2026-01-09,2026-01-19,-0.0103697336282536,2026,2025-12-31,native_mse,20260911,-0.0030890692487675277,,0,0
fixed_transform_add_only,3635,2026-01-16,2026-01-26,-0.0010190267764643,2026,2025-12-31,native_mse,20260911,-0.0029844245717806552,,0,0
fixed_transform_add_only,3640,2026-01-23,2026-02-02,-0.0087161586128796,2026,2025-12-31,native_mse,20260911,-0.0018485669736654138,,0,0
fixed_transform_add_only,3645,2026-01-30,2026-02-09,0.0041482324550519,2026,2025-12-31,native_mse,20260911,-0.002659061252019485,,0,1
fixed_transform_add_only,3650,2026-02-06,2026-02-24,0.0071649689901505,2026,2025-12-31,native_mse,20260911,-0.0015567976959256278,,0,1
fixed_transform_add_only,3655,2026-02-13,2026-03-02,-0.0097920588919678,2026,2025-12-31,native_mse,20260911,-0.0015389707922718095,,0,0
fixed_transform_add_only,3659,2026-02-27,2026-03-09,-0.0172526869201304,2026,2025-12-31,native_mse,20260911,-0.0019681718770543553,,0,0
fixed_transform_add_only,3664,2026-03-06,2026-03-16,0.0149926634422041,2026,2025-12-31,native_mse,20260911,0.00014521785716820214,,1,1
fixed_transform_add_only,3669,2026-03-13,2026-03-23,-0.0364343509194254,2026,2025-12-31,native_mse,20260911,-0.0022671453715006956,,0,0
fixed_transform_add_only,3674,2026-03-20,2026-03-30,-0.0083038829988221,2026,2025-12-31,native_mse,20260911,-0.001986856137592856,,0,0
fixed_transform_add_only,3679,2026-03-27,2026-04-07,-0.0035591495694504,2026,2025-12-31,native_mse,20260911,-0.002218520604235266,,0,0
fixed_transform_add_only,3684,2026-04-03,2026-04-13,0.0380736235508991,2026,2025-12-31,native_mse,20260911,-0.002090390096021022,,0,1
fixed_transform_add_only,3688,2026-04-10,2026-04-20,0.0242766725964382,2026,2025-12-31,native_mse,20260911,-0.0024408235069100508,,0,1
fixed_transform_add_only,3693,2026-04-17,2026-04-27,0.010401572188011,2026,2025-12-31,native_mse,20260911,-0.0029629470272129906,,0,1
fixed_transform_add_only,3698,2026-04-24,2026-05-11,0.0263674696524953,2026,2025-12-31,native_mse,20260911,-0.003359926419865766,,0,1
fixed_transform_add_only,3705,2026-05-08,2026-05-18,-0.0134529239455926,2026,2025-12-31,native_mse,20260911,-0.002535154678821143,,0,0
fixed_transform_add_only,3710,2026-05-15,2026-05-25,0.0076235492615268,2026,2025-12-31,native_mse,20260911,-0.002260058894062486,,0,1
fixed_transform_add_only,3715,2026-05-22,2026-06-01,0.005068538126898,2026,2025-12-31,native_mse,20260911,-0.0015057276938992676,,0,1
fixed_transform_add_only,3720,2026-05-29,2026-06-08,-0.039635353927193,2026,2025-12-31,native_mse,20260911,-0.002635162144589442,,0,0
fixed_transform_add_only,3725,2026-06-05,2026-06-15,0.0266849782195981,2026,2025-12-31,native_mse,20260911,-0.003913781241526722,,0,1
fixed_transform_add_only,3730,2026-06-12,2026-06-29,0.0076098142791176,2026,2025-12-31,native_mse,20260911,-0.0036857925348870147,,0,1
fixed_transform_add_only,3739,2026-06-26,2026-07-06,0.0005137647861506,2026,2025-12-31,native_mse,20260911,-0.0021369319429553274,,0,1
fixed_transform_add_only,3744,2026-07-03,2026-07-13,-0.0252847876365399,2026,2025-12-31,native_mse,20260911,-0.0022933277317483012,,0,0
fixed_transform_add_only,3749,2026-07-10,2026-07-20,-0.035775397012711,2026,2025-12-31,native_mse,20260911,-0.0023056933526758674,,0,0
fixed_transform_add_only,3754,2026-07-17,2026-07-27,0.01756245533441,2026,2025-12-31,native_mse,20260911,-0.0024493044555773855,,0,1
fixed_transform_add_only,3759,2026-07-24,2026-08-03,-0.0202339761556519,2026,2025-12-31,native_mse,20260911,-0.0026633393533010696,,0,0
fixed_transform_add_only,3764,2026-07-31,2026-08-10,0.0300318732435738,2026,2025-12-31,native_mse,20260911,-0.0024432171596736993,,0,1
fixed_transform_add_only,3769,2026-08-07,2026-08-17,-0.0056482265760339,2026,2025-12-31,native_mse,20260911,-0.0034017483589926685,,0,0
fixed_transform_add_only,3774,2026-08-14,2026-08-24,-0.0109860710402629,2026,2025-12-31,native_mse,20260911,-0.002813706354026954,,0,0
fixed_transform_add_only,3779,2026-08-21,2026-08-31,-0.0127592811002066,2026,2025-12-31,native_mse,20260911,-0.0019809857134933735,,0,0
fixed_transform_add_only,3630,2026-01-09,2026-01-19,-0.0103697336282536,2026,2025-12-31,native_mse,20260912,-0.0012654744629118373,,0,0
fixed_transform_add_only,3635,2026-01-16,2026-01-26,-0.0010190267764643,2026,2025-12-31,native_mse,20260912,-0.0009824454910161004,,0,0
fixed_transform_add_only,3640,2026-01-23,2026-02-02,-0.0087161586128796,2026,2025-12-31,native_mse,20260912,-0.0014318861524315442,,0,0
fixed_transform_add_only,3645,2026-01-30,2026-02-09,0.0041482324550519,2026,2025-12-31,native_mse,20260912,-0.0015519331724585116,,0,1
fixed_transform_add_only,3650,2026-02-06,2026-02-24,0.0071649689901505,2026,2025-12-31,native_mse,20260912,-0.0016869022750859507,,0,1
fixed_transform_add_only,3655,2026-02-13,2026-03-02,-0.0097920588919678,2026,2025-12-31,native_mse,20260912,-0.0011765097827620523,,0,0
fixed_transform_add_only,3659,2026-02-27,2026-03-09,-0.0172526869201304,2026,2025-12-31,native_mse,20260912,-0.0007085124719817442,,0,0
fixed_transform_add_only,3664,2026-03-06,2026-03-16,0.0149926634422041,2026,2025-12-31,native_mse,20260912,-0.0009899154221996353,,0,1
fixed_transform_add_only,3669,2026-03-13,2026-03-23,-0.0364343509194254,2026,2025-12-31,native_mse,20260912,-0.0011266305599294578,,0,0
fixed_transform_add_only,3674,2026-03-20,2026-03-30,-0.0083038829988221,2026,2025-12-31,native_mse,20260912,-0.001524311581453077,,0,0
fixed_transform_add_only,3679,2026-03-27,2026-04-07,-0.0035591495694504,2026,2025-12-31,native_mse,20260912,-0.0019205134194293897,,0,0
fixed_transform_add_only,3684,2026-04-03,2026-04-13,0.0380736235508991,2026,2025-12-31,native_mse,20260912,-0.0011376256916386593,,0,1
fixed_transform_add_only,3688,2026-04-10,2026-04-20,0.0242766725964382,2026,2025-12-31,native_mse,20260912,-0.0013216896399536517,,0,1
fixed_transform_add_only,3693,2026-04-17,2026-04-27,0.010401572188011,2026,2025-12-31,native_mse,20260912,-0.0015028502660909705,,0,1
fixed_transform_add_only,3698,2026-04-24,2026-05-11,0.0263674696524953,2026,2025-12-31,native_mse,20260912,-0.0012568015547876838,,0,1
fixed_transform_add_only,3705,2026-05-08,2026-05-18,-0.0134529239455926,2026,2025-12-31,native_mse,20260912,-0.0004371239494575972,,0,0
fixed_transform_add_only,3710,2026-05-15,2026-05-25,0.0076235492615268,2026,2025-12-31,native_mse,20260912,6.163719011948235e-05,,1,1
fixed_transform_add_only,3715,2026-05-22,2026-06-01,0.005068538126898,2026,2025-12-31,native_mse,20260912,7.730204085298746e-06,,1,1
fixed_transform_add_only,3720,2026-05-29,2026-06-08,-0.039635353927193,2026,2025-12-31,native_mse,20260912,-0.00019569943758148556,,0,0
fixed_transform_add_only,3725,2026-06-05,2026-06-15,0.0266849782195981,2026,2025-12-31,native_mse,20260912,-0.00010540438898025962,,0,1
fixed_transform_add_only,3730,2026-06-12,2026-06-29,0.0076098142791176,2026,2025-12-31,native_mse,20260912,-0.0007095936265099443,,0,1
fixed_transform_add_only,3739,2026-06-26,2026-07-06,0.0005137647861506,2026,2025-12-31,native_mse,20260912,-0.00033128119271872585,,0,1
fixed_transform_add_only,3744,2026-07-03,2026-07-13,-0.0252847876365399,2026,2025-12-31,native_mse,20260912,-0.0011443460816151978,,0,0
fixed_transform_add_only,3749,2026-07-10,2026-07-20,-0.035775397012711,2026,2025-12-31,native_mse,20260912,-0.0017039989678604111,,0,0
fixed_transform_add_only,3754,2026-07-17,2026-07-27,0.01756245533441,2026,2025-12-31,native_mse,20260912,-0.0017003094595498154,,0,1
fixed_transform_add_only,3759,2026-07-24,2026-08-03,-0.0202339761556519,2026,2025-12-31,native_mse,20260912,-0.0018633248001663242,,0,0
fixed_transform_add_only,3764,2026-07-31,2026-08-10,0.0300318732435738,2026,2025-12-31,native_mse,20260912,-0.0013665112944695823,,0,1
fixed_transform_add_only,3769,2026-08-07,2026-08-17,-0.0056482265760339,2026,2025-12-31,native_mse,20260912,-0.0010726869031266657,,0,0
fixed_transform_add_only,3774,2026-08-14,2026-08-24,-0.0109860710402629,2026,2025-12-31,native_mse,20260912,-0.0012030503226100222,,0,0
fixed_transform_add_only,3779,2026-08-21,2026-08-31,-0.0127592811002066,2026,2025-12-31,native_mse,20260912,-0.0005090624873602664,,0,0
fixed_transform_remove_only,2418,2021-01-08,2021-01-18,-0.0120052904669853,2021,2020-12-31,learned_market,20260910,0.5528369602637446,0.5528369602637446,1,0
fixed_transform_remove_only,2423,2021-01-15,2021-01-25,0.0231622460538123,2021,2020-12-31,learned_market,20260910,0.49674166213102977,0.49674166213102977,0,1
fixed_transform_remove_only,2428,2021-01-22,2021-02-01,-0.0372511735907923,2021,2020-12-31,learned_market,20260910,0.3933637003220593,0.3933637003220593,0,0
fixed_transform_remove_only,2433,2021-01-29,2021-02-08,0.0278689901714626,2021,2020-12-31,learned_market,20260910,0.4313547922375263,0.4313547922375263,0,1
fixed_transform_remove_only,2438,2021-02-05,2021-02-22,0.0507379035040882,2021,2020-12-31,learned_market,20260910,0.40357928349119826,0.40357928349119826,0,1
fixed_transform_remove_only,2443,2021-02-19,2021-03-01,-0.0684918010685315,2021,2020-12-31,learned_market,20260910,0.49513830982070434,0.49513830982070434,0,0
fixed_transform_remove_only,2448,2021-02-26,2021-03-08,-0.0165997123904068,2021,2020-12-31,learned_market,20260910,0.43315180971386896,0.43315180971386896,0,0
fixed_transform_remove_only,2453,2021-03-05,2021-03-15,-0.0346560901469681,2021,2020-12-31,learned_market,20260910,0.40131415281599914,0.40131415281599914,0,0
fixed_transform_remove_only,2458,2021-03-12,2021-03-22,-0.0210550182560221,2021,2020-12-31,learned_market,20260910,0.47295990993929365,0.47295990993929365,0,0
fixed_transform_remove_only,2463,2021-03-19,2021-03-29,0.0087572877565691,2021,2020-12-31,learned_market,20260910,0.6783048076904669,0.6783048076904669,1,1
fixed_transform_remove_only,2468,2021-03-26,2021-04-06,0.0250145479448802,2021,2020-12-31,learned_market,20260910,0.6020041018019381,0.6020041018019381,1,1
fixed_transform_remove_only,2418,2021-01-08,2021-01-18,-0.0120052904669853,2021,2020-12-31,learned_vol_interaction,20260910,0.5286701081389081,0.5286701081389081,1,0
fixed_transform_remove_only,2423,2021-01-15,2021-01-25,0.0231622460538123,2021,2020-12-31,learned_vol_interaction,20260910,0.47178291125549215,0.47178291125549215,0,1
fixed_transform_remove_only,2428,2021-01-22,2021-02-01,-0.0372511735907923,2021,2020-12-31,learned_vol_interaction,20260910,0.3671123538576221,0.3671123538576221,0,0
fixed_transform_remove_only,2433,2021-01-29,2021-02-08,0.0278689901714626,2021,2020-12-31,learned_vol_interaction,20260910,0.434482531700876,0.434482531700876,0,1
fixed_transform_remove_only,2438,2021-02-05,2021-02-22,0.0507379035040882,2021,2020-12-31,learned_vol_interaction,20260910,0.42570726310777396,0.42570726310777396,0,1
fixed_transform_remove_only,2443,2021-02-19,2021-03-01,-0.0684918010685315,2021,2020-12-31,learned_vol_interaction,20260910,0.4791771552633417,0.4791771552633417,0,0
fixed_transform_remove_only,2448,2021-02-26,2021-03-08,-0.0165997123904068,2021,2020-12-31,learned_vol_interaction,20260910,0.4783928105694597,0.4783928105694597,0,0
fixed_transform_remove_only,2453,2021-03-05,2021-03-15,-0.0346560901469681,2021,2020-12-31,learned_vol_interaction,20260910,0.4610266286466043,0.4610266286466043,0,0
fixed_transform_remove_only,2458,2021-03-12,2021-03-22,-0.0210550182560221,2021,2020-12-31,learned_vol_interaction,20260910,0.48103471562569133,0.48103471562569133,0,0
fixed_transform_remove_only,2463,2021-03-19,2021-03-29,0.0087572877565691,2021,2020-12-31,learned_vol_interaction,20260910,0.5872740166666267,0.5872740166666267,1,1
fixed_transform_remove_only,2468,2021-03-26,2021-04-06,0.0250145479448802,2021,2020-12-31,learned_vol_interaction,20260910,0.5791980511717043,0.5791980511717043,1,1
fixed_transform_remove_only,2418,2021-01-08,2021-01-18,-0.0120052904669853,2021,2020-12-31,learned_order_extension,20260910,0.5330538496767134,0.5330538496767134,1,0
fixed_transform_remove_only,2423,2021-01-15,2021-01-25,0.0231622460538123,2021,2020-12-31,learned_order_extension,20260910,0.479592338912861,0.479592338912861,0,1
fixed_transform_remove_only,2428,2021-01-22,2021-02-01,-0.0372511735907923,2021,2020-12-31,learned_order_extension,20260910,0.3707727762571325,0.3707727762571325,0,0
fixed_transform_remove_only,2433,2021-01-29,2021-02-08,0.0278689901714626,2021,2020-12-31,learned_order_extension,20260910,0.43176970986504826,0.43176970986504826,0,1
fixed_transform_remove_only,2438,2021-02-05,2021-02-22,0.0507379035040882,2021,2020-12-31,learned_order_extension,20260910,0.41923333650784145,0.41923333650784145,0,1
fixed_transform_remove_only,2443,2021-02-19,2021-03-01,-0.0684918010685315,2021,2020-12-31,learned_order_extension,20260910,0.47927687031403743,0.47927687031403743,0,0
fixed_transform_remove_only,2448,2021-02-26,2021-03-08,-0.0165997123904068,2021,2020-12-31,learned_order_extension,20260910,0.4709068161644563,0.4709068161644563,0,0
fixed_transform_remove_only,2453,2021-03-05,2021-03-15,-0.0346560901469681,2021,2020-12-31,learned_order_extension,20260910,0.45619563032762256,0.45619563032762256,0,0
fixed_transform_remove_only,2458,2021-03-12,2021-03-22,-0.0210550182560221,2021,2020-12-31,learned_order_extension,20260910,0.47999849102949665,0.47999849102949665,0,0
fixed_transform_remove_only,2463,2021-03-19,2021-03-29,0.0087572877565691,2021,2020-12-31,learned_order_extension,20260910,0.5898698686538169,0.5898698686538169,1,1
fixed_transform_remove_only,2468,2021-03-26,2021-04-06,0.0250145479448802,2021,2020-12-31,learned_order_extension,20260910,0.5737573684172776,0.5737573684172776,1,1
fixed_transform_remove_only,2418,2021-01-08,2021-01-18,-0.0120052904669853,2021,2020-12-31,learned_order_offset,20260910,0.5336151486659025,0.5336151486659025,1,0
fixed_transform_remove_only,2423,2021-01-15,2021-01-25,0.0231622460538123,2021,2020-12-31,learned_order_offset,20260910,0.48002913839274924,0.48002913839274924,0,1
fixed_transform_remove_only,2428,2021-01-22,2021-02-01,-0.0372511735907923,2021,2020-12-31,learned_order_offset,20260910,0.37113237990157133,0.37113237990157133,0,0
fixed_transform_remove_only,2433,2021-01-29,2021-02-08,0.0278689901714626,2021,2020-12-31,learned_order_offset,20260910,0.43182028534515077,0.43182028534515077,0,1
fixed_transform_remove_only,2438,2021-02-05,2021-02-22,0.0507379035040882,2021,2020-12-31,learned_order_offset,20260910,0.4191495029175148,0.4191495029175148,0,1
fixed_transform_remove_only,2443,2021-02-19,2021-03-01,-0.0684918010685315,2021,2020-12-31,learned_order_offset,20260910,0.479618495019198,0.479618495019198,0,0
fixed_transform_remove_only,2448,2021-02-26,2021-03-08,-0.0165997123904068,2021,2020-12-31,learned_order_offset,20260910,0.47073396029682846,0.47073396029682846,0,0
fixed_transform_remove_only,2453,2021-03-05,2021-03-15,-0.0346560901469681,2021,2020-12-31,learned_order_offset,20260910,0.4561872166710552,0.4561872166710552,0,0
fixed_transform_remove_only,2458,2021-03-12,2021-03-22,-0.0210550182560221,2021,2020-12-31,learned_order_offset,20260910,0.48027551652013106,0.48027551652013106,0,0
fixed_transform_remove_only,2463,2021-03-19,2021-03-29,0.0087572877565691,2021,2020-12-31,learned_order_offset,20260910,0.5905225656238325,0.5905225656238325,1,1
fixed_transform_remove_only,2468,2021-03-26,2021-04-06,0.0250145479448802,2021,2020-12-31,learned_order_offset,20260910,0.5737282476957762,0.5737282476957762,1,1
fixed_transform_remove_only,2418,2021-01-08,2021-01-18,-0.0120052904669853,2021,2020-12-31,learned_market,20260911,0.47359422145655633,0.47359422145655633,0,0
fixed_transform_remove_only,2423,2021-01-15,2021-01-25,0.0231622460538123,2021,2020-12-31,learned_market,20260911,0.29529449998072343,0.29529449998072343,0,1
fixed_transform_remove_only,2428,2021-01-22,2021-02-01,-0.0372511735907923,2021,2020-12-31,learned_market,20260911,0.47394332492431446,0.47394332492431446,0,0
fixed_transform_remove_only,2433,2021-01-29,2021-02-08,0.0278689901714626,2021,2020-12-31,learned_market,20260911,0.34860128575085947,0.34860128575085947,0,1
fixed_transform_remove_only,2438,2021-02-05,2021-02-22,0.0507379035040882,2021,2020-12-31,learned_market,20260911,0.5472341429725764,0.5472341429725764,1,1
fixed_transform_remove_only,2443,2021-02-19,2021-03-01,-0.0684918010685315,2021,2020-12-31,learned_market,20260911,0.4390527856170199,0.4390527856170199,0,0
fixed_transform_remove_only,2448,2021-02-26,2021-03-08,-0.0165997123904068,2021,2020-12-31,learned_market,20260911,0.4901857818012489,0.4901857818012489,0,0
fixed_transform_remove_only,2453,2021-03-05,2021-03-15,-0.0346560901469681,2021,2020-12-31,learned_market,20260911,0.3640545492155067,0.3640545492155067,0,0
fixed_transform_remove_only,2458,2021-03-12,2021-03-22,-0.0210550182560221,2021,2020-12-31,learned_market,20260911,0.27457561641477635,0.27457561641477635,0,0
fixed_transform_remove_only,2463,2021-03-19,2021-03-29,0.0087572877565691,2021,2020-12-31,learned_market,20260911,0.5317095579141908,0.5317095579141908,1,1
fixed_transform_remove_only,2468,2021-03-26,2021-04-06,0.0250145479448802,2021,2020-12-31,learned_market,20260911,0.48950965003399194,0.48950965003399194,0,1
fixed_transform_remove_only,2418,2021-01-08,2021-01-18,-0.0120052904669853,2021,2020-12-31,learned_vol_interaction,20260911,0.4754556903392312,0.4754556903392312,0,0
fixed_transform_remove_only,2423,2021-01-15,2021-01-25,0.0231622460538123,2021,2020-12-31,learned_vol_interaction,20260911,0.2910478720938869,0.2910478720938869,0,1
fixed_transform_remove_only,2428,2021-01-22,2021-02-01,-0.0372511735907923,2021,2020-12-31,learned_vol_interaction,20260911,0.4793404787070586,0.4793404787070586,0,0
fixed_transform_remove_only,2433,2021-01-29,2021-02-08,0.0278689901714626,2021,2020-12-31,learned_vol_interaction,20260911,0.3407014751351651,0.3407014751351651,0,1
fixed_transform_remove_only,2438,2021-02-05,2021-02-22,0.0507379035040882,2021,2020-12-31,learned_vol_interaction,20260911,0.5419487770679454,0.5419487770679454,1,1
fixed_transform_remove_only,2443,2021-02-19,2021-03-01,-0.0684918010685315,2021,2020-12-31,learned_vol_interaction,20260911,0.42680484014134457,0.42680484014134457,0,0
fixed_transform_remove_only,2448,2021-02-26,2021-03-08,-0.0165997123904068,2021,2020-12-31,learned_vol_interaction,20260911,0.48165522036766006,0.48165522036766006,0,0
fixed_transform_remove_only,2453,2021-03-05,2021-03-15,-0.0346560901469681,2021,2020-12-31,learned_vol_interaction,20260911,0.3506881836542513,0.3506881836542513,0,0
fixed_transform_remove_only,2458,2021-03-12,2021-03-22,-0.0210550182560221,2021,2020-12-31,learned_vol_interaction,20260911,0.23467895972096536,0.23467895972096536,0,0
fixed_transform_remove_only,2463,2021-03-19,2021-03-29,0.0087572877565691,2021,2020-12-31,learned_vol_interaction,20260911,0.5417459151974428,0.5417459151974428,1,1
fixed_transform_remove_only,2468,2021-03-26,2021-04-06,0.0250145479448802,2021,2020-12-31,learned_vol_interaction,20260911,0.48054571329537366,0.48054571329537366,0,1
fixed_transform_remove_only,2418,2021-01-08,2021-01-18,-0.0120052904669853,2021,2020-12-31,learned_order_extension,20260911,0.4707924056292956,0.4707924056292956,0,0
fixed_transform_remove_only,2423,2021-01-15,2021-01-25,0.0231622460538123,2021,2020-12-31,learned_order_extension,20260911,0.30199104403875826,0.30199104403875826,0,1
fixed_transform_remove_only,2428,2021-01-22,2021-02-01,-0.0372511735907923,2021,2020-12-31,learned_order_extension,20260911,0.4727671753713422,0.4727671753713422,0,0
fixed_transform_remove_only,2433,2021-01-29,2021-02-08,0.0278689901714626,2021,2020-12-31,learned_order_extension,20260911,0.33076330033756096,0.33076330033756096,0,1
fixed_transform_remove_only,2438,2021-02-05,2021-02-22,0.0507379035040882,2021,2020-12-31,learned_order_extension,20260911,0.5463864019131583,0.5463864019131583,1,1
fixed_transform_remove_only,2443,2021-02-19,2021-03-01,-0.0684918010685315,2021,2020-12-31,learned_order_extension,20260911,0.423629668613555,0.423629668613555,0,0
fixed_transform_remove_only,2448,2021-02-26,2021-03-08,-0.0165997123904068,2021,2020-12-31,learned_order_extension,20260911,0.4833188959367285,0.4833188959367285,0,0
fixed_transform_remove_only,2453,2021-03-05,2021-03-15,-0.0346560901469681,2021,2020-12-31,learned_order_extension,20260911,0.3468677434509978,0.3468677434509978,0,0
fixed_transform_remove_only,2458,2021-03-12,2021-03-22,-0.0210550182560221,2021,2020-12-31,learned_order_extension,20260911,0.2385842218483661,0.2385842218483661,0,0
fixed_transform_remove_only,2463,2021-03-19,2021-03-29,0.0087572877565691,2021,2020-12-31,learned_order_extension,20260911,0.532998967015209,0.532998967015209,1,1
fixed_transform_remove_only,2468,2021-03-26,2021-04-06,0.0250145479448802,2021,2020-12-31,learned_order_extension,20260911,0.48258967958160864,0.48258967958160864,0,1
fixed_transform_remove_only,2418,2021-01-08,2021-01-18,-0.0120052904669853,2021,2020-12-31,learned_order_offset,20260911,0.46966493933917947,0.46966493933917947,0,0
fixed_transform_remove_only,2423,2021-01-15,2021-01-25,0.0231622460538123,2021,2020-12-31,learned_order_offset,20260911,0.30026263179565904,0.30026263179565904,0,1
fixed_transform_remove_only,2428,2021-01-22,2021-02-01,-0.0372511735907923,2021,2020-12-31,learned_order_offset,20260911,0.47083079059127375,0.47083079059127375,0,0
fixed_transform_remove_only,2433,2021-01-29,2021-02-08,0.0278689901714626,2021,2020-12-31,learned_order_offset,20260911,0.3308151678188049,0.3308151678188049,0,1
fixed_transform_remove_only,2438,2021-02-05,2021-02-22,0.0507379035040882,2021,2020-12-31,learned_order_offset,20260911,0.5458888183275549,0.5458888183275549,1,1
fixed_transform_remove_only,2443,2021-02-19,2021-03-01,-0.0684918010685315,2021,2020-12-31,learned_order_offset,20260911,0.4238553224614908,0.4238553224614908,0,0
fixed_transform_remove_only,2448,2021-02-26,2021-03-08,-0.0165997123904068,2021,2020-12-31,learned_order_offset,20260911,0.4840844360242453,0.4840844360242453,0,0
fixed_transform_remove_only,2453,2021-03-05,2021-03-15,-0.0346560901469681,2021,2020-12-31,learned_order_offset,20260911,0.34642186749779336,0.34642186749779336,0,0
fixed_transform_remove_only,2458,2021-03-12,2021-03-22,-0.0210550182560221,2021,2020-12-31,learned_order_offset,20260911,0.23704081021871007,0.23704081021871007,0,0
fixed_transform_remove_only,2463,2021-03-19,2021-03-29,0.0087572877565691,2021,2020-12-31,learned_order_offset,20260911,0.5312704874985703,0.5312704874985703,1,1
fixed_transform_remove_only,2468,2021-03-26,2021-04-06,0.0250145479448802,2021,2020-12-31,learned_order_offset,20260911,0.48113132203479025,0.48113132203479025,0,1
fixed_transform_remove_only,2418,2021-01-08,2021-01-18,-0.0120052904669853,2021,2020-12-31,learned_market,20260912,0.49622809203697066,0.49622809203697066,0,0
fixed_transform_remove_only,2423,2021-01-15,2021-01-25,0.0231622460538123,2021,2020-12-31,learned_market,20260912,0.30299511780142024,0.30299511780142024,0,1
fixed_transform_remove_only,2428,2021-01-22,2021-02-01,-0.0372511735907923,2021,2020-12-31,learned_market,20260912,0.2926269390741677,0.2926269390741677,0,0
fixed_transform_remove_only,2433,2021-01-29,2021-02-08,0.0278689901714626,2021,2020-12-31,learned_market,20260912,0.4834854236532544,0.4834854236532544,0,1
fixed_transform_remove_only,2438,2021-02-05,2021-02-22,0.0507379035040882,2021,2020-12-31,learned_market,20260912,0.5449307431156443,0.5449307431156443,1,1
fixed_transform_remove_only,2443,2021-02-19,2021-03-01,-0.0684918010685315,2021,2020-12-31,learned_market,20260912,0.37156624296606255,0.37156624296606255,0,0
fixed_transform_remove_only,2448,2021-02-26,2021-03-08,-0.0165997123904068,2021,2020-12-31,learned_market,20260912,0.5679579035959068,0.5679579035959068,1,0
fixed_transform_remove_only,2453,2021-03-05,2021-03-15,-0.0346560901469681,2021,2020-12-31,learned_market,20260912,0.4912573433049491,0.4912573433049491,0,0
fixed_transform_remove_only,2458,2021-03-12,2021-03-22,-0.0210550182560221,2021,2020-12-31,learned_market,20260912,0.4975950072849539,0.4975950072849539,0,0
fixed_transform_remove_only,2463,2021-03-19,2021-03-29,0.0087572877565691,2021,2020-12-31,learned_market,20260912,0.4862560848839745,0.4862560848839745,0,1
fixed_transform_remove_only,2468,2021-03-26,2021-04-06,0.0250145479448802,2021,2020-12-31,learned_market,20260912,0.5757817923341705,0.5757817923341705,1,1
fixed_transform_remove_only,2418,2021-01-08,2021-01-18,-0.0120052904669853,2021,2020-12-31,learned_vol_interaction,20260912,0.49620713842529096,0.49620713842529096,0,0
fixed_transform_remove_only,2423,2021-01-15,2021-01-25,0.0231622460538123,2021,2020-12-31,learned_vol_interaction,20260912,0.30370534508378266,0.30370534508378266,0,1
fixed_transform_remove_only,2428,2021-01-22,2021-02-01,-0.0372511735907923,2021,2020-12-31,learned_vol_interaction,20260912,0.2931342483584557,0.2931342483584557,0,0
fixed_transform_remove_only,2433,2021-01-29,2021-02-08,0.0278689901714626,2021,2020-12-31,learned_vol_interaction,20260912,0.4851476188516167,0.4851476188516167,0,1
fixed_transform_remove_only,2438,2021-02-05,2021-02-22,0.0507379035040882,2021,2020-12-31,learned_vol_interaction,20260912,0.5455559755252699,0.5455559755252699,1,1
fixed_transform_remove_only,2443,2021-02-19,2021-03-01,-0.0684918010685315,2021,2020-12-31,learned_vol_interaction,20260912,0.37201410439640853,0.37201410439640853,0,0
fixed_transform_remove_only,2448,2021-02-26,2021-03-08,-0.0165997123904068,2021,2020-12-31,learned_vol_interaction,20260912,0.5647303221106473,0.5647303221106473,1,0
fixed_transform_remove_only,2453,2021-03-05,2021-03-15,-0.0346560901469681,2021,2020-12-31,learned_vol_interaction,20260912,0.4925362885158211,0.4925362885158211,0,0
fixed_transform_remove_only,2458,2021-03-12,2021-03-22,-0.0210550182560221,2021,2020-12-31,learned_vol_interaction,20260912,0.5001941106115585,0.5001941106115585,1,0
fixed_transform_remove_only,2463,2021-03-19,2021-03-29,0.0087572877565691,2021,2020-12-31,learned_vol_interaction,20260912,0.4917119078225818,0.4917119078225818,0,1
fixed_transform_remove_only,2468,2021-03-26,2021-04-06,0.0250145479448802,2021,2020-12-31,learned_vol_interaction,20260912,0.5754614207160266,0.5754614207160266,1,1
fixed_transform_remove_only,2418,2021-01-08,2021-01-18,-0.0120052904669853,2021,2020-12-31,learned_order_extension,20260912,0.4980709373270918,0.4980709373270918,0,0
fixed_transform_remove_only,2423,2021-01-15,2021-01-25,0.0231622460538123,2021,2020-12-31,learned_order_extension,20260912,0.3077801048995167,0.3077801048995167,0,1
fixed_transform_remove_only,2428,2021-01-22,2021-02-01,-0.0372511735907923,2021,2020-12-31,learned_order_extension,20260912,0.2945790953929349,0.2945790953929349,0,0
fixed_transform_remove_only,2433,2021-01-29,2021-02-08,0.0278689901714626,2021,2020-12-31,learned_order_extension,20260912,0.4869306132003812,0.4869306132003812,0,1
fixed_transform_remove_only,2438,2021-02-05,2021-02-22,0.0507379035040882,2021,2020-12-31,learned_order_extension,20260912,0.5470942643821933,0.5470942643821933,1,1
fixed_transform_remove_only,2443,2021-02-19,2021-03-01,-0.0684918010685315,2021,2020-12-31,learned_order_extension,20260912,0.37256373051610003,0.37256373051610003,0,0
fixed_transform_remove_only,2448,2021-02-26,2021-03-08,-0.0165997123904068,2021,2020-12-31,learned_order_extension,20260912,0.5652884202407723,0.5652884202407723,1,0
fixed_transform_remove_only,2453,2021-03-05,2021-03-15,-0.0346560901469681,2021,2020-12-31,learned_order_extension,20260912,0.4938099782773414,0.4938099782773414,0,0
fixed_transform_remove_only,2458,2021-03-12,2021-03-22,-0.0210550182560221,2021,2020-12-31,learned_order_extension,20260912,0.5011342068332141,0.5011342068332141,1,0
fixed_transform_remove_only,2463,2021-03-19,2021-03-29,0.0087572877565691,2021,2020-12-31,learned_order_extension,20260912,0.49318584601318854,0.49318584601318854,0,1
fixed_transform_remove_only,2468,2021-03-26,2021-04-06,0.0250145479448802,2021,2020-12-31,learned_order_extension,20260912,0.5765372992952104,0.5765372992952104,1,1
fixed_transform_remove_only,2418,2021-01-08,2021-01-18,-0.0120052904669853,2021,2020-12-31,learned_order_offset,20260912,0.4978619856473434,0.4978619856473434,0,0
fixed_transform_remove_only,2423,2021-01-15,2021-01-25,0.0231622460538123,2021,2020-12-31,learned_order_offset,20260912,0.30753172112864313,0.30753172112864313,0,1
fixed_transform_remove_only,2428,2021-01-22,2021-02-01,-0.0372511735907923,2021,2020-12-31,learned_order_offset,20260912,0.29417599189344534,0.29417599189344534,0,0
fixed_transform_remove_only,2433,2021-01-29,2021-02-08,0.0278689901714626,2021,2020-12-31,learned_order_offset,20260912,0.48673077860534075,0.48673077860534075,0,1
fixed_transform_remove_only,2438,2021-02-05,2021-02-22,0.0507379035040882,2021,2020-12-31,learned_order_offset,20260912,0.5468628858044645,0.5468628858044645,1,1
fixed_transform_remove_only,2443,2021-02-19,2021-03-01,-0.0684918010685315,2021,2020-12-31,learned_order_offset,20260912,0.37253784220409425,0.37253784220409425,0,0
fixed_transform_remove_only,2448,2021-02-26,2021-03-08,-0.0165997123904068,2021,2020-12-31,learned_order_offset,20260912,0.5649799919042372,0.5649799919042372,1,0
fixed_transform_remove_only,2453,2021-03-05,2021-03-15,-0.0346560901469681,2021,2020-12-31,learned_order_offset,20260912,0.49348358050186064,0.49348358050186064,0,0
fixed_transform_remove_only,2458,2021-03-12,2021-03-22,-0.0210550182560221,2021,2020-12-31,learned_order_offset,20260912,0.500928953286114,0.500928953286114,1,0
fixed_transform_remove_only,2463,2021-03-19,2021-03-29,0.0087572877565691,2021,2020-12-31,learned_order_offset,20260912,0.493170220106531,0.493170220106531,0,1
fixed_transform_remove_only,2468,2021-03-26,2021-04-06,0.0250145479448802,2021,2020-12-31,learned_order_offset,20260912,0.5766144810517231,0.5766144810517231,1,1
fixed_transform_remove_only,2418,2021-01-08,2021-01-18,-0.0120052904669853,2021,2020-12-31,training_frequency,-1,0.5577557755775577,0.5577557755775577,1,0
fixed_transform_remove_only,2423,2021-01-15,2021-01-25,0.0231622460538123,2021,2020-12-31,training_frequency,-1,0.5577557755775577,0.5577557755775577,1,1
fixed_transform_remove_only,2428,2021-01-22,2021-02-01,-0.0372511735907923,2021,2020-12-31,training_frequency,-1,0.5577557755775577,0.5577557755775577,1,0
fixed_transform_remove_only,2433,2021-01-29,2021-02-08,0.0278689901714626,2021,2020-12-31,training_frequency,-1,0.5577557755775577,0.5577557755775577,1,1
fixed_transform_remove_only,2438,2021-02-05,2021-02-22,0.0507379035040882,2021,2020-12-31,training_frequency,-1,0.5577557755775577,0.5577557755775577,1,1
fixed_transform_remove_only,2443,2021-02-19,2021-03-01,-0.0684918010685315,2021,2020-12-31,training_frequency,-1,0.5577557755775577,0.5577557755775577,1,0
fixed_transform_remove_only,2448,2021-02-26,2021-03-08,-0.0165997123904068,2021,2020-12-31,training_frequency,-1,0.5577557755775577,0.5577557755775577,1,0
fixed_transform_remove_only,2453,2021-03-05,2021-03-15,-0.0346560901469681,2021,2020-12-31,training_frequency,-1,0.5577557755775577,0.5577557755775577,1,0
fixed_transform_remove_only,2458,2021-03-12,2021-03-22,-0.0210550182560221,2021,2020-12-31,training_frequency,-1,0.5577557755775577,0.5577557755775577,1,0
fixed_transform_remove_only,2463,2021-03-19,2021-03-29,0.0087572877565691,2021,2020-12-31,training_frequency,-1,0.5577557755775577,0.5577557755775577,1,1
fixed_transform_remove_only,2468,2021-03-26,2021-04-06,0.0250145479448802,2021,2020-12-31,training_frequency,-1,0.5577557755775577,0.5577557755775577,1,1
fixed_transform_remove_only,2473,2021-04-02,2021-04-12,-0.0292856811827044,2021,2021-03-31,learned_market,20260910,0.5094498470233462,0.5094498470233462,1,0
fixed_transform_remove_only,2477,2021-04-09,2021-04-19,-0.0120489836840408,2021,2021-03-31,learned_market,20260910,0.6697364783609657,0.6697364783609657,1,0
fixed_transform_remove_only,2482,2021-04-16,2021-04-26,0.0382932540809155,2021,2021-03-31,learned_market,20260910,0.6107632773806394,0.6107632773806394,1,1
fixed_transform_remove_only,2487,2021-04-23,2021-05-06,-0.0112070185917437,2021,2021-03-31,learned_market,20260910,0.6635026261187973,0.6635026261187973,1,0
fixed_transform_remove_only,2492,2021-04-30,2021-05-12,-0.0190946889464188,2021,2021-03-31,learned_market,20260910,0.6575823856597725,0.6575823856597725,1,0
fixed_transform_remove_only,2494,2021-05-07,2021-05-17,0.0227674429764228,2021,2021-03-31,learned_market,20260910,0.6726287134704403,0.6726287134704403,1,1
fixed_transform_remove_only,2499,2021-05-14,2021-05-24,0.0045940519733895,2021,2021-03-31,learned_market,20260910,0.6314723368136016,0.6314723368136016,1,1
fixed_transform_remove_only,2504,2021-05-21,2021-05-31,0.0348855085126711,2021,2021-03-31,learned_market,20260910,0.6074504954363664,0.6074504954363664,1,1
fixed_transform_remove_only,2509,2021-05-28,2021-06-07,-0.0062409741861724,2021,2021-03-31,learned_market,20260910,0.5398439635656047,0.5398439635656047,1,0
fixed_transform_remove_only,2514,2021-06-04,2021-06-15,-0.0125508761771767,2021,2021-03-31,learned_market,20260910,0.47010336558308513,0.47010336558308513,0,0
fixed_transform_remove_only,2519,2021-06-11,2021-06-21,-0.0250011497424577,2021,2021-03-31,learned_market,20260910,0.3496763064706489,0.3496763064706489,0,0
fixed_transform_remove_only,2523,2021-06-18,2021-06-28,0.0325308711127356,2021,2021-03-31,learned_market,20260910,0.32380082924238013,0.32380082924238013,0,1
fixed_transform_remove_only,2528,2021-06-25,2021-07-05,-0.0342297962734196,2021,2021-03-31,learned_market,20260910,0.4254837690618245,0.4254837690618245,0,0
fixed_transform_remove_only,2473,2021-04-02,2021-04-12,-0.0292856811827044,2021,2021-03-31,learned_vol_interaction,20260910,0.5787709804030379,0.5787709804030379,1,0
fixed_transform_remove_only,2477,2021-04-09,2021-04-19,-0.0120489836840408,2021,2021-03-31,learned_vol_interaction,20260910,0.7028286419447127,0.7028286419447127,1,0
fixed_transform_remove_only,2482,2021-04-16,2021-04-26,0.0382932540809155,2021,2021-03-31,learned_vol_interaction,20260910,0.6296586911226066,0.6296586911226066,1,1
fixed_transform_remove_only,2487,2021-04-23,2021-05-06,-0.0112070185917437,2021,2021-03-31,learned_vol_interaction,20260910,0.6946867014246539,0.6946867014246539,1,0
fixed_transform_remove_only,2492,2021-04-30,2021-05-12,-0.0190946889464188,2021,2021-03-31,learned_vol_interaction,20260910,0.647094182222004,0.647094182222004,1,0
fixed_transform_remove_only,2494,2021-05-07,2021-05-17,0.0227674429764228,2021,2021-03-31,learned_vol_interaction,20260910,0.6638652609009144,0.6638652609009144,1,1
fixed_transform_remove_only,2499,2021-05-14,2021-05-24,0.0045940519733895,2021,2021-03-31,learned_vol_interaction,20260910,0.6670421214295049,0.6670421214295049,1,1
fixed_transform_remove_only,2504,2021-05-21,2021-05-31,0.0348855085126711,2021,2021-03-31,learned_vol_interaction,20260910,0.6317652992781718,0.6317652992781718,1,1
fixed_transform_remove_only,2509,2021-05-28,2021-06-07,-0.0062409741861724,2021,2021-03-31,learned_vol_interaction,20260910,0.5158766519907949,0.5158766519907949,1,0
fixed_transform_remove_only,2514,2021-06-04,2021-06-15,-0.0125508761771767,2021,2021-03-31,learned_vol_interaction,20260910,0.42408254347838215,0.42408254347838215,0,0
fixed_transform_remove_only,2519,2021-06-11,2021-06-21,-0.0250011497424577,2021,2021-03-31,learned_vol_interaction,20260910,0.27549404516176507,0.27549404516176507,0,0
fixed_transform_remove_only,2523,2021-06-18,2021-06-28,0.0325308711127356,2021,2021-03-31,learned_vol_interaction,20260910,0.27621184991131714,0.27621184991131714,0,1
fixed_transform_remove_only,2528,2021-06-25,2021-07-05,-0.0342297962734196,2021,2021-03-31,learned_vol_interaction,20260910,0.3348026332203503,0.3348026332203503,0,0
fixed_transform_remove_only,2473,2021-04-02,2021-04-12,-0.0292856811827044,2021,2021-03-31,learned_order_extension,20260910,0.5745988946287108,0.5745988946287108,1,0
fixed_transform_remove_only,2477,2021-04-09,2021-04-19,-0.0120489836840408,2021,2021-03-31,learned_order_extension,20260910,0.7065196348955352,0.7065196348955352,1,0
fixed_transform_remove_only,2482,2021-04-16,2021-04-26,0.0382932540809155,2021,2021-03-31,learned_order_extension,20260910,0.6358977801125042,0.6358977801125042,1,1
fixed_transform_remove_only,2487,2021-04-23,2021-05-06,-0.0112070185917437,2021,2021-03-31,learned_order_extension,20260910,0.699621896982764,0.699621896982764,1,0
fixed_transform_remove_only,2492,2021-04-30,2021-05-12,-0.0190946889464188,2021,2021-03-31,learned_order_extension,20260910,0.6563385142517002,0.6563385142517002,1,0
fixed_transform_remove_only,2494,2021-05-07,2021-05-17,0.0227674429764228,2021,2021-03-31,learned_order_extension,20260910,0.6704345158964694,0.6704345158964694,1,1
fixed_transform_remove_only,2499,2021-05-14,2021-05-24,0.0045940519733895,2021,2021-03-31,learned_order_extension,20260910,0.6684556148303866,0.6684556148303866,1,1
fixed_transform_remove_only,2504,2021-05-21,2021-05-31,0.0348855085126711,2021,2021-03-31,learned_order_extension,20260910,0.6322928611392616,0.6322928611392616,1,1
fixed_transform_remove_only,2509,2021-05-28,2021-06-07,-0.0062409741861724,2021,2021-03-31,learned_order_extension,20260910,0.5128360316281516,0.5128360316281516,1,0
fixed_transform_remove_only,2514,2021-06-04,2021-06-15,-0.0125508761771767,2021,2021-03-31,learned_order_extension,20260910,0.41688680474451645,0.41688680474451645,0,0
fixed_transform_remove_only,2519,2021-06-11,2021-06-21,-0.0250011497424577,2021,2021-03-31,learned_order_extension,20260910,0.2623849966255517,0.2623849966255517,0,0
fixed_transform_remove_only,2523,2021-06-18,2021-06-28,0.0325308711127356,2021,2021-03-31,learned_order_extension,20260910,0.2653740834720145,0.2653740834720145,0,1
fixed_transform_remove_only,2528,2021-06-25,2021-07-05,-0.0342297962734196,2021,2021-03-31,learned_order_extension,20260910,0.3287398595714886,0.3287398595714886,0,0
fixed_transform_remove_only,2473,2021-04-02,2021-04-12,-0.0292856811827044,2021,2021-03-31,learned_order_offset,20260910,0.5755169796876114,0.5755169796876114,1,0
fixed_transform_remove_only,2477,2021-04-09,2021-04-19,-0.0120489836840408,2021,2021-03-31,learned_order_offset,20260910,0.7065142882299542,0.7065142882299542,1,0
fixed_transform_remove_only,2482,2021-04-16,2021-04-26,0.0382932540809155,2021,2021-03-31,learned_order_offset,20260910,0.6361947532478412,0.6361947532478412,1,1
fixed_transform_remove_only,2487,2021-04-23,2021-05-06,-0.0112070185917437,2021,2021-03-31,learned_order_offset,20260910,0.6980934008822827,0.6980934008822827,1,0
fixed_transform_remove_only,2492,2021-04-30,2021-05-12,-0.0190946889464188,2021,2021-03-31,learned_order_offset,20260910,0.6548651015717235,0.6548651015717235,1,0
fixed_transform_remove_only,2494,2021-05-07,2021-05-17,0.0227674429764228,2021,2021-03-31,learned_order_offset,20260910,0.6691364916051387,0.6691364916051387,1,1
fixed_transform_remove_only,2499,2021-05-14,2021-05-24,0.0045940519733895,2021,2021-03-31,learned_order_offset,20260910,0.6670453626578177,0.6670453626578177,1,1
fixed_transform_remove_only,2504,2021-05-21,2021-05-31,0.0348855085126711,2021,2021-03-31,learned_order_offset,20260910,0.6318950449285335,0.6318950449285335,1,1
fixed_transform_remove_only,2509,2021-05-28,2021-06-07,-0.0062409741861724,2021,2021-03-31,learned_order_offset,20260910,0.5118312106689581,0.5118312106689581,1,0
fixed_transform_remove_only,2514,2021-06-04,2021-06-15,-0.0125508761771767,2021,2021-03-31,learned_order_offset,20260910,0.41706047351434183,0.41706047351434183,0,0
fixed_transform_remove_only,2519,2021-06-11,2021-06-21,-0.0250011497424577,2021,2021-03-31,learned_order_offset,20260910,0.261911322985023,0.261911322985023,0,0
fixed_transform_remove_only,2523,2021-06-18,2021-06-28,0.0325308711127356,2021,2021-03-31,learned_order_offset,20260910,0.2653441312362066,0.2653441312362066,0,1
fixed_transform_remove_only,2528,2021-06-25,2021-07-05,-0.0342297962734196,2021,2021-03-31,learned_order_offset,20260910,0.32806081739379483,0.32806081739379483,0,0
fixed_transform_remove_only,2473,2021-04-02,2021-04-12,-0.0292856811827044,2021,2021-03-31,learned_market,20260911,0.6441280567926638,0.6441280567926638,1,0
fixed_transform_remove_only,2477,2021-04-09,2021-04-19,-0.0120489836840408,2021,2021-03-31,learned_market,20260911,0.5450885946082726,0.5450885946082726,1,0
fixed_transform_remove_only,2482,2021-04-16,2021-04-26,0.0382932540809155,2021,2021-03-31,learned_market,20260911,0.4835217834221189,0.4835217834221189,0,1
fixed_transform_remove_only,2487,2021-04-23,2021-05-06,-0.0112070185917437,2021,2021-03-31,learned_market,20260911,0.5414238826125328,0.5414238826125328,1,0
fixed_transform_remove_only,2492,2021-04-30,2021-05-12,-0.0190946889464188,2021,2021-03-31,learned_market,20260911,0.690140538974273,0.690140538974273,1,0
fixed_transform_remove_only,2494,2021-05-07,2021-05-17,0.0227674429764228,2021,2021-03-31,learned_market,20260911,0.7635878568498737,0.7635878568498737,1,1
fixed_transform_remove_only,2499,2021-05-14,2021-05-24,0.0045940519733895,2021,2021-03-31,learned_market,20260911,0.44324099985878024,0.44324099985878024,0,1
fixed_transform_remove_only,2504,2021-05-21,2021-05-31,0.0348855085126711,2021,2021-03-31,learned_market,20260911,0.6004716218480567,0.6004716218480567,1,1
fixed_transform_remove_only,2509,2021-05-28,2021-06-07,-0.0062409741861724,2021,2021-03-31,learned_market,20260911,0.5370928311574198,0.5370928311574198,1,0
fixed_transform_remove_only,2514,2021-06-04,2021-06-15,-0.0125508761771767,2021,2021-03-31,learned_market,20260911,0.43070980169685946,0.43070980169685946,0,0
fixed_transform_remove_only,2519,2021-06-11,2021-06-21,-0.0250011497424577,2021,2021-03-31,learned_market,20260911,0.2423616748483792,0.2423616748483792,0,0
fixed_transform_remove_only,2523,2021-06-18,2021-06-28,0.0325308711127356,2021,2021-03-31,learned_market,20260911,0.43886855390905316,0.43886855390905316,0,1
fixed_transform_remove_only,2528,2021-06-25,2021-07-05,-0.0342297962734196,2021,2021-03-31,learned_market,20260911,0.3919858676694312,0.3919858676694312,0,0
fixed_transform_remove_only,2473,2021-04-02,2021-04-12,-0.0292856811827044,2021,2021-03-31,learned_vol_interaction,20260911,0.6456028156797536,0.6456028156797536,1,0
fixed_transform_remove_only,2477,2021-04-09,2021-04-19,-0.0120489836840408,2021,2021-03-31,learned_vol_interaction,20260911,0.5446848871948553,0.5446848871948553,1,0
fixed_transform_remove_only,2482,2021-04-16,2021-04-26,0.0382932540809155,2021,2021-03-31,learned_vol_interaction,20260911,0.4827071760343271,0.4827071760343271,0,1
fixed_transform_remove_only,2487,2021-04-23,2021-05-06,-0.0112070185917437,2021,2021-03-31,learned_vol_interaction,20260911,0.5412732334813536,0.5412732334813536,1,0
fixed_transform_remove_only,2492,2021-04-30,2021-05-12,-0.0190946889464188,2021,2021-03-31,learned_vol_interaction,20260911,0.6899099398615647,0.6899099398615647,1,0
fixed_transform_remove_only,2494,2021-05-07,2021-05-17,0.0227674429764228,2021,2021-03-31,learned_vol_interaction,20260911,0.7633646642657964,0.7633646642657964,1,1
fixed_transform_remove_only,2499,2021-05-14,2021-05-24,0.0045940519733895,2021,2021-03-31,learned_vol_interaction,20260911,0.44342185008787743,0.44342185008787743,0,1
fixed_transform_remove_only,2504,2021-05-21,2021-05-31,0.0348855085126711,2021,2021-03-31,learned_vol_interaction,20260911,0.5996921981684321,0.5996921981684321,1,1
fixed_transform_remove_only,2509,2021-05-28,2021-06-07,-0.0062409741861724,2021,2021-03-31,learned_vol_interaction,20260911,0.5371781172925978,0.5371781172925978,1,0
fixed_transform_remove_only,2514,2021-06-04,2021-06-15,-0.0125508761771767,2021,2021-03-31,learned_vol_interaction,20260911,0.4305316245262789,0.4305316245262789,0,0
fixed_transform_remove_only,2519,2021-06-11,2021-06-21,-0.0250011497424577,2021,2021-03-31,learned_vol_interaction,20260911,0.2426420851620071,0.2426420851620071,0,0
fixed_transform_remove_only,2523,2021-06-18,2021-06-28,0.0325308711127356,2021,2021-03-31,learned_vol_interaction,20260911,0.43896042337498004,0.43896042337498004,0,1
fixed_transform_remove_only,2528,2021-06-25,2021-07-05,-0.0342297962734196,2021,2021-03-31,learned_vol_interaction,20260911,0.39333304265665225,0.39333304265665225,0,0
fixed_transform_remove_only,2473,2021-04-02,2021-04-12,-0.0292856811827044,2021,2021-03-31,learned_order_extension,20260911,0.6391060399020878,0.6391060399020878,1,0
fixed_transform_remove_only,2477,2021-04-09,2021-04-19,-0.0120489836840408,2021,2021-03-31,learned_order_extension,20260911,0.5351019757644984,0.5351019757644984,1,0
fixed_transform_remove_only,2482,2021-04-16,2021-04-26,0.0382932540809155,2021,2021-03-31,learned_order_extension,20260911,0.4548495651893432,0.4548495651893432,0,1
fixed_transform_remove_only,2487,2021-04-23,2021-05-06,-0.0112070185917437,2021,2021-03-31,learned_order_extension,20260911,0.518604388361169,0.518604388361169,1,0
fixed_transform_remove_only,2492,2021-04-30,2021-05-12,-0.0190946889464188,2021,2021-03-31,learned_order_extension,20260911,0.7097493396331764,0.7097493396331764,1,0
fixed_transform_remove_only,2494,2021-05-07,2021-05-17,0.0227674429764228,2021,2021-03-31,learned_order_extension,20260911,0.7897713575870698,0.7897713575870698,1,1
fixed_transform_remove_only,2499,2021-05-14,2021-05-24,0.0045940519733895,2021,2021-03-31,learned_order_extension,20260911,0.40063813994440484,0.40063813994440484,0,1
fixed_transform_remove_only,2504,2021-05-21,2021-05-31,0.0348855085126711,2021,2021-03-31,learned_order_extension,20260911,0.5998730238891029,0.5998730238891029,1,1
fixed_transform_remove_only,2509,2021-05-28,2021-06-07,-0.0062409741861724,2021,2021-03-31,learned_order_extension,20260911,0.5443910189081075,0.5443910189081075,1,0
fixed_transform_remove_only,2514,2021-06-04,2021-06-15,-0.0125508761771767,2021,2021-03-31,learned_order_extension,20260911,0.40649413286116703,0.40649413286116703,0,0
fixed_transform_remove_only,2519,2021-06-11,2021-06-21,-0.0250011497424577,2021,2021-03-31,learned_order_extension,20260911,0.1914104096648892,0.1914104096648892,0,0
fixed_transform_remove_only,2523,2021-06-18,2021-06-28,0.0325308711127356,2021,2021-03-31,learned_order_extension,20260911,0.4154102104224005,0.4154102104224005,0,1
fixed_transform_remove_only,2528,2021-06-25,2021-07-05,-0.0342297962734196,2021,2021-03-31,learned_order_extension,20260911,0.3821330776453683,0.3821330776453683,0,0
fixed_transform_remove_only,2473,2021-04-02,2021-04-12,-0.0292856811827044,2021,2021-03-31,learned_order_offset,20260911,0.6379238304190844,0.6379238304190844,1,0
fixed_transform_remove_only,2477,2021-04-09,2021-04-19,-0.0120489836840408,2021,2021-03-31,learned_order_offset,20260911,0.5381656817429468,0.5381656817429468,1,0
fixed_transform_remove_only,2482,2021-04-16,2021-04-26,0.0382932540809155,2021,2021-03-31,learned_order_offset,20260911,0.4590759837089847,0.4590759837089847,0,1
fixed_transform_remove_only,2487,2021-04-23,2021-05-06,-0.0112070185917437,2021,2021-03-31,learned_order_offset,20260911,0.5197045868872489,0.5197045868872489,1,0
fixed_transform_remove_only,2492,2021-04-30,2021-05-12,-0.0190946889464188,2021,2021-03-31,learned_order_offset,20260911,0.707785663791848,0.707785663791848,1,0
fixed_transform_remove_only,2494,2021-05-07,2021-05-17,0.0227674429764228,2021,2021-03-31,learned_order_offset,20260911,0.787079631482353,0.787079631482353,1,1
fixed_transform_remove_only,2499,2021-05-14,2021-05-24,0.0045940519733895,2021,2021-03-31,learned_order_offset,20260911,0.40407289167458427,0.40407289167458427,0,1
fixed_transform_remove_only,2504,2021-05-21,2021-05-31,0.0348855085126711,2021,2021-03-31,learned_order_offset,20260911,0.6000749640407165,0.6000749640407165,1,1
fixed_transform_remove_only,2509,2021-05-28,2021-06-07,-0.0062409741861724,2021,2021-03-31,learned_order_offset,20260911,0.5443213585581014,0.5443213585581014,1,0
fixed_transform_remove_only,2514,2021-06-04,2021-06-15,-0.0125508761771767,2021,2021-03-31,learned_order_offset,20260911,0.41452687917547637,0.41452687917547637,0,0
fixed_transform_remove_only,2519,2021-06-11,2021-06-21,-0.0250011497424577,2021,2021-03-31,learned_order_offset,20260911,0.19640333882167413,0.19640333882167413,0,0
fixed_transform_remove_only,2523,2021-06-18,2021-06-28,0.0325308711127356,2021,2021-03-31,learned_order_offset,20260911,0.4203059064268982,0.4203059064268982,0,1
fixed_transform_remove_only,2528,2021-06-25,2021-07-05,-0.0342297962734196,2021,2021-03-31,learned_order_offset,20260911,0.3817015894338965,0.3817015894338965,0,0
fixed_transform_remove_only,2473,2021-04-02,2021-04-12,-0.0292856811827044,2021,2021-03-31,learned_market,20260912,0.5642970331484527,0.5642970331484527,1,0
fixed_transform_remove_only,2477,2021-04-09,2021-04-19,-0.0120489836840408,2021,2021-03-31,learned_market,20260912,0.7175856475588113,0.7175856475588113,1,0
fixed_transform_remove_only,2482,2021-04-16,2021-04-26,0.0382932540809155,2021,2021-03-31,learned_market,20260912,0.5838221564624515,0.5838221564624515,1,1
fixed_transform_remove_only,2487,2021-04-23,2021-05-06,-0.0112070185917437,2021,2021-03-31,learned_market,20260912,0.6803303116540066,0.6803303116540066,1,0
fixed_transform_remove_only,2492,2021-04-30,2021-05-12,-0.0190946889464188,2021,2021-03-31,learned_market,20260912,0.49201001973271014,0.49201001973271014,0,0
fixed_transform_remove_only,2494,2021-05-07,2021-05-17,0.0227674429764228,2021,2021-03-31,learned_market,20260912,0.5807398275180289,0.5807398275180289,1,1
fixed_transform_remove_only,2499,2021-05-14,2021-05-24,0.0045940519733895,2021,2021-03-31,learned_market,20260912,0.44030877418552455,0.44030877418552455,0,1
fixed_transform_remove_only,2504,2021-05-21,2021-05-31,0.0348855085126711,2021,2021-03-31,learned_market,20260912,0.5842320201479756,0.5842320201479756,1,1
fixed_transform_remove_only,2509,2021-05-28,2021-06-07,-0.0062409741861724,2021,2021-03-31,learned_market,20260912,0.39714064839309027,0.39714064839309027,0,0
fixed_transform_remove_only,2514,2021-06-04,2021-06-15,-0.0125508761771767,2021,2021-03-31,learned_market,20260912,0.2760633400443806,0.2760633400443806,0,0
fixed_transform_remove_only,2519,2021-06-11,2021-06-21,-0.0250011497424577,2021,2021-03-31,learned_market,20260912,0.38480442706046697,0.38480442706046697,0,0
fixed_transform_remove_only,2523,2021-06-18,2021-06-28,0.0325308711127356,2021,2021-03-31,learned_market,20260912,0.3511094713818795,0.3511094713818795,0,1
fixed_transform_remove_only,2528,2021-06-25,2021-07-05,-0.0342297962734196,2021,2021-03-31,learned_market,20260912,0.2605115505118198,0.2605115505118198,0,0
fixed_transform_remove_only,2473,2021-04-02,2021-04-12,-0.0292856811827044,2021,2021-03-31,learned_vol_interaction,20260912,0.560665442653111,0.560665442653111,1,0
fixed_transform_remove_only,2477,2021-04-09,2021-04-19,-0.0120489836840408,2021,2021-03-31,learned_vol_interaction,20260912,0.7154199186656124,0.7154199186656124,1,0
fixed_transform_remove_only,2482,2021-04-16,2021-04-26,0.0382932540809155,2021,2021-03-31,learned_vol_interaction,20260912,0.5805093453022389,0.5805093453022389,1,1
fixed_transform_remove_only,2487,2021-04-23,2021-05-06,-0.0112070185917437,2021,2021-03-31,learned_vol_interaction,20260912,0.6778677539025573,0.6778677539025573,1,0
fixed_transform_remove_only,2492,2021-04-30,2021-05-12,-0.0190946889464188,2021,2021-03-31,learned_vol_interaction,20260912,0.49265177160507523,0.49265177160507523,0,0
fixed_transform_remove_only,2494,2021-05-07,2021-05-17,0.0227674429764228,2021,2021-03-31,learned_vol_interaction,20260912,0.5769555948999783,0.5769555948999783,1,1
fixed_transform_remove_only,2499,2021-05-14,2021-05-24,0.0045940519733895,2021,2021-03-31,learned_vol_interaction,20260912,0.444733471898573,0.444733471898573,0,1
fixed_transform_remove_only,2504,2021-05-21,2021-05-31,0.0348855085126711,2021,2021-03-31,learned_vol_interaction,20260912,0.5864779477801169,0.5864779477801169,1,1
fixed_transform_remove_only,2509,2021-05-28,2021-06-07,-0.0062409741861724,2021,2021-03-31,learned_vol_interaction,20260912,0.39795899857655753,0.39795899857655753,0,0
fixed_transform_remove_only,2514,2021-06-04,2021-06-15,-0.0125508761771767,2021,2021-03-31,learned_vol_interaction,20260912,0.271793009850204,0.271793009850204,0,0
fixed_transform_remove_only,2519,2021-06-11,2021-06-21,-0.0250011497424577,2021,2021-03-31,learned_vol_interaction,20260912,0.38365095739893607,0.38365095739893607,0,0
fixed_transform_remove_only,2523,2021-06-18,2021-06-28,0.0325308711127356,2021,2021-03-31,learned_vol_interaction,20260912,0.35049031472357545,0.35049031472357545,0,1
fixed_transform_remove_only,2528,2021-06-25,2021-07-05,-0.0342297962734196,2021,2021-03-31,learned_vol_interaction,20260912,0.27266061722741025,0.27266061722741025,0,0
fixed_transform_remove_only,2473,2021-04-02,2021-04-12,-0.0292856811827044,2021,2021-03-31,learned_order_extension,20260912,0.5636608362650481,0.5636608362650481,1,0
fixed_transform_remove_only,2477,2021-04-09,2021-04-19,-0.0120489836840408,2021,2021-03-31,learned_order_extension,20260912,0.7240758151630754,0.7240758151630754,1,0
fixed_transform_remove_only,2482,2021-04-16,2021-04-26,0.0382932540809155,2021,2021-03-31,learned_order_extension,20260912,0.5753526751038694,0.5753526751038694,1,1
fixed_transform_remove_only,2487,2021-04-23,2021-05-06,-0.0112070185917437,2021,2021-03-31,learned_order_extension,20260912,0.6923452812529141,0.6923452812529141,1,0
fixed_transform_remove_only,2492,2021-04-30,2021-05-12,-0.0190946889464188,2021,2021-03-31,learned_order_extension,20260912,0.4722748017426449,0.4722748017426449,0,0
fixed_transform_remove_only,2494,2021-05-07,2021-05-17,0.0227674429764228,2021,2021-03-31,learned_order_extension,20260912,0.5655355746661538,0.5655355746661538,1,1
fixed_transform_remove_only,2499,2021-05-14,2021-05-24,0.0045940519733895,2021,2021-03-31,learned_order_extension,20260912,0.41374936313938354,0.41374936313938354,0,1
fixed_transform_remove_only,2504,2021-05-21,2021-05-31,0.0348855085126711,2021,2021-03-31,learned_order_extension,20260912,0.5851881041758114,0.5851881041758114,1,1
fixed_transform_remove_only,2509,2021-05-28,2021-06-07,-0.0062409741861724,2021,2021-03-31,learned_order_extension,20260912,0.3854346698498918,0.3854346698498918,0,0
fixed_transform_remove_only,2514,2021-06-04,2021-06-15,-0.0125508761771767,2021,2021-03-31,learned_order_extension,20260912,0.23270795693225618,0.23270795693225618,0,0
fixed_transform_remove_only,2519,2021-06-11,2021-06-21,-0.0250011497424577,2021,2021-03-31,learned_order_extension,20260912,0.3560784366678876,0.3560784366678876,0,0
fixed_transform_remove_only,2523,2021-06-18,2021-06-28,0.0325308711127356,2021,2021-03-31,learned_order_extension,20260912,0.32266565448185697,0.32266565448185697,0,1
fixed_transform_remove_only,2528,2021-06-25,2021-07-05,-0.0342297962734196,2021,2021-03-31,learned_order_extension,20260912,0.23645033838230273,0.23645033838230273,0,0
fixed_transform_remove_only,2473,2021-04-02,2021-04-12,-0.0292856811827044,2021,2021-03-31,learned_order_offset,20260912,0.5669372997584271,0.5669372997584271,1,0
fixed_transform_remove_only,2477,2021-04-09,2021-04-19,-0.0120489836840408,2021,2021-03-31,learned_order_offset,20260912,0.7232906277854303,0.7232906277854303,1,0
fixed_transform_remove_only,2482,2021-04-16,2021-04-26,0.0382932540809155,2021,2021-03-31,learned_order_offset,20260912,0.5796441100320783,0.5796441100320783,1,1
fixed_transform_remove_only,2487,2021-04-23,2021-05-06,-0.0112070185917437,2021,2021-03-31,learned_order_offset,20260912,0.6918129634932082,0.6918129634932082,1,0
fixed_transform_remove_only,2492,2021-04-30,2021-05-12,-0.0190946889464188,2021,2021-03-31,learned_order_offset,20260912,0.47661440794307003,0.47661440794307003,0,0
fixed_transform_remove_only,2494,2021-05-07,2021-05-17,0.0227674429764228,2021,2021-03-31,learned_order_offset,20260912,0.5688286753158728,0.5688286753158728,1,1
fixed_transform_remove_only,2499,2021-05-14,2021-05-24,0.0045940519733895,2021,2021-03-31,learned_order_offset,20260912,0.4182801588919377,0.4182801588919377,0,1
fixed_transform_remove_only,2504,2021-05-21,2021-05-31,0.0348855085126711,2021,2021-03-31,learned_order_offset,20260912,0.5872543080165783,0.5872543080165783,1,1
fixed_transform_remove_only,2509,2021-05-28,2021-06-07,-0.0062409741861724,2021,2021-03-31,learned_order_offset,20260912,0.3915641126681532,0.3915641126681532,0,0
fixed_transform_remove_only,2514,2021-06-04,2021-06-15,-0.0125508761771767,2021,2021-03-31,learned_order_offset,20260912,0.2410146422222323,0.2410146422222323,0,0
fixed_transform_remove_only,2519,2021-06-11,2021-06-21,-0.0250011497424577,2021,2021-03-31,learned_order_offset,20260912,0.35845894724563615,0.35845894724563615,0,0
fixed_transform_remove_only,2523,2021-06-18,2021-06-28,0.0325308711127356,2021,2021-03-31,learned_order_offset,20260912,0.3248578620755546,0.3248578620755546,0,1
fixed_transform_remove_only,2528,2021-06-25,2021-07-05,-0.0342297962734196,2021,2021-03-31,learned_order_offset,20260912,0.23796337580203555,0.23796337580203555,0,0
fixed_transform_remove_only,2473,2021-04-02,2021-04-12,-0.0292856811827044,2021,2021-03-31,training_frequency,-1,0.5585429314830876,0.5585429314830876,1,0
fixed_transform_remove_only,2477,2021-04-09,2021-04-19,-0.0120489836840408,2021,2021-03-31,training_frequency,-1,0.5585429314830876,0.5585429314830876,1,0
fixed_transform_remove_only,2482,2021-04-16,2021-04-26,0.0382932540809155,2021,2021-03-31,training_frequency,-1,0.5585429314830876,0.5585429314830876,1,1
fixed_transform_remove_only,2487,2021-04-23,2021-05-06,-0.0112070185917437,2021,2021-03-31,training_frequency,-1,0.5585429314830876,0.5585429314830876,1,0
fixed_transform_remove_only,2492,2021-04-30,2021-05-12,-0.0190946889464188,2021,2021-03-31,training_frequency,-1,0.5585429314830876,0.5585429314830876,1,0
fixed_transform_remove_only,2494,2021-05-07,2021-05-17,0.0227674429764228,2021,2021-03-31,training_frequency,-1,0.5585429314830876,0.5585429314830876,1,1
fixed_transform_remove_only,2499,2021-05-14,2021-05-24,0.0045940519733895,2021,2021-03-31,training_frequency,-1,0.5585429314830876,0.5585429314830876,1,1
fixed_transform_remove_only,2504,2021-05-21,2021-05-31,0.0348855085126711,2021,2021-03-31,training_frequency,-1,0.5585429314830876,0.5585429314830876,1,1
fixed_transform_remove_only,2509,2021-05-28,2021-06-07,-0.0062409741861724,2021,2021-03-31,training_frequency,-1,0.5585429314830876,0.5585429314830876,1,0
fixed_transform_remove_only,2514,2021-06-04,2021-06-15,-0.0125508761771767,2021,2021-03-31,training_frequency,-1,0.5585429314830876,0.5585429314830876,1,0
fixed_transform_remove_only,2519,2021-06-11,2021-06-21,-0.0250011497424577,2021,2021-03-31,training_frequency,-1,0.5585429314830876,0.5585429314830876,1,0
fixed_transform_remove_only,2523,2021-06-18,2021-06-28,0.0325308711127356,2021,2021-03-31,training_frequency,-1,0.5585429314830876,0.5585429314830876,1,1
fixed_transform_remove_only,2528,2021-06-25,2021-07-05,-0.0342297962734196,2021,2021-03-31,training_frequency,-1,0.5585429314830876,0.5585429314830876,1,0
fixed_transform_remove_only,2533,2021-07-02,2021-07-12,0.0068193733271841,2021,2021-06-30,learned_market,20260910,0.3755534071096444,0.3755534071096444,0,1
fixed_transform_remove_only,2538,2021-07-09,2021-07-19,-0.0048254045313779,2021,2021-06-30,learned_market,20260910,0.41347655441429243,0.41347655441429243,0,0
fixed_transform_remove_only,2543,2021-07-16,2021-07-26,-0.0032299118953994,2021,2021-06-30,learned_market,20260910,0.3662919540962429,0.3662919540962429,0,0
fixed_transform_remove_only,2548,2021-07-23,2021-08-02,-0.0537740931579083,2021,2021-06-30,learned_market,20260910,0.47622853839494156,0.47622853839494156,0,0
fixed_transform_remove_only,2553,2021-07-30,2021-08-09,0.019904813945049,2021,2021-06-30,learned_market,20260910,0.4833353624609849,0.4833353624609849,0,1
fixed_transform_remove_only,2558,2021-08-06,2021-08-16,0.0093369268709639,2021,2021-06-30,learned_market,20260910,0.434802188788531,0.434802188788531,0,1
fixed_transform_remove_only,2563,2021-08-13,2021-08-23,-0.032048736608373,2021,2021-06-30,learned_market,20260910,0.3951042594664546,0.3951042594664546,0,0
fixed_transform_remove_only,2568,2021-08-20,2021-08-30,0.0145047962107527,2021,2021-06-30,learned_market,20260910,0.5010016522442675,0.5010016522442675,1,1
fixed_transform_remove_only,2573,2021-08-27,2021-09-06,-0.0012316820816045,2021,2021-06-30,learned_market,20260910,0.5422109594062475,0.5422109594062475,1,0
fixed_transform_remove_only,2578,2021-09-03,2021-09-13,0.0342301066295398,2021,2021-06-30,learned_market,20260910,0.7009933806920329,0.7009933806920329,1,1
fixed_transform_remove_only,2583,2021-09-10,2021-09-22,-0.0471441667981554,2021,2021-06-30,learned_market,20260910,0.7154435449423763,0.7154435449423763,1,0
fixed_transform_remove_only,2588,2021-09-17,2021-09-28,0.0209863060789441,2021,2021-06-30,learned_market,20260910,0.6674918267082196,0.6674918267082196,1,1
fixed_transform_remove_only,2591,2021-09-24,2021-10-11,0.0144615416200457,2021,2021-06-30,learned_market,20260910,0.7084636859491548,0.7084636859491548,1,1
fixed_transform_remove_only,2533,2021-07-02,2021-07-12,0.0068193733271841,2021,2021-06-30,learned_vol_interaction,20260910,0.32491772885662595,0.32491772885662595,0,1
fixed_transform_remove_only,2538,2021-07-09,2021-07-19,-0.0048254045313779,2021,2021-06-30,learned_vol_interaction,20260910,0.3194210561601581,0.3194210561601581,0,0
fixed_transform_remove_only,2543,2021-07-16,2021-07-26,-0.0032299118953994,2021,2021-06-30,learned_vol_interaction,20260910,0.2941539231474275,0.2941539231474275,0,0
fixed_transform_remove_only,2548,2021-07-23,2021-08-02,-0.0537740931579083,2021,2021-06-30,learned_vol_interaction,20260910,0.42556248251349127,0.42556248251349127,0,0
fixed_transform_remove_only,2553,2021-07-30,2021-08-09,0.019904813945049,2021,2021-06-30,learned_vol_interaction,20260910,0.49006731473517035,0.49006731473517035,0,1
fixed_transform_remove_only,2558,2021-08-06,2021-08-16,0.0093369268709639,2021,2021-06-30,learned_vol_interaction,20260910,0.48320382317097466,0.48320382317097466,0,1
fixed_transform_remove_only,2563,2021-08-13,2021-08-23,-0.032048736608373,2021,2021-06-30,learned_vol_interaction,20260910,0.4766815496852539,0.4766815496852539,0,0
fixed_transform_remove_only,2568,2021-08-20,2021-08-30,0.0145047962107527,2021,2021-06-30,learned_vol_interaction,20260910,0.5220251834001263,0.5220251834001263,1,1
fixed_transform_remove_only,2573,2021-08-27,2021-09-06,-0.0012316820816045,2021,2021-06-30,learned_vol_interaction,20260910,0.573886531201069,0.573886531201069,1,0
fixed_transform_remove_only,2578,2021-09-03,2021-09-13,0.0342301066295398,2021,2021-06-30,learned_vol_interaction,20260910,0.673019214746227,0.673019214746227,1,1
fixed_transform_remove_only,2583,2021-09-10,2021-09-22,-0.0471441667981554,2021,2021-06-30,learned_vol_interaction,20260910,0.6770872343447617,0.6770872343447617,1,0
fixed_transform_remove_only,2588,2021-09-17,2021-09-28,0.0209863060789441,2021,2021-06-30,learned_vol_interaction,20260910,0.7002635141931628,0.7002635141931628,1,1
fixed_transform_remove_only,2591,2021-09-24,2021-10-11,0.0144615416200457,2021,2021-06-30,learned_vol_interaction,20260910,0.7491467084313208,0.7491467084313208,1,1
fixed_transform_remove_only,2533,2021-07-02,2021-07-12,0.0068193733271841,2021,2021-06-30,learned_order_extension,20260910,0.30989864842633097,0.30989864842633097,0,1
fixed_transform_remove_only,2538,2021-07-09,2021-07-19,-0.0048254045313779,2021,2021-06-30,learned_order_extension,20260910,0.29957242705541903,0.29957242705541903,0,0
fixed_transform_remove_only,2543,2021-07-16,2021-07-26,-0.0032299118953994,2021,2021-06-30,learned_order_extension,20260910,0.2655006649725865,0.2655006649725865,0,0
fixed_transform_remove_only,2548,2021-07-23,2021-08-02,-0.0537740931579083,2021,2021-06-30,learned_order_extension,20260910,0.40760220355798976,0.40760220355798976,0,0
fixed_transform_remove_only,2553,2021-07-30,2021-08-09,0.019904813945049,2021,2021-06-30,learned_order_extension,20260910,0.4763362285280775,0.4763362285280775,0,1
fixed_transform_remove_only,2558,2021-08-06,2021-08-16,0.0093369268709639,2021,2021-06-30,learned_order_extension,20260910,0.46463609527197547,0.46463609527197547,0,1
fixed_transform_remove_only,2563,2021-08-13,2021-08-23,-0.032048736608373,2021,2021-06-30,learned_order_extension,20260910,0.465262189272421,0.465262189272421,0,0
fixed_transform_remove_only,2568,2021-08-20,2021-08-30,0.0145047962107527,2021,2021-06-30,learned_order_extension,20260910,0.5199911414568158,0.5199911414568158,1,1
fixed_transform_remove_only,2573,2021-08-27,2021-09-06,-0.0012316820816045,2021,2021-06-30,learned_order_extension,20260910,0.5709292166198034,0.5709292166198034,1,0
fixed_transform_remove_only,2578,2021-09-03,2021-09-13,0.0342301066295398,2021,2021-06-30,learned_order_extension,20260910,0.6796262877639736,0.6796262877639736,1,1
fixed_transform_remove_only,2583,2021-09-10,2021-09-22,-0.0471441667981554,2021,2021-06-30,learned_order_extension,20260910,0.6927271564074551,0.6927271564074551,1,0
fixed_transform_remove_only,2588,2021-09-17,2021-09-28,0.0209863060789441,2021,2021-06-30,learned_order_extension,20260910,0.7139316142497523,0.7139316142497523,1,1
fixed_transform_remove_only,2591,2021-09-24,2021-10-11,0.0144615416200457,2021,2021-06-30,learned_order_extension,20260910,0.7729131447192588,0.7729131447192588,1,1
fixed_transform_remove_only,2533,2021-07-02,2021-07-12,0.0068193733271841,2021,2021-06-30,learned_order_offset,20260910,0.313360847503469,0.313360847503469,0,1
fixed_transform_remove_only,2538,2021-07-09,2021-07-19,-0.0048254045313779,2021,2021-06-30,learned_order_offset,20260910,0.3027855334088317,0.3027855334088317,0,0
fixed_transform_remove_only,2543,2021-07-16,2021-07-26,-0.0032299118953994,2021,2021-06-30,learned_order_offset,20260910,0.27009910844141943,0.27009910844141943,0,0
fixed_transform_remove_only,2548,2021-07-23,2021-08-02,-0.0537740931579083,2021,2021-06-30,learned_order_offset,20260910,0.4117769664233915,0.4117769664233915,0,0
fixed_transform_remove_only,2553,2021-07-30,2021-08-09,0.019904813945049,2021,2021-06-30,learned_order_offset,20260910,0.48063968648210686,0.48063968648210686,0,1
fixed_transform_remove_only,2558,2021-08-06,2021-08-16,0.0093369268709639,2021,2021-06-30,learned_order_offset,20260910,0.4700594099985986,0.4700594099985986,0,1
fixed_transform_remove_only,2563,2021-08-13,2021-08-23,-0.032048736608373,2021,2021-06-30,learned_order_offset,20260910,0.4702180759647272,0.4702180759647272,0,0
fixed_transform_remove_only,2568,2021-08-20,2021-08-30,0.0145047962107527,2021,2021-06-30,learned_order_offset,20260910,0.5203759413228412,0.5203759413228412,1,1
fixed_transform_remove_only,2573,2021-08-27,2021-09-06,-0.0012316820816045,2021,2021-06-30,learned_order_offset,20260910,0.57099929555448,0.57099929555448,1,0
fixed_transform_remove_only,2578,2021-09-03,2021-09-13,0.0342301066295398,2021,2021-06-30,learned_order_offset,20260910,0.6748397153892813,0.6748397153892813,1,1
fixed_transform_remove_only,2583,2021-09-10,2021-09-22,-0.0471441667981554,2021,2021-06-30,learned_order_offset,20260910,0.6877869732816522,0.6877869732816522,1,0
fixed_transform_remove_only,2588,2021-09-17,2021-09-28,0.0209863060789441,2021,2021-06-30,learned_order_offset,20260910,0.7118444140186105,0.7118444140186105,1,1
fixed_transform_remove_only,2591,2021-09-24,2021-10-11,0.0144615416200457,2021,2021-06-30,learned_order_offset,20260910,0.7702803926589167,0.7702803926589167,1,1
fixed_transform_remove_only,2533,2021-07-02,2021-07-12,0.0068193733271841,2021,2021-06-30,learned_market,20260911,0.47899637767651415,0.47899637767651415,0,1
fixed_transform_remove_only,2538,2021-07-09,2021-07-19,-0.0048254045313779,2021,2021-06-30,learned_market,20260911,0.23474529933891755,0.23474529933891755,0,0
fixed_transform_remove_only,2543,2021-07-16,2021-07-26,-0.0032299118953994,2021,2021-06-30,learned_market,20260911,0.3568676358636719,0.3568676358636719,0,0
fixed_transform_remove_only,2548,2021-07-23,2021-08-02,-0.0537740931579083,2021,2021-06-30,learned_market,20260911,0.4025176921338498,0.4025176921338498,0,0
fixed_transform_remove_only,2553,2021-07-30,2021-08-09,0.019904813945049,2021,2021-06-30,learned_market,20260911,0.5661073619973583,0.5661073619973583,1,1
fixed_transform_remove_only,2558,2021-08-06,2021-08-16,0.0093369268709639,2021,2021-06-30,learned_market,20260911,0.6485702708989761,0.6485702708989761,1,1
fixed_transform_remove_only,2563,2021-08-13,2021-08-23,-0.032048736608373,2021,2021-06-30,learned_market,20260911,0.638550130952589,0.638550130952589,1,0
fixed_transform_remove_only,2568,2021-08-20,2021-08-30,0.0145047962107527,2021,2021-06-30,learned_market,20260911,0.4822540520260696,0.4822540520260696,0,1
fixed_transform_remove_only,2573,2021-08-27,2021-09-06,-0.0012316820816045,2021,2021-06-30,learned_market,20260911,0.7919074304837526,0.7919074304837526,1,0
fixed_transform_remove_only,2578,2021-09-03,2021-09-13,0.0342301066295398,2021,2021-06-30,learned_market,20260911,0.752939151184594,0.752939151184594,1,1
fixed_transform_remove_only,2583,2021-09-10,2021-09-22,-0.0471441667981554,2021,2021-06-30,learned_market,20260911,0.7308640935527067,0.7308640935527067,1,0
fixed_transform_remove_only,2588,2021-09-17,2021-09-28,0.0209863060789441,2021,2021-06-30,learned_market,20260911,0.7448532438171723,0.7448532438171723,1,1
fixed_transform_remove_only,2591,2021-09-24,2021-10-11,0.0144615416200457,2021,2021-06-30,learned_market,20260911,0.6362317112024587,0.6362317112024587,1,1
fixed_transform_remove_only,2533,2021-07-02,2021-07-12,0.0068193733271841,2021,2021-06-30,learned_vol_interaction,20260911,0.4790171717268874,0.4790171717268874,0,1
fixed_transform_remove_only,2538,2021-07-09,2021-07-19,-0.0048254045313779,2021,2021-06-30,learned_vol_interaction,20260911,0.2360039223981608,0.2360039223981608,0,0
fixed_transform_remove_only,2543,2021-07-16,2021-07-26,-0.0032299118953994,2021,2021-06-30,learned_vol_interaction,20260911,0.35734983412502336,0.35734983412502336,0,0
fixed_transform_remove_only,2548,2021-07-23,2021-08-02,-0.0537740931579083,2021,2021-06-30,learned_vol_interaction,20260911,0.4038635445096289,0.4038635445096289,0,0
fixed_transform_remove_only,2553,2021-07-30,2021-08-09,0.019904813945049,2021,2021-06-30,learned_vol_interaction,20260911,0.5677556550156094,0.5677556550156094,1,1
fixed_transform_remove_only,2558,2021-08-06,2021-08-16,0.0093369268709639,2021,2021-06-30,learned_vol_interaction,20260911,0.6492138839152125,0.6492138839152125,1,1
fixed_transform_remove_only,2563,2021-08-13,2021-08-23,-0.032048736608373,2021,2021-06-30,learned_vol_interaction,20260911,0.6398082640005032,0.6398082640005032,1,0
fixed_transform_remove_only,2568,2021-08-20,2021-08-30,0.0145047962107527,2021,2021-06-30,learned_vol_interaction,20260911,0.47963215824372507,0.47963215824372507,0,1
fixed_transform_remove_only,2573,2021-08-27,2021-09-06,-0.0012316820816045,2021,2021-06-30,learned_vol_interaction,20260911,0.7932260022314982,0.7932260022314982,1,0
fixed_transform_remove_only,2578,2021-09-03,2021-09-13,0.0342301066295398,2021,2021-06-30,learned_vol_interaction,20260911,0.752530522474654,0.752530522474654,1,1
fixed_transform_remove_only,2583,2021-09-10,2021-09-22,-0.0471441667981554,2021,2021-06-30,learned_vol_interaction,20260911,0.7317833505322575,0.7317833505322575,1,0
fixed_transform_remove_only,2588,2021-09-17,2021-09-28,0.0209863060789441,2021,2021-06-30,learned_vol_interaction,20260911,0.7446329029370212,0.7446329029370212,1,1
fixed_transform_remove_only,2591,2021-09-24,2021-10-11,0.0144615416200457,2021,2021-06-30,learned_vol_interaction,20260911,0.6362533355378466,0.6362533355378466,1,1
fixed_transform_remove_only,2533,2021-07-02,2021-07-12,0.0068193733271841,2021,2021-06-30,learned_order_extension,20260911,0.46306529097682086,0.46306529097682086,0,1
fixed_transform_remove_only,2538,2021-07-09,2021-07-19,-0.0048254045313779,2021,2021-06-30,learned_order_extension,20260911,0.1460138784251941,0.1460138784251941,0,0
fixed_transform_remove_only,2543,2021-07-16,2021-07-26,-0.0032299118953994,2021,2021-06-30,learned_order_extension,20260911,0.27219361847340334,0.27219361847340334,0,0
fixed_transform_remove_only,2548,2021-07-23,2021-08-02,-0.0537740931579083,2021,2021-06-30,learned_order_extension,20260911,0.3452000528889276,0.3452000528889276,0,0
fixed_transform_remove_only,2553,2021-07-30,2021-08-09,0.019904813945049,2021,2021-06-30,learned_order_extension,20260911,0.5510483996370532,0.5510483996370532,1,1
fixed_transform_remove_only,2558,2021-08-06,2021-08-16,0.0093369268709639,2021,2021-06-30,learned_order_extension,20260911,0.6367131294170468,0.6367131294170468,1,1
fixed_transform_remove_only,2563,2021-08-13,2021-08-23,-0.032048736608373,2021,2021-06-30,learned_order_extension,20260911,0.6365016590980367,0.6365016590980367,1,0
fixed_transform_remove_only,2568,2021-08-20,2021-08-30,0.0145047962107527,2021,2021-06-30,learned_order_extension,20260911,0.4481376797679133,0.4481376797679133,0,1
fixed_transform_remove_only,2573,2021-08-27,2021-09-06,-0.0012316820816045,2021,2021-06-30,learned_order_extension,20260911,0.8221554684022904,0.8221554684022904,1,0
fixed_transform_remove_only,2578,2021-09-03,2021-09-13,0.0342301066295398,2021,2021-06-30,learned_order_extension,20260911,0.7827337586372041,0.7827337586372041,1,1
fixed_transform_remove_only,2583,2021-09-10,2021-09-22,-0.0471441667981554,2021,2021-06-30,learned_order_extension,20260911,0.7759431655500795,0.7759431655500795,1,0
fixed_transform_remove_only,2588,2021-09-17,2021-09-28,0.0209863060789441,2021,2021-06-30,learned_order_extension,20260911,0.7990482575358996,0.7990482575358996,1,1
fixed_transform_remove_only,2591,2021-09-24,2021-10-11,0.0144615416200457,2021,2021-06-30,learned_order_extension,20260911,0.670165796202386,0.670165796202386,1,1
fixed_transform_remove_only,2533,2021-07-02,2021-07-12,0.0068193733271841,2021,2021-06-30,learned_order_offset,20260911,0.4771402813401887,0.4771402813401887,0,1
fixed_transform_remove_only,2538,2021-07-09,2021-07-19,-0.0048254045313779,2021,2021-06-30,learned_order_offset,20260911,0.16024068731204016,0.16024068731204016,0,0
fixed_transform_remove_only,2543,2021-07-16,2021-07-26,-0.0032299118953994,2021,2021-06-30,learned_order_offset,20260911,0.2847064812630303,0.2847064812630303,0,0
fixed_transform_remove_only,2548,2021-07-23,2021-08-02,-0.0537740931579083,2021,2021-06-30,learned_order_offset,20260911,0.3538063779907161,0.3538063779907161,0,0
fixed_transform_remove_only,2553,2021-07-30,2021-08-09,0.019904813945049,2021,2021-06-30,learned_order_offset,20260911,0.5466237660079072,0.5466237660079072,1,1
fixed_transform_remove_only,2558,2021-08-06,2021-08-16,0.0093369268709639,2021,2021-06-30,learned_order_offset,20260911,0.630758718410759,0.630758718410759,1,1
fixed_transform_remove_only,2563,2021-08-13,2021-08-23,-0.032048736608373,2021,2021-06-30,learned_order_offset,20260911,0.6320571557092047,0.6320571557092047,1,0
fixed_transform_remove_only,2568,2021-08-20,2021-08-30,0.0145047962107527,2021,2021-06-30,learned_order_offset,20260911,0.46211974214736284,0.46211974214736284,0,1
fixed_transform_remove_only,2573,2021-08-27,2021-09-06,-0.0012316820816045,2021,2021-06-30,learned_order_offset,20260911,0.8085228438100032,0.8085228438100032,1,0
fixed_transform_remove_only,2578,2021-09-03,2021-09-13,0.0342301066295398,2021,2021-06-30,learned_order_offset,20260911,0.772604030241378,0.772604030241378,1,1
fixed_transform_remove_only,2583,2021-09-10,2021-09-22,-0.0471441667981554,2021,2021-06-30,learned_order_offset,20260911,0.760733097634484,0.760733097634484,1,0
fixed_transform_remove_only,2588,2021-09-17,2021-09-28,0.0209863060789441,2021,2021-06-30,learned_order_offset,20260911,0.7861333148395769,0.7861333148395769,1,1
fixed_transform_remove_only,2591,2021-09-24,2021-10-11,0.0144615416200457,2021,2021-06-30,learned_order_offset,20260911,0.6619236635998963,0.6619236635998963,1,1
fixed_transform_remove_only,2533,2021-07-02,2021-07-12,0.0068193733271841,2021,2021-06-30,learned_market,20260912,0.5425325027121652,0.5425325027121652,1,1
fixed_transform_remove_only,2538,2021-07-09,2021-07-19,-0.0048254045313779,2021,2021-06-30,learned_market,20260912,0.6525237487930524,0.6525237487930524,1,0
fixed_transform_remove_only,2543,2021-07-16,2021-07-26,-0.0032299118953994,2021,2021-06-30,learned_market,20260912,0.49580169580614075,0.49580169580614075,0,0
fixed_transform_remove_only,2548,2021-07-23,2021-08-02,-0.0537740931579083,2021,2021-06-30,learned_market,20260912,0.672656059711692,0.672656059711692,1,0
fixed_transform_remove_only,2553,2021-07-30,2021-08-09,0.019904813945049,2021,2021-06-30,learned_market,20260912,0.6190204126211745,0.6190204126211745,1,1
fixed_transform_remove_only,2558,2021-08-06,2021-08-16,0.0093369268709639,2021,2021-06-30,learned_market,20260912,0.5619612213154432,0.5619612213154432,1,1
fixed_transform_remove_only,2563,2021-08-13,2021-08-23,-0.032048736608373,2021,2021-06-30,learned_market,20260912,0.8039136056438129,0.8039136056438129,1,0
fixed_transform_remove_only,2568,2021-08-20,2021-08-30,0.0145047962107527,2021,2021-06-30,learned_market,20260912,0.6596140727982143,0.6596140727982143,1,1
fixed_transform_remove_only,2573,2021-08-27,2021-09-06,-0.0012316820816045,2021,2021-06-30,learned_market,20260912,0.6037964906056064,0.6037964906056064,1,0
fixed_transform_remove_only,2578,2021-09-03,2021-09-13,0.0342301066295398,2021,2021-06-30,learned_market,20260912,0.5297295065258907,0.5297295065258907,1,1
fixed_transform_remove_only,2583,2021-09-10,2021-09-22,-0.0471441667981554,2021,2021-06-30,learned_market,20260912,0.5367680578459713,0.5367680578459713,1,0
fixed_transform_remove_only,2588,2021-09-17,2021-09-28,0.0209863060789441,2021,2021-06-30,learned_market,20260912,0.4493593621025565,0.4493593621025565,0,1
fixed_transform_remove_only,2591,2021-09-24,2021-10-11,0.0144615416200457,2021,2021-06-30,learned_market,20260912,0.35375950588560084,0.35375950588560084,0,1
fixed_transform_remove_only,2533,2021-07-02,2021-07-12,0.0068193733271841,2021,2021-06-30,learned_vol_interaction,20260912,0.5456363433080124,0.5456363433080124,1,1
fixed_transform_remove_only,2538,2021-07-09,2021-07-19,-0.0048254045313779,2021,2021-06-30,learned_vol_interaction,20260912,0.6629953617782793,0.6629953617782793,1,0
fixed_transform_remove_only,2543,2021-07-16,2021-07-26,-0.0032299118953994,2021,2021-06-30,learned_vol_interaction,20260912,0.5079449677986346,0.5079449677986346,1,0
fixed_transform_remove_only,2548,2021-07-23,2021-08-02,-0.0537740931579083,2021,2021-06-30,learned_vol_interaction,20260912,0.6819832665742757,0.6819832665742757,1,0
fixed_transform_remove_only,2553,2021-07-30,2021-08-09,0.019904813945049,2021,2021-06-30,learned_vol_interaction,20260912,0.6219708583837401,0.6219708583837401,1,1
fixed_transform_remove_only,2558,2021-08-06,2021-08-16,0.0093369268709639,2021,2021-06-30,learned_vol_interaction,20260912,0.566547198033075,0.566547198033075,1,1
fixed_transform_remove_only,2563,2021-08-13,2021-08-23,-0.032048736608373,2021,2021-06-30,learned_vol_interaction,20260912,0.8253109833402551,0.8253109833402551,1,0
fixed_transform_remove_only,2568,2021-08-20,2021-08-30,0.0145047962107527,2021,2021-06-30,learned_vol_interaction,20260912,0.6683860647868808,0.6683860647868808,1,1
fixed_transform_remove_only,2573,2021-08-27,2021-09-06,-0.0012316820816045,2021,2021-06-30,learned_vol_interaction,20260912,0.6055593184343666,0.6055593184343666,1,0
fixed_transform_remove_only,2578,2021-09-03,2021-09-13,0.0342301066295398,2021,2021-06-30,learned_vol_interaction,20260912,0.5338963169416596,0.5338963169416596,1,1
fixed_transform_remove_only,2583,2021-09-10,2021-09-22,-0.0471441667981554,2021,2021-06-30,learned_vol_interaction,20260912,0.538785772328129,0.538785772328129,1,0
fixed_transform_remove_only,2588,2021-09-17,2021-09-28,0.0209863060789441,2021,2021-06-30,learned_vol_interaction,20260912,0.44781687824410077,0.44781687824410077,0,1
fixed_transform_remove_only,2591,2021-09-24,2021-10-11,0.0144615416200457,2021,2021-06-30,learned_vol_interaction,20260912,0.35708581070557294,0.35708581070557294,0,1
fixed_transform_remove_only,2533,2021-07-02,2021-07-12,0.0068193733271841,2021,2021-06-30,learned_order_extension,20260912,0.5323317651576687,0.5323317651576687,1,1
fixed_transform_remove_only,2538,2021-07-09,2021-07-19,-0.0048254045313779,2021,2021-06-30,learned_order_extension,20260912,0.6721271193862925,0.6721271193862925,1,0
fixed_transform_remove_only,2543,2021-07-16,2021-07-26,-0.0032299118953994,2021,2021-06-30,learned_order_extension,20260912,0.4761069241809854,0.4761069241809854,0,0
fixed_transform_remove_only,2548,2021-07-23,2021-08-02,-0.0537740931579083,2021,2021-06-30,learned_order_extension,20260912,0.679101318141586,0.679101318141586,1,0
fixed_transform_remove_only,2553,2021-07-30,2021-08-09,0.019904813945049,2021,2021-06-30,learned_order_extension,20260912,0.6042990383917639,0.6042990383917639,1,1
fixed_transform_remove_only,2558,2021-08-06,2021-08-16,0.0093369268709639,2021,2021-06-30,learned_order_extension,20260912,0.5521648029419536,0.5521648029419536,1,1
fixed_transform_remove_only,2563,2021-08-13,2021-08-23,-0.032048736608373,2021,2021-06-30,learned_order_extension,20260912,0.8314540568095489,0.8314540568095489,1,0
fixed_transform_remove_only,2568,2021-08-20,2021-08-30,0.0145047962107527,2021,2021-06-30,learned_order_extension,20260912,0.6653028417462811,0.6653028417462811,1,1
fixed_transform_remove_only,2573,2021-08-27,2021-09-06,-0.0012316820816045,2021,2021-06-30,learned_order_extension,20260912,0.5980855284253105,0.5980855284253105,1,0
fixed_transform_remove_only,2578,2021-09-03,2021-09-13,0.0342301066295398,2021,2021-06-30,learned_order_extension,20260912,0.5210203083462774,0.5210203083462774,1,1
fixed_transform_remove_only,2583,2021-09-10,2021-09-22,-0.0471441667981554,2021,2021-06-30,learned_order_extension,20260912,0.5345193182357642,0.5345193182357642,1,0
fixed_transform_remove_only,2588,2021-09-17,2021-09-28,0.0209863060789441,2021,2021-06-30,learned_order_extension,20260912,0.4241592062297141,0.4241592062297141,0,1
fixed_transform_remove_only,2591,2021-09-24,2021-10-11,0.0144615416200457,2021,2021-06-30,learned_order_extension,20260912,0.3088580247049145,0.3088580247049145,0,1
fixed_transform_remove_only,2533,2021-07-02,2021-07-12,0.0068193733271841,2021,2021-06-30,learned_order_offset,20260912,0.5362535944796298,0.5362535944796298,1,1
fixed_transform_remove_only,2538,2021-07-09,2021-07-19,-0.0048254045313779,2021,2021-06-30,learned_order_offset,20260912,0.670329745697698,0.670329745697698,1,0
fixed_transform_remove_only,2543,2021-07-16,2021-07-26,-0.0032299118953994,2021,2021-06-30,learned_order_offset,20260912,0.478707155272824,0.478707155272824,0,0
fixed_transform_remove_only,2548,2021-07-23,2021-08-02,-0.0537740931579083,2021,2021-06-30,learned_order_offset,20260912,0.6762352054701699,0.6762352054701699,1,0
fixed_transform_remove_only,2553,2021-07-30,2021-08-09,0.019904813945049,2021,2021-06-30,learned_order_offset,20260912,0.6030089503689291,0.6030089503689291,1,1
fixed_transform_remove_only,2558,2021-08-06,2021-08-16,0.0093369268709639,2021,2021-06-30,learned_order_offset,20260912,0.5520965540244144,0.5520965540244144,1,1
fixed_transform_remove_only,2563,2021-08-13,2021-08-23,-0.032048736608373,2021,2021-06-30,learned_order_offset,20260912,0.8238913383698963,0.8238913383698963,1,0
fixed_transform_remove_only,2568,2021-08-20,2021-08-30,0.0145047962107527,2021,2021-06-30,learned_order_offset,20260912,0.6657690616162332,0.6657690616162332,1,1
fixed_transform_remove_only,2573,2021-08-27,2021-09-06,-0.0012316820816045,2021,2021-06-30,learned_order_offset,20260912,0.5993353839942077,0.5993353839942077,1,0
fixed_transform_remove_only,2578,2021-09-03,2021-09-13,0.0342301066295398,2021,2021-06-30,learned_order_offset,20260912,0.5237179467038343,0.5237179467038343,1,1
fixed_transform_remove_only,2583,2021-09-10,2021-09-22,-0.0471441667981554,2021,2021-06-30,learned_order_offset,20260912,0.5365990559375223,0.5365990559375223,1,0
fixed_transform_remove_only,2588,2021-09-17,2021-09-28,0.0209863060789441,2021,2021-06-30,learned_order_offset,20260912,0.4300129836818828,0.4300129836818828,0,1
fixed_transform_remove_only,2591,2021-09-24,2021-10-11,0.0144615416200457,2021,2021-06-30,learned_order_offset,20260912,0.3182766517058222,0.3182766517058222,0,1
fixed_transform_remove_only,2533,2021-07-02,2021-07-12,0.0068193733271841,2021,2021-06-30,training_frequency,-1,0.5595238095238095,0.5595238095238095,1,1
fixed_transform_remove_only,2538,2021-07-09,2021-07-19,-0.0048254045313779,2021,2021-06-30,training_frequency,-1,0.5595238095238095,0.5595238095238095,1,0
fixed_transform_remove_only,2543,2021-07-16,2021-07-26,-0.0032299118953994,2021,2021-06-30,training_frequency,-1,0.5595238095238095,0.5595238095238095,1,0
fixed_transform_remove_only,2548,2021-07-23,2021-08-02,-0.0537740931579083,2021,2021-06-30,training_frequency,-1,0.5595238095238095,0.5595238095238095,1,0
fixed_transform_remove_only,2553,2021-07-30,2021-08-09,0.019904813945049,2021,2021-06-30,training_frequency,-1,0.5595238095238095,0.5595238095238095,1,1
fixed_transform_remove_only,2558,2021-08-06,2021-08-16,0.0093369268709639,2021,2021-06-30,training_frequency,-1,0.5595238095238095,0.5595238095238095,1,1
fixed_transform_remove_only,2563,2021-08-13,2021-08-23,-0.032048736608373,2021,2021-06-30,training_frequency,-1,0.5595238095238095,0.5595238095238095,1,0
fixed_transform_remove_only,2568,2021-08-20,2021-08-30,0.0145047962107527,2021,2021-06-30,training_frequency,-1,0.5595238095238095,0.5595238095238095,1,1
fixed_transform_remove_only,2573,2021-08-27,2021-09-06,-0.0012316820816045,2021,2021-06-30,training_frequency,-1,0.5595238095238095,0.5595238095238095,1,0
fixed_transform_remove_only,2578,2021-09-03,2021-09-13,0.0342301066295398,2021,2021-06-30,training_frequency,-1,0.5595238095238095,0.5595238095238095,1,1
fixed_transform_remove_only,2583,2021-09-10,2021-09-22,-0.0471441667981554,2021,2021-06-30,training_frequency,-1,0.5595238095238095,0.5595238095238095,1,0
fixed_transform_remove_only,2588,2021-09-17,2021-09-28,0.0209863060789441,2021,2021-06-30,training_frequency,-1,0.5595238095238095,0.5595238095238095,1,1
fixed_transform_remove_only,2591,2021-09-24,2021-10-11,0.0144615416200457,2021,2021-06-30,training_frequency,-1,0.5595238095238095,0.5595238095238095,1,1
fixed_transform_remove_only,2596,2021-10-08,2021-10-18,-0.0038006269617851,2021,2021-09-30,learned_market,20260910,0.6718250444992874,0.6718250444992874,1,0
fixed_transform_remove_only,2601,2021-10-15,2021-10-25,0.0037358989621147,2021,2021-09-30,learned_market,20260910,0.6764336831101941,0.6764336831101941,1,1
fixed_transform_remove_only,2606,2021-10-22,2021-11-01,-0.0127041632091318,2021,2021-09-30,learned_market,20260910,0.5626384629870158,0.5626384629870158,1,0
fixed_transform_remove_only,2611,2021-10-29,2021-11-08,-0.0075807737801166,2021,2021-09-30,learned_market,20260910,0.583683937335014,0.583683937335014,1,0
fixed_transform_remove_only,2616,2021-11-05,2021-11-15,0.0110015182343039,2021,2021-09-30,learned_market,20260910,0.6474680928191809,0.6474680928191809,1,1
fixed_transform_remove_only,2621,2021-11-12,2021-11-22,0.0002002284238551,2021,2021-09-30,learned_market,20260910,0.7296644147899141,0.7296644147899141,1,1
fixed_transform_remove_only,2626,2021-11-19,2021-11-29,-0.0153981603100059,2021,2021-09-30,learned_market,20260910,0.7939071007559688,0.7939071007559688,1,0
fixed_transform_remove_only,2631,2021-11-26,2021-12-06,0.0185518287306458,2021,2021-09-30,learned_market,20260910,0.672933895012168,0.672933895012168,1,1
fixed_transform_remove_only,2636,2021-12-03,2021-12-13,0.0367843110096284,2021,2021-09-30,learned_market,20260910,0.6803713024711492,0.6803713024711492,1,1
fixed_transform_remove_only,2641,2021-12-10,2021-12-20,-0.0304615698955996,2021,2021-09-30,learned_market,20260910,0.6080269659975394,0.6080269659975394,1,0
fixed_transform_remove_only,2646,2021-12-17,2021-12-27,-0.0034083287233763,2021,2021-09-30,learned_market,20260910,0.7185040590144058,0.7185040590144058,1,0
fixed_transform_remove_only,2651,2021-12-24,2022-01-04,0.0080985736506613,2021,2021-09-30,learned_market,20260910,0.772521648266392,0.772521648266392,1,1
fixed_transform_remove_only,2656,2021-12-31,2022-01-10,-0.0293970528320001,2021,2021-09-30,learned_market,20260910,0.7372065476664659,0.7372065476664659,1,0
fixed_transform_remove_only,2596,2021-10-08,2021-10-18,-0.0038006269617851,2021,2021-09-30,learned_vol_interaction,20260910,0.7133536778021987,0.7133536778021987,1,0
fixed_transform_remove_only,2601,2021-10-15,2021-10-25,0.0037358989621147,2021,2021-09-30,learned_vol_interaction,20260910,0.7460088618134605,0.7460088618134605,1,1
fixed_transform_remove_only,2606,2021-10-22,2021-11-01,-0.0127041632091318,2021,2021-09-30,learned_vol_interaction,20260910,0.5807039493609417,0.5807039493609417,1,0
fixed_transform_remove_only,2611,2021-10-29,2021-11-08,-0.0075807737801166,2021,2021-09-30,learned_vol_interaction,20260910,0.6345201406897296,0.6345201406897296,1,0
fixed_transform_remove_only,2616,2021-11-05,2021-11-15,0.0110015182343039,2021,2021-09-30,learned_vol_interaction,20260910,0.7349202738985123,0.7349202738985123,1,1
fixed_transform_remove_only,2621,2021-11-12,2021-11-22,0.0002002284238551,2021,2021-09-30,learned_vol_interaction,20260910,0.7931593738505488,0.7931593738505488,1,1
fixed_transform_remove_only,2626,2021-11-19,2021-11-29,-0.0153981603100059,2021,2021-09-30,learned_vol_interaction,20260910,0.8715972402576561,0.8715972402576561,1,0
fixed_transform_remove_only,2631,2021-11-26,2021-12-06,0.0185518287306458,2021,2021-09-30,learned_vol_interaction,20260910,0.7842258218898239,0.7842258218898239,1,1
fixed_transform_remove_only,2636,2021-12-03,2021-12-13,0.0367843110096284,2021,2021-09-30,learned_vol_interaction,20260910,0.7631986337952863,0.7631986337952863,1,1
fixed_transform_remove_only,2641,2021-12-10,2021-12-20,-0.0304615698955996,2021,2021-09-30,learned_vol_interaction,20260910,0.6673587147176379,0.6673587147176379,1,0
fixed_transform_remove_only,2646,2021-12-17,2021-12-27,-0.0034083287233763,2021,2021-09-30,learned_vol_interaction,20260910,0.7742141021736887,0.7742141021736887,1,0
fixed_transform_remove_only,2651,2021-12-24,2022-01-04,0.0080985736506613,2021,2021-09-30,learned_vol_interaction,20260910,0.8323662301600973,0.8323662301600973,1,1
fixed_transform_remove_only,2656,2021-12-31,2022-01-10,-0.0293970528320001,2021,2021-09-30,learned_vol_interaction,20260910,0.7847254779856145,0.7847254779856145,1,0
fixed_transform_remove_only,2596,2021-10-08,2021-10-18,-0.0038006269617851,2021,2021-09-30,learned_order_extension,20260910,0.7244715855024259,0.7244715855024259,1,0
fixed_transform_remove_only,2601,2021-10-15,2021-10-25,0.0037358989621147,2021,2021-09-30,learned_order_extension,20260910,0.7555558892645303,0.7555558892645303,1,1
fixed_transform_remove_only,2606,2021-10-22,2021-11-01,-0.0127041632091318,2021,2021-09-30,learned_order_extension,20260910,0.5746940029227283,0.5746940029227283,1,0
fixed_transform_remove_only,2611,2021-10-29,2021-11-08,-0.0075807737801166,2021,2021-09-30,learned_order_extension,20260910,0.6336507175754003,0.6336507175754003,1,0
fixed_transform_remove_only,2616,2021-11-05,2021-11-15,0.0110015182343039,2021,2021-09-30,learned_order_extension,20260910,0.7430129125540783,0.7430129125540783,1,1
fixed_transform_remove_only,2621,2021-11-12,2021-11-22,0.0002002284238551,2021,2021-09-30,learned_order_extension,20260910,0.8195740851166892,0.8195740851166892,1,1
fixed_transform_remove_only,2626,2021-11-19,2021-11-29,-0.0153981603100059,2021,2021-09-30,learned_order_extension,20260910,0.8963515073018125,0.8963515073018125,1,0
fixed_transform_remove_only,2631,2021-11-26,2021-12-06,0.0185518287306458,2021,2021-09-30,learned_order_extension,20260910,0.7983226889898866,0.7983226889898866,1,1
fixed_transform_remove_only,2636,2021-12-03,2021-12-13,0.0367843110096284,2021,2021-09-30,learned_order_extension,20260910,0.7734720166508431,0.7734720166508431,1,1
fixed_transform_remove_only,2641,2021-12-10,2021-12-20,-0.0304615698955996,2021,2021-09-30,learned_order_extension,20260910,0.6749183437541186,0.6749183437541186,1,0
fixed_transform_remove_only,2646,2021-12-17,2021-12-27,-0.0034083287233763,2021,2021-09-30,learned_order_extension,20260910,0.7988351607848061,0.7988351607848061,1,0
fixed_transform_remove_only,2651,2021-12-24,2022-01-04,0.0080985736506613,2021,2021-09-30,learned_order_extension,20260910,0.8471260327009307,0.8471260327009307,1,1
fixed_transform_remove_only,2656,2021-12-31,2022-01-10,-0.0293970528320001,2021,2021-09-30,learned_order_extension,20260910,0.8038012717061885,0.8038012717061885,1,0
fixed_transform_remove_only,2596,2021-10-08,2021-10-18,-0.0038006269617851,2021,2021-09-30,learned_order_offset,20260910,0.7245122921780747,0.7245122921780747,1,0
fixed_transform_remove_only,2601,2021-10-15,2021-10-25,0.0037358989621147,2021,2021-09-30,learned_order_offset,20260910,0.7568717622619601,0.7568717622619601,1,1
fixed_transform_remove_only,2606,2021-10-22,2021-11-01,-0.0127041632091318,2021,2021-09-30,learned_order_offset,20260910,0.5775750588660664,0.5775750588660664,1,0
fixed_transform_remove_only,2611,2021-10-29,2021-11-08,-0.0075807737801166,2021,2021-09-30,learned_order_offset,20260910,0.6378198862195932,0.6378198862195932,1,0
fixed_transform_remove_only,2616,2021-11-05,2021-11-15,0.0110015182343039,2021,2021-09-30,learned_order_offset,20260910,0.7456958756282216,0.7456958756282216,1,1
fixed_transform_remove_only,2621,2021-11-12,2021-11-22,0.0002002284238551,2021,2021-09-30,learned_order_offset,20260910,0.8184513669869637,0.8184513669869637,1,1
fixed_transform_remove_only,2626,2021-11-19,2021-11-29,-0.0153981603100059,2021,2021-09-30,learned_order_offset,20260910,0.895200818239998,0.895200818239998,1,0
fixed_transform_remove_only,2631,2021-11-26,2021-12-06,0.0185518287306458,2021,2021-09-30,learned_order_offset,20260910,0.8000846529637902,0.8000846529637902,1,1
fixed_transform_remove_only,2636,2021-12-03,2021-12-13,0.0367843110096284,2021,2021-09-30,learned_order_offset,20260910,0.7746213074354463,0.7746213074354463,1,1
fixed_transform_remove_only,2641,2021-12-10,2021-12-20,-0.0304615698955996,2021,2021-09-30,learned_order_offset,20260910,0.6760533406804526,0.6760533406804526,1,0
fixed_transform_remove_only,2646,2021-12-17,2021-12-27,-0.0034083287233763,2021,2021-09-30,learned_order_offset,20260910,0.7968964919997759,0.7968964919997759,1,0
fixed_transform_remove_only,2651,2021-12-24,2022-01-04,0.0080985736506613,2021,2021-09-30,learned_order_offset,20260910,0.8463238865587337,0.8463238865587337,1,1
fixed_transform_remove_only,2656,2021-12-31,2022-01-10,-0.0293970528320001,2021,2021-09-30,learned_order_offset,20260910,0.802375541129127,0.802375541129127,1,0
fixed_transform_remove_only,2596,2021-10-08,2021-10-18,-0.0038006269617851,2021,2021-09-30,learned_market,20260911,0.8469393586336216,0.8469393586336216,1,0
fixed_transform_remove_only,2601,2021-10-15,2021-10-25,0.0037358989621147,2021,2021-09-30,learned_market,20260911,0.7668992837841597,0.7668992837841597,1,1
fixed_transform_remove_only,2606,2021-10-22,2021-11-01,-0.0127041632091318,2021,2021-09-30,learned_market,20260911,0.5729038570977848,0.5729038570977848,1,0
fixed_transform_remove_only,2611,2021-10-29,2021-11-08,-0.0075807737801166,2021,2021-09-30,learned_market,20260911,0.827682742933163,0.827682742933163,1,0
fixed_transform_remove_only,2616,2021-11-05,2021-11-15,0.0110015182343039,2021,2021-09-30,learned_market,20260911,0.726508809364111,0.726508809364111,1,1
fixed_transform_remove_only,2621,2021-11-12,2021-11-22,0.0002002284238551,2021,2021-09-30,learned_market,20260911,0.8042715984421992,0.8042715984421992,1,1
fixed_transform_remove_only,2626,2021-11-19,2021-11-29,-0.0153981603100059,2021,2021-09-30,learned_market,20260911,0.7056560640101752,0.7056560640101752,1,0
fixed_transform_remove_only,2631,2021-11-26,2021-12-06,0.0185518287306458,2021,2021-09-30,learned_market,20260911,0.8311033744182025,0.8311033744182025,1,1
fixed_transform_remove_only,2636,2021-12-03,2021-12-13,0.0367843110096284,2021,2021-09-30,learned_market,20260911,0.6502615550301921,0.6502615550301921,1,1
fixed_transform_remove_only,2641,2021-12-10,2021-12-20,-0.0304615698955996,2021,2021-09-30,learned_market,20260911,0.6668507398653034,0.6668507398653034,1,0
fixed_transform_remove_only,2646,2021-12-17,2021-12-27,-0.0034083287233763,2021,2021-09-30,learned_market,20260911,0.8041462652616403,0.8041462652616403,1,0
fixed_transform_remove_only,2651,2021-12-24,2022-01-04,0.0080985736506613,2021,2021-09-30,learned_market,20260911,0.6210206214612699,0.6210206214612699,1,1
fixed_transform_remove_only,2656,2021-12-31,2022-01-10,-0.0293970528320001,2021,2021-09-30,learned_market,20260911,0.7985950712855208,0.7985950712855208,1,0
fixed_transform_remove_only,2596,2021-10-08,2021-10-18,-0.0038006269617851,2021,2021-09-30,learned_vol_interaction,20260911,0.846960473514546,0.846960473514546,1,0
fixed_transform_remove_only,2601,2021-10-15,2021-10-25,0.0037358989621147,2021,2021-09-30,learned_vol_interaction,20260911,0.7669181558066593,0.7669181558066593,1,1
fixed_transform_remove_only,2606,2021-10-22,2021-11-01,-0.0127041632091318,2021,2021-09-30,learned_vol_interaction,20260911,0.5729092016286181,0.5729092016286181,1,0
fixed_transform_remove_only,2611,2021-10-29,2021-11-08,-0.0075807737801166,2021,2021-09-30,learned_vol_interaction,20260911,0.8277210117709565,0.8277210117709565,1,0
fixed_transform_remove_only,2616,2021-11-05,2021-11-15,0.0110015182343039,2021,2021-09-30,learned_vol_interaction,20260911,0.7265410158546473,0.7265410158546473,1,1
fixed_transform_remove_only,2621,2021-11-12,2021-11-22,0.0002002284238551,2021,2021-09-30,learned_vol_interaction,20260911,0.8043024678808176,0.8043024678808176,1,1
fixed_transform_remove_only,2626,2021-11-19,2021-11-29,-0.0153981603100059,2021,2021-09-30,learned_vol_interaction,20260911,0.7056483997817582,0.7056483997817582,1,0
fixed_transform_remove_only,2631,2021-11-26,2021-12-06,0.0185518287306458,2021,2021-09-30,learned_vol_interaction,20260911,0.8311584559167886,0.8311584559167886,1,1
fixed_transform_remove_only,2636,2021-12-03,2021-12-13,0.0367843110096284,2021,2021-09-30,learned_vol_interaction,20260911,0.6503125407098249,0.6503125407098249,1,1
fixed_transform_remove_only,2641,2021-12-10,2021-12-20,-0.0304615698955996,2021,2021-09-30,learned_vol_interaction,20260911,0.6668968154548545,0.6668968154548545,1,0
fixed_transform_remove_only,2646,2021-12-17,2021-12-27,-0.0034083287233763,2021,2021-09-30,learned_vol_interaction,20260911,0.8041860113837372,0.8041860113837372,1,0
fixed_transform_remove_only,2651,2021-12-24,2022-01-04,0.0080985736506613,2021,2021-09-30,learned_vol_interaction,20260911,0.621032245599197,0.621032245599197,1,1
fixed_transform_remove_only,2656,2021-12-31,2022-01-10,-0.0293970528320001,2021,2021-09-30,learned_vol_interaction,20260911,0.7986242898585273,0.7986242898585273,1,0
fixed_transform_remove_only,2596,2021-10-08,2021-10-18,-0.0038006269617851,2021,2021-09-30,learned_order_extension,20260911,0.9062843815469208,0.9062843815469208,1,0
fixed_transform_remove_only,2601,2021-10-15,2021-10-25,0.0037358989621147,2021,2021-09-30,learned_order_extension,20260911,0.8371570889515645,0.8371570889515645,1,1
fixed_transform_remove_only,2606,2021-10-22,2021-11-01,-0.0127041632091318,2021,2021-09-30,learned_order_extension,20260911,0.5884119305073985,0.5884119305073985,1,0
fixed_transform_remove_only,2611,2021-10-29,2021-11-08,-0.0075807737801166,2021,2021-09-30,learned_order_extension,20260911,0.9017905456542709,0.9017905456542709,1,0
fixed_transform_remove_only,2616,2021-11-05,2021-11-15,0.0110015182343039,2021,2021-09-30,learned_order_extension,20260911,0.7977112476889133,0.7977112476889133,1,1
fixed_transform_remove_only,2621,2021-11-12,2021-11-22,0.0002002284238551,2021,2021-09-30,learned_order_extension,20260911,0.9047892244406687,0.9047892244406687,1,1
fixed_transform_remove_only,2626,2021-11-19,2021-11-29,-0.0153981603100059,2021,2021-09-30,learned_order_extension,20260911,0.7941263458880571,0.7941263458880571,1,0
fixed_transform_remove_only,2631,2021-11-26,2021-12-06,0.0185518287306458,2021,2021-09-30,learned_order_extension,20260911,0.9168900172843061,0.9168900172843061,1,1
fixed_transform_remove_only,2636,2021-12-03,2021-12-13,0.0367843110096284,2021,2021-09-30,learned_order_extension,20260911,0.6780119612064351,0.6780119612064351,1,1
fixed_transform_remove_only,2641,2021-12-10,2021-12-20,-0.0304615698955996,2021,2021-09-30,learned_order_extension,20260911,0.7098515372577698,0.7098515372577698,1,0
fixed_transform_remove_only,2646,2021-12-17,2021-12-27,-0.0034083287233763,2021,2021-09-30,learned_order_extension,20260911,0.894197416513811,0.894197416513811,1,0
fixed_transform_remove_only,2651,2021-12-24,2022-01-04,0.0080985736506613,2021,2021-09-30,learned_order_extension,20260911,0.6405551666714902,0.6405551666714902,1,1
fixed_transform_remove_only,2656,2021-12-31,2022-01-10,-0.0293970528320001,2021,2021-09-30,learned_order_extension,20260911,0.8609963640946912,0.8609963640946912,1,0
fixed_transform_remove_only,2596,2021-10-08,2021-10-18,-0.0038006269617851,2021,2021-09-30,learned_order_offset,20260911,0.9022892582370802,0.9022892582370802,1,0
fixed_transform_remove_only,2601,2021-10-15,2021-10-25,0.0037358989621147,2021,2021-09-30,learned_order_offset,20260911,0.8359418038703504,0.8359418038703504,1,1
fixed_transform_remove_only,2606,2021-10-22,2021-11-01,-0.0127041632091318,2021,2021-09-30,learned_order_offset,20260911,0.592613123003281,0.592613123003281,1,0
fixed_transform_remove_only,2611,2021-10-29,2021-11-08,-0.0075807737801166,2021,2021-09-30,learned_order_offset,20260911,0.8998181153181695,0.8998181153181695,1,0
fixed_transform_remove_only,2616,2021-11-05,2021-11-15,0.0110015182343039,2021,2021-09-30,learned_order_offset,20260911,0.7928430867647474,0.7928430867647474,1,1
fixed_transform_remove_only,2621,2021-11-12,2021-11-22,0.0002002284238551,2021,2021-09-30,learned_order_offset,20260911,0.8979754894567745,0.8979754894567745,1,1
fixed_transform_remove_only,2626,2021-11-19,2021-11-29,-0.0153981603100059,2021,2021-09-30,learned_order_offset,20260911,0.7865166891813776,0.7865166891813776,1,0
fixed_transform_remove_only,2631,2021-11-26,2021-12-06,0.0185518287306458,2021,2021-09-30,learned_order_offset,20260911,0.9129487694767042,0.9129487694767042,1,1
fixed_transform_remove_only,2636,2021-12-03,2021-12-13,0.0367843110096284,2021,2021-09-30,learned_order_offset,20260911,0.6843798689751409,0.6843798689751409,1,1
fixed_transform_remove_only,2641,2021-12-10,2021-12-20,-0.0304615698955996,2021,2021-09-30,learned_order_offset,20260911,0.7103724729107819,0.7103724729107819,1,0
fixed_transform_remove_only,2646,2021-12-17,2021-12-27,-0.0034083287233763,2021,2021-09-30,learned_order_offset,20260911,0.8874680640301926,0.8874680640301926,1,0
fixed_transform_remove_only,2651,2021-12-24,2022-01-04,0.0080985736506613,2021,2021-09-30,learned_order_offset,20260911,0.6337044967677742,0.6337044967677742,1,1
fixed_transform_remove_only,2656,2021-12-31,2022-01-10,-0.0293970528320001,2021,2021-09-30,learned_order_offset,20260911,0.8545432200163342,0.8545432200163342,1,0
fixed_transform_remove_only,2596,2021-10-08,2021-10-18,-0.0038006269617851,2021,2021-09-30,learned_market,20260912,0.6662659657142134,0.6662659657142134,1,0
fixed_transform_remove_only,2601,2021-10-15,2021-10-25,0.0037358989621147,2021,2021-09-30,learned_market,20260912,0.44979880642901654,0.44979880642901654,0,1
fixed_transform_remove_only,2606,2021-10-22,2021-11-01,-0.0127041632091318,2021,2021-09-30,learned_market,20260912,0.6067037330939739,0.6067037330939739,1,0
fixed_transform_remove_only,2611,2021-10-29,2021-11-08,-0.0075807737801166,2021,2021-09-30,learned_market,20260912,0.423591648281666,0.423591648281666,0,0
fixed_transform_remove_only,2616,2021-11-05,2021-11-15,0.0110015182343039,2021,2021-09-30,learned_market,20260912,0.5168491836759502,0.5168491836759502,1,1
fixed_transform_remove_only,2621,2021-11-12,2021-11-22,0.0002002284238551,2021,2021-09-30,learned_market,20260912,0.6121306462211452,0.6121306462211452,1,1
fixed_transform_remove_only,2626,2021-11-19,2021-11-29,-0.0153981603100059,2021,2021-09-30,learned_market,20260912,0.6869672506941601,0.6869672506941601,1,0
fixed_transform_remove_only,2631,2021-11-26,2021-12-06,0.0185518287306458,2021,2021-09-30,learned_market,20260912,0.44755092721851186,0.44755092721851186,0,1
fixed_transform_remove_only,2636,2021-12-03,2021-12-13,0.0367843110096284,2021,2021-09-30,learned_market,20260912,0.44852901962962255,0.44852901962962255,0,1
fixed_transform_remove_only,2641,2021-12-10,2021-12-20,-0.0304615698955996,2021,2021-09-30,learned_market,20260912,0.6215290728915869,0.6215290728915869,1,0
fixed_transform_remove_only,2646,2021-12-17,2021-12-27,-0.0034083287233763,2021,2021-09-30,learned_market,20260912,0.5602951324675008,0.5602951324675008,1,0
fixed_transform_remove_only,2651,2021-12-24,2022-01-04,0.0080985736506613,2021,2021-09-30,learned_market,20260912,0.5366246234363572,0.5366246234363572,1,1
fixed_transform_remove_only,2656,2021-12-31,2022-01-10,-0.0293970528320001,2021,2021-09-30,learned_market,20260912,0.7217313216526343,0.7217313216526343,1,0
fixed_transform_remove_only,2596,2021-10-08,2021-10-18,-0.0038006269617851,2021,2021-09-30,learned_vol_interaction,20260912,0.6647588649409022,0.6647588649409022,1,0
fixed_transform_remove_only,2601,2021-10-15,2021-10-25,0.0037358989621147,2021,2021-09-30,learned_vol_interaction,20260912,0.4521015115858681,0.4521015115858681,0,1
fixed_transform_remove_only,2606,2021-10-22,2021-11-01,-0.0127041632091318,2021,2021-09-30,learned_vol_interaction,20260912,0.6037262779398099,0.6037262779398099,1,0
fixed_transform_remove_only,2611,2021-10-29,2021-11-08,-0.0075807737801166,2021,2021-09-30,learned_vol_interaction,20260912,0.4292193000688366,0.4292193000688366,0,0
fixed_transform_remove_only,2616,2021-11-05,2021-11-15,0.0110015182343039,2021,2021-09-30,learned_vol_interaction,20260912,0.5275827988721261,0.5275827988721261,1,1
fixed_transform_remove_only,2621,2021-11-12,2021-11-22,0.0002002284238551,2021,2021-09-30,learned_vol_interaction,20260912,0.6119991773687707,0.6119991773687707,1,1
fixed_transform_remove_only,2626,2021-11-19,2021-11-29,-0.0153981603100059,2021,2021-09-30,learned_vol_interaction,20260912,0.6871197692929357,0.6871197692929357,1,0
fixed_transform_remove_only,2631,2021-11-26,2021-12-06,0.0185518287306458,2021,2021-09-30,learned_vol_interaction,20260912,0.4593410101165928,0.4593410101165928,0,1
fixed_transform_remove_only,2636,2021-12-03,2021-12-13,0.0367843110096284,2021,2021-09-30,learned_vol_interaction,20260912,0.4676015278125508,0.4676015278125508,0,1
fixed_transform_remove_only,2641,2021-12-10,2021-12-20,-0.0304615698955996,2021,2021-09-30,learned_vol_interaction,20260912,0.6237698344166298,0.6237698344166298,1,0
fixed_transform_remove_only,2646,2021-12-17,2021-12-27,-0.0034083287233763,2021,2021-09-30,learned_vol_interaction,20260912,0.5629830860187268,0.5629830860187268,1,0
fixed_transform_remove_only,2651,2021-12-24,2022-01-04,0.0080985736506613,2021,2021-09-30,learned_vol_interaction,20260912,0.5460938679911385,0.5460938679911385,1,1
fixed_transform_remove_only,2656,2021-12-31,2022-01-10,-0.0293970528320001,2021,2021-09-30,learned_vol_interaction,20260912,0.7257514300024598,0.7257514300024598,1,0
fixed_transform_remove_only,2596,2021-10-08,2021-10-18,-0.0038006269617851,2021,2021-09-30,learned_order_extension,20260912,0.6652848654810363,0.6652848654810363,1,0
fixed_transform_remove_only,2601,2021-10-15,2021-10-25,0.0037358989621147,2021,2021-09-30,learned_order_extension,20260912,0.45021376293464305,0.45021376293464305,0,1
fixed_transform_remove_only,2606,2021-10-22,2021-11-01,-0.0127041632091318,2021,2021-09-30,learned_order_extension,20260912,0.6034055990739616,0.6034055990739616,1,0
fixed_transform_remove_only,2611,2021-10-29,2021-11-08,-0.0075807737801166,2021,2021-09-30,learned_order_extension,20260912,0.42736056520383947,0.42736056520383947,0,0
fixed_transform_remove_only,2616,2021-11-05,2021-11-15,0.0110015182343039,2021,2021-09-30,learned_order_extension,20260912,0.5248249897292165,0.5248249897292165,1,1
fixed_transform_remove_only,2621,2021-11-12,2021-11-22,0.0002002284238551,2021,2021-09-30,learned_order_extension,20260912,0.6120849834741762,0.6120849834741762,1,1
fixed_transform_remove_only,2626,2021-11-19,2021-11-29,-0.0153981603100059,2021,2021-09-30,learned_order_extension,20260912,0.6887839632646615,0.6887839632646615,1,0
fixed_transform_remove_only,2631,2021-11-26,2021-12-06,0.0185518287306458,2021,2021-09-30,learned_order_extension,20260912,0.453834858038411,0.453834858038411,0,1
fixed_transform_remove_only,2636,2021-12-03,2021-12-13,0.0367843110096284,2021,2021-09-30,learned_order_extension,20260912,0.4645509807336442,0.4645509807336442,0,1
fixed_transform_remove_only,2641,2021-12-10,2021-12-20,-0.0304615698955996,2021,2021-09-30,learned_order_extension,20260912,0.6238735341568267,0.6238735341568267,1,0
fixed_transform_remove_only,2646,2021-12-17,2021-12-27,-0.0034083287233763,2021,2021-09-30,learned_order_extension,20260912,0.5618963707868412,0.5618963707868412,1,0
fixed_transform_remove_only,2651,2021-12-24,2022-01-04,0.0080985736506613,2021,2021-09-30,learned_order_extension,20260912,0.5428523474685228,0.5428523474685228,1,1
fixed_transform_remove_only,2656,2021-12-31,2022-01-10,-0.0293970528320001,2021,2021-09-30,learned_order_extension,20260912,0.7261530580194353,0.7261530580194353,1,0
fixed_transform_remove_only,2596,2021-10-08,2021-10-18,-0.0038006269617851,2021,2021-09-30,learned_order_offset,20260912,0.6656539757062363,0.6656539757062363,1,0
fixed_transform_remove_only,2601,2021-10-15,2021-10-25,0.0037358989621147,2021,2021-09-30,learned_order_offset,20260912,0.4507145112914808,0.4507145112914808,0,1
fixed_transform_remove_only,2606,2021-10-22,2021-11-01,-0.0127041632091318,2021,2021-09-30,learned_order_offset,20260912,0.6037116344247507,0.6037116344247507,1,0
fixed_transform_remove_only,2611,2021-10-29,2021-11-08,-0.0075807737801166,2021,2021-09-30,learned_order_offset,20260912,0.4277551354289849,0.4277551354289849,0,0
fixed_transform_remove_only,2616,2021-11-05,2021-11-15,0.0110015182343039,2021,2021-09-30,learned_order_offset,20260912,0.5250517405519467,0.5250517405519467,1,1
fixed_transform_remove_only,2621,2021-11-12,2021-11-22,0.0002002284238551,2021,2021-09-30,learned_order_offset,20260912,0.6121248477032697,0.6121248477032697,1,1
fixed_transform_remove_only,2626,2021-11-19,2021-11-29,-0.0153981603100059,2021,2021-09-30,learned_order_offset,20260912,0.6886806432622598,0.6886806432622598,1,0
fixed_transform_remove_only,2631,2021-11-26,2021-12-06,0.0185518287306458,2021,2021-09-30,learned_order_offset,20260912,0.454328625358351,0.454328625358351,0,1
fixed_transform_remove_only,2636,2021-12-03,2021-12-13,0.0367843110096284,2021,2021-09-30,learned_order_offset,20260912,0.4645550084788156,0.4645550084788156,0,1
fixed_transform_remove_only,2641,2021-12-10,2021-12-20,-0.0304615698955996,2021,2021-09-30,learned_order_offset,20260912,0.6238663807503113,0.6238663807503113,1,0
fixed_transform_remove_only,2646,2021-12-17,2021-12-27,-0.0034083287233763,2021,2021-09-30,learned_order_offset,20260912,0.5616998510459797,0.5616998510459797,1,0
fixed_transform_remove_only,2651,2021-12-24,2022-01-04,0.0080985736506613,2021,2021-09-30,learned_order_offset,20260912,0.5428132464866674,0.5428132464866674,1,1
fixed_transform_remove_only,2656,2021-12-31,2022-01-10,-0.0293970528320001,2021,2021-09-30,learned_order_offset,20260912,0.7262367539548819,0.7262367539548819,1,0
fixed_transform_remove_only,2596,2021-10-08,2021-10-18,-0.0038006269617851,2021,2021-09-30,training_frequency,-1,0.5632295719844358,0.5632295719844358,1,0
fixed_transform_remove_only,2601,2021-10-15,2021-10-25,0.0037358989621147,2021,2021-09-30,training_frequency,-1,0.5632295719844358,0.5632295719844358,1,1
fixed_transform_remove_only,2606,2021-10-22,2021-11-01,-0.0127041632091318,2021,2021-09-30,training_frequency,-1,0.5632295719844358,0.5632295719844358,1,0
fixed_transform_remove_only,2611,2021-10-29,2021-11-08,-0.0075807737801166,2021,2021-09-30,training_frequency,-1,0.5632295719844358,0.5632295719844358,1,0
fixed_transform_remove_only,2616,2021-11-05,2021-11-15,0.0110015182343039,2021,2021-09-30,training_frequency,-1,0.5632295719844358,0.5632295719844358,1,1
fixed_transform_remove_only,2621,2021-11-12,2021-11-22,0.0002002284238551,2021,2021-09-30,training_frequency,-1,0.5632295719844358,0.5632295719844358,1,1
fixed_transform_remove_only,2626,2021-11-19,2021-11-29,-0.0153981603100059,2021,2021-09-30,training_frequency,-1,0.5632295719844358,0.5632295719844358,1,0
fixed_transform_remove_only,2631,2021-11-26,2021-12-06,0.0185518287306458,2021,2021-09-30,training_frequency,-1,0.5632295719844358,0.5632295719844358,1,1
fixed_transform_remove_only,2636,2021-12-03,2021-12-13,0.0367843110096284,2021,2021-09-30,training_frequency,-1,0.5632295719844358,0.5632295719844358,1,1
fixed_transform_remove_only,2641,2021-12-10,2021-12-20,-0.0304615698955996,2021,2021-09-30,training_frequency,-1,0.5632295719844358,0.5632295719844358,1,0
fixed_transform_remove_only,2646,2021-12-17,2021-12-27,-0.0034083287233763,2021,2021-09-30,training_frequency,-1,0.5632295719844358,0.5632295719844358,1,0
fixed_transform_remove_only,2651,2021-12-24,2022-01-04,0.0080985736506613,2021,2021-09-30,training_frequency,-1,0.5632295719844358,0.5632295719844358,1,1
fixed_transform_remove_only,2656,2021-12-31,2022-01-10,-0.0293970528320001,2021,2021-09-30,training_frequency,-1,0.5632295719844358,0.5632295719844358,1,0
fixed_transform_remove_only,2660,2022-01-07,2022-01-17,-0.0173453887283024,2022,2021-12-31,learned_market,20260910,0.5688001187262542,0.5688001187262542,1,0
fixed_transform_remove_only,2665,2022-01-14,2022-01-24,0.0053248631776616,2022,2021-12-31,learned_market,20260910,0.6536697221556952,0.6536697221556952,1,1
fixed_transform_remove_only,2670,2022-01-21,2022-02-07,-0.0242661876254222,2022,2021-12-31,learned_market,20260910,0.667180452286777,0.667180452286777,1,0
fixed_transform_remove_only,2675,2022-01-28,2022-02-14,-0.0127539031341488,2022,2021-12-31,learned_market,20260910,0.6821990081341186,0.6821990081341186,1,0
fixed_transform_remove_only,2680,2022-02-11,2022-02-21,0.0145498774954033,2022,2021-12-31,learned_market,20260910,0.6685932622029157,0.6685932622029157,1,1
fixed_transform_remove_only,2685,2022-02-18,2022-02-28,-0.0177161244498015,2022,2021-12-31,learned_market,20260910,0.721020181747073,0.721020181747073,1,0
fixed_transform_remove_only,2690,2022-02-25,2022-03-07,-0.0221791776043331,2022,2021-12-31,learned_market,20260910,0.6720256213340763,0.6720256213340763,1,0
fixed_transform_remove_only,2695,2022-03-04,2022-03-14,-0.0480378799422749,2022,2021-12-31,learned_market,20260910,0.6491632424244927,0.6491632424244927,1,0
fixed_transform_remove_only,2700,2022-03-11,2022-03-21,0.007530336734814,2022,2021-12-31,learned_market,20260910,0.7072260560701839,0.7072260560701839,1,1
fixed_transform_remove_only,2705,2022-03-18,2022-03-28,-0.0353493110038457,2022,2021-12-31,learned_market,20260910,0.680562718896786,0.680562718896786,1,0
fixed_transform_remove_only,2710,2022-03-25,2022-04-06,0.0314834190717003,2022,2021-12-31,learned_market,20260910,0.7149297850291989,0.7149297850291989,1,1
fixed_transform_remove_only,2660,2022-01-07,2022-01-17,-0.0173453887283024,2022,2021-12-31,learned_vol_interaction,20260910,0.5831076461801695,0.5831076461801695,1,0
fixed_transform_remove_only,2665,2022-01-14,2022-01-24,0.0053248631776616,2022,2021-12-31,learned_vol_interaction,20260910,0.6744765119030697,0.6744765119030697,1,1
fixed_transform_remove_only,2670,2022-01-21,2022-02-07,-0.0242661876254222,2022,2021-12-31,learned_vol_interaction,20260910,0.6652743592454685,0.6652743592454685,1,0
fixed_transform_remove_only,2675,2022-01-28,2022-02-14,-0.0127539031341488,2022,2021-12-31,learned_vol_interaction,20260910,0.6916788990216658,0.6916788990216658,1,0
fixed_transform_remove_only,2680,2022-02-11,2022-02-21,0.0145498774954033,2022,2021-12-31,learned_vol_interaction,20260910,0.6656475068815167,0.6656475068815167,1,1
fixed_transform_remove_only,2685,2022-02-18,2022-02-28,-0.0177161244498015,2022,2021-12-31,learned_vol_interaction,20260910,0.7192657526415306,0.7192657526415306,1,0
fixed_transform_remove_only,2690,2022-02-25,2022-03-07,-0.0221791776043331,2022,2021-12-31,learned_vol_interaction,20260910,0.665128795190077,0.665128795190077,1,0
fixed_transform_remove_only,2695,2022-03-04,2022-03-14,-0.0480378799422749,2022,2021-12-31,learned_vol_interaction,20260910,0.6570221213989423,0.6570221213989423,1,0
fixed_transform_remove_only,2700,2022-03-11,2022-03-21,0.007530336734814,2022,2021-12-31,learned_vol_interaction,20260910,0.7032750021899432,0.7032750021899432,1,1
fixed_transform_remove_only,2705,2022-03-18,2022-03-28,-0.0353493110038457,2022,2021-12-31,learned_vol_interaction,20260910,0.6524086529307518,0.6524086529307518,1,0
fixed_transform_remove_only,2710,2022-03-25,2022-04-06,0.0314834190717003,2022,2021-12-31,learned_vol_interaction,20260910,0.6942468524177501,0.6942468524177501,1,1
fixed_transform_remove_only,2660,2022-01-07,2022-01-17,-0.0173453887283024,2022,2021-12-31,learned_order_extension,20260910,0.566864392886939,0.566864392886939,1,0
fixed_transform_remove_only,2665,2022-01-14,2022-01-24,0.0053248631776616,2022,2021-12-31,learned_order_extension,20260910,0.6690763940918765,0.6690763940918765,1,1
fixed_transform_remove_only,2670,2022-01-21,2022-02-07,-0.0242661876254222,2022,2021-12-31,learned_order_extension,20260910,0.6566842946116621,0.6566842946116621,1,0
fixed_transform_remove_only,2675,2022-01-28,2022-02-14,-0.0127539031341488,2022,2021-12-31,learned_order_extension,20260910,0.668769824144909,0.668769824144909,1,0
fixed_transform_remove_only,2680,2022-02-11,2022-02-21,0.0145498774954033,2022,2021-12-31,learned_order_extension,20260910,0.6554002636047295,0.6554002636047295,1,1
fixed_transform_remove_only,2685,2022-02-18,2022-02-28,-0.0177161244498015,2022,2021-12-31,learned_order_extension,20260910,0.7136098531605942,0.7136098531605942,1,0
fixed_transform_remove_only,2690,2022-02-25,2022-03-07,-0.0221791776043331,2022,2021-12-31,learned_order_extension,20260910,0.6487731912125562,0.6487731912125562,1,0
fixed_transform_remove_only,2695,2022-03-04,2022-03-14,-0.0480378799422749,2022,2021-12-31,learned_order_extension,20260910,0.6318792296674466,0.6318792296674466,1,0
fixed_transform_remove_only,2700,2022-03-11,2022-03-21,0.007530336734814,2022,2021-12-31,learned_order_extension,20260910,0.6914869969738268,0.6914869969738268,1,1
fixed_transform_remove_only,2705,2022-03-18,2022-03-28,-0.0353493110038457,2022,2021-12-31,learned_order_extension,20260910,0.6587542387705517,0.6587542387705517,1,0
fixed_transform_remove_only,2710,2022-03-25,2022-04-06,0.0314834190717003,2022,2021-12-31,learned_order_extension,20260910,0.6972076913228429,0.6972076913228429,1,1
fixed_transform_remove_only,2660,2022-01-07,2022-01-17,-0.0173453887283024,2022,2021-12-31,learned_order_offset,20260910,0.5666647543526758,0.5666647543526758,1,0
fixed_transform_remove_only,2665,2022-01-14,2022-01-24,0.0053248631776616,2022,2021-12-31,learned_order_offset,20260910,0.6685371525240916,0.6685371525240916,1,1
fixed_transform_remove_only,2670,2022-01-21,2022-02-07,-0.0242661876254222,2022,2021-12-31,learned_order_offset,20260910,0.6567323025522784,0.6567323025522784,1,0
fixed_transform_remove_only,2675,2022-01-28,2022-02-14,-0.0127539031341488,2022,2021-12-31,learned_order_offset,20260910,0.6683313210695451,0.6683313210695451,1,0
fixed_transform_remove_only,2680,2022-02-11,2022-02-21,0.0145498774954033,2022,2021-12-31,learned_order_offset,20260910,0.6551608348224088,0.6551608348224088,1,1
fixed_transform_remove_only,2685,2022-02-18,2022-02-28,-0.0177161244498015,2022,2021-12-31,learned_order_offset,20260910,0.713244067556852,0.713244067556852,1,0
fixed_transform_remove_only,2690,2022-02-25,2022-03-07,-0.0221791776043331,2022,2021-12-31,learned_order_offset,20260910,0.6484724441889236,0.6484724441889236,1,0
fixed_transform_remove_only,2695,2022-03-04,2022-03-14,-0.0480378799422749,2022,2021-12-31,learned_order_offset,20260910,0.6314504954417829,0.6314504954417829,1,0
fixed_transform_remove_only,2700,2022-03-11,2022-03-21,0.007530336734814,2022,2021-12-31,learned_order_offset,20260910,0.691194443082509,0.691194443082509,1,1
fixed_transform_remove_only,2705,2022-03-18,2022-03-28,-0.0353493110038457,2022,2021-12-31,learned_order_offset,20260910,0.6583803934930407,0.6583803934930407,1,0
fixed_transform_remove_only,2710,2022-03-25,2022-04-06,0.0314834190717003,2022,2021-12-31,learned_order_offset,20260910,0.696855601595334,0.696855601595334,1,1
fixed_transform_remove_only,2660,2022-01-07,2022-01-17,-0.0173453887283024,2022,2021-12-31,learned_market,20260911,0.7294539059117436,0.7294539059117436,1,0
fixed_transform_remove_only,2665,2022-01-14,2022-01-24,0.0053248631776616,2022,2021-12-31,learned_market,20260911,0.8407883156513567,0.8407883156513567,1,1
fixed_transform_remove_only,2670,2022-01-21,2022-02-07,-0.0242661876254222,2022,2021-12-31,learned_market,20260911,0.6706767764059957,0.6706767764059957,1,0
fixed_transform_remove_only,2675,2022-01-28,2022-02-14,-0.0127539031341488,2022,2021-12-31,learned_market,20260911,0.49396242770649035,0.49396242770649035,0,0
fixed_transform_remove_only,2680,2022-02-11,2022-02-21,0.0145498774954033,2022,2021-12-31,learned_market,20260911,0.6718433913580089,0.6718433913580089,1,1
fixed_transform_remove_only,2685,2022-02-18,2022-02-28,-0.0177161244498015,2022,2021-12-31,learned_market,20260911,0.5840107527473801,0.5840107527473801,1,0
fixed_transform_remove_only,2690,2022-02-25,2022-03-07,-0.0221791776043331,2022,2021-12-31,learned_market,20260911,0.59915482742086,0.59915482742086,1,0
fixed_transform_remove_only,2695,2022-03-04,2022-03-14,-0.0480378799422749,2022,2021-12-31,learned_market,20260911,0.64751535974218,0.64751535974218,1,0
fixed_transform_remove_only,2700,2022-03-11,2022-03-21,0.007530336734814,2022,2021-12-31,learned_market,20260911,0.6601858855959774,0.6601858855959774,1,1
fixed_transform_remove_only,2705,2022-03-18,2022-03-28,-0.0353493110038457,2022,2021-12-31,learned_market,20260911,0.5676194322684474,0.5676194322684474,1,0
fixed_transform_remove_only,2710,2022-03-25,2022-04-06,0.0314834190717003,2022,2021-12-31,learned_market,20260911,0.7331434681165004,0.7331434681165004,1,1
fixed_transform_remove_only,2660,2022-01-07,2022-01-17,-0.0173453887283024,2022,2021-12-31,learned_vol_interaction,20260911,0.7282516722944598,0.7282516722944598,1,0
fixed_transform_remove_only,2665,2022-01-14,2022-01-24,0.0053248631776616,2022,2021-12-31,learned_vol_interaction,20260911,0.8368717958263094,0.8368717958263094,1,1
fixed_transform_remove_only,2670,2022-01-21,2022-02-07,-0.0242661876254222,2022,2021-12-31,learned_vol_interaction,20260911,0.669613908132946,0.669613908132946,1,0
fixed_transform_remove_only,2675,2022-01-28,2022-02-14,-0.0127539031341488,2022,2021-12-31,learned_vol_interaction,20260911,0.49771804856397844,0.49771804856397844,0,0
fixed_transform_remove_only,2680,2022-02-11,2022-02-21,0.0145498774954033,2022,2021-12-31,learned_vol_interaction,20260911,0.6694625883349451,0.6694625883349451,1,1
fixed_transform_remove_only,2685,2022-02-18,2022-02-28,-0.0177161244498015,2022,2021-12-31,learned_vol_interaction,20260911,0.5867879452577756,0.5867879452577756,1,0
fixed_transform_remove_only,2690,2022-02-25,2022-03-07,-0.0221791776043331,2022,2021-12-31,learned_vol_interaction,20260911,0.6015705830845076,0.6015705830845076,1,0
fixed_transform_remove_only,2695,2022-03-04,2022-03-14,-0.0480378799422749,2022,2021-12-31,learned_vol_interaction,20260911,0.6516108393132726,0.6516108393132726,1,0
fixed_transform_remove_only,2700,2022-03-11,2022-03-21,0.007530336734814,2022,2021-12-31,learned_vol_interaction,20260911,0.6653311044961694,0.6653311044961694,1,1
fixed_transform_remove_only,2705,2022-03-18,2022-03-28,-0.0353493110038457,2022,2021-12-31,learned_vol_interaction,20260911,0.567250973729041,0.567250973729041,1,0
fixed_transform_remove_only,2710,2022-03-25,2022-04-06,0.0314834190717003,2022,2021-12-31,learned_vol_interaction,20260911,0.7397988804119464,0.7397988804119464,1,1
fixed_transform_remove_only,2660,2022-01-07,2022-01-17,-0.0173453887283024,2022,2021-12-31,learned_order_extension,20260911,0.7315565762281606,0.7315565762281606,1,0
fixed_transform_remove_only,2665,2022-01-14,2022-01-24,0.0053248631776616,2022,2021-12-31,learned_order_extension,20260911,0.8308708352808971,0.8308708352808971,1,1
fixed_transform_remove_only,2670,2022-01-21,2022-02-07,-0.0242661876254222,2022,2021-12-31,learned_order_extension,20260911,0.6953405747399578,0.6953405747399578,1,0
fixed_transform_remove_only,2675,2022-01-28,2022-02-14,-0.0127539031341488,2022,2021-12-31,learned_order_extension,20260911,0.47011278529334005,0.47011278529334005,0,0
fixed_transform_remove_only,2680,2022-02-11,2022-02-21,0.0145498774954033,2022,2021-12-31,learned_order_extension,20260911,0.6818533435255958,0.6818533435255958,1,1
fixed_transform_remove_only,2685,2022-02-18,2022-02-28,-0.0177161244498015,2022,2021-12-31,learned_order_extension,20260911,0.5955146443753425,0.5955146443753425,1,0
fixed_transform_remove_only,2690,2022-02-25,2022-03-07,-0.0221791776043331,2022,2021-12-31,learned_order_extension,20260911,0.609831009331646,0.609831009331646,1,0
fixed_transform_remove_only,2695,2022-03-04,2022-03-14,-0.0480378799422749,2022,2021-12-31,learned_order_extension,20260911,0.6608881864634962,0.6608881864634962,1,0
fixed_transform_remove_only,2700,2022-03-11,2022-03-21,0.007530336734814,2022,2021-12-31,learned_order_extension,20260911,0.667203580437131,0.667203580437131,1,1
fixed_transform_remove_only,2705,2022-03-18,2022-03-28,-0.0353493110038457,2022,2021-12-31,learned_order_extension,20260911,0.5665388063290007,0.5665388063290007,1,0
fixed_transform_remove_only,2710,2022-03-25,2022-04-06,0.0314834190717003,2022,2021-12-31,learned_order_extension,20260911,0.7315317518580224,0.7315317518580224,1,1
fixed_transform_remove_only,2660,2022-01-07,2022-01-17,-0.0173453887283024,2022,2021-12-31,learned_order_offset,20260911,0.7303915631000331,0.7303915631000331,1,0
fixed_transform_remove_only,2665,2022-01-14,2022-01-24,0.0053248631776616,2022,2021-12-31,learned_order_offset,20260911,0.8287429062191539,0.8287429062191539,1,1
fixed_transform_remove_only,2670,2022-01-21,2022-02-07,-0.0242661876254222,2022,2021-12-31,learned_order_offset,20260911,0.6946014374965778,0.6946014374965778,1,0
fixed_transform_remove_only,2675,2022-01-28,2022-02-14,-0.0127539031341488,2022,2021-12-31,learned_order_offset,20260911,0.47036190476294487,0.47036190476294487,0,0
fixed_transform_remove_only,2680,2022-02-11,2022-02-21,0.0145498774954033,2022,2021-12-31,learned_order_offset,20260911,0.6802368405234962,0.6802368405234962,1,1
fixed_transform_remove_only,2685,2022-02-18,2022-02-28,-0.0177161244498015,2022,2021-12-31,learned_order_offset,20260911,0.596796587857382,0.596796587857382,1,0
fixed_transform_remove_only,2690,2022-02-25,2022-03-07,-0.0221791776043331,2022,2021-12-31,learned_order_offset,20260911,0.6102898323949857,0.6102898323949857,1,0
fixed_transform_remove_only,2695,2022-03-04,2022-03-14,-0.0480378799422749,2022,2021-12-31,learned_order_offset,20260911,0.6602950267381666,0.6602950267381666,1,0
fixed_transform_remove_only,2700,2022-03-11,2022-03-21,0.007530336734814,2022,2021-12-31,learned_order_offset,20260911,0.6664417620027226,0.6664417620027226,1,1
fixed_transform_remove_only,2705,2022-03-18,2022-03-28,-0.0353493110038457,2022,2021-12-31,learned_order_offset,20260911,0.5665934515797131,0.5665934515797131,1,0
fixed_transform_remove_only,2710,2022-03-25,2022-04-06,0.0314834190717003,2022,2021-12-31,learned_order_offset,20260911,0.7312694881776368,0.7312694881776368,1,1
fixed_transform_remove_only,2660,2022-01-07,2022-01-17,-0.0173453887283024,2022,2021-12-31,learned_market,20260912,0.7009067848418016,0.7009067848418016,1,0
fixed_transform_remove_only,2665,2022-01-14,2022-01-24,0.0053248631776616,2022,2021-12-31,learned_market,20260912,0.5203651032719439,0.5203651032719439,1,1
fixed_transform_remove_only,2670,2022-01-21,2022-02-07,-0.0242661876254222,2022,2021-12-31,learned_market,20260912,0.7176249995689795,0.7176249995689795,1,0
fixed_transform_remove_only,2675,2022-01-28,2022-02-14,-0.0127539031341488,2022,2021-12-31,learned_market,20260912,0.5468589290358572,0.5468589290358572,1,0
fixed_transform_remove_only,2680,2022-02-11,2022-02-21,0.0145498774954033,2022,2021-12-31,learned_market,20260912,0.6301827176961465,0.6301827176961465,1,1
fixed_transform_remove_only,2685,2022-02-18,2022-02-28,-0.0177161244498015,2022,2021-12-31,learned_market,20260912,0.7133251277073638,0.7133251277073638,1,0
fixed_transform_remove_only,2690,2022-02-25,2022-03-07,-0.0221791776043331,2022,2021-12-31,learned_market,20260912,0.7021196640037924,0.7021196640037924,1,0
fixed_transform_remove_only,2695,2022-03-04,2022-03-14,-0.0480378799422749,2022,2021-12-31,learned_market,20260912,0.719986373445646,0.719986373445646,1,0
fixed_transform_remove_only,2700,2022-03-11,2022-03-21,0.007530336734814,2022,2021-12-31,learned_market,20260912,0.6467498960464059,0.6467498960464059,1,1
fixed_transform_remove_only,2705,2022-03-18,2022-03-28,-0.0353493110038457,2022,2021-12-31,learned_market,20260912,0.6307138428823564,0.6307138428823564,1,0
fixed_transform_remove_only,2710,2022-03-25,2022-04-06,0.0314834190717003,2022,2021-12-31,learned_market,20260912,0.5581715372656506,0.5581715372656506,1,1
fixed_transform_remove_only,2660,2022-01-07,2022-01-17,-0.0173453887283024,2022,2021-12-31,learned_vol_interaction,20260912,0.7072606777672634,0.7072606777672634,1,0
fixed_transform_remove_only,2665,2022-01-14,2022-01-24,0.0053248631776616,2022,2021-12-31,learned_vol_interaction,20260912,0.5232340507750105,0.5232340507750105,1,1
fixed_transform_remove_only,2670,2022-01-21,2022-02-07,-0.0242661876254222,2022,2021-12-31,learned_vol_interaction,20260912,0.723517227135196,0.723517227135196,1,0
fixed_transform_remove_only,2675,2022-01-28,2022-02-14,-0.0127539031341488,2022,2021-12-31,learned_vol_interaction,20260912,0.5573504263949657,0.5573504263949657,1,0
fixed_transform_remove_only,2680,2022-02-11,2022-02-21,0.0145498774954033,2022,2021-12-31,learned_vol_interaction,20260912,0.6206875889696911,0.6206875889696911,1,1
fixed_transform_remove_only,2685,2022-02-18,2022-02-28,-0.0177161244498015,2022,2021-12-31,learned_vol_interaction,20260912,0.7137718136904925,0.7137718136904925,1,0
fixed_transform_remove_only,2690,2022-02-25,2022-03-07,-0.0221791776043331,2022,2021-12-31,learned_vol_interaction,20260912,0.6900080859244496,0.6900080859244496,1,0
fixed_transform_remove_only,2695,2022-03-04,2022-03-14,-0.0480378799422749,2022,2021-12-31,learned_vol_interaction,20260912,0.7251850433232085,0.7251850433232085,1,0
fixed_transform_remove_only,2700,2022-03-11,2022-03-21,0.007530336734814,2022,2021-12-31,learned_vol_interaction,20260912,0.6323197465308961,0.6323197465308961,1,1
fixed_transform_remove_only,2705,2022-03-18,2022-03-28,-0.0353493110038457,2022,2021-12-31,learned_vol_interaction,20260912,0.5933343778810724,0.5933343778810724,1,0
fixed_transform_remove_only,2710,2022-03-25,2022-04-06,0.0314834190717003,2022,2021-12-31,learned_vol_interaction,20260912,0.5562710543563346,0.5562710543563346,1,1
fixed_transform_remove_only,2660,2022-01-07,2022-01-17,-0.0173453887283024,2022,2021-12-31,learned_order_extension,20260912,0.7021249449389755,0.7021249449389755,1,0
fixed_transform_remove_only,2665,2022-01-14,2022-01-24,0.0053248631776616,2022,2021-12-31,learned_order_extension,20260912,0.519422850065438,0.519422850065438,1,1
fixed_transform_remove_only,2670,2022-01-21,2022-02-07,-0.0242661876254222,2022,2021-12-31,learned_order_extension,20260912,0.7149761694840576,0.7149761694840576,1,0
fixed_transform_remove_only,2675,2022-01-28,2022-02-14,-0.0127539031341488,2022,2021-12-31,learned_order_extension,20260912,0.5563462821352916,0.5563462821352916,1,0
fixed_transform_remove_only,2680,2022-02-11,2022-02-21,0.0145498774954033,2022,2021-12-31,learned_order_extension,20260912,0.6112227291481532,0.6112227291481532,1,1
fixed_transform_remove_only,2685,2022-02-18,2022-02-28,-0.0177161244498015,2022,2021-12-31,learned_order_extension,20260912,0.7082710857336353,0.7082710857336353,1,0
fixed_transform_remove_only,2690,2022-02-25,2022-03-07,-0.0221791776043331,2022,2021-12-31,learned_order_extension,20260912,0.672646545498505,0.672646545498505,1,0
fixed_transform_remove_only,2695,2022-03-04,2022-03-14,-0.0480378799422749,2022,2021-12-31,learned_order_extension,20260912,0.7063888110552541,0.7063888110552541,1,0
fixed_transform_remove_only,2700,2022-03-11,2022-03-21,0.007530336734814,2022,2021-12-31,learned_order_extension,20260912,0.6284040084971629,0.6284040084971629,1,1
fixed_transform_remove_only,2705,2022-03-18,2022-03-28,-0.0353493110038457,2022,2021-12-31,learned_order_extension,20260912,0.5929220651203073,0.5929220651203073,1,0
fixed_transform_remove_only,2710,2022-03-25,2022-04-06,0.0314834190717003,2022,2021-12-31,learned_order_extension,20260912,0.560900893741765,0.560900893741765,1,1
fixed_transform_remove_only,2660,2022-01-07,2022-01-17,-0.0173453887283024,2022,2021-12-31,learned_order_offset,20260912,0.7021002597589074,0.7021002597589074,1,0
fixed_transform_remove_only,2665,2022-01-14,2022-01-24,0.0053248631776616,2022,2021-12-31,learned_order_offset,20260912,0.5194500670143739,0.5194500670143739,1,1
fixed_transform_remove_only,2670,2022-01-21,2022-02-07,-0.0242661876254222,2022,2021-12-31,learned_order_offset,20260912,0.7150659531425939,0.7150659531425939,1,0
fixed_transform_remove_only,2675,2022-01-28,2022-02-14,-0.0127539031341488,2022,2021-12-31,learned_order_offset,20260912,0.5563566039667686,0.5563566039667686,1,0
fixed_transform_remove_only,2680,2022-02-11,2022-02-21,0.0145498774954033,2022,2021-12-31,learned_order_offset,20260912,0.6110482909835675,0.6110482909835675,1,1
fixed_transform_remove_only,2685,2022-02-18,2022-02-28,-0.0177161244498015,2022,2021-12-31,learned_order_offset,20260912,0.7082662053268953,0.7082662053268953,1,0
fixed_transform_remove_only,2690,2022-02-25,2022-03-07,-0.0221791776043331,2022,2021-12-31,learned_order_offset,20260912,0.6726443299723985,0.6726443299723985,1,0
fixed_transform_remove_only,2695,2022-03-04,2022-03-14,-0.0480378799422749,2022,2021-12-31,learned_order_offset,20260912,0.7063540116439039,0.7063540116439039,1,0
fixed_transform_remove_only,2700,2022-03-11,2022-03-21,0.007530336734814,2022,2021-12-31,learned_order_offset,20260912,0.6284302090313957,0.6284302090313957,1,1
fixed_transform_remove_only,2705,2022-03-18,2022-03-28,-0.0353493110038457,2022,2021-12-31,learned_order_offset,20260912,0.5930408007656572,0.5930408007656572,1,0
fixed_transform_remove_only,2710,2022-03-25,2022-04-06,0.0314834190717003,2022,2021-12-31,learned_order_offset,20260912,0.5609837979969954,0.5609837979969954,1,1
fixed_transform_remove_only,2660,2022-01-07,2022-01-17,-0.0173453887283024,2022,2021-12-31,training_frequency,-1,0.5458298926507019,0.5458298926507019,1,0
fixed_transform_remove_only,2665,2022-01-14,2022-01-24,0.0053248631776616,2022,2021-12-31,training_frequency,-1,0.5458298926507019,0.5458298926507019,1,1
fixed_transform_remove_only,2670,2022-01-21,2022-02-07,-0.0242661876254222,2022,2021-12-31,training_frequency,-1,0.5458298926507019,0.5458298926507019,1,0
fixed_transform_remove_only,2675,2022-01-28,2022-02-14,-0.0127539031341488,2022,2021-12-31,training_frequency,-1,0.5458298926507019,0.5458298926507019,1,0
fixed_transform_remove_only,2680,2022-02-11,2022-02-21,0.0145498774954033,2022,2021-12-31,training_frequency,-1,0.5458298926507019,0.5458298926507019,1,1
fixed_transform_remove_only,2685,2022-02-18,2022-02-28,-0.0177161244498015,2022,2021-12-31,training_frequency,-1,0.5458298926507019,0.5458298926507019,1,0
fixed_transform_remove_only,2690,2022-02-25,2022-03-07,-0.0221791776043331,2022,2021-12-31,training_frequency,-1,0.5458298926507019,0.5458298926507019,1,0
fixed_transform_remove_only,2695,2022-03-04,2022-03-14,-0.0480378799422749,2022,2021-12-31,training_frequency,-1,0.5458298926507019,0.5458298926507019,1,0
fixed_transform_remove_only,2700,2022-03-11,2022-03-21,0.007530336734814,2022,2021-12-31,training_frequency,-1,0.5458298926507019,0.5458298926507019,1,1
fixed_transform_remove_only,2705,2022-03-18,2022-03-28,-0.0353493110038457,2022,2021-12-31,training_frequency,-1,0.5458298926507019,0.5458298926507019,1,0
fixed_transform_remove_only,2710,2022-03-25,2022-04-06,0.0314834190717003,2022,2021-12-31,training_frequency,-1,0.5458298926507019,0.5458298926507019,1,1
fixed_transform_remove_only,2715,2022-04-01,2022-04-12,-0.0129237372705649,2022,2022-03-31,learned_market,20260910,0.7345621734985174,0.7345621734985174,1,0
fixed_transform_remove_only,2718,2022-04-08,2022-04-18,-0.0120986062576864,2022,2022-03-31,learned_market,20260910,0.7343131679103062,0.7343131679103062,1,0
fixed_transform_remove_only,2723,2022-04-15,2022-04-25,-0.0528494340140576,2022,2022-03-31,learned_market,20260910,0.707101941409229,0.707101941409229,1,0
fixed_transform_remove_only,2728,2022-04-22,2022-05-05,0.015736821365468,2022,2022-03-31,learned_market,20260910,0.6648639745646521,0.6648639745646521,1,1
fixed_transform_remove_only,2733,2022-04-29,2022-05-11,-0.0278824133054675,2022,2022-03-31,learned_market,20260910,0.6480208755112251,0.6480208755112251,1,0
fixed_transform_remove_only,2735,2022-05-06,2022-05-16,0.033741423035827,2022,2022-03-31,learned_market,20260910,0.6630817668925229,0.6630817668925229,1,1
fixed_transform_remove_only,2740,2022-05-13,2022-05-23,0.0164308841843088,2022,2022-03-31,learned_market,20260910,0.6409147471696593,0.6409147471696593,1,1
fixed_transform_remove_only,2745,2022-05-20,2022-05-30,-0.0147293413085614,2022,2022-03-31,learned_market,20260910,0.5746668963333884,0.5746668963333884,1,0
fixed_transform_remove_only,2750,2022-05-27,2022-06-13,0.0431748431927498,2022,2022-03-31,learned_market,20260910,0.5417152674333129,0.5417152674333129,1,1
fixed_transform_remove_only,2759,2022-06-10,2022-06-20,0.0306046547112142,2022,2022-03-31,learned_market,20260910,0.5382376900496263,0.5382376900496263,1,1
fixed_transform_remove_only,2764,2022-06-17,2022-06-27,0.0211666894141107,2022,2022-03-31,learned_market,20260910,0.49656022543407935,0.49656022543407935,0,1
fixed_transform_remove_only,2769,2022-06-24,2022-07-04,0.0074507343130214,2022,2022-03-31,learned_market,20260910,0.47993056052929045,0.47993056052929045,0,1
fixed_transform_remove_only,2715,2022-04-01,2022-04-12,-0.0129237372705649,2022,2022-03-31,learned_vol_interaction,20260910,0.730315297804248,0.730315297804248,1,0
fixed_transform_remove_only,2718,2022-04-08,2022-04-18,-0.0120986062576864,2022,2022-03-31,learned_vol_interaction,20260910,0.731264637024557,0.731264637024557,1,0
fixed_transform_remove_only,2723,2022-04-15,2022-04-25,-0.0528494340140576,2022,2022-03-31,learned_vol_interaction,20260910,0.7063939534191302,0.7063939534191302,1,0
fixed_transform_remove_only,2728,2022-04-22,2022-05-05,0.015736821365468,2022,2022-03-31,learned_vol_interaction,20260910,0.6645285810446007,0.6645285810446007,1,1
fixed_transform_remove_only,2733,2022-04-29,2022-05-11,-0.0278824133054675,2022,2022-03-31,learned_vol_interaction,20260910,0.6456575047508015,0.6456575047508015,1,0
fixed_transform_remove_only,2735,2022-05-06,2022-05-16,0.033741423035827,2022,2022-03-31,learned_vol_interaction,20260910,0.6606284377236028,0.6606284377236028,1,1
fixed_transform_remove_only,2740,2022-05-13,2022-05-23,0.0164308841843088,2022,2022-03-31,learned_vol_interaction,20260910,0.639608115826537,0.639608115826537,1,1
fixed_transform_remove_only,2745,2022-05-20,2022-05-30,-0.0147293413085614,2022,2022-03-31,learned_vol_interaction,20260910,0.5733029792232119,0.5733029792232119,1,0
fixed_transform_remove_only,2750,2022-05-27,2022-06-13,0.0431748431927498,2022,2022-03-31,learned_vol_interaction,20260910,0.542224154476296,0.542224154476296,1,1
fixed_transform_remove_only,2759,2022-06-10,2022-06-20,0.0306046547112142,2022,2022-03-31,learned_vol_interaction,20260910,0.5385362163905575,0.5385362163905575,1,1
fixed_transform_remove_only,2764,2022-06-17,2022-06-27,0.0211666894141107,2022,2022-03-31,learned_vol_interaction,20260910,0.49685237791316683,0.49685237791316683,0,1
fixed_transform_remove_only,2769,2022-06-24,2022-07-04,0.0074507343130214,2022,2022-03-31,learned_vol_interaction,20260910,0.47934805677395315,0.47934805677395315,0,1
fixed_transform_remove_only,2715,2022-04-01,2022-04-12,-0.0129237372705649,2022,2022-03-31,learned_order_extension,20260910,0.7343071435354557,0.7343071435354557,1,0
fixed_transform_remove_only,2718,2022-04-08,2022-04-18,-0.0120986062576864,2022,2022-03-31,learned_order_extension,20260910,0.725890656299291,0.725890656299291,1,0
fixed_transform_remove_only,2723,2022-04-15,2022-04-25,-0.0528494340140576,2022,2022-03-31,learned_order_extension,20260910,0.6913177283732963,0.6913177283732963,1,0
fixed_transform_remove_only,2728,2022-04-22,2022-05-05,0.015736821365468,2022,2022-03-31,learned_order_extension,20260910,0.6531693437508144,0.6531693437508144,1,1
fixed_transform_remove_only,2733,2022-04-29,2022-05-11,-0.0278824133054675,2022,2022-03-31,learned_order_extension,20260910,0.6585245967246475,0.6585245967246475,1,0
fixed_transform_remove_only,2735,2022-05-06,2022-05-16,0.033741423035827,2022,2022-03-31,learned_order_extension,20260910,0.6813921317135657,0.6813921317135657,1,1
fixed_transform_remove_only,2740,2022-05-13,2022-05-23,0.0164308841843088,2022,2022-03-31,learned_order_extension,20260910,0.6581199852908448,0.6581199852908448,1,1
fixed_transform_remove_only,2745,2022-05-20,2022-05-30,-0.0147293413085614,2022,2022-03-31,learned_order_extension,20260910,0.5832125986148508,0.5832125986148508,1,0
fixed_transform_remove_only,2750,2022-05-27,2022-06-13,0.0431748431927498,2022,2022-03-31,learned_order_extension,20260910,0.527344114528253,0.527344114528253,1,1
fixed_transform_remove_only,2759,2022-06-10,2022-06-20,0.0306046547112142,2022,2022-03-31,learned_order_extension,20260910,0.5287374028411508,0.5287374028411508,1,1
fixed_transform_remove_only,2764,2022-06-17,2022-06-27,0.0211666894141107,2022,2022-03-31,learned_order_extension,20260910,0.5004028935480082,0.5004028935480082,1,1
fixed_transform_remove_only,2769,2022-06-24,2022-07-04,0.0074507343130214,2022,2022-03-31,learned_order_extension,20260910,0.48922727992236686,0.48922727992236686,0,1
fixed_transform_remove_only,2715,2022-04-01,2022-04-12,-0.0129237372705649,2022,2022-03-31,learned_order_offset,20260910,0.7305704285489941,0.7305704285489941,1,0
fixed_transform_remove_only,2718,2022-04-08,2022-04-18,-0.0120986062576864,2022,2022-03-31,learned_order_offset,20260910,0.7231911269494504,0.7231911269494504,1,0
fixed_transform_remove_only,2723,2022-04-15,2022-04-25,-0.0528494340140576,2022,2022-03-31,learned_order_offset,20260910,0.6895662224561758,0.6895662224561758,1,0
fixed_transform_remove_only,2728,2022-04-22,2022-05-05,0.015736821365468,2022,2022-03-31,learned_order_offset,20260910,0.6520285289577666,0.6520285289577666,1,1
fixed_transform_remove_only,2733,2022-04-29,2022-05-11,-0.0278824133054675,2022,2022-03-31,learned_order_offset,20260910,0.6564112759052543,0.6564112759052543,1,0
fixed_transform_remove_only,2735,2022-05-06,2022-05-16,0.033741423035827,2022,2022-03-31,learned_order_offset,20260910,0.6793119570531146,0.6793119570531146,1,1
fixed_transform_remove_only,2740,2022-05-13,2022-05-23,0.0164308841843088,2022,2022-03-31,learned_order_offset,20260910,0.6571469174386018,0.6571469174386018,1,1
fixed_transform_remove_only,2745,2022-05-20,2022-05-30,-0.0147293413085614,2022,2022-03-31,learned_order_offset,20260910,0.5821112345974568,0.5821112345974568,1,0
fixed_transform_remove_only,2750,2022-05-27,2022-06-13,0.0431748431927498,2022,2022-03-31,learned_order_offset,20260910,0.5268988591351852,0.5268988591351852,1,1
fixed_transform_remove_only,2759,2022-06-10,2022-06-20,0.0306046547112142,2022,2022-03-31,learned_order_offset,20260910,0.5300879344222429,0.5300879344222429,1,1
fixed_transform_remove_only,2764,2022-06-17,2022-06-27,0.0211666894141107,2022,2022-03-31,learned_order_offset,20260910,0.5010461475298182,0.5010461475298182,1,1
fixed_transform_remove_only,2769,2022-06-24,2022-07-04,0.0074507343130214,2022,2022-03-31,learned_order_offset,20260910,0.4897554248064332,0.4897554248064332,0,1
fixed_transform_remove_only,2715,2022-04-01,2022-04-12,-0.0129237372705649,2022,2022-03-31,learned_market,20260911,0.7393211555774339,0.7393211555774339,1,0
fixed_transform_remove_only,2718,2022-04-08,2022-04-18,-0.0120986062576864,2022,2022-03-31,learned_market,20260911,0.6151252763812582,0.6151252763812582,1,0
fixed_transform_remove_only,2723,2022-04-15,2022-04-25,-0.0528494340140576,2022,2022-03-31,learned_market,20260911,0.7773052796352807,0.7773052796352807,1,0
fixed_transform_remove_only,2728,2022-04-22,2022-05-05,0.015736821365468,2022,2022-03-31,learned_market,20260911,0.7329197113038234,0.7329197113038234,1,1
fixed_transform_remove_only,2733,2022-04-29,2022-05-11,-0.0278824133054675,2022,2022-03-31,learned_market,20260911,0.5258082388185104,0.5258082388185104,1,0
fixed_transform_remove_only,2735,2022-05-06,2022-05-16,0.033741423035827,2022,2022-03-31,learned_market,20260911,0.41396236662153774,0.41396236662153774,0,1
fixed_transform_remove_only,2740,2022-05-13,2022-05-23,0.0164308841843088,2022,2022-03-31,learned_market,20260911,0.5299219590044246,0.5299219590044246,1,1
fixed_transform_remove_only,2745,2022-05-20,2022-05-30,-0.0147293413085614,2022,2022-03-31,learned_market,20260911,0.574660057211396,0.574660057211396,1,0
fixed_transform_remove_only,2750,2022-05-27,2022-06-13,0.0431748431927498,2022,2022-03-31,learned_market,20260911,0.6021990012914318,0.6021990012914318,1,1
fixed_transform_remove_only,2759,2022-06-10,2022-06-20,0.0306046547112142,2022,2022-03-31,learned_market,20260911,0.33298031241706677,0.33298031241706677,0,1
fixed_transform_remove_only,2764,2022-06-17,2022-06-27,0.0211666894141107,2022,2022-03-31,learned_market,20260911,0.3556803525397357,0.3556803525397357,0,1
fixed_transform_remove_only,2769,2022-06-24,2022-07-04,0.0074507343130214,2022,2022-03-31,learned_market,20260911,0.46484359770070355,0.46484359770070355,0,1
fixed_transform_remove_only,2715,2022-04-01,2022-04-12,-0.0129237372705649,2022,2022-03-31,learned_vol_interaction,20260911,0.7652492108548701,0.7652492108548701,1,0
fixed_transform_remove_only,2718,2022-04-08,2022-04-18,-0.0120986062576864,2022,2022-03-31,learned_vol_interaction,20260911,0.60516890921257,0.60516890921257,1,0
fixed_transform_remove_only,2723,2022-04-15,2022-04-25,-0.0528494340140576,2022,2022-03-31,learned_vol_interaction,20260911,0.7871242571557777,0.7871242571557777,1,0
fixed_transform_remove_only,2728,2022-04-22,2022-05-05,0.015736821365468,2022,2022-03-31,learned_vol_interaction,20260911,0.7470773427458073,0.7470773427458073,1,1
fixed_transform_remove_only,2733,2022-04-29,2022-05-11,-0.0278824133054675,2022,2022-03-31,learned_vol_interaction,20260911,0.5147160217330017,0.5147160217330017,1,0
fixed_transform_remove_only,2735,2022-05-06,2022-05-16,0.033741423035827,2022,2022-03-31,learned_vol_interaction,20260911,0.37193307180502133,0.37193307180502133,0,1
fixed_transform_remove_only,2740,2022-05-13,2022-05-23,0.0164308841843088,2022,2022-03-31,learned_vol_interaction,20260911,0.5011319484249237,0.5011319484249237,1,1
fixed_transform_remove_only,2745,2022-05-20,2022-05-30,-0.0147293413085614,2022,2022-03-31,learned_vol_interaction,20260911,0.5726462290002223,0.5726462290002223,1,0
fixed_transform_remove_only,2750,2022-05-27,2022-06-13,0.0431748431927498,2022,2022-03-31,learned_vol_interaction,20260911,0.609108401557247,0.609108401557247,1,1
fixed_transform_remove_only,2759,2022-06-10,2022-06-20,0.0306046547112142,2022,2022-03-31,learned_vol_interaction,20260911,0.33606372408330976,0.33606372408330976,0,1
fixed_transform_remove_only,2764,2022-06-17,2022-06-27,0.0211666894141107,2022,2022-03-31,learned_vol_interaction,20260911,0.36576215733826367,0.36576215733826367,0,1
fixed_transform_remove_only,2769,2022-06-24,2022-07-04,0.0074507343130214,2022,2022-03-31,learned_vol_interaction,20260911,0.4792503298340508,0.4792503298340508,0,1
fixed_transform_remove_only,2715,2022-04-01,2022-04-12,-0.0129237372705649,2022,2022-03-31,learned_order_extension,20260911,0.7539466176961086,0.7539466176961086,1,0
fixed_transform_remove_only,2718,2022-04-08,2022-04-18,-0.0120986062576864,2022,2022-03-31,learned_order_extension,20260911,0.5811504013296863,0.5811504013296863,1,0
fixed_transform_remove_only,2723,2022-04-15,2022-04-25,-0.0528494340140576,2022,2022-03-31,learned_order_extension,20260911,0.7929082732584306,0.7929082732584306,1,0
fixed_transform_remove_only,2728,2022-04-22,2022-05-05,0.015736821365468,2022,2022-03-31,learned_order_extension,20260911,0.7497646060381091,0.7497646060381091,1,1
fixed_transform_remove_only,2733,2022-04-29,2022-05-11,-0.0278824133054675,2022,2022-03-31,learned_order_extension,20260911,0.5149371943037326,0.5149371943037326,1,0
fixed_transform_remove_only,2735,2022-05-06,2022-05-16,0.033741423035827,2022,2022-03-31,learned_order_extension,20260911,0.3799832813889265,0.3799832813889265,0,1
fixed_transform_remove_only,2740,2022-05-13,2022-05-23,0.0164308841843088,2022,2022-03-31,learned_order_extension,20260911,0.4973790611017487,0.4973790611017487,0,1
fixed_transform_remove_only,2745,2022-05-20,2022-05-30,-0.0147293413085614,2022,2022-03-31,learned_order_extension,20260911,0.5643993368514282,0.5643993368514282,1,0
fixed_transform_remove_only,2750,2022-05-27,2022-06-13,0.0431748431927498,2022,2022-03-31,learned_order_extension,20260911,0.6094417346383533,0.6094417346383533,1,1
fixed_transform_remove_only,2759,2022-06-10,2022-06-20,0.0306046547112142,2022,2022-03-31,learned_order_extension,20260911,0.3259545207496343,0.3259545207496343,0,1
fixed_transform_remove_only,2764,2022-06-17,2022-06-27,0.0211666894141107,2022,2022-03-31,learned_order_extension,20260911,0.3415609933571706,0.3415609933571706,0,1
fixed_transform_remove_only,2769,2022-06-24,2022-07-04,0.0074507343130214,2022,2022-03-31,learned_order_extension,20260911,0.47025483305695515,0.47025483305695515,0,1
fixed_transform_remove_only,2715,2022-04-01,2022-04-12,-0.0129237372705649,2022,2022-03-31,learned_order_offset,20260911,0.7559318292714046,0.7559318292714046,1,0
fixed_transform_remove_only,2718,2022-04-08,2022-04-18,-0.0120986062576864,2022,2022-03-31,learned_order_offset,20260911,0.5805011233705153,0.5805011233705153,1,0
fixed_transform_remove_only,2723,2022-04-15,2022-04-25,-0.0528494340140576,2022,2022-03-31,learned_order_offset,20260911,0.792189781154141,0.792189781154141,1,0
fixed_transform_remove_only,2728,2022-04-22,2022-05-05,0.015736821365468,2022,2022-03-31,learned_order_offset,20260911,0.749789459575448,0.749789459575448,1,1
fixed_transform_remove_only,2733,2022-04-29,2022-05-11,-0.0278824133054675,2022,2022-03-31,learned_order_offset,20260911,0.5136591011203634,0.5136591011203634,1,0
fixed_transform_remove_only,2735,2022-05-06,2022-05-16,0.033741423035827,2022,2022-03-31,learned_order_offset,20260911,0.37624357636518907,0.37624357636518907,0,1
fixed_transform_remove_only,2740,2022-05-13,2022-05-23,0.0164308841843088,2022,2022-03-31,learned_order_offset,20260911,0.4944930713341498,0.4944930713341498,0,1
fixed_transform_remove_only,2745,2022-05-20,2022-05-30,-0.0147293413085614,2022,2022-03-31,learned_order_offset,20260911,0.564098589963178,0.564098589963178,1,0
fixed_transform_remove_only,2750,2022-05-27,2022-06-13,0.0431748431927498,2022,2022-03-31,learned_order_offset,20260911,0.6095075161051312,0.6095075161051312,1,1
fixed_transform_remove_only,2759,2022-06-10,2022-06-20,0.0306046547112142,2022,2022-03-31,learned_order_offset,20260911,0.32697067121445167,0.32697067121445167,0,1
fixed_transform_remove_only,2764,2022-06-17,2022-06-27,0.0211666894141107,2022,2022-03-31,learned_order_offset,20260911,0.34317267765095455,0.34317267765095455,0,1
fixed_transform_remove_only,2769,2022-06-24,2022-07-04,0.0074507343130214,2022,2022-03-31,learned_order_offset,20260911,0.4713339713775029,0.4713339713775029,0,1
fixed_transform_remove_only,2715,2022-04-01,2022-04-12,-0.0129237372705649,2022,2022-03-31,learned_market,20260912,0.5991821064435501,0.5991821064435501,1,0
fixed_transform_remove_only,2718,2022-04-08,2022-04-18,-0.0120986062576864,2022,2022-03-31,learned_market,20260912,0.5863419730405098,0.5863419730405098,1,0
fixed_transform_remove_only,2723,2022-04-15,2022-04-25,-0.0528494340140576,2022,2022-03-31,learned_market,20260912,0.5816078945940883,0.5816078945940883,1,0
fixed_transform_remove_only,2728,2022-04-22,2022-05-05,0.015736821365468,2022,2022-03-31,learned_market,20260912,0.5176395778806545,0.5176395778806545,1,1
fixed_transform_remove_only,2733,2022-04-29,2022-05-11,-0.0278824133054675,2022,2022-03-31,learned_market,20260912,0.3741654829393946,0.3741654829393946,0,0
fixed_transform_remove_only,2735,2022-05-06,2022-05-16,0.033741423035827,2022,2022-03-31,learned_market,20260912,0.4508537373807271,0.4508537373807271,0,1
fixed_transform_remove_only,2740,2022-05-13,2022-05-23,0.0164308841843088,2022,2022-03-31,learned_market,20260912,0.4562259709617291,0.4562259709617291,0,1
fixed_transform_remove_only,2745,2022-05-20,2022-05-30,-0.0147293413085614,2022,2022-03-31,learned_market,20260912,0.4814874832053989,0.4814874832053989,0,0
fixed_transform_remove_only,2750,2022-05-27,2022-06-13,0.0431748431927498,2022,2022-03-31,learned_market,20260912,0.45680373182835793,0.45680373182835793,0,1
fixed_transform_remove_only,2759,2022-06-10,2022-06-20,0.0306046547112142,2022,2022-03-31,learned_market,20260912,0.3491795433452857,0.3491795433452857,0,1
fixed_transform_remove_only,2764,2022-06-17,2022-06-27,0.0211666894141107,2022,2022-03-31,learned_market,20260912,0.3246249841348855,0.3246249841348855,0,1
fixed_transform_remove_only,2769,2022-06-24,2022-07-04,0.0074507343130214,2022,2022-03-31,learned_market,20260912,0.40752863383936816,0.40752863383936816,0,1
fixed_transform_remove_only,2715,2022-04-01,2022-04-12,-0.0129237372705649,2022,2022-03-31,learned_vol_interaction,20260912,0.5859328006410542,0.5859328006410542,1,0
fixed_transform_remove_only,2718,2022-04-08,2022-04-18,-0.0120986062576864,2022,2022-03-31,learned_vol_interaction,20260912,0.5844444326276076,0.5844444326276076,1,0
fixed_transform_remove_only,2723,2022-04-15,2022-04-25,-0.0528494340140576,2022,2022-03-31,learned_vol_interaction,20260912,0.5798617722252569,0.5798617722252569,1,0
fixed_transform_remove_only,2728,2022-04-22,2022-05-05,0.015736821365468,2022,2022-03-31,learned_vol_interaction,20260912,0.5207217910728346,0.5207217910728346,1,1
fixed_transform_remove_only,2733,2022-04-29,2022-05-11,-0.0278824133054675,2022,2022-03-31,learned_vol_interaction,20260912,0.39461742997639565,0.39461742997639565,0,0
fixed_transform_remove_only,2735,2022-05-06,2022-05-16,0.033741423035827,2022,2022-03-31,learned_vol_interaction,20260912,0.46940921369269717,0.46940921369269717,0,1
fixed_transform_remove_only,2740,2022-05-13,2022-05-23,0.0164308841843088,2022,2022-03-31,learned_vol_interaction,20260912,0.4686707561520588,0.4686707561520588,0,1
fixed_transform_remove_only,2745,2022-05-20,2022-05-30,-0.0147293413085614,2022,2022-03-31,learned_vol_interaction,20260912,0.484809283848305,0.484809283848305,0,0
fixed_transform_remove_only,2750,2022-05-27,2022-06-13,0.0431748431927498,2022,2022-03-31,learned_vol_interaction,20260912,0.457299811636675,0.457299811636675,0,1
fixed_transform_remove_only,2759,2022-06-10,2022-06-20,0.0306046547112142,2022,2022-03-31,learned_vol_interaction,20260912,0.33800987590143383,0.33800987590143383,0,1
fixed_transform_remove_only,2764,2022-06-17,2022-06-27,0.0211666894141107,2022,2022-03-31,learned_vol_interaction,20260912,0.31164216109723686,0.31164216109723686,0,1
fixed_transform_remove_only,2769,2022-06-24,2022-07-04,0.0074507343130214,2022,2022-03-31,learned_vol_interaction,20260912,0.39444272250945944,0.39444272250945944,0,1
fixed_transform_remove_only,2715,2022-04-01,2022-04-12,-0.0129237372705649,2022,2022-03-31,learned_order_extension,20260912,0.5886700115105888,0.5886700115105888,1,0
fixed_transform_remove_only,2718,2022-04-08,2022-04-18,-0.0120986062576864,2022,2022-03-31,learned_order_extension,20260912,0.5870443524130838,0.5870443524130838,1,0
fixed_transform_remove_only,2723,2022-04-15,2022-04-25,-0.0528494340140576,2022,2022-03-31,learned_order_extension,20260912,0.5810336345154707,0.5810336345154707,1,0
fixed_transform_remove_only,2728,2022-04-22,2022-05-05,0.015736821365468,2022,2022-03-31,learned_order_extension,20260912,0.5250099626550545,0.5250099626550545,1,1
fixed_transform_remove_only,2733,2022-04-29,2022-05-11,-0.0278824133054675,2022,2022-03-31,learned_order_extension,20260912,0.392743991809312,0.392743991809312,0,0
fixed_transform_remove_only,2735,2022-05-06,2022-05-16,0.033741423035827,2022,2022-03-31,learned_order_extension,20260912,0.4683614768442137,0.4683614768442137,0,1
fixed_transform_remove_only,2740,2022-05-13,2022-05-23,0.0164308841843088,2022,2022-03-31,learned_order_extension,20260912,0.46661443508722594,0.46661443508722594,0,1
fixed_transform_remove_only,2745,2022-05-20,2022-05-30,-0.0147293413085614,2022,2022-03-31,learned_order_extension,20260912,0.48715269184434296,0.48715269184434296,0,0
fixed_transform_remove_only,2750,2022-05-27,2022-06-13,0.0431748431927498,2022,2022-03-31,learned_order_extension,20260912,0.4578413377613671,0.4578413377613671,0,1
fixed_transform_remove_only,2759,2022-06-10,2022-06-20,0.0306046547112142,2022,2022-03-31,learned_order_extension,20260912,0.3442722373009263,0.3442722373009263,0,1
fixed_transform_remove_only,2764,2022-06-17,2022-06-27,0.0211666894141107,2022,2022-03-31,learned_order_extension,20260912,0.3276077391782998,0.3276077391782998,0,1
fixed_transform_remove_only,2769,2022-06-24,2022-07-04,0.0074507343130214,2022,2022-03-31,learned_order_extension,20260912,0.40319358323267035,0.40319358323267035,0,1
fixed_transform_remove_only,2715,2022-04-01,2022-04-12,-0.0129237372705649,2022,2022-03-31,learned_order_offset,20260912,0.5881503834420123,0.5881503834420123,1,0
fixed_transform_remove_only,2718,2022-04-08,2022-04-18,-0.0120986062576864,2022,2022-03-31,learned_order_offset,20260912,0.5868585635001611,0.5868585635001611,1,0
fixed_transform_remove_only,2723,2022-04-15,2022-04-25,-0.0528494340140576,2022,2022-03-31,learned_order_offset,20260912,0.5810229542587247,0.5810229542587247,1,0
fixed_transform_remove_only,2728,2022-04-22,2022-05-05,0.015736821365468,2022,2022-03-31,learned_order_offset,20260912,0.5249444070519045,0.5249444070519045,1,1
fixed_transform_remove_only,2733,2022-04-29,2022-05-11,-0.0278824133054675,2022,2022-03-31,learned_order_offset,20260912,0.3927231916205054,0.3927231916205054,0,0
fixed_transform_remove_only,2735,2022-05-06,2022-05-16,0.033741423035827,2022,2022-03-31,learned_order_offset,20260912,0.46836973184495745,0.46836973184495745,0,1
fixed_transform_remove_only,2740,2022-05-13,2022-05-23,0.0164308841843088,2022,2022-03-31,learned_order_offset,20260912,0.4666276754929706,0.4666276754929706,0,1
fixed_transform_remove_only,2745,2022-05-20,2022-05-30,-0.0147293413085614,2022,2022-03-31,learned_order_offset,20260912,0.4870498010034376,0.4870498010034376,0,0
fixed_transform_remove_only,2750,2022-05-27,2022-06-13,0.0431748431927498,2022,2022-03-31,learned_order_offset,20260912,0.4576609466798068,0.4576609466798068,0,1
fixed_transform_remove_only,2759,2022-06-10,2022-06-20,0.0306046547112142,2022,2022-03-31,learned_order_offset,20260912,0.34394342866048777,0.34394342866048777,0,1
fixed_transform_remove_only,2764,2022-06-17,2022-06-27,0.0211666894141107,2022,2022-03-31,learned_order_offset,20260912,0.32711063711903304,0.32711063711903304,0,1
fixed_transform_remove_only,2769,2022-06-24,2022-07-04,0.0074507343130214,2022,2022-03-31,learned_order_offset,20260912,0.4027616973858775,0.4027616973858775,0,1
fixed_transform_remove_only,2715,2022-04-01,2022-04-12,-0.0129237372705649,2022,2022-03-31,training_frequency,-1,0.5407986111111112,0.5407986111111112,1,0
fixed_transform_remove_only,2718,2022-04-08,2022-04-18,-0.0120986062576864,2022,2022-03-31,training_frequency,-1,0.5407986111111112,0.5407986111111112,1,0
fixed_transform_remove_only,2723,2022-04-15,2022-04-25,-0.0528494340140576,2022,2022-03-31,training_frequency,-1,0.5407986111111112,0.5407986111111112,1,0
fixed_transform_remove_only,2728,2022-04-22,2022-05-05,0.015736821365468,2022,2022-03-31,training_frequency,-1,0.5407986111111112,0.5407986111111112,1,1
fixed_transform_remove_only,2733,2022-04-29,2022-05-11,-0.0278824133054675,2022,2022-03-31,training_frequency,-1,0.5407986111111112,0.5407986111111112,1,0
fixed_transform_remove_only,2735,2022-05-06,2022-05-16,0.033741423035827,2022,2022-03-31,training_frequency,-1,0.5407986111111112,0.5407986111111112,1,1
fixed_transform_remove_only,2740,2022-05-13,2022-05-23,0.0164308841843088,2022,2022-03-31,training_frequency,-1,0.5407986111111112,0.5407986111111112,1,1
fixed_transform_remove_only,2745,2022-05-20,2022-05-30,-0.0147293413085614,2022,2022-03-31,training_frequency,-1,0.5407986111111112,0.5407986111111112,1,0
fixed_transform_remove_only,2750,2022-05-27,2022-06-13,0.0431748431927498,2022,2022-03-31,training_frequency,-1,0.5407986111111112,0.5407986111111112,1,1
fixed_transform_remove_only,2759,2022-06-10,2022-06-20,0.0306046547112142,2022,2022-03-31,training_frequency,-1,0.5407986111111112,0.5407986111111112,1,1
fixed_transform_remove_only,2764,2022-06-17,2022-06-27,0.0211666894141107,2022,2022-03-31,training_frequency,-1,0.5407986111111112,0.5407986111111112,1,1
fixed_transform_remove_only,2769,2022-06-24,2022-07-04,0.0074507343130214,2022,2022-03-31,training_frequency,-1,0.5407986111111112,0.5407986111111112,1,1
fixed_transform_remove_only,2774,2022-07-01,2022-07-11,-0.0092349827532707,2022,2022-06-30,learned_market,20260910,0.5147994591769985,0.5147994591769985,1,0
fixed_transform_remove_only,2779,2022-07-08,2022-07-18,-0.0326815927737367,2022,2022-06-30,learned_market,20260910,0.5015986777287386,0.5015986777287386,1,0
fixed_transform_remove_only,2784,2022-07-15,2022-07-25,-0.0066210715249344,2022,2022-06-30,learned_market,20260910,0.5251873256777373,0.5251873256777373,1,0
fixed_transform_remove_only,2789,2022-07-22,2022-08-01,-0.0173077967751003,2022,2022-06-30,learned_market,20260910,0.5672965040081838,0.5672965040081838,1,0
fixed_transform_remove_only,2794,2022-07-29,2022-08-08,-0.004456034513838,2022,2022-06-30,learned_market,20260910,0.7222274383508375,0.7222274383508375,1,0
fixed_transform_remove_only,2799,2022-08-05,2022-08-15,0.0091475117753996,2022,2022-06-30,learned_market,20260910,0.7080099422134639,0.7080099422134639,1,1
fixed_transform_remove_only,2804,2022-08-12,2022-08-22,-0.0107272727272728,2022,2022-06-30,learned_market,20260910,0.709613094962787,0.709613094962787,1,0
fixed_transform_remove_only,2809,2022-08-19,2022-08-29,-0.0172375434082356,2022,2022-06-30,learned_market,20260910,0.6578663156448465,0.6578663156448465,1,0
fixed_transform_remove_only,2814,2022-08-26,2022-09-05,-0.0131573766941938,2022,2022-06-30,learned_market,20260910,0.6454060560477876,0.6454060560477876,1,0
fixed_transform_remove_only,2819,2022-09-02,2022-09-13,0.0253340680878015,2022,2022-06-30,learned_market,20260910,0.623421414917188,0.623421414917188,1,1
fixed_transform_remove_only,2824,2022-09-09,2022-09-19,-0.044647264962877,2022,2022-06-30,learned_market,20260910,0.7163302754057352,0.7163302754057352,1,0
fixed_transform_remove_only,2828,2022-09-16,2022-09-26,-0.025155151434928,2022,2022-06-30,learned_market,20260910,0.5869398988092682,0.5869398988092682,1,0
fixed_transform_remove_only,2833,2022-09-23,2022-10-10,-0.0060162941299352,2022,2022-06-30,learned_market,20260910,0.7152942183964858,0.7152942183964858,1,0
fixed_transform_remove_only,2838,2022-09-30,2022-10-17,0.0041192047412885,2022,2022-06-30,learned_market,20260910,0.6025312758886715,0.6025312758886715,1,1
fixed_transform_remove_only,2774,2022-07-01,2022-07-11,-0.0092349827532707,2022,2022-06-30,learned_vol_interaction,20260910,0.5148183427842501,0.5148183427842501,1,0
fixed_transform_remove_only,2779,2022-07-08,2022-07-18,-0.0326815927737367,2022,2022-06-30,learned_vol_interaction,20260910,0.5016798661591666,0.5016798661591666,1,0
fixed_transform_remove_only,2784,2022-07-15,2022-07-25,-0.0066210715249344,2022,2022-06-30,learned_vol_interaction,20260910,0.5252356618257819,0.5252356618257819,1,0
fixed_transform_remove_only,2789,2022-07-22,2022-08-01,-0.0173077967751003,2022,2022-06-30,learned_vol_interaction,20260910,0.5672683765772123,0.5672683765772123,1,0
fixed_transform_remove_only,2794,2022-07-29,2022-08-08,-0.004456034513838,2022,2022-06-30,learned_vol_interaction,20260910,0.7222401383596345,0.7222401383596345,1,0
fixed_transform_remove_only,2799,2022-08-05,2022-08-15,0.0091475117753996,2022,2022-06-30,learned_vol_interaction,20260910,0.707898571088421,0.707898571088421,1,1
fixed_transform_remove_only,2804,2022-08-12,2022-08-22,-0.0107272727272728,2022,2022-06-30,learned_vol_interaction,20260910,0.7094936183028039,0.7094936183028039,1,0
fixed_transform_remove_only,2809,2022-08-19,2022-08-29,-0.0172375434082356,2022,2022-06-30,learned_vol_interaction,20260910,0.6579379761611265,0.6579379761611265,1,0
fixed_transform_remove_only,2814,2022-08-26,2022-09-05,-0.0131573766941938,2022,2022-06-30,learned_vol_interaction,20260910,0.6453758410714018,0.6453758410714018,1,0
fixed_transform_remove_only,2819,2022-09-02,2022-09-13,0.0253340680878015,2022,2022-06-30,learned_vol_interaction,20260910,0.6233461287769052,0.6233461287769052,1,1
fixed_transform_remove_only,2824,2022-09-09,2022-09-19,-0.044647264962877,2022,2022-06-30,learned_vol_interaction,20260910,0.7161510512720392,0.7161510512720392,1,0
fixed_transform_remove_only,2828,2022-09-16,2022-09-26,-0.025155151434928,2022,2022-06-30,learned_vol_interaction,20260910,0.5868101793472066,0.5868101793472066,1,0
fixed_transform_remove_only,2833,2022-09-23,2022-10-10,-0.0060162941299352,2022,2022-06-30,learned_vol_interaction,20260910,0.7151493061212578,0.7151493061212578,1,0
fixed_transform_remove_only,2838,2022-09-30,2022-10-17,0.0041192047412885,2022,2022-06-30,learned_vol_interaction,20260910,0.6024448619608886,0.6024448619608886,1,1
fixed_transform_remove_only,2774,2022-07-01,2022-07-11,-0.0092349827532707,2022,2022-06-30,learned_order_extension,20260910,0.5070707148128274,0.5070707148128274,1,0
fixed_transform_remove_only,2779,2022-07-08,2022-07-18,-0.0326815927737367,2022,2022-06-30,learned_order_extension,20260910,0.5156382060052048,0.5156382060052048,1,0
fixed_transform_remove_only,2784,2022-07-15,2022-07-25,-0.0066210715249344,2022,2022-06-30,learned_order_extension,20260910,0.5331381534793506,0.5331381534793506,1,0
fixed_transform_remove_only,2789,2022-07-22,2022-08-01,-0.0173077967751003,2022,2022-06-30,learned_order_extension,20260910,0.5645826398333931,0.5645826398333931,1,0
fixed_transform_remove_only,2794,2022-07-29,2022-08-08,-0.004456034513838,2022,2022-06-30,learned_order_extension,20260910,0.6402230984417755,0.6402230984417755,1,0
fixed_transform_remove_only,2799,2022-08-05,2022-08-15,0.0091475117753996,2022,2022-06-30,learned_order_extension,20260910,0.6577838239867927,0.6577838239867927,1,1
fixed_transform_remove_only,2804,2022-08-12,2022-08-22,-0.0107272727272728,2022,2022-06-30,learned_order_extension,20260910,0.6701654577919678,0.6701654577919678,1,0
fixed_transform_remove_only,2809,2022-08-19,2022-08-29,-0.0172375434082356,2022,2022-06-30,learned_order_extension,20260910,0.5903281658516706,0.5903281658516706,1,0
fixed_transform_remove_only,2814,2022-08-26,2022-09-05,-0.0131573766941938,2022,2022-06-30,learned_order_extension,20260910,0.6146848862178916,0.6146848862178916,1,0
fixed_transform_remove_only,2819,2022-09-02,2022-09-13,0.0253340680878015,2022,2022-06-30,learned_order_extension,20260910,0.6004586538719079,0.6004586538719079,1,1
fixed_transform_remove_only,2824,2022-09-09,2022-09-19,-0.044647264962877,2022,2022-06-30,learned_order_extension,20260910,0.5765822044967495,0.5765822044967495,1,0
fixed_transform_remove_only,2828,2022-09-16,2022-09-26,-0.025155151434928,2022,2022-06-30,learned_order_extension,20260910,0.5768818150919551,0.5768818150919551,1,0
fixed_transform_remove_only,2833,2022-09-23,2022-10-10,-0.0060162941299352,2022,2022-06-30,learned_order_extension,20260910,0.627959006757118,0.627959006757118,1,0
fixed_transform_remove_only,2838,2022-09-30,2022-10-17,0.0041192047412885,2022,2022-06-30,learned_order_extension,20260910,0.6086364639377141,0.6086364639377141,1,1
fixed_transform_remove_only,2774,2022-07-01,2022-07-11,-0.0092349827532707,2022,2022-06-30,learned_order_offset,20260910,0.5077138562609317,0.5077138562609317,1,0
fixed_transform_remove_only,2779,2022-07-08,2022-07-18,-0.0326815927737367,2022,2022-06-30,learned_order_offset,20260910,0.5148902063520399,0.5148902063520399,1,0
fixed_transform_remove_only,2784,2022-07-15,2022-07-25,-0.0066210715249344,2022,2022-06-30,learned_order_offset,20260910,0.531606552862839,0.531606552862839,1,0
fixed_transform_remove_only,2789,2022-07-22,2022-08-01,-0.0173077967751003,2022,2022-06-30,learned_order_offset,20260910,0.5639648494047412,0.5639648494047412,1,0
fixed_transform_remove_only,2794,2022-07-29,2022-08-08,-0.004456034513838,2022,2022-06-30,learned_order_offset,20260910,0.6405239799297021,0.6405239799297021,1,0
fixed_transform_remove_only,2799,2022-08-05,2022-08-15,0.0091475117753996,2022,2022-06-30,learned_order_offset,20260910,0.6577242158813084,0.6577242158813084,1,1
fixed_transform_remove_only,2804,2022-08-12,2022-08-22,-0.0107272727272728,2022,2022-06-30,learned_order_offset,20260910,0.6705885603821251,0.6705885603821251,1,0
fixed_transform_remove_only,2809,2022-08-19,2022-08-29,-0.0172375434082356,2022,2022-06-30,learned_order_offset,20260910,0.5920191291776505,0.5920191291776505,1,0
fixed_transform_remove_only,2814,2022-08-26,2022-09-05,-0.0131573766941938,2022,2022-06-30,learned_order_offset,20260910,0.6139675331476386,0.6139675331476386,1,0
fixed_transform_remove_only,2819,2022-09-02,2022-09-13,0.0253340680878015,2022,2022-06-30,learned_order_offset,20260910,0.5990385265014814,0.5990385265014814,1,1
fixed_transform_remove_only,2824,2022-09-09,2022-09-19,-0.044647264962877,2022,2022-06-30,learned_order_offset,20260910,0.5761398962553036,0.5761398962553036,1,0
fixed_transform_remove_only,2828,2022-09-16,2022-09-26,-0.025155151434928,2022,2022-06-30,learned_order_offset,20260910,0.5771013156861864,0.5771013156861864,1,0
fixed_transform_remove_only,2833,2022-09-23,2022-10-10,-0.0060162941299352,2022,2022-06-30,learned_order_offset,20260910,0.6282648376553064,0.6282648376553064,1,0
fixed_transform_remove_only,2838,2022-09-30,2022-10-17,0.0041192047412885,2022,2022-06-30,learned_order_offset,20260910,0.6077339178162724,0.6077339178162724,1,1
fixed_transform_remove_only,2774,2022-07-01,2022-07-11,-0.0092349827532707,2022,2022-06-30,learned_market,20260911,0.4903065067769964,0.4903065067769964,0,0
fixed_transform_remove_only,2779,2022-07-08,2022-07-18,-0.0326815927737367,2022,2022-06-30,learned_market,20260911,0.4926046921302112,0.4926046921302112,0,0
fixed_transform_remove_only,2784,2022-07-15,2022-07-25,-0.0066210715249344,2022,2022-06-30,learned_market,20260911,0.27099376146433735,0.27099376146433735,0,0
fixed_transform_remove_only,2789,2022-07-22,2022-08-01,-0.0173077967751003,2022,2022-06-30,learned_market,20260911,0.3024925847485681,0.3024925847485681,0,0
fixed_transform_remove_only,2794,2022-07-29,2022-08-08,-0.004456034513838,2022,2022-06-30,learned_market,20260911,0.5265981411721782,0.5265981411721782,1,0
fixed_transform_remove_only,2799,2022-08-05,2022-08-15,0.0091475117753996,2022,2022-06-30,learned_market,20260911,0.6756023181754549,0.6756023181754549,1,1
fixed_transform_remove_only,2804,2022-08-12,2022-08-22,-0.0107272727272728,2022,2022-06-30,learned_market,20260911,0.6791861703911494,0.6791861703911494,1,0
fixed_transform_remove_only,2809,2022-08-19,2022-08-29,-0.0172375434082356,2022,2022-06-30,learned_market,20260911,0.6699348157928665,0.6699348157928665,1,0
fixed_transform_remove_only,2814,2022-08-26,2022-09-05,-0.0131573766941938,2022,2022-06-30,learned_market,20260911,0.7207805568552886,0.7207805568552886,1,0
fixed_transform_remove_only,2819,2022-09-02,2022-09-13,0.0253340680878015,2022,2022-06-30,learned_market,20260911,0.6478506397336815,0.6478506397336815,1,1
fixed_transform_remove_only,2824,2022-09-09,2022-09-19,-0.044647264962877,2022,2022-06-30,learned_market,20260911,0.586543815585138,0.586543815585138,1,0
fixed_transform_remove_only,2828,2022-09-16,2022-09-26,-0.025155151434928,2022,2022-06-30,learned_market,20260911,0.6167806725478183,0.6167806725478183,1,0
fixed_transform_remove_only,2833,2022-09-23,2022-10-10,-0.0060162941299352,2022,2022-06-30,learned_market,20260911,0.7360664787771093,0.7360664787771093,1,0
fixed_transform_remove_only,2838,2022-09-30,2022-10-17,0.0041192047412885,2022,2022-06-30,learned_market,20260911,0.5934501684426711,0.5934501684426711,1,1
fixed_transform_remove_only,2774,2022-07-01,2022-07-11,-0.0092349827532707,2022,2022-06-30,learned_vol_interaction,20260911,0.5022569352477505,0.5022569352477505,1,0
fixed_transform_remove_only,2779,2022-07-08,2022-07-18,-0.0326815927737367,2022,2022-06-30,learned_vol_interaction,20260911,0.5103708253537683,0.5103708253537683,1,0
fixed_transform_remove_only,2784,2022-07-15,2022-07-25,-0.0066210715249344,2022,2022-06-30,learned_vol_interaction,20260911,0.2871468547349232,0.2871468547349232,0,0
fixed_transform_remove_only,2789,2022-07-22,2022-08-01,-0.0173077967751003,2022,2022-06-30,learned_vol_interaction,20260911,0.3214483919132164,0.3214483919132164,0,0
fixed_transform_remove_only,2794,2022-07-29,2022-08-08,-0.004456034513838,2022,2022-06-30,learned_vol_interaction,20260911,0.5290703429071631,0.5290703429071631,1,0
fixed_transform_remove_only,2799,2022-08-05,2022-08-15,0.0091475117753996,2022,2022-06-30,learned_vol_interaction,20260911,0.6763876980306697,0.6763876980306697,1,1
fixed_transform_remove_only,2804,2022-08-12,2022-08-22,-0.0107272727272728,2022,2022-06-30,learned_vol_interaction,20260911,0.6804627230592131,0.6804627230592131,1,0
fixed_transform_remove_only,2809,2022-08-19,2022-08-29,-0.0172375434082356,2022,2022-06-30,learned_vol_interaction,20260911,0.672913407526455,0.672913407526455,1,0
fixed_transform_remove_only,2814,2022-08-26,2022-09-05,-0.0131573766941938,2022,2022-06-30,learned_vol_interaction,20260911,0.7245375391983978,0.7245375391983978,1,0
fixed_transform_remove_only,2819,2022-09-02,2022-09-13,0.0253340680878015,2022,2022-06-30,learned_vol_interaction,20260911,0.6568222028873333,0.6568222028873333,1,1
fixed_transform_remove_only,2824,2022-09-09,2022-09-19,-0.044647264962877,2022,2022-06-30,learned_vol_interaction,20260911,0.5913042548456154,0.5913042548456154,1,0
fixed_transform_remove_only,2828,2022-09-16,2022-09-26,-0.025155151434928,2022,2022-06-30,learned_vol_interaction,20260911,0.6198482700082464,0.6198482700082464,1,0
fixed_transform_remove_only,2833,2022-09-23,2022-10-10,-0.0060162941299352,2022,2022-06-30,learned_vol_interaction,20260911,0.7259830387692505,0.7259830387692505,1,0
fixed_transform_remove_only,2838,2022-09-30,2022-10-17,0.0041192047412885,2022,2022-06-30,learned_vol_interaction,20260911,0.5951660779139478,0.5951660779139478,1,1
fixed_transform_remove_only,2774,2022-07-01,2022-07-11,-0.0092349827532707,2022,2022-06-30,learned_order_extension,20260911,0.47859413329812917,0.47859413329812917,0,0
fixed_transform_remove_only,2779,2022-07-08,2022-07-18,-0.0326815927737367,2022,2022-06-30,learned_order_extension,20260911,0.4867940715067442,0.4867940715067442,0,0
fixed_transform_remove_only,2784,2022-07-15,2022-07-25,-0.0066210715249344,2022,2022-06-30,learned_order_extension,20260911,0.2678343440836,0.2678343440836,0,0
fixed_transform_remove_only,2789,2022-07-22,2022-08-01,-0.0173077967751003,2022,2022-06-30,learned_order_extension,20260911,0.2501378973147166,0.2501378973147166,0,0
fixed_transform_remove_only,2794,2022-07-29,2022-08-08,-0.004456034513838,2022,2022-06-30,learned_order_extension,20260911,0.5188836306038577,0.5188836306038577,1,0
fixed_transform_remove_only,2799,2022-08-05,2022-08-15,0.0091475117753996,2022,2022-06-30,learned_order_extension,20260911,0.7634747800546962,0.7634747800546962,1,1
fixed_transform_remove_only,2804,2022-08-12,2022-08-22,-0.0107272727272728,2022,2022-06-30,learned_order_extension,20260911,0.774667283466037,0.774667283466037,1,0
fixed_transform_remove_only,2809,2022-08-19,2022-08-29,-0.0172375434082356,2022,2022-06-30,learned_order_extension,20260911,0.7657656038870237,0.7657656038870237,1,0
fixed_transform_remove_only,2814,2022-08-26,2022-09-05,-0.0131573766941938,2022,2022-06-30,learned_order_extension,20260911,0.8315067416124716,0.8315067416124716,1,0
fixed_transform_remove_only,2819,2022-09-02,2022-09-13,0.0253340680878015,2022,2022-06-30,learned_order_extension,20260911,0.7221353003535346,0.7221353003535346,1,1
fixed_transform_remove_only,2824,2022-09-09,2022-09-19,-0.044647264962877,2022,2022-06-30,learned_order_extension,20260911,0.6305897861024042,0.6305897861024042,1,0
fixed_transform_remove_only,2828,2022-09-16,2022-09-26,-0.025155151434928,2022,2022-06-30,learned_order_extension,20260911,0.6747352381707343,0.6747352381707343,1,0
fixed_transform_remove_only,2833,2022-09-23,2022-10-10,-0.0060162941299352,2022,2022-06-30,learned_order_extension,20260911,0.7942878347204139,0.7942878347204139,1,0
fixed_transform_remove_only,2838,2022-09-30,2022-10-17,0.0041192047412885,2022,2022-06-30,learned_order_extension,20260911,0.6068696430230711,0.6068696430230711,1,1
fixed_transform_remove_only,2774,2022-07-01,2022-07-11,-0.0092349827532707,2022,2022-06-30,learned_order_offset,20260911,0.48075711925640635,0.48075711925640635,0,0
fixed_transform_remove_only,2779,2022-07-08,2022-07-18,-0.0326815927737367,2022,2022-06-30,learned_order_offset,20260911,0.4897749986649635,0.4897749986649635,0,0
fixed_transform_remove_only,2784,2022-07-15,2022-07-25,-0.0066210715249344,2022,2022-06-30,learned_order_offset,20260911,0.2711319654732634,0.2711319654732634,0,0
fixed_transform_remove_only,2789,2022-07-22,2022-08-01,-0.0173077967751003,2022,2022-06-30,learned_order_offset,20260911,0.253600802059742,0.253600802059742,0,0
fixed_transform_remove_only,2794,2022-07-29,2022-08-08,-0.004456034513838,2022,2022-06-30,learned_order_offset,20260911,0.5196988069537836,0.5196988069537836,1,0
fixed_transform_remove_only,2799,2022-08-05,2022-08-15,0.0091475117753996,2022,2022-06-30,learned_order_offset,20260911,0.7612509403664748,0.7612509403664748,1,1
fixed_transform_remove_only,2804,2022-08-12,2022-08-22,-0.0107272727272728,2022,2022-06-30,learned_order_offset,20260911,0.7730785641115194,0.7730785641115194,1,0
fixed_transform_remove_only,2809,2022-08-19,2022-08-29,-0.0172375434082356,2022,2022-06-30,learned_order_offset,20260911,0.7640274516460649,0.7640274516460649,1,0
fixed_transform_remove_only,2814,2022-08-26,2022-09-05,-0.0131573766941938,2022,2022-06-30,learned_order_offset,20260911,0.8298082553523204,0.8298082553523204,1,0
fixed_transform_remove_only,2819,2022-09-02,2022-09-13,0.0253340680878015,2022,2022-06-30,learned_order_offset,20260911,0.7225589316596518,0.7225589316596518,1,1
fixed_transform_remove_only,2824,2022-09-09,2022-09-19,-0.044647264962877,2022,2022-06-30,learned_order_offset,20260911,0.6326770659486757,0.6326770659486757,1,0
fixed_transform_remove_only,2828,2022-09-16,2022-09-26,-0.025155151434928,2022,2022-06-30,learned_order_offset,20260911,0.6754778429364823,0.6754778429364823,1,0
fixed_transform_remove_only,2833,2022-09-23,2022-10-10,-0.0060162941299352,2022,2022-06-30,learned_order_offset,20260911,0.7935691177117564,0.7935691177117564,1,0
fixed_transform_remove_only,2838,2022-09-30,2022-10-17,0.0041192047412885,2022,2022-06-30,learned_order_offset,20260911,0.6062984973981517,0.6062984973981517,1,1
fixed_transform_remove_only,2774,2022-07-01,2022-07-11,-0.0092349827532707,2022,2022-06-30,learned_market,20260912,0.40733239015414485,0.40733239015414485,0,0
fixed_transform_remove_only,2779,2022-07-08,2022-07-18,-0.0326815927737367,2022,2022-06-30,learned_market,20260912,0.4560109095177045,0.4560109095177045,0,0
fixed_transform_remove_only,2784,2022-07-15,2022-07-25,-0.0066210715249344,2022,2022-06-30,learned_market,20260912,0.4971989379213123,0.4971989379213123,0,0
fixed_transform_remove_only,2789,2022-07-22,2022-08-01,-0.0173077967751003,2022,2022-06-30,learned_market,20260912,0.5239094893925521,0.5239094893925521,1,0
fixed_transform_remove_only,2794,2022-07-29,2022-08-08,-0.004456034513838,2022,2022-06-30,learned_market,20260912,0.6627981964698715,0.6627981964698715,1,0
fixed_transform_remove_only,2799,2022-08-05,2022-08-15,0.0091475117753996,2022,2022-06-30,learned_market,20260912,0.6239074111124746,0.6239074111124746,1,1
fixed_transform_remove_only,2804,2022-08-12,2022-08-22,-0.0107272727272728,2022,2022-06-30,learned_market,20260912,0.5540016874840548,0.5540016874840548,1,0
fixed_transform_remove_only,2809,2022-08-19,2022-08-29,-0.0172375434082356,2022,2022-06-30,learned_market,20260912,0.5618146759470443,0.5618146759470443,1,0
fixed_transform_remove_only,2814,2022-08-26,2022-09-05,-0.0131573766941938,2022,2022-06-30,learned_market,20260912,0.5715070426625057,0.5715070426625057,1,0
fixed_transform_remove_only,2819,2022-09-02,2022-09-13,0.0253340680878015,2022,2022-06-30,learned_market,20260912,0.6357795366673071,0.6357795366673071,1,1
fixed_transform_remove_only,2824,2022-09-09,2022-09-19,-0.044647264962877,2022,2022-06-30,learned_market,20260912,0.7335393111795059,0.7335393111795059,1,0
fixed_transform_remove_only,2828,2022-09-16,2022-09-26,-0.025155151434928,2022,2022-06-30,learned_market,20260912,0.7242458034827969,0.7242458034827969,1,0
fixed_transform_remove_only,2833,2022-09-23,2022-10-10,-0.0060162941299352,2022,2022-06-30,learned_market,20260912,0.6942897590965703,0.6942897590965703,1,0
fixed_transform_remove_only,2838,2022-09-30,2022-10-17,0.0041192047412885,2022,2022-06-30,learned_market,20260912,0.683653493181272,0.683653493181272,1,1
fixed_transform_remove_only,2774,2022-07-01,2022-07-11,-0.0092349827532707,2022,2022-06-30,learned_vol_interaction,20260912,0.4104340086473399,0.4104340086473399,0,0
fixed_transform_remove_only,2779,2022-07-08,2022-07-18,-0.0326815927737367,2022,2022-06-30,learned_vol_interaction,20260912,0.45814123775247473,0.45814123775247473,0,0
fixed_transform_remove_only,2784,2022-07-15,2022-07-25,-0.0066210715249344,2022,2022-06-30,learned_vol_interaction,20260912,0.4987837857902654,0.4987837857902654,0,0
fixed_transform_remove_only,2789,2022-07-22,2022-08-01,-0.0173077967751003,2022,2022-06-30,learned_vol_interaction,20260912,0.5241226640396672,0.5241226640396672,1,0
fixed_transform_remove_only,2794,2022-07-29,2022-08-08,-0.004456034513838,2022,2022-06-30,learned_vol_interaction,20260912,0.6608152458448889,0.6608152458448889,1,0
fixed_transform_remove_only,2799,2022-08-05,2022-08-15,0.0091475117753996,2022,2022-06-30,learned_vol_interaction,20260912,0.6231165073360474,0.6231165073360474,1,1
fixed_transform_remove_only,2804,2022-08-12,2022-08-22,-0.0107272727272728,2022,2022-06-30,learned_vol_interaction,20260912,0.5540883311129949,0.5540883311129949,1,0
fixed_transform_remove_only,2809,2022-08-19,2022-08-29,-0.0172375434082356,2022,2022-06-30,learned_vol_interaction,20260912,0.5612116876053858,0.5612116876053858,1,0
fixed_transform_remove_only,2814,2022-08-26,2022-09-05,-0.0131573766941938,2022,2022-06-30,learned_vol_interaction,20260912,0.571513483526848,0.571513483526848,1,0
fixed_transform_remove_only,2819,2022-09-02,2022-09-13,0.0253340680878015,2022,2022-06-30,learned_vol_interaction,20260912,0.6366566425998066,0.6366566425998066,1,1
fixed_transform_remove_only,2824,2022-09-09,2022-09-19,-0.044647264962877,2022,2022-06-30,learned_vol_interaction,20260912,0.731923989474453,0.731923989474453,1,0
fixed_transform_remove_only,2828,2022-09-16,2022-09-26,-0.025155151434928,2022,2022-06-30,learned_vol_interaction,20260912,0.723362884259343,0.723362884259343,1,0
fixed_transform_remove_only,2833,2022-09-23,2022-10-10,-0.0060162941299352,2022,2022-06-30,learned_vol_interaction,20260912,0.6922986636890573,0.6922986636890573,1,0
fixed_transform_remove_only,2838,2022-09-30,2022-10-17,0.0041192047412885,2022,2022-06-30,learned_vol_interaction,20260912,0.6828189869051898,0.6828189869051898,1,1
fixed_transform_remove_only,2774,2022-07-01,2022-07-11,-0.0092349827532707,2022,2022-06-30,learned_order_extension,20260912,0.43373297320125237,0.43373297320125237,0,0
fixed_transform_remove_only,2779,2022-07-08,2022-07-18,-0.0326815927737367,2022,2022-06-30,learned_order_extension,20260912,0.4832879057911066,0.4832879057911066,0,0
fixed_transform_remove_only,2784,2022-07-15,2022-07-25,-0.0066210715249344,2022,2022-06-30,learned_order_extension,20260912,0.5066815509315649,0.5066815509315649,1,0
fixed_transform_remove_only,2789,2022-07-22,2022-08-01,-0.0173077967751003,2022,2022-06-30,learned_order_extension,20260912,0.5344413219415761,0.5344413219415761,1,0
fixed_transform_remove_only,2794,2022-07-29,2022-08-08,-0.004456034513838,2022,2022-06-30,learned_order_extension,20260912,0.592313574160052,0.592313574160052,1,0
fixed_transform_remove_only,2799,2022-08-05,2022-08-15,0.0091475117753996,2022,2022-06-30,learned_order_extension,20260912,0.5810952983810161,0.5810952983810161,1,1
fixed_transform_remove_only,2804,2022-08-12,2022-08-22,-0.0107272727272728,2022,2022-06-30,learned_order_extension,20260912,0.5583874632562318,0.5583874632562318,1,0
fixed_transform_remove_only,2809,2022-08-19,2022-08-29,-0.0172375434082356,2022,2022-06-30,learned_order_extension,20260912,0.5510847758304523,0.5510847758304523,1,0
fixed_transform_remove_only,2814,2022-08-26,2022-09-05,-0.0131573766941938,2022,2022-06-30,learned_order_extension,20260912,0.550813902225229,0.550813902225229,1,0
fixed_transform_remove_only,2819,2022-09-02,2022-09-13,0.0253340680878015,2022,2022-06-30,learned_order_extension,20260912,0.5879020974993427,0.5879020974993427,1,1
fixed_transform_remove_only,2824,2022-09-09,2022-09-19,-0.044647264962877,2022,2022-06-30,learned_order_extension,20260912,0.6212377054953865,0.6212377054953865,1,0
fixed_transform_remove_only,2828,2022-09-16,2022-09-26,-0.025155151434928,2022,2022-06-30,learned_order_extension,20260912,0.6314901119254251,0.6314901119254251,1,0
fixed_transform_remove_only,2833,2022-09-23,2022-10-10,-0.0060162941299352,2022,2022-06-30,learned_order_extension,20260912,0.6218428659838521,0.6218428659838521,1,0
fixed_transform_remove_only,2838,2022-09-30,2022-10-17,0.0041192047412885,2022,2022-06-30,learned_order_extension,20260912,0.636462424471566,0.636462424471566,1,1
fixed_transform_remove_only,2774,2022-07-01,2022-07-11,-0.0092349827532707,2022,2022-06-30,learned_order_offset,20260912,0.4326550663700704,0.4326550663700704,0,0
fixed_transform_remove_only,2779,2022-07-08,2022-07-18,-0.0326815927737367,2022,2022-06-30,learned_order_offset,20260912,0.4828952761187323,0.4828952761187323,0,0
fixed_transform_remove_only,2784,2022-07-15,2022-07-25,-0.0066210715249344,2022,2022-06-30,learned_order_offset,20260912,0.5067776693940904,0.5067776693940904,1,0
fixed_transform_remove_only,2789,2022-07-22,2022-08-01,-0.0173077967751003,2022,2022-06-30,learned_order_offset,20260912,0.534144970031555,0.534144970031555,1,0
fixed_transform_remove_only,2794,2022-07-29,2022-08-08,-0.004456034513838,2022,2022-06-30,learned_order_offset,20260912,0.592133493621932,0.592133493621932,1,0
fixed_transform_remove_only,2799,2022-08-05,2022-08-15,0.0091475117753996,2022,2022-06-30,learned_order_offset,20260912,0.5807890553520931,0.5807890553520931,1,1
fixed_transform_remove_only,2804,2022-08-12,2022-08-22,-0.0107272727272728,2022,2022-06-30,learned_order_offset,20260912,0.5587377690911655,0.5587377690911655,1,0
fixed_transform_remove_only,2809,2022-08-19,2022-08-29,-0.0172375434082356,2022,2022-06-30,learned_order_offset,20260912,0.5505087005155952,0.5505087005155952,1,0
fixed_transform_remove_only,2814,2022-08-26,2022-09-05,-0.0131573766941938,2022,2022-06-30,learned_order_offset,20260912,0.550109096393197,0.550109096393197,1,0
fixed_transform_remove_only,2819,2022-09-02,2022-09-13,0.0253340680878015,2022,2022-06-30,learned_order_offset,20260912,0.5875848016508194,0.5875848016508194,1,1
fixed_transform_remove_only,2824,2022-09-09,2022-09-19,-0.044647264962877,2022,2022-06-30,learned_order_offset,20260912,0.6210417396768733,0.6210417396768733,1,0
fixed_transform_remove_only,2828,2022-09-16,2022-09-26,-0.025155151434928,2022,2022-06-30,learned_order_offset,20260912,0.6309509027375373,0.6309509027375373,1,0
fixed_transform_remove_only,2833,2022-09-23,2022-10-10,-0.0060162941299352,2022,2022-06-30,learned_order_offset,20260912,0.6210669798949522,0.6210669798949522,1,0
fixed_transform_remove_only,2838,2022-09-30,2022-10-17,0.0041192047412885,2022,2022-06-30,learned_order_offset,20260912,0.636147440659993,0.636147440659993,1,1
fixed_transform_remove_only,2774,2022-07-01,2022-07-11,-0.0092349827532707,2022,2022-06-30,training_frequency,-1,0.5439560439560439,0.5439560439560439,1,0
fixed_transform_remove_only,2779,2022-07-08,2022-07-18,-0.0326815927737367,2022,2022-06-30,training_frequency,-1,0.5439560439560439,0.5439560439560439,1,0
fixed_transform_remove_only,2784,2022-07-15,2022-07-25,-0.0066210715249344,2022,2022-06-30,training_frequency,-1,0.5439560439560439,0.5439560439560439,1,0
fixed_transform_remove_only,2789,2022-07-22,2022-08-01,-0.0173077967751003,2022,2022-06-30,training_frequency,-1,0.5439560439560439,0.5439560439560439,1,0
fixed_transform_remove_only,2794,2022-07-29,2022-08-08,-0.004456034513838,2022,2022-06-30,training_frequency,-1,0.5439560439560439,0.5439560439560439,1,0
fixed_transform_remove_only,2799,2022-08-05,2022-08-15,0.0091475117753996,2022,2022-06-30,training_frequency,-1,0.5439560439560439,0.5439560439560439,1,1
fixed_transform_remove_only,2804,2022-08-12,2022-08-22,-0.0107272727272728,2022,2022-06-30,training_frequency,-1,0.5439560439560439,0.5439560439560439,1,0
fixed_transform_remove_only,2809,2022-08-19,2022-08-29,-0.0172375434082356,2022,2022-06-30,training_frequency,-1,0.5439560439560439,0.5439560439560439,1,0
fixed_transform_remove_only,2814,2022-08-26,2022-09-05,-0.0131573766941938,2022,2022-06-30,training_frequency,-1,0.5439560439560439,0.5439560439560439,1,0
fixed_transform_remove_only,2819,2022-09-02,2022-09-13,0.0253340680878015,2022,2022-06-30,training_frequency,-1,0.5439560439560439,0.5439560439560439,1,1
fixed_transform_remove_only,2824,2022-09-09,2022-09-19,-0.044647264962877,2022,2022-06-30,training_frequency,-1,0.5439560439560439,0.5439560439560439,1,0
fixed_transform_remove_only,2828,2022-09-16,2022-09-26,-0.025155151434928,2022,2022-06-30,training_frequency,-1,0.5439560439560439,0.5439560439560439,1,0
fixed_transform_remove_only,2833,2022-09-23,2022-10-10,-0.0060162941299352,2022,2022-06-30,training_frequency,-1,0.5439560439560439,0.5439560439560439,1,0
fixed_transform_remove_only,2838,2022-09-30,2022-10-17,0.0041192047412885,2022,2022-06-30,training_frequency,-1,0.5439560439560439,0.5439560439560439,1,1
fixed_transform_remove_only,2843,2022-10-14,2022-10-24,-0.0246766294110258,2022,2022-09-30,learned_market,20260910,0.6399728902132563,0.6399728902132563,1,0
fixed_transform_remove_only,2848,2022-10-21,2022-10-31,-0.059928861134359,2022,2022-09-30,learned_market,20260910,0.6276203742500075,0.6276203742500075,1,0
fixed_transform_remove_only,2853,2022-10-28,2022-11-07,0.071339502526744,2022,2022-09-30,learned_market,20260910,0.5295162388879655,0.5295162388879655,1,1
fixed_transform_remove_only,2858,2022-11-04,2022-11-14,0.0169449090696014,2022,2022-09-30,learned_market,20260910,0.6524824764626199,0.6524824764626199,1,1
fixed_transform_remove_only,2863,2022-11-11,2022-11-21,-0.0127051391515239,2022,2022-09-30,learned_market,20260910,0.6277126499630278,0.6277126499630278,1,0
fixed_transform_remove_only,2868,2022-11-18,2022-11-28,-0.0179672806084416,2022,2022-09-30,learned_market,20260910,0.6525900668709913,0.6525900668709913,1,0
fixed_transform_remove_only,2873,2022-11-25,2022-12-05,0.0555768659337096,2022,2022-09-30,learned_market,20260910,0.5917100316647909,0.5917100316647909,1,1
fixed_transform_remove_only,2878,2022-12-02,2022-12-12,0.0175374394775362,2022,2022-09-30,learned_market,20260910,0.4628420747551879,0.4628420747551879,0,1
fixed_transform_remove_only,2883,2022-12-09,2022-12-19,-0.0058850602464181,2022,2022-09-30,learned_market,20260910,0.3974624676084725,0.3974624676084725,0,0
fixed_transform_remove_only,2888,2022-12-16,2022-12-26,-0.0309150292073658,2022,2022-09-30,learned_market,20260910,0.5770777964839449,0.5770777964839449,1,0
fixed_transform_remove_only,2893,2022-12-23,2023-01-03,0.0089464492229616,2022,2022-09-30,learned_market,20260910,0.4363684088658399,0.4363684088658399,0,1
fixed_transform_remove_only,2898,2022-12-30,2023-01-09,0.0345913414268119,2022,2022-09-30,learned_market,20260910,0.5226126282616959,0.5226126282616959,1,1
fixed_transform_remove_only,2843,2022-10-14,2022-10-24,-0.0246766294110258,2022,2022-09-30,learned_vol_interaction,20260910,0.6394484255619247,0.6394484255619247,1,0
fixed_transform_remove_only,2848,2022-10-21,2022-10-31,-0.059928861134359,2022,2022-09-30,learned_vol_interaction,20260910,0.6298619108529919,0.6298619108529919,1,0
fixed_transform_remove_only,2853,2022-10-28,2022-11-07,0.071339502526744,2022,2022-09-30,learned_vol_interaction,20260910,0.5300490161544671,0.5300490161544671,1,1
fixed_transform_remove_only,2858,2022-11-04,2022-11-14,0.0169449090696014,2022,2022-09-30,learned_vol_interaction,20260910,0.6474353824575504,0.6474353824575504,1,1
fixed_transform_remove_only,2863,2022-11-11,2022-11-21,-0.0127051391515239,2022,2022-09-30,learned_vol_interaction,20260910,0.6250034958757836,0.6250034958757836,1,0
fixed_transform_remove_only,2868,2022-11-18,2022-11-28,-0.0179672806084416,2022,2022-09-30,learned_vol_interaction,20260910,0.6505178176481655,0.6505178176481655,1,0
fixed_transform_remove_only,2873,2022-11-25,2022-12-05,0.0555768659337096,2022,2022-09-30,learned_vol_interaction,20260910,0.5929256311588815,0.5929256311588815,1,1
fixed_transform_remove_only,2878,2022-12-02,2022-12-12,0.0175374394775362,2022,2022-09-30,learned_vol_interaction,20260910,0.46264621667023476,0.46264621667023476,0,1
fixed_transform_remove_only,2883,2022-12-09,2022-12-19,-0.0058850602464181,2022,2022-09-30,learned_vol_interaction,20260910,0.3945872399292476,0.3945872399292476,0,0
fixed_transform_remove_only,2888,2022-12-16,2022-12-26,-0.0309150292073658,2022,2022-09-30,learned_vol_interaction,20260910,0.5772630978027781,0.5772630978027781,1,0
fixed_transform_remove_only,2893,2022-12-23,2023-01-03,0.0089464492229616,2022,2022-09-30,learned_vol_interaction,20260910,0.43467832444394877,0.43467832444394877,0,1
fixed_transform_remove_only,2898,2022-12-30,2023-01-09,0.0345913414268119,2022,2022-09-30,learned_vol_interaction,20260910,0.523113839490358,0.523113839490358,1,1
fixed_transform_remove_only,2843,2022-10-14,2022-10-24,-0.0246766294110258,2022,2022-09-30,learned_order_extension,20260910,0.6068955236841559,0.6068955236841559,1,0
fixed_transform_remove_only,2848,2022-10-21,2022-10-31,-0.059928861134359,2022,2022-09-30,learned_order_extension,20260910,0.614659376256363,0.614659376256363,1,0
fixed_transform_remove_only,2853,2022-10-28,2022-11-07,0.071339502526744,2022,2022-09-30,learned_order_extension,20260910,0.5369123550234219,0.5369123550234219,1,1
fixed_transform_remove_only,2858,2022-11-04,2022-11-14,0.0169449090696014,2022,2022-09-30,learned_order_extension,20260910,0.647472062239772,0.647472062239772,1,1
fixed_transform_remove_only,2863,2022-11-11,2022-11-21,-0.0127051391515239,2022,2022-09-30,learned_order_extension,20260910,0.6330748858795732,0.6330748858795732,1,0
fixed_transform_remove_only,2868,2022-11-18,2022-11-28,-0.0179672806084416,2022,2022-09-30,learned_order_extension,20260910,0.6624137926602974,0.6624137926602974,1,0
fixed_transform_remove_only,2873,2022-11-25,2022-12-05,0.0555768659337096,2022,2022-09-30,learned_order_extension,20260910,0.5853430524355501,0.5853430524355501,1,1
fixed_transform_remove_only,2878,2022-12-02,2022-12-12,0.0175374394775362,2022,2022-09-30,learned_order_extension,20260910,0.42940189255772104,0.42940189255772104,0,1
fixed_transform_remove_only,2883,2022-12-09,2022-12-19,-0.0058850602464181,2022,2022-09-30,learned_order_extension,20260910,0.35937638955034484,0.35937638955034484,0,0
fixed_transform_remove_only,2888,2022-12-16,2022-12-26,-0.0309150292073658,2022,2022-09-30,learned_order_extension,20260910,0.5820623570341604,0.5820623570341604,1,0
fixed_transform_remove_only,2893,2022-12-23,2023-01-03,0.0089464492229616,2022,2022-09-30,learned_order_extension,20260910,0.4336217251289073,0.4336217251289073,0,1
fixed_transform_remove_only,2898,2022-12-30,2023-01-09,0.0345913414268119,2022,2022-09-30,learned_order_extension,20260910,0.5277878573056538,0.5277878573056538,1,1
fixed_transform_remove_only,2843,2022-10-14,2022-10-24,-0.0246766294110258,2022,2022-09-30,learned_order_offset,20260910,0.6063520110869861,0.6063520110869861,1,0
fixed_transform_remove_only,2848,2022-10-21,2022-10-31,-0.059928861134359,2022,2022-09-30,learned_order_offset,20260910,0.614536134936004,0.614536134936004,1,0
fixed_transform_remove_only,2853,2022-10-28,2022-11-07,0.071339502526744,2022,2022-09-30,learned_order_offset,20260910,0.5354646285572827,0.5354646285572827,1,1
fixed_transform_remove_only,2858,2022-11-04,2022-11-14,0.0169449090696014,2022,2022-09-30,learned_order_offset,20260910,0.6455749020612818,0.6455749020612818,1,1
fixed_transform_remove_only,2863,2022-11-11,2022-11-21,-0.0127051391515239,2022,2022-09-30,learned_order_offset,20260910,0.6318137904466367,0.6318137904466367,1,0
fixed_transform_remove_only,2868,2022-11-18,2022-11-28,-0.0179672806084416,2022,2022-09-30,learned_order_offset,20260910,0.6611304986563863,0.6611304986563863,1,0
fixed_transform_remove_only,2873,2022-11-25,2022-12-05,0.0555768659337096,2022,2022-09-30,learned_order_offset,20260910,0.584158042008469,0.584158042008469,1,1
fixed_transform_remove_only,2878,2022-12-02,2022-12-12,0.0175374394775362,2022,2022-09-30,learned_order_offset,20260910,0.43056663471173634,0.43056663471173634,0,1
fixed_transform_remove_only,2883,2022-12-09,2022-12-19,-0.0058850602464181,2022,2022-09-30,learned_order_offset,20260910,0.3601123755904779,0.3601123755904779,0,0
fixed_transform_remove_only,2888,2022-12-16,2022-12-26,-0.0309150292073658,2022,2022-09-30,learned_order_offset,20260910,0.5815156660243808,0.5815156660243808,1,0
fixed_transform_remove_only,2893,2022-12-23,2023-01-03,0.0089464492229616,2022,2022-09-30,learned_order_offset,20260910,0.4340272839198308,0.4340272839198308,0,1
fixed_transform_remove_only,2898,2022-12-30,2023-01-09,0.0345913414268119,2022,2022-09-30,learned_order_offset,20260910,0.5286907509050321,0.5286907509050321,1,1
fixed_transform_remove_only,2843,2022-10-14,2022-10-24,-0.0246766294110258,2022,2022-09-30,learned_market,20260911,0.5886311174941821,0.5886311174941821,1,0
fixed_transform_remove_only,2848,2022-10-21,2022-10-31,-0.059928861134359,2022,2022-09-30,learned_market,20260911,0.6796264925061501,0.6796264925061501,1,0
fixed_transform_remove_only,2853,2022-10-28,2022-11-07,0.071339502526744,2022,2022-09-30,learned_market,20260911,0.6013528922782674,0.6013528922782674,1,1
fixed_transform_remove_only,2858,2022-11-04,2022-11-14,0.0169449090696014,2022,2022-09-30,learned_market,20260911,0.31773767671615505,0.31773767671615505,0,1
fixed_transform_remove_only,2863,2022-11-11,2022-11-21,-0.0127051391515239,2022,2022-09-30,learned_market,20260911,0.48830742312132525,0.48830742312132525,0,0
fixed_transform_remove_only,2868,2022-11-18,2022-11-28,-0.0179672806084416,2022,2022-09-30,learned_market,20260911,0.3135944399323536,0.3135944399323536,0,0
fixed_transform_remove_only,2873,2022-11-25,2022-12-05,0.0555768659337096,2022,2022-09-30,learned_market,20260911,0.4798488774968237,0.4798488774968237,0,1
fixed_transform_remove_only,2878,2022-12-02,2022-12-12,0.0175374394775362,2022,2022-09-30,learned_market,20260911,0.5636083417840803,0.5636083417840803,1,1
fixed_transform_remove_only,2883,2022-12-09,2022-12-19,-0.0058850602464181,2022,2022-09-30,learned_market,20260911,0.506212354628546,0.506212354628546,1,0
fixed_transform_remove_only,2888,2022-12-16,2022-12-26,-0.0309150292073658,2022,2022-09-30,learned_market,20260911,0.4408693635268219,0.4408693635268219,0,0
fixed_transform_remove_only,2893,2022-12-23,2023-01-03,0.0089464492229616,2022,2022-09-30,learned_market,20260911,0.5151690508923153,0.5151690508923153,1,1
fixed_transform_remove_only,2898,2022-12-30,2023-01-09,0.0345913414268119,2022,2022-09-30,learned_market,20260911,0.2627741678181996,0.2627741678181996,0,1
fixed_transform_remove_only,2843,2022-10-14,2022-10-24,-0.0246766294110258,2022,2022-09-30,learned_vol_interaction,20260911,0.5888466532694449,0.5888466532694449,1,0
fixed_transform_remove_only,2848,2022-10-21,2022-10-31,-0.059928861134359,2022,2022-09-30,learned_vol_interaction,20260911,0.6778098186050544,0.6778098186050544,1,0
fixed_transform_remove_only,2853,2022-10-28,2022-11-07,0.071339502526744,2022,2022-09-30,learned_vol_interaction,20260911,0.6041553595484069,0.6041553595484069,1,1
fixed_transform_remove_only,2858,2022-11-04,2022-11-14,0.0169449090696014,2022,2022-09-30,learned_vol_interaction,20260911,0.3062645146531792,0.3062645146531792,0,1
fixed_transform_remove_only,2863,2022-11-11,2022-11-21,-0.0127051391515239,2022,2022-09-30,learned_vol_interaction,20260911,0.48125811127070045,0.48125811127070045,0,0
fixed_transform_remove_only,2868,2022-11-18,2022-11-28,-0.0179672806084416,2022,2022-09-30,learned_vol_interaction,20260911,0.2987005339826623,0.2987005339826623,0,0
fixed_transform_remove_only,2873,2022-11-25,2022-12-05,0.0555768659337096,2022,2022-09-30,learned_vol_interaction,20260911,0.4767244831413785,0.4767244831413785,0,1
fixed_transform_remove_only,2878,2022-12-02,2022-12-12,0.0175374394775362,2022,2022-09-30,learned_vol_interaction,20260911,0.5624943437746871,0.5624943437746871,1,1
fixed_transform_remove_only,2883,2022-12-09,2022-12-19,-0.0058850602464181,2022,2022-09-30,learned_vol_interaction,20260911,0.5084025465272011,0.5084025465272011,1,0
fixed_transform_remove_only,2888,2022-12-16,2022-12-26,-0.0309150292073658,2022,2022-09-30,learned_vol_interaction,20260911,0.4429383845393986,0.4429383845393986,0,0
fixed_transform_remove_only,2893,2022-12-23,2023-01-03,0.0089464492229616,2022,2022-09-30,learned_vol_interaction,20260911,0.5135612038501266,0.5135612038501266,1,1
fixed_transform_remove_only,2898,2022-12-30,2023-01-09,0.0345913414268119,2022,2022-09-30,learned_vol_interaction,20260911,0.2713166000450736,0.2713166000450736,0,1
fixed_transform_remove_only,2843,2022-10-14,2022-10-24,-0.0246766294110258,2022,2022-09-30,learned_order_extension,20260911,0.5891600876403049,0.5891600876403049,1,0
fixed_transform_remove_only,2848,2022-10-21,2022-10-31,-0.059928861134359,2022,2022-09-30,learned_order_extension,20260911,0.7025808803398331,0.7025808803398331,1,0
fixed_transform_remove_only,2853,2022-10-28,2022-11-07,0.071339502526744,2022,2022-09-30,learned_order_extension,20260911,0.6005959749189544,0.6005959749189544,1,1
fixed_transform_remove_only,2858,2022-11-04,2022-11-14,0.0169449090696014,2022,2022-09-30,learned_order_extension,20260911,0.2637406002301507,0.2637406002301507,0,1
fixed_transform_remove_only,2863,2022-11-11,2022-11-21,-0.0127051391515239,2022,2022-09-30,learned_order_extension,20260911,0.4861188559487571,0.4861188559487571,0,0
fixed_transform_remove_only,2868,2022-11-18,2022-11-28,-0.0179672806084416,2022,2022-09-30,learned_order_extension,20260911,0.34190926015711665,0.34190926015711665,0,0
fixed_transform_remove_only,2873,2022-11-25,2022-12-05,0.0555768659337096,2022,2022-09-30,learned_order_extension,20260911,0.49262081791264906,0.49262081791264906,0,1
fixed_transform_remove_only,2878,2022-12-02,2022-12-12,0.0175374394775362,2022,2022-09-30,learned_order_extension,20260911,0.5394452214481451,0.5394452214481451,1,1
fixed_transform_remove_only,2883,2022-12-09,2022-12-19,-0.0058850602464181,2022,2022-09-30,learned_order_extension,20260911,0.5246510111366295,0.5246510111366295,1,0
fixed_transform_remove_only,2888,2022-12-16,2022-12-26,-0.0309150292073658,2022,2022-09-30,learned_order_extension,20260911,0.44696070702352003,0.44696070702352003,0,0
fixed_transform_remove_only,2893,2022-12-23,2023-01-03,0.0089464492229616,2022,2022-09-30,learned_order_extension,20260911,0.4938066109081911,0.4938066109081911,0,1
fixed_transform_remove_only,2898,2022-12-30,2023-01-09,0.0345913414268119,2022,2022-09-30,learned_order_extension,20260911,0.26305384365775536,0.26305384365775536,0,1
fixed_transform_remove_only,2843,2022-10-14,2022-10-24,-0.0246766294110258,2022,2022-09-30,learned_order_offset,20260911,0.589285715288292,0.589285715288292,1,0
fixed_transform_remove_only,2848,2022-10-21,2022-10-31,-0.059928861134359,2022,2022-09-30,learned_order_offset,20260911,0.7024049876104476,0.7024049876104476,1,0
fixed_transform_remove_only,2853,2022-10-28,2022-11-07,0.071339502526744,2022,2022-09-30,learned_order_offset,20260911,0.6015757550978302,0.6015757550978302,1,1
fixed_transform_remove_only,2858,2022-11-04,2022-11-14,0.0169449090696014,2022,2022-09-30,learned_order_offset,20260911,0.262529657693392,0.262529657693392,0,1
fixed_transform_remove_only,2863,2022-11-11,2022-11-21,-0.0127051391515239,2022,2022-09-30,learned_order_offset,20260911,0.48490935173709365,0.48490935173709365,0,0
fixed_transform_remove_only,2868,2022-11-18,2022-11-28,-0.0179672806084416,2022,2022-09-30,learned_order_offset,20260911,0.3394542182852397,0.3394542182852397,0,0
fixed_transform_remove_only,2873,2022-11-25,2022-12-05,0.0555768659337096,2022,2022-09-30,learned_order_offset,20260911,0.49374341849103254,0.49374341849103254,0,1
fixed_transform_remove_only,2878,2022-12-02,2022-12-12,0.0175374394775362,2022,2022-09-30,learned_order_offset,20260911,0.5409433654388212,0.5409433654388212,1,1
fixed_transform_remove_only,2883,2022-12-09,2022-12-19,-0.0058850602464181,2022,2022-09-30,learned_order_offset,20260911,0.5254549145268447,0.5254549145268447,1,0
fixed_transform_remove_only,2888,2022-12-16,2022-12-26,-0.0309150292073658,2022,2022-09-30,learned_order_offset,20260911,0.44741909849269046,0.44741909849269046,0,0
fixed_transform_remove_only,2893,2022-12-23,2023-01-03,0.0089464492229616,2022,2022-09-30,learned_order_offset,20260911,0.49332157267335436,0.49332157267335436,0,1
fixed_transform_remove_only,2898,2022-12-30,2023-01-09,0.0345913414268119,2022,2022-09-30,learned_order_offset,20260911,0.2638414201125034,0.2638414201125034,0,1
fixed_transform_remove_only,2843,2022-10-14,2022-10-24,-0.0246766294110258,2022,2022-09-30,learned_market,20260912,0.5890752962028107,0.5890752962028107,1,0
fixed_transform_remove_only,2848,2022-10-21,2022-10-31,-0.059928861134359,2022,2022-09-30,learned_market,20260912,0.6085023070012431,0.6085023070012431,1,0
fixed_transform_remove_only,2853,2022-10-28,2022-11-07,0.071339502526744,2022,2022-09-30,learned_market,20260912,0.5290153546234924,0.5290153546234924,1,1
fixed_transform_remove_only,2858,2022-11-04,2022-11-14,0.0169449090696014,2022,2022-09-30,learned_market,20260912,0.5321566979872064,0.5321566979872064,1,1
fixed_transform_remove_only,2863,2022-11-11,2022-11-21,-0.0127051391515239,2022,2022-09-30,learned_market,20260912,0.5449451739230565,0.5449451739230565,1,0
fixed_transform_remove_only,2868,2022-11-18,2022-11-28,-0.0179672806084416,2022,2022-09-30,learned_market,20260912,0.45067776921276687,0.45067776921276687,0,0
fixed_transform_remove_only,2873,2022-11-25,2022-12-05,0.0555768659337096,2022,2022-09-30,learned_market,20260912,0.4972726990913411,0.4972726990913411,0,1
fixed_transform_remove_only,2878,2022-12-02,2022-12-12,0.0175374394775362,2022,2022-09-30,learned_market,20260912,0.48798885103290557,0.48798885103290557,0,1
fixed_transform_remove_only,2883,2022-12-09,2022-12-19,-0.0058850602464181,2022,2022-09-30,learned_market,20260912,0.5349905003379803,0.5349905003379803,1,0
fixed_transform_remove_only,2888,2022-12-16,2022-12-26,-0.0309150292073658,2022,2022-09-30,learned_market,20260912,0.5715196536912815,0.5715196536912815,1,0
fixed_transform_remove_only,2893,2022-12-23,2023-01-03,0.0089464492229616,2022,2022-09-30,learned_market,20260912,0.45010141412161264,0.45010141412161264,0,1
fixed_transform_remove_only,2898,2022-12-30,2023-01-09,0.0345913414268119,2022,2022-09-30,learned_market,20260912,0.43657065544337553,0.43657065544337553,0,1
fixed_transform_remove_only,2843,2022-10-14,2022-10-24,-0.0246766294110258,2022,2022-09-30,learned_vol_interaction,20260912,0.5889630680175314,0.5889630680175314,1,0
fixed_transform_remove_only,2848,2022-10-21,2022-10-31,-0.059928861134359,2022,2022-09-30,learned_vol_interaction,20260912,0.6086186327830168,0.6086186327830168,1,0
fixed_transform_remove_only,2853,2022-10-28,2022-11-07,0.071339502526744,2022,2022-09-30,learned_vol_interaction,20260912,0.5289819986840243,0.5289819986840243,1,1
fixed_transform_remove_only,2858,2022-11-04,2022-11-14,0.0169449090696014,2022,2022-09-30,learned_vol_interaction,20260912,0.5321180714689623,0.5321180714689623,1,1
fixed_transform_remove_only,2863,2022-11-11,2022-11-21,-0.0127051391515239,2022,2022-09-30,learned_vol_interaction,20260912,0.5450551381428235,0.5450551381428235,1,0
fixed_transform_remove_only,2868,2022-11-18,2022-11-28,-0.0179672806084416,2022,2022-09-30,learned_vol_interaction,20260912,0.4509588059261444,0.4509588059261444,0,0
fixed_transform_remove_only,2873,2022-11-25,2022-12-05,0.0555768659337096,2022,2022-09-30,learned_vol_interaction,20260912,0.4973112714945084,0.4973112714945084,0,1
fixed_transform_remove_only,2878,2022-12-02,2022-12-12,0.0175374394775362,2022,2022-09-30,learned_vol_interaction,20260912,0.4878560989322483,0.4878560989322483,0,1
fixed_transform_remove_only,2883,2022-12-09,2022-12-19,-0.0058850602464181,2022,2022-09-30,learned_vol_interaction,20260912,0.5349405731829673,0.5349405731829673,1,0
fixed_transform_remove_only,2888,2022-12-16,2022-12-26,-0.0309150292073658,2022,2022-09-30,learned_vol_interaction,20260912,0.5716544949305998,0.5716544949305998,1,0
fixed_transform_remove_only,2893,2022-12-23,2023-01-03,0.0089464492229616,2022,2022-09-30,learned_vol_interaction,20260912,0.4499578726001468,0.4499578726001468,0,1
fixed_transform_remove_only,2898,2022-12-30,2023-01-09,0.0345913414268119,2022,2022-09-30,learned_vol_interaction,20260912,0.4362225981162382,0.4362225981162382,0,1
fixed_transform_remove_only,2843,2022-10-14,2022-10-24,-0.0246766294110258,2022,2022-09-30,learned_order_extension,20260912,0.5701730947681456,0.5701730947681456,1,0
fixed_transform_remove_only,2848,2022-10-21,2022-10-31,-0.059928861134359,2022,2022-09-30,learned_order_extension,20260912,0.5864867414134602,0.5864867414134602,1,0
fixed_transform_remove_only,2853,2022-10-28,2022-11-07,0.071339502526744,2022,2022-09-30,learned_order_extension,20260912,0.5278904579739372,0.5278904579739372,1,1
fixed_transform_remove_only,2858,2022-11-04,2022-11-14,0.0169449090696014,2022,2022-09-30,learned_order_extension,20260912,0.539760240093907,0.539760240093907,1,1
fixed_transform_remove_only,2863,2022-11-11,2022-11-21,-0.0127051391515239,2022,2022-09-30,learned_order_extension,20260912,0.5464526205760925,0.5464526205760925,1,0
fixed_transform_remove_only,2868,2022-11-18,2022-11-28,-0.0179672806084416,2022,2022-09-30,learned_order_extension,20260912,0.4382776416174807,0.4382776416174807,0,0
fixed_transform_remove_only,2873,2022-11-25,2022-12-05,0.0555768659337096,2022,2022-09-30,learned_order_extension,20260912,0.47799281435804486,0.47799281435804486,0,1
fixed_transform_remove_only,2878,2022-12-02,2022-12-12,0.0175374394775362,2022,2022-09-30,learned_order_extension,20260912,0.46911990574025153,0.46911990574025153,0,1
fixed_transform_remove_only,2883,2022-12-09,2022-12-19,-0.0058850602464181,2022,2022-09-30,learned_order_extension,20260912,0.5298393972299154,0.5298393972299154,1,0
fixed_transform_remove_only,2888,2022-12-16,2022-12-26,-0.0309150292073658,2022,2022-09-30,learned_order_extension,20260912,0.5840718238180779,0.5840718238180779,1,0
fixed_transform_remove_only,2893,2022-12-23,2023-01-03,0.0089464492229616,2022,2022-09-30,learned_order_extension,20260912,0.4606976589630611,0.4606976589630611,0,1
fixed_transform_remove_only,2898,2022-12-30,2023-01-09,0.0345913414268119,2022,2022-09-30,learned_order_extension,20260912,0.4452213412681113,0.4452213412681113,0,1
fixed_transform_remove_only,2843,2022-10-14,2022-10-24,-0.0246766294110258,2022,2022-09-30,learned_order_offset,20260912,0.5700093911420903,0.5700093911420903,1,0
fixed_transform_remove_only,2848,2022-10-21,2022-10-31,-0.059928861134359,2022,2022-09-30,learned_order_offset,20260912,0.5851284475746815,0.5851284475746815,1,0
fixed_transform_remove_only,2853,2022-10-28,2022-11-07,0.071339502526744,2022,2022-09-30,learned_order_offset,20260912,0.5275440260636496,0.5275440260636496,1,1
fixed_transform_remove_only,2858,2022-11-04,2022-11-14,0.0169449090696014,2022,2022-09-30,learned_order_offset,20260912,0.5399687898488519,0.5399687898488519,1,1
fixed_transform_remove_only,2863,2022-11-11,2022-11-21,-0.0127051391515239,2022,2022-09-30,learned_order_offset,20260912,0.5462972825677272,0.5462972825677272,1,0
fixed_transform_remove_only,2868,2022-11-18,2022-11-28,-0.0179672806084416,2022,2022-09-30,learned_order_offset,20260912,0.4385410481372776,0.4385410481372776,0,0
fixed_transform_remove_only,2873,2022-11-25,2022-12-05,0.0555768659337096,2022,2022-09-30,learned_order_offset,20260912,0.47826346863661107,0.47826346863661107,0,1
fixed_transform_remove_only,2878,2022-12-02,2022-12-12,0.0175374394775362,2022,2022-09-30,learned_order_offset,20260912,0.46995161449954126,0.46995161449954126,0,1
fixed_transform_remove_only,2883,2022-12-09,2022-12-19,-0.0058850602464181,2022,2022-09-30,learned_order_offset,20260912,0.5293052968698329,0.5293052968698329,1,0
fixed_transform_remove_only,2888,2022-12-16,2022-12-26,-0.0309150292073658,2022,2022-09-30,learned_order_offset,20260912,0.5822068127662134,0.5822068127662134,1,0
fixed_transform_remove_only,2893,2022-12-23,2023-01-03,0.0089464492229616,2022,2022-09-30,learned_order_offset,20260912,0.4620777884741994,0.4620777884741994,0,1
fixed_transform_remove_only,2898,2022-12-30,2023-01-09,0.0345913414268119,2022,2022-09-30,learned_order_offset,20260912,0.44715952746740995,0.44715952746740995,0,1
fixed_transform_remove_only,2843,2022-10-14,2022-10-24,-0.0246766294110258,2022,2022-09-30,training_frequency,-1,0.5404089581304771,0.5404089581304771,1,0
fixed_transform_remove_only,2848,2022-10-21,2022-10-31,-0.059928861134359,2022,2022-09-30,training_frequency,-1,0.5404089581304771,0.5404089581304771,1,0
fixed_transform_remove_only,2853,2022-10-28,2022-11-07,0.071339502526744,2022,2022-09-30,training_frequency,-1,0.5404089581304771,0.5404089581304771,1,1
fixed_transform_remove_only,2858,2022-11-04,2022-11-14,0.0169449090696014,2022,2022-09-30,training_frequency,-1,0.5404089581304771,0.5404089581304771,1,1
fixed_transform_remove_only,2863,2022-11-11,2022-11-21,-0.0127051391515239,2022,2022-09-30,training_frequency,-1,0.5404089581304771,0.5404089581304771,1,0
fixed_transform_remove_only,2868,2022-11-18,2022-11-28,-0.0179672806084416,2022,2022-09-30,training_frequency,-1,0.5404089581304771,0.5404089581304771,1,0
fixed_transform_remove_only,2873,2022-11-25,2022-12-05,0.0555768659337096,2022,2022-09-30,training_frequency,-1,0.5404089581304771,0.5404089581304771,1,1
fixed_transform_remove_only,2878,2022-12-02,2022-12-12,0.0175374394775362,2022,2022-09-30,training_frequency,-1,0.5404089581304771,0.5404089581304771,1,1
fixed_transform_remove_only,2883,2022-12-09,2022-12-19,-0.0058850602464181,2022,2022-09-30,training_frequency,-1,0.5404089581304771,0.5404089581304771,1,0
fixed_transform_remove_only,2888,2022-12-16,2022-12-26,-0.0309150292073658,2022,2022-09-30,training_frequency,-1,0.5404089581304771,0.5404089581304771,1,0
fixed_transform_remove_only,2893,2022-12-23,2023-01-03,0.0089464492229616,2022,2022-09-30,training_frequency,-1,0.5404089581304771,0.5404089581304771,1,1
fixed_transform_remove_only,2898,2022-12-30,2023-01-09,0.0345913414268119,2022,2022-09-30,training_frequency,-1,0.5404089581304771,0.5404089581304771,1,1
fixed_transform_remove_only,2902,2023-01-06,2023-01-16,0.0198447929614133,2023,2022-12-31,learned_market,20260910,0.2720748657753032,0.2720748657753032,0,1
fixed_transform_remove_only,2907,2023-01-13,2023-01-30,0.0465290788350809,2023,2022-12-31,learned_market,20260910,0.47236248212800225,0.47236248212800225,0,1
fixed_transform_remove_only,2912,2023-01-20,2023-02-06,-0.0383797057844887,2023,2022-12-31,learned_market,20260910,0.406664897579608,0.406664897579608,0,0
fixed_transform_remove_only,2917,2023-02-03,2023-02-13,-0.0012061903149008,2023,2022-12-31,learned_market,20260910,0.7077615943567296,0.7077615943567296,1,0
fixed_transform_remove_only,2922,2023-02-10,2023-02-20,-0.0143746584432821,2023,2022-12-31,learned_market,20260910,0.3396729663973045,0.3396729663973045,0,0
fixed_transform_remove_only,2927,2023-02-17,2023-02-27,0.0001237636016198,2023,2022-12-31,learned_market,20260910,0.3940367299508906,0.3940367299508906,0,1
fixed_transform_remove_only,2932,2023-02-24,2023-03-06,0.0224454641303217,2023,2022-12-31,learned_market,20260910,0.6368517662464305,0.6368517662464305,1,1
fixed_transform_remove_only,2937,2023-03-03,2023-03-13,-0.0407900947678007,2023,2022-12-31,learned_market,20260910,0.7365179717700991,0.7365179717700991,1,0
fixed_transform_remove_only,2942,2023-03-10,2023-03-20,5.0471402903706775e-06,2023,2022-12-31,learned_market,20260910,0.5813776336748179,0.5813776336748179,1,1
fixed_transform_remove_only,2947,2023-03-17,2023-03-27,0.015302852124583,2023,2022-12-31,learned_market,20260910,0.42485803758448765,0.42485803758448765,0,1
fixed_transform_remove_only,2952,2023-03-24,2023-04-03,0.0090274153058433,2023,2022-12-31,learned_market,20260910,0.37090574302943613,0.37090574302943613,0,1
fixed_transform_remove_only,2957,2023-03-31,2023-04-10,0.0178317182396383,2023,2022-12-31,learned_market,20260910,0.3924154635264961,0.3924154635264961,0,1
fixed_transform_remove_only,2902,2023-01-06,2023-01-16,0.0198447929614133,2023,2022-12-31,learned_vol_interaction,20260910,0.2579229355480302,0.2579229355480302,0,1
fixed_transform_remove_only,2907,2023-01-13,2023-01-30,0.0465290788350809,2023,2022-12-31,learned_vol_interaction,20260910,0.46834593067568,0.46834593067568,0,1
fixed_transform_remove_only,2912,2023-01-20,2023-02-06,-0.0383797057844887,2023,2022-12-31,learned_vol_interaction,20260910,0.3968582316115995,0.3968582316115995,0,0
fixed_transform_remove_only,2917,2023-02-03,2023-02-13,-0.0012061903149008,2023,2022-12-31,learned_vol_interaction,20260910,0.7386639107975522,0.7386639107975522,1,0
fixed_transform_remove_only,2922,2023-02-10,2023-02-20,-0.0143746584432821,2023,2022-12-31,learned_vol_interaction,20260910,0.3303769483660095,0.3303769483660095,0,0
fixed_transform_remove_only,2927,2023-02-17,2023-02-27,0.0001237636016198,2023,2022-12-31,learned_vol_interaction,20260910,0.37895686267521006,0.37895686267521006,0,1
fixed_transform_remove_only,2932,2023-02-24,2023-03-06,0.0224454641303217,2023,2022-12-31,learned_vol_interaction,20260910,0.6474147480213357,0.6474147480213357,1,1
fixed_transform_remove_only,2937,2023-03-03,2023-03-13,-0.0407900947678007,2023,2022-12-31,learned_vol_interaction,20260910,0.7530412308563522,0.7530412308563522,1,0
fixed_transform_remove_only,2942,2023-03-10,2023-03-20,5.0471402903706775e-06,2023,2022-12-31,learned_vol_interaction,20260910,0.5873882519994295,0.5873882519994295,1,1
fixed_transform_remove_only,2947,2023-03-17,2023-03-27,0.015302852124583,2023,2022-12-31,learned_vol_interaction,20260910,0.41458186592231894,0.41458186592231894,0,1
fixed_transform_remove_only,2952,2023-03-24,2023-04-03,0.0090274153058433,2023,2022-12-31,learned_vol_interaction,20260910,0.35652402288788393,0.35652402288788393,0,1
fixed_transform_remove_only,2957,2023-03-31,2023-04-10,0.0178317182396383,2023,2022-12-31,learned_vol_interaction,20260910,0.3863632737017367,0.3863632737017367,0,1
fixed_transform_remove_only,2902,2023-01-06,2023-01-16,0.0198447929614133,2023,2022-12-31,learned_order_extension,20260910,0.2943161630816726,0.2943161630816726,0,1
fixed_transform_remove_only,2907,2023-01-13,2023-01-30,0.0465290788350809,2023,2022-12-31,learned_order_extension,20260910,0.46027187341536235,0.46027187341536235,0,1
fixed_transform_remove_only,2912,2023-01-20,2023-02-06,-0.0383797057844887,2023,2022-12-31,learned_order_extension,20260910,0.3872152058090037,0.3872152058090037,0,0
fixed_transform_remove_only,2917,2023-02-03,2023-02-13,-0.0012061903149008,2023,2022-12-31,learned_order_extension,20260910,0.7087431108814826,0.7087431108814826,1,0
fixed_transform_remove_only,2922,2023-02-10,2023-02-20,-0.0143746584432821,2023,2022-12-31,learned_order_extension,20260910,0.33420380659580207,0.33420380659580207,0,0
fixed_transform_remove_only,2927,2023-02-17,2023-02-27,0.0001237636016198,2023,2022-12-31,learned_order_extension,20260910,0.37695809393703467,0.37695809393703467,0,1
fixed_transform_remove_only,2932,2023-02-24,2023-03-06,0.0224454641303217,2023,2022-12-31,learned_order_extension,20260910,0.6504979423759706,0.6504979423759706,1,1
fixed_transform_remove_only,2937,2023-03-03,2023-03-13,-0.0407900947678007,2023,2022-12-31,learned_order_extension,20260910,0.7451391997229981,0.7451391997229981,1,0
fixed_transform_remove_only,2942,2023-03-10,2023-03-20,5.0471402903706775e-06,2023,2022-12-31,learned_order_extension,20260910,0.5807717243209339,0.5807717243209339,1,1
fixed_transform_remove_only,2947,2023-03-17,2023-03-27,0.015302852124583,2023,2022-12-31,learned_order_extension,20260910,0.4261400351912486,0.4261400351912486,0,1
fixed_transform_remove_only,2952,2023-03-24,2023-04-03,0.0090274153058433,2023,2022-12-31,learned_order_extension,20260910,0.35549705087245137,0.35549705087245137,0,1
fixed_transform_remove_only,2957,2023-03-31,2023-04-10,0.0178317182396383,2023,2022-12-31,learned_order_extension,20260910,0.38561638910546875,0.38561638910546875,0,1
fixed_transform_remove_only,2902,2023-01-06,2023-01-16,0.0198447929614133,2023,2022-12-31,learned_order_offset,20260910,0.29436491679511234,0.29436491679511234,0,1
fixed_transform_remove_only,2907,2023-01-13,2023-01-30,0.0465290788350809,2023,2022-12-31,learned_order_offset,20260910,0.45922844261203544,0.45922844261203544,0,1
fixed_transform_remove_only,2912,2023-01-20,2023-02-06,-0.0383797057844887,2023,2022-12-31,learned_order_offset,20260910,0.3863007910171924,0.3863007910171924,0,0
fixed_transform_remove_only,2917,2023-02-03,2023-02-13,-0.0012061903149008,2023,2022-12-31,learned_order_offset,20260910,0.708109906191393,0.708109906191393,1,0
fixed_transform_remove_only,2922,2023-02-10,2023-02-20,-0.0143746584432821,2023,2022-12-31,learned_order_offset,20260910,0.3342356424663725,0.3342356424663725,0,0
fixed_transform_remove_only,2927,2023-02-17,2023-02-27,0.0001237636016198,2023,2022-12-31,learned_order_offset,20260910,0.3768936129162209,0.3768936129162209,0,1
fixed_transform_remove_only,2932,2023-02-24,2023-03-06,0.0224454641303217,2023,2022-12-31,learned_order_offset,20260910,0.650954614063496,0.650954614063496,1,1
fixed_transform_remove_only,2937,2023-03-03,2023-03-13,-0.0407900947678007,2023,2022-12-31,learned_order_offset,20260910,0.744213255918267,0.744213255918267,1,0
fixed_transform_remove_only,2942,2023-03-10,2023-03-20,5.0471402903706775e-06,2023,2022-12-31,learned_order_offset,20260910,0.581402685223824,0.581402685223824,1,1
fixed_transform_remove_only,2947,2023-03-17,2023-03-27,0.015302852124583,2023,2022-12-31,learned_order_offset,20260910,0.4267138677564879,0.4267138677564879,0,1
fixed_transform_remove_only,2952,2023-03-24,2023-04-03,0.0090274153058433,2023,2022-12-31,learned_order_offset,20260910,0.3550974197538086,0.3550974197538086,0,1
fixed_transform_remove_only,2957,2023-03-31,2023-04-10,0.0178317182396383,2023,2022-12-31,learned_order_offset,20260910,0.38476763491007665,0.38476763491007665,0,1
fixed_transform_remove_only,2902,2023-01-06,2023-01-16,0.0198447929614133,2023,2022-12-31,learned_market,20260911,0.4109996836659653,0.4109996836659653,0,1
fixed_transform_remove_only,2907,2023-01-13,2023-01-30,0.0465290788350809,2023,2022-12-31,learned_market,20260911,0.344318482304961,0.344318482304961,0,1
fixed_transform_remove_only,2912,2023-01-20,2023-02-06,-0.0383797057844887,2023,2022-12-31,learned_market,20260911,0.6588589521771411,0.6588589521771411,1,0
fixed_transform_remove_only,2917,2023-02-03,2023-02-13,-0.0012061903149008,2023,2022-12-31,learned_market,20260911,0.5846417083500102,0.5846417083500102,1,0
fixed_transform_remove_only,2922,2023-02-10,2023-02-20,-0.0143746584432821,2023,2022-12-31,learned_market,20260911,0.37229435163057095,0.37229435163057095,0,0
fixed_transform_remove_only,2927,2023-02-17,2023-02-27,0.0001237636016198,2023,2022-12-31,learned_market,20260911,0.4278917331001193,0.4278917331001193,0,1
fixed_transform_remove_only,2932,2023-02-24,2023-03-06,0.0224454641303217,2023,2022-12-31,learned_market,20260911,0.6524353768671635,0.6524353768671635,1,1
fixed_transform_remove_only,2937,2023-03-03,2023-03-13,-0.0407900947678007,2023,2022-12-31,learned_market,20260911,0.767620468884498,0.767620468884498,1,0
fixed_transform_remove_only,2942,2023-03-10,2023-03-20,5.0471402903706775e-06,2023,2022-12-31,learned_market,20260911,0.6078004132598206,0.6078004132598206,1,1
fixed_transform_remove_only,2947,2023-03-17,2023-03-27,0.015302852124583,2023,2022-12-31,learned_market,20260911,0.41902195233093853,0.41902195233093853,0,1
fixed_transform_remove_only,2952,2023-03-24,2023-04-03,0.0090274153058433,2023,2022-12-31,learned_market,20260911,0.4677158880927443,0.4677158880927443,0,1
fixed_transform_remove_only,2957,2023-03-31,2023-04-10,0.0178317182396383,2023,2022-12-31,learned_market,20260911,0.5644297293997745,0.5644297293997745,1,1
fixed_transform_remove_only,2902,2023-01-06,2023-01-16,0.0198447929614133,2023,2022-12-31,learned_vol_interaction,20260911,0.40969442309749926,0.40969442309749926,0,1
fixed_transform_remove_only,2907,2023-01-13,2023-01-30,0.0465290788350809,2023,2022-12-31,learned_vol_interaction,20260911,0.36456829174456845,0.36456829174456845,0,1
fixed_transform_remove_only,2912,2023-01-20,2023-02-06,-0.0383797057844887,2023,2022-12-31,learned_vol_interaction,20260911,0.5794436004575169,0.5794436004575169,1,0
fixed_transform_remove_only,2917,2023-02-03,2023-02-13,-0.0012061903149008,2023,2022-12-31,learned_vol_interaction,20260911,0.5514968469417321,0.5514968469417321,1,0
fixed_transform_remove_only,2922,2023-02-10,2023-02-20,-0.0143746584432821,2023,2022-12-31,learned_vol_interaction,20260911,0.3927055424872561,0.3927055424872561,0,0
fixed_transform_remove_only,2927,2023-02-17,2023-02-27,0.0001237636016198,2023,2022-12-31,learned_vol_interaction,20260911,0.44774683758526995,0.44774683758526995,0,1
fixed_transform_remove_only,2932,2023-02-24,2023-03-06,0.0224454641303217,2023,2022-12-31,learned_vol_interaction,20260911,0.619096546985403,0.619096546985403,1,1
fixed_transform_remove_only,2937,2023-03-03,2023-03-13,-0.0407900947678007,2023,2022-12-31,learned_vol_interaction,20260911,0.7361671223361639,0.7361671223361639,1,0
fixed_transform_remove_only,2942,2023-03-10,2023-03-20,5.0471402903706775e-06,2023,2022-12-31,learned_vol_interaction,20260911,0.5923713060138441,0.5923713060138441,1,1
fixed_transform_remove_only,2947,2023-03-17,2023-03-27,0.015302852124583,2023,2022-12-31,learned_vol_interaction,20260911,0.44129297023126407,0.44129297023126407,0,1
fixed_transform_remove_only,2952,2023-03-24,2023-04-03,0.0090274153058433,2023,2022-12-31,learned_vol_interaction,20260911,0.48118952805584325,0.48118952805584325,0,1
fixed_transform_remove_only,2957,2023-03-31,2023-04-10,0.0178317182396383,2023,2022-12-31,learned_vol_interaction,20260911,0.5581984383579583,0.5581984383579583,1,1
fixed_transform_remove_only,2902,2023-01-06,2023-01-16,0.0198447929614133,2023,2022-12-31,learned_order_extension,20260911,0.4111458737354107,0.4111458737354107,0,1
fixed_transform_remove_only,2907,2023-01-13,2023-01-30,0.0465290788350809,2023,2022-12-31,learned_order_extension,20260911,0.36472782557647304,0.36472782557647304,0,1
fixed_transform_remove_only,2912,2023-01-20,2023-02-06,-0.0383797057844887,2023,2022-12-31,learned_order_extension,20260911,0.5780473136480286,0.5780473136480286,1,0
fixed_transform_remove_only,2917,2023-02-03,2023-02-13,-0.0012061903149008,2023,2022-12-31,learned_order_extension,20260911,0.5514322848293292,0.5514322848293292,1,0
fixed_transform_remove_only,2922,2023-02-10,2023-02-20,-0.0143746584432821,2023,2022-12-31,learned_order_extension,20260911,0.3920291907474336,0.3920291907474336,0,0
fixed_transform_remove_only,2927,2023-02-17,2023-02-27,0.0001237636016198,2023,2022-12-31,learned_order_extension,20260911,0.4473244932999703,0.4473244932999703,0,1
fixed_transform_remove_only,2932,2023-02-24,2023-03-06,0.0224454641303217,2023,2022-12-31,learned_order_extension,20260911,0.6194433589464242,0.6194433589464242,1,1
fixed_transform_remove_only,2937,2023-03-03,2023-03-13,-0.0407900947678007,2023,2022-12-31,learned_order_extension,20260911,0.7367440693214489,0.7367440693214489,1,0
fixed_transform_remove_only,2942,2023-03-10,2023-03-20,5.0471402903706775e-06,2023,2022-12-31,learned_order_extension,20260911,0.5926520405957385,0.5926520405957385,1,1
fixed_transform_remove_only,2947,2023-03-17,2023-03-27,0.015302852124583,2023,2022-12-31,learned_order_extension,20260911,0.44150652320643097,0.44150652320643097,0,1
fixed_transform_remove_only,2952,2023-03-24,2023-04-03,0.0090274153058433,2023,2022-12-31,learned_order_extension,20260911,0.4806406899115495,0.4806406899115495,0,1
fixed_transform_remove_only,2957,2023-03-31,2023-04-10,0.0178317182396383,2023,2022-12-31,learned_order_extension,20260911,0.5564015664237618,0.5564015664237618,1,1
fixed_transform_remove_only,2902,2023-01-06,2023-01-16,0.0198447929614133,2023,2022-12-31,learned_order_offset,20260911,0.41117201615041793,0.41117201615041793,0,1
fixed_transform_remove_only,2907,2023-01-13,2023-01-30,0.0465290788350809,2023,2022-12-31,learned_order_offset,20260911,0.364680620051655,0.364680620051655,0,1
fixed_transform_remove_only,2912,2023-01-20,2023-02-06,-0.0383797057844887,2023,2022-12-31,learned_order_offset,20260911,0.578179649696222,0.578179649696222,1,0
fixed_transform_remove_only,2917,2023-02-03,2023-02-13,-0.0012061903149008,2023,2022-12-31,learned_order_offset,20260911,0.5515128874638535,0.5515128874638535,1,0
fixed_transform_remove_only,2922,2023-02-10,2023-02-20,-0.0143746584432821,2023,2022-12-31,learned_order_offset,20260911,0.39192014326711666,0.39192014326711666,0,0
fixed_transform_remove_only,2927,2023-02-17,2023-02-27,0.0001237636016198,2023,2022-12-31,learned_order_offset,20260911,0.44735551730013157,0.44735551730013157,0,1
fixed_transform_remove_only,2932,2023-02-24,2023-03-06,0.0224454641303217,2023,2022-12-31,learned_order_offset,20260911,0.6194755772192605,0.6194755772192605,1,1
fixed_transform_remove_only,2937,2023-03-03,2023-03-13,-0.0407900947678007,2023,2022-12-31,learned_order_offset,20260911,0.7367890366176728,0.7367890366176728,1,0
fixed_transform_remove_only,2942,2023-03-10,2023-03-20,5.0471402903706775e-06,2023,2022-12-31,learned_order_offset,20260911,0.5927141757173765,0.5927141757173765,1,1
fixed_transform_remove_only,2947,2023-03-17,2023-03-27,0.015302852124583,2023,2022-12-31,learned_order_offset,20260911,0.44144992787218895,0.44144992787218895,0,1
fixed_transform_remove_only,2952,2023-03-24,2023-04-03,0.0090274153058433,2023,2022-12-31,learned_order_offset,20260911,0.48064826466248156,0.48064826466248156,0,1
fixed_transform_remove_only,2957,2023-03-31,2023-04-10,0.0178317182396383,2023,2022-12-31,learned_order_offset,20260911,0.556461403271004,0.556461403271004,1,1
fixed_transform_remove_only,2902,2023-01-06,2023-01-16,0.0198447929614133,2023,2022-12-31,learned_market,20260912,0.30052885603711643,0.30052885603711643,0,1
fixed_transform_remove_only,2907,2023-01-13,2023-01-30,0.0465290788350809,2023,2022-12-31,learned_market,20260912,0.25642703962175933,0.25642703962175933,0,1
fixed_transform_remove_only,2912,2023-01-20,2023-02-06,-0.0383797057844887,2023,2022-12-31,learned_market,20260912,0.6884031394091166,0.6884031394091166,1,0
fixed_transform_remove_only,2917,2023-02-03,2023-02-13,-0.0012061903149008,2023,2022-12-31,learned_market,20260912,0.48719446040105807,0.48719446040105807,0,0
fixed_transform_remove_only,2922,2023-02-10,2023-02-20,-0.0143746584432821,2023,2022-12-31,learned_market,20260912,0.25478983111842135,0.25478983111842135,0,0
fixed_transform_remove_only,2927,2023-02-17,2023-02-27,0.0001237636016198,2023,2022-12-31,learned_market,20260912,0.4079835806267681,0.4079835806267681,0,1
fixed_transform_remove_only,2932,2023-02-24,2023-03-06,0.0224454641303217,2023,2022-12-31,learned_market,20260912,0.7137242634797857,0.7137242634797857,1,1
fixed_transform_remove_only,2937,2023-03-03,2023-03-13,-0.0407900947678007,2023,2022-12-31,learned_market,20260912,0.5807881322909977,0.5807881322909977,1,0
fixed_transform_remove_only,2942,2023-03-10,2023-03-20,5.0471402903706775e-06,2023,2022-12-31,learned_market,20260912,0.41460120883303464,0.41460120883303464,0,1
fixed_transform_remove_only,2947,2023-03-17,2023-03-27,0.015302852124583,2023,2022-12-31,learned_market,20260912,0.30490069121650976,0.30490069121650976,0,1
fixed_transform_remove_only,2952,2023-03-24,2023-04-03,0.0090274153058433,2023,2022-12-31,learned_market,20260912,0.5481390563099999,0.5481390563099999,1,1
fixed_transform_remove_only,2957,2023-03-31,2023-04-10,0.0178317182396383,2023,2022-12-31,learned_market,20260912,0.611788401190659,0.611788401190659,1,1
fixed_transform_remove_only,2902,2023-01-06,2023-01-16,0.0198447929614133,2023,2022-12-31,learned_vol_interaction,20260912,0.28965659740268485,0.28965659740268485,0,1
fixed_transform_remove_only,2907,2023-01-13,2023-01-30,0.0465290788350809,2023,2022-12-31,learned_vol_interaction,20260912,0.24376767561556023,0.24376767561556023,0,1
fixed_transform_remove_only,2912,2023-01-20,2023-02-06,-0.0383797057844887,2023,2022-12-31,learned_vol_interaction,20260912,0.7144269683090918,0.7144269683090918,1,0
fixed_transform_remove_only,2917,2023-02-03,2023-02-13,-0.0012061903149008,2023,2022-12-31,learned_vol_interaction,20260912,0.48449097695552545,0.48449097695552545,0,0
fixed_transform_remove_only,2922,2023-02-10,2023-02-20,-0.0143746584432821,2023,2022-12-31,learned_vol_interaction,20260912,0.24568395555451436,0.24568395555451436,0,0
fixed_transform_remove_only,2927,2023-02-17,2023-02-27,0.0001237636016198,2023,2022-12-31,learned_vol_interaction,20260912,0.4043340500782045,0.4043340500782045,0,1
fixed_transform_remove_only,2932,2023-02-24,2023-03-06,0.0224454641303217,2023,2022-12-31,learned_vol_interaction,20260912,0.7237644100552868,0.7237644100552868,1,1
fixed_transform_remove_only,2937,2023-03-03,2023-03-13,-0.0407900947678007,2023,2022-12-31,learned_vol_interaction,20260912,0.5909800662310533,0.5909800662310533,1,0
fixed_transform_remove_only,2942,2023-03-10,2023-03-20,5.0471402903706775e-06,2023,2022-12-31,learned_vol_interaction,20260912,0.42073806711796297,0.42073806711796297,0,1
fixed_transform_remove_only,2947,2023-03-17,2023-03-27,0.015302852124583,2023,2022-12-31,learned_vol_interaction,20260912,0.29115877511006416,0.29115877511006416,0,1
fixed_transform_remove_only,2952,2023-03-24,2023-04-03,0.0090274153058433,2023,2022-12-31,learned_vol_interaction,20260912,0.5529999746105244,0.5529999746105244,1,1
fixed_transform_remove_only,2957,2023-03-31,2023-04-10,0.0178317182396383,2023,2022-12-31,learned_vol_interaction,20260912,0.632100803954458,0.632100803954458,1,1
fixed_transform_remove_only,2902,2023-01-06,2023-01-16,0.0198447929614133,2023,2022-12-31,learned_order_extension,20260912,0.3320870087441045,0.3320870087441045,0,1
fixed_transform_remove_only,2907,2023-01-13,2023-01-30,0.0465290788350809,2023,2022-12-31,learned_order_extension,20260912,0.27988954900977053,0.27988954900977053,0,1
fixed_transform_remove_only,2912,2023-01-20,2023-02-06,-0.0383797057844887,2023,2022-12-31,learned_order_extension,20260912,0.6620064456911843,0.6620064456911843,1,0
fixed_transform_remove_only,2917,2023-02-03,2023-02-13,-0.0012061903149008,2023,2022-12-31,learned_order_extension,20260912,0.47399209037220413,0.47399209037220413,0,0
fixed_transform_remove_only,2922,2023-02-10,2023-02-20,-0.0143746584432821,2023,2022-12-31,learned_order_extension,20260912,0.24616016767148868,0.24616016767148868,0,0
fixed_transform_remove_only,2927,2023-02-17,2023-02-27,0.0001237636016198,2023,2022-12-31,learned_order_extension,20260912,0.39614793530843245,0.39614793530843245,0,1
fixed_transform_remove_only,2932,2023-02-24,2023-03-06,0.0224454641303217,2023,2022-12-31,learned_order_extension,20260912,0.7129289281429624,0.7129289281429624,1,1
fixed_transform_remove_only,2937,2023-03-03,2023-03-13,-0.0407900947678007,2023,2022-12-31,learned_order_extension,20260912,0.5872179709776264,0.5872179709776264,1,0
fixed_transform_remove_only,2942,2023-03-10,2023-03-20,5.0471402903706775e-06,2023,2022-12-31,learned_order_extension,20260912,0.45917963346836393,0.45917963346836393,0,1
fixed_transform_remove_only,2947,2023-03-17,2023-03-27,0.015302852124583,2023,2022-12-31,learned_order_extension,20260912,0.3321757909492291,0.3321757909492291,0,1
fixed_transform_remove_only,2952,2023-03-24,2023-04-03,0.0090274153058433,2023,2022-12-31,learned_order_extension,20260912,0.5428268381901444,0.5428268381901444,1,1
fixed_transform_remove_only,2957,2023-03-31,2023-04-10,0.0178317182396383,2023,2022-12-31,learned_order_extension,20260912,0.5750765947333518,0.5750765947333518,1,1
fixed_transform_remove_only,2902,2023-01-06,2023-01-16,0.0198447929614133,2023,2022-12-31,learned_order_offset,20260912,0.33518639317613286,0.33518639317613286,0,1
fixed_transform_remove_only,2907,2023-01-13,2023-01-30,0.0465290788350809,2023,2022-12-31,learned_order_offset,20260912,0.283926532884273,0.283926532884273,0,1
fixed_transform_remove_only,2912,2023-01-20,2023-02-06,-0.0383797057844887,2023,2022-12-31,learned_order_offset,20260912,0.656265266213206,0.656265266213206,1,0
fixed_transform_remove_only,2917,2023-02-03,2023-02-13,-0.0012061903149008,2023,2022-12-31,learned_order_offset,20260912,0.47265762776020354,0.47265762776020354,0,0
fixed_transform_remove_only,2922,2023-02-10,2023-02-20,-0.0143746584432821,2023,2022-12-31,learned_order_offset,20260912,0.2502577591654617,0.2502577591654617,0,0
fixed_transform_remove_only,2927,2023-02-17,2023-02-27,0.0001237636016198,2023,2022-12-31,learned_order_offset,20260912,0.3981719184557722,0.3981719184557722,0,1
fixed_transform_remove_only,2932,2023-02-24,2023-03-06,0.0224454641303217,2023,2022-12-31,learned_order_offset,20260912,0.7071114667508918,0.7071114667508918,1,1
fixed_transform_remove_only,2937,2023-03-03,2023-03-13,-0.0407900947678007,2023,2022-12-31,learned_order_offset,20260912,0.5854544425200702,0.5854544425200702,1,0
fixed_transform_remove_only,2942,2023-03-10,2023-03-20,5.0471402903706775e-06,2023,2022-12-31,learned_order_offset,20260912,0.4623204109511431,0.4623204109511431,0,1
fixed_transform_remove_only,2947,2023-03-17,2023-03-27,0.015302852124583,2023,2022-12-31,learned_order_offset,20260912,0.339217920591994,0.339217920591994,0,1
fixed_transform_remove_only,2952,2023-03-24,2023-04-03,0.0090274153058433,2023,2022-12-31,learned_order_offset,20260912,0.5430909588293242,0.5430909588293242,1,1
fixed_transform_remove_only,2957,2023-03-31,2023-04-10,0.0178317182396383,2023,2022-12-31,learned_order_offset,20260912,0.5725347377994414,0.5725347377994414,1,1
fixed_transform_remove_only,2902,2023-01-06,2023-01-16,0.0198447929614133,2023,2022-12-31,training_frequency,-1,0.5028949545078577,0.5028949545078577,1,1
fixed_transform_remove_only,2907,2023-01-13,2023-01-30,0.0465290788350809,2023,2022-12-31,training_frequency,-1,0.5028949545078577,0.5028949545078577,1,1
fixed_transform_remove_only,2912,2023-01-20,2023-02-06,-0.0383797057844887,2023,2022-12-31,training_frequency,-1,0.5028949545078577,0.5028949545078577,1,0
fixed_transform_remove_only,2917,2023-02-03,2023-02-13,-0.0012061903149008,2023,2022-12-31,training_frequency,-1,0.5028949545078577,0.5028949545078577,1,0
fixed_transform_remove_only,2922,2023-02-10,2023-02-20,-0.0143746584432821,2023,2022-12-31,training_frequency,-1,0.5028949545078577,0.5028949545078577,1,0
fixed_transform_remove_only,2927,2023-02-17,2023-02-27,0.0001237636016198,2023,2022-12-31,training_frequency,-1,0.5028949545078577,0.5028949545078577,1,1
fixed_transform_remove_only,2932,2023-02-24,2023-03-06,0.0224454641303217,2023,2022-12-31,training_frequency,-1,0.5028949545078577,0.5028949545078577,1,1
fixed_transform_remove_only,2937,2023-03-03,2023-03-13,-0.0407900947678007,2023,2022-12-31,training_frequency,-1,0.5028949545078577,0.5028949545078577,1,0
fixed_transform_remove_only,2942,2023-03-10,2023-03-20,5.0471402903706775e-06,2023,2022-12-31,training_frequency,-1,0.5028949545078577,0.5028949545078577,1,1
fixed_transform_remove_only,2947,2023-03-17,2023-03-27,0.015302852124583,2023,2022-12-31,training_frequency,-1,0.5028949545078577,0.5028949545078577,1,1
fixed_transform_remove_only,2952,2023-03-24,2023-04-03,0.0090274153058433,2023,2022-12-31,training_frequency,-1,0.5028949545078577,0.5028949545078577,1,1
fixed_transform_remove_only,2957,2023-03-31,2023-04-10,0.0178317182396383,2023,2022-12-31,training_frequency,-1,0.5028949545078577,0.5028949545078577,1,1
fixed_transform_remove_only,2961,2023-04-07,2023-04-17,-0.0101500238382772,2023,2023-03-31,learned_market,20260910,0.5678530366082406,0.5678530366082406,1,0
fixed_transform_remove_only,2966,2023-04-14,2023-04-24,-0.014368947230732,2023,2023-03-31,learned_market,20260910,0.2983342917785682,0.2983342917785682,0,0
fixed_transform_remove_only,2971,2023-04-21,2023-05-04,-0.0044228908788729,2023,2023-03-31,learned_market,20260910,0.4921453447034758,0.4921453447034758,0,0
fixed_transform_remove_only,2976,2023-04-28,2023-05-10,0.0036477163153083,2023,2023-03-31,learned_market,20260910,0.37673980882344216,0.37673980882344216,0,1
fixed_transform_remove_only,2978,2023-05-05,2023-05-15,-0.0221642407977935,2023,2023-03-31,learned_market,20260910,0.45774917778897695,0.45774917778897695,0,0
fixed_transform_remove_only,2983,2023-05-12,2023-05-22,0.0005509250208819,2023,2023-03-31,learned_market,20260910,0.32679049841885865,0.32679049841885865,0,1
fixed_transform_remove_only,2988,2023-05-19,2023-05-29,-0.0200253742704897,2023,2023-03-31,learned_market,20260910,0.5242249532683058,0.5242249532683058,1,0
fixed_transform_remove_only,2993,2023-05-26,2023-06-05,-0.0003935703040848,2023,2023-03-31,learned_market,20260910,0.5003061413624439,0.5003061413624439,1,0
fixed_transform_remove_only,2998,2023-06-02,2023-06-12,-0.0086075595250429,2023,2023-03-31,learned_market,20260910,0.43058987310152047,0.43058987310152047,0,0
fixed_transform_remove_only,3003,2023-06-09,2023-06-19,0.0338878539347273,2023,2023-03-31,learned_market,20260910,0.4185405485493677,0.4185405485493677,0,1
fixed_transform_remove_only,3008,2023-06-16,2023-07-03,-0.026216632171098,2023,2023-03-31,learned_market,20260910,0.4171143684972974,0.4171143684972974,0,0
fixed_transform_remove_only,3016,2023-06-30,2023-07-10,-0.0030441518806006,2023,2023-03-31,learned_market,20260910,0.41744032254740127,0.41744032254740127,0,0
fixed_transform_remove_only,2961,2023-04-07,2023-04-17,-0.0101500238382772,2023,2023-03-31,learned_vol_interaction,20260910,0.5737771568895639,0.5737771568895639,1,0
fixed_transform_remove_only,2966,2023-04-14,2023-04-24,-0.014368947230732,2023,2023-03-31,learned_vol_interaction,20260910,0.28055032250170825,0.28055032250170825,0,0
fixed_transform_remove_only,2971,2023-04-21,2023-05-04,-0.0044228908788729,2023,2023-03-31,learned_vol_interaction,20260910,0.4842632365145928,0.4842632365145928,0,0
fixed_transform_remove_only,2976,2023-04-28,2023-05-10,0.0036477163153083,2023,2023-03-31,learned_vol_interaction,20260910,0.36542012985415945,0.36542012985415945,0,1
fixed_transform_remove_only,2978,2023-05-05,2023-05-15,-0.0221642407977935,2023,2023-03-31,learned_vol_interaction,20260910,0.4499489132868282,0.4499489132868282,0,0
fixed_transform_remove_only,2983,2023-05-12,2023-05-22,0.0005509250208819,2023,2023-03-31,learned_vol_interaction,20260910,0.318750635145387,0.318750635145387,0,1
fixed_transform_remove_only,2988,2023-05-19,2023-05-29,-0.0200253742704897,2023,2023-03-31,learned_vol_interaction,20260910,0.5369019985489489,0.5369019985489489,1,0
fixed_transform_remove_only,2993,2023-05-26,2023-06-05,-0.0003935703040848,2023,2023-03-31,learned_vol_interaction,20260910,0.5009911736687058,0.5009911736687058,1,0
fixed_transform_remove_only,2998,2023-06-02,2023-06-12,-0.0086075595250429,2023,2023-03-31,learned_vol_interaction,20260910,0.4286316631894402,0.4286316631894402,0,0
fixed_transform_remove_only,3003,2023-06-09,2023-06-19,0.0338878539347273,2023,2023-03-31,learned_vol_interaction,20260910,0.4135347551711806,0.4135347551711806,0,1
fixed_transform_remove_only,3008,2023-06-16,2023-07-03,-0.026216632171098,2023,2023-03-31,learned_vol_interaction,20260910,0.41330298028931395,0.41330298028931395,0,0
fixed_transform_remove_only,3016,2023-06-30,2023-07-10,-0.0030441518806006,2023,2023-03-31,learned_vol_interaction,20260910,0.4169577102930045,0.4169577102930045,0,0
fixed_transform_remove_only,2961,2023-04-07,2023-04-17,-0.0101500238382772,2023,2023-03-31,learned_order_extension,20260910,0.5482866706427628,0.5482866706427628,1,0
fixed_transform_remove_only,2966,2023-04-14,2023-04-24,-0.014368947230732,2023,2023-03-31,learned_order_extension,20260910,0.2794623499931921,0.2794623499931921,0,0
fixed_transform_remove_only,2971,2023-04-21,2023-05-04,-0.0044228908788729,2023,2023-03-31,learned_order_extension,20260910,0.5107445818675357,0.5107445818675357,1,0
fixed_transform_remove_only,2976,2023-04-28,2023-05-10,0.0036477163153083,2023,2023-03-31,learned_order_extension,20260910,0.4038480640072969,0.4038480640072969,0,1
fixed_transform_remove_only,2978,2023-05-05,2023-05-15,-0.0221642407977935,2023,2023-03-31,learned_order_extension,20260910,0.4642107769798612,0.4642107769798612,0,0
fixed_transform_remove_only,2983,2023-05-12,2023-05-22,0.0005509250208819,2023,2023-03-31,learned_order_extension,20260910,0.3814528714491086,0.3814528714491086,0,1
fixed_transform_remove_only,2988,2023-05-19,2023-05-29,-0.0200253742704897,2023,2023-03-31,learned_order_extension,20260910,0.5172848704271604,0.5172848704271604,1,0
fixed_transform_remove_only,2993,2023-05-26,2023-06-05,-0.0003935703040848,2023,2023-03-31,learned_order_extension,20260910,0.5030601969570837,0.5030601969570837,1,0
fixed_transform_remove_only,2998,2023-06-02,2023-06-12,-0.0086075595250429,2023,2023-03-31,learned_order_extension,20260910,0.4463244867861678,0.4463244867861678,0,0
fixed_transform_remove_only,3003,2023-06-09,2023-06-19,0.0338878539347273,2023,2023-03-31,learned_order_extension,20260910,0.46356942791991257,0.46356942791991257,0,1
fixed_transform_remove_only,3008,2023-06-16,2023-07-03,-0.026216632171098,2023,2023-03-31,learned_order_extension,20260910,0.4562472563370168,0.4562472563370168,0,0
fixed_transform_remove_only,3016,2023-06-30,2023-07-10,-0.0030441518806006,2023,2023-03-31,learned_order_extension,20260910,0.4400395474691929,0.4400395474691929,0,0
fixed_transform_remove_only,2961,2023-04-07,2023-04-17,-0.0101500238382772,2023,2023-03-31,learned_order_offset,20260910,0.5480175463488071,0.5480175463488071,1,0
fixed_transform_remove_only,2966,2023-04-14,2023-04-24,-0.014368947230732,2023,2023-03-31,learned_order_offset,20260910,0.27819810251408855,0.27819810251408855,0,0
fixed_transform_remove_only,2971,2023-04-21,2023-05-04,-0.0044228908788729,2023,2023-03-31,learned_order_offset,20260910,0.5120080957022589,0.5120080957022589,1,0
fixed_transform_remove_only,2976,2023-04-28,2023-05-10,0.0036477163153083,2023,2023-03-31,learned_order_offset,20260910,0.40474868516572554,0.40474868516572554,0,1
fixed_transform_remove_only,2978,2023-05-05,2023-05-15,-0.0221642407977935,2023,2023-03-31,learned_order_offset,20260910,0.46472546116641295,0.46472546116641295,0,0
fixed_transform_remove_only,2983,2023-05-12,2023-05-22,0.0005509250208819,2023,2023-03-31,learned_order_offset,20260910,0.3822873425825342,0.3822873425825342,0,1
fixed_transform_remove_only,2988,2023-05-19,2023-05-29,-0.0200253742704897,2023,2023-03-31,learned_order_offset,20260910,0.517578288467161,0.517578288467161,1,0
fixed_transform_remove_only,2993,2023-05-26,2023-06-05,-0.0003935703040848,2023,2023-03-31,learned_order_offset,20260910,0.5036334730319998,0.5036334730319998,1,0
fixed_transform_remove_only,2998,2023-06-02,2023-06-12,-0.0086075595250429,2023,2023-03-31,learned_order_offset,20260910,0.44740569465928826,0.44740569465928826,0,0
fixed_transform_remove_only,3003,2023-06-09,2023-06-19,0.0338878539347273,2023,2023-03-31,learned_order_offset,20260910,0.46505224529977357,0.46505224529977357,0,1
fixed_transform_remove_only,3008,2023-06-16,2023-07-03,-0.026216632171098,2023,2023-03-31,learned_order_offset,20260910,0.4564586234784838,0.4564586234784838,0,0
fixed_transform_remove_only,3016,2023-06-30,2023-07-10,-0.0030441518806006,2023,2023-03-31,learned_order_offset,20260910,0.4401537857786838,0.4401537857786838,0,0
fixed_transform_remove_only,2961,2023-04-07,2023-04-17,-0.0101500238382772,2023,2023-03-31,learned_market,20260911,0.5053465755451779,0.5053465755451779,1,0
fixed_transform_remove_only,2966,2023-04-14,2023-04-24,-0.014368947230732,2023,2023-03-31,learned_market,20260911,0.5138736719185335,0.5138736719185335,1,0
fixed_transform_remove_only,2971,2023-04-21,2023-05-04,-0.0044228908788729,2023,2023-03-31,learned_market,20260911,0.3674048557071069,0.3674048557071069,0,0
fixed_transform_remove_only,2976,2023-04-28,2023-05-10,0.0036477163153083,2023,2023-03-31,learned_market,20260911,0.33970031822762026,0.33970031822762026,0,1
fixed_transform_remove_only,2978,2023-05-05,2023-05-15,-0.0221642407977935,2023,2023-03-31,learned_market,20260911,0.329295794630087,0.329295794630087,0,0
fixed_transform_remove_only,2983,2023-05-12,2023-05-22,0.0005509250208819,2023,2023-03-31,learned_market,20260911,0.4972922077459778,0.4972922077459778,0,1
fixed_transform_remove_only,2988,2023-05-19,2023-05-29,-0.0200253742704897,2023,2023-03-31,learned_market,20260911,0.7668249586022997,0.7668249586022997,1,0
fixed_transform_remove_only,2993,2023-05-26,2023-06-05,-0.0003935703040848,2023,2023-03-31,learned_market,20260911,0.5145590099103934,0.5145590099103934,1,0
fixed_transform_remove_only,2998,2023-06-02,2023-06-12,-0.0086075595250429,2023,2023-03-31,learned_market,20260911,0.3940061048096442,0.3940061048096442,0,0
fixed_transform_remove_only,3003,2023-06-09,2023-06-19,0.0338878539347273,2023,2023-03-31,learned_market,20260911,0.46234858806547924,0.46234858806547924,0,1
fixed_transform_remove_only,3008,2023-06-16,2023-07-03,-0.026216632171098,2023,2023-03-31,learned_market,20260911,0.42690248488447047,0.42690248488447047,0,0
fixed_transform_remove_only,3016,2023-06-30,2023-07-10,-0.0030441518806006,2023,2023-03-31,learned_market,20260911,0.4990995779003034,0.4990995779003034,0,0
fixed_transform_remove_only,2961,2023-04-07,2023-04-17,-0.0101500238382772,2023,2023-03-31,learned_vol_interaction,20260911,0.49811202998727705,0.49811202998727705,0,0
fixed_transform_remove_only,2966,2023-04-14,2023-04-24,-0.014368947230732,2023,2023-03-31,learned_vol_interaction,20260911,0.4958552999737321,0.4958552999737321,0,0
fixed_transform_remove_only,2971,2023-04-21,2023-05-04,-0.0044228908788729,2023,2023-03-31,learned_vol_interaction,20260911,0.3917552089039271,0.3917552089039271,0,0
fixed_transform_remove_only,2976,2023-04-28,2023-05-10,0.0036477163153083,2023,2023-03-31,learned_vol_interaction,20260911,0.3642731492553124,0.3642731492553124,0,1
fixed_transform_remove_only,2978,2023-05-05,2023-05-15,-0.0221642407977935,2023,2023-03-31,learned_vol_interaction,20260911,0.3685485260519706,0.3685485260519706,0,0
fixed_transform_remove_only,2983,2023-05-12,2023-05-22,0.0005509250208819,2023,2023-03-31,learned_vol_interaction,20260911,0.5200367469969701,0.5200367469969701,1,1
fixed_transform_remove_only,2988,2023-05-19,2023-05-29,-0.0200253742704897,2023,2023-03-31,learned_vol_interaction,20260911,0.7288232441555337,0.7288232441555337,1,0
fixed_transform_remove_only,2993,2023-05-26,2023-06-05,-0.0003935703040848,2023,2023-03-31,learned_vol_interaction,20260911,0.5207909597164808,0.5207909597164808,1,0
fixed_transform_remove_only,2998,2023-06-02,2023-06-12,-0.0086075595250429,2023,2023-03-31,learned_vol_interaction,20260911,0.40928890626787506,0.40928890626787506,0,0
fixed_transform_remove_only,3003,2023-06-09,2023-06-19,0.0338878539347273,2023,2023-03-31,learned_vol_interaction,20260911,0.48012112639076193,0.48012112639076193,0,1
fixed_transform_remove_only,3008,2023-06-16,2023-07-03,-0.026216632171098,2023,2023-03-31,learned_vol_interaction,20260911,0.4493011972564511,0.4493011972564511,0,0
fixed_transform_remove_only,3016,2023-06-30,2023-07-10,-0.0030441518806006,2023,2023-03-31,learned_vol_interaction,20260911,0.5047484295570909,0.5047484295570909,1,0
fixed_transform_remove_only,2961,2023-04-07,2023-04-17,-0.0101500238382772,2023,2023-03-31,learned_order_extension,20260911,0.4983005580387591,0.4983005580387591,0,0
fixed_transform_remove_only,2966,2023-04-14,2023-04-24,-0.014368947230732,2023,2023-03-31,learned_order_extension,20260911,0.49501472989767853,0.49501472989767853,0,0
fixed_transform_remove_only,2971,2023-04-21,2023-05-04,-0.0044228908788729,2023,2023-03-31,learned_order_extension,20260911,0.3903014249851295,0.3903014249851295,0,0
fixed_transform_remove_only,2976,2023-04-28,2023-05-10,0.0036477163153083,2023,2023-03-31,learned_order_extension,20260911,0.3610507133293188,0.3610507133293188,0,1
fixed_transform_remove_only,2978,2023-05-05,2023-05-15,-0.0221642407977935,2023,2023-03-31,learned_order_extension,20260911,0.36555592619055133,0.36555592619055133,0,0
fixed_transform_remove_only,2983,2023-05-12,2023-05-22,0.0005509250208819,2023,2023-03-31,learned_order_extension,20260911,0.5199331106789402,0.5199331106789402,1,1
fixed_transform_remove_only,2988,2023-05-19,2023-05-29,-0.0200253742704897,2023,2023-03-31,learned_order_extension,20260911,0.7329808766406085,0.7329808766406085,1,0
fixed_transform_remove_only,2993,2023-05-26,2023-06-05,-0.0003935703040848,2023,2023-03-31,learned_order_extension,20260911,0.5201153772397619,0.5201153772397619,1,0
fixed_transform_remove_only,2998,2023-06-02,2023-06-12,-0.0086075595250429,2023,2023-03-31,learned_order_extension,20260911,0.4066399044140446,0.4066399044140446,0,0
fixed_transform_remove_only,3003,2023-06-09,2023-06-19,0.0338878539347273,2023,2023-03-31,learned_order_extension,20260911,0.4790059549925387,0.4790059549925387,0,1
fixed_transform_remove_only,3008,2023-06-16,2023-07-03,-0.026216632171098,2023,2023-03-31,learned_order_extension,20260911,0.44751639354280903,0.44751639354280903,0,0
fixed_transform_remove_only,3016,2023-06-30,2023-07-10,-0.0030441518806006,2023,2023-03-31,learned_order_extension,20260911,0.5059049355261476,0.5059049355261476,1,0
fixed_transform_remove_only,2961,2023-04-07,2023-04-17,-0.0101500238382772,2023,2023-03-31,learned_order_offset,20260911,0.4983313756367626,0.4983313756367626,0,0
fixed_transform_remove_only,2966,2023-04-14,2023-04-24,-0.014368947230732,2023,2023-03-31,learned_order_offset,20260911,0.4951467820177494,0.4951467820177494,0,0
fixed_transform_remove_only,2971,2023-04-21,2023-05-04,-0.0044228908788729,2023,2023-03-31,learned_order_offset,20260911,0.3905102833537274,0.3905102833537274,0,0
fixed_transform_remove_only,2976,2023-04-28,2023-05-10,0.0036477163153083,2023,2023-03-31,learned_order_offset,20260911,0.36122103041030634,0.36122103041030634,0,1
fixed_transform_remove_only,2978,2023-05-05,2023-05-15,-0.0221642407977935,2023,2023-03-31,learned_order_offset,20260911,0.36574581644612125,0.36574581644612125,0,0
fixed_transform_remove_only,2983,2023-05-12,2023-05-22,0.0005509250208819,2023,2023-03-31,learned_order_offset,20260911,0.5201019467881484,0.5201019467881484,1,1
fixed_transform_remove_only,2988,2023-05-19,2023-05-29,-0.0200253742704897,2023,2023-03-31,learned_order_offset,20260911,0.7329062209332966,0.7329062209332966,1,0
fixed_transform_remove_only,2993,2023-05-26,2023-06-05,-0.0003935703040848,2023,2023-03-31,learned_order_offset,20260911,0.5202014961393769,0.5202014961393769,1,0
fixed_transform_remove_only,2998,2023-06-02,2023-06-12,-0.0086075595250429,2023,2023-03-31,learned_order_offset,20260911,0.4067033963586292,0.4067033963586292,0,0
fixed_transform_remove_only,3003,2023-06-09,2023-06-19,0.0338878539347273,2023,2023-03-31,learned_order_offset,20260911,0.47907989082279645,0.47907989082279645,0,1
fixed_transform_remove_only,3008,2023-06-16,2023-07-03,-0.026216632171098,2023,2023-03-31,learned_order_offset,20260911,0.4476253363910014,0.4476253363910014,0,0
fixed_transform_remove_only,3016,2023-06-30,2023-07-10,-0.0030441518806006,2023,2023-03-31,learned_order_offset,20260911,0.5060799969702443,0.5060799969702443,1,0
fixed_transform_remove_only,2961,2023-04-07,2023-04-17,-0.0101500238382772,2023,2023-03-31,learned_market,20260912,0.6172058102568473,0.6172058102568473,1,0
fixed_transform_remove_only,2966,2023-04-14,2023-04-24,-0.014368947230732,2023,2023-03-31,learned_market,20260912,0.34987431573221633,0.34987431573221633,0,0
fixed_transform_remove_only,2971,2023-04-21,2023-05-04,-0.0044228908788729,2023,2023-03-31,learned_market,20260912,0.2916488612780939,0.2916488612780939,0,0
fixed_transform_remove_only,2976,2023-04-28,2023-05-10,0.0036477163153083,2023,2023-03-31,learned_market,20260912,0.44599379984277837,0.44599379984277837,0,1
fixed_transform_remove_only,2978,2023-05-05,2023-05-15,-0.0221642407977935,2023,2023-03-31,learned_market,20260912,0.2897820741581734,0.2897820741581734,0,0
fixed_transform_remove_only,2983,2023-05-12,2023-05-22,0.0005509250208819,2023,2023-03-31,learned_market,20260912,0.38743178252183247,0.38743178252183247,0,1
fixed_transform_remove_only,2988,2023-05-19,2023-05-29,-0.0200253742704897,2023,2023-03-31,learned_market,20260912,0.6536720756528428,0.6536720756528428,1,0
fixed_transform_remove_only,2993,2023-05-26,2023-06-05,-0.0003935703040848,2023,2023-03-31,learned_market,20260912,0.45022267523973303,0.45022267523973303,0,0
fixed_transform_remove_only,2998,2023-06-02,2023-06-12,-0.0086075595250429,2023,2023-03-31,learned_market,20260912,0.40364114723098915,0.40364114723098915,0,0
fixed_transform_remove_only,3003,2023-06-09,2023-06-19,0.0338878539347273,2023,2023-03-31,learned_market,20260912,0.30808219053993807,0.30808219053993807,0,1
fixed_transform_remove_only,3008,2023-06-16,2023-07-03,-0.026216632171098,2023,2023-03-31,learned_market,20260912,0.34855563072466794,0.34855563072466794,0,0
fixed_transform_remove_only,3016,2023-06-30,2023-07-10,-0.0030441518806006,2023,2023-03-31,learned_market,20260912,0.6388316718010429,0.6388316718010429,1,0
fixed_transform_remove_only,2961,2023-04-07,2023-04-17,-0.0101500238382772,2023,2023-03-31,learned_vol_interaction,20260912,0.6435369863267565,0.6435369863267565,1,0
fixed_transform_remove_only,2966,2023-04-14,2023-04-24,-0.014368947230732,2023,2023-03-31,learned_vol_interaction,20260912,0.33561243628879617,0.33561243628879617,0,0
fixed_transform_remove_only,2971,2023-04-21,2023-05-04,-0.0044228908788729,2023,2023-03-31,learned_vol_interaction,20260912,0.2785718932517881,0.2785718932517881,0,0
fixed_transform_remove_only,2976,2023-04-28,2023-05-10,0.0036477163153083,2023,2023-03-31,learned_vol_interaction,20260912,0.4357140830817989,0.4357140830817989,0,1
fixed_transform_remove_only,2978,2023-05-05,2023-05-15,-0.0221642407977935,2023,2023-03-31,learned_vol_interaction,20260912,0.26757807410025514,0.26757807410025514,0,0
fixed_transform_remove_only,2983,2023-05-12,2023-05-22,0.0005509250208819,2023,2023-03-31,learned_vol_interaction,20260912,0.39044839490781885,0.39044839490781885,0,1
fixed_transform_remove_only,2988,2023-05-19,2023-05-29,-0.0200253742704897,2023,2023-03-31,learned_vol_interaction,20260912,0.6686898568569317,0.6686898568569317,1,0
fixed_transform_remove_only,2993,2023-05-26,2023-06-05,-0.0003935703040848,2023,2023-03-31,learned_vol_interaction,20260912,0.4674746072505264,0.4674746072505264,0,0
fixed_transform_remove_only,2998,2023-06-02,2023-06-12,-0.0086075595250429,2023,2023-03-31,learned_vol_interaction,20260912,0.38673837311416037,0.38673837311416037,0,0
fixed_transform_remove_only,3003,2023-06-09,2023-06-19,0.0338878539347273,2023,2023-03-31,learned_vol_interaction,20260912,0.27643488388750764,0.27643488388750764,0,1
fixed_transform_remove_only,3008,2023-06-16,2023-07-03,-0.026216632171098,2023,2023-03-31,learned_vol_interaction,20260912,0.30484387562190735,0.30484387562190735,0,0
fixed_transform_remove_only,3016,2023-06-30,2023-07-10,-0.0030441518806006,2023,2023-03-31,learned_vol_interaction,20260912,0.6622737980132283,0.6622737980132283,1,0
fixed_transform_remove_only,2961,2023-04-07,2023-04-17,-0.0101500238382772,2023,2023-03-31,learned_order_extension,20260912,0.6263183510072088,0.6263183510072088,1,0
fixed_transform_remove_only,2966,2023-04-14,2023-04-24,-0.014368947230732,2023,2023-03-31,learned_order_extension,20260912,0.35783367814558326,0.35783367814558326,0,0
fixed_transform_remove_only,2971,2023-04-21,2023-05-04,-0.0044228908788729,2023,2023-03-31,learned_order_extension,20260912,0.315393572376115,0.315393572376115,0,0
fixed_transform_remove_only,2976,2023-04-28,2023-05-10,0.0036477163153083,2023,2023-03-31,learned_order_extension,20260912,0.43109884084081723,0.43109884084081723,0,1
fixed_transform_remove_only,2978,2023-05-05,2023-05-15,-0.0221642407977935,2023,2023-03-31,learned_order_extension,20260912,0.30828906063341455,0.30828906063341455,0,0
fixed_transform_remove_only,2983,2023-05-12,2023-05-22,0.0005509250208819,2023,2023-03-31,learned_order_extension,20260912,0.4229412254919758,0.4229412254919758,0,1
fixed_transform_remove_only,2988,2023-05-19,2023-05-29,-0.0200253742704897,2023,2023-03-31,learned_order_extension,20260912,0.5658454613608594,0.5658454613608594,1,0
fixed_transform_remove_only,2993,2023-05-26,2023-06-05,-0.0003935703040848,2023,2023-03-31,learned_order_extension,20260912,0.46604139537481415,0.46604139537481415,0,0
fixed_transform_remove_only,2998,2023-06-02,2023-06-12,-0.0086075595250429,2023,2023-03-31,learned_order_extension,20260912,0.42848562118734757,0.42848562118734757,0,0
fixed_transform_remove_only,3003,2023-06-09,2023-06-19,0.0338878539347273,2023,2023-03-31,learned_order_extension,20260912,0.3459693165288578,0.3459693165288578,0,1
fixed_transform_remove_only,3008,2023-06-16,2023-07-03,-0.026216632171098,2023,2023-03-31,learned_order_extension,20260912,0.3956246300180856,0.3956246300180856,0,0
fixed_transform_remove_only,3016,2023-06-30,2023-07-10,-0.0030441518806006,2023,2023-03-31,learned_order_extension,20260912,0.617999777332294,0.617999777332294,1,0
fixed_transform_remove_only,2961,2023-04-07,2023-04-17,-0.0101500238382772,2023,2023-03-31,learned_order_offset,20260912,0.6239834374276416,0.6239834374276416,1,0
fixed_transform_remove_only,2966,2023-04-14,2023-04-24,-0.014368947230732,2023,2023-03-31,learned_order_offset,20260912,0.3592596808710645,0.3592596808710645,0,0
fixed_transform_remove_only,2971,2023-04-21,2023-05-04,-0.0044228908788729,2023,2023-03-31,learned_order_offset,20260912,0.31581140533957874,0.31581140533957874,0,0
fixed_transform_remove_only,2976,2023-04-28,2023-05-10,0.0036477163153083,2023,2023-03-31,learned_order_offset,20260912,0.42852200894837866,0.42852200894837866,0,1
fixed_transform_remove_only,2978,2023-05-05,2023-05-15,-0.0221642407977935,2023,2023-03-31,learned_order_offset,20260912,0.30632165066195016,0.30632165066195016,0,0
fixed_transform_remove_only,2983,2023-05-12,2023-05-22,0.0005509250208819,2023,2023-03-31,learned_order_offset,20260912,0.41974908489517615,0.41974908489517615,0,1
fixed_transform_remove_only,2988,2023-05-19,2023-05-29,-0.0200253742704897,2023,2023-03-31,learned_order_offset,20260912,0.5573488988284693,0.5573488988284693,1,0
fixed_transform_remove_only,2993,2023-05-26,2023-06-05,-0.0003935703040848,2023,2023-03-31,learned_order_offset,20260912,0.46079103046202863,0.46079103046202863,0,0
fixed_transform_remove_only,2998,2023-06-02,2023-06-12,-0.0086075595250429,2023,2023-03-31,learned_order_offset,20260912,0.4336966775732742,0.4336966775732742,0,0
fixed_transform_remove_only,3003,2023-06-09,2023-06-19,0.0338878539347273,2023,2023-03-31,learned_order_offset,20260912,0.35297498351494977,0.35297498351494977,0,1
fixed_transform_remove_only,3008,2023-06-16,2023-07-03,-0.026216632171098,2023,2023-03-31,learned_order_offset,20260912,0.4014943591122148,0.4014943591122148,0,0
fixed_transform_remove_only,3016,2023-06-30,2023-07-10,-0.0030441518806006,2023,2023-03-31,learned_order_offset,20260912,0.6216012237404892,0.6216012237404892,1,0
fixed_transform_remove_only,2961,2023-04-07,2023-04-17,-0.0101500238382772,2023,2023-03-31,training_frequency,-1,0.5017391304347826,0.5017391304347826,1,0
fixed_transform_remove_only,2966,2023-04-14,2023-04-24,-0.014368947230732,2023,2023-03-31,training_frequency,-1,0.5017391304347826,0.5017391304347826,1,0
fixed_transform_remove_only,2971,2023-04-21,2023-05-04,-0.0044228908788729,2023,2023-03-31,training_frequency,-1,0.5017391304347826,0.5017391304347826,1,0
fixed_transform_remove_only,2976,2023-04-28,2023-05-10,0.0036477163153083,2023,2023-03-31,training_frequency,-1,0.5017391304347826,0.5017391304347826,1,1
fixed_transform_remove_only,2978,2023-05-05,2023-05-15,-0.0221642407977935,2023,2023-03-31,training_frequency,-1,0.5017391304347826,0.5017391304347826,1,0
fixed_transform_remove_only,2983,2023-05-12,2023-05-22,0.0005509250208819,2023,2023-03-31,training_frequency,-1,0.5017391304347826,0.5017391304347826,1,1
fixed_transform_remove_only,2988,2023-05-19,2023-05-29,-0.0200253742704897,2023,2023-03-31,training_frequency,-1,0.5017391304347826,0.5017391304347826,1,0
fixed_transform_remove_only,2993,2023-05-26,2023-06-05,-0.0003935703040848,2023,2023-03-31,training_frequency,-1,0.5017391304347826,0.5017391304347826,1,0
fixed_transform_remove_only,2998,2023-06-02,2023-06-12,-0.0086075595250429,2023,2023-03-31,training_frequency,-1,0.5017391304347826,0.5017391304347826,1,0
fixed_transform_remove_only,3003,2023-06-09,2023-06-19,0.0338878539347273,2023,2023-03-31,training_frequency,-1,0.5017391304347826,0.5017391304347826,1,1
fixed_transform_remove_only,3008,2023-06-16,2023-07-03,-0.026216632171098,2023,2023-03-31,training_frequency,-1,0.5017391304347826,0.5017391304347826,1,0
fixed_transform_remove_only,3016,2023-06-30,2023-07-10,-0.0030441518806006,2023,2023-03-31,training_frequency,-1,0.5017391304347826,0.5017391304347826,1,0
fixed_transform_remove_only,3021,2023-07-07,2023-07-17,0.0104280552692135,2023,2023-06-30,learned_market,20260910,0.45997243320989034,0.45997243320989034,0,1
fixed_transform_remove_only,3026,2023-07-14,2023-07-24,-0.0201642613135752,2023,2023-06-30,learned_market,20260910,0.6727201867103206,0.6727201867103206,1,0
fixed_transform_remove_only,3031,2023-07-21,2023-07-31,0.0566710925894278,2023,2023-06-30,learned_market,20260910,0.6649582846231368,0.6649582846231368,1,1
fixed_transform_remove_only,3036,2023-07-28,2023-08-07,-0.0039612927947766,2023,2023-06-30,learned_market,20260910,0.4382077203416318,0.4382077203416318,0,0
fixed_transform_remove_only,3041,2023-08-04,2023-08-14,-0.0404899362223548,2023,2023-06-30,learned_market,20260910,0.399834681051367,0.399834681051367,0,0
fixed_transform_remove_only,3046,2023-08-11,2023-08-21,-0.0176157088591445,2023,2023-06-30,learned_market,20260910,0.3232262471308307,0.3232262471308307,0,0
fixed_transform_remove_only,3051,2023-08-18,2023-08-28,0.0366582477081969,2023,2023-06-30,learned_market,20260910,0.6416841629729217,0.6416841629729217,1,1
fixed_transform_remove_only,3056,2023-08-25,2023-09-04,-0.025197172476384,2023,2023-06-30,learned_market,20260910,0.34705886333706143,0.34705886333706143,0,0
fixed_transform_remove_only,3061,2023-09-01,2023-09-11,-0.0189903461587886,2023,2023-06-30,learned_market,20260910,0.6546998915787064,0.6546998915787064,1,0
fixed_transform_remove_only,3066,2023-09-08,2023-09-18,-0.0111346368744954,2023,2023-06-30,learned_market,20260910,0.6082234833064999,0.6082234833064999,1,0
fixed_transform_remove_only,3071,2023-09-15,2023-09-25,0.0105787349314532,2023,2023-06-30,learned_market,20260910,0.7360584333206127,0.7360584333206127,1,1
fixed_transform_remove_only,3076,2023-09-22,2023-10-16,-0.0198017153282719,2023,2023-06-30,learned_market,20260910,0.3373139117704204,0.3373139117704204,0,0
fixed_transform_remove_only,3021,2023-07-07,2023-07-17,0.0104280552692135,2023,2023-06-30,learned_vol_interaction,20260910,0.45129883907979423,0.45129883907979423,0,1
fixed_transform_remove_only,3026,2023-07-14,2023-07-24,-0.0201642613135752,2023,2023-06-30,learned_vol_interaction,20260910,0.6866753974655369,0.6866753974655369,1,0
fixed_transform_remove_only,3031,2023-07-21,2023-07-31,0.0566710925894278,2023,2023-06-30,learned_vol_interaction,20260910,0.6804282072661395,0.6804282072661395,1,1
fixed_transform_remove_only,3036,2023-07-28,2023-08-07,-0.0039612927947766,2023,2023-06-30,learned_vol_interaction,20260910,0.43205171983069685,0.43205171983069685,0,0
fixed_transform_remove_only,3041,2023-08-04,2023-08-14,-0.0404899362223548,2023,2023-06-30,learned_vol_interaction,20260910,0.38612619342529014,0.38612619342529014,0,0
fixed_transform_remove_only,3046,2023-08-11,2023-08-21,-0.0176157088591445,2023,2023-06-30,learned_vol_interaction,20260910,0.31282778097784947,0.31282778097784947,0,0
fixed_transform_remove_only,3051,2023-08-18,2023-08-28,0.0366582477081969,2023,2023-06-30,learned_vol_interaction,20260910,0.6452586345847403,0.6452586345847403,1,1
fixed_transform_remove_only,3056,2023-08-25,2023-09-04,-0.025197172476384,2023,2023-06-30,learned_vol_interaction,20260910,0.33792871769580796,0.33792871769580796,0,0
fixed_transform_remove_only,3061,2023-09-01,2023-09-11,-0.0189903461587886,2023,2023-06-30,learned_vol_interaction,20260910,0.6639059735553502,0.6639059735553502,1,0
fixed_transform_remove_only,3066,2023-09-08,2023-09-18,-0.0111346368744954,2023,2023-06-30,learned_vol_interaction,20260910,0.6167998528980517,0.6167998528980517,1,0
fixed_transform_remove_only,3071,2023-09-15,2023-09-25,0.0105787349314532,2023,2023-06-30,learned_vol_interaction,20260910,0.7438293277293447,0.7438293277293447,1,1
fixed_transform_remove_only,3076,2023-09-22,2023-10-16,-0.0198017153282719,2023,2023-06-30,learned_vol_interaction,20260910,0.3234454680615396,0.3234454680615396,0,0
fixed_transform_remove_only,3021,2023-07-07,2023-07-17,0.0104280552692135,2023,2023-06-30,learned_order_extension,20260910,0.4774725746733102,0.4774725746733102,0,1
fixed_transform_remove_only,3026,2023-07-14,2023-07-24,-0.0201642613135752,2023,2023-06-30,learned_order_extension,20260910,0.596303509150679,0.596303509150679,1,0
fixed_transform_remove_only,3031,2023-07-21,2023-07-31,0.0566710925894278,2023,2023-06-30,learned_order_extension,20260910,0.6244892432874133,0.6244892432874133,1,1
fixed_transform_remove_only,3036,2023-07-28,2023-08-07,-0.0039612927947766,2023,2023-06-30,learned_order_extension,20260910,0.4322544652440428,0.4322544652440428,0,0
fixed_transform_remove_only,3041,2023-08-04,2023-08-14,-0.0404899362223548,2023,2023-06-30,learned_order_extension,20260910,0.4186558743069886,0.4186558743069886,0,0
fixed_transform_remove_only,3046,2023-08-11,2023-08-21,-0.0176157088591445,2023,2023-06-30,learned_order_extension,20260910,0.34903509665391114,0.34903509665391114,0,0
fixed_transform_remove_only,3051,2023-08-18,2023-08-28,0.0366582477081969,2023,2023-06-30,learned_order_extension,20260910,0.605248817522429,0.605248817522429,1,1
fixed_transform_remove_only,3056,2023-08-25,2023-09-04,-0.025197172476384,2023,2023-06-30,learned_order_extension,20260910,0.37708869286152463,0.37708869286152463,0,0
fixed_transform_remove_only,3061,2023-09-01,2023-09-11,-0.0189903461587886,2023,2023-06-30,learned_order_extension,20260910,0.6418353402479469,0.6418353402479469,1,0
fixed_transform_remove_only,3066,2023-09-08,2023-09-18,-0.0111346368744954,2023,2023-06-30,learned_order_extension,20260910,0.5950823201491255,0.5950823201491255,1,0
fixed_transform_remove_only,3071,2023-09-15,2023-09-25,0.0105787349314532,2023,2023-06-30,learned_order_extension,20260910,0.7338748131299295,0.7338748131299295,1,1
fixed_transform_remove_only,3076,2023-09-22,2023-10-16,-0.0198017153282719,2023,2023-06-30,learned_order_extension,20260910,0.3585814479164031,0.3585814479164031,0,0
fixed_transform_remove_only,3021,2023-07-07,2023-07-17,0.0104280552692135,2023,2023-06-30,learned_order_offset,20260910,0.47586042898334346,0.47586042898334346,0,1
fixed_transform_remove_only,3026,2023-07-14,2023-07-24,-0.0201642613135752,2023,2023-06-30,learned_order_offset,20260910,0.5974031776629898,0.5974031776629898,1,0
fixed_transform_remove_only,3031,2023-07-21,2023-07-31,0.0566710925894278,2023,2023-06-30,learned_order_offset,20260910,0.6249565475890712,0.6249565475890712,1,1
fixed_transform_remove_only,3036,2023-07-28,2023-08-07,-0.0039612927947766,2023,2023-06-30,learned_order_offset,20260910,0.4311949048684979,0.4311949048684979,0,0
fixed_transform_remove_only,3041,2023-08-04,2023-08-14,-0.0404899362223548,2023,2023-06-30,learned_order_offset,20260910,0.4157396533832928,0.4157396533832928,0,0
fixed_transform_remove_only,3046,2023-08-11,2023-08-21,-0.0176157088591445,2023,2023-06-30,learned_order_offset,20260910,0.34811102167494523,0.34811102167494523,0,0
fixed_transform_remove_only,3051,2023-08-18,2023-08-28,0.0366582477081969,2023,2023-06-30,learned_order_offset,20260910,0.6054161729768949,0.6054161729768949,1,1
fixed_transform_remove_only,3056,2023-08-25,2023-09-04,-0.025197172476384,2023,2023-06-30,learned_order_offset,20260910,0.3765789410679961,0.3765789410679961,0,0
fixed_transform_remove_only,3061,2023-09-01,2023-09-11,-0.0189903461587886,2023,2023-06-30,learned_order_offset,20260910,0.6419945990583823,0.6419945990583823,1,0
fixed_transform_remove_only,3066,2023-09-08,2023-09-18,-0.0111346368744954,2023,2023-06-30,learned_order_offset,20260910,0.5976833265062135,0.5976833265062135,1,0
fixed_transform_remove_only,3071,2023-09-15,2023-09-25,0.0105787349314532,2023,2023-06-30,learned_order_offset,20260910,0.7345914900504822,0.7345914900504822,1,1
fixed_transform_remove_only,3076,2023-09-22,2023-10-16,-0.0198017153282719,2023,2023-06-30,learned_order_offset,20260910,0.35767579976960445,0.35767579976960445,0,0
fixed_transform_remove_only,3021,2023-07-07,2023-07-17,0.0104280552692135,2023,2023-06-30,learned_market,20260911,0.4640646812306058,0.4640646812306058,0,1
fixed_transform_remove_only,3026,2023-07-14,2023-07-24,-0.0201642613135752,2023,2023-06-30,learned_market,20260911,0.4219185898352539,0.4219185898352539,0,0
fixed_transform_remove_only,3031,2023-07-21,2023-07-31,0.0566710925894278,2023,2023-06-30,learned_market,20260911,0.4297589984042354,0.4297589984042354,0,1
fixed_transform_remove_only,3036,2023-07-28,2023-08-07,-0.0039612927947766,2023,2023-06-30,learned_market,20260911,0.45190904086464134,0.45190904086464134,0,0
fixed_transform_remove_only,3041,2023-08-04,2023-08-14,-0.0404899362223548,2023,2023-06-30,learned_market,20260911,0.41734888252946123,0.41734888252946123,0,0
fixed_transform_remove_only,3046,2023-08-11,2023-08-21,-0.0176157088591445,2023,2023-06-30,learned_market,20260911,0.7004493383959683,0.7004493383959683,1,0
fixed_transform_remove_only,3051,2023-08-18,2023-08-28,0.0366582477081969,2023,2023-06-30,learned_market,20260911,0.484129567425676,0.484129567425676,0,1
fixed_transform_remove_only,3056,2023-08-25,2023-09-04,-0.025197172476384,2023,2023-06-30,learned_market,20260911,0.5281531207986582,0.5281531207986582,1,0
fixed_transform_remove_only,3061,2023-09-01,2023-09-11,-0.0189903461587886,2023,2023-06-30,learned_market,20260911,0.4123279644916131,0.4123279644916131,0,0
fixed_transform_remove_only,3066,2023-09-08,2023-09-18,-0.0111346368744954,2023,2023-06-30,learned_market,20260911,0.5949896287699009,0.5949896287699009,1,0
fixed_transform_remove_only,3071,2023-09-15,2023-09-25,0.0105787349314532,2023,2023-06-30,learned_market,20260911,0.7521629844390624,0.7521629844390624,1,1
fixed_transform_remove_only,3076,2023-09-22,2023-10-16,-0.0198017153282719,2023,2023-06-30,learned_market,20260911,0.60664845909414,0.60664845909414,1,0
fixed_transform_remove_only,3021,2023-07-07,2023-07-17,0.0104280552692135,2023,2023-06-30,learned_vol_interaction,20260911,0.48596828863588293,0.48596828863588293,0,1
fixed_transform_remove_only,3026,2023-07-14,2023-07-24,-0.0201642613135752,2023,2023-06-30,learned_vol_interaction,20260911,0.4335299020285022,0.4335299020285022,0,0
fixed_transform_remove_only,3031,2023-07-21,2023-07-31,0.0566710925894278,2023,2023-06-30,learned_vol_interaction,20260911,0.45353071072581425,0.45353071072581425,0,1
fixed_transform_remove_only,3036,2023-07-28,2023-08-07,-0.0039612927947766,2023,2023-06-30,learned_vol_interaction,20260911,0.46456966062293176,0.46456966062293176,0,0
fixed_transform_remove_only,3041,2023-08-04,2023-08-14,-0.0404899362223548,2023,2023-06-30,learned_vol_interaction,20260911,0.43797853825732364,0.43797853825732364,0,0
fixed_transform_remove_only,3046,2023-08-11,2023-08-21,-0.0176157088591445,2023,2023-06-30,learned_vol_interaction,20260911,0.6688213527323001,0.6688213527323001,1,0
fixed_transform_remove_only,3051,2023-08-18,2023-08-28,0.0366582477081969,2023,2023-06-30,learned_vol_interaction,20260911,0.4788933959941826,0.4788933959941826,0,1
fixed_transform_remove_only,3056,2023-08-25,2023-09-04,-0.025197172476384,2023,2023-06-30,learned_vol_interaction,20260911,0.5272066305005869,0.5272066305005869,1,0
fixed_transform_remove_only,3061,2023-09-01,2023-09-11,-0.0189903461587886,2023,2023-06-30,learned_vol_interaction,20260911,0.43605156230370473,0.43605156230370473,0,0
fixed_transform_remove_only,3066,2023-09-08,2023-09-18,-0.0111346368744954,2023,2023-06-30,learned_vol_interaction,20260911,0.5872222605891172,0.5872222605891172,1,0
fixed_transform_remove_only,3071,2023-09-15,2023-09-25,0.0105787349314532,2023,2023-06-30,learned_vol_interaction,20260911,0.7331280197372254,0.7331280197372254,1,1
fixed_transform_remove_only,3076,2023-09-22,2023-10-16,-0.0198017153282719,2023,2023-06-30,learned_vol_interaction,20260911,0.5989440759033822,0.5989440759033822,1,0
fixed_transform_remove_only,3021,2023-07-07,2023-07-17,0.0104280552692135,2023,2023-06-30,learned_order_extension,20260911,0.48401314231426257,0.48401314231426257,0,1
fixed_transform_remove_only,3026,2023-07-14,2023-07-24,-0.0201642613135752,2023,2023-06-30,learned_order_extension,20260911,0.4330425304499724,0.4330425304499724,0,0
fixed_transform_remove_only,3031,2023-07-21,2023-07-31,0.0566710925894278,2023,2023-06-30,learned_order_extension,20260911,0.4516064178406317,0.4516064178406317,0,1
fixed_transform_remove_only,3036,2023-07-28,2023-08-07,-0.0039612927947766,2023,2023-06-30,learned_order_extension,20260911,0.464244027680796,0.464244027680796,0,0
fixed_transform_remove_only,3041,2023-08-04,2023-08-14,-0.0404899362223548,2023,2023-06-30,learned_order_extension,20260911,0.4368900658894853,0.4368900658894853,0,0
fixed_transform_remove_only,3046,2023-08-11,2023-08-21,-0.0176157088591445,2023,2023-06-30,learned_order_extension,20260911,0.6713526352368361,0.6713526352368361,1,0
fixed_transform_remove_only,3051,2023-08-18,2023-08-28,0.0366582477081969,2023,2023-06-30,learned_order_extension,20260911,0.4781413653640396,0.4781413653640396,0,1
fixed_transform_remove_only,3056,2023-08-25,2023-09-04,-0.025197172476384,2023,2023-06-30,learned_order_extension,20260911,0.5284087906358708,0.5284087906358708,1,0
fixed_transform_remove_only,3061,2023-09-01,2023-09-11,-0.0189903461587886,2023,2023-06-30,learned_order_extension,20260911,0.43432060207008244,0.43432060207008244,0,0
fixed_transform_remove_only,3066,2023-09-08,2023-09-18,-0.0111346368744954,2023,2023-06-30,learned_order_extension,20260911,0.5881927782852848,0.5881927782852848,1,0
fixed_transform_remove_only,3071,2023-09-15,2023-09-25,0.0105787349314532,2023,2023-06-30,learned_order_extension,20260911,0.7332432683620111,0.7332432683620111,1,1
fixed_transform_remove_only,3076,2023-09-22,2023-10-16,-0.0198017153282719,2023,2023-06-30,learned_order_extension,20260911,0.5989490070060773,0.5989490070060773,1,0
fixed_transform_remove_only,3021,2023-07-07,2023-07-17,0.0104280552692135,2023,2023-06-30,learned_order_offset,20260911,0.48438724244178877,0.48438724244178877,0,1
fixed_transform_remove_only,3026,2023-07-14,2023-07-24,-0.0201642613135752,2023,2023-06-30,learned_order_offset,20260911,0.4333054632264419,0.4333054632264419,0,0
fixed_transform_remove_only,3031,2023-07-21,2023-07-31,0.0566710925894278,2023,2023-06-30,learned_order_offset,20260911,0.451918751667676,0.451918751667676,0,1
fixed_transform_remove_only,3036,2023-07-28,2023-08-07,-0.0039612927947766,2023,2023-06-30,learned_order_offset,20260911,0.46455969573476785,0.46455969573476785,0,0
fixed_transform_remove_only,3041,2023-08-04,2023-08-14,-0.0404899362223548,2023,2023-06-30,learned_order_offset,20260911,0.4371756339092734,0.4371756339092734,0,0
fixed_transform_remove_only,3046,2023-08-11,2023-08-21,-0.0176157088591445,2023,2023-06-30,learned_order_offset,20260911,0.6712443582442764,0.6712443582442764,1,0
fixed_transform_remove_only,3051,2023-08-18,2023-08-28,0.0366582477081969,2023,2023-06-30,learned_order_offset,20260911,0.4783079986070428,0.4783079986070428,0,1
fixed_transform_remove_only,3056,2023-08-25,2023-09-04,-0.025197172476384,2023,2023-06-30,learned_order_offset,20260911,0.5286103557339431,0.5286103557339431,1,0
fixed_transform_remove_only,3061,2023-09-01,2023-09-11,-0.0189903461587886,2023,2023-06-30,learned_order_offset,20260911,0.43448023499480687,0.43448023499480687,0,0
fixed_transform_remove_only,3066,2023-09-08,2023-09-18,-0.0111346368744954,2023,2023-06-30,learned_order_offset,20260911,0.5882484749274094,0.5882484749274094,1,0
fixed_transform_remove_only,3071,2023-09-15,2023-09-25,0.0105787349314532,2023,2023-06-30,learned_order_offset,20260911,0.7332700843805957,0.7332700843805957,1,1
fixed_transform_remove_only,3076,2023-09-22,2023-10-16,-0.0198017153282719,2023,2023-06-30,learned_order_offset,20260911,0.5990727336229749,0.5990727336229749,1,0
fixed_transform_remove_only,3021,2023-07-07,2023-07-17,0.0104280552692135,2023,2023-06-30,learned_market,20260912,0.5909673645361013,0.5909673645361013,1,1
fixed_transform_remove_only,3026,2023-07-14,2023-07-24,-0.0201642613135752,2023,2023-06-30,learned_market,20260912,0.7625992082184418,0.7625992082184418,1,0
fixed_transform_remove_only,3031,2023-07-21,2023-07-31,0.0566710925894278,2023,2023-06-30,learned_market,20260912,0.24570249250071097,0.24570249250071097,0,1
fixed_transform_remove_only,3036,2023-07-28,2023-08-07,-0.0039612927947766,2023,2023-06-30,learned_market,20260912,0.6529889604636021,0.6529889604636021,1,0
fixed_transform_remove_only,3041,2023-08-04,2023-08-14,-0.0404899362223548,2023,2023-06-30,learned_market,20260912,0.6880992886339751,0.6880992886339751,1,0
fixed_transform_remove_only,3046,2023-08-11,2023-08-21,-0.0176157088591445,2023,2023-06-30,learned_market,20260912,0.8730104458353212,0.8730104458353212,1,0
fixed_transform_remove_only,3051,2023-08-18,2023-08-28,0.0366582477081969,2023,2023-06-30,learned_market,20260912,0.40540851362388775,0.40540851362388775,0,1
fixed_transform_remove_only,3056,2023-08-25,2023-09-04,-0.025197172476384,2023,2023-06-30,learned_market,20260912,0.4316936840991776,0.4316936840991776,0,0
fixed_transform_remove_only,3061,2023-09-01,2023-09-11,-0.0189903461587886,2023,2023-06-30,learned_market,20260912,0.21735451265782108,0.21735451265782108,0,0
fixed_transform_remove_only,3066,2023-09-08,2023-09-18,-0.0111346368744954,2023,2023-06-30,learned_market,20260912,0.6097322112118735,0.6097322112118735,1,0
fixed_transform_remove_only,3071,2023-09-15,2023-09-25,0.0105787349314532,2023,2023-06-30,learned_market,20260912,0.4100281932287385,0.4100281932287385,0,1
fixed_transform_remove_only,3076,2023-09-22,2023-10-16,-0.0198017153282719,2023,2023-06-30,learned_market,20260912,0.3940031709766439,0.3940031709766439,0,0
fixed_transform_remove_only,3021,2023-07-07,2023-07-17,0.0104280552692135,2023,2023-06-30,learned_vol_interaction,20260912,0.6077723932787764,0.6077723932787764,1,1
fixed_transform_remove_only,3026,2023-07-14,2023-07-24,-0.0201642613135752,2023,2023-06-30,learned_vol_interaction,20260912,0.7801162435752388,0.7801162435752388,1,0
fixed_transform_remove_only,3031,2023-07-21,2023-07-31,0.0566710925894278,2023,2023-06-30,learned_vol_interaction,20260912,0.21503684794146855,0.21503684794146855,0,1
fixed_transform_remove_only,3036,2023-07-28,2023-08-07,-0.0039612927947766,2023,2023-06-30,learned_vol_interaction,20260912,0.6481555364953355,0.6481555364953355,1,0
fixed_transform_remove_only,3041,2023-08-04,2023-08-14,-0.0404899362223548,2023,2023-06-30,learned_vol_interaction,20260912,0.6970715902439797,0.6970715902439797,1,0
fixed_transform_remove_only,3046,2023-08-11,2023-08-21,-0.0176157088591445,2023,2023-06-30,learned_vol_interaction,20260912,0.8826129874759229,0.8826129874759229,1,0
fixed_transform_remove_only,3051,2023-08-18,2023-08-28,0.0366582477081969,2023,2023-06-30,learned_vol_interaction,20260912,0.41933583735848595,0.41933583735848595,0,1
fixed_transform_remove_only,3056,2023-08-25,2023-09-04,-0.025197172476384,2023,2023-06-30,learned_vol_interaction,20260912,0.4187139139158943,0.4187139139158943,0,0
fixed_transform_remove_only,3061,2023-09-01,2023-09-11,-0.0189903461587886,2023,2023-06-30,learned_vol_interaction,20260912,0.19381025577497296,0.19381025577497296,0,0
fixed_transform_remove_only,3066,2023-09-08,2023-09-18,-0.0111346368744954,2023,2023-06-30,learned_vol_interaction,20260912,0.605556142548081,0.605556142548081,1,0
fixed_transform_remove_only,3071,2023-09-15,2023-09-25,0.0105787349314532,2023,2023-06-30,learned_vol_interaction,20260912,0.3880616251502274,0.3880616251502274,0,1
fixed_transform_remove_only,3076,2023-09-22,2023-10-16,-0.0198017153282719,2023,2023-06-30,learned_vol_interaction,20260912,0.38574948042325763,0.38574948042325763,0,0
fixed_transform_remove_only,3021,2023-07-07,2023-07-17,0.0104280552692135,2023,2023-06-30,learned_order_extension,20260912,0.5939262874689418,0.5939262874689418,1,1
fixed_transform_remove_only,3026,2023-07-14,2023-07-24,-0.0201642613135752,2023,2023-06-30,learned_order_extension,20260912,0.7046183553747869,0.7046183553747869,1,0
fixed_transform_remove_only,3031,2023-07-21,2023-07-31,0.0566710925894278,2023,2023-06-30,learned_order_extension,20260912,0.32885644074342113,0.32885644074342113,0,1
fixed_transform_remove_only,3036,2023-07-28,2023-08-07,-0.0039612927947766,2023,2023-06-30,learned_order_extension,20260912,0.6281577056184564,0.6281577056184564,1,0
fixed_transform_remove_only,3041,2023-08-04,2023-08-14,-0.0404899362223548,2023,2023-06-30,learned_order_extension,20260912,0.6337033979139703,0.6337033979139703,1,0
fixed_transform_remove_only,3046,2023-08-11,2023-08-21,-0.0176157088591445,2023,2023-06-30,learned_order_extension,20260912,0.8147015259279804,0.8147015259279804,1,0
fixed_transform_remove_only,3051,2023-08-18,2023-08-28,0.0366582477081969,2023,2023-06-30,learned_order_extension,20260912,0.4255360946886689,0.4255360946886689,0,1
fixed_transform_remove_only,3056,2023-08-25,2023-09-04,-0.025197172476384,2023,2023-06-30,learned_order_extension,20260912,0.4474811655156061,0.4474811655156061,0,0
fixed_transform_remove_only,3061,2023-09-01,2023-09-11,-0.0189903461587886,2023,2023-06-30,learned_order_extension,20260912,0.24969241251738694,0.24969241251738694,0,0
fixed_transform_remove_only,3066,2023-09-08,2023-09-18,-0.0111346368744954,2023,2023-06-30,learned_order_extension,20260912,0.565667613224835,0.565667613224835,1,0
fixed_transform_remove_only,3071,2023-09-15,2023-09-25,0.0105787349314532,2023,2023-06-30,learned_order_extension,20260912,0.39519459915589544,0.39519459915589544,0,1
fixed_transform_remove_only,3076,2023-09-22,2023-10-16,-0.0198017153282719,2023,2023-06-30,learned_order_extension,20260912,0.4111725016894453,0.4111725016894453,0,0
fixed_transform_remove_only,3021,2023-07-07,2023-07-17,0.0104280552692135,2023,2023-06-30,learned_order_offset,20260912,0.5968002650752873,0.5968002650752873,1,1
fixed_transform_remove_only,3026,2023-07-14,2023-07-24,-0.0201642613135752,2023,2023-06-30,learned_order_offset,20260912,0.7048834816209012,0.7048834816209012,1,0
fixed_transform_remove_only,3031,2023-07-21,2023-07-31,0.0566710925894278,2023,2023-06-30,learned_order_offset,20260912,0.32668852873863624,0.32668852873863624,0,1
fixed_transform_remove_only,3036,2023-07-28,2023-08-07,-0.0039612927947766,2023,2023-06-30,learned_order_offset,20260912,0.6286482681093081,0.6286482681093081,1,0
fixed_transform_remove_only,3041,2023-08-04,2023-08-14,-0.0404899362223548,2023,2023-06-30,learned_order_offset,20260912,0.634695051407722,0.634695051407722,1,0
fixed_transform_remove_only,3046,2023-08-11,2023-08-21,-0.0176157088591445,2023,2023-06-30,learned_order_offset,20260912,0.8140369786632339,0.8140369786632339,1,0
fixed_transform_remove_only,3051,2023-08-18,2023-08-28,0.0366582477081969,2023,2023-06-30,learned_order_offset,20260912,0.41975669254644343,0.41975669254644343,0,1
fixed_transform_remove_only,3056,2023-08-25,2023-09-04,-0.025197172476384,2023,2023-06-30,learned_order_offset,20260912,0.44637234940841325,0.44637234940841325,0,0
fixed_transform_remove_only,3061,2023-09-01,2023-09-11,-0.0189903461587886,2023,2023-06-30,learned_order_offset,20260912,0.24736374448829904,0.24736374448829904,0,0
fixed_transform_remove_only,3066,2023-09-08,2023-09-18,-0.0111346368744954,2023,2023-06-30,learned_order_offset,20260912,0.5658854420468777,0.5658854420468777,1,0
fixed_transform_remove_only,3071,2023-09-15,2023-09-25,0.0105787349314532,2023,2023-06-30,learned_order_offset,20260912,0.39290564354608276,0.39290564354608276,0,1
fixed_transform_remove_only,3076,2023-09-22,2023-10-16,-0.0198017153282719,2023,2023-06-30,learned_order_offset,20260912,0.4106729846857238,0.4106729846857238,0,0
fixed_transform_remove_only,3021,2023-07-07,2023-07-17,0.0104280552692135,2023,2023-06-30,training_frequency,-1,0.5110091743119266,0.5110091743119266,1,1
fixed_transform_remove_only,3026,2023-07-14,2023-07-24,-0.0201642613135752,2023,2023-06-30,training_frequency,-1,0.5110091743119266,0.5110091743119266,1,0
fixed_transform_remove_only,3031,2023-07-21,2023-07-31,0.0566710925894278,2023,2023-06-30,training_frequency,-1,0.5110091743119266,0.5110091743119266,1,1
fixed_transform_remove_only,3036,2023-07-28,2023-08-07,-0.0039612927947766,2023,2023-06-30,training_frequency,-1,0.5110091743119266,0.5110091743119266,1,0
fixed_transform_remove_only,3041,2023-08-04,2023-08-14,-0.0404899362223548,2023,2023-06-30,training_frequency,-1,0.5110091743119266,0.5110091743119266,1,0
fixed_transform_remove_only,3046,2023-08-11,2023-08-21,-0.0176157088591445,2023,2023-06-30,training_frequency,-1,0.5110091743119266,0.5110091743119266,1,0
fixed_transform_remove_only,3051,2023-08-18,2023-08-28,0.0366582477081969,2023,2023-06-30,training_frequency,-1,0.5110091743119266,0.5110091743119266,1,1
fixed_transform_remove_only,3056,2023-08-25,2023-09-04,-0.025197172476384,2023,2023-06-30,training_frequency,-1,0.5110091743119266,0.5110091743119266,1,0
fixed_transform_remove_only,3061,2023-09-01,2023-09-11,-0.0189903461587886,2023,2023-06-30,training_frequency,-1,0.5110091743119266,0.5110091743119266,1,0
fixed_transform_remove_only,3066,2023-09-08,2023-09-18,-0.0111346368744954,2023,2023-06-30,training_frequency,-1,0.5110091743119266,0.5110091743119266,1,0
fixed_transform_remove_only,3071,2023-09-15,2023-09-25,0.0105787349314532,2023,2023-06-30,training_frequency,-1,0.5110091743119266,0.5110091743119266,1,1
fixed_transform_remove_only,3076,2023-09-22,2023-10-16,-0.0198017153282719,2023,2023-06-30,training_frequency,-1,0.5110091743119266,0.5110091743119266,1,0
fixed_transform_remove_only,3085,2023-10-13,2023-10-23,-0.0447156690429144,2023,2023-09-30,learned_market,20260910,0.3997993574864566,0.3997993574864566,0,0
fixed_transform_remove_only,3090,2023-10-20,2023-10-30,0.0154019770298841,2023,2023-09-30,learned_market,20260910,0.5055491814086456,0.5055491814086456,1,1
fixed_transform_remove_only,3095,2023-10-27,2023-11-06,0.0152527637017425,2023,2023-09-30,learned_market,20260910,0.677560376287348,0.677560376287348,1,1
fixed_transform_remove_only,3100,2023-11-03,2023-11-13,-0.0039935482440582,2023,2023-09-30,learned_market,20260910,0.6387524363992919,0.6387524363992919,1,0
fixed_transform_remove_only,3105,2023-11-10,2023-11-20,-0.0067280482816765,2023,2023-09-30,learned_market,20260910,0.41286367139946023,0.41286367139946023,0,0
fixed_transform_remove_only,3110,2023-11-17,2023-11-27,-0.0098859017348651,2023,2023-09-30,learned_market,20260910,0.5017444375371186,0.5017444375371186,1,0
fixed_transform_remove_only,3115,2023-11-24,2023-12-04,-0.0151084754586299,2023,2023-09-30,learned_market,20260910,0.603888310183726,0.603888310183726,1,0
fixed_transform_remove_only,3120,2023-12-01,2023-12-11,-0.0295859857973478,2023,2023-09-30,learned_market,20260910,0.6407760932855221,0.6407760932855221,1,0
fixed_transform_remove_only,3125,2023-12-08,2023-12-18,-0.0144639658974852,2023,2023-09-30,learned_market,20260910,0.6984064835680088,0.6984064835680088,1,0
fixed_transform_remove_only,3130,2023-12-15,2023-12-25,0.0003424256350643,2023,2023-09-30,learned_market,20260910,0.546619787636244,0.546619787636244,1,1
fixed_transform_remove_only,3135,2023-12-22,2024-01-02,0.0288079559683274,2023,2023-09-30,learned_market,20260910,0.3918866345290465,0.3918866345290465,0,1
fixed_transform_remove_only,3140,2023-12-29,2024-01-08,-0.0302544749829989,2023,2023-09-30,learned_market,20260910,0.6178566547065363,0.6178566547065363,1,0
fixed_transform_remove_only,3085,2023-10-13,2023-10-23,-0.0447156690429144,2023,2023-09-30,learned_vol_interaction,20260910,0.37858417147821893,0.37858417147821893,0,0
fixed_transform_remove_only,3090,2023-10-20,2023-10-30,0.0154019770298841,2023,2023-09-30,learned_vol_interaction,20260910,0.5006374019059598,0.5006374019059598,1,1
fixed_transform_remove_only,3095,2023-10-27,2023-11-06,0.0152527637017425,2023,2023-09-30,learned_vol_interaction,20260910,0.688519881154041,0.688519881154041,1,1
fixed_transform_remove_only,3100,2023-11-03,2023-11-13,-0.0039935482440582,2023,2023-09-30,learned_vol_interaction,20260910,0.6548474327092335,0.6548474327092335,1,0
fixed_transform_remove_only,3105,2023-11-10,2023-11-20,-0.0067280482816765,2023,2023-09-30,learned_vol_interaction,20260910,0.4069854529279247,0.4069854529279247,0,0
fixed_transform_remove_only,3110,2023-11-17,2023-11-27,-0.0098859017348651,2023,2023-09-30,learned_vol_interaction,20260910,0.5141554200626273,0.5141554200626273,1,0
fixed_transform_remove_only,3115,2023-11-24,2023-12-04,-0.0151084754586299,2023,2023-09-30,learned_vol_interaction,20260910,0.6284144789533229,0.6284144789533229,1,0
fixed_transform_remove_only,3120,2023-12-01,2023-12-11,-0.0295859857973478,2023,2023-09-30,learned_vol_interaction,20260910,0.6667264601302367,0.6667264601302367,1,0
fixed_transform_remove_only,3125,2023-12-08,2023-12-18,-0.0144639658974852,2023,2023-09-30,learned_vol_interaction,20260910,0.7233067991633259,0.7233067991633259,1,0
fixed_transform_remove_only,3130,2023-12-15,2023-12-25,0.0003424256350643,2023,2023-09-30,learned_vol_interaction,20260910,0.5472340229979599,0.5472340229979599,1,1
fixed_transform_remove_only,3135,2023-12-22,2024-01-02,0.0288079559683274,2023,2023-09-30,learned_vol_interaction,20260910,0.3699470050333146,0.3699470050333146,0,1
fixed_transform_remove_only,3140,2023-12-29,2024-01-08,-0.0302544749829989,2023,2023-09-30,learned_vol_interaction,20260910,0.6311684785901224,0.6311684785901224,1,0
fixed_transform_remove_only,3085,2023-10-13,2023-10-23,-0.0447156690429144,2023,2023-09-30,learned_order_extension,20260910,0.35427914652992154,0.35427914652992154,0,0
fixed_transform_remove_only,3090,2023-10-20,2023-10-30,0.0154019770298841,2023,2023-09-30,learned_order_extension,20260910,0.5060191111921293,0.5060191111921293,1,1
fixed_transform_remove_only,3095,2023-10-27,2023-11-06,0.0152527637017425,2023,2023-09-30,learned_order_extension,20260910,0.6502898639347457,0.6502898639347457,1,1
fixed_transform_remove_only,3100,2023-11-03,2023-11-13,-0.0039935482440582,2023,2023-09-30,learned_order_extension,20260910,0.6343497409004252,0.6343497409004252,1,0
fixed_transform_remove_only,3105,2023-11-10,2023-11-20,-0.0067280482816765,2023,2023-09-30,learned_order_extension,20260910,0.4470199423570977,0.4470199423570977,0,0
fixed_transform_remove_only,3110,2023-11-17,2023-11-27,-0.0098859017348651,2023,2023-09-30,learned_order_extension,20260910,0.5350749419192392,0.5350749419192392,1,0
fixed_transform_remove_only,3115,2023-11-24,2023-12-04,-0.0151084754586299,2023,2023-09-30,learned_order_extension,20260910,0.5904221247014189,0.5904221247014189,1,0
fixed_transform_remove_only,3120,2023-12-01,2023-12-11,-0.0295859857973478,2023,2023-09-30,learned_order_extension,20260910,0.637708821547943,0.637708821547943,1,0
fixed_transform_remove_only,3125,2023-12-08,2023-12-18,-0.0144639658974852,2023,2023-09-30,learned_order_extension,20260910,0.7265560391146928,0.7265560391146928,1,0
fixed_transform_remove_only,3130,2023-12-15,2023-12-25,0.0003424256350643,2023,2023-09-30,learned_order_extension,20260910,0.5463300568278455,0.5463300568278455,1,1
fixed_transform_remove_only,3135,2023-12-22,2024-01-02,0.0288079559683274,2023,2023-09-30,learned_order_extension,20260910,0.4085295282048711,0.4085295282048711,0,1
fixed_transform_remove_only,3140,2023-12-29,2024-01-08,-0.0302544749829989,2023,2023-09-30,learned_order_extension,20260910,0.6318778158292949,0.6318778158292949,1,0
fixed_transform_remove_only,3085,2023-10-13,2023-10-23,-0.0447156690429144,2023,2023-09-30,learned_order_offset,20260910,0.3519345849564689,0.3519345849564689,0,0
fixed_transform_remove_only,3090,2023-10-20,2023-10-30,0.0154019770298841,2023,2023-09-30,learned_order_offset,20260910,0.5033473032589886,0.5033473032589886,1,1
fixed_transform_remove_only,3095,2023-10-27,2023-11-06,0.0152527637017425,2023,2023-09-30,learned_order_offset,20260910,0.6477315265295411,0.6477315265295411,1,1
fixed_transform_remove_only,3100,2023-11-03,2023-11-13,-0.0039935482440582,2023,2023-09-30,learned_order_offset,20260910,0.6316914365148122,0.6316914365148122,1,0
fixed_transform_remove_only,3105,2023-11-10,2023-11-20,-0.0067280482816765,2023,2023-09-30,learned_order_offset,20260910,0.44202888397823764,0.44202888397823764,0,0
fixed_transform_remove_only,3110,2023-11-17,2023-11-27,-0.0098859017348651,2023,2023-09-30,learned_order_offset,20260910,0.533879489601177,0.533879489601177,1,0
fixed_transform_remove_only,3115,2023-11-24,2023-12-04,-0.0151084754586299,2023,2023-09-30,learned_order_offset,20260910,0.5896962368398957,0.5896962368398957,1,0
fixed_transform_remove_only,3120,2023-12-01,2023-12-11,-0.0295859857973478,2023,2023-09-30,learned_order_offset,20260910,0.6367630205434962,0.6367630205434962,1,0
fixed_transform_remove_only,3125,2023-12-08,2023-12-18,-0.0144639658974852,2023,2023-09-30,learned_order_offset,20260910,0.7273352750740814,0.7273352750740814,1,0
fixed_transform_remove_only,3130,2023-12-15,2023-12-25,0.0003424256350643,2023,2023-09-30,learned_order_offset,20260910,0.5432700972392515,0.5432700972392515,1,1
fixed_transform_remove_only,3135,2023-12-22,2024-01-02,0.0288079559683274,2023,2023-09-30,learned_order_offset,20260910,0.4008367166275642,0.4008367166275642,0,1
fixed_transform_remove_only,3140,2023-12-29,2024-01-08,-0.0302544749829989,2023,2023-09-30,learned_order_offset,20260910,0.6299463601555102,0.6299463601555102,1,0
fixed_transform_remove_only,3085,2023-10-13,2023-10-23,-0.0447156690429144,2023,2023-09-30,learned_market,20260911,0.37847131630304126,0.37847131630304126,0,0
fixed_transform_remove_only,3090,2023-10-20,2023-10-30,0.0154019770298841,2023,2023-09-30,learned_market,20260911,0.3985337868309861,0.3985337868309861,0,1
fixed_transform_remove_only,3095,2023-10-27,2023-11-06,0.0152527637017425,2023,2023-09-30,learned_market,20260911,0.4669733248604751,0.4669733248604751,0,1
fixed_transform_remove_only,3100,2023-11-03,2023-11-13,-0.0039935482440582,2023,2023-09-30,learned_market,20260911,0.6644258044663724,0.6644258044663724,1,0
fixed_transform_remove_only,3105,2023-11-10,2023-11-20,-0.0067280482816765,2023,2023-09-30,learned_market,20260911,0.4811578438838095,0.4811578438838095,0,0
fixed_transform_remove_only,3110,2023-11-17,2023-11-27,-0.0098859017348651,2023,2023-09-30,learned_market,20260911,0.45965993103728564,0.45965993103728564,0,0
fixed_transform_remove_only,3115,2023-11-24,2023-12-04,-0.0151084754586299,2023,2023-09-30,learned_market,20260911,0.5075196669701842,0.5075196669701842,1,0
fixed_transform_remove_only,3120,2023-12-01,2023-12-11,-0.0295859857973478,2023,2023-09-30,learned_market,20260911,0.5957584616322499,0.5957584616322499,1,0
fixed_transform_remove_only,3125,2023-12-08,2023-12-18,-0.0144639658974852,2023,2023-09-30,learned_market,20260911,0.48242471860213826,0.48242471860213826,0,0
fixed_transform_remove_only,3130,2023-12-15,2023-12-25,0.0003424256350643,2023,2023-09-30,learned_market,20260911,0.47928167575545305,0.47928167575545305,0,1
fixed_transform_remove_only,3135,2023-12-22,2024-01-02,0.0288079559683274,2023,2023-09-30,learned_market,20260911,0.49233689434291283,0.49233689434291283,0,1
fixed_transform_remove_only,3140,2023-12-29,2024-01-08,-0.0302544749829989,2023,2023-09-30,learned_market,20260911,0.549124476532971,0.549124476532971,1,0
fixed_transform_remove_only,3085,2023-10-13,2023-10-23,-0.0447156690429144,2023,2023-09-30,learned_vol_interaction,20260911,0.43578369602462014,0.43578369602462014,0,0
fixed_transform_remove_only,3090,2023-10-20,2023-10-30,0.0154019770298841,2023,2023-09-30,learned_vol_interaction,20260911,0.4371904843242298,0.4371904843242298,0,1
fixed_transform_remove_only,3095,2023-10-27,2023-11-06,0.0152527637017425,2023,2023-09-30,learned_vol_interaction,20260911,0.4657144419219513,0.4657144419219513,0,1
fixed_transform_remove_only,3100,2023-11-03,2023-11-13,-0.0039935482440582,2023,2023-09-30,learned_vol_interaction,20260911,0.6491023344731198,0.6491023344731198,1,0
fixed_transform_remove_only,3105,2023-11-10,2023-11-20,-0.0067280482816765,2023,2023-09-30,learned_vol_interaction,20260911,0.49380088998686594,0.49380088998686594,0,0
fixed_transform_remove_only,3110,2023-11-17,2023-11-27,-0.0098859017348651,2023,2023-09-30,learned_vol_interaction,20260911,0.49677097191355674,0.49677097191355674,0,0
fixed_transform_remove_only,3115,2023-11-24,2023-12-04,-0.0151084754586299,2023,2023-09-30,learned_vol_interaction,20260911,0.5117253635606859,0.5117253635606859,1,0
fixed_transform_remove_only,3120,2023-12-01,2023-12-11,-0.0295859857973478,2023,2023-09-30,learned_vol_interaction,20260911,0.5832073868300487,0.5832073868300487,1,0
fixed_transform_remove_only,3125,2023-12-08,2023-12-18,-0.0144639658974852,2023,2023-09-30,learned_vol_interaction,20260911,0.5343989777950319,0.5343989777950319,1,0
fixed_transform_remove_only,3130,2023-12-15,2023-12-25,0.0003424256350643,2023,2023-09-30,learned_vol_interaction,20260911,0.5328458026087274,0.5328458026087274,1,1
fixed_transform_remove_only,3135,2023-12-22,2024-01-02,0.0288079559683274,2023,2023-09-30,learned_vol_interaction,20260911,0.5302849406270251,0.5302849406270251,1,1
fixed_transform_remove_only,3140,2023-12-29,2024-01-08,-0.0302544749829989,2023,2023-09-30,learned_vol_interaction,20260911,0.5575914230280835,0.5575914230280835,1,0
fixed_transform_remove_only,3085,2023-10-13,2023-10-23,-0.0447156690429144,2023,2023-09-30,learned_order_extension,20260911,0.43483192579645447,0.43483192579645447,0,0
fixed_transform_remove_only,3090,2023-10-20,2023-10-30,0.0154019770298841,2023,2023-09-30,learned_order_extension,20260911,0.4360833404531437,0.4360833404531437,0,1
fixed_transform_remove_only,3095,2023-10-27,2023-11-06,0.0152527637017425,2023,2023-09-30,learned_order_extension,20260911,0.4660643089262548,0.4660643089262548,0,1
fixed_transform_remove_only,3100,2023-11-03,2023-11-13,-0.0039935482440582,2023,2023-09-30,learned_order_extension,20260911,0.6495256324545701,0.6495256324545701,1,0
fixed_transform_remove_only,3105,2023-11-10,2023-11-20,-0.0067280482816765,2023,2023-09-30,learned_order_extension,20260911,0.4949539985091632,0.4949539985091632,0,0
fixed_transform_remove_only,3110,2023-11-17,2023-11-27,-0.0098859017348651,2023,2023-09-30,learned_order_extension,20260911,0.49753211946389275,0.49753211946389275,0,0
fixed_transform_remove_only,3115,2023-11-24,2023-12-04,-0.0151084754586299,2023,2023-09-30,learned_order_extension,20260911,0.5127405947232865,0.5127405947232865,1,0
fixed_transform_remove_only,3120,2023-12-01,2023-12-11,-0.0295859857973478,2023,2023-09-30,learned_order_extension,20260911,0.5839043118869294,0.5839043118869294,1,0
fixed_transform_remove_only,3125,2023-12-08,2023-12-18,-0.0144639658974852,2023,2023-09-30,learned_order_extension,20260911,0.5344677576485166,0.5344677576485166,1,0
fixed_transform_remove_only,3130,2023-12-15,2023-12-25,0.0003424256350643,2023,2023-09-30,learned_order_extension,20260911,0.5342779931828123,0.5342779931828123,1,1
fixed_transform_remove_only,3135,2023-12-22,2024-01-02,0.0288079559683274,2023,2023-09-30,learned_order_extension,20260911,0.5321995885487378,0.5321995885487378,1,1
fixed_transform_remove_only,3140,2023-12-29,2024-01-08,-0.0302544749829989,2023,2023-09-30,learned_order_extension,20260911,0.5578973967998363,0.5578973967998363,1,0
fixed_transform_remove_only,3085,2023-10-13,2023-10-23,-0.0447156690429144,2023,2023-09-30,learned_order_offset,20260911,0.43437833890246874,0.43437833890246874,0,0
fixed_transform_remove_only,3090,2023-10-20,2023-10-30,0.0154019770298841,2023,2023-09-30,learned_order_offset,20260911,0.43549484027438407,0.43549484027438407,0,1
fixed_transform_remove_only,3095,2023-10-27,2023-11-06,0.0152527637017425,2023,2023-09-30,learned_order_offset,20260911,0.46566636379981935,0.46566636379981935,0,1
fixed_transform_remove_only,3100,2023-11-03,2023-11-13,-0.0039935482440582,2023,2023-09-30,learned_order_offset,20260911,0.6493103376695469,0.6493103376695469,1,0
fixed_transform_remove_only,3105,2023-11-10,2023-11-20,-0.0067280482816765,2023,2023-09-30,learned_order_offset,20260911,0.49449669126068363,0.49449669126068363,0,0
fixed_transform_remove_only,3110,2023-11-17,2023-11-27,-0.0098859017348651,2023,2023-09-30,learned_order_offset,20260911,0.4970769964685476,0.4970769964685476,0,0
fixed_transform_remove_only,3115,2023-11-24,2023-12-04,-0.0151084754586299,2023,2023-09-30,learned_order_offset,20260911,0.5123924198337948,0.5123924198337948,1,0
fixed_transform_remove_only,3120,2023-12-01,2023-12-11,-0.0295859857973478,2023,2023-09-30,learned_order_offset,20260911,0.5836375331170821,0.5836375331170821,1,0
fixed_transform_remove_only,3125,2023-12-08,2023-12-18,-0.0144639658974852,2023,2023-09-30,learned_order_offset,20260911,0.5338759792357786,0.5338759792357786,1,0
fixed_transform_remove_only,3130,2023-12-15,2023-12-25,0.0003424256350643,2023,2023-09-30,learned_order_offset,20260911,0.5336332574680506,0.5336332574680506,1,1
fixed_transform_remove_only,3135,2023-12-22,2024-01-02,0.0288079559683274,2023,2023-09-30,learned_order_offset,20260911,0.5316153443430707,0.5316153443430707,1,1
fixed_transform_remove_only,3140,2023-12-29,2024-01-08,-0.0302544749829989,2023,2023-09-30,learned_order_offset,20260911,0.5574677954520055,0.5574677954520055,1,0
fixed_transform_remove_only,3085,2023-10-13,2023-10-23,-0.0447156690429144,2023,2023-09-30,learned_market,20260912,0.4437848678681093,0.4437848678681093,0,0
fixed_transform_remove_only,3090,2023-10-20,2023-10-30,0.0154019770298841,2023,2023-09-30,learned_market,20260912,0.47920870676351207,0.47920870676351207,0,1
fixed_transform_remove_only,3095,2023-10-27,2023-11-06,0.0152527637017425,2023,2023-09-30,learned_market,20260912,0.8454232806752124,0.8454232806752124,1,1
fixed_transform_remove_only,3100,2023-11-03,2023-11-13,-0.0039935482440582,2023,2023-09-30,learned_market,20260912,0.38718486496277754,0.38718486496277754,0,0
fixed_transform_remove_only,3105,2023-11-10,2023-11-20,-0.0067280482816765,2023,2023-09-30,learned_market,20260912,0.36418026948358745,0.36418026948358745,0,0
fixed_transform_remove_only,3110,2023-11-17,2023-11-27,-0.0098859017348651,2023,2023-09-30,learned_market,20260912,0.2789545736010769,0.2789545736010769,0,0
fixed_transform_remove_only,3115,2023-11-24,2023-12-04,-0.0151084754586299,2023,2023-09-30,learned_market,20260912,0.5735974073654772,0.5735974073654772,1,0
fixed_transform_remove_only,3120,2023-12-01,2023-12-11,-0.0295859857973478,2023,2023-09-30,learned_market,20260912,0.39033627396998793,0.39033627396998793,0,0
fixed_transform_remove_only,3125,2023-12-08,2023-12-18,-0.0144639658974852,2023,2023-09-30,learned_market,20260912,0.4634188907796041,0.4634188907796041,0,0
fixed_transform_remove_only,3130,2023-12-15,2023-12-25,0.0003424256350643,2023,2023-09-30,learned_market,20260912,0.46280838472361224,0.46280838472361224,0,1
fixed_transform_remove_only,3135,2023-12-22,2024-01-02,0.0288079559683274,2023,2023-09-30,learned_market,20260912,0.3841250534503686,0.3841250534503686,0,1
fixed_transform_remove_only,3140,2023-12-29,2024-01-08,-0.0302544749829989,2023,2023-09-30,learned_market,20260912,0.29093901689850427,0.29093901689850427,0,0
fixed_transform_remove_only,3085,2023-10-13,2023-10-23,-0.0447156690429144,2023,2023-09-30,learned_vol_interaction,20260912,0.43124599179496675,0.43124599179496675,0,0
fixed_transform_remove_only,3090,2023-10-20,2023-10-30,0.0154019770298841,2023,2023-09-30,learned_vol_interaction,20260912,0.48136266434875585,0.48136266434875585,0,1
fixed_transform_remove_only,3095,2023-10-27,2023-11-06,0.0152527637017425,2023,2023-09-30,learned_vol_interaction,20260912,0.8620626422147947,0.8620626422147947,1,1
fixed_transform_remove_only,3100,2023-11-03,2023-11-13,-0.0039935482440582,2023,2023-09-30,learned_vol_interaction,20260912,0.381001094071918,0.381001094071918,0,0
fixed_transform_remove_only,3105,2023-11-10,2023-11-20,-0.0067280482816765,2023,2023-09-30,learned_vol_interaction,20260912,0.352620981468607,0.352620981468607,0,0
fixed_transform_remove_only,3110,2023-11-17,2023-11-27,-0.0098859017348651,2023,2023-09-30,learned_vol_interaction,20260912,0.23443363568573716,0.23443363568573716,0,0
fixed_transform_remove_only,3115,2023-11-24,2023-12-04,-0.0151084754586299,2023,2023-09-30,learned_vol_interaction,20260912,0.5986426544761837,0.5986426544761837,1,0
fixed_transform_remove_only,3120,2023-12-01,2023-12-11,-0.0295859857973478,2023,2023-09-30,learned_vol_interaction,20260912,0.36344011895202427,0.36344011895202427,0,0
fixed_transform_remove_only,3125,2023-12-08,2023-12-18,-0.0144639658974852,2023,2023-09-30,learned_vol_interaction,20260912,0.44550800066795593,0.44550800066795593,0,0
fixed_transform_remove_only,3130,2023-12-15,2023-12-25,0.0003424256350643,2023,2023-09-30,learned_vol_interaction,20260912,0.4492220028809903,0.4492220028809903,0,1
fixed_transform_remove_only,3135,2023-12-22,2024-01-02,0.0288079559683274,2023,2023-09-30,learned_vol_interaction,20260912,0.3454186759656415,0.3454186759656415,0,1
fixed_transform_remove_only,3140,2023-12-29,2024-01-08,-0.0302544749829989,2023,2023-09-30,learned_vol_interaction,20260912,0.2734294928847217,0.2734294928847217,0,0
fixed_transform_remove_only,3085,2023-10-13,2023-10-23,-0.0447156690429144,2023,2023-09-30,learned_order_extension,20260912,0.44556361597927996,0.44556361597927996,0,0
fixed_transform_remove_only,3090,2023-10-20,2023-10-30,0.0154019770298841,2023,2023-09-30,learned_order_extension,20260912,0.5099119968189751,0.5099119968189751,1,1
fixed_transform_remove_only,3095,2023-10-27,2023-11-06,0.0152527637017425,2023,2023-09-30,learned_order_extension,20260912,0.8169837014738173,0.8169837014738173,1,1
fixed_transform_remove_only,3100,2023-11-03,2023-11-13,-0.0039935482440582,2023,2023-09-30,learned_order_extension,20260912,0.4523926858530504,0.4523926858530504,0,0
fixed_transform_remove_only,3105,2023-11-10,2023-11-20,-0.0067280482816765,2023,2023-09-30,learned_order_extension,20260912,0.3942748762261026,0.3942748762261026,0,0
fixed_transform_remove_only,3110,2023-11-17,2023-11-27,-0.0098859017348651,2023,2023-09-30,learned_order_extension,20260912,0.32443886799490923,0.32443886799490923,0,0
fixed_transform_remove_only,3115,2023-11-24,2023-12-04,-0.0151084754586299,2023,2023-09-30,learned_order_extension,20260912,0.5654921136794809,0.5654921136794809,1,0
fixed_transform_remove_only,3120,2023-12-01,2023-12-11,-0.0295859857973478,2023,2023-09-30,learned_order_extension,20260912,0.4334865001123858,0.4334865001123858,0,0
fixed_transform_remove_only,3125,2023-12-08,2023-12-18,-0.0144639658974852,2023,2023-09-30,learned_order_extension,20260912,0.4713402323200895,0.4713402323200895,0,0
fixed_transform_remove_only,3130,2023-12-15,2023-12-25,0.0003424256350643,2023,2023-09-30,learned_order_extension,20260912,0.491509420722244,0.491509420722244,0,1
fixed_transform_remove_only,3135,2023-12-22,2024-01-02,0.0288079559683274,2023,2023-09-30,learned_order_extension,20260912,0.39083555120064384,0.39083555120064384,0,1
fixed_transform_remove_only,3140,2023-12-29,2024-01-08,-0.0302544749829989,2023,2023-09-30,learned_order_extension,20260912,0.3613600159916307,0.3613600159916307,0,0
fixed_transform_remove_only,3085,2023-10-13,2023-10-23,-0.0447156690429144,2023,2023-09-30,learned_order_offset,20260912,0.4425564684084182,0.4425564684084182,0,0
fixed_transform_remove_only,3090,2023-10-20,2023-10-30,0.0154019770298841,2023,2023-09-30,learned_order_offset,20260912,0.506105171360017,0.506105171360017,1,1
fixed_transform_remove_only,3095,2023-10-27,2023-11-06,0.0152527637017425,2023,2023-09-30,learned_order_offset,20260912,0.8150110153849368,0.8150110153849368,1,1
fixed_transform_remove_only,3100,2023-11-03,2023-11-13,-0.0039935482440582,2023,2023-09-30,learned_order_offset,20260912,0.4435303277468209,0.4435303277468209,0,0
fixed_transform_remove_only,3105,2023-11-10,2023-11-20,-0.0067280482816765,2023,2023-09-30,learned_order_offset,20260912,0.3824999405667643,0.3824999405667643,0,0
fixed_transform_remove_only,3110,2023-11-17,2023-11-27,-0.0098859017348651,2023,2023-09-30,learned_order_offset,20260912,0.31636751582635875,0.31636751582635875,0,0
fixed_transform_remove_only,3115,2023-11-24,2023-12-04,-0.0151084754586299,2023,2023-09-30,learned_order_offset,20260912,0.5642797134956696,0.5642797134956696,1,0
fixed_transform_remove_only,3120,2023-12-01,2023-12-11,-0.0295859857973478,2023,2023-09-30,learned_order_offset,20260912,0.42333947170461034,0.42333947170461034,0,0
fixed_transform_remove_only,3125,2023-12-08,2023-12-18,-0.0144639658974852,2023,2023-09-30,learned_order_offset,20260912,0.46460418009520305,0.46460418009520305,0,0
fixed_transform_remove_only,3130,2023-12-15,2023-12-25,0.0003424256350643,2023,2023-09-30,learned_order_offset,20260912,0.48231373699543756,0.48231373699543756,0,1
fixed_transform_remove_only,3135,2023-12-22,2024-01-02,0.0288079559683274,2023,2023-09-30,learned_order_offset,20260912,0.3835153179078504,0.3835153179078504,0,1
fixed_transform_remove_only,3140,2023-12-29,2024-01-08,-0.0302544749829989,2023,2023-09-30,learned_order_offset,20260912,0.3508682854702968,0.3508682854702968,0,0
fixed_transform_remove_only,3085,2023-10-13,2023-10-23,-0.0447156690429144,2023,2023-09-30,training_frequency,-1,0.5116959064327485,0.5116959064327485,1,0
fixed_transform_remove_only,3090,2023-10-20,2023-10-30,0.0154019770298841,2023,2023-09-30,training_frequency,-1,0.5116959064327485,0.5116959064327485,1,1
fixed_transform_remove_only,3095,2023-10-27,2023-11-06,0.0152527637017425,2023,2023-09-30,training_frequency,-1,0.5116959064327485,0.5116959064327485,1,1
fixed_transform_remove_only,3100,2023-11-03,2023-11-13,-0.0039935482440582,2023,2023-09-30,training_frequency,-1,0.5116959064327485,0.5116959064327485,1,0
fixed_transform_remove_only,3105,2023-11-10,2023-11-20,-0.0067280482816765,2023,2023-09-30,training_frequency,-1,0.5116959064327485,0.5116959064327485,1,0
fixed_transform_remove_only,3110,2023-11-17,2023-11-27,-0.0098859017348651,2023,2023-09-30,training_frequency,-1,0.5116959064327485,0.5116959064327485,1,0
fixed_transform_remove_only,3115,2023-11-24,2023-12-04,-0.0151084754586299,2023,2023-09-30,training_frequency,-1,0.5116959064327485,0.5116959064327485,1,0
fixed_transform_remove_only,3120,2023-12-01,2023-12-11,-0.0295859857973478,2023,2023-09-30,training_frequency,-1,0.5116959064327485,0.5116959064327485,1,0
fixed_transform_remove_only,3125,2023-12-08,2023-12-18,-0.0144639658974852,2023,2023-09-30,training_frequency,-1,0.5116959064327485,0.5116959064327485,1,0
fixed_transform_remove_only,3130,2023-12-15,2023-12-25,0.0003424256350643,2023,2023-09-30,training_frequency,-1,0.5116959064327485,0.5116959064327485,1,1
fixed_transform_remove_only,3135,2023-12-22,2024-01-02,0.0288079559683274,2023,2023-09-30,training_frequency,-1,0.5116959064327485,0.5116959064327485,1,1
fixed_transform_remove_only,3140,2023-12-29,2024-01-08,-0.0302544749829989,2023,2023-09-30,training_frequency,-1,0.5116959064327485,0.5116959064327485,1,0
fixed_transform_remove_only,3144,2024-01-05,2024-01-15,-0.0158038409563566,2024,2023-12-31,learned_market,20260910,0.37911601118731636,0.37911601118731636,0,0
fixed_transform_remove_only,3149,2024-01-12,2024-01-22,-0.002333261979756,2024,2023-12-31,learned_market,20260910,0.4589111880907024,0.4589111880907024,0,0
fixed_transform_remove_only,3154,2024-01-19,2024-01-29,0.0223511633823452,2024,2023-12-31,learned_market,20260910,0.41956122213307734,0.41956122213307734,0,1
fixed_transform_remove_only,3159,2024-01-26,2024-02-05,-0.0513103415192826,2024,2023-12-31,learned_market,20260910,0.4467918935376125,0.4467918935376125,0,0
fixed_transform_remove_only,3164,2024-02-02,2024-02-26,0.1015374891364462,2024,2023-12-31,learned_market,20260910,0.6470923056808707,0.6470923056808707,1,1
fixed_transform_remove_only,3173,2024-02-23,2024-03-04,0.0151569053862528,2024,2023-12-31,learned_market,20260910,0.6974540268702009,0.6974540268702009,1,1
fixed_transform_remove_only,3178,2024-03-01,2024-03-11,0.0021394031715169,2024,2023-12-31,learned_market,20260910,0.6539310685581109,0.6539310685581109,1,1
fixed_transform_remove_only,3183,2024-03-08,2024-03-18,0.0087762342284414,2024,2023-12-31,learned_market,20260910,0.651636534380962,0.651636534380962,1,1
fixed_transform_remove_only,3188,2024-03-15,2024-03-25,-0.0112802133595746,2024,2023-12-31,learned_market,20260910,0.6184866579610433,0.6184866579610433,1,0
fixed_transform_remove_only,3193,2024-03-22,2024-04-01,0.0042044725182444,2024,2023-12-31,learned_market,20260910,0.49537529534083324,0.49537529534083324,0,1
fixed_transform_remove_only,3198,2024-03-29,2024-04-15,-0.0219845815102011,2024,2023-12-31,learned_market,20260910,0.4469684467331579,0.4469684467331579,0,0
fixed_transform_remove_only,3144,2024-01-05,2024-01-15,-0.0158038409563566,2024,2023-12-31,learned_vol_interaction,20260910,0.375948748112503,0.375948748112503,0,0
fixed_transform_remove_only,3149,2024-01-12,2024-01-22,-0.002333261979756,2024,2023-12-31,learned_vol_interaction,20260910,0.4653387886294592,0.4653387886294592,0,0
fixed_transform_remove_only,3154,2024-01-19,2024-01-29,0.0223511633823452,2024,2023-12-31,learned_vol_interaction,20260910,0.409541362332266,0.409541362332266,0,1
fixed_transform_remove_only,3159,2024-01-26,2024-02-05,-0.0513103415192826,2024,2023-12-31,learned_vol_interaction,20260910,0.4427031623961251,0.4427031623961251,0,0
fixed_transform_remove_only,3164,2024-02-02,2024-02-26,0.1015374891364462,2024,2023-12-31,learned_vol_interaction,20260910,0.6537066574488869,0.6537066574488869,1,1
fixed_transform_remove_only,3173,2024-02-23,2024-03-04,0.0151569053862528,2024,2023-12-31,learned_vol_interaction,20260910,0.689311779469667,0.689311779469667,1,1
fixed_transform_remove_only,3178,2024-03-01,2024-03-11,0.0021394031715169,2024,2023-12-31,learned_vol_interaction,20260910,0.6480049647794901,0.6480049647794901,1,1
fixed_transform_remove_only,3183,2024-03-08,2024-03-18,0.0087762342284414,2024,2023-12-31,learned_vol_interaction,20260910,0.6491293260006892,0.6491293260006892,1,1
fixed_transform_remove_only,3188,2024-03-15,2024-03-25,-0.0112802133595746,2024,2023-12-31,learned_vol_interaction,20260910,0.6390487602979349,0.6390487602979349,1,0
fixed_transform_remove_only,3193,2024-03-22,2024-04-01,0.0042044725182444,2024,2023-12-31,learned_vol_interaction,20260910,0.502579297882782,0.502579297882782,1,1
fixed_transform_remove_only,3198,2024-03-29,2024-04-15,-0.0219845815102011,2024,2023-12-31,learned_vol_interaction,20260910,0.4621147966680959,0.4621147966680959,0,0
fixed_transform_remove_only,3144,2024-01-05,2024-01-15,-0.0158038409563566,2024,2023-12-31,learned_order_extension,20260910,0.4019000383386628,0.4019000383386628,0,0
fixed_transform_remove_only,3149,2024-01-12,2024-01-22,-0.002333261979756,2024,2023-12-31,learned_order_extension,20260910,0.4536929976964038,0.4536929976964038,0,0
fixed_transform_remove_only,3154,2024-01-19,2024-01-29,0.0223511633823452,2024,2023-12-31,learned_order_extension,20260910,0.4065097447533653,0.4065097447533653,0,1
fixed_transform_remove_only,3159,2024-01-26,2024-02-05,-0.0513103415192826,2024,2023-12-31,learned_order_extension,20260910,0.4181108069924978,0.4181108069924978,0,0
fixed_transform_remove_only,3164,2024-02-02,2024-02-26,0.1015374891364462,2024,2023-12-31,learned_order_extension,20260910,0.6639940867614434,0.6639940867614434,1,1
fixed_transform_remove_only,3173,2024-02-23,2024-03-04,0.0151569053862528,2024,2023-12-31,learned_order_extension,20260910,0.6509742827223437,0.6509742827223437,1,1
fixed_transform_remove_only,3178,2024-03-01,2024-03-11,0.0021394031715169,2024,2023-12-31,learned_order_extension,20260910,0.596427953854031,0.596427953854031,1,1
fixed_transform_remove_only,3183,2024-03-08,2024-03-18,0.0087762342284414,2024,2023-12-31,learned_order_extension,20260910,0.5823638998065179,0.5823638998065179,1,1
fixed_transform_remove_only,3188,2024-03-15,2024-03-25,-0.0112802133595746,2024,2023-12-31,learned_order_extension,20260910,0.5649258035498114,0.5649258035498114,1,0
fixed_transform_remove_only,3193,2024-03-22,2024-04-01,0.0042044725182444,2024,2023-12-31,learned_order_extension,20260910,0.4756478826315535,0.4756478826315535,0,1
fixed_transform_remove_only,3198,2024-03-29,2024-04-15,-0.0219845815102011,2024,2023-12-31,learned_order_extension,20260910,0.44826023295447676,0.44826023295447676,0,0
fixed_transform_remove_only,3144,2024-01-05,2024-01-15,-0.0158038409563566,2024,2023-12-31,learned_order_offset,20260910,0.40294607271257427,0.40294607271257427,0,0
fixed_transform_remove_only,3149,2024-01-12,2024-01-22,-0.002333261979756,2024,2023-12-31,learned_order_offset,20260910,0.45320010017286466,0.45320010017286466,0,0
fixed_transform_remove_only,3154,2024-01-19,2024-01-29,0.0223511633823452,2024,2023-12-31,learned_order_offset,20260910,0.40698948981731453,0.40698948981731453,0,1
fixed_transform_remove_only,3159,2024-01-26,2024-02-05,-0.0513103415192826,2024,2023-12-31,learned_order_offset,20260910,0.4180998926398431,0.4180998926398431,0,0
fixed_transform_remove_only,3164,2024-02-02,2024-02-26,0.1015374891364462,2024,2023-12-31,learned_order_offset,20260910,0.662467427882048,0.662467427882048,1,1
fixed_transform_remove_only,3173,2024-02-23,2024-03-04,0.0151569053862528,2024,2023-12-31,learned_order_offset,20260910,0.6495192030104356,0.6495192030104356,1,1
fixed_transform_remove_only,3178,2024-03-01,2024-03-11,0.0021394031715169,2024,2023-12-31,learned_order_offset,20260910,0.5953483627631191,0.5953483627631191,1,1
fixed_transform_remove_only,3183,2024-03-08,2024-03-18,0.0087762342284414,2024,2023-12-31,learned_order_offset,20260910,0.5813453143574694,0.5813453143574694,1,1
fixed_transform_remove_only,3188,2024-03-15,2024-03-25,-0.0112802133595746,2024,2023-12-31,learned_order_offset,20260910,0.5629285714576356,0.5629285714576356,1,0
fixed_transform_remove_only,3193,2024-03-22,2024-04-01,0.0042044725182444,2024,2023-12-31,learned_order_offset,20260910,0.4746800194029474,0.4746800194029474,0,1
fixed_transform_remove_only,3198,2024-03-29,2024-04-15,-0.0219845815102011,2024,2023-12-31,learned_order_offset,20260910,0.4474975970181041,0.4474975970181041,0,0
fixed_transform_remove_only,3144,2024-01-05,2024-01-15,-0.0158038409563566,2024,2023-12-31,learned_market,20260911,0.5054381986976906,0.5054381986976906,1,0
fixed_transform_remove_only,3149,2024-01-12,2024-01-22,-0.002333261979756,2024,2023-12-31,learned_market,20260911,0.5344404908323787,0.5344404908323787,1,0
fixed_transform_remove_only,3154,2024-01-19,2024-01-29,0.0223511633823452,2024,2023-12-31,learned_market,20260911,0.6056082203678326,0.6056082203678326,1,1
fixed_transform_remove_only,3159,2024-01-26,2024-02-05,-0.0513103415192826,2024,2023-12-31,learned_market,20260911,0.536236284491504,0.536236284491504,1,0
fixed_transform_remove_only,3164,2024-02-02,2024-02-26,0.1015374891364462,2024,2023-12-31,learned_market,20260911,0.5342416496354764,0.5342416496354764,1,1
fixed_transform_remove_only,3173,2024-02-23,2024-03-04,0.0151569053862528,2024,2023-12-31,learned_market,20260911,0.636064859077555,0.636064859077555,1,1
fixed_transform_remove_only,3178,2024-03-01,2024-03-11,0.0021394031715169,2024,2023-12-31,learned_market,20260911,0.5744958412225454,0.5744958412225454,1,1
fixed_transform_remove_only,3183,2024-03-08,2024-03-18,0.0087762342284414,2024,2023-12-31,learned_market,20260911,0.6235376359173743,0.6235376359173743,1,1
fixed_transform_remove_only,3188,2024-03-15,2024-03-25,-0.0112802133595746,2024,2023-12-31,learned_market,20260911,0.5250838960153138,0.5250838960153138,1,0
fixed_transform_remove_only,3193,2024-03-22,2024-04-01,0.0042044725182444,2024,2023-12-31,learned_market,20260911,0.5710939352608271,0.5710939352608271,1,1
fixed_transform_remove_only,3198,2024-03-29,2024-04-15,-0.0219845815102011,2024,2023-12-31,learned_market,20260911,0.3834197760468657,0.3834197760468657,0,0
fixed_transform_remove_only,3144,2024-01-05,2024-01-15,-0.0158038409563566,2024,2023-12-31,learned_vol_interaction,20260911,0.5055907048902185,0.5055907048902185,1,0
fixed_transform_remove_only,3149,2024-01-12,2024-01-22,-0.002333261979756,2024,2023-12-31,learned_vol_interaction,20260911,0.5345697430715253,0.5345697430715253,1,0
fixed_transform_remove_only,3154,2024-01-19,2024-01-29,0.0223511633823452,2024,2023-12-31,learned_vol_interaction,20260911,0.6057144516952688,0.6057144516952688,1,1
fixed_transform_remove_only,3159,2024-01-26,2024-02-05,-0.0513103415192826,2024,2023-12-31,learned_vol_interaction,20260911,0.5360497014286747,0.5360497014286747,1,0
fixed_transform_remove_only,3164,2024-02-02,2024-02-26,0.1015374891364462,2024,2023-12-31,learned_vol_interaction,20260911,0.5340699292580867,0.5340699292580867,1,1
fixed_transform_remove_only,3173,2024-02-23,2024-03-04,0.0151569053862528,2024,2023-12-31,learned_vol_interaction,20260911,0.635598842460853,0.635598842460853,1,1
fixed_transform_remove_only,3178,2024-03-01,2024-03-11,0.0021394031715169,2024,2023-12-31,learned_vol_interaction,20260911,0.5740233508322927,0.5740233508322927,1,1
fixed_transform_remove_only,3183,2024-03-08,2024-03-18,0.0087762342284414,2024,2023-12-31,learned_vol_interaction,20260911,0.6228491427098055,0.6228491427098055,1,1
fixed_transform_remove_only,3188,2024-03-15,2024-03-25,-0.0112802133595746,2024,2023-12-31,learned_vol_interaction,20260911,0.5244855050624243,0.5244855050624243,1,0
fixed_transform_remove_only,3193,2024-03-22,2024-04-01,0.0042044725182444,2024,2023-12-31,learned_vol_interaction,20260911,0.5705279783235351,0.5705279783235351,1,1
fixed_transform_remove_only,3198,2024-03-29,2024-04-15,-0.0219845815102011,2024,2023-12-31,learned_vol_interaction,20260911,0.38271605688876176,0.38271605688876176,0,0
fixed_transform_remove_only,3144,2024-01-05,2024-01-15,-0.0158038409563566,2024,2023-12-31,learned_order_extension,20260911,0.5046246382575834,0.5046246382575834,1,0
fixed_transform_remove_only,3149,2024-01-12,2024-01-22,-0.002333261979756,2024,2023-12-31,learned_order_extension,20260911,0.5273727883107168,0.5273727883107168,1,0
fixed_transform_remove_only,3154,2024-01-19,2024-01-29,0.0223511633823452,2024,2023-12-31,learned_order_extension,20260911,0.6361976645125996,0.6361976645125996,1,1
fixed_transform_remove_only,3159,2024-01-26,2024-02-05,-0.0513103415192826,2024,2023-12-31,learned_order_extension,20260911,0.5444608640891567,0.5444608640891567,1,0
fixed_transform_remove_only,3164,2024-02-02,2024-02-26,0.1015374891364462,2024,2023-12-31,learned_order_extension,20260911,0.545031438848448,0.545031438848448,1,1
fixed_transform_remove_only,3173,2024-02-23,2024-03-04,0.0151569053862528,2024,2023-12-31,learned_order_extension,20260911,0.6125199424254827,0.6125199424254827,1,1
fixed_transform_remove_only,3178,2024-03-01,2024-03-11,0.0021394031715169,2024,2023-12-31,learned_order_extension,20260911,0.5496769035930799,0.5496769035930799,1,1
fixed_transform_remove_only,3183,2024-03-08,2024-03-18,0.0087762342284414,2024,2023-12-31,learned_order_extension,20260911,0.5653384521782018,0.5653384521782018,1,1
fixed_transform_remove_only,3188,2024-03-15,2024-03-25,-0.0112802133595746,2024,2023-12-31,learned_order_extension,20260911,0.4741066250462846,0.4741066250462846,0,0
fixed_transform_remove_only,3193,2024-03-22,2024-04-01,0.0042044725182444,2024,2023-12-31,learned_order_extension,20260911,0.5034201205076809,0.5034201205076809,1,1
fixed_transform_remove_only,3198,2024-03-29,2024-04-15,-0.0219845815102011,2024,2023-12-31,learned_order_extension,20260911,0.3647496103237538,0.3647496103237538,0,0
fixed_transform_remove_only,3144,2024-01-05,2024-01-15,-0.0158038409563566,2024,2023-12-31,learned_order_offset,20260911,0.5039028855862143,0.5039028855862143,1,0
fixed_transform_remove_only,3149,2024-01-12,2024-01-22,-0.002333261979756,2024,2023-12-31,learned_order_offset,20260911,0.5267036688758374,0.5267036688758374,1,0
fixed_transform_remove_only,3154,2024-01-19,2024-01-29,0.0223511633823452,2024,2023-12-31,learned_order_offset,20260911,0.6349472157761124,0.6349472157761124,1,1
fixed_transform_remove_only,3159,2024-01-26,2024-02-05,-0.0513103415192826,2024,2023-12-31,learned_order_offset,20260911,0.5443793909861219,0.5443793909861219,1,0
fixed_transform_remove_only,3164,2024-02-02,2024-02-26,0.1015374891364462,2024,2023-12-31,learned_order_offset,20260911,0.5451794882867483,0.5451794882867483,1,1
fixed_transform_remove_only,3173,2024-02-23,2024-03-04,0.0151569053862528,2024,2023-12-31,learned_order_offset,20260911,0.6109679669122872,0.6109679669122872,1,1
fixed_transform_remove_only,3178,2024-03-01,2024-03-11,0.0021394031715169,2024,2023-12-31,learned_order_offset,20260911,0.5481247094966736,0.5481247094966736,1,1
fixed_transform_remove_only,3183,2024-03-08,2024-03-18,0.0087762342284414,2024,2023-12-31,learned_order_offset,20260911,0.5633395909983205,0.5633395909983205,1,1
fixed_transform_remove_only,3188,2024-03-15,2024-03-25,-0.0112802133595746,2024,2023-12-31,learned_order_offset,20260911,0.47094256842793375,0.47094256842793375,0,0
fixed_transform_remove_only,3193,2024-03-22,2024-04-01,0.0042044725182444,2024,2023-12-31,learned_order_offset,20260911,0.4995363819528175,0.4995363819528175,0,1
fixed_transform_remove_only,3198,2024-03-29,2024-04-15,-0.0219845815102011,2024,2023-12-31,learned_order_offset,20260911,0.3626011592845029,0.3626011592845029,0,0
fixed_transform_remove_only,3144,2024-01-05,2024-01-15,-0.0158038409563566,2024,2023-12-31,learned_market,20260912,0.5011992069392154,0.5011992069392154,1,0
fixed_transform_remove_only,3149,2024-01-12,2024-01-22,-0.002333261979756,2024,2023-12-31,learned_market,20260912,0.47277699760132935,0.47277699760132935,0,0
fixed_transform_remove_only,3154,2024-01-19,2024-01-29,0.0223511633823452,2024,2023-12-31,learned_market,20260912,0.4519385169732587,0.4519385169732587,0,1
fixed_transform_remove_only,3159,2024-01-26,2024-02-05,-0.0513103415192826,2024,2023-12-31,learned_market,20260912,0.5136187590656476,0.5136187590656476,1,0
fixed_transform_remove_only,3164,2024-02-02,2024-02-26,0.1015374891364462,2024,2023-12-31,learned_market,20260912,0.5626550395617658,0.5626550395617658,1,1
fixed_transform_remove_only,3173,2024-02-23,2024-03-04,0.0151569053862528,2024,2023-12-31,learned_market,20260912,0.4999534810647158,0.4999534810647158,0,1
fixed_transform_remove_only,3178,2024-03-01,2024-03-11,0.0021394031715169,2024,2023-12-31,learned_market,20260912,0.5749313458355619,0.5749313458355619,1,1
fixed_transform_remove_only,3183,2024-03-08,2024-03-18,0.0087762342284414,2024,2023-12-31,learned_market,20260912,0.5879570158742811,0.5879570158742811,1,1
fixed_transform_remove_only,3188,2024-03-15,2024-03-25,-0.0112802133595746,2024,2023-12-31,learned_market,20260912,0.48185973058558346,0.48185973058558346,0,0
fixed_transform_remove_only,3193,2024-03-22,2024-04-01,0.0042044725182444,2024,2023-12-31,learned_market,20260912,0.5819259306110321,0.5819259306110321,1,1
fixed_transform_remove_only,3198,2024-03-29,2024-04-15,-0.0219845815102011,2024,2023-12-31,learned_market,20260912,0.5513216063045803,0.5513216063045803,1,0
fixed_transform_remove_only,3144,2024-01-05,2024-01-15,-0.0158038409563566,2024,2023-12-31,learned_vol_interaction,20260912,0.4952442890139834,0.4952442890139834,0,0
fixed_transform_remove_only,3149,2024-01-12,2024-01-22,-0.002333261979756,2024,2023-12-31,learned_vol_interaction,20260912,0.46734394081550534,0.46734394081550534,0,0
fixed_transform_remove_only,3154,2024-01-19,2024-01-29,0.0223511633823452,2024,2023-12-31,learned_vol_interaction,20260912,0.4458542659590224,0.4458542659590224,0,1
fixed_transform_remove_only,3159,2024-01-26,2024-02-05,-0.0513103415192826,2024,2023-12-31,learned_vol_interaction,20260912,0.5051200250772759,0.5051200250772759,1,0
fixed_transform_remove_only,3164,2024-02-02,2024-02-26,0.1015374891364462,2024,2023-12-31,learned_vol_interaction,20260912,0.5544379606615297,0.5544379606615297,1,1
fixed_transform_remove_only,3173,2024-02-23,2024-03-04,0.0151569053862528,2024,2023-12-31,learned_vol_interaction,20260912,0.4830624305901862,0.4830624305901862,0,1
fixed_transform_remove_only,3178,2024-03-01,2024-03-11,0.0021394031715169,2024,2023-12-31,learned_vol_interaction,20260912,0.5592748903954966,0.5592748903954966,1,1
fixed_transform_remove_only,3183,2024-03-08,2024-03-18,0.0087762342284414,2024,2023-12-31,learned_vol_interaction,20260912,0.5740363843191351,0.5740363843191351,1,1
fixed_transform_remove_only,3188,2024-03-15,2024-03-25,-0.0112802133595746,2024,2023-12-31,learned_vol_interaction,20260912,0.4809004633653104,0.4809004633653104,0,0
fixed_transform_remove_only,3193,2024-03-22,2024-04-01,0.0042044725182444,2024,2023-12-31,learned_vol_interaction,20260912,0.5933081539859947,0.5933081539859947,1,1
fixed_transform_remove_only,3198,2024-03-29,2024-04-15,-0.0219845815102011,2024,2023-12-31,learned_vol_interaction,20260912,0.5653073701837698,0.5653073701837698,1,0
fixed_transform_remove_only,3144,2024-01-05,2024-01-15,-0.0158038409563566,2024,2023-12-31,learned_order_extension,20260912,0.5535119994762409,0.5535119994762409,1,0
fixed_transform_remove_only,3149,2024-01-12,2024-01-22,-0.002333261979756,2024,2023-12-31,learned_order_extension,20260912,0.48736548091739423,0.48736548091739423,0,0
fixed_transform_remove_only,3154,2024-01-19,2024-01-29,0.0223511633823452,2024,2023-12-31,learned_order_extension,20260912,0.4215435053964147,0.4215435053964147,0,1
fixed_transform_remove_only,3159,2024-01-26,2024-02-05,-0.0513103415192826,2024,2023-12-31,learned_order_extension,20260912,0.48649269504735876,0.48649269504735876,0,0
fixed_transform_remove_only,3164,2024-02-02,2024-02-26,0.1015374891364462,2024,2023-12-31,learned_order_extension,20260912,0.5496050819275686,0.5496050819275686,1,1
fixed_transform_remove_only,3173,2024-02-23,2024-03-04,0.0151569053862528,2024,2023-12-31,learned_order_extension,20260912,0.4386082807089806,0.4386082807089806,0,1
fixed_transform_remove_only,3178,2024-03-01,2024-03-11,0.0021394031715169,2024,2023-12-31,learned_order_extension,20260912,0.46924981751922445,0.46924981751922445,0,1
fixed_transform_remove_only,3183,2024-03-08,2024-03-18,0.0087762342284414,2024,2023-12-31,learned_order_extension,20260912,0.4701956287186797,0.4701956287186797,0,1
fixed_transform_remove_only,3188,2024-03-15,2024-03-25,-0.0112802133595746,2024,2023-12-31,learned_order_extension,20260912,0.41374971985365583,0.41374971985365583,0,0
fixed_transform_remove_only,3193,2024-03-22,2024-04-01,0.0042044725182444,2024,2023-12-31,learned_order_extension,20260912,0.4779698312307604,0.4779698312307604,0,1
fixed_transform_remove_only,3198,2024-03-29,2024-04-15,-0.0219845815102011,2024,2023-12-31,learned_order_extension,20260912,0.47494867441409877,0.47494867441409877,0,0
fixed_transform_remove_only,3144,2024-01-05,2024-01-15,-0.0158038409563566,2024,2023-12-31,learned_order_offset,20260912,0.555524023910941,0.555524023910941,1,0
fixed_transform_remove_only,3149,2024-01-12,2024-01-22,-0.002333261979756,2024,2023-12-31,learned_order_offset,20260912,0.4886344435127239,0.4886344435127239,0,0
fixed_transform_remove_only,3154,2024-01-19,2024-01-29,0.0223511633823452,2024,2023-12-31,learned_order_offset,20260912,0.4229445653552536,0.4229445653552536,0,1
fixed_transform_remove_only,3159,2024-01-26,2024-02-05,-0.0513103415192826,2024,2023-12-31,learned_order_offset,20260912,0.4868819752675603,0.4868819752675603,0,0
fixed_transform_remove_only,3164,2024-02-02,2024-02-26,0.1015374891364462,2024,2023-12-31,learned_order_offset,20260912,0.5512261346233363,0.5512261346233363,1,1
fixed_transform_remove_only,3173,2024-02-23,2024-03-04,0.0151569053862528,2024,2023-12-31,learned_order_offset,20260912,0.4383060233141652,0.4383060233141652,0,1
fixed_transform_remove_only,3178,2024-03-01,2024-03-11,0.0021394031715169,2024,2023-12-31,learned_order_offset,20260912,0.4671863792327489,0.4671863792327489,0,1
fixed_transform_remove_only,3183,2024-03-08,2024-03-18,0.0087762342284414,2024,2023-12-31,learned_order_offset,20260912,0.4682690873666851,0.4682690873666851,0,1
fixed_transform_remove_only,3188,2024-03-15,2024-03-25,-0.0112802133595746,2024,2023-12-31,learned_order_offset,20260912,0.410883959095752,0.410883959095752,0,0
fixed_transform_remove_only,3193,2024-03-22,2024-04-01,0.0042044725182444,2024,2023-12-31,learned_order_offset,20260912,0.4736922823747903,0.4736922823747903,0,1
fixed_transform_remove_only,3198,2024-03-29,2024-04-15,-0.0219845815102011,2024,2023-12-31,learned_order_offset,20260912,0.4721761686206615,0.4721761686206615,0,0
fixed_transform_remove_only,3144,2024-01-05,2024-01-15,-0.0158038409563566,2024,2023-12-31,training_frequency,-1,0.5024834437086093,0.5024834437086093,1,0
fixed_transform_remove_only,3149,2024-01-12,2024-01-22,-0.002333261979756,2024,2023-12-31,training_frequency,-1,0.5024834437086093,0.5024834437086093,1,0
fixed_transform_remove_only,3154,2024-01-19,2024-01-29,0.0223511633823452,2024,2023-12-31,training_frequency,-1,0.5024834437086093,0.5024834437086093,1,1
fixed_transform_remove_only,3159,2024-01-26,2024-02-05,-0.0513103415192826,2024,2023-12-31,training_frequency,-1,0.5024834437086093,0.5024834437086093,1,0
fixed_transform_remove_only,3164,2024-02-02,2024-02-26,0.1015374891364462,2024,2023-12-31,training_frequency,-1,0.5024834437086093,0.5024834437086093,1,1
fixed_transform_remove_only,3173,2024-02-23,2024-03-04,0.0151569053862528,2024,2023-12-31,training_frequency,-1,0.5024834437086093,0.5024834437086093,1,1
fixed_transform_remove_only,3178,2024-03-01,2024-03-11,0.0021394031715169,2024,2023-12-31,training_frequency,-1,0.5024834437086093,0.5024834437086093,1,1
fixed_transform_remove_only,3183,2024-03-08,2024-03-18,0.0087762342284414,2024,2023-12-31,training_frequency,-1,0.5024834437086093,0.5024834437086093,1,1
fixed_transform_remove_only,3188,2024-03-15,2024-03-25,-0.0112802133595746,2024,2023-12-31,training_frequency,-1,0.5024834437086093,0.5024834437086093,1,0
fixed_transform_remove_only,3193,2024-03-22,2024-04-01,0.0042044725182444,2024,2023-12-31,training_frequency,-1,0.5024834437086093,0.5024834437086093,1,1
fixed_transform_remove_only,3198,2024-03-29,2024-04-15,-0.0219845815102011,2024,2023-12-31,training_frequency,-1,0.5024834437086093,0.5024834437086093,1,0
fixed_transform_remove_only,3206,2024-04-12,2024-04-22,0.018045199366633,2024,2024-03-31,learned_market,20260910,0.4071603265574303,0.4071603265574303,0,1
fixed_transform_remove_only,3211,2024-04-19,2024-04-29,0.0136757744232476,2024,2024-03-31,learned_market,20260910,0.37232888410373954,0.37232888410373954,0,1
fixed_transform_remove_only,3216,2024-04-26,2024-05-13,0.0172434956786644,2024,2024-03-31,learned_market,20260910,0.3264914153376162,0.3264914153376162,0,1
fixed_transform_remove_only,3223,2024-05-10,2024-05-20,0.0097933549988344,2024,2024-03-31,learned_market,20260910,0.3892679414843203,0.3892679414843203,0,1
fixed_transform_remove_only,3228,2024-05-17,2024-05-27,-0.0204803832637164,2024,2024-03-31,learned_market,20260910,0.3854831993082162,0.3854831993082162,0,0
fixed_transform_remove_only,3233,2024-05-24,2024-06-03,-0.0081155643048258,2024,2024-03-31,learned_market,20260910,0.4373676444177702,0.4373676444177702,0,0
fixed_transform_remove_only,3238,2024-05-31,2024-06-11,-0.0060267570121149,2024,2024-03-31,learned_market,20260910,0.46147403789735486,0.46147403789735486,0,0
fixed_transform_remove_only,3243,2024-06-07,2024-06-17,-0.0096686558937179,2024,2024-03-31,learned_market,20260910,0.5765573829242169,0.5765573829242169,1,0
fixed_transform_remove_only,3247,2024-06-14,2024-06-24,-0.013573992457631,2024,2024-03-31,learned_market,20260910,0.6538007945672798,0.6538007945672798,1,0
fixed_transform_remove_only,3252,2024-06-21,2024-07-01,-0.004427632109257,2024,2024-03-31,learned_market,20260910,0.4554670003823103,0.4554670003823103,0,0
fixed_transform_remove_only,3257,2024-06-28,2024-07-08,-0.0108320369203009,2024,2024-03-31,learned_market,20260910,0.5399873865900786,0.5399873865900786,1,0
fixed_transform_remove_only,3206,2024-04-12,2024-04-22,0.018045199366633,2024,2024-03-31,learned_vol_interaction,20260910,0.4019056415288402,0.4019056415288402,0,1
fixed_transform_remove_only,3211,2024-04-19,2024-04-29,0.0136757744232476,2024,2024-03-31,learned_vol_interaction,20260910,0.35569141962437156,0.35569141962437156,0,1
fixed_transform_remove_only,3216,2024-04-26,2024-05-13,0.0172434956786644,2024,2024-03-31,learned_vol_interaction,20260910,0.3115387178210162,0.3115387178210162,0,1
fixed_transform_remove_only,3223,2024-05-10,2024-05-20,0.0097933549988344,2024,2024-03-31,learned_vol_interaction,20260910,0.3640101092799363,0.3640101092799363,0,1
fixed_transform_remove_only,3228,2024-05-17,2024-05-27,-0.0204803832637164,2024,2024-03-31,learned_vol_interaction,20260910,0.3693442467784649,0.3693442467784649,0,0
fixed_transform_remove_only,3233,2024-05-24,2024-06-03,-0.0081155643048258,2024,2024-03-31,learned_vol_interaction,20260910,0.42064858729731486,0.42064858729731486,0,0
fixed_transform_remove_only,3238,2024-05-31,2024-06-11,-0.0060267570121149,2024,2024-03-31,learned_vol_interaction,20260910,0.45550958709133355,0.45550958709133355,0,0
fixed_transform_remove_only,3243,2024-06-07,2024-06-17,-0.0096686558937179,2024,2024-03-31,learned_vol_interaction,20260910,0.6115297899927786,0.6115297899927786,1,0
fixed_transform_remove_only,3247,2024-06-14,2024-06-24,-0.013573992457631,2024,2024-03-31,learned_vol_interaction,20260910,0.7129050226161512,0.7129050226161512,1,0
fixed_transform_remove_only,3252,2024-06-21,2024-07-01,-0.004427632109257,2024,2024-03-31,learned_vol_interaction,20260910,0.4775509904700351,0.4775509904700351,0,0
fixed_transform_remove_only,3257,2024-06-28,2024-07-08,-0.0108320369203009,2024,2024-03-31,learned_vol_interaction,20260910,0.5905738673010686,0.5905738673010686,1,0
fixed_transform_remove_only,3206,2024-04-12,2024-04-22,0.018045199366633,2024,2024-03-31,learned_order_extension,20260910,0.38942024979111023,0.38942024979111023,0,1
fixed_transform_remove_only,3211,2024-04-19,2024-04-29,0.0136757744232476,2024,2024-03-31,learned_order_extension,20260910,0.3668343335731007,0.3668343335731007,0,1
fixed_transform_remove_only,3216,2024-04-26,2024-05-13,0.0172434956786644,2024,2024-03-31,learned_order_extension,20260910,0.3825924905772912,0.3825924905772912,0,1
fixed_transform_remove_only,3223,2024-05-10,2024-05-20,0.0097933549988344,2024,2024-03-31,learned_order_extension,20260910,0.3819568885625729,0.3819568885625729,0,1
fixed_transform_remove_only,3228,2024-05-17,2024-05-27,-0.0204803832637164,2024,2024-03-31,learned_order_extension,20260910,0.409123460725864,0.409123460725864,0,0
fixed_transform_remove_only,3233,2024-05-24,2024-06-03,-0.0081155643048258,2024,2024-03-31,learned_order_extension,20260910,0.4396277565942599,0.4396277565942599,0,0
fixed_transform_remove_only,3238,2024-05-31,2024-06-11,-0.0060267570121149,2024,2024-03-31,learned_order_extension,20260910,0.45248634677551347,0.45248634677551347,0,0
fixed_transform_remove_only,3243,2024-06-07,2024-06-17,-0.0096686558937179,2024,2024-03-31,learned_order_extension,20260910,0.5847575567139095,0.5847575567139095,1,0
fixed_transform_remove_only,3247,2024-06-14,2024-06-24,-0.013573992457631,2024,2024-03-31,learned_order_extension,20260910,0.6981508888546227,0.6981508888546227,1,0
fixed_transform_remove_only,3252,2024-06-21,2024-07-01,-0.004427632109257,2024,2024-03-31,learned_order_extension,20260910,0.47312712369299853,0.47312712369299853,0,0
fixed_transform_remove_only,3257,2024-06-28,2024-07-08,-0.0108320369203009,2024,2024-03-31,learned_order_extension,20260910,0.5806493686561494,0.5806493686561494,1,0
fixed_transform_remove_only,3206,2024-04-12,2024-04-22,0.018045199366633,2024,2024-03-31,learned_order_offset,20260910,0.38819475057323816,0.38819475057323816,0,1
fixed_transform_remove_only,3211,2024-04-19,2024-04-29,0.0136757744232476,2024,2024-03-31,learned_order_offset,20260910,0.36781345382955527,0.36781345382955527,0,1
fixed_transform_remove_only,3216,2024-04-26,2024-05-13,0.0172434956786644,2024,2024-03-31,learned_order_offset,20260910,0.38309867452848645,0.38309867452848645,0,1
fixed_transform_remove_only,3223,2024-05-10,2024-05-20,0.0097933549988344,2024,2024-03-31,learned_order_offset,20260910,0.3822044730592422,0.3822044730592422,0,1
fixed_transform_remove_only,3228,2024-05-17,2024-05-27,-0.0204803832637164,2024,2024-03-31,learned_order_offset,20260910,0.40985532935376096,0.40985532935376096,0,0
fixed_transform_remove_only,3233,2024-05-24,2024-06-03,-0.0081155643048258,2024,2024-03-31,learned_order_offset,20260910,0.43993362305675027,0.43993362305675027,0,0
fixed_transform_remove_only,3238,2024-05-31,2024-06-11,-0.0060267570121149,2024,2024-03-31,learned_order_offset,20260910,0.4519201578803014,0.4519201578803014,0,0
fixed_transform_remove_only,3243,2024-06-07,2024-06-17,-0.0096686558937179,2024,2024-03-31,learned_order_offset,20260910,0.5851841286122702,0.5851841286122702,1,0
fixed_transform_remove_only,3247,2024-06-14,2024-06-24,-0.013573992457631,2024,2024-03-31,learned_order_offset,20260910,0.6978106001876361,0.6978106001876361,1,0
fixed_transform_remove_only,3252,2024-06-21,2024-07-01,-0.004427632109257,2024,2024-03-31,learned_order_offset,20260910,0.47135539758713857,0.47135539758713857,0,0
fixed_transform_remove_only,3257,2024-06-28,2024-07-08,-0.0108320369203009,2024,2024-03-31,learned_order_offset,20260910,0.5798770208014383,0.5798770208014383,1,0
fixed_transform_remove_only,3206,2024-04-12,2024-04-22,0.018045199366633,2024,2024-03-31,learned_market,20260911,0.3754988201281393,0.3754988201281393,0,1
fixed_transform_remove_only,3211,2024-04-19,2024-04-29,0.0136757744232476,2024,2024-03-31,learned_market,20260911,0.6696594307776264,0.6696594307776264,1,1
fixed_transform_remove_only,3216,2024-04-26,2024-05-13,0.0172434956786644,2024,2024-03-31,learned_market,20260911,0.6803531709961,0.6803531709961,1,1
fixed_transform_remove_only,3223,2024-05-10,2024-05-20,0.0097933549988344,2024,2024-03-31,learned_market,20260911,0.3304299513711753,0.3304299513711753,0,1
fixed_transform_remove_only,3228,2024-05-17,2024-05-27,-0.0204803832637164,2024,2024-03-31,learned_market,20260911,0.44871509690202166,0.44871509690202166,0,0
fixed_transform_remove_only,3233,2024-05-24,2024-06-03,-0.0081155643048258,2024,2024-03-31,learned_market,20260911,0.38354662246494803,0.38354662246494803,0,0
fixed_transform_remove_only,3238,2024-05-31,2024-06-11,-0.0060267570121149,2024,2024-03-31,learned_market,20260911,0.4865486250657347,0.4865486250657347,0,0
fixed_transform_remove_only,3243,2024-06-07,2024-06-17,-0.0096686558937179,2024,2024-03-31,learned_market,20260911,0.4601354636680089,0.4601354636680089,0,0
fixed_transform_remove_only,3247,2024-06-14,2024-06-24,-0.013573992457631,2024,2024-03-31,learned_market,20260911,0.5515012740199802,0.5515012740199802,1,0
fixed_transform_remove_only,3252,2024-06-21,2024-07-01,-0.004427632109257,2024,2024-03-31,learned_market,20260911,0.48065776978058194,0.48065776978058194,0,0
fixed_transform_remove_only,3257,2024-06-28,2024-07-08,-0.0108320369203009,2024,2024-03-31,learned_market,20260911,0.5010075221288738,0.5010075221288738,1,0
fixed_transform_remove_only,3206,2024-04-12,2024-04-22,0.018045199366633,2024,2024-03-31,learned_vol_interaction,20260911,0.3739483393813002,0.3739483393813002,0,1
fixed_transform_remove_only,3211,2024-04-19,2024-04-29,0.0136757744232476,2024,2024-03-31,learned_vol_interaction,20260911,0.6718641817343128,0.6718641817343128,1,1
fixed_transform_remove_only,3216,2024-04-26,2024-05-13,0.0172434956786644,2024,2024-03-31,learned_vol_interaction,20260911,0.682344672943053,0.682344672943053,1,1
fixed_transform_remove_only,3223,2024-05-10,2024-05-20,0.0097933549988344,2024,2024-03-31,learned_vol_interaction,20260911,0.3273579920036255,0.3273579920036255,0,1
fixed_transform_remove_only,3228,2024-05-17,2024-05-27,-0.0204803832637164,2024,2024-03-31,learned_vol_interaction,20260911,0.45016909218011747,0.45016909218011747,0,0
fixed_transform_remove_only,3233,2024-05-24,2024-06-03,-0.0081155643048258,2024,2024-03-31,learned_vol_interaction,20260911,0.3829405404683548,0.3829405404683548,0,0
fixed_transform_remove_only,3238,2024-05-31,2024-06-11,-0.0060267570121149,2024,2024-03-31,learned_vol_interaction,20260911,0.48774590365010145,0.48774590365010145,0,0
fixed_transform_remove_only,3243,2024-06-07,2024-06-17,-0.0096686558937179,2024,2024-03-31,learned_vol_interaction,20260911,0.45894413110218035,0.45894413110218035,0,0
fixed_transform_remove_only,3247,2024-06-14,2024-06-24,-0.013573992457631,2024,2024-03-31,learned_vol_interaction,20260911,0.5554815312297209,0.5554815312297209,1,0
fixed_transform_remove_only,3252,2024-06-21,2024-07-01,-0.004427632109257,2024,2024-03-31,learned_vol_interaction,20260911,0.48390752300362827,0.48390752300362827,0,0
fixed_transform_remove_only,3257,2024-06-28,2024-07-08,-0.0108320369203009,2024,2024-03-31,learned_vol_interaction,20260911,0.5040480760976512,0.5040480760976512,1,0
fixed_transform_remove_only,3206,2024-04-12,2024-04-22,0.018045199366633,2024,2024-03-31,learned_order_extension,20260911,0.3593782274060034,0.3593782274060034,0,1
fixed_transform_remove_only,3211,2024-04-19,2024-04-29,0.0136757744232476,2024,2024-03-31,learned_order_extension,20260911,0.49759317637638834,0.49759317637638834,0,1
fixed_transform_remove_only,3216,2024-04-26,2024-05-13,0.0172434956786644,2024,2024-03-31,learned_order_extension,20260911,0.4699424559368834,0.4699424559368834,0,1
fixed_transform_remove_only,3223,2024-05-10,2024-05-20,0.0097933549988344,2024,2024-03-31,learned_order_extension,20260911,0.3835668378395687,0.3835668378395687,0,1
fixed_transform_remove_only,3228,2024-05-17,2024-05-27,-0.0204803832637164,2024,2024-03-31,learned_order_extension,20260911,0.46915890009023126,0.46915890009023126,0,0
fixed_transform_remove_only,3233,2024-05-24,2024-06-03,-0.0081155643048258,2024,2024-03-31,learned_order_extension,20260911,0.4225397299737993,0.4225397299737993,0,0
fixed_transform_remove_only,3238,2024-05-31,2024-06-11,-0.0060267570121149,2024,2024-03-31,learned_order_extension,20260911,0.512500974497066,0.512500974497066,1,0
fixed_transform_remove_only,3243,2024-06-07,2024-06-17,-0.0096686558937179,2024,2024-03-31,learned_order_extension,20260911,0.4596175857422064,0.4596175857422064,0,0
fixed_transform_remove_only,3247,2024-06-14,2024-06-24,-0.013573992457631,2024,2024-03-31,learned_order_extension,20260911,0.5589842179648367,0.5589842179648367,1,0
fixed_transform_remove_only,3252,2024-06-21,2024-07-01,-0.004427632109257,2024,2024-03-31,learned_order_extension,20260911,0.5037891439996429,0.5037891439996429,1,0
fixed_transform_remove_only,3257,2024-06-28,2024-07-08,-0.0108320369203009,2024,2024-03-31,learned_order_extension,20260911,0.5034335525044941,0.5034335525044941,1,0
fixed_transform_remove_only,3206,2024-04-12,2024-04-22,0.018045199366633,2024,2024-03-31,learned_order_offset,20260911,0.357124875872162,0.357124875872162,0,1
fixed_transform_remove_only,3211,2024-04-19,2024-04-29,0.0136757744232476,2024,2024-03-31,learned_order_offset,20260911,0.49533064250835196,0.49533064250835196,0,1
fixed_transform_remove_only,3216,2024-04-26,2024-05-13,0.0172434956786644,2024,2024-03-31,learned_order_offset,20260911,0.4681763513404244,0.4681763513404244,0,1
fixed_transform_remove_only,3223,2024-05-10,2024-05-20,0.0097933549988344,2024,2024-03-31,learned_order_offset,20260911,0.38232832378261783,0.38232832378261783,0,1
fixed_transform_remove_only,3228,2024-05-17,2024-05-27,-0.0204803832637164,2024,2024-03-31,learned_order_offset,20260911,0.4672049777527502,0.4672049777527502,0,0
fixed_transform_remove_only,3233,2024-05-24,2024-06-03,-0.0081155643048258,2024,2024-03-31,learned_order_offset,20260911,0.42008591498663317,0.42008591498663317,0,0
fixed_transform_remove_only,3238,2024-05-31,2024-06-11,-0.0060267570121149,2024,2024-03-31,learned_order_offset,20260911,0.5092091420816778,0.5092091420816778,1,0
fixed_transform_remove_only,3243,2024-06-07,2024-06-17,-0.0096686558937179,2024,2024-03-31,learned_order_offset,20260911,0.45714347837857955,0.45714347837857955,0,0
fixed_transform_remove_only,3247,2024-06-14,2024-06-24,-0.013573992457631,2024,2024-03-31,learned_order_offset,20260911,0.5573340287465005,0.5573340287465005,1,0
fixed_transform_remove_only,3252,2024-06-21,2024-07-01,-0.004427632109257,2024,2024-03-31,learned_order_offset,20260911,0.5020695782234605,0.5020695782234605,1,0
fixed_transform_remove_only,3257,2024-06-28,2024-07-08,-0.0108320369203009,2024,2024-03-31,learned_order_offset,20260911,0.5029418322369968,0.5029418322369968,1,0
fixed_transform_remove_only,3206,2024-04-12,2024-04-22,0.018045199366633,2024,2024-03-31,learned_market,20260912,0.5786364187682733,0.5786364187682733,1,1
fixed_transform_remove_only,3211,2024-04-19,2024-04-29,0.0136757744232476,2024,2024-03-31,learned_market,20260912,0.5832962073097602,0.5832962073097602,1,1
fixed_transform_remove_only,3216,2024-04-26,2024-05-13,0.0172434956786644,2024,2024-03-31,learned_market,20260912,0.40620127633915765,0.40620127633915765,0,1
fixed_transform_remove_only,3223,2024-05-10,2024-05-20,0.0097933549988344,2024,2024-03-31,learned_market,20260912,0.2538177409429279,0.2538177409429279,0,1
fixed_transform_remove_only,3228,2024-05-17,2024-05-27,-0.0204803832637164,2024,2024-03-31,learned_market,20260912,0.23682544852192078,0.23682544852192078,0,0
fixed_transform_remove_only,3233,2024-05-24,2024-06-03,-0.0081155643048258,2024,2024-03-31,learned_market,20260912,0.28007647307230044,0.28007647307230044,0,0
fixed_transform_remove_only,3238,2024-05-31,2024-06-11,-0.0060267570121149,2024,2024-03-31,learned_market,20260912,0.31944634297470387,0.31944634297470387,0,0
fixed_transform_remove_only,3243,2024-06-07,2024-06-17,-0.0096686558937179,2024,2024-03-31,learned_market,20260912,0.39949665657394356,0.39949665657394356,0,0
fixed_transform_remove_only,3247,2024-06-14,2024-06-24,-0.013573992457631,2024,2024-03-31,learned_market,20260912,0.42009819626369294,0.42009819626369294,0,0
fixed_transform_remove_only,3252,2024-06-21,2024-07-01,-0.004427632109257,2024,2024-03-31,learned_market,20260912,0.47503603691912616,0.47503603691912616,0,0
fixed_transform_remove_only,3257,2024-06-28,2024-07-08,-0.0108320369203009,2024,2024-03-31,learned_market,20260912,0.5068541070347159,0.5068541070347159,1,0
fixed_transform_remove_only,3206,2024-04-12,2024-04-22,0.018045199366633,2024,2024-03-31,learned_vol_interaction,20260912,0.608927815508111,0.608927815508111,1,1
fixed_transform_remove_only,3211,2024-04-19,2024-04-29,0.0136757744232476,2024,2024-03-31,learned_vol_interaction,20260912,0.5822519361061208,0.5822519361061208,1,1
fixed_transform_remove_only,3216,2024-04-26,2024-05-13,0.0172434956786644,2024,2024-03-31,learned_vol_interaction,20260912,0.39436261266496025,0.39436261266496025,0,1
fixed_transform_remove_only,3223,2024-05-10,2024-05-20,0.0097933549988344,2024,2024-03-31,learned_vol_interaction,20260912,0.26179478036708764,0.26179478036708764,0,1
fixed_transform_remove_only,3228,2024-05-17,2024-05-27,-0.0204803832637164,2024,2024-03-31,learned_vol_interaction,20260912,0.2206705545862294,0.2206705545862294,0,0
fixed_transform_remove_only,3233,2024-05-24,2024-06-03,-0.0081155643048258,2024,2024-03-31,learned_vol_interaction,20260912,0.26307053782177764,0.26307053782177764,0,0
fixed_transform_remove_only,3238,2024-05-31,2024-06-11,-0.0060267570121149,2024,2024-03-31,learned_vol_interaction,20260912,0.302260260809364,0.302260260809364,0,0
fixed_transform_remove_only,3243,2024-06-07,2024-06-17,-0.0096686558937179,2024,2024-03-31,learned_vol_interaction,20260912,0.3803184947887741,0.3803184947887741,0,0
fixed_transform_remove_only,3247,2024-06-14,2024-06-24,-0.013573992457631,2024,2024-03-31,learned_vol_interaction,20260912,0.4023063350532499,0.4023063350532499,0,0
fixed_transform_remove_only,3252,2024-06-21,2024-07-01,-0.004427632109257,2024,2024-03-31,learned_vol_interaction,20260912,0.48238631906241236,0.48238631906241236,0,0
fixed_transform_remove_only,3257,2024-06-28,2024-07-08,-0.0108320369203009,2024,2024-03-31,learned_vol_interaction,20260912,0.49084572209247734,0.49084572209247734,0,0
fixed_transform_remove_only,3206,2024-04-12,2024-04-22,0.018045199366633,2024,2024-03-31,learned_order_extension,20260912,0.4415893961616723,0.4415893961616723,0,1
fixed_transform_remove_only,3211,2024-04-19,2024-04-29,0.0136757744232476,2024,2024-03-31,learned_order_extension,20260912,0.431920365244591,0.431920365244591,0,1
fixed_transform_remove_only,3216,2024-04-26,2024-05-13,0.0172434956786644,2024,2024-03-31,learned_order_extension,20260912,0.38792932644810735,0.38792932644810735,0,1
fixed_transform_remove_only,3223,2024-05-10,2024-05-20,0.0097933549988344,2024,2024-03-31,learned_order_extension,20260912,0.387833742534431,0.387833742534431,0,1
fixed_transform_remove_only,3228,2024-05-17,2024-05-27,-0.0204803832637164,2024,2024-03-31,learned_order_extension,20260912,0.3295288687021439,0.3295288687021439,0,0
fixed_transform_remove_only,3233,2024-05-24,2024-06-03,-0.0081155643048258,2024,2024-03-31,learned_order_extension,20260912,0.3511241373984523,0.3511241373984523,0,0
fixed_transform_remove_only,3238,2024-05-31,2024-06-11,-0.0060267570121149,2024,2024-03-31,learned_order_extension,20260912,0.35374736756306285,0.35374736756306285,0,0
fixed_transform_remove_only,3243,2024-06-07,2024-06-17,-0.0096686558937179,2024,2024-03-31,learned_order_extension,20260912,0.41389106486146143,0.41389106486146143,0,0
fixed_transform_remove_only,3247,2024-06-14,2024-06-24,-0.013573992457631,2024,2024-03-31,learned_order_extension,20260912,0.41956595435194227,0.41956595435194227,0,0
fixed_transform_remove_only,3252,2024-06-21,2024-07-01,-0.004427632109257,2024,2024-03-31,learned_order_extension,20260912,0.49558259692807505,0.49558259692807505,0,0
fixed_transform_remove_only,3257,2024-06-28,2024-07-08,-0.0108320369203009,2024,2024-03-31,learned_order_extension,20260912,0.5304993781482342,0.5304993781482342,1,0
fixed_transform_remove_only,3206,2024-04-12,2024-04-22,0.018045199366633,2024,2024-03-31,learned_order_offset,20260912,0.4379447799619424,0.4379447799619424,0,1
fixed_transform_remove_only,3211,2024-04-19,2024-04-29,0.0136757744232476,2024,2024-03-31,learned_order_offset,20260912,0.4322991406778257,0.4322991406778257,0,1
fixed_transform_remove_only,3216,2024-04-26,2024-05-13,0.0172434956786644,2024,2024-03-31,learned_order_offset,20260912,0.3921572187773447,0.3921572187773447,0,1
fixed_transform_remove_only,3223,2024-05-10,2024-05-20,0.0097933549988344,2024,2024-03-31,learned_order_offset,20260912,0.39100846975510267,0.39100846975510267,0,1
fixed_transform_remove_only,3228,2024-05-17,2024-05-27,-0.0204803832637164,2024,2024-03-31,learned_order_offset,20260912,0.33436418675096896,0.33436418675096896,0,0
fixed_transform_remove_only,3233,2024-05-24,2024-06-03,-0.0081155643048258,2024,2024-03-31,learned_order_offset,20260912,0.3553848477721827,0.3553848477721827,0,0
fixed_transform_remove_only,3238,2024-05-31,2024-06-11,-0.0060267570121149,2024,2024-03-31,learned_order_offset,20260912,0.35561883644421893,0.35561883644421893,0,0
fixed_transform_remove_only,3243,2024-06-07,2024-06-17,-0.0096686558937179,2024,2024-03-31,learned_order_offset,20260912,0.4136826363779624,0.4136826363779624,0,0
fixed_transform_remove_only,3247,2024-06-14,2024-06-24,-0.013573992457631,2024,2024-03-31,learned_order_offset,20260912,0.4207908432326689,0.4207908432326689,0,0
fixed_transform_remove_only,3252,2024-06-21,2024-07-01,-0.004427632109257,2024,2024-03-31,learned_order_offset,20260912,0.492934910920374,0.492934910920374,0,0
fixed_transform_remove_only,3257,2024-06-28,2024-07-08,-0.0108320369203009,2024,2024-03-31,learned_order_offset,20260912,0.5283851843062571,0.5283851843062571,1,0
fixed_transform_remove_only,3206,2024-04-12,2024-04-22,0.018045199366633,2024,2024-03-31,training_frequency,-1,0.4860869565217391,0.4860869565217391,0,1
fixed_transform_remove_only,3211,2024-04-19,2024-04-29,0.0136757744232476,2024,2024-03-31,training_frequency,-1,0.4860869565217391,0.4860869565217391,0,1
fixed_transform_remove_only,3216,2024-04-26,2024-05-13,0.0172434956786644,2024,2024-03-31,training_frequency,-1,0.4860869565217391,0.4860869565217391,0,1
fixed_transform_remove_only,3223,2024-05-10,2024-05-20,0.0097933549988344,2024,2024-03-31,training_frequency,-1,0.4860869565217391,0.4860869565217391,0,1
fixed_transform_remove_only,3228,2024-05-17,2024-05-27,-0.0204803832637164,2024,2024-03-31,training_frequency,-1,0.4860869565217391,0.4860869565217391,0,0
fixed_transform_remove_only,3233,2024-05-24,2024-06-03,-0.0081155643048258,2024,2024-03-31,training_frequency,-1,0.4860869565217391,0.4860869565217391,0,0
fixed_transform_remove_only,3238,2024-05-31,2024-06-11,-0.0060267570121149,2024,2024-03-31,training_frequency,-1,0.4860869565217391,0.4860869565217391,0,0
fixed_transform_remove_only,3243,2024-06-07,2024-06-17,-0.0096686558937179,2024,2024-03-31,training_frequency,-1,0.4860869565217391,0.4860869565217391,0,0
fixed_transform_remove_only,3247,2024-06-14,2024-06-24,-0.013573992457631,2024,2024-03-31,training_frequency,-1,0.4860869565217391,0.4860869565217391,0,0
fixed_transform_remove_only,3252,2024-06-21,2024-07-01,-0.004427632109257,2024,2024-03-31,training_frequency,-1,0.4860869565217391,0.4860869565217391,0,0
fixed_transform_remove_only,3257,2024-06-28,2024-07-08,-0.0108320369203009,2024,2024-03-31,training_frequency,-1,0.4860869565217391,0.4860869565217391,0,0
fixed_transform_remove_only,3262,2024-07-05,2024-07-15,0.0122222871842843,2024,2024-06-30,learned_market,20260910,0.5112675189993381,0.5112675189993381,1,1
fixed_transform_remove_only,3267,2024-07-12,2024-07-22,0.0218881133018156,2024,2024-06-30,learned_market,20260910,0.4620522301606782,0.4620522301606782,0,1
fixed_transform_remove_only,3272,2024-07-19,2024-07-29,-0.0378787022382998,2024,2024-06-30,learned_market,20260910,0.47857880447696766,0.47857880447696766,0,0
fixed_transform_remove_only,3277,2024-07-26,2024-08-05,-0.0124134568216732,2024,2024-06-30,learned_market,20260910,0.4696734989112122,0.4696734989112122,0,0
fixed_transform_remove_only,3282,2024-08-02,2024-08-12,-0.0102762848330364,2024,2024-06-30,learned_market,20260910,0.4864418466276265,0.4864418466276265,0,0
fixed_transform_remove_only,3287,2024-08-09,2024-08-19,0.0050186923751938,2024,2024-06-30,learned_market,20260910,0.5692784794804004,0.5692784794804004,1,1
fixed_transform_remove_only,3292,2024-08-16,2024-08-26,-0.0040487282687352,2024,2024-06-30,learned_market,20260910,0.37661896842244613,0.37661896842244613,0,0
fixed_transform_remove_only,3297,2024-08-23,2024-09-02,-0.0069594562136714,2024,2024-06-30,learned_market,20260910,0.27796757577362746,0.27796757577362746,0,0
fixed_transform_remove_only,3302,2024-08-30,2024-09-09,-0.0280389655151561,2024,2024-06-30,learned_market,20260910,0.2491534883712367,0.2491534883712367,0,0
fixed_transform_remove_only,3307,2024-09-06,2024-09-18,-0.0174132138857783,2024,2024-06-30,learned_market,20260910,0.2662834882097491,0.2662834882097491,0,0
fixed_transform_remove_only,3312,2024-09-13,2024-09-24,0.0133119329369826,2024,2024-06-30,learned_market,20260910,0.3058894802834746,0.3058894802834746,0,1
fixed_transform_remove_only,3315,2024-09-20,2024-09-30,0.2017513988384409,2024,2024-06-30,learned_market,20260910,0.2792794728327259,0.2792794728327259,0,1
fixed_transform_remove_only,3320,2024-09-27,2024-10-14,0.0178259004588408,2024,2024-06-30,learned_market,20260910,0.5428985465652829,0.5428985465652829,1,1
fixed_transform_remove_only,3262,2024-07-05,2024-07-15,0.0122222871842843,2024,2024-06-30,learned_vol_interaction,20260910,0.5655426430549929,0.5655426430549929,1,1
fixed_transform_remove_only,3267,2024-07-12,2024-07-22,0.0218881133018156,2024,2024-06-30,learned_vol_interaction,20260910,0.48826547811395504,0.48826547811395504,0,1
fixed_transform_remove_only,3272,2024-07-19,2024-07-29,-0.0378787022382998,2024,2024-06-30,learned_vol_interaction,20260910,0.5142900998823177,0.5142900998823177,1,0
fixed_transform_remove_only,3277,2024-07-26,2024-08-05,-0.0124134568216732,2024,2024-06-30,learned_vol_interaction,20260910,0.49333772789325175,0.49333772789325175,0,0
fixed_transform_remove_only,3282,2024-08-02,2024-08-12,-0.0102762848330364,2024,2024-06-30,learned_vol_interaction,20260910,0.500953165921833,0.500953165921833,1,0
fixed_transform_remove_only,3287,2024-08-09,2024-08-19,0.0050186923751938,2024,2024-06-30,learned_vol_interaction,20260910,0.5890560599589273,0.5890560599589273,1,1
fixed_transform_remove_only,3292,2024-08-16,2024-08-26,-0.0040487282687352,2024,2024-06-30,learned_vol_interaction,20260910,0.3620311740542192,0.3620311740542192,0,0
fixed_transform_remove_only,3297,2024-08-23,2024-09-02,-0.0069594562136714,2024,2024-06-30,learned_vol_interaction,20260910,0.2468339666903035,0.2468339666903035,0,0
fixed_transform_remove_only,3302,2024-08-30,2024-09-09,-0.0280389655151561,2024,2024-06-30,learned_vol_interaction,20260910,0.2164077939670652,0.2164077939670652,0,0
fixed_transform_remove_only,3307,2024-09-06,2024-09-18,-0.0174132138857783,2024,2024-06-30,learned_vol_interaction,20260910,0.2406777581350001,0.2406777581350001,0,0
fixed_transform_remove_only,3312,2024-09-13,2024-09-24,0.0133119329369826,2024,2024-06-30,learned_vol_interaction,20260910,0.292033149492254,0.292033149492254,0,1
fixed_transform_remove_only,3315,2024-09-20,2024-09-30,0.2017513988384409,2024,2024-06-30,learned_vol_interaction,20260910,0.25571272561956265,0.25571272561956265,0,1
fixed_transform_remove_only,3320,2024-09-27,2024-10-14,0.0178259004588408,2024,2024-06-30,learned_vol_interaction,20260910,0.5126088257742311,0.5126088257742311,1,1
fixed_transform_remove_only,3262,2024-07-05,2024-07-15,0.0122222871842843,2024,2024-06-30,learned_order_extension,20260910,0.577458110718464,0.577458110718464,1,1
fixed_transform_remove_only,3267,2024-07-12,2024-07-22,0.0218881133018156,2024,2024-06-30,learned_order_extension,20260910,0.4988708890725605,0.4988708890725605,0,1
fixed_transform_remove_only,3272,2024-07-19,2024-07-29,-0.0378787022382998,2024,2024-06-30,learned_order_extension,20260910,0.5105283190032986,0.5105283190032986,1,0
fixed_transform_remove_only,3277,2024-07-26,2024-08-05,-0.0124134568216732,2024,2024-06-30,learned_order_extension,20260910,0.5034403342048976,0.5034403342048976,1,0
fixed_transform_remove_only,3282,2024-08-02,2024-08-12,-0.0102762848330364,2024,2024-06-30,learned_order_extension,20260910,0.5117934102782534,0.5117934102782534,1,0
fixed_transform_remove_only,3287,2024-08-09,2024-08-19,0.0050186923751938,2024,2024-06-30,learned_order_extension,20260910,0.5820815004398561,0.5820815004398561,1,1
fixed_transform_remove_only,3292,2024-08-16,2024-08-26,-0.0040487282687352,2024,2024-06-30,learned_order_extension,20260910,0.3758235478009846,0.3758235478009846,0,0
fixed_transform_remove_only,3297,2024-08-23,2024-09-02,-0.0069594562136714,2024,2024-06-30,learned_order_extension,20260910,0.28796471141809127,0.28796471141809127,0,0
fixed_transform_remove_only,3302,2024-08-30,2024-09-09,-0.0280389655151561,2024,2024-06-30,learned_order_extension,20260910,0.24947469494406183,0.24947469494406183,0,0
fixed_transform_remove_only,3307,2024-09-06,2024-09-18,-0.0174132138857783,2024,2024-06-30,learned_order_extension,20260910,0.2700142319478488,0.2700142319478488,0,0
fixed_transform_remove_only,3312,2024-09-13,2024-09-24,0.0133119329369826,2024,2024-06-30,learned_order_extension,20260910,0.31435314874638426,0.31435314874638426,0,1
fixed_transform_remove_only,3315,2024-09-20,2024-09-30,0.2017513988384409,2024,2024-06-30,learned_order_extension,20260910,0.28695172584859585,0.28695172584859585,0,1
fixed_transform_remove_only,3320,2024-09-27,2024-10-14,0.0178259004588408,2024,2024-06-30,learned_order_extension,20260910,0.5167796671428296,0.5167796671428296,1,1
fixed_transform_remove_only,3262,2024-07-05,2024-07-15,0.0122222871842843,2024,2024-06-30,learned_order_offset,20260910,0.5734712184955026,0.5734712184955026,1,1
fixed_transform_remove_only,3267,2024-07-12,2024-07-22,0.0218881133018156,2024,2024-06-30,learned_order_offset,20260910,0.4947095599520531,0.4947095599520531,0,1
fixed_transform_remove_only,3272,2024-07-19,2024-07-29,-0.0378787022382998,2024,2024-06-30,learned_order_offset,20260910,0.5055911543039093,0.5055911543039093,1,0
fixed_transform_remove_only,3277,2024-07-26,2024-08-05,-0.0124134568216732,2024,2024-06-30,learned_order_offset,20260910,0.49751218855591645,0.49751218855591645,0,0
fixed_transform_remove_only,3282,2024-08-02,2024-08-12,-0.0102762848330364,2024,2024-06-30,learned_order_offset,20260910,0.5080940979480106,0.5080940979480106,1,0
fixed_transform_remove_only,3287,2024-08-09,2024-08-19,0.0050186923751938,2024,2024-06-30,learned_order_offset,20260910,0.5794256146010113,0.5794256146010113,1,1
fixed_transform_remove_only,3292,2024-08-16,2024-08-26,-0.0040487282687352,2024,2024-06-30,learned_order_offset,20260910,0.37468418109370083,0.37468418109370083,0,0
fixed_transform_remove_only,3297,2024-08-23,2024-09-02,-0.0069594562136714,2024,2024-06-30,learned_order_offset,20260910,0.2878020226153698,0.2878020226153698,0,0
fixed_transform_remove_only,3302,2024-08-30,2024-09-09,-0.0280389655151561,2024,2024-06-30,learned_order_offset,20260910,0.2482185334420765,0.2482185334420765,0,0
fixed_transform_remove_only,3307,2024-09-06,2024-09-18,-0.0174132138857783,2024,2024-06-30,learned_order_offset,20260910,0.26952041559532763,0.26952041559532763,0,0
fixed_transform_remove_only,3312,2024-09-13,2024-09-24,0.0133119329369826,2024,2024-06-30,learned_order_offset,20260910,0.31253220932939163,0.31253220932939163,0,1
fixed_transform_remove_only,3315,2024-09-20,2024-09-30,0.2017513988384409,2024,2024-06-30,learned_order_offset,20260910,0.2838951254226385,0.2838951254226385,0,1
fixed_transform_remove_only,3320,2024-09-27,2024-10-14,0.0178259004588408,2024,2024-06-30,learned_order_offset,20260910,0.515860975112233,0.515860975112233,1,1
fixed_transform_remove_only,3262,2024-07-05,2024-07-15,0.0122222871842843,2024,2024-06-30,learned_market,20260911,0.4487982756711049,0.4487982756711049,0,1
fixed_transform_remove_only,3267,2024-07-12,2024-07-22,0.0218881133018156,2024,2024-06-30,learned_market,20260911,0.5273164768972002,0.5273164768972002,1,1
fixed_transform_remove_only,3272,2024-07-19,2024-07-29,-0.0378787022382998,2024,2024-06-30,learned_market,20260911,0.4112537513200906,0.4112537513200906,0,0
fixed_transform_remove_only,3277,2024-07-26,2024-08-05,-0.0124134568216732,2024,2024-06-30,learned_market,20260911,0.4910293082105317,0.4910293082105317,0,0
fixed_transform_remove_only,3282,2024-08-02,2024-08-12,-0.0102762848330364,2024,2024-06-30,learned_market,20260911,0.38096749439829797,0.38096749439829797,0,0
fixed_transform_remove_only,3287,2024-08-09,2024-08-19,0.0050186923751938,2024,2024-06-30,learned_market,20260911,0.40440640429187713,0.40440640429187713,0,1
fixed_transform_remove_only,3292,2024-08-16,2024-08-26,-0.0040487282687352,2024,2024-06-30,learned_market,20260911,0.28478744076799617,0.28478744076799617,0,0
fixed_transform_remove_only,3297,2024-08-23,2024-09-02,-0.0069594562136714,2024,2024-06-30,learned_market,20260911,0.3408275053835757,0.3408275053835757,0,0
fixed_transform_remove_only,3302,2024-08-30,2024-09-09,-0.0280389655151561,2024,2024-06-30,learned_market,20260911,0.2933631915066051,0.2933631915066051,0,0
fixed_transform_remove_only,3307,2024-09-06,2024-09-18,-0.0174132138857783,2024,2024-06-30,learned_market,20260911,0.3952029225932929,0.3952029225932929,0,0
fixed_transform_remove_only,3312,2024-09-13,2024-09-24,0.0133119329369826,2024,2024-06-30,learned_market,20260911,0.42757752632706286,0.42757752632706286,0,1
fixed_transform_remove_only,3315,2024-09-20,2024-09-30,0.2017513988384409,2024,2024-06-30,learned_market,20260911,0.4961407517657199,0.4961407517657199,0,1
fixed_transform_remove_only,3320,2024-09-27,2024-10-14,0.0178259004588408,2024,2024-06-30,learned_market,20260911,0.6524429393288318,0.6524429393288318,1,1
fixed_transform_remove_only,3262,2024-07-05,2024-07-15,0.0122222871842843,2024,2024-06-30,learned_vol_interaction,20260911,0.45667389635714994,0.45667389635714994,0,1
fixed_transform_remove_only,3267,2024-07-12,2024-07-22,0.0218881133018156,2024,2024-06-30,learned_vol_interaction,20260911,0.540665418033072,0.540665418033072,1,1
fixed_transform_remove_only,3272,2024-07-19,2024-07-29,-0.0378787022382998,2024,2024-06-30,learned_vol_interaction,20260911,0.41595275138174087,0.41595275138174087,0,0
fixed_transform_remove_only,3277,2024-07-26,2024-08-05,-0.0124134568216732,2024,2024-06-30,learned_vol_interaction,20260911,0.49691139874514595,0.49691139874514595,0,0
fixed_transform_remove_only,3282,2024-08-02,2024-08-12,-0.0102762848330364,2024,2024-06-30,learned_vol_interaction,20260911,0.38216112598021734,0.38216112598021734,0,0
fixed_transform_remove_only,3287,2024-08-09,2024-08-19,0.0050186923751938,2024,2024-06-30,learned_vol_interaction,20260911,0.4000767485169531,0.4000767485169531,0,1
fixed_transform_remove_only,3292,2024-08-16,2024-08-26,-0.0040487282687352,2024,2024-06-30,learned_vol_interaction,20260911,0.2752533448260612,0.2752533448260612,0,0
fixed_transform_remove_only,3297,2024-08-23,2024-09-02,-0.0069594562136714,2024,2024-06-30,learned_vol_interaction,20260911,0.3309265253117203,0.3309265253117203,0,0
fixed_transform_remove_only,3302,2024-08-30,2024-09-09,-0.0280389655151561,2024,2024-06-30,learned_vol_interaction,20260911,0.2891659061665905,0.2891659061665905,0,0
fixed_transform_remove_only,3307,2024-09-06,2024-09-18,-0.0174132138857783,2024,2024-06-30,learned_vol_interaction,20260911,0.39362699672208357,0.39362699672208357,0,0
fixed_transform_remove_only,3312,2024-09-13,2024-09-24,0.0133119329369826,2024,2024-06-30,learned_vol_interaction,20260911,0.4361475767069439,0.4361475767069439,0,1
fixed_transform_remove_only,3315,2024-09-20,2024-09-30,0.2017513988384409,2024,2024-06-30,learned_vol_interaction,20260911,0.4986447469094253,0.4986447469094253,0,1
fixed_transform_remove_only,3320,2024-09-27,2024-10-14,0.0178259004588408,2024,2024-06-30,learned_vol_interaction,20260911,0.6357817909842436,0.6357817909842436,1,1
fixed_transform_remove_only,3262,2024-07-05,2024-07-15,0.0122222871842843,2024,2024-06-30,learned_order_extension,20260911,0.4572603551256464,0.4572603551256464,0,1
fixed_transform_remove_only,3267,2024-07-12,2024-07-22,0.0218881133018156,2024,2024-06-30,learned_order_extension,20260911,0.5597643356844104,0.5597643356844104,1,1
fixed_transform_remove_only,3272,2024-07-19,2024-07-29,-0.0378787022382998,2024,2024-06-30,learned_order_extension,20260911,0.4452459850239492,0.4452459850239492,0,0
fixed_transform_remove_only,3277,2024-07-26,2024-08-05,-0.0124134568216732,2024,2024-06-30,learned_order_extension,20260911,0.5321750199215821,0.5321750199215821,1,0
fixed_transform_remove_only,3282,2024-08-02,2024-08-12,-0.0102762848330364,2024,2024-06-30,learned_order_extension,20260911,0.41734524970079023,0.41734524970079023,0,0
fixed_transform_remove_only,3287,2024-08-09,2024-08-19,0.0050186923751938,2024,2024-06-30,learned_order_extension,20260911,0.43877457936300857,0.43877457936300857,0,1
fixed_transform_remove_only,3292,2024-08-16,2024-08-26,-0.0040487282687352,2024,2024-06-30,learned_order_extension,20260911,0.3329555382547696,0.3329555382547696,0,0
fixed_transform_remove_only,3297,2024-08-23,2024-09-02,-0.0069594562136714,2024,2024-06-30,learned_order_extension,20260911,0.3680099264615357,0.3680099264615357,0,0
fixed_transform_remove_only,3302,2024-08-30,2024-09-09,-0.0280389655151561,2024,2024-06-30,learned_order_extension,20260911,0.330148314016669,0.330148314016669,0,0
fixed_transform_remove_only,3307,2024-09-06,2024-09-18,-0.0174132138857783,2024,2024-06-30,learned_order_extension,20260911,0.4370738666940886,0.4370738666940886,0,0
fixed_transform_remove_only,3312,2024-09-13,2024-09-24,0.0133119329369826,2024,2024-06-30,learned_order_extension,20260911,0.45684703635054474,0.45684703635054474,0,1
fixed_transform_remove_only,3315,2024-09-20,2024-09-30,0.2017513988384409,2024,2024-06-30,learned_order_extension,20260911,0.48783287667766567,0.48783287667766567,0,1
fixed_transform_remove_only,3320,2024-09-27,2024-10-14,0.0178259004588408,2024,2024-06-30,learned_order_extension,20260911,0.5455170305776091,0.5455170305776091,1,1
fixed_transform_remove_only,3262,2024-07-05,2024-07-15,0.0122222871842843,2024,2024-06-30,learned_order_offset,20260911,0.45534343488676676,0.45534343488676676,0,1
fixed_transform_remove_only,3267,2024-07-12,2024-07-22,0.0218881133018156,2024,2024-06-30,learned_order_offset,20260911,0.5556897522014816,0.5556897522014816,1,1
fixed_transform_remove_only,3272,2024-07-19,2024-07-29,-0.0378787022382998,2024,2024-06-30,learned_order_offset,20260911,0.4441450598825417,0.4441450598825417,0,0
fixed_transform_remove_only,3277,2024-07-26,2024-08-05,-0.0124134568216732,2024,2024-06-30,learned_order_offset,20260911,0.5300702939304316,0.5300702939304316,1,0
fixed_transform_remove_only,3282,2024-08-02,2024-08-12,-0.0102762848330364,2024,2024-06-30,learned_order_offset,20260911,0.4152448436918217,0.4152448436918217,0,0
fixed_transform_remove_only,3287,2024-08-09,2024-08-19,0.0050186923751938,2024,2024-06-30,learned_order_offset,20260911,0.4358545500401301,0.4358545500401301,0,1
fixed_transform_remove_only,3292,2024-08-16,2024-08-26,-0.0040487282687352,2024,2024-06-30,learned_order_offset,20260911,0.32999248221802985,0.32999248221802985,0,0
fixed_transform_remove_only,3297,2024-08-23,2024-09-02,-0.0069594562136714,2024,2024-06-30,learned_order_offset,20260911,0.3654632677932285,0.3654632677932285,0,0
fixed_transform_remove_only,3302,2024-08-30,2024-09-09,-0.0280389655151561,2024,2024-06-30,learned_order_offset,20260911,0.32575484645685304,0.32575484645685304,0,0
fixed_transform_remove_only,3307,2024-09-06,2024-09-18,-0.0174132138857783,2024,2024-06-30,learned_order_offset,20260911,0.43300505579689547,0.43300505579689547,0,0
fixed_transform_remove_only,3312,2024-09-13,2024-09-24,0.0133119329369826,2024,2024-06-30,learned_order_offset,20260911,0.4501380847257317,0.4501380847257317,0,1
fixed_transform_remove_only,3315,2024-09-20,2024-09-30,0.2017513988384409,2024,2024-06-30,learned_order_offset,20260911,0.48469292130181446,0.48469292130181446,0,1
fixed_transform_remove_only,3320,2024-09-27,2024-10-14,0.0178259004588408,2024,2024-06-30,learned_order_offset,20260911,0.5492052650746699,0.5492052650746699,1,1
fixed_transform_remove_only,3262,2024-07-05,2024-07-15,0.0122222871842843,2024,2024-06-30,learned_market,20260912,0.5700139157020958,0.5700139157020958,1,1
fixed_transform_remove_only,3267,2024-07-12,2024-07-22,0.0218881133018156,2024,2024-06-30,learned_market,20260912,0.5095963600311738,0.5095963600311738,1,1
fixed_transform_remove_only,3272,2024-07-19,2024-07-29,-0.0378787022382998,2024,2024-06-30,learned_market,20260912,0.37264610010731164,0.37264610010731164,0,0
fixed_transform_remove_only,3277,2024-07-26,2024-08-05,-0.0124134568216732,2024,2024-06-30,learned_market,20260912,0.5369972945445198,0.5369972945445198,1,0
fixed_transform_remove_only,3282,2024-08-02,2024-08-12,-0.0102762848330364,2024,2024-06-30,learned_market,20260912,0.5551694574539489,0.5551694574539489,1,0
fixed_transform_remove_only,3287,2024-08-09,2024-08-19,0.0050186923751938,2024,2024-06-30,learned_market,20260912,0.4766916800132858,0.4766916800132858,0,1
fixed_transform_remove_only,3292,2024-08-16,2024-08-26,-0.0040487282687352,2024,2024-06-30,learned_market,20260912,0.39422976138094223,0.39422976138094223,0,0
fixed_transform_remove_only,3297,2024-08-23,2024-09-02,-0.0069594562136714,2024,2024-06-30,learned_market,20260912,0.30381323128380094,0.30381323128380094,0,0
fixed_transform_remove_only,3302,2024-08-30,2024-09-09,-0.0280389655151561,2024,2024-06-30,learned_market,20260912,0.312492197089503,0.312492197089503,0,0
fixed_transform_remove_only,3307,2024-09-06,2024-09-18,-0.0174132138857783,2024,2024-06-30,learned_market,20260912,0.4191209191807933,0.4191209191807933,0,0
fixed_transform_remove_only,3312,2024-09-13,2024-09-24,0.0133119329369826,2024,2024-06-30,learned_market,20260912,0.37076429094185687,0.37076429094185687,0,1
fixed_transform_remove_only,3315,2024-09-20,2024-09-30,0.2017513988384409,2024,2024-06-30,learned_market,20260912,0.3802548447964559,0.3802548447964559,0,1
fixed_transform_remove_only,3320,2024-09-27,2024-10-14,0.0178259004588408,2024,2024-06-30,learned_market,20260912,0.3633563070491386,0.3633563070491386,0,1
fixed_transform_remove_only,3262,2024-07-05,2024-07-15,0.0122222871842843,2024,2024-06-30,learned_vol_interaction,20260912,0.6300184690157571,0.6300184690157571,1,1
fixed_transform_remove_only,3267,2024-07-12,2024-07-22,0.0218881133018156,2024,2024-06-30,learned_vol_interaction,20260912,0.5295747759860814,0.5295747759860814,1,1
fixed_transform_remove_only,3272,2024-07-19,2024-07-29,-0.0378787022382998,2024,2024-06-30,learned_vol_interaction,20260912,0.34755775874399925,0.34755775874399925,0,0
fixed_transform_remove_only,3277,2024-07-26,2024-08-05,-0.0124134568216732,2024,2024-06-30,learned_vol_interaction,20260912,0.5676417700046918,0.5676417700046918,1,0
fixed_transform_remove_only,3282,2024-08-02,2024-08-12,-0.0102762848330364,2024,2024-06-30,learned_vol_interaction,20260912,0.5713224227131216,0.5713224227131216,1,0
fixed_transform_remove_only,3287,2024-08-09,2024-08-19,0.0050186923751938,2024,2024-06-30,learned_vol_interaction,20260912,0.4616950498163749,0.4616950498163749,0,1
fixed_transform_remove_only,3292,2024-08-16,2024-08-26,-0.0040487282687352,2024,2024-06-30,learned_vol_interaction,20260912,0.3660310962504099,0.3660310962504099,0,0
fixed_transform_remove_only,3297,2024-08-23,2024-09-02,-0.0069594562136714,2024,2024-06-30,learned_vol_interaction,20260912,0.24248985071419402,0.24248985071419402,0,0
fixed_transform_remove_only,3302,2024-08-30,2024-09-09,-0.0280389655151561,2024,2024-06-30,learned_vol_interaction,20260912,0.22270890583453612,0.22270890583453612,0,0
fixed_transform_remove_only,3307,2024-09-06,2024-09-18,-0.0174132138857783,2024,2024-06-30,learned_vol_interaction,20260912,0.37425052849389734,0.37425052849389734,0,0
fixed_transform_remove_only,3312,2024-09-13,2024-09-24,0.0133119329369826,2024,2024-06-30,learned_vol_interaction,20260912,0.3142206674142883,0.3142206674142883,0,1
fixed_transform_remove_only,3315,2024-09-20,2024-09-30,0.2017513988384409,2024,2024-06-30,learned_vol_interaction,20260912,0.32231919906907,0.32231919906907,0,1
fixed_transform_remove_only,3320,2024-09-27,2024-10-14,0.0178259004588408,2024,2024-06-30,learned_vol_interaction,20260912,0.43014388672602516,0.43014388672602516,0,1
fixed_transform_remove_only,3262,2024-07-05,2024-07-15,0.0122222871842843,2024,2024-06-30,learned_order_extension,20260912,0.6603186251210248,0.6603186251210248,1,1
fixed_transform_remove_only,3267,2024-07-12,2024-07-22,0.0218881133018156,2024,2024-06-30,learned_order_extension,20260912,0.5415118099138301,0.5415118099138301,1,1
fixed_transform_remove_only,3272,2024-07-19,2024-07-29,-0.0378787022382998,2024,2024-06-30,learned_order_extension,20260912,0.3905209533622801,0.3905209533622801,0,0
fixed_transform_remove_only,3277,2024-07-26,2024-08-05,-0.0124134568216732,2024,2024-06-30,learned_order_extension,20260912,0.5823701850610291,0.5823701850610291,1,0
fixed_transform_remove_only,3282,2024-08-02,2024-08-12,-0.0102762848330364,2024,2024-06-30,learned_order_extension,20260912,0.6004379461280378,0.6004379461280378,1,0
fixed_transform_remove_only,3287,2024-08-09,2024-08-19,0.0050186923751938,2024,2024-06-30,learned_order_extension,20260912,0.5100918996384599,0.5100918996384599,1,1
fixed_transform_remove_only,3292,2024-08-16,2024-08-26,-0.0040487282687352,2024,2024-06-30,learned_order_extension,20260912,0.4143882193172804,0.4143882193172804,0,0
fixed_transform_remove_only,3297,2024-08-23,2024-09-02,-0.0069594562136714,2024,2024-06-30,learned_order_extension,20260912,0.3479684885756185,0.3479684885756185,0,0
fixed_transform_remove_only,3302,2024-08-30,2024-09-09,-0.0280389655151561,2024,2024-06-30,learned_order_extension,20260912,0.31086152198548345,0.31086152198548345,0,0
fixed_transform_remove_only,3307,2024-09-06,2024-09-18,-0.0174132138857783,2024,2024-06-30,learned_order_extension,20260912,0.44142326074469995,0.44142326074469995,0,0
fixed_transform_remove_only,3312,2024-09-13,2024-09-24,0.0133119329369826,2024,2024-06-30,learned_order_extension,20260912,0.3650679623647061,0.3650679623647061,0,1
fixed_transform_remove_only,3315,2024-09-20,2024-09-30,0.2017513988384409,2024,2024-06-30,learned_order_extension,20260912,0.41043353031943014,0.41043353031943014,0,1
fixed_transform_remove_only,3320,2024-09-27,2024-10-14,0.0178259004588408,2024,2024-06-30,learned_order_extension,20260912,0.5519978295162705,0.5519978295162705,1,1
fixed_transform_remove_only,3262,2024-07-05,2024-07-15,0.0122222871842843,2024,2024-06-30,learned_order_offset,20260912,0.6597090775429615,0.6597090775429615,1,1
fixed_transform_remove_only,3267,2024-07-12,2024-07-22,0.0218881133018156,2024,2024-06-30,learned_order_offset,20260912,0.5428712465449996,0.5428712465449996,1,1
fixed_transform_remove_only,3272,2024-07-19,2024-07-29,-0.0378787022382998,2024,2024-06-30,learned_order_offset,20260912,0.393686463123346,0.393686463123346,0,0
fixed_transform_remove_only,3277,2024-07-26,2024-08-05,-0.0124134568216732,2024,2024-06-30,learned_order_offset,20260912,0.5805827331202019,0.5805827331202019,1,0
fixed_transform_remove_only,3282,2024-08-02,2024-08-12,-0.0102762848330364,2024,2024-06-30,learned_order_offset,20260912,0.6004640007549567,0.6004640007549567,1,0
fixed_transform_remove_only,3287,2024-08-09,2024-08-19,0.0050186923751938,2024,2024-06-30,learned_order_offset,20260912,0.5077505130672759,0.5077505130672759,1,1
fixed_transform_remove_only,3292,2024-08-16,2024-08-26,-0.0040487282687352,2024,2024-06-30,learned_order_offset,20260912,0.41560187983976726,0.41560187983976726,0,0
fixed_transform_remove_only,3297,2024-08-23,2024-09-02,-0.0069594562136714,2024,2024-06-30,learned_order_offset,20260912,0.3470215345221056,0.3470215345221056,0,0
fixed_transform_remove_only,3302,2024-08-30,2024-09-09,-0.0280389655151561,2024,2024-06-30,learned_order_offset,20260912,0.31198973021881954,0.31198973021881954,0,0
fixed_transform_remove_only,3307,2024-09-06,2024-09-18,-0.0174132138857783,2024,2024-06-30,learned_order_offset,20260912,0.43852129887103447,0.43852129887103447,0,0
fixed_transform_remove_only,3312,2024-09-13,2024-09-24,0.0133119329369826,2024,2024-06-30,learned_order_offset,20260912,0.36491283397059726,0.36491283397059726,0,1
fixed_transform_remove_only,3315,2024-09-20,2024-09-30,0.2017513988384409,2024,2024-06-30,learned_order_offset,20260912,0.4110638472729202,0.4110638472729202,0,1
fixed_transform_remove_only,3320,2024-09-27,2024-10-14,0.0178259004588408,2024,2024-06-30,learned_order_offset,20260912,0.5639382431871087,0.5639382431871087,1,1
fixed_transform_remove_only,3262,2024-07-05,2024-07-15,0.0122222871842843,2024,2024-06-30,training_frequency,-1,0.4834862385321101,0.4834862385321101,0,1
fixed_transform_remove_only,3267,2024-07-12,2024-07-22,0.0218881133018156,2024,2024-06-30,training_frequency,-1,0.4834862385321101,0.4834862385321101,0,1
fixed_transform_remove_only,3272,2024-07-19,2024-07-29,-0.0378787022382998,2024,2024-06-30,training_frequency,-1,0.4834862385321101,0.4834862385321101,0,0
fixed_transform_remove_only,3277,2024-07-26,2024-08-05,-0.0124134568216732,2024,2024-06-30,training_frequency,-1,0.4834862385321101,0.4834862385321101,0,0
fixed_transform_remove_only,3282,2024-08-02,2024-08-12,-0.0102762848330364,2024,2024-06-30,training_frequency,-1,0.4834862385321101,0.4834862385321101,0,0
fixed_transform_remove_only,3287,2024-08-09,2024-08-19,0.0050186923751938,2024,2024-06-30,training_frequency,-1,0.4834862385321101,0.4834862385321101,0,1
fixed_transform_remove_only,3292,2024-08-16,2024-08-26,-0.0040487282687352,2024,2024-06-30,training_frequency,-1,0.4834862385321101,0.4834862385321101,0,0
fixed_transform_remove_only,3297,2024-08-23,2024-09-02,-0.0069594562136714,2024,2024-06-30,training_frequency,-1,0.4834862385321101,0.4834862385321101,0,0
fixed_transform_remove_only,3302,2024-08-30,2024-09-09,-0.0280389655151561,2024,2024-06-30,training_frequency,-1,0.4834862385321101,0.4834862385321101,0,0
fixed_transform_remove_only,3307,2024-09-06,2024-09-18,-0.0174132138857783,2024,2024-06-30,training_frequency,-1,0.4834862385321101,0.4834862385321101,0,0
fixed_transform_remove_only,3312,2024-09-13,2024-09-24,0.0133119329369826,2024,2024-06-30,training_frequency,-1,0.4834862385321101,0.4834862385321101,0,1
fixed_transform_remove_only,3315,2024-09-20,2024-09-30,0.2017513988384409,2024,2024-06-30,training_frequency,-1,0.4834862385321101,0.4834862385321101,0,1
fixed_transform_remove_only,3320,2024-09-27,2024-10-14,0.0178259004588408,2024,2024-06-30,training_frequency,-1,0.4834862385321101,0.4834862385321101,0,1
fixed_transform_remove_only,3325,2024-10-11,2024-10-21,0.0080914993282625,2024,2024-09-30,learned_market,20260910,0.5542879537015776,0.5542879537015776,1,1
fixed_transform_remove_only,3330,2024-10-18,2024-10-28,0.0015733867085561,2024,2024-09-30,learned_market,20260910,0.4177928592693515,0.4177928592693515,0,1
fixed_transform_remove_only,3335,2024-10-25,2024-11-04,-0.0140142824257356,2024,2024-09-30,learned_market,20260910,0.4209341249973898,0.4209341249973898,0,0
fixed_transform_remove_only,3340,2024-11-01,2024-11-11,0.0434152361258277,2024,2024-09-30,learned_market,20260910,0.42722880482658604,0.42722880482658604,0,1
fixed_transform_remove_only,3345,2024-11-08,2024-11-18,-0.0208584853931589,2024,2024-09-30,learned_market,20260910,0.39433738695366466,0.39433738695366466,0,0
fixed_transform_remove_only,3350,2024-11-15,2024-11-25,-0.0267421712161923,2024,2024-09-30,learned_market,20260910,0.4040618286810937,0.4040618286810937,0,0
fixed_transform_remove_only,3355,2024-11-22,2024-12-02,0.0087960346887328,2024,2024-09-30,learned_market,20260910,0.5719648837821552,0.5719648837821552,1,1
fixed_transform_remove_only,3360,2024-11-29,2024-12-09,0.0155919891551781,2024,2024-09-30,learned_market,20260910,0.6215162677747164,0.6215162677747164,1,1
fixed_transform_remove_only,3365,2024-12-06,2024-12-16,-0.0100436703218104,2024,2024-09-30,learned_market,20260910,0.5906527580737406,0.5906527580737406,1,0
fixed_transform_remove_only,3370,2024-12-13,2024-12-23,-0.0006690784017421,2024,2024-09-30,learned_market,20260910,0.45806313089885453,0.45806313089885453,0,0
fixed_transform_remove_only,3375,2024-12-20,2024-12-30,0.0123595076562756,2024,2024-09-30,learned_market,20260910,0.4365790578685997,0.4365790578685997,0,1
fixed_transform_remove_only,3380,2024-12-27,2025-01-06,-0.0504714964669198,2024,2024-09-30,learned_market,20260910,0.4104516234643611,0.4104516234643611,0,0
fixed_transform_remove_only,3325,2024-10-11,2024-10-21,0.0080914993282625,2024,2024-09-30,learned_vol_interaction,20260910,0.512101872139789,0.512101872139789,1,1
fixed_transform_remove_only,3330,2024-10-18,2024-10-28,0.0015733867085561,2024,2024-09-30,learned_vol_interaction,20260910,0.49547621158099947,0.49547621158099947,0,1
fixed_transform_remove_only,3335,2024-10-25,2024-11-04,-0.0140142824257356,2024,2024-09-30,learned_vol_interaction,20260910,0.52304702969427,0.52304702969427,1,0
fixed_transform_remove_only,3340,2024-11-01,2024-11-11,0.0434152361258277,2024,2024-09-30,learned_vol_interaction,20260910,0.5467680055833719,0.5467680055833719,1,1
fixed_transform_remove_only,3345,2024-11-08,2024-11-18,-0.0208584853931589,2024,2024-09-30,learned_vol_interaction,20260910,0.39871723112609214,0.39871723112609214,0,0
fixed_transform_remove_only,3350,2024-11-15,2024-11-25,-0.0267421712161923,2024,2024-09-30,learned_vol_interaction,20260910,0.39521086608727124,0.39521086608727124,0,0
fixed_transform_remove_only,3355,2024-11-22,2024-12-02,0.0087960346887328,2024,2024-09-30,learned_vol_interaction,20260910,0.5439751432797627,0.5439751432797627,1,1
fixed_transform_remove_only,3360,2024-11-29,2024-12-09,0.0155919891551781,2024,2024-09-30,learned_vol_interaction,20260910,0.5905431363360333,0.5905431363360333,1,1
fixed_transform_remove_only,3365,2024-12-06,2024-12-16,-0.0100436703218104,2024,2024-09-30,learned_vol_interaction,20260910,0.5762717610828487,0.5762717610828487,1,0
fixed_transform_remove_only,3370,2024-12-13,2024-12-23,-0.0006690784017421,2024,2024-09-30,learned_vol_interaction,20260910,0.45006723099721385,0.45006723099721385,0,0
fixed_transform_remove_only,3375,2024-12-20,2024-12-30,0.0123595076562756,2024,2024-09-30,learned_vol_interaction,20260910,0.4091422523572773,0.4091422523572773,0,1
fixed_transform_remove_only,3380,2024-12-27,2025-01-06,-0.0504714964669198,2024,2024-09-30,learned_vol_interaction,20260910,0.3752509643184202,0.3752509643184202,0,0
fixed_transform_remove_only,3325,2024-10-11,2024-10-21,0.0080914993282625,2024,2024-09-30,learned_order_extension,20260910,0.524528336332338,0.524528336332338,1,1
fixed_transform_remove_only,3330,2024-10-18,2024-10-28,0.0015733867085561,2024,2024-09-30,learned_order_extension,20260910,0.5227430433642386,0.5227430433642386,1,1
fixed_transform_remove_only,3335,2024-10-25,2024-11-04,-0.0140142824257356,2024,2024-09-30,learned_order_extension,20260910,0.5352053360242528,0.5352053360242528,1,0
fixed_transform_remove_only,3340,2024-11-01,2024-11-11,0.0434152361258277,2024,2024-09-30,learned_order_extension,20260910,0.5913308611765231,0.5913308611765231,1,1
fixed_transform_remove_only,3345,2024-11-08,2024-11-18,-0.0208584853931589,2024,2024-09-30,learned_order_extension,20260910,0.38643578163029985,0.38643578163029985,0,0
fixed_transform_remove_only,3350,2024-11-15,2024-11-25,-0.0267421712161923,2024,2024-09-30,learned_order_extension,20260910,0.37409811614210586,0.37409811614210586,0,0
fixed_transform_remove_only,3355,2024-11-22,2024-12-02,0.0087960346887328,2024,2024-09-30,learned_order_extension,20260910,0.5086552418623626,0.5086552418623626,1,1
fixed_transform_remove_only,3360,2024-11-29,2024-12-09,0.0155919891551781,2024,2024-09-30,learned_order_extension,20260910,0.567396557245517,0.567396557245517,1,1
fixed_transform_remove_only,3365,2024-12-06,2024-12-16,-0.0100436703218104,2024,2024-09-30,learned_order_extension,20260910,0.5370917808723594,0.5370917808723594,1,0
fixed_transform_remove_only,3370,2024-12-13,2024-12-23,-0.0006690784017421,2024,2024-09-30,learned_order_extension,20260910,0.41929881413404896,0.41929881413404896,0,0
fixed_transform_remove_only,3375,2024-12-20,2024-12-30,0.0123595076562756,2024,2024-09-30,learned_order_extension,20260910,0.3698352730799514,0.3698352730799514,0,1
fixed_transform_remove_only,3380,2024-12-27,2025-01-06,-0.0504714964669198,2024,2024-09-30,learned_order_extension,20260910,0.32725811327012316,0.32725811327012316,0,0
fixed_transform_remove_only,3325,2024-10-11,2024-10-21,0.0080914993282625,2024,2024-09-30,learned_order_offset,20260910,0.5258812173733131,0.5258812173733131,1,1
fixed_transform_remove_only,3330,2024-10-18,2024-10-28,0.0015733867085561,2024,2024-09-30,learned_order_offset,20260910,0.5253848422119197,0.5253848422119197,1,1
fixed_transform_remove_only,3335,2024-10-25,2024-11-04,-0.0140142824257356,2024,2024-09-30,learned_order_offset,20260910,0.5479724322609201,0.5479724322609201,1,0
fixed_transform_remove_only,3340,2024-11-01,2024-11-11,0.0434152361258277,2024,2024-09-30,learned_order_offset,20260910,0.6051307121029413,0.6051307121029413,1,1
fixed_transform_remove_only,3345,2024-11-08,2024-11-18,-0.0208584853931589,2024,2024-09-30,learned_order_offset,20260910,0.3963820637750498,0.3963820637750498,0,0
fixed_transform_remove_only,3350,2024-11-15,2024-11-25,-0.0267421712161923,2024,2024-09-30,learned_order_offset,20260910,0.3808844753871159,0.3808844753871159,0,0
fixed_transform_remove_only,3355,2024-11-22,2024-12-02,0.0087960346887328,2024,2024-09-30,learned_order_offset,20260910,0.5205206921192846,0.5205206921192846,1,1
fixed_transform_remove_only,3360,2024-11-29,2024-12-09,0.0155919891551781,2024,2024-09-30,learned_order_offset,20260910,0.577336034603986,0.577336034603986,1,1
fixed_transform_remove_only,3365,2024-12-06,2024-12-16,-0.0100436703218104,2024,2024-09-30,learned_order_offset,20260910,0.5514034313094627,0.5514034313094627,1,0
fixed_transform_remove_only,3370,2024-12-13,2024-12-23,-0.0006690784017421,2024,2024-09-30,learned_order_offset,20260910,0.4254898137626424,0.4254898137626424,0,0
fixed_transform_remove_only,3375,2024-12-20,2024-12-30,0.0123595076562756,2024,2024-09-30,learned_order_offset,20260910,0.37824653014421794,0.37824653014421794,0,1
fixed_transform_remove_only,3380,2024-12-27,2025-01-06,-0.0504714964669198,2024,2024-09-30,learned_order_offset,20260910,0.33144818684193833,0.33144818684193833,0,0
fixed_transform_remove_only,3325,2024-10-11,2024-10-21,0.0080914993282625,2024,2024-09-30,learned_market,20260911,0.6453897171815871,0.6453897171815871,1,1
fixed_transform_remove_only,3330,2024-10-18,2024-10-28,0.0015733867085561,2024,2024-09-30,learned_market,20260911,0.5777093829052543,0.5777093829052543,1,1
fixed_transform_remove_only,3335,2024-10-25,2024-11-04,-0.0140142824257356,2024,2024-09-30,learned_market,20260911,0.3895228056552533,0.3895228056552533,0,0
fixed_transform_remove_only,3340,2024-11-01,2024-11-11,0.0434152361258277,2024,2024-09-30,learned_market,20260911,0.38671057832757594,0.38671057832757594,0,1
fixed_transform_remove_only,3345,2024-11-08,2024-11-18,-0.0208584853931589,2024,2024-09-30,learned_market,20260911,0.33660422592812345,0.33660422592812345,0,0
fixed_transform_remove_only,3350,2024-11-15,2024-11-25,-0.0267421712161923,2024,2024-09-30,learned_market,20260911,0.44414827925528605,0.44414827925528605,0,0
fixed_transform_remove_only,3355,2024-11-22,2024-12-02,0.0087960346887328,2024,2024-09-30,learned_market,20260911,0.34478299586865724,0.34478299586865724,0,1
fixed_transform_remove_only,3360,2024-11-29,2024-12-09,0.0155919891551781,2024,2024-09-30,learned_market,20260911,0.5805146228546116,0.5805146228546116,1,1
fixed_transform_remove_only,3365,2024-12-06,2024-12-16,-0.0100436703218104,2024,2024-09-30,learned_market,20260911,0.41748121134987337,0.41748121134987337,0,0
fixed_transform_remove_only,3370,2024-12-13,2024-12-23,-0.0006690784017421,2024,2024-09-30,learned_market,20260911,0.3309040147958965,0.3309040147958965,0,0
fixed_transform_remove_only,3375,2024-12-20,2024-12-30,0.0123595076562756,2024,2024-09-30,learned_market,20260911,0.3215801376699032,0.3215801376699032,0,1
fixed_transform_remove_only,3380,2024-12-27,2025-01-06,-0.0504714964669198,2024,2024-09-30,learned_market,20260911,0.5667998272187695,0.5667998272187695,1,0
fixed_transform_remove_only,3325,2024-10-11,2024-10-21,0.0080914993282625,2024,2024-09-30,learned_vol_interaction,20260911,0.6343893406271359,0.6343893406271359,1,1
fixed_transform_remove_only,3330,2024-10-18,2024-10-28,0.0015733867085561,2024,2024-09-30,learned_vol_interaction,20260911,0.5757334778384778,0.5757334778384778,1,1
fixed_transform_remove_only,3335,2024-10-25,2024-11-04,-0.0140142824257356,2024,2024-09-30,learned_vol_interaction,20260911,0.40641689037091805,0.40641689037091805,0,0
fixed_transform_remove_only,3340,2024-11-01,2024-11-11,0.0434152361258277,2024,2024-09-30,learned_vol_interaction,20260911,0.40849184252097265,0.40849184252097265,0,1
fixed_transform_remove_only,3345,2024-11-08,2024-11-18,-0.0208584853931589,2024,2024-09-30,learned_vol_interaction,20260911,0.33610949700710935,0.33610949700710935,0,0
fixed_transform_remove_only,3350,2024-11-15,2024-11-25,-0.0267421712161923,2024,2024-09-30,learned_vol_interaction,20260911,0.44339112657269014,0.44339112657269014,0,0
fixed_transform_remove_only,3355,2024-11-22,2024-12-02,0.0087960346887328,2024,2024-09-30,learned_vol_interaction,20260911,0.34523843855251807,0.34523843855251807,0,1
fixed_transform_remove_only,3360,2024-11-29,2024-12-09,0.0155919891551781,2024,2024-09-30,learned_vol_interaction,20260911,0.5755231558879724,0.5755231558879724,1,1
fixed_transform_remove_only,3365,2024-12-06,2024-12-16,-0.0100436703218104,2024,2024-09-30,learned_vol_interaction,20260911,0.41742042464737733,0.41742042464737733,0,0
fixed_transform_remove_only,3370,2024-12-13,2024-12-23,-0.0006690784017421,2024,2024-09-30,learned_vol_interaction,20260911,0.32711341371063335,0.32711341371063335,0,0
fixed_transform_remove_only,3375,2024-12-20,2024-12-30,0.0123595076562756,2024,2024-09-30,learned_vol_interaction,20260911,0.3180788237879192,0.3180788237879192,0,1
fixed_transform_remove_only,3380,2024-12-27,2025-01-06,-0.0504714964669198,2024,2024-09-30,learned_vol_interaction,20260911,0.5696093068116963,0.5696093068116963,1,0
fixed_transform_remove_only,3325,2024-10-11,2024-10-21,0.0080914993282625,2024,2024-09-30,learned_order_extension,20260911,0.5836010072085542,0.5836010072085542,1,1
fixed_transform_remove_only,3330,2024-10-18,2024-10-28,0.0015733867085561,2024,2024-09-30,learned_order_extension,20260911,0.564594182277895,0.564594182277895,1,1
fixed_transform_remove_only,3335,2024-10-25,2024-11-04,-0.0140142824257356,2024,2024-09-30,learned_order_extension,20260911,0.4532280839521983,0.4532280839521983,0,0
fixed_transform_remove_only,3340,2024-11-01,2024-11-11,0.0434152361258277,2024,2024-09-30,learned_order_extension,20260911,0.4971206358987661,0.4971206358987661,0,1
fixed_transform_remove_only,3345,2024-11-08,2024-11-18,-0.0208584853931589,2024,2024-09-30,learned_order_extension,20260911,0.3154767729088237,0.3154767729088237,0,0
fixed_transform_remove_only,3350,2024-11-15,2024-11-25,-0.0267421712161923,2024,2024-09-30,learned_order_extension,20260911,0.40577918248175143,0.40577918248175143,0,0
fixed_transform_remove_only,3355,2024-11-22,2024-12-02,0.0087960346887328,2024,2024-09-30,learned_order_extension,20260911,0.3132919353599426,0.3132919353599426,0,1
fixed_transform_remove_only,3360,2024-11-29,2024-12-09,0.0155919891551781,2024,2024-09-30,learned_order_extension,20260911,0.5695909025867152,0.5695909025867152,1,1
fixed_transform_remove_only,3365,2024-12-06,2024-12-16,-0.0100436703218104,2024,2024-09-30,learned_order_extension,20260911,0.4078427532560665,0.4078427532560665,0,0
fixed_transform_remove_only,3370,2024-12-13,2024-12-23,-0.0006690784017421,2024,2024-09-30,learned_order_extension,20260911,0.27862434676159364,0.27862434676159364,0,0
fixed_transform_remove_only,3375,2024-12-20,2024-12-30,0.0123595076562756,2024,2024-09-30,learned_order_extension,20260911,0.27263881448278615,0.27263881448278615,0,1
fixed_transform_remove_only,3380,2024-12-27,2025-01-06,-0.0504714964669198,2024,2024-09-30,learned_order_extension,20260911,0.6227243087953145,0.6227243087953145,1,0
fixed_transform_remove_only,3325,2024-10-11,2024-10-21,0.0080914993282625,2024,2024-09-30,learned_order_offset,20260911,0.5922268395149276,0.5922268395149276,1,1
fixed_transform_remove_only,3330,2024-10-18,2024-10-28,0.0015733867085561,2024,2024-09-30,learned_order_offset,20260911,0.5707500253948803,0.5707500253948803,1,1
fixed_transform_remove_only,3335,2024-10-25,2024-11-04,-0.0140142824257356,2024,2024-09-30,learned_order_offset,20260911,0.4622201641036898,0.4622201641036898,0,0
fixed_transform_remove_only,3340,2024-11-01,2024-11-11,0.0434152361258277,2024,2024-09-30,learned_order_offset,20260911,0.507484747843838,0.507484747843838,1,1
fixed_transform_remove_only,3345,2024-11-08,2024-11-18,-0.0208584853931589,2024,2024-09-30,learned_order_offset,20260911,0.3188110963800796,0.3188110963800796,0,0
fixed_transform_remove_only,3350,2024-11-15,2024-11-25,-0.0267421712161923,2024,2024-09-30,learned_order_offset,20260911,0.40775378587779093,0.40775378587779093,0,0
fixed_transform_remove_only,3355,2024-11-22,2024-12-02,0.0087960346887328,2024,2024-09-30,learned_order_offset,20260911,0.3160240160290403,0.3160240160290403,0,1
fixed_transform_remove_only,3360,2024-11-29,2024-12-09,0.0155919891551781,2024,2024-09-30,learned_order_offset,20260911,0.5784846112469885,0.5784846112469885,1,1
fixed_transform_remove_only,3365,2024-12-06,2024-12-16,-0.0100436703218104,2024,2024-09-30,learned_order_offset,20260911,0.41184201248759983,0.41184201248759983,0,0
fixed_transform_remove_only,3370,2024-12-13,2024-12-23,-0.0006690784017421,2024,2024-09-30,learned_order_offset,20260911,0.2883377137832045,0.2883377137832045,0,0
fixed_transform_remove_only,3375,2024-12-20,2024-12-30,0.0123595076562756,2024,2024-09-30,learned_order_offset,20260911,0.2774440268791316,0.2774440268791316,0,1
fixed_transform_remove_only,3380,2024-12-27,2025-01-06,-0.0504714964669198,2024,2024-09-30,learned_order_offset,20260911,0.6225638983299993,0.6225638983299993,1,0
fixed_transform_remove_only,3325,2024-10-11,2024-10-21,0.0080914993282625,2024,2024-09-30,learned_market,20260912,0.5587077874573426,0.5587077874573426,1,1
fixed_transform_remove_only,3330,2024-10-18,2024-10-28,0.0015733867085561,2024,2024-09-30,learned_market,20260912,0.6773715440354371,0.6773715440354371,1,1
fixed_transform_remove_only,3335,2024-10-25,2024-11-04,-0.0140142824257356,2024,2024-09-30,learned_market,20260912,0.6303002561427646,0.6303002561427646,1,0
fixed_transform_remove_only,3340,2024-11-01,2024-11-11,0.0434152361258277,2024,2024-09-30,learned_market,20260912,0.6673156659625854,0.6673156659625854,1,1
fixed_transform_remove_only,3345,2024-11-08,2024-11-18,-0.0208584853931589,2024,2024-09-30,learned_market,20260912,0.5912317903811439,0.5912317903811439,1,0
fixed_transform_remove_only,3350,2024-11-15,2024-11-25,-0.0267421712161923,2024,2024-09-30,learned_market,20260912,0.5705567700353268,0.5705567700353268,1,0
fixed_transform_remove_only,3355,2024-11-22,2024-12-02,0.0087960346887328,2024,2024-09-30,learned_market,20260912,0.5926052076697521,0.5926052076697521,1,1
fixed_transform_remove_only,3360,2024-11-29,2024-12-09,0.0155919891551781,2024,2024-09-30,learned_market,20260912,0.5629686789981458,0.5629686789981458,1,1
fixed_transform_remove_only,3365,2024-12-06,2024-12-16,-0.0100436703218104,2024,2024-09-30,learned_market,20260912,0.5140943657938507,0.5140943657938507,1,0
fixed_transform_remove_only,3370,2024-12-13,2024-12-23,-0.0006690784017421,2024,2024-09-30,learned_market,20260912,0.39149606326495734,0.39149606326495734,0,0
fixed_transform_remove_only,3375,2024-12-20,2024-12-30,0.0123595076562756,2024,2024-09-30,learned_market,20260912,0.3308679139954534,0.3308679139954534,0,1
fixed_transform_remove_only,3380,2024-12-27,2025-01-06,-0.0504714964669198,2024,2024-09-30,learned_market,20260912,0.3106108363458601,0.3106108363458601,0,0
fixed_transform_remove_only,3325,2024-10-11,2024-10-21,0.0080914993282625,2024,2024-09-30,learned_vol_interaction,20260912,0.45899764144668426,0.45899764144668426,0,1
fixed_transform_remove_only,3330,2024-10-18,2024-10-28,0.0015733867085561,2024,2024-09-30,learned_vol_interaction,20260912,0.46190025993442846,0.46190025993442846,0,1
fixed_transform_remove_only,3335,2024-10-25,2024-11-04,-0.0140142824257356,2024,2024-09-30,learned_vol_interaction,20260912,0.45294121750186495,0.45294121750186495,0,0
fixed_transform_remove_only,3340,2024-11-01,2024-11-11,0.0434152361258277,2024,2024-09-30,learned_vol_interaction,20260912,0.41337607393917064,0.41337607393917064,0,1
fixed_transform_remove_only,3345,2024-11-08,2024-11-18,-0.0208584853931589,2024,2024-09-30,learned_vol_interaction,20260912,0.48309738732708446,0.48309738732708446,0,0
fixed_transform_remove_only,3350,2024-11-15,2024-11-25,-0.0267421712161923,2024,2024-09-30,learned_vol_interaction,20260912,0.5384081685628562,0.5384081685628562,1,0
fixed_transform_remove_only,3355,2024-11-22,2024-12-02,0.0087960346887328,2024,2024-09-30,learned_vol_interaction,20260912,0.537108034294956,0.537108034294956,1,1
fixed_transform_remove_only,3360,2024-11-29,2024-12-09,0.0155919891551781,2024,2024-09-30,learned_vol_interaction,20260912,0.4986089146008184,0.4986089146008184,0,1
fixed_transform_remove_only,3365,2024-12-06,2024-12-16,-0.0100436703218104,2024,2024-09-30,learned_vol_interaction,20260912,0.4922204393400683,0.4922204393400683,0,0
fixed_transform_remove_only,3370,2024-12-13,2024-12-23,-0.0006690784017421,2024,2024-09-30,learned_vol_interaction,20260912,0.3962533986222348,0.3962533986222348,0,0
fixed_transform_remove_only,3375,2024-12-20,2024-12-30,0.0123595076562756,2024,2024-09-30,learned_vol_interaction,20260912,0.3389072513305181,0.3389072513305181,0,1
fixed_transform_remove_only,3380,2024-12-27,2025-01-06,-0.0504714964669198,2024,2024-09-30,learned_vol_interaction,20260912,0.2966951479071277,0.2966951479071277,0,0
fixed_transform_remove_only,3325,2024-10-11,2024-10-21,0.0080914993282625,2024,2024-09-30,learned_order_extension,20260912,0.4140182476956785,0.4140182476956785,0,1
fixed_transform_remove_only,3330,2024-10-18,2024-10-28,0.0015733867085561,2024,2024-09-30,learned_order_extension,20260912,0.3415479699208941,0.3415479699208941,0,1
fixed_transform_remove_only,3335,2024-10-25,2024-11-04,-0.0140142824257356,2024,2024-09-30,learned_order_extension,20260912,0.3394182599964175,0.3394182599964175,0,0
fixed_transform_remove_only,3340,2024-11-01,2024-11-11,0.0434152361258277,2024,2024-09-30,learned_order_extension,20260912,0.25008785897198005,0.25008785897198005,0,1
fixed_transform_remove_only,3345,2024-11-08,2024-11-18,-0.0208584853931589,2024,2024-09-30,learned_order_extension,20260912,0.4117514158620981,0.4117514158620981,0,0
fixed_transform_remove_only,3350,2024-11-15,2024-11-25,-0.0267421712161923,2024,2024-09-30,learned_order_extension,20260912,0.4701456696602694,0.4701456696602694,0,0
fixed_transform_remove_only,3355,2024-11-22,2024-12-02,0.0087960346887328,2024,2024-09-30,learned_order_extension,20260912,0.5299609468281772,0.5299609468281772,1,1
fixed_transform_remove_only,3360,2024-11-29,2024-12-09,0.0155919891551781,2024,2024-09-30,learned_order_extension,20260912,0.5035860390174379,0.5035860390174379,1,1
fixed_transform_remove_only,3365,2024-12-06,2024-12-16,-0.0100436703218104,2024,2024-09-30,learned_order_extension,20260912,0.4521860381080617,0.4521860381080617,0,0
fixed_transform_remove_only,3370,2024-12-13,2024-12-23,-0.0006690784017421,2024,2024-09-30,learned_order_extension,20260912,0.38863886614865467,0.38863886614865467,0,0
fixed_transform_remove_only,3375,2024-12-20,2024-12-30,0.0123595076562756,2024,2024-09-30,learned_order_extension,20260912,0.29337582745409685,0.29337582745409685,0,1
fixed_transform_remove_only,3380,2024-12-27,2025-01-06,-0.0504714964669198,2024,2024-09-30,learned_order_extension,20260912,0.20731084554782506,0.20731084554782506,0,0
fixed_transform_remove_only,3325,2024-10-11,2024-10-21,0.0080914993282625,2024,2024-09-30,learned_order_offset,20260912,0.4146930578859907,0.4146930578859907,0,1
fixed_transform_remove_only,3330,2024-10-18,2024-10-28,0.0015733867085561,2024,2024-09-30,learned_order_offset,20260912,0.32802074005457793,0.32802074005457793,0,1
fixed_transform_remove_only,3335,2024-10-25,2024-11-04,-0.0140142824257356,2024,2024-09-30,learned_order_offset,20260912,0.32918561166155547,0.32918561166155547,0,0
fixed_transform_remove_only,3340,2024-11-01,2024-11-11,0.0434152361258277,2024,2024-09-30,learned_order_offset,20260912,0.24107149909275602,0.24107149909275602,0,1
fixed_transform_remove_only,3345,2024-11-08,2024-11-18,-0.0208584853931589,2024,2024-09-30,learned_order_offset,20260912,0.40868242425747536,0.40868242425747536,0,0
fixed_transform_remove_only,3350,2024-11-15,2024-11-25,-0.0267421712161923,2024,2024-09-30,learned_order_offset,20260912,0.48300349696030104,0.48300349696030104,0,0
fixed_transform_remove_only,3355,2024-11-22,2024-12-02,0.0087960346887328,2024,2024-09-30,learned_order_offset,20260912,0.5425386069132444,0.5425386069132444,1,1
fixed_transform_remove_only,3360,2024-11-29,2024-12-09,0.0155919891551781,2024,2024-09-30,learned_order_offset,20260912,0.5085651510432558,0.5085651510432558,1,1
fixed_transform_remove_only,3365,2024-12-06,2024-12-16,-0.0100436703218104,2024,2024-09-30,learned_order_offset,20260912,0.4613102585748629,0.4613102585748629,0,0
fixed_transform_remove_only,3370,2024-12-13,2024-12-23,-0.0006690784017421,2024,2024-09-30,learned_order_offset,20260912,0.3938314783204812,0.3938314783204812,0,0
fixed_transform_remove_only,3375,2024-12-20,2024-12-30,0.0123595076562756,2024,2024-09-30,learned_order_offset,20260912,0.29773560500248564,0.29773560500248564,0,1
fixed_transform_remove_only,3380,2024-12-27,2025-01-06,-0.0504714964669198,2024,2024-09-30,learned_order_offset,20260912,0.20836355308503532,0.20836355308503532,0,0
fixed_transform_remove_only,3325,2024-10-11,2024-10-21,0.0080914993282625,2024,2024-09-30,training_frequency,-1,0.48,0.48,0,1
fixed_transform_remove_only,3330,2024-10-18,2024-10-28,0.0015733867085561,2024,2024-09-30,training_frequency,-1,0.48,0.48,0,1
fixed_transform_remove_only,3335,2024-10-25,2024-11-04,-0.0140142824257356,2024,2024-09-30,training_frequency,-1,0.48,0.48,0,0
fixed_transform_remove_only,3340,2024-11-01,2024-11-11,0.0434152361258277,2024,2024-09-30,training_frequency,-1,0.48,0.48,0,1
fixed_transform_remove_only,3345,2024-11-08,2024-11-18,-0.0208584853931589,2024,2024-09-30,training_frequency,-1,0.48,0.48,0,0
fixed_transform_remove_only,3350,2024-11-15,2024-11-25,-0.0267421712161923,2024,2024-09-30,training_frequency,-1,0.48,0.48,0,0
fixed_transform_remove_only,3355,2024-11-22,2024-12-02,0.0087960346887328,2024,2024-09-30,training_frequency,-1,0.48,0.48,0,1
fixed_transform_remove_only,3360,2024-11-29,2024-12-09,0.0155919891551781,2024,2024-09-30,training_frequency,-1,0.48,0.48,0,1
fixed_transform_remove_only,3365,2024-12-06,2024-12-16,-0.0100436703218104,2024,2024-09-30,training_frequency,-1,0.48,0.48,0,0
fixed_transform_remove_only,3370,2024-12-13,2024-12-23,-0.0006690784017421,2024,2024-09-30,training_frequency,-1,0.48,0.48,0,0
fixed_transform_remove_only,3375,2024-12-20,2024-12-30,0.0123595076562756,2024,2024-09-30,training_frequency,-1,0.48,0.48,0,1
fixed_transform_remove_only,3380,2024-12-27,2025-01-06,-0.0504714964669198,2024,2024-09-30,training_frequency,-1,0.48,0.48,0,0
fixed_transform_remove_only,3384,2025-01-03,2025-01-13,-0.0189486730632231,2025,2024-12-31,learned_market,20260910,0.38233645545210077,0.38233645545210077,0,0
fixed_transform_remove_only,3389,2025-01-10,2025-01-20,0.0353251773547418,2025,2024-12-31,learned_market,20260910,0.3910227915849612,0.3910227915849612,0,1
fixed_transform_remove_only,3394,2025-01-17,2025-01-27,0.000432821422053,2025,2024-12-31,learned_market,20260910,0.49015728346105064,0.49015728346105064,0,1
fixed_transform_remove_only,3399,2025-01-24,2025-02-10,0.0159344898044284,2025,2024-12-31,learned_market,20260910,0.43779872313730184,0.43779872313730184,0,1
fixed_transform_remove_only,3403,2025-02-07,2025-02-17,0.0144454990892999,2025,2024-12-31,learned_market,20260910,0.5065763414140139,0.5065763414140139,1,1
fixed_transform_remove_only,3408,2025-02-14,2025-02-24,0.0045695818086644,2025,2024-12-31,learned_market,20260910,0.5698063647751795,0.5698063647751795,1,1
fixed_transform_remove_only,3413,2025-02-21,2025-03-03,-0.0183210488158531,2025,2024-12-31,learned_market,20260910,0.5387747536285505,0.5387747536285505,1,0
fixed_transform_remove_only,3418,2025-02-28,2025-03-10,0.0117650075646844,2025,2024-12-31,learned_market,20260910,0.4812656782302869,0.4812656782302869,0,1
fixed_transform_remove_only,3423,2025-03-07,2025-03-17,0.019023819058288,2025,2024-12-31,learned_market,20260910,0.6111767156385011,0.6111767156385011,1,1
fixed_transform_remove_only,3428,2025-03-14,2025-03-24,-0.0259983485216283,2025,2024-12-31,learned_market,20260910,0.44730435644814126,0.44730435644814126,0,0
fixed_transform_remove_only,3433,2025-03-21,2025-03-31,-0.0025867506275359,2025,2024-12-31,learned_market,20260910,0.5315675954271929,0.5315675954271929,1,0
fixed_transform_remove_only,3438,2025-03-28,2025-04-14,-0.0342910101946246,2025,2024-12-31,learned_market,20260910,0.7166635184412673,0.7166635184412673,1,0
fixed_transform_remove_only,3384,2025-01-03,2025-01-13,-0.0189486730632231,2025,2024-12-31,learned_vol_interaction,20260910,0.38666219011730185,0.38666219011730185,0,0
fixed_transform_remove_only,3389,2025-01-10,2025-01-20,0.0353251773547418,2025,2024-12-31,learned_vol_interaction,20260910,0.3791321657754841,0.3791321657754841,0,1
fixed_transform_remove_only,3394,2025-01-17,2025-01-27,0.000432821422053,2025,2024-12-31,learned_vol_interaction,20260910,0.4768105126561029,0.4768105126561029,0,1
fixed_transform_remove_only,3399,2025-01-24,2025-02-10,0.0159344898044284,2025,2024-12-31,learned_vol_interaction,20260910,0.46081361135637805,0.46081361135637805,0,1
fixed_transform_remove_only,3403,2025-02-07,2025-02-17,0.0144454990892999,2025,2024-12-31,learned_vol_interaction,20260910,0.5021249737202294,0.5021249737202294,1,1
fixed_transform_remove_only,3408,2025-02-14,2025-02-24,0.0045695818086644,2025,2024-12-31,learned_vol_interaction,20260910,0.5796741457129003,0.5796741457129003,1,1
fixed_transform_remove_only,3413,2025-02-21,2025-03-03,-0.0183210488158531,2025,2024-12-31,learned_vol_interaction,20260910,0.5894724308913238,0.5894724308913238,1,0
fixed_transform_remove_only,3418,2025-02-28,2025-03-10,0.0117650075646844,2025,2024-12-31,learned_vol_interaction,20260910,0.5038224926529957,0.5038224926529957,1,1
fixed_transform_remove_only,3423,2025-03-07,2025-03-17,0.019023819058288,2025,2024-12-31,learned_vol_interaction,20260910,0.6257731101792092,0.6257731101792092,1,1
fixed_transform_remove_only,3428,2025-03-14,2025-03-24,-0.0259983485216283,2025,2024-12-31,learned_vol_interaction,20260910,0.44102075881393793,0.44102075881393793,0,0
fixed_transform_remove_only,3433,2025-03-21,2025-03-31,-0.0025867506275359,2025,2024-12-31,learned_vol_interaction,20260910,0.5122265111637169,0.5122265111637169,1,0
fixed_transform_remove_only,3438,2025-03-28,2025-04-14,-0.0342910101946246,2025,2024-12-31,learned_vol_interaction,20260910,0.7509067743034049,0.7509067743034049,1,0
fixed_transform_remove_only,3384,2025-01-03,2025-01-13,-0.0189486730632231,2025,2024-12-31,learned_order_extension,20260910,0.36600157937330885,0.36600157937330885,0,0
fixed_transform_remove_only,3389,2025-01-10,2025-01-20,0.0353251773547418,2025,2024-12-31,learned_order_extension,20260910,0.35256611690823136,0.35256611690823136,0,1
fixed_transform_remove_only,3394,2025-01-17,2025-01-27,0.000432821422053,2025,2024-12-31,learned_order_extension,20260910,0.48744472138871614,0.48744472138871614,0,1
fixed_transform_remove_only,3399,2025-01-24,2025-02-10,0.0159344898044284,2025,2024-12-31,learned_order_extension,20260910,0.4710830358173244,0.4710830358173244,0,1
fixed_transform_remove_only,3403,2025-02-07,2025-02-17,0.0144454990892999,2025,2024-12-31,learned_order_extension,20260910,0.5229042647242248,0.5229042647242248,1,1
fixed_transform_remove_only,3408,2025-02-14,2025-02-24,0.0045695818086644,2025,2024-12-31,learned_order_extension,20260910,0.5778482952092869,0.5778482952092869,1,1
fixed_transform_remove_only,3413,2025-02-21,2025-03-03,-0.0183210488158531,2025,2024-12-31,learned_order_extension,20260910,0.6398652110146743,0.6398652110146743,1,0
fixed_transform_remove_only,3418,2025-02-28,2025-03-10,0.0117650075646844,2025,2024-12-31,learned_order_extension,20260910,0.5091435465758709,0.5091435465758709,1,1
fixed_transform_remove_only,3423,2025-03-07,2025-03-17,0.019023819058288,2025,2024-12-31,learned_order_extension,20260910,0.6768915881499589,0.6768915881499589,1,1
fixed_transform_remove_only,3428,2025-03-14,2025-03-24,-0.0259983485216283,2025,2024-12-31,learned_order_extension,20260910,0.45607712059245215,0.45607712059245215,0,0
fixed_transform_remove_only,3433,2025-03-21,2025-03-31,-0.0025867506275359,2025,2024-12-31,learned_order_extension,20260910,0.5368074346463041,0.5368074346463041,1,0
fixed_transform_remove_only,3438,2025-03-28,2025-04-14,-0.0342910101946246,2025,2024-12-31,learned_order_extension,20260910,0.8368647681799748,0.8368647681799748,1,0
fixed_transform_remove_only,3384,2025-01-03,2025-01-13,-0.0189486730632231,2025,2024-12-31,learned_order_offset,20260910,0.36669421956338505,0.36669421956338505,0,0
fixed_transform_remove_only,3389,2025-01-10,2025-01-20,0.0353251773547418,2025,2024-12-31,learned_order_offset,20260910,0.35282059228350937,0.35282059228350937,0,1
fixed_transform_remove_only,3394,2025-01-17,2025-01-27,0.000432821422053,2025,2024-12-31,learned_order_offset,20260910,0.48807314138283653,0.48807314138283653,0,1
fixed_transform_remove_only,3399,2025-01-24,2025-02-10,0.0159344898044284,2025,2024-12-31,learned_order_offset,20260910,0.4717801139449288,0.4717801139449288,0,1
fixed_transform_remove_only,3403,2025-02-07,2025-02-17,0.0144454990892999,2025,2024-12-31,learned_order_offset,20260910,0.524022842955718,0.524022842955718,1,1
fixed_transform_remove_only,3408,2025-02-14,2025-02-24,0.0045695818086644,2025,2024-12-31,learned_order_offset,20260910,0.5772818750748553,0.5772818750748553,1,1
fixed_transform_remove_only,3413,2025-02-21,2025-03-03,-0.0183210488158531,2025,2024-12-31,learned_order_offset,20260910,0.6395827908381064,0.6395827908381064,1,0
fixed_transform_remove_only,3418,2025-02-28,2025-03-10,0.0117650075646844,2025,2024-12-31,learned_order_offset,20260910,0.5071295431195366,0.5071295431195366,1,1
fixed_transform_remove_only,3423,2025-03-07,2025-03-17,0.019023819058288,2025,2024-12-31,learned_order_offset,20260910,0.6756470892929178,0.6756470892929178,1,1
fixed_transform_remove_only,3428,2025-03-14,2025-03-24,-0.0259983485216283,2025,2024-12-31,learned_order_offset,20260910,0.455714753994421,0.455714753994421,0,0
fixed_transform_remove_only,3433,2025-03-21,2025-03-31,-0.0025867506275359,2025,2024-12-31,learned_order_offset,20260910,0.5359223493617127,0.5359223493617127,1,0
fixed_transform_remove_only,3438,2025-03-28,2025-04-14,-0.0342910101946246,2025,2024-12-31,learned_order_offset,20260910,0.834993269183481,0.834993269183481,1,0
fixed_transform_remove_only,3384,2025-01-03,2025-01-13,-0.0189486730632231,2025,2024-12-31,learned_market,20260911,0.42821132783780086,0.42821132783780086,0,0
fixed_transform_remove_only,3389,2025-01-10,2025-01-20,0.0353251773547418,2025,2024-12-31,learned_market,20260911,0.3899957296673264,0.3899957296673264,0,1
fixed_transform_remove_only,3394,2025-01-17,2025-01-27,0.000432821422053,2025,2024-12-31,learned_market,20260911,0.5369659260153571,0.5369659260153571,1,1
fixed_transform_remove_only,3399,2025-01-24,2025-02-10,0.0159344898044284,2025,2024-12-31,learned_market,20260911,0.579417237715051,0.579417237715051,1,1
fixed_transform_remove_only,3403,2025-02-07,2025-02-17,0.0144454990892999,2025,2024-12-31,learned_market,20260911,0.6179638900480853,0.6179638900480853,1,1
fixed_transform_remove_only,3408,2025-02-14,2025-02-24,0.0045695818086644,2025,2024-12-31,learned_market,20260911,0.616114705527485,0.616114705527485,1,1
fixed_transform_remove_only,3413,2025-02-21,2025-03-03,-0.0183210488158531,2025,2024-12-31,learned_market,20260911,0.562117179520429,0.562117179520429,1,0
fixed_transform_remove_only,3418,2025-02-28,2025-03-10,0.0117650075646844,2025,2024-12-31,learned_market,20260911,0.5285781284571346,0.5285781284571346,1,1
fixed_transform_remove_only,3423,2025-03-07,2025-03-17,0.019023819058288,2025,2024-12-31,learned_market,20260911,0.4669000809915797,0.4669000809915797,0,1
fixed_transform_remove_only,3428,2025-03-14,2025-03-24,-0.0259983485216283,2025,2024-12-31,learned_market,20260911,0.5699083421091582,0.5699083421091582,1,0
fixed_transform_remove_only,3433,2025-03-21,2025-03-31,-0.0025867506275359,2025,2024-12-31,learned_market,20260911,0.41241409635776066,0.41241409635776066,0,0
fixed_transform_remove_only,3438,2025-03-28,2025-04-14,-0.0342910101946246,2025,2024-12-31,learned_market,20260911,0.48277123146752016,0.48277123146752016,0,0
fixed_transform_remove_only,3384,2025-01-03,2025-01-13,-0.0189486730632231,2025,2024-12-31,learned_vol_interaction,20260911,0.4305231359543153,0.4305231359543153,0,0
fixed_transform_remove_only,3389,2025-01-10,2025-01-20,0.0353251773547418,2025,2024-12-31,learned_vol_interaction,20260911,0.38884089510088987,0.38884089510088987,0,1
fixed_transform_remove_only,3394,2025-01-17,2025-01-27,0.000432821422053,2025,2024-12-31,learned_vol_interaction,20260911,0.5344292773183893,0.5344292773183893,1,1
fixed_transform_remove_only,3399,2025-01-24,2025-02-10,0.0159344898044284,2025,2024-12-31,learned_vol_interaction,20260911,0.5733087009015438,0.5733087009015438,1,1
fixed_transform_remove_only,3403,2025-02-07,2025-02-17,0.0144454990892999,2025,2024-12-31,learned_vol_interaction,20260911,0.6229730094392066,0.6229730094392066,1,1
fixed_transform_remove_only,3408,2025-02-14,2025-02-24,0.0045695818086644,2025,2024-12-31,learned_vol_interaction,20260911,0.6249392220388966,0.6249392220388966,1,1
fixed_transform_remove_only,3413,2025-02-21,2025-03-03,-0.0183210488158531,2025,2024-12-31,learned_vol_interaction,20260911,0.5770853748295083,0.5770853748295083,1,0
fixed_transform_remove_only,3418,2025-02-28,2025-03-10,0.0117650075646844,2025,2024-12-31,learned_vol_interaction,20260911,0.5320196258694382,0.5320196258694382,1,1
fixed_transform_remove_only,3423,2025-03-07,2025-03-17,0.019023819058288,2025,2024-12-31,learned_vol_interaction,20260911,0.4709950343968562,0.4709950343968562,0,1
fixed_transform_remove_only,3428,2025-03-14,2025-03-24,-0.0259983485216283,2025,2024-12-31,learned_vol_interaction,20260911,0.5689479286300063,0.5689479286300063,1,0
fixed_transform_remove_only,3433,2025-03-21,2025-03-31,-0.0025867506275359,2025,2024-12-31,learned_vol_interaction,20260911,0.4073280883173269,0.4073280883173269,0,0
fixed_transform_remove_only,3438,2025-03-28,2025-04-14,-0.0342910101946246,2025,2024-12-31,learned_vol_interaction,20260911,0.4833458290624725,0.4833458290624725,0,0
fixed_transform_remove_only,3384,2025-01-03,2025-01-13,-0.0189486730632231,2025,2024-12-31,learned_order_extension,20260911,0.43065388292304235,0.43065388292304235,0,0
fixed_transform_remove_only,3389,2025-01-10,2025-01-20,0.0353251773547418,2025,2024-12-31,learned_order_extension,20260911,0.3891931634884253,0.3891931634884253,0,1
fixed_transform_remove_only,3394,2025-01-17,2025-01-27,0.000432821422053,2025,2024-12-31,learned_order_extension,20260911,0.5293310636016386,0.5293310636016386,1,1
fixed_transform_remove_only,3399,2025-01-24,2025-02-10,0.0159344898044284,2025,2024-12-31,learned_order_extension,20260911,0.5678795814188538,0.5678795814188538,1,1
fixed_transform_remove_only,3403,2025-02-07,2025-02-17,0.0144454990892999,2025,2024-12-31,learned_order_extension,20260911,0.6181569415812861,0.6181569415812861,1,1
fixed_transform_remove_only,3408,2025-02-14,2025-02-24,0.0045695818086644,2025,2024-12-31,learned_order_extension,20260911,0.623244763024503,0.623244763024503,1,1
fixed_transform_remove_only,3413,2025-02-21,2025-03-03,-0.0183210488158531,2025,2024-12-31,learned_order_extension,20260911,0.5698307059548449,0.5698307059548449,1,0
fixed_transform_remove_only,3418,2025-02-28,2025-03-10,0.0117650075646844,2025,2024-12-31,learned_order_extension,20260911,0.5277004284689892,0.5277004284689892,1,1
fixed_transform_remove_only,3423,2025-03-07,2025-03-17,0.019023819058288,2025,2024-12-31,learned_order_extension,20260911,0.4694347191401159,0.4694347191401159,0,1
fixed_transform_remove_only,3428,2025-03-14,2025-03-24,-0.0259983485216283,2025,2024-12-31,learned_order_extension,20260911,0.5654667556034778,0.5654667556034778,1,0
fixed_transform_remove_only,3433,2025-03-21,2025-03-31,-0.0025867506275359,2025,2024-12-31,learned_order_extension,20260911,0.40561065982780425,0.40561065982780425,0,0
fixed_transform_remove_only,3438,2025-03-28,2025-04-14,-0.0342910101946246,2025,2024-12-31,learned_order_extension,20260911,0.47795042275731253,0.47795042275731253,0,0
fixed_transform_remove_only,3384,2025-01-03,2025-01-13,-0.0189486730632231,2025,2024-12-31,learned_order_offset,20260911,0.430743812553328,0.430743812553328,0,0
fixed_transform_remove_only,3389,2025-01-10,2025-01-20,0.0353251773547418,2025,2024-12-31,learned_order_offset,20260911,0.3892930545383684,0.3892930545383684,0,1
fixed_transform_remove_only,3394,2025-01-17,2025-01-27,0.000432821422053,2025,2024-12-31,learned_order_offset,20260911,0.52934454260111,0.52934454260111,1,1
fixed_transform_remove_only,3399,2025-01-24,2025-02-10,0.0159344898044284,2025,2024-12-31,learned_order_offset,20260911,0.5679288793949586,0.5679288793949586,1,1
fixed_transform_remove_only,3403,2025-02-07,2025-02-17,0.0144454990892999,2025,2024-12-31,learned_order_offset,20260911,0.6181544426401614,0.6181544426401614,1,1
fixed_transform_remove_only,3408,2025-02-14,2025-02-24,0.0045695818086644,2025,2024-12-31,learned_order_offset,20260911,0.6233447631977894,0.6233447631977894,1,1
fixed_transform_remove_only,3413,2025-02-21,2025-03-03,-0.0183210488158531,2025,2024-12-31,learned_order_offset,20260911,0.5699444546955538,0.5699444546955538,1,0
fixed_transform_remove_only,3418,2025-02-28,2025-03-10,0.0117650075646844,2025,2024-12-31,learned_order_offset,20260911,0.5277660121776485,0.5277660121776485,1,1
fixed_transform_remove_only,3423,2025-03-07,2025-03-17,0.019023819058288,2025,2024-12-31,learned_order_offset,20260911,0.46953630716328854,0.46953630716328854,0,1
fixed_transform_remove_only,3428,2025-03-14,2025-03-24,-0.0259983485216283,2025,2024-12-31,learned_order_offset,20260911,0.5655482902240324,0.5655482902240324,1,0
fixed_transform_remove_only,3433,2025-03-21,2025-03-31,-0.0025867506275359,2025,2024-12-31,learned_order_offset,20260911,0.4056793971990091,0.4056793971990091,0,0
fixed_transform_remove_only,3438,2025-03-28,2025-04-14,-0.0342910101946246,2025,2024-12-31,learned_order_offset,20260911,0.4779797038173516,0.4779797038173516,0,0
fixed_transform_remove_only,3384,2025-01-03,2025-01-13,-0.0189486730632231,2025,2024-12-31,learned_market,20260912,0.42089025641362,0.42089025641362,0,0
fixed_transform_remove_only,3389,2025-01-10,2025-01-20,0.0353251773547418,2025,2024-12-31,learned_market,20260912,0.6539720773420672,0.6539720773420672,1,1
fixed_transform_remove_only,3394,2025-01-17,2025-01-27,0.000432821422053,2025,2024-12-31,learned_market,20260912,0.5597316894392553,0.5597316894392553,1,1
fixed_transform_remove_only,3399,2025-01-24,2025-02-10,0.0159344898044284,2025,2024-12-31,learned_market,20260912,0.7143346906245566,0.7143346906245566,1,1
fixed_transform_remove_only,3403,2025-02-07,2025-02-17,0.0144454990892999,2025,2024-12-31,learned_market,20260912,0.6628191037923492,0.6628191037923492,1,1
fixed_transform_remove_only,3408,2025-02-14,2025-02-24,0.0045695818086644,2025,2024-12-31,learned_market,20260912,0.6357468977060057,0.6357468977060057,1,1
fixed_transform_remove_only,3413,2025-02-21,2025-03-03,-0.0183210488158531,2025,2024-12-31,learned_market,20260912,0.3807729420629625,0.3807729420629625,0,0
fixed_transform_remove_only,3418,2025-02-28,2025-03-10,0.0117650075646844,2025,2024-12-31,learned_market,20260912,0.5714127704615375,0.5714127704615375,1,1
fixed_transform_remove_only,3423,2025-03-07,2025-03-17,0.019023819058288,2025,2024-12-31,learned_market,20260912,0.2731298059228326,0.2731298059228326,0,1
fixed_transform_remove_only,3428,2025-03-14,2025-03-24,-0.0259983485216283,2025,2024-12-31,learned_market,20260912,0.696672234818679,0.696672234818679,1,0
fixed_transform_remove_only,3433,2025-03-21,2025-03-31,-0.0025867506275359,2025,2024-12-31,learned_market,20260912,0.5676267142547179,0.5676267142547179,1,0
fixed_transform_remove_only,3438,2025-03-28,2025-04-14,-0.0342910101946246,2025,2024-12-31,learned_market,20260912,0.560911448173473,0.560911448173473,1,0
fixed_transform_remove_only,3384,2025-01-03,2025-01-13,-0.0189486730632231,2025,2024-12-31,learned_vol_interaction,20260912,0.4216991098514313,0.4216991098514313,0,0
fixed_transform_remove_only,3389,2025-01-10,2025-01-20,0.0353251773547418,2025,2024-12-31,learned_vol_interaction,20260912,0.6572683815072808,0.6572683815072808,1,1
fixed_transform_remove_only,3394,2025-01-17,2025-01-27,0.000432821422053,2025,2024-12-31,learned_vol_interaction,20260912,0.5624117839252505,0.5624117839252505,1,1
fixed_transform_remove_only,3399,2025-01-24,2025-02-10,0.0159344898044284,2025,2024-12-31,learned_vol_interaction,20260912,0.7143566519320824,0.7143566519320824,1,1
fixed_transform_remove_only,3403,2025-02-07,2025-02-17,0.0144454990892999,2025,2024-12-31,learned_vol_interaction,20260912,0.6656753647706254,0.6656753647706254,1,1
fixed_transform_remove_only,3408,2025-02-14,2025-02-24,0.0045695818086644,2025,2024-12-31,learned_vol_interaction,20260912,0.6366748986711647,0.6366748986711647,1,1
fixed_transform_remove_only,3413,2025-02-21,2025-03-03,-0.0183210488158531,2025,2024-12-31,learned_vol_interaction,20260912,0.3758479309011285,0.3758479309011285,0,0
fixed_transform_remove_only,3418,2025-02-28,2025-03-10,0.0117650075646844,2025,2024-12-31,learned_vol_interaction,20260912,0.5709205167438731,0.5709205167438731,1,1
fixed_transform_remove_only,3423,2025-03-07,2025-03-17,0.019023819058288,2025,2024-12-31,learned_vol_interaction,20260912,0.2697314685006311,0.2697314685006311,0,1
fixed_transform_remove_only,3428,2025-03-14,2025-03-24,-0.0259983485216283,2025,2024-12-31,learned_vol_interaction,20260912,0.6971511109958376,0.6971511109958376,1,0
fixed_transform_remove_only,3433,2025-03-21,2025-03-31,-0.0025867506275359,2025,2024-12-31,learned_vol_interaction,20260912,0.5692380331101397,0.5692380331101397,1,0
fixed_transform_remove_only,3438,2025-03-28,2025-04-14,-0.0342910101946246,2025,2024-12-31,learned_vol_interaction,20260912,0.5653548865619433,0.5653548865619433,1,0
fixed_transform_remove_only,3384,2025-01-03,2025-01-13,-0.0189486730632231,2025,2024-12-31,learned_order_extension,20260912,0.43188465804609494,0.43188465804609494,0,0
fixed_transform_remove_only,3389,2025-01-10,2025-01-20,0.0353251773547418,2025,2024-12-31,learned_order_extension,20260912,0.7180313467789317,0.7180313467789317,1,1
fixed_transform_remove_only,3394,2025-01-17,2025-01-27,0.000432821422053,2025,2024-12-31,learned_order_extension,20260912,0.6186516338053223,0.6186516338053223,1,1
fixed_transform_remove_only,3399,2025-01-24,2025-02-10,0.0159344898044284,2025,2024-12-31,learned_order_extension,20260912,0.7832822932916682,0.7832822932916682,1,1
fixed_transform_remove_only,3403,2025-02-07,2025-02-17,0.0144454990892999,2025,2024-12-31,learned_order_extension,20260912,0.7098765758367355,0.7098765758367355,1,1
fixed_transform_remove_only,3408,2025-02-14,2025-02-24,0.0045695818086644,2025,2024-12-31,learned_order_extension,20260912,0.6855283540318028,0.6855283540318028,1,1
fixed_transform_remove_only,3413,2025-02-21,2025-03-03,-0.0183210488158531,2025,2024-12-31,learned_order_extension,20260912,0.40938066472725215,0.40938066472725215,0,0
fixed_transform_remove_only,3418,2025-02-28,2025-03-10,0.0117650075646844,2025,2024-12-31,learned_order_extension,20260912,0.6433684681685069,0.6433684681685069,1,1
fixed_transform_remove_only,3423,2025-03-07,2025-03-17,0.019023819058288,2025,2024-12-31,learned_order_extension,20260912,0.25002023502263354,0.25002023502263354,0,1
fixed_transform_remove_only,3428,2025-03-14,2025-03-24,-0.0259983485216283,2025,2024-12-31,learned_order_extension,20260912,0.7238176657049011,0.7238176657049011,1,0
fixed_transform_remove_only,3433,2025-03-21,2025-03-31,-0.0025867506275359,2025,2024-12-31,learned_order_extension,20260912,0.5988742871040955,0.5988742871040955,1,0
fixed_transform_remove_only,3438,2025-03-28,2025-04-14,-0.0342910101946246,2025,2024-12-31,learned_order_extension,20260912,0.6204095542696454,0.6204095542696454,1,0
fixed_transform_remove_only,3384,2025-01-03,2025-01-13,-0.0189486730632231,2025,2024-12-31,learned_order_offset,20260912,0.4326309825835323,0.4326309825835323,0,0
fixed_transform_remove_only,3389,2025-01-10,2025-01-20,0.0353251773547418,2025,2024-12-31,learned_order_offset,20260912,0.7155096866522207,0.7155096866522207,1,1
fixed_transform_remove_only,3394,2025-01-17,2025-01-27,0.000432821422053,2025,2024-12-31,learned_order_offset,20260912,0.6172483281551261,0.6172483281551261,1,1
fixed_transform_remove_only,3399,2025-01-24,2025-02-10,0.0159344898044284,2025,2024-12-31,learned_order_offset,20260912,0.7808632543831274,0.7808632543831274,1,1
fixed_transform_remove_only,3403,2025-02-07,2025-02-17,0.0144454990892999,2025,2024-12-31,learned_order_offset,20260912,0.7081726942730068,0.7081726942730068,1,1
fixed_transform_remove_only,3408,2025-02-14,2025-02-24,0.0045695818086644,2025,2024-12-31,learned_order_offset,20260912,0.6832841057647039,0.6832841057647039,1,1
fixed_transform_remove_only,3413,2025-02-21,2025-03-03,-0.0183210488158531,2025,2024-12-31,learned_order_offset,20260912,0.4117646835265383,0.4117646835265383,0,0
fixed_transform_remove_only,3418,2025-02-28,2025-03-10,0.0117650075646844,2025,2024-12-31,learned_order_offset,20260912,0.6412881777301309,0.6412881777301309,1,1
fixed_transform_remove_only,3423,2025-03-07,2025-03-17,0.019023819058288,2025,2024-12-31,learned_order_offset,20260912,0.25180315037211576,0.25180315037211576,0,1
fixed_transform_remove_only,3428,2025-03-14,2025-03-24,-0.0259983485216283,2025,2024-12-31,learned_order_offset,20260912,0.7172777696525664,0.7172777696525664,1,0
fixed_transform_remove_only,3433,2025-03-21,2025-03-31,-0.0025867506275359,2025,2024-12-31,learned_order_offset,20260912,0.5938462138293957,0.5938462138293957,1,0
fixed_transform_remove_only,3438,2025-03-28,2025-04-14,-0.0342910101946246,2025,2024-12-31,learned_order_offset,20260912,0.6157709090258536,0.6157709090258536,1,0
fixed_transform_remove_only,3384,2025-01-03,2025-01-13,-0.0189486730632231,2025,2024-12-31,training_frequency,-1,0.472636815920398,0.472636815920398,0,0
fixed_transform_remove_only,3389,2025-01-10,2025-01-20,0.0353251773547418,2025,2024-12-31,training_frequency,-1,0.472636815920398,0.472636815920398,0,1
fixed_transform_remove_only,3394,2025-01-17,2025-01-27,0.000432821422053,2025,2024-12-31,training_frequency,-1,0.472636815920398,0.472636815920398,0,1
fixed_transform_remove_only,3399,2025-01-24,2025-02-10,0.0159344898044284,2025,2024-12-31,training_frequency,-1,0.472636815920398,0.472636815920398,0,1
fixed_transform_remove_only,3403,2025-02-07,2025-02-17,0.0144454990892999,2025,2024-12-31,training_frequency,-1,0.472636815920398,0.472636815920398,0,1
fixed_transform_remove_only,3408,2025-02-14,2025-02-24,0.0045695818086644,2025,2024-12-31,training_frequency,-1,0.472636815920398,0.472636815920398,0,1
fixed_transform_remove_only,3413,2025-02-21,2025-03-03,-0.0183210488158531,2025,2024-12-31,training_frequency,-1,0.472636815920398,0.472636815920398,0,0
fixed_transform_remove_only,3418,2025-02-28,2025-03-10,0.0117650075646844,2025,2024-12-31,training_frequency,-1,0.472636815920398,0.472636815920398,0,1
fixed_transform_remove_only,3423,2025-03-07,2025-03-17,0.019023819058288,2025,2024-12-31,training_frequency,-1,0.472636815920398,0.472636815920398,0,1
fixed_transform_remove_only,3428,2025-03-14,2025-03-24,-0.0259983485216283,2025,2024-12-31,training_frequency,-1,0.472636815920398,0.472636815920398,0,0
fixed_transform_remove_only,3433,2025-03-21,2025-03-31,-0.0025867506275359,2025,2024-12-31,training_frequency,-1,0.472636815920398,0.472636815920398,0,0
fixed_transform_remove_only,3438,2025-03-28,2025-04-14,-0.0342910101946246,2025,2024-12-31,training_frequency,-1,0.472636815920398,0.472636815920398,0,0
fixed_transform_remove_only,3447,2025-04-11,2025-04-21,-0.0010339232881941,2025,2025-03-31,learned_market,20260910,0.5133470290036806,0.5133470290036806,1,0
fixed_transform_remove_only,3452,2025-04-18,2025-04-28,0.0048432383085554,2025,2025-03-31,learned_market,20260910,0.7282893955332921,0.7282893955332921,1,1
fixed_transform_remove_only,3457,2025-04-25,2025-05-12,0.02116527880118,2025,2025-03-31,learned_market,20260910,0.38960549043619974,0.38960549043619974,0,1
fixed_transform_remove_only,3464,2025-05-09,2025-05-19,0.0041484224873464,2025,2025-03-31,learned_market,20260910,0.3899541016066567,0.3899541016066567,0,1
fixed_transform_remove_only,3469,2025-05-16,2025-05-26,-0.0017462660042188,2025,2025-03-31,learned_market,20260910,0.34538300388095144,0.34538300388095144,0,0
fixed_transform_remove_only,3474,2025-05-23,2025-06-03,-0.0109216443615366,2025,2025-03-31,learned_market,20260910,0.4172265146614212,0.4172265146614212,0,0
fixed_transform_remove_only,3479,2025-05-30,2025-06-09,0.011566574321892,2025,2025-03-31,learned_market,20260910,0.34886096213127393,0.34886096213127393,0,1
fixed_transform_remove_only,3483,2025-06-06,2025-06-16,-0.0062354943524679,2025,2025-03-31,learned_market,20260910,0.39126440097376247,0.39126440097376247,0,0
fixed_transform_remove_only,3488,2025-06-13,2025-06-23,-0.005825691168304,2025,2025-03-31,learned_market,20260910,0.4093609467313866,0.4093609467313866,0,0
fixed_transform_remove_only,3493,2025-06-20,2025-06-30,0.0232670437490374,2025,2025-03-31,learned_market,20260910,0.3996188820146267,0.3996188820146267,0,1
fixed_transform_remove_only,3498,2025-06-27,2025-07-07,0.0145345648685946,2025,2025-03-31,learned_market,20260910,0.42177549850369933,0.42177549850369933,0,1
fixed_transform_remove_only,3447,2025-04-11,2025-04-21,-0.0010339232881941,2025,2025-03-31,learned_vol_interaction,20260910,0.5518398353704873,0.5518398353704873,1,0
fixed_transform_remove_only,3452,2025-04-18,2025-04-28,0.0048432383085554,2025,2025-03-31,learned_vol_interaction,20260910,0.5869541165414409,0.5869541165414409,1,1
fixed_transform_remove_only,3457,2025-04-25,2025-05-12,0.02116527880118,2025,2025-03-31,learned_vol_interaction,20260910,0.44487777244609106,0.44487777244609106,0,1
fixed_transform_remove_only,3464,2025-05-09,2025-05-19,0.0041484224873464,2025,2025-03-31,learned_vol_interaction,20260910,0.3598730236420805,0.3598730236420805,0,1
fixed_transform_remove_only,3469,2025-05-16,2025-05-26,-0.0017462660042188,2025,2025-03-31,learned_vol_interaction,20260910,0.31777317053720666,0.31777317053720666,0,0
fixed_transform_remove_only,3474,2025-05-23,2025-06-03,-0.0109216443615366,2025,2025-03-31,learned_vol_interaction,20260910,0.4211416865955942,0.4211416865955942,0,0
fixed_transform_remove_only,3479,2025-05-30,2025-06-09,0.011566574321892,2025,2025-03-31,learned_vol_interaction,20260910,0.3471398709346583,0.3471398709346583,0,1
fixed_transform_remove_only,3483,2025-06-06,2025-06-16,-0.0062354943524679,2025,2025-03-31,learned_vol_interaction,20260910,0.3852824029587345,0.3852824029587345,0,0
fixed_transform_remove_only,3488,2025-06-13,2025-06-23,-0.005825691168304,2025,2025-03-31,learned_vol_interaction,20260910,0.4001563474529954,0.4001563474529954,0,0
fixed_transform_remove_only,3493,2025-06-20,2025-06-30,0.0232670437490374,2025,2025-03-31,learned_vol_interaction,20260910,0.4081026775918808,0.4081026775918808,0,1
fixed_transform_remove_only,3498,2025-06-27,2025-07-07,0.0145345648685946,2025,2025-03-31,learned_vol_interaction,20260910,0.43287619477240497,0.43287619477240497,0,1
fixed_transform_remove_only,3447,2025-04-11,2025-04-21,-0.0010339232881941,2025,2025-03-31,learned_order_extension,20260910,0.5583754329829573,0.5583754329829573,1,0
fixed_transform_remove_only,3452,2025-04-18,2025-04-28,0.0048432383085554,2025,2025-03-31,learned_order_extension,20260910,0.6541398215771854,0.6541398215771854,1,1
fixed_transform_remove_only,3457,2025-04-25,2025-05-12,0.02116527880118,2025,2025-03-31,learned_order_extension,20260910,0.4371730146174994,0.4371730146174994,0,1
fixed_transform_remove_only,3464,2025-05-09,2025-05-19,0.0041484224873464,2025,2025-03-31,learned_order_extension,20260910,0.34774638676898856,0.34774638676898856,0,1
fixed_transform_remove_only,3469,2025-05-16,2025-05-26,-0.0017462660042188,2025,2025-03-31,learned_order_extension,20260910,0.31656321774924456,0.31656321774924456,0,0
fixed_transform_remove_only,3474,2025-05-23,2025-06-03,-0.0109216443615366,2025,2025-03-31,learned_order_extension,20260910,0.4266183701774299,0.4266183701774299,0,0
fixed_transform_remove_only,3479,2025-05-30,2025-06-09,0.011566574321892,2025,2025-03-31,learned_order_extension,20260910,0.37101361794280496,0.37101361794280496,0,1
fixed_transform_remove_only,3483,2025-06-06,2025-06-16,-0.0062354943524679,2025,2025-03-31,learned_order_extension,20260910,0.39968941613737585,0.39968941613737585,0,0
fixed_transform_remove_only,3488,2025-06-13,2025-06-23,-0.005825691168304,2025,2025-03-31,learned_order_extension,20260910,0.40967293949678757,0.40967293949678757,0,0
fixed_transform_remove_only,3493,2025-06-20,2025-06-30,0.0232670437490374,2025,2025-03-31,learned_order_extension,20260910,0.42102376902888283,0.42102376902888283,0,1
fixed_transform_remove_only,3498,2025-06-27,2025-07-07,0.0145345648685946,2025,2025-03-31,learned_order_extension,20260910,0.4537413420666163,0.4537413420666163,0,1
fixed_transform_remove_only,3447,2025-04-11,2025-04-21,-0.0010339232881941,2025,2025-03-31,learned_order_offset,20260910,0.5572334325505033,0.5572334325505033,1,0
fixed_transform_remove_only,3452,2025-04-18,2025-04-28,0.0048432383085554,2025,2025-03-31,learned_order_offset,20260910,0.6523769115475283,0.6523769115475283,1,1
fixed_transform_remove_only,3457,2025-04-25,2025-05-12,0.02116527880118,2025,2025-03-31,learned_order_offset,20260910,0.4373933948244634,0.4373933948244634,0,1
fixed_transform_remove_only,3464,2025-05-09,2025-05-19,0.0041484224873464,2025,2025-03-31,learned_order_offset,20260910,0.3489364638187167,0.3489364638187167,0,1
fixed_transform_remove_only,3469,2025-05-16,2025-05-26,-0.0017462660042188,2025,2025-03-31,learned_order_offset,20260910,0.3163442486516592,0.3163442486516592,0,0
fixed_transform_remove_only,3474,2025-05-23,2025-06-03,-0.0109216443615366,2025,2025-03-31,learned_order_offset,20260910,0.42683874071998945,0.42683874071998945,0,0
fixed_transform_remove_only,3479,2025-05-30,2025-06-09,0.011566574321892,2025,2025-03-31,learned_order_offset,20260910,0.37081521298887293,0.37081521298887293,0,1
fixed_transform_remove_only,3483,2025-06-06,2025-06-16,-0.0062354943524679,2025,2025-03-31,learned_order_offset,20260910,0.4004712078371353,0.4004712078371353,0,0
fixed_transform_remove_only,3488,2025-06-13,2025-06-23,-0.005825691168304,2025,2025-03-31,learned_order_offset,20260910,0.40966951020000425,0.40966951020000425,0,0
fixed_transform_remove_only,3493,2025-06-20,2025-06-30,0.0232670437490374,2025,2025-03-31,learned_order_offset,20260910,0.42044545937875183,0.42044545937875183,0,1
fixed_transform_remove_only,3498,2025-06-27,2025-07-07,0.0145345648685946,2025,2025-03-31,learned_order_offset,20260910,0.4536663902789277,0.4536663902789277,0,1
fixed_transform_remove_only,3447,2025-04-11,2025-04-21,-0.0010339232881941,2025,2025-03-31,learned_market,20260911,0.48682935354230916,0.48682935354230916,0,0
fixed_transform_remove_only,3452,2025-04-18,2025-04-28,0.0048432383085554,2025,2025-03-31,learned_market,20260911,0.4901244863265661,0.4901244863265661,0,1
fixed_transform_remove_only,3457,2025-04-25,2025-05-12,0.02116527880118,2025,2025-03-31,learned_market,20260911,0.36546225831536905,0.36546225831536905,0,1
fixed_transform_remove_only,3464,2025-05-09,2025-05-19,0.0041484224873464,2025,2025-03-31,learned_market,20260911,0.4056862726395646,0.4056862726395646,0,1
fixed_transform_remove_only,3469,2025-05-16,2025-05-26,-0.0017462660042188,2025,2025-03-31,learned_market,20260911,0.19826408663113188,0.19826408663113188,0,0
fixed_transform_remove_only,3474,2025-05-23,2025-06-03,-0.0109216443615366,2025,2025-03-31,learned_market,20260911,0.36646302740042047,0.36646302740042047,0,0
fixed_transform_remove_only,3479,2025-05-30,2025-06-09,0.011566574321892,2025,2025-03-31,learned_market,20260911,0.2700239685979712,0.2700239685979712,0,1
fixed_transform_remove_only,3483,2025-06-06,2025-06-16,-0.0062354943524679,2025,2025-03-31,learned_market,20260911,0.5417777457804491,0.5417777457804491,1,0
fixed_transform_remove_only,3488,2025-06-13,2025-06-23,-0.005825691168304,2025,2025-03-31,learned_market,20260911,0.45751917791711266,0.45751917791711266,0,0
fixed_transform_remove_only,3493,2025-06-20,2025-06-30,0.0232670437490374,2025,2025-03-31,learned_market,20260911,0.5094233813549426,0.5094233813549426,1,1
fixed_transform_remove_only,3498,2025-06-27,2025-07-07,0.0145345648685946,2025,2025-03-31,learned_market,20260911,0.5593604164915937,0.5593604164915937,1,1
fixed_transform_remove_only,3447,2025-04-11,2025-04-21,-0.0010339232881941,2025,2025-03-31,learned_vol_interaction,20260911,0.45851893935384147,0.45851893935384147,0,0
fixed_transform_remove_only,3452,2025-04-18,2025-04-28,0.0048432383085554,2025,2025-03-31,learned_vol_interaction,20260911,0.4693255536817626,0.4693255536817626,0,1
fixed_transform_remove_only,3457,2025-04-25,2025-05-12,0.02116527880118,2025,2025-03-31,learned_vol_interaction,20260911,0.3634336560606278,0.3634336560606278,0,1
fixed_transform_remove_only,3464,2025-05-09,2025-05-19,0.0041484224873464,2025,2025-03-31,learned_vol_interaction,20260911,0.40641210820587326,0.40641210820587326,0,1
fixed_transform_remove_only,3469,2025-05-16,2025-05-26,-0.0017462660042188,2025,2025-03-31,learned_vol_interaction,20260911,0.17933391453830702,0.17933391453830702,0,0
fixed_transform_remove_only,3474,2025-05-23,2025-06-03,-0.0109216443615366,2025,2025-03-31,learned_vol_interaction,20260911,0.3668783883850997,0.3668783883850997,0,0
fixed_transform_remove_only,3479,2025-05-30,2025-06-09,0.011566574321892,2025,2025-03-31,learned_vol_interaction,20260911,0.2592561250615528,0.2592561250615528,0,1
fixed_transform_remove_only,3483,2025-06-06,2025-06-16,-0.0062354943524679,2025,2025-03-31,learned_vol_interaction,20260911,0.558806799191444,0.558806799191444,1,0
fixed_transform_remove_only,3488,2025-06-13,2025-06-23,-0.005825691168304,2025,2025-03-31,learned_vol_interaction,20260911,0.4728892500949858,0.4728892500949858,0,0
fixed_transform_remove_only,3493,2025-06-20,2025-06-30,0.0232670437490374,2025,2025-03-31,learned_vol_interaction,20260911,0.5318086645080293,0.5318086645080293,1,1
fixed_transform_remove_only,3498,2025-06-27,2025-07-07,0.0145345648685946,2025,2025-03-31,learned_vol_interaction,20260911,0.576499887196205,0.576499887196205,1,1
fixed_transform_remove_only,3447,2025-04-11,2025-04-21,-0.0010339232881941,2025,2025-03-31,learned_order_extension,20260911,0.45441813143762727,0.45441813143762727,0,0
fixed_transform_remove_only,3452,2025-04-18,2025-04-28,0.0048432383085554,2025,2025-03-31,learned_order_extension,20260911,0.4745693418908154,0.4745693418908154,0,1
fixed_transform_remove_only,3457,2025-04-25,2025-05-12,0.02116527880118,2025,2025-03-31,learned_order_extension,20260911,0.36949381788216124,0.36949381788216124,0,1
fixed_transform_remove_only,3464,2025-05-09,2025-05-19,0.0041484224873464,2025,2025-03-31,learned_order_extension,20260911,0.4051972263719462,0.4051972263719462,0,1
fixed_transform_remove_only,3469,2025-05-16,2025-05-26,-0.0017462660042188,2025,2025-03-31,learned_order_extension,20260911,0.18417923158612898,0.18417923158612898,0,0
fixed_transform_remove_only,3474,2025-05-23,2025-06-03,-0.0109216443615366,2025,2025-03-31,learned_order_extension,20260911,0.3578971384069634,0.3578971384069634,0,0
fixed_transform_remove_only,3479,2025-05-30,2025-06-09,0.011566574321892,2025,2025-03-31,learned_order_extension,20260911,0.25251504580269524,0.25251504580269524,0,1
fixed_transform_remove_only,3483,2025-06-06,2025-06-16,-0.0062354943524679,2025,2025-03-31,learned_order_extension,20260911,0.5594684945583185,0.5594684945583185,1,0
fixed_transform_remove_only,3488,2025-06-13,2025-06-23,-0.005825691168304,2025,2025-03-31,learned_order_extension,20260911,0.4637069663892039,0.4637069663892039,0,0
fixed_transform_remove_only,3493,2025-06-20,2025-06-30,0.0232670437490374,2025,2025-03-31,learned_order_extension,20260911,0.5274502742560718,0.5274502742560718,1,1
fixed_transform_remove_only,3498,2025-06-27,2025-07-07,0.0145345648685946,2025,2025-03-31,learned_order_extension,20260911,0.5785791440309366,0.5785791440309366,1,1
fixed_transform_remove_only,3447,2025-04-11,2025-04-21,-0.0010339232881941,2025,2025-03-31,learned_order_offset,20260911,0.45323417887694906,0.45323417887694906,0,0
fixed_transform_remove_only,3452,2025-04-18,2025-04-28,0.0048432383085554,2025,2025-03-31,learned_order_offset,20260911,0.4726070425286296,0.4726070425286296,0,1
fixed_transform_remove_only,3457,2025-04-25,2025-05-12,0.02116527880118,2025,2025-03-31,learned_order_offset,20260911,0.36825512386352494,0.36825512386352494,0,1
fixed_transform_remove_only,3464,2025-05-09,2025-05-19,0.0041484224873464,2025,2025-03-31,learned_order_offset,20260911,0.4046172710294543,0.4046172710294543,0,1
fixed_transform_remove_only,3469,2025-05-16,2025-05-26,-0.0017462660042188,2025,2025-03-31,learned_order_offset,20260911,0.18370452974552462,0.18370452974552462,0,0
fixed_transform_remove_only,3474,2025-05-23,2025-06-03,-0.0109216443615366,2025,2025-03-31,learned_order_offset,20260911,0.3581756660461659,0.3581756660461659,0,0
fixed_transform_remove_only,3479,2025-05-30,2025-06-09,0.011566574321892,2025,2025-03-31,learned_order_offset,20260911,0.2526862155395146,0.2526862155395146,0,1
fixed_transform_remove_only,3483,2025-06-06,2025-06-16,-0.0062354943524679,2025,2025-03-31,learned_order_offset,20260911,0.5598616918117333,0.5598616918117333,1,0
fixed_transform_remove_only,3488,2025-06-13,2025-06-23,-0.005825691168304,2025,2025-03-31,learned_order_offset,20260911,0.464298200383047,0.464298200383047,0,0
fixed_transform_remove_only,3493,2025-06-20,2025-06-30,0.0232670437490374,2025,2025-03-31,learned_order_offset,20260911,0.5273363291254429,0.5273363291254429,1,1
fixed_transform_remove_only,3498,2025-06-27,2025-07-07,0.0145345648685946,2025,2025-03-31,learned_order_offset,20260911,0.5779924922895338,0.5779924922895338,1,1
fixed_transform_remove_only,3447,2025-04-11,2025-04-21,-0.0010339232881941,2025,2025-03-31,learned_market,20260912,0.46276756185620593,0.46276756185620593,0,0
fixed_transform_remove_only,3452,2025-04-18,2025-04-28,0.0048432383085554,2025,2025-03-31,learned_market,20260912,0.6163940772606171,0.6163940772606171,1,1
fixed_transform_remove_only,3457,2025-04-25,2025-05-12,0.02116527880118,2025,2025-03-31,learned_market,20260912,0.4411818147479702,0.4411818147479702,0,1
fixed_transform_remove_only,3464,2025-05-09,2025-05-19,0.0041484224873464,2025,2025-03-31,learned_market,20260912,0.2589270756936394,0.2589270756936394,0,1
fixed_transform_remove_only,3469,2025-05-16,2025-05-26,-0.0017462660042188,2025,2025-03-31,learned_market,20260912,0.3344761805277002,0.3344761805277002,0,0
fixed_transform_remove_only,3474,2025-05-23,2025-06-03,-0.0109216443615366,2025,2025-03-31,learned_market,20260912,0.20722836695633162,0.20722836695633162,0,0
fixed_transform_remove_only,3479,2025-05-30,2025-06-09,0.011566574321892,2025,2025-03-31,learned_market,20260912,0.1478843935911372,0.1478843935911372,0,1
fixed_transform_remove_only,3483,2025-06-06,2025-06-16,-0.0062354943524679,2025,2025-03-31,learned_market,20260912,0.39460525176022754,0.39460525176022754,0,0
fixed_transform_remove_only,3488,2025-06-13,2025-06-23,-0.005825691168304,2025,2025-03-31,learned_market,20260912,0.2848039081489243,0.2848039081489243,0,0
fixed_transform_remove_only,3493,2025-06-20,2025-06-30,0.0232670437490374,2025,2025-03-31,learned_market,20260912,0.4062825801406243,0.4062825801406243,0,1
fixed_transform_remove_only,3498,2025-06-27,2025-07-07,0.0145345648685946,2025,2025-03-31,learned_market,20260912,0.4994243648088294,0.4994243648088294,0,1
fixed_transform_remove_only,3447,2025-04-11,2025-04-21,-0.0010339232881941,2025,2025-03-31,learned_vol_interaction,20260912,0.45260156362133747,0.45260156362133747,0,0
fixed_transform_remove_only,3452,2025-04-18,2025-04-28,0.0048432383085554,2025,2025-03-31,learned_vol_interaction,20260912,0.592368559902921,0.592368559902921,1,1
fixed_transform_remove_only,3457,2025-04-25,2025-05-12,0.02116527880118,2025,2025-03-31,learned_vol_interaction,20260912,0.4437447324990672,0.4437447324990672,0,1
fixed_transform_remove_only,3464,2025-05-09,2025-05-19,0.0041484224873464,2025,2025-03-31,learned_vol_interaction,20260912,0.24644673088098074,0.24644673088098074,0,1
fixed_transform_remove_only,3469,2025-05-16,2025-05-26,-0.0017462660042188,2025,2025-03-31,learned_vol_interaction,20260912,0.32726671555671616,0.32726671555671616,0,0
fixed_transform_remove_only,3474,2025-05-23,2025-06-03,-0.0109216443615366,2025,2025-03-31,learned_vol_interaction,20260912,0.1969857936590577,0.1969857936590577,0,0
fixed_transform_remove_only,3479,2025-05-30,2025-06-09,0.011566574321892,2025,2025-03-31,learned_vol_interaction,20260912,0.13799913146957424,0.13799913146957424,0,1
fixed_transform_remove_only,3483,2025-06-06,2025-06-16,-0.0062354943524679,2025,2025-03-31,learned_vol_interaction,20260912,0.39561630916171303,0.39561630916171303,0,0
fixed_transform_remove_only,3488,2025-06-13,2025-06-23,-0.005825691168304,2025,2025-03-31,learned_vol_interaction,20260912,0.27816625253417787,0.27816625253417787,0,0
fixed_transform_remove_only,3493,2025-06-20,2025-06-30,0.0232670437490374,2025,2025-03-31,learned_vol_interaction,20260912,0.4072860022409137,0.4072860022409137,0,1
fixed_transform_remove_only,3498,2025-06-27,2025-07-07,0.0145345648685946,2025,2025-03-31,learned_vol_interaction,20260912,0.5009131940736017,0.5009131940736017,1,1
fixed_transform_remove_only,3447,2025-04-11,2025-04-21,-0.0010339232881941,2025,2025-03-31,learned_order_extension,20260912,0.4484999141230407,0.4484999141230407,0,0
fixed_transform_remove_only,3452,2025-04-18,2025-04-28,0.0048432383085554,2025,2025-03-31,learned_order_extension,20260912,0.6229309185249889,0.6229309185249889,1,1
fixed_transform_remove_only,3457,2025-04-25,2025-05-12,0.02116527880118,2025,2025-03-31,learned_order_extension,20260912,0.4306851852988539,0.4306851852988539,0,1
fixed_transform_remove_only,3464,2025-05-09,2025-05-19,0.0041484224873464,2025,2025-03-31,learned_order_extension,20260912,0.24241519204768744,0.24241519204768744,0,1
fixed_transform_remove_only,3469,2025-05-16,2025-05-26,-0.0017462660042188,2025,2025-03-31,learned_order_extension,20260912,0.34633644563243193,0.34633644563243193,0,0
fixed_transform_remove_only,3474,2025-05-23,2025-06-03,-0.0109216443615366,2025,2025-03-31,learned_order_extension,20260912,0.22937813609776742,0.22937813609776742,0,0
fixed_transform_remove_only,3479,2025-05-30,2025-06-09,0.011566574321892,2025,2025-03-31,learned_order_extension,20260912,0.18659746162413474,0.18659746162413474,0,1
fixed_transform_remove_only,3483,2025-06-06,2025-06-16,-0.0062354943524679,2025,2025-03-31,learned_order_extension,20260912,0.4295423743755995,0.4295423743755995,0,0
fixed_transform_remove_only,3488,2025-06-13,2025-06-23,-0.005825691168304,2025,2025-03-31,learned_order_extension,20260912,0.29367046233825206,0.29367046233825206,0,0
fixed_transform_remove_only,3493,2025-06-20,2025-06-30,0.0232670437490374,2025,2025-03-31,learned_order_extension,20260912,0.43047992530588225,0.43047992530588225,0,1
fixed_transform_remove_only,3498,2025-06-27,2025-07-07,0.0145345648685946,2025,2025-03-31,learned_order_extension,20260912,0.49062975070983367,0.49062975070983367,0,1
fixed_transform_remove_only,3447,2025-04-11,2025-04-21,-0.0010339232881941,2025,2025-03-31,learned_order_offset,20260912,0.446476650716692,0.446476650716692,0,0
fixed_transform_remove_only,3452,2025-04-18,2025-04-28,0.0048432383085554,2025,2025-03-31,learned_order_offset,20260912,0.6200720928185118,0.6200720928185118,1,1
fixed_transform_remove_only,3457,2025-04-25,2025-05-12,0.02116527880118,2025,2025-03-31,learned_order_offset,20260912,0.4350450266300563,0.4350450266300563,0,1
fixed_transform_remove_only,3464,2025-05-09,2025-05-19,0.0041484224873464,2025,2025-03-31,learned_order_offset,20260912,0.24656102030669957,0.24656102030669957,0,1
fixed_transform_remove_only,3469,2025-05-16,2025-05-26,-0.0017462660042188,2025,2025-03-31,learned_order_offset,20260912,0.34962922850370803,0.34962922850370803,0,0
fixed_transform_remove_only,3474,2025-05-23,2025-06-03,-0.0109216443615366,2025,2025-03-31,learned_order_offset,20260912,0.23318906083937285,0.23318906083937285,0,0
fixed_transform_remove_only,3479,2025-05-30,2025-06-09,0.011566574321892,2025,2025-03-31,learned_order_offset,20260912,0.19104318414858798,0.19104318414858798,0,1
fixed_transform_remove_only,3483,2025-06-06,2025-06-16,-0.0062354943524679,2025,2025-03-31,learned_order_offset,20260912,0.4330066315105897,0.4330066315105897,0,0
fixed_transform_remove_only,3488,2025-06-13,2025-06-23,-0.005825691168304,2025,2025-03-31,learned_order_offset,20260912,0.2944774635017871,0.2944774635017871,0,0
fixed_transform_remove_only,3493,2025-06-20,2025-06-30,0.0232670437490374,2025,2025-03-31,learned_order_offset,20260912,0.43060980227764206,0.43060980227764206,0,1
fixed_transform_remove_only,3498,2025-06-27,2025-07-07,0.0145345648685946,2025,2025-03-31,learned_order_offset,20260912,0.48945413358646545,0.48945413358646545,0,1
fixed_transform_remove_only,3447,2025-04-11,2025-04-21,-0.0010339232881941,2025,2025-03-31,training_frequency,-1,0.4686411149825784,0.4686411149825784,0,0
fixed_transform_remove_only,3452,2025-04-18,2025-04-28,0.0048432383085554,2025,2025-03-31,training_frequency,-1,0.4686411149825784,0.4686411149825784,0,1
fixed_transform_remove_only,3457,2025-04-25,2025-05-12,0.02116527880118,2025,2025-03-31,training_frequency,-1,0.4686411149825784,0.4686411149825784,0,1
fixed_transform_remove_only,3464,2025-05-09,2025-05-19,0.0041484224873464,2025,2025-03-31,training_frequency,-1,0.4686411149825784,0.4686411149825784,0,1
fixed_transform_remove_only,3469,2025-05-16,2025-05-26,-0.0017462660042188,2025,2025-03-31,training_frequency,-1,0.4686411149825784,0.4686411149825784,0,0
fixed_transform_remove_only,3474,2025-05-23,2025-06-03,-0.0109216443615366,2025,2025-03-31,training_frequency,-1,0.4686411149825784,0.4686411149825784,0,0
fixed_transform_remove_only,3479,2025-05-30,2025-06-09,0.011566574321892,2025,2025-03-31,training_frequency,-1,0.4686411149825784,0.4686411149825784,0,1
fixed_transform_remove_only,3483,2025-06-06,2025-06-16,-0.0062354943524679,2025,2025-03-31,training_frequency,-1,0.4686411149825784,0.4686411149825784,0,0
fixed_transform_remove_only,3488,2025-06-13,2025-06-23,-0.005825691168304,2025,2025-03-31,training_frequency,-1,0.4686411149825784,0.4686411149825784,0,0
fixed_transform_remove_only,3493,2025-06-20,2025-06-30,0.0232670437490374,2025,2025-03-31,training_frequency,-1,0.4686411149825784,0.4686411149825784,0,1
fixed_transform_remove_only,3498,2025-06-27,2025-07-07,0.0145345648685946,2025,2025-03-31,training_frequency,-1,0.4686411149825784,0.4686411149825784,0,1
fixed_transform_remove_only,3503,2025-07-04,2025-07-14,0.0110426949002964,2025,2025-06-30,learned_market,20260910,0.7416399215551336,0.7416399215551336,1,1
fixed_transform_remove_only,3508,2025-07-11,2025-07-21,0.0120759671840067,2025,2025-06-30,learned_market,20260910,0.6988180544295568,0.6988180544295568,1,1
fixed_transform_remove_only,3513,2025-07-18,2025-07-28,0.0143570766898375,2025,2025-06-30,learned_market,20260910,0.4066196450353642,0.4066196450353642,0,1
fixed_transform_remove_only,3518,2025-07-25,2025-08-04,-0.0218642507630443,2025,2025-06-30,learned_market,20260910,0.5201544553301997,0.5201544553301997,1,0
fixed_transform_remove_only,3523,2025-08-01,2025-08-11,0.0179175520190988,2025,2025-06-30,learned_market,20260910,0.5168139684511609,0.5168139684511609,1,1
fixed_transform_remove_only,3528,2025-08-08,2025-08-18,0.026265786598999,2025,2025-06-30,learned_market,20260910,0.3472333064587331,0.3472333064587331,0,1
fixed_transform_remove_only,3533,2025-08-15,2025-08-25,0.0469483790671487,2025,2025-06-30,learned_market,20260910,0.3982746616038548,0.3982746616038548,0,1
fixed_transform_remove_only,3538,2025-08-22,2025-09-01,0.0227770368340847,2025,2025-06-30,learned_market,20260910,0.4166561464218469,0.4166561464218469,0,1
fixed_transform_remove_only,3543,2025-08-29,2025-09-08,-0.0110053842475337,2025,2025-06-30,learned_market,20260910,0.46833998329760873,0.46833998329760873,0,0
fixed_transform_remove_only,3548,2025-09-05,2025-09-15,0.0151594857594405,2025,2025-06-30,learned_market,20260910,0.4483790625336769,0.4483790625336769,0,1
fixed_transform_remove_only,3553,2025-09-12,2025-09-22,-0.0050409160971932,2025,2025-06-30,learned_market,20260910,0.471624972788232,0.471624972788232,0,0
fixed_transform_remove_only,3558,2025-09-19,2025-09-29,0.0095300784790881,2025,2025-06-30,learned_market,20260910,0.48138242147808713,0.48138242147808713,0,1
fixed_transform_remove_only,3563,2025-09-26,2025-10-13,-0.0140855274279203,2025,2025-06-30,learned_market,20260910,0.4916042192336732,0.4916042192336732,0,0
fixed_transform_remove_only,3503,2025-07-04,2025-07-14,0.0110426949002964,2025,2025-06-30,learned_vol_interaction,20260910,0.8068685298259187,0.8068685298259187,1,1
fixed_transform_remove_only,3508,2025-07-11,2025-07-21,0.0120759671840067,2025,2025-06-30,learned_vol_interaction,20260910,0.7809922502050722,0.7809922502050722,1,1
fixed_transform_remove_only,3513,2025-07-18,2025-07-28,0.0143570766898375,2025,2025-06-30,learned_vol_interaction,20260910,0.4046769474842435,0.4046769474842435,0,1
fixed_transform_remove_only,3518,2025-07-25,2025-08-04,-0.0218642507630443,2025,2025-06-30,learned_vol_interaction,20260910,0.49973859775722973,0.49973859775722973,0,0
fixed_transform_remove_only,3523,2025-08-01,2025-08-11,0.0179175520190988,2025,2025-06-30,learned_vol_interaction,20260910,0.5176154429940434,0.5176154429940434,1,1
fixed_transform_remove_only,3528,2025-08-08,2025-08-18,0.026265786598999,2025,2025-06-30,learned_vol_interaction,20260910,0.28516400115494156,0.28516400115494156,0,1
fixed_transform_remove_only,3533,2025-08-15,2025-08-25,0.0469483790671487,2025,2025-06-30,learned_vol_interaction,20260910,0.360012096819027,0.360012096819027,0,1
fixed_transform_remove_only,3538,2025-08-22,2025-09-01,0.0227770368340847,2025,2025-06-30,learned_vol_interaction,20260910,0.3891551888872385,0.3891551888872385,0,1
fixed_transform_remove_only,3543,2025-08-29,2025-09-08,-0.0110053842475337,2025,2025-06-30,learned_vol_interaction,20260910,0.4512660962607691,0.4512660962607691,0,0
fixed_transform_remove_only,3548,2025-09-05,2025-09-15,0.0151594857594405,2025,2025-06-30,learned_vol_interaction,20260910,0.4490681651017057,0.4490681651017057,0,1
fixed_transform_remove_only,3553,2025-09-12,2025-09-22,-0.0050409160971932,2025,2025-06-30,learned_vol_interaction,20260910,0.47131829289669364,0.47131829289669364,0,0
fixed_transform_remove_only,3558,2025-09-19,2025-09-29,0.0095300784790881,2025,2025-06-30,learned_vol_interaction,20260910,0.47677287948105856,0.47677287948105856,0,1
fixed_transform_remove_only,3563,2025-09-26,2025-10-13,-0.0140855274279203,2025,2025-06-30,learned_vol_interaction,20260910,0.4701541609438293,0.4701541609438293,0,0
fixed_transform_remove_only,3503,2025-07-04,2025-07-14,0.0110426949002964,2025,2025-06-30,learned_order_extension,20260910,0.7620038738721733,0.7620038738721733,1,1
fixed_transform_remove_only,3508,2025-07-11,2025-07-21,0.0120759671840067,2025,2025-06-30,learned_order_extension,20260910,0.8112060440669354,0.8112060440669354,1,1
fixed_transform_remove_only,3513,2025-07-18,2025-07-28,0.0143570766898375,2025,2025-06-30,learned_order_extension,20260910,0.39728769276439274,0.39728769276439274,0,1
fixed_transform_remove_only,3518,2025-07-25,2025-08-04,-0.0218642507630443,2025,2025-06-30,learned_order_extension,20260910,0.4875632251979876,0.4875632251979876,0,0
fixed_transform_remove_only,3523,2025-08-01,2025-08-11,0.0179175520190988,2025,2025-06-30,learned_order_extension,20260910,0.5081518826796593,0.5081518826796593,1,1
fixed_transform_remove_only,3528,2025-08-08,2025-08-18,0.026265786598999,2025,2025-06-30,learned_order_extension,20260910,0.3026759288514086,0.3026759288514086,0,1
fixed_transform_remove_only,3533,2025-08-15,2025-08-25,0.0469483790671487,2025,2025-06-30,learned_order_extension,20260910,0.34688106777688626,0.34688106777688626,0,1
fixed_transform_remove_only,3538,2025-08-22,2025-09-01,0.0227770368340847,2025,2025-06-30,learned_order_extension,20260910,0.3655505536599423,0.3655505536599423,0,1
fixed_transform_remove_only,3543,2025-08-29,2025-09-08,-0.0110053842475337,2025,2025-06-30,learned_order_extension,20260910,0.44478309910174707,0.44478309910174707,0,0
fixed_transform_remove_only,3548,2025-09-05,2025-09-15,0.0151594857594405,2025,2025-06-30,learned_order_extension,20260910,0.45442159388203773,0.45442159388203773,0,1
fixed_transform_remove_only,3553,2025-09-12,2025-09-22,-0.0050409160971932,2025,2025-06-30,learned_order_extension,20260910,0.4851949504657414,0.4851949504657414,0,0
fixed_transform_remove_only,3558,2025-09-19,2025-09-29,0.0095300784790881,2025,2025-06-30,learned_order_extension,20260910,0.4673693073576925,0.4673693073576925,0,1
fixed_transform_remove_only,3563,2025-09-26,2025-10-13,-0.0140855274279203,2025,2025-06-30,learned_order_extension,20260910,0.45402049835966646,0.45402049835966646,0,0
fixed_transform_remove_only,3503,2025-07-04,2025-07-14,0.0110426949002964,2025,2025-06-30,learned_order_offset,20260910,0.7552072441420823,0.7552072441420823,1,1
fixed_transform_remove_only,3508,2025-07-11,2025-07-21,0.0120759671840067,2025,2025-06-30,learned_order_offset,20260910,0.8033432684037494,0.8033432684037494,1,1
fixed_transform_remove_only,3513,2025-07-18,2025-07-28,0.0143570766898375,2025,2025-06-30,learned_order_offset,20260910,0.39528549930921875,0.39528549930921875,0,1
fixed_transform_remove_only,3518,2025-07-25,2025-08-04,-0.0218642507630443,2025,2025-06-30,learned_order_offset,20260910,0.48394858159543014,0.48394858159543014,0,0
fixed_transform_remove_only,3523,2025-08-01,2025-08-11,0.0179175520190988,2025,2025-06-30,learned_order_offset,20260910,0.5041077429041242,0.5041077429041242,1,1
fixed_transform_remove_only,3528,2025-08-08,2025-08-18,0.026265786598999,2025,2025-06-30,learned_order_offset,20260910,0.30468765951531135,0.30468765951531135,0,1
fixed_transform_remove_only,3533,2025-08-15,2025-08-25,0.0469483790671487,2025,2025-06-30,learned_order_offset,20260910,0.34414208597529294,0.34414208597529294,0,1
fixed_transform_remove_only,3538,2025-08-22,2025-09-01,0.0227770368340847,2025,2025-06-30,learned_order_offset,20260910,0.36495678273956067,0.36495678273956067,0,1
fixed_transform_remove_only,3543,2025-08-29,2025-09-08,-0.0110053842475337,2025,2025-06-30,learned_order_offset,20260910,0.4440483586930317,0.4440483586930317,0,0
fixed_transform_remove_only,3548,2025-09-05,2025-09-15,0.0151594857594405,2025,2025-06-30,learned_order_offset,20260910,0.4540227941621755,0.4540227941621755,0,1
fixed_transform_remove_only,3553,2025-09-12,2025-09-22,-0.0050409160971932,2025,2025-06-30,learned_order_offset,20260910,0.48487463614712084,0.48487463614712084,0,0
fixed_transform_remove_only,3558,2025-09-19,2025-09-29,0.0095300784790881,2025,2025-06-30,learned_order_offset,20260910,0.4686092388848679,0.4686092388848679,0,1
fixed_transform_remove_only,3563,2025-09-26,2025-10-13,-0.0140855274279203,2025,2025-06-30,learned_order_offset,20260910,0.45526728530597116,0.45526728530597116,0,0
fixed_transform_remove_only,3503,2025-07-04,2025-07-14,0.0110426949002964,2025,2025-06-30,learned_market,20260911,0.647905476635806,0.647905476635806,1,1
fixed_transform_remove_only,3508,2025-07-11,2025-07-21,0.0120759671840067,2025,2025-06-30,learned_market,20260911,0.4180794513709518,0.4180794513709518,0,1
fixed_transform_remove_only,3513,2025-07-18,2025-07-28,0.0143570766898375,2025,2025-06-30,learned_market,20260911,0.4548692930680047,0.4548692930680047,0,1
fixed_transform_remove_only,3518,2025-07-25,2025-08-04,-0.0218642507630443,2025,2025-06-30,learned_market,20260911,0.417314551493345,0.417314551493345,0,0
fixed_transform_remove_only,3523,2025-08-01,2025-08-11,0.0179175520190988,2025,2025-06-30,learned_market,20260911,0.3788174023973516,0.3788174023973516,0,1
fixed_transform_remove_only,3528,2025-08-08,2025-08-18,0.026265786598999,2025,2025-06-30,learned_market,20260911,0.22058052958482066,0.22058052958482066,0,1
fixed_transform_remove_only,3533,2025-08-15,2025-08-25,0.0469483790671487,2025,2025-06-30,learned_market,20260911,0.42834173238867645,0.42834173238867645,0,1
fixed_transform_remove_only,3538,2025-08-22,2025-09-01,0.0227770368340847,2025,2025-06-30,learned_market,20260911,0.2794993811448164,0.2794993811448164,0,1
fixed_transform_remove_only,3543,2025-08-29,2025-09-08,-0.0110053842475337,2025,2025-06-30,learned_market,20260911,0.37079898080213824,0.37079898080213824,0,0
fixed_transform_remove_only,3548,2025-09-05,2025-09-15,0.0151594857594405,2025,2025-06-30,learned_market,20260911,0.35649112914328124,0.35649112914328124,0,1
fixed_transform_remove_only,3553,2025-09-12,2025-09-22,-0.0050409160971932,2025,2025-06-30,learned_market,20260911,0.4841895955316568,0.4841895955316568,0,0
fixed_transform_remove_only,3558,2025-09-19,2025-09-29,0.0095300784790881,2025,2025-06-30,learned_market,20260911,0.3703300002717908,0.3703300002717908,0,1
fixed_transform_remove_only,3563,2025-09-26,2025-10-13,-0.0140855274279203,2025,2025-06-30,learned_market,20260911,0.39916340796083,0.39916340796083,0,0
fixed_transform_remove_only,3503,2025-07-04,2025-07-14,0.0110426949002964,2025,2025-06-30,learned_vol_interaction,20260911,0.6795348074226762,0.6795348074226762,1,1
fixed_transform_remove_only,3508,2025-07-11,2025-07-21,0.0120759671840067,2025,2025-06-30,learned_vol_interaction,20260911,0.4234260960761968,0.4234260960761968,0,1
fixed_transform_remove_only,3513,2025-07-18,2025-07-28,0.0143570766898375,2025,2025-06-30,learned_vol_interaction,20260911,0.460595048193797,0.460595048193797,0,1
fixed_transform_remove_only,3518,2025-07-25,2025-08-04,-0.0218642507630443,2025,2025-06-30,learned_vol_interaction,20260911,0.39862150260984097,0.39862150260984097,0,0
fixed_transform_remove_only,3523,2025-08-01,2025-08-11,0.0179175520190988,2025,2025-06-30,learned_vol_interaction,20260911,0.3614066695345469,0.3614066695345469,0,1
fixed_transform_remove_only,3528,2025-08-08,2025-08-18,0.026265786598999,2025,2025-06-30,learned_vol_interaction,20260911,0.20057974653884222,0.20057974653884222,0,1
fixed_transform_remove_only,3533,2025-08-15,2025-08-25,0.0469483790671487,2025,2025-06-30,learned_vol_interaction,20260911,0.419600141689467,0.419600141689467,0,1
fixed_transform_remove_only,3538,2025-08-22,2025-09-01,0.0227770368340847,2025,2025-06-30,learned_vol_interaction,20260911,0.25241167943707926,0.25241167943707926,0,1
fixed_transform_remove_only,3543,2025-08-29,2025-09-08,-0.0110053842475337,2025,2025-06-30,learned_vol_interaction,20260911,0.3460504150737382,0.3460504150737382,0,0
fixed_transform_remove_only,3548,2025-09-05,2025-09-15,0.0151594857594405,2025,2025-06-30,learned_vol_interaction,20260911,0.3394547421033367,0.3394547421033367,0,1
fixed_transform_remove_only,3553,2025-09-12,2025-09-22,-0.0050409160971932,2025,2025-06-30,learned_vol_interaction,20260911,0.4607994055639423,0.4607994055639423,0,0
fixed_transform_remove_only,3558,2025-09-19,2025-09-29,0.0095300784790881,2025,2025-06-30,learned_vol_interaction,20260911,0.3634559820315738,0.3634559820315738,0,1
fixed_transform_remove_only,3563,2025-09-26,2025-10-13,-0.0140855274279203,2025,2025-06-30,learned_vol_interaction,20260911,0.3835020872320367,0.3835020872320367,0,0
fixed_transform_remove_only,3503,2025-07-04,2025-07-14,0.0110426949002964,2025,2025-06-30,learned_order_extension,20260911,0.692141470181151,0.692141470181151,1,1
fixed_transform_remove_only,3508,2025-07-11,2025-07-21,0.0120759671840067,2025,2025-06-30,learned_order_extension,20260911,0.4237897072096239,0.4237897072096239,0,1
fixed_transform_remove_only,3513,2025-07-18,2025-07-28,0.0143570766898375,2025,2025-06-30,learned_order_extension,20260911,0.4604204573757014,0.4604204573757014,0,1
fixed_transform_remove_only,3518,2025-07-25,2025-08-04,-0.0218642507630443,2025,2025-06-30,learned_order_extension,20260911,0.40445861822409945,0.40445861822409945,0,0
fixed_transform_remove_only,3523,2025-08-01,2025-08-11,0.0179175520190988,2025,2025-06-30,learned_order_extension,20260911,0.3615462826328362,0.3615462826328362,0,1
fixed_transform_remove_only,3528,2025-08-08,2025-08-18,0.026265786598999,2025,2025-06-30,learned_order_extension,20260911,0.1922526130228607,0.1922526130228607,0,1
fixed_transform_remove_only,3533,2025-08-15,2025-08-25,0.0469483790671487,2025,2025-06-30,learned_order_extension,20260911,0.41916879961823234,0.41916879961823234,0,1
fixed_transform_remove_only,3538,2025-08-22,2025-09-01,0.0227770368340847,2025,2025-06-30,learned_order_extension,20260911,0.26868668415506547,0.26868668415506547,0,1
fixed_transform_remove_only,3543,2025-08-29,2025-09-08,-0.0110053842475337,2025,2025-06-30,learned_order_extension,20260911,0.3455593508299822,0.3455593508299822,0,0
fixed_transform_remove_only,3548,2025-09-05,2025-09-15,0.0151594857594405,2025,2025-06-30,learned_order_extension,20260911,0.3351365098231421,0.3351365098231421,0,1
fixed_transform_remove_only,3553,2025-09-12,2025-09-22,-0.0050409160971932,2025,2025-06-30,learned_order_extension,20260911,0.46768139602386594,0.46768139602386594,0,0
fixed_transform_remove_only,3558,2025-09-19,2025-09-29,0.0095300784790881,2025,2025-06-30,learned_order_extension,20260911,0.3804627332188034,0.3804627332188034,0,1
fixed_transform_remove_only,3563,2025-09-26,2025-10-13,-0.0140855274279203,2025,2025-06-30,learned_order_extension,20260911,0.39606155881873445,0.39606155881873445,0,0
fixed_transform_remove_only,3503,2025-07-04,2025-07-14,0.0110426949002964,2025,2025-06-30,learned_order_offset,20260911,0.696441777124757,0.696441777124757,1,1
fixed_transform_remove_only,3508,2025-07-11,2025-07-21,0.0120759671840067,2025,2025-06-30,learned_order_offset,20260911,0.42448927384174157,0.42448927384174157,0,1
fixed_transform_remove_only,3513,2025-07-18,2025-07-28,0.0143570766898375,2025,2025-06-30,learned_order_offset,20260911,0.4612323957985339,0.4612323957985339,0,1
fixed_transform_remove_only,3518,2025-07-25,2025-08-04,-0.0218642507630443,2025,2025-06-30,learned_order_offset,20260911,0.40286914306445304,0.40286914306445304,0,0
fixed_transform_remove_only,3523,2025-08-01,2025-08-11,0.0179175520190988,2025,2025-06-30,learned_order_offset,20260911,0.35945760637946494,0.35945760637946494,0,1
fixed_transform_remove_only,3528,2025-08-08,2025-08-18,0.026265786598999,2025,2025-06-30,learned_order_offset,20260911,0.19073070328679037,0.19073070328679037,0,1
fixed_transform_remove_only,3533,2025-08-15,2025-08-25,0.0469483790671487,2025,2025-06-30,learned_order_offset,20260911,0.41964438732753917,0.41964438732753917,0,1
fixed_transform_remove_only,3538,2025-08-22,2025-09-01,0.0227770368340847,2025,2025-06-30,learned_order_offset,20260911,0.26651143226731766,0.26651143226731766,0,1
fixed_transform_remove_only,3543,2025-08-29,2025-09-08,-0.0110053842475337,2025,2025-06-30,learned_order_offset,20260911,0.3462029007609444,0.3462029007609444,0,0
fixed_transform_remove_only,3548,2025-09-05,2025-09-15,0.0151594857594405,2025,2025-06-30,learned_order_offset,20260911,0.3342916682513549,0.3342916682513549,0,1
fixed_transform_remove_only,3553,2025-09-12,2025-09-22,-0.0050409160971932,2025,2025-06-30,learned_order_offset,20260911,0.4678978464331781,0.4678978464331781,0,0
fixed_transform_remove_only,3558,2025-09-19,2025-09-29,0.0095300784790881,2025,2025-06-30,learned_order_offset,20260911,0.3782938967218371,0.3782938967218371,0,1
fixed_transform_remove_only,3563,2025-09-26,2025-10-13,-0.0140855274279203,2025,2025-06-30,learned_order_offset,20260911,0.3941230249201177,0.3941230249201177,0,0
fixed_transform_remove_only,3503,2025-07-04,2025-07-14,0.0110426949002964,2025,2025-06-30,learned_market,20260912,0.36202051795635726,0.36202051795635726,0,1
fixed_transform_remove_only,3508,2025-07-11,2025-07-21,0.0120759671840067,2025,2025-06-30,learned_market,20260912,0.4829616550529086,0.4829616550529086,0,1
fixed_transform_remove_only,3513,2025-07-18,2025-07-28,0.0143570766898375,2025,2025-06-30,learned_market,20260912,0.6677082232081354,0.6677082232081354,1,1
fixed_transform_remove_only,3518,2025-07-25,2025-08-04,-0.0218642507630443,2025,2025-06-30,learned_market,20260912,0.45655835523911886,0.45655835523911886,0,0
fixed_transform_remove_only,3523,2025-08-01,2025-08-11,0.0179175520190988,2025,2025-06-30,learned_market,20260912,0.5344318865262622,0.5344318865262622,1,1
fixed_transform_remove_only,3528,2025-08-08,2025-08-18,0.026265786598999,2025,2025-06-30,learned_market,20260912,0.24526822870139153,0.24526822870139153,0,1
fixed_transform_remove_only,3533,2025-08-15,2025-08-25,0.0469483790671487,2025,2025-06-30,learned_market,20260912,0.3927823531124126,0.3927823531124126,0,1
fixed_transform_remove_only,3538,2025-08-22,2025-09-01,0.0227770368340847,2025,2025-06-30,learned_market,20260912,0.28109688550248385,0.28109688550248385,0,1
fixed_transform_remove_only,3543,2025-08-29,2025-09-08,-0.0110053842475337,2025,2025-06-30,learned_market,20260912,0.6232051882726124,0.6232051882726124,1,0
fixed_transform_remove_only,3548,2025-09-05,2025-09-15,0.0151594857594405,2025,2025-06-30,learned_market,20260912,0.3584760807904742,0.3584760807904742,0,1
fixed_transform_remove_only,3553,2025-09-12,2025-09-22,-0.0050409160971932,2025,2025-06-30,learned_market,20260912,0.5827365536733896,0.5827365536733896,1,0
fixed_transform_remove_only,3558,2025-09-19,2025-09-29,0.0095300784790881,2025,2025-06-30,learned_market,20260912,0.3048804940827715,0.3048804940827715,0,1
fixed_transform_remove_only,3563,2025-09-26,2025-10-13,-0.0140855274279203,2025,2025-06-30,learned_market,20260912,0.44999766956186227,0.44999766956186227,0,0
fixed_transform_remove_only,3503,2025-07-04,2025-07-14,0.0110426949002964,2025,2025-06-30,learned_vol_interaction,20260912,0.3592764569994179,0.3592764569994179,0,1
fixed_transform_remove_only,3508,2025-07-11,2025-07-21,0.0120759671840067,2025,2025-06-30,learned_vol_interaction,20260912,0.4963841162935599,0.4963841162935599,0,1
fixed_transform_remove_only,3513,2025-07-18,2025-07-28,0.0143570766898375,2025,2025-06-30,learned_vol_interaction,20260912,0.6931809330620999,0.6931809330620999,1,1
fixed_transform_remove_only,3518,2025-07-25,2025-08-04,-0.0218642507630443,2025,2025-06-30,learned_vol_interaction,20260912,0.46623811187196623,0.46623811187196623,0,0
fixed_transform_remove_only,3523,2025-08-01,2025-08-11,0.0179175520190988,2025,2025-06-30,learned_vol_interaction,20260912,0.5498187857212767,0.5498187857212767,1,1
fixed_transform_remove_only,3528,2025-08-08,2025-08-18,0.026265786598999,2025,2025-06-30,learned_vol_interaction,20260912,0.22870462585015952,0.22870462585015952,0,1
fixed_transform_remove_only,3533,2025-08-15,2025-08-25,0.0469483790671487,2025,2025-06-30,learned_vol_interaction,20260912,0.3916090331293519,0.3916090331293519,0,1
fixed_transform_remove_only,3538,2025-08-22,2025-09-01,0.0227770368340847,2025,2025-06-30,learned_vol_interaction,20260912,0.27133864610191905,0.27133864610191905,0,1
fixed_transform_remove_only,3543,2025-08-29,2025-09-08,-0.0110053842475337,2025,2025-06-30,learned_vol_interaction,20260912,0.6312998209413794,0.6312998209413794,1,0
fixed_transform_remove_only,3548,2025-09-05,2025-09-15,0.0151594857594405,2025,2025-06-30,learned_vol_interaction,20260912,0.3495646626600432,0.3495646626600432,0,1
fixed_transform_remove_only,3553,2025-09-12,2025-09-22,-0.0050409160971932,2025,2025-06-30,learned_vol_interaction,20260912,0.5691818230715687,0.5691818230715687,1,0
fixed_transform_remove_only,3558,2025-09-19,2025-09-29,0.0095300784790881,2025,2025-06-30,learned_vol_interaction,20260912,0.30006989610196655,0.30006989610196655,0,1
fixed_transform_remove_only,3563,2025-09-26,2025-10-13,-0.0140855274279203,2025,2025-06-30,learned_vol_interaction,20260912,0.4423118824567936,0.4423118824567936,0,0
fixed_transform_remove_only,3503,2025-07-04,2025-07-14,0.0110426949002964,2025,2025-06-30,learned_order_extension,20260912,0.3669177526053947,0.3669177526053947,0,1
fixed_transform_remove_only,3508,2025-07-11,2025-07-21,0.0120759671840067,2025,2025-06-30,learned_order_extension,20260912,0.5055714383693483,0.5055714383693483,1,1
fixed_transform_remove_only,3513,2025-07-18,2025-07-28,0.0143570766898375,2025,2025-06-30,learned_order_extension,20260912,0.7056626001601496,0.7056626001601496,1,1
fixed_transform_remove_only,3518,2025-07-25,2025-08-04,-0.0218642507630443,2025,2025-06-30,learned_order_extension,20260912,0.42991837965868607,0.42991837965868607,0,0
fixed_transform_remove_only,3523,2025-08-01,2025-08-11,0.0179175520190988,2025,2025-06-30,learned_order_extension,20260912,0.5039680399060392,0.5039680399060392,1,1
fixed_transform_remove_only,3528,2025-08-08,2025-08-18,0.026265786598999,2025,2025-06-30,learned_order_extension,20260912,0.23602515367086505,0.23602515367086505,0,1
fixed_transform_remove_only,3533,2025-08-15,2025-08-25,0.0469483790671487,2025,2025-06-30,learned_order_extension,20260912,0.393303370168208,0.393303370168208,0,1
fixed_transform_remove_only,3538,2025-08-22,2025-09-01,0.0227770368340847,2025,2025-06-30,learned_order_extension,20260912,0.25793992294084234,0.25793992294084234,0,1
fixed_transform_remove_only,3543,2025-08-29,2025-09-08,-0.0110053842475337,2025,2025-06-30,learned_order_extension,20260912,0.6466587195291293,0.6466587195291293,1,0
fixed_transform_remove_only,3548,2025-09-05,2025-09-15,0.0151594857594405,2025,2025-06-30,learned_order_extension,20260912,0.35111527853541885,0.35111527853541885,0,1
fixed_transform_remove_only,3553,2025-09-12,2025-09-22,-0.0050409160971932,2025,2025-06-30,learned_order_extension,20260912,0.5559674187627248,0.5559674187627248,1,0
fixed_transform_remove_only,3558,2025-09-19,2025-09-29,0.0095300784790881,2025,2025-06-30,learned_order_extension,20260912,0.27845596225781266,0.27845596225781266,0,1
fixed_transform_remove_only,3563,2025-09-26,2025-10-13,-0.0140855274279203,2025,2025-06-30,learned_order_extension,20260912,0.4413282372748845,0.4413282372748845,0,0
fixed_transform_remove_only,3503,2025-07-04,2025-07-14,0.0110426949002964,2025,2025-06-30,learned_order_offset,20260912,0.3619496690693718,0.3619496690693718,0,1
fixed_transform_remove_only,3508,2025-07-11,2025-07-21,0.0120759671840067,2025,2025-06-30,learned_order_offset,20260912,0.5015464047479457,0.5015464047479457,1,1
fixed_transform_remove_only,3513,2025-07-18,2025-07-28,0.0143570766898375,2025,2025-06-30,learned_order_offset,20260912,0.6955977426398531,0.6955977426398531,1,1
fixed_transform_remove_only,3518,2025-07-25,2025-08-04,-0.0218642507630443,2025,2025-06-30,learned_order_offset,20260912,0.42041196678004766,0.42041196678004766,0,0
fixed_transform_remove_only,3523,2025-08-01,2025-08-11,0.0179175520190988,2025,2025-06-30,learned_order_offset,20260912,0.49968837407474004,0.49968837407474004,0,1
fixed_transform_remove_only,3528,2025-08-08,2025-08-18,0.026265786598999,2025,2025-06-30,learned_order_offset,20260912,0.233590833341208,0.233590833341208,0,1
fixed_transform_remove_only,3533,2025-08-15,2025-08-25,0.0469483790671487,2025,2025-06-30,learned_order_offset,20260912,0.38904374640835276,0.38904374640835276,0,1
fixed_transform_remove_only,3538,2025-08-22,2025-09-01,0.0227770368340847,2025,2025-06-30,learned_order_offset,20260912,0.25655963806163756,0.25655963806163756,0,1
fixed_transform_remove_only,3543,2025-08-29,2025-09-08,-0.0110053842475337,2025,2025-06-30,learned_order_offset,20260912,0.6392780043658216,0.6392780043658216,1,0
fixed_transform_remove_only,3548,2025-09-05,2025-09-15,0.0151594857594405,2025,2025-06-30,learned_order_offset,20260912,0.3515580324519762,0.3515580324519762,0,1
fixed_transform_remove_only,3553,2025-09-12,2025-09-22,-0.0050409160971932,2025,2025-06-30,learned_order_offset,20260912,0.5530961277988113,0.5530961277988113,1,0
fixed_transform_remove_only,3558,2025-09-19,2025-09-29,0.0095300784790881,2025,2025-06-30,learned_order_offset,20260912,0.2819464108443632,0.2819464108443632,0,1
fixed_transform_remove_only,3563,2025-09-26,2025-10-13,-0.0140855274279203,2025,2025-06-30,learned_order_offset,20260912,0.44122650336239316,0.44122650336239316,0,0
fixed_transform_remove_only,3503,2025-07-04,2025-07-14,0.0110426949002964,2025,2025-06-30,training_frequency,-1,0.45821854912764004,0.45821854912764004,0,1
fixed_transform_remove_only,3508,2025-07-11,2025-07-21,0.0120759671840067,2025,2025-06-30,training_frequency,-1,0.45821854912764004,0.45821854912764004,0,1
fixed_transform_remove_only,3513,2025-07-18,2025-07-28,0.0143570766898375,2025,2025-06-30,training_frequency,-1,0.45821854912764004,0.45821854912764004,0,1
fixed_transform_remove_only,3518,2025-07-25,2025-08-04,-0.0218642507630443,2025,2025-06-30,training_frequency,-1,0.45821854912764004,0.45821854912764004,0,0
fixed_transform_remove_only,3523,2025-08-01,2025-08-11,0.0179175520190988,2025,2025-06-30,training_frequency,-1,0.45821854912764004,0.45821854912764004,0,1
fixed_transform_remove_only,3528,2025-08-08,2025-08-18,0.026265786598999,2025,2025-06-30,training_frequency,-1,0.45821854912764004,0.45821854912764004,0,1
fixed_transform_remove_only,3533,2025-08-15,2025-08-25,0.0469483790671487,2025,2025-06-30,training_frequency,-1,0.45821854912764004,0.45821854912764004,0,1
fixed_transform_remove_only,3538,2025-08-22,2025-09-01,0.0227770368340847,2025,2025-06-30,training_frequency,-1,0.45821854912764004,0.45821854912764004,0,1
fixed_transform_remove_only,3543,2025-08-29,2025-09-08,-0.0110053842475337,2025,2025-06-30,training_frequency,-1,0.45821854912764004,0.45821854912764004,0,0
fixed_transform_remove_only,3548,2025-09-05,2025-09-15,0.0151594857594405,2025,2025-06-30,training_frequency,-1,0.45821854912764004,0.45821854912764004,0,1
fixed_transform_remove_only,3553,2025-09-12,2025-09-22,-0.0050409160971932,2025,2025-06-30,training_frequency,-1,0.45821854912764004,0.45821854912764004,0,0
fixed_transform_remove_only,3558,2025-09-19,2025-09-29,0.0095300784790881,2025,2025-06-30,training_frequency,-1,0.45821854912764004,0.45821854912764004,0,1
fixed_transform_remove_only,3563,2025-09-26,2025-10-13,-0.0140855274279203,2025,2025-06-30,training_frequency,-1,0.45821854912764004,0.45821854912764004,0,0
fixed_transform_remove_only,3567,2025-10-10,2025-10-20,0.015001547584321,2025,2025-09-30,learned_market,20260910,0.4235357495478252,0.4235357495478252,0,1
fixed_transform_remove_only,3572,2025-10-17,2025-10-27,0.0309637052897611,2025,2025-09-30,learned_market,20260910,0.4181302478586557,0.4181302478586557,0,1
fixed_transform_remove_only,3577,2025-10-24,2025-11-03,-0.013331545863497,2025,2025-09-30,learned_market,20260910,0.4126094711340594,0.4126094711340594,0,0
fixed_transform_remove_only,3582,2025-10-31,2025-11-10,0.0110832418536339,2025,2025-09-30,learned_market,20260910,0.4063228875956986,0.4063228875956986,0,1
fixed_transform_remove_only,3587,2025-11-07,2025-11-17,-0.0152107881197579,2025,2025-09-30,learned_market,20260910,0.4081517547203394,0.4081517547203394,0,0
fixed_transform_remove_only,3592,2025-11-14,2025-11-24,-0.031114557454173,2025,2025-09-30,learned_market,20260910,0.362642698360172,0.362642698360172,0,0
fixed_transform_remove_only,3597,2025-11-21,2025-12-01,0.0147613767448515,2025,2025-09-30,learned_market,20260910,0.3364671290354377,0.3364671290354377,0,1
fixed_transform_remove_only,3602,2025-11-28,2025-12-08,0.0118853804313106,2025,2025-09-30,learned_market,20260910,0.3364436554000495,0.3364436554000495,0,1
fixed_transform_remove_only,3607,2025-12-05,2025-12-15,-0.0093922675990717,2025,2025-09-30,learned_market,20260910,0.3449718216306483,0.3449718216306483,0,0
fixed_transform_remove_only,3612,2025-12-12,2025-12-22,0.0082791208791208,2025,2025-09-30,learned_market,20260910,0.37720873202166694,0.37720873202166694,0,1
fixed_transform_remove_only,3617,2025-12-19,2025-12-29,0.0153890755001995,2025,2025-09-30,learned_market,20260910,0.5553979430964724,0.5553979430964724,1,1
fixed_transform_remove_only,3622,2025-12-26,2026-01-12,0.0239101640737868,2025,2025-09-30,learned_market,20260910,0.3168075659935011,0.3168075659935011,0,1
fixed_transform_remove_only,3567,2025-10-10,2025-10-20,0.015001547584321,2025,2025-09-30,learned_vol_interaction,20260910,0.4257853689770942,0.4257853689770942,0,1
fixed_transform_remove_only,3572,2025-10-17,2025-10-27,0.0309637052897611,2025,2025-09-30,learned_vol_interaction,20260910,0.41544892117074256,0.41544892117074256,0,1
fixed_transform_remove_only,3577,2025-10-24,2025-11-03,-0.013331545863497,2025,2025-09-30,learned_vol_interaction,20260910,0.4119954587405553,0.4119954587405553,0,0
fixed_transform_remove_only,3582,2025-10-31,2025-11-10,0.0110832418536339,2025,2025-09-30,learned_vol_interaction,20260910,0.4223626438560311,0.4223626438560311,0,1
fixed_transform_remove_only,3587,2025-11-07,2025-11-17,-0.0152107881197579,2025,2025-09-30,learned_vol_interaction,20260910,0.40289405541101064,0.40289405541101064,0,0
fixed_transform_remove_only,3592,2025-11-14,2025-11-24,-0.031114557454173,2025,2025-09-30,learned_vol_interaction,20260910,0.3645759227792128,0.3645759227792128,0,0
fixed_transform_remove_only,3597,2025-11-21,2025-12-01,0.0147613767448515,2025,2025-09-30,learned_vol_interaction,20260910,0.3456544540525337,0.3456544540525337,0,1
fixed_transform_remove_only,3602,2025-11-28,2025-12-08,0.0118853804313106,2025,2025-09-30,learned_vol_interaction,20260910,0.3229514953154548,0.3229514953154548,0,1
fixed_transform_remove_only,3607,2025-12-05,2025-12-15,-0.0093922675990717,2025,2025-09-30,learned_vol_interaction,20260910,0.34976560223747605,0.34976560223747605,0,0
fixed_transform_remove_only,3612,2025-12-12,2025-12-22,0.0082791208791208,2025,2025-09-30,learned_vol_interaction,20260910,0.37932121902031996,0.37932121902031996,0,1
fixed_transform_remove_only,3617,2025-12-19,2025-12-29,0.0153890755001995,2025,2025-09-30,learned_vol_interaction,20260910,0.5647513206104219,0.5647513206104219,1,1
fixed_transform_remove_only,3622,2025-12-26,2026-01-12,0.0239101640737868,2025,2025-09-30,learned_vol_interaction,20260910,0.3058811529947475,0.3058811529947475,0,1
fixed_transform_remove_only,3567,2025-10-10,2025-10-20,0.015001547584321,2025,2025-09-30,learned_order_extension,20260910,0.4273215598964177,0.4273215598964177,0,1
fixed_transform_remove_only,3572,2025-10-17,2025-10-27,0.0309637052897611,2025,2025-09-30,learned_order_extension,20260910,0.4162741610586496,0.4162741610586496,0,1
fixed_transform_remove_only,3577,2025-10-24,2025-11-03,-0.013331545863497,2025,2025-09-30,learned_order_extension,20260910,0.40965117544113744,0.40965117544113744,0,0
fixed_transform_remove_only,3582,2025-10-31,2025-11-10,0.0110832418536339,2025,2025-09-30,learned_order_extension,20260910,0.4118284166207831,0.4118284166207831,0,1
fixed_transform_remove_only,3587,2025-11-07,2025-11-17,-0.0152107881197579,2025,2025-09-30,learned_order_extension,20260910,0.38273352207216177,0.38273352207216177,0,0
fixed_transform_remove_only,3592,2025-11-14,2025-11-24,-0.031114557454173,2025,2025-09-30,learned_order_extension,20260910,0.34375234012026806,0.34375234012026806,0,0
fixed_transform_remove_only,3597,2025-11-21,2025-12-01,0.0147613767448515,2025,2025-09-30,learned_order_extension,20260910,0.3279678023415543,0.3279678023415543,0,1
fixed_transform_remove_only,3602,2025-11-28,2025-12-08,0.0118853804313106,2025,2025-09-30,learned_order_extension,20260910,0.28910304376999624,0.28910304376999624,0,1
fixed_transform_remove_only,3607,2025-12-05,2025-12-15,-0.0093922675990717,2025,2025-09-30,learned_order_extension,20260910,0.3238807004510957,0.3238807004510957,0,0
fixed_transform_remove_only,3612,2025-12-12,2025-12-22,0.0082791208791208,2025,2025-09-30,learned_order_extension,20260910,0.3761983343639809,0.3761983343639809,0,1
fixed_transform_remove_only,3617,2025-12-19,2025-12-29,0.0153890755001995,2025,2025-09-30,learned_order_extension,20260910,0.6191432114299813,0.6191432114299813,1,1
fixed_transform_remove_only,3622,2025-12-26,2026-01-12,0.0239101640737868,2025,2025-09-30,learned_order_extension,20260910,0.3019780764104998,0.3019780764104998,0,1
fixed_transform_remove_only,3567,2025-10-10,2025-10-20,0.015001547584321,2025,2025-09-30,learned_order_offset,20260910,0.4190754393163996,0.4190754393163996,0,1
fixed_transform_remove_only,3572,2025-10-17,2025-10-27,0.0309637052897611,2025,2025-09-30,learned_order_offset,20260910,0.41008527251324567,0.41008527251324567,0,1
fixed_transform_remove_only,3577,2025-10-24,2025-11-03,-0.013331545863497,2025,2025-09-30,learned_order_offset,20260910,0.4027201194994219,0.4027201194994219,0,0
fixed_transform_remove_only,3582,2025-10-31,2025-11-10,0.0110832418536339,2025,2025-09-30,learned_order_offset,20260910,0.405007633383408,0.405007633383408,0,1
fixed_transform_remove_only,3587,2025-11-07,2025-11-17,-0.0152107881197579,2025,2025-09-30,learned_order_offset,20260910,0.37692054809308856,0.37692054809308856,0,0
fixed_transform_remove_only,3592,2025-11-14,2025-11-24,-0.031114557454173,2025,2025-09-30,learned_order_offset,20260910,0.33898977460540136,0.33898977460540136,0,0
fixed_transform_remove_only,3597,2025-11-21,2025-12-01,0.0147613767448515,2025,2025-09-30,learned_order_offset,20260910,0.3251925542141924,0.3251925542141924,0,1
fixed_transform_remove_only,3602,2025-11-28,2025-12-08,0.0118853804313106,2025,2025-09-30,learned_order_offset,20260910,0.2882564209570657,0.2882564209570657,0,1
fixed_transform_remove_only,3607,2025-12-05,2025-12-15,-0.0093922675990717,2025,2025-09-30,learned_order_offset,20260910,0.3207730481550096,0.3207730481550096,0,0
fixed_transform_remove_only,3612,2025-12-12,2025-12-22,0.0082791208791208,2025,2025-09-30,learned_order_offset,20260910,0.37417869067366466,0.37417869067366466,0,1
fixed_transform_remove_only,3617,2025-12-19,2025-12-29,0.0153890755001995,2025,2025-09-30,learned_order_offset,20260910,0.6135719561192301,0.6135719561192301,1,1
fixed_transform_remove_only,3622,2025-12-26,2026-01-12,0.0239101640737868,2025,2025-09-30,learned_order_offset,20260910,0.30331734664618115,0.30331734664618115,0,1
fixed_transform_remove_only,3567,2025-10-10,2025-10-20,0.015001547584321,2025,2025-09-30,learned_market,20260911,0.33174850014067037,0.33174850014067037,0,1
fixed_transform_remove_only,3572,2025-10-17,2025-10-27,0.0309637052897611,2025,2025-09-30,learned_market,20260911,0.3743094100988655,0.3743094100988655,0,1
fixed_transform_remove_only,3577,2025-10-24,2025-11-03,-0.013331545863497,2025,2025-09-30,learned_market,20260911,0.44546560903183574,0.44546560903183574,0,0
fixed_transform_remove_only,3582,2025-10-31,2025-11-10,0.0110832418536339,2025,2025-09-30,learned_market,20260911,0.39610457223966283,0.39610457223966283,0,1
fixed_transform_remove_only,3587,2025-11-07,2025-11-17,-0.0152107881197579,2025,2025-09-30,learned_market,20260911,0.41147128200059363,0.41147128200059363,0,0
fixed_transform_remove_only,3592,2025-11-14,2025-11-24,-0.031114557454173,2025,2025-09-30,learned_market,20260911,0.29776049708491487,0.29776049708491487,0,0
fixed_transform_remove_only,3597,2025-11-21,2025-12-01,0.0147613767448515,2025,2025-09-30,learned_market,20260911,0.3926300172168061,0.3926300172168061,0,1
fixed_transform_remove_only,3602,2025-11-28,2025-12-08,0.0118853804313106,2025,2025-09-30,learned_market,20260911,0.40369381550703765,0.40369381550703765,0,1
fixed_transform_remove_only,3607,2025-12-05,2025-12-15,-0.0093922675990717,2025,2025-09-30,learned_market,20260911,0.4546860263924565,0.4546860263924565,0,0
fixed_transform_remove_only,3612,2025-12-12,2025-12-22,0.0082791208791208,2025,2025-09-30,learned_market,20260911,0.4440069487854108,0.4440069487854108,0,1
fixed_transform_remove_only,3617,2025-12-19,2025-12-29,0.0153890755001995,2025,2025-09-30,learned_market,20260911,0.5467539172819577,0.5467539172819577,1,1
fixed_transform_remove_only,3622,2025-12-26,2026-01-12,0.0239101640737868,2025,2025-09-30,learned_market,20260911,0.5170747201693802,0.5170747201693802,1,1
fixed_transform_remove_only,3567,2025-10-10,2025-10-20,0.015001547584321,2025,2025-09-30,learned_vol_interaction,20260911,0.32218128919533856,0.32218128919533856,0,1
fixed_transform_remove_only,3572,2025-10-17,2025-10-27,0.0309637052897611,2025,2025-09-30,learned_vol_interaction,20260911,0.36616169270339577,0.36616169270339577,0,1
fixed_transform_remove_only,3577,2025-10-24,2025-11-03,-0.013331545863497,2025,2025-09-30,learned_vol_interaction,20260911,0.4338987581677212,0.4338987581677212,0,0
fixed_transform_remove_only,3582,2025-10-31,2025-11-10,0.0110832418536339,2025,2025-09-30,learned_vol_interaction,20260911,0.38624613510975414,0.38624613510975414,0,1
fixed_transform_remove_only,3587,2025-11-07,2025-11-17,-0.0152107881197579,2025,2025-09-30,learned_vol_interaction,20260911,0.39985575324544437,0.39985575324544437,0,0
fixed_transform_remove_only,3592,2025-11-14,2025-11-24,-0.031114557454173,2025,2025-09-30,learned_vol_interaction,20260911,0.29127373558261926,0.29127373558261926,0,0
fixed_transform_remove_only,3597,2025-11-21,2025-12-01,0.0147613767448515,2025,2025-09-30,learned_vol_interaction,20260911,0.38459349580006796,0.38459349580006796,0,1
fixed_transform_remove_only,3602,2025-11-28,2025-12-08,0.0118853804313106,2025,2025-09-30,learned_vol_interaction,20260911,0.3992430780223956,0.3992430780223956,0,1
fixed_transform_remove_only,3607,2025-12-05,2025-12-15,-0.0093922675990717,2025,2025-09-30,learned_vol_interaction,20260911,0.4530704776029561,0.4530704776029561,0,0
fixed_transform_remove_only,3612,2025-12-12,2025-12-22,0.0082791208791208,2025,2025-09-30,learned_vol_interaction,20260911,0.4462078047927904,0.4462078047927904,0,1
fixed_transform_remove_only,3617,2025-12-19,2025-12-29,0.0153890755001995,2025,2025-09-30,learned_vol_interaction,20260911,0.5787518621600931,0.5787518621600931,1,1
fixed_transform_remove_only,3622,2025-12-26,2026-01-12,0.0239101640737868,2025,2025-09-30,learned_vol_interaction,20260911,0.5353128163229514,0.5353128163229514,1,1
fixed_transform_remove_only,3567,2025-10-10,2025-10-20,0.015001547584321,2025,2025-09-30,learned_order_extension,20260911,0.3344056769702123,0.3344056769702123,0,1
fixed_transform_remove_only,3572,2025-10-17,2025-10-27,0.0309637052897611,2025,2025-09-30,learned_order_extension,20260911,0.3691156240883286,0.3691156240883286,0,1
fixed_transform_remove_only,3577,2025-10-24,2025-11-03,-0.013331545863497,2025,2025-09-30,learned_order_extension,20260911,0.4436863520799887,0.4436863520799887,0,0
fixed_transform_remove_only,3582,2025-10-31,2025-11-10,0.0110832418536339,2025,2025-09-30,learned_order_extension,20260911,0.3982227237835784,0.3982227237835784,0,1
fixed_transform_remove_only,3587,2025-11-07,2025-11-17,-0.0152107881197579,2025,2025-09-30,learned_order_extension,20260911,0.4171399073616295,0.4171399073616295,0,0
fixed_transform_remove_only,3592,2025-11-14,2025-11-24,-0.031114557454173,2025,2025-09-30,learned_order_extension,20260911,0.3177641475816412,0.3177641475816412,0,0
fixed_transform_remove_only,3597,2025-11-21,2025-12-01,0.0147613767448515,2025,2025-09-30,learned_order_extension,20260911,0.38225218687903223,0.38225218687903223,0,1
fixed_transform_remove_only,3602,2025-11-28,2025-12-08,0.0118853804313106,2025,2025-09-30,learned_order_extension,20260911,0.3841385140751572,0.3841385140751572,0,1
fixed_transform_remove_only,3607,2025-12-05,2025-12-15,-0.0093922675990717,2025,2025-09-30,learned_order_extension,20260911,0.4320472822891215,0.4320472822891215,0,0
fixed_transform_remove_only,3612,2025-12-12,2025-12-22,0.0082791208791208,2025,2025-09-30,learned_order_extension,20260911,0.4168102582330963,0.4168102582330963,0,1
fixed_transform_remove_only,3617,2025-12-19,2025-12-29,0.0153890755001995,2025,2025-09-30,learned_order_extension,20260911,0.5338802430913467,0.5338802430913467,1,1
fixed_transform_remove_only,3622,2025-12-26,2026-01-12,0.0239101640737868,2025,2025-09-30,learned_order_extension,20260911,0.5181202228701342,0.5181202228701342,1,1
fixed_transform_remove_only,3567,2025-10-10,2025-10-20,0.015001547584321,2025,2025-09-30,learned_order_offset,20260911,0.33983904001721466,0.33983904001721466,0,1
fixed_transform_remove_only,3572,2025-10-17,2025-10-27,0.0309637052897611,2025,2025-09-30,learned_order_offset,20260911,0.3742261544865223,0.3742261544865223,0,1
fixed_transform_remove_only,3577,2025-10-24,2025-11-03,-0.013331545863497,2025,2025-09-30,learned_order_offset,20260911,0.44954828974211947,0.44954828974211947,0,0
fixed_transform_remove_only,3582,2025-10-31,2025-11-10,0.0110832418536339,2025,2025-09-30,learned_order_offset,20260911,0.4034400014505664,0.4034400014505664,0,1
fixed_transform_remove_only,3587,2025-11-07,2025-11-17,-0.0152107881197579,2025,2025-09-30,learned_order_offset,20260911,0.4219253036827459,0.4219253036827459,0,0
fixed_transform_remove_only,3592,2025-11-14,2025-11-24,-0.031114557454173,2025,2025-09-30,learned_order_offset,20260911,0.3215817237462807,0.3215817237462807,0,0
fixed_transform_remove_only,3597,2025-11-21,2025-12-01,0.0147613767448515,2025,2025-09-30,learned_order_offset,20260911,0.3837161282598768,0.3837161282598768,0,1
fixed_transform_remove_only,3602,2025-11-28,2025-12-08,0.0118853804313106,2025,2025-09-30,learned_order_offset,20260911,0.3871787631811462,0.3871787631811462,0,1
fixed_transform_remove_only,3607,2025-12-05,2025-12-15,-0.0093922675990717,2025,2025-09-30,learned_order_offset,20260911,0.4347141050812706,0.4347141050812706,0,0
fixed_transform_remove_only,3612,2025-12-12,2025-12-22,0.0082791208791208,2025,2025-09-30,learned_order_offset,20260911,0.4193672887215294,0.4193672887215294,0,1
fixed_transform_remove_only,3617,2025-12-19,2025-12-29,0.0153890755001995,2025,2025-09-30,learned_order_offset,20260911,0.5402532107332861,0.5402532107332861,1,1
fixed_transform_remove_only,3622,2025-12-26,2026-01-12,0.0239101640737868,2025,2025-09-30,learned_order_offset,20260911,0.522053332244192,0.522053332244192,1,1
fixed_transform_remove_only,3567,2025-10-10,2025-10-20,0.015001547584321,2025,2025-09-30,learned_market,20260912,0.320885491768758,0.320885491768758,0,1
fixed_transform_remove_only,3572,2025-10-17,2025-10-27,0.0309637052897611,2025,2025-09-30,learned_market,20260912,0.26476378883476975,0.26476378883476975,0,1
fixed_transform_remove_only,3577,2025-10-24,2025-11-03,-0.013331545863497,2025,2025-09-30,learned_market,20260912,0.36629078216895783,0.36629078216895783,0,0
fixed_transform_remove_only,3582,2025-10-31,2025-11-10,0.0110832418536339,2025,2025-09-30,learned_market,20260912,0.3082816345271255,0.3082816345271255,0,1
fixed_transform_remove_only,3587,2025-11-07,2025-11-17,-0.0152107881197579,2025,2025-09-30,learned_market,20260912,0.6270353488670706,0.6270353488670706,1,0
fixed_transform_remove_only,3592,2025-11-14,2025-11-24,-0.031114557454173,2025,2025-09-30,learned_market,20260912,0.2838088733163382,0.2838088733163382,0,0
fixed_transform_remove_only,3597,2025-11-21,2025-12-01,0.0147613767448515,2025,2025-09-30,learned_market,20260912,0.41598982172038884,0.41598982172038884,0,1
fixed_transform_remove_only,3602,2025-11-28,2025-12-08,0.0118853804313106,2025,2025-09-30,learned_market,20260912,0.3839170362943222,0.3839170362943222,0,1
fixed_transform_remove_only,3607,2025-12-05,2025-12-15,-0.0093922675990717,2025,2025-09-30,learned_market,20260912,0.33833198518644514,0.33833198518644514,0,0
fixed_transform_remove_only,3612,2025-12-12,2025-12-22,0.0082791208791208,2025,2025-09-30,learned_market,20260912,0.5905178389154602,0.5905178389154602,1,1
fixed_transform_remove_only,3617,2025-12-19,2025-12-29,0.0153890755001995,2025,2025-09-30,learned_market,20260912,0.5841458534266861,0.5841458534266861,1,1
fixed_transform_remove_only,3622,2025-12-26,2026-01-12,0.0239101640737868,2025,2025-09-30,learned_market,20260912,0.47506983204290787,0.47506983204290787,0,1
fixed_transform_remove_only,3567,2025-10-10,2025-10-20,0.015001547584321,2025,2025-09-30,learned_vol_interaction,20260912,0.31219111022925855,0.31219111022925855,0,1
fixed_transform_remove_only,3572,2025-10-17,2025-10-27,0.0309637052897611,2025,2025-09-30,learned_vol_interaction,20260912,0.25920298145940757,0.25920298145940757,0,1
fixed_transform_remove_only,3577,2025-10-24,2025-11-03,-0.013331545863497,2025,2025-09-30,learned_vol_interaction,20260912,0.35898279203299643,0.35898279203299643,0,0
fixed_transform_remove_only,3582,2025-10-31,2025-11-10,0.0110832418536339,2025,2025-09-30,learned_vol_interaction,20260912,0.3020083833271436,0.3020083833271436,0,1
fixed_transform_remove_only,3587,2025-11-07,2025-11-17,-0.0152107881197579,2025,2025-09-30,learned_vol_interaction,20260912,0.618685495226124,0.618685495226124,1,0
fixed_transform_remove_only,3592,2025-11-14,2025-11-24,-0.031114557454173,2025,2025-09-30,learned_vol_interaction,20260912,0.27365856128352517,0.27365856128352517,0,0
fixed_transform_remove_only,3597,2025-11-21,2025-12-01,0.0147613767448515,2025,2025-09-30,learned_vol_interaction,20260912,0.412240023271141,0.412240023271141,0,1
fixed_transform_remove_only,3602,2025-11-28,2025-12-08,0.0118853804313106,2025,2025-09-30,learned_vol_interaction,20260912,0.38344148857075594,0.38344148857075594,0,1
fixed_transform_remove_only,3607,2025-12-05,2025-12-15,-0.0093922675990717,2025,2025-09-30,learned_vol_interaction,20260912,0.33570537018248087,0.33570537018248087,0,0
fixed_transform_remove_only,3612,2025-12-12,2025-12-22,0.0082791208791208,2025,2025-09-30,learned_vol_interaction,20260912,0.603686928532379,0.603686928532379,1,1
fixed_transform_remove_only,3617,2025-12-19,2025-12-29,0.0153890755001995,2025,2025-09-30,learned_vol_interaction,20260912,0.6003699321537174,0.6003699321537174,1,1
fixed_transform_remove_only,3622,2025-12-26,2026-01-12,0.0239101640737868,2025,2025-09-30,learned_vol_interaction,20260912,0.479867437997772,0.479867437997772,0,1
fixed_transform_remove_only,3567,2025-10-10,2025-10-20,0.015001547584321,2025,2025-09-30,learned_order_extension,20260912,0.3018565523923656,0.3018565523923656,0,1
fixed_transform_remove_only,3572,2025-10-17,2025-10-27,0.0309637052897611,2025,2025-09-30,learned_order_extension,20260912,0.2622035678568638,0.2622035678568638,0,1
fixed_transform_remove_only,3577,2025-10-24,2025-11-03,-0.013331545863497,2025,2025-09-30,learned_order_extension,20260912,0.35630454098887027,0.35630454098887027,0,0
fixed_transform_remove_only,3582,2025-10-31,2025-11-10,0.0110832418536339,2025,2025-09-30,learned_order_extension,20260912,0.28915568355429333,0.28915568355429333,0,1
fixed_transform_remove_only,3587,2025-11-07,2025-11-17,-0.0152107881197579,2025,2025-09-30,learned_order_extension,20260912,0.6696875799161033,0.6696875799161033,1,0
fixed_transform_remove_only,3592,2025-11-14,2025-11-24,-0.031114557454173,2025,2025-09-30,learned_order_extension,20260912,0.2539079494399754,0.2539079494399754,0,0
fixed_transform_remove_only,3597,2025-11-21,2025-12-01,0.0147613767448515,2025,2025-09-30,learned_order_extension,20260912,0.43922070971073374,0.43922070971073374,0,1
fixed_transform_remove_only,3602,2025-11-28,2025-12-08,0.0118853804313106,2025,2025-09-30,learned_order_extension,20260912,0.393322812129914,0.393322812129914,0,1
fixed_transform_remove_only,3607,2025-12-05,2025-12-15,-0.0093922675990717,2025,2025-09-30,learned_order_extension,20260912,0.34904736881650206,0.34904736881650206,0,0
fixed_transform_remove_only,3612,2025-12-12,2025-12-22,0.0082791208791208,2025,2025-09-30,learned_order_extension,20260912,0.655955186248248,0.655955186248248,1,1
fixed_transform_remove_only,3617,2025-12-19,2025-12-29,0.0153890755001995,2025,2025-09-30,learned_order_extension,20260912,0.6578919603702513,0.6578919603702513,1,1
fixed_transform_remove_only,3622,2025-12-26,2026-01-12,0.0239101640737868,2025,2025-09-30,learned_order_extension,20260912,0.5006040296469934,0.5006040296469934,1,1
fixed_transform_remove_only,3567,2025-10-10,2025-10-20,0.015001547584321,2025,2025-09-30,learned_order_offset,20260912,0.296112133742014,0.296112133742014,0,1
fixed_transform_remove_only,3572,2025-10-17,2025-10-27,0.0309637052897611,2025,2025-09-30,learned_order_offset,20260912,0.25907156141314797,0.25907156141314797,0,1
fixed_transform_remove_only,3577,2025-10-24,2025-11-03,-0.013331545863497,2025,2025-09-30,learned_order_offset,20260912,0.3516178870567704,0.3516178870567704,0,0
fixed_transform_remove_only,3582,2025-10-31,2025-11-10,0.0110832418536339,2025,2025-09-30,learned_order_offset,20260912,0.2851806892122578,0.2851806892122578,0,1
fixed_transform_remove_only,3587,2025-11-07,2025-11-17,-0.0152107881197579,2025,2025-09-30,learned_order_offset,20260912,0.6627403014882383,0.6627403014882383,1,0
fixed_transform_remove_only,3592,2025-11-14,2025-11-24,-0.031114557454173,2025,2025-09-30,learned_order_offset,20260912,0.2507928173418441,0.2507928173418441,0,0
fixed_transform_remove_only,3597,2025-11-21,2025-12-01,0.0147613767448515,2025,2025-09-30,learned_order_offset,20260912,0.43791758612731024,0.43791758612731024,0,1
fixed_transform_remove_only,3602,2025-11-28,2025-12-08,0.0118853804313106,2025,2025-09-30,learned_order_offset,20260912,0.39219901773137567,0.39219901773137567,0,1
fixed_transform_remove_only,3607,2025-12-05,2025-12-15,-0.0093922675990717,2025,2025-09-30,learned_order_offset,20260912,0.3457261992230107,0.3457261992230107,0,0
fixed_transform_remove_only,3612,2025-12-12,2025-12-22,0.0082791208791208,2025,2025-09-30,learned_order_offset,20260912,0.6544081661485407,0.6544081661485407,1,1
fixed_transform_remove_only,3617,2025-12-19,2025-12-29,0.0153890755001995,2025,2025-09-30,learned_order_offset,20260912,0.6534567045792501,0.6534567045792501,1,1
fixed_transform_remove_only,3622,2025-12-26,2026-01-12,0.0239101640737868,2025,2025-09-30,learned_order_offset,20260912,0.498559954304275,0.498559954304275,0,1
fixed_transform_remove_only,3567,2025-10-10,2025-10-20,0.015001547584321,2025,2025-09-30,training_frequency,-1,0.4525904203323558,0.4525904203323558,0,1
fixed_transform_remove_only,3572,2025-10-17,2025-10-27,0.0309637052897611,2025,2025-09-30,training_frequency,-1,0.4525904203323558,0.4525904203323558,0,1
fixed_transform_remove_only,3577,2025-10-24,2025-11-03,-0.013331545863497,2025,2025-09-30,training_frequency,-1,0.4525904203323558,0.4525904203323558,0,0
fixed_transform_remove_only,3582,2025-10-31,2025-11-10,0.0110832418536339,2025,2025-09-30,training_frequency,-1,0.4525904203323558,0.4525904203323558,0,1
fixed_transform_remove_only,3587,2025-11-07,2025-11-17,-0.0152107881197579,2025,2025-09-30,training_frequency,-1,0.4525904203323558,0.4525904203323558,0,0
fixed_transform_remove_only,3592,2025-11-14,2025-11-24,-0.031114557454173,2025,2025-09-30,training_frequency,-1,0.4525904203323558,0.4525904203323558,0,0
fixed_transform_remove_only,3597,2025-11-21,2025-12-01,0.0147613767448515,2025,2025-09-30,training_frequency,-1,0.4525904203323558,0.4525904203323558,0,1
fixed_transform_remove_only,3602,2025-11-28,2025-12-08,0.0118853804313106,2025,2025-09-30,training_frequency,-1,0.4525904203323558,0.4525904203323558,0,1
fixed_transform_remove_only,3607,2025-12-05,2025-12-15,-0.0093922675990717,2025,2025-09-30,training_frequency,-1,0.4525904203323558,0.4525904203323558,0,0
fixed_transform_remove_only,3612,2025-12-12,2025-12-22,0.0082791208791208,2025,2025-09-30,training_frequency,-1,0.4525904203323558,0.4525904203323558,0,1
fixed_transform_remove_only,3617,2025-12-19,2025-12-29,0.0153890755001995,2025,2025-09-30,training_frequency,-1,0.4525904203323558,0.4525904203323558,0,1
fixed_transform_remove_only,3622,2025-12-26,2026-01-12,0.0239101640737868,2025,2025-09-30,training_frequency,-1,0.4525904203323558,0.4525904203323558,0,1
fixed_transform_remove_only,3630,2026-01-09,2026-01-19,-0.0103697336282536,2026,2025-12-31,learned_market,20260910,0.5209270458842004,0.5209270458842004,1,0
fixed_transform_remove_only,3635,2026-01-16,2026-01-26,-0.0010190267764643,2026,2025-12-31,learned_market,20260910,0.5197139065453521,0.5197139065453521,1,0
fixed_transform_remove_only,3640,2026-01-23,2026-02-02,-0.0087161586128796,2026,2025-12-31,learned_market,20260910,0.2755814653004309,0.2755814653004309,0,0
fixed_transform_remove_only,3645,2026-01-30,2026-02-09,0.0041482324550519,2026,2025-12-31,learned_market,20260910,0.41561123934774186,0.41561123934774186,0,1
fixed_transform_remove_only,3650,2026-02-06,2026-02-24,0.0071649689901505,2026,2025-12-31,learned_market,20260910,0.5571228245636697,0.5571228245636697,1,1
fixed_transform_remove_only,3655,2026-02-13,2026-03-02,-0.0097920588919678,2026,2025-12-31,learned_market,20260910,0.4304939364707622,0.4304939364707622,0,0
fixed_transform_remove_only,3659,2026-02-27,2026-03-09,-0.0172526869201304,2026,2025-12-31,learned_market,20260910,0.5160143853208942,0.5160143853208942,1,0
fixed_transform_remove_only,3664,2026-03-06,2026-03-16,0.0149926634422041,2026,2025-12-31,learned_market,20260910,0.4236869357819852,0.4236869357819852,0,1
fixed_transform_remove_only,3669,2026-03-13,2026-03-23,-0.0364343509194254,2026,2025-12-31,learned_market,20260910,0.40086366037455606,0.40086366037455606,0,0
fixed_transform_remove_only,3674,2026-03-20,2026-03-30,-0.0083038829988221,2026,2025-12-31,learned_market,20260910,0.43855196230093557,0.43855196230093557,0,0
fixed_transform_remove_only,3679,2026-03-27,2026-04-07,-0.0035591495694504,2026,2025-12-31,learned_market,20260910,0.5651756750942187,0.5651756750942187,1,0
fixed_transform_remove_only,3630,2026-01-09,2026-01-19,-0.0103697336282536,2026,2025-12-31,learned_vol_interaction,20260910,0.5249822005515526,0.5249822005515526,1,0
fixed_transform_remove_only,3635,2026-01-16,2026-01-26,-0.0010190267764643,2026,2025-12-31,learned_vol_interaction,20260910,0.5217999415123397,0.5217999415123397,1,0
fixed_transform_remove_only,3640,2026-01-23,2026-02-02,-0.0087161586128796,2026,2025-12-31,learned_vol_interaction,20260910,0.2703686171181188,0.2703686171181188,0,0
fixed_transform_remove_only,3645,2026-01-30,2026-02-09,0.0041482324550519,2026,2025-12-31,learned_vol_interaction,20260910,0.4125281641526105,0.4125281641526105,0,1
fixed_transform_remove_only,3650,2026-02-06,2026-02-24,0.0071649689901505,2026,2025-12-31,learned_vol_interaction,20260910,0.5560675092745206,0.5560675092745206,1,1
fixed_transform_remove_only,3655,2026-02-13,2026-03-02,-0.0097920588919678,2026,2025-12-31,learned_vol_interaction,20260910,0.4244643603856174,0.4244643603856174,0,0
fixed_transform_remove_only,3659,2026-02-27,2026-03-09,-0.0172526869201304,2026,2025-12-31,learned_vol_interaction,20260910,0.5169468531475478,0.5169468531475478,1,0
fixed_transform_remove_only,3664,2026-03-06,2026-03-16,0.0149926634422041,2026,2025-12-31,learned_vol_interaction,20260910,0.42392001130005047,0.42392001130005047,0,1
fixed_transform_remove_only,3669,2026-03-13,2026-03-23,-0.0364343509194254,2026,2025-12-31,learned_vol_interaction,20260910,0.3996582436829412,0.3996582436829412,0,0
fixed_transform_remove_only,3674,2026-03-20,2026-03-30,-0.0083038829988221,2026,2025-12-31,learned_vol_interaction,20260910,0.4401239045442557,0.4401239045442557,0,0
fixed_transform_remove_only,3679,2026-03-27,2026-04-07,-0.0035591495694504,2026,2025-12-31,learned_vol_interaction,20260910,0.5634266232389387,0.5634266232389387,1,0
fixed_transform_remove_only,3630,2026-01-09,2026-01-19,-0.0103697336282536,2026,2025-12-31,learned_order_extension,20260910,0.5118603699776423,0.5118603699776423,1,0
fixed_transform_remove_only,3635,2026-01-16,2026-01-26,-0.0010190267764643,2026,2025-12-31,learned_order_extension,20260910,0.5121161981098539,0.5121161981098539,1,0
fixed_transform_remove_only,3640,2026-01-23,2026-02-02,-0.0087161586128796,2026,2025-12-31,learned_order_extension,20260910,0.2938325386236829,0.2938325386236829,0,0
fixed_transform_remove_only,3645,2026-01-30,2026-02-09,0.0041482324550519,2026,2025-12-31,learned_order_extension,20260910,0.43621861720931454,0.43621861720931454,0,1
fixed_transform_remove_only,3650,2026-02-06,2026-02-24,0.0071649689901505,2026,2025-12-31,learned_order_extension,20260910,0.5517322930511716,0.5517322930511716,1,1
fixed_transform_remove_only,3655,2026-02-13,2026-03-02,-0.0097920588919678,2026,2025-12-31,learned_order_extension,20260910,0.4214021419664105,0.4214021419664105,0,0
fixed_transform_remove_only,3659,2026-02-27,2026-03-09,-0.0172526869201304,2026,2025-12-31,learned_order_extension,20260910,0.5148692090014166,0.5148692090014166,1,0
fixed_transform_remove_only,3664,2026-03-06,2026-03-16,0.0149926634422041,2026,2025-12-31,learned_order_extension,20260910,0.43198850893548346,0.43198850893548346,0,1
fixed_transform_remove_only,3669,2026-03-13,2026-03-23,-0.0364343509194254,2026,2025-12-31,learned_order_extension,20260910,0.42629911883001154,0.42629911883001154,0,0
fixed_transform_remove_only,3674,2026-03-20,2026-03-30,-0.0083038829988221,2026,2025-12-31,learned_order_extension,20260910,0.4749564207401761,0.4749564207401761,0,0
fixed_transform_remove_only,3679,2026-03-27,2026-04-07,-0.0035591495694504,2026,2025-12-31,learned_order_extension,20260910,0.5307522668879032,0.5307522668879032,1,0
fixed_transform_remove_only,3630,2026-01-09,2026-01-19,-0.0103697336282536,2026,2025-12-31,learned_order_offset,20260910,0.5108025931769093,0.5108025931769093,1,0
fixed_transform_remove_only,3635,2026-01-16,2026-01-26,-0.0010190267764643,2026,2025-12-31,learned_order_offset,20260910,0.5113982623384066,0.5113982623384066,1,0
fixed_transform_remove_only,3640,2026-01-23,2026-02-02,-0.0087161586128796,2026,2025-12-31,learned_order_offset,20260910,0.2944555803643879,0.2944555803643879,0,0
fixed_transform_remove_only,3645,2026-01-30,2026-02-09,0.0041482324550519,2026,2025-12-31,learned_order_offset,20260910,0.43663121014690576,0.43663121014690576,0,1
fixed_transform_remove_only,3650,2026-02-06,2026-02-24,0.0071649689901505,2026,2025-12-31,learned_order_offset,20260910,0.5521384139661094,0.5521384139661094,1,1
fixed_transform_remove_only,3655,2026-02-13,2026-03-02,-0.0097920588919678,2026,2025-12-31,learned_order_offset,20260910,0.42280069136931375,0.42280069136931375,0,0
fixed_transform_remove_only,3659,2026-02-27,2026-03-09,-0.0172526869201304,2026,2025-12-31,learned_order_offset,20260910,0.5153156845902671,0.5153156845902671,1,0
fixed_transform_remove_only,3664,2026-03-06,2026-03-16,0.0149926634422041,2026,2025-12-31,learned_order_offset,20260910,0.43177972341367155,0.43177972341367155,0,1
fixed_transform_remove_only,3669,2026-03-13,2026-03-23,-0.0364343509194254,2026,2025-12-31,learned_order_offset,20260910,0.4256062271162684,0.4256062271162684,0,0
fixed_transform_remove_only,3674,2026-03-20,2026-03-30,-0.0083038829988221,2026,2025-12-31,learned_order_offset,20260910,0.47357009046646403,0.47357009046646403,0,0
fixed_transform_remove_only,3679,2026-03-27,2026-04-07,-0.0035591495694504,2026,2025-12-31,learned_order_offset,20260910,0.5299745221118999,0.5299745221118999,1,0
fixed_transform_remove_only,3630,2026-01-09,2026-01-19,-0.0103697336282536,2026,2025-12-31,learned_market,20260911,0.5413510609744506,0.5413510609744506,1,0
fixed_transform_remove_only,3635,2026-01-16,2026-01-26,-0.0010190267764643,2026,2025-12-31,learned_market,20260911,0.5314359715780813,0.5314359715780813,1,0
fixed_transform_remove_only,3640,2026-01-23,2026-02-02,-0.0087161586128796,2026,2025-12-31,learned_market,20260911,0.5322660389568398,0.5322660389568398,1,0
fixed_transform_remove_only,3645,2026-01-30,2026-02-09,0.0041482324550519,2026,2025-12-31,learned_market,20260911,0.45886324630014486,0.45886324630014486,0,1
fixed_transform_remove_only,3650,2026-02-06,2026-02-24,0.0071649689901505,2026,2025-12-31,learned_market,20260911,0.5329149888621901,0.5329149888621901,1,1
fixed_transform_remove_only,3655,2026-02-13,2026-03-02,-0.0097920588919678,2026,2025-12-31,learned_market,20260911,0.5096151640594386,0.5096151640594386,1,0
fixed_transform_remove_only,3659,2026-02-27,2026-03-09,-0.0172526869201304,2026,2025-12-31,learned_market,20260911,0.5369210179709557,0.5369210179709557,1,0
fixed_transform_remove_only,3664,2026-03-06,2026-03-16,0.0149926634422041,2026,2025-12-31,learned_market,20260911,0.6237121770434778,0.6237121770434778,1,1
fixed_transform_remove_only,3669,2026-03-13,2026-03-23,-0.0364343509194254,2026,2025-12-31,learned_market,20260911,0.45542191984179375,0.45542191984179375,0,0
fixed_transform_remove_only,3674,2026-03-20,2026-03-30,-0.0083038829988221,2026,2025-12-31,learned_market,20260911,0.46187353471109566,0.46187353471109566,0,0
fixed_transform_remove_only,3679,2026-03-27,2026-04-07,-0.0035591495694504,2026,2025-12-31,learned_market,20260911,0.4403313235638202,0.4403313235638202,0,0
fixed_transform_remove_only,3630,2026-01-09,2026-01-19,-0.0103697336282536,2026,2025-12-31,learned_vol_interaction,20260911,0.5419308229071979,0.5419308229071979,1,0
fixed_transform_remove_only,3635,2026-01-16,2026-01-26,-0.0010190267764643,2026,2025-12-31,learned_vol_interaction,20260911,0.5357337652448725,0.5357337652448725,1,0
fixed_transform_remove_only,3640,2026-01-23,2026-02-02,-0.0087161586128796,2026,2025-12-31,learned_vol_interaction,20260911,0.5371665022159147,0.5371665022159147,1,0
fixed_transform_remove_only,3645,2026-01-30,2026-02-09,0.0041482324550519,2026,2025-12-31,learned_vol_interaction,20260911,0.4536669400564477,0.4536669400564477,0,1
fixed_transform_remove_only,3650,2026-02-06,2026-02-24,0.0071649689901505,2026,2025-12-31,learned_vol_interaction,20260911,0.535655258471591,0.535655258471591,1,1
fixed_transform_remove_only,3655,2026-02-13,2026-03-02,-0.0097920588919678,2026,2025-12-31,learned_vol_interaction,20260911,0.5053590625088199,0.5053590625088199,1,0
fixed_transform_remove_only,3659,2026-02-27,2026-03-09,-0.0172526869201304,2026,2025-12-31,learned_vol_interaction,20260911,0.5322976681186429,0.5322976681186429,1,0
fixed_transform_remove_only,3664,2026-03-06,2026-03-16,0.0149926634422041,2026,2025-12-31,learned_vol_interaction,20260911,0.6174856955773433,0.6174856955773433,1,1
fixed_transform_remove_only,3669,2026-03-13,2026-03-23,-0.0364343509194254,2026,2025-12-31,learned_vol_interaction,20260911,0.44896092371547813,0.44896092371547813,0,0
fixed_transform_remove_only,3674,2026-03-20,2026-03-30,-0.0083038829988221,2026,2025-12-31,learned_vol_interaction,20260911,0.45425867209133697,0.45425867209133697,0,0
fixed_transform_remove_only,3679,2026-03-27,2026-04-07,-0.0035591495694504,2026,2025-12-31,learned_vol_interaction,20260911,0.43340188452247674,0.43340188452247674,0,0
fixed_transform_remove_only,3630,2026-01-09,2026-01-19,-0.0103697336282536,2026,2025-12-31,learned_order_extension,20260911,0.5459060256811782,0.5459060256811782,1,0
fixed_transform_remove_only,3635,2026-01-16,2026-01-26,-0.0010190267764643,2026,2025-12-31,learned_order_extension,20260911,0.5315584772037104,0.5315584772037104,1,0
fixed_transform_remove_only,3640,2026-01-23,2026-02-02,-0.0087161586128796,2026,2025-12-31,learned_order_extension,20260911,0.5380779045961513,0.5380779045961513,1,0
fixed_transform_remove_only,3645,2026-01-30,2026-02-09,0.0041482324550519,2026,2025-12-31,learned_order_extension,20260911,0.43274829616923166,0.43274829616923166,0,1
fixed_transform_remove_only,3650,2026-02-06,2026-02-24,0.0071649689901505,2026,2025-12-31,learned_order_extension,20260911,0.5358238036456818,0.5358238036456818,1,1
fixed_transform_remove_only,3655,2026-02-13,2026-03-02,-0.0097920588919678,2026,2025-12-31,learned_order_extension,20260911,0.5188075700840837,0.5188075700840837,1,0
fixed_transform_remove_only,3659,2026-02-27,2026-03-09,-0.0172526869201304,2026,2025-12-31,learned_order_extension,20260911,0.5395237482049954,0.5395237482049954,1,0
fixed_transform_remove_only,3664,2026-03-06,2026-03-16,0.0149926634422041,2026,2025-12-31,learned_order_extension,20260911,0.6721134681647395,0.6721134681647395,1,1
fixed_transform_remove_only,3669,2026-03-13,2026-03-23,-0.0364343509194254,2026,2025-12-31,learned_order_extension,20260911,0.44254310728173424,0.44254310728173424,0,0
fixed_transform_remove_only,3674,2026-03-20,2026-03-30,-0.0083038829988221,2026,2025-12-31,learned_order_extension,20260911,0.4378410999680901,0.4378410999680901,0,0
fixed_transform_remove_only,3679,2026-03-27,2026-04-07,-0.0035591495694504,2026,2025-12-31,learned_order_extension,20260911,0.4159760364157841,0.4159760364157841,0,0
fixed_transform_remove_only,3630,2026-01-09,2026-01-19,-0.0103697336282536,2026,2025-12-31,learned_order_offset,20260911,0.545843670764125,0.545843670764125,1,0
fixed_transform_remove_only,3635,2026-01-16,2026-01-26,-0.0010190267764643,2026,2025-12-31,learned_order_offset,20260911,0.5315791456859873,0.5315791456859873,1,0
fixed_transform_remove_only,3640,2026-01-23,2026-02-02,-0.0087161586128796,2026,2025-12-31,learned_order_offset,20260911,0.5378362799693707,0.5378362799693707,1,0
fixed_transform_remove_only,3645,2026-01-30,2026-02-09,0.0041482324550519,2026,2025-12-31,learned_order_offset,20260911,0.43267035311859725,0.43267035311859725,0,1
fixed_transform_remove_only,3650,2026-02-06,2026-02-24,0.0071649689901505,2026,2025-12-31,learned_order_offset,20260911,0.5355468761174008,0.5355468761174008,1,1
fixed_transform_remove_only,3655,2026-02-13,2026-03-02,-0.0097920588919678,2026,2025-12-31,learned_order_offset,20260911,0.5185004295200895,0.5185004295200895,1,0
fixed_transform_remove_only,3659,2026-02-27,2026-03-09,-0.0172526869201304,2026,2025-12-31,learned_order_offset,20260911,0.5394279755034715,0.5394279755034715,1,0
fixed_transform_remove_only,3664,2026-03-06,2026-03-16,0.0149926634422041,2026,2025-12-31,learned_order_offset,20260911,0.6720878025271129,0.6720878025271129,1,1
fixed_transform_remove_only,3669,2026-03-13,2026-03-23,-0.0364343509194254,2026,2025-12-31,learned_order_offset,20260911,0.44301866763301645,0.44301866763301645,0,0
fixed_transform_remove_only,3674,2026-03-20,2026-03-30,-0.0083038829988221,2026,2025-12-31,learned_order_offset,20260911,0.4379475907087764,0.4379475907087764,0,0
fixed_transform_remove_only,3679,2026-03-27,2026-04-07,-0.0035591495694504,2026,2025-12-31,learned_order_offset,20260911,0.4162726411546184,0.4162726411546184,0,0
fixed_transform_remove_only,3630,2026-01-09,2026-01-19,-0.0103697336282536,2026,2025-12-31,learned_market,20260912,0.5119803822427041,0.5119803822427041,1,0
fixed_transform_remove_only,3635,2026-01-16,2026-01-26,-0.0010190267764643,2026,2025-12-31,learned_market,20260912,0.5563532391014436,0.5563532391014436,1,0
fixed_transform_remove_only,3640,2026-01-23,2026-02-02,-0.0087161586128796,2026,2025-12-31,learned_market,20260912,0.47986345901765604,0.47986345901765604,0,0
fixed_transform_remove_only,3645,2026-01-30,2026-02-09,0.0041482324550519,2026,2025-12-31,learned_market,20260912,0.5030177692550698,0.5030177692550698,1,1
fixed_transform_remove_only,3650,2026-02-06,2026-02-24,0.0071649689901505,2026,2025-12-31,learned_market,20260912,0.43906676808287387,0.43906676808287387,0,1
fixed_transform_remove_only,3655,2026-02-13,2026-03-02,-0.0097920588919678,2026,2025-12-31,learned_market,20260912,0.431368044613122,0.431368044613122,0,0
fixed_transform_remove_only,3659,2026-02-27,2026-03-09,-0.0172526869201304,2026,2025-12-31,learned_market,20260912,0.48137527566018024,0.48137527566018024,0,0
fixed_transform_remove_only,3664,2026-03-06,2026-03-16,0.0149926634422041,2026,2025-12-31,learned_market,20260912,0.46731902499821354,0.46731902499821354,0,1
fixed_transform_remove_only,3669,2026-03-13,2026-03-23,-0.0364343509194254,2026,2025-12-31,learned_market,20260912,0.5227160800792146,0.5227160800792146,1,0
fixed_transform_remove_only,3674,2026-03-20,2026-03-30,-0.0083038829988221,2026,2025-12-31,learned_market,20260912,0.4464645109091068,0.4464645109091068,0,0
fixed_transform_remove_only,3679,2026-03-27,2026-04-07,-0.0035591495694504,2026,2025-12-31,learned_market,20260912,0.39113208857052434,0.39113208857052434,0,0
fixed_transform_remove_only,3630,2026-01-09,2026-01-19,-0.0103697336282536,2026,2025-12-31,learned_vol_interaction,20260912,0.5113420632666249,0.5113420632666249,1,0
fixed_transform_remove_only,3635,2026-01-16,2026-01-26,-0.0010190267764643,2026,2025-12-31,learned_vol_interaction,20260912,0.5720485316988371,0.5720485316988371,1,0
fixed_transform_remove_only,3640,2026-01-23,2026-02-02,-0.0087161586128796,2026,2025-12-31,learned_vol_interaction,20260912,0.46450523759698337,0.46450523759698337,0,0
fixed_transform_remove_only,3645,2026-01-30,2026-02-09,0.0041482324550519,2026,2025-12-31,learned_vol_interaction,20260912,0.5055364466448413,0.5055364466448413,1,1
fixed_transform_remove_only,3650,2026-02-06,2026-02-24,0.0071649689901505,2026,2025-12-31,learned_vol_interaction,20260912,0.42116451389141074,0.42116451389141074,0,1
fixed_transform_remove_only,3655,2026-02-13,2026-03-02,-0.0097920588919678,2026,2025-12-31,learned_vol_interaction,20260912,0.4216952789502379,0.4216952789502379,0,0
fixed_transform_remove_only,3659,2026-02-27,2026-03-09,-0.0172526869201304,2026,2025-12-31,learned_vol_interaction,20260912,0.46280074037648433,0.46280074037648433,0,0
fixed_transform_remove_only,3664,2026-03-06,2026-03-16,0.0149926634422041,2026,2025-12-31,learned_vol_interaction,20260912,0.4454734654507731,0.4454734654507731,0,1
fixed_transform_remove_only,3669,2026-03-13,2026-03-23,-0.0364343509194254,2026,2025-12-31,learned_vol_interaction,20260912,0.5162800418391823,0.5162800418391823,1,0
fixed_transform_remove_only,3674,2026-03-20,2026-03-30,-0.0083038829988221,2026,2025-12-31,learned_vol_interaction,20260912,0.44815597826032155,0.44815597826032155,0,0
fixed_transform_remove_only,3679,2026-03-27,2026-04-07,-0.0035591495694504,2026,2025-12-31,learned_vol_interaction,20260912,0.41145491799092687,0.41145491799092687,0,0
fixed_transform_remove_only,3630,2026-01-09,2026-01-19,-0.0103697336282536,2026,2025-12-31,learned_order_extension,20260912,0.5234527600872158,0.5234527600872158,1,0
fixed_transform_remove_only,3635,2026-01-16,2026-01-26,-0.0010190267764643,2026,2025-12-31,learned_order_extension,20260912,0.5847075352595175,0.5847075352595175,1,0
fixed_transform_remove_only,3640,2026-01-23,2026-02-02,-0.0087161586128796,2026,2025-12-31,learned_order_extension,20260912,0.4700767353741261,0.4700767353741261,0,0
fixed_transform_remove_only,3645,2026-01-30,2026-02-09,0.0041482324550519,2026,2025-12-31,learned_order_extension,20260912,0.5148835278265028,0.5148835278265028,1,1
fixed_transform_remove_only,3650,2026-02-06,2026-02-24,0.0071649689901505,2026,2025-12-31,learned_order_extension,20260912,0.4220765070574473,0.4220765070574473,0,1
fixed_transform_remove_only,3655,2026-02-13,2026-03-02,-0.0097920588919678,2026,2025-12-31,learned_order_extension,20260912,0.41397752179190594,0.41397752179190594,0,0
fixed_transform_remove_only,3659,2026-02-27,2026-03-09,-0.0172526869201304,2026,2025-12-31,learned_order_extension,20260912,0.45946498078572456,0.45946498078572456,0,0
fixed_transform_remove_only,3664,2026-03-06,2026-03-16,0.0149926634422041,2026,2025-12-31,learned_order_extension,20260912,0.44635455978232025,0.44635455978232025,0,1
fixed_transform_remove_only,3669,2026-03-13,2026-03-23,-0.0364343509194254,2026,2025-12-31,learned_order_extension,20260912,0.5383866937008707,0.5383866937008707,1,0
fixed_transform_remove_only,3674,2026-03-20,2026-03-30,-0.0083038829988221,2026,2025-12-31,learned_order_extension,20260912,0.43243079892634145,0.43243079892634145,0,0
fixed_transform_remove_only,3679,2026-03-27,2026-04-07,-0.0035591495694504,2026,2025-12-31,learned_order_extension,20260912,0.3847558274890985,0.3847558274890985,0,0
fixed_transform_remove_only,3630,2026-01-09,2026-01-19,-0.0103697336282536,2026,2025-12-31,learned_order_offset,20260912,0.5234772415055928,0.5234772415055928,1,0
fixed_transform_remove_only,3635,2026-01-16,2026-01-26,-0.0010190267764643,2026,2025-12-31,learned_order_offset,20260912,0.5844150879103954,0.5844150879103954,1,0
fixed_transform_remove_only,3640,2026-01-23,2026-02-02,-0.0087161586128796,2026,2025-12-31,learned_order_offset,20260912,0.46996206356235715,0.46996206356235715,0,0
fixed_transform_remove_only,3645,2026-01-30,2026-02-09,0.0041482324550519,2026,2025-12-31,learned_order_offset,20260912,0.514701020079869,0.514701020079869,1,1
fixed_transform_remove_only,3650,2026-02-06,2026-02-24,0.0071649689901505,2026,2025-12-31,learned_order_offset,20260912,0.42213589824970216,0.42213589824970216,0,1
fixed_transform_remove_only,3655,2026-02-13,2026-03-02,-0.0097920588919678,2026,2025-12-31,learned_order_offset,20260912,0.4139092534456115,0.4139092534456115,0,0
fixed_transform_remove_only,3659,2026-02-27,2026-03-09,-0.0172526869201304,2026,2025-12-31,learned_order_offset,20260912,0.4590491088219428,0.4590491088219428,0,0
fixed_transform_remove_only,3664,2026-03-06,2026-03-16,0.0149926634422041,2026,2025-12-31,learned_order_offset,20260912,0.4464707132363767,0.4464707132363767,0,1
fixed_transform_remove_only,3669,2026-03-13,2026-03-23,-0.0364343509194254,2026,2025-12-31,learned_order_offset,20260912,0.5384561051408137,0.5384561051408137,1,0
fixed_transform_remove_only,3674,2026-03-20,2026-03-30,-0.0083038829988221,2026,2025-12-31,learned_order_offset,20260912,0.43269622737784763,0.43269622737784763,0,0
fixed_transform_remove_only,3679,2026-03-27,2026-04-07,-0.0035591495694504,2026,2025-12-31,learned_order_offset,20260912,0.3852504154330894,0.3852504154330894,0,0
fixed_transform_remove_only,3630,2026-01-09,2026-01-19,-0.0103697336282536,2026,2025-12-31,training_frequency,-1,0.4792703150912106,0.4792703150912106,0,0
fixed_transform_remove_only,3635,2026-01-16,2026-01-26,-0.0010190267764643,2026,2025-12-31,training_frequency,-1,0.4792703150912106,0.4792703150912106,0,0
fixed_transform_remove_only,3640,2026-01-23,2026-02-02,-0.0087161586128796,2026,2025-12-31,training_frequency,-1,0.4792703150912106,0.4792703150912106,0,0
fixed_transform_remove_only,3645,2026-01-30,2026-02-09,0.0041482324550519,2026,2025-12-31,training_frequency,-1,0.4792703150912106,0.4792703150912106,0,1
fixed_transform_remove_only,3650,2026-02-06,2026-02-24,0.0071649689901505,2026,2025-12-31,training_frequency,-1,0.4792703150912106,0.4792703150912106,0,1
fixed_transform_remove_only,3655,2026-02-13,2026-03-02,-0.0097920588919678,2026,2025-12-31,training_frequency,-1,0.4792703150912106,0.4792703150912106,0,0
fixed_transform_remove_only,3659,2026-02-27,2026-03-09,-0.0172526869201304,2026,2025-12-31,training_frequency,-1,0.4792703150912106,0.4792703150912106,0,0
fixed_transform_remove_only,3664,2026-03-06,2026-03-16,0.0149926634422041,2026,2025-12-31,training_frequency,-1,0.4792703150912106,0.4792703150912106,0,1
fixed_transform_remove_only,3669,2026-03-13,2026-03-23,-0.0364343509194254,2026,2025-12-31,training_frequency,-1,0.4792703150912106,0.4792703150912106,0,0
fixed_transform_remove_only,3674,2026-03-20,2026-03-30,-0.0083038829988221,2026,2025-12-31,training_frequency,-1,0.4792703150912106,0.4792703150912106,0,0
fixed_transform_remove_only,3679,2026-03-27,2026-04-07,-0.0035591495694504,2026,2025-12-31,training_frequency,-1,0.4792703150912106,0.4792703150912106,0,0
fixed_transform_remove_only,3684,2026-04-03,2026-04-13,0.0380736235508991,2026,2026-03-31,learned_market,20260910,0.4918735328918355,0.4918735328918355,0,1
fixed_transform_remove_only,3688,2026-04-10,2026-04-20,0.0242766725964382,2026,2026-03-31,learned_market,20260910,0.3992374887093154,0.3992374887093154,0,1
fixed_transform_remove_only,3693,2026-04-17,2026-04-27,0.010401572188011,2026,2026-03-31,learned_market,20260910,0.5177783847957581,0.5177783847957581,1,1
fixed_transform_remove_only,3698,2026-04-24,2026-05-11,0.0263674696524953,2026,2026-03-31,learned_market,20260910,0.5435436505993699,0.5435436505993699,1,1
fixed_transform_remove_only,3705,2026-05-08,2026-05-18,-0.0134529239455926,2026,2026-03-31,learned_market,20260910,0.7907907503018359,0.7907907503018359,1,0
fixed_transform_remove_only,3710,2026-05-15,2026-05-25,0.0076235492615268,2026,2026-03-31,learned_market,20260910,0.8168047491119722,0.8168047491119722,1,1
fixed_transform_remove_only,3715,2026-05-22,2026-06-01,0.005068538126898,2026,2026-03-31,learned_market,20260910,0.3418218146320914,0.3418218146320914,0,1
fixed_transform_remove_only,3720,2026-05-29,2026-06-08,-0.039635353927193,2026,2026-03-31,learned_market,20260910,0.41846183100024265,0.41846183100024265,0,0
fixed_transform_remove_only,3725,2026-06-05,2026-06-15,0.0266849782195981,2026,2026-03-31,learned_market,20260910,0.47525472612034564,0.47525472612034564,0,1
fixed_transform_remove_only,3730,2026-06-12,2026-06-29,0.0076098142791176,2026,2026-03-31,learned_market,20260910,0.44890047948717476,0.44890047948717476,0,1
fixed_transform_remove_only,3739,2026-06-26,2026-07-06,0.0005137647861506,2026,2026-03-31,learned_market,20260910,0.503265767596673,0.503265767596673,1,1
fixed_transform_remove_only,3684,2026-04-03,2026-04-13,0.0380736235508991,2026,2026-03-31,learned_vol_interaction,20260910,0.4932036311660048,0.4932036311660048,0,1
fixed_transform_remove_only,3688,2026-04-10,2026-04-20,0.0242766725964382,2026,2026-03-31,learned_vol_interaction,20260910,0.4046235475151123,0.4046235475151123,0,1
fixed_transform_remove_only,3693,2026-04-17,2026-04-27,0.010401572188011,2026,2026-03-31,learned_vol_interaction,20260910,0.5176746396293991,0.5176746396293991,1,1
fixed_transform_remove_only,3698,2026-04-24,2026-05-11,0.0263674696524953,2026,2026-03-31,learned_vol_interaction,20260910,0.545076578849447,0.545076578849447,1,1
fixed_transform_remove_only,3705,2026-05-08,2026-05-18,-0.0134529239455926,2026,2026-03-31,learned_vol_interaction,20260910,0.7925028608875445,0.7925028608875445,1,0
fixed_transform_remove_only,3710,2026-05-15,2026-05-25,0.0076235492615268,2026,2026-03-31,learned_vol_interaction,20260910,0.8195767006069317,0.8195767006069317,1,1
fixed_transform_remove_only,3715,2026-05-22,2026-06-01,0.005068538126898,2026,2026-03-31,learned_vol_interaction,20260910,0.3425014431568026,0.3425014431568026,0,1
fixed_transform_remove_only,3720,2026-05-29,2026-06-08,-0.039635353927193,2026,2026-03-31,learned_vol_interaction,20260910,0.4193200381902892,0.4193200381902892,0,0
fixed_transform_remove_only,3725,2026-06-05,2026-06-15,0.0266849782195981,2026,2026-03-31,learned_vol_interaction,20260910,0.475475788433763,0.475475788433763,0,1
fixed_transform_remove_only,3730,2026-06-12,2026-06-29,0.0076098142791176,2026,2026-03-31,learned_vol_interaction,20260910,0.4490496200753104,0.4490496200753104,0,1
fixed_transform_remove_only,3739,2026-06-26,2026-07-06,0.0005137647861506,2026,2026-03-31,learned_vol_interaction,20260910,0.5077059190122838,0.5077059190122838,1,1
fixed_transform_remove_only,3684,2026-04-03,2026-04-13,0.0380736235508991,2026,2026-03-31,learned_order_extension,20260910,0.45884453907884754,0.45884453907884754,0,1
fixed_transform_remove_only,3688,2026-04-10,2026-04-20,0.0242766725964382,2026,2026-03-31,learned_order_extension,20260910,0.4151402477910058,0.4151402477910058,0,1
fixed_transform_remove_only,3693,2026-04-17,2026-04-27,0.010401572188011,2026,2026-03-31,learned_order_extension,20260910,0.48161610873593913,0.48161610873593913,0,1
fixed_transform_remove_only,3698,2026-04-24,2026-05-11,0.0263674696524953,2026,2026-03-31,learned_order_extension,20260910,0.5185248417747952,0.5185248417747952,1,1
fixed_transform_remove_only,3705,2026-05-08,2026-05-18,-0.0134529239455926,2026,2026-03-31,learned_order_extension,20260910,0.7096491867986302,0.7096491867986302,1,0
fixed_transform_remove_only,3710,2026-05-15,2026-05-25,0.0076235492615268,2026,2026-03-31,learned_order_extension,20260910,0.686378599840666,0.686378599840666,1,1
fixed_transform_remove_only,3715,2026-05-22,2026-06-01,0.005068538126898,2026,2026-03-31,learned_order_extension,20260910,0.40087658174486995,0.40087658174486995,0,1
fixed_transform_remove_only,3720,2026-05-29,2026-06-08,-0.039635353927193,2026,2026-03-31,learned_order_extension,20260910,0.4797092757249616,0.4797092757249616,0,0
fixed_transform_remove_only,3725,2026-06-05,2026-06-15,0.0266849782195981,2026,2026-03-31,learned_order_extension,20260910,0.5176681549816425,0.5176681549816425,1,1
fixed_transform_remove_only,3730,2026-06-12,2026-06-29,0.0076098142791176,2026,2026-03-31,learned_order_extension,20260910,0.48526423132589835,0.48526423132589835,0,1
fixed_transform_remove_only,3739,2026-06-26,2026-07-06,0.0005137647861506,2026,2026-03-31,learned_order_extension,20260910,0.49910975895314824,0.49910975895314824,0,1
fixed_transform_remove_only,3684,2026-04-03,2026-04-13,0.0380736235508991,2026,2026-03-31,learned_order_offset,20260910,0.4579281405524857,0.4579281405524857,0,1
fixed_transform_remove_only,3688,2026-04-10,2026-04-20,0.0242766725964382,2026,2026-03-31,learned_order_offset,20260910,0.415874717148572,0.415874717148572,0,1
fixed_transform_remove_only,3693,2026-04-17,2026-04-27,0.010401572188011,2026,2026-03-31,learned_order_offset,20260910,0.4803225479125268,0.4803225479125268,0,1
fixed_transform_remove_only,3698,2026-04-24,2026-05-11,0.0263674696524953,2026,2026-03-31,learned_order_offset,20260910,0.5171718260103678,0.5171718260103678,1,1
fixed_transform_remove_only,3705,2026-05-08,2026-05-18,-0.0134529239455926,2026,2026-03-31,learned_order_offset,20260910,0.7078140700606176,0.7078140700606176,1,0
fixed_transform_remove_only,3710,2026-05-15,2026-05-25,0.0076235492615268,2026,2026-03-31,learned_order_offset,20260910,0.6848986787771573,0.6848986787771573,1,1
fixed_transform_remove_only,3715,2026-05-22,2026-06-01,0.005068538126898,2026,2026-03-31,learned_order_offset,20260910,0.4019712060291561,0.4019712060291561,0,1
fixed_transform_remove_only,3720,2026-05-29,2026-06-08,-0.039635353927193,2026,2026-03-31,learned_order_offset,20260910,0.48079321889622517,0.48079321889622517,0,0
fixed_transform_remove_only,3725,2026-06-05,2026-06-15,0.0266849782195981,2026,2026-03-31,learned_order_offset,20260910,0.5189968210871064,0.5189968210871064,1,1
fixed_transform_remove_only,3730,2026-06-12,2026-06-29,0.0076098142791176,2026,2026-03-31,learned_order_offset,20260910,0.4870209720599876,0.4870209720599876,0,1
fixed_transform_remove_only,3739,2026-06-26,2026-07-06,0.0005137647861506,2026,2026-03-31,learned_order_offset,20260910,0.5013663836175357,0.5013663836175357,1,1
fixed_transform_remove_only,3684,2026-04-03,2026-04-13,0.0380736235508991,2026,2026-03-31,learned_market,20260911,0.4724054686901828,0.4724054686901828,0,1
fixed_transform_remove_only,3688,2026-04-10,2026-04-20,0.0242766725964382,2026,2026-03-31,learned_market,20260911,0.41153624498315305,0.41153624498315305,0,1
fixed_transform_remove_only,3693,2026-04-17,2026-04-27,0.010401572188011,2026,2026-03-31,learned_market,20260911,0.4666313806728422,0.4666313806728422,0,1
fixed_transform_remove_only,3698,2026-04-24,2026-05-11,0.0263674696524953,2026,2026-03-31,learned_market,20260911,0.4055650774393735,0.4055650774393735,0,1
fixed_transform_remove_only,3705,2026-05-08,2026-05-18,-0.0134529239455926,2026,2026-03-31,learned_market,20260911,0.4350559018957808,0.4350559018957808,0,0
fixed_transform_remove_only,3710,2026-05-15,2026-05-25,0.0076235492615268,2026,2026-03-31,learned_market,20260911,0.4973195820450925,0.4973195820450925,0,1
fixed_transform_remove_only,3715,2026-05-22,2026-06-01,0.005068538126898,2026,2026-03-31,learned_market,20260911,0.5674312291288087,0.5674312291288087,1,1
fixed_transform_remove_only,3720,2026-05-29,2026-06-08,-0.039635353927193,2026,2026-03-31,learned_market,20260911,0.5427110522721716,0.5427110522721716,1,0
fixed_transform_remove_only,3725,2026-06-05,2026-06-15,0.0266849782195981,2026,2026-03-31,learned_market,20260911,0.4228882395404121,0.4228882395404121,0,1
fixed_transform_remove_only,3730,2026-06-12,2026-06-29,0.0076098142791176,2026,2026-03-31,learned_market,20260911,0.3283387363986837,0.3283387363986837,0,1
fixed_transform_remove_only,3739,2026-06-26,2026-07-06,0.0005137647861506,2026,2026-03-31,learned_market,20260911,0.48901123267523977,0.48901123267523977,0,1
fixed_transform_remove_only,3684,2026-04-03,2026-04-13,0.0380736235508991,2026,2026-03-31,learned_vol_interaction,20260911,0.4752908231338122,0.4752908231338122,0,1
fixed_transform_remove_only,3688,2026-04-10,2026-04-20,0.0242766725964382,2026,2026-03-31,learned_vol_interaction,20260911,0.4320043418031435,0.4320043418031435,0,1
fixed_transform_remove_only,3693,2026-04-17,2026-04-27,0.010401572188011,2026,2026-03-31,learned_vol_interaction,20260911,0.47939998346654134,0.47939998346654134,0,1
fixed_transform_remove_only,3698,2026-04-24,2026-05-11,0.0263674696524953,2026,2026-03-31,learned_vol_interaction,20260911,0.42368107598805543,0.42368107598805543,0,1
fixed_transform_remove_only,3705,2026-05-08,2026-05-18,-0.0134529239455926,2026,2026-03-31,learned_vol_interaction,20260911,0.4540866302813061,0.4540866302813061,0,0
fixed_transform_remove_only,3710,2026-05-15,2026-05-25,0.0076235492615268,2026,2026-03-31,learned_vol_interaction,20260911,0.5030604809636975,0.5030604809636975,1,1
fixed_transform_remove_only,3715,2026-05-22,2026-06-01,0.005068538126898,2026,2026-03-31,learned_vol_interaction,20260911,0.5707308829439428,0.5707308829439428,1,1
fixed_transform_remove_only,3720,2026-05-29,2026-06-08,-0.039635353927193,2026,2026-03-31,learned_vol_interaction,20260911,0.53503578669048,0.53503578669048,1,0
fixed_transform_remove_only,3725,2026-06-05,2026-06-15,0.0266849782195981,2026,2026-03-31,learned_vol_interaction,20260911,0.4175228750669158,0.4175228750669158,0,1
fixed_transform_remove_only,3730,2026-06-12,2026-06-29,0.0076098142791176,2026,2026-03-31,learned_vol_interaction,20260911,0.3261238776642424,0.3261238776642424,0,1
fixed_transform_remove_only,3739,2026-06-26,2026-07-06,0.0005137647861506,2026,2026-03-31,learned_vol_interaction,20260911,0.5139417962961832,0.5139417962961832,1,1
fixed_transform_remove_only,3684,2026-04-03,2026-04-13,0.0380736235508991,2026,2026-03-31,learned_order_extension,20260911,0.5035172550252108,0.5035172550252108,1,1
fixed_transform_remove_only,3688,2026-04-10,2026-04-20,0.0242766725964382,2026,2026-03-31,learned_order_extension,20260911,0.38885089894379565,0.38885089894379565,0,1
fixed_transform_remove_only,3693,2026-04-17,2026-04-27,0.010401572188011,2026,2026-03-31,learned_order_extension,20260911,0.4692687626626548,0.4692687626626548,0,1
fixed_transform_remove_only,3698,2026-04-24,2026-05-11,0.0263674696524953,2026,2026-03-31,learned_order_extension,20260911,0.3797348207827008,0.3797348207827008,0,1
fixed_transform_remove_only,3705,2026-05-08,2026-05-18,-0.0134529239455926,2026,2026-03-31,learned_order_extension,20260911,0.39831926727972966,0.39831926727972966,0,0
fixed_transform_remove_only,3710,2026-05-15,2026-05-25,0.0076235492615268,2026,2026-03-31,learned_order_extension,20260911,0.4971237204027191,0.4971237204027191,0,1
fixed_transform_remove_only,3715,2026-05-22,2026-06-01,0.005068538126898,2026,2026-03-31,learned_order_extension,20260911,0.608714290385622,0.608714290385622,1,1
fixed_transform_remove_only,3720,2026-05-29,2026-06-08,-0.039635353927193,2026,2026-03-31,learned_order_extension,20260911,0.5479357259552878,0.5479357259552878,1,0
fixed_transform_remove_only,3725,2026-06-05,2026-06-15,0.0266849782195981,2026,2026-03-31,learned_order_extension,20260911,0.34822020656429814,0.34822020656429814,0,1
fixed_transform_remove_only,3730,2026-06-12,2026-06-29,0.0076098142791176,2026,2026-03-31,learned_order_extension,20260911,0.2249337349015322,0.2249337349015322,0,1
fixed_transform_remove_only,3739,2026-06-26,2026-07-06,0.0005137647861506,2026,2026-03-31,learned_order_extension,20260911,0.4666912125642914,0.4666912125642914,0,1
fixed_transform_remove_only,3684,2026-04-03,2026-04-13,0.0380736235508991,2026,2026-03-31,learned_order_offset,20260911,0.5041602207213403,0.5041602207213403,1,1
fixed_transform_remove_only,3688,2026-04-10,2026-04-20,0.0242766725964382,2026,2026-03-31,learned_order_offset,20260911,0.3878727889592901,0.3878727889592901,0,1
fixed_transform_remove_only,3693,2026-04-17,2026-04-27,0.010401572188011,2026,2026-03-31,learned_order_offset,20260911,0.46979373351123677,0.46979373351123677,0,1
fixed_transform_remove_only,3698,2026-04-24,2026-05-11,0.0263674696524953,2026,2026-03-31,learned_order_offset,20260911,0.3784524875371069,0.3784524875371069,0,1
fixed_transform_remove_only,3705,2026-05-08,2026-05-18,-0.0134529239455926,2026,2026-03-31,learned_order_offset,20260911,0.397613640151841,0.397613640151841,0,0
fixed_transform_remove_only,3710,2026-05-15,2026-05-25,0.0076235492615268,2026,2026-03-31,learned_order_offset,20260911,0.49640468820614403,0.49640468820614403,0,1
fixed_transform_remove_only,3715,2026-05-22,2026-06-01,0.005068538126898,2026,2026-03-31,learned_order_offset,20260911,0.6071466787840638,0.6071466787840638,1,1
fixed_transform_remove_only,3720,2026-05-29,2026-06-08,-0.039635353927193,2026,2026-03-31,learned_order_offset,20260911,0.5465545337462555,0.5465545337462555,1,0
fixed_transform_remove_only,3725,2026-06-05,2026-06-15,0.0266849782195981,2026,2026-03-31,learned_order_offset,20260911,0.34722358292068156,0.34722358292068156,0,1
fixed_transform_remove_only,3730,2026-06-12,2026-06-29,0.0076098142791176,2026,2026-03-31,learned_order_offset,20260911,0.22449129465662054,0.22449129465662054,0,1
fixed_transform_remove_only,3739,2026-06-26,2026-07-06,0.0005137647861506,2026,2026-03-31,learned_order_offset,20260911,0.46448186779440304,0.46448186779440304,0,1
fixed_transform_remove_only,3684,2026-04-03,2026-04-13,0.0380736235508991,2026,2026-03-31,learned_market,20260912,0.42456235431605116,0.42456235431605116,0,1
fixed_transform_remove_only,3688,2026-04-10,2026-04-20,0.0242766725964382,2026,2026-03-31,learned_market,20260912,0.4580025476520476,0.4580025476520476,0,1
fixed_transform_remove_only,3693,2026-04-17,2026-04-27,0.010401572188011,2026,2026-03-31,learned_market,20260912,0.3986750614873628,0.3986750614873628,0,1
fixed_transform_remove_only,3698,2026-04-24,2026-05-11,0.0263674696524953,2026,2026-03-31,learned_market,20260912,0.42363518768700775,0.42363518768700775,0,1
fixed_transform_remove_only,3705,2026-05-08,2026-05-18,-0.0134529239455926,2026,2026-03-31,learned_market,20260912,0.4824434734101169,0.4824434734101169,0,0
fixed_transform_remove_only,3710,2026-05-15,2026-05-25,0.0076235492615268,2026,2026-03-31,learned_market,20260912,0.5494877166185017,0.5494877166185017,1,1
fixed_transform_remove_only,3715,2026-05-22,2026-06-01,0.005068538126898,2026,2026-03-31,learned_market,20260912,0.549252360422748,0.549252360422748,1,1
fixed_transform_remove_only,3720,2026-05-29,2026-06-08,-0.039635353927193,2026,2026-03-31,learned_market,20260912,0.5063696275077462,0.5063696275077462,1,0
fixed_transform_remove_only,3725,2026-06-05,2026-06-15,0.0266849782195981,2026,2026-03-31,learned_market,20260912,0.5049579383303683,0.5049579383303683,1,1
fixed_transform_remove_only,3730,2026-06-12,2026-06-29,0.0076098142791176,2026,2026-03-31,learned_market,20260912,0.4982575669788143,0.4982575669788143,0,1
fixed_transform_remove_only,3739,2026-06-26,2026-07-06,0.0005137647861506,2026,2026-03-31,learned_market,20260912,0.5532158650419898,0.5532158650419898,1,1
fixed_transform_remove_only,3684,2026-04-03,2026-04-13,0.0380736235508991,2026,2026-03-31,learned_vol_interaction,20260912,0.4436643962110635,0.4436643962110635,0,1
fixed_transform_remove_only,3688,2026-04-10,2026-04-20,0.0242766725964382,2026,2026-03-31,learned_vol_interaction,20260912,0.450200920143394,0.450200920143394,0,1
fixed_transform_remove_only,3693,2026-04-17,2026-04-27,0.010401572188011,2026,2026-03-31,learned_vol_interaction,20260912,0.4405987292339402,0.4405987292339402,0,1
fixed_transform_remove_only,3698,2026-04-24,2026-05-11,0.0263674696524953,2026,2026-03-31,learned_vol_interaction,20260912,0.41933517639746776,0.41933517639746776,0,1
fixed_transform_remove_only,3705,2026-05-08,2026-05-18,-0.0134529239455926,2026,2026-03-31,learned_vol_interaction,20260912,0.45973937003963794,0.45973937003963794,0,0
fixed_transform_remove_only,3710,2026-05-15,2026-05-25,0.0076235492615268,2026,2026-03-31,learned_vol_interaction,20260912,0.5308509245195869,0.5308509245195869,1,1
fixed_transform_remove_only,3715,2026-05-22,2026-06-01,0.005068538126898,2026,2026-03-31,learned_vol_interaction,20260912,0.5289725570400874,0.5289725570400874,1,1
fixed_transform_remove_only,3720,2026-05-29,2026-06-08,-0.039635353927193,2026,2026-03-31,learned_vol_interaction,20260912,0.5037885355868964,0.5037885355868964,1,0
fixed_transform_remove_only,3725,2026-06-05,2026-06-15,0.0266849782195981,2026,2026-03-31,learned_vol_interaction,20260912,0.4929597266546229,0.4929597266546229,0,1
fixed_transform_remove_only,3730,2026-06-12,2026-06-29,0.0076098142791176,2026,2026-03-31,learned_vol_interaction,20260912,0.4912263263906555,0.4912263263906555,0,1
fixed_transform_remove_only,3739,2026-06-26,2026-07-06,0.0005137647861506,2026,2026-03-31,learned_vol_interaction,20260912,0.5400746162708906,0.5400746162708906,1,1
fixed_transform_remove_only,3684,2026-04-03,2026-04-13,0.0380736235508991,2026,2026-03-31,learned_order_extension,20260912,0.42070191272421,0.42070191272421,0,1
fixed_transform_remove_only,3688,2026-04-10,2026-04-20,0.0242766725964382,2026,2026-03-31,learned_order_extension,20260912,0.4547380968619023,0.4547380968619023,0,1
fixed_transform_remove_only,3693,2026-04-17,2026-04-27,0.010401572188011,2026,2026-03-31,learned_order_extension,20260912,0.4004328444099222,0.4004328444099222,0,1
fixed_transform_remove_only,3698,2026-04-24,2026-05-11,0.0263674696524953,2026,2026-03-31,learned_order_extension,20260912,0.4027511401377011,0.4027511401377011,0,1
fixed_transform_remove_only,3705,2026-05-08,2026-05-18,-0.0134529239455926,2026,2026-03-31,learned_order_extension,20260912,0.46226505096560916,0.46226505096560916,0,0
fixed_transform_remove_only,3710,2026-05-15,2026-05-25,0.0076235492615268,2026,2026-03-31,learned_order_extension,20260912,0.5596881253002032,0.5596881253002032,1,1
fixed_transform_remove_only,3715,2026-05-22,2026-06-01,0.005068538126898,2026,2026-03-31,learned_order_extension,20260912,0.5372163620471974,0.5372163620471974,1,1
fixed_transform_remove_only,3720,2026-05-29,2026-06-08,-0.039635353927193,2026,2026-03-31,learned_order_extension,20260912,0.49187963495405057,0.49187963495405057,0,0
fixed_transform_remove_only,3725,2026-06-05,2026-06-15,0.0266849782195981,2026,2026-03-31,learned_order_extension,20260912,0.4753706784505547,0.4753706784505547,0,1
fixed_transform_remove_only,3730,2026-06-12,2026-06-29,0.0076098142791176,2026,2026-03-31,learned_order_extension,20260912,0.4627838003593273,0.4627838003593273,0,1
fixed_transform_remove_only,3739,2026-06-26,2026-07-06,0.0005137647861506,2026,2026-03-31,learned_order_extension,20260912,0.5390212298594507,0.5390212298594507,1,1
fixed_transform_remove_only,3684,2026-04-03,2026-04-13,0.0380736235508991,2026,2026-03-31,learned_order_offset,20260912,0.42039203855665225,0.42039203855665225,0,1
fixed_transform_remove_only,3688,2026-04-10,2026-04-20,0.0242766725964382,2026,2026-03-31,learned_order_offset,20260912,0.4544027235300591,0.4544027235300591,0,1
fixed_transform_remove_only,3693,2026-04-17,2026-04-27,0.010401572188011,2026,2026-03-31,learned_order_offset,20260912,0.40015425634493684,0.40015425634493684,0,1
fixed_transform_remove_only,3698,2026-04-24,2026-05-11,0.0263674696524953,2026,2026-03-31,learned_order_offset,20260912,0.4027954721881431,0.4027954721881431,0,1
fixed_transform_remove_only,3705,2026-05-08,2026-05-18,-0.0134529239455926,2026,2026-03-31,learned_order_offset,20260912,0.4621557284112658,0.4621557284112658,0,0
fixed_transform_remove_only,3710,2026-05-15,2026-05-25,0.0076235492615268,2026,2026-03-31,learned_order_offset,20260912,0.5598857838074596,0.5598857838074596,1,1
fixed_transform_remove_only,3715,2026-05-22,2026-06-01,0.005068538126898,2026,2026-03-31,learned_order_offset,20260912,0.537318402221832,0.537318402221832,1,1
fixed_transform_remove_only,3720,2026-05-29,2026-06-08,-0.039635353927193,2026,2026-03-31,learned_order_offset,20260912,0.4918669686023443,0.4918669686023443,0,0
fixed_transform_remove_only,3725,2026-06-05,2026-06-15,0.0266849782195981,2026,2026-03-31,learned_order_offset,20260912,0.47548795753803164,0.47548795753803164,0,1
fixed_transform_remove_only,3730,2026-06-12,2026-06-29,0.0076098142791176,2026,2026-03-31,learned_order_offset,20260912,0.4627249023820279,0.4627249023820279,0,1
fixed_transform_remove_only,3739,2026-06-26,2026-07-06,0.0005137647861506,2026,2026-03-31,learned_order_offset,20260912,0.5386797432049347,0.5386797432049347,1,1
fixed_transform_remove_only,3684,2026-04-03,2026-04-13,0.0380736235508991,2026,2026-03-31,training_frequency,-1,0.4808362369337979,0.4808362369337979,0,1
fixed_transform_remove_only,3688,2026-04-10,2026-04-20,0.0242766725964382,2026,2026-03-31,training_frequency,-1,0.4808362369337979,0.4808362369337979,0,1
fixed_transform_remove_only,3693,2026-04-17,2026-04-27,0.010401572188011,2026,2026-03-31,training_frequency,-1,0.4808362369337979,0.4808362369337979,0,1
fixed_transform_remove_only,3698,2026-04-24,2026-05-11,0.0263674696524953,2026,2026-03-31,training_frequency,-1,0.4808362369337979,0.4808362369337979,0,1
fixed_transform_remove_only,3705,2026-05-08,2026-05-18,-0.0134529239455926,2026,2026-03-31,training_frequency,-1,0.4808362369337979,0.4808362369337979,0,0
fixed_transform_remove_only,3710,2026-05-15,2026-05-25,0.0076235492615268,2026,2026-03-31,training_frequency,-1,0.4808362369337979,0.4808362369337979,0,1
fixed_transform_remove_only,3715,2026-05-22,2026-06-01,0.005068538126898,2026,2026-03-31,training_frequency,-1,0.4808362369337979,0.4808362369337979,0,1
fixed_transform_remove_only,3720,2026-05-29,2026-06-08,-0.039635353927193,2026,2026-03-31,training_frequency,-1,0.4808362369337979,0.4808362369337979,0,0
fixed_transform_remove_only,3725,2026-06-05,2026-06-15,0.0266849782195981,2026,2026-03-31,training_frequency,-1,0.4808362369337979,0.4808362369337979,0,1
fixed_transform_remove_only,3730,2026-06-12,2026-06-29,0.0076098142791176,2026,2026-03-31,training_frequency,-1,0.4808362369337979,0.4808362369337979,0,1
fixed_transform_remove_only,3739,2026-06-26,2026-07-06,0.0005137647861506,2026,2026-03-31,training_frequency,-1,0.4808362369337979,0.4808362369337979,0,1
fixed_transform_remove_only,3744,2026-07-03,2026-07-13,-0.0252847876365399,2026,2026-06-30,learned_market,20260910,0.523233858855886,0.523233858855886,1,0
fixed_transform_remove_only,3749,2026-07-10,2026-07-20,-0.035775397012711,2026,2026-06-30,learned_market,20260910,0.5907085614089267,0.5907085614089267,1,0
fixed_transform_remove_only,3754,2026-07-17,2026-07-27,0.01756245533441,2026,2026-06-30,learned_market,20260910,0.527036987263449,0.527036987263449,1,1
fixed_transform_remove_only,3759,2026-07-24,2026-08-03,-0.0202339761556519,2026,2026-06-30,learned_market,20260910,0.5158305431666067,0.5158305431666067,1,0
fixed_transform_remove_only,3764,2026-07-31,2026-08-10,0.0300318732435738,2026,2026-06-30,learned_market,20260910,0.2463885156430756,0.2463885156430756,0,1
fixed_transform_remove_only,3769,2026-08-07,2026-08-17,-0.0056482265760339,2026,2026-06-30,learned_market,20260910,0.48996056872409444,0.48996056872409444,0,0
fixed_transform_remove_only,3774,2026-08-14,2026-08-24,-0.0109860710402629,2026,2026-06-30,learned_market,20260910,0.5162196276329908,0.5162196276329908,1,0
fixed_transform_remove_only,3779,2026-08-21,2026-08-31,-0.0127592811002066,2026,2026-06-30,learned_market,20260910,0.6505590934699838,0.6505590934699838,1,0
fixed_transform_remove_only,3744,2026-07-03,2026-07-13,-0.0252847876365399,2026,2026-06-30,learned_vol_interaction,20260910,0.5346285919261906,0.5346285919261906,1,0
fixed_transform_remove_only,3749,2026-07-10,2026-07-20,-0.035775397012711,2026,2026-06-30,learned_vol_interaction,20260910,0.5860133944879187,0.5860133944879187,1,0
fixed_transform_remove_only,3754,2026-07-17,2026-07-27,0.01756245533441,2026,2026-06-30,learned_vol_interaction,20260910,0.5213207064192485,0.5213207064192485,1,1
fixed_transform_remove_only,3759,2026-07-24,2026-08-03,-0.0202339761556519,2026,2026-06-30,learned_vol_interaction,20260910,0.5158712305832688,0.5158712305832688,1,0
fixed_transform_remove_only,3764,2026-07-31,2026-08-10,0.0300318732435738,2026,2026-06-30,learned_vol_interaction,20260910,0.26657502836102587,0.26657502836102587,0,1
fixed_transform_remove_only,3769,2026-08-07,2026-08-17,-0.0056482265760339,2026,2026-06-30,learned_vol_interaction,20260910,0.48921651455771353,0.48921651455771353,0,0
fixed_transform_remove_only,3774,2026-08-14,2026-08-24,-0.0109860710402629,2026,2026-06-30,learned_vol_interaction,20260910,0.5130246921442699,0.5130246921442699,1,0
fixed_transform_remove_only,3779,2026-08-21,2026-08-31,-0.0127592811002066,2026,2026-06-30,learned_vol_interaction,20260910,0.6489470474584507,0.6489470474584507,1,0
fixed_transform_remove_only,3744,2026-07-03,2026-07-13,-0.0252847876365399,2026,2026-06-30,learned_order_extension,20260910,0.5565987455705468,0.5565987455705468,1,0
fixed_transform_remove_only,3749,2026-07-10,2026-07-20,-0.035775397012711,2026,2026-06-30,learned_order_extension,20260910,0.5378000118394475,0.5378000118394475,1,0
fixed_transform_remove_only,3754,2026-07-17,2026-07-27,0.01756245533441,2026,2026-06-30,learned_order_extension,20260910,0.4873381956324277,0.4873381956324277,0,1
fixed_transform_remove_only,3759,2026-07-24,2026-08-03,-0.0202339761556519,2026,2026-06-30,learned_order_extension,20260910,0.48443326485259075,0.48443326485259075,0,0
fixed_transform_remove_only,3764,2026-07-31,2026-08-10,0.0300318732435738,2026,2026-06-30,learned_order_extension,20260910,0.3252765894305663,0.3252765894305663,0,1
fixed_transform_remove_only,3769,2026-08-07,2026-08-17,-0.0056482265760339,2026,2026-06-30,learned_order_extension,20260910,0.4667239502467871,0.4667239502467871,0,0
fixed_transform_remove_only,3774,2026-08-14,2026-08-24,-0.0109860710402629,2026,2026-06-30,learned_order_extension,20260910,0.47849616820967433,0.47849616820967433,0,0
fixed_transform_remove_only,3779,2026-08-21,2026-08-31,-0.0127592811002066,2026,2026-06-30,learned_order_extension,20260910,0.5761508307022397,0.5761508307022397,1,0
fixed_transform_remove_only,3744,2026-07-03,2026-07-13,-0.0252847876365399,2026,2026-06-30,learned_order_offset,20260910,0.5584258262407111,0.5584258262407111,1,0
fixed_transform_remove_only,3749,2026-07-10,2026-07-20,-0.035775397012711,2026,2026-06-30,learned_order_offset,20260910,0.5377277637573762,0.5377277637573762,1,0
fixed_transform_remove_only,3754,2026-07-17,2026-07-27,0.01756245533441,2026,2026-06-30,learned_order_offset,20260910,0.4894073556837206,0.4894073556837206,0,1
fixed_transform_remove_only,3759,2026-07-24,2026-08-03,-0.0202339761556519,2026,2026-06-30,learned_order_offset,20260910,0.48766330617413334,0.48766330617413334,0,0
fixed_transform_remove_only,3764,2026-07-31,2026-08-10,0.0300318732435738,2026,2026-06-30,learned_order_offset,20260910,0.33171425688855644,0.33171425688855644,0,1
fixed_transform_remove_only,3769,2026-08-07,2026-08-17,-0.0056482265760339,2026,2026-06-30,learned_order_offset,20260910,0.4688601260379468,0.4688601260379468,0,0
fixed_transform_remove_only,3774,2026-08-14,2026-08-24,-0.0109860710402629,2026,2026-06-30,learned_order_offset,20260910,0.4801690986385246,0.4801690986385246,0,0
fixed_transform_remove_only,3779,2026-08-21,2026-08-31,-0.0127592811002066,2026,2026-06-30,learned_order_offset,20260910,0.5764862856452456,0.5764862856452456,1,0
fixed_transform_remove_only,3744,2026-07-03,2026-07-13,-0.0252847876365399,2026,2026-06-30,learned_market,20260911,0.4707289426368763,0.4707289426368763,0,0
fixed_transform_remove_only,3749,2026-07-10,2026-07-20,-0.035775397012711,2026,2026-06-30,learned_market,20260911,0.4223299317910438,0.4223299317910438,0,0
fixed_transform_remove_only,3754,2026-07-17,2026-07-27,0.01756245533441,2026,2026-06-30,learned_market,20260911,0.4318766954483525,0.4318766954483525,0,1
fixed_transform_remove_only,3759,2026-07-24,2026-08-03,-0.0202339761556519,2026,2026-06-30,learned_market,20260911,0.45458539378833374,0.45458539378833374,0,0
fixed_transform_remove_only,3764,2026-07-31,2026-08-10,0.0300318732435738,2026,2026-06-30,learned_market,20260911,0.42937863047073654,0.42937863047073654,0,1
fixed_transform_remove_only,3769,2026-08-07,2026-08-17,-0.0056482265760339,2026,2026-06-30,learned_market,20260911,0.31604525948427953,0.31604525948427953,0,0
fixed_transform_remove_only,3774,2026-08-14,2026-08-24,-0.0109860710402629,2026,2026-06-30,learned_market,20260911,0.4334067024976082,0.4334067024976082,0,0
fixed_transform_remove_only,3779,2026-08-21,2026-08-31,-0.0127592811002066,2026,2026-06-30,learned_market,20260911,0.41527823234659367,0.41527823234659367,0,0
fixed_transform_remove_only,3744,2026-07-03,2026-07-13,-0.0252847876365399,2026,2026-06-30,learned_vol_interaction,20260911,0.5170071216903805,0.5170071216903805,1,0
fixed_transform_remove_only,3749,2026-07-10,2026-07-20,-0.035775397012711,2026,2026-06-30,learned_vol_interaction,20260911,0.4782970439447777,0.4782970439447777,0,0
fixed_transform_remove_only,3754,2026-07-17,2026-07-27,0.01756245533441,2026,2026-06-30,learned_vol_interaction,20260911,0.45398828066468055,0.45398828066468055,0,1
fixed_transform_remove_only,3759,2026-07-24,2026-08-03,-0.0202339761556519,2026,2026-06-30,learned_vol_interaction,20260911,0.4839670102506377,0.4839670102506377,0,0
fixed_transform_remove_only,3764,2026-07-31,2026-08-10,0.0300318732435738,2026,2026-06-30,learned_vol_interaction,20260911,0.4552749561862844,0.4552749561862844,0,1
fixed_transform_remove_only,3769,2026-08-07,2026-08-17,-0.0056482265760339,2026,2026-06-30,learned_vol_interaction,20260911,0.37824679060701316,0.37824679060701316,0,0
fixed_transform_remove_only,3774,2026-08-14,2026-08-24,-0.0109860710402629,2026,2026-06-30,learned_vol_interaction,20260911,0.44307413590528655,0.44307413590528655,0,0
fixed_transform_remove_only,3779,2026-08-21,2026-08-31,-0.0127592811002066,2026,2026-06-30,learned_vol_interaction,20260911,0.428548189127158,0.428548189127158,0,0
fixed_transform_remove_only,3744,2026-07-03,2026-07-13,-0.0252847876365399,2026,2026-06-30,learned_order_extension,20260911,0.48013572357994083,0.48013572357994083,0,0
fixed_transform_remove_only,3749,2026-07-10,2026-07-20,-0.035775397012711,2026,2026-06-30,learned_order_extension,20260911,0.43128915791748657,0.43128915791748657,0,0
fixed_transform_remove_only,3754,2026-07-17,2026-07-27,0.01756245533441,2026,2026-06-30,learned_order_extension,20260911,0.44197755469553546,0.44197755469553546,0,1
fixed_transform_remove_only,3759,2026-07-24,2026-08-03,-0.0202339761556519,2026,2026-06-30,learned_order_extension,20260911,0.474159081996482,0.474159081996482,0,0
fixed_transform_remove_only,3764,2026-07-31,2026-08-10,0.0300318732435738,2026,2026-06-30,learned_order_extension,20260911,0.4444675120501446,0.4444675120501446,0,1
fixed_transform_remove_only,3769,2026-08-07,2026-08-17,-0.0056482265760339,2026,2026-06-30,learned_order_extension,20260911,0.31950038729865937,0.31950038729865937,0,0
fixed_transform_remove_only,3774,2026-08-14,2026-08-24,-0.0109860710402629,2026,2026-06-30,learned_order_extension,20260911,0.4494850849721498,0.4494850849721498,0,0
fixed_transform_remove_only,3779,2026-08-21,2026-08-31,-0.0127592811002066,2026,2026-06-30,learned_order_extension,20260911,0.4331510643104024,0.4331510643104024,0,0
fixed_transform_remove_only,3744,2026-07-03,2026-07-13,-0.0252847876365399,2026,2026-06-30,learned_order_offset,20260911,0.4783478711697575,0.4783478711697575,0,0
fixed_transform_remove_only,3749,2026-07-10,2026-07-20,-0.035775397012711,2026,2026-06-30,learned_order_offset,20260911,0.4289818340607388,0.4289818340607388,0,0
fixed_transform_remove_only,3754,2026-07-17,2026-07-27,0.01756245533441,2026,2026-06-30,learned_order_offset,20260911,0.4395506943463945,0.4395506943463945,0,1
fixed_transform_remove_only,3759,2026-07-24,2026-08-03,-0.0202339761556519,2026,2026-06-30,learned_order_offset,20260911,0.47148891363535056,0.47148891363535056,0,0
fixed_transform_remove_only,3764,2026-07-31,2026-08-10,0.0300318732435738,2026,2026-06-30,learned_order_offset,20260911,0.44138598725470957,0.44138598725470957,0,1
fixed_transform_remove_only,3769,2026-08-07,2026-08-17,-0.0056482265760339,2026,2026-06-30,learned_order_offset,20260911,0.3178390548141058,0.3178390548141058,0,0
fixed_transform_remove_only,3774,2026-08-14,2026-08-24,-0.0109860710402629,2026,2026-06-30,learned_order_offset,20260911,0.4465497825504833,0.4465497825504833,0,0
fixed_transform_remove_only,3779,2026-08-21,2026-08-31,-0.0127592811002066,2026,2026-06-30,learned_order_offset,20260911,0.43032317485133337,0.43032317485133337,0,0
fixed_transform_remove_only,3744,2026-07-03,2026-07-13,-0.0252847876365399,2026,2026-06-30,learned_market,20260912,0.5099292861895142,0.5099292861895142,1,0
fixed_transform_remove_only,3749,2026-07-10,2026-07-20,-0.035775397012711,2026,2026-06-30,learned_market,20260912,0.5573478106911111,0.5573478106911111,1,0
fixed_transform_remove_only,3754,2026-07-17,2026-07-27,0.01756245533441,2026,2026-06-30,learned_market,20260912,0.43446904623150895,0.43446904623150895,0,1
fixed_transform_remove_only,3759,2026-07-24,2026-08-03,-0.0202339761556519,2026,2026-06-30,learned_market,20260912,0.45816344584712787,0.45816344584712787,0,0
fixed_transform_remove_only,3764,2026-07-31,2026-08-10,0.0300318732435738,2026,2026-06-30,learned_market,20260912,0.4513301089723182,0.4513301089723182,0,1
fixed_transform_remove_only,3769,2026-08-07,2026-08-17,-0.0056482265760339,2026,2026-06-30,learned_market,20260912,0.5093294265033907,0.5093294265033907,1,0
fixed_transform_remove_only,3774,2026-08-14,2026-08-24,-0.0109860710402629,2026,2026-06-30,learned_market,20260912,0.4971567228070148,0.4971567228070148,0,0
fixed_transform_remove_only,3779,2026-08-21,2026-08-31,-0.0127592811002066,2026,2026-06-30,learned_market,20260912,0.4367656358080004,0.4367656358080004,0,0
fixed_transform_remove_only,3744,2026-07-03,2026-07-13,-0.0252847876365399,2026,2026-06-30,learned_vol_interaction,20260912,0.5193481667918293,0.5193481667918293,1,0
fixed_transform_remove_only,3749,2026-07-10,2026-07-20,-0.035775397012711,2026,2026-06-30,learned_vol_interaction,20260912,0.5593074213135093,0.5593074213135093,1,0
fixed_transform_remove_only,3754,2026-07-17,2026-07-27,0.01756245533441,2026,2026-06-30,learned_vol_interaction,20260912,0.48923889897528233,0.48923889897528233,0,1
fixed_transform_remove_only,3759,2026-07-24,2026-08-03,-0.0202339761556519,2026,2026-06-30,learned_vol_interaction,20260912,0.500429262636982,0.500429262636982,1,0
fixed_transform_remove_only,3764,2026-07-31,2026-08-10,0.0300318732435738,2026,2026-06-30,learned_vol_interaction,20260912,0.4705995284942483,0.4705995284942483,0,1
fixed_transform_remove_only,3769,2026-08-07,2026-08-17,-0.0056482265760339,2026,2026-06-30,learned_vol_interaction,20260912,0.48913125192846774,0.48913125192846774,0,0
fixed_transform_remove_only,3774,2026-08-14,2026-08-24,-0.0109860710402629,2026,2026-06-30,learned_vol_interaction,20260912,0.4915259187569891,0.4915259187569891,0,0
fixed_transform_remove_only,3779,2026-08-21,2026-08-31,-0.0127592811002066,2026,2026-06-30,learned_vol_interaction,20260912,0.43272816396109115,0.43272816396109115,0,0
fixed_transform_remove_only,3744,2026-07-03,2026-07-13,-0.0252847876365399,2026,2026-06-30,learned_order_extension,20260912,0.5076744909904077,0.5076744909904077,1,0
fixed_transform_remove_only,3749,2026-07-10,2026-07-20,-0.035775397012711,2026,2026-06-30,learned_order_extension,20260912,0.559231176391716,0.559231176391716,1,0
fixed_transform_remove_only,3754,2026-07-17,2026-07-27,0.01756245533441,2026,2026-06-30,learned_order_extension,20260912,0.48235485843208564,0.48235485843208564,0,1
fixed_transform_remove_only,3759,2026-07-24,2026-08-03,-0.0202339761556519,2026,2026-06-30,learned_order_extension,20260912,0.48938848413054653,0.48938848413054653,0,0
fixed_transform_remove_only,3764,2026-07-31,2026-08-10,0.0300318732435738,2026,2026-06-30,learned_order_extension,20260912,0.4605837308741322,0.4605837308741322,0,1
fixed_transform_remove_only,3769,2026-08-07,2026-08-17,-0.0056482265760339,2026,2026-06-30,learned_order_extension,20260912,0.49695837982762414,0.49695837982762414,0,0
fixed_transform_remove_only,3774,2026-08-14,2026-08-24,-0.0109860710402629,2026,2026-06-30,learned_order_extension,20260912,0.49688598039122145,0.49688598039122145,0,0
fixed_transform_remove_only,3779,2026-08-21,2026-08-31,-0.0127592811002066,2026,2026-06-30,learned_order_extension,20260912,0.43994405592686686,0.43994405592686686,0,0
fixed_transform_remove_only,3744,2026-07-03,2026-07-13,-0.0252847876365399,2026,2026-06-30,learned_order_offset,20260912,0.5076528356965411,0.5076528356965411,1,0
fixed_transform_remove_only,3749,2026-07-10,2026-07-20,-0.035775397012711,2026,2026-06-30,learned_order_offset,20260912,0.5589441402526479,0.5589441402526479,1,0
fixed_transform_remove_only,3754,2026-07-17,2026-07-27,0.01756245533441,2026,2026-06-30,learned_order_offset,20260912,0.48142965099627305,0.48142965099627305,0,1
fixed_transform_remove_only,3759,2026-07-24,2026-08-03,-0.0202339761556519,2026,2026-06-30,learned_order_offset,20260912,0.4886371912992918,0.4886371912992918,0,0
fixed_transform_remove_only,3764,2026-07-31,2026-08-10,0.0300318732435738,2026,2026-06-30,learned_order_offset,20260912,0.46003659411682857,0.46003659411682857,0,1
fixed_transform_remove_only,3769,2026-08-07,2026-08-17,-0.0056482265760339,2026,2026-06-30,learned_order_offset,20260912,0.4966206438746187,0.4966206438746187,0,0
fixed_transform_remove_only,3774,2026-08-14,2026-08-24,-0.0109860710402629,2026,2026-06-30,learned_order_offset,20260912,0.49620174403520567,0.49620174403520567,0,0
fixed_transform_remove_only,3779,2026-08-21,2026-08-31,-0.0127592811002066,2026,2026-06-30,learned_order_offset,20260912,0.43922596858948576,0.43922596858948576,0,0
fixed_transform_remove_only,3744,2026-07-03,2026-07-13,-0.0252847876365399,2026,2026-06-30,training_frequency,-1,0.4806985294117647,0.4806985294117647,0,0
fixed_transform_remove_only,3749,2026-07-10,2026-07-20,-0.035775397012711,2026,2026-06-30,training_frequency,-1,0.4806985294117647,0.4806985294117647,0,0
fixed_transform_remove_only,3754,2026-07-17,2026-07-27,0.01756245533441,2026,2026-06-30,training_frequency,-1,0.4806985294117647,0.4806985294117647,0,1
fixed_transform_remove_only,3759,2026-07-24,2026-08-03,-0.0202339761556519,2026,2026-06-30,training_frequency,-1,0.4806985294117647,0.4806985294117647,0,0
fixed_transform_remove_only,3764,2026-07-31,2026-08-10,0.0300318732435738,2026,2026-06-30,training_frequency,-1,0.4806985294117647,0.4806985294117647,0,1
fixed_transform_remove_only,3769,2026-08-07,2026-08-17,-0.0056482265760339,2026,2026-06-30,training_frequency,-1,0.4806985294117647,0.4806985294117647,0,0
fixed_transform_remove_only,3774,2026-08-14,2026-08-24,-0.0109860710402629,2026,2026-06-30,training_frequency,-1,0.4806985294117647,0.4806985294117647,0,0
fixed_transform_remove_only,3779,2026-08-21,2026-08-31,-0.0127592811002066,2026,2026-06-30,training_frequency,-1,0.4806985294117647,0.4806985294117647,0,0
fixed_transform_remove_only,2418,2021-01-08,2021-01-18,-0.0120052904669853,2021,2020-12-31,native_mse,20260910,-0.00016719672473286887,,0,0
fixed_transform_remove_only,2423,2021-01-15,2021-01-25,0.0231622460538123,2021,2020-12-31,native_mse,20260910,-0.0024576018862454926,,0,1
fixed_transform_remove_only,2428,2021-01-22,2021-02-01,-0.0372511735907923,2021,2020-12-31,native_mse,20260910,-0.003647746896638798,,0,0
fixed_transform_remove_only,2433,2021-01-29,2021-02-08,0.0278689901714626,2021,2020-12-31,native_mse,20260910,-0.0025472735860022446,,0,1
fixed_transform_remove_only,2438,2021-02-05,2021-02-22,0.0507379035040882,2021,2020-12-31,native_mse,20260910,-0.0030793775400414984,,0,1
fixed_transform_remove_only,2443,2021-02-19,2021-03-01,-0.0684918010685315,2021,2020-12-31,native_mse,20260910,-0.0023490676188242655,,0,0
fixed_transform_remove_only,2448,2021-02-26,2021-03-08,-0.0165997123904068,2021,2020-12-31,native_mse,20260910,-0.0023665663755005908,,0,0
fixed_transform_remove_only,2453,2021-03-05,2021-03-15,-0.0346560901469681,2021,2020-12-31,native_mse,20260910,-0.0014253865572098575,,0,0
fixed_transform_remove_only,2458,2021-03-12,2021-03-22,-0.0210550182560221,2021,2020-12-31,native_mse,20260910,-0.0005000901973691782,,0,0
fixed_transform_remove_only,2463,2021-03-19,2021-03-29,0.0087572877565691,2021,2020-12-31,native_mse,20260910,0.006023340982564988,,1,1
fixed_transform_remove_only,2468,2021-03-26,2021-04-06,0.0250145479448802,2021,2020-12-31,native_mse,20260910,0.005598392317839315,,1,1
fixed_transform_remove_only,2473,2021-04-02,2021-04-12,-0.0292856811827044,2021,2020-12-31,native_mse,20260910,0.0036485752776130036,,1,0
fixed_transform_remove_only,2477,2021-04-09,2021-04-19,-0.0120489836840408,2021,2020-12-31,native_mse,20260910,0.007350243400305611,,1,0
fixed_transform_remove_only,2482,2021-04-16,2021-04-26,0.0382932540809155,2021,2020-12-31,native_mse,20260910,0.002900059176571625,,1,1
fixed_transform_remove_only,2487,2021-04-23,2021-05-06,-0.0112070185917437,2021,2020-12-31,native_mse,20260910,0.007596625467989239,,1,0
fixed_transform_remove_only,2492,2021-04-30,2021-05-12,-0.0190946889464188,2021,2020-12-31,native_mse,20260910,0.007105998256782256,,1,0
fixed_transform_remove_only,2494,2021-05-07,2021-05-17,0.0227674429764228,2021,2020-12-31,native_mse,20260910,0.0072995237328683515,,1,1
fixed_transform_remove_only,2499,2021-05-14,2021-05-24,0.0045940519733895,2021,2020-12-31,native_mse,20260910,0.006906583839110419,,1,1
fixed_transform_remove_only,2504,2021-05-21,2021-05-31,0.0348855085126711,2021,2020-12-31,native_mse,20260910,0.0039949465805707365,,1,1
fixed_transform_remove_only,2509,2021-05-28,2021-06-07,-0.0062409741861724,2021,2020-12-31,native_mse,20260910,0.004302626766656515,,1,0
fixed_transform_remove_only,2514,2021-06-04,2021-06-15,-0.0125508761771767,2021,2020-12-31,native_mse,20260910,0.0018010688105476373,,1,0
fixed_transform_remove_only,2519,2021-06-11,2021-06-21,-0.0250011497424577,2021,2020-12-31,native_mse,20260910,-0.0027939130847951473,,0,0
fixed_transform_remove_only,2523,2021-06-18,2021-06-28,0.0325308711127356,2021,2020-12-31,native_mse,20260910,-0.0024054667576293687,,0,1
fixed_transform_remove_only,2528,2021-06-25,2021-07-05,-0.0342297962734196,2021,2020-12-31,native_mse,20260910,-0.0021641013171994155,,0,0
fixed_transform_remove_only,2533,2021-07-02,2021-07-12,0.0068193733271841,2021,2020-12-31,native_mse,20260910,-0.002740282150259048,,0,1
fixed_transform_remove_only,2538,2021-07-09,2021-07-19,-0.0048254045313779,2021,2020-12-31,native_mse,20260910,-0.0025804416168060183,,0,0
fixed_transform_remove_only,2543,2021-07-16,2021-07-26,-0.0032299118953994,2021,2020-12-31,native_mse,20260910,-0.0035112489700114967,,0,0
fixed_transform_remove_only,2548,2021-07-23,2021-08-02,-0.0537740931579083,2021,2020-12-31,native_mse,20260910,-0.002252148085559406,,0,0
fixed_transform_remove_only,2553,2021-07-30,2021-08-09,0.019904813945049,2021,2020-12-31,native_mse,20260910,-0.0013935392955686378,,0,1
fixed_transform_remove_only,2558,2021-08-06,2021-08-16,0.0093369268709639,2021,2020-12-31,native_mse,20260910,-0.0008547058545780883,,0,1
fixed_transform_remove_only,2563,2021-08-13,2021-08-23,-0.032048736608373,2021,2020-12-31,native_mse,20260910,-0.0010996712313164061,,0,0
fixed_transform_remove_only,2568,2021-08-20,2021-08-30,0.0145047962107527,2021,2020-12-31,native_mse,20260910,0.0014984460902095808,,1,1
fixed_transform_remove_only,2573,2021-08-27,2021-09-06,-0.0012316820816045,2021,2020-12-31,native_mse,20260910,0.006590900742918945,,1,0
fixed_transform_remove_only,2578,2021-09-03,2021-09-13,0.0342301066295398,2021,2020-12-31,native_mse,20260910,0.009486980636077728,,1,1
fixed_transform_remove_only,2583,2021-09-10,2021-09-22,-0.0471441667981554,2021,2020-12-31,native_mse,20260910,0.009371153033789907,,1,0
fixed_transform_remove_only,2588,2021-09-17,2021-09-28,0.0209863060789441,2021,2020-12-31,native_mse,20260910,0.009603132896707183,,1,1
fixed_transform_remove_only,2591,2021-09-24,2021-10-11,0.0144615416200457,2021,2020-12-31,native_mse,20260910,0.009682760274058575,,1,1
fixed_transform_remove_only,2596,2021-10-08,2021-10-18,-0.0038006269617851,2021,2020-12-31,native_mse,20260910,0.009091248352644028,,1,0
fixed_transform_remove_only,2601,2021-10-15,2021-10-25,0.0037358989621147,2021,2020-12-31,native_mse,20260910,0.008469619450977196,,1,1
fixed_transform_remove_only,2606,2021-10-22,2021-11-01,-0.0127041632091318,2021,2020-12-31,native_mse,20260910,0.0008933657456787875,,1,0
fixed_transform_remove_only,2611,2021-10-29,2021-11-08,-0.0075807737801166,2021,2020-12-31,native_mse,20260910,0.002406790555140204,,1,0
fixed_transform_remove_only,2616,2021-11-05,2021-11-15,0.0110015182343039,2021,2020-12-31,native_mse,20260910,0.004495816516502967,,1,1
fixed_transform_remove_only,2621,2021-11-12,2021-11-22,0.0002002284238551,2021,2020-12-31,native_mse,20260910,0.008345328596010884,,1,1
fixed_transform_remove_only,2626,2021-11-19,2021-11-29,-0.0153981603100059,2021,2020-12-31,native_mse,20260910,0.006936498727743483,,1,0
fixed_transform_remove_only,2631,2021-11-26,2021-12-06,0.0185518287306458,2021,2020-12-31,native_mse,20260910,0.0043122154605937865,,1,1
fixed_transform_remove_only,2636,2021-12-03,2021-12-13,0.0367843110096284,2021,2020-12-31,native_mse,20260910,0.003903132217743633,,1,1
fixed_transform_remove_only,2641,2021-12-10,2021-12-20,-0.0304615698955996,2021,2020-12-31,native_mse,20260910,0.0011584734670292821,,1,0
fixed_transform_remove_only,2646,2021-12-17,2021-12-27,-0.0034083287233763,2021,2020-12-31,native_mse,20260910,0.008060168302998738,,1,0
fixed_transform_remove_only,2651,2021-12-24,2022-01-04,0.0080985736506613,2021,2020-12-31,native_mse,20260910,0.0074924187486900135,,1,1
fixed_transform_remove_only,2656,2021-12-31,2022-01-10,-0.0293970528320001,2021,2020-12-31,native_mse,20260910,0.008334791957105143,,1,0
fixed_transform_remove_only,2418,2021-01-08,2021-01-18,-0.0120052904669853,2021,2020-12-31,native_mse,20260911,0.008552411017393067,,1,0
fixed_transform_remove_only,2423,2021-01-15,2021-01-25,0.0231622460538123,2021,2020-12-31,native_mse,20260911,0.004218820233000888,,1,1
fixed_transform_remove_only,2428,2021-01-22,2021-02-01,-0.0372511735907923,2021,2020-12-31,native_mse,20260911,0.004959951689017089,,1,0
fixed_transform_remove_only,2433,2021-01-29,2021-02-08,0.0278689901714626,2021,2020-12-31,native_mse,20260911,-0.006242641410233065,,0,1
fixed_transform_remove_only,2438,2021-02-05,2021-02-22,0.0507379035040882,2021,2020-12-31,native_mse,20260911,0.0007951359987466982,,1,1
fixed_transform_remove_only,2443,2021-02-19,2021-03-01,-0.0684918010685315,2021,2020-12-31,native_mse,20260911,-0.0016330918552967294,,0,0
fixed_transform_remove_only,2448,2021-02-26,2021-03-08,-0.0165997123904068,2021,2020-12-31,native_mse,20260911,-0.00533638880364651,,0,0
fixed_transform_remove_only,2453,2021-03-05,2021-03-15,-0.0346560901469681,2021,2020-12-31,native_mse,20260911,-0.011674592766508288,,0,0
fixed_transform_remove_only,2458,2021-03-12,2021-03-22,-0.0210550182560221,2021,2020-12-31,native_mse,20260911,-0.007847066861436623,,0,0
fixed_transform_remove_only,2463,2021-03-19,2021-03-29,0.0087572877565691,2021,2020-12-31,native_mse,20260911,-0.0039060339233599494,,0,1
fixed_transform_remove_only,2468,2021-03-26,2021-04-06,0.0250145479448802,2021,2020-12-31,native_mse,20260911,0.0009273635613917179,,1,1
fixed_transform_remove_only,2473,2021-04-02,2021-04-12,-0.0292856811827044,2021,2020-12-31,native_mse,20260911,-0.0027355840325147787,,0,0
fixed_transform_remove_only,2477,2021-04-09,2021-04-19,-0.0120489836840408,2021,2020-12-31,native_mse,20260911,-0.0036343506408249315,,0,0
fixed_transform_remove_only,2482,2021-04-16,2021-04-26,0.0382932540809155,2021,2020-12-31,native_mse,20260911,-0.0006724515978878938,,0,1
fixed_transform_remove_only,2487,2021-04-23,2021-05-06,-0.0112070185917437,2021,2020-12-31,native_mse,20260911,0.0055289088739753755,,1,0
fixed_transform_remove_only,2492,2021-04-30,2021-05-12,-0.0190946889464188,2021,2020-12-31,native_mse,20260911,0.0033327575219957396,,1,0
fixed_transform_remove_only,2494,2021-05-07,2021-05-17,0.0227674429764228,2021,2020-12-31,native_mse,20260911,0.0021669511395786133,,1,1
fixed_transform_remove_only,2499,2021-05-14,2021-05-24,0.0045940519733895,2021,2020-12-31,native_mse,20260911,0.0011114542693073139,,1,1
fixed_transform_remove_only,2504,2021-05-21,2021-05-31,0.0348855085126711,2021,2020-12-31,native_mse,20260911,0.008400289317996804,,1,1
fixed_transform_remove_only,2509,2021-05-28,2021-06-07,-0.0062409741861724,2021,2020-12-31,native_mse,20260911,0.0007953145198423817,,1,0
fixed_transform_remove_only,2514,2021-06-04,2021-06-15,-0.0125508761771767,2021,2020-12-31,native_mse,20260911,-0.007020166164517651,,0,0
fixed_transform_remove_only,2519,2021-06-11,2021-06-21,-0.0250011497424577,2021,2020-12-31,native_mse,20260911,-0.008619872591947365,,0,0
fixed_transform_remove_only,2523,2021-06-18,2021-06-28,0.0325308711127356,2021,2020-12-31,native_mse,20260911,-0.008791375820448139,,0,1
fixed_transform_remove_only,2528,2021-06-25,2021-07-05,-0.0342297962734196,2021,2020-12-31,native_mse,20260911,-0.008045520831514462,,0,0
fixed_transform_remove_only,2533,2021-07-02,2021-07-12,0.0068193733271841,2021,2020-12-31,native_mse,20260911,-0.007174844548354277,,0,1
fixed_transform_remove_only,2538,2021-07-09,2021-07-19,-0.0048254045313779,2021,2020-12-31,native_mse,20260911,-0.015340492927170088,,0,0
fixed_transform_remove_only,2543,2021-07-16,2021-07-26,-0.0032299118953994,2021,2020-12-31,native_mse,20260911,-0.005208717730643443,,0,0
fixed_transform_remove_only,2548,2021-07-23,2021-08-02,-0.0537740931579083,2021,2020-12-31,native_mse,20260911,-0.005850917345567664,,0,0
fixed_transform_remove_only,2553,2021-07-30,2021-08-09,0.019904813945049,2021,2020-12-31,native_mse,20260911,-0.0028205260505218244,,0,1
fixed_transform_remove_only,2558,2021-08-06,2021-08-16,0.0093369268709639,2021,2020-12-31,native_mse,20260911,0.0007831311211854701,,1,1
fixed_transform_remove_only,2563,2021-08-13,2021-08-23,-0.032048736608373,2021,2020-12-31,native_mse,20260911,-0.0005906639308137641,,0,0
fixed_transform_remove_only,2568,2021-08-20,2021-08-30,0.0145047962107527,2021,2020-12-31,native_mse,20260911,-0.004641917146108556,,0,1
fixed_transform_remove_only,2573,2021-08-27,2021-09-06,-0.0012316820816045,2021,2020-12-31,native_mse,20260911,0.014579973106645959,,1,0
fixed_transform_remove_only,2578,2021-09-03,2021-09-13,0.0342301066295398,2021,2020-12-31,native_mse,20260911,0.008593989010996025,,1,1
fixed_transform_remove_only,2583,2021-09-10,2021-09-22,-0.0471441667981554,2021,2020-12-31,native_mse,20260911,0.008313547741757724,,1,0
fixed_transform_remove_only,2588,2021-09-17,2021-09-28,0.0209863060789441,2021,2020-12-31,native_mse,20260911,0.01165935650344279,,1,1
fixed_transform_remove_only,2591,2021-09-24,2021-10-11,0.0144615416200457,2021,2020-12-31,native_mse,20260911,0.005518532924551857,,1,1
fixed_transform_remove_only,2596,2021-10-08,2021-10-18,-0.0038006269617851,2021,2020-12-31,native_mse,20260911,0.012263523541426666,,1,0
fixed_transform_remove_only,2601,2021-10-15,2021-10-25,0.0037358989621147,2021,2020-12-31,native_mse,20260911,0.005744974739242532,,1,1
fixed_transform_remove_only,2606,2021-10-22,2021-11-01,-0.0127041632091318,2021,2020-12-31,native_mse,20260911,-0.002876912071818175,,0,0
fixed_transform_remove_only,2611,2021-10-29,2021-11-08,-0.0075807737801166,2021,2020-12-31,native_mse,20260911,0.007299876265916085,,1,0
fixed_transform_remove_only,2616,2021-11-05,2021-11-15,0.0110015182343039,2021,2020-12-31,native_mse,20260911,0.01509194783358179,,1,1
fixed_transform_remove_only,2621,2021-11-12,2021-11-22,0.0002002284238551,2021,2020-12-31,native_mse,20260911,0.015091062401740971,,1,1
fixed_transform_remove_only,2626,2021-11-19,2021-11-29,-0.0153981603100059,2021,2020-12-31,native_mse,20260911,0.0038828482450291406,,1,0
fixed_transform_remove_only,2631,2021-11-26,2021-12-06,0.0185518287306458,2021,2020-12-31,native_mse,20260911,0.012319022901115752,,1,1
fixed_transform_remove_only,2636,2021-12-03,2021-12-13,0.0367843110096284,2021,2020-12-31,native_mse,20260911,-0.0032795392457900994,,0,1
fixed_transform_remove_only,2641,2021-12-10,2021-12-20,-0.0304615698955996,2021,2020-12-31,native_mse,20260911,0.0011267436480836153,,1,0
fixed_transform_remove_only,2646,2021-12-17,2021-12-27,-0.0034083287233763,2021,2020-12-31,native_mse,20260911,0.009051863032613542,,1,0
fixed_transform_remove_only,2651,2021-12-24,2022-01-04,0.0080985736506613,2021,2020-12-31,native_mse,20260911,0.011692479032888078,,1,1
fixed_transform_remove_only,2656,2021-12-31,2022-01-10,-0.0293970528320001,2021,2020-12-31,native_mse,20260911,0.0061027978323025915,,1,0
fixed_transform_remove_only,2418,2021-01-08,2021-01-18,-0.0120052904669853,2021,2020-12-31,native_mse,20260912,0.001397497585867654,,1,0
fixed_transform_remove_only,2423,2021-01-15,2021-01-25,0.0231622460538123,2021,2020-12-31,native_mse,20260912,0.0006715229500529757,,1,1
fixed_transform_remove_only,2428,2021-01-22,2021-02-01,-0.0372511735907923,2021,2020-12-31,native_mse,20260912,0.0008989216255188498,,1,0
fixed_transform_remove_only,2433,2021-01-29,2021-02-08,0.0278689901714626,2021,2020-12-31,native_mse,20260912,0.0007959764416317159,,1,1
fixed_transform_remove_only,2438,2021-02-05,2021-02-22,0.0507379035040882,2021,2020-12-31,native_mse,20260912,0.0012803740659475327,,1,1
fixed_transform_remove_only,2443,2021-02-19,2021-03-01,-0.0684918010685315,2021,2020-12-31,native_mse,20260912,0.0009133829615551264,,1,0
fixed_transform_remove_only,2448,2021-02-26,2021-03-08,-0.0165997123904068,2021,2020-12-31,native_mse,20260912,0.0013704992420810927,,1,0
fixed_transform_remove_only,2453,2021-03-05,2021-03-15,-0.0346560901469681,2021,2020-12-31,native_mse,20260912,0.0008756814992302536,,1,0
fixed_transform_remove_only,2458,2021-03-12,2021-03-22,-0.0210550182560221,2021,2020-12-31,native_mse,20260912,0.0011757184818956695,,1,0
fixed_transform_remove_only,2463,2021-03-19,2021-03-29,0.0087572877565691,2021,2020-12-31,native_mse,20260912,0.0010792053864410744,,1,1
fixed_transform_remove_only,2468,2021-03-26,2021-04-06,0.0250145479448802,2021,2020-12-31,native_mse,20260912,0.0011499309968955886,,1,1
fixed_transform_remove_only,2473,2021-04-02,2021-04-12,-0.0292856811827044,2021,2020-12-31,native_mse,20260912,0.0010410156043567688,,1,0
fixed_transform_remove_only,2477,2021-04-09,2021-04-19,-0.0120489836840408,2021,2020-12-31,native_mse,20260912,0.0015346227958627386,,1,0
fixed_transform_remove_only,2482,2021-04-16,2021-04-26,0.0382932540809155,2021,2020-12-31,native_mse,20260912,0.001333459240383137,,1,1
fixed_transform_remove_only,2487,2021-04-23,2021-05-06,-0.0112070185917437,2021,2020-12-31,native_mse,20260912,0.0016691075435783544,,1,0
fixed_transform_remove_only,2492,2021-04-30,2021-05-12,-0.0190946889464188,2021,2020-12-31,native_mse,20260912,0.0008697905080337705,,1,0
fixed_transform_remove_only,2494,2021-05-07,2021-05-17,0.0227674429764228,2021,2020-12-31,native_mse,20260912,0.0011496090030479206,,1,1
fixed_transform_remove_only,2499,2021-05-14,2021-05-24,0.0045940519733895,2021,2020-12-31,native_mse,20260912,0.0010483063772099349,,1,1
fixed_transform_remove_only,2504,2021-05-21,2021-05-31,0.0348855085126711,2021,2020-12-31,native_mse,20260912,0.0011439525898009322,,1,1
fixed_transform_remove_only,2509,2021-05-28,2021-06-07,-0.0062409741861724,2021,2020-12-31,native_mse,20260912,0.0011525125328662067,,1,0
fixed_transform_remove_only,2514,2021-06-04,2021-06-15,-0.0125508761771767,2021,2020-12-31,native_mse,20260912,0.0007128828650729158,,1,0
fixed_transform_remove_only,2519,2021-06-11,2021-06-21,-0.0250011497424577,2021,2020-12-31,native_mse,20260912,0.0008407535701623152,,1,0
fixed_transform_remove_only,2523,2021-06-18,2021-06-28,0.0325308711127356,2021,2020-12-31,native_mse,20260912,0.0005295128002944305,,1,1
fixed_transform_remove_only,2528,2021-06-25,2021-07-05,-0.0342297962734196,2021,2020-12-31,native_mse,20260912,0.0004392776625445282,,1,0
fixed_transform_remove_only,2533,2021-07-02,2021-07-12,0.0068193733271841,2021,2020-12-31,native_mse,20260912,0.0008802423955353033,,1,1
fixed_transform_remove_only,2538,2021-07-09,2021-07-19,-0.0048254045313779,2021,2020-12-31,native_mse,20260912,0.001025036941487719,,1,0
fixed_transform_remove_only,2543,2021-07-16,2021-07-26,-0.0032299118953994,2021,2020-12-31,native_mse,20260912,0.0009848540154367372,,1,0
fixed_transform_remove_only,2548,2021-07-23,2021-08-02,-0.0537740931579083,2021,2020-12-31,native_mse,20260912,0.0010837390229232473,,1,0
fixed_transform_remove_only,2553,2021-07-30,2021-08-09,0.019904813945049,2021,2020-12-31,native_mse,20260912,0.0007753634039124927,,1,1
fixed_transform_remove_only,2558,2021-08-06,2021-08-16,0.0093369268709639,2021,2020-12-31,native_mse,20260912,0.0010686946751112278,,1,1
fixed_transform_remove_only,2563,2021-08-13,2021-08-23,-0.032048736608373,2021,2020-12-31,native_mse,20260912,0.0016819071064647707,,1,0
fixed_transform_remove_only,2568,2021-08-20,2021-08-30,0.0145047962107527,2021,2020-12-31,native_mse,20260912,0.0015674609930577542,,1,1
fixed_transform_remove_only,2573,2021-08-27,2021-09-06,-0.0012316820816045,2021,2020-12-31,native_mse,20260912,0.0015518786224257932,,1,0
fixed_transform_remove_only,2578,2021-09-03,2021-09-13,0.0342301066295398,2021,2020-12-31,native_mse,20260912,0.0015775578367383941,,1,1
fixed_transform_remove_only,2583,2021-09-10,2021-09-22,-0.0471441667981554,2021,2020-12-31,native_mse,20260912,0.00097730888589041,,1,0
fixed_transform_remove_only,2588,2021-09-17,2021-09-28,0.0209863060789441,2021,2020-12-31,native_mse,20260912,0.0010514539644274003,,1,1
fixed_transform_remove_only,2591,2021-09-24,2021-10-11,0.0144615416200457,2021,2020-12-31,native_mse,20260912,0.0009736007301348337,,1,1
fixed_transform_remove_only,2596,2021-10-08,2021-10-18,-0.0038006269617851,2021,2020-12-31,native_mse,20260912,0.0017059097904301645,,1,0
fixed_transform_remove_only,2601,2021-10-15,2021-10-25,0.0037358989621147,2021,2020-12-31,native_mse,20260912,0.0013112113818953192,,1,1
fixed_transform_remove_only,2606,2021-10-22,2021-11-01,-0.0127041632091318,2021,2020-12-31,native_mse,20260912,0.001166627382206441,,1,0
fixed_transform_remove_only,2611,2021-10-29,2021-11-08,-0.0075807737801166,2021,2020-12-31,native_mse,20260912,0.0010497018546840582,,1,0
fixed_transform_remove_only,2616,2021-11-05,2021-11-15,0.0110015182343039,2021,2020-12-31,native_mse,20260912,0.0009666279543883876,,1,1
fixed_transform_remove_only,2621,2021-11-12,2021-11-22,0.0002002284238551,2021,2020-12-31,native_mse,20260912,0.00100753152357648,,1,1
fixed_transform_remove_only,2626,2021-11-19,2021-11-29,-0.0153981603100059,2021,2020-12-31,native_mse,20260912,0.0011440904261233744,,1,0
fixed_transform_remove_only,2631,2021-11-26,2021-12-06,0.0185518287306458,2021,2020-12-31,native_mse,20260912,0.0008222023383696463,,1,1
fixed_transform_remove_only,2636,2021-12-03,2021-12-13,0.0367843110096284,2021,2020-12-31,native_mse,20260912,0.000663622110562264,,1,1
fixed_transform_remove_only,2641,2021-12-10,2021-12-20,-0.0304615698955996,2021,2020-12-31,native_mse,20260912,0.0012207854253852776,,1,0
fixed_transform_remove_only,2646,2021-12-17,2021-12-27,-0.0034083287233763,2021,2020-12-31,native_mse,20260912,0.0012339786672550855,,1,0
fixed_transform_remove_only,2651,2021-12-24,2022-01-04,0.0080985736506613,2021,2020-12-31,native_mse,20260912,0.0010451229218044734,,1,1
fixed_transform_remove_only,2656,2021-12-31,2022-01-10,-0.0293970528320001,2021,2020-12-31,native_mse,20260912,0.001214204791414166,,1,0
fixed_transform_remove_only,2660,2022-01-07,2022-01-17,-0.0173453887283024,2022,2021-12-31,native_mse,20260910,-0.0034182510339292468,,0,0
fixed_transform_remove_only,2665,2022-01-14,2022-01-24,0.0053248631776616,2022,2021-12-31,native_mse,20260910,0.004761167720503064,,1,1
fixed_transform_remove_only,2670,2022-01-21,2022-02-07,-0.0242661876254222,2022,2021-12-31,native_mse,20260910,0.013137367547165641,,1,0
fixed_transform_remove_only,2675,2022-01-28,2022-02-14,-0.0127539031341488,2022,2021-12-31,native_mse,20260910,0.010886081661597602,,1,0
fixed_transform_remove_only,2680,2022-02-11,2022-02-21,0.0145498774954033,2022,2021-12-31,native_mse,20260910,0.008879219089809445,,1,1
fixed_transform_remove_only,2685,2022-02-18,2022-02-28,-0.0177161244498015,2022,2021-12-31,native_mse,20260910,0.009476567447344621,,1,0
fixed_transform_remove_only,2690,2022-02-25,2022-03-07,-0.0221791776043331,2022,2021-12-31,native_mse,20260910,0.01051598647298397,,1,0
fixed_transform_remove_only,2695,2022-03-04,2022-03-14,-0.0480378799422749,2022,2021-12-31,native_mse,20260910,0.007053677912636015,,1,0
fixed_transform_remove_only,2700,2022-03-11,2022-03-21,0.007530336734814,2022,2021-12-31,native_mse,20260910,0.010804442451387935,,1,1
fixed_transform_remove_only,2705,2022-03-18,2022-03-28,-0.0353493110038457,2022,2021-12-31,native_mse,20260910,0.0072982657258971444,,1,0
fixed_transform_remove_only,2710,2022-03-25,2022-04-06,0.0314834190717003,2022,2021-12-31,native_mse,20260910,0.007546796616275884,,1,1
fixed_transform_remove_only,2715,2022-04-01,2022-04-12,-0.0129237372705649,2022,2021-12-31,native_mse,20260910,0.006781430452769677,,1,0
fixed_transform_remove_only,2718,2022-04-08,2022-04-18,-0.0120986062576864,2022,2021-12-31,native_mse,20260910,0.00652895075643567,,1,0
fixed_transform_remove_only,2723,2022-04-15,2022-04-25,-0.0528494340140576,2022,2021-12-31,native_mse,20260910,0.006385447465197085,,1,0
fixed_transform_remove_only,2728,2022-04-22,2022-05-05,0.015736821365468,2022,2021-12-31,native_mse,20260910,0.005099274511858865,,1,1
fixed_transform_remove_only,2733,2022-04-29,2022-05-11,-0.0278824133054675,2022,2021-12-31,native_mse,20260910,0.004344044298975658,,1,0
fixed_transform_remove_only,2735,2022-05-06,2022-05-16,0.033741423035827,2022,2021-12-31,native_mse,20260910,0.0035518248227642247,,1,1
fixed_transform_remove_only,2740,2022-05-13,2022-05-23,0.0164308841843088,2022,2021-12-31,native_mse,20260910,0.002890441768532801,,1,1
fixed_transform_remove_only,2745,2022-05-20,2022-05-30,-0.0147293413085614,2022,2021-12-31,native_mse,20260910,0.002556802191789734,,1,0
fixed_transform_remove_only,2750,2022-05-27,2022-06-13,0.0431748431927498,2022,2021-12-31,native_mse,20260910,-0.006714076298392413,,0,1
fixed_transform_remove_only,2759,2022-06-10,2022-06-20,0.0306046547112142,2022,2021-12-31,native_mse,20260910,-0.0017160693271902699,,0,1
fixed_transform_remove_only,2764,2022-06-17,2022-06-27,0.0211666894141107,2022,2021-12-31,native_mse,20260910,-0.005554400786314341,,0,1
fixed_transform_remove_only,2769,2022-06-24,2022-07-04,0.0074507343130214,2022,2021-12-31,native_mse,20260910,-0.006611900023593844,,0,1
fixed_transform_remove_only,2774,2022-07-01,2022-07-11,-0.0092349827532707,2022,2021-12-31,native_mse,20260910,-0.001849659274069034,,0,0
fixed_transform_remove_only,2779,2022-07-08,2022-07-18,-0.0326815927737367,2022,2021-12-31,native_mse,20260910,-0.0036295526636022737,,0,0
fixed_transform_remove_only,2784,2022-07-15,2022-07-25,-0.0066210715249344,2022,2021-12-31,native_mse,20260910,-0.00726704662423343,,0,0
fixed_transform_remove_only,2789,2022-07-22,2022-08-01,-0.0173077967751003,2022,2021-12-31,native_mse,20260910,-0.005304375487712945,,0,0
fixed_transform_remove_only,2794,2022-07-29,2022-08-08,-0.004456034513838,2022,2021-12-31,native_mse,20260910,0.012166125781651363,,1,0
fixed_transform_remove_only,2799,2022-08-05,2022-08-15,0.0091475117753996,2022,2021-12-31,native_mse,20260910,0.004077391662883762,,1,1
fixed_transform_remove_only,2804,2022-08-12,2022-08-22,-0.0107272727272728,2022,2021-12-31,native_mse,20260910,0.0035826870942200968,,1,0
fixed_transform_remove_only,2809,2022-08-19,2022-08-29,-0.0172375434082356,2022,2021-12-31,native_mse,20260910,0.012796192349441387,,1,0
fixed_transform_remove_only,2814,2022-08-26,2022-09-05,-0.0131573766941938,2022,2021-12-31,native_mse,20260910,0.0045980644388349074,,1,0
fixed_transform_remove_only,2819,2022-09-02,2022-09-13,0.0253340680878015,2022,2021-12-31,native_mse,20260910,0.0016393163861851791,,1,1
fixed_transform_remove_only,2824,2022-09-09,2022-09-19,-0.044647264962877,2022,2021-12-31,native_mse,20260910,0.011024491197755238,,1,0
fixed_transform_remove_only,2828,2022-09-16,2022-09-26,-0.025155151434928,2022,2021-12-31,native_mse,20260910,0.0006249539921165778,,1,0
fixed_transform_remove_only,2833,2022-09-23,2022-10-10,-0.0060162941299352,2022,2021-12-31,native_mse,20260910,0.00941379002591237,,1,0
fixed_transform_remove_only,2838,2022-09-30,2022-10-17,0.0041192047412885,2022,2021-12-31,native_mse,20260910,-0.003455449604433236,,0,1
fixed_transform_remove_only,2843,2022-10-14,2022-10-24,-0.0246766294110258,2022,2021-12-31,native_mse,20260910,0.004982119577206458,,1,0
fixed_transform_remove_only,2848,2022-10-21,2022-10-31,-0.059928861134359,2022,2021-12-31,native_mse,20260910,0.004400428951388619,,1,0
fixed_transform_remove_only,2853,2022-10-28,2022-11-07,0.071339502526744,2022,2021-12-31,native_mse,20260910,-0.004533662272660886,,0,1
fixed_transform_remove_only,2858,2022-11-04,2022-11-14,0.0169449090696014,2022,2021-12-31,native_mse,20260910,0.009145763900992613,,1,1
fixed_transform_remove_only,2863,2022-11-11,2022-11-21,-0.0127051391515239,2022,2021-12-31,native_mse,20260910,0.005105981957746508,,1,0
fixed_transform_remove_only,2868,2022-11-18,2022-11-28,-0.0179672806084416,2022,2021-12-31,native_mse,20260910,0.004390010241707061,,1,0
fixed_transform_remove_only,2873,2022-11-25,2022-12-05,0.0555768659337096,2022,2021-12-31,native_mse,20260910,-0.0021694749097981593,,0,1
fixed_transform_remove_only,2878,2022-12-02,2022-12-12,0.0175374394775362,2022,2021-12-31,native_mse,20260910,-0.008963509314181651,,0,1
fixed_transform_remove_only,2883,2022-12-09,2022-12-19,-0.0058850602464181,2022,2021-12-31,native_mse,20260910,-0.008742160121666592,,0,0
fixed_transform_remove_only,2888,2022-12-16,2022-12-26,-0.0309150292073658,2022,2021-12-31,native_mse,20260910,0.00021070675399415396,,1,0
fixed_transform_remove_only,2893,2022-12-23,2023-01-03,0.0089464492229616,2022,2021-12-31,native_mse,20260910,-0.006931659189351796,,0,1
fixed_transform_remove_only,2898,2022-12-30,2023-01-09,0.0345913414268119,2022,2021-12-31,native_mse,20260910,-0.004005139352311209,,0,1
fixed_transform_remove_only,2660,2022-01-07,2022-01-17,-0.0173453887283024,2022,2021-12-31,native_mse,20260911,0.007330315708159769,,1,0
fixed_transform_remove_only,2665,2022-01-14,2022-01-24,0.0053248631776616,2022,2021-12-31,native_mse,20260911,0.015471274729398543,,1,1
fixed_transform_remove_only,2670,2022-01-21,2022-02-07,-0.0242661876254222,2022,2021-12-31,native_mse,20260911,0.009873111042602054,,1,0
fixed_transform_remove_only,2675,2022-01-28,2022-02-14,-0.0127539031341488,2022,2021-12-31,native_mse,20260911,0.0025503118790792955,,1,0
fixed_transform_remove_only,2680,2022-02-11,2022-02-21,0.0145498774954033,2022,2021-12-31,native_mse,20260911,0.0063949393307865515,,1,1
fixed_transform_remove_only,2685,2022-02-18,2022-02-28,-0.0177161244498015,2022,2021-12-31,native_mse,20260911,0.004306186298337274,,1,0
fixed_transform_remove_only,2690,2022-02-25,2022-03-07,-0.0221791776043331,2022,2021-12-31,native_mse,20260911,0.00884306439536679,,1,0
fixed_transform_remove_only,2695,2022-03-04,2022-03-14,-0.0480378799422749,2022,2021-12-31,native_mse,20260911,0.008878575004775912,,1,0
fixed_transform_remove_only,2700,2022-03-11,2022-03-21,0.007530336734814,2022,2021-12-31,native_mse,20260911,0.008804997087552644,,1,1
fixed_transform_remove_only,2705,2022-03-18,2022-03-28,-0.0353493110038457,2022,2021-12-31,native_mse,20260911,0.0029149751065889705,,1,0
fixed_transform_remove_only,2710,2022-03-25,2022-04-06,0.0314834190717003,2022,2021-12-31,native_mse,20260911,0.009608904415587632,,1,1
fixed_transform_remove_only,2715,2022-04-01,2022-04-12,-0.0129237372705649,2022,2021-12-31,native_mse,20260911,0.013290024702572031,,1,0
fixed_transform_remove_only,2718,2022-04-08,2022-04-18,-0.0120986062576864,2022,2021-12-31,native_mse,20260911,0.0032429576095984285,,1,0
fixed_transform_remove_only,2723,2022-04-15,2022-04-25,-0.0528494340140576,2022,2021-12-31,native_mse,20260911,0.016983479995433693,,1,0
fixed_transform_remove_only,2728,2022-04-22,2022-05-05,0.015736821365468,2022,2021-12-31,native_mse,20260911,0.011987542362233185,,1,1
fixed_transform_remove_only,2733,2022-04-29,2022-05-11,-0.0278824133054675,2022,2021-12-31,native_mse,20260911,0.0046606294840712235,,1,0
fixed_transform_remove_only,2735,2022-05-06,2022-05-16,0.033741423035827,2022,2021-12-31,native_mse,20260911,-0.002196005566182584,,0,1
fixed_transform_remove_only,2740,2022-05-13,2022-05-23,0.0164308841843088,2022,2021-12-31,native_mse,20260911,0.0038854901281264037,,1,1
fixed_transform_remove_only,2745,2022-05-20,2022-05-30,-0.0147293413085614,2022,2021-12-31,native_mse,20260911,0.005767086549547615,,1,0
fixed_transform_remove_only,2750,2022-05-27,2022-06-13,0.0431748431927498,2022,2021-12-31,native_mse,20260911,0.001263767062796844,,1,1
fixed_transform_remove_only,2759,2022-06-10,2022-06-20,0.0306046547112142,2022,2021-12-31,native_mse,20260911,-0.0024637080117748144,,0,1
fixed_transform_remove_only,2764,2022-06-17,2022-06-27,0.0211666894141107,2022,2021-12-31,native_mse,20260911,-0.0034192691302211337,,0,1
fixed_transform_remove_only,2769,2022-06-24,2022-07-04,0.0074507343130214,2022,2021-12-31,native_mse,20260911,0.0007173637240202417,,1,1
fixed_transform_remove_only,2774,2022-07-01,2022-07-11,-0.0092349827532707,2022,2021-12-31,native_mse,20260911,0.00019356382111467723,,1,0
fixed_transform_remove_only,2779,2022-07-08,2022-07-18,-0.0326815927737367,2022,2021-12-31,native_mse,20260911,-0.002705313965036355,,0,0
fixed_transform_remove_only,2784,2022-07-15,2022-07-25,-0.0066210715249344,2022,2021-12-31,native_mse,20260911,-0.01432584048846508,,0,0
fixed_transform_remove_only,2789,2022-07-22,2022-08-01,-0.0173077967751003,2022,2021-12-31,native_mse,20260911,-0.01380965748442494,,0,0
fixed_transform_remove_only,2794,2022-07-29,2022-08-08,-0.004456034513838,2022,2021-12-31,native_mse,20260911,-0.0005052222003642227,,0,0
fixed_transform_remove_only,2799,2022-08-05,2022-08-15,0.0091475117753996,2022,2021-12-31,native_mse,20260911,0.011525493600414192,,1,1
fixed_transform_remove_only,2804,2022-08-12,2022-08-22,-0.0107272727272728,2022,2021-12-31,native_mse,20260911,0.011216024245490553,,1,0
fixed_transform_remove_only,2809,2022-08-19,2022-08-29,-0.0172375434082356,2022,2021-12-31,native_mse,20260911,0.011754323018096325,,1,0
fixed_transform_remove_only,2814,2022-08-26,2022-09-05,-0.0131573766941938,2022,2021-12-31,native_mse,20260911,0.015594603509631271,,1,0
fixed_transform_remove_only,2819,2022-09-02,2022-09-13,0.0253340680878015,2022,2021-12-31,native_mse,20260911,0.010900596081000016,,1,1
fixed_transform_remove_only,2824,2022-09-09,2022-09-19,-0.044647264962877,2022,2021-12-31,native_mse,20260911,0.009845699372826781,,1,0
fixed_transform_remove_only,2828,2022-09-16,2022-09-26,-0.025155151434928,2022,2021-12-31,native_mse,20260911,0.008491582609497948,,1,0
fixed_transform_remove_only,2833,2022-09-23,2022-10-10,-0.0060162941299352,2022,2021-12-31,native_mse,20260911,0.016496050845990925,,1,0
fixed_transform_remove_only,2838,2022-09-30,2022-10-17,0.0041192047412885,2022,2021-12-31,native_mse,20260911,0.0066528810646222045,,1,1
fixed_transform_remove_only,2843,2022-10-14,2022-10-24,-0.0246766294110258,2022,2021-12-31,native_mse,20260911,0.007009044538463505,,1,0
fixed_transform_remove_only,2848,2022-10-21,2022-10-31,-0.059928861134359,2022,2021-12-31,native_mse,20260911,0.010852556503638734,,1,0
fixed_transform_remove_only,2853,2022-10-28,2022-11-07,0.071339502526744,2022,2021-12-31,native_mse,20260911,0.006842543646863063,,1,1
fixed_transform_remove_only,2858,2022-11-04,2022-11-14,0.0169449090696014,2022,2021-12-31,native_mse,20260911,-0.008549410923537592,,0,1
fixed_transform_remove_only,2863,2022-11-11,2022-11-21,-0.0127051391515239,2022,2021-12-31,native_mse,20260911,-0.005215109557773304,,0,0
fixed_transform_remove_only,2868,2022-11-18,2022-11-28,-0.0179672806084416,2022,2021-12-31,native_mse,20260911,-0.010307087880643545,,0,0
fixed_transform_remove_only,2873,2022-11-25,2022-12-05,0.0555768659337096,2022,2021-12-31,native_mse,20260911,0.0013951717650121252,,1,1
fixed_transform_remove_only,2878,2022-12-02,2022-12-12,0.0175374394775362,2022,2021-12-31,native_mse,20260911,0.009832549235191711,,1,1
fixed_transform_remove_only,2883,2022-12-09,2022-12-19,-0.0058850602464181,2022,2021-12-31,native_mse,20260911,0.003809464155812216,,1,0
fixed_transform_remove_only,2888,2022-12-16,2022-12-26,-0.0309150292073658,2022,2021-12-31,native_mse,20260911,-0.00026475301217457076,,0,0
fixed_transform_remove_only,2893,2022-12-23,2023-01-03,0.0089464492229616,2022,2021-12-31,native_mse,20260911,0.0011212783896272817,,1,1
fixed_transform_remove_only,2898,2022-12-30,2023-01-09,0.0345913414268119,2022,2021-12-31,native_mse,20260911,-0.013209134532423342,,0,1
fixed_transform_remove_only,2660,2022-01-07,2022-01-17,-0.0173453887283024,2022,2021-12-31,native_mse,20260912,0.001814179283598589,,1,0
fixed_transform_remove_only,2665,2022-01-14,2022-01-24,0.0053248631776616,2022,2021-12-31,native_mse,20260912,0.0008133505012356114,,1,1
fixed_transform_remove_only,2670,2022-01-21,2022-02-07,-0.0242661876254222,2022,2021-12-31,native_mse,20260912,0.003394922189452561,,1,0
fixed_transform_remove_only,2675,2022-01-28,2022-02-14,-0.0127539031341488,2022,2021-12-31,native_mse,20260912,0.001858669558311765,,1,0
fixed_transform_remove_only,2680,2022-02-11,2022-02-21,0.0145498774954033,2022,2021-12-31,native_mse,20260912,0.003479305001395758,,1,1
fixed_transform_remove_only,2685,2022-02-18,2022-02-28,-0.0177161244498015,2022,2021-12-31,native_mse,20260912,0.00484344917433416,,1,0
fixed_transform_remove_only,2690,2022-02-25,2022-03-07,-0.0221791776043331,2022,2021-12-31,native_mse,20260912,0.004930593592929232,,1,0
fixed_transform_remove_only,2695,2022-03-04,2022-03-14,-0.0480378799422749,2022,2021-12-31,native_mse,20260912,0.004780982951547397,,1,0
fixed_transform_remove_only,2700,2022-03-11,2022-03-21,0.007530336734814,2022,2021-12-31,native_mse,20260912,0.004193854635787947,,1,1
fixed_transform_remove_only,2705,2022-03-18,2022-03-28,-0.0353493110038457,2022,2021-12-31,native_mse,20260912,0.004396502651581285,,1,0
fixed_transform_remove_only,2710,2022-03-25,2022-04-06,0.0314834190717003,2022,2021-12-31,native_mse,20260912,0.0036897334948297125,,1,1
fixed_transform_remove_only,2715,2022-04-01,2022-04-12,-0.0129237372705649,2022,2021-12-31,native_mse,20260912,0.003704448832752752,,1,0
fixed_transform_remove_only,2718,2022-04-08,2022-04-18,-0.0120986062576864,2022,2021-12-31,native_mse,20260912,0.0033120503584409514,,1,0
fixed_transform_remove_only,2723,2022-04-15,2022-04-25,-0.0528494340140576,2022,2021-12-31,native_mse,20260912,0.0030085181253416615,,1,0
fixed_transform_remove_only,2728,2022-04-22,2022-05-05,0.015736821365468,2022,2021-12-31,native_mse,20260912,0.0026567146550084044,,1,1
fixed_transform_remove_only,2733,2022-04-29,2022-05-11,-0.0278824133054675,2022,2021-12-31,native_mse,20260912,0.0018367479372410052,,1,0
fixed_transform_remove_only,2735,2022-05-06,2022-05-16,0.033741423035827,2022,2021-12-31,native_mse,20260912,0.0020912186604119124,,1,1
fixed_transform_remove_only,2740,2022-05-13,2022-05-23,0.0164308841843088,2022,2021-12-31,native_mse,20260912,0.0018493178254621319,,1,1
fixed_transform_remove_only,2745,2022-05-20,2022-05-30,-0.0147293413085614,2022,2021-12-31,native_mse,20260912,0.0016372108848958446,,1,0
fixed_transform_remove_only,2750,2022-05-27,2022-06-13,0.0431748431927498,2022,2021-12-31,native_mse,20260912,0.0012702553294938346,,1,1
fixed_transform_remove_only,2759,2022-06-10,2022-06-20,0.0306046547112142,2022,2021-12-31,native_mse,20260912,-0.00018870985334741705,,0,1
fixed_transform_remove_only,2764,2022-06-17,2022-06-27,0.0211666894141107,2022,2021-12-31,native_mse,20260912,-0.0009698518035469311,,0,1
fixed_transform_remove_only,2769,2022-06-24,2022-07-04,0.0074507343130214,2022,2021-12-31,native_mse,20260912,-0.00016157705520515077,,0,1
fixed_transform_remove_only,2774,2022-07-01,2022-07-11,-0.0092349827532707,2022,2021-12-31,native_mse,20260912,0.00012114906253678204,,1,0
fixed_transform_remove_only,2779,2022-07-08,2022-07-18,-0.0326815927737367,2022,2021-12-31,native_mse,20260912,0.0009385572149118832,,1,0
fixed_transform_remove_only,2784,2022-07-15,2022-07-25,-0.0066210715249344,2022,2021-12-31,native_mse,20260912,0.0008465033870475552,,1,0
fixed_transform_remove_only,2789,2022-07-22,2022-08-01,-0.0173077967751003,2022,2021-12-31,native_mse,20260912,0.001749105544547778,,1,0
fixed_transform_remove_only,2794,2022-07-29,2022-08-08,-0.004456034513838,2022,2021-12-31,native_mse,20260912,0.0022855909610094674,,1,0
fixed_transform_remove_only,2799,2022-08-05,2022-08-15,0.0091475117753996,2022,2021-12-31,native_mse,20260912,0.0023275813973101045,,1,1
fixed_transform_remove_only,2804,2022-08-12,2022-08-22,-0.0107272727272728,2022,2021-12-31,native_mse,20260912,0.00116828161002665,,1,0
fixed_transform_remove_only,2809,2022-08-19,2022-08-29,-0.0172375434082356,2022,2021-12-31,native_mse,20260912,0.002641518401624336,,1,0
fixed_transform_remove_only,2814,2022-08-26,2022-09-05,-0.0131573766941938,2022,2021-12-31,native_mse,20260912,0.00258122146459616,,1,0
fixed_transform_remove_only,2819,2022-09-02,2022-09-13,0.0253340680878015,2022,2021-12-31,native_mse,20260912,0.003426320209529877,,1,1
fixed_transform_remove_only,2824,2022-09-09,2022-09-19,-0.044647264962877,2022,2021-12-31,native_mse,20260912,0.004071954177543495,,1,0
fixed_transform_remove_only,2828,2022-09-16,2022-09-26,-0.025155151434928,2022,2021-12-31,native_mse,20260912,0.004321372628556118,,1,0
fixed_transform_remove_only,2833,2022-09-23,2022-10-10,-0.0060162941299352,2022,2021-12-31,native_mse,20260912,0.0034216908995016978,,1,0
fixed_transform_remove_only,2838,2022-09-30,2022-10-17,0.0041192047412885,2022,2021-12-31,native_mse,20260912,0.003515450079575204,,1,1
fixed_transform_remove_only,2843,2022-10-14,2022-10-24,-0.0246766294110258,2022,2021-12-31,native_mse,20260912,0.002607809358206801,,1,0
fixed_transform_remove_only,2848,2022-10-21,2022-10-31,-0.059928861134359,2022,2021-12-31,native_mse,20260912,0.003699251753992663,,1,0
fixed_transform_remove_only,2853,2022-10-28,2022-11-07,0.071339502526744,2022,2021-12-31,native_mse,20260912,0.0018115173178016464,,1,1
fixed_transform_remove_only,2858,2022-11-04,2022-11-14,0.0169449090696014,2022,2021-12-31,native_mse,20260912,0.0023418219066621243,,1,1
fixed_transform_remove_only,2863,2022-11-11,2022-11-21,-0.0127051391515239,2022,2021-12-31,native_mse,20260912,0.0018573604038192703,,1,0
fixed_transform_remove_only,2868,2022-11-18,2022-11-28,-0.0179672806084416,2022,2021-12-31,native_mse,20260912,0.0016249204309614228,,1,0
fixed_transform_remove_only,2873,2022-11-25,2022-12-05,0.0555768659337096,2022,2021-12-31,native_mse,20260912,0.0016075771422150188,,1,1
fixed_transform_remove_only,2878,2022-12-02,2022-12-12,0.0175374394775362,2022,2021-12-31,native_mse,20260912,0.0015010231403169106,,1,1
fixed_transform_remove_only,2883,2022-12-09,2022-12-19,-0.0058850602464181,2022,2021-12-31,native_mse,20260912,0.001187317105345827,,1,0
fixed_transform_remove_only,2888,2022-12-16,2022-12-26,-0.0309150292073658,2022,2021-12-31,native_mse,20260912,0.0019485697779955545,,1,0
fixed_transform_remove_only,2893,2022-12-23,2023-01-03,0.0089464492229616,2022,2021-12-31,native_mse,20260912,0.0001928217320369698,,1,1
fixed_transform_remove_only,2898,2022-12-30,2023-01-09,0.0345913414268119,2022,2021-12-31,native_mse,20260912,0.00047968928790032895,,1,1
fixed_transform_remove_only,2902,2023-01-06,2023-01-16,0.0198447929614133,2023,2022-12-31,native_mse,20260910,-0.0025267983391307767,,0,1
fixed_transform_remove_only,2907,2023-01-13,2023-01-30,0.0465290788350809,2023,2022-12-31,native_mse,20260910,-0.0004635399148201708,,0,1
fixed_transform_remove_only,2912,2023-01-20,2023-02-06,-0.0383797057844887,2023,2022-12-31,native_mse,20260910,7.519190422555292e-05,,1,0
fixed_transform_remove_only,2917,2023-02-03,2023-02-13,-0.0012061903149008,2023,2022-12-31,native_mse,20260910,0.0016271329266920357,,1,0
fixed_transform_remove_only,2922,2023-02-10,2023-02-20,-0.0143746584432821,2023,2022-12-31,native_mse,20260910,-0.0011564163814400644,,0,0
fixed_transform_remove_only,2927,2023-02-17,2023-02-27,0.0001237636016198,2023,2022-12-31,native_mse,20260910,-0.0016426518503498255,,0,1
fixed_transform_remove_only,2932,2023-02-24,2023-03-06,0.0224454641303217,2023,2022-12-31,native_mse,20260910,0.0015810555880606469,,1,1
fixed_transform_remove_only,2937,2023-03-03,2023-03-13,-0.0407900947678007,2023,2022-12-31,native_mse,20260910,0.0007073892257839969,,1,0
fixed_transform_remove_only,2942,2023-03-10,2023-03-20,5.0471402903706775e-06,2023,2022-12-31,native_mse,20260910,-0.0001794060398361263,,0,1
fixed_transform_remove_only,2947,2023-03-17,2023-03-27,0.015302852124583,2023,2022-12-31,native_mse,20260910,-0.0018976163672993884,,0,1
fixed_transform_remove_only,2952,2023-03-24,2023-04-03,0.0090274153058433,2023,2022-12-31,native_mse,20260910,-0.001832954139676603,,0,1
fixed_transform_remove_only,2957,2023-03-31,2023-04-10,0.0178317182396383,2023,2022-12-31,native_mse,20260910,-0.00172129069982479,,0,1
fixed_transform_remove_only,2961,2023-04-07,2023-04-17,-0.0101500238382772,2023,2022-12-31,native_mse,20260910,-0.00033641886926452733,,0,0
fixed_transform_remove_only,2966,2023-04-14,2023-04-24,-0.014368947230732,2023,2022-12-31,native_mse,20260910,-0.0013230092163269815,,0,0
fixed_transform_remove_only,2971,2023-04-21,2023-05-04,-0.0044228908788729,2023,2022-12-31,native_mse,20260910,-0.0007286066396655064,,0,0
fixed_transform_remove_only,2976,2023-04-28,2023-05-10,0.0036477163153083,2023,2022-12-31,native_mse,20260910,-0.00030575704561793394,,0,1
fixed_transform_remove_only,2978,2023-05-05,2023-05-15,-0.0221642407977935,2023,2022-12-31,native_mse,20260910,-0.00011486613921578474,,0,0
fixed_transform_remove_only,2983,2023-05-12,2023-05-22,0.0005509250208819,2023,2022-12-31,native_mse,20260910,-0.0001792163459168561,,0,1
fixed_transform_remove_only,2988,2023-05-19,2023-05-29,-0.0200253742704897,2023,2022-12-31,native_mse,20260910,0.0009439667644663131,,1,0
fixed_transform_remove_only,2993,2023-05-26,2023-06-05,-0.0003935703040848,2023,2022-12-31,native_mse,20260910,0.000557122093874036,,1,0
fixed_transform_remove_only,2998,2023-06-02,2023-06-12,-0.0086075595250429,2023,2022-12-31,native_mse,20260910,-0.001180815938657947,,0,0
fixed_transform_remove_only,3003,2023-06-09,2023-06-19,0.0338878539347273,2023,2022-12-31,native_mse,20260910,-0.0014426234760102343,,0,1
fixed_transform_remove_only,3008,2023-06-16,2023-07-03,-0.026216632171098,2023,2022-12-31,native_mse,20260910,-0.0010042817493535598,,0,0
fixed_transform_remove_only,3016,2023-06-30,2023-07-10,-0.0030441518806006,2023,2022-12-31,native_mse,20260910,-0.0011931588855691256,,0,0
fixed_transform_remove_only,3021,2023-07-07,2023-07-17,0.0104280552692135,2023,2022-12-31,native_mse,20260910,-0.001925244639091561,,0,1
fixed_transform_remove_only,3026,2023-07-14,2023-07-24,-0.0201642613135752,2023,2022-12-31,native_mse,20260910,0.00072512762062503,,1,0
fixed_transform_remove_only,3031,2023-07-21,2023-07-31,0.0566710925894278,2023,2022-12-31,native_mse,20260910,0.0009939160139214966,,1,1
fixed_transform_remove_only,3036,2023-07-28,2023-08-07,-0.0039612927947766,2023,2022-12-31,native_mse,20260910,-0.0005682320215149167,,0,0
fixed_transform_remove_only,3041,2023-08-04,2023-08-14,-0.0404899362223548,2023,2022-12-31,native_mse,20260910,-0.0009301134947241365,,0,0
fixed_transform_remove_only,3046,2023-08-11,2023-08-21,-0.0176157088591445,2023,2022-12-31,native_mse,20260910,-0.000726777176221484,,0,0
fixed_transform_remove_only,3051,2023-08-18,2023-08-28,0.0366582477081969,2023,2022-12-31,native_mse,20260910,0.0008756120897448488,,1,1
fixed_transform_remove_only,3056,2023-08-25,2023-09-04,-0.025197172476384,2023,2022-12-31,native_mse,20260910,-0.0006648239910763075,,0,0
fixed_transform_remove_only,3061,2023-09-01,2023-09-11,-0.0189903461587886,2023,2022-12-31,native_mse,20260910,0.00015839660362514175,,1,0
fixed_transform_remove_only,3066,2023-09-08,2023-09-18,-0.0111346368744954,2023,2022-12-31,native_mse,20260910,0.001744965500114605,,1,0
fixed_transform_remove_only,3071,2023-09-15,2023-09-25,0.0105787349314532,2023,2022-12-31,native_mse,20260910,0.0006876575211446893,,1,1
fixed_transform_remove_only,3076,2023-09-22,2023-10-16,-0.0198017153282719,2023,2022-12-31,native_mse,20260910,-0.00243132015475,,0,0
fixed_transform_remove_only,3085,2023-10-13,2023-10-23,-0.0447156690429144,2023,2022-12-31,native_mse,20260910,-0.0021908711949872265,,0,0
fixed_transform_remove_only,3090,2023-10-20,2023-10-30,0.0154019770298841,2023,2022-12-31,native_mse,20260910,-0.0005611083237640583,,0,1
fixed_transform_remove_only,3095,2023-10-27,2023-11-06,0.0152527637017425,2023,2022-12-31,native_mse,20260910,0.0010289915405626282,,1,1
fixed_transform_remove_only,3100,2023-11-03,2023-11-13,-0.0039935482440582,2023,2022-12-31,native_mse,20260910,0.001023319006735779,,1,0
fixed_transform_remove_only,3105,2023-11-10,2023-11-20,-0.0067280482816765,2023,2022-12-31,native_mse,20260910,-0.0009564130384265961,,0,0
fixed_transform_remove_only,3110,2023-11-17,2023-11-27,-0.0098859017348651,2023,2022-12-31,native_mse,20260910,0.00023192130830153903,,1,0
fixed_transform_remove_only,3115,2023-11-24,2023-12-04,-0.0151084754586299,2023,2022-12-31,native_mse,20260910,0.0008732338960994725,,1,0
fixed_transform_remove_only,3120,2023-12-01,2023-12-11,-0.0295859857973478,2023,2022-12-31,native_mse,20260910,0.000837366835393595,,1,0
fixed_transform_remove_only,3125,2023-12-08,2023-12-18,-0.0144639658974852,2023,2022-12-31,native_mse,20260910,0.0006391538307731006,,1,0
fixed_transform_remove_only,3130,2023-12-15,2023-12-25,0.0003424256350643,2023,2022-12-31,native_mse,20260910,0.000382991564868559,,1,1
fixed_transform_remove_only,3135,2023-12-22,2024-01-02,0.0288079559683274,2023,2022-12-31,native_mse,20260910,-0.0008222024683218445,,0,1
fixed_transform_remove_only,3140,2023-12-29,2024-01-08,-0.0302544749829989,2023,2022-12-31,native_mse,20260910,0.0008212539531046094,,1,0
fixed_transform_remove_only,2902,2023-01-06,2023-01-16,0.0198447929614133,2023,2022-12-31,native_mse,20260911,-0.0028881799476405084,,0,1
fixed_transform_remove_only,2907,2023-01-13,2023-01-30,0.0465290788350809,2023,2022-12-31,native_mse,20260911,0.002600529697082545,,1,1
fixed_transform_remove_only,2912,2023-01-20,2023-02-06,-0.0383797057844887,2023,2022-12-31,native_mse,20260911,0.009824735187562814,,1,0
fixed_transform_remove_only,2917,2023-02-03,2023-02-13,-0.0012061903149008,2023,2022-12-31,native_mse,20260911,0.001758336799202022,,1,0
fixed_transform_remove_only,2922,2023-02-10,2023-02-20,-0.0143746584432821,2023,2022-12-31,native_mse,20260911,-0.004455423490420713,,0,0
fixed_transform_remove_only,2927,2023-02-17,2023-02-27,0.0001237636016198,2023,2022-12-31,native_mse,20260911,-0.004320463721841919,,0,1
fixed_transform_remove_only,2932,2023-02-24,2023-03-06,0.0224454641303217,2023,2022-12-31,native_mse,20260911,0.007109894584169036,,1,1
fixed_transform_remove_only,2937,2023-03-03,2023-03-13,-0.0407900947678007,2023,2022-12-31,native_mse,20260911,0.012121075090535267,,1,0
fixed_transform_remove_only,2942,2023-03-10,2023-03-20,5.0471402903706775e-06,2023,2022-12-31,native_mse,20260911,-0.0015684618293498606,,0,1
fixed_transform_remove_only,2947,2023-03-17,2023-03-27,0.015302852124583,2023,2022-12-31,native_mse,20260911,-0.00455123687690783,,0,1
fixed_transform_remove_only,2952,2023-03-24,2023-04-03,0.0090274153058433,2023,2022-12-31,native_mse,20260911,-0.0032713642765306557,,0,1
fixed_transform_remove_only,2957,2023-03-31,2023-04-10,0.0178317182396383,2023,2022-12-31,native_mse,20260911,0.009972413917103892,,1,1
fixed_transform_remove_only,2961,2023-04-07,2023-04-17,-0.0101500238382772,2023,2022-12-31,native_mse,20260911,0.007806808930188104,,1,0
fixed_transform_remove_only,2966,2023-04-14,2023-04-24,-0.014368947230732,2023,2022-12-31,native_mse,20260911,0.007226249329863683,,1,0
fixed_transform_remove_only,2971,2023-04-21,2023-05-04,-0.0044228908788729,2023,2022-12-31,native_mse,20260911,-0.0024232716039148286,,0,0
fixed_transform_remove_only,2976,2023-04-28,2023-05-10,0.0036477163153083,2023,2022-12-31,native_mse,20260911,-0.003907239624967295,,0,1
fixed_transform_remove_only,2978,2023-05-05,2023-05-15,-0.0221642407977935,2023,2022-12-31,native_mse,20260911,-0.0031947009428460477,,0,0
fixed_transform_remove_only,2983,2023-05-12,2023-05-22,0.0005509250208819,2023,2022-12-31,native_mse,20260911,0.003981441571850173,,1,1
fixed_transform_remove_only,2988,2023-05-19,2023-05-29,-0.0200253742704897,2023,2022-12-31,native_mse,20260911,0.01107004322684732,,1,0
fixed_transform_remove_only,2993,2023-05-26,2023-06-05,-0.0003935703040848,2023,2022-12-31,native_mse,20260911,0.004560043069480671,,1,0
fixed_transform_remove_only,2998,2023-06-02,2023-06-12,-0.0086075595250429,2023,2022-12-31,native_mse,20260911,-0.0048559678058000275,,0,0
fixed_transform_remove_only,3003,2023-06-09,2023-06-19,0.0338878539347273,2023,2022-12-31,native_mse,20260911,-0.0042897134995229635,,0,1
fixed_transform_remove_only,3008,2023-06-16,2023-07-03,-0.026216632171098,2023,2022-12-31,native_mse,20260911,-0.004761761648113702,,0,0
fixed_transform_remove_only,3016,2023-06-30,2023-07-10,-0.0030441518806006,2023,2022-12-31,native_mse,20260911,0.001449000541630631,,1,0
fixed_transform_remove_only,3021,2023-07-07,2023-07-17,0.0104280552692135,2023,2022-12-31,native_mse,20260911,-0.005015012063383114,,0,1
fixed_transform_remove_only,3026,2023-07-14,2023-07-24,-0.0201642613135752,2023,2022-12-31,native_mse,20260911,-0.002212730290267345,,0,0
fixed_transform_remove_only,3031,2023-07-21,2023-07-31,0.0566710925894278,2023,2022-12-31,native_mse,20260911,-0.005112763962830667,,0,1
fixed_transform_remove_only,3036,2023-07-28,2023-08-07,-0.0039612927947766,2023,2022-12-31,native_mse,20260911,-0.0052814272148835025,,0,0
fixed_transform_remove_only,3041,2023-08-04,2023-08-14,-0.0404899362223548,2023,2022-12-31,native_mse,20260911,-0.004618211999064367,,0,0
fixed_transform_remove_only,3046,2023-08-11,2023-08-21,-0.0176157088591445,2023,2022-12-31,native_mse,20260911,0.009053312378542757,,1,0
fixed_transform_remove_only,3051,2023-08-18,2023-08-28,0.0366582477081969,2023,2022-12-31,native_mse,20260911,0.004561021250172811,,1,1
fixed_transform_remove_only,3056,2023-08-25,2023-09-04,-0.025197172476384,2023,2022-12-31,native_mse,20260911,-0.0025275908526821967,,0,0
fixed_transform_remove_only,3061,2023-09-01,2023-09-11,-0.0189903461587886,2023,2022-12-31,native_mse,20260911,-0.0049631793698849645,,0,0
fixed_transform_remove_only,3066,2023-09-08,2023-09-18,-0.0111346368744954,2023,2022-12-31,native_mse,20260911,0.00680202581529956,,1,0
fixed_transform_remove_only,3071,2023-09-15,2023-09-25,0.0105787349314532,2023,2022-12-31,native_mse,20260911,0.008596091481564963,,1,1
fixed_transform_remove_only,3076,2023-09-22,2023-10-16,-0.0198017153282719,2023,2022-12-31,native_mse,20260911,-0.0031471179155324424,,0,0
fixed_transform_remove_only,3085,2023-10-13,2023-10-23,-0.0447156690429144,2023,2022-12-31,native_mse,20260911,-0.004148291730857776,,0,0
fixed_transform_remove_only,3090,2023-10-20,2023-10-30,0.0154019770298841,2023,2022-12-31,native_mse,20260911,-0.005712800982170543,,0,1
fixed_transform_remove_only,3095,2023-10-27,2023-11-06,0.0152527637017425,2023,2022-12-31,native_mse,20260911,-0.0033253387808900993,,0,1
fixed_transform_remove_only,3100,2023-11-03,2023-11-13,-0.0039935482440582,2023,2022-12-31,native_mse,20260911,-0.0006739370262628165,,0,0
fixed_transform_remove_only,3105,2023-11-10,2023-11-20,-0.0067280482816765,2023,2022-12-31,native_mse,20260911,-0.004003258050664914,,0,0
fixed_transform_remove_only,3110,2023-11-17,2023-11-27,-0.0098859017348651,2023,2022-12-31,native_mse,20260911,-0.003231557067429336,,0,0
fixed_transform_remove_only,3115,2023-11-24,2023-12-04,-0.0151084754586299,2023,2022-12-31,native_mse,20260911,-0.003968465813336381,,0,0
fixed_transform_remove_only,3120,2023-12-01,2023-12-11,-0.0295859857973478,2023,2022-12-31,native_mse,20260911,-0.004170192617569334,,0,0
fixed_transform_remove_only,3125,2023-12-08,2023-12-18,-0.0144639658974852,2023,2022-12-31,native_mse,20260911,-0.004708072283208354,,0,0
fixed_transform_remove_only,3130,2023-12-15,2023-12-25,0.0003424256350643,2023,2022-12-31,native_mse,20260911,-0.005014383450601872,,0,1
fixed_transform_remove_only,3135,2023-12-22,2024-01-02,0.0288079559683274,2023,2022-12-31,native_mse,20260911,-0.005140476035149425,,0,1
fixed_transform_remove_only,3140,2023-12-29,2024-01-08,-0.0302544749829989,2023,2022-12-31,native_mse,20260911,-0.0034098597743402285,,0,0
fixed_transform_remove_only,2902,2023-01-06,2023-01-16,0.0198447929614133,2023,2022-12-31,native_mse,20260912,0.0004281627694943007,,1,1
fixed_transform_remove_only,2907,2023-01-13,2023-01-30,0.0465290788350809,2023,2022-12-31,native_mse,20260912,4.2102919401855305e-05,,1,1
fixed_transform_remove_only,2912,2023-01-20,2023-02-06,-0.0383797057844887,2023,2022-12-31,native_mse,20260912,0.0010967633118809882,,1,0
fixed_transform_remove_only,2917,2023-02-03,2023-02-13,-0.0012061903149008,2023,2022-12-31,native_mse,20260912,0.0008747039967658528,,1,0
fixed_transform_remove_only,2922,2023-02-10,2023-02-20,-0.0143746584432821,2023,2022-12-31,native_mse,20260912,0.0001818132935792269,,1,0
fixed_transform_remove_only,2927,2023-02-17,2023-02-27,0.0001237636016198,2023,2022-12-31,native_mse,20260912,0.00010126624081480557,,1,1
fixed_transform_remove_only,2932,2023-02-24,2023-03-06,0.0224454641303217,2023,2022-12-31,native_mse,20260912,0.000782385799644381,,1,1
fixed_transform_remove_only,2937,2023-03-03,2023-03-13,-0.0407900947678007,2023,2022-12-31,native_mse,20260912,0.00040350503591383166,,1,0
fixed_transform_remove_only,2942,2023-03-10,2023-03-20,5.0471402903706775e-06,2023,2022-12-31,native_mse,20260912,0.00023517524465769396,,1,1
fixed_transform_remove_only,2947,2023-03-17,2023-03-27,0.015302852124583,2023,2022-12-31,native_mse,20260912,-0.0005550490015326846,,0,1
fixed_transform_remove_only,2952,2023-03-24,2023-04-03,0.0090274153058433,2023,2022-12-31,native_mse,20260912,0.0004555071806066471,,1,1
fixed_transform_remove_only,2957,2023-03-31,2023-04-10,0.0178317182396383,2023,2022-12-31,native_mse,20260912,0.0006137448037054246,,1,1
fixed_transform_remove_only,2961,2023-04-07,2023-04-17,-0.0101500238382772,2023,2022-12-31,native_mse,20260912,0.0007714668086940345,,1,0
fixed_transform_remove_only,2966,2023-04-14,2023-04-24,-0.014368947230732,2023,2022-12-31,native_mse,20260912,0.0006120128536014287,,1,0
fixed_transform_remove_only,2971,2023-04-21,2023-05-04,-0.0044228908788729,2023,2022-12-31,native_mse,20260912,0.0004168718728952876,,1,0
fixed_transform_remove_only,2976,2023-04-28,2023-05-10,0.0036477163153083,2023,2022-12-31,native_mse,20260912,0.0007975995131662927,,1,1
fixed_transform_remove_only,2978,2023-05-05,2023-05-15,-0.0221642407977935,2023,2022-12-31,native_mse,20260912,3.748499343571029e-05,,1,0
fixed_transform_remove_only,2983,2023-05-12,2023-05-22,0.0005509250208819,2023,2022-12-31,native_mse,20260912,0.00013564688457888487,,1,1
fixed_transform_remove_only,2988,2023-05-19,2023-05-29,-0.0200253742704897,2023,2022-12-31,native_mse,20260912,0.0006049797039520234,,1,0
fixed_transform_remove_only,2993,2023-05-26,2023-06-05,-0.0003935703040848,2023,2022-12-31,native_mse,20260912,5.080512794837295e-05,,1,0
fixed_transform_remove_only,2998,2023-06-02,2023-06-12,-0.0086075595250429,2023,2022-12-31,native_mse,20260912,-0.0003527596454530836,,0,0
fixed_transform_remove_only,3003,2023-06-09,2023-06-19,0.0338878539347273,2023,2022-12-31,native_mse,20260912,-0.0004629538008774116,,0,1
fixed_transform_remove_only,3008,2023-06-16,2023-07-03,-0.026216632171098,2023,2022-12-31,native_mse,20260912,-0.0003413110242915335,,0,0
fixed_transform_remove_only,3016,2023-06-30,2023-07-10,-0.0030441518806006,2023,2022-12-31,native_mse,20260912,0.0003431408638381007,,1,0
fixed_transform_remove_only,3021,2023-07-07,2023-07-17,0.0104280552692135,2023,2022-12-31,native_mse,20260912,0.000814771057302496,,1,1
fixed_transform_remove_only,3026,2023-07-14,2023-07-24,-0.0201642613135752,2023,2022-12-31,native_mse,20260912,0.0006501402430561996,,1,0
fixed_transform_remove_only,3031,2023-07-21,2023-07-31,0.0566710925894278,2023,2022-12-31,native_mse,20260912,2.5045124957704355e-05,,1,1
fixed_transform_remove_only,3036,2023-07-28,2023-08-07,-0.0039612927947766,2023,2022-12-31,native_mse,20260912,0.00047471401642830695,,1,0
fixed_transform_remove_only,3041,2023-08-04,2023-08-14,-0.0404899362223548,2023,2022-12-31,native_mse,20260912,0.0008553072765691807,,1,0
fixed_transform_remove_only,3046,2023-08-11,2023-08-21,-0.0176157088591445,2023,2022-12-31,native_mse,20260912,0.0015027086256146451,,1,0
fixed_transform_remove_only,3051,2023-08-18,2023-08-28,0.0366582477081969,2023,2022-12-31,native_mse,20260912,0.0006099353623650846,,1,1
fixed_transform_remove_only,3056,2023-08-25,2023-09-04,-0.025197172476384,2023,2022-12-31,native_mse,20260912,0.00044421971221099443,,1,0
fixed_transform_remove_only,3061,2023-09-01,2023-09-11,-0.0189903461587886,2023,2022-12-31,native_mse,20260912,-0.0002025361551160587,,0,0
fixed_transform_remove_only,3066,2023-09-08,2023-09-18,-0.0111346368744954,2023,2022-12-31,native_mse,20260912,0.00041052847232038274,,1,0
fixed_transform_remove_only,3071,2023-09-15,2023-09-25,0.0105787349314532,2023,2022-12-31,native_mse,20260912,0.0001624781603077036,,1,1
fixed_transform_remove_only,3076,2023-09-22,2023-10-16,-0.0198017153282719,2023,2022-12-31,native_mse,20260912,-2.0047557486308507e-05,,0,0
fixed_transform_remove_only,3085,2023-10-13,2023-10-23,-0.0447156690429144,2023,2022-12-31,native_mse,20260912,-7.666747850147154e-05,,0,0
fixed_transform_remove_only,3090,2023-10-20,2023-10-30,0.0154019770298841,2023,2022-12-31,native_mse,20260912,0.00029732197364893017,,1,1
fixed_transform_remove_only,3095,2023-10-27,2023-11-06,0.0152527637017425,2023,2022-12-31,native_mse,20260912,0.0012245039371740986,,1,1
fixed_transform_remove_only,3100,2023-11-03,2023-11-13,-0.0039935482440582,2023,2022-12-31,native_mse,20260912,0.00041856415378897153,,1,0
fixed_transform_remove_only,3105,2023-11-10,2023-11-20,-0.0067280482816765,2023,2022-12-31,native_mse,20260912,0.00022000524072862617,,1,0
fixed_transform_remove_only,3110,2023-11-17,2023-11-27,-0.0098859017348651,2023,2022-12-31,native_mse,20260912,-0.00011003873914113989,,0,0
fixed_transform_remove_only,3115,2023-11-24,2023-12-04,-0.0151084754586299,2023,2022-12-31,native_mse,20260912,0.0006004861455855604,,1,0
fixed_transform_remove_only,3120,2023-12-01,2023-12-11,-0.0295859857973478,2023,2022-12-31,native_mse,20260912,9.164477722239853e-05,,1,0
fixed_transform_remove_only,3125,2023-12-08,2023-12-18,-0.0144639658974852,2023,2022-12-31,native_mse,20260912,0.0003716320497864135,,1,0
fixed_transform_remove_only,3130,2023-12-15,2023-12-25,0.0003424256350643,2023,2022-12-31,native_mse,20260912,0.0007186720416179463,,1,1
fixed_transform_remove_only,3135,2023-12-22,2024-01-02,0.0288079559683274,2023,2022-12-31,native_mse,20260912,0.00031752353260434155,,1,1
fixed_transform_remove_only,3140,2023-12-29,2024-01-08,-0.0302544749829989,2023,2022-12-31,native_mse,20260912,-5.293223214677527e-06,,0,0
fixed_transform_remove_only,3144,2024-01-05,2024-01-15,-0.0158038409563566,2024,2023-12-31,native_mse,20260910,0.000251131835275678,,1,0
fixed_transform_remove_only,3149,2024-01-12,2024-01-22,-0.002333261979756,2024,2023-12-31,native_mse,20260910,0.0007362057214049004,,1,0
fixed_transform_remove_only,3154,2024-01-19,2024-01-29,0.0223511633823452,2024,2023-12-31,native_mse,20260910,-0.00023540604600351487,,0,1
fixed_transform_remove_only,3159,2024-01-26,2024-02-05,-0.0513103415192826,2024,2023-12-31,native_mse,20260910,-0.001531436704987099,,0,0
fixed_transform_remove_only,3164,2024-02-02,2024-02-26,0.1015374891364462,2024,2023-12-31,native_mse,20260910,0.004796229141878599,,1,1
fixed_transform_remove_only,3173,2024-02-23,2024-03-04,0.0151569053862528,2024,2023-12-31,native_mse,20260910,0.005981439448417525,,1,1
fixed_transform_remove_only,3178,2024-03-01,2024-03-11,0.0021394031715169,2024,2023-12-31,native_mse,20260910,0.002923079585146593,,1,1
fixed_transform_remove_only,3183,2024-03-08,2024-03-18,0.0087762342284414,2024,2023-12-31,native_mse,20260910,0.004534858645957669,,1,1
fixed_transform_remove_only,3188,2024-03-15,2024-03-25,-0.0112802133595746,2024,2023-12-31,native_mse,20260910,0.004141952477981538,,1,0
fixed_transform_remove_only,3193,2024-03-22,2024-04-01,0.0042044725182444,2024,2023-12-31,native_mse,20260910,0.0018727898596620025,,1,1
fixed_transform_remove_only,3198,2024-03-29,2024-04-15,-0.0219845815102011,2024,2023-12-31,native_mse,20260910,0.0003645787473085561,,1,0
fixed_transform_remove_only,3206,2024-04-12,2024-04-22,0.018045199366633,2024,2023-12-31,native_mse,20260910,-0.00021832918624461518,,0,1
fixed_transform_remove_only,3211,2024-04-19,2024-04-29,0.0136757744232476,2024,2023-12-31,native_mse,20260910,0.0005323002819172812,,1,1
fixed_transform_remove_only,3216,2024-04-26,2024-05-13,0.0172434956786644,2024,2023-12-31,native_mse,20260910,-0.00014728683736751251,,0,1
fixed_transform_remove_only,3223,2024-05-10,2024-05-20,0.0097933549988344,2024,2023-12-31,native_mse,20260910,0.0004133340837300701,,1,1
fixed_transform_remove_only,3228,2024-05-17,2024-05-27,-0.0204803832637164,2024,2023-12-31,native_mse,20260910,0.0036262081384896457,,1,0
fixed_transform_remove_only,3233,2024-05-24,2024-06-03,-0.0081155643048258,2024,2023-12-31,native_mse,20260910,0.0049904247327292855,,1,0
fixed_transform_remove_only,3238,2024-05-31,2024-06-11,-0.0060267570121149,2024,2023-12-31,native_mse,20260910,0.0040244113389711345,,1,0
fixed_transform_remove_only,3243,2024-06-07,2024-06-17,-0.0096686558937179,2024,2023-12-31,native_mse,20260910,0.008609928356971403,,1,0
fixed_transform_remove_only,3247,2024-06-14,2024-06-24,-0.013573992457631,2024,2023-12-31,native_mse,20260910,0.008961501129694911,,1,0
fixed_transform_remove_only,3252,2024-06-21,2024-07-01,-0.004427632109257,2024,2023-12-31,native_mse,20260910,0.0009177608055072099,,1,0
fixed_transform_remove_only,3257,2024-06-28,2024-07-08,-0.0108320369203009,2024,2023-12-31,native_mse,20260910,0.0030020981914033497,,1,0
fixed_transform_remove_only,3262,2024-07-05,2024-07-15,0.0122222871842843,2024,2023-12-31,native_mse,20260910,0.00336049012064386,,1,1
fixed_transform_remove_only,3267,2024-07-12,2024-07-22,0.0218881133018156,2024,2023-12-31,native_mse,20260910,-0.0006421845267103974,,0,1
fixed_transform_remove_only,3272,2024-07-19,2024-07-29,-0.0378787022382998,2024,2023-12-31,native_mse,20260910,0.0004540341648428114,,1,0
fixed_transform_remove_only,3277,2024-07-26,2024-08-05,-0.0124134568216732,2024,2023-12-31,native_mse,20260910,0.0013231998081271626,,1,0
fixed_transform_remove_only,3282,2024-08-02,2024-08-12,-0.0102762848330364,2024,2023-12-31,native_mse,20260910,0.001303372172405589,,1,0
fixed_transform_remove_only,3287,2024-08-09,2024-08-19,0.0050186923751938,2024,2023-12-31,native_mse,20260910,0.00011119162293128984,,1,1
fixed_transform_remove_only,3292,2024-08-16,2024-08-26,-0.0040487282687352,2024,2023-12-31,native_mse,20260910,0.0014903087569155989,,1,0
fixed_transform_remove_only,3297,2024-08-23,2024-09-02,-0.0069594562136714,2024,2023-12-31,native_mse,20260910,-0.0030751570665977007,,0,0
fixed_transform_remove_only,3302,2024-08-30,2024-09-09,-0.0280389655151561,2024,2023-12-31,native_mse,20260910,-0.003508085985855703,,0,0
fixed_transform_remove_only,3307,2024-09-06,2024-09-18,-0.0174132138857783,2024,2023-12-31,native_mse,20260910,-0.0025693655960970898,,0,0
fixed_transform_remove_only,3312,2024-09-13,2024-09-24,0.0133119329369826,2024,2023-12-31,native_mse,20260910,0.00017194356388446877,,1,1
fixed_transform_remove_only,3315,2024-09-20,2024-09-30,0.2017513988384409,2024,2023-12-31,native_mse,20260910,0.0007791555801138394,,1,1
fixed_transform_remove_only,3320,2024-09-27,2024-10-14,0.0178259004588408,2024,2023-12-31,native_mse,20260910,0.0007616530796663938,,1,1
fixed_transform_remove_only,3325,2024-10-11,2024-10-21,0.0080914993282625,2024,2023-12-31,native_mse,20260910,-0.0026429925872939004,,0,1
fixed_transform_remove_only,3330,2024-10-18,2024-10-28,0.0015733867085561,2024,2023-12-31,native_mse,20260910,-0.004083051697418182,,0,1
fixed_transform_remove_only,3335,2024-10-25,2024-11-04,-0.0140142824257356,2024,2023-12-31,native_mse,20260910,-0.003618447449131282,,0,0
fixed_transform_remove_only,3340,2024-11-01,2024-11-11,0.0434152361258277,2024,2023-12-31,native_mse,20260910,-0.0042863223001300965,,0,1
fixed_transform_remove_only,3345,2024-11-08,2024-11-18,-0.0208584853931589,2024,2023-12-31,native_mse,20260910,-0.0028591792362593097,,0,0
fixed_transform_remove_only,3350,2024-11-15,2024-11-25,-0.0267421712161923,2024,2023-12-31,native_mse,20260910,-0.0017028092388012967,,0,0
fixed_transform_remove_only,3355,2024-11-22,2024-12-02,0.0087960346887328,2024,2023-12-31,native_mse,20260910,-0.0009456406767515755,,0,1
fixed_transform_remove_only,3360,2024-11-29,2024-12-09,0.0155919891551781,2024,2023-12-31,native_mse,20260910,-0.0002599534945060551,,0,1
fixed_transform_remove_only,3365,2024-12-06,2024-12-16,-0.0100436703218104,2024,2023-12-31,native_mse,20260910,0.0007542474780432574,,1,0
fixed_transform_remove_only,3370,2024-12-13,2024-12-23,-0.0006690784017421,2024,2023-12-31,native_mse,20260910,-0.0007125951992407705,,0,0
fixed_transform_remove_only,3375,2024-12-20,2024-12-30,0.0123595076562756,2024,2023-12-31,native_mse,20260910,-0.0012475930255920083,,0,1
fixed_transform_remove_only,3380,2024-12-27,2025-01-06,-0.0504714964669198,2024,2023-12-31,native_mse,20260910,-0.00024548952899875387,,0,0
fixed_transform_remove_only,3144,2024-01-05,2024-01-15,-0.0158038409563566,2024,2023-12-31,native_mse,20260911,0.006524465736805172,,1,0
fixed_transform_remove_only,3149,2024-01-12,2024-01-22,-0.002333261979756,2024,2023-12-31,native_mse,20260911,0.008213225375018137,,1,0
fixed_transform_remove_only,3154,2024-01-19,2024-01-29,0.0223511633823452,2024,2023-12-31,native_mse,20260911,0.009988969845384454,,1,1
fixed_transform_remove_only,3159,2024-01-26,2024-02-05,-0.0513103415192826,2024,2023-12-31,native_mse,20260911,0.007709942184731473,,1,0
fixed_transform_remove_only,3164,2024-02-02,2024-02-26,0.1015374891364462,2024,2023-12-31,native_mse,20260911,0.006449485928463916,,1,1
fixed_transform_remove_only,3173,2024-02-23,2024-03-04,0.0151569053862528,2024,2023-12-31,native_mse,20260911,0.010256530380527457,,1,1
fixed_transform_remove_only,3178,2024-03-01,2024-03-11,0.0021394031715169,2024,2023-12-31,native_mse,20260911,0.00705766649461919,,1,1
fixed_transform_remove_only,3183,2024-03-08,2024-03-18,0.0087762342284414,2024,2023-12-31,native_mse,20260911,0.008632918878357794,,1,1
fixed_transform_remove_only,3188,2024-03-15,2024-03-25,-0.0112802133595746,2024,2023-12-31,native_mse,20260911,0.004101422624994645,,1,0
fixed_transform_remove_only,3193,2024-03-22,2024-04-01,0.0042044725182444,2024,2023-12-31,native_mse,20260911,0.0049895841353934664,,1,1
fixed_transform_remove_only,3198,2024-03-29,2024-04-15,-0.0219845815102011,2024,2023-12-31,native_mse,20260911,0.0016010611409444046,,1,0
fixed_transform_remove_only,3206,2024-04-12,2024-04-22,0.018045199366633,2024,2023-12-31,native_mse,20260911,0.001857502186560773,,1,1
fixed_transform_remove_only,3211,2024-04-19,2024-04-29,0.0136757744232476,2024,2023-12-31,native_mse,20260911,0.009651811290201222,,1,1
fixed_transform_remove_only,3216,2024-04-26,2024-05-13,0.0172434956786644,2024,2023-12-31,native_mse,20260911,0.005960111287081512,,1,1
fixed_transform_remove_only,3223,2024-05-10,2024-05-20,0.0097933549988344,2024,2023-12-31,native_mse,20260911,-0.004933376296222066,,0,1
fixed_transform_remove_only,3228,2024-05-17,2024-05-27,-0.0204803832637164,2024,2023-12-31,native_mse,20260911,-0.003099362011607103,,0,0
fixed_transform_remove_only,3233,2024-05-24,2024-06-03,-0.0081155643048258,2024,2023-12-31,native_mse,20260911,-0.0038744398417857777,,0,0
fixed_transform_remove_only,3238,2024-05-31,2024-06-11,-0.0060267570121149,2024,2023-12-31,native_mse,20260911,-0.0020292253039693184,,0,0
fixed_transform_remove_only,3243,2024-06-07,2024-06-17,-0.0096686558937179,2024,2023-12-31,native_mse,20260911,5.7354393489387904e-05,,1,0
fixed_transform_remove_only,3247,2024-06-14,2024-06-24,-0.013573992457631,2024,2023-12-31,native_mse,20260911,0.0016373878025280563,,1,0
fixed_transform_remove_only,3252,2024-06-21,2024-07-01,-0.004427632109257,2024,2023-12-31,native_mse,20260911,0.0027588932782398315,,1,0
fixed_transform_remove_only,3257,2024-06-28,2024-07-08,-0.0108320369203009,2024,2023-12-31,native_mse,20260911,0.0032470747873102144,,1,0
fixed_transform_remove_only,3262,2024-07-05,2024-07-15,0.0122222871842843,2024,2023-12-31,native_mse,20260911,0.002652089101692747,,1,1
fixed_transform_remove_only,3267,2024-07-12,2024-07-22,0.0218881133018156,2024,2023-12-31,native_mse,20260911,0.004450330503533944,,1,1
fixed_transform_remove_only,3272,2024-07-19,2024-07-29,-0.0378787022382998,2024,2023-12-31,native_mse,20260911,-0.0012744559041647184,,0,0
fixed_transform_remove_only,3277,2024-07-26,2024-08-05,-0.0124134568216732,2024,2023-12-31,native_mse,20260911,-0.001291795834448832,,0,0
fixed_transform_remove_only,3282,2024-08-02,2024-08-12,-0.0102762848330364,2024,2023-12-31,native_mse,20260911,-0.002458562952290899,,0,0
fixed_transform_remove_only,3287,2024-08-09,2024-08-19,0.0050186923751938,2024,2023-12-31,native_mse,20260911,-0.0009352769264030156,,0,1
fixed_transform_remove_only,3292,2024-08-16,2024-08-26,-0.0040487282687352,2024,2023-12-31,native_mse,20260911,-0.0034014636043486098,,0,0
fixed_transform_remove_only,3297,2024-08-23,2024-09-02,-0.0069594562136714,2024,2023-12-31,native_mse,20260911,-0.0018665564124188876,,0,0
fixed_transform_remove_only,3302,2024-08-30,2024-09-09,-0.0280389655151561,2024,2023-12-31,native_mse,20260911,2.766314850337684e-05,,1,0
fixed_transform_remove_only,3307,2024-09-06,2024-09-18,-0.0174132138857783,2024,2023-12-31,native_mse,20260911,0.0015093996928045017,,1,0
fixed_transform_remove_only,3312,2024-09-13,2024-09-24,0.0133119329369826,2024,2023-12-31,native_mse,20260911,0.005047902673988417,,1,1
fixed_transform_remove_only,3315,2024-09-20,2024-09-30,0.2017513988384409,2024,2023-12-31,native_mse,20260911,0.006841795120835749,,1,1
fixed_transform_remove_only,3320,2024-09-27,2024-10-14,0.0178259004588408,2024,2023-12-31,native_mse,20260911,0.011643607701046107,,1,1
fixed_transform_remove_only,3325,2024-10-11,2024-10-21,0.0080914993282625,2024,2023-12-31,native_mse,20260911,0.006958055096152153,,1,1
fixed_transform_remove_only,3330,2024-10-18,2024-10-28,0.0015733867085561,2024,2023-12-31,native_mse,20260911,0.0035488889473533555,,1,1
fixed_transform_remove_only,3335,2024-10-25,2024-11-04,-0.0140142824257356,2024,2023-12-31,native_mse,20260911,-0.004087166652715301,,0,0
fixed_transform_remove_only,3340,2024-11-01,2024-11-11,0.0434152361258277,2024,2023-12-31,native_mse,20260911,-0.008879815780234165,,0,1
fixed_transform_remove_only,3345,2024-11-08,2024-11-18,-0.0208584853931589,2024,2023-12-31,native_mse,20260911,-0.0016665405141504353,,0,0
fixed_transform_remove_only,3350,2024-11-15,2024-11-25,-0.0267421712161923,2024,2023-12-31,native_mse,20260911,-0.0014397200836903515,,0,0
fixed_transform_remove_only,3355,2024-11-22,2024-12-02,0.0087960346887328,2024,2023-12-31,native_mse,20260911,-0.00394305191034785,,0,1
fixed_transform_remove_only,3360,2024-11-29,2024-12-09,0.0155919891551781,2024,2023-12-31,native_mse,20260911,-0.003787046789689023,,0,1
fixed_transform_remove_only,3365,2024-12-06,2024-12-16,-0.0100436703218104,2024,2023-12-31,native_mse,20260911,-0.0013163950781598383,,0,0
fixed_transform_remove_only,3370,2024-12-13,2024-12-23,-0.0006690784017421,2024,2023-12-31,native_mse,20260911,-0.007731413237017607,,0,0
fixed_transform_remove_only,3375,2024-12-20,2024-12-30,0.0123595076562756,2024,2023-12-31,native_mse,20260911,-0.005503589541502588,,0,1
fixed_transform_remove_only,3380,2024-12-27,2025-01-06,-0.0504714964669198,2024,2023-12-31,native_mse,20260911,0.006049137218951889,,1,0
fixed_transform_remove_only,3144,2024-01-05,2024-01-15,-0.0158038409563566,2024,2023-12-31,native_mse,20260912,0.001652613648937757,,1,0
fixed_transform_remove_only,3149,2024-01-12,2024-01-22,-0.002333261979756,2024,2023-12-31,native_mse,20260912,0.0017566823014709063,,1,0
fixed_transform_remove_only,3154,2024-01-19,2024-01-29,0.0223511633823452,2024,2023-12-31,native_mse,20260912,0.0017349357863463528,,1,1
fixed_transform_remove_only,3159,2024-01-26,2024-02-05,-0.0513103415192826,2024,2023-12-31,native_mse,20260912,0.0017756045446650414,,1,0
fixed_transform_remove_only,3164,2024-02-02,2024-02-26,0.1015374891364462,2024,2023-12-31,native_mse,20260912,0.0017702651342618495,,1,1
fixed_transform_remove_only,3173,2024-02-23,2024-03-04,0.0151569053862528,2024,2023-12-31,native_mse,20260912,0.0018705013508167863,,1,1
fixed_transform_remove_only,3178,2024-03-01,2024-03-11,0.0021394031715169,2024,2023-12-31,native_mse,20260912,0.0020966839632058165,,1,1
fixed_transform_remove_only,3183,2024-03-08,2024-03-18,0.0087762342284414,2024,2023-12-31,native_mse,20260912,0.0021229030867072935,,1,1
fixed_transform_remove_only,3188,2024-03-15,2024-03-25,-0.0112802133595746,2024,2023-12-31,native_mse,20260912,0.002169492364912302,,1,0
fixed_transform_remove_only,3193,2024-03-22,2024-04-01,0.0042044725182444,2024,2023-12-31,native_mse,20260912,0.0021346683785466035,,1,1
fixed_transform_remove_only,3198,2024-03-29,2024-04-15,-0.0219845815102011,2024,2023-12-31,native_mse,20260912,0.001970104765042201,,1,0
fixed_transform_remove_only,3206,2024-04-12,2024-04-22,0.018045199366633,2024,2023-12-31,native_mse,20260912,0.0018950666103198662,,1,1
fixed_transform_remove_only,3211,2024-04-19,2024-04-29,0.0136757744232476,2024,2023-12-31,native_mse,20260912,0.0014826942470986316,,1,1
fixed_transform_remove_only,3216,2024-04-26,2024-05-13,0.0172434956786644,2024,2023-12-31,native_mse,20260912,0.0010502698704938512,,1,1
fixed_transform_remove_only,3223,2024-05-10,2024-05-20,0.0097933549988344,2024,2023-12-31,native_mse,20260912,0.0008603132721811119,,1,1
fixed_transform_remove_only,3228,2024-05-17,2024-05-27,-0.0204803832637164,2024,2023-12-31,native_mse,20260912,0.000598359363630433,,1,0
fixed_transform_remove_only,3233,2024-05-24,2024-06-03,-0.0081155643048258,2024,2023-12-31,native_mse,20260912,0.0005736014331172037,,1,0
fixed_transform_remove_only,3238,2024-05-31,2024-06-11,-0.0060267570121149,2024,2023-12-31,native_mse,20260912,0.0005483327414548749,,1,0
fixed_transform_remove_only,3243,2024-06-07,2024-06-17,-0.0096686558937179,2024,2023-12-31,native_mse,20260912,0.000585176229140396,,1,0
fixed_transform_remove_only,3247,2024-06-14,2024-06-24,-0.013573992457631,2024,2023-12-31,native_mse,20260912,0.000605835607878555,,1,0
fixed_transform_remove_only,3252,2024-06-21,2024-07-01,-0.004427632109257,2024,2023-12-31,native_mse,20260912,0.0006286050015987623,,1,0
fixed_transform_remove_only,3257,2024-06-28,2024-07-08,-0.0108320369203009,2024,2023-12-31,native_mse,20260912,0.00064228262166844,,1,0
fixed_transform_remove_only,3262,2024-07-05,2024-07-15,0.0122222871842843,2024,2023-12-31,native_mse,20260912,0.000721007461573622,,1,1
fixed_transform_remove_only,3267,2024-07-12,2024-07-22,0.0218881133018156,2024,2023-12-31,native_mse,20260912,0.000821435978076197,,1,1
fixed_transform_remove_only,3272,2024-07-19,2024-07-29,-0.0378787022382998,2024,2023-12-31,native_mse,20260912,0.0008418861287390497,,1,0
fixed_transform_remove_only,3277,2024-07-26,2024-08-05,-0.0124134568216732,2024,2023-12-31,native_mse,20260912,0.0012675510770958798,,1,0
fixed_transform_remove_only,3282,2024-08-02,2024-08-12,-0.0102762848330364,2024,2023-12-31,native_mse,20260912,0.0015249857513458085,,1,0
fixed_transform_remove_only,3287,2024-08-09,2024-08-19,0.0050186923751938,2024,2023-12-31,native_mse,20260912,0.0015779514189250905,,1,1
fixed_transform_remove_only,3292,2024-08-16,2024-08-26,-0.0040487282687352,2024,2023-12-31,native_mse,20260912,0.0013998325080271312,,1,0
fixed_transform_remove_only,3297,2024-08-23,2024-09-02,-0.0069594562136714,2024,2023-12-31,native_mse,20260912,0.0014255873683507452,,1,0
fixed_transform_remove_only,3302,2024-08-30,2024-09-09,-0.0280389655151561,2024,2023-12-31,native_mse,20260912,0.0015330401621674865,,1,0
fixed_transform_remove_only,3307,2024-09-06,2024-09-18,-0.0174132138857783,2024,2023-12-31,native_mse,20260912,0.0015627932338450265,,1,0
fixed_transform_remove_only,3312,2024-09-13,2024-09-24,0.0133119329369826,2024,2023-12-31,native_mse,20260912,0.0015103830852308555,,1,1
fixed_transform_remove_only,3315,2024-09-20,2024-09-30,0.2017513988384409,2024,2023-12-31,native_mse,20260912,0.0015343284400254939,,1,1
fixed_transform_remove_only,3320,2024-09-27,2024-10-14,0.0178259004588408,2024,2023-12-31,native_mse,20260912,0.0015725051425186597,,1,1
fixed_transform_remove_only,3325,2024-10-11,2024-10-21,0.0080914993282625,2024,2023-12-31,native_mse,20260912,0.0019394229622847915,,1,1
fixed_transform_remove_only,3330,2024-10-18,2024-10-28,0.0015733867085561,2024,2023-12-31,native_mse,20260912,0.0021210173726156634,,1,1
fixed_transform_remove_only,3335,2024-10-25,2024-11-04,-0.0140142824257356,2024,2023-12-31,native_mse,20260912,0.0021565584052961957,,1,0
fixed_transform_remove_only,3340,2024-11-01,2024-11-11,0.0434152361258277,2024,2023-12-31,native_mse,20260912,0.002066143931918221,,1,1
fixed_transform_remove_only,3345,2024-11-08,2024-11-18,-0.0208584853931589,2024,2023-12-31,native_mse,20260912,0.0019328021834634566,,1,0
fixed_transform_remove_only,3350,2024-11-15,2024-11-25,-0.0267421712161923,2024,2023-12-31,native_mse,20260912,0.0016078398644429398,,1,0
fixed_transform_remove_only,3355,2024-11-22,2024-12-02,0.0087960346887328,2024,2023-12-31,native_mse,20260912,0.0014387624930086427,,1,1
fixed_transform_remove_only,3360,2024-11-29,2024-12-09,0.0155919891551781,2024,2023-12-31,native_mse,20260912,0.001055672591838617,,1,1
fixed_transform_remove_only,3365,2024-12-06,2024-12-16,-0.0100436703218104,2024,2023-12-31,native_mse,20260912,0.0009332123922739673,,1,0
fixed_transform_remove_only,3370,2024-12-13,2024-12-23,-0.0006690784017421,2024,2023-12-31,native_mse,20260912,0.0007303535282016855,,1,0
fixed_transform_remove_only,3375,2024-12-20,2024-12-30,0.0123595076562756,2024,2023-12-31,native_mse,20260912,0.0006347143027364932,,1,1
fixed_transform_remove_only,3380,2024-12-27,2025-01-06,-0.0504714964669198,2024,2023-12-31,native_mse,20260912,0.0004962445983289108,,1,0
fixed_transform_remove_only,3384,2025-01-03,2025-01-13,-0.0189486730632231,2025,2024-12-31,native_mse,20260910,-0.0042551962797835255,,0,0
fixed_transform_remove_only,3389,2025-01-10,2025-01-20,0.0353251773547418,2025,2024-12-31,native_mse,20260910,-0.004346017102457373,,0,1
fixed_transform_remove_only,3394,2025-01-17,2025-01-27,0.000432821422053,2025,2024-12-31,native_mse,20260910,-0.0019110835117753682,,0,1
fixed_transform_remove_only,3399,2025-01-24,2025-02-10,0.0159344898044284,2025,2024-12-31,native_mse,20260910,-0.0018767518511483509,,0,1
fixed_transform_remove_only,3403,2025-02-07,2025-02-17,0.0144454990892999,2025,2024-12-31,native_mse,20260910,-0.0005243581714439598,,0,1
fixed_transform_remove_only,3408,2025-02-14,2025-02-24,0.0045695818086644,2025,2024-12-31,native_mse,20260910,0.0018166916350322408,,1,1
fixed_transform_remove_only,3413,2025-02-21,2025-03-03,-0.0183210488158531,2025,2024-12-31,native_mse,20260910,-0.0017910693651536675,,0,0
fixed_transform_remove_only,3418,2025-02-28,2025-03-10,0.0117650075646844,2025,2024-12-31,native_mse,20260910,8.039864129989814e-05,,1,1
fixed_transform_remove_only,3423,2025-03-07,2025-03-17,0.019023819058288,2025,2024-12-31,native_mse,20260910,0.00045020548490624885,,1,1
fixed_transform_remove_only,3428,2025-03-14,2025-03-24,-0.0259983485216283,2025,2024-12-31,native_mse,20260910,0.004030585426274574,,1,0
fixed_transform_remove_only,3433,2025-03-21,2025-03-31,-0.0025867506275359,2025,2024-12-31,native_mse,20260910,0.0025467178052053364,,1,0
fixed_transform_remove_only,3438,2025-03-28,2025-04-14,-0.0342910101946246,2025,2024-12-31,native_mse,20260910,0.007880897711304511,,1,0
fixed_transform_remove_only,3447,2025-04-11,2025-04-21,-0.0010339232881941,2025,2024-12-31,native_mse,20260910,5.880823721327009e-05,,1,0
fixed_transform_remove_only,3452,2025-04-18,2025-04-28,0.0048432383085554,2025,2024-12-31,native_mse,20260910,0.005609692399565023,,1,1
fixed_transform_remove_only,3457,2025-04-25,2025-05-12,0.02116527880118,2025,2024-12-31,native_mse,20260910,-0.000987643148635555,,0,1
fixed_transform_remove_only,3464,2025-05-09,2025-05-19,0.0041484224873464,2025,2024-12-31,native_mse,20260910,-0.0013747677302766792,,0,1
fixed_transform_remove_only,3469,2025-05-16,2025-05-26,-0.0017462660042188,2025,2024-12-31,native_mse,20260910,-0.0004666942525332647,,0,0
fixed_transform_remove_only,3474,2025-05-23,2025-06-03,-0.0109216443615366,2025,2024-12-31,native_mse,20260910,-0.0003784346347167226,,0,0
fixed_transform_remove_only,3479,2025-05-30,2025-06-09,0.011566574321892,2025,2024-12-31,native_mse,20260910,0.0010175785321809984,,1,1
fixed_transform_remove_only,3483,2025-06-06,2025-06-16,-0.0062354943524679,2025,2024-12-31,native_mse,20260910,-0.0001914645603575384,,0,0
fixed_transform_remove_only,3488,2025-06-13,2025-06-23,-0.005825691168304,2025,2024-12-31,native_mse,20260910,1.1665969000571627e-05,,1,0
fixed_transform_remove_only,3493,2025-06-20,2025-06-30,0.0232670437490374,2025,2024-12-31,native_mse,20260910,0.0007044968618821799,,1,1
fixed_transform_remove_only,3498,2025-06-27,2025-07-07,0.0145345648685946,2025,2024-12-31,native_mse,20260910,-0.003232334991441291,,0,1
fixed_transform_remove_only,3503,2025-07-04,2025-07-14,0.0110426949002964,2025,2024-12-31,native_mse,20260910,0.003419117861495023,,1,1
fixed_transform_remove_only,3508,2025-07-11,2025-07-21,0.0120759671840067,2025,2024-12-31,native_mse,20260910,0.011140680775400312,,1,1
fixed_transform_remove_only,3513,2025-07-18,2025-07-28,0.0143570766898375,2025,2024-12-31,native_mse,20260910,-0.002127522022613997,,0,1
fixed_transform_remove_only,3518,2025-07-25,2025-08-04,-0.0218642507630443,2025,2024-12-31,native_mse,20260910,-0.001869242573817923,,0,0
fixed_transform_remove_only,3523,2025-08-01,2025-08-11,0.0179175520190988,2025,2024-12-31,native_mse,20260910,2.2319590068522338e-05,,1,1
fixed_transform_remove_only,3528,2025-08-08,2025-08-18,0.026265786598999,2025,2024-12-31,native_mse,20260910,-0.004614466433741538,,0,1
fixed_transform_remove_only,3533,2025-08-15,2025-08-25,0.0469483790671487,2025,2024-12-31,native_mse,20260910,-0.0013489789955213162,,0,1
fixed_transform_remove_only,3538,2025-08-22,2025-09-01,0.0227770368340847,2025,2024-12-31,native_mse,20260910,-0.004341013056443359,,0,1
fixed_transform_remove_only,3543,2025-08-29,2025-09-08,-0.0110053842475337,2025,2024-12-31,native_mse,20260910,-0.004924417538845909,,0,0
fixed_transform_remove_only,3548,2025-09-05,2025-09-15,0.0151594857594405,2025,2024-12-31,native_mse,20260910,-0.004519124644784283,,0,1
fixed_transform_remove_only,3553,2025-09-12,2025-09-22,-0.0050409160971932,2025,2024-12-31,native_mse,20260910,-0.004114428954602145,,0,0
fixed_transform_remove_only,3558,2025-09-19,2025-09-29,0.0095300784790881,2025,2024-12-31,native_mse,20260910,-0.0047590961051182015,,0,1
fixed_transform_remove_only,3563,2025-09-26,2025-10-13,-0.0140855274279203,2025,2024-12-31,native_mse,20260910,-0.004219803127072934,,0,0
fixed_transform_remove_only,3567,2025-10-10,2025-10-20,0.015001547584321,2025,2024-12-31,native_mse,20260910,-0.003823350500415441,,0,1
fixed_transform_remove_only,3572,2025-10-17,2025-10-27,0.0309637052897611,2025,2024-12-31,native_mse,20260910,-0.003866623261027931,,0,1
fixed_transform_remove_only,3577,2025-10-24,2025-11-03,-0.013331545863497,2025,2024-12-31,native_mse,20260910,-0.0036382658807448576,,0,0
fixed_transform_remove_only,3582,2025-10-31,2025-11-10,0.0110832418536339,2025,2024-12-31,native_mse,20260910,-0.003790641327688186,,0,1
fixed_transform_remove_only,3587,2025-11-07,2025-11-17,-0.0152107881197579,2025,2024-12-31,native_mse,20260910,-0.003538974204578519,,0,0
fixed_transform_remove_only,3592,2025-11-14,2025-11-24,-0.031114557454173,2025,2024-12-31,native_mse,20260910,-0.003282621345580935,,0,0
fixed_transform_remove_only,3597,2025-11-21,2025-12-01,0.0147613767448515,2025,2024-12-31,native_mse,20260910,-0.0034884891644206416,,0,1
fixed_transform_remove_only,3602,2025-11-28,2025-12-08,0.0118853804313106,2025,2024-12-31,native_mse,20260910,-0.003806133337151431,,0,1
fixed_transform_remove_only,3607,2025-12-05,2025-12-15,-0.0093922675990717,2025,2024-12-31,native_mse,20260910,-0.003208553856296927,,0,0
fixed_transform_remove_only,3612,2025-12-12,2025-12-22,0.0082791208791208,2025,2024-12-31,native_mse,20260910,0.0022387132272507658,,1,1
fixed_transform_remove_only,3617,2025-12-19,2025-12-29,0.0153890755001995,2025,2024-12-31,native_mse,20260910,0.006486312528548796,,1,1
fixed_transform_remove_only,3622,2025-12-26,2026-01-12,0.0239101640737868,2025,2024-12-31,native_mse,20260910,-0.0003728277129905187,,0,1
fixed_transform_remove_only,3384,2025-01-03,2025-01-13,-0.0189486730632231,2025,2024-12-31,native_mse,20260911,-0.002243633031677963,,0,0
fixed_transform_remove_only,3389,2025-01-10,2025-01-20,0.0353251773547418,2025,2024-12-31,native_mse,20260911,-0.0018394813791051527,,0,1
fixed_transform_remove_only,3394,2025-01-17,2025-01-27,0.000432821422053,2025,2024-12-31,native_mse,20260911,-0.0014393263633927758,,0,1
fixed_transform_remove_only,3399,2025-01-24,2025-02-10,0.0159344898044284,2025,2024-12-31,native_mse,20260911,-0.0005732481089145066,,0,1
fixed_transform_remove_only,3403,2025-02-07,2025-02-17,0.0144454990892999,2025,2024-12-31,native_mse,20260911,-0.0003493640286036611,,0,1
fixed_transform_remove_only,3408,2025-02-14,2025-02-24,0.0045695818086644,2025,2024-12-31,native_mse,20260911,-6.571465300264602e-06,,0,1
fixed_transform_remove_only,3413,2025-02-21,2025-03-03,-0.0183210488158531,2025,2024-12-31,native_mse,20260911,0.00010564573035517886,,1,0
fixed_transform_remove_only,3418,2025-02-28,2025-03-10,0.0117650075646844,2025,2024-12-31,native_mse,20260911,0.00030938900384146466,,1,1
fixed_transform_remove_only,3423,2025-03-07,2025-03-17,0.019023819058288,2025,2024-12-31,native_mse,20260911,0.0003527669941379203,,1,1
fixed_transform_remove_only,3428,2025-03-14,2025-03-24,-0.0259983485216283,2025,2024-12-31,native_mse,20260911,0.0004719065040533454,,1,0
fixed_transform_remove_only,3433,2025-03-21,2025-03-31,-0.0025867506275359,2025,2024-12-31,native_mse,20260911,0.0001374212134311476,,1,0
fixed_transform_remove_only,3438,2025-03-28,2025-04-14,-0.0342910101946246,2025,2024-12-31,native_mse,20260911,0.0003460895283123176,,1,0
fixed_transform_remove_only,3447,2025-04-11,2025-04-21,-0.0010339232881941,2025,2024-12-31,native_mse,20260911,0.000247650617921614,,1,0
fixed_transform_remove_only,3452,2025-04-18,2025-04-28,0.0048432383085554,2025,2024-12-31,native_mse,20260911,0.0005399418130639047,,1,1
fixed_transform_remove_only,3457,2025-04-25,2025-05-12,0.02116527880118,2025,2024-12-31,native_mse,20260911,0.00041859235087992534,,1,1
fixed_transform_remove_only,3464,2025-05-09,2025-05-19,0.0041484224873464,2025,2024-12-31,native_mse,20260911,-0.00023324757687195213,,0,1
fixed_transform_remove_only,3469,2025-05-16,2025-05-26,-0.0017462660042188,2025,2024-12-31,native_mse,20260911,-0.0007053097438131018,,0,0
fixed_transform_remove_only,3474,2025-05-23,2025-06-03,-0.0109216443615366,2025,2024-12-31,native_mse,20260911,-0.0004283154814639044,,0,0
fixed_transform_remove_only,3479,2025-05-30,2025-06-09,0.011566574321892,2025,2024-12-31,native_mse,20260911,-0.0007435280421209072,,0,1
fixed_transform_remove_only,3483,2025-06-06,2025-06-16,-0.0062354943524679,2025,2024-12-31,native_mse,20260911,0.00031992663879525335,,1,0
fixed_transform_remove_only,3488,2025-06-13,2025-06-23,-0.005825691168304,2025,2024-12-31,native_mse,20260911,-0.00012583521126832513,,0,0
fixed_transform_remove_only,3493,2025-06-20,2025-06-30,0.0232670437490374,2025,2024-12-31,native_mse,20260911,0.0004804870845920942,,1,1
fixed_transform_remove_only,3498,2025-06-27,2025-07-07,0.0145345648685946,2025,2024-12-31,native_mse,20260911,0.0003559800730399111,,1,1
fixed_transform_remove_only,3503,2025-07-04,2025-07-14,0.0110426949002964,2025,2024-12-31,native_mse,20260911,0.0001003436982822433,,1,1
fixed_transform_remove_only,3508,2025-07-11,2025-07-21,0.0120759671840067,2025,2024-12-31,native_mse,20260911,0.00011930674045287023,,1,1
fixed_transform_remove_only,3513,2025-07-18,2025-07-28,0.0143570766898375,2025,2024-12-31,native_mse,20260911,-0.00014021210404791933,,0,1
fixed_transform_remove_only,3518,2025-07-25,2025-08-04,-0.0218642507630443,2025,2024-12-31,native_mse,20260911,-0.0010675431152552786,,0,0
fixed_transform_remove_only,3523,2025-08-01,2025-08-11,0.0179175520190988,2025,2024-12-31,native_mse,20260911,-0.0011114652147751107,,0,1
fixed_transform_remove_only,3528,2025-08-08,2025-08-18,0.026265786598999,2025,2024-12-31,native_mse,20260911,-0.0011821175732785794,,0,1
fixed_transform_remove_only,3533,2025-08-15,2025-08-25,0.0469483790671487,2025,2024-12-31,native_mse,20260911,-0.001692750035902398,,0,1
fixed_transform_remove_only,3538,2025-08-22,2025-09-01,0.0227770368340847,2025,2024-12-31,native_mse,20260911,-0.0020785336587941633,,0,1
fixed_transform_remove_only,3543,2025-08-29,2025-09-08,-0.0110053842475337,2025,2024-12-31,native_mse,20260911,-0.0022958519339049935,,0,0
fixed_transform_remove_only,3548,2025-09-05,2025-09-15,0.0151594857594405,2025,2024-12-31,native_mse,20260911,-0.002811169444921857,,0,1
fixed_transform_remove_only,3553,2025-09-12,2025-09-22,-0.0050409160971932,2025,2024-12-31,native_mse,20260911,-0.0028821755195373713,,0,0
fixed_transform_remove_only,3558,2025-09-19,2025-09-29,0.0095300784790881,2025,2024-12-31,native_mse,20260911,-0.0027270038017814854,,0,1
fixed_transform_remove_only,3563,2025-09-26,2025-10-13,-0.0140855274279203,2025,2024-12-31,native_mse,20260911,-0.002671446424452231,,0,0
fixed_transform_remove_only,3567,2025-10-10,2025-10-20,0.015001547584321,2025,2024-12-31,native_mse,20260911,-0.002875353278749809,,0,1
fixed_transform_remove_only,3572,2025-10-17,2025-10-27,0.0309637052897611,2025,2024-12-31,native_mse,20260911,-0.0026759293493526775,,0,1
fixed_transform_remove_only,3577,2025-10-24,2025-11-03,-0.013331545863497,2025,2024-12-31,native_mse,20260911,-0.0024118634853773644,,0,0
fixed_transform_remove_only,3582,2025-10-31,2025-11-10,0.0110832418536339,2025,2024-12-31,native_mse,20260911,-0.0024513790865101073,,0,1
fixed_transform_remove_only,3587,2025-11-07,2025-11-17,-0.0152107881197579,2025,2024-12-31,native_mse,20260911,-0.0023441841984512364,,0,0
fixed_transform_remove_only,3592,2025-11-14,2025-11-24,-0.031114557454173,2025,2024-12-31,native_mse,20260911,-0.0023326617843834286,,0,0
fixed_transform_remove_only,3597,2025-11-21,2025-12-01,0.0147613767448515,2025,2024-12-31,native_mse,20260911,-0.0021695162719280723,,0,1
fixed_transform_remove_only,3602,2025-11-28,2025-12-08,0.0118853804313106,2025,2024-12-31,native_mse,20260911,-0.0021230276394656705,,0,1
fixed_transform_remove_only,3607,2025-12-05,2025-12-15,-0.0093922675990717,2025,2024-12-31,native_mse,20260911,-0.0018508009821854902,,0,0
fixed_transform_remove_only,3612,2025-12-12,2025-12-22,0.0082791208791208,2025,2024-12-31,native_mse,20260911,-0.0014574936445709685,,0,1
fixed_transform_remove_only,3617,2025-12-19,2025-12-29,0.0153890755001995,2025,2024-12-31,native_mse,20260911,-0.001196551069802699,,0,1
fixed_transform_remove_only,3622,2025-12-26,2026-01-12,0.0239101640737868,2025,2024-12-31,native_mse,20260911,-0.0009424910062058391,,0,1
fixed_transform_remove_only,3384,2025-01-03,2025-01-13,-0.0189486730632231,2025,2024-12-31,native_mse,20260912,-0.003930728949605344,,0,0
fixed_transform_remove_only,3389,2025-01-10,2025-01-20,0.0353251773547418,2025,2024-12-31,native_mse,20260912,0.004608697114816542,,1,1
fixed_transform_remove_only,3394,2025-01-17,2025-01-27,0.000432821422053,2025,2024-12-31,native_mse,20260912,-0.0013781107886780553,,0,1
fixed_transform_remove_only,3399,2025-01-24,2025-02-10,0.0159344898044284,2025,2024-12-31,native_mse,20260912,0.008065382377116114,,1,1
fixed_transform_remove_only,3403,2025-02-07,2025-02-17,0.0144454990892999,2025,2024-12-31,native_mse,20260912,0.0020560919017093573,,1,1
fixed_transform_remove_only,3408,2025-02-14,2025-02-24,0.0045695818086644,2025,2024-12-31,native_mse,20260912,0.0004574229206631815,,1,1
fixed_transform_remove_only,3413,2025-02-21,2025-03-03,-0.0183210488158531,2025,2024-12-31,native_mse,20260912,-0.004487069050516085,,0,0
fixed_transform_remove_only,3418,2025-02-28,2025-03-10,0.0117650075646844,2025,2024-12-31,native_mse,20260912,0.007907777385840498,,1,1
fixed_transform_remove_only,3423,2025-03-07,2025-03-17,0.019023819058288,2025,2024-12-31,native_mse,20260912,-0.007080334543719193,,0,1
fixed_transform_remove_only,3428,2025-03-14,2025-03-24,-0.0259983485216283,2025,2024-12-31,native_mse,20260912,0.005416181842733637,,1,0
fixed_transform_remove_only,3433,2025-03-21,2025-03-31,-0.0025867506275359,2025,2024-12-31,native_mse,20260912,0.0028174386195491687,,1,0
fixed_transform_remove_only,3438,2025-03-28,2025-04-14,-0.0342910101946246,2025,2024-12-31,native_mse,20260912,0.0006099430279859906,,1,0
fixed_transform_remove_only,3447,2025-04-11,2025-04-21,-0.0010339232881941,2025,2024-12-31,native_mse,20260912,-0.0038314464400373087,,0,0
fixed_transform_remove_only,3452,2025-04-18,2025-04-28,0.0048432383085554,2025,2024-12-31,native_mse,20260912,-0.002239070357372274,,0,1
fixed_transform_remove_only,3457,2025-04-25,2025-05-12,0.02116527880118,2025,2024-12-31,native_mse,20260912,-0.0030291142570267483,,0,1
fixed_transform_remove_only,3464,2025-05-09,2025-05-19,0.0041484224873464,2025,2024-12-31,native_mse,20260912,-0.006797100864360832,,0,1
fixed_transform_remove_only,3469,2025-05-16,2025-05-26,-0.0017462660042188,2025,2024-12-31,native_mse,20260912,0.0011635229802106158,,1,0
fixed_transform_remove_only,3474,2025-05-23,2025-06-03,-0.0109216443615366,2025,2024-12-31,native_mse,20260912,-0.0015437185640202761,,0,0
fixed_transform_remove_only,3479,2025-05-30,2025-06-09,0.011566574321892,2025,2024-12-31,native_mse,20260912,-0.007042284452490261,,0,1
fixed_transform_remove_only,3483,2025-06-06,2025-06-16,-0.0062354943524679,2025,2024-12-31,native_mse,20260912,0.00028466611619904517,,1,0
fixed_transform_remove_only,3488,2025-06-13,2025-06-23,-0.005825691168304,2025,2024-12-31,native_mse,20260912,-0.006674179072757184,,0,0
fixed_transform_remove_only,3493,2025-06-20,2025-06-30,0.0232670437490374,2025,2024-12-31,native_mse,20260912,-0.0026285119113171485,,0,1
fixed_transform_remove_only,3498,2025-06-27,2025-07-07,0.0145345648685946,2025,2024-12-31,native_mse,20260912,-0.001664357643481335,,0,1
fixed_transform_remove_only,3503,2025-07-04,2025-07-14,0.0110426949002964,2025,2024-12-31,native_mse,20260912,0.0037107408116209707,,1,1
fixed_transform_remove_only,3508,2025-07-11,2025-07-21,0.0120759671840067,2025,2024-12-31,native_mse,20260912,0.002218014475368515,,1,1
fixed_transform_remove_only,3513,2025-07-18,2025-07-28,0.0143570766898375,2025,2024-12-31,native_mse,20260912,0.009911597608358887,,1,1
fixed_transform_remove_only,3518,2025-07-25,2025-08-04,-0.0218642507630443,2025,2024-12-31,native_mse,20260912,-0.0013540938427923275,,0,0
fixed_transform_remove_only,3523,2025-08-01,2025-08-11,0.0179175520190988,2025,2024-12-31,native_mse,20260912,0.002501110312004882,,1,1
fixed_transform_remove_only,3528,2025-08-08,2025-08-18,0.026265786598999,2025,2024-12-31,native_mse,20260912,-0.006121881900028309,,0,1
fixed_transform_remove_only,3533,2025-08-15,2025-08-25,0.0469483790671487,2025,2024-12-31,native_mse,20260912,-0.0031833828356847573,,0,1
fixed_transform_remove_only,3538,2025-08-22,2025-09-01,0.0227770368340847,2025,2024-12-31,native_mse,20260912,-0.005229739970136804,,0,1
fixed_transform_remove_only,3543,2025-08-29,2025-09-08,-0.0110053842475337,2025,2024-12-31,native_mse,20260912,0.0017396293034999204,,1,0
fixed_transform_remove_only,3548,2025-09-05,2025-09-15,0.0151594857594405,2025,2024-12-31,native_mse,20260912,-0.006315423164964012,,0,1
fixed_transform_remove_only,3553,2025-09-12,2025-09-22,-0.0050409160971932,2025,2024-12-31,native_mse,20260912,0.0036445584301978444,,1,0
fixed_transform_remove_only,3558,2025-09-19,2025-09-29,0.0095300784790881,2025,2024-12-31,native_mse,20260912,-0.007907179585583714,,0,1
fixed_transform_remove_only,3563,2025-09-26,2025-10-13,-0.0140855274279203,2025,2024-12-31,native_mse,20260912,-0.0016751946251609804,,0,0
fixed_transform_remove_only,3567,2025-10-10,2025-10-20,0.015001547584321,2025,2024-12-31,native_mse,20260912,-0.006402638764524997,,0,1
fixed_transform_remove_only,3572,2025-10-17,2025-10-27,0.0309637052897611,2025,2024-12-31,native_mse,20260912,-0.00870396964325983,,0,1
fixed_transform_remove_only,3577,2025-10-24,2025-11-03,-0.013331545863497,2025,2024-12-31,native_mse,20260912,-0.005475122015119508,,0,0
fixed_transform_remove_only,3582,2025-10-31,2025-11-10,0.0110832418536339,2025,2024-12-31,native_mse,20260912,-0.006949842516906396,,0,1
fixed_transform_remove_only,3587,2025-11-07,2025-11-17,-0.0152107881197579,2025,2024-12-31,native_mse,20260912,0.005808210669049744,,1,0
fixed_transform_remove_only,3592,2025-11-14,2025-11-24,-0.031114557454173,2025,2024-12-31,native_mse,20260912,-0.005729952989633713,,0,0
fixed_transform_remove_only,3597,2025-11-21,2025-12-01,0.0147613767448515,2025,2024-12-31,native_mse,20260912,-0.0015450315646448089,,0,1
fixed_transform_remove_only,3602,2025-11-28,2025-12-08,0.0118853804313106,2025,2024-12-31,native_mse,20260912,-0.0032204954130721736,,0,1
fixed_transform_remove_only,3607,2025-12-05,2025-12-15,-0.0093922675990717,2025,2024-12-31,native_mse,20260912,-0.0047114270439592345,,0,0
fixed_transform_remove_only,3612,2025-12-12,2025-12-22,0.0082791208791208,2025,2024-12-31,native_mse,20260912,0.0035042182684974187,,1,1
fixed_transform_remove_only,3617,2025-12-19,2025-12-29,0.0153890755001995,2025,2024-12-31,native_mse,20260912,-0.0005370407904008248,,0,1
fixed_transform_remove_only,3622,2025-12-26,2026-01-12,0.0239101640737868,2025,2024-12-31,native_mse,20260912,0.002315041428841435,,1,1
fixed_transform_remove_only,3630,2026-01-09,2026-01-19,-0.0103697336282536,2026,2025-12-31,native_mse,20260910,-0.002855102612462861,,0,0
fixed_transform_remove_only,3635,2026-01-16,2026-01-26,-0.0010190267764643,2026,2025-12-31,native_mse,20260910,-0.00015744638603756636,,0,0
fixed_transform_remove_only,3640,2026-01-23,2026-02-02,-0.0087161586128796,2026,2025-12-31,native_mse,20260910,-0.006105688647517694,,0,0
fixed_transform_remove_only,3645,2026-01-30,2026-02-09,0.0041482324550519,2026,2025-12-31,native_mse,20260910,-0.0019649521887390433,,0,1
fixed_transform_remove_only,3650,2026-02-06,2026-02-24,0.0071649689901505,2026,2025-12-31,native_mse,20260910,0.0047027542719540035,,1,1
fixed_transform_remove_only,3655,2026-02-13,2026-03-02,-0.0097920588919678,2026,2025-12-31,native_mse,20260910,0.0004179826835146159,,1,0
fixed_transform_remove_only,3659,2026-02-27,2026-03-09,-0.0172526869201304,2026,2025-12-31,native_mse,20260910,0.0022625269962182996,,1,0
fixed_transform_remove_only,3664,2026-03-06,2026-03-16,0.0149926634422041,2026,2025-12-31,native_mse,20260910,-0.003806878947664824,,0,1
fixed_transform_remove_only,3669,2026-03-13,2026-03-23,-0.0364343509194254,2026,2025-12-31,native_mse,20260910,-0.006468904470141985,,0,0
fixed_transform_remove_only,3674,2026-03-20,2026-03-30,-0.0083038829988221,2026,2025-12-31,native_mse,20260910,-0.006677801015318794,,0,0
fixed_transform_remove_only,3679,2026-03-27,2026-04-07,-0.0035591495694504,2026,2025-12-31,native_mse,20260910,-0.0012459609623288559,,0,0
fixed_transform_remove_only,3684,2026-04-03,2026-04-13,0.0380736235508991,2026,2025-12-31,native_mse,20260910,-0.0002708764126667155,,0,1
fixed_transform_remove_only,3688,2026-04-10,2026-04-20,0.0242766725964382,2026,2025-12-31,native_mse,20260910,-0.0014516073248232214,,0,1
fixed_transform_remove_only,3693,2026-04-17,2026-04-27,0.010401572188011,2026,2025-12-31,native_mse,20260910,-0.00019243492513075974,,0,1
fixed_transform_remove_only,3698,2026-04-24,2026-05-11,0.0263674696524953,2026,2025-12-31,native_mse,20260910,0.00044530537803680217,,1,1
fixed_transform_remove_only,3705,2026-05-08,2026-05-18,-0.0134529239455926,2026,2025-12-31,native_mse,20260910,0.00821158666179363,,1,0
fixed_transform_remove_only,3710,2026-05-15,2026-05-25,0.0076235492615268,2026,2025-12-31,native_mse,20260910,0.009209478129531542,,1,1
fixed_transform_remove_only,3715,2026-05-22,2026-06-01,0.005068538126898,2026,2025-12-31,native_mse,20260910,-0.0037899662548005076,,0,1
fixed_transform_remove_only,3720,2026-05-29,2026-06-08,-0.039635353927193,2026,2025-12-31,native_mse,20260910,-0.005878390043911763,,0,0
fixed_transform_remove_only,3725,2026-06-05,2026-06-15,0.0266849782195981,2026,2025-12-31,native_mse,20260910,-0.005079831260852612,,0,1
fixed_transform_remove_only,3730,2026-06-12,2026-06-29,0.0076098142791176,2026,2025-12-31,native_mse,20260910,-0.0013875397965599067,,0,1
fixed_transform_remove_only,3739,2026-06-26,2026-07-06,0.0005137647861506,2026,2025-12-31,native_mse,20260910,-0.002031043716013942,,0,1
fixed_transform_remove_only,3744,2026-07-03,2026-07-13,-0.0252847876365399,2026,2025-12-31,native_mse,20260910,-0.003966417206833292,,0,0
fixed_transform_remove_only,3749,2026-07-10,2026-07-20,-0.035775397012711,2026,2025-12-31,native_mse,20260910,-0.000224192482655729,,0,0
fixed_transform_remove_only,3754,2026-07-17,2026-07-27,0.01756245533441,2026,2025-12-31,native_mse,20260910,-0.001279240964054163,,0,1
fixed_transform_remove_only,3759,2026-07-24,2026-08-03,-0.0202339761556519,2026,2025-12-31,native_mse,20260910,-0.0020989123929827714,,0,0
fixed_transform_remove_only,3764,2026-07-31,2026-08-10,0.0300318732435738,2026,2025-12-31,native_mse,20260910,-0.005698998401180227,,0,1
fixed_transform_remove_only,3769,2026-08-07,2026-08-17,-0.0056482265760339,2026,2025-12-31,native_mse,20260910,-0.000843785639629233,,0,0
fixed_transform_remove_only,3774,2026-08-14,2026-08-24,-0.0109860710402629,2026,2025-12-31,native_mse,20260910,0.001103287661206875,,1,0
fixed_transform_remove_only,3779,2026-08-21,2026-08-31,-0.0127592811002066,2026,2025-12-31,native_mse,20260910,0.005195736341319573,,1,0
fixed_transform_remove_only,3630,2026-01-09,2026-01-19,-0.0103697336282536,2026,2025-12-31,native_mse,20260911,-0.0030890692487675277,,0,0
fixed_transform_remove_only,3635,2026-01-16,2026-01-26,-0.0010190267764643,2026,2025-12-31,native_mse,20260911,-0.0029844245717806552,,0,0
fixed_transform_remove_only,3640,2026-01-23,2026-02-02,-0.0087161586128796,2026,2025-12-31,native_mse,20260911,-0.0018485669736654138,,0,0
fixed_transform_remove_only,3645,2026-01-30,2026-02-09,0.0041482324550519,2026,2025-12-31,native_mse,20260911,-0.002659061252019485,,0,1
fixed_transform_remove_only,3650,2026-02-06,2026-02-24,0.0071649689901505,2026,2025-12-31,native_mse,20260911,-0.0015567976959256278,,0,1
fixed_transform_remove_only,3655,2026-02-13,2026-03-02,-0.0097920588919678,2026,2025-12-31,native_mse,20260911,-0.0015389707922718095,,0,0
fixed_transform_remove_only,3659,2026-02-27,2026-03-09,-0.0172526869201304,2026,2025-12-31,native_mse,20260911,-0.0019681718770543553,,0,0
fixed_transform_remove_only,3664,2026-03-06,2026-03-16,0.0149926634422041,2026,2025-12-31,native_mse,20260911,0.00014521785716820214,,1,1
fixed_transform_remove_only,3669,2026-03-13,2026-03-23,-0.0364343509194254,2026,2025-12-31,native_mse,20260911,-0.0022671453715006956,,0,0
fixed_transform_remove_only,3674,2026-03-20,2026-03-30,-0.0083038829988221,2026,2025-12-31,native_mse,20260911,-0.001986856137592856,,0,0
fixed_transform_remove_only,3679,2026-03-27,2026-04-07,-0.0035591495694504,2026,2025-12-31,native_mse,20260911,-0.002218520604235266,,0,0
fixed_transform_remove_only,3684,2026-04-03,2026-04-13,0.0380736235508991,2026,2025-12-31,native_mse,20260911,-0.002090390096021022,,0,1
fixed_transform_remove_only,3688,2026-04-10,2026-04-20,0.0242766725964382,2026,2025-12-31,native_mse,20260911,-0.0024408235069100508,,0,1
fixed_transform_remove_only,3693,2026-04-17,2026-04-27,0.010401572188011,2026,2025-12-31,native_mse,20260911,-0.0029629470272129906,,0,1
fixed_transform_remove_only,3698,2026-04-24,2026-05-11,0.0263674696524953,2026,2025-12-31,native_mse,20260911,-0.003359926419865766,,0,1
fixed_transform_remove_only,3705,2026-05-08,2026-05-18,-0.0134529239455926,2026,2025-12-31,native_mse,20260911,-0.002535154678821143,,0,0
fixed_transform_remove_only,3710,2026-05-15,2026-05-25,0.0076235492615268,2026,2025-12-31,native_mse,20260911,-0.002260058894062486,,0,1
fixed_transform_remove_only,3715,2026-05-22,2026-06-01,0.005068538126898,2026,2025-12-31,native_mse,20260911,-0.0015057276938992676,,0,1
fixed_transform_remove_only,3720,2026-05-29,2026-06-08,-0.039635353927193,2026,2025-12-31,native_mse,20260911,-0.002635162144589442,,0,0
fixed_transform_remove_only,3725,2026-06-05,2026-06-15,0.0266849782195981,2026,2025-12-31,native_mse,20260911,-0.003913781241526722,,0,1
fixed_transform_remove_only,3730,2026-06-12,2026-06-29,0.0076098142791176,2026,2025-12-31,native_mse,20260911,-0.0036857925348870147,,0,1
fixed_transform_remove_only,3739,2026-06-26,2026-07-06,0.0005137647861506,2026,2025-12-31,native_mse,20260911,-0.0021369319429553274,,0,1
fixed_transform_remove_only,3744,2026-07-03,2026-07-13,-0.0252847876365399,2026,2025-12-31,native_mse,20260911,-0.0022933277317483012,,0,0
fixed_transform_remove_only,3749,2026-07-10,2026-07-20,-0.035775397012711,2026,2025-12-31,native_mse,20260911,-0.0023056933526758674,,0,0
fixed_transform_remove_only,3754,2026-07-17,2026-07-27,0.01756245533441,2026,2025-12-31,native_mse,20260911,-0.0024493044555773855,,0,1
fixed_transform_remove_only,3759,2026-07-24,2026-08-03,-0.0202339761556519,2026,2025-12-31,native_mse,20260911,-0.0026633393533010696,,0,0
fixed_transform_remove_only,3764,2026-07-31,2026-08-10,0.0300318732435738,2026,2025-12-31,native_mse,20260911,-0.0024432171596736993,,0,1
fixed_transform_remove_only,3769,2026-08-07,2026-08-17,-0.0056482265760339,2026,2025-12-31,native_mse,20260911,-0.0034017483589926685,,0,0
fixed_transform_remove_only,3774,2026-08-14,2026-08-24,-0.0109860710402629,2026,2025-12-31,native_mse,20260911,-0.002813706354026954,,0,0
fixed_transform_remove_only,3779,2026-08-21,2026-08-31,-0.0127592811002066,2026,2025-12-31,native_mse,20260911,-0.0019809857134933735,,0,0
fixed_transform_remove_only,3630,2026-01-09,2026-01-19,-0.0103697336282536,2026,2025-12-31,native_mse,20260912,-0.0012654744629118373,,0,0
fixed_transform_remove_only,3635,2026-01-16,2026-01-26,-0.0010190267764643,2026,2025-12-31,native_mse,20260912,-0.0009824454910161004,,0,0
fixed_transform_remove_only,3640,2026-01-23,2026-02-02,-0.0087161586128796,2026,2025-12-31,native_mse,20260912,-0.0014318861524315442,,0,0
fixed_transform_remove_only,3645,2026-01-30,2026-02-09,0.0041482324550519,2026,2025-12-31,native_mse,20260912,-0.0015519331724585116,,0,1
fixed_transform_remove_only,3650,2026-02-06,2026-02-24,0.0071649689901505,2026,2025-12-31,native_mse,20260912,-0.0016869022750859507,,0,1
fixed_transform_remove_only,3655,2026-02-13,2026-03-02,-0.0097920588919678,2026,2025-12-31,native_mse,20260912,-0.0011765097827620523,,0,0
fixed_transform_remove_only,3659,2026-02-27,2026-03-09,-0.0172526869201304,2026,2025-12-31,native_mse,20260912,-0.0007085124719817442,,0,0
fixed_transform_remove_only,3664,2026-03-06,2026-03-16,0.0149926634422041,2026,2025-12-31,native_mse,20260912,-0.0009899154221996353,,0,1
fixed_transform_remove_only,3669,2026-03-13,2026-03-23,-0.0364343509194254,2026,2025-12-31,native_mse,20260912,-0.0011266305599294578,,0,0
fixed_transform_remove_only,3674,2026-03-20,2026-03-30,-0.0083038829988221,2026,2025-12-31,native_mse,20260912,-0.001524311581453077,,0,0
fixed_transform_remove_only,3679,2026-03-27,2026-04-07,-0.0035591495694504,2026,2025-12-31,native_mse,20260912,-0.0019205134194293897,,0,0
fixed_transform_remove_only,3684,2026-04-03,2026-04-13,0.0380736235508991,2026,2025-12-31,native_mse,20260912,-0.0011376256916386593,,0,1
fixed_transform_remove_only,3688,2026-04-10,2026-04-20,0.0242766725964382,2026,2025-12-31,native_mse,20260912,-0.0013216896399536517,,0,1
fixed_transform_remove_only,3693,2026-04-17,2026-04-27,0.010401572188011,2026,2025-12-31,native_mse,20260912,-0.0015028502660909705,,0,1
fixed_transform_remove_only,3698,2026-04-24,2026-05-11,0.0263674696524953,2026,2025-12-31,native_mse,20260912,-0.0012568015547876838,,0,1
fixed_transform_remove_only,3705,2026-05-08,2026-05-18,-0.0134529239455926,2026,2025-12-31,native_mse,20260912,-0.0004371239494575972,,0,0
fixed_transform_remove_only,3710,2026-05-15,2026-05-25,0.0076235492615268,2026,2025-12-31,native_mse,20260912,6.163719011948235e-05,,1,1
fixed_transform_remove_only,3715,2026-05-22,2026-06-01,0.005068538126898,2026,2025-12-31,native_mse,20260912,7.730204085298746e-06,,1,1
fixed_transform_remove_only,3720,2026-05-29,2026-06-08,-0.039635353927193,2026,2025-12-31,native_mse,20260912,-0.00019569943758148556,,0,0
fixed_transform_remove_only,3725,2026-06-05,2026-06-15,0.0266849782195981,2026,2025-12-31,native_mse,20260912,-0.00010540438898025962,,0,1
fixed_transform_remove_only,3730,2026-06-12,2026-06-29,0.0076098142791176,2026,2025-12-31,native_mse,20260912,-0.0007095936265099443,,0,1
fixed_transform_remove_only,3739,2026-06-26,2026-07-06,0.0005137647861506,2026,2025-12-31,native_mse,20260912,-0.00033128119271872585,,0,1
fixed_transform_remove_only,3744,2026-07-03,2026-07-13,-0.0252847876365399,2026,2025-12-31,native_mse,20260912,-0.0011443460816151978,,0,0
fixed_transform_remove_only,3749,2026-07-10,2026-07-20,-0.035775397012711,2026,2025-12-31,native_mse,20260912,-0.0017039989678604111,,0,0
fixed_transform_remove_only,3754,2026-07-17,2026-07-27,0.01756245533441,2026,2025-12-31,native_mse,20260912,-0.0017003094595498154,,0,1
fixed_transform_remove_only,3759,2026-07-24,2026-08-03,-0.0202339761556519,2026,2025-12-31,native_mse,20260912,-0.0018633248001663242,,0,0
fixed_transform_remove_only,3764,2026-07-31,2026-08-10,0.0300318732435738,2026,2025-12-31,native_mse,20260912,-0.0013665112944695823,,0,1
fixed_transform_remove_only,3769,2026-08-07,2026-08-17,-0.0056482265760339,2026,2025-12-31,native_mse,20260912,-0.0010726869031266657,,0,0
fixed_transform_remove_only,3774,2026-08-14,2026-08-24,-0.0109860710402629,2026,2025-12-31,native_mse,20260912,-0.0012030503226100222,,0,0
fixed_transform_remove_only,3779,2026-08-21,2026-08-31,-0.0127592811002066,2026,2025-12-31,native_mse,20260912,-0.0005090624873602664,,0,0
annual_state_offset,2418,2021-01-08,2021-01-18,-0.0120052904669853,2021,2020-12-31,learned_market,20260910,0.5528369602637446,0.5528369602637446,1,0
annual_state_offset,2423,2021-01-15,2021-01-25,0.0231622460538123,2021,2020-12-31,learned_market,20260910,0.49674166213102977,0.49674166213102977,0,1
annual_state_offset,2428,2021-01-22,2021-02-01,-0.0372511735907923,2021,2020-12-31,learned_market,20260910,0.3933637003220593,0.3933637003220593,0,0
annual_state_offset,2433,2021-01-29,2021-02-08,0.0278689901714626,2021,2020-12-31,learned_market,20260910,0.4313547922375263,0.4313547922375263,0,1
annual_state_offset,2438,2021-02-05,2021-02-22,0.0507379035040882,2021,2020-12-31,learned_market,20260910,0.40357928349119826,0.40357928349119826,0,1
annual_state_offset,2443,2021-02-19,2021-03-01,-0.0684918010685315,2021,2020-12-31,learned_market,20260910,0.49513830982070434,0.49513830982070434,0,0
annual_state_offset,2448,2021-02-26,2021-03-08,-0.0165997123904068,2021,2020-12-31,learned_market,20260910,0.43315180971386896,0.43315180971386896,0,0
annual_state_offset,2453,2021-03-05,2021-03-15,-0.0346560901469681,2021,2020-12-31,learned_market,20260910,0.40131415281599914,0.40131415281599914,0,0
annual_state_offset,2458,2021-03-12,2021-03-22,-0.0210550182560221,2021,2020-12-31,learned_market,20260910,0.47295990993929365,0.47295990993929365,0,0
annual_state_offset,2463,2021-03-19,2021-03-29,0.0087572877565691,2021,2020-12-31,learned_market,20260910,0.6783048076904669,0.6783048076904669,1,1
annual_state_offset,2468,2021-03-26,2021-04-06,0.0250145479448802,2021,2020-12-31,learned_market,20260910,0.6020041018019381,0.6020041018019381,1,1
annual_shared_offset,2418,2021-01-08,2021-01-18,-0.0120052904669853,2021,2020-12-31,learned_market,20260910,0.5528369602637446,0.5528369602637446,1,0
annual_shared_offset,2423,2021-01-15,2021-01-25,0.0231622460538123,2021,2020-12-31,learned_market,20260910,0.49674166213102977,0.49674166213102977,0,1
annual_shared_offset,2428,2021-01-22,2021-02-01,-0.0372511735907923,2021,2020-12-31,learned_market,20260910,0.3933637003220593,0.3933637003220593,0,0
annual_shared_offset,2433,2021-01-29,2021-02-08,0.0278689901714626,2021,2020-12-31,learned_market,20260910,0.4313547922375263,0.4313547922375263,0,1
annual_shared_offset,2438,2021-02-05,2021-02-22,0.0507379035040882,2021,2020-12-31,learned_market,20260910,0.40357928349119826,0.40357928349119826,0,1
annual_shared_offset,2443,2021-02-19,2021-03-01,-0.0684918010685315,2021,2020-12-31,learned_market,20260910,0.49513830982070434,0.49513830982070434,0,0
annual_shared_offset,2448,2021-02-26,2021-03-08,-0.0165997123904068,2021,2020-12-31,learned_market,20260910,0.43315180971386896,0.43315180971386896,0,0
annual_shared_offset,2453,2021-03-05,2021-03-15,-0.0346560901469681,2021,2020-12-31,learned_market,20260910,0.40131415281599914,0.40131415281599914,0,0
annual_shared_offset,2458,2021-03-12,2021-03-22,-0.0210550182560221,2021,2020-12-31,learned_market,20260910,0.47295990993929365,0.47295990993929365,0,0
annual_shared_offset,2463,2021-03-19,2021-03-29,0.0087572877565691,2021,2020-12-31,learned_market,20260910,0.6783048076904669,0.6783048076904669,1,1
annual_shared_offset,2468,2021-03-26,2021-04-06,0.0250145479448802,2021,2020-12-31,learned_market,20260910,0.6020041018019381,0.6020041018019381,1,1
annual_state_offset_half,2418,2021-01-08,2021-01-18,-0.0120052904669853,2021,2020-12-31,learned_market,20260910,0.5528369602637446,0.5528369602637446,1,0
annual_state_offset_half,2423,2021-01-15,2021-01-25,0.0231622460538123,2021,2020-12-31,learned_market,20260910,0.49674166213102977,0.49674166213102977,0,1
annual_state_offset_half,2428,2021-01-22,2021-02-01,-0.0372511735907923,2021,2020-12-31,learned_market,20260910,0.3933637003220593,0.3933637003220593,0,0
annual_state_offset_half,2433,2021-01-29,2021-02-08,0.0278689901714626,2021,2020-12-31,learned_market,20260910,0.4313547922375263,0.4313547922375263,0,1
annual_state_offset_half,2438,2021-02-05,2021-02-22,0.0507379035040882,2021,2020-12-31,learned_market,20260910,0.40357928349119826,0.40357928349119826,0,1
annual_state_offset_half,2443,2021-02-19,2021-03-01,-0.0684918010685315,2021,2020-12-31,learned_market,20260910,0.49513830982070434,0.49513830982070434,0,0
annual_state_offset_half,2448,2021-02-26,2021-03-08,-0.0165997123904068,2021,2020-12-31,learned_market,20260910,0.43315180971386896,0.43315180971386896,0,0
annual_state_offset_half,2453,2021-03-05,2021-03-15,-0.0346560901469681,2021,2020-12-31,learned_market,20260910,0.40131415281599914,0.40131415281599914,0,0
annual_state_offset_half,2458,2021-03-12,2021-03-22,-0.0210550182560221,2021,2020-12-31,learned_market,20260910,0.47295990993929365,0.47295990993929365,0,0
annual_state_offset_half,2463,2021-03-19,2021-03-29,0.0087572877565691,2021,2020-12-31,learned_market,20260910,0.6783048076904669,0.6783048076904669,1,1
annual_state_offset_half,2468,2021-03-26,2021-04-06,0.0250145479448802,2021,2020-12-31,learned_market,20260910,0.6020041018019381,0.6020041018019381,1,1
annual_state_offset,2418,2021-01-08,2021-01-18,-0.0120052904669853,2021,2020-12-31,learned_vol_interaction,20260910,0.5286701081389081,0.5286701081389081,1,0
annual_state_offset,2423,2021-01-15,2021-01-25,0.0231622460538123,2021,2020-12-31,learned_vol_interaction,20260910,0.47178291125549215,0.47178291125549215,0,1
annual_state_offset,2428,2021-01-22,2021-02-01,-0.0372511735907923,2021,2020-12-31,learned_vol_interaction,20260910,0.3671123538576221,0.3671123538576221,0,0
annual_state_offset,2433,2021-01-29,2021-02-08,0.0278689901714626,2021,2020-12-31,learned_vol_interaction,20260910,0.434482531700876,0.434482531700876,0,1
annual_state_offset,2438,2021-02-05,2021-02-22,0.0507379035040882,2021,2020-12-31,learned_vol_interaction,20260910,0.42570726310777396,0.42570726310777396,0,1
annual_state_offset,2443,2021-02-19,2021-03-01,-0.0684918010685315,2021,2020-12-31,learned_vol_interaction,20260910,0.4791771552633417,0.4791771552633417,0,0
annual_state_offset,2448,2021-02-26,2021-03-08,-0.0165997123904068,2021,2020-12-31,learned_vol_interaction,20260910,0.4783928105694597,0.4783928105694597,0,0
annual_state_offset,2453,2021-03-05,2021-03-15,-0.0346560901469681,2021,2020-12-31,learned_vol_interaction,20260910,0.4610266286466043,0.4610266286466043,0,0
annual_state_offset,2458,2021-03-12,2021-03-22,-0.0210550182560221,2021,2020-12-31,learned_vol_interaction,20260910,0.48103471562569133,0.48103471562569133,0,0
annual_state_offset,2463,2021-03-19,2021-03-29,0.0087572877565691,2021,2020-12-31,learned_vol_interaction,20260910,0.5872740166666267,0.5872740166666267,1,1
annual_state_offset,2468,2021-03-26,2021-04-06,0.0250145479448802,2021,2020-12-31,learned_vol_interaction,20260910,0.5791980511717043,0.5791980511717043,1,1
annual_shared_offset,2418,2021-01-08,2021-01-18,-0.0120052904669853,2021,2020-12-31,learned_vol_interaction,20260910,0.5286701081389081,0.5286701081389081,1,0
annual_shared_offset,2423,2021-01-15,2021-01-25,0.0231622460538123,2021,2020-12-31,learned_vol_interaction,20260910,0.47178291125549215,0.47178291125549215,0,1
annual_shared_offset,2428,2021-01-22,2021-02-01,-0.0372511735907923,2021,2020-12-31,learned_vol_interaction,20260910,0.3671123538576221,0.3671123538576221,0,0
annual_shared_offset,2433,2021-01-29,2021-02-08,0.0278689901714626,2021,2020-12-31,learned_vol_interaction,20260910,0.434482531700876,0.434482531700876,0,1
annual_shared_offset,2438,2021-02-05,2021-02-22,0.0507379035040882,2021,2020-12-31,learned_vol_interaction,20260910,0.42570726310777396,0.42570726310777396,0,1
annual_shared_offset,2443,2021-02-19,2021-03-01,-0.0684918010685315,2021,2020-12-31,learned_vol_interaction,20260910,0.4791771552633417,0.4791771552633417,0,0
annual_shared_offset,2448,2021-02-26,2021-03-08,-0.0165997123904068,2021,2020-12-31,learned_vol_interaction,20260910,0.4783928105694597,0.4783928105694597,0,0
annual_shared_offset,2453,2021-03-05,2021-03-15,-0.0346560901469681,2021,2020-12-31,learned_vol_interaction,20260910,0.4610266286466043,0.4610266286466043,0,0
annual_shared_offset,2458,2021-03-12,2021-03-22,-0.0210550182560221,2021,2020-12-31,learned_vol_interaction,20260910,0.48103471562569133,0.48103471562569133,0,0
annual_shared_offset,2463,2021-03-19,2021-03-29,0.0087572877565691,2021,2020-12-31,learned_vol_interaction,20260910,0.5872740166666267,0.5872740166666267,1,1
annual_shared_offset,2468,2021-03-26,2021-04-06,0.0250145479448802,2021,2020-12-31,learned_vol_interaction,20260910,0.5791980511717043,0.5791980511717043,1,1
annual_state_offset_half,2418,2021-01-08,2021-01-18,-0.0120052904669853,2021,2020-12-31,learned_vol_interaction,20260910,0.5286701081389081,0.5286701081389081,1,0
annual_state_offset_half,2423,2021-01-15,2021-01-25,0.0231622460538123,2021,2020-12-31,learned_vol_interaction,20260910,0.47178291125549215,0.47178291125549215,0,1
annual_state_offset_half,2428,2021-01-22,2021-02-01,-0.0372511735907923,2021,2020-12-31,learned_vol_interaction,20260910,0.3671123538576221,0.3671123538576221,0,0
annual_state_offset_half,2433,2021-01-29,2021-02-08,0.0278689901714626,2021,2020-12-31,learned_vol_interaction,20260910,0.434482531700876,0.434482531700876,0,1
annual_state_offset_half,2438,2021-02-05,2021-02-22,0.0507379035040882,2021,2020-12-31,learned_vol_interaction,20260910,0.42570726310777396,0.42570726310777396,0,1
annual_state_offset_half,2443,2021-02-19,2021-03-01,-0.0684918010685315,2021,2020-12-31,learned_vol_interaction,20260910,0.4791771552633417,0.4791771552633417,0,0
annual_state_offset_half,2448,2021-02-26,2021-03-08,-0.0165997123904068,2021,2020-12-31,learned_vol_interaction,20260910,0.4783928105694597,0.4783928105694597,0,0
annual_state_offset_half,2453,2021-03-05,2021-03-15,-0.0346560901469681,2021,2020-12-31,learned_vol_interaction,20260910,0.4610266286466043,0.4610266286466043,0,0
annual_state_offset_half,2458,2021-03-12,2021-03-22,-0.0210550182560221,2021,2020-12-31,learned_vol_interaction,20260910,0.48103471562569133,0.48103471562569133,0,0
annual_state_offset_half,2463,2021-03-19,2021-03-29,0.0087572877565691,2021,2020-12-31,learned_vol_interaction,20260910,0.5872740166666267,0.5872740166666267,1,1
annual_state_offset_half,2468,2021-03-26,2021-04-06,0.0250145479448802,2021,2020-12-31,learned_vol_interaction,20260910,0.5791980511717043,0.5791980511717043,1,1
annual_state_offset,2418,2021-01-08,2021-01-18,-0.0120052904669853,2021,2020-12-31,learned_order_extension,20260910,0.5330538496767134,0.5330538496767134,1,0
annual_state_offset,2423,2021-01-15,2021-01-25,0.0231622460538123,2021,2020-12-31,learned_order_extension,20260910,0.479592338912861,0.479592338912861,0,1
annual_state_offset,2428,2021-01-22,2021-02-01,-0.0372511735907923,2021,2020-12-31,learned_order_extension,20260910,0.3707727762571325,0.3707727762571325,0,0
annual_state_offset,2433,2021-01-29,2021-02-08,0.0278689901714626,2021,2020-12-31,learned_order_extension,20260910,0.43176970986504826,0.43176970986504826,0,1
annual_state_offset,2438,2021-02-05,2021-02-22,0.0507379035040882,2021,2020-12-31,learned_order_extension,20260910,0.41923333650784145,0.41923333650784145,0,1
annual_state_offset,2443,2021-02-19,2021-03-01,-0.0684918010685315,2021,2020-12-31,learned_order_extension,20260910,0.47927687031403743,0.47927687031403743,0,0
annual_state_offset,2448,2021-02-26,2021-03-08,-0.0165997123904068,2021,2020-12-31,learned_order_extension,20260910,0.4709068161644563,0.4709068161644563,0,0
annual_state_offset,2453,2021-03-05,2021-03-15,-0.0346560901469681,2021,2020-12-31,learned_order_extension,20260910,0.45619563032762256,0.45619563032762256,0,0
annual_state_offset,2458,2021-03-12,2021-03-22,-0.0210550182560221,2021,2020-12-31,learned_order_extension,20260910,0.47999849102949665,0.47999849102949665,0,0
annual_state_offset,2463,2021-03-19,2021-03-29,0.0087572877565691,2021,2020-12-31,learned_order_extension,20260910,0.5898698686538169,0.5898698686538169,1,1
annual_state_offset,2468,2021-03-26,2021-04-06,0.0250145479448802,2021,2020-12-31,learned_order_extension,20260910,0.5737573684172776,0.5737573684172776,1,1
annual_shared_offset,2418,2021-01-08,2021-01-18,-0.0120052904669853,2021,2020-12-31,learned_order_extension,20260910,0.5330538496767134,0.5330538496767134,1,0
annual_shared_offset,2423,2021-01-15,2021-01-25,0.0231622460538123,2021,2020-12-31,learned_order_extension,20260910,0.479592338912861,0.479592338912861,0,1
annual_shared_offset,2428,2021-01-22,2021-02-01,-0.0372511735907923,2021,2020-12-31,learned_order_extension,20260910,0.3707727762571325,0.3707727762571325,0,0
annual_shared_offset,2433,2021-01-29,2021-02-08,0.0278689901714626,2021,2020-12-31,learned_order_extension,20260910,0.43176970986504826,0.43176970986504826,0,1
annual_shared_offset,2438,2021-02-05,2021-02-22,0.0507379035040882,2021,2020-12-31,learned_order_extension,20260910,0.41923333650784145,0.41923333650784145,0,1
annual_shared_offset,2443,2021-02-19,2021-03-01,-0.0684918010685315,2021,2020-12-31,learned_order_extension,20260910,0.47927687031403743,0.47927687031403743,0,0
annual_shared_offset,2448,2021-02-26,2021-03-08,-0.0165997123904068,2021,2020-12-31,learned_order_extension,20260910,0.4709068161644563,0.4709068161644563,0,0
annual_shared_offset,2453,2021-03-05,2021-03-15,-0.0346560901469681,2021,2020-12-31,learned_order_extension,20260910,0.45619563032762256,0.45619563032762256,0,0
annual_shared_offset,2458,2021-03-12,2021-03-22,-0.0210550182560221,2021,2020-12-31,learned_order_extension,20260910,0.47999849102949665,0.47999849102949665,0,0
annual_shared_offset,2463,2021-03-19,2021-03-29,0.0087572877565691,2021,2020-12-31,learned_order_extension,20260910,0.5898698686538169,0.5898698686538169,1,1
annual_shared_offset,2468,2021-03-26,2021-04-06,0.0250145479448802,2021,2020-12-31,learned_order_extension,20260910,0.5737573684172776,0.5737573684172776,1,1
annual_state_offset_half,2418,2021-01-08,2021-01-18,-0.0120052904669853,2021,2020-12-31,learned_order_extension,20260910,0.5330538496767134,0.5330538496767134,1,0
annual_state_offset_half,2423,2021-01-15,2021-01-25,0.0231622460538123,2021,2020-12-31,learned_order_extension,20260910,0.479592338912861,0.479592338912861,0,1
annual_state_offset_half,2428,2021-01-22,2021-02-01,-0.0372511735907923,2021,2020-12-31,learned_order_extension,20260910,0.3707727762571325,0.3707727762571325,0,0
annual_state_offset_half,2433,2021-01-29,2021-02-08,0.0278689901714626,2021,2020-12-31,learned_order_extension,20260910,0.43176970986504826,0.43176970986504826,0,1
annual_state_offset_half,2438,2021-02-05,2021-02-22,0.0507379035040882,2021,2020-12-31,learned_order_extension,20260910,0.41923333650784145,0.41923333650784145,0,1
annual_state_offset_half,2443,2021-02-19,2021-03-01,-0.0684918010685315,2021,2020-12-31,learned_order_extension,20260910,0.47927687031403743,0.47927687031403743,0,0
annual_state_offset_half,2448,2021-02-26,2021-03-08,-0.0165997123904068,2021,2020-12-31,learned_order_extension,20260910,0.4709068161644563,0.4709068161644563,0,0
annual_state_offset_half,2453,2021-03-05,2021-03-15,-0.0346560901469681,2021,2020-12-31,learned_order_extension,20260910,0.45619563032762256,0.45619563032762256,0,0
annual_state_offset_half,2458,2021-03-12,2021-03-22,-0.0210550182560221,2021,2020-12-31,learned_order_extension,20260910,0.47999849102949665,0.47999849102949665,0,0
annual_state_offset_half,2463,2021-03-19,2021-03-29,0.0087572877565691,2021,2020-12-31,learned_order_extension,20260910,0.5898698686538169,0.5898698686538169,1,1
annual_state_offset_half,2468,2021-03-26,2021-04-06,0.0250145479448802,2021,2020-12-31,learned_order_extension,20260910,0.5737573684172776,0.5737573684172776,1,1
annual_state_offset,2418,2021-01-08,2021-01-18,-0.0120052904669853,2021,2020-12-31,learned_order_offset,20260910,0.5336151486659025,0.5336151486659025,1,0
annual_state_offset,2423,2021-01-15,2021-01-25,0.0231622460538123,2021,2020-12-31,learned_order_offset,20260910,0.48002913839274924,0.48002913839274924,0,1
annual_state_offset,2428,2021-01-22,2021-02-01,-0.0372511735907923,2021,2020-12-31,learned_order_offset,20260910,0.37113237990157133,0.37113237990157133,0,0
annual_state_offset,2433,2021-01-29,2021-02-08,0.0278689901714626,2021,2020-12-31,learned_order_offset,20260910,0.43182028534515077,0.43182028534515077,0,1
annual_state_offset,2438,2021-02-05,2021-02-22,0.0507379035040882,2021,2020-12-31,learned_order_offset,20260910,0.4191495029175148,0.4191495029175148,0,1
annual_state_offset,2443,2021-02-19,2021-03-01,-0.0684918010685315,2021,2020-12-31,learned_order_offset,20260910,0.479618495019198,0.479618495019198,0,0
annual_state_offset,2448,2021-02-26,2021-03-08,-0.0165997123904068,2021,2020-12-31,learned_order_offset,20260910,0.47073396029682846,0.47073396029682846,0,0
annual_state_offset,2453,2021-03-05,2021-03-15,-0.0346560901469681,2021,2020-12-31,learned_order_offset,20260910,0.4561872166710552,0.4561872166710552,0,0
annual_state_offset,2458,2021-03-12,2021-03-22,-0.0210550182560221,2021,2020-12-31,learned_order_offset,20260910,0.48027551652013106,0.48027551652013106,0,0
annual_state_offset,2463,2021-03-19,2021-03-29,0.0087572877565691,2021,2020-12-31,learned_order_offset,20260910,0.5905225656238325,0.5905225656238325,1,1
annual_state_offset,2468,2021-03-26,2021-04-06,0.0250145479448802,2021,2020-12-31,learned_order_offset,20260910,0.5737282476957762,0.5737282476957762,1,1
annual_shared_offset,2418,2021-01-08,2021-01-18,-0.0120052904669853,2021,2020-12-31,learned_order_offset,20260910,0.5336151486659025,0.5336151486659025,1,0
annual_shared_offset,2423,2021-01-15,2021-01-25,0.0231622460538123,2021,2020-12-31,learned_order_offset,20260910,0.48002913839274924,0.48002913839274924,0,1
annual_shared_offset,2428,2021-01-22,2021-02-01,-0.0372511735907923,2021,2020-12-31,learned_order_offset,20260910,0.37113237990157133,0.37113237990157133,0,0
annual_shared_offset,2433,2021-01-29,2021-02-08,0.0278689901714626,2021,2020-12-31,learned_order_offset,20260910,0.43182028534515077,0.43182028534515077,0,1
annual_shared_offset,2438,2021-02-05,2021-02-22,0.0507379035040882,2021,2020-12-31,learned_order_offset,20260910,0.4191495029175148,0.4191495029175148,0,1
annual_shared_offset,2443,2021-02-19,2021-03-01,-0.0684918010685315,2021,2020-12-31,learned_order_offset,20260910,0.479618495019198,0.479618495019198,0,0
annual_shared_offset,2448,2021-02-26,2021-03-08,-0.0165997123904068,2021,2020-12-31,learned_order_offset,20260910,0.47073396029682846,0.47073396029682846,0,0
annual_shared_offset,2453,2021-03-05,2021-03-15,-0.0346560901469681,2021,2020-12-31,learned_order_offset,20260910,0.4561872166710552,0.4561872166710552,0,0
annual_shared_offset,2458,2021-03-12,2021-03-22,-0.0210550182560221,2021,2020-12-31,learned_order_offset,20260910,0.48027551652013106,0.48027551652013106,0,0
annual_shared_offset,2463,2021-03-19,2021-03-29,0.0087572877565691,2021,2020-12-31,learned_order_offset,20260910,0.5905225656238325,0.5905225656238325,1,1
annual_shared_offset,2468,2021-03-26,2021-04-06,0.0250145479448802,2021,2020-12-31,learned_order_offset,20260910,0.5737282476957762,0.5737282476957762,1,1
annual_state_offset_half,2418,2021-01-08,2021-01-18,-0.0120052904669853,2021,2020-12-31,learned_order_offset,20260910,0.5336151486659025,0.5336151486659025,1,0
annual_state_offset_half,2423,2021-01-15,2021-01-25,0.0231622460538123,2021,2020-12-31,learned_order_offset,20260910,0.48002913839274924,0.48002913839274924,0,1
annual_state_offset_half,2428,2021-01-22,2021-02-01,-0.0372511735907923,2021,2020-12-31,learned_order_offset,20260910,0.37113237990157133,0.37113237990157133,0,0
annual_state_offset_half,2433,2021-01-29,2021-02-08,0.0278689901714626,2021,2020-12-31,learned_order_offset,20260910,0.43182028534515077,0.43182028534515077,0,1
annual_state_offset_half,2438,2021-02-05,2021-02-22,0.0507379035040882,2021,2020-12-31,learned_order_offset,20260910,0.4191495029175148,0.4191495029175148,0,1
annual_state_offset_half,2443,2021-02-19,2021-03-01,-0.0684918010685315,2021,2020-12-31,learned_order_offset,20260910,0.479618495019198,0.479618495019198,0,0
annual_state_offset_half,2448,2021-02-26,2021-03-08,-0.0165997123904068,2021,2020-12-31,learned_order_offset,20260910,0.47073396029682846,0.47073396029682846,0,0
annual_state_offset_half,2453,2021-03-05,2021-03-15,-0.0346560901469681,2021,2020-12-31,learned_order_offset,20260910,0.4561872166710552,0.4561872166710552,0,0
annual_state_offset_half,2458,2021-03-12,2021-03-22,-0.0210550182560221,2021,2020-12-31,learned_order_offset,20260910,0.48027551652013106,0.48027551652013106,0,0
annual_state_offset_half,2463,2021-03-19,2021-03-29,0.0087572877565691,2021,2020-12-31,learned_order_offset,20260910,0.5905225656238325,0.5905225656238325,1,1
annual_state_offset_half,2468,2021-03-26,2021-04-06,0.0250145479448802,2021,2020-12-31,learned_order_offset,20260910,0.5737282476957762,0.5737282476957762,1,1
annual_state_offset,2418,2021-01-08,2021-01-18,-0.0120052904669853,2021,2020-12-31,learned_market,20260911,0.47359422145655633,0.47359422145655633,0,0
annual_state_offset,2423,2021-01-15,2021-01-25,0.0231622460538123,2021,2020-12-31,learned_market,20260911,0.29529449998072343,0.29529449998072343,0,1
annual_state_offset,2428,2021-01-22,2021-02-01,-0.0372511735907923,2021,2020-12-31,learned_market,20260911,0.47394332492431446,0.47394332492431446,0,0
annual_state_offset,2433,2021-01-29,2021-02-08,0.0278689901714626,2021,2020-12-31,learned_market,20260911,0.34860128575085947,0.34860128575085947,0,1
annual_state_offset,2438,2021-02-05,2021-02-22,0.0507379035040882,2021,2020-12-31,learned_market,20260911,0.5472341429725764,0.5472341429725764,1,1
annual_state_offset,2443,2021-02-19,2021-03-01,-0.0684918010685315,2021,2020-12-31,learned_market,20260911,0.4390527856170199,0.4390527856170199,0,0
annual_state_offset,2448,2021-02-26,2021-03-08,-0.0165997123904068,2021,2020-12-31,learned_market,20260911,0.4901857818012489,0.4901857818012489,0,0
annual_state_offset,2453,2021-03-05,2021-03-15,-0.0346560901469681,2021,2020-12-31,learned_market,20260911,0.3640545492155067,0.3640545492155067,0,0
annual_state_offset,2458,2021-03-12,2021-03-22,-0.0210550182560221,2021,2020-12-31,learned_market,20260911,0.27457561641477635,0.27457561641477635,0,0
annual_state_offset,2463,2021-03-19,2021-03-29,0.0087572877565691,2021,2020-12-31,learned_market,20260911,0.5317095579141908,0.5317095579141908,1,1
annual_state_offset,2468,2021-03-26,2021-04-06,0.0250145479448802,2021,2020-12-31,learned_market,20260911,0.48950965003399194,0.48950965003399194,0,1
annual_shared_offset,2418,2021-01-08,2021-01-18,-0.0120052904669853,2021,2020-12-31,learned_market,20260911,0.47359422145655633,0.47359422145655633,0,0
annual_shared_offset,2423,2021-01-15,2021-01-25,0.0231622460538123,2021,2020-12-31,learned_market,20260911,0.29529449998072343,0.29529449998072343,0,1
annual_shared_offset,2428,2021-01-22,2021-02-01,-0.0372511735907923,2021,2020-12-31,learned_market,20260911,0.47394332492431446,0.47394332492431446,0,0
annual_shared_offset,2433,2021-01-29,2021-02-08,0.0278689901714626,2021,2020-12-31,learned_market,20260911,0.34860128575085947,0.34860128575085947,0,1
annual_shared_offset,2438,2021-02-05,2021-02-22,0.0507379035040882,2021,2020-12-31,learned_market,20260911,0.5472341429725764,0.5472341429725764,1,1
annual_shared_offset,2443,2021-02-19,2021-03-01,-0.0684918010685315,2021,2020-12-31,learned_market,20260911,0.4390527856170199,0.4390527856170199,0,0
annual_shared_offset,2448,2021-02-26,2021-03-08,-0.0165997123904068,2021,2020-12-31,learned_market,20260911,0.4901857818012489,0.4901857818012489,0,0
annual_shared_offset,2453,2021-03-05,2021-03-15,-0.0346560901469681,2021,2020-12-31,learned_market,20260911,0.3640545492155067,0.3640545492155067,0,0
annual_shared_offset,2458,2021-03-12,2021-03-22,-0.0210550182560221,2021,2020-12-31,learned_market,20260911,0.27457561641477635,0.27457561641477635,0,0
annual_shared_offset,2463,2021-03-19,2021-03-29,0.0087572877565691,2021,2020-12-31,learned_market,20260911,0.5317095579141908,0.5317095579141908,1,1
annual_shared_offset,2468,2021-03-26,2021-04-06,0.0250145479448802,2021,2020-12-31,learned_market,20260911,0.48950965003399194,0.48950965003399194,0,1
annual_state_offset_half,2418,2021-01-08,2021-01-18,-0.0120052904669853,2021,2020-12-31,learned_market,20260911,0.47359422145655633,0.47359422145655633,0,0
annual_state_offset_half,2423,2021-01-15,2021-01-25,0.0231622460538123,2021,2020-12-31,learned_market,20260911,0.29529449998072343,0.29529449998072343,0,1
annual_state_offset_half,2428,2021-01-22,2021-02-01,-0.0372511735907923,2021,2020-12-31,learned_market,20260911,0.47394332492431446,0.47394332492431446,0,0
annual_state_offset_half,2433,2021-01-29,2021-02-08,0.0278689901714626,2021,2020-12-31,learned_market,20260911,0.34860128575085947,0.34860128575085947,0,1
annual_state_offset_half,2438,2021-02-05,2021-02-22,0.0507379035040882,2021,2020-12-31,learned_market,20260911,0.5472341429725764,0.5472341429725764,1,1
annual_state_offset_half,2443,2021-02-19,2021-03-01,-0.0684918010685315,2021,2020-12-31,learned_market,20260911,0.4390527856170199,0.4390527856170199,0,0
annual_state_offset_half,2448,2021-02-26,2021-03-08,-0.0165997123904068,2021,2020-12-31,learned_market,20260911,0.4901857818012489,0.4901857818012489,0,0
annual_state_offset_half,2453,2021-03-05,2021-03-15,-0.0346560901469681,2021,2020-12-31,learned_market,20260911,0.3640545492155067,0.3640545492155067,0,0
annual_state_offset_half,2458,2021-03-12,2021-03-22,-0.0210550182560221,2021,2020-12-31,learned_market,20260911,0.27457561641477635,0.27457561641477635,0,0
annual_state_offset_half,2463,2021-03-19,2021-03-29,0.0087572877565691,2021,2020-12-31,learned_market,20260911,0.5317095579141908,0.5317095579141908,1,1
annual_state_offset_half,2468,2021-03-26,2021-04-06,0.0250145479448802,2021,2020-12-31,learned_market,20260911,0.48950965003399194,0.48950965003399194,0,1
annual_state_offset,2418,2021-01-08,2021-01-18,-0.0120052904669853,2021,2020-12-31,learned_vol_interaction,20260911,0.4754556903392312,0.4754556903392312,0,0
annual_state_offset,2423,2021-01-15,2021-01-25,0.0231622460538123,2021,2020-12-31,learned_vol_interaction,20260911,0.2910478720938869,0.2910478720938869,0,1
annual_state_offset,2428,2021-01-22,2021-02-01,-0.0372511735907923,2021,2020-12-31,learned_vol_interaction,20260911,0.4793404787070586,0.4793404787070586,0,0
annual_state_offset,2433,2021-01-29,2021-02-08,0.0278689901714626,2021,2020-12-31,learned_vol_interaction,20260911,0.3407014751351651,0.3407014751351651,0,1
annual_state_offset,2438,2021-02-05,2021-02-22,0.0507379035040882,2021,2020-12-31,learned_vol_interaction,20260911,0.5419487770679454,0.5419487770679454,1,1
annual_state_offset,2443,2021-02-19,2021-03-01,-0.0684918010685315,2021,2020-12-31,learned_vol_interaction,20260911,0.42680484014134457,0.42680484014134457,0,0
annual_state_offset,2448,2021-02-26,2021-03-08,-0.0165997123904068,2021,2020-12-31,learned_vol_interaction,20260911,0.48165522036766006,0.48165522036766006,0,0
annual_state_offset,2453,2021-03-05,2021-03-15,-0.0346560901469681,2021,2020-12-31,learned_vol_interaction,20260911,0.3506881836542513,0.3506881836542513,0,0
annual_state_offset,2458,2021-03-12,2021-03-22,-0.0210550182560221,2021,2020-12-31,learned_vol_interaction,20260911,0.23467895972096536,0.23467895972096536,0,0
annual_state_offset,2463,2021-03-19,2021-03-29,0.0087572877565691,2021,2020-12-31,learned_vol_interaction,20260911,0.5417459151974428,0.5417459151974428,1,1
annual_state_offset,2468,2021-03-26,2021-04-06,0.0250145479448802,2021,2020-12-31,learned_vol_interaction,20260911,0.48054571329537366,0.48054571329537366,0,1
annual_shared_offset,2418,2021-01-08,2021-01-18,-0.0120052904669853,2021,2020-12-31,learned_vol_interaction,20260911,0.4754556903392312,0.4754556903392312,0,0
annual_shared_offset,2423,2021-01-15,2021-01-25,0.0231622460538123,2021,2020-12-31,learned_vol_interaction,20260911,0.2910478720938869,0.2910478720938869,0,1
annual_shared_offset,2428,2021-01-22,2021-02-01,-0.0372511735907923,2021,2020-12-31,learned_vol_interaction,20260911,0.4793404787070586,0.4793404787070586,0,0
annual_shared_offset,2433,2021-01-29,2021-02-08,0.0278689901714626,2021,2020-12-31,learned_vol_interaction,20260911,0.3407014751351651,0.3407014751351651,0,1
annual_shared_offset,2438,2021-02-05,2021-02-22,0.0507379035040882,2021,2020-12-31,learned_vol_interaction,20260911,0.5419487770679454,0.5419487770679454,1,1
annual_shared_offset,2443,2021-02-19,2021-03-01,-0.0684918010685315,2021,2020-12-31,learned_vol_interaction,20260911,0.42680484014134457,0.42680484014134457,0,0
annual_shared_offset,2448,2021-02-26,2021-03-08,-0.0165997123904068,2021,2020-12-31,learned_vol_interaction,20260911,0.48165522036766006,0.48165522036766006,0,0
annual_shared_offset,2453,2021-03-05,2021-03-15,-0.0346560901469681,2021,2020-12-31,learned_vol_interaction,20260911,0.3506881836542513,0.3506881836542513,0,0
annual_shared_offset,2458,2021-03-12,2021-03-22,-0.0210550182560221,2021,2020-12-31,learned_vol_interaction,20260911,0.23467895972096536,0.23467895972096536,0,0
annual_shared_offset,2463,2021-03-19,2021-03-29,0.0087572877565691,2021,2020-12-31,learned_vol_interaction,20260911,0.5417459151974428,0.5417459151974428,1,1
annual_shared_offset,2468,2021-03-26,2021-04-06,0.0250145479448802,2021,2020-12-31,learned_vol_interaction,20260911,0.48054571329537366,0.48054571329537366,0,1
annual_state_offset_half,2418,2021-01-08,2021-01-18,-0.0120052904669853,2021,2020-12-31,learned_vol_interaction,20260911,0.4754556903392312,0.4754556903392312,0,0
annual_state_offset_half,2423,2021-01-15,2021-01-25,0.0231622460538123,2021,2020-12-31,learned_vol_interaction,20260911,0.2910478720938869,0.2910478720938869,0,1
annual_state_offset_half,2428,2021-01-22,2021-02-01,-0.0372511735907923,2021,2020-12-31,learned_vol_interaction,20260911,0.4793404787070586,0.4793404787070586,0,0
annual_state_offset_half,2433,2021-01-29,2021-02-08,0.0278689901714626,2021,2020-12-31,learned_vol_interaction,20260911,0.3407014751351651,0.3407014751351651,0,1
annual_state_offset_half,2438,2021-02-05,2021-02-22,0.0507379035040882,2021,2020-12-31,learned_vol_interaction,20260911,0.5419487770679454,0.5419487770679454,1,1
annual_state_offset_half,2443,2021-02-19,2021-03-01,-0.0684918010685315,2021,2020-12-31,learned_vol_interaction,20260911,0.42680484014134457,0.42680484014134457,0,0
annual_state_offset_half,2448,2021-02-26,2021-03-08,-0.0165997123904068,2021,2020-12-31,learned_vol_interaction,20260911,0.48165522036766006,0.48165522036766006,0,0
annual_state_offset_half,2453,2021-03-05,2021-03-15,-0.0346560901469681,2021,2020-12-31,learned_vol_interaction,20260911,0.3506881836542513,0.3506881836542513,0,0
annual_state_offset_half,2458,2021-03-12,2021-03-22,-0.0210550182560221,2021,2020-12-31,learned_vol_interaction,20260911,0.23467895972096536,0.23467895972096536,0,0
annual_state_offset_half,2463,2021-03-19,2021-03-29,0.0087572877565691,2021,2020-12-31,learned_vol_interaction,20260911,0.5417459151974428,0.5417459151974428,1,1
annual_state_offset_half,2468,2021-03-26,2021-04-06,0.0250145479448802,2021,2020-12-31,learned_vol_interaction,20260911,0.48054571329537366,0.48054571329537366,0,1
annual_state_offset,2418,2021-01-08,2021-01-18,-0.0120052904669853,2021,2020-12-31,learned_order_extension,20260911,0.4707924056292956,0.4707924056292956,0,0
annual_state_offset,2423,2021-01-15,2021-01-25,0.0231622460538123,2021,2020-12-31,learned_order_extension,20260911,0.30199104403875826,0.30199104403875826,0,1
annual_state_offset,2428,2021-01-22,2021-02-01,-0.0372511735907923,2021,2020-12-31,learned_order_extension,20260911,0.4727671753713422,0.4727671753713422,0,0
annual_state_offset,2433,2021-01-29,2021-02-08,0.0278689901714626,2021,2020-12-31,learned_order_extension,20260911,0.33076330033756096,0.33076330033756096,0,1
annual_state_offset,2438,2021-02-05,2021-02-22,0.0507379035040882,2021,2020-12-31,learned_order_extension,20260911,0.5463864019131583,0.5463864019131583,1,1
annual_state_offset,2443,2021-02-19,2021-03-01,-0.0684918010685315,2021,2020-12-31,learned_order_extension,20260911,0.423629668613555,0.423629668613555,0,0
annual_state_offset,2448,2021-02-26,2021-03-08,-0.0165997123904068,2021,2020-12-31,learned_order_extension,20260911,0.4833188959367285,0.4833188959367285,0,0
annual_state_offset,2453,2021-03-05,2021-03-15,-0.0346560901469681,2021,2020-12-31,learned_order_extension,20260911,0.3468677434509978,0.3468677434509978,0,0
annual_state_offset,2458,2021-03-12,2021-03-22,-0.0210550182560221,2021,2020-12-31,learned_order_extension,20260911,0.2385842218483661,0.2385842218483661,0,0
annual_state_offset,2463,2021-03-19,2021-03-29,0.0087572877565691,2021,2020-12-31,learned_order_extension,20260911,0.532998967015209,0.532998967015209,1,1
annual_state_offset,2468,2021-03-26,2021-04-06,0.0250145479448802,2021,2020-12-31,learned_order_extension,20260911,0.48258967958160864,0.48258967958160864,0,1
annual_shared_offset,2418,2021-01-08,2021-01-18,-0.0120052904669853,2021,2020-12-31,learned_order_extension,20260911,0.4707924056292956,0.4707924056292956,0,0
annual_shared_offset,2423,2021-01-15,2021-01-25,0.0231622460538123,2021,2020-12-31,learned_order_extension,20260911,0.30199104403875826,0.30199104403875826,0,1
annual_shared_offset,2428,2021-01-22,2021-02-01,-0.0372511735907923,2021,2020-12-31,learned_order_extension,20260911,0.4727671753713422,0.4727671753713422,0,0
annual_shared_offset,2433,2021-01-29,2021-02-08,0.0278689901714626,2021,2020-12-31,learned_order_extension,20260911,0.33076330033756096,0.33076330033756096,0,1
annual_shared_offset,2438,2021-02-05,2021-02-22,0.0507379035040882,2021,2020-12-31,learned_order_extension,20260911,0.5463864019131583,0.5463864019131583,1,1
annual_shared_offset,2443,2021-02-19,2021-03-01,-0.0684918010685315,2021,2020-12-31,learned_order_extension,20260911,0.423629668613555,0.423629668613555,0,0
annual_shared_offset,2448,2021-02-26,2021-03-08,-0.0165997123904068,2021,2020-12-31,learned_order_extension,20260911,0.4833188959367285,0.4833188959367285,0,0
annual_shared_offset,2453,2021-03-05,2021-03-15,-0.0346560901469681,2021,2020-12-31,learned_order_extension,20260911,0.3468677434509978,0.3468677434509978,0,0
annual_shared_offset,2458,2021-03-12,2021-03-22,-0.0210550182560221,2021,2020-12-31,learned_order_extension,20260911,0.2385842218483661,0.2385842218483661,0,0
annual_shared_offset,2463,2021-03-19,2021-03-29,0.0087572877565691,2021,2020-12-31,learned_order_extension,20260911,0.532998967015209,0.532998967015209,1,1
annual_shared_offset,2468,2021-03-26,2021-04-06,0.0250145479448802,2021,2020-12-31,learned_order_extension,20260911,0.48258967958160864,0.48258967958160864,0,1
annual_state_offset_half,2418,2021-01-08,2021-01-18,-0.0120052904669853,2021,2020-12-31,learned_order_extension,20260911,0.4707924056292956,0.4707924056292956,0,0
annual_state_offset_half,2423,2021-01-15,2021-01-25,0.0231622460538123,2021,2020-12-31,learned_order_extension,20260911,0.30199104403875826,0.30199104403875826,0,1
annual_state_offset_half,2428,2021-01-22,2021-02-01,-0.0372511735907923,2021,2020-12-31,learned_order_extension,20260911,0.4727671753713422,0.4727671753713422,0,0
annual_state_offset_half,2433,2021-01-29,2021-02-08,0.0278689901714626,2021,2020-12-31,learned_order_extension,20260911,0.33076330033756096,0.33076330033756096,0,1
annual_state_offset_half,2438,2021-02-05,2021-02-22,0.0507379035040882,2021,2020-12-31,learned_order_extension,20260911,0.5463864019131583,0.5463864019131583,1,1
annual_state_offset_half,2443,2021-02-19,2021-03-01,-0.0684918010685315,2021,2020-12-31,learned_order_extension,20260911,0.423629668613555,0.423629668613555,0,0
annual_state_offset_half,2448,2021-02-26,2021-03-08,-0.0165997123904068,2021,2020-12-31,learned_order_extension,20260911,0.4833188959367285,0.4833188959367285,0,0
annual_state_offset_half,2453,2021-03-05,2021-03-15,-0.0346560901469681,2021,2020-12-31,learned_order_extension,20260911,0.3468677434509978,0.3468677434509978,0,0
annual_state_offset_half,2458,2021-03-12,2021-03-22,-0.0210550182560221,2021,2020-12-31,learned_order_extension,20260911,0.2385842218483661,0.2385842218483661,0,0
annual_state_offset_half,2463,2021-03-19,2021-03-29,0.0087572877565691,2021,2020-12-31,learned_order_extension,20260911,0.532998967015209,0.532998967015209,1,1
annual_state_offset_half,2468,2021-03-26,2021-04-06,0.0250145479448802,2021,2020-12-31,learned_order_extension,20260911,0.48258967958160864,0.48258967958160864,0,1
annual_state_offset,2418,2021-01-08,2021-01-18,-0.0120052904669853,2021,2020-12-31,learned_order_offset,20260911,0.46966493933917947,0.46966493933917947,0,0
annual_state_offset,2423,2021-01-15,2021-01-25,0.0231622460538123,2021,2020-12-31,learned_order_offset,20260911,0.30026263179565904,0.30026263179565904,0,1
annual_state_offset,2428,2021-01-22,2021-02-01,-0.0372511735907923,2021,2020-12-31,learned_order_offset,20260911,0.47083079059127375,0.47083079059127375,0,0
annual_state_offset,2433,2021-01-29,2021-02-08,0.0278689901714626,2021,2020-12-31,learned_order_offset,20260911,0.3308151678188049,0.3308151678188049,0,1
annual_state_offset,2438,2021-02-05,2021-02-22,0.0507379035040882,2021,2020-12-31,learned_order_offset,20260911,0.5458888183275549,0.5458888183275549,1,1
annual_state_offset,2443,2021-02-19,2021-03-01,-0.0684918010685315,2021,2020-12-31,learned_order_offset,20260911,0.4238553224614908,0.4238553224614908,0,0
annual_state_offset,2448,2021-02-26,2021-03-08,-0.0165997123904068,2021,2020-12-31,learned_order_offset,20260911,0.4840844360242453,0.4840844360242453,0,0
annual_state_offset,2453,2021-03-05,2021-03-15,-0.0346560901469681,2021,2020-12-31,learned_order_offset,20260911,0.34642186749779336,0.34642186749779336,0,0
annual_state_offset,2458,2021-03-12,2021-03-22,-0.0210550182560221,2021,2020-12-31,learned_order_offset,20260911,0.23704081021871007,0.23704081021871007,0,0
annual_state_offset,2463,2021-03-19,2021-03-29,0.0087572877565691,2021,2020-12-31,learned_order_offset,20260911,0.5312704874985703,0.5312704874985703,1,1
annual_state_offset,2468,2021-03-26,2021-04-06,0.0250145479448802,2021,2020-12-31,learned_order_offset,20260911,0.48113132203479025,0.48113132203479025,0,1
annual_shared_offset,2418,2021-01-08,2021-01-18,-0.0120052904669853,2021,2020-12-31,learned_order_offset,20260911,0.46966493933917947,0.46966493933917947,0,0
annual_shared_offset,2423,2021-01-15,2021-01-25,0.0231622460538123,2021,2020-12-31,learned_order_offset,20260911,0.30026263179565904,0.30026263179565904,0,1
annual_shared_offset,2428,2021-01-22,2021-02-01,-0.0372511735907923,2021,2020-12-31,learned_order_offset,20260911,0.47083079059127375,0.47083079059127375,0,0
annual_shared_offset,2433,2021-01-29,2021-02-08,0.0278689901714626,2021,2020-12-31,learned_order_offset,20260911,0.3308151678188049,0.3308151678188049,0,1
annual_shared_offset,2438,2021-02-05,2021-02-22,0.0507379035040882,2021,2020-12-31,learned_order_offset,20260911,0.5458888183275549,0.5458888183275549,1,1
annual_shared_offset,2443,2021-02-19,2021-03-01,-0.0684918010685315,2021,2020-12-31,learned_order_offset,20260911,0.4238553224614908,0.4238553224614908,0,0
annual_shared_offset,2448,2021-02-26,2021-03-08,-0.0165997123904068,2021,2020-12-31,learned_order_offset,20260911,0.4840844360242453,0.4840844360242453,0,0
annual_shared_offset,2453,2021-03-05,2021-03-15,-0.0346560901469681,2021,2020-12-31,learned_order_offset,20260911,0.34642186749779336,0.34642186749779336,0,0
annual_shared_offset,2458,2021-03-12,2021-03-22,-0.0210550182560221,2021,2020-12-31,learned_order_offset,20260911,0.23704081021871007,0.23704081021871007,0,0
annual_shared_offset,2463,2021-03-19,2021-03-29,0.0087572877565691,2021,2020-12-31,learned_order_offset,20260911,0.5312704874985703,0.5312704874985703,1,1
annual_shared_offset,2468,2021-03-26,2021-04-06,0.0250145479448802,2021,2020-12-31,learned_order_offset,20260911,0.48113132203479025,0.48113132203479025,0,1
annual_state_offset_half,2418,2021-01-08,2021-01-18,-0.0120052904669853,2021,2020-12-31,learned_order_offset,20260911,0.46966493933917947,0.46966493933917947,0,0
annual_state_offset_half,2423,2021-01-15,2021-01-25,0.0231622460538123,2021,2020-12-31,learned_order_offset,20260911,0.30026263179565904,0.30026263179565904,0,1
annual_state_offset_half,2428,2021-01-22,2021-02-01,-0.0372511735907923,2021,2020-12-31,learned_order_offset,20260911,0.47083079059127375,0.47083079059127375,0,0
annual_state_offset_half,2433,2021-01-29,2021-02-08,0.0278689901714626,2021,2020-12-31,learned_order_offset,20260911,0.3308151678188049,0.3308151678188049,0,1
annual_state_offset_half,2438,2021-02-05,2021-02-22,0.0507379035040882,2021,2020-12-31,learned_order_offset,20260911,0.5458888183275549,0.5458888183275549,1,1
annual_state_offset_half,2443,2021-02-19,2021-03-01,-0.0684918010685315,2021,2020-12-31,learned_order_offset,20260911,0.4238553224614908,0.4238553224614908,0,0
annual_state_offset_half,2448,2021-02-26,2021-03-08,-0.0165997123904068,2021,2020-12-31,learned_order_offset,20260911,0.4840844360242453,0.4840844360242453,0,0
annual_state_offset_half,2453,2021-03-05,2021-03-15,-0.0346560901469681,2021,2020-12-31,learned_order_offset,20260911,0.34642186749779336,0.34642186749779336,0,0
annual_state_offset_half,2458,2021-03-12,2021-03-22,-0.0210550182560221,2021,2020-12-31,learned_order_offset,20260911,0.23704081021871007,0.23704081021871007,0,0
annual_state_offset_half,2463,2021-03-19,2021-03-29,0.0087572877565691,2021,2020-12-31,learned_order_offset,20260911,0.5312704874985703,0.5312704874985703,1,1
annual_state_offset_half,2468,2021-03-26,2021-04-06,0.0250145479448802,2021,2020-12-31,learned_order_offset,20260911,0.48113132203479025,0.48113132203479025,0,1
annual_state_offset,2418,2021-01-08,2021-01-18,-0.0120052904669853,2021,2020-12-31,learned_market,20260912,0.49622809203697066,0.49622809203697066,0,0
annual_state_offset,2423,2021-01-15,2021-01-25,0.0231622460538123,2021,2020-12-31,learned_market,20260912,0.30299511780142024,0.30299511780142024,0,1
annual_state_offset,2428,2021-01-22,2021-02-01,-0.0372511735907923,2021,2020-12-31,learned_market,20260912,0.2926269390741677,0.2926269390741677,0,0
annual_state_offset,2433,2021-01-29,2021-02-08,0.0278689901714626,2021,2020-12-31,learned_market,20260912,0.4834854236532544,0.4834854236532544,0,1
annual_state_offset,2438,2021-02-05,2021-02-22,0.0507379035040882,2021,2020-12-31,learned_market,20260912,0.5449307431156443,0.5449307431156443,1,1
annual_state_offset,2443,2021-02-19,2021-03-01,-0.0684918010685315,2021,2020-12-31,learned_market,20260912,0.37156624296606255,0.37156624296606255,0,0
annual_state_offset,2448,2021-02-26,2021-03-08,-0.0165997123904068,2021,2020-12-31,learned_market,20260912,0.5679579035959068,0.5679579035959068,1,0
annual_state_offset,2453,2021-03-05,2021-03-15,-0.0346560901469681,2021,2020-12-31,learned_market,20260912,0.4912573433049491,0.4912573433049491,0,0
annual_state_offset,2458,2021-03-12,2021-03-22,-0.0210550182560221,2021,2020-12-31,learned_market,20260912,0.4975950072849539,0.4975950072849539,0,0
annual_state_offset,2463,2021-03-19,2021-03-29,0.0087572877565691,2021,2020-12-31,learned_market,20260912,0.4862560848839745,0.4862560848839745,0,1
annual_state_offset,2468,2021-03-26,2021-04-06,0.0250145479448802,2021,2020-12-31,learned_market,20260912,0.5757817923341705,0.5757817923341705,1,1
annual_shared_offset,2418,2021-01-08,2021-01-18,-0.0120052904669853,2021,2020-12-31,learned_market,20260912,0.49622809203697066,0.49622809203697066,0,0
annual_shared_offset,2423,2021-01-15,2021-01-25,0.0231622460538123,2021,2020-12-31,learned_market,20260912,0.30299511780142024,0.30299511780142024,0,1
annual_shared_offset,2428,2021-01-22,2021-02-01,-0.0372511735907923,2021,2020-12-31,learned_market,20260912,0.2926269390741677,0.2926269390741677,0,0
annual_shared_offset,2433,2021-01-29,2021-02-08,0.0278689901714626,2021,2020-12-31,learned_market,20260912,0.4834854236532544,0.4834854236532544,0,1
annual_shared_offset,2438,2021-02-05,2021-02-22,0.0507379035040882,2021,2020-12-31,learned_market,20260912,0.5449307431156443,0.5449307431156443,1,1
annual_shared_offset,2443,2021-02-19,2021-03-01,-0.0684918010685315,2021,2020-12-31,learned_market,20260912,0.37156624296606255,0.37156624296606255,0,0
annual_shared_offset,2448,2021-02-26,2021-03-08,-0.0165997123904068,2021,2020-12-31,learned_market,20260912,0.5679579035959068,0.5679579035959068,1,0
annual_shared_offset,2453,2021-03-05,2021-03-15,-0.0346560901469681,2021,2020-12-31,learned_market,20260912,0.4912573433049491,0.4912573433049491,0,0
annual_shared_offset,2458,2021-03-12,2021-03-22,-0.0210550182560221,2021,2020-12-31,learned_market,20260912,0.4975950072849539,0.4975950072849539,0,0
annual_shared_offset,2463,2021-03-19,2021-03-29,0.0087572877565691,2021,2020-12-31,learned_market,20260912,0.4862560848839745,0.4862560848839745,0,1
annual_shared_offset,2468,2021-03-26,2021-04-06,0.0250145479448802,2021,2020-12-31,learned_market,20260912,0.5757817923341705,0.5757817923341705,1,1
annual_state_offset_half,2418,2021-01-08,2021-01-18,-0.0120052904669853,2021,2020-12-31,learned_market,20260912,0.49622809203697066,0.49622809203697066,0,0
annual_state_offset_half,2423,2021-01-15,2021-01-25,0.0231622460538123,2021,2020-12-31,learned_market,20260912,0.30299511780142024,0.30299511780142024,0,1
annual_state_offset_half,2428,2021-01-22,2021-02-01,-0.0372511735907923,2021,2020-12-31,learned_market,20260912,0.2926269390741677,0.2926269390741677,0,0
annual_state_offset_half,2433,2021-01-29,2021-02-08,0.0278689901714626,2021,2020-12-31,learned_market,20260912,0.4834854236532544,0.4834854236532544,0,1
annual_state_offset_half,2438,2021-02-05,2021-02-22,0.0507379035040882,2021,2020-12-31,learned_market,20260912,0.5449307431156443,0.5449307431156443,1,1
annual_state_offset_half,2443,2021-02-19,2021-03-01,-0.0684918010685315,2021,2020-12-31,learned_market,20260912,0.37156624296606255,0.37156624296606255,0,0
annual_state_offset_half,2448,2021-02-26,2021-03-08,-0.0165997123904068,2021,2020-12-31,learned_market,20260912,0.5679579035959068,0.5679579035959068,1,0
annual_state_offset_half,2453,2021-03-05,2021-03-15,-0.0346560901469681,2021,2020-12-31,learned_market,20260912,0.4912573433049491,0.4912573433049491,0,0
annual_state_offset_half,2458,2021-03-12,2021-03-22,-0.0210550182560221,2021,2020-12-31,learned_market,20260912,0.4975950072849539,0.4975950072849539,0,0
annual_state_offset_half,2463,2021-03-19,2021-03-29,0.0087572877565691,2021,2020-12-31,learned_market,20260912,0.4862560848839745,0.4862560848839745,0,1
annual_state_offset_half,2468,2021-03-26,2021-04-06,0.0250145479448802,2021,2020-12-31,learned_market,20260912,0.5757817923341705,0.5757817923341705,1,1
annual_state_offset,2418,2021-01-08,2021-01-18,-0.0120052904669853,2021,2020-12-31,learned_vol_interaction,20260912,0.49620713842529096,0.49620713842529096,0,0
annual_state_offset,2423,2021-01-15,2021-01-25,0.0231622460538123,2021,2020-12-31,learned_vol_interaction,20260912,0.30370534508378266,0.30370534508378266,0,1
annual_state_offset,2428,2021-01-22,2021-02-01,-0.0372511735907923,2021,2020-12-31,learned_vol_interaction,20260912,0.2931342483584557,0.2931342483584557,0,0
annual_state_offset,2433,2021-01-29,2021-02-08,0.0278689901714626,2021,2020-12-31,learned_vol_interaction,20260912,0.4851476188516167,0.4851476188516167,0,1
annual_state_offset,2438,2021-02-05,2021-02-22,0.0507379035040882,2021,2020-12-31,learned_vol_interaction,20260912,0.5455559755252699,0.5455559755252699,1,1
annual_state_offset,2443,2021-02-19,2021-03-01,-0.0684918010685315,2021,2020-12-31,learned_vol_interaction,20260912,0.37201410439640853,0.37201410439640853,0,0
annual_state_offset,2448,2021-02-26,2021-03-08,-0.0165997123904068,2021,2020-12-31,learned_vol_interaction,20260912,0.5647303221106473,0.5647303221106473,1,0
annual_state_offset,2453,2021-03-05,2021-03-15,-0.0346560901469681,2021,2020-12-31,learned_vol_interaction,20260912,0.4925362885158211,0.4925362885158211,0,0
annual_state_offset,2458,2021-03-12,2021-03-22,-0.0210550182560221,2021,2020-12-31,learned_vol_interaction,20260912,0.5001941106115585,0.5001941106115585,1,0
annual_state_offset,2463,2021-03-19,2021-03-29,0.0087572877565691,2021,2020-12-31,learned_vol_interaction,20260912,0.4917119078225818,0.4917119078225818,0,1
annual_state_offset,2468,2021-03-26,2021-04-06,0.0250145479448802,2021,2020-12-31,learned_vol_interaction,20260912,0.5754614207160266,0.5754614207160266,1,1
annual_shared_offset,2418,2021-01-08,2021-01-18,-0.0120052904669853,2021,2020-12-31,learned_vol_interaction,20260912,0.49620713842529096,0.49620713842529096,0,0
annual_shared_offset,2423,2021-01-15,2021-01-25,0.0231622460538123,2021,2020-12-31,learned_vol_interaction,20260912,0.30370534508378266,0.30370534508378266,0,1
annual_shared_offset,2428,2021-01-22,2021-02-01,-0.0372511735907923,2021,2020-12-31,learned_vol_interaction,20260912,0.2931342483584557,0.2931342483584557,0,0
annual_shared_offset,2433,2021-01-29,2021-02-08,0.0278689901714626,2021,2020-12-31,learned_vol_interaction,20260912,0.4851476188516167,0.4851476188516167,0,1
annual_shared_offset,2438,2021-02-05,2021-02-22,0.0507379035040882,2021,2020-12-31,learned_vol_interaction,20260912,0.5455559755252699,0.5455559755252699,1,1
annual_shared_offset,2443,2021-02-19,2021-03-01,-0.0684918010685315,2021,2020-12-31,learned_vol_interaction,20260912,0.37201410439640853,0.37201410439640853,0,0
annual_shared_offset,2448,2021-02-26,2021-03-08,-0.0165997123904068,2021,2020-12-31,learned_vol_interaction,20260912,0.5647303221106473,0.5647303221106473,1,0
annual_shared_offset,2453,2021-03-05,2021-03-15,-0.0346560901469681,2021,2020-12-31,learned_vol_interaction,20260912,0.4925362885158211,0.4925362885158211,0,0
annual_shared_offset,2458,2021-03-12,2021-03-22,-0.0210550182560221,2021,2020-12-31,learned_vol_interaction,20260912,0.5001941106115585,0.5001941106115585,1,0
annual_shared_offset,2463,2021-03-19,2021-03-29,0.0087572877565691,2021,2020-12-31,learned_vol_interaction,20260912,0.4917119078225818,0.4917119078225818,0,1
annual_shared_offset,2468,2021-03-26,2021-04-06,0.0250145479448802,2021,2020-12-31,learned_vol_interaction,20260912,0.5754614207160266,0.5754614207160266,1,1
annual_state_offset_half,2418,2021-01-08,2021-01-18,-0.0120052904669853,2021,2020-12-31,learned_vol_interaction,20260912,0.49620713842529096,0.49620713842529096,0,0
annual_state_offset_half,2423,2021-01-15,2021-01-25,0.0231622460538123,2021,2020-12-31,learned_vol_interaction,20260912,0.30370534508378266,0.30370534508378266,0,1
annual_state_offset_half,2428,2021-01-22,2021-02-01,-0.0372511735907923,2021,2020-12-31,learned_vol_interaction,20260912,0.2931342483584557,0.2931342483584557,0,0
annual_state_offset_half,2433,2021-01-29,2021-02-08,0.0278689901714626,2021,2020-12-31,learned_vol_interaction,20260912,0.4851476188516167,0.4851476188516167,0,1
annual_state_offset_half,2438,2021-02-05,2021-02-22,0.0507379035040882,2021,2020-12-31,learned_vol_interaction,20260912,0.5455559755252699,0.5455559755252699,1,1
annual_state_offset_half,2443,2021-02-19,2021-03-01,-0.0684918010685315,2021,2020-12-31,learned_vol_interaction,20260912,0.37201410439640853,0.37201410439640853,0,0
annual_state_offset_half,2448,2021-02-26,2021-03-08,-0.0165997123904068,2021,2020-12-31,learned_vol_interaction,20260912,0.5647303221106473,0.5647303221106473,1,0
annual_state_offset_half,2453,2021-03-05,2021-03-15,-0.0346560901469681,2021,2020-12-31,learned_vol_interaction,20260912,0.4925362885158211,0.4925362885158211,0,0
annual_state_offset_half,2458,2021-03-12,2021-03-22,-0.0210550182560221,2021,2020-12-31,learned_vol_interaction,20260912,0.5001941106115585,0.5001941106115585,1,0
annual_state_offset_half,2463,2021-03-19,2021-03-29,0.0087572877565691,2021,2020-12-31,learned_vol_interaction,20260912,0.4917119078225818,0.4917119078225818,0,1
annual_state_offset_half,2468,2021-03-26,2021-04-06,0.0250145479448802,2021,2020-12-31,learned_vol_interaction,20260912,0.5754614207160266,0.5754614207160266,1,1
annual_state_offset,2418,2021-01-08,2021-01-18,-0.0120052904669853,2021,2020-12-31,learned_order_extension,20260912,0.4980709373270918,0.4980709373270918,0,0
annual_state_offset,2423,2021-01-15,2021-01-25,0.0231622460538123,2021,2020-12-31,learned_order_extension,20260912,0.3077801048995167,0.3077801048995167,0,1
annual_state_offset,2428,2021-01-22,2021-02-01,-0.0372511735907923,2021,2020-12-31,learned_order_extension,20260912,0.2945790953929349,0.2945790953929349,0,0
annual_state_offset,2433,2021-01-29,2021-02-08,0.0278689901714626,2021,2020-12-31,learned_order_extension,20260912,0.4869306132003812,0.4869306132003812,0,1
annual_state_offset,2438,2021-02-05,2021-02-22,0.0507379035040882,2021,2020-12-31,learned_order_extension,20260912,0.5470942643821933,0.5470942643821933,1,1
annual_state_offset,2443,2021-02-19,2021-03-01,-0.0684918010685315,2021,2020-12-31,learned_order_extension,20260912,0.37256373051610003,0.37256373051610003,0,0
annual_state_offset,2448,2021-02-26,2021-03-08,-0.0165997123904068,2021,2020-12-31,learned_order_extension,20260912,0.5652884202407723,0.5652884202407723,1,0
annual_state_offset,2453,2021-03-05,2021-03-15,-0.0346560901469681,2021,2020-12-31,learned_order_extension,20260912,0.4938099782773414,0.4938099782773414,0,0
annual_state_offset,2458,2021-03-12,2021-03-22,-0.0210550182560221,2021,2020-12-31,learned_order_extension,20260912,0.5011342068332141,0.5011342068332141,1,0
annual_state_offset,2463,2021-03-19,2021-03-29,0.0087572877565691,2021,2020-12-31,learned_order_extension,20260912,0.49318584601318854,0.49318584601318854,0,1
annual_state_offset,2468,2021-03-26,2021-04-06,0.0250145479448802,2021,2020-12-31,learned_order_extension,20260912,0.5765372992952104,0.5765372992952104,1,1
annual_shared_offset,2418,2021-01-08,2021-01-18,-0.0120052904669853,2021,2020-12-31,learned_order_extension,20260912,0.4980709373270918,0.4980709373270918,0,0
annual_shared_offset,2423,2021-01-15,2021-01-25,0.0231622460538123,2021,2020-12-31,learned_order_extension,20260912,0.3077801048995167,0.3077801048995167,0,1
annual_shared_offset,2428,2021-01-22,2021-02-01,-0.0372511735907923,2021,2020-12-31,learned_order_extension,20260912,0.2945790953929349,0.2945790953929349,0,0
annual_shared_offset,2433,2021-01-29,2021-02-08,0.0278689901714626,2021,2020-12-31,learned_order_extension,20260912,0.4869306132003812,0.4869306132003812,0,1
annual_shared_offset,2438,2021-02-05,2021-02-22,0.0507379035040882,2021,2020-12-31,learned_order_extension,20260912,0.5470942643821933,0.5470942643821933,1,1
annual_shared_offset,2443,2021-02-19,2021-03-01,-0.0684918010685315,2021,2020-12-31,learned_order_extension,20260912,0.37256373051610003,0.37256373051610003,0,0
annual_shared_offset,2448,2021-02-26,2021-03-08,-0.0165997123904068,2021,2020-12-31,learned_order_extension,20260912,0.5652884202407723,0.5652884202407723,1,0
annual_shared_offset,2453,2021-03-05,2021-03-15,-0.0346560901469681,2021,2020-12-31,learned_order_extension,20260912,0.4938099782773414,0.4938099782773414,0,0
annual_shared_offset,2458,2021-03-12,2021-03-22,-0.0210550182560221,2021,2020-12-31,learned_order_extension,20260912,0.5011342068332141,0.5011342068332141,1,0
annual_shared_offset,2463,2021-03-19,2021-03-29,0.0087572877565691,2021,2020-12-31,learned_order_extension,20260912,0.49318584601318854,0.49318584601318854,0,1
annual_shared_offset,2468,2021-03-26,2021-04-06,0.0250145479448802,2021,2020-12-31,learned_order_extension,20260912,0.5765372992952104,0.5765372992952104,1,1
annual_state_offset_half,2418,2021-01-08,2021-01-18,-0.0120052904669853,2021,2020-12-31,learned_order_extension,20260912,0.4980709373270918,0.4980709373270918,0,0
annual_state_offset_half,2423,2021-01-15,2021-01-25,0.0231622460538123,2021,2020-12-31,learned_order_extension,20260912,0.3077801048995167,0.3077801048995167,0,1
annual_state_offset_half,2428,2021-01-22,2021-02-01,-0.0372511735907923,2021,2020-12-31,learned_order_extension,20260912,0.2945790953929349,0.2945790953929349,0,0
annual_state_offset_half,2433,2021-01-29,2021-02-08,0.0278689901714626,2021,2020-12-31,learned_order_extension,20260912,0.4869306132003812,0.4869306132003812,0,1
annual_state_offset_half,2438,2021-02-05,2021-02-22,0.0507379035040882,2021,2020-12-31,learned_order_extension,20260912,0.5470942643821933,0.5470942643821933,1,1
annual_state_offset_half,2443,2021-02-19,2021-03-01,-0.0684918010685315,2021,2020-12-31,learned_order_extension,20260912,0.37256373051610003,0.37256373051610003,0,0
annual_state_offset_half,2448,2021-02-26,2021-03-08,-0.0165997123904068,2021,2020-12-31,learned_order_extension,20260912,0.5652884202407723,0.5652884202407723,1,0
annual_state_offset_half,2453,2021-03-05,2021-03-15,-0.0346560901469681,2021,2020-12-31,learned_order_extension,20260912,0.4938099782773414,0.4938099782773414,0,0
annual_state_offset_half,2458,2021-03-12,2021-03-22,-0.0210550182560221,2021,2020-12-31,learned_order_extension,20260912,0.5011342068332141,0.5011342068332141,1,0
annual_state_offset_half,2463,2021-03-19,2021-03-29,0.0087572877565691,2021,2020-12-31,learned_order_extension,20260912,0.49318584601318854,0.49318584601318854,0,1
annual_state_offset_half,2468,2021-03-26,2021-04-06,0.0250145479448802,2021,2020-12-31,learned_order_extension,20260912,0.5765372992952104,0.5765372992952104,1,1
annual_state_offset,2418,2021-01-08,2021-01-18,-0.0120052904669853,2021,2020-12-31,learned_order_offset,20260912,0.4978619856473434,0.4978619856473434,0,0
annual_state_offset,2423,2021-01-15,2021-01-25,0.0231622460538123,2021,2020-12-31,learned_order_offset,20260912,0.30753172112864313,0.30753172112864313,0,1
annual_state_offset,2428,2021-01-22,2021-02-01,-0.0372511735907923,2021,2020-12-31,learned_order_offset,20260912,0.29417599189344534,0.29417599189344534,0,0
annual_state_offset,2433,2021-01-29,2021-02-08,0.0278689901714626,2021,2020-12-31,learned_order_offset,20260912,0.48673077860534075,0.48673077860534075,0,1
annual_state_offset,2438,2021-02-05,2021-02-22,0.0507379035040882,2021,2020-12-31,learned_order_offset,20260912,0.5468628858044645,0.5468628858044645,1,1
annual_state_offset,2443,2021-02-19,2021-03-01,-0.0684918010685315,2021,2020-12-31,learned_order_offset,20260912,0.37253784220409425,0.37253784220409425,0,0
annual_state_offset,2448,2021-02-26,2021-03-08,-0.0165997123904068,2021,2020-12-31,learned_order_offset,20260912,0.5649799919042372,0.5649799919042372,1,0
annual_state_offset,2453,2021-03-05,2021-03-15,-0.0346560901469681,2021,2020-12-31,learned_order_offset,20260912,0.49348358050186064,0.49348358050186064,0,0
annual_state_offset,2458,2021-03-12,2021-03-22,-0.0210550182560221,2021,2020-12-31,learned_order_offset,20260912,0.500928953286114,0.500928953286114,1,0
annual_state_offset,2463,2021-03-19,2021-03-29,0.0087572877565691,2021,2020-12-31,learned_order_offset,20260912,0.493170220106531,0.493170220106531,0,1
annual_state_offset,2468,2021-03-26,2021-04-06,0.0250145479448802,2021,2020-12-31,learned_order_offset,20260912,0.5766144810517231,0.5766144810517231,1,1
annual_shared_offset,2418,2021-01-08,2021-01-18,-0.0120052904669853,2021,2020-12-31,learned_order_offset,20260912,0.4978619856473434,0.4978619856473434,0,0
annual_shared_offset,2423,2021-01-15,2021-01-25,0.0231622460538123,2021,2020-12-31,learned_order_offset,20260912,0.30753172112864313,0.30753172112864313,0,1
annual_shared_offset,2428,2021-01-22,2021-02-01,-0.0372511735907923,2021,2020-12-31,learned_order_offset,20260912,0.29417599189344534,0.29417599189344534,0,0
annual_shared_offset,2433,2021-01-29,2021-02-08,0.0278689901714626,2021,2020-12-31,learned_order_offset,20260912,0.48673077860534075,0.48673077860534075,0,1
annual_shared_offset,2438,2021-02-05,2021-02-22,0.0507379035040882,2021,2020-12-31,learned_order_offset,20260912,0.5468628858044645,0.5468628858044645,1,1
annual_shared_offset,2443,2021-02-19,2021-03-01,-0.0684918010685315,2021,2020-12-31,learned_order_offset,20260912,0.37253784220409425,0.37253784220409425,0,0
annual_shared_offset,2448,2021-02-26,2021-03-08,-0.0165997123904068,2021,2020-12-31,learned_order_offset,20260912,0.5649799919042372,0.5649799919042372,1,0
annual_shared_offset,2453,2021-03-05,2021-03-15,-0.0346560901469681,2021,2020-12-31,learned_order_offset,20260912,0.49348358050186064,0.49348358050186064,0,0
annual_shared_offset,2458,2021-03-12,2021-03-22,-0.0210550182560221,2021,2020-12-31,learned_order_offset,20260912,0.500928953286114,0.500928953286114,1,0
annual_shared_offset,2463,2021-03-19,2021-03-29,0.0087572877565691,2021,2020-12-31,learned_order_offset,20260912,0.493170220106531,0.493170220106531,0,1
annual_shared_offset,2468,2021-03-26,2021-04-06,0.0250145479448802,2021,2020-12-31,learned_order_offset,20260912,0.5766144810517231,0.5766144810517231,1,1
annual_state_offset_half,2418,2021-01-08,2021-01-18,-0.0120052904669853,2021,2020-12-31,learned_order_offset,20260912,0.4978619856473434,0.4978619856473434,0,0
annual_state_offset_half,2423,2021-01-15,2021-01-25,0.0231622460538123,2021,2020-12-31,learned_order_offset,20260912,0.30753172112864313,0.30753172112864313,0,1
annual_state_offset_half,2428,2021-01-22,2021-02-01,-0.0372511735907923,2021,2020-12-31,learned_order_offset,20260912,0.29417599189344534,0.29417599189344534,0,0
annual_state_offset_half,2433,2021-01-29,2021-02-08,0.0278689901714626,2021,2020-12-31,learned_order_offset,20260912,0.48673077860534075,0.48673077860534075,0,1
annual_state_offset_half,2438,2021-02-05,2021-02-22,0.0507379035040882,2021,2020-12-31,learned_order_offset,20260912,0.5468628858044645,0.5468628858044645,1,1
annual_state_offset_half,2443,2021-02-19,2021-03-01,-0.0684918010685315,2021,2020-12-31,learned_order_offset,20260912,0.37253784220409425,0.37253784220409425,0,0
annual_state_offset_half,2448,2021-02-26,2021-03-08,-0.0165997123904068,2021,2020-12-31,learned_order_offset,20260912,0.5649799919042372,0.5649799919042372,1,0
annual_state_offset_half,2453,2021-03-05,2021-03-15,-0.0346560901469681,2021,2020-12-31,learned_order_offset,20260912,0.49348358050186064,0.49348358050186064,0,0
annual_state_offset_half,2458,2021-03-12,2021-03-22,-0.0210550182560221,2021,2020-12-31,learned_order_offset,20260912,0.500928953286114,0.500928953286114,1,0
annual_state_offset_half,2463,2021-03-19,2021-03-29,0.0087572877565691,2021,2020-12-31,learned_order_offset,20260912,0.493170220106531,0.493170220106531,0,1
annual_state_offset_half,2468,2021-03-26,2021-04-06,0.0250145479448802,2021,2020-12-31,learned_order_offset,20260912,0.5766144810517231,0.5766144810517231,1,1
annual_state_offset,2473,2021-04-02,2021-04-12,-0.0292856811827044,2021,2021-03-31,learned_market,20260910,0.5183679897795258,0.5183679897795258,1,0
annual_state_offset,2477,2021-04-09,2021-04-19,-0.0120489836840408,2021,2021-03-31,learned_market,20260910,0.6850249402938339,0.6850249402938339,1,0
annual_state_offset,2482,2021-04-16,2021-04-26,0.0382932540809155,2021,2021-03-31,learned_market,20260910,0.609924220475271,0.609924220475271,1,1
annual_state_offset,2487,2021-04-23,2021-05-06,-0.0112070185917437,2021,2021-03-31,learned_market,20260910,0.6788658728472401,0.6788658728472401,1,0
annual_state_offset,2492,2021-04-30,2021-05-12,-0.0190946889464188,2021,2021-03-31,learned_market,20260910,0.6869387015648898,0.6869387015648898,1,0
annual_state_offset,2494,2021-05-07,2021-05-17,0.0227674429764228,2021,2021-03-31,learned_market,20260910,0.707143295820497,0.707143295820497,1,1
annual_state_offset,2499,2021-05-14,2021-05-24,0.0045940519733895,2021,2021-03-31,learned_market,20260910,0.6297830216175037,0.6297830216175037,1,1
annual_state_offset,2504,2021-05-21,2021-05-31,0.0348855085126711,2021,2021-03-31,learned_market,20260910,0.6135561076345685,0.6135561076345685,1,1
annual_state_offset,2509,2021-05-28,2021-06-07,-0.0062409741861724,2021,2021-03-31,learned_market,20260910,0.5954545940650008,0.5954545940650008,1,0
annual_state_offset,2514,2021-06-04,2021-06-15,-0.0125508761771767,2021,2021-03-31,learned_market,20260910,0.4509522974997202,0.4509522974997202,0,0
annual_state_offset,2519,2021-06-11,2021-06-21,-0.0250011497424577,2021,2021-03-31,learned_market,20260910,0.35343278398049977,0.35343278398049977,0,0
annual_state_offset,2523,2021-06-18,2021-06-28,0.0325308711127356,2021,2021-03-31,learned_market,20260910,0.3221586033468014,0.3221586033468014,0,1
annual_state_offset,2528,2021-06-25,2021-07-05,-0.0342297962734196,2021,2021-03-31,learned_market,20260910,0.4336393441432385,0.4336393441432385,0,0
annual_shared_offset,2473,2021-04-02,2021-04-12,-0.0292856811827044,2021,2021-03-31,learned_market,20260910,0.5183679897795258,0.5183679897795258,1,0
annual_shared_offset,2477,2021-04-09,2021-04-19,-0.0120489836840408,2021,2021-03-31,learned_market,20260910,0.6850249402938339,0.6850249402938339,1,0
annual_shared_offset,2482,2021-04-16,2021-04-26,0.0382932540809155,2021,2021-03-31,learned_market,20260910,0.609924220475271,0.609924220475271,1,1
annual_shared_offset,2487,2021-04-23,2021-05-06,-0.0112070185917437,2021,2021-03-31,learned_market,20260910,0.6788658728472401,0.6788658728472401,1,0
annual_shared_offset,2492,2021-04-30,2021-05-12,-0.0190946889464188,2021,2021-03-31,learned_market,20260910,0.6869387015648898,0.6869387015648898,1,0
annual_shared_offset,2494,2021-05-07,2021-05-17,0.0227674429764228,2021,2021-03-31,learned_market,20260910,0.707143295820497,0.707143295820497,1,1
annual_shared_offset,2499,2021-05-14,2021-05-24,0.0045940519733895,2021,2021-03-31,learned_market,20260910,0.6297830216175037,0.6297830216175037,1,1
annual_shared_offset,2504,2021-05-21,2021-05-31,0.0348855085126711,2021,2021-03-31,learned_market,20260910,0.6135561076345685,0.6135561076345685,1,1
annual_shared_offset,2509,2021-05-28,2021-06-07,-0.0062409741861724,2021,2021-03-31,learned_market,20260910,0.5954545940650008,0.5954545940650008,1,0
annual_shared_offset,2514,2021-06-04,2021-06-15,-0.0125508761771767,2021,2021-03-31,learned_market,20260910,0.4509522974997202,0.4509522974997202,0,0
annual_shared_offset,2519,2021-06-11,2021-06-21,-0.0250011497424577,2021,2021-03-31,learned_market,20260910,0.35343278398049977,0.35343278398049977,0,0
annual_shared_offset,2523,2021-06-18,2021-06-28,0.0325308711127356,2021,2021-03-31,learned_market,20260910,0.3221586033468014,0.3221586033468014,0,1
annual_shared_offset,2528,2021-06-25,2021-07-05,-0.0342297962734196,2021,2021-03-31,learned_market,20260910,0.4336393441432385,0.4336393441432385,0,0
annual_state_offset_half,2473,2021-04-02,2021-04-12,-0.0292856811827044,2021,2021-03-31,learned_market,20260910,0.5183679897795258,0.5183679897795258,1,0
annual_state_offset_half,2477,2021-04-09,2021-04-19,-0.0120489836840408,2021,2021-03-31,learned_market,20260910,0.6850249402938339,0.6850249402938339,1,0
annual_state_offset_half,2482,2021-04-16,2021-04-26,0.0382932540809155,2021,2021-03-31,learned_market,20260910,0.609924220475271,0.609924220475271,1,1
annual_state_offset_half,2487,2021-04-23,2021-05-06,-0.0112070185917437,2021,2021-03-31,learned_market,20260910,0.6788658728472401,0.6788658728472401,1,0
annual_state_offset_half,2492,2021-04-30,2021-05-12,-0.0190946889464188,2021,2021-03-31,learned_market,20260910,0.6869387015648898,0.6869387015648898,1,0
annual_state_offset_half,2494,2021-05-07,2021-05-17,0.0227674429764228,2021,2021-03-31,learned_market,20260910,0.707143295820497,0.707143295820497,1,1
annual_state_offset_half,2499,2021-05-14,2021-05-24,0.0045940519733895,2021,2021-03-31,learned_market,20260910,0.6297830216175037,0.6297830216175037,1,1
annual_state_offset_half,2504,2021-05-21,2021-05-31,0.0348855085126711,2021,2021-03-31,learned_market,20260910,0.6135561076345685,0.6135561076345685,1,1
annual_state_offset_half,2509,2021-05-28,2021-06-07,-0.0062409741861724,2021,2021-03-31,learned_market,20260910,0.5954545940650008,0.5954545940650008,1,0
annual_state_offset_half,2514,2021-06-04,2021-06-15,-0.0125508761771767,2021,2021-03-31,learned_market,20260910,0.47651187377201387,0.47651187377201387,0,0
annual_state_offset_half,2519,2021-06-11,2021-06-21,-0.0250011497424577,2021,2021-03-31,learned_market,20260910,0.35343278398049977,0.35343278398049977,0,0
annual_state_offset_half,2523,2021-06-18,2021-06-28,0.0325308711127356,2021,2021-03-31,learned_market,20260910,0.3221586033468014,0.3221586033468014,0,1
annual_state_offset_half,2528,2021-06-25,2021-07-05,-0.0342297962734196,2021,2021-03-31,learned_market,20260910,0.4336393441432385,0.4336393441432385,0,0
annual_state_offset,2473,2021-04-02,2021-04-12,-0.0292856811827044,2021,2021-03-31,learned_vol_interaction,20260910,0.5665920928801257,0.5665920928801257,1,0
annual_state_offset,2477,2021-04-09,2021-04-19,-0.0120489836840408,2021,2021-03-31,learned_vol_interaction,20260910,0.7108940398772539,0.7108940398772539,1,0
annual_state_offset,2482,2021-04-16,2021-04-26,0.0382932540809155,2021,2021-03-31,learned_vol_interaction,20260910,0.6177612563202494,0.6177612563202494,1,1
annual_state_offset,2487,2021-04-23,2021-05-06,-0.0112070185917437,2021,2021-03-31,learned_vol_interaction,20260910,0.7142122563040804,0.7142122563040804,1,0
annual_state_offset,2492,2021-04-30,2021-05-12,-0.0190946889464188,2021,2021-03-31,learned_vol_interaction,20260910,0.6941591991721776,0.6941591991721776,1,0
annual_state_offset,2494,2021-05-07,2021-05-17,0.0227674429764228,2021,2021-03-31,learned_vol_interaction,20260910,0.7158017585661451,0.7158017585661451,1,1
annual_state_offset,2499,2021-05-14,2021-05-24,0.0045940519733895,2021,2021-03-31,learned_vol_interaction,20260910,0.6694091341375065,0.6694091341375065,1,1
annual_state_offset,2504,2021-05-21,2021-05-31,0.0348855085126711,2021,2021-03-31,learned_vol_interaction,20260910,0.636918321286237,0.636918321286237,1,1
annual_state_offset,2509,2021-05-28,2021-06-07,-0.0062409741861724,2021,2021-03-31,learned_vol_interaction,20260910,0.5964746009268665,0.5964746009268665,1,0
annual_state_offset,2514,2021-06-04,2021-06-15,-0.0125508761771767,2021,2021-03-31,learned_vol_interaction,20260910,0.4211650580529931,0.4211650580529931,0,0
annual_state_offset,2519,2021-06-11,2021-06-21,-0.0250011497424577,2021,2021-03-31,learned_vol_interaction,20260910,0.2976695737938547,0.2976695737938547,0,0
annual_state_offset,2523,2021-06-18,2021-06-28,0.0325308711127356,2021,2021-03-31,learned_vol_interaction,20260910,0.2852455047514334,0.2852455047514334,0,1
annual_state_offset,2528,2021-06-25,2021-07-05,-0.0342297962734196,2021,2021-03-31,learned_vol_interaction,20260910,0.36967907658300214,0.36967907658300214,0,0
annual_shared_offset,2473,2021-04-02,2021-04-12,-0.0292856811827044,2021,2021-03-31,learned_vol_interaction,20260910,0.5665920928801257,0.5665920928801257,1,0
annual_shared_offset,2477,2021-04-09,2021-04-19,-0.0120489836840408,2021,2021-03-31,learned_vol_interaction,20260910,0.7108940398772539,0.7108940398772539,1,0
annual_shared_offset,2482,2021-04-16,2021-04-26,0.0382932540809155,2021,2021-03-31,learned_vol_interaction,20260910,0.6177612563202494,0.6177612563202494,1,1
annual_shared_offset,2487,2021-04-23,2021-05-06,-0.0112070185917437,2021,2021-03-31,learned_vol_interaction,20260910,0.7142122563040804,0.7142122563040804,1,0
annual_shared_offset,2492,2021-04-30,2021-05-12,-0.0190946889464188,2021,2021-03-31,learned_vol_interaction,20260910,0.6941591991721776,0.6941591991721776,1,0
annual_shared_offset,2494,2021-05-07,2021-05-17,0.0227674429764228,2021,2021-03-31,learned_vol_interaction,20260910,0.7158017585661451,0.7158017585661451,1,1
annual_shared_offset,2499,2021-05-14,2021-05-24,0.0045940519733895,2021,2021-03-31,learned_vol_interaction,20260910,0.6694091341375065,0.6694091341375065,1,1
annual_shared_offset,2504,2021-05-21,2021-05-31,0.0348855085126711,2021,2021-03-31,learned_vol_interaction,20260910,0.636918321286237,0.636918321286237,1,1
annual_shared_offset,2509,2021-05-28,2021-06-07,-0.0062409741861724,2021,2021-03-31,learned_vol_interaction,20260910,0.5964746009268665,0.5964746009268665,1,0
annual_shared_offset,2514,2021-06-04,2021-06-15,-0.0125508761771767,2021,2021-03-31,learned_vol_interaction,20260910,0.4211650580529931,0.4211650580529931,0,0
annual_shared_offset,2519,2021-06-11,2021-06-21,-0.0250011497424577,2021,2021-03-31,learned_vol_interaction,20260910,0.2976695737938547,0.2976695737938547,0,0
annual_shared_offset,2523,2021-06-18,2021-06-28,0.0325308711127356,2021,2021-03-31,learned_vol_interaction,20260910,0.2852455047514334,0.2852455047514334,0,1
annual_shared_offset,2528,2021-06-25,2021-07-05,-0.0342297962734196,2021,2021-03-31,learned_vol_interaction,20260910,0.36967907658300214,0.36967907658300214,0,0
annual_state_offset_half,2473,2021-04-02,2021-04-12,-0.0292856811827044,2021,2021-03-31,learned_vol_interaction,20260910,0.5665920928801257,0.5665920928801257,1,0
annual_state_offset_half,2477,2021-04-09,2021-04-19,-0.0120489836840408,2021,2021-03-31,learned_vol_interaction,20260910,0.7108940398772539,0.7108940398772539,1,0
annual_state_offset_half,2482,2021-04-16,2021-04-26,0.0382932540809155,2021,2021-03-31,learned_vol_interaction,20260910,0.6177612563202494,0.6177612563202494,1,1
annual_state_offset_half,2487,2021-04-23,2021-05-06,-0.0112070185917437,2021,2021-03-31,learned_vol_interaction,20260910,0.7142122563040804,0.7142122563040804,1,0
annual_state_offset_half,2492,2021-04-30,2021-05-12,-0.0190946889464188,2021,2021-03-31,learned_vol_interaction,20260910,0.6941591991721776,0.6941591991721776,1,0
annual_state_offset_half,2494,2021-05-07,2021-05-17,0.0227674429764228,2021,2021-03-31,learned_vol_interaction,20260910,0.7158017585661451,0.7158017585661451,1,1
annual_state_offset_half,2499,2021-05-14,2021-05-24,0.0045940519733895,2021,2021-03-31,learned_vol_interaction,20260910,0.6694091341375065,0.6694091341375065,1,1
annual_state_offset_half,2504,2021-05-21,2021-05-31,0.0348855085126711,2021,2021-03-31,learned_vol_interaction,20260910,0.636918321286237,0.636918321286237,1,1
annual_state_offset_half,2509,2021-05-28,2021-06-07,-0.0062409741861724,2021,2021-03-31,learned_vol_interaction,20260910,0.5964746009268665,0.5964746009268665,1,0
annual_state_offset_half,2514,2021-06-04,2021-06-15,-0.0125508761771767,2021,2021-03-31,learned_vol_interaction,20260910,0.44617236191145254,0.44617236191145254,0,0
annual_state_offset_half,2519,2021-06-11,2021-06-21,-0.0250011497424577,2021,2021-03-31,learned_vol_interaction,20260910,0.2976695737938547,0.2976695737938547,0,0
annual_state_offset_half,2523,2021-06-18,2021-06-28,0.0325308711127356,2021,2021-03-31,learned_vol_interaction,20260910,0.2852455047514334,0.2852455047514334,0,1
annual_state_offset_half,2528,2021-06-25,2021-07-05,-0.0342297962734196,2021,2021-03-31,learned_vol_interaction,20260910,0.36967907658300214,0.36967907658300214,0,0
annual_state_offset,2473,2021-04-02,2021-04-12,-0.0292856811827044,2021,2021-03-31,learned_order_extension,20260910,0.5606987442866249,0.5606987442866249,1,0
annual_state_offset,2477,2021-04-09,2021-04-19,-0.0120489836840408,2021,2021-03-31,learned_order_extension,20260910,0.7182274336525071,0.7182274336525071,1,0
annual_state_offset,2482,2021-04-16,2021-04-26,0.0382932540809155,2021,2021-03-31,learned_order_extension,20260910,0.6304814445875302,0.6304814445875302,1,1
annual_state_offset,2487,2021-04-23,2021-05-06,-0.0112070185917437,2021,2021-03-31,learned_order_extension,20260910,0.7209122130262224,0.7209122130262224,1,0
annual_state_offset,2492,2021-04-30,2021-05-12,-0.0190946889464188,2021,2021-03-31,learned_order_extension,20260910,0.7079591515466482,0.7079591515466482,1,0
annual_state_offset,2494,2021-05-07,2021-05-17,0.0227674429764228,2021,2021-03-31,learned_order_extension,20260910,0.7249150404118895,0.7249150404118895,1,1
annual_state_offset,2499,2021-05-14,2021-05-24,0.0045940519733895,2021,2021-03-31,learned_order_extension,20260910,0.6698431717025706,0.6698431717025706,1,1
annual_state_offset,2504,2021-05-21,2021-05-31,0.0348855085126711,2021,2021-03-31,learned_order_extension,20260910,0.637226950963881,0.637226950963881,1,1
annual_state_offset,2509,2021-05-28,2021-06-07,-0.0062409741861724,2021,2021-03-31,learned_order_extension,20260910,0.5886282988716269,0.5886282988716269,1,0
annual_state_offset,2514,2021-06-04,2021-06-15,-0.0125508761771767,2021,2021-03-31,learned_order_extension,20260910,0.4075211646714584,0.4075211646714584,0,0
annual_state_offset,2519,2021-06-11,2021-06-21,-0.0250011497424577,2021,2021-03-31,learned_order_extension,20260910,0.2698925230706461,0.2698925230706461,0,0
annual_state_offset,2523,2021-06-18,2021-06-28,0.0325308711127356,2021,2021-03-31,learned_order_extension,20260910,0.2635709565277681,0.2635709565277681,0,1
annual_state_offset,2528,2021-06-25,2021-07-05,-0.0342297962734196,2021,2021-03-31,learned_order_extension,20260910,0.3555705506909634,0.3555705506909634,0,0
annual_shared_offset,2473,2021-04-02,2021-04-12,-0.0292856811827044,2021,2021-03-31,learned_order_extension,20260910,0.5606987442866249,0.5606987442866249,1,0
annual_shared_offset,2477,2021-04-09,2021-04-19,-0.0120489836840408,2021,2021-03-31,learned_order_extension,20260910,0.7182274336525071,0.7182274336525071,1,0
annual_shared_offset,2482,2021-04-16,2021-04-26,0.0382932540809155,2021,2021-03-31,learned_order_extension,20260910,0.6304814445875302,0.6304814445875302,1,1
annual_shared_offset,2487,2021-04-23,2021-05-06,-0.0112070185917437,2021,2021-03-31,learned_order_extension,20260910,0.7209122130262224,0.7209122130262224,1,0
annual_shared_offset,2492,2021-04-30,2021-05-12,-0.0190946889464188,2021,2021-03-31,learned_order_extension,20260910,0.7079591515466482,0.7079591515466482,1,0
annual_shared_offset,2494,2021-05-07,2021-05-17,0.0227674429764228,2021,2021-03-31,learned_order_extension,20260910,0.7249150404118895,0.7249150404118895,1,1
annual_shared_offset,2499,2021-05-14,2021-05-24,0.0045940519733895,2021,2021-03-31,learned_order_extension,20260910,0.6698431717025706,0.6698431717025706,1,1
annual_shared_offset,2504,2021-05-21,2021-05-31,0.0348855085126711,2021,2021-03-31,learned_order_extension,20260910,0.637226950963881,0.637226950963881,1,1
annual_shared_offset,2509,2021-05-28,2021-06-07,-0.0062409741861724,2021,2021-03-31,learned_order_extension,20260910,0.5886282988716269,0.5886282988716269,1,0
annual_shared_offset,2514,2021-06-04,2021-06-15,-0.0125508761771767,2021,2021-03-31,learned_order_extension,20260910,0.4075211646714584,0.4075211646714584,0,0
annual_shared_offset,2519,2021-06-11,2021-06-21,-0.0250011497424577,2021,2021-03-31,learned_order_extension,20260910,0.2698925230706461,0.2698925230706461,0,0
annual_shared_offset,2523,2021-06-18,2021-06-28,0.0325308711127356,2021,2021-03-31,learned_order_extension,20260910,0.2635709565277681,0.2635709565277681,0,1
annual_shared_offset,2528,2021-06-25,2021-07-05,-0.0342297962734196,2021,2021-03-31,learned_order_extension,20260910,0.3555705506909634,0.3555705506909634,0,0
annual_state_offset_half,2473,2021-04-02,2021-04-12,-0.0292856811827044,2021,2021-03-31,learned_order_extension,20260910,0.5606987442866249,0.5606987442866249,1,0
annual_state_offset_half,2477,2021-04-09,2021-04-19,-0.0120489836840408,2021,2021-03-31,learned_order_extension,20260910,0.7182274336525071,0.7182274336525071,1,0
annual_state_offset_half,2482,2021-04-16,2021-04-26,0.0382932540809155,2021,2021-03-31,learned_order_extension,20260910,0.6304814445875302,0.6304814445875302,1,1
annual_state_offset_half,2487,2021-04-23,2021-05-06,-0.0112070185917437,2021,2021-03-31,learned_order_extension,20260910,0.7209122130262224,0.7209122130262224,1,0
annual_state_offset_half,2492,2021-04-30,2021-05-12,-0.0190946889464188,2021,2021-03-31,learned_order_extension,20260910,0.7079591515466482,0.7079591515466482,1,0
annual_state_offset_half,2494,2021-05-07,2021-05-17,0.0227674429764228,2021,2021-03-31,learned_order_extension,20260910,0.7249150404118895,0.7249150404118895,1,1
annual_state_offset_half,2499,2021-05-14,2021-05-24,0.0045940519733895,2021,2021-03-31,learned_order_extension,20260910,0.6698431717025706,0.6698431717025706,1,1
annual_state_offset_half,2504,2021-05-21,2021-05-31,0.0348855085126711,2021,2021-03-31,learned_order_extension,20260910,0.637226950963881,0.637226950963881,1,1
annual_state_offset_half,2509,2021-05-28,2021-06-07,-0.0062409741861724,2021,2021-03-31,learned_order_extension,20260910,0.5886282988716269,0.5886282988716269,1,0
annual_state_offset_half,2514,2021-06-04,2021-06-15,-0.0125508761771767,2021,2021-03-31,learned_order_extension,20260910,0.43213330418473517,0.43213330418473517,0,0
annual_state_offset_half,2519,2021-06-11,2021-06-21,-0.0250011497424577,2021,2021-03-31,learned_order_extension,20260910,0.2698925230706461,0.2698925230706461,0,0
annual_state_offset_half,2523,2021-06-18,2021-06-28,0.0325308711127356,2021,2021-03-31,learned_order_extension,20260910,0.2635709565277681,0.2635709565277681,0,1
annual_state_offset_half,2528,2021-06-25,2021-07-05,-0.0342297962734196,2021,2021-03-31,learned_order_extension,20260910,0.3555705506909634,0.3555705506909634,0,0
annual_state_offset,2473,2021-04-02,2021-04-12,-0.0292856811827044,2021,2021-03-31,learned_order_offset,20260910,0.5601705309594638,0.5601705309594638,1,0
annual_state_offset,2477,2021-04-09,2021-04-19,-0.0120489836840408,2021,2021-03-31,learned_order_offset,20260910,0.7179682807976931,0.7179682807976931,1,0
annual_state_offset,2482,2021-04-16,2021-04-26,0.0382932540809155,2021,2021-03-31,learned_order_offset,20260910,0.6306810809758883,0.6306810809758883,1,1
annual_state_offset,2487,2021-04-23,2021-05-06,-0.0112070185917437,2021,2021-03-31,learned_order_offset,20260910,0.7206078147510746,0.7206078147510746,1,0
annual_state_offset,2492,2021-04-30,2021-05-12,-0.0190946889464188,2021,2021-03-31,learned_order_offset,20260910,0.7081889914509276,0.7081889914509276,1,0
annual_state_offset,2494,2021-05-07,2021-05-17,0.0227674429764228,2021,2021-03-31,learned_order_offset,20260910,0.7251521525843039,0.7251521525843039,1,1
annual_state_offset,2499,2021-05-14,2021-05-24,0.0045940519733895,2021,2021-03-31,learned_order_offset,20260910,0.6694154575019221,0.6694154575019221,1,1
annual_state_offset,2504,2021-05-21,2021-05-31,0.0348855085126711,2021,2021-03-31,learned_order_offset,20260910,0.6371708245860618,0.6371708245860618,1,1
annual_state_offset,2509,2021-05-28,2021-06-07,-0.0062409741861724,2021,2021-03-31,learned_order_offset,20260910,0.5888200734182478,0.5888200734182478,1,0
annual_state_offset,2514,2021-06-04,2021-06-15,-0.0125508761771767,2021,2021-03-31,learned_order_offset,20260910,0.40776697605100076,0.40776697605100076,0,0
annual_state_offset,2519,2021-06-11,2021-06-21,-0.0250011497424577,2021,2021-03-31,learned_order_offset,20260910,0.2701660447902878,0.2701660447902878,0,0
annual_state_offset,2523,2021-06-18,2021-06-28,0.0325308711127356,2021,2021-03-31,learned_order_offset,20260910,0.2637900504073793,0.2637900504073793,0,1
annual_state_offset,2528,2021-06-25,2021-07-05,-0.0342297962734196,2021,2021-03-31,learned_order_offset,20260910,0.3559086153667759,0.3559086153667759,0,0
annual_shared_offset,2473,2021-04-02,2021-04-12,-0.0292856811827044,2021,2021-03-31,learned_order_offset,20260910,0.5601705309594638,0.5601705309594638,1,0
annual_shared_offset,2477,2021-04-09,2021-04-19,-0.0120489836840408,2021,2021-03-31,learned_order_offset,20260910,0.7179682807976931,0.7179682807976931,1,0
annual_shared_offset,2482,2021-04-16,2021-04-26,0.0382932540809155,2021,2021-03-31,learned_order_offset,20260910,0.6306810809758883,0.6306810809758883,1,1
annual_shared_offset,2487,2021-04-23,2021-05-06,-0.0112070185917437,2021,2021-03-31,learned_order_offset,20260910,0.7206078147510746,0.7206078147510746,1,0
annual_shared_offset,2492,2021-04-30,2021-05-12,-0.0190946889464188,2021,2021-03-31,learned_order_offset,20260910,0.7081889914509276,0.7081889914509276,1,0
annual_shared_offset,2494,2021-05-07,2021-05-17,0.0227674429764228,2021,2021-03-31,learned_order_offset,20260910,0.7251521525843039,0.7251521525843039,1,1
annual_shared_offset,2499,2021-05-14,2021-05-24,0.0045940519733895,2021,2021-03-31,learned_order_offset,20260910,0.6694154575019221,0.6694154575019221,1,1
annual_shared_offset,2504,2021-05-21,2021-05-31,0.0348855085126711,2021,2021-03-31,learned_order_offset,20260910,0.6371708245860618,0.6371708245860618,1,1
annual_shared_offset,2509,2021-05-28,2021-06-07,-0.0062409741861724,2021,2021-03-31,learned_order_offset,20260910,0.5888200734182478,0.5888200734182478,1,0
annual_shared_offset,2514,2021-06-04,2021-06-15,-0.0125508761771767,2021,2021-03-31,learned_order_offset,20260910,0.40776697605100076,0.40776697605100076,0,0
annual_shared_offset,2519,2021-06-11,2021-06-21,-0.0250011497424577,2021,2021-03-31,learned_order_offset,20260910,0.2701660447902878,0.2701660447902878,0,0
annual_shared_offset,2523,2021-06-18,2021-06-28,0.0325308711127356,2021,2021-03-31,learned_order_offset,20260910,0.2637900504073793,0.2637900504073793,0,1
annual_shared_offset,2528,2021-06-25,2021-07-05,-0.0342297962734196,2021,2021-03-31,learned_order_offset,20260910,0.3559086153667759,0.3559086153667759,0,0
annual_state_offset_half,2473,2021-04-02,2021-04-12,-0.0292856811827044,2021,2021-03-31,learned_order_offset,20260910,0.5601705309594638,0.5601705309594638,1,0
annual_state_offset_half,2477,2021-04-09,2021-04-19,-0.0120489836840408,2021,2021-03-31,learned_order_offset,20260910,0.7179682807976931,0.7179682807976931,1,0
annual_state_offset_half,2482,2021-04-16,2021-04-26,0.0382932540809155,2021,2021-03-31,learned_order_offset,20260910,0.6306810809758883,0.6306810809758883,1,1
annual_state_offset_half,2487,2021-04-23,2021-05-06,-0.0112070185917437,2021,2021-03-31,learned_order_offset,20260910,0.7206078147510746,0.7206078147510746,1,0
annual_state_offset_half,2492,2021-04-30,2021-05-12,-0.0190946889464188,2021,2021-03-31,learned_order_offset,20260910,0.7081889914509276,0.7081889914509276,1,0
annual_state_offset_half,2494,2021-05-07,2021-05-17,0.0227674429764228,2021,2021-03-31,learned_order_offset,20260910,0.7251521525843039,0.7251521525843039,1,1
annual_state_offset_half,2499,2021-05-14,2021-05-24,0.0045940519733895,2021,2021-03-31,learned_order_offset,20260910,0.6694154575019221,0.6694154575019221,1,1
annual_state_offset_half,2504,2021-05-21,2021-05-31,0.0348855085126711,2021,2021-03-31,learned_order_offset,20260910,0.6371708245860618,0.6371708245860618,1,1
annual_state_offset_half,2509,2021-05-28,2021-06-07,-0.0062409741861724,2021,2021-03-31,learned_order_offset,20260910,0.5888200734182478,0.5888200734182478,1,0
annual_state_offset_half,2514,2021-06-04,2021-06-15,-0.0125508761771767,2021,2021-03-31,learned_order_offset,20260910,0.4324249830042455,0.4324249830042455,0,0
annual_state_offset_half,2519,2021-06-11,2021-06-21,-0.0250011497424577,2021,2021-03-31,learned_order_offset,20260910,0.2701660447902878,0.2701660447902878,0,0
annual_state_offset_half,2523,2021-06-18,2021-06-28,0.0325308711127356,2021,2021-03-31,learned_order_offset,20260910,0.2637900504073793,0.2637900504073793,0,1
annual_state_offset_half,2528,2021-06-25,2021-07-05,-0.0342297962734196,2021,2021-03-31,learned_order_offset,20260910,0.3559086153667759,0.3559086153667759,0,0
annual_state_offset,2473,2021-04-02,2021-04-12,-0.0292856811827044,2021,2021-03-31,learned_market,20260911,0.6284072500994273,0.6284072500994273,1,0
annual_state_offset,2477,2021-04-09,2021-04-19,-0.0120489836840408,2021,2021-03-31,learned_market,20260911,0.5279187640170273,0.5279187640170273,1,0
annual_state_offset,2482,2021-04-16,2021-04-26,0.0382932540809155,2021,2021-03-31,learned_market,20260911,0.4865076820291842,0.4865076820291842,0,1
annual_state_offset,2487,2021-04-23,2021-05-06,-0.0112070185917437,2021,2021-03-31,learned_market,20260911,0.5300805747669529,0.5300805747669529,1,0
annual_state_offset,2492,2021-04-30,2021-05-12,-0.0190946889464188,2021,2021-03-31,learned_market,20260911,0.6951452745996383,0.6951452745996383,1,0
annual_state_offset,2494,2021-05-07,2021-05-17,0.0227674429764228,2021,2021-03-31,learned_market,20260911,0.7605988126578928,0.7605988126578928,1,1
annual_state_offset,2499,2021-05-14,2021-05-24,0.0045940519733895,2021,2021-03-31,learned_market,20260911,0.431899455562366,0.431899455562366,0,1
annual_state_offset,2504,2021-05-21,2021-05-31,0.0348855085126711,2021,2021-03-31,learned_market,20260911,0.6176291390559848,0.6176291390559848,1,1
annual_state_offset,2509,2021-05-28,2021-06-07,-0.0062409741861724,2021,2021-03-31,learned_market,20260911,0.5529696066128726,0.5529696066128726,1,0
annual_state_offset,2514,2021-06-04,2021-06-15,-0.0125508761771767,2021,2021-03-31,learned_market,20260911,0.38786984740637875,0.38786984740637875,0,0
annual_state_offset,2519,2021-06-11,2021-06-21,-0.0250011497424577,2021,2021-03-31,learned_market,20260911,0.23588261601608784,0.23588261601608784,0,0
annual_state_offset,2523,2021-06-18,2021-06-28,0.0325308711127356,2021,2021-03-31,learned_market,20260911,0.4400528193036787,0.4400528193036787,0,1
annual_state_offset,2528,2021-06-25,2021-07-05,-0.0342297962734196,2021,2021-03-31,learned_market,20260911,0.398327544114051,0.398327544114051,0,0
annual_shared_offset,2473,2021-04-02,2021-04-12,-0.0292856811827044,2021,2021-03-31,learned_market,20260911,0.6284072500994273,0.6284072500994273,1,0
annual_shared_offset,2477,2021-04-09,2021-04-19,-0.0120489836840408,2021,2021-03-31,learned_market,20260911,0.5279187640170273,0.5279187640170273,1,0
annual_shared_offset,2482,2021-04-16,2021-04-26,0.0382932540809155,2021,2021-03-31,learned_market,20260911,0.4865076820291842,0.4865076820291842,0,1
annual_shared_offset,2487,2021-04-23,2021-05-06,-0.0112070185917437,2021,2021-03-31,learned_market,20260911,0.5300805747669529,0.5300805747669529,1,0
annual_shared_offset,2492,2021-04-30,2021-05-12,-0.0190946889464188,2021,2021-03-31,learned_market,20260911,0.6951452745996383,0.6951452745996383,1,0
annual_shared_offset,2494,2021-05-07,2021-05-17,0.0227674429764228,2021,2021-03-31,learned_market,20260911,0.7605988126578928,0.7605988126578928,1,1
annual_shared_offset,2499,2021-05-14,2021-05-24,0.0045940519733895,2021,2021-03-31,learned_market,20260911,0.431899455562366,0.431899455562366,0,1
annual_shared_offset,2504,2021-05-21,2021-05-31,0.0348855085126711,2021,2021-03-31,learned_market,20260911,0.6176291390559848,0.6176291390559848,1,1
annual_shared_offset,2509,2021-05-28,2021-06-07,-0.0062409741861724,2021,2021-03-31,learned_market,20260911,0.5529696066128726,0.5529696066128726,1,0
annual_shared_offset,2514,2021-06-04,2021-06-15,-0.0125508761771767,2021,2021-03-31,learned_market,20260911,0.38786984740637875,0.38786984740637875,0,0
annual_shared_offset,2519,2021-06-11,2021-06-21,-0.0250011497424577,2021,2021-03-31,learned_market,20260911,0.23588261601608784,0.23588261601608784,0,0
annual_shared_offset,2523,2021-06-18,2021-06-28,0.0325308711127356,2021,2021-03-31,learned_market,20260911,0.4400528193036787,0.4400528193036787,0,1
annual_shared_offset,2528,2021-06-25,2021-07-05,-0.0342297962734196,2021,2021-03-31,learned_market,20260911,0.398327544114051,0.398327544114051,0,0
annual_state_offset_half,2473,2021-04-02,2021-04-12,-0.0292856811827044,2021,2021-03-31,learned_market,20260911,0.6284072500994273,0.6284072500994273,1,0
annual_state_offset_half,2477,2021-04-09,2021-04-19,-0.0120489836840408,2021,2021-03-31,learned_market,20260911,0.5279187640170273,0.5279187640170273,1,0
annual_state_offset_half,2482,2021-04-16,2021-04-26,0.0382932540809155,2021,2021-03-31,learned_market,20260911,0.4865076820291842,0.4865076820291842,0,1
annual_state_offset_half,2487,2021-04-23,2021-05-06,-0.0112070185917437,2021,2021-03-31,learned_market,20260911,0.5300805747669529,0.5300805747669529,1,0
annual_state_offset_half,2492,2021-04-30,2021-05-12,-0.0190946889464188,2021,2021-03-31,learned_market,20260911,0.6951452745996383,0.6951452745996383,1,0
annual_state_offset_half,2494,2021-05-07,2021-05-17,0.0227674429764228,2021,2021-03-31,learned_market,20260911,0.7605988126578928,0.7605988126578928,1,1
annual_state_offset_half,2499,2021-05-14,2021-05-24,0.0045940519733895,2021,2021-03-31,learned_market,20260911,0.431899455562366,0.431899455562366,0,1
annual_state_offset_half,2504,2021-05-21,2021-05-31,0.0348855085126711,2021,2021-03-31,learned_market,20260911,0.6176291390559848,0.6176291390559848,1,1
annual_state_offset_half,2509,2021-05-28,2021-06-07,-0.0062409741861724,2021,2021-03-31,learned_market,20260911,0.5529696066128726,0.5529696066128726,1,0
annual_state_offset_half,2514,2021-06-04,2021-06-15,-0.0125508761771767,2021,2021-03-31,learned_market,20260911,0.4088726263635495,0.4088726263635495,0,0
annual_state_offset_half,2519,2021-06-11,2021-06-21,-0.0250011497424577,2021,2021-03-31,learned_market,20260911,0.23588261601608784,0.23588261601608784,0,0
annual_state_offset_half,2523,2021-06-18,2021-06-28,0.0325308711127356,2021,2021-03-31,learned_market,20260911,0.4400528193036787,0.4400528193036787,0,1
annual_state_offset_half,2528,2021-06-25,2021-07-05,-0.0342297962734196,2021,2021-03-31,learned_market,20260911,0.398327544114051,0.398327544114051,0,0
annual_state_offset,2473,2021-04-02,2021-04-12,-0.0292856811827044,2021,2021-03-31,learned_vol_interaction,20260911,0.6505026926141996,0.6505026926141996,1,0
annual_state_offset,2477,2021-04-09,2021-04-19,-0.0120489836840408,2021,2021-03-31,learned_vol_interaction,20260911,0.5238037480083749,0.5238037480083749,1,0
annual_state_offset,2482,2021-04-16,2021-04-26,0.0382932540809155,2021,2021-03-31,learned_vol_interaction,20260911,0.4746098723057128,0.4746098723057128,0,1
annual_state_offset,2487,2021-04-23,2021-05-06,-0.0112070185917437,2021,2021-03-31,learned_vol_interaction,20260911,0.527013271372353,0.527013271372353,1,0
annual_state_offset,2492,2021-04-30,2021-05-12,-0.0190946889464188,2021,2021-03-31,learned_vol_interaction,20260911,0.6901244469023494,0.6901244469023494,1,0
annual_state_offset,2494,2021-05-07,2021-05-17,0.0227674429764228,2021,2021-03-31,learned_vol_interaction,20260911,0.754839297520103,0.754839297520103,1,1
annual_state_offset,2499,2021-05-14,2021-05-24,0.0045940519733895,2021,2021-03-31,learned_vol_interaction,20260911,0.43398865323186975,0.43398865323186975,0,1
annual_state_offset,2504,2021-05-21,2021-05-31,0.0348855085126711,2021,2021-03-31,learned_vol_interaction,20260911,0.6023590417130459,0.6023590417130459,1,1
annual_state_offset,2509,2021-05-28,2021-06-07,-0.0062409741861724,2021,2021-03-31,learned_vol_interaction,20260911,0.5524495113584302,0.5524495113584302,1,0
annual_state_offset,2514,2021-06-04,2021-06-15,-0.0125508761771767,2021,2021-03-31,learned_vol_interaction,20260911,0.3928529976326983,0.3928529976326983,0,0
annual_state_offset,2519,2021-06-11,2021-06-21,-0.0250011497424577,2021,2021-03-31,learned_vol_interaction,20260911,0.243541607825957,0.243541607825957,0,0
annual_state_offset,2523,2021-06-18,2021-06-28,0.0325308711127356,2021,2021-03-31,learned_vol_interaction,20260911,0.44439540821990653,0.44439540821990653,0,1
annual_state_offset,2528,2021-06-25,2021-07-05,-0.0342297962734196,2021,2021-03-31,learned_vol_interaction,20260911,0.4173214962232166,0.4173214962232166,0,0
annual_shared_offset,2473,2021-04-02,2021-04-12,-0.0292856811827044,2021,2021-03-31,learned_vol_interaction,20260911,0.6505026926141996,0.6505026926141996,1,0
annual_shared_offset,2477,2021-04-09,2021-04-19,-0.0120489836840408,2021,2021-03-31,learned_vol_interaction,20260911,0.5238037480083749,0.5238037480083749,1,0
annual_shared_offset,2482,2021-04-16,2021-04-26,0.0382932540809155,2021,2021-03-31,learned_vol_interaction,20260911,0.4746098723057128,0.4746098723057128,0,1
annual_shared_offset,2487,2021-04-23,2021-05-06,-0.0112070185917437,2021,2021-03-31,learned_vol_interaction,20260911,0.527013271372353,0.527013271372353,1,0
annual_shared_offset,2492,2021-04-30,2021-05-12,-0.0190946889464188,2021,2021-03-31,learned_vol_interaction,20260911,0.6901244469023494,0.6901244469023494,1,0
annual_shared_offset,2494,2021-05-07,2021-05-17,0.0227674429764228,2021,2021-03-31,learned_vol_interaction,20260911,0.754839297520103,0.754839297520103,1,1
annual_shared_offset,2499,2021-05-14,2021-05-24,0.0045940519733895,2021,2021-03-31,learned_vol_interaction,20260911,0.43398865323186975,0.43398865323186975,0,1
annual_shared_offset,2504,2021-05-21,2021-05-31,0.0348855085126711,2021,2021-03-31,learned_vol_interaction,20260911,0.6023590417130459,0.6023590417130459,1,1
annual_shared_offset,2509,2021-05-28,2021-06-07,-0.0062409741861724,2021,2021-03-31,learned_vol_interaction,20260911,0.5524495113584302,0.5524495113584302,1,0
annual_shared_offset,2514,2021-06-04,2021-06-15,-0.0125508761771767,2021,2021-03-31,learned_vol_interaction,20260911,0.3928529976326983,0.3928529976326983,0,0
annual_shared_offset,2519,2021-06-11,2021-06-21,-0.0250011497424577,2021,2021-03-31,learned_vol_interaction,20260911,0.243541607825957,0.243541607825957,0,0
annual_shared_offset,2523,2021-06-18,2021-06-28,0.0325308711127356,2021,2021-03-31,learned_vol_interaction,20260911,0.44439540821990653,0.44439540821990653,0,1
annual_shared_offset,2528,2021-06-25,2021-07-05,-0.0342297962734196,2021,2021-03-31,learned_vol_interaction,20260911,0.4173214962232166,0.4173214962232166,0,0
annual_state_offset_half,2473,2021-04-02,2021-04-12,-0.0292856811827044,2021,2021-03-31,learned_vol_interaction,20260911,0.6505026926141996,0.6505026926141996,1,0
annual_state_offset_half,2477,2021-04-09,2021-04-19,-0.0120489836840408,2021,2021-03-31,learned_vol_interaction,20260911,0.5238037480083749,0.5238037480083749,1,0
annual_state_offset_half,2482,2021-04-16,2021-04-26,0.0382932540809155,2021,2021-03-31,learned_vol_interaction,20260911,0.4746098723057128,0.4746098723057128,0,1
annual_state_offset_half,2487,2021-04-23,2021-05-06,-0.0112070185917437,2021,2021-03-31,learned_vol_interaction,20260911,0.527013271372353,0.527013271372353,1,0
annual_state_offset_half,2492,2021-04-30,2021-05-12,-0.0190946889464188,2021,2021-03-31,learned_vol_interaction,20260911,0.6901244469023494,0.6901244469023494,1,0
annual_state_offset_half,2494,2021-05-07,2021-05-17,0.0227674429764228,2021,2021-03-31,learned_vol_interaction,20260911,0.754839297520103,0.754839297520103,1,1
annual_state_offset_half,2499,2021-05-14,2021-05-24,0.0045940519733895,2021,2021-03-31,learned_vol_interaction,20260911,0.43398865323186975,0.43398865323186975,0,1
annual_state_offset_half,2504,2021-05-21,2021-05-31,0.0348855085126711,2021,2021-03-31,learned_vol_interaction,20260911,0.6023590417130459,0.6023590417130459,1,1
annual_state_offset_half,2509,2021-05-28,2021-06-07,-0.0062409741861724,2021,2021-03-31,learned_vol_interaction,20260911,0.5524495113584302,0.5524495113584302,1,0
annual_state_offset_half,2514,2021-06-04,2021-06-15,-0.0125508761771767,2021,2021-03-31,learned_vol_interaction,20260911,0.4132130125406471,0.4132130125406471,0,0
annual_state_offset_half,2519,2021-06-11,2021-06-21,-0.0250011497424577,2021,2021-03-31,learned_vol_interaction,20260911,0.243541607825957,0.243541607825957,0,0
annual_state_offset_half,2523,2021-06-18,2021-06-28,0.0325308711127356,2021,2021-03-31,learned_vol_interaction,20260911,0.44439540821990653,0.44439540821990653,0,1
annual_state_offset_half,2528,2021-06-25,2021-07-05,-0.0342297962734196,2021,2021-03-31,learned_vol_interaction,20260911,0.4173214962232166,0.4173214962232166,0,0
annual_state_offset,2473,2021-04-02,2021-04-12,-0.0292856811827044,2021,2021-03-31,learned_order_extension,20260911,0.6435569143740099,0.6435569143740099,1,0
annual_state_offset,2477,2021-04-09,2021-04-19,-0.0120489836840408,2021,2021-03-31,learned_order_extension,20260911,0.5172587608947022,0.5172587608947022,1,0
annual_state_offset,2482,2021-04-16,2021-04-26,0.0382932540809155,2021,2021-03-31,learned_order_extension,20260911,0.45050831794964574,0.45050831794964574,0,1
annual_state_offset,2487,2021-04-23,2021-05-06,-0.0112070185917437,2021,2021-03-31,learned_order_extension,20260911,0.50667980676185,0.50667980676185,1,0
annual_state_offset,2492,2021-04-30,2021-05-12,-0.0190946889464188,2021,2021-03-31,learned_order_extension,20260911,0.7098069326540961,0.7098069326540961,1,0
annual_state_offset,2494,2021-05-07,2021-05-17,0.0227674429764228,2021,2021-03-31,learned_order_extension,20260911,0.7808980561683019,0.7808980561683019,1,1
annual_state_offset,2499,2021-05-14,2021-05-24,0.0045940519733895,2021,2021-03-31,learned_order_extension,20260911,0.39413011936164705,0.39413011936164705,0,1
annual_state_offset,2504,2021-05-21,2021-05-31,0.0348855085126711,2021,2021-03-31,learned_order_extension,20260911,0.6034561668947356,0.6034561668947356,1,1
annual_state_offset,2509,2021-05-28,2021-06-07,-0.0062409741861724,2021,2021-03-31,learned_order_extension,20260911,0.5608652950070303,0.5608652950070303,1,0
annual_state_offset,2514,2021-06-04,2021-06-15,-0.0125508761771767,2021,2021-03-31,learned_order_extension,20260911,0.37633404959792266,0.37633404959792266,0,0
annual_state_offset,2519,2021-06-11,2021-06-21,-0.0250011497424577,2021,2021-03-31,learned_order_extension,20260911,0.1949333176792701,0.1949333176792701,0,0
annual_state_offset,2523,2021-06-18,2021-06-28,0.0325308711127356,2021,2021-03-31,learned_order_extension,20260911,0.4247939305836327,0.4247939305836327,0,1
annual_state_offset,2528,2021-06-25,2021-07-05,-0.0342297962734196,2021,2021-03-31,learned_order_extension,20260911,0.40325405625265054,0.40325405625265054,0,0
annual_shared_offset,2473,2021-04-02,2021-04-12,-0.0292856811827044,2021,2021-03-31,learned_order_extension,20260911,0.6435569143740099,0.6435569143740099,1,0
annual_shared_offset,2477,2021-04-09,2021-04-19,-0.0120489836840408,2021,2021-03-31,learned_order_extension,20260911,0.5172587608947022,0.5172587608947022,1,0
annual_shared_offset,2482,2021-04-16,2021-04-26,0.0382932540809155,2021,2021-03-31,learned_order_extension,20260911,0.45050831794964574,0.45050831794964574,0,1
annual_shared_offset,2487,2021-04-23,2021-05-06,-0.0112070185917437,2021,2021-03-31,learned_order_extension,20260911,0.50667980676185,0.50667980676185,1,0
annual_shared_offset,2492,2021-04-30,2021-05-12,-0.0190946889464188,2021,2021-03-31,learned_order_extension,20260911,0.7098069326540961,0.7098069326540961,1,0
annual_shared_offset,2494,2021-05-07,2021-05-17,0.0227674429764228,2021,2021-03-31,learned_order_extension,20260911,0.7808980561683019,0.7808980561683019,1,1
annual_shared_offset,2499,2021-05-14,2021-05-24,0.0045940519733895,2021,2021-03-31,learned_order_extension,20260911,0.39413011936164705,0.39413011936164705,0,1
annual_shared_offset,2504,2021-05-21,2021-05-31,0.0348855085126711,2021,2021-03-31,learned_order_extension,20260911,0.6034561668947356,0.6034561668947356,1,1
annual_shared_offset,2509,2021-05-28,2021-06-07,-0.0062409741861724,2021,2021-03-31,learned_order_extension,20260911,0.5608652950070303,0.5608652950070303,1,0
annual_shared_offset,2514,2021-06-04,2021-06-15,-0.0125508761771767,2021,2021-03-31,learned_order_extension,20260911,0.37633404959792266,0.37633404959792266,0,0
annual_shared_offset,2519,2021-06-11,2021-06-21,-0.0250011497424577,2021,2021-03-31,learned_order_extension,20260911,0.1949333176792701,0.1949333176792701,0,0
annual_shared_offset,2523,2021-06-18,2021-06-28,0.0325308711127356,2021,2021-03-31,learned_order_extension,20260911,0.4247939305836327,0.4247939305836327,0,1
annual_shared_offset,2528,2021-06-25,2021-07-05,-0.0342297962734196,2021,2021-03-31,learned_order_extension,20260911,0.40325405625265054,0.40325405625265054,0,0
annual_state_offset_half,2473,2021-04-02,2021-04-12,-0.0292856811827044,2021,2021-03-31,learned_order_extension,20260911,0.6435569143740099,0.6435569143740099,1,0
annual_state_offset_half,2477,2021-04-09,2021-04-19,-0.0120489836840408,2021,2021-03-31,learned_order_extension,20260911,0.5172587608947022,0.5172587608947022,1,0
annual_state_offset_half,2482,2021-04-16,2021-04-26,0.0382932540809155,2021,2021-03-31,learned_order_extension,20260911,0.45050831794964574,0.45050831794964574,0,1
annual_state_offset_half,2487,2021-04-23,2021-05-06,-0.0112070185917437,2021,2021-03-31,learned_order_extension,20260911,0.50667980676185,0.50667980676185,1,0
annual_state_offset_half,2492,2021-04-30,2021-05-12,-0.0190946889464188,2021,2021-03-31,learned_order_extension,20260911,0.7098069326540961,0.7098069326540961,1,0
annual_state_offset_half,2494,2021-05-07,2021-05-17,0.0227674429764228,2021,2021-03-31,learned_order_extension,20260911,0.7808980561683019,0.7808980561683019,1,1
annual_state_offset_half,2499,2021-05-14,2021-05-24,0.0045940519733895,2021,2021-03-31,learned_order_extension,20260911,0.39413011936164705,0.39413011936164705,0,1
annual_state_offset_half,2504,2021-05-21,2021-05-31,0.0348855085126711,2021,2021-03-31,learned_order_extension,20260911,0.6034561668947356,0.6034561668947356,1,1
annual_state_offset_half,2509,2021-05-28,2021-06-07,-0.0062409741861724,2021,2021-03-31,learned_order_extension,20260911,0.5608652950070303,0.5608652950070303,1,0
annual_state_offset_half,2514,2021-06-04,2021-06-15,-0.0125508761771767,2021,2021-03-31,learned_order_extension,20260911,0.3962005271486836,0.3962005271486836,0,0
annual_state_offset_half,2519,2021-06-11,2021-06-21,-0.0250011497424577,2021,2021-03-31,learned_order_extension,20260911,0.1949333176792701,0.1949333176792701,0,0
annual_state_offset_half,2523,2021-06-18,2021-06-28,0.0325308711127356,2021,2021-03-31,learned_order_extension,20260911,0.4247939305836327,0.4247939305836327,0,1
annual_state_offset_half,2528,2021-06-25,2021-07-05,-0.0342297962734196,2021,2021-03-31,learned_order_extension,20260911,0.40325405625265054,0.40325405625265054,0,0
annual_state_offset,2473,2021-04-02,2021-04-12,-0.0292856811827044,2021,2021-03-31,learned_order_offset,20260911,0.6426571671723265,0.6426571671723265,1,0
annual_state_offset,2477,2021-04-09,2021-04-19,-0.0120489836840408,2021,2021-03-31,learned_order_offset,20260911,0.5170676205088839,0.5170676205088839,1,0
annual_state_offset,2482,2021-04-16,2021-04-26,0.0382932540809155,2021,2021-03-31,learned_order_offset,20260911,0.45037422792655746,0.45037422792655746,0,1
annual_state_offset,2487,2021-04-23,2021-05-06,-0.0112070185917437,2021,2021-03-31,learned_order_offset,20260911,0.5047827959577951,0.5047827959577951,1,0
annual_state_offset,2492,2021-04-30,2021-05-12,-0.0190946889464188,2021,2021-03-31,learned_order_offset,20260911,0.7084828106212467,0.7084828106212467,1,0
annual_state_offset,2494,2021-05-07,2021-05-17,0.0227674429764228,2021,2021-03-31,learned_order_offset,20260911,0.7798146116297984,0.7798146116297984,1,1
annual_state_offset,2499,2021-05-14,2021-05-24,0.0045940519733895,2021,2021-03-31,learned_order_offset,20260911,0.39380849753299824,0.39380849753299824,0,1
annual_state_offset,2504,2021-05-21,2021-05-31,0.0348855085126711,2021,2021-03-31,learned_order_offset,20260911,0.6027515999296177,0.6027515999296177,1,1
annual_state_offset,2509,2021-05-28,2021-06-07,-0.0062409741861724,2021,2021-03-31,learned_order_offset,20260911,0.5597480832986254,0.5597480832986254,1,0
annual_state_offset,2514,2021-06-04,2021-06-15,-0.0125508761771767,2021,2021-03-31,learned_order_offset,20260911,0.377494607905394,0.377494607905394,0,0
annual_state_offset,2519,2021-06-11,2021-06-21,-0.0250011497424577,2021,2021-03-31,learned_order_offset,20260911,0.1959833797723796,0.1959833797723796,0,0
annual_state_offset,2523,2021-06-18,2021-06-28,0.0325308711127356,2021,2021-03-31,learned_order_offset,20260911,0.42516594768657723,0.42516594768657723,0,1
annual_state_offset,2528,2021-06-25,2021-07-05,-0.0342297962734196,2021,2021-03-31,learned_order_offset,20260911,0.40512520197902574,0.40512520197902574,0,0
annual_shared_offset,2473,2021-04-02,2021-04-12,-0.0292856811827044,2021,2021-03-31,learned_order_offset,20260911,0.6426571671723265,0.6426571671723265,1,0
annual_shared_offset,2477,2021-04-09,2021-04-19,-0.0120489836840408,2021,2021-03-31,learned_order_offset,20260911,0.5170676205088839,0.5170676205088839,1,0
annual_shared_offset,2482,2021-04-16,2021-04-26,0.0382932540809155,2021,2021-03-31,learned_order_offset,20260911,0.45037422792655746,0.45037422792655746,0,1
annual_shared_offset,2487,2021-04-23,2021-05-06,-0.0112070185917437,2021,2021-03-31,learned_order_offset,20260911,0.5047827959577951,0.5047827959577951,1,0
annual_shared_offset,2492,2021-04-30,2021-05-12,-0.0190946889464188,2021,2021-03-31,learned_order_offset,20260911,0.7084828106212467,0.7084828106212467,1,0
annual_shared_offset,2494,2021-05-07,2021-05-17,0.0227674429764228,2021,2021-03-31,learned_order_offset,20260911,0.7798146116297984,0.7798146116297984,1,1
annual_shared_offset,2499,2021-05-14,2021-05-24,0.0045940519733895,2021,2021-03-31,learned_order_offset,20260911,0.39380849753299824,0.39380849753299824,0,1
annual_shared_offset,2504,2021-05-21,2021-05-31,0.0348855085126711,2021,2021-03-31,learned_order_offset,20260911,0.6027515999296177,0.6027515999296177,1,1
annual_shared_offset,2509,2021-05-28,2021-06-07,-0.0062409741861724,2021,2021-03-31,learned_order_offset,20260911,0.5597480832986254,0.5597480832986254,1,0
annual_shared_offset,2514,2021-06-04,2021-06-15,-0.0125508761771767,2021,2021-03-31,learned_order_offset,20260911,0.377494607905394,0.377494607905394,0,0
annual_shared_offset,2519,2021-06-11,2021-06-21,-0.0250011497424577,2021,2021-03-31,learned_order_offset,20260911,0.1959833797723796,0.1959833797723796,0,0
annual_shared_offset,2523,2021-06-18,2021-06-28,0.0325308711127356,2021,2021-03-31,learned_order_offset,20260911,0.42516594768657723,0.42516594768657723,0,1
annual_shared_offset,2528,2021-06-25,2021-07-05,-0.0342297962734196,2021,2021-03-31,learned_order_offset,20260911,0.40512520197902574,0.40512520197902574,0,0
annual_state_offset_half,2473,2021-04-02,2021-04-12,-0.0292856811827044,2021,2021-03-31,learned_order_offset,20260911,0.6426571671723265,0.6426571671723265,1,0
annual_state_offset_half,2477,2021-04-09,2021-04-19,-0.0120489836840408,2021,2021-03-31,learned_order_offset,20260911,0.5170676205088839,0.5170676205088839,1,0
annual_state_offset_half,2482,2021-04-16,2021-04-26,0.0382932540809155,2021,2021-03-31,learned_order_offset,20260911,0.45037422792655746,0.45037422792655746,0,1
annual_state_offset_half,2487,2021-04-23,2021-05-06,-0.0112070185917437,2021,2021-03-31,learned_order_offset,20260911,0.5047827959577951,0.5047827959577951,1,0
annual_state_offset_half,2492,2021-04-30,2021-05-12,-0.0190946889464188,2021,2021-03-31,learned_order_offset,20260911,0.7084828106212467,0.7084828106212467,1,0
annual_state_offset_half,2494,2021-05-07,2021-05-17,0.0227674429764228,2021,2021-03-31,learned_order_offset,20260911,0.7798146116297984,0.7798146116297984,1,1
annual_state_offset_half,2499,2021-05-14,2021-05-24,0.0045940519733895,2021,2021-03-31,learned_order_offset,20260911,0.39380849753299824,0.39380849753299824,0,1
annual_state_offset_half,2504,2021-05-21,2021-05-31,0.0348855085126711,2021,2021-03-31,learned_order_offset,20260911,0.6027515999296177,0.6027515999296177,1,1
annual_state_offset_half,2509,2021-05-28,2021-06-07,-0.0062409741861724,2021,2021-03-31,learned_order_offset,20260911,0.5597480832986254,0.5597480832986254,1,0
annual_state_offset_half,2514,2021-06-04,2021-06-15,-0.0125508761771767,2021,2021-03-31,learned_order_offset,20260911,0.3972721967582705,0.3972721967582705,0,0
annual_state_offset_half,2519,2021-06-11,2021-06-21,-0.0250011497424577,2021,2021-03-31,learned_order_offset,20260911,0.1959833797723796,0.1959833797723796,0,0
annual_state_offset_half,2523,2021-06-18,2021-06-28,0.0325308711127356,2021,2021-03-31,learned_order_offset,20260911,0.42516594768657723,0.42516594768657723,0,1
annual_state_offset_half,2528,2021-06-25,2021-07-05,-0.0342297962734196,2021,2021-03-31,learned_order_offset,20260911,0.40512520197902574,0.40512520197902574,0,0
annual_state_offset,2473,2021-04-02,2021-04-12,-0.0292856811827044,2021,2021-03-31,learned_market,20260912,0.56297665502886,0.56297665502886,1,0
annual_state_offset,2477,2021-04-09,2021-04-19,-0.0120489836840408,2021,2021-03-31,learned_market,20260912,0.6833728945724409,0.6833728945724409,1,0
annual_state_offset,2482,2021-04-16,2021-04-26,0.0382932540809155,2021,2021-03-31,learned_market,20260912,0.6069844199651692,0.6069844199651692,1,1
annual_state_offset,2487,2021-04-23,2021-05-06,-0.0112070185917437,2021,2021-03-31,learned_market,20260912,0.6957153692040717,0.6957153692040717,1,0
annual_state_offset,2492,2021-04-30,2021-05-12,-0.0190946889464188,2021,2021-03-31,learned_market,20260912,0.49572812581073494,0.49572812581073494,0,0
annual_state_offset,2494,2021-05-07,2021-05-17,0.0227674429764228,2021,2021-03-31,learned_market,20260912,0.5923668300862341,0.5923668300862341,1,1
annual_state_offset,2499,2021-05-14,2021-05-24,0.0045940519733895,2021,2021-03-31,learned_market,20260912,0.5283594579480488,0.5283594579480488,1,1
annual_state_offset,2504,2021-05-21,2021-05-31,0.0348855085126711,2021,2021-03-31,learned_market,20260912,0.6202700684440092,0.6202700684440092,1,1
annual_state_offset,2509,2021-05-28,2021-06-07,-0.0062409741861724,2021,2021-03-31,learned_market,20260912,0.5014076959249572,0.5014076959249572,1,0
annual_state_offset,2514,2021-06-04,2021-06-15,-0.0125508761771767,2021,2021-03-31,learned_market,20260912,0.2870522166018626,0.2870522166018626,0,0
annual_state_offset,2519,2021-06-11,2021-06-21,-0.0250011497424577,2021,2021-03-31,learned_market,20260912,0.4358470115181578,0.4358470115181578,0,0
annual_state_offset,2523,2021-06-18,2021-06-28,0.0325308711127356,2021,2021-03-31,learned_market,20260912,0.39660974147357,0.39660974147357,0,1
annual_state_offset,2528,2021-06-25,2021-07-05,-0.0342297962734196,2021,2021-03-31,learned_market,20260912,0.2996275446219084,0.2996275446219084,0,0
annual_shared_offset,2473,2021-04-02,2021-04-12,-0.0292856811827044,2021,2021-03-31,learned_market,20260912,0.56297665502886,0.56297665502886,1,0
annual_shared_offset,2477,2021-04-09,2021-04-19,-0.0120489836840408,2021,2021-03-31,learned_market,20260912,0.6833728945724409,0.6833728945724409,1,0
annual_shared_offset,2482,2021-04-16,2021-04-26,0.0382932540809155,2021,2021-03-31,learned_market,20260912,0.6069844199651692,0.6069844199651692,1,1
annual_shared_offset,2487,2021-04-23,2021-05-06,-0.0112070185917437,2021,2021-03-31,learned_market,20260912,0.6957153692040717,0.6957153692040717,1,0
annual_shared_offset,2492,2021-04-30,2021-05-12,-0.0190946889464188,2021,2021-03-31,learned_market,20260912,0.49572812581073494,0.49572812581073494,0,0
annual_shared_offset,2494,2021-05-07,2021-05-17,0.0227674429764228,2021,2021-03-31,learned_market,20260912,0.5923668300862341,0.5923668300862341,1,1
annual_shared_offset,2499,2021-05-14,2021-05-24,0.0045940519733895,2021,2021-03-31,learned_market,20260912,0.5283594579480488,0.5283594579480488,1,1
annual_shared_offset,2504,2021-05-21,2021-05-31,0.0348855085126711,2021,2021-03-31,learned_market,20260912,0.6202700684440092,0.6202700684440092,1,1
annual_shared_offset,2509,2021-05-28,2021-06-07,-0.0062409741861724,2021,2021-03-31,learned_market,20260912,0.5014076959249572,0.5014076959249572,1,0
annual_shared_offset,2514,2021-06-04,2021-06-15,-0.0125508761771767,2021,2021-03-31,learned_market,20260912,0.2870522166018626,0.2870522166018626,0,0
annual_shared_offset,2519,2021-06-11,2021-06-21,-0.0250011497424577,2021,2021-03-31,learned_market,20260912,0.4358470115181578,0.4358470115181578,0,0
annual_shared_offset,2523,2021-06-18,2021-06-28,0.0325308711127356,2021,2021-03-31,learned_market,20260912,0.39660974147357,0.39660974147357,0,1
annual_shared_offset,2528,2021-06-25,2021-07-05,-0.0342297962734196,2021,2021-03-31,learned_market,20260912,0.2996275446219084,0.2996275446219084,0,0
annual_state_offset_half,2473,2021-04-02,2021-04-12,-0.0292856811827044,2021,2021-03-31,learned_market,20260912,0.56297665502886,0.56297665502886,1,0
annual_state_offset_half,2477,2021-04-09,2021-04-19,-0.0120489836840408,2021,2021-03-31,learned_market,20260912,0.6833728945724409,0.6833728945724409,1,0
annual_state_offset_half,2482,2021-04-16,2021-04-26,0.0382932540809155,2021,2021-03-31,learned_market,20260912,0.6069844199651692,0.6069844199651692,1,1
annual_state_offset_half,2487,2021-04-23,2021-05-06,-0.0112070185917437,2021,2021-03-31,learned_market,20260912,0.6957153692040717,0.6957153692040717,1,0
annual_state_offset_half,2492,2021-04-30,2021-05-12,-0.0190946889464188,2021,2021-03-31,learned_market,20260912,0.49572812581073494,0.49572812581073494,0,0
annual_state_offset_half,2494,2021-05-07,2021-05-17,0.0227674429764228,2021,2021-03-31,learned_market,20260912,0.5923668300862341,0.5923668300862341,1,1
annual_state_offset_half,2499,2021-05-14,2021-05-24,0.0045940519733895,2021,2021-03-31,learned_market,20260912,0.5283594579480488,0.5283594579480488,1,1
annual_state_offset_half,2504,2021-05-21,2021-05-31,0.0348855085126711,2021,2021-03-31,learned_market,20260912,0.6202700684440092,0.6202700684440092,1,1
annual_state_offset_half,2509,2021-05-28,2021-06-07,-0.0062409741861724,2021,2021-03-31,learned_market,20260912,0.5014076959249572,0.5014076959249572,1,0
annual_state_offset_half,2514,2021-06-04,2021-06-15,-0.0125508761771767,2021,2021-03-31,learned_market,20260912,0.30797399794193414,0.30797399794193414,0,0
annual_state_offset_half,2519,2021-06-11,2021-06-21,-0.0250011497424577,2021,2021-03-31,learned_market,20260912,0.4358470115181578,0.4358470115181578,0,0
annual_state_offset_half,2523,2021-06-18,2021-06-28,0.0325308711127356,2021,2021-03-31,learned_market,20260912,0.39660974147357,0.39660974147357,0,1
annual_state_offset_half,2528,2021-06-25,2021-07-05,-0.0342297962734196,2021,2021-03-31,learned_market,20260912,0.2996275446219084,0.2996275446219084,0,0
annual_state_offset,2473,2021-04-02,2021-04-12,-0.0292856811827044,2021,2021-03-31,learned_vol_interaction,20260912,0.5647750064828143,0.5647750064828143,1,0
annual_state_offset,2477,2021-04-09,2021-04-19,-0.0120489836840408,2021,2021-03-31,learned_vol_interaction,20260912,0.6851225390103307,0.6851225390103307,1,0
annual_state_offset,2482,2021-04-16,2021-04-26,0.0382932540809155,2021,2021-03-31,learned_vol_interaction,20260912,0.6079794499510633,0.6079794499510633,1,1
annual_state_offset,2487,2021-04-23,2021-05-06,-0.0112070185917437,2021,2021-03-31,learned_vol_interaction,20260912,0.6970440278111448,0.6970440278111448,1,0
annual_state_offset,2492,2021-04-30,2021-05-12,-0.0190946889464188,2021,2021-03-31,learned_vol_interaction,20260912,0.49508455771909865,0.49508455771909865,0,0
annual_state_offset,2494,2021-05-07,2021-05-17,0.0227674429764228,2021,2021-03-31,learned_vol_interaction,20260912,0.5936076847954643,0.5936076847954643,1,1
annual_state_offset,2499,2021-05-14,2021-05-24,0.0045940519733895,2021,2021-03-31,learned_vol_interaction,20260912,0.5260594519724338,0.5260594519724338,1,1
annual_state_offset,2504,2021-05-21,2021-05-31,0.0348855085126711,2021,2021-03-31,learned_vol_interaction,20260912,0.6194700609717307,0.6194700609717307,1,1
annual_state_offset,2509,2021-05-28,2021-06-07,-0.0062409741861724,2021,2021-03-31,learned_vol_interaction,20260912,0.4999311238130264,0.4999311238130264,0,0
annual_state_offset,2514,2021-06-04,2021-06-15,-0.0125508761771767,2021,2021-03-31,learned_vol_interaction,20260912,0.2867022614438896,0.2867022614438896,0,0
annual_state_offset,2519,2021-06-11,2021-06-21,-0.0250011497424577,2021,2021-03-31,learned_vol_interaction,20260912,0.43487798405591244,0.43487798405591244,0,0
annual_state_offset,2523,2021-06-18,2021-06-28,0.0325308711127356,2021,2021-03-31,learned_vol_interaction,20260912,0.39563184997461803,0.39563184997461803,0,1
annual_state_offset,2528,2021-06-25,2021-07-05,-0.0342297962734196,2021,2021-03-31,learned_vol_interaction,20260912,0.2936971410007611,0.2936971410007611,0,0
annual_shared_offset,2473,2021-04-02,2021-04-12,-0.0292856811827044,2021,2021-03-31,learned_vol_interaction,20260912,0.5647750064828143,0.5647750064828143,1,0
annual_shared_offset,2477,2021-04-09,2021-04-19,-0.0120489836840408,2021,2021-03-31,learned_vol_interaction,20260912,0.6851225390103307,0.6851225390103307,1,0
annual_shared_offset,2482,2021-04-16,2021-04-26,0.0382932540809155,2021,2021-03-31,learned_vol_interaction,20260912,0.6079794499510633,0.6079794499510633,1,1
annual_shared_offset,2487,2021-04-23,2021-05-06,-0.0112070185917437,2021,2021-03-31,learned_vol_interaction,20260912,0.6970440278111448,0.6970440278111448,1,0
annual_shared_offset,2492,2021-04-30,2021-05-12,-0.0190946889464188,2021,2021-03-31,learned_vol_interaction,20260912,0.49508455771909865,0.49508455771909865,0,0
annual_shared_offset,2494,2021-05-07,2021-05-17,0.0227674429764228,2021,2021-03-31,learned_vol_interaction,20260912,0.5936076847954643,0.5936076847954643,1,1
annual_shared_offset,2499,2021-05-14,2021-05-24,0.0045940519733895,2021,2021-03-31,learned_vol_interaction,20260912,0.5260594519724338,0.5260594519724338,1,1
annual_shared_offset,2504,2021-05-21,2021-05-31,0.0348855085126711,2021,2021-03-31,learned_vol_interaction,20260912,0.6194700609717307,0.6194700609717307,1,1
annual_shared_offset,2509,2021-05-28,2021-06-07,-0.0062409741861724,2021,2021-03-31,learned_vol_interaction,20260912,0.4999311238130264,0.4999311238130264,0,0
annual_shared_offset,2514,2021-06-04,2021-06-15,-0.0125508761771767,2021,2021-03-31,learned_vol_interaction,20260912,0.2867022614438896,0.2867022614438896,0,0
annual_shared_offset,2519,2021-06-11,2021-06-21,-0.0250011497424577,2021,2021-03-31,learned_vol_interaction,20260912,0.43487798405591244,0.43487798405591244,0,0
annual_shared_offset,2523,2021-06-18,2021-06-28,0.0325308711127356,2021,2021-03-31,learned_vol_interaction,20260912,0.39563184997461803,0.39563184997461803,0,1
annual_shared_offset,2528,2021-06-25,2021-07-05,-0.0342297962734196,2021,2021-03-31,learned_vol_interaction,20260912,0.2936971410007611,0.2936971410007611,0,0
annual_state_offset_half,2473,2021-04-02,2021-04-12,-0.0292856811827044,2021,2021-03-31,learned_vol_interaction,20260912,0.5647750064828143,0.5647750064828143,1,0
annual_state_offset_half,2477,2021-04-09,2021-04-19,-0.0120489836840408,2021,2021-03-31,learned_vol_interaction,20260912,0.6851225390103307,0.6851225390103307,1,0
annual_state_offset_half,2482,2021-04-16,2021-04-26,0.0382932540809155,2021,2021-03-31,learned_vol_interaction,20260912,0.6079794499510633,0.6079794499510633,1,1
annual_state_offset_half,2487,2021-04-23,2021-05-06,-0.0112070185917437,2021,2021-03-31,learned_vol_interaction,20260912,0.6970440278111448,0.6970440278111448,1,0
annual_state_offset_half,2492,2021-04-30,2021-05-12,-0.0190946889464188,2021,2021-03-31,learned_vol_interaction,20260912,0.49508455771909865,0.49508455771909865,0,0
annual_state_offset_half,2494,2021-05-07,2021-05-17,0.0227674429764228,2021,2021-03-31,learned_vol_interaction,20260912,0.5936076847954643,0.5936076847954643,1,1
annual_state_offset_half,2499,2021-05-14,2021-05-24,0.0045940519733895,2021,2021-03-31,learned_vol_interaction,20260912,0.5260594519724338,0.5260594519724338,1,1
annual_state_offset_half,2504,2021-05-21,2021-05-31,0.0348855085126711,2021,2021-03-31,learned_vol_interaction,20260912,0.6194700609717307,0.6194700609717307,1,1
annual_state_offset_half,2509,2021-05-28,2021-06-07,-0.0062409741861724,2021,2021-03-31,learned_vol_interaction,20260912,0.4999311238130264,0.4999311238130264,0,0
annual_state_offset_half,2514,2021-06-04,2021-06-15,-0.0125508761771767,2021,2021-03-31,learned_vol_interaction,20260912,0.30775268139913176,0.30775268139913176,0,0
annual_state_offset_half,2519,2021-06-11,2021-06-21,-0.0250011497424577,2021,2021-03-31,learned_vol_interaction,20260912,0.43487798405591244,0.43487798405591244,0,0
annual_state_offset_half,2523,2021-06-18,2021-06-28,0.0325308711127356,2021,2021-03-31,learned_vol_interaction,20260912,0.39563184997461803,0.39563184997461803,0,1
annual_state_offset_half,2528,2021-06-25,2021-07-05,-0.0342297962734196,2021,2021-03-31,learned_vol_interaction,20260912,0.2936971410007611,0.2936971410007611,0,0
annual_state_offset,2473,2021-04-02,2021-04-12,-0.0292856811827044,2021,2021-03-31,learned_order_extension,20260912,0.5661836120897463,0.5661836120897463,1,0
annual_state_offset,2477,2021-04-09,2021-04-19,-0.0120489836840408,2021,2021-03-31,learned_order_extension,20260912,0.687046194737299,0.687046194737299,1,0
annual_state_offset,2482,2021-04-16,2021-04-26,0.0382932540809155,2021,2021-03-31,learned_order_extension,20260912,0.6079705501613304,0.6079705501613304,1,1
annual_state_offset,2487,2021-04-23,2021-05-06,-0.0112070185917437,2021,2021-03-31,learned_order_extension,20260912,0.7001630679827717,0.7001630679827717,1,0
annual_state_offset,2492,2021-04-30,2021-05-12,-0.0190946889464188,2021,2021-03-31,learned_order_extension,20260912,0.4918375430018398,0.4918375430018398,0,0
annual_state_offset,2494,2021-05-07,2021-05-17,0.0227674429764228,2021,2021-03-31,learned_order_extension,20260912,0.5924909504537539,0.5924909504537539,1,1
annual_state_offset,2499,2021-05-14,2021-05-24,0.0045940519733895,2021,2021-03-31,learned_order_extension,20260912,0.5211782975246303,0.5211782975246303,1,1
annual_state_offset,2504,2021-05-21,2021-05-31,0.0348855085126711,2021,2021-03-31,learned_order_extension,20260912,0.6201148626993727,0.6201148626993727,1,1
annual_state_offset,2509,2021-05-28,2021-06-07,-0.0062409741861724,2021,2021-03-31,learned_order_extension,20260912,0.49912386449059004,0.49912386449059004,0,0
annual_state_offset,2514,2021-06-04,2021-06-15,-0.0125508761771767,2021,2021-03-31,learned_order_extension,20260912,0.2793440937075552,0.2793440937075552,0,0
annual_state_offset,2519,2021-06-11,2021-06-21,-0.0250011497424577,2021,2021-03-31,learned_order_extension,20260912,0.4292917957601971,0.4292917957601971,0,0
annual_state_offset,2523,2021-06-18,2021-06-28,0.0325308711127356,2021,2021-03-31,learned_order_extension,20260912,0.39019861803489025,0.39019861803489025,0,1
annual_state_offset,2528,2021-06-25,2021-07-05,-0.0342297962734196,2021,2021-03-31,learned_order_extension,20260912,0.28601239769549003,0.28601239769549003,0,0
annual_shared_offset,2473,2021-04-02,2021-04-12,-0.0292856811827044,2021,2021-03-31,learned_order_extension,20260912,0.5661836120897463,0.5661836120897463,1,0
annual_shared_offset,2477,2021-04-09,2021-04-19,-0.0120489836840408,2021,2021-03-31,learned_order_extension,20260912,0.687046194737299,0.687046194737299,1,0
annual_shared_offset,2482,2021-04-16,2021-04-26,0.0382932540809155,2021,2021-03-31,learned_order_extension,20260912,0.6079705501613304,0.6079705501613304,1,1
annual_shared_offset,2487,2021-04-23,2021-05-06,-0.0112070185917437,2021,2021-03-31,learned_order_extension,20260912,0.7001630679827717,0.7001630679827717,1,0
annual_shared_offset,2492,2021-04-30,2021-05-12,-0.0190946889464188,2021,2021-03-31,learned_order_extension,20260912,0.4918375430018398,0.4918375430018398,0,0
annual_shared_offset,2494,2021-05-07,2021-05-17,0.0227674429764228,2021,2021-03-31,learned_order_extension,20260912,0.5924909504537539,0.5924909504537539,1,1
annual_shared_offset,2499,2021-05-14,2021-05-24,0.0045940519733895,2021,2021-03-31,learned_order_extension,20260912,0.5211782975246303,0.5211782975246303,1,1
annual_shared_offset,2504,2021-05-21,2021-05-31,0.0348855085126711,2021,2021-03-31,learned_order_extension,20260912,0.6201148626993727,0.6201148626993727,1,1
annual_shared_offset,2509,2021-05-28,2021-06-07,-0.0062409741861724,2021,2021-03-31,learned_order_extension,20260912,0.49912386449059004,0.49912386449059004,0,0
annual_shared_offset,2514,2021-06-04,2021-06-15,-0.0125508761771767,2021,2021-03-31,learned_order_extension,20260912,0.2793440937075552,0.2793440937075552,0,0
annual_shared_offset,2519,2021-06-11,2021-06-21,-0.0250011497424577,2021,2021-03-31,learned_order_extension,20260912,0.4292917957601971,0.4292917957601971,0,0
annual_shared_offset,2523,2021-06-18,2021-06-28,0.0325308711127356,2021,2021-03-31,learned_order_extension,20260912,0.39019861803489025,0.39019861803489025,0,1
annual_shared_offset,2528,2021-06-25,2021-07-05,-0.0342297962734196,2021,2021-03-31,learned_order_extension,20260912,0.28601239769549003,0.28601239769549003,0,0
annual_state_offset_half,2473,2021-04-02,2021-04-12,-0.0292856811827044,2021,2021-03-31,learned_order_extension,20260912,0.5661836120897463,0.5661836120897463,1,0
annual_state_offset_half,2477,2021-04-09,2021-04-19,-0.0120489836840408,2021,2021-03-31,learned_order_extension,20260912,0.687046194737299,0.687046194737299,1,0
annual_state_offset_half,2482,2021-04-16,2021-04-26,0.0382932540809155,2021,2021-03-31,learned_order_extension,20260912,0.6079705501613304,0.6079705501613304,1,1
annual_state_offset_half,2487,2021-04-23,2021-05-06,-0.0112070185917437,2021,2021-03-31,learned_order_extension,20260912,0.7001630679827717,0.7001630679827717,1,0
annual_state_offset_half,2492,2021-04-30,2021-05-12,-0.0190946889464188,2021,2021-03-31,learned_order_extension,20260912,0.4918375430018398,0.4918375430018398,0,0
annual_state_offset_half,2494,2021-05-07,2021-05-17,0.0227674429764228,2021,2021-03-31,learned_order_extension,20260912,0.5924909504537539,0.5924909504537539,1,1
annual_state_offset_half,2499,2021-05-14,2021-05-24,0.0045940519733895,2021,2021-03-31,learned_order_extension,20260912,0.5211782975246303,0.5211782975246303,1,1
annual_state_offset_half,2504,2021-05-21,2021-05-31,0.0348855085126711,2021,2021-03-31,learned_order_extension,20260912,0.6201148626993727,0.6201148626993727,1,1
annual_state_offset_half,2509,2021-05-28,2021-06-07,-0.0062409741861724,2021,2021-03-31,learned_order_extension,20260912,0.49912386449059004,0.49912386449059004,0,0
annual_state_offset_half,2514,2021-06-04,2021-06-15,-0.0125508761771767,2021,2021-03-31,learned_order_extension,20260912,0.30025937549880727,0.30025937549880727,0,0
annual_state_offset_half,2519,2021-06-11,2021-06-21,-0.0250011497424577,2021,2021-03-31,learned_order_extension,20260912,0.4292917957601971,0.4292917957601971,0,0
annual_state_offset_half,2523,2021-06-18,2021-06-28,0.0325308711127356,2021,2021-03-31,learned_order_extension,20260912,0.39019861803489025,0.39019861803489025,0,1
annual_state_offset_half,2528,2021-06-25,2021-07-05,-0.0342297962734196,2021,2021-03-31,learned_order_extension,20260912,0.28601239769549003,0.28601239769549003,0,0
annual_state_offset,2473,2021-04-02,2021-04-12,-0.0292856811827044,2021,2021-03-31,learned_order_offset,20260912,0.566102470284805,0.566102470284805,1,0
annual_state_offset,2477,2021-04-09,2021-04-19,-0.0120489836840408,2021,2021-03-31,learned_order_offset,20260912,0.6869015293782829,0.6869015293782829,1,0
annual_state_offset,2482,2021-04-16,2021-04-26,0.0382932540809155,2021,2021-03-31,learned_order_offset,20260912,0.6078000978596377,0.6078000978596377,1,1
annual_state_offset,2487,2021-04-23,2021-05-06,-0.0112070185917437,2021,2021-03-31,learned_order_offset,20260912,0.6999268378054232,0.6999268378054232,1,0
annual_state_offset,2492,2021-04-30,2021-05-12,-0.0190946889464188,2021,2021-03-31,learned_order_offset,20260912,0.49168441153382075,0.49168441153382075,0,0
annual_state_offset,2494,2021-05-07,2021-05-17,0.0227674429764228,2021,2021-03-31,learned_order_offset,20260912,0.5919092456876717,0.5919092456876717,1,1
annual_state_offset,2499,2021-05-14,2021-05-24,0.0045940519733895,2021,2021-03-31,learned_order_offset,20260912,0.5203594988625989,0.5203594988625989,1,1
annual_state_offset,2504,2021-05-21,2021-05-31,0.0348855085126711,2021,2021-03-31,learned_order_offset,20260912,0.6196299438561572,0.6196299438561572,1,1
annual_state_offset,2509,2021-05-28,2021-06-07,-0.0062409741861724,2021,2021-03-31,learned_order_offset,20260912,0.498513660109647,0.498513660109647,0,0
annual_state_offset,2514,2021-06-04,2021-06-15,-0.0125508761771767,2021,2021-03-31,learned_order_offset,20260912,0.27946793581157797,0.27946793581157797,0,0
annual_state_offset,2519,2021-06-11,2021-06-21,-0.0250011497424577,2021,2021-03-31,learned_order_offset,20260912,0.4292652143972748,0.4292652143972748,0,0
annual_state_offset,2523,2021-06-18,2021-06-28,0.0325308711127356,2021,2021-03-31,learned_order_offset,20260912,0.389839647004703,0.389839647004703,0,1
annual_state_offset,2528,2021-06-25,2021-07-05,-0.0342297962734196,2021,2021-03-31,learned_order_offset,20260912,0.2857328768925556,0.2857328768925556,0,0
annual_shared_offset,2473,2021-04-02,2021-04-12,-0.0292856811827044,2021,2021-03-31,learned_order_offset,20260912,0.566102470284805,0.566102470284805,1,0
annual_shared_offset,2477,2021-04-09,2021-04-19,-0.0120489836840408,2021,2021-03-31,learned_order_offset,20260912,0.6869015293782829,0.6869015293782829,1,0
annual_shared_offset,2482,2021-04-16,2021-04-26,0.0382932540809155,2021,2021-03-31,learned_order_offset,20260912,0.6078000978596377,0.6078000978596377,1,1
annual_shared_offset,2487,2021-04-23,2021-05-06,-0.0112070185917437,2021,2021-03-31,learned_order_offset,20260912,0.6999268378054232,0.6999268378054232,1,0
annual_shared_offset,2492,2021-04-30,2021-05-12,-0.0190946889464188,2021,2021-03-31,learned_order_offset,20260912,0.49168441153382075,0.49168441153382075,0,0
annual_shared_offset,2494,2021-05-07,2021-05-17,0.0227674429764228,2021,2021-03-31,learned_order_offset,20260912,0.5919092456876717,0.5919092456876717,1,1
annual_shared_offset,2499,2021-05-14,2021-05-24,0.0045940519733895,2021,2021-03-31,learned_order_offset,20260912,0.5203594988625989,0.5203594988625989,1,1
annual_shared_offset,2504,2021-05-21,2021-05-31,0.0348855085126711,2021,2021-03-31,learned_order_offset,20260912,0.6196299438561572,0.6196299438561572,1,1
annual_shared_offset,2509,2021-05-28,2021-06-07,-0.0062409741861724,2021,2021-03-31,learned_order_offset,20260912,0.498513660109647,0.498513660109647,0,0
annual_shared_offset,2514,2021-06-04,2021-06-15,-0.0125508761771767,2021,2021-03-31,learned_order_offset,20260912,0.27946793581157797,0.27946793581157797,0,0
annual_shared_offset,2519,2021-06-11,2021-06-21,-0.0250011497424577,2021,2021-03-31,learned_order_offset,20260912,0.4292652143972748,0.4292652143972748,0,0
annual_shared_offset,2523,2021-06-18,2021-06-28,0.0325308711127356,2021,2021-03-31,learned_order_offset,20260912,0.389839647004703,0.389839647004703,0,1
annual_shared_offset,2528,2021-06-25,2021-07-05,-0.0342297962734196,2021,2021-03-31,learned_order_offset,20260912,0.2857328768925556,0.2857328768925556,0,0
annual_state_offset_half,2473,2021-04-02,2021-04-12,-0.0292856811827044,2021,2021-03-31,learned_order_offset,20260912,0.566102470284805,0.566102470284805,1,0
annual_state_offset_half,2477,2021-04-09,2021-04-19,-0.0120489836840408,2021,2021-03-31,learned_order_offset,20260912,0.6869015293782829,0.6869015293782829,1,0
annual_state_offset_half,2482,2021-04-16,2021-04-26,0.0382932540809155,2021,2021-03-31,learned_order_offset,20260912,0.6078000978596377,0.6078000978596377,1,1
annual_state_offset_half,2487,2021-04-23,2021-05-06,-0.0112070185917437,2021,2021-03-31,learned_order_offset,20260912,0.6999268378054232,0.6999268378054232,1,0
annual_state_offset_half,2492,2021-04-30,2021-05-12,-0.0190946889464188,2021,2021-03-31,learned_order_offset,20260912,0.49168441153382075,0.49168441153382075,0,0
annual_state_offset_half,2494,2021-05-07,2021-05-17,0.0227674429764228,2021,2021-03-31,learned_order_offset,20260912,0.5919092456876717,0.5919092456876717,1,1
annual_state_offset_half,2499,2021-05-14,2021-05-24,0.0045940519733895,2021,2021-03-31,learned_order_offset,20260912,0.5203594988625989,0.5203594988625989,1,1
annual_state_offset_half,2504,2021-05-21,2021-05-31,0.0348855085126711,2021,2021-03-31,learned_order_offset,20260912,0.6196299438561572,0.6196299438561572,1,1
annual_state_offset_half,2509,2021-05-28,2021-06-07,-0.0062409741861724,2021,2021-03-31,learned_order_offset,20260912,0.498513660109647,0.498513660109647,0,0
annual_state_offset_half,2514,2021-06-04,2021-06-15,-0.0125508761771767,2021,2021-03-31,learned_order_offset,20260912,0.300359885692226,0.300359885692226,0,0
annual_state_offset_half,2519,2021-06-11,2021-06-21,-0.0250011497424577,2021,2021-03-31,learned_order_offset,20260912,0.4292652143972748,0.4292652143972748,0,0
annual_state_offset_half,2523,2021-06-18,2021-06-28,0.0325308711127356,2021,2021-03-31,learned_order_offset,20260912,0.389839647004703,0.389839647004703,0,1
annual_state_offset_half,2528,2021-06-25,2021-07-05,-0.0342297962734196,2021,2021-03-31,learned_order_offset,20260912,0.2857328768925556,0.2857328768925556,0,0
annual_state_offset,2533,2021-07-02,2021-07-12,0.0068193733271841,2021,2021-06-30,learned_market,20260910,0.3681951961453602,0.3681951961453602,0,1
annual_state_offset,2538,2021-07-09,2021-07-19,-0.0048254045313779,2021,2021-06-30,learned_market,20260910,0.32425784816867015,0.32425784816867015,0,0
annual_state_offset,2543,2021-07-16,2021-07-26,-0.0032299118953994,2021,2021-06-30,learned_market,20260910,0.28033283214782906,0.28033283214782906,0,0
annual_state_offset,2548,2021-07-23,2021-08-02,-0.0537740931579083,2021,2021-06-30,learned_market,20260910,0.35860666322325596,0.35860666322325596,0,0
annual_state_offset,2553,2021-07-30,2021-08-09,0.019904813945049,2021,2021-06-30,learned_market,20260910,0.4438127320851405,0.4438127320851405,0,1
annual_state_offset,2558,2021-08-06,2021-08-16,0.0093369268709639,2021,2021-06-30,learned_market,20260910,0.4053226511797692,0.4053226511797692,0,1
annual_state_offset,2563,2021-08-13,2021-08-23,-0.032048736608373,2021,2021-06-30,learned_market,20260910,0.4002417651790874,0.4002417651790874,0,0
annual_state_offset,2568,2021-08-20,2021-08-30,0.0145047962107527,2021,2021-06-30,learned_market,20260910,0.5557797267456684,0.5557797267456684,1,1
annual_state_offset,2573,2021-08-27,2021-09-06,-0.0012316820816045,2021,2021-06-30,learned_market,20260910,0.5628635691769517,0.5628635691769517,1,0
annual_state_offset,2578,2021-09-03,2021-09-13,0.0342301066295398,2021,2021-06-30,learned_market,20260910,0.739556946277136,0.739556946277136,1,1
annual_state_offset,2583,2021-09-10,2021-09-22,-0.0471441667981554,2021,2021-06-30,learned_market,20260910,0.7346350890092757,0.7346350890092757,1,0
annual_state_offset,2588,2021-09-17,2021-09-28,0.0209863060789441,2021,2021-06-30,learned_market,20260910,0.7109852539327667,0.7109852539327667,1,1
annual_state_offset,2591,2021-09-24,2021-10-11,0.0144615416200457,2021,2021-06-30,learned_market,20260910,0.7494998617287155,0.7494998617287155,1,1
annual_shared_offset,2533,2021-07-02,2021-07-12,0.0068193733271841,2021,2021-06-30,learned_market,20260910,0.33588113842812917,0.33588113842812917,0,1
annual_shared_offset,2538,2021-07-09,2021-07-19,-0.0048254045313779,2021,2021-06-30,learned_market,20260910,0.3521462858007226,0.3521462858007226,0,0
annual_shared_offset,2543,2021-07-16,2021-07-26,-0.0032299118953994,2021,2021-06-30,learned_market,20260910,0.30615502656404653,0.30615502656404653,0,0
annual_shared_offset,2548,2021-07-23,2021-08-02,-0.0537740931579083,2021,2021-06-30,learned_market,20260910,0.3877541388870313,0.3877541388870313,0,0
annual_shared_offset,2553,2021-07-30,2021-08-09,0.019904813945049,2021,2021-06-30,learned_market,20260910,0.4091600229426605,0.4091600229426605,0,1
annual_shared_offset,2558,2021-08-06,2021-08-16,0.0093369268709639,2021,2021-06-30,learned_market,20260910,0.3716669746255167,0.3716669746255167,0,1
annual_shared_offset,2563,2021-08-13,2021-08-23,-0.032048736608373,2021,2021-06-30,learned_market,20260910,0.3667477909083568,0.3667477909083568,0,0
annual_shared_offset,2568,2021-08-20,2021-08-30,0.0145047962107527,2021,2021-06-30,learned_market,20260910,0.5205671284810492,0.5205671284810492,1,1
annual_shared_offset,2573,2021-08-27,2021-09-06,-0.0012316820816045,2021,2021-06-30,learned_market,20260910,0.5277353492118941,0.5277353492118941,1,0
annual_shared_offset,2578,2021-09-03,2021-09-13,0.0342301066295398,2021,2021-06-30,learned_market,20260910,0.7113460640505207,0.7113460640505207,1,1
annual_shared_offset,2583,2021-09-10,2021-09-22,-0.0471441667981554,2021,2021-06-30,learned_market,20260910,0.7061029407357197,0.7061029407357197,1,0
annual_shared_offset,2588,2021-09-17,2021-09-28,0.0209863060789441,2021,2021-06-30,learned_market,20260910,0.6810143910078447,0.6810143910078447,1,1
annual_shared_offset,2591,2021-09-24,2021-10-11,0.0144615416200457,2021,2021-06-30,learned_market,20260910,0.7494998617287155,0.7494998617287155,1,1
annual_state_offset_half,2533,2021-07-02,2021-07-12,0.0068193733271841,2021,2021-06-30,learned_market,20260910,0.3693335509615782,0.3693335509615782,0,1
annual_state_offset_half,2538,2021-07-09,2021-07-19,-0.0048254045313779,2021,2021-06-30,learned_market,20260910,0.35521657550767205,0.35521657550767205,0,0
annual_state_offset_half,2543,2021-07-16,2021-07-26,-0.0032299118953994,2021,2021-06-30,learned_market,20260910,0.3090155928866485,0.3090155928866485,0,0
annual_state_offset_half,2548,2021-07-23,2021-08-02,-0.0537740931579083,2021,2021-06-30,learned_market,20260910,0.39094754037725765,0.39094754037725765,0,0
annual_state_offset_half,2553,2021-07-30,2021-08-09,0.019904813945049,2021,2021-06-30,learned_market,20260910,0.44502020315622326,0.44502020315622326,0,1
annual_state_offset_half,2558,2021-08-06,2021-08-16,0.0093369268709639,2021,2021-06-30,learned_market,20260910,0.4065019394602895,0.4065019394602895,0,1
annual_state_offset_half,2563,2021-08-13,2021-08-23,-0.032048736608373,2021,2021-06-30,learned_market,20260910,0.40141624925375113,0.40141624925375113,0,0
annual_state_offset_half,2568,2021-08-20,2021-08-30,0.0145047962107527,2021,2021-06-30,learned_market,20260910,0.556986759931732,0.556986759931732,1,1
annual_state_offset_half,2573,2021-08-27,2021-09-06,-0.0012316820816045,2021,2021-06-30,learned_market,20260910,0.5640664517598043,0.5640664517598043,1,0
annual_state_offset_half,2578,2021-09-03,2021-09-13,0.0342301066295398,2021,2021-06-30,learned_market,20260910,0.7404977791932551,0.7404977791932551,1,1
annual_state_offset_half,2583,2021-09-10,2021-09-22,-0.0471441667981554,2021,2021-06-30,learned_market,20260910,0.7355873449900456,0.7355873449900456,1,0
annual_state_offset_half,2588,2021-09-17,2021-09-28,0.0209863060789441,2021,2021-06-30,learned_market,20260910,0.7119891050668236,0.7119891050668236,1,1
annual_state_offset_half,2591,2021-09-24,2021-10-11,0.0144615416200457,2021,2021-06-30,learned_market,20260910,0.7494998617287155,0.7494998617287155,1,1
annual_state_offset,2533,2021-07-02,2021-07-12,0.0068193733271841,2021,2021-06-30,learned_vol_interaction,20260910,0.33267736965815853,0.33267736965815853,0,1
annual_state_offset,2538,2021-07-09,2021-07-19,-0.0048254045313779,2021,2021-06-30,learned_vol_interaction,20260910,0.2777068678507054,0.2777068678507054,0,0
annual_state_offset,2543,2021-07-16,2021-07-26,-0.0032299118953994,2021,2021-06-30,learned_vol_interaction,20260910,0.24546959117453895,0.24546959117453895,0,0
annual_state_offset,2548,2021-07-23,2021-08-02,-0.0537740931579083,2021,2021-06-30,learned_vol_interaction,20260910,0.3353748039971342,0.3353748039971342,0,0
annual_state_offset,2553,2021-07-30,2021-08-09,0.019904813945049,2021,2021-06-30,learned_vol_interaction,20260910,0.44993479696599775,0.44993479696599775,0,1
annual_state_offset,2558,2021-08-06,2021-08-16,0.0093369268709639,2021,2021-06-30,learned_vol_interaction,20260910,0.4349814858889769,0.4349814858889769,0,1
annual_state_offset,2563,2021-08-13,2021-08-23,-0.032048736608373,2021,2021-06-30,learned_vol_interaction,20260910,0.44815521282569476,0.44815521282569476,0,0
annual_state_offset,2568,2021-08-20,2021-08-30,0.0145047962107527,2021,2021-06-30,learned_vol_interaction,20260910,0.5689156243952564,0.5689156243952564,1,1
annual_state_offset,2573,2021-08-27,2021-09-06,-0.0012316820816045,2021,2021-06-30,learned_vol_interaction,20260910,0.5901289647353203,0.5901289647353203,1,0
annual_state_offset,2578,2021-09-03,2021-09-13,0.0342301066295398,2021,2021-06-30,learned_vol_interaction,20260910,0.7462009449381816,0.7462009449381816,1,1
annual_state_offset,2583,2021-09-10,2021-09-22,-0.0471441667981554,2021,2021-06-30,learned_vol_interaction,20260910,0.7303361230005402,0.7303361230005402,1,0
annual_state_offset,2588,2021-09-17,2021-09-28,0.0209863060789441,2021,2021-06-30,learned_vol_interaction,20260910,0.7377616538507792,0.7377616538507792,1,1
annual_state_offset,2591,2021-09-24,2021-10-11,0.0144615416200457,2021,2021-06-30,learned_vol_interaction,20260910,0.7830893595033332,0.7830893595033332,1,1
annual_shared_offset,2533,2021-07-02,2021-07-12,0.0068193733271841,2021,2021-06-30,learned_vol_interaction,20260910,0.3047403038115034,0.3047403038115034,0,1
annual_shared_offset,2538,2021-07-09,2021-07-19,-0.0048254045313779,2021,2021-06-30,learned_vol_interaction,20260910,0.3008255468584955,0.3008255468584955,0,0
annual_shared_offset,2543,2021-07-16,2021-07-26,-0.0032299118953994,2021,2021-06-30,learned_vol_interaction,20260910,0.2668962274364041,0.2668962274364041,0,0
annual_shared_offset,2548,2021-07-23,2021-08-02,-0.0537740931579083,2021,2021-06-30,learned_vol_interaction,20260910,0.3608955359617003,0.3608955359617003,0,0
annual_shared_offset,2553,2021-07-30,2021-08-09,0.019904813945049,2021,2021-06-30,learned_vol_interaction,20260910,0.4183235566748083,0.4183235566748083,0,1
annual_shared_offset,2558,2021-08-06,2021-08-16,0.0093369268709639,2021,2021-06-30,learned_vol_interaction,20260910,0.4036498871207896,0.4036498871207896,0,1
annual_shared_offset,2563,2021-08-13,2021-08-23,-0.032048736608373,2021,2021-06-30,learned_vol_interaction,20260910,0.41657431479490736,0.41657431479490736,0,0
annual_shared_offset,2568,2021-08-20,2021-08-30,0.0145047962107527,2021,2021-06-30,learned_vol_interaction,20260910,0.5371074667905825,0.5371074667905825,1,1
annual_shared_offset,2573,2021-08-27,2021-09-06,-0.0012316820816045,2021,2021-06-30,learned_vol_interaction,20260910,0.5586718380979714,0.5586718380979714,1,0
annual_shared_offset,2578,2021-09-03,2021-09-13,0.0342301066295398,2021,2021-06-30,learned_vol_interaction,20260910,0.7210602880594705,0.7210602880594705,1,1
annual_shared_offset,2583,2021-09-10,2021-09-22,-0.0471441667981554,2021,2021-06-30,learned_vol_interaction,20260910,0.7042468064241411,0.7042468064241411,1,0
annual_shared_offset,2588,2021-09-17,2021-09-28,0.0209863060789441,2021,2021-06-30,learned_vol_interaction,20260910,0.7121075510602102,0.7121075510602102,1,1
annual_shared_offset,2591,2021-09-24,2021-10-11,0.0144615416200457,2021,2021-06-30,learned_vol_interaction,20260910,0.7830893595033332,0.7830893595033332,1,1
annual_state_offset_half,2533,2021-07-02,2021-07-12,0.0068193733271841,2021,2021-06-30,learned_vol_interaction,20260910,0.3356055552963407,0.3356055552963407,0,1
annual_state_offset_half,2538,2021-07-09,2021-07-19,-0.0048254045313779,2021,2021-06-30,learned_vol_interaction,20260910,0.3053193727802218,0.3053193727802218,0,0
annual_state_offset_half,2543,2021-07-16,2021-07-26,-0.0032299118953994,2021,2021-06-30,learned_vol_interaction,20260910,0.27107971817587045,0.27107971817587045,0,0
annual_state_offset_half,2548,2021-07-23,2021-08-02,-0.0537740931579083,2021,2021-06-30,learned_vol_interaction,20260910,0.3658172039031352,0.3658172039031352,0,0
annual_state_offset_half,2553,2021-07-30,2021-08-09,0.019904813945049,2021,2021-06-30,learned_vol_interaction,20260910,0.45319415511444394,0.45319415511444394,0,1
annual_state_offset_half,2558,2021-08-06,2021-08-16,0.0093369268709639,2021,2021-06-30,learned_vol_interaction,20260910,0.4382188184424514,0.4382188184424514,0,1
annual_state_offset_half,2563,2021-08-13,2021-08-23,-0.032048736608373,2021,2021-06-30,learned_vol_interaction,20260910,0.4514122589258141,0.4514122589258141,0,0
annual_state_offset_half,2568,2021-08-20,2021-08-30,0.0145047962107527,2021,2021-06-30,learned_vol_interaction,20260910,0.572140392607815,0.572140392607815,1,1
annual_state_offset_half,2573,2021-08-27,2021-09-06,-0.0012316820816045,2021,2021-06-30,learned_vol_interaction,20260910,0.5933084835489068,0.5933084835489068,1,0
annual_state_offset_half,2578,2021-09-03,2021-09-13,0.0342301066295398,2021,2021-06-30,learned_vol_interaction,20260910,0.7486853531145061,0.7486853531145061,1,1
annual_state_offset_half,2583,2021-09-10,2021-09-22,-0.0471441667981554,2021,2021-06-30,learned_vol_interaction,20260910,0.7329202455436329,0.7329202455436329,1,0
annual_state_offset_half,2588,2021-09-17,2021-09-28,0.0209863060789441,2021,2021-06-30,learned_vol_interaction,20260910,0.740299922075556,0.740299922075556,1,1
annual_state_offset_half,2591,2021-09-24,2021-10-11,0.0144615416200457,2021,2021-06-30,learned_vol_interaction,20260910,0.7830893595033332,0.7830893595033332,1,1
annual_state_offset,2533,2021-07-02,2021-07-12,0.0068193733271841,2021,2021-06-30,learned_order_extension,20260910,0.3152460075466978,0.3152460075466978,0,1
annual_state_offset,2538,2021-07-09,2021-07-19,-0.0048254045313779,2021,2021-06-30,learned_order_extension,20260910,0.25647878043780753,0.25647878043780753,0,0
annual_state_offset,2543,2021-07-16,2021-07-26,-0.0032299118953994,2021,2021-06-30,learned_order_extension,20260910,0.21578298366667162,0.21578298366667162,0,0
annual_state_offset,2548,2021-07-23,2021-08-02,-0.0537740931579083,2021,2021-06-30,learned_order_extension,20260910,0.3182597620272802,0.3182597620272802,0,0
annual_state_offset,2553,2021-07-30,2021-08-09,0.019904813945049,2021,2021-06-30,learned_order_extension,20260910,0.4357307810637676,0.4357307810637676,0,1
annual_state_offset,2558,2021-08-06,2021-08-16,0.0093369268709639,2021,2021-06-30,learned_order_extension,20260910,0.41589419312969256,0.41589419312969256,0,1
annual_state_offset,2563,2021-08-13,2021-08-23,-0.032048736608373,2021,2021-06-30,learned_order_extension,20260910,0.4385135426382747,0.4385135426382747,0,0
annual_state_offset,2568,2021-08-20,2021-08-30,0.0145047962107527,2021,2021-06-30,learned_order_extension,20260910,0.5658388301281339,0.5658388301281339,1,1
annual_state_offset,2573,2021-08-27,2021-09-06,-0.0012316820816045,2021,2021-06-30,learned_order_extension,20260910,0.5862184360065044,0.5862184360065044,1,0
annual_state_offset,2578,2021-09-03,2021-09-13,0.0342301066295398,2021,2021-06-30,learned_order_extension,20260910,0.747595449133845,0.747595449133845,1,1
annual_state_offset,2583,2021-09-10,2021-09-22,-0.0471441667981554,2021,2021-06-30,learned_order_extension,20260910,0.7431811494316629,0.7431811494316629,1,0
annual_state_offset,2588,2021-09-17,2021-09-28,0.0209863060789441,2021,2021-06-30,learned_order_extension,20260910,0.752958290518299,0.752958290518299,1,1
annual_state_offset,2591,2021-09-24,2021-10-11,0.0144615416200457,2021,2021-06-30,learned_order_extension,20260910,0.8103635906047445,0.8103635906047445,1,1
annual_shared_offset,2533,2021-07-02,2021-07-12,0.0068193733271841,2021,2021-06-30,learned_order_extension,20260910,0.2889883033818931,0.2889883033818931,0,1
annual_shared_offset,2538,2021-07-09,2021-07-19,-0.0048254045313779,2021,2021-06-30,learned_order_extension,20260910,0.27777104248476275,0.27777104248476275,0,0
annual_shared_offset,2543,2021-07-16,2021-07-26,-0.0032299118953994,2021,2021-06-30,learned_order_extension,20260910,0.23476351335853482,0.23476351335853482,0,0
annual_shared_offset,2548,2021-07-23,2021-08-02,-0.0537740931579083,2021,2021-06-30,learned_order_extension,20260910,0.3423195679287569,0.3423195679287569,0,0
annual_shared_offset,2553,2021-07-30,2021-08-09,0.019904813945049,2021,2021-06-30,learned_order_extension,20260910,0.4053786528750647,0.4053786528750647,0,1
annual_shared_offset,2558,2021-08-06,2021-08-16,0.0093369268709639,2021,2021-06-30,learned_order_extension,20260910,0.38597866105193057,0.38597866105193057,0,1
annual_shared_offset,2563,2021-08-13,2021-08-23,-0.032048736608373,2021,2021-06-30,learned_order_extension,20260910,0.4081077688160837,0.4081077688160837,0,0
annual_shared_offset,2568,2021-08-20,2021-08-30,0.0145047962107527,2021,2021-06-30,learned_order_extension,20260910,0.5350168623913412,0.5350168623913412,1,1
annual_shared_offset,2573,2021-08-27,2021-09-06,-0.0012316820816045,2021,2021-06-30,learned_order_extension,20260910,0.5557072484887347,0.5557072484887347,1,0
annual_shared_offset,2578,2021-09-03,2021-09-13,0.0342301066295398,2021,2021-06-30,learned_order_extension,20260910,0.7233685022109764,0.7233685022109764,1,1
annual_shared_offset,2583,2021-09-10,2021-09-22,-0.0471441667981554,2021,2021-06-30,learned_order_extension,20260910,0.7186899321384457,0.7186899321384457,1,0
annual_shared_offset,2588,2021-09-17,2021-09-28,0.0209863060789441,2021,2021-06-30,learned_order_extension,20260910,0.7290595401014018,0.7290595401014018,1,1
annual_shared_offset,2591,2021-09-24,2021-10-11,0.0144615416200457,2021,2021-06-30,learned_order_extension,20260910,0.8103635906047445,0.8103635906047445,1,1
annual_state_offset_half,2533,2021-07-02,2021-07-12,0.0068193733271841,2021,2021-06-30,learned_order_extension,20260910,0.31838253758507246,0.31838253758507246,0,1
annual_state_offset_half,2538,2021-07-09,2021-07-19,-0.0048254045313779,2021,2021-06-30,learned_order_extension,20260910,0.28228432553168586,0.28228432553168586,0,0
annual_state_offset_half,2543,2021-07-16,2021-07-26,-0.0032299118953994,2021,2021-06-30,learned_order_extension,20260910,0.23880906156851225,0.23880906156851225,0,0
annual_state_offset_half,2548,2021-07-23,2021-08-02,-0.0537740931579083,2021,2021-06-30,learned_order_extension,20260910,0.3473771989147859,0.3473771989147859,0,0
annual_state_offset_half,2553,2021-07-30,2021-08-09,0.019904813945049,2021,2021-06-30,learned_order_extension,20260910,0.43929701849385305,0.43929701849385305,0,1
annual_state_offset_half,2558,2021-08-06,2021-08-16,0.0093369268709639,2021,2021-06-30,learned_order_extension,20260910,0.4194187539370302,0.4194187539370302,0,1
annual_state_offset_half,2563,2021-08-13,2021-08-23,-0.032048736608373,2021,2021-06-30,learned_order_extension,20260910,0.4420847117813317,0.4420847117813317,0,0
annual_state_offset_half,2568,2021-08-20,2021-08-30,0.0145047962107527,2021,2021-06-30,learned_order_extension,20260910,0.5693953936220006,0.5693953936220006,1,1
annual_state_offset_half,2573,2021-08-27,2021-09-06,-0.0012316820816045,2021,2021-06-30,learned_order_extension,20260910,0.5897291005561154,0.5897291005561154,1,0
annual_state_offset_half,2578,2021-09-03,2021-09-13,0.0342301066295398,2021,2021-06-30,learned_order_extension,20260910,0.7503200908054072,0.7503200908054072,1,1
annual_state_offset_half,2583,2021-09-10,2021-09-22,-0.0471441667981554,2021,2021-06-30,learned_order_extension,20260910,0.7459372485384584,0.7459372485384584,1,0
annual_state_offset_half,2588,2021-09-17,2021-09-28,0.0209863060789441,2021,2021-06-30,learned_order_extension,20260910,0.7556439635575524,0.7556439635575524,1,1
annual_state_offset_half,2591,2021-09-24,2021-10-11,0.0144615416200457,2021,2021-06-30,learned_order_extension,20260910,0.8103635906047445,0.8103635906047445,1,1
annual_state_offset,2533,2021-07-02,2021-07-12,0.0068193733271841,2021,2021-06-30,learned_order_offset,20260910,0.3154157343352069,0.3154157343352069,0,1
annual_state_offset,2538,2021-07-09,2021-07-19,-0.0048254045313779,2021,2021-06-30,learned_order_offset,20260910,0.25686030185365405,0.25686030185365405,0,0
annual_state_offset,2543,2021-07-16,2021-07-26,-0.0032299118953994,2021,2021-06-30,learned_order_offset,20260910,0.21611665523147708,0.21611665523147708,0,0
annual_state_offset,2548,2021-07-23,2021-08-02,-0.0537740931579083,2021,2021-06-30,learned_order_offset,20260910,0.31856379595741224,0.31856379595741224,0,0
annual_state_offset,2553,2021-07-30,2021-08-09,0.019904813945049,2021,2021-06-30,learned_order_offset,20260910,0.435949774779655,0.435949774779655,0,1
annual_state_offset,2558,2021-08-06,2021-08-16,0.0093369268709639,2021,2021-06-30,learned_order_offset,20260910,0.41589081907159686,0.41589081907159686,0,1
annual_state_offset,2563,2021-08-13,2021-08-23,-0.032048736608373,2021,2021-06-30,learned_order_offset,20260910,0.43834675208288726,0.43834675208288726,0,0
annual_state_offset,2568,2021-08-20,2021-08-30,0.0145047962107527,2021,2021-06-30,learned_order_offset,20260910,0.5659552103110742,0.5659552103110742,1,1
annual_state_offset,2573,2021-08-27,2021-09-06,-0.0012316820816045,2021,2021-06-30,learned_order_offset,20260910,0.5854052178532907,0.5854052178532907,1,0
annual_state_offset,2578,2021-09-03,2021-09-13,0.0342301066295398,2021,2021-06-30,learned_order_offset,20260910,0.7479550131545804,0.7479550131545804,1,1
annual_state_offset,2583,2021-09-10,2021-09-22,-0.0471441667981554,2021,2021-06-30,learned_order_offset,20260910,0.7435497326988756,0.7435497326988756,1,0
annual_state_offset,2588,2021-09-17,2021-09-28,0.0209863060789441,2021,2021-06-30,learned_order_offset,20260910,0.7524561157195429,0.7524561157195429,1,1
annual_state_offset,2591,2021-09-24,2021-10-11,0.0144615416200457,2021,2021-06-30,learned_order_offset,20260910,0.8099614624313016,0.8099614624313016,1,1
annual_shared_offset,2533,2021-07-02,2021-07-12,0.0068193733271841,2021,2021-06-30,learned_order_offset,20260910,0.28910015610297557,0.28910015610297557,0,1
annual_shared_offset,2538,2021-07-09,2021-07-19,-0.0048254045313779,2021,2021-06-30,learned_order_offset,20260910,0.2782148483921767,0.2782148483921767,0,0
annual_shared_offset,2543,2021-07-16,2021-07-26,-0.0032299118953994,2021,2021-06-30,learned_order_offset,20260910,0.23515576580123765,0.23515576580123765,0,0
annual_shared_offset,2548,2021-07-23,2021-08-02,-0.0537740931579083,2021,2021-06-30,learned_order_offset,20260910,0.3426826642237655,0.3426826642237655,0,0
annual_shared_offset,2553,2021-07-30,2021-08-09,0.019904813945049,2021,2021-06-30,learned_order_offset,20260910,0.40553505262414674,0.40553505262414674,0,1
annual_shared_offset,2558,2021-08-06,2021-08-16,0.0093369268709639,2021,2021-06-30,learned_order_offset,20260910,0.38591805420337655,0.38591805420337655,0,1
annual_shared_offset,2563,2021-08-13,2021-08-23,-0.032048736608373,2021,2021-06-30,learned_order_offset,20260910,0.4078857304764156,0.4078857304764156,0,0
annual_shared_offset,2568,2021-08-20,2021-08-30,0.0145047962107527,2021,2021-06-30,learned_order_offset,20260910,0.5350745539054096,0.5350745539054096,1,1
annual_shared_offset,2573,2021-08-27,2021-09-06,-0.0012316820816045,2021,2021-06-30,learned_order_offset,20260910,0.5548198638638073,0.5548198638638073,1,0
annual_shared_offset,2578,2021-09-03,2021-09-13,0.0342301066295398,2021,2021-06-30,learned_order_offset,20260910,0.7237014698072671,0.7237014698072671,1,1
annual_shared_offset,2583,2021-09-10,2021-09-22,-0.0471441667981554,2021,2021-06-30,learned_order_offset,20260910,0.7190315224845464,0.7190315224845464,1,0
annual_shared_offset,2588,2021-09-17,2021-09-28,0.0209863060789441,2021,2021-06-30,learned_order_offset,20260910,0.7284784667413956,0.7284784667413956,1,1
annual_shared_offset,2591,2021-09-24,2021-10-11,0.0144615416200457,2021,2021-06-30,learned_order_offset,20260910,0.8099614624313016,0.8099614624313016,1,1
annual_state_offset_half,2533,2021-07-02,2021-07-12,0.0068193733271841,2021,2021-06-30,learned_order_offset,20260910,0.3185454570388738,0.3185454570388738,0,1
annual_state_offset_half,2538,2021-07-09,2021-07-19,-0.0048254045313779,2021,2021-06-30,learned_order_offset,20260910,0.2827283974445984,0.2827283974445984,0,0
annual_state_offset_half,2543,2021-07-16,2021-07-26,-0.0032299118953994,2021,2021-06-30,learned_order_offset,20260910,0.2392022613750195,0.2392022613750195,0,0
annual_state_offset_half,2548,2021-07-23,2021-08-02,-0.0537740931579083,2021,2021-06-30,learned_order_offset,20260910,0.34773821289321255,0.34773821289321255,0,0
annual_state_offset_half,2553,2021-07-30,2021-08-09,0.019904813945049,2021,2021-06-30,learned_order_offset,20260910,0.4395076585436169,0.4395076585436169,0,1
annual_state_offset_half,2558,2021-08-06,2021-08-16,0.0093369268709639,2021,2021-06-30,learned_order_offset,20260910,0.41940672260975015,0.41940672260975015,0,1
annual_state_offset_half,2563,2021-08-13,2021-08-23,-0.032048736608373,2021,2021-06-30,learned_order_offset,20260910,0.4419088719270145,0.4419088719270145,0,0
annual_state_offset_half,2568,2021-08-20,2021-08-30,0.0145047962107527,2021,2021-06-30,learned_order_offset,20260910,0.5695028374696579,0.5695028374696579,1,1
annual_state_offset_half,2573,2021-08-27,2021-09-06,-0.0012316820816045,2021,2021-06-30,learned_order_offset,20260910,0.5889093446205346,0.5889093446205346,1,0
annual_state_offset_half,2578,2021-09-03,2021-09-13,0.0342301066295398,2021,2021-06-30,learned_order_offset,20260910,0.7506704199349442,0.7506704199349442,1,1
annual_state_offset_half,2583,2021-09-10,2021-09-22,-0.0471441667981554,2021,2021-06-30,learned_order_offset,20260910,0.7462965014198542,0.7462965014198542,1,0
annual_state_offset_half,2588,2021-09-17,2021-09-28,0.0209863060789441,2021,2021-06-30,learned_order_offset,20260910,0.7551389051003696,0.7551389051003696,1,1
annual_state_offset_half,2591,2021-09-24,2021-10-11,0.0144615416200457,2021,2021-06-30,learned_order_offset,20260910,0.8099614624313016,0.8099614624313016,1,1
annual_state_offset,2533,2021-07-02,2021-07-12,0.0068193733271841,2021,2021-06-30,learned_market,20260911,0.5157494915430819,0.5157494915430819,1,1
annual_state_offset,2538,2021-07-09,2021-07-19,-0.0048254045313779,2021,2021-06-30,learned_market,20260911,0.2052697952778553,0.2052697952778553,0,0
annual_state_offset,2543,2021-07-16,2021-07-26,-0.0032299118953994,2021,2021-06-30,learned_market,20260911,0.3105098944650385,0.3105098944650385,0,0
annual_state_offset,2548,2021-07-23,2021-08-02,-0.0537740931579083,2021,2021-06-30,learned_market,20260911,0.3466209238813467,0.3466209238813467,0,0
annual_state_offset,2553,2021-07-30,2021-08-09,0.019904813945049,2021,2021-06-30,learned_market,20260911,0.5806444313509793,0.5806444313509793,1,1
annual_state_offset,2558,2021-08-06,2021-08-16,0.0093369268709639,2021,2021-06-30,learned_market,20260911,0.6341587431782614,0.6341587431782614,1,1
annual_state_offset,2563,2021-08-13,2021-08-23,-0.032048736608373,2021,2021-06-30,learned_market,20260911,0.6657585947256438,0.6657585947256438,1,0
annual_state_offset,2568,2021-08-20,2021-08-30,0.0145047962107527,2021,2021-06-30,learned_market,20260911,0.5266906155152663,0.5266906155152663,1,1
annual_state_offset,2573,2021-08-27,2021-09-06,-0.0012316820816045,2021,2021-06-30,learned_market,20260911,0.8172236850616776,0.8172236850616776,1,0
annual_state_offset,2578,2021-09-03,2021-09-13,0.0342301066295398,2021,2021-06-30,learned_market,20260911,0.7843439006641041,0.7843439006641041,1,1
annual_state_offset,2583,2021-09-10,2021-09-22,-0.0471441667981554,2021,2021-06-30,learned_market,20260911,0.7416064717455899,0.7416064717455899,1,0
annual_state_offset,2588,2021-09-17,2021-09-28,0.0209863060789441,2021,2021-06-30,learned_market,20260911,0.7732748460984277,0.7732748460984277,1,1
annual_state_offset,2591,2021-09-24,2021-10-11,0.0144615416200457,2021,2021-06-30,learned_market,20260911,0.64950288661138,0.64950288661138,1,1
annual_shared_offset,2533,2021-07-02,2021-07-12,0.0068193733271841,2021,2021-06-30,learned_market,20260911,0.4715991601880024,0.4715991601880024,0,1
annual_shared_offset,2538,2021-07-09,2021-07-19,-0.0048254045313779,2021,2021-06-30,learned_market,20260911,0.23226657905720452,0.23226657905720452,0,0
annual_shared_offset,2543,2021-07-16,2021-07-26,-0.0032299118953994,2021,2021-06-30,learned_market,20260911,0.345333375096298,0.345333375096298,0,0
annual_shared_offset,2548,2021-07-23,2021-08-02,-0.0537740931579083,2021,2021-06-30,learned_market,20260911,0.3832431937568707,0.3832431937568707,0,0
annual_shared_offset,2553,2021-07-30,2021-08-09,0.019904813945049,2021,2021-06-30,learned_market,20260911,0.5371003893187004,0.5371003893187004,1,1
annual_shared_offset,2558,2021-08-06,2021-08-16,0.0093369268709639,2021,2021-06-30,learned_market,20260911,0.5922694645269555,0.5922694645269555,1,1
annual_shared_offset,2563,2021-08-13,2021-08-23,-0.032048736608373,2021,2021-06-30,learned_market,20260911,0.6253499550534631,0.6253499550534631,1,0
annual_shared_offset,2568,2021-08-20,2021-08-30,0.0145047962107527,2021,2021-06-30,learned_market,20260911,0.4825369699436305,0.4825369699436305,0,1
annual_shared_offset,2573,2021-08-27,2021-09-06,-0.0012316820816045,2021,2021-06-30,learned_market,20260911,0.7893322646892869,0.7893322646892869,1,0
annual_shared_offset,2578,2021-09-03,2021-09-13,0.0342301066295398,2021,2021-06-30,learned_market,20260911,0.7529518414869517,0.7529518414869517,1,1
annual_shared_offset,2583,2021-09-10,2021-09-22,-0.0471441667981554,2021,2021-06-30,learned_market,20260911,0.7063226496222469,0.7063226496222469,1,0
annual_shared_offset,2588,2021-09-17,2021-09-28,0.0209863060789441,2021,2021-06-30,learned_market,20260911,0.7408039801079771,0.7408039801079771,1,1
annual_shared_offset,2591,2021-09-24,2021-10-11,0.0144615416200457,2021,2021-06-30,learned_market,20260911,0.64950288661138,0.64950288661138,1,1
annual_state_offset_half,2533,2021-07-02,2021-07-12,0.0068193733271841,2021,2021-06-30,learned_market,20260911,0.5012890246520494,0.5012890246520494,1,1
annual_state_offset_half,2538,2021-07-09,2021-07-19,-0.0048254045313779,2021,2021-06-30,learned_market,20260911,0.22372181411504924,0.22372181411504924,0,0
annual_state_offset_half,2543,2021-07-16,2021-07-26,-0.0032299118953994,2021,2021-06-30,learned_market,20260911,0.3344410372347794,0.3344410372347794,0,0
annual_state_offset_half,2548,2021-07-23,2021-08-02,-0.0537740931579083,2021,2021-06-30,learned_market,20260911,0.3718342692825602,0.3718342692825602,0,0
annual_state_offset_half,2553,2021-07-30,2021-08-09,0.019904813945049,2021,2021-06-30,learned_market,20260911,0.5664929800632409,0.5664929800632409,1,1
annual_state_offset_half,2558,2021-08-06,2021-08-16,0.0093369268709639,2021,2021-06-30,learned_market,20260911,0.6206332913469209,0.6206332913469209,1,1
annual_state_offset_half,2563,2021-08-13,2021-08-23,-0.032048736608373,2021,2021-06-30,learned_market,20260911,0.6527617191882454,0.6527617191882454,1,0
annual_state_offset_half,2568,2021-08-20,2021-08-30,0.0145047962107527,2021,2021-06-30,learned_market,20260911,0.5122478845021657,0.5122478845021657,1,1
annual_state_offset_half,2573,2021-08-27,2021-09-06,-0.0012316820816045,2021,2021-06-30,learned_market,20260911,0.8084216742122168,0.8084216742122168,1,0
annual_state_offset_half,2578,2021-09-03,2021-09-13,0.0342301066295398,2021,2021-06-30,learned_market,20260911,0.774395605565308,0.774395605565308,1,1
annual_state_offset_half,2583,2021-09-10,2021-09-22,-0.0471441667981554,2021,2021-06-30,learned_market,20260911,0.7303644277957625,0.7303644277957625,1,0
annual_state_offset_half,2588,2021-09-17,2021-09-28,0.0209863060789441,2021,2021-06-30,learned_market,20260911,0.7629702413465379,0.7629702413465379,1,1
annual_state_offset_half,2591,2021-09-24,2021-10-11,0.0144615416200457,2021,2021-06-30,learned_market,20260911,0.64950288661138,0.64950288661138,1,1
annual_state_offset,2533,2021-07-02,2021-07-12,0.0068193733271841,2021,2021-06-30,learned_vol_interaction,20260911,0.5200707712435524,0.5200707712435524,1,1
annual_state_offset,2538,2021-07-09,2021-07-19,-0.0048254045313779,2021,2021-06-30,learned_vol_interaction,20260911,0.22078219773390936,0.22078219773390936,0,0
annual_state_offset,2543,2021-07-16,2021-07-26,-0.0032299118953994,2021,2021-06-30,learned_vol_interaction,20260911,0.3163074639205933,0.3163074639205933,0,0
annual_state_offset,2548,2021-07-23,2021-08-02,-0.0537740931579083,2021,2021-06-30,learned_vol_interaction,20260911,0.35991106837641845,0.35991106837641845,0,0
annual_state_offset,2553,2021-07-30,2021-08-09,0.019904813945049,2021,2021-06-30,learned_vol_interaction,20260911,0.596391884646798,0.596391884646798,1,1
annual_state_offset,2558,2021-08-06,2021-08-16,0.0093369268709639,2021,2021-06-30,learned_vol_interaction,20260911,0.639620899433039,0.639620899433039,1,1
annual_state_offset,2563,2021-08-13,2021-08-23,-0.032048736608373,2021,2021-06-30,learned_vol_interaction,20260911,0.6769180994107625,0.6769180994107625,1,0
annual_state_offset,2568,2021-08-20,2021-08-30,0.0145047962107527,2021,2021-06-30,learned_vol_interaction,20260911,0.5042449446846381,0.5042449446846381,1,1
annual_state_offset,2573,2021-08-27,2021-09-06,-0.0012316820816045,2021,2021-06-30,learned_vol_interaction,20260911,0.825769991113548,0.825769991113548,1,0
annual_state_offset,2578,2021-09-03,2021-09-13,0.0342301066295398,2021,2021-06-30,learned_vol_interaction,20260911,0.7784780999931592,0.7784780999931592,1,1
annual_state_offset,2583,2021-09-10,2021-09-22,-0.0471441667981554,2021,2021-06-30,learned_vol_interaction,20260911,0.7472015088277192,0.7472015088277192,1,0
annual_state_offset,2588,2021-09-17,2021-09-28,0.0209863060789441,2021,2021-06-30,learned_vol_interaction,20260911,0.768343076968644,0.768343076968644,1,1
annual_state_offset,2591,2021-09-24,2021-10-11,0.0144615416200457,2021,2021-06-30,learned_vol_interaction,20260911,0.6456719612096069,0.6456719612096069,1,1
annual_shared_offset,2533,2021-07-02,2021-07-12,0.0068193733271841,2021,2021-06-30,learned_vol_interaction,20260911,0.47583972003099295,0.47583972003099295,0,1
annual_shared_offset,2538,2021-07-09,2021-07-19,-0.0048254045313779,2021,2021-06-30,learned_vol_interaction,20260911,0.2492577682904029,0.2492577682904029,0,0
annual_shared_offset,2543,2021-07-16,2021-07-26,-0.0032299118953994,2021,2021-06-30,learned_vol_interaction,20260911,0.3515450989140131,0.3515450989140131,0,0
annual_shared_offset,2548,2021-07-23,2021-08-02,-0.0537740931579083,2021,2021-06-30,learned_vol_interaction,20260911,0.39718431979301105,0.39718431979301105,0,0
annual_shared_offset,2553,2021-07-30,2021-08-09,0.019904813945049,2021,2021-06-30,learned_vol_interaction,20260911,0.5531511485851651,0.5531511485851651,1,1
annual_shared_offset,2558,2021-08-06,2021-08-16,0.0093369268709639,2021,2021-06-30,learned_vol_interaction,20260911,0.5978888762459855,0.5978888762459855,1,1
annual_shared_offset,2563,2021-08-13,2021-08-23,-0.032048736608373,2021,2021-06-30,learned_vol_interaction,20260911,0.6370543206290945,0.6370543206290945,1,0
annual_shared_offset,2568,2021-08-20,2021-08-30,0.0145047962107527,2021,2021-06-30,learned_vol_interaction,20260911,0.46006958964681266,0.46006958964681266,0,1
annual_shared_offset,2573,2021-08-27,2021-09-06,-0.0012316820816045,2021,2021-06-30,learned_vol_interaction,20260911,0.7988138383955562,0.7988138383955562,1,0
annual_shared_offset,2578,2021-09-03,2021-09-13,0.0342301066295398,2021,2021-06-30,learned_vol_interaction,20260911,0.7464517264969658,0.7464517264969658,1,1
annual_shared_offset,2583,2021-09-10,2021-09-22,-0.0471441667981554,2021,2021-06-30,learned_vol_interaction,20260911,0.7123243087762633,0.7123243087762633,1,0
annual_shared_offset,2588,2021-09-17,2021-09-28,0.0209863060789441,2021,2021-06-30,learned_vol_interaction,20260911,0.7353495688671615,0.7353495688671615,1,1
annual_shared_offset,2591,2021-09-24,2021-10-11,0.0144615416200457,2021,2021-06-30,learned_vol_interaction,20260911,0.6456719612096069,0.6456719612096069,1,1
annual_state_offset_half,2533,2021-07-02,2021-07-12,0.0068193733271841,2021,2021-06-30,learned_vol_interaction,20260911,0.5049988361502259,0.5049988361502259,1,1
annual_state_offset_half,2538,2021-07-09,2021-07-19,-0.0048254045313779,2021,2021-06-30,learned_vol_interaction,20260911,0.23982243622391586,0.23982243622391586,0,0
annual_state_offset_half,2543,2021-07-16,2021-07-26,-0.0032299118953994,2021,2021-06-30,learned_vol_interaction,20260911,0.3399913177974663,0.3399913177974663,0,0
annual_state_offset_half,2548,2021-07-23,2021-08-02,-0.0537740931579083,2021,2021-06-30,learned_vol_interaction,20260911,0.3850211801405236,0.3850211801405236,0,0
annual_state_offset_half,2553,2021-07-30,2021-08-09,0.019904813945049,2021,2021-06-30,learned_vol_interaction,20260911,0.5817893877412174,0.5817893877412174,1,1
annual_state_offset_half,2558,2021-08-06,2021-08-16,0.0093369268709639,2021,2021-06-30,learned_vol_interaction,20260911,0.6256005715085627,0.6256005715085627,1,1
annual_state_offset_half,2563,2021-08-13,2021-08-23,-0.032048736608373,2021,2021-06-30,learned_vol_interaction,20260911,0.663585616650196,0.663585616650196,1,0
annual_state_offset_half,2568,2021-08-20,2021-08-30,0.0145047962107527,2021,2021-06-30,learned_vol_interaction,20260911,0.4891641842689461,0.4891641842689461,0,1
annual_state_offset_half,2573,2021-08-27,2021-09-06,-0.0012316820816045,2021,2021-06-30,learned_vol_interaction,20260911,0.816918768362376,0.816918768362376,1,0
annual_state_offset_half,2578,2021-09-03,2021-09-13,0.0342301066295398,2021,2021-06-30,learned_vol_interaction,20260911,0.7678996370806135,0.7678996370806135,1,1
annual_state_offset_half,2583,2021-09-10,2021-09-22,-0.0471441667981554,2021,2021-06-30,learned_vol_interaction,20260911,0.7356366778540774,0.7356366778540774,1,0
annual_state_offset_half,2588,2021-09-17,2021-09-28,0.0209863060789441,2021,2021-06-30,learned_vol_interaction,20260911,0.7574314365097837,0.7574314365097837,1,1
annual_state_offset_half,2591,2021-09-24,2021-10-11,0.0144615416200457,2021,2021-06-30,learned_vol_interaction,20260911,0.6456719612096069,0.6456719612096069,1,1
annual_state_offset,2533,2021-07-02,2021-07-12,0.0068193733271841,2021,2021-06-30,learned_order_extension,20260911,0.5190857613657356,0.5190857613657356,1,1
annual_state_offset,2538,2021-07-09,2021-07-19,-0.0048254045313779,2021,2021-06-30,learned_order_extension,20260911,0.1590047704712471,0.1590047704712471,0,0
annual_state_offset,2543,2021-07-16,2021-07-26,-0.0032299118953994,2021,2021-06-30,learned_order_extension,20260911,0.25975458857264455,0.25975458857264455,0,0
annual_state_offset,2548,2021-07-23,2021-08-02,-0.0537740931579083,2021,2021-06-30,learned_order_extension,20260911,0.3211399705364715,0.3211399705364715,0,0
annual_state_offset,2553,2021-07-30,2021-08-09,0.019904813945049,2021,2021-06-30,learned_order_extension,20260911,0.5825509094458363,0.5825509094458363,1,1
annual_state_offset,2558,2021-08-06,2021-08-16,0.0093369268709639,2021,2021-06-30,learned_order_extension,20260911,0.6280567027094368,0.6280567027094368,1,1
annual_state_offset,2563,2021-08-13,2021-08-23,-0.032048736608373,2021,2021-06-30,learned_order_extension,20260911,0.6747711291533124,0.6747711291533124,1,0
annual_state_offset,2568,2021-08-20,2021-08-30,0.0145047962107527,2021,2021-06-30,learned_order_extension,20260911,0.4919614082568709,0.4919614082568709,0,1
annual_state_offset,2573,2021-08-27,2021-09-06,-0.0012316820816045,2021,2021-06-30,learned_order_extension,20260911,0.8406825827948636,0.8406825827948636,1,0
annual_state_offset,2578,2021-09-03,2021-09-13,0.0342301066295398,2021,2021-06-30,learned_order_extension,20260911,0.797900267886106,0.797900267886106,1,1
annual_state_offset,2583,2021-09-10,2021-09-22,-0.0471441667981554,2021,2021-06-30,learned_order_extension,20260911,0.7745205003722656,0.7745205003722656,1,0
annual_state_offset,2588,2021-09-17,2021-09-28,0.0209863060789441,2021,2021-06-30,learned_order_extension,20260911,0.8046160238039316,0.8046160238039316,1,1
annual_state_offset,2591,2021-09-24,2021-10-11,0.0144615416200457,2021,2021-06-30,learned_order_extension,20260911,0.6693079201625165,0.6693079201625165,1,1
annual_shared_offset,2533,2021-07-02,2021-07-12,0.0068193733271841,2021,2021-06-30,learned_order_extension,20260911,0.474745430580124,0.474745430580124,0,1
annual_shared_offset,2538,2021-07-09,2021-07-19,-0.0048254045313779,2021,2021-06-30,learned_order_extension,20260911,0.18143146805572208,0.18143146805572208,0,0
annual_shared_offset,2543,2021-07-16,2021-07-26,-0.0032299118953994,2021,2021-06-30,learned_order_extension,20260911,0.29146659257578866,0.29146659257578866,0,0
annual_shared_offset,2548,2021-07-23,2021-08-02,-0.0537740931579083,2021,2021-06-30,learned_order_extension,20260911,0.35673461603217355,0.35673461603217355,0,0
annual_shared_offset,2553,2021-07-30,2021-08-09,0.019904813945049,2021,2021-06-30,learned_order_extension,20260911,0.5388638262625843,0.5388638262625843,1,1
annual_shared_offset,2558,2021-08-06,2021-08-16,0.0093369268709639,2021,2021-06-30,learned_order_extension,20260911,0.5857454248694208,0.5857454248694208,1,1
annual_shared_offset,2563,2021-08-13,2021-08-23,-0.032048736608373,2021,2021-06-30,learned_order_extension,20260911,0.6346829420001574,0.6346829420001574,1,0
annual_shared_offset,2568,2021-08-20,2021-08-30,0.0145047962107527,2021,2021-06-30,learned_order_extension,20260911,0.44778070921809265,0.44778070921809265,0,1
annual_shared_offset,2573,2021-08-27,2021-09-06,-0.0012316820816045,2021,2021-06-30,learned_order_extension,20260911,0.8154517251786046,0.8154517251786046,1,0
annual_shared_offset,2578,2021-09-03,2021-09-13,0.0342301066295398,2021,2021-06-30,learned_order_extension,20260911,0.767765701644725,0.767765701644725,1,1
annual_shared_offset,2583,2021-09-10,2021-09-22,-0.0471441667981554,2021,2021-06-30,learned_order_extension,20260911,0.7420269446692058,0.7420269446692058,1,0
annual_shared_offset,2588,2021-09-17,2021-09-28,0.0209863060789441,2021,2021-06-30,learned_order_extension,20260911,0.7752007022171332,0.7752007022171332,1,1
annual_shared_offset,2591,2021-09-24,2021-10-11,0.0144615416200457,2021,2021-06-30,learned_order_extension,20260911,0.6693079201625165,0.6693079201625165,1,1
annual_state_offset_half,2533,2021-07-02,2021-07-12,0.0068193733271841,2021,2021-06-30,learned_order_extension,20260911,0.5030617640754854,0.5030617640754854,1,1
annual_state_offset_half,2538,2021-07-09,2021-07-19,-0.0048254045313779,2021,2021-06-30,learned_order_extension,20260911,0.17342346068358,0.17342346068358,0,0
annual_state_offset_half,2543,2021-07-16,2021-07-26,-0.0032299118953994,2021,2021-06-30,learned_order_extension,20260911,0.2802647272792349,0.2802647272792349,0,0
annual_state_offset_half,2548,2021-07-23,2021-08-02,-0.0537740931579083,2021,2021-06-30,learned_order_extension,20260911,0.34424304875054973,0.34424304875054973,0,0
annual_state_offset_half,2553,2021-07-30,2021-08-09,0.019904813945049,2021,2021-06-30,learned_order_extension,20260911,0.566877107452582,0.566877107452582,1,1
annual_state_offset_half,2558,2021-08-06,2021-08-16,0.0093369268709639,2021,2021-06-30,learned_order_extension,20260911,0.6129563122784687,0.6129563122784687,1,1
annual_state_offset_half,2563,2021-08-13,2021-08-23,-0.032048736608373,2021,2021-06-30,learned_order_extension,20260911,0.6605422205031078,0.6605422205031078,1,0
annual_state_offset_half,2568,2021-08-20,2021-08-30,0.0145047962107527,2021,2021-06-30,learned_order_extension,20260911,0.4759460610563178,0.4759460610563178,0,1
annual_state_offset_half,2573,2021-08-27,2021-09-06,-0.0012316820816045,2021,2021-06-30,learned_order_extension,20260911,0.831904120453908,0.831904120453908,1,0
annual_state_offset_half,2578,2021-09-03,2021-09-13,0.0342301066295398,2021,2021-06-30,learned_order_extension,20260911,0.7873607339107714,0.7873607339107714,1,1
annual_state_offset_half,2583,2021-09-10,2021-09-22,-0.0471441667981554,2021,2021-06-30,learned_order_extension,20260911,0.7631236746486296,0.7631236746486296,1,0
annual_state_offset_half,2588,2021-09-17,2021-09-28,0.0209863060789441,2021,2021-06-30,learned_order_extension,20260911,0.7943364442977664,0.7943364442977664,1,1
annual_state_offset_half,2591,2021-09-24,2021-10-11,0.0144615416200457,2021,2021-06-30,learned_order_extension,20260911,0.6693079201625165,0.6693079201625165,1,1
annual_state_offset,2533,2021-07-02,2021-07-12,0.0068193733271841,2021,2021-06-30,learned_order_offset,20260911,0.5207108794480234,0.5207108794480234,1,1
annual_state_offset,2538,2021-07-09,2021-07-19,-0.0048254045313779,2021,2021-06-30,learned_order_offset,20260911,0.16006808721905288,0.16006808721905288,0,0
annual_state_offset,2543,2021-07-16,2021-07-26,-0.0032299118953994,2021,2021-06-30,learned_order_offset,20260911,0.2604357639994949,0.2604357639994949,0,0
annual_state_offset,2548,2021-07-23,2021-08-02,-0.0537740931579083,2021,2021-06-30,learned_order_offset,20260911,0.32152474302642403,0.32152474302642403,0,0
annual_state_offset,2553,2021-07-30,2021-08-09,0.019904813945049,2021,2021-06-30,learned_order_offset,20260911,0.5811347469992827,0.5811347469992827,1,1
annual_state_offset,2558,2021-08-06,2021-08-16,0.0093369268709639,2021,2021-06-30,learned_order_offset,20260911,0.6260613323666063,0.6260613323666063,1,1
annual_state_offset,2563,2021-08-13,2021-08-23,-0.032048736608373,2021,2021-06-30,learned_order_offset,20260911,0.6726999329994912,0.6726999329994912,1,0
annual_state_offset,2568,2021-08-20,2021-08-30,0.0145047962107527,2021,2021-06-30,learned_order_offset,20260911,0.49171508376226725,0.49171508376226725,0,1
annual_state_offset,2573,2021-08-27,2021-09-06,-0.0012316820816045,2021,2021-06-30,learned_order_offset,20260911,0.8382628237326699,0.8382628237326699,1,0
annual_state_offset,2578,2021-09-03,2021-09-13,0.0342301066295398,2021,2021-06-30,learned_order_offset,20260911,0.7955638770524901,0.7955638770524901,1,1
annual_state_offset,2583,2021-09-10,2021-09-22,-0.0471441667981554,2021,2021-06-30,learned_order_offset,20260911,0.7722481128950414,0.7722481128950414,1,0
annual_state_offset,2588,2021-09-17,2021-09-28,0.0209863060789441,2021,2021-06-30,learned_order_offset,20260911,0.8025379194476971,0.8025379194476971,1,1
annual_state_offset,2591,2021-09-24,2021-10-11,0.0144615416200457,2021,2021-06-30,learned_order_offset,20260911,0.6670102925222845,0.6670102925222845,1,1
annual_shared_offset,2533,2021-07-02,2021-07-12,0.0068193733271841,2021,2021-06-30,learned_order_offset,20260911,0.4763361226915325,0.4763361226915325,0,1
annual_shared_offset,2538,2021-07-09,2021-07-19,-0.0048254045313779,2021,2021-06-30,learned_order_offset,20260911,0.182634957427803,0.182634957427803,0,0
annual_shared_offset,2543,2021-07-16,2021-07-26,-0.0032299118953994,2021,2021-06-30,learned_order_offset,20260911,0.2922296424028445,0.2922296424028445,0,0
annual_shared_offset,2548,2021-07-23,2021-08-02,-0.0537740931579083,2021,2021-06-30,learned_order_offset,20260911,0.35717461189257044,0.35717461189257044,0,0
annual_shared_offset,2553,2021-07-30,2021-08-09,0.019904813945049,2021,2021-06-30,learned_order_offset,20260911,0.537384140549164,0.537384140549164,1,1
annual_shared_offset,2558,2021-08-06,2021-08-16,0.0093369268709639,2021,2021-06-30,learned_order_offset,20260911,0.5836412732218356,0.5836412732218356,1,1
annual_shared_offset,2563,2021-08-13,2021-08-23,-0.032048736608373,2021,2021-06-30,learned_order_offset,20260911,0.6324646336392445,0.6324646336392445,1,0
annual_shared_offset,2568,2021-08-20,2021-08-30,0.0145047962107527,2021,2021-06-30,learned_order_offset,20260911,0.447504196446863,0.447504196446863,0,1
annual_shared_offset,2573,2021-08-27,2021-09-06,-0.0012316820816045,2021,2021-06-30,learned_order_offset,20260911,0.8127139096070576,0.8127139096070576,1,0
annual_shared_offset,2578,2021-09-03,2021-09-13,0.0342301066295398,2021,2021-06-30,learned_order_offset,20260911,0.7651596078440256,0.7651596078440256,1,1
annual_shared_offset,2583,2021-09-10,2021-09-22,-0.0471441667981554,2021,2021-06-30,learned_order_offset,20260911,0.7395116392857669,0.7395116392857669,1,0
annual_shared_offset,2588,2021-09-17,2021-09-28,0.0209863060789441,2021,2021-06-30,learned_order_offset,20260911,0.7728747386706245,0.7728747386706245,1,1
annual_shared_offset,2591,2021-09-24,2021-10-11,0.0144615416200457,2021,2021-06-30,learned_order_offset,20260911,0.6670102925222845,0.6670102925222845,1,1
annual_state_offset_half,2533,2021-07-02,2021-07-12,0.0068193733271841,2021,2021-06-30,learned_order_offset,20260911,0.5045302834612992,0.5045302834612992,1,1
annual_state_offset_half,2538,2021-07-09,2021-07-19,-0.0048254045313779,2021,2021-06-30,learned_order_offset,20260911,0.17449205296125853,0.17449205296125853,0,0
annual_state_offset_half,2543,2021-07-16,2021-07-26,-0.0032299118953994,2021,2021-06-30,learned_order_offset,20260911,0.2808795318901477,0.2808795318901477,0,0
annual_state_offset_half,2548,2021-07-23,2021-08-02,-0.0537740931579083,2021,2021-06-30,learned_order_offset,20260911,0.3445299385331177,0.3445299385331177,0,0
annual_state_offset_half,2553,2021-07-30,2021-08-09,0.019904813945049,2021,2021-06-30,learned_order_offset,20260911,0.5652910634734737,0.5652910634734737,1,1
annual_state_offset_half,2558,2021-08-06,2021-08-16,0.0093369268709639,2021,2021-06-30,learned_order_offset,20260911,0.6107788442690554,0.6107788442690554,1,1
annual_state_offset_half,2563,2021-08-13,2021-08-23,-0.032048736608373,2021,2021-06-30,learned_order_offset,20260911,0.6582831443020147,0.6582831443020147,1,0
annual_state_offset_half,2568,2021-08-20,2021-08-30,0.0145047962107527,2021,2021-06-30,learned_order_offset,20260911,0.4755415328749361,0.4755415328749361,0,1
annual_state_offset_half,2573,2021-08-27,2021-09-06,-0.0012316820816045,2021,2021-06-30,learned_order_offset,20260911,0.8292880201568005,0.8292880201568005,1,0
annual_state_offset_half,2578,2021-09-03,2021-09-13,0.0342301066295398,2021,2021-06-30,learned_order_offset,20260911,0.784827895143788,0.784827895143788,1,1
annual_state_offset_half,2583,2021-09-10,2021-09-22,-0.0471441667981554,2021,2021-06-30,learned_order_offset,20260911,0.7606560688443007,0.7606560688443007,1,0
annual_state_offset_half,2588,2021-09-17,2021-09-28,0.0209863060789441,2021,2021-06-30,learned_order_offset,20260911,0.7920724593616939,0.7920724593616939,1,1
annual_state_offset_half,2591,2021-09-24,2021-10-11,0.0144615416200457,2021,2021-06-30,learned_order_offset,20260911,0.6670102925222845,0.6670102925222845,1,1
annual_state_offset,2533,2021-07-02,2021-07-12,0.0068193733271841,2021,2021-06-30,learned_market,20260912,0.5291905476745509,0.5291905476745509,1,1
annual_state_offset,2538,2021-07-09,2021-07-19,-0.0048254045313779,2021,2021-06-30,learned_market,20260912,0.5575903640427186,0.5575903640427186,1,0
annual_state_offset,2543,2021-07-16,2021-07-26,-0.0032299118953994,2021,2021-06-30,learned_market,20260912,0.4253213703962704,0.4253213703962704,0,0
annual_state_offset,2548,2021-07-23,2021-08-02,-0.0537740931579083,2021,2021-06-30,learned_market,20260912,0.5521111357471635,0.5521111357471635,1,0
annual_state_offset,2553,2021-07-30,2021-08-09,0.019904813945049,2021,2021-06-30,learned_market,20260912,0.537423036756992,0.537423036756992,1,1
annual_state_offset,2558,2021-08-06,2021-08-16,0.0093369268709639,2021,2021-06-30,learned_market,20260912,0.5281468346942443,0.5281468346942443,1,1
annual_state_offset,2563,2021-08-13,2021-08-23,-0.032048736608373,2021,2021-06-30,learned_market,20260912,0.8085659617067276,0.8085659617067276,1,0
annual_state_offset,2568,2021-08-20,2021-08-30,0.0145047962107527,2021,2021-06-30,learned_market,20260912,0.7063478772108508,0.7063478772108508,1,1
annual_state_offset,2573,2021-08-27,2021-09-06,-0.0012316820816045,2021,2021-06-30,learned_market,20260912,0.6628857663009569,0.6628857663009569,1,0
annual_state_offset,2578,2021-09-03,2021-09-13,0.0342301066295398,2021,2021-06-30,learned_market,20260912,0.5981192105680616,0.5981192105680616,1,1
annual_state_offset,2583,2021-09-10,2021-09-22,-0.0471441667981554,2021,2021-06-30,learned_market,20260912,0.6112805664298152,0.6112805664298152,1,0
annual_state_offset,2588,2021-09-17,2021-09-28,0.0209863060789441,2021,2021-06-30,learned_market,20260912,0.5565915864125064,0.5565915864125064,1,1
annual_state_offset,2591,2021-09-24,2021-10-11,0.0144615416200457,2021,2021-06-30,learned_market,20260912,0.43126701380981713,0.43126701380981713,0,1
annual_shared_offset,2533,2021-07-02,2021-07-12,0.0068193733271841,2021,2021-06-30,learned_market,20260912,0.4872723496735805,0.4872723496735805,0,1
annual_shared_offset,2538,2021-07-09,2021-07-19,-0.0048254045313779,2021,2021-06-30,learned_market,20260912,0.5941086498341652,0.5941086498341652,1,0
annual_shared_offset,2543,2021-07-16,2021-07-26,-0.0032299118953994,2021,2021-06-30,learned_market,20260912,0.46222770825667,0.46222770825667,0,0
annual_shared_offset,2548,2021-07-23,2021-08-02,-0.0537740931579083,2021,2021-06-30,learned_market,20260912,0.5887481209310508,0.5887481209310508,1,0
annual_shared_offset,2553,2021-07-30,2021-08-09,0.019904813945049,2021,2021-06-30,learned_market,20260912,0.49553909141530794,0.49553909141530794,0,1
annual_shared_offset,2558,2021-08-06,2021-08-16,0.0093369268709639,2021,2021-06-30,learned_market,20260912,0.4862259295478677,0.4862259295478677,0,1
annual_shared_offset,2563,2021-08-13,2021-08-23,-0.032048736608373,2021,2021-06-30,learned_market,20260912,0.7812391585958693,0.7812391585958693,1,0
annual_shared_offset,2568,2021-08-20,2021-08-30,0.0145047962107527,2021,2021-06-30,learned_market,20260912,0.6703780309612692,0.6703780309612692,1,1
annual_shared_offset,2573,2021-08-27,2021-09-06,-0.0012316820816045,2021,2021-06-30,learned_market,20260912,0.624422905866215,0.624422905866215,1,0
annual_shared_offset,2578,2021-09-03,2021-09-13,0.0342301066295398,2021,2021-06-30,learned_market,20260912,0.5572029165327976,0.5572029165327976,1,1
annual_shared_offset,2583,2021-09-10,2021-09-22,-0.0471441667981554,2021,2021-06-30,learned_market,20260912,0.5707425784655531,0.5707425784655531,1,0
annual_shared_offset,2588,2021-09-17,2021-09-28,0.0209863060789441,2021,2021-06-30,learned_market,20260912,0.5148765430578193,0.5148765430578193,1,1
annual_shared_offset,2591,2021-09-24,2021-10-11,0.0144615416200457,2021,2021-06-30,learned_market,20260912,0.43126701380981713,0.43126701380981713,0,1
annual_state_offset_half,2533,2021-07-02,2021-07-12,0.0068193733271841,2021,2021-06-30,learned_market,20260912,0.522181419550578,0.522181419550578,1,1
annual_state_offset_half,2538,2021-07-09,2021-07-19,-0.0048254045313779,2021,2021-06-30,learned_market,20260912,0.5895195835775288,0.5895195835775288,1,0
annual_state_offset_half,2543,2021-07-16,2021-07-26,-0.0032299118953994,2021,2021-06-30,learned_market,20260912,0.45750909429732656,0.45750909429732656,0,0
annual_state_offset_half,2548,2021-07-23,2021-08-02,-0.0537740931579083,2021,2021-06-30,learned_market,20260912,0.58414087087345,0.58414087087345,1,0
annual_state_offset_half,2553,2021-07-30,2021-08-09,0.019904813945049,2021,2021-06-30,learned_market,20260912,0.5304277162024393,0.5304277162024393,1,1
annual_state_offset_half,2558,2021-08-06,2021-08-16,0.0093369268709639,2021,2021-06-30,learned_market,20260912,0.5211362288679819,0.5211362288679819,1,1
annual_state_offset_half,2563,2021-08-13,2021-08-23,-0.032048736608373,2021,2021-06-30,learned_market,20260912,0.8041769353933365,0.8041769353933365,1,0
annual_state_offset_half,2568,2021-08-20,2021-08-30,0.0145047962107527,2021,2021-06-30,learned_market,20260912,0.7004834120477871,0.7004834120477871,1,1
annual_state_offset_half,2573,2021-08-27,2021-09-06,-0.0012316820816045,2021,2021-06-30,learned_market,20260912,0.6565753346927587,0.6565753346927587,1,0
annual_state_offset_half,2578,2021-09-03,2021-09-13,0.0342301066295398,2021,2021-06-30,learned_market,20260912,0.5913438140664121,0.5913438140664121,1,1
annual_state_offset_half,2583,2021-09-10,2021-09-22,-0.0471441667981554,2021,2021-06-30,learned_market,20260912,0.6045803673920487,0.6045803673920487,1,0
annual_state_offset_half,2588,2021-09-17,2021-09-28,0.0209863060789441,2021,2021-06-30,learned_market,20260912,0.5496432278496831,0.5496432278496831,1,1
annual_state_offset_half,2591,2021-09-24,2021-10-11,0.0144615416200457,2021,2021-06-30,learned_market,20260912,0.43126701380981713,0.43126701380981713,0,1
annual_state_offset,2533,2021-07-02,2021-07-12,0.0068193733271841,2021,2021-06-30,learned_vol_interaction,20260912,0.5286939380788679,0.5286939380788679,1,1
annual_state_offset,2538,2021-07-09,2021-07-19,-0.0048254045313779,2021,2021-06-30,learned_vol_interaction,20260912,0.5552301280533685,0.5552301280533685,1,0
annual_state_offset,2543,2021-07-16,2021-07-26,-0.0032299118953994,2021,2021-06-30,learned_vol_interaction,20260912,0.4216992550901725,0.4216992550901725,0,0
annual_state_offset,2548,2021-07-23,2021-08-02,-0.0537740931579083,2021,2021-06-30,learned_vol_interaction,20260912,0.5503017589149329,0.5503017589149329,1,0
annual_state_offset,2553,2021-07-30,2021-08-09,0.019904813945049,2021,2021-06-30,learned_vol_interaction,20260912,0.5378198508594506,0.5378198508594506,1,1
annual_state_offset,2558,2021-08-06,2021-08-16,0.0093369268709639,2021,2021-06-30,learned_vol_interaction,20260912,0.5274948324623782,0.5274948324623782,1,1
annual_state_offset,2563,2021-08-13,2021-08-23,-0.032048736608373,2021,2021-06-30,learned_vol_interaction,20260912,0.8034166304254549,0.8034166304254549,1,0
annual_state_offset,2568,2021-08-20,2021-08-30,0.0145047962107527,2021,2021-06-30,learned_vol_interaction,20260912,0.7044843434295409,0.7044843434295409,1,1
annual_state_offset,2573,2021-08-27,2021-09-06,-0.0012316820816045,2021,2021-06-30,learned_vol_interaction,20260912,0.6626399151863318,0.6626399151863318,1,0
annual_state_offset,2578,2021-09-03,2021-09-13,0.0342301066295398,2021,2021-06-30,learned_vol_interaction,20260912,0.5968254994805274,0.5968254994805274,1,1
annual_state_offset,2583,2021-09-10,2021-09-22,-0.0471441667981554,2021,2021-06-30,learned_vol_interaction,20260912,0.61132378779648,0.61132378779648,1,0
annual_state_offset,2588,2021-09-17,2021-09-28,0.0209863060789441,2021,2021-06-30,learned_vol_interaction,20260912,0.5564414907712693,0.5564414907712693,1,1
annual_state_offset,2591,2021-09-24,2021-10-11,0.0144615416200457,2021,2021-06-30,learned_vol_interaction,20260912,0.42884602217775675,0.42884602217775675,0,1
annual_shared_offset,2533,2021-07-02,2021-07-12,0.0068193733271841,2021,2021-06-30,learned_vol_interaction,20260912,0.4867373914549984,0.4867373914549984,0,1
annual_shared_offset,2538,2021-07-09,2021-07-19,-0.0048254045313779,2021,2021-06-30,learned_vol_interaction,20260912,0.5918081349451235,0.5918081349451235,1,0
annual_shared_offset,2543,2021-07-16,2021-07-26,-0.0032299118953994,2021,2021-06-30,learned_vol_interaction,20260912,0.45854980844912885,0.45854980844912885,0,0
annual_shared_offset,2548,2021-07-23,2021-08-02,-0.0537740931579083,2021,2021-06-30,learned_vol_interaction,20260912,0.5869835799063253,0.5869835799063253,1,0
annual_shared_offset,2553,2021-07-30,2021-08-09,0.019904813945049,2021,2021-06-30,learned_vol_interaction,20260912,0.49590109765175927,0.49590109765175927,0,1
annual_shared_offset,2558,2021-08-06,2021-08-16,0.0093369268709639,2021,2021-06-30,learned_vol_interaction,20260912,0.4855354128432746,0.4855354128432746,0,1
annual_shared_offset,2563,2021-08-13,2021-08-23,-0.032048736608373,2021,2021-06-30,learned_vol_interaction,20260912,0.7755330162168012,0.7755330162168012,1,0
annual_shared_offset,2568,2021-08-20,2021-08-30,0.0145047962107527,2021,2021-06-30,learned_vol_interaction,20260912,0.6683605538262619,0.6683605538262619,1,1
annual_shared_offset,2573,2021-08-27,2021-09-06,-0.0012316820816045,2021,2021-06-30,learned_vol_interaction,20260912,0.6241301509791769,0.6241301509791769,1,0
annual_shared_offset,2578,2021-09-03,2021-09-13,0.0342301066295398,2021,2021-06-30,learned_vol_interaction,20260912,0.5558387149851545,0.5558387149851545,1,1
annual_shared_offset,2583,2021-09-10,2021-09-22,-0.0471441667981554,2021,2021-06-30,learned_vol_interaction,20260912,0.5707508436795374,0.5707508436795374,1,0
annual_shared_offset,2588,2021-09-17,2021-09-28,0.0209863060789441,2021,2021-06-30,learned_vol_interaction,20260912,0.5146876294715818,0.5146876294715818,1,1
annual_shared_offset,2591,2021-09-24,2021-10-11,0.0144615416200457,2021,2021-06-30,learned_vol_interaction,20260912,0.42884602217775675,0.42884602217775675,0,1
annual_state_offset_half,2533,2021-07-02,2021-07-12,0.0068193733271841,2021,2021-06-30,learned_vol_interaction,20260912,0.5217845772249926,0.5217845772249926,1,1
annual_state_offset_half,2538,2021-07-09,2021-07-19,-0.0048254045313779,2021,2021-06-30,learned_vol_interaction,20260912,0.587322913986717,0.587322913986717,1,0
annual_state_offset_half,2543,2021-07-16,2021-07-26,-0.0032299118953994,2021,2021-06-30,learned_vol_interaction,20260912,0.45395136981434137,0.45395136981434137,0,0
annual_state_offset_half,2548,2021-07-23,2021-08-02,-0.0537740931579083,2021,2021-06-30,learned_vol_interaction,20260912,0.5824827465181256,0.5824827465181256,1,0
annual_state_offset_half,2553,2021-07-30,2021-08-09,0.019904813945049,2021,2021-06-30,learned_vol_interaction,20260912,0.5309255767408447,0.5309255767408447,1,1
annual_state_offset_half,2558,2021-08-06,2021-08-16,0.0093369268709639,2021,2021-06-30,learned_vol_interaction,20260912,0.5205838331365462,0.5205838331365462,1,1
annual_state_offset_half,2563,2021-08-13,2021-08-23,-0.032048736608373,2021,2021-06-30,learned_vol_interaction,20260912,0.7990035777623679,0.7990035777623679,1,0
annual_state_offset_half,2568,2021-08-20,2021-08-30,0.0145047962107527,2021,2021-06-30,learned_vol_interaction,20260912,0.698683321829067,0.698683321829067,1,1
annual_state_offset_half,2573,2021-08-27,2021-09-06,-0.0012316820816045,2021,2021-06-30,learned_vol_interaction,20260912,0.6564180893628296,0.6564180893628296,1,0
annual_state_offset_half,2578,2021-09-03,2021-09-13,0.0342301066295398,2021,2021-06-30,learned_vol_interaction,20260912,0.5901406413916329,0.5901406413916329,1,1
annual_state_offset_half,2583,2021-09-10,2021-09-22,-0.0471441667981554,2021,2021-06-30,learned_vol_interaction,20260912,0.6047201083596289,0.6047201083596289,1,0
annual_state_offset_half,2588,2021-09-17,2021-09-28,0.0209863060789441,2021,2021-06-30,learned_vol_interaction,20260912,0.5495923638171138,0.5495923638171138,1,1
annual_state_offset_half,2591,2021-09-24,2021-10-11,0.0144615416200457,2021,2021-06-30,learned_vol_interaction,20260912,0.42884602217775675,0.42884602217775675,0,1
annual_state_offset,2533,2021-07-02,2021-07-12,0.0068193733271841,2021,2021-06-30,learned_order_extension,20260912,0.5258364443519303,0.5258364443519303,1,1
annual_state_offset,2538,2021-07-09,2021-07-19,-0.0048254045313779,2021,2021-06-30,learned_order_extension,20260912,0.5579005437010868,0.5579005437010868,1,0
annual_state_offset,2543,2021-07-16,2021-07-26,-0.0032299118953994,2021,2021-06-30,learned_order_extension,20260912,0.41349428983968634,0.41349428983968634,0,0
annual_state_offset,2548,2021-07-23,2021-08-02,-0.0537740931579083,2021,2021-06-30,learned_order_extension,20260912,0.5485572951220761,0.5485572951220761,1,0
annual_state_offset,2553,2021-07-30,2021-08-09,0.019904813945049,2021,2021-06-30,learned_order_extension,20260912,0.5321499544440099,0.5321499544440099,1,1
annual_state_offset,2558,2021-08-06,2021-08-16,0.0093369268709639,2021,2021-06-30,learned_order_extension,20260912,0.52336212339745,0.52336212339745,1,1
annual_state_offset,2563,2021-08-13,2021-08-23,-0.032048736608373,2021,2021-06-30,learned_order_extension,20260912,0.8034788229426297,0.8034788229426297,1,0
annual_state_offset,2568,2021-08-20,2021-08-30,0.0145047962107527,2021,2021-06-30,learned_order_extension,20260912,0.7041277358615827,0.7041277358615827,1,1
annual_state_offset,2573,2021-08-27,2021-09-06,-0.0012316820816045,2021,2021-06-30,learned_order_extension,20260912,0.661050815264694,0.661050815264694,1,0
annual_state_offset,2578,2021-09-03,2021-09-13,0.0342301066295398,2021,2021-06-30,learned_order_extension,20260912,0.5940208322049447,0.5940208322049447,1,1
annual_state_offset,2583,2021-09-10,2021-09-22,-0.0471441667981554,2021,2021-06-30,learned_order_extension,20260912,0.6110693343573287,0.6110693343573287,1,0
annual_state_offset,2588,2021-09-17,2021-09-28,0.0209863060789441,2021,2021-06-30,learned_order_extension,20260912,0.5513684260242876,0.5513684260242876,1,1
annual_state_offset,2591,2021-09-24,2021-10-11,0.0144615416200457,2021,2021-06-30,learned_order_extension,20260912,0.4159392588263915,0.4159392588263915,0,1
annual_shared_offset,2533,2021-07-02,2021-07-12,0.0068193733271841,2021,2021-06-30,learned_order_extension,20260912,0.4837861279642843,0.4837861279642843,0,1
annual_shared_offset,2538,2021-07-09,2021-07-19,-0.0048254045313779,2021,2021-06-30,learned_order_extension,20260912,0.5944753952185842,0.5944753952185842,1,0
annual_shared_offset,2543,2021-07-16,2021-07-26,-0.0032299118953994,2021,2021-06-30,learned_order_extension,20260912,0.4502435362804389,0.4502435362804389,0,0
annual_shared_offset,2548,2021-07-23,2021-08-02,-0.0537740931579083,2021,2021-06-30,learned_order_extension,20260912,0.5853305920894699,0.5853305920894699,1,0
annual_shared_offset,2553,2021-07-30,2021-08-09,0.019904813945049,2021,2021-06-30,learned_order_extension,20260912,0.49011662462022143,0.49011662462022143,0,1
annual_shared_offset,2558,2021-08-06,2021-08-16,0.0093369268709639,2021,2021-06-30,learned_order_extension,20260912,0.4813088253020788,0.4813088253020788,0,1
annual_shared_offset,2563,2021-08-13,2021-08-23,-0.032048736608373,2021,2021-06-30,learned_order_extension,20260912,0.775540426018721,0.775540426018721,1,0
annual_shared_offset,2568,2021-08-20,2021-08-30,0.0145047962107527,2021,2021-06-30,learned_order_extension,20260912,0.6679029914974159,0.6679029914974159,1,1
annual_shared_offset,2573,2021-08-27,2021-09-06,-0.0012316820816045,2021,2021-06-30,learned_order_extension,20260912,0.622380454421789,0.622380454421789,1,0
annual_shared_offset,2578,2021-09-03,2021-09-13,0.0342301066295398,2021,2021-06-30,learned_order_extension,20260912,0.5528756581421047,0.5528756581421047,1,1
annual_shared_offset,2583,2021-09-10,2021-09-22,-0.0471441667981554,2021,2021-06-30,learned_order_extension,20260912,0.5704024190609865,0.5704024190609865,1,0
annual_shared_offset,2588,2021-09-17,2021-09-28,0.0209863060789441,2021,2021-06-30,learned_order_extension,20260912,0.5094701401088518,0.5094701401088518,1,1
annual_shared_offset,2591,2021-09-24,2021-10-11,0.0144615416200457,2021,2021-06-30,learned_order_extension,20260912,0.4159392588263915,0.4159392588263915,0,1
annual_state_offset_half,2533,2021-07-02,2021-07-12,0.0068193733271841,2021,2021-06-30,learned_order_extension,20260912,0.5189160452250913,0.5189160452250913,1,1
annual_state_offset_half,2538,2021-07-09,2021-07-19,-0.0048254045313779,2021,2021-06-30,learned_order_extension,20260912,0.5900065087061039,0.5900065087061039,1,0
annual_state_offset_half,2543,2021-07-16,2021-07-26,-0.0032299118953994,2021,2021-06-30,learned_order_extension,20260912,0.4456673209891407,0.4456673209891407,0,0
annual_state_offset_half,2548,2021-07-23,2021-08-02,-0.0537740931579083,2021,2021-06-30,learned_order_extension,20260912,0.5808319873566891,0.5808319873566891,1,0
annual_state_offset_half,2553,2021-07-30,2021-08-09,0.019904813945049,2021,2021-06-30,learned_order_extension,20260912,0.5252385054837184,0.5252385054837184,1,1
annual_state_offset_half,2558,2021-08-06,2021-08-16,0.0093369268709639,2021,2021-06-30,learned_order_extension,20260912,0.5164388209522279,0.5164388209522279,1,1
annual_state_offset_half,2563,2021-08-13,2021-08-23,-0.032048736608373,2021,2021-06-30,learned_order_extension,20260912,0.7990621444612664,0.7990621444612664,1,0
annual_state_offset_half,2568,2021-08-20,2021-08-30,0.0145047962107527,2021,2021-06-30,learned_order_extension,20260912,0.698316580570754,0.698316580570754,1,1
annual_state_offset_half,2573,2021-08-27,2021-09-06,-0.0012316820816045,2021,2021-06-30,learned_order_extension,20260912,0.6548083707849991,0.6548083707849991,1,0
annual_state_offset_half,2578,2021-09-03,2021-09-13,0.0342301066295398,2021,2021-06-30,learned_order_extension,20260912,0.5873145720406865,0.5873145720406865,1,1
annual_state_offset_half,2583,2021-09-10,2021-09-22,-0.0471441667981554,2021,2021-06-30,learned_order_extension,20260912,0.6044571707175734,0.6044571707175734,1,0
annual_state_offset_half,2588,2021-09-17,2021-09-28,0.0209863060789441,2021,2021-06-30,learned_order_extension,20260912,0.5444978698855538,0.5444978698855538,1,1
annual_state_offset_half,2591,2021-09-24,2021-10-11,0.0144615416200457,2021,2021-06-30,learned_order_extension,20260912,0.4159392588263915,0.4159392588263915,0,1
annual_state_offset,2533,2021-07-02,2021-07-12,0.0068193733271841,2021,2021-06-30,learned_order_offset,20260912,0.5259633828791737,0.5259633828791737,1,1
annual_state_offset,2538,2021-07-09,2021-07-19,-0.0048254045313779,2021,2021-06-30,learned_order_offset,20260912,0.5576171250599871,0.5576171250599871,1,0
annual_state_offset,2543,2021-07-16,2021-07-26,-0.0032299118953994,2021,2021-06-30,learned_order_offset,20260912,0.4130777015282794,0.4130777015282794,0,0
annual_state_offset,2548,2021-07-23,2021-08-02,-0.0537740931579083,2021,2021-06-30,learned_order_offset,20260912,0.5482735635627123,0.5482735635627123,1,0
annual_state_offset,2553,2021-07-30,2021-08-09,0.019904813945049,2021,2021-06-30,learned_order_offset,20260912,0.5319424321588804,0.5319424321588804,1,1
annual_state_offset,2558,2021-08-06,2021-08-16,0.0093369268709639,2021,2021-06-30,learned_order_offset,20260912,0.5231994095687663,0.5231994095687663,1,1
annual_state_offset,2563,2021-08-13,2021-08-23,-0.032048736608373,2021,2021-06-30,learned_order_offset,20260912,0.8030149936354967,0.8030149936354967,1,0
annual_state_offset,2568,2021-08-20,2021-08-30,0.0145047962107527,2021,2021-06-30,learned_order_offset,20260912,0.7038316453037249,0.7038316453037249,1,1
annual_state_offset,2573,2021-08-27,2021-09-06,-0.0012316820816045,2021,2021-06-30,learned_order_offset,20260912,0.6609823757992533,0.6609823757992533,1,0
annual_state_offset,2578,2021-09-03,2021-09-13,0.0342301066295398,2021,2021-06-30,learned_order_offset,20260912,0.5939643457577334,0.5939643457577334,1,1
annual_state_offset,2583,2021-09-10,2021-09-22,-0.0471441667981554,2021,2021-06-30,learned_order_offset,20260912,0.6107926935803059,0.6107926935803059,1,0
annual_state_offset,2588,2021-09-17,2021-09-28,0.0209863060789441,2021,2021-06-30,learned_order_offset,20260912,0.5511687026110775,0.5511687026110775,1,1
annual_state_offset,2591,2021-09-24,2021-10-11,0.0144615416200457,2021,2021-06-30,learned_order_offset,20260912,0.4161001339098918,0.4161001339098918,0,1
annual_shared_offset,2533,2021-07-02,2021-07-12,0.0068193733271841,2021,2021-06-30,learned_order_offset,20260912,0.48390279527867,0.48390279527867,0,1
annual_shared_offset,2538,2021-07-09,2021-07-19,-0.0048254045313779,2021,2021-06-30,learned_order_offset,20260912,0.5942088634444962,0.5942088634444962,1,0
annual_shared_offset,2543,2021-07-16,2021-07-26,-0.0032299118953994,2021,2021-06-30,learned_order_offset,20260912,0.44982909051316905,0.44982909051316905,0,0
annual_shared_offset,2548,2021-07-23,2021-08-02,-0.0537740931579083,2021,2021-06-30,learned_order_offset,20260912,0.5850630556990782,0.5850630556990782,1,0
annual_shared_offset,2553,2021-07-30,2021-08-09,0.019904813945049,2021,2021-06-30,learned_order_offset,20260912,0.48989784296819006,0.48989784296819006,0,1
annual_shared_offset,2558,2021-08-06,2021-08-16,0.0093369268709639,2021,2021-06-30,learned_order_offset,20260912,0.4811355119337532,0.4811355119337532,0,1
annual_shared_offset,2563,2021-08-13,2021-08-23,-0.032048736608373,2021,2021-06-30,learned_order_offset,20260912,0.7750218027512122,0.7750218027512122,1,0
annual_shared_offset,2568,2021-08-20,2021-08-30,0.0145047962107527,2021,2021-06-30,learned_order_offset,20260912,0.6675784511492618,0.6675784511492618,1,1
annual_shared_offset,2573,2021-08-27,2021-09-06,-0.0012316820816045,2021,2021-06-30,learned_order_offset,20260912,0.6222988048655063,0.6222988048655063,1,0
annual_shared_offset,2578,2021-09-03,2021-09-13,0.0342301066295398,2021,2021-06-30,learned_order_offset,20260912,0.552807382797098,0.552807382797098,1,1
annual_shared_offset,2583,2021-09-10,2021-09-22,-0.0471441667981554,2021,2021-06-30,learned_order_offset,20260912,0.5701069170486386,0.5701069170486386,1,0
annual_shared_offset,2588,2021-09-17,2021-09-28,0.0209863060789441,2021,2021-06-30,learned_order_offset,20260912,0.5092578781887409,0.5092578781887409,1,1
annual_shared_offset,2591,2021-09-24,2021-10-11,0.0144615416200457,2021,2021-06-30,learned_order_offset,20260912,0.4161001339098918,0.4161001339098918,0,1
annual_state_offset_half,2533,2021-07-02,2021-07-12,0.0068193733271841,2021,2021-06-30,learned_order_offset,20260912,0.5189990257421918,0.5189990257421918,1,1
annual_state_offset_half,2538,2021-07-09,2021-07-19,-0.0048254045313779,2021,2021-06-30,learned_order_offset,20260912,0.5896961204611517,0.5896961204611517,1,0
annual_state_offset_half,2543,2021-07-16,2021-07-26,-0.0032299118953994,2021,2021-06-30,learned_order_offset,20260912,0.44520983332401254,0.44520983332401254,0,0
annual_state_offset_half,2548,2021-07-23,2021-08-02,-0.0537740931579083,2021,2021-06-30,learned_order_offset,20260912,0.5805204047659304,0.5805204047659304,1,0
annual_state_offset_half,2553,2021-07-30,2021-08-09,0.019904813945049,2021,2021-06-30,learned_order_offset,20260912,0.5249865842403809,0.5249865842403809,1,1
annual_state_offset_half,2558,2021-08-06,2021-08-16,0.0093369268709639,2021,2021-06-30,learned_order_offset,20260912,0.5162317947377079,0.5162317947377079,1,1
annual_state_offset_half,2563,2021-08-13,2021-08-23,-0.032048736608373,2021,2021-06-30,learned_order_offset,20260912,0.7985620781275263,0.7985620781275263,1,0
annual_state_offset_half,2568,2021-08-20,2021-08-30,0.0145047962107527,2021,2021-06-30,learned_order_offset,20260912,0.697979916637883,0.697979916637883,1,1
annual_state_offset_half,2573,2021-08-27,2021-09-06,-0.0012316820816045,2021,2021-06-30,learned_order_offset,20260912,0.6546993794626916,0.6546993794626916,1,0
annual_state_offset_half,2578,2021-09-03,2021-09-13,0.0342301066295398,2021,2021-06-30,learned_order_offset,20260912,0.5872149656457466,0.5872149656457466,1,1
annual_state_offset_half,2583,2021-09-10,2021-09-22,-0.0471441667981554,2021,2021-06-30,learned_order_offset,20260912,0.6041366104066396,0.6041366104066396,1,0
annual_state_offset_half,2588,2021-09-17,2021-09-28,0.0209863060789441,2021,2021-06-30,learned_order_offset,20260912,0.5442537821356949,0.5442537821356949,1,1
annual_state_offset_half,2591,2021-09-24,2021-10-11,0.0144615416200457,2021,2021-06-30,learned_order_offset,20260912,0.4161001339098918,0.4161001339098918,0,1
annual_state_offset,2596,2021-10-08,2021-10-18,-0.0038006269617851,2021,2021-09-30,learned_market,20260910,0.7103284017268151,0.7103284017268151,1,0
annual_state_offset,2601,2021-10-15,2021-10-25,0.0037358989621147,2021,2021-09-30,learned_market,20260910,0.7054426847772952,0.7054426847772952,1,1
annual_state_offset,2606,2021-10-22,2021-11-01,-0.0127041632091318,2021,2021-09-30,learned_market,20260910,0.561668990030631,0.561668990030631,1,0
annual_state_offset,2611,2021-10-29,2021-11-08,-0.0075807737801166,2021,2021-09-30,learned_market,20260910,0.6108984612906126,0.6108984612906126,1,0
annual_state_offset,2616,2021-11-05,2021-11-15,0.0110015182343039,2021,2021-09-30,learned_market,20260910,0.6566176820686879,0.6566176820686879,1,1
annual_state_offset,2621,2021-11-12,2021-11-22,0.0002002284238551,2021,2021-09-30,learned_market,20260910,0.7459419474434704,0.7459419474434704,1,1
annual_state_offset,2626,2021-11-19,2021-11-29,-0.0153981603100059,2021,2021-09-30,learned_market,20260910,0.7859013728177604,0.7859013728177604,1,0
annual_state_offset,2631,2021-11-26,2021-12-06,0.0185518287306458,2021,2021-09-30,learned_market,20260910,0.679954560670936,0.679954560670936,1,1
annual_state_offset,2636,2021-12-03,2021-12-13,0.0367843110096284,2021,2021-09-30,learned_market,20260910,0.7112932093326706,0.7112932093326706,1,1
annual_state_offset,2641,2021-12-10,2021-12-20,-0.0304615698955996,2021,2021-09-30,learned_market,20260910,0.6390326917638234,0.6390326917638234,1,0
annual_state_offset,2646,2021-12-17,2021-12-27,-0.0034083287233763,2021,2021-09-30,learned_market,20260910,0.7446633818142671,0.7446633818142671,1,0
annual_state_offset,2651,2021-12-24,2022-01-04,0.0080985736506613,2021,2021-09-30,learned_market,20260910,0.777355782640224,0.777355782640224,1,1
annual_state_offset,2656,2021-12-31,2022-01-10,-0.0293970528320001,2021,2021-09-30,learned_market,20260910,0.7662280825028948,0.7662280825028948,1,0
annual_shared_offset,2596,2021-10-08,2021-10-18,-0.0038006269617851,2021,2021-09-30,learned_market,20260910,0.7103284017268151,0.7103284017268151,1,0
annual_shared_offset,2601,2021-10-15,2021-10-25,0.0037358989621147,2021,2021-09-30,learned_market,20260910,0.7054426847772952,0.7054426847772952,1,1
annual_shared_offset,2606,2021-10-22,2021-11-01,-0.0127041632091318,2021,2021-09-30,learned_market,20260910,0.561668990030631,0.561668990030631,1,0
annual_shared_offset,2611,2021-10-29,2021-11-08,-0.0075807737801166,2021,2021-09-30,learned_market,20260910,0.5516787437168101,0.5516787437168101,1,0
annual_shared_offset,2616,2021-11-05,2021-11-15,0.0110015182343039,2021,2021-09-30,learned_market,20260910,0.6566176820686879,0.6566176820686879,1,1
annual_shared_offset,2621,2021-11-12,2021-11-22,0.0002002284238551,2021,2021-09-30,learned_market,20260910,0.7459419474434704,0.7459419474434704,1,1
annual_shared_offset,2626,2021-11-19,2021-11-29,-0.0153981603100059,2021,2021-09-30,learned_market,20260910,0.7859013728177604,0.7859013728177604,1,0
annual_shared_offset,2631,2021-11-26,2021-12-06,0.0185518287306458,2021,2021-09-30,learned_market,20260910,0.679954560670936,0.679954560670936,1,1
annual_shared_offset,2636,2021-12-03,2021-12-13,0.0367843110096284,2021,2021-09-30,learned_market,20260910,0.6588196329902576,0.6588196329902576,1,1
annual_shared_offset,2641,2021-12-10,2021-12-20,-0.0304615698955996,2021,2021-09-30,learned_market,20260910,0.581159147296696,0.581159147296696,1,0
annual_shared_offset,2646,2021-12-17,2021-12-27,-0.0034083287233763,2021,2021-09-30,learned_market,20260910,0.6956598719552984,0.6956598719552984,1,0
annual_shared_offset,2651,2021-12-24,2022-01-04,0.0080985736506613,2021,2021-09-30,learned_market,20260910,0.7323715791452172,0.7323715791452172,1,1
annual_shared_offset,2656,2021-12-31,2022-01-10,-0.0293970528320001,2021,2021-09-30,learned_market,20260910,0.7198059683437488,0.7198059683437488,1,0
annual_state_offset_half,2596,2021-10-08,2021-10-18,-0.0038006269617851,2021,2021-09-30,learned_market,20260910,0.7103284017268151,0.7103284017268151,1,0
annual_state_offset_half,2601,2021-10-15,2021-10-25,0.0037358989621147,2021,2021-09-30,learned_market,20260910,0.7054426847772952,0.7054426847772952,1,1
annual_state_offset_half,2606,2021-10-22,2021-11-01,-0.0127041632091318,2021,2021-09-30,learned_market,20260910,0.561668990030631,0.561668990030631,1,0
annual_state_offset_half,2611,2021-10-29,2021-11-08,-0.0075807737801166,2021,2021-09-30,learned_market,20260910,0.5944824507610051,0.5944824507610051,1,0
annual_state_offset_half,2616,2021-11-05,2021-11-15,0.0110015182343039,2021,2021-09-30,learned_market,20260910,0.6566176820686879,0.6566176820686879,1,1
annual_state_offset_half,2621,2021-11-12,2021-11-22,0.0002002284238551,2021,2021-09-30,learned_market,20260910,0.7459419474434704,0.7459419474434704,1,1
annual_state_offset_half,2626,2021-11-19,2021-11-29,-0.0153981603100059,2021,2021-09-30,learned_market,20260910,0.7859013728177604,0.7859013728177604,1,0
annual_state_offset_half,2631,2021-11-26,2021-12-06,0.0185518287306458,2021,2021-09-30,learned_market,20260910,0.679954560670936,0.679954560670936,1,1
annual_state_offset_half,2636,2021-12-03,2021-12-13,0.0367843110096284,2021,2021-09-30,learned_market,20260910,0.6970120675340934,0.6970120675340934,1,1
annual_state_offset_half,2641,2021-12-10,2021-12-20,-0.0304615698955996,2021,2021-09-30,learned_market,20260910,0.6230712822296316,0.6230712822296316,1,0
annual_state_offset_half,2646,2021-12-17,2021-12-27,-0.0034083287233763,2021,2021-09-30,learned_market,20260910,0.7314096126929395,0.7314096126929395,1,0
annual_state_offset_half,2651,2021-12-24,2022-01-04,0.0080985736506613,2021,2021-09-30,learned_market,20260910,0.765264054636052,0.765264054636052,1,1
annual_state_offset_half,2656,2021-12-31,2022-01-10,-0.0293970528320001,2021,2021-09-30,learned_market,20260910,0.7537234763767127,0.7537234763767127,1,0
annual_state_offset,2596,2021-10-08,2021-10-18,-0.0038006269617851,2021,2021-09-30,learned_vol_interaction,20260910,0.7389350198038485,0.7389350198038485,1,0
annual_state_offset,2601,2021-10-15,2021-10-25,0.0037358989621147,2021,2021-09-30,learned_vol_interaction,20260910,0.7518254704320237,0.7518254704320237,1,1
annual_state_offset,2606,2021-10-22,2021-11-01,-0.0127041632091318,2021,2021-09-30,learned_vol_interaction,20260910,0.5667069692887503,0.5667069692887503,1,0
annual_state_offset,2611,2021-10-29,2021-11-08,-0.0075807737801166,2021,2021-09-30,learned_vol_interaction,20260910,0.6386817630154299,0.6386817630154299,1,0
annual_state_offset,2616,2021-11-05,2021-11-15,0.0110015182343039,2021,2021-09-30,learned_vol_interaction,20260910,0.7049509607400938,0.7049509607400938,1,1
annual_state_offset,2621,2021-11-12,2021-11-22,0.0002002284238551,2021,2021-09-30,learned_vol_interaction,20260910,0.7921347100152616,0.7921347100152616,1,1
annual_state_offset,2626,2021-11-19,2021-11-29,-0.0153981603100059,2021,2021-09-30,learned_vol_interaction,20260910,0.8444124098063084,0.8444124098063084,1,0
annual_state_offset,2631,2021-11-26,2021-12-06,0.0185518287306458,2021,2021-09-30,learned_vol_interaction,20260910,0.7462862952782527,0.7462862952782527,1,1
annual_state_offset,2636,2021-12-03,2021-12-13,0.0367843110096284,2021,2021-09-30,learned_vol_interaction,20260910,0.7658659753793357,0.7658659753793357,1,1
annual_state_offset,2641,2021-12-10,2021-12-20,-0.0304615698955996,2021,2021-09-30,learned_vol_interaction,20260910,0.6770728411844045,0.6770728411844045,1,0
annual_state_offset,2646,2021-12-17,2021-12-27,-0.0034083287233763,2021,2021-09-30,learned_vol_interaction,20260910,0.792287592710069,0.792287592710069,1,0
annual_state_offset,2651,2021-12-24,2022-01-04,0.0080985736506613,2021,2021-09-30,learned_vol_interaction,20260910,0.8279448098987896,0.8279448098987896,1,1
annual_state_offset,2656,2021-12-31,2022-01-10,-0.0293970528320001,2021,2021-09-30,learned_vol_interaction,20260910,0.8065416025241152,0.8065416025241152,1,0
annual_shared_offset,2596,2021-10-08,2021-10-18,-0.0038006269617851,2021,2021-09-30,learned_vol_interaction,20260910,0.7389350198038485,0.7389350198038485,1,0
annual_shared_offset,2601,2021-10-15,2021-10-25,0.0037358989621147,2021,2021-09-30,learned_vol_interaction,20260910,0.7518254704320237,0.7518254704320237,1,1
annual_shared_offset,2606,2021-10-22,2021-11-01,-0.0127041632091318,2021,2021-09-30,learned_vol_interaction,20260910,0.5667069692887503,0.5667069692887503,1,0
annual_shared_offset,2611,2021-10-29,2021-11-08,-0.0075807737801166,2021,2021-09-30,learned_vol_interaction,20260910,0.5730622674522663,0.5730622674522663,1,0
annual_shared_offset,2616,2021-11-05,2021-11-15,0.0110015182343039,2021,2021-09-30,learned_vol_interaction,20260910,0.7049509607400938,0.7049509607400938,1,1
annual_shared_offset,2621,2021-11-12,2021-11-22,0.0002002284238551,2021,2021-09-30,learned_vol_interaction,20260910,0.7921347100152616,0.7921347100152616,1,1
annual_shared_offset,2626,2021-11-19,2021-11-29,-0.0153981603100059,2021,2021-09-30,learned_vol_interaction,20260910,0.8444124098063084,0.8444124098063084,1,0
annual_shared_offset,2631,2021-11-26,2021-12-06,0.0185518287306458,2021,2021-09-30,learned_vol_interaction,20260910,0.7462862952782527,0.7462862952782527,1,1
annual_shared_offset,2636,2021-12-03,2021-12-13,0.0367843110096284,2021,2021-09-30,learned_vol_interaction,20260910,0.7129638373902939,0.7129638373902939,1,1
annual_shared_offset,2641,2021-12-10,2021-12-20,-0.0304615698955996,2021,2021-09-30,learned_vol_interaction,20260910,0.6142141176994407,0.6142141176994407,1,0
annual_shared_offset,2646,2021-12-17,2021-12-27,-0.0034083287233763,2021,2021-09-30,learned_vol_interaction,20260910,0.7433548235042493,0.7433548235042493,1,0
annual_shared_offset,2651,2021-12-24,2022-01-04,0.0080985736506613,2021,2021-09-30,learned_vol_interaction,20260910,0.7851340645167878,0.7851340645167878,1,1
annual_shared_offset,2656,2021-12-31,2022-01-10,-0.0293970528320001,2021,2021-09-30,learned_vol_interaction,20260910,0.7599493785159963,0.7599493785159963,1,0
annual_state_offset_half,2596,2021-10-08,2021-10-18,-0.0038006269617851,2021,2021-09-30,learned_vol_interaction,20260910,0.7389350198038485,0.7389350198038485,1,0
annual_state_offset_half,2601,2021-10-15,2021-10-25,0.0037358989621147,2021,2021-09-30,learned_vol_interaction,20260910,0.7518254704320237,0.7518254704320237,1,1
annual_state_offset_half,2606,2021-10-22,2021-11-01,-0.0127041632091318,2021,2021-09-30,learned_vol_interaction,20260910,0.5667069692887503,0.5667069692887503,1,0
annual_state_offset_half,2611,2021-10-29,2021-11-08,-0.0075807737801166,2021,2021-09-30,learned_vol_interaction,20260910,0.618495081525312,0.618495081525312,1,0
annual_state_offset_half,2616,2021-11-05,2021-11-15,0.0110015182343039,2021,2021-09-30,learned_vol_interaction,20260910,0.7049509607400938,0.7049509607400938,1,1
annual_state_offset_half,2621,2021-11-12,2021-11-22,0.0002002284238551,2021,2021-09-30,learned_vol_interaction,20260910,0.7921347100152616,0.7921347100152616,1,1
annual_state_offset_half,2626,2021-11-19,2021-11-29,-0.0153981603100059,2021,2021-09-30,learned_vol_interaction,20260910,0.8444124098063084,0.8444124098063084,1,0
annual_state_offset_half,2631,2021-11-26,2021-12-06,0.0185518287306458,2021,2021-09-30,learned_vol_interaction,20260910,0.7462862952782527,0.7462862952782527,1,1
annual_state_offset_half,2636,2021-12-03,2021-12-13,0.0367843110096284,2021,2021-09-30,learned_vol_interaction,20260910,0.7500036553260423,0.7500036553260423,1,1
annual_state_offset_half,2641,2021-12-10,2021-12-20,-0.0304615698955996,2021,2021-09-30,learned_vol_interaction,20260910,0.6578821132610673,0.6578821132610673,1,0
annual_state_offset_half,2646,2021-12-17,2021-12-27,-0.0034083287233763,2021,2021-09-30,learned_vol_interaction,20260910,0.777695722860506,0.777695722860506,1,0
annual_state_offset_half,2651,2021-12-24,2022-01-04,0.0080985736506613,2021,2021-09-30,learned_vol_interaction,20260910,0.815273833574783,0.815273833574783,1,1
annual_state_offset_half,2656,2021-12-31,2022-01-10,-0.0293970528320001,2021,2021-09-30,learned_vol_interaction,20260910,0.7926890676397598,0.7926890676397598,1,0
annual_state_offset,2596,2021-10-08,2021-10-18,-0.0038006269617851,2021,2021-09-30,learned_order_extension,20260910,0.7561808318033095,0.7561808318033095,1,0
annual_state_offset,2601,2021-10-15,2021-10-25,0.0037358989621147,2021,2021-09-30,learned_order_extension,20260910,0.7694557887920218,0.7694557887920218,1,1
annual_state_offset,2606,2021-10-22,2021-11-01,-0.0127041632091318,2021,2021-09-30,learned_order_extension,20260910,0.5615338980352494,0.5615338980352494,1,0
annual_state_offset,2611,2021-10-29,2021-11-08,-0.0075807737801166,2021,2021-09-30,learned_order_extension,20260910,0.6464680191274528,0.6464680191274528,1,0
annual_state_offset,2616,2021-11-05,2021-11-15,0.0110015182343039,2021,2021-09-30,learned_order_extension,20260910,0.7240099906328699,0.7240099906328699,1,1
annual_state_offset,2621,2021-11-12,2021-11-22,0.0002002284238551,2021,2021-09-30,learned_order_extension,20260910,0.8323347557675079,0.8323347557675079,1,1
annual_state_offset,2626,2021-11-19,2021-11-29,-0.0153981603100059,2021,2021-09-30,learned_order_extension,20260910,0.8873632409726487,0.8873632409726487,1,0
annual_state_offset,2631,2021-11-26,2021-12-06,0.0185518287306458,2021,2021-09-30,learned_order_extension,20260910,0.7750880996921731,0.7750880996921731,1,1
annual_state_offset,2636,2021-12-03,2021-12-13,0.0367843110096284,2021,2021-09-30,learned_order_extension,20260910,0.7858624305105687,0.7858624305105687,1,1
annual_state_offset,2641,2021-12-10,2021-12-20,-0.0304615698955996,2021,2021-09-30,learned_order_extension,20260910,0.6930528645235651,0.6930528645235651,1,0
annual_state_offset,2646,2021-12-17,2021-12-27,-0.0034083287233763,2021,2021-09-30,learned_order_extension,20260910,0.8273869225733681,0.8273869225733681,1,0
annual_state_offset,2651,2021-12-24,2022-01-04,0.0080985736506613,2021,2021-09-30,learned_order_extension,20260910,0.8518985885770317,0.8518985885770317,1,1
annual_state_offset,2656,2021-12-31,2022-01-10,-0.0293970528320001,2021,2021-09-30,learned_order_extension,20260910,0.8338704011046877,0.8338704011046877,1,0
annual_shared_offset,2596,2021-10-08,2021-10-18,-0.0038006269617851,2021,2021-09-30,learned_order_extension,20260910,0.7561808318033095,0.7561808318033095,1,0
annual_shared_offset,2601,2021-10-15,2021-10-25,0.0037358989621147,2021,2021-09-30,learned_order_extension,20260910,0.7694557887920218,0.7694557887920218,1,1
annual_shared_offset,2606,2021-10-22,2021-11-01,-0.0127041632091318,2021,2021-09-30,learned_order_extension,20260910,0.5615338980352494,0.5615338980352494,1,0
annual_shared_offset,2611,2021-10-29,2021-11-08,-0.0075807737801166,2021,2021-09-30,learned_order_extension,20260910,0.5806432209073698,0.5806432209073698,1,0
annual_shared_offset,2616,2021-11-05,2021-11-15,0.0110015182343039,2021,2021-09-30,learned_order_extension,20260910,0.7240099906328699,0.7240099906328699,1,1
annual_shared_offset,2621,2021-11-12,2021-11-22,0.0002002284238551,2021,2021-09-30,learned_order_extension,20260910,0.8323347557675079,0.8323347557675079,1,1
annual_shared_offset,2626,2021-11-19,2021-11-29,-0.0153981603100059,2021,2021-09-30,learned_order_extension,20260910,0.8873632409726487,0.8873632409726487,1,0
annual_shared_offset,2631,2021-11-26,2021-12-06,0.0185518287306458,2021,2021-09-30,learned_order_extension,20260910,0.7750880996921731,0.7750880996921731,1,1
annual_shared_offset,2636,2021-12-03,2021-12-13,0.0367843110096284,2021,2021-09-30,learned_order_extension,20260910,0.7353673920613131,0.7353673920613131,1,1
annual_shared_offset,2641,2021-12-10,2021-12-20,-0.0304615698955996,2021,2021-09-30,learned_order_extension,20260910,0.6309502126315376,0.6309502126315376,1,0
annual_shared_offset,2646,2021-12-17,2021-12-27,-0.0034083287233763,2021,2021-09-30,learned_order_extension,20260910,0.7839922008547242,0.7839922008547242,1,0
annual_shared_offset,2651,2021-12-24,2022-01-04,0.0080985736506613,2021,2021-09-30,learned_order_extension,20260910,0.8132753848287486,0.8132753848287486,1,1
annual_shared_offset,2656,2021-12-31,2022-01-10,-0.0293970528320001,2021,2021-09-30,learned_order_extension,20260910,0.7916952612091827,0.7916952612091827,1,0
annual_state_offset_half,2596,2021-10-08,2021-10-18,-0.0038006269617851,2021,2021-09-30,learned_order_extension,20260910,0.7561808318033095,0.7561808318033095,1,0
annual_state_offset_half,2601,2021-10-15,2021-10-25,0.0037358989621147,2021,2021-09-30,learned_order_extension,20260910,0.7694557887920218,0.7694557887920218,1,1
annual_state_offset_half,2606,2021-10-22,2021-11-01,-0.0127041632091318,2021,2021-09-30,learned_order_extension,20260910,0.5615338980352494,0.5615338980352494,1,0
annual_state_offset_half,2611,2021-10-29,2021-11-08,-0.0075807737801166,2021,2021-09-30,learned_order_extension,20260910,0.6253043180260701,0.6253043180260701,1,0
annual_state_offset_half,2616,2021-11-05,2021-11-15,0.0110015182343039,2021,2021-09-30,learned_order_extension,20260910,0.7240099906328699,0.7240099906328699,1,1
annual_state_offset_half,2621,2021-11-12,2021-11-22,0.0002002284238551,2021,2021-09-30,learned_order_extension,20260910,0.8323347557675079,0.8323347557675079,1,1
annual_state_offset_half,2626,2021-11-19,2021-11-29,-0.0153981603100059,2021,2021-09-30,learned_order_extension,20260910,0.8873632409726487,0.8873632409726487,1,0
annual_state_offset_half,2631,2021-11-26,2021-12-06,0.0185518287306458,2021,2021-09-30,learned_order_extension,20260910,0.7750880996921731,0.7750880996921731,1,1
annual_state_offset_half,2636,2021-12-03,2021-12-13,0.0367843110096284,2021,2021-09-30,learned_order_extension,20260910,0.7700755013130899,0.7700755013130899,1,1
annual_state_offset_half,2641,2021-12-10,2021-12-20,-0.0304615698955996,2021,2021-09-30,learned_order_extension,20260910,0.6732684442289977,0.6732684442289977,1,0
annual_state_offset_half,2646,2021-12-17,2021-12-27,-0.0034083287233763,2021,2021-09-30,learned_order_extension,20260910,0.8139365068285676,0.8139365068285676,1,0
annual_state_offset_half,2651,2021-12-24,2022-01-04,0.0080985736506613,2021,2021-09-30,learned_order_extension,20260910,0.839988796597114,0.839988796597114,1,1
annual_state_offset_half,2656,2021-12-31,2022-01-10,-0.0293970528320001,2021,2021-09-30,learned_order_extension,20260910,0.8208157821580357,0.8208157821580357,1,0
annual_state_offset,2596,2021-10-08,2021-10-18,-0.0038006269617851,2021,2021-09-30,learned_order_offset,20260910,0.7558117307103386,0.7558117307103386,1,0
annual_state_offset,2601,2021-10-15,2021-10-25,0.0037358989621147,2021,2021-09-30,learned_order_offset,20260910,0.7689767891616536,0.7689767891616536,1,1
annual_state_offset,2606,2021-10-22,2021-11-01,-0.0127041632091318,2021,2021-09-30,learned_order_offset,20260910,0.5615967587205846,0.5615967587205846,1,0
annual_state_offset,2611,2021-10-29,2021-11-08,-0.0075807737801166,2021,2021-09-30,learned_order_offset,20260910,0.6461817566185485,0.6461817566185485,1,0
annual_state_offset,2616,2021-11-05,2021-11-15,0.0110015182343039,2021,2021-09-30,learned_order_offset,20260910,0.7234699294457386,0.7234699294457386,1,1
annual_state_offset,2621,2021-11-12,2021-11-22,0.0002002284238551,2021,2021-09-30,learned_order_offset,20260910,0.8319926561058519,0.8319926561058519,1,1
annual_state_offset,2626,2021-11-19,2021-11-29,-0.0153981603100059,2021,2021-09-30,learned_order_offset,20260910,0.887309504410544,0.887309504410544,1,0
annual_state_offset,2631,2021-11-26,2021-12-06,0.0185518287306458,2021,2021-09-30,learned_order_offset,20260910,0.7746760492907543,0.7746760492907543,1,1
annual_state_offset,2636,2021-12-03,2021-12-13,0.0367843110096284,2021,2021-09-30,learned_order_offset,20260910,0.7856289154547313,0.7856289154547313,1,1
annual_state_offset,2641,2021-12-10,2021-12-20,-0.0304615698955996,2021,2021-09-30,learned_order_offset,20260910,0.6929097251355196,0.6929097251355196,1,0
annual_state_offset,2646,2021-12-17,2021-12-27,-0.0034083287233763,2021,2021-09-30,learned_order_offset,20260910,0.8272831087931192,0.8272831087931192,1,0
annual_state_offset,2651,2021-12-24,2022-01-04,0.0080985736506613,2021,2021-09-30,learned_order_offset,20260910,0.8517469113891848,0.8517469113891848,1,1
annual_state_offset,2656,2021-12-31,2022-01-10,-0.0293970528320001,2021,2021-09-30,learned_order_offset,20260910,0.8336568935474353,0.8336568935474353,1,0
annual_shared_offset,2596,2021-10-08,2021-10-18,-0.0038006269617851,2021,2021-09-30,learned_order_offset,20260910,0.7558117307103386,0.7558117307103386,1,0
annual_shared_offset,2601,2021-10-15,2021-10-25,0.0037358989621147,2021,2021-09-30,learned_order_offset,20260910,0.7689767891616536,0.7689767891616536,1,1
annual_shared_offset,2606,2021-10-22,2021-11-01,-0.0127041632091318,2021,2021-09-30,learned_order_offset,20260910,0.5615967587205846,0.5615967587205846,1,0
annual_shared_offset,2611,2021-10-29,2021-11-08,-0.0075807737801166,2021,2021-09-30,learned_order_offset,20260910,0.5803507728672371,0.5803507728672371,1,0
annual_shared_offset,2616,2021-11-05,2021-11-15,0.0110015182343039,2021,2021-09-30,learned_order_offset,20260910,0.7234699294457386,0.7234699294457386,1,1
annual_shared_offset,2621,2021-11-12,2021-11-22,0.0002002284238551,2021,2021-09-30,learned_order_offset,20260910,0.8319926561058519,0.8319926561058519,1,1
annual_shared_offset,2626,2021-11-19,2021-11-29,-0.0153981603100059,2021,2021-09-30,learned_order_offset,20260910,0.887309504410544,0.887309504410544,1,0
annual_shared_offset,2631,2021-11-26,2021-12-06,0.0185518287306458,2021,2021-09-30,learned_order_offset,20260910,0.7746760492907543,0.7746760492907543,1,1
annual_shared_offset,2636,2021-12-03,2021-12-13,0.0367843110096284,2021,2021-09-30,learned_order_offset,20260910,0.7351073797101131,0.7351073797101131,1,1
annual_shared_offset,2641,2021-12-10,2021-12-20,-0.0304615698955996,2021,2021-09-30,learned_order_offset,20260910,0.6308055074439627,0.6308055074439627,1,0
annual_shared_offset,2646,2021-12-17,2021-12-27,-0.0034083287233763,2021,2021-09-30,learned_order_offset,20260910,0.7838778110652109,0.7838778110652109,1,0
annual_shared_offset,2651,2021-12-24,2022-01-04,0.0080985736506613,2021,2021-09-30,learned_order_offset,20260910,0.8131006391988292,0.8131006391988292,1,1
annual_shared_offset,2656,2021-12-31,2022-01-10,-0.0293970528320001,2021,2021-09-30,learned_order_offset,20260910,0.7914495886813981,0.7914495886813981,1,0
annual_state_offset_half,2596,2021-10-08,2021-10-18,-0.0038006269617851,2021,2021-09-30,learned_order_offset,20260910,0.7558117307103386,0.7558117307103386,1,0
annual_state_offset_half,2601,2021-10-15,2021-10-25,0.0037358989621147,2021,2021-09-30,learned_order_offset,20260910,0.7689767891616536,0.7689767891616536,1,1
annual_state_offset_half,2606,2021-10-22,2021-11-01,-0.0127041632091318,2021,2021-09-30,learned_order_offset,20260910,0.5615967587205846,0.5615967587205846,1,0
annual_state_offset_half,2611,2021-10-29,2021-11-08,-0.0075807737801166,2021,2021-09-30,learned_order_offset,20260910,0.6250481502543748,0.6250481502543748,1,0
annual_state_offset_half,2616,2021-11-05,2021-11-15,0.0110015182343039,2021,2021-09-30,learned_order_offset,20260910,0.7234699294457386,0.7234699294457386,1,1
annual_state_offset_half,2621,2021-11-12,2021-11-22,0.0002002284238551,2021,2021-09-30,learned_order_offset,20260910,0.8319926561058519,0.8319926561058519,1,1
annual_state_offset_half,2626,2021-11-19,2021-11-29,-0.0153981603100059,2021,2021-09-30,learned_order_offset,20260910,0.887309504410544,0.887309504410544,1,0
annual_state_offset_half,2631,2021-11-26,2021-12-06,0.0185518287306458,2021,2021-09-30,learned_order_offset,20260910,0.7746760492907543,0.7746760492907543,1,1
annual_state_offset_half,2636,2021-12-03,2021-12-13,0.0367843110096284,2021,2021-09-30,learned_order_offset,20260910,0.7698580054667408,0.7698580054667408,1,1
annual_state_offset_half,2641,2021-12-10,2021-12-20,-0.0304615698955996,2021,2021-09-30,learned_order_offset,20260910,0.6731554390049916,0.6731554390049916,1,0
annual_state_offset_half,2646,2021-12-17,2021-12-27,-0.0034083287233763,2021,2021-09-30,learned_order_offset,20260910,0.8138505304880753,0.8138505304880753,1,0
annual_state_offset_half,2651,2021-12-24,2022-01-04,0.0080985736506613,2021,2021-09-30,learned_order_offset,20260910,0.8398486178394747,0.8398486178394747,1,1
annual_state_offset_half,2656,2021-12-31,2022-01-10,-0.0293970528320001,2021,2021-09-30,learned_order_offset,20260910,0.820612530733826,0.820612530733826,1,0
annual_state_offset,2596,2021-10-08,2021-10-18,-0.0038006269617851,2021,2021-09-30,learned_market,20260911,0.8841800832116901,0.8841800832116901,1,0
annual_state_offset,2601,2021-10-15,2021-10-25,0.0037358989621147,2021,2021-09-30,learned_market,20260911,0.808000302780614,0.808000302780614,1,1
annual_state_offset,2606,2021-10-22,2021-11-01,-0.0127041632091318,2021,2021-09-30,learned_market,20260911,0.6012191405144072,0.6012191405144072,1,0
annual_state_offset,2611,2021-10-29,2021-11-08,-0.0075807737801166,2021,2021-09-30,learned_market,20260911,0.8663826448997106,0.8663826448997106,1,0
annual_state_offset,2616,2021-11-05,2021-11-15,0.0110015182343039,2021,2021-09-30,learned_market,20260911,0.7615166605786978,0.7615166605786978,1,1
annual_state_offset,2621,2021-11-12,2021-11-22,0.0002002284238551,2021,2021-09-30,learned_market,20260911,0.8358507607737684,0.8358507607737684,1,1
annual_state_offset,2626,2021-11-19,2021-11-29,-0.0153981603100059,2021,2021-09-30,learned_market,20260911,0.7375348414146127,0.7375348414146127,1,0
annual_state_offset,2631,2021-11-26,2021-12-06,0.0185518287306458,2021,2021-09-30,learned_market,20260911,0.8422699714267883,0.8422699714267883,1,1
annual_state_offset,2636,2021-12-03,2021-12-13,0.0367843110096284,2021,2021-09-30,learned_market,20260911,0.687921188816669,0.687921188816669,1,1
annual_state_offset,2641,2021-12-10,2021-12-20,-0.0304615698955996,2021,2021-09-30,learned_market,20260911,0.6961276469460808,0.6961276469460808,1,0
annual_state_offset,2646,2021-12-17,2021-12-27,-0.0034083287233763,2021,2021-09-30,learned_market,20260911,0.8336180619079842,0.8336180619079842,1,0
annual_state_offset,2651,2021-12-24,2022-01-04,0.0080985736506613,2021,2021-09-30,learned_market,20260911,0.6948423064339667,0.6948423064339667,1,1
annual_state_offset,2656,2021-12-31,2022-01-10,-0.0293970528320001,2021,2021-09-30,learned_market,20260911,0.8400114155915063,0.8400114155915063,1,0
annual_shared_offset,2596,2021-10-08,2021-10-18,-0.0038006269617851,2021,2021-09-30,learned_market,20260911,0.8841800832116901,0.8841800832116901,1,0
annual_shared_offset,2601,2021-10-15,2021-10-25,0.0037358989621147,2021,2021-09-30,learned_market,20260911,0.808000302780614,0.808000302780614,1,1
annual_shared_offset,2606,2021-10-22,2021-11-01,-0.0127041632091318,2021,2021-09-30,learned_market,20260911,0.6012191405144072,0.6012191405144072,1,0
annual_shared_offset,2611,2021-10-29,2021-11-08,-0.0075807737801166,2021,2021-09-30,learned_market,20260911,0.8360142307198118,0.8360142307198118,1,0
annual_shared_offset,2616,2021-11-05,2021-11-15,0.0110015182343039,2021,2021-09-30,learned_market,20260911,0.7615166605786978,0.7615166605786978,1,1
annual_shared_offset,2621,2021-11-12,2021-11-22,0.0002002284238551,2021,2021-09-30,learned_market,20260911,0.8358507607737684,0.8358507607737684,1,1
annual_shared_offset,2626,2021-11-19,2021-11-29,-0.0153981603100059,2021,2021-09-30,learned_market,20260911,0.7375348414146127,0.7375348414146127,1,0
annual_shared_offset,2631,2021-11-26,2021-12-06,0.0185518287306458,2021,2021-09-30,learned_market,20260911,0.8422699714267883,0.8422699714267883,1,1
annual_shared_offset,2636,2021-12-03,2021-12-13,0.0367843110096284,2021,2021-09-30,learned_market,20260911,0.6341212064715573,0.6341212064715573,1,1
annual_shared_offset,2641,2021-12-10,2021-12-20,-0.0304615698955996,2021,2021-09-30,learned_market,20260911,0.6430082306802865,0.6430082306802865,1,0
annual_shared_offset,2646,2021-12-17,2021-12-27,-0.0034083287233763,2021,2021-09-30,learned_market,20260911,0.7975430974010923,0.7975430974010923,1,0
annual_shared_offset,2651,2021-12-24,2022-01-04,0.0080985736506613,2021,2021-09-30,learned_market,20260911,0.641613877773839,0.641613877773839,1,1
annual_shared_offset,2656,2021-12-31,2022-01-10,-0.0293970528320001,2021,2021-09-30,learned_market,20260911,0.804998394689709,0.804998394689709,1,0
annual_state_offset_half,2596,2021-10-08,2021-10-18,-0.0038006269617851,2021,2021-09-30,learned_market,20260911,0.8841800832116901,0.8841800832116901,1,0
annual_state_offset_half,2601,2021-10-15,2021-10-25,0.0037358989621147,2021,2021-09-30,learned_market,20260911,0.808000302780614,0.808000302780614,1,1
annual_state_offset_half,2606,2021-10-22,2021-11-01,-0.0127041632091318,2021,2021-09-30,learned_market,20260911,0.6012191405144072,0.6012191405144072,1,0
annual_state_offset_half,2611,2021-10-29,2021-11-08,-0.0075807737801166,2021,2021-09-30,learned_market,20260911,0.856468517605795,0.856468517605795,1,0
annual_state_offset_half,2616,2021-11-05,2021-11-15,0.0110015182343039,2021,2021-09-30,learned_market,20260911,0.7615166605786978,0.7615166605786978,1,1
annual_state_offset_half,2621,2021-11-12,2021-11-22,0.0002002284238551,2021,2021-09-30,learned_market,20260911,0.8358507607737684,0.8358507607737684,1,1
annual_state_offset_half,2626,2021-11-19,2021-11-29,-0.0153981603100059,2021,2021-09-30,learned_market,20260911,0.7375348414146127,0.7375348414146127,1,0
annual_state_offset_half,2631,2021-11-26,2021-12-06,0.0185518287306458,2021,2021-09-30,learned_market,20260911,0.8422699714267883,0.8422699714267883,1,1
annual_state_offset_half,2636,2021-12-03,2021-12-13,0.0367843110096284,2021,2021-09-30,learned_market,20260911,0.6698120638976668,0.6698120638976668,1,1
annual_state_offset_half,2641,2021-12-10,2021-12-20,-0.0304615698955996,2021,2021-09-30,learned_market,20260911,0.6782720118508098,0.6782720118508098,1,0
annual_state_offset_half,2646,2021-12-17,2021-12-27,-0.0034083287233763,2021,2021-09-30,learned_market,20260911,0.8217729750394086,0.8217729750394086,1,0
annual_state_offset_half,2651,2021-12-24,2022-01-04,0.0080985736506613,2021,2021-09-30,learned_market,20260911,0.6769461943471805,0.6769461943471805,1,1
annual_state_offset_half,2656,2021-12-31,2022-01-10,-0.0293970528320001,2021,2021-09-30,learned_market,20260911,0.8285278612653466,0.8285278612653466,1,0
annual_state_offset,2596,2021-10-08,2021-10-18,-0.0038006269617851,2021,2021-09-30,learned_vol_interaction,20260911,0.875333160760423,0.875333160760423,1,0
annual_state_offset,2601,2021-10-15,2021-10-25,0.0037358989621147,2021,2021-09-30,learned_vol_interaction,20260911,0.8004373767510682,0.8004373767510682,1,1
annual_state_offset,2606,2021-10-22,2021-11-01,-0.0127041632091318,2021,2021-09-30,learned_vol_interaction,20260911,0.5995948918940573,0.5995948918940573,1,0
annual_state_offset,2611,2021-10-29,2021-11-08,-0.0075807737801166,2021,2021-09-30,learned_vol_interaction,20260911,0.851289237456597,0.851289237456597,1,0
annual_state_offset,2616,2021-11-05,2021-11-15,0.0110015182343039,2021,2021-09-30,learned_vol_interaction,20260911,0.7454576562803179,0.7454576562803179,1,1
annual_state_offset,2621,2021-11-12,2021-11-22,0.0002002284238551,2021,2021-09-30,learned_vol_interaction,20260911,0.8210682676498052,0.8210682676498052,1,1
annual_state_offset,2626,2021-11-19,2021-11-29,-0.0153981603100059,2021,2021-09-30,learned_vol_interaction,20260911,0.7379015555048399,0.7379015555048399,1,0
annual_state_offset,2631,2021-11-26,2021-12-06,0.0185518287306458,2021,2021-09-30,learned_vol_interaction,20260911,0.8181276512073538,0.8181276512073538,1,1
annual_state_offset,2636,2021-12-03,2021-12-13,0.0367843110096284,2021,2021-09-30,learned_vol_interaction,20260911,0.6692657013215612,0.6692657013215612,1,1
annual_state_offset,2641,2021-12-10,2021-12-20,-0.0304615698955996,2021,2021-09-30,learned_vol_interaction,20260911,0.6778901344088184,0.6778901344088184,1,0
annual_state_offset,2646,2021-12-17,2021-12-27,-0.0034083287233763,2021,2021-09-30,learned_vol_interaction,20260911,0.818593664875721,0.818593664875721,1,0
annual_state_offset,2651,2021-12-24,2022-01-04,0.0080985736506613,2021,2021-09-30,learned_vol_interaction,20260911,0.687060433837229,0.687060433837229,1,1
annual_state_offset,2656,2021-12-31,2022-01-10,-0.0293970528320001,2021,2021-09-30,learned_vol_interaction,20260911,0.828663178660435,0.828663178660435,1,0
annual_shared_offset,2596,2021-10-08,2021-10-18,-0.0038006269617851,2021,2021-09-30,learned_vol_interaction,20260911,0.875333160760423,0.875333160760423,1,0
annual_shared_offset,2601,2021-10-15,2021-10-25,0.0037358989621147,2021,2021-09-30,learned_vol_interaction,20260911,0.8004373767510682,0.8004373767510682,1,1
annual_shared_offset,2606,2021-10-22,2021-11-01,-0.0127041632091318,2021,2021-09-30,learned_vol_interaction,20260911,0.5995948918940573,0.5995948918940573,1,0
annual_shared_offset,2611,2021-10-29,2021-11-08,-0.0075807737801166,2021,2021-09-30,learned_vol_interaction,20260911,0.818947334823711,0.818947334823711,1,0
annual_shared_offset,2616,2021-11-05,2021-11-15,0.0110015182343039,2021,2021-09-30,learned_vol_interaction,20260911,0.7454576562803179,0.7454576562803179,1,1
annual_shared_offset,2621,2021-11-12,2021-11-22,0.0002002284238551,2021,2021-09-30,learned_vol_interaction,20260911,0.8210682676498052,0.8210682676498052,1,1
annual_shared_offset,2626,2021-11-19,2021-11-29,-0.0153981603100059,2021,2021-09-30,learned_vol_interaction,20260911,0.7379015555048399,0.7379015555048399,1,0
annual_shared_offset,2631,2021-11-26,2021-12-06,0.0185518287306458,2021,2021-09-30,learned_vol_interaction,20260911,0.8181276512073538,0.8181276512073538,1,1
annual_shared_offset,2636,2021-12-03,2021-12-13,0.0367843110096284,2021,2021-09-30,learned_vol_interaction,20260911,0.6152296410331428,0.6152296410331428,1,1
annual_shared_offset,2641,2021-12-10,2021-12-20,-0.0304615698955996,2021,2021-09-30,learned_vol_interaction,20260911,0.6244725131369422,0.6244725131369422,1,0
annual_shared_offset,2646,2021-12-17,2021-12-27,-0.0034083287233763,2021,2021-09-30,learned_vol_interaction,20260911,0.7809705872775285,0.7809705872775285,1,0
annual_shared_offset,2651,2021-12-24,2022-01-04,0.0080985736506613,2021,2021-09-30,learned_vol_interaction,20260911,0.6343432737763484,0.6343432737763484,1,1
annual_shared_offset,2656,2021-12-31,2022-01-10,-0.0293970528320001,2021,2021-09-30,learned_vol_interaction,20260911,0.7925993676935834,0.7925993676935834,1,0
annual_state_offset_half,2596,2021-10-08,2021-10-18,-0.0038006269617851,2021,2021-09-30,learned_vol_interaction,20260911,0.875333160760423,0.875333160760423,1,0
annual_state_offset_half,2601,2021-10-15,2021-10-25,0.0037358989621147,2021,2021-09-30,learned_vol_interaction,20260911,0.8004373767510682,0.8004373767510682,1,1
annual_state_offset_half,2606,2021-10-22,2021-11-01,-0.0127041632091318,2021,2021-09-30,learned_vol_interaction,20260911,0.5995948918940573,0.5995948918940573,1,0
annual_state_offset_half,2611,2021-10-29,2021-11-08,-0.0075807737801166,2021,2021-09-30,learned_vol_interaction,20260911,0.8409319590655201,0.8409319590655201,1,0
annual_state_offset_half,2616,2021-11-05,2021-11-15,0.0110015182343039,2021,2021-09-30,learned_vol_interaction,20260911,0.7454576562803179,0.7454576562803179,1,1
annual_state_offset_half,2621,2021-11-12,2021-11-22,0.0002002284238551,2021,2021-09-30,learned_vol_interaction,20260911,0.8210682676498052,0.8210682676498052,1,1
annual_state_offset_half,2626,2021-11-19,2021-11-29,-0.0153981603100059,2021,2021-09-30,learned_vol_interaction,20260911,0.7379015555048399,0.7379015555048399,1,0
annual_state_offset_half,2631,2021-11-26,2021-12-06,0.0185518287306458,2021,2021-09-30,learned_vol_interaction,20260911,0.8181276512073538,0.8181276512073538,1,1
annual_state_offset_half,2636,2021-12-03,2021-12-13,0.0367843110096284,2021,2021-09-30,learned_vol_interaction,20260911,0.651422035859435,0.651422035859435,1,1
annual_state_offset_half,2641,2021-12-10,2021-12-20,-0.0304615698955996,2021,2021-09-30,learned_vol_interaction,20260911,0.6602755803215732,0.6602755803215732,1,0
annual_state_offset_half,2646,2021-12-17,2021-12-27,-0.0034083287233763,2021,2021-09-30,learned_vol_interaction,20260911,0.8064768974533814,0.8064768974533814,1,0
annual_state_offset_half,2651,2021-12-24,2022-01-04,0.0080985736506613,2021,2021-09-30,learned_vol_interaction,20260911,0.6697030158421431,0.6697030158421431,1,1
annual_state_offset_half,2656,2021-12-31,2022-01-10,-0.0293970528320001,2021,2021-09-30,learned_vol_interaction,20260911,0.8170686882792152,0.8170686882792152,1,0
annual_state_offset,2596,2021-10-08,2021-10-18,-0.0038006269617851,2021,2021-09-30,learned_order_extension,20260911,0.9147819069976973,0.9147819069976973,1,0
annual_state_offset,2601,2021-10-15,2021-10-25,0.0037358989621147,2021,2021-09-30,learned_order_extension,20260911,0.8517574469574731,0.8517574469574731,1,1
annual_state_offset,2606,2021-10-22,2021-11-01,-0.0127041632091318,2021,2021-09-30,learned_order_extension,20260911,0.6154285400261708,0.6154285400261708,1,0
annual_state_offset,2611,2021-10-29,2021-11-08,-0.0075807737801166,2021,2021-09-30,learned_order_extension,20260911,0.9066199183946182,0.9066199183946182,1,0
annual_state_offset,2616,2021-11-05,2021-11-15,0.0110015182343039,2021,2021-09-30,learned_order_extension,20260911,0.7990810555097849,0.7990810555097849,1,1
annual_state_offset,2621,2021-11-12,2021-11-22,0.0002002284238551,2021,2021-09-30,learned_order_extension,20260911,0.8960874331639135,0.8960874331639135,1,1
annual_state_offset,2626,2021-11-19,2021-11-29,-0.0153981603100059,2021,2021-09-30,learned_order_extension,20260911,0.8006062899104016,0.8006062899104016,1,0
annual_state_offset,2631,2021-11-26,2021-12-06,0.0185518287306458,2021,2021-09-30,learned_order_extension,20260911,0.893587178645622,0.893587178645622,1,1
annual_state_offset,2636,2021-12-03,2021-12-13,0.0367843110096284,2021,2021-09-30,learned_order_extension,20260911,0.6990223801051713,0.6990223801051713,1,1
annual_state_offset,2641,2021-12-10,2021-12-20,-0.0304615698955996,2021,2021-09-30,learned_order_extension,20260911,0.7157724970598067,0.7157724970598067,1,0
annual_state_offset,2646,2021-12-17,2021-12-27,-0.0034083287233763,2021,2021-09-30,learned_order_extension,20260911,0.8871505101131107,0.8871505101131107,1,0
annual_state_offset,2651,2021-12-24,2022-01-04,0.0080985736506613,2021,2021-09-30,learned_order_extension,20260911,0.7015308067154945,0.7015308067154945,1,1
annual_state_offset,2656,2021-12-31,2022-01-10,-0.0293970528320001,2021,2021-09-30,learned_order_extension,20260911,0.8721035235111707,0.8721035235111707,1,0
annual_shared_offset,2596,2021-10-08,2021-10-18,-0.0038006269617851,2021,2021-09-30,learned_order_extension,20260911,0.9147819069976973,0.9147819069976973,1,0
annual_shared_offset,2601,2021-10-15,2021-10-25,0.0037358989621147,2021,2021-09-30,learned_order_extension,20260911,0.8517574469574731,0.8517574469574731,1,1
annual_shared_offset,2606,2021-10-22,2021-11-01,-0.0127041632091318,2021,2021-09-30,learned_order_extension,20260911,0.6154285400261708,0.6154285400261708,1,0
annual_shared_offset,2611,2021-10-29,2021-11-08,-0.0075807737801166,2021,2021-09-30,learned_order_extension,20260911,0.8843327807511056,0.8843327807511056,1,0
annual_shared_offset,2616,2021-11-05,2021-11-15,0.0110015182343039,2021,2021-09-30,learned_order_extension,20260911,0.7990810555097849,0.7990810555097849,1,1
annual_shared_offset,2621,2021-11-12,2021-11-22,0.0002002284238551,2021,2021-09-30,learned_order_extension,20260911,0.8960874331639135,0.8960874331639135,1,1
annual_shared_offset,2626,2021-11-19,2021-11-29,-0.0153981603100059,2021,2021-09-30,learned_order_extension,20260911,0.8006062899104016,0.8006062899104016,1,0
annual_shared_offset,2631,2021-11-26,2021-12-06,0.0185518287306458,2021,2021-09-30,learned_order_extension,20260911,0.893587178645622,0.893587178645622,1,1
annual_shared_offset,2636,2021-12-03,2021-12-13,0.0367843110096284,2021,2021-09-30,learned_order_extension,20260911,0.6465064135233997,0.6465064135233997,1,1
annual_shared_offset,2641,2021-12-10,2021-12-20,-0.0304615698955996,2021,2021-09-30,learned_order_extension,20260911,0.6647775913117452,0.6647775913117452,1,0
annual_shared_offset,2646,2021-12-17,2021-12-27,-0.0034083287233763,2021,2021-09-30,learned_order_extension,20260911,0.8609293773216604,0.8609293773216604,1,0
annual_shared_offset,2651,2021-12-24,2022-01-04,0.0080985736506613,2021,2021-09-30,learned_order_extension,20260911,0.6492328946980295,0.6492328946980295,1,1
annual_shared_offset,2656,2021-12-31,2022-01-10,-0.0293970528320001,2021,2021-09-30,learned_order_extension,20260911,0.8430048640109361,0.8430048640109361,1,0
annual_state_offset_half,2596,2021-10-08,2021-10-18,-0.0038006269617851,2021,2021-09-30,learned_order_extension,20260911,0.9147819069976973,0.9147819069976973,1,0
annual_state_offset_half,2601,2021-10-15,2021-10-25,0.0037358989621147,2021,2021-09-30,learned_order_extension,20260911,0.8517574469574731,0.8517574469574731,1,1
annual_state_offset_half,2606,2021-10-22,2021-11-01,-0.0127041632091318,2021,2021-09-30,learned_order_extension,20260911,0.6154285400261708,0.6154285400261708,1,0
annual_state_offset_half,2611,2021-10-29,2021-11-08,-0.0075807737801166,2021,2021-09-30,learned_order_extension,20260911,0.898974508407313,0.898974508407313,1,0
annual_state_offset_half,2616,2021-11-05,2021-11-15,0.0110015182343039,2021,2021-09-30,learned_order_extension,20260911,0.7990810555097849,0.7990810555097849,1,1
annual_state_offset_half,2621,2021-11-12,2021-11-22,0.0002002284238551,2021,2021-09-30,learned_order_extension,20260911,0.8960874331639135,0.8960874331639135,1,1
annual_state_offset_half,2626,2021-11-19,2021-11-29,-0.0153981603100059,2021,2021-09-30,learned_order_extension,20260911,0.8006062899104016,0.8006062899104016,1,0
annual_state_offset_half,2631,2021-11-26,2021-12-06,0.0185518287306458,2021,2021-09-30,learned_order_extension,20260911,0.893587178645622,0.893587178645622,1,1
annual_state_offset_half,2636,2021-12-03,2021-12-13,0.0367843110096284,2021,2021-09-30,learned_order_extension,20260911,0.680372330121424,0.680372330121424,1,1
annual_state_offset_half,2641,2021-12-10,2021-12-20,-0.0304615698955996,2021,2021-09-30,learned_order_extension,20260911,0.6977115238173736,0.6977115238173736,1,0
annual_state_offset_half,2646,2021-12-17,2021-12-27,-0.0034083287233763,2021,2021-09-30,learned_order_extension,20260911,0.8781253427368725,0.8781253427368725,1,0
annual_state_offset_half,2651,2021-12-24,2022-01-04,0.0080985736506613,2021,2021-09-30,learned_order_extension,20260911,0.6829656954926757,0.6829656954926757,1,1
annual_state_offset_half,2656,2021-12-31,2022-01-10,-0.0293970528320001,2021,2021-09-30,learned_order_extension,20260911,0.8620620771212387,0.8620620771212387,1,0
annual_state_offset,2596,2021-10-08,2021-10-18,-0.0038006269617851,2021,2021-09-30,learned_order_offset,20260911,0.9142972109372612,0.9142972109372612,1,0
annual_state_offset,2601,2021-10-15,2021-10-25,0.0037358989621147,2021,2021-09-30,learned_order_offset,20260911,0.8514946837763709,0.8514946837763709,1,1
annual_state_offset,2606,2021-10-22,2021-11-01,-0.0127041632091318,2021,2021-09-30,learned_order_offset,20260911,0.6153835261273471,0.6153835261273471,1,0
annual_state_offset,2611,2021-10-29,2021-11-08,-0.0075807737801166,2021,2021-09-30,learned_order_offset,20260911,0.9063915420083842,0.9063915420083842,1,0
annual_state_offset,2616,2021-11-05,2021-11-15,0.0110015182343039,2021,2021-09-30,learned_order_offset,20260911,0.7978265534432464,0.7978265534432464,1,1
annual_state_offset,2621,2021-11-12,2021-11-22,0.0002002284238551,2021,2021-09-30,learned_order_offset,20260911,0.8952774170529411,0.8952774170529411,1,1
annual_state_offset,2626,2021-11-19,2021-11-29,-0.0153981603100059,2021,2021-09-30,learned_order_offset,20260911,0.7999840840098098,0.7999840840098098,1,0
annual_state_offset,2631,2021-11-26,2021-12-06,0.0185518287306458,2021,2021-09-30,learned_order_offset,20260911,0.8929926071982257,0.8929926071982257,1,1
annual_state_offset,2636,2021-12-03,2021-12-13,0.0367843110096284,2021,2021-09-30,learned_order_offset,20260911,0.6994632842212775,0.6994632842212775,1,1
annual_state_offset,2641,2021-12-10,2021-12-20,-0.0304615698955996,2021,2021-09-30,learned_order_offset,20260911,0.7159325599679914,0.7159325599679914,1,0
annual_state_offset,2646,2021-12-17,2021-12-27,-0.0034083287233763,2021,2021-09-30,learned_order_offset,20260911,0.8863883104829573,0.8863883104829573,1,0
annual_state_offset,2651,2021-12-24,2022-01-04,0.0080985736506613,2021,2021-09-30,learned_order_offset,20260911,0.6995412072205326,0.6995412072205326,1,1
annual_state_offset,2656,2021-12-31,2022-01-10,-0.0293970528320001,2021,2021-09-30,learned_order_offset,20260911,0.8712070538139104,0.8712070538139104,1,0
annual_shared_offset,2596,2021-10-08,2021-10-18,-0.0038006269617851,2021,2021-09-30,learned_order_offset,20260911,0.9142972109372612,0.9142972109372612,1,0
annual_shared_offset,2601,2021-10-15,2021-10-25,0.0037358989621147,2021,2021-09-30,learned_order_offset,20260911,0.8514946837763709,0.8514946837763709,1,1
annual_shared_offset,2606,2021-10-22,2021-11-01,-0.0127041632091318,2021,2021-09-30,learned_order_offset,20260911,0.6153835261273471,0.6153835261273471,1,0
annual_shared_offset,2611,2021-10-29,2021-11-08,-0.0075807737801166,2021,2021-09-30,learned_order_offset,20260911,0.8842820410079582,0.8842820410079582,1,0
annual_shared_offset,2616,2021-11-05,2021-11-15,0.0110015182343039,2021,2021-09-30,learned_order_offset,20260911,0.7978265534432464,0.7978265534432464,1,1
annual_shared_offset,2621,2021-11-12,2021-11-22,0.0002002284238551,2021,2021-09-30,learned_order_offset,20260911,0.8952774170529411,0.8952774170529411,1,1
annual_shared_offset,2626,2021-11-19,2021-11-29,-0.0153981603100059,2021,2021-09-30,learned_order_offset,20260911,0.7999840840098098,0.7999840840098098,1,0
annual_shared_offset,2631,2021-11-26,2021-12-06,0.0185518287306458,2021,2021-09-30,learned_order_offset,20260911,0.8929926071982257,0.8929926071982257,1,1
annual_shared_offset,2636,2021-12-03,2021-12-13,0.0367843110096284,2021,2021-09-30,learned_order_offset,20260911,0.6474873982135273,0.6474873982135273,1,1
annual_shared_offset,2641,2021-12-10,2021-12-20,-0.0304615698955996,2021,2021-09-30,learned_order_offset,20260911,0.6654425918116148,0.6654425918116148,1,0
annual_shared_offset,2646,2021-12-17,2021-12-27,-0.0034083287233763,2021,2021-09-30,learned_order_offset,20260911,0.8602825017136301,0.8602825017136301,1,0
annual_shared_offset,2651,2021-12-24,2022-01-04,0.0080985736506613,2021,2021-09-30,learned_order_offset,20260911,0.6475720074032646,0.6475720074032646,1,1
annual_shared_offset,2656,2021-12-31,2022-01-10,-0.0293970528320001,2021,2021-09-30,learned_order_offset,20260911,0.8422337665918461,0.8422337665918461,1,0
annual_state_offset_half,2596,2021-10-08,2021-10-18,-0.0038006269617851,2021,2021-09-30,learned_order_offset,20260911,0.9142972109372612,0.9142972109372612,1,0
annual_state_offset_half,2601,2021-10-15,2021-10-25,0.0037358989621147,2021,2021-09-30,learned_order_offset,20260911,0.8514946837763709,0.8514946837763709,1,1
annual_state_offset_half,2606,2021-10-22,2021-11-01,-0.0127041632091318,2021,2021-09-30,learned_order_offset,20260911,0.6153835261273471,0.6153835261273471,1,0
annual_state_offset_half,2611,2021-10-29,2021-11-08,-0.0075807737801166,2021,2021-09-30,learned_order_offset,20260911,0.898764947109511,0.898764947109511,1,0
annual_state_offset_half,2616,2021-11-05,2021-11-15,0.0110015182343039,2021,2021-09-30,learned_order_offset,20260911,0.7978265534432464,0.7978265534432464,1,1
annual_state_offset_half,2621,2021-11-12,2021-11-22,0.0002002284238551,2021,2021-09-30,learned_order_offset,20260911,0.8952774170529411,0.8952774170529411,1,1
annual_state_offset_half,2626,2021-11-19,2021-11-29,-0.0153981603100059,2021,2021-09-30,learned_order_offset,20260911,0.7999840840098098,0.7999840840098098,1,0
annual_state_offset_half,2631,2021-11-26,2021-12-06,0.0185518287306458,2021,2021-09-30,learned_order_offset,20260911,0.8929926071982257,0.8929926071982257,1,1
annual_state_offset_half,2636,2021-12-03,2021-12-13,0.0367843110096284,2021,2021-09-30,learned_order_offset,20260911,0.6809126650535233,0.6809126650535233,1,1
annual_state_offset_half,2641,2021-12-10,2021-12-20,-0.0304615698955996,2021,2021-09-30,learned_order_offset,20260911,0.6979595355704485,0.6979595355704485,1,0
annual_state_offset_half,2646,2021-12-17,2021-12-27,-0.0034083287233763,2021,2021-09-30,learned_order_offset,20260911,0.8773525106240755,0.8773525106240755,1,0
annual_state_offset_half,2651,2021-12-24,2022-01-04,0.0080985736506613,2021,2021-09-30,learned_order_offset,20260911,0.6809932042266632,0.6809932042266632,1,1
annual_state_offset_half,2656,2021-12-31,2022-01-10,-0.0293970528320001,2021,2021-09-30,learned_order_offset,20260911,0.8611529850630129,0.8611529850630129,1,0
annual_state_offset,2596,2021-10-08,2021-10-18,-0.0038006269617851,2021,2021-09-30,learned_market,20260912,0.6941559587516039,0.6941559587516039,1,0
annual_state_offset,2601,2021-10-15,2021-10-25,0.0037358989621147,2021,2021-09-30,learned_market,20260912,0.5572300046897983,0.5572300046897983,1,1
annual_state_offset,2606,2021-10-22,2021-11-01,-0.0127041632091318,2021,2021-09-30,learned_market,20260912,0.6299600436601378,0.6299600436601378,1,0
annual_state_offset,2611,2021-10-29,2021-11-08,-0.0075807737801166,2021,2021-09-30,learned_market,20260912,0.5093615975540309,0.5093615975540309,1,0
annual_state_offset,2616,2021-11-05,2021-11-15,0.0110015182343039,2021,2021-09-30,learned_market,20260912,0.508116852058366,0.508116852058366,1,1
annual_state_offset,2621,2021-11-12,2021-11-22,0.0002002284238551,2021,2021-09-30,learned_market,20260912,0.6443350708781979,0.6443350708781979,1,1
annual_state_offset,2626,2021-11-19,2021-11-29,-0.0153981603100059,2021,2021-09-30,learned_market,20260912,0.6693433688568049,0.6693433688568049,1,0
annual_state_offset,2631,2021-11-26,2021-12-06,0.0185518287306458,2021,2021-09-30,learned_market,20260912,0.4564357929986235,0.4564357929986235,0,1
annual_state_offset,2636,2021-12-03,2021-12-13,0.0367843110096284,2021,2021-09-30,learned_market,20260912,0.46406096528651086,0.46406096528651086,0,1
annual_state_offset,2641,2021-12-10,2021-12-20,-0.0304615698955996,2021,2021-09-30,learned_market,20260912,0.6681553774039468,0.6681553774039468,1,0
annual_state_offset,2646,2021-12-17,2021-12-27,-0.0034083287233763,2021,2021-09-30,learned_market,20260912,0.6458799691589765,0.6458799691589765,1,0
annual_state_offset,2651,2021-12-24,2022-01-04,0.0080985736506613,2021,2021-09-30,learned_market,20260912,0.5096737483281006,0.5096737483281006,1,1
annual_state_offset,2656,2021-12-31,2022-01-10,-0.0293970528320001,2021,2021-09-30,learned_market,20260912,0.6865257911329045,0.6865257911329045,1,0
annual_shared_offset,2596,2021-10-08,2021-10-18,-0.0038006269617851,2021,2021-09-30,learned_market,20260912,0.6941559587516039,0.6941559587516039,1,0
annual_shared_offset,2601,2021-10-15,2021-10-25,0.0037358989621147,2021,2021-09-30,learned_market,20260912,0.5572300046897983,0.5572300046897983,1,1
annual_shared_offset,2606,2021-10-22,2021-11-01,-0.0127041632091318,2021,2021-09-30,learned_market,20260912,0.6299600436601378,0.6299600436601378,1,0
annual_shared_offset,2611,2021-10-29,2021-11-08,-0.0075807737801166,2021,2021-09-30,learned_market,20260912,0.43623360419394996,0.43623360419394996,0,0
annual_shared_offset,2616,2021-11-05,2021-11-15,0.0110015182343039,2021,2021-09-30,learned_market,20260912,0.508116852058366,0.508116852058366,1,1
annual_shared_offset,2621,2021-11-12,2021-11-22,0.0002002284238551,2021,2021-09-30,learned_market,20260912,0.6443350708781979,0.6443350708781979,1,1
annual_shared_offset,2626,2021-11-19,2021-11-29,-0.0153981603100059,2021,2021-09-30,learned_market,20260912,0.6693433688568049,0.6693433688568049,1,0
annual_shared_offset,2631,2021-11-26,2021-12-06,0.0185518287306458,2021,2021-09-30,learned_market,20260912,0.4564357929986235,0.4564357929986235,0,1
annual_shared_offset,2636,2021-12-03,2021-12-13,0.0367843110096284,2021,2021-09-30,learned_market,20260912,0.3922373394393375,0.3922373394393375,0,1
annual_shared_offset,2641,2021-12-10,2021-12-20,-0.0304615698955996,2021,2021-09-30,learned_market,20260912,0.6001142184182201,0.6001142184182201,1,0
annual_shared_offset,2646,2021-12-17,2021-12-27,-0.0034083287233763,2021,2021-09-30,learned_market,20260912,0.5761686760583176,0.5761686760583176,1,0
annual_shared_offset,2651,2021-12-24,2022-01-04,0.0080985736506613,2021,2021-09-30,learned_market,20260912,0.43654081370189945,0.43654081370189945,0,1
annual_shared_offset,2656,2021-12-31,2022-01-10,-0.0293970528320001,2021,2021-09-30,learned_market,20260912,0.6201096959366617,0.6201096959366617,1,0
annual_state_offset_half,2596,2021-10-08,2021-10-18,-0.0038006269617851,2021,2021-09-30,learned_market,20260912,0.6941559587516039,0.6941559587516039,1,0
annual_state_offset_half,2601,2021-10-15,2021-10-25,0.0037358989621147,2021,2021-09-30,learned_market,20260912,0.5572300046897983,0.5572300046897983,1,1
annual_state_offset_half,2606,2021-10-22,2021-11-01,-0.0127041632091318,2021,2021-09-30,learned_market,20260912,0.6299600436601378,0.6299600436601378,1,0
annual_state_offset_half,2611,2021-10-29,2021-11-08,-0.0075807737801166,2021,2021-09-30,learned_market,20260912,0.48691063073503715,0.48691063073503715,0,0
annual_state_offset_half,2616,2021-11-05,2021-11-15,0.0110015182343039,2021,2021-09-30,learned_market,20260912,0.508116852058366,0.508116852058366,1,1
annual_state_offset_half,2621,2021-11-12,2021-11-22,0.0002002284238551,2021,2021-09-30,learned_market,20260912,0.6443350708781979,0.6443350708781979,1,1
annual_state_offset_half,2626,2021-11-19,2021-11-29,-0.0153981603100059,2021,2021-09-30,learned_market,20260912,0.6693433688568049,0.6693433688568049,1,0
annual_state_offset_half,2631,2021-11-26,2021-12-06,0.0185518287306458,2021,2021-09-30,learned_market,20260912,0.4564357929986235,0.4564357929986235,0,1
annual_state_offset_half,2636,2021-12-03,2021-12-13,0.0367843110096284,2021,2021-09-30,learned_market,20260912,0.4418087156922784,0.4418087156922784,0,1
annual_state_offset_half,2641,2021-12-10,2021-12-20,-0.0304615698955996,2021,2021-09-30,learned_market,20260912,0.6479484855381861,0.6479484855381861,1,0
annual_state_offset_half,2646,2021-12-17,2021-12-27,-0.0034083287233763,2021,2021-09-30,learned_market,20260912,0.6250777907985632,0.6250777907985632,1,0
annual_state_offset_half,2651,2021-12-24,2022-01-04,0.0080985736506613,2021,2021-09-30,learned_market,20260912,0.48722268572497374,0.48722268572497374,0,1
annual_state_offset_half,2656,2021-12-31,2022-01-10,-0.0293970528320001,2021,2021-09-30,learned_market,20260912,0.666879813717809,0.666879813717809,1,0
annual_state_offset,2596,2021-10-08,2021-10-18,-0.0038006269617851,2021,2021-09-30,learned_vol_interaction,20260912,0.695102696328134,0.695102696328134,1,0
annual_state_offset,2601,2021-10-15,2021-10-25,0.0037358989621147,2021,2021-09-30,learned_vol_interaction,20260912,0.5555453048521898,0.5555453048521898,1,1
annual_state_offset,2606,2021-10-22,2021-11-01,-0.0127041632091318,2021,2021-09-30,learned_vol_interaction,20260912,0.6315277731833727,0.6315277731833727,1,0
annual_state_offset,2611,2021-10-29,2021-11-08,-0.0075807737801166,2021,2021-09-30,learned_vol_interaction,20260912,0.5057572069456723,0.5057572069456723,1,0
annual_state_offset,2616,2021-11-05,2021-11-15,0.0110015182343039,2021,2021-09-30,learned_vol_interaction,20260912,0.5028238020220486,0.5028238020220486,1,1
annual_state_offset,2621,2021-11-12,2021-11-22,0.0002002284238551,2021,2021-09-30,learned_vol_interaction,20260912,0.6449850400218169,0.6449850400218169,1,1
annual_state_offset,2626,2021-11-19,2021-11-29,-0.0153981603100059,2021,2021-09-30,learned_vol_interaction,20260912,0.6701888269993593,0.6701888269993593,1,0
annual_state_offset,2631,2021-11-26,2021-12-06,0.0185518287306458,2021,2021-09-30,learned_vol_interaction,20260912,0.45043317964934776,0.45043317964934776,0,1
annual_state_offset,2636,2021-12-03,2021-12-13,0.0367843110096284,2021,2021-09-30,learned_vol_interaction,20260912,0.4551027322429334,0.4551027322429334,0,1
annual_state_offset,2641,2021-12-10,2021-12-20,-0.0304615698955996,2021,2021-09-30,learned_vol_interaction,20260912,0.6679290401318166,0.6679290401318166,1,0
annual_state_offset,2646,2021-12-17,2021-12-27,-0.0034083287233763,2021,2021-09-30,learned_vol_interaction,20260912,0.6450748514644485,0.6450748514644485,1,0
annual_state_offset,2651,2021-12-24,2022-01-04,0.0080985736506613,2021,2021-09-30,learned_vol_interaction,20260912,0.5055160693320739,0.5055160693320739,1,1
annual_state_offset,2656,2021-12-31,2022-01-10,-0.0293970528320001,2021,2021-09-30,learned_vol_interaction,20260912,0.6848487072529194,0.6848487072529194,1,0
annual_shared_offset,2596,2021-10-08,2021-10-18,-0.0038006269617851,2021,2021-09-30,learned_vol_interaction,20260912,0.695102696328134,0.695102696328134,1,0
annual_shared_offset,2601,2021-10-15,2021-10-25,0.0037358989621147,2021,2021-09-30,learned_vol_interaction,20260912,0.5555453048521898,0.5555453048521898,1,1
annual_shared_offset,2606,2021-10-22,2021-11-01,-0.0127041632091318,2021,2021-09-30,learned_vol_interaction,20260912,0.6315277731833727,0.6315277731833727,1,0
annual_shared_offset,2611,2021-10-29,2021-11-08,-0.0075807737801166,2021,2021-09-30,learned_vol_interaction,20260912,0.4325561212550145,0.4325561212550145,0,0
annual_shared_offset,2616,2021-11-05,2021-11-15,0.0110015182343039,2021,2021-09-30,learned_vol_interaction,20260912,0.5028238020220486,0.5028238020220486,1,1
annual_shared_offset,2621,2021-11-12,2021-11-22,0.0002002284238551,2021,2021-09-30,learned_vol_interaction,20260912,0.6449850400218169,0.6449850400218169,1,1
annual_shared_offset,2626,2021-11-19,2021-11-29,-0.0153981603100059,2021,2021-09-30,learned_vol_interaction,20260912,0.6701888269993593,0.6701888269993593,1,0
annual_shared_offset,2631,2021-11-26,2021-12-06,0.0185518287306458,2021,2021-09-30,learned_vol_interaction,20260912,0.45043317964934776,0.45043317964934776,0,1
annual_shared_offset,2636,2021-12-03,2021-12-13,0.0367843110096284,2021,2021-09-30,learned_vol_interaction,20260912,0.38354373609055775,0.38354373609055775,0,1
annual_shared_offset,2641,2021-12-10,2021-12-20,-0.0304615698955996,2021,2021-09-30,learned_vol_interaction,20260912,0.5997380190911054,0.5997380190911054,1,0
annual_shared_offset,2646,2021-12-17,2021-12-27,-0.0034083287233763,2021,2021-09-30,learned_vol_interaction,20260912,0.5751756836864096,0.5751756836864096,1,0
annual_shared_offset,2651,2021-12-24,2022-01-04,0.0080985736506613,2021,2021-09-30,learned_vol_interaction,20260912,0.43231935639603036,0.43231935639603036,0,1
annual_shared_offset,2656,2021-12-31,2022-01-10,-0.0293970528320001,2021,2021-09-30,learned_vol_interaction,20260912,0.6181458045035542,0.6181458045035542,1,0
annual_state_offset_half,2596,2021-10-08,2021-10-18,-0.0038006269617851,2021,2021-09-30,learned_vol_interaction,20260912,0.695102696328134,0.695102696328134,1,0
annual_state_offset_half,2601,2021-10-15,2021-10-25,0.0037358989621147,2021,2021-09-30,learned_vol_interaction,20260912,0.5555453048521898,0.5555453048521898,1,1
annual_state_offset_half,2606,2021-10-22,2021-11-01,-0.0127041632091318,2021,2021-09-30,learned_vol_interaction,20260912,0.6315277731833727,0.6315277731833727,1,0
annual_state_offset_half,2611,2021-10-29,2021-11-08,-0.0075807737801166,2021,2021-09-30,learned_vol_interaction,20260912,0.48314661463931435,0.48314661463931435,0,0
annual_state_offset_half,2616,2021-11-05,2021-11-15,0.0110015182343039,2021,2021-09-30,learned_vol_interaction,20260912,0.5028238020220486,0.5028238020220486,1,1
annual_state_offset_half,2621,2021-11-12,2021-11-22,0.0002002284238551,2021,2021-09-30,learned_vol_interaction,20260912,0.6449850400218169,0.6449850400218169,1,1
annual_state_offset_half,2626,2021-11-19,2021-11-29,-0.0153981603100059,2021,2021-09-30,learned_vol_interaction,20260912,0.6701888269993593,0.6701888269993593,1,0
annual_state_offset_half,2631,2021-11-26,2021-12-06,0.0185518287306458,2021,2021-09-30,learned_vol_interaction,20260912,0.45043317964934776,0.45043317964934776,0,1
annual_state_offset_half,2636,2021-12-03,2021-12-13,0.0367843110096284,2021,2021-09-30,learned_vol_interaction,20260912,0.43277378589813176,0.43277378589813176,0,1
annual_state_offset_half,2641,2021-12-10,2021-12-20,-0.0304615698955996,2021,2021-09-30,learned_vol_interaction,20260912,0.6475675922539901,0.6475675922539901,1,0
annual_state_offset_half,2646,2021-12-17,2021-12-27,-0.0034083287233763,2021,2021-09-30,learned_vol_interaction,20260912,0.6241007142177104,0.6241007142177104,1,0
annual_state_offset_half,2651,2021-12-24,2022-01-04,0.0080985736506613,2021,2021-09-30,learned_vol_interaction,20260912,0.48290572430928075,0.48290572430928075,0,1
annual_state_offset_half,2656,2021-12-31,2022-01-10,-0.0293970528320001,2021,2021-09-30,learned_vol_interaction,20260912,0.6650043857009456,0.6650043857009456,1,0
annual_state_offset,2596,2021-10-08,2021-10-18,-0.0038006269617851,2021,2021-09-30,learned_order_extension,20260912,0.6977983653498382,0.6977983653498382,1,0
annual_state_offset,2601,2021-10-15,2021-10-25,0.0037358989621147,2021,2021-09-30,learned_order_extension,20260912,0.5511774737639048,0.5511774737639048,1,1
annual_state_offset,2606,2021-10-22,2021-11-01,-0.0127041632091318,2021,2021-09-30,learned_order_extension,20260912,0.6314497295780248,0.6314497295780248,1,0
annual_state_offset,2611,2021-10-29,2021-11-08,-0.0075807737801166,2021,2021-09-30,learned_order_extension,20260912,0.5012644492530931,0.5012644492530931,1,0
annual_state_offset,2616,2021-11-05,2021-11-15,0.0110015182343039,2021,2021-09-30,learned_order_extension,20260912,0.49440987235614653,0.49440987235614653,0,1
annual_state_offset,2621,2021-11-12,2021-11-22,0.0002002284238551,2021,2021-09-30,learned_order_extension,20260912,0.6457846168027762,0.6457846168027762,1,1
annual_state_offset,2626,2021-11-19,2021-11-29,-0.0153981603100059,2021,2021-09-30,learned_order_extension,20260912,0.6758557957877199,0.6758557957877199,1,0
annual_state_offset,2631,2021-11-26,2021-12-06,0.0185518287306458,2021,2021-09-30,learned_order_extension,20260912,0.43384934218808535,0.43384934218808535,0,1
annual_state_offset,2636,2021-12-03,2021-12-13,0.0367843110096284,2021,2021-09-30,learned_order_extension,20260912,0.4455821040690213,0.4455821040690213,0,1
annual_state_offset,2641,2021-12-10,2021-12-20,-0.0304615698955996,2021,2021-09-30,learned_order_extension,20260912,0.6691254790869678,0.6691254790869678,1,0
annual_state_offset,2646,2021-12-17,2021-12-27,-0.0034083287233763,2021,2021-09-30,learned_order_extension,20260912,0.6421827383333553,0.6421827383333553,1,0
annual_state_offset,2651,2021-12-24,2022-01-04,0.0080985736506613,2021,2021-09-30,learned_order_extension,20260912,0.4955746197503473,0.4955746197503473,0,1
annual_state_offset,2656,2021-12-31,2022-01-10,-0.0293970528320001,2021,2021-09-30,learned_order_extension,20260912,0.6872042987992049,0.6872042987992049,1,0
annual_shared_offset,2596,2021-10-08,2021-10-18,-0.0038006269617851,2021,2021-09-30,learned_order_extension,20260912,0.6977983653498382,0.6977983653498382,1,0
annual_shared_offset,2601,2021-10-15,2021-10-25,0.0037358989621147,2021,2021-09-30,learned_order_extension,20260912,0.5511774737639048,0.5511774737639048,1,1
annual_shared_offset,2606,2021-10-22,2021-11-01,-0.0127041632091318,2021,2021-09-30,learned_order_extension,20260912,0.6314497295780248,0.6314497295780248,1,0
annual_shared_offset,2611,2021-10-29,2021-11-08,-0.0075807737801166,2021,2021-09-30,learned_order_extension,20260912,0.42793558072486615,0.42793558072486615,0,0
annual_shared_offset,2616,2021-11-05,2021-11-15,0.0110015182343039,2021,2021-09-30,learned_order_extension,20260912,0.49440987235614653,0.49440987235614653,0,1
annual_shared_offset,2621,2021-11-12,2021-11-22,0.0002002284238551,2021,2021-09-30,learned_order_extension,20260912,0.6457846168027762,0.6457846168027762,1,1
annual_shared_offset,2626,2021-11-19,2021-11-29,-0.0153981603100059,2021,2021-09-30,learned_order_extension,20260912,0.6758557957877199,0.6758557957877199,1,0
annual_shared_offset,2631,2021-11-26,2021-12-06,0.0185518287306458,2021,2021-09-30,learned_order_extension,20260912,0.43384934218808535,0.43384934218808535,0,1
annual_shared_offset,2636,2021-12-03,2021-12-13,0.0367843110096284,2021,2021-09-30,learned_order_extension,20260912,0.37428582290804707,0.37428582290804707,0,1
annual_shared_offset,2641,2021-12-10,2021-12-20,-0.0304615698955996,2021,2021-09-30,learned_order_extension,20260912,0.6008230469168379,0.6008230469168379,1,0
annual_shared_offset,2646,2021-12-17,2021-12-27,-0.0034083287233763,2021,2021-09-30,learned_order_extension,20260912,0.5718770858617573,0.5718770858617573,1,0
annual_shared_offset,2651,2021-12-24,2022-01-04,0.0080985736506613,2021,2021-09-30,learned_order_extension,20260912,0.4223731943221519,0.4223731943221519,0,1
annual_shared_offset,2656,2021-12-31,2022-01-10,-0.0293970528320001,2021,2021-09-30,learned_order_extension,20260912,0.6205173336855355,0.6205173336855355,1,0
annual_state_offset_half,2596,2021-10-08,2021-10-18,-0.0038006269617851,2021,2021-09-30,learned_order_extension,20260912,0.6977983653498382,0.6977983653498382,1,0
annual_state_offset_half,2601,2021-10-15,2021-10-25,0.0037358989621147,2021,2021-09-30,learned_order_extension,20260912,0.5511774737639048,0.5511774737639048,1,1
annual_state_offset_half,2606,2021-10-22,2021-11-01,-0.0127041632091318,2021,2021-09-30,learned_order_extension,20260912,0.6314497295780248,0.6314497295780248,1,0
annual_state_offset_half,2611,2021-10-29,2021-11-08,-0.0075807737801166,2021,2021-09-30,learned_order_extension,20260912,0.47837212573452315,0.47837212573452315,0,0
annual_state_offset_half,2616,2021-11-05,2021-11-15,0.0110015182343039,2021,2021-09-30,learned_order_extension,20260912,0.49440987235614653,0.49440987235614653,0,1
annual_state_offset_half,2621,2021-11-12,2021-11-22,0.0002002284238551,2021,2021-09-30,learned_order_extension,20260912,0.6457846168027762,0.6457846168027762,1,1
annual_state_offset_half,2626,2021-11-19,2021-11-29,-0.0153981603100059,2021,2021-09-30,learned_order_extension,20260912,0.6758557957877199,0.6758557957877199,1,0
annual_state_offset_half,2631,2021-11-26,2021-12-06,0.0185518287306458,2021,2021-09-30,learned_order_extension,20260912,0.43384934218808535,0.43384934218808535,0,1
annual_state_offset_half,2636,2021-12-03,2021-12-13,0.0367843110096284,2021,2021-09-30,learned_order_extension,20260912,0.4230755576638295,0.4230755576638295,0,1
annual_state_offset_half,2641,2021-12-10,2021-12-20,-0.0304615698955996,2021,2021-09-30,learned_order_extension,20260912,0.6485357363647422,0.6485357363647422,1,0
annual_state_offset_half,2646,2021-12-17,2021-12-27,-0.0034083287233763,2021,2021-09-30,learned_order_extension,20260912,0.620866375191393,0.620866375191393,1,0
annual_state_offset_half,2651,2021-12-24,2022-01-04,0.0080985736506613,2021,2021-09-30,learned_order_extension,20260912,0.4726958633516643,0.4726958633516643,0,1
annual_state_offset_half,2656,2021-12-31,2022-01-10,-0.0293970528320001,2021,2021-09-30,learned_order_extension,20260912,0.6671799928309166,0.6671799928309166,1,0
annual_state_offset,2596,2021-10-08,2021-10-18,-0.0038006269617851,2021,2021-09-30,learned_order_offset,20260912,0.6979478393130971,0.6979478393130971,1,0
annual_state_offset,2601,2021-10-15,2021-10-25,0.0037358989621147,2021,2021-09-30,learned_order_offset,20260912,0.5509092482748328,0.5509092482748328,1,1
annual_state_offset,2606,2021-10-22,2021-11-01,-0.0127041632091318,2021,2021-09-30,learned_order_offset,20260912,0.6314800730261438,0.6314800730261438,1,0
annual_state_offset,2611,2021-10-29,2021-11-08,-0.0075807737801166,2021,2021-09-30,learned_order_offset,20260912,0.5013709837141657,0.5013709837141657,1,0
annual_state_offset,2616,2021-11-05,2021-11-15,0.0110015182343039,2021,2021-09-30,learned_order_offset,20260912,0.4943242193979672,0.4943242193979672,0,1
annual_state_offset,2621,2021-11-12,2021-11-22,0.0002002284238551,2021,2021-09-30,learned_order_offset,20260912,0.6453907944726573,0.6453907944726573,1,1
annual_state_offset,2626,2021-11-19,2021-11-29,-0.0153981603100059,2021,2021-09-30,learned_order_offset,20260912,0.6755480100450049,0.6755480100450049,1,0
annual_state_offset,2631,2021-11-26,2021-12-06,0.0185518287306458,2021,2021-09-30,learned_order_offset,20260912,0.433749464940142,0.433749464940142,0,1
annual_state_offset,2636,2021-12-03,2021-12-13,0.0367843110096284,2021,2021-09-30,learned_order_offset,20260912,0.4455676076032492,0.4455676076032492,0,1
annual_state_offset,2641,2021-12-10,2021-12-20,-0.0304615698955996,2021,2021-09-30,learned_order_offset,20260912,0.6687835107084376,0.6687835107084376,1,0
annual_state_offset,2646,2021-12-17,2021-12-27,-0.0034083287233763,2021,2021-09-30,learned_order_offset,20260912,0.6416367891845932,0.6416367891845932,1,0
annual_state_offset,2651,2021-12-24,2022-01-04,0.0080985736506613,2021,2021-09-30,learned_order_offset,20260912,0.4950616537568698,0.4950616537568698,0,1
annual_state_offset,2656,2021-12-31,2022-01-10,-0.0293970528320001,2021,2021-09-30,learned_order_offset,20260912,0.6871422382461675,0.6871422382461675,1,0
annual_shared_offset,2596,2021-10-08,2021-10-18,-0.0038006269617851,2021,2021-09-30,learned_order_offset,20260912,0.6979478393130971,0.6979478393130971,1,0
annual_shared_offset,2601,2021-10-15,2021-10-25,0.0037358989621147,2021,2021-09-30,learned_order_offset,20260912,0.5509092482748328,0.5509092482748328,1,1
annual_shared_offset,2606,2021-10-22,2021-11-01,-0.0127041632091318,2021,2021-09-30,learned_order_offset,20260912,0.6314800730261438,0.6314800730261438,1,0
annual_shared_offset,2611,2021-10-29,2021-11-08,-0.0075807737801166,2021,2021-09-30,learned_order_offset,20260912,0.4280947302799408,0.4280947302799408,0,0
annual_shared_offset,2616,2021-11-05,2021-11-15,0.0110015182343039,2021,2021-09-30,learned_order_offset,20260912,0.4943242193979672,0.4943242193979672,0,1
annual_shared_offset,2621,2021-11-12,2021-11-22,0.0002002284238551,2021,2021-09-30,learned_order_offset,20260912,0.6453907944726573,0.6453907944726573,1,1
annual_shared_offset,2626,2021-11-19,2021-11-29,-0.0153981603100059,2021,2021-09-30,learned_order_offset,20260912,0.6755480100450049,0.6755480100450049,1,0
annual_shared_offset,2631,2021-11-26,2021-12-06,0.0185518287306458,2021,2021-09-30,learned_order_offset,20260912,0.433749464940142,0.433749464940142,0,1
annual_shared_offset,2636,2021-12-03,2021-12-13,0.0367843110096284,2021,2021-09-30,learned_order_offset,20260912,0.37432452471116845,0.37432452471116845,0,1
annual_shared_offset,2641,2021-12-10,2021-12-20,-0.0304615698955996,2021,2021-09-30,learned_order_offset,20260912,0.6005063601969352,0.6005063601969352,1,0
annual_shared_offset,2646,2021-12-17,2021-12-27,-0.0034083287233763,2021,2021-09-30,learned_order_offset,20260912,0.5713503209261225,0.5713503209261225,1,0
annual_shared_offset,2651,2021-12-24,2022-01-04,0.0080985736506613,2021,2021-09-30,learned_order_offset,20260912,0.4219272456853576,0.4219272456853576,0,1
annual_shared_offset,2656,2021-12-31,2022-01-10,-0.0293970528320001,2021,2021-09-30,learned_order_offset,20260912,0.6205020823984134,0.6205020823984134,1,0
annual_state_offset_half,2596,2021-10-08,2021-10-18,-0.0038006269617851,2021,2021-09-30,learned_order_offset,20260912,0.6979478393130971,0.6979478393130971,1,0
annual_state_offset_half,2601,2021-10-15,2021-10-25,0.0037358989621147,2021,2021-09-30,learned_order_offset,20260912,0.5509092482748328,0.5509092482748328,1,1
annual_state_offset_half,2606,2021-10-22,2021-11-01,-0.0127041632091318,2021,2021-09-30,learned_order_offset,20260912,0.6314800730261438,0.6314800730261438,1,0
annual_state_offset_half,2611,2021-10-29,2021-11-08,-0.0075807737801166,2021,2021-09-30,learned_order_offset,20260912,0.4784574548840608,0.4784574548840608,0,0
annual_state_offset_half,2616,2021-11-05,2021-11-15,0.0110015182343039,2021,2021-09-30,learned_order_offset,20260912,0.4943242193979672,0.4943242193979672,0,1
annual_state_offset_half,2621,2021-11-12,2021-11-22,0.0002002284238551,2021,2021-09-30,learned_order_offset,20260912,0.6453907944726573,0.6453907944726573,1,1
annual_state_offset_half,2626,2021-11-19,2021-11-29,-0.0153981603100059,2021,2021-09-30,learned_order_offset,20260912,0.6755480100450049,0.6755480100450049,1,0
annual_state_offset_half,2631,2021-11-26,2021-12-06,0.0185518287306458,2021,2021-09-30,learned_order_offset,20260912,0.433749464940142,0.433749464940142,0,1
annual_state_offset_half,2636,2021-12-03,2021-12-13,0.0367843110096284,2021,2021-09-30,learned_order_offset,20260912,0.42304068643718984,0.42304068643718984,0,1
annual_state_offset_half,2641,2021-12-10,2021-12-20,-0.0304615698955996,2021,2021-09-30,learned_order_offset,20260912,0.6481644782947289,0.6481644782947289,1,0
annual_state_offset_half,2646,2021-12-17,2021-12-27,-0.0034083287233763,2021,2021-09-30,learned_order_offset,20260912,0.6202873035495422,0.6202873035495422,1,0
annual_state_offset_half,2651,2021-12-24,2022-01-04,0.0080985736506613,2021,2021-09-30,learned_order_offset,20260912,0.4721634294569882,0.4721634294569882,0,1
annual_state_offset_half,2656,2021-12-31,2022-01-10,-0.0293970528320001,2021,2021-09-30,learned_order_offset,20260912,0.6670971879993622,0.6670971879993622,1,0
annual_state_offset,2660,2022-01-07,2022-01-17,-0.0173453887283024,2022,2021-12-31,learned_market,20260910,0.5688001187262542,0.5688001187262542,1,0
annual_state_offset,2665,2022-01-14,2022-01-24,0.0053248631776616,2022,2021-12-31,learned_market,20260910,0.6536697221556952,0.6536697221556952,1,1
annual_state_offset,2670,2022-01-21,2022-02-07,-0.0242661876254222,2022,2021-12-31,learned_market,20260910,0.667180452286777,0.667180452286777,1,0
annual_state_offset,2675,2022-01-28,2022-02-14,-0.0127539031341488,2022,2021-12-31,learned_market,20260910,0.6821990081341186,0.6821990081341186,1,0
annual_state_offset,2680,2022-02-11,2022-02-21,0.0145498774954033,2022,2021-12-31,learned_market,20260910,0.6685932622029157,0.6685932622029157,1,1
annual_state_offset,2685,2022-02-18,2022-02-28,-0.0177161244498015,2022,2021-12-31,learned_market,20260910,0.721020181747073,0.721020181747073,1,0
annual_state_offset,2690,2022-02-25,2022-03-07,-0.0221791776043331,2022,2021-12-31,learned_market,20260910,0.6720256213340763,0.6720256213340763,1,0
annual_state_offset,2695,2022-03-04,2022-03-14,-0.0480378799422749,2022,2021-12-31,learned_market,20260910,0.6491632424244927,0.6491632424244927,1,0
annual_state_offset,2700,2022-03-11,2022-03-21,0.007530336734814,2022,2021-12-31,learned_market,20260910,0.7072260560701839,0.7072260560701839,1,1
annual_state_offset,2705,2022-03-18,2022-03-28,-0.0353493110038457,2022,2021-12-31,learned_market,20260910,0.680562718896786,0.680562718896786,1,0
annual_state_offset,2710,2022-03-25,2022-04-06,0.0314834190717003,2022,2021-12-31,learned_market,20260910,0.7149297850291989,0.7149297850291989,1,1
annual_shared_offset,2660,2022-01-07,2022-01-17,-0.0173453887283024,2022,2021-12-31,learned_market,20260910,0.5688001187262542,0.5688001187262542,1,0
annual_shared_offset,2665,2022-01-14,2022-01-24,0.0053248631776616,2022,2021-12-31,learned_market,20260910,0.6536697221556952,0.6536697221556952,1,1
annual_shared_offset,2670,2022-01-21,2022-02-07,-0.0242661876254222,2022,2021-12-31,learned_market,20260910,0.667180452286777,0.667180452286777,1,0
annual_shared_offset,2675,2022-01-28,2022-02-14,-0.0127539031341488,2022,2021-12-31,learned_market,20260910,0.6821990081341186,0.6821990081341186,1,0
annual_shared_offset,2680,2022-02-11,2022-02-21,0.0145498774954033,2022,2021-12-31,learned_market,20260910,0.6685932622029157,0.6685932622029157,1,1
annual_shared_offset,2685,2022-02-18,2022-02-28,-0.0177161244498015,2022,2021-12-31,learned_market,20260910,0.721020181747073,0.721020181747073,1,0
annual_shared_offset,2690,2022-02-25,2022-03-07,-0.0221791776043331,2022,2021-12-31,learned_market,20260910,0.6720256213340763,0.6720256213340763,1,0
annual_shared_offset,2695,2022-03-04,2022-03-14,-0.0480378799422749,2022,2021-12-31,learned_market,20260910,0.6491632424244927,0.6491632424244927,1,0
annual_shared_offset,2700,2022-03-11,2022-03-21,0.007530336734814,2022,2021-12-31,learned_market,20260910,0.7072260560701839,0.7072260560701839,1,1
annual_shared_offset,2705,2022-03-18,2022-03-28,-0.0353493110038457,2022,2021-12-31,learned_market,20260910,0.680562718896786,0.680562718896786,1,0
annual_shared_offset,2710,2022-03-25,2022-04-06,0.0314834190717003,2022,2021-12-31,learned_market,20260910,0.7149297850291989,0.7149297850291989,1,1
annual_state_offset_half,2660,2022-01-07,2022-01-17,-0.0173453887283024,2022,2021-12-31,learned_market,20260910,0.5688001187262542,0.5688001187262542,1,0
annual_state_offset_half,2665,2022-01-14,2022-01-24,0.0053248631776616,2022,2021-12-31,learned_market,20260910,0.6536697221556952,0.6536697221556952,1,1
annual_state_offset_half,2670,2022-01-21,2022-02-07,-0.0242661876254222,2022,2021-12-31,learned_market,20260910,0.667180452286777,0.667180452286777,1,0
annual_state_offset_half,2675,2022-01-28,2022-02-14,-0.0127539031341488,2022,2021-12-31,learned_market,20260910,0.6821990081341186,0.6821990081341186,1,0
annual_state_offset_half,2680,2022-02-11,2022-02-21,0.0145498774954033,2022,2021-12-31,learned_market,20260910,0.6685932622029157,0.6685932622029157,1,1
annual_state_offset_half,2685,2022-02-18,2022-02-28,-0.0177161244498015,2022,2021-12-31,learned_market,20260910,0.721020181747073,0.721020181747073,1,0
annual_state_offset_half,2690,2022-02-25,2022-03-07,-0.0221791776043331,2022,2021-12-31,learned_market,20260910,0.6720256213340763,0.6720256213340763,1,0
annual_state_offset_half,2695,2022-03-04,2022-03-14,-0.0480378799422749,2022,2021-12-31,learned_market,20260910,0.6491632424244927,0.6491632424244927,1,0
annual_state_offset_half,2700,2022-03-11,2022-03-21,0.007530336734814,2022,2021-12-31,learned_market,20260910,0.7072260560701839,0.7072260560701839,1,1
annual_state_offset_half,2705,2022-03-18,2022-03-28,-0.0353493110038457,2022,2021-12-31,learned_market,20260910,0.680562718896786,0.680562718896786,1,0
annual_state_offset_half,2710,2022-03-25,2022-04-06,0.0314834190717003,2022,2021-12-31,learned_market,20260910,0.7149297850291989,0.7149297850291989,1,1
annual_state_offset,2660,2022-01-07,2022-01-17,-0.0173453887283024,2022,2021-12-31,learned_vol_interaction,20260910,0.5831076461801695,0.5831076461801695,1,0
annual_state_offset,2665,2022-01-14,2022-01-24,0.0053248631776616,2022,2021-12-31,learned_vol_interaction,20260910,0.6744765119030697,0.6744765119030697,1,1
annual_state_offset,2670,2022-01-21,2022-02-07,-0.0242661876254222,2022,2021-12-31,learned_vol_interaction,20260910,0.6652743592454685,0.6652743592454685,1,0
annual_state_offset,2675,2022-01-28,2022-02-14,-0.0127539031341488,2022,2021-12-31,learned_vol_interaction,20260910,0.6916788990216658,0.6916788990216658,1,0
annual_state_offset,2680,2022-02-11,2022-02-21,0.0145498774954033,2022,2021-12-31,learned_vol_interaction,20260910,0.6656475068815167,0.6656475068815167,1,1
annual_state_offset,2685,2022-02-18,2022-02-28,-0.0177161244498015,2022,2021-12-31,learned_vol_interaction,20260910,0.7192657526415306,0.7192657526415306,1,0
annual_state_offset,2690,2022-02-25,2022-03-07,-0.0221791776043331,2022,2021-12-31,learned_vol_interaction,20260910,0.665128795190077,0.665128795190077,1,0
annual_state_offset,2695,2022-03-04,2022-03-14,-0.0480378799422749,2022,2021-12-31,learned_vol_interaction,20260910,0.6570221213989423,0.6570221213989423,1,0
annual_state_offset,2700,2022-03-11,2022-03-21,0.007530336734814,2022,2021-12-31,learned_vol_interaction,20260910,0.7032750021899432,0.7032750021899432,1,1
annual_state_offset,2705,2022-03-18,2022-03-28,-0.0353493110038457,2022,2021-12-31,learned_vol_interaction,20260910,0.6524086529307518,0.6524086529307518,1,0
annual_state_offset,2710,2022-03-25,2022-04-06,0.0314834190717003,2022,2021-12-31,learned_vol_interaction,20260910,0.6942468524177501,0.6942468524177501,1,1
annual_shared_offset,2660,2022-01-07,2022-01-17,-0.0173453887283024,2022,2021-12-31,learned_vol_interaction,20260910,0.5831076461801695,0.5831076461801695,1,0
annual_shared_offset,2665,2022-01-14,2022-01-24,0.0053248631776616,2022,2021-12-31,learned_vol_interaction,20260910,0.6744765119030697,0.6744765119030697,1,1
annual_shared_offset,2670,2022-01-21,2022-02-07,-0.0242661876254222,2022,2021-12-31,learned_vol_interaction,20260910,0.6652743592454685,0.6652743592454685,1,0
annual_shared_offset,2675,2022-01-28,2022-02-14,-0.0127539031341488,2022,2021-12-31,learned_vol_interaction,20260910,0.6916788990216658,0.6916788990216658,1,0
annual_shared_offset,2680,2022-02-11,2022-02-21,0.0145498774954033,2022,2021-12-31,learned_vol_interaction,20260910,0.6656475068815167,0.6656475068815167,1,1
annual_shared_offset,2685,2022-02-18,2022-02-28,-0.0177161244498015,2022,2021-12-31,learned_vol_interaction,20260910,0.7192657526415306,0.7192657526415306,1,0
annual_shared_offset,2690,2022-02-25,2022-03-07,-0.0221791776043331,2022,2021-12-31,learned_vol_interaction,20260910,0.665128795190077,0.665128795190077,1,0
annual_shared_offset,2695,2022-03-04,2022-03-14,-0.0480378799422749,2022,2021-12-31,learned_vol_interaction,20260910,0.6570221213989423,0.6570221213989423,1,0
annual_shared_offset,2700,2022-03-11,2022-03-21,0.007530336734814,2022,2021-12-31,learned_vol_interaction,20260910,0.7032750021899432,0.7032750021899432,1,1
annual_shared_offset,2705,2022-03-18,2022-03-28,-0.0353493110038457,2022,2021-12-31,learned_vol_interaction,20260910,0.6524086529307518,0.6524086529307518,1,0
annual_shared_offset,2710,2022-03-25,2022-04-06,0.0314834190717003,2022,2021-12-31,learned_vol_interaction,20260910,0.6942468524177501,0.6942468524177501,1,1
annual_state_offset_half,2660,2022-01-07,2022-01-17,-0.0173453887283024,2022,2021-12-31,learned_vol_interaction,20260910,0.5831076461801695,0.5831076461801695,1,0
annual_state_offset_half,2665,2022-01-14,2022-01-24,0.0053248631776616,2022,2021-12-31,learned_vol_interaction,20260910,0.6744765119030697,0.6744765119030697,1,1
annual_state_offset_half,2670,2022-01-21,2022-02-07,-0.0242661876254222,2022,2021-12-31,learned_vol_interaction,20260910,0.6652743592454685,0.6652743592454685,1,0
annual_state_offset_half,2675,2022-01-28,2022-02-14,-0.0127539031341488,2022,2021-12-31,learned_vol_interaction,20260910,0.6916788990216658,0.6916788990216658,1,0
annual_state_offset_half,2680,2022-02-11,2022-02-21,0.0145498774954033,2022,2021-12-31,learned_vol_interaction,20260910,0.6656475068815167,0.6656475068815167,1,1
annual_state_offset_half,2685,2022-02-18,2022-02-28,-0.0177161244498015,2022,2021-12-31,learned_vol_interaction,20260910,0.7192657526415306,0.7192657526415306,1,0
annual_state_offset_half,2690,2022-02-25,2022-03-07,-0.0221791776043331,2022,2021-12-31,learned_vol_interaction,20260910,0.665128795190077,0.665128795190077,1,0
annual_state_offset_half,2695,2022-03-04,2022-03-14,-0.0480378799422749,2022,2021-12-31,learned_vol_interaction,20260910,0.6570221213989423,0.6570221213989423,1,0
annual_state_offset_half,2700,2022-03-11,2022-03-21,0.007530336734814,2022,2021-12-31,learned_vol_interaction,20260910,0.7032750021899432,0.7032750021899432,1,1
annual_state_offset_half,2705,2022-03-18,2022-03-28,-0.0353493110038457,2022,2021-12-31,learned_vol_interaction,20260910,0.6524086529307518,0.6524086529307518,1,0
annual_state_offset_half,2710,2022-03-25,2022-04-06,0.0314834190717003,2022,2021-12-31,learned_vol_interaction,20260910,0.6942468524177501,0.6942468524177501,1,1
annual_state_offset,2660,2022-01-07,2022-01-17,-0.0173453887283024,2022,2021-12-31,learned_order_extension,20260910,0.566864392886939,0.566864392886939,1,0
annual_state_offset,2665,2022-01-14,2022-01-24,0.0053248631776616,2022,2021-12-31,learned_order_extension,20260910,0.6690763940918765,0.6690763940918765,1,1
annual_state_offset,2670,2022-01-21,2022-02-07,-0.0242661876254222,2022,2021-12-31,learned_order_extension,20260910,0.6566842946116621,0.6566842946116621,1,0
annual_state_offset,2675,2022-01-28,2022-02-14,-0.0127539031341488,2022,2021-12-31,learned_order_extension,20260910,0.668769824144909,0.668769824144909,1,0
annual_state_offset,2680,2022-02-11,2022-02-21,0.0145498774954033,2022,2021-12-31,learned_order_extension,20260910,0.6554002636047295,0.6554002636047295,1,1
annual_state_offset,2685,2022-02-18,2022-02-28,-0.0177161244498015,2022,2021-12-31,learned_order_extension,20260910,0.7136098531605942,0.7136098531605942,1,0
annual_state_offset,2690,2022-02-25,2022-03-07,-0.0221791776043331,2022,2021-12-31,learned_order_extension,20260910,0.6487731912125562,0.6487731912125562,1,0
annual_state_offset,2695,2022-03-04,2022-03-14,-0.0480378799422749,2022,2021-12-31,learned_order_extension,20260910,0.6318792296674466,0.6318792296674466,1,0
annual_state_offset,2700,2022-03-11,2022-03-21,0.007530336734814,2022,2021-12-31,learned_order_extension,20260910,0.6914869969738268,0.6914869969738268,1,1
annual_state_offset,2705,2022-03-18,2022-03-28,-0.0353493110038457,2022,2021-12-31,learned_order_extension,20260910,0.6587542387705517,0.6587542387705517,1,0
annual_state_offset,2710,2022-03-25,2022-04-06,0.0314834190717003,2022,2021-12-31,learned_order_extension,20260910,0.6972076913228429,0.6972076913228429,1,1
annual_shared_offset,2660,2022-01-07,2022-01-17,-0.0173453887283024,2022,2021-12-31,learned_order_extension,20260910,0.566864392886939,0.566864392886939,1,0
annual_shared_offset,2665,2022-01-14,2022-01-24,0.0053248631776616,2022,2021-12-31,learned_order_extension,20260910,0.6690763940918765,0.6690763940918765,1,1
annual_shared_offset,2670,2022-01-21,2022-02-07,-0.0242661876254222,2022,2021-12-31,learned_order_extension,20260910,0.6566842946116621,0.6566842946116621,1,0
annual_shared_offset,2675,2022-01-28,2022-02-14,-0.0127539031341488,2022,2021-12-31,learned_order_extension,20260910,0.668769824144909,0.668769824144909,1,0
annual_shared_offset,2680,2022-02-11,2022-02-21,0.0145498774954033,2022,2021-12-31,learned_order_extension,20260910,0.6554002636047295,0.6554002636047295,1,1
annual_shared_offset,2685,2022-02-18,2022-02-28,-0.0177161244498015,2022,2021-12-31,learned_order_extension,20260910,0.7136098531605942,0.7136098531605942,1,0
annual_shared_offset,2690,2022-02-25,2022-03-07,-0.0221791776043331,2022,2021-12-31,learned_order_extension,20260910,0.6487731912125562,0.6487731912125562,1,0
annual_shared_offset,2695,2022-03-04,2022-03-14,-0.0480378799422749,2022,2021-12-31,learned_order_extension,20260910,0.6318792296674466,0.6318792296674466,1,0
annual_shared_offset,2700,2022-03-11,2022-03-21,0.007530336734814,2022,2021-12-31,learned_order_extension,20260910,0.6914869969738268,0.6914869969738268,1,1
annual_shared_offset,2705,2022-03-18,2022-03-28,-0.0353493110038457,2022,2021-12-31,learned_order_extension,20260910,0.6587542387705517,0.6587542387705517,1,0
annual_shared_offset,2710,2022-03-25,2022-04-06,0.0314834190717003,2022,2021-12-31,learned_order_extension,20260910,0.6972076913228429,0.6972076913228429,1,1
annual_state_offset_half,2660,2022-01-07,2022-01-17,-0.0173453887283024,2022,2021-12-31,learned_order_extension,20260910,0.566864392886939,0.566864392886939,1,0
annual_state_offset_half,2665,2022-01-14,2022-01-24,0.0053248631776616,2022,2021-12-31,learned_order_extension,20260910,0.6690763940918765,0.6690763940918765,1,1
annual_state_offset_half,2670,2022-01-21,2022-02-07,-0.0242661876254222,2022,2021-12-31,learned_order_extension,20260910,0.6566842946116621,0.6566842946116621,1,0
annual_state_offset_half,2675,2022-01-28,2022-02-14,-0.0127539031341488,2022,2021-12-31,learned_order_extension,20260910,0.668769824144909,0.668769824144909,1,0
annual_state_offset_half,2680,2022-02-11,2022-02-21,0.0145498774954033,2022,2021-12-31,learned_order_extension,20260910,0.6554002636047295,0.6554002636047295,1,1
annual_state_offset_half,2685,2022-02-18,2022-02-28,-0.0177161244498015,2022,2021-12-31,learned_order_extension,20260910,0.7136098531605942,0.7136098531605942,1,0
annual_state_offset_half,2690,2022-02-25,2022-03-07,-0.0221791776043331,2022,2021-12-31,learned_order_extension,20260910,0.6487731912125562,0.6487731912125562,1,0
annual_state_offset_half,2695,2022-03-04,2022-03-14,-0.0480378799422749,2022,2021-12-31,learned_order_extension,20260910,0.6318792296674466,0.6318792296674466,1,0
annual_state_offset_half,2700,2022-03-11,2022-03-21,0.007530336734814,2022,2021-12-31,learned_order_extension,20260910,0.6914869969738268,0.6914869969738268,1,1
annual_state_offset_half,2705,2022-03-18,2022-03-28,-0.0353493110038457,2022,2021-12-31,learned_order_extension,20260910,0.6587542387705517,0.6587542387705517,1,0
annual_state_offset_half,2710,2022-03-25,2022-04-06,0.0314834190717003,2022,2021-12-31,learned_order_extension,20260910,0.6972076913228429,0.6972076913228429,1,1
annual_state_offset,2660,2022-01-07,2022-01-17,-0.0173453887283024,2022,2021-12-31,learned_order_offset,20260910,0.5666647543526758,0.5666647543526758,1,0
annual_state_offset,2665,2022-01-14,2022-01-24,0.0053248631776616,2022,2021-12-31,learned_order_offset,20260910,0.6685371525240916,0.6685371525240916,1,1
annual_state_offset,2670,2022-01-21,2022-02-07,-0.0242661876254222,2022,2021-12-31,learned_order_offset,20260910,0.6567323025522784,0.6567323025522784,1,0
annual_state_offset,2675,2022-01-28,2022-02-14,-0.0127539031341488,2022,2021-12-31,learned_order_offset,20260910,0.6683313210695451,0.6683313210695451,1,0
annual_state_offset,2680,2022-02-11,2022-02-21,0.0145498774954033,2022,2021-12-31,learned_order_offset,20260910,0.6551608348224088,0.6551608348224088,1,1
annual_state_offset,2685,2022-02-18,2022-02-28,-0.0177161244498015,2022,2021-12-31,learned_order_offset,20260910,0.713244067556852,0.713244067556852,1,0
annual_state_offset,2690,2022-02-25,2022-03-07,-0.0221791776043331,2022,2021-12-31,learned_order_offset,20260910,0.6484724441889236,0.6484724441889236,1,0
annual_state_offset,2695,2022-03-04,2022-03-14,-0.0480378799422749,2022,2021-12-31,learned_order_offset,20260910,0.6314504954417829,0.6314504954417829,1,0
annual_state_offset,2700,2022-03-11,2022-03-21,0.007530336734814,2022,2021-12-31,learned_order_offset,20260910,0.691194443082509,0.691194443082509,1,1
annual_state_offset,2705,2022-03-18,2022-03-28,-0.0353493110038457,2022,2021-12-31,learned_order_offset,20260910,0.6583803934930407,0.6583803934930407,1,0
annual_state_offset,2710,2022-03-25,2022-04-06,0.0314834190717003,2022,2021-12-31,learned_order_offset,20260910,0.696855601595334,0.696855601595334,1,1
annual_shared_offset,2660,2022-01-07,2022-01-17,-0.0173453887283024,2022,2021-12-31,learned_order_offset,20260910,0.5666647543526758,0.5666647543526758,1,0
annual_shared_offset,2665,2022-01-14,2022-01-24,0.0053248631776616,2022,2021-12-31,learned_order_offset,20260910,0.6685371525240916,0.6685371525240916,1,1
annual_shared_offset,2670,2022-01-21,2022-02-07,-0.0242661876254222,2022,2021-12-31,learned_order_offset,20260910,0.6567323025522784,0.6567323025522784,1,0
annual_shared_offset,2675,2022-01-28,2022-02-14,-0.0127539031341488,2022,2021-12-31,learned_order_offset,20260910,0.6683313210695451,0.6683313210695451,1,0
annual_shared_offset,2680,2022-02-11,2022-02-21,0.0145498774954033,2022,2021-12-31,learned_order_offset,20260910,0.6551608348224088,0.6551608348224088,1,1
annual_shared_offset,2685,2022-02-18,2022-02-28,-0.0177161244498015,2022,2021-12-31,learned_order_offset,20260910,0.713244067556852,0.713244067556852,1,0
annual_shared_offset,2690,2022-02-25,2022-03-07,-0.0221791776043331,2022,2021-12-31,learned_order_offset,20260910,0.6484724441889236,0.6484724441889236,1,0
annual_shared_offset,2695,2022-03-04,2022-03-14,-0.0480378799422749,2022,2021-12-31,learned_order_offset,20260910,0.6314504954417829,0.6314504954417829,1,0
annual_shared_offset,2700,2022-03-11,2022-03-21,0.007530336734814,2022,2021-12-31,learned_order_offset,20260910,0.691194443082509,0.691194443082509,1,1
annual_shared_offset,2705,2022-03-18,2022-03-28,-0.0353493110038457,2022,2021-12-31,learned_order_offset,20260910,0.6583803934930407,0.6583803934930407,1,0
annual_shared_offset,2710,2022-03-25,2022-04-06,0.0314834190717003,2022,2021-12-31,learned_order_offset,20260910,0.696855601595334,0.696855601595334,1,1
annual_state_offset_half,2660,2022-01-07,2022-01-17,-0.0173453887283024,2022,2021-12-31,learned_order_offset,20260910,0.5666647543526758,0.5666647543526758,1,0
annual_state_offset_half,2665,2022-01-14,2022-01-24,0.0053248631776616,2022,2021-12-31,learned_order_offset,20260910,0.6685371525240916,0.6685371525240916,1,1
annual_state_offset_half,2670,2022-01-21,2022-02-07,-0.0242661876254222,2022,2021-12-31,learned_order_offset,20260910,0.6567323025522784,0.6567323025522784,1,0
annual_state_offset_half,2675,2022-01-28,2022-02-14,-0.0127539031341488,2022,2021-12-31,learned_order_offset,20260910,0.6683313210695451,0.6683313210695451,1,0
annual_state_offset_half,2680,2022-02-11,2022-02-21,0.0145498774954033,2022,2021-12-31,learned_order_offset,20260910,0.6551608348224088,0.6551608348224088,1,1
annual_state_offset_half,2685,2022-02-18,2022-02-28,-0.0177161244498015,2022,2021-12-31,learned_order_offset,20260910,0.713244067556852,0.713244067556852,1,0
annual_state_offset_half,2690,2022-02-25,2022-03-07,-0.0221791776043331,2022,2021-12-31,learned_order_offset,20260910,0.6484724441889236,0.6484724441889236,1,0
annual_state_offset_half,2695,2022-03-04,2022-03-14,-0.0480378799422749,2022,2021-12-31,learned_order_offset,20260910,0.6314504954417829,0.6314504954417829,1,0
annual_state_offset_half,2700,2022-03-11,2022-03-21,0.007530336734814,2022,2021-12-31,learned_order_offset,20260910,0.691194443082509,0.691194443082509,1,1
annual_state_offset_half,2705,2022-03-18,2022-03-28,-0.0353493110038457,2022,2021-12-31,learned_order_offset,20260910,0.6583803934930407,0.6583803934930407,1,0
annual_state_offset_half,2710,2022-03-25,2022-04-06,0.0314834190717003,2022,2021-12-31,learned_order_offset,20260910,0.696855601595334,0.696855601595334,1,1
annual_state_offset,2660,2022-01-07,2022-01-17,-0.0173453887283024,2022,2021-12-31,learned_market,20260911,0.7294539059117436,0.7294539059117436,1,0
annual_state_offset,2665,2022-01-14,2022-01-24,0.0053248631776616,2022,2021-12-31,learned_market,20260911,0.8407883156513567,0.8407883156513567,1,1
annual_state_offset,2670,2022-01-21,2022-02-07,-0.0242661876254222,2022,2021-12-31,learned_market,20260911,0.6706767764059957,0.6706767764059957,1,0
annual_state_offset,2675,2022-01-28,2022-02-14,-0.0127539031341488,2022,2021-12-31,learned_market,20260911,0.49396242770649035,0.49396242770649035,0,0
annual_state_offset,2680,2022-02-11,2022-02-21,0.0145498774954033,2022,2021-12-31,learned_market,20260911,0.6718433913580089,0.6718433913580089,1,1
annual_state_offset,2685,2022-02-18,2022-02-28,-0.0177161244498015,2022,2021-12-31,learned_market,20260911,0.5840107527473801,0.5840107527473801,1,0
annual_state_offset,2690,2022-02-25,2022-03-07,-0.0221791776043331,2022,2021-12-31,learned_market,20260911,0.59915482742086,0.59915482742086,1,0
annual_state_offset,2695,2022-03-04,2022-03-14,-0.0480378799422749,2022,2021-12-31,learned_market,20260911,0.64751535974218,0.64751535974218,1,0
annual_state_offset,2700,2022-03-11,2022-03-21,0.007530336734814,2022,2021-12-31,learned_market,20260911,0.6601858855959774,0.6601858855959774,1,1
annual_state_offset,2705,2022-03-18,2022-03-28,-0.0353493110038457,2022,2021-12-31,learned_market,20260911,0.5676194322684474,0.5676194322684474,1,0
annual_state_offset,2710,2022-03-25,2022-04-06,0.0314834190717003,2022,2021-12-31,learned_market,20260911,0.7331434681165004,0.7331434681165004,1,1
annual_shared_offset,2660,2022-01-07,2022-01-17,-0.0173453887283024,2022,2021-12-31,learned_market,20260911,0.7294539059117436,0.7294539059117436,1,0
annual_shared_offset,2665,2022-01-14,2022-01-24,0.0053248631776616,2022,2021-12-31,learned_market,20260911,0.8407883156513567,0.8407883156513567,1,1
annual_shared_offset,2670,2022-01-21,2022-02-07,-0.0242661876254222,2022,2021-12-31,learned_market,20260911,0.6706767764059957,0.6706767764059957,1,0
annual_shared_offset,2675,2022-01-28,2022-02-14,-0.0127539031341488,2022,2021-12-31,learned_market,20260911,0.49396242770649035,0.49396242770649035,0,0
annual_shared_offset,2680,2022-02-11,2022-02-21,0.0145498774954033,2022,2021-12-31,learned_market,20260911,0.6718433913580089,0.6718433913580089,1,1
annual_shared_offset,2685,2022-02-18,2022-02-28,-0.0177161244498015,2022,2021-12-31,learned_market,20260911,0.5840107527473801,0.5840107527473801,1,0
annual_shared_offset,2690,2022-02-25,2022-03-07,-0.0221791776043331,2022,2021-12-31,learned_market,20260911,0.59915482742086,0.59915482742086,1,0
annual_shared_offset,2695,2022-03-04,2022-03-14,-0.0480378799422749,2022,2021-12-31,learned_market,20260911,0.64751535974218,0.64751535974218,1,0
annual_shared_offset,2700,2022-03-11,2022-03-21,0.007530336734814,2022,2021-12-31,learned_market,20260911,0.6601858855959774,0.6601858855959774,1,1
annual_shared_offset,2705,2022-03-18,2022-03-28,-0.0353493110038457,2022,2021-12-31,learned_market,20260911,0.5676194322684474,0.5676194322684474,1,0
annual_shared_offset,2710,2022-03-25,2022-04-06,0.0314834190717003,2022,2021-12-31,learned_market,20260911,0.7331434681165004,0.7331434681165004,1,1
annual_state_offset_half,2660,2022-01-07,2022-01-17,-0.0173453887283024,2022,2021-12-31,learned_market,20260911,0.7294539059117436,0.7294539059117436,1,0
annual_state_offset_half,2665,2022-01-14,2022-01-24,0.0053248631776616,2022,2021-12-31,learned_market,20260911,0.8407883156513567,0.8407883156513567,1,1
annual_state_offset_half,2670,2022-01-21,2022-02-07,-0.0242661876254222,2022,2021-12-31,learned_market,20260911,0.6706767764059957,0.6706767764059957,1,0
annual_state_offset_half,2675,2022-01-28,2022-02-14,-0.0127539031341488,2022,2021-12-31,learned_market,20260911,0.49396242770649035,0.49396242770649035,0,0
annual_state_offset_half,2680,2022-02-11,2022-02-21,0.0145498774954033,2022,2021-12-31,learned_market,20260911,0.6718433913580089,0.6718433913580089,1,1
annual_state_offset_half,2685,2022-02-18,2022-02-28,-0.0177161244498015,2022,2021-12-31,learned_market,20260911,0.5840107527473801,0.5840107527473801,1,0
annual_state_offset_half,2690,2022-02-25,2022-03-07,-0.0221791776043331,2022,2021-12-31,learned_market,20260911,0.59915482742086,0.59915482742086,1,0
annual_state_offset_half,2695,2022-03-04,2022-03-14,-0.0480378799422749,2022,2021-12-31,learned_market,20260911,0.64751535974218,0.64751535974218,1,0
annual_state_offset_half,2700,2022-03-11,2022-03-21,0.007530336734814,2022,2021-12-31,learned_market,20260911,0.6601858855959774,0.6601858855959774,1,1
annual_state_offset_half,2705,2022-03-18,2022-03-28,-0.0353493110038457,2022,2021-12-31,learned_market,20260911,0.5676194322684474,0.5676194322684474,1,0
annual_state_offset_half,2710,2022-03-25,2022-04-06,0.0314834190717003,2022,2021-12-31,learned_market,20260911,0.7331434681165004,0.7331434681165004,1,1
annual_state_offset,2660,2022-01-07,2022-01-17,-0.0173453887283024,2022,2021-12-31,learned_vol_interaction,20260911,0.7282516722944598,0.7282516722944598,1,0
annual_state_offset,2665,2022-01-14,2022-01-24,0.0053248631776616,2022,2021-12-31,learned_vol_interaction,20260911,0.8368717958263094,0.8368717958263094,1,1
annual_state_offset,2670,2022-01-21,2022-02-07,-0.0242661876254222,2022,2021-12-31,learned_vol_interaction,20260911,0.669613908132946,0.669613908132946,1,0
annual_state_offset,2675,2022-01-28,2022-02-14,-0.0127539031341488,2022,2021-12-31,learned_vol_interaction,20260911,0.49771804856397844,0.49771804856397844,0,0
annual_state_offset,2680,2022-02-11,2022-02-21,0.0145498774954033,2022,2021-12-31,learned_vol_interaction,20260911,0.6694625883349451,0.6694625883349451,1,1
annual_state_offset,2685,2022-02-18,2022-02-28,-0.0177161244498015,2022,2021-12-31,learned_vol_interaction,20260911,0.5867879452577756,0.5867879452577756,1,0
annual_state_offset,2690,2022-02-25,2022-03-07,-0.0221791776043331,2022,2021-12-31,learned_vol_interaction,20260911,0.6015705830845076,0.6015705830845076,1,0
annual_state_offset,2695,2022-03-04,2022-03-14,-0.0480378799422749,2022,2021-12-31,learned_vol_interaction,20260911,0.6516108393132726,0.6516108393132726,1,0
annual_state_offset,2700,2022-03-11,2022-03-21,0.007530336734814,2022,2021-12-31,learned_vol_interaction,20260911,0.6653311044961694,0.6653311044961694,1,1
annual_state_offset,2705,2022-03-18,2022-03-28,-0.0353493110038457,2022,2021-12-31,learned_vol_interaction,20260911,0.567250973729041,0.567250973729041,1,0
annual_state_offset,2710,2022-03-25,2022-04-06,0.0314834190717003,2022,2021-12-31,learned_vol_interaction,20260911,0.7397988804119464,0.7397988804119464,1,1
annual_shared_offset,2660,2022-01-07,2022-01-17,-0.0173453887283024,2022,2021-12-31,learned_vol_interaction,20260911,0.7282516722944598,0.7282516722944598,1,0
annual_shared_offset,2665,2022-01-14,2022-01-24,0.0053248631776616,2022,2021-12-31,learned_vol_interaction,20260911,0.8368717958263094,0.8368717958263094,1,1
annual_shared_offset,2670,2022-01-21,2022-02-07,-0.0242661876254222,2022,2021-12-31,learned_vol_interaction,20260911,0.669613908132946,0.669613908132946,1,0
annual_shared_offset,2675,2022-01-28,2022-02-14,-0.0127539031341488,2022,2021-12-31,learned_vol_interaction,20260911,0.49771804856397844,0.49771804856397844,0,0
annual_shared_offset,2680,2022-02-11,2022-02-21,0.0145498774954033,2022,2021-12-31,learned_vol_interaction,20260911,0.6694625883349451,0.6694625883349451,1,1
annual_shared_offset,2685,2022-02-18,2022-02-28,-0.0177161244498015,2022,2021-12-31,learned_vol_interaction,20260911,0.5867879452577756,0.5867879452577756,1,0
annual_shared_offset,2690,2022-02-25,2022-03-07,-0.0221791776043331,2022,2021-12-31,learned_vol_interaction,20260911,0.6015705830845076,0.6015705830845076,1,0
annual_shared_offset,2695,2022-03-04,2022-03-14,-0.0480378799422749,2022,2021-12-31,learned_vol_interaction,20260911,0.6516108393132726,0.6516108393132726,1,0
annual_shared_offset,2700,2022-03-11,2022-03-21,0.007530336734814,2022,2021-12-31,learned_vol_interaction,20260911,0.6653311044961694,0.6653311044961694,1,1
annual_shared_offset,2705,2022-03-18,2022-03-28,-0.0353493110038457,2022,2021-12-31,learned_vol_interaction,20260911,0.567250973729041,0.567250973729041,1,0
annual_shared_offset,2710,2022-03-25,2022-04-06,0.0314834190717003,2022,2021-12-31,learned_vol_interaction,20260911,0.7397988804119464,0.7397988804119464,1,1
annual_state_offset_half,2660,2022-01-07,2022-01-17,-0.0173453887283024,2022,2021-12-31,learned_vol_interaction,20260911,0.7282516722944598,0.7282516722944598,1,0
annual_state_offset_half,2665,2022-01-14,2022-01-24,0.0053248631776616,2022,2021-12-31,learned_vol_interaction,20260911,0.8368717958263094,0.8368717958263094,1,1
annual_state_offset_half,2670,2022-01-21,2022-02-07,-0.0242661876254222,2022,2021-12-31,learned_vol_interaction,20260911,0.669613908132946,0.669613908132946,1,0
annual_state_offset_half,2675,2022-01-28,2022-02-14,-0.0127539031341488,2022,2021-12-31,learned_vol_interaction,20260911,0.49771804856397844,0.49771804856397844,0,0
annual_state_offset_half,2680,2022-02-11,2022-02-21,0.0145498774954033,2022,2021-12-31,learned_vol_interaction,20260911,0.6694625883349451,0.6694625883349451,1,1
annual_state_offset_half,2685,2022-02-18,2022-02-28,-0.0177161244498015,2022,2021-12-31,learned_vol_interaction,20260911,0.5867879452577756,0.5867879452577756,1,0
annual_state_offset_half,2690,2022-02-25,2022-03-07,-0.0221791776043331,2022,2021-12-31,learned_vol_interaction,20260911,0.6015705830845076,0.6015705830845076,1,0
annual_state_offset_half,2695,2022-03-04,2022-03-14,-0.0480378799422749,2022,2021-12-31,learned_vol_interaction,20260911,0.6516108393132726,0.6516108393132726,1,0
annual_state_offset_half,2700,2022-03-11,2022-03-21,0.007530336734814,2022,2021-12-31,learned_vol_interaction,20260911,0.6653311044961694,0.6653311044961694,1,1
annual_state_offset_half,2705,2022-03-18,2022-03-28,-0.0353493110038457,2022,2021-12-31,learned_vol_interaction,20260911,0.567250973729041,0.567250973729041,1,0
annual_state_offset_half,2710,2022-03-25,2022-04-06,0.0314834190717003,2022,2021-12-31,learned_vol_interaction,20260911,0.7397988804119464,0.7397988804119464,1,1
annual_state_offset,2660,2022-01-07,2022-01-17,-0.0173453887283024,2022,2021-12-31,learned_order_extension,20260911,0.7315565762281606,0.7315565762281606,1,0
annual_state_offset,2665,2022-01-14,2022-01-24,0.0053248631776616,2022,2021-12-31,learned_order_extension,20260911,0.8308708352808971,0.8308708352808971,1,1
annual_state_offset,2670,2022-01-21,2022-02-07,-0.0242661876254222,2022,2021-12-31,learned_order_extension,20260911,0.6953405747399578,0.6953405747399578,1,0
annual_state_offset,2675,2022-01-28,2022-02-14,-0.0127539031341488,2022,2021-12-31,learned_order_extension,20260911,0.47011278529334005,0.47011278529334005,0,0
annual_state_offset,2680,2022-02-11,2022-02-21,0.0145498774954033,2022,2021-12-31,learned_order_extension,20260911,0.6818533435255958,0.6818533435255958,1,1
annual_state_offset,2685,2022-02-18,2022-02-28,-0.0177161244498015,2022,2021-12-31,learned_order_extension,20260911,0.5955146443753425,0.5955146443753425,1,0
annual_state_offset,2690,2022-02-25,2022-03-07,-0.0221791776043331,2022,2021-12-31,learned_order_extension,20260911,0.609831009331646,0.609831009331646,1,0
annual_state_offset,2695,2022-03-04,2022-03-14,-0.0480378799422749,2022,2021-12-31,learned_order_extension,20260911,0.6608881864634962,0.6608881864634962,1,0
annual_state_offset,2700,2022-03-11,2022-03-21,0.007530336734814,2022,2021-12-31,learned_order_extension,20260911,0.667203580437131,0.667203580437131,1,1
annual_state_offset,2705,2022-03-18,2022-03-28,-0.0353493110038457,2022,2021-12-31,learned_order_extension,20260911,0.5665388063290007,0.5665388063290007,1,0
annual_state_offset,2710,2022-03-25,2022-04-06,0.0314834190717003,2022,2021-12-31,learned_order_extension,20260911,0.7315317518580224,0.7315317518580224,1,1
annual_shared_offset,2660,2022-01-07,2022-01-17,-0.0173453887283024,2022,2021-12-31,learned_order_extension,20260911,0.7315565762281606,0.7315565762281606,1,0
annual_shared_offset,2665,2022-01-14,2022-01-24,0.0053248631776616,2022,2021-12-31,learned_order_extension,20260911,0.8308708352808971,0.8308708352808971,1,1
annual_shared_offset,2670,2022-01-21,2022-02-07,-0.0242661876254222,2022,2021-12-31,learned_order_extension,20260911,0.6953405747399578,0.6953405747399578,1,0
annual_shared_offset,2675,2022-01-28,2022-02-14,-0.0127539031341488,2022,2021-12-31,learned_order_extension,20260911,0.47011278529334005,0.47011278529334005,0,0
annual_shared_offset,2680,2022-02-11,2022-02-21,0.0145498774954033,2022,2021-12-31,learned_order_extension,20260911,0.6818533435255958,0.6818533435255958,1,1
annual_shared_offset,2685,2022-02-18,2022-02-28,-0.0177161244498015,2022,2021-12-31,learned_order_extension,20260911,0.5955146443753425,0.5955146443753425,1,0
annual_shared_offset,2690,2022-02-25,2022-03-07,-0.0221791776043331,2022,2021-12-31,learned_order_extension,20260911,0.609831009331646,0.609831009331646,1,0
annual_shared_offset,2695,2022-03-04,2022-03-14,-0.0480378799422749,2022,2021-12-31,learned_order_extension,20260911,0.6608881864634962,0.6608881864634962,1,0
annual_shared_offset,2700,2022-03-11,2022-03-21,0.007530336734814,2022,2021-12-31,learned_order_extension,20260911,0.667203580437131,0.667203580437131,1,1
annual_shared_offset,2705,2022-03-18,2022-03-28,-0.0353493110038457,2022,2021-12-31,learned_order_extension,20260911,0.5665388063290007,0.5665388063290007,1,0
annual_shared_offset,2710,2022-03-25,2022-04-06,0.0314834190717003,2022,2021-12-31,learned_order_extension,20260911,0.7315317518580224,0.7315317518580224,1,1
annual_state_offset_half,2660,2022-01-07,2022-01-17,-0.0173453887283024,2022,2021-12-31,learned_order_extension,20260911,0.7315565762281606,0.7315565762281606,1,0
annual_state_offset_half,2665,2022-01-14,2022-01-24,0.0053248631776616,2022,2021-12-31,learned_order_extension,20260911,0.8308708352808971,0.8308708352808971,1,1
annual_state_offset_half,2670,2022-01-21,2022-02-07,-0.0242661876254222,2022,2021-12-31,learned_order_extension,20260911,0.6953405747399578,0.6953405747399578,1,0
annual_state_offset_half,2675,2022-01-28,2022-02-14,-0.0127539031341488,2022,2021-12-31,learned_order_extension,20260911,0.47011278529334005,0.47011278529334005,0,0
annual_state_offset_half,2680,2022-02-11,2022-02-21,0.0145498774954033,2022,2021-12-31,learned_order_extension,20260911,0.6818533435255958,0.6818533435255958,1,1
annual_state_offset_half,2685,2022-02-18,2022-02-28,-0.0177161244498015,2022,2021-12-31,learned_order_extension,20260911,0.5955146443753425,0.5955146443753425,1,0
annual_state_offset_half,2690,2022-02-25,2022-03-07,-0.0221791776043331,2022,2021-12-31,learned_order_extension,20260911,0.609831009331646,0.609831009331646,1,0
annual_state_offset_half,2695,2022-03-04,2022-03-14,-0.0480378799422749,2022,2021-12-31,learned_order_extension,20260911,0.6608881864634962,0.6608881864634962,1,0
annual_state_offset_half,2700,2022-03-11,2022-03-21,0.007530336734814,2022,2021-12-31,learned_order_extension,20260911,0.667203580437131,0.667203580437131,1,1
annual_state_offset_half,2705,2022-03-18,2022-03-28,-0.0353493110038457,2022,2021-12-31,learned_order_extension,20260911,0.5665388063290007,0.5665388063290007,1,0
annual_state_offset_half,2710,2022-03-25,2022-04-06,0.0314834190717003,2022,2021-12-31,learned_order_extension,20260911,0.7315317518580224,0.7315317518580224,1,1
annual_state_offset,2660,2022-01-07,2022-01-17,-0.0173453887283024,2022,2021-12-31,learned_order_offset,20260911,0.7303915631000331,0.7303915631000331,1,0
annual_state_offset,2665,2022-01-14,2022-01-24,0.0053248631776616,2022,2021-12-31,learned_order_offset,20260911,0.8287429062191539,0.8287429062191539,1,1
annual_state_offset,2670,2022-01-21,2022-02-07,-0.0242661876254222,2022,2021-12-31,learned_order_offset,20260911,0.6946014374965778,0.6946014374965778,1,0
annual_state_offset,2675,2022-01-28,2022-02-14,-0.0127539031341488,2022,2021-12-31,learned_order_offset,20260911,0.47036190476294487,0.47036190476294487,0,0
annual_state_offset,2680,2022-02-11,2022-02-21,0.0145498774954033,2022,2021-12-31,learned_order_offset,20260911,0.6802368405234962,0.6802368405234962,1,1
annual_state_offset,2685,2022-02-18,2022-02-28,-0.0177161244498015,2022,2021-12-31,learned_order_offset,20260911,0.596796587857382,0.596796587857382,1,0
annual_state_offset,2690,2022-02-25,2022-03-07,-0.0221791776043331,2022,2021-12-31,learned_order_offset,20260911,0.6102898323949857,0.6102898323949857,1,0
annual_state_offset,2695,2022-03-04,2022-03-14,-0.0480378799422749,2022,2021-12-31,learned_order_offset,20260911,0.6602950267381666,0.6602950267381666,1,0
annual_state_offset,2700,2022-03-11,2022-03-21,0.007530336734814,2022,2021-12-31,learned_order_offset,20260911,0.6664417620027226,0.6664417620027226,1,1
annual_state_offset,2705,2022-03-18,2022-03-28,-0.0353493110038457,2022,2021-12-31,learned_order_offset,20260911,0.5665934515797131,0.5665934515797131,1,0
annual_state_offset,2710,2022-03-25,2022-04-06,0.0314834190717003,2022,2021-12-31,learned_order_offset,20260911,0.7312694881776368,0.7312694881776368,1,1
annual_shared_offset,2660,2022-01-07,2022-01-17,-0.0173453887283024,2022,2021-12-31,learned_order_offset,20260911,0.7303915631000331,0.7303915631000331,1,0
annual_shared_offset,2665,2022-01-14,2022-01-24,0.0053248631776616,2022,2021-12-31,learned_order_offset,20260911,0.8287429062191539,0.8287429062191539,1,1
annual_shared_offset,2670,2022-01-21,2022-02-07,-0.0242661876254222,2022,2021-12-31,learned_order_offset,20260911,0.6946014374965778,0.6946014374965778,1,0
annual_shared_offset,2675,2022-01-28,2022-02-14,-0.0127539031341488,2022,2021-12-31,learned_order_offset,20260911,0.47036190476294487,0.47036190476294487,0,0
annual_shared_offset,2680,2022-02-11,2022-02-21,0.0145498774954033,2022,2021-12-31,learned_order_offset,20260911,0.6802368405234962,0.6802368405234962,1,1
annual_shared_offset,2685,2022-02-18,2022-02-28,-0.0177161244498015,2022,2021-12-31,learned_order_offset,20260911,0.596796587857382,0.596796587857382,1,0
annual_shared_offset,2690,2022-02-25,2022-03-07,-0.0221791776043331,2022,2021-12-31,learned_order_offset,20260911,0.6102898323949857,0.6102898323949857,1,0
annual_shared_offset,2695,2022-03-04,2022-03-14,-0.0480378799422749,2022,2021-12-31,learned_order_offset,20260911,0.6602950267381666,0.6602950267381666,1,0
annual_shared_offset,2700,2022-03-11,2022-03-21,0.007530336734814,2022,2021-12-31,learned_order_offset,20260911,0.6664417620027226,0.6664417620027226,1,1
annual_shared_offset,2705,2022-03-18,2022-03-28,-0.0353493110038457,2022,2021-12-31,learned_order_offset,20260911,0.5665934515797131,0.5665934515797131,1,0
annual_shared_offset,2710,2022-03-25,2022-04-06,0.0314834190717003,2022,2021-12-31,learned_order_offset,20260911,0.7312694881776368,0.7312694881776368,1,1
annual_state_offset_half,2660,2022-01-07,2022-01-17,-0.0173453887283024,2022,2021-12-31,learned_order_offset,20260911,0.7303915631000331,0.7303915631000331,1,0
annual_state_offset_half,2665,2022-01-14,2022-01-24,0.0053248631776616,2022,2021-12-31,learned_order_offset,20260911,0.8287429062191539,0.8287429062191539,1,1
annual_state_offset_half,2670,2022-01-21,2022-02-07,-0.0242661876254222,2022,2021-12-31,learned_order_offset,20260911,0.6946014374965778,0.6946014374965778,1,0
annual_state_offset_half,2675,2022-01-28,2022-02-14,-0.0127539031341488,2022,2021-12-31,learned_order_offset,20260911,0.47036190476294487,0.47036190476294487,0,0
annual_state_offset_half,2680,2022-02-11,2022-02-21,0.0145498774954033,2022,2021-12-31,learned_order_offset,20260911,0.6802368405234962,0.6802368405234962,1,1
annual_state_offset_half,2685,2022-02-18,2022-02-28,-0.0177161244498015,2022,2021-12-31,learned_order_offset,20260911,0.596796587857382,0.596796587857382,1,0
annual_state_offset_half,2690,2022-02-25,2022-03-07,-0.0221791776043331,2022,2021-12-31,learned_order_offset,20260911,0.6102898323949857,0.6102898323949857,1,0
annual_state_offset_half,2695,2022-03-04,2022-03-14,-0.0480378799422749,2022,2021-12-31,learned_order_offset,20260911,0.6602950267381666,0.6602950267381666,1,0
annual_state_offset_half,2700,2022-03-11,2022-03-21,0.007530336734814,2022,2021-12-31,learned_order_offset,20260911,0.6664417620027226,0.6664417620027226,1,1
annual_state_offset_half,2705,2022-03-18,2022-03-28,-0.0353493110038457,2022,2021-12-31,learned_order_offset,20260911,0.5665934515797131,0.5665934515797131,1,0
annual_state_offset_half,2710,2022-03-25,2022-04-06,0.0314834190717003,2022,2021-12-31,learned_order_offset,20260911,0.7312694881776368,0.7312694881776368,1,1
annual_state_offset,2660,2022-01-07,2022-01-17,-0.0173453887283024,2022,2021-12-31,learned_market,20260912,0.7009067848418016,0.7009067848418016,1,0
annual_state_offset,2665,2022-01-14,2022-01-24,0.0053248631776616,2022,2021-12-31,learned_market,20260912,0.5203651032719439,0.5203651032719439,1,1
annual_state_offset,2670,2022-01-21,2022-02-07,-0.0242661876254222,2022,2021-12-31,learned_market,20260912,0.7176249995689795,0.7176249995689795,1,0
annual_state_offset,2675,2022-01-28,2022-02-14,-0.0127539031341488,2022,2021-12-31,learned_market,20260912,0.5468589290358572,0.5468589290358572,1,0
annual_state_offset,2680,2022-02-11,2022-02-21,0.0145498774954033,2022,2021-12-31,learned_market,20260912,0.6301827176961465,0.6301827176961465,1,1
annual_state_offset,2685,2022-02-18,2022-02-28,-0.0177161244498015,2022,2021-12-31,learned_market,20260912,0.7133251277073638,0.7133251277073638,1,0
annual_state_offset,2690,2022-02-25,2022-03-07,-0.0221791776043331,2022,2021-12-31,learned_market,20260912,0.7021196640037924,0.7021196640037924,1,0
annual_state_offset,2695,2022-03-04,2022-03-14,-0.0480378799422749,2022,2021-12-31,learned_market,20260912,0.719986373445646,0.719986373445646,1,0
annual_state_offset,2700,2022-03-11,2022-03-21,0.007530336734814,2022,2021-12-31,learned_market,20260912,0.6467498960464059,0.6467498960464059,1,1
annual_state_offset,2705,2022-03-18,2022-03-28,-0.0353493110038457,2022,2021-12-31,learned_market,20260912,0.6307138428823564,0.6307138428823564,1,0
annual_state_offset,2710,2022-03-25,2022-04-06,0.0314834190717003,2022,2021-12-31,learned_market,20260912,0.5581715372656506,0.5581715372656506,1,1
annual_shared_offset,2660,2022-01-07,2022-01-17,-0.0173453887283024,2022,2021-12-31,learned_market,20260912,0.7009067848418016,0.7009067848418016,1,0
annual_shared_offset,2665,2022-01-14,2022-01-24,0.0053248631776616,2022,2021-12-31,learned_market,20260912,0.5203651032719439,0.5203651032719439,1,1
annual_shared_offset,2670,2022-01-21,2022-02-07,-0.0242661876254222,2022,2021-12-31,learned_market,20260912,0.7176249995689795,0.7176249995689795,1,0
annual_shared_offset,2675,2022-01-28,2022-02-14,-0.0127539031341488,2022,2021-12-31,learned_market,20260912,0.5468589290358572,0.5468589290358572,1,0
annual_shared_offset,2680,2022-02-11,2022-02-21,0.0145498774954033,2022,2021-12-31,learned_market,20260912,0.6301827176961465,0.6301827176961465,1,1
annual_shared_offset,2685,2022-02-18,2022-02-28,-0.0177161244498015,2022,2021-12-31,learned_market,20260912,0.7133251277073638,0.7133251277073638,1,0
annual_shared_offset,2690,2022-02-25,2022-03-07,-0.0221791776043331,2022,2021-12-31,learned_market,20260912,0.7021196640037924,0.7021196640037924,1,0
annual_shared_offset,2695,2022-03-04,2022-03-14,-0.0480378799422749,2022,2021-12-31,learned_market,20260912,0.719986373445646,0.719986373445646,1,0
annual_shared_offset,2700,2022-03-11,2022-03-21,0.007530336734814,2022,2021-12-31,learned_market,20260912,0.6467498960464059,0.6467498960464059,1,1
annual_shared_offset,2705,2022-03-18,2022-03-28,-0.0353493110038457,2022,2021-12-31,learned_market,20260912,0.6307138428823564,0.6307138428823564,1,0
annual_shared_offset,2710,2022-03-25,2022-04-06,0.0314834190717003,2022,2021-12-31,learned_market,20260912,0.5581715372656506,0.5581715372656506,1,1
annual_state_offset_half,2660,2022-01-07,2022-01-17,-0.0173453887283024,2022,2021-12-31,learned_market,20260912,0.7009067848418016,0.7009067848418016,1,0
annual_state_offset_half,2665,2022-01-14,2022-01-24,0.0053248631776616,2022,2021-12-31,learned_market,20260912,0.5203651032719439,0.5203651032719439,1,1
annual_state_offset_half,2670,2022-01-21,2022-02-07,-0.0242661876254222,2022,2021-12-31,learned_market,20260912,0.7176249995689795,0.7176249995689795,1,0
annual_state_offset_half,2675,2022-01-28,2022-02-14,-0.0127539031341488,2022,2021-12-31,learned_market,20260912,0.5468589290358572,0.5468589290358572,1,0
annual_state_offset_half,2680,2022-02-11,2022-02-21,0.0145498774954033,2022,2021-12-31,learned_market,20260912,0.6301827176961465,0.6301827176961465,1,1
annual_state_offset_half,2685,2022-02-18,2022-02-28,-0.0177161244498015,2022,2021-12-31,learned_market,20260912,0.7133251277073638,0.7133251277073638,1,0
annual_state_offset_half,2690,2022-02-25,2022-03-07,-0.0221791776043331,2022,2021-12-31,learned_market,20260912,0.7021196640037924,0.7021196640037924,1,0
annual_state_offset_half,2695,2022-03-04,2022-03-14,-0.0480378799422749,2022,2021-12-31,learned_market,20260912,0.719986373445646,0.719986373445646,1,0
annual_state_offset_half,2700,2022-03-11,2022-03-21,0.007530336734814,2022,2021-12-31,learned_market,20260912,0.6467498960464059,0.6467498960464059,1,1
annual_state_offset_half,2705,2022-03-18,2022-03-28,-0.0353493110038457,2022,2021-12-31,learned_market,20260912,0.6307138428823564,0.6307138428823564,1,0
annual_state_offset_half,2710,2022-03-25,2022-04-06,0.0314834190717003,2022,2021-12-31,learned_market,20260912,0.5581715372656506,0.5581715372656506,1,1
annual_state_offset,2660,2022-01-07,2022-01-17,-0.0173453887283024,2022,2021-12-31,learned_vol_interaction,20260912,0.7072606777672634,0.7072606777672634,1,0
annual_state_offset,2665,2022-01-14,2022-01-24,0.0053248631776616,2022,2021-12-31,learned_vol_interaction,20260912,0.5232340507750105,0.5232340507750105,1,1
annual_state_offset,2670,2022-01-21,2022-02-07,-0.0242661876254222,2022,2021-12-31,learned_vol_interaction,20260912,0.723517227135196,0.723517227135196,1,0
annual_state_offset,2675,2022-01-28,2022-02-14,-0.0127539031341488,2022,2021-12-31,learned_vol_interaction,20260912,0.5573504263949657,0.5573504263949657,1,0
annual_state_offset,2680,2022-02-11,2022-02-21,0.0145498774954033,2022,2021-12-31,learned_vol_interaction,20260912,0.6206875889696911,0.6206875889696911,1,1
annual_state_offset,2685,2022-02-18,2022-02-28,-0.0177161244498015,2022,2021-12-31,learned_vol_interaction,20260912,0.7137718136904925,0.7137718136904925,1,0
annual_state_offset,2690,2022-02-25,2022-03-07,-0.0221791776043331,2022,2021-12-31,learned_vol_interaction,20260912,0.6900080859244496,0.6900080859244496,1,0
annual_state_offset,2695,2022-03-04,2022-03-14,-0.0480378799422749,2022,2021-12-31,learned_vol_interaction,20260912,0.7251850433232085,0.7251850433232085,1,0
annual_state_offset,2700,2022-03-11,2022-03-21,0.007530336734814,2022,2021-12-31,learned_vol_interaction,20260912,0.6323197465308961,0.6323197465308961,1,1
annual_state_offset,2705,2022-03-18,2022-03-28,-0.0353493110038457,2022,2021-12-31,learned_vol_interaction,20260912,0.5933343778810724,0.5933343778810724,1,0
annual_state_offset,2710,2022-03-25,2022-04-06,0.0314834190717003,2022,2021-12-31,learned_vol_interaction,20260912,0.5562710543563346,0.5562710543563346,1,1
annual_shared_offset,2660,2022-01-07,2022-01-17,-0.0173453887283024,2022,2021-12-31,learned_vol_interaction,20260912,0.7072606777672634,0.7072606777672634,1,0
annual_shared_offset,2665,2022-01-14,2022-01-24,0.0053248631776616,2022,2021-12-31,learned_vol_interaction,20260912,0.5232340507750105,0.5232340507750105,1,1
annual_shared_offset,2670,2022-01-21,2022-02-07,-0.0242661876254222,2022,2021-12-31,learned_vol_interaction,20260912,0.723517227135196,0.723517227135196,1,0
annual_shared_offset,2675,2022-01-28,2022-02-14,-0.0127539031341488,2022,2021-12-31,learned_vol_interaction,20260912,0.5573504263949657,0.5573504263949657,1,0
annual_shared_offset,2680,2022-02-11,2022-02-21,0.0145498774954033,2022,2021-12-31,learned_vol_interaction,20260912,0.6206875889696911,0.6206875889696911,1,1
annual_shared_offset,2685,2022-02-18,2022-02-28,-0.0177161244498015,2022,2021-12-31,learned_vol_interaction,20260912,0.7137718136904925,0.7137718136904925,1,0
annual_shared_offset,2690,2022-02-25,2022-03-07,-0.0221791776043331,2022,2021-12-31,learned_vol_interaction,20260912,0.6900080859244496,0.6900080859244496,1,0
annual_shared_offset,2695,2022-03-04,2022-03-14,-0.0480378799422749,2022,2021-12-31,learned_vol_interaction,20260912,0.7251850433232085,0.7251850433232085,1,0
annual_shared_offset,2700,2022-03-11,2022-03-21,0.007530336734814,2022,2021-12-31,learned_vol_interaction,20260912,0.6323197465308961,0.6323197465308961,1,1
annual_shared_offset,2705,2022-03-18,2022-03-28,-0.0353493110038457,2022,2021-12-31,learned_vol_interaction,20260912,0.5933343778810724,0.5933343778810724,1,0
annual_shared_offset,2710,2022-03-25,2022-04-06,0.0314834190717003,2022,2021-12-31,learned_vol_interaction,20260912,0.5562710543563346,0.5562710543563346,1,1
annual_state_offset_half,2660,2022-01-07,2022-01-17,-0.0173453887283024,2022,2021-12-31,learned_vol_interaction,20260912,0.7072606777672634,0.7072606777672634,1,0
annual_state_offset_half,2665,2022-01-14,2022-01-24,0.0053248631776616,2022,2021-12-31,learned_vol_interaction,20260912,0.5232340507750105,0.5232340507750105,1,1
annual_state_offset_half,2670,2022-01-21,2022-02-07,-0.0242661876254222,2022,2021-12-31,learned_vol_interaction,20260912,0.723517227135196,0.723517227135196,1,0
annual_state_offset_half,2675,2022-01-28,2022-02-14,-0.0127539031341488,2022,2021-12-31,learned_vol_interaction,20260912,0.5573504263949657,0.5573504263949657,1,0
annual_state_offset_half,2680,2022-02-11,2022-02-21,0.0145498774954033,2022,2021-12-31,learned_vol_interaction,20260912,0.6206875889696911,0.6206875889696911,1,1
annual_state_offset_half,2685,2022-02-18,2022-02-28,-0.0177161244498015,2022,2021-12-31,learned_vol_interaction,20260912,0.7137718136904925,0.7137718136904925,1,0
annual_state_offset_half,2690,2022-02-25,2022-03-07,-0.0221791776043331,2022,2021-12-31,learned_vol_interaction,20260912,0.6900080859244496,0.6900080859244496,1,0
annual_state_offset_half,2695,2022-03-04,2022-03-14,-0.0480378799422749,2022,2021-12-31,learned_vol_interaction,20260912,0.7251850433232085,0.7251850433232085,1,0
annual_state_offset_half,2700,2022-03-11,2022-03-21,0.007530336734814,2022,2021-12-31,learned_vol_interaction,20260912,0.6323197465308961,0.6323197465308961,1,1
annual_state_offset_half,2705,2022-03-18,2022-03-28,-0.0353493110038457,2022,2021-12-31,learned_vol_interaction,20260912,0.5933343778810724,0.5933343778810724,1,0
annual_state_offset_half,2710,2022-03-25,2022-04-06,0.0314834190717003,2022,2021-12-31,learned_vol_interaction,20260912,0.5562710543563346,0.5562710543563346,1,1
annual_state_offset,2660,2022-01-07,2022-01-17,-0.0173453887283024,2022,2021-12-31,learned_order_extension,20260912,0.7021249449389755,0.7021249449389755,1,0
annual_state_offset,2665,2022-01-14,2022-01-24,0.0053248631776616,2022,2021-12-31,learned_order_extension,20260912,0.519422850065438,0.519422850065438,1,1
annual_state_offset,2670,2022-01-21,2022-02-07,-0.0242661876254222,2022,2021-12-31,learned_order_extension,20260912,0.7149761694840576,0.7149761694840576,1,0
annual_state_offset,2675,2022-01-28,2022-02-14,-0.0127539031341488,2022,2021-12-31,learned_order_extension,20260912,0.5563462821352916,0.5563462821352916,1,0
annual_state_offset,2680,2022-02-11,2022-02-21,0.0145498774954033,2022,2021-12-31,learned_order_extension,20260912,0.6112227291481532,0.6112227291481532,1,1
annual_state_offset,2685,2022-02-18,2022-02-28,-0.0177161244498015,2022,2021-12-31,learned_order_extension,20260912,0.7082710857336353,0.7082710857336353,1,0
annual_state_offset,2690,2022-02-25,2022-03-07,-0.0221791776043331,2022,2021-12-31,learned_order_extension,20260912,0.672646545498505,0.672646545498505,1,0
annual_state_offset,2695,2022-03-04,2022-03-14,-0.0480378799422749,2022,2021-12-31,learned_order_extension,20260912,0.7063888110552541,0.7063888110552541,1,0
annual_state_offset,2700,2022-03-11,2022-03-21,0.007530336734814,2022,2021-12-31,learned_order_extension,20260912,0.6284040084971629,0.6284040084971629,1,1
annual_state_offset,2705,2022-03-18,2022-03-28,-0.0353493110038457,2022,2021-12-31,learned_order_extension,20260912,0.5929220651203073,0.5929220651203073,1,0
annual_state_offset,2710,2022-03-25,2022-04-06,0.0314834190717003,2022,2021-12-31,learned_order_extension,20260912,0.560900893741765,0.560900893741765,1,1
annual_shared_offset,2660,2022-01-07,2022-01-17,-0.0173453887283024,2022,2021-12-31,learned_order_extension,20260912,0.7021249449389755,0.7021249449389755,1,0
annual_shared_offset,2665,2022-01-14,2022-01-24,0.0053248631776616,2022,2021-12-31,learned_order_extension,20260912,0.519422850065438,0.519422850065438,1,1
annual_shared_offset,2670,2022-01-21,2022-02-07,-0.0242661876254222,2022,2021-12-31,learned_order_extension,20260912,0.7149761694840576,0.7149761694840576,1,0
annual_shared_offset,2675,2022-01-28,2022-02-14,-0.0127539031341488,2022,2021-12-31,learned_order_extension,20260912,0.5563462821352916,0.5563462821352916,1,0
annual_shared_offset,2680,2022-02-11,2022-02-21,0.0145498774954033,2022,2021-12-31,learned_order_extension,20260912,0.6112227291481532,0.6112227291481532,1,1
annual_shared_offset,2685,2022-02-18,2022-02-28,-0.0177161244498015,2022,2021-12-31,learned_order_extension,20260912,0.7082710857336353,0.7082710857336353,1,0
annual_shared_offset,2690,2022-02-25,2022-03-07,-0.0221791776043331,2022,2021-12-31,learned_order_extension,20260912,0.672646545498505,0.672646545498505,1,0
annual_shared_offset,2695,2022-03-04,2022-03-14,-0.0480378799422749,2022,2021-12-31,learned_order_extension,20260912,0.7063888110552541,0.7063888110552541,1,0
annual_shared_offset,2700,2022-03-11,2022-03-21,0.007530336734814,2022,2021-12-31,learned_order_extension,20260912,0.6284040084971629,0.6284040084971629,1,1
annual_shared_offset,2705,2022-03-18,2022-03-28,-0.0353493110038457,2022,2021-12-31,learned_order_extension,20260912,0.5929220651203073,0.5929220651203073,1,0
annual_shared_offset,2710,2022-03-25,2022-04-06,0.0314834190717003,2022,2021-12-31,learned_order_extension,20260912,0.560900893741765,0.560900893741765,1,1
annual_state_offset_half,2660,2022-01-07,2022-01-17,-0.0173453887283024,2022,2021-12-31,learned_order_extension,20260912,0.7021249449389755,0.7021249449389755,1,0
annual_state_offset_half,2665,2022-01-14,2022-01-24,0.0053248631776616,2022,2021-12-31,learned_order_extension,20260912,0.519422850065438,0.519422850065438,1,1
annual_state_offset_half,2670,2022-01-21,2022-02-07,-0.0242661876254222,2022,2021-12-31,learned_order_extension,20260912,0.7149761694840576,0.7149761694840576,1,0
annual_state_offset_half,2675,2022-01-28,2022-02-14,-0.0127539031341488,2022,2021-12-31,learned_order_extension,20260912,0.5563462821352916,0.5563462821352916,1,0
annual_state_offset_half,2680,2022-02-11,2022-02-21,0.0145498774954033,2022,2021-12-31,learned_order_extension,20260912,0.6112227291481532,0.6112227291481532,1,1
annual_state_offset_half,2685,2022-02-18,2022-02-28,-0.0177161244498015,2022,2021-12-31,learned_order_extension,20260912,0.7082710857336353,0.7082710857336353,1,0
annual_state_offset_half,2690,2022-02-25,2022-03-07,-0.0221791776043331,2022,2021-12-31,learned_order_extension,20260912,0.672646545498505,0.672646545498505,1,0
annual_state_offset_half,2695,2022-03-04,2022-03-14,-0.0480378799422749,2022,2021-12-31,learned_order_extension,20260912,0.7063888110552541,0.7063888110552541,1,0
annual_state_offset_half,2700,2022-03-11,2022-03-21,0.007530336734814,2022,2021-12-31,learned_order_extension,20260912,0.6284040084971629,0.6284040084971629,1,1
annual_state_offset_half,2705,2022-03-18,2022-03-28,-0.0353493110038457,2022,2021-12-31,learned_order_extension,20260912,0.5929220651203073,0.5929220651203073,1,0
annual_state_offset_half,2710,2022-03-25,2022-04-06,0.0314834190717003,2022,2021-12-31,learned_order_extension,20260912,0.560900893741765,0.560900893741765,1,1
annual_state_offset,2660,2022-01-07,2022-01-17,-0.0173453887283024,2022,2021-12-31,learned_order_offset,20260912,0.7021002597589074,0.7021002597589074,1,0
annual_state_offset,2665,2022-01-14,2022-01-24,0.0053248631776616,2022,2021-12-31,learned_order_offset,20260912,0.5194500670143739,0.5194500670143739,1,1
annual_state_offset,2670,2022-01-21,2022-02-07,-0.0242661876254222,2022,2021-12-31,learned_order_offset,20260912,0.7150659531425939,0.7150659531425939,1,0
annual_state_offset,2675,2022-01-28,2022-02-14,-0.0127539031341488,2022,2021-12-31,learned_order_offset,20260912,0.5563566039667686,0.5563566039667686,1,0
annual_state_offset,2680,2022-02-11,2022-02-21,0.0145498774954033,2022,2021-12-31,learned_order_offset,20260912,0.6110482909835675,0.6110482909835675,1,1
annual_state_offset,2685,2022-02-18,2022-02-28,-0.0177161244498015,2022,2021-12-31,learned_order_offset,20260912,0.7082662053268953,0.7082662053268953,1,0
annual_state_offset,2690,2022-02-25,2022-03-07,-0.0221791776043331,2022,2021-12-31,learned_order_offset,20260912,0.6726443299723985,0.6726443299723985,1,0
annual_state_offset,2695,2022-03-04,2022-03-14,-0.0480378799422749,2022,2021-12-31,learned_order_offset,20260912,0.7063540116439039,0.7063540116439039,1,0
annual_state_offset,2700,2022-03-11,2022-03-21,0.007530336734814,2022,2021-12-31,learned_order_offset,20260912,0.6284302090313957,0.6284302090313957,1,1
annual_state_offset,2705,2022-03-18,2022-03-28,-0.0353493110038457,2022,2021-12-31,learned_order_offset,20260912,0.5930408007656572,0.5930408007656572,1,0
annual_state_offset,2710,2022-03-25,2022-04-06,0.0314834190717003,2022,2021-12-31,learned_order_offset,20260912,0.5609837979969954,0.5609837979969954,1,1
annual_shared_offset,2660,2022-01-07,2022-01-17,-0.0173453887283024,2022,2021-12-31,learned_order_offset,20260912,0.7021002597589074,0.7021002597589074,1,0
annual_shared_offset,2665,2022-01-14,2022-01-24,0.0053248631776616,2022,2021-12-31,learned_order_offset,20260912,0.5194500670143739,0.5194500670143739,1,1
annual_shared_offset,2670,2022-01-21,2022-02-07,-0.0242661876254222,2022,2021-12-31,learned_order_offset,20260912,0.7150659531425939,0.7150659531425939,1,0
annual_shared_offset,2675,2022-01-28,2022-02-14,-0.0127539031341488,2022,2021-12-31,learned_order_offset,20260912,0.5563566039667686,0.5563566039667686,1,0
annual_shared_offset,2680,2022-02-11,2022-02-21,0.0145498774954033,2022,2021-12-31,learned_order_offset,20260912,0.6110482909835675,0.6110482909835675,1,1
annual_shared_offset,2685,2022-02-18,2022-02-28,-0.0177161244498015,2022,2021-12-31,learned_order_offset,20260912,0.7082662053268953,0.7082662053268953,1,0
annual_shared_offset,2690,2022-02-25,2022-03-07,-0.0221791776043331,2022,2021-12-31,learned_order_offset,20260912,0.6726443299723985,0.6726443299723985,1,0
annual_shared_offset,2695,2022-03-04,2022-03-14,-0.0480378799422749,2022,2021-12-31,learned_order_offset,20260912,0.7063540116439039,0.7063540116439039,1,0
annual_shared_offset,2700,2022-03-11,2022-03-21,0.007530336734814,2022,2021-12-31,learned_order_offset,20260912,0.6284302090313957,0.6284302090313957,1,1
annual_shared_offset,2705,2022-03-18,2022-03-28,-0.0353493110038457,2022,2021-12-31,learned_order_offset,20260912,0.5930408007656572,0.5930408007656572,1,0
annual_shared_offset,2710,2022-03-25,2022-04-06,0.0314834190717003,2022,2021-12-31,learned_order_offset,20260912,0.5609837979969954,0.5609837979969954,1,1
annual_state_offset_half,2660,2022-01-07,2022-01-17,-0.0173453887283024,2022,2021-12-31,learned_order_offset,20260912,0.7021002597589074,0.7021002597589074,1,0
annual_state_offset_half,2665,2022-01-14,2022-01-24,0.0053248631776616,2022,2021-12-31,learned_order_offset,20260912,0.5194500670143739,0.5194500670143739,1,1
annual_state_offset_half,2670,2022-01-21,2022-02-07,-0.0242661876254222,2022,2021-12-31,learned_order_offset,20260912,0.7150659531425939,0.7150659531425939,1,0
annual_state_offset_half,2675,2022-01-28,2022-02-14,-0.0127539031341488,2022,2021-12-31,learned_order_offset,20260912,0.5563566039667686,0.5563566039667686,1,0
annual_state_offset_half,2680,2022-02-11,2022-02-21,0.0145498774954033,2022,2021-12-31,learned_order_offset,20260912,0.6110482909835675,0.6110482909835675,1,1
annual_state_offset_half,2685,2022-02-18,2022-02-28,-0.0177161244498015,2022,2021-12-31,learned_order_offset,20260912,0.7082662053268953,0.7082662053268953,1,0
annual_state_offset_half,2690,2022-02-25,2022-03-07,-0.0221791776043331,2022,2021-12-31,learned_order_offset,20260912,0.6726443299723985,0.6726443299723985,1,0
annual_state_offset_half,2695,2022-03-04,2022-03-14,-0.0480378799422749,2022,2021-12-31,learned_order_offset,20260912,0.7063540116439039,0.7063540116439039,1,0
annual_state_offset_half,2700,2022-03-11,2022-03-21,0.007530336734814,2022,2021-12-31,learned_order_offset,20260912,0.6284302090313957,0.6284302090313957,1,1
annual_state_offset_half,2705,2022-03-18,2022-03-28,-0.0353493110038457,2022,2021-12-31,learned_order_offset,20260912,0.5930408007656572,0.5930408007656572,1,0
annual_state_offset_half,2710,2022-03-25,2022-04-06,0.0314834190717003,2022,2021-12-31,learned_order_offset,20260912,0.5609837979969954,0.5609837979969954,1,1
annual_state_offset,2715,2022-04-01,2022-04-12,-0.0129237372705649,2022,2022-03-31,learned_market,20260910,0.5998194789392615,0.5998194789392615,1,0
annual_state_offset,2718,2022-04-08,2022-04-18,-0.0120986062576864,2022,2022-03-31,learned_market,20260910,0.6095640240590476,0.6095640240590476,1,0
annual_state_offset,2723,2022-04-15,2022-04-25,-0.0528494340140576,2022,2022-03-31,learned_market,20260910,0.5892440079298629,0.5892440079298629,1,0
annual_state_offset,2728,2022-04-22,2022-05-05,0.015736821365468,2022,2022-03-31,learned_market,20260910,0.5469526265740153,0.5469526265740153,1,1
annual_state_offset,2733,2022-04-29,2022-05-11,-0.0278824133054675,2022,2022-03-31,learned_market,20260910,0.5289047702442218,0.5289047702442218,1,0
annual_state_offset,2735,2022-05-06,2022-05-16,0.033741423035827,2022,2022-03-31,learned_market,20260910,0.5501213947572067,0.5501213947572067,1,1
annual_state_offset,2740,2022-05-13,2022-05-23,0.0164308841843088,2022,2022-03-31,learned_market,20260910,0.5440573322668125,0.5440573322668125,1,1
annual_state_offset,2745,2022-05-20,2022-05-30,-0.0147293413085614,2022,2022-03-31,learned_market,20260910,0.48113133472645003,0.48113133472645003,0,0
annual_state_offset,2750,2022-05-27,2022-06-13,0.0431748431927498,2022,2022-03-31,learned_market,20260910,0.40624139339063553,0.40624139339063553,0,1
annual_state_offset,2759,2022-06-10,2022-06-20,0.0306046547112142,2022,2022-03-31,learned_market,20260910,0.4276952336835577,0.4276952336835577,0,1
annual_state_offset,2764,2022-06-17,2022-06-27,0.0211666894141107,2022,2022-03-31,learned_market,20260910,0.48085394757640604,0.48085394757640604,0,1
annual_state_offset,2769,2022-06-24,2022-07-04,0.0074507343130214,2022,2022-03-31,learned_market,20260910,0.48460550715379297,0.48460550715379297,0,1
annual_shared_offset,2715,2022-04-01,2022-04-12,-0.0129237372705649,2022,2022-03-31,learned_market,20260910,0.5998194789392615,0.5998194789392615,1,0
annual_shared_offset,2718,2022-04-08,2022-04-18,-0.0120986062576864,2022,2022-03-31,learned_market,20260910,0.6095640240590476,0.6095640240590476,1,0
annual_shared_offset,2723,2022-04-15,2022-04-25,-0.0528494340140576,2022,2022-03-31,learned_market,20260910,0.5892440079298629,0.5892440079298629,1,0
annual_shared_offset,2728,2022-04-22,2022-05-05,0.015736821365468,2022,2022-03-31,learned_market,20260910,0.5469526265740153,0.5469526265740153,1,1
annual_shared_offset,2733,2022-04-29,2022-05-11,-0.0278824133054675,2022,2022-03-31,learned_market,20260910,0.5289047702442218,0.5289047702442218,1,0
annual_shared_offset,2735,2022-05-06,2022-05-16,0.033741423035827,2022,2022-03-31,learned_market,20260910,0.5501213947572067,0.5501213947572067,1,1
annual_shared_offset,2740,2022-05-13,2022-05-23,0.0164308841843088,2022,2022-03-31,learned_market,20260910,0.5440573322668125,0.5440573322668125,1,1
annual_shared_offset,2745,2022-05-20,2022-05-30,-0.0147293413085614,2022,2022-03-31,learned_market,20260910,0.48113133472645003,0.48113133472645003,0,0
annual_shared_offset,2750,2022-05-27,2022-06-13,0.0431748431927498,2022,2022-03-31,learned_market,20260910,0.40624139339063553,0.40624139339063553,0,1
annual_shared_offset,2759,2022-06-10,2022-06-20,0.0306046547112142,2022,2022-03-31,learned_market,20260910,0.4276952336835577,0.4276952336835577,0,1
annual_shared_offset,2764,2022-06-17,2022-06-27,0.0211666894141107,2022,2022-03-31,learned_market,20260910,0.48085394757640604,0.48085394757640604,0,1
annual_shared_offset,2769,2022-06-24,2022-07-04,0.0074507343130214,2022,2022-03-31,learned_market,20260910,0.48460550715379297,0.48460550715379297,0,1
annual_state_offset_half,2715,2022-04-01,2022-04-12,-0.0129237372705649,2022,2022-03-31,learned_market,20260910,0.6513941345519125,0.6513941345519125,1,0
annual_state_offset_half,2718,2022-04-08,2022-04-18,-0.0120986062576864,2022,2022-03-31,learned_market,20260910,0.6605934444164344,0.6605934444164344,1,0
annual_state_offset_half,2723,2022-04-15,2022-04-25,-0.0528494340140576,2022,2022-03-31,learned_market,20260910,0.6413667031769889,0.6413667031769889,1,0
annual_state_offset_half,2728,2022-04-22,2022-05-05,0.015736821365468,2022,2022-03-31,learned_market,20260910,0.6008062060305179,0.6008062060305179,1,1
annual_state_offset_half,2733,2022-04-29,2022-05-11,-0.0278824133054675,2022,2022-03-31,learned_market,20260910,0.5832691256095729,0.5832691256095729,1,0
annual_state_offset_half,2735,2022-05-06,2022-05-16,0.033741423035827,2022,2022-03-31,learned_market,20260910,0.6038711063021244,0.6038711063021244,1,1
annual_state_offset_half,2740,2022-05-13,2022-05-23,0.0164308841843088,2022,2022-03-31,learned_market,20260910,0.5980021225539028,0.5980021225539028,1,1
annual_state_offset_half,2745,2022-05-20,2022-05-30,-0.0147293413085614,2022,2022-03-31,learned_market,20260910,0.5361740405679875,0.5361740405679875,1,0
annual_state_offset_half,2750,2022-05-27,2022-06-13,0.0431748431927498,2022,2022-03-31,learned_market,20260910,0.4603172934164426,0.4603172934164426,0,1
annual_state_offset_half,2759,2022-06-10,2022-06-20,0.0306046547112142,2022,2022-03-31,learned_market,20260910,0.4823071775992983,0.4823071775992983,0,1
annual_state_offset_half,2764,2022-06-17,2022-06-27,0.0211666894141107,2022,2022-03-31,learned_market,20260910,0.48085394757640604,0.48085394757640604,0,1
annual_state_offset_half,2769,2022-06-24,2022-07-04,0.0074507343130214,2022,2022-03-31,learned_market,20260910,0.48460550715379297,0.48460550715379297,0,1
annual_state_offset,2715,2022-04-01,2022-04-12,-0.0129237372705649,2022,2022-03-31,learned_vol_interaction,20260910,0.5676577273552285,0.5676577273552285,1,0
annual_state_offset,2718,2022-04-08,2022-04-18,-0.0120986062576864,2022,2022-03-31,learned_vol_interaction,20260910,0.5874998789290187,0.5874998789290187,1,0
annual_state_offset,2723,2022-04-15,2022-04-25,-0.0528494340140576,2022,2022-03-31,learned_vol_interaction,20260910,0.5867010823909324,0.5867010823909324,1,0
annual_state_offset,2728,2022-04-22,2022-05-05,0.015736821365468,2022,2022-03-31,learned_vol_interaction,20260910,0.5472849699629195,0.5472849699629195,1,1
annual_state_offset,2733,2022-04-29,2022-05-11,-0.0278824133054675,2022,2022-03-31,learned_vol_interaction,20260910,0.5144710484111608,0.5144710484111608,1,0
annual_state_offset,2735,2022-05-06,2022-05-16,0.033741423035827,2022,2022-03-31,learned_vol_interaction,20260910,0.5348231131660541,0.5348231131660541,1,1
annual_state_offset,2740,2022-05-13,2022-05-23,0.0164308841843088,2022,2022-03-31,learned_vol_interaction,20260910,0.5370600846543291,0.5370600846543291,1,1
annual_state_offset,2745,2022-05-20,2022-05-30,-0.0147293413085614,2022,2022-03-31,learned_vol_interaction,20260910,0.4740407912483162,0.4740407912483162,0,0
annual_state_offset,2750,2022-05-27,2022-06-13,0.0431748431927498,2022,2022-03-31,learned_vol_interaction,20260910,0.41251809870087397,0.41251809870087397,0,1
annual_state_offset,2759,2022-06-10,2022-06-20,0.0306046547112142,2022,2022-03-31,learned_vol_interaction,20260910,0.43094920571744977,0.43094920571744977,0,1
annual_state_offset,2764,2022-06-17,2022-06-27,0.0211666894141107,2022,2022-03-31,learned_vol_interaction,20260910,0.48255164210709656,0.48255164210709656,0,1
annual_state_offset,2769,2022-06-24,2022-07-04,0.0074507343130214,2022,2022-03-31,learned_vol_interaction,20260910,0.4796566656164814,0.4796566656164814,0,1
annual_shared_offset,2715,2022-04-01,2022-04-12,-0.0129237372705649,2022,2022-03-31,learned_vol_interaction,20260910,0.5676577273552285,0.5676577273552285,1,0
annual_shared_offset,2718,2022-04-08,2022-04-18,-0.0120986062576864,2022,2022-03-31,learned_vol_interaction,20260910,0.5874998789290187,0.5874998789290187,1,0
annual_shared_offset,2723,2022-04-15,2022-04-25,-0.0528494340140576,2022,2022-03-31,learned_vol_interaction,20260910,0.5867010823909324,0.5867010823909324,1,0
annual_shared_offset,2728,2022-04-22,2022-05-05,0.015736821365468,2022,2022-03-31,learned_vol_interaction,20260910,0.5472849699629195,0.5472849699629195,1,1
annual_shared_offset,2733,2022-04-29,2022-05-11,-0.0278824133054675,2022,2022-03-31,learned_vol_interaction,20260910,0.5144710484111608,0.5144710484111608,1,0
annual_shared_offset,2735,2022-05-06,2022-05-16,0.033741423035827,2022,2022-03-31,learned_vol_interaction,20260910,0.5348231131660541,0.5348231131660541,1,1
annual_shared_offset,2740,2022-05-13,2022-05-23,0.0164308841843088,2022,2022-03-31,learned_vol_interaction,20260910,0.5370600846543291,0.5370600846543291,1,1
annual_shared_offset,2745,2022-05-20,2022-05-30,-0.0147293413085614,2022,2022-03-31,learned_vol_interaction,20260910,0.4740407912483162,0.4740407912483162,0,0
annual_shared_offset,2750,2022-05-27,2022-06-13,0.0431748431927498,2022,2022-03-31,learned_vol_interaction,20260910,0.41251809870087397,0.41251809870087397,0,1
annual_shared_offset,2759,2022-06-10,2022-06-20,0.0306046547112142,2022,2022-03-31,learned_vol_interaction,20260910,0.43094920571744977,0.43094920571744977,0,1
annual_shared_offset,2764,2022-06-17,2022-06-27,0.0211666894141107,2022,2022-03-31,learned_vol_interaction,20260910,0.48255164210709656,0.48255164210709656,0,1
annual_shared_offset,2769,2022-06-24,2022-07-04,0.0074507343130214,2022,2022-03-31,learned_vol_interaction,20260910,0.4796566656164814,0.4796566656164814,0,1
annual_state_offset_half,2715,2022-04-01,2022-04-12,-0.0129237372705649,2022,2022-03-31,learned_vol_interaction,20260910,0.6197757272949408,0.6197757272949408,1,0
annual_state_offset_half,2718,2022-04-08,2022-04-18,-0.0120986062576864,2022,2022-03-31,learned_vol_interaction,20260910,0.6387481491575804,0.6387481491575804,1,0
annual_state_offset_half,2723,2022-04-15,2022-04-25,-0.0528494340140576,2022,2022-03-31,learned_vol_interaction,20260910,0.6379874421527154,0.6379874421527154,1,0
annual_state_offset_half,2728,2022-04-22,2022-05-05,0.015736821365468,2022,2022-03-31,learned_vol_interaction,20260910,0.6001288762303367,0.6001288762303367,1,1
annual_state_offset_half,2733,2022-04-29,2022-05-11,-0.0278824133054675,2022,2022-03-31,learned_vol_interaction,20260910,0.568122652869274,0.568122652869274,1,0
annual_state_offset_half,2735,2022-05-06,2022-05-16,0.033741423035827,2022,2022-03-31,learned_vol_interaction,20260910,0.5880266647226813,0.5880266647226813,1,1
annual_state_offset_half,2740,2022-05-13,2022-05-23,0.0164308841843088,2022,2022-03-31,learned_vol_interaction,20260910,0.5902038258565138,0.5902038258565138,1,1
annual_state_offset_half,2745,2022-05-20,2022-05-30,-0.0147293413085614,2022,2022-03-31,learned_vol_interaction,20260910,0.5280617448114081,0.5280617448114081,1,0
annual_state_offset_half,2750,2022-05-27,2022-06-13,0.0431748431927498,2022,2022-03-31,learned_vol_interaction,20260910,0.46573628128221467,0.46573628128221467,0,1
annual_state_offset_half,2759,2022-06-10,2022-06-20,0.0306046547112142,2022,2022-03-31,learned_vol_interaction,20260910,0.4845838557706342,0.4845838557706342,0,1
annual_state_offset_half,2764,2022-06-17,2022-06-27,0.0211666894141107,2022,2022-03-31,learned_vol_interaction,20260910,0.48255164210709656,0.48255164210709656,0,1
annual_state_offset_half,2769,2022-06-24,2022-07-04,0.0074507343130214,2022,2022-03-31,learned_vol_interaction,20260910,0.4796566656164814,0.4796566656164814,0,1
annual_state_offset,2715,2022-04-01,2022-04-12,-0.0129237372705649,2022,2022-03-31,learned_order_extension,20260910,0.5721045040994577,0.5721045040994577,1,0
annual_state_offset,2718,2022-04-08,2022-04-18,-0.0120986062576864,2022,2022-03-31,learned_order_extension,20260910,0.5840803779040494,0.5840803779040494,1,0
annual_state_offset,2723,2022-04-15,2022-04-25,-0.0528494340140576,2022,2022-03-31,learned_order_extension,20260910,0.5760806116434751,0.5760806116434751,1,0
annual_state_offset,2728,2022-04-22,2022-05-05,0.015736821365468,2022,2022-03-31,learned_order_extension,20260910,0.5408596972580465,0.5408596972580465,1,1
annual_state_offset,2733,2022-04-29,2022-05-11,-0.0278824133054675,2022,2022-03-31,learned_order_extension,20260910,0.5274501946993473,0.5274501946993473,1,0
annual_state_offset,2735,2022-05-06,2022-05-16,0.033741423035827,2022,2022-03-31,learned_order_extension,20260910,0.5547045807650901,0.5547045807650901,1,1
annual_state_offset,2740,2022-05-13,2022-05-23,0.0164308841843088,2022,2022-03-31,learned_order_extension,20260910,0.5554971452108131,0.5554971452108131,1,1
annual_state_offset,2745,2022-05-20,2022-05-30,-0.0147293413085614,2022,2022-03-31,learned_order_extension,20260910,0.4848719971615484,0.4848719971615484,0,0
annual_state_offset,2750,2022-05-27,2022-06-13,0.0431748431927498,2022,2022-03-31,learned_order_extension,20260910,0.4050219756729686,0.4050219756729686,0,1
annual_state_offset,2759,2022-06-10,2022-06-20,0.0306046547112142,2022,2022-03-31,learned_order_extension,20260910,0.4285035950888835,0.4285035950888835,0,1
annual_state_offset,2764,2022-06-17,2022-06-27,0.0211666894141107,2022,2022-03-31,learned_order_extension,20260910,0.4859253122353308,0.4859253122353308,0,1
annual_state_offset,2769,2022-06-24,2022-07-04,0.0074507343130214,2022,2022-03-31,learned_order_extension,20260910,0.4875812841679665,0.4875812841679665,0,1
annual_shared_offset,2715,2022-04-01,2022-04-12,-0.0129237372705649,2022,2022-03-31,learned_order_extension,20260910,0.5721045040994577,0.5721045040994577,1,0
annual_shared_offset,2718,2022-04-08,2022-04-18,-0.0120986062576864,2022,2022-03-31,learned_order_extension,20260910,0.5840803779040494,0.5840803779040494,1,0
annual_shared_offset,2723,2022-04-15,2022-04-25,-0.0528494340140576,2022,2022-03-31,learned_order_extension,20260910,0.5760806116434751,0.5760806116434751,1,0
annual_shared_offset,2728,2022-04-22,2022-05-05,0.015736821365468,2022,2022-03-31,learned_order_extension,20260910,0.5408596972580465,0.5408596972580465,1,1
annual_shared_offset,2733,2022-04-29,2022-05-11,-0.0278824133054675,2022,2022-03-31,learned_order_extension,20260910,0.5274501946993473,0.5274501946993473,1,0
annual_shared_offset,2735,2022-05-06,2022-05-16,0.033741423035827,2022,2022-03-31,learned_order_extension,20260910,0.5547045807650901,0.5547045807650901,1,1
annual_shared_offset,2740,2022-05-13,2022-05-23,0.0164308841843088,2022,2022-03-31,learned_order_extension,20260910,0.5554971452108131,0.5554971452108131,1,1
annual_shared_offset,2745,2022-05-20,2022-05-30,-0.0147293413085614,2022,2022-03-31,learned_order_extension,20260910,0.4848719971615484,0.4848719971615484,0,0
annual_shared_offset,2750,2022-05-27,2022-06-13,0.0431748431927498,2022,2022-03-31,learned_order_extension,20260910,0.4050219756729686,0.4050219756729686,0,1
annual_shared_offset,2759,2022-06-10,2022-06-20,0.0306046547112142,2022,2022-03-31,learned_order_extension,20260910,0.4285035950888835,0.4285035950888835,0,1
annual_shared_offset,2764,2022-06-17,2022-06-27,0.0211666894141107,2022,2022-03-31,learned_order_extension,20260910,0.4859253122353308,0.4859253122353308,0,1
annual_shared_offset,2769,2022-06-24,2022-07-04,0.0074507343130214,2022,2022-03-31,learned_order_extension,20260910,0.4875812841679665,0.4875812841679665,0,1
annual_state_offset_half,2715,2022-04-01,2022-04-12,-0.0129237372705649,2022,2022-03-31,learned_order_extension,20260910,0.6222290296915416,0.6222290296915416,1,0
annual_state_offset_half,2718,2022-04-08,2022-04-18,-0.0120986062576864,2022,2022-03-31,learned_order_extension,20260910,0.6337002424413546,0.6337002424413546,1,0
annual_state_offset_half,2723,2022-04-15,2022-04-25,-0.0528494340140576,2022,2022-03-31,learned_order_extension,20260910,0.6260438181634849,0.6260438181634849,1,0
annual_state_offset_half,2728,2022-04-22,2022-05-05,0.015736821365468,2022,2022-03-31,learned_order_extension,20260910,0.5920343123964553,0.5920343123964553,1,1
annual_state_offset_half,2733,2022-04-29,2022-05-11,-0.0278824133054675,2022,2022-03-31,learned_order_extension,20260910,0.5789559032842315,0.5789559032842315,1,0
annual_state_offset_half,2735,2022-05-06,2022-05-16,0.033741423035827,2022,2022-03-31,learned_order_extension,20260910,0.6054617292595151,0.6054617292595151,1,1
annual_state_offset_half,2740,2022-05-13,2022-05-23,0.0164308841843088,2022,2022-03-31,learned_order_extension,20260910,0.6062280837654171,0.6062280837654171,1,1
annual_state_offset_half,2745,2022-05-20,2022-05-30,-0.0147293413085614,2022,2022-03-31,learned_order_extension,20260910,0.5369442870583236,0.5369442870583236,1,0
annual_state_offset_half,2750,2022-05-27,2022-06-13,0.0431748431927498,2022,2022-03-31,learned_order_extension,20260910,0.45611181524061495,0.45611181524061495,0,1
annual_state_offset_half,2759,2022-06-10,2022-06-20,0.0306046547112142,2022,2022-03-31,learned_order_extension,20260910,0.48016501092179165,0.48016501092179165,0,1
annual_state_offset_half,2764,2022-06-17,2022-06-27,0.0211666894141107,2022,2022-03-31,learned_order_extension,20260910,0.4859253122353308,0.4859253122353308,0,1
annual_state_offset_half,2769,2022-06-24,2022-07-04,0.0074507343130214,2022,2022-03-31,learned_order_extension,20260910,0.4875812841679665,0.4875812841679665,0,1
annual_state_offset,2715,2022-04-01,2022-04-12,-0.0129237372705649,2022,2022-03-31,learned_order_offset,20260910,0.5717773986681668,0.5717773986681668,1,0
annual_state_offset,2718,2022-04-08,2022-04-18,-0.0120986062576864,2022,2022-03-31,learned_order_offset,20260910,0.5838451466316982,0.5838451466316982,1,0
annual_state_offset,2723,2022-04-15,2022-04-25,-0.0528494340140576,2022,2022-03-31,learned_order_offset,20260910,0.5758072111213951,0.5758072111213951,1,0
annual_state_offset,2728,2022-04-22,2022-05-05,0.015736821365468,2022,2022-03-31,learned_order_offset,20260910,0.540749843298375,0.540749843298375,1,1
annual_state_offset,2733,2022-04-29,2022-05-11,-0.0278824133054675,2022,2022-03-31,learned_order_offset,20260910,0.5273827202620559,0.5273827202620559,1,0
annual_state_offset,2735,2022-05-06,2022-05-16,0.033741423035827,2022,2022-03-31,learned_order_offset,20260910,0.5546479931807239,0.5546479931807239,1,1
annual_state_offset,2740,2022-05-13,2022-05-23,0.0164308841843088,2022,2022-03-31,learned_order_offset,20260910,0.5554500672938328,0.5554500672938328,1,1
annual_state_offset,2745,2022-05-20,2022-05-30,-0.0147293413085614,2022,2022-03-31,learned_order_offset,20260910,0.48482674537105525,0.48482674537105525,0,0
annual_state_offset,2750,2022-05-27,2022-06-13,0.0431748431927498,2022,2022-03-31,learned_order_offset,20260910,0.4050459563257472,0.4050459563257472,0,1
annual_state_offset,2759,2022-06-10,2022-06-20,0.0306046547112142,2022,2022-03-31,learned_order_offset,20260910,0.4285130818765737,0.4285130818765737,0,1
annual_state_offset,2764,2022-06-17,2022-06-27,0.0211666894141107,2022,2022-03-31,learned_order_offset,20260910,0.485730573138482,0.485730573138482,0,1
annual_state_offset,2769,2022-06-24,2022-07-04,0.0074507343130214,2022,2022-03-31,learned_order_offset,20260910,0.48755264163513784,0.48755264163513784,0,1
annual_shared_offset,2715,2022-04-01,2022-04-12,-0.0129237372705649,2022,2022-03-31,learned_order_offset,20260910,0.5717773986681668,0.5717773986681668,1,0
annual_shared_offset,2718,2022-04-08,2022-04-18,-0.0120986062576864,2022,2022-03-31,learned_order_offset,20260910,0.5838451466316982,0.5838451466316982,1,0
annual_shared_offset,2723,2022-04-15,2022-04-25,-0.0528494340140576,2022,2022-03-31,learned_order_offset,20260910,0.5758072111213951,0.5758072111213951,1,0
annual_shared_offset,2728,2022-04-22,2022-05-05,0.015736821365468,2022,2022-03-31,learned_order_offset,20260910,0.540749843298375,0.540749843298375,1,1
annual_shared_offset,2733,2022-04-29,2022-05-11,-0.0278824133054675,2022,2022-03-31,learned_order_offset,20260910,0.5273827202620559,0.5273827202620559,1,0
annual_shared_offset,2735,2022-05-06,2022-05-16,0.033741423035827,2022,2022-03-31,learned_order_offset,20260910,0.5546479931807239,0.5546479931807239,1,1
annual_shared_offset,2740,2022-05-13,2022-05-23,0.0164308841843088,2022,2022-03-31,learned_order_offset,20260910,0.5554500672938328,0.5554500672938328,1,1
annual_shared_offset,2745,2022-05-20,2022-05-30,-0.0147293413085614,2022,2022-03-31,learned_order_offset,20260910,0.48482674537105525,0.48482674537105525,0,0
annual_shared_offset,2750,2022-05-27,2022-06-13,0.0431748431927498,2022,2022-03-31,learned_order_offset,20260910,0.4050459563257472,0.4050459563257472,0,1
annual_shared_offset,2759,2022-06-10,2022-06-20,0.0306046547112142,2022,2022-03-31,learned_order_offset,20260910,0.4285130818765737,0.4285130818765737,0,1
annual_shared_offset,2764,2022-06-17,2022-06-27,0.0211666894141107,2022,2022-03-31,learned_order_offset,20260910,0.485730573138482,0.485730573138482,0,1
annual_shared_offset,2769,2022-06-24,2022-07-04,0.0074507343130214,2022,2022-03-31,learned_order_offset,20260910,0.48755264163513784,0.48755264163513784,0,1
annual_state_offset_half,2715,2022-04-01,2022-04-12,-0.0129237372705649,2022,2022-03-31,learned_order_offset,20260910,0.6218694714286018,0.6218694714286018,1,0
annual_state_offset_half,2718,2022-04-08,2022-04-18,-0.0120986062576864,2022,2022-03-31,learned_order_offset,20260910,0.6334305870371656,0.6334305870371656,1,0
annual_state_offset_half,2723,2022-04-15,2022-04-25,-0.0528494340140576,2022,2022-03-31,learned_order_offset,20260910,0.6257364462376105,0.6257364462376105,1,0
annual_state_offset_half,2728,2022-04-22,2022-05-05,0.015736821365468,2022,2022-03-31,learned_order_offset,20260910,0.5918807776735702,0.5918807776735702,1,1
annual_state_offset_half,2733,2022-04-29,2022-05-11,-0.0278824133054675,2022,2022-03-31,learned_order_offset,20260910,0.578842794439623,0.578842794439623,1,0
annual_state_offset_half,2735,2022-05-06,2022-05-16,0.033741423035827,2022,2022-03-31,learned_order_offset,20260910,0.6053608306547418,0.6053608306547418,1,1
annual_state_offset_half,2740,2022-05-13,2022-05-23,0.0164308841843088,2022,2022-03-31,learned_order_offset,20260910,0.6061364285760247,0.6061364285760247,1,1
annual_state_offset_half,2745,2022-05-20,2022-05-30,-0.0147293413085614,2022,2022-03-31,learned_order_offset,20260910,0.5368511841697899,0.5368511841697899,1,0
annual_state_offset_half,2750,2022-05-27,2022-06-13,0.0431748431927498,2022,2022-03-31,learned_order_offset,20260910,0.456088554749271,0.456088554749271,0,1
annual_state_offset_half,2759,2022-06-10,2022-06-20,0.0306046547112142,2022,2022-03-31,learned_order_offset,20260910,0.48012643732048815,0.48012643732048815,0,1
annual_state_offset_half,2764,2022-06-17,2022-06-27,0.0211666894141107,2022,2022-03-31,learned_order_offset,20260910,0.485730573138482,0.485730573138482,0,1
annual_state_offset_half,2769,2022-06-24,2022-07-04,0.0074507343130214,2022,2022-03-31,learned_order_offset,20260910,0.48755264163513784,0.48755264163513784,0,1
annual_state_offset,2715,2022-04-01,2022-04-12,-0.0129237372705649,2022,2022-03-31,learned_market,20260911,0.6553169061214767,0.6553169061214767,1,0
annual_state_offset,2718,2022-04-08,2022-04-18,-0.0120986062576864,2022,2022-03-31,learned_market,20260911,0.5165898279283532,0.5165898279283532,1,0
annual_state_offset,2723,2022-04-15,2022-04-25,-0.0528494340140576,2022,2022-03-31,learned_market,20260911,0.7117969915086395,0.7117969915086395,1,0
annual_state_offset,2728,2022-04-22,2022-05-05,0.015736821365468,2022,2022-03-31,learned_market,20260911,0.6582659784455862,0.6582659784455862,1,1
annual_state_offset,2733,2022-04-29,2022-05-11,-0.0278824133054675,2022,2022-03-31,learned_market,20260911,0.4269038846708228,0.4269038846708228,0,0
annual_state_offset,2735,2022-05-06,2022-05-16,0.033741423035827,2022,2022-03-31,learned_market,20260911,0.31877545761018655,0.31877545761018655,0,1
annual_state_offset,2740,2022-05-13,2022-05-23,0.0164308841843088,2022,2022-03-31,learned_market,20260911,0.4186734071944928,0.4186734071944928,0,1
annual_state_offset,2745,2022-05-20,2022-05-30,-0.0147293413085614,2022,2022-03-31,learned_market,20260911,0.46413300999330737,0.46413300999330737,0,0
annual_state_offset,2750,2022-05-27,2022-06-13,0.0431748431927498,2022,2022-03-31,learned_market,20260911,0.5136896136758209,0.5136896136758209,1,1
annual_state_offset,2759,2022-06-10,2022-06-20,0.0306046547112142,2022,2022-03-31,learned_market,20260911,0.25438651069929397,0.25438651069929397,0,1
annual_state_offset,2764,2022-06-17,2022-06-27,0.0211666894141107,2022,2022-03-31,learned_market,20260911,0.35966324404140343,0.35966324404140343,0,1
annual_state_offset,2769,2022-06-24,2022-07-04,0.0074507343130214,2022,2022-03-31,learned_market,20260911,0.46809827445499036,0.46809827445499036,0,1
annual_shared_offset,2715,2022-04-01,2022-04-12,-0.0129237372705649,2022,2022-03-31,learned_market,20260911,0.6553169061214767,0.6553169061214767,1,0
annual_shared_offset,2718,2022-04-08,2022-04-18,-0.0120986062576864,2022,2022-03-31,learned_market,20260911,0.5165898279283532,0.5165898279283532,1,0
annual_shared_offset,2723,2022-04-15,2022-04-25,-0.0528494340140576,2022,2022-03-31,learned_market,20260911,0.7117969915086395,0.7117969915086395,1,0
annual_shared_offset,2728,2022-04-22,2022-05-05,0.015736821365468,2022,2022-03-31,learned_market,20260911,0.6582659784455862,0.6582659784455862,1,1
annual_shared_offset,2733,2022-04-29,2022-05-11,-0.0278824133054675,2022,2022-03-31,learned_market,20260911,0.4269038846708228,0.4269038846708228,0,0
annual_shared_offset,2735,2022-05-06,2022-05-16,0.033741423035827,2022,2022-03-31,learned_market,20260911,0.31877545761018655,0.31877545761018655,0,1
annual_shared_offset,2740,2022-05-13,2022-05-23,0.0164308841843088,2022,2022-03-31,learned_market,20260911,0.4186734071944928,0.4186734071944928,0,1
annual_shared_offset,2745,2022-05-20,2022-05-30,-0.0147293413085614,2022,2022-03-31,learned_market,20260911,0.46413300999330737,0.46413300999330737,0,0
annual_shared_offset,2750,2022-05-27,2022-06-13,0.0431748431927498,2022,2022-03-31,learned_market,20260911,0.5136896136758209,0.5136896136758209,1,1
annual_shared_offset,2759,2022-06-10,2022-06-20,0.0306046547112142,2022,2022-03-31,learned_market,20260911,0.25438651069929397,0.25438651069929397,0,1
annual_shared_offset,2764,2022-06-17,2022-06-27,0.0211666894141107,2022,2022-03-31,learned_market,20260911,0.35966324404140343,0.35966324404140343,0,1
annual_shared_offset,2769,2022-06-24,2022-07-04,0.0074507343130214,2022,2022-03-31,learned_market,20260911,0.46809827445499036,0.46809827445499036,0,1
annual_state_offset_half,2715,2022-04-01,2022-04-12,-0.0129237372705649,2022,2022-03-31,learned_market,20260911,0.6949586697347913,0.6949586697347913,1,0
annual_state_offset_half,2718,2022-04-08,2022-04-18,-0.0120986062576864,2022,2022-03-31,learned_market,20260911,0.5615106606627279,0.5615106606627279,1,0
annual_state_offset_half,2723,2022-04-15,2022-04-25,-0.0528494340140576,2022,2022-03-31,learned_market,20260911,0.7474464210315667,0.7474464210315667,1,0
annual_state_offset_half,2728,2022-04-22,2022-05-05,0.015736821365468,2022,2022-03-31,learned_market,20260911,0.6977250190160363,0.6977250190160363,1,1
annual_state_offset_half,2733,2022-04-29,2022-05-11,-0.0278824133054675,2022,2022-03-31,learned_market,20260911,0.47163474647186654,0.47163474647186654,0,0
annual_state_offset_half,2735,2022-05-06,2022-05-16,0.033741423035827,2022,2022-03-31,learned_market,20260911,0.35927932786146577,0.35927932786146577,0,1
annual_state_offset_half,2740,2022-05-13,2022-05-23,0.0164308841843088,2022,2022-03-31,learned_market,20260911,0.46323895748894595,0.46323895748894595,0,1
annual_state_offset_half,2745,2022-05-20,2022-05-30,-0.0147293413085614,2022,2022-03-31,learned_market,20260911,0.5092981215163702,0.5092981215163702,1,0
annual_state_offset_half,2750,2022-05-27,2022-06-13,0.0431748431927498,2022,2022-03-31,learned_market,20260911,0.5586496984561902,0.5586496984561902,1,1
annual_state_offset_half,2759,2022-06-10,2022-06-20,0.0306046547112142,2022,2022-03-31,learned_market,20260911,0.29019421841622195,0.29019421841622195,0,1
annual_state_offset_half,2764,2022-06-17,2022-06-27,0.0211666894141107,2022,2022-03-31,learned_market,20260911,0.35966324404140343,0.35966324404140343,0,1
annual_state_offset_half,2769,2022-06-24,2022-07-04,0.0074507343130214,2022,2022-03-31,learned_market,20260911,0.46809827445499036,0.46809827445499036,0,1
annual_state_offset,2715,2022-04-01,2022-04-12,-0.0129237372705649,2022,2022-03-31,learned_vol_interaction,20260911,0.667513128669578,0.667513128669578,1,0
annual_state_offset,2718,2022-04-08,2022-04-18,-0.0120986062576864,2022,2022-03-31,learned_vol_interaction,20260911,0.5111242823117318,0.5111242823117318,1,0
annual_state_offset,2723,2022-04-15,2022-04-25,-0.0528494340140576,2022,2022-03-31,learned_vol_interaction,20260911,0.7162271938597887,0.7162271938597887,1,0
annual_state_offset,2728,2022-04-22,2022-05-05,0.015736821365468,2022,2022-03-31,learned_vol_interaction,20260911,0.6647862772132568,0.6647862772132568,1,1
annual_state_offset,2733,2022-04-29,2022-05-11,-0.0278824133054675,2022,2022-03-31,learned_vol_interaction,20260911,0.42169582562149943,0.42169582562149943,0,0
annual_state_offset,2735,2022-05-06,2022-05-16,0.033741423035827,2022,2022-03-31,learned_vol_interaction,20260911,0.3022194155274323,0.3022194155274323,0,1
annual_state_offset,2740,2022-05-13,2022-05-23,0.0164308841843088,2022,2022-03-31,learned_vol_interaction,20260911,0.4059331158839372,0.4059331158839372,0,1
annual_state_offset,2745,2022-05-20,2022-05-30,-0.0147293413085614,2022,2022-03-31,learned_vol_interaction,20260911,0.4625484750026886,0.4625484750026886,0,0
annual_state_offset,2750,2022-05-27,2022-06-13,0.0431748431927498,2022,2022-03-31,learned_vol_interaction,20260911,0.5156548113088841,0.5156548113088841,1,1
annual_state_offset,2759,2022-06-10,2022-06-20,0.0306046547112142,2022,2022-03-31,learned_vol_interaction,20260911,0.2547901528000421,0.2547901528000421,0,1
annual_state_offset,2764,2022-06-17,2022-06-27,0.0211666894141107,2022,2022-03-31,learned_vol_interaction,20260911,0.36375167025478616,0.36375167025478616,0,1
annual_state_offset,2769,2022-06-24,2022-07-04,0.0074507343130214,2022,2022-03-31,learned_vol_interaction,20260911,0.47411451496984686,0.47411451496984686,0,1
annual_shared_offset,2715,2022-04-01,2022-04-12,-0.0129237372705649,2022,2022-03-31,learned_vol_interaction,20260911,0.667513128669578,0.667513128669578,1,0
annual_shared_offset,2718,2022-04-08,2022-04-18,-0.0120986062576864,2022,2022-03-31,learned_vol_interaction,20260911,0.5111242823117318,0.5111242823117318,1,0
annual_shared_offset,2723,2022-04-15,2022-04-25,-0.0528494340140576,2022,2022-03-31,learned_vol_interaction,20260911,0.7162271938597887,0.7162271938597887,1,0
annual_shared_offset,2728,2022-04-22,2022-05-05,0.015736821365468,2022,2022-03-31,learned_vol_interaction,20260911,0.6647862772132568,0.6647862772132568,1,1
annual_shared_offset,2733,2022-04-29,2022-05-11,-0.0278824133054675,2022,2022-03-31,learned_vol_interaction,20260911,0.42169582562149943,0.42169582562149943,0,0
annual_shared_offset,2735,2022-05-06,2022-05-16,0.033741423035827,2022,2022-03-31,learned_vol_interaction,20260911,0.3022194155274323,0.3022194155274323,0,1
annual_shared_offset,2740,2022-05-13,2022-05-23,0.0164308841843088,2022,2022-03-31,learned_vol_interaction,20260911,0.4059331158839372,0.4059331158839372,0,1
annual_shared_offset,2745,2022-05-20,2022-05-30,-0.0147293413085614,2022,2022-03-31,learned_vol_interaction,20260911,0.4625484750026886,0.4625484750026886,0,0
annual_shared_offset,2750,2022-05-27,2022-06-13,0.0431748431927498,2022,2022-03-31,learned_vol_interaction,20260911,0.5156548113088841,0.5156548113088841,1,1
annual_shared_offset,2759,2022-06-10,2022-06-20,0.0306046547112142,2022,2022-03-31,learned_vol_interaction,20260911,0.2547901528000421,0.2547901528000421,0,1
annual_shared_offset,2764,2022-06-17,2022-06-27,0.0211666894141107,2022,2022-03-31,learned_vol_interaction,20260911,0.36375167025478616,0.36375167025478616,0,1
annual_shared_offset,2769,2022-06-24,2022-07-04,0.0074507343130214,2022,2022-03-31,learned_vol_interaction,20260911,0.47411451496984686,0.47411451496984686,0,1
annual_state_offset_half,2715,2022-04-01,2022-04-12,-0.0129237372705649,2022,2022-03-31,learned_vol_interaction,20260911,0.7067731863611262,0.7067731863611262,1,0
annual_state_offset_half,2718,2022-04-08,2022-04-18,-0.0120986062576864,2022,2022-03-31,learned_vol_interaction,20260911,0.5565838651648187,0.5565838651648187,1,0
annual_state_offset_half,2723,2022-04-15,2022-04-25,-0.0528494340140576,2022,2022-03-31,learned_vol_interaction,20260911,0.7518732749207866,0.7518732749207866,1,0
annual_state_offset_half,2728,2022-04-22,2022-05-05,0.015736821365468,2022,2022-03-31,learned_vol_interaction,20260911,0.7042256496354905,0.7042256496354905,1,1
annual_state_offset_half,2733,2022-04-29,2022-05-11,-0.0278824133054675,2022,2022-03-31,learned_vol_interaction,20260911,0.46679618384805144,0.46679618384805144,0,0
annual_state_offset_half,2735,2022-05-06,2022-05-16,0.033741423035827,2022,2022-03-31,learned_vol_interaction,20260911,0.34210070768685097,0.34210070768685097,0,1
annual_state_offset_half,2740,2022-05-13,2022-05-23,0.0164308841843088,2022,2022-03-31,learned_vol_interaction,20260911,0.45066138107595716,0.45066138107595716,0,1
annual_state_offset_half,2745,2022-05-20,2022-05-30,-0.0147293413085614,2022,2022-03-31,learned_vol_interaction,20260911,0.5081786439575718,0.5081786439575718,1,0
annual_state_offset_half,2750,2022-05-27,2022-06-13,0.0431748431927498,2022,2022-03-31,learned_vol_interaction,20260911,0.5610549017812033,0.5610549017812033,1,1
annual_state_offset_half,2759,2022-06-10,2022-06-20,0.0306046547112142,2022,2022-03-31,learned_vol_interaction,20260911,0.29102298124022163,0.29102298124022163,0,1
annual_state_offset_half,2764,2022-06-17,2022-06-27,0.0211666894141107,2022,2022-03-31,learned_vol_interaction,20260911,0.36375167025478616,0.36375167025478616,0,1
annual_state_offset_half,2769,2022-06-24,2022-07-04,0.0074507343130214,2022,2022-03-31,learned_vol_interaction,20260911,0.47411451496984686,0.47411451496984686,0,1
annual_state_offset,2715,2022-04-01,2022-04-12,-0.0129237372705649,2022,2022-03-31,learned_order_extension,20260911,0.6548311126963269,0.6548311126963269,1,0
annual_state_offset,2718,2022-04-08,2022-04-18,-0.0120986062576864,2022,2022-03-31,learned_order_extension,20260911,0.48466591811083604,0.48466591811083604,0,0
annual_state_offset,2723,2022-04-15,2022-04-25,-0.0528494340140576,2022,2022-03-31,learned_order_extension,20260911,0.7245432578790876,0.7245432578790876,1,0
annual_state_offset,2728,2022-04-22,2022-05-05,0.015736821365468,2022,2022-03-31,learned_order_extension,20260911,0.6687943659855174,0.6687943659855174,1,1
annual_state_offset,2733,2022-04-29,2022-05-11,-0.0278824133054675,2022,2022-03-31,learned_order_extension,20260911,0.4216524394863483,0.4216524394863483,0,0
annual_state_offset,2735,2022-05-06,2022-05-16,0.033741423035827,2022,2022-03-31,learned_order_extension,20260911,0.3087476028704678,0.3087476028704678,0,1
annual_state_offset,2740,2022-05-13,2022-05-23,0.0164308841843088,2022,2022-03-31,learned_order_extension,20260911,0.401941033780793,0.401941033780793,0,1
annual_state_offset,2745,2022-05-20,2022-05-30,-0.0147293413085614,2022,2022-03-31,learned_order_extension,20260911,0.45394916543796865,0.45394916543796865,0,0
annual_state_offset,2750,2022-05-27,2022-06-13,0.0431748431927498,2022,2022-03-31,learned_order_extension,20260911,0.5165028290825542,0.5165028290825542,1,1
annual_state_offset,2759,2022-06-10,2022-06-20,0.0306046547112142,2022,2022-03-31,learned_order_extension,20260911,0.24543592233841843,0.24543592233841843,0,1
annual_state_offset,2764,2022-06-17,2022-06-27,0.0211666894141107,2022,2022-03-31,learned_order_extension,20260911,0.33808664733638566,0.33808664733638566,0,1
annual_state_offset,2769,2022-06-24,2022-07-04,0.0074507343130214,2022,2022-03-31,learned_order_extension,20260911,0.4651372063002809,0.4651372063002809,0,1
annual_shared_offset,2715,2022-04-01,2022-04-12,-0.0129237372705649,2022,2022-03-31,learned_order_extension,20260911,0.6548311126963269,0.6548311126963269,1,0
annual_shared_offset,2718,2022-04-08,2022-04-18,-0.0120986062576864,2022,2022-03-31,learned_order_extension,20260911,0.48466591811083604,0.48466591811083604,0,0
annual_shared_offset,2723,2022-04-15,2022-04-25,-0.0528494340140576,2022,2022-03-31,learned_order_extension,20260911,0.7245432578790876,0.7245432578790876,1,0
annual_shared_offset,2728,2022-04-22,2022-05-05,0.015736821365468,2022,2022-03-31,learned_order_extension,20260911,0.6687943659855174,0.6687943659855174,1,1
annual_shared_offset,2733,2022-04-29,2022-05-11,-0.0278824133054675,2022,2022-03-31,learned_order_extension,20260911,0.4216524394863483,0.4216524394863483,0,0
annual_shared_offset,2735,2022-05-06,2022-05-16,0.033741423035827,2022,2022-03-31,learned_order_extension,20260911,0.3087476028704678,0.3087476028704678,0,1
annual_shared_offset,2740,2022-05-13,2022-05-23,0.0164308841843088,2022,2022-03-31,learned_order_extension,20260911,0.401941033780793,0.401941033780793,0,1
annual_shared_offset,2745,2022-05-20,2022-05-30,-0.0147293413085614,2022,2022-03-31,learned_order_extension,20260911,0.45394916543796865,0.45394916543796865,0,0
annual_shared_offset,2750,2022-05-27,2022-06-13,0.0431748431927498,2022,2022-03-31,learned_order_extension,20260911,0.5165028290825542,0.5165028290825542,1,1
annual_shared_offset,2759,2022-06-10,2022-06-20,0.0306046547112142,2022,2022-03-31,learned_order_extension,20260911,0.24543592233841843,0.24543592233841843,0,1
annual_shared_offset,2764,2022-06-17,2022-06-27,0.0211666894141107,2022,2022-03-31,learned_order_extension,20260911,0.33808664733638566,0.33808664733638566,0,1
annual_shared_offset,2769,2022-06-24,2022-07-04,0.0074507343130214,2022,2022-03-31,learned_order_extension,20260911,0.4651372063002809,0.4651372063002809,0,1
annual_state_offset_half,2715,2022-04-01,2022-04-12,-0.0129237372705649,2022,2022-03-31,learned_order_extension,20260911,0.6950274350694712,0.6950274350694712,1,0
annual_state_offset_half,2718,2022-04-08,2022-04-18,-0.0120986062576864,2022,2022-03-31,learned_order_extension,20260911,0.5304697969884713,0.5304697969884713,1,0
annual_state_offset_half,2723,2022-04-15,2022-04-25,-0.0528494340140576,2022,2022-03-31,learned_order_extension,20260911,0.7596016535525398,0.7596016535525398,1,0
annual_state_offset_half,2728,2022-04-22,2022-05-05,0.015736821365468,2022,2022-03-31,learned_order_extension,20260911,0.7080894833351705,0.7080894833351705,1,1
annual_state_offset_half,2733,2022-04-29,2022-05-11,-0.0278824133054675,2022,2022-03-31,learned_order_extension,20260911,0.4668965786585678,0.4668965786585678,0,0
annual_state_offset_half,2735,2022-05-06,2022-05-16,0.033741423035827,2022,2022-03-31,learned_order_extension,20260911,0.3491915049437966,0.3491915049437966,0,1
annual_state_offset_half,2740,2022-05-13,2022-05-23,0.0164308841843088,2022,2022-03-31,learned_order_extension,20260911,0.446703738814687,0.446703738814687,0,1
annual_state_offset_half,2745,2022-05-20,2022-05-30,-0.0147293413085614,2022,2022-03-31,learned_order_extension,20260911,0.49966477781272584,0.49966477781272584,0,0
annual_state_offset_half,2750,2022-05-27,2022-06-13,0.0431748431927498,2022,2022-03-31,learned_order_extension,20260911,0.562034049852408,0.562034049852408,1,1
annual_state_offset_half,2759,2022-06-10,2022-06-20,0.0306046547112142,2022,2022-03-31,learned_order_extension,20260911,0.2809572415412292,0.2809572415412292,0,1
annual_state_offset_half,2764,2022-06-17,2022-06-27,0.0211666894141107,2022,2022-03-31,learned_order_extension,20260911,0.33808664733638566,0.33808664733638566,0,1
annual_state_offset_half,2769,2022-06-24,2022-07-04,0.0074507343130214,2022,2022-03-31,learned_order_extension,20260911,0.4651372063002809,0.4651372063002809,0,1
annual_state_offset,2715,2022-04-01,2022-04-12,-0.0129237372705649,2022,2022-03-31,learned_order_offset,20260911,0.6549255820244466,0.6549255820244466,1,0
annual_state_offset,2718,2022-04-08,2022-04-18,-0.0120986062576864,2022,2022-03-31,learned_order_offset,20260911,0.4832696191571423,0.4832696191571423,0,0
annual_state_offset,2723,2022-04-15,2022-04-25,-0.0528494340140576,2022,2022-03-31,learned_order_offset,20260911,0.7227275459001552,0.7227275459001552,1,0
annual_state_offset,2728,2022-04-22,2022-05-05,0.015736821365468,2022,2022-03-31,learned_order_offset,20260911,0.668073609230325,0.668073609230325,1,1
annual_state_offset,2733,2022-04-29,2022-05-11,-0.0278824133054675,2022,2022-03-31,learned_order_offset,20260911,0.420383274264021,0.420383274264021,0,0
annual_state_offset,2735,2022-05-06,2022-05-16,0.033741423035827,2022,2022-03-31,learned_order_offset,20260911,0.3062672925886272,0.3062672925886272,0,1
annual_state_offset,2740,2022-05-13,2022-05-23,0.0164308841843088,2022,2022-03-31,learned_order_offset,20260911,0.3988272411080979,0.3988272411080979,0,1
annual_state_offset,2745,2022-05-20,2022-05-30,-0.0147293413085614,2022,2022-03-31,learned_order_offset,20260911,0.4529874020631797,0.4529874020631797,0,0
annual_state_offset,2750,2022-05-27,2022-06-13,0.0431748431927498,2022,2022-03-31,learned_order_offset,20260911,0.5159071257252185,0.5159071257252185,1,1
annual_state_offset,2759,2022-06-10,2022-06-20,0.0306046547112142,2022,2022-03-31,learned_order_offset,20260911,0.24629959325439157,0.24629959325439157,0,1
annual_state_offset,2764,2022-06-17,2022-06-27,0.0211666894141107,2022,2022-03-31,learned_order_offset,20260911,0.3393918095171554,0.3393918095171554,0,1
annual_state_offset,2769,2022-06-24,2022-07-04,0.0074507343130214,2022,2022-03-31,learned_order_offset,20260911,0.4655557857250781,0.4655557857250781,0,1
annual_shared_offset,2715,2022-04-01,2022-04-12,-0.0129237372705649,2022,2022-03-31,learned_order_offset,20260911,0.6549255820244466,0.6549255820244466,1,0
annual_shared_offset,2718,2022-04-08,2022-04-18,-0.0120986062576864,2022,2022-03-31,learned_order_offset,20260911,0.4832696191571423,0.4832696191571423,0,0
annual_shared_offset,2723,2022-04-15,2022-04-25,-0.0528494340140576,2022,2022-03-31,learned_order_offset,20260911,0.7227275459001552,0.7227275459001552,1,0
annual_shared_offset,2728,2022-04-22,2022-05-05,0.015736821365468,2022,2022-03-31,learned_order_offset,20260911,0.668073609230325,0.668073609230325,1,1
annual_shared_offset,2733,2022-04-29,2022-05-11,-0.0278824133054675,2022,2022-03-31,learned_order_offset,20260911,0.420383274264021,0.420383274264021,0,0
annual_shared_offset,2735,2022-05-06,2022-05-16,0.033741423035827,2022,2022-03-31,learned_order_offset,20260911,0.3062672925886272,0.3062672925886272,0,1
annual_shared_offset,2740,2022-05-13,2022-05-23,0.0164308841843088,2022,2022-03-31,learned_order_offset,20260911,0.3988272411080979,0.3988272411080979,0,1
annual_shared_offset,2745,2022-05-20,2022-05-30,-0.0147293413085614,2022,2022-03-31,learned_order_offset,20260911,0.4529874020631797,0.4529874020631797,0,0
annual_shared_offset,2750,2022-05-27,2022-06-13,0.0431748431927498,2022,2022-03-31,learned_order_offset,20260911,0.5159071257252185,0.5159071257252185,1,1
annual_shared_offset,2759,2022-06-10,2022-06-20,0.0306046547112142,2022,2022-03-31,learned_order_offset,20260911,0.24629959325439157,0.24629959325439157,0,1
annual_shared_offset,2764,2022-06-17,2022-06-27,0.0211666894141107,2022,2022-03-31,learned_order_offset,20260911,0.3393918095171554,0.3393918095171554,0,1
annual_shared_offset,2769,2022-06-24,2022-07-04,0.0074507343130214,2022,2022-03-31,learned_order_offset,20260911,0.4655557857250781,0.4655557857250781,0,1
annual_state_offset_half,2715,2022-04-01,2022-04-12,-0.0129237372705649,2022,2022-03-31,learned_order_offset,20260911,0.6950780915295895,0.6950780915295895,1,0
annual_state_offset_half,2718,2022-04-08,2022-04-18,-0.0120986062576864,2022,2022-03-31,learned_order_offset,20260911,0.529032421846857,0.529032421846857,1,0
annual_state_offset_half,2723,2022-04-15,2022-04-25,-0.0528494340140576,2022,2022-03-31,learned_order_offset,20260911,0.7579069896346362,0.7579069896346362,1,0
annual_state_offset_half,2728,2022-04-22,2022-05-05,0.015736821365468,2022,2022-03-31,learned_order_offset,20260911,0.7073797817263786,0.7073797817263786,1,1
annual_state_offset_half,2733,2022-04-29,2022-05-11,-0.0278824133054675,2022,2022-03-31,learned_order_offset,20260911,0.46555633059439744,0.46555633059439744,0,0
annual_state_offset_half,2735,2022-05-06,2022-05-16,0.033741423035827,2022,2022-03-31,learned_order_offset,20260911,0.3465086456792083,0.3465086456792083,0,1
annual_state_offset_half,2740,2022-05-13,2022-05-23,0.0164308841843088,2022,2022-03-31,learned_order_offset,20260911,0.4434561540627625,0.4434561540627625,0,1
annual_state_offset_half,2745,2022-05-20,2022-05-30,-0.0147293413085614,2022,2022-03-31,learned_order_offset,20260911,0.4986498685819058,0.4986498685819058,0,0
annual_state_offset_half,2750,2022-05-27,2022-06-13,0.0431748431927498,2022,2022-03-31,learned_order_offset,20260911,0.5614027416138984,0.5614027416138984,1,1
annual_state_offset_half,2759,2022-06-10,2022-06-20,0.0306046547112142,2022,2022-03-31,learned_order_offset,20260911,0.2818629805245396,0.2818629805245396,0,1
annual_state_offset_half,2764,2022-06-17,2022-06-27,0.0211666894141107,2022,2022-03-31,learned_order_offset,20260911,0.3393918095171554,0.3393918095171554,0,1
annual_state_offset_half,2769,2022-06-24,2022-07-04,0.0074507343130214,2022,2022-03-31,learned_order_offset,20260911,0.4655557857250781,0.4655557857250781,0,1
annual_state_offset,2715,2022-04-01,2022-04-12,-0.0129237372705649,2022,2022-03-31,learned_market,20260912,0.4868500585654607,0.4868500585654607,0,0
annual_state_offset,2718,2022-04-08,2022-04-18,-0.0120986062576864,2022,2022-03-31,learned_market,20260912,0.46087877571201846,0.46087877571201846,0,0
annual_state_offset,2723,2022-04-15,2022-04-25,-0.0528494340140576,2022,2022-03-31,learned_market,20260912,0.474142014499773,0.474142014499773,0,0
annual_state_offset,2728,2022-04-22,2022-05-05,0.015736821365468,2022,2022-03-31,learned_market,20260912,0.40510315295877786,0.40510315295877786,0,1
annual_state_offset,2733,2022-04-29,2022-05-11,-0.0278824133054675,2022,2022-03-31,learned_market,20260912,0.2653568210063284,0.2653568210063284,0,0
annual_state_offset,2735,2022-05-06,2022-05-16,0.033741423035827,2022,2022-03-31,learned_market,20260912,0.33341437550111314,0.33341437550111314,0,1
annual_state_offset,2740,2022-05-13,2022-05-23,0.0164308841843088,2022,2022-03-31,learned_market,20260912,0.34007141358809767,0.34007141358809767,0,1
annual_state_offset,2745,2022-05-20,2022-05-30,-0.0147293413085614,2022,2022-03-31,learned_market,20260912,0.3691861783091386,0.3691861783091386,0,0
annual_state_offset,2750,2022-05-27,2022-06-13,0.0431748431927498,2022,2022-03-31,learned_market,20260912,0.35674321788642027,0.35674321788642027,0,1
annual_state_offset,2759,2022-06-10,2022-06-20,0.0306046547112142,2022,2022-03-31,learned_market,20260912,0.25939050557765764,0.25939050557765764,0,1
annual_state_offset,2764,2022-06-17,2022-06-27,0.0211666894141107,2022,2022-03-31,learned_market,20260912,0.3212471828605167,0.3212471828605167,0,1
annual_state_offset,2769,2022-06-24,2022-07-04,0.0074507343130214,2022,2022-03-31,learned_market,20260912,0.4025755619428385,0.4025755619428385,0,1
annual_shared_offset,2715,2022-04-01,2022-04-12,-0.0129237372705649,2022,2022-03-31,learned_market,20260912,0.4868500585654607,0.4868500585654607,0,0
annual_shared_offset,2718,2022-04-08,2022-04-18,-0.0120986062576864,2022,2022-03-31,learned_market,20260912,0.46087877571201846,0.46087877571201846,0,0
annual_shared_offset,2723,2022-04-15,2022-04-25,-0.0528494340140576,2022,2022-03-31,learned_market,20260912,0.474142014499773,0.474142014499773,0,0
annual_shared_offset,2728,2022-04-22,2022-05-05,0.015736821365468,2022,2022-03-31,learned_market,20260912,0.40510315295877786,0.40510315295877786,0,1
annual_shared_offset,2733,2022-04-29,2022-05-11,-0.0278824133054675,2022,2022-03-31,learned_market,20260912,0.2653568210063284,0.2653568210063284,0,0
annual_shared_offset,2735,2022-05-06,2022-05-16,0.033741423035827,2022,2022-03-31,learned_market,20260912,0.33341437550111314,0.33341437550111314,0,1
annual_shared_offset,2740,2022-05-13,2022-05-23,0.0164308841843088,2022,2022-03-31,learned_market,20260912,0.34007141358809767,0.34007141358809767,0,1
annual_shared_offset,2745,2022-05-20,2022-05-30,-0.0147293413085614,2022,2022-03-31,learned_market,20260912,0.3691861783091386,0.3691861783091386,0,0
annual_shared_offset,2750,2022-05-27,2022-06-13,0.0431748431927498,2022,2022-03-31,learned_market,20260912,0.35674321788642027,0.35674321788642027,0,1
annual_shared_offset,2759,2022-06-10,2022-06-20,0.0306046547112142,2022,2022-03-31,learned_market,20260912,0.25939050557765764,0.25939050557765764,0,1
annual_shared_offset,2764,2022-06-17,2022-06-27,0.0211666894141107,2022,2022-03-31,learned_market,20260912,0.3212471828605167,0.3212471828605167,0,1
annual_shared_offset,2769,2022-06-24,2022-07-04,0.0074507343130214,2022,2022-03-31,learned_market,20260912,0.4025755619428385,0.4025755619428385,0,1
annual_state_offset_half,2715,2022-04-01,2022-04-12,-0.0129237372705649,2022,2022-03-31,learned_market,20260912,0.5391348051774137,0.5391348051774137,1,0
annual_state_offset_half,2718,2022-04-08,2022-04-18,-0.0120986062576864,2022,2022-03-31,learned_market,20260912,0.5131635965445102,0.5131635965445102,1,0
annual_state_offset_half,2723,2022-04-15,2022-04-25,-0.0528494340140576,2022,2022-03-31,learned_market,20260912,0.5264621661321254,0.5264621661321254,1,0
annual_state_offset_half,2728,2022-04-22,2022-05-05,0.015736821365468,2022,2022-03-31,learned_market,20260912,0.4564173006159244,0.4564173006159244,0,1
annual_state_offset_half,2733,2022-04-29,2022-05-11,-0.0278824133054675,2022,2022-03-31,learned_market,20260912,0.3081382648465848,0.3081382648465848,0,0
annual_state_offset_half,2735,2022-05-06,2022-05-16,0.033741423035827,2022,2022-03-31,learned_market,20260912,0.38147069145855084,0.38147069145855084,0,1
annual_state_offset_half,2740,2022-05-13,2022-05-23,0.0164308841843088,2022,2022-03-31,learned_market,20260912,0.3885279747150947,0.3885279747150947,0,1
annual_state_offset_half,2745,2022-05-20,2022-05-30,-0.0147293413085614,2022,2022-03-31,learned_market,20260912,0.4191563190487313,0.4191563190487313,0,0
annual_state_offset_half,2750,2022-05-27,2022-06-13,0.0431748431927498,2022,2022-03-31,learned_market,20260912,0.40611344121520426,0.40611344121520426,0,1
annual_state_offset_half,2759,2022-06-10,2022-06-20,0.0306046547112142,2022,2022-03-31,learned_market,20260912,0.30160495187434083,0.30160495187434083,0,1
annual_state_offset_half,2764,2022-06-17,2022-06-27,0.0211666894141107,2022,2022-03-31,learned_market,20260912,0.3212471828605167,0.3212471828605167,0,1
annual_state_offset_half,2769,2022-06-24,2022-07-04,0.0074507343130214,2022,2022-03-31,learned_market,20260912,0.4025755619428385,0.4025755619428385,0,1
annual_state_offset,2715,2022-04-01,2022-04-12,-0.0129237372705649,2022,2022-03-31,learned_vol_interaction,20260912,0.462870897149985,0.462870897149985,0,0
annual_state_offset,2718,2022-04-08,2022-04-18,-0.0120986062576864,2022,2022-03-31,learned_vol_interaction,20260912,0.4619818046068796,0.4619818046068796,0,0
annual_state_offset,2723,2022-04-15,2022-04-25,-0.0528494340140576,2022,2022-03-31,learned_vol_interaction,20260912,0.47409857071931166,0.47409857071931166,0,0
annual_state_offset,2728,2022-04-22,2022-05-05,0.015736821365468,2022,2022-03-31,learned_vol_interaction,20260912,0.4166028119708677,0.4166028119708677,0,1
annual_state_offset,2733,2022-04-29,2022-05-11,-0.0278824133054675,2022,2022-03-31,learned_vol_interaction,20260912,0.31121184044311584,0.31121184044311584,0,0
annual_state_offset,2735,2022-05-06,2022-05-16,0.033741423035827,2022,2022-03-31,learned_vol_interaction,20260912,0.3785009144313679,0.3785009144313679,0,1
annual_state_offset,2740,2022-05-13,2022-05-23,0.0164308841843088,2022,2022-03-31,learned_vol_interaction,20260912,0.37152023735419853,0.37152023735419853,0,1
annual_state_offset,2745,2022-05-20,2022-05-30,-0.0147293413085614,2022,2022-03-31,learned_vol_interaction,20260912,0.3812676675567834,0.3812676675567834,0,0
annual_state_offset,2750,2022-05-27,2022-06-13,0.0431748431927498,2022,2022-03-31,learned_vol_interaction,20260912,0.3624642579862691,0.3624642579862691,0,1
annual_state_offset,2759,2022-06-10,2022-06-20,0.0306046547112142,2022,2022-03-31,learned_vol_interaction,20260912,0.24211019283491725,0.24211019283491725,0,1
annual_state_offset,2764,2022-06-17,2022-06-27,0.0211666894141107,2022,2022-03-31,learned_vol_interaction,20260912,0.2947636043884615,0.2947636043884615,0,1
annual_state_offset,2769,2022-06-24,2022-07-04,0.0074507343130214,2022,2022-03-31,learned_vol_interaction,20260912,0.374996784204944,0.374996784204944,0,1
annual_shared_offset,2715,2022-04-01,2022-04-12,-0.0129237372705649,2022,2022-03-31,learned_vol_interaction,20260912,0.462870897149985,0.462870897149985,0,0
annual_shared_offset,2718,2022-04-08,2022-04-18,-0.0120986062576864,2022,2022-03-31,learned_vol_interaction,20260912,0.4619818046068796,0.4619818046068796,0,0
annual_shared_offset,2723,2022-04-15,2022-04-25,-0.0528494340140576,2022,2022-03-31,learned_vol_interaction,20260912,0.47409857071931166,0.47409857071931166,0,0
annual_shared_offset,2728,2022-04-22,2022-05-05,0.015736821365468,2022,2022-03-31,learned_vol_interaction,20260912,0.4166028119708677,0.4166028119708677,0,1
annual_shared_offset,2733,2022-04-29,2022-05-11,-0.0278824133054675,2022,2022-03-31,learned_vol_interaction,20260912,0.31121184044311584,0.31121184044311584,0,0
annual_shared_offset,2735,2022-05-06,2022-05-16,0.033741423035827,2022,2022-03-31,learned_vol_interaction,20260912,0.3785009144313679,0.3785009144313679,0,1
annual_shared_offset,2740,2022-05-13,2022-05-23,0.0164308841843088,2022,2022-03-31,learned_vol_interaction,20260912,0.37152023735419853,0.37152023735419853,0,1
annual_shared_offset,2745,2022-05-20,2022-05-30,-0.0147293413085614,2022,2022-03-31,learned_vol_interaction,20260912,0.3812676675567834,0.3812676675567834,0,0
annual_shared_offset,2750,2022-05-27,2022-06-13,0.0431748431927498,2022,2022-03-31,learned_vol_interaction,20260912,0.3624642579862691,0.3624642579862691,0,1
annual_shared_offset,2759,2022-06-10,2022-06-20,0.0306046547112142,2022,2022-03-31,learned_vol_interaction,20260912,0.24211019283491725,0.24211019283491725,0,1
annual_shared_offset,2764,2022-06-17,2022-06-27,0.0211666894141107,2022,2022-03-31,learned_vol_interaction,20260912,0.2947636043884615,0.2947636043884615,0,1
annual_shared_offset,2769,2022-06-24,2022-07-04,0.0074507343130214,2022,2022-03-31,learned_vol_interaction,20260912,0.374996784204944,0.374996784204944,0,1
annual_state_offset_half,2715,2022-04-01,2022-04-12,-0.0129237372705649,2022,2022-03-31,learned_vol_interaction,20260912,0.5134401869066662,0.5134401869066662,1,0
annual_state_offset_half,2718,2022-04-08,2022-04-18,-0.0120986062576864,2022,2022-03-31,learned_vol_interaction,20260912,0.5125466488647629,0.5125466488647629,1,0
annual_state_offset_half,2723,2022-04-15,2022-04-25,-0.0528494340140576,2022,2022-03-31,learned_vol_interaction,20260912,0.5246962533104255,0.5246962533104255,1,0
annual_state_offset_half,2728,2022-04-22,2022-05-05,0.015736821365468,2022,2022-03-31,learned_vol_interaction,20260912,0.466507490846328,0.466507490846328,0,1
annual_state_offset_half,2733,2022-04-29,2022-05-11,-0.0278824133054675,2022,2022-03-31,learned_vol_interaction,20260912,0.3561999612740583,0.3561999612740583,0,0
annual_state_offset_half,2735,2022-05-06,2022-05-16,0.033741423035827,2022,2022-03-31,learned_vol_interaction,20260912,0.4271834544451831,0.4271834544451831,0,1
annual_state_offset_half,2740,2022-05-13,2022-05-23,0.0164308841843088,2022,2022-03-31,learned_vol_interaction,20260912,0.4199115534645067,0.4199115534645067,0,1
annual_state_offset_half,2745,2022-05-20,2022-05-30,-0.0147293413085614,2022,2022-03-31,learned_vol_interaction,20260912,0.43005982187365405,0.43005982187365405,0,0
annual_state_offset_half,2750,2022-05-27,2022-06-13,0.0431748431927498,2022,2022-03-31,learned_vol_interaction,20260912,0.4104463585540937,0.4104463585540937,0,1
annual_state_offset_half,2759,2022-06-10,2022-06-20,0.0306046547112142,2022,2022-03-31,learned_vol_interaction,20260912,0.28118705694526586,0.28118705694526586,0,1
annual_state_offset_half,2764,2022-06-17,2022-06-27,0.0211666894141107,2022,2022-03-31,learned_vol_interaction,20260912,0.2947636043884615,0.2947636043884615,0,1
annual_state_offset_half,2769,2022-06-24,2022-07-04,0.0074507343130214,2022,2022-03-31,learned_vol_interaction,20260912,0.374996784204944,0.374996784204944,0,1
annual_state_offset,2715,2022-04-01,2022-04-12,-0.0129237372705649,2022,2022-03-31,learned_order_extension,20260912,0.46806318918020573,0.46806318918020573,0,0
annual_state_offset,2718,2022-04-08,2022-04-18,-0.0120986062576864,2022,2022-03-31,learned_order_extension,20260912,0.4674813151831685,0.4674813151831685,0,0
annual_state_offset,2723,2022-04-15,2022-04-25,-0.0528494340140576,2022,2022-03-31,learned_order_extension,20260912,0.4780311890375886,0.4780311890375886,0,0
annual_state_offset,2728,2022-04-22,2022-05-05,0.015736821365468,2022,2022-03-31,learned_order_extension,20260912,0.424010578998041,0.424010578998041,0,1
annual_state_offset,2733,2022-04-29,2022-05-11,-0.0278824133054675,2022,2022-03-31,learned_order_extension,20260912,0.3112155401553595,0.3112155401553595,0,0
annual_state_offset,2735,2022-05-06,2022-05-16,0.033741423035827,2022,2022-03-31,learned_order_extension,20260912,0.3796531087177075,0.3796531087177075,0,1
annual_state_offset,2740,2022-05-13,2022-05-23,0.0164308841843088,2022,2022-03-31,learned_order_extension,20260912,0.3715539562220682,0.3715539562220682,0,1
annual_state_offset,2745,2022-05-20,2022-05-30,-0.0147293413085614,2022,2022-03-31,learned_order_extension,20260912,0.38612827967249724,0.38612827967249724,0,0
annual_state_offset,2750,2022-05-27,2022-06-13,0.0431748431927498,2022,2022-03-31,learned_order_extension,20260912,0.36517587828746906,0.36517587828746906,0,1
annual_state_offset,2759,2022-06-10,2022-06-20,0.0306046547112142,2022,2022-03-31,learned_order_extension,20260912,0.24976037867347342,0.24976037867347342,0,1
annual_state_offset,2764,2022-06-17,2022-06-27,0.0211666894141107,2022,2022-03-31,learned_order_extension,20260912,0.312819666276213,0.312819666276213,0,1
annual_state_offset,2769,2022-06-24,2022-07-04,0.0074507343130214,2022,2022-03-31,learned_order_extension,20260912,0.38479843885136705,0.38479843885136705,0,1
annual_shared_offset,2715,2022-04-01,2022-04-12,-0.0129237372705649,2022,2022-03-31,learned_order_extension,20260912,0.46806318918020573,0.46806318918020573,0,0
annual_shared_offset,2718,2022-04-08,2022-04-18,-0.0120986062576864,2022,2022-03-31,learned_order_extension,20260912,0.4674813151831685,0.4674813151831685,0,0
annual_shared_offset,2723,2022-04-15,2022-04-25,-0.0528494340140576,2022,2022-03-31,learned_order_extension,20260912,0.4780311890375886,0.4780311890375886,0,0
annual_shared_offset,2728,2022-04-22,2022-05-05,0.015736821365468,2022,2022-03-31,learned_order_extension,20260912,0.424010578998041,0.424010578998041,0,1
annual_shared_offset,2733,2022-04-29,2022-05-11,-0.0278824133054675,2022,2022-03-31,learned_order_extension,20260912,0.3112155401553595,0.3112155401553595,0,0
annual_shared_offset,2735,2022-05-06,2022-05-16,0.033741423035827,2022,2022-03-31,learned_order_extension,20260912,0.3796531087177075,0.3796531087177075,0,1
annual_shared_offset,2740,2022-05-13,2022-05-23,0.0164308841843088,2022,2022-03-31,learned_order_extension,20260912,0.3715539562220682,0.3715539562220682,0,1
annual_shared_offset,2745,2022-05-20,2022-05-30,-0.0147293413085614,2022,2022-03-31,learned_order_extension,20260912,0.38612827967249724,0.38612827967249724,0,0
annual_shared_offset,2750,2022-05-27,2022-06-13,0.0431748431927498,2022,2022-03-31,learned_order_extension,20260912,0.36517587828746906,0.36517587828746906,0,1
annual_shared_offset,2759,2022-06-10,2022-06-20,0.0306046547112142,2022,2022-03-31,learned_order_extension,20260912,0.24976037867347342,0.24976037867347342,0,1
annual_shared_offset,2764,2022-06-17,2022-06-27,0.0211666894141107,2022,2022-03-31,learned_order_extension,20260912,0.312819666276213,0.312819666276213,0,1
annual_shared_offset,2769,2022-06-24,2022-07-04,0.0074507343130214,2022,2022-03-31,learned_order_extension,20260912,0.38479843885136705,0.38479843885136705,0,1
annual_state_offset_half,2715,2022-04-01,2022-04-12,-0.0129237372705649,2022,2022-03-31,learned_order_extension,20260912,0.5173918473112255,0.5173918473112255,1,0
annual_state_offset_half,2718,2022-04-08,2022-04-18,-0.0120986062576864,2022,2022-03-31,learned_order_extension,20260912,0.5168082292521468,0.5168082292521468,1,0
annual_state_offset_half,2723,2022-04-15,2022-04-25,-0.0528494340140576,2022,2022-03-31,learned_order_extension,20260912,0.5273688683500501,0.5273688683500501,1,0
annual_state_offset_half,2728,2022-04-22,2022-05-05,0.015736821365468,2022,2022-03-31,learned_order_extension,20260912,0.4728233043313425,0.4728233043313425,0,1
annual_state_offset_half,2733,2022-04-29,2022-05-11,-0.0278824133054675,2022,2022-03-31,learned_order_extension,20260912,0.35504733706538744,0.35504733706538744,0,0
annual_state_offset_half,2735,2022-05-06,2022-05-16,0.033741423035827,2022,2022-03-31,learned_order_extension,20260912,0.4271462485194172,0.4271462485194172,0,1
annual_state_offset_half,2740,2022-05-13,2022-05-23,0.0164308841843088,2022,2022-03-31,learned_order_extension,20260912,0.4187177881567427,0.4187177881567427,0,1
annual_state_offset_half,2745,2022-05-20,2022-05-30,-0.0147293413085614,2022,2022-03-31,learned_order_extension,20260912,0.4338649185992911,0.4338649185992911,0,0
annual_state_offset_half,2750,2022-05-27,2022-06-13,0.0431748431927498,2022,2022-03-31,learned_order_extension,20260912,0.4120609464289491,0.4120609464289491,0,1
annual_state_offset_half,2759,2022-06-10,2022-06-20,0.0306046547112142,2022,2022-03-31,learned_order_extension,20260912,0.2885629226241284,0.2885629226241284,0,1
annual_state_offset_half,2764,2022-06-17,2022-06-27,0.0211666894141107,2022,2022-03-31,learned_order_extension,20260912,0.312819666276213,0.312819666276213,0,1
annual_state_offset_half,2769,2022-06-24,2022-07-04,0.0074507343130214,2022,2022-03-31,learned_order_extension,20260912,0.38479843885136705,0.38479843885136705,0,1
annual_state_offset,2715,2022-04-01,2022-04-12,-0.0129237372705649,2022,2022-03-31,learned_order_offset,20260912,0.46814789462935924,0.46814789462935924,0,0
annual_state_offset,2718,2022-04-08,2022-04-18,-0.0120986062576864,2022,2022-03-31,learned_order_offset,20260912,0.46749941073222184,0.46749941073222184,0,0
annual_state_offset,2723,2022-04-15,2022-04-25,-0.0528494340140576,2022,2022-03-31,learned_order_offset,20260912,0.4780632184947931,0.4780632184947931,0,0
annual_state_offset,2728,2022-04-22,2022-05-05,0.015736821365468,2022,2022-03-31,learned_order_offset,20260912,0.4240700166879596,0.4240700166879596,0,1
annual_state_offset,2733,2022-04-29,2022-05-11,-0.0278824133054675,2022,2022-03-31,learned_order_offset,20260912,0.3113146960181402,0.3113146960181402,0,0
annual_state_offset,2735,2022-05-06,2022-05-16,0.033741423035827,2022,2022-03-31,learned_order_offset,20260912,0.3796882694617757,0.3796882694617757,0,1
annual_state_offset,2740,2022-05-13,2022-05-23,0.0164308841843088,2022,2022-03-31,learned_order_offset,20260912,0.3715555305863959,0.3715555305863959,0,1
annual_state_offset,2745,2022-05-20,2022-05-30,-0.0147293413085614,2022,2022-03-31,learned_order_offset,20260912,0.3862320840282947,0.3862320840282947,0,0
annual_state_offset,2750,2022-05-27,2022-06-13,0.0431748431927498,2022,2022-03-31,learned_order_offset,20260912,0.3652128115696842,0.3652128115696842,0,1
annual_state_offset,2759,2022-06-10,2022-06-20,0.0306046547112142,2022,2022-03-31,learned_order_offset,20260912,0.24992832292078446,0.24992832292078446,0,1
annual_state_offset,2764,2022-06-17,2022-06-27,0.0211666894141107,2022,2022-03-31,learned_order_offset,20260912,0.31302829433814716,0.31302829433814716,0,1
annual_state_offset,2769,2022-06-24,2022-07-04,0.0074507343130214,2022,2022-03-31,learned_order_offset,20260912,0.38491716457946495,0.38491716457946495,0,1
annual_shared_offset,2715,2022-04-01,2022-04-12,-0.0129237372705649,2022,2022-03-31,learned_order_offset,20260912,0.46814789462935924,0.46814789462935924,0,0
annual_shared_offset,2718,2022-04-08,2022-04-18,-0.0120986062576864,2022,2022-03-31,learned_order_offset,20260912,0.46749941073222184,0.46749941073222184,0,0
annual_shared_offset,2723,2022-04-15,2022-04-25,-0.0528494340140576,2022,2022-03-31,learned_order_offset,20260912,0.4780632184947931,0.4780632184947931,0,0
annual_shared_offset,2728,2022-04-22,2022-05-05,0.015736821365468,2022,2022-03-31,learned_order_offset,20260912,0.4240700166879596,0.4240700166879596,0,1
annual_shared_offset,2733,2022-04-29,2022-05-11,-0.0278824133054675,2022,2022-03-31,learned_order_offset,20260912,0.3113146960181402,0.3113146960181402,0,0
annual_shared_offset,2735,2022-05-06,2022-05-16,0.033741423035827,2022,2022-03-31,learned_order_offset,20260912,0.3796882694617757,0.3796882694617757,0,1
annual_shared_offset,2740,2022-05-13,2022-05-23,0.0164308841843088,2022,2022-03-31,learned_order_offset,20260912,0.3715555305863959,0.3715555305863959,0,1
annual_shared_offset,2745,2022-05-20,2022-05-30,-0.0147293413085614,2022,2022-03-31,learned_order_offset,20260912,0.3862320840282947,0.3862320840282947,0,0
annual_shared_offset,2750,2022-05-27,2022-06-13,0.0431748431927498,2022,2022-03-31,learned_order_offset,20260912,0.3652128115696842,0.3652128115696842,0,1
annual_shared_offset,2759,2022-06-10,2022-06-20,0.0306046547112142,2022,2022-03-31,learned_order_offset,20260912,0.24992832292078446,0.24992832292078446,0,1
annual_shared_offset,2764,2022-06-17,2022-06-27,0.0211666894141107,2022,2022-03-31,learned_order_offset,20260912,0.31302829433814716,0.31302829433814716,0,1
annual_shared_offset,2769,2022-06-24,2022-07-04,0.0074507343130214,2022,2022-03-31,learned_order_offset,20260912,0.38491716457946495,0.38491716457946495,0,1
annual_state_offset_half,2715,2022-04-01,2022-04-12,-0.0129237372705649,2022,2022-03-31,learned_order_offset,20260912,0.5174749212903609,0.5174749212903609,1,0
annual_state_offset_half,2718,2022-04-08,2022-04-18,-0.0120986062576864,2022,2022-03-31,learned_order_offset,20260912,0.5168245067600543,0.5168245067600543,1,0
annual_state_offset_half,2723,2022-04-15,2022-04-25,-0.0528494340140576,2022,2022-03-31,learned_order_offset,20260912,0.527398992607979,0.527398992607979,1,0
annual_state_offset_half,2728,2022-04-22,2022-05-05,0.015736821365468,2022,2022-03-31,learned_order_offset,20260912,0.4728820959659008,0.4728820959659008,0,1
annual_state_offset_half,2733,2022-04-29,2022-05-11,-0.0278824133054675,2022,2022-03-31,learned_order_offset,20260912,0.35515153837971614,0.35515153837971614,0,0
annual_state_offset_half,2735,2022-05-06,2022-05-16,0.033741423035827,2022,2022-03-31,learned_order_offset,20260912,0.42718094223103287,0.42718094223103287,0,1
annual_state_offset_half,2740,2022-05-13,2022-05-23,0.0164308841843088,2022,2022-03-31,learned_order_offset,20260912,0.4187176023700231,0.4187176023700231,0,1
annual_state_offset_half,2745,2022-05-20,2022-05-30,-0.0147293413085614,2022,2022-03-31,learned_order_offset,20260912,0.4339706401094562,0.4339706401094562,0,0
annual_state_offset_half,2750,2022-05-27,2022-06-13,0.0431748431927498,2022,2022-03-31,learned_order_offset,20260912,0.4120977249356635,0.4120977249356635,0,1
annual_state_offset_half,2759,2022-06-10,2022-06-20,0.0306046547112142,2022,2022-03-31,learned_order_offset,20260912,0.2887453750961829,0.2887453750961829,0,1
annual_state_offset_half,2764,2022-06-17,2022-06-27,0.0211666894141107,2022,2022-03-31,learned_order_offset,20260912,0.31302829433814716,0.31302829433814716,0,1
annual_state_offset_half,2769,2022-06-24,2022-07-04,0.0074507343130214,2022,2022-03-31,learned_order_offset,20260912,0.38491716457946495,0.38491716457946495,0,1
annual_state_offset,2774,2022-07-01,2022-07-11,-0.0092349827532707,2022,2022-06-30,learned_market,20260910,0.5770861008001591,0.5770861008001591,1,0
annual_state_offset,2779,2022-07-08,2022-07-18,-0.0326815927737367,2022,2022-06-30,learned_market,20260910,0.5381607401143592,0.5381607401143592,1,0
annual_state_offset,2784,2022-07-15,2022-07-25,-0.0066210715249344,2022,2022-06-30,learned_market,20260910,0.4788824704425519,0.4788824704425519,0,0
annual_state_offset,2789,2022-07-22,2022-08-01,-0.0173077967751003,2022,2022-06-30,learned_market,20260910,0.567115820912824,0.567115820912824,1,0
annual_state_offset,2794,2022-07-29,2022-08-08,-0.004456034513838,2022,2022-06-30,learned_market,20260910,0.7475455860840632,0.7475455860840632,1,0
annual_state_offset,2799,2022-08-05,2022-08-15,0.0091475117753996,2022,2022-06-30,learned_market,20260910,0.6586912425838466,0.6586912425838466,1,1
annual_state_offset,2804,2022-08-12,2022-08-22,-0.0107272727272728,2022,2022-06-30,learned_market,20260910,0.6453382465097172,0.6453382465097172,1,0
annual_state_offset,2809,2022-08-19,2022-08-29,-0.0172375434082356,2022,2022-06-30,learned_market,20260910,0.674643796620323,0.674643796620323,1,0
annual_state_offset,2814,2022-08-26,2022-09-05,-0.0131573766941938,2022,2022-06-30,learned_market,20260910,0.6396510058407642,0.6396510058407642,1,0
annual_state_offset,2819,2022-09-02,2022-09-13,0.0253340680878015,2022,2022-06-30,learned_market,20260910,0.5227994669699237,0.5227994669699237,1,1
annual_state_offset,2824,2022-09-09,2022-09-19,-0.044647264962877,2022,2022-06-30,learned_market,20260910,0.7047067426202378,0.7047067426202378,1,0
annual_state_offset,2828,2022-09-16,2022-09-26,-0.025155151434928,2022,2022-06-30,learned_market,20260910,0.4775911881886994,0.4775911881886994,0,0
annual_state_offset,2833,2022-09-23,2022-10-10,-0.0060162941299352,2022,2022-06-30,learned_market,20260910,0.6584192472769158,0.6584192472769158,1,0
annual_state_offset,2838,2022-09-30,2022-10-17,0.0041192047412885,2022,2022-06-30,learned_market,20260910,0.46412967520642867,0.46412967520642867,0,1
annual_shared_offset,2774,2022-07-01,2022-07-11,-0.0092349827532707,2022,2022-06-30,learned_market,20260910,0.5770861008001591,0.5770861008001591,1,0
annual_shared_offset,2779,2022-07-08,2022-07-18,-0.0326815927737367,2022,2022-06-30,learned_market,20260910,0.5381607401143592,0.5381607401143592,1,0
annual_shared_offset,2784,2022-07-15,2022-07-25,-0.0066210715249344,2022,2022-06-30,learned_market,20260910,0.4788824704425519,0.4788824704425519,0,0
annual_shared_offset,2789,2022-07-22,2022-08-01,-0.0173077967751003,2022,2022-06-30,learned_market,20260910,0.567115820912824,0.567115820912824,1,0
annual_shared_offset,2794,2022-07-29,2022-08-08,-0.004456034513838,2022,2022-06-30,learned_market,20260910,0.7475455860840632,0.7475455860840632,1,0
annual_shared_offset,2799,2022-08-05,2022-08-15,0.0091475117753996,2022,2022-06-30,learned_market,20260910,0.6586912425838466,0.6586912425838466,1,1
annual_shared_offset,2804,2022-08-12,2022-08-22,-0.0107272727272728,2022,2022-06-30,learned_market,20260910,0.6453382465097172,0.6453382465097172,1,0
annual_shared_offset,2809,2022-08-19,2022-08-29,-0.0172375434082356,2022,2022-06-30,learned_market,20260910,0.674643796620323,0.674643796620323,1,0
annual_shared_offset,2814,2022-08-26,2022-09-05,-0.0131573766941938,2022,2022-06-30,learned_market,20260910,0.6396510058407642,0.6396510058407642,1,0
annual_shared_offset,2819,2022-09-02,2022-09-13,0.0253340680878015,2022,2022-06-30,learned_market,20260910,0.5138346658422647,0.5138346658422647,1,1
annual_shared_offset,2824,2022-09-09,2022-09-19,-0.044647264962877,2022,2022-06-30,learned_market,20260910,0.6971798675607273,0.6971798675607273,1,0
annual_shared_offset,2828,2022-09-16,2022-09-26,-0.025155151434928,2022,2022-06-30,learned_market,20260910,0.4686402932621294,0.4686402932621294,0,0
annual_shared_offset,2833,2022-09-23,2022-10-10,-0.0060162941299352,2022,2022-06-30,learned_market,20260910,0.6502980108142488,0.6502980108142488,1,0
annual_shared_offset,2838,2022-09-30,2022-10-17,0.0041192047412885,2022,2022-06-30,learned_market,20260910,0.4552112327053541,0.4552112327053541,0,1
annual_state_offset_half,2774,2022-07-01,2022-07-11,-0.0092349827532707,2022,2022-06-30,learned_market,20260910,0.5770861008001591,0.5770861008001591,1,0
annual_state_offset_half,2779,2022-07-08,2022-07-18,-0.0326815927737367,2022,2022-06-30,learned_market,20260910,0.5381607401143592,0.5381607401143592,1,0
annual_state_offset_half,2784,2022-07-15,2022-07-25,-0.0066210715249344,2022,2022-06-30,learned_market,20260910,0.4788824704425519,0.4788824704425519,0,0
annual_state_offset_half,2789,2022-07-22,2022-08-01,-0.0173077967751003,2022,2022-06-30,learned_market,20260910,0.567115820912824,0.567115820912824,1,0
annual_state_offset_half,2794,2022-07-29,2022-08-08,-0.004456034513838,2022,2022-06-30,learned_market,20260910,0.7475455860840632,0.7475455860840632,1,0
annual_state_offset_half,2799,2022-08-05,2022-08-15,0.0091475117753996,2022,2022-06-30,learned_market,20260910,0.6586912425838466,0.6586912425838466,1,1
annual_state_offset_half,2804,2022-08-12,2022-08-22,-0.0107272727272728,2022,2022-06-30,learned_market,20260910,0.6453382465097172,0.6453382465097172,1,0
annual_state_offset_half,2809,2022-08-19,2022-08-29,-0.0172375434082356,2022,2022-06-30,learned_market,20260910,0.674643796620323,0.674643796620323,1,0
annual_state_offset_half,2814,2022-08-26,2022-09-05,-0.0131573766941938,2022,2022-06-30,learned_market,20260910,0.6396510058407642,0.6396510058407642,1,0
annual_state_offset_half,2819,2022-09-02,2022-09-13,0.0253340680878015,2022,2022-06-30,learned_market,20260910,0.5662784319234326,0.5662784319234326,1,1
annual_state_offset_half,2824,2022-09-09,2022-09-19,-0.044647264962877,2022,2022-06-30,learned_market,20260910,0.7398587899532819,0.7398587899532819,1,0
annual_state_offset_half,2828,2022-09-16,2022-09-26,-0.025155151434928,2022,2022-06-30,learned_market,20260910,0.5214185387977748,0.5214185387977748,1,0
annual_state_offset_half,2833,2022-09-23,2022-10-10,-0.0060162941299352,2022,2022-06-30,learned_market,20260910,0.6967099801696973,0.6967099801696973,1,0
annual_state_offset_half,2838,2022-09-30,2022-10-17,0.0041192047412885,2022,2022-06-30,learned_market,20260910,0.5079227709711431,0.5079227709711431,1,1
annual_state_offset,2774,2022-07-01,2022-07-11,-0.0092349827532707,2022,2022-06-30,learned_vol_interaction,20260910,0.5729293041374858,0.5729293041374858,1,0
annual_state_offset,2779,2022-07-08,2022-07-18,-0.0326815927737367,2022,2022-06-30,learned_vol_interaction,20260910,0.5302683386209299,0.5302683386209299,1,0
annual_state_offset,2784,2022-07-15,2022-07-25,-0.0066210715249344,2022,2022-06-30,learned_vol_interaction,20260910,0.4744529012062564,0.4744529012062564,0,0
annual_state_offset,2789,2022-07-22,2022-08-01,-0.0173077967751003,2022,2022-06-30,learned_vol_interaction,20260910,0.568735503293615,0.568735503293615,1,0
annual_state_offset,2794,2022-07-29,2022-08-08,-0.004456034513838,2022,2022-06-30,learned_vol_interaction,20260910,0.7449112931956193,0.7449112931956193,1,0
annual_state_offset,2799,2022-08-05,2022-08-15,0.0091475117753996,2022,2022-06-30,learned_vol_interaction,20260910,0.6690803670858058,0.6690803670858058,1,1
annual_state_offset,2804,2022-08-12,2022-08-22,-0.0107272727272728,2022,2022-06-30,learned_vol_interaction,20260910,0.6571875580323422,0.6571875580323422,1,0
annual_state_offset,2809,2022-08-19,2022-08-29,-0.0172375434082356,2022,2022-06-30,learned_vol_interaction,20260910,0.6670716563865554,0.6670716563865554,1,0
annual_state_offset,2814,2022-08-26,2022-09-05,-0.0131573766941938,2022,2022-06-30,learned_vol_interaction,20260910,0.6419725542084096,0.6419725542084096,1,0
annual_state_offset,2819,2022-09-02,2022-09-13,0.0253340680878015,2022,2022-06-30,learned_vol_interaction,20260910,0.5285183676984451,0.5285183676984451,1,1
annual_state_offset,2824,2022-09-09,2022-09-19,-0.044647264962877,2022,2022-06-30,learned_vol_interaction,20260910,0.7178703215248036,0.7178703215248036,1,0
annual_state_offset,2828,2022-09-16,2022-09-26,-0.025155151434928,2022,2022-06-30,learned_vol_interaction,20260910,0.4878697884499072,0.4878697884499072,0,0
annual_state_offset,2833,2022-09-23,2022-10-10,-0.0060162941299352,2022,2022-06-30,learned_vol_interaction,20260910,0.6702746494967919,0.6702746494967919,1,0
annual_state_offset,2838,2022-09-30,2022-10-17,0.0041192047412885,2022,2022-06-30,learned_vol_interaction,20260910,0.4715050197411329,0.4715050197411329,0,1
annual_shared_offset,2774,2022-07-01,2022-07-11,-0.0092349827532707,2022,2022-06-30,learned_vol_interaction,20260910,0.5729293041374858,0.5729293041374858,1,0
annual_shared_offset,2779,2022-07-08,2022-07-18,-0.0326815927737367,2022,2022-06-30,learned_vol_interaction,20260910,0.5302683386209299,0.5302683386209299,1,0
annual_shared_offset,2784,2022-07-15,2022-07-25,-0.0066210715249344,2022,2022-06-30,learned_vol_interaction,20260910,0.4744529012062564,0.4744529012062564,0,0
annual_shared_offset,2789,2022-07-22,2022-08-01,-0.0173077967751003,2022,2022-06-30,learned_vol_interaction,20260910,0.568735503293615,0.568735503293615,1,0
annual_shared_offset,2794,2022-07-29,2022-08-08,-0.004456034513838,2022,2022-06-30,learned_vol_interaction,20260910,0.7449112931956193,0.7449112931956193,1,0
annual_shared_offset,2799,2022-08-05,2022-08-15,0.0091475117753996,2022,2022-06-30,learned_vol_interaction,20260910,0.6690803670858058,0.6690803670858058,1,1
annual_shared_offset,2804,2022-08-12,2022-08-22,-0.0107272727272728,2022,2022-06-30,learned_vol_interaction,20260910,0.6571875580323422,0.6571875580323422,1,0
annual_shared_offset,2809,2022-08-19,2022-08-29,-0.0172375434082356,2022,2022-06-30,learned_vol_interaction,20260910,0.6670716563865554,0.6670716563865554,1,0
annual_shared_offset,2814,2022-08-26,2022-09-05,-0.0131573766941938,2022,2022-06-30,learned_vol_interaction,20260910,0.6419725542084096,0.6419725542084096,1,0
annual_shared_offset,2819,2022-09-02,2022-09-13,0.0253340680878015,2022,2022-06-30,learned_vol_interaction,20260910,0.5233975305488734,0.5233975305488734,1,1
annual_shared_offset,2824,2022-09-09,2022-09-19,-0.044647264962877,2022,2022-06-30,learned_vol_interaction,20260910,0.7136919783495145,0.7136919783495145,1,0
annual_shared_offset,2828,2022-09-16,2022-09-26,-0.025155151434928,2022,2022-06-30,learned_vol_interaction,20260910,0.48273954715284767,0.48273954715284767,0,0
annual_shared_offset,2833,2022-09-23,2022-10-10,-0.0060162941299352,2022,2022-06-30,learned_vol_interaction,20260910,0.6657196510563583,0.6657196510563583,1,0
annual_shared_offset,2838,2022-09-30,2022-10-17,0.0041192047412885,2022,2022-06-30,learned_vol_interaction,20260910,0.46639014795706724,0.46639014795706724,0,1
annual_state_offset_half,2774,2022-07-01,2022-07-11,-0.0092349827532707,2022,2022-06-30,learned_vol_interaction,20260910,0.5729293041374858,0.5729293041374858,1,0
annual_state_offset_half,2779,2022-07-08,2022-07-18,-0.0326815927737367,2022,2022-06-30,learned_vol_interaction,20260910,0.5302683386209299,0.5302683386209299,1,0
annual_state_offset_half,2784,2022-07-15,2022-07-25,-0.0066210715249344,2022,2022-06-30,learned_vol_interaction,20260910,0.4744529012062564,0.4744529012062564,0,0
annual_state_offset_half,2789,2022-07-22,2022-08-01,-0.0173077967751003,2022,2022-06-30,learned_vol_interaction,20260910,0.568735503293615,0.568735503293615,1,0
annual_state_offset_half,2794,2022-07-29,2022-08-08,-0.004456034513838,2022,2022-06-30,learned_vol_interaction,20260910,0.7449112931956193,0.7449112931956193,1,0
annual_state_offset_half,2799,2022-08-05,2022-08-15,0.0091475117753996,2022,2022-06-30,learned_vol_interaction,20260910,0.6690803670858058,0.6690803670858058,1,1
annual_state_offset_half,2804,2022-08-12,2022-08-22,-0.0107272727272728,2022,2022-06-30,learned_vol_interaction,20260910,0.6571875580323422,0.6571875580323422,1,0
annual_state_offset_half,2809,2022-08-19,2022-08-29,-0.0172375434082356,2022,2022-06-30,learned_vol_interaction,20260910,0.6670716563865554,0.6670716563865554,1,0
annual_state_offset_half,2814,2022-08-26,2022-09-05,-0.0131573766941938,2022,2022-06-30,learned_vol_interaction,20260910,0.6419725542084096,0.6419725542084096,1,0
annual_state_offset_half,2819,2022-09-02,2022-09-13,0.0253340680878015,2022,2022-06-30,learned_vol_interaction,20260910,0.5724935237314205,0.5724935237314205,1,1
annual_state_offset_half,2824,2022-09-09,2022-09-19,-0.044647264962877,2022,2022-06-30,learned_vol_interaction,20260910,0.75245646881232,0.75245646881232,1,0
annual_state_offset_half,2828,2022-09-16,2022-09-26,-0.025155151434928,2022,2022-06-30,learned_vol_interaction,20260910,0.5322810861451037,0.5322810861451037,1,0
annual_state_offset_half,2833,2022-09-23,2022-10-10,-0.0060162941299352,2022,2022-06-30,learned_vol_interaction,20260910,0.7083248407281509,0.7083248407281509,1,0
annual_state_offset_half,2838,2022-09-30,2022-10-17,0.0041192047412885,2022,2022-06-30,learned_vol_interaction,20260910,0.5159273627206813,0.5159273627206813,1,1
annual_state_offset,2774,2022-07-01,2022-07-11,-0.0092349827532707,2022,2022-06-30,learned_order_extension,20260910,0.5673900409205141,0.5673900409205141,1,0
annual_state_offset,2779,2022-07-08,2022-07-18,-0.0326815927737367,2022,2022-06-30,learned_order_extension,20260910,0.5410131618864253,0.5410131618864253,1,0
annual_state_offset,2784,2022-07-15,2022-07-25,-0.0066210715249344,2022,2022-06-30,learned_order_extension,20260910,0.47973859027832644,0.47973859027832644,0,0
annual_state_offset,2789,2022-07-22,2022-08-01,-0.0173077967751003,2022,2022-06-30,learned_order_extension,20260910,0.5665009900782988,0.5665009900782988,1,0
annual_state_offset,2794,2022-07-29,2022-08-08,-0.004456034513838,2022,2022-06-30,learned_order_extension,20260910,0.6826002369228839,0.6826002369228839,1,0
annual_state_offset,2799,2022-08-05,2022-08-15,0.0091475117753996,2022,2022-06-30,learned_order_extension,20260910,0.6264531350174127,0.6264531350174127,1,1
annual_state_offset,2804,2022-08-12,2022-08-22,-0.0107272727272728,2022,2022-06-30,learned_order_extension,20260910,0.6234550049594982,0.6234550049594982,1,0
annual_state_offset,2809,2022-08-19,2022-08-29,-0.0172375434082356,2022,2022-06-30,learned_order_extension,20260910,0.614312207680884,0.614312207680884,1,0
annual_state_offset,2814,2022-08-26,2022-09-05,-0.0131573766941938,2022,2022-06-30,learned_order_extension,20260910,0.6167311395003157,0.6167311395003157,1,0
annual_state_offset,2819,2022-09-02,2022-09-13,0.0253340680878015,2022,2022-06-30,learned_order_extension,20260910,0.5109830509089229,0.5109830509089229,1,1
annual_state_offset,2824,2022-09-09,2022-09-19,-0.044647264962877,2022,2022-06-30,learned_order_extension,20260910,0.6096209083133913,0.6096209083133913,1,0
annual_state_offset,2828,2022-09-16,2022-09-26,-0.025155151434928,2022,2022-06-30,learned_order_extension,20260910,0.4827341070824791,0.4827341070824791,0,0
annual_state_offset,2833,2022-09-23,2022-10-10,-0.0060162941299352,2022,2022-06-30,learned_order_extension,20260910,0.5990470915364937,0.5990470915364937,1,0
annual_state_offset,2838,2022-09-30,2022-10-17,0.0041192047412885,2022,2022-06-30,learned_order_extension,20260910,0.47897102422253834,0.47897102422253834,0,1
annual_shared_offset,2774,2022-07-01,2022-07-11,-0.0092349827532707,2022,2022-06-30,learned_order_extension,20260910,0.5673900409205141,0.5673900409205141,1,0
annual_shared_offset,2779,2022-07-08,2022-07-18,-0.0326815927737367,2022,2022-06-30,learned_order_extension,20260910,0.5410131618864253,0.5410131618864253,1,0
annual_shared_offset,2784,2022-07-15,2022-07-25,-0.0066210715249344,2022,2022-06-30,learned_order_extension,20260910,0.47973859027832644,0.47973859027832644,0,0
annual_shared_offset,2789,2022-07-22,2022-08-01,-0.0173077967751003,2022,2022-06-30,learned_order_extension,20260910,0.5665009900782988,0.5665009900782988,1,0
annual_shared_offset,2794,2022-07-29,2022-08-08,-0.004456034513838,2022,2022-06-30,learned_order_extension,20260910,0.6826002369228839,0.6826002369228839,1,0
annual_shared_offset,2799,2022-08-05,2022-08-15,0.0091475117753996,2022,2022-06-30,learned_order_extension,20260910,0.6264531350174127,0.6264531350174127,1,1
annual_shared_offset,2804,2022-08-12,2022-08-22,-0.0107272727272728,2022,2022-06-30,learned_order_extension,20260910,0.6234550049594982,0.6234550049594982,1,0
annual_shared_offset,2809,2022-08-19,2022-08-29,-0.0172375434082356,2022,2022-06-30,learned_order_extension,20260910,0.614312207680884,0.614312207680884,1,0
annual_shared_offset,2814,2022-08-26,2022-09-05,-0.0131573766941938,2022,2022-06-30,learned_order_extension,20260910,0.6167311395003157,0.6167311395003157,1,0
annual_shared_offset,2819,2022-09-02,2022-09-13,0.0253340680878015,2022,2022-06-30,learned_order_extension,20260910,0.5056809707471491,0.5056809707471491,1,1
annual_shared_offset,2824,2022-09-09,2022-09-19,-0.044647264962877,2022,2022-06-30,learned_order_extension,20260910,0.6045606557195848,0.6045606557195848,1,0
annual_shared_offset,2828,2022-09-16,2022-09-26,-0.025155151434928,2022,2022-06-30,learned_order_extension,20260910,0.4774389667850174,0.4774389667850174,0,0
annual_shared_offset,2833,2022-09-23,2022-10-10,-0.0060162941299352,2022,2022-06-30,learned_order_extension,20260910,0.5939410717535313,0.5939410717535313,1,0
annual_shared_offset,2838,2022-09-30,2022-10-17,0.0041192047412885,2022,2022-06-30,learned_order_extension,20260910,0.473679362102474,0.473679362102474,0,1
annual_state_offset_half,2774,2022-07-01,2022-07-11,-0.0092349827532707,2022,2022-06-30,learned_order_extension,20260910,0.5673900409205141,0.5673900409205141,1,0
annual_state_offset_half,2779,2022-07-08,2022-07-18,-0.0326815927737367,2022,2022-06-30,learned_order_extension,20260910,0.5410131618864253,0.5410131618864253,1,0
annual_state_offset_half,2784,2022-07-15,2022-07-25,-0.0066210715249344,2022,2022-06-30,learned_order_extension,20260910,0.47973859027832644,0.47973859027832644,0,0
annual_state_offset_half,2789,2022-07-22,2022-08-01,-0.0173077967751003,2022,2022-06-30,learned_order_extension,20260910,0.5665009900782988,0.5665009900782988,1,0
annual_state_offset_half,2794,2022-07-29,2022-08-08,-0.004456034513838,2022,2022-06-30,learned_order_extension,20260910,0.6826002369228839,0.6826002369228839,1,0
annual_state_offset_half,2799,2022-08-05,2022-08-15,0.0091475117753996,2022,2022-06-30,learned_order_extension,20260910,0.6264531350174127,0.6264531350174127,1,1
annual_state_offset_half,2804,2022-08-12,2022-08-22,-0.0107272727272728,2022,2022-06-30,learned_order_extension,20260910,0.6234550049594982,0.6234550049594982,1,0
annual_state_offset_half,2809,2022-08-19,2022-08-29,-0.0172375434082356,2022,2022-06-30,learned_order_extension,20260910,0.614312207680884,0.614312207680884,1,0
annual_state_offset_half,2814,2022-08-26,2022-09-05,-0.0131573766941938,2022,2022-06-30,learned_order_extension,20260910,0.6167311395003157,0.6167311395003157,1,0
annual_state_offset_half,2819,2022-09-02,2022-09-13,0.0253340680878015,2022,2022-06-30,learned_order_extension,20260910,0.5537636995328201,0.5537636995328201,1,1
annual_state_offset_half,2824,2022-09-09,2022-09-19,-0.044647264962877,2022,2022-06-30,learned_order_extension,20260910,0.6496882501663825,0.6496882501663825,1,0
annual_state_offset_half,2828,2022-09-16,2022-09-26,-0.025155151434928,2022,2022-06-30,learned_order_extension,20260910,0.5256921303114701,0.5256921303114701,1,0
annual_state_offset_half,2833,2022-09-23,2022-10-10,-0.0060162941299352,2022,2022-06-30,learned_order_extension,20260910,0.6395580289984344,0.6395580289984344,1,0
annual_state_offset_half,2838,2022-09-30,2022-10-17,0.0041192047412885,2022,2022-06-30,learned_order_extension,20260910,0.5219320682885786,0.5219320682885786,1,1
annual_state_offset,2774,2022-07-01,2022-07-11,-0.0092349827532707,2022,2022-06-30,learned_order_offset,20260910,0.5672840355549256,0.5672840355549256,1,0
annual_state_offset,2779,2022-07-08,2022-07-18,-0.0326815927737367,2022,2022-06-30,learned_order_offset,20260910,0.5409192694310424,0.5409192694310424,1,0
annual_state_offset,2784,2022-07-15,2022-07-25,-0.0066210715249344,2022,2022-06-30,learned_order_offset,20260910,0.47961995538049773,0.47961995538049773,0,0
annual_state_offset,2789,2022-07-22,2022-08-01,-0.0173077967751003,2022,2022-06-30,learned_order_offset,20260910,0.5660618100474655,0.5660618100474655,1,0
annual_state_offset,2794,2022-07-29,2022-08-08,-0.004456034513838,2022,2022-06-30,learned_order_offset,20260910,0.6825374208841533,0.6825374208841533,1,0
annual_state_offset,2799,2022-08-05,2022-08-15,0.0091475117753996,2022,2022-06-30,learned_order_offset,20260910,0.6262247306552385,0.6262247306552385,1,1
annual_state_offset,2804,2022-08-12,2022-08-22,-0.0107272727272728,2022,2022-06-30,learned_order_offset,20260910,0.6232298710955773,0.6232298710955773,1,0
annual_state_offset,2809,2022-08-19,2022-08-29,-0.0172375434082356,2022,2022-06-30,learned_order_offset,20260910,0.6145969170972031,0.6145969170972031,1,0
annual_state_offset,2814,2022-08-26,2022-09-05,-0.0131573766941938,2022,2022-06-30,learned_order_offset,20260910,0.6165117624275381,0.6165117624275381,1,0
annual_state_offset,2819,2022-09-02,2022-09-13,0.0253340680878015,2022,2022-06-30,learned_order_offset,20260910,0.5107951894367101,0.5107951894367101,1,1
annual_state_offset,2824,2022-09-09,2022-09-19,-0.044647264962877,2022,2022-06-30,learned_order_offset,20260910,0.6093869063435623,0.6093869063435623,1,0
annual_state_offset,2828,2022-09-16,2022-09-26,-0.025155151434928,2022,2022-06-30,learned_order_offset,20260910,0.4827608587189333,0.4827608587189333,0,0
annual_state_offset,2833,2022-09-23,2022-10-10,-0.0060162941299352,2022,2022-06-30,learned_order_offset,20260910,0.598856159930151,0.598856159930151,1,0
annual_state_offset,2838,2022-09-30,2022-10-17,0.0041192047412885,2022,2022-06-30,learned_order_offset,20260910,0.4789389166314791,0.4789389166314791,0,1
annual_shared_offset,2774,2022-07-01,2022-07-11,-0.0092349827532707,2022,2022-06-30,learned_order_offset,20260910,0.5672840355549256,0.5672840355549256,1,0
annual_shared_offset,2779,2022-07-08,2022-07-18,-0.0326815927737367,2022,2022-06-30,learned_order_offset,20260910,0.5409192694310424,0.5409192694310424,1,0
annual_shared_offset,2784,2022-07-15,2022-07-25,-0.0066210715249344,2022,2022-06-30,learned_order_offset,20260910,0.47961995538049773,0.47961995538049773,0,0
annual_shared_offset,2789,2022-07-22,2022-08-01,-0.0173077967751003,2022,2022-06-30,learned_order_offset,20260910,0.5660618100474655,0.5660618100474655,1,0
annual_shared_offset,2794,2022-07-29,2022-08-08,-0.004456034513838,2022,2022-06-30,learned_order_offset,20260910,0.6825374208841533,0.6825374208841533,1,0
annual_shared_offset,2799,2022-08-05,2022-08-15,0.0091475117753996,2022,2022-06-30,learned_order_offset,20260910,0.6262247306552385,0.6262247306552385,1,1
annual_shared_offset,2804,2022-08-12,2022-08-22,-0.0107272727272728,2022,2022-06-30,learned_order_offset,20260910,0.6232298710955773,0.6232298710955773,1,0
annual_shared_offset,2809,2022-08-19,2022-08-29,-0.0172375434082356,2022,2022-06-30,learned_order_offset,20260910,0.6145969170972031,0.6145969170972031,1,0
annual_shared_offset,2814,2022-08-26,2022-09-05,-0.0131573766941938,2022,2022-06-30,learned_order_offset,20260910,0.6165117624275381,0.6165117624275381,1,0
annual_shared_offset,2819,2022-09-02,2022-09-13,0.0253340680878015,2022,2022-06-30,learned_order_offset,20260910,0.5055574494271216,0.5055574494271216,1,1
annual_shared_offset,2824,2022-09-09,2022-09-19,-0.044647264962877,2022,2022-06-30,learned_order_offset,20260910,0.6043871970053861,0.6043871970053861,1,0
annual_shared_offset,2828,2022-09-16,2022-09-26,-0.025155151434928,2022,2022-06-30,learned_order_offset,20260910,0.4775299790745062,0.4775299790745062,0,0
annual_shared_offset,2833,2022-09-23,2022-10-10,-0.0060162941299352,2022,2022-06-30,learned_order_offset,20260910,0.5938115052897465,0.5938115052897465,1,0
annual_shared_offset,2838,2022-09-30,2022-10-17,0.0041192047412885,2022,2022-06-30,learned_order_offset,20260910,0.4737115219672211,0.4737115219672211,0,1
annual_state_offset_half,2774,2022-07-01,2022-07-11,-0.0092349827532707,2022,2022-06-30,learned_order_offset,20260910,0.5672840355549256,0.5672840355549256,1,0
annual_state_offset_half,2779,2022-07-08,2022-07-18,-0.0326815927737367,2022,2022-06-30,learned_order_offset,20260910,0.5409192694310424,0.5409192694310424,1,0
annual_state_offset_half,2784,2022-07-15,2022-07-25,-0.0066210715249344,2022,2022-06-30,learned_order_offset,20260910,0.47961995538049773,0.47961995538049773,0,0
annual_state_offset_half,2789,2022-07-22,2022-08-01,-0.0173077967751003,2022,2022-06-30,learned_order_offset,20260910,0.5660618100474655,0.5660618100474655,1,0
annual_state_offset_half,2794,2022-07-29,2022-08-08,-0.004456034513838,2022,2022-06-30,learned_order_offset,20260910,0.6825374208841533,0.6825374208841533,1,0
annual_state_offset_half,2799,2022-08-05,2022-08-15,0.0091475117753996,2022,2022-06-30,learned_order_offset,20260910,0.6262247306552385,0.6262247306552385,1,1
annual_state_offset_half,2804,2022-08-12,2022-08-22,-0.0107272727272728,2022,2022-06-30,learned_order_offset,20260910,0.6232298710955773,0.6232298710955773,1,0
annual_state_offset_half,2809,2022-08-19,2022-08-29,-0.0172375434082356,2022,2022-06-30,learned_order_offset,20260910,0.6145969170972031,0.6145969170972031,1,0
annual_state_offset_half,2814,2022-08-26,2022-09-05,-0.0131573766941938,2022,2022-06-30,learned_order_offset,20260910,0.6165117624275381,0.6165117624275381,1,0
annual_state_offset_half,2819,2022-09-02,2022-09-13,0.0253340680878015,2022,2022-06-30,learned_order_offset,20260910,0.5535644466902041,0.5535644466902041,1,1
annual_state_offset_half,2824,2022-09-09,2022-09-19,-0.044647264962877,2022,2022-06-30,learned_order_offset,20260910,0.6494520484991931,0.6494520484991931,1,0
annual_state_offset_half,2828,2022-09-16,2022-09-26,-0.025155151434928,2022,2022-06-30,learned_order_offset,20260910,0.525705254838547,0.525705254838547,1,0
annual_state_offset_half,2833,2022-09-23,2022-10-10,-0.0060162941299352,2022,2022-06-30,learned_order_offset,20260910,0.6393622095723397,0.6393622095723397,1,0
annual_state_offset_half,2838,2022-09-30,2022-10-17,0.0041192047412885,2022,2022-06-30,learned_order_offset,20260910,0.5218863673976951,0.5218863673976951,1,1
annual_state_offset,2774,2022-07-01,2022-07-11,-0.0092349827532707,2022,2022-06-30,learned_market,20260911,0.5193349295186931,0.5193349295186931,1,0
annual_state_offset,2779,2022-07-08,2022-07-18,-0.0326815927737367,2022,2022-06-30,learned_market,20260911,0.5210563697553774,0.5210563697553774,1,0
annual_state_offset,2784,2022-07-15,2022-07-25,-0.0066210715249344,2022,2022-06-30,learned_market,20260911,0.276078528858952,0.276078528858952,0,0
annual_state_offset,2789,2022-07-22,2022-08-01,-0.0173077967751003,2022,2022-06-30,learned_market,20260911,0.3174121093765397,0.3174121093765397,0,0
annual_state_offset,2794,2022-07-29,2022-08-08,-0.004456034513838,2022,2022-06-30,learned_market,20260911,0.5558739451685917,0.5558739451685917,1,0
annual_state_offset,2799,2022-08-05,2022-08-15,0.0091475117753996,2022,2022-06-30,learned_market,20260911,0.7108208060891671,0.7108208060891671,1,1
annual_state_offset,2804,2022-08-12,2022-08-22,-0.0107272727272728,2022,2022-06-30,learned_market,20260911,0.7273713339025305,0.7273713339025305,1,0
annual_state_offset,2809,2022-08-19,2022-08-29,-0.0172375434082356,2022,2022-06-30,learned_market,20260911,0.6886147057688298,0.6886147057688298,1,0
annual_state_offset,2814,2022-08-26,2022-09-05,-0.0131573766941938,2022,2022-06-30,learned_market,20260911,0.7346873214158656,0.7346873214158656,1,0
annual_state_offset,2819,2022-09-02,2022-09-13,0.0253340680878015,2022,2022-06-30,learned_market,20260911,0.5816361554285726,0.5816361554285726,1,1
annual_state_offset,2824,2022-09-09,2022-09-19,-0.044647264962877,2022,2022-06-30,learned_market,20260911,0.5095344547933153,0.5095344547933153,1,0
annual_state_offset,2828,2022-09-16,2022-09-26,-0.025155151434928,2022,2022-06-30,learned_market,20260911,0.5324228302991223,0.5324228302991223,1,0
annual_state_offset,2833,2022-09-23,2022-10-10,-0.0060162941299352,2022,2022-06-30,learned_market,20260911,0.6846226756912278,0.6846226756912278,1,0
annual_state_offset,2838,2022-09-30,2022-10-17,0.0041192047412885,2022,2022-06-30,learned_market,20260911,0.5356785610892337,0.5356785610892337,1,1
annual_shared_offset,2774,2022-07-01,2022-07-11,-0.0092349827532707,2022,2022-06-30,learned_market,20260911,0.5193349295186931,0.5193349295186931,1,0
annual_shared_offset,2779,2022-07-08,2022-07-18,-0.0326815927737367,2022,2022-06-30,learned_market,20260911,0.5210563697553774,0.5210563697553774,1,0
annual_shared_offset,2784,2022-07-15,2022-07-25,-0.0066210715249344,2022,2022-06-30,learned_market,20260911,0.276078528858952,0.276078528858952,0,0
annual_shared_offset,2789,2022-07-22,2022-08-01,-0.0173077967751003,2022,2022-06-30,learned_market,20260911,0.3174121093765397,0.3174121093765397,0,0
annual_shared_offset,2794,2022-07-29,2022-08-08,-0.004456034513838,2022,2022-06-30,learned_market,20260911,0.5558739451685917,0.5558739451685917,1,0
annual_shared_offset,2799,2022-08-05,2022-08-15,0.0091475117753996,2022,2022-06-30,learned_market,20260911,0.7108208060891671,0.7108208060891671,1,1
annual_shared_offset,2804,2022-08-12,2022-08-22,-0.0107272727272728,2022,2022-06-30,learned_market,20260911,0.7273713339025305,0.7273713339025305,1,0
annual_shared_offset,2809,2022-08-19,2022-08-29,-0.0172375434082356,2022,2022-06-30,learned_market,20260911,0.6886147057688298,0.6886147057688298,1,0
annual_shared_offset,2814,2022-08-26,2022-09-05,-0.0131573766941938,2022,2022-06-30,learned_market,20260911,0.7346873214158656,0.7346873214158656,1,0
annual_shared_offset,2819,2022-09-02,2022-09-13,0.0253340680878015,2022,2022-06-30,learned_market,20260911,0.5929639157976925,0.5929639157976925,1,1
annual_shared_offset,2824,2022-09-09,2022-09-19,-0.044647264962877,2022,2022-06-30,learned_market,20260911,0.521207407490687,0.521207407490687,1,0
annual_shared_offset,2828,2022-09-16,2022-09-26,-0.025155151434928,2022,2022-06-30,learned_market,20260911,0.5440385087602545,0.5440385087602545,1,0
annual_shared_offset,2833,2022-09-23,2022-10-10,-0.0060162941299352,2022,2022-06-30,learned_market,20260911,0.6946259717847526,0.6946259717847526,1,0
annual_shared_offset,2838,2022-09-30,2022-10-17,0.0041192047412885,2022,2022-06-30,learned_market,20260911,0.5472821316605632,0.5472821316605632,1,1
annual_state_offset_half,2774,2022-07-01,2022-07-11,-0.0092349827532707,2022,2022-06-30,learned_market,20260911,0.5193349295186931,0.5193349295186931,1,0
annual_state_offset_half,2779,2022-07-08,2022-07-18,-0.0326815927737367,2022,2022-06-30,learned_market,20260911,0.5210563697553774,0.5210563697553774,1,0
annual_state_offset_half,2784,2022-07-15,2022-07-25,-0.0066210715249344,2022,2022-06-30,learned_market,20260911,0.276078528858952,0.276078528858952,0,0
annual_state_offset_half,2789,2022-07-22,2022-08-01,-0.0173077967751003,2022,2022-06-30,learned_market,20260911,0.3174121093765397,0.3174121093765397,0,0
annual_state_offset_half,2794,2022-07-29,2022-08-08,-0.004456034513838,2022,2022-06-30,learned_market,20260911,0.5558739451685917,0.5558739451685917,1,0
annual_state_offset_half,2799,2022-08-05,2022-08-15,0.0091475117753996,2022,2022-06-30,learned_market,20260911,0.7108208060891671,0.7108208060891671,1,1
annual_state_offset_half,2804,2022-08-12,2022-08-22,-0.0107272727272728,2022,2022-06-30,learned_market,20260911,0.7273713339025305,0.7273713339025305,1,0
annual_state_offset_half,2809,2022-08-19,2022-08-29,-0.0172375434082356,2022,2022-06-30,learned_market,20260911,0.6886147057688298,0.6886147057688298,1,0
annual_state_offset_half,2814,2022-08-26,2022-09-05,-0.0131573766941938,2022,2022-06-30,learned_market,20260911,0.7346873214158656,0.7346873214158656,1,0
annual_state_offset_half,2819,2022-09-02,2022-09-13,0.0253340680878015,2022,2022-06-30,learned_market,20260911,0.6274129710375577,0.6274129710375577,1,1
annual_state_offset_half,2824,2022-09-09,2022-09-19,-0.044647264962877,2022,2022-06-30,learned_market,20260911,0.5571943577937011,0.5571943577937011,1,0
annual_state_offset_half,2828,2022-09-16,2022-09-26,-0.025155151434928,2022,2022-06-30,learned_market,20260911,0.5796932527279355,0.5796932527279355,1,0
annual_state_offset_half,2833,2022-09-23,2022-10-10,-0.0060162941299352,2022,2022-06-30,learned_market,20260911,0.7244689947329177,0.7244689947329177,1,0
annual_state_offset_half,2838,2022-09-30,2022-10-17,0.0041192047412885,2022,2022-06-30,learned_market,20260911,0.5828777048910156,0.5828777048910156,1,1
annual_state_offset,2774,2022-07-01,2022-07-11,-0.0092349827532707,2022,2022-06-30,learned_vol_interaction,20260911,0.5243593636282992,0.5243593636282992,1,0
annual_state_offset,2779,2022-07-08,2022-07-18,-0.0326815927737367,2022,2022-06-30,learned_vol_interaction,20260911,0.5287137474480963,0.5287137474480963,1,0
annual_state_offset,2784,2022-07-15,2022-07-25,-0.0066210715249344,2022,2022-06-30,learned_vol_interaction,20260911,0.28286663565549924,0.28286663565549924,0,0
annual_state_offset,2789,2022-07-22,2022-08-01,-0.0173077967751003,2022,2022-06-30,learned_vol_interaction,20260911,0.32529843901510974,0.32529843901510974,0,0
annual_state_offset,2794,2022-07-29,2022-08-08,-0.004456034513838,2022,2022-06-30,learned_vol_interaction,20260911,0.5568653358658677,0.5568653358658677,1,0
annual_state_offset,2799,2022-08-05,2022-08-15,0.0091475117753996,2022,2022-06-30,learned_vol_interaction,20260911,0.7117205557364277,0.7117205557364277,1,1
annual_state_offset,2804,2022-08-12,2022-08-22,-0.0107272727272728,2022,2022-06-30,learned_vol_interaction,20260911,0.728089070877284,0.728089070877284,1,0
annual_state_offset,2809,2022-08-19,2022-08-29,-0.0172375434082356,2022,2022-06-30,learned_vol_interaction,20260911,0.6906588614286806,0.6906588614286806,1,0
annual_state_offset,2814,2022-08-26,2022-09-05,-0.0131573766941938,2022,2022-06-30,learned_vol_interaction,20260911,0.7374791554763223,0.7374791554763223,1,0
annual_state_offset,2819,2022-09-02,2022-09-13,0.0253340680878015,2022,2022-06-30,learned_vol_interaction,20260911,0.5873651897329573,0.5873651897329573,1,1
annual_state_offset,2824,2022-09-09,2022-09-19,-0.044647264962877,2022,2022-06-30,learned_vol_interaction,20260911,0.5130680253063162,0.5130680253063162,1,0
annual_state_offset,2828,2022-09-16,2022-09-26,-0.025155151434928,2022,2022-06-30,learned_vol_interaction,20260911,0.5351383586219042,0.5351383586219042,1,0
annual_state_offset,2833,2022-09-23,2022-10-10,-0.0060162941299352,2022,2022-06-30,learned_vol_interaction,20260911,0.6801062427713371,0.6801062427713371,1,0
annual_state_offset,2838,2022-09-30,2022-10-17,0.0041192047412885,2022,2022-06-30,learned_vol_interaction,20260911,0.5372380890207142,0.5372380890207142,1,1
annual_shared_offset,2774,2022-07-01,2022-07-11,-0.0092349827532707,2022,2022-06-30,learned_vol_interaction,20260911,0.5243593636282992,0.5243593636282992,1,0
annual_shared_offset,2779,2022-07-08,2022-07-18,-0.0326815927737367,2022,2022-06-30,learned_vol_interaction,20260911,0.5287137474480963,0.5287137474480963,1,0
annual_shared_offset,2784,2022-07-15,2022-07-25,-0.0066210715249344,2022,2022-06-30,learned_vol_interaction,20260911,0.28286663565549924,0.28286663565549924,0,0
annual_shared_offset,2789,2022-07-22,2022-08-01,-0.0173077967751003,2022,2022-06-30,learned_vol_interaction,20260911,0.32529843901510974,0.32529843901510974,0,0
annual_shared_offset,2794,2022-07-29,2022-08-08,-0.004456034513838,2022,2022-06-30,learned_vol_interaction,20260911,0.5568653358658677,0.5568653358658677,1,0
annual_shared_offset,2799,2022-08-05,2022-08-15,0.0091475117753996,2022,2022-06-30,learned_vol_interaction,20260911,0.7117205557364277,0.7117205557364277,1,1
annual_shared_offset,2804,2022-08-12,2022-08-22,-0.0107272727272728,2022,2022-06-30,learned_vol_interaction,20260911,0.728089070877284,0.728089070877284,1,0
annual_shared_offset,2809,2022-08-19,2022-08-29,-0.0172375434082356,2022,2022-06-30,learned_vol_interaction,20260911,0.6906588614286806,0.6906588614286806,1,0
annual_shared_offset,2814,2022-08-26,2022-09-05,-0.0131573766941938,2022,2022-06-30,learned_vol_interaction,20260911,0.7374791554763223,0.7374791554763223,1,0
annual_shared_offset,2819,2022-09-02,2022-09-13,0.0253340680878015,2022,2022-06-30,learned_vol_interaction,20260911,0.5983886369193158,0.5983886369193158,1,1
annual_shared_offset,2824,2022-09-09,2022-09-19,-0.044647264962877,2022,2022-06-30,learned_vol_interaction,20260911,0.5244693853691913,0.5244693853691913,1,0
annual_shared_offset,2828,2022-09-16,2022-09-26,-0.025155151434928,2022,2022-06-30,learned_vol_interaction,20260911,0.5464797412638515,0.5464797412638515,1,0
annual_shared_offset,2833,2022-09-23,2022-10-10,-0.0060162941299352,2022,2022-06-30,learned_vol_interaction,20260911,0.689959908972362,0.689959908972362,1,0
annual_shared_offset,2838,2022-09-30,2022-10-17,0.0041192047412885,2022,2022-06-30,learned_vol_interaction,20260911,0.5485714582752889,0.5485714582752889,1,1
annual_state_offset_half,2774,2022-07-01,2022-07-11,-0.0092349827532707,2022,2022-06-30,learned_vol_interaction,20260911,0.5243593636282992,0.5243593636282992,1,0
annual_state_offset_half,2779,2022-07-08,2022-07-18,-0.0326815927737367,2022,2022-06-30,learned_vol_interaction,20260911,0.5287137474480963,0.5287137474480963,1,0
annual_state_offset_half,2784,2022-07-15,2022-07-25,-0.0066210715249344,2022,2022-06-30,learned_vol_interaction,20260911,0.28286663565549924,0.28286663565549924,0,0
annual_state_offset_half,2789,2022-07-22,2022-08-01,-0.0173077967751003,2022,2022-06-30,learned_vol_interaction,20260911,0.32529843901510974,0.32529843901510974,0,0
annual_state_offset_half,2794,2022-07-29,2022-08-08,-0.004456034513838,2022,2022-06-30,learned_vol_interaction,20260911,0.5568653358658677,0.5568653358658677,1,0
annual_state_offset_half,2799,2022-08-05,2022-08-15,0.0091475117753996,2022,2022-06-30,learned_vol_interaction,20260911,0.7117205557364277,0.7117205557364277,1,1
annual_state_offset_half,2804,2022-08-12,2022-08-22,-0.0107272727272728,2022,2022-06-30,learned_vol_interaction,20260911,0.728089070877284,0.728089070877284,1,0
annual_state_offset_half,2809,2022-08-19,2022-08-29,-0.0172375434082356,2022,2022-06-30,learned_vol_interaction,20260911,0.6906588614286806,0.6906588614286806,1,0
annual_state_offset_half,2814,2022-08-26,2022-09-05,-0.0131573766941938,2022,2022-06-30,learned_vol_interaction,20260911,0.7374791554763223,0.7374791554763223,1,0
annual_state_offset_half,2819,2022-09-02,2022-09-13,0.0253340680878015,2022,2022-06-30,learned_vol_interaction,20260911,0.632954697648638,0.632954697648638,1,1
annual_state_offset_half,2824,2022-09-09,2022-09-19,-0.044647264962877,2022,2022-06-30,learned_vol_interaction,20260911,0.5607271777161128,0.5607271777161128,1,0
annual_state_offset_half,2828,2022-09-16,2022-09-26,-0.025155151434928,2022,2022-06-30,learned_vol_interaction,20260911,0.5823955816063714,0.5823955816063714,1,0
annual_state_offset_half,2833,2022-09-23,2022-10-10,-0.0060162941299352,2022,2022-06-30,learned_vol_interaction,20260911,0.7203281408147602,0.7203281408147602,1,0
annual_state_offset_half,2838,2022-09-30,2022-10-17,0.0041192047412885,2022,2022-06-30,learned_vol_interaction,20260911,0.5844476115887195,0.5844476115887195,1,1
annual_state_offset,2774,2022-07-01,2022-07-11,-0.0092349827532707,2022,2022-06-30,learned_order_extension,20260911,0.5074843163264047,0.5074843163264047,1,0
annual_state_offset,2779,2022-07-08,2022-07-18,-0.0326815927737367,2022,2022-06-30,learned_order_extension,20260911,0.5121847716177591,0.5121847716177591,1,0
annual_state_offset,2784,2022-07-15,2022-07-25,-0.0066210715249344,2022,2022-06-30,learned_order_extension,20260911,0.2684864364550306,0.2684864364550306,0,0
annual_state_offset,2789,2022-07-22,2022-08-01,-0.0173077967751003,2022,2022-06-30,learned_order_extension,20260911,0.2677542813034704,0.2677542813034704,0,0
annual_state_offset,2794,2022-07-29,2022-08-08,-0.004456034513838,2022,2022-06-30,learned_order_extension,20260911,0.5491944105847139,0.5491944105847139,1,0
annual_state_offset,2799,2022-08-05,2022-08-15,0.0091475117753996,2022,2022-06-30,learned_order_extension,20260911,0.777138078827454,0.777138078827454,1,1
annual_state_offset,2804,2022-08-12,2022-08-22,-0.0107272727272728,2022,2022-06-30,learned_order_extension,20260911,0.7974960640657842,0.7974960640657842,1,0
annual_state_offset,2809,2022-08-19,2022-08-29,-0.0172375434082356,2022,2022-06-30,learned_order_extension,20260911,0.7637706546439285,0.7637706546439285,1,0
annual_state_offset,2814,2022-08-26,2022-09-05,-0.0131573766941938,2022,2022-06-30,learned_order_extension,20260911,0.8226540126203189,0.8226540126203189,1,0
annual_state_offset,2819,2022-09-02,2022-09-13,0.0253340680878015,2022,2022-06-30,learned_order_extension,20260911,0.644411413270155,0.644411413270155,1,1
annual_state_offset,2824,2022-09-09,2022-09-19,-0.044647264962877,2022,2022-06-30,learned_order_extension,20260911,0.5469763027896688,0.5469763027896688,1,0
annual_state_offset,2828,2022-09-16,2022-09-26,-0.025155151434928,2022,2022-06-30,learned_order_extension,20260911,0.5825042466367706,0.5825042466367706,1,0
annual_state_offset,2833,2022-09-23,2022-10-10,-0.0060162941299352,2022,2022-06-30,learned_order_extension,20260911,0.7433924420218336,0.7433924420218336,1,0
annual_state_offset,2838,2022-09-30,2022-10-17,0.0041192047412885,2022,2022-06-30,learned_order_extension,20260911,0.5450668071809064,0.5450668071809064,1,1
annual_shared_offset,2774,2022-07-01,2022-07-11,-0.0092349827532707,2022,2022-06-30,learned_order_extension,20260911,0.5074843163264047,0.5074843163264047,1,0
annual_shared_offset,2779,2022-07-08,2022-07-18,-0.0326815927737367,2022,2022-06-30,learned_order_extension,20260911,0.5121847716177591,0.5121847716177591,1,0
annual_shared_offset,2784,2022-07-15,2022-07-25,-0.0066210715249344,2022,2022-06-30,learned_order_extension,20260911,0.2684864364550306,0.2684864364550306,0,0
annual_shared_offset,2789,2022-07-22,2022-08-01,-0.0173077967751003,2022,2022-06-30,learned_order_extension,20260911,0.2677542813034704,0.2677542813034704,0,0
annual_shared_offset,2794,2022-07-29,2022-08-08,-0.004456034513838,2022,2022-06-30,learned_order_extension,20260911,0.5491944105847139,0.5491944105847139,1,0
annual_shared_offset,2799,2022-08-05,2022-08-15,0.0091475117753996,2022,2022-06-30,learned_order_extension,20260911,0.777138078827454,0.777138078827454,1,1
annual_shared_offset,2804,2022-08-12,2022-08-22,-0.0107272727272728,2022,2022-06-30,learned_order_extension,20260911,0.7974960640657842,0.7974960640657842,1,0
annual_shared_offset,2809,2022-08-19,2022-08-29,-0.0172375434082356,2022,2022-06-30,learned_order_extension,20260911,0.7637706546439285,0.7637706546439285,1,0
annual_shared_offset,2814,2022-08-26,2022-09-05,-0.0131573766941938,2022,2022-06-30,learned_order_extension,20260911,0.8226540126203189,0.8226540126203189,1,0
annual_shared_offset,2819,2022-09-02,2022-09-13,0.0253340680878015,2022,2022-06-30,learned_order_extension,20260911,0.6565292534458315,0.6565292534458315,1,1
annual_shared_offset,2824,2022-09-09,2022-09-19,-0.044647264962877,2022,2022-06-30,learned_order_extension,20260911,0.5601481645000329,0.5601481645000329,1,0
annual_shared_offset,2828,2022-09-16,2022-09-26,-0.025155151434928,2022,2022-06-30,learned_order_extension,20260911,0.5954072103860061,0.5954072103860061,1,0
annual_shared_offset,2833,2022-09-23,2022-10-10,-0.0060162941299352,2022,2022-06-30,learned_order_extension,20260911,0.7534278360772698,0.7534278360772698,1,0
annual_shared_offset,2838,2022-09-30,2022-10-17,0.0041192047412885,2022,2022-06-30,learned_order_extension,20260911,0.5582493495495855,0.5582493495495855,1,1
annual_state_offset_half,2774,2022-07-01,2022-07-11,-0.0092349827532707,2022,2022-06-30,learned_order_extension,20260911,0.5074843163264047,0.5074843163264047,1,0
annual_state_offset_half,2779,2022-07-08,2022-07-18,-0.0326815927737367,2022,2022-06-30,learned_order_extension,20260911,0.5121847716177591,0.5121847716177591,1,0
annual_state_offset_half,2784,2022-07-15,2022-07-25,-0.0066210715249344,2022,2022-06-30,learned_order_extension,20260911,0.2684864364550306,0.2684864364550306,0,0
annual_state_offset_half,2789,2022-07-22,2022-08-01,-0.0173077967751003,2022,2022-06-30,learned_order_extension,20260911,0.2677542813034704,0.2677542813034704,0,0
annual_state_offset_half,2794,2022-07-29,2022-08-08,-0.004456034513838,2022,2022-06-30,learned_order_extension,20260911,0.5491944105847139,0.5491944105847139,1,0
annual_state_offset_half,2799,2022-08-05,2022-08-15,0.0091475117753996,2022,2022-06-30,learned_order_extension,20260911,0.777138078827454,0.777138078827454,1,1
annual_state_offset_half,2804,2022-08-12,2022-08-22,-0.0107272727272728,2022,2022-06-30,learned_order_extension,20260911,0.7974960640657842,0.7974960640657842,1,0
annual_state_offset_half,2809,2022-08-19,2022-08-29,-0.0172375434082356,2022,2022-06-30,learned_order_extension,20260911,0.7637706546439285,0.7637706546439285,1,0
annual_state_offset_half,2814,2022-08-26,2022-09-05,-0.0131573766941938,2022,2022-06-30,learned_order_extension,20260911,0.8226540126203189,0.8226540126203189,1,0
annual_state_offset_half,2819,2022-09-02,2022-09-13,0.0253340680878015,2022,2022-06-30,learned_order_extension,20260911,0.6875573024774715,0.6875573024774715,1,1
annual_state_offset_half,2824,2022-09-09,2022-09-19,-0.044647264962877,2022,2022-06-30,learned_order_extension,20260911,0.5945053846002543,0.5945053846002543,1,0
annual_state_offset_half,2828,2022-09-16,2022-09-26,-0.025155151434928,2022,2022-06-30,learned_order_extension,20260911,0.6288352439147729,0.6288352439147729,1,0
annual_state_offset_half,2833,2022-09-23,2022-10-10,-0.0060162941299352,2022,2022-06-30,learned_order_extension,20260911,0.7786535898755688,0.7786535898755688,1,0
annual_state_offset_half,2838,2022-09-30,2022-10-17,0.0041192047412885,2022,2022-06-30,learned_order_extension,20260911,0.592647027334167,0.592647027334167,1,1
annual_state_offset,2774,2022-07-01,2022-07-11,-0.0092349827532707,2022,2022-06-30,learned_order_offset,20260911,0.5070250526739909,0.5070250526739909,1,0
annual_state_offset,2779,2022-07-08,2022-07-18,-0.0326815927737367,2022,2022-06-30,learned_order_offset,20260911,0.5121244968373462,0.5121244968373462,1,0
annual_state_offset,2784,2022-07-15,2022-07-25,-0.0066210715249344,2022,2022-06-30,learned_order_offset,20260911,0.27002224125244795,0.27002224125244795,0,0
annual_state_offset,2789,2022-07-22,2022-08-01,-0.0173077967751003,2022,2022-06-30,learned_order_offset,20260911,0.2693979955700283,0.2693979955700283,0,0
annual_state_offset,2794,2022-07-29,2022-08-08,-0.004456034513838,2022,2022-06-30,learned_order_offset,20260911,0.5493720737942515,0.5493720737942515,1,0
annual_state_offset,2799,2022-08-05,2022-08-15,0.0091475117753996,2022,2022-06-30,learned_order_offset,20260911,0.7763427204784161,0.7763427204784161,1,1
annual_state_offset,2804,2022-08-12,2022-08-22,-0.0107272727272728,2022,2022-06-30,learned_order_offset,20260911,0.7964144422108967,0.7964144422108967,1,0
annual_state_offset,2809,2022-08-19,2022-08-29,-0.0172375434082356,2022,2022-06-30,learned_order_offset,20260911,0.7629768652536982,0.7629768652536982,1,0
annual_state_offset,2814,2022-08-26,2022-09-05,-0.0131573766941938,2022,2022-06-30,learned_order_offset,20260911,0.8221287067625676,0.8221287067625676,1,0
annual_state_offset,2819,2022-09-02,2022-09-13,0.0253340680878015,2022,2022-06-30,learned_order_offset,20260911,0.6451125716769124,0.6451125716769124,1,1
annual_state_offset,2824,2022-09-09,2022-09-19,-0.044647264962877,2022,2022-06-30,learned_order_offset,20260911,0.5471063170672731,0.5471063170672731,1,0
annual_state_offset,2828,2022-09-16,2022-09-26,-0.025155151434928,2022,2022-06-30,learned_order_offset,20260911,0.5826843231138837,0.5826843231138837,1,0
annual_state_offset,2833,2022-09-23,2022-10-10,-0.0060162941299352,2022,2022-06-30,learned_order_offset,20260911,0.7408911495715008,0.7408911495715008,1,0
annual_state_offset,2838,2022-09-30,2022-10-17,0.0041192047412885,2022,2022-06-30,learned_order_offset,20260911,0.545550691254657,0.545550691254657,1,1
annual_shared_offset,2774,2022-07-01,2022-07-11,-0.0092349827532707,2022,2022-06-30,learned_order_offset,20260911,0.5070250526739909,0.5070250526739909,1,0
annual_shared_offset,2779,2022-07-08,2022-07-18,-0.0326815927737367,2022,2022-06-30,learned_order_offset,20260911,0.5121244968373462,0.5121244968373462,1,0
annual_shared_offset,2784,2022-07-15,2022-07-25,-0.0066210715249344,2022,2022-06-30,learned_order_offset,20260911,0.27002224125244795,0.27002224125244795,0,0
annual_shared_offset,2789,2022-07-22,2022-08-01,-0.0173077967751003,2022,2022-06-30,learned_order_offset,20260911,0.2693979955700283,0.2693979955700283,0,0
annual_shared_offset,2794,2022-07-29,2022-08-08,-0.004456034513838,2022,2022-06-30,learned_order_offset,20260911,0.5493720737942515,0.5493720737942515,1,0
annual_shared_offset,2799,2022-08-05,2022-08-15,0.0091475117753996,2022,2022-06-30,learned_order_offset,20260911,0.7763427204784161,0.7763427204784161,1,1
annual_shared_offset,2804,2022-08-12,2022-08-22,-0.0107272727272728,2022,2022-06-30,learned_order_offset,20260911,0.7964144422108967,0.7964144422108967,1,0
annual_shared_offset,2809,2022-08-19,2022-08-29,-0.0172375434082356,2022,2022-06-30,learned_order_offset,20260911,0.7629768652536982,0.7629768652536982,1,0
annual_shared_offset,2814,2022-08-26,2022-09-05,-0.0131573766941938,2022,2022-06-30,learned_order_offset,20260911,0.8221287067625676,0.8221287067625676,1,0
annual_shared_offset,2819,2022-09-02,2022-09-13,0.0253340680878015,2022,2022-06-30,learned_order_offset,20260911,0.6573762356137576,0.6573762356137576,1,1
annual_shared_offset,2824,2022-09-09,2022-09-19,-0.044647264962877,2022,2022-06-30,learned_order_offset,20260911,0.5604491517485061,0.5604491517485061,1,0
annual_shared_offset,2828,2022-09-16,2022-09-26,-0.025155151434928,2022,2022-06-30,learned_order_offset,20260911,0.5957534597568297,0.5957534597568297,1,0
annual_shared_offset,2833,2022-09-23,2022-10-10,-0.0060162941299352,2022,2022-06-30,learned_order_offset,20260911,0.7511219192845292,0.7511219192845292,1,0
annual_shared_offset,2838,2022-09-30,2022-10-17,0.0041192047412885,2022,2022-06-30,learned_order_offset,20260911,0.5589024062199413,0.5589024062199413,1,1
annual_state_offset_half,2774,2022-07-01,2022-07-11,-0.0092349827532707,2022,2022-06-30,learned_order_offset,20260911,0.5070250526739909,0.5070250526739909,1,0
annual_state_offset_half,2779,2022-07-08,2022-07-18,-0.0326815927737367,2022,2022-06-30,learned_order_offset,20260911,0.5121244968373462,0.5121244968373462,1,0
annual_state_offset_half,2784,2022-07-15,2022-07-25,-0.0066210715249344,2022,2022-06-30,learned_order_offset,20260911,0.27002224125244795,0.27002224125244795,0,0
annual_state_offset_half,2789,2022-07-22,2022-08-01,-0.0173077967751003,2022,2022-06-30,learned_order_offset,20260911,0.2693979955700283,0.2693979955700283,0,0
annual_state_offset_half,2794,2022-07-29,2022-08-08,-0.004456034513838,2022,2022-06-30,learned_order_offset,20260911,0.5493720737942515,0.5493720737942515,1,0
annual_state_offset_half,2799,2022-08-05,2022-08-15,0.0091475117753996,2022,2022-06-30,learned_order_offset,20260911,0.7763427204784161,0.7763427204784161,1,1
annual_state_offset_half,2804,2022-08-12,2022-08-22,-0.0107272727272728,2022,2022-06-30,learned_order_offset,20260911,0.7964144422108967,0.7964144422108967,1,0
annual_state_offset_half,2809,2022-08-19,2022-08-29,-0.0172375434082356,2022,2022-06-30,learned_order_offset,20260911,0.7629768652536982,0.7629768652536982,1,0
annual_state_offset_half,2814,2022-08-26,2022-09-05,-0.0131573766941938,2022,2022-06-30,learned_order_offset,20260911,0.8221287067625676,0.8221287067625676,1,0
annual_state_offset_half,2819,2022-09-02,2022-09-13,0.0253340680878015,2022,2022-06-30,learned_order_offset,20260911,0.688139832650262,0.688139832650262,1,1
annual_state_offset_half,2824,2022-09-09,2022-09-19,-0.044647264962877,2022,2022-06-30,learned_order_offset,20260911,0.5945479391147896,0.5945479391147896,1,0
annual_state_offset_half,2828,2022-09-16,2022-09-26,-0.025155151434928,2022,2022-06-30,learned_order_offset,20260911,0.6289268116243139,0.6289268116243139,1,0
annual_state_offset_half,2833,2022-09-23,2022-10-10,-0.0060162941299352,2022,2022-06-30,learned_order_offset,20260911,0.77633217008377,0.77633217008377,1,0
annual_state_offset_half,2838,2022-09-30,2022-10-17,0.0041192047412885,2022,2022-06-30,learned_order_offset,20260911,0.5930340540226353,0.5930340540226353,1,1
annual_state_offset,2774,2022-07-01,2022-07-11,-0.0092349827532707,2022,2022-06-30,learned_market,20260912,0.3925821543273538,0.3925821543273538,0,0
annual_state_offset,2779,2022-07-08,2022-07-18,-0.0326815927737367,2022,2022-06-30,learned_market,20260912,0.4605216629741631,0.4605216629741631,0,0
annual_state_offset,2784,2022-07-15,2022-07-25,-0.0066210715249344,2022,2022-06-30,learned_market,20260912,0.5098027754769087,0.5098027754769087,1,0
annual_state_offset,2789,2022-07-22,2022-08-01,-0.0173077967751003,2022,2022-06-30,learned_market,20260912,0.5524679777609933,0.5524679777609933,1,0
annual_state_offset,2794,2022-07-29,2022-08-08,-0.004456034513838,2022,2022-06-30,learned_market,20260912,0.7218475045000325,0.7218475045000325,1,0
annual_state_offset,2799,2022-08-05,2022-08-15,0.0091475117753996,2022,2022-06-30,learned_market,20260912,0.6532039852224342,0.6532039852224342,1,1
annual_state_offset,2804,2022-08-12,2022-08-22,-0.0107272727272728,2022,2022-06-30,learned_market,20260912,0.5709775205876944,0.5709775205876944,1,0
annual_state_offset,2809,2022-08-19,2022-08-29,-0.0172375434082356,2022,2022-06-30,learned_market,20260912,0.5697718161826372,0.5697718161826372,1,0
annual_state_offset,2814,2022-08-26,2022-09-05,-0.0131573766941938,2022,2022-06-30,learned_market,20260912,0.6007938734692848,0.6007938734692848,1,0
annual_state_offset,2819,2022-09-02,2022-09-13,0.0253340680878015,2022,2022-06-30,learned_market,20260912,0.5922527690458205,0.5922527690458205,1,1
annual_state_offset,2824,2022-09-09,2022-09-19,-0.044647264962877,2022,2022-06-30,learned_market,20260912,0.7011782469829085,0.7011782469829085,1,0
annual_state_offset,2828,2022-09-16,2022-09-26,-0.025155151434928,2022,2022-06-30,learned_market,20260912,0.679446821159991,0.679446821159991,1,0
annual_state_offset,2833,2022-09-23,2022-10-10,-0.0060162941299352,2022,2022-06-30,learned_market,20260912,0.6483361662165258,0.6483361662165258,1,0
annual_state_offset,2838,2022-09-30,2022-10-17,0.0041192047412885,2022,2022-06-30,learned_market,20260912,0.6184496794109332,0.6184496794109332,1,1
annual_shared_offset,2774,2022-07-01,2022-07-11,-0.0092349827532707,2022,2022-06-30,learned_market,20260912,0.3925821543273538,0.3925821543273538,0,0
annual_shared_offset,2779,2022-07-08,2022-07-18,-0.0326815927737367,2022,2022-06-30,learned_market,20260912,0.4605216629741631,0.4605216629741631,0,0
annual_shared_offset,2784,2022-07-15,2022-07-25,-0.0066210715249344,2022,2022-06-30,learned_market,20260912,0.5098027754769087,0.5098027754769087,1,0
annual_shared_offset,2789,2022-07-22,2022-08-01,-0.0173077967751003,2022,2022-06-30,learned_market,20260912,0.5524679777609933,0.5524679777609933,1,0
annual_shared_offset,2794,2022-07-29,2022-08-08,-0.004456034513838,2022,2022-06-30,learned_market,20260912,0.7218475045000325,0.7218475045000325,1,0
annual_shared_offset,2799,2022-08-05,2022-08-15,0.0091475117753996,2022,2022-06-30,learned_market,20260912,0.6532039852224342,0.6532039852224342,1,1
annual_shared_offset,2804,2022-08-12,2022-08-22,-0.0107272727272728,2022,2022-06-30,learned_market,20260912,0.5709775205876944,0.5709775205876944,1,0
annual_shared_offset,2809,2022-08-19,2022-08-29,-0.0172375434082356,2022,2022-06-30,learned_market,20260912,0.5697718161826372,0.5697718161826372,1,0
annual_shared_offset,2814,2022-08-26,2022-09-05,-0.0131573766941938,2022,2022-06-30,learned_market,20260912,0.6007938734692848,0.6007938734692848,1,0
annual_shared_offset,2819,2022-09-02,2022-09-13,0.0253340680878015,2022,2022-06-30,learned_market,20260912,0.6159153239598876,0.6159153239598876,1,1
annual_shared_offset,2824,2022-09-09,2022-09-19,-0.044647264962877,2022,2022-06-30,learned_market,20260912,0.7214921523919208,0.7214921523919208,1,0
annual_shared_offset,2828,2022-09-16,2022-09-26,-0.025155151434928,2022,2022-06-30,learned_market,20260912,0.7006072427276877,0.7006072427276877,1,0
annual_shared_offset,2833,2022-09-23,2022-10-10,-0.0060162941299352,2022,2022-06-30,learned_market,20260912,0.6705544950211367,0.6705544950211367,1,0
annual_shared_offset,2838,2022-09-30,2022-10-17,0.0041192047412885,2022,2022-06-30,learned_market,20260912,0.6415121766766632,0.6415121766766632,1,1
annual_state_offset_half,2774,2022-07-01,2022-07-11,-0.0092349827532707,2022,2022-06-30,learned_market,20260912,0.3925821543273538,0.3925821543273538,0,0
annual_state_offset_half,2779,2022-07-08,2022-07-18,-0.0326815927737367,2022,2022-06-30,learned_market,20260912,0.4605216629741631,0.4605216629741631,0,0
annual_state_offset_half,2784,2022-07-15,2022-07-25,-0.0066210715249344,2022,2022-06-30,learned_market,20260912,0.5098027754769087,0.5098027754769087,1,0
annual_state_offset_half,2789,2022-07-22,2022-08-01,-0.0173077967751003,2022,2022-06-30,learned_market,20260912,0.5524679777609933,0.5524679777609933,1,0
annual_state_offset_half,2794,2022-07-29,2022-08-08,-0.004456034513838,2022,2022-06-30,learned_market,20260912,0.7218475045000325,0.7218475045000325,1,0
annual_state_offset_half,2799,2022-08-05,2022-08-15,0.0091475117753996,2022,2022-06-30,learned_market,20260912,0.6532039852224342,0.6532039852224342,1,1
annual_state_offset_half,2804,2022-08-12,2022-08-22,-0.0107272727272728,2022,2022-06-30,learned_market,20260912,0.5709775205876944,0.5709775205876944,1,0
annual_state_offset_half,2809,2022-08-19,2022-08-29,-0.0172375434082356,2022,2022-06-30,learned_market,20260912,0.5697718161826372,0.5697718161826372,1,0
annual_state_offset_half,2814,2022-08-26,2022-09-05,-0.0131573766941938,2022,2022-06-30,learned_market,20260912,0.6007938734692848,0.6007938734692848,1,0
annual_state_offset_half,2819,2022-09-02,2022-09-13,0.0253340680878015,2022,2022-06-30,learned_market,20260912,0.6360309007893461,0.6360309007893461,1,1
annual_state_offset_half,2824,2022-09-09,2022-09-19,-0.044647264962877,2022,2022-06-30,learned_market,20260912,0.7384266410864129,0.7384266410864129,1,0
annual_state_offset_half,2828,2022-09-16,2022-09-26,-0.025155151434928,2022,2022-06-30,learned_market,20260912,0.7183158344260915,0.7183158344260915,1,0
annual_state_offset_half,2833,2022-09-23,2022-10-10,-0.0060162941299352,2022,2022-06-30,learned_market,20260912,0.6892522327025349,0.6892522327025349,1,0
annual_state_offset_half,2838,2022-09-30,2022-10-17,0.0041192047412885,2022,2022-06-30,learned_market,20260912,0.661024975734812,0.661024975734812,1,1
annual_state_offset,2774,2022-07-01,2022-07-11,-0.0092349827532707,2022,2022-06-30,learned_vol_interaction,20260912,0.3627477495911205,0.3627477495911205,0,0
annual_state_offset,2779,2022-07-08,2022-07-18,-0.0326815927737367,2022,2022-06-30,learned_vol_interaction,20260912,0.4386327346901708,0.4386327346901708,0,0
annual_state_offset,2784,2022-07-15,2022-07-25,-0.0066210715249344,2022,2022-06-30,learned_vol_interaction,20260912,0.48961628460365914,0.48961628460365914,0,0
annual_state_offset,2789,2022-07-22,2022-08-01,-0.0173077967751003,2022,2022-06-30,learned_vol_interaction,20260912,0.5476518151604005,0.5476518151604005,1,0
annual_state_offset,2794,2022-07-29,2022-08-08,-0.004456034513838,2022,2022-06-30,learned_vol_interaction,20260912,0.7328326518032054,0.7328326518032054,1,0
annual_state_offset,2799,2022-08-05,2022-08-15,0.0091475117753996,2022,2022-06-30,learned_vol_interaction,20260912,0.6561494296696646,0.6561494296696646,1,1
annual_state_offset,2804,2022-08-12,2022-08-22,-0.0107272727272728,2022,2022-06-30,learned_vol_interaction,20260912,0.5667272646102238,0.5667272646102238,1,0
annual_state_offset,2809,2022-08-19,2022-08-29,-0.0172375434082356,2022,2022-06-30,learned_vol_interaction,20260912,0.5755574714973257,0.5755574714973257,1,0
annual_state_offset,2814,2022-08-26,2022-09-05,-0.0131573766941938,2022,2022-06-30,learned_vol_interaction,20260912,0.5992889777279924,0.5992889777279924,1,0
annual_state_offset,2819,2022-09-02,2022-09-13,0.0253340680878015,2022,2022-06-30,learned_vol_interaction,20260912,0.5755423749232133,0.5755423749232133,1,1
annual_state_offset,2824,2022-09-09,2022-09-19,-0.044647264962877,2022,2022-06-30,learned_vol_interaction,20260912,0.7094784231117479,0.7094784231117479,1,0
annual_state_offset,2828,2022-09-16,2022-09-26,-0.025155151434928,2022,2022-06-30,learned_vol_interaction,20260912,0.6806847956815498,0.6806847956815498,1,0
annual_state_offset,2833,2022-09-23,2022-10-10,-0.0060162941299352,2022,2022-06-30,learned_vol_interaction,20260912,0.6640482990972544,0.6640482990972544,1,0
annual_state_offset,2838,2022-09-30,2022-10-17,0.0041192047412885,2022,2022-06-30,learned_vol_interaction,20260912,0.6216914125105076,0.6216914125105076,1,1
annual_shared_offset,2774,2022-07-01,2022-07-11,-0.0092349827532707,2022,2022-06-30,learned_vol_interaction,20260912,0.3627477495911205,0.3627477495911205,0,0
annual_shared_offset,2779,2022-07-08,2022-07-18,-0.0326815927737367,2022,2022-06-30,learned_vol_interaction,20260912,0.4386327346901708,0.4386327346901708,0,0
annual_shared_offset,2784,2022-07-15,2022-07-25,-0.0066210715249344,2022,2022-06-30,learned_vol_interaction,20260912,0.48961628460365914,0.48961628460365914,0,0
annual_shared_offset,2789,2022-07-22,2022-08-01,-0.0173077967751003,2022,2022-06-30,learned_vol_interaction,20260912,0.5476518151604005,0.5476518151604005,1,0
annual_shared_offset,2794,2022-07-29,2022-08-08,-0.004456034513838,2022,2022-06-30,learned_vol_interaction,20260912,0.7328326518032054,0.7328326518032054,1,0
annual_shared_offset,2799,2022-08-05,2022-08-15,0.0091475117753996,2022,2022-06-30,learned_vol_interaction,20260912,0.6561494296696646,0.6561494296696646,1,1
annual_shared_offset,2804,2022-08-12,2022-08-22,-0.0107272727272728,2022,2022-06-30,learned_vol_interaction,20260912,0.5667272646102238,0.5667272646102238,1,0
annual_shared_offset,2809,2022-08-19,2022-08-29,-0.0172375434082356,2022,2022-06-30,learned_vol_interaction,20260912,0.5755574714973257,0.5755574714973257,1,0
annual_shared_offset,2814,2022-08-26,2022-09-05,-0.0131573766941938,2022,2022-06-30,learned_vol_interaction,20260912,0.5992889777279924,0.5992889777279924,1,0
annual_shared_offset,2819,2022-09-02,2022-09-13,0.0253340680878015,2022,2022-06-30,learned_vol_interaction,20260912,0.6002580679855611,0.6002580679855611,1,1
annual_shared_offset,2824,2022-09-09,2022-09-19,-0.044647264962877,2022,2022-06-30,learned_vol_interaction,20260912,0.7300531129626505,0.7300531129626505,1,0
annual_shared_offset,2828,2022-09-16,2022-09-26,-0.025155151434928,2022,2022-06-30,learned_vol_interaction,20260912,0.7024434179525019,0.7024434179525019,1,0
annual_shared_offset,2833,2022-09-23,2022-10-10,-0.0060162941299352,2022,2022-06-30,learned_vol_interaction,20260912,0.6864183076302479,0.6864183076302479,1,0
annual_shared_offset,2838,2022-09-30,2022-10-17,0.0041192047412885,2022,2022-06-30,learned_vol_interaction,20260912,0.6453756395451692,0.6453756395451692,1,1
annual_state_offset_half,2774,2022-07-01,2022-07-11,-0.0092349827532707,2022,2022-06-30,learned_vol_interaction,20260912,0.3627477495911205,0.3627477495911205,0,0
annual_state_offset_half,2779,2022-07-08,2022-07-18,-0.0326815927737367,2022,2022-06-30,learned_vol_interaction,20260912,0.4386327346901708,0.4386327346901708,0,0
annual_state_offset_half,2784,2022-07-15,2022-07-25,-0.0066210715249344,2022,2022-06-30,learned_vol_interaction,20260912,0.48961628460365914,0.48961628460365914,0,0
annual_state_offset_half,2789,2022-07-22,2022-08-01,-0.0173077967751003,2022,2022-06-30,learned_vol_interaction,20260912,0.5476518151604005,0.5476518151604005,1,0
annual_state_offset_half,2794,2022-07-29,2022-08-08,-0.004456034513838,2022,2022-06-30,learned_vol_interaction,20260912,0.7328326518032054,0.7328326518032054,1,0
annual_state_offset_half,2799,2022-08-05,2022-08-15,0.0091475117753996,2022,2022-06-30,learned_vol_interaction,20260912,0.6561494296696646,0.6561494296696646,1,1
annual_state_offset_half,2804,2022-08-12,2022-08-22,-0.0107272727272728,2022,2022-06-30,learned_vol_interaction,20260912,0.5667272646102238,0.5667272646102238,1,0
annual_state_offset_half,2809,2022-08-19,2022-08-29,-0.0172375434082356,2022,2022-06-30,learned_vol_interaction,20260912,0.5755574714973257,0.5755574714973257,1,0
annual_state_offset_half,2814,2022-08-26,2022-09-05,-0.0131573766941938,2022,2022-06-30,learned_vol_interaction,20260912,0.5992889777279924,0.5992889777279924,1,0
annual_state_offset_half,2819,2022-09-02,2022-09-13,0.0253340680878015,2022,2022-06-30,learned_vol_interaction,20260912,0.62057390041063,0.62057390041063,1,1
annual_state_offset_half,2824,2022-09-09,2022-09-19,-0.044647264962877,2022,2022-06-30,learned_vol_interaction,20260912,0.7465576397180154,0.7465576397180154,1,0
annual_state_offset_half,2828,2022-09-16,2022-09-26,-0.025155151434928,2022,2022-06-30,learned_vol_interaction,20260912,0.7199885466258347,0.7199885466258347,1,0
annual_state_offset_half,2833,2022-09-23,2022-10-10,-0.0060162941299352,2022,2022-06-30,learned_vol_interaction,20260912,0.7045108583618344,0.7045108583618344,1,0
annual_state_offset_half,2838,2022-09-30,2022-10-17,0.0041192047412885,2022,2022-06-30,learned_vol_interaction,20260912,0.6646794125154436,0.6646794125154436,1,1
annual_state_offset,2774,2022-07-01,2022-07-11,-0.0092349827532707,2022,2022-06-30,learned_order_extension,20260912,0.374217053609673,0.374217053609673,0,0
annual_state_offset,2779,2022-07-08,2022-07-18,-0.0326815927737367,2022,2022-06-30,learned_order_extension,20260912,0.4519894158378443,0.4519894158378443,0,0
annual_state_offset,2784,2022-07-15,2022-07-25,-0.0066210715249344,2022,2022-06-30,learned_order_extension,20260912,0.4940204054336156,0.4940204054336156,0,0
annual_state_offset,2789,2022-07-22,2022-08-01,-0.0173077967751003,2022,2022-06-30,learned_order_extension,20260912,0.5530846362953933,0.5530846362953933,1,0
annual_state_offset,2794,2022-07-29,2022-08-08,-0.004456034513838,2022,2022-06-30,learned_order_extension,20260912,0.7003654415092999,0.7003654415092999,1,0
annual_state_offset,2799,2022-08-05,2022-08-15,0.0091475117753996,2022,2022-06-30,learned_order_extension,20260912,0.6341161655828421,0.6341161655828421,1,1
annual_state_offset,2804,2022-08-12,2022-08-22,-0.0107272727272728,2022,2022-06-30,learned_order_extension,20260912,0.5691662323086379,0.5691662323086379,1,0
annual_state_offset,2809,2022-08-19,2022-08-29,-0.0172375434082356,2022,2022-06-30,learned_order_extension,20260912,0.5696880836750867,0.5696880836750867,1,0
annual_state_offset,2814,2022-08-26,2022-09-05,-0.0131573766941938,2022,2022-06-30,learned_order_extension,20260912,0.5878257984810045,0.5878257984810045,1,0
annual_state_offset,2819,2022-09-02,2022-09-13,0.0253340680878015,2022,2022-06-30,learned_order_extension,20260912,0.5494005076448928,0.5494005076448928,1,1
annual_state_offset,2824,2022-09-09,2022-09-19,-0.044647264962877,2022,2022-06-30,learned_order_extension,20260912,0.6507029121776704,0.6507029121776704,1,0
annual_state_offset,2828,2022-09-16,2022-09-26,-0.025155151434928,2022,2022-06-30,learned_order_extension,20260912,0.6300399359246578,0.6300399359246578,1,0
annual_state_offset,2833,2022-09-23,2022-10-10,-0.0060162941299352,2022,2022-06-30,learned_order_extension,20260912,0.6262183479905282,0.6262183479905282,1,0
annual_state_offset,2838,2022-09-30,2022-10-17,0.0041192047412885,2022,2022-06-30,learned_order_extension,20260912,0.5963209367240254,0.5963209367240254,1,1
annual_shared_offset,2774,2022-07-01,2022-07-11,-0.0092349827532707,2022,2022-06-30,learned_order_extension,20260912,0.374217053609673,0.374217053609673,0,0
annual_shared_offset,2779,2022-07-08,2022-07-18,-0.0326815927737367,2022,2022-06-30,learned_order_extension,20260912,0.4519894158378443,0.4519894158378443,0,0
annual_shared_offset,2784,2022-07-15,2022-07-25,-0.0066210715249344,2022,2022-06-30,learned_order_extension,20260912,0.4940204054336156,0.4940204054336156,0,0
annual_shared_offset,2789,2022-07-22,2022-08-01,-0.0173077967751003,2022,2022-06-30,learned_order_extension,20260912,0.5530846362953933,0.5530846362953933,1,0
annual_shared_offset,2794,2022-07-29,2022-08-08,-0.004456034513838,2022,2022-06-30,learned_order_extension,20260912,0.7003654415092999,0.7003654415092999,1,0
annual_shared_offset,2799,2022-08-05,2022-08-15,0.0091475117753996,2022,2022-06-30,learned_order_extension,20260912,0.6341161655828421,0.6341161655828421,1,1
annual_shared_offset,2804,2022-08-12,2022-08-22,-0.0107272727272728,2022,2022-06-30,learned_order_extension,20260912,0.5691662323086379,0.5691662323086379,1,0
annual_shared_offset,2809,2022-08-19,2022-08-29,-0.0172375434082356,2022,2022-06-30,learned_order_extension,20260912,0.5696880836750867,0.5696880836750867,1,0
annual_shared_offset,2814,2022-08-26,2022-09-05,-0.0131573766941938,2022,2022-06-30,learned_order_extension,20260912,0.5878257984810045,0.5878257984810045,1,0
annual_shared_offset,2819,2022-09-02,2022-09-13,0.0253340680878015,2022,2022-06-30,learned_order_extension,20260912,0.5741210788388812,0.5741210788388812,1,1
annual_shared_offset,2824,2022-09-09,2022-09-19,-0.044647264962877,2022,2022-06-30,learned_order_extension,20260912,0.6731719934517494,0.6731719934517494,1,0
annual_shared_offset,2828,2022-09-16,2022-09-26,-0.025155151434928,2022,2022-06-30,learned_order_extension,20260912,0.6531296500968186,0.6531296500968186,1,0
annual_shared_offset,2833,2022-09-23,2022-10-10,-0.0060162941299352,2022,2022-06-30,learned_order_extension,20260912,0.6494138533501873,0.6494138533501873,1,0
annual_shared_offset,2838,2022-09-30,2022-10-17,0.0041192047412885,2022,2022-06-30,learned_order_extension,20260912,0.6202466539991732,0.6202466539991732,1,1
annual_state_offset_half,2774,2022-07-01,2022-07-11,-0.0092349827532707,2022,2022-06-30,learned_order_extension,20260912,0.374217053609673,0.374217053609673,0,0
annual_state_offset_half,2779,2022-07-08,2022-07-18,-0.0326815927737367,2022,2022-06-30,learned_order_extension,20260912,0.4519894158378443,0.4519894158378443,0,0
annual_state_offset_half,2784,2022-07-15,2022-07-25,-0.0066210715249344,2022,2022-06-30,learned_order_extension,20260912,0.4940204054336156,0.4940204054336156,0,0
annual_state_offset_half,2789,2022-07-22,2022-08-01,-0.0173077967751003,2022,2022-06-30,learned_order_extension,20260912,0.5530846362953933,0.5530846362953933,1,0
annual_state_offset_half,2794,2022-07-29,2022-08-08,-0.004456034513838,2022,2022-06-30,learned_order_extension,20260912,0.7003654415092999,0.7003654415092999,1,0
annual_state_offset_half,2799,2022-08-05,2022-08-15,0.0091475117753996,2022,2022-06-30,learned_order_extension,20260912,0.6341161655828421,0.6341161655828421,1,1
annual_state_offset_half,2804,2022-08-12,2022-08-22,-0.0107272727272728,2022,2022-06-30,learned_order_extension,20260912,0.5691662323086379,0.5691662323086379,1,0
annual_state_offset_half,2809,2022-08-19,2022-08-29,-0.0172375434082356,2022,2022-06-30,learned_order_extension,20260912,0.5696880836750867,0.5696880836750867,1,0
annual_state_offset_half,2814,2022-08-26,2022-09-05,-0.0131573766941938,2022,2022-06-30,learned_order_extension,20260912,0.5878257984810045,0.5878257984810045,1,0
annual_state_offset_half,2819,2022-09-02,2022-09-13,0.0253340680878015,2022,2022-06-30,learned_order_extension,20260912,0.594462666169215,0.594462666169215,1,1
annual_state_offset_half,2824,2022-09-09,2022-09-19,-0.044647264962877,2022,2022-06-30,learned_order_extension,20260912,0.6913261621461575,0.6913261621461575,1,0
annual_state_offset_half,2828,2022-09-16,2022-09-26,-0.025155151434928,2022,2022-06-30,learned_order_extension,20260912,0.6718544189691285,0.6718544189691285,1,0
annual_state_offset_half,2833,2022-09-23,2022-10-10,-0.0060162941299352,2022,2022-06-30,learned_order_extension,20260912,0.6682373190230672,0.6682373190230672,1,0
annual_state_offset_half,2838,2022-09-30,2022-10-17,0.0041192047412885,2022,2022-06-30,learned_order_extension,20260912,0.6397674655701394,0.6397674655701394,1,1
annual_state_offset,2774,2022-07-01,2022-07-11,-0.0092349827532707,2022,2022-06-30,learned_order_offset,20260912,0.3742631378177632,0.3742631378177632,0,0
annual_state_offset,2779,2022-07-08,2022-07-18,-0.0326815927737367,2022,2022-06-30,learned_order_offset,20260912,0.45196032259529306,0.45196032259529306,0,0
annual_state_offset,2784,2022-07-15,2022-07-25,-0.0066210715249344,2022,2022-06-30,learned_order_offset,20260912,0.49395559112838827,0.49395559112838827,0,0
annual_state_offset,2789,2022-07-22,2022-08-01,-0.0173077967751003,2022,2022-06-30,learned_order_offset,20260912,0.5530567140533315,0.5530567140533315,1,0
annual_state_offset,2794,2022-07-29,2022-08-08,-0.004456034513838,2022,2022-06-30,learned_order_offset,20260912,0.7004287549044343,0.7004287549044343,1,0
annual_state_offset,2799,2022-08-05,2022-08-15,0.0091475117753996,2022,2022-06-30,learned_order_offset,20260912,0.6341811795165448,0.6341811795165448,1,1
annual_state_offset,2804,2022-08-12,2022-08-22,-0.0107272727272728,2022,2022-06-30,learned_order_offset,20260912,0.5692369708416735,0.5692369708416735,1,0
annual_state_offset,2809,2022-08-19,2022-08-29,-0.0172375434082356,2022,2022-06-30,learned_order_offset,20260912,0.569797003520037,0.569797003520037,1,0
annual_state_offset,2814,2022-08-26,2022-09-05,-0.0131573766941938,2022,2022-06-30,learned_order_offset,20260912,0.5879050437117161,0.5879050437117161,1,0
annual_state_offset,2819,2022-09-02,2022-09-13,0.0253340680878015,2022,2022-06-30,learned_order_offset,20260912,0.5495211148410396,0.5495211148410396,1,1
annual_state_offset,2824,2022-09-09,2022-09-19,-0.044647264962877,2022,2022-06-30,learned_order_offset,20260912,0.6507368386077733,0.6507368386077733,1,0
annual_state_offset,2828,2022-09-16,2022-09-26,-0.025155151434928,2022,2022-06-30,learned_order_offset,20260912,0.630132517337468,0.630132517337468,1,0
annual_state_offset,2833,2022-09-23,2022-10-10,-0.0060162941299352,2022,2022-06-30,learned_order_offset,20260912,0.6261988140982436,0.6261988140982436,1,0
annual_state_offset,2838,2022-09-30,2022-10-17,0.0041192047412885,2022,2022-06-30,learned_order_offset,20260912,0.5963612851594751,0.5963612851594751,1,1
annual_shared_offset,2774,2022-07-01,2022-07-11,-0.0092349827532707,2022,2022-06-30,learned_order_offset,20260912,0.3742631378177632,0.3742631378177632,0,0
annual_shared_offset,2779,2022-07-08,2022-07-18,-0.0326815927737367,2022,2022-06-30,learned_order_offset,20260912,0.45196032259529306,0.45196032259529306,0,0
annual_shared_offset,2784,2022-07-15,2022-07-25,-0.0066210715249344,2022,2022-06-30,learned_order_offset,20260912,0.49395559112838827,0.49395559112838827,0,0
annual_shared_offset,2789,2022-07-22,2022-08-01,-0.0173077967751003,2022,2022-06-30,learned_order_offset,20260912,0.5530567140533315,0.5530567140533315,1,0
annual_shared_offset,2794,2022-07-29,2022-08-08,-0.004456034513838,2022,2022-06-30,learned_order_offset,20260912,0.7004287549044343,0.7004287549044343,1,0
annual_shared_offset,2799,2022-08-05,2022-08-15,0.0091475117753996,2022,2022-06-30,learned_order_offset,20260912,0.6341811795165448,0.6341811795165448,1,1
annual_shared_offset,2804,2022-08-12,2022-08-22,-0.0107272727272728,2022,2022-06-30,learned_order_offset,20260912,0.5692369708416735,0.5692369708416735,1,0
annual_shared_offset,2809,2022-08-19,2022-08-29,-0.0172375434082356,2022,2022-06-30,learned_order_offset,20260912,0.569797003520037,0.569797003520037,1,0
annual_shared_offset,2814,2022-08-26,2022-09-05,-0.0131573766941938,2022,2022-06-30,learned_order_offset,20260912,0.5879050437117161,0.5879050437117161,1,0
annual_shared_offset,2819,2022-09-02,2022-09-13,0.0253340680878015,2022,2022-06-30,learned_order_offset,20260912,0.574229727472028,0.574229727472028,1,1
annual_shared_offset,2824,2022-09-09,2022-09-19,-0.044647264962877,2022,2022-06-30,learned_order_offset,20260912,0.6731954126398529,0.6731954126398529,1,0
annual_shared_offset,2828,2022-09-16,2022-09-26,-0.025155151434928,2022,2022-06-30,learned_order_offset,20260912,0.6532099334716068,0.6532099334716068,1,0
annual_shared_offset,2833,2022-09-23,2022-10-10,-0.0060162941299352,2022,2022-06-30,learned_order_offset,20260912,0.6493851031652605,0.6493851031652605,1,0
annual_shared_offset,2838,2022-09-30,2022-10-17,0.0041192047412885,2022,2022-06-30,learned_order_offset,20260912,0.6202760478231875,0.6202760478231875,1,1
annual_state_offset_half,2774,2022-07-01,2022-07-11,-0.0092349827532707,2022,2022-06-30,learned_order_offset,20260912,0.3742631378177632,0.3742631378177632,0,0
annual_state_offset_half,2779,2022-07-08,2022-07-18,-0.0326815927737367,2022,2022-06-30,learned_order_offset,20260912,0.45196032259529306,0.45196032259529306,0,0
annual_state_offset_half,2784,2022-07-15,2022-07-25,-0.0066210715249344,2022,2022-06-30,learned_order_offset,20260912,0.49395559112838827,0.49395559112838827,0,0
annual_state_offset_half,2789,2022-07-22,2022-08-01,-0.0173077967751003,2022,2022-06-30,learned_order_offset,20260912,0.5530567140533315,0.5530567140533315,1,0
annual_state_offset_half,2794,2022-07-29,2022-08-08,-0.004456034513838,2022,2022-06-30,learned_order_offset,20260912,0.7004287549044343,0.7004287549044343,1,0
annual_state_offset_half,2799,2022-08-05,2022-08-15,0.0091475117753996,2022,2022-06-30,learned_order_offset,20260912,0.6341811795165448,0.6341811795165448,1,1
annual_state_offset_half,2804,2022-08-12,2022-08-22,-0.0107272727272728,2022,2022-06-30,learned_order_offset,20260912,0.5692369708416735,0.5692369708416735,1,0
annual_state_offset_half,2809,2022-08-19,2022-08-29,-0.0172375434082356,2022,2022-06-30,learned_order_offset,20260912,0.569797003520037,0.569797003520037,1,0
annual_state_offset_half,2814,2022-08-26,2022-09-05,-0.0131573766941938,2022,2022-06-30,learned_order_offset,20260912,0.5879050437117161,0.5879050437117161,1,0
annual_state_offset_half,2819,2022-09-02,2022-09-13,0.0253340680878015,2022,2022-06-30,learned_order_offset,20260912,0.5945811415324094,0.5945811415324094,1,1
annual_state_offset_half,2824,2022-09-09,2022-09-19,-0.044647264962877,2022,2022-06-30,learned_order_offset,20260912,0.6913589253579269,0.6913589253579269,1,0
annual_state_offset_half,2828,2022-09-16,2022-09-26,-0.025155151434928,2022,2022-06-30,learned_order_offset,20260912,0.6719429259844608,0.6719429259844608,1,0
annual_state_offset_half,2833,2022-09-23,2022-10-10,-0.0060162941299352,2022,2022-06-30,learned_order_offset,20260912,0.6682197640576453,0.6682197640576453,1,0
annual_state_offset_half,2838,2022-09-30,2022-10-17,0.0041192047412885,2022,2022-06-30,learned_order_offset,20260912,0.6398070782748487,0.6398070782748487,1,1
annual_state_offset,2843,2022-10-14,2022-10-24,-0.0246766294110258,2022,2022-09-30,learned_market,20260910,0.5382415469026814,0.5382415469026814,1,0
annual_state_offset,2848,2022-10-21,2022-10-31,-0.059928861134359,2022,2022-09-30,learned_market,20260910,0.5603506809973444,0.5603506809973444,1,0
annual_state_offset,2853,2022-10-28,2022-11-07,0.071339502526744,2022,2022-09-30,learned_market,20260910,0.3849360435895596,0.3849360435895596,0,1
annual_state_offset,2858,2022-11-04,2022-11-14,0.0169449090696014,2022,2022-09-30,learned_market,20260910,0.5413866985600626,0.5413866985600626,1,1
annual_state_offset,2863,2022-11-11,2022-11-21,-0.0127051391515239,2022,2022-09-30,learned_market,20260910,0.5021329119977311,0.5021329119977311,1,0
annual_state_offset,2868,2022-11-18,2022-11-28,-0.0179672806084416,2022,2022-09-30,learned_market,20260910,0.5327539762438597,0.5327539762438597,1,0
annual_state_offset,2873,2022-11-25,2022-12-05,0.0555768659337096,2022,2022-09-30,learned_market,20260910,0.42406876664095,0.42406876664095,0,1
annual_state_offset,2878,2022-12-02,2022-12-12,0.0175374394775362,2022,2022-09-30,learned_market,20260910,0.3781886762118054,0.3781886762118054,0,1
annual_state_offset,2883,2022-12-09,2022-12-19,-0.0058850602464181,2022,2022-09-30,learned_market,20260910,0.3293028504397217,0.3293028504397217,0,0
annual_state_offset,2888,2022-12-16,2022-12-26,-0.0309150292073658,2022,2022-09-30,learned_market,20260910,0.5342390074531399,0.5342390074531399,1,0
annual_state_offset,2893,2022-12-23,2023-01-03,0.0089464492229616,2022,2022-09-30,learned_market,20260910,0.4011450207471752,0.4011450207471752,0,1
annual_state_offset,2898,2022-12-30,2023-01-09,0.0345913414268119,2022,2022-09-30,learned_market,20260910,0.474379477494692,0.474379477494692,0,1
annual_shared_offset,2843,2022-10-14,2022-10-24,-0.0246766294110258,2022,2022-09-30,learned_market,20260910,0.5407895332287022,0.5407895332287022,1,0
annual_shared_offset,2848,2022-10-21,2022-10-31,-0.059928861134359,2022,2022-09-30,learned_market,20260910,0.5628757479786288,0.5628757479786288,1,0
annual_shared_offset,2853,2022-10-28,2022-11-07,0.071339502526744,2022,2022-09-30,learned_market,20260910,0.38736711089723974,0.38736711089723974,0,1
annual_shared_offset,2858,2022-11-04,2022-11-14,0.0169449090696014,2022,2022-09-30,learned_market,20260910,0.5439320352951326,0.5439320352951326,1,1
annual_shared_offset,2863,2022-11-11,2022-11-21,-0.0127051391515239,2022,2022-09-30,learned_market,20260910,0.5046967933534551,0.5046967933534551,1,0
annual_shared_offset,2868,2022-11-18,2022-11-28,-0.0179672806084416,2022,2022-09-30,learned_market,20260910,0.5353061002215787,0.5353061002215787,1,0
annual_shared_offset,2873,2022-11-25,2022-12-05,0.0555768659337096,2022,2022-09-30,learned_market,20260910,0.42657557176666216,0.42657557176666216,0,1
annual_shared_offset,2878,2022-12-02,2022-12-12,0.0175374394775362,2022,2022-09-30,learned_market,20260910,0.3806034995527576,0.3806034995527576,0,1
annual_shared_offset,2883,2022-12-09,2022-12-19,-0.0058850602464181,2022,2022-09-30,learned_market,20260910,0.33157197448088305,0.33157197448088305,0,0
annual_shared_offset,2888,2022-12-16,2022-12-26,-0.0309150292073658,2022,2022-09-30,learned_market,20260910,0.5045826544061875,0.5045826544061875,1,0
annual_shared_offset,2893,2022-12-23,2023-01-03,0.0089464492229616,2022,2022-09-30,learned_market,20260910,0.40361128110608896,0.40361128110608896,0,1
annual_shared_offset,2898,2022-12-30,2023-01-09,0.0345913414268119,2022,2022-09-30,learned_market,20260910,0.4448721520352309,0.4448721520352309,0,1
annual_state_offset_half,2843,2022-10-14,2022-10-24,-0.0246766294110258,2022,2022-09-30,learned_market,20260910,0.5902434603784132,0.5902434603784132,1,0
annual_state_offset_half,2848,2022-10-21,2022-10-31,-0.059928861134359,2022,2022-09-30,learned_market,20260910,0.6116591643891736,0.6116591643891736,1,0
annual_state_offset_half,2853,2022-10-28,2022-11-07,0.071339502526744,2022,2022-09-30,learned_market,20260910,0.43611542212739685,0.43611542212739685,0,1
annual_state_offset_half,2858,2022-11-04,2022-11-14,0.0169449090696014,2022,2022-09-30,learned_market,20260910,0.5933020477900541,0.5933020477900541,1,1
annual_state_offset_half,2863,2022-11-11,2022-11-21,-0.0127051391515239,2022,2022-09-30,learned_market,20260910,0.5548380480527673,0.5548380480527673,1,0
annual_state_offset_half,2868,2022-11-18,2022-11-28,-0.0179672806084416,2022,2022-09-30,learned_market,20260910,0.5848972744048544,0.5848972744048544,1,0
annual_state_offset_half,2873,2022-11-25,2022-12-05,0.0555768659337096,2022,2022-09-30,learned_market,20260910,0.47642094583929623,0.47642094583929623,0,1
annual_state_offset_half,2878,2022-12-02,2022-12-12,0.0175374394775362,2022,2022-09-30,learned_market,20260910,0.4290968128797712,0.4290968128797712,0,1
annual_state_offset_half,2883,2022-12-09,2022-12-19,-0.0058850602464181,2022,2022-09-30,learned_market,20260910,0.3776268169048982,0.3776268169048982,0,0
annual_state_offset_half,2888,2022-12-16,2022-12-26,-0.0309150292073658,2022,2022-09-30,learned_market,20260910,0.5706072930781247,0.5706072930781247,1,0
annual_state_offset_half,2893,2022-12-23,2023-01-03,0.0089464492229616,2022,2022-09-30,learned_market,20260910,0.4528926184299848,0.4528926184299848,0,1
annual_state_offset_half,2898,2022-12-30,2023-01-09,0.0345913414268119,2022,2022-09-30,learned_market,20260910,0.5111448253646712,0.5111448253646712,1,1
annual_state_offset,2843,2022-10-14,2022-10-24,-0.0246766294110258,2022,2022-09-30,learned_vol_interaction,20260910,0.5383631971042199,0.5383631971042199,1,0
annual_state_offset,2848,2022-10-21,2022-10-31,-0.059928861134359,2022,2022-09-30,learned_vol_interaction,20260910,0.5735949208326353,0.5735949208326353,1,0
annual_state_offset,2853,2022-10-28,2022-11-07,0.071339502526744,2022,2022-09-30,learned_vol_interaction,20260910,0.3937715903739726,0.3937715903739726,0,1
annual_state_offset,2858,2022-11-04,2022-11-14,0.0169449090696014,2022,2022-09-30,learned_vol_interaction,20260910,0.5159392318984583,0.5159392318984583,1,1
annual_state_offset,2863,2022-11-11,2022-11-21,-0.0127051391515239,2022,2022-09-30,learned_vol_interaction,20260910,0.4904510293476165,0.4904510293476165,0,0
annual_state_offset,2868,2022-11-18,2022-11-28,-0.0179672806084416,2022,2022-09-30,learned_vol_interaction,20260910,0.5244645404495413,0.5244645404495413,1,0
annual_state_offset,2873,2022-11-25,2022-12-05,0.0555768659337096,2022,2022-09-30,learned_vol_interaction,20260910,0.43604850683475094,0.43604850683475094,0,1
annual_state_offset,2878,2022-12-02,2022-12-12,0.0175374394775362,2022,2022-09-30,learned_vol_interaction,20260910,0.38300715177776606,0.38300715177776606,0,1
annual_state_offset,2883,2022-12-09,2022-12-19,-0.0058850602464181,2022,2022-09-30,learned_vol_interaction,20260910,0.3224526972341238,0.3224526972341238,0,0
annual_state_offset,2888,2022-12-16,2022-12-26,-0.0309150292073658,2022,2022-09-30,learned_vol_interaction,20260910,0.5322278297853933,0.5322278297853933,1,0
annual_state_offset,2893,2022-12-23,2023-01-03,0.0089464492229616,2022,2022-09-30,learned_vol_interaction,20260910,0.3997219874501332,0.3997219874501332,0,1
annual_state_offset,2898,2022-12-30,2023-01-09,0.0345913414268119,2022,2022-09-30,learned_vol_interaction,20260910,0.47478084554690275,0.47478084554690275,0,1
annual_shared_offset,2843,2022-10-14,2022-10-24,-0.0246766294110258,2022,2022-09-30,learned_vol_interaction,20260910,0.5369190193074027,0.5369190193074027,1,0
annual_shared_offset,2848,2022-10-21,2022-10-31,-0.059928861134359,2022,2022-09-30,learned_vol_interaction,20260910,0.5721733730461395,0.5721733730461395,1,0
annual_shared_offset,2853,2022-10-28,2022-11-07,0.071339502526744,2022,2022-09-30,learned_vol_interaction,20260910,0.3923855981470612,0.3923855981470612,0,1
annual_shared_offset,2858,2022-11-04,2022-11-14,0.0169449090696014,2022,2022-09-30,learned_vol_interaction,20260910,0.5144881673647588,0.5144881673647588,1,1
annual_shared_offset,2863,2022-11-11,2022-11-21,-0.0127051391515239,2022,2022-09-30,learned_vol_interaction,20260910,0.4889992334736067,0.4889992334736067,0,0
annual_shared_offset,2868,2022-11-18,2022-11-28,-0.0179672806084416,2022,2022-09-30,learned_vol_interaction,20260910,0.5230154054726133,0.5230154054726133,1,0
annual_shared_offset,2873,2022-11-25,2022-12-05,0.0555768659337096,2022,2022-09-30,learned_vol_interaction,20260910,0.4346203914414275,0.4346203914414275,0,1
annual_shared_offset,2878,2022-12-02,2022-12-12,0.0175374394775362,2022,2022-09-30,learned_vol_interaction,20260910,0.38163519635187393,0.38163519635187393,0,1
annual_shared_offset,2883,2022-12-09,2022-12-19,-0.0058850602464181,2022,2022-09-30,learned_vol_interaction,20260910,0.32118473601926956,0.32118473601926956,0,0
annual_shared_offset,2888,2022-12-16,2022-12-26,-0.0309150292073658,2022,2022-09-30,learned_vol_interaction,20260910,0.5044596120562002,0.5044596120562002,1,0
annual_shared_offset,2893,2022-12-23,2023-01-03,0.0089464492229616,2022,2022-09-30,learned_vol_interaction,20260910,0.3983288126555715,0.3983288126555715,0,1
annual_shared_offset,2898,2022-12-30,2023-01-09,0.0345913414268119,2022,2022-09-30,learned_vol_interaction,20260910,0.4471447960940548,0.4471447960940548,0,1
annual_state_offset_half,2843,2022-10-14,2022-10-24,-0.0246766294110258,2022,2022-09-30,learned_vol_interaction,20260910,0.5878967477030221,0.5878967477030221,1,0
annual_state_offset_half,2848,2022-10-21,2022-10-31,-0.059928861134359,2022,2022-09-30,learned_vol_interaction,20260910,0.6220023927175341,0.6220023927175341,1,0
annual_state_offset_half,2853,2022-10-28,2022-11-07,0.071339502526744,2022,2022-09-30,learned_vol_interaction,20260910,0.4427611796057857,0.4427611796057857,0,1
annual_state_offset_half,2858,2022-11-04,2022-11-14,0.0169449090696014,2022,2022-09-30,learned_vol_interaction,20260910,0.5659389363458569,0.5659389363458569,1,1
annual_state_offset_half,2863,2022-11-11,2022-11-21,-0.0127051391515239,2022,2022-09-30,learned_vol_interaction,20260910,0.5407399561303939,0.5407399561303939,1,0
annual_state_offset_half,2868,2022-11-18,2022-11-28,-0.0179672806084416,2022,2022-09-30,learned_vol_interaction,20260910,0.5743102084040099,0.5743102084040099,1,0
annual_state_offset_half,2873,2022-11-25,2022-12-05,0.0555768659337096,2022,2022-09-30,learned_vol_interaction,20260910,0.4860805157410307,0.4860805157410307,0,1
annual_state_offset_half,2878,2022-12-02,2022-12-12,0.0175374394775362,2022,2022-09-30,learned_vol_interaction,20260910,0.43161099443925083,0.43161099443925083,0,1
annual_state_offset_half,2883,2022-12-09,2022-12-19,-0.0058850602464181,2022,2022-09-30,learned_vol_interaction,20260910,0.3679548721957967,0.3679548721957967,0,0
annual_state_offset_half,2888,2022-12-16,2022-12-26,-0.0309150292073658,2022,2022-09-30,learned_vol_interaction,20260910,0.5690293070250811,0.5690293070250811,1,0
annual_state_offset_half,2893,2022-12-23,2023-01-03,0.0089464492229616,2022,2022-09-30,learned_vol_interaction,20260910,0.44890369378847217,0.44890369378847217,0,1
annual_state_offset_half,2898,2022-12-30,2023-01-09,0.0345913414268119,2022,2022-09-30,learned_vol_interaction,20260910,0.5119575367470813,0.5119575367470813,1,1
annual_state_offset,2843,2022-10-14,2022-10-24,-0.0246766294110258,2022,2022-09-30,learned_order_extension,20260910,0.5116609699904359,0.5116609699904359,1,0
annual_state_offset,2848,2022-10-21,2022-10-31,-0.059928861134359,2022,2022-09-30,learned_order_extension,20260910,0.5630935716198929,0.5630935716198929,1,0
annual_state_offset,2853,2022-10-28,2022-11-07,0.071339502526744,2022,2022-09-30,learned_order_extension,20260910,0.4012503587018732,0.4012503587018732,0,1
annual_state_offset,2858,2022-11-04,2022-11-14,0.0169449090696014,2022,2022-09-30,learned_order_extension,20260910,0.5174563846316198,0.5174563846316198,1,1
annual_state_offset,2863,2022-11-11,2022-11-21,-0.0127051391515239,2022,2022-09-30,learned_order_extension,20260910,0.5000051506318456,0.5000051506318456,1,0
annual_state_offset,2868,2022-11-18,2022-11-28,-0.0179672806084416,2022,2022-09-30,learned_order_extension,20260910,0.5376642917251143,0.5376642917251143,1,0
annual_state_offset,2873,2022-11-25,2022-12-05,0.0555768659337096,2022,2022-09-30,learned_order_extension,20260910,0.4316266242068014,0.4316266242068014,0,1
annual_state_offset,2878,2022-12-02,2022-12-12,0.0175374394775362,2022,2022-09-30,learned_order_extension,20260910,0.3598041532180239,0.3598041532180239,0,1
annual_state_offset,2883,2022-12-09,2022-12-19,-0.0058850602464181,2022,2022-09-30,learned_order_extension,20260910,0.2981912603340561,0.2981912603340561,0,0
annual_state_offset,2888,2022-12-16,2022-12-26,-0.0309150292073658,2022,2022-09-30,learned_order_extension,20260910,0.5455590893691776,0.5455590893691776,1,0
annual_state_offset,2893,2022-12-23,2023-01-03,0.0089464492229616,2022,2022-09-30,learned_order_extension,20260910,0.40202919361040546,0.40202919361040546,0,1
annual_state_offset,2898,2022-12-30,2023-01-09,0.0345913414268119,2022,2022-09-30,learned_order_extension,20260910,0.4888432006075254,0.4888432006075254,0,1
annual_shared_offset,2843,2022-10-14,2022-10-24,-0.0246766294110258,2022,2022-09-30,learned_order_extension,20260910,0.5128109766594149,0.5128109766594149,1,0
annual_shared_offset,2848,2022-10-21,2022-10-31,-0.059928861134359,2022,2022-09-30,learned_order_extension,20260910,0.5642256144094328,0.5642256144094328,1,0
annual_shared_offset,2853,2022-10-28,2022-11-07,0.071339502526744,2022,2022-09-30,learned_order_extension,20260910,0.40235667187443236,0.40235667187443236,0,1
annual_shared_offset,2858,2022-11-04,2022-11-14,0.0169449090696014,2022,2022-09-30,learned_order_extension,20260910,0.5186055839835513,0.5186055839835513,1,1
annual_shared_offset,2863,2022-11-11,2022-11-21,-0.0127051391515239,2022,2022-09-30,learned_order_extension,20260910,0.5011558448749928,0.5011558448749928,1,0
annual_shared_offset,2868,2022-11-18,2022-11-28,-0.0179672806084416,2022,2022-09-30,learned_order_extension,20260910,0.5388082581828777,0.5388082581828777,1,0
annual_shared_offset,2873,2022-11-25,2022-12-05,0.0555768659337096,2022,2022-09-30,learned_order_extension,20260910,0.43275615634166703,0.43275615634166703,0,1
annual_shared_offset,2878,2022-12-02,2022-12-12,0.0175374394775362,2022,2022-09-30,learned_order_extension,20260910,0.360865065074332,0.360865065074332,0,1
annual_shared_offset,2883,2022-12-09,2022-12-19,-0.0058850602464181,2022,2022-09-30,learned_order_extension,20260910,0.2991553939379999,0.2991553939379999,0,0
annual_shared_offset,2888,2022-12-16,2022-12-26,-0.0309150292073658,2022,2022-09-30,learned_order_extension,20260910,0.514050761576015,0.514050761576015,1,0
annual_shared_offset,2893,2022-12-23,2023-01-03,0.0089464492229616,2022,2022-09-30,learned_order_extension,20260910,0.4031362083375498,0.4031362083375498,0,1
annual_shared_offset,2898,2022-12-30,2023-01-09,0.0345913414268119,2022,2022-09-30,learned_order_extension,20260910,0.4573141626000629,0.4573141626000629,0,1
annual_state_offset_half,2843,2022-10-14,2022-10-24,-0.0246766294110258,2022,2022-09-30,learned_order_extension,20260910,0.5602144491146043,0.5602144491146043,1,0
annual_state_offset_half,2848,2022-10-21,2022-10-31,-0.059928861134359,2022,2022-09-30,learned_order_extension,20260910,0.6104268606394275,0.6104268606394275,1,0
annual_state_offset_half,2853,2022-10-28,2022-11-07,0.071339502526744,2022,2022-09-30,learned_order_extension,20260910,0.4489589400893359,0.4489589400893359,0,1
annual_state_offset_half,2858,2022-11-04,2022-11-14,0.0169449090696014,2022,2022-09-30,learned_order_extension,20260910,0.5659224921538399,0.5659224921538399,1,1
annual_state_offset_half,2863,2022-11-11,2022-11-21,-0.0127051391515239,2022,2022-09-30,learned_order_extension,20260910,0.5486953340242369,0.5486953340242369,1,0
annual_state_offset_half,2868,2022-11-18,2022-11-28,-0.0179672806084416,2022,2022-09-30,learned_order_extension,20260910,0.5857256804554722,0.5857256804554722,1,0
annual_state_offset_half,2873,2022-11-25,2022-12-05,0.0555768659337096,2022,2022-09-30,learned_order_extension,20260910,0.48005120912822313,0.48005120912822313,0,1
annual_state_offset_half,2878,2022-12-02,2022-12-12,0.0175374394775362,2022,2022-09-30,learned_order_extension,20260910,0.40592571791521764,0.40592571791521764,0,1
annual_state_offset_half,2883,2022-12-09,2022-12-19,-0.0058850602464181,2022,2022-09-30,learned_order_extension,20260910,0.3406170314433575,0.3406170314433575,0,0
annual_state_offset_half,2888,2022-12-16,2022-12-26,-0.0309150292073658,2022,2022-09-30,learned_order_extension,20260910,0.5775098183765592,0.5775098183765592,1,0
annual_state_offset_half,2893,2022-12-23,2023-01-03,0.0089464492229616,2022,2022-09-30,learned_order_extension,20260910,0.44976081777943205,0.44976081777943205,0,1
annual_state_offset_half,2898,2022-12-30,2023-01-09,0.0345913414268119,2022,2022-09-30,learned_order_extension,20260910,0.5212824840509336,0.5212824840509336,1,1
annual_state_offset,2843,2022-10-14,2022-10-24,-0.0246766294110258,2022,2022-09-30,learned_order_offset,20260910,0.5116918373167604,0.5116918373167604,1,0
annual_state_offset,2848,2022-10-21,2022-10-31,-0.059928861134359,2022,2022-09-30,learned_order_offset,20260910,0.5631445708797195,0.5631445708797195,1,0
annual_state_offset,2853,2022-10-28,2022-11-07,0.071339502526744,2022,2022-09-30,learned_order_offset,20260910,0.4012664012447745,0.4012664012447745,0,1
annual_state_offset,2858,2022-11-04,2022-11-14,0.0169449090696014,2022,2022-09-30,learned_order_offset,20260910,0.51741004076943,0.51741004076943,1,1
annual_state_offset,2863,2022-11-11,2022-11-21,-0.0127051391515239,2022,2022-09-30,learned_order_offset,20260910,0.4998475295249996,0.4998475295249996,0,0
annual_state_offset,2868,2022-11-18,2022-11-28,-0.0179672806084416,2022,2022-09-30,learned_order_offset,20260910,0.5376036077493399,0.5376036077493399,1,0
annual_state_offset,2873,2022-11-25,2022-12-05,0.0555768659337096,2022,2022-09-30,learned_order_offset,20260910,0.4316373536695428,0.4316373536695428,0,1
annual_state_offset,2878,2022-12-02,2022-12-12,0.0175374394775362,2022,2022-09-30,learned_order_offset,20260910,0.36023778718500865,0.36023778718500865,0,1
annual_state_offset,2883,2022-12-09,2022-12-19,-0.0058850602464181,2022,2022-09-30,learned_order_offset,20260910,0.2984973573139154,0.2984973573139154,0,0
annual_state_offset,2888,2022-12-16,2022-12-26,-0.0309150292073658,2022,2022-09-30,learned_order_offset,20260910,0.5453787519998299,0.5453787519998299,1,0
annual_state_offset,2893,2022-12-23,2023-01-03,0.0089464492229616,2022,2022-09-30,learned_order_offset,20260910,0.4022574458510721,0.4022574458510721,0,1
annual_state_offset,2898,2022-12-30,2023-01-09,0.0345913414268119,2022,2022-09-30,learned_order_offset,20260910,0.48903725310554547,0.48903725310554547,0,1
annual_shared_offset,2843,2022-10-14,2022-10-24,-0.0246766294110258,2022,2022-09-30,learned_order_offset,20260910,0.5127814461339357,0.5127814461339357,1,0
annual_shared_offset,2848,2022-10-21,2022-10-31,-0.059928861134359,2022,2022-09-30,learned_order_offset,20260910,0.5642171475351738,0.5642171475351738,1,0
annual_shared_offset,2853,2022-10-28,2022-11-07,0.071339502526744,2022,2022-09-30,learned_order_offset,20260910,0.40231460025560994,0.40231460025560994,0,1
annual_shared_offset,2858,2022-11-04,2022-11-14,0.0169449090696014,2022,2022-09-30,learned_order_offset,20260910,0.5184988967488139,0.5184988967488139,1,1
annual_shared_offset,2863,2022-11-11,2022-11-21,-0.0127051391515239,2022,2022-09-30,learned_order_offset,20260910,0.5009377906737177,0.5009377906737177,1,0
annual_shared_offset,2868,2022-11-18,2022-11-28,-0.0179672806084416,2022,2022-09-30,learned_order_offset,20260910,0.5386875238719946,0.5386875238719946,1,0
annual_shared_offset,2873,2022-11-25,2022-12-05,0.0555768659337096,2022,2022-09-30,learned_order_offset,20260910,0.4327075521371419,0.4327075521371419,0,1
annual_shared_offset,2878,2022-12-02,2022-12-12,0.0175374394775362,2022,2022-09-30,learned_order_offset,20260910,0.3612434743736693,0.3612434743736693,0,1
annual_shared_offset,2883,2022-12-09,2022-12-19,-0.0058850602464181,2022,2022-09-30,learned_order_offset,20260910,0.2994113482529434,0.2994113482529434,0,0
annual_shared_offset,2888,2022-12-16,2022-12-26,-0.0309150292073658,2022,2022-09-30,learned_order_offset,20260910,0.5139077713180938,0.5139077713180938,1,0
annual_shared_offset,2893,2022-12-23,2023-01-03,0.0089464492229616,2022,2022-09-30,learned_order_offset,20260910,0.40330648985922096,0.40330648985922096,0,1
annual_shared_offset,2898,2022-12-30,2023-01-09,0.0345913414268119,2022,2022-09-30,learned_order_offset,20260910,0.45754536093894627,0.45754536093894627,0,1
annual_state_offset_half,2843,2022-10-14,2022-10-24,-0.0246766294110258,2022,2022-09-30,learned_order_offset,20260910,0.560180482272927,0.560180482272927,1,0
annual_state_offset_half,2848,2022-10-21,2022-10-31,-0.059928861134359,2022,2022-09-30,learned_order_offset,20260910,0.6104139948342611,0.6104139948342611,1,0
annual_state_offset_half,2853,2022-10-28,2022-11-07,0.071339502526744,2022,2022-09-30,learned_order_offset,20260910,0.4489107905977832,0.4489107905977832,0,1
annual_state_offset_half,2858,2022-11-04,2022-11-14,0.0169449090696014,2022,2022-09-30,learned_order_offset,20260910,0.5658126806271372,0.5658126806271372,1,1
annual_state_offset_half,2863,2022-11-11,2022-11-21,-0.0127051391515239,2022,2022-09-30,learned_order_offset,20260910,0.5484744676090706,0.5484744676090706,1,0
annual_state_offset_half,2868,2022-11-18,2022-11-28,-0.0179672806084416,2022,2022-09-30,learned_order_offset,20260910,0.5856030098390296,0.5856030098390296,1,0
annual_state_offset_half,2873,2022-11-25,2022-12-05,0.0555768659337096,2022,2022-09-30,learned_order_offset,20260910,0.4799968792770014,0.4799968792770014,0,1
annual_state_offset_half,2878,2022-12-02,2022-12-12,0.0175374394775362,2022,2022-09-30,learned_order_offset,20260910,0.4063165952129112,0.4063165952129112,0,1
annual_state_offset_half,2883,2022-12-09,2022-12-19,-0.0058850602464181,2022,2022-09-30,learned_order_offset,20260910,0.3408867865900218,0.3408867865900218,0,0
annual_state_offset_half,2888,2022-12-16,2022-12-26,-0.0309150292073658,2022,2022-09-30,learned_order_offset,20260910,0.5773169500331538,0.5773169500331538,1,0
annual_state_offset_half,2893,2022-12-23,2023-01-03,0.0089464492229616,2022,2022-09-30,learned_order_offset,20260910,0.4499310800153445,0.4499310800153445,0,1
annual_state_offset_half,2898,2022-12-30,2023-01-09,0.0345913414268119,2022,2022-09-30,learned_order_offset,20260910,0.521460541576483,0.521460541576483,1,1
annual_state_offset,2843,2022-10-14,2022-10-24,-0.0246766294110258,2022,2022-09-30,learned_market,20260911,0.52303030324445,0.52303030324445,1,0
annual_state_offset,2848,2022-10-21,2022-10-31,-0.059928861134359,2022,2022-09-30,learned_market,20260911,0.6588399031019521,0.6588399031019521,1,0
annual_state_offset,2853,2022-10-28,2022-11-07,0.071339502526744,2022,2022-09-30,learned_market,20260911,0.5373819685509276,0.5373819685509276,1,1
annual_state_offset,2858,2022-11-04,2022-11-14,0.0169449090696014,2022,2022-09-30,learned_market,20260911,0.21463947580784035,0.21463947580784035,0,1
annual_state_offset,2863,2022-11-11,2022-11-21,-0.0127051391515239,2022,2022-09-30,learned_market,20260911,0.3285700871452349,0.3285700871452349,0,0
annual_state_offset,2868,2022-11-18,2022-11-28,-0.0179672806084416,2022,2022-09-30,learned_market,20260911,0.22419647345828592,0.22419647345828592,0,0
annual_state_offset,2873,2022-11-25,2022-12-05,0.0555768659337096,2022,2022-09-30,learned_market,20260911,0.39215397866427576,0.39215397866427576,0,1
annual_state_offset,2878,2022-12-02,2022-12-12,0.0175374394775362,2022,2022-09-30,learned_market,20260911,0.5404337341966109,0.5404337341966109,1,1
annual_state_offset,2883,2022-12-09,2022-12-19,-0.0058850602464181,2022,2022-09-30,learned_market,20260911,0.4476048421237768,0.4476048421237768,0,0
annual_state_offset,2888,2022-12-16,2022-12-26,-0.0309150292073658,2022,2022-09-30,learned_market,20260911,0.42025789754854415,0.42025789754854415,0,0
annual_state_offset,2893,2022-12-23,2023-01-03,0.0089464492229616,2022,2022-09-30,learned_market,20260911,0.5253310261468863,0.5253310261468863,1,1
annual_state_offset,2898,2022-12-30,2023-01-09,0.0345913414268119,2022,2022-09-30,learned_market,20260911,0.2639416318359731,0.2639416318359731,0,1
annual_shared_offset,2843,2022-10-14,2022-10-24,-0.0246766294110258,2022,2022-09-30,learned_market,20260911,0.5153801651105648,0.5153801651105648,1,0
annual_shared_offset,2848,2022-10-21,2022-10-31,-0.059928861134359,2022,2022-09-30,learned_market,20260911,0.6519183710007639,0.6519183710007639,1,0
annual_shared_offset,2853,2022-10-28,2022-11-07,0.071339502526744,2022,2022-09-30,learned_market,20260911,0.5297550613933051,0.5297550613933051,1,1
annual_shared_offset,2858,2022-11-04,2022-11-14,0.0169449090696014,2022,2022-09-30,learned_market,20260911,0.20951862075581498,0.20951862075581498,0,1
annual_shared_offset,2863,2022-11-11,2022-11-21,-0.0127051391515239,2022,2022-09-30,learned_market,20260911,0.3218449950777739,0.3218449950777739,0,0
annual_shared_offset,2868,2022-11-18,2022-11-28,-0.0179672806084416,2022,2022-09-30,learned_market,20260911,0.21891116366972355,0.21891116366972355,0,0
annual_shared_offset,2873,2022-11-25,2022-12-05,0.0555768659337096,2022,2022-09-30,learned_market,20260911,0.3848734598070747,0.3848734598070747,0,1
annual_shared_offset,2878,2022-12-02,2022-12-12,0.0175374394775362,2022,2022-09-30,learned_market,20260911,0.5328133991130128,0.5328133991130128,1,1
annual_shared_offset,2883,2022-12-09,2022-12-19,-0.0058850602464181,2022,2022-09-30,learned_market,20260911,0.4400401209145107,0.4400401209145107,0,0
annual_shared_offset,2888,2022-12-16,2022-12-26,-0.0309150292073658,2022,2022-09-30,learned_market,20260911,0.38665745362305093,0.38665745362305093,0,0
annual_shared_offset,2893,2022-12-23,2023-01-03,0.0089464492229616,2022,2022-09-30,learned_market,20260911,0.5176837605154361,0.5176837605154361,1,1
annual_shared_offset,2898,2022-12-30,2023-01-09,0.0345913414268119,2022,2022-09-30,learned_market,20260911,0.23771445016772488,0.23771445016772488,0,1
annual_state_offset_half,2843,2022-10-14,2022-10-24,-0.0246766294110258,2022,2022-09-30,learned_market,20260911,0.5631656169284612,0.5631656169284612,1,0
annual_state_offset_half,2848,2022-10-21,2022-10-31,-0.059928861134359,2022,2022-09-30,learned_market,20260911,0.6942282480554121,0.6942282480554121,1,0
annual_state_offset_half,2853,2022-10-28,2022-11-07,0.071339502526744,2022,2022-09-30,learned_market,20260911,0.5772856594043133,0.5772856594043133,1,1
annual_state_offset_half,2858,2022-11-04,2022-11-14,0.0169449090696014,2022,2022-09-30,learned_market,20260911,0.24317513990033343,0.24317513990033343,0,1
annual_state_offset_half,2863,2022-11-11,2022-11-21,-0.0127051391515239,2022,2022-09-30,learned_market,20260911,0.36520893623820105,0.36520893623820105,0,0
annual_state_offset_half,2868,2022-11-18,2022-11-28,-0.0179672806084416,2022,2022-09-30,learned_market,20260911,0.2535924437681033,0.2535924437681033,0,0
annual_state_offset_half,2873,2022-11-25,2022-12-05,0.0555768659337096,2022,2022-09-30,learned_market,20260911,0.4313282794101089,0.4313282794101089,0,1
annual_state_offset_half,2878,2022-12-02,2022-12-12,0.0175374394775362,2022,2022-09-30,learned_market,20260911,0.5802797890367852,0.5802797890367852,1,1
annual_state_offset_half,2883,2022-12-09,2022-12-19,-0.0058850602464181,2022,2022-09-30,learned_market,20260911,0.4878724569075083,0.4878724569075083,0,0
annual_state_offset_half,2888,2022-12-16,2022-12-26,-0.0309150292073658,2022,2022-09-30,learned_market,20260911,0.4466060509593252,0.4466060509593252,0,0
annual_state_offset_half,2893,2022-12-23,2023-01-03,0.0089464492229616,2022,2022-09-30,learned_market,20260911,0.5654335952518286,0.5654335952518286,1,1
annual_state_offset_half,2898,2022-12-30,2023-01-09,0.0345913414268119,2022,2022-09-30,learned_market,20260911,0.2853125865916896,0.2853125865916896,0,1
annual_state_offset,2843,2022-10-14,2022-10-24,-0.0246766294110258,2022,2022-09-30,learned_vol_interaction,20260911,0.5236372162963612,0.5236372162963612,1,0
annual_state_offset,2848,2022-10-21,2022-10-31,-0.059928861134359,2022,2022-09-30,learned_vol_interaction,20260911,0.6569717298616252,0.6569717298616252,1,0
annual_state_offset,2853,2022-10-28,2022-11-07,0.071339502526744,2022,2022-09-30,learned_vol_interaction,20260911,0.540212635489394,0.540212635489394,1,1
annual_state_offset,2858,2022-11-04,2022-11-14,0.0169449090696014,2022,2022-09-30,learned_vol_interaction,20260911,0.2042579977862788,0.2042579977862788,0,1
annual_state_offset,2863,2022-11-11,2022-11-21,-0.0127051391515239,2022,2022-09-30,learned_vol_interaction,20260911,0.32105983027245844,0.32105983027245844,0,0
annual_state_offset,2868,2022-11-18,2022-11-28,-0.0179672806084416,2022,2022-09-30,learned_vol_interaction,20260911,0.21075204515360646,0.21075204515360646,0,0
annual_state_offset,2873,2022-11-25,2022-12-05,0.0555768659337096,2022,2022-09-30,learned_vol_interaction,20260911,0.3879907027893537,0.3879907027893537,0,1
annual_state_offset,2878,2022-12-02,2022-12-12,0.0175374394775362,2022,2022-09-30,learned_vol_interaction,20260911,0.5386531564367687,0.5386531564367687,1,1
annual_state_offset,2883,2022-12-09,2022-12-19,-0.0058850602464181,2022,2022-09-30,learned_vol_interaction,20260911,0.44949585994492935,0.44949585994492935,0,0
annual_state_offset,2888,2022-12-16,2022-12-26,-0.0309150292073658,2022,2022-09-30,learned_vol_interaction,20260911,0.421350427351153,0.421350427351153,0,0
annual_state_offset,2893,2022-12-23,2023-01-03,0.0089464492229616,2022,2022-09-30,learned_vol_interaction,20260911,0.5223934523851365,0.5223934523851365,1,1
annual_state_offset,2898,2022-12-30,2023-01-09,0.0345913414268119,2022,2022-09-30,learned_vol_interaction,20260911,0.2705487334811689,0.2705487334811689,0,1
annual_shared_offset,2843,2022-10-14,2022-10-24,-0.0246766294110258,2022,2022-09-30,learned_vol_interaction,20260911,0.5158267890816867,0.5158267890816867,1,0
annual_shared_offset,2848,2022-10-21,2022-10-31,-0.059928861134359,2022,2022-09-30,learned_vol_interaction,20260911,0.6498857486158425,0.6498857486158425,1,0
annual_shared_offset,2853,2022-10-28,2022-11-07,0.071339502526744,2022,2022-09-30,learned_vol_interaction,20260911,0.532431308081585,0.532431308081585,1,1
annual_shared_offset,2858,2022-11-04,2022-11-14,0.0169449090696014,2022,2022-09-30,learned_vol_interaction,20260911,0.1992190911816949,0.1992190911816949,0,1
annual_shared_offset,2863,2022-11-11,2022-11-21,-0.0127051391515239,2022,2022-09-30,learned_vol_interaction,20260911,0.31427751632683876,0.31427751632683876,0,0
annual_shared_offset,2868,2022-11-18,2022-11-28,-0.0179672806084416,2022,2022-09-30,learned_vol_interaction,20260911,0.2055943263294439,0.2055943263294439,0,0
annual_shared_offset,2873,2022-11-25,2022-12-05,0.0555768659337096,2022,2022-09-30,learned_vol_interaction,20260911,0.3805870658023415,0.3805870658023415,0,1
annual_shared_offset,2878,2022-12-02,2022-12-12,0.0175374394775362,2022,2022-09-30,learned_vol_interaction,20260911,0.5308683563475385,0.5308683563475385,1,1
annual_shared_offset,2883,2022-12-09,2022-12-19,-0.0058850602464181,2022,2022-09-30,learned_vol_interaction,20260911,0.4417657494306419,0.4417657494306419,0,0
annual_shared_offset,2888,2022-12-16,2022-12-26,-0.0309150292073658,2022,2022-09-30,learned_vol_interaction,20260911,0.387723474238908,0.387723474238908,0,0
annual_shared_offset,2893,2022-12-23,2023-01-03,0.0089464492229616,2022,2022-09-30,learned_vol_interaction,20260911,0.5145815367661332,0.5145815367661332,1,1
annual_shared_offset,2898,2022-12-30,2023-01-09,0.0345913414268119,2022,2022-09-30,learned_vol_interaction,20260911,0.24388443552775302,0.24388443552775302,0,1
annual_state_offset_half,2843,2022-10-14,2022-10-24,-0.0246766294110258,2022,2022-09-30,learned_vol_interaction,20260911,0.564037133174495,0.564037133174495,1,0
annual_state_offset_half,2848,2022-10-21,2022-10-31,-0.059928861134359,2022,2022-09-30,learned_vol_interaction,20260911,0.6926998318963044,0.6926998318963044,1,0
annual_state_offset_half,2853,2022-10-28,2022-11-07,0.071339502526744,2022,2022-09-30,learned_vol_interaction,20260911,0.5803334346370524,0.5803334346370524,1,1
annual_state_offset_half,2858,2022-11-04,2022-11-14,0.0169449090696014,2022,2022-09-30,learned_vol_interaction,20260911,0.23201868362677117,0.23201868362677117,0,1
annual_state_offset_half,2863,2022-11-11,2022-11-21,-0.0127051391515239,2022,2022-09-30,learned_vol_interaction,20260911,0.3575619188290207,0.3575619188290207,0,0
annual_state_offset_half,2868,2022-11-18,2022-11-28,-0.0179672806084416,2022,2022-09-30,learned_vol_interaction,20260911,0.2391301027785343,0.2391301027785343,0,0
annual_state_offset_half,2873,2022-11-25,2022-12-05,0.0555768659337096,2022,2022-09-30,learned_vol_interaction,20260911,0.4273130193705104,0.4273130193705104,0,1
annual_state_offset_half,2878,2022-12-02,2022-12-12,0.0175374394775362,2022,2022-09-30,learned_vol_interaction,20260911,0.578803935802321,0.578803935802321,1,1
annual_state_offset_half,2883,2022-12-09,2022-12-19,-0.0058850602464181,2022,2022-09-30,learned_vol_interaction,20260911,0.4900602568337839,0.4900602568337839,0,0
annual_state_offset_half,2888,2022-12-16,2022-12-26,-0.0309150292073658,2022,2022-09-30,learned_vol_interaction,20260911,0.44806975263295484,0.44806975263295484,0,0
annual_state_offset_half,2893,2022-12-23,2023-01-03,0.0089464492229616,2022,2022-09-30,learned_vol_interaction,20260911,0.5628107835239878,0.5628107835239878,1,1
annual_state_offset_half,2898,2022-12-30,2023-01-09,0.0345913414268119,2022,2022-09-30,learned_vol_interaction,20260911,0.2925397547501286,0.2925397547501286,0,1
annual_state_offset,2843,2022-10-14,2022-10-24,-0.0246766294110258,2022,2022-09-30,learned_order_extension,20260911,0.5253421739289715,0.5253421739289715,1,0
annual_state_offset,2848,2022-10-21,2022-10-31,-0.059928861134359,2022,2022-09-30,learned_order_extension,20260911,0.6806483832041815,0.6806483832041815,1,0
annual_state_offset,2853,2022-10-28,2022-11-07,0.071339502526744,2022,2022-09-30,learned_order_extension,20260911,0.5393241749509599,0.5393241749509599,1,1
annual_state_offset,2858,2022-11-04,2022-11-14,0.0169449090696014,2022,2022-09-30,learned_order_extension,20260911,0.17812737579812582,0.17812737579812582,0,1
annual_state_offset,2863,2022-11-11,2022-11-21,-0.0127051391515239,2022,2022-09-30,learned_order_extension,20260911,0.3261410486221159,0.3261410486221159,0,0
annual_state_offset,2868,2022-11-18,2022-11-28,-0.0179672806084416,2022,2022-09-30,learned_order_extension,20260911,0.24063834108533305,0.24063834108533305,0,0
annual_state_offset,2873,2022-11-25,2022-12-05,0.0555768659337096,2022,2022-09-30,learned_order_extension,20260911,0.40488846206209,0.40488846206209,0,1
annual_state_offset,2878,2022-12-02,2022-12-12,0.0175374394775362,2022,2022-09-30,learned_order_extension,20260911,0.523770504995657,0.523770504995657,1,1
annual_state_offset,2883,2022-12-09,2022-12-19,-0.0058850602464181,2022,2022-09-30,learned_order_extension,20260911,0.46487970735661266,0.46487970735661266,0,0
annual_state_offset,2888,2022-12-16,2022-12-26,-0.0309150292073658,2022,2022-09-30,learned_order_extension,20260911,0.41742718996710115,0.41742718996710115,0,0
annual_state_offset,2893,2022-12-23,2023-01-03,0.0089464492229616,2022,2022-09-30,learned_order_extension,20260911,0.5074418496594971,0.5074418496594971,1,1
annual_state_offset,2898,2022-12-30,2023-01-09,0.0345913414268119,2022,2022-09-30,learned_order_extension,20260911,0.257379732403377,0.257379732403377,0,1
annual_shared_offset,2843,2022-10-14,2022-10-24,-0.0246766294110258,2022,2022-09-30,learned_order_extension,20260911,0.5128319611073612,0.5128319611073612,1,0
annual_shared_offset,2848,2022-10-21,2022-10-31,-0.059928861134359,2022,2022-09-30,learned_order_extension,20260911,0.6696575440241139,0.6696575440241139,1,0
annual_shared_offset,2853,2022-10-28,2022-11-07,0.071339502526744,2022,2022-09-30,learned_order_extension,20260911,0.5268505739458614,0.5268505739458614,1,1
annual_shared_offset,2858,2022-11-04,2022-11-14,0.0169449090696014,2022,2022-09-30,learned_order_extension,20260911,0.1709083791767459,0.1709083791767459,0,1
annual_shared_offset,2863,2022-11-11,2022-11-21,-0.0127051391515239,2022,2022-09-30,learned_order_extension,20260911,0.31522419433753823,0.31522419433753823,0,0
annual_shared_offset,2868,2022-11-18,2022-11-28,-0.0179672806084416,2022,2022-09-30,learned_order_extension,20260911,0.2315998505339353,0.2315998505339353,0,0
annual_shared_offset,2873,2022-11-25,2022-12-05,0.0555768659337096,2022,2022-09-30,learned_order_extension,20260911,0.39287248870709185,0.39287248870709185,0,1
annual_shared_offset,2878,2022-12-02,2022-12-12,0.0175374394775362,2022,2022-09-30,learned_order_extension,20260911,0.5112574062894637,0.5112574062894637,1,1
annual_shared_offset,2883,2022-12-09,2022-12-19,-0.0058850602464181,2022,2022-09-30,learned_order_extension,20260911,0.452436899178486,0.452436899178486,0,0
annual_shared_offset,2888,2022-12-16,2022-12-26,-0.0309150292073658,2022,2022-09-30,learned_order_extension,20260911,0.3874418335669815,0.3874418335669815,0,0
annual_shared_offset,2893,2022-12-23,2023-01-03,0.0089464492229616,2022,2022-09-30,learned_order_extension,20260911,0.49491344618750205,0.49491344618750205,0,1
annual_shared_offset,2898,2022-12-30,2023-01-09,0.0345913414268119,2022,2022-09-30,learned_order_extension,20260911,0.23426801163462116,0.23426801163462116,0,1
annual_state_offset_half,2843,2022-10-14,2022-10-24,-0.0246766294110258,2022,2022-09-30,learned_order_extension,20260911,0.5651216431513687,0.5651216431513687,1,0
annual_state_offset_half,2848,2022-10-21,2022-10-31,-0.059928861134359,2022,2022-09-30,learned_order_extension,20260911,0.7144859568741461,0.7144859568741461,1,0
annual_state_offset_half,2853,2022-10-28,2022-11-07,0.071339502526744,2022,2022-09-30,learned_order_extension,20260911,0.5788711945565267,0.5788711945565267,1,1
annual_state_offset_half,2858,2022-11-04,2022-11-14,0.0169449090696014,2022,2022-09-30,learned_order_extension,20260911,0.20285138456796314,0.20285138456796314,0,1
annual_state_offset_half,2863,2022-11-11,2022-11-21,-0.0127051391515239,2022,2022-09-30,learned_order_extension,20260911,0.36235164123597013,0.36235164123597013,0,0
annual_state_offset_half,2868,2022-11-18,2022-11-28,-0.0179672806084416,2022,2022-09-30,learned_order_extension,20260911,0.27117604544574186,0.27117604544574186,0,0
annual_state_offset_half,2873,2022-11-25,2022-12-05,0.0555768659337096,2022,2022-09-30,learned_order_extension,20260911,0.444080363877777,0.444080363877777,0,1
annual_state_offset_half,2878,2022-12-02,2022-12-12,0.0175374394775362,2022,2022-09-30,learned_order_extension,20260911,0.5635722672656562,0.5635722672656562,1,1
annual_state_offset_half,2883,2022-12-09,2022-12-19,-0.0058850602464181,2022,2022-09-30,learned_order_extension,20260911,0.504951371074203,0.504951371074203,1,0
annual_state_offset_half,2888,2022-12-16,2022-12-26,-0.0309150292073658,2022,2022-09-30,learned_order_extension,20260911,0.4476589998253716,0.4476589998253716,0,0
annual_state_offset_half,2893,2022-12-23,2023-01-03,0.0089464492229616,2022,2022-09-30,learned_order_extension,20260911,0.5474291244083145,0.5474291244083145,1,1
annual_state_offset_half,2898,2022-12-30,2023-01-09,0.0345913414268119,2022,2022-09-30,learned_order_extension,20260911,0.2816236339726472,0.2816236339726472,0,1
annual_state_offset,2843,2022-10-14,2022-10-24,-0.0246766294110258,2022,2022-09-30,learned_order_offset,20260911,0.5256834692912236,0.5256834692912236,1,0
annual_state_offset,2848,2022-10-21,2022-10-31,-0.059928861134359,2022,2022-09-30,learned_order_offset,20260911,0.6798361966616232,0.6798361966616232,1,0
annual_state_offset,2853,2022-10-28,2022-11-07,0.071339502526744,2022,2022-09-30,learned_order_offset,20260911,0.5396278162858412,0.5396278162858412,1,1
annual_state_offset,2858,2022-11-04,2022-11-14,0.0169449090696014,2022,2022-09-30,learned_order_offset,20260911,0.1774474263463186,0.1774474263463186,0,1
annual_state_offset,2863,2022-11-11,2022-11-21,-0.0127051391515239,2022,2022-09-30,learned_order_offset,20260911,0.3252041647621765,0.3252041647621765,0,0
annual_state_offset,2868,2022-11-18,2022-11-28,-0.0179672806084416,2022,2022-09-30,learned_order_offset,20260911,0.2393560405993178,0.2393560405993178,0,0
annual_state_offset,2873,2022-11-25,2022-12-05,0.0555768659337096,2022,2022-09-30,learned_order_offset,20260911,0.40325420591753447,0.40325420591753447,0,1
annual_state_offset,2878,2022-12-02,2022-12-12,0.0175374394775362,2022,2022-09-30,learned_order_offset,20260911,0.5221110639456631,0.5221110639456631,1,1
annual_state_offset,2883,2022-12-09,2022-12-19,-0.0058850602464181,2022,2022-09-30,learned_order_offset,20260911,0.4653710843763313,0.4653710843763313,0,0
annual_state_offset,2888,2022-12-16,2022-12-26,-0.0309150292073658,2022,2022-09-30,learned_order_offset,20260911,0.4180462563461268,0.4180462563461268,0,0
annual_state_offset,2893,2022-12-23,2023-01-03,0.0089464492229616,2022,2022-09-30,learned_order_offset,20260911,0.5070983749502559,0.5070983749502559,1,1
annual_state_offset,2898,2022-12-30,2023-01-09,0.0345913414268119,2022,2022-09-30,learned_order_offset,20260911,0.25872227061043185,0.25872227061043185,0,1
annual_shared_offset,2843,2022-10-14,2022-10-24,-0.0246766294110258,2022,2022-09-30,learned_order_offset,20260911,0.5129044050676764,0.5129044050676764,1,0
annual_shared_offset,2848,2022-10-21,2022-10-31,-0.059928861134359,2022,2022-09-30,learned_order_offset,20260911,0.6685920168980247,0.6685920168980247,1,0
annual_shared_offset,2853,2022-10-28,2022-11-07,0.071339502526744,2022,2022-09-30,learned_order_offset,20260911,0.5268863220372948,0.5268863220372948,1,1
annual_shared_offset,2858,2022-11-04,2022-11-14,0.0169449090696014,2022,2022-09-30,learned_order_offset,20260911,0.17009793845646318,0.17009793845646318,0,1
annual_shared_offset,2863,2022-11-11,2022-11-21,-0.0127051391515239,2022,2022-09-30,learned_order_offset,20260911,0.31407159521679673,0.31407159521679673,0,0
annual_shared_offset,2868,2022-11-18,2022-11-28,-0.0179672806084416,2022,2022-09-30,learned_order_offset,20260911,0.23015990323122257,0.23015990323122257,0,0
annual_shared_offset,2873,2022-11-25,2022-12-05,0.0555768659337096,2022,2022-09-30,learned_order_offset,20260911,0.3909979393442703,0.3909979393442703,0,1
annual_shared_offset,2878,2022-12-02,2022-12-12,0.0175374394775362,2022,2022-09-30,learned_order_offset,20260911,0.5093255898754313,0.5093255898754313,1,1
annual_shared_offset,2883,2022-12-09,2022-12-19,-0.0058850602464181,2022,2022-09-30,learned_order_offset,20260911,0.45265896583898857,0.45265896583898857,0,0
annual_shared_offset,2888,2022-12-16,2022-12-26,-0.0309150292073658,2022,2022-09-30,learned_order_offset,20260911,0.3881975048028398,0.3881975048028398,0,0
annual_shared_offset,2893,2022-12-23,2023-01-03,0.0089464492229616,2022,2022-09-30,learned_order_offset,20260911,0.49430027593513143,0.49430027593513143,0,1
annual_shared_offset,2898,2022-12-30,2023-01-09,0.0345913414268119,2022,2022-09-30,learned_order_offset,20260911,0.2356430783400753,0.2356430783400753,0,1
annual_state_offset_half,2843,2022-10-14,2022-10-24,-0.0246766294110258,2022,2022-09-30,learned_order_offset,20260911,0.5652326195266648,0.5652326195266648,1,0
annual_state_offset_half,2848,2022-10-21,2022-10-31,-0.059928861134359,2022,2022-09-30,learned_order_offset,20260911,0.7135361980867594,0.7135361980867594,1,0
annual_state_offset_half,2853,2022-10-28,2022-11-07,0.071339502526744,2022,2022-09-30,learned_order_offset,20260911,0.5789455497073169,0.5789455497073169,1,1
annual_state_offset_half,2858,2022-11-04,2022-11-14,0.0169449090696014,2022,2022-09-30,learned_order_offset,20260911,0.20195240790410257,0.20195240790410257,0,1
annual_state_offset_half,2863,2022-11-11,2022-11-21,-0.0127051391515239,2022,2022-09-30,learned_order_offset,20260911,0.36115488227234904,0.36115488227234904,0,0
annual_state_offset_half,2868,2022-11-18,2022-11-28,-0.0179672806084416,2022,2022-09-30,learned_order_offset,20260911,0.2696081855885161,0.2696081855885161,0,0
annual_state_offset_half,2873,2022-11-25,2022-12-05,0.0555768659337096,2022,2022-09-30,learned_order_offset,20260911,0.4421792786152692,0.4421792786152692,0,1
annual_state_offset_half,2878,2022-12-02,2022-12-12,0.0175374394775362,2022,2022-09-30,learned_order_offset,20260911,0.5617097344468203,0.5617097344468203,1,1
annual_state_offset_half,2883,2022-12-09,2022-12-19,-0.0058850602464181,2022,2022-09-30,learned_order_offset,20260911,0.5052158314117317,0.5052158314117317,1,0
annual_state_offset_half,2888,2022-12-16,2022-12-26,-0.0309150292073658,2022,2022-09-30,learned_order_offset,20260911,0.44827383212653477,0.44827383212653477,0,0
annual_state_offset_half,2893,2022-12-23,2023-01-03,0.0089464492229616,2022,2022-09-30,learned_order_offset,20260911,0.5468613784673468,0.5468613784673468,1,1
annual_state_offset_half,2898,2022-12-30,2023-01-09,0.0345913414268119,2022,2022-09-30,learned_order_offset,20260911,0.28303247965375755,0.28303247965375755,0,1
annual_state_offset,2843,2022-10-14,2022-10-24,-0.0246766294110258,2022,2022-09-30,learned_market,20260912,0.5425123234984924,0.5425123234984924,1,0
annual_state_offset,2848,2022-10-21,2022-10-31,-0.059928861134359,2022,2022-09-30,learned_market,20260912,0.6034938295698022,0.6034938295698022,1,0
annual_state_offset,2853,2022-10-28,2022-11-07,0.071339502526744,2022,2022-09-30,learned_market,20260912,0.48061557365512664,0.48061557365512664,0,1
annual_state_offset,2858,2022-11-04,2022-11-14,0.0169449090696014,2022,2022-09-30,learned_market,20260912,0.44035816915210096,0.44035816915210096,0,1
annual_state_offset,2863,2022-11-11,2022-11-21,-0.0127051391515239,2022,2022-09-30,learned_market,20260912,0.441752384247441,0.441752384247441,0,0
annual_state_offset,2868,2022-11-18,2022-11-28,-0.0179672806084416,2022,2022-09-30,learned_market,20260912,0.3456207185607467,0.3456207185607467,0,0
annual_state_offset,2873,2022-11-25,2022-12-05,0.0555768659337096,2022,2022-09-30,learned_market,20260912,0.4154224708364276,0.4154224708364276,0,1
annual_state_offset,2878,2022-12-02,2022-12-12,0.0175374394775362,2022,2022-09-30,learned_market,20260912,0.4081021479377785,0.4081021479377785,0,1
annual_state_offset,2883,2022-12-09,2022-12-19,-0.0058850602464181,2022,2022-09-30,learned_market,20260912,0.45830764706963983,0.45830764706963983,0,0
annual_state_offset,2888,2022-12-16,2022-12-26,-0.0309150292073658,2022,2022-09-30,learned_market,20260912,0.5554317593647616,0.5554317593647616,1,0
annual_state_offset,2893,2022-12-23,2023-01-03,0.0089464492229616,2022,2022-09-30,learned_market,20260912,0.4065516144344463,0.4065516144344463,0,1
annual_state_offset,2898,2022-12-30,2023-01-09,0.0345913414268119,2022,2022-09-30,learned_market,20260912,0.3922334771333087,0.3922334771333087,0,1
annual_shared_offset,2843,2022-10-14,2022-10-24,-0.0246766294110258,2022,2022-09-30,learned_market,20260912,0.5173142997200073,0.5173142997200073,1,0
annual_shared_offset,2848,2022-10-21,2022-10-31,-0.059928861134359,2022,2022-09-30,learned_market,20260912,0.5790484139914703,0.5790484139914703,1,0
annual_shared_offset,2853,2022-10-28,2022-11-07,0.071339502526744,2022,2022-09-30,learned_market,20260912,0.4554304775867635,0.4554304775867635,0,1
annual_shared_offset,2858,2022-11-04,2022-11-14,0.0169449090696014,2022,2022-09-30,learned_market,20260912,0.41559463102612526,0.41559463102612526,0,1
annual_shared_offset,2863,2022-11-11,2022-11-21,-0.0127051391515239,2022,2022-09-30,learned_market,20260912,0.4169688581850242,0.4169688581850242,0,0
annual_shared_offset,2868,2022-11-18,2022-11-28,-0.0179672806084416,2022,2022-09-30,learned_market,20260912,0.3231088767569766,0.3231088767569766,0,0
annual_shared_offset,2873,2022-11-25,2022-12-05,0.0555768659337096,2022,2022-09-30,learned_market,20260912,0.39108128410779275,0.39108128410779275,0,1
annual_shared_offset,2878,2022-12-02,2022-12-12,0.0175374394775362,2022,2022-09-30,learned_market,20260912,0.3839081995395535,0.3839081995395535,0,1
annual_shared_offset,2883,2022-12-09,2022-12-19,-0.0058850602464181,2022,2022-09-30,learned_market,20260912,0.4333162639207723,0.4333162639207723,0,0
annual_shared_offset,2888,2022-12-16,2022-12-26,-0.0309150292073658,2022,2022-09-30,learned_market,20260912,0.5282335531005309,0.5282335531005309,1,0
annual_shared_offset,2893,2022-12-23,2023-01-03,0.0089464492229616,2022,2022-09-30,learned_market,20260912,0.3823902026344499,0.3823902026344499,0,1
annual_shared_offset,2898,2022-12-30,2023-01-09,0.0345913414268119,2022,2022-09-30,learned_market,20260912,0.3664396891559211,0.3664396891559211,0,1
annual_state_offset_half,2843,2022-10-14,2022-10-24,-0.0246766294110258,2022,2022-09-30,learned_market,20260912,0.5699983490252808,0.5699983490252808,1,0
annual_state_offset_half,2848,2022-10-21,2022-10-31,-0.059928861134359,2022,2022-09-30,learned_market,20260912,0.6298160563402547,0.6298160563402547,1,0
annual_state_offset_half,2853,2022-10-28,2022-11-07,0.071339502526744,2022,2022-09-30,learned_market,20260912,0.5084509389315052,0.5084509389315052,1,1
annual_state_offset_half,2858,2022-11-04,2022-11-14,0.0169449090696014,2022,2022-09-30,learned_market,20260912,0.4679626989305981,0.4679626989305981,0,1
annual_state_offset_half,2863,2022-11-11,2022-11-21,-0.0127051391515239,2022,2022-09-30,learned_market,20260912,0.46937101149962107,0.46937101149962107,0,0
annual_state_offset_half,2868,2022-11-18,2022-11-28,-0.0179672806084416,2022,2022-09-30,learned_market,20260912,0.37122583031888357,0.37122583031888357,0,0
annual_state_offset_half,2873,2022-11-25,2022-12-05,0.0555768659337096,2022,2022-09-30,learned_market,20260912,0.4427003720447592,0.4427003720447592,0,1
annual_state_offset_half,2878,2022-12-02,2022-12-12,0.0175374394775362,2022,2022-09-30,learned_market,20260912,0.43525726909036594,0.43525726909036594,0,1
annual_state_offset_half,2883,2022-12-09,2022-12-19,-0.0058850602464181,2022,2022-09-30,learned_market,20260912,0.48606011692778894,0.48606011692778894,0,0
annual_state_offset_half,2888,2022-12-16,2022-12-26,-0.0309150292073658,2022,2022-09-30,learned_market,20260912,0.5817155480179017,0.5817155480179017,1,0
annual_state_offset_half,2893,2022-12-23,2023-01-03,0.0089464492229616,2022,2022-09-30,learned_market,20260912,0.4336791568068227,0.4336791568068227,0,1
annual_state_offset_half,2898,2022-12-30,2023-01-09,0.0345913414268119,2022,2022-09-30,learned_market,20260912,0.4180567240665296,0.4180567240665296,0,1
annual_state_offset,2843,2022-10-14,2022-10-24,-0.0246766294110258,2022,2022-09-30,learned_vol_interaction,20260912,0.5322613047288971,0.5322613047288971,1,0
annual_state_offset,2848,2022-10-21,2022-10-31,-0.059928861134359,2022,2022-09-30,learned_vol_interaction,20260912,0.6112834427533468,0.6112834427533468,1,0
annual_state_offset,2853,2022-10-28,2022-11-07,0.071339502526744,2022,2022-09-30,learned_vol_interaction,20260912,0.4785712022174336,0.4785712022174336,0,1
annual_state_offset,2858,2022-11-04,2022-11-14,0.0169449090696014,2022,2022-09-30,learned_vol_interaction,20260912,0.43970765131841316,0.43970765131841316,0,1
annual_state_offset,2863,2022-11-11,2022-11-21,-0.0127051391515239,2022,2022-09-30,learned_vol_interaction,20260912,0.45248750379281966,0.45248750379281966,0,0
annual_state_offset,2868,2022-11-18,2022-11-28,-0.0179672806084416,2022,2022-09-30,learned_vol_interaction,20260912,0.37245180676580675,0.37245180676580675,0,0
annual_state_offset,2873,2022-11-25,2022-12-05,0.0555768659337096,2022,2022-09-30,learned_vol_interaction,20260912,0.42214490870418003,0.42214490870418003,0,1
annual_state_offset,2878,2022-12-02,2022-12-12,0.0175374394775362,2022,2022-09-30,learned_vol_interaction,20260912,0.403465216576899,0.403465216576899,0,1
annual_state_offset,2883,2022-12-09,2022-12-19,-0.0058850602464181,2022,2022-09-30,learned_vol_interaction,20260912,0.4550480959058116,0.4550480959058116,0,0
annual_state_offset,2888,2022-12-16,2022-12-26,-0.0309150292073658,2022,2022-09-30,learned_vol_interaction,20260912,0.5617180113518525,0.5617180113518525,1,0
annual_state_offset,2893,2022-12-23,2023-01-03,0.0089464492229616,2022,2022-09-30,learned_vol_interaction,20260912,0.3980291146746503,0.3980291146746503,0,1
annual_state_offset,2898,2022-12-30,2023-01-09,0.0345913414268119,2022,2022-09-30,learned_vol_interaction,20260912,0.3712133540703404,0.3712133540703404,0,1
annual_shared_offset,2843,2022-10-14,2022-10-24,-0.0246766294110258,2022,2022-09-30,learned_vol_interaction,20260912,0.5079906702319745,0.5079906702319745,1,0
annual_shared_offset,2848,2022-10-21,2022-10-31,-0.059928861134359,2022,2022-09-30,learned_vol_interaction,20260912,0.5879387988040451,0.5879387988040451,1,0
annual_shared_offset,2853,2022-10-28,2022-11-07,0.071339502526744,2022,2022-09-30,learned_vol_interaction,20260912,0.454370538818473,0.454370538818473,0,1
annual_shared_offset,2858,2022-11-04,2022-11-14,0.0169449090696014,2022,2022-09-30,learned_vol_interaction,20260912,0.4159047100724346,0.4159047100724346,0,1
annual_shared_offset,2863,2022-11-11,2022-11-21,-0.0127051391515239,2022,2022-09-30,learned_vol_interaction,20260912,0.4285218594163716,0.4285218594163716,0,0
annual_shared_offset,2868,2022-11-18,2022-11-28,-0.0179672806084416,2022,2022-09-30,learned_vol_interaction,20260912,0.3500152531142843,0.3500152531142843,0,0
annual_shared_offset,2873,2022-11-25,2022-12-05,0.0555768659337096,2022,2022-09-30,learned_vol_interaction,20260912,0.3986163079494306,0.3986163079494306,0,1
annual_shared_offset,2878,2022-12-02,2022-12-12,0.0175374394775362,2022,2022-09-30,learned_vol_interaction,20260912,0.3802925665474625,0.3802925665474625,0,1
annual_shared_offset,2883,2022-12-09,2022-12-19,-0.0058850602464181,2022,2022-09-30,learned_vol_interaction,20260912,0.43105360447046775,0.43105360447046775,0,0
annual_shared_offset,2888,2022-12-16,2022-12-26,-0.0309150292073658,2022,2022-09-30,learned_vol_interaction,20260912,0.534433516648932,0.534433516648932,1,0
annual_shared_offset,2893,2022-12-23,2023-01-03,0.0089464492229616,2022,2022-09-30,learned_vol_interaction,20260912,0.3749724270987487,0.3749724270987487,0,1
annual_shared_offset,2898,2022-12-30,2023-01-09,0.0345913414268119,2022,2022-09-30,learned_vol_interaction,20260912,0.34587974608077005,0.34587974608077005,0,1
annual_state_offset_half,2843,2022-10-14,2022-10-24,-0.0246766294110258,2022,2022-09-30,learned_vol_interaction,20260912,0.5599083631074634,0.5599083631074634,1,0
annual_state_offset_half,2848,2022-10-21,2022-10-31,-0.059928861134359,2022,2022-09-30,learned_vol_interaction,20260912,0.6374412841533517,0.6374412841533517,1,0
annual_state_offset_half,2853,2022-10-28,2022-11-07,0.071339502526744,2022,2022-09-30,learned_vol_interaction,20260912,0.5064490640358545,0.5064490640358545,1,1
annual_state_offset_half,2858,2022-11-04,2022-11-14,0.0169449090696014,2022,2022-09-30,learned_vol_interaction,20260912,0.46735072205604306,0.46735072205604306,0,1
annual_state_offset_half,2863,2022-11-11,2022-11-21,-0.0127051391515239,2022,2022-09-30,learned_vol_interaction,20260912,0.4802453577552232,0.4802453577552232,0,0
annual_state_offset_half,2868,2022-11-18,2022-11-28,-0.0179672806084416,2022,2022-09-30,learned_vol_interaction,20260912,0.3988767772628083,0.3988767772628083,0,0
annual_state_offset_half,2873,2022-11-25,2022-12-05,0.0555768659337096,2022,2022-09-30,learned_vol_interaction,20260912,0.4495697888476097,0.4495697888476097,0,1
annual_state_offset_half,2878,2022-12-02,2022-12-12,0.0175374394775362,2022,2022-09-30,learned_vol_interaction,20260912,0.4305808102918144,0.4305808102918144,0,1
annual_state_offset_half,2883,2022-12-09,2022-12-19,-0.0058850602464181,2022,2022-09-30,learned_vol_interaction,20260912,0.48282450864313964,0.48282450864313964,0,0
annual_state_offset_half,2888,2022-12-16,2022-12-26,-0.0309150292073658,2022,2022-09-30,learned_vol_interaction,20260912,0.5874030563625998,0.5874030563625998,1,0
annual_state_offset_half,2893,2022-12-23,2023-01-03,0.0089464492229616,2022,2022-09-30,learned_vol_interaction,20260912,0.4250396776154862,0.4250396776154862,0,1
annual_state_offset_half,2898,2022-12-30,2023-01-09,0.0345913414268119,2022,2022-09-30,learned_vol_interaction,20260912,0.3960592081442305,0.3960592081442305,0,1
annual_state_offset,2843,2022-10-14,2022-10-24,-0.0246766294110258,2022,2022-09-30,learned_order_extension,20260912,0.5239436253159332,0.5239436253159332,1,0
annual_state_offset,2848,2022-10-21,2022-10-31,-0.059928861134359,2022,2022-09-30,learned_order_extension,20260912,0.6010627831479873,0.6010627831479873,1,0
annual_state_offset,2853,2022-10-28,2022-11-07,0.071339502526744,2022,2022-09-30,learned_order_extension,20260912,0.4789352660205348,0.4789352660205348,0,1
annual_state_offset,2858,2022-11-04,2022-11-14,0.0169449090696014,2022,2022-09-30,learned_order_extension,20260912,0.4443003441404477,0.4443003441404477,0,1
annual_state_offset,2863,2022-11-11,2022-11-21,-0.0127051391515239,2022,2022-09-30,learned_order_extension,20260912,0.4541426989656077,0.4541426989656077,0,0
annual_state_offset,2868,2022-11-18,2022-11-28,-0.0179672806084416,2022,2022-09-30,learned_order_extension,20260912,0.36764627554531826,0.36764627554531826,0,0
annual_state_offset,2873,2022-11-25,2022-12-05,0.0555768659337096,2022,2022-09-30,learned_order_extension,20260912,0.414218283885917,0.414218283885917,0,1
annual_state_offset,2878,2022-12-02,2022-12-12,0.0175374394775362,2022,2022-09-30,learned_order_extension,20260912,0.3960818227187445,0.3960818227187445,0,1
annual_state_offset,2883,2022-12-09,2022-12-19,-0.0058850602464181,2022,2022-09-30,learned_order_extension,20260912,0.45322845809471374,0.45322845809471374,0,0
annual_state_offset,2888,2022-12-16,2022-12-26,-0.0309150292073658,2022,2022-09-30,learned_order_extension,20260912,0.5690204409329365,0.5690204409329365,1,0
annual_state_offset,2893,2022-12-23,2023-01-03,0.0089464492229616,2022,2022-09-30,learned_order_extension,20260912,0.4045574784337352,0.4045574784337352,0,1
annual_state_offset,2898,2022-12-30,2023-01-09,0.0345913414268119,2022,2022-09-30,learned_order_extension,20260912,0.3783250711119974,0.3783250711119974,0,1
annual_shared_offset,2843,2022-10-14,2022-10-24,-0.0246766294110258,2022,2022-09-30,learned_order_extension,20260912,0.5008699366966536,0.5008699366966536,1,0
annual_shared_offset,2848,2022-10-21,2022-10-31,-0.059928861134359,2022,2022-09-30,learned_order_extension,20260912,0.5787215131156721,0.5787215131156721,1,0
annual_shared_offset,2853,2022-10-28,2022-11-07,0.071339502526744,2022,2022-09-30,learned_order_extension,20260912,0.45594531148918827,0.45594531148918827,0,1
annual_shared_offset,2858,2022-11-04,2022-11-14,0.0169449090696014,2022,2022-09-30,learned_order_extension,20260912,0.42162766190753764,0.42162766190753764,0,1
annual_shared_offset,2863,2022-11-11,2022-11-21,-0.0127051391515239,2022,2022-09-30,learned_order_extension,20260912,0.4313576330991304,0.4313576330991304,0,0
annual_shared_offset,2868,2022-11-18,2022-11-28,-0.0179672806084416,2022,2022-09-30,learned_order_extension,20260912,0.3464465610164318,0.3464465610164318,0,0
annual_shared_offset,2873,2022-11-25,2022-12-05,0.0555768659337096,2022,2022-09-30,learned_order_extension,20260912,0.39199781903671427,0.39199781903671427,0,1
annual_shared_offset,2878,2022-12-02,2022-12-12,0.0175374394775362,2022,2022-09-30,learned_order_extension,20260912,0.37421275044106944,0.37421275044106944,0,1
annual_shared_offset,2883,2022-12-09,2022-12-19,-0.0058850602464181,2022,2022-09-30,learned_order_extension,20260912,0.43045308975792373,0.43045308975792373,0,0
annual_shared_offset,2888,2022-12-16,2022-12-26,-0.0309150292073658,2022,2022-09-30,learned_order_extension,20260912,0.5417251588831303,0.5417251588831303,1,0
annual_shared_offset,2893,2022-12-23,2023-01-03,0.0089464492229616,2022,2022-09-30,learned_order_extension,20260912,0.3825168442411597,0.3825168442411597,0,1
annual_shared_offset,2898,2022-12-30,2023-01-09,0.0345913414268119,2022,2022-09-30,learned_order_extension,20260912,0.35269143721339974,0.35269143721339974,0,1
annual_state_offset_half,2843,2022-10-14,2022-10-24,-0.0246766294110258,2022,2022-09-30,learned_order_extension,20260912,0.5511456988589464,0.5511456988589464,1,0
annual_state_offset_half,2848,2022-10-21,2022-10-31,-0.059928861134359,2022,2022-09-30,learned_order_extension,20260912,0.6269953855207119,0.6269953855207119,1,0
annual_state_offset_half,2853,2022-10-28,2022-11-07,0.071339502526744,2022,2022-09-30,learned_order_extension,20260912,0.5062857214914462,0.5062857214914462,1,1
annual_state_offset_half,2858,2022-11-04,2022-11-14,0.0169449090696014,2022,2022-09-30,learned_order_extension,20260912,0.47146251649854376,0.47146251649854376,0,1
annual_state_offset_half,2863,2022-11-11,2022-11-21,-0.0127051391515239,2022,2022-09-30,learned_order_extension,20260912,0.4813853385873752,0.4813853385873752,0,0
annual_state_offset_half,2868,2022-11-18,2022-11-28,-0.0179672806084416,2022,2022-09-30,learned_order_extension,20260912,0.39344011053018874,0.39344011053018874,0,0
annual_state_offset_half,2873,2022-11-25,2022-12-05,0.0555768659337096,2022,2022-09-30,learned_order_extension,20260912,0.44100086679451656,0.44100086679451656,0,1
annual_state_offset_half,2878,2022-12-02,2022-12-12,0.0175374394775362,2022,2022-09-30,learned_order_extension,20260912,0.42253760909178517,0.42253760909178517,0,1
annual_state_offset_half,2883,2022-12-09,2022-12-19,-0.0058850602464181,2022,2022-09-30,learned_order_extension,20260912,0.48046452767496084,0.48046452767496084,0,0
annual_state_offset_half,2888,2022-12-16,2022-12-26,-0.0309150292073658,2022,2022-09-30,learned_order_extension,20260912,0.5934412498329628,0.5934412498329628,1,0
annual_state_offset_half,2893,2022-12-23,2023-01-03,0.0089464492229616,2022,2022-09-30,learned_order_extension,20260912,0.43117519632155976,0.43117519632155976,0,1
annual_state_offset_half,2898,2022-12-30,2023-01-09,0.0345913414268119,2022,2022-09-30,learned_order_extension,20260912,0.40219935566752835,0.40219935566752835,0,1
annual_state_offset,2843,2022-10-14,2022-10-24,-0.0246766294110258,2022,2022-09-30,learned_order_offset,20260912,0.5239572775913686,0.5239572775913686,1,0
annual_state_offset,2848,2022-10-21,2022-10-31,-0.059928861134359,2022,2022-09-30,learned_order_offset,20260912,0.6010460416003468,0.6010460416003468,1,0
annual_state_offset,2853,2022-10-28,2022-11-07,0.071339502526744,2022,2022-09-30,learned_order_offset,20260912,0.47891125538413737,0.47891125538413737,0,1
annual_state_offset,2858,2022-11-04,2022-11-14,0.0169449090696014,2022,2022-09-30,learned_order_offset,20260912,0.44447886777493323,0.44447886777493323,0,1
annual_state_offset,2863,2022-11-11,2022-11-21,-0.0127051391515239,2022,2022-09-30,learned_order_offset,20260912,0.45411186616638743,0.45411186616638743,0,0
annual_state_offset,2868,2022-11-18,2022-11-28,-0.0179672806084416,2022,2022-09-30,learned_order_offset,20260912,0.36777137699230916,0.36777137699230916,0,0
annual_state_offset,2873,2022-11-25,2022-12-05,0.0555768659337096,2022,2022-09-30,learned_order_offset,20260912,0.41421864975108036,0.41421864975108036,0,1
annual_state_offset,2878,2022-12-02,2022-12-12,0.0175374394775362,2022,2022-09-30,learned_order_offset,20260912,0.3961670045526389,0.3961670045526389,0,1
annual_state_offset,2883,2022-12-09,2022-12-19,-0.0058850602464181,2022,2022-09-30,learned_order_offset,20260912,0.45337247423114013,0.45337247423114013,0,0
annual_state_offset,2888,2022-12-16,2022-12-26,-0.0309150292073658,2022,2022-09-30,learned_order_offset,20260912,0.5691453608079267,0.5691453608079267,1,0
annual_state_offset,2893,2022-12-23,2023-01-03,0.0089464492229616,2022,2022-09-30,learned_order_offset,20260912,0.40467784827988035,0.40467784827988035,0,1
annual_state_offset,2898,2022-12-30,2023-01-09,0.0345913414268119,2022,2022-09-30,learned_order_offset,20260912,0.3784226086973572,0.3784226086973572,0,1
annual_shared_offset,2843,2022-10-14,2022-10-24,-0.0246766294110258,2022,2022-09-30,learned_order_offset,20260912,0.5008879286120008,0.5008879286120008,1,0
annual_shared_offset,2848,2022-10-21,2022-10-31,-0.059928861134359,2022,2022-09-30,learned_order_offset,20260912,0.5787086927039129,0.5787086927039129,1,0
annual_shared_offset,2853,2022-10-28,2022-11-07,0.071339502526744,2022,2022-09-30,learned_order_offset,20260912,0.4559257197647375,0.4559257197647375,0,1
annual_shared_offset,2858,2022-11-04,2022-11-14,0.0169449090696014,2022,2022-09-30,learned_order_offset,20260912,0.4218081934017636,0.4218081934017636,0,1
annual_shared_offset,2863,2022-11-11,2022-11-21,-0.0127051391515239,2022,2022-09-30,learned_order_offset,20260912,0.4313313519046606,0.4313313519046606,0,0
annual_shared_offset,2868,2022-11-18,2022-11-28,-0.0179672806084416,2022,2022-09-30,learned_order_offset,20260912,0.34657230489783925,0.34657230489783925,0,0
annual_shared_offset,2873,2022-11-25,2022-12-05,0.0555768659337096,2022,2022-09-30,learned_order_offset,20260912,0.39200228570043355,0.39200228570043355,0,1
annual_shared_offset,2878,2022-12-02,2022-12-12,0.0175374394775362,2022,2022-09-30,learned_order_offset,20260912,0.3743001800238837,0.3743001800238837,0,1
annual_shared_offset,2883,2022-12-09,2022-12-19,-0.0058850602464181,2022,2022-09-30,learned_order_offset,20260912,0.4305997934922899,0.4305997934922899,0,0
annual_shared_offset,2888,2022-12-16,2022-12-26,-0.0309150292073658,2022,2022-09-30,learned_order_offset,20260912,0.5418578515837532,0.5418578515837532,1,0
annual_shared_offset,2893,2022-12-23,2023-01-03,0.0089464492229616,2022,2022-09-30,learned_order_offset,20260912,0.38263894127660936,0.38263894127660936,0,1
annual_shared_offset,2898,2022-12-30,2023-01-09,0.0345913414268119,2022,2022-09-30,learned_order_offset,20260912,0.35279184766145616,0.35279184766145616,0,1
annual_state_offset_half,2843,2022-10-14,2022-10-24,-0.0246766294110258,2022,2022-09-30,learned_order_offset,20260912,0.5511695160188337,0.5511695160188337,1,0
annual_state_offset_half,2848,2022-10-21,2022-10-31,-0.059928861134359,2022,2022-09-30,learned_order_offset,20260912,0.6269887724551577,0.6269887724551577,1,0
annual_state_offset_half,2853,2022-10-28,2022-11-07,0.071339502526744,2022,2022-09-30,learned_order_offset,20260912,0.5062720557222454,0.5062720557222454,1,1
annual_state_offset_half,2858,2022-11-04,2022-11-14,0.0169449090696014,2022,2022-09-30,learned_order_offset,20260912,0.47165304307877987,0.47165304307877987,0,1
annual_state_offset_half,2863,2022-11-11,2022-11-21,-0.0127051391515239,2022,2022-09-30,learned_order_offset,20260912,0.4813646582462742,0.4813646582462742,0,0
annual_state_offset_half,2868,2022-11-18,2022-11-28,-0.0179672806084416,2022,2022-09-30,learned_order_offset,20260912,0.3935784412295443,0.3935784412295443,0,0
annual_state_offset_half,2873,2022-11-25,2022-12-05,0.0555768659337096,2022,2022-09-30,learned_order_offset,20260912,0.4410114793832336,0.4410114793832336,0,1
annual_state_offset_half,2878,2022-12-02,2022-12-12,0.0175374394775362,2022,2022-09-30,learned_order_offset,20260912,0.4226346356991925,0.4226346356991925,0,1
annual_state_offset_half,2883,2022-12-09,2022-12-19,-0.0058850602464181,2022,2022-09-30,learned_order_offset,20260912,0.48061996088011477,0.48061996088011477,0,0
annual_state_offset_half,2888,2022-12-16,2022-12-26,-0.0309150292073658,2022,2022-09-30,learned_order_offset,20260912,0.593575117994394,0.593575117994394,1,0
annual_state_offset_half,2893,2022-12-23,2023-01-03,0.0089464492229616,2022,2022-09-30,learned_order_offset,20260912,0.4313079387820341,0.4313079387820341,0,1
annual_state_offset_half,2898,2022-12-30,2023-01-09,0.0345913414268119,2022,2022-09-30,learned_order_offset,20260912,0.40231000015790414,0.40231000015790414,0,1
annual_state_offset,2902,2023-01-06,2023-01-16,0.0198447929614133,2023,2022-12-31,learned_market,20260910,0.2720748657753032,0.2720748657753032,0,1
annual_state_offset,2907,2023-01-13,2023-01-30,0.0465290788350809,2023,2022-12-31,learned_market,20260910,0.47236248212800225,0.47236248212800225,0,1
annual_state_offset,2912,2023-01-20,2023-02-06,-0.0383797057844887,2023,2022-12-31,learned_market,20260910,0.406664897579608,0.406664897579608,0,0
annual_state_offset,2917,2023-02-03,2023-02-13,-0.0012061903149008,2023,2022-12-31,learned_market,20260910,0.7077615943567296,0.7077615943567296,1,0
annual_state_offset,2922,2023-02-10,2023-02-20,-0.0143746584432821,2023,2022-12-31,learned_market,20260910,0.3396729663973045,0.3396729663973045,0,0
annual_state_offset,2927,2023-02-17,2023-02-27,0.0001237636016198,2023,2022-12-31,learned_market,20260910,0.3940367299508906,0.3940367299508906,0,1
annual_state_offset,2932,2023-02-24,2023-03-06,0.0224454641303217,2023,2022-12-31,learned_market,20260910,0.6368517662464305,0.6368517662464305,1,1
annual_state_offset,2937,2023-03-03,2023-03-13,-0.0407900947678007,2023,2022-12-31,learned_market,20260910,0.7365179717700991,0.7365179717700991,1,0
annual_state_offset,2942,2023-03-10,2023-03-20,5.0471402903706775e-06,2023,2022-12-31,learned_market,20260910,0.5813776336748179,0.5813776336748179,1,1
annual_state_offset,2947,2023-03-17,2023-03-27,0.015302852124583,2023,2022-12-31,learned_market,20260910,0.42485803758448765,0.42485803758448765,0,1
annual_state_offset,2952,2023-03-24,2023-04-03,0.0090274153058433,2023,2022-12-31,learned_market,20260910,0.37090574302943613,0.37090574302943613,0,1
annual_state_offset,2957,2023-03-31,2023-04-10,0.0178317182396383,2023,2022-12-31,learned_market,20260910,0.3924154635264961,0.3924154635264961,0,1
annual_shared_offset,2902,2023-01-06,2023-01-16,0.0198447929614133,2023,2022-12-31,learned_market,20260910,0.2720748657753032,0.2720748657753032,0,1
annual_shared_offset,2907,2023-01-13,2023-01-30,0.0465290788350809,2023,2022-12-31,learned_market,20260910,0.47236248212800225,0.47236248212800225,0,1
annual_shared_offset,2912,2023-01-20,2023-02-06,-0.0383797057844887,2023,2022-12-31,learned_market,20260910,0.406664897579608,0.406664897579608,0,0
annual_shared_offset,2917,2023-02-03,2023-02-13,-0.0012061903149008,2023,2022-12-31,learned_market,20260910,0.7077615943567296,0.7077615943567296,1,0
annual_shared_offset,2922,2023-02-10,2023-02-20,-0.0143746584432821,2023,2022-12-31,learned_market,20260910,0.3396729663973045,0.3396729663973045,0,0
annual_shared_offset,2927,2023-02-17,2023-02-27,0.0001237636016198,2023,2022-12-31,learned_market,20260910,0.3940367299508906,0.3940367299508906,0,1
annual_shared_offset,2932,2023-02-24,2023-03-06,0.0224454641303217,2023,2022-12-31,learned_market,20260910,0.6368517662464305,0.6368517662464305,1,1
annual_shared_offset,2937,2023-03-03,2023-03-13,-0.0407900947678007,2023,2022-12-31,learned_market,20260910,0.7365179717700991,0.7365179717700991,1,0
annual_shared_offset,2942,2023-03-10,2023-03-20,5.0471402903706775e-06,2023,2022-12-31,learned_market,20260910,0.5813776336748179,0.5813776336748179,1,1
annual_shared_offset,2947,2023-03-17,2023-03-27,0.015302852124583,2023,2022-12-31,learned_market,20260910,0.42485803758448765,0.42485803758448765,0,1
annual_shared_offset,2952,2023-03-24,2023-04-03,0.0090274153058433,2023,2022-12-31,learned_market,20260910,0.37090574302943613,0.37090574302943613,0,1
annual_shared_offset,2957,2023-03-31,2023-04-10,0.0178317182396383,2023,2022-12-31,learned_market,20260910,0.3924154635264961,0.3924154635264961,0,1
annual_state_offset_half,2902,2023-01-06,2023-01-16,0.0198447929614133,2023,2022-12-31,learned_market,20260910,0.2720748657753032,0.2720748657753032,0,1
annual_state_offset_half,2907,2023-01-13,2023-01-30,0.0465290788350809,2023,2022-12-31,learned_market,20260910,0.47236248212800225,0.47236248212800225,0,1
annual_state_offset_half,2912,2023-01-20,2023-02-06,-0.0383797057844887,2023,2022-12-31,learned_market,20260910,0.406664897579608,0.406664897579608,0,0
annual_state_offset_half,2917,2023-02-03,2023-02-13,-0.0012061903149008,2023,2022-12-31,learned_market,20260910,0.7077615943567296,0.7077615943567296,1,0
annual_state_offset_half,2922,2023-02-10,2023-02-20,-0.0143746584432821,2023,2022-12-31,learned_market,20260910,0.3396729663973045,0.3396729663973045,0,0
annual_state_offset_half,2927,2023-02-17,2023-02-27,0.0001237636016198,2023,2022-12-31,learned_market,20260910,0.3940367299508906,0.3940367299508906,0,1
annual_state_offset_half,2932,2023-02-24,2023-03-06,0.0224454641303217,2023,2022-12-31,learned_market,20260910,0.6368517662464305,0.6368517662464305,1,1
annual_state_offset_half,2937,2023-03-03,2023-03-13,-0.0407900947678007,2023,2022-12-31,learned_market,20260910,0.7365179717700991,0.7365179717700991,1,0
annual_state_offset_half,2942,2023-03-10,2023-03-20,5.0471402903706775e-06,2023,2022-12-31,learned_market,20260910,0.5813776336748179,0.5813776336748179,1,1
annual_state_offset_half,2947,2023-03-17,2023-03-27,0.015302852124583,2023,2022-12-31,learned_market,20260910,0.42485803758448765,0.42485803758448765,0,1
annual_state_offset_half,2952,2023-03-24,2023-04-03,0.0090274153058433,2023,2022-12-31,learned_market,20260910,0.37090574302943613,0.37090574302943613,0,1
annual_state_offset_half,2957,2023-03-31,2023-04-10,0.0178317182396383,2023,2022-12-31,learned_market,20260910,0.3924154635264961,0.3924154635264961,0,1
annual_state_offset,2902,2023-01-06,2023-01-16,0.0198447929614133,2023,2022-12-31,learned_vol_interaction,20260910,0.2579229355480302,0.2579229355480302,0,1
annual_state_offset,2907,2023-01-13,2023-01-30,0.0465290788350809,2023,2022-12-31,learned_vol_interaction,20260910,0.46834593067568,0.46834593067568,0,1
annual_state_offset,2912,2023-01-20,2023-02-06,-0.0383797057844887,2023,2022-12-31,learned_vol_interaction,20260910,0.3968582316115995,0.3968582316115995,0,0
annual_state_offset,2917,2023-02-03,2023-02-13,-0.0012061903149008,2023,2022-12-31,learned_vol_interaction,20260910,0.7386639107975522,0.7386639107975522,1,0
annual_state_offset,2922,2023-02-10,2023-02-20,-0.0143746584432821,2023,2022-12-31,learned_vol_interaction,20260910,0.3303769483660095,0.3303769483660095,0,0
annual_state_offset,2927,2023-02-17,2023-02-27,0.0001237636016198,2023,2022-12-31,learned_vol_interaction,20260910,0.37895686267521006,0.37895686267521006,0,1
annual_state_offset,2932,2023-02-24,2023-03-06,0.0224454641303217,2023,2022-12-31,learned_vol_interaction,20260910,0.6474147480213357,0.6474147480213357,1,1
annual_state_offset,2937,2023-03-03,2023-03-13,-0.0407900947678007,2023,2022-12-31,learned_vol_interaction,20260910,0.7530412308563522,0.7530412308563522,1,0
annual_state_offset,2942,2023-03-10,2023-03-20,5.0471402903706775e-06,2023,2022-12-31,learned_vol_interaction,20260910,0.5873882519994295,0.5873882519994295,1,1
annual_state_offset,2947,2023-03-17,2023-03-27,0.015302852124583,2023,2022-12-31,learned_vol_interaction,20260910,0.41458186592231894,0.41458186592231894,0,1
annual_state_offset,2952,2023-03-24,2023-04-03,0.0090274153058433,2023,2022-12-31,learned_vol_interaction,20260910,0.35652402288788393,0.35652402288788393,0,1
annual_state_offset,2957,2023-03-31,2023-04-10,0.0178317182396383,2023,2022-12-31,learned_vol_interaction,20260910,0.3863632737017367,0.3863632737017367,0,1
annual_shared_offset,2902,2023-01-06,2023-01-16,0.0198447929614133,2023,2022-12-31,learned_vol_interaction,20260910,0.2579229355480302,0.2579229355480302,0,1
annual_shared_offset,2907,2023-01-13,2023-01-30,0.0465290788350809,2023,2022-12-31,learned_vol_interaction,20260910,0.46834593067568,0.46834593067568,0,1
annual_shared_offset,2912,2023-01-20,2023-02-06,-0.0383797057844887,2023,2022-12-31,learned_vol_interaction,20260910,0.3968582316115995,0.3968582316115995,0,0
annual_shared_offset,2917,2023-02-03,2023-02-13,-0.0012061903149008,2023,2022-12-31,learned_vol_interaction,20260910,0.7386639107975522,0.7386639107975522,1,0
annual_shared_offset,2922,2023-02-10,2023-02-20,-0.0143746584432821,2023,2022-12-31,learned_vol_interaction,20260910,0.3303769483660095,0.3303769483660095,0,0
annual_shared_offset,2927,2023-02-17,2023-02-27,0.0001237636016198,2023,2022-12-31,learned_vol_interaction,20260910,0.37895686267521006,0.37895686267521006,0,1
annual_shared_offset,2932,2023-02-24,2023-03-06,0.0224454641303217,2023,2022-12-31,learned_vol_interaction,20260910,0.6474147480213357,0.6474147480213357,1,1
annual_shared_offset,2937,2023-03-03,2023-03-13,-0.0407900947678007,2023,2022-12-31,learned_vol_interaction,20260910,0.7530412308563522,0.7530412308563522,1,0
annual_shared_offset,2942,2023-03-10,2023-03-20,5.0471402903706775e-06,2023,2022-12-31,learned_vol_interaction,20260910,0.5873882519994295,0.5873882519994295,1,1
annual_shared_offset,2947,2023-03-17,2023-03-27,0.015302852124583,2023,2022-12-31,learned_vol_interaction,20260910,0.41458186592231894,0.41458186592231894,0,1
annual_shared_offset,2952,2023-03-24,2023-04-03,0.0090274153058433,2023,2022-12-31,learned_vol_interaction,20260910,0.35652402288788393,0.35652402288788393,0,1
annual_shared_offset,2957,2023-03-31,2023-04-10,0.0178317182396383,2023,2022-12-31,learned_vol_interaction,20260910,0.3863632737017367,0.3863632737017367,0,1
annual_state_offset_half,2902,2023-01-06,2023-01-16,0.0198447929614133,2023,2022-12-31,learned_vol_interaction,20260910,0.2579229355480302,0.2579229355480302,0,1
annual_state_offset_half,2907,2023-01-13,2023-01-30,0.0465290788350809,2023,2022-12-31,learned_vol_interaction,20260910,0.46834593067568,0.46834593067568,0,1
annual_state_offset_half,2912,2023-01-20,2023-02-06,-0.0383797057844887,2023,2022-12-31,learned_vol_interaction,20260910,0.3968582316115995,0.3968582316115995,0,0
annual_state_offset_half,2917,2023-02-03,2023-02-13,-0.0012061903149008,2023,2022-12-31,learned_vol_interaction,20260910,0.7386639107975522,0.7386639107975522,1,0
annual_state_offset_half,2922,2023-02-10,2023-02-20,-0.0143746584432821,2023,2022-12-31,learned_vol_interaction,20260910,0.3303769483660095,0.3303769483660095,0,0
annual_state_offset_half,2927,2023-02-17,2023-02-27,0.0001237636016198,2023,2022-12-31,learned_vol_interaction,20260910,0.37895686267521006,0.37895686267521006,0,1
annual_state_offset_half,2932,2023-02-24,2023-03-06,0.0224454641303217,2023,2022-12-31,learned_vol_interaction,20260910,0.6474147480213357,0.6474147480213357,1,1
annual_state_offset_half,2937,2023-03-03,2023-03-13,-0.0407900947678007,2023,2022-12-31,learned_vol_interaction,20260910,0.7530412308563522,0.7530412308563522,1,0
annual_state_offset_half,2942,2023-03-10,2023-03-20,5.0471402903706775e-06,2023,2022-12-31,learned_vol_interaction,20260910,0.5873882519994295,0.5873882519994295,1,1
annual_state_offset_half,2947,2023-03-17,2023-03-27,0.015302852124583,2023,2022-12-31,learned_vol_interaction,20260910,0.41458186592231894,0.41458186592231894,0,1
annual_state_offset_half,2952,2023-03-24,2023-04-03,0.0090274153058433,2023,2022-12-31,learned_vol_interaction,20260910,0.35652402288788393,0.35652402288788393,0,1
annual_state_offset_half,2957,2023-03-31,2023-04-10,0.0178317182396383,2023,2022-12-31,learned_vol_interaction,20260910,0.3863632737017367,0.3863632737017367,0,1
annual_state_offset,2902,2023-01-06,2023-01-16,0.0198447929614133,2023,2022-12-31,learned_order_extension,20260910,0.2943161630816726,0.2943161630816726,0,1
annual_state_offset,2907,2023-01-13,2023-01-30,0.0465290788350809,2023,2022-12-31,learned_order_extension,20260910,0.46027187341536235,0.46027187341536235,0,1
annual_state_offset,2912,2023-01-20,2023-02-06,-0.0383797057844887,2023,2022-12-31,learned_order_extension,20260910,0.3872152058090037,0.3872152058090037,0,0
annual_state_offset,2917,2023-02-03,2023-02-13,-0.0012061903149008,2023,2022-12-31,learned_order_extension,20260910,0.7087431108814826,0.7087431108814826,1,0
annual_state_offset,2922,2023-02-10,2023-02-20,-0.0143746584432821,2023,2022-12-31,learned_order_extension,20260910,0.33420380659580207,0.33420380659580207,0,0
annual_state_offset,2927,2023-02-17,2023-02-27,0.0001237636016198,2023,2022-12-31,learned_order_extension,20260910,0.37695809393703467,0.37695809393703467,0,1
annual_state_offset,2932,2023-02-24,2023-03-06,0.0224454641303217,2023,2022-12-31,learned_order_extension,20260910,0.6504979423759706,0.6504979423759706,1,1
annual_state_offset,2937,2023-03-03,2023-03-13,-0.0407900947678007,2023,2022-12-31,learned_order_extension,20260910,0.7451391997229981,0.7451391997229981,1,0
annual_state_offset,2942,2023-03-10,2023-03-20,5.0471402903706775e-06,2023,2022-12-31,learned_order_extension,20260910,0.5807717243209339,0.5807717243209339,1,1
annual_state_offset,2947,2023-03-17,2023-03-27,0.015302852124583,2023,2022-12-31,learned_order_extension,20260910,0.4261400351912486,0.4261400351912486,0,1
annual_state_offset,2952,2023-03-24,2023-04-03,0.0090274153058433,2023,2022-12-31,learned_order_extension,20260910,0.35549705087245137,0.35549705087245137,0,1
annual_state_offset,2957,2023-03-31,2023-04-10,0.0178317182396383,2023,2022-12-31,learned_order_extension,20260910,0.38561638910546875,0.38561638910546875,0,1
annual_shared_offset,2902,2023-01-06,2023-01-16,0.0198447929614133,2023,2022-12-31,learned_order_extension,20260910,0.2943161630816726,0.2943161630816726,0,1
annual_shared_offset,2907,2023-01-13,2023-01-30,0.0465290788350809,2023,2022-12-31,learned_order_extension,20260910,0.46027187341536235,0.46027187341536235,0,1
annual_shared_offset,2912,2023-01-20,2023-02-06,-0.0383797057844887,2023,2022-12-31,learned_order_extension,20260910,0.3872152058090037,0.3872152058090037,0,0
annual_shared_offset,2917,2023-02-03,2023-02-13,-0.0012061903149008,2023,2022-12-31,learned_order_extension,20260910,0.7087431108814826,0.7087431108814826,1,0
annual_shared_offset,2922,2023-02-10,2023-02-20,-0.0143746584432821,2023,2022-12-31,learned_order_extension,20260910,0.33420380659580207,0.33420380659580207,0,0
annual_shared_offset,2927,2023-02-17,2023-02-27,0.0001237636016198,2023,2022-12-31,learned_order_extension,20260910,0.37695809393703467,0.37695809393703467,0,1
annual_shared_offset,2932,2023-02-24,2023-03-06,0.0224454641303217,2023,2022-12-31,learned_order_extension,20260910,0.6504979423759706,0.6504979423759706,1,1
annual_shared_offset,2937,2023-03-03,2023-03-13,-0.0407900947678007,2023,2022-12-31,learned_order_extension,20260910,0.7451391997229981,0.7451391997229981,1,0
annual_shared_offset,2942,2023-03-10,2023-03-20,5.0471402903706775e-06,2023,2022-12-31,learned_order_extension,20260910,0.5807717243209339,0.5807717243209339,1,1
annual_shared_offset,2947,2023-03-17,2023-03-27,0.015302852124583,2023,2022-12-31,learned_order_extension,20260910,0.4261400351912486,0.4261400351912486,0,1
annual_shared_offset,2952,2023-03-24,2023-04-03,0.0090274153058433,2023,2022-12-31,learned_order_extension,20260910,0.35549705087245137,0.35549705087245137,0,1
annual_shared_offset,2957,2023-03-31,2023-04-10,0.0178317182396383,2023,2022-12-31,learned_order_extension,20260910,0.38561638910546875,0.38561638910546875,0,1
annual_state_offset_half,2902,2023-01-06,2023-01-16,0.0198447929614133,2023,2022-12-31,learned_order_extension,20260910,0.2943161630816726,0.2943161630816726,0,1
annual_state_offset_half,2907,2023-01-13,2023-01-30,0.0465290788350809,2023,2022-12-31,learned_order_extension,20260910,0.46027187341536235,0.46027187341536235,0,1
annual_state_offset_half,2912,2023-01-20,2023-02-06,-0.0383797057844887,2023,2022-12-31,learned_order_extension,20260910,0.3872152058090037,0.3872152058090037,0,0
annual_state_offset_half,2917,2023-02-03,2023-02-13,-0.0012061903149008,2023,2022-12-31,learned_order_extension,20260910,0.7087431108814826,0.7087431108814826,1,0
annual_state_offset_half,2922,2023-02-10,2023-02-20,-0.0143746584432821,2023,2022-12-31,learned_order_extension,20260910,0.33420380659580207,0.33420380659580207,0,0
annual_state_offset_half,2927,2023-02-17,2023-02-27,0.0001237636016198,2023,2022-12-31,learned_order_extension,20260910,0.37695809393703467,0.37695809393703467,0,1
annual_state_offset_half,2932,2023-02-24,2023-03-06,0.0224454641303217,2023,2022-12-31,learned_order_extension,20260910,0.6504979423759706,0.6504979423759706,1,1
annual_state_offset_half,2937,2023-03-03,2023-03-13,-0.0407900947678007,2023,2022-12-31,learned_order_extension,20260910,0.7451391997229981,0.7451391997229981,1,0
annual_state_offset_half,2942,2023-03-10,2023-03-20,5.0471402903706775e-06,2023,2022-12-31,learned_order_extension,20260910,0.5807717243209339,0.5807717243209339,1,1
annual_state_offset_half,2947,2023-03-17,2023-03-27,0.015302852124583,2023,2022-12-31,learned_order_extension,20260910,0.4261400351912486,0.4261400351912486,0,1
annual_state_offset_half,2952,2023-03-24,2023-04-03,0.0090274153058433,2023,2022-12-31,learned_order_extension,20260910,0.35549705087245137,0.35549705087245137,0,1
annual_state_offset_half,2957,2023-03-31,2023-04-10,0.0178317182396383,2023,2022-12-31,learned_order_extension,20260910,0.38561638910546875,0.38561638910546875,0,1
annual_state_offset,2902,2023-01-06,2023-01-16,0.0198447929614133,2023,2022-12-31,learned_order_offset,20260910,0.29436491679511234,0.29436491679511234,0,1
annual_state_offset,2907,2023-01-13,2023-01-30,0.0465290788350809,2023,2022-12-31,learned_order_offset,20260910,0.45922844261203544,0.45922844261203544,0,1
annual_state_offset,2912,2023-01-20,2023-02-06,-0.0383797057844887,2023,2022-12-31,learned_order_offset,20260910,0.3863007910171924,0.3863007910171924,0,0
annual_state_offset,2917,2023-02-03,2023-02-13,-0.0012061903149008,2023,2022-12-31,learned_order_offset,20260910,0.708109906191393,0.708109906191393,1,0
annual_state_offset,2922,2023-02-10,2023-02-20,-0.0143746584432821,2023,2022-12-31,learned_order_offset,20260910,0.3342356424663725,0.3342356424663725,0,0
annual_state_offset,2927,2023-02-17,2023-02-27,0.0001237636016198,2023,2022-12-31,learned_order_offset,20260910,0.3768936129162209,0.3768936129162209,0,1
annual_state_offset,2932,2023-02-24,2023-03-06,0.0224454641303217,2023,2022-12-31,learned_order_offset,20260910,0.650954614063496,0.650954614063496,1,1
annual_state_offset,2937,2023-03-03,2023-03-13,-0.0407900947678007,2023,2022-12-31,learned_order_offset,20260910,0.744213255918267,0.744213255918267,1,0
annual_state_offset,2942,2023-03-10,2023-03-20,5.0471402903706775e-06,2023,2022-12-31,learned_order_offset,20260910,0.581402685223824,0.581402685223824,1,1
annual_state_offset,2947,2023-03-17,2023-03-27,0.015302852124583,2023,2022-12-31,learned_order_offset,20260910,0.4267138677564879,0.4267138677564879,0,1
annual_state_offset,2952,2023-03-24,2023-04-03,0.0090274153058433,2023,2022-12-31,learned_order_offset,20260910,0.3550974197538086,0.3550974197538086,0,1
annual_state_offset,2957,2023-03-31,2023-04-10,0.0178317182396383,2023,2022-12-31,learned_order_offset,20260910,0.38476763491007665,0.38476763491007665,0,1
annual_shared_offset,2902,2023-01-06,2023-01-16,0.0198447929614133,2023,2022-12-31,learned_order_offset,20260910,0.29436491679511234,0.29436491679511234,0,1
annual_shared_offset,2907,2023-01-13,2023-01-30,0.0465290788350809,2023,2022-12-31,learned_order_offset,20260910,0.45922844261203544,0.45922844261203544,0,1
annual_shared_offset,2912,2023-01-20,2023-02-06,-0.0383797057844887,2023,2022-12-31,learned_order_offset,20260910,0.3863007910171924,0.3863007910171924,0,0
annual_shared_offset,2917,2023-02-03,2023-02-13,-0.0012061903149008,2023,2022-12-31,learned_order_offset,20260910,0.708109906191393,0.708109906191393,1,0
annual_shared_offset,2922,2023-02-10,2023-02-20,-0.0143746584432821,2023,2022-12-31,learned_order_offset,20260910,0.3342356424663725,0.3342356424663725,0,0
annual_shared_offset,2927,2023-02-17,2023-02-27,0.0001237636016198,2023,2022-12-31,learned_order_offset,20260910,0.3768936129162209,0.3768936129162209,0,1
annual_shared_offset,2932,2023-02-24,2023-03-06,0.0224454641303217,2023,2022-12-31,learned_order_offset,20260910,0.650954614063496,0.650954614063496,1,1
annual_shared_offset,2937,2023-03-03,2023-03-13,-0.0407900947678007,2023,2022-12-31,learned_order_offset,20260910,0.744213255918267,0.744213255918267,1,0
annual_shared_offset,2942,2023-03-10,2023-03-20,5.0471402903706775e-06,2023,2022-12-31,learned_order_offset,20260910,0.581402685223824,0.581402685223824,1,1
annual_shared_offset,2947,2023-03-17,2023-03-27,0.015302852124583,2023,2022-12-31,learned_order_offset,20260910,0.4267138677564879,0.4267138677564879,0,1
annual_shared_offset,2952,2023-03-24,2023-04-03,0.0090274153058433,2023,2022-12-31,learned_order_offset,20260910,0.3550974197538086,0.3550974197538086,0,1
annual_shared_offset,2957,2023-03-31,2023-04-10,0.0178317182396383,2023,2022-12-31,learned_order_offset,20260910,0.38476763491007665,0.38476763491007665,0,1
annual_state_offset_half,2902,2023-01-06,2023-01-16,0.0198447929614133,2023,2022-12-31,learned_order_offset,20260910,0.29436491679511234,0.29436491679511234,0,1
annual_state_offset_half,2907,2023-01-13,2023-01-30,0.0465290788350809,2023,2022-12-31,learned_order_offset,20260910,0.45922844261203544,0.45922844261203544,0,1
annual_state_offset_half,2912,2023-01-20,2023-02-06,-0.0383797057844887,2023,2022-12-31,learned_order_offset,20260910,0.3863007910171924,0.3863007910171924,0,0
annual_state_offset_half,2917,2023-02-03,2023-02-13,-0.0012061903149008,2023,2022-12-31,learned_order_offset,20260910,0.708109906191393,0.708109906191393,1,0
annual_state_offset_half,2922,2023-02-10,2023-02-20,-0.0143746584432821,2023,2022-12-31,learned_order_offset,20260910,0.3342356424663725,0.3342356424663725,0,0
annual_state_offset_half,2927,2023-02-17,2023-02-27,0.0001237636016198,2023,2022-12-31,learned_order_offset,20260910,0.3768936129162209,0.3768936129162209,0,1
annual_state_offset_half,2932,2023-02-24,2023-03-06,0.0224454641303217,2023,2022-12-31,learned_order_offset,20260910,0.650954614063496,0.650954614063496,1,1
annual_state_offset_half,2937,2023-03-03,2023-03-13,-0.0407900947678007,2023,2022-12-31,learned_order_offset,20260910,0.744213255918267,0.744213255918267,1,0
annual_state_offset_half,2942,2023-03-10,2023-03-20,5.0471402903706775e-06,2023,2022-12-31,learned_order_offset,20260910,0.581402685223824,0.581402685223824,1,1
annual_state_offset_half,2947,2023-03-17,2023-03-27,0.015302852124583,2023,2022-12-31,learned_order_offset,20260910,0.4267138677564879,0.4267138677564879,0,1
annual_state_offset_half,2952,2023-03-24,2023-04-03,0.0090274153058433,2023,2022-12-31,learned_order_offset,20260910,0.3550974197538086,0.3550974197538086,0,1
annual_state_offset_half,2957,2023-03-31,2023-04-10,0.0178317182396383,2023,2022-12-31,learned_order_offset,20260910,0.38476763491007665,0.38476763491007665,0,1
annual_state_offset,2902,2023-01-06,2023-01-16,0.0198447929614133,2023,2022-12-31,learned_market,20260911,0.4109996836659653,0.4109996836659653,0,1
annual_state_offset,2907,2023-01-13,2023-01-30,0.0465290788350809,2023,2022-12-31,learned_market,20260911,0.344318482304961,0.344318482304961,0,1
annual_state_offset,2912,2023-01-20,2023-02-06,-0.0383797057844887,2023,2022-12-31,learned_market,20260911,0.6588589521771411,0.6588589521771411,1,0
annual_state_offset,2917,2023-02-03,2023-02-13,-0.0012061903149008,2023,2022-12-31,learned_market,20260911,0.5846417083500102,0.5846417083500102,1,0
annual_state_offset,2922,2023-02-10,2023-02-20,-0.0143746584432821,2023,2022-12-31,learned_market,20260911,0.37229435163057095,0.37229435163057095,0,0
annual_state_offset,2927,2023-02-17,2023-02-27,0.0001237636016198,2023,2022-12-31,learned_market,20260911,0.4278917331001193,0.4278917331001193,0,1
annual_state_offset,2932,2023-02-24,2023-03-06,0.0224454641303217,2023,2022-12-31,learned_market,20260911,0.6524353768671635,0.6524353768671635,1,1
annual_state_offset,2937,2023-03-03,2023-03-13,-0.0407900947678007,2023,2022-12-31,learned_market,20260911,0.767620468884498,0.767620468884498,1,0
annual_state_offset,2942,2023-03-10,2023-03-20,5.0471402903706775e-06,2023,2022-12-31,learned_market,20260911,0.6078004132598206,0.6078004132598206,1,1
annual_state_offset,2947,2023-03-17,2023-03-27,0.015302852124583,2023,2022-12-31,learned_market,20260911,0.41902195233093853,0.41902195233093853,0,1
annual_state_offset,2952,2023-03-24,2023-04-03,0.0090274153058433,2023,2022-12-31,learned_market,20260911,0.4677158880927443,0.4677158880927443,0,1
annual_state_offset,2957,2023-03-31,2023-04-10,0.0178317182396383,2023,2022-12-31,learned_market,20260911,0.5644297293997745,0.5644297293997745,1,1
annual_shared_offset,2902,2023-01-06,2023-01-16,0.0198447929614133,2023,2022-12-31,learned_market,20260911,0.4109996836659653,0.4109996836659653,0,1
annual_shared_offset,2907,2023-01-13,2023-01-30,0.0465290788350809,2023,2022-12-31,learned_market,20260911,0.344318482304961,0.344318482304961,0,1
annual_shared_offset,2912,2023-01-20,2023-02-06,-0.0383797057844887,2023,2022-12-31,learned_market,20260911,0.6588589521771411,0.6588589521771411,1,0
annual_shared_offset,2917,2023-02-03,2023-02-13,-0.0012061903149008,2023,2022-12-31,learned_market,20260911,0.5846417083500102,0.5846417083500102,1,0
annual_shared_offset,2922,2023-02-10,2023-02-20,-0.0143746584432821,2023,2022-12-31,learned_market,20260911,0.37229435163057095,0.37229435163057095,0,0
annual_shared_offset,2927,2023-02-17,2023-02-27,0.0001237636016198,2023,2022-12-31,learned_market,20260911,0.4278917331001193,0.4278917331001193,0,1
annual_shared_offset,2932,2023-02-24,2023-03-06,0.0224454641303217,2023,2022-12-31,learned_market,20260911,0.6524353768671635,0.6524353768671635,1,1
annual_shared_offset,2937,2023-03-03,2023-03-13,-0.0407900947678007,2023,2022-12-31,learned_market,20260911,0.767620468884498,0.767620468884498,1,0
annual_shared_offset,2942,2023-03-10,2023-03-20,5.0471402903706775e-06,2023,2022-12-31,learned_market,20260911,0.6078004132598206,0.6078004132598206,1,1
annual_shared_offset,2947,2023-03-17,2023-03-27,0.015302852124583,2023,2022-12-31,learned_market,20260911,0.41902195233093853,0.41902195233093853,0,1
annual_shared_offset,2952,2023-03-24,2023-04-03,0.0090274153058433,2023,2022-12-31,learned_market,20260911,0.4677158880927443,0.4677158880927443,0,1
annual_shared_offset,2957,2023-03-31,2023-04-10,0.0178317182396383,2023,2022-12-31,learned_market,20260911,0.5644297293997745,0.5644297293997745,1,1
annual_state_offset_half,2902,2023-01-06,2023-01-16,0.0198447929614133,2023,2022-12-31,learned_market,20260911,0.4109996836659653,0.4109996836659653,0,1
annual_state_offset_half,2907,2023-01-13,2023-01-30,0.0465290788350809,2023,2022-12-31,learned_market,20260911,0.344318482304961,0.344318482304961,0,1
annual_state_offset_half,2912,2023-01-20,2023-02-06,-0.0383797057844887,2023,2022-12-31,learned_market,20260911,0.6588589521771411,0.6588589521771411,1,0
annual_state_offset_half,2917,2023-02-03,2023-02-13,-0.0012061903149008,2023,2022-12-31,learned_market,20260911,0.5846417083500102,0.5846417083500102,1,0
annual_state_offset_half,2922,2023-02-10,2023-02-20,-0.0143746584432821,2023,2022-12-31,learned_market,20260911,0.37229435163057095,0.37229435163057095,0,0
annual_state_offset_half,2927,2023-02-17,2023-02-27,0.0001237636016198,2023,2022-12-31,learned_market,20260911,0.4278917331001193,0.4278917331001193,0,1
annual_state_offset_half,2932,2023-02-24,2023-03-06,0.0224454641303217,2023,2022-12-31,learned_market,20260911,0.6524353768671635,0.6524353768671635,1,1
annual_state_offset_half,2937,2023-03-03,2023-03-13,-0.0407900947678007,2023,2022-12-31,learned_market,20260911,0.767620468884498,0.767620468884498,1,0
annual_state_offset_half,2942,2023-03-10,2023-03-20,5.0471402903706775e-06,2023,2022-12-31,learned_market,20260911,0.6078004132598206,0.6078004132598206,1,1
annual_state_offset_half,2947,2023-03-17,2023-03-27,0.015302852124583,2023,2022-12-31,learned_market,20260911,0.41902195233093853,0.41902195233093853,0,1
annual_state_offset_half,2952,2023-03-24,2023-04-03,0.0090274153058433,2023,2022-12-31,learned_market,20260911,0.4677158880927443,0.4677158880927443,0,1
annual_state_offset_half,2957,2023-03-31,2023-04-10,0.0178317182396383,2023,2022-12-31,learned_market,20260911,0.5644297293997745,0.5644297293997745,1,1
annual_state_offset,2902,2023-01-06,2023-01-16,0.0198447929614133,2023,2022-12-31,learned_vol_interaction,20260911,0.40969442309749926,0.40969442309749926,0,1
annual_state_offset,2907,2023-01-13,2023-01-30,0.0465290788350809,2023,2022-12-31,learned_vol_interaction,20260911,0.36456829174456845,0.36456829174456845,0,1
annual_state_offset,2912,2023-01-20,2023-02-06,-0.0383797057844887,2023,2022-12-31,learned_vol_interaction,20260911,0.5794436004575169,0.5794436004575169,1,0
annual_state_offset,2917,2023-02-03,2023-02-13,-0.0012061903149008,2023,2022-12-31,learned_vol_interaction,20260911,0.5514968469417321,0.5514968469417321,1,0
annual_state_offset,2922,2023-02-10,2023-02-20,-0.0143746584432821,2023,2022-12-31,learned_vol_interaction,20260911,0.3927055424872561,0.3927055424872561,0,0
annual_state_offset,2927,2023-02-17,2023-02-27,0.0001237636016198,2023,2022-12-31,learned_vol_interaction,20260911,0.44774683758526995,0.44774683758526995,0,1
annual_state_offset,2932,2023-02-24,2023-03-06,0.0224454641303217,2023,2022-12-31,learned_vol_interaction,20260911,0.619096546985403,0.619096546985403,1,1
annual_state_offset,2937,2023-03-03,2023-03-13,-0.0407900947678007,2023,2022-12-31,learned_vol_interaction,20260911,0.7361671223361639,0.7361671223361639,1,0
annual_state_offset,2942,2023-03-10,2023-03-20,5.0471402903706775e-06,2023,2022-12-31,learned_vol_interaction,20260911,0.5923713060138441,0.5923713060138441,1,1
annual_state_offset,2947,2023-03-17,2023-03-27,0.015302852124583,2023,2022-12-31,learned_vol_interaction,20260911,0.44129297023126407,0.44129297023126407,0,1
annual_state_offset,2952,2023-03-24,2023-04-03,0.0090274153058433,2023,2022-12-31,learned_vol_interaction,20260911,0.48118952805584325,0.48118952805584325,0,1
annual_state_offset,2957,2023-03-31,2023-04-10,0.0178317182396383,2023,2022-12-31,learned_vol_interaction,20260911,0.5581984383579583,0.5581984383579583,1,1
annual_shared_offset,2902,2023-01-06,2023-01-16,0.0198447929614133,2023,2022-12-31,learned_vol_interaction,20260911,0.40969442309749926,0.40969442309749926,0,1
annual_shared_offset,2907,2023-01-13,2023-01-30,0.0465290788350809,2023,2022-12-31,learned_vol_interaction,20260911,0.36456829174456845,0.36456829174456845,0,1
annual_shared_offset,2912,2023-01-20,2023-02-06,-0.0383797057844887,2023,2022-12-31,learned_vol_interaction,20260911,0.5794436004575169,0.5794436004575169,1,0
annual_shared_offset,2917,2023-02-03,2023-02-13,-0.0012061903149008,2023,2022-12-31,learned_vol_interaction,20260911,0.5514968469417321,0.5514968469417321,1,0
annual_shared_offset,2922,2023-02-10,2023-02-20,-0.0143746584432821,2023,2022-12-31,learned_vol_interaction,20260911,0.3927055424872561,0.3927055424872561,0,0
annual_shared_offset,2927,2023-02-17,2023-02-27,0.0001237636016198,2023,2022-12-31,learned_vol_interaction,20260911,0.44774683758526995,0.44774683758526995,0,1
annual_shared_offset,2932,2023-02-24,2023-03-06,0.0224454641303217,2023,2022-12-31,learned_vol_interaction,20260911,0.619096546985403,0.619096546985403,1,1
annual_shared_offset,2937,2023-03-03,2023-03-13,-0.0407900947678007,2023,2022-12-31,learned_vol_interaction,20260911,0.7361671223361639,0.7361671223361639,1,0
annual_shared_offset,2942,2023-03-10,2023-03-20,5.0471402903706775e-06,2023,2022-12-31,learned_vol_interaction,20260911,0.5923713060138441,0.5923713060138441,1,1
annual_shared_offset,2947,2023-03-17,2023-03-27,0.015302852124583,2023,2022-12-31,learned_vol_interaction,20260911,0.44129297023126407,0.44129297023126407,0,1
annual_shared_offset,2952,2023-03-24,2023-04-03,0.0090274153058433,2023,2022-12-31,learned_vol_interaction,20260911,0.48118952805584325,0.48118952805584325,0,1
annual_shared_offset,2957,2023-03-31,2023-04-10,0.0178317182396383,2023,2022-12-31,learned_vol_interaction,20260911,0.5581984383579583,0.5581984383579583,1,1
annual_state_offset_half,2902,2023-01-06,2023-01-16,0.0198447929614133,2023,2022-12-31,learned_vol_interaction,20260911,0.40969442309749926,0.40969442309749926,0,1
annual_state_offset_half,2907,2023-01-13,2023-01-30,0.0465290788350809,2023,2022-12-31,learned_vol_interaction,20260911,0.36456829174456845,0.36456829174456845,0,1
annual_state_offset_half,2912,2023-01-20,2023-02-06,-0.0383797057844887,2023,2022-12-31,learned_vol_interaction,20260911,0.5794436004575169,0.5794436004575169,1,0
annual_state_offset_half,2917,2023-02-03,2023-02-13,-0.0012061903149008,2023,2022-12-31,learned_vol_interaction,20260911,0.5514968469417321,0.5514968469417321,1,0
annual_state_offset_half,2922,2023-02-10,2023-02-20,-0.0143746584432821,2023,2022-12-31,learned_vol_interaction,20260911,0.3927055424872561,0.3927055424872561,0,0
annual_state_offset_half,2927,2023-02-17,2023-02-27,0.0001237636016198,2023,2022-12-31,learned_vol_interaction,20260911,0.44774683758526995,0.44774683758526995,0,1
annual_state_offset_half,2932,2023-02-24,2023-03-06,0.0224454641303217,2023,2022-12-31,learned_vol_interaction,20260911,0.619096546985403,0.619096546985403,1,1
annual_state_offset_half,2937,2023-03-03,2023-03-13,-0.0407900947678007,2023,2022-12-31,learned_vol_interaction,20260911,0.7361671223361639,0.7361671223361639,1,0
annual_state_offset_half,2942,2023-03-10,2023-03-20,5.0471402903706775e-06,2023,2022-12-31,learned_vol_interaction,20260911,0.5923713060138441,0.5923713060138441,1,1
annual_state_offset_half,2947,2023-03-17,2023-03-27,0.015302852124583,2023,2022-12-31,learned_vol_interaction,20260911,0.44129297023126407,0.44129297023126407,0,1
annual_state_offset_half,2952,2023-03-24,2023-04-03,0.0090274153058433,2023,2022-12-31,learned_vol_interaction,20260911,0.48118952805584325,0.48118952805584325,0,1
annual_state_offset_half,2957,2023-03-31,2023-04-10,0.0178317182396383,2023,2022-12-31,learned_vol_interaction,20260911,0.5581984383579583,0.5581984383579583,1,1
annual_state_offset,2902,2023-01-06,2023-01-16,0.0198447929614133,2023,2022-12-31,learned_order_extension,20260911,0.4111458737354107,0.4111458737354107,0,1
annual_state_offset,2907,2023-01-13,2023-01-30,0.0465290788350809,2023,2022-12-31,learned_order_extension,20260911,0.36472782557647304,0.36472782557647304,0,1
annual_state_offset,2912,2023-01-20,2023-02-06,-0.0383797057844887,2023,2022-12-31,learned_order_extension,20260911,0.5780473136480286,0.5780473136480286,1,0
annual_state_offset,2917,2023-02-03,2023-02-13,-0.0012061903149008,2023,2022-12-31,learned_order_extension,20260911,0.5514322848293292,0.5514322848293292,1,0
annual_state_offset,2922,2023-02-10,2023-02-20,-0.0143746584432821,2023,2022-12-31,learned_order_extension,20260911,0.3920291907474336,0.3920291907474336,0,0
annual_state_offset,2927,2023-02-17,2023-02-27,0.0001237636016198,2023,2022-12-31,learned_order_extension,20260911,0.4473244932999703,0.4473244932999703,0,1
annual_state_offset,2932,2023-02-24,2023-03-06,0.0224454641303217,2023,2022-12-31,learned_order_extension,20260911,0.6194433589464242,0.6194433589464242,1,1
annual_state_offset,2937,2023-03-03,2023-03-13,-0.0407900947678007,2023,2022-12-31,learned_order_extension,20260911,0.7367440693214489,0.7367440693214489,1,0
annual_state_offset,2942,2023-03-10,2023-03-20,5.0471402903706775e-06,2023,2022-12-31,learned_order_extension,20260911,0.5926520405957385,0.5926520405957385,1,1
annual_state_offset,2947,2023-03-17,2023-03-27,0.015302852124583,2023,2022-12-31,learned_order_extension,20260911,0.44150652320643097,0.44150652320643097,0,1
annual_state_offset,2952,2023-03-24,2023-04-03,0.0090274153058433,2023,2022-12-31,learned_order_extension,20260911,0.4806406899115495,0.4806406899115495,0,1
annual_state_offset,2957,2023-03-31,2023-04-10,0.0178317182396383,2023,2022-12-31,learned_order_extension,20260911,0.5564015664237618,0.5564015664237618,1,1
annual_shared_offset,2902,2023-01-06,2023-01-16,0.0198447929614133,2023,2022-12-31,learned_order_extension,20260911,0.4111458737354107,0.4111458737354107,0,1
annual_shared_offset,2907,2023-01-13,2023-01-30,0.0465290788350809,2023,2022-12-31,learned_order_extension,20260911,0.36472782557647304,0.36472782557647304,0,1
annual_shared_offset,2912,2023-01-20,2023-02-06,-0.0383797057844887,2023,2022-12-31,learned_order_extension,20260911,0.5780473136480286,0.5780473136480286,1,0
annual_shared_offset,2917,2023-02-03,2023-02-13,-0.0012061903149008,2023,2022-12-31,learned_order_extension,20260911,0.5514322848293292,0.5514322848293292,1,0
annual_shared_offset,2922,2023-02-10,2023-02-20,-0.0143746584432821,2023,2022-12-31,learned_order_extension,20260911,0.3920291907474336,0.3920291907474336,0,0
annual_shared_offset,2927,2023-02-17,2023-02-27,0.0001237636016198,2023,2022-12-31,learned_order_extension,20260911,0.4473244932999703,0.4473244932999703,0,1
annual_shared_offset,2932,2023-02-24,2023-03-06,0.0224454641303217,2023,2022-12-31,learned_order_extension,20260911,0.6194433589464242,0.6194433589464242,1,1
annual_shared_offset,2937,2023-03-03,2023-03-13,-0.0407900947678007,2023,2022-12-31,learned_order_extension,20260911,0.7367440693214489,0.7367440693214489,1,0
annual_shared_offset,2942,2023-03-10,2023-03-20,5.0471402903706775e-06,2023,2022-12-31,learned_order_extension,20260911,0.5926520405957385,0.5926520405957385,1,1
annual_shared_offset,2947,2023-03-17,2023-03-27,0.015302852124583,2023,2022-12-31,learned_order_extension,20260911,0.44150652320643097,0.44150652320643097,0,1
annual_shared_offset,2952,2023-03-24,2023-04-03,0.0090274153058433,2023,2022-12-31,learned_order_extension,20260911,0.4806406899115495,0.4806406899115495,0,1
annual_shared_offset,2957,2023-03-31,2023-04-10,0.0178317182396383,2023,2022-12-31,learned_order_extension,20260911,0.5564015664237618,0.5564015664237618,1,1
annual_state_offset_half,2902,2023-01-06,2023-01-16,0.0198447929614133,2023,2022-12-31,learned_order_extension,20260911,0.4111458737354107,0.4111458737354107,0,1
annual_state_offset_half,2907,2023-01-13,2023-01-30,0.0465290788350809,2023,2022-12-31,learned_order_extension,20260911,0.36472782557647304,0.36472782557647304,0,1
annual_state_offset_half,2912,2023-01-20,2023-02-06,-0.0383797057844887,2023,2022-12-31,learned_order_extension,20260911,0.5780473136480286,0.5780473136480286,1,0
annual_state_offset_half,2917,2023-02-03,2023-02-13,-0.0012061903149008,2023,2022-12-31,learned_order_extension,20260911,0.5514322848293292,0.5514322848293292,1,0
annual_state_offset_half,2922,2023-02-10,2023-02-20,-0.0143746584432821,2023,2022-12-31,learned_order_extension,20260911,0.3920291907474336,0.3920291907474336,0,0
annual_state_offset_half,2927,2023-02-17,2023-02-27,0.0001237636016198,2023,2022-12-31,learned_order_extension,20260911,0.4473244932999703,0.4473244932999703,0,1
annual_state_offset_half,2932,2023-02-24,2023-03-06,0.0224454641303217,2023,2022-12-31,learned_order_extension,20260911,0.6194433589464242,0.6194433589464242,1,1
annual_state_offset_half,2937,2023-03-03,2023-03-13,-0.0407900947678007,2023,2022-12-31,learned_order_extension,20260911,0.7367440693214489,0.7367440693214489,1,0
annual_state_offset_half,2942,2023-03-10,2023-03-20,5.0471402903706775e-06,2023,2022-12-31,learned_order_extension,20260911,0.5926520405957385,0.5926520405957385,1,1
annual_state_offset_half,2947,2023-03-17,2023-03-27,0.015302852124583,2023,2022-12-31,learned_order_extension,20260911,0.44150652320643097,0.44150652320643097,0,1
annual_state_offset_half,2952,2023-03-24,2023-04-03,0.0090274153058433,2023,2022-12-31,learned_order_extension,20260911,0.4806406899115495,0.4806406899115495,0,1
annual_state_offset_half,2957,2023-03-31,2023-04-10,0.0178317182396383,2023,2022-12-31,learned_order_extension,20260911,0.5564015664237618,0.5564015664237618,1,1
annual_state_offset,2902,2023-01-06,2023-01-16,0.0198447929614133,2023,2022-12-31,learned_order_offset,20260911,0.41117201615041793,0.41117201615041793,0,1
annual_state_offset,2907,2023-01-13,2023-01-30,0.0465290788350809,2023,2022-12-31,learned_order_offset,20260911,0.364680620051655,0.364680620051655,0,1
annual_state_offset,2912,2023-01-20,2023-02-06,-0.0383797057844887,2023,2022-12-31,learned_order_offset,20260911,0.578179649696222,0.578179649696222,1,0
annual_state_offset,2917,2023-02-03,2023-02-13,-0.0012061903149008,2023,2022-12-31,learned_order_offset,20260911,0.5515128874638535,0.5515128874638535,1,0
annual_state_offset,2922,2023-02-10,2023-02-20,-0.0143746584432821,2023,2022-12-31,learned_order_offset,20260911,0.39192014326711666,0.39192014326711666,0,0
annual_state_offset,2927,2023-02-17,2023-02-27,0.0001237636016198,2023,2022-12-31,learned_order_offset,20260911,0.44735551730013157,0.44735551730013157,0,1
annual_state_offset,2932,2023-02-24,2023-03-06,0.0224454641303217,2023,2022-12-31,learned_order_offset,20260911,0.6194755772192605,0.6194755772192605,1,1
annual_state_offset,2937,2023-03-03,2023-03-13,-0.0407900947678007,2023,2022-12-31,learned_order_offset,20260911,0.7367890366176728,0.7367890366176728,1,0
annual_state_offset,2942,2023-03-10,2023-03-20,5.0471402903706775e-06,2023,2022-12-31,learned_order_offset,20260911,0.5927141757173765,0.5927141757173765,1,1
annual_state_offset,2947,2023-03-17,2023-03-27,0.015302852124583,2023,2022-12-31,learned_order_offset,20260911,0.44144992787218895,0.44144992787218895,0,1
annual_state_offset,2952,2023-03-24,2023-04-03,0.0090274153058433,2023,2022-12-31,learned_order_offset,20260911,0.48064826466248156,0.48064826466248156,0,1
annual_state_offset,2957,2023-03-31,2023-04-10,0.0178317182396383,2023,2022-12-31,learned_order_offset,20260911,0.556461403271004,0.556461403271004,1,1
annual_shared_offset,2902,2023-01-06,2023-01-16,0.0198447929614133,2023,2022-12-31,learned_order_offset,20260911,0.41117201615041793,0.41117201615041793,0,1
annual_shared_offset,2907,2023-01-13,2023-01-30,0.0465290788350809,2023,2022-12-31,learned_order_offset,20260911,0.364680620051655,0.364680620051655,0,1
annual_shared_offset,2912,2023-01-20,2023-02-06,-0.0383797057844887,2023,2022-12-31,learned_order_offset,20260911,0.578179649696222,0.578179649696222,1,0
annual_shared_offset,2917,2023-02-03,2023-02-13,-0.0012061903149008,2023,2022-12-31,learned_order_offset,20260911,0.5515128874638535,0.5515128874638535,1,0
annual_shared_offset,2922,2023-02-10,2023-02-20,-0.0143746584432821,2023,2022-12-31,learned_order_offset,20260911,0.39192014326711666,0.39192014326711666,0,0
annual_shared_offset,2927,2023-02-17,2023-02-27,0.0001237636016198,2023,2022-12-31,learned_order_offset,20260911,0.44735551730013157,0.44735551730013157,0,1
annual_shared_offset,2932,2023-02-24,2023-03-06,0.0224454641303217,2023,2022-12-31,learned_order_offset,20260911,0.6194755772192605,0.6194755772192605,1,1
annual_shared_offset,2937,2023-03-03,2023-03-13,-0.0407900947678007,2023,2022-12-31,learned_order_offset,20260911,0.7367890366176728,0.7367890366176728,1,0
annual_shared_offset,2942,2023-03-10,2023-03-20,5.0471402903706775e-06,2023,2022-12-31,learned_order_offset,20260911,0.5927141757173765,0.5927141757173765,1,1
annual_shared_offset,2947,2023-03-17,2023-03-27,0.015302852124583,2023,2022-12-31,learned_order_offset,20260911,0.44144992787218895,0.44144992787218895,0,1
annual_shared_offset,2952,2023-03-24,2023-04-03,0.0090274153058433,2023,2022-12-31,learned_order_offset,20260911,0.48064826466248156,0.48064826466248156,0,1
annual_shared_offset,2957,2023-03-31,2023-04-10,0.0178317182396383,2023,2022-12-31,learned_order_offset,20260911,0.556461403271004,0.556461403271004,1,1
annual_state_offset_half,2902,2023-01-06,2023-01-16,0.0198447929614133,2023,2022-12-31,learned_order_offset,20260911,0.41117201615041793,0.41117201615041793,0,1
annual_state_offset_half,2907,2023-01-13,2023-01-30,0.0465290788350809,2023,2022-12-31,learned_order_offset,20260911,0.364680620051655,0.364680620051655,0,1
annual_state_offset_half,2912,2023-01-20,2023-02-06,-0.0383797057844887,2023,2022-12-31,learned_order_offset,20260911,0.578179649696222,0.578179649696222,1,0
annual_state_offset_half,2917,2023-02-03,2023-02-13,-0.0012061903149008,2023,2022-12-31,learned_order_offset,20260911,0.5515128874638535,0.5515128874638535,1,0
annual_state_offset_half,2922,2023-02-10,2023-02-20,-0.0143746584432821,2023,2022-12-31,learned_order_offset,20260911,0.39192014326711666,0.39192014326711666,0,0
annual_state_offset_half,2927,2023-02-17,2023-02-27,0.0001237636016198,2023,2022-12-31,learned_order_offset,20260911,0.44735551730013157,0.44735551730013157,0,1
annual_state_offset_half,2932,2023-02-24,2023-03-06,0.0224454641303217,2023,2022-12-31,learned_order_offset,20260911,0.6194755772192605,0.6194755772192605,1,1
annual_state_offset_half,2937,2023-03-03,2023-03-13,-0.0407900947678007,2023,2022-12-31,learned_order_offset,20260911,0.7367890366176728,0.7367890366176728,1,0
annual_state_offset_half,2942,2023-03-10,2023-03-20,5.0471402903706775e-06,2023,2022-12-31,learned_order_offset,20260911,0.5927141757173765,0.5927141757173765,1,1
annual_state_offset_half,2947,2023-03-17,2023-03-27,0.015302852124583,2023,2022-12-31,learned_order_offset,20260911,0.44144992787218895,0.44144992787218895,0,1
annual_state_offset_half,2952,2023-03-24,2023-04-03,0.0090274153058433,2023,2022-12-31,learned_order_offset,20260911,0.48064826466248156,0.48064826466248156,0,1
annual_state_offset_half,2957,2023-03-31,2023-04-10,0.0178317182396383,2023,2022-12-31,learned_order_offset,20260911,0.556461403271004,0.556461403271004,1,1
annual_state_offset,2902,2023-01-06,2023-01-16,0.0198447929614133,2023,2022-12-31,learned_market,20260912,0.30052885603711643,0.30052885603711643,0,1
annual_state_offset,2907,2023-01-13,2023-01-30,0.0465290788350809,2023,2022-12-31,learned_market,20260912,0.25642703962175933,0.25642703962175933,0,1
annual_state_offset,2912,2023-01-20,2023-02-06,-0.0383797057844887,2023,2022-12-31,learned_market,20260912,0.6884031394091166,0.6884031394091166,1,0
annual_state_offset,2917,2023-02-03,2023-02-13,-0.0012061903149008,2023,2022-12-31,learned_market,20260912,0.48719446040105807,0.48719446040105807,0,0
annual_state_offset,2922,2023-02-10,2023-02-20,-0.0143746584432821,2023,2022-12-31,learned_market,20260912,0.25478983111842135,0.25478983111842135,0,0
annual_state_offset,2927,2023-02-17,2023-02-27,0.0001237636016198,2023,2022-12-31,learned_market,20260912,0.4079835806267681,0.4079835806267681,0,1
annual_state_offset,2932,2023-02-24,2023-03-06,0.0224454641303217,2023,2022-12-31,learned_market,20260912,0.7137242634797857,0.7137242634797857,1,1
annual_state_offset,2937,2023-03-03,2023-03-13,-0.0407900947678007,2023,2022-12-31,learned_market,20260912,0.5807881322909977,0.5807881322909977,1,0
annual_state_offset,2942,2023-03-10,2023-03-20,5.0471402903706775e-06,2023,2022-12-31,learned_market,20260912,0.41460120883303464,0.41460120883303464,0,1
annual_state_offset,2947,2023-03-17,2023-03-27,0.015302852124583,2023,2022-12-31,learned_market,20260912,0.30490069121650976,0.30490069121650976,0,1
annual_state_offset,2952,2023-03-24,2023-04-03,0.0090274153058433,2023,2022-12-31,learned_market,20260912,0.5481390563099999,0.5481390563099999,1,1
annual_state_offset,2957,2023-03-31,2023-04-10,0.0178317182396383,2023,2022-12-31,learned_market,20260912,0.611788401190659,0.611788401190659,1,1
annual_shared_offset,2902,2023-01-06,2023-01-16,0.0198447929614133,2023,2022-12-31,learned_market,20260912,0.30052885603711643,0.30052885603711643,0,1
annual_shared_offset,2907,2023-01-13,2023-01-30,0.0465290788350809,2023,2022-12-31,learned_market,20260912,0.25642703962175933,0.25642703962175933,0,1
annual_shared_offset,2912,2023-01-20,2023-02-06,-0.0383797057844887,2023,2022-12-31,learned_market,20260912,0.6884031394091166,0.6884031394091166,1,0
annual_shared_offset,2917,2023-02-03,2023-02-13,-0.0012061903149008,2023,2022-12-31,learned_market,20260912,0.48719446040105807,0.48719446040105807,0,0
annual_shared_offset,2922,2023-02-10,2023-02-20,-0.0143746584432821,2023,2022-12-31,learned_market,20260912,0.25478983111842135,0.25478983111842135,0,0
annual_shared_offset,2927,2023-02-17,2023-02-27,0.0001237636016198,2023,2022-12-31,learned_market,20260912,0.4079835806267681,0.4079835806267681,0,1
annual_shared_offset,2932,2023-02-24,2023-03-06,0.0224454641303217,2023,2022-12-31,learned_market,20260912,0.7137242634797857,0.7137242634797857,1,1
annual_shared_offset,2937,2023-03-03,2023-03-13,-0.0407900947678007,2023,2022-12-31,learned_market,20260912,0.5807881322909977,0.5807881322909977,1,0
annual_shared_offset,2942,2023-03-10,2023-03-20,5.0471402903706775e-06,2023,2022-12-31,learned_market,20260912,0.41460120883303464,0.41460120883303464,0,1
annual_shared_offset,2947,2023-03-17,2023-03-27,0.015302852124583,2023,2022-12-31,learned_market,20260912,0.30490069121650976,0.30490069121650976,0,1
annual_shared_offset,2952,2023-03-24,2023-04-03,0.0090274153058433,2023,2022-12-31,learned_market,20260912,0.5481390563099999,0.5481390563099999,1,1
annual_shared_offset,2957,2023-03-31,2023-04-10,0.0178317182396383,2023,2022-12-31,learned_market,20260912,0.611788401190659,0.611788401190659,1,1
annual_state_offset_half,2902,2023-01-06,2023-01-16,0.0198447929614133,2023,2022-12-31,learned_market,20260912,0.30052885603711643,0.30052885603711643,0,1
annual_state_offset_half,2907,2023-01-13,2023-01-30,0.0465290788350809,2023,2022-12-31,learned_market,20260912,0.25642703962175933,0.25642703962175933,0,1
annual_state_offset_half,2912,2023-01-20,2023-02-06,-0.0383797057844887,2023,2022-12-31,learned_market,20260912,0.6884031394091166,0.6884031394091166,1,0
annual_state_offset_half,2917,2023-02-03,2023-02-13,-0.0012061903149008,2023,2022-12-31,learned_market,20260912,0.48719446040105807,0.48719446040105807,0,0
annual_state_offset_half,2922,2023-02-10,2023-02-20,-0.0143746584432821,2023,2022-12-31,learned_market,20260912,0.25478983111842135,0.25478983111842135,0,0
annual_state_offset_half,2927,2023-02-17,2023-02-27,0.0001237636016198,2023,2022-12-31,learned_market,20260912,0.4079835806267681,0.4079835806267681,0,1
annual_state_offset_half,2932,2023-02-24,2023-03-06,0.0224454641303217,2023,2022-12-31,learned_market,20260912,0.7137242634797857,0.7137242634797857,1,1
annual_state_offset_half,2937,2023-03-03,2023-03-13,-0.0407900947678007,2023,2022-12-31,learned_market,20260912,0.5807881322909977,0.5807881322909977,1,0
annual_state_offset_half,2942,2023-03-10,2023-03-20,5.0471402903706775e-06,2023,2022-12-31,learned_market,20260912,0.41460120883303464,0.41460120883303464,0,1
annual_state_offset_half,2947,2023-03-17,2023-03-27,0.015302852124583,2023,2022-12-31,learned_market,20260912,0.30490069121650976,0.30490069121650976,0,1
annual_state_offset_half,2952,2023-03-24,2023-04-03,0.0090274153058433,2023,2022-12-31,learned_market,20260912,0.5481390563099999,0.5481390563099999,1,1
annual_state_offset_half,2957,2023-03-31,2023-04-10,0.0178317182396383,2023,2022-12-31,learned_market,20260912,0.611788401190659,0.611788401190659,1,1
annual_state_offset,2902,2023-01-06,2023-01-16,0.0198447929614133,2023,2022-12-31,learned_vol_interaction,20260912,0.28965659740268485,0.28965659740268485,0,1
annual_state_offset,2907,2023-01-13,2023-01-30,0.0465290788350809,2023,2022-12-31,learned_vol_interaction,20260912,0.24376767561556023,0.24376767561556023,0,1
annual_state_offset,2912,2023-01-20,2023-02-06,-0.0383797057844887,2023,2022-12-31,learned_vol_interaction,20260912,0.7144269683090918,0.7144269683090918,1,0
annual_state_offset,2917,2023-02-03,2023-02-13,-0.0012061903149008,2023,2022-12-31,learned_vol_interaction,20260912,0.48449097695552545,0.48449097695552545,0,0
annual_state_offset,2922,2023-02-10,2023-02-20,-0.0143746584432821,2023,2022-12-31,learned_vol_interaction,20260912,0.24568395555451436,0.24568395555451436,0,0
annual_state_offset,2927,2023-02-17,2023-02-27,0.0001237636016198,2023,2022-12-31,learned_vol_interaction,20260912,0.4043340500782045,0.4043340500782045,0,1
annual_state_offset,2932,2023-02-24,2023-03-06,0.0224454641303217,2023,2022-12-31,learned_vol_interaction,20260912,0.7237644100552868,0.7237644100552868,1,1
annual_state_offset,2937,2023-03-03,2023-03-13,-0.0407900947678007,2023,2022-12-31,learned_vol_interaction,20260912,0.5909800662310533,0.5909800662310533,1,0
annual_state_offset,2942,2023-03-10,2023-03-20,5.0471402903706775e-06,2023,2022-12-31,learned_vol_interaction,20260912,0.42073806711796297,0.42073806711796297,0,1
annual_state_offset,2947,2023-03-17,2023-03-27,0.015302852124583,2023,2022-12-31,learned_vol_interaction,20260912,0.29115877511006416,0.29115877511006416,0,1
annual_state_offset,2952,2023-03-24,2023-04-03,0.0090274153058433,2023,2022-12-31,learned_vol_interaction,20260912,0.5529999746105244,0.5529999746105244,1,1
annual_state_offset,2957,2023-03-31,2023-04-10,0.0178317182396383,2023,2022-12-31,learned_vol_interaction,20260912,0.632100803954458,0.632100803954458,1,1
annual_shared_offset,2902,2023-01-06,2023-01-16,0.0198447929614133,2023,2022-12-31,learned_vol_interaction,20260912,0.28965659740268485,0.28965659740268485,0,1
annual_shared_offset,2907,2023-01-13,2023-01-30,0.0465290788350809,2023,2022-12-31,learned_vol_interaction,20260912,0.24376767561556023,0.24376767561556023,0,1
annual_shared_offset,2912,2023-01-20,2023-02-06,-0.0383797057844887,2023,2022-12-31,learned_vol_interaction,20260912,0.7144269683090918,0.7144269683090918,1,0
annual_shared_offset,2917,2023-02-03,2023-02-13,-0.0012061903149008,2023,2022-12-31,learned_vol_interaction,20260912,0.48449097695552545,0.48449097695552545,0,0
annual_shared_offset,2922,2023-02-10,2023-02-20,-0.0143746584432821,2023,2022-12-31,learned_vol_interaction,20260912,0.24568395555451436,0.24568395555451436,0,0
annual_shared_offset,2927,2023-02-17,2023-02-27,0.0001237636016198,2023,2022-12-31,learned_vol_interaction,20260912,0.4043340500782045,0.4043340500782045,0,1
annual_shared_offset,2932,2023-02-24,2023-03-06,0.0224454641303217,2023,2022-12-31,learned_vol_interaction,20260912,0.7237644100552868,0.7237644100552868,1,1
annual_shared_offset,2937,2023-03-03,2023-03-13,-0.0407900947678007,2023,2022-12-31,learned_vol_interaction,20260912,0.5909800662310533,0.5909800662310533,1,0
annual_shared_offset,2942,2023-03-10,2023-03-20,5.0471402903706775e-06,2023,2022-12-31,learned_vol_interaction,20260912,0.42073806711796297,0.42073806711796297,0,1
annual_shared_offset,2947,2023-03-17,2023-03-27,0.015302852124583,2023,2022-12-31,learned_vol_interaction,20260912,0.29115877511006416,0.29115877511006416,0,1
annual_shared_offset,2952,2023-03-24,2023-04-03,0.0090274153058433,2023,2022-12-31,learned_vol_interaction,20260912,0.5529999746105244,0.5529999746105244,1,1
annual_shared_offset,2957,2023-03-31,2023-04-10,0.0178317182396383,2023,2022-12-31,learned_vol_interaction,20260912,0.632100803954458,0.632100803954458,1,1
annual_state_offset_half,2902,2023-01-06,2023-01-16,0.0198447929614133,2023,2022-12-31,learned_vol_interaction,20260912,0.28965659740268485,0.28965659740268485,0,1
annual_state_offset_half,2907,2023-01-13,2023-01-30,0.0465290788350809,2023,2022-12-31,learned_vol_interaction,20260912,0.24376767561556023,0.24376767561556023,0,1
annual_state_offset_half,2912,2023-01-20,2023-02-06,-0.0383797057844887,2023,2022-12-31,learned_vol_interaction,20260912,0.7144269683090918,0.7144269683090918,1,0
annual_state_offset_half,2917,2023-02-03,2023-02-13,-0.0012061903149008,2023,2022-12-31,learned_vol_interaction,20260912,0.48449097695552545,0.48449097695552545,0,0
annual_state_offset_half,2922,2023-02-10,2023-02-20,-0.0143746584432821,2023,2022-12-31,learned_vol_interaction,20260912,0.24568395555451436,0.24568395555451436,0,0
annual_state_offset_half,2927,2023-02-17,2023-02-27,0.0001237636016198,2023,2022-12-31,learned_vol_interaction,20260912,0.4043340500782045,0.4043340500782045,0,1
annual_state_offset_half,2932,2023-02-24,2023-03-06,0.0224454641303217,2023,2022-12-31,learned_vol_interaction,20260912,0.7237644100552868,0.7237644100552868,1,1
annual_state_offset_half,2937,2023-03-03,2023-03-13,-0.0407900947678007,2023,2022-12-31,learned_vol_interaction,20260912,0.5909800662310533,0.5909800662310533,1,0
annual_state_offset_half,2942,2023-03-10,2023-03-20,5.0471402903706775e-06,2023,2022-12-31,learned_vol_interaction,20260912,0.42073806711796297,0.42073806711796297,0,1
annual_state_offset_half,2947,2023-03-17,2023-03-27,0.015302852124583,2023,2022-12-31,learned_vol_interaction,20260912,0.29115877511006416,0.29115877511006416,0,1
annual_state_offset_half,2952,2023-03-24,2023-04-03,0.0090274153058433,2023,2022-12-31,learned_vol_interaction,20260912,0.5529999746105244,0.5529999746105244,1,1
annual_state_offset_half,2957,2023-03-31,2023-04-10,0.0178317182396383,2023,2022-12-31,learned_vol_interaction,20260912,0.632100803954458,0.632100803954458,1,1
annual_state_offset,2902,2023-01-06,2023-01-16,0.0198447929614133,2023,2022-12-31,learned_order_extension,20260912,0.3320870087441045,0.3320870087441045,0,1
annual_state_offset,2907,2023-01-13,2023-01-30,0.0465290788350809,2023,2022-12-31,learned_order_extension,20260912,0.27988954900977053,0.27988954900977053,0,1
annual_state_offset,2912,2023-01-20,2023-02-06,-0.0383797057844887,2023,2022-12-31,learned_order_extension,20260912,0.6620064456911843,0.6620064456911843,1,0
annual_state_offset,2917,2023-02-03,2023-02-13,-0.0012061903149008,2023,2022-12-31,learned_order_extension,20260912,0.47399209037220413,0.47399209037220413,0,0
annual_state_offset,2922,2023-02-10,2023-02-20,-0.0143746584432821,2023,2022-12-31,learned_order_extension,20260912,0.24616016767148868,0.24616016767148868,0,0
annual_state_offset,2927,2023-02-17,2023-02-27,0.0001237636016198,2023,2022-12-31,learned_order_extension,20260912,0.39614793530843245,0.39614793530843245,0,1
annual_state_offset,2932,2023-02-24,2023-03-06,0.0224454641303217,2023,2022-12-31,learned_order_extension,20260912,0.7129289281429624,0.7129289281429624,1,1
annual_state_offset,2937,2023-03-03,2023-03-13,-0.0407900947678007,2023,2022-12-31,learned_order_extension,20260912,0.5872179709776264,0.5872179709776264,1,0
annual_state_offset,2942,2023-03-10,2023-03-20,5.0471402903706775e-06,2023,2022-12-31,learned_order_extension,20260912,0.45917963346836393,0.45917963346836393,0,1
annual_state_offset,2947,2023-03-17,2023-03-27,0.015302852124583,2023,2022-12-31,learned_order_extension,20260912,0.3321757909492291,0.3321757909492291,0,1
annual_state_offset,2952,2023-03-24,2023-04-03,0.0090274153058433,2023,2022-12-31,learned_order_extension,20260912,0.5428268381901444,0.5428268381901444,1,1
annual_state_offset,2957,2023-03-31,2023-04-10,0.0178317182396383,2023,2022-12-31,learned_order_extension,20260912,0.5750765947333518,0.5750765947333518,1,1
annual_shared_offset,2902,2023-01-06,2023-01-16,0.0198447929614133,2023,2022-12-31,learned_order_extension,20260912,0.3320870087441045,0.3320870087441045,0,1
annual_shared_offset,2907,2023-01-13,2023-01-30,0.0465290788350809,2023,2022-12-31,learned_order_extension,20260912,0.27988954900977053,0.27988954900977053,0,1
annual_shared_offset,2912,2023-01-20,2023-02-06,-0.0383797057844887,2023,2022-12-31,learned_order_extension,20260912,0.6620064456911843,0.6620064456911843,1,0
annual_shared_offset,2917,2023-02-03,2023-02-13,-0.0012061903149008,2023,2022-12-31,learned_order_extension,20260912,0.47399209037220413,0.47399209037220413,0,0
annual_shared_offset,2922,2023-02-10,2023-02-20,-0.0143746584432821,2023,2022-12-31,learned_order_extension,20260912,0.24616016767148868,0.24616016767148868,0,0
annual_shared_offset,2927,2023-02-17,2023-02-27,0.0001237636016198,2023,2022-12-31,learned_order_extension,20260912,0.39614793530843245,0.39614793530843245,0,1
annual_shared_offset,2932,2023-02-24,2023-03-06,0.0224454641303217,2023,2022-12-31,learned_order_extension,20260912,0.7129289281429624,0.7129289281429624,1,1
annual_shared_offset,2937,2023-03-03,2023-03-13,-0.0407900947678007,2023,2022-12-31,learned_order_extension,20260912,0.5872179709776264,0.5872179709776264,1,0
annual_shared_offset,2942,2023-03-10,2023-03-20,5.0471402903706775e-06,2023,2022-12-31,learned_order_extension,20260912,0.45917963346836393,0.45917963346836393,0,1
annual_shared_offset,2947,2023-03-17,2023-03-27,0.015302852124583,2023,2022-12-31,learned_order_extension,20260912,0.3321757909492291,0.3321757909492291,0,1
annual_shared_offset,2952,2023-03-24,2023-04-03,0.0090274153058433,2023,2022-12-31,learned_order_extension,20260912,0.5428268381901444,0.5428268381901444,1,1
annual_shared_offset,2957,2023-03-31,2023-04-10,0.0178317182396383,2023,2022-12-31,learned_order_extension,20260912,0.5750765947333518,0.5750765947333518,1,1
annual_state_offset_half,2902,2023-01-06,2023-01-16,0.0198447929614133,2023,2022-12-31,learned_order_extension,20260912,0.3320870087441045,0.3320870087441045,0,1
annual_state_offset_half,2907,2023-01-13,2023-01-30,0.0465290788350809,2023,2022-12-31,learned_order_extension,20260912,0.27988954900977053,0.27988954900977053,0,1
annual_state_offset_half,2912,2023-01-20,2023-02-06,-0.0383797057844887,2023,2022-12-31,learned_order_extension,20260912,0.6620064456911843,0.6620064456911843,1,0
annual_state_offset_half,2917,2023-02-03,2023-02-13,-0.0012061903149008,2023,2022-12-31,learned_order_extension,20260912,0.47399209037220413,0.47399209037220413,0,0
annual_state_offset_half,2922,2023-02-10,2023-02-20,-0.0143746584432821,2023,2022-12-31,learned_order_extension,20260912,0.24616016767148868,0.24616016767148868,0,0
annual_state_offset_half,2927,2023-02-17,2023-02-27,0.0001237636016198,2023,2022-12-31,learned_order_extension,20260912,0.39614793530843245,0.39614793530843245,0,1
annual_state_offset_half,2932,2023-02-24,2023-03-06,0.0224454641303217,2023,2022-12-31,learned_order_extension,20260912,0.7129289281429624,0.7129289281429624,1,1
annual_state_offset_half,2937,2023-03-03,2023-03-13,-0.0407900947678007,2023,2022-12-31,learned_order_extension,20260912,0.5872179709776264,0.5872179709776264,1,0
annual_state_offset_half,2942,2023-03-10,2023-03-20,5.0471402903706775e-06,2023,2022-12-31,learned_order_extension,20260912,0.45917963346836393,0.45917963346836393,0,1
annual_state_offset_half,2947,2023-03-17,2023-03-27,0.015302852124583,2023,2022-12-31,learned_order_extension,20260912,0.3321757909492291,0.3321757909492291,0,1
annual_state_offset_half,2952,2023-03-24,2023-04-03,0.0090274153058433,2023,2022-12-31,learned_order_extension,20260912,0.5428268381901444,0.5428268381901444,1,1
annual_state_offset_half,2957,2023-03-31,2023-04-10,0.0178317182396383,2023,2022-12-31,learned_order_extension,20260912,0.5750765947333518,0.5750765947333518,1,1
annual_state_offset,2902,2023-01-06,2023-01-16,0.0198447929614133,2023,2022-12-31,learned_order_offset,20260912,0.33518639317613286,0.33518639317613286,0,1
annual_state_offset,2907,2023-01-13,2023-01-30,0.0465290788350809,2023,2022-12-31,learned_order_offset,20260912,0.283926532884273,0.283926532884273,0,1
annual_state_offset,2912,2023-01-20,2023-02-06,-0.0383797057844887,2023,2022-12-31,learned_order_offset,20260912,0.656265266213206,0.656265266213206,1,0
annual_state_offset,2917,2023-02-03,2023-02-13,-0.0012061903149008,2023,2022-12-31,learned_order_offset,20260912,0.47265762776020354,0.47265762776020354,0,0
annual_state_offset,2922,2023-02-10,2023-02-20,-0.0143746584432821,2023,2022-12-31,learned_order_offset,20260912,0.2502577591654617,0.2502577591654617,0,0
annual_state_offset,2927,2023-02-17,2023-02-27,0.0001237636016198,2023,2022-12-31,learned_order_offset,20260912,0.3981719184557722,0.3981719184557722,0,1
annual_state_offset,2932,2023-02-24,2023-03-06,0.0224454641303217,2023,2022-12-31,learned_order_offset,20260912,0.7071114667508918,0.7071114667508918,1,1
annual_state_offset,2937,2023-03-03,2023-03-13,-0.0407900947678007,2023,2022-12-31,learned_order_offset,20260912,0.5854544425200702,0.5854544425200702,1,0
annual_state_offset,2942,2023-03-10,2023-03-20,5.0471402903706775e-06,2023,2022-12-31,learned_order_offset,20260912,0.4623204109511431,0.4623204109511431,0,1
annual_state_offset,2947,2023-03-17,2023-03-27,0.015302852124583,2023,2022-12-31,learned_order_offset,20260912,0.339217920591994,0.339217920591994,0,1
annual_state_offset,2952,2023-03-24,2023-04-03,0.0090274153058433,2023,2022-12-31,learned_order_offset,20260912,0.5430909588293242,0.5430909588293242,1,1
annual_state_offset,2957,2023-03-31,2023-04-10,0.0178317182396383,2023,2022-12-31,learned_order_offset,20260912,0.5725347377994414,0.5725347377994414,1,1
annual_shared_offset,2902,2023-01-06,2023-01-16,0.0198447929614133,2023,2022-12-31,learned_order_offset,20260912,0.33518639317613286,0.33518639317613286,0,1
annual_shared_offset,2907,2023-01-13,2023-01-30,0.0465290788350809,2023,2022-12-31,learned_order_offset,20260912,0.283926532884273,0.283926532884273,0,1
annual_shared_offset,2912,2023-01-20,2023-02-06,-0.0383797057844887,2023,2022-12-31,learned_order_offset,20260912,0.656265266213206,0.656265266213206,1,0
annual_shared_offset,2917,2023-02-03,2023-02-13,-0.0012061903149008,2023,2022-12-31,learned_order_offset,20260912,0.47265762776020354,0.47265762776020354,0,0
annual_shared_offset,2922,2023-02-10,2023-02-20,-0.0143746584432821,2023,2022-12-31,learned_order_offset,20260912,0.2502577591654617,0.2502577591654617,0,0
annual_shared_offset,2927,2023-02-17,2023-02-27,0.0001237636016198,2023,2022-12-31,learned_order_offset,20260912,0.3981719184557722,0.3981719184557722,0,1
annual_shared_offset,2932,2023-02-24,2023-03-06,0.0224454641303217,2023,2022-12-31,learned_order_offset,20260912,0.7071114667508918,0.7071114667508918,1,1
annual_shared_offset,2937,2023-03-03,2023-03-13,-0.0407900947678007,2023,2022-12-31,learned_order_offset,20260912,0.5854544425200702,0.5854544425200702,1,0
annual_shared_offset,2942,2023-03-10,2023-03-20,5.0471402903706775e-06,2023,2022-12-31,learned_order_offset,20260912,0.4623204109511431,0.4623204109511431,0,1
annual_shared_offset,2947,2023-03-17,2023-03-27,0.015302852124583,2023,2022-12-31,learned_order_offset,20260912,0.339217920591994,0.339217920591994,0,1
annual_shared_offset,2952,2023-03-24,2023-04-03,0.0090274153058433,2023,2022-12-31,learned_order_offset,20260912,0.5430909588293242,0.5430909588293242,1,1
annual_shared_offset,2957,2023-03-31,2023-04-10,0.0178317182396383,2023,2022-12-31,learned_order_offset,20260912,0.5725347377994414,0.5725347377994414,1,1
annual_state_offset_half,2902,2023-01-06,2023-01-16,0.0198447929614133,2023,2022-12-31,learned_order_offset,20260912,0.33518639317613286,0.33518639317613286,0,1
annual_state_offset_half,2907,2023-01-13,2023-01-30,0.0465290788350809,2023,2022-12-31,learned_order_offset,20260912,0.283926532884273,0.283926532884273,0,1
annual_state_offset_half,2912,2023-01-20,2023-02-06,-0.0383797057844887,2023,2022-12-31,learned_order_offset,20260912,0.656265266213206,0.656265266213206,1,0
annual_state_offset_half,2917,2023-02-03,2023-02-13,-0.0012061903149008,2023,2022-12-31,learned_order_offset,20260912,0.47265762776020354,0.47265762776020354,0,0
annual_state_offset_half,2922,2023-02-10,2023-02-20,-0.0143746584432821,2023,2022-12-31,learned_order_offset,20260912,0.2502577591654617,0.2502577591654617,0,0
annual_state_offset_half,2927,2023-02-17,2023-02-27,0.0001237636016198,2023,2022-12-31,learned_order_offset,20260912,0.3981719184557722,0.3981719184557722,0,1
annual_state_offset_half,2932,2023-02-24,2023-03-06,0.0224454641303217,2023,2022-12-31,learned_order_offset,20260912,0.7071114667508918,0.7071114667508918,1,1
annual_state_offset_half,2937,2023-03-03,2023-03-13,-0.0407900947678007,2023,2022-12-31,learned_order_offset,20260912,0.5854544425200702,0.5854544425200702,1,0
annual_state_offset_half,2942,2023-03-10,2023-03-20,5.0471402903706775e-06,2023,2022-12-31,learned_order_offset,20260912,0.4623204109511431,0.4623204109511431,0,1
annual_state_offset_half,2947,2023-03-17,2023-03-27,0.015302852124583,2023,2022-12-31,learned_order_offset,20260912,0.339217920591994,0.339217920591994,0,1
annual_state_offset_half,2952,2023-03-24,2023-04-03,0.0090274153058433,2023,2022-12-31,learned_order_offset,20260912,0.5430909588293242,0.5430909588293242,1,1
annual_state_offset_half,2957,2023-03-31,2023-04-10,0.0178317182396383,2023,2022-12-31,learned_order_offset,20260912,0.5725347377994414,0.5725347377994414,1,1
annual_state_offset,2961,2023-04-07,2023-04-17,-0.0101500238382772,2023,2023-03-31,learned_market,20260910,0.633295300868505,0.633295300868505,1,0
annual_state_offset,2966,2023-04-14,2023-04-24,-0.014368947230732,2023,2023-03-31,learned_market,20260910,0.37120331306528426,0.37120331306528426,0,0
annual_state_offset,2971,2023-04-21,2023-05-04,-0.0044228908788729,2023,2023-03-31,learned_market,20260910,0.4942947568375473,0.4942947568375473,0,0
annual_state_offset,2976,2023-04-28,2023-05-10,0.0036477163153083,2023,2023-03-31,learned_market,20260910,0.3714756111943182,0.3714756111943182,0,1
annual_state_offset,2978,2023-05-05,2023-05-15,-0.0221642407977935,2023,2023-03-31,learned_market,20260910,0.4497529451200874,0.4497529451200874,0,0
annual_state_offset,2983,2023-05-12,2023-05-22,0.0005509250208819,2023,2023-03-31,learned_market,20260910,0.33357360179734663,0.33357360179734663,0,1
annual_state_offset,2988,2023-05-19,2023-05-29,-0.0200253742704897,2023,2023-03-31,learned_market,20260910,0.5625170222669913,0.5625170222669913,1,0
annual_state_offset,2993,2023-05-26,2023-06-05,-0.0003935703040848,2023,2023-03-31,learned_market,20260910,0.516241495805648,0.516241495805648,1,0
annual_state_offset,2998,2023-06-02,2023-06-12,-0.0086075595250429,2023,2023-03-31,learned_market,20260910,0.4611271604446467,0.4611271604446467,0,0
annual_state_offset,3003,2023-06-09,2023-06-19,0.0338878539347273,2023,2023-03-31,learned_market,20260910,0.3966512245556026,0.3966512245556026,0,1
annual_state_offset,3008,2023-06-16,2023-07-03,-0.026216632171098,2023,2023-03-31,learned_market,20260910,0.4411807547509599,0.4411807547509599,0,0
annual_state_offset,3016,2023-06-30,2023-07-10,-0.0030441518806006,2023,2023-03-31,learned_market,20260910,0.4213657002217921,0.4213657002217921,0,0
annual_shared_offset,2961,2023-04-07,2023-04-17,-0.0101500238382772,2023,2023-03-31,learned_market,20260910,0.633295300868505,0.633295300868505,1,0
annual_shared_offset,2966,2023-04-14,2023-04-24,-0.014368947230732,2023,2023-03-31,learned_market,20260910,0.37120331306528426,0.37120331306528426,0,0
annual_shared_offset,2971,2023-04-21,2023-05-04,-0.0044228908788729,2023,2023-03-31,learned_market,20260910,0.4942947568375473,0.4942947568375473,0,0
annual_shared_offset,2976,2023-04-28,2023-05-10,0.0036477163153083,2023,2023-03-31,learned_market,20260910,0.3714756111943182,0.3714756111943182,0,1
annual_shared_offset,2978,2023-05-05,2023-05-15,-0.0221642407977935,2023,2023-03-31,learned_market,20260910,0.4497529451200874,0.4497529451200874,0,0
annual_shared_offset,2983,2023-05-12,2023-05-22,0.0005509250208819,2023,2023-03-31,learned_market,20260910,0.33357360179734663,0.33357360179734663,0,1
annual_shared_offset,2988,2023-05-19,2023-05-29,-0.0200253742704897,2023,2023-03-31,learned_market,20260910,0.5625170222669913,0.5625170222669913,1,0
annual_shared_offset,2993,2023-05-26,2023-06-05,-0.0003935703040848,2023,2023-03-31,learned_market,20260910,0.516241495805648,0.516241495805648,1,0
annual_shared_offset,2998,2023-06-02,2023-06-12,-0.0086075595250429,2023,2023-03-31,learned_market,20260910,0.4611271604446467,0.4611271604446467,0,0
annual_shared_offset,3003,2023-06-09,2023-06-19,0.0338878539347273,2023,2023-03-31,learned_market,20260910,0.3966512245556026,0.3966512245556026,0,1
annual_shared_offset,3008,2023-06-16,2023-07-03,-0.026216632171098,2023,2023-03-31,learned_market,20260910,0.4411807547509599,0.4411807547509599,0,0
annual_shared_offset,3016,2023-06-30,2023-07-10,-0.0030441518806006,2023,2023-03-31,learned_market,20260910,0.4213657002217921,0.4213657002217921,0,0
annual_state_offset_half,2961,2023-04-07,2023-04-17,-0.0101500238382772,2023,2023-03-31,learned_market,20260910,0.6146145568745499,0.6146145568745499,1,0
annual_state_offset_half,2966,2023-04-14,2023-04-24,-0.014368947230732,2023,2023-03-31,learned_market,20260910,0.35281539244524335,0.35281539244524335,0,0
annual_state_offset_half,2971,2023-04-21,2023-05-04,-0.0044228908788729,2023,2023-03-31,learned_market,20260910,0.4942947568375473,0.4942947568375473,0,0
annual_state_offset_half,2976,2023-04-28,2023-05-10,0.0036477163153083,2023,2023-03-31,learned_market,20260910,0.3714756111943182,0.3714756111943182,0,1
annual_state_offset_half,2978,2023-05-05,2023-05-15,-0.0221642407977935,2023,2023-03-31,learned_market,20260910,0.4497529451200874,0.4497529451200874,0,0
annual_state_offset_half,2983,2023-05-12,2023-05-22,0.0005509250208819,2023,2023-03-31,learned_market,20260910,0.33357360179734663,0.33357360179734663,0,1
annual_state_offset_half,2988,2023-05-19,2023-05-29,-0.0200253742704897,2023,2023-03-31,learned_market,20260910,0.5625170222669913,0.5625170222669913,1,0
annual_state_offset_half,2993,2023-05-26,2023-06-05,-0.0003935703040848,2023,2023-03-31,learned_market,20260910,0.516241495805648,0.516241495805648,1,0
annual_state_offset_half,2998,2023-06-02,2023-06-12,-0.0086075595250429,2023,2023-03-31,learned_market,20260910,0.4611271604446467,0.4611271604446467,0,0
annual_state_offset_half,3003,2023-06-09,2023-06-19,0.0338878539347273,2023,2023-03-31,learned_market,20260910,0.3966512245556026,0.3966512245556026,0,1
annual_state_offset_half,3008,2023-06-16,2023-07-03,-0.026216632171098,2023,2023-03-31,learned_market,20260910,0.42165089036567927,0.42165089036567927,0,0
annual_state_offset_half,3016,2023-06-30,2023-07-10,-0.0030441518806006,2023,2023-03-31,learned_market,20260910,0.4213657002217921,0.4213657002217921,0,0
annual_state_offset,2961,2023-04-07,2023-04-17,-0.0101500238382772,2023,2023-03-31,learned_vol_interaction,20260910,0.6426406767732505,0.6426406767732505,1,0
annual_state_offset,2966,2023-04-14,2023-04-24,-0.014368947230732,2023,2023-03-31,learned_vol_interaction,20260910,0.3506559960633333,0.3506559960633333,0,0
annual_state_offset,2971,2023-04-21,2023-05-04,-0.0044228908788729,2023,2023-03-31,learned_vol_interaction,20260910,0.4875429689874716,0.4875429689874716,0,0
annual_state_offset,2976,2023-04-28,2023-05-10,0.0036477163153083,2023,2023-03-31,learned_vol_interaction,20260910,0.3596297147597128,0.3596297147597128,0,1
annual_state_offset,2978,2023-05-05,2023-05-15,-0.0221642407977935,2023,2023-03-31,learned_vol_interaction,20260910,0.44140831433605277,0.44140831433605277,0,0
annual_state_offset,2983,2023-05-12,2023-05-22,0.0005509250208819,2023,2023-03-31,learned_vol_interaction,20260910,0.3241710306632204,0.3241710306632204,0,1
annual_state_offset,2988,2023-05-19,2023-05-29,-0.0200253742704897,2023,2023-03-31,learned_vol_interaction,20260910,0.5771140415412856,0.5771140415412856,1,0
annual_state_offset,2993,2023-05-26,2023-06-05,-0.0003935703040848,2023,2023-03-31,learned_vol_interaction,20260910,0.5170651713386136,0.5170651713386136,1,0
annual_state_offset,2998,2023-06-02,2023-06-12,-0.0086075595250429,2023,2023-03-31,learned_vol_interaction,20260910,0.45864589830252817,0.45864589830252817,0,0
annual_state_offset,3003,2023-06-09,2023-06-19,0.0338878539347273,2023,2023-03-31,learned_vol_interaction,20260910,0.3918169460644426,0.3918169460644426,0,1
annual_state_offset,3008,2023-06-16,2023-07-03,-0.026216632171098,2023,2023-03-31,learned_vol_interaction,20260910,0.43867424241881653,0.43867424241881653,0,0
annual_state_offset,3016,2023-06-30,2023-07-10,-0.0030441518806006,2023,2023-03-31,learned_vol_interaction,20260910,0.4213702849064111,0.4213702849064111,0,0
annual_shared_offset,2961,2023-04-07,2023-04-17,-0.0101500238382772,2023,2023-03-31,learned_vol_interaction,20260910,0.6426406767732505,0.6426406767732505,1,0
annual_shared_offset,2966,2023-04-14,2023-04-24,-0.014368947230732,2023,2023-03-31,learned_vol_interaction,20260910,0.3506559960633333,0.3506559960633333,0,0
annual_shared_offset,2971,2023-04-21,2023-05-04,-0.0044228908788729,2023,2023-03-31,learned_vol_interaction,20260910,0.4875429689874716,0.4875429689874716,0,0
annual_shared_offset,2976,2023-04-28,2023-05-10,0.0036477163153083,2023,2023-03-31,learned_vol_interaction,20260910,0.3596297147597128,0.3596297147597128,0,1
annual_shared_offset,2978,2023-05-05,2023-05-15,-0.0221642407977935,2023,2023-03-31,learned_vol_interaction,20260910,0.44140831433605277,0.44140831433605277,0,0
annual_shared_offset,2983,2023-05-12,2023-05-22,0.0005509250208819,2023,2023-03-31,learned_vol_interaction,20260910,0.3241710306632204,0.3241710306632204,0,1
annual_shared_offset,2988,2023-05-19,2023-05-29,-0.0200253742704897,2023,2023-03-31,learned_vol_interaction,20260910,0.5771140415412856,0.5771140415412856,1,0
annual_shared_offset,2993,2023-05-26,2023-06-05,-0.0003935703040848,2023,2023-03-31,learned_vol_interaction,20260910,0.5170651713386136,0.5170651713386136,1,0
annual_shared_offset,2998,2023-06-02,2023-06-12,-0.0086075595250429,2023,2023-03-31,learned_vol_interaction,20260910,0.45864589830252817,0.45864589830252817,0,0
annual_shared_offset,3003,2023-06-09,2023-06-19,0.0338878539347273,2023,2023-03-31,learned_vol_interaction,20260910,0.3918169460644426,0.3918169460644426,0,1
annual_shared_offset,3008,2023-06-16,2023-07-03,-0.026216632171098,2023,2023-03-31,learned_vol_interaction,20260910,0.43867424241881653,0.43867424241881653,0,0
annual_shared_offset,3016,2023-06-30,2023-07-10,-0.0030441518806006,2023,2023-03-31,learned_vol_interaction,20260910,0.4213702849064111,0.4213702849064111,0,0
annual_state_offset_half,2961,2023-04-07,2023-04-17,-0.0101500238382772,2023,2023-03-31,learned_vol_interaction,20260910,0.6236899457221258,0.6236899457221258,1,0
annual_state_offset_half,2966,2023-04-14,2023-04-24,-0.014368947230732,2023,2023-03-31,learned_vol_interaction,20260910,0.33230883671554745,0.33230883671554745,0,0
annual_state_offset_half,2971,2023-04-21,2023-05-04,-0.0044228908788729,2023,2023-03-31,learned_vol_interaction,20260910,0.4875429689874716,0.4875429689874716,0,0
annual_state_offset_half,2976,2023-04-28,2023-05-10,0.0036477163153083,2023,2023-03-31,learned_vol_interaction,20260910,0.3596297147597128,0.3596297147597128,0,1
annual_state_offset_half,2978,2023-05-05,2023-05-15,-0.0221642407977935,2023,2023-03-31,learned_vol_interaction,20260910,0.44140831433605277,0.44140831433605277,0,0
annual_state_offset_half,2983,2023-05-12,2023-05-22,0.0005509250208819,2023,2023-03-31,learned_vol_interaction,20260910,0.3241710306632204,0.3241710306632204,0,1
annual_state_offset_half,2988,2023-05-19,2023-05-29,-0.0200253742704897,2023,2023-03-31,learned_vol_interaction,20260910,0.5771140415412856,0.5771140415412856,1,0
annual_state_offset_half,2993,2023-05-26,2023-06-05,-0.0003935703040848,2023,2023-03-31,learned_vol_interaction,20260910,0.5170651713386136,0.5170651713386136,1,0
annual_state_offset_half,2998,2023-06-02,2023-06-12,-0.0086075595250429,2023,2023-03-31,learned_vol_interaction,20260910,0.45864589830252817,0.45864589830252817,0,0
annual_state_offset_half,3003,2023-06-09,2023-06-19,0.0338878539347273,2023,2023-03-31,learned_vol_interaction,20260910,0.3918169460644426,0.3918169460644426,0,1
annual_state_offset_half,3008,2023-06-16,2023-07-03,-0.026216632171098,2023,2023-03-31,learned_vol_interaction,20260910,0.4186912306498988,0.4186912306498988,0,0
annual_state_offset_half,3016,2023-06-30,2023-07-10,-0.0030441518806006,2023,2023-03-31,learned_vol_interaction,20260910,0.4213702849064111,0.4213702849064111,0,0
annual_state_offset,2961,2023-04-07,2023-04-17,-0.0101500238382772,2023,2023-03-31,learned_order_extension,20260910,0.6197564587242114,0.6197564587242114,1,0
annual_state_offset,2966,2023-04-14,2023-04-24,-0.014368947230732,2023,2023-03-31,learned_order_extension,20260910,0.3496847583349454,0.3496847583349454,0,0
annual_state_offset,2971,2023-04-21,2023-05-04,-0.0044228908788729,2023,2023-03-31,learned_order_extension,20260910,0.5129717529119044,0.5129717529119044,1,0
annual_state_offset,2976,2023-04-28,2023-05-10,0.0036477163153083,2023,2023-03-31,learned_order_extension,20260910,0.3973579997453356,0.3973579997453356,0,1
annual_state_offset,2978,2023-05-05,2023-05-15,-0.0221642407977935,2023,2023-03-31,learned_order_extension,20260910,0.4552249172640749,0.4552249172640749,0,0
annual_state_offset,2983,2023-05-12,2023-05-22,0.0005509250208819,2023,2023-03-31,learned_order_extension,20260910,0.3862794729795211,0.3862794729795211,0,1
annual_state_offset,2988,2023-05-19,2023-05-29,-0.0200253742704897,2023,2023-03-31,learned_order_extension,20260910,0.558285474010296,0.558285474010296,1,0
annual_state_offset,2993,2023-05-26,2023-06-05,-0.0003935703040848,2023,2023-03-31,learned_order_extension,20260910,0.5195420946101187,0.5195420946101187,1,0
annual_state_offset,2998,2023-06-02,2023-06-12,-0.0086075595250429,2023,2023-03-31,learned_order_extension,20260910,0.4764646687624865,0.4764646687624865,0,0
annual_state_offset,3003,2023-06-09,2023-06-19,0.0338878539347273,2023,2023-03-31,learned_order_extension,20260910,0.4399504044091518,0.4399504044091518,0,1
annual_state_offset,3008,2023-06-16,2023-07-03,-0.026216632171098,2023,2023-03-31,learned_order_extension,20260910,0.48119085059684,0.48119085059684,0,0
annual_state_offset,3016,2023-06-30,2023-07-10,-0.0030441518806006,2023,2023-03-31,learned_order_extension,20260910,0.44347540699034627,0.44347540699034627,0,0
annual_shared_offset,2961,2023-04-07,2023-04-17,-0.0101500238382772,2023,2023-03-31,learned_order_extension,20260910,0.6197564587242114,0.6197564587242114,1,0
annual_shared_offset,2966,2023-04-14,2023-04-24,-0.014368947230732,2023,2023-03-31,learned_order_extension,20260910,0.3496847583349454,0.3496847583349454,0,0
annual_shared_offset,2971,2023-04-21,2023-05-04,-0.0044228908788729,2023,2023-03-31,learned_order_extension,20260910,0.5129717529119044,0.5129717529119044,1,0
annual_shared_offset,2976,2023-04-28,2023-05-10,0.0036477163153083,2023,2023-03-31,learned_order_extension,20260910,0.3973579997453356,0.3973579997453356,0,1
annual_shared_offset,2978,2023-05-05,2023-05-15,-0.0221642407977935,2023,2023-03-31,learned_order_extension,20260910,0.4552249172640749,0.4552249172640749,0,0
annual_shared_offset,2983,2023-05-12,2023-05-22,0.0005509250208819,2023,2023-03-31,learned_order_extension,20260910,0.3862794729795211,0.3862794729795211,0,1
annual_shared_offset,2988,2023-05-19,2023-05-29,-0.0200253742704897,2023,2023-03-31,learned_order_extension,20260910,0.558285474010296,0.558285474010296,1,0
annual_shared_offset,2993,2023-05-26,2023-06-05,-0.0003935703040848,2023,2023-03-31,learned_order_extension,20260910,0.5195420946101187,0.5195420946101187,1,0
annual_shared_offset,2998,2023-06-02,2023-06-12,-0.0086075595250429,2023,2023-03-31,learned_order_extension,20260910,0.4764646687624865,0.4764646687624865,0,0
annual_shared_offset,3003,2023-06-09,2023-06-19,0.0338878539347273,2023,2023-03-31,learned_order_extension,20260910,0.4399504044091518,0.4399504044091518,0,1
annual_shared_offset,3008,2023-06-16,2023-07-03,-0.026216632171098,2023,2023-03-31,learned_order_extension,20260910,0.48119085059684,0.48119085059684,0,0
annual_shared_offset,3016,2023-06-30,2023-07-10,-0.0030441518806006,2023,2023-03-31,learned_order_extension,20260910,0.44347540699034627,0.44347540699034627,0,0
annual_state_offset_half,2961,2023-04-07,2023-04-17,-0.0101500238382772,2023,2023-03-31,learned_order_extension,20260910,0.6002031866660814,0.6002031866660814,1,0
annual_state_offset_half,2966,2023-04-14,2023-04-24,-0.014368947230732,2023,2023-03-31,learned_order_extension,20260910,0.3312298174590494,0.3312298174590494,0,0
annual_state_offset_half,2971,2023-04-21,2023-05-04,-0.0044228908788729,2023,2023-03-31,learned_order_extension,20260910,0.5129717529119044,0.5129717529119044,1,0
annual_state_offset_half,2976,2023-04-28,2023-05-10,0.0036477163153083,2023,2023-03-31,learned_order_extension,20260910,0.3973579997453356,0.3973579997453356,0,1
annual_state_offset_half,2978,2023-05-05,2023-05-15,-0.0221642407977935,2023,2023-03-31,learned_order_extension,20260910,0.4552249172640749,0.4552249172640749,0,0
annual_state_offset_half,2983,2023-05-12,2023-05-22,0.0005509250208819,2023,2023-03-31,learned_order_extension,20260910,0.3862794729795211,0.3862794729795211,0,1
annual_state_offset_half,2988,2023-05-19,2023-05-29,-0.0200253742704897,2023,2023-03-31,learned_order_extension,20260910,0.558285474010296,0.558285474010296,1,0
annual_state_offset_half,2993,2023-05-26,2023-06-05,-0.0003935703040848,2023,2023-03-31,learned_order_extension,20260910,0.5195420946101187,0.5195420946101187,1,0
annual_state_offset_half,2998,2023-06-02,2023-06-12,-0.0086075595250429,2023,2023-03-31,learned_order_extension,20260910,0.4764646687624865,0.4764646687624865,0,0
annual_state_offset_half,3003,2023-06-09,2023-06-19,0.0338878539347273,2023,2023-03-31,learned_order_extension,20260910,0.4399504044091518,0.4399504044091518,0,1
annual_state_offset_half,3008,2023-06-16,2023-07-03,-0.026216632171098,2023,2023-03-31,learned_order_extension,20260910,0.4607124120475777,0.4607124120475777,0,0
annual_state_offset_half,3016,2023-06-30,2023-07-10,-0.0030441518806006,2023,2023-03-31,learned_order_extension,20260910,0.44347540699034627,0.44347540699034627,0,0
annual_state_offset,2961,2023-04-07,2023-04-17,-0.0101500238382772,2023,2023-03-31,learned_order_offset,20260910,0.6189349858392692,0.6189349858392692,1,0
annual_state_offset,2966,2023-04-14,2023-04-24,-0.014368947230732,2023,2023-03-31,learned_order_offset,20260910,0.3483751740773476,0.3483751740773476,0,0
annual_state_offset,2971,2023-04-21,2023-05-04,-0.0044228908788729,2023,2023-03-31,learned_order_offset,20260910,0.5149450703710334,0.5149450703710334,1,0
annual_state_offset,2976,2023-04-28,2023-05-10,0.0036477163153083,2023,2023-03-31,learned_order_offset,20260910,0.39823395699918146,0.39823395699918146,0,1
annual_state_offset,2978,2023-05-05,2023-05-15,-0.0221642407977935,2023,2023-03-31,learned_order_offset,20260910,0.4559542898668919,0.4559542898668919,0,0
annual_state_offset,2983,2023-05-12,2023-05-22,0.0005509250208819,2023,2023-03-31,learned_order_offset,20260910,0.38735140673750457,0.38735140673750457,0,1
annual_state_offset,2988,2023-05-19,2023-05-29,-0.0200253742704897,2023,2023-03-31,learned_order_offset,20260910,0.5583236766115218,0.5583236766115218,1,0
annual_state_offset,2993,2023-05-26,2023-06-05,-0.0003935703040848,2023,2023-03-31,learned_order_offset,20260910,0.5196713253356512,0.5196713253356512,1,0
annual_state_offset,2998,2023-06-02,2023-06-12,-0.0086075595250429,2023,2023-03-31,learned_order_offset,20260910,0.4774002230107331,0.4774002230107331,0,0
annual_state_offset,3003,2023-06-09,2023-06-19,0.0338878539347273,2023,2023-03-31,learned_order_offset,20260910,0.44203236200402185,0.44203236200402185,0,1
annual_state_offset,3008,2023-06-16,2023-07-03,-0.026216632171098,2023,2023-03-31,learned_order_offset,20260910,0.4821349829674726,0.4821349829674726,0,0
annual_state_offset,3016,2023-06-30,2023-07-10,-0.0030441518806006,2023,2023-03-31,learned_order_offset,20260910,0.4443353288773946,0.4443353288773946,0,0
annual_shared_offset,2961,2023-04-07,2023-04-17,-0.0101500238382772,2023,2023-03-31,learned_order_offset,20260910,0.6189349858392692,0.6189349858392692,1,0
annual_shared_offset,2966,2023-04-14,2023-04-24,-0.014368947230732,2023,2023-03-31,learned_order_offset,20260910,0.3483751740773476,0.3483751740773476,0,0
annual_shared_offset,2971,2023-04-21,2023-05-04,-0.0044228908788729,2023,2023-03-31,learned_order_offset,20260910,0.5149450703710334,0.5149450703710334,1,0
annual_shared_offset,2976,2023-04-28,2023-05-10,0.0036477163153083,2023,2023-03-31,learned_order_offset,20260910,0.39823395699918146,0.39823395699918146,0,1
annual_shared_offset,2978,2023-05-05,2023-05-15,-0.0221642407977935,2023,2023-03-31,learned_order_offset,20260910,0.4559542898668919,0.4559542898668919,0,0
annual_shared_offset,2983,2023-05-12,2023-05-22,0.0005509250208819,2023,2023-03-31,learned_order_offset,20260910,0.38735140673750457,0.38735140673750457,0,1
annual_shared_offset,2988,2023-05-19,2023-05-29,-0.0200253742704897,2023,2023-03-31,learned_order_offset,20260910,0.5583236766115218,0.5583236766115218,1,0
annual_shared_offset,2993,2023-05-26,2023-06-05,-0.0003935703040848,2023,2023-03-31,learned_order_offset,20260910,0.5196713253356512,0.5196713253356512,1,0
annual_shared_offset,2998,2023-06-02,2023-06-12,-0.0086075595250429,2023,2023-03-31,learned_order_offset,20260910,0.4774002230107331,0.4774002230107331,0,0
annual_shared_offset,3003,2023-06-09,2023-06-19,0.0338878539347273,2023,2023-03-31,learned_order_offset,20260910,0.44203236200402185,0.44203236200402185,0,1
annual_shared_offset,3008,2023-06-16,2023-07-03,-0.026216632171098,2023,2023-03-31,learned_order_offset,20260910,0.4821349829674726,0.4821349829674726,0,0
annual_shared_offset,3016,2023-06-30,2023-07-10,-0.0030441518806006,2023,2023-03-31,learned_order_offset,20260910,0.4443353288773946,0.4443353288773946,0,0
annual_state_offset_half,2961,2023-04-07,2023-04-17,-0.0101500238382772,2023,2023-03-31,learned_order_offset,20260910,0.599329609874101,0.599329609874101,1,0
annual_state_offset_half,2966,2023-04-14,2023-04-24,-0.014368947230732,2023,2023-03-31,learned_order_offset,20260910,0.32992006107885335,0.32992006107885335,0,0
annual_state_offset_half,2971,2023-04-21,2023-05-04,-0.0044228908788729,2023,2023-03-31,learned_order_offset,20260910,0.5149450703710334,0.5149450703710334,1,0
annual_state_offset_half,2976,2023-04-28,2023-05-10,0.0036477163153083,2023,2023-03-31,learned_order_offset,20260910,0.39823395699918146,0.39823395699918146,0,1
annual_state_offset_half,2978,2023-05-05,2023-05-15,-0.0221642407977935,2023,2023-03-31,learned_order_offset,20260910,0.4559542898668919,0.4559542898668919,0,0
annual_state_offset_half,2983,2023-05-12,2023-05-22,0.0005509250208819,2023,2023-03-31,learned_order_offset,20260910,0.38735140673750457,0.38735140673750457,0,1
annual_state_offset_half,2988,2023-05-19,2023-05-29,-0.0200253742704897,2023,2023-03-31,learned_order_offset,20260910,0.5583236766115218,0.5583236766115218,1,0
annual_state_offset_half,2993,2023-05-26,2023-06-05,-0.0003935703040848,2023,2023-03-31,learned_order_offset,20260910,0.5196713253356512,0.5196713253356512,1,0
annual_state_offset_half,2998,2023-06-02,2023-06-12,-0.0086075595250429,2023,2023-03-31,learned_order_offset,20260910,0.4774002230107331,0.4774002230107331,0,0
annual_state_offset_half,3003,2023-06-09,2023-06-19,0.0338878539347273,2023,2023-03-31,learned_order_offset,20260910,0.44203236200402185,0.44203236200402185,0,1
annual_state_offset_half,3008,2023-06-16,2023-07-03,-0.026216632171098,2023,2023-03-31,learned_order_offset,20260910,0.46161364942839467,0.46161364942839467,0,0
annual_state_offset_half,3016,2023-06-30,2023-07-10,-0.0030441518806006,2023,2023-03-31,learned_order_offset,20260910,0.4443353288773946,0.4443353288773946,0,0
annual_state_offset,2961,2023-04-07,2023-04-17,-0.0101500238382772,2023,2023-03-31,learned_market,20260911,0.5434955298281485,0.5434955298281485,1,0
annual_state_offset,2966,2023-04-14,2023-04-24,-0.014368947230732,2023,2023-03-31,learned_market,20260911,0.5428153351137205,0.5428153351137205,1,0
annual_state_offset,2971,2023-04-21,2023-05-04,-0.0044228908788729,2023,2023-03-31,learned_market,20260911,0.37484009153446224,0.37484009153446224,0,0
annual_state_offset,2976,2023-04-28,2023-05-10,0.0036477163153083,2023,2023-03-31,learned_market,20260911,0.35090610116443816,0.35090610116443816,0,1
annual_state_offset,2978,2023-05-05,2023-05-15,-0.0221642407977935,2023,2023-03-31,learned_market,20260911,0.34027916805748615,0.34027916805748615,0,0
annual_state_offset,2983,2023-05-12,2023-05-22,0.0005509250208819,2023,2023-03-31,learned_market,20260911,0.49754285644712,0.49754285644712,0,1
annual_state_offset,2988,2023-05-19,2023-05-29,-0.0200253742704897,2023,2023-03-31,learned_market,20260911,0.7549084578883676,0.7549084578883676,1,0
annual_state_offset,2993,2023-05-26,2023-06-05,-0.0003935703040848,2023,2023-03-31,learned_market,20260911,0.5039392773809649,0.5039392773809649,1,0
annual_state_offset,2998,2023-06-02,2023-06-12,-0.0086075595250429,2023,2023-03-31,learned_market,20260911,0.39899180688484476,0.39899180688484476,0,0
annual_state_offset,3003,2023-06-09,2023-06-19,0.0338878539347273,2023,2023-03-31,learned_market,20260911,0.4684734509310129,0.4684734509310129,0,1
annual_state_offset,3008,2023-06-16,2023-07-03,-0.026216632171098,2023,2023-03-31,learned_market,20260911,0.4709477751003622,0.4709477751003622,0,0
annual_state_offset,3016,2023-06-30,2023-07-10,-0.0030441518806006,2023,2023-03-31,learned_market,20260911,0.494623114929346,0.494623114929346,0,0
annual_shared_offset,2961,2023-04-07,2023-04-17,-0.0101500238382772,2023,2023-03-31,learned_market,20260911,0.5434955298281485,0.5434955298281485,1,0
annual_shared_offset,2966,2023-04-14,2023-04-24,-0.014368947230732,2023,2023-03-31,learned_market,20260911,0.5428153351137205,0.5428153351137205,1,0
annual_shared_offset,2971,2023-04-21,2023-05-04,-0.0044228908788729,2023,2023-03-31,learned_market,20260911,0.37484009153446224,0.37484009153446224,0,0
annual_shared_offset,2976,2023-04-28,2023-05-10,0.0036477163153083,2023,2023-03-31,learned_market,20260911,0.35090610116443816,0.35090610116443816,0,1
annual_shared_offset,2978,2023-05-05,2023-05-15,-0.0221642407977935,2023,2023-03-31,learned_market,20260911,0.34027916805748615,0.34027916805748615,0,0
annual_shared_offset,2983,2023-05-12,2023-05-22,0.0005509250208819,2023,2023-03-31,learned_market,20260911,0.49754285644712,0.49754285644712,0,1
annual_shared_offset,2988,2023-05-19,2023-05-29,-0.0200253742704897,2023,2023-03-31,learned_market,20260911,0.7549084578883676,0.7549084578883676,1,0
annual_shared_offset,2993,2023-05-26,2023-06-05,-0.0003935703040848,2023,2023-03-31,learned_market,20260911,0.5039392773809649,0.5039392773809649,1,0
annual_shared_offset,2998,2023-06-02,2023-06-12,-0.0086075595250429,2023,2023-03-31,learned_market,20260911,0.39899180688484476,0.39899180688484476,0,0
annual_shared_offset,3003,2023-06-09,2023-06-19,0.0338878539347273,2023,2023-03-31,learned_market,20260911,0.4684734509310129,0.4684734509310129,0,1
annual_shared_offset,3008,2023-06-16,2023-07-03,-0.026216632171098,2023,2023-03-31,learned_market,20260911,0.4709477751003622,0.4709477751003622,0,0
annual_shared_offset,3016,2023-06-30,2023-07-10,-0.0030441518806006,2023,2023-03-31,learned_market,20260911,0.494623114929346,0.494623114929346,0,0
annual_state_offset_half,2961,2023-04-07,2023-04-17,-0.0101500238382772,2023,2023-03-31,learned_market,20260911,0.5279712572594997,0.5279712572594997,1,0
annual_state_offset_half,2966,2023-04-14,2023-04-24,-0.014368947230732,2023,2023-03-31,learned_market,20260911,0.5272880499828609,0.5272880499828609,1,0
annual_state_offset_half,2971,2023-04-21,2023-05-04,-0.0044228908788729,2023,2023-03-31,learned_market,20260911,0.37484009153446224,0.37484009153446224,0,0
annual_state_offset_half,2976,2023-04-28,2023-05-10,0.0036477163153083,2023,2023-03-31,learned_market,20260911,0.35090610116443816,0.35090610116443816,0,1
annual_state_offset_half,2978,2023-05-05,2023-05-15,-0.0221642407977935,2023,2023-03-31,learned_market,20260911,0.34027916805748615,0.34027916805748615,0,0
annual_state_offset_half,2983,2023-05-12,2023-05-22,0.0005509250208819,2023,2023-03-31,learned_market,20260911,0.49754285644712,0.49754285644712,0,1
annual_state_offset_half,2988,2023-05-19,2023-05-29,-0.0200253742704897,2023,2023-03-31,learned_market,20260911,0.7549084578883676,0.7549084578883676,1,0
annual_state_offset_half,2993,2023-05-26,2023-06-05,-0.0003935703040848,2023,2023-03-31,learned_market,20260911,0.5039392773809649,0.5039392773809649,1,0
annual_state_offset_half,2998,2023-06-02,2023-06-12,-0.0086075595250429,2023,2023-03-31,learned_market,20260911,0.39899180688484476,0.39899180688484476,0,0
annual_state_offset_half,3003,2023-06-09,2023-06-19,0.0338878539347273,2023,2023-03-31,learned_market,20260911,0.4684734509310129,0.4684734509310129,0,1
annual_state_offset_half,3008,2023-06-16,2023-07-03,-0.026216632171098,2023,2023-03-31,learned_market,20260911,0.4554283872549406,0.4554283872549406,0,0
annual_state_offset_half,3016,2023-06-30,2023-07-10,-0.0030441518806006,2023,2023-03-31,learned_market,20260911,0.494623114929346,0.494623114929346,0,0
annual_state_offset,2961,2023-04-07,2023-04-17,-0.0101500238382772,2023,2023-03-31,learned_vol_interaction,20260911,0.5373461951540924,0.5373461951540924,1,0
annual_state_offset,2966,2023-04-14,2023-04-24,-0.014368947230732,2023,2023-03-31,learned_vol_interaction,20260911,0.5258303891602291,0.5258303891602291,1,0
annual_state_offset,2971,2023-04-21,2023-05-04,-0.0044228908788729,2023,2023-03-31,learned_vol_interaction,20260911,0.397890632401885,0.397890632401885,0,0
annual_state_offset,2976,2023-04-28,2023-05-10,0.0036477163153083,2023,2023-03-31,learned_vol_interaction,20260911,0.3746539512039826,0.3746539512039826,0,1
annual_state_offset,2978,2023-05-05,2023-05-15,-0.0221642407977935,2023,2023-03-31,learned_vol_interaction,20260911,0.3794183322213578,0.3794183322213578,0,0
annual_state_offset,2983,2023-05-12,2023-05-22,0.0005509250208819,2023,2023-03-31,learned_vol_interaction,20260911,0.5207253080904825,0.5207253080904825,1,1
annual_state_offset,2988,2023-05-19,2023-05-29,-0.0200253742704897,2023,2023-03-31,learned_vol_interaction,20260911,0.7158994131477658,0.7158994131477658,1,0
annual_state_offset,2993,2023-05-26,2023-06-05,-0.0003935703040848,2023,2023-03-31,learned_vol_interaction,20260911,0.5106796239963189,0.5106796239963189,1,0
annual_state_offset,2998,2023-06-02,2023-06-12,-0.0086075595250429,2023,2023-03-31,learned_vol_interaction,20260911,0.41473330630809063,0.41473330630809063,0,0
annual_state_offset,3003,2023-06-09,2023-06-19,0.0338878539347273,2023,2023-03-31,learned_vol_interaction,20260911,0.4862687443116524,0.4862687443116524,0,1
annual_state_offset,3008,2023-06-16,2023-07-03,-0.026216632171098,2023,2023-03-31,learned_vol_interaction,20260911,0.4938790774678615,0.4938790774678615,0,0
annual_state_offset,3016,2023-06-30,2023-07-10,-0.0030441518806006,2023,2023-03-31,learned_vol_interaction,20260911,0.5010023580261896,0.5010023580261896,1,0
annual_shared_offset,2961,2023-04-07,2023-04-17,-0.0101500238382772,2023,2023-03-31,learned_vol_interaction,20260911,0.5373461951540924,0.5373461951540924,1,0
annual_shared_offset,2966,2023-04-14,2023-04-24,-0.014368947230732,2023,2023-03-31,learned_vol_interaction,20260911,0.5258303891602291,0.5258303891602291,1,0
annual_shared_offset,2971,2023-04-21,2023-05-04,-0.0044228908788729,2023,2023-03-31,learned_vol_interaction,20260911,0.397890632401885,0.397890632401885,0,0
annual_shared_offset,2976,2023-04-28,2023-05-10,0.0036477163153083,2023,2023-03-31,learned_vol_interaction,20260911,0.3746539512039826,0.3746539512039826,0,1
annual_shared_offset,2978,2023-05-05,2023-05-15,-0.0221642407977935,2023,2023-03-31,learned_vol_interaction,20260911,0.3794183322213578,0.3794183322213578,0,0
annual_shared_offset,2983,2023-05-12,2023-05-22,0.0005509250208819,2023,2023-03-31,learned_vol_interaction,20260911,0.5207253080904825,0.5207253080904825,1,1
annual_shared_offset,2988,2023-05-19,2023-05-29,-0.0200253742704897,2023,2023-03-31,learned_vol_interaction,20260911,0.7158994131477658,0.7158994131477658,1,0
annual_shared_offset,2993,2023-05-26,2023-06-05,-0.0003935703040848,2023,2023-03-31,learned_vol_interaction,20260911,0.5106796239963189,0.5106796239963189,1,0
annual_shared_offset,2998,2023-06-02,2023-06-12,-0.0086075595250429,2023,2023-03-31,learned_vol_interaction,20260911,0.41473330630809063,0.41473330630809063,0,0
annual_shared_offset,3003,2023-06-09,2023-06-19,0.0338878539347273,2023,2023-03-31,learned_vol_interaction,20260911,0.4862687443116524,0.4862687443116524,0,1
annual_shared_offset,3008,2023-06-16,2023-07-03,-0.026216632171098,2023,2023-03-31,learned_vol_interaction,20260911,0.4938790774678615,0.4938790774678615,0,0
annual_shared_offset,3016,2023-06-30,2023-07-10,-0.0030441518806006,2023,2023-03-31,learned_vol_interaction,20260911,0.5010023580261896,0.5010023580261896,1,0
annual_state_offset_half,2961,2023-04-07,2023-04-17,-0.0101500238382772,2023,2023-03-31,learned_vol_interaction,20260911,0.5212129994690471,0.5212129994690471,1,0
annual_state_offset_half,2966,2023-04-14,2023-04-24,-0.014368947230732,2023,2023-03-31,learned_vol_interaction,20260911,0.5096620634397165,0.5096620634397165,1,0
annual_state_offset_half,2971,2023-04-21,2023-05-04,-0.0044228908788729,2023,2023-03-31,learned_vol_interaction,20260911,0.397890632401885,0.397890632401885,0,0
annual_state_offset_half,2976,2023-04-28,2023-05-10,0.0036477163153083,2023,2023-03-31,learned_vol_interaction,20260911,0.3746539512039826,0.3746539512039826,0,1
annual_state_offset_half,2978,2023-05-05,2023-05-15,-0.0221642407977935,2023,2023-03-31,learned_vol_interaction,20260911,0.3794183322213578,0.3794183322213578,0,0
annual_state_offset_half,2983,2023-05-12,2023-05-22,0.0005509250208819,2023,2023-03-31,learned_vol_interaction,20260911,0.5207253080904825,0.5207253080904825,1,1
annual_state_offset_half,2988,2023-05-19,2023-05-29,-0.0200253742704897,2023,2023-03-31,learned_vol_interaction,20260911,0.7158994131477658,0.7158994131477658,1,0
annual_state_offset_half,2993,2023-05-26,2023-06-05,-0.0003935703040848,2023,2023-03-31,learned_vol_interaction,20260911,0.5106796239963189,0.5106796239963189,1,0
annual_state_offset_half,2998,2023-06-02,2023-06-12,-0.0086075595250429,2023,2023-03-31,learned_vol_interaction,20260911,0.41473330630809063,0.41473330630809063,0,0
annual_state_offset_half,3003,2023-06-09,2023-06-19,0.0338878539347273,2023,2023-03-31,learned_vol_interaction,20260911,0.4862687443116524,0.4862687443116524,0,1
annual_state_offset_half,3008,2023-06-16,2023-07-03,-0.026216632171098,2023,2023-03-31,learned_vol_interaction,20260911,0.47770342993395476,0.47770342993395476,0,0
annual_state_offset_half,3016,2023-06-30,2023-07-10,-0.0030441518806006,2023,2023-03-31,learned_vol_interaction,20260911,0.5010023580261896,0.5010023580261896,1,0
annual_state_offset,2961,2023-04-07,2023-04-17,-0.0101500238382772,2023,2023-03-31,learned_order_extension,20260911,0.537113493366898,0.537113493366898,1,0
annual_state_offset,2966,2023-04-14,2023-04-24,-0.014368947230732,2023,2023-03-31,learned_order_extension,20260911,0.5267046556244085,0.5267046556244085,1,0
annual_state_offset,2971,2023-04-21,2023-05-04,-0.0044228908788729,2023,2023-03-31,learned_order_extension,20260911,0.39936804356030803,0.39936804356030803,0,0
annual_state_offset,2976,2023-04-28,2023-05-10,0.0036477163153083,2023,2023-03-31,learned_order_extension,20260911,0.37816937180792504,0.37816937180792504,0,1
annual_state_offset,2978,2023-05-05,2023-05-15,-0.0221642407977935,2023,2023-03-31,learned_order_extension,20260911,0.3826637989359542,0.3826637989359542,0,0
annual_state_offset,2983,2023-05-12,2023-05-22,0.0005509250208819,2023,2023-03-31,learned_order_extension,20260911,0.5207604762186022,0.5207604762186022,1,1
annual_state_offset,2988,2023-05-19,2023-05-29,-0.0200253742704897,2023,2023-03-31,learned_order_extension,20260911,0.7111561389087265,0.7111561389087265,1,0
annual_state_offset,2993,2023-05-26,2023-06-05,-0.0003935703040848,2023,2023-03-31,learned_order_extension,20260911,0.5113938646839422,0.5113938646839422,1,0
annual_state_offset,2998,2023-06-02,2023-06-12,-0.0086075595250429,2023,2023-03-31,learned_order_extension,20260911,0.4176728512227212,0.4176728512227212,0,0
annual_state_offset,3003,2023-06-09,2023-06-19,0.0338878539347273,2023,2023-03-31,learned_order_extension,20260911,0.4874736850302981,0.4874736850302981,0,1
annual_state_offset,3008,2023-06-16,2023-07-03,-0.026216632171098,2023,2023-03-31,learned_order_extension,20260911,0.49575757649005087,0.49575757649005087,0,0
annual_state_offset,3016,2023-06-30,2023-07-10,-0.0030441518806006,2023,2023-03-31,learned_order_extension,20260911,0.4996986134035337,0.4996986134035337,0,0
annual_shared_offset,2961,2023-04-07,2023-04-17,-0.0101500238382772,2023,2023-03-31,learned_order_extension,20260911,0.537113493366898,0.537113493366898,1,0
annual_shared_offset,2966,2023-04-14,2023-04-24,-0.014368947230732,2023,2023-03-31,learned_order_extension,20260911,0.5267046556244085,0.5267046556244085,1,0
annual_shared_offset,2971,2023-04-21,2023-05-04,-0.0044228908788729,2023,2023-03-31,learned_order_extension,20260911,0.39936804356030803,0.39936804356030803,0,0
annual_shared_offset,2976,2023-04-28,2023-05-10,0.0036477163153083,2023,2023-03-31,learned_order_extension,20260911,0.37816937180792504,0.37816937180792504,0,1
annual_shared_offset,2978,2023-05-05,2023-05-15,-0.0221642407977935,2023,2023-03-31,learned_order_extension,20260911,0.3826637989359542,0.3826637989359542,0,0
annual_shared_offset,2983,2023-05-12,2023-05-22,0.0005509250208819,2023,2023-03-31,learned_order_extension,20260911,0.5207604762186022,0.5207604762186022,1,1
annual_shared_offset,2988,2023-05-19,2023-05-29,-0.0200253742704897,2023,2023-03-31,learned_order_extension,20260911,0.7111561389087265,0.7111561389087265,1,0
annual_shared_offset,2993,2023-05-26,2023-06-05,-0.0003935703040848,2023,2023-03-31,learned_order_extension,20260911,0.5113938646839422,0.5113938646839422,1,0
annual_shared_offset,2998,2023-06-02,2023-06-12,-0.0086075595250429,2023,2023-03-31,learned_order_extension,20260911,0.4176728512227212,0.4176728512227212,0,0
annual_shared_offset,3003,2023-06-09,2023-06-19,0.0338878539347273,2023,2023-03-31,learned_order_extension,20260911,0.4874736850302981,0.4874736850302981,0,1
annual_shared_offset,3008,2023-06-16,2023-07-03,-0.026216632171098,2023,2023-03-31,learned_order_extension,20260911,0.49575757649005087,0.49575757649005087,0,0
annual_shared_offset,3016,2023-06-30,2023-07-10,-0.0030441518806006,2023,2023-03-31,learned_order_extension,20260911,0.4996986134035337,0.4996986134035337,0,0
annual_state_offset_half,2961,2023-04-07,2023-04-17,-0.0101500238382772,2023,2023-03-31,learned_order_extension,20260911,0.5210016610252854,0.5210016610252854,1,0
annual_state_offset_half,2966,2023-04-14,2023-04-24,-0.014368947230732,2023,2023-03-31,learned_order_extension,20260911,0.5105606652387533,0.5105606652387533,1,0
annual_state_offset_half,2971,2023-04-21,2023-05-04,-0.0044228908788729,2023,2023-03-31,learned_order_extension,20260911,0.39936804356030803,0.39936804356030803,0,0
annual_state_offset_half,2976,2023-04-28,2023-05-10,0.0036477163153083,2023,2023-03-31,learned_order_extension,20260911,0.37816937180792504,0.37816937180792504,0,1
annual_state_offset_half,2978,2023-05-05,2023-05-15,-0.0221642407977935,2023,2023-03-31,learned_order_extension,20260911,0.3826637989359542,0.3826637989359542,0,0
annual_state_offset_half,2983,2023-05-12,2023-05-22,0.0005509250208819,2023,2023-03-31,learned_order_extension,20260911,0.5207604762186022,0.5207604762186022,1,1
annual_state_offset_half,2988,2023-05-19,2023-05-29,-0.0200253742704897,2023,2023-03-31,learned_order_extension,20260911,0.7111561389087265,0.7111561389087265,1,0
annual_state_offset_half,2993,2023-05-26,2023-06-05,-0.0003935703040848,2023,2023-03-31,learned_order_extension,20260911,0.5113938646839422,0.5113938646839422,1,0
annual_state_offset_half,2998,2023-06-02,2023-06-12,-0.0086075595250429,2023,2023-03-31,learned_order_extension,20260911,0.4176728512227212,0.4176728512227212,0,0
annual_state_offset_half,3003,2023-06-09,2023-06-19,0.0338878539347273,2023,2023-03-31,learned_order_extension,20260911,0.4874736850302981,0.4874736850302981,0,1
annual_state_offset_half,3008,2023-06-16,2023-07-03,-0.026216632171098,2023,2023-03-31,learned_order_extension,20260911,0.47960094870004927,0.47960094870004927,0,0
annual_state_offset_half,3016,2023-06-30,2023-07-10,-0.0030441518806006,2023,2023-03-31,learned_order_extension,20260911,0.4996986134035337,0.4996986134035337,0,0
annual_state_offset,2961,2023-04-07,2023-04-17,-0.0101500238382772,2023,2023-03-31,learned_order_offset,20260911,0.5370493776953847,0.5370493776953847,1,0
annual_state_offset,2966,2023-04-14,2023-04-24,-0.014368947230732,2023,2023-03-31,learned_order_offset,20260911,0.5265644659473164,0.5265644659473164,1,0
annual_state_offset,2971,2023-04-21,2023-05-04,-0.0044228908788729,2023,2023-03-31,learned_order_offset,20260911,0.39928777128910625,0.39928777128910625,0,0
annual_state_offset,2976,2023-04-28,2023-05-10,0.0036477163153083,2023,2023-03-31,learned_order_offset,20260911,0.37810919654324093,0.37810919654324093,0,1
annual_state_offset,2978,2023-05-05,2023-05-15,-0.0221642407977935,2023,2023-03-31,learned_order_offset,20260911,0.3825900800128016,0.3825900800128016,0,0
annual_state_offset,2983,2023-05-12,2023-05-22,0.0005509250208819,2023,2023-03-31,learned_order_offset,20260911,0.5206526224591033,0.5206526224591033,1,1
annual_state_offset,2988,2023-05-19,2023-05-29,-0.0200253742704897,2023,2023-03-31,learned_order_offset,20260911,0.7111689672715988,0.7111689672715988,1,0
annual_state_offset,2993,2023-05-26,2023-06-05,-0.0003935703040848,2023,2023-03-31,learned_order_offset,20260911,0.5113376197418289,0.5113376197418289,1,0
annual_state_offset,2998,2023-06-02,2023-06-12,-0.0086075595250429,2023,2023-03-31,learned_order_offset,20260911,0.4176331380681734,0.4176331380681734,0,0
annual_state_offset,3003,2023-06-09,2023-06-19,0.0338878539347273,2023,2023-03-31,learned_order_offset,20260911,0.4874307767794157,0.4874307767794157,0,1
annual_state_offset,3008,2023-06-16,2023-07-03,-0.026216632171098,2023,2023-03-31,learned_order_offset,20260911,0.4957134925147614,0.4957134925147614,0,0
annual_state_offset,3016,2023-06-30,2023-07-10,-0.0030441518806006,2023,2023-03-31,learned_order_offset,20260911,0.4995175845112385,0.4995175845112385,0,0
annual_shared_offset,2961,2023-04-07,2023-04-17,-0.0101500238382772,2023,2023-03-31,learned_order_offset,20260911,0.5370493776953847,0.5370493776953847,1,0
annual_shared_offset,2966,2023-04-14,2023-04-24,-0.014368947230732,2023,2023-03-31,learned_order_offset,20260911,0.5265644659473164,0.5265644659473164,1,0
annual_shared_offset,2971,2023-04-21,2023-05-04,-0.0044228908788729,2023,2023-03-31,learned_order_offset,20260911,0.39928777128910625,0.39928777128910625,0,0
annual_shared_offset,2976,2023-04-28,2023-05-10,0.0036477163153083,2023,2023-03-31,learned_order_offset,20260911,0.37810919654324093,0.37810919654324093,0,1
annual_shared_offset,2978,2023-05-05,2023-05-15,-0.0221642407977935,2023,2023-03-31,learned_order_offset,20260911,0.3825900800128016,0.3825900800128016,0,0
annual_shared_offset,2983,2023-05-12,2023-05-22,0.0005509250208819,2023,2023-03-31,learned_order_offset,20260911,0.5206526224591033,0.5206526224591033,1,1
annual_shared_offset,2988,2023-05-19,2023-05-29,-0.0200253742704897,2023,2023-03-31,learned_order_offset,20260911,0.7111689672715988,0.7111689672715988,1,0
annual_shared_offset,2993,2023-05-26,2023-06-05,-0.0003935703040848,2023,2023-03-31,learned_order_offset,20260911,0.5113376197418289,0.5113376197418289,1,0
annual_shared_offset,2998,2023-06-02,2023-06-12,-0.0086075595250429,2023,2023-03-31,learned_order_offset,20260911,0.4176331380681734,0.4176331380681734,0,0
annual_shared_offset,3003,2023-06-09,2023-06-19,0.0338878539347273,2023,2023-03-31,learned_order_offset,20260911,0.4874307767794157,0.4874307767794157,0,1
annual_shared_offset,3008,2023-06-16,2023-07-03,-0.026216632171098,2023,2023-03-31,learned_order_offset,20260911,0.4957134925147614,0.4957134925147614,0,0
annual_shared_offset,3016,2023-06-30,2023-07-10,-0.0030441518806006,2023,2023-03-31,learned_order_offset,20260911,0.4995175845112385,0.4995175845112385,0,0
annual_state_offset_half,2961,2023-04-07,2023-04-17,-0.0101500238382772,2023,2023-03-31,learned_order_offset,20260911,0.5209419685560951,0.5209419685560951,1,0
annual_state_offset_half,2966,2023-04-14,2023-04-24,-0.014368947230732,2023,2023-03-31,learned_order_offset,20260911,0.5104248090806418,0.5104248090806418,1,0
annual_state_offset_half,2971,2023-04-21,2023-05-04,-0.0044228908788729,2023,2023-03-31,learned_order_offset,20260911,0.39928777128910625,0.39928777128910625,0,0
annual_state_offset_half,2976,2023-04-28,2023-05-10,0.0036477163153083,2023,2023-03-31,learned_order_offset,20260911,0.37810919654324093,0.37810919654324093,0,1
annual_state_offset_half,2978,2023-05-05,2023-05-15,-0.0221642407977935,2023,2023-03-31,learned_order_offset,20260911,0.3825900800128016,0.3825900800128016,0,0
annual_state_offset_half,2983,2023-05-12,2023-05-22,0.0005509250208819,2023,2023-03-31,learned_order_offset,20260911,0.5206526224591033,0.5206526224591033,1,1
annual_state_offset_half,2988,2023-05-19,2023-05-29,-0.0200253742704897,2023,2023-03-31,learned_order_offset,20260911,0.7111689672715988,0.7111689672715988,1,0
annual_state_offset_half,2993,2023-05-26,2023-06-05,-0.0003935703040848,2023,2023-03-31,learned_order_offset,20260911,0.5113376197418289,0.5113376197418289,1,0
annual_state_offset_half,2998,2023-06-02,2023-06-12,-0.0086075595250429,2023,2023-03-31,learned_order_offset,20260911,0.4176331380681734,0.4176331380681734,0,0
annual_state_offset_half,3003,2023-06-09,2023-06-19,0.0338878539347273,2023,2023-03-31,learned_order_offset,20260911,0.4874307767794157,0.4874307767794157,0,1
annual_state_offset_half,3008,2023-06-16,2023-07-03,-0.026216632171098,2023,2023-03-31,learned_order_offset,20260911,0.4795615998464874,0.4795615998464874,0,0
annual_state_offset_half,3016,2023-06-30,2023-07-10,-0.0030441518806006,2023,2023-03-31,learned_order_offset,20260911,0.4995175845112385,0.4995175845112385,0,0
annual_state_offset,2961,2023-04-07,2023-04-17,-0.0101500238382772,2023,2023-03-31,learned_market,20260912,0.6848340372231762,0.6848340372231762,1,0
annual_state_offset,2966,2023-04-14,2023-04-24,-0.014368947230732,2023,2023-03-31,learned_market,20260912,0.43589675753044727,0.43589675753044727,0,0
annual_state_offset,2971,2023-04-21,2023-05-04,-0.0044228908788729,2023,2023-03-31,learned_market,20260912,0.3355239890755223,0.3355239890755223,0,0
annual_state_offset,2976,2023-04-28,2023-05-10,0.0036477163153083,2023,2023-03-31,learned_market,20260912,0.4803897810444189,0.4803897810444189,0,1
annual_state_offset,2978,2023-05-05,2023-05-15,-0.0221642407977935,2023,2023-03-31,learned_market,20260912,0.3214134174707162,0.3214134174707162,0,0
annual_state_offset,2983,2023-05-12,2023-05-22,0.0005509250208819,2023,2023-03-31,learned_market,20260912,0.41963299671663734,0.41963299671663734,0,1
annual_state_offset,2988,2023-05-19,2023-05-29,-0.0200253742704897,2023,2023-03-31,learned_market,20260912,0.663522806485192,0.663522806485192,1,0
annual_state_offset,2993,2023-05-26,2023-06-05,-0.0003935703040848,2023,2023-03-31,learned_market,20260912,0.4734681491976751,0.4734681491976751,0,0
annual_state_offset,2998,2023-06-02,2023-06-12,-0.0086075595250429,2023,2023-03-31,learned_market,20260912,0.40456629164978614,0.40456629164978614,0,0
annual_state_offset,3003,2023-06-09,2023-06-19,0.0338878539347273,2023,2023-03-31,learned_market,20260912,0.30238432481971794,0.30238432481971794,0,1
annual_state_offset,3008,2023-06-16,2023-07-03,-0.026216632171098,2023,2023-03-31,learned_market,20260912,0.3683935141917637,0.3683935141917637,0,0
annual_state_offset,3016,2023-06-30,2023-07-10,-0.0030441518806006,2023,2023-03-31,learned_market,20260912,0.6005178559534365,0.6005178559534365,1,0
annual_shared_offset,2961,2023-04-07,2023-04-17,-0.0101500238382772,2023,2023-03-31,learned_market,20260912,0.6848340372231762,0.6848340372231762,1,0
annual_shared_offset,2966,2023-04-14,2023-04-24,-0.014368947230732,2023,2023-03-31,learned_market,20260912,0.43589675753044727,0.43589675753044727,0,0
annual_shared_offset,2971,2023-04-21,2023-05-04,-0.0044228908788729,2023,2023-03-31,learned_market,20260912,0.3355239890755223,0.3355239890755223,0,0
annual_shared_offset,2976,2023-04-28,2023-05-10,0.0036477163153083,2023,2023-03-31,learned_market,20260912,0.4803897810444189,0.4803897810444189,0,1
annual_shared_offset,2978,2023-05-05,2023-05-15,-0.0221642407977935,2023,2023-03-31,learned_market,20260912,0.3214134174707162,0.3214134174707162,0,0
annual_shared_offset,2983,2023-05-12,2023-05-22,0.0005509250208819,2023,2023-03-31,learned_market,20260912,0.41963299671663734,0.41963299671663734,0,1
annual_shared_offset,2988,2023-05-19,2023-05-29,-0.0200253742704897,2023,2023-03-31,learned_market,20260912,0.663522806485192,0.663522806485192,1,0
annual_shared_offset,2993,2023-05-26,2023-06-05,-0.0003935703040848,2023,2023-03-31,learned_market,20260912,0.4734681491976751,0.4734681491976751,0,0
annual_shared_offset,2998,2023-06-02,2023-06-12,-0.0086075595250429,2023,2023-03-31,learned_market,20260912,0.40456629164978614,0.40456629164978614,0,0
annual_shared_offset,3003,2023-06-09,2023-06-19,0.0338878539347273,2023,2023-03-31,learned_market,20260912,0.30238432481971794,0.30238432481971794,0,1
annual_shared_offset,3008,2023-06-16,2023-07-03,-0.026216632171098,2023,2023-03-31,learned_market,20260912,0.3683935141917637,0.3683935141917637,0,0
annual_shared_offset,3016,2023-06-30,2023-07-10,-0.0030441518806006,2023,2023-03-31,learned_market,20260912,0.6005178559534365,0.6005178559534365,1,0
annual_state_offset_half,2961,2023-04-07,2023-04-17,-0.0101500238382772,2023,2023-03-31,learned_market,20260912,0.6614873817715119,0.6614873817715119,1,0
annual_state_offset_half,2966,2023-04-14,2023-04-24,-0.014368947230732,2023,2023-03-31,learned_market,20260912,0.4099965861396394,0.4099965861396394,0,0
annual_state_offset_half,2971,2023-04-21,2023-05-04,-0.0044228908788729,2023,2023-03-31,learned_market,20260912,0.3355239890755223,0.3355239890755223,0,0
annual_state_offset_half,2976,2023-04-28,2023-05-10,0.0036477163153083,2023,2023-03-31,learned_market,20260912,0.4803897810444189,0.4803897810444189,0,1
annual_state_offset_half,2978,2023-05-05,2023-05-15,-0.0221642407977935,2023,2023-03-31,learned_market,20260912,0.3214134174707162,0.3214134174707162,0,0
annual_state_offset_half,2983,2023-05-12,2023-05-22,0.0005509250208819,2023,2023-03-31,learned_market,20260912,0.41963299671663734,0.41963299671663734,0,1
annual_state_offset_half,2988,2023-05-19,2023-05-29,-0.0200253742704897,2023,2023-03-31,learned_market,20260912,0.663522806485192,0.663522806485192,1,0
annual_state_offset_half,2993,2023-05-26,2023-06-05,-0.0003935703040848,2023,2023-03-31,learned_market,20260912,0.4734681491976751,0.4734681491976751,0,0
annual_state_offset_half,2998,2023-06-02,2023-06-12,-0.0086075595250429,2023,2023-03-31,learned_market,20260912,0.40456629164978614,0.40456629164978614,0,0
annual_state_offset_half,3003,2023-06-09,2023-06-19,0.0338878539347273,2023,2023-03-31,learned_market,20260912,0.30238432481971794,0.30238432481971794,0,1
annual_state_offset_half,3008,2023-06-16,2023-07-03,-0.026216632171098,2023,2023-03-31,learned_market,20260912,0.34405792067124213,0.34405792067124213,0,0
annual_state_offset_half,3016,2023-06-30,2023-07-10,-0.0030441518806006,2023,2023-03-31,learned_market,20260912,0.6005178559534365,0.6005178559534365,1,0
annual_state_offset,2961,2023-04-07,2023-04-17,-0.0101500238382772,2023,2023-03-31,learned_vol_interaction,20260912,0.7047113671202762,0.7047113671202762,1,0
annual_state_offset,2966,2023-04-14,2023-04-24,-0.014368947230732,2023,2023-03-31,learned_vol_interaction,20260912,0.4287091714988588,0.4287091714988588,0,0
annual_state_offset,2971,2023-04-21,2023-05-04,-0.0044228908788729,2023,2023-03-31,learned_vol_interaction,20260912,0.32843574732408615,0.32843574732408615,0,0
annual_state_offset,2976,2023-04-28,2023-05-10,0.0036477163153083,2023,2023-03-31,learned_vol_interaction,20260912,0.47644399303156704,0.47644399303156704,0,1
annual_state_offset,2978,2023-05-05,2023-05-15,-0.0221642407977935,2023,2023-03-31,learned_vol_interaction,20260912,0.30788719174740625,0.30788719174740625,0,0
annual_state_offset,2983,2023-05-12,2023-05-22,0.0005509250208819,2023,2023-03-31,learned_vol_interaction,20260912,0.42598051823633404,0.42598051823633404,0,1
annual_state_offset,2988,2023-05-19,2023-05-29,-0.0200253742704897,2023,2023-03-31,learned_vol_interaction,20260912,0.6767118241469199,0.6767118241469199,1,0
annual_state_offset,2993,2023-05-26,2023-06-05,-0.0003935703040848,2023,2023-03-31,learned_vol_interaction,20260912,0.4883023609978598,0.4883023609978598,0,0
annual_state_offset,2998,2023-06-02,2023-06-12,-0.0086075595250429,2023,2023-03-31,learned_vol_interaction,20260912,0.3935432366359235,0.3935432366359235,0,0
annual_state_offset,3003,2023-06-09,2023-06-19,0.0338878539347273,2023,2023-03-31,learned_vol_interaction,20260912,0.27933481732197507,0.27933481732197507,0,1
annual_state_offset,3008,2023-06-16,2023-07-03,-0.026216632171098,2023,2023-03-31,learned_vol_interaction,20260912,0.33757882141847,0.33757882141847,0,0
annual_state_offset,3016,2023-06-30,2023-07-10,-0.0030441518806006,2023,2023-03-31,learned_vol_interaction,20260912,0.6177370664994124,0.6177370664994124,1,0
annual_shared_offset,2961,2023-04-07,2023-04-17,-0.0101500238382772,2023,2023-03-31,learned_vol_interaction,20260912,0.7047113671202762,0.7047113671202762,1,0
annual_shared_offset,2966,2023-04-14,2023-04-24,-0.014368947230732,2023,2023-03-31,learned_vol_interaction,20260912,0.4287091714988588,0.4287091714988588,0,0
annual_shared_offset,2971,2023-04-21,2023-05-04,-0.0044228908788729,2023,2023-03-31,learned_vol_interaction,20260912,0.32843574732408615,0.32843574732408615,0,0
annual_shared_offset,2976,2023-04-28,2023-05-10,0.0036477163153083,2023,2023-03-31,learned_vol_interaction,20260912,0.47644399303156704,0.47644399303156704,0,1
annual_shared_offset,2978,2023-05-05,2023-05-15,-0.0221642407977935,2023,2023-03-31,learned_vol_interaction,20260912,0.30788719174740625,0.30788719174740625,0,0
annual_shared_offset,2983,2023-05-12,2023-05-22,0.0005509250208819,2023,2023-03-31,learned_vol_interaction,20260912,0.42598051823633404,0.42598051823633404,0,1
annual_shared_offset,2988,2023-05-19,2023-05-29,-0.0200253742704897,2023,2023-03-31,learned_vol_interaction,20260912,0.6767118241469199,0.6767118241469199,1,0
annual_shared_offset,2993,2023-05-26,2023-06-05,-0.0003935703040848,2023,2023-03-31,learned_vol_interaction,20260912,0.4883023609978598,0.4883023609978598,0,0
annual_shared_offset,2998,2023-06-02,2023-06-12,-0.0086075595250429,2023,2023-03-31,learned_vol_interaction,20260912,0.3935432366359235,0.3935432366359235,0,0
annual_shared_offset,3003,2023-06-09,2023-06-19,0.0338878539347273,2023,2023-03-31,learned_vol_interaction,20260912,0.27933481732197507,0.27933481732197507,0,1
annual_shared_offset,3008,2023-06-16,2023-07-03,-0.026216632171098,2023,2023-03-31,learned_vol_interaction,20260912,0.33757882141847,0.33757882141847,0,0
annual_shared_offset,3016,2023-06-30,2023-07-10,-0.0030441518806006,2023,2023-03-31,learned_vol_interaction,20260912,0.6177370664994124,0.6177370664994124,1,0
annual_state_offset_half,2961,2023-04-07,2023-04-17,-0.0101500238382772,2023,2023-03-31,learned_vol_interaction,20260912,0.6815487911904226,0.6815487911904226,1,0
annual_state_offset_half,2966,2023-04-14,2023-04-24,-0.014368947230732,2023,2023-03-31,learned_vol_interaction,20260912,0.402260274085057,0.402260274085057,0,0
annual_state_offset_half,2971,2023-04-21,2023-05-04,-0.0044228908788729,2023,2023-03-31,learned_vol_interaction,20260912,0.32843574732408615,0.32843574732408615,0,0
annual_state_offset_half,2976,2023-04-28,2023-05-10,0.0036477163153083,2023,2023-03-31,learned_vol_interaction,20260912,0.47644399303156704,0.47644399303156704,0,1
annual_state_offset_half,2978,2023-05-05,2023-05-15,-0.0221642407977935,2023,2023-03-31,learned_vol_interaction,20260912,0.30788719174740625,0.30788719174740625,0,0
annual_state_offset_half,2983,2023-05-12,2023-05-22,0.0005509250208819,2023,2023-03-31,learned_vol_interaction,20260912,0.42598051823633404,0.42598051823633404,0,1
annual_state_offset_half,2988,2023-05-19,2023-05-29,-0.0200253742704897,2023,2023-03-31,learned_vol_interaction,20260912,0.6767118241469199,0.6767118241469199,1,0
annual_state_offset_half,2993,2023-05-26,2023-06-05,-0.0003935703040848,2023,2023-03-31,learned_vol_interaction,20260912,0.4883023609978598,0.4883023609978598,0,0
annual_state_offset_half,2998,2023-06-02,2023-06-12,-0.0086075595250429,2023,2023-03-31,learned_vol_interaction,20260912,0.3935432366359235,0.3935432366359235,0,0
annual_state_offset_half,3003,2023-06-09,2023-06-19,0.0338878539347273,2023,2023-03-31,learned_vol_interaction,20260912,0.27933481732197507,0.27933481732197507,0,1
annual_state_offset_half,3008,2023-06-16,2023-07-03,-0.026216632171098,2023,2023-03-31,learned_vol_interaction,20260912,0.31366528326843596,0.31366528326843596,0,0
annual_state_offset_half,3016,2023-06-30,2023-07-10,-0.0030441518806006,2023,2023-03-31,learned_vol_interaction,20260912,0.6177370664994124,0.6177370664994124,1,0
annual_state_offset,2961,2023-04-07,2023-04-17,-0.0101500238382772,2023,2023-03-31,learned_order_extension,20260912,0.683741767566845,0.683741767566845,1,0
annual_state_offset,2966,2023-04-14,2023-04-24,-0.014368947230732,2023,2023-03-31,learned_order_extension,20260912,0.4502250361128203,0.4502250361128203,0,0
annual_state_offset,2971,2023-04-21,2023-05-04,-0.0044228908788729,2023,2023-03-31,learned_order_extension,20260912,0.3696006256220921,0.3696006256220921,0,0
annual_state_offset,2976,2023-04-28,2023-05-10,0.0036477163153083,2023,2023-03-31,learned_order_extension,20260912,0.4688564801514378,0.4688564801514378,0,1
annual_state_offset,2978,2023-05-05,2023-05-15,-0.0221642407977935,2023,2023-03-31,learned_order_extension,20260912,0.35316398446807334,0.35316398446807334,0,0
annual_state_offset,2983,2023-05-12,2023-05-22,0.0005509250208819,2023,2023-03-31,learned_order_extension,20260912,0.4594935783345266,0.4594935783345266,0,1
annual_state_offset,2988,2023-05-19,2023-05-29,-0.0200253742704897,2023,2023-03-31,learned_order_extension,20260912,0.5613551046736279,0.5613551046736279,1,0
annual_state_offset,2993,2023-05-26,2023-06-05,-0.0003935703040848,2023,2023-03-31,learned_order_extension,20260912,0.4825311640837267,0.4825311640837267,0,0
annual_state_offset,2998,2023-06-02,2023-06-12,-0.0086075595250429,2023,2023-03-31,learned_order_extension,20260912,0.43993698612115767,0.43993698612115767,0,0
annual_state_offset,3003,2023-06-09,2023-06-19,0.0338878539347273,2023,2023-03-31,learned_order_extension,20260912,0.35568367267039286,0.35568367267039286,0,1
annual_state_offset,3008,2023-06-16,2023-07-03,-0.026216632171098,2023,2023-03-31,learned_order_extension,20260912,0.440805198541174,0.440805198541174,0,0
annual_state_offset,3016,2023-06-30,2023-07-10,-0.0030441518806006,2023,2023-03-31,learned_order_extension,20260912,0.5677359269311923,0.5677359269311923,1,0
annual_shared_offset,2961,2023-04-07,2023-04-17,-0.0101500238382772,2023,2023-03-31,learned_order_extension,20260912,0.683741767566845,0.683741767566845,1,0
annual_shared_offset,2966,2023-04-14,2023-04-24,-0.014368947230732,2023,2023-03-31,learned_order_extension,20260912,0.4502250361128203,0.4502250361128203,0,0
annual_shared_offset,2971,2023-04-21,2023-05-04,-0.0044228908788729,2023,2023-03-31,learned_order_extension,20260912,0.3696006256220921,0.3696006256220921,0,0
annual_shared_offset,2976,2023-04-28,2023-05-10,0.0036477163153083,2023,2023-03-31,learned_order_extension,20260912,0.4688564801514378,0.4688564801514378,0,1
annual_shared_offset,2978,2023-05-05,2023-05-15,-0.0221642407977935,2023,2023-03-31,learned_order_extension,20260912,0.35316398446807334,0.35316398446807334,0,0
annual_shared_offset,2983,2023-05-12,2023-05-22,0.0005509250208819,2023,2023-03-31,learned_order_extension,20260912,0.4594935783345266,0.4594935783345266,0,1
annual_shared_offset,2988,2023-05-19,2023-05-29,-0.0200253742704897,2023,2023-03-31,learned_order_extension,20260912,0.5613551046736279,0.5613551046736279,1,0
annual_shared_offset,2993,2023-05-26,2023-06-05,-0.0003935703040848,2023,2023-03-31,learned_order_extension,20260912,0.4825311640837267,0.4825311640837267,0,0
annual_shared_offset,2998,2023-06-02,2023-06-12,-0.0086075595250429,2023,2023-03-31,learned_order_extension,20260912,0.43993698612115767,0.43993698612115767,0,0
annual_shared_offset,3003,2023-06-09,2023-06-19,0.0338878539347273,2023,2023-03-31,learned_order_extension,20260912,0.35568367267039286,0.35568367267039286,0,1
annual_shared_offset,3008,2023-06-16,2023-07-03,-0.026216632171098,2023,2023-03-31,learned_order_extension,20260912,0.440805198541174,0.440805198541174,0,0
annual_shared_offset,3016,2023-06-30,2023-07-10,-0.0030441518806006,2023,2023-03-31,learned_order_extension,20260912,0.5677359269311923,0.5677359269311923,1,0
annual_state_offset_half,2961,2023-04-07,2023-04-17,-0.0101500238382772,2023,2023-03-31,learned_order_extension,20260912,0.6610047794571842,0.6610047794571842,1,0
annual_state_offset_half,2966,2023-04-14,2023-04-24,-0.014368947230732,2023,2023-03-31,learned_order_extension,20260912,0.42482239584086134,0.42482239584086134,0,0
annual_state_offset_half,2971,2023-04-21,2023-05-04,-0.0044228908788729,2023,2023-03-31,learned_order_extension,20260912,0.3696006256220921,0.3696006256220921,0,0
annual_state_offset_half,2976,2023-04-28,2023-05-10,0.0036477163153083,2023,2023-03-31,learned_order_extension,20260912,0.4688564801514378,0.4688564801514378,0,1
annual_state_offset_half,2978,2023-05-05,2023-05-15,-0.0221642407977935,2023,2023-03-31,learned_order_extension,20260912,0.35316398446807334,0.35316398446807334,0,0
annual_state_offset_half,2983,2023-05-12,2023-05-22,0.0005509250208819,2023,2023-03-31,learned_order_extension,20260912,0.4594935783345266,0.4594935783345266,0,1
annual_state_offset_half,2988,2023-05-19,2023-05-29,-0.0200253742704897,2023,2023-03-31,learned_order_extension,20260912,0.5613551046736279,0.5613551046736279,1,0
annual_state_offset_half,2993,2023-05-26,2023-06-05,-0.0003935703040848,2023,2023-03-31,learned_order_extension,20260912,0.4825311640837267,0.4825311640837267,0,0
annual_state_offset_half,2998,2023-06-02,2023-06-12,-0.0086075595250429,2023,2023-03-31,learned_order_extension,20260912,0.43993698612115767,0.43993698612115767,0,0
annual_state_offset_half,3003,2023-06-09,2023-06-19,0.0338878539347273,2023,2023-03-31,learned_order_extension,20260912,0.35568367267039286,0.35568367267039286,0,1
annual_state_offset_half,3008,2023-06-16,2023-07-03,-0.026216632171098,2023,2023-03-31,learned_order_extension,20260912,0.41553233538538437,0.41553233538538437,0,0
annual_state_offset_half,3016,2023-06-30,2023-07-10,-0.0030441518806006,2023,2023-03-31,learned_order_extension,20260912,0.5677359269311923,0.5677359269311923,1,0
annual_state_offset,2961,2023-04-07,2023-04-17,-0.0101500238382772,2023,2023-03-31,learned_order_offset,20260912,0.6821771873063621,0.6821771873063621,1,0
annual_state_offset,2966,2023-04-14,2023-04-24,-0.014368947230732,2023,2023-03-31,learned_order_offset,20260912,0.45444038229870387,0.45444038229870387,0,0
annual_state_offset,2971,2023-04-21,2023-05-04,-0.0044228908788729,2023,2023-03-31,learned_order_offset,20260912,0.373753908234859,0.373753908234859,0,0
annual_state_offset,2976,2023-04-28,2023-05-10,0.0036477163153083,2023,2023-03-31,learned_order_offset,20260912,0.4682938791565345,0.4682938791565345,0,1
annual_state_offset,2978,2023-05-05,2023-05-15,-0.0221642407977935,2023,2023-03-31,learned_order_offset,20260912,0.35468620955831676,0.35468620955831676,0,0
annual_state_offset,2983,2023-05-12,2023-05-22,0.0005509250208819,2023,2023-03-31,learned_order_offset,20260912,0.45944687309341087,0.45944687309341087,0,1
annual_state_offset,2988,2023-05-19,2023-05-29,-0.0200253742704897,2023,2023-03-31,learned_order_offset,20260912,0.5528609060536627,0.5528609060536627,1,0
annual_state_offset,2993,2023-05-26,2023-06-05,-0.0003935703040848,2023,2023-03-31,learned_order_offset,20260912,0.48081388523345875,0.48081388523345875,0,0
annual_state_offset,2998,2023-06-02,2023-06-12,-0.0086075595250429,2023,2023-03-31,learned_order_offset,20260912,0.4462826688282708,0.4462826688282708,0,0
annual_state_offset,3003,2023-06-09,2023-06-19,0.0338878539347273,2023,2023-03-31,learned_order_offset,20260912,0.3657926874386867,0.3657926874386867,0,1
annual_state_offset,3008,2023-06-16,2023-07-03,-0.026216632171098,2023,2023-03-31,learned_order_offset,20260912,0.4472368759550808,0.4472368759550808,0,0
annual_state_offset,3016,2023-06-30,2023-07-10,-0.0030441518806006,2023,2023-03-31,learned_order_offset,20260912,0.5701260577969851,0.5701260577969851,1,0
annual_shared_offset,2961,2023-04-07,2023-04-17,-0.0101500238382772,2023,2023-03-31,learned_order_offset,20260912,0.6821771873063621,0.6821771873063621,1,0
annual_shared_offset,2966,2023-04-14,2023-04-24,-0.014368947230732,2023,2023-03-31,learned_order_offset,20260912,0.45444038229870387,0.45444038229870387,0,0
annual_shared_offset,2971,2023-04-21,2023-05-04,-0.0044228908788729,2023,2023-03-31,learned_order_offset,20260912,0.373753908234859,0.373753908234859,0,0
annual_shared_offset,2976,2023-04-28,2023-05-10,0.0036477163153083,2023,2023-03-31,learned_order_offset,20260912,0.4682938791565345,0.4682938791565345,0,1
annual_shared_offset,2978,2023-05-05,2023-05-15,-0.0221642407977935,2023,2023-03-31,learned_order_offset,20260912,0.35468620955831676,0.35468620955831676,0,0
annual_shared_offset,2983,2023-05-12,2023-05-22,0.0005509250208819,2023,2023-03-31,learned_order_offset,20260912,0.45944687309341087,0.45944687309341087,0,1
annual_shared_offset,2988,2023-05-19,2023-05-29,-0.0200253742704897,2023,2023-03-31,learned_order_offset,20260912,0.5528609060536627,0.5528609060536627,1,0
annual_shared_offset,2993,2023-05-26,2023-06-05,-0.0003935703040848,2023,2023-03-31,learned_order_offset,20260912,0.48081388523345875,0.48081388523345875,0,0
annual_shared_offset,2998,2023-06-02,2023-06-12,-0.0086075595250429,2023,2023-03-31,learned_order_offset,20260912,0.4462826688282708,0.4462826688282708,0,0
annual_shared_offset,3003,2023-06-09,2023-06-19,0.0338878539347273,2023,2023-03-31,learned_order_offset,20260912,0.3657926874386867,0.3657926874386867,0,1
annual_shared_offset,3008,2023-06-16,2023-07-03,-0.026216632171098,2023,2023-03-31,learned_order_offset,20260912,0.4472368759550808,0.4472368759550808,0,0
annual_shared_offset,3016,2023-06-30,2023-07-10,-0.0030441518806006,2023,2023-03-31,learned_order_offset,20260912,0.5701260577969851,0.5701260577969851,1,0
annual_state_offset_half,2961,2023-04-07,2023-04-17,-0.0101500238382772,2023,2023-03-31,learned_order_offset,20260912,0.659456664882402,0.659456664882402,1,0
annual_state_offset_half,2966,2023-04-14,2023-04-24,-0.014368947230732,2023,2023-03-31,learned_order_offset,20260912,0.4290650167551982,0.4290650167551982,0,0
annual_state_offset_half,2971,2023-04-21,2023-05-04,-0.0044228908788729,2023,2023-03-31,learned_order_offset,20260912,0.373753908234859,0.373753908234859,0,0
annual_state_offset_half,2976,2023-04-28,2023-05-10,0.0036477163153083,2023,2023-03-31,learned_order_offset,20260912,0.4682938791565345,0.4682938791565345,0,1
annual_state_offset_half,2978,2023-05-05,2023-05-15,-0.0221642407977935,2023,2023-03-31,learned_order_offset,20260912,0.35468620955831676,0.35468620955831676,0,0
annual_state_offset_half,2983,2023-05-12,2023-05-22,0.0005509250208819,2023,2023-03-31,learned_order_offset,20260912,0.45944687309341087,0.45944687309341087,0,1
annual_state_offset_half,2988,2023-05-19,2023-05-29,-0.0200253742704897,2023,2023-03-31,learned_order_offset,20260912,0.5528609060536627,0.5528609060536627,1,0
annual_state_offset_half,2993,2023-05-26,2023-06-05,-0.0003935703040848,2023,2023-03-31,learned_order_offset,20260912,0.48081388523345875,0.48081388523345875,0,0
annual_state_offset_half,2998,2023-06-02,2023-06-12,-0.0086075595250429,2023,2023-03-31,learned_order_offset,20260912,0.4462826688282708,0.4462826688282708,0,0
annual_state_offset_half,3003,2023-06-09,2023-06-19,0.0338878539347273,2023,2023-03-31,learned_order_offset,20260912,0.3657926874386867,0.3657926874386867,0,1
annual_state_offset_half,3008,2023-06-16,2023-07-03,-0.026216632171098,2023,2023-03-31,learned_order_offset,20260912,0.4219526443396351,0.4219526443396351,0,0
annual_state_offset_half,3016,2023-06-30,2023-07-10,-0.0030441518806006,2023,2023-03-31,learned_order_offset,20260912,0.5701260577969851,0.5701260577969851,1,0
annual_state_offset,3021,2023-07-07,2023-07-17,0.0104280552692135,2023,2023-06-30,learned_market,20260910,0.41486932780842684,0.41486932780842684,0,1
annual_state_offset,3026,2023-07-14,2023-07-24,-0.0201642613135752,2023,2023-06-30,learned_market,20260910,0.6800096062274245,0.6800096062274245,1,0
annual_state_offset,3031,2023-07-21,2023-07-31,0.0566710925894278,2023,2023-06-30,learned_market,20260910,0.6186277967833116,0.6186277967833116,1,1
annual_state_offset,3036,2023-07-28,2023-08-07,-0.0039612927947766,2023,2023-06-30,learned_market,20260910,0.4215983197715118,0.4215983197715118,0,0
annual_state_offset,3041,2023-08-04,2023-08-14,-0.0404899362223548,2023,2023-06-30,learned_market,20260910,0.4017387600704557,0.4017387600704557,0,0
annual_state_offset,3046,2023-08-11,2023-08-21,-0.0176157088591445,2023,2023-06-30,learned_market,20260910,0.26757742179907773,0.26757742179907773,0,0
annual_state_offset,3051,2023-08-18,2023-08-28,0.0366582477081969,2023,2023-06-30,learned_market,20260910,0.6094913814194294,0.6094913814194294,1,1
annual_state_offset,3056,2023-08-25,2023-09-04,-0.025197172476384,2023,2023-06-30,learned_market,20260910,0.29244325922513786,0.29244325922513786,0,0
annual_state_offset,3061,2023-09-01,2023-09-11,-0.0189903461587886,2023,2023-06-30,learned_market,20260910,0.6336601208970253,0.6336601208970253,1,0
annual_state_offset,3066,2023-09-08,2023-09-18,-0.0111346368744954,2023,2023-06-30,learned_market,20260910,0.6047092291670062,0.6047092291670062,1,0
annual_state_offset,3071,2023-09-15,2023-09-25,0.0105787349314532,2023,2023-06-30,learned_market,20260910,0.6861652964575783,0.6861652964575783,1,1
annual_state_offset,3076,2023-09-22,2023-10-16,-0.0198017153282719,2023,2023-06-30,learned_market,20260910,0.32438504380893834,0.32438504380893834,0,0
annual_shared_offset,3021,2023-07-07,2023-07-17,0.0104280552692135,2023,2023-06-30,learned_market,20260910,0.4486220092307241,0.4486220092307241,0,1
annual_shared_offset,3026,2023-07-14,2023-07-24,-0.0201642613135752,2023,2023-06-30,learned_market,20260910,0.7091888253033048,0.7091888253033048,1,0
annual_shared_offset,3031,2023-07-21,2023-07-31,0.0566710925894278,2023,2023-06-30,learned_market,20260910,0.650527723503939,0.650527723503939,1,1
annual_shared_offset,3036,2023-07-28,2023-08-07,-0.0039612927947766,2023,2023-06-30,learned_market,20260910,0.45547231064202537,0.45547231064202537,0,0
annual_shared_offset,3041,2023-08-04,2023-08-14,-0.0404899362223548,2023,2023-06-30,learned_market,20260910,0.3739194428212675,0.3739194428212675,0,0
annual_shared_offset,3046,2023-08-11,2023-08-21,-0.0176157088591445,2023,2023-06-30,learned_market,20260910,0.295396441568473,0.295396441568473,0,0
annual_shared_offset,3051,2023-08-18,2023-08-28,0.0366582477081969,2023,2023-06-30,learned_market,20260910,0.6094913814194294,0.6094913814194294,1,1
annual_shared_offset,3056,2023-08-25,2023-09-04,-0.025197172476384,2023,2023-06-30,learned_market,20260910,0.32171195070907527,0.32171195070907527,0,0
annual_shared_offset,3061,2023-09-01,2023-09-11,-0.0189903461587886,2023,2023-06-30,learned_market,20260910,0.6060498846188787,0.6060498846188787,1,0
annual_shared_offset,3066,2023-09-08,2023-09-18,-0.0111346368744954,2023,2023-06-30,learned_market,20260910,0.6370904021837364,0.6370904021837364,1,0
annual_shared_offset,3071,2023-09-15,2023-09-25,0.0105787349314532,2023,2023-06-30,learned_market,20260910,0.7150184338856577,0.7150184338856577,1,1
annual_shared_offset,3076,2023-09-22,2023-10-16,-0.0198017153282719,2023,2023-06-30,learned_market,20260910,0.35524552635780376,0.35524552635780376,0,0
annual_state_offset_half,3021,2023-07-07,2023-07-17,0.0104280552692135,2023,2023-06-30,learned_market,20260910,0.4148532310511363,0.4148532310511363,0,1
annual_state_offset_half,3026,2023-07-14,2023-07-24,-0.0201642613135752,2023,2023-06-30,learned_market,20260910,0.679995177307338,0.679995177307338,1,0
annual_state_offset_half,3031,2023-07-21,2023-07-31,0.0566710925894278,2023,2023-06-30,learned_market,20260910,0.6186121523967777,0.6186121523967777,1,1
annual_state_offset_half,3036,2023-07-28,2023-08-07,-0.0039612927947766,2023,2023-06-30,learned_market,20260910,0.42158215003977023,0.42158215003977023,0,0
annual_state_offset_half,3041,2023-08-04,2023-08-14,-0.0404899362223548,2023,2023-06-30,learned_market,20260910,0.37151702806588205,0.37151702806588205,0,0
annual_state_offset_half,3046,2023-08-11,2023-08-21,-0.0176157088591445,2023,2023-06-30,learned_market,20260910,0.2675644266534469,0.2675644266534469,0,0
annual_state_offset_half,3051,2023-08-18,2023-08-28,0.0366582477081969,2023,2023-06-30,learned_market,20260910,0.6094913814194294,0.6094913814194294,1,1
annual_state_offset_half,3056,2023-08-25,2023-09-04,-0.025197172476384,2023,2023-06-30,learned_market,20260910,0.2924295386105086,0.2924295386105086,0,0
annual_state_offset_half,3061,2023-09-01,2023-09-11,-0.0189903461587886,2023,2023-06-30,learned_market,20260910,0.6035939029452632,0.6035939029452632,1,0
annual_state_offset_half,3066,2023-09-08,2023-09-18,-0.0111346368744954,2023,2023-06-30,learned_market,20260910,0.6046933786678825,0.6046933786678825,1,0
annual_state_offset_half,3071,2023-09-15,2023-09-25,0.0105787349314532,2023,2023-06-30,learned_market,20260910,0.6861510169993011,0.6861510169993011,1,1
annual_state_offset_half,3076,2023-09-22,2023-10-16,-0.0198017153282719,2023,2023-06-30,learned_market,20260910,0.3243705115985893,0.3243705115985893,0,0
annual_state_offset,3021,2023-07-07,2023-07-17,0.0104280552692135,2023,2023-06-30,learned_vol_interaction,20260910,0.4067795764060487,0.4067795764060487,0,1
annual_state_offset,3026,2023-07-14,2023-07-24,-0.0201642613135752,2023,2023-06-30,learned_vol_interaction,20260910,0.6996765685336247,0.6996765685336247,1,0
annual_state_offset,3031,2023-07-21,2023-07-31,0.0566710925894278,2023,2023-06-30,learned_vol_interaction,20260910,0.6419236120392791,0.6419236120392791,1,1
annual_state_offset,3036,2023-07-28,2023-08-07,-0.0039612927947766,2023,2023-06-30,learned_vol_interaction,20260910,0.41619349750379964,0.41619349750379964,0,0
annual_state_offset,3041,2023-08-04,2023-08-14,-0.0404899362223548,2023,2023-06-30,learned_vol_interaction,20260910,0.386097470457256,0.386097470457256,0,0
annual_state_offset,3046,2023-08-11,2023-08-21,-0.0176157088591445,2023,2023-06-30,learned_vol_interaction,20260910,0.2567488318877516,0.2567488318877516,0,0
annual_state_offset,3051,2023-08-18,2023-08-28,0.0366582477081969,2023,2023-06-30,learned_vol_interaction,20260910,0.6149345833754644,0.6149345833754644,1,1
annual_state_offset,3056,2023-08-25,2023-09-04,-0.025197172476384,2023,2023-06-30,learned_vol_interaction,20260910,0.283053269602511,0.283053269602511,0,0
annual_state_offset,3061,2023-09-01,2023-09-11,-0.0189903461587886,2023,2023-06-30,learned_vol_interaction,20260910,0.647996830290607,0.647996830290607,1,0
annual_state_offset,3066,2023-09-08,2023-09-18,-0.0111346368744954,2023,2023-06-30,learned_vol_interaction,20260910,0.6170646844250174,0.6170646844250174,1,0
annual_state_offset,3071,2023-09-15,2023-09-25,0.0105787349314532,2023,2023-06-30,learned_vol_interaction,20260910,0.6991837311181522,0.6991837311181522,1,1
annual_state_offset,3076,2023-09-22,2023-10-16,-0.0198017153282719,2023,2023-06-30,learned_vol_interaction,20260910,0.30956718105277914,0.30956718105277914,0,0
annual_shared_offset,3021,2023-07-07,2023-07-17,0.0104280552692135,2023,2023-06-30,learned_vol_interaction,20260910,0.44016251029363546,0.44016251029363546,0,1
annual_shared_offset,3026,2023-07-14,2023-07-24,-0.0201642613135752,2023,2023-06-30,learned_vol_interaction,20260910,0.727613942934097,0.727613942934097,1,0
annual_shared_offset,3031,2023-07-21,2023-07-31,0.0566710925894278,2023,2023-06-30,learned_vol_interaction,20260910,0.6727204161003147,0.6727204161003147,1,1
annual_shared_offset,3036,2023-07-28,2023-08-07,-0.0039612927947766,2023,2023-06-30,learned_vol_interaction,20260910,0.4497632594338765,0.4497632594338765,0,0
annual_shared_offset,3041,2023-08-04,2023-08-14,-0.0404899362223548,2023,2023-06-30,learned_vol_interaction,20260910,0.35874104669521306,0.35874104669521306,0,0
annual_shared_offset,3046,2023-08-11,2023-08-21,-0.0176157088591445,2023,2023-06-30,learned_vol_interaction,20260910,0.2837077292997082,0.2837077292997082,0,0
annual_shared_offset,3051,2023-08-18,2023-08-28,0.0366582477081969,2023,2023-06-30,learned_vol_interaction,20260910,0.6149345833754644,0.6149345833754644,1,1
annual_shared_offset,3056,2023-08-25,2023-09-04,-0.025197172476384,2023,2023-06-30,learned_vol_interaction,20260910,0.31161616466768927,0.31161616466768927,0,0
annual_shared_offset,3061,2023-09-01,2023-09-11,-0.0189903461587886,2023,2023-06-30,learned_vol_interaction,20260910,0.6208504215902347,0.6208504215902347,1,0
annual_shared_offset,3066,2023-09-08,2023-09-18,-0.0111346368744954,2023,2023-06-30,learned_vol_interaction,20260910,0.6488298866431561,0.6488298866431561,1,0
annual_shared_offset,3071,2023-09-15,2023-09-25,0.0105787349314532,2023,2023-06-30,learned_vol_interaction,20260910,0.7271490729907278,0.7271490729907278,1,1
annual_shared_offset,3076,2023-09-22,2023-10-16,-0.0198017153282719,2023,2023-06-30,learned_vol_interaction,20260910,0.3395384966003273,0.3395384966003273,0,0
annual_state_offset_half,3021,2023-07-07,2023-07-17,0.0104280552692135,2023,2023-06-30,learned_vol_interaction,20260910,0.405959000469432,0.405959000469432,0,1
annual_state_offset_half,3026,2023-07-14,2023-07-24,-0.0201642613135752,2023,2023-06-30,learned_vol_interaction,20260910,0.6989613103058223,0.6989613103058223,1,0
annual_state_offset_half,3031,2023-07-21,2023-07-31,0.0566710925894278,2023,2023-06-30,learned_vol_interaction,20260910,0.6411413540955567,0.6411413540955567,1,1
annual_state_offset_half,3036,2023-07-28,2023-08-07,-0.0039612927947766,2023,2023-06-30,learned_vol_interaction,20260910,0.41536722811379756,0.41536722811379756,0,0
annual_state_offset_half,3041,2023-08-04,2023-08-14,-0.0404899362223548,2023,2023-06-30,learned_vol_interaction,20260910,0.3556976481705645,0.3556976481705645,0,0
annual_state_offset_half,3046,2023-08-11,2023-08-21,-0.0176157088591445,2023,2023-06-30,learned_vol_interaction,20260910,0.25610024807186993,0.25610024807186993,0,0
annual_state_offset_half,3051,2023-08-18,2023-08-28,0.0366582477081969,2023,2023-06-30,learned_vol_interaction,20260910,0.6149345833754644,0.6149345833754644,1,1
annual_state_offset_half,3056,2023-08-25,2023-09-04,-0.025197172476384,2023,2023-06-30,learned_vol_interaction,20260910,0.2823634811433066,0.2823634811433066,0,0
annual_state_offset_half,3061,2023-09-01,2023-09-11,-0.0189903461587886,2023,2023-06-30,learned_vol_interaction,20260910,0.6177254185801679,0.6177254185801679,1,0
annual_state_offset_half,3066,2023-09-08,2023-09-18,-0.0111346368744954,2023,2023-06-30,learned_vol_interaction,20260910,0.6162605839487392,0.6162605839487392,1,0
annual_state_offset_half,3071,2023-09-15,2023-09-25,0.0105787349314532,2023,2023-06-30,learned_vol_interaction,20260910,0.6984678049763158,0.6984678049763158,1,1
annual_state_offset_half,3076,2023-09-22,2023-10-16,-0.0198017153282719,2023,2023-06-30,learned_vol_interaction,20260910,0.30884061292885445,0.30884061292885445,0,0
annual_state_offset,3021,2023-07-07,2023-07-17,0.0104280552692135,2023,2023-06-30,learned_order_extension,20260910,0.4197422688723031,0.4197422688723031,0,1
annual_state_offset,3026,2023-07-14,2023-07-24,-0.0201642613135752,2023,2023-06-30,learned_order_extension,20260910,0.6191782284529799,0.6191782284529799,1,0
annual_state_offset,3031,2023-07-21,2023-07-31,0.0566710925894278,2023,2023-06-30,learned_order_extension,20260910,0.5857179982449077,0.5857179982449077,1,1
annual_state_offset,3036,2023-07-28,2023-08-07,-0.0039612927947766,2023,2023-06-30,learned_order_extension,20260910,0.40822984271982,0.40822984271982,0,0
annual_state_offset,3041,2023-08-04,2023-08-14,-0.0404899362223548,2023,2023-06-30,learned_order_extension,20260910,0.4120383496843488,0.4120383496843488,0,0
annual_state_offset,3046,2023-08-11,2023-08-21,-0.0176157088591445,2023,2023-06-30,learned_order_extension,20260910,0.27635608601351497,0.27635608601351497,0,0
annual_state_offset,3051,2023-08-18,2023-08-28,0.0366582477081969,2023,2023-06-30,learned_order_extension,20260910,0.5809843846986696,0.5809843846986696,1,1
annual_state_offset,3056,2023-08-25,2023-09-04,-0.025197172476384,2023,2023-06-30,learned_order_extension,20260910,0.3064674427032196,0.3064674427032196,0,0
annual_state_offset,3061,2023-09-01,2023-09-11,-0.0189903461587886,2023,2023-06-30,learned_order_extension,20260910,0.6306674282492759,0.6306674282492759,1,0
annual_state_offset,3066,2023-09-08,2023-09-18,-0.0111346368744954,2023,2023-06-30,learned_order_extension,20260910,0.5931933700230617,0.5931933700230617,1,0
annual_state_offset,3071,2023-09-15,2023-09-25,0.0105787349314532,2023,2023-06-30,learned_order_extension,20260910,0.6846560389090086,0.6846560389090086,1,1
annual_state_offset,3076,2023-09-22,2023-10-16,-0.0198017153282719,2023,2023-06-30,learned_order_extension,20260910,0.3301043537698156,0.3301043537698156,0,0
annual_shared_offset,3021,2023-07-07,2023-07-17,0.0104280552692135,2023,2023-06-30,learned_order_extension,20260910,0.4578377989751234,0.4578377989751234,0,1
annual_shared_offset,3026,2023-07-14,2023-07-24,-0.0201642613135752,2023,2023-06-30,learned_order_extension,20260910,0.6549439807751098,0.6549439807751098,1,0
annual_shared_offset,3031,2023-07-21,2023-07-31,0.0566710925894278,2023,2023-06-30,learned_order_extension,20260910,0.6227114048951738,0.6227114048951738,1,1
annual_shared_offset,3036,2023-07-28,2023-08-07,-0.0039612927947766,2023,2023-06-30,learned_order_extension,20260910,0.44608376806340827,0.44608376806340827,0,0
annual_shared_offset,3041,2023-08-04,2023-08-14,-0.0404899362223548,2023,2023-06-30,learned_order_extension,20260910,0.3803394281059854,0.3803394281059854,0,0
annual_shared_offset,3046,2023-08-11,2023-08-21,-0.0176157088591445,2023,2023-06-30,learned_order_extension,20260910,0.308353529310354,0.308353529310354,0,0
annual_shared_offset,3051,2023-08-18,2023-08-28,0.0366582477081969,2023,2023-06-30,learned_order_extension,20260910,0.5809843846986696,0.5809843846986696,1,1
annual_shared_offset,3056,2023-08-25,2023-09-04,-0.025197172476384,2023,2023-06-30,learned_order_extension,20260910,0.3403117161401096,0.3403117161401096,0,0
annual_shared_offset,3061,2023-09-01,2023-09-11,-0.0189903461587886,2023,2023-06-30,learned_order_extension,20260910,0.5992926476272173,0.5992926476272173,1,0
annual_shared_offset,3066,2023-09-08,2023-09-18,-0.0111346368744954,2023,2023-06-30,learned_order_extension,20260910,0.6299410003337664,0.6299410003337664,1,0
annual_shared_offset,3071,2023-09-15,2023-09-25,0.0105787349314532,2023,2023-06-30,learned_order_extension,20260910,0.7170821503801098,0.7170821503801098,1,1
annual_shared_offset,3076,2023-09-22,2023-10-16,-0.0198017153282719,2023,2023-06-30,learned_order_extension,20260910,0.36518445860309146,0.36518445860309146,0,0
annual_state_offset_half,3021,2023-07-07,2023-07-17,0.0104280552692135,2023,2023-06-30,learned_order_extension,20260910,0.42249820256992493,0.42249820256992493,0,1
annual_state_offset_half,3026,2023-07-14,2023-07-24,-0.0201642613135752,2023,2023-06-30,learned_order_extension,20260910,0.6218403238453933,0.6218403238453933,1,0
annual_state_offset_half,3031,2023-07-21,2023-07-31,0.0566710925894278,2023,2023-06-30,learned_order_extension,20260910,0.5884585303408104,0.5884585303408104,1,1
annual_state_offset_half,3036,2023-07-28,2023-08-07,-0.0039612927947766,2023,2023-06-30,learned_order_extension,20260910,0.4109637231183158,0.4109637231183158,0,0
annual_state_offset_half,3041,2023-08-04,2023-08-14,-0.0404899362223548,2023,2023-06-30,learned_order_extension,20260910,0.3803855633203994,0.3803855633203994,0,0
annual_state_offset_half,3046,2023-08-11,2023-08-21,-0.0176157088591445,2023,2023-06-30,learned_order_extension,20260910,0.2786226305966174,0.2786226305966174,0,0
annual_state_offset_half,3051,2023-08-18,2023-08-28,0.0366582477081969,2023,2023-06-30,learned_order_extension,20260910,0.5809843846986696,0.5809843846986696,1,1
annual_state_offset_half,3056,2023-08-25,2023-09-04,-0.025197172476384,2023,2023-06-30,learned_order_extension,20260910,0.30887553611519714,0.30887553611519714,0,0
annual_state_offset_half,3061,2023-09-01,2023-09-11,-0.0189903461587886,2023,2023-06-30,learned_order_extension,20260910,0.5993396538092148,0.5993396538092148,1,0
annual_state_offset_half,3066,2023-09-08,2023-09-18,-0.0111346368744954,2023,2023-06-30,learned_order_extension,20260910,0.5959185670287693,0.5959185670287693,1,0
annual_state_offset_half,3071,2023-09-15,2023-09-25,0.0105787349314532,2023,2023-06-30,learned_order_extension,20260910,0.6870917299782272,0.6870917299782272,1,1
annual_state_offset_half,3076,2023-09-22,2023-10-16,-0.0198017153282719,2023,2023-06-30,learned_order_extension,20260910,0.3326091029903268,0.3326091029903268,0,0
annual_state_offset,3021,2023-07-07,2023-07-17,0.0104280552692135,2023,2023-06-30,learned_order_offset,20260910,0.4198584322076566,0.4198584322076566,0,1
annual_state_offset,3026,2023-07-14,2023-07-24,-0.0201642613135752,2023,2023-06-30,learned_order_offset,20260910,0.6183619684829326,0.6183619684829326,1,0
annual_state_offset,3031,2023-07-21,2023-07-31,0.0566710925894278,2023,2023-06-30,learned_order_offset,20260910,0.5852084211585625,0.5852084211585625,1,1
annual_state_offset,3036,2023-07-28,2023-08-07,-0.0039612927947766,2023,2023-06-30,learned_order_offset,20260910,0.4081142846494296,0.4081142846494296,0,0
annual_state_offset,3041,2023-08-04,2023-08-14,-0.0404899362223548,2023,2023-06-30,learned_order_offset,20260910,0.41246145202664286,0.41246145202664286,0,0
annual_state_offset,3046,2023-08-11,2023-08-21,-0.0176157088591445,2023,2023-06-30,learned_order_offset,20260910,0.2774552341358306,0.2774552341358306,0,0
annual_state_offset,3051,2023-08-18,2023-08-28,0.0366582477081969,2023,2023-06-30,learned_order_offset,20260910,0.5800249132918106,0.5800249132918106,1,1
annual_state_offset,3056,2023-08-25,2023-09-04,-0.025197172476384,2023,2023-06-30,learned_order_offset,20260910,0.3066164562684615,0.3066164562684615,0,0
annual_state_offset,3061,2023-09-01,2023-09-11,-0.0189903461587886,2023,2023-06-30,learned_order_offset,20260910,0.6300429324359356,0.6300429324359356,1,0
annual_state_offset,3066,2023-09-08,2023-09-18,-0.0111346368744954,2023,2023-06-30,learned_order_offset,20260910,0.5934700608275378,0.5934700608275378,1,0
annual_state_offset,3071,2023-09-15,2023-09-25,0.0105787349314532,2023,2023-06-30,learned_order_offset,20260910,0.6839858750059755,0.6839858750059755,1,1
annual_state_offset,3076,2023-09-22,2023-10-16,-0.0198017153282719,2023,2023-06-30,learned_order_offset,20260910,0.33129029973466084,0.33129029973466084,0,0
annual_shared_offset,3021,2023-07-07,2023-07-17,0.0104280552692135,2023,2023-06-30,learned_order_offset,20260910,0.45816876892362346,0.45816876892362346,0,1
annual_shared_offset,3026,2023-07-14,2023-07-24,-0.0201642613135752,2023,2023-06-30,learned_order_offset,20260910,0.6543552761103728,0.6543552761103728,1,0
annual_shared_offset,3031,2023-07-21,2023-07-31,0.0566710925894278,2023,2023-06-30,learned_order_offset,20260910,0.6224192596204715,0.6224192596204715,1,1
annual_shared_offset,3036,2023-07-28,2023-08-07,-0.0039612927947766,2023,2023-06-30,learned_order_offset,20260910,0.4461771699166787,0.4461771699166787,0,0
annual_shared_offset,3041,2023-08-04,2023-08-14,-0.0404899362223548,2023,2023-06-30,learned_order_offset,20260910,0.38057719386311095,0.38057719386311095,0,0
annual_shared_offset,3046,2023-08-11,2023-08-21,-0.0176157088591445,2023,2023-06-30,learned_order_offset,20260910,0.30970855722480045,0.30970855722480045,0,0
annual_shared_offset,3051,2023-08-18,2023-08-28,0.0366582477081969,2023,2023-06-30,learned_order_offset,20260910,0.5800249132918106,0.5800249132918106,1,1
annual_shared_offset,3056,2023-08-25,2023-09-04,-0.025197172476384,2023,2023-06-30,learned_order_offset,20260910,0.3406614295262542,0.3406614295262542,0,0
annual_shared_offset,3061,2023-09-01,2023-09-11,-0.0189903461587886,2023,2023-06-30,learned_order_offset,20260910,0.5984716583504501,0.5984716583504501,1,0
annual_shared_offset,3066,2023-09-08,2023-09-18,-0.0111346368744954,2023,2023-06-30,learned_order_offset,20260910,0.6304078275897197,0.6304078275897197,1,0
annual_shared_offset,3071,2023-09-15,2023-09-25,0.0105787349314532,2023,2023-06-30,learned_order_offset,20260910,0.7166262949039375,0.7166262949039375,1,1
annual_shared_offset,3076,2023-09-22,2023-10-16,-0.0198017153282719,2023,2023-06-30,learned_order_offset,20260910,0.366626331709391,0.366626331709391,0,0
annual_state_offset_half,3021,2023-07-07,2023-07-17,0.0104280552692135,2023,2023-06-30,learned_order_offset,20260910,0.42273085783259745,0.42273085783259745,0,1
annual_state_offset_half,3026,2023-07-14,2023-07-24,-0.0201642613135752,2023,2023-06-30,learned_order_offset,20260910,0.621138425157845,0.621138425157845,1,0
annual_state_offset_half,3031,2023-07-21,2023-07-31,0.0566710925894278,2023,2023-06-30,learned_order_offset,20260910,0.5880653959771804,0.5880653959771804,1,1
annual_state_offset_half,3036,2023-07-28,2023-08-07,-0.0039612927947766,2023,2023-06-30,learned_order_offset,20260910,0.41096327996337967,0.41096327996337967,0,0
annual_state_offset_half,3041,2023-08-04,2023-08-14,-0.0404899362223548,2023,2023-06-30,learned_order_offset,20260910,0.3807216738831358,0.3807216738831358,0,0
annual_state_offset_half,3046,2023-08-11,2023-08-21,-0.0176157088591445,2023,2023-06-30,learned_order_offset,20260910,0.27982333141771487,0.27982333141771487,0,0
annual_state_offset_half,3051,2023-08-18,2023-08-28,0.0366582477081969,2023,2023-06-30,learned_order_offset,20260910,0.5800249132918106,0.5800249132918106,1,1
annual_state_offset_half,3056,2023-08-25,2023-09-04,-0.025197172476384,2023,2023-06-30,learned_order_offset,20260910,0.3091269623265225,0.3091269623265225,0,0
annual_state_offset_half,3061,2023-09-01,2023-09-11,-0.0189903461587886,2023,2023-06-30,learned_order_offset,20260910,0.5986189166029189,0.5986189166029189,1,0
annual_state_offset_half,3066,2023-09-08,2023-09-18,-0.0111346368744954,2023,2023-06-30,learned_order_offset,20260910,0.5963093853742961,0.5963093853742961,1,0
annual_state_offset_half,3071,2023-09-15,2023-09-25,0.0105787349314532,2023,2023-06-30,learned_order_offset,20260910,0.6865269350833323,0.6865269350833323,1,1
annual_state_offset_half,3076,2023-09-22,2023-10-16,-0.0198017153282719,2023,2023-06-30,learned_order_offset,20260910,0.3339055431004712,0.3339055431004712,0,0
annual_state_offset,3021,2023-07-07,2023-07-17,0.0104280552692135,2023,2023-06-30,learned_market,20260911,0.4219077878866087,0.4219077878866087,0,1
annual_state_offset,3026,2023-07-14,2023-07-24,-0.0201642613135752,2023,2023-06-30,learned_market,20260911,0.3986579542800391,0.3986579542800391,0,0
annual_state_offset,3031,2023-07-21,2023-07-31,0.0566710925894278,2023,2023-06-30,learned_market,20260911,0.38551365611822974,0.38551365611822974,0,1
annual_state_offset,3036,2023-07-28,2023-08-07,-0.0039612927947766,2023,2023-06-30,learned_market,20260911,0.41439249995168126,0.41439249995168126,0,0
annual_state_offset,3041,2023-08-04,2023-08-14,-0.0404899362223548,2023,2023-06-30,learned_market,20260911,0.4554254325160936,0.4554254325160936,0,0
annual_state_offset,3046,2023-08-11,2023-08-21,-0.0176157088591445,2023,2023-06-30,learned_market,20260911,0.6722751513539204,0.6722751513539204,1,0
annual_state_offset,3051,2023-08-18,2023-08-28,0.0366582477081969,2023,2023-06-30,learned_market,20260911,0.47430326900984304,0.47430326900984304,0,1
annual_state_offset,3056,2023-08-25,2023-09-04,-0.025197172476384,2023,2023-06-30,learned_market,20260911,0.5154936564769345,0.5154936564769345,1,0
annual_state_offset,3061,2023-09-01,2023-09-11,-0.0189903461587886,2023,2023-06-30,learned_market,20260911,0.44144459354591126,0.44144459354591126,0,0
annual_state_offset,3066,2023-09-08,2023-09-18,-0.0111346368744954,2023,2023-06-30,learned_market,20260911,0.5696041147536368,0.5696041147536368,1,0
annual_state_offset,3071,2023-09-15,2023-09-25,0.0105787349314532,2023,2023-06-30,learned_market,20260911,0.7370008326140153,0.7370008326140153,1,1
annual_state_offset,3076,2023-09-22,2023-10-16,-0.0198017153282719,2023,2023-06-30,learned_market,20260911,0.5733911249385999,0.5733911249385999,1,0
annual_shared_offset,3021,2023-07-07,2023-07-17,0.0104280552692135,2023,2023-06-30,learned_market,20260911,0.4526471304249371,0.4526471304249371,0,1
annual_shared_offset,3026,2023-07-14,2023-07-24,-0.0201642613135752,2023,2023-06-30,learned_market,20260911,0.4289603079986179,0.4289603079986179,0,0
annual_shared_offset,3031,2023-07-21,2023-07-31,0.0566710925894278,2023,2023-06-30,learned_market,20260911,0.4155072514294473,0.4155072514294473,0,1
annual_shared_offset,3036,2023-07-28,2023-08-07,-0.0039612927947766,2023,2023-06-30,learned_market,20260911,0.44500578771681715,0.44500578771681715,0,0
annual_shared_offset,3041,2023-08-04,2023-08-14,-0.0404899362223548,2023,2023-06-30,learned_market,20260911,0.42943956761703067,0.42943956761703067,0,0
annual_shared_offset,3046,2023-08-11,2023-08-21,-0.0176157088591445,2023,2023-06-30,learned_market,20260911,0.6991932437105933,0.6991932437105933,1,0
annual_shared_offset,3051,2023-08-18,2023-08-28,0.0366582477081969,2023,2023-06-30,learned_market,20260911,0.47430326900984304,0.47430326900984304,0,1
annual_shared_offset,3056,2023-08-25,2023-09-04,-0.025197172476384,2023,2023-06-30,learned_market,20260911,0.5466043912298867,0.5466043912298867,1,0
annual_shared_offset,3061,2023-09-01,2023-09-11,-0.0189903461587886,2023,2023-06-30,learned_market,20260911,0.4156475884712822,0.4156475884712822,0,0
annual_shared_offset,3066,2023-09-08,2023-09-18,-0.0111346368744954,2023,2023-06-30,learned_market,20260911,0.5999368322643314,0.5999368322643314,1,0
annual_shared_offset,3071,2023-09-15,2023-09-25,0.0105787349314532,2023,2023-06-30,learned_market,20260911,0.7604965832898787,0.7604965832898787,1,1
annual_shared_offset,3076,2023-09-22,2023-10-16,-0.0198017153282719,2023,2023-06-30,learned_market,20260911,0.6036426656847563,0.6036426656847563,1,0
annual_state_offset_half,3021,2023-07-07,2023-07-17,0.0104280552692135,2023,2023-06-30,learned_market,20260911,0.4270113325240499,0.4270113325240499,0,1
annual_state_offset_half,3026,2023-07-14,2023-07-24,-0.0201642613135752,2023,2023-06-30,learned_market,20260911,0.4036766468661975,0.4036766468661975,0,0
annual_state_offset_half,3031,2023-07-21,2023-07-31,0.0566710925894278,2023,2023-06-30,learned_market,20260911,0.3904743235775541,0.3904743235775541,0,1
annual_state_offset_half,3036,2023-07-28,2023-08-07,-0.0039612927947766,2023,2023-06-30,learned_market,20260911,0.41947110071708826,0.41947110071708826,0,0
annual_state_offset_half,3041,2023-08-04,2023-08-14,-0.0404899362223548,2023,2023-06-30,learned_market,20260911,0.43215918127459574,0.43215918127459574,0,0
annual_state_offset_half,3046,2023-08-11,2023-08-21,-0.0176157088591445,2023,2023-06-30,learned_market,20260911,0.6768612609405632,0.6768612609405632,1,0
annual_state_offset_half,3051,2023-08-18,2023-08-28,0.0366582477081969,2023,2023-06-30,learned_market,20260911,0.47430326900984304,0.47430326900984304,0,1
annual_state_offset_half,3056,2023-08-25,2023-09-04,-0.025197172476384,2023,2023-06-30,learned_market,20260911,0.5207095705163082,0.5207095705163082,1,0
annual_state_offset_half,3061,2023-09-01,2023-09-11,-0.0189903461587886,2023,2023-06-30,learned_market,20260911,0.4183439001973408,0.4183439001973408,0,0
annual_state_offset_half,3066,2023-09-08,2023-09-18,-0.0111346368744954,2023,2023-06-30,learned_market,20260911,0.57471808708136,0.57471808708136,1,0
annual_state_offset_half,3071,2023-09-15,2023-09-25,0.0105787349314532,2023,2023-06-30,learned_market,20260911,0.7410300956338312,0.7410300956338312,1,1
annual_state_offset_half,3076,2023-09-22,2023-10-16,-0.0198017153282719,2023,2023-06-30,learned_market,20260911,0.5784933979257743,0.5784933979257743,1,0
annual_state_offset,3021,2023-07-07,2023-07-17,0.0104280552692135,2023,2023-06-30,learned_vol_interaction,20260911,0.43816643338663064,0.43816643338663064,0,1
annual_state_offset,3026,2023-07-14,2023-07-24,-0.0201642613135752,2023,2023-06-30,learned_vol_interaction,20260911,0.4050196868093081,0.4050196868093081,0,0
annual_state_offset,3031,2023-07-21,2023-07-31,0.0566710925894278,2023,2023-06-30,learned_vol_interaction,20260911,0.4046055493205247,0.4046055493205247,0,1
annual_state_offset,3036,2023-07-28,2023-08-07,-0.0039612927947766,2023,2023-06-30,learned_vol_interaction,20260911,0.42027169711533424,0.42027169711533424,0,0
annual_state_offset,3041,2023-08-04,2023-08-14,-0.0404899362223548,2023,2023-06-30,learned_vol_interaction,20260911,0.47788404385491506,0.47788404385491506,0,0
annual_state_offset,3046,2023-08-11,2023-08-21,-0.0176157088591445,2023,2023-06-30,learned_vol_interaction,20260911,0.6339820817229698,0.6339820817229698,1,0
annual_state_offset,3051,2023-08-18,2023-08-28,0.0366582477081969,2023,2023-06-30,learned_vol_interaction,20260911,0.4685532098964361,0.4685532098964361,0,1
annual_state_offset,3056,2023-08-25,2023-09-04,-0.025197172476384,2023,2023-06-30,learned_vol_interaction,20260911,0.5101485418370953,0.5101485418370953,1,0
annual_state_offset,3061,2023-09-01,2023-09-11,-0.0189903461587886,2023,2023-06-30,learned_vol_interaction,20260911,0.46855668928786515,0.46855668928786515,0,0
annual_state_offset,3066,2023-09-08,2023-09-18,-0.0111346368744954,2023,2023-06-30,learned_vol_interaction,20260911,0.556241800459035,0.556241800459035,1,0
annual_state_offset,3071,2023-09-15,2023-09-25,0.0105787349314532,2023,2023-06-30,learned_vol_interaction,20260911,0.7120619824312884,0.7120619824312884,1,1
annual_state_offset,3076,2023-09-22,2023-10-16,-0.0198017153282719,2023,2023-06-30,learned_vol_interaction,20260911,0.5587808722440308,0.5587808722440308,1,0
annual_shared_offset,3021,2023-07-07,2023-07-17,0.0104280552692135,2023,2023-06-30,learned_vol_interaction,20260911,0.47320474467182766,0.47320474467182766,0,1
annual_shared_offset,3026,2023-07-14,2023-07-24,-0.0201642613135752,2023,2023-06-30,learned_vol_interaction,20260911,0.4394807650223633,0.4394807650223633,0,0
annual_shared_offset,3031,2023-07-21,2023-07-31,0.0566710925894278,2023,2023-06-30,learned_vol_interaction,20260911,0.4390573932196029,0.4390573932196029,0,1
annual_shared_offset,3036,2023-07-28,2023-08-07,-0.0039612927947766,2023,2023-06-30,learned_vol_interaction,20260911,0.4550380046531924,0.4550380046531924,0,0
annual_shared_offset,3041,2023-08-04,2023-08-14,-0.0404899362223548,2023,2023-06-30,learned_vol_interaction,20260911,0.4484872366988485,0.4484872366988485,0,0
annual_shared_offset,3046,2023-08-11,2023-08-21,-0.0176157088591445,2023,2023-06-30,learned_vol_interaction,20260911,0.6661140503804518,0.6661140503804518,1,0
annual_shared_offset,3051,2023-08-18,2023-08-28,0.0366582477081969,2023,2023-06-30,learned_vol_interaction,20260911,0.4685532098964361,0.4685532098964361,0,1
annual_shared_offset,3056,2023-08-25,2023-09-04,-0.025197172476384,2023,2023-06-30,learned_vol_interaction,20260911,0.5453556726369546,0.5453556726369546,1,0
annual_shared_offset,3061,2023-09-01,2023-09-11,-0.0189903461587886,2023,2023-06-30,learned_vol_interaction,20260911,0.43925094479513044,0.43925094479513044,0,0
annual_shared_offset,3066,2023-09-08,2023-09-18,-0.0111346368744954,2023,2023-06-30,learned_vol_interaction,20260911,0.5907934221342013,0.5907934221342013,1,0
annual_shared_offset,3071,2023-09-15,2023-09-25,0.0105787349314532,2023,2023-06-30,learned_vol_interaction,20260911,0.7401489283870306,0.7401489283870306,1,1
annual_shared_offset,3076,2023-09-22,2023-10-16,-0.0198017153282719,2023,2023-06-30,learned_vol_interaction,20260911,0.5932793521463736,0.5932793521463736,1,0
annual_state_offset_half,3021,2023-07-07,2023-07-17,0.0104280552692135,2023,2023-06-30,learned_vol_interaction,20260911,0.4458682613099105,0.4458682613099105,0,1
annual_state_offset_half,3026,2023-07-14,2023-07-24,-0.0201642613135752,2023,2023-06-30,learned_vol_interaction,20260911,0.4125667217440132,0.4125667217440132,0,0
annual_state_offset_half,3031,2023-07-21,2023-07-31,0.0566710925894278,2023,2023-06-30,learned_vol_interaction,20260911,0.4121502129368145,0.4121502129368145,0,1
annual_state_offset_half,3036,2023-07-28,2023-08-07,-0.0039612927947766,2023,2023-06-30,learned_vol_interaction,20260911,0.4278985414035643,0.4278985414035643,0,0
annual_state_offset_half,3041,2023-08-04,2023-08-14,-0.0404899362223548,2023,2023-06-30,learned_vol_interaction,20260911,0.4533642538848363,0.4533642538848363,0,0
annual_state_offset_half,3046,2023-08-11,2023-08-21,-0.0176157088591445,2023,2023-06-30,learned_vol_interaction,20260911,0.6411977054226329,0.6411977054226329,1,0
annual_state_offset_half,3051,2023-08-18,2023-08-28,0.0366582477081969,2023,2023-06-30,learned_vol_interaction,20260911,0.4685532098964361,0.4685532098964361,0,1
annual_state_offset_half,3056,2023-08-25,2023-09-04,-0.025197172476384,2023,2023-06-30,learned_vol_interaction,20260911,0.5179491980868663,0.5179491980868663,1,0
annual_state_offset_half,3061,2023-09-01,2023-09-11,-0.0189903461587886,2023,2023-06-30,learned_vol_interaction,20260911,0.44410840201054647,0.44410840201054647,0,0
annual_state_offset_half,3066,2023-09-08,2023-09-18,-0.0111346368744954,2023,2023-06-30,learned_vol_interaction,20260911,0.5639358623331653,0.5639358623331653,1,0
annual_state_offset_half,3071,2023-09-15,2023-09-25,0.0105787349314532,2023,2023-06-30,learned_vol_interaction,20260911,0.7184219983479551,0.7184219983479551,1,1
annual_state_offset_half,3076,2023-09-22,2023-10-16,-0.0198017153282719,2023,2023-06-30,learned_vol_interaction,20260911,0.5664652225343871,0.5664652225343871,1,0
annual_state_offset,3021,2023-07-07,2023-07-17,0.0104280552692135,2023,2023-06-30,learned_order_extension,20260911,0.43967329796935184,0.43967329796935184,0,1
annual_state_offset,3026,2023-07-14,2023-07-24,-0.0201642613135752,2023,2023-06-30,learned_order_extension,20260911,0.4051000665580518,0.4051000665580518,0,0
annual_state_offset,3031,2023-07-21,2023-07-31,0.0566710925894278,2023,2023-06-30,learned_order_extension,20260911,0.40611602565145577,0.40611602565145577,0,1
annual_state_offset,3036,2023-07-28,2023-08-07,-0.0039612927947766,2023,2023-06-30,learned_order_extension,20260911,0.4201195148019726,0.4201195148019726,0,0
annual_state_offset,3041,2023-08-04,2023-08-14,-0.0404899362223548,2023,2023-06-30,learned_order_extension,20260911,0.4788063180748776,0.4788063180748776,0,0
annual_state_offset,3046,2023-08-11,2023-08-21,-0.0176157088591445,2023,2023-06-30,learned_order_extension,20260911,0.6309823879293649,0.6309823879293649,1,0
annual_state_offset,3051,2023-08-18,2023-08-28,0.0366582477081969,2023,2023-06-30,learned_order_extension,20260911,0.4693034993568277,0.4693034993568277,0,1
annual_state_offset,3056,2023-08-25,2023-09-04,-0.025197172476384,2023,2023-06-30,learned_order_extension,20260911,0.5084291876668888,0.5084291876668888,1,0
annual_state_offset,3061,2023-09-01,2023-09-11,-0.0189903461587886,2023,2023-06-30,learned_order_extension,20260911,0.4702335484801215,0.4702335484801215,0,0
annual_state_offset,3066,2023-09-08,2023-09-18,-0.0111346368744954,2023,2023-06-30,learned_order_extension,20260911,0.5548566147697241,0.5548566147697241,1,0
annual_state_offset,3071,2023-09-15,2023-09-25,0.0105787349314532,2023,2023-06-30,learned_order_extension,20260911,0.7117045980120078,0.7117045980120078,1,1
annual_state_offset,3076,2023-09-22,2023-10-16,-0.0198017153282719,2023,2023-06-30,learned_order_extension,20260911,0.5583676382483856,0.5583676382483856,1,0
annual_shared_offset,3021,2023-07-07,2023-07-17,0.0104280552692135,2023,2023-06-30,learned_order_extension,20260911,0.47485689557902516,0.47485689557902516,0,1
annual_shared_offset,3026,2023-07-14,2023-07-24,-0.0201642613135752,2023,2023-06-30,learned_order_extension,20260911,0.4396880082864738,0.4396880082864738,0,0
annual_shared_offset,3031,2023-07-21,2023-07-31,0.0566710925894278,2023,2023-06-30,learned_order_extension,20260911,0.44072644779863807,0.44072644779863807,0,1
annual_shared_offset,3036,2023-07-28,2023-08-07,-0.0039612927947766,2023,2023-06-30,learned_order_extension,20260911,0.45500900838545666,0.45500900838545666,0,0
annual_shared_offset,3041,2023-08-04,2023-08-14,-0.0404899362223548,2023,2023-06-30,learned_order_extension,20260911,0.449279947900341,0.449279947900341,0,0
annual_shared_offset,3046,2023-08-11,2023-08-21,-0.0176157088591445,2023,2023-06-30,learned_order_extension,20260911,0.6633512022928133,0.6633512022928133,1,0
annual_shared_offset,3051,2023-08-18,2023-08-28,0.0366582477081969,2023,2023-06-30,learned_order_extension,20260911,0.4693034993568277,0.4693034993568277,0,1
annual_shared_offset,3056,2023-08-25,2023-09-04,-0.025197172476384,2023,2023-06-30,learned_order_extension,20260911,0.5437753077138102,0.5437753077138102,1,0
annual_shared_offset,3061,2023-09-01,2023-09-11,-0.0189903461587886,2023,2023-06-30,learned_order_extension,20260911,0.4407887341279445,0.4407887341279445,0,0
annual_shared_offset,3066,2023-09-08,2023-09-18,-0.0111346368744954,2023,2023-06-30,learned_order_extension,20260911,0.5895593437137169,0.5895593437137169,1,0
annual_shared_offset,3071,2023-09-15,2023-09-25,0.0105787349314532,2023,2023-06-30,learned_order_extension,20260911,0.739911383922113,0.739911383922113,1,1
annual_shared_offset,3076,2023-09-22,2023-10-16,-0.0198017153282719,2023,2023-06-30,learned_order_extension,20260911,0.5929974298593753,0.5929974298593753,1,0
annual_state_offset_half,3021,2023-07-07,2023-07-17,0.0104280552692135,2023,2023-06-30,learned_order_extension,20260911,0.44751441205802667,0.44751441205802667,0,1
annual_state_offset_half,3026,2023-07-14,2023-07-24,-0.0201642613135752,2023,2023-06-30,learned_order_extension,20260911,0.4127788205452252,0.4127788205452252,0,0
annual_state_offset_half,3031,2023-07-21,2023-07-31,0.0566710925894278,2023,2023-06-30,learned_order_extension,20260911,0.4138006420662223,0.4138006420662223,0,1
annual_state_offset_half,3036,2023-07-28,2023-08-07,-0.0039612927947766,2023,2023-06-30,learned_order_extension,20260911,0.42787819909718827,0.42787819909718827,0,0
annual_state_offset_half,3041,2023-08-04,2023-08-14,-0.0404899362223548,2023,2023-06-30,learned_order_extension,20260911,0.45429075287720855,0.45429075287720855,0,0
annual_state_offset_half,3046,2023-08-11,2023-08-21,-0.0176157088591445,2023,2023-06-30,learned_order_extension,20260911,0.6383484320852043,0.6383484320852043,1,0
annual_state_offset_half,3051,2023-08-18,2023-08-28,0.0366582477081969,2023,2023-06-30,learned_order_extension,20260911,0.4693034993568277,0.4693034993568277,0,1
annual_state_offset_half,3056,2023-08-25,2023-09-04,-0.025197172476384,2023,2023-06-30,learned_order_extension,20260911,0.5163665019454987,0.5163665019454987,1,0
annual_state_offset_half,3061,2023-09-01,2023-09-11,-0.0189903461587886,2023,2023-06-30,learned_order_extension,20260911,0.44578149379084414,0.44578149379084414,0,0
annual_state_offset_half,3066,2023-09-08,2023-09-18,-0.0111346368744954,2023,2023-06-30,learned_order_extension,20260911,0.5626890683540118,0.5626890683540118,1,0
annual_state_offset_half,3071,2023-09-15,2023-09-25,0.0105787349314532,2023,2023-06-30,learned_order_extension,20260911,0.7181790027802737,0.7181790027802737,1,1
annual_state_offset_half,3076,2023-09-22,2023-10-16,-0.0198017153282719,2023,2023-06-30,learned_order_extension,20260911,0.5661866148902044,0.5661866148902044,1,0
annual_state_offset,3021,2023-07-07,2023-07-17,0.0104280552692135,2023,2023-06-30,learned_order_offset,20260911,0.4395966648952588,0.4395966648952588,0,1
annual_state_offset,3026,2023-07-14,2023-07-24,-0.0201642613135752,2023,2023-06-30,learned_order_offset,20260911,0.4050156951298377,0.4050156951298377,0,0
annual_state_offset,3031,2023-07-21,2023-07-31,0.0566710925894278,2023,2023-06-30,learned_order_offset,20260911,0.4060511098172827,0.4060511098172827,0,1
annual_state_offset,3036,2023-07-28,2023-08-07,-0.0039612927947766,2023,2023-06-30,learned_order_offset,20260911,0.4200386993450316,0.4200386993450316,0,0
annual_state_offset,3041,2023-08-04,2023-08-14,-0.0404899362223548,2023,2023-06-30,learned_order_offset,20260911,0.4787321931477542,0.4787321931477542,0,0
annual_state_offset,3046,2023-08-11,2023-08-21,-0.0176157088591445,2023,2023-06-30,learned_order_offset,20260911,0.6310101644207041,0.6310101644207041,1,0
annual_state_offset,3051,2023-08-18,2023-08-28,0.0366582477081969,2023,2023-06-30,learned_order_offset,20260911,0.4691814705322716,0.4691814705322716,0,1
annual_state_offset,3056,2023-08-25,2023-09-04,-0.025197172476384,2023,2023-06-30,learned_order_offset,20260911,0.508384964986251,0.508384964986251,1,0
annual_state_offset,3061,2023-09-01,2023-09-11,-0.0189903461587886,2023,2023-06-30,learned_order_offset,20260911,0.4702416203435513,0.4702416203435513,0,0
annual_state_offset,3066,2023-09-08,2023-09-18,-0.0111346368744954,2023,2023-06-30,learned_order_offset,20260911,0.5548704025981825,0.5548704025981825,1,0
annual_state_offset,3071,2023-09-15,2023-09-25,0.0105787349314532,2023,2023-06-30,learned_order_offset,20260911,0.7116967950036611,0.7116967950036611,1,1
annual_state_offset,3076,2023-09-22,2023-10-16,-0.0198017153282719,2023,2023-06-30,learned_order_offset,20260911,0.5583924062223461,0.5583924062223461,1,0
annual_shared_offset,3021,2023-07-07,2023-07-17,0.0104280552692135,2023,2023-06-30,learned_order_offset,20260911,0.4747643608882627,0.4747643608882627,0,1
annual_shared_offset,3026,2023-07-14,2023-07-24,-0.0201642613135752,2023,2023-06-30,learned_order_offset,20260911,0.43958697174736705,0.43958697174736705,0,0
annual_shared_offset,3031,2023-07-21,2023-07-31,0.0566710925894278,2023,2023-06-30,learned_order_offset,20260911,0.44064531242151445,0.44064531242151445,0,1
annual_shared_offset,3036,2023-07-28,2023-08-07,-0.0039612927947766,2023,2023-06-30,learned_order_offset,20260911,0.4549118651346723,0.4549118651346723,0,0
annual_shared_offset,3041,2023-08-04,2023-08-14,-0.0404899362223548,2023,2023-06-30,learned_order_offset,20260911,0.4492186947761593,0.4492186947761593,0,0
annual_shared_offset,3046,2023-08-11,2023-08-21,-0.0176157088591445,2023,2023-06-30,learned_order_offset,20260911,0.6633644403792734,0.6633644403792734,1,0
annual_shared_offset,3051,2023-08-18,2023-08-28,0.0366582477081969,2023,2023-06-30,learned_order_offset,20260911,0.4691814705322716,0.4691814705322716,0,1
annual_shared_offset,3056,2023-08-25,2023-09-04,-0.025197172476384,2023,2023-06-30,learned_order_offset,20260911,0.5437165224257631,0.5437165224257631,1,0
annual_shared_offset,3061,2023-09-01,2023-09-11,-0.0189903461587886,2023,2023-06-30,learned_order_offset,20260911,0.4408089158002319,0.4408089158002319,0,0
annual_shared_offset,3066,2023-09-08,2023-09-18,-0.0111346368744954,2023,2023-06-30,learned_order_offset,20260911,0.5895583296212026,0.5895583296212026,1,0
annual_shared_offset,3071,2023-09-15,2023-09-25,0.0105787349314532,2023,2023-06-30,learned_order_offset,20260911,0.739892515682531,0.739892515682531,1,1
annual_shared_offset,3076,2023-09-22,2023-10-16,-0.0198017153282719,2023,2023-06-30,learned_order_offset,20260911,0.5930071869262696,0.5930071869262696,1,0
annual_state_offset_half,3021,2023-07-07,2023-07-17,0.0104280552692135,2023,2023-06-30,learned_order_offset,20260911,0.44742716583867165,0.44742716583867165,0,1
annual_state_offset_half,3026,2023-07-14,2023-07-24,-0.0201642613135752,2023,2023-06-30,learned_order_offset,20260911,0.41268382469620735,0.41268382469620735,0,0
annual_state_offset_half,3031,2023-07-21,2023-07-31,0.0566710925894278,2023,2023-06-30,learned_order_offset,20260911,0.41372521147173036,0.41372521147173036,0,1
annual_state_offset_half,3036,2023-07-28,2023-08-07,-0.0039612927947766,2023,2023-06-30,learned_order_offset,20260911,0.42778675687951817,0.42778675687951817,0,0
annual_state_offset_half,3041,2023-08-04,2023-08-14,-0.0404899362223548,2023,2023-06-30,learned_order_offset,20260911,0.45422032103360516,0.45422032103360516,0,0
annual_state_offset_half,3046,2023-08-11,2023-08-21,-0.0176157088591445,2023,2023-06-30,learned_order_offset,20260911,0.6383663191237312,0.6383663191237312,1,0
annual_state_offset_half,3051,2023-08-18,2023-08-28,0.0366582477081969,2023,2023-06-30,learned_order_offset,20260911,0.4691814705322716,0.4691814705322716,0,1
annual_state_offset_half,3056,2023-08-25,2023-09-04,-0.025197172476384,2023,2023-06-30,learned_order_offset,20260911,0.5163118718124073,0.5163118718124073,1,0
annual_state_offset_half,3061,2023-09-01,2023-09-11,-0.0189903461587886,2023,2023-06-30,learned_order_offset,20260911,0.44579269358748347,0.44579269358748347,0,0
annual_state_offset_half,3066,2023-09-08,2023-09-18,-0.0111346368744954,2023,2023-06-30,learned_order_offset,20260911,0.5626925158028164,0.5626925158028164,1,0
annual_state_offset_half,3071,2023-09-15,2023-09-25,0.0105787349314532,2023,2023-06-30,learned_order_offset,20260911,0.7181628424556656,0.7181628424556656,1,1
annual_state_offset_half,3076,2023-09-22,2023-10-16,-0.0198017153282719,2023,2023-06-30,learned_order_offset,20260911,0.5662010149586432,0.5662010149586432,1,0
annual_state_offset,3021,2023-07-07,2023-07-17,0.0104280552692135,2023,2023-06-30,learned_market,20260912,0.5573747437483039,0.5573747437483039,1,1
annual_state_offset,3026,2023-07-14,2023-07-24,-0.0201642613135752,2023,2023-06-30,learned_market,20260912,0.6611455866001195,0.6611455866001195,1,0
annual_state_offset,3031,2023-07-21,2023-07-31,0.0566710925894278,2023,2023-06-30,learned_market,20260912,0.21355955170869115,0.21355955170869115,0,1
annual_state_offset,3036,2023-07-28,2023-08-07,-0.0039612927947766,2023,2023-06-30,learned_market,20260912,0.5616650109904924,0.5616650109904924,1,0
annual_state_offset,3041,2023-08-04,2023-08-14,-0.0404899362223548,2023,2023-06-30,learned_market,20260912,0.7504531204659058,0.7504531204659058,1,0
annual_state_offset,3046,2023-08-11,2023-08-21,-0.0176157088591445,2023,2023-06-30,learned_market,20260912,0.8294189977565102,0.8294189977565102,1,0
annual_state_offset,3051,2023-08-18,2023-08-28,0.0366582477081969,2023,2023-06-30,learned_market,20260912,0.41339516348274463,0.41339516348274463,0,1
annual_state_offset,3056,2023-08-25,2023-09-04,-0.025197172476384,2023,2023-06-30,learned_market,20260912,0.3690058964024857,0.3690058964024857,0,0
annual_state_offset,3061,2023-09-01,2023-09-11,-0.0189903461587886,2023,2023-06-30,learned_market,20260912,0.2525576734426522,0.2525576734426522,0,0
annual_state_offset,3066,2023-09-08,2023-09-18,-0.0111346368744954,2023,2023-06-30,learned_market,20260912,0.534326734437704,0.534326734437704,1,0
annual_state_offset,3071,2023-09-15,2023-09-25,0.0105787349314532,2023,2023-06-30,learned_market,20260912,0.4361775671117558,0.4361775671117558,0,1
annual_state_offset,3076,2023-09-22,2023-10-16,-0.0198017153282719,2023,2023-06-30,learned_market,20260912,0.40282914342184356,0.40282914342184356,0,0
annual_shared_offset,3021,2023-07-07,2023-07-17,0.0104280552692135,2023,2023-06-30,learned_market,20260912,0.5871230568495548,0.5871230568495548,1,1
annual_shared_offset,3026,2023-07-14,2023-07-24,-0.0201642613135752,2023,2023-06-30,learned_market,20260912,0.6878257569386815,0.6878257569386815,1,0
annual_shared_offset,3031,2023-07-21,2023-07-31,0.0566710925894278,2023,2023-06-30,learned_market,20260912,0.23468725900672902,0.23468725900672902,0,1
annual_shared_offset,3036,2023-07-28,2023-08-07,-0.0039612927947766,2023,2023-06-30,learned_market,20260912,0.5913363921483846,0.5913363921483846,1,0
annual_shared_offset,3041,2023-08-04,2023-08-14,-0.0404899362223548,2023,2023-06-30,learned_market,20260912,0.7308483176418274,0.7308483176418274,1,0
annual_shared_offset,3046,2023-08-11,2023-08-21,-0.0176157088591445,2023,2023-06-30,learned_market,20260912,0.845937317260258,0.845937317260258,1,0
annual_shared_offset,3051,2023-08-18,2023-08-28,0.0366582477081969,2023,2023-06-30,learned_market,20260912,0.41339516348274463,0.41339516348274463,0,1
annual_shared_offset,3056,2023-08-25,2023-09-04,-0.025197172476384,2023,2023-06-30,learned_market,20260912,0.3977345759125951,0.3977345759125951,0,0
annual_shared_offset,3061,2023-09-01,2023-09-11,-0.0189903461587886,2023,2023-06-30,learned_market,20260912,0.23377494279365435,0.23377494279365435,0,0
annual_shared_offset,3066,2023-09-08,2023-09-18,-0.0111346368744954,2023,2023-06-30,learned_market,20260912,0.564413515613677,0.564413515613677,1,0
annual_shared_offset,3071,2023-09-15,2023-09-25,0.0105787349314532,2023,2023-06-30,learned_market,20260912,0.4662714474548417,0.4662714474548417,0,1
annual_shared_offset,3076,2023-09-22,2023-10-16,-0.0198017153282719,2023,2023-06-30,learned_market,20260912,0.43238665754948136,0.43238665754948136,0,0
annual_state_offset_half,3021,2023-07-07,2023-07-17,0.0104280552692135,2023,2023-06-30,learned_market,20260912,0.5525011495532417,0.5525011495532417,1,1
annual_state_offset_half,3026,2023-07-14,2023-07-24,-0.0201642613135752,2023,2023-06-30,learned_market,20260912,0.6567108551203256,0.6567108551203256,1,0
annual_state_offset_half,3031,2023-07-21,2023-07-31,0.0566710925894278,2023,2023-06-30,learned_market,20260912,0.21026412983908152,0.21026412983908152,0,1
annual_state_offset_half,3036,2023-07-28,2023-08-07,-0.0039612927947766,2023,2023-06-30,learned_market,20260912,0.5568010934321608,0.5568010934321608,1,0
annual_state_offset_half,3041,2023-08-04,2023-08-14,-0.0404899362223548,2023,2023-06-30,learned_market,20260912,0.7250123664097198,0.7250123664097198,1,0
annual_state_offset_half,3046,2023-08-11,2023-08-21,-0.0176157088591445,2023,2023-06-30,learned_market,20260912,0.8266089690135441,0.8266089690135441,1,0
annual_state_offset_half,3051,2023-08-18,2023-08-28,0.0366582477081969,2023,2023-06-30,learned_market,20260912,0.41339516348274463,0.41339516348274463,0,1
annual_state_offset_half,3056,2023-08-25,2023-09-04,-0.025197172476384,2023,2023-06-30,learned_market,20260912,0.3644233019295512,0.3644233019295512,0,0
annual_state_offset_half,3061,2023-09-01,2023-09-11,-0.0189903461587886,2023,2023-06-30,learned_market,20260912,0.22853792828136585,0.22853792828136585,0,0
annual_state_offset_half,3066,2023-09-08,2023-09-18,-0.0111346368744954,2023,2023-06-30,learned_market,20260912,0.5294136253473478,0.5294136253473478,1,0
annual_state_offset_half,3071,2023-09-15,2023-09-25,0.0105787349314532,2023,2023-06-30,learned_market,20260912,0.4313310134659909,0.4313310134659909,0,1
annual_state_offset_half,3076,2023-09-22,2023-10-16,-0.0198017153282719,2023,2023-06-30,learned_market,20260912,0.398091509418798,0.398091509418798,0,0
annual_state_offset,3021,2023-07-07,2023-07-17,0.0104280552692135,2023,2023-06-30,learned_vol_interaction,20260912,0.5712278591685943,0.5712278591685943,1,1
annual_state_offset,3026,2023-07-14,2023-07-24,-0.0201642613135752,2023,2023-06-30,learned_vol_interaction,20260912,0.6785149812898212,0.6785149812898212,1,0
annual_state_offset,3031,2023-07-21,2023-07-31,0.0566710925894278,2023,2023-06-30,learned_vol_interaction,20260912,0.19374661371954477,0.19374661371954477,0,1
annual_state_offset,3036,2023-07-28,2023-08-07,-0.0039612927947766,2023,2023-06-30,learned_vol_interaction,20260912,0.5597056193629455,0.5597056193629455,1,0
annual_state_offset,3041,2023-08-04,2023-08-14,-0.0404899362223548,2023,2023-06-30,learned_vol_interaction,20260912,0.7553400155103921,0.7553400155103921,1,0
annual_state_offset,3046,2023-08-11,2023-08-21,-0.0176157088591445,2023,2023-06-30,learned_vol_interaction,20260912,0.8383453764027089,0.8383453764027089,1,0
annual_state_offset,3051,2023-08-18,2023-08-28,0.0366582477081969,2023,2023-06-30,learned_vol_interaction,20260912,0.42483786987653466,0.42483786987653466,0,1
annual_state_offset,3056,2023-08-25,2023-09-04,-0.025197172476384,2023,2023-06-30,learned_vol_interaction,20260912,0.3615221944570983,0.3615221944570983,0,0
annual_state_offset,3061,2023-09-01,2023-09-11,-0.0189903461587886,2023,2023-06-30,learned_vol_interaction,20260912,0.2324742230343658,0.2324742230343658,0,0
annual_state_offset,3066,2023-09-08,2023-09-18,-0.0111346368744954,2023,2023-06-30,learned_vol_interaction,20260912,0.5326476191324301,0.5326476191324301,1,0
annual_state_offset,3071,2023-09-15,2023-09-25,0.0105787349314532,2023,2023-06-30,learned_vol_interaction,20260912,0.42284557194473305,0.42284557194473305,0,1
annual_state_offset,3076,2023-09-22,2023-10-16,-0.0198017153282719,2023,2023-06-30,learned_vol_interaction,20260912,0.4003634366238814,0.4003634366238814,0,0
annual_shared_offset,3021,2023-07-07,2023-07-17,0.0104280552692135,2023,2023-06-30,learned_vol_interaction,20260912,0.5996759230243957,0.5996759230243957,1,1
annual_shared_offset,3026,2023-07-14,2023-07-24,-0.0201642613135752,2023,2023-06-30,learned_vol_interaction,20260912,0.7035390838077403,0.7035390838077403,1,0
annual_shared_offset,3031,2023-07-21,2023-07-31,0.0566710925894278,2023,2023-06-30,learned_vol_interaction,20260912,0.21272213796329026,0.21272213796329026,0,1
annual_shared_offset,3036,2023-07-28,2023-08-07,-0.0039612927947766,2023,2023-06-30,learned_vol_interaction,20260912,0.5883672694807912,0.5883672694807912,1,0
annual_shared_offset,3041,2023-08-04,2023-08-14,-0.0404899362223548,2023,2023-06-30,learned_vol_interaction,20260912,0.7366804357731358,0.7366804357731358,1,0
annual_shared_offset,3046,2023-08-11,2023-08-21,-0.0176157088591445,2023,2023-06-30,learned_vol_interaction,20260912,0.853612543580485,0.853612543580485,1,0
annual_shared_offset,3051,2023-08-18,2023-08-28,0.0366582477081969,2023,2023-06-30,learned_vol_interaction,20260912,0.42483786987653466,0.42483786987653466,0,1
annual_shared_offset,3056,2023-08-25,2023-09-04,-0.025197172476384,2023,2023-06-30,learned_vol_interaction,20260912,0.3890015592528474,0.3890015592528474,0,0
annual_shared_offset,3061,2023-09-01,2023-09-11,-0.0189903461587886,2023,2023-06-30,learned_vol_interaction,20260912,0.21536143817074954,0.21536143817074954,0,0
annual_shared_offset,3066,2023-09-08,2023-09-18,-0.0111346368744954,2023,2023-06-30,learned_vol_interaction,20260912,0.5616913030193483,0.5616913030193483,1,0
annual_shared_offset,3071,2023-09-15,2023-09-25,0.0105787349314532,2023,2023-06-30,learned_vol_interaction,20260912,0.4516885894684454,0.4516885894684454,0,1
annual_shared_offset,3076,2023-09-22,2023-10-16,-0.0198017153282719,2023,2023-06-30,learned_vol_interaction,20260912,0.42881229741893373,0.42881229741893373,0,0
annual_state_offset_half,3021,2023-07-07,2023-07-17,0.0104280552692135,2023,2023-06-30,learned_vol_interaction,20260912,0.56533773881549,0.56533773881549,1,1
annual_state_offset_half,3026,2023-07-14,2023-07-24,-0.0201642613135752,2023,2023-06-30,learned_vol_interaction,20260912,0.6732556518066741,0.6732556518066741,1,0
annual_state_offset_half,3031,2023-07-21,2023-07-31,0.0566710925894278,2023,2023-06-30,learned_vol_interaction,20260912,0.1900238178547421,0.1900238178547421,0,1
annual_state_offset_half,3036,2023-07-28,2023-08-07,-0.0039612927947766,2023,2023-06-30,learned_vol_interaction,20260912,0.5537808600019883,0.5537808600019883,1,0
annual_state_offset_half,3041,2023-08-04,2023-08-14,-0.0404899362223548,2023,2023-06-30,learned_vol_interaction,20260912,0.7301546698630726,0.7301546698630726,1,0
annual_state_offset_half,3046,2023-08-11,2023-08-21,-0.0176157088591445,2023,2023-06-30,learned_vol_interaction,20260912,0.8350651928685842,0.8350651928685842,1,0
annual_state_offset_half,3051,2023-08-18,2023-08-28,0.0366582477081969,2023,2023-06-30,learned_vol_interaction,20260912,0.42483786987653466,0.42483786987653466,0,1
annual_state_offset_half,3056,2023-08-25,2023-09-04,-0.025197172476384,2023,2023-06-30,learned_vol_interaction,20260912,0.35599907662963975,0.35599907662963975,0,0
annual_state_offset_half,3061,2023-09-01,2023-09-11,-0.0189903461587886,2023,2023-06-30,learned_vol_interaction,20260912,0.20977472587838553,0.20977472587838553,0,0
annual_state_offset_half,3066,2023-09-08,2023-09-18,-0.0111346368744954,2023,2023-06-30,learned_vol_interaction,20260912,0.5266666724866848,0.5266666724866848,1,0
annual_state_offset_half,3071,2023-09-15,2023-09-25,0.0105787349314532,2023,2023-06-30,learned_vol_interaction,20260912,0.41699746802058685,0.41699746802058685,0,1
annual_state_offset_half,3076,2023-09-22,2023-10-16,-0.0198017153282719,2023,2023-06-30,learned_vol_interaction,20260912,0.3946136746142701,0.3946136746142701,0,0
annual_state_offset,3021,2023-07-07,2023-07-17,0.0104280552692135,2023,2023-06-30,learned_order_extension,20260912,0.5493535887860139,0.5493535887860139,1,1
annual_state_offset,3026,2023-07-14,2023-07-24,-0.0201642613135752,2023,2023-06-30,learned_order_extension,20260912,0.5867496188702137,0.5867496188702137,1,0
annual_state_offset,3031,2023-07-21,2023-07-31,0.0566710925894278,2023,2023-06-30,learned_order_extension,20260912,0.27663284332616306,0.27663284332616306,0,1
annual_state_offset,3036,2023-07-28,2023-08-07,-0.0039612927947766,2023,2023-06-30,learned_order_extension,20260912,0.5319564539908503,0.5319564539908503,1,0
annual_state_offset,3041,2023-08-04,2023-08-14,-0.0404899362223548,2023,2023-06-30,learned_order_extension,20260912,0.703952485739378,0.703952485739378,1,0
annual_state_offset,3046,2023-08-11,2023-08-21,-0.0176157088591445,2023,2023-06-30,learned_order_extension,20260912,0.7592830181007896,0.7592830181007896,1,0
annual_state_offset,3051,2023-08-18,2023-08-28,0.0366582477081969,2023,2023-06-30,learned_order_extension,20260912,0.4265030263110565,0.4265030263110565,0,1
annual_state_offset,3056,2023-08-25,2023-09-04,-0.025197172476384,2023,2023-06-30,learned_order_extension,20260912,0.3773888511897042,0.3773888511897042,0,0
annual_state_offset,3061,2023-09-01,2023-09-11,-0.0189903461587886,2023,2023-06-30,learned_order_extension,20260912,0.28281223394056026,0.28281223394056026,0,0
annual_state_offset,3066,2023-09-08,2023-09-18,-0.0111346368744954,2023,2023-06-30,learned_order_extension,20260912,0.4888482283368582,0.4888482283368582,0,0
annual_state_offset,3071,2023-09-15,2023-09-25,0.0105787349314532,2023,2023-06-30,learned_order_extension,20260912,0.4169946658088196,0.4169946658088196,0,1
annual_state_offset,3076,2023-09-22,2023-10-16,-0.0198017153282719,2023,2023-06-30,learned_order_extension,20260912,0.4146183260298834,0.4146183260298834,0,0
annual_shared_offset,3021,2023-07-07,2023-07-17,0.0104280552692135,2023,2023-06-30,learned_order_extension,20260912,0.5815936655669219,0.5815936655669219,1,1
annual_shared_offset,3026,2023-07-14,2023-07-24,-0.0201642613135752,2023,2023-06-30,learned_order_extension,20260912,0.6181738282559331,0.6181738282559331,1,0
annual_shared_offset,3031,2023-07-21,2023-07-31,0.0566710925894278,2023,2023-06-30,learned_order_extension,20260912,0.30365224759220794,0.30365224759220794,0,1
annual_shared_offset,3036,2023-07-28,2023-08-07,-0.0039612927947766,2023,2023-06-30,learned_order_extension,20260912,0.56445437568543,0.56445437568543,1,0
annual_shared_offset,3041,2023-08-04,2023-08-14,-0.0404899362223548,2023,2023-06-30,learned_order_extension,20260912,0.6801493124271538,0.6801493124271538,1,0
annual_shared_offset,3046,2023-08-11,2023-08-21,-0.0176157088591445,2023,2023-06-30,learned_order_extension,20260912,0.7824518882399033,0.7824518882399033,1,0
annual_shared_offset,3051,2023-08-18,2023-08-28,0.0366582477081969,2023,2023-06-30,learned_order_extension,20260912,0.4265030263110565,0.4265030263110565,0,1
annual_shared_offset,3056,2023-08-25,2023-09-04,-0.025197172476384,2023,2023-06-30,learned_order_extension,20260912,0.4086893061334178,0.4086893061334178,0,0
annual_shared_offset,3061,2023-09-01,2023-09-11,-0.0189903461587886,2023,2023-06-30,learned_order_extension,20260912,0.2607088943116441,0.2607088943116441,0,0
annual_shared_offset,3066,2023-09-08,2023-09-18,-0.0111346368744954,2023,2023-06-30,learned_order_extension,20260912,0.5216477646325648,0.5216477646325648,1,0
annual_shared_offset,3071,2023-09-15,2023-09-25,0.0105787349314532,2023,2023-06-30,learned_order_extension,20260912,0.4492099828902449,0.4492099828902449,0,1
annual_shared_offset,3076,2023-09-22,2023-10-16,-0.0198017153282719,2023,2023-06-30,learned_order_extension,20260912,0.44679074960680015,0.44679074960680015,0,0
annual_state_offset_half,3021,2023-07-07,2023-07-17,0.0104280552692135,2023,2023-06-30,learned_order_extension,20260912,0.5474129527927805,0.5474129527927805,1,1
annual_state_offset_half,3026,2023-07-14,2023-07-24,-0.0201642613135752,2023,2023-06-30,learned_order_extension,20260912,0.5848483234248462,0.5848483234248462,1,0
annual_state_offset_half,3031,2023-07-21,2023-07-31,0.0566710925894278,2023,2023-06-30,learned_order_extension,20260912,0.2750675660988649,0.2750675660988649,0,1
annual_state_offset_half,3036,2023-07-28,2023-08-07,-0.0039612927947766,2023,2023-06-30,learned_order_extension,20260912,0.5300049954915179,0.5300049954915179,1,0
annual_state_offset_half,3041,2023-08-04,2023-08-14,-0.0404899362223548,2023,2023-06-30,learned_order_extension,20260912,0.6763085587568279,0.6763085587568279,1,0
annual_state_offset_half,3046,2023-08-11,2023-08-21,-0.0176157088591445,2023,2023-06-30,learned_order_extension,20260912,0.7578479190149305,0.7578479190149305,1,0
annual_state_offset_half,3051,2023-08-18,2023-08-28,0.0366582477081969,2023,2023-06-30,learned_order_extension,20260912,0.4265030263110565,0.4265030263110565,0,1
annual_state_offset_half,3056,2023-08-25,2023-09-04,-0.025197172476384,2023,2023-06-30,learned_order_extension,20260912,0.37554944723449235,0.37554944723449235,0,0
annual_state_offset_half,3061,2023-09-01,2023-09-11,-0.0189903461587886,2023,2023-06-30,learned_order_extension,20260912,0.2573311089062001,0.2573311089062001,0,0
annual_state_offset_half,3066,2023-09-08,2023-09-18,-0.0111346368744954,2023,2023-06-30,learned_order_extension,20260912,0.4868904019404583,0.4868904019404583,0,0
annual_state_offset_half,3071,2023-09-15,2023-09-25,0.0105787349314532,2023,2023-06-30,learned_order_extension,20260912,0.4150909204480772,0.4150909204480772,0,1
annual_state_offset_half,3076,2023-09-22,2023-10-16,-0.0198017153282719,2023,2023-06-30,learned_order_extension,20260912,0.41271774948756007,0.41271774948756007,0,0
annual_state_offset,3021,2023-07-07,2023-07-17,0.0104280552692135,2023,2023-06-30,learned_order_offset,20260912,0.5519777538988025,0.5519777538988025,1,1
annual_state_offset,3026,2023-07-14,2023-07-24,-0.0201642613135752,2023,2023-06-30,learned_order_offset,20260912,0.5854197863800259,0.5854197863800259,1,0
annual_state_offset,3031,2023-07-21,2023-07-31,0.0566710925894278,2023,2023-06-30,learned_order_offset,20260912,0.2823552326880426,0.2823552326880426,0,1
annual_state_offset,3036,2023-07-28,2023-08-07,-0.0039612927947766,2023,2023-06-30,learned_order_offset,20260912,0.531447117225256,0.531447117225256,1,0
annual_state_offset,3041,2023-08-04,2023-08-14,-0.0404899362223548,2023,2023-06-30,learned_order_offset,20260912,0.7029886561083167,0.7029886561083167,1,0
annual_state_offset,3046,2023-08-11,2023-08-21,-0.0176157088591445,2023,2023-06-30,learned_order_offset,20260912,0.7520683010961482,0.7520683010961482,1,0
annual_state_offset,3051,2023-08-18,2023-08-28,0.0366582477081969,2023,2023-06-30,learned_order_offset,20260912,0.42522859880571334,0.42522859880571334,0,1
annual_state_offset,3056,2023-08-25,2023-09-04,-0.025197172476384,2023,2023-06-30,learned_order_offset,20260912,0.3774705301767673,0.3774705301767673,0,0
annual_state_offset,3061,2023-09-01,2023-09-11,-0.0189903461587886,2023,2023-06-30,learned_order_offset,20260912,0.2868266737969967,0.2868266737969967,0,0
annual_state_offset,3066,2023-09-08,2023-09-18,-0.0111346368744954,2023,2023-06-30,learned_order_offset,20260912,0.4859067247879822,0.4859067247879822,0,0
annual_state_offset,3071,2023-09-15,2023-09-25,0.0105787349314532,2023,2023-06-30,learned_order_offset,20260912,0.41870531976155584,0.41870531976155584,0,1
annual_state_offset,3076,2023-09-22,2023-10-16,-0.0198017153282719,2023,2023-06-30,learned_order_offset,20260912,0.4149542780249845,0.4149542780249845,0,0
annual_shared_offset,3021,2023-07-07,2023-07-17,0.0104280552692135,2023,2023-06-30,learned_order_offset,20260912,0.5845461978117212,0.5845461978117212,1,1
annual_shared_offset,3026,2023-07-14,2023-07-24,-0.0201642613135752,2023,2023-06-30,learned_order_offset,20260912,0.6172429459353066,0.6172429459353066,1,0
annual_shared_offset,3031,2023-07-21,2023-07-31,0.0566710925894278,2023,2023-06-30,learned_order_offset,20260912,0.31002355347870164,0.31002355347870164,0,1
annual_shared_offset,3036,2023-07-28,2023-08-07,-0.0039612927947766,2023,2023-06-30,learned_order_offset,20260912,0.5643300368282528,0.5643300368282528,1,0
annual_shared_offset,3041,2023-08-04,2023-08-14,-0.0404899362223548,2023,2023-06-30,learned_order_offset,20260912,0.6788648158363371,0.6788648158363371,1,0
annual_shared_offset,3046,2023-08-11,2023-08-21,-0.0176157088591445,2023,2023-06-30,learned_order_offset,20260912,0.7759942487810202,0.7759942487810202,1,0
annual_shared_offset,3051,2023-08-18,2023-08-28,0.0366582477081969,2023,2023-06-30,learned_order_offset,20260912,0.42522859880571334,0.42522859880571334,0,1
annual_shared_offset,3056,2023-08-25,2023-09-04,-0.025197172476384,2023,2023-06-30,learned_order_offset,20260912,0.4091455058751656,0.4091455058751656,0,0
annual_shared_offset,3061,2023-09-01,2023-09-11,-0.0189903461587886,2023,2023-06-30,learned_order_offset,20260912,0.2642767941568527,0.2642767941568527,0,0
annual_shared_offset,3066,2023-09-08,2023-09-18,-0.0111346368744954,2023,2023-06-30,learned_order_offset,20260912,0.5190935857125604,0.5190935857125604,1,0
annual_shared_offset,3071,2023-09-15,2023-09-25,0.0105787349314532,2023,2023-06-30,learned_order_offset,20260912,0.45133185249138535,0.45133185249138535,0,1
annual_shared_offset,3076,2023-09-22,2023-10-16,-0.0198017153282719,2023,2023-06-30,learned_order_offset,20260912,0.44751354207898836,0.44751354207898836,0,0
annual_state_offset_half,3021,2023-07-07,2023-07-17,0.0104280552692135,2023,2023-06-30,learned_order_offset,20260912,0.550468804921723,0.550468804921723,1,1
annual_state_offset_half,3026,2023-07-14,2023-07-24,-0.0201642613135752,2023,2023-06-30,learned_order_offset,20260912,0.5839385717337107,0.5839385717337107,1,0
annual_state_offset_half,3031,2023-07-21,2023-07-31,0.0566710925894278,2023,2023-06-30,learned_order_offset,20260912,0.2811208640894483,0.2811208640894483,0,1
annual_state_offset_half,3036,2023-07-28,2023-08-07,-0.0039612927947766,2023,2023-06-30,learned_order_offset,20260912,0.5299279077194328,0.5299279077194328,1,0
annual_state_offset_half,3041,2023-08-04,2023-08-14,-0.0404899362223548,2023,2023-06-30,learned_order_offset,20260912,0.6753680111705884,0.6753680111705884,1,0
annual_state_offset_half,3046,2023-08-11,2023-08-21,-0.0176157088591445,2023,2023-06-30,learned_order_offset,20260912,0.7509291710809531,0.7509291710809531,1,0
annual_state_offset_half,3051,2023-08-18,2023-08-28,0.0366582477081969,2023,2023-06-30,learned_order_offset,20260912,0.42522859880571334,0.42522859880571334,0,1
annual_state_offset_half,3056,2023-08-25,2023-09-04,-0.025197172476384,2023,2023-06-30,learned_order_offset,20260912,0.376038229563042,0.376038229563042,0,0
annual_state_offset_half,3061,2023-09-01,2023-09-11,-0.0189903461587886,2023,2023-06-30,learned_order_offset,20260912,0.26117869581179154,0.26117869581179154,0,0
annual_state_offset_half,3066,2023-09-08,2023-09-18,-0.0111346368744954,2023,2023-06-30,learned_order_offset,20260912,0.484383116999777,0.484383116999777,0,0
annual_state_offset_half,3071,2023-09-15,2023-09-25,0.0105787349314532,2023,2023-06-30,learned_order_offset,20260912,0.41722141780817257,0.41722141780817257,0,1
annual_state_offset_half,3076,2023-09-22,2023-10-16,-0.0198017153282719,2023,2023-06-30,learned_order_offset,20260912,0.4134742140029236,0.4134742140029236,0,0
annual_state_offset,3085,2023-10-13,2023-10-23,-0.0447156690429144,2023,2023-09-30,learned_market,20260910,0.3198731225904231,0.3198731225904231,0,0
annual_state_offset,3090,2023-10-20,2023-10-30,0.0154019770298841,2023,2023-09-30,learned_market,20260910,0.4602596633831459,0.4602596633831459,0,1
annual_state_offset,3095,2023-10-27,2023-11-06,0.0152527637017425,2023,2023-09-30,learned_market,20260910,0.6209528809043063,0.6209528809043063,1,1
annual_state_offset,3100,2023-11-03,2023-11-13,-0.0039935482440582,2023,2023-09-30,learned_market,20260910,0.598957588273623,0.598957588273623,1,0
annual_state_offset,3105,2023-11-10,2023-11-20,-0.0067280482816765,2023,2023-09-30,learned_market,20260910,0.34440230947200895,0.34440230947200895,0,0
annual_state_offset,3110,2023-11-17,2023-11-27,-0.0098859017348651,2023,2023-09-30,learned_market,20260910,0.4924032797653802,0.4924032797653802,0,0
annual_state_offset,3115,2023-11-24,2023-12-04,-0.0151084754586299,2023,2023-09-30,learned_market,20260910,0.5775863939177523,0.5775863939177523,1,0
annual_state_offset,3120,2023-12-01,2023-12-11,-0.0295859857973478,2023,2023-09-30,learned_market,20260910,0.6095857242718166,0.6095857242718166,1,0
annual_state_offset,3125,2023-12-08,2023-12-18,-0.0144639658974852,2023,2023-09-30,learned_market,20260910,0.6816158520752985,0.6816158520752985,1,0
annual_state_offset,3130,2023-12-15,2023-12-25,0.0003424256350643,2023,2023-09-30,learned_market,20260910,0.48965040814601596,0.48965040814601596,0,1
annual_state_offset,3135,2023-12-22,2024-01-02,0.0288079559683274,2023,2023-09-30,learned_market,20260910,0.31489002696575663,0.31489002696575663,0,1
annual_state_offset,3140,2023-12-29,2024-01-08,-0.0302544749829989,2023,2023-09-30,learned_market,20260910,0.5676350300877144,0.5676350300877144,1,0
annual_shared_offset,3085,2023-10-13,2023-10-23,-0.0447156690429144,2023,2023-09-30,learned_market,20260910,0.34672552014864894,0.34672552014864894,0,0
annual_shared_offset,3090,2023-10-20,2023-10-30,0.0154019770298841,2023,2023-09-30,learned_market,20260910,0.49039959781972786,0.49039959781972786,0,1
annual_shared_offset,3095,2023-10-27,2023-11-06,0.0152527637017425,2023,2023-09-30,learned_market,20260910,0.64896337098317,0.64896337098317,1,1
annual_shared_offset,3100,2023-11-03,2023-11-13,-0.0039935482440582,2023,2023-09-30,learned_market,20260910,0.6276187324007598,0.6276187324007598,1,0
annual_shared_offset,3105,2023-11-10,2023-11-20,-0.0067280482816765,2023,2023-09-30,learned_market,20260910,0.3721870258026949,0.3721870258026949,0,0
annual_shared_offset,3110,2023-11-17,2023-11-27,-0.0098859017348651,2023,2023-09-30,learned_market,20260910,0.5226100200738996,0.5226100200738996,1,0
annual_shared_offset,3115,2023-11-24,2023-12-04,-0.0151084754586299,2023,2023-09-30,learned_market,20260910,0.6067721437420045,0.6067721437420045,1,0
annual_shared_offset,3120,2023-12-01,2023-12-11,-0.0295859857973478,2023,2023-09-30,learned_market,20260910,0.6379464429614927,0.6379464429614927,1,0
annual_shared_offset,3125,2023-12-08,2023-12-18,-0.0144639658974852,2023,2023-09-30,learned_market,20260910,0.7072569111203862,0.7072569111203862,1,0
annual_shared_offset,3130,2023-12-15,2023-12-25,0.0003424256350643,2023,2023-09-30,learned_market,20260910,0.5198612288309448,0.5198612288309448,1,1
annual_shared_offset,3135,2023-12-22,2024-01-02,0.0288079559683274,2023,2023-09-30,learned_market,20260910,0.3415341710759407,0.3415341710759407,0,1
annual_shared_offset,3140,2023-12-29,2024-01-08,-0.0302544749829989,2023,2023-09-30,learned_market,20260910,0.5970286443765874,0.5970286443765874,1,0
annual_state_offset_half,3085,2023-10-13,2023-10-23,-0.0447156690429144,2023,2023-09-30,learned_market,20260910,0.3282032264806767,0.3282032264806767,0,0
annual_state_offset_half,3090,2023-10-20,2023-10-30,0.0154019770298841,2023,2023-09-30,learned_market,20260910,0.46972077749368824,0.46972077749368824,0,1
annual_state_offset_half,3095,2023-10-27,2023-11-06,0.0152527637017425,2023,2023-09-30,learned_market,20260910,0.629862446920103,0.629862446920103,1,1
annual_state_offset_half,3100,2023-11-03,2023-11-13,-0.0039935482440582,2023,2023-09-30,learned_market,20260910,0.6080578277455114,0.6080578277455114,1,0
annual_state_offset_half,3105,2023-11-10,2023-11-20,-0.0067280482816765,2023,2023-09-30,learned_market,20260910,0.35303961923133115,0.35303961923133115,0,0
annual_state_offset_half,3110,2023-11-17,2023-11-27,-0.0098859017348651,2023,2023-09-30,learned_market,20260910,0.501910704575638,0.501910704575638,1,0
annual_state_offset_half,3115,2023-11-24,2023-12-04,-0.0151084754586299,2023,2023-09-30,learned_market,20260910,0.5868370613071745,0.5868370613071745,1,0
annual_state_offset_half,3120,2023-12-01,2023-12-11,-0.0295859857973478,2023,2023-09-30,learned_market,20260910,0.618598365676769,0.618598365676769,1,0
annual_state_offset_half,3125,2023-12-08,2023-12-18,-0.0144639658974852,2023,2023-09-30,learned_market,20260910,0.6898118095345281,0.6898118095345281,1,0
annual_state_offset_half,3130,2023-12-15,2023-12-25,0.0003424256350643,2023,2023-09-30,learned_market,20260910,0.4991569491852076,0.4991569491852076,0,1
annual_state_offset_half,3135,2023-12-22,2024-01-02,0.0288079559683274,2023,2023-09-30,learned_market,20260910,0.3231520194914953,0.3231520194914953,0,1
annual_state_offset_half,3140,2023-12-29,2024-01-08,-0.0302544749829989,2023,2023-09-30,learned_market,20260910,0.5769440036774232,0.5769440036774232,1,0
annual_state_offset,3085,2023-10-13,2023-10-23,-0.0447156690429144,2023,2023-09-30,learned_vol_interaction,20260910,0.30283087396398334,0.30283087396398334,0,0
annual_state_offset,3090,2023-10-20,2023-10-30,0.0154019770298841,2023,2023-09-30,learned_vol_interaction,20260910,0.45668048671054084,0.45668048671054084,0,1
annual_state_offset,3095,2023-10-27,2023-11-06,0.0152527637017425,2023,2023-09-30,learned_vol_interaction,20260910,0.6341205394253615,0.6341205394253615,1,1
annual_state_offset,3100,2023-11-03,2023-11-13,-0.0039935482440582,2023,2023-09-30,learned_vol_interaction,20260910,0.6164860504343199,0.6164860504343199,1,0
annual_state_offset,3105,2023-11-10,2023-11-20,-0.0067280482816765,2023,2023-09-30,learned_vol_interaction,20260910,0.33897166944728024,0.33897166944728024,0,0
annual_state_offset,3110,2023-11-17,2023-11-27,-0.0098859017348651,2023,2023-09-30,learned_vol_interaction,20260910,0.5055989473456823,0.5055989473456823,1,0
annual_state_offset,3115,2023-11-24,2023-12-04,-0.0151084754586299,2023,2023-09-30,learned_vol_interaction,20260910,0.6038495958542737,0.6038495958542737,1,0
annual_state_offset,3120,2023-12-01,2023-12-11,-0.0295859857973478,2023,2023-09-30,learned_vol_interaction,20260910,0.6379904621425296,0.6379904621425296,1,0
annual_state_offset,3125,2023-12-08,2023-12-18,-0.0144639658974852,2023,2023-09-30,learned_vol_interaction,20260910,0.7090148655757794,0.7090148655757794,1,0
annual_state_offset,3130,2023-12-15,2023-12-25,0.0003424256350643,2023,2023-09-30,learned_vol_interaction,20260910,0.49093302154154916,0.49093302154154916,0,1
annual_state_offset,3135,2023-12-22,2024-01-02,0.0288079559683274,2023,2023-09-30,learned_vol_interaction,20260910,0.2955235064309238,0.2955235064309238,0,1
annual_state_offset,3140,2023-12-29,2024-01-08,-0.0302544749829989,2023,2023-09-30,learned_vol_interaction,20260910,0.5820707643019098,0.5820707643019098,1,0
annual_shared_offset,3085,2023-10-13,2023-10-23,-0.0447156690429144,2023,2023-09-30,learned_vol_interaction,20260910,0.32922274386052225,0.32922274386052225,0,0
annual_shared_offset,3090,2023-10-20,2023-10-30,0.0154019770298841,2023,2023-09-30,learned_vol_interaction,20260910,0.4871122068347926,0.4871122068347926,0,1
annual_shared_offset,3095,2023-10-27,2023-11-06,0.0152527637017425,2023,2023-09-30,learned_vol_interaction,20260910,0.6619701161921243,0.6619701161921243,1,1
annual_shared_offset,3100,2023-11-03,2023-11-13,-0.0039935482440582,2023,2023-09-30,learned_vol_interaction,20260910,0.6449263024050943,0.6449263024050943,1,0
annual_shared_offset,3105,2023-11-10,2023-11-20,-0.0067280482816765,2023,2023-09-30,learned_vol_interaction,20260910,0.3668558375556145,0.3668558375556145,0,0
annual_shared_offset,3110,2023-11-17,2023-11-27,-0.0098859017348651,2023,2023-09-30,learned_vol_interaction,20260910,0.5360741377487545,0.5360741377487545,1,0
annual_shared_offset,3115,2023-11-24,2023-12-04,-0.0151084754586299,2023,2023-09-30,learned_vol_interaction,20260910,0.6326685721588887,0.6326685721588887,1,0
annual_shared_offset,3120,2023-12-01,2023-12-11,-0.0295859857973478,2023,2023-09-30,learned_vol_interaction,20260910,0.6657007637933173,0.6657007637933173,1,0
annual_shared_offset,3125,2023-12-08,2023-12-18,-0.0144639658974852,2023,2023-09-30,learned_vol_interaction,20260910,0.7335590185294629,0.7335590185294629,1,0
annual_shared_offset,3130,2023-12-15,2023-12-25,0.0003424256350643,2023,2023-09-30,learned_vol_interaction,20260910,0.5214565875583682,0.5214565875583682,1,1
annual_shared_offset,3135,2023-12-22,2024-01-02,0.0288079559683274,2023,2023-09-30,learned_vol_interaction,20260910,0.32157228104050306,0.32157228104050306,0,1
annual_shared_offset,3140,2023-12-29,2024-01-08,-0.0302544749829989,2023,2023-09-30,learned_vol_interaction,20260910,0.6114546474444134,0.6114546474444134,1,0
annual_state_offset_half,3085,2023-10-13,2023-10-23,-0.0447156690429144,2023,2023-09-30,learned_vol_interaction,20260910,0.3106727193037211,0.3106727193037211,0,0
annual_state_offset_half,3090,2023-10-20,2023-10-30,0.0154019770298841,2023,2023-09-30,learned_vol_interaction,20260910,0.4658442325139221,0.4658442325139221,0,1
annual_state_offset_half,3095,2023-10-27,2023-11-06,0.0152527637017425,2023,2023-09-30,learned_vol_interaction,20260910,0.6426334558394072,0.6426334558394072,1,1
annual_state_offset_half,3100,2023-11-03,2023-11-13,-0.0039935482440582,2023,2023-09-30,learned_vol_interaction,20260910,0.6251667361908597,0.6251667361908597,1,0
annual_state_offset_half,3105,2023-11-10,2023-11-20,-0.0067280482816765,2023,2023-09-30,learned_vol_interaction,20260910,0.3472831970514939,0.3472831970514939,0,0
annual_state_offset_half,3110,2023-11-17,2023-11-27,-0.0098859017348651,2023,2023-09-30,learned_vol_interaction,20260910,0.514814192764539,0.514814192764539,1,0
annual_state_offset_half,3115,2023-11-24,2023-12-04,-0.0151084754586299,2023,2023-09-30,learned_vol_interaction,20260910,0.6126365839571397,0.6126365839571397,1,0
annual_state_offset_half,3120,2023-12-01,2023-12-11,-0.0295859857973478,2023,2023-09-30,learned_vol_interaction,20260910,0.6464635372262133,0.6464635372262133,1,0
annual_state_offset_half,3125,2023-12-08,2023-12-18,-0.0144639658974852,2023,2023-09-30,learned_vol_interaction,20260910,0.716564099032476,0.716564099032476,1,0
annual_state_offset_half,3130,2023-12-15,2023-12-25,0.0003424256350643,2023,2023-09-30,learned_vol_interaction,20260910,0.5001513759774712,0.5001513759774712,1,1
annual_state_offset_half,3135,2023-12-22,2024-01-02,0.0288079559683274,2023,2023-09-30,learned_vol_interaction,20260910,0.3032584367574559,0.3032584367574559,0,1
annual_state_offset_half,3140,2023-12-29,2024-01-08,-0.0302544749829989,2023,2023-09-30,learned_vol_interaction,20260910,0.5910136414669377,0.5910136414669377,1,0
annual_state_offset,3085,2023-10-13,2023-10-23,-0.0447156690429144,2023,2023-09-30,learned_order_extension,20260910,0.28641339450573344,0.28641339450573344,0,0
annual_state_offset,3090,2023-10-20,2023-10-30,0.0154019770298841,2023,2023-09-30,learned_order_extension,20260910,0.4551173980503901,0.4551173980503901,0,1
annual_state_offset,3095,2023-10-27,2023-11-06,0.0152527637017425,2023,2023-09-30,learned_order_extension,20260910,0.6064827356143033,0.6064827356143033,1,1
annual_state_offset,3100,2023-11-03,2023-11-13,-0.0039935482440582,2023,2023-09-30,learned_order_extension,20260910,0.599536488578433,0.599536488578433,1,0
annual_state_offset,3105,2023-11-10,2023-11-20,-0.0067280482816765,2023,2023-09-30,learned_order_extension,20260910,0.3538772928952223,0.3538772928952223,0,0
annual_state_offset,3110,2023-11-17,2023-11-27,-0.0098859017348651,2023,2023-09-30,learned_order_extension,20260910,0.5129727823295219,0.5129727823295219,1,0
annual_state_offset,3115,2023-11-24,2023-12-04,-0.0151084754586299,2023,2023-09-30,learned_order_extension,20260910,0.578044271185162,0.578044271185162,1,0
annual_state_offset,3120,2023-12-01,2023-12-11,-0.0295859857973478,2023,2023-09-30,learned_order_extension,20260910,0.6169519478713825,0.6169519478713825,1,0
annual_state_offset,3125,2023-12-08,2023-12-18,-0.0144639658974852,2023,2023-09-30,learned_order_extension,20260910,0.7086018583430773,0.7086018583430773,1,0
annual_state_offset,3130,2023-12-15,2023-12-25,0.0003424256350643,2023,2023-09-30,learned_order_extension,20260910,0.48550502654368544,0.48550502654368544,0,1
annual_state_offset,3135,2023-12-22,2024-01-02,0.0288079559683274,2023,2023-09-30,learned_order_extension,20260910,0.3083547561436885,0.3083547561436885,0,1
annual_state_offset,3140,2023-12-29,2024-01-08,-0.0302544749829989,2023,2023-09-30,learned_order_extension,20260910,0.5782955448579677,0.5782955448579677,1,0
annual_shared_offset,3085,2023-10-13,2023-10-23,-0.0447156690429144,2023,2023-09-30,learned_order_extension,20260910,0.3134192795576393,0.3134192795576393,0,0
annual_shared_offset,3090,2023-10-20,2023-10-30,0.0154019770298841,2023,2023-09-30,learned_order_extension,20260910,0.4871704901948374,0.4871704901948374,0,1
annual_shared_offset,3095,2023-10-27,2023-11-06,0.0152527637017425,2023,2023-09-30,learned_order_extension,20260910,0.6367387039471744,0.6367387039471744,1,1
annual_shared_offset,3100,2023-11-03,2023-11-13,-0.0039935482440582,2023,2023-09-30,learned_order_extension,20260910,0.630000704404682,0.630000704404682,1,0
annual_shared_offset,3105,2023-11-10,2023-11-20,-0.0067280482816765,2023,2023-09-30,learned_order_extension,20260910,0.3838228088796861,0.3838228088796861,0,0
annual_shared_offset,3110,2023-11-17,2023-11-27,-0.0098859017348651,2023,2023-09-30,learned_order_extension,20260910,0.5450248110298764,0.5450248110298764,1,0
annual_shared_offset,3115,2023-11-24,2023-12-04,-0.0151084754586299,2023,2023-09-30,learned_order_extension,20260910,0.6090773868995728,0.6090773868995728,1,0
annual_shared_offset,3120,2023-12-01,2023-12-11,-0.0295859857973478,2023,2023-09-30,learned_order_extension,20260910,0.6468716592529216,0.6468716592529216,1,0
annual_shared_offset,3125,2023-12-08,2023-12-18,-0.0144639658974852,2023,2023-09-30,learned_order_extension,20260910,0.7344441837645259,0.7344441837645259,1,0
annual_shared_offset,3130,2023-12-15,2023-12-25,0.0003424256350643,2023,2023-09-30,learned_order_extension,20260910,0.5176650216833881,0.5176650216833881,1,1
annual_shared_offset,3135,2023-12-22,2024-01-02,0.0288079559683274,2023,2023-09-30,learned_order_extension,20260910,0.33645403351627673,0.33645403351627673,0,1
annual_shared_offset,3140,2023-12-29,2024-01-08,-0.0302544749829989,2023,2023-09-30,learned_order_extension,20260910,0.6093226704272101,0.6093226704272101,1,0
annual_state_offset_half,3085,2023-10-13,2023-10-23,-0.0447156690429144,2023,2023-09-30,learned_order_extension,20260910,0.29532966719657755,0.29532966719657755,0,0
annual_state_offset_half,3090,2023-10-20,2023-10-30,0.0154019770298841,2023,2023-09-30,learned_order_extension,20260910,0.46585692301307846,0.46585692301307846,0,1
annual_state_offset_half,3095,2023-10-27,2023-11-06,0.0152527637017425,2023,2023-09-30,learned_order_extension,20260910,0.616751148768453,0.616751148768453,1,1
annual_state_offset_half,3100,2023-11-03,2023-11-13,-0.0039935482440582,2023,2023-09-30,learned_order_extension,20260910,0.609869561306148,0.609869561306148,1,0
annual_state_offset_half,3105,2023-11-10,2023-11-20,-0.0067280482816765,2023,2023-09-30,learned_order_extension,20260910,0.3638229780113969,0.3638229780113969,0,0
annual_state_offset_half,3110,2023-11-17,2023-11-27,-0.0098859017348651,2023,2023-09-30,learned_order_extension,20260910,0.5237652178809509,0.5237652178809509,1,0
annual_state_offset_half,3115,2023-11-24,2023-12-04,-0.0151084754586299,2023,2023-09-30,learned_order_extension,20260910,0.5885513212940701,0.5885513212940701,1,0
annual_state_offset_half,3120,2023-12-01,2023-12-11,-0.0295859857973478,2023,2023-09-30,learned_order_extension,20260910,0.6271151396452496,0.6271151396452496,1,0
annual_state_offset_half,3125,2023-12-08,2023-12-18,-0.0144639658974852,2023,2023-09-30,learned_order_extension,20260910,0.7174470285791898,0.7174470285791898,1,0
annual_state_offset_half,3130,2023-12-15,2023-12-25,0.0003424256350643,2023,2023-09-30,learned_order_extension,20260910,0.4963084750002972,0.4963084750002972,0,1
annual_state_offset_half,3135,2023-12-22,2024-01-02,0.0288079559683274,2023,2023-09-30,learned_order_extension,20260910,0.3176500230086346,0.3176500230086346,0,1
annual_state_offset_half,3140,2023-12-29,2024-01-08,-0.0302544749829989,2023,2023-09-30,learned_order_extension,20260910,0.5888007889859666,0.5888007889859666,1,0
annual_state_offset,3085,2023-10-13,2023-10-23,-0.0447156690429144,2023,2023-09-30,learned_order_offset,20260910,0.28617958229323404,0.28617958229323404,0,0
annual_state_offset,3090,2023-10-20,2023-10-30,0.0154019770298841,2023,2023-09-30,learned_order_offset,20260910,0.45488874042899435,0.45488874042899435,0,1
annual_state_offset,3095,2023-10-27,2023-11-06,0.0152527637017425,2023,2023-09-30,learned_order_offset,20260910,0.605801621369584,0.605801621369584,1,1
annual_state_offset,3100,2023-11-03,2023-11-13,-0.0039935482440582,2023,2023-09-30,learned_order_offset,20260910,0.5993229077334913,0.5993229077334913,1,0
annual_state_offset,3105,2023-11-10,2023-11-20,-0.0067280482816765,2023,2023-09-30,learned_order_offset,20260910,0.35475546008034886,0.35475546008034886,0,0
annual_state_offset,3110,2023-11-17,2023-11-27,-0.0098859017348651,2023,2023-09-30,learned_order_offset,20260910,0.5136802003368734,0.5136802003368734,1,0
annual_state_offset,3115,2023-11-24,2023-12-04,-0.0151084754586299,2023,2023-09-30,learned_order_offset,20260910,0.5777899975793492,0.5777899975793492,1,0
annual_state_offset,3120,2023-12-01,2023-12-11,-0.0295859857973478,2023,2023-09-30,learned_order_offset,20260910,0.6169418959247612,0.6169418959247612,1,0
annual_state_offset,3125,2023-12-08,2023-12-18,-0.0144639658974852,2023,2023-09-30,learned_order_offset,20260910,0.7086462712248764,0.7086462712248764,1,0
annual_state_offset,3130,2023-12-15,2023-12-25,0.0003424256350643,2023,2023-09-30,learned_order_offset,20260910,0.485242893921026,0.485242893921026,0,1
annual_state_offset,3135,2023-12-22,2024-01-02,0.0288079559683274,2023,2023-09-30,learned_order_offset,20260910,0.3086178523042687,0.3086178523042687,0,1
annual_state_offset,3140,2023-12-29,2024-01-08,-0.0302544749829989,2023,2023-09-30,learned_order_offset,20260910,0.5780398837993845,0.5780398837993845,1,0
annual_shared_offset,3085,2023-10-13,2023-10-23,-0.0447156690429144,2023,2023-09-30,learned_order_offset,20260910,0.3133110238758354,0.3133110238758354,0,0
annual_shared_offset,3090,2023-10-20,2023-10-30,0.0154019770298841,2023,2023-09-30,learned_order_offset,20260910,0.4871003020119805,0.4871003020119805,0,1
annual_shared_offset,3095,2023-10-27,2023-11-06,0.0152527637017425,2023,2023-09-30,learned_order_offset,20260910,0.6362269386127262,0.6362269386127262,1,1
annual_shared_offset,3100,2023-11-03,2023-11-13,-0.0039935482440582,2023,2023-09-30,learned_order_offset,20260910,0.6299428147831252,0.6299428147831252,1,0
annual_shared_offset,3105,2023-11-10,2023-11-20,-0.0067280482816765,2023,2023-09-30,learned_order_offset,20260910,0.38488282122296474,0.38488282122296474,0,0
annual_shared_offset,3110,2023-11-17,2023-11-27,-0.0098859017348651,2023,2023-09-30,learned_order_offset,20260910,0.545885846225948,0.545885846225948,1,0
annual_shared_offset,3115,2023-11-24,2023-12-04,-0.0151084754586299,2023,2023-09-30,learned_order_offset,20260910,0.6089818445130526,0.6089818445130526,1,0
annual_shared_offset,3120,2023-12-01,2023-12-11,-0.0295859857973478,2023,2023-09-30,learned_order_offset,20260910,0.6470083903822876,0.6470083903822876,1,0
annual_shared_offset,3125,2023-12-08,2023-12-18,-0.0144639658974852,2023,2023-09-30,learned_order_offset,20260910,0.7346111515525959,0.7346111515525959,1,0
annual_shared_offset,3130,2023-12-15,2023-12-25,0.0003424256350643,2023,2023-09-30,learned_order_offset,20260910,0.5175630811700426,0.5175630811700426,1,1
annual_shared_offset,3135,2023-12-22,2024-01-02,0.0288079559683274,2023,2023-09-30,learned_order_offset,20260910,0.3368726457469716,0.3368726457469716,0,1
annual_shared_offset,3140,2023-12-29,2024-01-08,-0.0302544749829989,2023,2023-09-30,learned_order_offset,20260910,0.6092257553871743,0.6092257553871743,1,0
annual_state_offset_half,3085,2023-10-13,2023-10-23,-0.0447156690429144,2023,2023-09-30,learned_order_offset,20260910,0.29517501534817964,0.29517501534817964,0,0
annual_state_offset_half,3090,2023-10-20,2023-10-30,0.0154019770298841,2023,2023-09-30,learned_order_offset,20260910,0.4657272692150681,0.4657272692150681,0,1
annual_state_offset_half,3095,2023-10-27,2023-11-06,0.0152527637017425,2023,2023-09-30,learned_order_offset,20260910,0.616171409712583,0.616171409712583,1,1
annual_state_offset_half,3100,2023-11-03,2023-11-13,-0.0039935482440582,2023,2023-09-30,learned_order_offset,20260910,0.6097533377852369,0.6097533377852369,1,0
annual_state_offset_half,3105,2023-11-10,2023-11-20,-0.0067280482816765,2023,2023-09-30,learned_order_offset,20260910,0.3648048204864568,0.3648048204864568,0,0
annual_state_offset_half,3110,2023-11-17,2023-11-27,-0.0098859017348651,2023,2023-09-30,learned_order_offset,20260910,0.5245715115494548,0.5245715115494548,1,0
annual_state_offset_half,3115,2023-11-24,2023-12-04,-0.0151084754586299,2023,2023-09-30,learned_order_offset,20260910,0.588396000567164,0.588396000567164,1,0
annual_state_offset_half,3120,2023-12-01,2023-12-11,-0.0295859857973478,2023,2023-09-30,learned_order_offset,20260910,0.6271989703500259,0.6271989703500259,1,0
annual_state_offset_half,3125,2023-12-08,2023-12-18,-0.0144639658974852,2023,2023-09-30,learned_order_offset,20260910,0.7175719145494412,0.7175719145494412,1,0
annual_state_offset_half,3130,2023-12-15,2023-12-25,0.0003424256350643,2023,2023-09-30,learned_order_offset,20260910,0.49614638820023266,0.49614638820023266,0,1
annual_state_offset_half,3135,2023-12-22,2024-01-02,0.0288079559683274,2023,2023-09-30,learned_order_offset,20260910,0.31800437582235047,0.31800437582235047,0,1
annual_state_offset_half,3140,2023-12-29,2024-01-08,-0.0302544749829989,2023,2023-09-30,learned_order_offset,20260910,0.5886440786234192,0.5886440786234192,1,0
annual_state_offset,3085,2023-10-13,2023-10-23,-0.0447156690429144,2023,2023-09-30,learned_market,20260911,0.3386626015416986,0.3386626015416986,0,0
annual_state_offset,3090,2023-10-20,2023-10-30,0.0154019770298841,2023,2023-09-30,learned_market,20260911,0.3394806131568194,0.3394806131568194,0,1
annual_state_offset,3095,2023-10-27,2023-11-06,0.0152527637017425,2023,2023-09-30,learned_market,20260911,0.43295850601283814,0.43295850601283814,0,1
annual_state_offset,3100,2023-11-03,2023-11-13,-0.0039935482440582,2023,2023-09-30,learned_market,20260911,0.6251475346725692,0.6251475346725692,1,0
annual_state_offset,3105,2023-11-10,2023-11-20,-0.0067280482816765,2023,2023-09-30,learned_market,20260911,0.4559744963326451,0.4559744963326451,0,0
annual_state_offset,3110,2023-11-17,2023-11-27,-0.0098859017348651,2023,2023-09-30,learned_market,20260911,0.41329915474379214,0.41329915474379214,0,0
annual_state_offset,3115,2023-11-24,2023-12-04,-0.0151084754586299,2023,2023-09-30,learned_market,20260911,0.4682794593369078,0.4682794593369078,0,0
annual_state_offset,3120,2023-12-01,2023-12-11,-0.0295859857973478,2023,2023-09-30,learned_market,20260911,0.5463224299061645,0.5463224299061645,1,0
annual_state_offset,3125,2023-12-08,2023-12-18,-0.0144639658974852,2023,2023-09-30,learned_market,20260911,0.4288590741237927,0.4288590741237927,0,0
annual_state_offset,3130,2023-12-15,2023-12-25,0.0003424256350643,2023,2023-09-30,learned_market,20260911,0.4326234191818493,0.4326234191818493,0,1
annual_state_offset,3135,2023-12-22,2024-01-02,0.0288079559683274,2023,2023-09-30,learned_market,20260911,0.45277092734719976,0.45277092734719976,0,1
annual_state_offset,3140,2023-12-29,2024-01-08,-0.0302544749829989,2023,2023-09-30,learned_market,20260911,0.5203257889806514,0.5203257889806514,1,0
annual_shared_offset,3085,2023-10-13,2023-10-23,-0.0447156690429144,2023,2023-09-30,learned_market,20260911,0.3607291665615213,0.3607291665615213,0,0
annual_shared_offset,3090,2023-10-20,2023-10-30,0.0154019770298841,2023,2023-09-30,learned_market,20260911,0.3615713375876774,0.3615713375876774,0,1
annual_shared_offset,3095,2023-10-27,2023-11-06,0.0152527637017425,2023,2023-09-30,learned_market,20260911,0.4569241641150802,0.4569241641150802,0,1
annual_shared_offset,3100,2023-11-03,2023-11-13,-0.0039935482440582,2023,2023-09-30,learned_market,20260911,0.6476017979497267,0.6476017979497267,1,0
annual_shared_offset,3105,2023-11-10,2023-11-20,-0.0067280482816765,2023,2023-09-30,learned_market,20260911,0.48013541209453636,0.48013541209453636,0,0
annual_shared_offset,3110,2023-11-17,2023-11-27,-0.0098859017348651,2023,2023-09-30,learned_market,20260911,0.4370152796414672,0.4370152796414672,0,0
annual_shared_offset,3115,2023-11-24,2023-12-04,-0.0151084754586299,2023,2023-09-30,learned_market,20260911,0.4925021252781687,0.4925021252781687,0,0
annual_shared_offset,3120,2023-12-01,2023-12-11,-0.0295859857973478,2023,2023-09-30,learned_market,20260911,0.5702525534064685,0.5702525534064685,1,0
annual_shared_offset,3125,2023-12-08,2023-12-18,-0.0144639658974852,2023,2023-09-30,learned_market,20260911,0.4527790070284935,0.4527790070284935,0,0
annual_shared_offset,3130,2023-12-15,2023-12-25,0.0003424256350643,2023,2023-09-30,learned_market,20260911,0.4565854642252703,0.4565854642252703,0,1
annual_shared_offset,3135,2023-12-22,2024-01-02,0.0288079559683274,2023,2023-09-30,learned_market,20260911,0.47691090175895584,0.47691090175895584,0,1
annual_shared_offset,3140,2023-12-29,2024-01-08,-0.0302544749829989,2023,2023-09-30,learned_market,20260911,0.5444838320601249,0.5444838320601249,1,0
annual_state_offset_half,3085,2023-10-13,2023-10-23,-0.0447156690429144,2023,2023-09-30,learned_market,20260911,0.3482678937586103,0.3482678937586103,0,0
annual_state_offset_half,3090,2023-10-20,2023-10-30,0.0154019770298841,2023,2023-09-30,learned_market,20260911,0.34909685927992484,0.34909685927992484,0,1
annual_state_offset_half,3095,2023-10-27,2023-11-06,0.0152527637017425,2023,2023-09-30,learned_market,20260911,0.44344495919533355,0.44344495919533355,0,1
annual_state_offset_half,3100,2023-11-03,2023-11-13,-0.0039935482440582,2023,2023-09-30,learned_market,20260911,0.6350754892750756,0.6350754892750756,1,0
annual_state_offset_half,3105,2023-11-10,2023-11-20,-0.0067280482816765,2023,2023-09-30,learned_market,20260911,0.46655973301515075,0.46655973301515075,0,0
annual_state_offset_half,3110,2023-11-17,2023-11-27,-0.0098859017348651,2023,2023-09-30,learned_market,20260911,0.42366521138677327,0.42366521138677327,0,0
annual_state_offset_half,3115,2023-11-24,2023-12-04,-0.0151084754586299,2023,2023-09-30,learned_market,20260911,0.47889889235377964,0.47889889235377964,0,0
annual_state_offset_half,3120,2023-12-01,2023-12-11,-0.0295859857973478,2023,2023-09-30,learned_market,20260911,0.5568581926310072,0.5568581926310072,1,0
annual_state_offset_half,3125,2023-12-08,2023-12-18,-0.0144639658974852,2023,2023-09-30,learned_market,20260911,0.43932316356736617,0.43932316356736617,0,0
annual_state_offset_half,3130,2023-12-15,2023-12-25,0.0003424256350643,2023,2023-09-30,learned_market,20260911,0.44310809852936656,0.44310809852936656,0,1
annual_state_offset_half,3135,2023-12-22,2024-01-02,0.0288079559683274,2023,2023-09-30,learned_market,20260911,0.4633451348626107,0.4633451348626107,0,1
annual_state_offset_half,3140,2023-12-29,2024-01-08,-0.0302544749829989,2023,2023-09-30,learned_market,20260911,0.5309469391947461,0.5309469391947461,1,0
annual_state_offset,3085,2023-10-13,2023-10-23,-0.0447156690429144,2023,2023-09-30,learned_vol_interaction,20260911,0.39071800850252725,0.39071800850252725,0,0
annual_state_offset,3090,2023-10-20,2023-10-30,0.0154019770298841,2023,2023-09-30,learned_vol_interaction,20260911,0.37176982446119383,0.37176982446119383,0,1
annual_state_offset,3095,2023-10-27,2023-11-06,0.0152527637017425,2023,2023-09-30,learned_vol_interaction,20260911,0.4249427677655258,0.4249427677655258,0,1
annual_state_offset,3100,2023-11-03,2023-11-13,-0.0039935482440582,2023,2023-09-30,learned_vol_interaction,20260911,0.6021473719235579,0.6021473719235579,1,0
annual_state_offset,3105,2023-11-10,2023-11-20,-0.0067280482816765,2023,2023-09-30,learned_vol_interaction,20260911,0.46324542414732833,0.46324542414732833,0,0
annual_state_offset,3110,2023-11-17,2023-11-27,-0.0098859017348651,2023,2023-09-30,learned_vol_interaction,20260911,0.445076866290577,0.445076866290577,0,0
annual_state_offset,3115,2023-11-24,2023-12-04,-0.0151084754586299,2023,2023-09-30,learned_vol_interaction,20260911,0.4661001753810943,0.4661001753810943,0,0
annual_state_offset,3120,2023-12-01,2023-12-11,-0.0295859857973478,2023,2023-09-30,learned_vol_interaction,20260911,0.5266172143398467,0.5266172143398467,1,0
annual_state_offset,3125,2023-12-08,2023-12-18,-0.0144639658974852,2023,2023-09-30,learned_vol_interaction,20260911,0.4763627446788749,0.4763627446788749,0,0
annual_state_offset,3130,2023-12-15,2023-12-25,0.0003424256350643,2023,2023-09-30,learned_vol_interaction,20260911,0.48224058926824576,0.48224058926824576,0,1
annual_state_offset,3135,2023-12-22,2024-01-02,0.0288079559683274,2023,2023-09-30,learned_vol_interaction,20260911,0.48585307574211656,0.48585307574211656,0,1
annual_state_offset,3140,2023-12-29,2024-01-08,-0.0302544749829989,2023,2023-09-30,learned_vol_interaction,20260911,0.5215875614379053,0.5215875614379053,1,0
annual_shared_offset,3085,2023-10-13,2023-10-23,-0.0447156690429144,2023,2023-09-30,learned_vol_interaction,20260911,0.41685389674749657,0.41685389674749657,0,0
annual_shared_offset,3090,2023-10-20,2023-10-30,0.0154019770298841,2023,2023-09-30,learned_vol_interaction,20260911,0.3974650728933462,0.3974650728933462,0,1
annual_shared_offset,3095,2023-10-27,2023-11-06,0.0152527637017425,2023,2023-09-30,learned_vol_interaction,20260911,0.4516708755603757,0.4516708755603757,0,1
annual_shared_offset,3100,2023-11-03,2023-11-13,-0.0039935482440582,2023,2023-09-30,learned_vol_interaction,20260911,0.6278522003087966,0.6278522003087966,1,0
annual_shared_offset,3105,2023-11-10,2023-11-20,-0.0067280482816765,2023,2023-09-30,learned_vol_interaction,20260911,0.49032849758298686,0.49032849758298686,0,0
annual_shared_offset,3110,2023-11-17,2023-11-27,-0.0098859017348651,2023,2023-09-30,learned_vol_interaction,20260911,0.4720318576797624,0.4720318576797624,0,0
annual_shared_offset,3115,2023-11-24,2023-12-04,-0.0151084754586299,2023,2023-09-30,learned_vol_interaction,20260911,0.49319679275892775,0.49319679275892775,0,0
annual_shared_offset,3120,2023-12-01,2023-12-11,-0.0295859857973478,2023,2023-09-30,learned_vol_interaction,20260911,0.5535841216712358,0.5535841216712358,1,0
annual_shared_offset,3125,2023-12-08,2023-12-18,-0.0144639658974852,2023,2023-09-30,learned_vol_interaction,20260911,0.5034933400986908,0.5034933400986908,1,0
annual_shared_offset,3130,2023-12-15,2023-12-25,0.0003424256350643,2023,2023-09-30,learned_vol_interaction,20260911,0.5093802992522735,0.5093802992522735,1,1
annual_shared_offset,3135,2023-12-22,2024-01-02,0.0288079559683274,2023,2023-09-30,learned_vol_interaction,20260911,0.5129946566674303,0.5129946566674303,1,1
annual_shared_offset,3140,2023-12-29,2024-01-08,-0.0302544749829989,2023,2023-09-30,learned_vol_interaction,20260911,0.5485953903380707,0.5485953903380707,1,0
annual_state_offset_half,3085,2023-10-13,2023-10-23,-0.0447156690429144,2023,2023-09-30,learned_vol_interaction,20260911,0.40299524102467177,0.40299524102467177,0,0
annual_state_offset_half,3090,2023-10-20,2023-10-30,0.0154019770298841,2023,2023-09-30,learned_vol_interaction,20260911,0.38382674066815675,0.38382674066815675,0,1
annual_state_offset_half,3095,2023-10-27,2023-11-06,0.0152527637017425,2023,2023-09-30,learned_vol_interaction,20260911,0.43752316467093183,0.43752316467093183,0,1
annual_state_offset_half,3100,2023-11-03,2023-11-13,-0.0039935482440582,2023,2023-09-30,learned_vol_interaction,20260911,0.614369134472444,0.614369134472444,1,0
annual_state_offset_half,3105,2023-11-10,2023-11-20,-0.0067280482816765,2023,2023-09-30,learned_vol_interaction,20260911,0.47602110896258704,0.47602110896258704,0,0
annual_state_offset_half,3110,2023-11-17,2023-11-27,-0.0098859017348651,2023,2023-09-30,learned_vol_interaction,20260911,0.457778826661834,0.457778826661834,0,0
annual_state_offset_half,3115,2023-11-24,2023-12-04,-0.0151084754586299,2023,2023-09-30,learned_vol_interaction,20260911,0.4788843484969953,0.4788843484969953,0,0
annual_state_offset_half,3120,2023-12-01,2023-12-11,-0.0295859857973478,2023,2023-09-30,learned_vol_interaction,20260911,0.5393843364795284,0.5393843364795284,1,0
annual_state_offset_half,3125,2023-12-08,2023-12-18,-0.0144639658974852,2023,2023-09-30,learned_vol_interaction,20260911,0.48917049987123185,0.48917049987123185,0,0
annual_state_offset_half,3130,2023-12-15,2023-12-25,0.0003424256350643,2023,2023-09-30,learned_vol_interaction,20260911,0.49505697006129745,0.49505697006129745,0,1
annual_state_offset_half,3135,2023-12-22,2024-01-02,0.0288079559683274,2023,2023-09-30,learned_vol_interaction,20260911,0.4986729957280524,0.4986729957280524,0,1
annual_state_offset_half,3140,2023-12-29,2024-01-08,-0.0302544749829989,2023,2023-09-30,learned_vol_interaction,20260911,0.5343703931770691,0.5343703931770691,1,0
annual_state_offset,3085,2023-10-13,2023-10-23,-0.0447156690429144,2023,2023-09-30,learned_order_extension,20260911,0.3891483516194848,0.3891483516194848,0,0
annual_state_offset,3090,2023-10-20,2023-10-30,0.0154019770298841,2023,2023-09-30,learned_order_extension,20260911,0.3699943042115933,0.3699943042115933,0,1
annual_state_offset,3095,2023-10-27,2023-11-06,0.0152527637017425,2023,2023-09-30,learned_order_extension,20260911,0.4247971274398633,0.4247971274398633,0,1
annual_state_offset,3100,2023-11-03,2023-11-13,-0.0039935482440582,2023,2023-09-30,learned_order_extension,20260911,0.6022280464948792,0.6022280464948792,1,0
annual_state_offset,3105,2023-11-10,2023-11-20,-0.0067280482816765,2023,2023-09-30,learned_order_extension,20260911,0.4638420828981592,0.4638420828981592,0,0
annual_state_offset,3110,2023-11-17,2023-11-27,-0.0098859017348651,2023,2023-09-30,learned_order_extension,20260911,0.4452828487604076,0.4452828487604076,0,0
annual_state_offset,3115,2023-11-24,2023-12-04,-0.0151084754586299,2023,2023-09-30,learned_order_extension,20260911,0.46663651290405267,0.46663651290405267,0,0
annual_state_offset,3120,2023-12-01,2023-12-11,-0.0295859857973478,2023,2023-09-30,learned_order_extension,20260911,0.5269129674265272,0.5269129674265272,1,0
annual_state_offset,3125,2023-12-08,2023-12-18,-0.0144639658974852,2023,2023-09-30,learned_order_extension,20260911,0.4757053706927968,0.4757053706927968,0,0
annual_state_offset,3130,2023-12-15,2023-12-25,0.0003424256350643,2023,2023-09-30,learned_order_extension,20260911,0.4829461959971986,0.4829461959971986,0,1
annual_state_offset,3135,2023-12-22,2024-01-02,0.0288079559683274,2023,2023-09-30,learned_order_extension,20260911,0.4871013595739617,0.4871013595739617,0,1
annual_state_offset,3140,2023-12-29,2024-01-08,-0.0302544749829989,2023,2023-09-30,learned_order_extension,20260911,0.5213100848429355,0.5213100848429355,1,0
annual_shared_offset,3085,2023-10-13,2023-10-23,-0.0447156690429144,2023,2023-09-30,learned_order_extension,20260911,0.4153084378236635,0.4153084378236635,0,0
annual_shared_offset,3090,2023-10-20,2023-10-30,0.0154019770298841,2023,2023-09-30,learned_order_extension,20260911,0.39570087537578014,0.39570087537578014,0,1
annual_shared_offset,3095,2023-10-27,2023-11-06,0.0152527637017425,2023,2023-09-30,learned_order_extension,20260911,0.4515820491977432,0.4515820491977432,0,1
annual_shared_offset,3100,2023-11-03,2023-11-13,-0.0039935482440582,2023,2023-09-30,learned_order_extension,20260911,0.6279863358929568,0.6279863358929568,1,0
annual_shared_offset,3105,2023-11-10,2023-11-20,-0.0067280482816765,2023,2023-09-30,learned_order_extension,20260911,0.4909874540564712,0.4909874540564712,0,0
annual_shared_offset,3110,2023-11-17,2023-11-27,-0.0098859017348651,2023,2023-09-30,learned_order_extension,20260911,0.47229885530471594,0.47229885530471594,0,0
annual_shared_offset,3115,2023-11-24,2023-12-04,-0.0151084754586299,2023,2023-09-30,learned_order_extension,20260911,0.4937948055941277,0.4937948055941277,0,0
annual_shared_offset,3120,2023-12-01,2023-12-11,-0.0295859857973478,2023,2023-09-30,learned_order_extension,20260911,0.5539359487050536,0.5539359487050536,1,0
annual_shared_offset,3125,2023-12-08,2023-12-18,-0.0144639658974852,2023,2023-09-30,learned_order_extension,20260911,0.5028938157093615,0.5028938157093615,1,0
annual_shared_offset,3130,2023-12-15,2023-12-25,0.0003424256350643,2023,2023-09-30,learned_order_extension,20260911,0.510145809111433,0.510145809111433,1,1
annual_shared_offset,3135,2023-12-22,2024-01-02,0.0288079559683274,2023,2023-09-30,learned_order_extension,20260911,0.5143022180611985,0.5143022180611985,1,1
annual_shared_offset,3140,2023-12-29,2024-01-08,-0.0302544749829989,2023,2023-09-30,learned_order_extension,20260911,0.5483787972929969,0.5483787972929969,1,0
annual_state_offset_half,3085,2023-10-13,2023-10-23,-0.0447156690429144,2023,2023-09-30,learned_order_extension,20260911,0.4015074864323464,0.4015074864323464,0,0
annual_state_offset_half,3090,2023-10-20,2023-10-30,0.0154019770298841,2023,2023-09-30,learned_order_extension,20260911,0.3821256602800569,0.3821256602800569,0,1
annual_state_offset_half,3095,2023-10-27,2023-11-06,0.0152527637017425,2023,2023-09-30,learned_order_extension,20260911,0.4374776030210252,0.4374776030210252,0,1
annual_state_offset_half,3100,2023-11-03,2023-11-13,-0.0039935482440582,2023,2023-09-30,learned_order_extension,20260911,0.6145462508215661,0.6145462508215661,1,0
annual_state_offset_half,3105,2023-11-10,2023-11-20,-0.0067280482816765,2023,2023-09-30,learned_order_extension,20260911,0.4767221073483604,0.4767221073483604,0,0
annual_state_offset_half,3110,2023-11-17,2023-11-27,-0.0098859017348651,2023,2023-09-30,learned_order_extension,20260911,0.45808783222697164,0.45808783222697164,0,0
annual_state_offset_half,3115,2023-11-24,2023-12-04,-0.0151084754586299,2023,2023-09-30,learned_order_extension,20260911,0.4795247336576623,0.4795247336576623,0,0
annual_state_offset_half,3120,2023-12-01,2023-12-11,-0.0295859857973478,2023,2023-09-30,learned_order_extension,20260911,0.5397811565629818,0.5397811565629818,1,0
annual_state_offset_half,3125,2023-12-08,2023-12-18,-0.0144639658974852,2023,2023-09-30,learned_order_extension,20260911,0.48861460626940245,0.48861460626940245,0,0
annual_state_offset_half,3130,2023-12-15,2023-12-25,0.0003424256350643,2023,2023-09-30,learned_order_extension,20260911,0.495866085991997,0.495866085991997,0,1
annual_state_offset_half,3135,2023-12-22,2024-01-02,0.0288079559683274,2023,2023-09-30,learned_order_extension,20260911,0.5000249105616205,0.5000249105616205,1,1
annual_state_offset_half,3140,2023-12-29,2024-01-08,-0.0302544749829989,2023,2023-09-30,learned_order_extension,20260911,0.5341959487427159,0.5341959487427159,1,0
annual_state_offset,3085,2023-10-13,2023-10-23,-0.0447156690429144,2023,2023-09-30,learned_order_offset,20260911,0.38912675689682436,0.38912675689682436,0,0
annual_state_offset,3090,2023-10-20,2023-10-30,0.0154019770298841,2023,2023-09-30,learned_order_offset,20260911,0.3699214890197556,0.3699214890197556,0,1
annual_state_offset,3095,2023-10-27,2023-11-06,0.0152527637017425,2023,2023-09-30,learned_order_offset,20260911,0.4247226657250747,0.4247226657250747,0,1
annual_state_offset,3100,2023-11-03,2023-11-13,-0.0039935482440582,2023,2023-09-30,learned_order_offset,20260911,0.6022093349667449,0.6022093349667449,1,0
annual_state_offset,3105,2023-11-10,2023-11-20,-0.0067280482816765,2023,2023-09-30,learned_order_offset,20260911,0.4637970271822091,0.4637970271822091,0,0
annual_state_offset,3110,2023-11-17,2023-11-27,-0.0098859017348651,2023,2023-09-30,learned_order_offset,20260911,0.44522118243511294,0.44522118243511294,0,0
annual_state_offset,3115,2023-11-24,2023-12-04,-0.0151084754586299,2023,2023-09-30,learned_order_offset,20260911,0.4666225441054475,0.4666225441054475,0,0
annual_state_offset,3120,2023-12-01,2023-12-11,-0.0295859857973478,2023,2023-09-30,learned_order_offset,20260911,0.5269054035328112,0.5269054035328112,1,0
annual_state_offset,3125,2023-12-08,2023-12-18,-0.0144639658974852,2023,2023-09-30,learned_order_offset,20260911,0.4756392925115389,0.4756392925115389,0,0
annual_state_offset,3130,2023-12-15,2023-12-25,0.0003424256350643,2023,2023-09-30,learned_order_offset,20260911,0.4828939426906339,0.4828939426906339,0,1
annual_state_offset,3135,2023-12-22,2024-01-02,0.0288079559683274,2023,2023-09-30,learned_order_offset,20260911,0.48707690697112604,0.48707690697112604,0,1
annual_state_offset,3140,2023-12-29,2024-01-08,-0.0302544749829989,2023,2023-09-30,learned_order_offset,20260911,0.5212822747451775,0.5212822747451775,1,0
annual_shared_offset,3085,2023-10-13,2023-10-23,-0.0447156690429144,2023,2023-09-30,learned_order_offset,20260911,0.41527015382445603,0.41527015382445603,0,0
annual_shared_offset,3090,2023-10-20,2023-10-30,0.0154019770298841,2023,2023-09-30,learned_order_offset,20260911,0.39561020196007807,0.39561020196007807,0,1
annual_shared_offset,3095,2023-10-27,2023-11-06,0.0152527637017425,2023,2023-09-30,learned_order_offset,20260911,0.4514900308864933,0.4514900308864933,0,1
annual_shared_offset,3100,2023-11-03,2023-11-13,-0.0039935482440582,2023,2023-09-30,learned_order_offset,20260911,0.6279524774531764,0.6279524774531764,1,0
annual_shared_offset,3105,2023-11-10,2023-11-20,-0.0067280482816765,2023,2023-09-30,learned_order_offset,20260911,0.4909254773534472,0.4909254773534472,0,0
annual_shared_offset,3110,2023-11-17,2023-11-27,-0.0098859017348651,2023,2023-09-30,learned_order_offset,20260911,0.4722199800966375,0.4722199800966375,0,0
annual_shared_offset,3115,2023-11-24,2023-12-04,-0.0151084754586299,2023,2023-09-30,learned_order_offset,20260911,0.4937640749414389,0.4937640749414389,0,0
annual_shared_offset,3120,2023-12-01,2023-12-11,-0.0295859857973478,2023,2023-09-30,learned_order_offset,20260911,0.553911941249296,0.553911941249296,1,0
annual_shared_offset,3125,2023-12-08,2023-12-18,-0.0144639658974852,2023,2023-09-30,learned_order_offset,20260911,0.5028108793154882,0.5028108793154882,1,0
annual_shared_offset,3130,2023-12-15,2023-12-25,0.0003424256350643,2023,2023-09-30,learned_order_offset,20260911,0.5100768188739404,0.5100768188739404,1,1
annual_shared_offset,3135,2023-12-22,2024-01-02,0.0288079559683274,2023,2023-09-30,learned_order_offset,20260911,0.5142610786239462,0.5142610786239462,1,1
annual_shared_offset,3140,2023-12-29,2024-01-08,-0.0302544749829989,2023,2023-09-30,learned_order_offset,20260911,0.5483346493780097,0.5483346493780097,1,0
annual_state_offset_half,3085,2023-10-13,2023-10-23,-0.0447156690429144,2023,2023-09-30,learned_order_offset,20260911,0.40147082540275864,0.40147082540275864,0,0
annual_state_offset_half,3090,2023-10-20,2023-10-30,0.0154019770298841,2023,2023-09-30,learned_order_offset,20260911,0.382037333863271,0.382037333863271,0,1
annual_state_offset_half,3095,2023-10-27,2023-11-06,0.0152527637017425,2023,2023-09-30,learned_order_offset,20260911,0.4373874203793471,0.4373874203793471,0,1
annual_state_offset_half,3100,2023-11-03,2023-11-13,-0.0039935482440582,2023,2023-09-30,learned_order_offset,20260911,0.6145131269843768,0.6145131269843768,1,0
annual_state_offset_half,3105,2023-11-10,2023-11-20,-0.0067280482816765,2023,2023-09-30,learned_order_offset,20260911,0.47666151609026136,0.47666151609026136,0,0
annual_state_offset_half,3110,2023-11-17,2023-11-27,-0.0098859017348651,2023,2023-09-30,learned_order_offset,20260911,0.45801053523717294,0.45801053523717294,0,0
annual_state_offset_half,3115,2023-11-24,2023-12-04,-0.0151084754586299,2023,2023-09-30,learned_order_offset,20260911,0.479495321494227,0.479495321494227,0,0
annual_state_offset_half,3120,2023-12-01,2023-12-11,-0.0295859857973478,2023,2023-09-30,learned_order_offset,20260911,0.5397582859689471,0.5397582859689471,1,0
annual_state_offset_half,3125,2023-12-08,2023-12-18,-0.0144639658974852,2023,2023-09-30,learned_order_offset,20260911,0.4885329835946343,0.4885329835946343,0,0
annual_state_offset_half,3130,2023-12-15,2023-12-25,0.0003424256350643,2023,2023-09-30,learned_order_offset,20260911,0.49579834600603856,0.49579834600603856,0,1
annual_state_offset_half,3135,2023-12-22,2024-01-02,0.0288079559683274,2023,2023-09-30,learned_order_offset,20260911,0.4999850113028116,0.4999850113028116,0,1
annual_state_offset_half,3140,2023-12-29,2024-01-08,-0.0302544749829989,2023,2023-09-30,learned_order_offset,20260911,0.5341528599980873,0.5341528599980873,1,0
annual_state_offset,3085,2023-10-13,2023-10-23,-0.0447156690429144,2023,2023-09-30,learned_market,20260912,0.3899056940154509,0.3899056940154509,0,0
annual_state_offset,3090,2023-10-20,2023-10-30,0.0154019770298841,2023,2023-09-30,learned_market,20260912,0.41243859191406257,0.41243859191406257,0,1
annual_state_offset,3095,2023-10-27,2023-11-06,0.0152527637017425,2023,2023-09-30,learned_market,20260912,0.8146080312910592,0.8146080312910592,1,1
annual_state_offset,3100,2023-11-03,2023-11-13,-0.0039935482440582,2023,2023-09-30,learned_market,20260912,0.32348200552934187,0.32348200552934187,0,0
annual_state_offset,3105,2023-11-10,2023-11-20,-0.0067280482816765,2023,2023-09-30,learned_market,20260912,0.2961766861931241,0.2961766861931241,0,0
annual_state_offset,3110,2023-11-17,2023-11-27,-0.0098859017348651,2023,2023-09-30,learned_market,20260912,0.2197061616601881,0.2197061616601881,0,0
annual_state_offset,3115,2023-11-24,2023-12-04,-0.0151084754586299,2023,2023-09-30,learned_market,20260912,0.5396320932196215,0.5396320932196215,1,0
annual_state_offset,3120,2023-12-01,2023-12-11,-0.0295859857973478,2023,2023-09-30,learned_market,20260912,0.3109947495221066,0.3109947495221066,0,0
annual_state_offset,3125,2023-12-08,2023-12-18,-0.0144639658974852,2023,2023-09-30,learned_market,20260912,0.38520477482543036,0.38520477482543036,0,0
annual_state_offset,3130,2023-12-15,2023-12-25,0.0003424256350643,2023,2023-09-30,learned_market,20260912,0.4339641375954464,0.4339641375954464,0,1
annual_state_offset,3135,2023-12-22,2024-01-02,0.0288079559683274,2023,2023-09-30,learned_market,20260912,0.3235169946235074,0.3235169946235074,0,1
annual_state_offset,3140,2023-12-29,2024-01-08,-0.0302544749829989,2023,2023-09-30,learned_market,20260912,0.266568624025214,0.266568624025214,0,0
annual_shared_offset,3085,2023-10-13,2023-10-23,-0.0447156690429144,2023,2023-09-30,learned_market,20260912,0.4191224503511012,0.4191224503511012,0,0
annual_shared_offset,3090,2023-10-20,2023-10-30,0.0154019770298841,2023,2023-09-30,learned_market,20260912,0.44212022173929166,0.44212022173929166,0,1
annual_shared_offset,3095,2023-10-27,2023-11-06,0.0152527637017425,2023,2023-09-30,learned_market,20260912,0.8322372128180974,0.8322372128180974,1,1
annual_shared_offset,3100,2023-11-03,2023-11-13,-0.0039935482440582,2023,2023-09-30,learned_market,20260912,0.35058158525000715,0.35058158525000715,0,0
annual_shared_offset,3105,2023-11-10,2023-11-20,-0.0067280482816765,2023,2023-09-30,learned_market,20260912,0.32207780660261004,0.32207780660261004,0,0
annual_shared_offset,3110,2023-11-17,2023-11-27,-0.0098859017348651,2023,2023-09-30,learned_market,20260912,0.24121171798289534,0.24121171798289534,0,0
annual_shared_offset,3115,2023-11-24,2023-12-04,-0.0151084754586299,2023,2023-09-30,learned_market,20260912,0.569593643196452,0.569593643196452,1,0
annual_shared_offset,3120,2023-12-01,2023-12-11,-0.0295859857973478,2023,2023-09-30,learned_market,20260912,0.3375702066326336,0.3375702066326336,0,0
annual_shared_offset,3125,2023-12-08,2023-12-18,-0.0144639658974852,2023,2023-09-30,learned_market,20260912,0.4143084892575385,0.4143084892575385,0,0
annual_shared_offset,3130,2023-12-15,2023-12-25,0.0003424256350643,2023,2023-09-30,learned_market,20260912,0.4639716131007461,0.4639716131007461,0,1
annual_shared_offset,3135,2023-12-22,2024-01-02,0.0288079559683274,2023,2023-09-30,learned_market,20260912,0.35061798639440384,0.35061798639440384,0,1
annual_shared_offset,3140,2023-12-29,2024-01-08,-0.0302544749829989,2023,2023-09-30,learned_market,20260912,0.29095084176933506,0.29095084176933506,0,0
annual_state_offset_half,3085,2023-10-13,2023-10-23,-0.0447156690429144,2023,2023-09-30,learned_market,20260912,0.3974942144430662,0.3974942144430662,0,0
annual_state_offset_half,3090,2023-10-20,2023-10-30,0.0154019770298841,2023,2023-09-30,learned_market,20260912,0.42016363750474545,0.42016363750474545,0,1
annual_state_offset_half,3095,2023-10-27,2023-11-06,0.0152527637017425,2023,2023-09-30,learned_market,20260912,0.8193613365660665,0.8193613365660665,1,1
annual_state_offset_half,3100,2023-11-03,2023-11-13,-0.0039935482440582,2023,2023-09-30,learned_market,20260912,0.33047802917605823,0.33047802917605823,0,0
annual_state_offset_half,3105,2023-11-10,2023-11-20,-0.0067280482816765,2023,2023-09-30,learned_market,20260912,0.3028465285958469,0.3028465285958469,0,0
annual_state_offset_half,3110,2023-11-17,2023-11-27,-0.0098859017348651,2023,2023-09-30,learned_market,20260912,0.22520492962973662,0.22520492962973662,0,0
annual_state_offset_half,3115,2023-11-24,2023-12-04,-0.0151084754586299,2023,2023-09-30,learned_market,20260912,0.5475194947704423,0.5475194947704423,1,0
annual_state_offset_half,3120,2023-12-01,2023-12-11,-0.0295859857973478,2023,2023-09-30,learned_market,20260912,0.31784759251410055,0.31784759251410055,0,0
annual_state_offset_half,3125,2023-12-08,2023-12-18,-0.0144639658974852,2023,2023-09-30,learned_market,20260912,0.3927607033122178,0.3927607033122178,0,0
annual_state_offset_half,3130,2023-12-15,2023-12-25,0.0003424256350643,2023,2023-09-30,learned_market,20260912,0.44178921021394013,0.44178921021394013,0,1
annual_state_offset_half,3135,2023-12-22,2024-01-02,0.0288079559683274,2023,2023-09-30,learned_market,20260912,0.33051340529284245,0.33051340529284245,0,1
annual_state_offset_half,3140,2023-12-29,2024-01-08,-0.0302544749829989,2023,2023-09-30,learned_market,20260912,0.27283016452389,0.27283016452389,0,0
annual_state_offset,3085,2023-10-13,2023-10-23,-0.0447156690429144,2023,2023-09-30,learned_vol_interaction,20260912,0.3833103763284327,0.3833103763284327,0,0
annual_state_offset,3090,2023-10-20,2023-10-30,0.0154019770298841,2023,2023-09-30,learned_vol_interaction,20260912,0.41660295339244324,0.41660295339244324,0,1
annual_state_offset,3095,2023-10-27,2023-11-06,0.0152527637017425,2023,2023-09-30,learned_vol_interaction,20260912,0.8304076046836758,0.8304076046836758,1,1
annual_state_offset,3100,2023-11-03,2023-11-13,-0.0039935482440582,2023,2023-09-30,learned_vol_interaction,20260912,0.3216195440927292,0.3216195440927292,0,0
annual_state_offset,3105,2023-11-10,2023-11-20,-0.0067280482816765,2023,2023-09-30,learned_vol_interaction,20260912,0.29123011798719844,0.29123011798719844,0,0
annual_state_offset,3110,2023-11-17,2023-11-27,-0.0098859017348651,2023,2023-09-30,learned_vol_interaction,20260912,0.19258811247577917,0.19258811247577917,0,0
annual_state_offset,3115,2023-11-24,2023-12-04,-0.0151084754586299,2023,2023-09-30,learned_vol_interaction,20260912,0.5609969919857128,0.5609969919857128,1,0
annual_state_offset,3120,2023-12-01,2023-12-11,-0.0295859857973478,2023,2023-09-30,learned_vol_interaction,20260912,0.29451737622923446,0.29451737622923446,0,0
annual_state_offset,3125,2023-12-08,2023-12-18,-0.0144639658974852,2023,2023-09-30,learned_vol_interaction,20260912,0.37638936205745094,0.37638936205745094,0,0
annual_state_offset,3130,2023-12-15,2023-12-25,0.0003424256350643,2023,2023-09-30,learned_vol_interaction,20260912,0.42636736483468257,0.42636736483468257,0,1
annual_state_offset,3135,2023-12-22,2024-01-02,0.0288079559683274,2023,2023-09-30,learned_vol_interaction,20260912,0.2999804475726328,0.2999804475726328,0,1
annual_state_offset,3140,2023-12-29,2024-01-08,-0.0302544749829989,2023,2023-09-30,learned_vol_interaction,20260912,0.2563395940819808,0.2563395940819808,0,0
annual_shared_offset,3085,2023-10-13,2023-10-23,-0.0447156690429144,2023,2023-09-30,learned_vol_interaction,20260912,0.4120050632153657,0.4120050632153657,0,0
annual_shared_offset,3090,2023-10-20,2023-10-30,0.0154019770298841,2023,2023-09-30,learned_vol_interaction,20260912,0.445987515540429,0.445987515540429,0,1
annual_shared_offset,3095,2023-10-27,2023-11-06,0.0152527637017425,2023,2023-09-30,learned_vol_interaction,20260912,0.8466230453691691,0.8466230453691691,1,1
annual_shared_offset,3100,2023-11-03,2023-11-13,-0.0039935482440582,2023,2023-09-30,learned_vol_interaction,20260912,0.3483043815005375,0.3483043815005375,0,0
annual_shared_offset,3105,2023-11-10,2023-11-20,-0.0067280482816765,2023,2023-09-30,learned_vol_interaction,20260912,0.316570172406708,0.316570172406708,0,0
annual_shared_offset,3110,2023-11-17,2023-11-27,-0.0098859017348651,2023,2023-09-30,learned_vol_interaction,20260912,0.2119114362118249,0.2119114362118249,0,0
annual_shared_offset,3115,2023-11-24,2023-12-04,-0.0151084754586299,2023,2023-09-30,learned_vol_interaction,20260912,0.5902617142355915,0.5902617142355915,1,0
annual_shared_offset,3120,2023-12-01,2023-12-11,-0.0295859857973478,2023,2023-09-30,learned_vol_interaction,20260912,0.32001431385186613,0.32001431385186613,0,0
annual_shared_offset,3125,2023-12-08,2023-12-18,-0.0144639658974852,2023,2023-09-30,learned_vol_interaction,20260912,0.40490612018675776,0.40490612018675776,0,0
annual_shared_offset,3130,2023-12-15,2023-12-25,0.0003424256350643,2023,2023-09-30,learned_vol_interaction,20260912,0.455902438779862,0.455902438779862,0,1
annual_shared_offset,3135,2023-12-22,2024-01-02,0.0288079559683274,2023,2023-09-30,learned_vol_interaction,20260912,0.3257319663099694,0.3257319663099694,0,1
annual_shared_offset,3140,2023-12-29,2024-01-08,-0.0302544749829989,2023,2023-09-30,learned_vol_interaction,20260912,0.2798424447615359,0.2798424447615359,0,0
annual_state_offset_half,3085,2023-10-13,2023-10-23,-0.0447156690429144,2023,2023-09-30,learned_vol_interaction,20260912,0.390218586999762,0.390218586999762,0,0
annual_state_offset_half,3090,2023-10-20,2023-10-30,0.0154019770298841,2023,2023-09-30,learned_vol_interaction,20260912,0.4236989366215614,0.4236989366215614,0,1
annual_state_offset_half,3095,2023-10-27,2023-11-06,0.0152527637017425,2023,2023-09-30,learned_vol_interaction,20260912,0.8344702434567628,0.8344702434567628,1,1
annual_state_offset_half,3100,2023-11-03,2023-11-13,-0.0039935482440582,2023,2023-09-30,learned_vol_interaction,20260912,0.32800729256916544,0.32800729256916544,0,0
annual_state_offset_half,3105,2023-11-10,2023-11-20,-0.0067280482816765,2023,2023-09-30,learned_vol_interaction,20260912,0.29727879175948785,0.29727879175948785,0,0
annual_state_offset_half,3110,2023-11-17,2023-11-27,-0.0098859017348651,2023,2023-09-30,learned_vol_interaction,20260912,0.19715794627013505,0.19715794627013505,0,0
annual_state_offset_half,3115,2023-11-24,2023-12-04,-0.0151084754586299,2023,2023-09-30,learned_vol_interaction,20260912,0.5681572225658365,0.5681572225658365,1,0
annual_state_offset_half,3120,2023-12-01,2023-12-11,-0.0295859857973478,2023,2023-09-30,learned_vol_interaction,20260912,0.30060536766387613,0.30060536766387613,0,0
annual_state_offset_half,3125,2023-12-08,2023-12-18,-0.0144639658974852,2023,2023-09-30,learned_vol_interaction,20260912,0.3832503564221745,0.3832503564221745,0,0
annual_state_offset_half,3130,2023-12-15,2023-12-25,0.0003424256350643,2023,2023-09-30,learned_vol_interaction,20260912,0.43350607950519027,0.43350607950519027,0,1
annual_state_offset_half,3135,2023-12-22,2024-01-02,0.0288079559683274,2023,2023-09-30,learned_vol_interaction,20260912,0.30613236355033824,0.30613236355033824,0,1
annual_state_offset_half,3140,2023-12-29,2024-01-08,-0.0302544749829989,2023,2023-09-30,learned_vol_interaction,20260912,0.2619314146603818,0.2619314146603818,0,0
annual_state_offset,3085,2023-10-13,2023-10-23,-0.0447156690429144,2023,2023-09-30,learned_order_extension,20260912,0.38751301015487494,0.38751301015487494,0,0
annual_state_offset,3090,2023-10-20,2023-10-30,0.0154019770298841,2023,2023-09-30,learned_order_extension,20260912,0.43026962176403044,0.43026962176403044,0,1
annual_state_offset,3095,2023-10-27,2023-11-06,0.0152527637017425,2023,2023-09-30,learned_order_extension,20260912,0.7911387226789458,0.7911387226789458,1,1
annual_state_offset,3100,2023-11-03,2023-11-13,-0.0039935482440582,2023,2023-09-30,learned_order_extension,20260912,0.36202093767353266,0.36202093767353266,0,0
annual_state_offset,3105,2023-11-10,2023-11-20,-0.0067280482816765,2023,2023-09-30,learned_order_extension,20260912,0.30892490407879813,0.30892490407879813,0,0
annual_state_offset,3110,2023-11-17,2023-11-27,-0.0098859017348651,2023,2023-09-30,learned_order_extension,20260912,0.2400382218651473,0.2400382218651473,0,0
annual_state_offset,3115,2023-11-24,2023-12-04,-0.0151084754586299,2023,2023-09-30,learned_order_extension,20260912,0.534396445239549,0.534396445239549,1,0
annual_state_offset,3120,2023-12-01,2023-12-11,-0.0295859857973478,2023,2023-09-30,learned_order_extension,20260912,0.33022479024309,0.33022479024309,0,0
annual_state_offset,3125,2023-12-08,2023-12-18,-0.0144639658974852,2023,2023-09-30,learned_order_extension,20260912,0.38443327178054487,0.38443327178054487,0,0
annual_state_offset,3130,2023-12-15,2023-12-25,0.0003424256350643,2023,2023-09-30,learned_order_extension,20260912,0.4474911629319142,0.4474911629319142,0,1
annual_state_offset,3135,2023-12-22,2024-01-02,0.0288079559683274,2023,2023-09-30,learned_order_extension,20260912,0.32140549334327556,0.32140549334327556,0,1
annual_state_offset,3140,2023-12-29,2024-01-08,-0.0302544749829989,2023,2023-09-30,learned_order_extension,20260912,0.30897014847691295,0.30897014847691295,0,0
annual_shared_offset,3085,2023-10-13,2023-10-23,-0.0447156690429144,2023,2023-09-30,learned_order_extension,20260912,0.4156340458006278,0.4156340458006278,0,0
annual_shared_offset,3090,2023-10-20,2023-10-30,0.0154019770298841,2023,2023-09-30,learned_order_extension,20260912,0.459167350114316,0.459167350114316,0,1
annual_shared_offset,3095,2023-10-27,2023-11-06,0.0152527637017425,2023,2023-09-30,learned_order_extension,20260912,0.8098227824653159,0.8098227824653159,1,1
annual_shared_offset,3100,2023-11-03,2023-11-13,-0.0039935482440582,2023,2023-09-30,learned_order_extension,20260912,0.38946838523830674,0.38946838523830674,0,0
annual_shared_offset,3105,2023-11-10,2023-11-20,-0.0067280482816765,2023,2023-09-30,learned_order_extension,20260912,0.33445715234019335,0.33445715234019335,0,0
annual_shared_offset,3110,2023-11-17,2023-11-27,-0.0098859017348651,2023,2023-09-30,learned_order_extension,20260912,0.26203584640271166,0.26203584640271166,0,0
annual_shared_offset,3115,2023-11-24,2023-12-04,-0.0151084754586299,2023,2023-09-30,learned_order_extension,20260912,0.5633722190524542,0.5633722190524542,1,0
annual_shared_offset,3120,2023-12-01,2023-12-11,-0.0295859857973478,2023,2023-09-30,learned_order_extension,20260912,0.3566090397449442,0.3566090397449442,0,0
annual_shared_offset,3125,2023-12-08,2023-12-18,-0.0144639658974852,2023,2023-09-30,learned_order_extension,20260912,0.412481327357086,0.412481327357086,0,0
annual_shared_offset,3130,2023-12-15,2023-12-25,0.0003424256350643,2023,2023-09-30,learned_order_extension,20260912,0.4765780034999358,0.4765780034999358,0,1
annual_shared_offset,3135,2023-12-22,2024-01-02,0.0288079559683274,2023,2023-09-30,learned_order_extension,20260912,0.34745063848011526,0.34745063848011526,0,1
annual_shared_offset,3140,2023-12-29,2024-01-08,-0.0302544749829989,2023,2023-09-30,learned_order_extension,20260912,0.33450432613464304,0.33450432613464304,0,0
annual_state_offset_half,3085,2023-10-13,2023-10-23,-0.0447156690429144,2023,2023-09-30,learned_order_extension,20260912,0.39496788026539403,0.39496788026539403,0,0
annual_state_offset_half,3090,2023-10-20,2023-10-30,0.0154019770298841,2023,2023-09-30,learned_order_extension,20260912,0.4379588746024241,0.4379588746024241,0,1
annual_state_offset_half,3095,2023-10-27,2023-11-06,0.0152527637017425,2023,2023-09-30,learned_order_extension,20260912,0.7962637514646392,0.7962637514646392,1,1
annual_state_offset_half,3100,2023-11-03,2023-11-13,-0.0039935482440582,2023,2023-09-30,learned_order_extension,20260912,0.3692810762880513,0.3692810762880513,0,0
annual_state_offset_half,3105,2023-11-10,2023-11-20,-0.0067280482816765,2023,2023-09-30,learned_order_extension,20260912,0.3156470575204141,0.3156470575204141,0,0
annual_state_offset_half,3110,2023-11-17,2023-11-27,-0.0098859017348651,2023,2023-09-30,learned_order_extension,20260912,0.24579454851240526,0.24579454851240526,0,0
annual_state_offset_half,3115,2023-11-24,2023-12-04,-0.0151084754586299,2023,2023-09-30,learned_order_extension,20260912,0.5421756959224917,0.5421756959224917,1,0
annual_state_offset_half,3120,2023-12-01,2023-12-11,-0.0295859857973478,2023,2023-09-30,learned_order_extension,20260912,0.3371842869015884,0.3371842869015884,0,0
annual_state_offset_half,3125,2023-12-08,2023-12-18,-0.0144639658974852,2023,2023-09-30,learned_order_extension,20260912,0.3918668008303254,0.3918668008303254,0,0
annual_state_offset_half,3130,2023-12-15,2023-12-25,0.0003424256350643,2023,2023-09-30,learned_order_extension,20260912,0.45524226104281706,0.45524226104281706,0,1
annual_state_offset_half,3135,2023-12-22,2024-01-02,0.0288079559683274,2023,2023-09-30,learned_order_extension,20260912,0.3282702201709729,0.3282702201709729,0,1
annual_state_offset_half,3140,2023-12-29,2024-01-08,-0.0302544749829989,2023,2023-09-30,learned_order_extension,20260912,0.3156928366907225,0.3156928366907225,0,0
annual_state_offset,3085,2023-10-13,2023-10-23,-0.0447156690429144,2023,2023-09-30,learned_order_offset,20260912,0.3901631780230514,0.3901631780230514,0,0
annual_state_offset,3090,2023-10-20,2023-10-30,0.0154019770298841,2023,2023-09-30,learned_order_offset,20260912,0.4339328881306697,0.4339328881306697,0,1
annual_state_offset,3095,2023-10-27,2023-11-06,0.0152527637017425,2023,2023-09-30,learned_order_offset,20260912,0.7865017769918624,0.7865017769918624,1,1
annual_state_offset,3100,2023-11-03,2023-11-13,-0.0039935482440582,2023,2023-09-30,learned_order_offset,20260912,0.36607545531412566,0.36607545531412566,0,0
annual_state_offset,3105,2023-11-10,2023-11-20,-0.0067280482816765,2023,2023-09-30,learned_order_offset,20260912,0.3110817323102329,0.3110817323102329,0,0
annual_state_offset,3110,2023-11-17,2023-11-27,-0.0098859017348651,2023,2023-09-30,learned_order_offset,20260912,0.24719334245771932,0.24719334245771932,0,0
annual_state_offset,3115,2023-11-24,2023-12-04,-0.0151084754586299,2023,2023-09-30,learned_order_offset,20260912,0.5313955430553023,0.5313955430553023,1,0
annual_state_offset,3120,2023-12-01,2023-12-11,-0.0295859857973478,2023,2023-09-30,learned_order_offset,20260912,0.33583791388052764,0.33583791388052764,0,0
annual_state_offset,3125,2023-12-08,2023-12-18,-0.0144639658974852,2023,2023-09-30,learned_order_offset,20260912,0.3890248240151302,0.3890248240151302,0,0
annual_state_offset,3130,2023-12-15,2023-12-25,0.0003424256350643,2023,2023-09-30,learned_order_offset,20260912,0.4504606303577025,0.4504606303577025,0,1
annual_state_offset,3135,2023-12-22,2024-01-02,0.0288079559683274,2023,2023-09-30,learned_order_offset,20260912,0.3263986570740138,0.3263986570740138,0,1
annual_state_offset,3140,2023-12-29,2024-01-08,-0.0302544749829989,2023,2023-09-30,learned_order_offset,20260912,0.31308467342457735,0.31308467342457735,0,0
annual_shared_offset,3085,2023-10-13,2023-10-23,-0.0447156690429144,2023,2023-09-30,learned_order_offset,20260912,0.41860870481985146,0.41860870481985146,0,0
annual_shared_offset,3090,2023-10-20,2023-10-30,0.0154019770298841,2023,2023-09-30,learned_order_offset,20260912,0.4631460072958977,0.4631460072958977,0,1
annual_shared_offset,3095,2023-10-27,2023-11-06,0.0152527637017425,2023,2023-09-30,learned_order_offset,20260912,0.8056682678307121,0.8056682678307121,1,1
annual_shared_offset,3100,2023-11-03,2023-11-13,-0.0039935482440582,2023,2023-09-30,learned_order_offset,20260912,0.3938991427188811,0.3938991427188811,0,0
annual_shared_offset,3105,2023-11-10,2023-11-20,-0.0067280482816765,2023,2023-09-30,learned_order_offset,20260912,0.3369472838320499,0.3369472838320499,0,0
annual_shared_offset,3110,2023-11-17,2023-11-27,-0.0098859017348651,2023,2023-09-30,learned_order_offset,20260912,0.2698273525882168,0.2698273525882168,0,0
annual_shared_offset,3115,2023-11-24,2023-12-04,-0.0151084754586299,2023,2023-09-30,learned_order_offset,20260912,0.5606712068428826,0.5606712068428826,1,0
annual_shared_offset,3120,2023-12-01,2023-12-11,-0.0295859857973478,2023,2023-09-30,learned_order_offset,20260912,0.36267823157482065,0.36267823157482065,0,0
annual_shared_offset,3125,2023-12-08,2023-12-18,-0.0144639658974852,2023,2023-09-30,learned_order_offset,20260912,0.41744416778306626,0.41744416778306626,0,0
annual_shared_offset,3130,2023-12-15,2023-12-25,0.0003424256350643,2023,2023-09-30,learned_order_offset,20260912,0.4798432334524415,0.4798432334524415,0,1
annual_shared_offset,3135,2023-12-22,2024-01-02,0.0288079559683274,2023,2023-09-30,learned_order_offset,20260912,0.3528854106128189,0.3528854106128189,0,1
annual_shared_offset,3140,2023-12-29,2024-01-08,-0.0302544749829989,2023,2023-09-30,learned_order_offset,20260912,0.3390348056181625,0.3390348056181625,0,0
annual_state_offset_half,3085,2023-10-13,2023-10-23,-0.0447156690429144,2023,2023-09-30,learned_order_offset,20260912,0.3980175951075013,0.3980175951075013,0,0
annual_state_offset_half,3090,2023-10-20,2023-10-30,0.0154019770298841,2023,2023-09-30,learned_order_offset,20260912,0.44202976400281463,0.44202976400281463,0,1
annual_state_offset_half,3095,2023-10-27,2023-11-06,0.0152527637017425,2023,2023-09-30,learned_order_offset,20260912,0.7919732317453163,0.7919732317453163,1,1
annual_state_offset_half,3100,2023-11-03,2023-11-13,-0.0039935482440582,2023,2023-09-30,learned_order_offset,20260912,0.37374214140400824,0.37374214140400824,0,0
annual_state_offset_half,3105,2023-11-10,2023-11-20,-0.0067280482816765,2023,2023-09-30,learned_order_offset,20260912,0.31817475691599634,0.31817475691599634,0,0
annual_state_offset_half,3110,2023-11-17,2023-11-27,-0.0098859017348651,2023,2023-09-30,learned_order_offset,20260912,0.25336538304482853,0.25336538304482853,0,0
annual_state_offset_half,3115,2023-11-24,2023-12-04,-0.0151084754586299,2023,2023-09-30,learned_order_offset,20260912,0.5395775210669,0.5395775210669,1,0
annual_state_offset_half,3120,2023-12-01,2023-12-11,-0.0295859857973478,2023,2023-09-30,learned_order_offset,20260912,0.3432141933749918,0.3432141933749918,0,0
annual_state_offset_half,3125,2023-12-08,2023-12-18,-0.0144639658974852,2023,2023-09-30,learned_order_offset,20260912,0.3968712383209901,0.3968712383209901,0,0
annual_state_offset_half,3130,2023-12-15,2023-12-25,0.0003424256350643,2023,2023-09-30,learned_order_offset,20260912,0.45861604603191575,0.45861604603191575,0,1
annual_state_offset_half,3135,2023-12-22,2024-01-02,0.0288079559683274,2023,2023-09-30,learned_order_offset,20260912,0.3336717721111539,0.3336717721111539,0,1
annual_state_offset_half,3140,2023-12-29,2024-01-08,-0.0302544749829989,2023,2023-09-30,learned_order_offset,20260912,0.3202021407525163,0.3202021407525163,0,0
annual_state_offset,3144,2024-01-05,2024-01-15,-0.0158038409563566,2024,2023-12-31,learned_market,20260910,0.37911601118731636,0.37911601118731636,0,0
annual_state_offset,3149,2024-01-12,2024-01-22,-0.002333261979756,2024,2023-12-31,learned_market,20260910,0.4589111880907024,0.4589111880907024,0,0
annual_state_offset,3154,2024-01-19,2024-01-29,0.0223511633823452,2024,2023-12-31,learned_market,20260910,0.41956122213307734,0.41956122213307734,0,1
annual_state_offset,3159,2024-01-26,2024-02-05,-0.0513103415192826,2024,2023-12-31,learned_market,20260910,0.4467918935376125,0.4467918935376125,0,0
annual_state_offset,3164,2024-02-02,2024-02-26,0.1015374891364462,2024,2023-12-31,learned_market,20260910,0.6470923056808707,0.6470923056808707,1,1
annual_state_offset,3173,2024-02-23,2024-03-04,0.0151569053862528,2024,2023-12-31,learned_market,20260910,0.6974540268702009,0.6974540268702009,1,1
annual_state_offset,3178,2024-03-01,2024-03-11,0.0021394031715169,2024,2023-12-31,learned_market,20260910,0.6539310685581109,0.6539310685581109,1,1
annual_state_offset,3183,2024-03-08,2024-03-18,0.0087762342284414,2024,2023-12-31,learned_market,20260910,0.651636534380962,0.651636534380962,1,1
annual_state_offset,3188,2024-03-15,2024-03-25,-0.0112802133595746,2024,2023-12-31,learned_market,20260910,0.6184866579610433,0.6184866579610433,1,0
annual_state_offset,3193,2024-03-22,2024-04-01,0.0042044725182444,2024,2023-12-31,learned_market,20260910,0.49537529534083324,0.49537529534083324,0,1
annual_state_offset,3198,2024-03-29,2024-04-15,-0.0219845815102011,2024,2023-12-31,learned_market,20260910,0.4469684467331579,0.4469684467331579,0,0
annual_shared_offset,3144,2024-01-05,2024-01-15,-0.0158038409563566,2024,2023-12-31,learned_market,20260910,0.37911601118731636,0.37911601118731636,0,0
annual_shared_offset,3149,2024-01-12,2024-01-22,-0.002333261979756,2024,2023-12-31,learned_market,20260910,0.4589111880907024,0.4589111880907024,0,0
annual_shared_offset,3154,2024-01-19,2024-01-29,0.0223511633823452,2024,2023-12-31,learned_market,20260910,0.41956122213307734,0.41956122213307734,0,1
annual_shared_offset,3159,2024-01-26,2024-02-05,-0.0513103415192826,2024,2023-12-31,learned_market,20260910,0.4467918935376125,0.4467918935376125,0,0
annual_shared_offset,3164,2024-02-02,2024-02-26,0.1015374891364462,2024,2023-12-31,learned_market,20260910,0.6470923056808707,0.6470923056808707,1,1
annual_shared_offset,3173,2024-02-23,2024-03-04,0.0151569053862528,2024,2023-12-31,learned_market,20260910,0.6974540268702009,0.6974540268702009,1,1
annual_shared_offset,3178,2024-03-01,2024-03-11,0.0021394031715169,2024,2023-12-31,learned_market,20260910,0.6539310685581109,0.6539310685581109,1,1
annual_shared_offset,3183,2024-03-08,2024-03-18,0.0087762342284414,2024,2023-12-31,learned_market,20260910,0.651636534380962,0.651636534380962,1,1
annual_shared_offset,3188,2024-03-15,2024-03-25,-0.0112802133595746,2024,2023-12-31,learned_market,20260910,0.6184866579610433,0.6184866579610433,1,0
annual_shared_offset,3193,2024-03-22,2024-04-01,0.0042044725182444,2024,2023-12-31,learned_market,20260910,0.49537529534083324,0.49537529534083324,0,1
annual_shared_offset,3198,2024-03-29,2024-04-15,-0.0219845815102011,2024,2023-12-31,learned_market,20260910,0.4469684467331579,0.4469684467331579,0,0
annual_state_offset_half,3144,2024-01-05,2024-01-15,-0.0158038409563566,2024,2023-12-31,learned_market,20260910,0.37911601118731636,0.37911601118731636,0,0
annual_state_offset_half,3149,2024-01-12,2024-01-22,-0.002333261979756,2024,2023-12-31,learned_market,20260910,0.4589111880907024,0.4589111880907024,0,0
annual_state_offset_half,3154,2024-01-19,2024-01-29,0.0223511633823452,2024,2023-12-31,learned_market,20260910,0.41956122213307734,0.41956122213307734,0,1
annual_state_offset_half,3159,2024-01-26,2024-02-05,-0.0513103415192826,2024,2023-12-31,learned_market,20260910,0.4467918935376125,0.4467918935376125,0,0
annual_state_offset_half,3164,2024-02-02,2024-02-26,0.1015374891364462,2024,2023-12-31,learned_market,20260910,0.6470923056808707,0.6470923056808707,1,1
annual_state_offset_half,3173,2024-02-23,2024-03-04,0.0151569053862528,2024,2023-12-31,learned_market,20260910,0.6974540268702009,0.6974540268702009,1,1
annual_state_offset_half,3178,2024-03-01,2024-03-11,0.0021394031715169,2024,2023-12-31,learned_market,20260910,0.6539310685581109,0.6539310685581109,1,1
annual_state_offset_half,3183,2024-03-08,2024-03-18,0.0087762342284414,2024,2023-12-31,learned_market,20260910,0.651636534380962,0.651636534380962,1,1
annual_state_offset_half,3188,2024-03-15,2024-03-25,-0.0112802133595746,2024,2023-12-31,learned_market,20260910,0.6184866579610433,0.6184866579610433,1,0
annual_state_offset_half,3193,2024-03-22,2024-04-01,0.0042044725182444,2024,2023-12-31,learned_market,20260910,0.49537529534083324,0.49537529534083324,0,1
annual_state_offset_half,3198,2024-03-29,2024-04-15,-0.0219845815102011,2024,2023-12-31,learned_market,20260910,0.4469684467331579,0.4469684467331579,0,0
annual_state_offset,3144,2024-01-05,2024-01-15,-0.0158038409563566,2024,2023-12-31,learned_vol_interaction,20260910,0.375948748112503,0.375948748112503,0,0
annual_state_offset,3149,2024-01-12,2024-01-22,-0.002333261979756,2024,2023-12-31,learned_vol_interaction,20260910,0.4653387886294592,0.4653387886294592,0,0
annual_state_offset,3154,2024-01-19,2024-01-29,0.0223511633823452,2024,2023-12-31,learned_vol_interaction,20260910,0.409541362332266,0.409541362332266,0,1
annual_state_offset,3159,2024-01-26,2024-02-05,-0.0513103415192826,2024,2023-12-31,learned_vol_interaction,20260910,0.4427031623961251,0.4427031623961251,0,0
annual_state_offset,3164,2024-02-02,2024-02-26,0.1015374891364462,2024,2023-12-31,learned_vol_interaction,20260910,0.6537066574488869,0.6537066574488869,1,1
annual_state_offset,3173,2024-02-23,2024-03-04,0.0151569053862528,2024,2023-12-31,learned_vol_interaction,20260910,0.689311779469667,0.689311779469667,1,1
annual_state_offset,3178,2024-03-01,2024-03-11,0.0021394031715169,2024,2023-12-31,learned_vol_interaction,20260910,0.6480049647794901,0.6480049647794901,1,1
annual_state_offset,3183,2024-03-08,2024-03-18,0.0087762342284414,2024,2023-12-31,learned_vol_interaction,20260910,0.6491293260006892,0.6491293260006892,1,1
annual_state_offset,3188,2024-03-15,2024-03-25,-0.0112802133595746,2024,2023-12-31,learned_vol_interaction,20260910,0.6390487602979349,0.6390487602979349,1,0
annual_state_offset,3193,2024-03-22,2024-04-01,0.0042044725182444,2024,2023-12-31,learned_vol_interaction,20260910,0.502579297882782,0.502579297882782,1,1
annual_state_offset,3198,2024-03-29,2024-04-15,-0.0219845815102011,2024,2023-12-31,learned_vol_interaction,20260910,0.4621147966680959,0.4621147966680959,0,0
annual_shared_offset,3144,2024-01-05,2024-01-15,-0.0158038409563566,2024,2023-12-31,learned_vol_interaction,20260910,0.375948748112503,0.375948748112503,0,0
annual_shared_offset,3149,2024-01-12,2024-01-22,-0.002333261979756,2024,2023-12-31,learned_vol_interaction,20260910,0.4653387886294592,0.4653387886294592,0,0
annual_shared_offset,3154,2024-01-19,2024-01-29,0.0223511633823452,2024,2023-12-31,learned_vol_interaction,20260910,0.409541362332266,0.409541362332266,0,1
annual_shared_offset,3159,2024-01-26,2024-02-05,-0.0513103415192826,2024,2023-12-31,learned_vol_interaction,20260910,0.4427031623961251,0.4427031623961251,0,0
annual_shared_offset,3164,2024-02-02,2024-02-26,0.1015374891364462,2024,2023-12-31,learned_vol_interaction,20260910,0.6537066574488869,0.6537066574488869,1,1
annual_shared_offset,3173,2024-02-23,2024-03-04,0.0151569053862528,2024,2023-12-31,learned_vol_interaction,20260910,0.689311779469667,0.689311779469667,1,1
annual_shared_offset,3178,2024-03-01,2024-03-11,0.0021394031715169,2024,2023-12-31,learned_vol_interaction,20260910,0.6480049647794901,0.6480049647794901,1,1
annual_shared_offset,3183,2024-03-08,2024-03-18,0.0087762342284414,2024,2023-12-31,learned_vol_interaction,20260910,0.6491293260006892,0.6491293260006892,1,1
annual_shared_offset,3188,2024-03-15,2024-03-25,-0.0112802133595746,2024,2023-12-31,learned_vol_interaction,20260910,0.6390487602979349,0.6390487602979349,1,0
annual_shared_offset,3193,2024-03-22,2024-04-01,0.0042044725182444,2024,2023-12-31,learned_vol_interaction,20260910,0.502579297882782,0.502579297882782,1,1
annual_shared_offset,3198,2024-03-29,2024-04-15,-0.0219845815102011,2024,2023-12-31,learned_vol_interaction,20260910,0.4621147966680959,0.4621147966680959,0,0
annual_state_offset_half,3144,2024-01-05,2024-01-15,-0.0158038409563566,2024,2023-12-31,learned_vol_interaction,20260910,0.375948748112503,0.375948748112503,0,0
annual_state_offset_half,3149,2024-01-12,2024-01-22,-0.002333261979756,2024,2023-12-31,learned_vol_interaction,20260910,0.4653387886294592,0.4653387886294592,0,0
annual_state_offset_half,3154,2024-01-19,2024-01-29,0.0223511633823452,2024,2023-12-31,learned_vol_interaction,20260910,0.409541362332266,0.409541362332266,0,1
annual_state_offset_half,3159,2024-01-26,2024-02-05,-0.0513103415192826,2024,2023-12-31,learned_vol_interaction,20260910,0.4427031623961251,0.4427031623961251,0,0
annual_state_offset_half,3164,2024-02-02,2024-02-26,0.1015374891364462,2024,2023-12-31,learned_vol_interaction,20260910,0.6537066574488869,0.6537066574488869,1,1
annual_state_offset_half,3173,2024-02-23,2024-03-04,0.0151569053862528,2024,2023-12-31,learned_vol_interaction,20260910,0.689311779469667,0.689311779469667,1,1
annual_state_offset_half,3178,2024-03-01,2024-03-11,0.0021394031715169,2024,2023-12-31,learned_vol_interaction,20260910,0.6480049647794901,0.6480049647794901,1,1
annual_state_offset_half,3183,2024-03-08,2024-03-18,0.0087762342284414,2024,2023-12-31,learned_vol_interaction,20260910,0.6491293260006892,0.6491293260006892,1,1
annual_state_offset_half,3188,2024-03-15,2024-03-25,-0.0112802133595746,2024,2023-12-31,learned_vol_interaction,20260910,0.6390487602979349,0.6390487602979349,1,0
annual_state_offset_half,3193,2024-03-22,2024-04-01,0.0042044725182444,2024,2023-12-31,learned_vol_interaction,20260910,0.502579297882782,0.502579297882782,1,1
annual_state_offset_half,3198,2024-03-29,2024-04-15,-0.0219845815102011,2024,2023-12-31,learned_vol_interaction,20260910,0.4621147966680959,0.4621147966680959,0,0
annual_state_offset,3144,2024-01-05,2024-01-15,-0.0158038409563566,2024,2023-12-31,learned_order_extension,20260910,0.4019000383386628,0.4019000383386628,0,0
annual_state_offset,3149,2024-01-12,2024-01-22,-0.002333261979756,2024,2023-12-31,learned_order_extension,20260910,0.4536929976964038,0.4536929976964038,0,0
annual_state_offset,3154,2024-01-19,2024-01-29,0.0223511633823452,2024,2023-12-31,learned_order_extension,20260910,0.4065097447533653,0.4065097447533653,0,1
annual_state_offset,3159,2024-01-26,2024-02-05,-0.0513103415192826,2024,2023-12-31,learned_order_extension,20260910,0.4181108069924978,0.4181108069924978,0,0
annual_state_offset,3164,2024-02-02,2024-02-26,0.1015374891364462,2024,2023-12-31,learned_order_extension,20260910,0.6639940867614434,0.6639940867614434,1,1
annual_state_offset,3173,2024-02-23,2024-03-04,0.0151569053862528,2024,2023-12-31,learned_order_extension,20260910,0.6509742827223437,0.6509742827223437,1,1
annual_state_offset,3178,2024-03-01,2024-03-11,0.0021394031715169,2024,2023-12-31,learned_order_extension,20260910,0.596427953854031,0.596427953854031,1,1
annual_state_offset,3183,2024-03-08,2024-03-18,0.0087762342284414,2024,2023-12-31,learned_order_extension,20260910,0.5823638998065179,0.5823638998065179,1,1
annual_state_offset,3188,2024-03-15,2024-03-25,-0.0112802133595746,2024,2023-12-31,learned_order_extension,20260910,0.5649258035498114,0.5649258035498114,1,0
annual_state_offset,3193,2024-03-22,2024-04-01,0.0042044725182444,2024,2023-12-31,learned_order_extension,20260910,0.4756478826315535,0.4756478826315535,0,1
annual_state_offset,3198,2024-03-29,2024-04-15,-0.0219845815102011,2024,2023-12-31,learned_order_extension,20260910,0.44826023295447676,0.44826023295447676,0,0
annual_shared_offset,3144,2024-01-05,2024-01-15,-0.0158038409563566,2024,2023-12-31,learned_order_extension,20260910,0.4019000383386628,0.4019000383386628,0,0
annual_shared_offset,3149,2024-01-12,2024-01-22,-0.002333261979756,2024,2023-12-31,learned_order_extension,20260910,0.4536929976964038,0.4536929976964038,0,0
annual_shared_offset,3154,2024-01-19,2024-01-29,0.0223511633823452,2024,2023-12-31,learned_order_extension,20260910,0.4065097447533653,0.4065097447533653,0,1
annual_shared_offset,3159,2024-01-26,2024-02-05,-0.0513103415192826,2024,2023-12-31,learned_order_extension,20260910,0.4181108069924978,0.4181108069924978,0,0
annual_shared_offset,3164,2024-02-02,2024-02-26,0.1015374891364462,2024,2023-12-31,learned_order_extension,20260910,0.6639940867614434,0.6639940867614434,1,1
annual_shared_offset,3173,2024-02-23,2024-03-04,0.0151569053862528,2024,2023-12-31,learned_order_extension,20260910,0.6509742827223437,0.6509742827223437,1,1
annual_shared_offset,3178,2024-03-01,2024-03-11,0.0021394031715169,2024,2023-12-31,learned_order_extension,20260910,0.596427953854031,0.596427953854031,1,1
annual_shared_offset,3183,2024-03-08,2024-03-18,0.0087762342284414,2024,2023-12-31,learned_order_extension,20260910,0.5823638998065179,0.5823638998065179,1,1
annual_shared_offset,3188,2024-03-15,2024-03-25,-0.0112802133595746,2024,2023-12-31,learned_order_extension,20260910,0.5649258035498114,0.5649258035498114,1,0
annual_shared_offset,3193,2024-03-22,2024-04-01,0.0042044725182444,2024,2023-12-31,learned_order_extension,20260910,0.4756478826315535,0.4756478826315535,0,1
annual_shared_offset,3198,2024-03-29,2024-04-15,-0.0219845815102011,2024,2023-12-31,learned_order_extension,20260910,0.44826023295447676,0.44826023295447676,0,0
annual_state_offset_half,3144,2024-01-05,2024-01-15,-0.0158038409563566,2024,2023-12-31,learned_order_extension,20260910,0.4019000383386628,0.4019000383386628,0,0
annual_state_offset_half,3149,2024-01-12,2024-01-22,-0.002333261979756,2024,2023-12-31,learned_order_extension,20260910,0.4536929976964038,0.4536929976964038,0,0
annual_state_offset_half,3154,2024-01-19,2024-01-29,0.0223511633823452,2024,2023-12-31,learned_order_extension,20260910,0.4065097447533653,0.4065097447533653,0,1
annual_state_offset_half,3159,2024-01-26,2024-02-05,-0.0513103415192826,2024,2023-12-31,learned_order_extension,20260910,0.4181108069924978,0.4181108069924978,0,0
annual_state_offset_half,3164,2024-02-02,2024-02-26,0.1015374891364462,2024,2023-12-31,learned_order_extension,20260910,0.6639940867614434,0.6639940867614434,1,1
annual_state_offset_half,3173,2024-02-23,2024-03-04,0.0151569053862528,2024,2023-12-31,learned_order_extension,20260910,0.6509742827223437,0.6509742827223437,1,1
annual_state_offset_half,3178,2024-03-01,2024-03-11,0.0021394031715169,2024,2023-12-31,learned_order_extension,20260910,0.596427953854031,0.596427953854031,1,1
annual_state_offset_half,3183,2024-03-08,2024-03-18,0.0087762342284414,2024,2023-12-31,learned_order_extension,20260910,0.5823638998065179,0.5823638998065179,1,1
annual_state_offset_half,3188,2024-03-15,2024-03-25,-0.0112802133595746,2024,2023-12-31,learned_order_extension,20260910,0.5649258035498114,0.5649258035498114,1,0
annual_state_offset_half,3193,2024-03-22,2024-04-01,0.0042044725182444,2024,2023-12-31,learned_order_extension,20260910,0.4756478826315535,0.4756478826315535,0,1
annual_state_offset_half,3198,2024-03-29,2024-04-15,-0.0219845815102011,2024,2023-12-31,learned_order_extension,20260910,0.44826023295447676,0.44826023295447676,0,0
annual_state_offset,3144,2024-01-05,2024-01-15,-0.0158038409563566,2024,2023-12-31,learned_order_offset,20260910,0.40294607271257427,0.40294607271257427,0,0
annual_state_offset,3149,2024-01-12,2024-01-22,-0.002333261979756,2024,2023-12-31,learned_order_offset,20260910,0.45320010017286466,0.45320010017286466,0,0
annual_state_offset,3154,2024-01-19,2024-01-29,0.0223511633823452,2024,2023-12-31,learned_order_offset,20260910,0.40698948981731453,0.40698948981731453,0,1
annual_state_offset,3159,2024-01-26,2024-02-05,-0.0513103415192826,2024,2023-12-31,learned_order_offset,20260910,0.4180998926398431,0.4180998926398431,0,0
annual_state_offset,3164,2024-02-02,2024-02-26,0.1015374891364462,2024,2023-12-31,learned_order_offset,20260910,0.662467427882048,0.662467427882048,1,1
annual_state_offset,3173,2024-02-23,2024-03-04,0.0151569053862528,2024,2023-12-31,learned_order_offset,20260910,0.6495192030104356,0.6495192030104356,1,1
annual_state_offset,3178,2024-03-01,2024-03-11,0.0021394031715169,2024,2023-12-31,learned_order_offset,20260910,0.5953483627631191,0.5953483627631191,1,1
annual_state_offset,3183,2024-03-08,2024-03-18,0.0087762342284414,2024,2023-12-31,learned_order_offset,20260910,0.5813453143574694,0.5813453143574694,1,1
annual_state_offset,3188,2024-03-15,2024-03-25,-0.0112802133595746,2024,2023-12-31,learned_order_offset,20260910,0.5629285714576356,0.5629285714576356,1,0
annual_state_offset,3193,2024-03-22,2024-04-01,0.0042044725182444,2024,2023-12-31,learned_order_offset,20260910,0.4746800194029474,0.4746800194029474,0,1
annual_state_offset,3198,2024-03-29,2024-04-15,-0.0219845815102011,2024,2023-12-31,learned_order_offset,20260910,0.4474975970181041,0.4474975970181041,0,0
annual_shared_offset,3144,2024-01-05,2024-01-15,-0.0158038409563566,2024,2023-12-31,learned_order_offset,20260910,0.40294607271257427,0.40294607271257427,0,0
annual_shared_offset,3149,2024-01-12,2024-01-22,-0.002333261979756,2024,2023-12-31,learned_order_offset,20260910,0.45320010017286466,0.45320010017286466,0,0
annual_shared_offset,3154,2024-01-19,2024-01-29,0.0223511633823452,2024,2023-12-31,learned_order_offset,20260910,0.40698948981731453,0.40698948981731453,0,1
annual_shared_offset,3159,2024-01-26,2024-02-05,-0.0513103415192826,2024,2023-12-31,learned_order_offset,20260910,0.4180998926398431,0.4180998926398431,0,0
annual_shared_offset,3164,2024-02-02,2024-02-26,0.1015374891364462,2024,2023-12-31,learned_order_offset,20260910,0.662467427882048,0.662467427882048,1,1
annual_shared_offset,3173,2024-02-23,2024-03-04,0.0151569053862528,2024,2023-12-31,learned_order_offset,20260910,0.6495192030104356,0.6495192030104356,1,1
annual_shared_offset,3178,2024-03-01,2024-03-11,0.0021394031715169,2024,2023-12-31,learned_order_offset,20260910,0.5953483627631191,0.5953483627631191,1,1
annual_shared_offset,3183,2024-03-08,2024-03-18,0.0087762342284414,2024,2023-12-31,learned_order_offset,20260910,0.5813453143574694,0.5813453143574694,1,1
annual_shared_offset,3188,2024-03-15,2024-03-25,-0.0112802133595746,2024,2023-12-31,learned_order_offset,20260910,0.5629285714576356,0.5629285714576356,1,0
annual_shared_offset,3193,2024-03-22,2024-04-01,0.0042044725182444,2024,2023-12-31,learned_order_offset,20260910,0.4746800194029474,0.4746800194029474,0,1
annual_shared_offset,3198,2024-03-29,2024-04-15,-0.0219845815102011,2024,2023-12-31,learned_order_offset,20260910,0.4474975970181041,0.4474975970181041,0,0
annual_state_offset_half,3144,2024-01-05,2024-01-15,-0.0158038409563566,2024,2023-12-31,learned_order_offset,20260910,0.40294607271257427,0.40294607271257427,0,0
annual_state_offset_half,3149,2024-01-12,2024-01-22,-0.002333261979756,2024,2023-12-31,learned_order_offset,20260910,0.45320010017286466,0.45320010017286466,0,0
annual_state_offset_half,3154,2024-01-19,2024-01-29,0.0223511633823452,2024,2023-12-31,learned_order_offset,20260910,0.40698948981731453,0.40698948981731453,0,1
annual_state_offset_half,3159,2024-01-26,2024-02-05,-0.0513103415192826,2024,2023-12-31,learned_order_offset,20260910,0.4180998926398431,0.4180998926398431,0,0
annual_state_offset_half,3164,2024-02-02,2024-02-26,0.1015374891364462,2024,2023-12-31,learned_order_offset,20260910,0.662467427882048,0.662467427882048,1,1
annual_state_offset_half,3173,2024-02-23,2024-03-04,0.0151569053862528,2024,2023-12-31,learned_order_offset,20260910,0.6495192030104356,0.6495192030104356,1,1
annual_state_offset_half,3178,2024-03-01,2024-03-11,0.0021394031715169,2024,2023-12-31,learned_order_offset,20260910,0.5953483627631191,0.5953483627631191,1,1
annual_state_offset_half,3183,2024-03-08,2024-03-18,0.0087762342284414,2024,2023-12-31,learned_order_offset,20260910,0.5813453143574694,0.5813453143574694,1,1
annual_state_offset_half,3188,2024-03-15,2024-03-25,-0.0112802133595746,2024,2023-12-31,learned_order_offset,20260910,0.5629285714576356,0.5629285714576356,1,0
annual_state_offset_half,3193,2024-03-22,2024-04-01,0.0042044725182444,2024,2023-12-31,learned_order_offset,20260910,0.4746800194029474,0.4746800194029474,0,1
annual_state_offset_half,3198,2024-03-29,2024-04-15,-0.0219845815102011,2024,2023-12-31,learned_order_offset,20260910,0.4474975970181041,0.4474975970181041,0,0
annual_state_offset,3144,2024-01-05,2024-01-15,-0.0158038409563566,2024,2023-12-31,learned_market,20260911,0.5054381986976906,0.5054381986976906,1,0
annual_state_offset,3149,2024-01-12,2024-01-22,-0.002333261979756,2024,2023-12-31,learned_market,20260911,0.5344404908323787,0.5344404908323787,1,0
annual_state_offset,3154,2024-01-19,2024-01-29,0.0223511633823452,2024,2023-12-31,learned_market,20260911,0.6056082203678326,0.6056082203678326,1,1
annual_state_offset,3159,2024-01-26,2024-02-05,-0.0513103415192826,2024,2023-12-31,learned_market,20260911,0.536236284491504,0.536236284491504,1,0
annual_state_offset,3164,2024-02-02,2024-02-26,0.1015374891364462,2024,2023-12-31,learned_market,20260911,0.5342416496354764,0.5342416496354764,1,1
annual_state_offset,3173,2024-02-23,2024-03-04,0.0151569053862528,2024,2023-12-31,learned_market,20260911,0.636064859077555,0.636064859077555,1,1
annual_state_offset,3178,2024-03-01,2024-03-11,0.0021394031715169,2024,2023-12-31,learned_market,20260911,0.5744958412225454,0.5744958412225454,1,1
annual_state_offset,3183,2024-03-08,2024-03-18,0.0087762342284414,2024,2023-12-31,learned_market,20260911,0.6235376359173743,0.6235376359173743,1,1
annual_state_offset,3188,2024-03-15,2024-03-25,-0.0112802133595746,2024,2023-12-31,learned_market,20260911,0.5250838960153138,0.5250838960153138,1,0
annual_state_offset,3193,2024-03-22,2024-04-01,0.0042044725182444,2024,2023-12-31,learned_market,20260911,0.5710939352608271,0.5710939352608271,1,1
annual_state_offset,3198,2024-03-29,2024-04-15,-0.0219845815102011,2024,2023-12-31,learned_market,20260911,0.3834197760468657,0.3834197760468657,0,0
annual_shared_offset,3144,2024-01-05,2024-01-15,-0.0158038409563566,2024,2023-12-31,learned_market,20260911,0.5054381986976906,0.5054381986976906,1,0
annual_shared_offset,3149,2024-01-12,2024-01-22,-0.002333261979756,2024,2023-12-31,learned_market,20260911,0.5344404908323787,0.5344404908323787,1,0
annual_shared_offset,3154,2024-01-19,2024-01-29,0.0223511633823452,2024,2023-12-31,learned_market,20260911,0.6056082203678326,0.6056082203678326,1,1
annual_shared_offset,3159,2024-01-26,2024-02-05,-0.0513103415192826,2024,2023-12-31,learned_market,20260911,0.536236284491504,0.536236284491504,1,0
annual_shared_offset,3164,2024-02-02,2024-02-26,0.1015374891364462,2024,2023-12-31,learned_market,20260911,0.5342416496354764,0.5342416496354764,1,1
annual_shared_offset,3173,2024-02-23,2024-03-04,0.0151569053862528,2024,2023-12-31,learned_market,20260911,0.636064859077555,0.636064859077555,1,1
annual_shared_offset,3178,2024-03-01,2024-03-11,0.0021394031715169,2024,2023-12-31,learned_market,20260911,0.5744958412225454,0.5744958412225454,1,1
annual_shared_offset,3183,2024-03-08,2024-03-18,0.0087762342284414,2024,2023-12-31,learned_market,20260911,0.6235376359173743,0.6235376359173743,1,1
annual_shared_offset,3188,2024-03-15,2024-03-25,-0.0112802133595746,2024,2023-12-31,learned_market,20260911,0.5250838960153138,0.5250838960153138,1,0
annual_shared_offset,3193,2024-03-22,2024-04-01,0.0042044725182444,2024,2023-12-31,learned_market,20260911,0.5710939352608271,0.5710939352608271,1,1
annual_shared_offset,3198,2024-03-29,2024-04-15,-0.0219845815102011,2024,2023-12-31,learned_market,20260911,0.3834197760468657,0.3834197760468657,0,0
annual_state_offset_half,3144,2024-01-05,2024-01-15,-0.0158038409563566,2024,2023-12-31,learned_market,20260911,0.5054381986976906,0.5054381986976906,1,0
annual_state_offset_half,3149,2024-01-12,2024-01-22,-0.002333261979756,2024,2023-12-31,learned_market,20260911,0.5344404908323787,0.5344404908323787,1,0
annual_state_offset_half,3154,2024-01-19,2024-01-29,0.0223511633823452,2024,2023-12-31,learned_market,20260911,0.6056082203678326,0.6056082203678326,1,1
annual_state_offset_half,3159,2024-01-26,2024-02-05,-0.0513103415192826,2024,2023-12-31,learned_market,20260911,0.536236284491504,0.536236284491504,1,0
annual_state_offset_half,3164,2024-02-02,2024-02-26,0.1015374891364462,2024,2023-12-31,learned_market,20260911,0.5342416496354764,0.5342416496354764,1,1
annual_state_offset_half,3173,2024-02-23,2024-03-04,0.0151569053862528,2024,2023-12-31,learned_market,20260911,0.636064859077555,0.636064859077555,1,1
annual_state_offset_half,3178,2024-03-01,2024-03-11,0.0021394031715169,2024,2023-12-31,learned_market,20260911,0.5744958412225454,0.5744958412225454,1,1
annual_state_offset_half,3183,2024-03-08,2024-03-18,0.0087762342284414,2024,2023-12-31,learned_market,20260911,0.6235376359173743,0.6235376359173743,1,1
annual_state_offset_half,3188,2024-03-15,2024-03-25,-0.0112802133595746,2024,2023-12-31,learned_market,20260911,0.5250838960153138,0.5250838960153138,1,0
annual_state_offset_half,3193,2024-03-22,2024-04-01,0.0042044725182444,2024,2023-12-31,learned_market,20260911,0.5710939352608271,0.5710939352608271,1,1
annual_state_offset_half,3198,2024-03-29,2024-04-15,-0.0219845815102011,2024,2023-12-31,learned_market,20260911,0.3834197760468657,0.3834197760468657,0,0
annual_state_offset,3144,2024-01-05,2024-01-15,-0.0158038409563566,2024,2023-12-31,learned_vol_interaction,20260911,0.5055907048902185,0.5055907048902185,1,0
annual_state_offset,3149,2024-01-12,2024-01-22,-0.002333261979756,2024,2023-12-31,learned_vol_interaction,20260911,0.5345697430715253,0.5345697430715253,1,0
annual_state_offset,3154,2024-01-19,2024-01-29,0.0223511633823452,2024,2023-12-31,learned_vol_interaction,20260911,0.6057144516952688,0.6057144516952688,1,1
annual_state_offset,3159,2024-01-26,2024-02-05,-0.0513103415192826,2024,2023-12-31,learned_vol_interaction,20260911,0.5360497014286747,0.5360497014286747,1,0
annual_state_offset,3164,2024-02-02,2024-02-26,0.1015374891364462,2024,2023-12-31,learned_vol_interaction,20260911,0.5340699292580867,0.5340699292580867,1,1
annual_state_offset,3173,2024-02-23,2024-03-04,0.0151569053862528,2024,2023-12-31,learned_vol_interaction,20260911,0.635598842460853,0.635598842460853,1,1
annual_state_offset,3178,2024-03-01,2024-03-11,0.0021394031715169,2024,2023-12-31,learned_vol_interaction,20260911,0.5740233508322927,0.5740233508322927,1,1
annual_state_offset,3183,2024-03-08,2024-03-18,0.0087762342284414,2024,2023-12-31,learned_vol_interaction,20260911,0.6228491427098055,0.6228491427098055,1,1
annual_state_offset,3188,2024-03-15,2024-03-25,-0.0112802133595746,2024,2023-12-31,learned_vol_interaction,20260911,0.5244855050624243,0.5244855050624243,1,0
annual_state_offset,3193,2024-03-22,2024-04-01,0.0042044725182444,2024,2023-12-31,learned_vol_interaction,20260911,0.5705279783235351,0.5705279783235351,1,1
annual_state_offset,3198,2024-03-29,2024-04-15,-0.0219845815102011,2024,2023-12-31,learned_vol_interaction,20260911,0.38271605688876176,0.38271605688876176,0,0
annual_shared_offset,3144,2024-01-05,2024-01-15,-0.0158038409563566,2024,2023-12-31,learned_vol_interaction,20260911,0.5055907048902185,0.5055907048902185,1,0
annual_shared_offset,3149,2024-01-12,2024-01-22,-0.002333261979756,2024,2023-12-31,learned_vol_interaction,20260911,0.5345697430715253,0.5345697430715253,1,0
annual_shared_offset,3154,2024-01-19,2024-01-29,0.0223511633823452,2024,2023-12-31,learned_vol_interaction,20260911,0.6057144516952688,0.6057144516952688,1,1
annual_shared_offset,3159,2024-01-26,2024-02-05,-0.0513103415192826,2024,2023-12-31,learned_vol_interaction,20260911,0.5360497014286747,0.5360497014286747,1,0
annual_shared_offset,3164,2024-02-02,2024-02-26,0.1015374891364462,2024,2023-12-31,learned_vol_interaction,20260911,0.5340699292580867,0.5340699292580867,1,1
annual_shared_offset,3173,2024-02-23,2024-03-04,0.0151569053862528,2024,2023-12-31,learned_vol_interaction,20260911,0.635598842460853,0.635598842460853,1,1
annual_shared_offset,3178,2024-03-01,2024-03-11,0.0021394031715169,2024,2023-12-31,learned_vol_interaction,20260911,0.5740233508322927,0.5740233508322927,1,1
annual_shared_offset,3183,2024-03-08,2024-03-18,0.0087762342284414,2024,2023-12-31,learned_vol_interaction,20260911,0.6228491427098055,0.6228491427098055,1,1
annual_shared_offset,3188,2024-03-15,2024-03-25,-0.0112802133595746,2024,2023-12-31,learned_vol_interaction,20260911,0.5244855050624243,0.5244855050624243,1,0
annual_shared_offset,3193,2024-03-22,2024-04-01,0.0042044725182444,2024,2023-12-31,learned_vol_interaction,20260911,0.5705279783235351,0.5705279783235351,1,1
annual_shared_offset,3198,2024-03-29,2024-04-15,-0.0219845815102011,2024,2023-12-31,learned_vol_interaction,20260911,0.38271605688876176,0.38271605688876176,0,0
annual_state_offset_half,3144,2024-01-05,2024-01-15,-0.0158038409563566,2024,2023-12-31,learned_vol_interaction,20260911,0.5055907048902185,0.5055907048902185,1,0
annual_state_offset_half,3149,2024-01-12,2024-01-22,-0.002333261979756,2024,2023-12-31,learned_vol_interaction,20260911,0.5345697430715253,0.5345697430715253,1,0
annual_state_offset_half,3154,2024-01-19,2024-01-29,0.0223511633823452,2024,2023-12-31,learned_vol_interaction,20260911,0.6057144516952688,0.6057144516952688,1,1
annual_state_offset_half,3159,2024-01-26,2024-02-05,-0.0513103415192826,2024,2023-12-31,learned_vol_interaction,20260911,0.5360497014286747,0.5360497014286747,1,0
annual_state_offset_half,3164,2024-02-02,2024-02-26,0.1015374891364462,2024,2023-12-31,learned_vol_interaction,20260911,0.5340699292580867,0.5340699292580867,1,1
annual_state_offset_half,3173,2024-02-23,2024-03-04,0.0151569053862528,2024,2023-12-31,learned_vol_interaction,20260911,0.635598842460853,0.635598842460853,1,1
annual_state_offset_half,3178,2024-03-01,2024-03-11,0.0021394031715169,2024,2023-12-31,learned_vol_interaction,20260911,0.5740233508322927,0.5740233508322927,1,1
annual_state_offset_half,3183,2024-03-08,2024-03-18,0.0087762342284414,2024,2023-12-31,learned_vol_interaction,20260911,0.6228491427098055,0.6228491427098055,1,1
annual_state_offset_half,3188,2024-03-15,2024-03-25,-0.0112802133595746,2024,2023-12-31,learned_vol_interaction,20260911,0.5244855050624243,0.5244855050624243,1,0
annual_state_offset_half,3193,2024-03-22,2024-04-01,0.0042044725182444,2024,2023-12-31,learned_vol_interaction,20260911,0.5705279783235351,0.5705279783235351,1,1
annual_state_offset_half,3198,2024-03-29,2024-04-15,-0.0219845815102011,2024,2023-12-31,learned_vol_interaction,20260911,0.38271605688876176,0.38271605688876176,0,0
annual_state_offset,3144,2024-01-05,2024-01-15,-0.0158038409563566,2024,2023-12-31,learned_order_extension,20260911,0.5046246382575834,0.5046246382575834,1,0
annual_state_offset,3149,2024-01-12,2024-01-22,-0.002333261979756,2024,2023-12-31,learned_order_extension,20260911,0.5273727883107168,0.5273727883107168,1,0
annual_state_offset,3154,2024-01-19,2024-01-29,0.0223511633823452,2024,2023-12-31,learned_order_extension,20260911,0.6361976645125996,0.6361976645125996,1,1
annual_state_offset,3159,2024-01-26,2024-02-05,-0.0513103415192826,2024,2023-12-31,learned_order_extension,20260911,0.5444608640891567,0.5444608640891567,1,0
annual_state_offset,3164,2024-02-02,2024-02-26,0.1015374891364462,2024,2023-12-31,learned_order_extension,20260911,0.545031438848448,0.545031438848448,1,1
annual_state_offset,3173,2024-02-23,2024-03-04,0.0151569053862528,2024,2023-12-31,learned_order_extension,20260911,0.6125199424254827,0.6125199424254827,1,1
annual_state_offset,3178,2024-03-01,2024-03-11,0.0021394031715169,2024,2023-12-31,learned_order_extension,20260911,0.5496769035930799,0.5496769035930799,1,1
annual_state_offset,3183,2024-03-08,2024-03-18,0.0087762342284414,2024,2023-12-31,learned_order_extension,20260911,0.5653384521782018,0.5653384521782018,1,1
annual_state_offset,3188,2024-03-15,2024-03-25,-0.0112802133595746,2024,2023-12-31,learned_order_extension,20260911,0.4741066250462846,0.4741066250462846,0,0
annual_state_offset,3193,2024-03-22,2024-04-01,0.0042044725182444,2024,2023-12-31,learned_order_extension,20260911,0.5034201205076809,0.5034201205076809,1,1
annual_state_offset,3198,2024-03-29,2024-04-15,-0.0219845815102011,2024,2023-12-31,learned_order_extension,20260911,0.3647496103237538,0.3647496103237538,0,0
annual_shared_offset,3144,2024-01-05,2024-01-15,-0.0158038409563566,2024,2023-12-31,learned_order_extension,20260911,0.5046246382575834,0.5046246382575834,1,0
annual_shared_offset,3149,2024-01-12,2024-01-22,-0.002333261979756,2024,2023-12-31,learned_order_extension,20260911,0.5273727883107168,0.5273727883107168,1,0
annual_shared_offset,3154,2024-01-19,2024-01-29,0.0223511633823452,2024,2023-12-31,learned_order_extension,20260911,0.6361976645125996,0.6361976645125996,1,1
annual_shared_offset,3159,2024-01-26,2024-02-05,-0.0513103415192826,2024,2023-12-31,learned_order_extension,20260911,0.5444608640891567,0.5444608640891567,1,0
annual_shared_offset,3164,2024-02-02,2024-02-26,0.1015374891364462,2024,2023-12-31,learned_order_extension,20260911,0.545031438848448,0.545031438848448,1,1
annual_shared_offset,3173,2024-02-23,2024-03-04,0.0151569053862528,2024,2023-12-31,learned_order_extension,20260911,0.6125199424254827,0.6125199424254827,1,1
annual_shared_offset,3178,2024-03-01,2024-03-11,0.0021394031715169,2024,2023-12-31,learned_order_extension,20260911,0.5496769035930799,0.5496769035930799,1,1
annual_shared_offset,3183,2024-03-08,2024-03-18,0.0087762342284414,2024,2023-12-31,learned_order_extension,20260911,0.5653384521782018,0.5653384521782018,1,1
annual_shared_offset,3188,2024-03-15,2024-03-25,-0.0112802133595746,2024,2023-12-31,learned_order_extension,20260911,0.4741066250462846,0.4741066250462846,0,0
annual_shared_offset,3193,2024-03-22,2024-04-01,0.0042044725182444,2024,2023-12-31,learned_order_extension,20260911,0.5034201205076809,0.5034201205076809,1,1
annual_shared_offset,3198,2024-03-29,2024-04-15,-0.0219845815102011,2024,2023-12-31,learned_order_extension,20260911,0.3647496103237538,0.3647496103237538,0,0
annual_state_offset_half,3144,2024-01-05,2024-01-15,-0.0158038409563566,2024,2023-12-31,learned_order_extension,20260911,0.5046246382575834,0.5046246382575834,1,0
annual_state_offset_half,3149,2024-01-12,2024-01-22,-0.002333261979756,2024,2023-12-31,learned_order_extension,20260911,0.5273727883107168,0.5273727883107168,1,0
annual_state_offset_half,3154,2024-01-19,2024-01-29,0.0223511633823452,2024,2023-12-31,learned_order_extension,20260911,0.6361976645125996,0.6361976645125996,1,1
annual_state_offset_half,3159,2024-01-26,2024-02-05,-0.0513103415192826,2024,2023-12-31,learned_order_extension,20260911,0.5444608640891567,0.5444608640891567,1,0
annual_state_offset_half,3164,2024-02-02,2024-02-26,0.1015374891364462,2024,2023-12-31,learned_order_extension,20260911,0.545031438848448,0.545031438848448,1,1
annual_state_offset_half,3173,2024-02-23,2024-03-04,0.0151569053862528,2024,2023-12-31,learned_order_extension,20260911,0.6125199424254827,0.6125199424254827,1,1
annual_state_offset_half,3178,2024-03-01,2024-03-11,0.0021394031715169,2024,2023-12-31,learned_order_extension,20260911,0.5496769035930799,0.5496769035930799,1,1
annual_state_offset_half,3183,2024-03-08,2024-03-18,0.0087762342284414,2024,2023-12-31,learned_order_extension,20260911,0.5653384521782018,0.5653384521782018,1,1
annual_state_offset_half,3188,2024-03-15,2024-03-25,-0.0112802133595746,2024,2023-12-31,learned_order_extension,20260911,0.4741066250462846,0.4741066250462846,0,0
annual_state_offset_half,3193,2024-03-22,2024-04-01,0.0042044725182444,2024,2023-12-31,learned_order_extension,20260911,0.5034201205076809,0.5034201205076809,1,1
annual_state_offset_half,3198,2024-03-29,2024-04-15,-0.0219845815102011,2024,2023-12-31,learned_order_extension,20260911,0.3647496103237538,0.3647496103237538,0,0
annual_state_offset,3144,2024-01-05,2024-01-15,-0.0158038409563566,2024,2023-12-31,learned_order_offset,20260911,0.5039028855862143,0.5039028855862143,1,0
annual_state_offset,3149,2024-01-12,2024-01-22,-0.002333261979756,2024,2023-12-31,learned_order_offset,20260911,0.5267036688758374,0.5267036688758374,1,0
annual_state_offset,3154,2024-01-19,2024-01-29,0.0223511633823452,2024,2023-12-31,learned_order_offset,20260911,0.6349472157761124,0.6349472157761124,1,1
annual_state_offset,3159,2024-01-26,2024-02-05,-0.0513103415192826,2024,2023-12-31,learned_order_offset,20260911,0.5443793909861219,0.5443793909861219,1,0
annual_state_offset,3164,2024-02-02,2024-02-26,0.1015374891364462,2024,2023-12-31,learned_order_offset,20260911,0.5451794882867483,0.5451794882867483,1,1
annual_state_offset,3173,2024-02-23,2024-03-04,0.0151569053862528,2024,2023-12-31,learned_order_offset,20260911,0.6109679669122872,0.6109679669122872,1,1
annual_state_offset,3178,2024-03-01,2024-03-11,0.0021394031715169,2024,2023-12-31,learned_order_offset,20260911,0.5481247094966736,0.5481247094966736,1,1
annual_state_offset,3183,2024-03-08,2024-03-18,0.0087762342284414,2024,2023-12-31,learned_order_offset,20260911,0.5633395909983205,0.5633395909983205,1,1
annual_state_offset,3188,2024-03-15,2024-03-25,-0.0112802133595746,2024,2023-12-31,learned_order_offset,20260911,0.47094256842793375,0.47094256842793375,0,0
annual_state_offset,3193,2024-03-22,2024-04-01,0.0042044725182444,2024,2023-12-31,learned_order_offset,20260911,0.4995363819528175,0.4995363819528175,0,1
annual_state_offset,3198,2024-03-29,2024-04-15,-0.0219845815102011,2024,2023-12-31,learned_order_offset,20260911,0.3626011592845029,0.3626011592845029,0,0
annual_shared_offset,3144,2024-01-05,2024-01-15,-0.0158038409563566,2024,2023-12-31,learned_order_offset,20260911,0.5039028855862143,0.5039028855862143,1,0
annual_shared_offset,3149,2024-01-12,2024-01-22,-0.002333261979756,2024,2023-12-31,learned_order_offset,20260911,0.5267036688758374,0.5267036688758374,1,0
annual_shared_offset,3154,2024-01-19,2024-01-29,0.0223511633823452,2024,2023-12-31,learned_order_offset,20260911,0.6349472157761124,0.6349472157761124,1,1
annual_shared_offset,3159,2024-01-26,2024-02-05,-0.0513103415192826,2024,2023-12-31,learned_order_offset,20260911,0.5443793909861219,0.5443793909861219,1,0
annual_shared_offset,3164,2024-02-02,2024-02-26,0.1015374891364462,2024,2023-12-31,learned_order_offset,20260911,0.5451794882867483,0.5451794882867483,1,1
annual_shared_offset,3173,2024-02-23,2024-03-04,0.0151569053862528,2024,2023-12-31,learned_order_offset,20260911,0.6109679669122872,0.6109679669122872,1,1
annual_shared_offset,3178,2024-03-01,2024-03-11,0.0021394031715169,2024,2023-12-31,learned_order_offset,20260911,0.5481247094966736,0.5481247094966736,1,1
annual_shared_offset,3183,2024-03-08,2024-03-18,0.0087762342284414,2024,2023-12-31,learned_order_offset,20260911,0.5633395909983205,0.5633395909983205,1,1
annual_shared_offset,3188,2024-03-15,2024-03-25,-0.0112802133595746,2024,2023-12-31,learned_order_offset,20260911,0.47094256842793375,0.47094256842793375,0,0
annual_shared_offset,3193,2024-03-22,2024-04-01,0.0042044725182444,2024,2023-12-31,learned_order_offset,20260911,0.4995363819528175,0.4995363819528175,0,1
annual_shared_offset,3198,2024-03-29,2024-04-15,-0.0219845815102011,2024,2023-12-31,learned_order_offset,20260911,0.3626011592845029,0.3626011592845029,0,0
annual_state_offset_half,3144,2024-01-05,2024-01-15,-0.0158038409563566,2024,2023-12-31,learned_order_offset,20260911,0.5039028855862143,0.5039028855862143,1,0
annual_state_offset_half,3149,2024-01-12,2024-01-22,-0.002333261979756,2024,2023-12-31,learned_order_offset,20260911,0.5267036688758374,0.5267036688758374,1,0
annual_state_offset_half,3154,2024-01-19,2024-01-29,0.0223511633823452,2024,2023-12-31,learned_order_offset,20260911,0.6349472157761124,0.6349472157761124,1,1
annual_state_offset_half,3159,2024-01-26,2024-02-05,-0.0513103415192826,2024,2023-12-31,learned_order_offset,20260911,0.5443793909861219,0.5443793909861219,1,0
annual_state_offset_half,3164,2024-02-02,2024-02-26,0.1015374891364462,2024,2023-12-31,learned_order_offset,20260911,0.5451794882867483,0.5451794882867483,1,1
annual_state_offset_half,3173,2024-02-23,2024-03-04,0.0151569053862528,2024,2023-12-31,learned_order_offset,20260911,0.6109679669122872,0.6109679669122872,1,1
annual_state_offset_half,3178,2024-03-01,2024-03-11,0.0021394031715169,2024,2023-12-31,learned_order_offset,20260911,0.5481247094966736,0.5481247094966736,1,1
annual_state_offset_half,3183,2024-03-08,2024-03-18,0.0087762342284414,2024,2023-12-31,learned_order_offset,20260911,0.5633395909983205,0.5633395909983205,1,1
annual_state_offset_half,3188,2024-03-15,2024-03-25,-0.0112802133595746,2024,2023-12-31,learned_order_offset,20260911,0.47094256842793375,0.47094256842793375,0,0
annual_state_offset_half,3193,2024-03-22,2024-04-01,0.0042044725182444,2024,2023-12-31,learned_order_offset,20260911,0.4995363819528175,0.4995363819528175,0,1
annual_state_offset_half,3198,2024-03-29,2024-04-15,-0.0219845815102011,2024,2023-12-31,learned_order_offset,20260911,0.3626011592845029,0.3626011592845029,0,0
annual_state_offset,3144,2024-01-05,2024-01-15,-0.0158038409563566,2024,2023-12-31,learned_market,20260912,0.5011992069392154,0.5011992069392154,1,0
annual_state_offset,3149,2024-01-12,2024-01-22,-0.002333261979756,2024,2023-12-31,learned_market,20260912,0.47277699760132935,0.47277699760132935,0,0
annual_state_offset,3154,2024-01-19,2024-01-29,0.0223511633823452,2024,2023-12-31,learned_market,20260912,0.4519385169732587,0.4519385169732587,0,1
annual_state_offset,3159,2024-01-26,2024-02-05,-0.0513103415192826,2024,2023-12-31,learned_market,20260912,0.5136187590656476,0.5136187590656476,1,0
annual_state_offset,3164,2024-02-02,2024-02-26,0.1015374891364462,2024,2023-12-31,learned_market,20260912,0.5626550395617658,0.5626550395617658,1,1
annual_state_offset,3173,2024-02-23,2024-03-04,0.0151569053862528,2024,2023-12-31,learned_market,20260912,0.4999534810647158,0.4999534810647158,0,1
annual_state_offset,3178,2024-03-01,2024-03-11,0.0021394031715169,2024,2023-12-31,learned_market,20260912,0.5749313458355619,0.5749313458355619,1,1
annual_state_offset,3183,2024-03-08,2024-03-18,0.0087762342284414,2024,2023-12-31,learned_market,20260912,0.5879570158742811,0.5879570158742811,1,1
annual_state_offset,3188,2024-03-15,2024-03-25,-0.0112802133595746,2024,2023-12-31,learned_market,20260912,0.48185973058558346,0.48185973058558346,0,0
annual_state_offset,3193,2024-03-22,2024-04-01,0.0042044725182444,2024,2023-12-31,learned_market,20260912,0.5819259306110321,0.5819259306110321,1,1
annual_state_offset,3198,2024-03-29,2024-04-15,-0.0219845815102011,2024,2023-12-31,learned_market,20260912,0.5513216063045803,0.5513216063045803,1,0
annual_shared_offset,3144,2024-01-05,2024-01-15,-0.0158038409563566,2024,2023-12-31,learned_market,20260912,0.5011992069392154,0.5011992069392154,1,0
annual_shared_offset,3149,2024-01-12,2024-01-22,-0.002333261979756,2024,2023-12-31,learned_market,20260912,0.47277699760132935,0.47277699760132935,0,0
annual_shared_offset,3154,2024-01-19,2024-01-29,0.0223511633823452,2024,2023-12-31,learned_market,20260912,0.4519385169732587,0.4519385169732587,0,1
annual_shared_offset,3159,2024-01-26,2024-02-05,-0.0513103415192826,2024,2023-12-31,learned_market,20260912,0.5136187590656476,0.5136187590656476,1,0
annual_shared_offset,3164,2024-02-02,2024-02-26,0.1015374891364462,2024,2023-12-31,learned_market,20260912,0.5626550395617658,0.5626550395617658,1,1
annual_shared_offset,3173,2024-02-23,2024-03-04,0.0151569053862528,2024,2023-12-31,learned_market,20260912,0.4999534810647158,0.4999534810647158,0,1
annual_shared_offset,3178,2024-03-01,2024-03-11,0.0021394031715169,2024,2023-12-31,learned_market,20260912,0.5749313458355619,0.5749313458355619,1,1
annual_shared_offset,3183,2024-03-08,2024-03-18,0.0087762342284414,2024,2023-12-31,learned_market,20260912,0.5879570158742811,0.5879570158742811,1,1
annual_shared_offset,3188,2024-03-15,2024-03-25,-0.0112802133595746,2024,2023-12-31,learned_market,20260912,0.48185973058558346,0.48185973058558346,0,0
annual_shared_offset,3193,2024-03-22,2024-04-01,0.0042044725182444,2024,2023-12-31,learned_market,20260912,0.5819259306110321,0.5819259306110321,1,1
annual_shared_offset,3198,2024-03-29,2024-04-15,-0.0219845815102011,2024,2023-12-31,learned_market,20260912,0.5513216063045803,0.5513216063045803,1,0
annual_state_offset_half,3144,2024-01-05,2024-01-15,-0.0158038409563566,2024,2023-12-31,learned_market,20260912,0.5011992069392154,0.5011992069392154,1,0
annual_state_offset_half,3149,2024-01-12,2024-01-22,-0.002333261979756,2024,2023-12-31,learned_market,20260912,0.47277699760132935,0.47277699760132935,0,0
annual_state_offset_half,3154,2024-01-19,2024-01-29,0.0223511633823452,2024,2023-12-31,learned_market,20260912,0.4519385169732587,0.4519385169732587,0,1
annual_state_offset_half,3159,2024-01-26,2024-02-05,-0.0513103415192826,2024,2023-12-31,learned_market,20260912,0.5136187590656476,0.5136187590656476,1,0
annual_state_offset_half,3164,2024-02-02,2024-02-26,0.1015374891364462,2024,2023-12-31,learned_market,20260912,0.5626550395617658,0.5626550395617658,1,1
annual_state_offset_half,3173,2024-02-23,2024-03-04,0.0151569053862528,2024,2023-12-31,learned_market,20260912,0.4999534810647158,0.4999534810647158,0,1
annual_state_offset_half,3178,2024-03-01,2024-03-11,0.0021394031715169,2024,2023-12-31,learned_market,20260912,0.5749313458355619,0.5749313458355619,1,1
annual_state_offset_half,3183,2024-03-08,2024-03-18,0.0087762342284414,2024,2023-12-31,learned_market,20260912,0.5879570158742811,0.5879570158742811,1,1
annual_state_offset_half,3188,2024-03-15,2024-03-25,-0.0112802133595746,2024,2023-12-31,learned_market,20260912,0.48185973058558346,0.48185973058558346,0,0
annual_state_offset_half,3193,2024-03-22,2024-04-01,0.0042044725182444,2024,2023-12-31,learned_market,20260912,0.5819259306110321,0.5819259306110321,1,1
annual_state_offset_half,3198,2024-03-29,2024-04-15,-0.0219845815102011,2024,2023-12-31,learned_market,20260912,0.5513216063045803,0.5513216063045803,1,0
annual_state_offset,3144,2024-01-05,2024-01-15,-0.0158038409563566,2024,2023-12-31,learned_vol_interaction,20260912,0.4952442890139834,0.4952442890139834,0,0
annual_state_offset,3149,2024-01-12,2024-01-22,-0.002333261979756,2024,2023-12-31,learned_vol_interaction,20260912,0.46734394081550534,0.46734394081550534,0,0
annual_state_offset,3154,2024-01-19,2024-01-29,0.0223511633823452,2024,2023-12-31,learned_vol_interaction,20260912,0.4458542659590224,0.4458542659590224,0,1
annual_state_offset,3159,2024-01-26,2024-02-05,-0.0513103415192826,2024,2023-12-31,learned_vol_interaction,20260912,0.5051200250772759,0.5051200250772759,1,0
annual_state_offset,3164,2024-02-02,2024-02-26,0.1015374891364462,2024,2023-12-31,learned_vol_interaction,20260912,0.5544379606615297,0.5544379606615297,1,1
annual_state_offset,3173,2024-02-23,2024-03-04,0.0151569053862528,2024,2023-12-31,learned_vol_interaction,20260912,0.4830624305901862,0.4830624305901862,0,1
annual_state_offset,3178,2024-03-01,2024-03-11,0.0021394031715169,2024,2023-12-31,learned_vol_interaction,20260912,0.5592748903954966,0.5592748903954966,1,1
annual_state_offset,3183,2024-03-08,2024-03-18,0.0087762342284414,2024,2023-12-31,learned_vol_interaction,20260912,0.5740363843191351,0.5740363843191351,1,1
annual_state_offset,3188,2024-03-15,2024-03-25,-0.0112802133595746,2024,2023-12-31,learned_vol_interaction,20260912,0.4809004633653104,0.4809004633653104,0,0
annual_state_offset,3193,2024-03-22,2024-04-01,0.0042044725182444,2024,2023-12-31,learned_vol_interaction,20260912,0.5933081539859947,0.5933081539859947,1,1
annual_state_offset,3198,2024-03-29,2024-04-15,-0.0219845815102011,2024,2023-12-31,learned_vol_interaction,20260912,0.5653073701837698,0.5653073701837698,1,0
annual_shared_offset,3144,2024-01-05,2024-01-15,-0.0158038409563566,2024,2023-12-31,learned_vol_interaction,20260912,0.4952442890139834,0.4952442890139834,0,0
annual_shared_offset,3149,2024-01-12,2024-01-22,-0.002333261979756,2024,2023-12-31,learned_vol_interaction,20260912,0.46734394081550534,0.46734394081550534,0,0
annual_shared_offset,3154,2024-01-19,2024-01-29,0.0223511633823452,2024,2023-12-31,learned_vol_interaction,20260912,0.4458542659590224,0.4458542659590224,0,1
annual_shared_offset,3159,2024-01-26,2024-02-05,-0.0513103415192826,2024,2023-12-31,learned_vol_interaction,20260912,0.5051200250772759,0.5051200250772759,1,0
annual_shared_offset,3164,2024-02-02,2024-02-26,0.1015374891364462,2024,2023-12-31,learned_vol_interaction,20260912,0.5544379606615297,0.5544379606615297,1,1
annual_shared_offset,3173,2024-02-23,2024-03-04,0.0151569053862528,2024,2023-12-31,learned_vol_interaction,20260912,0.4830624305901862,0.4830624305901862,0,1
annual_shared_offset,3178,2024-03-01,2024-03-11,0.0021394031715169,2024,2023-12-31,learned_vol_interaction,20260912,0.5592748903954966,0.5592748903954966,1,1
annual_shared_offset,3183,2024-03-08,2024-03-18,0.0087762342284414,2024,2023-12-31,learned_vol_interaction,20260912,0.5740363843191351,0.5740363843191351,1,1
annual_shared_offset,3188,2024-03-15,2024-03-25,-0.0112802133595746,2024,2023-12-31,learned_vol_interaction,20260912,0.4809004633653104,0.4809004633653104,0,0
annual_shared_offset,3193,2024-03-22,2024-04-01,0.0042044725182444,2024,2023-12-31,learned_vol_interaction,20260912,0.5933081539859947,0.5933081539859947,1,1
annual_shared_offset,3198,2024-03-29,2024-04-15,-0.0219845815102011,2024,2023-12-31,learned_vol_interaction,20260912,0.5653073701837698,0.5653073701837698,1,0
annual_state_offset_half,3144,2024-01-05,2024-01-15,-0.0158038409563566,2024,2023-12-31,learned_vol_interaction,20260912,0.4952442890139834,0.4952442890139834,0,0
annual_state_offset_half,3149,2024-01-12,2024-01-22,-0.002333261979756,2024,2023-12-31,learned_vol_interaction,20260912,0.46734394081550534,0.46734394081550534,0,0
annual_state_offset_half,3154,2024-01-19,2024-01-29,0.0223511633823452,2024,2023-12-31,learned_vol_interaction,20260912,0.4458542659590224,0.4458542659590224,0,1
annual_state_offset_half,3159,2024-01-26,2024-02-05,-0.0513103415192826,2024,2023-12-31,learned_vol_interaction,20260912,0.5051200250772759,0.5051200250772759,1,0
annual_state_offset_half,3164,2024-02-02,2024-02-26,0.1015374891364462,2024,2023-12-31,learned_vol_interaction,20260912,0.5544379606615297,0.5544379606615297,1,1
annual_state_offset_half,3173,2024-02-23,2024-03-04,0.0151569053862528,2024,2023-12-31,learned_vol_interaction,20260912,0.4830624305901862,0.4830624305901862,0,1
annual_state_offset_half,3178,2024-03-01,2024-03-11,0.0021394031715169,2024,2023-12-31,learned_vol_interaction,20260912,0.5592748903954966,0.5592748903954966,1,1
annual_state_offset_half,3183,2024-03-08,2024-03-18,0.0087762342284414,2024,2023-12-31,learned_vol_interaction,20260912,0.5740363843191351,0.5740363843191351,1,1
annual_state_offset_half,3188,2024-03-15,2024-03-25,-0.0112802133595746,2024,2023-12-31,learned_vol_interaction,20260912,0.4809004633653104,0.4809004633653104,0,0
annual_state_offset_half,3193,2024-03-22,2024-04-01,0.0042044725182444,2024,2023-12-31,learned_vol_interaction,20260912,0.5933081539859947,0.5933081539859947,1,1
annual_state_offset_half,3198,2024-03-29,2024-04-15,-0.0219845815102011,2024,2023-12-31,learned_vol_interaction,20260912,0.5653073701837698,0.5653073701837698,1,0
annual_state_offset,3144,2024-01-05,2024-01-15,-0.0158038409563566,2024,2023-12-31,learned_order_extension,20260912,0.5535119994762409,0.5535119994762409,1,0
annual_state_offset,3149,2024-01-12,2024-01-22,-0.002333261979756,2024,2023-12-31,learned_order_extension,20260912,0.48736548091739423,0.48736548091739423,0,0
annual_state_offset,3154,2024-01-19,2024-01-29,0.0223511633823452,2024,2023-12-31,learned_order_extension,20260912,0.4215435053964147,0.4215435053964147,0,1
annual_state_offset,3159,2024-01-26,2024-02-05,-0.0513103415192826,2024,2023-12-31,learned_order_extension,20260912,0.48649269504735876,0.48649269504735876,0,0
annual_state_offset,3164,2024-02-02,2024-02-26,0.1015374891364462,2024,2023-12-31,learned_order_extension,20260912,0.5496050819275686,0.5496050819275686,1,1
annual_state_offset,3173,2024-02-23,2024-03-04,0.0151569053862528,2024,2023-12-31,learned_order_extension,20260912,0.4386082807089806,0.4386082807089806,0,1
annual_state_offset,3178,2024-03-01,2024-03-11,0.0021394031715169,2024,2023-12-31,learned_order_extension,20260912,0.46924981751922445,0.46924981751922445,0,1
annual_state_offset,3183,2024-03-08,2024-03-18,0.0087762342284414,2024,2023-12-31,learned_order_extension,20260912,0.4701956287186797,0.4701956287186797,0,1
annual_state_offset,3188,2024-03-15,2024-03-25,-0.0112802133595746,2024,2023-12-31,learned_order_extension,20260912,0.41374971985365583,0.41374971985365583,0,0
annual_state_offset,3193,2024-03-22,2024-04-01,0.0042044725182444,2024,2023-12-31,learned_order_extension,20260912,0.4779698312307604,0.4779698312307604,0,1
annual_state_offset,3198,2024-03-29,2024-04-15,-0.0219845815102011,2024,2023-12-31,learned_order_extension,20260912,0.47494867441409877,0.47494867441409877,0,0
annual_shared_offset,3144,2024-01-05,2024-01-15,-0.0158038409563566,2024,2023-12-31,learned_order_extension,20260912,0.5535119994762409,0.5535119994762409,1,0
annual_shared_offset,3149,2024-01-12,2024-01-22,-0.002333261979756,2024,2023-12-31,learned_order_extension,20260912,0.48736548091739423,0.48736548091739423,0,0
annual_shared_offset,3154,2024-01-19,2024-01-29,0.0223511633823452,2024,2023-12-31,learned_order_extension,20260912,0.4215435053964147,0.4215435053964147,0,1
annual_shared_offset,3159,2024-01-26,2024-02-05,-0.0513103415192826,2024,2023-12-31,learned_order_extension,20260912,0.48649269504735876,0.48649269504735876,0,0
annual_shared_offset,3164,2024-02-02,2024-02-26,0.1015374891364462,2024,2023-12-31,learned_order_extension,20260912,0.5496050819275686,0.5496050819275686,1,1
annual_shared_offset,3173,2024-02-23,2024-03-04,0.0151569053862528,2024,2023-12-31,learned_order_extension,20260912,0.4386082807089806,0.4386082807089806,0,1
annual_shared_offset,3178,2024-03-01,2024-03-11,0.0021394031715169,2024,2023-12-31,learned_order_extension,20260912,0.46924981751922445,0.46924981751922445,0,1
annual_shared_offset,3183,2024-03-08,2024-03-18,0.0087762342284414,2024,2023-12-31,learned_order_extension,20260912,0.4701956287186797,0.4701956287186797,0,1
annual_shared_offset,3188,2024-03-15,2024-03-25,-0.0112802133595746,2024,2023-12-31,learned_order_extension,20260912,0.41374971985365583,0.41374971985365583,0,0
annual_shared_offset,3193,2024-03-22,2024-04-01,0.0042044725182444,2024,2023-12-31,learned_order_extension,20260912,0.4779698312307604,0.4779698312307604,0,1
annual_shared_offset,3198,2024-03-29,2024-04-15,-0.0219845815102011,2024,2023-12-31,learned_order_extension,20260912,0.47494867441409877,0.47494867441409877,0,0
annual_state_offset_half,3144,2024-01-05,2024-01-15,-0.0158038409563566,2024,2023-12-31,learned_order_extension,20260912,0.5535119994762409,0.5535119994762409,1,0
annual_state_offset_half,3149,2024-01-12,2024-01-22,-0.002333261979756,2024,2023-12-31,learned_order_extension,20260912,0.48736548091739423,0.48736548091739423,0,0
annual_state_offset_half,3154,2024-01-19,2024-01-29,0.0223511633823452,2024,2023-12-31,learned_order_extension,20260912,0.4215435053964147,0.4215435053964147,0,1
annual_state_offset_half,3159,2024-01-26,2024-02-05,-0.0513103415192826,2024,2023-12-31,learned_order_extension,20260912,0.48649269504735876,0.48649269504735876,0,0
annual_state_offset_half,3164,2024-02-02,2024-02-26,0.1015374891364462,2024,2023-12-31,learned_order_extension,20260912,0.5496050819275686,0.5496050819275686,1,1
annual_state_offset_half,3173,2024-02-23,2024-03-04,0.0151569053862528,2024,2023-12-31,learned_order_extension,20260912,0.4386082807089806,0.4386082807089806,0,1
annual_state_offset_half,3178,2024-03-01,2024-03-11,0.0021394031715169,2024,2023-12-31,learned_order_extension,20260912,0.46924981751922445,0.46924981751922445,0,1
annual_state_offset_half,3183,2024-03-08,2024-03-18,0.0087762342284414,2024,2023-12-31,learned_order_extension,20260912,0.4701956287186797,0.4701956287186797,0,1
annual_state_offset_half,3188,2024-03-15,2024-03-25,-0.0112802133595746,2024,2023-12-31,learned_order_extension,20260912,0.41374971985365583,0.41374971985365583,0,0
annual_state_offset_half,3193,2024-03-22,2024-04-01,0.0042044725182444,2024,2023-12-31,learned_order_extension,20260912,0.4779698312307604,0.4779698312307604,0,1
annual_state_offset_half,3198,2024-03-29,2024-04-15,-0.0219845815102011,2024,2023-12-31,learned_order_extension,20260912,0.47494867441409877,0.47494867441409877,0,0
annual_state_offset,3144,2024-01-05,2024-01-15,-0.0158038409563566,2024,2023-12-31,learned_order_offset,20260912,0.555524023910941,0.555524023910941,1,0
annual_state_offset,3149,2024-01-12,2024-01-22,-0.002333261979756,2024,2023-12-31,learned_order_offset,20260912,0.4886344435127239,0.4886344435127239,0,0
annual_state_offset,3154,2024-01-19,2024-01-29,0.0223511633823452,2024,2023-12-31,learned_order_offset,20260912,0.4229445653552536,0.4229445653552536,0,1
annual_state_offset,3159,2024-01-26,2024-02-05,-0.0513103415192826,2024,2023-12-31,learned_order_offset,20260912,0.4868819752675603,0.4868819752675603,0,0
annual_state_offset,3164,2024-02-02,2024-02-26,0.1015374891364462,2024,2023-12-31,learned_order_offset,20260912,0.5512261346233363,0.5512261346233363,1,1
annual_state_offset,3173,2024-02-23,2024-03-04,0.0151569053862528,2024,2023-12-31,learned_order_offset,20260912,0.4383060233141652,0.4383060233141652,0,1
annual_state_offset,3178,2024-03-01,2024-03-11,0.0021394031715169,2024,2023-12-31,learned_order_offset,20260912,0.4671863792327489,0.4671863792327489,0,1
annual_state_offset,3183,2024-03-08,2024-03-18,0.0087762342284414,2024,2023-12-31,learned_order_offset,20260912,0.4682690873666851,0.4682690873666851,0,1
annual_state_offset,3188,2024-03-15,2024-03-25,-0.0112802133595746,2024,2023-12-31,learned_order_offset,20260912,0.410883959095752,0.410883959095752,0,0
annual_state_offset,3193,2024-03-22,2024-04-01,0.0042044725182444,2024,2023-12-31,learned_order_offset,20260912,0.4736922823747903,0.4736922823747903,0,1
annual_state_offset,3198,2024-03-29,2024-04-15,-0.0219845815102011,2024,2023-12-31,learned_order_offset,20260912,0.4721761686206615,0.4721761686206615,0,0
annual_shared_offset,3144,2024-01-05,2024-01-15,-0.0158038409563566,2024,2023-12-31,learned_order_offset,20260912,0.555524023910941,0.555524023910941,1,0
annual_shared_offset,3149,2024-01-12,2024-01-22,-0.002333261979756,2024,2023-12-31,learned_order_offset,20260912,0.4886344435127239,0.4886344435127239,0,0
annual_shared_offset,3154,2024-01-19,2024-01-29,0.0223511633823452,2024,2023-12-31,learned_order_offset,20260912,0.4229445653552536,0.4229445653552536,0,1
annual_shared_offset,3159,2024-01-26,2024-02-05,-0.0513103415192826,2024,2023-12-31,learned_order_offset,20260912,0.4868819752675603,0.4868819752675603,0,0
annual_shared_offset,3164,2024-02-02,2024-02-26,0.1015374891364462,2024,2023-12-31,learned_order_offset,20260912,0.5512261346233363,0.5512261346233363,1,1
annual_shared_offset,3173,2024-02-23,2024-03-04,0.0151569053862528,2024,2023-12-31,learned_order_offset,20260912,0.4383060233141652,0.4383060233141652,0,1
annual_shared_offset,3178,2024-03-01,2024-03-11,0.0021394031715169,2024,2023-12-31,learned_order_offset,20260912,0.4671863792327489,0.4671863792327489,0,1
annual_shared_offset,3183,2024-03-08,2024-03-18,0.0087762342284414,2024,2023-12-31,learned_order_offset,20260912,0.4682690873666851,0.4682690873666851,0,1
annual_shared_offset,3188,2024-03-15,2024-03-25,-0.0112802133595746,2024,2023-12-31,learned_order_offset,20260912,0.410883959095752,0.410883959095752,0,0
annual_shared_offset,3193,2024-03-22,2024-04-01,0.0042044725182444,2024,2023-12-31,learned_order_offset,20260912,0.4736922823747903,0.4736922823747903,0,1
annual_shared_offset,3198,2024-03-29,2024-04-15,-0.0219845815102011,2024,2023-12-31,learned_order_offset,20260912,0.4721761686206615,0.4721761686206615,0,0
annual_state_offset_half,3144,2024-01-05,2024-01-15,-0.0158038409563566,2024,2023-12-31,learned_order_offset,20260912,0.555524023910941,0.555524023910941,1,0
annual_state_offset_half,3149,2024-01-12,2024-01-22,-0.002333261979756,2024,2023-12-31,learned_order_offset,20260912,0.4886344435127239,0.4886344435127239,0,0
annual_state_offset_half,3154,2024-01-19,2024-01-29,0.0223511633823452,2024,2023-12-31,learned_order_offset,20260912,0.4229445653552536,0.4229445653552536,0,1
annual_state_offset_half,3159,2024-01-26,2024-02-05,-0.0513103415192826,2024,2023-12-31,learned_order_offset,20260912,0.4868819752675603,0.4868819752675603,0,0
annual_state_offset_half,3164,2024-02-02,2024-02-26,0.1015374891364462,2024,2023-12-31,learned_order_offset,20260912,0.5512261346233363,0.5512261346233363,1,1
annual_state_offset_half,3173,2024-02-23,2024-03-04,0.0151569053862528,2024,2023-12-31,learned_order_offset,20260912,0.4383060233141652,0.4383060233141652,0,1
annual_state_offset_half,3178,2024-03-01,2024-03-11,0.0021394031715169,2024,2023-12-31,learned_order_offset,20260912,0.4671863792327489,0.4671863792327489,0,1
annual_state_offset_half,3183,2024-03-08,2024-03-18,0.0087762342284414,2024,2023-12-31,learned_order_offset,20260912,0.4682690873666851,0.4682690873666851,0,1
annual_state_offset_half,3188,2024-03-15,2024-03-25,-0.0112802133595746,2024,2023-12-31,learned_order_offset,20260912,0.410883959095752,0.410883959095752,0,0
annual_state_offset_half,3193,2024-03-22,2024-04-01,0.0042044725182444,2024,2023-12-31,learned_order_offset,20260912,0.4736922823747903,0.4736922823747903,0,1
annual_state_offset_half,3198,2024-03-29,2024-04-15,-0.0219845815102011,2024,2023-12-31,learned_order_offset,20260912,0.4721761686206615,0.4721761686206615,0,0
annual_state_offset,3206,2024-04-12,2024-04-22,0.018045199366633,2024,2024-03-31,learned_market,20260910,0.40607560893230144,0.40607560893230144,0,1
annual_state_offset,3211,2024-04-19,2024-04-29,0.0136757744232476,2024,2024-03-31,learned_market,20260910,0.3892776100417879,0.3892776100417879,0,1
annual_state_offset,3216,2024-04-26,2024-05-13,0.0172434956786644,2024,2024-03-31,learned_market,20260910,0.3282744753478747,0.3282744753478747,0,1
annual_state_offset,3223,2024-05-10,2024-05-20,0.0097933549988344,2024,2024-03-31,learned_market,20260910,0.3990687988287244,0.3990687988287244,0,1
annual_state_offset,3228,2024-05-17,2024-05-27,-0.0204803832637164,2024,2024-03-31,learned_market,20260910,0.3897084593157539,0.3897084593157539,0,0
annual_state_offset,3233,2024-05-24,2024-06-03,-0.0081155643048258,2024,2024-03-31,learned_market,20260910,0.43186519496988945,0.43186519496988945,0,0
annual_state_offset,3238,2024-05-31,2024-06-11,-0.0060267570121149,2024,2024-03-31,learned_market,20260910,0.4565336986968196,0.4565336986968196,0,0
annual_state_offset,3243,2024-06-07,2024-06-17,-0.0096686558937179,2024,2024-03-31,learned_market,20260910,0.6105718695143069,0.6105718695143069,1,0
annual_state_offset,3247,2024-06-14,2024-06-24,-0.013573992457631,2024,2024-03-31,learned_market,20260910,0.6713582427300896,0.6713582427300896,1,0
annual_state_offset,3252,2024-06-21,2024-07-01,-0.004427632109257,2024,2024-03-31,learned_market,20260910,0.4416184455773017,0.4416184455773017,0,0
annual_state_offset,3257,2024-06-28,2024-07-08,-0.0108320369203009,2024,2024-03-31,learned_market,20260910,0.5341806270801527,0.5341806270801527,1,0
annual_shared_offset,3206,2024-04-12,2024-04-22,0.018045199366633,2024,2024-03-31,learned_market,20260910,0.40607560893230144,0.40607560893230144,0,1
annual_shared_offset,3211,2024-04-19,2024-04-29,0.0136757744232476,2024,2024-03-31,learned_market,20260910,0.3892776100417879,0.3892776100417879,0,1
annual_shared_offset,3216,2024-04-26,2024-05-13,0.0172434956786644,2024,2024-03-31,learned_market,20260910,0.3282744753478747,0.3282744753478747,0,1
annual_shared_offset,3223,2024-05-10,2024-05-20,0.0097933549988344,2024,2024-03-31,learned_market,20260910,0.3990687988287244,0.3990687988287244,0,1
annual_shared_offset,3228,2024-05-17,2024-05-27,-0.0204803832637164,2024,2024-03-31,learned_market,20260910,0.3897084593157539,0.3897084593157539,0,0
annual_shared_offset,3233,2024-05-24,2024-06-03,-0.0081155643048258,2024,2024-03-31,learned_market,20260910,0.43186519496988945,0.43186519496988945,0,0
annual_shared_offset,3238,2024-05-31,2024-06-11,-0.0060267570121149,2024,2024-03-31,learned_market,20260910,0.4565336986968196,0.4565336986968196,0,0
annual_shared_offset,3243,2024-06-07,2024-06-17,-0.0096686558937179,2024,2024-03-31,learned_market,20260910,0.6105718695143069,0.6105718695143069,1,0
annual_shared_offset,3247,2024-06-14,2024-06-24,-0.013573992457631,2024,2024-03-31,learned_market,20260910,0.6713582427300896,0.6713582427300896,1,0
annual_shared_offset,3252,2024-06-21,2024-07-01,-0.004427632109257,2024,2024-03-31,learned_market,20260910,0.4416184455773017,0.4416184455773017,0,0
annual_shared_offset,3257,2024-06-28,2024-07-08,-0.0108320369203009,2024,2024-03-31,learned_market,20260910,0.5341806270801527,0.5341806270801527,1,0
annual_state_offset_half,3206,2024-04-12,2024-04-22,0.018045199366633,2024,2024-03-31,learned_market,20260910,0.40607560893230144,0.40607560893230144,0,1
annual_state_offset_half,3211,2024-04-19,2024-04-29,0.0136757744232476,2024,2024-03-31,learned_market,20260910,0.3892776100417879,0.3892776100417879,0,1
annual_state_offset_half,3216,2024-04-26,2024-05-13,0.0172434956786644,2024,2024-03-31,learned_market,20260910,0.3282744753478747,0.3282744753478747,0,1
annual_state_offset_half,3223,2024-05-10,2024-05-20,0.0097933549988344,2024,2024-03-31,learned_market,20260910,0.3990687988287244,0.3990687988287244,0,1
annual_state_offset_half,3228,2024-05-17,2024-05-27,-0.0204803832637164,2024,2024-03-31,learned_market,20260910,0.3897084593157539,0.3897084593157539,0,0
annual_state_offset_half,3233,2024-05-24,2024-06-03,-0.0081155643048258,2024,2024-03-31,learned_market,20260910,0.43186519496988945,0.43186519496988945,0,0
annual_state_offset_half,3238,2024-05-31,2024-06-11,-0.0060267570121149,2024,2024-03-31,learned_market,20260910,0.4565336986968196,0.4565336986968196,0,0
annual_state_offset_half,3243,2024-06-07,2024-06-17,-0.0096686558937179,2024,2024-03-31,learned_market,20260910,0.6105718695143069,0.6105718695143069,1,0
annual_state_offset_half,3247,2024-06-14,2024-06-24,-0.013573992457631,2024,2024-03-31,learned_market,20260910,0.6713582427300896,0.6713582427300896,1,0
annual_state_offset_half,3252,2024-06-21,2024-07-01,-0.004427632109257,2024,2024-03-31,learned_market,20260910,0.4416184455773017,0.4416184455773017,0,0
annual_state_offset_half,3257,2024-06-28,2024-07-08,-0.0108320369203009,2024,2024-03-31,learned_market,20260910,0.5341806270801527,0.5341806270801527,1,0
annual_state_offset,3206,2024-04-12,2024-04-22,0.018045199366633,2024,2024-03-31,learned_vol_interaction,20260910,0.3996858180028398,0.3996858180028398,0,1
annual_state_offset,3211,2024-04-19,2024-04-29,0.0136757744232476,2024,2024-03-31,learned_vol_interaction,20260910,0.37319633634071175,0.37319633634071175,0,1
annual_state_offset,3216,2024-04-26,2024-05-13,0.0172434956786644,2024,2024-03-31,learned_vol_interaction,20260910,0.3146645175119406,0.3146645175119406,0,1
annual_state_offset,3223,2024-05-10,2024-05-20,0.0097933549988344,2024,2024-03-31,learned_vol_interaction,20260910,0.37518028476500903,0.37518028476500903,0,1
annual_state_offset,3228,2024-05-17,2024-05-27,-0.0204803832637164,2024,2024-03-31,learned_vol_interaction,20260910,0.3743945093004113,0.3743945093004113,0,0
annual_state_offset,3233,2024-05-24,2024-06-03,-0.0081155643048258,2024,2024-03-31,learned_vol_interaction,20260910,0.41682706486348087,0.41682706486348087,0,0
annual_state_offset,3238,2024-05-31,2024-06-11,-0.0060267570121149,2024,2024-03-31,learned_vol_interaction,20260910,0.4492331097002634,0.4492331097002634,0,0
annual_state_offset,3243,2024-06-07,2024-06-17,-0.0096686558937179,2024,2024-03-31,learned_vol_interaction,20260910,0.646939742462589,0.646939742462589,1,0
annual_state_offset,3247,2024-06-14,2024-06-24,-0.013573992457631,2024,2024-03-31,learned_vol_interaction,20260910,0.728816996452314,0.728816996452314,1,0
annual_state_offset,3252,2024-06-21,2024-07-01,-0.004427632109257,2024,2024-03-31,learned_vol_interaction,20260910,0.45786386069259544,0.45786386069259544,0,0
annual_state_offset,3257,2024-06-28,2024-07-08,-0.0108320369203009,2024,2024-03-31,learned_vol_interaction,20260910,0.5781155623946855,0.5781155623946855,1,0
annual_shared_offset,3206,2024-04-12,2024-04-22,0.018045199366633,2024,2024-03-31,learned_vol_interaction,20260910,0.3996858180028398,0.3996858180028398,0,1
annual_shared_offset,3211,2024-04-19,2024-04-29,0.0136757744232476,2024,2024-03-31,learned_vol_interaction,20260910,0.37319633634071175,0.37319633634071175,0,1
annual_shared_offset,3216,2024-04-26,2024-05-13,0.0172434956786644,2024,2024-03-31,learned_vol_interaction,20260910,0.3146645175119406,0.3146645175119406,0,1
annual_shared_offset,3223,2024-05-10,2024-05-20,0.0097933549988344,2024,2024-03-31,learned_vol_interaction,20260910,0.37518028476500903,0.37518028476500903,0,1
annual_shared_offset,3228,2024-05-17,2024-05-27,-0.0204803832637164,2024,2024-03-31,learned_vol_interaction,20260910,0.3743945093004113,0.3743945093004113,0,0
annual_shared_offset,3233,2024-05-24,2024-06-03,-0.0081155643048258,2024,2024-03-31,learned_vol_interaction,20260910,0.41682706486348087,0.41682706486348087,0,0
annual_shared_offset,3238,2024-05-31,2024-06-11,-0.0060267570121149,2024,2024-03-31,learned_vol_interaction,20260910,0.4492331097002634,0.4492331097002634,0,0
annual_shared_offset,3243,2024-06-07,2024-06-17,-0.0096686558937179,2024,2024-03-31,learned_vol_interaction,20260910,0.646939742462589,0.646939742462589,1,0
annual_shared_offset,3247,2024-06-14,2024-06-24,-0.013573992457631,2024,2024-03-31,learned_vol_interaction,20260910,0.728816996452314,0.728816996452314,1,0
annual_shared_offset,3252,2024-06-21,2024-07-01,-0.004427632109257,2024,2024-03-31,learned_vol_interaction,20260910,0.45786386069259544,0.45786386069259544,0,0
annual_shared_offset,3257,2024-06-28,2024-07-08,-0.0108320369203009,2024,2024-03-31,learned_vol_interaction,20260910,0.5781155623946855,0.5781155623946855,1,0
annual_state_offset_half,3206,2024-04-12,2024-04-22,0.018045199366633,2024,2024-03-31,learned_vol_interaction,20260910,0.3996858180028398,0.3996858180028398,0,1
annual_state_offset_half,3211,2024-04-19,2024-04-29,0.0136757744232476,2024,2024-03-31,learned_vol_interaction,20260910,0.37319633634071175,0.37319633634071175,0,1
annual_state_offset_half,3216,2024-04-26,2024-05-13,0.0172434956786644,2024,2024-03-31,learned_vol_interaction,20260910,0.3146645175119406,0.3146645175119406,0,1
annual_state_offset_half,3223,2024-05-10,2024-05-20,0.0097933549988344,2024,2024-03-31,learned_vol_interaction,20260910,0.37518028476500903,0.37518028476500903,0,1
annual_state_offset_half,3228,2024-05-17,2024-05-27,-0.0204803832637164,2024,2024-03-31,learned_vol_interaction,20260910,0.3743945093004113,0.3743945093004113,0,0
annual_state_offset_half,3233,2024-05-24,2024-06-03,-0.0081155643048258,2024,2024-03-31,learned_vol_interaction,20260910,0.41682706486348087,0.41682706486348087,0,0
annual_state_offset_half,3238,2024-05-31,2024-06-11,-0.0060267570121149,2024,2024-03-31,learned_vol_interaction,20260910,0.4492331097002634,0.4492331097002634,0,0
annual_state_offset_half,3243,2024-06-07,2024-06-17,-0.0096686558937179,2024,2024-03-31,learned_vol_interaction,20260910,0.646939742462589,0.646939742462589,1,0
annual_state_offset_half,3247,2024-06-14,2024-06-24,-0.013573992457631,2024,2024-03-31,learned_vol_interaction,20260910,0.728816996452314,0.728816996452314,1,0
annual_state_offset_half,3252,2024-06-21,2024-07-01,-0.004427632109257,2024,2024-03-31,learned_vol_interaction,20260910,0.45786386069259544,0.45786386069259544,0,0
annual_state_offset_half,3257,2024-06-28,2024-07-08,-0.0108320369203009,2024,2024-03-31,learned_vol_interaction,20260910,0.5781155623946855,0.5781155623946855,1,0
annual_state_offset,3206,2024-04-12,2024-04-22,0.018045199366633,2024,2024-03-31,learned_order_extension,20260910,0.3886483454535768,0.3886483454535768,0,1
annual_state_offset,3211,2024-04-19,2024-04-29,0.0136757744232476,2024,2024-03-31,learned_order_extension,20260910,0.3831378513745901,0.3831378513745901,0,1
annual_state_offset,3216,2024-04-26,2024-05-13,0.0172434956786644,2024,2024-03-31,learned_order_extension,20260910,0.37424697076859526,0.37424697076859526,0,1
annual_state_offset,3223,2024-05-10,2024-05-20,0.0097933549988344,2024,2024-03-31,learned_order_extension,20260910,0.3903039016654425,0.3903039016654425,0,1
annual_state_offset,3228,2024-05-17,2024-05-27,-0.0204803832637164,2024,2024-03-31,learned_order_extension,20260910,0.40843859964633433,0.40843859964633433,0,0
annual_state_offset,3233,2024-05-24,2024-06-03,-0.0081155643048258,2024,2024-03-31,learned_order_extension,20260910,0.43309876347512,0.43309876347512,0,0
annual_state_offset,3238,2024-05-31,2024-06-11,-0.0060267570121149,2024,2024-03-31,learned_order_extension,20260910,0.446586280617722,0.446586280617722,0,0
annual_state_offset,3243,2024-06-07,2024-06-17,-0.0096686558937179,2024,2024-03-31,learned_order_extension,20260910,0.626798924605605,0.626798924605605,1,0
annual_state_offset,3247,2024-06-14,2024-06-24,-0.013573992457631,2024,2024-03-31,learned_order_extension,20260910,0.7178883635744532,0.7178883635744532,1,0
annual_state_offset,3252,2024-06-21,2024-07-01,-0.004427632109257,2024,2024-03-31,learned_order_extension,20260910,0.4529899421679954,0.4529899421679954,0,0
annual_state_offset,3257,2024-06-28,2024-07-08,-0.0108320369203009,2024,2024-03-31,learned_order_extension,20260910,0.5695267559005048,0.5695267559005048,1,0
annual_shared_offset,3206,2024-04-12,2024-04-22,0.018045199366633,2024,2024-03-31,learned_order_extension,20260910,0.3886483454535768,0.3886483454535768,0,1
annual_shared_offset,3211,2024-04-19,2024-04-29,0.0136757744232476,2024,2024-03-31,learned_order_extension,20260910,0.3831378513745901,0.3831378513745901,0,1
annual_shared_offset,3216,2024-04-26,2024-05-13,0.0172434956786644,2024,2024-03-31,learned_order_extension,20260910,0.37424697076859526,0.37424697076859526,0,1
annual_shared_offset,3223,2024-05-10,2024-05-20,0.0097933549988344,2024,2024-03-31,learned_order_extension,20260910,0.3903039016654425,0.3903039016654425,0,1
annual_shared_offset,3228,2024-05-17,2024-05-27,-0.0204803832637164,2024,2024-03-31,learned_order_extension,20260910,0.40843859964633433,0.40843859964633433,0,0
annual_shared_offset,3233,2024-05-24,2024-06-03,-0.0081155643048258,2024,2024-03-31,learned_order_extension,20260910,0.43309876347512,0.43309876347512,0,0
annual_shared_offset,3238,2024-05-31,2024-06-11,-0.0060267570121149,2024,2024-03-31,learned_order_extension,20260910,0.446586280617722,0.446586280617722,0,0
annual_shared_offset,3243,2024-06-07,2024-06-17,-0.0096686558937179,2024,2024-03-31,learned_order_extension,20260910,0.626798924605605,0.626798924605605,1,0
annual_shared_offset,3247,2024-06-14,2024-06-24,-0.013573992457631,2024,2024-03-31,learned_order_extension,20260910,0.7178883635744532,0.7178883635744532,1,0
annual_shared_offset,3252,2024-06-21,2024-07-01,-0.004427632109257,2024,2024-03-31,learned_order_extension,20260910,0.4529899421679954,0.4529899421679954,0,0
annual_shared_offset,3257,2024-06-28,2024-07-08,-0.0108320369203009,2024,2024-03-31,learned_order_extension,20260910,0.5695267559005048,0.5695267559005048,1,0
annual_state_offset_half,3206,2024-04-12,2024-04-22,0.018045199366633,2024,2024-03-31,learned_order_extension,20260910,0.3886483454535768,0.3886483454535768,0,1
annual_state_offset_half,3211,2024-04-19,2024-04-29,0.0136757744232476,2024,2024-03-31,learned_order_extension,20260910,0.3831378513745901,0.3831378513745901,0,1
annual_state_offset_half,3216,2024-04-26,2024-05-13,0.0172434956786644,2024,2024-03-31,learned_order_extension,20260910,0.37424697076859526,0.37424697076859526,0,1
annual_state_offset_half,3223,2024-05-10,2024-05-20,0.0097933549988344,2024,2024-03-31,learned_order_extension,20260910,0.3903039016654425,0.3903039016654425,0,1
annual_state_offset_half,3228,2024-05-17,2024-05-27,-0.0204803832637164,2024,2024-03-31,learned_order_extension,20260910,0.40843859964633433,0.40843859964633433,0,0
annual_state_offset_half,3233,2024-05-24,2024-06-03,-0.0081155643048258,2024,2024-03-31,learned_order_extension,20260910,0.43309876347512,0.43309876347512,0,0
annual_state_offset_half,3238,2024-05-31,2024-06-11,-0.0060267570121149,2024,2024-03-31,learned_order_extension,20260910,0.446586280617722,0.446586280617722,0,0
annual_state_offset_half,3243,2024-06-07,2024-06-17,-0.0096686558937179,2024,2024-03-31,learned_order_extension,20260910,0.626798924605605,0.626798924605605,1,0
annual_state_offset_half,3247,2024-06-14,2024-06-24,-0.013573992457631,2024,2024-03-31,learned_order_extension,20260910,0.7178883635744532,0.7178883635744532,1,0
annual_state_offset_half,3252,2024-06-21,2024-07-01,-0.004427632109257,2024,2024-03-31,learned_order_extension,20260910,0.4529899421679954,0.4529899421679954,0,0
annual_state_offset_half,3257,2024-06-28,2024-07-08,-0.0108320369203009,2024,2024-03-31,learned_order_extension,20260910,0.5695267559005048,0.5695267559005048,1,0
annual_state_offset,3206,2024-04-12,2024-04-22,0.018045199366633,2024,2024-03-31,learned_order_offset,20260910,0.38808228102297715,0.38808228102297715,0,1
annual_state_offset,3211,2024-04-19,2024-04-29,0.0136757744232476,2024,2024-03-31,learned_order_offset,20260910,0.3836585040753394,0.3836585040753394,0,1
annual_state_offset,3216,2024-04-26,2024-05-13,0.0172434956786644,2024,2024-03-31,learned_order_offset,20260910,0.3751323735259505,0.3751323735259505,0,1
annual_state_offset,3223,2024-05-10,2024-05-20,0.0097933549988344,2024,2024-03-31,learned_order_offset,20260910,0.39075291038896165,0.39075291038896165,0,1
annual_state_offset,3228,2024-05-17,2024-05-27,-0.0204803832637164,2024,2024-03-31,learned_order_offset,20260910,0.4087832887536437,0.4087832887536437,0,0
annual_state_offset,3233,2024-05-24,2024-06-03,-0.0081155643048258,2024,2024-03-31,learned_order_offset,20260910,0.4331137649724263,0.4331137649724263,0,0
annual_state_offset,3238,2024-05-31,2024-06-11,-0.0060267570121149,2024,2024-03-31,learned_order_offset,20260910,0.44619955765953745,0.44619955765953745,0,0
annual_state_offset,3243,2024-06-07,2024-06-17,-0.0096686558937179,2024,2024-03-31,learned_order_offset,20260910,0.6254437339879714,0.6254437339879714,1,0
annual_state_offset,3247,2024-06-14,2024-06-24,-0.013573992457631,2024,2024-03-31,learned_order_offset,20260910,0.71648459870885,0.71648459870885,1,0
annual_state_offset,3252,2024-06-21,2024-07-01,-0.004427632109257,2024,2024-03-31,learned_order_offset,20260910,0.4526436242684473,0.4526436242684473,0,0
annual_state_offset,3257,2024-06-28,2024-07-08,-0.0108320369203009,2024,2024-03-31,learned_order_offset,20260910,0.5689843527024087,0.5689843527024087,1,0
annual_shared_offset,3206,2024-04-12,2024-04-22,0.018045199366633,2024,2024-03-31,learned_order_offset,20260910,0.38808228102297715,0.38808228102297715,0,1
annual_shared_offset,3211,2024-04-19,2024-04-29,0.0136757744232476,2024,2024-03-31,learned_order_offset,20260910,0.3836585040753394,0.3836585040753394,0,1
annual_shared_offset,3216,2024-04-26,2024-05-13,0.0172434956786644,2024,2024-03-31,learned_order_offset,20260910,0.3751323735259505,0.3751323735259505,0,1
annual_shared_offset,3223,2024-05-10,2024-05-20,0.0097933549988344,2024,2024-03-31,learned_order_offset,20260910,0.39075291038896165,0.39075291038896165,0,1
annual_shared_offset,3228,2024-05-17,2024-05-27,-0.0204803832637164,2024,2024-03-31,learned_order_offset,20260910,0.4087832887536437,0.4087832887536437,0,0
annual_shared_offset,3233,2024-05-24,2024-06-03,-0.0081155643048258,2024,2024-03-31,learned_order_offset,20260910,0.4331137649724263,0.4331137649724263,0,0
annual_shared_offset,3238,2024-05-31,2024-06-11,-0.0060267570121149,2024,2024-03-31,learned_order_offset,20260910,0.44619955765953745,0.44619955765953745,0,0
annual_shared_offset,3243,2024-06-07,2024-06-17,-0.0096686558937179,2024,2024-03-31,learned_order_offset,20260910,0.6254437339879714,0.6254437339879714,1,0
annual_shared_offset,3247,2024-06-14,2024-06-24,-0.013573992457631,2024,2024-03-31,learned_order_offset,20260910,0.71648459870885,0.71648459870885,1,0
annual_shared_offset,3252,2024-06-21,2024-07-01,-0.004427632109257,2024,2024-03-31,learned_order_offset,20260910,0.4526436242684473,0.4526436242684473,0,0
annual_shared_offset,3257,2024-06-28,2024-07-08,-0.0108320369203009,2024,2024-03-31,learned_order_offset,20260910,0.5689843527024087,0.5689843527024087,1,0
annual_state_offset_half,3206,2024-04-12,2024-04-22,0.018045199366633,2024,2024-03-31,learned_order_offset,20260910,0.38808228102297715,0.38808228102297715,0,1
annual_state_offset_half,3211,2024-04-19,2024-04-29,0.0136757744232476,2024,2024-03-31,learned_order_offset,20260910,0.3836585040753394,0.3836585040753394,0,1
annual_state_offset_half,3216,2024-04-26,2024-05-13,0.0172434956786644,2024,2024-03-31,learned_order_offset,20260910,0.3751323735259505,0.3751323735259505,0,1
annual_state_offset_half,3223,2024-05-10,2024-05-20,0.0097933549988344,2024,2024-03-31,learned_order_offset,20260910,0.39075291038896165,0.39075291038896165,0,1
annual_state_offset_half,3228,2024-05-17,2024-05-27,-0.0204803832637164,2024,2024-03-31,learned_order_offset,20260910,0.4087832887536437,0.4087832887536437,0,0
annual_state_offset_half,3233,2024-05-24,2024-06-03,-0.0081155643048258,2024,2024-03-31,learned_order_offset,20260910,0.4331137649724263,0.4331137649724263,0,0
annual_state_offset_half,3238,2024-05-31,2024-06-11,-0.0060267570121149,2024,2024-03-31,learned_order_offset,20260910,0.44619955765953745,0.44619955765953745,0,0
annual_state_offset_half,3243,2024-06-07,2024-06-17,-0.0096686558937179,2024,2024-03-31,learned_order_offset,20260910,0.6254437339879714,0.6254437339879714,1,0
annual_state_offset_half,3247,2024-06-14,2024-06-24,-0.013573992457631,2024,2024-03-31,learned_order_offset,20260910,0.71648459870885,0.71648459870885,1,0
annual_state_offset_half,3252,2024-06-21,2024-07-01,-0.004427632109257,2024,2024-03-31,learned_order_offset,20260910,0.4526436242684473,0.4526436242684473,0,0
annual_state_offset_half,3257,2024-06-28,2024-07-08,-0.0108320369203009,2024,2024-03-31,learned_order_offset,20260910,0.5689843527024087,0.5689843527024087,1,0
annual_state_offset,3206,2024-04-12,2024-04-22,0.018045199366633,2024,2024-03-31,learned_market,20260911,0.4010137779932345,0.4010137779932345,0,1
annual_state_offset,3211,2024-04-19,2024-04-29,0.0136757744232476,2024,2024-03-31,learned_market,20260911,0.6881239388416772,0.6881239388416772,1,1
annual_state_offset,3216,2024-04-26,2024-05-13,0.0172434956786644,2024,2024-03-31,learned_market,20260911,0.7017626392504613,0.7017626392504613,1,1
annual_state_offset,3223,2024-05-10,2024-05-20,0.0097933549988344,2024,2024-03-31,learned_market,20260911,0.34643372246634235,0.34643372246634235,0,1
annual_state_offset,3228,2024-05-17,2024-05-27,-0.0204803832637164,2024,2024-03-31,learned_market,20260911,0.4431227189539159,0.4431227189539159,0,0
annual_state_offset,3233,2024-05-24,2024-06-03,-0.0081155643048258,2024,2024-03-31,learned_market,20260911,0.37604335071722716,0.37604335071722716,0,0
annual_state_offset,3238,2024-05-31,2024-06-11,-0.0060267570121149,2024,2024-03-31,learned_market,20260911,0.4623695985721365,0.4623695985721365,0,0
annual_state_offset,3243,2024-06-07,2024-06-17,-0.0096686558937179,2024,2024-03-31,learned_market,20260911,0.4582644121723416,0.4582644121723416,0,0
annual_state_offset,3247,2024-06-14,2024-06-24,-0.013573992457631,2024,2024-03-31,learned_market,20260911,0.547653314525006,0.547653314525006,1,0
annual_state_offset,3252,2024-06-21,2024-07-01,-0.004427632109257,2024,2024-03-31,learned_market,20260911,0.47189161681005365,0.47189161681005365,0,0
annual_state_offset,3257,2024-06-28,2024-07-08,-0.0108320369203009,2024,2024-03-31,learned_market,20260911,0.5123469688343429,0.5123469688343429,1,0
annual_shared_offset,3206,2024-04-12,2024-04-22,0.018045199366633,2024,2024-03-31,learned_market,20260911,0.4010137779932345,0.4010137779932345,0,1
annual_shared_offset,3211,2024-04-19,2024-04-29,0.0136757744232476,2024,2024-03-31,learned_market,20260911,0.6881239388416772,0.6881239388416772,1,1
annual_shared_offset,3216,2024-04-26,2024-05-13,0.0172434956786644,2024,2024-03-31,learned_market,20260911,0.7017626392504613,0.7017626392504613,1,1
annual_shared_offset,3223,2024-05-10,2024-05-20,0.0097933549988344,2024,2024-03-31,learned_market,20260911,0.34643372246634235,0.34643372246634235,0,1
annual_shared_offset,3228,2024-05-17,2024-05-27,-0.0204803832637164,2024,2024-03-31,learned_market,20260911,0.4431227189539159,0.4431227189539159,0,0
annual_shared_offset,3233,2024-05-24,2024-06-03,-0.0081155643048258,2024,2024-03-31,learned_market,20260911,0.37604335071722716,0.37604335071722716,0,0
annual_shared_offset,3238,2024-05-31,2024-06-11,-0.0060267570121149,2024,2024-03-31,learned_market,20260911,0.4623695985721365,0.4623695985721365,0,0
annual_shared_offset,3243,2024-06-07,2024-06-17,-0.0096686558937179,2024,2024-03-31,learned_market,20260911,0.4582644121723416,0.4582644121723416,0,0
annual_shared_offset,3247,2024-06-14,2024-06-24,-0.013573992457631,2024,2024-03-31,learned_market,20260911,0.547653314525006,0.547653314525006,1,0
annual_shared_offset,3252,2024-06-21,2024-07-01,-0.004427632109257,2024,2024-03-31,learned_market,20260911,0.47189161681005365,0.47189161681005365,0,0
annual_shared_offset,3257,2024-06-28,2024-07-08,-0.0108320369203009,2024,2024-03-31,learned_market,20260911,0.5123469688343429,0.5123469688343429,1,0
annual_state_offset_half,3206,2024-04-12,2024-04-22,0.018045199366633,2024,2024-03-31,learned_market,20260911,0.4010137779932345,0.4010137779932345,0,1
annual_state_offset_half,3211,2024-04-19,2024-04-29,0.0136757744232476,2024,2024-03-31,learned_market,20260911,0.6881239388416772,0.6881239388416772,1,1
annual_state_offset_half,3216,2024-04-26,2024-05-13,0.0172434956786644,2024,2024-03-31,learned_market,20260911,0.7017626392504613,0.7017626392504613,1,1
annual_state_offset_half,3223,2024-05-10,2024-05-20,0.0097933549988344,2024,2024-03-31,learned_market,20260911,0.34643372246634235,0.34643372246634235,0,1
annual_state_offset_half,3228,2024-05-17,2024-05-27,-0.0204803832637164,2024,2024-03-31,learned_market,20260911,0.4431227189539159,0.4431227189539159,0,0
annual_state_offset_half,3233,2024-05-24,2024-06-03,-0.0081155643048258,2024,2024-03-31,learned_market,20260911,0.37604335071722716,0.37604335071722716,0,0
annual_state_offset_half,3238,2024-05-31,2024-06-11,-0.0060267570121149,2024,2024-03-31,learned_market,20260911,0.4623695985721365,0.4623695985721365,0,0
annual_state_offset_half,3243,2024-06-07,2024-06-17,-0.0096686558937179,2024,2024-03-31,learned_market,20260911,0.4582644121723416,0.4582644121723416,0,0
annual_state_offset_half,3247,2024-06-14,2024-06-24,-0.013573992457631,2024,2024-03-31,learned_market,20260911,0.547653314525006,0.547653314525006,1,0
annual_state_offset_half,3252,2024-06-21,2024-07-01,-0.004427632109257,2024,2024-03-31,learned_market,20260911,0.47189161681005365,0.47189161681005365,0,0
annual_state_offset_half,3257,2024-06-28,2024-07-08,-0.0108320369203009,2024,2024-03-31,learned_market,20260911,0.5123469688343429,0.5123469688343429,1,0
annual_state_offset,3206,2024-04-12,2024-04-22,0.018045199366633,2024,2024-03-31,learned_vol_interaction,20260911,0.4005671244257861,0.4005671244257861,0,1
annual_state_offset,3211,2024-04-19,2024-04-29,0.0136757744232476,2024,2024-03-31,learned_vol_interaction,20260911,0.6887193746097363,0.6887193746097363,1,1
annual_state_offset,3216,2024-04-26,2024-05-13,0.0172434956786644,2024,2024-03-31,learned_vol_interaction,20260911,0.7022970676469774,0.7022970676469774,1,1
annual_state_offset,3223,2024-05-10,2024-05-20,0.0097933549988344,2024,2024-03-31,learned_vol_interaction,20260911,0.3455594321474703,0.3455594321474703,0,1
annual_state_offset,3228,2024-05-17,2024-05-27,-0.0204803832637164,2024,2024-03-31,learned_vol_interaction,20260911,0.44349832999365935,0.44349832999365935,0,0
annual_state_offset,3233,2024-05-24,2024-06-03,-0.0081155643048258,2024,2024-03-31,learned_vol_interaction,20260911,0.37584176621168797,0.37584176621168797,0,0
annual_state_offset,3238,2024-05-31,2024-06-11,-0.0060267570121149,2024,2024-03-31,learned_vol_interaction,20260911,0.462679170258509,0.462679170258509,0,0
annual_state_offset,3243,2024-06-07,2024-06-17,-0.0096686558937179,2024,2024-03-31,learned_vol_interaction,20260911,0.45791502581125104,0.45791502581125104,0,0
annual_state_offset,3247,2024-06-14,2024-06-24,-0.013573992457631,2024,2024-03-31,learned_vol_interaction,20260911,0.5487064397258339,0.5487064397258339,1,0
annual_state_offset,3252,2024-06-21,2024-07-01,-0.004427632109257,2024,2024-03-31,learned_vol_interaction,20260911,0.4727875387503036,0.4727875387503036,0,0
annual_state_offset,3257,2024-06-28,2024-07-08,-0.0108320369203009,2024,2024-03-31,learned_vol_interaction,20260911,0.5132044653177142,0.5132044653177142,1,0
annual_shared_offset,3206,2024-04-12,2024-04-22,0.018045199366633,2024,2024-03-31,learned_vol_interaction,20260911,0.4005671244257861,0.4005671244257861,0,1
annual_shared_offset,3211,2024-04-19,2024-04-29,0.0136757744232476,2024,2024-03-31,learned_vol_interaction,20260911,0.6887193746097363,0.6887193746097363,1,1
annual_shared_offset,3216,2024-04-26,2024-05-13,0.0172434956786644,2024,2024-03-31,learned_vol_interaction,20260911,0.7022970676469774,0.7022970676469774,1,1
annual_shared_offset,3223,2024-05-10,2024-05-20,0.0097933549988344,2024,2024-03-31,learned_vol_interaction,20260911,0.3455594321474703,0.3455594321474703,0,1
annual_shared_offset,3228,2024-05-17,2024-05-27,-0.0204803832637164,2024,2024-03-31,learned_vol_interaction,20260911,0.44349832999365935,0.44349832999365935,0,0
annual_shared_offset,3233,2024-05-24,2024-06-03,-0.0081155643048258,2024,2024-03-31,learned_vol_interaction,20260911,0.37584176621168797,0.37584176621168797,0,0
annual_shared_offset,3238,2024-05-31,2024-06-11,-0.0060267570121149,2024,2024-03-31,learned_vol_interaction,20260911,0.462679170258509,0.462679170258509,0,0
annual_shared_offset,3243,2024-06-07,2024-06-17,-0.0096686558937179,2024,2024-03-31,learned_vol_interaction,20260911,0.45791502581125104,0.45791502581125104,0,0
annual_shared_offset,3247,2024-06-14,2024-06-24,-0.013573992457631,2024,2024-03-31,learned_vol_interaction,20260911,0.5487064397258339,0.5487064397258339,1,0
annual_shared_offset,3252,2024-06-21,2024-07-01,-0.004427632109257,2024,2024-03-31,learned_vol_interaction,20260911,0.4727875387503036,0.4727875387503036,0,0
annual_shared_offset,3257,2024-06-28,2024-07-08,-0.0108320369203009,2024,2024-03-31,learned_vol_interaction,20260911,0.5132044653177142,0.5132044653177142,1,0
annual_state_offset_half,3206,2024-04-12,2024-04-22,0.018045199366633,2024,2024-03-31,learned_vol_interaction,20260911,0.4005671244257861,0.4005671244257861,0,1
annual_state_offset_half,3211,2024-04-19,2024-04-29,0.0136757744232476,2024,2024-03-31,learned_vol_interaction,20260911,0.6887193746097363,0.6887193746097363,1,1
annual_state_offset_half,3216,2024-04-26,2024-05-13,0.0172434956786644,2024,2024-03-31,learned_vol_interaction,20260911,0.7022970676469774,0.7022970676469774,1,1
annual_state_offset_half,3223,2024-05-10,2024-05-20,0.0097933549988344,2024,2024-03-31,learned_vol_interaction,20260911,0.3455594321474703,0.3455594321474703,0,1
annual_state_offset_half,3228,2024-05-17,2024-05-27,-0.0204803832637164,2024,2024-03-31,learned_vol_interaction,20260911,0.44349832999365935,0.44349832999365935,0,0
annual_state_offset_half,3233,2024-05-24,2024-06-03,-0.0081155643048258,2024,2024-03-31,learned_vol_interaction,20260911,0.37584176621168797,0.37584176621168797,0,0
annual_state_offset_half,3238,2024-05-31,2024-06-11,-0.0060267570121149,2024,2024-03-31,learned_vol_interaction,20260911,0.462679170258509,0.462679170258509,0,0
annual_state_offset_half,3243,2024-06-07,2024-06-17,-0.0096686558937179,2024,2024-03-31,learned_vol_interaction,20260911,0.45791502581125104,0.45791502581125104,0,0
annual_state_offset_half,3247,2024-06-14,2024-06-24,-0.013573992457631,2024,2024-03-31,learned_vol_interaction,20260911,0.5487064397258339,0.5487064397258339,1,0
annual_state_offset_half,3252,2024-06-21,2024-07-01,-0.004427632109257,2024,2024-03-31,learned_vol_interaction,20260911,0.4727875387503036,0.4727875387503036,0,0
annual_state_offset_half,3257,2024-06-28,2024-07-08,-0.0108320369203009,2024,2024-03-31,learned_vol_interaction,20260911,0.5132044653177142,0.5132044653177142,1,0
annual_state_offset,3206,2024-04-12,2024-04-22,0.018045199366633,2024,2024-03-31,learned_order_extension,20260911,0.3866844940005672,0.3866844940005672,0,1
annual_state_offset,3211,2024-04-19,2024-04-29,0.0136757744232476,2024,2024-03-31,learned_order_extension,20260911,0.5343459488053159,0.5343459488053159,1,1
annual_state_offset,3216,2024-04-26,2024-05-13,0.0172434956786644,2024,2024-03-31,learned_order_extension,20260911,0.513240014593565,0.513240014593565,1,1
annual_state_offset,3223,2024-05-10,2024-05-20,0.0097933549988344,2024,2024-03-31,learned_order_extension,20260911,0.3965400007837658,0.3965400007837658,0,1
annual_state_offset,3228,2024-05-17,2024-05-27,-0.0204803832637164,2024,2024-03-31,learned_order_extension,20260911,0.45967482999568354,0.45967482999568354,0,0
annual_state_offset,3233,2024-05-24,2024-06-03,-0.0081155643048258,2024,2024-03-31,learned_order_extension,20260911,0.4103835614322711,0.4103835614322711,0,0
annual_state_offset,3238,2024-05-31,2024-06-11,-0.0060267570121149,2024,2024-03-31,learned_order_extension,20260911,0.483584132532498,0.483584132532498,0,0
annual_state_offset,3243,2024-06-07,2024-06-17,-0.0096686558937179,2024,2024-03-31,learned_order_extension,20260911,0.4576789647131029,0.4576789647131029,0,0
annual_state_offset,3247,2024-06-14,2024-06-24,-0.013573992457631,2024,2024-03-31,learned_order_extension,20260911,0.5515041025200125,0.5515041025200125,1,0
annual_state_offset,3252,2024-06-21,2024-07-01,-0.004427632109257,2024,2024-03-31,learned_order_extension,20260911,0.4894889896317385,0.4894889896317385,0,0
annual_state_offset,3257,2024-06-28,2024-07-08,-0.0108320369203009,2024,2024-03-31,learned_order_extension,20260911,0.5121801875037945,0.5121801875037945,1,0
annual_shared_offset,3206,2024-04-12,2024-04-22,0.018045199366633,2024,2024-03-31,learned_order_extension,20260911,0.3866844940005672,0.3866844940005672,0,1
annual_shared_offset,3211,2024-04-19,2024-04-29,0.0136757744232476,2024,2024-03-31,learned_order_extension,20260911,0.5343459488053159,0.5343459488053159,1,1
annual_shared_offset,3216,2024-04-26,2024-05-13,0.0172434956786644,2024,2024-03-31,learned_order_extension,20260911,0.513240014593565,0.513240014593565,1,1
annual_shared_offset,3223,2024-05-10,2024-05-20,0.0097933549988344,2024,2024-03-31,learned_order_extension,20260911,0.3965400007837658,0.3965400007837658,0,1
annual_shared_offset,3228,2024-05-17,2024-05-27,-0.0204803832637164,2024,2024-03-31,learned_order_extension,20260911,0.45967482999568354,0.45967482999568354,0,0
annual_shared_offset,3233,2024-05-24,2024-06-03,-0.0081155643048258,2024,2024-03-31,learned_order_extension,20260911,0.4103835614322711,0.4103835614322711,0,0
annual_shared_offset,3238,2024-05-31,2024-06-11,-0.0060267570121149,2024,2024-03-31,learned_order_extension,20260911,0.483584132532498,0.483584132532498,0,0
annual_shared_offset,3243,2024-06-07,2024-06-17,-0.0096686558937179,2024,2024-03-31,learned_order_extension,20260911,0.4576789647131029,0.4576789647131029,0,0
annual_shared_offset,3247,2024-06-14,2024-06-24,-0.013573992457631,2024,2024-03-31,learned_order_extension,20260911,0.5515041025200125,0.5515041025200125,1,0
annual_shared_offset,3252,2024-06-21,2024-07-01,-0.004427632109257,2024,2024-03-31,learned_order_extension,20260911,0.4894889896317385,0.4894889896317385,0,0
annual_shared_offset,3257,2024-06-28,2024-07-08,-0.0108320369203009,2024,2024-03-31,learned_order_extension,20260911,0.5121801875037945,0.5121801875037945,1,0
annual_state_offset_half,3206,2024-04-12,2024-04-22,0.018045199366633,2024,2024-03-31,learned_order_extension,20260911,0.3866844940005672,0.3866844940005672,0,1
annual_state_offset_half,3211,2024-04-19,2024-04-29,0.0136757744232476,2024,2024-03-31,learned_order_extension,20260911,0.5343459488053159,0.5343459488053159,1,1
annual_state_offset_half,3216,2024-04-26,2024-05-13,0.0172434956786644,2024,2024-03-31,learned_order_extension,20260911,0.513240014593565,0.513240014593565,1,1
annual_state_offset_half,3223,2024-05-10,2024-05-20,0.0097933549988344,2024,2024-03-31,learned_order_extension,20260911,0.3965400007837658,0.3965400007837658,0,1
annual_state_offset_half,3228,2024-05-17,2024-05-27,-0.0204803832637164,2024,2024-03-31,learned_order_extension,20260911,0.45967482999568354,0.45967482999568354,0,0
annual_state_offset_half,3233,2024-05-24,2024-06-03,-0.0081155643048258,2024,2024-03-31,learned_order_extension,20260911,0.4103835614322711,0.4103835614322711,0,0
annual_state_offset_half,3238,2024-05-31,2024-06-11,-0.0060267570121149,2024,2024-03-31,learned_order_extension,20260911,0.483584132532498,0.483584132532498,0,0
annual_state_offset_half,3243,2024-06-07,2024-06-17,-0.0096686558937179,2024,2024-03-31,learned_order_extension,20260911,0.4576789647131029,0.4576789647131029,0,0
annual_state_offset_half,3247,2024-06-14,2024-06-24,-0.013573992457631,2024,2024-03-31,learned_order_extension,20260911,0.5515041025200125,0.5515041025200125,1,0
annual_state_offset_half,3252,2024-06-21,2024-07-01,-0.004427632109257,2024,2024-03-31,learned_order_extension,20260911,0.4894889896317385,0.4894889896317385,0,0
annual_state_offset_half,3257,2024-06-28,2024-07-08,-0.0108320369203009,2024,2024-03-31,learned_order_extension,20260911,0.5121801875037945,0.5121801875037945,1,0
annual_state_offset,3206,2024-04-12,2024-04-22,0.018045199366633,2024,2024-03-31,learned_order_offset,20260911,0.38475750018966987,0.38475750018966987,0,1
annual_state_offset,3211,2024-04-19,2024-04-29,0.0136757744232476,2024,2024-03-31,learned_order_offset,20260911,0.5305043269791333,0.5305043269791333,1,1
annual_state_offset,3216,2024-04-26,2024-05-13,0.0172434956786644,2024,2024-03-31,learned_order_offset,20260911,0.5107638404545624,0.5107638404545624,1,1
annual_state_offset,3223,2024-05-10,2024-05-20,0.0097933549988344,2024,2024-03-31,learned_order_offset,20260911,0.3967922716976589,0.3967922716976589,0,1
annual_state_offset,3228,2024-05-17,2024-05-27,-0.0204803832637164,2024,2024-03-31,learned_order_offset,20260911,0.459025127987619,0.459025127987619,0,0
annual_state_offset,3233,2024-05-24,2024-06-03,-0.0081155643048258,2024,2024-03-31,learned_order_offset,20260911,0.40953378651570865,0.40953378651570865,0,0
annual_state_offset,3238,2024-05-31,2024-06-11,-0.0060267570121149,2024,2024-03-31,learned_order_offset,20260911,0.48223477976059065,0.48223477976059065,0,0
annual_state_offset,3243,2024-06-07,2024-06-17,-0.0096686558937179,2024,2024-03-31,learned_order_offset,20260911,0.456270009415854,0.456270009415854,0,0
annual_state_offset,3247,2024-06-14,2024-06-24,-0.013573992457631,2024,2024-03-31,learned_order_offset,20260911,0.5504043507355747,0.5504043507355747,1,0
annual_state_offset,3252,2024-06-21,2024-07-01,-0.004427632109257,2024,2024-03-31,learned_order_offset,20260911,0.48936496243955907,0.48936496243955907,0,0
annual_state_offset,3257,2024-06-28,2024-07-08,-0.0108320369203009,2024,2024-03-31,learned_order_offset,20260911,0.51219411188397,0.51219411188397,1,0
annual_shared_offset,3206,2024-04-12,2024-04-22,0.018045199366633,2024,2024-03-31,learned_order_offset,20260911,0.38475750018966987,0.38475750018966987,0,1
annual_shared_offset,3211,2024-04-19,2024-04-29,0.0136757744232476,2024,2024-03-31,learned_order_offset,20260911,0.5305043269791333,0.5305043269791333,1,1
annual_shared_offset,3216,2024-04-26,2024-05-13,0.0172434956786644,2024,2024-03-31,learned_order_offset,20260911,0.5107638404545624,0.5107638404545624,1,1
annual_shared_offset,3223,2024-05-10,2024-05-20,0.0097933549988344,2024,2024-03-31,learned_order_offset,20260911,0.3967922716976589,0.3967922716976589,0,1
annual_shared_offset,3228,2024-05-17,2024-05-27,-0.0204803832637164,2024,2024-03-31,learned_order_offset,20260911,0.459025127987619,0.459025127987619,0,0
annual_shared_offset,3233,2024-05-24,2024-06-03,-0.0081155643048258,2024,2024-03-31,learned_order_offset,20260911,0.40953378651570865,0.40953378651570865,0,0
annual_shared_offset,3238,2024-05-31,2024-06-11,-0.0060267570121149,2024,2024-03-31,learned_order_offset,20260911,0.48223477976059065,0.48223477976059065,0,0
annual_shared_offset,3243,2024-06-07,2024-06-17,-0.0096686558937179,2024,2024-03-31,learned_order_offset,20260911,0.456270009415854,0.456270009415854,0,0
annual_shared_offset,3247,2024-06-14,2024-06-24,-0.013573992457631,2024,2024-03-31,learned_order_offset,20260911,0.5504043507355747,0.5504043507355747,1,0
annual_shared_offset,3252,2024-06-21,2024-07-01,-0.004427632109257,2024,2024-03-31,learned_order_offset,20260911,0.48936496243955907,0.48936496243955907,0,0
annual_shared_offset,3257,2024-06-28,2024-07-08,-0.0108320369203009,2024,2024-03-31,learned_order_offset,20260911,0.51219411188397,0.51219411188397,1,0
annual_state_offset_half,3206,2024-04-12,2024-04-22,0.018045199366633,2024,2024-03-31,learned_order_offset,20260911,0.38475750018966987,0.38475750018966987,0,1
annual_state_offset_half,3211,2024-04-19,2024-04-29,0.0136757744232476,2024,2024-03-31,learned_order_offset,20260911,0.5305043269791333,0.5305043269791333,1,1
annual_state_offset_half,3216,2024-04-26,2024-05-13,0.0172434956786644,2024,2024-03-31,learned_order_offset,20260911,0.5107638404545624,0.5107638404545624,1,1
annual_state_offset_half,3223,2024-05-10,2024-05-20,0.0097933549988344,2024,2024-03-31,learned_order_offset,20260911,0.3967922716976589,0.3967922716976589,0,1
annual_state_offset_half,3228,2024-05-17,2024-05-27,-0.0204803832637164,2024,2024-03-31,learned_order_offset,20260911,0.459025127987619,0.459025127987619,0,0
annual_state_offset_half,3233,2024-05-24,2024-06-03,-0.0081155643048258,2024,2024-03-31,learned_order_offset,20260911,0.40953378651570865,0.40953378651570865,0,0
annual_state_offset_half,3238,2024-05-31,2024-06-11,-0.0060267570121149,2024,2024-03-31,learned_order_offset,20260911,0.48223477976059065,0.48223477976059065,0,0
annual_state_offset_half,3243,2024-06-07,2024-06-17,-0.0096686558937179,2024,2024-03-31,learned_order_offset,20260911,0.456270009415854,0.456270009415854,0,0
annual_state_offset_half,3247,2024-06-14,2024-06-24,-0.013573992457631,2024,2024-03-31,learned_order_offset,20260911,0.5504043507355747,0.5504043507355747,1,0
annual_state_offset_half,3252,2024-06-21,2024-07-01,-0.004427632109257,2024,2024-03-31,learned_order_offset,20260911,0.48936496243955907,0.48936496243955907,0,0
annual_state_offset_half,3257,2024-06-28,2024-07-08,-0.0108320369203009,2024,2024-03-31,learned_order_offset,20260911,0.51219411188397,0.51219411188397,1,0
annual_state_offset,3206,2024-04-12,2024-04-22,0.018045199366633,2024,2024-03-31,learned_market,20260912,0.5884547036684491,0.5884547036684491,1,1
annual_state_offset,3211,2024-04-19,2024-04-29,0.0136757744232476,2024,2024-03-31,learned_market,20260912,0.6010925671138769,0.6010925671138769,1,1
annual_state_offset,3216,2024-04-26,2024-05-13,0.0172434956786644,2024,2024-03-31,learned_market,20260912,0.44046614548943686,0.44046614548943686,0,1
annual_state_offset,3223,2024-05-10,2024-05-20,0.0097933549988344,2024,2024-03-31,learned_market,20260912,0.26259823398744064,0.26259823398744064,0,1
annual_state_offset,3228,2024-05-17,2024-05-27,-0.0204803832637164,2024,2024-03-31,learned_market,20260912,0.25562213134474004,0.25562213134474004,0,0
annual_state_offset,3233,2024-05-24,2024-06-03,-0.0081155643048258,2024,2024-03-31,learned_market,20260912,0.29490360620746897,0.29490360620746897,0,0
annual_state_offset,3238,2024-05-31,2024-06-11,-0.0060267570121149,2024,2024-03-31,learned_market,20260912,0.3110520233043453,0.3110520233043453,0,0
annual_state_offset,3243,2024-06-07,2024-06-17,-0.0096686558937179,2024,2024-03-31,learned_market,20260912,0.3842886357568022,0.3842886357568022,0,0
annual_state_offset,3247,2024-06-14,2024-06-24,-0.013573992457631,2024,2024-03-31,learned_market,20260912,0.4060511684917983,0.4060511684917983,0,0
annual_state_offset,3252,2024-06-21,2024-07-01,-0.004427632109257,2024,2024-03-31,learned_market,20260912,0.44936005072663476,0.44936005072663476,0,0
annual_state_offset,3257,2024-06-28,2024-07-08,-0.0108320369203009,2024,2024-03-31,learned_market,20260912,0.43297494254632307,0.43297494254632307,0,0
annual_shared_offset,3206,2024-04-12,2024-04-22,0.018045199366633,2024,2024-03-31,learned_market,20260912,0.5884547036684491,0.5884547036684491,1,1
annual_shared_offset,3211,2024-04-19,2024-04-29,0.0136757744232476,2024,2024-03-31,learned_market,20260912,0.6010925671138769,0.6010925671138769,1,1
annual_shared_offset,3216,2024-04-26,2024-05-13,0.0172434956786644,2024,2024-03-31,learned_market,20260912,0.44046614548943686,0.44046614548943686,0,1
annual_shared_offset,3223,2024-05-10,2024-05-20,0.0097933549988344,2024,2024-03-31,learned_market,20260912,0.26259823398744064,0.26259823398744064,0,1
annual_shared_offset,3228,2024-05-17,2024-05-27,-0.0204803832637164,2024,2024-03-31,learned_market,20260912,0.25562213134474004,0.25562213134474004,0,0
annual_shared_offset,3233,2024-05-24,2024-06-03,-0.0081155643048258,2024,2024-03-31,learned_market,20260912,0.29490360620746897,0.29490360620746897,0,0
annual_shared_offset,3238,2024-05-31,2024-06-11,-0.0060267570121149,2024,2024-03-31,learned_market,20260912,0.3110520233043453,0.3110520233043453,0,0
annual_shared_offset,3243,2024-06-07,2024-06-17,-0.0096686558937179,2024,2024-03-31,learned_market,20260912,0.3842886357568022,0.3842886357568022,0,0
annual_shared_offset,3247,2024-06-14,2024-06-24,-0.013573992457631,2024,2024-03-31,learned_market,20260912,0.4060511684917983,0.4060511684917983,0,0
annual_shared_offset,3252,2024-06-21,2024-07-01,-0.004427632109257,2024,2024-03-31,learned_market,20260912,0.44936005072663476,0.44936005072663476,0,0
annual_shared_offset,3257,2024-06-28,2024-07-08,-0.0108320369203009,2024,2024-03-31,learned_market,20260912,0.43297494254632307,0.43297494254632307,0,0
annual_state_offset_half,3206,2024-04-12,2024-04-22,0.018045199366633,2024,2024-03-31,learned_market,20260912,0.5884547036684491,0.5884547036684491,1,1
annual_state_offset_half,3211,2024-04-19,2024-04-29,0.0136757744232476,2024,2024-03-31,learned_market,20260912,0.6010925671138769,0.6010925671138769,1,1
annual_state_offset_half,3216,2024-04-26,2024-05-13,0.0172434956786644,2024,2024-03-31,learned_market,20260912,0.44046614548943686,0.44046614548943686,0,1
annual_state_offset_half,3223,2024-05-10,2024-05-20,0.0097933549988344,2024,2024-03-31,learned_market,20260912,0.26259823398744064,0.26259823398744064,0,1
annual_state_offset_half,3228,2024-05-17,2024-05-27,-0.0204803832637164,2024,2024-03-31,learned_market,20260912,0.25562213134474004,0.25562213134474004,0,0
annual_state_offset_half,3233,2024-05-24,2024-06-03,-0.0081155643048258,2024,2024-03-31,learned_market,20260912,0.29490360620746897,0.29490360620746897,0,0
annual_state_offset_half,3238,2024-05-31,2024-06-11,-0.0060267570121149,2024,2024-03-31,learned_market,20260912,0.3110520233043453,0.3110520233043453,0,0
annual_state_offset_half,3243,2024-06-07,2024-06-17,-0.0096686558937179,2024,2024-03-31,learned_market,20260912,0.3842886357568022,0.3842886357568022,0,0
annual_state_offset_half,3247,2024-06-14,2024-06-24,-0.013573992457631,2024,2024-03-31,learned_market,20260912,0.4060511684917983,0.4060511684917983,0,0
annual_state_offset_half,3252,2024-06-21,2024-07-01,-0.004427632109257,2024,2024-03-31,learned_market,20260912,0.44936005072663476,0.44936005072663476,0,0
annual_state_offset_half,3257,2024-06-28,2024-07-08,-0.0108320369203009,2024,2024-03-31,learned_market,20260912,0.43297494254632307,0.43297494254632307,0,0
annual_state_offset,3206,2024-04-12,2024-04-22,0.018045199366633,2024,2024-03-31,learned_vol_interaction,20260912,0.6033137229015121,0.6033137229015121,1,1
annual_state_offset,3211,2024-04-19,2024-04-29,0.0136757744232476,2024,2024-03-31,learned_vol_interaction,20260912,0.6013392386798665,0.6013392386798665,1,1
annual_state_offset,3216,2024-04-26,2024-05-13,0.0172434956786644,2024,2024-03-31,learned_vol_interaction,20260912,0.43642493305163865,0.43642493305163865,0,1
annual_state_offset,3223,2024-05-10,2024-05-20,0.0097933549988344,2024,2024-03-31,learned_vol_interaction,20260912,0.26616465038111153,0.26616465038111153,0,1
annual_state_offset,3228,2024-05-17,2024-05-27,-0.0204803832637164,2024,2024-03-31,learned_vol_interaction,20260912,0.2488786215709529,0.2488786215709529,0,0
annual_state_offset,3233,2024-05-24,2024-06-03,-0.0081155643048258,2024,2024-03-31,learned_vol_interaction,20260912,0.28744477926146755,0.28744477926146755,0,0
annual_state_offset,3238,2024-05-31,2024-06-11,-0.0060267570121149,2024,2024-03-31,learned_vol_interaction,20260912,0.3030632705456588,0.3030632705456588,0,0
annual_state_offset,3243,2024-06-07,2024-06-17,-0.0096686558937179,2024,2024-03-31,learned_vol_interaction,20260912,0.3753543443366508,0.3753543443366508,0,0
annual_state_offset,3247,2024-06-14,2024-06-24,-0.013573992457631,2024,2024-03-31,learned_vol_interaction,20260912,0.397914021804278,0.397914021804278,0,0
annual_state_offset,3252,2024-06-21,2024-07-01,-0.004427632109257,2024,2024-03-31,learned_vol_interaction,20260912,0.45060839168891526,0.45060839168891526,0,0
annual_state_offset,3257,2024-06-28,2024-07-08,-0.0108320369203009,2024,2024-03-31,learned_vol_interaction,20260912,0.42556707786565773,0.42556707786565773,0,0
annual_shared_offset,3206,2024-04-12,2024-04-22,0.018045199366633,2024,2024-03-31,learned_vol_interaction,20260912,0.6033137229015121,0.6033137229015121,1,1
annual_shared_offset,3211,2024-04-19,2024-04-29,0.0136757744232476,2024,2024-03-31,learned_vol_interaction,20260912,0.6013392386798665,0.6013392386798665,1,1
annual_shared_offset,3216,2024-04-26,2024-05-13,0.0172434956786644,2024,2024-03-31,learned_vol_interaction,20260912,0.43642493305163865,0.43642493305163865,0,1
annual_shared_offset,3223,2024-05-10,2024-05-20,0.0097933549988344,2024,2024-03-31,learned_vol_interaction,20260912,0.26616465038111153,0.26616465038111153,0,1
annual_shared_offset,3228,2024-05-17,2024-05-27,-0.0204803832637164,2024,2024-03-31,learned_vol_interaction,20260912,0.2488786215709529,0.2488786215709529,0,0
annual_shared_offset,3233,2024-05-24,2024-06-03,-0.0081155643048258,2024,2024-03-31,learned_vol_interaction,20260912,0.28744477926146755,0.28744477926146755,0,0
annual_shared_offset,3238,2024-05-31,2024-06-11,-0.0060267570121149,2024,2024-03-31,learned_vol_interaction,20260912,0.3030632705456588,0.3030632705456588,0,0
annual_shared_offset,3243,2024-06-07,2024-06-17,-0.0096686558937179,2024,2024-03-31,learned_vol_interaction,20260912,0.3753543443366508,0.3753543443366508,0,0
annual_shared_offset,3247,2024-06-14,2024-06-24,-0.013573992457631,2024,2024-03-31,learned_vol_interaction,20260912,0.397914021804278,0.397914021804278,0,0
annual_shared_offset,3252,2024-06-21,2024-07-01,-0.004427632109257,2024,2024-03-31,learned_vol_interaction,20260912,0.45060839168891526,0.45060839168891526,0,0
annual_shared_offset,3257,2024-06-28,2024-07-08,-0.0108320369203009,2024,2024-03-31,learned_vol_interaction,20260912,0.42556707786565773,0.42556707786565773,0,0
annual_state_offset_half,3206,2024-04-12,2024-04-22,0.018045199366633,2024,2024-03-31,learned_vol_interaction,20260912,0.6033137229015121,0.6033137229015121,1,1
annual_state_offset_half,3211,2024-04-19,2024-04-29,0.0136757744232476,2024,2024-03-31,learned_vol_interaction,20260912,0.6013392386798665,0.6013392386798665,1,1
annual_state_offset_half,3216,2024-04-26,2024-05-13,0.0172434956786644,2024,2024-03-31,learned_vol_interaction,20260912,0.43642493305163865,0.43642493305163865,0,1
annual_state_offset_half,3223,2024-05-10,2024-05-20,0.0097933549988344,2024,2024-03-31,learned_vol_interaction,20260912,0.26616465038111153,0.26616465038111153,0,1
annual_state_offset_half,3228,2024-05-17,2024-05-27,-0.0204803832637164,2024,2024-03-31,learned_vol_interaction,20260912,0.2488786215709529,0.2488786215709529,0,0
annual_state_offset_half,3233,2024-05-24,2024-06-03,-0.0081155643048258,2024,2024-03-31,learned_vol_interaction,20260912,0.28744477926146755,0.28744477926146755,0,0
annual_state_offset_half,3238,2024-05-31,2024-06-11,-0.0060267570121149,2024,2024-03-31,learned_vol_interaction,20260912,0.3030632705456588,0.3030632705456588,0,0
annual_state_offset_half,3243,2024-06-07,2024-06-17,-0.0096686558937179,2024,2024-03-31,learned_vol_interaction,20260912,0.3753543443366508,0.3753543443366508,0,0
annual_state_offset_half,3247,2024-06-14,2024-06-24,-0.013573992457631,2024,2024-03-31,learned_vol_interaction,20260912,0.397914021804278,0.397914021804278,0,0
annual_state_offset_half,3252,2024-06-21,2024-07-01,-0.004427632109257,2024,2024-03-31,learned_vol_interaction,20260912,0.45060839168891526,0.45060839168891526,0,0
annual_state_offset_half,3257,2024-06-28,2024-07-08,-0.0108320369203009,2024,2024-03-31,learned_vol_interaction,20260912,0.42556707786565773,0.42556707786565773,0,0
annual_state_offset,3206,2024-04-12,2024-04-22,0.018045199366633,2024,2024-03-31,learned_order_extension,20260912,0.4521631675666491,0.4521631675666491,0,1
annual_state_offset,3211,2024-04-19,2024-04-29,0.0136757744232476,2024,2024-03-31,learned_order_extension,20260912,0.46878386183965415,0.46878386183965415,0,1
annual_state_offset,3216,2024-04-26,2024-05-13,0.0172434956786644,2024,2024-03-31,learned_order_extension,20260912,0.43436499150897173,0.43436499150897173,0,1
annual_state_offset,3223,2024-05-10,2024-05-20,0.0097933549988344,2024,2024-03-31,learned_order_extension,20260912,0.38174358105162726,0.38174358105162726,0,1
annual_state_offset,3228,2024-05-17,2024-05-27,-0.0204803832637164,2024,2024-03-31,learned_order_extension,20260912,0.35464216087181455,0.35464216087181455,0,0
annual_state_offset,3233,2024-05-24,2024-06-03,-0.0081155643048258,2024,2024-03-31,learned_order_extension,20260912,0.3707564745857874,0.3707564745857874,0,0
annual_state_offset,3238,2024-05-31,2024-06-11,-0.0060267570121149,2024,2024-03-31,learned_order_extension,20260912,0.3486366599267159,0.3486366599267159,0,0
annual_state_offset,3243,2024-06-07,2024-06-17,-0.0096686558937179,2024,2024-03-31,learned_order_extension,20260912,0.40347652723788147,0.40347652723788147,0,0
annual_state_offset,3247,2024-06-14,2024-06-24,-0.013573992457631,2024,2024-03-31,learned_order_extension,20260912,0.4129717305667233,0.4129717305667233,0,0
annual_state_offset,3252,2024-06-21,2024-07-01,-0.004427632109257,2024,2024-03-31,learned_order_extension,20260912,0.4595021392734005,0.4595021392734005,0,0
annual_state_offset,3257,2024-06-28,2024-07-08,-0.0108320369203009,2024,2024-03-31,learned_order_extension,20260912,0.4553896778333283,0.4553896778333283,0,0
annual_shared_offset,3206,2024-04-12,2024-04-22,0.018045199366633,2024,2024-03-31,learned_order_extension,20260912,0.4521631675666491,0.4521631675666491,0,1
annual_shared_offset,3211,2024-04-19,2024-04-29,0.0136757744232476,2024,2024-03-31,learned_order_extension,20260912,0.46878386183965415,0.46878386183965415,0,1
annual_shared_offset,3216,2024-04-26,2024-05-13,0.0172434956786644,2024,2024-03-31,learned_order_extension,20260912,0.43436499150897173,0.43436499150897173,0,1
annual_shared_offset,3223,2024-05-10,2024-05-20,0.0097933549988344,2024,2024-03-31,learned_order_extension,20260912,0.38174358105162726,0.38174358105162726,0,1
annual_shared_offset,3228,2024-05-17,2024-05-27,-0.0204803832637164,2024,2024-03-31,learned_order_extension,20260912,0.35464216087181455,0.35464216087181455,0,0
annual_shared_offset,3233,2024-05-24,2024-06-03,-0.0081155643048258,2024,2024-03-31,learned_order_extension,20260912,0.3707564745857874,0.3707564745857874,0,0
annual_shared_offset,3238,2024-05-31,2024-06-11,-0.0060267570121149,2024,2024-03-31,learned_order_extension,20260912,0.3486366599267159,0.3486366599267159,0,0
annual_shared_offset,3243,2024-06-07,2024-06-17,-0.0096686558937179,2024,2024-03-31,learned_order_extension,20260912,0.40347652723788147,0.40347652723788147,0,0
annual_shared_offset,3247,2024-06-14,2024-06-24,-0.013573992457631,2024,2024-03-31,learned_order_extension,20260912,0.4129717305667233,0.4129717305667233,0,0
annual_shared_offset,3252,2024-06-21,2024-07-01,-0.004427632109257,2024,2024-03-31,learned_order_extension,20260912,0.4595021392734005,0.4595021392734005,0,0
annual_shared_offset,3257,2024-06-28,2024-07-08,-0.0108320369203009,2024,2024-03-31,learned_order_extension,20260912,0.4553896778333283,0.4553896778333283,0,0
annual_state_offset_half,3206,2024-04-12,2024-04-22,0.018045199366633,2024,2024-03-31,learned_order_extension,20260912,0.4521631675666491,0.4521631675666491,0,1
annual_state_offset_half,3211,2024-04-19,2024-04-29,0.0136757744232476,2024,2024-03-31,learned_order_extension,20260912,0.46878386183965415,0.46878386183965415,0,1
annual_state_offset_half,3216,2024-04-26,2024-05-13,0.0172434956786644,2024,2024-03-31,learned_order_extension,20260912,0.43436499150897173,0.43436499150897173,0,1
annual_state_offset_half,3223,2024-05-10,2024-05-20,0.0097933549988344,2024,2024-03-31,learned_order_extension,20260912,0.38174358105162726,0.38174358105162726,0,1
annual_state_offset_half,3228,2024-05-17,2024-05-27,-0.0204803832637164,2024,2024-03-31,learned_order_extension,20260912,0.35464216087181455,0.35464216087181455,0,0
annual_state_offset_half,3233,2024-05-24,2024-06-03,-0.0081155643048258,2024,2024-03-31,learned_order_extension,20260912,0.3707564745857874,0.3707564745857874,0,0
annual_state_offset_half,3238,2024-05-31,2024-06-11,-0.0060267570121149,2024,2024-03-31,learned_order_extension,20260912,0.3486366599267159,0.3486366599267159,0,0
annual_state_offset_half,3243,2024-06-07,2024-06-17,-0.0096686558937179,2024,2024-03-31,learned_order_extension,20260912,0.40347652723788147,0.40347652723788147,0,0
annual_state_offset_half,3247,2024-06-14,2024-06-24,-0.013573992457631,2024,2024-03-31,learned_order_extension,20260912,0.4129717305667233,0.4129717305667233,0,0
annual_state_offset_half,3252,2024-06-21,2024-07-01,-0.004427632109257,2024,2024-03-31,learned_order_extension,20260912,0.4595021392734005,0.4595021392734005,0,0
annual_state_offset_half,3257,2024-06-28,2024-07-08,-0.0108320369203009,2024,2024-03-31,learned_order_extension,20260912,0.4553896778333283,0.4553896778333283,0,0
annual_state_offset,3206,2024-04-12,2024-04-22,0.018045199366633,2024,2024-03-31,learned_order_offset,20260912,0.44900290436109536,0.44900290436109536,0,1
annual_state_offset,3211,2024-04-19,2024-04-29,0.0136757744232476,2024,2024-03-31,learned_order_offset,20260912,0.4666007685534335,0.4666007685534335,0,1
annual_state_offset,3216,2024-04-26,2024-05-13,0.0172434956786644,2024,2024-03-31,learned_order_offset,20260912,0.4343770329705723,0.4343770329705723,0,1
annual_state_offset,3223,2024-05-10,2024-05-20,0.0097933549988344,2024,2024-03-31,learned_order_offset,20260912,0.3824496760888333,0.3824496760888333,0,1
annual_state_offset,3228,2024-05-17,2024-05-27,-0.0204803832637164,2024,2024-03-31,learned_order_offset,20260912,0.35711137240492025,0.35711137240492025,0,0
annual_state_offset,3233,2024-05-24,2024-06-03,-0.0081155643048258,2024,2024-03-31,learned_order_offset,20260912,0.3737645520851825,0.3737645520851825,0,0
annual_state_offset,3238,2024-05-31,2024-06-11,-0.0060267570121149,2024,2024-03-31,learned_order_offset,20260912,0.3510285369082652,0.3510285369082652,0,0
annual_state_offset,3243,2024-06-07,2024-06-17,-0.0096686558937179,2024,2024-03-31,learned_order_offset,20260912,0.4052492624281903,0.4052492624281903,0,0
annual_state_offset,3247,2024-06-14,2024-06-24,-0.013573992457631,2024,2024-03-31,learned_order_offset,20260912,0.41450780904711865,0.41450780904711865,0,0
annual_state_offset,3252,2024-06-21,2024-07-01,-0.004427632109257,2024,2024-03-31,learned_order_offset,20260912,0.46004587730144675,0.46004587730144675,0,0
annual_state_offset,3257,2024-06-28,2024-07-08,-0.0108320369203009,2024,2024-03-31,learned_order_offset,20260912,0.4589655459892309,0.4589655459892309,0,0
annual_shared_offset,3206,2024-04-12,2024-04-22,0.018045199366633,2024,2024-03-31,learned_order_offset,20260912,0.44900290436109536,0.44900290436109536,0,1
annual_shared_offset,3211,2024-04-19,2024-04-29,0.0136757744232476,2024,2024-03-31,learned_order_offset,20260912,0.4666007685534335,0.4666007685534335,0,1
annual_shared_offset,3216,2024-04-26,2024-05-13,0.0172434956786644,2024,2024-03-31,learned_order_offset,20260912,0.4343770329705723,0.4343770329705723,0,1
annual_shared_offset,3223,2024-05-10,2024-05-20,0.0097933549988344,2024,2024-03-31,learned_order_offset,20260912,0.3824496760888333,0.3824496760888333,0,1
annual_shared_offset,3228,2024-05-17,2024-05-27,-0.0204803832637164,2024,2024-03-31,learned_order_offset,20260912,0.35711137240492025,0.35711137240492025,0,0
annual_shared_offset,3233,2024-05-24,2024-06-03,-0.0081155643048258,2024,2024-03-31,learned_order_offset,20260912,0.3737645520851825,0.3737645520851825,0,0
annual_shared_offset,3238,2024-05-31,2024-06-11,-0.0060267570121149,2024,2024-03-31,learned_order_offset,20260912,0.3510285369082652,0.3510285369082652,0,0
annual_shared_offset,3243,2024-06-07,2024-06-17,-0.0096686558937179,2024,2024-03-31,learned_order_offset,20260912,0.4052492624281903,0.4052492624281903,0,0
annual_shared_offset,3247,2024-06-14,2024-06-24,-0.013573992457631,2024,2024-03-31,learned_order_offset,20260912,0.41450780904711865,0.41450780904711865,0,0
annual_shared_offset,3252,2024-06-21,2024-07-01,-0.004427632109257,2024,2024-03-31,learned_order_offset,20260912,0.46004587730144675,0.46004587730144675,0,0
annual_shared_offset,3257,2024-06-28,2024-07-08,-0.0108320369203009,2024,2024-03-31,learned_order_offset,20260912,0.4589655459892309,0.4589655459892309,0,0
annual_state_offset_half,3206,2024-04-12,2024-04-22,0.018045199366633,2024,2024-03-31,learned_order_offset,20260912,0.44900290436109536,0.44900290436109536,0,1
annual_state_offset_half,3211,2024-04-19,2024-04-29,0.0136757744232476,2024,2024-03-31,learned_order_offset,20260912,0.4666007685534335,0.4666007685534335,0,1
annual_state_offset_half,3216,2024-04-26,2024-05-13,0.0172434956786644,2024,2024-03-31,learned_order_offset,20260912,0.4343770329705723,0.4343770329705723,0,1
annual_state_offset_half,3223,2024-05-10,2024-05-20,0.0097933549988344,2024,2024-03-31,learned_order_offset,20260912,0.3824496760888333,0.3824496760888333,0,1
annual_state_offset_half,3228,2024-05-17,2024-05-27,-0.0204803832637164,2024,2024-03-31,learned_order_offset,20260912,0.35711137240492025,0.35711137240492025,0,0
annual_state_offset_half,3233,2024-05-24,2024-06-03,-0.0081155643048258,2024,2024-03-31,learned_order_offset,20260912,0.3737645520851825,0.3737645520851825,0,0
annual_state_offset_half,3238,2024-05-31,2024-06-11,-0.0060267570121149,2024,2024-03-31,learned_order_offset,20260912,0.3510285369082652,0.3510285369082652,0,0
annual_state_offset_half,3243,2024-06-07,2024-06-17,-0.0096686558937179,2024,2024-03-31,learned_order_offset,20260912,0.4052492624281903,0.4052492624281903,0,0
annual_state_offset_half,3247,2024-06-14,2024-06-24,-0.013573992457631,2024,2024-03-31,learned_order_offset,20260912,0.41450780904711865,0.41450780904711865,0,0
annual_state_offset_half,3252,2024-06-21,2024-07-01,-0.004427632109257,2024,2024-03-31,learned_order_offset,20260912,0.46004587730144675,0.46004587730144675,0,0
annual_state_offset_half,3257,2024-06-28,2024-07-08,-0.0108320369203009,2024,2024-03-31,learned_order_offset,20260912,0.4589655459892309,0.4589655459892309,0,0
annual_state_offset,3262,2024-07-05,2024-07-15,0.0122222871842843,2024,2024-06-30,learned_market,20260910,0.46961685283645427,0.46961685283645427,0,1
annual_state_offset,3267,2024-07-12,2024-07-22,0.0218881133018156,2024,2024-06-30,learned_market,20260910,0.4099089088791237,0.4099089088791237,0,1
annual_state_offset,3272,2024-07-19,2024-07-29,-0.0378787022382998,2024,2024-06-30,learned_market,20260910,0.505942860123584,0.505942860123584,1,0
annual_state_offset,3277,2024-07-26,2024-08-05,-0.0124134568216732,2024,2024-06-30,learned_market,20260910,0.45526385715761813,0.45526385715761813,0,0
annual_state_offset,3282,2024-08-02,2024-08-12,-0.0102762848330364,2024,2024-06-30,learned_market,20260910,0.448906141344661,0.448906141344661,0,0
annual_state_offset,3287,2024-08-09,2024-08-19,0.0050186923751938,2024,2024-06-30,learned_market,20260910,0.5127347787781263,0.5127347787781263,1,1
annual_state_offset,3292,2024-08-16,2024-08-26,-0.0040487282687352,2024,2024-06-30,learned_market,20260910,0.33774167957877105,0.33774167957877105,0,0
annual_state_offset,3297,2024-08-23,2024-09-02,-0.0069594562136714,2024,2024-06-30,learned_market,20260910,0.24258253037305838,0.24258253037305838,0,0
annual_state_offset,3302,2024-08-30,2024-09-09,-0.0280389655151561,2024,2024-06-30,learned_market,20260910,0.2240783819705465,0.2240783819705465,0,0
annual_state_offset,3307,2024-09-06,2024-09-18,-0.0174132138857783,2024,2024-06-30,learned_market,20260910,0.23859773364709227,0.23859773364709227,0,0
annual_state_offset,3312,2024-09-13,2024-09-24,0.0133119329369826,2024,2024-06-30,learned_market,20260910,0.2740437023035054,0.2740437023035054,0,1
annual_state_offset,3315,2024-09-20,2024-09-30,0.2017513988384409,2024,2024-06-30,learned_market,20260910,0.2538188412960128,0.2538188412960128,0,1
annual_state_offset,3320,2024-09-27,2024-10-14,0.0178259004588408,2024,2024-06-30,learned_market,20260910,0.5539828044064032,0.5539828044064032,1,1
annual_shared_offset,3262,2024-07-05,2024-07-15,0.0122222871842843,2024,2024-06-30,learned_market,20260910,0.521201704449226,0.521201704449226,1,1
annual_shared_offset,3267,2024-07-12,2024-07-22,0.0218881133018156,2024,2024-06-30,learned_market,20260910,0.46063122476313717,0.46063122476313717,0,1
annual_shared_offset,3272,2024-07-19,2024-07-29,-0.0378787022382998,2024,2024-06-30,learned_market,20260910,0.5005541421791041,0.5005541421791041,1,0
annual_shared_offset,3277,2024-07-26,2024-08-05,-0.0124134568216732,2024,2024-06-30,learned_market,20260910,0.5067785425504931,0.5067785425504931,1,0
annual_shared_offset,3282,2024-08-02,2024-08-12,-0.0102762848330364,2024,2024-06-30,learned_market,20260910,0.5003622249891705,0.5003622249891705,1,0
annual_shared_offset,3287,2024-08-09,2024-08-19,0.0050186923751938,2024,2024-06-30,learned_market,20260910,0.5640192631950766,0.5640192631950766,1,1
annual_shared_offset,3292,2024-08-16,2024-08-26,-0.0040487282687352,2024,2024-06-30,learned_market,20260910,0.3853658335026211,0.3853658335026211,0,0
annual_shared_offset,3297,2024-08-23,2024-09-02,-0.0069594562136714,2024,2024-06-30,learned_market,20260910,0.2825125694470719,0.2825125694470719,0,0
annual_shared_offset,3302,2024-08-30,2024-09-09,-0.0280389655151561,2024,2024-06-30,learned_market,20260910,0.2620162295218564,0.2620162295218564,0,0
annual_shared_offset,3307,2024-09-06,2024-09-18,-0.0174132138857783,2024,2024-06-30,learned_market,20260910,0.2781127013143086,0.2781127013143086,0,0
annual_shared_offset,3312,2024-09-13,2024-09-24,0.0133119329369826,2024,2024-06-30,learned_market,20260910,0.31698507619182525,0.31698507619182525,0,1
annual_shared_offset,3315,2024-09-20,2024-09-30,0.2017513988384409,2024,2024-06-30,learned_market,20260910,0.2948783566295966,0.2948783566295966,0,1
annual_shared_offset,3320,2024-09-27,2024-10-14,0.0178259004588408,2024,2024-06-30,learned_market,20260910,0.5539828044064032,0.5539828044064032,1,1
annual_state_offset_half,3262,2024-07-05,2024-07-15,0.0122222871842843,2024,2024-06-30,learned_market,20260910,0.5004149869472665,0.5004149869472665,1,1
annual_state_offset_half,3267,2024-07-12,2024-07-22,0.0218881133018156,2024,2024-06-30,learned_market,20260910,0.44004005489217907,0.44004005489217907,0,1
annual_state_offset_half,3272,2024-07-19,2024-07-29,-0.0378787022382998,2024,2024-06-30,learned_market,20260910,0.5082659759987087,0.5082659759987087,1,0
annual_state_offset_half,3277,2024-07-26,2024-08-05,-0.0124134568216732,2024,2024-06-30,learned_market,20260910,0.4859831931058185,0.4859831931058185,0,0
annual_state_offset_half,3282,2024-08-02,2024-08-12,-0.0102762848330364,2024,2024-06-30,learned_market,20260910,0.47957416069499026,0.47957416069499026,0,0
annual_state_offset_half,3287,2024-08-09,2024-08-19,0.0050186923751938,2024,2024-06-30,learned_market,20260910,0.5434631767968954,0.5434631767968954,1,1
annual_state_offset_half,3292,2024-08-16,2024-08-26,-0.0040487282687352,2024,2024-06-30,learned_market,20260910,0.3658570095884407,0.3658570095884407,0,0
annual_state_offset_half,3297,2024-08-23,2024-09-02,-0.0069594562136714,2024,2024-06-30,learned_market,20260910,0.2659575523043232,0.2659575523043232,0,0
annual_state_offset_half,3302,2024-08-30,2024-09-09,-0.0280389655151561,2024,2024-06-30,learned_market,20260910,0.24625006087328227,0.24625006087328227,0,0
annual_state_offset_half,3307,2024-09-06,2024-09-18,-0.0174132138857783,2024,2024-06-30,learned_market,20260910,0.26172146351113207,0.26172146351113207,0,0
annual_state_offset_half,3312,2024-09-13,2024-09-24,0.0133119329369826,2024,2024-06-30,learned_market,20260910,0.29925253253223827,0.29925253253223827,0,1
annual_state_offset_half,3315,2024-09-20,2024-09-30,0.2017513988384409,2024,2024-06-30,learned_market,20260910,0.2778793578689936,0.2778793578689936,0,1
annual_state_offset_half,3320,2024-09-27,2024-10-14,0.0178259004588408,2024,2024-06-30,learned_market,20260910,0.5539828044064032,0.5539828044064032,1,1
annual_state_offset,3262,2024-07-05,2024-07-15,0.0122222871842843,2024,2024-06-30,learned_vol_interaction,20260910,0.5086989031060214,0.5086989031060214,1,1
annual_state_offset,3267,2024-07-12,2024-07-22,0.0218881133018156,2024,2024-06-30,learned_vol_interaction,20260910,0.4197630148600545,0.4197630148600545,0,1
annual_state_offset,3272,2024-07-19,2024-07-29,-0.0378787022382998,2024,2024-06-30,learned_vol_interaction,20260910,0.5359767611320212,0.5359767611320212,1,0
annual_state_offset,3277,2024-07-26,2024-08-05,-0.0124134568216732,2024,2024-06-30,learned_vol_interaction,20260910,0.4627643559433125,0.4627643559433125,0,0
annual_state_offset,3282,2024-08-02,2024-08-12,-0.0102762848330364,2024,2024-06-30,learned_vol_interaction,20260910,0.45412721244809184,0.45412721244809184,0,0
annual_state_offset,3287,2024-08-09,2024-08-19,0.0050186923751938,2024,2024-06-30,learned_vol_interaction,20260910,0.5188347725815439,0.5188347725815439,1,1
annual_state_offset,3292,2024-08-16,2024-08-26,-0.0040487282687352,2024,2024-06-30,learned_vol_interaction,20260910,0.3167253302915384,0.3167253302915384,0,0
annual_state_offset,3297,2024-08-23,2024-09-02,-0.0069594562136714,2024,2024-06-30,learned_vol_interaction,20260910,0.20699586800401903,0.20699586800401903,0,0
annual_state_offset,3302,2024-08-30,2024-09-09,-0.0280389655151561,2024,2024-06-30,learned_vol_interaction,20260910,0.18904983165032757,0.18904983165032757,0,0
annual_state_offset,3307,2024-09-06,2024-09-18,-0.0174132138857783,2024,2024-06-30,learned_vol_interaction,20260910,0.20890887221609306,0.20890887221609306,0,0
annual_state_offset,3312,2024-09-13,2024-09-24,0.0133119329369826,2024,2024-06-30,learned_vol_interaction,20260910,0.25397036412085155,0.25397036412085155,0,1
annual_state_offset,3315,2024-09-20,2024-09-30,0.2017513988384409,2024,2024-06-30,learned_vol_interaction,20260910,0.22599480422892845,0.22599480422892845,0,1
annual_state_offset,3320,2024-09-27,2024-10-14,0.0178259004588408,2024,2024-06-30,learned_vol_interaction,20260910,0.539577352579499,0.539577352579499,1,1
annual_shared_offset,3262,2024-07-05,2024-07-15,0.0122222871842843,2024,2024-06-30,learned_vol_interaction,20260910,0.5653663158405287,0.5653663158405287,1,1
annual_shared_offset,3267,2024-07-12,2024-07-22,0.0218881133018156,2024,2024-06-30,learned_vol_interaction,20260910,0.4761243866461174,0.4761243866461174,0,1
annual_shared_offset,3272,2024-07-19,2024-07-29,-0.0378787022382998,2024,2024-06-30,learned_vol_interaction,20260910,0.5284562406947433,0.5284562406947433,1,0
annual_shared_offset,3277,2024-07-26,2024-08-05,-0.0124134568216732,2024,2024-06-30,learned_vol_interaction,20260910,0.5197278365903026,0.5197278365903026,1,0
annual_shared_offset,3282,2024-08-02,2024-08-12,-0.0102762848330364,2024,2024-06-30,learned_vol_interaction,20260910,0.5110388501007009,0.5110388501007009,1,0
annual_shared_offset,3287,2024-08-09,2024-08-19,0.0050186923751938,2024,2024-06-30,learned_vol_interaction,20260910,0.5753091189517262,0.5753091189517262,1,1
annual_shared_offset,3292,2024-08-16,2024-08-26,-0.0040487282687352,2024,2024-06-30,learned_vol_interaction,20260910,0.36802689334090105,0.36802689334090105,0,0
annual_shared_offset,3297,2024-08-23,2024-09-02,-0.0069594562136714,2024,2024-06-30,learned_vol_interaction,20260910,0.24694764050983833,0.24694764050983833,0,0
annual_shared_offset,3302,2024-08-30,2024-09-09,-0.0280389655151561,2024,2024-06-30,learned_vol_interaction,20260910,0.22652731981801127,0.22652731981801127,0,0
annual_shared_offset,3307,2024-09-06,2024-09-18,-0.0174132138857783,2024,2024-06-30,learned_vol_interaction,20260910,0.24911388111903196,0.24911388111903196,0,0
annual_shared_offset,3312,2024-09-13,2024-09-24,0.0133119329369826,2024,2024-06-30,learned_vol_interaction,20260910,0.29956365269757074,0.29956365269757074,0,1
annual_shared_offset,3315,2024-09-20,2024-09-30,0.2017513988384409,2024,2024-06-30,learned_vol_interaction,20260910,0.26837253126632105,0.26837253126632105,0,1
annual_shared_offset,3320,2024-09-27,2024-10-14,0.0178259004588408,2024,2024-06-30,learned_vol_interaction,20260910,0.539577352579499,0.539577352579499,1,1
annual_state_offset_half,3262,2024-07-05,2024-07-15,0.0122222871842843,2024,2024-06-30,learned_vol_interaction,20260910,0.5423838489804078,0.5423838489804078,1,1
annual_state_offset_half,3267,2024-07-12,2024-07-22,0.0218881133018156,2024,2024-06-30,learned_vol_interaction,20260910,0.4529887167255799,0.4529887167255799,0,1
annual_state_offset_half,3272,2024-07-19,2024-07-29,-0.0378787022382998,2024,2024-06-30,learned_vol_interaction,20260910,0.5374573520386008,0.5374573520386008,1,0
annual_state_offset_half,3277,2024-07-26,2024-08-05,-0.0124134568216732,2024,2024-06-30,learned_vol_interaction,20260910,0.4964813733489333,0.4964813733489333,0,0
annual_state_offset_half,3282,2024-08-02,2024-08-12,-0.0102762848330364,2024,2024-06-30,learned_vol_interaction,20260910,0.4877863063204962,0.4877863063204962,0,0
annual_state_offset_half,3287,2024-08-09,2024-08-19,0.0050186923751938,2024,2024-06-30,learned_vol_interaction,20260910,0.5524362006681994,0.5524362006681994,1,1
annual_state_offset_half,3292,2024-08-16,2024-08-26,-0.0040487282687352,2024,2024-06-30,learned_vol_interaction,20260910,0.3466679945303765,0.3466679945303765,0,0
annual_state_offset_half,3297,2024-08-23,2024-09-02,-0.0069594562136714,2024,2024-06-30,learned_vol_interaction,20260910,0.23005768768049772,0.23005768768049772,0,0
annual_state_offset_half,3302,2024-08-30,2024-09-09,-0.0280389655151561,2024,2024-06-30,learned_vol_interaction,20260910,0.21064334349915037,0.21064334349915037,0,0
annual_state_offset_half,3307,2024-09-06,2024-09-18,-0.0174132138857783,2024,2024-06-30,learned_vol_interaction,20260910,0.23212143741190244,0.23212143741190244,0,0
annual_state_offset_half,3312,2024-09-13,2024-09-24,0.0133119329369826,2024,2024-06-30,learned_vol_interaction,20260910,0.28041507403654076,0.28041507403654076,0,1
annual_state_offset_half,3315,2024-09-20,2024-09-30,0.2017513988384409,2024,2024-06-30,learned_vol_interaction,20260910,0.2505046788308227,0.2505046788308227,0,1
annual_state_offset_half,3320,2024-09-27,2024-10-14,0.0178259004588408,2024,2024-06-30,learned_vol_interaction,20260910,0.539577352579499,0.539577352579499,1,1
annual_state_offset,3262,2024-07-05,2024-07-15,0.0122222871842843,2024,2024-06-30,learned_order_extension,20260910,0.5174804867755401,0.5174804867755401,1,1
annual_state_offset,3267,2024-07-12,2024-07-22,0.0218881133018156,2024,2024-06-30,learned_order_extension,20260910,0.4262311323393659,0.4262311323393659,0,1
annual_state_offset,3272,2024-07-19,2024-07-29,-0.0378787022382998,2024,2024-06-30,learned_order_extension,20260910,0.5260482412561843,0.5260482412561843,1,0
annual_state_offset,3277,2024-07-26,2024-08-05,-0.0124134568216732,2024,2024-06-30,learned_order_extension,20260910,0.4664101997165539,0.4664101997165539,0,0
annual_state_offset,3282,2024-08-02,2024-08-12,-0.0102762848330364,2024,2024-06-30,learned_order_extension,20260910,0.4613965352102063,0.4613965352102063,0,0
annual_state_offset,3287,2024-08-09,2024-08-19,0.0050186923751938,2024,2024-06-30,learned_order_extension,20260910,0.5085364602182307,0.5085364602182307,1,1
annual_state_offset,3292,2024-08-16,2024-08-26,-0.0040487282687352,2024,2024-06-30,learned_order_extension,20260910,0.3283858285680555,0.3283858285680555,0,0
annual_state_offset,3297,2024-08-23,2024-09-02,-0.0069594562136714,2024,2024-06-30,learned_order_extension,20260910,0.24520288551028743,0.24520288551028743,0,0
annual_state_offset,3302,2024-08-30,2024-09-09,-0.0280389655151561,2024,2024-06-30,learned_order_extension,20260910,0.21869797503332433,0.21869797503332433,0,0
annual_state_offset,3307,2024-09-06,2024-09-18,-0.0174132138857783,2024,2024-06-30,learned_order_extension,20260910,0.23600871510609175,0.23600871510609175,0,0
annual_state_offset,3312,2024-09-13,2024-09-24,0.0133119329369826,2024,2024-06-30,learned_order_extension,20260910,0.2734800154881447,0.2734800154881447,0,1
annual_state_offset,3315,2024-09-20,2024-09-30,0.2017513988384409,2024,2024-06-30,learned_order_extension,20260910,0.25316471946032654,0.25316471946032654,0,1
annual_state_offset,3320,2024-09-27,2024-10-14,0.0178259004588408,2024,2024-06-30,learned_order_extension,20260910,0.5428289525080278,0.5428289525080278,1,1
annual_shared_offset,3262,2024-07-05,2024-07-15,0.0122222871842843,2024,2024-06-30,learned_order_extension,20260910,0.5747428448516811,0.5747428448516811,1,1
annual_shared_offset,3267,2024-07-12,2024-07-22,0.0218881133018156,2024,2024-06-30,learned_order_extension,20260910,0.4835143076734351,0.4835143076734351,0,1
annual_shared_offset,3272,2024-07-19,2024-07-29,-0.0378787022382998,2024,2024-06-30,learned_order_extension,20260910,0.5195632607649172,0.5195632607649172,1,0
annual_shared_offset,3277,2024-07-26,2024-08-05,-0.0124134568216732,2024,2024-06-30,learned_order_extension,20260910,0.5241602514286308,0.5241602514286308,1,0
annual_shared_offset,3282,2024-08-02,2024-08-12,-0.0102762848330364,2024,2024-06-30,learned_order_extension,20260910,0.519129763998745,0.519129763998745,1,0
annual_shared_offset,3287,2024-08-09,2024-08-19,0.0050186923751938,2024,2024-06-30,learned_order_extension,20260910,0.5659699861664974,0.5659699861664974,1,1
annual_shared_offset,3292,2024-08-16,2024-08-26,-0.0040487282687352,2024,2024-06-30,learned_order_extension,20260910,0.3812569319863516,0.3812569319863516,0,0
annual_shared_offset,3297,2024-08-23,2024-09-02,-0.0069594562136714,2024,2024-06-30,learned_order_extension,20260910,0.29047363996605374,0.29047363996605374,0,0
annual_shared_offset,3302,2024-08-30,2024-09-09,-0.0280389655151561,2024,2024-06-30,learned_order_extension,20260910,0.2607658343989651,0.2607658343989651,0,0
annual_shared_offset,3307,2024-09-06,2024-09-18,-0.0174132138857783,2024,2024-06-30,learned_order_extension,20260910,0.2802121648306818,0.2802121648306818,0,0
annual_shared_offset,3312,2024-09-13,2024-09-24,0.0133119329369826,2024,2024-06-30,learned_order_extension,20260910,0.3217460426589835,0.3217460426589835,0,1
annual_shared_offset,3315,2024-09-20,2024-09-30,0.2017513988384409,2024,2024-06-30,learned_order_extension,20260910,0.29932250576133823,0.29932250576133823,0,1
annual_shared_offset,3320,2024-09-27,2024-10-14,0.0178259004588408,2024,2024-06-30,learned_order_extension,20260910,0.5428289525080278,0.5428289525080278,1,1
annual_state_offset_half,3262,2024-07-05,2024-07-15,0.0122222871842843,2024,2024-06-30,learned_order_extension,20260910,0.5512813850118367,0.5512813850118367,1,1
annual_state_offset_half,3267,2024-07-12,2024-07-22,0.0218881133018156,2024,2024-06-30,learned_order_extension,20260910,0.45975078351999443,0.45975078351999443,0,1
annual_state_offset_half,3272,2024-07-19,2024-07-29,-0.0378787022382998,2024,2024-06-30,learned_order_extension,20260910,0.5278586180328844,0.5278586180328844,1,0
annual_state_offset_half,3277,2024-07-26,2024-08-05,-0.0124134568216732,2024,2024-06-30,learned_order_extension,20260910,0.500334257268893,0.500334257268893,1,0
annual_state_offset_half,3282,2024-08-02,2024-08-12,-0.0102762848330364,2024,2024-06-30,learned_order_extension,20260910,0.49529442094536263,0.49529442094536263,0,0
annual_state_offset_half,3287,2024-08-09,2024-08-19,0.0050186923751938,2024,2024-06-30,learned_order_extension,20260910,0.5424098703679797,0.5424098703679797,1,1
annual_state_offset_half,3292,2024-08-16,2024-08-26,-0.0040487282687352,2024,2024-06-30,learned_order_extension,20260910,0.359025582981465,0.359025582981465,0,0
annual_state_offset_half,3297,2024-08-23,2024-09-02,-0.0069594562136714,2024,2024-06-30,learned_order_extension,20260910,0.27121555067599845,0.27121555067599845,0,0
annual_state_offset_half,3302,2024-08-30,2024-09-09,-0.0280389655151561,2024,2024-06-30,learned_order_extension,20260910,0.24280333554426345,0.24280333554426345,0,0
annual_state_offset_half,3307,2024-09-06,2024-09-18,-0.0174132138857783,2024,2024-06-30,learned_order_extension,20260910,0.26138377414896635,0.26138377414896635,0,0
annual_state_offset_half,3312,2024-09-13,2024-09-24,0.0133119329369826,2024,2024-06-30,learned_order_extension,20260910,0.30129504936750356,0.30129504936750356,0,1
annual_state_offset_half,3315,2024-09-20,2024-09-30,0.2017513988384409,2024,2024-06-30,learned_order_extension,20260910,0.2797090229783409,0.2797090229783409,0,1
annual_state_offset_half,3320,2024-09-27,2024-10-14,0.0178259004588408,2024,2024-06-30,learned_order_extension,20260910,0.5428289525080278,0.5428289525080278,1,1
annual_state_offset,3262,2024-07-05,2024-07-15,0.0122222871842843,2024,2024-06-30,learned_order_offset,20260910,0.5172526858033007,0.5172526858033007,1,1
annual_state_offset,3267,2024-07-12,2024-07-22,0.0218881133018156,2024,2024-06-30,learned_order_offset,20260910,0.42638151230631477,0.42638151230631477,0,1
annual_state_offset,3272,2024-07-19,2024-07-29,-0.0378787022382998,2024,2024-06-30,learned_order_offset,20260910,0.5260188961068422,0.5260188961068422,1,0
annual_state_offset,3277,2024-07-26,2024-08-05,-0.0124134568216732,2024,2024-06-30,learned_order_offset,20260910,0.4670545755628712,0.4670545755628712,0,0
annual_state_offset,3282,2024-08-02,2024-08-12,-0.0102762848330364,2024,2024-06-30,learned_order_offset,20260910,0.46160839034030243,0.46160839034030243,0,0
annual_state_offset,3287,2024-08-09,2024-08-19,0.0050186923751938,2024,2024-06-30,learned_order_offset,20260910,0.5078494444213453,0.5078494444213453,1,1
annual_state_offset,3292,2024-08-16,2024-08-26,-0.0040487282687352,2024,2024-06-30,learned_order_offset,20260910,0.32945060462615616,0.32945060462615616,0,0
annual_state_offset,3297,2024-08-23,2024-09-02,-0.0069594562136714,2024,2024-06-30,learned_order_offset,20260910,0.24667480040789871,0.24667480040789871,0,0
annual_state_offset,3302,2024-08-30,2024-09-09,-0.0280389655151561,2024,2024-06-30,learned_order_offset,20260910,0.2204470769732155,0.2204470769732155,0,0
annual_state_offset,3307,2024-09-06,2024-09-18,-0.0174132138857783,2024,2024-06-30,learned_order_offset,20260910,0.23733129999828032,0.23733129999828032,0,0
annual_state_offset,3312,2024-09-13,2024-09-24,0.0133119329369826,2024,2024-06-30,learned_order_offset,20260910,0.2743195973820343,0.2743195973820343,0,1
annual_state_offset,3315,2024-09-20,2024-09-30,0.2017513988384409,2024,2024-06-30,learned_order_offset,20260910,0.25418122908679364,0.25418122908679364,0,1
annual_state_offset,3320,2024-09-27,2024-10-14,0.0178259004588408,2024,2024-06-30,learned_order_offset,20260910,0.5430894109936676,0.5430894109936676,1,1
annual_shared_offset,3262,2024-07-05,2024-07-15,0.0122222871842843,2024,2024-06-30,learned_order_offset,20260910,0.5745058327912461,0.5745058327912461,1,1
annual_shared_offset,3267,2024-07-12,2024-07-22,0.0218881133018156,2024,2024-06-30,learned_order_offset,20260910,0.4836535409359291,0.4836535409359291,0,1
annual_shared_offset,3272,2024-07-19,2024-07-29,-0.0378787022382998,2024,2024-06-30,learned_order_offset,20260910,0.5195599971829746,0.5195599971829746,1,0
annual_shared_offset,3277,2024-07-26,2024-08-05,-0.0124134568216732,2024,2024-06-30,learned_order_offset,20260910,0.5247916402492231,0.5247916402492231,1,0
annual_shared_offset,3282,2024-08-02,2024-08-12,-0.0102762848330364,2024,2024-06-30,learned_order_offset,20260910,0.5193282528402445,0.5193282528402445,1,0
annual_shared_offset,3287,2024-08-09,2024-08-19,0.0050186923751938,2024,2024-06-30,learned_order_offset,20260910,0.56528053531649,0.56528053531649,1,1
annual_shared_offset,3292,2024-08-16,2024-08-26,-0.0040487282687352,2024,2024-06-30,learned_order_offset,20260910,0.3823819897163249,0.3823819897163249,0,0
annual_shared_offset,3297,2024-08-23,2024-09-02,-0.0069594562136714,2024,2024-06-30,learned_order_offset,20260910,0.29210028025511137,0.29210028025511137,0,0
annual_shared_offset,3302,2024-08-30,2024-09-09,-0.0280389655151561,2024,2024-06-30,learned_order_offset,20260910,0.26272713664996933,0.26272713664996933,0,0
annual_shared_offset,3307,2024-09-06,2024-09-18,-0.0174132138857783,2024,2024-06-30,learned_order_offset,20260910,0.281679526860866,0.281679526860866,0,0
annual_shared_offset,3312,2024-09-13,2024-09-24,0.0133119329369826,2024,2024-06-30,learned_order_offset,20260910,0.32265545929855804,0.32265545929855804,0,1
annual_shared_offset,3315,2024-09-20,2024-09-30,0.2017513988384409,2024,2024-06-30,learned_order_offset,20260910,0.30043773740543595,0.30043773740543595,0,1
annual_shared_offset,3320,2024-09-27,2024-10-14,0.0178259004588408,2024,2024-06-30,learned_order_offset,20260910,0.5430894109936676,0.5430894109936676,1,1
annual_state_offset_half,3262,2024-07-05,2024-07-15,0.0122222871842843,2024,2024-06-30,learned_order_offset,20260910,0.5509799669303321,0.5509799669303321,1,1
annual_state_offset_half,3267,2024-07-12,2024-07-22,0.0218881133018156,2024,2024-06-30,learned_order_offset,20260910,0.45982747616427627,0.45982747616427627,0,1
annual_state_offset_half,3272,2024-07-19,2024-07-29,-0.0378787022382998,2024,2024-06-30,learned_order_offset,20260910,0.5277731770638424,0.5277731770638424,1,0
annual_state_offset_half,3277,2024-07-26,2024-08-05,-0.0124134568216732,2024,2024-06-30,learned_order_offset,20260910,0.5009049702429372,0.5009049702429372,1,0
annual_state_offset_half,3282,2024-08-02,2024-08-12,-0.0102762848330364,2024,2024-06-30,learned_order_offset,20260910,0.4954310004261874,0.4954310004261874,0,0
annual_state_offset_half,3287,2024-08-09,2024-08-19,0.0050186923751938,2024,2024-06-30,learned_order_offset,20260910,0.5416515395260001,0.5416515395260001,1,1
annual_state_offset_half,3292,2024-08-16,2024-08-26,-0.0040487282687352,2024,2024-06-30,learned_order_offset,20260910,0.36006589789565974,0.36006589789565974,0,0
annual_state_offset_half,3297,2024-08-23,2024-09-02,-0.0069594562136714,2024,2024-06-30,learned_order_offset,20260910,0.2727264622335612,0.2727264622335612,0,0
annual_state_offset_half,3302,2024-08-30,2024-09-09,-0.0280389655151561,2024,2024-06-30,learned_order_offset,20260910,0.24462828126161767,0.24462828126161767,0,0
annual_state_offset_half,3307,2024-09-06,2024-09-18,-0.0174132138857783,2024,2024-06-30,learned_order_offset,20260910,0.2627403452884813,0.2627403452884813,0,0
annual_state_offset_half,3312,2024-09-13,2024-09-24,0.0133119329369826,2024,2024-06-30,learned_order_offset,20260910,0.3021199607356272,0.3021199607356272,0,1
annual_state_offset_half,3315,2024-09-20,2024-09-30,0.2017513988384409,2024,2024-06-30,learned_order_offset,20260910,0.28073022772940165,0.28073022772940165,0,1
annual_state_offset_half,3320,2024-09-27,2024-10-14,0.0178259004588408,2024,2024-06-30,learned_order_offset,20260910,0.5430894109936676,0.5430894109936676,1,1
annual_state_offset,3262,2024-07-05,2024-07-15,0.0122222871842843,2024,2024-06-30,learned_market,20260911,0.3889758016835369,0.3889758016835369,0,1
annual_state_offset,3267,2024-07-12,2024-07-22,0.0218881133018156,2024,2024-06-30,learned_market,20260911,0.469352203901077,0.469352203901077,0,1
annual_state_offset,3272,2024-07-19,2024-07-29,-0.0378787022382998,2024,2024-06-30,learned_market,20260911,0.3776295177730085,0.3776295177730085,0,0
annual_state_offset,3277,2024-07-26,2024-08-05,-0.0124134568216732,2024,2024-06-30,learned_market,20260911,0.4151581503089199,0.4151581503089199,0,0
annual_state_offset,3282,2024-08-02,2024-08-12,-0.0102762848330364,2024,2024-06-30,learned_market,20260911,0.32495081300923595,0.32495081300923595,0,0
annual_state_offset,3287,2024-08-09,2024-08-19,0.0050186923751938,2024,2024-06-30,learned_market,20260911,0.3636493647128633,0.3636493647128633,0,1
annual_state_offset,3292,2024-08-16,2024-08-26,-0.0040487282687352,2024,2024-06-30,learned_market,20260911,0.2463273993364952,0.2463273993364952,0,0
annual_state_offset,3297,2024-08-23,2024-09-02,-0.0069594562136714,2024,2024-06-30,learned_market,20260911,0.2916775090583926,0.2916775090583926,0,0
annual_state_offset,3302,2024-08-30,2024-09-09,-0.0280389655151561,2024,2024-06-30,learned_market,20260911,0.2833951062844909,0.2833951062844909,0,0
annual_state_offset,3307,2024-09-06,2024-09-18,-0.0174132138857783,2024,2024-06-30,learned_market,20260911,0.3386882275695544,0.3386882275695544,0,0
annual_state_offset,3312,2024-09-13,2024-09-24,0.0133119329369826,2024,2024-06-30,learned_market,20260911,0.3976409006542863,0.3976409006542863,0,1
annual_state_offset,3315,2024-09-20,2024-09-30,0.2017513988384409,2024,2024-06-30,learned_market,20260911,0.4250025007896544,0.4250025007896544,0,1
annual_state_offset,3320,2024-09-27,2024-10-14,0.0178259004588408,2024,2024-06-30,learned_market,20260911,0.6935862325010999,0.6935862325010999,1,1
annual_shared_offset,3262,2024-07-05,2024-07-15,0.0122222871842843,2024,2024-06-30,learned_market,20260911,0.431424210864768,0.431424210864768,0,1
annual_shared_offset,3267,2024-07-12,2024-07-22,0.0218881133018156,2024,2024-06-30,learned_market,20260911,0.5132048288527457,0.5132048288527457,1,1
annual_shared_offset,3272,2024-07-19,2024-07-29,-0.0378787022382998,2024,2024-06-30,learned_market,20260911,0.3882122801521897,0.3882122801521897,0,0
annual_shared_offset,3277,2024-07-26,2024-08-05,-0.0124134568216732,2024,2024-06-30,learned_market,20260911,0.45832062527663925,0.45832062527663925,0,0
annual_shared_offset,3282,2024-08-02,2024-08-12,-0.0102762848330364,2024,2024-06-30,learned_market,20260911,0.3645811868053714,0.3645811868053714,0,0
annual_shared_offset,3287,2024-08-09,2024-08-19,0.0050186923751938,2024,2024-06-30,learned_market,20260911,0.4051666201810147,0.4051666201810147,0,1
annual_shared_offset,3292,2024-08-16,2024-08-26,-0.0040487282687352,2024,2024-06-30,learned_market,20260911,0.28035127283410677,0.28035127283410677,0,0
annual_shared_offset,3297,2024-08-23,2024-09-02,-0.0069594562136714,2024,2024-06-30,learned_market,20260911,0.32922904154335964,0.32922904154335964,0,0
annual_shared_offset,3302,2024-08-30,2024-09-09,-0.0280389655151561,2024,2024-06-30,learned_market,20260911,0.3203626064798468,0.3203626064798468,0,0
annual_shared_offset,3307,2024-09-06,2024-09-18,-0.0174132138857783,2024,2024-06-30,learned_market,20260911,0.3790532267153783,0.3790532267153783,0,0
annual_shared_offset,3312,2024-09-13,2024-09-24,0.0133119329369826,2024,2024-06-30,learned_market,20260911,0.44035343700533347,0.44035343700533347,0,1
annual_shared_offset,3315,2024-09-20,2024-09-30,0.2017513988384409,2024,2024-06-30,learned_market,20260911,0.4683688051564608,0.4683688051564608,0,1
annual_shared_offset,3320,2024-09-27,2024-10-14,0.0178259004588408,2024,2024-06-30,learned_market,20260911,0.6935862325010999,0.6935862325010999,1,1
annual_state_offset_half,3262,2024-07-05,2024-07-15,0.0122222871842843,2024,2024-06-30,learned_market,20260911,0.41979999872934565,0.41979999872934565,0,1
annual_state_offset_half,3267,2024-07-12,2024-07-22,0.0218881133018156,2024,2024-06-30,learned_market,20260911,0.5013199708159487,0.5013199708159487,1,1
annual_state_offset_half,3272,2024-07-19,2024-07-29,-0.0378787022382998,2024,2024-06-30,learned_market,20260911,0.39245821719564133,0.39245821719564133,0,0
annual_state_offset_half,3277,2024-07-26,2024-08-05,-0.0124134568216732,2024,2024-06-30,learned_market,20260911,0.446540870612935,0.446540870612935,0,0
annual_state_offset_half,3282,2024-08-02,2024-08-12,-0.0102762848330364,2024,2024-06-30,learned_market,20260911,0.3536378065895176,0.3536378065895176,0,0
annual_state_offset_half,3287,2024-08-09,2024-08-19,0.0050186923751938,2024,2024-06-30,learned_market,20260911,0.3937599316293204,0.3937599316293204,0,1
annual_state_offset_half,3292,2024-08-16,2024-08-26,-0.0040487282687352,2024,2024-06-30,learned_market,20260911,0.2708584435361857,0.2708584435361857,0,0
annual_state_offset_half,3297,2024-08-23,2024-09-02,-0.0069594562136714,2024,2024-06-30,learned_market,20260911,0.3188143864191062,0.3188143864191062,0,0
annual_state_offset_half,3302,2024-08-30,2024-09-09,-0.0280389655151561,2024,2024-06-30,learned_market,20260911,0.3100987627674203,0.3100987627674203,0,0
annual_state_offset_half,3307,2024-09-06,2024-09-18,-0.0174132138857783,2024,2024-06-30,learned_market,20260911,0.36792697861282586,0.36792697861282586,0,0
annual_state_offset_half,3312,2024-09-13,2024-09-24,0.0133119329369826,2024,2024-06-30,learned_market,20260911,0.42867002509160385,0.42867002509160385,0,1
annual_state_offset_half,3315,2024-09-20,2024-09-30,0.2017513988384409,2024,2024-06-30,learned_market,20260911,0.4565484623449444,0.4565484623449444,0,1
annual_state_offset_half,3320,2024-09-27,2024-10-14,0.0178259004588408,2024,2024-06-30,learned_market,20260911,0.6935862325010999,0.6935862325010999,1,1
annual_state_offset,3262,2024-07-05,2024-07-15,0.0122222871842843,2024,2024-06-30,learned_vol_interaction,20260911,0.3898405826532847,0.3898405826532847,0,1
annual_state_offset,3267,2024-07-12,2024-07-22,0.0218881133018156,2024,2024-06-30,learned_vol_interaction,20260911,0.4709353046697958,0.4709353046697958,0,1
annual_state_offset,3272,2024-07-19,2024-07-29,-0.0378787022382998,2024,2024-06-30,learned_vol_interaction,20260911,0.37815724914567433,0.37815724914567433,0,0
annual_state_offset,3277,2024-07-26,2024-08-05,-0.0124134568216732,2024,2024-06-30,learned_vol_interaction,20260911,0.4157373516441848,0.4157373516441848,0,0
annual_state_offset,3282,2024-08-02,2024-08-12,-0.0102762848330364,2024,2024-06-30,learned_vol_interaction,20260911,0.32496803926913914,0.32496803926913914,0,0
annual_state_offset,3287,2024-08-09,2024-08-19,0.0050186923751938,2024,2024-06-30,learned_vol_interaction,20260911,0.3630666550001754,0.3630666550001754,0,1
annual_state_offset,3292,2024-08-16,2024-08-26,-0.0040487282687352,2024,2024-06-30,learned_vol_interaction,20260911,0.24517007264525775,0.24517007264525775,0,0
annual_state_offset,3297,2024-08-23,2024-09-02,-0.0069594562136714,2024,2024-06-30,learned_vol_interaction,20260911,0.2904822130826009,0.2904822130826009,0,0
annual_state_offset,3302,2024-08-30,2024-09-09,-0.0280389655151561,2024,2024-06-30,learned_vol_interaction,20260911,0.2828274286208099,0.2828274286208099,0,0
annual_state_offset,3307,2024-09-06,2024-09-18,-0.0174132138857783,2024,2024-06-30,learned_vol_interaction,20260911,0.3384179650456605,0.3384179650456605,0,0
annual_state_offset,3312,2024-09-13,2024-09-24,0.0133119329369826,2024,2024-06-30,learned_vol_interaction,20260911,0.3985803938786412,0.3985803938786412,0,1
annual_state_offset,3315,2024-09-20,2024-09-30,0.2017513988384409,2024,2024-06-30,learned_vol_interaction,20260911,0.425071372269847,0.425071372269847,0,1
annual_state_offset,3320,2024-09-27,2024-10-14,0.0178259004588408,2024,2024-06-30,learned_vol_interaction,20260911,0.6918366307791042,0.6918366307791042,1,1
annual_shared_offset,3262,2024-07-05,2024-07-15,0.0122222871842843,2024,2024-06-30,learned_vol_interaction,20260911,0.43240471687417203,0.43240471687417203,0,1
annual_shared_offset,3267,2024-07-12,2024-07-22,0.0218881133018156,2024,2024-06-30,learned_vol_interaction,20260911,0.5148820366120315,0.5148820366120315,1,1
annual_shared_offset,3272,2024-07-19,2024-07-29,-0.0378787022382998,2024,2024-06-30,learned_vol_interaction,20260911,0.38873761542079976,0.38873761542079976,0,0
annual_shared_offset,3277,2024-07-26,2024-08-05,-0.0124134568216732,2024,2024-06-30,learned_vol_interaction,20260911,0.4590019543728881,0.4590019543728881,0,0
annual_shared_offset,3282,2024-08-02,2024-08-12,-0.0102762848330364,2024,2024-06-30,learned_vol_interaction,20260911,0.36468256690620937,0.36468256690620937,0,0
annual_shared_offset,3287,2024-08-09,2024-08-19,0.0050186923751938,2024,2024-06-30,learned_vol_interaction,20260911,0.4046461767532343,0.4046461767532343,0,1
annual_shared_offset,3292,2024-08-16,2024-08-26,-0.0040487282687352,2024,2024-06-30,learned_vol_interaction,20260911,0.279165536918476,0.279165536918476,0,0
annual_shared_offset,3297,2024-08-23,2024-09-02,-0.0069594562136714,2024,2024-06-30,learned_vol_interaction,20260911,0.3280302508366259,0.3280302508366259,0,0
annual_shared_offset,3302,2024-08-30,2024-09-09,-0.0280389655151561,2024,2024-06-30,learned_vol_interaction,20260911,0.31983202597938465,0.31983202597938465,0,0
annual_shared_offset,3307,2024-09-06,2024-09-18,-0.0174132138857783,2024,2024-06-30,learned_vol_interaction,20260911,0.3788536956221158,0.3788536956221158,0,0
annual_shared_offset,3312,2024-09-13,2024-09-24,0.0133119329369826,2024,2024-06-30,learned_vol_interaction,20260911,0.44140844170661137,0.44140844170661137,0,1
annual_shared_offset,3315,2024-09-20,2024-09-30,0.2017513988384409,2024,2024-06-30,learned_vol_interaction,20260911,0.46852838881146575,0.46852838881146575,0,1
annual_shared_offset,3320,2024-09-27,2024-10-14,0.0178259004588408,2024,2024-06-30,learned_vol_interaction,20260911,0.6918366307791042,0.6918366307791042,1,1
annual_state_offset_half,3262,2024-07-05,2024-07-15,0.0122222871842843,2024,2024-06-30,learned_vol_interaction,20260911,0.4207340878638646,0.4207340878638646,0,1
annual_state_offset_half,3267,2024-07-12,2024-07-22,0.0218881133018156,2024,2024-06-30,learned_vol_interaction,20260911,0.5029579044646408,0.5029579044646408,1,1
annual_state_offset_half,3272,2024-07-19,2024-07-29,-0.0378787022382998,2024,2024-06-30,learned_vol_interaction,20260911,0.39299371392214505,0.39299371392214505,0,0
annual_state_offset_half,3277,2024-07-26,2024-08-05,-0.0124134568216732,2024,2024-06-30,learned_vol_interaction,20260911,0.4471790299912276,0.4471790299912276,0,0
annual_state_offset_half,3282,2024-08-02,2024-08-12,-0.0102762848330364,2024,2024-06-30,learned_vol_interaction,20260911,0.35370074164474014,0.35370074164474014,0,0
annual_state_offset_half,3287,2024-08-09,2024-08-19,0.0050186923751938,2024,2024-06-30,learned_vol_interaction,20260911,0.39320573545506876,0.39320573545506876,0,1
annual_state_offset_half,3292,2024-08-16,2024-08-26,-0.0040487282687352,2024,2024-06-30,learned_vol_interaction,20260911,0.2696658502662893,0.2696658502662893,0,0
annual_state_offset_half,3297,2024-08-23,2024-09-02,-0.0069594562136714,2024,2024-06-30,learned_vol_interaction,20260911,0.317600389493884,0.317600389493884,0,0
annual_state_offset_half,3302,2024-08-30,2024-09-09,-0.0280389655151561,2024,2024-06-30,learned_vol_interaction,20260911,0.30954275491134386,0.30954275491134386,0,0
annual_state_offset_half,3307,2024-09-06,2024-09-18,-0.0174132138857783,2024,2024-06-30,learned_vol_interaction,20260911,0.36769210732008645,0.36769210732008645,0,0
annual_state_offset_half,3312,2024-09-13,2024-09-24,0.0133119329369826,2024,2024-06-30,learned_vol_interaction,20260911,0.42967876491800744,0.42967876491800744,0,1
annual_state_offset_half,3315,2024-09-20,2024-09-30,0.2017513988384409,2024,2024-06-30,learned_vol_interaction,20260911,0.45666721442933234,0.45666721442933234,0,1
annual_state_offset_half,3320,2024-09-27,2024-10-14,0.0178259004588408,2024,2024-06-30,learned_vol_interaction,20260911,0.6918366307791042,0.6918366307791042,1,1
annual_state_offset,3262,2024-07-05,2024-07-15,0.0122222871842843,2024,2024-06-30,learned_order_extension,20260911,0.38745462390425334,0.38745462390425334,0,1
annual_state_offset,3267,2024-07-12,2024-07-22,0.0218881133018156,2024,2024-06-30,learned_order_extension,20260911,0.48780109012305506,0.48780109012305506,0,1
annual_state_offset,3272,2024-07-19,2024-07-29,-0.0378787022382998,2024,2024-06-30,learned_order_extension,20260911,0.4239042915427859,0.4239042915427859,0,0
annual_state_offset,3277,2024-07-26,2024-08-05,-0.0124134568216732,2024,2024-06-30,learned_order_extension,20260911,0.4487847592363741,0.4487847592363741,0,0
annual_state_offset,3282,2024-08-02,2024-08-12,-0.0102762848330364,2024,2024-06-30,learned_order_extension,20260911,0.35583350077189957,0.35583350077189957,0,0
annual_state_offset,3287,2024-08-09,2024-08-19,0.0050186923751938,2024,2024-06-30,learned_order_extension,20260911,0.3970748775514445,0.3970748775514445,0,1
annual_state_offset,3292,2024-08-16,2024-08-26,-0.0040487282687352,2024,2024-06-30,learned_order_extension,20260911,0.29515849306703773,0.29515849306703773,0,0
annual_state_offset,3297,2024-08-23,2024-09-02,-0.0069594562136714,2024,2024-06-30,learned_order_extension,20260911,0.3209432532019535,0.3209432532019535,0,0
annual_state_offset,3302,2024-08-30,2024-09-09,-0.0280389655151561,2024,2024-06-30,learned_order_extension,20260911,0.3176894208402302,0.3176894208402302,0,0
annual_state_offset,3307,2024-09-06,2024-09-18,-0.0174132138857783,2024,2024-06-30,learned_order_extension,20260911,0.3746649430275277,0.3746649430275277,0,0
annual_state_offset,3312,2024-09-13,2024-09-24,0.0133119329369826,2024,2024-06-30,learned_order_extension,20260911,0.411756365630234,0.411756365630234,0,1
annual_state_offset,3315,2024-09-20,2024-09-30,0.2017513988384409,2024,2024-06-30,learned_order_extension,20260911,0.40959639531296893,0.40959639531296893,0,1
annual_state_offset,3320,2024-09-27,2024-10-14,0.0178259004588408,2024,2024-06-30,learned_order_extension,20260911,0.6045687657277363,0.6045687657277363,1,1
annual_shared_offset,3262,2024-07-05,2024-07-15,0.0122222871842843,2024,2024-06-30,learned_order_extension,20260911,0.436673777089816,0.436673777089816,0,1
annual_shared_offset,3267,2024-07-12,2024-07-22,0.0218881133018156,2024,2024-06-30,learned_order_extension,20260911,0.538559898907754,0.538559898907754,1,1
annual_shared_offset,3272,2024-07-19,2024-07-29,-0.0378787022382998,2024,2024-06-30,learned_order_extension,20260911,0.4239124736259685,0.4239124736259685,0,0
annual_shared_offset,3277,2024-07-26,2024-08-05,-0.0124134568216732,2024,2024-06-30,learned_order_extension,20260911,0.49944245515453817,0.49944245515453817,0,0
annual_shared_offset,3282,2024-08-02,2024-08-12,-0.0102762848330364,2024,2024-06-30,learned_order_extension,20260911,0.40368299469080016,0.40368299469080016,0,0
annual_shared_offset,3287,2024-08-09,2024-08-19,0.0050186923751938,2024,2024-06-30,learned_order_extension,20260911,0.44662505598766306,0.44662505598766306,0,1
annual_shared_offset,3292,2024-08-16,2024-08-26,-0.0040487282687352,2024,2024-06-30,learned_order_extension,20260911,0.33914455468885624,0.33914455468885624,0,0
annual_shared_offset,3297,2024-08-23,2024-09-02,-0.0069594562136714,2024,2024-06-30,learned_order_extension,20260911,0.3667723641180561,0.3667723641180561,0,0
annual_shared_offset,3302,2024-08-30,2024-09-09,-0.0280389655151561,2024,2024-06-30,learned_order_extension,20260911,0.363302483129261,0.363302483129261,0,0
annual_shared_offset,3307,2024-09-06,2024-09-18,-0.0174132138857783,2024,2024-06-30,learned_order_extension,20260911,0.42338236519636874,0.42338236519636874,0,0
annual_shared_offset,3312,2024-09-13,2024-09-24,0.0133119329369826,2024,2024-06-30,learned_order_extension,20260911,0.4617355685475666,0.4617355685475666,0,1
annual_shared_offset,3315,2024-09-20,2024-09-30,0.2017513988384409,2024,2024-06-30,learned_order_extension,20260911,0.4595182257230296,0.4595182257230296,0,1
annual_shared_offset,3320,2024-09-27,2024-10-14,0.0178259004588408,2024,2024-06-30,learned_order_extension,20260911,0.6045687657277363,0.6045687657277363,1,1
annual_state_offset_half,3262,2024-07-05,2024-07-15,0.0122222871842843,2024,2024-06-30,learned_order_extension,20260911,0.4189672745866008,0.4189672745866008,0,1
annual_state_offset_half,3267,2024-07-12,2024-07-22,0.0218881133018156,2024,2024-06-30,learned_order_extension,20260911,0.5205396067092923,0.5205396067092923,1,1
annual_state_offset_half,3272,2024-07-19,2024-07-29,-0.0378787022382998,2024,2024-06-30,learned_order_extension,20260911,0.43108757860561525,0.43108757860561525,0,0
annual_state_offset_half,3277,2024-07-26,2024-08-05,-0.0124134568216732,2024,2024-06-30,learned_order_extension,20260911,0.4813656441322892,0.4813656441322892,0,0
annual_state_offset_half,3282,2024-08-02,2024-08-12,-0.0102762848330364,2024,2024-06-30,learned_order_extension,20260911,0.3863966464342533,0.3863966464342533,0,0
annual_state_offset_half,3287,2024-08-09,2024-08-19,0.0050186923751938,2024,2024-06-30,learned_order_extension,20260911,0.4288222083361779,0.4288222083361779,0,1
annual_state_offset_half,3292,2024-08-16,2024-08-26,-0.0040487282687352,2024,2024-06-30,learned_order_extension,20260911,0.3231243213833557,0.3231243213833557,0,0
annual_state_offset_half,3297,2024-08-23,2024-09-02,-0.0069594562136714,2024,2024-06-30,learned_order_extension,20260911,0.3501385258413516,0.3501385258413516,0,0
annual_state_offset_half,3302,2024-08-30,2024-09-09,-0.0280389655151561,2024,2024-06-30,learned_order_extension,20260911,0.3467398410360443,0.3467398410360443,0,0
annual_state_offset_half,3307,2024-09-06,2024-09-18,-0.0174132138857783,2024,2024-06-30,learned_order_extension,20260911,0.4058265464664862,0.4058265464664862,0,0
annual_state_offset_half,3312,2024-09-13,2024-09-24,0.0133119329369826,2024,2024-06-30,learned_order_extension,20260911,0.4438134693644006,0.4438134693644006,0,1
annual_state_offset_half,3315,2024-09-20,2024-09-30,0.2017513988384409,2024,2024-06-30,learned_order_extension,20260911,0.44161158077001944,0.44161158077001944,0,1
annual_state_offset_half,3320,2024-09-27,2024-10-14,0.0178259004588408,2024,2024-06-30,learned_order_extension,20260911,0.6045687657277363,0.6045687657277363,1,1
annual_state_offset,3262,2024-07-05,2024-07-15,0.0122222871842843,2024,2024-06-30,learned_order_offset,20260911,0.3873061690013626,0.3873061690013626,0,1
annual_state_offset,3267,2024-07-12,2024-07-22,0.0218881133018156,2024,2024-06-30,learned_order_offset,20260911,0.4857796890949663,0.4857796890949663,0,1
annual_state_offset,3272,2024-07-19,2024-07-29,-0.0378787022382998,2024,2024-06-30,learned_order_offset,20260911,0.4241944643654717,0.4241944643654717,0,0
annual_state_offset,3277,2024-07-26,2024-08-05,-0.0124134568216732,2024,2024-06-30,learned_order_offset,20260911,0.44913293099142193,0.44913293099142193,0,0
annual_state_offset,3282,2024-08-02,2024-08-12,-0.0102762848330364,2024,2024-06-30,learned_order_offset,20260911,0.35679523637993554,0.35679523637993554,0,0
annual_state_offset,3287,2024-08-09,2024-08-19,0.0050186923751938,2024,2024-06-30,learned_order_offset,20260911,0.39874505336014693,0.39874505336014693,0,1
annual_state_offset,3292,2024-08-16,2024-08-26,-0.0040487282687352,2024,2024-06-30,learned_order_offset,20260911,0.2987343879308084,0.2987343879308084,0,0
annual_state_offset,3297,2024-08-23,2024-09-02,-0.0069594562136714,2024,2024-06-30,learned_order_offset,20260911,0.3238325174857972,0.3238325174857972,0,0
annual_state_offset,3302,2024-08-30,2024-09-09,-0.0280389655151561,2024,2024-06-30,learned_order_offset,20260911,0.32023440145038823,0.32023440145038823,0,0
annual_state_offset,3307,2024-09-06,2024-09-18,-0.0174132138857783,2024,2024-06-30,learned_order_offset,20260911,0.3769154853190928,0.3769154853190928,0,0
annual_state_offset,3312,2024-09-13,2024-09-24,0.0133119329369826,2024,2024-06-30,learned_order_offset,20260911,0.41190284203728034,0.41190284203728034,0,1
annual_state_offset,3315,2024-09-20,2024-09-30,0.2017513988384409,2024,2024-06-30,learned_order_offset,20260911,0.40944083370644085,0.40944083370644085,0,1
annual_state_offset,3320,2024-09-27,2024-10-14,0.0178259004588408,2024,2024-06-30,learned_order_offset,20260911,0.6050544676220191,0.6050544676220191,1,1
annual_shared_offset,3262,2024-07-05,2024-07-15,0.0122222871842843,2024,2024-06-30,learned_order_offset,20260911,0.4367405905417822,0.4367405905417822,0,1
annual_shared_offset,3267,2024-07-12,2024-07-22,0.0218881133018156,2024,2024-06-30,learned_order_offset,20260911,0.5367715819690448,0.5367715819690448,1,1
annual_shared_offset,3272,2024-07-19,2024-07-29,-0.0378787022382998,2024,2024-06-30,learned_order_offset,20260911,0.4238416661221871,0.4238416661221871,0,0
annual_shared_offset,3277,2024-07-26,2024-08-05,-0.0124134568216732,2024,2024-06-30,learned_order_offset,20260911,0.5000185835659902,0.5000185835659902,1,0
annual_shared_offset,3282,2024-08-02,2024-08-12,-0.0102762848330364,2024,2024-06-30,learned_order_offset,20260911,0.40490896781519786,0.40490896781519786,0,0
annual_shared_offset,3287,2024-08-09,2024-08-19,0.0050186923751938,2024,2024-06-30,learned_order_offset,20260911,0.44857057266589767,0.44857057266589767,0,1
annual_shared_offset,3292,2024-08-16,2024-08-26,-0.0040487282687352,2024,2024-06-30,learned_order_offset,20260911,0.34319622902838826,0.34319622902838826,0,0
annual_shared_offset,3297,2024-08-23,2024-09-02,-0.0069594562136714,2024,2024-06-30,learned_order_offset,20260911,0.37005861029441084,0.37005861029441084,0,0
annual_shared_offset,3302,2024-08-30,2024-09-09,-0.0280389655151561,2024,2024-06-30,learned_order_offset,20260911,0.366225060554262,0.366225060554262,0,0
annual_shared_offset,3307,2024-09-06,2024-09-18,-0.0174132138857783,2024,2024-06-30,learned_order_offset,20260911,0.4259456736555367,0.4259456736555367,0,0
annual_shared_offset,3312,2024-09-13,2024-09-24,0.0133119329369826,2024,2024-06-30,learned_order_offset,20260911,0.46210885881041147,0.46210885881041147,0,1
annual_shared_offset,3315,2024-09-20,2024-09-30,0.2017513988384409,2024,2024-06-30,learned_order_offset,20260911,0.459581272470306,0.459581272470306,0,1
annual_shared_offset,3320,2024-09-27,2024-10-14,0.0178259004588408,2024,2024-06-30,learned_order_offset,20260911,0.6050544676220191,0.6050544676220191,1,1
annual_state_offset_half,3262,2024-07-05,2024-07-15,0.0122222871842843,2024,2024-06-30,learned_order_offset,20260911,0.41874099744158694,0.41874099744158694,0,1
annual_state_offset_half,3267,2024-07-12,2024-07-22,0.0218881133018156,2024,2024-06-30,learned_order_offset,20260911,0.5184439745034717,0.5184439745034717,1,1
annual_state_offset_half,3272,2024-07-19,2024-07-29,-0.0378787022382998,2024,2024-06-30,learned_order_offset,20260911,0.43101313654508555,0.43101313654508555,0,0
annual_state_offset_half,3277,2024-07-26,2024-08-05,-0.0124134568216732,2024,2024-06-30,learned_order_offset,20260911,0.4816410956014788,0.4816410956014788,0,0
annual_state_offset_half,3282,2024-08-02,2024-08-12,-0.0102762848330364,2024,2024-06-30,learned_order_offset,20260911,0.3873191583978124,0.3873191583978124,0,0
annual_state_offset_half,3287,2024-08-09,2024-08-19,0.0050186923751938,2024,2024-06-30,learned_order_offset,20260911,0.4304560256142368,0.4304560256142368,0,1
annual_state_offset_half,3292,2024-08-16,2024-08-26,-0.0040487282687352,2024,2024-06-30,learned_order_offset,20260911,0.32681500411417097,0.32681500411417097,0,0
annual_state_offset_half,3297,2024-08-23,2024-09-02,-0.0069594562136714,2024,2024-06-30,learned_order_offset,20260911,0.3530844803784267,0.3530844803784267,0,0
annual_state_offset_half,3302,2024-08-30,2024-09-09,-0.0280389655151561,2024,2024-06-30,learned_order_offset,20260911,0.34932925996734204,0.34932925996734204,0,0
annual_state_offset_half,3307,2024-09-06,2024-09-18,-0.0174132138857783,2024,2024-06-30,learned_order_offset,20260911,0.4080686594807666,0.4080686594807666,0,0
annual_state_offset_half,3312,2024-09-13,2024-09-24,0.0133119329369826,2024,2024-06-30,learned_order_offset,20260911,0.44388768959298164,0.44388768959298164,0,1
annual_state_offset_half,3315,2024-09-20,2024-09-30,0.2017513988384409,2024,2024-06-30,learned_order_offset,20260911,0.4413779858284701,0.4413779858284701,0,1
annual_state_offset_half,3320,2024-09-27,2024-10-14,0.0178259004588408,2024,2024-06-30,learned_order_offset,20260911,0.6050544676220191,0.6050544676220191,1,1
annual_state_offset,3262,2024-07-05,2024-07-15,0.0122222871842843,2024,2024-06-30,learned_market,20260912,0.5596686372843388,0.5596686372843388,1,1
annual_state_offset,3267,2024-07-12,2024-07-22,0.0218881133018156,2024,2024-06-30,learned_market,20260912,0.5163386332022918,0.5163386332022918,1,1
annual_state_offset,3272,2024-07-19,2024-07-29,-0.0378787022382998,2024,2024-06-30,learned_market,20260912,0.46182463524858447,0.46182463524858447,0,0
annual_state_offset,3277,2024-07-26,2024-08-05,-0.0124134568216732,2024,2024-06-30,learned_market,20260912,0.5630767878754189,0.5630767878754189,1,0
annual_state_offset,3282,2024-08-02,2024-08-12,-0.0102762848330364,2024,2024-06-30,learned_market,20260912,0.5549401127735959,0.5549401127735959,1,0
annual_state_offset,3287,2024-08-09,2024-08-19,0.0050186923751938,2024,2024-06-30,learned_market,20260912,0.4549902600422229,0.4549902600422229,0,1
annual_state_offset,3292,2024-08-16,2024-08-26,-0.0040487282687352,2024,2024-06-30,learned_market,20260912,0.3443792695100562,0.3443792695100562,0,0
annual_state_offset,3297,2024-08-23,2024-09-02,-0.0069594562136714,2024,2024-06-30,learned_market,20260912,0.26166489726267633,0.26166489726267633,0,0
annual_state_offset,3302,2024-08-30,2024-09-09,-0.0280389655151561,2024,2024-06-30,learned_market,20260912,0.2946245467089294,0.2946245467089294,0,0
annual_state_offset,3307,2024-09-06,2024-09-18,-0.0174132138857783,2024,2024-06-30,learned_market,20260912,0.3629667791085296,0.3629667791085296,0,0
annual_state_offset,3312,2024-09-13,2024-09-24,0.0133119329369826,2024,2024-06-30,learned_market,20260912,0.3448834949372454,0.3448834949372454,0,1
annual_state_offset,3315,2024-09-20,2024-09-30,0.2017513988384409,2024,2024-06-30,learned_market,20260912,0.3688778827587438,0.3688778827587438,0,1
annual_state_offset,3320,2024-09-27,2024-10-14,0.0178259004588408,2024,2024-06-30,learned_market,20260912,0.42243022170956096,0.42243022170956096,0,1
annual_shared_offset,3262,2024-07-05,2024-07-15,0.0122222871842843,2024,2024-06-30,learned_market,20260912,0.5981496066473933,0.5981496066473933,1,1
annual_shared_offset,3267,2024-07-12,2024-07-22,0.0218881133018156,2024,2024-06-30,learned_market,20260912,0.5555994926360546,0.5555994926360546,1,1
annual_shared_offset,3272,2024-07-19,2024-07-29,-0.0378787022382998,2024,2024-06-30,learned_market,20260912,0.4695458994803748,0.4695458994803748,0,0
annual_shared_offset,3277,2024-07-26,2024-08-05,-0.0124134568216732,2024,2024-06-30,learned_market,20260912,0.6014720022736995,0.6014720022736995,1,0
annual_shared_offset,3282,2024-08-02,2024-08-12,-0.0102762848330364,2024,2024-06-30,learned_market,20260912,0.5935341991329393,0.5935341991329393,1,0
annual_shared_offset,3287,2024-08-09,2024-08-19,0.0050186923751938,2024,2024-06-30,learned_market,20260912,0.49435424866486866,0.49435424866486866,0,1
annual_shared_offset,3292,2024-08-16,2024-08-26,-0.0040487282687352,2024,2024-06-30,learned_market,20260912,0.38086102907696323,0.38086102907696323,0,0
annual_shared_offset,3297,2024-08-23,2024-09-02,-0.0069594562136714,2024,2024-06-30,learned_market,20260912,0.29330431901976545,0.29330431901976545,0,0
annual_shared_offset,3302,2024-08-30,2024-09-09,-0.0280389655151561,2024,2024-06-30,learned_market,20260912,0.32847628073205354,0.32847628073205354,0,0
annual_shared_offset,3307,2024-09-06,2024-09-18,-0.0174132138857783,2024,2024-06-30,learned_market,20260912,0.40021561203729106,0.40021561203729106,0,0
annual_shared_offset,3312,2024-09-13,2024-09-24,0.0133119329369826,2024,2024-06-30,learned_market,20260912,0.381387596952765,0.381387596952765,0,1
annual_shared_offset,3315,2024-09-20,2024-09-30,0.2017513988384409,2024,2024-06-30,learned_market,20260912,0.40634638788417676,0.40634638788417676,0,1
annual_shared_offset,3320,2024-09-27,2024-10-14,0.0178259004588408,2024,2024-06-30,learned_market,20260912,0.42243022170956096,0.42243022170956096,0,1
annual_state_offset_half,3262,2024-07-05,2024-07-15,0.0122222871842843,2024,2024-06-30,learned_market,20260912,0.5817351597265575,0.5817351597265575,1,1
annual_state_offset_half,3267,2024-07-12,2024-07-22,0.0218881133018156,2024,2024-06-30,learned_market,20260912,0.5387871467681745,0.5387871467681745,1,1
annual_state_offset_half,3272,2024-07-19,2024-07-29,-0.0378787022382998,2024,2024-06-30,learned_market,20260912,0.4684489722906803,0.4684489722906803,0,0
annual_state_offset_half,3277,2024-07-26,2024-08-05,-0.0124134568216732,2024,2024-06-30,learned_market,20260912,0.5850991315127398,0.5850991315127398,1,0
annual_state_offset_half,3282,2024-08-02,2024-08-12,-0.0102762848330364,2024,2024-06-30,learned_market,20260912,0.5770645277842611,0.5770645277842611,1,0
annual_state_offset_half,3287,2024-08-09,2024-08-19,0.0050186923751938,2024,2024-06-30,learned_market,20260912,0.47740426816400583,0.47740426816400583,0,1
annual_state_offset_half,3292,2024-08-16,2024-08-26,-0.0040487282687352,2024,2024-06-30,learned_market,20260912,0.36499348208719457,0.36499348208719457,0,0
annual_state_offset_half,3297,2024-08-23,2024-09-02,-0.0069594562136714,2024,2024-06-30,learned_market,20260912,0.27943820512146944,0.27943820512146944,0,0
annual_state_offset_half,3302,2024-08-30,2024-09-09,-0.0280389655151561,2024,2024-06-30,learned_market,20260912,0.3136854594927104,0.3136854594927104,0,0
annual_state_offset_half,3307,2024-09-06,2024-09-18,-0.0174132138857783,2024,2024-06-30,learned_market,20260912,0.3840418784395511,0.3840418784395511,0,0
annual_state_offset_half,3312,2024-09-13,2024-09-24,0.0133119329369826,2024,2024-06-30,learned_market,20260912,0.3655110631332237,0.3655110631332237,0,1
annual_state_offset_half,3315,2024-09-20,2024-09-30,0.2017513988384409,2024,2024-06-30,learned_market,20260912,0.3900860316163552,0.3900860316163552,0,1
annual_state_offset_half,3320,2024-09-27,2024-10-14,0.0178259004588408,2024,2024-06-30,learned_market,20260912,0.42243022170956096,0.42243022170956096,0,1
annual_state_offset,3262,2024-07-05,2024-07-15,0.0122222871842843,2024,2024-06-30,learned_vol_interaction,20260912,0.5782863060076283,0.5782863060076283,1,1
annual_state_offset,3267,2024-07-12,2024-07-22,0.0218881133018156,2024,2024-06-30,learned_vol_interaction,20260912,0.5220868541431947,0.5220868541431947,1,1
annual_state_offset,3272,2024-07-19,2024-07-29,-0.0378787022382998,2024,2024-06-30,learned_vol_interaction,20260912,0.4528512590125579,0.4528512590125579,0,0
annual_state_offset,3277,2024-07-26,2024-08-05,-0.0124134568216732,2024,2024-06-30,learned_vol_interaction,20260912,0.570793722649895,0.570793722649895,1,0
annual_state_offset,3282,2024-08-02,2024-08-12,-0.0102762848330364,2024,2024-06-30,learned_vol_interaction,20260912,0.5573941160996184,0.5573941160996184,1,0
annual_state_offset,3287,2024-08-09,2024-08-19,0.0050186923751938,2024,2024-06-30,learned_vol_interaction,20260912,0.45004412938549637,0.45004412938549637,0,1
annual_state_offset,3292,2024-08-16,2024-08-26,-0.0040487282687352,2024,2024-06-30,learned_vol_interaction,20260912,0.33483435799818695,0.33483435799818695,0,0
annual_state_offset,3297,2024-08-23,2024-09-02,-0.0069594562136714,2024,2024-06-30,learned_vol_interaction,20260912,0.2444155513316426,0.2444155513316426,0,0
annual_state_offset,3302,2024-08-30,2024-09-09,-0.0280389655151561,2024,2024-06-30,learned_vol_interaction,20260912,0.2691731771974437,0.2691731771974437,0,0
annual_state_offset,3307,2024-09-06,2024-09-18,-0.0174132138857783,2024,2024-06-30,learned_vol_interaction,20260912,0.3510078007792498,0.3510078007792498,0,0
annual_state_offset,3312,2024-09-13,2024-09-24,0.0133119329369826,2024,2024-06-30,learned_vol_interaction,20260912,0.32793197643391786,0.32793197643391786,0,1
annual_state_offset,3315,2024-09-20,2024-09-30,0.2017513988384409,2024,2024-06-30,learned_vol_interaction,20260912,0.3525488181818758,0.3525488181818758,0,1
annual_state_offset,3320,2024-09-27,2024-10-14,0.0178259004588408,2024,2024-06-30,learned_vol_interaction,20260912,0.4442843434187072,0.4442843434187072,0,1
annual_shared_offset,3262,2024-07-05,2024-07-15,0.0122222871842843,2024,2024-06-30,learned_vol_interaction,20260912,0.6151363574160756,0.6151363574160756,1,1
annual_shared_offset,3267,2024-07-12,2024-07-22,0.0218881133018156,2024,2024-06-30,learned_vol_interaction,20260912,0.5601121843965089,0.5601121843965089,1,1
annual_shared_offset,3272,2024-07-19,2024-07-29,-0.0378787022382998,2024,2024-06-30,learned_vol_interaction,20260912,0.4629152324621313,0.4629152324621313,0,0
annual_shared_offset,3277,2024-07-26,2024-08-05,-0.0124134568216732,2024,2024-06-30,learned_vol_interaction,20260912,0.6078545158638793,0.6078545158638793,1,0
annual_shared_offset,3282,2024-08-02,2024-08-12,-0.0102762848330364,2024,2024-06-30,learned_vol_interaction,20260912,0.5947905546368328,0.5947905546368328,1,0
annual_shared_offset,3287,2024-08-09,2024-08-19,0.0050186923751938,2024,2024-06-30,learned_vol_interaction,20260912,0.4881822058826986,0.4881822058826986,0,1
annual_shared_offset,3292,2024-08-16,2024-08-26,-0.0040487282687352,2024,2024-06-30,learned_vol_interaction,20260912,0.36977370916519875,0.36977370916519875,0,0
annual_shared_offset,3297,2024-08-23,2024-09-02,-0.0069594562136714,2024,2024-06-30,learned_vol_interaction,20260912,0.27380363123557494,0.27380363123557494,0,0
annual_shared_offset,3302,2024-08-30,2024-09-09,-0.0280389655151561,2024,2024-06-30,learned_vol_interaction,20260912,0.30035474706923926,0.30035474706923926,0,0
annual_shared_offset,3307,2024-09-06,2024-09-18,-0.0174132138857783,2024,2024-06-30,learned_vol_interaction,20260912,0.38665379673263445,0.38665379673263445,0,0
annual_shared_offset,3312,2024-09-13,2024-09-24,0.0133119329369826,2024,2024-06-30,learned_vol_interaction,20260912,0.36254364417958196,0.36254364417958196,0,1
annual_shared_offset,3315,2024-09-20,2024-09-30,0.2017513988384409,2024,2024-06-30,learned_vol_interaction,20260912,0.388257686612574,0.388257686612574,0,1
annual_shared_offset,3320,2024-09-27,2024-10-14,0.0178259004588408,2024,2024-06-30,learned_vol_interaction,20260912,0.4442843434187072,0.4442843434187072,0,1
annual_state_offset_half,3262,2024-07-05,2024-07-15,0.0122222871842843,2024,2024-06-30,learned_vol_interaction,20260912,0.5991023730802927,0.5991023730802927,1,1
annual_state_offset_half,3267,2024-07-12,2024-07-22,0.0218881133018156,2024,2024-06-30,learned_vol_interaction,20260912,0.5434870686697293,0.5434870686697293,1,1
annual_state_offset_half,3272,2024-07-19,2024-07-29,-0.0378787022382998,2024,2024-06-30,learned_vol_interaction,20260912,0.4602076467924925,0.4602076467924925,0,0
annual_state_offset_half,3277,2024-07-26,2024-08-05,-0.0124134568216732,2024,2024-06-30,learned_vol_interaction,20260912,0.5917185150908598,0.5917185150908598,1,0
annual_state_offset_half,3282,2024-08-02,2024-08-12,-0.0102762848330364,2024,2024-06-30,learned_vol_interaction,20260912,0.5784897604006187,0.5784897604006187,1,0
annual_state_offset_half,3287,2024-08-09,2024-08-19,0.0050186923751938,2024,2024-06-30,learned_vol_interaction,20260912,0.47140412482601074,0.47140412482601074,0,1
annual_state_offset_half,3292,2024-08-16,2024-08-26,-0.0040487282687352,2024,2024-06-30,learned_vol_interaction,20260912,0.35424847925894287,0.35424847925894287,0,0
annual_state_offset_half,3297,2024-08-23,2024-09-02,-0.0069594562136714,2024,2024-06-30,learned_vol_interaction,20260912,0.2606413571408628,0.2606413571408628,0,0
annual_state_offset_half,3302,2024-08-30,2024-09-09,-0.0280389655151561,2024,2024-06-30,learned_vol_interaction,20260912,0.2864195204964801,0.2864195204964801,0,0
annual_state_offset_half,3307,2024-09-06,2024-09-18,-0.0174132138857783,2024,2024-06-30,learned_vol_interaction,20260912,0.37083686949927647,0.37083686949927647,0,0
annual_state_offset_half,3312,2024-09-13,2024-09-24,0.0133119329369826,2024,2024-06-30,learned_vol_interaction,20260912,0.34715476073979107,0.34715476073979107,0,1
annual_state_offset_half,3315,2024-09-20,2024-09-30,0.2017513988384409,2024,2024-06-30,learned_vol_interaction,20260912,0.3724149865689105,0.3724149865689105,0,1
annual_state_offset_half,3320,2024-09-27,2024-10-14,0.0178259004588408,2024,2024-06-30,learned_vol_interaction,20260912,0.4442843434187072,0.4442843434187072,0,1
annual_state_offset,3262,2024-07-05,2024-07-15,0.0122222871842843,2024,2024-06-30,learned_order_extension,20260912,0.6014586623348277,0.6014586623348277,1,1
annual_state_offset,3267,2024-07-12,2024-07-22,0.0218881133018156,2024,2024-06-30,learned_order_extension,20260912,0.5275195978476308,0.5275195978476308,1,1
annual_state_offset,3272,2024-07-19,2024-07-29,-0.0378787022382998,2024,2024-06-30,learned_order_extension,20260912,0.5125856315592536,0.5125856315592536,1,0
annual_state_offset,3277,2024-07-26,2024-08-05,-0.0124134568216732,2024,2024-06-30,learned_order_extension,20260912,0.5773214950823252,0.5773214950823252,1,0
annual_state_offset,3282,2024-08-02,2024-08-12,-0.0102762848330364,2024,2024-06-30,learned_order_extension,20260912,0.5797618713623781,0.5797618713623781,1,0
annual_state_offset,3287,2024-08-09,2024-08-19,0.0050186923751938,2024,2024-06-30,learned_order_extension,20260912,0.4860686062612193,0.4860686062612193,0,1
annual_state_offset,3292,2024-08-16,2024-08-26,-0.0040487282687352,2024,2024-06-30,learned_order_extension,20260912,0.3723585315157356,0.3723585315157356,0,0
annual_state_offset,3297,2024-08-23,2024-09-02,-0.0069594562136714,2024,2024-06-30,learned_order_extension,20260912,0.3367337905281842,0.3367337905281842,0,0
annual_state_offset,3302,2024-08-30,2024-09-09,-0.0280389655151561,2024,2024-06-30,learned_order_extension,20260912,0.3551154625113485,0.3551154625113485,0,0
annual_state_offset,3307,2024-09-06,2024-09-18,-0.0174132138857783,2024,2024-06-30,learned_order_extension,20260912,0.40265751731298105,0.40265751731298105,0,0
annual_state_offset,3312,2024-09-13,2024-09-24,0.0133119329369826,2024,2024-06-30,learned_order_extension,20260912,0.36816468297442173,0.36816468297442173,0,1
annual_state_offset,3315,2024-09-20,2024-09-30,0.2017513988384409,2024,2024-06-30,learned_order_extension,20260912,0.4309672264943975,0.4309672264943975,0,1
annual_state_offset,3320,2024-09-27,2024-10-14,0.0178259004588408,2024,2024-06-30,learned_order_extension,20260912,0.576228156163883,0.576228156163883,1,1
annual_shared_offset,3262,2024-07-05,2024-07-15,0.0122222871842843,2024,2024-06-30,learned_order_extension,20260912,0.6485831595811313,0.6485831595811313,1,1
annual_shared_offset,3267,2024-07-12,2024-07-22,0.0218881133018156,2024,2024-06-30,learned_order_extension,20260912,0.5772416627357748,0.5772416627357748,1,1
annual_shared_offset,3272,2024-07-19,2024-07-29,-0.0378787022382998,2024,2024-06-30,learned_order_extension,20260912,0.5141773788469316,0.5141773788469316,1,0
annual_shared_offset,3277,2024-07-26,2024-08-05,-0.0124134568216732,2024,2024-06-30,learned_order_extension,20260912,0.6255230644057294,0.6255230644057294,1,0
annual_shared_offset,3282,2024-08-02,2024-08-12,-0.0102762848330364,2024,2024-06-30,learned_order_extension,20260912,0.627864531218282,0.627864531218282,1,0
annual_shared_offset,3287,2024-08-09,2024-08-19,0.0050186923751938,2024,2024-06-30,learned_order_extension,20260912,0.536318559434869,0.536318559434869,1,1
annual_shared_offset,3292,2024-08-16,2024-08-26,-0.0040487282687352,2024,2024-06-30,learned_order_extension,20260912,0.4204707154925292,0.4204707154925292,0,0
annual_shared_offset,3297,2024-08-23,2024-09-02,-0.0069594562136714,2024,2024-06-30,learned_order_extension,20260912,0.38305218585613476,0.38305218585613476,0,0
annual_shared_offset,3302,2024-08-30,2024-09-09,-0.0280389655151561,2024,2024-06-30,learned_order_extension,20260912,0.4024281976477034,0.4024281976477034,0,0
annual_shared_offset,3307,2024-09-06,2024-09-18,-0.0174132138857783,2024,2024-06-30,learned_order_extension,20260912,0.4518660993108644,0.4518660993108644,0,0
annual_shared_offset,3312,2024-09-13,2024-09-24,0.0133119329369826,2024,2024-06-30,learned_order_extension,20260912,0.4160942242813532,0.4160942242813532,0,1
annual_shared_offset,3315,2024-09-20,2024-09-30,0.2017513988384409,2024,2024-06-30,learned_order_extension,20260912,0.48085051210603796,0.48085051210603796,0,1
annual_shared_offset,3320,2024-09-27,2024-10-14,0.0178259004588408,2024,2024-06-30,learned_order_extension,20260912,0.576228156163883,0.576228156163883,1,1
annual_state_offset_half,3262,2024-07-05,2024-07-15,0.0122222871842843,2024,2024-06-30,learned_order_extension,20260912,0.6251508929109543,0.6251508929109543,1,1
annual_state_offset_half,3267,2024-07-12,2024-07-22,0.0218881133018156,2024,2024-06-30,learned_order_extension,20260912,0.5523357637965879,0.5523357637965879,1,1
annual_state_offset_half,3272,2024-07-19,2024-07-29,-0.0378787022382998,2024,2024-06-30,learned_order_extension,20260912,0.5132035721398303,0.5132035721398303,1,0
annual_state_offset_half,3277,2024-07-26,2024-08-05,-0.0124134568216732,2024,2024-06-30,learned_order_extension,20260912,0.6014979161146596,0.6014979161146596,1,0
annual_state_offset_half,3282,2024-08-02,2024-08-12,-0.0102762848330364,2024,2024-06-30,learned_order_extension,20260912,0.6038944779420824,0.6038944779420824,1,0
annual_state_offset_half,3287,2024-08-09,2024-08-19,0.0050186923751938,2024,2024-06-30,learned_order_extension,20260912,0.5110439285531218,0.5110439285531218,1,1
annual_state_offset_half,3292,2024-08-16,2024-08-26,-0.0040487282687352,2024,2024-06-30,learned_order_extension,20260912,0.3959930590049566,0.3959930590049566,0,0
annual_state_offset_half,3297,2024-08-23,2024-09-02,-0.0069594562136714,2024,2024-06-30,learned_order_extension,20260912,0.3594019367940976,0.3594019367940976,0,0
annual_state_offset_half,3302,2024-08-30,2024-09-09,-0.0280389655151561,2024,2024-06-30,learned_order_extension,20260912,0.3783152230243849,0.3783152230243849,0,0
annual_state_offset_half,3307,2024-09-06,2024-09-18,-0.0174132138857783,2024,2024-06-30,learned_order_extension,20260912,0.4269071137236344,0.4269071137236344,0,0
annual_state_offset_half,3312,2024-09-13,2024-09-24,0.0133119329369826,2024,2024-06-30,learned_order_extension,20260912,0.3916991430712336,0.3916991430712336,0,1
annual_state_offset_half,3315,2024-09-20,2024-09-30,0.2017513988384409,2024,2024-06-30,learned_order_extension,20260912,0.4556213200079936,0.4556213200079936,0,1
annual_state_offset_half,3320,2024-09-27,2024-10-14,0.0178259004588408,2024,2024-06-30,learned_order_extension,20260912,0.576228156163883,0.576228156163883,1,1
annual_state_offset,3262,2024-07-05,2024-07-15,0.0122222871842843,2024,2024-06-30,learned_order_offset,20260912,0.6016608613619344,0.6016608613619344,1,1
annual_state_offset,3267,2024-07-12,2024-07-22,0.0218881133018156,2024,2024-06-30,learned_order_offset,20260912,0.5276612489687622,0.5276612489687622,1,1
annual_state_offset,3272,2024-07-19,2024-07-29,-0.0378787022382998,2024,2024-06-30,learned_order_offset,20260912,0.5149349669659619,0.5149349669659619,1,0
annual_state_offset,3277,2024-07-26,2024-08-05,-0.0124134568216732,2024,2024-06-30,learned_order_offset,20260912,0.5761326421516121,0.5761326421516121,1,0
annual_state_offset,3282,2024-08-02,2024-08-12,-0.0102762848330364,2024,2024-06-30,learned_order_offset,20260912,0.5788200693519282,0.5788200693519282,1,0
annual_state_offset,3287,2024-08-09,2024-08-19,0.0050186923751938,2024,2024-06-30,learned_order_offset,20260912,0.4873989194290086,0.4873989194290086,0,1
annual_state_offset,3292,2024-08-16,2024-08-26,-0.0040487282687352,2024,2024-06-30,learned_order_offset,20260912,0.3744838453967195,0.3744838453967195,0,0
annual_state_offset,3297,2024-08-23,2024-09-02,-0.0069594562136714,2024,2024-06-30,learned_order_offset,20260912,0.3397644063423445,0.3397644063423445,0,0
annual_state_offset,3302,2024-08-30,2024-09-09,-0.0280389655151561,2024,2024-06-30,learned_order_offset,20260912,0.3586719364979697,0.3586719364979697,0,0
annual_state_offset,3307,2024-09-06,2024-09-18,-0.0174132138857783,2024,2024-06-30,learned_order_offset,20260912,0.40509175985697266,0.40509175985697266,0,0
annual_state_offset,3312,2024-09-13,2024-09-24,0.0133119329369826,2024,2024-06-30,learned_order_offset,20260912,0.3712850855654429,0.3712850855654429,0,1
annual_state_offset,3315,2024-09-20,2024-09-30,0.2017513988384409,2024,2024-06-30,learned_order_offset,20260912,0.43443069526729866,0.43443069526729866,0,1
annual_state_offset,3320,2024-09-27,2024-10-14,0.0178259004588408,2024,2024-06-30,learned_order_offset,20260912,0.5746740950620535,0.5746740950620535,1,1
annual_shared_offset,3262,2024-07-05,2024-07-15,0.0122222871842843,2024,2024-06-30,learned_order_offset,20260912,0.6491932273071714,0.6491932273071714,1,1
annual_shared_offset,3267,2024-07-12,2024-07-22,0.0218881133018156,2024,2024-06-30,learned_order_offset,20260912,0.5778278299660191,0.5778278299660191,1,1
annual_shared_offset,3272,2024-07-19,2024-07-29,-0.0378787022382998,2024,2024-06-30,learned_order_offset,20260912,0.516104581861705,0.516104581861705,1,0
annual_shared_offset,3277,2024-07-26,2024-08-05,-0.0124134568216732,2024,2024-06-30,learned_order_offset,20260912,0.6248116311559053,0.6248116311559053,1,0
annual_shared_offset,3282,2024-08-02,2024-08-12,-0.0102762848330364,2024,2024-06-30,learned_order_offset,20260912,0.6273900302169237,0.6273900302169237,1,0
annual_shared_offset,3287,2024-08-09,2024-08-19,0.0050186923751938,2024,2024-06-30,learned_order_offset,20260912,0.5380984231808824,0.5380984231808824,1,1
annual_shared_offset,3292,2024-08-16,2024-08-26,-0.0040487282687352,2024,2024-06-30,learned_order_offset,20260912,0.4231333292592585,0.4231333292592585,0,0
annual_shared_offset,3297,2024-08-23,2024-09-02,-0.0069594562136714,2024,2024-06-30,learned_order_offset,20260912,0.3866917918711832,0.3866917918711832,0,0
annual_shared_offset,3302,2024-08-30,2024-09-09,-0.0280389655151561,2024,2024-06-30,learned_order_offset,20260912,0.40660252824951254,0.40660252824951254,0,0
annual_shared_offset,3307,2024-09-06,2024-09-18,-0.0174132138857783,2024,2024-06-30,learned_order_offset,20260912,0.454826289576457,0.454826289576457,0,0
annual_shared_offset,3312,2024-09-13,2024-09-24,0.0133119329369826,2024,2024-06-30,learned_order_offset,20260912,0.4197979032412565,0.4197979032412565,0,1
annual_shared_offset,3315,2024-09-20,2024-09-30,0.2017513988384409,2024,2024-06-30,learned_order_offset,20260912,0.48483171505852407,0.48483171505852407,0,1
annual_shared_offset,3320,2024-09-27,2024-10-14,0.0178259004588408,2024,2024-06-30,learned_order_offset,20260912,0.5746740950620535,0.5746740950620535,1,1
annual_state_offset_half,3262,2024-07-05,2024-07-15,0.0122222871842843,2024,2024-06-30,learned_order_offset,20260912,0.625568714599906,0.625568714599906,1,1
annual_state_offset_half,3267,2024-07-12,2024-07-22,0.0218881133018156,2024,2024-06-30,learned_order_offset,20260912,0.5527086348534895,0.5527086348534895,1,1
annual_state_offset_half,3272,2024-07-19,2024-07-29,-0.0378787022382998,2024,2024-06-30,learned_order_offset,20260912,0.5153475516060064,0.5153475516060064,1,0
annual_state_offset_half,3277,2024-07-26,2024-08-05,-0.0124134568216732,2024,2024-06-30,learned_order_offset,20260912,0.6005554542724,0.6005554542724,1,0
annual_state_offset_half,3282,2024-08-02,2024-08-12,-0.0102762848330364,2024,2024-06-30,learned_order_offset,20260912,0.6031946837637586,0.6031946837637586,1,0
annual_state_offset_half,3287,2024-08-09,2024-08-19,0.0050186923751938,2024,2024-06-30,learned_order_offset,20260912,0.5126092497499116,0.5126092497499116,1,1
annual_state_offset_half,3292,2024-08-16,2024-08-26,-0.0040487282687352,2024,2024-06-30,learned_order_offset,20260912,0.3983929173740051,0.3983929173740051,0,0
annual_state_offset_half,3297,2024-08-23,2024-09-02,-0.0069594562136714,2024,2024-06-30,learned_order_offset,20260912,0.36274227181777763,0.36274227181777763,0,0
annual_state_offset_half,3302,2024-08-30,2024-09-09,-0.0280389655151561,2024,2024-06-30,learned_order_offset,20260912,0.3821883027553159,0.3821883027553159,0,0
annual_state_offset_half,3307,2024-09-06,2024-09-18,-0.0174132138857783,2024,2024-06-30,learned_order_offset,20260912,0.4296128532163226,0.4296128532163226,0,0
annual_state_offset_half,3312,2024-09-13,2024-09-24,0.0133119329369826,2024,2024-06-30,learned_order_offset,20260912,0.3951189346605334,0.3951189346605334,0,1
annual_state_offset_half,3315,2024-09-20,2024-09-30,0.2017513988384409,2024,2024-06-30,learned_order_offset,20260912,0.45935644469975206,0.45935644469975206,0,1
annual_state_offset_half,3320,2024-09-27,2024-10-14,0.0178259004588408,2024,2024-06-30,learned_order_offset,20260912,0.5746740950620535,0.5746740950620535,1,1
annual_state_offset,3325,2024-10-11,2024-10-21,0.0080914993282625,2024,2024-09-30,learned_market,20260910,0.5869953939238736,0.5869953939238736,1,1
annual_state_offset,3330,2024-10-18,2024-10-28,0.0015733867085561,2024,2024-09-30,learned_market,20260910,0.461607129389693,0.461607129389693,0,1
annual_state_offset,3335,2024-10-25,2024-11-04,-0.0140142824257356,2024,2024-09-30,learned_market,20260910,0.4436454565513719,0.4436454565513719,0,0
annual_state_offset,3340,2024-11-01,2024-11-11,0.0434152361258277,2024,2024-09-30,learned_market,20260910,0.4265577715457495,0.4265577715457495,0,1
annual_state_offset,3345,2024-11-08,2024-11-18,-0.0208584853931589,2024,2024-09-30,learned_market,20260910,0.3988216599252063,0.3988216599252063,0,0
annual_state_offset,3350,2024-11-15,2024-11-25,-0.0267421712161923,2024,2024-09-30,learned_market,20260910,0.4128285607379882,0.4128285607379882,0,0
annual_state_offset,3355,2024-11-22,2024-12-02,0.0087960346887328,2024,2024-09-30,learned_market,20260910,0.5498480838757407,0.5498480838757407,1,1
annual_state_offset,3360,2024-11-29,2024-12-09,0.0155919891551781,2024,2024-09-30,learned_market,20260910,0.5787371739371491,0.5787371739371491,1,1
annual_state_offset,3365,2024-12-06,2024-12-16,-0.0100436703218104,2024,2024-09-30,learned_market,20260910,0.5274145252381006,0.5274145252381006,1,0
annual_state_offset,3370,2024-12-13,2024-12-23,-0.0006690784017421,2024,2024-09-30,learned_market,20260910,0.44138037595664,0.44138037595664,0,0
annual_state_offset,3375,2024-12-20,2024-12-30,0.0123595076562756,2024,2024-09-30,learned_market,20260910,0.39116916844701427,0.39116916844701427,0,1
annual_state_offset,3380,2024-12-27,2025-01-06,-0.0504714964669198,2024,2024-09-30,learned_market,20260910,0.3776540298946515,0.3776540298946515,0,0
annual_shared_offset,3325,2024-10-11,2024-10-21,0.0080914993282625,2024,2024-09-30,learned_market,20260910,0.5869953939238736,0.5869953939238736,1,1
annual_shared_offset,3330,2024-10-18,2024-10-28,0.0015733867085561,2024,2024-09-30,learned_market,20260910,0.461607129389693,0.461607129389693,0,1
annual_shared_offset,3335,2024-10-25,2024-11-04,-0.0140142824257356,2024,2024-09-30,learned_market,20260910,0.4436454565513719,0.4436454565513719,0,0
annual_shared_offset,3340,2024-11-01,2024-11-11,0.0434152361258277,2024,2024-09-30,learned_market,20260910,0.4265577715457495,0.4265577715457495,0,1
annual_shared_offset,3345,2024-11-08,2024-11-18,-0.0208584853931589,2024,2024-09-30,learned_market,20260910,0.3988216599252063,0.3988216599252063,0,0
annual_shared_offset,3350,2024-11-15,2024-11-25,-0.0267421712161923,2024,2024-09-30,learned_market,20260910,0.4128285607379882,0.4128285607379882,0,0
annual_shared_offset,3355,2024-11-22,2024-12-02,0.0087960346887328,2024,2024-09-30,learned_market,20260910,0.5498480838757407,0.5498480838757407,1,1
annual_shared_offset,3360,2024-11-29,2024-12-09,0.0155919891551781,2024,2024-09-30,learned_market,20260910,0.5787371739371491,0.5787371739371491,1,1
annual_shared_offset,3365,2024-12-06,2024-12-16,-0.0100436703218104,2024,2024-09-30,learned_market,20260910,0.5274145252381006,0.5274145252381006,1,0
annual_shared_offset,3370,2024-12-13,2024-12-23,-0.0006690784017421,2024,2024-09-30,learned_market,20260910,0.44138037595664,0.44138037595664,0,0
annual_shared_offset,3375,2024-12-20,2024-12-30,0.0123595076562756,2024,2024-09-30,learned_market,20260910,0.37677387468980533,0.37677387468980533,0,1
annual_shared_offset,3380,2024-12-27,2025-01-06,-0.0504714964669198,2024,2024-09-30,learned_market,20260910,0.36345918525870796,0.36345918525870796,0,0
annual_state_offset_half,3325,2024-10-11,2024-10-21,0.0080914993282625,2024,2024-09-30,learned_market,20260910,0.5869953939238736,0.5869953939238736,1,1
annual_state_offset_half,3330,2024-10-18,2024-10-28,0.0015733867085561,2024,2024-09-30,learned_market,20260910,0.461607129389693,0.461607129389693,0,1
annual_state_offset_half,3335,2024-10-25,2024-11-04,-0.0140142824257356,2024,2024-09-30,learned_market,20260910,0.4436454565513719,0.4436454565513719,0,0
annual_state_offset_half,3340,2024-11-01,2024-11-11,0.0434152361258277,2024,2024-09-30,learned_market,20260910,0.4265577715457495,0.4265577715457495,0,1
annual_state_offset_half,3345,2024-11-08,2024-11-18,-0.0208584853931589,2024,2024-09-30,learned_market,20260910,0.3988216599252063,0.3988216599252063,0,0
annual_state_offset_half,3350,2024-11-15,2024-11-25,-0.0267421712161923,2024,2024-09-30,learned_market,20260910,0.4128285607379882,0.4128285607379882,0,0
annual_state_offset_half,3355,2024-11-22,2024-12-02,0.0087960346887328,2024,2024-09-30,learned_market,20260910,0.5498480838757407,0.5498480838757407,1,1
annual_state_offset_half,3360,2024-11-29,2024-12-09,0.0155919891551781,2024,2024-09-30,learned_market,20260910,0.5787371739371491,0.5787371739371491,1,1
annual_state_offset_half,3365,2024-12-06,2024-12-16,-0.0100436703218104,2024,2024-09-30,learned_market,20260910,0.5274145252381006,0.5274145252381006,1,0
annual_state_offset_half,3370,2024-12-13,2024-12-23,-0.0006690784017421,2024,2024-09-30,learned_market,20260910,0.44138037595664,0.44138037595664,0,0
annual_state_offset_half,3375,2024-12-20,2024-12-30,0.0123595076562756,2024,2024-09-30,learned_market,20260910,0.3969534521701224,0.3969534521701224,0,1
annual_state_offset_half,3380,2024-12-27,2025-01-06,-0.0504714964669198,2024,2024-09-30,learned_market,20260910,0.38336430353111867,0.38336430353111867,0,0
annual_state_offset,3325,2024-10-11,2024-10-21,0.0080914993282625,2024,2024-09-30,learned_vol_interaction,20260910,0.5707045524539156,0.5707045524539156,1,1
annual_state_offset,3330,2024-10-18,2024-10-28,0.0015733867085561,2024,2024-09-30,learned_vol_interaction,20260910,0.5457998125542788,0.5457998125542788,1,1
annual_state_offset,3335,2024-10-25,2024-11-04,-0.0140142824257356,2024,2024-09-30,learned_vol_interaction,20260910,0.5480447349870543,0.5480447349870543,1,0
annual_state_offset,3340,2024-11-01,2024-11-11,0.0434152361258277,2024,2024-09-30,learned_vol_interaction,20260910,0.5424556290324919,0.5424556290324919,1,1
annual_state_offset,3345,2024-11-08,2024-11-18,-0.0208584853931589,2024,2024-09-30,learned_vol_interaction,20260910,0.41385174274995,0.41385174274995,0,0
annual_state_offset,3350,2024-11-15,2024-11-25,-0.0267421712161923,2024,2024-09-30,learned_vol_interaction,20260910,0.40978407838391767,0.40978407838391767,0,0
annual_state_offset,3355,2024-11-22,2024-12-02,0.0087960346887328,2024,2024-09-30,learned_vol_interaction,20260910,0.5313658042769484,0.5313658042769484,1,1
annual_state_offset,3360,2024-11-29,2024-12-09,0.0155919891551781,2024,2024-09-30,learned_vol_interaction,20260910,0.5550717836556399,0.5550717836556399,1,1
annual_state_offset,3365,2024-12-06,2024-12-16,-0.0100436703218104,2024,2024-09-30,learned_vol_interaction,20260910,0.5155855931739847,0.5155855931739847,1,0
annual_state_offset,3370,2024-12-13,2024-12-23,-0.0006690784017421,2024,2024-09-30,learned_vol_interaction,20260910,0.4374261593980381,0.4374261593980381,0,0
annual_state_offset,3375,2024-12-20,2024-12-30,0.0123595076562756,2024,2024-09-30,learned_vol_interaction,20260910,0.3700189406352799,0.3700189406352799,0,1
annual_state_offset,3380,2024-12-27,2025-01-06,-0.0504714964669198,2024,2024-09-30,learned_vol_interaction,20260910,0.34618524674916024,0.34618524674916024,0,0
annual_shared_offset,3325,2024-10-11,2024-10-21,0.0080914993282625,2024,2024-09-30,learned_vol_interaction,20260910,0.5707045524539156,0.5707045524539156,1,1
annual_shared_offset,3330,2024-10-18,2024-10-28,0.0015733867085561,2024,2024-09-30,learned_vol_interaction,20260910,0.5457998125542788,0.5457998125542788,1,1
annual_shared_offset,3335,2024-10-25,2024-11-04,-0.0140142824257356,2024,2024-09-30,learned_vol_interaction,20260910,0.5480447349870543,0.5480447349870543,1,0
annual_shared_offset,3340,2024-11-01,2024-11-11,0.0434152361258277,2024,2024-09-30,learned_vol_interaction,20260910,0.5424556290324919,0.5424556290324919,1,1
annual_shared_offset,3345,2024-11-08,2024-11-18,-0.0208584853931589,2024,2024-09-30,learned_vol_interaction,20260910,0.41385174274995,0.41385174274995,0,0
annual_shared_offset,3350,2024-11-15,2024-11-25,-0.0267421712161923,2024,2024-09-30,learned_vol_interaction,20260910,0.40978407838391767,0.40978407838391767,0,0
annual_shared_offset,3355,2024-11-22,2024-12-02,0.0087960346887328,2024,2024-09-30,learned_vol_interaction,20260910,0.5313658042769484,0.5313658042769484,1,1
annual_shared_offset,3360,2024-11-29,2024-12-09,0.0155919891551781,2024,2024-09-30,learned_vol_interaction,20260910,0.5550717836556399,0.5550717836556399,1,1
annual_shared_offset,3365,2024-12-06,2024-12-16,-0.0100436703218104,2024,2024-09-30,learned_vol_interaction,20260910,0.5155855931739847,0.5155855931739847,1,0
annual_shared_offset,3370,2024-12-13,2024-12-23,-0.0006690784017421,2024,2024-09-30,learned_vol_interaction,20260910,0.4374261593980381,0.4374261593980381,0,0
annual_shared_offset,3375,2024-12-20,2024-12-30,0.0123595076562756,2024,2024-09-30,learned_vol_interaction,20260910,0.35338198118578246,0.35338198118578246,0,1
annual_shared_offset,3380,2024-12-27,2025-01-06,-0.0504714964669198,2024,2024-09-30,learned_vol_interaction,20260910,0.33005846685244133,0.33005846685244133,0,0
annual_state_offset_half,3325,2024-10-11,2024-10-21,0.0080914993282625,2024,2024-09-30,learned_vol_interaction,20260910,0.5707045524539156,0.5707045524539156,1,1
annual_state_offset_half,3330,2024-10-18,2024-10-28,0.0015733867085561,2024,2024-09-30,learned_vol_interaction,20260910,0.5457998125542788,0.5457998125542788,1,1
annual_state_offset_half,3335,2024-10-25,2024-11-04,-0.0140142824257356,2024,2024-09-30,learned_vol_interaction,20260910,0.5480447349870543,0.5480447349870543,1,0
annual_state_offset_half,3340,2024-11-01,2024-11-11,0.0434152361258277,2024,2024-09-30,learned_vol_interaction,20260910,0.5424556290324919,0.5424556290324919,1,1
annual_state_offset_half,3345,2024-11-08,2024-11-18,-0.0208584853931589,2024,2024-09-30,learned_vol_interaction,20260910,0.41385174274995,0.41385174274995,0,0
annual_state_offset_half,3350,2024-11-15,2024-11-25,-0.0267421712161923,2024,2024-09-30,learned_vol_interaction,20260910,0.40978407838391767,0.40978407838391767,0,0
annual_state_offset_half,3355,2024-11-22,2024-12-02,0.0087960346887328,2024,2024-09-30,learned_vol_interaction,20260910,0.5313658042769484,0.5313658042769484,1,1
annual_state_offset_half,3360,2024-11-29,2024-12-09,0.0155919891551781,2024,2024-09-30,learned_vol_interaction,20260910,0.5550717836556399,0.5550717836556399,1,1
annual_state_offset_half,3365,2024-12-06,2024-12-16,-0.0100436703218104,2024,2024-09-30,learned_vol_interaction,20260910,0.5155855931739847,0.5155855931739847,1,0
annual_state_offset_half,3370,2024-12-13,2024-12-23,-0.0006690784017421,2024,2024-09-30,learned_vol_interaction,20260910,0.4374261593980381,0.4374261593980381,0,0
annual_state_offset_half,3375,2024-12-20,2024-12-30,0.0123595076562756,2024,2024-09-30,learned_vol_interaction,20260910,0.3751384019027528,0.3751384019027528,0,1
annual_state_offset_half,3380,2024-12-27,2025-01-06,-0.0504714964669198,2024,2024-09-30,learned_vol_interaction,20260910,0.35115876219300024,0.35115876219300024,0,0
annual_state_offset,3325,2024-10-11,2024-10-21,0.0080914993282625,2024,2024-09-30,learned_order_extension,20260910,0.5822023275306868,0.5822023275306868,1,1
annual_state_offset,3330,2024-10-18,2024-10-28,0.0015733867085561,2024,2024-09-30,learned_order_extension,20260910,0.5714046015164417,0.5714046015164417,1,1
annual_state_offset,3335,2024-10-25,2024-11-04,-0.0140142824257356,2024,2024-09-30,learned_order_extension,20260910,0.5699380979169686,0.5699380979169686,1,0
annual_state_offset,3340,2024-11-01,2024-11-11,0.0434152361258277,2024,2024-09-30,learned_order_extension,20260910,0.5940299307722281,0.5940299307722281,1,1
annual_state_offset,3345,2024-11-08,2024-11-18,-0.0208584853931589,2024,2024-09-30,learned_order_extension,20260910,0.411107283779769,0.411107283779769,0,0
annual_state_offset,3350,2024-11-15,2024-11-25,-0.0267421712161923,2024,2024-09-30,learned_order_extension,20260910,0.39605543665647713,0.39605543665647713,0,0
annual_state_offset,3355,2024-11-22,2024-12-02,0.0087960346887328,2024,2024-09-30,learned_order_extension,20260910,0.5115475257965196,0.5115475257965196,1,1
annual_state_offset,3360,2024-11-29,2024-12-09,0.0155919891551781,2024,2024-09-30,learned_order_extension,20260910,0.5440391301685066,0.5440391301685066,1,1
annual_state_offset,3365,2024-12-06,2024-12-16,-0.0100436703218104,2024,2024-09-30,learned_order_extension,20260910,0.49467283869914347,0.49467283869914347,0,0
annual_state_offset,3370,2024-12-13,2024-12-23,-0.0006690784017421,2024,2024-09-30,learned_order_extension,20260910,0.41586894239738387,0.41586894239738387,0,0
annual_state_offset,3375,2024-12-20,2024-12-30,0.0123595076562756,2024,2024-09-30,learned_order_extension,20260910,0.34369112686113057,0.34369112686113057,0,1
annual_state_offset,3380,2024-12-27,2025-01-06,-0.0504714964669198,2024,2024-09-30,learned_order_extension,20260910,0.3079265604384258,0.3079265604384258,0,0
annual_shared_offset,3325,2024-10-11,2024-10-21,0.0080914993282625,2024,2024-09-30,learned_order_extension,20260910,0.5822023275306868,0.5822023275306868,1,1
annual_shared_offset,3330,2024-10-18,2024-10-28,0.0015733867085561,2024,2024-09-30,learned_order_extension,20260910,0.5714046015164417,0.5714046015164417,1,1
annual_shared_offset,3335,2024-10-25,2024-11-04,-0.0140142824257356,2024,2024-09-30,learned_order_extension,20260910,0.5699380979169686,0.5699380979169686,1,0
annual_shared_offset,3340,2024-11-01,2024-11-11,0.0434152361258277,2024,2024-09-30,learned_order_extension,20260910,0.5940299307722281,0.5940299307722281,1,1
annual_shared_offset,3345,2024-11-08,2024-11-18,-0.0208584853931589,2024,2024-09-30,learned_order_extension,20260910,0.411107283779769,0.411107283779769,0,0
annual_shared_offset,3350,2024-11-15,2024-11-25,-0.0267421712161923,2024,2024-09-30,learned_order_extension,20260910,0.39605543665647713,0.39605543665647713,0,0
annual_shared_offset,3355,2024-11-22,2024-12-02,0.0087960346887328,2024,2024-09-30,learned_order_extension,20260910,0.5115475257965196,0.5115475257965196,1,1
annual_shared_offset,3360,2024-11-29,2024-12-09,0.0155919891551781,2024,2024-09-30,learned_order_extension,20260910,0.5440391301685066,0.5440391301685066,1,1
annual_shared_offset,3365,2024-12-06,2024-12-16,-0.0100436703218104,2024,2024-09-30,learned_order_extension,20260910,0.49467283869914347,0.49467283869914347,0,0
annual_shared_offset,3370,2024-12-13,2024-12-23,-0.0006690784017421,2024,2024-09-30,learned_order_extension,20260910,0.41586894239738387,0.41586894239738387,0,0
annual_shared_offset,3375,2024-12-20,2024-12-30,0.0123595076562756,2024,2024-09-30,learned_order_extension,20260910,0.32704049417359127,0.32704049417359127,0,1
annual_shared_offset,3380,2024-12-27,2025-01-06,-0.0504714964669198,2024,2024-09-30,learned_order_extension,20260910,0.29223708431573414,0.29223708431573414,0,0
annual_state_offset_half,3325,2024-10-11,2024-10-21,0.0080914993282625,2024,2024-09-30,learned_order_extension,20260910,0.5822023275306868,0.5822023275306868,1,1
annual_state_offset_half,3330,2024-10-18,2024-10-28,0.0015733867085561,2024,2024-09-30,learned_order_extension,20260910,0.5714046015164417,0.5714046015164417,1,1
annual_state_offset_half,3335,2024-10-25,2024-11-04,-0.0140142824257356,2024,2024-09-30,learned_order_extension,20260910,0.5699380979169686,0.5699380979169686,1,0
annual_state_offset_half,3340,2024-11-01,2024-11-11,0.0434152361258277,2024,2024-09-30,learned_order_extension,20260910,0.5940299307722281,0.5940299307722281,1,1
annual_state_offset_half,3345,2024-11-08,2024-11-18,-0.0208584853931589,2024,2024-09-30,learned_order_extension,20260910,0.411107283779769,0.411107283779769,0,0
annual_state_offset_half,3350,2024-11-15,2024-11-25,-0.0267421712161923,2024,2024-09-30,learned_order_extension,20260910,0.39605543665647713,0.39605543665647713,0,0
annual_state_offset_half,3355,2024-11-22,2024-12-02,0.0087960346887328,2024,2024-09-30,learned_order_extension,20260910,0.5115475257965196,0.5115475257965196,1,1
annual_state_offset_half,3360,2024-11-29,2024-12-09,0.0155919891551781,2024,2024-09-30,learned_order_extension,20260910,0.5440391301685066,0.5440391301685066,1,1
annual_state_offset_half,3365,2024-12-06,2024-12-16,-0.0100436703218104,2024,2024-09-30,learned_order_extension,20260910,0.49467283869914347,0.49467283869914347,0,0
annual_state_offset_half,3370,2024-12-13,2024-12-23,-0.0006690784017421,2024,2024-09-30,learned_order_extension,20260910,0.41586894239738387,0.41586894239738387,0,0
annual_state_offset_half,3375,2024-12-20,2024-12-30,0.0123595076562756,2024,2024-09-30,learned_order_extension,20260910,0.348815664394946,0.348815664394946,0,1
annual_state_offset_half,3380,2024-12-27,2025-01-06,-0.0504714964669198,2024,2024-09-30,learned_order_extension,20260910,0.31277196930358964,0.31277196930358964,0,0
annual_state_offset,3325,2024-10-11,2024-10-21,0.0080914993282625,2024,2024-09-30,learned_order_offset,20260910,0.5826381124149342,0.5826381124149342,1,1
annual_state_offset,3330,2024-10-18,2024-10-28,0.0015733867085561,2024,2024-09-30,learned_order_offset,20260910,0.5719329439518137,0.5719329439518137,1,1
annual_state_offset,3335,2024-10-25,2024-11-04,-0.0140142824257356,2024,2024-09-30,learned_order_offset,20260910,0.5699230458006388,0.5699230458006388,1,0
annual_state_offset,3340,2024-11-01,2024-11-11,0.0434152361258277,2024,2024-09-30,learned_order_offset,20260910,0.5943872844245232,0.5943872844245232,1,1
annual_state_offset,3345,2024-11-08,2024-11-18,-0.0208584853931589,2024,2024-09-30,learned_order_offset,20260910,0.4117587061424781,0.4117587061424781,0,0
annual_state_offset,3350,2024-11-15,2024-11-25,-0.0267421712161923,2024,2024-09-30,learned_order_offset,20260910,0.39692557218174884,0.39692557218174884,0,0
annual_state_offset,3355,2024-11-22,2024-12-02,0.0087960346887328,2024,2024-09-30,learned_order_offset,20260910,0.5105432513675927,0.5105432513675927,1,1
annual_state_offset,3360,2024-11-29,2024-12-09,0.0155919891551781,2024,2024-09-30,learned_order_offset,20260910,0.5431521172921228,0.5431521172921228,1,1
annual_state_offset,3365,2024-12-06,2024-12-16,-0.0100436703218104,2024,2024-09-30,learned_order_offset,20260910,0.4931973928594116,0.4931973928594116,0,0
annual_state_offset,3370,2024-12-13,2024-12-23,-0.0006690784017421,2024,2024-09-30,learned_order_offset,20260910,0.4157930804208651,0.4157930804208651,0,0
annual_state_offset,3375,2024-12-20,2024-12-30,0.0123595076562756,2024,2024-09-30,learned_order_offset,20260910,0.3434818906904616,0.3434818906904616,0,1
annual_state_offset,3380,2024-12-27,2025-01-06,-0.0504714964669198,2024,2024-09-30,learned_order_offset,20260910,0.3085739563896748,0.3085739563896748,0,0
annual_shared_offset,3325,2024-10-11,2024-10-21,0.0080914993282625,2024,2024-09-30,learned_order_offset,20260910,0.5826381124149342,0.5826381124149342,1,1
annual_shared_offset,3330,2024-10-18,2024-10-28,0.0015733867085561,2024,2024-09-30,learned_order_offset,20260910,0.5719329439518137,0.5719329439518137,1,1
annual_shared_offset,3335,2024-10-25,2024-11-04,-0.0140142824257356,2024,2024-09-30,learned_order_offset,20260910,0.5699230458006388,0.5699230458006388,1,0
annual_shared_offset,3340,2024-11-01,2024-11-11,0.0434152361258277,2024,2024-09-30,learned_order_offset,20260910,0.5943872844245232,0.5943872844245232,1,1
annual_shared_offset,3345,2024-11-08,2024-11-18,-0.0208584853931589,2024,2024-09-30,learned_order_offset,20260910,0.4117587061424781,0.4117587061424781,0,0
annual_shared_offset,3350,2024-11-15,2024-11-25,-0.0267421712161923,2024,2024-09-30,learned_order_offset,20260910,0.39692557218174884,0.39692557218174884,0,0
annual_shared_offset,3355,2024-11-22,2024-12-02,0.0087960346887328,2024,2024-09-30,learned_order_offset,20260910,0.5105432513675927,0.5105432513675927,1,1
annual_shared_offset,3360,2024-11-29,2024-12-09,0.0155919891551781,2024,2024-09-30,learned_order_offset,20260910,0.5431521172921228,0.5431521172921228,1,1
annual_shared_offset,3365,2024-12-06,2024-12-16,-0.0100436703218104,2024,2024-09-30,learned_order_offset,20260910,0.4931973928594116,0.4931973928594116,0,0
annual_shared_offset,3370,2024-12-13,2024-12-23,-0.0006690784017421,2024,2024-09-30,learned_order_offset,20260910,0.4157930804208651,0.4157930804208651,0,0
annual_shared_offset,3375,2024-12-20,2024-12-30,0.0123595076562756,2024,2024-09-30,learned_order_offset,20260910,0.3268160847092528,0.3268160847092528,0,1
annual_shared_offset,3380,2024-12-27,2025-01-06,-0.0504714964669198,2024,2024-09-30,learned_order_offset,20260910,0.2928463807151915,0.2928463807151915,0,0
annual_state_offset_half,3325,2024-10-11,2024-10-21,0.0080914993282625,2024,2024-09-30,learned_order_offset,20260910,0.5826381124149342,0.5826381124149342,1,1
annual_state_offset_half,3330,2024-10-18,2024-10-28,0.0015733867085561,2024,2024-09-30,learned_order_offset,20260910,0.5719329439518137,0.5719329439518137,1,1
annual_state_offset_half,3335,2024-10-25,2024-11-04,-0.0140142824257356,2024,2024-09-30,learned_order_offset,20260910,0.5699230458006388,0.5699230458006388,1,0
annual_state_offset_half,3340,2024-11-01,2024-11-11,0.0434152361258277,2024,2024-09-30,learned_order_offset,20260910,0.5943872844245232,0.5943872844245232,1,1
annual_state_offset_half,3345,2024-11-08,2024-11-18,-0.0208584853931589,2024,2024-09-30,learned_order_offset,20260910,0.4117587061424781,0.4117587061424781,0,0
annual_state_offset_half,3350,2024-11-15,2024-11-25,-0.0267421712161923,2024,2024-09-30,learned_order_offset,20260910,0.39692557218174884,0.39692557218174884,0,0
annual_state_offset_half,3355,2024-11-22,2024-12-02,0.0087960346887328,2024,2024-09-30,learned_order_offset,20260910,0.5105432513675927,0.5105432513675927,1,1
annual_state_offset_half,3360,2024-11-29,2024-12-09,0.0155919891551781,2024,2024-09-30,learned_order_offset,20260910,0.5431521172921228,0.5431521172921228,1,1
annual_state_offset_half,3365,2024-12-06,2024-12-16,-0.0100436703218104,2024,2024-09-30,learned_order_offset,20260910,0.4931973928594116,0.4931973928594116,0,0
annual_state_offset_half,3370,2024-12-13,2024-12-23,-0.0006690784017421,2024,2024-09-30,learned_order_offset,20260910,0.4157930804208651,0.4157930804208651,0,0
annual_state_offset_half,3375,2024-12-20,2024-12-30,0.0123595076562756,2024,2024-09-30,learned_order_offset,20260910,0.3485515474517153,0.3485515474517153,0,1
annual_state_offset_half,3380,2024-12-27,2025-01-06,-0.0504714964669198,2024,2024-09-30,learned_order_offset,20260910,0.3133743181466665,0.3133743181466665,0,0
annual_state_offset,3325,2024-10-11,2024-10-21,0.0080914993282625,2024,2024-09-30,learned_market,20260911,0.7037035552786773,0.7037035552786773,1,1
annual_state_offset,3330,2024-10-18,2024-10-28,0.0015733867085561,2024,2024-09-30,learned_market,20260911,0.6276974127279125,0.6276974127279125,1,1
annual_state_offset,3335,2024-10-25,2024-11-04,-0.0140142824257356,2024,2024-09-30,learned_market,20260911,0.45809633325380006,0.45809633325380006,0,0
annual_state_offset,3340,2024-11-01,2024-11-11,0.0434152361258277,2024,2024-09-30,learned_market,20260911,0.4000970572378428,0.4000970572378428,0,1
annual_state_offset,3345,2024-11-08,2024-11-18,-0.0208584853931589,2024,2024-09-30,learned_market,20260911,0.40593736915879713,0.40593736915879713,0,0
annual_state_offset,3350,2024-11-15,2024-11-25,-0.0267421712161923,2024,2024-09-30,learned_market,20260911,0.455730074665633,0.455730074665633,0,0
annual_state_offset,3355,2024-11-22,2024-12-02,0.0087960346887328,2024,2024-09-30,learned_market,20260911,0.3896395612224614,0.3896395612224614,0,1
annual_state_offset,3360,2024-11-29,2024-12-09,0.0155919891551781,2024,2024-09-30,learned_market,20260911,0.5648004239815676,0.5648004239815676,1,1
annual_state_offset,3365,2024-12-06,2024-12-16,-0.0100436703218104,2024,2024-09-30,learned_market,20260911,0.4339892041348209,0.4339892041348209,0,0
annual_state_offset,3370,2024-12-13,2024-12-23,-0.0006690784017421,2024,2024-09-30,learned_market,20260911,0.31485157623264104,0.31485157623264104,0,0
annual_state_offset,3375,2024-12-20,2024-12-30,0.0123595076562756,2024,2024-09-30,learned_market,20260911,0.2784617783884336,0.2784617783884336,0,1
annual_state_offset,3380,2024-12-27,2025-01-06,-0.0504714964669198,2024,2024-09-30,learned_market,20260911,0.5353860334289018,0.5353860334289018,1,0
annual_shared_offset,3325,2024-10-11,2024-10-21,0.0080914993282625,2024,2024-09-30,learned_market,20260911,0.7037035552786773,0.7037035552786773,1,1
annual_shared_offset,3330,2024-10-18,2024-10-28,0.0015733867085561,2024,2024-09-30,learned_market,20260911,0.6276974127279125,0.6276974127279125,1,1
annual_shared_offset,3335,2024-10-25,2024-11-04,-0.0140142824257356,2024,2024-09-30,learned_market,20260911,0.45809633325380006,0.45809633325380006,0,0
annual_shared_offset,3340,2024-11-01,2024-11-11,0.0434152361258277,2024,2024-09-30,learned_market,20260911,0.4000970572378428,0.4000970572378428,0,1
annual_shared_offset,3345,2024-11-08,2024-11-18,-0.0208584853931589,2024,2024-09-30,learned_market,20260911,0.40593736915879713,0.40593736915879713,0,0
annual_shared_offset,3350,2024-11-15,2024-11-25,-0.0267421712161923,2024,2024-09-30,learned_market,20260911,0.455730074665633,0.455730074665633,0,0
annual_shared_offset,3355,2024-11-22,2024-12-02,0.0087960346887328,2024,2024-09-30,learned_market,20260911,0.3896395612224614,0.3896395612224614,0,1
annual_shared_offset,3360,2024-11-29,2024-12-09,0.0155919891551781,2024,2024-09-30,learned_market,20260911,0.5648004239815676,0.5648004239815676,1,1
annual_shared_offset,3365,2024-12-06,2024-12-16,-0.0100436703218104,2024,2024-09-30,learned_market,20260911,0.4339892041348209,0.4339892041348209,0,0
annual_shared_offset,3370,2024-12-13,2024-12-23,-0.0006690784017421,2024,2024-09-30,learned_market,20260911,0.31485157623264104,0.31485157623264104,0,0
annual_shared_offset,3375,2024-12-20,2024-12-30,0.0123595076562756,2024,2024-09-30,learned_market,20260911,0.28464723204294634,0.28464723204294634,0,1
annual_shared_offset,3380,2024-12-27,2025-01-06,-0.0504714964669198,2024,2024-09-30,learned_market,20260911,0.5429837722763597,0.5429837722763597,1,0
annual_state_offset_half,3325,2024-10-11,2024-10-21,0.0080914993282625,2024,2024-09-30,learned_market,20260911,0.7037035552786773,0.7037035552786773,1,1
annual_state_offset_half,3330,2024-10-18,2024-10-28,0.0015733867085561,2024,2024-09-30,learned_market,20260911,0.6276974127279125,0.6276974127279125,1,1
annual_state_offset_half,3335,2024-10-25,2024-11-04,-0.0140142824257356,2024,2024-09-30,learned_market,20260911,0.45809633325380006,0.45809633325380006,0,0
annual_state_offset_half,3340,2024-11-01,2024-11-11,0.0434152361258277,2024,2024-09-30,learned_market,20260911,0.4000970572378428,0.4000970572378428,0,1
annual_state_offset_half,3345,2024-11-08,2024-11-18,-0.0208584853931589,2024,2024-09-30,learned_market,20260911,0.40593736915879713,0.40593736915879713,0,0
annual_state_offset_half,3350,2024-11-15,2024-11-25,-0.0267421712161923,2024,2024-09-30,learned_market,20260911,0.455730074665633,0.455730074665633,0,0
annual_state_offset_half,3355,2024-11-22,2024-12-02,0.0087960346887328,2024,2024-09-30,learned_market,20260911,0.3896395612224614,0.3896395612224614,0,1
annual_state_offset_half,3360,2024-11-29,2024-12-09,0.0155919891551781,2024,2024-09-30,learned_market,20260911,0.5648004239815676,0.5648004239815676,1,1
annual_state_offset_half,3365,2024-12-06,2024-12-16,-0.0100436703218104,2024,2024-09-30,learned_market,20260911,0.4339892041348209,0.4339892041348209,0,0
annual_state_offset_half,3370,2024-12-13,2024-12-23,-0.0006690784017421,2024,2024-09-30,learned_market,20260911,0.31485157623264104,0.31485157623264104,0,0
annual_state_offset_half,3375,2024-12-20,2024-12-30,0.0123595076562756,2024,2024-09-30,learned_market,20260911,0.2935822719069473,0.2935822719069473,0,1
annual_state_offset_half,3380,2024-12-27,2025-01-06,-0.0504714964669198,2024,2024-09-30,learned_market,20260911,0.5537507130796444,0.5537507130796444,1,0
annual_state_offset,3325,2024-10-11,2024-10-21,0.0080914993282625,2024,2024-09-30,learned_vol_interaction,20260911,0.7018703597644868,0.7018703597644868,1,1
annual_state_offset,3330,2024-10-18,2024-10-28,0.0015733867085561,2024,2024-09-30,learned_vol_interaction,20260911,0.6274387204351971,0.6274387204351971,1,1
annual_state_offset,3335,2024-10-25,2024-11-04,-0.0140142824257356,2024,2024-09-30,learned_vol_interaction,20260911,0.4612473434817257,0.4612473434817257,0,0
annual_state_offset,3340,2024-11-01,2024-11-11,0.0434152361258277,2024,2024-09-30,learned_vol_interaction,20260911,0.40396264616491484,0.40396264616491484,0,1
annual_state_offset,3345,2024-11-08,2024-11-18,-0.0208584853931589,2024,2024-09-30,learned_vol_interaction,20260911,0.4058838104038455,0.4058838104038455,0,0
annual_state_offset,3350,2024-11-15,2024-11-25,-0.0267421712161923,2024,2024-09-30,learned_vol_interaction,20260911,0.4556461044457154,0.4556461044457154,0,0
annual_state_offset,3355,2024-11-22,2024-12-02,0.0087960346887328,2024,2024-09-30,learned_vol_interaction,20260911,0.3897555680643098,0.3897555680643098,0,1
annual_state_offset,3360,2024-11-29,2024-12-09,0.0155919891551781,2024,2024-09-30,learned_vol_interaction,20260911,0.5639943448578677,0.5639943448578677,1,1
annual_state_offset,3365,2024-12-06,2024-12-16,-0.0100436703218104,2024,2024-09-30,learned_vol_interaction,20260911,0.43406190636390596,0.43406190636390596,0,0
annual_state_offset,3370,2024-12-13,2024-12-23,-0.0006690784017421,2024,2024-09-30,learned_vol_interaction,20260911,0.31406271260453134,0.31406271260453134,0,0
annual_state_offset,3375,2024-12-20,2024-12-30,0.0123595076562756,2024,2024-09-30,learned_vol_interaction,20260911,0.2778428698522217,0.2778428698522217,0,1
annual_state_offset,3380,2024-12-27,2025-01-06,-0.0504714964669198,2024,2024-09-30,learned_vol_interaction,20260911,0.5360344967358659,0.5360344967358659,1,0
annual_shared_offset,3325,2024-10-11,2024-10-21,0.0080914993282625,2024,2024-09-30,learned_vol_interaction,20260911,0.7018703597644868,0.7018703597644868,1,1
annual_shared_offset,3330,2024-10-18,2024-10-28,0.0015733867085561,2024,2024-09-30,learned_vol_interaction,20260911,0.6274387204351971,0.6274387204351971,1,1
annual_shared_offset,3335,2024-10-25,2024-11-04,-0.0140142824257356,2024,2024-09-30,learned_vol_interaction,20260911,0.4612473434817257,0.4612473434817257,0,0
annual_shared_offset,3340,2024-11-01,2024-11-11,0.0434152361258277,2024,2024-09-30,learned_vol_interaction,20260911,0.40396264616491484,0.40396264616491484,0,1
annual_shared_offset,3345,2024-11-08,2024-11-18,-0.0208584853931589,2024,2024-09-30,learned_vol_interaction,20260911,0.4058838104038455,0.4058838104038455,0,0
annual_shared_offset,3350,2024-11-15,2024-11-25,-0.0267421712161923,2024,2024-09-30,learned_vol_interaction,20260911,0.4556461044457154,0.4556461044457154,0,0
annual_shared_offset,3355,2024-11-22,2024-12-02,0.0087960346887328,2024,2024-09-30,learned_vol_interaction,20260911,0.3897555680643098,0.3897555680643098,0,1
annual_shared_offset,3360,2024-11-29,2024-12-09,0.0155919891551781,2024,2024-09-30,learned_vol_interaction,20260911,0.5639943448578677,0.5639943448578677,1,1
annual_shared_offset,3365,2024-12-06,2024-12-16,-0.0100436703218104,2024,2024-09-30,learned_vol_interaction,20260911,0.43406190636390596,0.43406190636390596,0,0
annual_shared_offset,3370,2024-12-13,2024-12-23,-0.0006690784017421,2024,2024-09-30,learned_vol_interaction,20260911,0.31406271260453134,0.31406271260453134,0,0
annual_shared_offset,3375,2024-12-20,2024-12-30,0.0123595076562756,2024,2024-09-30,learned_vol_interaction,20260911,0.2840221924207561,0.2840221924207561,0,1
annual_shared_offset,3380,2024-12-27,2025-01-06,-0.0504714964669198,2024,2024-09-30,learned_vol_interaction,20260911,0.5436333608537804,0.5436333608537804,1,0
annual_state_offset_half,3325,2024-10-11,2024-10-21,0.0080914993282625,2024,2024-09-30,learned_vol_interaction,20260911,0.7018703597644868,0.7018703597644868,1,1
annual_state_offset_half,3330,2024-10-18,2024-10-28,0.0015733867085561,2024,2024-09-30,learned_vol_interaction,20260911,0.6274387204351971,0.6274387204351971,1,1
annual_state_offset_half,3335,2024-10-25,2024-11-04,-0.0140142824257356,2024,2024-09-30,learned_vol_interaction,20260911,0.4612473434817257,0.4612473434817257,0,0
annual_state_offset_half,3340,2024-11-01,2024-11-11,0.0434152361258277,2024,2024-09-30,learned_vol_interaction,20260911,0.40396264616491484,0.40396264616491484,0,1
annual_state_offset_half,3345,2024-11-08,2024-11-18,-0.0208584853931589,2024,2024-09-30,learned_vol_interaction,20260911,0.4058838104038455,0.4058838104038455,0,0
annual_state_offset_half,3350,2024-11-15,2024-11-25,-0.0267421712161923,2024,2024-09-30,learned_vol_interaction,20260911,0.4556461044457154,0.4556461044457154,0,0
annual_state_offset_half,3355,2024-11-22,2024-12-02,0.0087960346887328,2024,2024-09-30,learned_vol_interaction,20260911,0.3897555680643098,0.3897555680643098,0,1
annual_state_offset_half,3360,2024-11-29,2024-12-09,0.0155919891551781,2024,2024-09-30,learned_vol_interaction,20260911,0.5639943448578677,0.5639943448578677,1,1
annual_state_offset_half,3365,2024-12-06,2024-12-16,-0.0100436703218104,2024,2024-09-30,learned_vol_interaction,20260911,0.43406190636390596,0.43406190636390596,0,0
annual_state_offset_half,3370,2024-12-13,2024-12-23,-0.0006690784017421,2024,2024-09-30,learned_vol_interaction,20260911,0.31406271260453134,0.31406271260453134,0,0
annual_state_offset_half,3375,2024-12-20,2024-12-30,0.0123595076562756,2024,2024-09-30,learned_vol_interaction,20260911,0.29294759006566856,0.29294759006566856,0,1
annual_state_offset_half,3380,2024-12-27,2025-01-06,-0.0504714964669198,2024,2024-09-30,learned_vol_interaction,20260911,0.5543998745204604,0.5543998745204604,1,0
annual_state_offset,3325,2024-10-11,2024-10-21,0.0080914993282625,2024,2024-09-30,learned_order_extension,20260911,0.6645766250551,0.6645766250551,1,1
annual_state_offset,3330,2024-10-18,2024-10-28,0.0015733867085561,2024,2024-09-30,learned_order_extension,20260911,0.6217401283532429,0.6217401283532429,1,1
annual_state_offset,3335,2024-10-25,2024-11-04,-0.0140142824257356,2024,2024-09-30,learned_order_extension,20260911,0.516035023904667,0.516035023904667,1,0
annual_state_offset,3340,2024-11-01,2024-11-11,0.0434152361258277,2024,2024-09-30,learned_order_extension,20260911,0.5005097124804287,0.5005097124804287,1,1
annual_state_offset,3345,2024-11-08,2024-11-18,-0.0208584853931589,2024,2024-09-30,learned_order_extension,20260911,0.3862789521746162,0.3862789521746162,0,0
annual_state_offset,3350,2024-11-15,2024-11-25,-0.0267421712161923,2024,2024-09-30,learned_order_extension,20260911,0.42164042720008793,0.42164042720008793,0,0
annual_state_offset,3355,2024-11-22,2024-12-02,0.0087960346887328,2024,2024-09-30,learned_order_extension,20260911,0.3587358053522859,0.3587358053522859,0,1
annual_state_offset,3360,2024-11-29,2024-12-09,0.0155919891551781,2024,2024-09-30,learned_order_extension,20260911,0.5668511595937642,0.5668511595937642,1,1
annual_state_offset,3365,2024-12-06,2024-12-16,-0.0100436703218104,2024,2024-09-30,learned_order_extension,20260911,0.4286991101928549,0.4286991101928549,0,0
annual_state_offset,3370,2024-12-13,2024-12-23,-0.0006690784017421,2024,2024-09-30,learned_order_extension,20260911,0.2761154663058125,0.2761154663058125,0,0
annual_state_offset,3375,2024-12-20,2024-12-30,0.0123595076562756,2024,2024-09-30,learned_order_extension,20260911,0.25205016890910914,0.25205016890910914,0,1
annual_state_offset,3380,2024-12-27,2025-01-06,-0.0504714964669198,2024,2024-09-30,learned_order_extension,20260911,0.6055492158563833,0.6055492158563833,1,0
annual_shared_offset,3325,2024-10-11,2024-10-21,0.0080914993282625,2024,2024-09-30,learned_order_extension,20260911,0.6645766250551,0.6645766250551,1,1
annual_shared_offset,3330,2024-10-18,2024-10-28,0.0015733867085561,2024,2024-09-30,learned_order_extension,20260911,0.6217401283532429,0.6217401283532429,1,1
annual_shared_offset,3335,2024-10-25,2024-11-04,-0.0140142824257356,2024,2024-09-30,learned_order_extension,20260911,0.516035023904667,0.516035023904667,1,0
annual_shared_offset,3340,2024-11-01,2024-11-11,0.0434152361258277,2024,2024-09-30,learned_order_extension,20260911,0.5005097124804287,0.5005097124804287,1,1
annual_shared_offset,3345,2024-11-08,2024-11-18,-0.0208584853931589,2024,2024-09-30,learned_order_extension,20260911,0.3862789521746162,0.3862789521746162,0,0
annual_shared_offset,3350,2024-11-15,2024-11-25,-0.0267421712161923,2024,2024-09-30,learned_order_extension,20260911,0.42164042720008793,0.42164042720008793,0,0
annual_shared_offset,3355,2024-11-22,2024-12-02,0.0087960346887328,2024,2024-09-30,learned_order_extension,20260911,0.3587358053522859,0.3587358053522859,0,1
annual_shared_offset,3360,2024-11-29,2024-12-09,0.0155919891551781,2024,2024-09-30,learned_order_extension,20260911,0.5668511595937642,0.5668511595937642,1,1
annual_shared_offset,3365,2024-12-06,2024-12-16,-0.0100436703218104,2024,2024-09-30,learned_order_extension,20260911,0.4286991101928549,0.4286991101928549,0,0
annual_shared_offset,3370,2024-12-13,2024-12-23,-0.0006690784017421,2024,2024-09-30,learned_order_extension,20260911,0.2761154663058125,0.2761154663058125,0,0
annual_shared_offset,3375,2024-12-20,2024-12-30,0.0123595076562756,2024,2024-09-30,learned_order_extension,20260911,0.2459662286664771,0.2459662286664771,0,1
annual_shared_offset,3380,2024-12-27,2025-01-06,-0.0504714964669198,2024,2024-09-30,learned_order_extension,20260911,0.5977517998506181,0.5977517998506181,1,0
annual_state_offset_half,3325,2024-10-11,2024-10-21,0.0080914993282625,2024,2024-09-30,learned_order_extension,20260911,0.6645766250551,0.6645766250551,1,1
annual_state_offset_half,3330,2024-10-18,2024-10-28,0.0015733867085561,2024,2024-09-30,learned_order_extension,20260911,0.6217401283532429,0.6217401283532429,1,1
annual_state_offset_half,3335,2024-10-25,2024-11-04,-0.0140142824257356,2024,2024-09-30,learned_order_extension,20260911,0.516035023904667,0.516035023904667,1,0
annual_state_offset_half,3340,2024-11-01,2024-11-11,0.0434152361258277,2024,2024-09-30,learned_order_extension,20260911,0.5005097124804287,0.5005097124804287,1,1
annual_state_offset_half,3345,2024-11-08,2024-11-18,-0.0208584853931589,2024,2024-09-30,learned_order_extension,20260911,0.3862789521746162,0.3862789521746162,0,0
annual_state_offset_half,3350,2024-11-15,2024-11-25,-0.0267421712161923,2024,2024-09-30,learned_order_extension,20260911,0.42164042720008793,0.42164042720008793,0,0
annual_state_offset_half,3355,2024-11-22,2024-12-02,0.0087960346887328,2024,2024-09-30,learned_order_extension,20260911,0.3587358053522859,0.3587358053522859,0,1
annual_state_offset_half,3360,2024-11-29,2024-12-09,0.0155919891551781,2024,2024-09-30,learned_order_extension,20260911,0.5668511595937642,0.5668511595937642,1,1
annual_state_offset_half,3365,2024-12-06,2024-12-16,-0.0100436703218104,2024,2024-09-30,learned_order_extension,20260911,0.4286991101928549,0.4286991101928549,0,0
annual_state_offset_half,3370,2024-12-13,2024-12-23,-0.0006690784017421,2024,2024-09-30,learned_order_extension,20260911,0.2761154663058125,0.2761154663058125,0,0
annual_state_offset_half,3375,2024-12-20,2024-12-30,0.0123595076562756,2024,2024-09-30,learned_order_extension,20260911,0.2600176585840584,0.2600176585840584,0,1
annual_state_offset_half,3380,2024-12-27,2025-01-06,-0.0504714964669198,2024,2024-09-30,learned_order_extension,20260911,0.615495570803361,0.615495570803361,1,0
annual_state_offset,3325,2024-10-11,2024-10-21,0.0080914993282625,2024,2024-09-30,learned_order_offset,20260911,0.6643779049639545,0.6643779049639545,1,1
annual_state_offset,3330,2024-10-18,2024-10-28,0.0015733867085561,2024,2024-09-30,learned_order_offset,20260911,0.6227872251882844,0.6227872251882844,1,1
annual_state_offset,3335,2024-10-25,2024-11-04,-0.0140142824257356,2024,2024-09-30,learned_order_offset,20260911,0.5165538018073565,0.5165538018073565,1,0
annual_state_offset,3340,2024-11-01,2024-11-11,0.0434152361258277,2024,2024-09-30,learned_order_offset,20260911,0.5002268984226751,0.5002268984226751,1,1
annual_state_offset,3345,2024-11-08,2024-11-18,-0.0208584853931589,2024,2024-09-30,learned_order_offset,20260911,0.3875660008845143,0.3875660008845143,0,0
annual_state_offset,3350,2024-11-15,2024-11-25,-0.0267421712161923,2024,2024-09-30,learned_order_offset,20260911,0.42067738369660546,0.42067738369660546,0,0
annual_state_offset,3355,2024-11-22,2024-12-02,0.0087960346887328,2024,2024-09-30,learned_order_offset,20260911,0.359617784320977,0.359617784320977,0,1
annual_state_offset,3360,2024-11-29,2024-12-09,0.0155919891551781,2024,2024-09-30,learned_order_offset,20260911,0.5668993585118391,0.5668993585118391,1,1
annual_state_offset,3365,2024-12-06,2024-12-16,-0.0100436703218104,2024,2024-09-30,learned_order_offset,20260911,0.4285689114501956,0.4285689114501956,0,0
annual_state_offset,3370,2024-12-13,2024-12-23,-0.0006690784017421,2024,2024-09-30,learned_order_offset,20260911,0.277133608311407,0.277133608311407,0,0
annual_state_offset,3375,2024-12-20,2024-12-30,0.0123595076562756,2024,2024-09-30,learned_order_offset,20260911,0.25402038686567424,0.25402038686567424,0,1
annual_state_offset,3380,2024-12-27,2025-01-06,-0.0504714964669198,2024,2024-09-30,learned_order_offset,20260911,0.6050159724160318,0.6050159724160318,1,0
annual_shared_offset,3325,2024-10-11,2024-10-21,0.0080914993282625,2024,2024-09-30,learned_order_offset,20260911,0.6643779049639545,0.6643779049639545,1,1
annual_shared_offset,3330,2024-10-18,2024-10-28,0.0015733867085561,2024,2024-09-30,learned_order_offset,20260911,0.6227872251882844,0.6227872251882844,1,1
annual_shared_offset,3335,2024-10-25,2024-11-04,-0.0140142824257356,2024,2024-09-30,learned_order_offset,20260911,0.5165538018073565,0.5165538018073565,1,0
annual_shared_offset,3340,2024-11-01,2024-11-11,0.0434152361258277,2024,2024-09-30,learned_order_offset,20260911,0.5002268984226751,0.5002268984226751,1,1
annual_shared_offset,3345,2024-11-08,2024-11-18,-0.0208584853931589,2024,2024-09-30,learned_order_offset,20260911,0.3875660008845143,0.3875660008845143,0,0
annual_shared_offset,3350,2024-11-15,2024-11-25,-0.0267421712161923,2024,2024-09-30,learned_order_offset,20260911,0.42067738369660546,0.42067738369660546,0,0
annual_shared_offset,3355,2024-11-22,2024-12-02,0.0087960346887328,2024,2024-09-30,learned_order_offset,20260911,0.359617784320977,0.359617784320977,0,1
annual_shared_offset,3360,2024-11-29,2024-12-09,0.0155919891551781,2024,2024-09-30,learned_order_offset,20260911,0.5668993585118391,0.5668993585118391,1,1
annual_shared_offset,3365,2024-12-06,2024-12-16,-0.0100436703218104,2024,2024-09-30,learned_order_offset,20260911,0.4285689114501956,0.4285689114501956,0,0
annual_shared_offset,3370,2024-12-13,2024-12-23,-0.0006690784017421,2024,2024-09-30,learned_order_offset,20260911,0.277133608311407,0.277133608311407,0,0
annual_shared_offset,3375,2024-12-20,2024-12-30,0.0123595076562756,2024,2024-09-30,learned_order_offset,20260911,0.24747844749419884,0.24747844749419884,0,1
annual_shared_offset,3380,2024-12-27,2025-01-06,-0.0504714964669198,2024,2024-09-30,learned_order_offset,20260911,0.5966647113511275,0.5966647113511275,1,0
annual_state_offset_half,3325,2024-10-11,2024-10-21,0.0080914993282625,2024,2024-09-30,learned_order_offset,20260911,0.6643779049639545,0.6643779049639545,1,1
annual_state_offset_half,3330,2024-10-18,2024-10-28,0.0015733867085561,2024,2024-09-30,learned_order_offset,20260911,0.6227872251882844,0.6227872251882844,1,1
annual_state_offset_half,3335,2024-10-25,2024-11-04,-0.0140142824257356,2024,2024-09-30,learned_order_offset,20260911,0.5165538018073565,0.5165538018073565,1,0
annual_state_offset_half,3340,2024-11-01,2024-11-11,0.0434152361258277,2024,2024-09-30,learned_order_offset,20260911,0.5002268984226751,0.5002268984226751,1,1
annual_state_offset_half,3345,2024-11-08,2024-11-18,-0.0208584853931589,2024,2024-09-30,learned_order_offset,20260911,0.3875660008845143,0.3875660008845143,0,0
annual_state_offset_half,3350,2024-11-15,2024-11-25,-0.0267421712161923,2024,2024-09-30,learned_order_offset,20260911,0.42067738369660546,0.42067738369660546,0,0
annual_state_offset_half,3355,2024-11-22,2024-12-02,0.0087960346887328,2024,2024-09-30,learned_order_offset,20260911,0.359617784320977,0.359617784320977,0,1
annual_state_offset_half,3360,2024-11-29,2024-12-09,0.0155919891551781,2024,2024-09-30,learned_order_offset,20260911,0.5668993585118391,0.5668993585118391,1,1
annual_state_offset_half,3365,2024-12-06,2024-12-16,-0.0100436703218104,2024,2024-09-30,learned_order_offset,20260911,0.4285689114501956,0.4285689114501956,0,0
annual_state_offset_half,3370,2024-12-13,2024-12-23,-0.0006690784017421,2024,2024-09-30,learned_order_offset,20260911,0.277133608311407,0.277133608311407,0,0
annual_state_offset_half,3375,2024-12-20,2024-12-30,0.0123595076562756,2024,2024-09-30,learned_order_offset,20260911,0.26173961151431846,0.26173961151431846,0,1
annual_state_offset_half,3380,2024-12-27,2025-01-06,-0.0504714964669198,2024,2024-09-30,learned_order_offset,20260911,0.614613489406728,0.614613489406728,1,0
annual_state_offset,3325,2024-10-11,2024-10-21,0.0080914993282625,2024,2024-09-30,learned_market,20260912,0.6391238419546599,0.6391238419546599,1,1
annual_state_offset,3330,2024-10-18,2024-10-28,0.0015733867085561,2024,2024-09-30,learned_market,20260912,0.7479133612500116,0.7479133612500116,1,1
annual_state_offset,3335,2024-10-25,2024-11-04,-0.0140142824257356,2024,2024-09-30,learned_market,20260912,0.7047213785907145,0.7047213785907145,1,0
annual_state_offset,3340,2024-11-01,2024-11-11,0.0434152361258277,2024,2024-09-30,learned_market,20260912,0.7564382143782475,0.7564382143782475,1,1
annual_state_offset,3345,2024-11-08,2024-11-18,-0.0208584853931589,2024,2024-09-30,learned_market,20260912,0.6534693612294474,0.6534693612294474,1,0
annual_state_offset,3350,2024-11-15,2024-11-25,-0.0267421712161923,2024,2024-09-30,learned_market,20260912,0.6053975436260323,0.6053975436260323,1,0
annual_state_offset,3355,2024-11-22,2024-12-02,0.0087960346887328,2024,2024-09-30,learned_market,20260912,0.6365936876664182,0.6365936876664182,1,1
annual_state_offset,3360,2024-11-29,2024-12-09,0.0155919891551781,2024,2024-09-30,learned_market,20260912,0.5579955410836633,0.5579955410836633,1,1
annual_state_offset,3365,2024-12-06,2024-12-16,-0.0100436703218104,2024,2024-09-30,learned_market,20260912,0.541404145848568,0.541404145848568,1,0
annual_state_offset,3370,2024-12-13,2024-12-23,-0.0006690784017421,2024,2024-09-30,learned_market,20260912,0.39882455300182545,0.39882455300182545,0,0
annual_state_offset,3375,2024-12-20,2024-12-30,0.0123595076562756,2024,2024-09-30,learned_market,20260912,0.29822293018950385,0.29822293018950385,0,1
annual_state_offset,3380,2024-12-27,2025-01-06,-0.0504714964669198,2024,2024-09-30,learned_market,20260912,0.26530339073203646,0.26530339073203646,0,0
annual_shared_offset,3325,2024-10-11,2024-10-21,0.0080914993282625,2024,2024-09-30,learned_market,20260912,0.6391238419546599,0.6391238419546599,1,1
annual_shared_offset,3330,2024-10-18,2024-10-28,0.0015733867085561,2024,2024-09-30,learned_market,20260912,0.7479133612500116,0.7479133612500116,1,1
annual_shared_offset,3335,2024-10-25,2024-11-04,-0.0140142824257356,2024,2024-09-30,learned_market,20260912,0.7047213785907145,0.7047213785907145,1,0
annual_shared_offset,3340,2024-11-01,2024-11-11,0.0434152361258277,2024,2024-09-30,learned_market,20260912,0.7564382143782475,0.7564382143782475,1,1
annual_shared_offset,3345,2024-11-08,2024-11-18,-0.0208584853931589,2024,2024-09-30,learned_market,20260912,0.6534693612294474,0.6534693612294474,1,0
annual_shared_offset,3350,2024-11-15,2024-11-25,-0.0267421712161923,2024,2024-09-30,learned_market,20260912,0.6053975436260323,0.6053975436260323,1,0
annual_shared_offset,3355,2024-11-22,2024-12-02,0.0087960346887328,2024,2024-09-30,learned_market,20260912,0.6365936876664182,0.6365936876664182,1,1
annual_shared_offset,3360,2024-11-29,2024-12-09,0.0155919891551781,2024,2024-09-30,learned_market,20260912,0.5579955410836633,0.5579955410836633,1,1
annual_shared_offset,3365,2024-12-06,2024-12-16,-0.0100436703218104,2024,2024-09-30,learned_market,20260912,0.541404145848568,0.541404145848568,1,0
annual_shared_offset,3370,2024-12-13,2024-12-23,-0.0006690784017421,2024,2024-09-30,learned_market,20260912,0.39882455300182545,0.39882455300182545,0,0
annual_shared_offset,3375,2024-12-20,2024-12-30,0.0123595076562756,2024,2024-09-30,learned_market,20260912,0.29345783265364195,0.29345783265364195,0,1
annual_shared_offset,3380,2024-12-27,2025-01-06,-0.0504714964669198,2024,2024-09-30,learned_market,20260912,0.2608687643968134,0.2608687643968134,0,0
annual_state_offset_half,3325,2024-10-11,2024-10-21,0.0080914993282625,2024,2024-09-30,learned_market,20260912,0.6391238419546599,0.6391238419546599,1,1
annual_state_offset_half,3330,2024-10-18,2024-10-28,0.0015733867085561,2024,2024-09-30,learned_market,20260912,0.7479133612500116,0.7479133612500116,1,1
annual_state_offset_half,3335,2024-10-25,2024-11-04,-0.0140142824257356,2024,2024-09-30,learned_market,20260912,0.7047213785907145,0.7047213785907145,1,0
annual_state_offset_half,3340,2024-11-01,2024-11-11,0.0434152361258277,2024,2024-09-30,learned_market,20260912,0.7564382143782475,0.7564382143782475,1,1
annual_state_offset_half,3345,2024-11-08,2024-11-18,-0.0208584853931589,2024,2024-09-30,learned_market,20260912,0.6534693612294474,0.6534693612294474,1,0
annual_state_offset_half,3350,2024-11-15,2024-11-25,-0.0267421712161923,2024,2024-09-30,learned_market,20260912,0.6053975436260323,0.6053975436260323,1,0
annual_state_offset_half,3355,2024-11-22,2024-12-02,0.0087960346887328,2024,2024-09-30,learned_market,20260912,0.6365936876664182,0.6365936876664182,1,1
annual_state_offset_half,3360,2024-11-29,2024-12-09,0.0155919891551781,2024,2024-09-30,learned_market,20260912,0.5579955410836633,0.5579955410836633,1,1
annual_state_offset_half,3365,2024-12-06,2024-12-16,-0.0100436703218104,2024,2024-09-30,learned_market,20260912,0.541404145848568,0.541404145848568,1,0
annual_state_offset_half,3370,2024-12-13,2024-12-23,-0.0006690784017421,2024,2024-09-30,learned_market,20260912,0.39882455300182545,0.39882455300182545,0,0
annual_state_offset_half,3375,2024-12-20,2024-12-30,0.0123595076562756,2024,2024-09-30,learned_market,20260912,0.30662104610132146,0.30662104610132146,0,1
annual_state_offset_half,3380,2024-12-27,2025-01-06,-0.0504714964669198,2024,2024-09-30,learned_market,20260912,0.2731352805001023,0.2731352805001023,0,0
annual_state_offset,3325,2024-10-11,2024-10-21,0.0080914993282625,2024,2024-09-30,learned_vol_interaction,20260912,0.6154592441744525,0.6154592441744525,1,1
annual_state_offset,3330,2024-10-18,2024-10-28,0.0015733867085561,2024,2024-09-30,learned_vol_interaction,20260912,0.6984112732542341,0.6984112732542341,1,1
annual_state_offset,3335,2024-10-25,2024-11-04,-0.0140142824257356,2024,2024-09-30,learned_vol_interaction,20260912,0.6614014700577392,0.6614014700577392,1,0
annual_state_offset,3340,2024-11-01,2024-11-11,0.0434152361258277,2024,2024-09-30,learned_vol_interaction,20260912,0.6960317071765945,0.6960317071765945,1,1
annual_state_offset,3345,2024-11-08,2024-11-18,-0.0208584853931589,2024,2024-09-30,learned_vol_interaction,20260912,0.627992228455405,0.627992228455405,1,0
annual_state_offset,3350,2024-11-15,2024-11-25,-0.0267421712161923,2024,2024-09-30,learned_vol_interaction,20260912,0.600402896142829,0.600402896142829,1,0
annual_state_offset,3355,2024-11-22,2024-12-02,0.0087960346887328,2024,2024-09-30,learned_vol_interaction,20260912,0.6257055825822537,0.6257055825822537,1,1
annual_state_offset,3360,2024-11-29,2024-12-09,0.0155919891551781,2024,2024-09-30,learned_vol_interaction,20260912,0.5403979506938085,0.5403979506938085,1,1
annual_state_offset,3365,2024-12-06,2024-12-16,-0.0100436703218104,2024,2024-09-30,learned_vol_interaction,20260912,0.5359614220710596,0.5359614220710596,1,0
annual_state_offset,3370,2024-12-13,2024-12-23,-0.0006690784017421,2024,2024-09-30,learned_vol_interaction,20260912,0.4004266447398538,0.4004266447398538,0,0
annual_state_offset,3375,2024-12-20,2024-12-30,0.0123595076562756,2024,2024-09-30,learned_vol_interaction,20260912,0.2991417213210992,0.2991417213210992,0,1
annual_state_offset,3380,2024-12-27,2025-01-06,-0.0504714964669198,2024,2024-09-30,learned_vol_interaction,20260912,0.2591376129584493,0.2591376129584493,0,0
annual_shared_offset,3325,2024-10-11,2024-10-21,0.0080914993282625,2024,2024-09-30,learned_vol_interaction,20260912,0.6154592441744525,0.6154592441744525,1,1
annual_shared_offset,3330,2024-10-18,2024-10-28,0.0015733867085561,2024,2024-09-30,learned_vol_interaction,20260912,0.6984112732542341,0.6984112732542341,1,1
annual_shared_offset,3335,2024-10-25,2024-11-04,-0.0140142824257356,2024,2024-09-30,learned_vol_interaction,20260912,0.6614014700577392,0.6614014700577392,1,0
annual_shared_offset,3340,2024-11-01,2024-11-11,0.0434152361258277,2024,2024-09-30,learned_vol_interaction,20260912,0.6960317071765945,0.6960317071765945,1,1
annual_shared_offset,3345,2024-11-08,2024-11-18,-0.0208584853931589,2024,2024-09-30,learned_vol_interaction,20260912,0.627992228455405,0.627992228455405,1,0
annual_shared_offset,3350,2024-11-15,2024-11-25,-0.0267421712161923,2024,2024-09-30,learned_vol_interaction,20260912,0.600402896142829,0.600402896142829,1,0
annual_shared_offset,3355,2024-11-22,2024-12-02,0.0087960346887328,2024,2024-09-30,learned_vol_interaction,20260912,0.6257055825822537,0.6257055825822537,1,1
annual_shared_offset,3360,2024-11-29,2024-12-09,0.0155919891551781,2024,2024-09-30,learned_vol_interaction,20260912,0.5403979506938085,0.5403979506938085,1,1
annual_shared_offset,3365,2024-12-06,2024-12-16,-0.0100436703218104,2024,2024-09-30,learned_vol_interaction,20260912,0.5359614220710596,0.5359614220710596,1,0
annual_shared_offset,3370,2024-12-13,2024-12-23,-0.0006690784017421,2024,2024-09-30,learned_vol_interaction,20260912,0.4004266447398538,0.4004266447398538,0,0
annual_shared_offset,3375,2024-12-20,2024-12-30,0.0123595076562756,2024,2024-09-30,learned_vol_interaction,20260912,0.2970380279165055,0.2970380279165055,0,1
annual_shared_offset,3380,2024-12-27,2025-01-06,-0.0504714964669198,2024,2024-09-30,learned_vol_interaction,20260912,0.25721200018540025,0.25721200018540025,0,0
annual_state_offset_half,3325,2024-10-11,2024-10-21,0.0080914993282625,2024,2024-09-30,learned_vol_interaction,20260912,0.6154592441744525,0.6154592441744525,1,1
annual_state_offset_half,3330,2024-10-18,2024-10-28,0.0015733867085561,2024,2024-09-30,learned_vol_interaction,20260912,0.6984112732542341,0.6984112732542341,1,1
annual_state_offset_half,3335,2024-10-25,2024-11-04,-0.0140142824257356,2024,2024-09-30,learned_vol_interaction,20260912,0.6614014700577392,0.6614014700577392,1,0
annual_state_offset_half,3340,2024-11-01,2024-11-11,0.0434152361258277,2024,2024-09-30,learned_vol_interaction,20260912,0.6960317071765945,0.6960317071765945,1,1
annual_state_offset_half,3345,2024-11-08,2024-11-18,-0.0208584853931589,2024,2024-09-30,learned_vol_interaction,20260912,0.627992228455405,0.627992228455405,1,0
annual_state_offset_half,3350,2024-11-15,2024-11-25,-0.0267421712161923,2024,2024-09-30,learned_vol_interaction,20260912,0.600402896142829,0.600402896142829,1,0
annual_state_offset_half,3355,2024-11-22,2024-12-02,0.0087960346887328,2024,2024-09-30,learned_vol_interaction,20260912,0.6257055825822537,0.6257055825822537,1,1
annual_state_offset_half,3360,2024-11-29,2024-12-09,0.0155919891551781,2024,2024-09-30,learned_vol_interaction,20260912,0.5403979506938085,0.5403979506938085,1,1
annual_state_offset_half,3365,2024-12-06,2024-12-16,-0.0100436703218104,2024,2024-09-30,learned_vol_interaction,20260912,0.5359614220710596,0.5359614220710596,1,0
annual_state_offset_half,3370,2024-12-13,2024-12-23,-0.0006690784017421,2024,2024-09-30,learned_vol_interaction,20260912,0.4004266447398538,0.4004266447398538,0,0
annual_state_offset_half,3375,2024-12-20,2024-12-30,0.0123595076562756,2024,2024-09-30,learned_vol_interaction,20260912,0.30814902872964867,0.30814902872964867,0,1
annual_state_offset_half,3380,2024-12-27,2025-01-06,-0.0504714964669198,2024,2024-09-30,learned_vol_interaction,20260912,0.26739994873175893,0.26739994873175893,0,0
annual_state_offset,3325,2024-10-11,2024-10-21,0.0080914993282625,2024,2024-09-30,learned_order_extension,20260912,0.5860467122529138,0.5860467122529138,1,1
annual_state_offset,3330,2024-10-18,2024-10-28,0.0015733867085561,2024,2024-09-30,learned_order_extension,20260912,0.612479916640697,0.612479916640697,1,1
annual_state_offset,3335,2024-10-25,2024-11-04,-0.0140142824257356,2024,2024-09-30,learned_order_extension,20260912,0.5803945500365179,0.5803945500365179,1,0
annual_state_offset,3340,2024-11-01,2024-11-11,0.0434152361258277,2024,2024-09-30,learned_order_extension,20260912,0.5735861212793831,0.5735861212793831,1,1
annual_state_offset,3345,2024-11-08,2024-11-18,-0.0208584853931589,2024,2024-09-30,learned_order_extension,20260912,0.5817441245707554,0.5817441245707554,1,0
annual_state_offset,3350,2024-11-15,2024-11-25,-0.0267421712161923,2024,2024-09-30,learned_order_extension,20260912,0.566996458597694,0.566996458597694,1,0
annual_state_offset,3355,2024-11-22,2024-12-02,0.0087960346887328,2024,2024-09-30,learned_order_extension,20260912,0.6308649379708478,0.6308649379708478,1,1
annual_state_offset,3360,2024-11-29,2024-12-09,0.0155919891551781,2024,2024-09-30,learned_order_extension,20260912,0.5481166154807285,0.5481166154807285,1,1
annual_state_offset,3365,2024-12-06,2024-12-16,-0.0100436703218104,2024,2024-09-30,learned_order_extension,20260912,0.5160872470925407,0.5160872470925407,1,0
annual_state_offset,3370,2024-12-13,2024-12-23,-0.0006690784017421,2024,2024-09-30,learned_order_extension,20260912,0.3979505994458215,0.3979505994458215,0,0
annual_state_offset,3375,2024-12-20,2024-12-30,0.0123595076562756,2024,2024-09-30,learned_order_extension,20260912,0.2814456554246291,0.2814456554246291,0,1
annual_state_offset,3380,2024-12-27,2025-01-06,-0.0504714964669198,2024,2024-09-30,learned_order_extension,20260912,0.2083124782152362,0.2083124782152362,0,0
annual_shared_offset,3325,2024-10-11,2024-10-21,0.0080914993282625,2024,2024-09-30,learned_order_extension,20260912,0.5860467122529138,0.5860467122529138,1,1
annual_shared_offset,3330,2024-10-18,2024-10-28,0.0015733867085561,2024,2024-09-30,learned_order_extension,20260912,0.612479916640697,0.612479916640697,1,1
annual_shared_offset,3335,2024-10-25,2024-11-04,-0.0140142824257356,2024,2024-09-30,learned_order_extension,20260912,0.5803945500365179,0.5803945500365179,1,0
annual_shared_offset,3340,2024-11-01,2024-11-11,0.0434152361258277,2024,2024-09-30,learned_order_extension,20260912,0.5735861212793831,0.5735861212793831,1,1
annual_shared_offset,3345,2024-11-08,2024-11-18,-0.0208584853931589,2024,2024-09-30,learned_order_extension,20260912,0.5817441245707554,0.5817441245707554,1,0
annual_shared_offset,3350,2024-11-15,2024-11-25,-0.0267421712161923,2024,2024-09-30,learned_order_extension,20260912,0.566996458597694,0.566996458597694,1,0
annual_shared_offset,3355,2024-11-22,2024-12-02,0.0087960346887328,2024,2024-09-30,learned_order_extension,20260912,0.6308649379708478,0.6308649379708478,1,1
annual_shared_offset,3360,2024-11-29,2024-12-09,0.0155919891551781,2024,2024-09-30,learned_order_extension,20260912,0.5481166154807285,0.5481166154807285,1,1
annual_shared_offset,3365,2024-12-06,2024-12-16,-0.0100436703218104,2024,2024-09-30,learned_order_extension,20260912,0.5160872470925407,0.5160872470925407,1,0
annual_shared_offset,3370,2024-12-13,2024-12-23,-0.0006690784017421,2024,2024-09-30,learned_order_extension,20260912,0.3979505994458215,0.3979505994458215,0,0
annual_shared_offset,3375,2024-12-20,2024-12-30,0.0123595076562756,2024,2024-09-30,learned_order_extension,20260912,0.2670310284600467,0.2670310284600467,0,1
annual_shared_offset,3380,2024-12-27,2025-01-06,-0.0504714964669198,2024,2024-09-30,learned_order_extension,20260912,0.19661855190441727,0.19661855190441727,0,0
annual_state_offset_half,3325,2024-10-11,2024-10-21,0.0080914993282625,2024,2024-09-30,learned_order_extension,20260912,0.5860467122529138,0.5860467122529138,1,1
annual_state_offset_half,3330,2024-10-18,2024-10-28,0.0015733867085561,2024,2024-09-30,learned_order_extension,20260912,0.612479916640697,0.612479916640697,1,1
annual_state_offset_half,3335,2024-10-25,2024-11-04,-0.0140142824257356,2024,2024-09-30,learned_order_extension,20260912,0.5803945500365179,0.5803945500365179,1,0
annual_state_offset_half,3340,2024-11-01,2024-11-11,0.0434152361258277,2024,2024-09-30,learned_order_extension,20260912,0.5735861212793831,0.5735861212793831,1,1
annual_state_offset_half,3345,2024-11-08,2024-11-18,-0.0208584853931589,2024,2024-09-30,learned_order_extension,20260912,0.5817441245707554,0.5817441245707554,1,0
annual_state_offset_half,3350,2024-11-15,2024-11-25,-0.0267421712161923,2024,2024-09-30,learned_order_extension,20260912,0.566996458597694,0.566996458597694,1,0
annual_state_offset_half,3355,2024-11-22,2024-12-02,0.0087960346887328,2024,2024-09-30,learned_order_extension,20260912,0.6308649379708478,0.6308649379708478,1,1
annual_state_offset_half,3360,2024-11-29,2024-12-09,0.0155919891551781,2024,2024-09-30,learned_order_extension,20260912,0.5481166154807285,0.5481166154807285,1,1
annual_state_offset_half,3365,2024-12-06,2024-12-16,-0.0100436703218104,2024,2024-09-30,learned_order_extension,20260912,0.5160872470925407,0.5160872470925407,1,0
annual_state_offset_half,3370,2024-12-13,2024-12-23,-0.0006690784017421,2024,2024-09-30,learned_order_extension,20260912,0.3979505994458215,0.3979505994458215,0,0
annual_state_offset_half,3375,2024-12-20,2024-12-30,0.0123595076562756,2024,2024-09-30,learned_order_extension,20260912,0.28490681428524645,0.28490681428524645,0,1
annual_state_offset_half,3380,2024-12-27,2025-01-06,-0.0504714964669198,2024,2024-09-30,learned_order_extension,20260912,0.2111385316791301,0.2111385316791301,0,0
annual_state_offset,3325,2024-10-11,2024-10-21,0.0080914993282625,2024,2024-09-30,learned_order_offset,20260912,0.5862386145900477,0.5862386145900477,1,1
annual_state_offset,3330,2024-10-18,2024-10-28,0.0015733867085561,2024,2024-09-30,learned_order_offset,20260912,0.6125407697732707,0.6125407697732707,1,1
annual_state_offset,3335,2024-10-25,2024-11-04,-0.0140142824257356,2024,2024-09-30,learned_order_offset,20260912,0.5782982032930605,0.5782982032930605,1,0
annual_state_offset,3340,2024-11-01,2024-11-11,0.0434152361258277,2024,2024-09-30,learned_order_offset,20260912,0.5719000509394175,0.5719000509394175,1,1
annual_state_offset,3345,2024-11-08,2024-11-18,-0.0208584853931589,2024,2024-09-30,learned_order_offset,20260912,0.5792076167183184,0.5792076167183184,1,0
annual_state_offset,3350,2024-11-15,2024-11-25,-0.0267421712161923,2024,2024-09-30,learned_order_offset,20260912,0.5639088935846646,0.5639088935846646,1,0
annual_state_offset,3355,2024-11-22,2024-12-02,0.0087960346887328,2024,2024-09-30,learned_order_offset,20260912,0.6291616290547493,0.6291616290547493,1,1
annual_state_offset,3360,2024-11-29,2024-12-09,0.0155919891551781,2024,2024-09-30,learned_order_offset,20260912,0.5470802465571543,0.5470802465571543,1,1
annual_state_offset,3365,2024-12-06,2024-12-16,-0.0100436703218104,2024,2024-09-30,learned_order_offset,20260912,0.5150626516103205,0.5150626516103205,1,0
annual_state_offset,3370,2024-12-13,2024-12-23,-0.0006690784017421,2024,2024-09-30,learned_order_offset,20260912,0.3987822872324129,0.3987822872324129,0,0
annual_state_offset,3375,2024-12-20,2024-12-30,0.0123595076562756,2024,2024-09-30,learned_order_offset,20260912,0.2834735276443196,0.2834735276443196,0,1
annual_state_offset,3380,2024-12-27,2025-01-06,-0.0504714964669198,2024,2024-09-30,learned_order_offset,20260912,0.2113276138246878,0.2113276138246878,0,0
annual_shared_offset,3325,2024-10-11,2024-10-21,0.0080914993282625,2024,2024-09-30,learned_order_offset,20260912,0.5862386145900477,0.5862386145900477,1,1
annual_shared_offset,3330,2024-10-18,2024-10-28,0.0015733867085561,2024,2024-09-30,learned_order_offset,20260912,0.6125407697732707,0.6125407697732707,1,1
annual_shared_offset,3335,2024-10-25,2024-11-04,-0.0140142824257356,2024,2024-09-30,learned_order_offset,20260912,0.5782982032930605,0.5782982032930605,1,0
annual_shared_offset,3340,2024-11-01,2024-11-11,0.0434152361258277,2024,2024-09-30,learned_order_offset,20260912,0.5719000509394175,0.5719000509394175,1,1
annual_shared_offset,3345,2024-11-08,2024-11-18,-0.0208584853931589,2024,2024-09-30,learned_order_offset,20260912,0.5792076167183184,0.5792076167183184,1,0
annual_shared_offset,3350,2024-11-15,2024-11-25,-0.0267421712161923,2024,2024-09-30,learned_order_offset,20260912,0.5639088935846646,0.5639088935846646,1,0
annual_shared_offset,3355,2024-11-22,2024-12-02,0.0087960346887328,2024,2024-09-30,learned_order_offset,20260912,0.6291616290547493,0.6291616290547493,1,1
annual_shared_offset,3360,2024-11-29,2024-12-09,0.0155919891551781,2024,2024-09-30,learned_order_offset,20260912,0.5470802465571543,0.5470802465571543,1,1
annual_shared_offset,3365,2024-12-06,2024-12-16,-0.0100436703218104,2024,2024-09-30,learned_order_offset,20260912,0.5150626516103205,0.5150626516103205,1,0
annual_shared_offset,3370,2024-12-13,2024-12-23,-0.0006690784017421,2024,2024-09-30,learned_order_offset,20260912,0.3987822872324129,0.3987822872324129,0,0
annual_shared_offset,3375,2024-12-20,2024-12-30,0.0123595076562756,2024,2024-09-30,learned_order_offset,20260912,0.2684563597574736,0.2684563597574736,0,1
annual_shared_offset,3380,2024-12-27,2025-01-06,-0.0504714964669198,2024,2024-09-30,learned_order_offset,20260912,0.1990705685343915,0.1990705685343915,0,0
annual_state_offset_half,3325,2024-10-11,2024-10-21,0.0080914993282625,2024,2024-09-30,learned_order_offset,20260912,0.5862386145900477,0.5862386145900477,1,1
annual_state_offset_half,3330,2024-10-18,2024-10-28,0.0015733867085561,2024,2024-09-30,learned_order_offset,20260912,0.6125407697732707,0.6125407697732707,1,1
annual_state_offset_half,3335,2024-10-25,2024-11-04,-0.0140142824257356,2024,2024-09-30,learned_order_offset,20260912,0.5782982032930605,0.5782982032930605,1,0
annual_state_offset_half,3340,2024-11-01,2024-11-11,0.0434152361258277,2024,2024-09-30,learned_order_offset,20260912,0.5719000509394175,0.5719000509394175,1,1
annual_state_offset_half,3345,2024-11-08,2024-11-18,-0.0208584853931589,2024,2024-09-30,learned_order_offset,20260912,0.5792076167183184,0.5792076167183184,1,0
annual_state_offset_half,3350,2024-11-15,2024-11-25,-0.0267421712161923,2024,2024-09-30,learned_order_offset,20260912,0.5639088935846646,0.5639088935846646,1,0
annual_state_offset_half,3355,2024-11-22,2024-12-02,0.0087960346887328,2024,2024-09-30,learned_order_offset,20260912,0.6291616290547493,0.6291616290547493,1,1
annual_state_offset_half,3360,2024-11-29,2024-12-09,0.0155919891551781,2024,2024-09-30,learned_order_offset,20260912,0.5470802465571543,0.5470802465571543,1,1
annual_state_offset_half,3365,2024-12-06,2024-12-16,-0.0100436703218104,2024,2024-09-30,learned_order_offset,20260912,0.5150626516103205,0.5150626516103205,1,0
annual_state_offset_half,3370,2024-12-13,2024-12-23,-0.0006690784017421,2024,2024-09-30,learned_order_offset,20260912,0.3987822872324129,0.3987822872324129,0,0
annual_state_offset_half,3375,2024-12-20,2024-12-30,0.0123595076562756,2024,2024-09-30,learned_order_offset,20260912,0.28680184552196436,0.28680184552196436,0,1
annual_state_offset_half,3380,2024-12-27,2025-01-06,-0.0504714964669198,2024,2024-09-30,learned_order_offset,20260912,0.21406191696566118,0.21406191696566118,0,0
annual_state_offset,3384,2025-01-03,2025-01-13,-0.0189486730632231,2025,2024-12-31,learned_market,20260910,0.38233645545210077,0.38233645545210077,0,0
annual_state_offset,3389,2025-01-10,2025-01-20,0.0353251773547418,2025,2024-12-31,learned_market,20260910,0.3910227915849612,0.3910227915849612,0,1
annual_state_offset,3394,2025-01-17,2025-01-27,0.000432821422053,2025,2024-12-31,learned_market,20260910,0.49015728346105064,0.49015728346105064,0,1
annual_state_offset,3399,2025-01-24,2025-02-10,0.0159344898044284,2025,2024-12-31,learned_market,20260910,0.43779872313730184,0.43779872313730184,0,1
annual_state_offset,3403,2025-02-07,2025-02-17,0.0144454990892999,2025,2024-12-31,learned_market,20260910,0.5065763414140139,0.5065763414140139,1,1
annual_state_offset,3408,2025-02-14,2025-02-24,0.0045695818086644,2025,2024-12-31,learned_market,20260910,0.5698063647751795,0.5698063647751795,1,1
annual_state_offset,3413,2025-02-21,2025-03-03,-0.0183210488158531,2025,2024-12-31,learned_market,20260910,0.5387747536285505,0.5387747536285505,1,0
annual_state_offset,3418,2025-02-28,2025-03-10,0.0117650075646844,2025,2024-12-31,learned_market,20260910,0.4812656782302869,0.4812656782302869,0,1
annual_state_offset,3423,2025-03-07,2025-03-17,0.019023819058288,2025,2024-12-31,learned_market,20260910,0.6111767156385011,0.6111767156385011,1,1
annual_state_offset,3428,2025-03-14,2025-03-24,-0.0259983485216283,2025,2024-12-31,learned_market,20260910,0.44730435644814126,0.44730435644814126,0,0
annual_state_offset,3433,2025-03-21,2025-03-31,-0.0025867506275359,2025,2024-12-31,learned_market,20260910,0.5315675954271929,0.5315675954271929,1,0
annual_state_offset,3438,2025-03-28,2025-04-14,-0.0342910101946246,2025,2024-12-31,learned_market,20260910,0.7166635184412673,0.7166635184412673,1,0
annual_shared_offset,3384,2025-01-03,2025-01-13,-0.0189486730632231,2025,2024-12-31,learned_market,20260910,0.38233645545210077,0.38233645545210077,0,0
annual_shared_offset,3389,2025-01-10,2025-01-20,0.0353251773547418,2025,2024-12-31,learned_market,20260910,0.3910227915849612,0.3910227915849612,0,1
annual_shared_offset,3394,2025-01-17,2025-01-27,0.000432821422053,2025,2024-12-31,learned_market,20260910,0.49015728346105064,0.49015728346105064,0,1
annual_shared_offset,3399,2025-01-24,2025-02-10,0.0159344898044284,2025,2024-12-31,learned_market,20260910,0.43779872313730184,0.43779872313730184,0,1
annual_shared_offset,3403,2025-02-07,2025-02-17,0.0144454990892999,2025,2024-12-31,learned_market,20260910,0.5065763414140139,0.5065763414140139,1,1
annual_shared_offset,3408,2025-02-14,2025-02-24,0.0045695818086644,2025,2024-12-31,learned_market,20260910,0.5698063647751795,0.5698063647751795,1,1
annual_shared_offset,3413,2025-02-21,2025-03-03,-0.0183210488158531,2025,2024-12-31,learned_market,20260910,0.5387747536285505,0.5387747536285505,1,0
annual_shared_offset,3418,2025-02-28,2025-03-10,0.0117650075646844,2025,2024-12-31,learned_market,20260910,0.4812656782302869,0.4812656782302869,0,1
annual_shared_offset,3423,2025-03-07,2025-03-17,0.019023819058288,2025,2024-12-31,learned_market,20260910,0.6111767156385011,0.6111767156385011,1,1
annual_shared_offset,3428,2025-03-14,2025-03-24,-0.0259983485216283,2025,2024-12-31,learned_market,20260910,0.44730435644814126,0.44730435644814126,0,0
annual_shared_offset,3433,2025-03-21,2025-03-31,-0.0025867506275359,2025,2024-12-31,learned_market,20260910,0.5315675954271929,0.5315675954271929,1,0
annual_shared_offset,3438,2025-03-28,2025-04-14,-0.0342910101946246,2025,2024-12-31,learned_market,20260910,0.7166635184412673,0.7166635184412673,1,0
annual_state_offset_half,3384,2025-01-03,2025-01-13,-0.0189486730632231,2025,2024-12-31,learned_market,20260910,0.38233645545210077,0.38233645545210077,0,0
annual_state_offset_half,3389,2025-01-10,2025-01-20,0.0353251773547418,2025,2024-12-31,learned_market,20260910,0.3910227915849612,0.3910227915849612,0,1
annual_state_offset_half,3394,2025-01-17,2025-01-27,0.000432821422053,2025,2024-12-31,learned_market,20260910,0.49015728346105064,0.49015728346105064,0,1
annual_state_offset_half,3399,2025-01-24,2025-02-10,0.0159344898044284,2025,2024-12-31,learned_market,20260910,0.43779872313730184,0.43779872313730184,0,1
annual_state_offset_half,3403,2025-02-07,2025-02-17,0.0144454990892999,2025,2024-12-31,learned_market,20260910,0.5065763414140139,0.5065763414140139,1,1
annual_state_offset_half,3408,2025-02-14,2025-02-24,0.0045695818086644,2025,2024-12-31,learned_market,20260910,0.5698063647751795,0.5698063647751795,1,1
annual_state_offset_half,3413,2025-02-21,2025-03-03,-0.0183210488158531,2025,2024-12-31,learned_market,20260910,0.5387747536285505,0.5387747536285505,1,0
annual_state_offset_half,3418,2025-02-28,2025-03-10,0.0117650075646844,2025,2024-12-31,learned_market,20260910,0.4812656782302869,0.4812656782302869,0,1
annual_state_offset_half,3423,2025-03-07,2025-03-17,0.019023819058288,2025,2024-12-31,learned_market,20260910,0.6111767156385011,0.6111767156385011,1,1
annual_state_offset_half,3428,2025-03-14,2025-03-24,-0.0259983485216283,2025,2024-12-31,learned_market,20260910,0.44730435644814126,0.44730435644814126,0,0
annual_state_offset_half,3433,2025-03-21,2025-03-31,-0.0025867506275359,2025,2024-12-31,learned_market,20260910,0.5315675954271929,0.5315675954271929,1,0
annual_state_offset_half,3438,2025-03-28,2025-04-14,-0.0342910101946246,2025,2024-12-31,learned_market,20260910,0.7166635184412673,0.7166635184412673,1,0
annual_state_offset,3384,2025-01-03,2025-01-13,-0.0189486730632231,2025,2024-12-31,learned_vol_interaction,20260910,0.38666219011730185,0.38666219011730185,0,0
annual_state_offset,3389,2025-01-10,2025-01-20,0.0353251773547418,2025,2024-12-31,learned_vol_interaction,20260910,0.3791321657754841,0.3791321657754841,0,1
annual_state_offset,3394,2025-01-17,2025-01-27,0.000432821422053,2025,2024-12-31,learned_vol_interaction,20260910,0.4768105126561029,0.4768105126561029,0,1
annual_state_offset,3399,2025-01-24,2025-02-10,0.0159344898044284,2025,2024-12-31,learned_vol_interaction,20260910,0.46081361135637805,0.46081361135637805,0,1
annual_state_offset,3403,2025-02-07,2025-02-17,0.0144454990892999,2025,2024-12-31,learned_vol_interaction,20260910,0.5021249737202294,0.5021249737202294,1,1
annual_state_offset,3408,2025-02-14,2025-02-24,0.0045695818086644,2025,2024-12-31,learned_vol_interaction,20260910,0.5796741457129003,0.5796741457129003,1,1
annual_state_offset,3413,2025-02-21,2025-03-03,-0.0183210488158531,2025,2024-12-31,learned_vol_interaction,20260910,0.5894724308913238,0.5894724308913238,1,0
annual_state_offset,3418,2025-02-28,2025-03-10,0.0117650075646844,2025,2024-12-31,learned_vol_interaction,20260910,0.5038224926529957,0.5038224926529957,1,1
annual_state_offset,3423,2025-03-07,2025-03-17,0.019023819058288,2025,2024-12-31,learned_vol_interaction,20260910,0.6257731101792092,0.6257731101792092,1,1
annual_state_offset,3428,2025-03-14,2025-03-24,-0.0259983485216283,2025,2024-12-31,learned_vol_interaction,20260910,0.44102075881393793,0.44102075881393793,0,0
annual_state_offset,3433,2025-03-21,2025-03-31,-0.0025867506275359,2025,2024-12-31,learned_vol_interaction,20260910,0.5122265111637169,0.5122265111637169,1,0
annual_state_offset,3438,2025-03-28,2025-04-14,-0.0342910101946246,2025,2024-12-31,learned_vol_interaction,20260910,0.7509067743034049,0.7509067743034049,1,0
annual_shared_offset,3384,2025-01-03,2025-01-13,-0.0189486730632231,2025,2024-12-31,learned_vol_interaction,20260910,0.38666219011730185,0.38666219011730185,0,0
annual_shared_offset,3389,2025-01-10,2025-01-20,0.0353251773547418,2025,2024-12-31,learned_vol_interaction,20260910,0.3791321657754841,0.3791321657754841,0,1
annual_shared_offset,3394,2025-01-17,2025-01-27,0.000432821422053,2025,2024-12-31,learned_vol_interaction,20260910,0.4768105126561029,0.4768105126561029,0,1
annual_shared_offset,3399,2025-01-24,2025-02-10,0.0159344898044284,2025,2024-12-31,learned_vol_interaction,20260910,0.46081361135637805,0.46081361135637805,0,1
annual_shared_offset,3403,2025-02-07,2025-02-17,0.0144454990892999,2025,2024-12-31,learned_vol_interaction,20260910,0.5021249737202294,0.5021249737202294,1,1
annual_shared_offset,3408,2025-02-14,2025-02-24,0.0045695818086644,2025,2024-12-31,learned_vol_interaction,20260910,0.5796741457129003,0.5796741457129003,1,1
annual_shared_offset,3413,2025-02-21,2025-03-03,-0.0183210488158531,2025,2024-12-31,learned_vol_interaction,20260910,0.5894724308913238,0.5894724308913238,1,0
annual_shared_offset,3418,2025-02-28,2025-03-10,0.0117650075646844,2025,2024-12-31,learned_vol_interaction,20260910,0.5038224926529957,0.5038224926529957,1,1
annual_shared_offset,3423,2025-03-07,2025-03-17,0.019023819058288,2025,2024-12-31,learned_vol_interaction,20260910,0.6257731101792092,0.6257731101792092,1,1
annual_shared_offset,3428,2025-03-14,2025-03-24,-0.0259983485216283,2025,2024-12-31,learned_vol_interaction,20260910,0.44102075881393793,0.44102075881393793,0,0
annual_shared_offset,3433,2025-03-21,2025-03-31,-0.0025867506275359,2025,2024-12-31,learned_vol_interaction,20260910,0.5122265111637169,0.5122265111637169,1,0
annual_shared_offset,3438,2025-03-28,2025-04-14,-0.0342910101946246,2025,2024-12-31,learned_vol_interaction,20260910,0.7509067743034049,0.7509067743034049,1,0
annual_state_offset_half,3384,2025-01-03,2025-01-13,-0.0189486730632231,2025,2024-12-31,learned_vol_interaction,20260910,0.38666219011730185,0.38666219011730185,0,0
annual_state_offset_half,3389,2025-01-10,2025-01-20,0.0353251773547418,2025,2024-12-31,learned_vol_interaction,20260910,0.3791321657754841,0.3791321657754841,0,1
annual_state_offset_half,3394,2025-01-17,2025-01-27,0.000432821422053,2025,2024-12-31,learned_vol_interaction,20260910,0.4768105126561029,0.4768105126561029,0,1
annual_state_offset_half,3399,2025-01-24,2025-02-10,0.0159344898044284,2025,2024-12-31,learned_vol_interaction,20260910,0.46081361135637805,0.46081361135637805,0,1
annual_state_offset_half,3403,2025-02-07,2025-02-17,0.0144454990892999,2025,2024-12-31,learned_vol_interaction,20260910,0.5021249737202294,0.5021249737202294,1,1
annual_state_offset_half,3408,2025-02-14,2025-02-24,0.0045695818086644,2025,2024-12-31,learned_vol_interaction,20260910,0.5796741457129003,0.5796741457129003,1,1
annual_state_offset_half,3413,2025-02-21,2025-03-03,-0.0183210488158531,2025,2024-12-31,learned_vol_interaction,20260910,0.5894724308913238,0.5894724308913238,1,0
annual_state_offset_half,3418,2025-02-28,2025-03-10,0.0117650075646844,2025,2024-12-31,learned_vol_interaction,20260910,0.5038224926529957,0.5038224926529957,1,1
annual_state_offset_half,3423,2025-03-07,2025-03-17,0.019023819058288,2025,2024-12-31,learned_vol_interaction,20260910,0.6257731101792092,0.6257731101792092,1,1
annual_state_offset_half,3428,2025-03-14,2025-03-24,-0.0259983485216283,2025,2024-12-31,learned_vol_interaction,20260910,0.44102075881393793,0.44102075881393793,0,0
annual_state_offset_half,3433,2025-03-21,2025-03-31,-0.0025867506275359,2025,2024-12-31,learned_vol_interaction,20260910,0.5122265111637169,0.5122265111637169,1,0
annual_state_offset_half,3438,2025-03-28,2025-04-14,-0.0342910101946246,2025,2024-12-31,learned_vol_interaction,20260910,0.7509067743034049,0.7509067743034049,1,0
annual_state_offset,3384,2025-01-03,2025-01-13,-0.0189486730632231,2025,2024-12-31,learned_order_extension,20260910,0.36600157937330885,0.36600157937330885,0,0
annual_state_offset,3389,2025-01-10,2025-01-20,0.0353251773547418,2025,2024-12-31,learned_order_extension,20260910,0.35256611690823136,0.35256611690823136,0,1
annual_state_offset,3394,2025-01-17,2025-01-27,0.000432821422053,2025,2024-12-31,learned_order_extension,20260910,0.48744472138871614,0.48744472138871614,0,1
annual_state_offset,3399,2025-01-24,2025-02-10,0.0159344898044284,2025,2024-12-31,learned_order_extension,20260910,0.4710830358173244,0.4710830358173244,0,1
annual_state_offset,3403,2025-02-07,2025-02-17,0.0144454990892999,2025,2024-12-31,learned_order_extension,20260910,0.5229042647242248,0.5229042647242248,1,1
annual_state_offset,3408,2025-02-14,2025-02-24,0.0045695818086644,2025,2024-12-31,learned_order_extension,20260910,0.5778482952092869,0.5778482952092869,1,1
annual_state_offset,3413,2025-02-21,2025-03-03,-0.0183210488158531,2025,2024-12-31,learned_order_extension,20260910,0.6398652110146743,0.6398652110146743,1,0
annual_state_offset,3418,2025-02-28,2025-03-10,0.0117650075646844,2025,2024-12-31,learned_order_extension,20260910,0.5091435465758709,0.5091435465758709,1,1
annual_state_offset,3423,2025-03-07,2025-03-17,0.019023819058288,2025,2024-12-31,learned_order_extension,20260910,0.6768915881499589,0.6768915881499589,1,1
annual_state_offset,3428,2025-03-14,2025-03-24,-0.0259983485216283,2025,2024-12-31,learned_order_extension,20260910,0.45607712059245215,0.45607712059245215,0,0
annual_state_offset,3433,2025-03-21,2025-03-31,-0.0025867506275359,2025,2024-12-31,learned_order_extension,20260910,0.5368074346463041,0.5368074346463041,1,0
annual_state_offset,3438,2025-03-28,2025-04-14,-0.0342910101946246,2025,2024-12-31,learned_order_extension,20260910,0.8368647681799748,0.8368647681799748,1,0
annual_shared_offset,3384,2025-01-03,2025-01-13,-0.0189486730632231,2025,2024-12-31,learned_order_extension,20260910,0.36600157937330885,0.36600157937330885,0,0
annual_shared_offset,3389,2025-01-10,2025-01-20,0.0353251773547418,2025,2024-12-31,learned_order_extension,20260910,0.35256611690823136,0.35256611690823136,0,1
annual_shared_offset,3394,2025-01-17,2025-01-27,0.000432821422053,2025,2024-12-31,learned_order_extension,20260910,0.48744472138871614,0.48744472138871614,0,1
annual_shared_offset,3399,2025-01-24,2025-02-10,0.0159344898044284,2025,2024-12-31,learned_order_extension,20260910,0.4710830358173244,0.4710830358173244,0,1
annual_shared_offset,3403,2025-02-07,2025-02-17,0.0144454990892999,2025,2024-12-31,learned_order_extension,20260910,0.5229042647242248,0.5229042647242248,1,1
annual_shared_offset,3408,2025-02-14,2025-02-24,0.0045695818086644,2025,2024-12-31,learned_order_extension,20260910,0.5778482952092869,0.5778482952092869,1,1
annual_shared_offset,3413,2025-02-21,2025-03-03,-0.0183210488158531,2025,2024-12-31,learned_order_extension,20260910,0.6398652110146743,0.6398652110146743,1,0
annual_shared_offset,3418,2025-02-28,2025-03-10,0.0117650075646844,2025,2024-12-31,learned_order_extension,20260910,0.5091435465758709,0.5091435465758709,1,1
annual_shared_offset,3423,2025-03-07,2025-03-17,0.019023819058288,2025,2024-12-31,learned_order_extension,20260910,0.6768915881499589,0.6768915881499589,1,1
annual_shared_offset,3428,2025-03-14,2025-03-24,-0.0259983485216283,2025,2024-12-31,learned_order_extension,20260910,0.45607712059245215,0.45607712059245215,0,0
annual_shared_offset,3433,2025-03-21,2025-03-31,-0.0025867506275359,2025,2024-12-31,learned_order_extension,20260910,0.5368074346463041,0.5368074346463041,1,0
annual_shared_offset,3438,2025-03-28,2025-04-14,-0.0342910101946246,2025,2024-12-31,learned_order_extension,20260910,0.8368647681799748,0.8368647681799748,1,0
annual_state_offset_half,3384,2025-01-03,2025-01-13,-0.0189486730632231,2025,2024-12-31,learned_order_extension,20260910,0.36600157937330885,0.36600157937330885,0,0
annual_state_offset_half,3389,2025-01-10,2025-01-20,0.0353251773547418,2025,2024-12-31,learned_order_extension,20260910,0.35256611690823136,0.35256611690823136,0,1
annual_state_offset_half,3394,2025-01-17,2025-01-27,0.000432821422053,2025,2024-12-31,learned_order_extension,20260910,0.48744472138871614,0.48744472138871614,0,1
annual_state_offset_half,3399,2025-01-24,2025-02-10,0.0159344898044284,2025,2024-12-31,learned_order_extension,20260910,0.4710830358173244,0.4710830358173244,0,1
annual_state_offset_half,3403,2025-02-07,2025-02-17,0.0144454990892999,2025,2024-12-31,learned_order_extension,20260910,0.5229042647242248,0.5229042647242248,1,1
annual_state_offset_half,3408,2025-02-14,2025-02-24,0.0045695818086644,2025,2024-12-31,learned_order_extension,20260910,0.5778482952092869,0.5778482952092869,1,1
annual_state_offset_half,3413,2025-02-21,2025-03-03,-0.0183210488158531,2025,2024-12-31,learned_order_extension,20260910,0.6398652110146743,0.6398652110146743,1,0
annual_state_offset_half,3418,2025-02-28,2025-03-10,0.0117650075646844,2025,2024-12-31,learned_order_extension,20260910,0.5091435465758709,0.5091435465758709,1,1
annual_state_offset_half,3423,2025-03-07,2025-03-17,0.019023819058288,2025,2024-12-31,learned_order_extension,20260910,0.6768915881499589,0.6768915881499589,1,1
annual_state_offset_half,3428,2025-03-14,2025-03-24,-0.0259983485216283,2025,2024-12-31,learned_order_extension,20260910,0.45607712059245215,0.45607712059245215,0,0
annual_state_offset_half,3433,2025-03-21,2025-03-31,-0.0025867506275359,2025,2024-12-31,learned_order_extension,20260910,0.5368074346463041,0.5368074346463041,1,0
annual_state_offset_half,3438,2025-03-28,2025-04-14,-0.0342910101946246,2025,2024-12-31,learned_order_extension,20260910,0.8368647681799748,0.8368647681799748,1,0
annual_state_offset,3384,2025-01-03,2025-01-13,-0.0189486730632231,2025,2024-12-31,learned_order_offset,20260910,0.36669421956338505,0.36669421956338505,0,0
annual_state_offset,3389,2025-01-10,2025-01-20,0.0353251773547418,2025,2024-12-31,learned_order_offset,20260910,0.35282059228350937,0.35282059228350937,0,1
annual_state_offset,3394,2025-01-17,2025-01-27,0.000432821422053,2025,2024-12-31,learned_order_offset,20260910,0.48807314138283653,0.48807314138283653,0,1
annual_state_offset,3399,2025-01-24,2025-02-10,0.0159344898044284,2025,2024-12-31,learned_order_offset,20260910,0.4717801139449288,0.4717801139449288,0,1
annual_state_offset,3403,2025-02-07,2025-02-17,0.0144454990892999,2025,2024-12-31,learned_order_offset,20260910,0.524022842955718,0.524022842955718,1,1
annual_state_offset,3408,2025-02-14,2025-02-24,0.0045695818086644,2025,2024-12-31,learned_order_offset,20260910,0.5772818750748553,0.5772818750748553,1,1
annual_state_offset,3413,2025-02-21,2025-03-03,-0.0183210488158531,2025,2024-12-31,learned_order_offset,20260910,0.6395827908381064,0.6395827908381064,1,0
annual_state_offset,3418,2025-02-28,2025-03-10,0.0117650075646844,2025,2024-12-31,learned_order_offset,20260910,0.5071295431195366,0.5071295431195366,1,1
annual_state_offset,3423,2025-03-07,2025-03-17,0.019023819058288,2025,2024-12-31,learned_order_offset,20260910,0.6756470892929178,0.6756470892929178,1,1
annual_state_offset,3428,2025-03-14,2025-03-24,-0.0259983485216283,2025,2024-12-31,learned_order_offset,20260910,0.455714753994421,0.455714753994421,0,0
annual_state_offset,3433,2025-03-21,2025-03-31,-0.0025867506275359,2025,2024-12-31,learned_order_offset,20260910,0.5359223493617127,0.5359223493617127,1,0
annual_state_offset,3438,2025-03-28,2025-04-14,-0.0342910101946246,2025,2024-12-31,learned_order_offset,20260910,0.834993269183481,0.834993269183481,1,0
annual_shared_offset,3384,2025-01-03,2025-01-13,-0.0189486730632231,2025,2024-12-31,learned_order_offset,20260910,0.36669421956338505,0.36669421956338505,0,0
annual_shared_offset,3389,2025-01-10,2025-01-20,0.0353251773547418,2025,2024-12-31,learned_order_offset,20260910,0.35282059228350937,0.35282059228350937,0,1
annual_shared_offset,3394,2025-01-17,2025-01-27,0.000432821422053,2025,2024-12-31,learned_order_offset,20260910,0.48807314138283653,0.48807314138283653,0,1
annual_shared_offset,3399,2025-01-24,2025-02-10,0.0159344898044284,2025,2024-12-31,learned_order_offset,20260910,0.4717801139449288,0.4717801139449288,0,1
annual_shared_offset,3403,2025-02-07,2025-02-17,0.0144454990892999,2025,2024-12-31,learned_order_offset,20260910,0.524022842955718,0.524022842955718,1,1
annual_shared_offset,3408,2025-02-14,2025-02-24,0.0045695818086644,2025,2024-12-31,learned_order_offset,20260910,0.5772818750748553,0.5772818750748553,1,1
annual_shared_offset,3413,2025-02-21,2025-03-03,-0.0183210488158531,2025,2024-12-31,learned_order_offset,20260910,0.6395827908381064,0.6395827908381064,1,0
annual_shared_offset,3418,2025-02-28,2025-03-10,0.0117650075646844,2025,2024-12-31,learned_order_offset,20260910,0.5071295431195366,0.5071295431195366,1,1
annual_shared_offset,3423,2025-03-07,2025-03-17,0.019023819058288,2025,2024-12-31,learned_order_offset,20260910,0.6756470892929178,0.6756470892929178,1,1
annual_shared_offset,3428,2025-03-14,2025-03-24,-0.0259983485216283,2025,2024-12-31,learned_order_offset,20260910,0.455714753994421,0.455714753994421,0,0
annual_shared_offset,3433,2025-03-21,2025-03-31,-0.0025867506275359,2025,2024-12-31,learned_order_offset,20260910,0.5359223493617127,0.5359223493617127,1,0
annual_shared_offset,3438,2025-03-28,2025-04-14,-0.0342910101946246,2025,2024-12-31,learned_order_offset,20260910,0.834993269183481,0.834993269183481,1,0
annual_state_offset_half,3384,2025-01-03,2025-01-13,-0.0189486730632231,2025,2024-12-31,learned_order_offset,20260910,0.36669421956338505,0.36669421956338505,0,0
annual_state_offset_half,3389,2025-01-10,2025-01-20,0.0353251773547418,2025,2024-12-31,learned_order_offset,20260910,0.35282059228350937,0.35282059228350937,0,1
annual_state_offset_half,3394,2025-01-17,2025-01-27,0.000432821422053,2025,2024-12-31,learned_order_offset,20260910,0.48807314138283653,0.48807314138283653,0,1
annual_state_offset_half,3399,2025-01-24,2025-02-10,0.0159344898044284,2025,2024-12-31,learned_order_offset,20260910,0.4717801139449288,0.4717801139449288,0,1
annual_state_offset_half,3403,2025-02-07,2025-02-17,0.0144454990892999,2025,2024-12-31,learned_order_offset,20260910,0.524022842955718,0.524022842955718,1,1
annual_state_offset_half,3408,2025-02-14,2025-02-24,0.0045695818086644,2025,2024-12-31,learned_order_offset,20260910,0.5772818750748553,0.5772818750748553,1,1
annual_state_offset_half,3413,2025-02-21,2025-03-03,-0.0183210488158531,2025,2024-12-31,learned_order_offset,20260910,0.6395827908381064,0.6395827908381064,1,0
annual_state_offset_half,3418,2025-02-28,2025-03-10,0.0117650075646844,2025,2024-12-31,learned_order_offset,20260910,0.5071295431195366,0.5071295431195366,1,1
annual_state_offset_half,3423,2025-03-07,2025-03-17,0.019023819058288,2025,2024-12-31,learned_order_offset,20260910,0.6756470892929178,0.6756470892929178,1,1
annual_state_offset_half,3428,2025-03-14,2025-03-24,-0.0259983485216283,2025,2024-12-31,learned_order_offset,20260910,0.455714753994421,0.455714753994421,0,0
annual_state_offset_half,3433,2025-03-21,2025-03-31,-0.0025867506275359,2025,2024-12-31,learned_order_offset,20260910,0.5359223493617127,0.5359223493617127,1,0
annual_state_offset_half,3438,2025-03-28,2025-04-14,-0.0342910101946246,2025,2024-12-31,learned_order_offset,20260910,0.834993269183481,0.834993269183481,1,0
annual_state_offset,3384,2025-01-03,2025-01-13,-0.0189486730632231,2025,2024-12-31,learned_market,20260911,0.42821132783780086,0.42821132783780086,0,0
annual_state_offset,3389,2025-01-10,2025-01-20,0.0353251773547418,2025,2024-12-31,learned_market,20260911,0.3899957296673264,0.3899957296673264,0,1
annual_state_offset,3394,2025-01-17,2025-01-27,0.000432821422053,2025,2024-12-31,learned_market,20260911,0.5369659260153571,0.5369659260153571,1,1
annual_state_offset,3399,2025-01-24,2025-02-10,0.0159344898044284,2025,2024-12-31,learned_market,20260911,0.579417237715051,0.579417237715051,1,1
annual_state_offset,3403,2025-02-07,2025-02-17,0.0144454990892999,2025,2024-12-31,learned_market,20260911,0.6179638900480853,0.6179638900480853,1,1
annual_state_offset,3408,2025-02-14,2025-02-24,0.0045695818086644,2025,2024-12-31,learned_market,20260911,0.616114705527485,0.616114705527485,1,1
annual_state_offset,3413,2025-02-21,2025-03-03,-0.0183210488158531,2025,2024-12-31,learned_market,20260911,0.562117179520429,0.562117179520429,1,0
annual_state_offset,3418,2025-02-28,2025-03-10,0.0117650075646844,2025,2024-12-31,learned_market,20260911,0.5285781284571346,0.5285781284571346,1,1
annual_state_offset,3423,2025-03-07,2025-03-17,0.019023819058288,2025,2024-12-31,learned_market,20260911,0.4669000809915797,0.4669000809915797,0,1
annual_state_offset,3428,2025-03-14,2025-03-24,-0.0259983485216283,2025,2024-12-31,learned_market,20260911,0.5699083421091582,0.5699083421091582,1,0
annual_state_offset,3433,2025-03-21,2025-03-31,-0.0025867506275359,2025,2024-12-31,learned_market,20260911,0.41241409635776066,0.41241409635776066,0,0
annual_state_offset,3438,2025-03-28,2025-04-14,-0.0342910101946246,2025,2024-12-31,learned_market,20260911,0.48277123146752016,0.48277123146752016,0,0
annual_shared_offset,3384,2025-01-03,2025-01-13,-0.0189486730632231,2025,2024-12-31,learned_market,20260911,0.42821132783780086,0.42821132783780086,0,0
annual_shared_offset,3389,2025-01-10,2025-01-20,0.0353251773547418,2025,2024-12-31,learned_market,20260911,0.3899957296673264,0.3899957296673264,0,1
annual_shared_offset,3394,2025-01-17,2025-01-27,0.000432821422053,2025,2024-12-31,learned_market,20260911,0.5369659260153571,0.5369659260153571,1,1
annual_shared_offset,3399,2025-01-24,2025-02-10,0.0159344898044284,2025,2024-12-31,learned_market,20260911,0.579417237715051,0.579417237715051,1,1
annual_shared_offset,3403,2025-02-07,2025-02-17,0.0144454990892999,2025,2024-12-31,learned_market,20260911,0.6179638900480853,0.6179638900480853,1,1
annual_shared_offset,3408,2025-02-14,2025-02-24,0.0045695818086644,2025,2024-12-31,learned_market,20260911,0.616114705527485,0.616114705527485,1,1
annual_shared_offset,3413,2025-02-21,2025-03-03,-0.0183210488158531,2025,2024-12-31,learned_market,20260911,0.562117179520429,0.562117179520429,1,0
annual_shared_offset,3418,2025-02-28,2025-03-10,0.0117650075646844,2025,2024-12-31,learned_market,20260911,0.5285781284571346,0.5285781284571346,1,1
annual_shared_offset,3423,2025-03-07,2025-03-17,0.019023819058288,2025,2024-12-31,learned_market,20260911,0.4669000809915797,0.4669000809915797,0,1
annual_shared_offset,3428,2025-03-14,2025-03-24,-0.0259983485216283,2025,2024-12-31,learned_market,20260911,0.5699083421091582,0.5699083421091582,1,0
annual_shared_offset,3433,2025-03-21,2025-03-31,-0.0025867506275359,2025,2024-12-31,learned_market,20260911,0.41241409635776066,0.41241409635776066,0,0
annual_shared_offset,3438,2025-03-28,2025-04-14,-0.0342910101946246,2025,2024-12-31,learned_market,20260911,0.48277123146752016,0.48277123146752016,0,0
annual_state_offset_half,3384,2025-01-03,2025-01-13,-0.0189486730632231,2025,2024-12-31,learned_market,20260911,0.42821132783780086,0.42821132783780086,0,0
annual_state_offset_half,3389,2025-01-10,2025-01-20,0.0353251773547418,2025,2024-12-31,learned_market,20260911,0.3899957296673264,0.3899957296673264,0,1
annual_state_offset_half,3394,2025-01-17,2025-01-27,0.000432821422053,2025,2024-12-31,learned_market,20260911,0.5369659260153571,0.5369659260153571,1,1
annual_state_offset_half,3399,2025-01-24,2025-02-10,0.0159344898044284,2025,2024-12-31,learned_market,20260911,0.579417237715051,0.579417237715051,1,1
annual_state_offset_half,3403,2025-02-07,2025-02-17,0.0144454990892999,2025,2024-12-31,learned_market,20260911,0.6179638900480853,0.6179638900480853,1,1
annual_state_offset_half,3408,2025-02-14,2025-02-24,0.0045695818086644,2025,2024-12-31,learned_market,20260911,0.616114705527485,0.616114705527485,1,1
annual_state_offset_half,3413,2025-02-21,2025-03-03,-0.0183210488158531,2025,2024-12-31,learned_market,20260911,0.562117179520429,0.562117179520429,1,0
annual_state_offset_half,3418,2025-02-28,2025-03-10,0.0117650075646844,2025,2024-12-31,learned_market,20260911,0.5285781284571346,0.5285781284571346,1,1
annual_state_offset_half,3423,2025-03-07,2025-03-17,0.019023819058288,2025,2024-12-31,learned_market,20260911,0.4669000809915797,0.4669000809915797,0,1
annual_state_offset_half,3428,2025-03-14,2025-03-24,-0.0259983485216283,2025,2024-12-31,learned_market,20260911,0.5699083421091582,0.5699083421091582,1,0
annual_state_offset_half,3433,2025-03-21,2025-03-31,-0.0025867506275359,2025,2024-12-31,learned_market,20260911,0.41241409635776066,0.41241409635776066,0,0
annual_state_offset_half,3438,2025-03-28,2025-04-14,-0.0342910101946246,2025,2024-12-31,learned_market,20260911,0.48277123146752016,0.48277123146752016,0,0
annual_state_offset,3384,2025-01-03,2025-01-13,-0.0189486730632231,2025,2024-12-31,learned_vol_interaction,20260911,0.4305231359543153,0.4305231359543153,0,0
annual_state_offset,3389,2025-01-10,2025-01-20,0.0353251773547418,2025,2024-12-31,learned_vol_interaction,20260911,0.38884089510088987,0.38884089510088987,0,1
annual_state_offset,3394,2025-01-17,2025-01-27,0.000432821422053,2025,2024-12-31,learned_vol_interaction,20260911,0.5344292773183893,0.5344292773183893,1,1
annual_state_offset,3399,2025-01-24,2025-02-10,0.0159344898044284,2025,2024-12-31,learned_vol_interaction,20260911,0.5733087009015438,0.5733087009015438,1,1
annual_state_offset,3403,2025-02-07,2025-02-17,0.0144454990892999,2025,2024-12-31,learned_vol_interaction,20260911,0.6229730094392066,0.6229730094392066,1,1
annual_state_offset,3408,2025-02-14,2025-02-24,0.0045695818086644,2025,2024-12-31,learned_vol_interaction,20260911,0.6249392220388966,0.6249392220388966,1,1
annual_state_offset,3413,2025-02-21,2025-03-03,-0.0183210488158531,2025,2024-12-31,learned_vol_interaction,20260911,0.5770853748295083,0.5770853748295083,1,0
annual_state_offset,3418,2025-02-28,2025-03-10,0.0117650075646844,2025,2024-12-31,learned_vol_interaction,20260911,0.5320196258694382,0.5320196258694382,1,1
annual_state_offset,3423,2025-03-07,2025-03-17,0.019023819058288,2025,2024-12-31,learned_vol_interaction,20260911,0.4709950343968562,0.4709950343968562,0,1
annual_state_offset,3428,2025-03-14,2025-03-24,-0.0259983485216283,2025,2024-12-31,learned_vol_interaction,20260911,0.5689479286300063,0.5689479286300063,1,0
annual_state_offset,3433,2025-03-21,2025-03-31,-0.0025867506275359,2025,2024-12-31,learned_vol_interaction,20260911,0.4073280883173269,0.4073280883173269,0,0
annual_state_offset,3438,2025-03-28,2025-04-14,-0.0342910101946246,2025,2024-12-31,learned_vol_interaction,20260911,0.4833458290624725,0.4833458290624725,0,0
annual_shared_offset,3384,2025-01-03,2025-01-13,-0.0189486730632231,2025,2024-12-31,learned_vol_interaction,20260911,0.4305231359543153,0.4305231359543153,0,0
annual_shared_offset,3389,2025-01-10,2025-01-20,0.0353251773547418,2025,2024-12-31,learned_vol_interaction,20260911,0.38884089510088987,0.38884089510088987,0,1
annual_shared_offset,3394,2025-01-17,2025-01-27,0.000432821422053,2025,2024-12-31,learned_vol_interaction,20260911,0.5344292773183893,0.5344292773183893,1,1
annual_shared_offset,3399,2025-01-24,2025-02-10,0.0159344898044284,2025,2024-12-31,learned_vol_interaction,20260911,0.5733087009015438,0.5733087009015438,1,1
annual_shared_offset,3403,2025-02-07,2025-02-17,0.0144454990892999,2025,2024-12-31,learned_vol_interaction,20260911,0.6229730094392066,0.6229730094392066,1,1
annual_shared_offset,3408,2025-02-14,2025-02-24,0.0045695818086644,2025,2024-12-31,learned_vol_interaction,20260911,0.6249392220388966,0.6249392220388966,1,1
annual_shared_offset,3413,2025-02-21,2025-03-03,-0.0183210488158531,2025,2024-12-31,learned_vol_interaction,20260911,0.5770853748295083,0.5770853748295083,1,0
annual_shared_offset,3418,2025-02-28,2025-03-10,0.0117650075646844,2025,2024-12-31,learned_vol_interaction,20260911,0.5320196258694382,0.5320196258694382,1,1
annual_shared_offset,3423,2025-03-07,2025-03-17,0.019023819058288,2025,2024-12-31,learned_vol_interaction,20260911,0.4709950343968562,0.4709950343968562,0,1
annual_shared_offset,3428,2025-03-14,2025-03-24,-0.0259983485216283,2025,2024-12-31,learned_vol_interaction,20260911,0.5689479286300063,0.5689479286300063,1,0
annual_shared_offset,3433,2025-03-21,2025-03-31,-0.0025867506275359,2025,2024-12-31,learned_vol_interaction,20260911,0.4073280883173269,0.4073280883173269,0,0
annual_shared_offset,3438,2025-03-28,2025-04-14,-0.0342910101946246,2025,2024-12-31,learned_vol_interaction,20260911,0.4833458290624725,0.4833458290624725,0,0
annual_state_offset_half,3384,2025-01-03,2025-01-13,-0.0189486730632231,2025,2024-12-31,learned_vol_interaction,20260911,0.4305231359543153,0.4305231359543153,0,0
annual_state_offset_half,3389,2025-01-10,2025-01-20,0.0353251773547418,2025,2024-12-31,learned_vol_interaction,20260911,0.38884089510088987,0.38884089510088987,0,1
annual_state_offset_half,3394,2025-01-17,2025-01-27,0.000432821422053,2025,2024-12-31,learned_vol_interaction,20260911,0.5344292773183893,0.5344292773183893,1,1
annual_state_offset_half,3399,2025-01-24,2025-02-10,0.0159344898044284,2025,2024-12-31,learned_vol_interaction,20260911,0.5733087009015438,0.5733087009015438,1,1
annual_state_offset_half,3403,2025-02-07,2025-02-17,0.0144454990892999,2025,2024-12-31,learned_vol_interaction,20260911,0.6229730094392066,0.6229730094392066,1,1
annual_state_offset_half,3408,2025-02-14,2025-02-24,0.0045695818086644,2025,2024-12-31,learned_vol_interaction,20260911,0.6249392220388966,0.6249392220388966,1,1
annual_state_offset_half,3413,2025-02-21,2025-03-03,-0.0183210488158531,2025,2024-12-31,learned_vol_interaction,20260911,0.5770853748295083,0.5770853748295083,1,0
annual_state_offset_half,3418,2025-02-28,2025-03-10,0.0117650075646844,2025,2024-12-31,learned_vol_interaction,20260911,0.5320196258694382,0.5320196258694382,1,1
annual_state_offset_half,3423,2025-03-07,2025-03-17,0.019023819058288,2025,2024-12-31,learned_vol_interaction,20260911,0.4709950343968562,0.4709950343968562,0,1
annual_state_offset_half,3428,2025-03-14,2025-03-24,-0.0259983485216283,2025,2024-12-31,learned_vol_interaction,20260911,0.5689479286300063,0.5689479286300063,1,0
annual_state_offset_half,3433,2025-03-21,2025-03-31,-0.0025867506275359,2025,2024-12-31,learned_vol_interaction,20260911,0.4073280883173269,0.4073280883173269,0,0
annual_state_offset_half,3438,2025-03-28,2025-04-14,-0.0342910101946246,2025,2024-12-31,learned_vol_interaction,20260911,0.4833458290624725,0.4833458290624725,0,0
annual_state_offset,3384,2025-01-03,2025-01-13,-0.0189486730632231,2025,2024-12-31,learned_order_extension,20260911,0.43065388292304235,0.43065388292304235,0,0
annual_state_offset,3389,2025-01-10,2025-01-20,0.0353251773547418,2025,2024-12-31,learned_order_extension,20260911,0.3891931634884253,0.3891931634884253,0,1
annual_state_offset,3394,2025-01-17,2025-01-27,0.000432821422053,2025,2024-12-31,learned_order_extension,20260911,0.5293310636016386,0.5293310636016386,1,1
annual_state_offset,3399,2025-01-24,2025-02-10,0.0159344898044284,2025,2024-12-31,learned_order_extension,20260911,0.5678795814188538,0.5678795814188538,1,1
annual_state_offset,3403,2025-02-07,2025-02-17,0.0144454990892999,2025,2024-12-31,learned_order_extension,20260911,0.6181569415812861,0.6181569415812861,1,1
annual_state_offset,3408,2025-02-14,2025-02-24,0.0045695818086644,2025,2024-12-31,learned_order_extension,20260911,0.623244763024503,0.623244763024503,1,1
annual_state_offset,3413,2025-02-21,2025-03-03,-0.0183210488158531,2025,2024-12-31,learned_order_extension,20260911,0.5698307059548449,0.5698307059548449,1,0
annual_state_offset,3418,2025-02-28,2025-03-10,0.0117650075646844,2025,2024-12-31,learned_order_extension,20260911,0.5277004284689892,0.5277004284689892,1,1
annual_state_offset,3423,2025-03-07,2025-03-17,0.019023819058288,2025,2024-12-31,learned_order_extension,20260911,0.4694347191401159,0.4694347191401159,0,1
annual_state_offset,3428,2025-03-14,2025-03-24,-0.0259983485216283,2025,2024-12-31,learned_order_extension,20260911,0.5654667556034778,0.5654667556034778,1,0
annual_state_offset,3433,2025-03-21,2025-03-31,-0.0025867506275359,2025,2024-12-31,learned_order_extension,20260911,0.40561065982780425,0.40561065982780425,0,0
annual_state_offset,3438,2025-03-28,2025-04-14,-0.0342910101946246,2025,2024-12-31,learned_order_extension,20260911,0.47795042275731253,0.47795042275731253,0,0
annual_shared_offset,3384,2025-01-03,2025-01-13,-0.0189486730632231,2025,2024-12-31,learned_order_extension,20260911,0.43065388292304235,0.43065388292304235,0,0
annual_shared_offset,3389,2025-01-10,2025-01-20,0.0353251773547418,2025,2024-12-31,learned_order_extension,20260911,0.3891931634884253,0.3891931634884253,0,1
annual_shared_offset,3394,2025-01-17,2025-01-27,0.000432821422053,2025,2024-12-31,learned_order_extension,20260911,0.5293310636016386,0.5293310636016386,1,1
annual_shared_offset,3399,2025-01-24,2025-02-10,0.0159344898044284,2025,2024-12-31,learned_order_extension,20260911,0.5678795814188538,0.5678795814188538,1,1
annual_shared_offset,3403,2025-02-07,2025-02-17,0.0144454990892999,2025,2024-12-31,learned_order_extension,20260911,0.6181569415812861,0.6181569415812861,1,1
annual_shared_offset,3408,2025-02-14,2025-02-24,0.0045695818086644,2025,2024-12-31,learned_order_extension,20260911,0.623244763024503,0.623244763024503,1,1
annual_shared_offset,3413,2025-02-21,2025-03-03,-0.0183210488158531,2025,2024-12-31,learned_order_extension,20260911,0.5698307059548449,0.5698307059548449,1,0
annual_shared_offset,3418,2025-02-28,2025-03-10,0.0117650075646844,2025,2024-12-31,learned_order_extension,20260911,0.5277004284689892,0.5277004284689892,1,1
annual_shared_offset,3423,2025-03-07,2025-03-17,0.019023819058288,2025,2024-12-31,learned_order_extension,20260911,0.4694347191401159,0.4694347191401159,0,1
annual_shared_offset,3428,2025-03-14,2025-03-24,-0.0259983485216283,2025,2024-12-31,learned_order_extension,20260911,0.5654667556034778,0.5654667556034778,1,0
annual_shared_offset,3433,2025-03-21,2025-03-31,-0.0025867506275359,2025,2024-12-31,learned_order_extension,20260911,0.40561065982780425,0.40561065982780425,0,0
annual_shared_offset,3438,2025-03-28,2025-04-14,-0.0342910101946246,2025,2024-12-31,learned_order_extension,20260911,0.47795042275731253,0.47795042275731253,0,0
annual_state_offset_half,3384,2025-01-03,2025-01-13,-0.0189486730632231,2025,2024-12-31,learned_order_extension,20260911,0.43065388292304235,0.43065388292304235,0,0
annual_state_offset_half,3389,2025-01-10,2025-01-20,0.0353251773547418,2025,2024-12-31,learned_order_extension,20260911,0.3891931634884253,0.3891931634884253,0,1
annual_state_offset_half,3394,2025-01-17,2025-01-27,0.000432821422053,2025,2024-12-31,learned_order_extension,20260911,0.5293310636016386,0.5293310636016386,1,1
annual_state_offset_half,3399,2025-01-24,2025-02-10,0.0159344898044284,2025,2024-12-31,learned_order_extension,20260911,0.5678795814188538,0.5678795814188538,1,1
annual_state_offset_half,3403,2025-02-07,2025-02-17,0.0144454990892999,2025,2024-12-31,learned_order_extension,20260911,0.6181569415812861,0.6181569415812861,1,1
annual_state_offset_half,3408,2025-02-14,2025-02-24,0.0045695818086644,2025,2024-12-31,learned_order_extension,20260911,0.623244763024503,0.623244763024503,1,1
annual_state_offset_half,3413,2025-02-21,2025-03-03,-0.0183210488158531,2025,2024-12-31,learned_order_extension,20260911,0.5698307059548449,0.5698307059548449,1,0
annual_state_offset_half,3418,2025-02-28,2025-03-10,0.0117650075646844,2025,2024-12-31,learned_order_extension,20260911,0.5277004284689892,0.5277004284689892,1,1
annual_state_offset_half,3423,2025-03-07,2025-03-17,0.019023819058288,2025,2024-12-31,learned_order_extension,20260911,0.4694347191401159,0.4694347191401159,0,1
annual_state_offset_half,3428,2025-03-14,2025-03-24,-0.0259983485216283,2025,2024-12-31,learned_order_extension,20260911,0.5654667556034778,0.5654667556034778,1,0
annual_state_offset_half,3433,2025-03-21,2025-03-31,-0.0025867506275359,2025,2024-12-31,learned_order_extension,20260911,0.40561065982780425,0.40561065982780425,0,0
annual_state_offset_half,3438,2025-03-28,2025-04-14,-0.0342910101946246,2025,2024-12-31,learned_order_extension,20260911,0.47795042275731253,0.47795042275731253,0,0
annual_state_offset,3384,2025-01-03,2025-01-13,-0.0189486730632231,2025,2024-12-31,learned_order_offset,20260911,0.430743812553328,0.430743812553328,0,0
annual_state_offset,3389,2025-01-10,2025-01-20,0.0353251773547418,2025,2024-12-31,learned_order_offset,20260911,0.3892930545383684,0.3892930545383684,0,1
annual_state_offset,3394,2025-01-17,2025-01-27,0.000432821422053,2025,2024-12-31,learned_order_offset,20260911,0.52934454260111,0.52934454260111,1,1
annual_state_offset,3399,2025-01-24,2025-02-10,0.0159344898044284,2025,2024-12-31,learned_order_offset,20260911,0.5679288793949586,0.5679288793949586,1,1
annual_state_offset,3403,2025-02-07,2025-02-17,0.0144454990892999,2025,2024-12-31,learned_order_offset,20260911,0.6181544426401614,0.6181544426401614,1,1
annual_state_offset,3408,2025-02-14,2025-02-24,0.0045695818086644,2025,2024-12-31,learned_order_offset,20260911,0.6233447631977894,0.6233447631977894,1,1
annual_state_offset,3413,2025-02-21,2025-03-03,-0.0183210488158531,2025,2024-12-31,learned_order_offset,20260911,0.5699444546955538,0.5699444546955538,1,0
annual_state_offset,3418,2025-02-28,2025-03-10,0.0117650075646844,2025,2024-12-31,learned_order_offset,20260911,0.5277660121776485,0.5277660121776485,1,1
annual_state_offset,3423,2025-03-07,2025-03-17,0.019023819058288,2025,2024-12-31,learned_order_offset,20260911,0.46953630716328854,0.46953630716328854,0,1
annual_state_offset,3428,2025-03-14,2025-03-24,-0.0259983485216283,2025,2024-12-31,learned_order_offset,20260911,0.5655482902240324,0.5655482902240324,1,0
annual_state_offset,3433,2025-03-21,2025-03-31,-0.0025867506275359,2025,2024-12-31,learned_order_offset,20260911,0.4056793971990091,0.4056793971990091,0,0
annual_state_offset,3438,2025-03-28,2025-04-14,-0.0342910101946246,2025,2024-12-31,learned_order_offset,20260911,0.4779797038173516,0.4779797038173516,0,0
annual_shared_offset,3384,2025-01-03,2025-01-13,-0.0189486730632231,2025,2024-12-31,learned_order_offset,20260911,0.430743812553328,0.430743812553328,0,0
annual_shared_offset,3389,2025-01-10,2025-01-20,0.0353251773547418,2025,2024-12-31,learned_order_offset,20260911,0.3892930545383684,0.3892930545383684,0,1
annual_shared_offset,3394,2025-01-17,2025-01-27,0.000432821422053,2025,2024-12-31,learned_order_offset,20260911,0.52934454260111,0.52934454260111,1,1
annual_shared_offset,3399,2025-01-24,2025-02-10,0.0159344898044284,2025,2024-12-31,learned_order_offset,20260911,0.5679288793949586,0.5679288793949586,1,1
annual_shared_offset,3403,2025-02-07,2025-02-17,0.0144454990892999,2025,2024-12-31,learned_order_offset,20260911,0.6181544426401614,0.6181544426401614,1,1
annual_shared_offset,3408,2025-02-14,2025-02-24,0.0045695818086644,2025,2024-12-31,learned_order_offset,20260911,0.6233447631977894,0.6233447631977894,1,1
annual_shared_offset,3413,2025-02-21,2025-03-03,-0.0183210488158531,2025,2024-12-31,learned_order_offset,20260911,0.5699444546955538,0.5699444546955538,1,0
annual_shared_offset,3418,2025-02-28,2025-03-10,0.0117650075646844,2025,2024-12-31,learned_order_offset,20260911,0.5277660121776485,0.5277660121776485,1,1
annual_shared_offset,3423,2025-03-07,2025-03-17,0.019023819058288,2025,2024-12-31,learned_order_offset,20260911,0.46953630716328854,0.46953630716328854,0,1
annual_shared_offset,3428,2025-03-14,2025-03-24,-0.0259983485216283,2025,2024-12-31,learned_order_offset,20260911,0.5655482902240324,0.5655482902240324,1,0
annual_shared_offset,3433,2025-03-21,2025-03-31,-0.0025867506275359,2025,2024-12-31,learned_order_offset,20260911,0.4056793971990091,0.4056793971990091,0,0
annual_shared_offset,3438,2025-03-28,2025-04-14,-0.0342910101946246,2025,2024-12-31,learned_order_offset,20260911,0.4779797038173516,0.4779797038173516,0,0
annual_state_offset_half,3384,2025-01-03,2025-01-13,-0.0189486730632231,2025,2024-12-31,learned_order_offset,20260911,0.430743812553328,0.430743812553328,0,0
annual_state_offset_half,3389,2025-01-10,2025-01-20,0.0353251773547418,2025,2024-12-31,learned_order_offset,20260911,0.3892930545383684,0.3892930545383684,0,1
annual_state_offset_half,3394,2025-01-17,2025-01-27,0.000432821422053,2025,2024-12-31,learned_order_offset,20260911,0.52934454260111,0.52934454260111,1,1
annual_state_offset_half,3399,2025-01-24,2025-02-10,0.0159344898044284,2025,2024-12-31,learned_order_offset,20260911,0.5679288793949586,0.5679288793949586,1,1
annual_state_offset_half,3403,2025-02-07,2025-02-17,0.0144454990892999,2025,2024-12-31,learned_order_offset,20260911,0.6181544426401614,0.6181544426401614,1,1
annual_state_offset_half,3408,2025-02-14,2025-02-24,0.0045695818086644,2025,2024-12-31,learned_order_offset,20260911,0.6233447631977894,0.6233447631977894,1,1
annual_state_offset_half,3413,2025-02-21,2025-03-03,-0.0183210488158531,2025,2024-12-31,learned_order_offset,20260911,0.5699444546955538,0.5699444546955538,1,0
annual_state_offset_half,3418,2025-02-28,2025-03-10,0.0117650075646844,2025,2024-12-31,learned_order_offset,20260911,0.5277660121776485,0.5277660121776485,1,1
annual_state_offset_half,3423,2025-03-07,2025-03-17,0.019023819058288,2025,2024-12-31,learned_order_offset,20260911,0.46953630716328854,0.46953630716328854,0,1
annual_state_offset_half,3428,2025-03-14,2025-03-24,-0.0259983485216283,2025,2024-12-31,learned_order_offset,20260911,0.5655482902240324,0.5655482902240324,1,0
annual_state_offset_half,3433,2025-03-21,2025-03-31,-0.0025867506275359,2025,2024-12-31,learned_order_offset,20260911,0.4056793971990091,0.4056793971990091,0,0
annual_state_offset_half,3438,2025-03-28,2025-04-14,-0.0342910101946246,2025,2024-12-31,learned_order_offset,20260911,0.4779797038173516,0.4779797038173516,0,0
annual_state_offset,3384,2025-01-03,2025-01-13,-0.0189486730632231,2025,2024-12-31,learned_market,20260912,0.42089025641362,0.42089025641362,0,0
annual_state_offset,3389,2025-01-10,2025-01-20,0.0353251773547418,2025,2024-12-31,learned_market,20260912,0.6539720773420672,0.6539720773420672,1,1
annual_state_offset,3394,2025-01-17,2025-01-27,0.000432821422053,2025,2024-12-31,learned_market,20260912,0.5597316894392553,0.5597316894392553,1,1
annual_state_offset,3399,2025-01-24,2025-02-10,0.0159344898044284,2025,2024-12-31,learned_market,20260912,0.7143346906245566,0.7143346906245566,1,1
annual_state_offset,3403,2025-02-07,2025-02-17,0.0144454990892999,2025,2024-12-31,learned_market,20260912,0.6628191037923492,0.6628191037923492,1,1
annual_state_offset,3408,2025-02-14,2025-02-24,0.0045695818086644,2025,2024-12-31,learned_market,20260912,0.6357468977060057,0.6357468977060057,1,1
annual_state_offset,3413,2025-02-21,2025-03-03,-0.0183210488158531,2025,2024-12-31,learned_market,20260912,0.3807729420629625,0.3807729420629625,0,0
annual_state_offset,3418,2025-02-28,2025-03-10,0.0117650075646844,2025,2024-12-31,learned_market,20260912,0.5714127704615375,0.5714127704615375,1,1
annual_state_offset,3423,2025-03-07,2025-03-17,0.019023819058288,2025,2024-12-31,learned_market,20260912,0.2731298059228326,0.2731298059228326,0,1
annual_state_offset,3428,2025-03-14,2025-03-24,-0.0259983485216283,2025,2024-12-31,learned_market,20260912,0.696672234818679,0.696672234818679,1,0
annual_state_offset,3433,2025-03-21,2025-03-31,-0.0025867506275359,2025,2024-12-31,learned_market,20260912,0.5676267142547179,0.5676267142547179,1,0
annual_state_offset,3438,2025-03-28,2025-04-14,-0.0342910101946246,2025,2024-12-31,learned_market,20260912,0.560911448173473,0.560911448173473,1,0
annual_shared_offset,3384,2025-01-03,2025-01-13,-0.0189486730632231,2025,2024-12-31,learned_market,20260912,0.42089025641362,0.42089025641362,0,0
annual_shared_offset,3389,2025-01-10,2025-01-20,0.0353251773547418,2025,2024-12-31,learned_market,20260912,0.6539720773420672,0.6539720773420672,1,1
annual_shared_offset,3394,2025-01-17,2025-01-27,0.000432821422053,2025,2024-12-31,learned_market,20260912,0.5597316894392553,0.5597316894392553,1,1
annual_shared_offset,3399,2025-01-24,2025-02-10,0.0159344898044284,2025,2024-12-31,learned_market,20260912,0.7143346906245566,0.7143346906245566,1,1
annual_shared_offset,3403,2025-02-07,2025-02-17,0.0144454990892999,2025,2024-12-31,learned_market,20260912,0.6628191037923492,0.6628191037923492,1,1
annual_shared_offset,3408,2025-02-14,2025-02-24,0.0045695818086644,2025,2024-12-31,learned_market,20260912,0.6357468977060057,0.6357468977060057,1,1
annual_shared_offset,3413,2025-02-21,2025-03-03,-0.0183210488158531,2025,2024-12-31,learned_market,20260912,0.3807729420629625,0.3807729420629625,0,0
annual_shared_offset,3418,2025-02-28,2025-03-10,0.0117650075646844,2025,2024-12-31,learned_market,20260912,0.5714127704615375,0.5714127704615375,1,1
annual_shared_offset,3423,2025-03-07,2025-03-17,0.019023819058288,2025,2024-12-31,learned_market,20260912,0.2731298059228326,0.2731298059228326,0,1
annual_shared_offset,3428,2025-03-14,2025-03-24,-0.0259983485216283,2025,2024-12-31,learned_market,20260912,0.696672234818679,0.696672234818679,1,0
annual_shared_offset,3433,2025-03-21,2025-03-31,-0.0025867506275359,2025,2024-12-31,learned_market,20260912,0.5676267142547179,0.5676267142547179,1,0
annual_shared_offset,3438,2025-03-28,2025-04-14,-0.0342910101946246,2025,2024-12-31,learned_market,20260912,0.560911448173473,0.560911448173473,1,0
annual_state_offset_half,3384,2025-01-03,2025-01-13,-0.0189486730632231,2025,2024-12-31,learned_market,20260912,0.42089025641362,0.42089025641362,0,0
annual_state_offset_half,3389,2025-01-10,2025-01-20,0.0353251773547418,2025,2024-12-31,learned_market,20260912,0.6539720773420672,0.6539720773420672,1,1
annual_state_offset_half,3394,2025-01-17,2025-01-27,0.000432821422053,2025,2024-12-31,learned_market,20260912,0.5597316894392553,0.5597316894392553,1,1
annual_state_offset_half,3399,2025-01-24,2025-02-10,0.0159344898044284,2025,2024-12-31,learned_market,20260912,0.7143346906245566,0.7143346906245566,1,1
annual_state_offset_half,3403,2025-02-07,2025-02-17,0.0144454990892999,2025,2024-12-31,learned_market,20260912,0.6628191037923492,0.6628191037923492,1,1
annual_state_offset_half,3408,2025-02-14,2025-02-24,0.0045695818086644,2025,2024-12-31,learned_market,20260912,0.6357468977060057,0.6357468977060057,1,1
annual_state_offset_half,3413,2025-02-21,2025-03-03,-0.0183210488158531,2025,2024-12-31,learned_market,20260912,0.3807729420629625,0.3807729420629625,0,0
annual_state_offset_half,3418,2025-02-28,2025-03-10,0.0117650075646844,2025,2024-12-31,learned_market,20260912,0.5714127704615375,0.5714127704615375,1,1
annual_state_offset_half,3423,2025-03-07,2025-03-17,0.019023819058288,2025,2024-12-31,learned_market,20260912,0.2731298059228326,0.2731298059228326,0,1
annual_state_offset_half,3428,2025-03-14,2025-03-24,-0.0259983485216283,2025,2024-12-31,learned_market,20260912,0.696672234818679,0.696672234818679,1,0
annual_state_offset_half,3433,2025-03-21,2025-03-31,-0.0025867506275359,2025,2024-12-31,learned_market,20260912,0.5676267142547179,0.5676267142547179,1,0
annual_state_offset_half,3438,2025-03-28,2025-04-14,-0.0342910101946246,2025,2024-12-31,learned_market,20260912,0.560911448173473,0.560911448173473,1,0
annual_state_offset,3384,2025-01-03,2025-01-13,-0.0189486730632231,2025,2024-12-31,learned_vol_interaction,20260912,0.4216991098514313,0.4216991098514313,0,0
annual_state_offset,3389,2025-01-10,2025-01-20,0.0353251773547418,2025,2024-12-31,learned_vol_interaction,20260912,0.6572683815072808,0.6572683815072808,1,1
annual_state_offset,3394,2025-01-17,2025-01-27,0.000432821422053,2025,2024-12-31,learned_vol_interaction,20260912,0.5624117839252505,0.5624117839252505,1,1
annual_state_offset,3399,2025-01-24,2025-02-10,0.0159344898044284,2025,2024-12-31,learned_vol_interaction,20260912,0.7143566519320824,0.7143566519320824,1,1
annual_state_offset,3403,2025-02-07,2025-02-17,0.0144454990892999,2025,2024-12-31,learned_vol_interaction,20260912,0.6656753647706254,0.6656753647706254,1,1
annual_state_offset,3408,2025-02-14,2025-02-24,0.0045695818086644,2025,2024-12-31,learned_vol_interaction,20260912,0.6366748986711647,0.6366748986711647,1,1
annual_state_offset,3413,2025-02-21,2025-03-03,-0.0183210488158531,2025,2024-12-31,learned_vol_interaction,20260912,0.3758479309011285,0.3758479309011285,0,0
annual_state_offset,3418,2025-02-28,2025-03-10,0.0117650075646844,2025,2024-12-31,learned_vol_interaction,20260912,0.5709205167438731,0.5709205167438731,1,1
annual_state_offset,3423,2025-03-07,2025-03-17,0.019023819058288,2025,2024-12-31,learned_vol_interaction,20260912,0.2697314685006311,0.2697314685006311,0,1
annual_state_offset,3428,2025-03-14,2025-03-24,-0.0259983485216283,2025,2024-12-31,learned_vol_interaction,20260912,0.6971511109958376,0.6971511109958376,1,0
annual_state_offset,3433,2025-03-21,2025-03-31,-0.0025867506275359,2025,2024-12-31,learned_vol_interaction,20260912,0.5692380331101397,0.5692380331101397,1,0
annual_state_offset,3438,2025-03-28,2025-04-14,-0.0342910101946246,2025,2024-12-31,learned_vol_interaction,20260912,0.5653548865619433,0.5653548865619433,1,0
annual_shared_offset,3384,2025-01-03,2025-01-13,-0.0189486730632231,2025,2024-12-31,learned_vol_interaction,20260912,0.4216991098514313,0.4216991098514313,0,0
annual_shared_offset,3389,2025-01-10,2025-01-20,0.0353251773547418,2025,2024-12-31,learned_vol_interaction,20260912,0.6572683815072808,0.6572683815072808,1,1
annual_shared_offset,3394,2025-01-17,2025-01-27,0.000432821422053,2025,2024-12-31,learned_vol_interaction,20260912,0.5624117839252505,0.5624117839252505,1,1
annual_shared_offset,3399,2025-01-24,2025-02-10,0.0159344898044284,2025,2024-12-31,learned_vol_interaction,20260912,0.7143566519320824,0.7143566519320824,1,1
annual_shared_offset,3403,2025-02-07,2025-02-17,0.0144454990892999,2025,2024-12-31,learned_vol_interaction,20260912,0.6656753647706254,0.6656753647706254,1,1
annual_shared_offset,3408,2025-02-14,2025-02-24,0.0045695818086644,2025,2024-12-31,learned_vol_interaction,20260912,0.6366748986711647,0.6366748986711647,1,1
annual_shared_offset,3413,2025-02-21,2025-03-03,-0.0183210488158531,2025,2024-12-31,learned_vol_interaction,20260912,0.3758479309011285,0.3758479309011285,0,0
annual_shared_offset,3418,2025-02-28,2025-03-10,0.0117650075646844,2025,2024-12-31,learned_vol_interaction,20260912,0.5709205167438731,0.5709205167438731,1,1
annual_shared_offset,3423,2025-03-07,2025-03-17,0.019023819058288,2025,2024-12-31,learned_vol_interaction,20260912,0.2697314685006311,0.2697314685006311,0,1
annual_shared_offset,3428,2025-03-14,2025-03-24,-0.0259983485216283,2025,2024-12-31,learned_vol_interaction,20260912,0.6971511109958376,0.6971511109958376,1,0
annual_shared_offset,3433,2025-03-21,2025-03-31,-0.0025867506275359,2025,2024-12-31,learned_vol_interaction,20260912,0.5692380331101397,0.5692380331101397,1,0
annual_shared_offset,3438,2025-03-28,2025-04-14,-0.0342910101946246,2025,2024-12-31,learned_vol_interaction,20260912,0.5653548865619433,0.5653548865619433,1,0
annual_state_offset_half,3384,2025-01-03,2025-01-13,-0.0189486730632231,2025,2024-12-31,learned_vol_interaction,20260912,0.4216991098514313,0.4216991098514313,0,0
annual_state_offset_half,3389,2025-01-10,2025-01-20,0.0353251773547418,2025,2024-12-31,learned_vol_interaction,20260912,0.6572683815072808,0.6572683815072808,1,1
annual_state_offset_half,3394,2025-01-17,2025-01-27,0.000432821422053,2025,2024-12-31,learned_vol_interaction,20260912,0.5624117839252505,0.5624117839252505,1,1
annual_state_offset_half,3399,2025-01-24,2025-02-10,0.0159344898044284,2025,2024-12-31,learned_vol_interaction,20260912,0.7143566519320824,0.7143566519320824,1,1
annual_state_offset_half,3403,2025-02-07,2025-02-17,0.0144454990892999,2025,2024-12-31,learned_vol_interaction,20260912,0.6656753647706254,0.6656753647706254,1,1
annual_state_offset_half,3408,2025-02-14,2025-02-24,0.0045695818086644,2025,2024-12-31,learned_vol_interaction,20260912,0.6366748986711647,0.6366748986711647,1,1
annual_state_offset_half,3413,2025-02-21,2025-03-03,-0.0183210488158531,2025,2024-12-31,learned_vol_interaction,20260912,0.3758479309011285,0.3758479309011285,0,0
annual_state_offset_half,3418,2025-02-28,2025-03-10,0.0117650075646844,2025,2024-12-31,learned_vol_interaction,20260912,0.5709205167438731,0.5709205167438731,1,1
annual_state_offset_half,3423,2025-03-07,2025-03-17,0.019023819058288,2025,2024-12-31,learned_vol_interaction,20260912,0.2697314685006311,0.2697314685006311,0,1
annual_state_offset_half,3428,2025-03-14,2025-03-24,-0.0259983485216283,2025,2024-12-31,learned_vol_interaction,20260912,0.6971511109958376,0.6971511109958376,1,0
annual_state_offset_half,3433,2025-03-21,2025-03-31,-0.0025867506275359,2025,2024-12-31,learned_vol_interaction,20260912,0.5692380331101397,0.5692380331101397,1,0
annual_state_offset_half,3438,2025-03-28,2025-04-14,-0.0342910101946246,2025,2024-12-31,learned_vol_interaction,20260912,0.5653548865619433,0.5653548865619433,1,0
annual_state_offset,3384,2025-01-03,2025-01-13,-0.0189486730632231,2025,2024-12-31,learned_order_extension,20260912,0.43188465804609494,0.43188465804609494,0,0
annual_state_offset,3389,2025-01-10,2025-01-20,0.0353251773547418,2025,2024-12-31,learned_order_extension,20260912,0.7180313467789317,0.7180313467789317,1,1
annual_state_offset,3394,2025-01-17,2025-01-27,0.000432821422053,2025,2024-12-31,learned_order_extension,20260912,0.6186516338053223,0.6186516338053223,1,1
annual_state_offset,3399,2025-01-24,2025-02-10,0.0159344898044284,2025,2024-12-31,learned_order_extension,20260912,0.7832822932916682,0.7832822932916682,1,1
annual_state_offset,3403,2025-02-07,2025-02-17,0.0144454990892999,2025,2024-12-31,learned_order_extension,20260912,0.7098765758367355,0.7098765758367355,1,1
annual_state_offset,3408,2025-02-14,2025-02-24,0.0045695818086644,2025,2024-12-31,learned_order_extension,20260912,0.6855283540318028,0.6855283540318028,1,1
annual_state_offset,3413,2025-02-21,2025-03-03,-0.0183210488158531,2025,2024-12-31,learned_order_extension,20260912,0.40938066472725215,0.40938066472725215,0,0
annual_state_offset,3418,2025-02-28,2025-03-10,0.0117650075646844,2025,2024-12-31,learned_order_extension,20260912,0.6433684681685069,0.6433684681685069,1,1
annual_state_offset,3423,2025-03-07,2025-03-17,0.019023819058288,2025,2024-12-31,learned_order_extension,20260912,0.25002023502263354,0.25002023502263354,0,1
annual_state_offset,3428,2025-03-14,2025-03-24,-0.0259983485216283,2025,2024-12-31,learned_order_extension,20260912,0.7238176657049011,0.7238176657049011,1,0
annual_state_offset,3433,2025-03-21,2025-03-31,-0.0025867506275359,2025,2024-12-31,learned_order_extension,20260912,0.5988742871040955,0.5988742871040955,1,0
annual_state_offset,3438,2025-03-28,2025-04-14,-0.0342910101946246,2025,2024-12-31,learned_order_extension,20260912,0.6204095542696454,0.6204095542696454,1,0
annual_shared_offset,3384,2025-01-03,2025-01-13,-0.0189486730632231,2025,2024-12-31,learned_order_extension,20260912,0.43188465804609494,0.43188465804609494,0,0
annual_shared_offset,3389,2025-01-10,2025-01-20,0.0353251773547418,2025,2024-12-31,learned_order_extension,20260912,0.7180313467789317,0.7180313467789317,1,1
annual_shared_offset,3394,2025-01-17,2025-01-27,0.000432821422053,2025,2024-12-31,learned_order_extension,20260912,0.6186516338053223,0.6186516338053223,1,1
annual_shared_offset,3399,2025-01-24,2025-02-10,0.0159344898044284,2025,2024-12-31,learned_order_extension,20260912,0.7832822932916682,0.7832822932916682,1,1
annual_shared_offset,3403,2025-02-07,2025-02-17,0.0144454990892999,2025,2024-12-31,learned_order_extension,20260912,0.7098765758367355,0.7098765758367355,1,1
annual_shared_offset,3408,2025-02-14,2025-02-24,0.0045695818086644,2025,2024-12-31,learned_order_extension,20260912,0.6855283540318028,0.6855283540318028,1,1
annual_shared_offset,3413,2025-02-21,2025-03-03,-0.0183210488158531,2025,2024-12-31,learned_order_extension,20260912,0.40938066472725215,0.40938066472725215,0,0
annual_shared_offset,3418,2025-02-28,2025-03-10,0.0117650075646844,2025,2024-12-31,learned_order_extension,20260912,0.6433684681685069,0.6433684681685069,1,1
annual_shared_offset,3423,2025-03-07,2025-03-17,0.019023819058288,2025,2024-12-31,learned_order_extension,20260912,0.25002023502263354,0.25002023502263354,0,1
annual_shared_offset,3428,2025-03-14,2025-03-24,-0.0259983485216283,2025,2024-12-31,learned_order_extension,20260912,0.7238176657049011,0.7238176657049011,1,0
annual_shared_offset,3433,2025-03-21,2025-03-31,-0.0025867506275359,2025,2024-12-31,learned_order_extension,20260912,0.5988742871040955,0.5988742871040955,1,0
annual_shared_offset,3438,2025-03-28,2025-04-14,-0.0342910101946246,2025,2024-12-31,learned_order_extension,20260912,0.6204095542696454,0.6204095542696454,1,0
annual_state_offset_half,3384,2025-01-03,2025-01-13,-0.0189486730632231,2025,2024-12-31,learned_order_extension,20260912,0.43188465804609494,0.43188465804609494,0,0
annual_state_offset_half,3389,2025-01-10,2025-01-20,0.0353251773547418,2025,2024-12-31,learned_order_extension,20260912,0.7180313467789317,0.7180313467789317,1,1
annual_state_offset_half,3394,2025-01-17,2025-01-27,0.000432821422053,2025,2024-12-31,learned_order_extension,20260912,0.6186516338053223,0.6186516338053223,1,1
annual_state_offset_half,3399,2025-01-24,2025-02-10,0.0159344898044284,2025,2024-12-31,learned_order_extension,20260912,0.7832822932916682,0.7832822932916682,1,1
annual_state_offset_half,3403,2025-02-07,2025-02-17,0.0144454990892999,2025,2024-12-31,learned_order_extension,20260912,0.7098765758367355,0.7098765758367355,1,1
annual_state_offset_half,3408,2025-02-14,2025-02-24,0.0045695818086644,2025,2024-12-31,learned_order_extension,20260912,0.6855283540318028,0.6855283540318028,1,1
annual_state_offset_half,3413,2025-02-21,2025-03-03,-0.0183210488158531,2025,2024-12-31,learned_order_extension,20260912,0.40938066472725215,0.40938066472725215,0,0
annual_state_offset_half,3418,2025-02-28,2025-03-10,0.0117650075646844,2025,2024-12-31,learned_order_extension,20260912,0.6433684681685069,0.6433684681685069,1,1
annual_state_offset_half,3423,2025-03-07,2025-03-17,0.019023819058288,2025,2024-12-31,learned_order_extension,20260912,0.25002023502263354,0.25002023502263354,0,1
annual_state_offset_half,3428,2025-03-14,2025-03-24,-0.0259983485216283,2025,2024-12-31,learned_order_extension,20260912,0.7238176657049011,0.7238176657049011,1,0
annual_state_offset_half,3433,2025-03-21,2025-03-31,-0.0025867506275359,2025,2024-12-31,learned_order_extension,20260912,0.5988742871040955,0.5988742871040955,1,0
annual_state_offset_half,3438,2025-03-28,2025-04-14,-0.0342910101946246,2025,2024-12-31,learned_order_extension,20260912,0.6204095542696454,0.6204095542696454,1,0
annual_state_offset,3384,2025-01-03,2025-01-13,-0.0189486730632231,2025,2024-12-31,learned_order_offset,20260912,0.4326309825835323,0.4326309825835323,0,0
annual_state_offset,3389,2025-01-10,2025-01-20,0.0353251773547418,2025,2024-12-31,learned_order_offset,20260912,0.7155096866522207,0.7155096866522207,1,1
annual_state_offset,3394,2025-01-17,2025-01-27,0.000432821422053,2025,2024-12-31,learned_order_offset,20260912,0.6172483281551261,0.6172483281551261,1,1
annual_state_offset,3399,2025-01-24,2025-02-10,0.0159344898044284,2025,2024-12-31,learned_order_offset,20260912,0.7808632543831274,0.7808632543831274,1,1
annual_state_offset,3403,2025-02-07,2025-02-17,0.0144454990892999,2025,2024-12-31,learned_order_offset,20260912,0.7081726942730068,0.7081726942730068,1,1
annual_state_offset,3408,2025-02-14,2025-02-24,0.0045695818086644,2025,2024-12-31,learned_order_offset,20260912,0.6832841057647039,0.6832841057647039,1,1
annual_state_offset,3413,2025-02-21,2025-03-03,-0.0183210488158531,2025,2024-12-31,learned_order_offset,20260912,0.4117646835265383,0.4117646835265383,0,0
annual_state_offset,3418,2025-02-28,2025-03-10,0.0117650075646844,2025,2024-12-31,learned_order_offset,20260912,0.6412881777301309,0.6412881777301309,1,1
annual_state_offset,3423,2025-03-07,2025-03-17,0.019023819058288,2025,2024-12-31,learned_order_offset,20260912,0.25180315037211576,0.25180315037211576,0,1
annual_state_offset,3428,2025-03-14,2025-03-24,-0.0259983485216283,2025,2024-12-31,learned_order_offset,20260912,0.7172777696525664,0.7172777696525664,1,0
annual_state_offset,3433,2025-03-21,2025-03-31,-0.0025867506275359,2025,2024-12-31,learned_order_offset,20260912,0.5938462138293957,0.5938462138293957,1,0
annual_state_offset,3438,2025-03-28,2025-04-14,-0.0342910101946246,2025,2024-12-31,learned_order_offset,20260912,0.6157709090258536,0.6157709090258536,1,0
annual_shared_offset,3384,2025-01-03,2025-01-13,-0.0189486730632231,2025,2024-12-31,learned_order_offset,20260912,0.4326309825835323,0.4326309825835323,0,0
annual_shared_offset,3389,2025-01-10,2025-01-20,0.0353251773547418,2025,2024-12-31,learned_order_offset,20260912,0.7155096866522207,0.7155096866522207,1,1
annual_shared_offset,3394,2025-01-17,2025-01-27,0.000432821422053,2025,2024-12-31,learned_order_offset,20260912,0.6172483281551261,0.6172483281551261,1,1
annual_shared_offset,3399,2025-01-24,2025-02-10,0.0159344898044284,2025,2024-12-31,learned_order_offset,20260912,0.7808632543831274,0.7808632543831274,1,1
annual_shared_offset,3403,2025-02-07,2025-02-17,0.0144454990892999,2025,2024-12-31,learned_order_offset,20260912,0.7081726942730068,0.7081726942730068,1,1
annual_shared_offset,3408,2025-02-14,2025-02-24,0.0045695818086644,2025,2024-12-31,learned_order_offset,20260912,0.6832841057647039,0.6832841057647039,1,1
annual_shared_offset,3413,2025-02-21,2025-03-03,-0.0183210488158531,2025,2024-12-31,learned_order_offset,20260912,0.4117646835265383,0.4117646835265383,0,0
annual_shared_offset,3418,2025-02-28,2025-03-10,0.0117650075646844,2025,2024-12-31,learned_order_offset,20260912,0.6412881777301309,0.6412881777301309,1,1
annual_shared_offset,3423,2025-03-07,2025-03-17,0.019023819058288,2025,2024-12-31,learned_order_offset,20260912,0.25180315037211576,0.25180315037211576,0,1
annual_shared_offset,3428,2025-03-14,2025-03-24,-0.0259983485216283,2025,2024-12-31,learned_order_offset,20260912,0.7172777696525664,0.7172777696525664,1,0
annual_shared_offset,3433,2025-03-21,2025-03-31,-0.0025867506275359,2025,2024-12-31,learned_order_offset,20260912,0.5938462138293957,0.5938462138293957,1,0
annual_shared_offset,3438,2025-03-28,2025-04-14,-0.0342910101946246,2025,2024-12-31,learned_order_offset,20260912,0.6157709090258536,0.6157709090258536,1,0
annual_state_offset_half,3384,2025-01-03,2025-01-13,-0.0189486730632231,2025,2024-12-31,learned_order_offset,20260912,0.4326309825835323,0.4326309825835323,0,0
annual_state_offset_half,3389,2025-01-10,2025-01-20,0.0353251773547418,2025,2024-12-31,learned_order_offset,20260912,0.7155096866522207,0.7155096866522207,1,1
annual_state_offset_half,3394,2025-01-17,2025-01-27,0.000432821422053,2025,2024-12-31,learned_order_offset,20260912,0.6172483281551261,0.6172483281551261,1,1
annual_state_offset_half,3399,2025-01-24,2025-02-10,0.0159344898044284,2025,2024-12-31,learned_order_offset,20260912,0.7808632543831274,0.7808632543831274,1,1
annual_state_offset_half,3403,2025-02-07,2025-02-17,0.0144454990892999,2025,2024-12-31,learned_order_offset,20260912,0.7081726942730068,0.7081726942730068,1,1
annual_state_offset_half,3408,2025-02-14,2025-02-24,0.0045695818086644,2025,2024-12-31,learned_order_offset,20260912,0.6832841057647039,0.6832841057647039,1,1
annual_state_offset_half,3413,2025-02-21,2025-03-03,-0.0183210488158531,2025,2024-12-31,learned_order_offset,20260912,0.4117646835265383,0.4117646835265383,0,0
annual_state_offset_half,3418,2025-02-28,2025-03-10,0.0117650075646844,2025,2024-12-31,learned_order_offset,20260912,0.6412881777301309,0.6412881777301309,1,1
annual_state_offset_half,3423,2025-03-07,2025-03-17,0.019023819058288,2025,2024-12-31,learned_order_offset,20260912,0.25180315037211576,0.25180315037211576,0,1
annual_state_offset_half,3428,2025-03-14,2025-03-24,-0.0259983485216283,2025,2024-12-31,learned_order_offset,20260912,0.7172777696525664,0.7172777696525664,1,0
annual_state_offset_half,3433,2025-03-21,2025-03-31,-0.0025867506275359,2025,2024-12-31,learned_order_offset,20260912,0.5938462138293957,0.5938462138293957,1,0
annual_state_offset_half,3438,2025-03-28,2025-04-14,-0.0342910101946246,2025,2024-12-31,learned_order_offset,20260912,0.6157709090258536,0.6157709090258536,1,0
annual_state_offset,3447,2025-04-11,2025-04-21,-0.0010339232881941,2025,2025-03-31,learned_market,20260910,0.5214083358108379,0.5214083358108379,1,0
annual_state_offset,3452,2025-04-18,2025-04-28,0.0048432383085554,2025,2025-03-31,learned_market,20260910,0.7734052582999416,0.7734052582999416,1,1
annual_state_offset,3457,2025-04-25,2025-05-12,0.02116527880118,2025,2025-03-31,learned_market,20260910,0.4558498073052,0.4558498073052,0,1
annual_state_offset,3464,2025-05-09,2025-05-19,0.0041484224873464,2025,2025-03-31,learned_market,20260910,0.4139635140116005,0.4139635140116005,0,1
annual_state_offset,3469,2025-05-16,2025-05-26,-0.0017462660042188,2025,2025-03-31,learned_market,20260910,0.375115342945909,0.375115342945909,0,0
annual_state_offset,3474,2025-05-23,2025-06-03,-0.0109216443615366,2025,2025-03-31,learned_market,20260910,0.4793317412580766,0.4793317412580766,0,0
annual_state_offset,3479,2025-05-30,2025-06-09,0.011566574321892,2025,2025-03-31,learned_market,20260910,0.40818133009551394,0.40818133009551394,0,1
annual_state_offset,3483,2025-06-06,2025-06-16,-0.0062354943524679,2025,2025-03-31,learned_market,20260910,0.4438446816866282,0.4438446816866282,0,0
annual_state_offset,3488,2025-06-13,2025-06-23,-0.005825691168304,2025,2025-03-31,learned_market,20260910,0.4410416361353795,0.4410416361353795,0,0
annual_state_offset,3493,2025-06-20,2025-06-30,0.0232670437490374,2025,2025-03-31,learned_market,20260910,0.4555739386758221,0.4555739386758221,0,1
annual_state_offset,3498,2025-06-27,2025-07-07,0.0145345648685946,2025,2025-03-31,learned_market,20260910,0.3732862575696102,0.3732862575696102,0,1
annual_shared_offset,3447,2025-04-11,2025-04-21,-0.0010339232881941,2025,2025-03-31,learned_market,20260910,0.5214083358108379,0.5214083358108379,1,0
annual_shared_offset,3452,2025-04-18,2025-04-28,0.0048432383085554,2025,2025-03-31,learned_market,20260910,0.7734052582999416,0.7734052582999416,1,1
annual_shared_offset,3457,2025-04-25,2025-05-12,0.02116527880118,2025,2025-03-31,learned_market,20260910,0.4558498073052,0.4558498073052,0,1
annual_shared_offset,3464,2025-05-09,2025-05-19,0.0041484224873464,2025,2025-03-31,learned_market,20260910,0.4139635140116005,0.4139635140116005,0,1
annual_shared_offset,3469,2025-05-16,2025-05-26,-0.0017462660042188,2025,2025-03-31,learned_market,20260910,0.375115342945909,0.375115342945909,0,0
annual_shared_offset,3474,2025-05-23,2025-06-03,-0.0109216443615366,2025,2025-03-31,learned_market,20260910,0.4793317412580766,0.4793317412580766,0,0
annual_shared_offset,3479,2025-05-30,2025-06-09,0.011566574321892,2025,2025-03-31,learned_market,20260910,0.40818133009551394,0.40818133009551394,0,1
annual_shared_offset,3483,2025-06-06,2025-06-16,-0.0062354943524679,2025,2025-03-31,learned_market,20260910,0.4438446816866282,0.4438446816866282,0,0
annual_shared_offset,3488,2025-06-13,2025-06-23,-0.005825691168304,2025,2025-03-31,learned_market,20260910,0.4410416361353795,0.4410416361353795,0,0
annual_shared_offset,3493,2025-06-20,2025-06-30,0.0232670437490374,2025,2025-03-31,learned_market,20260910,0.4555739386758221,0.4555739386758221,0,1
annual_shared_offset,3498,2025-06-27,2025-07-07,0.0145345648685946,2025,2025-03-31,learned_market,20260910,0.3732862575696102,0.3732862575696102,0,1
annual_state_offset_half,3447,2025-04-11,2025-04-21,-0.0010339232881941,2025,2025-03-31,learned_market,20260910,0.5214083358108379,0.5214083358108379,1,0
annual_state_offset_half,3452,2025-04-18,2025-04-28,0.0048432383085554,2025,2025-03-31,learned_market,20260910,0.7734052582999416,0.7734052582999416,1,1
annual_state_offset_half,3457,2025-04-25,2025-05-12,0.02116527880118,2025,2025-03-31,learned_market,20260910,0.4558498073052,0.4558498073052,0,1
annual_state_offset_half,3464,2025-05-09,2025-05-19,0.0041484224873464,2025,2025-03-31,learned_market,20260910,0.39273887823432135,0.39273887823432135,0,1
annual_state_offset_half,3469,2025-05-16,2025-05-26,-0.0017462660042188,2025,2025-03-31,learned_market,20260910,0.35467704889617735,0.35467704889617735,0,0
annual_state_offset_half,3474,2025-05-23,2025-06-03,-0.0109216443615366,2025,2025-03-31,learned_market,20260910,0.4573712688726479,0.4573712688726479,0,0
annual_state_offset_half,3479,2025-05-30,2025-06-09,0.011566574321892,2025,2025-03-31,learned_market,20260910,0.3870573533991115,0.3870573533991115,0,1
annual_state_offset_half,3483,2025-06-06,2025-06-16,-0.0062354943524679,2025,2025-03-31,learned_market,20260910,0.4221917107866066,0.4221917107866066,0,0
annual_state_offset_half,3488,2025-06-13,2025-06-23,-0.005825691168304,2025,2025-03-31,learned_market,20260910,0.4194222849467725,0.4194222849467725,0,0
annual_state_offset_half,3493,2025-06-20,2025-06-30,0.0232670437490374,2025,2025-03-31,learned_market,20260910,0.43379507488345226,0.43379507488345226,0,1
annual_state_offset_half,3498,2025-06-27,2025-07-07,0.0145345648685946,2025,2025-03-31,learned_market,20260910,0.3732862575696102,0.3732862575696102,0,1
annual_state_offset,3447,2025-04-11,2025-04-21,-0.0010339232881941,2025,2025-03-31,learned_vol_interaction,20260910,0.5594314824149098,0.5594314824149098,1,0
annual_state_offset,3452,2025-04-18,2025-04-28,0.0048432383085554,2025,2025-03-31,learned_vol_interaction,20260910,0.6161803550192988,0.6161803550192988,1,1
annual_state_offset,3457,2025-04-25,2025-05-12,0.02116527880118,2025,2025-03-31,learned_vol_interaction,20260910,0.5129504837776576,0.5129504837776576,1,1
annual_state_offset,3464,2025-05-09,2025-05-19,0.0041484224873464,2025,2025-03-31,learned_vol_interaction,20260910,0.37777514778797633,0.37777514778797633,0,1
annual_state_offset,3469,2025-05-16,2025-05-26,-0.0017462660042188,2025,2025-03-31,learned_vol_interaction,20260910,0.3419429729735786,0.3419429729735786,0,0
annual_state_offset,3474,2025-05-23,2025-06-03,-0.0109216443615366,2025,2025-03-31,learned_vol_interaction,20260910,0.4799166305800118,0.4799166305800118,0,0
annual_state_offset,3479,2025-05-30,2025-06-09,0.011566574321892,2025,2025-03-31,learned_vol_interaction,20260910,0.4037013261977639,0.4037013261977639,0,1
annual_state_offset,3483,2025-06-06,2025-06-16,-0.0062354943524679,2025,2025-03-31,learned_vol_interaction,20260910,0.4340420564196297,0.4340420564196297,0,0
annual_state_offset,3488,2025-06-13,2025-06-23,-0.005825691168304,2025,2025-03-31,learned_vol_interaction,20260910,0.4301495854977219,0.4301495854977219,0,0
annual_state_offset,3493,2025-06-20,2025-06-30,0.0232670437490374,2025,2025-03-31,learned_vol_interaction,20260910,0.4633184765503297,0.4633184765503297,0,1
annual_state_offset,3498,2025-06-27,2025-07-07,0.0145345648685946,2025,2025-03-31,learned_vol_interaction,20260910,0.38892299865015934,0.38892299865015934,0,1
annual_shared_offset,3447,2025-04-11,2025-04-21,-0.0010339232881941,2025,2025-03-31,learned_vol_interaction,20260910,0.5594314824149098,0.5594314824149098,1,0
annual_shared_offset,3452,2025-04-18,2025-04-28,0.0048432383085554,2025,2025-03-31,learned_vol_interaction,20260910,0.6161803550192988,0.6161803550192988,1,1
annual_shared_offset,3457,2025-04-25,2025-05-12,0.02116527880118,2025,2025-03-31,learned_vol_interaction,20260910,0.5129504837776576,0.5129504837776576,1,1
annual_shared_offset,3464,2025-05-09,2025-05-19,0.0041484224873464,2025,2025-03-31,learned_vol_interaction,20260910,0.37777514778797633,0.37777514778797633,0,1
annual_shared_offset,3469,2025-05-16,2025-05-26,-0.0017462660042188,2025,2025-03-31,learned_vol_interaction,20260910,0.3419429729735786,0.3419429729735786,0,0
annual_shared_offset,3474,2025-05-23,2025-06-03,-0.0109216443615366,2025,2025-03-31,learned_vol_interaction,20260910,0.4799166305800118,0.4799166305800118,0,0
annual_shared_offset,3479,2025-05-30,2025-06-09,0.011566574321892,2025,2025-03-31,learned_vol_interaction,20260910,0.4037013261977639,0.4037013261977639,0,1
annual_shared_offset,3483,2025-06-06,2025-06-16,-0.0062354943524679,2025,2025-03-31,learned_vol_interaction,20260910,0.4340420564196297,0.4340420564196297,0,0
annual_shared_offset,3488,2025-06-13,2025-06-23,-0.005825691168304,2025,2025-03-31,learned_vol_interaction,20260910,0.4301495854977219,0.4301495854977219,0,0
annual_shared_offset,3493,2025-06-20,2025-06-30,0.0232670437490374,2025,2025-03-31,learned_vol_interaction,20260910,0.4633184765503297,0.4633184765503297,0,1
annual_shared_offset,3498,2025-06-27,2025-07-07,0.0145345648685946,2025,2025-03-31,learned_vol_interaction,20260910,0.38892299865015934,0.38892299865015934,0,1
annual_state_offset_half,3447,2025-04-11,2025-04-21,-0.0010339232881941,2025,2025-03-31,learned_vol_interaction,20260910,0.5594314824149098,0.5594314824149098,1,0
annual_state_offset_half,3452,2025-04-18,2025-04-28,0.0048432383085554,2025,2025-03-31,learned_vol_interaction,20260910,0.6161803550192988,0.6161803550192988,1,1
annual_state_offset_half,3457,2025-04-25,2025-05-12,0.02116527880118,2025,2025-03-31,learned_vol_interaction,20260910,0.5129504837776576,0.5129504837776576,1,1
annual_state_offset_half,3464,2025-05-09,2025-05-19,0.0041484224873464,2025,2025-03-31,learned_vol_interaction,20260910,0.35854461016252726,0.35854461016252726,0,1
annual_state_offset_half,3469,2025-05-16,2025-05-26,-0.0017462660042188,2025,2025-03-31,learned_vol_interaction,20260910,0.32358787746070505,0.32358787746070505,0,0
annual_state_offset_half,3474,2025-05-23,2025-06-03,-0.0109216443615366,2025,2025-03-31,learned_vol_interaction,20260910,0.45932485539858386,0.45932485539858386,0,0
annual_state_offset_half,3479,2025-05-30,2025-06-09,0.011566574321892,2025,2025-03-31,learned_vol_interaction,20260910,0.38396543041847997,0.38396543041847997,0,1
annual_state_offset_half,3483,2025-06-06,2025-06-16,-0.0062354943524679,2025,2025-03-31,learned_vol_interaction,20260910,0.41385232978722647,0.41385232978722647,0,0
annual_state_offset_half,3488,2025-06-13,2025-06-23,-0.005825691168304,2025,2025-03-31,learned_vol_interaction,20260910,0.41000974963371045,0.41000974963371045,0,0
annual_state_offset_half,3493,2025-06-20,2025-06-30,0.0232670437490374,2025,2025-03-31,learned_vol_interaction,20260910,0.442832484951795,0.442832484951795,0,1
annual_state_offset_half,3498,2025-06-27,2025-07-07,0.0145345648685946,2025,2025-03-31,learned_vol_interaction,20260910,0.38892299865015934,0.38892299865015934,0,1
annual_state_offset,3447,2025-04-11,2025-04-21,-0.0010339232881941,2025,2025-03-31,learned_order_extension,20260910,0.567649834278569,0.567649834278569,1,0
annual_state_offset,3452,2025-04-18,2025-04-28,0.0048432383085554,2025,2025-03-31,learned_order_extension,20260910,0.681410394058545,0.681410394058545,1,1
annual_state_offset,3457,2025-04-25,2025-05-12,0.02116527880118,2025,2025-03-31,learned_order_extension,20260910,0.5052829053147527,0.5052829053147527,1,1
annual_state_offset,3464,2025-05-09,2025-05-19,0.0041484224873464,2025,2025-03-31,learned_order_extension,20260910,0.3634539498518111,0.3634539498518111,0,1
annual_state_offset,3469,2025-05-16,2025-05-26,-0.0017462660042188,2025,2025-03-31,learned_order_extension,20260910,0.33818002358439564,0.33818002358439564,0,0
annual_state_offset,3474,2025-05-23,2025-06-03,-0.0109216443615366,2025,2025-03-31,learned_order_extension,20260910,0.48318072948326735,0.48318072948326735,0,0
annual_state_offset,3479,2025-05-30,2025-06-09,0.011566574321892,2025,2025-03-31,learned_order_extension,20260910,0.4269699748692657,0.4269699748692657,0,1
annual_state_offset,3483,2025-06-06,2025-06-16,-0.0062354943524679,2025,2025-03-31,learned_order_extension,20260910,0.44709164890771297,0.44709164890771297,0,0
annual_state_offset,3488,2025-06-13,2025-06-23,-0.005825691168304,2025,2025-03-31,learned_order_extension,20260910,0.43740661482645893,0.43740661482645893,0,0
annual_state_offset,3493,2025-06-20,2025-06-30,0.0232670437490374,2025,2025-03-31,learned_order_extension,20260910,0.4740677511326544,0.4740677511326544,0,1
annual_state_offset,3498,2025-06-27,2025-07-07,0.0145345648685946,2025,2025-03-31,learned_order_extension,20260910,0.40978431801033516,0.40978431801033516,0,1
annual_shared_offset,3447,2025-04-11,2025-04-21,-0.0010339232881941,2025,2025-03-31,learned_order_extension,20260910,0.567649834278569,0.567649834278569,1,0
annual_shared_offset,3452,2025-04-18,2025-04-28,0.0048432383085554,2025,2025-03-31,learned_order_extension,20260910,0.681410394058545,0.681410394058545,1,1
annual_shared_offset,3457,2025-04-25,2025-05-12,0.02116527880118,2025,2025-03-31,learned_order_extension,20260910,0.5052829053147527,0.5052829053147527,1,1
annual_shared_offset,3464,2025-05-09,2025-05-19,0.0041484224873464,2025,2025-03-31,learned_order_extension,20260910,0.3634539498518111,0.3634539498518111,0,1
annual_shared_offset,3469,2025-05-16,2025-05-26,-0.0017462660042188,2025,2025-03-31,learned_order_extension,20260910,0.33818002358439564,0.33818002358439564,0,0
annual_shared_offset,3474,2025-05-23,2025-06-03,-0.0109216443615366,2025,2025-03-31,learned_order_extension,20260910,0.48318072948326735,0.48318072948326735,0,0
annual_shared_offset,3479,2025-05-30,2025-06-09,0.011566574321892,2025,2025-03-31,learned_order_extension,20260910,0.4269699748692657,0.4269699748692657,0,1
annual_shared_offset,3483,2025-06-06,2025-06-16,-0.0062354943524679,2025,2025-03-31,learned_order_extension,20260910,0.44709164890771297,0.44709164890771297,0,0
annual_shared_offset,3488,2025-06-13,2025-06-23,-0.005825691168304,2025,2025-03-31,learned_order_extension,20260910,0.43740661482645893,0.43740661482645893,0,0
annual_shared_offset,3493,2025-06-20,2025-06-30,0.0232670437490374,2025,2025-03-31,learned_order_extension,20260910,0.4740677511326544,0.4740677511326544,0,1
annual_shared_offset,3498,2025-06-27,2025-07-07,0.0145345648685946,2025,2025-03-31,learned_order_extension,20260910,0.40978431801033516,0.40978431801033516,0,1
annual_state_offset_half,3447,2025-04-11,2025-04-21,-0.0010339232881941,2025,2025-03-31,learned_order_extension,20260910,0.567649834278569,0.567649834278569,1,0
annual_state_offset_half,3452,2025-04-18,2025-04-28,0.0048432383085554,2025,2025-03-31,learned_order_extension,20260910,0.681410394058545,0.681410394058545,1,1
annual_state_offset_half,3457,2025-04-25,2025-05-12,0.02116527880118,2025,2025-03-31,learned_order_extension,20260910,0.5052829053147527,0.5052829053147527,1,1
annual_state_offset_half,3464,2025-05-09,2025-05-19,0.0041484224873464,2025,2025-03-31,learned_order_extension,20260910,0.34552455938765136,0.34552455938765136,0,1
annual_state_offset_half,3469,2025-05-16,2025-05-26,-0.0017462660042188,2025,2025-03-31,learned_order_extension,20260910,0.32086893720408527,0.32086893720408527,0,0
annual_state_offset_half,3474,2025-05-23,2025-06-03,-0.0109216443615366,2025,2025-03-31,learned_order_extension,20260910,0.463647096693214,0.463647096693214,0,0
annual_state_offset_half,3479,2025-05-30,2025-06-09,0.011566574321892,2025,2025-03-31,learned_order_extension,20260910,0.4079151907437945,0.4079151907437945,0,1
annual_state_offset_half,3483,2025-06-06,2025-06-16,-0.0062354943524679,2025,2025-03-31,learned_order_extension,20260910,0.4278092910900173,0.4278092910900173,0,0
annual_state_offset_half,3488,2025-06-13,2025-06-23,-0.005825691168304,2025,2025-03-31,learned_order_extension,20260910,0.41822600416017597,0.41822600416017597,0,0
annual_state_offset_half,3493,2025-06-20,2025-06-30,0.0232670437490374,2025,2025-03-31,learned_order_extension,20260910,0.45457848636887416,0.45457848636887416,0,1
annual_state_offset_half,3498,2025-06-27,2025-07-07,0.0145345648685946,2025,2025-03-31,learned_order_extension,20260910,0.40978431801033516,0.40978431801033516,0,1
annual_state_offset,3447,2025-04-11,2025-04-21,-0.0010339232881941,2025,2025-03-31,learned_order_offset,20260910,0.5649605883931398,0.5649605883931398,1,0
annual_state_offset,3452,2025-04-18,2025-04-28,0.0048432383085554,2025,2025-03-31,learned_order_offset,20260910,0.6812464486051237,0.6812464486051237,1,1
annual_state_offset,3457,2025-04-25,2025-05-12,0.02116527880118,2025,2025-03-31,learned_order_offset,20260910,0.5051445248644001,0.5051445248644001,1,1
annual_state_offset,3464,2025-05-09,2025-05-19,0.0041484224873464,2025,2025-03-31,learned_order_offset,20260910,0.3643915355442454,0.3643915355442454,0,1
annual_state_offset,3469,2025-05-16,2025-05-26,-0.0017462660042188,2025,2025-03-31,learned_order_offset,20260910,0.3385847411851751,0.3385847411851751,0,0
annual_state_offset,3474,2025-05-23,2025-06-03,-0.0109216443615366,2025,2025-03-31,learned_order_offset,20260910,0.48386897137365104,0.48386897137365104,0,0
annual_state_offset,3479,2025-05-30,2025-06-09,0.011566574321892,2025,2025-03-31,learned_order_offset,20260910,0.42742771723519846,0.42742771723519846,0,1
annual_state_offset,3483,2025-06-06,2025-06-16,-0.0062354943524679,2025,2025-03-31,learned_order_offset,20260910,0.44817993696744146,0.44817993696744146,0,0
annual_state_offset,3488,2025-06-13,2025-06-23,-0.005825691168304,2025,2025-03-31,learned_order_offset,20260910,0.43812127077707264,0.43812127077707264,0,0
annual_state_offset,3493,2025-06-20,2025-06-30,0.0232670437490374,2025,2025-03-31,learned_order_offset,20260910,0.47431671026857464,0.47431671026857464,0,1
annual_state_offset,3498,2025-06-27,2025-07-07,0.0145345648685946,2025,2025-03-31,learned_order_offset,20260910,0.4097128200210753,0.4097128200210753,0,1
annual_shared_offset,3447,2025-04-11,2025-04-21,-0.0010339232881941,2025,2025-03-31,learned_order_offset,20260910,0.5649605883931398,0.5649605883931398,1,0
annual_shared_offset,3452,2025-04-18,2025-04-28,0.0048432383085554,2025,2025-03-31,learned_order_offset,20260910,0.6812464486051237,0.6812464486051237,1,1
annual_shared_offset,3457,2025-04-25,2025-05-12,0.02116527880118,2025,2025-03-31,learned_order_offset,20260910,0.5051445248644001,0.5051445248644001,1,1
annual_shared_offset,3464,2025-05-09,2025-05-19,0.0041484224873464,2025,2025-03-31,learned_order_offset,20260910,0.3643915355442454,0.3643915355442454,0,1
annual_shared_offset,3469,2025-05-16,2025-05-26,-0.0017462660042188,2025,2025-03-31,learned_order_offset,20260910,0.3385847411851751,0.3385847411851751,0,0
annual_shared_offset,3474,2025-05-23,2025-06-03,-0.0109216443615366,2025,2025-03-31,learned_order_offset,20260910,0.48386897137365104,0.48386897137365104,0,0
annual_shared_offset,3479,2025-05-30,2025-06-09,0.011566574321892,2025,2025-03-31,learned_order_offset,20260910,0.42742771723519846,0.42742771723519846,0,1
annual_shared_offset,3483,2025-06-06,2025-06-16,-0.0062354943524679,2025,2025-03-31,learned_order_offset,20260910,0.44817993696744146,0.44817993696744146,0,0
annual_shared_offset,3488,2025-06-13,2025-06-23,-0.005825691168304,2025,2025-03-31,learned_order_offset,20260910,0.43812127077707264,0.43812127077707264,0,0
annual_shared_offset,3493,2025-06-20,2025-06-30,0.0232670437490374,2025,2025-03-31,learned_order_offset,20260910,0.47431671026857464,0.47431671026857464,0,1
annual_shared_offset,3498,2025-06-27,2025-07-07,0.0145345648685946,2025,2025-03-31,learned_order_offset,20260910,0.4097128200210753,0.4097128200210753,0,1
annual_state_offset_half,3447,2025-04-11,2025-04-21,-0.0010339232881941,2025,2025-03-31,learned_order_offset,20260910,0.5649605883931398,0.5649605883931398,1,0
annual_state_offset_half,3452,2025-04-18,2025-04-28,0.0048432383085554,2025,2025-03-31,learned_order_offset,20260910,0.6812464486051237,0.6812464486051237,1,1
annual_state_offset_half,3457,2025-04-25,2025-05-12,0.02116527880118,2025,2025-03-31,learned_order_offset,20260910,0.5051445248644001,0.5051445248644001,1,1
annual_state_offset_half,3464,2025-05-09,2025-05-19,0.0041484224873464,2025,2025-03-31,learned_order_offset,20260910,0.34638834694465104,0.34638834694465104,0,1
annual_state_offset_half,3469,2025-05-16,2025-05-26,-0.0017462660042188,2025,2025-03-31,learned_order_offset,20260910,0.32121222361934443,0.32121222361934443,0,0
annual_state_offset_half,3474,2025-05-23,2025-06-03,-0.0109216443615366,2025,2025-03-31,learned_order_offset,20260910,0.46427459809813343,0.46427459809813343,0,0
annual_state_offset_half,3479,2025-05-30,2025-06-09,0.011566574321892,2025,2025-03-31,learned_order_offset,20260910,0.4083108078225294,0.4083108078225294,0,1
annual_state_offset_half,3483,2025-06-06,2025-06-16,-0.0062354943524679,2025,2025-03-31,learned_order_offset,20260910,0.42883001800505066,0.42883001800505066,0,0
annual_state_offset_half,3488,2025-06-13,2025-06-23,-0.005825691168304,2025,2025-03-31,learned_order_offset,20260910,0.41887597758520295,0.41887597758520295,0,0
annual_state_offset_half,3493,2025-06-20,2025-06-30,0.0232670437490374,2025,2025-03-31,learned_order_offset,20260910,0.4547683260283189,0.4547683260283189,0,1
annual_state_offset_half,3498,2025-06-27,2025-07-07,0.0145345648685946,2025,2025-03-31,learned_order_offset,20260910,0.4097128200210753,0.4097128200210753,0,1
annual_state_offset,3447,2025-04-11,2025-04-21,-0.0010339232881941,2025,2025-03-31,learned_market,20260911,0.5805268836119362,0.5805268836119362,1,0
annual_state_offset,3452,2025-04-18,2025-04-28,0.0048432383085554,2025,2025-03-31,learned_market,20260911,0.5688872565915271,0.5688872565915271,1,1
annual_state_offset,3457,2025-04-25,2025-05-12,0.02116527880118,2025,2025-03-31,learned_market,20260911,0.46122086100259085,0.46122086100259085,0,1
annual_state_offset,3464,2025-05-09,2025-05-19,0.0041484224873464,2025,2025-03-31,learned_market,20260911,0.3989046300003431,0.3989046300003431,0,1
annual_state_offset,3469,2025-05-16,2025-05-26,-0.0017462660042188,2025,2025-03-31,learned_market,20260911,0.2105283930240472,0.2105283930240472,0,0
annual_state_offset,3474,2025-05-23,2025-06-03,-0.0109216443615366,2025,2025-03-31,learned_market,20260911,0.36589369419917217,0.36589369419917217,0,0
annual_state_offset,3479,2025-05-30,2025-06-09,0.011566574321892,2025,2025-03-31,learned_market,20260911,0.29961610732942806,0.29961610732942806,0,1
annual_state_offset,3483,2025-06-06,2025-06-16,-0.0062354943524679,2025,2025-03-31,learned_market,20260911,0.5708785509821509,0.5708785509821509,1,0
annual_state_offset,3488,2025-06-13,2025-06-23,-0.005825691168304,2025,2025-03-31,learned_market,20260911,0.4976092109322337,0.4976092109322337,0,0
annual_state_offset,3493,2025-06-20,2025-06-30,0.0232670437490374,2025,2025-03-31,learned_market,20260911,0.5593102386420203,0.5593102386420203,1,1
annual_state_offset,3498,2025-06-27,2025-07-07,0.0145345648685946,2025,2025-03-31,learned_market,20260911,0.5610127223665392,0.5610127223665392,1,1
annual_shared_offset,3447,2025-04-11,2025-04-21,-0.0010339232881941,2025,2025-03-31,learned_market,20260911,0.5805268836119362,0.5805268836119362,1,0
annual_shared_offset,3452,2025-04-18,2025-04-28,0.0048432383085554,2025,2025-03-31,learned_market,20260911,0.5688872565915271,0.5688872565915271,1,1
annual_shared_offset,3457,2025-04-25,2025-05-12,0.02116527880118,2025,2025-03-31,learned_market,20260911,0.46122086100259085,0.46122086100259085,0,1
annual_shared_offset,3464,2025-05-09,2025-05-19,0.0041484224873464,2025,2025-03-31,learned_market,20260911,0.3989046300003431,0.3989046300003431,0,1
annual_shared_offset,3469,2025-05-16,2025-05-26,-0.0017462660042188,2025,2025-03-31,learned_market,20260911,0.2105283930240472,0.2105283930240472,0,0
annual_shared_offset,3474,2025-05-23,2025-06-03,-0.0109216443615366,2025,2025-03-31,learned_market,20260911,0.36589369419917217,0.36589369419917217,0,0
annual_shared_offset,3479,2025-05-30,2025-06-09,0.011566574321892,2025,2025-03-31,learned_market,20260911,0.29961610732942806,0.29961610732942806,0,1
annual_shared_offset,3483,2025-06-06,2025-06-16,-0.0062354943524679,2025,2025-03-31,learned_market,20260911,0.5708785509821509,0.5708785509821509,1,0
annual_shared_offset,3488,2025-06-13,2025-06-23,-0.005825691168304,2025,2025-03-31,learned_market,20260911,0.4976092109322337,0.4976092109322337,0,0
annual_shared_offset,3493,2025-06-20,2025-06-30,0.0232670437490374,2025,2025-03-31,learned_market,20260911,0.5593102386420203,0.5593102386420203,1,1
annual_shared_offset,3498,2025-06-27,2025-07-07,0.0145345648685946,2025,2025-03-31,learned_market,20260911,0.5610127223665392,0.5610127223665392,1,1
annual_state_offset_half,3447,2025-04-11,2025-04-21,-0.0010339232881941,2025,2025-03-31,learned_market,20260911,0.5805268836119362,0.5805268836119362,1,0
annual_state_offset_half,3452,2025-04-18,2025-04-28,0.0048432383085554,2025,2025-03-31,learned_market,20260911,0.5688872565915271,0.5688872565915271,1,1
annual_state_offset_half,3457,2025-04-25,2025-05-12,0.02116527880118,2025,2025-03-31,learned_market,20260911,0.46122086100259085,0.46122086100259085,0,1
annual_state_offset_half,3464,2025-05-09,2025-05-19,0.0041484224873464,2025,2025-03-31,learned_market,20260911,0.3816396674413366,0.3816396674413366,0,1
annual_state_offset_half,3469,2025-05-16,2025-05-26,-0.0017462660042188,2025,2025-03-31,learned_market,20260911,0.19872112807735234,0.19872112807735234,0,0
annual_state_offset_half,3474,2025-05-23,2025-06-03,-0.0109216443615366,2025,2025-03-31,learned_market,20260911,0.34922739677228803,0.34922739677228803,0,0
annual_state_offset_half,3479,2025-05-30,2025-06-09,0.011566574321892,2025,2025-03-31,learned_market,20260911,0.28461370828746874,0.28461370828746874,0,1
annual_state_offset_half,3483,2025-06-06,2025-06-16,-0.0062354943524679,2025,2025-03-31,learned_market,20260911,0.5530182634561475,0.5530182634561475,1,0
annual_state_offset_half,3488,2025-06-13,2025-06-23,-0.005825691168304,2025,2025-03-31,learned_market,20260911,0.479479919055314,0.479479919055314,0,0
annual_state_offset_half,3493,2025-06-20,2025-06-30,0.0232670437490374,2025,2025-03-31,learned_market,20260911,0.5413552928944715,0.5413552928944715,1,1
annual_state_offset_half,3498,2025-06-27,2025-07-07,0.0145345648685946,2025,2025-03-31,learned_market,20260911,0.5610127223665392,0.5610127223665392,1,1
annual_state_offset,3447,2025-04-11,2025-04-21,-0.0010339232881941,2025,2025-03-31,learned_vol_interaction,20260911,0.5558462748112867,0.5558462748112867,1,0
annual_state_offset,3452,2025-04-18,2025-04-28,0.0048432383085554,2025,2025-03-31,learned_vol_interaction,20260911,0.5512669000081979,0.5512669000081979,1,1
annual_state_offset,3457,2025-04-25,2025-05-12,0.02116527880118,2025,2025-03-31,learned_vol_interaction,20260911,0.46126589698872084,0.46126589698872084,0,1
annual_state_offset,3464,2025-05-09,2025-05-19,0.0041484224873464,2025,2025-03-31,learned_vol_interaction,20260911,0.3987687791771965,0.3987687791771965,0,1
annual_state_offset,3469,2025-05-16,2025-05-26,-0.0017462660042188,2025,2025-03-31,learned_vol_interaction,20260911,0.19069424105997274,0.19069424105997274,0,0
annual_state_offset,3474,2025-05-23,2025-06-03,-0.0109216443615366,2025,2025-03-31,learned_vol_interaction,20260911,0.3654120409218978,0.3654120409218978,0,0
annual_state_offset,3479,2025-05-30,2025-06-09,0.011566574321892,2025,2025-03-31,learned_vol_interaction,20260911,0.2872731504302072,0.2872731504302072,0,1
annual_state_offset,3483,2025-06-06,2025-06-16,-0.0062354943524679,2025,2025-03-31,learned_vol_interaction,20260911,0.5869057238671122,0.5869057238671122,1,0
annual_state_offset,3488,2025-06-13,2025-06-23,-0.005825691168304,2025,2025-03-31,learned_vol_interaction,20260911,0.5129652673977997,0.5129652673977997,1,0
annual_state_offset,3493,2025-06-20,2025-06-30,0.0232670437490374,2025,2025-03-31,learned_vol_interaction,20260911,0.5806023476904282,0.5806023476904282,1,1
annual_state_offset,3498,2025-06-27,2025-07-07,0.0145345648685946,2025,2025-03-31,learned_vol_interaction,20260911,0.578261270104434,0.578261270104434,1,1
annual_shared_offset,3447,2025-04-11,2025-04-21,-0.0010339232881941,2025,2025-03-31,learned_vol_interaction,20260911,0.5558462748112867,0.5558462748112867,1,0
annual_shared_offset,3452,2025-04-18,2025-04-28,0.0048432383085554,2025,2025-03-31,learned_vol_interaction,20260911,0.5512669000081979,0.5512669000081979,1,1
annual_shared_offset,3457,2025-04-25,2025-05-12,0.02116527880118,2025,2025-03-31,learned_vol_interaction,20260911,0.46126589698872084,0.46126589698872084,0,1
annual_shared_offset,3464,2025-05-09,2025-05-19,0.0041484224873464,2025,2025-03-31,learned_vol_interaction,20260911,0.3987687791771965,0.3987687791771965,0,1
annual_shared_offset,3469,2025-05-16,2025-05-26,-0.0017462660042188,2025,2025-03-31,learned_vol_interaction,20260911,0.19069424105997274,0.19069424105997274,0,0
annual_shared_offset,3474,2025-05-23,2025-06-03,-0.0109216443615366,2025,2025-03-31,learned_vol_interaction,20260911,0.3654120409218978,0.3654120409218978,0,0
annual_shared_offset,3479,2025-05-30,2025-06-09,0.011566574321892,2025,2025-03-31,learned_vol_interaction,20260911,0.2872731504302072,0.2872731504302072,0,1
annual_shared_offset,3483,2025-06-06,2025-06-16,-0.0062354943524679,2025,2025-03-31,learned_vol_interaction,20260911,0.5869057238671122,0.5869057238671122,1,0
annual_shared_offset,3488,2025-06-13,2025-06-23,-0.005825691168304,2025,2025-03-31,learned_vol_interaction,20260911,0.5129652673977997,0.5129652673977997,1,0
annual_shared_offset,3493,2025-06-20,2025-06-30,0.0232670437490374,2025,2025-03-31,learned_vol_interaction,20260911,0.5806023476904282,0.5806023476904282,1,1
annual_shared_offset,3498,2025-06-27,2025-07-07,0.0145345648685946,2025,2025-03-31,learned_vol_interaction,20260911,0.578261270104434,0.578261270104434,1,1
annual_state_offset_half,3447,2025-04-11,2025-04-21,-0.0010339232881941,2025,2025-03-31,learned_vol_interaction,20260911,0.5558462748112867,0.5558462748112867,1,0
annual_state_offset_half,3452,2025-04-18,2025-04-28,0.0048432383085554,2025,2025-03-31,learned_vol_interaction,20260911,0.5512669000081979,0.5512669000081979,1,1
annual_state_offset_half,3457,2025-04-25,2025-05-12,0.02116527880118,2025,2025-03-31,learned_vol_interaction,20260911,0.46126589698872084,0.46126589698872084,0,1
annual_state_offset_half,3464,2025-05-09,2025-05-19,0.0041484224873464,2025,2025-03-31,learned_vol_interaction,20260911,0.3821391545139073,0.3821391545139073,0,1
annual_state_offset_half,3469,2025-05-16,2025-05-26,-0.0017462660042188,2025,2025-03-31,learned_vol_interaction,20260911,0.18014194740996006,0.18014194740996006,0,0
annual_state_offset_half,3474,2025-05-23,2025-06-03,-0.0109216443615366,2025,2025-03-31,learned_vol_interaction,20260911,0.3493651538189823,0.3493651538189823,0,0
annual_state_offset_half,3479,2025-05-30,2025-06-09,0.011566574321892,2025,2025-03-31,learned_vol_interaction,20260911,0.2731805148096545,0.2731805148096545,0,1
annual_state_offset_half,3483,2025-06-06,2025-06-16,-0.0062354943524679,2025,2025-03-31,learned_vol_interaction,20260911,0.5698668093263989,0.5698668093263989,1,0
annual_state_offset_half,3488,2025-06-13,2025-06-23,-0.005825691168304,2025,2025-03-31,learned_vol_interaction,20260911,0.4954981454903041,0.4954981454903041,0,0
annual_state_offset_half,3493,2025-06-20,2025-06-30,0.0232670437490374,2025,2025-03-31,learned_vol_interaction,20260911,0.5634968057646166,0.5634968057646166,1,1
annual_state_offset_half,3498,2025-06-27,2025-07-07,0.0145345648685946,2025,2025-03-31,learned_vol_interaction,20260911,0.578261270104434,0.578261270104434,1,1
annual_state_offset,3447,2025-04-11,2025-04-21,-0.0010339232881941,2025,2025-03-31,learned_order_extension,20260911,0.5534048068203342,0.5534048068203342,1,0
annual_state_offset,3452,2025-04-18,2025-04-28,0.0048432383085554,2025,2025-03-31,learned_order_extension,20260911,0.5527203776973565,0.5527203776973565,1,1
annual_state_offset,3457,2025-04-25,2025-05-12,0.02116527880118,2025,2025-03-31,learned_order_extension,20260911,0.46353892920875955,0.46353892920875955,0,1
annual_state_offset,3464,2025-05-09,2025-05-19,0.0041484224873464,2025,2025-03-31,learned_order_extension,20260911,0.3985014848025443,0.3985014848025443,0,1
annual_state_offset,3469,2025-05-16,2025-05-26,-0.0017462660042188,2025,2025-03-31,learned_order_extension,20260911,0.19312631835188185,0.19312631835188185,0,0
annual_state_offset,3474,2025-05-23,2025-06-03,-0.0109216443615366,2025,2025-03-31,learned_order_extension,20260911,0.36187007374507757,0.36187007374507757,0,0
annual_state_offset,3479,2025-05-30,2025-06-09,0.011566574321892,2025,2025-03-31,learned_order_extension,20260911,0.2844960338113858,0.2844960338113858,0,1
annual_state_offset,3483,2025-06-06,2025-06-16,-0.0062354943524679,2025,2025-03-31,learned_order_extension,20260911,0.5880803982084537,0.5880803982084537,1,0
annual_state_offset,3488,2025-06-13,2025-06-23,-0.005825691168304,2025,2025-03-31,learned_order_extension,20260911,0.5096149383521832,0.5096149383521832,1,0
annual_state_offset,3493,2025-06-20,2025-06-30,0.0232670437490374,2025,2025-03-31,learned_order_extension,20260911,0.5791828127078475,0.5791828127078475,1,1
annual_state_offset,3498,2025-06-27,2025-07-07,0.0145345648685946,2025,2025-03-31,learned_order_extension,20260911,0.5789884729243365,0.5789884729243365,1,1
annual_shared_offset,3447,2025-04-11,2025-04-21,-0.0010339232881941,2025,2025-03-31,learned_order_extension,20260911,0.5534048068203342,0.5534048068203342,1,0
annual_shared_offset,3452,2025-04-18,2025-04-28,0.0048432383085554,2025,2025-03-31,learned_order_extension,20260911,0.5527203776973565,0.5527203776973565,1,1
annual_shared_offset,3457,2025-04-25,2025-05-12,0.02116527880118,2025,2025-03-31,learned_order_extension,20260911,0.46353892920875955,0.46353892920875955,0,1
annual_shared_offset,3464,2025-05-09,2025-05-19,0.0041484224873464,2025,2025-03-31,learned_order_extension,20260911,0.3985014848025443,0.3985014848025443,0,1
annual_shared_offset,3469,2025-05-16,2025-05-26,-0.0017462660042188,2025,2025-03-31,learned_order_extension,20260911,0.19312631835188185,0.19312631835188185,0,0
annual_shared_offset,3474,2025-05-23,2025-06-03,-0.0109216443615366,2025,2025-03-31,learned_order_extension,20260911,0.36187007374507757,0.36187007374507757,0,0
annual_shared_offset,3479,2025-05-30,2025-06-09,0.011566574321892,2025,2025-03-31,learned_order_extension,20260911,0.2844960338113858,0.2844960338113858,0,1
annual_shared_offset,3483,2025-06-06,2025-06-16,-0.0062354943524679,2025,2025-03-31,learned_order_extension,20260911,0.5880803982084537,0.5880803982084537,1,0
annual_shared_offset,3488,2025-06-13,2025-06-23,-0.005825691168304,2025,2025-03-31,learned_order_extension,20260911,0.5096149383521832,0.5096149383521832,1,0
annual_shared_offset,3493,2025-06-20,2025-06-30,0.0232670437490374,2025,2025-03-31,learned_order_extension,20260911,0.5791828127078475,0.5791828127078475,1,1
annual_shared_offset,3498,2025-06-27,2025-07-07,0.0145345648685946,2025,2025-03-31,learned_order_extension,20260911,0.5789884729243365,0.5789884729243365,1,1
annual_state_offset_half,3447,2025-04-11,2025-04-21,-0.0010339232881941,2025,2025-03-31,learned_order_extension,20260911,0.5534048068203342,0.5534048068203342,1,0
annual_state_offset_half,3452,2025-04-18,2025-04-28,0.0048432383085554,2025,2025-03-31,learned_order_extension,20260911,0.5527203776973565,0.5527203776973565,1,1
annual_state_offset_half,3457,2025-04-25,2025-05-12,0.02116527880118,2025,2025-03-31,learned_order_extension,20260911,0.46353892920875955,0.46353892920875955,0,1
annual_state_offset_half,3464,2025-05-09,2025-05-19,0.0041484224873464,2025,2025-03-31,learned_order_extension,20260911,0.3815817380019904,0.3815817380019904,0,1
annual_state_offset_half,3469,2025-05-16,2025-05-26,-0.0017462660042188,2025,2025-03-31,learned_order_extension,20260911,0.18228391367417918,0.18228391367417918,0,0
annual_state_offset_half,3474,2025-05-23,2025-06-03,-0.0109216443615366,2025,2025-03-31,learned_order_extension,20260911,0.3456119801759113,0.3456119801759113,0,0
annual_state_offset_half,3479,2025-05-30,2025-06-09,0.011566574321892,2025,2025-03-31,learned_order_extension,20260911,0.2702420366178422,0.2702420366178422,0,1
annual_state_offset_half,3483,2025-06-06,2025-06-16,-0.0062354943524679,2025,2025-03-31,learned_order_extension,20260911,0.5707491651592623,0.5707491651592623,1,0
annual_state_offset_half,3488,2025-06-13,2025-06-23,-0.005825691168304,2025,2025-03-31,learned_order_extension,20260911,0.4918350738759945,0.4918350738759945,0,0
annual_state_offset_half,3493,2025-06-20,2025-06-30,0.0232670437490374,2025,2025-03-31,learned_order_extension,20260911,0.5617561967933276,0.5617561967933276,1,1
annual_state_offset_half,3498,2025-06-27,2025-07-07,0.0145345648685946,2025,2025-03-31,learned_order_extension,20260911,0.5789884729243365,0.5789884729243365,1,1
annual_state_offset,3447,2025-04-11,2025-04-21,-0.0010339232881941,2025,2025-03-31,learned_order_offset,20260911,0.5534156127217199,0.5534156127217199,1,0
annual_state_offset,3452,2025-04-18,2025-04-28,0.0048432383085554,2025,2025-03-31,learned_order_offset,20260911,0.5527711816702962,0.5527711816702962,1,1
annual_state_offset,3457,2025-04-25,2025-05-12,0.02116527880118,2025,2025-03-31,learned_order_offset,20260911,0.4636520171330569,0.4636520171330569,0,1
annual_state_offset,3464,2025-05-09,2025-05-19,0.0041484224873464,2025,2025-03-31,learned_order_offset,20260911,0.39852387606779355,0.39852387606779355,0,1
annual_state_offset,3469,2025-05-16,2025-05-26,-0.0017462660042188,2025,2025-03-31,learned_order_offset,20260911,0.19317649507209997,0.19317649507209997,0,0
annual_state_offset,3474,2025-05-23,2025-06-03,-0.0109216443615366,2025,2025-03-31,learned_order_offset,20260911,0.3619462913903325,0.3619462913903325,0,0
annual_state_offset,3479,2025-05-30,2025-06-09,0.011566574321892,2025,2025-03-31,learned_order_offset,20260911,0.28451366493495667,0.28451366493495667,0,1
annual_state_offset,3483,2025-06-06,2025-06-16,-0.0062354943524679,2025,2025-03-31,learned_order_offset,20260911,0.5879705875090007,0.5879705875090007,1,0
annual_state_offset,3488,2025-06-13,2025-06-23,-0.005825691168304,2025,2025-03-31,learned_order_offset,20260911,0.5095875411232852,0.5095875411232852,1,0
annual_state_offset,3493,2025-06-20,2025-06-30,0.0232670437490374,2025,2025-03-31,learned_order_offset,20260911,0.5791712291768253,0.5791712291768253,1,1
annual_state_offset,3498,2025-06-27,2025-07-07,0.0145345648685946,2025,2025-03-31,learned_order_offset,20260911,0.578950056434683,0.578950056434683,1,1
annual_shared_offset,3447,2025-04-11,2025-04-21,-0.0010339232881941,2025,2025-03-31,learned_order_offset,20260911,0.5534156127217199,0.5534156127217199,1,0
annual_shared_offset,3452,2025-04-18,2025-04-28,0.0048432383085554,2025,2025-03-31,learned_order_offset,20260911,0.5527711816702962,0.5527711816702962,1,1
annual_shared_offset,3457,2025-04-25,2025-05-12,0.02116527880118,2025,2025-03-31,learned_order_offset,20260911,0.4636520171330569,0.4636520171330569,0,1
annual_shared_offset,3464,2025-05-09,2025-05-19,0.0041484224873464,2025,2025-03-31,learned_order_offset,20260911,0.39852387606779355,0.39852387606779355,0,1
annual_shared_offset,3469,2025-05-16,2025-05-26,-0.0017462660042188,2025,2025-03-31,learned_order_offset,20260911,0.19317649507209997,0.19317649507209997,0,0
annual_shared_offset,3474,2025-05-23,2025-06-03,-0.0109216443615366,2025,2025-03-31,learned_order_offset,20260911,0.3619462913903325,0.3619462913903325,0,0
annual_shared_offset,3479,2025-05-30,2025-06-09,0.011566574321892,2025,2025-03-31,learned_order_offset,20260911,0.28451366493495667,0.28451366493495667,0,1
annual_shared_offset,3483,2025-06-06,2025-06-16,-0.0062354943524679,2025,2025-03-31,learned_order_offset,20260911,0.5879705875090007,0.5879705875090007,1,0
annual_shared_offset,3488,2025-06-13,2025-06-23,-0.005825691168304,2025,2025-03-31,learned_order_offset,20260911,0.5095875411232852,0.5095875411232852,1,0
annual_shared_offset,3493,2025-06-20,2025-06-30,0.0232670437490374,2025,2025-03-31,learned_order_offset,20260911,0.5791712291768253,0.5791712291768253,1,1
annual_shared_offset,3498,2025-06-27,2025-07-07,0.0145345648685946,2025,2025-03-31,learned_order_offset,20260911,0.578950056434683,0.578950056434683,1,1
annual_state_offset_half,3447,2025-04-11,2025-04-21,-0.0010339232881941,2025,2025-03-31,learned_order_offset,20260911,0.5534156127217199,0.5534156127217199,1,0
annual_state_offset_half,3452,2025-04-18,2025-04-28,0.0048432383085554,2025,2025-03-31,learned_order_offset,20260911,0.5527711816702962,0.5527711816702962,1,1
annual_state_offset_half,3457,2025-04-25,2025-05-12,0.02116527880118,2025,2025-03-31,learned_order_offset,20260911,0.4636520171330569,0.4636520171330569,0,1
annual_state_offset_half,3464,2025-05-09,2025-05-19,0.0041484224873464,2025,2025-03-31,learned_order_offset,20260911,0.38161273606860996,0.38161273606860996,0,1
annual_state_offset_half,3469,2025-05-16,2025-05-26,-0.0017462660042188,2025,2025-03-31,learned_order_offset,20260911,0.18233756711556548,0.18233756711556548,0,0
annual_state_offset_half,3474,2025-05-23,2025-06-03,-0.0109216443615366,2025,2025-03-31,learned_order_offset,20260911,0.3456952112223333,0.3456952112223333,0,0
annual_state_offset_half,3479,2025-05-30,2025-06-09,0.011566574321892,2025,2025-03-31,learned_order_offset,20260911,0.27026660155590776,0.27026660155590776,0,1
annual_state_offset_half,3483,2025-06-06,2025-06-16,-0.0062354943524679,2025,2025-03-31,learned_order_offset,20260911,0.5706474043536568,0.5706474043536568,1,0
annual_state_offset_half,3488,2025-06-13,2025-06-23,-0.005825691168304,2025,2025-03-31,learned_order_offset,20260911,0.49181715754427,0.49181715754427,0,0
annual_state_offset_half,3493,2025-06-20,2025-06-30,0.0232670437490374,2025,2025-03-31,learned_order_offset,20260911,0.5617538380753244,0.5617538380753244,1,1
annual_state_offset_half,3498,2025-06-27,2025-07-07,0.0145345648685946,2025,2025-03-31,learned_order_offset,20260911,0.578950056434683,0.578950056434683,1,1
annual_state_offset,3447,2025-04-11,2025-04-21,-0.0010339232881941,2025,2025-03-31,learned_market,20260912,0.5215906360273727,0.5215906360273727,1,0
annual_state_offset,3452,2025-04-18,2025-04-28,0.0048432383085554,2025,2025-03-31,learned_market,20260912,0.6471632189538753,0.6471632189538753,1,1
annual_state_offset,3457,2025-04-25,2025-05-12,0.02116527880118,2025,2025-03-31,learned_market,20260912,0.4695696106758965,0.4695696106758965,0,1
annual_state_offset,3464,2025-05-09,2025-05-19,0.0041484224873464,2025,2025-03-31,learned_market,20260912,0.24779774422402343,0.24779774422402343,0,1
annual_state_offset,3469,2025-05-16,2025-05-26,-0.0017462660042188,2025,2025-03-31,learned_market,20260912,0.34095443121506247,0.34095443121506247,0,0
annual_state_offset,3474,2025-05-23,2025-06-03,-0.0109216443615366,2025,2025-03-31,learned_market,20260912,0.22040007030905467,0.22040007030905467,0,0
annual_state_offset,3479,2025-05-30,2025-06-09,0.011566574321892,2025,2025-03-31,learned_market,20260912,0.1735703131735867,0.1735703131735867,0,1
annual_state_offset,3483,2025-06-06,2025-06-16,-0.0062354943524679,2025,2025-03-31,learned_market,20260912,0.40412046979551625,0.40412046979551625,0,0
annual_state_offset,3488,2025-06-13,2025-06-23,-0.005825691168304,2025,2025-03-31,learned_market,20260912,0.3127282906357455,0.3127282906357455,0,0
annual_state_offset,3493,2025-06-20,2025-06-30,0.0232670437490374,2025,2025-03-31,learned_market,20260912,0.4448385236664096,0.4448385236664096,0,1
annual_state_offset,3498,2025-06-27,2025-07-07,0.0145345648685946,2025,2025-03-31,learned_market,20260912,0.5266011272495493,0.5266011272495493,1,1
annual_shared_offset,3447,2025-04-11,2025-04-21,-0.0010339232881941,2025,2025-03-31,learned_market,20260912,0.5215906360273727,0.5215906360273727,1,0
annual_shared_offset,3452,2025-04-18,2025-04-28,0.0048432383085554,2025,2025-03-31,learned_market,20260912,0.6471632189538753,0.6471632189538753,1,1
annual_shared_offset,3457,2025-04-25,2025-05-12,0.02116527880118,2025,2025-03-31,learned_market,20260912,0.4695696106758965,0.4695696106758965,0,1
annual_shared_offset,3464,2025-05-09,2025-05-19,0.0041484224873464,2025,2025-03-31,learned_market,20260912,0.24779774422402343,0.24779774422402343,0,1
annual_shared_offset,3469,2025-05-16,2025-05-26,-0.0017462660042188,2025,2025-03-31,learned_market,20260912,0.34095443121506247,0.34095443121506247,0,0
annual_shared_offset,3474,2025-05-23,2025-06-03,-0.0109216443615366,2025,2025-03-31,learned_market,20260912,0.22040007030905467,0.22040007030905467,0,0
annual_shared_offset,3479,2025-05-30,2025-06-09,0.011566574321892,2025,2025-03-31,learned_market,20260912,0.1735703131735867,0.1735703131735867,0,1
annual_shared_offset,3483,2025-06-06,2025-06-16,-0.0062354943524679,2025,2025-03-31,learned_market,20260912,0.40412046979551625,0.40412046979551625,0,0
annual_shared_offset,3488,2025-06-13,2025-06-23,-0.005825691168304,2025,2025-03-31,learned_market,20260912,0.3127282906357455,0.3127282906357455,0,0
annual_shared_offset,3493,2025-06-20,2025-06-30,0.0232670437490374,2025,2025-03-31,learned_market,20260912,0.4448385236664096,0.4448385236664096,0,1
annual_shared_offset,3498,2025-06-27,2025-07-07,0.0145345648685946,2025,2025-03-31,learned_market,20260912,0.5266011272495493,0.5266011272495493,1,1
annual_state_offset_half,3447,2025-04-11,2025-04-21,-0.0010339232881941,2025,2025-03-31,learned_market,20260912,0.5215906360273727,0.5215906360273727,1,0
annual_state_offset_half,3452,2025-04-18,2025-04-28,0.0048432383085554,2025,2025-03-31,learned_market,20260912,0.6471632189538753,0.6471632189538753,1,1
annual_state_offset_half,3457,2025-04-25,2025-05-12,0.02116527880118,2025,2025-03-31,learned_market,20260912,0.4695696106758965,0.4695696106758965,0,1
annual_state_offset_half,3464,2025-05-09,2025-05-19,0.0041484224873464,2025,2025-03-31,learned_market,20260912,0.2362822415007091,0.2362822415007091,0,1
annual_state_offset_half,3469,2025-05-16,2025-05-26,-0.0017462660042188,2025,2025-03-31,learned_market,20260912,0.3269917313171038,0.3269917313171038,0,0
annual_state_offset_half,3474,2025-05-23,2025-06-03,-0.0109216443615366,2025,2025-03-31,learned_market,20260912,0.20980265487785038,0.20980265487785038,0,0
annual_state_offset_half,3479,2025-05-30,2025-06-09,0.011566574321892,2025,2025-03-31,learned_market,20260912,0.1647487562134471,0.1647487562134471,0,1
annual_state_offset_half,3483,2025-06-06,2025-06-16,-0.0062354943524679,2025,2025-03-31,learned_market,20260912,0.38909822265932187,0.38909822265932187,0,0
annual_state_offset_half,3488,2025-06-13,2025-06-23,-0.005825691168304,2025,2025-03-31,learned_market,20260912,0.2993963856745933,0.2993963856745933,0,0
annual_state_offset_half,3493,2025-06-20,2025-06-30,0.0232670437490374,2025,2025-03-31,learned_market,20260912,0.4293933833307241,0.4293933833307241,0,1
annual_state_offset_half,3498,2025-06-27,2025-07-07,0.0145345648685946,2025,2025-03-31,learned_market,20260912,0.5266011272495493,0.5266011272495493,1,1
annual_state_offset,3447,2025-04-11,2025-04-21,-0.0010339232881941,2025,2025-03-31,learned_vol_interaction,20260912,0.5182124590150238,0.5182124590150238,1,0
annual_state_offset,3452,2025-04-18,2025-04-28,0.0048432383085554,2025,2025-03-31,learned_vol_interaction,20260912,0.6373210111342115,0.6373210111342115,1,1
annual_state_offset,3457,2025-04-25,2025-05-12,0.02116527880118,2025,2025-03-31,learned_vol_interaction,20260912,0.4715989287340677,0.4715989287340677,0,1
annual_state_offset,3464,2025-05-09,2025-05-19,0.0041484224873464,2025,2025-03-31,learned_vol_interaction,20260912,0.2416058513208414,0.2416058513208414,0,1
annual_state_offset,3469,2025-05-16,2025-05-26,-0.0017462660042188,2025,2025-03-31,learned_vol_interaction,20260912,0.33705188813535436,0.33705188813535436,0,0
annual_state_offset,3474,2025-05-23,2025-06-03,-0.0109216443615366,2025,2025-03-31,learned_vol_interaction,20260912,0.21509288626813156,0.21509288626813156,0,0
annual_state_offset,3479,2025-05-30,2025-06-09,0.011566574321892,2025,2025-03-31,learned_vol_interaction,20260912,0.16787466361537023,0.16787466361537023,0,1
annual_state_offset,3483,2025-06-06,2025-06-16,-0.0062354943524679,2025,2025-03-31,learned_vol_interaction,20260912,0.40387048621604926,0.40387048621604926,0,0
annual_state_offset,3488,2025-06-13,2025-06-23,-0.005825691168304,2025,2025-03-31,learned_vol_interaction,20260912,0.30840897469957196,0.30840897469957196,0,0
annual_state_offset,3493,2025-06-20,2025-06-30,0.0232670437490374,2025,2025-03-31,learned_vol_interaction,20260912,0.44483655815260775,0.44483655815260775,0,1
annual_state_offset,3498,2025-06-27,2025-07-07,0.0145345648685946,2025,2025-03-31,learned_vol_interaction,20260912,0.527574063118162,0.527574063118162,1,1
annual_shared_offset,3447,2025-04-11,2025-04-21,-0.0010339232881941,2025,2025-03-31,learned_vol_interaction,20260912,0.5182124590150238,0.5182124590150238,1,0
annual_shared_offset,3452,2025-04-18,2025-04-28,0.0048432383085554,2025,2025-03-31,learned_vol_interaction,20260912,0.6373210111342115,0.6373210111342115,1,1
annual_shared_offset,3457,2025-04-25,2025-05-12,0.02116527880118,2025,2025-03-31,learned_vol_interaction,20260912,0.4715989287340677,0.4715989287340677,0,1
annual_shared_offset,3464,2025-05-09,2025-05-19,0.0041484224873464,2025,2025-03-31,learned_vol_interaction,20260912,0.2416058513208414,0.2416058513208414,0,1
annual_shared_offset,3469,2025-05-16,2025-05-26,-0.0017462660042188,2025,2025-03-31,learned_vol_interaction,20260912,0.33705188813535436,0.33705188813535436,0,0
annual_shared_offset,3474,2025-05-23,2025-06-03,-0.0109216443615366,2025,2025-03-31,learned_vol_interaction,20260912,0.21509288626813156,0.21509288626813156,0,0
annual_shared_offset,3479,2025-05-30,2025-06-09,0.011566574321892,2025,2025-03-31,learned_vol_interaction,20260912,0.16787466361537023,0.16787466361537023,0,1
annual_shared_offset,3483,2025-06-06,2025-06-16,-0.0062354943524679,2025,2025-03-31,learned_vol_interaction,20260912,0.40387048621604926,0.40387048621604926,0,0
annual_shared_offset,3488,2025-06-13,2025-06-23,-0.005825691168304,2025,2025-03-31,learned_vol_interaction,20260912,0.30840897469957196,0.30840897469957196,0,0
annual_shared_offset,3493,2025-06-20,2025-06-30,0.0232670437490374,2025,2025-03-31,learned_vol_interaction,20260912,0.44483655815260775,0.44483655815260775,0,1
annual_shared_offset,3498,2025-06-27,2025-07-07,0.0145345648685946,2025,2025-03-31,learned_vol_interaction,20260912,0.527574063118162,0.527574063118162,1,1
annual_state_offset_half,3447,2025-04-11,2025-04-21,-0.0010339232881941,2025,2025-03-31,learned_vol_interaction,20260912,0.5182124590150238,0.5182124590150238,1,0
annual_state_offset_half,3452,2025-04-18,2025-04-28,0.0048432383085554,2025,2025-03-31,learned_vol_interaction,20260912,0.6373210111342115,0.6373210111342115,1,1
annual_state_offset_half,3457,2025-04-25,2025-05-12,0.02116527880118,2025,2025-03-31,learned_vol_interaction,20260912,0.4715989287340677,0.4715989287340677,0,1
annual_state_offset_half,3464,2025-05-09,2025-05-19,0.0041484224873464,2025,2025-03-31,learned_vol_interaction,20260912,0.23037824127351836,0.23037824127351836,0,1
annual_state_offset_half,3469,2025-05-16,2025-05-26,-0.0017462660042188,2025,2025-03-31,learned_vol_interaction,20260912,0.32327952011696104,0.32327952011696104,0,0
annual_state_offset_half,3474,2025-05-23,2025-06-03,-0.0109216443615366,2025,2025-03-31,learned_vol_interaction,20260912,0.20476469589772003,0.20476469589772003,0,0
annual_state_offset_half,3479,2025-05-30,2025-06-09,0.011566574321892,2025,2025-03-31,learned_vol_interaction,20260912,0.15935345648753352,0.15935345648753352,0,1
annual_state_offset_half,3483,2025-06-06,2025-06-16,-0.0062354943524679,2025,2025-03-31,learned_vol_interaction,20260912,0.38896976277420564,0.38896976277420564,0,0
annual_state_offset_half,3488,2025-06-13,2025-06-23,-0.005825691168304,2025,2025-03-31,learned_vol_interaction,20260912,0.2952856874679504,0.2952856874679504,0,0
annual_state_offset_half,3493,2025-06-20,2025-06-30,0.0232670437490374,2025,2025-03-31,learned_vol_interaction,20260912,0.42951339381662396,0.42951339381662396,0,1
annual_state_offset_half,3498,2025-06-27,2025-07-07,0.0145345648685946,2025,2025-03-31,learned_vol_interaction,20260912,0.527574063118162,0.527574063118162,1,1
annual_state_offset,3447,2025-04-11,2025-04-21,-0.0010339232881941,2025,2025-03-31,learned_order_extension,20260912,0.5146965896009417,0.5146965896009417,1,0
annual_state_offset,3452,2025-04-18,2025-04-28,0.0048432383085554,2025,2025-03-31,learned_order_extension,20260912,0.6661309990671398,0.6661309990671398,1,1
annual_state_offset,3457,2025-04-25,2025-05-12,0.02116527880118,2025,2025-03-31,learned_order_extension,20260912,0.4604952035655177,0.4604952035655177,0,1
annual_state_offset,3464,2025-05-09,2025-05-19,0.0041484224873464,2025,2025-03-31,learned_order_extension,20260912,0.23085332957241408,0.23085332957241408,0,1
annual_state_offset,3469,2025-05-16,2025-05-26,-0.0017462660042188,2025,2025-03-31,learned_order_extension,20260912,0.3480872390445916,0.3480872390445916,0,0
annual_state_offset,3474,2025-05-23,2025-06-03,-0.0109216443615366,2025,2025-03-31,learned_order_extension,20260912,0.24155249822101946,0.24155249822101946,0,0
annual_state_offset,3479,2025-05-30,2025-06-09,0.011566574321892,2025,2025-03-31,learned_order_extension,20260912,0.21726374216314365,0.21726374216314365,0,1
annual_state_offset,3483,2025-06-06,2025-06-16,-0.0062354943524679,2025,2025-03-31,learned_order_extension,20260912,0.42917421550064266,0.42917421550064266,0,0
annual_state_offset,3488,2025-06-13,2025-06-23,-0.005825691168304,2025,2025-03-31,learned_order_extension,20260912,0.3176384150436566,0.3176384150436566,0,0
annual_state_offset,3493,2025-06-20,2025-06-30,0.0232670437490374,2025,2025-03-31,learned_order_extension,20260912,0.4601113205079435,0.4601113205079435,0,1
annual_state_offset,3498,2025-06-27,2025-07-07,0.0145345648685946,2025,2025-03-31,learned_order_extension,20260912,0.5181270090222981,0.5181270090222981,1,1
annual_shared_offset,3447,2025-04-11,2025-04-21,-0.0010339232881941,2025,2025-03-31,learned_order_extension,20260912,0.5146965896009417,0.5146965896009417,1,0
annual_shared_offset,3452,2025-04-18,2025-04-28,0.0048432383085554,2025,2025-03-31,learned_order_extension,20260912,0.6661309990671398,0.6661309990671398,1,1
annual_shared_offset,3457,2025-04-25,2025-05-12,0.02116527880118,2025,2025-03-31,learned_order_extension,20260912,0.4604952035655177,0.4604952035655177,0,1
annual_shared_offset,3464,2025-05-09,2025-05-19,0.0041484224873464,2025,2025-03-31,learned_order_extension,20260912,0.23085332957241408,0.23085332957241408,0,1
annual_shared_offset,3469,2025-05-16,2025-05-26,-0.0017462660042188,2025,2025-03-31,learned_order_extension,20260912,0.3480872390445916,0.3480872390445916,0,0
annual_shared_offset,3474,2025-05-23,2025-06-03,-0.0109216443615366,2025,2025-03-31,learned_order_extension,20260912,0.24155249822101946,0.24155249822101946,0,0
annual_shared_offset,3479,2025-05-30,2025-06-09,0.011566574321892,2025,2025-03-31,learned_order_extension,20260912,0.21726374216314365,0.21726374216314365,0,1
annual_shared_offset,3483,2025-06-06,2025-06-16,-0.0062354943524679,2025,2025-03-31,learned_order_extension,20260912,0.42917421550064266,0.42917421550064266,0,0
annual_shared_offset,3488,2025-06-13,2025-06-23,-0.005825691168304,2025,2025-03-31,learned_order_extension,20260912,0.3176384150436566,0.3176384150436566,0,0
annual_shared_offset,3493,2025-06-20,2025-06-30,0.0232670437490374,2025,2025-03-31,learned_order_extension,20260912,0.4601113205079435,0.4601113205079435,0,1
annual_shared_offset,3498,2025-06-27,2025-07-07,0.0145345648685946,2025,2025-03-31,learned_order_extension,20260912,0.5181270090222981,0.5181270090222981,1,1
annual_state_offset_half,3447,2025-04-11,2025-04-21,-0.0010339232881941,2025,2025-03-31,learned_order_extension,20260912,0.5146965896009417,0.5146965896009417,1,0
annual_state_offset_half,3452,2025-04-18,2025-04-28,0.0048432383085554,2025,2025-03-31,learned_order_extension,20260912,0.6661309990671398,0.6661309990671398,1,1
annual_state_offset_half,3457,2025-04-25,2025-05-12,0.02116527880118,2025,2025-03-31,learned_order_extension,20260912,0.4604952035655177,0.4604952035655177,0,1
annual_state_offset_half,3464,2025-05-09,2025-05-19,0.0041484224873464,2025,2025-03-31,learned_order_extension,20260912,0.2228916232476173,0.2228916232476173,0,1
annual_state_offset_half,3469,2025-05-16,2025-05-26,-0.0017462660042188,2025,2025-03-31,learned_order_extension,20260912,0.33785837482502085,0.33785837482502085,0,0
annual_state_offset_half,3474,2025-05-23,2025-06-03,-0.0109216443615366,2025,2025-03-31,learned_order_extension,20260912,0.23333373807048075,0.23333373807048075,0,0
annual_state_offset_half,3479,2025-05-30,2025-06-09,0.011566574321892,2025,2025-03-31,learned_order_extension,20260912,0.2096429696563064,0.2096429696563064,0,1
annual_state_offset_half,3483,2025-06-06,2025-06-16,-0.0062354943524679,2025,2025-03-31,learned_order_extension,20260912,0.4180907049925259,0.4180907049925259,0,0
annual_state_offset_half,3488,2025-06-13,2025-06-23,-0.005825691168304,2025,2025-03-31,learned_order_extension,20260912,0.30788174209544966,0.30788174209544966,0,0
annual_state_offset_half,3493,2025-06-20,2025-06-30,0.0232670437490374,2025,2025-03-31,learned_order_extension,20260912,0.4488570963855153,0.4488570963855153,0,1
annual_state_offset_half,3498,2025-06-27,2025-07-07,0.0145345648685946,2025,2025-03-31,learned_order_extension,20260912,0.5181270090222981,0.5181270090222981,1,1
annual_state_offset,3447,2025-04-11,2025-04-21,-0.0010339232881941,2025,2025-03-31,learned_order_offset,20260912,0.5120728879925767,0.5120728879925767,1,0
annual_state_offset,3452,2025-04-18,2025-04-28,0.0048432383085554,2025,2025-03-31,learned_order_offset,20260912,0.6635249152228766,0.6635249152228766,1,1
annual_state_offset,3457,2025-04-25,2025-05-12,0.02116527880118,2025,2025-03-31,learned_order_offset,20260912,0.46286812448480785,0.46286812448480785,0,1
annual_state_offset,3464,2025-05-09,2025-05-19,0.0041484224873464,2025,2025-03-31,learned_order_offset,20260912,0.23587607374997166,0.23587607374997166,0,1
annual_state_offset,3469,2025-05-16,2025-05-26,-0.0017462660042188,2025,2025-03-31,learned_order_offset,20260912,0.35219958341534285,0.35219958341534285,0,0
annual_state_offset,3474,2025-05-23,2025-06-03,-0.0109216443615366,2025,2025-03-31,learned_order_offset,20260912,0.24726212109234072,0.24726212109234072,0,0
annual_state_offset,3479,2025-05-30,2025-06-09,0.011566574321892,2025,2025-03-31,learned_order_offset,20260912,0.22324999872717016,0.22324999872717016,0,1
annual_state_offset,3483,2025-06-06,2025-06-16,-0.0062354943524679,2025,2025-03-31,learned_order_offset,20260912,0.4333005496536657,0.4333005496536657,0,0
annual_state_offset,3488,2025-06-13,2025-06-23,-0.005825691168304,2025,2025-03-31,learned_order_offset,20260912,0.318555364982015,0.318555364982015,0,0
annual_state_offset,3493,2025-06-20,2025-06-30,0.0232670437490374,2025,2025-03-31,learned_order_offset,20260912,0.46045186610639705,0.46045186610639705,0,1
annual_state_offset,3498,2025-06-27,2025-07-07,0.0145345648685946,2025,2025-03-31,learned_order_offset,20260912,0.51621490195825,0.51621490195825,1,1
annual_shared_offset,3447,2025-04-11,2025-04-21,-0.0010339232881941,2025,2025-03-31,learned_order_offset,20260912,0.5120728879925767,0.5120728879925767,1,0
annual_shared_offset,3452,2025-04-18,2025-04-28,0.0048432383085554,2025,2025-03-31,learned_order_offset,20260912,0.6635249152228766,0.6635249152228766,1,1
annual_shared_offset,3457,2025-04-25,2025-05-12,0.02116527880118,2025,2025-03-31,learned_order_offset,20260912,0.46286812448480785,0.46286812448480785,0,1
annual_shared_offset,3464,2025-05-09,2025-05-19,0.0041484224873464,2025,2025-03-31,learned_order_offset,20260912,0.23587607374997166,0.23587607374997166,0,1
annual_shared_offset,3469,2025-05-16,2025-05-26,-0.0017462660042188,2025,2025-03-31,learned_order_offset,20260912,0.35219958341534285,0.35219958341534285,0,0
annual_shared_offset,3474,2025-05-23,2025-06-03,-0.0109216443615366,2025,2025-03-31,learned_order_offset,20260912,0.24726212109234072,0.24726212109234072,0,0
annual_shared_offset,3479,2025-05-30,2025-06-09,0.011566574321892,2025,2025-03-31,learned_order_offset,20260912,0.22324999872717016,0.22324999872717016,0,1
annual_shared_offset,3483,2025-06-06,2025-06-16,-0.0062354943524679,2025,2025-03-31,learned_order_offset,20260912,0.4333005496536657,0.4333005496536657,0,0
annual_shared_offset,3488,2025-06-13,2025-06-23,-0.005825691168304,2025,2025-03-31,learned_order_offset,20260912,0.318555364982015,0.318555364982015,0,0
annual_shared_offset,3493,2025-06-20,2025-06-30,0.0232670437490374,2025,2025-03-31,learned_order_offset,20260912,0.46045186610639705,0.46045186610639705,0,1
annual_shared_offset,3498,2025-06-27,2025-07-07,0.0145345648685946,2025,2025-03-31,learned_order_offset,20260912,0.51621490195825,0.51621490195825,1,1
annual_state_offset_half,3447,2025-04-11,2025-04-21,-0.0010339232881941,2025,2025-03-31,learned_order_offset,20260912,0.5120728879925767,0.5120728879925767,1,0
annual_state_offset_half,3452,2025-04-18,2025-04-28,0.0048432383085554,2025,2025-03-31,learned_order_offset,20260912,0.6635249152228766,0.6635249152228766,1,1
annual_state_offset_half,3457,2025-04-25,2025-05-12,0.02116527880118,2025,2025-03-31,learned_order_offset,20260912,0.46286812448480785,0.46286812448480785,0,1
annual_state_offset_half,3464,2025-05-09,2025-05-19,0.0041484224873464,2025,2025-03-31,learned_order_offset,20260912,0.22764883327754315,0.22764883327754315,0,1
annual_state_offset_half,3469,2025-05-16,2025-05-26,-0.0017462660042188,2025,2025-03-31,learned_order_offset,20260912,0.34172953470357587,0.34172953470357587,0,0
annual_state_offset_half,3474,2025-05-23,2025-06-03,-0.0109216443615366,2025,2025-03-31,learned_order_offset,20260912,0.23876183310920876,0.23876183310920876,0,0
annual_state_offset_half,3479,2025-05-30,2025-06-09,0.011566574321892,2025,2025-03-31,learned_order_offset,20260912,0.2153390420990252,0.2153390420990252,0,1
annual_state_offset_half,3483,2025-06-06,2025-06-16,-0.0062354943524679,2025,2025-03-31,learned_order_offset,20260912,0.42199009627283424,0.42199009627283424,0,0
annual_state_offset_half,3488,2025-06-13,2025-06-23,-0.005825691168304,2025,2025-03-31,learned_order_offset,20260912,0.3086090058487495,0.3086090058487495,0,0
annual_state_offset_half,3493,2025-06-20,2025-06-30,0.0232670437490374,2025,2025-03-31,learned_order_offset,20260912,0.4489942070062697,0.4489942070062697,0,1
annual_state_offset_half,3498,2025-06-27,2025-07-07,0.0145345648685946,2025,2025-03-31,learned_order_offset,20260912,0.51621490195825,0.51621490195825,1,1
annual_state_offset,3503,2025-07-04,2025-07-14,0.0110426949002964,2025,2025-06-30,learned_market,20260910,0.7015823439777326,0.7015823439777326,1,1
annual_state_offset,3508,2025-07-11,2025-07-21,0.0120759671840067,2025,2025-06-30,learned_market,20260910,0.7139989728727871,0.7139989728727871,1,1
annual_state_offset,3513,2025-07-18,2025-07-28,0.0143570766898375,2025,2025-06-30,learned_market,20260910,0.4034517865000961,0.4034517865000961,0,1
annual_state_offset,3518,2025-07-25,2025-08-04,-0.0218642507630443,2025,2025-06-30,learned_market,20260910,0.48275696040931965,0.48275696040931965,0,0
annual_state_offset,3523,2025-08-01,2025-08-11,0.0179175520190988,2025,2025-06-30,learned_market,20260910,0.5124883538124961,0.5124883538124961,1,1
annual_state_offset,3528,2025-08-08,2025-08-18,0.026265786598999,2025,2025-06-30,learned_market,20260910,0.337061662660508,0.337061662660508,0,1
annual_state_offset,3533,2025-08-15,2025-08-25,0.0469483790671487,2025,2025-06-30,learned_market,20260910,0.4403874641150846,0.4403874641150846,0,1
annual_state_offset,3538,2025-08-22,2025-09-01,0.0227770368340847,2025,2025-06-30,learned_market,20260910,0.4148027182610919,0.4148027182610919,0,1
annual_state_offset,3543,2025-08-29,2025-09-08,-0.0110053842475337,2025,2025-06-30,learned_market,20260910,0.44547018940253946,0.44547018940253946,0,0
annual_state_offset,3548,2025-09-05,2025-09-15,0.0151594857594405,2025,2025-06-30,learned_market,20260910,0.439099196508694,0.439099196508694,0,1
annual_state_offset,3553,2025-09-12,2025-09-22,-0.0050409160971932,2025,2025-06-30,learned_market,20260910,0.47404842126415475,0.47404842126415475,0,0
annual_state_offset,3558,2025-09-19,2025-09-29,0.0095300784790881,2025,2025-06-30,learned_market,20260910,0.46350428274903427,0.46350428274903427,0,1
annual_state_offset,3563,2025-09-26,2025-10-13,-0.0140855274279203,2025,2025-06-30,learned_market,20260910,0.47329908698714157,0.47329908698714157,0,0
annual_shared_offset,3503,2025-07-04,2025-07-14,0.0110426949002964,2025,2025-06-30,learned_market,20260910,0.7015823439777326,0.7015823439777326,1,1
annual_shared_offset,3508,2025-07-11,2025-07-21,0.0120759671840067,2025,2025-06-30,learned_market,20260910,0.7139989728727871,0.7139989728727871,1,1
annual_shared_offset,3513,2025-07-18,2025-07-28,0.0143570766898375,2025,2025-06-30,learned_market,20260910,0.4034517865000961,0.4034517865000961,0,1
annual_shared_offset,3518,2025-07-25,2025-08-04,-0.0218642507630443,2025,2025-06-30,learned_market,20260910,0.48275696040931965,0.48275696040931965,0,0
annual_shared_offset,3523,2025-08-01,2025-08-11,0.0179175520190988,2025,2025-06-30,learned_market,20260910,0.5124883538124961,0.5124883538124961,1,1
annual_shared_offset,3528,2025-08-08,2025-08-18,0.026265786598999,2025,2025-06-30,learned_market,20260910,0.337061662660508,0.337061662660508,0,1
annual_shared_offset,3533,2025-08-15,2025-08-25,0.0469483790671487,2025,2025-06-30,learned_market,20260910,0.4403874641150846,0.4403874641150846,0,1
annual_shared_offset,3538,2025-08-22,2025-09-01,0.0227770368340847,2025,2025-06-30,learned_market,20260910,0.4148027182610919,0.4148027182610919,0,1
annual_shared_offset,3543,2025-08-29,2025-09-08,-0.0110053842475337,2025,2025-06-30,learned_market,20260910,0.44547018940253946,0.44547018940253946,0,0
annual_shared_offset,3548,2025-09-05,2025-09-15,0.0151594857594405,2025,2025-06-30,learned_market,20260910,0.439099196508694,0.439099196508694,0,1
annual_shared_offset,3553,2025-09-12,2025-09-22,-0.0050409160971932,2025,2025-06-30,learned_market,20260910,0.47404842126415475,0.47404842126415475,0,0
annual_shared_offset,3558,2025-09-19,2025-09-29,0.0095300784790881,2025,2025-06-30,learned_market,20260910,0.46350428274903427,0.46350428274903427,0,1
annual_shared_offset,3563,2025-09-26,2025-10-13,-0.0140855274279203,2025,2025-06-30,learned_market,20260910,0.47329908698714157,0.47329908698714157,0,0
annual_state_offset_half,3503,2025-07-04,2025-07-14,0.0110426949002964,2025,2025-06-30,learned_market,20260910,0.7015823439777326,0.7015823439777326,1,1
annual_state_offset_half,3508,2025-07-11,2025-07-21,0.0120759671840067,2025,2025-06-30,learned_market,20260910,0.7139989728727871,0.7139989728727871,1,1
annual_state_offset_half,3513,2025-07-18,2025-07-28,0.0143570766898375,2025,2025-06-30,learned_market,20260910,0.4034517865000961,0.4034517865000961,0,1
annual_state_offset_half,3518,2025-07-25,2025-08-04,-0.0218642507630443,2025,2025-06-30,learned_market,20260910,0.48275696040931965,0.48275696040931965,0,0
annual_state_offset_half,3523,2025-08-01,2025-08-11,0.0179175520190988,2025,2025-06-30,learned_market,20260910,0.5124883538124961,0.5124883538124961,1,1
annual_state_offset_half,3528,2025-08-08,2025-08-18,0.026265786598999,2025,2025-06-30,learned_market,20260910,0.337061662660508,0.337061662660508,0,1
annual_state_offset_half,3533,2025-08-15,2025-08-25,0.0469483790671487,2025,2025-06-30,learned_market,20260910,0.4403874641150846,0.4403874641150846,0,1
annual_state_offset_half,3538,2025-08-22,2025-09-01,0.0227770368340847,2025,2025-06-30,learned_market,20260910,0.4148027182610919,0.4148027182610919,0,1
annual_state_offset_half,3543,2025-08-29,2025-09-08,-0.0110053842475337,2025,2025-06-30,learned_market,20260910,0.44547018940253946,0.44547018940253946,0,0
annual_state_offset_half,3548,2025-09-05,2025-09-15,0.0151594857594405,2025,2025-06-30,learned_market,20260910,0.439099196508694,0.439099196508694,0,1
annual_state_offset_half,3553,2025-09-12,2025-09-22,-0.0050409160971932,2025,2025-06-30,learned_market,20260910,0.47404842126415475,0.47404842126415475,0,0
annual_state_offset_half,3558,2025-09-19,2025-09-29,0.0095300784790881,2025,2025-06-30,learned_market,20260910,0.46350428274903427,0.46350428274903427,0,1
annual_state_offset_half,3563,2025-09-26,2025-10-13,-0.0140855274279203,2025,2025-06-30,learned_market,20260910,0.47329908698714157,0.47329908698714157,0,0
annual_state_offset,3503,2025-07-04,2025-07-14,0.0110426949002964,2025,2025-06-30,learned_vol_interaction,20260910,0.7804471157978421,0.7804471157978421,1,1
annual_state_offset,3508,2025-07-11,2025-07-21,0.0120759671840067,2025,2025-06-30,learned_vol_interaction,20260910,0.8059006088843718,0.8059006088843718,1,1
annual_state_offset,3513,2025-07-18,2025-07-28,0.0143570766898375,2025,2025-06-30,learned_vol_interaction,20260910,0.4022202754416644,0.4022202754416644,0,1
annual_state_offset,3518,2025-07-25,2025-08-04,-0.0218642507630443,2025,2025-06-30,learned_vol_interaction,20260910,0.4655503807560464,0.4655503807560464,0,0
annual_state_offset,3523,2025-08-01,2025-08-11,0.0179175520190988,2025,2025-06-30,learned_vol_interaction,20260910,0.5131744614899625,0.5131744614899625,1,1
annual_state_offset,3528,2025-08-08,2025-08-18,0.026265786598999,2025,2025-06-30,learned_vol_interaction,20260910,0.26813484576790564,0.26813484576790564,0,1
annual_state_offset,3533,2025-08-15,2025-08-25,0.0469483790671487,2025,2025-06-30,learned_vol_interaction,20260910,0.3957918177235022,0.3957918177235022,0,1
annual_state_offset,3538,2025-08-22,2025-09-01,0.0227770368340847,2025,2025-06-30,learned_vol_interaction,20260910,0.3814946408024303,0.3814946408024303,0,1
annual_state_offset,3543,2025-08-29,2025-09-08,-0.0110053842475337,2025,2025-06-30,learned_vol_interaction,20260910,0.4238694970722328,0.4238694970722328,0,0
annual_state_offset,3548,2025-09-05,2025-09-15,0.0151594857594405,2025,2025-06-30,learned_vol_interaction,20260910,0.43903974814462976,0.43903974814462976,0,1
annual_state_offset,3553,2025-09-12,2025-09-22,-0.0050409160971932,2025,2025-06-30,learned_vol_interaction,20260910,0.47422353562658653,0.47422353562658653,0,0
annual_state_offset,3558,2025-09-19,2025-09-29,0.0095300784790881,2025,2025-06-30,learned_vol_interaction,20260910,0.458739778875352,0.458739778875352,0,1
annual_state_offset,3563,2025-09-26,2025-10-13,-0.0140855274279203,2025,2025-06-30,learned_vol_interaction,20260910,0.45076701170720995,0.45076701170720995,0,0
annual_shared_offset,3503,2025-07-04,2025-07-14,0.0110426949002964,2025,2025-06-30,learned_vol_interaction,20260910,0.7804471157978421,0.7804471157978421,1,1
annual_shared_offset,3508,2025-07-11,2025-07-21,0.0120759671840067,2025,2025-06-30,learned_vol_interaction,20260910,0.8059006088843718,0.8059006088843718,1,1
annual_shared_offset,3513,2025-07-18,2025-07-28,0.0143570766898375,2025,2025-06-30,learned_vol_interaction,20260910,0.4022202754416644,0.4022202754416644,0,1
annual_shared_offset,3518,2025-07-25,2025-08-04,-0.0218642507630443,2025,2025-06-30,learned_vol_interaction,20260910,0.4655503807560464,0.4655503807560464,0,0
annual_shared_offset,3523,2025-08-01,2025-08-11,0.0179175520190988,2025,2025-06-30,learned_vol_interaction,20260910,0.5131744614899625,0.5131744614899625,1,1
annual_shared_offset,3528,2025-08-08,2025-08-18,0.026265786598999,2025,2025-06-30,learned_vol_interaction,20260910,0.26813484576790564,0.26813484576790564,0,1
annual_shared_offset,3533,2025-08-15,2025-08-25,0.0469483790671487,2025,2025-06-30,learned_vol_interaction,20260910,0.3957918177235022,0.3957918177235022,0,1
annual_shared_offset,3538,2025-08-22,2025-09-01,0.0227770368340847,2025,2025-06-30,learned_vol_interaction,20260910,0.3814946408024303,0.3814946408024303,0,1
annual_shared_offset,3543,2025-08-29,2025-09-08,-0.0110053842475337,2025,2025-06-30,learned_vol_interaction,20260910,0.4238694970722328,0.4238694970722328,0,0
annual_shared_offset,3548,2025-09-05,2025-09-15,0.0151594857594405,2025,2025-06-30,learned_vol_interaction,20260910,0.43903974814462976,0.43903974814462976,0,1
annual_shared_offset,3553,2025-09-12,2025-09-22,-0.0050409160971932,2025,2025-06-30,learned_vol_interaction,20260910,0.47422353562658653,0.47422353562658653,0,0
annual_shared_offset,3558,2025-09-19,2025-09-29,0.0095300784790881,2025,2025-06-30,learned_vol_interaction,20260910,0.458739778875352,0.458739778875352,0,1
annual_shared_offset,3563,2025-09-26,2025-10-13,-0.0140855274279203,2025,2025-06-30,learned_vol_interaction,20260910,0.45076701170720995,0.45076701170720995,0,0
annual_state_offset_half,3503,2025-07-04,2025-07-14,0.0110426949002964,2025,2025-06-30,learned_vol_interaction,20260910,0.7804471157978421,0.7804471157978421,1,1
annual_state_offset_half,3508,2025-07-11,2025-07-21,0.0120759671840067,2025,2025-06-30,learned_vol_interaction,20260910,0.8059006088843718,0.8059006088843718,1,1
annual_state_offset_half,3513,2025-07-18,2025-07-28,0.0143570766898375,2025,2025-06-30,learned_vol_interaction,20260910,0.4022202754416644,0.4022202754416644,0,1
annual_state_offset_half,3518,2025-07-25,2025-08-04,-0.0218642507630443,2025,2025-06-30,learned_vol_interaction,20260910,0.4655503807560464,0.4655503807560464,0,0
annual_state_offset_half,3523,2025-08-01,2025-08-11,0.0179175520190988,2025,2025-06-30,learned_vol_interaction,20260910,0.5131744614899625,0.5131744614899625,1,1
annual_state_offset_half,3528,2025-08-08,2025-08-18,0.026265786598999,2025,2025-06-30,learned_vol_interaction,20260910,0.26813484576790564,0.26813484576790564,0,1
annual_state_offset_half,3533,2025-08-15,2025-08-25,0.0469483790671487,2025,2025-06-30,learned_vol_interaction,20260910,0.3957918177235022,0.3957918177235022,0,1
annual_state_offset_half,3538,2025-08-22,2025-09-01,0.0227770368340847,2025,2025-06-30,learned_vol_interaction,20260910,0.3814946408024303,0.3814946408024303,0,1
annual_state_offset_half,3543,2025-08-29,2025-09-08,-0.0110053842475337,2025,2025-06-30,learned_vol_interaction,20260910,0.4238694970722328,0.4238694970722328,0,0
annual_state_offset_half,3548,2025-09-05,2025-09-15,0.0151594857594405,2025,2025-06-30,learned_vol_interaction,20260910,0.43903974814462976,0.43903974814462976,0,1
annual_state_offset_half,3553,2025-09-12,2025-09-22,-0.0050409160971932,2025,2025-06-30,learned_vol_interaction,20260910,0.47422353562658653,0.47422353562658653,0,0
annual_state_offset_half,3558,2025-09-19,2025-09-29,0.0095300784790881,2025,2025-06-30,learned_vol_interaction,20260910,0.458739778875352,0.458739778875352,0,1
annual_state_offset_half,3563,2025-09-26,2025-10-13,-0.0140855274279203,2025,2025-06-30,learned_vol_interaction,20260910,0.45076701170720995,0.45076701170720995,0,0
annual_state_offset,3503,2025-07-04,2025-07-14,0.0110426949002964,2025,2025-06-30,learned_order_extension,20260910,0.7176321167186754,0.7176321167186754,1,1
annual_state_offset,3508,2025-07-11,2025-07-21,0.0120759671840067,2025,2025-06-30,learned_order_extension,20260910,0.8326931438759837,0.8326931438759837,1,1
annual_state_offset,3513,2025-07-18,2025-07-28,0.0143570766898375,2025,2025-06-30,learned_order_extension,20260910,0.39152870941681295,0.39152870941681295,0,1
annual_state_offset,3518,2025-07-25,2025-08-04,-0.0218642507630443,2025,2025-06-30,learned_order_extension,20260910,0.44803558799905846,0.44803558799905846,0,0
annual_state_offset,3523,2025-08-01,2025-08-11,0.0179175520190988,2025,2025-06-30,learned_order_extension,20260910,0.4974977283652398,0.4974977283652398,0,1
annual_state_offset,3528,2025-08-08,2025-08-18,0.026265786598999,2025,2025-06-30,learned_order_extension,20260910,0.28923456244235046,0.28923456244235046,0,1
annual_state_offset,3533,2025-08-15,2025-08-25,0.0469483790671487,2025,2025-06-30,learned_order_extension,20260910,0.37567196821432247,0.37567196821432247,0,1
annual_state_offset,3538,2025-08-22,2025-09-01,0.0227770368340847,2025,2025-06-30,learned_order_extension,20260910,0.35309160588380617,0.35309160588380617,0,1
annual_state_offset,3543,2025-08-29,2025-09-08,-0.0110053842475337,2025,2025-06-30,learned_order_extension,20260910,0.414950573852872,0.414950573852872,0,0
annual_state_offset,3548,2025-09-05,2025-09-15,0.0151594857594405,2025,2025-06-30,learned_order_extension,20260910,0.44419609703054896,0.44419609703054896,0,1
annual_state_offset,3553,2025-09-12,2025-09-22,-0.0050409160971932,2025,2025-06-30,learned_order_extension,20260910,0.48911647755360804,0.48911647755360804,0,0
annual_state_offset,3558,2025-09-19,2025-09-29,0.0095300784790881,2025,2025-06-30,learned_order_extension,20260910,0.4484611229876225,0.4484611229876225,0,1
annual_state_offset,3563,2025-09-26,2025-10-13,-0.0140855274279203,2025,2025-06-30,learned_order_extension,20260910,0.4329956852716207,0.4329956852716207,0,0
annual_shared_offset,3503,2025-07-04,2025-07-14,0.0110426949002964,2025,2025-06-30,learned_order_extension,20260910,0.7176321167186754,0.7176321167186754,1,1
annual_shared_offset,3508,2025-07-11,2025-07-21,0.0120759671840067,2025,2025-06-30,learned_order_extension,20260910,0.8326931438759837,0.8326931438759837,1,1
annual_shared_offset,3513,2025-07-18,2025-07-28,0.0143570766898375,2025,2025-06-30,learned_order_extension,20260910,0.39152870941681295,0.39152870941681295,0,1
annual_shared_offset,3518,2025-07-25,2025-08-04,-0.0218642507630443,2025,2025-06-30,learned_order_extension,20260910,0.44803558799905846,0.44803558799905846,0,0
annual_shared_offset,3523,2025-08-01,2025-08-11,0.0179175520190988,2025,2025-06-30,learned_order_extension,20260910,0.4974977283652398,0.4974977283652398,0,1
annual_shared_offset,3528,2025-08-08,2025-08-18,0.026265786598999,2025,2025-06-30,learned_order_extension,20260910,0.28923456244235046,0.28923456244235046,0,1
annual_shared_offset,3533,2025-08-15,2025-08-25,0.0469483790671487,2025,2025-06-30,learned_order_extension,20260910,0.37567196821432247,0.37567196821432247,0,1
annual_shared_offset,3538,2025-08-22,2025-09-01,0.0227770368340847,2025,2025-06-30,learned_order_extension,20260910,0.35309160588380617,0.35309160588380617,0,1
annual_shared_offset,3543,2025-08-29,2025-09-08,-0.0110053842475337,2025,2025-06-30,learned_order_extension,20260910,0.414950573852872,0.414950573852872,0,0
annual_shared_offset,3548,2025-09-05,2025-09-15,0.0151594857594405,2025,2025-06-30,learned_order_extension,20260910,0.44419609703054896,0.44419609703054896,0,1
annual_shared_offset,3553,2025-09-12,2025-09-22,-0.0050409160971932,2025,2025-06-30,learned_order_extension,20260910,0.48911647755360804,0.48911647755360804,0,0
annual_shared_offset,3558,2025-09-19,2025-09-29,0.0095300784790881,2025,2025-06-30,learned_order_extension,20260910,0.4484611229876225,0.4484611229876225,0,1
annual_shared_offset,3563,2025-09-26,2025-10-13,-0.0140855274279203,2025,2025-06-30,learned_order_extension,20260910,0.4329956852716207,0.4329956852716207,0,0
annual_state_offset_half,3503,2025-07-04,2025-07-14,0.0110426949002964,2025,2025-06-30,learned_order_extension,20260910,0.7176321167186754,0.7176321167186754,1,1
annual_state_offset_half,3508,2025-07-11,2025-07-21,0.0120759671840067,2025,2025-06-30,learned_order_extension,20260910,0.8326931438759837,0.8326931438759837,1,1
annual_state_offset_half,3513,2025-07-18,2025-07-28,0.0143570766898375,2025,2025-06-30,learned_order_extension,20260910,0.39152870941681295,0.39152870941681295,0,1
annual_state_offset_half,3518,2025-07-25,2025-08-04,-0.0218642507630443,2025,2025-06-30,learned_order_extension,20260910,0.44803558799905846,0.44803558799905846,0,0
annual_state_offset_half,3523,2025-08-01,2025-08-11,0.0179175520190988,2025,2025-06-30,learned_order_extension,20260910,0.4974977283652398,0.4974977283652398,0,1
annual_state_offset_half,3528,2025-08-08,2025-08-18,0.026265786598999,2025,2025-06-30,learned_order_extension,20260910,0.28923456244235046,0.28923456244235046,0,1
annual_state_offset_half,3533,2025-08-15,2025-08-25,0.0469483790671487,2025,2025-06-30,learned_order_extension,20260910,0.37567196821432247,0.37567196821432247,0,1
annual_state_offset_half,3538,2025-08-22,2025-09-01,0.0227770368340847,2025,2025-06-30,learned_order_extension,20260910,0.35309160588380617,0.35309160588380617,0,1
annual_state_offset_half,3543,2025-08-29,2025-09-08,-0.0110053842475337,2025,2025-06-30,learned_order_extension,20260910,0.414950573852872,0.414950573852872,0,0
annual_state_offset_half,3548,2025-09-05,2025-09-15,0.0151594857594405,2025,2025-06-30,learned_order_extension,20260910,0.44419609703054896,0.44419609703054896,0,1
annual_state_offset_half,3553,2025-09-12,2025-09-22,-0.0050409160971932,2025,2025-06-30,learned_order_extension,20260910,0.48911647755360804,0.48911647755360804,0,0
annual_state_offset_half,3558,2025-09-19,2025-09-29,0.0095300784790881,2025,2025-06-30,learned_order_extension,20260910,0.4484611229876225,0.4484611229876225,0,1
annual_state_offset_half,3563,2025-09-26,2025-10-13,-0.0140855274279203,2025,2025-06-30,learned_order_extension,20260910,0.4329956852716207,0.4329956852716207,0,0
annual_state_offset,3503,2025-07-04,2025-07-14,0.0110426949002964,2025,2025-06-30,learned_order_offset,20260910,0.7138049429629315,0.7138049429629315,1,1
annual_state_offset,3508,2025-07-11,2025-07-21,0.0120759671840067,2025,2025-06-30,learned_order_offset,20260910,0.8295391005206344,0.8295391005206344,1,1
annual_state_offset,3513,2025-07-18,2025-07-28,0.0143570766898375,2025,2025-06-30,learned_order_offset,20260910,0.3912754070593162,0.3912754070593162,0,1
annual_state_offset,3518,2025-07-25,2025-08-04,-0.0218642507630443,2025,2025-06-30,learned_order_offset,20260910,0.4472338795260976,0.4472338795260976,0,0
annual_state_offset,3523,2025-08-01,2025-08-11,0.0179175520190988,2025,2025-06-30,learned_order_offset,20260910,0.49738369791735854,0.49738369791735854,0,1
annual_state_offset,3528,2025-08-08,2025-08-18,0.026265786598999,2025,2025-06-30,learned_order_offset,20260910,0.29021186818668443,0.29021186818668443,0,1
annual_state_offset,3533,2025-08-15,2025-08-25,0.0469483790671487,2025,2025-06-30,learned_order_offset,20260910,0.3765210913585545,0.3765210913585545,0,1
annual_state_offset,3538,2025-08-22,2025-09-01,0.0227770368340847,2025,2025-06-30,learned_order_offset,20260910,0.3535124963113698,0.3535124963113698,0,1
annual_state_offset,3543,2025-08-29,2025-09-08,-0.0110053842475337,2025,2025-06-30,learned_order_offset,20260910,0.4155611592025284,0.4155611592025284,0,0
annual_state_offset,3548,2025-09-05,2025-09-15,0.0151594857594405,2025,2025-06-30,learned_order_offset,20260910,0.44480586026466634,0.44480586026466634,0,1
annual_state_offset,3553,2025-09-12,2025-09-22,-0.0050409160971932,2025,2025-06-30,learned_order_offset,20260910,0.4900756775013041,0.4900756775013041,0,0
annual_state_offset,3558,2025-09-19,2025-09-29,0.0095300784790881,2025,2025-06-30,learned_order_offset,20260910,0.4492520954551793,0.4492520954551793,0,1
annual_state_offset,3563,2025-09-26,2025-10-13,-0.0140855274279203,2025,2025-06-30,learned_order_offset,20260910,0.4335073624553348,0.4335073624553348,0,0
annual_shared_offset,3503,2025-07-04,2025-07-14,0.0110426949002964,2025,2025-06-30,learned_order_offset,20260910,0.7138049429629315,0.7138049429629315,1,1
annual_shared_offset,3508,2025-07-11,2025-07-21,0.0120759671840067,2025,2025-06-30,learned_order_offset,20260910,0.8295391005206344,0.8295391005206344,1,1
annual_shared_offset,3513,2025-07-18,2025-07-28,0.0143570766898375,2025,2025-06-30,learned_order_offset,20260910,0.3912754070593162,0.3912754070593162,0,1
annual_shared_offset,3518,2025-07-25,2025-08-04,-0.0218642507630443,2025,2025-06-30,learned_order_offset,20260910,0.4472338795260976,0.4472338795260976,0,0
annual_shared_offset,3523,2025-08-01,2025-08-11,0.0179175520190988,2025,2025-06-30,learned_order_offset,20260910,0.49738369791735854,0.49738369791735854,0,1
annual_shared_offset,3528,2025-08-08,2025-08-18,0.026265786598999,2025,2025-06-30,learned_order_offset,20260910,0.29021186818668443,0.29021186818668443,0,1
annual_shared_offset,3533,2025-08-15,2025-08-25,0.0469483790671487,2025,2025-06-30,learned_order_offset,20260910,0.3765210913585545,0.3765210913585545,0,1
annual_shared_offset,3538,2025-08-22,2025-09-01,0.0227770368340847,2025,2025-06-30,learned_order_offset,20260910,0.3535124963113698,0.3535124963113698,0,1
annual_shared_offset,3543,2025-08-29,2025-09-08,-0.0110053842475337,2025,2025-06-30,learned_order_offset,20260910,0.4155611592025284,0.4155611592025284,0,0
annual_shared_offset,3548,2025-09-05,2025-09-15,0.0151594857594405,2025,2025-06-30,learned_order_offset,20260910,0.44480586026466634,0.44480586026466634,0,1
annual_shared_offset,3553,2025-09-12,2025-09-22,-0.0050409160971932,2025,2025-06-30,learned_order_offset,20260910,0.4900756775013041,0.4900756775013041,0,0
annual_shared_offset,3558,2025-09-19,2025-09-29,0.0095300784790881,2025,2025-06-30,learned_order_offset,20260910,0.4492520954551793,0.4492520954551793,0,1
annual_shared_offset,3563,2025-09-26,2025-10-13,-0.0140855274279203,2025,2025-06-30,learned_order_offset,20260910,0.4335073624553348,0.4335073624553348,0,0
annual_state_offset_half,3503,2025-07-04,2025-07-14,0.0110426949002964,2025,2025-06-30,learned_order_offset,20260910,0.7138049429629315,0.7138049429629315,1,1
annual_state_offset_half,3508,2025-07-11,2025-07-21,0.0120759671840067,2025,2025-06-30,learned_order_offset,20260910,0.8295391005206344,0.8295391005206344,1,1
annual_state_offset_half,3513,2025-07-18,2025-07-28,0.0143570766898375,2025,2025-06-30,learned_order_offset,20260910,0.3912754070593162,0.3912754070593162,0,1
annual_state_offset_half,3518,2025-07-25,2025-08-04,-0.0218642507630443,2025,2025-06-30,learned_order_offset,20260910,0.4472338795260976,0.4472338795260976,0,0
annual_state_offset_half,3523,2025-08-01,2025-08-11,0.0179175520190988,2025,2025-06-30,learned_order_offset,20260910,0.49738369791735854,0.49738369791735854,0,1
annual_state_offset_half,3528,2025-08-08,2025-08-18,0.026265786598999,2025,2025-06-30,learned_order_offset,20260910,0.29021186818668443,0.29021186818668443,0,1
annual_state_offset_half,3533,2025-08-15,2025-08-25,0.0469483790671487,2025,2025-06-30,learned_order_offset,20260910,0.3765210913585545,0.3765210913585545,0,1
annual_state_offset_half,3538,2025-08-22,2025-09-01,0.0227770368340847,2025,2025-06-30,learned_order_offset,20260910,0.3535124963113698,0.3535124963113698,0,1
annual_state_offset_half,3543,2025-08-29,2025-09-08,-0.0110053842475337,2025,2025-06-30,learned_order_offset,20260910,0.4155611592025284,0.4155611592025284,0,0
annual_state_offset_half,3548,2025-09-05,2025-09-15,0.0151594857594405,2025,2025-06-30,learned_order_offset,20260910,0.44480586026466634,0.44480586026466634,0,1
annual_state_offset_half,3553,2025-09-12,2025-09-22,-0.0050409160971932,2025,2025-06-30,learned_order_offset,20260910,0.4900756775013041,0.4900756775013041,0,0
annual_state_offset_half,3558,2025-09-19,2025-09-29,0.0095300784790881,2025,2025-06-30,learned_order_offset,20260910,0.4492520954551793,0.4492520954551793,0,1
annual_state_offset_half,3563,2025-09-26,2025-10-13,-0.0140855274279203,2025,2025-06-30,learned_order_offset,20260910,0.4335073624553348,0.4335073624553348,0,0
annual_state_offset,3503,2025-07-04,2025-07-14,0.0110426949002964,2025,2025-06-30,learned_market,20260911,0.6568898114490267,0.6568898114490267,1,1
annual_state_offset,3508,2025-07-11,2025-07-21,0.0120759671840067,2025,2025-06-30,learned_market,20260911,0.43798275099067796,0.43798275099067796,0,1
annual_state_offset,3513,2025-07-18,2025-07-28,0.0143570766898375,2025,2025-06-30,learned_market,20260911,0.45123982610211855,0.45123982610211855,0,1
annual_state_offset,3518,2025-07-25,2025-08-04,-0.0218642507630443,2025,2025-06-30,learned_market,20260911,0.37704556959575936,0.37704556959575936,0,0
annual_state_offset,3523,2025-08-01,2025-08-11,0.0179175520190988,2025,2025-06-30,learned_market,20260911,0.3633584459405606,0.3633584459405606,0,1
annual_state_offset,3528,2025-08-08,2025-08-18,0.026265786598999,2025,2025-06-30,learned_market,20260911,0.25506671682854865,0.25506671682854865,0,1
annual_state_offset,3533,2025-08-15,2025-08-25,0.0469483790671487,2025,2025-06-30,learned_market,20260911,0.43449755283990127,0.43449755283990127,0,1
annual_state_offset,3538,2025-08-22,2025-09-01,0.0227770368340847,2025,2025-06-30,learned_market,20260911,0.2874119167958537,0.2874119167958537,0,1
annual_state_offset,3543,2025-08-29,2025-09-08,-0.0110053842475337,2025,2025-06-30,learned_market,20260911,0.4144480705711107,0.4144480705711107,0,0
annual_state_offset,3548,2025-09-05,2025-09-15,0.0151594857594405,2025,2025-06-30,learned_market,20260911,0.3838102273043383,0.3838102273043383,0,1
annual_state_offset,3553,2025-09-12,2025-09-22,-0.0050409160971932,2025,2025-06-30,learned_market,20260911,0.5124875202553011,0.5124875202553011,1,0
annual_state_offset,3558,2025-09-19,2025-09-29,0.0095300784790881,2025,2025-06-30,learned_market,20260911,0.3928507736042907,0.3928507736042907,0,1
annual_state_offset,3563,2025-09-26,2025-10-13,-0.0140855274279203,2025,2025-06-30,learned_market,20260911,0.41332433429860765,0.41332433429860765,0,0
annual_shared_offset,3503,2025-07-04,2025-07-14,0.0110426949002964,2025,2025-06-30,learned_market,20260911,0.6568898114490267,0.6568898114490267,1,1
annual_shared_offset,3508,2025-07-11,2025-07-21,0.0120759671840067,2025,2025-06-30,learned_market,20260911,0.43798275099067796,0.43798275099067796,0,1
annual_shared_offset,3513,2025-07-18,2025-07-28,0.0143570766898375,2025,2025-06-30,learned_market,20260911,0.45123982610211855,0.45123982610211855,0,1
annual_shared_offset,3518,2025-07-25,2025-08-04,-0.0218642507630443,2025,2025-06-30,learned_market,20260911,0.37704556959575936,0.37704556959575936,0,0
annual_shared_offset,3523,2025-08-01,2025-08-11,0.0179175520190988,2025,2025-06-30,learned_market,20260911,0.3633584459405606,0.3633584459405606,0,1
annual_shared_offset,3528,2025-08-08,2025-08-18,0.026265786598999,2025,2025-06-30,learned_market,20260911,0.25506671682854865,0.25506671682854865,0,1
annual_shared_offset,3533,2025-08-15,2025-08-25,0.0469483790671487,2025,2025-06-30,learned_market,20260911,0.43449755283990127,0.43449755283990127,0,1
annual_shared_offset,3538,2025-08-22,2025-09-01,0.0227770368340847,2025,2025-06-30,learned_market,20260911,0.2874119167958537,0.2874119167958537,0,1
annual_shared_offset,3543,2025-08-29,2025-09-08,-0.0110053842475337,2025,2025-06-30,learned_market,20260911,0.4144480705711107,0.4144480705711107,0,0
annual_shared_offset,3548,2025-09-05,2025-09-15,0.0151594857594405,2025,2025-06-30,learned_market,20260911,0.3838102273043383,0.3838102273043383,0,1
annual_shared_offset,3553,2025-09-12,2025-09-22,-0.0050409160971932,2025,2025-06-30,learned_market,20260911,0.5124875202553011,0.5124875202553011,1,0
annual_shared_offset,3558,2025-09-19,2025-09-29,0.0095300784790881,2025,2025-06-30,learned_market,20260911,0.3928507736042907,0.3928507736042907,0,1
annual_shared_offset,3563,2025-09-26,2025-10-13,-0.0140855274279203,2025,2025-06-30,learned_market,20260911,0.41332433429860765,0.41332433429860765,0,0
annual_state_offset_half,3503,2025-07-04,2025-07-14,0.0110426949002964,2025,2025-06-30,learned_market,20260911,0.6568898114490267,0.6568898114490267,1,1
annual_state_offset_half,3508,2025-07-11,2025-07-21,0.0120759671840067,2025,2025-06-30,learned_market,20260911,0.43798275099067796,0.43798275099067796,0,1
annual_state_offset_half,3513,2025-07-18,2025-07-28,0.0143570766898375,2025,2025-06-30,learned_market,20260911,0.45123982610211855,0.45123982610211855,0,1
annual_state_offset_half,3518,2025-07-25,2025-08-04,-0.0218642507630443,2025,2025-06-30,learned_market,20260911,0.37704556959575936,0.37704556959575936,0,0
annual_state_offset_half,3523,2025-08-01,2025-08-11,0.0179175520190988,2025,2025-06-30,learned_market,20260911,0.3633584459405606,0.3633584459405606,0,1
annual_state_offset_half,3528,2025-08-08,2025-08-18,0.026265786598999,2025,2025-06-30,learned_market,20260911,0.25506671682854865,0.25506671682854865,0,1
annual_state_offset_half,3533,2025-08-15,2025-08-25,0.0469483790671487,2025,2025-06-30,learned_market,20260911,0.43449755283990127,0.43449755283990127,0,1
annual_state_offset_half,3538,2025-08-22,2025-09-01,0.0227770368340847,2025,2025-06-30,learned_market,20260911,0.2874119167958537,0.2874119167958537,0,1
annual_state_offset_half,3543,2025-08-29,2025-09-08,-0.0110053842475337,2025,2025-06-30,learned_market,20260911,0.4144480705711107,0.4144480705711107,0,0
annual_state_offset_half,3548,2025-09-05,2025-09-15,0.0151594857594405,2025,2025-06-30,learned_market,20260911,0.3838102273043383,0.3838102273043383,0,1
annual_state_offset_half,3553,2025-09-12,2025-09-22,-0.0050409160971932,2025,2025-06-30,learned_market,20260911,0.5124875202553011,0.5124875202553011,1,0
annual_state_offset_half,3558,2025-09-19,2025-09-29,0.0095300784790881,2025,2025-06-30,learned_market,20260911,0.3928507736042907,0.3928507736042907,0,1
annual_state_offset_half,3563,2025-09-26,2025-10-13,-0.0140855274279203,2025,2025-06-30,learned_market,20260911,0.41332433429860765,0.41332433429860765,0,0
annual_state_offset,3503,2025-07-04,2025-07-14,0.0110426949002964,2025,2025-06-30,learned_vol_interaction,20260911,0.6743637676475238,0.6743637676475238,1,1
annual_state_offset,3508,2025-07-11,2025-07-21,0.0120759671840067,2025,2025-06-30,learned_vol_interaction,20260911,0.44186685371591494,0.44186685371591494,0,1
annual_state_offset,3513,2025-07-18,2025-07-28,0.0143570766898375,2025,2025-06-30,learned_vol_interaction,20260911,0.4541727142574433,0.4541727142574433,0,1
annual_state_offset,3518,2025-07-25,2025-08-04,-0.0218642507630443,2025,2025-06-30,learned_vol_interaction,20260911,0.3697066493096656,0.3697066493096656,0,0
annual_state_offset,3523,2025-08-01,2025-08-11,0.0179175520190988,2025,2025-06-30,learned_vol_interaction,20260911,0.3568661377683452,0.3568661377683452,0,1
annual_state_offset,3528,2025-08-08,2025-08-18,0.026265786598999,2025,2025-06-30,learned_vol_interaction,20260911,0.24449969015279646,0.24449969015279646,0,1
annual_state_offset,3533,2025-08-15,2025-08-25,0.0469483790671487,2025,2025-06-30,learned_vol_interaction,20260911,0.4318144455464327,0.4318144455464327,0,1
annual_state_offset,3538,2025-08-22,2025-09-01,0.0227770368340847,2025,2025-06-30,learned_vol_interaction,20260911,0.27370668176480956,0.27370668176480956,0,1
annual_state_offset,3543,2025-08-29,2025-09-08,-0.0110053842475337,2025,2025-06-30,learned_vol_interaction,20260911,0.40151160251610146,0.40151160251610146,0,0
annual_state_offset,3548,2025-09-05,2025-09-15,0.0151594857594405,2025,2025-06-30,learned_vol_interaction,20260911,0.3754866622737605,0.3754866622737605,0,1
annual_state_offset,3553,2025-09-12,2025-09-22,-0.0050409160971932,2025,2025-06-30,learned_vol_interaction,20260911,0.5014167977109265,0.5014167977109265,1,0
annual_state_offset,3558,2025-09-19,2025-09-29,0.0095300784790881,2025,2025-06-30,learned_vol_interaction,20260911,0.38974705652523406,0.38974705652523406,0,1
annual_state_offset,3563,2025-09-26,2025-10-13,-0.0140855274279203,2025,2025-06-30,learned_vol_interaction,20260911,0.40553483605344315,0.40553483605344315,0,0
annual_shared_offset,3503,2025-07-04,2025-07-14,0.0110426949002964,2025,2025-06-30,learned_vol_interaction,20260911,0.6743637676475238,0.6743637676475238,1,1
annual_shared_offset,3508,2025-07-11,2025-07-21,0.0120759671840067,2025,2025-06-30,learned_vol_interaction,20260911,0.44186685371591494,0.44186685371591494,0,1
annual_shared_offset,3513,2025-07-18,2025-07-28,0.0143570766898375,2025,2025-06-30,learned_vol_interaction,20260911,0.4541727142574433,0.4541727142574433,0,1
annual_shared_offset,3518,2025-07-25,2025-08-04,-0.0218642507630443,2025,2025-06-30,learned_vol_interaction,20260911,0.3697066493096656,0.3697066493096656,0,0
annual_shared_offset,3523,2025-08-01,2025-08-11,0.0179175520190988,2025,2025-06-30,learned_vol_interaction,20260911,0.3568661377683452,0.3568661377683452,0,1
annual_shared_offset,3528,2025-08-08,2025-08-18,0.026265786598999,2025,2025-06-30,learned_vol_interaction,20260911,0.24449969015279646,0.24449969015279646,0,1
annual_shared_offset,3533,2025-08-15,2025-08-25,0.0469483790671487,2025,2025-06-30,learned_vol_interaction,20260911,0.4318144455464327,0.4318144455464327,0,1
annual_shared_offset,3538,2025-08-22,2025-09-01,0.0227770368340847,2025,2025-06-30,learned_vol_interaction,20260911,0.27370668176480956,0.27370668176480956,0,1
annual_shared_offset,3543,2025-08-29,2025-09-08,-0.0110053842475337,2025,2025-06-30,learned_vol_interaction,20260911,0.40151160251610146,0.40151160251610146,0,0
annual_shared_offset,3548,2025-09-05,2025-09-15,0.0151594857594405,2025,2025-06-30,learned_vol_interaction,20260911,0.3754866622737605,0.3754866622737605,0,1
annual_shared_offset,3553,2025-09-12,2025-09-22,-0.0050409160971932,2025,2025-06-30,learned_vol_interaction,20260911,0.5014167977109265,0.5014167977109265,1,0
annual_shared_offset,3558,2025-09-19,2025-09-29,0.0095300784790881,2025,2025-06-30,learned_vol_interaction,20260911,0.38974705652523406,0.38974705652523406,0,1
annual_shared_offset,3563,2025-09-26,2025-10-13,-0.0140855274279203,2025,2025-06-30,learned_vol_interaction,20260911,0.40553483605344315,0.40553483605344315,0,0
annual_state_offset_half,3503,2025-07-04,2025-07-14,0.0110426949002964,2025,2025-06-30,learned_vol_interaction,20260911,0.6743637676475238,0.6743637676475238,1,1
annual_state_offset_half,3508,2025-07-11,2025-07-21,0.0120759671840067,2025,2025-06-30,learned_vol_interaction,20260911,0.44186685371591494,0.44186685371591494,0,1
annual_state_offset_half,3513,2025-07-18,2025-07-28,0.0143570766898375,2025,2025-06-30,learned_vol_interaction,20260911,0.4541727142574433,0.4541727142574433,0,1
annual_state_offset_half,3518,2025-07-25,2025-08-04,-0.0218642507630443,2025,2025-06-30,learned_vol_interaction,20260911,0.3697066493096656,0.3697066493096656,0,0
annual_state_offset_half,3523,2025-08-01,2025-08-11,0.0179175520190988,2025,2025-06-30,learned_vol_interaction,20260911,0.3568661377683452,0.3568661377683452,0,1
annual_state_offset_half,3528,2025-08-08,2025-08-18,0.026265786598999,2025,2025-06-30,learned_vol_interaction,20260911,0.24449969015279646,0.24449969015279646,0,1
annual_state_offset_half,3533,2025-08-15,2025-08-25,0.0469483790671487,2025,2025-06-30,learned_vol_interaction,20260911,0.4318144455464327,0.4318144455464327,0,1
annual_state_offset_half,3538,2025-08-22,2025-09-01,0.0227770368340847,2025,2025-06-30,learned_vol_interaction,20260911,0.27370668176480956,0.27370668176480956,0,1
annual_state_offset_half,3543,2025-08-29,2025-09-08,-0.0110053842475337,2025,2025-06-30,learned_vol_interaction,20260911,0.40151160251610146,0.40151160251610146,0,0
annual_state_offset_half,3548,2025-09-05,2025-09-15,0.0151594857594405,2025,2025-06-30,learned_vol_interaction,20260911,0.3754866622737605,0.3754866622737605,0,1
annual_state_offset_half,3553,2025-09-12,2025-09-22,-0.0050409160971932,2025,2025-06-30,learned_vol_interaction,20260911,0.5014167977109265,0.5014167977109265,1,0
annual_state_offset_half,3558,2025-09-19,2025-09-29,0.0095300784790881,2025,2025-06-30,learned_vol_interaction,20260911,0.38974705652523406,0.38974705652523406,0,1
annual_state_offset_half,3563,2025-09-26,2025-10-13,-0.0140855274279203,2025,2025-06-30,learned_vol_interaction,20260911,0.40553483605344315,0.40553483605344315,0,0
annual_state_offset,3503,2025-07-04,2025-07-14,0.0110426949002964,2025,2025-06-30,learned_order_extension,20260911,0.6783853641950703,0.6783853641950703,1,1
annual_state_offset,3508,2025-07-11,2025-07-21,0.0120759671840067,2025,2025-06-30,learned_order_extension,20260911,0.44194145653903777,0.44194145653903777,0,1
annual_state_offset,3513,2025-07-18,2025-07-28,0.0143570766898375,2025,2025-06-30,learned_order_extension,20260911,0.4542765697501973,0.4542765697501973,0,1
annual_state_offset,3518,2025-07-25,2025-08-04,-0.0218642507630443,2025,2025-06-30,learned_order_extension,20260911,0.3705804310840424,0.3705804310840424,0,0
annual_state_offset,3523,2025-08-01,2025-08-11,0.0179175520190988,2025,2025-06-30,learned_order_extension,20260911,0.35640700933897784,0.35640700933897784,0,1
annual_state_offset,3528,2025-08-08,2025-08-18,0.026265786598999,2025,2025-06-30,learned_order_extension,20260911,0.2417717229228953,0.2417717229228953,0,1
annual_state_offset,3533,2025-08-15,2025-08-25,0.0469483790671487,2025,2025-06-30,learned_order_extension,20260911,0.43183334017409475,0.43183334017409475,0,1
annual_state_offset,3538,2025-08-22,2025-09-01,0.0227770368340847,2025,2025-06-30,learned_order_extension,20260911,0.27716170555763187,0.27716170555763187,0,1
annual_state_offset,3543,2025-08-29,2025-09-08,-0.0110053842475337,2025,2025-06-30,learned_order_extension,20260911,0.4016632874897146,0.4016632874897146,0,0
annual_state_offset,3548,2025-09-05,2025-09-15,0.0151594857594405,2025,2025-06-30,learned_order_extension,20260911,0.37420831674124977,0.37420831674124977,0,1
annual_state_offset,3553,2025-09-12,2025-09-22,-0.0050409160971932,2025,2025-06-30,learned_order_extension,20260911,0.503147055984005,0.503147055984005,1,0
annual_state_offset,3558,2025-09-19,2025-09-29,0.0095300784790881,2025,2025-06-30,learned_order_extension,20260911,0.39333913585245617,0.39333913585245617,0,1
annual_state_offset,3563,2025-09-26,2025-10-13,-0.0140855274279203,2025,2025-06-30,learned_order_extension,20260911,0.4081318148640021,0.4081318148640021,0,0
annual_shared_offset,3503,2025-07-04,2025-07-14,0.0110426949002964,2025,2025-06-30,learned_order_extension,20260911,0.6783853641950703,0.6783853641950703,1,1
annual_shared_offset,3508,2025-07-11,2025-07-21,0.0120759671840067,2025,2025-06-30,learned_order_extension,20260911,0.44194145653903777,0.44194145653903777,0,1
annual_shared_offset,3513,2025-07-18,2025-07-28,0.0143570766898375,2025,2025-06-30,learned_order_extension,20260911,0.4542765697501973,0.4542765697501973,0,1
annual_shared_offset,3518,2025-07-25,2025-08-04,-0.0218642507630443,2025,2025-06-30,learned_order_extension,20260911,0.3705804310840424,0.3705804310840424,0,0
annual_shared_offset,3523,2025-08-01,2025-08-11,0.0179175520190988,2025,2025-06-30,learned_order_extension,20260911,0.35640700933897784,0.35640700933897784,0,1
annual_shared_offset,3528,2025-08-08,2025-08-18,0.026265786598999,2025,2025-06-30,learned_order_extension,20260911,0.2417717229228953,0.2417717229228953,0,1
annual_shared_offset,3533,2025-08-15,2025-08-25,0.0469483790671487,2025,2025-06-30,learned_order_extension,20260911,0.43183334017409475,0.43183334017409475,0,1
annual_shared_offset,3538,2025-08-22,2025-09-01,0.0227770368340847,2025,2025-06-30,learned_order_extension,20260911,0.27716170555763187,0.27716170555763187,0,1
annual_shared_offset,3543,2025-08-29,2025-09-08,-0.0110053842475337,2025,2025-06-30,learned_order_extension,20260911,0.4016632874897146,0.4016632874897146,0,0
annual_shared_offset,3548,2025-09-05,2025-09-15,0.0151594857594405,2025,2025-06-30,learned_order_extension,20260911,0.37420831674124977,0.37420831674124977,0,1
annual_shared_offset,3553,2025-09-12,2025-09-22,-0.0050409160971932,2025,2025-06-30,learned_order_extension,20260911,0.503147055984005,0.503147055984005,1,0
annual_shared_offset,3558,2025-09-19,2025-09-29,0.0095300784790881,2025,2025-06-30,learned_order_extension,20260911,0.39333913585245617,0.39333913585245617,0,1
annual_shared_offset,3563,2025-09-26,2025-10-13,-0.0140855274279203,2025,2025-06-30,learned_order_extension,20260911,0.4081318148640021,0.4081318148640021,0,0
annual_state_offset_half,3503,2025-07-04,2025-07-14,0.0110426949002964,2025,2025-06-30,learned_order_extension,20260911,0.6783853641950703,0.6783853641950703,1,1
annual_state_offset_half,3508,2025-07-11,2025-07-21,0.0120759671840067,2025,2025-06-30,learned_order_extension,20260911,0.44194145653903777,0.44194145653903777,0,1
annual_state_offset_half,3513,2025-07-18,2025-07-28,0.0143570766898375,2025,2025-06-30,learned_order_extension,20260911,0.4542765697501973,0.4542765697501973,0,1
annual_state_offset_half,3518,2025-07-25,2025-08-04,-0.0218642507630443,2025,2025-06-30,learned_order_extension,20260911,0.3705804310840424,0.3705804310840424,0,0
annual_state_offset_half,3523,2025-08-01,2025-08-11,0.0179175520190988,2025,2025-06-30,learned_order_extension,20260911,0.35640700933897784,0.35640700933897784,0,1
annual_state_offset_half,3528,2025-08-08,2025-08-18,0.026265786598999,2025,2025-06-30,learned_order_extension,20260911,0.2417717229228953,0.2417717229228953,0,1
annual_state_offset_half,3533,2025-08-15,2025-08-25,0.0469483790671487,2025,2025-06-30,learned_order_extension,20260911,0.43183334017409475,0.43183334017409475,0,1
annual_state_offset_half,3538,2025-08-22,2025-09-01,0.0227770368340847,2025,2025-06-30,learned_order_extension,20260911,0.27716170555763187,0.27716170555763187,0,1
annual_state_offset_half,3543,2025-08-29,2025-09-08,-0.0110053842475337,2025,2025-06-30,learned_order_extension,20260911,0.4016632874897146,0.4016632874897146,0,0
annual_state_offset_half,3548,2025-09-05,2025-09-15,0.0151594857594405,2025,2025-06-30,learned_order_extension,20260911,0.37420831674124977,0.37420831674124977,0,1
annual_state_offset_half,3553,2025-09-12,2025-09-22,-0.0050409160971932,2025,2025-06-30,learned_order_extension,20260911,0.503147055984005,0.503147055984005,1,0
annual_state_offset_half,3558,2025-09-19,2025-09-29,0.0095300784790881,2025,2025-06-30,learned_order_extension,20260911,0.39333913585245617,0.39333913585245617,0,1
annual_state_offset_half,3563,2025-09-26,2025-10-13,-0.0140855274279203,2025,2025-06-30,learned_order_extension,20260911,0.4081318148640021,0.4081318148640021,0,0
annual_state_offset,3503,2025-07-04,2025-07-14,0.0110426949002964,2025,2025-06-30,learned_order_offset,20260911,0.678441879183803,0.678441879183803,1,1
annual_state_offset,3508,2025-07-11,2025-07-21,0.0120759671840067,2025,2025-06-30,learned_order_offset,20260911,0.44212080116495506,0.44212080116495506,0,1
annual_state_offset,3513,2025-07-18,2025-07-28,0.0143570766898375,2025,2025-06-30,learned_order_offset,20260911,0.4543231137369766,0.4543231137369766,0,1
annual_state_offset,3518,2025-07-25,2025-08-04,-0.0218642507630443,2025,2025-06-30,learned_order_offset,20260911,0.370682013137504,0.370682013137504,0,0
annual_state_offset,3523,2025-08-01,2025-08-11,0.0179175520190988,2025,2025-06-30,learned_order_offset,20260911,0.35640730086727934,0.35640730086727934,0,1
annual_state_offset,3528,2025-08-08,2025-08-18,0.026265786598999,2025,2025-06-30,learned_order_offset,20260911,0.2417753577493673,0.2417753577493673,0,1
annual_state_offset,3533,2025-08-15,2025-08-25,0.0469483790671487,2025,2025-06-30,learned_order_offset,20260911,0.4318249881848226,0.4318249881848226,0,1
annual_state_offset,3538,2025-08-22,2025-09-01,0.0227770368340847,2025,2025-06-30,learned_order_offset,20260911,0.2771710881877151,0.2771710881877151,0,1
annual_state_offset,3543,2025-08-29,2025-09-08,-0.0110053842475337,2025,2025-06-30,learned_order_offset,20260911,0.4015498956176379,0.4015498956176379,0,0
annual_state_offset,3548,2025-09-05,2025-09-15,0.0151594857594405,2025,2025-06-30,learned_order_offset,20260911,0.37420565733546446,0.37420565733546446,0,1
annual_state_offset,3553,2025-09-12,2025-09-22,-0.0050409160971932,2025,2025-06-30,learned_order_offset,20260911,0.5031042607505921,0.5031042607505921,1,0
annual_state_offset,3558,2025-09-19,2025-09-29,0.0095300784790881,2025,2025-06-30,learned_order_offset,20260911,0.39333063714085875,0.39333063714085875,0,1
annual_state_offset,3563,2025-09-26,2025-10-13,-0.0140855274279203,2025,2025-06-30,learned_order_offset,20260911,0.40808585003619935,0.40808585003619935,0,0
annual_shared_offset,3503,2025-07-04,2025-07-14,0.0110426949002964,2025,2025-06-30,learned_order_offset,20260911,0.678441879183803,0.678441879183803,1,1
annual_shared_offset,3508,2025-07-11,2025-07-21,0.0120759671840067,2025,2025-06-30,learned_order_offset,20260911,0.44212080116495506,0.44212080116495506,0,1
annual_shared_offset,3513,2025-07-18,2025-07-28,0.0143570766898375,2025,2025-06-30,learned_order_offset,20260911,0.4543231137369766,0.4543231137369766,0,1
annual_shared_offset,3518,2025-07-25,2025-08-04,-0.0218642507630443,2025,2025-06-30,learned_order_offset,20260911,0.370682013137504,0.370682013137504,0,0
annual_shared_offset,3523,2025-08-01,2025-08-11,0.0179175520190988,2025,2025-06-30,learned_order_offset,20260911,0.35640730086727934,0.35640730086727934,0,1
annual_shared_offset,3528,2025-08-08,2025-08-18,0.026265786598999,2025,2025-06-30,learned_order_offset,20260911,0.2417753577493673,0.2417753577493673,0,1
annual_shared_offset,3533,2025-08-15,2025-08-25,0.0469483790671487,2025,2025-06-30,learned_order_offset,20260911,0.4318249881848226,0.4318249881848226,0,1
annual_shared_offset,3538,2025-08-22,2025-09-01,0.0227770368340847,2025,2025-06-30,learned_order_offset,20260911,0.2771710881877151,0.2771710881877151,0,1
annual_shared_offset,3543,2025-08-29,2025-09-08,-0.0110053842475337,2025,2025-06-30,learned_order_offset,20260911,0.4015498956176379,0.4015498956176379,0,0
annual_shared_offset,3548,2025-09-05,2025-09-15,0.0151594857594405,2025,2025-06-30,learned_order_offset,20260911,0.37420565733546446,0.37420565733546446,0,1
annual_shared_offset,3553,2025-09-12,2025-09-22,-0.0050409160971932,2025,2025-06-30,learned_order_offset,20260911,0.5031042607505921,0.5031042607505921,1,0
annual_shared_offset,3558,2025-09-19,2025-09-29,0.0095300784790881,2025,2025-06-30,learned_order_offset,20260911,0.39333063714085875,0.39333063714085875,0,1
annual_shared_offset,3563,2025-09-26,2025-10-13,-0.0140855274279203,2025,2025-06-30,learned_order_offset,20260911,0.40808585003619935,0.40808585003619935,0,0
annual_state_offset_half,3503,2025-07-04,2025-07-14,0.0110426949002964,2025,2025-06-30,learned_order_offset,20260911,0.678441879183803,0.678441879183803,1,1
annual_state_offset_half,3508,2025-07-11,2025-07-21,0.0120759671840067,2025,2025-06-30,learned_order_offset,20260911,0.44212080116495506,0.44212080116495506,0,1
annual_state_offset_half,3513,2025-07-18,2025-07-28,0.0143570766898375,2025,2025-06-30,learned_order_offset,20260911,0.4543231137369766,0.4543231137369766,0,1
annual_state_offset_half,3518,2025-07-25,2025-08-04,-0.0218642507630443,2025,2025-06-30,learned_order_offset,20260911,0.370682013137504,0.370682013137504,0,0
annual_state_offset_half,3523,2025-08-01,2025-08-11,0.0179175520190988,2025,2025-06-30,learned_order_offset,20260911,0.35640730086727934,0.35640730086727934,0,1
annual_state_offset_half,3528,2025-08-08,2025-08-18,0.026265786598999,2025,2025-06-30,learned_order_offset,20260911,0.2417753577493673,0.2417753577493673,0,1
annual_state_offset_half,3533,2025-08-15,2025-08-25,0.0469483790671487,2025,2025-06-30,learned_order_offset,20260911,0.4318249881848226,0.4318249881848226,0,1
annual_state_offset_half,3538,2025-08-22,2025-09-01,0.0227770368340847,2025,2025-06-30,learned_order_offset,20260911,0.2771710881877151,0.2771710881877151,0,1
annual_state_offset_half,3543,2025-08-29,2025-09-08,-0.0110053842475337,2025,2025-06-30,learned_order_offset,20260911,0.4015498956176379,0.4015498956176379,0,0
annual_state_offset_half,3548,2025-09-05,2025-09-15,0.0151594857594405,2025,2025-06-30,learned_order_offset,20260911,0.37420565733546446,0.37420565733546446,0,1
annual_state_offset_half,3553,2025-09-12,2025-09-22,-0.0050409160971932,2025,2025-06-30,learned_order_offset,20260911,0.5031042607505921,0.5031042607505921,1,0
annual_state_offset_half,3558,2025-09-19,2025-09-29,0.0095300784790881,2025,2025-06-30,learned_order_offset,20260911,0.39333063714085875,0.39333063714085875,0,1
annual_state_offset_half,3563,2025-09-26,2025-10-13,-0.0140855274279203,2025,2025-06-30,learned_order_offset,20260911,0.40808585003619935,0.40808585003619935,0,0
annual_state_offset,3503,2025-07-04,2025-07-14,0.0110426949002964,2025,2025-06-30,learned_market,20260912,0.44691982418443277,0.44691982418443277,0,1
annual_state_offset,3508,2025-07-11,2025-07-21,0.0120759671840067,2025,2025-06-30,learned_market,20260912,0.5272263603973415,0.5272263603973415,1,1
annual_state_offset,3513,2025-07-18,2025-07-28,0.0143570766898375,2025,2025-06-30,learned_market,20260912,0.7010339582730474,0.7010339582730474,1,1
annual_state_offset,3518,2025-07-25,2025-08-04,-0.0218642507630443,2025,2025-06-30,learned_market,20260912,0.5207227531667084,0.5207227531667084,1,0
annual_state_offset,3523,2025-08-01,2025-08-11,0.0179175520190988,2025,2025-06-30,learned_market,20260912,0.5533128799487951,0.5533128799487951,1,1
annual_state_offset,3528,2025-08-08,2025-08-18,0.026265786598999,2025,2025-06-30,learned_market,20260912,0.2654483154600339,0.2654483154600339,0,1
annual_state_offset,3533,2025-08-15,2025-08-25,0.0469483790671487,2025,2025-06-30,learned_market,20260912,0.430346000343231,0.430346000343231,0,1
annual_state_offset,3538,2025-08-22,2025-09-01,0.0227770368340847,2025,2025-06-30,learned_market,20260912,0.3374740410180076,0.3374740410180076,0,1
annual_state_offset,3543,2025-08-29,2025-09-08,-0.0110053842475337,2025,2025-06-30,learned_market,20260912,0.6668290394265773,0.6668290394265773,1,0
annual_state_offset,3548,2025-09-05,2025-09-15,0.0151594857594405,2025,2025-06-30,learned_market,20260912,0.4151247806853778,0.4151247806853778,0,1
annual_state_offset,3553,2025-09-12,2025-09-22,-0.0050409160971932,2025,2025-06-30,learned_market,20260912,0.616582283637926,0.616582283637926,1,0
annual_state_offset,3558,2025-09-19,2025-09-29,0.0095300784790881,2025,2025-06-30,learned_market,20260912,0.346159438667962,0.346159438667962,0,1
annual_state_offset,3563,2025-09-26,2025-10-13,-0.0140855274279203,2025,2025-06-30,learned_market,20260912,0.49779557172832706,0.49779557172832706,0,0
annual_shared_offset,3503,2025-07-04,2025-07-14,0.0110426949002964,2025,2025-06-30,learned_market,20260912,0.44691982418443277,0.44691982418443277,0,1
annual_shared_offset,3508,2025-07-11,2025-07-21,0.0120759671840067,2025,2025-06-30,learned_market,20260912,0.5272263603973415,0.5272263603973415,1,1
annual_shared_offset,3513,2025-07-18,2025-07-28,0.0143570766898375,2025,2025-06-30,learned_market,20260912,0.7010339582730474,0.7010339582730474,1,1
annual_shared_offset,3518,2025-07-25,2025-08-04,-0.0218642507630443,2025,2025-06-30,learned_market,20260912,0.5207227531667084,0.5207227531667084,1,0
annual_shared_offset,3523,2025-08-01,2025-08-11,0.0179175520190988,2025,2025-06-30,learned_market,20260912,0.5533128799487951,0.5533128799487951,1,1
annual_shared_offset,3528,2025-08-08,2025-08-18,0.026265786598999,2025,2025-06-30,learned_market,20260912,0.2654483154600339,0.2654483154600339,0,1
annual_shared_offset,3533,2025-08-15,2025-08-25,0.0469483790671487,2025,2025-06-30,learned_market,20260912,0.430346000343231,0.430346000343231,0,1
annual_shared_offset,3538,2025-08-22,2025-09-01,0.0227770368340847,2025,2025-06-30,learned_market,20260912,0.3374740410180076,0.3374740410180076,0,1
annual_shared_offset,3543,2025-08-29,2025-09-08,-0.0110053842475337,2025,2025-06-30,learned_market,20260912,0.6668290394265773,0.6668290394265773,1,0
annual_shared_offset,3548,2025-09-05,2025-09-15,0.0151594857594405,2025,2025-06-30,learned_market,20260912,0.4151247806853778,0.4151247806853778,0,1
annual_shared_offset,3553,2025-09-12,2025-09-22,-0.0050409160971932,2025,2025-06-30,learned_market,20260912,0.616582283637926,0.616582283637926,1,0
annual_shared_offset,3558,2025-09-19,2025-09-29,0.0095300784790881,2025,2025-06-30,learned_market,20260912,0.346159438667962,0.346159438667962,0,1
annual_shared_offset,3563,2025-09-26,2025-10-13,-0.0140855274279203,2025,2025-06-30,learned_market,20260912,0.49779557172832706,0.49779557172832706,0,0
annual_state_offset_half,3503,2025-07-04,2025-07-14,0.0110426949002964,2025,2025-06-30,learned_market,20260912,0.44691982418443277,0.44691982418443277,0,1
annual_state_offset_half,3508,2025-07-11,2025-07-21,0.0120759671840067,2025,2025-06-30,learned_market,20260912,0.5272263603973415,0.5272263603973415,1,1
annual_state_offset_half,3513,2025-07-18,2025-07-28,0.0143570766898375,2025,2025-06-30,learned_market,20260912,0.7010339582730474,0.7010339582730474,1,1
annual_state_offset_half,3518,2025-07-25,2025-08-04,-0.0218642507630443,2025,2025-06-30,learned_market,20260912,0.5207227531667084,0.5207227531667084,1,0
annual_state_offset_half,3523,2025-08-01,2025-08-11,0.0179175520190988,2025,2025-06-30,learned_market,20260912,0.5533128799487951,0.5533128799487951,1,1
annual_state_offset_half,3528,2025-08-08,2025-08-18,0.026265786598999,2025,2025-06-30,learned_market,20260912,0.2654483154600339,0.2654483154600339,0,1
annual_state_offset_half,3533,2025-08-15,2025-08-25,0.0469483790671487,2025,2025-06-30,learned_market,20260912,0.430346000343231,0.430346000343231,0,1
annual_state_offset_half,3538,2025-08-22,2025-09-01,0.0227770368340847,2025,2025-06-30,learned_market,20260912,0.3374740410180076,0.3374740410180076,0,1
annual_state_offset_half,3543,2025-08-29,2025-09-08,-0.0110053842475337,2025,2025-06-30,learned_market,20260912,0.6668290394265773,0.6668290394265773,1,0
annual_state_offset_half,3548,2025-09-05,2025-09-15,0.0151594857594405,2025,2025-06-30,learned_market,20260912,0.4151247806853778,0.4151247806853778,0,1
annual_state_offset_half,3553,2025-09-12,2025-09-22,-0.0050409160971932,2025,2025-06-30,learned_market,20260912,0.616582283637926,0.616582283637926,1,0
annual_state_offset_half,3558,2025-09-19,2025-09-29,0.0095300784790881,2025,2025-06-30,learned_market,20260912,0.346159438667962,0.346159438667962,0,1
annual_state_offset_half,3563,2025-09-26,2025-10-13,-0.0140855274279203,2025,2025-06-30,learned_market,20260912,0.49779557172832706,0.49779557172832706,0,0
annual_state_offset,3503,2025-07-04,2025-07-14,0.0110426949002964,2025,2025-06-30,learned_vol_interaction,20260912,0.4460138413271689,0.4460138413271689,0,1
annual_state_offset,3508,2025-07-11,2025-07-21,0.0120759671840067,2025,2025-06-30,learned_vol_interaction,20260912,0.5313131532633956,0.5313131532633956,1,1
annual_state_offset,3513,2025-07-18,2025-07-28,0.0143570766898375,2025,2025-06-30,learned_vol_interaction,20260912,0.7086416116210668,0.7086416116210668,1,1
annual_state_offset,3518,2025-07-25,2025-08-04,-0.0218642507630443,2025,2025-06-30,learned_vol_interaction,20260912,0.5244618144098299,0.5244618144098299,1,0
annual_state_offset,3523,2025-08-01,2025-08-11,0.0179175520190988,2025,2025-06-30,learned_vol_interaction,20260912,0.5580312472539825,0.5580312472539825,1,1
annual_state_offset,3528,2025-08-08,2025-08-18,0.026265786598999,2025,2025-06-30,learned_vol_interaction,20260912,0.25990682624063666,0.25990682624063666,0,1
annual_state_offset,3533,2025-08-15,2025-08-25,0.0469483790671487,2025,2025-06-30,learned_vol_interaction,20260912,0.4307306379319456,0.4307306379319456,0,1
annual_state_offset,3538,2025-08-22,2025-09-01,0.0227770368340847,2025,2025-06-30,learned_vol_interaction,20260912,0.3345407523434467,0.3345407523434467,0,1
annual_state_offset,3543,2025-08-29,2025-09-08,-0.0110053842475337,2025,2025-06-30,learned_vol_interaction,20260912,0.6696935042280467,0.6696935042280467,1,0
annual_state_offset,3548,2025-09-05,2025-09-15,0.0151594857594405,2025,2025-06-30,learned_vol_interaction,20260912,0.4127840561217513,0.4127840561217513,0,1
annual_state_offset,3553,2025-09-12,2025-09-22,-0.0050409160971932,2025,2025-06-30,learned_vol_interaction,20260912,0.6132751573531933,0.6132751573531933,1,0
annual_state_offset,3558,2025-09-19,2025-09-29,0.0095300784790881,2025,2025-06-30,learned_vol_interaction,20260912,0.3454408676898515,0.3454408676898515,0,1
annual_state_offset,3563,2025-09-26,2025-10-13,-0.0140855274279203,2025,2025-06-30,learned_vol_interaction,20260912,0.49682258462544754,0.49682258462544754,0,0
annual_shared_offset,3503,2025-07-04,2025-07-14,0.0110426949002964,2025,2025-06-30,learned_vol_interaction,20260912,0.4460138413271689,0.4460138413271689,0,1
annual_shared_offset,3508,2025-07-11,2025-07-21,0.0120759671840067,2025,2025-06-30,learned_vol_interaction,20260912,0.5313131532633956,0.5313131532633956,1,1
annual_shared_offset,3513,2025-07-18,2025-07-28,0.0143570766898375,2025,2025-06-30,learned_vol_interaction,20260912,0.7086416116210668,0.7086416116210668,1,1
annual_shared_offset,3518,2025-07-25,2025-08-04,-0.0218642507630443,2025,2025-06-30,learned_vol_interaction,20260912,0.5244618144098299,0.5244618144098299,1,0
annual_shared_offset,3523,2025-08-01,2025-08-11,0.0179175520190988,2025,2025-06-30,learned_vol_interaction,20260912,0.5580312472539825,0.5580312472539825,1,1
annual_shared_offset,3528,2025-08-08,2025-08-18,0.026265786598999,2025,2025-06-30,learned_vol_interaction,20260912,0.25990682624063666,0.25990682624063666,0,1
annual_shared_offset,3533,2025-08-15,2025-08-25,0.0469483790671487,2025,2025-06-30,learned_vol_interaction,20260912,0.4307306379319456,0.4307306379319456,0,1
annual_shared_offset,3538,2025-08-22,2025-09-01,0.0227770368340847,2025,2025-06-30,learned_vol_interaction,20260912,0.3345407523434467,0.3345407523434467,0,1
annual_shared_offset,3543,2025-08-29,2025-09-08,-0.0110053842475337,2025,2025-06-30,learned_vol_interaction,20260912,0.6696935042280467,0.6696935042280467,1,0
annual_shared_offset,3548,2025-09-05,2025-09-15,0.0151594857594405,2025,2025-06-30,learned_vol_interaction,20260912,0.4127840561217513,0.4127840561217513,0,1
annual_shared_offset,3553,2025-09-12,2025-09-22,-0.0050409160971932,2025,2025-06-30,learned_vol_interaction,20260912,0.6132751573531933,0.6132751573531933,1,0
annual_shared_offset,3558,2025-09-19,2025-09-29,0.0095300784790881,2025,2025-06-30,learned_vol_interaction,20260912,0.3454408676898515,0.3454408676898515,0,1
annual_shared_offset,3563,2025-09-26,2025-10-13,-0.0140855274279203,2025,2025-06-30,learned_vol_interaction,20260912,0.49682258462544754,0.49682258462544754,0,0
annual_state_offset_half,3503,2025-07-04,2025-07-14,0.0110426949002964,2025,2025-06-30,learned_vol_interaction,20260912,0.4460138413271689,0.4460138413271689,0,1
annual_state_offset_half,3508,2025-07-11,2025-07-21,0.0120759671840067,2025,2025-06-30,learned_vol_interaction,20260912,0.5313131532633956,0.5313131532633956,1,1
annual_state_offset_half,3513,2025-07-18,2025-07-28,0.0143570766898375,2025,2025-06-30,learned_vol_interaction,20260912,0.7086416116210668,0.7086416116210668,1,1
annual_state_offset_half,3518,2025-07-25,2025-08-04,-0.0218642507630443,2025,2025-06-30,learned_vol_interaction,20260912,0.5244618144098299,0.5244618144098299,1,0
annual_state_offset_half,3523,2025-08-01,2025-08-11,0.0179175520190988,2025,2025-06-30,learned_vol_interaction,20260912,0.5580312472539825,0.5580312472539825,1,1
annual_state_offset_half,3528,2025-08-08,2025-08-18,0.026265786598999,2025,2025-06-30,learned_vol_interaction,20260912,0.25990682624063666,0.25990682624063666,0,1
annual_state_offset_half,3533,2025-08-15,2025-08-25,0.0469483790671487,2025,2025-06-30,learned_vol_interaction,20260912,0.4307306379319456,0.4307306379319456,0,1
annual_state_offset_half,3538,2025-08-22,2025-09-01,0.0227770368340847,2025,2025-06-30,learned_vol_interaction,20260912,0.3345407523434467,0.3345407523434467,0,1
annual_state_offset_half,3543,2025-08-29,2025-09-08,-0.0110053842475337,2025,2025-06-30,learned_vol_interaction,20260912,0.6696935042280467,0.6696935042280467,1,0
annual_state_offset_half,3548,2025-09-05,2025-09-15,0.0151594857594405,2025,2025-06-30,learned_vol_interaction,20260912,0.4127840561217513,0.4127840561217513,0,1
annual_state_offset_half,3553,2025-09-12,2025-09-22,-0.0050409160971932,2025,2025-06-30,learned_vol_interaction,20260912,0.6132751573531933,0.6132751573531933,1,0
annual_state_offset_half,3558,2025-09-19,2025-09-29,0.0095300784790881,2025,2025-06-30,learned_vol_interaction,20260912,0.3454408676898515,0.3454408676898515,0,1
annual_state_offset_half,3563,2025-09-26,2025-10-13,-0.0140855274279203,2025,2025-06-30,learned_vol_interaction,20260912,0.49682258462544754,0.49682258462544754,0,0
annual_state_offset,3503,2025-07-04,2025-07-14,0.0110426949002964,2025,2025-06-30,learned_order_extension,20260912,0.44975661840836995,0.44975661840836995,0,1
annual_state_offset,3508,2025-07-11,2025-07-21,0.0120759671840067,2025,2025-06-30,learned_order_extension,20260912,0.5396775320772306,0.5396775320772306,1,1
annual_state_offset,3513,2025-07-18,2025-07-28,0.0143570766898375,2025,2025-06-30,learned_order_extension,20260912,0.7181896217551942,0.7181896217551942,1,1
annual_state_offset,3518,2025-07-25,2025-08-04,-0.0218642507630443,2025,2025-06-30,learned_order_extension,20260912,0.4788967000353738,0.4788967000353738,0,0
annual_state_offset,3523,2025-08-01,2025-08-11,0.0179175520190988,2025,2025-06-30,learned_order_extension,20260912,0.5048920607412078,0.5048920607412078,1,1
annual_state_offset,3528,2025-08-08,2025-08-18,0.026265786598999,2025,2025-06-30,learned_order_extension,20260912,0.2671707254058088,0.2671707254058088,0,1
annual_state_offset,3533,2025-08-15,2025-08-25,0.0469483790671487,2025,2025-06-30,learned_order_extension,20260912,0.42899078082677655,0.42899078082677655,0,1
annual_state_offset,3538,2025-08-22,2025-09-01,0.0227770368340847,2025,2025-06-30,learned_order_extension,20260912,0.3149107808618338,0.3149107808618338,0,1
annual_state_offset,3543,2025-08-29,2025-09-08,-0.0110053842475337,2025,2025-06-30,learned_order_extension,20260912,0.6822563563025544,0.6822563563025544,1,0
annual_state_offset,3548,2025-09-05,2025-09-15,0.0151594857594405,2025,2025-06-30,learned_order_extension,20260912,0.413546101176203,0.413546101176203,0,1
annual_state_offset,3553,2025-09-12,2025-09-22,-0.0050409160971932,2025,2025-06-30,learned_order_extension,20260912,0.5955127190576712,0.5955127190576712,1,0
annual_state_offset,3558,2025-09-19,2025-09-29,0.0095300784790881,2025,2025-06-30,learned_order_extension,20260912,0.3203365822384075,0.3203365822384075,0,1
annual_state_offset,3563,2025-09-26,2025-10-13,-0.0140855274279203,2025,2025-06-30,learned_order_extension,20260912,0.49370493999167486,0.49370493999167486,0,0
annual_shared_offset,3503,2025-07-04,2025-07-14,0.0110426949002964,2025,2025-06-30,learned_order_extension,20260912,0.44975661840836995,0.44975661840836995,0,1
annual_shared_offset,3508,2025-07-11,2025-07-21,0.0120759671840067,2025,2025-06-30,learned_order_extension,20260912,0.5396775320772306,0.5396775320772306,1,1
annual_shared_offset,3513,2025-07-18,2025-07-28,0.0143570766898375,2025,2025-06-30,learned_order_extension,20260912,0.7181896217551942,0.7181896217551942,1,1
annual_shared_offset,3518,2025-07-25,2025-08-04,-0.0218642507630443,2025,2025-06-30,learned_order_extension,20260912,0.4788967000353738,0.4788967000353738,0,0
annual_shared_offset,3523,2025-08-01,2025-08-11,0.0179175520190988,2025,2025-06-30,learned_order_extension,20260912,0.5048920607412078,0.5048920607412078,1,1
annual_shared_offset,3528,2025-08-08,2025-08-18,0.026265786598999,2025,2025-06-30,learned_order_extension,20260912,0.2671707254058088,0.2671707254058088,0,1
annual_shared_offset,3533,2025-08-15,2025-08-25,0.0469483790671487,2025,2025-06-30,learned_order_extension,20260912,0.42899078082677655,0.42899078082677655,0,1
annual_shared_offset,3538,2025-08-22,2025-09-01,0.0227770368340847,2025,2025-06-30,learned_order_extension,20260912,0.3149107808618338,0.3149107808618338,0,1
annual_shared_offset,3543,2025-08-29,2025-09-08,-0.0110053842475337,2025,2025-06-30,learned_order_extension,20260912,0.6822563563025544,0.6822563563025544,1,0
annual_shared_offset,3548,2025-09-05,2025-09-15,0.0151594857594405,2025,2025-06-30,learned_order_extension,20260912,0.413546101176203,0.413546101176203,0,1
annual_shared_offset,3553,2025-09-12,2025-09-22,-0.0050409160971932,2025,2025-06-30,learned_order_extension,20260912,0.5955127190576712,0.5955127190576712,1,0
annual_shared_offset,3558,2025-09-19,2025-09-29,0.0095300784790881,2025,2025-06-30,learned_order_extension,20260912,0.3203365822384075,0.3203365822384075,0,1
annual_shared_offset,3563,2025-09-26,2025-10-13,-0.0140855274279203,2025,2025-06-30,learned_order_extension,20260912,0.49370493999167486,0.49370493999167486,0,0
annual_state_offset_half,3503,2025-07-04,2025-07-14,0.0110426949002964,2025,2025-06-30,learned_order_extension,20260912,0.44975661840836995,0.44975661840836995,0,1
annual_state_offset_half,3508,2025-07-11,2025-07-21,0.0120759671840067,2025,2025-06-30,learned_order_extension,20260912,0.5396775320772306,0.5396775320772306,1,1
annual_state_offset_half,3513,2025-07-18,2025-07-28,0.0143570766898375,2025,2025-06-30,learned_order_extension,20260912,0.7181896217551942,0.7181896217551942,1,1
annual_state_offset_half,3518,2025-07-25,2025-08-04,-0.0218642507630443,2025,2025-06-30,learned_order_extension,20260912,0.4788967000353738,0.4788967000353738,0,0
annual_state_offset_half,3523,2025-08-01,2025-08-11,0.0179175520190988,2025,2025-06-30,learned_order_extension,20260912,0.5048920607412078,0.5048920607412078,1,1
annual_state_offset_half,3528,2025-08-08,2025-08-18,0.026265786598999,2025,2025-06-30,learned_order_extension,20260912,0.2671707254058088,0.2671707254058088,0,1
annual_state_offset_half,3533,2025-08-15,2025-08-25,0.0469483790671487,2025,2025-06-30,learned_order_extension,20260912,0.42899078082677655,0.42899078082677655,0,1
annual_state_offset_half,3538,2025-08-22,2025-09-01,0.0227770368340847,2025,2025-06-30,learned_order_extension,20260912,0.3149107808618338,0.3149107808618338,0,1
annual_state_offset_half,3543,2025-08-29,2025-09-08,-0.0110053842475337,2025,2025-06-30,learned_order_extension,20260912,0.6822563563025544,0.6822563563025544,1,0
annual_state_offset_half,3548,2025-09-05,2025-09-15,0.0151594857594405,2025,2025-06-30,learned_order_extension,20260912,0.413546101176203,0.413546101176203,0,1
annual_state_offset_half,3553,2025-09-12,2025-09-22,-0.0050409160971932,2025,2025-06-30,learned_order_extension,20260912,0.5955127190576712,0.5955127190576712,1,0
annual_state_offset_half,3558,2025-09-19,2025-09-29,0.0095300784790881,2025,2025-06-30,learned_order_extension,20260912,0.3203365822384075,0.3203365822384075,0,1
annual_state_offset_half,3563,2025-09-26,2025-10-13,-0.0140855274279203,2025,2025-06-30,learned_order_extension,20260912,0.49370493999167486,0.49370493999167486,0,0
annual_state_offset,3503,2025-07-04,2025-07-14,0.0110426949002964,2025,2025-06-30,learned_order_offset,20260912,0.4492168708376479,0.4492168708376479,0,1
annual_state_offset,3508,2025-07-11,2025-07-21,0.0120759671840067,2025,2025-06-30,learned_order_offset,20260912,0.5370542470526525,0.5370542470526525,1,1
annual_state_offset,3513,2025-07-18,2025-07-28,0.0143570766898375,2025,2025-06-30,learned_order_offset,20260912,0.7112619395712232,0.7112619395712232,1,1
annual_state_offset,3518,2025-07-25,2025-08-04,-0.0218642507630443,2025,2025-06-30,learned_order_offset,20260912,0.4726001591921405,0.4726001591921405,0,0
annual_state_offset,3523,2025-08-01,2025-08-11,0.0179175520190988,2025,2025-06-30,learned_order_offset,20260912,0.5020957913429207,0.5020957913429207,1,1
annual_state_offset,3528,2025-08-08,2025-08-18,0.026265786598999,2025,2025-06-30,learned_order_offset,20260912,0.2658596532709608,0.2658596532709608,0,1
annual_state_offset,3533,2025-08-15,2025-08-25,0.0469483790671487,2025,2025-06-30,learned_order_offset,20260912,0.4277797400971979,0.4277797400971979,0,1
annual_state_offset,3538,2025-08-22,2025-09-01,0.0227770368340847,2025,2025-06-30,learned_order_offset,20260912,0.31588824917538333,0.31588824917538333,0,1
annual_state_offset,3543,2025-08-29,2025-09-08,-0.0110053842475337,2025,2025-06-30,learned_order_offset,20260912,0.6781481763268534,0.6781481763268534,1,0
annual_state_offset,3548,2025-09-05,2025-09-15,0.0151594857594405,2025,2025-06-30,learned_order_offset,20260912,0.41515740085251923,0.41515740085251923,0,1
annual_state_offset,3553,2025-09-12,2025-09-22,-0.0050409160971932,2025,2025-06-30,learned_order_offset,20260912,0.595827474959161,0.595827474959161,1,0
annual_state_offset,3558,2025-09-19,2025-09-29,0.0095300784790881,2025,2025-06-30,learned_order_offset,20260912,0.32359209816667756,0.32359209816667756,0,1
annual_state_offset,3563,2025-09-26,2025-10-13,-0.0140855274279203,2025,2025-06-30,learned_order_offset,20260912,0.4955932405531918,0.4955932405531918,0,0
annual_shared_offset,3503,2025-07-04,2025-07-14,0.0110426949002964,2025,2025-06-30,learned_order_offset,20260912,0.4492168708376479,0.4492168708376479,0,1
annual_shared_offset,3508,2025-07-11,2025-07-21,0.0120759671840067,2025,2025-06-30,learned_order_offset,20260912,0.5370542470526525,0.5370542470526525,1,1
annual_shared_offset,3513,2025-07-18,2025-07-28,0.0143570766898375,2025,2025-06-30,learned_order_offset,20260912,0.7112619395712232,0.7112619395712232,1,1
annual_shared_offset,3518,2025-07-25,2025-08-04,-0.0218642507630443,2025,2025-06-30,learned_order_offset,20260912,0.4726001591921405,0.4726001591921405,0,0
annual_shared_offset,3523,2025-08-01,2025-08-11,0.0179175520190988,2025,2025-06-30,learned_order_offset,20260912,0.5020957913429207,0.5020957913429207,1,1
annual_shared_offset,3528,2025-08-08,2025-08-18,0.026265786598999,2025,2025-06-30,learned_order_offset,20260912,0.2658596532709608,0.2658596532709608,0,1
annual_shared_offset,3533,2025-08-15,2025-08-25,0.0469483790671487,2025,2025-06-30,learned_order_offset,20260912,0.4277797400971979,0.4277797400971979,0,1
annual_shared_offset,3538,2025-08-22,2025-09-01,0.0227770368340847,2025,2025-06-30,learned_order_offset,20260912,0.31588824917538333,0.31588824917538333,0,1
annual_shared_offset,3543,2025-08-29,2025-09-08,-0.0110053842475337,2025,2025-06-30,learned_order_offset,20260912,0.6781481763268534,0.6781481763268534,1,0
annual_shared_offset,3548,2025-09-05,2025-09-15,0.0151594857594405,2025,2025-06-30,learned_order_offset,20260912,0.41515740085251923,0.41515740085251923,0,1
annual_shared_offset,3553,2025-09-12,2025-09-22,-0.0050409160971932,2025,2025-06-30,learned_order_offset,20260912,0.595827474959161,0.595827474959161,1,0
annual_shared_offset,3558,2025-09-19,2025-09-29,0.0095300784790881,2025,2025-06-30,learned_order_offset,20260912,0.32359209816667756,0.32359209816667756,0,1
annual_shared_offset,3563,2025-09-26,2025-10-13,-0.0140855274279203,2025,2025-06-30,learned_order_offset,20260912,0.4955932405531918,0.4955932405531918,0,0
annual_state_offset_half,3503,2025-07-04,2025-07-14,0.0110426949002964,2025,2025-06-30,learned_order_offset,20260912,0.4492168708376479,0.4492168708376479,0,1
annual_state_offset_half,3508,2025-07-11,2025-07-21,0.0120759671840067,2025,2025-06-30,learned_order_offset,20260912,0.5370542470526525,0.5370542470526525,1,1
annual_state_offset_half,3513,2025-07-18,2025-07-28,0.0143570766898375,2025,2025-06-30,learned_order_offset,20260912,0.7112619395712232,0.7112619395712232,1,1
annual_state_offset_half,3518,2025-07-25,2025-08-04,-0.0218642507630443,2025,2025-06-30,learned_order_offset,20260912,0.4726001591921405,0.4726001591921405,0,0
annual_state_offset_half,3523,2025-08-01,2025-08-11,0.0179175520190988,2025,2025-06-30,learned_order_offset,20260912,0.5020957913429207,0.5020957913429207,1,1
annual_state_offset_half,3528,2025-08-08,2025-08-18,0.026265786598999,2025,2025-06-30,learned_order_offset,20260912,0.2658596532709608,0.2658596532709608,0,1
annual_state_offset_half,3533,2025-08-15,2025-08-25,0.0469483790671487,2025,2025-06-30,learned_order_offset,20260912,0.4277797400971979,0.4277797400971979,0,1
annual_state_offset_half,3538,2025-08-22,2025-09-01,0.0227770368340847,2025,2025-06-30,learned_order_offset,20260912,0.31588824917538333,0.31588824917538333,0,1
annual_state_offset_half,3543,2025-08-29,2025-09-08,-0.0110053842475337,2025,2025-06-30,learned_order_offset,20260912,0.6781481763268534,0.6781481763268534,1,0
annual_state_offset_half,3548,2025-09-05,2025-09-15,0.0151594857594405,2025,2025-06-30,learned_order_offset,20260912,0.41515740085251923,0.41515740085251923,0,1
annual_state_offset_half,3553,2025-09-12,2025-09-22,-0.0050409160971932,2025,2025-06-30,learned_order_offset,20260912,0.595827474959161,0.595827474959161,1,0
annual_state_offset_half,3558,2025-09-19,2025-09-29,0.0095300784790881,2025,2025-06-30,learned_order_offset,20260912,0.32359209816667756,0.32359209816667756,0,1
annual_state_offset_half,3563,2025-09-26,2025-10-13,-0.0140855274279203,2025,2025-06-30,learned_order_offset,20260912,0.4955932405531918,0.4955932405531918,0,0
annual_state_offset,3567,2025-10-10,2025-10-20,0.015001547584321,2025,2025-09-30,learned_market,20260910,0.4508331585950284,0.4508331585950284,0,1
annual_state_offset,3572,2025-10-17,2025-10-27,0.0309637052897611,2025,2025-09-30,learned_market,20260910,0.4380873622035425,0.4380873622035425,0,1
annual_state_offset,3577,2025-10-24,2025-11-03,-0.013331545863497,2025,2025-09-30,learned_market,20260910,0.45478895664449515,0.45478895664449515,0,0
annual_state_offset,3582,2025-10-31,2025-11-10,0.0110832418536339,2025,2025-09-30,learned_market,20260910,0.45629729111767653,0.45629729111767653,0,1
annual_state_offset,3587,2025-11-07,2025-11-17,-0.0152107881197579,2025,2025-09-30,learned_market,20260910,0.4596017809890631,0.4596017809890631,0,0
annual_state_offset,3592,2025-11-14,2025-11-24,-0.031114557454173,2025,2025-09-30,learned_market,20260910,0.49462161882671096,0.49462161882671096,0,0
annual_state_offset,3597,2025-11-21,2025-12-01,0.0147613767448515,2025,2025-09-30,learned_market,20260910,0.3917781851882584,0.3917781851882584,0,1
annual_state_offset,3602,2025-11-28,2025-12-08,0.0118853804313106,2025,2025-09-30,learned_market,20260910,0.4631560367747054,0.4631560367747054,0,1
annual_state_offset,3607,2025-12-05,2025-12-15,-0.0093922675990717,2025,2025-09-30,learned_market,20260910,0.46368034254226626,0.46368034254226626,0,0
annual_state_offset,3612,2025-12-12,2025-12-22,0.0082791208791208,2025,2025-09-30,learned_market,20260910,0.48712409236654736,0.48712409236654736,0,1
annual_state_offset,3617,2025-12-19,2025-12-29,0.0153890755001995,2025,2025-09-30,learned_market,20260910,0.6532627703392592,0.6532627703392592,1,1
annual_state_offset,3622,2025-12-26,2026-01-12,0.0239101640737868,2025,2025-09-30,learned_market,20260910,0.3856664453056695,0.3856664453056695,0,1
annual_shared_offset,3567,2025-10-10,2025-10-20,0.015001547584321,2025,2025-09-30,learned_market,20260910,0.4508331585950284,0.4508331585950284,0,1
annual_shared_offset,3572,2025-10-17,2025-10-27,0.0309637052897611,2025,2025-09-30,learned_market,20260910,0.4380873622035425,0.4380873622035425,0,1
annual_shared_offset,3577,2025-10-24,2025-11-03,-0.013331545863497,2025,2025-09-30,learned_market,20260910,0.45478895664449515,0.45478895664449515,0,0
annual_shared_offset,3582,2025-10-31,2025-11-10,0.0110832418536339,2025,2025-09-30,learned_market,20260910,0.45629729111767653,0.45629729111767653,0,1
annual_shared_offset,3587,2025-11-07,2025-11-17,-0.0152107881197579,2025,2025-09-30,learned_market,20260910,0.4596017809890631,0.4596017809890631,0,0
annual_shared_offset,3592,2025-11-14,2025-11-24,-0.031114557454173,2025,2025-09-30,learned_market,20260910,0.4919623803891656,0.4919623803891656,0,0
annual_shared_offset,3597,2025-11-21,2025-12-01,0.0147613767448515,2025,2025-09-30,learned_market,20260910,0.3917781851882584,0.3917781851882584,0,1
annual_shared_offset,3602,2025-11-28,2025-12-08,0.0118853804313106,2025,2025-09-30,learned_market,20260910,0.4605118168216266,0.4605118168216266,0,1
annual_shared_offset,3607,2025-12-05,2025-12-15,-0.0093922675990717,2025,2025-09-30,learned_market,20260910,0.46103569989783993,0.46103569989783993,0,0
annual_shared_offset,3612,2025-12-12,2025-12-22,0.0082791208791208,2025,2025-09-30,learned_market,20260910,0.484466521860387,0.484466521860387,0,1
annual_shared_offset,3617,2025-12-19,2025-12-29,0.0153890755001995,2025,2025-09-30,learned_market,20260910,0.6508490360148136,0.6508490360148136,1,1
annual_shared_offset,3622,2025-12-26,2026-01-12,0.0239101640737868,2025,2025-09-30,learned_market,20260910,0.38314888127941543,0.38314888127941543,0,1
annual_state_offset_half,3567,2025-10-10,2025-10-20,0.015001547584321,2025,2025-09-30,learned_market,20260910,0.4508331585950284,0.4508331585950284,0,1
annual_state_offset_half,3572,2025-10-17,2025-10-27,0.0309637052897611,2025,2025-09-30,learned_market,20260910,0.4380873622035425,0.4380873622035425,0,1
annual_state_offset_half,3577,2025-10-24,2025-11-03,-0.013331545863497,2025,2025-09-30,learned_market,20260910,0.45478895664449515,0.45478895664449515,0,0
annual_state_offset_half,3582,2025-10-31,2025-11-10,0.0110832418536339,2025,2025-09-30,learned_market,20260910,0.45629729111767653,0.45629729111767653,0,1
annual_state_offset_half,3587,2025-11-07,2025-11-17,-0.0152107881197579,2025,2025-09-30,learned_market,20260910,0.4596017809890631,0.4596017809890631,0,0
annual_state_offset_half,3592,2025-11-14,2025-11-24,-0.031114557454173,2025,2025-09-30,learned_market,20260910,0.45804704445755756,0.45804704445755756,0,0
annual_state_offset_half,3597,2025-11-21,2025-12-01,0.0147613767448515,2025,2025-09-30,learned_market,20260910,0.3917781851882584,0.3917781851882584,0,1
annual_state_offset_half,3602,2025-11-28,2025-12-08,0.0118853804313106,2025,2025-09-30,learned_market,20260910,0.42694257253787105,0.42694257253787105,0,1
annual_state_offset_half,3607,2025-12-05,2025-12-15,-0.0093922675990717,2025,2025-09-30,learned_market,20260910,0.42745852537597057,0.42745852537597057,0,0
annual_state_offset_half,3612,2025-12-12,2025-12-22,0.0082791208791208,2025,2025-09-30,learned_market,20260910,0.4506095994762418,0.4506095994762418,0,1
annual_state_offset_half,3617,2025-12-19,2025-12-29,0.0153890755001995,2025,2025-09-30,learned_market,20260910,0.6193332731811475,0.6193332731811475,1,1
annual_state_offset_half,3622,2025-12-26,2026-01-12,0.0239101640737868,2025,2025-09-30,learned_market,20260910,0.3515442638193507,0.3515442638193507,0,1
annual_state_offset,3567,2025-10-10,2025-10-20,0.015001547584321,2025,2025-09-30,learned_vol_interaction,20260910,0.44722373023939194,0.44722373023939194,0,1
annual_state_offset,3572,2025-10-17,2025-10-27,0.0309637052897611,2025,2025-09-30,learned_vol_interaction,20260910,0.4295343873662784,0.4295343873662784,0,1
annual_state_offset,3577,2025-10-24,2025-11-03,-0.013331545863497,2025,2025-09-30,learned_vol_interaction,20260910,0.44980770107691576,0.44980770107691576,0,0
annual_state_offset,3582,2025-10-31,2025-11-10,0.0110832418536339,2025,2025-09-30,learned_vol_interaction,20260910,0.4681567893812729,0.4681567893812729,0,1
annual_state_offset,3587,2025-11-07,2025-11-17,-0.0152107881197579,2025,2025-09-30,learned_vol_interaction,20260910,0.4479188757258939,0.4479188757258939,0,0
annual_state_offset,3592,2025-11-14,2025-11-24,-0.031114557454173,2025,2025-09-30,learned_vol_interaction,20260910,0.4949048097595956,0.4949048097595956,0,0
annual_state_offset,3597,2025-11-21,2025-12-01,0.0147613767448515,2025,2025-09-30,learned_vol_interaction,20260910,0.3983762032629547,0.3983762032629547,0,1
annual_state_offset,3602,2025-11-28,2025-12-08,0.0118853804313106,2025,2025-09-30,learned_vol_interaction,20260910,0.444704397129966,0.444704397129966,0,1
annual_state_offset,3607,2025-12-05,2025-12-15,-0.0093922675990717,2025,2025-09-30,learned_vol_interaction,20260910,0.4685862047224509,0.4685862047224509,0,0
annual_state_offset,3612,2025-12-12,2025-12-22,0.0082791208791208,2025,2025-09-30,learned_vol_interaction,20260910,0.4901333928501106,0.4901333928501106,0,1
annual_state_offset,3617,2025-12-19,2025-12-29,0.0153890755001995,2025,2025-09-30,learned_vol_interaction,20260910,0.6705710777194788,0.6705710777194788,1,1
annual_state_offset,3622,2025-12-26,2026-01-12,0.0239101640737868,2025,2025-09-30,learned_vol_interaction,20260910,0.3695488708074154,0.3695488708074154,0,1
annual_shared_offset,3567,2025-10-10,2025-10-20,0.015001547584321,2025,2025-09-30,learned_vol_interaction,20260910,0.44722373023939194,0.44722373023939194,0,1
annual_shared_offset,3572,2025-10-17,2025-10-27,0.0309637052897611,2025,2025-09-30,learned_vol_interaction,20260910,0.4295343873662784,0.4295343873662784,0,1
annual_shared_offset,3577,2025-10-24,2025-11-03,-0.013331545863497,2025,2025-09-30,learned_vol_interaction,20260910,0.44980770107691576,0.44980770107691576,0,0
annual_shared_offset,3582,2025-10-31,2025-11-10,0.0110832418536339,2025,2025-09-30,learned_vol_interaction,20260910,0.4681567893812729,0.4681567893812729,0,1
annual_shared_offset,3587,2025-11-07,2025-11-17,-0.0152107881197579,2025,2025-09-30,learned_vol_interaction,20260910,0.4479188757258939,0.4479188757258939,0,0
annual_shared_offset,3592,2025-11-14,2025-11-24,-0.031114557454173,2025,2025-09-30,learned_vol_interaction,20260910,0.49105767751814267,0.49105767751814267,0,0
annual_shared_offset,3597,2025-11-21,2025-12-01,0.0147613767448515,2025,2025-09-30,learned_vol_interaction,20260910,0.3983762032629547,0.3983762032629547,0,1
annual_shared_offset,3602,2025-11-28,2025-12-08,0.0118853804313106,2025,2025-09-30,learned_vol_interaction,20260910,0.4409068562005363,0.4409068562005363,0,1
annual_shared_offset,3607,2025-12-05,2025-12-15,-0.0093922675990717,2025,2025-09-30,learned_vol_interaction,20260910,0.4647554119741583,0.4647554119741583,0,0
annual_shared_offset,3612,2025-12-12,2025-12-22,0.0082791208791208,2025,2025-09-30,learned_vol_interaction,20260910,0.4862876416979693,0.4862876416979693,0,1
annual_shared_offset,3617,2025-12-19,2025-12-29,0.0153890755001995,2025,2025-09-30,learned_vol_interaction,20260910,0.6671620976078249,0.6671620976078249,1,1
annual_shared_offset,3622,2025-12-26,2026-01-12,0.0239101640737868,2025,2025-09-30,learned_vol_interaction,20260910,0.3659701447027383,0.3659701447027383,0,1
annual_state_offset_half,3567,2025-10-10,2025-10-20,0.015001547584321,2025,2025-09-30,learned_vol_interaction,20260910,0.44722373023939194,0.44722373023939194,0,1
annual_state_offset_half,3572,2025-10-17,2025-10-27,0.0309637052897611,2025,2025-09-30,learned_vol_interaction,20260910,0.4295343873662784,0.4295343873662784,0,1
annual_state_offset_half,3577,2025-10-24,2025-11-03,-0.013331545863497,2025,2025-09-30,learned_vol_interaction,20260910,0.44980770107691576,0.44980770107691576,0,0
annual_state_offset_half,3582,2025-10-31,2025-11-10,0.0110832418536339,2025,2025-09-30,learned_vol_interaction,20260910,0.4681567893812729,0.4681567893812729,0,1
annual_state_offset_half,3587,2025-11-07,2025-11-17,-0.0152107881197579,2025,2025-09-30,learned_vol_interaction,20260910,0.4479188757258939,0.4479188757258939,0,0
annual_state_offset_half,3592,2025-11-14,2025-11-24,-0.031114557454173,2025,2025-09-30,learned_vol_interaction,20260910,0.4570138694288869,0.4570138694288869,0,0
annual_state_offset_half,3597,2025-11-21,2025-12-01,0.0147613767448515,2025,2025-09-30,learned_vol_interaction,20260910,0.3983762032629547,0.3983762032629547,0,1
annual_state_offset_half,3602,2025-11-28,2025-12-08,0.0118853804313106,2025,2025-09-30,learned_vol_interaction,20260910,0.40755566949698013,0.40755566949698013,0,1
annual_state_offset_half,3607,2025-12-05,2025-12-15,-0.0093922675990717,2025,2025-09-30,learned_vol_interaction,20260910,0.4309908931875111,0.4309908931875111,0,0
annual_state_offset_half,3612,2025-12-12,2025-12-22,0.0082791208791208,2025,2025-09-30,learned_vol_interaction,20260910,0.45228065058232136,0.45228065058232136,0,1
annual_state_offset_half,3617,2025-12-19,2025-12-29,0.0153890755001995,2025,2025-09-30,learned_vol_interaction,20260910,0.6361703282260303,0.6361703282260303,1,1
annual_state_offset_half,3622,2025-12-26,2026-01-12,0.0239101640737868,2025,2025-09-30,learned_vol_interaction,20260910,0.33489202728952916,0.33489202728952916,0,1
annual_state_offset,3567,2025-10-10,2025-10-20,0.015001547584321,2025,2025-09-30,learned_order_extension,20260910,0.4374250973987012,0.4374250973987012,0,1
annual_state_offset,3572,2025-10-17,2025-10-27,0.0309637052897611,2025,2025-09-30,learned_order_extension,20260910,0.42175299872804267,0.42175299872804267,0,1
annual_state_offset,3577,2025-10-24,2025-11-03,-0.013331545863497,2025,2025-09-30,learned_order_extension,20260910,0.4366552310757828,0.4366552310757828,0,0
annual_state_offset,3582,2025-10-31,2025-11-10,0.0110832418536339,2025,2025-09-30,learned_order_extension,20260910,0.44422704458498696,0.44422704458498696,0,1
annual_state_offset,3587,2025-11-07,2025-11-17,-0.0152107881197579,2025,2025-09-30,learned_order_extension,20260910,0.4121821919684248,0.4121821919684248,0,0
annual_state_offset,3592,2025-11-14,2025-11-24,-0.031114557454173,2025,2025-09-30,learned_order_extension,20260910,0.4595151220327139,0.4595151220327139,0,0
annual_state_offset,3597,2025-11-21,2025-12-01,0.0147613767448515,2025,2025-09-30,learned_order_extension,20260910,0.36890976533068714,0.36890976533068714,0,1
annual_state_offset,3602,2025-11-28,2025-12-08,0.0118853804313106,2025,2025-09-30,learned_order_extension,20260910,0.3940476616133271,0.3940476616133271,0,1
annual_state_offset,3607,2025-12-05,2025-12-15,-0.0093922675990717,2025,2025-09-30,learned_order_extension,20260910,0.4279432455408206,0.4279432455408206,0,0
annual_state_offset,3612,2025-12-12,2025-12-22,0.0082791208791208,2025,2025-09-30,learned_order_extension,20260910,0.4855410172111064,0.4855410172111064,0,1
annual_state_offset,3617,2025-12-19,2025-12-29,0.0153890755001995,2025,2025-09-30,learned_order_extension,20260910,0.7286836053905612,0.7286836053905612,1,1
annual_state_offset,3622,2025-12-26,2026-01-12,0.0239101640737868,2025,2025-09-30,learned_order_extension,20260910,0.3674193579680371,0.3674193579680371,0,1
annual_shared_offset,3567,2025-10-10,2025-10-20,0.015001547584321,2025,2025-09-30,learned_order_extension,20260910,0.4374250973987012,0.4374250973987012,0,1
annual_shared_offset,3572,2025-10-17,2025-10-27,0.0309637052897611,2025,2025-09-30,learned_order_extension,20260910,0.42175299872804267,0.42175299872804267,0,1
annual_shared_offset,3577,2025-10-24,2025-11-03,-0.013331545863497,2025,2025-09-30,learned_order_extension,20260910,0.4366552310757828,0.4366552310757828,0,0
annual_shared_offset,3582,2025-10-31,2025-11-10,0.0110832418536339,2025,2025-09-30,learned_order_extension,20260910,0.44422704458498696,0.44422704458498696,0,1
annual_shared_offset,3587,2025-11-07,2025-11-17,-0.0152107881197579,2025,2025-09-30,learned_order_extension,20260910,0.4121821919684248,0.4121821919684248,0,0
annual_shared_offset,3592,2025-11-14,2025-11-24,-0.031114557454173,2025,2025-09-30,learned_order_extension,20260910,0.45116849114056373,0.45116849114056373,0,0
annual_shared_offset,3597,2025-11-21,2025-12-01,0.0147613767448515,2025,2025-09-30,learned_order_extension,20260910,0.36890976533068714,0.36890976533068714,0,1
annual_shared_offset,3602,2025-11-28,2025-12-08,0.0118853804313106,2025,2025-09-30,learned_order_extension,20260910,0.38604083161630937,0.38604083161630937,0,1
annual_shared_offset,3607,2025-12-05,2025-12-15,-0.0093922675990717,2025,2025-09-30,learned_order_extension,20260910,0.4197247449450816,0.4197247449450816,0,0
annual_shared_offset,3612,2025-12-12,2025-12-22,0.0082791208791208,2025,2025-09-30,learned_order_extension,20260910,0.4771389809285095,0.4771389809285095,0,1
annual_shared_offset,3617,2025-12-19,2025-12-29,0.0153890755001995,2025,2025-09-30,learned_order_extension,20260910,0.7219787509749083,0.7219787509749083,1,1
annual_shared_offset,3622,2025-12-26,2026-01-12,0.0239101640737868,2025,2025-09-30,learned_order_extension,20260910,0.35963247410077376,0.35963247410077376,0,1
annual_state_offset_half,3567,2025-10-10,2025-10-20,0.015001547584321,2025,2025-09-30,learned_order_extension,20260910,0.4374250973987012,0.4374250973987012,0,1
annual_state_offset_half,3572,2025-10-17,2025-10-27,0.0309637052897611,2025,2025-09-30,learned_order_extension,20260910,0.42175299872804267,0.42175299872804267,0,1
annual_state_offset_half,3577,2025-10-24,2025-11-03,-0.013331545863497,2025,2025-09-30,learned_order_extension,20260910,0.4366552310757828,0.4366552310757828,0,0
annual_state_offset_half,3582,2025-10-31,2025-11-10,0.0110832418536339,2025,2025-09-30,learned_order_extension,20260910,0.44422704458498696,0.44422704458498696,0,1
annual_state_offset_half,3587,2025-11-07,2025-11-17,-0.0152107881197579,2025,2025-09-30,learned_order_extension,20260910,0.4121821919684248,0.4121821919684248,0,0
annual_state_offset_half,3592,2025-11-14,2025-11-24,-0.031114557454173,2025,2025-09-30,learned_order_extension,20260910,0.4210084854535084,0.4210084854535084,0,0
annual_state_offset_half,3597,2025-11-21,2025-12-01,0.0147613767448515,2025,2025-09-30,learned_order_extension,20260910,0.36890976533068714,0.36890976533068714,0,1
annual_state_offset_half,3602,2025-11-28,2025-12-08,0.0118853804313106,2025,2025-09-30,learned_order_extension,20260910,0.3573993926999055,0.3573993926999055,0,1
annual_state_offset_half,3607,2025-12-05,2025-12-15,-0.0093922675990717,2025,2025-09-30,learned_order_extension,20260910,0.39017238847858915,0.39017238847858915,0,0
annual_state_offset_half,3612,2025-12-12,2025-12-22,0.0082791208791208,2025,2025-09-30,learned_order_extension,20260910,0.4466557676461901,0.4466557676461901,0,1
annual_state_offset_half,3617,2025-12-19,2025-12-29,0.0153890755001995,2025,2025-09-30,learned_order_extension,20260910,0.6966960835097443,0.6966960835097443,1,1
annual_state_offset_half,3622,2025-12-26,2026-01-12,0.0239101640737868,2025,2025-09-30,learned_order_extension,20260910,0.3318911901416068,0.3318911901416068,0,1
annual_state_offset,3567,2025-10-10,2025-10-20,0.015001547584321,2025,2025-09-30,learned_order_offset,20260910,0.4383291264578575,0.4383291264578575,0,1
annual_state_offset,3572,2025-10-17,2025-10-27,0.0309637052897611,2025,2025-09-30,learned_order_offset,20260910,0.42244156693704515,0.42244156693704515,0,1
annual_state_offset,3577,2025-10-24,2025-11-03,-0.013331545863497,2025,2025-09-30,learned_order_offset,20260910,0.4373772094377323,0.4373772094377323,0,0
annual_state_offset,3582,2025-10-31,2025-11-10,0.0110832418536339,2025,2025-09-30,learned_order_offset,20260910,0.4448868201240668,0.4448868201240668,0,1
annual_state_offset,3587,2025-11-07,2025-11-17,-0.0152107881197579,2025,2025-09-30,learned_order_offset,20260910,0.4128358919320841,0.4128358919320841,0,0
annual_state_offset,3592,2025-11-14,2025-11-24,-0.031114557454173,2025,2025-09-30,learned_order_offset,20260910,0.4606248832787876,0.4606248832787876,0,0
annual_state_offset,3597,2025-11-21,2025-12-01,0.0147613767448515,2025,2025-09-30,learned_order_offset,20260910,0.369912667424471,0.369912667424471,0,1
annual_state_offset,3602,2025-11-28,2025-12-08,0.0118853804313106,2025,2025-09-30,learned_order_offset,20260910,0.394867908149135,0.394867908149135,0,1
annual_state_offset,3607,2025-12-05,2025-12-15,-0.0093922675990717,2025,2025-09-30,learned_order_offset,20260910,0.42880102501123235,0.42880102501123235,0,0
annual_state_offset,3612,2025-12-12,2025-12-22,0.0082791208791208,2025,2025-09-30,learned_order_offset,20260910,0.4853809378885687,0.4853809378885687,0,1
annual_state_offset,3617,2025-12-19,2025-12-29,0.0153890755001995,2025,2025-09-30,learned_order_offset,20260910,0.7281190778229134,0.7281190778229134,1,1
annual_state_offset,3622,2025-12-26,2026-01-12,0.0239101640737868,2025,2025-09-30,learned_order_offset,20260910,0.3681105694925472,0.3681105694925472,0,1
annual_shared_offset,3567,2025-10-10,2025-10-20,0.015001547584321,2025,2025-09-30,learned_order_offset,20260910,0.4383291264578575,0.4383291264578575,0,1
annual_shared_offset,3572,2025-10-17,2025-10-27,0.0309637052897611,2025,2025-09-30,learned_order_offset,20260910,0.42244156693704515,0.42244156693704515,0,1
annual_shared_offset,3577,2025-10-24,2025-11-03,-0.013331545863497,2025,2025-09-30,learned_order_offset,20260910,0.4373772094377323,0.4373772094377323,0,0
annual_shared_offset,3582,2025-10-31,2025-11-10,0.0110832418536339,2025,2025-09-30,learned_order_offset,20260910,0.4448868201240668,0.4448868201240668,0,1
annual_shared_offset,3587,2025-11-07,2025-11-17,-0.0152107881197579,2025,2025-09-30,learned_order_offset,20260910,0.4128358919320841,0.4128358919320841,0,0
annual_shared_offset,3592,2025-11-14,2025-11-24,-0.031114557454173,2025,2025-09-30,learned_order_offset,20260910,0.4521420485266632,0.4521420485266632,0,0
annual_shared_offset,3597,2025-11-21,2025-12-01,0.0147613767448515,2025,2025-09-30,learned_order_offset,20260910,0.369912667424471,0.369912667424471,0,1
annual_shared_offset,3602,2025-11-28,2025-12-08,0.0118853804313106,2025,2025-09-30,learned_order_offset,20260910,0.38672778889012427,0.38672778889012427,0,1
annual_shared_offset,3607,2025-12-05,2025-12-15,-0.0093922675990717,2025,2025-09-30,learned_order_offset,20260910,0.4204474128874652,0.4204474128874652,0,0
annual_shared_offset,3612,2025-12-12,2025-12-22,0.0082791208791208,2025,2025-09-30,learned_order_offset,20260910,0.4768452498934017,0.4768452498934017,0,1
annual_shared_offset,3617,2025-12-19,2025-12-29,0.0153890755001995,2025,2025-09-30,learned_order_offset,20260910,0.7212977563417386,0.7212977563417386,1,1
annual_shared_offset,3622,2025-12-26,2026-01-12,0.0239101640737868,2025,2025-09-30,learned_order_offset,20260910,0.36019371926406923,0.36019371926406923,0,1
annual_state_offset_half,3567,2025-10-10,2025-10-20,0.015001547584321,2025,2025-09-30,learned_order_offset,20260910,0.4383291264578575,0.4383291264578575,0,1
annual_state_offset_half,3572,2025-10-17,2025-10-27,0.0309637052897611,2025,2025-09-30,learned_order_offset,20260910,0.42244156693704515,0.42244156693704515,0,1
annual_state_offset_half,3577,2025-10-24,2025-11-03,-0.013331545863497,2025,2025-09-30,learned_order_offset,20260910,0.4373772094377323,0.4373772094377323,0,0
annual_state_offset_half,3582,2025-10-31,2025-11-10,0.0110832418536339,2025,2025-09-30,learned_order_offset,20260910,0.4448868201240668,0.4448868201240668,0,1
annual_state_offset_half,3587,2025-11-07,2025-11-17,-0.0152107881197579,2025,2025-09-30,learned_order_offset,20260910,0.4128358919320841,0.4128358919320841,0,0
annual_state_offset_half,3592,2025-11-14,2025-11-24,-0.031114557454173,2025,2025-09-30,learned_order_offset,20260910,0.4219777203050481,0.4219777203050481,0,0
annual_state_offset_half,3597,2025-11-21,2025-12-01,0.0147613767448515,2025,2025-09-30,learned_order_offset,20260910,0.369912667424471,0.369912667424471,0,1
annual_state_offset_half,3602,2025-11-28,2025-12-08,0.0118853804313106,2025,2025-09-30,learned_order_offset,20260910,0.35807521052442554,0.35807521052442554,0,1
annual_state_offset_half,3607,2025-12-05,2025-12-15,-0.0093922675990717,2025,2025-09-30,learned_order_offset,20260910,0.3908889143495892,0.3908889143495892,0,0
annual_state_offset_half,3612,2025-12-12,2025-12-22,0.0082791208791208,2025,2025-09-30,learned_order_offset,20260910,0.44637564447802497,0.44637564447802497,0,1
annual_state_offset_half,3617,2025-12-19,2025-12-29,0.0153890755001995,2025,2025-09-30,learned_order_offset,20260910,0.6959885387410231,0.6959885387410231,1,1
annual_state_offset_half,3622,2025-12-26,2026-01-12,0.0239101640737868,2025,2025-09-30,learned_order_offset,20260910,0.3324413713630257,0.3324413713630257,0,1
annual_state_offset,3567,2025-10-10,2025-10-20,0.015001547584321,2025,2025-09-30,learned_market,20260911,0.39652535500617797,0.39652535500617797,0,1
annual_state_offset,3572,2025-10-17,2025-10-27,0.0309637052897611,2025,2025-09-30,learned_market,20260911,0.42439454752251166,0.42439454752251166,0,1
annual_state_offset,3577,2025-10-24,2025-11-03,-0.013331545863497,2025,2025-09-30,learned_market,20260911,0.4963236766187404,0.4963236766187404,0,0
annual_state_offset,3582,2025-10-31,2025-11-10,0.0110832418536339,2025,2025-09-30,learned_market,20260911,0.4730427794043573,0.4730427794043573,0,1
annual_state_offset,3587,2025-11-07,2025-11-17,-0.0152107881197579,2025,2025-09-30,learned_market,20260911,0.44365920815082127,0.44365920815082127,0,0
annual_state_offset,3592,2025-11-14,2025-11-24,-0.031114557454173,2025,2025-09-30,learned_market,20260911,0.4580276050048456,0.4580276050048456,0,0
annual_state_offset,3597,2025-11-21,2025-12-01,0.0147613767448515,2025,2025-09-30,learned_market,20260911,0.4325167072212306,0.4325167072212306,0,1
annual_state_offset,3602,2025-11-28,2025-12-08,0.0118853804313106,2025,2025-09-30,learned_market,20260911,0.5415859339760714,0.5415859339760714,1,1
annual_state_offset,3607,2025-12-05,2025-12-15,-0.0093922675990717,2025,2025-09-30,learned_market,20260911,0.5693032446657842,0.5693032446657842,1,0
annual_state_offset,3612,2025-12-12,2025-12-22,0.0082791208791208,2025,2025-09-30,learned_market,20260911,0.564283741755858,0.564283741755858,1,1
annual_state_offset,3617,2025-12-19,2025-12-29,0.0153890755001995,2025,2025-09-30,learned_market,20260911,0.6466288317828403,0.6466288317828403,1,1
annual_state_offset,3622,2025-12-26,2026-01-12,0.0239101640737868,2025,2025-09-30,learned_market,20260911,0.6289155078315005,0.6289155078315005,1,1
annual_shared_offset,3567,2025-10-10,2025-10-20,0.015001547584321,2025,2025-09-30,learned_market,20260911,0.39652535500617797,0.39652535500617797,0,1
annual_shared_offset,3572,2025-10-17,2025-10-27,0.0309637052897611,2025,2025-09-30,learned_market,20260911,0.42439454752251166,0.42439454752251166,0,1
annual_shared_offset,3577,2025-10-24,2025-11-03,-0.013331545863497,2025,2025-09-30,learned_market,20260911,0.4963236766187404,0.4963236766187404,0,0
annual_shared_offset,3582,2025-10-31,2025-11-10,0.0110832418536339,2025,2025-09-30,learned_market,20260911,0.4730427794043573,0.4730427794043573,0,1
annual_shared_offset,3587,2025-11-07,2025-11-17,-0.0152107881197579,2025,2025-09-30,learned_market,20260911,0.44365920815082127,0.44365920815082127,0,0
annual_shared_offset,3592,2025-11-14,2025-11-24,-0.031114557454173,2025,2025-09-30,learned_market,20260911,0.4379871179188138,0.4379871179188138,0,0
annual_shared_offset,3597,2025-11-21,2025-12-01,0.0147613767448515,2025,2025-09-30,learned_market,20260911,0.4325167072212306,0.4325167072212306,0,1
annual_shared_offset,3602,2025-11-28,2025-12-08,0.0118853804313106,2025,2025-09-30,learned_market,20260911,0.5214067162961115,0.5214067162961115,1,1
annual_shared_offset,3607,2025-12-05,2025-12-15,-0.0093922675990717,2025,2025-09-30,learned_market,20260911,0.549328843317228,0.549328843317228,1,0
annual_shared_offset,3612,2025-12-12,2025-12-22,0.0082791208791208,2025,2025-09-30,learned_market,20260911,0.5442629029836227,0.5442629029836227,1,1
annual_shared_offset,3617,2025-12-19,2025-12-29,0.0153890755001995,2025,2025-09-30,learned_market,20260911,0.6278966213666786,0.6278966213666786,1,1
annual_shared_offset,3622,2025-12-26,2026-01-12,0.0239101640737868,2025,2025-09-30,learned_market,20260911,0.609810915778729,0.609810915778729,1,1
annual_state_offset_half,3567,2025-10-10,2025-10-20,0.015001547584321,2025,2025-09-30,learned_market,20260911,0.39652535500617797,0.39652535500617797,0,1
annual_state_offset_half,3572,2025-10-17,2025-10-27,0.0309637052897611,2025,2025-09-30,learned_market,20260911,0.42439454752251166,0.42439454752251166,0,1
annual_state_offset_half,3577,2025-10-24,2025-11-03,-0.013331545863497,2025,2025-09-30,learned_market,20260911,0.4963236766187404,0.4963236766187404,0,0
annual_state_offset_half,3582,2025-10-31,2025-11-10,0.0110832418536339,2025,2025-09-30,learned_market,20260911,0.4730427794043573,0.4730427794043573,0,1
annual_state_offset_half,3587,2025-11-07,2025-11-17,-0.0152107881197579,2025,2025-09-30,learned_market,20260911,0.44365920815082127,0.44365920815082127,0,0
annual_state_offset_half,3592,2025-11-14,2025-11-24,-0.031114557454173,2025,2025-09-30,learned_market,20260911,0.40967144386264615,0.40967144386264615,0,0
annual_state_offset_half,3597,2025-11-21,2025-12-01,0.0147613767448515,2025,2025-09-30,learned_market,20260911,0.4325167072212306,0.4325167072212306,0,1
annual_state_offset_half,3602,2025-11-28,2025-12-08,0.0118853804313106,2025,2025-09-30,learned_market,20260911,0.4924232646497594,0.4924232646497594,0,1
annual_state_offset_half,3607,2025-12-05,2025-12-15,-0.0093922675990717,2025,2025-09-30,learned_market,20260911,0.5204812369411413,0.5204812369411413,1,0
annual_state_offset_half,3612,2025-12-12,2025-12-22,0.0082791208791208,2025,2025-09-30,learned_market,20260911,0.5153771002577371,0.5153771002577371,1,1
annual_state_offset_half,3617,2025-12-19,2025-12-29,0.0153890755001995,2025,2025-09-30,learned_market,20260911,0.6004199772471182,0.6004199772471182,1,1
annual_state_offset_half,3622,2025-12-26,2026-01-12,0.0239101640737868,2025,2025-09-30,learned_market,20260911,0.5818880802539068,0.5818880802539068,1,1
annual_state_offset,3567,2025-10-10,2025-10-20,0.015001547584321,2025,2025-09-30,learned_vol_interaction,20260911,0.39263370477182047,0.39263370477182047,0,1
annual_state_offset,3572,2025-10-17,2025-10-27,0.0309637052897611,2025,2025-09-30,learned_vol_interaction,20260911,0.42128573794261726,0.42128573794261726,0,1
annual_state_offset,3577,2025-10-24,2025-11-03,-0.013331545863497,2025,2025-09-30,learned_vol_interaction,20260911,0.49112931362620926,0.49112931362620926,0,0
annual_state_offset,3582,2025-10-31,2025-11-10,0.0110832418536339,2025,2025-09-30,learned_vol_interaction,20260911,0.46985105287253015,0.46985105287253015,0,1
annual_state_offset,3587,2025-11-07,2025-11-17,-0.0152107881197579,2025,2025-09-30,learned_vol_interaction,20260911,0.4380619074891022,0.4380619074891022,0,0
annual_state_offset,3592,2025-11-14,2025-11-24,-0.031114557454173,2025,2025-09-30,learned_vol_interaction,20260911,0.45716444856086164,0.45716444856086164,0,0
annual_state_offset,3597,2025-11-21,2025-12-01,0.0147613767448515,2025,2025-09-30,learned_vol_interaction,20260911,0.43045334038020117,0.43045334038020117,0,1
annual_state_offset,3602,2025-11-28,2025-12-08,0.0118853804313106,2025,2025-09-30,learned_vol_interaction,20260911,0.542723808793969,0.542723808793969,1,1
annual_state_offset,3607,2025-12-05,2025-12-15,-0.0093922675990717,2025,2025-09-30,learned_vol_interaction,20260911,0.5711491093896128,0.5711491093896128,1,0
annual_state_offset,3612,2025-12-12,2025-12-22,0.0082791208791208,2025,2025-09-30,learned_vol_interaction,20260911,0.5682530702783438,0.5682530702783438,1,1
annual_state_offset,3617,2025-12-19,2025-12-29,0.0153890755001995,2025,2025-09-30,learned_vol_interaction,20260911,0.6589256501670113,0.6589256501670113,1,1
annual_state_offset,3622,2025-12-26,2026-01-12,0.0239101640737868,2025,2025-09-30,learned_vol_interaction,20260911,0.6383456892401894,0.6383456892401894,1,1
annual_shared_offset,3567,2025-10-10,2025-10-20,0.015001547584321,2025,2025-09-30,learned_vol_interaction,20260911,0.39263370477182047,0.39263370477182047,0,1
annual_shared_offset,3572,2025-10-17,2025-10-27,0.0309637052897611,2025,2025-09-30,learned_vol_interaction,20260911,0.42128573794261726,0.42128573794261726,0,1
annual_shared_offset,3577,2025-10-24,2025-11-03,-0.013331545863497,2025,2025-09-30,learned_vol_interaction,20260911,0.49112931362620926,0.49112931362620926,0,0
annual_shared_offset,3582,2025-10-31,2025-11-10,0.0110832418536339,2025,2025-09-30,learned_vol_interaction,20260911,0.46985105287253015,0.46985105287253015,0,1
annual_shared_offset,3587,2025-11-07,2025-11-17,-0.0152107881197579,2025,2025-09-30,learned_vol_interaction,20260911,0.4380619074891022,0.4380619074891022,0,0
annual_shared_offset,3592,2025-11-14,2025-11-24,-0.031114557454173,2025,2025-09-30,learned_vol_interaction,20260911,0.4361840733201681,0.4361840733201681,0,0
annual_shared_offset,3597,2025-11-21,2025-12-01,0.0147613767448515,2025,2025-09-30,learned_vol_interaction,20260911,0.43045334038020117,0.43045334038020117,0,1
annual_shared_offset,3602,2025-11-28,2025-12-08,0.0118853804313106,2025,2025-09-30,learned_vol_interaction,20260911,0.5215897550713936,0.5215897550713936,1,1
annual_shared_offset,3607,2025-12-05,2025-12-15,-0.0093922675990717,2025,2025-09-30,learned_vol_interaction,20260911,0.5502400878994754,0.5502400878994754,1,0
annual_shared_offset,3612,2025-12-12,2025-12-22,0.0082791208791208,2025,2025-09-30,learned_vol_interaction,20260911,0.5473147622368949,0.5473147622368949,1,1
annual_shared_offset,3617,2025-12-19,2025-12-29,0.0153890755001995,2025,2025-09-30,learned_vol_interaction,20260911,0.6395957420949766,0.6395957420949766,1,1
annual_shared_offset,3622,2025-12-26,2026-01-12,0.0239101640737868,2025,2025-09-30,learned_vol_interaction,20260911,0.6185246764559844,0.6185246764559844,1,1
annual_state_offset_half,3567,2025-10-10,2025-10-20,0.015001547584321,2025,2025-09-30,learned_vol_interaction,20260911,0.39263370477182047,0.39263370477182047,0,1
annual_state_offset_half,3572,2025-10-17,2025-10-27,0.0309637052897611,2025,2025-09-30,learned_vol_interaction,20260911,0.42128573794261726,0.42128573794261726,0,1
annual_state_offset_half,3577,2025-10-24,2025-11-03,-0.013331545863497,2025,2025-09-30,learned_vol_interaction,20260911,0.49112931362620926,0.49112931362620926,0,0
annual_state_offset_half,3582,2025-10-31,2025-11-10,0.0110832418536339,2025,2025-09-30,learned_vol_interaction,20260911,0.46985105287253015,0.46985105287253015,0,1
annual_state_offset_half,3587,2025-11-07,2025-11-17,-0.0152107881197579,2025,2025-09-30,learned_vol_interaction,20260911,0.4380619074891022,0.4380619074891022,0,0
annual_state_offset_half,3592,2025-11-14,2025-11-24,-0.031114557454173,2025,2025-09-30,learned_vol_interaction,20260911,0.40810603801697604,0.40810603801697604,0,0
annual_state_offset_half,3597,2025-11-21,2025-12-01,0.0147613767448515,2025,2025-09-30,learned_vol_interaction,20260911,0.43045334038020117,0.43045334038020117,0,1
annual_state_offset_half,3602,2025-11-28,2025-12-08,0.0118853804313106,2025,2025-09-30,learned_vol_interaction,20260911,0.4928194374980447,0.4928194374980447,0,1
annual_state_offset_half,3607,2025-12-05,2025-12-15,-0.0093922675990717,2025,2025-09-30,learned_vol_interaction,20260911,0.5216124792105373,0.5216124792105373,1,0
annual_state_offset_half,3612,2025-12-12,2025-12-22,0.0082791208791208,2025,2025-09-30,learned_vol_interaction,20260911,0.5186638366763748,0.5186638366763748,1,1
annual_state_offset_half,3617,2025-12-19,2025-12-29,0.0153890755001995,2025,2025-09-30,learned_vol_interaction,20260911,0.6126518685593222,0.6126518685593222,1,1
annual_state_offset_half,3622,2025-12-26,2026-01-12,0.0239101640737868,2025,2025-09-30,learned_vol_interaction,20260911,0.5910128314729387,0.5910128314729387,1,1
annual_state_offset,3567,2025-10-10,2025-10-20,0.015001547584321,2025,2025-09-30,learned_order_extension,20260911,0.39565615038452323,0.39565615038452323,0,1
annual_state_offset,3572,2025-10-17,2025-10-27,0.0309637052897611,2025,2025-09-30,learned_order_extension,20260911,0.42255179794346875,0.42255179794346875,0,1
annual_state_offset,3577,2025-10-24,2025-11-03,-0.013331545863497,2025,2025-09-30,learned_order_extension,20260911,0.49361418515659217,0.49361418515659217,0,0
annual_state_offset,3582,2025-10-31,2025-11-10,0.0110832418536339,2025,2025-09-30,learned_order_extension,20260911,0.4726211474285555,0.4726211474285555,0,1
annual_state_offset,3587,2025-11-07,2025-11-17,-0.0152107881197579,2025,2025-09-30,learned_order_extension,20260911,0.4416487626577909,0.4416487626577909,0,0
annual_state_offset,3592,2025-11-14,2025-11-24,-0.031114557454173,2025,2025-09-30,learned_order_extension,20260911,0.4628237167407146,0.4628237167407146,0,0
annual_state_offset,3597,2025-11-21,2025-12-01,0.0147613767448515,2025,2025-09-30,learned_order_extension,20260911,0.43021957760648394,0.43021957760648394,0,1
annual_state_offset,3602,2025-11-28,2025-12-08,0.0118853804313106,2025,2025-09-30,learned_order_extension,20260911,0.5406001487747065,0.5406001487747065,1,1
annual_state_offset,3607,2025-12-05,2025-12-15,-0.0093922675990717,2025,2025-09-30,learned_order_extension,20260911,0.5681000712347276,0.5681000712347276,1,0
annual_state_offset,3612,2025-12-12,2025-12-22,0.0082791208791208,2025,2025-09-30,learned_order_extension,20260911,0.5637892272718822,0.5637892272718822,1,1
annual_state_offset,3617,2025-12-19,2025-12-29,0.0153890755001995,2025,2025-09-30,learned_order_extension,20260911,0.6531458613956124,0.6531458613956124,1,1
annual_state_offset,3622,2025-12-26,2026-01-12,0.0239101640737868,2025,2025-09-30,learned_order_extension,20260911,0.6362308973446835,0.6362308973446835,1,1
annual_shared_offset,3567,2025-10-10,2025-10-20,0.015001547584321,2025,2025-09-30,learned_order_extension,20260911,0.39565615038452323,0.39565615038452323,0,1
annual_shared_offset,3572,2025-10-17,2025-10-27,0.0309637052897611,2025,2025-09-30,learned_order_extension,20260911,0.42255179794346875,0.42255179794346875,0,1
annual_shared_offset,3577,2025-10-24,2025-11-03,-0.013331545863497,2025,2025-09-30,learned_order_extension,20260911,0.49361418515659217,0.49361418515659217,0,0
annual_shared_offset,3582,2025-10-31,2025-11-10,0.0110832418536339,2025,2025-09-30,learned_order_extension,20260911,0.4726211474285555,0.4726211474285555,0,1
annual_shared_offset,3587,2025-11-07,2025-11-17,-0.0152107881197579,2025,2025-09-30,learned_order_extension,20260911,0.4416487626577909,0.4416487626577909,0,0
annual_shared_offset,3592,2025-11-14,2025-11-24,-0.031114557454173,2025,2025-09-30,learned_order_extension,20260911,0.4423120851218566,0.4423120851218566,0,0
annual_shared_offset,3597,2025-11-21,2025-12-01,0.0147613767448515,2025,2025-09-30,learned_order_extension,20260911,0.43021957760648394,0.43021957760648394,0,1
annual_shared_offset,3602,2025-11-28,2025-12-08,0.0118853804313106,2025,2025-09-30,learned_order_extension,20260911,0.5199781609343244,0.5199781609343244,1,1
annual_shared_offset,3607,2025-12-05,2025-12-15,-0.0093922675990717,2025,2025-09-30,learned_order_extension,20260911,0.5476796675553895,0.5476796675553895,1,0
annual_shared_offset,3612,2025-12-12,2025-12-22,0.0082791208791208,2025,2025-09-30,learned_order_extension,20260911,0.5433288460070491,0.5433288460070491,1,1
annual_shared_offset,3617,2025-12-19,2025-12-29,0.0153890755001995,2025,2025-09-30,learned_order_extension,20260911,0.6341570288865311,0.6341570288865311,1,1
annual_shared_offset,3622,2025-12-26,2026-01-12,0.0239101640737868,2025,2025-09-30,learned_order_extension,20260911,0.6168592539534655,0.6168592539534655,1,1
annual_state_offset_half,3567,2025-10-10,2025-10-20,0.015001547584321,2025,2025-09-30,learned_order_extension,20260911,0.39565615038452323,0.39565615038452323,0,1
annual_state_offset_half,3572,2025-10-17,2025-10-27,0.0309637052897611,2025,2025-09-30,learned_order_extension,20260911,0.42255179794346875,0.42255179794346875,0,1
annual_state_offset_half,3577,2025-10-24,2025-11-03,-0.013331545863497,2025,2025-09-30,learned_order_extension,20260911,0.49361418515659217,0.49361418515659217,0,0
annual_state_offset_half,3582,2025-10-31,2025-11-10,0.0110832418536339,2025,2025-09-30,learned_order_extension,20260911,0.4726211474285555,0.4726211474285555,0,1
annual_state_offset_half,3587,2025-11-07,2025-11-17,-0.0152107881197579,2025,2025-09-30,learned_order_extension,20260911,0.4416487626577909,0.4416487626577909,0,0
annual_state_offset_half,3592,2025-11-14,2025-11-24,-0.031114557454173,2025,2025-09-30,learned_order_extension,20260911,0.4136012661627179,0.4136012661627179,0,0
annual_state_offset_half,3597,2025-11-21,2025-12-01,0.0147613767448515,2025,2025-09-30,learned_order_extension,20260911,0.43021957760648394,0.43021957760648394,0,1
annual_state_offset_half,3602,2025-11-28,2025-12-08,0.0118853804313106,2025,2025-09-30,learned_order_extension,20260911,0.4906614387119019,0.4906614387119019,0,1
annual_state_offset_half,3607,2025-12-05,2025-12-15,-0.0093922675990717,2025,2025-09-30,learned_order_extension,20260911,0.5184881016266184,0.5184881016266184,1,0
annual_state_offset_half,3612,2025-12-12,2025-12-22,0.0082791208791208,2025,2025-09-30,learned_order_extension,20260911,0.5141056033083864,0.5141056033083864,1,1
annual_state_offset_half,3617,2025-12-19,2025-12-29,0.0153890755001995,2025,2025-09-30,learned_order_extension,20260911,0.6065369772820308,0.6065369772820308,1,1
annual_state_offset_half,3622,2025-12-26,2026-01-12,0.0239101640737868,2025,2025-09-30,learned_order_extension,20260911,0.5887801041240143,0.5887801041240143,1,1
annual_state_offset,3567,2025-10-10,2025-10-20,0.015001547584321,2025,2025-09-30,learned_order_offset,20260911,0.3957431714352963,0.3957431714352963,0,1
annual_state_offset,3572,2025-10-17,2025-10-27,0.0309637052897611,2025,2025-09-30,learned_order_offset,20260911,0.42266319973139616,0.42266319973139616,0,1
annual_state_offset,3577,2025-10-24,2025-11-03,-0.013331545863497,2025,2025-09-30,learned_order_offset,20260911,0.49371915485702594,0.49371915485702594,0,0
annual_state_offset,3582,2025-10-31,2025-11-10,0.0110832418536339,2025,2025-09-30,learned_order_offset,20260911,0.47277881290406026,0.47277881290406026,0,1
annual_state_offset,3587,2025-11-07,2025-11-17,-0.0152107881197579,2025,2025-09-30,learned_order_offset,20260911,0.4417302067850907,0.4417302067850907,0,0
annual_state_offset,3592,2025-11-14,2025-11-24,-0.031114557454173,2025,2025-09-30,learned_order_offset,20260911,0.4629526404190557,0.4629526404190557,0,0
annual_state_offset,3597,2025-11-21,2025-12-01,0.0147613767448515,2025,2025-09-30,learned_order_offset,20260911,0.4303049057033289,0.4303049057033289,0,1
annual_state_offset,3602,2025-11-28,2025-12-08,0.0118853804313106,2025,2025-09-30,learned_order_offset,20260911,0.5406754040489927,0.5406754040489927,1,1
annual_state_offset,3607,2025-12-05,2025-12-15,-0.0093922675990717,2025,2025-09-30,learned_order_offset,20260911,0.568173672278601,0.568173672278601,1,0
annual_state_offset,3612,2025-12-12,2025-12-22,0.0082791208791208,2025,2025-09-30,learned_order_offset,20260911,0.5638682569513409,0.5638682569513409,1,1
annual_state_offset,3617,2025-12-19,2025-12-29,0.0153890755001995,2025,2025-09-30,learned_order_offset,20260911,0.6531690061253881,0.6531690061253881,1,1
annual_state_offset,3622,2025-12-26,2026-01-12,0.0239101640737868,2025,2025-09-30,learned_order_offset,20260911,0.6363385960684739,0.6363385960684739,1,1
annual_shared_offset,3567,2025-10-10,2025-10-20,0.015001547584321,2025,2025-09-30,learned_order_offset,20260911,0.3957431714352963,0.3957431714352963,0,1
annual_shared_offset,3572,2025-10-17,2025-10-27,0.0309637052897611,2025,2025-09-30,learned_order_offset,20260911,0.42266319973139616,0.42266319973139616,0,1
annual_shared_offset,3577,2025-10-24,2025-11-03,-0.013331545863497,2025,2025-09-30,learned_order_offset,20260911,0.49371915485702594,0.49371915485702594,0,0
annual_shared_offset,3582,2025-10-31,2025-11-10,0.0110832418536339,2025,2025-09-30,learned_order_offset,20260911,0.47277881290406026,0.47277881290406026,0,1
annual_shared_offset,3587,2025-11-07,2025-11-17,-0.0152107881197579,2025,2025-09-30,learned_order_offset,20260911,0.4417302067850907,0.4417302067850907,0,0
annual_shared_offset,3592,2025-11-14,2025-11-24,-0.031114557454173,2025,2025-09-30,learned_order_offset,20260911,0.4424542887034903,0.4424542887034903,0,0
annual_shared_offset,3597,2025-11-21,2025-12-01,0.0147613767448515,2025,2025-09-30,learned_order_offset,20260911,0.4303049057033289,0.4303049057033289,0,1
annual_shared_offset,3602,2025-11-28,2025-12-08,0.0118853804313106,2025,2025-09-30,learned_order_offset,20260911,0.5200682513298427,0.5200682513298427,1,1
annual_shared_offset,3607,2025-12-05,2025-12-15,-0.0093922675990717,2025,2025-09-30,learned_order_offset,20260911,0.547768325555865,0.547768325555865,1,0
annual_shared_offset,3612,2025-12-12,2025-12-22,0.0082791208791208,2025,2025-09-30,learned_order_offset,20260911,0.5434229507455518,0.5434229507455518,1,1
annual_shared_offset,3617,2025-12-19,2025-12-29,0.0153890755001995,2025,2025-09-30,learned_order_offset,20260911,0.6341941675503601,0.6341941675503601,1,1
annual_shared_offset,3622,2025-12-26,2026-01-12,0.0239101640737868,2025,2025-09-30,learned_order_offset,20260911,0.6169829220242431,0.6169829220242431,1,1
annual_state_offset_half,3567,2025-10-10,2025-10-20,0.015001547584321,2025,2025-09-30,learned_order_offset,20260911,0.3957431714352963,0.3957431714352963,0,1
annual_state_offset_half,3572,2025-10-17,2025-10-27,0.0309637052897611,2025,2025-09-30,learned_order_offset,20260911,0.42266319973139616,0.42266319973139616,0,1
annual_state_offset_half,3577,2025-10-24,2025-11-03,-0.013331545863497,2025,2025-09-30,learned_order_offset,20260911,0.49371915485702594,0.49371915485702594,0,0
annual_state_offset_half,3582,2025-10-31,2025-11-10,0.0110832418536339,2025,2025-09-30,learned_order_offset,20260911,0.47277881290406026,0.47277881290406026,0,1
annual_state_offset_half,3587,2025-11-07,2025-11-17,-0.0152107881197579,2025,2025-09-30,learned_order_offset,20260911,0.4417302067850907,0.4417302067850907,0,0
annual_state_offset_half,3592,2025-11-14,2025-11-24,-0.031114557454173,2025,2025-09-30,learned_order_offset,20260911,0.4137459398320776,0.4137459398320776,0,0
annual_state_offset_half,3597,2025-11-21,2025-12-01,0.0147613767448515,2025,2025-09-30,learned_order_offset,20260911,0.4303049057033289,0.4303049057033289,0,1
annual_state_offset_half,3602,2025-11-28,2025-12-08,0.0118853804313106,2025,2025-09-30,learned_order_offset,20260911,0.4907566423985731,0.4907566423985731,0,1
annual_state_offset_half,3607,2025-12-05,2025-12-15,-0.0093922675990717,2025,2025-09-30,learned_order_offset,20260911,0.5185824463902491,0.5185824463902491,1,0
annual_state_offset_half,3612,2025-12-12,2025-12-22,0.0082791208791208,2025,2025-09-30,learned_order_offset,20260911,0.5142053430949439,0.5142053430949439,1,1
annual_state_offset_half,3617,2025-12-19,2025-12-29,0.0153890755001995,2025,2025-09-30,learned_order_offset,20260911,0.6065799545395865,0.6065799545395865,1,1
annual_state_offset_half,3622,2025-12-26,2026-01-12,0.0239101640737868,2025,2025-09-30,learned_order_offset,20260911,0.5889116387428717,0.5889116387428717,1,1
annual_state_offset,3567,2025-10-10,2025-10-20,0.015001547584321,2025,2025-09-30,learned_market,20260912,0.3895908035061002,0.3895908035061002,0,1
annual_state_offset,3572,2025-10-17,2025-10-27,0.0309637052897611,2025,2025-09-30,learned_market,20260912,0.3177445291528448,0.3177445291528448,0,1
annual_state_offset,3577,2025-10-24,2025-11-03,-0.013331545863497,2025,2025-09-30,learned_market,20260912,0.42278957435073633,0.42278957435073633,0,0
annual_state_offset,3582,2025-10-31,2025-11-10,0.0110832418536339,2025,2025-09-30,learned_market,20260912,0.3919874136237784,0.3919874136237784,0,1
annual_state_offset,3587,2025-11-07,2025-11-17,-0.0152107881197579,2025,2025-09-30,learned_market,20260912,0.6609499739654151,0.6609499739654151,1,0
annual_state_offset,3592,2025-11-14,2025-11-24,-0.031114557454173,2025,2025-09-30,learned_market,20260912,0.41397204674525995,0.41397204674525995,0,0
annual_state_offset,3597,2025-11-21,2025-12-01,0.0147613767448515,2025,2025-09-30,learned_market,20260912,0.4838072174788579,0.4838072174788579,0,1
annual_state_offset,3602,2025-11-28,2025-12-08,0.0118853804313106,2025,2025-09-30,learned_market,20260912,0.48524983813874567,0.48524983813874567,0,1
annual_state_offset,3607,2025-12-05,2025-12-15,-0.0093922675990717,2025,2025-09-30,learned_market,20260912,0.4777468959107734,0.4777468959107734,0,0
annual_state_offset,3612,2025-12-12,2025-12-22,0.0082791208791208,2025,2025-09-30,learned_market,20260912,0.6773865722018463,0.6773865722018463,1,1
annual_state_offset,3617,2025-12-19,2025-12-29,0.0153890755001995,2025,2025-09-30,learned_market,20260912,0.683192368528006,0.683192368528006,1,1
annual_state_offset,3622,2025-12-26,2026-01-12,0.0239101640737868,2025,2025-09-30,learned_market,20260912,0.6002629418087468,0.6002629418087468,1,1
annual_shared_offset,3567,2025-10-10,2025-10-20,0.015001547584321,2025,2025-09-30,learned_market,20260912,0.3895908035061002,0.3895908035061002,0,1
annual_shared_offset,3572,2025-10-17,2025-10-27,0.0309637052897611,2025,2025-09-30,learned_market,20260912,0.3177445291528448,0.3177445291528448,0,1
annual_shared_offset,3577,2025-10-24,2025-11-03,-0.013331545863497,2025,2025-09-30,learned_market,20260912,0.42278957435073633,0.42278957435073633,0,0
annual_shared_offset,3582,2025-10-31,2025-11-10,0.0110832418536339,2025,2025-09-30,learned_market,20260912,0.3919874136237784,0.3919874136237784,0,1
annual_shared_offset,3587,2025-11-07,2025-11-17,-0.0152107881197579,2025,2025-09-30,learned_market,20260912,0.6609499739654151,0.6609499739654151,1,0
annual_shared_offset,3592,2025-11-14,2025-11-24,-0.031114557454173,2025,2025-09-30,learned_market,20260912,0.4134618710596132,0.4134618710596132,0,0
annual_shared_offset,3597,2025-11-21,2025-12-01,0.0147613767448515,2025,2025-09-30,learned_market,20260912,0.4838072174788579,0.4838072174788579,0,1
annual_shared_offset,3602,2025-11-28,2025-12-08,0.0118853804313106,2025,2025-09-30,learned_market,20260912,0.48472447765618065,0.48472447765618065,0,1
annual_shared_offset,3607,2025-12-05,2025-12-15,-0.0093922675990717,2025,2025-09-30,learned_market,20260912,0.4772221276480167,0.4772221276480167,0,0
annual_shared_offset,3612,2025-12-12,2025-12-22,0.0082791208791208,2025,2025-09-30,learned_market,20260912,0.6769267498536692,0.6769267498536692,1,1
annual_shared_offset,3617,2025-12-19,2025-12-29,0.0153890755001995,2025,2025-09-30,learned_market,20260912,0.682736945487458,0.682736945487458,1,1
annual_shared_offset,3622,2025-12-26,2026-01-12,0.0239101640737868,2025,2025-09-30,learned_market,20260912,0.5997581450871595,0.5997581450871595,1,1
annual_state_offset_half,3567,2025-10-10,2025-10-20,0.015001547584321,2025,2025-09-30,learned_market,20260912,0.3895908035061002,0.3895908035061002,0,1
annual_state_offset_half,3572,2025-10-17,2025-10-27,0.0309637052897611,2025,2025-09-30,learned_market,20260912,0.3177445291528448,0.3177445291528448,0,1
annual_state_offset_half,3577,2025-10-24,2025-11-03,-0.013331545863497,2025,2025-09-30,learned_market,20260912,0.42278957435073633,0.42278957435073633,0,0
annual_state_offset_half,3582,2025-10-31,2025-11-10,0.0110832418536339,2025,2025-09-30,learned_market,20260912,0.3919874136237784,0.3919874136237784,0,1
annual_state_offset_half,3587,2025-11-07,2025-11-17,-0.0152107881197579,2025,2025-09-30,learned_market,20260912,0.6609499739654151,0.6609499739654151,1,0
annual_state_offset_half,3592,2025-11-14,2025-11-24,-0.031114557454173,2025,2025-09-30,learned_market,20260912,0.3797375092473852,0.3797375092473852,0,0
annual_state_offset_half,3597,2025-11-21,2025-12-01,0.0147613767448515,2025,2025-09-30,learned_market,20260912,0.4838072174788579,0.4838072174788579,0,1
annual_state_offset_half,3602,2025-11-28,2025-12-08,0.0118853804313106,2025,2025-09-30,learned_market,20260912,0.4496434897381017,0.4496434897381017,0,1
annual_state_offset_half,3607,2025-12-05,2025-12-15,-0.0093922675990717,2025,2025-09-30,learned_market,20260912,0.44221812344737355,0.44221812344737355,0,0
annual_state_offset_half,3612,2025-12-12,2025-12-22,0.0082791208791208,2025,2025-09-30,learned_market,20260912,0.6453574242512728,0.6453574242512728,1,1
annual_state_offset_half,3617,2025-12-19,2025-12-29,0.0153890755001995,2025,2025-09-30,learned_market,20260912,0.6514430278918136,0.6514430278918136,1,1
annual_state_offset_half,3622,2025-12-26,2026-01-12,0.0239101640737868,2025,2025-09-30,learned_market,20260912,0.5654884504228883,0.5654884504228883,1,1
annual_state_offset,3567,2025-10-10,2025-10-20,0.015001547584321,2025,2025-09-30,learned_vol_interaction,20260912,0.38708416794246603,0.38708416794246603,0,1
annual_state_offset,3572,2025-10-17,2025-10-27,0.0309637052897611,2025,2025-09-30,learned_vol_interaction,20260912,0.3157098671172643,0.3157098671172643,0,1
annual_state_offset,3577,2025-10-24,2025-11-03,-0.013331545863497,2025,2025-09-30,learned_vol_interaction,20260912,0.4208911959584494,0.4208911959584494,0,0
annual_state_offset,3582,2025-10-31,2025-11-10,0.0110832418536339,2025,2025-09-30,learned_vol_interaction,20260912,0.3900158389526887,0.3900158389526887,0,1
annual_state_offset,3587,2025-11-07,2025-11-17,-0.0152107881197579,2025,2025-09-30,learned_vol_interaction,20260912,0.659622747508864,0.659622747508864,1,0
annual_state_offset,3592,2025-11-14,2025-11-24,-0.031114557454173,2025,2025-09-30,learned_vol_interaction,20260912,0.4106461261946908,0.4106461261946908,0,0
annual_state_offset,3597,2025-11-21,2025-12-01,0.0147613767448515,2025,2025-09-30,learned_vol_interaction,20260912,0.48314566355901645,0.48314566355901645,0,1
annual_state_offset,3602,2025-11-28,2025-12-08,0.0118853804313106,2025,2025-09-30,learned_vol_interaction,20260912,0.48604210418565275,0.48604210418565275,0,1
annual_state_offset,3607,2025-12-05,2025-12-15,-0.0093922675990717,2025,2025-09-30,learned_vol_interaction,20260912,0.4776494597406592,0.4776494597406592,0,0
annual_state_offset,3612,2025-12-12,2025-12-22,0.0082791208791208,2025,2025-09-30,learned_vol_interaction,20260912,0.6815815742356304,0.6815815742356304,1,1
annual_state_offset,3617,2025-12-19,2025-12-29,0.0153890755001995,2025,2025-09-30,learned_vol_interaction,20260912,0.6886049501261109,0.6886049501261109,1,1
annual_state_offset,3622,2025-12-26,2026-01-12,0.0239101640737868,2025,2025-09-30,learned_vol_interaction,20260912,0.6018024184162608,0.6018024184162608,1,1
annual_shared_offset,3567,2025-10-10,2025-10-20,0.015001547584321,2025,2025-09-30,learned_vol_interaction,20260912,0.38708416794246603,0.38708416794246603,0,1
annual_shared_offset,3572,2025-10-17,2025-10-27,0.0309637052897611,2025,2025-09-30,learned_vol_interaction,20260912,0.3157098671172643,0.3157098671172643,0,1
annual_shared_offset,3577,2025-10-24,2025-11-03,-0.013331545863497,2025,2025-09-30,learned_vol_interaction,20260912,0.4208911959584494,0.4208911959584494,0,0
annual_shared_offset,3582,2025-10-31,2025-11-10,0.0110832418536339,2025,2025-09-30,learned_vol_interaction,20260912,0.3900158389526887,0.3900158389526887,0,1
annual_shared_offset,3587,2025-11-07,2025-11-17,-0.0152107881197579,2025,2025-09-30,learned_vol_interaction,20260912,0.659622747508864,0.659622747508864,1,0
annual_shared_offset,3592,2025-11-14,2025-11-24,-0.031114557454173,2025,2025-09-30,learned_vol_interaction,20260912,0.4099206524657725,0.4099206524657725,0,0
annual_shared_offset,3597,2025-11-21,2025-12-01,0.0147613767448515,2025,2025-09-30,learned_vol_interaction,20260912,0.48314566355901645,0.48314566355901645,0,1
annual_shared_offset,3602,2025-11-28,2025-12-08,0.0118853804313106,2025,2025-09-30,learned_vol_interaction,20260912,0.48529311177373946,0.48529311177373946,0,1
annual_shared_offset,3607,2025-12-05,2025-12-15,-0.0093922675990717,2025,2025-09-30,learned_vol_interaction,20260912,0.4769013998079576,0.4769013998079576,0,0
annual_shared_offset,3612,2025-12-12,2025-12-22,0.0082791208791208,2025,2025-09-30,learned_vol_interaction,20260912,0.6809304757110264,0.6809304757110264,1,1
annual_shared_offset,3617,2025-12-19,2025-12-29,0.0153890755001995,2025,2025-09-30,learned_vol_interaction,20260912,0.6879616380931386,0.6879616380931386,1,1
annual_shared_offset,3622,2025-12-26,2026-01-12,0.0239101640737868,2025,2025-09-30,learned_vol_interaction,20260912,0.6010836660408146,0.6010836660408146,1,1
annual_state_offset_half,3567,2025-10-10,2025-10-20,0.015001547584321,2025,2025-09-30,learned_vol_interaction,20260912,0.38708416794246603,0.38708416794246603,0,1
annual_state_offset_half,3572,2025-10-17,2025-10-27,0.0309637052897611,2025,2025-09-30,learned_vol_interaction,20260912,0.3157098671172643,0.3157098671172643,0,1
annual_state_offset_half,3577,2025-10-24,2025-11-03,-0.013331545863497,2025,2025-09-30,learned_vol_interaction,20260912,0.4208911959584494,0.4208911959584494,0,0
annual_state_offset_half,3582,2025-10-31,2025-11-10,0.0110832418536339,2025,2025-09-30,learned_vol_interaction,20260912,0.3900158389526887,0.3900158389526887,0,1
annual_state_offset_half,3587,2025-11-07,2025-11-17,-0.0152107881197579,2025,2025-09-30,learned_vol_interaction,20260912,0.659622747508864,0.659622747508864,1,0
annual_state_offset_half,3592,2025-11-14,2025-11-24,-0.031114557454173,2025,2025-09-30,learned_vol_interaction,20260912,0.3763583756725298,0.3763583756725298,0,0
annual_state_offset_half,3597,2025-11-21,2025-12-01,0.0147613767448515,2025,2025-09-30,learned_vol_interaction,20260912,0.48314566355901645,0.48314566355901645,0,1
annual_state_offset_half,3602,2025-11-28,2025-12-08,0.0118853804313106,2025,2025-09-30,learned_vol_interaction,20260912,0.45026867731911974,0.45026867731911974,0,1
annual_state_offset_half,3607,2025-12-05,2025-12-15,-0.0093922675990717,2025,2025-09-30,learned_vol_interaction,20260912,0.44196256199360445,0.44196256199360445,0,0
annual_state_offset_half,3612,2025-12-12,2025-12-22,0.0082791208791208,2025,2025-09-30,learned_vol_interaction,20260912,0.6496066223014971,0.6496066223014971,1,1
annual_state_offset_half,3617,2025-12-19,2025-12-29,0.0153890755001995,2025,2025-09-30,learned_vol_interaction,20260912,0.6569803286263133,0.6569803286263133,1,1
annual_state_offset_half,3622,2025-12-26,2026-01-12,0.0239101640737868,2025,2025-09-30,learned_vol_interaction,20260912,0.5669067507280923,0.5669067507280923,1,1
annual_state_offset,3567,2025-10-10,2025-10-20,0.015001547584321,2025,2025-09-30,learned_order_extension,20260912,0.3618256973057808,0.3618256973057808,0,1
annual_state_offset,3572,2025-10-17,2025-10-27,0.0309637052897611,2025,2025-09-30,learned_order_extension,20260912,0.312619869218582,0.312619869218582,0,1
annual_state_offset,3577,2025-10-24,2025-11-03,-0.013331545863497,2025,2025-09-30,learned_order_extension,20260912,0.40985370086401507,0.40985370086401507,0,0
annual_state_offset,3582,2025-10-31,2025-11-10,0.0110832418536339,2025,2025-09-30,learned_order_extension,20260912,0.3627331529148393,0.3627331529148393,0,1
annual_state_offset,3587,2025-11-07,2025-11-17,-0.0152107881197579,2025,2025-09-30,learned_order_extension,20260912,0.718885721140873,0.718885721140873,1,0
annual_state_offset,3592,2025-11-14,2025-11-24,-0.031114557454173,2025,2025-09-30,learned_order_extension,20260912,0.3703649858801111,0.3703649858801111,0,0
annual_state_offset,3597,2025-11-21,2025-12-01,0.0147613767448515,2025,2025-09-30,learned_order_extension,20260912,0.5182169356345201,0.5182169356345201,1,1
annual_state_offset,3602,2025-11-28,2025-12-08,0.0118853804313106,2025,2025-09-30,learned_order_extension,20260912,0.4979206508077358,0.4979206508077358,0,1
annual_state_offset,3607,2025-12-05,2025-12-15,-0.0093922675990717,2025,2025-09-30,learned_order_extension,20260912,0.49241791433633086,0.49241791433633086,0,0
annual_state_offset,3612,2025-12-12,2025-12-22,0.0082791208791208,2025,2025-09-30,learned_order_extension,20260912,0.7445031519345321,0.7445031519345321,1,1
annual_state_offset,3617,2025-12-19,2025-12-29,0.0153890755001995,2025,2025-09-30,learned_order_extension,20260912,0.7541060415631038,0.7541060415631038,1,1
annual_state_offset,3622,2025-12-26,2026-01-12,0.0239101640737868,2025,2025-09-30,learned_order_extension,20260912,0.6259863221677233,0.6259863221677233,1,1
annual_shared_offset,3567,2025-10-10,2025-10-20,0.015001547584321,2025,2025-09-30,learned_order_extension,20260912,0.3618256973057808,0.3618256973057808,0,1
annual_shared_offset,3572,2025-10-17,2025-10-27,0.0309637052897611,2025,2025-09-30,learned_order_extension,20260912,0.312619869218582,0.312619869218582,0,1
annual_shared_offset,3577,2025-10-24,2025-11-03,-0.013331545863497,2025,2025-09-30,learned_order_extension,20260912,0.40985370086401507,0.40985370086401507,0,0
annual_shared_offset,3582,2025-10-31,2025-11-10,0.0110832418536339,2025,2025-09-30,learned_order_extension,20260912,0.3627331529148393,0.3627331529148393,0,1
annual_shared_offset,3587,2025-11-07,2025-11-17,-0.0152107881197579,2025,2025-09-30,learned_order_extension,20260912,0.718885721140873,0.718885721140873,1,0
annual_shared_offset,3592,2025-11-14,2025-11-24,-0.031114557454173,2025,2025-09-30,learned_order_extension,20260912,0.36360214292109394,0.36360214292109394,0,0
annual_shared_offset,3597,2025-11-21,2025-12-01,0.0147613767448515,2025,2025-09-30,learned_order_extension,20260912,0.5182169356345201,0.5182169356345201,1,1
annual_shared_offset,3602,2025-11-28,2025-12-08,0.0118853804313106,2025,2025-09-30,learned_order_extension,20260912,0.4906436480891607,0.4906436480891607,0,1
annual_shared_offset,3607,2025-12-05,2025-12-15,-0.0093922675990717,2025,2025-09-30,learned_order_extension,20260912,0.4851436243226069,0.4851436243226069,0,0
annual_shared_offset,3612,2025-12-12,2025-12-22,0.0082791208791208,2025,2025-09-30,learned_order_extension,20260912,0.738926152737009,0.738926152737009,1,1
annual_shared_offset,3617,2025-12-19,2025-12-29,0.0153890755001995,2025,2025-09-30,learned_order_extension,20260912,0.7486678930427566,0.7486678930427566,1,1
annual_shared_offset,3622,2025-12-26,2026-01-12,0.0239101640737868,2025,2025-09-30,learned_order_extension,20260912,0.6191457196318151,0.6191457196318151,1,1
annual_state_offset_half,3567,2025-10-10,2025-10-20,0.015001547584321,2025,2025-09-30,learned_order_extension,20260912,0.3618256973057808,0.3618256973057808,0,1
annual_state_offset_half,3572,2025-10-17,2025-10-27,0.0309637052897611,2025,2025-09-30,learned_order_extension,20260912,0.312619869218582,0.312619869218582,0,1
annual_state_offset_half,3577,2025-10-24,2025-11-03,-0.013331545863497,2025,2025-09-30,learned_order_extension,20260912,0.40985370086401507,0.40985370086401507,0,0
annual_state_offset_half,3582,2025-10-31,2025-11-10,0.0110832418536339,2025,2025-09-30,learned_order_extension,20260912,0.3627331529148393,0.3627331529148393,0,1
annual_state_offset_half,3587,2025-11-07,2025-11-17,-0.0152107881197579,2025,2025-09-30,learned_order_extension,20260912,0.718885721140873,0.718885721140873,1,0
annual_state_offset_half,3592,2025-11-14,2025-11-24,-0.031114557454173,2025,2025-09-30,learned_order_extension,20260912,0.3379503152291017,0.3379503152291017,0,0
annual_state_offset_half,3597,2025-11-21,2025-12-01,0.0147613767448515,2025,2025-09-30,learned_order_extension,20260912,0.5182169356345201,0.5182169356345201,1,1
annual_state_offset_half,3602,2025-11-28,2025-12-08,0.0118853804313106,2025,2025-09-30,learned_order_extension,20260912,0.46254335058174156,0.46254335058174156,0,1
annual_state_offset_half,3607,2025-12-05,2025-12-15,-0.0093922675990717,2025,2025-09-30,learned_order_extension,20260912,0.4570756585431241,0.4570756585431241,0,0
annual_state_offset_half,3612,2025-12-12,2025-12-22,0.0082791208791208,2025,2025-09-30,learned_order_extension,20260912,0.7166118109700942,0.7166118109700942,1,1
annual_state_offset_half,3617,2025-12-19,2025-12-29,0.0153890755001995,2025,2025-09-30,learned_order_extension,20260912,0.7268784312213715,0.7268784312213715,1,1
annual_state_offset_half,3622,2025-12-26,2026-01-12,0.0239101640737868,2025,2025-09-30,learned_order_extension,20260912,0.592243039039731,0.592243039039731,1,1
annual_state_offset,3567,2025-10-10,2025-10-20,0.015001547584321,2025,2025-09-30,learned_order_offset,20260912,0.3626841037082148,0.3626841037082148,0,1
annual_state_offset,3572,2025-10-17,2025-10-27,0.0309637052897611,2025,2025-09-30,learned_order_offset,20260912,0.3155072074467302,0.3155072074467302,0,1
annual_state_offset,3577,2025-10-24,2025-11-03,-0.013331545863497,2025,2025-09-30,learned_order_offset,20260912,0.41018847226300936,0.41018847226300936,0,0
annual_state_offset,3582,2025-10-31,2025-11-10,0.0110832418536339,2025,2025-09-30,learned_order_offset,20260912,0.36389960460436116,0.36389960460436116,0,1
annual_state_offset,3587,2025-11-07,2025-11-17,-0.0152107881197579,2025,2025-09-30,learned_order_offset,20260912,0.7158905437459984,0.7158905437459984,1,0
annual_state_offset,3592,2025-11-14,2025-11-24,-0.031114557454173,2025,2025-09-30,learned_order_offset,20260912,0.37211871075650454,0.37211871075650454,0,0
annual_state_offset,3597,2025-11-21,2025-12-01,0.0147613767448515,2025,2025-09-30,learned_order_offset,20260912,0.5191415404011084,0.5191415404011084,1,1
annual_state_offset,3602,2025-11-28,2025-12-08,0.0118853804313106,2025,2025-09-30,learned_order_offset,20260912,0.49873667015730255,0.49873667015730255,0,1
annual_state_offset,3607,2025-12-05,2025-12-15,-0.0093922675990717,2025,2025-09-30,learned_order_offset,20260912,0.49298022726248597,0.49298022726248597,0,0
annual_state_offset,3612,2025-12-12,2025-12-22,0.0082791208791208,2025,2025-09-30,learned_order_offset,20260912,0.7426066476605067,0.7426066476605067,1,1
annual_state_offset,3617,2025-12-19,2025-12-29,0.0153890755001995,2025,2025-09-30,learned_order_offset,20260912,0.7512574350981077,0.7512574350981077,1,1
annual_state_offset,3622,2025-12-26,2026-01-12,0.0239101640737868,2025,2025-09-30,learned_order_offset,20260912,0.6261547126039834,0.6261547126039834,1,1
annual_shared_offset,3567,2025-10-10,2025-10-20,0.015001547584321,2025,2025-09-30,learned_order_offset,20260912,0.3626841037082148,0.3626841037082148,0,1
annual_shared_offset,3572,2025-10-17,2025-10-27,0.0309637052897611,2025,2025-09-30,learned_order_offset,20260912,0.3155072074467302,0.3155072074467302,0,1
annual_shared_offset,3577,2025-10-24,2025-11-03,-0.013331545863497,2025,2025-09-30,learned_order_offset,20260912,0.41018847226300936,0.41018847226300936,0,0
annual_shared_offset,3582,2025-10-31,2025-11-10,0.0110832418536339,2025,2025-09-30,learned_order_offset,20260912,0.36389960460436116,0.36389960460436116,0,1
annual_shared_offset,3587,2025-11-07,2025-11-17,-0.0152107881197579,2025,2025-09-30,learned_order_offset,20260912,0.7158905437459984,0.7158905437459984,1,0
annual_shared_offset,3592,2025-11-14,2025-11-24,-0.031114557454173,2025,2025-09-30,learned_order_offset,20260912,0.3647224105799514,0.3647224105799514,0,0
annual_shared_offset,3597,2025-11-21,2025-12-01,0.0147613767448515,2025,2025-09-30,learned_order_offset,20260912,0.5191415404011084,0.5191415404011084,1,1
annual_shared_offset,3602,2025-11-28,2025-12-08,0.0118853804313106,2025,2025-09-30,learned_order_offset,20260912,0.4907908824333184,0.4907908824333184,0,1
annual_shared_offset,3607,2025-12-05,2025-12-15,-0.0093922675990717,2025,2025-09-30,learned_order_offset,20260912,0.4850374082178889,0.4850374082178889,0,0
annual_shared_offset,3612,2025-12-12,2025-12-22,0.0082791208791208,2025,2025-09-30,learned_order_offset,20260912,0.7364840571526463,0.7364840571526463,1,1
annual_shared_offset,3617,2025-12-19,2025-12-29,0.0153890755001995,2025,2025-09-30,learned_order_offset,20260912,0.7452700346492895,0.7452700346492895,1,1
annual_shared_offset,3622,2025-12-26,2026-01-12,0.0239101640737868,2025,2025-09-30,learned_order_offset,20260912,0.618684453744768,0.618684453744768,1,1
annual_state_offset_half,3567,2025-10-10,2025-10-20,0.015001547584321,2025,2025-09-30,learned_order_offset,20260912,0.3626841037082148,0.3626841037082148,0,1
annual_state_offset_half,3572,2025-10-17,2025-10-27,0.0309637052897611,2025,2025-09-30,learned_order_offset,20260912,0.3155072074467302,0.3155072074467302,0,1
annual_state_offset_half,3577,2025-10-24,2025-11-03,-0.013331545863497,2025,2025-09-30,learned_order_offset,20260912,0.41018847226300936,0.41018847226300936,0,0
annual_state_offset_half,3582,2025-10-31,2025-11-10,0.0110832418536339,2025,2025-09-30,learned_order_offset,20260912,0.36389960460436116,0.36389960460436116,0,1
annual_state_offset_half,3587,2025-11-07,2025-11-17,-0.0152107881197579,2025,2025-09-30,learned_order_offset,20260912,0.7158905437459984,0.7158905437459984,1,0
annual_state_offset_half,3592,2025-11-14,2025-11-24,-0.031114557454173,2025,2025-09-30,learned_order_offset,20260912,0.3391703236150219,0.3391703236150219,0,0
annual_state_offset_half,3597,2025-11-21,2025-12-01,0.0147613767448515,2025,2025-09-30,learned_order_offset,20260912,0.5191415404011084,0.5191415404011084,1,1
annual_state_offset_half,3602,2025-11-28,2025-12-08,0.0118853804313106,2025,2025-09-30,learned_order_offset,20260912,0.4628414245321405,0.4628414245321405,0,1
annual_state_offset_half,3607,2025-12-05,2025-12-15,-0.0093922675990717,2025,2025-09-30,learned_order_offset,20260912,0.45712146581505714,0.45712146581505714,0,0
annual_state_offset_half,3612,2025-12-12,2025-12-22,0.0082791208791208,2025,2025-09-30,learned_order_offset,20260912,0.7141662652798665,0.7141662652798665,1,1
annual_state_offset_half,3617,2025-12-19,2025-12-29,0.0153890755001995,2025,2025-09-30,learned_order_offset,20260912,0.7234169028754368,0.7234169028754368,1,1
annual_state_offset_half,3622,2025-12-26,2026-01-12,0.0239101640737868,2025,2025-09-30,learned_order_offset,20260912,0.5919179870903515,0.5919179870903515,1,1
annual_state_offset,3630,2026-01-09,2026-01-19,-0.0103697336282536,2026,2025-12-31,learned_market,20260910,0.5209270458842004,0.5209270458842004,1,0
annual_state_offset,3635,2026-01-16,2026-01-26,-0.0010190267764643,2026,2025-12-31,learned_market,20260910,0.5197139065453521,0.5197139065453521,1,0
annual_state_offset,3640,2026-01-23,2026-02-02,-0.0087161586128796,2026,2025-12-31,learned_market,20260910,0.2755814653004309,0.2755814653004309,0,0
annual_state_offset,3645,2026-01-30,2026-02-09,0.0041482324550519,2026,2025-12-31,learned_market,20260910,0.41561123934774186,0.41561123934774186,0,1
annual_state_offset,3650,2026-02-06,2026-02-24,0.0071649689901505,2026,2025-12-31,learned_market,20260910,0.5571228245636697,0.5571228245636697,1,1
annual_state_offset,3655,2026-02-13,2026-03-02,-0.0097920588919678,2026,2025-12-31,learned_market,20260910,0.4304939364707622,0.4304939364707622,0,0
annual_state_offset,3659,2026-02-27,2026-03-09,-0.0172526869201304,2026,2025-12-31,learned_market,20260910,0.5160143853208942,0.5160143853208942,1,0
annual_state_offset,3664,2026-03-06,2026-03-16,0.0149926634422041,2026,2025-12-31,learned_market,20260910,0.4236869357819852,0.4236869357819852,0,1
annual_state_offset,3669,2026-03-13,2026-03-23,-0.0364343509194254,2026,2025-12-31,learned_market,20260910,0.40086366037455606,0.40086366037455606,0,0
annual_state_offset,3674,2026-03-20,2026-03-30,-0.0083038829988221,2026,2025-12-31,learned_market,20260910,0.43855196230093557,0.43855196230093557,0,0
annual_state_offset,3679,2026-03-27,2026-04-07,-0.0035591495694504,2026,2025-12-31,learned_market,20260910,0.5651756750942187,0.5651756750942187,1,0
annual_shared_offset,3630,2026-01-09,2026-01-19,-0.0103697336282536,2026,2025-12-31,learned_market,20260910,0.5209270458842004,0.5209270458842004,1,0
annual_shared_offset,3635,2026-01-16,2026-01-26,-0.0010190267764643,2026,2025-12-31,learned_market,20260910,0.5197139065453521,0.5197139065453521,1,0
annual_shared_offset,3640,2026-01-23,2026-02-02,-0.0087161586128796,2026,2025-12-31,learned_market,20260910,0.2755814653004309,0.2755814653004309,0,0
annual_shared_offset,3645,2026-01-30,2026-02-09,0.0041482324550519,2026,2025-12-31,learned_market,20260910,0.41561123934774186,0.41561123934774186,0,1
annual_shared_offset,3650,2026-02-06,2026-02-24,0.0071649689901505,2026,2025-12-31,learned_market,20260910,0.5571228245636697,0.5571228245636697,1,1
annual_shared_offset,3655,2026-02-13,2026-03-02,-0.0097920588919678,2026,2025-12-31,learned_market,20260910,0.4304939364707622,0.4304939364707622,0,0
annual_shared_offset,3659,2026-02-27,2026-03-09,-0.0172526869201304,2026,2025-12-31,learned_market,20260910,0.5160143853208942,0.5160143853208942,1,0
annual_shared_offset,3664,2026-03-06,2026-03-16,0.0149926634422041,2026,2025-12-31,learned_market,20260910,0.4236869357819852,0.4236869357819852,0,1
annual_shared_offset,3669,2026-03-13,2026-03-23,-0.0364343509194254,2026,2025-12-31,learned_market,20260910,0.40086366037455606,0.40086366037455606,0,0
annual_shared_offset,3674,2026-03-20,2026-03-30,-0.0083038829988221,2026,2025-12-31,learned_market,20260910,0.43855196230093557,0.43855196230093557,0,0
annual_shared_offset,3679,2026-03-27,2026-04-07,-0.0035591495694504,2026,2025-12-31,learned_market,20260910,0.5651756750942187,0.5651756750942187,1,0
annual_state_offset_half,3630,2026-01-09,2026-01-19,-0.0103697336282536,2026,2025-12-31,learned_market,20260910,0.5209270458842004,0.5209270458842004,1,0
annual_state_offset_half,3635,2026-01-16,2026-01-26,-0.0010190267764643,2026,2025-12-31,learned_market,20260910,0.5197139065453521,0.5197139065453521,1,0
annual_state_offset_half,3640,2026-01-23,2026-02-02,-0.0087161586128796,2026,2025-12-31,learned_market,20260910,0.2755814653004309,0.2755814653004309,0,0
annual_state_offset_half,3645,2026-01-30,2026-02-09,0.0041482324550519,2026,2025-12-31,learned_market,20260910,0.41561123934774186,0.41561123934774186,0,1
annual_state_offset_half,3650,2026-02-06,2026-02-24,0.0071649689901505,2026,2025-12-31,learned_market,20260910,0.5571228245636697,0.5571228245636697,1,1
annual_state_offset_half,3655,2026-02-13,2026-03-02,-0.0097920588919678,2026,2025-12-31,learned_market,20260910,0.4304939364707622,0.4304939364707622,0,0
annual_state_offset_half,3659,2026-02-27,2026-03-09,-0.0172526869201304,2026,2025-12-31,learned_market,20260910,0.5160143853208942,0.5160143853208942,1,0
annual_state_offset_half,3664,2026-03-06,2026-03-16,0.0149926634422041,2026,2025-12-31,learned_market,20260910,0.4236869357819852,0.4236869357819852,0,1
annual_state_offset_half,3669,2026-03-13,2026-03-23,-0.0364343509194254,2026,2025-12-31,learned_market,20260910,0.40086366037455606,0.40086366037455606,0,0
annual_state_offset_half,3674,2026-03-20,2026-03-30,-0.0083038829988221,2026,2025-12-31,learned_market,20260910,0.43855196230093557,0.43855196230093557,0,0
annual_state_offset_half,3679,2026-03-27,2026-04-07,-0.0035591495694504,2026,2025-12-31,learned_market,20260910,0.5651756750942187,0.5651756750942187,1,0
annual_state_offset,3630,2026-01-09,2026-01-19,-0.0103697336282536,2026,2025-12-31,learned_vol_interaction,20260910,0.5249822005515526,0.5249822005515526,1,0
annual_state_offset,3635,2026-01-16,2026-01-26,-0.0010190267764643,2026,2025-12-31,learned_vol_interaction,20260910,0.5217999415123397,0.5217999415123397,1,0
annual_state_offset,3640,2026-01-23,2026-02-02,-0.0087161586128796,2026,2025-12-31,learned_vol_interaction,20260910,0.2703686171181188,0.2703686171181188,0,0
annual_state_offset,3645,2026-01-30,2026-02-09,0.0041482324550519,2026,2025-12-31,learned_vol_interaction,20260910,0.4125281641526105,0.4125281641526105,0,1
annual_state_offset,3650,2026-02-06,2026-02-24,0.0071649689901505,2026,2025-12-31,learned_vol_interaction,20260910,0.5560675092745206,0.5560675092745206,1,1
annual_state_offset,3655,2026-02-13,2026-03-02,-0.0097920588919678,2026,2025-12-31,learned_vol_interaction,20260910,0.4244643603856174,0.4244643603856174,0,0
annual_state_offset,3659,2026-02-27,2026-03-09,-0.0172526869201304,2026,2025-12-31,learned_vol_interaction,20260910,0.5169468531475478,0.5169468531475478,1,0
annual_state_offset,3664,2026-03-06,2026-03-16,0.0149926634422041,2026,2025-12-31,learned_vol_interaction,20260910,0.42392001130005047,0.42392001130005047,0,1
annual_state_offset,3669,2026-03-13,2026-03-23,-0.0364343509194254,2026,2025-12-31,learned_vol_interaction,20260910,0.3996582436829412,0.3996582436829412,0,0
annual_state_offset,3674,2026-03-20,2026-03-30,-0.0083038829988221,2026,2025-12-31,learned_vol_interaction,20260910,0.4401239045442557,0.4401239045442557,0,0
annual_state_offset,3679,2026-03-27,2026-04-07,-0.0035591495694504,2026,2025-12-31,learned_vol_interaction,20260910,0.5634266232389387,0.5634266232389387,1,0
annual_shared_offset,3630,2026-01-09,2026-01-19,-0.0103697336282536,2026,2025-12-31,learned_vol_interaction,20260910,0.5249822005515526,0.5249822005515526,1,0
annual_shared_offset,3635,2026-01-16,2026-01-26,-0.0010190267764643,2026,2025-12-31,learned_vol_interaction,20260910,0.5217999415123397,0.5217999415123397,1,0
annual_shared_offset,3640,2026-01-23,2026-02-02,-0.0087161586128796,2026,2025-12-31,learned_vol_interaction,20260910,0.2703686171181188,0.2703686171181188,0,0
annual_shared_offset,3645,2026-01-30,2026-02-09,0.0041482324550519,2026,2025-12-31,learned_vol_interaction,20260910,0.4125281641526105,0.4125281641526105,0,1
annual_shared_offset,3650,2026-02-06,2026-02-24,0.0071649689901505,2026,2025-12-31,learned_vol_interaction,20260910,0.5560675092745206,0.5560675092745206,1,1
annual_shared_offset,3655,2026-02-13,2026-03-02,-0.0097920588919678,2026,2025-12-31,learned_vol_interaction,20260910,0.4244643603856174,0.4244643603856174,0,0
annual_shared_offset,3659,2026-02-27,2026-03-09,-0.0172526869201304,2026,2025-12-31,learned_vol_interaction,20260910,0.5169468531475478,0.5169468531475478,1,0
annual_shared_offset,3664,2026-03-06,2026-03-16,0.0149926634422041,2026,2025-12-31,learned_vol_interaction,20260910,0.42392001130005047,0.42392001130005047,0,1
annual_shared_offset,3669,2026-03-13,2026-03-23,-0.0364343509194254,2026,2025-12-31,learned_vol_interaction,20260910,0.3996582436829412,0.3996582436829412,0,0
annual_shared_offset,3674,2026-03-20,2026-03-30,-0.0083038829988221,2026,2025-12-31,learned_vol_interaction,20260910,0.4401239045442557,0.4401239045442557,0,0
annual_shared_offset,3679,2026-03-27,2026-04-07,-0.0035591495694504,2026,2025-12-31,learned_vol_interaction,20260910,0.5634266232389387,0.5634266232389387,1,0
annual_state_offset_half,3630,2026-01-09,2026-01-19,-0.0103697336282536,2026,2025-12-31,learned_vol_interaction,20260910,0.5249822005515526,0.5249822005515526,1,0
annual_state_offset_half,3635,2026-01-16,2026-01-26,-0.0010190267764643,2026,2025-12-31,learned_vol_interaction,20260910,0.5217999415123397,0.5217999415123397,1,0
annual_state_offset_half,3640,2026-01-23,2026-02-02,-0.0087161586128796,2026,2025-12-31,learned_vol_interaction,20260910,0.2703686171181188,0.2703686171181188,0,0
annual_state_offset_half,3645,2026-01-30,2026-02-09,0.0041482324550519,2026,2025-12-31,learned_vol_interaction,20260910,0.4125281641526105,0.4125281641526105,0,1
annual_state_offset_half,3650,2026-02-06,2026-02-24,0.0071649689901505,2026,2025-12-31,learned_vol_interaction,20260910,0.5560675092745206,0.5560675092745206,1,1
annual_state_offset_half,3655,2026-02-13,2026-03-02,-0.0097920588919678,2026,2025-12-31,learned_vol_interaction,20260910,0.4244643603856174,0.4244643603856174,0,0
annual_state_offset_half,3659,2026-02-27,2026-03-09,-0.0172526869201304,2026,2025-12-31,learned_vol_interaction,20260910,0.5169468531475478,0.5169468531475478,1,0
annual_state_offset_half,3664,2026-03-06,2026-03-16,0.0149926634422041,2026,2025-12-31,learned_vol_interaction,20260910,0.42392001130005047,0.42392001130005047,0,1
annual_state_offset_half,3669,2026-03-13,2026-03-23,-0.0364343509194254,2026,2025-12-31,learned_vol_interaction,20260910,0.3996582436829412,0.3996582436829412,0,0
annual_state_offset_half,3674,2026-03-20,2026-03-30,-0.0083038829988221,2026,2025-12-31,learned_vol_interaction,20260910,0.4401239045442557,0.4401239045442557,0,0
annual_state_offset_half,3679,2026-03-27,2026-04-07,-0.0035591495694504,2026,2025-12-31,learned_vol_interaction,20260910,0.5634266232389387,0.5634266232389387,1,0
annual_state_offset,3630,2026-01-09,2026-01-19,-0.0103697336282536,2026,2025-12-31,learned_order_extension,20260910,0.5118603699776423,0.5118603699776423,1,0
annual_state_offset,3635,2026-01-16,2026-01-26,-0.0010190267764643,2026,2025-12-31,learned_order_extension,20260910,0.5121161981098539,0.5121161981098539,1,0
annual_state_offset,3640,2026-01-23,2026-02-02,-0.0087161586128796,2026,2025-12-31,learned_order_extension,20260910,0.2938325386236829,0.2938325386236829,0,0
annual_state_offset,3645,2026-01-30,2026-02-09,0.0041482324550519,2026,2025-12-31,learned_order_extension,20260910,0.43621861720931454,0.43621861720931454,0,1
annual_state_offset,3650,2026-02-06,2026-02-24,0.0071649689901505,2026,2025-12-31,learned_order_extension,20260910,0.5517322930511716,0.5517322930511716,1,1
annual_state_offset,3655,2026-02-13,2026-03-02,-0.0097920588919678,2026,2025-12-31,learned_order_extension,20260910,0.4214021419664105,0.4214021419664105,0,0
annual_state_offset,3659,2026-02-27,2026-03-09,-0.0172526869201304,2026,2025-12-31,learned_order_extension,20260910,0.5148692090014166,0.5148692090014166,1,0
annual_state_offset,3664,2026-03-06,2026-03-16,0.0149926634422041,2026,2025-12-31,learned_order_extension,20260910,0.43198850893548346,0.43198850893548346,0,1
annual_state_offset,3669,2026-03-13,2026-03-23,-0.0364343509194254,2026,2025-12-31,learned_order_extension,20260910,0.42629911883001154,0.42629911883001154,0,0
annual_state_offset,3674,2026-03-20,2026-03-30,-0.0083038829988221,2026,2025-12-31,learned_order_extension,20260910,0.4749564207401761,0.4749564207401761,0,0
annual_state_offset,3679,2026-03-27,2026-04-07,-0.0035591495694504,2026,2025-12-31,learned_order_extension,20260910,0.5307522668879032,0.5307522668879032,1,0
annual_shared_offset,3630,2026-01-09,2026-01-19,-0.0103697336282536,2026,2025-12-31,learned_order_extension,20260910,0.5118603699776423,0.5118603699776423,1,0
annual_shared_offset,3635,2026-01-16,2026-01-26,-0.0010190267764643,2026,2025-12-31,learned_order_extension,20260910,0.5121161981098539,0.5121161981098539,1,0
annual_shared_offset,3640,2026-01-23,2026-02-02,-0.0087161586128796,2026,2025-12-31,learned_order_extension,20260910,0.2938325386236829,0.2938325386236829,0,0
annual_shared_offset,3645,2026-01-30,2026-02-09,0.0041482324550519,2026,2025-12-31,learned_order_extension,20260910,0.43621861720931454,0.43621861720931454,0,1
annual_shared_offset,3650,2026-02-06,2026-02-24,0.0071649689901505,2026,2025-12-31,learned_order_extension,20260910,0.5517322930511716,0.5517322930511716,1,1
annual_shared_offset,3655,2026-02-13,2026-03-02,-0.0097920588919678,2026,2025-12-31,learned_order_extension,20260910,0.4214021419664105,0.4214021419664105,0,0
annual_shared_offset,3659,2026-02-27,2026-03-09,-0.0172526869201304,2026,2025-12-31,learned_order_extension,20260910,0.5148692090014166,0.5148692090014166,1,0
annual_shared_offset,3664,2026-03-06,2026-03-16,0.0149926634422041,2026,2025-12-31,learned_order_extension,20260910,0.43198850893548346,0.43198850893548346,0,1
annual_shared_offset,3669,2026-03-13,2026-03-23,-0.0364343509194254,2026,2025-12-31,learned_order_extension,20260910,0.42629911883001154,0.42629911883001154,0,0
annual_shared_offset,3674,2026-03-20,2026-03-30,-0.0083038829988221,2026,2025-12-31,learned_order_extension,20260910,0.4749564207401761,0.4749564207401761,0,0
annual_shared_offset,3679,2026-03-27,2026-04-07,-0.0035591495694504,2026,2025-12-31,learned_order_extension,20260910,0.5307522668879032,0.5307522668879032,1,0
annual_state_offset_half,3630,2026-01-09,2026-01-19,-0.0103697336282536,2026,2025-12-31,learned_order_extension,20260910,0.5118603699776423,0.5118603699776423,1,0
annual_state_offset_half,3635,2026-01-16,2026-01-26,-0.0010190267764643,2026,2025-12-31,learned_order_extension,20260910,0.5121161981098539,0.5121161981098539,1,0
annual_state_offset_half,3640,2026-01-23,2026-02-02,-0.0087161586128796,2026,2025-12-31,learned_order_extension,20260910,0.2938325386236829,0.2938325386236829,0,0
annual_state_offset_half,3645,2026-01-30,2026-02-09,0.0041482324550519,2026,2025-12-31,learned_order_extension,20260910,0.43621861720931454,0.43621861720931454,0,1
annual_state_offset_half,3650,2026-02-06,2026-02-24,0.0071649689901505,2026,2025-12-31,learned_order_extension,20260910,0.5517322930511716,0.5517322930511716,1,1
annual_state_offset_half,3655,2026-02-13,2026-03-02,-0.0097920588919678,2026,2025-12-31,learned_order_extension,20260910,0.4214021419664105,0.4214021419664105,0,0
annual_state_offset_half,3659,2026-02-27,2026-03-09,-0.0172526869201304,2026,2025-12-31,learned_order_extension,20260910,0.5148692090014166,0.5148692090014166,1,0
annual_state_offset_half,3664,2026-03-06,2026-03-16,0.0149926634422041,2026,2025-12-31,learned_order_extension,20260910,0.43198850893548346,0.43198850893548346,0,1
annual_state_offset_half,3669,2026-03-13,2026-03-23,-0.0364343509194254,2026,2025-12-31,learned_order_extension,20260910,0.42629911883001154,0.42629911883001154,0,0
annual_state_offset_half,3674,2026-03-20,2026-03-30,-0.0083038829988221,2026,2025-12-31,learned_order_extension,20260910,0.4749564207401761,0.4749564207401761,0,0
annual_state_offset_half,3679,2026-03-27,2026-04-07,-0.0035591495694504,2026,2025-12-31,learned_order_extension,20260910,0.5307522668879032,0.5307522668879032,1,0
annual_state_offset,3630,2026-01-09,2026-01-19,-0.0103697336282536,2026,2025-12-31,learned_order_offset,20260910,0.5108025931769093,0.5108025931769093,1,0
annual_state_offset,3635,2026-01-16,2026-01-26,-0.0010190267764643,2026,2025-12-31,learned_order_offset,20260910,0.5113982623384066,0.5113982623384066,1,0
annual_state_offset,3640,2026-01-23,2026-02-02,-0.0087161586128796,2026,2025-12-31,learned_order_offset,20260910,0.2944555803643879,0.2944555803643879,0,0
annual_state_offset,3645,2026-01-30,2026-02-09,0.0041482324550519,2026,2025-12-31,learned_order_offset,20260910,0.43663121014690576,0.43663121014690576,0,1
annual_state_offset,3650,2026-02-06,2026-02-24,0.0071649689901505,2026,2025-12-31,learned_order_offset,20260910,0.5521384139661094,0.5521384139661094,1,1
annual_state_offset,3655,2026-02-13,2026-03-02,-0.0097920588919678,2026,2025-12-31,learned_order_offset,20260910,0.42280069136931375,0.42280069136931375,0,0
annual_state_offset,3659,2026-02-27,2026-03-09,-0.0172526869201304,2026,2025-12-31,learned_order_offset,20260910,0.5153156845902671,0.5153156845902671,1,0
annual_state_offset,3664,2026-03-06,2026-03-16,0.0149926634422041,2026,2025-12-31,learned_order_offset,20260910,0.43177972341367155,0.43177972341367155,0,1
annual_state_offset,3669,2026-03-13,2026-03-23,-0.0364343509194254,2026,2025-12-31,learned_order_offset,20260910,0.4256062271162684,0.4256062271162684,0,0
annual_state_offset,3674,2026-03-20,2026-03-30,-0.0083038829988221,2026,2025-12-31,learned_order_offset,20260910,0.47357009046646403,0.47357009046646403,0,0
annual_state_offset,3679,2026-03-27,2026-04-07,-0.0035591495694504,2026,2025-12-31,learned_order_offset,20260910,0.5299745221118999,0.5299745221118999,1,0
annual_shared_offset,3630,2026-01-09,2026-01-19,-0.0103697336282536,2026,2025-12-31,learned_order_offset,20260910,0.5108025931769093,0.5108025931769093,1,0
annual_shared_offset,3635,2026-01-16,2026-01-26,-0.0010190267764643,2026,2025-12-31,learned_order_offset,20260910,0.5113982623384066,0.5113982623384066,1,0
annual_shared_offset,3640,2026-01-23,2026-02-02,-0.0087161586128796,2026,2025-12-31,learned_order_offset,20260910,0.2944555803643879,0.2944555803643879,0,0
annual_shared_offset,3645,2026-01-30,2026-02-09,0.0041482324550519,2026,2025-12-31,learned_order_offset,20260910,0.43663121014690576,0.43663121014690576,0,1
annual_shared_offset,3650,2026-02-06,2026-02-24,0.0071649689901505,2026,2025-12-31,learned_order_offset,20260910,0.5521384139661094,0.5521384139661094,1,1
annual_shared_offset,3655,2026-02-13,2026-03-02,-0.0097920588919678,2026,2025-12-31,learned_order_offset,20260910,0.42280069136931375,0.42280069136931375,0,0
annual_shared_offset,3659,2026-02-27,2026-03-09,-0.0172526869201304,2026,2025-12-31,learned_order_offset,20260910,0.5153156845902671,0.5153156845902671,1,0
annual_shared_offset,3664,2026-03-06,2026-03-16,0.0149926634422041,2026,2025-12-31,learned_order_offset,20260910,0.43177972341367155,0.43177972341367155,0,1
annual_shared_offset,3669,2026-03-13,2026-03-23,-0.0364343509194254,2026,2025-12-31,learned_order_offset,20260910,0.4256062271162684,0.4256062271162684,0,0
annual_shared_offset,3674,2026-03-20,2026-03-30,-0.0083038829988221,2026,2025-12-31,learned_order_offset,20260910,0.47357009046646403,0.47357009046646403,0,0
annual_shared_offset,3679,2026-03-27,2026-04-07,-0.0035591495694504,2026,2025-12-31,learned_order_offset,20260910,0.5299745221118999,0.5299745221118999,1,0
annual_state_offset_half,3630,2026-01-09,2026-01-19,-0.0103697336282536,2026,2025-12-31,learned_order_offset,20260910,0.5108025931769093,0.5108025931769093,1,0
annual_state_offset_half,3635,2026-01-16,2026-01-26,-0.0010190267764643,2026,2025-12-31,learned_order_offset,20260910,0.5113982623384066,0.5113982623384066,1,0
annual_state_offset_half,3640,2026-01-23,2026-02-02,-0.0087161586128796,2026,2025-12-31,learned_order_offset,20260910,0.2944555803643879,0.2944555803643879,0,0
annual_state_offset_half,3645,2026-01-30,2026-02-09,0.0041482324550519,2026,2025-12-31,learned_order_offset,20260910,0.43663121014690576,0.43663121014690576,0,1
annual_state_offset_half,3650,2026-02-06,2026-02-24,0.0071649689901505,2026,2025-12-31,learned_order_offset,20260910,0.5521384139661094,0.5521384139661094,1,1
annual_state_offset_half,3655,2026-02-13,2026-03-02,-0.0097920588919678,2026,2025-12-31,learned_order_offset,20260910,0.42280069136931375,0.42280069136931375,0,0
annual_state_offset_half,3659,2026-02-27,2026-03-09,-0.0172526869201304,2026,2025-12-31,learned_order_offset,20260910,0.5153156845902671,0.5153156845902671,1,0
annual_state_offset_half,3664,2026-03-06,2026-03-16,0.0149926634422041,2026,2025-12-31,learned_order_offset,20260910,0.43177972341367155,0.43177972341367155,0,1
annual_state_offset_half,3669,2026-03-13,2026-03-23,-0.0364343509194254,2026,2025-12-31,learned_order_offset,20260910,0.4256062271162684,0.4256062271162684,0,0
annual_state_offset_half,3674,2026-03-20,2026-03-30,-0.0083038829988221,2026,2025-12-31,learned_order_offset,20260910,0.47357009046646403,0.47357009046646403,0,0
annual_state_offset_half,3679,2026-03-27,2026-04-07,-0.0035591495694504,2026,2025-12-31,learned_order_offset,20260910,0.5299745221118999,0.5299745221118999,1,0
annual_state_offset,3630,2026-01-09,2026-01-19,-0.0103697336282536,2026,2025-12-31,learned_market,20260911,0.5413510609744506,0.5413510609744506,1,0
annual_state_offset,3635,2026-01-16,2026-01-26,-0.0010190267764643,2026,2025-12-31,learned_market,20260911,0.5314359715780813,0.5314359715780813,1,0
annual_state_offset,3640,2026-01-23,2026-02-02,-0.0087161586128796,2026,2025-12-31,learned_market,20260911,0.5322660389568398,0.5322660389568398,1,0
annual_state_offset,3645,2026-01-30,2026-02-09,0.0041482324550519,2026,2025-12-31,learned_market,20260911,0.45886324630014486,0.45886324630014486,0,1
annual_state_offset,3650,2026-02-06,2026-02-24,0.0071649689901505,2026,2025-12-31,learned_market,20260911,0.5329149888621901,0.5329149888621901,1,1
annual_state_offset,3655,2026-02-13,2026-03-02,-0.0097920588919678,2026,2025-12-31,learned_market,20260911,0.5096151640594386,0.5096151640594386,1,0
annual_state_offset,3659,2026-02-27,2026-03-09,-0.0172526869201304,2026,2025-12-31,learned_market,20260911,0.5369210179709557,0.5369210179709557,1,0
annual_state_offset,3664,2026-03-06,2026-03-16,0.0149926634422041,2026,2025-12-31,learned_market,20260911,0.6237121770434778,0.6237121770434778,1,1
annual_state_offset,3669,2026-03-13,2026-03-23,-0.0364343509194254,2026,2025-12-31,learned_market,20260911,0.45542191984179375,0.45542191984179375,0,0
annual_state_offset,3674,2026-03-20,2026-03-30,-0.0083038829988221,2026,2025-12-31,learned_market,20260911,0.46187353471109566,0.46187353471109566,0,0
annual_state_offset,3679,2026-03-27,2026-04-07,-0.0035591495694504,2026,2025-12-31,learned_market,20260911,0.4403313235638202,0.4403313235638202,0,0
annual_shared_offset,3630,2026-01-09,2026-01-19,-0.0103697336282536,2026,2025-12-31,learned_market,20260911,0.5413510609744506,0.5413510609744506,1,0
annual_shared_offset,3635,2026-01-16,2026-01-26,-0.0010190267764643,2026,2025-12-31,learned_market,20260911,0.5314359715780813,0.5314359715780813,1,0
annual_shared_offset,3640,2026-01-23,2026-02-02,-0.0087161586128796,2026,2025-12-31,learned_market,20260911,0.5322660389568398,0.5322660389568398,1,0
annual_shared_offset,3645,2026-01-30,2026-02-09,0.0041482324550519,2026,2025-12-31,learned_market,20260911,0.45886324630014486,0.45886324630014486,0,1
annual_shared_offset,3650,2026-02-06,2026-02-24,0.0071649689901505,2026,2025-12-31,learned_market,20260911,0.5329149888621901,0.5329149888621901,1,1
annual_shared_offset,3655,2026-02-13,2026-03-02,-0.0097920588919678,2026,2025-12-31,learned_market,20260911,0.5096151640594386,0.5096151640594386,1,0
annual_shared_offset,3659,2026-02-27,2026-03-09,-0.0172526869201304,2026,2025-12-31,learned_market,20260911,0.5369210179709557,0.5369210179709557,1,0
annual_shared_offset,3664,2026-03-06,2026-03-16,0.0149926634422041,2026,2025-12-31,learned_market,20260911,0.6237121770434778,0.6237121770434778,1,1
annual_shared_offset,3669,2026-03-13,2026-03-23,-0.0364343509194254,2026,2025-12-31,learned_market,20260911,0.45542191984179375,0.45542191984179375,0,0
annual_shared_offset,3674,2026-03-20,2026-03-30,-0.0083038829988221,2026,2025-12-31,learned_market,20260911,0.46187353471109566,0.46187353471109566,0,0
annual_shared_offset,3679,2026-03-27,2026-04-07,-0.0035591495694504,2026,2025-12-31,learned_market,20260911,0.4403313235638202,0.4403313235638202,0,0
annual_state_offset_half,3630,2026-01-09,2026-01-19,-0.0103697336282536,2026,2025-12-31,learned_market,20260911,0.5413510609744506,0.5413510609744506,1,0
annual_state_offset_half,3635,2026-01-16,2026-01-26,-0.0010190267764643,2026,2025-12-31,learned_market,20260911,0.5314359715780813,0.5314359715780813,1,0
annual_state_offset_half,3640,2026-01-23,2026-02-02,-0.0087161586128796,2026,2025-12-31,learned_market,20260911,0.5322660389568398,0.5322660389568398,1,0
annual_state_offset_half,3645,2026-01-30,2026-02-09,0.0041482324550519,2026,2025-12-31,learned_market,20260911,0.45886324630014486,0.45886324630014486,0,1
annual_state_offset_half,3650,2026-02-06,2026-02-24,0.0071649689901505,2026,2025-12-31,learned_market,20260911,0.5329149888621901,0.5329149888621901,1,1
annual_state_offset_half,3655,2026-02-13,2026-03-02,-0.0097920588919678,2026,2025-12-31,learned_market,20260911,0.5096151640594386,0.5096151640594386,1,0
annual_state_offset_half,3659,2026-02-27,2026-03-09,-0.0172526869201304,2026,2025-12-31,learned_market,20260911,0.5369210179709557,0.5369210179709557,1,0
annual_state_offset_half,3664,2026-03-06,2026-03-16,0.0149926634422041,2026,2025-12-31,learned_market,20260911,0.6237121770434778,0.6237121770434778,1,1
annual_state_offset_half,3669,2026-03-13,2026-03-23,-0.0364343509194254,2026,2025-12-31,learned_market,20260911,0.45542191984179375,0.45542191984179375,0,0
annual_state_offset_half,3674,2026-03-20,2026-03-30,-0.0083038829988221,2026,2025-12-31,learned_market,20260911,0.46187353471109566,0.46187353471109566,0,0
annual_state_offset_half,3679,2026-03-27,2026-04-07,-0.0035591495694504,2026,2025-12-31,learned_market,20260911,0.4403313235638202,0.4403313235638202,0,0
annual_state_offset,3630,2026-01-09,2026-01-19,-0.0103697336282536,2026,2025-12-31,learned_vol_interaction,20260911,0.5419308229071979,0.5419308229071979,1,0
annual_state_offset,3635,2026-01-16,2026-01-26,-0.0010190267764643,2026,2025-12-31,learned_vol_interaction,20260911,0.5357337652448725,0.5357337652448725,1,0
annual_state_offset,3640,2026-01-23,2026-02-02,-0.0087161586128796,2026,2025-12-31,learned_vol_interaction,20260911,0.5371665022159147,0.5371665022159147,1,0
annual_state_offset,3645,2026-01-30,2026-02-09,0.0041482324550519,2026,2025-12-31,learned_vol_interaction,20260911,0.4536669400564477,0.4536669400564477,0,1
annual_state_offset,3650,2026-02-06,2026-02-24,0.0071649689901505,2026,2025-12-31,learned_vol_interaction,20260911,0.535655258471591,0.535655258471591,1,1
annual_state_offset,3655,2026-02-13,2026-03-02,-0.0097920588919678,2026,2025-12-31,learned_vol_interaction,20260911,0.5053590625088199,0.5053590625088199,1,0
annual_state_offset,3659,2026-02-27,2026-03-09,-0.0172526869201304,2026,2025-12-31,learned_vol_interaction,20260911,0.5322976681186429,0.5322976681186429,1,0
annual_state_offset,3664,2026-03-06,2026-03-16,0.0149926634422041,2026,2025-12-31,learned_vol_interaction,20260911,0.6174856955773433,0.6174856955773433,1,1
annual_state_offset,3669,2026-03-13,2026-03-23,-0.0364343509194254,2026,2025-12-31,learned_vol_interaction,20260911,0.44896092371547813,0.44896092371547813,0,0
annual_state_offset,3674,2026-03-20,2026-03-30,-0.0083038829988221,2026,2025-12-31,learned_vol_interaction,20260911,0.45425867209133697,0.45425867209133697,0,0
annual_state_offset,3679,2026-03-27,2026-04-07,-0.0035591495694504,2026,2025-12-31,learned_vol_interaction,20260911,0.43340188452247674,0.43340188452247674,0,0
annual_shared_offset,3630,2026-01-09,2026-01-19,-0.0103697336282536,2026,2025-12-31,learned_vol_interaction,20260911,0.5419308229071979,0.5419308229071979,1,0
annual_shared_offset,3635,2026-01-16,2026-01-26,-0.0010190267764643,2026,2025-12-31,learned_vol_interaction,20260911,0.5357337652448725,0.5357337652448725,1,0
annual_shared_offset,3640,2026-01-23,2026-02-02,-0.0087161586128796,2026,2025-12-31,learned_vol_interaction,20260911,0.5371665022159147,0.5371665022159147,1,0
annual_shared_offset,3645,2026-01-30,2026-02-09,0.0041482324550519,2026,2025-12-31,learned_vol_interaction,20260911,0.4536669400564477,0.4536669400564477,0,1
annual_shared_offset,3650,2026-02-06,2026-02-24,0.0071649689901505,2026,2025-12-31,learned_vol_interaction,20260911,0.535655258471591,0.535655258471591,1,1
annual_shared_offset,3655,2026-02-13,2026-03-02,-0.0097920588919678,2026,2025-12-31,learned_vol_interaction,20260911,0.5053590625088199,0.5053590625088199,1,0
annual_shared_offset,3659,2026-02-27,2026-03-09,-0.0172526869201304,2026,2025-12-31,learned_vol_interaction,20260911,0.5322976681186429,0.5322976681186429,1,0
annual_shared_offset,3664,2026-03-06,2026-03-16,0.0149926634422041,2026,2025-12-31,learned_vol_interaction,20260911,0.6174856955773433,0.6174856955773433,1,1
annual_shared_offset,3669,2026-03-13,2026-03-23,-0.0364343509194254,2026,2025-12-31,learned_vol_interaction,20260911,0.44896092371547813,0.44896092371547813,0,0
annual_shared_offset,3674,2026-03-20,2026-03-30,-0.0083038829988221,2026,2025-12-31,learned_vol_interaction,20260911,0.45425867209133697,0.45425867209133697,0,0
annual_shared_offset,3679,2026-03-27,2026-04-07,-0.0035591495694504,2026,2025-12-31,learned_vol_interaction,20260911,0.43340188452247674,0.43340188452247674,0,0
annual_state_offset_half,3630,2026-01-09,2026-01-19,-0.0103697336282536,2026,2025-12-31,learned_vol_interaction,20260911,0.5419308229071979,0.5419308229071979,1,0
annual_state_offset_half,3635,2026-01-16,2026-01-26,-0.0010190267764643,2026,2025-12-31,learned_vol_interaction,20260911,0.5357337652448725,0.5357337652448725,1,0
annual_state_offset_half,3640,2026-01-23,2026-02-02,-0.0087161586128796,2026,2025-12-31,learned_vol_interaction,20260911,0.5371665022159147,0.5371665022159147,1,0
annual_state_offset_half,3645,2026-01-30,2026-02-09,0.0041482324550519,2026,2025-12-31,learned_vol_interaction,20260911,0.4536669400564477,0.4536669400564477,0,1
annual_state_offset_half,3650,2026-02-06,2026-02-24,0.0071649689901505,2026,2025-12-31,learned_vol_interaction,20260911,0.535655258471591,0.535655258471591,1,1
annual_state_offset_half,3655,2026-02-13,2026-03-02,-0.0097920588919678,2026,2025-12-31,learned_vol_interaction,20260911,0.5053590625088199,0.5053590625088199,1,0
annual_state_offset_half,3659,2026-02-27,2026-03-09,-0.0172526869201304,2026,2025-12-31,learned_vol_interaction,20260911,0.5322976681186429,0.5322976681186429,1,0
annual_state_offset_half,3664,2026-03-06,2026-03-16,0.0149926634422041,2026,2025-12-31,learned_vol_interaction,20260911,0.6174856955773433,0.6174856955773433,1,1
annual_state_offset_half,3669,2026-03-13,2026-03-23,-0.0364343509194254,2026,2025-12-31,learned_vol_interaction,20260911,0.44896092371547813,0.44896092371547813,0,0
annual_state_offset_half,3674,2026-03-20,2026-03-30,-0.0083038829988221,2026,2025-12-31,learned_vol_interaction,20260911,0.45425867209133697,0.45425867209133697,0,0
annual_state_offset_half,3679,2026-03-27,2026-04-07,-0.0035591495694504,2026,2025-12-31,learned_vol_interaction,20260911,0.43340188452247674,0.43340188452247674,0,0
annual_state_offset,3630,2026-01-09,2026-01-19,-0.0103697336282536,2026,2025-12-31,learned_order_extension,20260911,0.5459060256811782,0.5459060256811782,1,0
annual_state_offset,3635,2026-01-16,2026-01-26,-0.0010190267764643,2026,2025-12-31,learned_order_extension,20260911,0.5315584772037104,0.5315584772037104,1,0
annual_state_offset,3640,2026-01-23,2026-02-02,-0.0087161586128796,2026,2025-12-31,learned_order_extension,20260911,0.5380779045961513,0.5380779045961513,1,0
annual_state_offset,3645,2026-01-30,2026-02-09,0.0041482324550519,2026,2025-12-31,learned_order_extension,20260911,0.43274829616923166,0.43274829616923166,0,1
annual_state_offset,3650,2026-02-06,2026-02-24,0.0071649689901505,2026,2025-12-31,learned_order_extension,20260911,0.5358238036456818,0.5358238036456818,1,1
annual_state_offset,3655,2026-02-13,2026-03-02,-0.0097920588919678,2026,2025-12-31,learned_order_extension,20260911,0.5188075700840837,0.5188075700840837,1,0
annual_state_offset,3659,2026-02-27,2026-03-09,-0.0172526869201304,2026,2025-12-31,learned_order_extension,20260911,0.5395237482049954,0.5395237482049954,1,0
annual_state_offset,3664,2026-03-06,2026-03-16,0.0149926634422041,2026,2025-12-31,learned_order_extension,20260911,0.6721134681647395,0.6721134681647395,1,1
annual_state_offset,3669,2026-03-13,2026-03-23,-0.0364343509194254,2026,2025-12-31,learned_order_extension,20260911,0.44254310728173424,0.44254310728173424,0,0
annual_state_offset,3674,2026-03-20,2026-03-30,-0.0083038829988221,2026,2025-12-31,learned_order_extension,20260911,0.4378410999680901,0.4378410999680901,0,0
annual_state_offset,3679,2026-03-27,2026-04-07,-0.0035591495694504,2026,2025-12-31,learned_order_extension,20260911,0.4159760364157841,0.4159760364157841,0,0
annual_shared_offset,3630,2026-01-09,2026-01-19,-0.0103697336282536,2026,2025-12-31,learned_order_extension,20260911,0.5459060256811782,0.5459060256811782,1,0
annual_shared_offset,3635,2026-01-16,2026-01-26,-0.0010190267764643,2026,2025-12-31,learned_order_extension,20260911,0.5315584772037104,0.5315584772037104,1,0
annual_shared_offset,3640,2026-01-23,2026-02-02,-0.0087161586128796,2026,2025-12-31,learned_order_extension,20260911,0.5380779045961513,0.5380779045961513,1,0
annual_shared_offset,3645,2026-01-30,2026-02-09,0.0041482324550519,2026,2025-12-31,learned_order_extension,20260911,0.43274829616923166,0.43274829616923166,0,1
annual_shared_offset,3650,2026-02-06,2026-02-24,0.0071649689901505,2026,2025-12-31,learned_order_extension,20260911,0.5358238036456818,0.5358238036456818,1,1
annual_shared_offset,3655,2026-02-13,2026-03-02,-0.0097920588919678,2026,2025-12-31,learned_order_extension,20260911,0.5188075700840837,0.5188075700840837,1,0
annual_shared_offset,3659,2026-02-27,2026-03-09,-0.0172526869201304,2026,2025-12-31,learned_order_extension,20260911,0.5395237482049954,0.5395237482049954,1,0
annual_shared_offset,3664,2026-03-06,2026-03-16,0.0149926634422041,2026,2025-12-31,learned_order_extension,20260911,0.6721134681647395,0.6721134681647395,1,1
annual_shared_offset,3669,2026-03-13,2026-03-23,-0.0364343509194254,2026,2025-12-31,learned_order_extension,20260911,0.44254310728173424,0.44254310728173424,0,0
annual_shared_offset,3674,2026-03-20,2026-03-30,-0.0083038829988221,2026,2025-12-31,learned_order_extension,20260911,0.4378410999680901,0.4378410999680901,0,0
annual_shared_offset,3679,2026-03-27,2026-04-07,-0.0035591495694504,2026,2025-12-31,learned_order_extension,20260911,0.4159760364157841,0.4159760364157841,0,0
annual_state_offset_half,3630,2026-01-09,2026-01-19,-0.0103697336282536,2026,2025-12-31,learned_order_extension,20260911,0.5459060256811782,0.5459060256811782,1,0
annual_state_offset_half,3635,2026-01-16,2026-01-26,-0.0010190267764643,2026,2025-12-31,learned_order_extension,20260911,0.5315584772037104,0.5315584772037104,1,0
annual_state_offset_half,3640,2026-01-23,2026-02-02,-0.0087161586128796,2026,2025-12-31,learned_order_extension,20260911,0.5380779045961513,0.5380779045961513,1,0
annual_state_offset_half,3645,2026-01-30,2026-02-09,0.0041482324550519,2026,2025-12-31,learned_order_extension,20260911,0.43274829616923166,0.43274829616923166,0,1
annual_state_offset_half,3650,2026-02-06,2026-02-24,0.0071649689901505,2026,2025-12-31,learned_order_extension,20260911,0.5358238036456818,0.5358238036456818,1,1
annual_state_offset_half,3655,2026-02-13,2026-03-02,-0.0097920588919678,2026,2025-12-31,learned_order_extension,20260911,0.5188075700840837,0.5188075700840837,1,0
annual_state_offset_half,3659,2026-02-27,2026-03-09,-0.0172526869201304,2026,2025-12-31,learned_order_extension,20260911,0.5395237482049954,0.5395237482049954,1,0
annual_state_offset_half,3664,2026-03-06,2026-03-16,0.0149926634422041,2026,2025-12-31,learned_order_extension,20260911,0.6721134681647395,0.6721134681647395,1,1
annual_state_offset_half,3669,2026-03-13,2026-03-23,-0.0364343509194254,2026,2025-12-31,learned_order_extension,20260911,0.44254310728173424,0.44254310728173424,0,0
annual_state_offset_half,3674,2026-03-20,2026-03-30,-0.0083038829988221,2026,2025-12-31,learned_order_extension,20260911,0.4378410999680901,0.4378410999680901,0,0
annual_state_offset_half,3679,2026-03-27,2026-04-07,-0.0035591495694504,2026,2025-12-31,learned_order_extension,20260911,0.4159760364157841,0.4159760364157841,0,0
annual_state_offset,3630,2026-01-09,2026-01-19,-0.0103697336282536,2026,2025-12-31,learned_order_offset,20260911,0.545843670764125,0.545843670764125,1,0
annual_state_offset,3635,2026-01-16,2026-01-26,-0.0010190267764643,2026,2025-12-31,learned_order_offset,20260911,0.5315791456859873,0.5315791456859873,1,0
annual_state_offset,3640,2026-01-23,2026-02-02,-0.0087161586128796,2026,2025-12-31,learned_order_offset,20260911,0.5378362799693707,0.5378362799693707,1,0
annual_state_offset,3645,2026-01-30,2026-02-09,0.0041482324550519,2026,2025-12-31,learned_order_offset,20260911,0.43267035311859725,0.43267035311859725,0,1
annual_state_offset,3650,2026-02-06,2026-02-24,0.0071649689901505,2026,2025-12-31,learned_order_offset,20260911,0.5355468761174008,0.5355468761174008,1,1
annual_state_offset,3655,2026-02-13,2026-03-02,-0.0097920588919678,2026,2025-12-31,learned_order_offset,20260911,0.5185004295200895,0.5185004295200895,1,0
annual_state_offset,3659,2026-02-27,2026-03-09,-0.0172526869201304,2026,2025-12-31,learned_order_offset,20260911,0.5394279755034715,0.5394279755034715,1,0
annual_state_offset,3664,2026-03-06,2026-03-16,0.0149926634422041,2026,2025-12-31,learned_order_offset,20260911,0.6720878025271129,0.6720878025271129,1,1
annual_state_offset,3669,2026-03-13,2026-03-23,-0.0364343509194254,2026,2025-12-31,learned_order_offset,20260911,0.44301866763301645,0.44301866763301645,0,0
annual_state_offset,3674,2026-03-20,2026-03-30,-0.0083038829988221,2026,2025-12-31,learned_order_offset,20260911,0.4379475907087764,0.4379475907087764,0,0
annual_state_offset,3679,2026-03-27,2026-04-07,-0.0035591495694504,2026,2025-12-31,learned_order_offset,20260911,0.4162726411546184,0.4162726411546184,0,0
annual_shared_offset,3630,2026-01-09,2026-01-19,-0.0103697336282536,2026,2025-12-31,learned_order_offset,20260911,0.545843670764125,0.545843670764125,1,0
annual_shared_offset,3635,2026-01-16,2026-01-26,-0.0010190267764643,2026,2025-12-31,learned_order_offset,20260911,0.5315791456859873,0.5315791456859873,1,0
annual_shared_offset,3640,2026-01-23,2026-02-02,-0.0087161586128796,2026,2025-12-31,learned_order_offset,20260911,0.5378362799693707,0.5378362799693707,1,0
annual_shared_offset,3645,2026-01-30,2026-02-09,0.0041482324550519,2026,2025-12-31,learned_order_offset,20260911,0.43267035311859725,0.43267035311859725,0,1
annual_shared_offset,3650,2026-02-06,2026-02-24,0.0071649689901505,2026,2025-12-31,learned_order_offset,20260911,0.5355468761174008,0.5355468761174008,1,1
annual_shared_offset,3655,2026-02-13,2026-03-02,-0.0097920588919678,2026,2025-12-31,learned_order_offset,20260911,0.5185004295200895,0.5185004295200895,1,0
annual_shared_offset,3659,2026-02-27,2026-03-09,-0.0172526869201304,2026,2025-12-31,learned_order_offset,20260911,0.5394279755034715,0.5394279755034715,1,0
annual_shared_offset,3664,2026-03-06,2026-03-16,0.0149926634422041,2026,2025-12-31,learned_order_offset,20260911,0.6720878025271129,0.6720878025271129,1,1
annual_shared_offset,3669,2026-03-13,2026-03-23,-0.0364343509194254,2026,2025-12-31,learned_order_offset,20260911,0.44301866763301645,0.44301866763301645,0,0
annual_shared_offset,3674,2026-03-20,2026-03-30,-0.0083038829988221,2026,2025-12-31,learned_order_offset,20260911,0.4379475907087764,0.4379475907087764,0,0
annual_shared_offset,3679,2026-03-27,2026-04-07,-0.0035591495694504,2026,2025-12-31,learned_order_offset,20260911,0.4162726411546184,0.4162726411546184,0,0
annual_state_offset_half,3630,2026-01-09,2026-01-19,-0.0103697336282536,2026,2025-12-31,learned_order_offset,20260911,0.545843670764125,0.545843670764125,1,0
annual_state_offset_half,3635,2026-01-16,2026-01-26,-0.0010190267764643,2026,2025-12-31,learned_order_offset,20260911,0.5315791456859873,0.5315791456859873,1,0
annual_state_offset_half,3640,2026-01-23,2026-02-02,-0.0087161586128796,2026,2025-12-31,learned_order_offset,20260911,0.5378362799693707,0.5378362799693707,1,0
annual_state_offset_half,3645,2026-01-30,2026-02-09,0.0041482324550519,2026,2025-12-31,learned_order_offset,20260911,0.43267035311859725,0.43267035311859725,0,1
annual_state_offset_half,3650,2026-02-06,2026-02-24,0.0071649689901505,2026,2025-12-31,learned_order_offset,20260911,0.5355468761174008,0.5355468761174008,1,1
annual_state_offset_half,3655,2026-02-13,2026-03-02,-0.0097920588919678,2026,2025-12-31,learned_order_offset,20260911,0.5185004295200895,0.5185004295200895,1,0
annual_state_offset_half,3659,2026-02-27,2026-03-09,-0.0172526869201304,2026,2025-12-31,learned_order_offset,20260911,0.5394279755034715,0.5394279755034715,1,0
annual_state_offset_half,3664,2026-03-06,2026-03-16,0.0149926634422041,2026,2025-12-31,learned_order_offset,20260911,0.6720878025271129,0.6720878025271129,1,1
annual_state_offset_half,3669,2026-03-13,2026-03-23,-0.0364343509194254,2026,2025-12-31,learned_order_offset,20260911,0.44301866763301645,0.44301866763301645,0,0
annual_state_offset_half,3674,2026-03-20,2026-03-30,-0.0083038829988221,2026,2025-12-31,learned_order_offset,20260911,0.4379475907087764,0.4379475907087764,0,0
annual_state_offset_half,3679,2026-03-27,2026-04-07,-0.0035591495694504,2026,2025-12-31,learned_order_offset,20260911,0.4162726411546184,0.4162726411546184,0,0
annual_state_offset,3630,2026-01-09,2026-01-19,-0.0103697336282536,2026,2025-12-31,learned_market,20260912,0.5119803822427041,0.5119803822427041,1,0
annual_state_offset,3635,2026-01-16,2026-01-26,-0.0010190267764643,2026,2025-12-31,learned_market,20260912,0.5563532391014436,0.5563532391014436,1,0
annual_state_offset,3640,2026-01-23,2026-02-02,-0.0087161586128796,2026,2025-12-31,learned_market,20260912,0.47986345901765604,0.47986345901765604,0,0
annual_state_offset,3645,2026-01-30,2026-02-09,0.0041482324550519,2026,2025-12-31,learned_market,20260912,0.5030177692550698,0.5030177692550698,1,1
annual_state_offset,3650,2026-02-06,2026-02-24,0.0071649689901505,2026,2025-12-31,learned_market,20260912,0.43906676808287387,0.43906676808287387,0,1
annual_state_offset,3655,2026-02-13,2026-03-02,-0.0097920588919678,2026,2025-12-31,learned_market,20260912,0.431368044613122,0.431368044613122,0,0
annual_state_offset,3659,2026-02-27,2026-03-09,-0.0172526869201304,2026,2025-12-31,learned_market,20260912,0.48137527566018024,0.48137527566018024,0,0
annual_state_offset,3664,2026-03-06,2026-03-16,0.0149926634422041,2026,2025-12-31,learned_market,20260912,0.46731902499821354,0.46731902499821354,0,1
annual_state_offset,3669,2026-03-13,2026-03-23,-0.0364343509194254,2026,2025-12-31,learned_market,20260912,0.5227160800792146,0.5227160800792146,1,0
annual_state_offset,3674,2026-03-20,2026-03-30,-0.0083038829988221,2026,2025-12-31,learned_market,20260912,0.4464645109091068,0.4464645109091068,0,0
annual_state_offset,3679,2026-03-27,2026-04-07,-0.0035591495694504,2026,2025-12-31,learned_market,20260912,0.39113208857052434,0.39113208857052434,0,0
annual_shared_offset,3630,2026-01-09,2026-01-19,-0.0103697336282536,2026,2025-12-31,learned_market,20260912,0.5119803822427041,0.5119803822427041,1,0
annual_shared_offset,3635,2026-01-16,2026-01-26,-0.0010190267764643,2026,2025-12-31,learned_market,20260912,0.5563532391014436,0.5563532391014436,1,0
annual_shared_offset,3640,2026-01-23,2026-02-02,-0.0087161586128796,2026,2025-12-31,learned_market,20260912,0.47986345901765604,0.47986345901765604,0,0
annual_shared_offset,3645,2026-01-30,2026-02-09,0.0041482324550519,2026,2025-12-31,learned_market,20260912,0.5030177692550698,0.5030177692550698,1,1
annual_shared_offset,3650,2026-02-06,2026-02-24,0.0071649689901505,2026,2025-12-31,learned_market,20260912,0.43906676808287387,0.43906676808287387,0,1
annual_shared_offset,3655,2026-02-13,2026-03-02,-0.0097920588919678,2026,2025-12-31,learned_market,20260912,0.431368044613122,0.431368044613122,0,0
annual_shared_offset,3659,2026-02-27,2026-03-09,-0.0172526869201304,2026,2025-12-31,learned_market,20260912,0.48137527566018024,0.48137527566018024,0,0
annual_shared_offset,3664,2026-03-06,2026-03-16,0.0149926634422041,2026,2025-12-31,learned_market,20260912,0.46731902499821354,0.46731902499821354,0,1
annual_shared_offset,3669,2026-03-13,2026-03-23,-0.0364343509194254,2026,2025-12-31,learned_market,20260912,0.5227160800792146,0.5227160800792146,1,0
annual_shared_offset,3674,2026-03-20,2026-03-30,-0.0083038829988221,2026,2025-12-31,learned_market,20260912,0.4464645109091068,0.4464645109091068,0,0
annual_shared_offset,3679,2026-03-27,2026-04-07,-0.0035591495694504,2026,2025-12-31,learned_market,20260912,0.39113208857052434,0.39113208857052434,0,0
annual_state_offset_half,3630,2026-01-09,2026-01-19,-0.0103697336282536,2026,2025-12-31,learned_market,20260912,0.5119803822427041,0.5119803822427041,1,0
annual_state_offset_half,3635,2026-01-16,2026-01-26,-0.0010190267764643,2026,2025-12-31,learned_market,20260912,0.5563532391014436,0.5563532391014436,1,0
annual_state_offset_half,3640,2026-01-23,2026-02-02,-0.0087161586128796,2026,2025-12-31,learned_market,20260912,0.47986345901765604,0.47986345901765604,0,0
annual_state_offset_half,3645,2026-01-30,2026-02-09,0.0041482324550519,2026,2025-12-31,learned_market,20260912,0.5030177692550698,0.5030177692550698,1,1
annual_state_offset_half,3650,2026-02-06,2026-02-24,0.0071649689901505,2026,2025-12-31,learned_market,20260912,0.43906676808287387,0.43906676808287387,0,1
annual_state_offset_half,3655,2026-02-13,2026-03-02,-0.0097920588919678,2026,2025-12-31,learned_market,20260912,0.431368044613122,0.431368044613122,0,0
annual_state_offset_half,3659,2026-02-27,2026-03-09,-0.0172526869201304,2026,2025-12-31,learned_market,20260912,0.48137527566018024,0.48137527566018024,0,0
annual_state_offset_half,3664,2026-03-06,2026-03-16,0.0149926634422041,2026,2025-12-31,learned_market,20260912,0.46731902499821354,0.46731902499821354,0,1
annual_state_offset_half,3669,2026-03-13,2026-03-23,-0.0364343509194254,2026,2025-12-31,learned_market,20260912,0.5227160800792146,0.5227160800792146,1,0
annual_state_offset_half,3674,2026-03-20,2026-03-30,-0.0083038829988221,2026,2025-12-31,learned_market,20260912,0.4464645109091068,0.4464645109091068,0,0
annual_state_offset_half,3679,2026-03-27,2026-04-07,-0.0035591495694504,2026,2025-12-31,learned_market,20260912,0.39113208857052434,0.39113208857052434,0,0
annual_state_offset,3630,2026-01-09,2026-01-19,-0.0103697336282536,2026,2025-12-31,learned_vol_interaction,20260912,0.5113420632666249,0.5113420632666249,1,0
annual_state_offset,3635,2026-01-16,2026-01-26,-0.0010190267764643,2026,2025-12-31,learned_vol_interaction,20260912,0.5720485316988371,0.5720485316988371,1,0
annual_state_offset,3640,2026-01-23,2026-02-02,-0.0087161586128796,2026,2025-12-31,learned_vol_interaction,20260912,0.46450523759698337,0.46450523759698337,0,0
annual_state_offset,3645,2026-01-30,2026-02-09,0.0041482324550519,2026,2025-12-31,learned_vol_interaction,20260912,0.5055364466448413,0.5055364466448413,1,1
annual_state_offset,3650,2026-02-06,2026-02-24,0.0071649689901505,2026,2025-12-31,learned_vol_interaction,20260912,0.42116451389141074,0.42116451389141074,0,1
annual_state_offset,3655,2026-02-13,2026-03-02,-0.0097920588919678,2026,2025-12-31,learned_vol_interaction,20260912,0.4216952789502379,0.4216952789502379,0,0
annual_state_offset,3659,2026-02-27,2026-03-09,-0.0172526869201304,2026,2025-12-31,learned_vol_interaction,20260912,0.46280074037648433,0.46280074037648433,0,0
annual_state_offset,3664,2026-03-06,2026-03-16,0.0149926634422041,2026,2025-12-31,learned_vol_interaction,20260912,0.4454734654507731,0.4454734654507731,0,1
annual_state_offset,3669,2026-03-13,2026-03-23,-0.0364343509194254,2026,2025-12-31,learned_vol_interaction,20260912,0.5162800418391823,0.5162800418391823,1,0
annual_state_offset,3674,2026-03-20,2026-03-30,-0.0083038829988221,2026,2025-12-31,learned_vol_interaction,20260912,0.44815597826032155,0.44815597826032155,0,0
annual_state_offset,3679,2026-03-27,2026-04-07,-0.0035591495694504,2026,2025-12-31,learned_vol_interaction,20260912,0.41145491799092687,0.41145491799092687,0,0
annual_shared_offset,3630,2026-01-09,2026-01-19,-0.0103697336282536,2026,2025-12-31,learned_vol_interaction,20260912,0.5113420632666249,0.5113420632666249,1,0
annual_shared_offset,3635,2026-01-16,2026-01-26,-0.0010190267764643,2026,2025-12-31,learned_vol_interaction,20260912,0.5720485316988371,0.5720485316988371,1,0
annual_shared_offset,3640,2026-01-23,2026-02-02,-0.0087161586128796,2026,2025-12-31,learned_vol_interaction,20260912,0.46450523759698337,0.46450523759698337,0,0
annual_shared_offset,3645,2026-01-30,2026-02-09,0.0041482324550519,2026,2025-12-31,learned_vol_interaction,20260912,0.5055364466448413,0.5055364466448413,1,1
annual_shared_offset,3650,2026-02-06,2026-02-24,0.0071649689901505,2026,2025-12-31,learned_vol_interaction,20260912,0.42116451389141074,0.42116451389141074,0,1
annual_shared_offset,3655,2026-02-13,2026-03-02,-0.0097920588919678,2026,2025-12-31,learned_vol_interaction,20260912,0.4216952789502379,0.4216952789502379,0,0
annual_shared_offset,3659,2026-02-27,2026-03-09,-0.0172526869201304,2026,2025-12-31,learned_vol_interaction,20260912,0.46280074037648433,0.46280074037648433,0,0
annual_shared_offset,3664,2026-03-06,2026-03-16,0.0149926634422041,2026,2025-12-31,learned_vol_interaction,20260912,0.4454734654507731,0.4454734654507731,0,1
annual_shared_offset,3669,2026-03-13,2026-03-23,-0.0364343509194254,2026,2025-12-31,learned_vol_interaction,20260912,0.5162800418391823,0.5162800418391823,1,0
annual_shared_offset,3674,2026-03-20,2026-03-30,-0.0083038829988221,2026,2025-12-31,learned_vol_interaction,20260912,0.44815597826032155,0.44815597826032155,0,0
annual_shared_offset,3679,2026-03-27,2026-04-07,-0.0035591495694504,2026,2025-12-31,learned_vol_interaction,20260912,0.41145491799092687,0.41145491799092687,0,0
annual_state_offset_half,3630,2026-01-09,2026-01-19,-0.0103697336282536,2026,2025-12-31,learned_vol_interaction,20260912,0.5113420632666249,0.5113420632666249,1,0
annual_state_offset_half,3635,2026-01-16,2026-01-26,-0.0010190267764643,2026,2025-12-31,learned_vol_interaction,20260912,0.5720485316988371,0.5720485316988371,1,0
annual_state_offset_half,3640,2026-01-23,2026-02-02,-0.0087161586128796,2026,2025-12-31,learned_vol_interaction,20260912,0.46450523759698337,0.46450523759698337,0,0
annual_state_offset_half,3645,2026-01-30,2026-02-09,0.0041482324550519,2026,2025-12-31,learned_vol_interaction,20260912,0.5055364466448413,0.5055364466448413,1,1
annual_state_offset_half,3650,2026-02-06,2026-02-24,0.0071649689901505,2026,2025-12-31,learned_vol_interaction,20260912,0.42116451389141074,0.42116451389141074,0,1
annual_state_offset_half,3655,2026-02-13,2026-03-02,-0.0097920588919678,2026,2025-12-31,learned_vol_interaction,20260912,0.4216952789502379,0.4216952789502379,0,0
annual_state_offset_half,3659,2026-02-27,2026-03-09,-0.0172526869201304,2026,2025-12-31,learned_vol_interaction,20260912,0.46280074037648433,0.46280074037648433,0,0
annual_state_offset_half,3664,2026-03-06,2026-03-16,0.0149926634422041,2026,2025-12-31,learned_vol_interaction,20260912,0.4454734654507731,0.4454734654507731,0,1
annual_state_offset_half,3669,2026-03-13,2026-03-23,-0.0364343509194254,2026,2025-12-31,learned_vol_interaction,20260912,0.5162800418391823,0.5162800418391823,1,0
annual_state_offset_half,3674,2026-03-20,2026-03-30,-0.0083038829988221,2026,2025-12-31,learned_vol_interaction,20260912,0.44815597826032155,0.44815597826032155,0,0
annual_state_offset_half,3679,2026-03-27,2026-04-07,-0.0035591495694504,2026,2025-12-31,learned_vol_interaction,20260912,0.41145491799092687,0.41145491799092687,0,0
annual_state_offset,3630,2026-01-09,2026-01-19,-0.0103697336282536,2026,2025-12-31,learned_order_extension,20260912,0.5234527600872158,0.5234527600872158,1,0
annual_state_offset,3635,2026-01-16,2026-01-26,-0.0010190267764643,2026,2025-12-31,learned_order_extension,20260912,0.5847075352595175,0.5847075352595175,1,0
annual_state_offset,3640,2026-01-23,2026-02-02,-0.0087161586128796,2026,2025-12-31,learned_order_extension,20260912,0.4700767353741261,0.4700767353741261,0,0
annual_state_offset,3645,2026-01-30,2026-02-09,0.0041482324550519,2026,2025-12-31,learned_order_extension,20260912,0.5148835278265028,0.5148835278265028,1,1
annual_state_offset,3650,2026-02-06,2026-02-24,0.0071649689901505,2026,2025-12-31,learned_order_extension,20260912,0.4220765070574473,0.4220765070574473,0,1
annual_state_offset,3655,2026-02-13,2026-03-02,-0.0097920588919678,2026,2025-12-31,learned_order_extension,20260912,0.41397752179190594,0.41397752179190594,0,0
annual_state_offset,3659,2026-02-27,2026-03-09,-0.0172526869201304,2026,2025-12-31,learned_order_extension,20260912,0.45946498078572456,0.45946498078572456,0,0
annual_state_offset,3664,2026-03-06,2026-03-16,0.0149926634422041,2026,2025-12-31,learned_order_extension,20260912,0.44635455978232025,0.44635455978232025,0,1
annual_state_offset,3669,2026-03-13,2026-03-23,-0.0364343509194254,2026,2025-12-31,learned_order_extension,20260912,0.5383866937008707,0.5383866937008707,1,0
annual_state_offset,3674,2026-03-20,2026-03-30,-0.0083038829988221,2026,2025-12-31,learned_order_extension,20260912,0.43243079892634145,0.43243079892634145,0,0
annual_state_offset,3679,2026-03-27,2026-04-07,-0.0035591495694504,2026,2025-12-31,learned_order_extension,20260912,0.3847558274890985,0.3847558274890985,0,0
annual_shared_offset,3630,2026-01-09,2026-01-19,-0.0103697336282536,2026,2025-12-31,learned_order_extension,20260912,0.5234527600872158,0.5234527600872158,1,0
annual_shared_offset,3635,2026-01-16,2026-01-26,-0.0010190267764643,2026,2025-12-31,learned_order_extension,20260912,0.5847075352595175,0.5847075352595175,1,0
annual_shared_offset,3640,2026-01-23,2026-02-02,-0.0087161586128796,2026,2025-12-31,learned_order_extension,20260912,0.4700767353741261,0.4700767353741261,0,0
annual_shared_offset,3645,2026-01-30,2026-02-09,0.0041482324550519,2026,2025-12-31,learned_order_extension,20260912,0.5148835278265028,0.5148835278265028,1,1
annual_shared_offset,3650,2026-02-06,2026-02-24,0.0071649689901505,2026,2025-12-31,learned_order_extension,20260912,0.4220765070574473,0.4220765070574473,0,1
annual_shared_offset,3655,2026-02-13,2026-03-02,-0.0097920588919678,2026,2025-12-31,learned_order_extension,20260912,0.41397752179190594,0.41397752179190594,0,0
annual_shared_offset,3659,2026-02-27,2026-03-09,-0.0172526869201304,2026,2025-12-31,learned_order_extension,20260912,0.45946498078572456,0.45946498078572456,0,0
annual_shared_offset,3664,2026-03-06,2026-03-16,0.0149926634422041,2026,2025-12-31,learned_order_extension,20260912,0.44635455978232025,0.44635455978232025,0,1
annual_shared_offset,3669,2026-03-13,2026-03-23,-0.0364343509194254,2026,2025-12-31,learned_order_extension,20260912,0.5383866937008707,0.5383866937008707,1,0
annual_shared_offset,3674,2026-03-20,2026-03-30,-0.0083038829988221,2026,2025-12-31,learned_order_extension,20260912,0.43243079892634145,0.43243079892634145,0,0
annual_shared_offset,3679,2026-03-27,2026-04-07,-0.0035591495694504,2026,2025-12-31,learned_order_extension,20260912,0.3847558274890985,0.3847558274890985,0,0
annual_state_offset_half,3630,2026-01-09,2026-01-19,-0.0103697336282536,2026,2025-12-31,learned_order_extension,20260912,0.5234527600872158,0.5234527600872158,1,0
annual_state_offset_half,3635,2026-01-16,2026-01-26,-0.0010190267764643,2026,2025-12-31,learned_order_extension,20260912,0.5847075352595175,0.5847075352595175,1,0
annual_state_offset_half,3640,2026-01-23,2026-02-02,-0.0087161586128796,2026,2025-12-31,learned_order_extension,20260912,0.4700767353741261,0.4700767353741261,0,0
annual_state_offset_half,3645,2026-01-30,2026-02-09,0.0041482324550519,2026,2025-12-31,learned_order_extension,20260912,0.5148835278265028,0.5148835278265028,1,1
annual_state_offset_half,3650,2026-02-06,2026-02-24,0.0071649689901505,2026,2025-12-31,learned_order_extension,20260912,0.4220765070574473,0.4220765070574473,0,1
annual_state_offset_half,3655,2026-02-13,2026-03-02,-0.0097920588919678,2026,2025-12-31,learned_order_extension,20260912,0.41397752179190594,0.41397752179190594,0,0
annual_state_offset_half,3659,2026-02-27,2026-03-09,-0.0172526869201304,2026,2025-12-31,learned_order_extension,20260912,0.45946498078572456,0.45946498078572456,0,0
annual_state_offset_half,3664,2026-03-06,2026-03-16,0.0149926634422041,2026,2025-12-31,learned_order_extension,20260912,0.44635455978232025,0.44635455978232025,0,1
annual_state_offset_half,3669,2026-03-13,2026-03-23,-0.0364343509194254,2026,2025-12-31,learned_order_extension,20260912,0.5383866937008707,0.5383866937008707,1,0
annual_state_offset_half,3674,2026-03-20,2026-03-30,-0.0083038829988221,2026,2025-12-31,learned_order_extension,20260912,0.43243079892634145,0.43243079892634145,0,0
annual_state_offset_half,3679,2026-03-27,2026-04-07,-0.0035591495694504,2026,2025-12-31,learned_order_extension,20260912,0.3847558274890985,0.3847558274890985,0,0
annual_state_offset,3630,2026-01-09,2026-01-19,-0.0103697336282536,2026,2025-12-31,learned_order_offset,20260912,0.5234772415055928,0.5234772415055928,1,0
annual_state_offset,3635,2026-01-16,2026-01-26,-0.0010190267764643,2026,2025-12-31,learned_order_offset,20260912,0.5844150879103954,0.5844150879103954,1,0
annual_state_offset,3640,2026-01-23,2026-02-02,-0.0087161586128796,2026,2025-12-31,learned_order_offset,20260912,0.46996206356235715,0.46996206356235715,0,0
annual_state_offset,3645,2026-01-30,2026-02-09,0.0041482324550519,2026,2025-12-31,learned_order_offset,20260912,0.514701020079869,0.514701020079869,1,1
annual_state_offset,3650,2026-02-06,2026-02-24,0.0071649689901505,2026,2025-12-31,learned_order_offset,20260912,0.42213589824970216,0.42213589824970216,0,1
annual_state_offset,3655,2026-02-13,2026-03-02,-0.0097920588919678,2026,2025-12-31,learned_order_offset,20260912,0.4139092534456115,0.4139092534456115,0,0
annual_state_offset,3659,2026-02-27,2026-03-09,-0.0172526869201304,2026,2025-12-31,learned_order_offset,20260912,0.4590491088219428,0.4590491088219428,0,0
annual_state_offset,3664,2026-03-06,2026-03-16,0.0149926634422041,2026,2025-12-31,learned_order_offset,20260912,0.4464707132363767,0.4464707132363767,0,1
annual_state_offset,3669,2026-03-13,2026-03-23,-0.0364343509194254,2026,2025-12-31,learned_order_offset,20260912,0.5384561051408137,0.5384561051408137,1,0
annual_state_offset,3674,2026-03-20,2026-03-30,-0.0083038829988221,2026,2025-12-31,learned_order_offset,20260912,0.43269622737784763,0.43269622737784763,0,0
annual_state_offset,3679,2026-03-27,2026-04-07,-0.0035591495694504,2026,2025-12-31,learned_order_offset,20260912,0.3852504154330894,0.3852504154330894,0,0
annual_shared_offset,3630,2026-01-09,2026-01-19,-0.0103697336282536,2026,2025-12-31,learned_order_offset,20260912,0.5234772415055928,0.5234772415055928,1,0
annual_shared_offset,3635,2026-01-16,2026-01-26,-0.0010190267764643,2026,2025-12-31,learned_order_offset,20260912,0.5844150879103954,0.5844150879103954,1,0
annual_shared_offset,3640,2026-01-23,2026-02-02,-0.0087161586128796,2026,2025-12-31,learned_order_offset,20260912,0.46996206356235715,0.46996206356235715,0,0
annual_shared_offset,3645,2026-01-30,2026-02-09,0.0041482324550519,2026,2025-12-31,learned_order_offset,20260912,0.514701020079869,0.514701020079869,1,1
annual_shared_offset,3650,2026-02-06,2026-02-24,0.0071649689901505,2026,2025-12-31,learned_order_offset,20260912,0.42213589824970216,0.42213589824970216,0,1
annual_shared_offset,3655,2026-02-13,2026-03-02,-0.0097920588919678,2026,2025-12-31,learned_order_offset,20260912,0.4139092534456115,0.4139092534456115,0,0
annual_shared_offset,3659,2026-02-27,2026-03-09,-0.0172526869201304,2026,2025-12-31,learned_order_offset,20260912,0.4590491088219428,0.4590491088219428,0,0
annual_shared_offset,3664,2026-03-06,2026-03-16,0.0149926634422041,2026,2025-12-31,learned_order_offset,20260912,0.4464707132363767,0.4464707132363767,0,1
annual_shared_offset,3669,2026-03-13,2026-03-23,-0.0364343509194254,2026,2025-12-31,learned_order_offset,20260912,0.5384561051408137,0.5384561051408137,1,0
annual_shared_offset,3674,2026-03-20,2026-03-30,-0.0083038829988221,2026,2025-12-31,learned_order_offset,20260912,0.43269622737784763,0.43269622737784763,0,0
annual_shared_offset,3679,2026-03-27,2026-04-07,-0.0035591495694504,2026,2025-12-31,learned_order_offset,20260912,0.3852504154330894,0.3852504154330894,0,0
annual_state_offset_half,3630,2026-01-09,2026-01-19,-0.0103697336282536,2026,2025-12-31,learned_order_offset,20260912,0.5234772415055928,0.5234772415055928,1,0
annual_state_offset_half,3635,2026-01-16,2026-01-26,-0.0010190267764643,2026,2025-12-31,learned_order_offset,20260912,0.5844150879103954,0.5844150879103954,1,0
annual_state_offset_half,3640,2026-01-23,2026-02-02,-0.0087161586128796,2026,2025-12-31,learned_order_offset,20260912,0.46996206356235715,0.46996206356235715,0,0
annual_state_offset_half,3645,2026-01-30,2026-02-09,0.0041482324550519,2026,2025-12-31,learned_order_offset,20260912,0.514701020079869,0.514701020079869,1,1
annual_state_offset_half,3650,2026-02-06,2026-02-24,0.0071649689901505,2026,2025-12-31,learned_order_offset,20260912,0.42213589824970216,0.42213589824970216,0,1
annual_state_offset_half,3655,2026-02-13,2026-03-02,-0.0097920588919678,2026,2025-12-31,learned_order_offset,20260912,0.4139092534456115,0.4139092534456115,0,0
annual_state_offset_half,3659,2026-02-27,2026-03-09,-0.0172526869201304,2026,2025-12-31,learned_order_offset,20260912,0.4590491088219428,0.4590491088219428,0,0
annual_state_offset_half,3664,2026-03-06,2026-03-16,0.0149926634422041,2026,2025-12-31,learned_order_offset,20260912,0.4464707132363767,0.4464707132363767,0,1
annual_state_offset_half,3669,2026-03-13,2026-03-23,-0.0364343509194254,2026,2025-12-31,learned_order_offset,20260912,0.5384561051408137,0.5384561051408137,1,0
annual_state_offset_half,3674,2026-03-20,2026-03-30,-0.0083038829988221,2026,2025-12-31,learned_order_offset,20260912,0.43269622737784763,0.43269622737784763,0,0
annual_state_offset_half,3679,2026-03-27,2026-04-07,-0.0035591495694504,2026,2025-12-31,learned_order_offset,20260912,0.3852504154330894,0.3852504154330894,0,0
annual_state_offset,3684,2026-04-03,2026-04-13,0.0380736235508991,2026,2026-03-31,learned_market,20260910,0.5135356772227653,0.5135356772227653,1,1
annual_state_offset,3688,2026-04-10,2026-04-20,0.0242766725964382,2026,2026-03-31,learned_market,20260910,0.4414243711182377,0.4414243711182377,0,1
annual_state_offset,3693,2026-04-17,2026-04-27,0.010401572188011,2026,2026-03-31,learned_market,20260910,0.5274890760934624,0.5274890760934624,1,1
annual_state_offset,3698,2026-04-24,2026-05-11,0.0263674696524953,2026,2026-03-31,learned_market,20260910,0.5599058490281199,0.5599058490281199,1,1
annual_state_offset,3705,2026-05-08,2026-05-18,-0.0134529239455926,2026,2026-03-31,learned_market,20260910,0.7550729207988254,0.7550729207988254,1,0
annual_state_offset,3710,2026-05-15,2026-05-25,0.0076235492615268,2026,2026-03-31,learned_market,20260910,0.7723523256513727,0.7723523256513727,1,1
annual_state_offset,3715,2026-05-22,2026-06-01,0.005068538126898,2026,2026-03-31,learned_market,20260910,0.30285720644945774,0.30285720644945774,0,1
annual_state_offset,3720,2026-05-29,2026-06-08,-0.039635353927193,2026,2026-03-31,learned_market,20260910,0.4051698015001944,0.4051698015001944,0,0
annual_state_offset,3725,2026-06-05,2026-06-15,0.0266849782195981,2026,2026-03-31,learned_market,20260910,0.43325058670455674,0.43325058670455674,0,1
annual_state_offset,3730,2026-06-12,2026-06-29,0.0076098142791176,2026,2026-03-31,learned_market,20260910,0.4284564728112197,0.4284564728112197,0,1
annual_state_offset,3739,2026-06-26,2026-07-06,0.0005137647861506,2026,2026-03-31,learned_market,20260910,0.5031202151919982,0.5031202151919982,1,1
annual_shared_offset,3684,2026-04-03,2026-04-13,0.0380736235508991,2026,2026-03-31,learned_market,20260910,0.5135356772227653,0.5135356772227653,1,1
annual_shared_offset,3688,2026-04-10,2026-04-20,0.0242766725964382,2026,2026-03-31,learned_market,20260910,0.4414243711182377,0.4414243711182377,0,1
annual_shared_offset,3693,2026-04-17,2026-04-27,0.010401572188011,2026,2026-03-31,learned_market,20260910,0.5274890760934624,0.5274890760934624,1,1
annual_shared_offset,3698,2026-04-24,2026-05-11,0.0263674696524953,2026,2026-03-31,learned_market,20260910,0.5599058490281199,0.5599058490281199,1,1
annual_shared_offset,3705,2026-05-08,2026-05-18,-0.0134529239455926,2026,2026-03-31,learned_market,20260910,0.7550729207988254,0.7550729207988254,1,0
annual_shared_offset,3710,2026-05-15,2026-05-25,0.0076235492615268,2026,2026-03-31,learned_market,20260910,0.7723523256513727,0.7723523256513727,1,1
annual_shared_offset,3715,2026-05-22,2026-06-01,0.005068538126898,2026,2026-03-31,learned_market,20260910,0.30285720644945774,0.30285720644945774,0,1
annual_shared_offset,3720,2026-05-29,2026-06-08,-0.039635353927193,2026,2026-03-31,learned_market,20260910,0.4051698015001944,0.4051698015001944,0,0
annual_shared_offset,3725,2026-06-05,2026-06-15,0.0266849782195981,2026,2026-03-31,learned_market,20260910,0.43325058670455674,0.43325058670455674,0,1
annual_shared_offset,3730,2026-06-12,2026-06-29,0.0076098142791176,2026,2026-03-31,learned_market,20260910,0.4284564728112197,0.4284564728112197,0,1
annual_shared_offset,3739,2026-06-26,2026-07-06,0.0005137647861506,2026,2026-03-31,learned_market,20260910,0.5031202151919982,0.5031202151919982,1,1
annual_state_offset_half,3684,2026-04-03,2026-04-13,0.0380736235508991,2026,2026-03-31,learned_market,20260910,0.5135356772227653,0.5135356772227653,1,1
annual_state_offset_half,3688,2026-04-10,2026-04-20,0.0242766725964382,2026,2026-03-31,learned_market,20260910,0.4414243711182377,0.4414243711182377,0,1
annual_state_offset_half,3693,2026-04-17,2026-04-27,0.010401572188011,2026,2026-03-31,learned_market,20260910,0.5274890760934624,0.5274890760934624,1,1
annual_state_offset_half,3698,2026-04-24,2026-05-11,0.0263674696524953,2026,2026-03-31,learned_market,20260910,0.5599058490281199,0.5599058490281199,1,1
annual_state_offset_half,3705,2026-05-08,2026-05-18,-0.0134529239455926,2026,2026-03-31,learned_market,20260910,0.7550729207988254,0.7550729207988254,1,0
annual_state_offset_half,3710,2026-05-15,2026-05-25,0.0076235492615268,2026,2026-03-31,learned_market,20260910,0.7888017647394685,0.7888017647394685,1,1
annual_state_offset_half,3715,2026-05-22,2026-06-01,0.005068538126898,2026,2026-03-31,learned_market,20260910,0.32351765420014217,0.32351765420014217,0,1
annual_state_offset_half,3720,2026-05-29,2026-06-08,-0.039635353927193,2026,2026-03-31,learned_market,20260910,0.4051698015001944,0.4051698015001944,0,0
annual_state_offset_half,3725,2026-06-05,2026-06-15,0.0266849782195981,2026,2026-03-31,learned_market,20260910,0.43325058670455674,0.43325058670455674,0,1
annual_state_offset_half,3730,2026-06-12,2026-06-29,0.0076098142791176,2026,2026-03-31,learned_market,20260910,0.4284564728112197,0.4284564728112197,0,1
annual_state_offset_half,3739,2026-06-26,2026-07-06,0.0005137647861506,2026,2026-03-31,learned_market,20260910,0.5031202151919982,0.5031202151919982,1,1
annual_state_offset,3684,2026-04-03,2026-04-13,0.0380736235508991,2026,2026-03-31,learned_vol_interaction,20260910,0.515659416956686,0.515659416956686,1,1
annual_state_offset,3688,2026-04-10,2026-04-20,0.0242766725964382,2026,2026-03-31,learned_vol_interaction,20260910,0.4493722448458667,0.4493722448458667,0,1
annual_state_offset,3693,2026-04-17,2026-04-27,0.010401572188011,2026,2026-03-31,learned_vol_interaction,20260910,0.5273621904757047,0.5273621904757047,1,1
annual_state_offset,3698,2026-04-24,2026-05-11,0.0263674696524953,2026,2026-03-31,learned_vol_interaction,20260910,0.562569101111175,0.562569101111175,1,1
annual_state_offset,3705,2026-05-08,2026-05-18,-0.0134529239455926,2026,2026-03-31,learned_vol_interaction,20260910,0.7583539673291619,0.7583539673291619,1,0
annual_state_offset,3710,2026-05-15,2026-05-25,0.0076235492615268,2026,2026-03-31,learned_vol_interaction,20260910,0.7773815174532654,0.7773815174532654,1,1
annual_state_offset,3715,2026-05-22,2026-06-01,0.005068538126898,2026,2026-03-31,learned_vol_interaction,20260910,0.3029860806377639,0.3029860806377639,0,1
annual_state_offset,3720,2026-05-29,2026-06-08,-0.039635353927193,2026,2026-03-31,learned_vol_interaction,20260910,0.40602485778719405,0.40602485778719405,0,0
annual_state_offset,3725,2026-06-05,2026-06-15,0.0266849782195981,2026,2026-03-31,learned_vol_interaction,20260910,0.432960289448338,0.432960289448338,0,1
annual_state_offset,3730,2026-06-12,2026-06-29,0.0076098142791176,2026,2026-03-31,learned_vol_interaction,20260910,0.4280160370991171,0.4280160370991171,0,1
annual_state_offset,3739,2026-06-26,2026-07-06,0.0005137647861506,2026,2026-03-31,learned_vol_interaction,20260910,0.5090642838694552,0.5090642838694552,1,1
annual_shared_offset,3684,2026-04-03,2026-04-13,0.0380736235508991,2026,2026-03-31,learned_vol_interaction,20260910,0.515659416956686,0.515659416956686,1,1
annual_shared_offset,3688,2026-04-10,2026-04-20,0.0242766725964382,2026,2026-03-31,learned_vol_interaction,20260910,0.4493722448458667,0.4493722448458667,0,1
annual_shared_offset,3693,2026-04-17,2026-04-27,0.010401572188011,2026,2026-03-31,learned_vol_interaction,20260910,0.5273621904757047,0.5273621904757047,1,1
annual_shared_offset,3698,2026-04-24,2026-05-11,0.0263674696524953,2026,2026-03-31,learned_vol_interaction,20260910,0.562569101111175,0.562569101111175,1,1
annual_shared_offset,3705,2026-05-08,2026-05-18,-0.0134529239455926,2026,2026-03-31,learned_vol_interaction,20260910,0.7583539673291619,0.7583539673291619,1,0
annual_shared_offset,3710,2026-05-15,2026-05-25,0.0076235492615268,2026,2026-03-31,learned_vol_interaction,20260910,0.7773815174532654,0.7773815174532654,1,1
annual_shared_offset,3715,2026-05-22,2026-06-01,0.005068538126898,2026,2026-03-31,learned_vol_interaction,20260910,0.3029860806377639,0.3029860806377639,0,1
annual_shared_offset,3720,2026-05-29,2026-06-08,-0.039635353927193,2026,2026-03-31,learned_vol_interaction,20260910,0.40602485778719405,0.40602485778719405,0,0
annual_shared_offset,3725,2026-06-05,2026-06-15,0.0266849782195981,2026,2026-03-31,learned_vol_interaction,20260910,0.432960289448338,0.432960289448338,0,1
annual_shared_offset,3730,2026-06-12,2026-06-29,0.0076098142791176,2026,2026-03-31,learned_vol_interaction,20260910,0.4280160370991171,0.4280160370991171,0,1
annual_shared_offset,3739,2026-06-26,2026-07-06,0.0005137647861506,2026,2026-03-31,learned_vol_interaction,20260910,0.5090642838694552,0.5090642838694552,1,1
annual_state_offset_half,3684,2026-04-03,2026-04-13,0.0380736235508991,2026,2026-03-31,learned_vol_interaction,20260910,0.515659416956686,0.515659416956686,1,1
annual_state_offset_half,3688,2026-04-10,2026-04-20,0.0242766725964382,2026,2026-03-31,learned_vol_interaction,20260910,0.4493722448458667,0.4493722448458667,0,1
annual_state_offset_half,3693,2026-04-17,2026-04-27,0.010401572188011,2026,2026-03-31,learned_vol_interaction,20260910,0.5273621904757047,0.5273621904757047,1,1
annual_state_offset_half,3698,2026-04-24,2026-05-11,0.0263674696524953,2026,2026-03-31,learned_vol_interaction,20260910,0.562569101111175,0.562569101111175,1,1
annual_state_offset_half,3705,2026-05-08,2026-05-18,-0.0134529239455926,2026,2026-03-31,learned_vol_interaction,20260910,0.7583539673291619,0.7583539673291619,1,0
annual_state_offset_half,3710,2026-05-15,2026-05-25,0.0076235492615268,2026,2026-03-31,learned_vol_interaction,20260910,0.7936146439329491,0.7936146439329491,1,1
annual_state_offset_half,3715,2026-05-22,2026-06-01,0.005068538126898,2026,2026-03-31,learned_vol_interaction,20260910,0.3237180035743663,0.3237180035743663,0,1
annual_state_offset_half,3720,2026-05-29,2026-06-08,-0.039635353927193,2026,2026-03-31,learned_vol_interaction,20260910,0.40602485778719405,0.40602485778719405,0,0
annual_state_offset_half,3725,2026-06-05,2026-06-15,0.0266849782195981,2026,2026-03-31,learned_vol_interaction,20260910,0.432960289448338,0.432960289448338,0,1
annual_state_offset_half,3730,2026-06-12,2026-06-29,0.0076098142791176,2026,2026-03-31,learned_vol_interaction,20260910,0.4280160370991171,0.4280160370991171,0,1
annual_state_offset_half,3739,2026-06-26,2026-07-06,0.0005137647861506,2026,2026-03-31,learned_vol_interaction,20260910,0.5090642838694552,0.5090642838694552,1,1
annual_state_offset,3684,2026-04-03,2026-04-13,0.0380736235508991,2026,2026-03-31,learned_order_extension,20260910,0.4794368120870296,0.4794368120870296,0,1
annual_state_offset,3688,2026-04-10,2026-04-20,0.0242766725964382,2026,2026-03-31,learned_order_extension,20260910,0.46167487445755256,0.46167487445755256,0,1
annual_state_offset,3693,2026-04-17,2026-04-27,0.010401572188011,2026,2026-03-31,learned_order_extension,20260910,0.48915840397780913,0.48915840397780913,0,1
annual_state_offset,3698,2026-04-24,2026-05-11,0.0263674696524953,2026,2026-03-31,learned_order_extension,20260910,0.5334939283024217,0.5334939283024217,1,1
annual_state_offset,3705,2026-05-08,2026-05-18,-0.0134529239455926,2026,2026-03-31,learned_order_extension,20260910,0.6608729457947353,0.6608729457947353,1,0
annual_state_offset,3710,2026-05-15,2026-05-25,0.0076235492615268,2026,2026-03-31,learned_order_extension,20260910,0.6163573252214655,0.6163573252214655,1,1
annual_state_offset,3715,2026-05-22,2026-06-01,0.005068538126898,2026,2026-03-31,learned_order_extension,20260910,0.3610308591404851,0.3610308591404851,0,1
annual_state_offset,3720,2026-05-29,2026-06-08,-0.039635353927193,2026,2026-03-31,learned_order_extension,20260910,0.4710367249905899,0.4710367249905899,0,0
annual_state_offset,3725,2026-06-05,2026-06-15,0.0266849782195981,2026,2026-03-31,learned_order_extension,20260910,0.4787674603567685,0.4787674603567685,0,1
annual_state_offset,3730,2026-06-12,2026-06-29,0.0076098142791176,2026,2026-03-31,learned_order_extension,20260910,0.46726942898894935,0.46726942898894935,0,1
annual_state_offset,3739,2026-06-26,2026-07-06,0.0005137647861506,2026,2026-03-31,learned_order_extension,20260910,0.50390759823315,0.50390759823315,1,1
annual_shared_offset,3684,2026-04-03,2026-04-13,0.0380736235508991,2026,2026-03-31,learned_order_extension,20260910,0.4794368120870296,0.4794368120870296,0,1
annual_shared_offset,3688,2026-04-10,2026-04-20,0.0242766725964382,2026,2026-03-31,learned_order_extension,20260910,0.46167487445755256,0.46167487445755256,0,1
annual_shared_offset,3693,2026-04-17,2026-04-27,0.010401572188011,2026,2026-03-31,learned_order_extension,20260910,0.48915840397780913,0.48915840397780913,0,1
annual_shared_offset,3698,2026-04-24,2026-05-11,0.0263674696524953,2026,2026-03-31,learned_order_extension,20260910,0.5334939283024217,0.5334939283024217,1,1
annual_shared_offset,3705,2026-05-08,2026-05-18,-0.0134529239455926,2026,2026-03-31,learned_order_extension,20260910,0.6608729457947353,0.6608729457947353,1,0
annual_shared_offset,3710,2026-05-15,2026-05-25,0.0076235492615268,2026,2026-03-31,learned_order_extension,20260910,0.6163573252214655,0.6163573252214655,1,1
annual_shared_offset,3715,2026-05-22,2026-06-01,0.005068538126898,2026,2026-03-31,learned_order_extension,20260910,0.3610308591404851,0.3610308591404851,0,1
annual_shared_offset,3720,2026-05-29,2026-06-08,-0.039635353927193,2026,2026-03-31,learned_order_extension,20260910,0.4710367249905899,0.4710367249905899,0,0
annual_shared_offset,3725,2026-06-05,2026-06-15,0.0266849782195981,2026,2026-03-31,learned_order_extension,20260910,0.4787674603567685,0.4787674603567685,0,1
annual_shared_offset,3730,2026-06-12,2026-06-29,0.0076098142791176,2026,2026-03-31,learned_order_extension,20260910,0.46726942898894935,0.46726942898894935,0,1
annual_shared_offset,3739,2026-06-26,2026-07-06,0.0005137647861506,2026,2026-03-31,learned_order_extension,20260910,0.50390759823315,0.50390759823315,1,1
annual_state_offset_half,3684,2026-04-03,2026-04-13,0.0380736235508991,2026,2026-03-31,learned_order_extension,20260910,0.4794368120870296,0.4794368120870296,0,1
annual_state_offset_half,3688,2026-04-10,2026-04-20,0.0242766725964382,2026,2026-03-31,learned_order_extension,20260910,0.46167487445755256,0.46167487445755256,0,1
annual_state_offset_half,3693,2026-04-17,2026-04-27,0.010401572188011,2026,2026-03-31,learned_order_extension,20260910,0.48915840397780913,0.48915840397780913,0,1
annual_state_offset_half,3698,2026-04-24,2026-05-11,0.0263674696524953,2026,2026-03-31,learned_order_extension,20260910,0.5334939283024217,0.5334939283024217,1,1
annual_state_offset_half,3705,2026-05-08,2026-05-18,-0.0134529239455926,2026,2026-03-31,learned_order_extension,20260910,0.6608729457947353,0.6608729457947353,1,0
annual_state_offset_half,3710,2026-05-15,2026-05-25,0.0076235492615268,2026,2026-03-31,learned_order_extension,20260910,0.6395687484525218,0.6395687484525218,1,1
annual_state_offset_half,3715,2026-05-22,2026-06-01,0.005068538126898,2026,2026-03-31,learned_order_extension,20260910,0.384257696849972,0.384257696849972,0,1
annual_state_offset_half,3720,2026-05-29,2026-06-08,-0.039635353927193,2026,2026-03-31,learned_order_extension,20260910,0.4710367249905899,0.4710367249905899,0,0
annual_state_offset_half,3725,2026-06-05,2026-06-15,0.0266849782195981,2026,2026-03-31,learned_order_extension,20260910,0.4787674603567685,0.4787674603567685,0,1
annual_state_offset_half,3730,2026-06-12,2026-06-29,0.0076098142791176,2026,2026-03-31,learned_order_extension,20260910,0.46726942898894935,0.46726942898894935,0,1
annual_state_offset_half,3739,2026-06-26,2026-07-06,0.0005137647861506,2026,2026-03-31,learned_order_extension,20260910,0.50390759823315,0.50390759823315,1,1
annual_state_offset,3684,2026-04-03,2026-04-13,0.0380736235508991,2026,2026-03-31,learned_order_offset,20260910,0.4782165227179181,0.4782165227179181,0,1
annual_state_offset,3688,2026-04-10,2026-04-20,0.0242766725964382,2026,2026-03-31,learned_order_offset,20260910,0.4615862587370742,0.4615862587370742,0,1
annual_state_offset,3693,2026-04-17,2026-04-27,0.010401572188011,2026,2026-03-31,learned_order_offset,20260910,0.48781762002384393,0.48781762002384393,0,1
annual_state_offset,3698,2026-04-24,2026-05-11,0.0263674696524953,2026,2026-03-31,learned_order_offset,20260910,0.5331761180129994,0.5331761180129994,1,1
annual_state_offset,3705,2026-05-08,2026-05-18,-0.0134529239455926,2026,2026-03-31,learned_order_offset,20260910,0.6596035363014215,0.6596035363014215,1,0
annual_state_offset,3710,2026-05-15,2026-05-25,0.0076235492615268,2026,2026-03-31,learned_order_offset,20260910,0.6140459160534726,0.6140459160534726,1,1
annual_state_offset,3715,2026-05-22,2026-06-01,0.005068538126898,2026,2026-03-31,learned_order_offset,20260910,0.3615371357327402,0.3615371357327402,0,1
annual_state_offset,3720,2026-05-29,2026-06-08,-0.039635353927193,2026,2026-03-31,learned_order_offset,20260910,0.4707708671158844,0.4707708671158844,0,0
annual_state_offset,3725,2026-06-05,2026-06-15,0.0266849782195981,2026,2026-03-31,learned_order_offset,20260910,0.47868630672112744,0.47868630672112744,0,1
annual_state_offset,3730,2026-06-12,2026-06-29,0.0076098142791176,2026,2026-03-31,learned_order_offset,20260910,0.46795283108360136,0.46795283108360136,0,1
annual_state_offset,3739,2026-06-26,2026-07-06,0.0005137647861506,2026,2026-03-31,learned_order_offset,20260910,0.502351064392109,0.502351064392109,1,1
annual_shared_offset,3684,2026-04-03,2026-04-13,0.0380736235508991,2026,2026-03-31,learned_order_offset,20260910,0.4782165227179181,0.4782165227179181,0,1
annual_shared_offset,3688,2026-04-10,2026-04-20,0.0242766725964382,2026,2026-03-31,learned_order_offset,20260910,0.4615862587370742,0.4615862587370742,0,1
annual_shared_offset,3693,2026-04-17,2026-04-27,0.010401572188011,2026,2026-03-31,learned_order_offset,20260910,0.48781762002384393,0.48781762002384393,0,1
annual_shared_offset,3698,2026-04-24,2026-05-11,0.0263674696524953,2026,2026-03-31,learned_order_offset,20260910,0.5331761180129994,0.5331761180129994,1,1
annual_shared_offset,3705,2026-05-08,2026-05-18,-0.0134529239455926,2026,2026-03-31,learned_order_offset,20260910,0.6596035363014215,0.6596035363014215,1,0
annual_shared_offset,3710,2026-05-15,2026-05-25,0.0076235492615268,2026,2026-03-31,learned_order_offset,20260910,0.6140459160534726,0.6140459160534726,1,1
annual_shared_offset,3715,2026-05-22,2026-06-01,0.005068538126898,2026,2026-03-31,learned_order_offset,20260910,0.3615371357327402,0.3615371357327402,0,1
annual_shared_offset,3720,2026-05-29,2026-06-08,-0.039635353927193,2026,2026-03-31,learned_order_offset,20260910,0.4707708671158844,0.4707708671158844,0,0
annual_shared_offset,3725,2026-06-05,2026-06-15,0.0266849782195981,2026,2026-03-31,learned_order_offset,20260910,0.47868630672112744,0.47868630672112744,0,1
annual_shared_offset,3730,2026-06-12,2026-06-29,0.0076098142791176,2026,2026-03-31,learned_order_offset,20260910,0.46795283108360136,0.46795283108360136,0,1
annual_shared_offset,3739,2026-06-26,2026-07-06,0.0005137647861506,2026,2026-03-31,learned_order_offset,20260910,0.502351064392109,0.502351064392109,1,1
annual_state_offset_half,3684,2026-04-03,2026-04-13,0.0380736235508991,2026,2026-03-31,learned_order_offset,20260910,0.4782165227179181,0.4782165227179181,0,1
annual_state_offset_half,3688,2026-04-10,2026-04-20,0.0242766725964382,2026,2026-03-31,learned_order_offset,20260910,0.4615862587370742,0.4615862587370742,0,1
annual_state_offset_half,3693,2026-04-17,2026-04-27,0.010401572188011,2026,2026-03-31,learned_order_offset,20260910,0.48781762002384393,0.48781762002384393,0,1
annual_state_offset_half,3698,2026-04-24,2026-05-11,0.0263674696524953,2026,2026-03-31,learned_order_offset,20260910,0.5331761180129994,0.5331761180129994,1,1
annual_state_offset_half,3705,2026-05-08,2026-05-18,-0.0134529239455926,2026,2026-03-31,learned_order_offset,20260910,0.6596035363014215,0.6596035363014215,1,0
annual_state_offset_half,3710,2026-05-15,2026-05-25,0.0076235492615268,2026,2026-03-31,learned_order_offset,20260910,0.6372611019049915,0.6372611019049915,1,1
annual_state_offset_half,3715,2026-05-22,2026-06-01,0.005068538126898,2026,2026-03-31,learned_order_offset,20260910,0.3847218420640138,0.3847218420640138,0,1
annual_state_offset_half,3720,2026-05-29,2026-06-08,-0.039635353927193,2026,2026-03-31,learned_order_offset,20260910,0.4707708671158844,0.4707708671158844,0,0
annual_state_offset_half,3725,2026-06-05,2026-06-15,0.0266849782195981,2026,2026-03-31,learned_order_offset,20260910,0.47868630672112744,0.47868630672112744,0,1
annual_state_offset_half,3730,2026-06-12,2026-06-29,0.0076098142791176,2026,2026-03-31,learned_order_offset,20260910,0.46795283108360136,0.46795283108360136,0,1
annual_state_offset_half,3739,2026-06-26,2026-07-06,0.0005137647861506,2026,2026-03-31,learned_order_offset,20260910,0.502351064392109,0.502351064392109,1,1
annual_state_offset,3684,2026-04-03,2026-04-13,0.0380736235508991,2026,2026-03-31,learned_market,20260911,0.4917583888579656,0.4917583888579656,0,1
annual_state_offset,3688,2026-04-10,2026-04-20,0.0242766725964382,2026,2026-03-31,learned_market,20260911,0.42353463813148706,0.42353463813148706,0,1
annual_state_offset,3693,2026-04-17,2026-04-27,0.010401572188011,2026,2026-03-31,learned_market,20260911,0.47814615742976047,0.47814615742976047,0,1
annual_state_offset,3698,2026-04-24,2026-05-11,0.0263674696524953,2026,2026-03-31,learned_market,20260911,0.397009215522116,0.397009215522116,0,1
annual_state_offset,3705,2026-05-08,2026-05-18,-0.0134529239455926,2026,2026-03-31,learned_market,20260911,0.41986421610847413,0.41986421610847413,0,0
annual_state_offset,3710,2026-05-15,2026-05-25,0.0076235492615268,2026,2026-03-31,learned_market,20260911,0.43407430013263876,0.43407430013263876,0,1
annual_state_offset,3715,2026-05-22,2026-06-01,0.005068538126898,2026,2026-03-31,learned_market,20260911,0.5098255021150089,0.5098255021150089,1,1
annual_state_offset,3720,2026-05-29,2026-06-08,-0.039635353927193,2026,2026-03-31,learned_market,20260911,0.5335990500389893,0.5335990500389893,1,0
annual_state_offset,3725,2026-06-05,2026-06-15,0.0266849782195981,2026,2026-03-31,learned_market,20260911,0.3985532767602021,0.3985532767602021,0,1
annual_state_offset,3730,2026-06-12,2026-06-29,0.0076098142791176,2026,2026-03-31,learned_market,20260911,0.3056186128589413,0.3056186128589413,0,1
annual_state_offset,3739,2026-06-26,2026-07-06,0.0005137647861506,2026,2026-03-31,learned_market,20260911,0.47152715176422977,0.47152715176422977,0,1
annual_shared_offset,3684,2026-04-03,2026-04-13,0.0380736235508991,2026,2026-03-31,learned_market,20260911,0.4917583888579656,0.4917583888579656,0,1
annual_shared_offset,3688,2026-04-10,2026-04-20,0.0242766725964382,2026,2026-03-31,learned_market,20260911,0.42353463813148706,0.42353463813148706,0,1
annual_shared_offset,3693,2026-04-17,2026-04-27,0.010401572188011,2026,2026-03-31,learned_market,20260911,0.47814615742976047,0.47814615742976047,0,1
annual_shared_offset,3698,2026-04-24,2026-05-11,0.0263674696524953,2026,2026-03-31,learned_market,20260911,0.397009215522116,0.397009215522116,0,1
annual_shared_offset,3705,2026-05-08,2026-05-18,-0.0134529239455926,2026,2026-03-31,learned_market,20260911,0.41986421610847413,0.41986421610847413,0,0
annual_shared_offset,3710,2026-05-15,2026-05-25,0.0076235492615268,2026,2026-03-31,learned_market,20260911,0.43407430013263876,0.43407430013263876,0,1
annual_shared_offset,3715,2026-05-22,2026-06-01,0.005068538126898,2026,2026-03-31,learned_market,20260911,0.5098255021150089,0.5098255021150089,1,1
annual_shared_offset,3720,2026-05-29,2026-06-08,-0.039635353927193,2026,2026-03-31,learned_market,20260911,0.5335990500389893,0.5335990500389893,1,0
annual_shared_offset,3725,2026-06-05,2026-06-15,0.0266849782195981,2026,2026-03-31,learned_market,20260911,0.3985532767602021,0.3985532767602021,0,1
annual_shared_offset,3730,2026-06-12,2026-06-29,0.0076098142791176,2026,2026-03-31,learned_market,20260911,0.3056186128589413,0.3056186128589413,0,1
annual_shared_offset,3739,2026-06-26,2026-07-06,0.0005137647861506,2026,2026-03-31,learned_market,20260911,0.47152715176422977,0.47152715176422977,0,1
annual_state_offset_half,3684,2026-04-03,2026-04-13,0.0380736235508991,2026,2026-03-31,learned_market,20260911,0.4917583888579656,0.4917583888579656,0,1
annual_state_offset_half,3688,2026-04-10,2026-04-20,0.0242766725964382,2026,2026-03-31,learned_market,20260911,0.42353463813148706,0.42353463813148706,0,1
annual_state_offset_half,3693,2026-04-17,2026-04-27,0.010401572188011,2026,2026-03-31,learned_market,20260911,0.47814615742976047,0.47814615742976047,0,1
annual_state_offset_half,3698,2026-04-24,2026-05-11,0.0263674696524953,2026,2026-03-31,learned_market,20260911,0.397009215522116,0.397009215522116,0,1
annual_state_offset_half,3705,2026-05-08,2026-05-18,-0.0134529239455926,2026,2026-03-31,learned_market,20260911,0.41986421610847413,0.41986421610847413,0,0
annual_state_offset_half,3710,2026-05-15,2026-05-25,0.0076235492615268,2026,2026-03-31,learned_market,20260911,0.46282451681865205,0.46282451681865205,0,1
annual_state_offset_half,3715,2026-05-22,2026-06-01,0.005068538126898,2026,2026-03-31,learned_market,20260911,0.5388160614729982,0.5388160614729982,1,1
annual_state_offset_half,3720,2026-05-29,2026-06-08,-0.039635353927193,2026,2026-03-31,learned_market,20260911,0.5335990500389893,0.5335990500389893,1,0
annual_state_offset_half,3725,2026-06-05,2026-06-15,0.0266849782195981,2026,2026-03-31,learned_market,20260911,0.3985532767602021,0.3985532767602021,0,1
annual_state_offset_half,3730,2026-06-12,2026-06-29,0.0076098142791176,2026,2026-03-31,learned_market,20260911,0.3056186128589413,0.3056186128589413,0,1
annual_state_offset_half,3739,2026-06-26,2026-07-06,0.0005137647861506,2026,2026-03-31,learned_market,20260911,0.47152715176422977,0.47152715176422977,0,1
annual_state_offset,3684,2026-04-03,2026-04-13,0.0380736235508991,2026,2026-03-31,learned_vol_interaction,20260911,0.4940578595412546,0.4940578595412546,0,1
annual_state_offset,3688,2026-04-10,2026-04-20,0.0242766725964382,2026,2026-03-31,learned_vol_interaction,20260911,0.4337471397432452,0.4337471397432452,0,1
annual_state_offset,3693,2026-04-17,2026-04-27,0.010401572188011,2026,2026-03-31,learned_vol_interaction,20260911,0.4850032907922162,0.4850032907922162,0,1
annual_state_offset,3698,2026-04-24,2026-05-11,0.0263674696524953,2026,2026-03-31,learned_vol_interaction,20260911,0.4058893273550579,0.4058893273550579,0,1
annual_state_offset,3705,2026-05-08,2026-05-18,-0.0134529239455926,2026,2026-03-31,learned_vol_interaction,20260911,0.42973836440374286,0.42973836440374286,0,0
annual_state_offset,3710,2026-05-15,2026-05-25,0.0076235492615268,2026,2026-03-31,learned_vol_interaction,20260911,0.4375419433919026,0.4375419433919026,0,1
annual_state_offset,3715,2026-05-22,2026-06-01,0.005068538126898,2026,2026-03-31,learned_vol_interaction,20260911,0.5116210946657043,0.5116210946657043,1,1
annual_state_offset,3720,2026-05-29,2026-06-08,-0.039635353927193,2026,2026-03-31,learned_vol_interaction,20260911,0.5277526974219006,0.5277526974219006,1,0
annual_state_offset,3725,2026-06-05,2026-06-15,0.0266849782195981,2026,2026-03-31,learned_vol_interaction,20260911,0.3941068335829671,0.3941068335829671,0,1
annual_state_offset,3730,2026-06-12,2026-06-29,0.0076098142791176,2026,2026-03-31,learned_vol_interaction,20260911,0.3023086014266972,0.3023086014266972,0,1
annual_state_offset,3739,2026-06-26,2026-07-06,0.0005137647861506,2026,2026-03-31,learned_vol_interaction,20260911,0.4831146486882105,0.4831146486882105,0,1
annual_shared_offset,3684,2026-04-03,2026-04-13,0.0380736235508991,2026,2026-03-31,learned_vol_interaction,20260911,0.4940578595412546,0.4940578595412546,0,1
annual_shared_offset,3688,2026-04-10,2026-04-20,0.0242766725964382,2026,2026-03-31,learned_vol_interaction,20260911,0.4337471397432452,0.4337471397432452,0,1
annual_shared_offset,3693,2026-04-17,2026-04-27,0.010401572188011,2026,2026-03-31,learned_vol_interaction,20260911,0.4850032907922162,0.4850032907922162,0,1
annual_shared_offset,3698,2026-04-24,2026-05-11,0.0263674696524953,2026,2026-03-31,learned_vol_interaction,20260911,0.4058893273550579,0.4058893273550579,0,1
annual_shared_offset,3705,2026-05-08,2026-05-18,-0.0134529239455926,2026,2026-03-31,learned_vol_interaction,20260911,0.42973836440374286,0.42973836440374286,0,0
annual_shared_offset,3710,2026-05-15,2026-05-25,0.0076235492615268,2026,2026-03-31,learned_vol_interaction,20260911,0.4375419433919026,0.4375419433919026,0,1
annual_shared_offset,3715,2026-05-22,2026-06-01,0.005068538126898,2026,2026-03-31,learned_vol_interaction,20260911,0.5116210946657043,0.5116210946657043,1,1
annual_shared_offset,3720,2026-05-29,2026-06-08,-0.039635353927193,2026,2026-03-31,learned_vol_interaction,20260911,0.5277526974219006,0.5277526974219006,1,0
annual_shared_offset,3725,2026-06-05,2026-06-15,0.0266849782195981,2026,2026-03-31,learned_vol_interaction,20260911,0.3941068335829671,0.3941068335829671,0,1
annual_shared_offset,3730,2026-06-12,2026-06-29,0.0076098142791176,2026,2026-03-31,learned_vol_interaction,20260911,0.3023086014266972,0.3023086014266972,0,1
annual_shared_offset,3739,2026-06-26,2026-07-06,0.0005137647861506,2026,2026-03-31,learned_vol_interaction,20260911,0.4831146486882105,0.4831146486882105,0,1
annual_state_offset_half,3684,2026-04-03,2026-04-13,0.0380736235508991,2026,2026-03-31,learned_vol_interaction,20260911,0.4940578595412546,0.4940578595412546,0,1
annual_state_offset_half,3688,2026-04-10,2026-04-20,0.0242766725964382,2026,2026-03-31,learned_vol_interaction,20260911,0.4337471397432452,0.4337471397432452,0,1
annual_state_offset_half,3693,2026-04-17,2026-04-27,0.010401572188011,2026,2026-03-31,learned_vol_interaction,20260911,0.4850032907922162,0.4850032907922162,0,1
annual_state_offset_half,3698,2026-04-24,2026-05-11,0.0263674696524953,2026,2026-03-31,learned_vol_interaction,20260911,0.4058893273550579,0.4058893273550579,0,1
annual_state_offset_half,3705,2026-05-08,2026-05-18,-0.0134529239455926,2026,2026-03-31,learned_vol_interaction,20260911,0.42973836440374286,0.42973836440374286,0,0
annual_state_offset_half,3710,2026-05-15,2026-05-25,0.0076235492615268,2026,2026-03-31,learned_vol_interaction,20260911,0.46612041374539254,0.46612041374539254,0,1
annual_state_offset_half,3715,2026-05-22,2026-06-01,0.005068538126898,2026,2026-03-31,learned_vol_interaction,20260911,0.5403894107476027,0.5403894107476027,1,1
annual_state_offset_half,3720,2026-05-29,2026-06-08,-0.039635353927193,2026,2026-03-31,learned_vol_interaction,20260911,0.5277526974219006,0.5277526974219006,1,0
annual_state_offset_half,3725,2026-06-05,2026-06-15,0.0266849782195981,2026,2026-03-31,learned_vol_interaction,20260911,0.3941068335829671,0.3941068335829671,0,1
annual_state_offset_half,3730,2026-06-12,2026-06-29,0.0076098142791176,2026,2026-03-31,learned_vol_interaction,20260911,0.3023086014266972,0.3023086014266972,0,1
annual_state_offset_half,3739,2026-06-26,2026-07-06,0.0005137647861506,2026,2026-03-31,learned_vol_interaction,20260911,0.4831146486882105,0.4831146486882105,0,1
annual_state_offset,3684,2026-04-03,2026-04-13,0.0380736235508991,2026,2026-03-31,learned_order_extension,20260911,0.5225865555186127,0.5225865555186127,1,1
annual_state_offset,3688,2026-04-10,2026-04-20,0.0242766725964382,2026,2026-03-31,learned_order_extension,20260911,0.3902218447958239,0.3902218447958239,0,1
annual_state_offset,3693,2026-04-17,2026-04-27,0.010401572188011,2026,2026-03-31,learned_order_extension,20260911,0.47502129653057895,0.47502129653057895,0,1
annual_state_offset,3698,2026-04-24,2026-05-11,0.0263674696524953,2026,2026-03-31,learned_order_extension,20260911,0.3615628091350967,0.3615628091350967,0,1
annual_state_offset,3705,2026-05-08,2026-05-18,-0.0134529239455926,2026,2026-03-31,learned_order_extension,20260911,0.37473317599903294,0.37473317599903294,0,0
annual_state_offset,3710,2026-05-15,2026-05-25,0.0076235492615268,2026,2026-03-31,learned_order_extension,20260911,0.4314450999568265,0.4314450999568265,0,1
annual_state_offset,3715,2026-05-22,2026-06-01,0.005068538126898,2026,2026-03-31,learned_order_extension,20260911,0.5495518778071695,0.5495518778071695,1,1
annual_state_offset,3720,2026-05-29,2026-06-08,-0.039635353927193,2026,2026-03-31,learned_order_extension,20260911,0.5389218116035444,0.5389218116035444,1,0
annual_state_offset,3725,2026-06-05,2026-06-15,0.0266849782195981,2026,2026-03-31,learned_order_extension,20260911,0.3259340934446785,0.3259340934446785,0,1
annual_state_offset,3730,2026-06-12,2026-06-29,0.0076098142791176,2026,2026-03-31,learned_order_extension,20260911,0.20659956001017632,0.20659956001017632,0,1
annual_state_offset,3739,2026-06-26,2026-07-06,0.0005137647861506,2026,2026-03-31,learned_order_extension,20260911,0.43462554431806527,0.43462554431806527,0,1
annual_shared_offset,3684,2026-04-03,2026-04-13,0.0380736235508991,2026,2026-03-31,learned_order_extension,20260911,0.5225865555186127,0.5225865555186127,1,1
annual_shared_offset,3688,2026-04-10,2026-04-20,0.0242766725964382,2026,2026-03-31,learned_order_extension,20260911,0.3902218447958239,0.3902218447958239,0,1
annual_shared_offset,3693,2026-04-17,2026-04-27,0.010401572188011,2026,2026-03-31,learned_order_extension,20260911,0.47502129653057895,0.47502129653057895,0,1
annual_shared_offset,3698,2026-04-24,2026-05-11,0.0263674696524953,2026,2026-03-31,learned_order_extension,20260911,0.3615628091350967,0.3615628091350967,0,1
annual_shared_offset,3705,2026-05-08,2026-05-18,-0.0134529239455926,2026,2026-03-31,learned_order_extension,20260911,0.37473317599903294,0.37473317599903294,0,0
annual_shared_offset,3710,2026-05-15,2026-05-25,0.0076235492615268,2026,2026-03-31,learned_order_extension,20260911,0.4314450999568265,0.4314450999568265,0,1
annual_shared_offset,3715,2026-05-22,2026-06-01,0.005068538126898,2026,2026-03-31,learned_order_extension,20260911,0.5495518778071695,0.5495518778071695,1,1
annual_shared_offset,3720,2026-05-29,2026-06-08,-0.039635353927193,2026,2026-03-31,learned_order_extension,20260911,0.5389218116035444,0.5389218116035444,1,0
annual_shared_offset,3725,2026-06-05,2026-06-15,0.0266849782195981,2026,2026-03-31,learned_order_extension,20260911,0.3259340934446785,0.3259340934446785,0,1
annual_shared_offset,3730,2026-06-12,2026-06-29,0.0076098142791176,2026,2026-03-31,learned_order_extension,20260911,0.20659956001017632,0.20659956001017632,0,1
annual_shared_offset,3739,2026-06-26,2026-07-06,0.0005137647861506,2026,2026-03-31,learned_order_extension,20260911,0.43462554431806527,0.43462554431806527,0,1
annual_state_offset_half,3684,2026-04-03,2026-04-13,0.0380736235508991,2026,2026-03-31,learned_order_extension,20260911,0.5225865555186127,0.5225865555186127,1,1
annual_state_offset_half,3688,2026-04-10,2026-04-20,0.0242766725964382,2026,2026-03-31,learned_order_extension,20260911,0.3902218447958239,0.3902218447958239,0,1
annual_state_offset_half,3693,2026-04-17,2026-04-27,0.010401572188011,2026,2026-03-31,learned_order_extension,20260911,0.47502129653057895,0.47502129653057895,0,1
annual_state_offset_half,3698,2026-04-24,2026-05-11,0.0263674696524953,2026,2026-03-31,learned_order_extension,20260911,0.3615628091350967,0.3615628091350967,0,1
annual_state_offset_half,3705,2026-05-08,2026-05-18,-0.0134529239455926,2026,2026-03-31,learned_order_extension,20260911,0.37473317599903294,0.37473317599903294,0,0
annual_state_offset_half,3710,2026-05-15,2026-05-25,0.0076235492615268,2026,2026-03-31,learned_order_extension,20260911,0.45953873539837975,0.45953873539837975,0,1
annual_state_offset_half,3715,2026-05-22,2026-06-01,0.005068538126898,2026,2026-03-31,learned_order_extension,20260911,0.5775241903172401,0.5775241903172401,1,1
annual_state_offset_half,3720,2026-05-29,2026-06-08,-0.039635353927193,2026,2026-03-31,learned_order_extension,20260911,0.5389218116035444,0.5389218116035444,1,0
annual_state_offset_half,3725,2026-06-05,2026-06-15,0.0266849782195981,2026,2026-03-31,learned_order_extension,20260911,0.3259340934446785,0.3259340934446785,0,1
annual_state_offset_half,3730,2026-06-12,2026-06-29,0.0076098142791176,2026,2026-03-31,learned_order_extension,20260911,0.20659956001017632,0.20659956001017632,0,1
annual_state_offset_half,3739,2026-06-26,2026-07-06,0.0005137647861506,2026,2026-03-31,learned_order_extension,20260911,0.43462554431806527,0.43462554431806527,0,1
annual_state_offset,3684,2026-04-03,2026-04-13,0.0380736235508991,2026,2026-03-31,learned_order_offset,20260911,0.5224823337812894,0.5224823337812894,1,1
annual_state_offset,3688,2026-04-10,2026-04-20,0.0242766725964382,2026,2026-03-31,learned_order_offset,20260911,0.3902357573397548,0.3902357573397548,0,1
annual_state_offset,3693,2026-04-17,2026-04-27,0.010401572188011,2026,2026-03-31,learned_order_offset,20260911,0.47553685695761877,0.47553685695761877,0,1
annual_state_offset,3698,2026-04-24,2026-05-11,0.0263674696524953,2026,2026-03-31,learned_order_offset,20260911,0.3620463682387632,0.3620463682387632,0,1
annual_state_offset,3705,2026-05-08,2026-05-18,-0.0134529239455926,2026,2026-03-31,learned_order_offset,20260911,0.37506110199237114,0.37506110199237114,0,0
annual_state_offset,3710,2026-05-15,2026-05-25,0.0076235492615268,2026,2026-03-31,learned_order_offset,20260911,0.4319113508312156,0.4319113508312156,0,1
annual_state_offset,3715,2026-05-22,2026-06-01,0.005068538126898,2026,2026-03-31,learned_order_offset,20260911,0.549325625224821,0.549325625224821,1,1
annual_state_offset,3720,2026-05-29,2026-06-08,-0.039635353927193,2026,2026-03-31,learned_order_offset,20260911,0.539117103351593,0.539117103351593,1,0
annual_state_offset,3725,2026-06-05,2026-06-15,0.0266849782195981,2026,2026-03-31,learned_order_offset,20260911,0.32656706271307595,0.32656706271307595,0,1
annual_state_offset,3730,2026-06-12,2026-06-29,0.0076098142791176,2026,2026-03-31,learned_order_offset,20260911,0.20714161696112363,0.20714161696112363,0,1
annual_state_offset,3739,2026-06-26,2026-07-06,0.0005137647861506,2026,2026-03-31,learned_order_offset,20260911,0.4347302511570772,0.4347302511570772,0,1
annual_shared_offset,3684,2026-04-03,2026-04-13,0.0380736235508991,2026,2026-03-31,learned_order_offset,20260911,0.5224823337812894,0.5224823337812894,1,1
annual_shared_offset,3688,2026-04-10,2026-04-20,0.0242766725964382,2026,2026-03-31,learned_order_offset,20260911,0.3902357573397548,0.3902357573397548,0,1
annual_shared_offset,3693,2026-04-17,2026-04-27,0.010401572188011,2026,2026-03-31,learned_order_offset,20260911,0.47553685695761877,0.47553685695761877,0,1
annual_shared_offset,3698,2026-04-24,2026-05-11,0.0263674696524953,2026,2026-03-31,learned_order_offset,20260911,0.3620463682387632,0.3620463682387632,0,1
annual_shared_offset,3705,2026-05-08,2026-05-18,-0.0134529239455926,2026,2026-03-31,learned_order_offset,20260911,0.37506110199237114,0.37506110199237114,0,0
annual_shared_offset,3710,2026-05-15,2026-05-25,0.0076235492615268,2026,2026-03-31,learned_order_offset,20260911,0.4319113508312156,0.4319113508312156,0,1
annual_shared_offset,3715,2026-05-22,2026-06-01,0.005068538126898,2026,2026-03-31,learned_order_offset,20260911,0.549325625224821,0.549325625224821,1,1
annual_shared_offset,3720,2026-05-29,2026-06-08,-0.039635353927193,2026,2026-03-31,learned_order_offset,20260911,0.539117103351593,0.539117103351593,1,0
annual_shared_offset,3725,2026-06-05,2026-06-15,0.0266849782195981,2026,2026-03-31,learned_order_offset,20260911,0.32656706271307595,0.32656706271307595,0,1
annual_shared_offset,3730,2026-06-12,2026-06-29,0.0076098142791176,2026,2026-03-31,learned_order_offset,20260911,0.20714161696112363,0.20714161696112363,0,1
annual_shared_offset,3739,2026-06-26,2026-07-06,0.0005137647861506,2026,2026-03-31,learned_order_offset,20260911,0.4347302511570772,0.4347302511570772,0,1
annual_state_offset_half,3684,2026-04-03,2026-04-13,0.0380736235508991,2026,2026-03-31,learned_order_offset,20260911,0.5224823337812894,0.5224823337812894,1,1
annual_state_offset_half,3688,2026-04-10,2026-04-20,0.0242766725964382,2026,2026-03-31,learned_order_offset,20260911,0.3902357573397548,0.3902357573397548,0,1
annual_state_offset_half,3693,2026-04-17,2026-04-27,0.010401572188011,2026,2026-03-31,learned_order_offset,20260911,0.47553685695761877,0.47553685695761877,0,1
annual_state_offset_half,3698,2026-04-24,2026-05-11,0.0263674696524953,2026,2026-03-31,learned_order_offset,20260911,0.3620463682387632,0.3620463682387632,0,1
annual_state_offset_half,3705,2026-05-08,2026-05-18,-0.0134529239455926,2026,2026-03-31,learned_order_offset,20260911,0.37506110199237114,0.37506110199237114,0,0
annual_state_offset_half,3710,2026-05-15,2026-05-25,0.0076235492615268,2026,2026-03-31,learned_order_offset,20260911,0.46001371191997187,0.46001371191997187,0,1
annual_state_offset_half,3715,2026-05-22,2026-06-01,0.005068538126898,2026,2026-03-31,learned_order_offset,20260911,0.5773040588317666,0.5773040588317666,1,1
annual_state_offset_half,3720,2026-05-29,2026-06-08,-0.039635353927193,2026,2026-03-31,learned_order_offset,20260911,0.539117103351593,0.539117103351593,1,0
annual_state_offset_half,3725,2026-06-05,2026-06-15,0.0266849782195981,2026,2026-03-31,learned_order_offset,20260911,0.32656706271307595,0.32656706271307595,0,1
annual_state_offset_half,3730,2026-06-12,2026-06-29,0.0076098142791176,2026,2026-03-31,learned_order_offset,20260911,0.20714161696112363,0.20714161696112363,0,1
annual_state_offset_half,3739,2026-06-26,2026-07-06,0.0005137647861506,2026,2026-03-31,learned_order_offset,20260911,0.4347302511570772,0.4347302511570772,0,1
annual_state_offset,3684,2026-04-03,2026-04-13,0.0380736235508991,2026,2026-03-31,learned_market,20260912,0.42407385697810146,0.42407385697810146,0,1
annual_state_offset,3688,2026-04-10,2026-04-20,0.0242766725964382,2026,2026-03-31,learned_market,20260912,0.4843345016251858,0.4843345016251858,0,1
annual_state_offset,3693,2026-04-17,2026-04-27,0.010401572188011,2026,2026-03-31,learned_market,20260912,0.42352930830164365,0.42352930830164365,0,1
annual_state_offset,3698,2026-04-24,2026-05-11,0.0263674696524953,2026,2026-03-31,learned_market,20260912,0.43134778732263795,0.43134778732263795,0,1
annual_state_offset,3705,2026-05-08,2026-05-18,-0.0134529239455926,2026,2026-03-31,learned_market,20260912,0.47804055860260325,0.47804055860260325,0,0
annual_state_offset,3710,2026-05-15,2026-05-25,0.0076235492615268,2026,2026-03-31,learned_market,20260912,0.4688798897392973,0.4688798897392973,0,1
annual_state_offset,3715,2026-05-22,2026-06-01,0.005068538126898,2026,2026-03-31,learned_market,20260912,0.456554907003279,0.456554907003279,0,1
annual_state_offset,3720,2026-05-29,2026-06-08,-0.039635353927193,2026,2026-03-31,learned_market,20260912,0.47332917945413594,0.47332917945413594,0,0
annual_state_offset,3725,2026-06-05,2026-06-15,0.0266849782195981,2026,2026-03-31,learned_market,20260912,0.46849386998390014,0.46849386998390014,0,1
annual_state_offset,3730,2026-06-12,2026-06-29,0.0076098142791176,2026,2026-03-31,learned_market,20260912,0.4497314325369085,0.4497314325369085,0,1
annual_state_offset,3739,2026-06-26,2026-07-06,0.0005137647861506,2026,2026-03-31,learned_market,20260912,0.5338580433420232,0.5338580433420232,1,1
annual_shared_offset,3684,2026-04-03,2026-04-13,0.0380736235508991,2026,2026-03-31,learned_market,20260912,0.42407385697810146,0.42407385697810146,0,1
annual_shared_offset,3688,2026-04-10,2026-04-20,0.0242766725964382,2026,2026-03-31,learned_market,20260912,0.4843345016251858,0.4843345016251858,0,1
annual_shared_offset,3693,2026-04-17,2026-04-27,0.010401572188011,2026,2026-03-31,learned_market,20260912,0.42352930830164365,0.42352930830164365,0,1
annual_shared_offset,3698,2026-04-24,2026-05-11,0.0263674696524953,2026,2026-03-31,learned_market,20260912,0.43134778732263795,0.43134778732263795,0,1
annual_shared_offset,3705,2026-05-08,2026-05-18,-0.0134529239455926,2026,2026-03-31,learned_market,20260912,0.47804055860260325,0.47804055860260325,0,0
annual_shared_offset,3710,2026-05-15,2026-05-25,0.0076235492615268,2026,2026-03-31,learned_market,20260912,0.4688798897392973,0.4688798897392973,0,1
annual_shared_offset,3715,2026-05-22,2026-06-01,0.005068538126898,2026,2026-03-31,learned_market,20260912,0.456554907003279,0.456554907003279,0,1
annual_shared_offset,3720,2026-05-29,2026-06-08,-0.039635353927193,2026,2026-03-31,learned_market,20260912,0.47332917945413594,0.47332917945413594,0,0
annual_shared_offset,3725,2026-06-05,2026-06-15,0.0266849782195981,2026,2026-03-31,learned_market,20260912,0.46849386998390014,0.46849386998390014,0,1
annual_shared_offset,3730,2026-06-12,2026-06-29,0.0076098142791176,2026,2026-03-31,learned_market,20260912,0.4497314325369085,0.4497314325369085,0,1
annual_shared_offset,3739,2026-06-26,2026-07-06,0.0005137647861506,2026,2026-03-31,learned_market,20260912,0.5338580433420232,0.5338580433420232,1,1
annual_state_offset_half,3684,2026-04-03,2026-04-13,0.0380736235508991,2026,2026-03-31,learned_market,20260912,0.42407385697810146,0.42407385697810146,0,1
annual_state_offset_half,3688,2026-04-10,2026-04-20,0.0242766725964382,2026,2026-03-31,learned_market,20260912,0.4843345016251858,0.4843345016251858,0,1
annual_state_offset_half,3693,2026-04-17,2026-04-27,0.010401572188011,2026,2026-03-31,learned_market,20260912,0.42352930830164365,0.42352930830164365,0,1
annual_state_offset_half,3698,2026-04-24,2026-05-11,0.0263674696524953,2026,2026-03-31,learned_market,20260912,0.43134778732263795,0.43134778732263795,0,1
annual_state_offset_half,3705,2026-05-08,2026-05-18,-0.0134529239455926,2026,2026-03-31,learned_market,20260912,0.47804055860260325,0.47804055860260325,0,0
annual_state_offset_half,3710,2026-05-15,2026-05-25,0.0076235492615268,2026,2026-03-31,learned_market,20260912,0.4965513703090947,0.4965513703090947,0,1
annual_state_offset_half,3715,2026-05-22,2026-06-01,0.005068538126898,2026,2026-03-31,learned_market,20260912,0.48416207820348117,0.48416207820348117,0,1
annual_state_offset_half,3720,2026-05-29,2026-06-08,-0.039635353927193,2026,2026-03-31,learned_market,20260912,0.47332917945413594,0.47332917945413594,0,0
annual_state_offset_half,3725,2026-06-05,2026-06-15,0.0266849782195981,2026,2026-03-31,learned_market,20260912,0.46849386998390014,0.46849386998390014,0,1
annual_state_offset_half,3730,2026-06-12,2026-06-29,0.0076098142791176,2026,2026-03-31,learned_market,20260912,0.4497314325369085,0.4497314325369085,0,1
annual_state_offset_half,3739,2026-06-26,2026-07-06,0.0005137647861506,2026,2026-03-31,learned_market,20260912,0.5338580433420232,0.5338580433420232,1,1
annual_state_offset,3684,2026-04-03,2026-04-13,0.0380736235508991,2026,2026-03-31,learned_vol_interaction,20260912,0.44194013633414186,0.44194013633414186,0,1
annual_state_offset,3688,2026-04-10,2026-04-20,0.0242766725964382,2026,2026-03-31,learned_vol_interaction,20260912,0.474602811789107,0.474602811789107,0,1
annual_state_offset,3693,2026-04-17,2026-04-27,0.010401572188011,2026,2026-03-31,learned_vol_interaction,20260912,0.4655670623093444,0.4655670623093444,0,1
annual_state_offset,3698,2026-04-24,2026-05-11,0.0263674696524953,2026,2026-03-31,learned_vol_interaction,20260912,0.42735120615774097,0.42735120615774097,0,1
annual_state_offset,3705,2026-05-08,2026-05-18,-0.0134529239455926,2026,2026-03-31,learned_vol_interaction,20260912,0.45536406167315674,0.45536406167315674,0,0
annual_state_offset,3710,2026-05-15,2026-05-25,0.0076235492615268,2026,2026-03-31,learned_vol_interaction,20260912,0.4517044826851487,0.4517044826851487,0,1
annual_state_offset,3715,2026-05-22,2026-06-01,0.005068538126898,2026,2026-03-31,learned_vol_interaction,20260912,0.4374142112752252,0.4374142112752252,0,1
annual_state_offset,3720,2026-05-29,2026-06-08,-0.039635353927193,2026,2026-03-31,learned_vol_interaction,20260912,0.47113595890062737,0.47113595890062737,0,0
annual_state_offset,3725,2026-06-05,2026-06-15,0.0266849782195981,2026,2026-03-31,learned_vol_interaction,20260912,0.45682558024935527,0.45682558024935527,0,1
annual_state_offset,3730,2026-06-12,2026-06-29,0.0076098142791176,2026,2026-03-31,learned_vol_interaction,20260912,0.442975733059148,0.442975733059148,0,1
annual_state_offset,3739,2026-06-26,2026-07-06,0.0005137647861506,2026,2026-03-31,learned_vol_interaction,20260912,0.5201528170131723,0.5201528170131723,1,1
annual_shared_offset,3684,2026-04-03,2026-04-13,0.0380736235508991,2026,2026-03-31,learned_vol_interaction,20260912,0.44194013633414186,0.44194013633414186,0,1
annual_shared_offset,3688,2026-04-10,2026-04-20,0.0242766725964382,2026,2026-03-31,learned_vol_interaction,20260912,0.474602811789107,0.474602811789107,0,1
annual_shared_offset,3693,2026-04-17,2026-04-27,0.010401572188011,2026,2026-03-31,learned_vol_interaction,20260912,0.4655670623093444,0.4655670623093444,0,1
annual_shared_offset,3698,2026-04-24,2026-05-11,0.0263674696524953,2026,2026-03-31,learned_vol_interaction,20260912,0.42735120615774097,0.42735120615774097,0,1
annual_shared_offset,3705,2026-05-08,2026-05-18,-0.0134529239455926,2026,2026-03-31,learned_vol_interaction,20260912,0.45536406167315674,0.45536406167315674,0,0
annual_shared_offset,3710,2026-05-15,2026-05-25,0.0076235492615268,2026,2026-03-31,learned_vol_interaction,20260912,0.4517044826851487,0.4517044826851487,0,1
annual_shared_offset,3715,2026-05-22,2026-06-01,0.005068538126898,2026,2026-03-31,learned_vol_interaction,20260912,0.4374142112752252,0.4374142112752252,0,1
annual_shared_offset,3720,2026-05-29,2026-06-08,-0.039635353927193,2026,2026-03-31,learned_vol_interaction,20260912,0.47113595890062737,0.47113595890062737,0,0
annual_shared_offset,3725,2026-06-05,2026-06-15,0.0266849782195981,2026,2026-03-31,learned_vol_interaction,20260912,0.45682558024935527,0.45682558024935527,0,1
annual_shared_offset,3730,2026-06-12,2026-06-29,0.0076098142791176,2026,2026-03-31,learned_vol_interaction,20260912,0.442975733059148,0.442975733059148,0,1
annual_shared_offset,3739,2026-06-26,2026-07-06,0.0005137647861506,2026,2026-03-31,learned_vol_interaction,20260912,0.5201528170131723,0.5201528170131723,1,1
annual_state_offset_half,3684,2026-04-03,2026-04-13,0.0380736235508991,2026,2026-03-31,learned_vol_interaction,20260912,0.44194013633414186,0.44194013633414186,0,1
annual_state_offset_half,3688,2026-04-10,2026-04-20,0.0242766725964382,2026,2026-03-31,learned_vol_interaction,20260912,0.474602811789107,0.474602811789107,0,1
annual_state_offset_half,3693,2026-04-17,2026-04-27,0.010401572188011,2026,2026-03-31,learned_vol_interaction,20260912,0.4655670623093444,0.4655670623093444,0,1
annual_state_offset_half,3698,2026-04-24,2026-05-11,0.0263674696524953,2026,2026-03-31,learned_vol_interaction,20260912,0.42735120615774097,0.42735120615774097,0,1
annual_state_offset_half,3705,2026-05-08,2026-05-18,-0.0134529239455926,2026,2026-03-31,learned_vol_interaction,20260912,0.45536406167315674,0.45536406167315674,0,0
annual_state_offset_half,3710,2026-05-15,2026-05-25,0.0076235492615268,2026,2026-03-31,learned_vol_interaction,20260912,0.4790417486605927,0.4790417486605927,0,1
annual_state_offset_half,3715,2026-05-22,2026-06-01,0.005068538126898,2026,2026-03-31,learned_vol_interaction,20260912,0.46461949136053793,0.46461949136053793,0,1
annual_state_offset_half,3720,2026-05-29,2026-06-08,-0.039635353927193,2026,2026-03-31,learned_vol_interaction,20260912,0.47113595890062737,0.47113595890062737,0,0
annual_state_offset_half,3725,2026-06-05,2026-06-15,0.0266849782195981,2026,2026-03-31,learned_vol_interaction,20260912,0.45682558024935527,0.45682558024935527,0,1
annual_state_offset_half,3730,2026-06-12,2026-06-29,0.0076098142791176,2026,2026-03-31,learned_vol_interaction,20260912,0.442975733059148,0.442975733059148,0,1
annual_state_offset_half,3739,2026-06-26,2026-07-06,0.0005137647861506,2026,2026-03-31,learned_vol_interaction,20260912,0.5201528170131723,0.5201528170131723,1,1
annual_state_offset,3684,2026-04-03,2026-04-13,0.0380736235508991,2026,2026-03-31,learned_order_extension,20260912,0.4144033852774401,0.4144033852774401,0,1
annual_state_offset,3688,2026-04-10,2026-04-20,0.0242766725964382,2026,2026-03-31,learned_order_extension,20260912,0.47938167585700264,0.47938167585700264,0,1
annual_state_offset,3693,2026-04-17,2026-04-27,0.010401572188011,2026,2026-03-31,learned_order_extension,20260912,0.4174512738947204,0.4174512738947204,0,1
annual_state_offset,3698,2026-04-24,2026-05-11,0.0263674696524953,2026,2026-03-31,learned_order_extension,20260912,0.40789835430240917,0.40789835430240917,0,1
annual_state_offset,3705,2026-05-08,2026-05-18,-0.0134529239455926,2026,2026-03-31,learned_order_extension,20260912,0.4584298418185969,0.4584298418185969,0,0
annual_state_offset,3710,2026-05-15,2026-05-25,0.0076235492615268,2026,2026-03-31,learned_order_extension,20260912,0.48353689803536637,0.48353689803536637,0,1
annual_state_offset,3715,2026-05-22,2026-06-01,0.005068538126898,2026,2026-03-31,learned_order_extension,20260912,0.44469836508983784,0.44469836508983784,0,1
annual_state_offset,3720,2026-05-29,2026-06-08,-0.039635353927193,2026,2026-03-31,learned_order_extension,20260912,0.4573299409387087,0.4573299409387087,0,0
annual_state_offset,3725,2026-06-05,2026-06-15,0.0266849782195981,2026,2026-03-31,learned_order_extension,20260912,0.4366421559336363,0.4366421559336363,0,1
annual_state_offset,3730,2026-06-12,2026-06-29,0.0076098142791176,2026,2026-03-31,learned_order_extension,20260912,0.4102842493878904,0.4102842493878904,0,1
annual_state_offset,3739,2026-06-26,2026-07-06,0.0005137647861506,2026,2026-03-31,learned_order_extension,20260912,0.5188140124051438,0.5188140124051438,1,1
annual_shared_offset,3684,2026-04-03,2026-04-13,0.0380736235508991,2026,2026-03-31,learned_order_extension,20260912,0.4144033852774401,0.4144033852774401,0,1
annual_shared_offset,3688,2026-04-10,2026-04-20,0.0242766725964382,2026,2026-03-31,learned_order_extension,20260912,0.47938167585700264,0.47938167585700264,0,1
annual_shared_offset,3693,2026-04-17,2026-04-27,0.010401572188011,2026,2026-03-31,learned_order_extension,20260912,0.4174512738947204,0.4174512738947204,0,1
annual_shared_offset,3698,2026-04-24,2026-05-11,0.0263674696524953,2026,2026-03-31,learned_order_extension,20260912,0.40789835430240917,0.40789835430240917,0,1
annual_shared_offset,3705,2026-05-08,2026-05-18,-0.0134529239455926,2026,2026-03-31,learned_order_extension,20260912,0.4584298418185969,0.4584298418185969,0,0
annual_shared_offset,3710,2026-05-15,2026-05-25,0.0076235492615268,2026,2026-03-31,learned_order_extension,20260912,0.48353689803536637,0.48353689803536637,0,1
annual_shared_offset,3715,2026-05-22,2026-06-01,0.005068538126898,2026,2026-03-31,learned_order_extension,20260912,0.44469836508983784,0.44469836508983784,0,1
annual_shared_offset,3720,2026-05-29,2026-06-08,-0.039635353927193,2026,2026-03-31,learned_order_extension,20260912,0.4573299409387087,0.4573299409387087,0,0
annual_shared_offset,3725,2026-06-05,2026-06-15,0.0266849782195981,2026,2026-03-31,learned_order_extension,20260912,0.4366421559336363,0.4366421559336363,0,1
annual_shared_offset,3730,2026-06-12,2026-06-29,0.0076098142791176,2026,2026-03-31,learned_order_extension,20260912,0.4102842493878904,0.4102842493878904,0,1
annual_shared_offset,3739,2026-06-26,2026-07-06,0.0005137647861506,2026,2026-03-31,learned_order_extension,20260912,0.5188140124051438,0.5188140124051438,1,1
annual_state_offset_half,3684,2026-04-03,2026-04-13,0.0380736235508991,2026,2026-03-31,learned_order_extension,20260912,0.4144033852774401,0.4144033852774401,0,1
annual_state_offset_half,3688,2026-04-10,2026-04-20,0.0242766725964382,2026,2026-03-31,learned_order_extension,20260912,0.47938167585700264,0.47938167585700264,0,1
annual_state_offset_half,3693,2026-04-17,2026-04-27,0.010401572188011,2026,2026-03-31,learned_order_extension,20260912,0.4174512738947204,0.4174512738947204,0,1
annual_state_offset_half,3698,2026-04-24,2026-05-11,0.0263674696524953,2026,2026-03-31,learned_order_extension,20260912,0.40789835430240917,0.40789835430240917,0,1
annual_state_offset_half,3705,2026-05-08,2026-05-18,-0.0134529239455926,2026,2026-03-31,learned_order_extension,20260912,0.4584298418185969,0.4584298418185969,0,0
annual_state_offset_half,3710,2026-05-15,2026-05-25,0.0076235492615268,2026,2026-03-31,learned_order_extension,20260912,0.5123541592351362,0.5123541592351362,1,1
annual_state_offset_half,3715,2026-05-22,2026-06-01,0.005068538126898,2026,2026-03-31,learned_order_extension,20260912,0.47332228036953744,0.47332228036953744,0,1
annual_state_offset_half,3720,2026-05-29,2026-06-08,-0.039635353927193,2026,2026-03-31,learned_order_extension,20260912,0.4573299409387087,0.4573299409387087,0,0
annual_state_offset_half,3725,2026-06-05,2026-06-15,0.0266849782195981,2026,2026-03-31,learned_order_extension,20260912,0.4366421559336363,0.4366421559336363,0,1
annual_state_offset_half,3730,2026-06-12,2026-06-29,0.0076098142791176,2026,2026-03-31,learned_order_extension,20260912,0.4102842493878904,0.4102842493878904,0,1
annual_state_offset_half,3739,2026-06-26,2026-07-06,0.0005137647861506,2026,2026-03-31,learned_order_extension,20260912,0.5188140124051438,0.5188140124051438,1,1
annual_state_offset,3684,2026-04-03,2026-04-13,0.0380736235508991,2026,2026-03-31,learned_order_offset,20260912,0.41463312595207424,0.41463312595207424,0,1
annual_state_offset,3688,2026-04-10,2026-04-20,0.0242766725964382,2026,2026-03-31,learned_order_offset,20260912,0.47957887458862364,0.47957887458862364,0,1
annual_state_offset,3693,2026-04-17,2026-04-27,0.010401572188011,2026,2026-03-31,learned_order_offset,20260912,0.4174462723853696,0.4174462723853696,0,1
annual_state_offset,3698,2026-04-24,2026-05-11,0.0263674696524953,2026,2026-03-31,learned_order_offset,20260912,0.4078121898572776,0.4078121898572776,0,1
annual_state_offset,3705,2026-05-08,2026-05-18,-0.0134529239455926,2026,2026-03-31,learned_order_offset,20260912,0.45820168742787637,0.45820168742787637,0,0
annual_state_offset,3710,2026-05-15,2026-05-25,0.0076235492615268,2026,2026-03-31,learned_order_offset,20260912,0.48330885145765684,0.48330885145765684,0,1
annual_state_offset,3715,2026-05-22,2026-06-01,0.005068538126898,2026,2026-03-31,learned_order_offset,20260912,0.44448381290965616,0.44448381290965616,0,1
annual_state_offset,3720,2026-05-29,2026-06-08,-0.039635353927193,2026,2026-03-31,learned_order_offset,20260912,0.4571886722395474,0.4571886722395474,0,0
annual_state_offset,3725,2026-06-05,2026-06-15,0.0266849782195981,2026,2026-03-31,learned_order_offset,20260912,0.43649391290109524,0.43649391290109524,0,1
annual_state_offset,3730,2026-06-12,2026-06-29,0.0076098142791176,2026,2026-03-31,learned_order_offset,20260912,0.4101169616257996,0.4101169616257996,0,1
annual_state_offset,3739,2026-06-26,2026-07-06,0.0005137647861506,2026,2026-03-31,learned_order_offset,20260912,0.5185047287941408,0.5185047287941408,1,1
annual_shared_offset,3684,2026-04-03,2026-04-13,0.0380736235508991,2026,2026-03-31,learned_order_offset,20260912,0.41463312595207424,0.41463312595207424,0,1
annual_shared_offset,3688,2026-04-10,2026-04-20,0.0242766725964382,2026,2026-03-31,learned_order_offset,20260912,0.47957887458862364,0.47957887458862364,0,1
annual_shared_offset,3693,2026-04-17,2026-04-27,0.010401572188011,2026,2026-03-31,learned_order_offset,20260912,0.4174462723853696,0.4174462723853696,0,1
annual_shared_offset,3698,2026-04-24,2026-05-11,0.0263674696524953,2026,2026-03-31,learned_order_offset,20260912,0.4078121898572776,0.4078121898572776,0,1
annual_shared_offset,3705,2026-05-08,2026-05-18,-0.0134529239455926,2026,2026-03-31,learned_order_offset,20260912,0.45820168742787637,0.45820168742787637,0,0
annual_shared_offset,3710,2026-05-15,2026-05-25,0.0076235492615268,2026,2026-03-31,learned_order_offset,20260912,0.48330885145765684,0.48330885145765684,0,1
annual_shared_offset,3715,2026-05-22,2026-06-01,0.005068538126898,2026,2026-03-31,learned_order_offset,20260912,0.44448381290965616,0.44448381290965616,0,1
annual_shared_offset,3720,2026-05-29,2026-06-08,-0.039635353927193,2026,2026-03-31,learned_order_offset,20260912,0.4571886722395474,0.4571886722395474,0,0
annual_shared_offset,3725,2026-06-05,2026-06-15,0.0266849782195981,2026,2026-03-31,learned_order_offset,20260912,0.43649391290109524,0.43649391290109524,0,1
annual_shared_offset,3730,2026-06-12,2026-06-29,0.0076098142791176,2026,2026-03-31,learned_order_offset,20260912,0.4101169616257996,0.4101169616257996,0,1
annual_shared_offset,3739,2026-06-26,2026-07-06,0.0005137647861506,2026,2026-03-31,learned_order_offset,20260912,0.5185047287941408,0.5185047287941408,1,1
annual_state_offset_half,3684,2026-04-03,2026-04-13,0.0380736235508991,2026,2026-03-31,learned_order_offset,20260912,0.41463312595207424,0.41463312595207424,0,1
annual_state_offset_half,3688,2026-04-10,2026-04-20,0.0242766725964382,2026,2026-03-31,learned_order_offset,20260912,0.47957887458862364,0.47957887458862364,0,1
annual_state_offset_half,3693,2026-04-17,2026-04-27,0.010401572188011,2026,2026-03-31,learned_order_offset,20260912,0.4174462723853696,0.4174462723853696,0,1
annual_state_offset_half,3698,2026-04-24,2026-05-11,0.0263674696524953,2026,2026-03-31,learned_order_offset,20260912,0.4078121898572776,0.4078121898572776,0,1
annual_state_offset_half,3705,2026-05-08,2026-05-18,-0.0134529239455926,2026,2026-03-31,learned_order_offset,20260912,0.45820168742787637,0.45820168742787637,0,0
annual_state_offset_half,3710,2026-05-15,2026-05-25,0.0076235492615268,2026,2026-03-31,learned_order_offset,20260912,0.5121204038998616,0.5121204038998616,1,1
annual_state_offset_half,3715,2026-05-22,2026-06-01,0.005068538126898,2026,2026-03-31,learned_order_offset,20260912,0.4731001022978815,0.4731001022978815,0,1
annual_state_offset_half,3720,2026-05-29,2026-06-08,-0.039635353927193,2026,2026-03-31,learned_order_offset,20260912,0.4571886722395474,0.4571886722395474,0,0
annual_state_offset_half,3725,2026-06-05,2026-06-15,0.0266849782195981,2026,2026-03-31,learned_order_offset,20260912,0.43649391290109524,0.43649391290109524,0,1
annual_state_offset_half,3730,2026-06-12,2026-06-29,0.0076098142791176,2026,2026-03-31,learned_order_offset,20260912,0.4101169616257996,0.4101169616257996,0,1
annual_state_offset_half,3739,2026-06-26,2026-07-06,0.0005137647861506,2026,2026-03-31,learned_order_offset,20260912,0.5185047287941408,0.5185047287941408,1,1
annual_state_offset,3744,2026-07-03,2026-07-13,-0.0252847876365399,2026,2026-06-30,learned_market,20260910,0.5586514285192807,0.5586514285192807,1,0
annual_state_offset,3749,2026-07-10,2026-07-20,-0.035775397012711,2026,2026-06-30,learned_market,20260910,0.6625351035375205,0.6625351035375205,1,0
annual_state_offset,3754,2026-07-17,2026-07-27,0.01756245533441,2026,2026-06-30,learned_market,20260910,0.5449511844259397,0.5449511844259397,1,1
annual_state_offset,3759,2026-07-24,2026-08-03,-0.0202339761556519,2026,2026-06-30,learned_market,20260910,0.5453196593301617,0.5453196593301617,1,0
annual_state_offset,3764,2026-07-31,2026-08-10,0.0300318732435738,2026,2026-06-30,learned_market,20260910,0.2767208007713581,0.2767208007713581,0,1
annual_state_offset,3769,2026-08-07,2026-08-17,-0.0056482265760339,2026,2026-06-30,learned_market,20260910,0.5027122241666967,0.5027122241666967,1,0
annual_state_offset,3774,2026-08-14,2026-08-24,-0.0109860710402629,2026,2026-06-30,learned_market,20260910,0.5310817605680674,0.5310817605680674,1,0
annual_state_offset,3779,2026-08-21,2026-08-31,-0.0127592811002066,2026,2026-06-30,learned_market,20260910,0.6651537896005871,0.6651537896005871,1,0
annual_shared_offset,3744,2026-07-03,2026-07-13,-0.0252847876365399,2026,2026-06-30,learned_market,20260910,0.4977542038556461,0.4977542038556461,0,0
annual_shared_offset,3749,2026-07-10,2026-07-20,-0.035775397012711,2026,2026-06-30,learned_market,20260910,0.6058588781585728,0.6058588781585728,1,0
annual_shared_offset,3754,2026-07-17,2026-07-27,0.01756245533441,2026,2026-06-30,learned_market,20260910,0.5449511844259397,0.5449511844259397,1,1
annual_shared_offset,3759,2026-07-24,2026-08-03,-0.0202339761556519,2026,2026-06-30,learned_market,20260910,0.5453196593301617,0.5453196593301617,1,0
annual_shared_offset,3764,2026-07-31,2026-08-10,0.0300318732435738,2026,2026-06-30,learned_market,20260910,0.2767208007713581,0.2767208007713581,0,1
annual_shared_offset,3769,2026-08-07,2026-08-17,-0.0056482265760339,2026,2026-06-30,learned_market,20260910,0.5027122241666967,0.5027122241666967,1,0
annual_shared_offset,3774,2026-08-14,2026-08-24,-0.0109860710402629,2026,2026-06-30,learned_market,20260910,0.5310817605680674,0.5310817605680674,1,0
annual_shared_offset,3779,2026-08-21,2026-08-31,-0.0127592811002066,2026,2026-06-30,learned_market,20260910,0.6651537896005871,0.6651537896005871,1,0
annual_state_offset_half,3744,2026-07-03,2026-07-13,-0.0252847876365399,2026,2026-06-30,learned_market,20260910,0.5231777553806902,0.5231777553806902,1,0
annual_state_offset_half,3749,2026-07-10,2026-07-20,-0.035775397012711,2026,2026-06-30,learned_market,20260910,0.6298792478320582,0.6298792478320582,1,0
annual_state_offset_half,3754,2026-07-17,2026-07-27,0.01756245533441,2026,2026-06-30,learned_market,20260910,0.5449511844259397,0.5449511844259397,1,1
annual_state_offset_half,3759,2026-07-24,2026-08-03,-0.0202339761556519,2026,2026-06-30,learned_market,20260910,0.5453196593301617,0.5453196593301617,1,0
annual_state_offset_half,3764,2026-07-31,2026-08-10,0.0300318732435738,2026,2026-06-30,learned_market,20260910,0.2767208007713581,0.2767208007713581,0,1
annual_state_offset_half,3769,2026-08-07,2026-08-17,-0.0056482265760339,2026,2026-06-30,learned_market,20260910,0.5027122241666967,0.5027122241666967,1,0
annual_state_offset_half,3774,2026-08-14,2026-08-24,-0.0109860710402629,2026,2026-06-30,learned_market,20260910,0.5310817605680674,0.5310817605680674,1,0
annual_state_offset_half,3779,2026-08-21,2026-08-31,-0.0127592811002066,2026,2026-06-30,learned_market,20260910,0.6651537896005871,0.6651537896005871,1,0
annual_state_offset,3744,2026-07-03,2026-07-13,-0.0252847876365399,2026,2026-06-30,learned_vol_interaction,20260910,0.5665473176381675,0.5665473176381675,1,0
annual_state_offset,3749,2026-07-10,2026-07-20,-0.035775397012711,2026,2026-06-30,learned_vol_interaction,20260910,0.6584525381255582,0.6584525381255582,1,0
annual_state_offset,3754,2026-07-17,2026-07-27,0.01756245533441,2026,2026-06-30,learned_vol_interaction,20260910,0.5400320366057051,0.5400320366057051,1,1
annual_state_offset,3759,2026-07-24,2026-08-03,-0.0202339761556519,2026,2026-06-30,learned_vol_interaction,20260910,0.5452135003498544,0.5452135003498544,1,0
annual_state_offset,3764,2026-07-31,2026-08-10,0.0300318732435738,2026,2026-06-30,learned_vol_interaction,20260910,0.2927729237284659,0.2927729237284659,0,1
annual_state_offset,3769,2026-08-07,2026-08-17,-0.0056482265760339,2026,2026-06-30,learned_vol_interaction,20260910,0.5018241632757133,0.5018241632757133,1,0
annual_state_offset,3774,2026-08-14,2026-08-24,-0.0109860710402629,2026,2026-06-30,learned_vol_interaction,20260910,0.5283667849838735,0.5283667849838735,1,0
annual_state_offset,3779,2026-08-21,2026-08-31,-0.0127592811002066,2026,2026-06-30,learned_vol_interaction,20260910,0.6645868105074454,0.6645868105074454,1,0
annual_shared_offset,3744,2026-07-03,2026-07-13,-0.0252847876365399,2026,2026-06-30,learned_vol_interaction,20260910,0.5058003710618219,0.5058003710618219,1,0
annual_shared_offset,3749,2026-07-10,2026-07-20,-0.035775397012711,2026,2026-06-30,learned_vol_interaction,20260910,0.601526681718721,0.601526681718721,1,0
annual_shared_offset,3754,2026-07-17,2026-07-27,0.01756245533441,2026,2026-06-30,learned_vol_interaction,20260910,0.5400320366057051,0.5400320366057051,1,1
annual_shared_offset,3759,2026-07-24,2026-08-03,-0.0202339761556519,2026,2026-06-30,learned_vol_interaction,20260910,0.5452135003498544,0.5452135003498544,1,0
annual_shared_offset,3764,2026-07-31,2026-08-10,0.0300318732435738,2026,2026-06-30,learned_vol_interaction,20260910,0.2927729237284659,0.2927729237284659,0,1
annual_shared_offset,3769,2026-08-07,2026-08-17,-0.0056482265760339,2026,2026-06-30,learned_vol_interaction,20260910,0.5018241632757133,0.5018241632757133,1,0
annual_shared_offset,3774,2026-08-14,2026-08-24,-0.0109860710402629,2026,2026-06-30,learned_vol_interaction,20260910,0.5283667849838735,0.5283667849838735,1,0
annual_shared_offset,3779,2026-08-21,2026-08-31,-0.0127592811002066,2026,2026-06-30,learned_vol_interaction,20260910,0.6645868105074454,0.6645868105074454,1,0
annual_state_offset_half,3744,2026-07-03,2026-07-13,-0.0252847876365399,2026,2026-06-30,learned_vol_interaction,20260910,0.5313980353604395,0.5313980353604395,1,0
annual_state_offset_half,3749,2026-07-10,2026-07-20,-0.035775397012711,2026,2026-06-30,learned_vol_interaction,20260910,0.6258339611054419,0.6258339611054419,1,0
annual_state_offset_half,3754,2026-07-17,2026-07-27,0.01756245533441,2026,2026-06-30,learned_vol_interaction,20260910,0.5400320366057051,0.5400320366057051,1,1
annual_state_offset_half,3759,2026-07-24,2026-08-03,-0.0202339761556519,2026,2026-06-30,learned_vol_interaction,20260910,0.5452135003498544,0.5452135003498544,1,0
annual_state_offset_half,3764,2026-07-31,2026-08-10,0.0300318732435738,2026,2026-06-30,learned_vol_interaction,20260910,0.2927729237284659,0.2927729237284659,0,1
annual_state_offset_half,3769,2026-08-07,2026-08-17,-0.0056482265760339,2026,2026-06-30,learned_vol_interaction,20260910,0.5018241632757133,0.5018241632757133,1,0
annual_state_offset_half,3774,2026-08-14,2026-08-24,-0.0109860710402629,2026,2026-06-30,learned_vol_interaction,20260910,0.5283667849838735,0.5283667849838735,1,0
annual_state_offset_half,3779,2026-08-21,2026-08-31,-0.0127592811002066,2026,2026-06-30,learned_vol_interaction,20260910,0.6645868105074454,0.6645868105074454,1,0
annual_state_offset,3744,2026-07-03,2026-07-13,-0.0252847876365399,2026,2026-06-30,learned_order_extension,20260910,0.5855009239280821,0.5855009239280821,1,0
annual_state_offset,3749,2026-07-10,2026-07-20,-0.035775397012711,2026,2026-06-30,learned_order_extension,20260910,0.6091909925248639,0.6091909925248639,1,0
annual_state_offset,3754,2026-07-17,2026-07-27,0.01756245533441,2026,2026-06-30,learned_order_extension,20260910,0.509635762223466,0.509635762223466,1,1
annual_state_offset,3759,2026-07-24,2026-08-03,-0.0202339761556519,2026,2026-06-30,learned_order_extension,20260910,0.518520792881256,0.518520792881256,1,0
annual_state_offset,3764,2026-07-31,2026-08-10,0.0300318732435738,2026,2026-06-30,learned_order_extension,20260910,0.36135032927063787,0.36135032927063787,0,1
annual_state_offset,3769,2026-08-07,2026-08-17,-0.0056482265760339,2026,2026-06-30,learned_order_extension,20260910,0.4821947855603083,0.4821947855603083,0,0
annual_state_offset,3774,2026-08-14,2026-08-24,-0.0109860710402629,2026,2026-06-30,learned_order_extension,20260910,0.49567013865267634,0.49567013865267634,0,0
annual_state_offset,3779,2026-08-21,2026-08-31,-0.0127592811002066,2026,2026-06-30,learned_order_extension,20260910,0.5942017644460034,0.5942017644460034,1,0
annual_shared_offset,3744,2026-07-03,2026-07-13,-0.0252847876365399,2026,2026-06-30,learned_order_extension,20260910,0.5300854693460496,0.5300854693460496,1,0
annual_shared_offset,3749,2026-07-10,2026-07-20,-0.035775397012711,2026,2026-06-30,learned_order_extension,20260910,0.5545330323412646,0.5545330323412646,1,0
annual_shared_offset,3754,2026-07-17,2026-07-27,0.01756245533441,2026,2026-06-30,learned_order_extension,20260910,0.509635762223466,0.509635762223466,1,1
annual_shared_offset,3759,2026-07-24,2026-08-03,-0.0202339761556519,2026,2026-06-30,learned_order_extension,20260910,0.518520792881256,0.518520792881256,1,0
annual_shared_offset,3764,2026-07-31,2026-08-10,0.0300318732435738,2026,2026-06-30,learned_order_extension,20260910,0.36135032927063787,0.36135032927063787,0,1
annual_shared_offset,3769,2026-08-07,2026-08-17,-0.0056482265760339,2026,2026-06-30,learned_order_extension,20260910,0.4821947855603083,0.4821947855603083,0,0
annual_shared_offset,3774,2026-08-14,2026-08-24,-0.0109860710402629,2026,2026-06-30,learned_order_extension,20260910,0.49567013865267634,0.49567013865267634,0,0
annual_shared_offset,3779,2026-08-21,2026-08-31,-0.0127592811002066,2026,2026-06-30,learned_order_extension,20260910,0.5942017644460034,0.5942017644460034,1,0
annual_state_offset_half,3744,2026-07-03,2026-07-13,-0.0252847876365399,2026,2026-06-30,learned_order_extension,20260910,0.5534579668697448,0.5534579668697448,1,0
annual_state_offset_half,3749,2026-07-10,2026-07-20,-0.035775397012711,2026,2026-06-30,learned_order_extension,20260910,0.5776583754393898,0.5776583754393898,1,0
annual_state_offset_half,3754,2026-07-17,2026-07-27,0.01756245533441,2026,2026-06-30,learned_order_extension,20260910,0.509635762223466,0.509635762223466,1,1
annual_state_offset_half,3759,2026-07-24,2026-08-03,-0.0202339761556519,2026,2026-06-30,learned_order_extension,20260910,0.518520792881256,0.518520792881256,1,0
annual_state_offset_half,3764,2026-07-31,2026-08-10,0.0300318732435738,2026,2026-06-30,learned_order_extension,20260910,0.36135032927063787,0.36135032927063787,0,1
annual_state_offset_half,3769,2026-08-07,2026-08-17,-0.0056482265760339,2026,2026-06-30,learned_order_extension,20260910,0.4821947855603083,0.4821947855603083,0,0
annual_state_offset_half,3774,2026-08-14,2026-08-24,-0.0109860710402629,2026,2026-06-30,learned_order_extension,20260910,0.49567013865267634,0.49567013865267634,0,0
annual_state_offset_half,3779,2026-08-21,2026-08-31,-0.0127592811002066,2026,2026-06-30,learned_order_extension,20260910,0.5942017644460034,0.5942017644460034,1,0
annual_state_offset,3744,2026-07-03,2026-07-13,-0.0252847876365399,2026,2026-06-30,learned_order_offset,20260910,0.584670768844543,0.584670768844543,1,0
annual_state_offset,3749,2026-07-10,2026-07-20,-0.035775397012711,2026,2026-06-30,learned_order_offset,20260910,0.6075495063634075,0.6075495063634075,1,0
annual_state_offset,3754,2026-07-17,2026-07-27,0.01756245533441,2026,2026-06-30,learned_order_offset,20260910,0.508054785466941,0.508054785466941,1,1
annual_state_offset,3759,2026-07-24,2026-08-03,-0.0202339761556519,2026,2026-06-30,learned_order_offset,20260910,0.5169961256143539,0.5169961256143539,1,0
annual_state_offset,3764,2026-07-31,2026-08-10,0.0300318732435738,2026,2026-06-30,learned_order_offset,20260910,0.3614644685354211,0.3614644685354211,0,1
annual_state_offset,3769,2026-08-07,2026-08-17,-0.0056482265760339,2026,2026-06-30,learned_order_offset,20260910,0.48135180455157167,0.48135180455157167,0,0
annual_state_offset,3774,2026-08-14,2026-08-24,-0.0109860710402629,2026,2026-06-30,learned_order_offset,20260910,0.49538994348876286,0.49538994348876286,0,0
annual_state_offset,3779,2026-08-21,2026-08-31,-0.0127592811002066,2026,2026-06-30,learned_order_offset,20260910,0.593020025927001,0.593020025927001,1,0
annual_shared_offset,3744,2026-07-03,2026-07-13,-0.0252847876365399,2026,2026-06-30,learned_order_offset,20260910,0.5292799748917103,0.5292799748917103,1,0
annual_shared_offset,3749,2026-07-10,2026-07-20,-0.035775397012711,2026,2026-06-30,learned_order_offset,20260910,0.5528765362082481,0.5528765362082481,1,0
annual_shared_offset,3754,2026-07-17,2026-07-27,0.01756245533441,2026,2026-06-30,learned_order_offset,20260910,0.508054785466941,0.508054785466941,1,1
annual_shared_offset,3759,2026-07-24,2026-08-03,-0.0202339761556519,2026,2026-06-30,learned_order_offset,20260910,0.5169961256143539,0.5169961256143539,1,0
annual_shared_offset,3764,2026-07-31,2026-08-10,0.0300318732435738,2026,2026-06-30,learned_order_offset,20260910,0.3614644685354211,0.3614644685354211,0,1
annual_shared_offset,3769,2026-08-07,2026-08-17,-0.0056482265760339,2026,2026-06-30,learned_order_offset,20260910,0.48135180455157167,0.48135180455157167,0,0
annual_shared_offset,3774,2026-08-14,2026-08-24,-0.0109860710402629,2026,2026-06-30,learned_order_offset,20260910,0.49538994348876286,0.49538994348876286,0,0
annual_shared_offset,3779,2026-08-21,2026-08-31,-0.0127592811002066,2026,2026-06-30,learned_order_offset,20260910,0.593020025927001,0.593020025927001,1,0
annual_state_offset_half,3744,2026-07-03,2026-07-13,-0.0252847876365399,2026,2026-06-30,learned_order_offset,20260910,0.5525747770359352,0.5525747770359352,1,0
annual_state_offset_half,3749,2026-07-10,2026-07-20,-0.035775397012711,2026,2026-06-30,learned_order_offset,20260910,0.5759391959457343,0.5759391959457343,1,0
annual_state_offset_half,3754,2026-07-17,2026-07-27,0.01756245533441,2026,2026-06-30,learned_order_offset,20260910,0.508054785466941,0.508054785466941,1,1
annual_state_offset_half,3759,2026-07-24,2026-08-03,-0.0202339761556519,2026,2026-06-30,learned_order_offset,20260910,0.5169961256143539,0.5169961256143539,1,0
annual_state_offset_half,3764,2026-07-31,2026-08-10,0.0300318732435738,2026,2026-06-30,learned_order_offset,20260910,0.3614644685354211,0.3614644685354211,0,1
annual_state_offset_half,3769,2026-08-07,2026-08-17,-0.0056482265760339,2026,2026-06-30,learned_order_offset,20260910,0.48135180455157167,0.48135180455157167,0,0
annual_state_offset_half,3774,2026-08-14,2026-08-24,-0.0109860710402629,2026,2026-06-30,learned_order_offset,20260910,0.49538994348876286,0.49538994348876286,0,0
annual_state_offset_half,3779,2026-08-21,2026-08-31,-0.0127592811002066,2026,2026-06-30,learned_order_offset,20260910,0.593020025927001,0.593020025927001,1,0
annual_state_offset,3744,2026-07-03,2026-07-13,-0.0252847876365399,2026,2026-06-30,learned_market,20260911,0.5522324279213641,0.5522324279213641,1,0
annual_state_offset,3749,2026-07-10,2026-07-20,-0.035775397012711,2026,2026-06-30,learned_market,20260911,0.4916744595455325,0.4916744595455325,0,0
annual_state_offset,3754,2026-07-17,2026-07-27,0.01756245533441,2026,2026-06-30,learned_market,20260911,0.4469468298475024,0.4469468298475024,0,1
annual_state_offset,3759,2026-07-24,2026-08-03,-0.0202339761556519,2026,2026-06-30,learned_market,20260911,0.4523286144237616,0.4523286144237616,0,0
annual_state_offset,3764,2026-07-31,2026-08-10,0.0300318732435738,2026,2026-06-30,learned_market,20260911,0.43916052641204817,0.43916052641204817,0,1
annual_state_offset,3769,2026-08-07,2026-08-17,-0.0056482265760339,2026,2026-06-30,learned_market,20260911,0.33016870403212256,0.33016870403212256,0,0
annual_state_offset,3774,2026-08-14,2026-08-24,-0.0109860710402629,2026,2026-06-30,learned_market,20260911,0.459964206845313,0.459964206845313,0,0
annual_state_offset,3779,2026-08-21,2026-08-31,-0.0127592811002066,2026,2026-06-30,learned_market,20260911,0.4343413838297144,0.4343413838297144,0,0
annual_shared_offset,3744,2026-07-03,2026-07-13,-0.0252847876365399,2026,2026-06-30,learned_market,20260911,0.4899737931075476,0.4899737931075476,0,0
annual_shared_offset,3749,2026-07-10,2026-07-20,-0.035775397012711,2026,2026-06-30,learned_market,20260911,0.42969143911234736,0.42969143911234736,0,0
annual_shared_offset,3754,2026-07-17,2026-07-27,0.01756245533441,2026,2026-06-30,learned_market,20260911,0.4469468298475024,0.4469468298475024,0,1
annual_shared_offset,3759,2026-07-24,2026-08-03,-0.0202339761556519,2026,2026-06-30,learned_market,20260911,0.4523286144237616,0.4523286144237616,0,0
annual_shared_offset,3764,2026-07-31,2026-08-10,0.0300318732435738,2026,2026-06-30,learned_market,20260911,0.43916052641204817,0.43916052641204817,0,1
annual_shared_offset,3769,2026-08-07,2026-08-17,-0.0056482265760339,2026,2026-06-30,learned_market,20260911,0.33016870403212256,0.33016870403212256,0,0
annual_shared_offset,3774,2026-08-14,2026-08-24,-0.0109860710402629,2026,2026-06-30,learned_market,20260911,0.459964206845313,0.459964206845313,0,0
annual_shared_offset,3779,2026-08-21,2026-08-31,-0.0127592811002066,2026,2026-06-30,learned_market,20260911,0.4343413838297144,0.4343413838297144,0,0
annual_state_offset_half,3744,2026-07-03,2026-07-13,-0.0252847876365399,2026,2026-06-30,learned_market,20260911,0.5146468777527804,0.5146468777527804,1,0
annual_state_offset_half,3749,2026-07-10,2026-07-20,-0.035775397012711,2026,2026-06-30,learned_market,20260911,0.4540312530075421,0.4540312530075421,0,0
annual_state_offset_half,3754,2026-07-17,2026-07-27,0.01756245533441,2026,2026-06-30,learned_market,20260911,0.4469468298475024,0.4469468298475024,0,1
annual_state_offset_half,3759,2026-07-24,2026-08-03,-0.0202339761556519,2026,2026-06-30,learned_market,20260911,0.4523286144237616,0.4523286144237616,0,0
annual_state_offset_half,3764,2026-07-31,2026-08-10,0.0300318732435738,2026,2026-06-30,learned_market,20260911,0.43916052641204817,0.43916052641204817,0,1
annual_state_offset_half,3769,2026-08-07,2026-08-17,-0.0056482265760339,2026,2026-06-30,learned_market,20260911,0.33016870403212256,0.33016870403212256,0,0
annual_state_offset_half,3774,2026-08-14,2026-08-24,-0.0109860710402629,2026,2026-06-30,learned_market,20260911,0.459964206845313,0.459964206845313,0,0
annual_state_offset_half,3779,2026-08-21,2026-08-31,-0.0127592811002066,2026,2026-06-30,learned_market,20260911,0.4343413838297144,0.4343413838297144,0,0
annual_state_offset,3744,2026-07-03,2026-07-13,-0.0252847876365399,2026,2026-06-30,learned_vol_interaction,20260911,0.5742535813459089,0.5742535813459089,1,0
annual_state_offset,3749,2026-07-10,2026-07-20,-0.035775397012711,2026,2026-06-30,learned_vol_interaction,20260911,0.5181777801419348,0.5181777801419348,1,0
annual_state_offset,3754,2026-07-17,2026-07-27,0.01756245533441,2026,2026-06-30,learned_vol_interaction,20260911,0.4550925466085049,0.4550925466085049,0,1
annual_state_offset,3759,2026-07-24,2026-08-03,-0.0202339761556519,2026,2026-06-30,learned_vol_interaction,20260911,0.46430649386915596,0.46430649386915596,0,0
annual_state_offset,3764,2026-07-31,2026-08-10,0.0300318732435738,2026,2026-06-30,learned_vol_interaction,20260911,0.4507338855746796,0.4507338855746796,0,1
annual_state_offset,3769,2026-08-07,2026-08-17,-0.0056482265760339,2026,2026-06-30,learned_vol_interaction,20260911,0.3598878838643001,0.3598878838643001,0,0
annual_state_offset,3774,2026-08-14,2026-08-24,-0.0109860710402629,2026,2026-06-30,learned_vol_interaction,20260911,0.4653583842913121,0.4653583842913121,0,0
annual_state_offset,3779,2026-08-21,2026-08-31,-0.0127592811002066,2026,2026-06-30,learned_vol_interaction,20260911,0.4414273259619546,0.4414273259619546,0,0
annual_shared_offset,3744,2026-07-03,2026-07-13,-0.0252847876365399,2026,2026-06-30,learned_vol_interaction,20260911,0.512547042128711,0.512547042128711,1,0
annual_shared_offset,3749,2026-07-10,2026-07-20,-0.035775397012711,2026,2026-06-30,learned_vol_interaction,20260911,0.45604245767344803,0.45604245767344803,0,0
annual_shared_offset,3754,2026-07-17,2026-07-27,0.01756245533441,2026,2026-06-30,learned_vol_interaction,20260911,0.4550925466085049,0.4550925466085049,0,1
annual_shared_offset,3759,2026-07-24,2026-08-03,-0.0202339761556519,2026,2026-06-30,learned_vol_interaction,20260911,0.46430649386915596,0.46430649386915596,0,0
annual_shared_offset,3764,2026-07-31,2026-08-10,0.0300318732435738,2026,2026-06-30,learned_vol_interaction,20260911,0.4507338855746796,0.4507338855746796,0,1
annual_shared_offset,3769,2026-08-07,2026-08-17,-0.0056482265760339,2026,2026-06-30,learned_vol_interaction,20260911,0.3598878838643001,0.3598878838643001,0,0
annual_shared_offset,3774,2026-08-14,2026-08-24,-0.0109860710402629,2026,2026-06-30,learned_vol_interaction,20260911,0.4653583842913121,0.4653583842913121,0,0
annual_shared_offset,3779,2026-08-21,2026-08-31,-0.0127592811002066,2026,2026-06-30,learned_vol_interaction,20260911,0.4414273259619546,0.4414273259619546,0,0
annual_state_offset_half,3744,2026-07-03,2026-07-13,-0.0252847876365399,2026,2026-06-30,learned_vol_interaction,20260911,0.536827324275084,0.536827324275084,1,0
annual_state_offset_half,3749,2026-07-10,2026-07-20,-0.035775397012711,2026,2026-06-30,learned_vol_interaction,20260911,0.48028336984161757,0.48028336984161757,0,0
annual_state_offset_half,3754,2026-07-17,2026-07-27,0.01756245533441,2026,2026-06-30,learned_vol_interaction,20260911,0.4550925466085049,0.4550925466085049,0,1
annual_state_offset_half,3759,2026-07-24,2026-08-03,-0.0202339761556519,2026,2026-06-30,learned_vol_interaction,20260911,0.46430649386915596,0.46430649386915596,0,0
annual_state_offset_half,3764,2026-07-31,2026-08-10,0.0300318732435738,2026,2026-06-30,learned_vol_interaction,20260911,0.4507338855746796,0.4507338855746796,0,1
annual_state_offset_half,3769,2026-08-07,2026-08-17,-0.0056482265760339,2026,2026-06-30,learned_vol_interaction,20260911,0.3598878838643001,0.3598878838643001,0,0
annual_state_offset_half,3774,2026-08-14,2026-08-24,-0.0109860710402629,2026,2026-06-30,learned_vol_interaction,20260911,0.4653583842913121,0.4653583842913121,0,0
annual_state_offset_half,3779,2026-08-21,2026-08-31,-0.0127592811002066,2026,2026-06-30,learned_vol_interaction,20260911,0.4414273259619546,0.4414273259619546,0,0
annual_state_offset,3744,2026-07-03,2026-07-13,-0.0252847876365399,2026,2026-06-30,learned_order_extension,20260911,0.5370442507540633,0.5370442507540633,1,0
annual_state_offset,3749,2026-07-10,2026-07-20,-0.035775397012711,2026,2026-06-30,learned_order_extension,20260911,0.46689675947435216,0.46689675947435216,0,0
annual_state_offset,3754,2026-07-17,2026-07-27,0.01756245533441,2026,2026-06-30,learned_order_extension,20260911,0.43688665591392856,0.43688665591392856,0,1
annual_state_offset,3759,2026-07-24,2026-08-03,-0.0202339761556519,2026,2026-06-30,learned_order_extension,20260911,0.44905597298529143,0.44905597298529143,0,0
annual_state_offset,3764,2026-07-31,2026-08-10,0.0300318732435738,2026,2026-06-30,learned_order_extension,20260911,0.4331657943702479,0.4331657943702479,0,1
annual_state_offset,3769,2026-08-07,2026-08-17,-0.0056482265760339,2026,2026-06-30,learned_order_extension,20260911,0.2872017560126486,0.2872017560126486,0,0
annual_state_offset,3774,2026-08-14,2026-08-24,-0.0109860710402629,2026,2026-06-30,learned_order_extension,20260911,0.46907910630736294,0.46907910630736294,0,0
annual_state_offset,3779,2026-08-21,2026-08-31,-0.0127592811002066,2026,2026-06-30,learned_order_extension,20260911,0.44303971633290073,0.44303971633290073,0,0
annual_shared_offset,3744,2026-07-03,2026-07-13,-0.0252847876365399,2026,2026-06-30,learned_order_extension,20260911,0.469899190696282,0.469899190696282,0,0
annual_shared_offset,3749,2026-07-10,2026-07-20,-0.035775397012711,2026,2026-06-30,learned_order_extension,20260911,0.40092678948285865,0.40092678948285865,0,0
annual_shared_offset,3754,2026-07-17,2026-07-27,0.01756245533441,2026,2026-06-30,learned_order_extension,20260911,0.43688665591392856,0.43688665591392856,0,1
annual_shared_offset,3759,2026-07-24,2026-08-03,-0.0202339761556519,2026,2026-06-30,learned_order_extension,20260911,0.44905597298529143,0.44905597298529143,0,0
annual_shared_offset,3764,2026-07-31,2026-08-10,0.0300318732435738,2026,2026-06-30,learned_order_extension,20260911,0.4331657943702479,0.4331657943702479,0,1
annual_shared_offset,3769,2026-08-07,2026-08-17,-0.0056482265760339,2026,2026-06-30,learned_order_extension,20260911,0.2872017560126486,0.2872017560126486,0,0
annual_shared_offset,3774,2026-08-14,2026-08-24,-0.0109860710402629,2026,2026-06-30,learned_order_extension,20260911,0.46907910630736294,0.46907910630736294,0,0
annual_shared_offset,3779,2026-08-21,2026-08-31,-0.0127592811002066,2026,2026-06-30,learned_order_extension,20260911,0.44303971633290073,0.44303971633290073,0,0
annual_state_offset_half,3744,2026-07-03,2026-07-13,-0.0252847876365399,2026,2026-06-30,learned_order_extension,20260911,0.49381063124228,0.49381063124228,0,0
annual_state_offset_half,3749,2026-07-10,2026-07-20,-0.035775397012711,2026,2026-06-30,learned_order_extension,20260911,0.424136650485461,0.424136650485461,0,0
annual_state_offset_half,3754,2026-07-17,2026-07-27,0.01756245533441,2026,2026-06-30,learned_order_extension,20260911,0.43688665591392856,0.43688665591392856,0,1
annual_state_offset_half,3759,2026-07-24,2026-08-03,-0.0202339761556519,2026,2026-06-30,learned_order_extension,20260911,0.44905597298529143,0.44905597298529143,0,0
annual_state_offset_half,3764,2026-07-31,2026-08-10,0.0300318732435738,2026,2026-06-30,learned_order_extension,20260911,0.4331657943702479,0.4331657943702479,0,1
annual_state_offset_half,3769,2026-08-07,2026-08-17,-0.0056482265760339,2026,2026-06-30,learned_order_extension,20260911,0.2872017560126486,0.2872017560126486,0,0
annual_state_offset_half,3774,2026-08-14,2026-08-24,-0.0109860710402629,2026,2026-06-30,learned_order_extension,20260911,0.46907910630736294,0.46907910630736294,0,0
annual_state_offset_half,3779,2026-08-21,2026-08-31,-0.0127592811002066,2026,2026-06-30,learned_order_extension,20260911,0.44303971633290073,0.44303971633290073,0,0
annual_state_offset,3744,2026-07-03,2026-07-13,-0.0252847876365399,2026,2026-06-30,learned_order_offset,20260911,0.5373994768054289,0.5373994768054289,1,0
annual_state_offset,3749,2026-07-10,2026-07-20,-0.035775397012711,2026,2026-06-30,learned_order_offset,20260911,0.4671048937856441,0.4671048937856441,0,0
annual_state_offset,3754,2026-07-17,2026-07-27,0.01756245533441,2026,2026-06-30,learned_order_offset,20260911,0.43716941946487026,0.43716941946487026,0,1
annual_state_offset,3759,2026-07-24,2026-08-03,-0.0202339761556519,2026,2026-06-30,learned_order_offset,20260911,0.44889763247147363,0.44889763247147363,0,0
annual_state_offset,3764,2026-07-31,2026-08-10,0.0300318732435738,2026,2026-06-30,learned_order_offset,20260911,0.43353434012232234,0.43353434012232234,0,1
annual_state_offset,3769,2026-08-07,2026-08-17,-0.0056482265760339,2026,2026-06-30,learned_order_offset,20260911,0.2875992386914778,0.2875992386914778,0,0
annual_state_offset,3774,2026-08-14,2026-08-24,-0.0109860710402629,2026,2026-06-30,learned_order_offset,20260911,0.46970929218369795,0.46970929218369795,0,0
annual_state_offset,3779,2026-08-21,2026-08-31,-0.0127592811002066,2026,2026-06-30,learned_order_offset,20260911,0.44364661674139716,0.44364661674139716,0,0
annual_shared_offset,3744,2026-07-03,2026-07-13,-0.0252847876365399,2026,2026-06-30,learned_order_offset,20260911,0.4702984006352294,0.4702984006352294,0,0
annual_shared_offset,3749,2026-07-10,2026-07-20,-0.035775397012711,2026,2026-06-30,learned_order_offset,20260911,0.4011693827910869,0.4011693827910869,0,0
annual_shared_offset,3754,2026-07-17,2026-07-27,0.01756245533441,2026,2026-06-30,learned_order_offset,20260911,0.43716941946487026,0.43716941946487026,0,1
annual_shared_offset,3759,2026-07-24,2026-08-03,-0.0202339761556519,2026,2026-06-30,learned_order_offset,20260911,0.44889763247147363,0.44889763247147363,0,0
annual_shared_offset,3764,2026-07-31,2026-08-10,0.0300318732435738,2026,2026-06-30,learned_order_offset,20260911,0.43353434012232234,0.43353434012232234,0,1
annual_shared_offset,3769,2026-08-07,2026-08-17,-0.0056482265760339,2026,2026-06-30,learned_order_offset,20260911,0.2875992386914778,0.2875992386914778,0,0
annual_shared_offset,3774,2026-08-14,2026-08-24,-0.0109860710402629,2026,2026-06-30,learned_order_offset,20260911,0.46970929218369795,0.46970929218369795,0,0
annual_shared_offset,3779,2026-08-21,2026-08-31,-0.0127592811002066,2026,2026-06-30,learned_order_offset,20260911,0.44364661674139716,0.44364661674139716,0,0
annual_state_offset_half,3744,2026-07-03,2026-07-13,-0.0252847876365399,2026,2026-06-30,learned_order_offset,20260911,0.49420943453889743,0.49420943453889743,0,0
annual_state_offset_half,3749,2026-07-10,2026-07-20,-0.035775397012711,2026,2026-06-30,learned_order_offset,20260911,0.4243815975185571,0.4243815975185571,0,0
annual_state_offset_half,3754,2026-07-17,2026-07-27,0.01756245533441,2026,2026-06-30,learned_order_offset,20260911,0.43716941946487026,0.43716941946487026,0,1
annual_state_offset_half,3759,2026-07-24,2026-08-03,-0.0202339761556519,2026,2026-06-30,learned_order_offset,20260911,0.44889763247147363,0.44889763247147363,0,0
annual_state_offset_half,3764,2026-07-31,2026-08-10,0.0300318732435738,2026,2026-06-30,learned_order_offset,20260911,0.43353434012232234,0.43353434012232234,0,1
annual_state_offset_half,3769,2026-08-07,2026-08-17,-0.0056482265760339,2026,2026-06-30,learned_order_offset,20260911,0.2875992386914778,0.2875992386914778,0,0
annual_state_offset_half,3774,2026-08-14,2026-08-24,-0.0109860710402629,2026,2026-06-30,learned_order_offset,20260911,0.46970929218369795,0.46970929218369795,0,0
annual_state_offset_half,3779,2026-08-21,2026-08-31,-0.0127592811002066,2026,2026-06-30,learned_order_offset,20260911,0.44364661674139716,0.44364661674139716,0,0
annual_state_offset,3744,2026-07-03,2026-07-13,-0.0252847876365399,2026,2026-06-30,learned_market,20260912,0.5688560599620216,0.5688560599620216,1,0
annual_state_offset,3749,2026-07-10,2026-07-20,-0.035775397012711,2026,2026-06-30,learned_market,20260912,0.5847607980152418,0.5847607980152418,1,0
annual_state_offset,3754,2026-07-17,2026-07-27,0.01756245533441,2026,2026-06-30,learned_market,20260912,0.4491236951454709,0.4491236951454709,0,1
annual_state_offset,3759,2026-07-24,2026-08-03,-0.0202339761556519,2026,2026-06-30,learned_market,20260912,0.45912056712344607,0.45912056712344607,0,0
annual_state_offset,3764,2026-07-31,2026-08-10,0.0300318732435738,2026,2026-06-30,learned_market,20260912,0.4747199415260046,0.4747199415260046,0,1
annual_state_offset,3769,2026-08-07,2026-08-17,-0.0056482265760339,2026,2026-06-30,learned_market,20260912,0.5169922363203473,0.5169922363203473,1,0
annual_state_offset,3774,2026-08-14,2026-08-24,-0.0109860710402629,2026,2026-06-30,learned_market,20260912,0.47409296619698144,0.47409296619698144,0,0
annual_state_offset,3779,2026-08-21,2026-08-31,-0.0127592811002066,2026,2026-06-30,learned_market,20260912,0.4643846053465112,0.4643846053465112,0,0
annual_shared_offset,3744,2026-07-03,2026-07-13,-0.0252847876365399,2026,2026-06-30,learned_market,20260912,0.5115268687849531,0.5115268687849531,1,0
annual_shared_offset,3749,2026-07-10,2026-07-20,-0.035775397012711,2026,2026-06-30,learned_market,20260912,0.5277909140391681,0.5277909140391681,1,0
annual_shared_offset,3754,2026-07-17,2026-07-27,0.01756245533441,2026,2026-06-30,learned_market,20260912,0.4491236951454709,0.4491236951454709,0,1
annual_shared_offset,3759,2026-07-24,2026-08-03,-0.0202339761556519,2026,2026-06-30,learned_market,20260912,0.45912056712344607,0.45912056712344607,0,0
annual_shared_offset,3764,2026-07-31,2026-08-10,0.0300318732435738,2026,2026-06-30,learned_market,20260912,0.4747199415260046,0.4747199415260046,0,1
annual_shared_offset,3769,2026-08-07,2026-08-17,-0.0056482265760339,2026,2026-06-30,learned_market,20260912,0.5169922363203473,0.5169922363203473,1,0
annual_shared_offset,3774,2026-08-14,2026-08-24,-0.0109860710402629,2026,2026-06-30,learned_market,20260912,0.47409296619698144,0.47409296619698144,0,0
annual_shared_offset,3779,2026-08-21,2026-08-31,-0.0127592811002066,2026,2026-06-30,learned_market,20260912,0.4643846053465112,0.4643846053465112,0,0
annual_state_offset_half,3744,2026-07-03,2026-07-13,-0.0252847876365399,2026,2026-06-30,learned_market,20260912,0.5368191478408838,0.5368191478408838,1,0
annual_state_offset_half,3749,2026-07-10,2026-07-20,-0.035775397012711,2026,2026-06-30,learned_market,20260912,0.5529770007585693,0.5529770007585693,1,0
annual_state_offset_half,3754,2026-07-17,2026-07-27,0.01756245533441,2026,2026-06-30,learned_market,20260912,0.4491236951454709,0.4491236951454709,0,1
annual_state_offset_half,3759,2026-07-24,2026-08-03,-0.0202339761556519,2026,2026-06-30,learned_market,20260912,0.45912056712344607,0.45912056712344607,0,0
annual_state_offset_half,3764,2026-07-31,2026-08-10,0.0300318732435738,2026,2026-06-30,learned_market,20260912,0.4747199415260046,0.4747199415260046,0,1
annual_state_offset_half,3769,2026-08-07,2026-08-17,-0.0056482265760339,2026,2026-06-30,learned_market,20260912,0.5169922363203473,0.5169922363203473,1,0
annual_state_offset_half,3774,2026-08-14,2026-08-24,-0.0109860710402629,2026,2026-06-30,learned_market,20260912,0.47409296619698144,0.47409296619698144,0,0
annual_state_offset_half,3779,2026-08-21,2026-08-31,-0.0127592811002066,2026,2026-06-30,learned_market,20260912,0.4643846053465112,0.4643846053465112,0,0
annual_state_offset,3744,2026-07-03,2026-07-13,-0.0252847876365399,2026,2026-06-30,learned_vol_interaction,20260912,0.5835189279857839,0.5835189279857839,1,0
annual_state_offset,3749,2026-07-10,2026-07-20,-0.035775397012711,2026,2026-06-30,learned_vol_interaction,20260912,0.590661781613955,0.590661781613955,1,0
annual_state_offset,3754,2026-07-17,2026-07-27,0.01756245533441,2026,2026-06-30,learned_vol_interaction,20260912,0.5152580314937659,0.5152580314937659,1,1
annual_state_offset,3759,2026-07-24,2026-08-03,-0.0202339761556519,2026,2026-06-30,learned_vol_interaction,20260912,0.5102837642282361,0.5102837642282361,1,0
annual_state_offset,3764,2026-07-31,2026-08-10,0.0300318732435738,2026,2026-06-30,learned_vol_interaction,20260912,0.49813339636912884,0.49813339636912884,0,1
annual_state_offset,3769,2026-08-07,2026-08-17,-0.0056482265760339,2026,2026-06-30,learned_vol_interaction,20260912,0.4913068589563322,0.4913068589563322,0,0
annual_state_offset,3774,2026-08-14,2026-08-24,-0.0109860710402629,2026,2026-06-30,learned_vol_interaction,20260912,0.46547315716272203,0.46547315716272203,0,0
annual_state_offset,3779,2026-08-21,2026-08-31,-0.0127592811002066,2026,2026-06-30,learned_vol_interaction,20260912,0.4565503959943362,0.4565503959943362,0,0
annual_shared_offset,3744,2026-07-03,2026-07-13,-0.0252847876365399,2026,2026-06-30,learned_vol_interaction,20260912,0.5258020568356814,0.5258020568356814,1,0
annual_shared_offset,3749,2026-07-10,2026-07-20,-0.035775397012711,2026,2026-06-30,learned_vol_interaction,20260912,0.5331428136423337,0.5331428136423337,1,0
annual_shared_offset,3754,2026-07-17,2026-07-27,0.01756245533441,2026,2026-06-30,learned_vol_interaction,20260912,0.5152580314937659,0.5152580314937659,1,1
annual_shared_offset,3759,2026-07-24,2026-08-03,-0.0202339761556519,2026,2026-06-30,learned_vol_interaction,20260912,0.5102837642282361,0.5102837642282361,1,0
annual_shared_offset,3764,2026-07-31,2026-08-10,0.0300318732435738,2026,2026-06-30,learned_vol_interaction,20260912,0.49813339636912884,0.49813339636912884,0,1
annual_shared_offset,3769,2026-08-07,2026-08-17,-0.0056482265760339,2026,2026-06-30,learned_vol_interaction,20260912,0.4913068589563322,0.4913068589563322,0,0
annual_shared_offset,3774,2026-08-14,2026-08-24,-0.0109860710402629,2026,2026-06-30,learned_vol_interaction,20260912,0.46547315716272203,0.46547315716272203,0,0
annual_shared_offset,3779,2026-08-21,2026-08-31,-0.0127592811002066,2026,2026-06-30,learned_vol_interaction,20260912,0.4565503959943362,0.4565503959943362,0,0
annual_state_offset_half,3744,2026-07-03,2026-07-13,-0.0252847876365399,2026,2026-06-30,learned_vol_interaction,20260912,0.5503581513755503,0.5503581513755503,1,0
annual_state_offset_half,3749,2026-07-10,2026-07-20,-0.035775397012711,2026,2026-06-30,learned_vol_interaction,20260912,0.5576385833928078,0.5576385833928078,1,0
annual_state_offset_half,3754,2026-07-17,2026-07-27,0.01756245533441,2026,2026-06-30,learned_vol_interaction,20260912,0.5152580314937659,0.5152580314937659,1,1
annual_state_offset_half,3759,2026-07-24,2026-08-03,-0.0202339761556519,2026,2026-06-30,learned_vol_interaction,20260912,0.5102837642282361,0.5102837642282361,1,0
annual_state_offset_half,3764,2026-07-31,2026-08-10,0.0300318732435738,2026,2026-06-30,learned_vol_interaction,20260912,0.49813339636912884,0.49813339636912884,0,1
annual_state_offset_half,3769,2026-08-07,2026-08-17,-0.0056482265760339,2026,2026-06-30,learned_vol_interaction,20260912,0.4913068589563322,0.4913068589563322,0,0
annual_state_offset_half,3774,2026-08-14,2026-08-24,-0.0109860710402629,2026,2026-06-30,learned_vol_interaction,20260912,0.46547315716272203,0.46547315716272203,0,0
annual_state_offset_half,3779,2026-08-21,2026-08-31,-0.0127592811002066,2026,2026-06-30,learned_vol_interaction,20260912,0.4565503959943362,0.4565503959943362,0,0
annual_state_offset,3744,2026-07-03,2026-07-13,-0.0252847876365399,2026,2026-06-30,learned_order_extension,20260912,0.5680172900708481,0.5680172900708481,1,0
annual_state_offset,3749,2026-07-10,2026-07-20,-0.035775397012711,2026,2026-06-30,learned_order_extension,20260912,0.5921154364434691,0.5921154364434691,1,0
annual_state_offset,3754,2026-07-17,2026-07-27,0.01756245533441,2026,2026-06-30,learned_order_extension,20260912,0.5032118538805617,0.5032118538805617,1,1
annual_state_offset,3759,2026-07-24,2026-08-03,-0.0202339761556519,2026,2026-06-30,learned_order_extension,20260912,0.4921460637997216,0.4921460637997216,0,0
annual_state_offset,3764,2026-07-31,2026-08-10,0.0300318732435738,2026,2026-06-30,learned_order_extension,20260912,0.4818553927993659,0.4818553927993659,0,1
annual_state_offset,3769,2026-08-07,2026-08-17,-0.0056482265760339,2026,2026-06-30,learned_order_extension,20260912,0.5028354128920006,0.5028354128920006,1,0
annual_state_offset,3774,2026-08-14,2026-08-24,-0.0109860710402629,2026,2026-06-30,learned_order_extension,20260912,0.4725810214103995,0.4725810214103995,0,0
annual_state_offset,3779,2026-08-21,2026-08-31,-0.0127592811002066,2026,2026-06-30,learned_order_extension,20260912,0.46653070967261673,0.46653070967261673,0,0
annual_shared_offset,3744,2026-07-03,2026-07-13,-0.0252847876365399,2026,2026-06-30,learned_order_extension,20260912,0.5058783301734271,0.5058783301734271,1,0
annual_shared_offset,3749,2026-07-10,2026-07-20,-0.035775397012711,2026,2026-06-30,learned_order_extension,20260912,0.5305781718521088,0.5305781718521088,1,0
annual_shared_offset,3754,2026-07-17,2026-07-27,0.01756245533441,2026,2026-06-30,learned_order_extension,20260912,0.5032118538805617,0.5032118538805617,1,1
annual_shared_offset,3759,2026-07-24,2026-08-03,-0.0202339761556519,2026,2026-06-30,learned_order_extension,20260912,0.4921460637997216,0.4921460637997216,0,0
annual_shared_offset,3764,2026-07-31,2026-08-10,0.0300318732435738,2026,2026-06-30,learned_order_extension,20260912,0.4818553927993659,0.4818553927993659,0,1
annual_shared_offset,3769,2026-08-07,2026-08-17,-0.0056482265760339,2026,2026-06-30,learned_order_extension,20260912,0.5028354128920006,0.5028354128920006,1,0
annual_shared_offset,3774,2026-08-14,2026-08-24,-0.0109860710402629,2026,2026-06-30,learned_order_extension,20260912,0.4725810214103995,0.4725810214103995,0,0
annual_shared_offset,3779,2026-08-21,2026-08-31,-0.0127592811002066,2026,2026-06-30,learned_order_extension,20260912,0.46653070967261673,0.46653070967261673,0,0
annual_state_offset_half,3744,2026-07-03,2026-07-13,-0.0252847876365399,2026,2026-06-30,learned_order_extension,20260912,0.533641336093787,0.533641336093787,1,0
annual_state_offset_half,3749,2026-07-10,2026-07-20,-0.035775397012711,2026,2026-06-30,learned_order_extension,20260912,0.5581654833951724,0.5581654833951724,1,0
annual_state_offset_half,3754,2026-07-17,2026-07-27,0.01756245533441,2026,2026-06-30,learned_order_extension,20260912,0.5032118538805617,0.5032118538805617,1,1
annual_state_offset_half,3759,2026-07-24,2026-08-03,-0.0202339761556519,2026,2026-06-30,learned_order_extension,20260912,0.4921460637997216,0.4921460637997216,0,0
annual_state_offset_half,3764,2026-07-31,2026-08-10,0.0300318732435738,2026,2026-06-30,learned_order_extension,20260912,0.4818553927993659,0.4818553927993659,0,1
annual_state_offset_half,3769,2026-08-07,2026-08-17,-0.0056482265760339,2026,2026-06-30,learned_order_extension,20260912,0.5028354128920006,0.5028354128920006,1,0
annual_state_offset_half,3774,2026-08-14,2026-08-24,-0.0109860710402629,2026,2026-06-30,learned_order_extension,20260912,0.4725810214103995,0.4725810214103995,0,0
annual_state_offset_half,3779,2026-08-21,2026-08-31,-0.0127592811002066,2026,2026-06-30,learned_order_extension,20260912,0.46653070967261673,0.46653070967261673,0,0
annual_state_offset,3744,2026-07-03,2026-07-13,-0.0252847876365399,2026,2026-06-30,learned_order_offset,20260912,0.5679733992898426,0.5679733992898426,1,0
annual_state_offset,3749,2026-07-10,2026-07-20,-0.035775397012711,2026,2026-06-30,learned_order_offset,20260912,0.5920441455439673,0.5920441455439673,1,0
annual_state_offset,3754,2026-07-17,2026-07-27,0.01756245533441,2026,2026-06-30,learned_order_offset,20260912,0.5033052897147685,0.5033052897147685,1,1
annual_state_offset,3759,2026-07-24,2026-08-03,-0.0202339761556519,2026,2026-06-30,learned_order_offset,20260912,0.4922428591218114,0.4922428591218114,0,0
annual_state_offset,3764,2026-07-31,2026-08-10,0.0300318732435738,2026,2026-06-30,learned_order_offset,20260912,0.4819029511308941,0.4819029511308941,0,1
annual_state_offset,3769,2026-08-07,2026-08-17,-0.0056482265760339,2026,2026-06-30,learned_order_offset,20260912,0.5027660682169325,0.5027660682169325,1,0
annual_state_offset,3774,2026-08-14,2026-08-24,-0.0109860710402629,2026,2026-06-30,learned_order_offset,20260912,0.4725999925469034,0.4725999925469034,0,0
annual_state_offset,3779,2026-08-21,2026-08-31,-0.0127592811002066,2026,2026-06-30,learned_order_offset,20260912,0.4665968127191565,0.4665968127191565,0,0
annual_shared_offset,3744,2026-07-03,2026-07-13,-0.0252847876365399,2026,2026-06-30,learned_order_offset,20260912,0.5058210297561208,0.5058210297561208,1,0
annual_shared_offset,3749,2026-07-10,2026-07-20,-0.035775397012711,2026,2026-06-30,learned_order_offset,20260912,0.5304921099438513,0.5304921099438513,1,0
annual_shared_offset,3754,2026-07-17,2026-07-27,0.01756245533441,2026,2026-06-30,learned_order_offset,20260912,0.5033052897147685,0.5033052897147685,1,1
annual_shared_offset,3759,2026-07-24,2026-08-03,-0.0202339761556519,2026,2026-06-30,learned_order_offset,20260912,0.4922428591218114,0.4922428591218114,0,0
annual_shared_offset,3764,2026-07-31,2026-08-10,0.0300318732435738,2026,2026-06-30,learned_order_offset,20260912,0.4819029511308941,0.4819029511308941,0,1
annual_shared_offset,3769,2026-08-07,2026-08-17,-0.0056482265760339,2026,2026-06-30,learned_order_offset,20260912,0.5027660682169325,0.5027660682169325,1,0
annual_shared_offset,3774,2026-08-14,2026-08-24,-0.0109860710402629,2026,2026-06-30,learned_order_offset,20260912,0.4725999925469034,0.4725999925469034,0,0
annual_shared_offset,3779,2026-08-21,2026-08-31,-0.0127592811002066,2026,2026-06-30,learned_order_offset,20260912,0.4665968127191565,0.4665968127191565,0,0
annual_state_offset_half,3744,2026-07-03,2026-07-13,-0.0252847876365399,2026,2026-06-30,learned_order_offset,20260912,0.533569904056656,0.533569904056656,1,0
annual_state_offset_half,3749,2026-07-10,2026-07-20,-0.035775397012711,2026,2026-06-30,learned_order_offset,20260912,0.5580660136034007,0.5580660136034007,1,0
annual_state_offset_half,3754,2026-07-17,2026-07-27,0.01756245533441,2026,2026-06-30,learned_order_offset,20260912,0.5033052897147685,0.5033052897147685,1,1
annual_state_offset_half,3759,2026-07-24,2026-08-03,-0.0202339761556519,2026,2026-06-30,learned_order_offset,20260912,0.4922428591218114,0.4922428591218114,0,0
annual_state_offset_half,3764,2026-07-31,2026-08-10,0.0300318732435738,2026,2026-06-30,learned_order_offset,20260912,0.4819029511308941,0.4819029511308941,0,1
annual_state_offset_half,3769,2026-08-07,2026-08-17,-0.0056482265760339,2026,2026-06-30,learned_order_offset,20260912,0.5027660682169325,0.5027660682169325,1,0
annual_state_offset_half,3774,2026-08-14,2026-08-24,-0.0109860710402629,2026,2026-06-30,learned_order_offset,20260912,0.4725999925469034,0.4725999925469034,0,0
annual_state_offset_half,3779,2026-08-21,2026-08-31,-0.0127592811002066,2026,2026-06-30,learned_order_offset,20260912,0.4665968127191565,0.4665968127191565,0,0
annual_state_offset,2418,2021-01-08,2021-01-18,-0.0120052904669853,2021,2020-12-31,native_mse,20260910,-0.00016719672473286887,,0,0
annual_state_offset,2423,2021-01-15,2021-01-25,0.0231622460538123,2021,2020-12-31,native_mse,20260910,-0.0024576018862454926,,0,1
annual_state_offset,2428,2021-01-22,2021-02-01,-0.0372511735907923,2021,2020-12-31,native_mse,20260910,-0.003647746896638798,,0,0
annual_state_offset,2433,2021-01-29,2021-02-08,0.0278689901714626,2021,2020-12-31,native_mse,20260910,-0.0025472735860022446,,0,1
annual_state_offset,2438,2021-02-05,2021-02-22,0.0507379035040882,2021,2020-12-31,native_mse,20260910,-0.0030793775400414984,,0,1
annual_state_offset,2443,2021-02-19,2021-03-01,-0.0684918010685315,2021,2020-12-31,native_mse,20260910,-0.0023490676188242655,,0,0
annual_state_offset,2448,2021-02-26,2021-03-08,-0.0165997123904068,2021,2020-12-31,native_mse,20260910,-0.0023665663755005908,,0,0
annual_state_offset,2453,2021-03-05,2021-03-15,-0.0346560901469681,2021,2020-12-31,native_mse,20260910,-0.0014253865572098575,,0,0
annual_state_offset,2458,2021-03-12,2021-03-22,-0.0210550182560221,2021,2020-12-31,native_mse,20260910,-0.0005000901973691782,,0,0
annual_state_offset,2463,2021-03-19,2021-03-29,0.0087572877565691,2021,2020-12-31,native_mse,20260910,0.006023340982564988,,1,1
annual_state_offset,2468,2021-03-26,2021-04-06,0.0250145479448802,2021,2020-12-31,native_mse,20260910,0.005598392317839315,,1,1
annual_state_offset,2473,2021-04-02,2021-04-12,-0.0292856811827044,2021,2020-12-31,native_mse,20260910,0.0036485752776130036,,1,0
annual_state_offset,2477,2021-04-09,2021-04-19,-0.0120489836840408,2021,2020-12-31,native_mse,20260910,0.007350243400305611,,1,0
annual_state_offset,2482,2021-04-16,2021-04-26,0.0382932540809155,2021,2020-12-31,native_mse,20260910,0.002900059176571625,,1,1
annual_state_offset,2487,2021-04-23,2021-05-06,-0.0112070185917437,2021,2020-12-31,native_mse,20260910,0.007596625467989239,,1,0
annual_state_offset,2492,2021-04-30,2021-05-12,-0.0190946889464188,2021,2020-12-31,native_mse,20260910,0.007105998256782256,,1,0
annual_state_offset,2494,2021-05-07,2021-05-17,0.0227674429764228,2021,2020-12-31,native_mse,20260910,0.0072995237328683515,,1,1
annual_state_offset,2499,2021-05-14,2021-05-24,0.0045940519733895,2021,2020-12-31,native_mse,20260910,0.006906583839110419,,1,1
annual_state_offset,2504,2021-05-21,2021-05-31,0.0348855085126711,2021,2020-12-31,native_mse,20260910,0.0039949465805707365,,1,1
annual_state_offset,2509,2021-05-28,2021-06-07,-0.0062409741861724,2021,2020-12-31,native_mse,20260910,0.004302626766656515,,1,0
annual_state_offset,2514,2021-06-04,2021-06-15,-0.0125508761771767,2021,2020-12-31,native_mse,20260910,0.0018010688105476373,,1,0
annual_state_offset,2519,2021-06-11,2021-06-21,-0.0250011497424577,2021,2020-12-31,native_mse,20260910,-0.0027939130847951473,,0,0
annual_state_offset,2523,2021-06-18,2021-06-28,0.0325308711127356,2021,2020-12-31,native_mse,20260910,-0.0024054667576293687,,0,1
annual_state_offset,2528,2021-06-25,2021-07-05,-0.0342297962734196,2021,2020-12-31,native_mse,20260910,-0.0021641013171994155,,0,0
annual_state_offset,2533,2021-07-02,2021-07-12,0.0068193733271841,2021,2020-12-31,native_mse,20260910,-0.002740282150259048,,0,1
annual_state_offset,2538,2021-07-09,2021-07-19,-0.0048254045313779,2021,2020-12-31,native_mse,20260910,-0.0025804416168060183,,0,0
annual_state_offset,2543,2021-07-16,2021-07-26,-0.0032299118953994,2021,2020-12-31,native_mse,20260910,-0.0035112489700114967,,0,0
annual_state_offset,2548,2021-07-23,2021-08-02,-0.0537740931579083,2021,2020-12-31,native_mse,20260910,-0.002252148085559406,,0,0
annual_state_offset,2553,2021-07-30,2021-08-09,0.019904813945049,2021,2020-12-31,native_mse,20260910,-0.0013935392955686378,,0,1
annual_state_offset,2558,2021-08-06,2021-08-16,0.0093369268709639,2021,2020-12-31,native_mse,20260910,-0.0008547058545780883,,0,1
annual_state_offset,2563,2021-08-13,2021-08-23,-0.032048736608373,2021,2020-12-31,native_mse,20260910,-0.0010996712313164061,,0,0
annual_state_offset,2568,2021-08-20,2021-08-30,0.0145047962107527,2021,2020-12-31,native_mse,20260910,0.0014984460902095808,,1,1
annual_state_offset,2573,2021-08-27,2021-09-06,-0.0012316820816045,2021,2020-12-31,native_mse,20260910,0.006590900742918945,,1,0
annual_state_offset,2578,2021-09-03,2021-09-13,0.0342301066295398,2021,2020-12-31,native_mse,20260910,0.009486980636077728,,1,1
annual_state_offset,2583,2021-09-10,2021-09-22,-0.0471441667981554,2021,2020-12-31,native_mse,20260910,0.009371153033789907,,1,0
annual_state_offset,2588,2021-09-17,2021-09-28,0.0209863060789441,2021,2020-12-31,native_mse,20260910,0.009603132896707183,,1,1
annual_state_offset,2591,2021-09-24,2021-10-11,0.0144615416200457,2021,2020-12-31,native_mse,20260910,0.009682760274058575,,1,1
annual_state_offset,2596,2021-10-08,2021-10-18,-0.0038006269617851,2021,2020-12-31,native_mse,20260910,0.009091248352644028,,1,0
annual_state_offset,2601,2021-10-15,2021-10-25,0.0037358989621147,2021,2020-12-31,native_mse,20260910,0.008469619450977196,,1,1
annual_state_offset,2606,2021-10-22,2021-11-01,-0.0127041632091318,2021,2020-12-31,native_mse,20260910,0.0008933657456787875,,1,0
annual_state_offset,2611,2021-10-29,2021-11-08,-0.0075807737801166,2021,2020-12-31,native_mse,20260910,0.002406790555140204,,1,0
annual_state_offset,2616,2021-11-05,2021-11-15,0.0110015182343039,2021,2020-12-31,native_mse,20260910,0.004495816516502967,,1,1
annual_state_offset,2621,2021-11-12,2021-11-22,0.0002002284238551,2021,2020-12-31,native_mse,20260910,0.008345328596010884,,1,1
annual_state_offset,2626,2021-11-19,2021-11-29,-0.0153981603100059,2021,2020-12-31,native_mse,20260910,0.006936498727743483,,1,0
annual_state_offset,2631,2021-11-26,2021-12-06,0.0185518287306458,2021,2020-12-31,native_mse,20260910,0.0043122154605937865,,1,1
annual_state_offset,2636,2021-12-03,2021-12-13,0.0367843110096284,2021,2020-12-31,native_mse,20260910,0.003903132217743633,,1,1
annual_state_offset,2641,2021-12-10,2021-12-20,-0.0304615698955996,2021,2020-12-31,native_mse,20260910,0.0011584734670292821,,1,0
annual_state_offset,2646,2021-12-17,2021-12-27,-0.0034083287233763,2021,2020-12-31,native_mse,20260910,0.008060168302998738,,1,0
annual_state_offset,2651,2021-12-24,2022-01-04,0.0080985736506613,2021,2020-12-31,native_mse,20260910,0.0074924187486900135,,1,1
annual_state_offset,2656,2021-12-31,2022-01-10,-0.0293970528320001,2021,2020-12-31,native_mse,20260910,0.008334791957105143,,1,0
annual_state_offset,2418,2021-01-08,2021-01-18,-0.0120052904669853,2021,2020-12-31,training_frequency,-1,0.5577557755775577,0.5577557755775577,1,0
annual_state_offset,2423,2021-01-15,2021-01-25,0.0231622460538123,2021,2020-12-31,training_frequency,-1,0.5577557755775577,0.5577557755775577,1,1
annual_state_offset,2428,2021-01-22,2021-02-01,-0.0372511735907923,2021,2020-12-31,training_frequency,-1,0.5577557755775577,0.5577557755775577,1,0
annual_state_offset,2433,2021-01-29,2021-02-08,0.0278689901714626,2021,2020-12-31,training_frequency,-1,0.5577557755775577,0.5577557755775577,1,1
annual_state_offset,2438,2021-02-05,2021-02-22,0.0507379035040882,2021,2020-12-31,training_frequency,-1,0.5577557755775577,0.5577557755775577,1,1
annual_state_offset,2443,2021-02-19,2021-03-01,-0.0684918010685315,2021,2020-12-31,training_frequency,-1,0.5577557755775577,0.5577557755775577,1,0
annual_state_offset,2448,2021-02-26,2021-03-08,-0.0165997123904068,2021,2020-12-31,training_frequency,-1,0.5577557755775577,0.5577557755775577,1,0
annual_state_offset,2453,2021-03-05,2021-03-15,-0.0346560901469681,2021,2020-12-31,training_frequency,-1,0.5577557755775577,0.5577557755775577,1,0
annual_state_offset,2458,2021-03-12,2021-03-22,-0.0210550182560221,2021,2020-12-31,training_frequency,-1,0.5577557755775577,0.5577557755775577,1,0
annual_state_offset,2463,2021-03-19,2021-03-29,0.0087572877565691,2021,2020-12-31,training_frequency,-1,0.5577557755775577,0.5577557755775577,1,1
annual_state_offset,2468,2021-03-26,2021-04-06,0.0250145479448802,2021,2020-12-31,training_frequency,-1,0.5577557755775577,0.5577557755775577,1,1
annual_state_offset,2473,2021-04-02,2021-04-12,-0.0292856811827044,2021,2020-12-31,training_frequency,-1,0.5577557755775577,0.5577557755775577,1,0
annual_state_offset,2477,2021-04-09,2021-04-19,-0.0120489836840408,2021,2020-12-31,training_frequency,-1,0.5577557755775577,0.5577557755775577,1,0
annual_state_offset,2482,2021-04-16,2021-04-26,0.0382932540809155,2021,2020-12-31,training_frequency,-1,0.5577557755775577,0.5577557755775577,1,1
annual_state_offset,2487,2021-04-23,2021-05-06,-0.0112070185917437,2021,2020-12-31,training_frequency,-1,0.5577557755775577,0.5577557755775577,1,0
annual_state_offset,2492,2021-04-30,2021-05-12,-0.0190946889464188,2021,2020-12-31,training_frequency,-1,0.5577557755775577,0.5577557755775577,1,0
annual_state_offset,2494,2021-05-07,2021-05-17,0.0227674429764228,2021,2020-12-31,training_frequency,-1,0.5577557755775577,0.5577557755775577,1,1
annual_state_offset,2499,2021-05-14,2021-05-24,0.0045940519733895,2021,2020-12-31,training_frequency,-1,0.5577557755775577,0.5577557755775577,1,1
annual_state_offset,2504,2021-05-21,2021-05-31,0.0348855085126711,2021,2020-12-31,training_frequency,-1,0.5577557755775577,0.5577557755775577,1,1
annual_state_offset,2509,2021-05-28,2021-06-07,-0.0062409741861724,2021,2020-12-31,training_frequency,-1,0.5577557755775577,0.5577557755775577,1,0
annual_state_offset,2514,2021-06-04,2021-06-15,-0.0125508761771767,2021,2020-12-31,training_frequency,-1,0.5577557755775577,0.5577557755775577,1,0
annual_state_offset,2519,2021-06-11,2021-06-21,-0.0250011497424577,2021,2020-12-31,training_frequency,-1,0.5577557755775577,0.5577557755775577,1,0
annual_state_offset,2523,2021-06-18,2021-06-28,0.0325308711127356,2021,2020-12-31,training_frequency,-1,0.5577557755775577,0.5577557755775577,1,1
annual_state_offset,2528,2021-06-25,2021-07-05,-0.0342297962734196,2021,2020-12-31,training_frequency,-1,0.5577557755775577,0.5577557755775577,1,0
annual_state_offset,2533,2021-07-02,2021-07-12,0.0068193733271841,2021,2020-12-31,training_frequency,-1,0.5577557755775577,0.5577557755775577,1,1
annual_state_offset,2538,2021-07-09,2021-07-19,-0.0048254045313779,2021,2020-12-31,training_frequency,-1,0.5577557755775577,0.5577557755775577,1,0
annual_state_offset,2543,2021-07-16,2021-07-26,-0.0032299118953994,2021,2020-12-31,training_frequency,-1,0.5577557755775577,0.5577557755775577,1,0
annual_state_offset,2548,2021-07-23,2021-08-02,-0.0537740931579083,2021,2020-12-31,training_frequency,-1,0.5577557755775577,0.5577557755775577,1,0
annual_state_offset,2553,2021-07-30,2021-08-09,0.019904813945049,2021,2020-12-31,training_frequency,-1,0.5577557755775577,0.5577557755775577,1,1
annual_state_offset,2558,2021-08-06,2021-08-16,0.0093369268709639,2021,2020-12-31,training_frequency,-1,0.5577557755775577,0.5577557755775577,1,1
annual_state_offset,2563,2021-08-13,2021-08-23,-0.032048736608373,2021,2020-12-31,training_frequency,-1,0.5577557755775577,0.5577557755775577,1,0
annual_state_offset,2568,2021-08-20,2021-08-30,0.0145047962107527,2021,2020-12-31,training_frequency,-1,0.5577557755775577,0.5577557755775577,1,1
annual_state_offset,2573,2021-08-27,2021-09-06,-0.0012316820816045,2021,2020-12-31,training_frequency,-1,0.5577557755775577,0.5577557755775577,1,0
annual_state_offset,2578,2021-09-03,2021-09-13,0.0342301066295398,2021,2020-12-31,training_frequency,-1,0.5577557755775577,0.5577557755775577,1,1
annual_state_offset,2583,2021-09-10,2021-09-22,-0.0471441667981554,2021,2020-12-31,training_frequency,-1,0.5577557755775577,0.5577557755775577,1,0
annual_state_offset,2588,2021-09-17,2021-09-28,0.0209863060789441,2021,2020-12-31,training_frequency,-1,0.5577557755775577,0.5577557755775577,1,1
annual_state_offset,2591,2021-09-24,2021-10-11,0.0144615416200457,2021,2020-12-31,training_frequency,-1,0.5577557755775577,0.5577557755775577,1,1
annual_state_offset,2596,2021-10-08,2021-10-18,-0.0038006269617851,2021,2020-12-31,training_frequency,-1,0.5577557755775577,0.5577557755775577,1,0
annual_state_offset,2601,2021-10-15,2021-10-25,0.0037358989621147,2021,2020-12-31,training_frequency,-1,0.5577557755775577,0.5577557755775577,1,1
annual_state_offset,2606,2021-10-22,2021-11-01,-0.0127041632091318,2021,2020-12-31,training_frequency,-1,0.5577557755775577,0.5577557755775577,1,0
annual_state_offset,2611,2021-10-29,2021-11-08,-0.0075807737801166,2021,2020-12-31,training_frequency,-1,0.5577557755775577,0.5577557755775577,1,0
annual_state_offset,2616,2021-11-05,2021-11-15,0.0110015182343039,2021,2020-12-31,training_frequency,-1,0.5577557755775577,0.5577557755775577,1,1
annual_state_offset,2621,2021-11-12,2021-11-22,0.0002002284238551,2021,2020-12-31,training_frequency,-1,0.5577557755775577,0.5577557755775577,1,1
annual_state_offset,2626,2021-11-19,2021-11-29,-0.0153981603100059,2021,2020-12-31,training_frequency,-1,0.5577557755775577,0.5577557755775577,1,0
annual_state_offset,2631,2021-11-26,2021-12-06,0.0185518287306458,2021,2020-12-31,training_frequency,-1,0.5577557755775577,0.5577557755775577,1,1
annual_state_offset,2636,2021-12-03,2021-12-13,0.0367843110096284,2021,2020-12-31,training_frequency,-1,0.5577557755775577,0.5577557755775577,1,1
annual_state_offset,2641,2021-12-10,2021-12-20,-0.0304615698955996,2021,2020-12-31,training_frequency,-1,0.5577557755775577,0.5577557755775577,1,0
annual_state_offset,2646,2021-12-17,2021-12-27,-0.0034083287233763,2021,2020-12-31,training_frequency,-1,0.5577557755775577,0.5577557755775577,1,0
annual_state_offset,2651,2021-12-24,2022-01-04,0.0080985736506613,2021,2020-12-31,training_frequency,-1,0.5577557755775577,0.5577557755775577,1,1
annual_state_offset,2656,2021-12-31,2022-01-10,-0.0293970528320001,2021,2020-12-31,training_frequency,-1,0.5577557755775577,0.5577557755775577,1,0
annual_state_offset,2418,2021-01-08,2021-01-18,-0.0120052904669853,2021,2020-12-31,native_mse,20260911,0.008552411017393067,,1,0
annual_state_offset,2423,2021-01-15,2021-01-25,0.0231622460538123,2021,2020-12-31,native_mse,20260911,0.004218820233000888,,1,1
annual_state_offset,2428,2021-01-22,2021-02-01,-0.0372511735907923,2021,2020-12-31,native_mse,20260911,0.004959951689017089,,1,0
annual_state_offset,2433,2021-01-29,2021-02-08,0.0278689901714626,2021,2020-12-31,native_mse,20260911,-0.006242641410233065,,0,1
annual_state_offset,2438,2021-02-05,2021-02-22,0.0507379035040882,2021,2020-12-31,native_mse,20260911,0.0007951359987466982,,1,1
annual_state_offset,2443,2021-02-19,2021-03-01,-0.0684918010685315,2021,2020-12-31,native_mse,20260911,-0.0016330918552967294,,0,0
annual_state_offset,2448,2021-02-26,2021-03-08,-0.0165997123904068,2021,2020-12-31,native_mse,20260911,-0.00533638880364651,,0,0
annual_state_offset,2453,2021-03-05,2021-03-15,-0.0346560901469681,2021,2020-12-31,native_mse,20260911,-0.011674592766508288,,0,0
annual_state_offset,2458,2021-03-12,2021-03-22,-0.0210550182560221,2021,2020-12-31,native_mse,20260911,-0.007847066861436623,,0,0
annual_state_offset,2463,2021-03-19,2021-03-29,0.0087572877565691,2021,2020-12-31,native_mse,20260911,-0.0039060339233599494,,0,1
annual_state_offset,2468,2021-03-26,2021-04-06,0.0250145479448802,2021,2020-12-31,native_mse,20260911,0.0009273635613917179,,1,1
annual_state_offset,2473,2021-04-02,2021-04-12,-0.0292856811827044,2021,2020-12-31,native_mse,20260911,-0.0027355840325147787,,0,0
annual_state_offset,2477,2021-04-09,2021-04-19,-0.0120489836840408,2021,2020-12-31,native_mse,20260911,-0.0036343506408249315,,0,0
annual_state_offset,2482,2021-04-16,2021-04-26,0.0382932540809155,2021,2020-12-31,native_mse,20260911,-0.0006724515978878938,,0,1
annual_state_offset,2487,2021-04-23,2021-05-06,-0.0112070185917437,2021,2020-12-31,native_mse,20260911,0.0055289088739753755,,1,0
annual_state_offset,2492,2021-04-30,2021-05-12,-0.0190946889464188,2021,2020-12-31,native_mse,20260911,0.0033327575219957396,,1,0
annual_state_offset,2494,2021-05-07,2021-05-17,0.0227674429764228,2021,2020-12-31,native_mse,20260911,0.0021669511395786133,,1,1
annual_state_offset,2499,2021-05-14,2021-05-24,0.0045940519733895,2021,2020-12-31,native_mse,20260911,0.0011114542693073139,,1,1
annual_state_offset,2504,2021-05-21,2021-05-31,0.0348855085126711,2021,2020-12-31,native_mse,20260911,0.008400289317996804,,1,1
annual_state_offset,2509,2021-05-28,2021-06-07,-0.0062409741861724,2021,2020-12-31,native_mse,20260911,0.0007953145198423817,,1,0
annual_state_offset,2514,2021-06-04,2021-06-15,-0.0125508761771767,2021,2020-12-31,native_mse,20260911,-0.007020166164517651,,0,0
annual_state_offset,2519,2021-06-11,2021-06-21,-0.0250011497424577,2021,2020-12-31,native_mse,20260911,-0.008619872591947365,,0,0
annual_state_offset,2523,2021-06-18,2021-06-28,0.0325308711127356,2021,2020-12-31,native_mse,20260911,-0.008791375820448139,,0,1
annual_state_offset,2528,2021-06-25,2021-07-05,-0.0342297962734196,2021,2020-12-31,native_mse,20260911,-0.008045520831514462,,0,0
annual_state_offset,2533,2021-07-02,2021-07-12,0.0068193733271841,2021,2020-12-31,native_mse,20260911,-0.007174844548354277,,0,1
annual_state_offset,2538,2021-07-09,2021-07-19,-0.0048254045313779,2021,2020-12-31,native_mse,20260911,-0.015340492927170088,,0,0
annual_state_offset,2543,2021-07-16,2021-07-26,-0.0032299118953994,2021,2020-12-31,native_mse,20260911,-0.005208717730643443,,0,0
annual_state_offset,2548,2021-07-23,2021-08-02,-0.0537740931579083,2021,2020-12-31,native_mse,20260911,-0.005850917345567664,,0,0
annual_state_offset,2553,2021-07-30,2021-08-09,0.019904813945049,2021,2020-12-31,native_mse,20260911,-0.0028205260505218244,,0,1
annual_state_offset,2558,2021-08-06,2021-08-16,0.0093369268709639,2021,2020-12-31,native_mse,20260911,0.0007831311211854701,,1,1
annual_state_offset,2563,2021-08-13,2021-08-23,-0.032048736608373,2021,2020-12-31,native_mse,20260911,-0.0005906639308137641,,0,0
annual_state_offset,2568,2021-08-20,2021-08-30,0.0145047962107527,2021,2020-12-31,native_mse,20260911,-0.004641917146108556,,0,1
annual_state_offset,2573,2021-08-27,2021-09-06,-0.0012316820816045,2021,2020-12-31,native_mse,20260911,0.014579973106645959,,1,0
annual_state_offset,2578,2021-09-03,2021-09-13,0.0342301066295398,2021,2020-12-31,native_mse,20260911,0.008593989010996025,,1,1
annual_state_offset,2583,2021-09-10,2021-09-22,-0.0471441667981554,2021,2020-12-31,native_mse,20260911,0.008313547741757724,,1,0
annual_state_offset,2588,2021-09-17,2021-09-28,0.0209863060789441,2021,2020-12-31,native_mse,20260911,0.01165935650344279,,1,1
annual_state_offset,2591,2021-09-24,2021-10-11,0.0144615416200457,2021,2020-12-31,native_mse,20260911,0.005518532924551857,,1,1
annual_state_offset,2596,2021-10-08,2021-10-18,-0.0038006269617851,2021,2020-12-31,native_mse,20260911,0.012263523541426666,,1,0
annual_state_offset,2601,2021-10-15,2021-10-25,0.0037358989621147,2021,2020-12-31,native_mse,20260911,0.005744974739242532,,1,1
annual_state_offset,2606,2021-10-22,2021-11-01,-0.0127041632091318,2021,2020-12-31,native_mse,20260911,-0.002876912071818175,,0,0
annual_state_offset,2611,2021-10-29,2021-11-08,-0.0075807737801166,2021,2020-12-31,native_mse,20260911,0.007299876265916085,,1,0
annual_state_offset,2616,2021-11-05,2021-11-15,0.0110015182343039,2021,2020-12-31,native_mse,20260911,0.01509194783358179,,1,1
annual_state_offset,2621,2021-11-12,2021-11-22,0.0002002284238551,2021,2020-12-31,native_mse,20260911,0.015091062401740971,,1,1
annual_state_offset,2626,2021-11-19,2021-11-29,-0.0153981603100059,2021,2020-12-31,native_mse,20260911,0.0038828482450291406,,1,0
annual_state_offset,2631,2021-11-26,2021-12-06,0.0185518287306458,2021,2020-12-31,native_mse,20260911,0.012319022901115752,,1,1
annual_state_offset,2636,2021-12-03,2021-12-13,0.0367843110096284,2021,2020-12-31,native_mse,20260911,-0.0032795392457900994,,0,1
annual_state_offset,2641,2021-12-10,2021-12-20,-0.0304615698955996,2021,2020-12-31,native_mse,20260911,0.0011267436480836153,,1,0
annual_state_offset,2646,2021-12-17,2021-12-27,-0.0034083287233763,2021,2020-12-31,native_mse,20260911,0.009051863032613542,,1,0
annual_state_offset,2651,2021-12-24,2022-01-04,0.0080985736506613,2021,2020-12-31,native_mse,20260911,0.011692479032888078,,1,1
annual_state_offset,2656,2021-12-31,2022-01-10,-0.0293970528320001,2021,2020-12-31,native_mse,20260911,0.0061027978323025915,,1,0
annual_state_offset,2418,2021-01-08,2021-01-18,-0.0120052904669853,2021,2020-12-31,native_mse,20260912,0.001397497585867654,,1,0
annual_state_offset,2423,2021-01-15,2021-01-25,0.0231622460538123,2021,2020-12-31,native_mse,20260912,0.0006715229500529757,,1,1
annual_state_offset,2428,2021-01-22,2021-02-01,-0.0372511735907923,2021,2020-12-31,native_mse,20260912,0.0008989216255188498,,1,0
annual_state_offset,2433,2021-01-29,2021-02-08,0.0278689901714626,2021,2020-12-31,native_mse,20260912,0.0007959764416317159,,1,1
annual_state_offset,2438,2021-02-05,2021-02-22,0.0507379035040882,2021,2020-12-31,native_mse,20260912,0.0012803740659475327,,1,1
annual_state_offset,2443,2021-02-19,2021-03-01,-0.0684918010685315,2021,2020-12-31,native_mse,20260912,0.0009133829615551264,,1,0
annual_state_offset,2448,2021-02-26,2021-03-08,-0.0165997123904068,2021,2020-12-31,native_mse,20260912,0.0013704992420810927,,1,0
annual_state_offset,2453,2021-03-05,2021-03-15,-0.0346560901469681,2021,2020-12-31,native_mse,20260912,0.0008756814992302536,,1,0
annual_state_offset,2458,2021-03-12,2021-03-22,-0.0210550182560221,2021,2020-12-31,native_mse,20260912,0.0011757184818956695,,1,0
annual_state_offset,2463,2021-03-19,2021-03-29,0.0087572877565691,2021,2020-12-31,native_mse,20260912,0.0010792053864410744,,1,1
annual_state_offset,2468,2021-03-26,2021-04-06,0.0250145479448802,2021,2020-12-31,native_mse,20260912,0.0011499309968955886,,1,1
annual_state_offset,2473,2021-04-02,2021-04-12,-0.0292856811827044,2021,2020-12-31,native_mse,20260912,0.0010410156043567688,,1,0
annual_state_offset,2477,2021-04-09,2021-04-19,-0.0120489836840408,2021,2020-12-31,native_mse,20260912,0.0015346227958627386,,1,0
annual_state_offset,2482,2021-04-16,2021-04-26,0.0382932540809155,2021,2020-12-31,native_mse,20260912,0.001333459240383137,,1,1
annual_state_offset,2487,2021-04-23,2021-05-06,-0.0112070185917437,2021,2020-12-31,native_mse,20260912,0.0016691075435783544,,1,0
annual_state_offset,2492,2021-04-30,2021-05-12,-0.0190946889464188,2021,2020-12-31,native_mse,20260912,0.0008697905080337705,,1,0
annual_state_offset,2494,2021-05-07,2021-05-17,0.0227674429764228,2021,2020-12-31,native_mse,20260912,0.0011496090030479206,,1,1
annual_state_offset,2499,2021-05-14,2021-05-24,0.0045940519733895,2021,2020-12-31,native_mse,20260912,0.0010483063772099349,,1,1
annual_state_offset,2504,2021-05-21,2021-05-31,0.0348855085126711,2021,2020-12-31,native_mse,20260912,0.0011439525898009322,,1,1
annual_state_offset,2509,2021-05-28,2021-06-07,-0.0062409741861724,2021,2020-12-31,native_mse,20260912,0.0011525125328662067,,1,0
annual_state_offset,2514,2021-06-04,2021-06-15,-0.0125508761771767,2021,2020-12-31,native_mse,20260912,0.0007128828650729158,,1,0
annual_state_offset,2519,2021-06-11,2021-06-21,-0.0250011497424577,2021,2020-12-31,native_mse,20260912,0.0008407535701623152,,1,0
annual_state_offset,2523,2021-06-18,2021-06-28,0.0325308711127356,2021,2020-12-31,native_mse,20260912,0.0005295128002944305,,1,1
annual_state_offset,2528,2021-06-25,2021-07-05,-0.0342297962734196,2021,2020-12-31,native_mse,20260912,0.0004392776625445282,,1,0
annual_state_offset,2533,2021-07-02,2021-07-12,0.0068193733271841,2021,2020-12-31,native_mse,20260912,0.0008802423955353033,,1,1
annual_state_offset,2538,2021-07-09,2021-07-19,-0.0048254045313779,2021,2020-12-31,native_mse,20260912,0.001025036941487719,,1,0
annual_state_offset,2543,2021-07-16,2021-07-26,-0.0032299118953994,2021,2020-12-31,native_mse,20260912,0.0009848540154367372,,1,0
annual_state_offset,2548,2021-07-23,2021-08-02,-0.0537740931579083,2021,2020-12-31,native_mse,20260912,0.0010837390229232473,,1,0
annual_state_offset,2553,2021-07-30,2021-08-09,0.019904813945049,2021,2020-12-31,native_mse,20260912,0.0007753634039124927,,1,1
annual_state_offset,2558,2021-08-06,2021-08-16,0.0093369268709639,2021,2020-12-31,native_mse,20260912,0.0010686946751112278,,1,1
annual_state_offset,2563,2021-08-13,2021-08-23,-0.032048736608373,2021,2020-12-31,native_mse,20260912,0.0016819071064647707,,1,0
annual_state_offset,2568,2021-08-20,2021-08-30,0.0145047962107527,2021,2020-12-31,native_mse,20260912,0.0015674609930577542,,1,1
annual_state_offset,2573,2021-08-27,2021-09-06,-0.0012316820816045,2021,2020-12-31,native_mse,20260912,0.0015518786224257932,,1,0
annual_state_offset,2578,2021-09-03,2021-09-13,0.0342301066295398,2021,2020-12-31,native_mse,20260912,0.0015775578367383941,,1,1
annual_state_offset,2583,2021-09-10,2021-09-22,-0.0471441667981554,2021,2020-12-31,native_mse,20260912,0.00097730888589041,,1,0
annual_state_offset,2588,2021-09-17,2021-09-28,0.0209863060789441,2021,2020-12-31,native_mse,20260912,0.0010514539644274003,,1,1
annual_state_offset,2591,2021-09-24,2021-10-11,0.0144615416200457,2021,2020-12-31,native_mse,20260912,0.0009736007301348337,,1,1
annual_state_offset,2596,2021-10-08,2021-10-18,-0.0038006269617851,2021,2020-12-31,native_mse,20260912,0.0017059097904301645,,1,0
annual_state_offset,2601,2021-10-15,2021-10-25,0.0037358989621147,2021,2020-12-31,native_mse,20260912,0.0013112113818953192,,1,1
annual_state_offset,2606,2021-10-22,2021-11-01,-0.0127041632091318,2021,2020-12-31,native_mse,20260912,0.001166627382206441,,1,0
annual_state_offset,2611,2021-10-29,2021-11-08,-0.0075807737801166,2021,2020-12-31,native_mse,20260912,0.0010497018546840582,,1,0
annual_state_offset,2616,2021-11-05,2021-11-15,0.0110015182343039,2021,2020-12-31,native_mse,20260912,0.0009666279543883876,,1,1
annual_state_offset,2621,2021-11-12,2021-11-22,0.0002002284238551,2021,2020-12-31,native_mse,20260912,0.00100753152357648,,1,1
annual_state_offset,2626,2021-11-19,2021-11-29,-0.0153981603100059,2021,2020-12-31,native_mse,20260912,0.0011440904261233744,,1,0
annual_state_offset,2631,2021-11-26,2021-12-06,0.0185518287306458,2021,2020-12-31,native_mse,20260912,0.0008222023383696463,,1,1
annual_state_offset,2636,2021-12-03,2021-12-13,0.0367843110096284,2021,2020-12-31,native_mse,20260912,0.000663622110562264,,1,1
annual_state_offset,2641,2021-12-10,2021-12-20,-0.0304615698955996,2021,2020-12-31,native_mse,20260912,0.0012207854253852776,,1,0
annual_state_offset,2646,2021-12-17,2021-12-27,-0.0034083287233763,2021,2020-12-31,native_mse,20260912,0.0012339786672550855,,1,0
annual_state_offset,2651,2021-12-24,2022-01-04,0.0080985736506613,2021,2020-12-31,native_mse,20260912,0.0010451229218044734,,1,1
annual_state_offset,2656,2021-12-31,2022-01-10,-0.0293970528320001,2021,2020-12-31,native_mse,20260912,0.001214204791414166,,1,0
annual_state_offset,2660,2022-01-07,2022-01-17,-0.0173453887283024,2022,2021-12-31,native_mse,20260910,-0.0034182510339292468,,0,0
annual_state_offset,2665,2022-01-14,2022-01-24,0.0053248631776616,2022,2021-12-31,native_mse,20260910,0.004761167720503064,,1,1
annual_state_offset,2670,2022-01-21,2022-02-07,-0.0242661876254222,2022,2021-12-31,native_mse,20260910,0.013137367547165641,,1,0
annual_state_offset,2675,2022-01-28,2022-02-14,-0.0127539031341488,2022,2021-12-31,native_mse,20260910,0.010886081661597602,,1,0
annual_state_offset,2680,2022-02-11,2022-02-21,0.0145498774954033,2022,2021-12-31,native_mse,20260910,0.008879219089809445,,1,1
annual_state_offset,2685,2022-02-18,2022-02-28,-0.0177161244498015,2022,2021-12-31,native_mse,20260910,0.009476567447344621,,1,0
annual_state_offset,2690,2022-02-25,2022-03-07,-0.0221791776043331,2022,2021-12-31,native_mse,20260910,0.01051598647298397,,1,0
annual_state_offset,2695,2022-03-04,2022-03-14,-0.0480378799422749,2022,2021-12-31,native_mse,20260910,0.007053677912636015,,1,0
annual_state_offset,2700,2022-03-11,2022-03-21,0.007530336734814,2022,2021-12-31,native_mse,20260910,0.010804442451387935,,1,1
annual_state_offset,2705,2022-03-18,2022-03-28,-0.0353493110038457,2022,2021-12-31,native_mse,20260910,0.0072982657258971444,,1,0
annual_state_offset,2710,2022-03-25,2022-04-06,0.0314834190717003,2022,2021-12-31,native_mse,20260910,0.007546796616275884,,1,1
annual_state_offset,2715,2022-04-01,2022-04-12,-0.0129237372705649,2022,2021-12-31,native_mse,20260910,0.006781430452769677,,1,0
annual_state_offset,2718,2022-04-08,2022-04-18,-0.0120986062576864,2022,2021-12-31,native_mse,20260910,0.00652895075643567,,1,0
annual_state_offset,2723,2022-04-15,2022-04-25,-0.0528494340140576,2022,2021-12-31,native_mse,20260910,0.006385447465197085,,1,0
annual_state_offset,2728,2022-04-22,2022-05-05,0.015736821365468,2022,2021-12-31,native_mse,20260910,0.005099274511858865,,1,1
annual_state_offset,2733,2022-04-29,2022-05-11,-0.0278824133054675,2022,2021-12-31,native_mse,20260910,0.004344044298975658,,1,0
annual_state_offset,2735,2022-05-06,2022-05-16,0.033741423035827,2022,2021-12-31,native_mse,20260910,0.0035518248227642247,,1,1
annual_state_offset,2740,2022-05-13,2022-05-23,0.0164308841843088,2022,2021-12-31,native_mse,20260910,0.002890441768532801,,1,1
annual_state_offset,2745,2022-05-20,2022-05-30,-0.0147293413085614,2022,2021-12-31,native_mse,20260910,0.002556802191789734,,1,0
annual_state_offset,2750,2022-05-27,2022-06-13,0.0431748431927498,2022,2021-12-31,native_mse,20260910,-0.006714076298392413,,0,1
annual_state_offset,2759,2022-06-10,2022-06-20,0.0306046547112142,2022,2021-12-31,native_mse,20260910,-0.0017160693271902699,,0,1
annual_state_offset,2764,2022-06-17,2022-06-27,0.0211666894141107,2022,2021-12-31,native_mse,20260910,-0.005554400786314341,,0,1
annual_state_offset,2769,2022-06-24,2022-07-04,0.0074507343130214,2022,2021-12-31,native_mse,20260910,-0.006611900023593844,,0,1
annual_state_offset,2774,2022-07-01,2022-07-11,-0.0092349827532707,2022,2021-12-31,native_mse,20260910,-0.001849659274069034,,0,0
annual_state_offset,2779,2022-07-08,2022-07-18,-0.0326815927737367,2022,2021-12-31,native_mse,20260910,-0.0036295526636022737,,0,0
annual_state_offset,2784,2022-07-15,2022-07-25,-0.0066210715249344,2022,2021-12-31,native_mse,20260910,-0.00726704662423343,,0,0
annual_state_offset,2789,2022-07-22,2022-08-01,-0.0173077967751003,2022,2021-12-31,native_mse,20260910,-0.005304375487712945,,0,0
annual_state_offset,2794,2022-07-29,2022-08-08,-0.004456034513838,2022,2021-12-31,native_mse,20260910,0.012166125781651363,,1,0
annual_state_offset,2799,2022-08-05,2022-08-15,0.0091475117753996,2022,2021-12-31,native_mse,20260910,0.004077391662883762,,1,1
annual_state_offset,2804,2022-08-12,2022-08-22,-0.0107272727272728,2022,2021-12-31,native_mse,20260910,0.0035826870942200968,,1,0
annual_state_offset,2809,2022-08-19,2022-08-29,-0.0172375434082356,2022,2021-12-31,native_mse,20260910,0.012796192349441387,,1,0
annual_state_offset,2814,2022-08-26,2022-09-05,-0.0131573766941938,2022,2021-12-31,native_mse,20260910,0.0045980644388349074,,1,0
annual_state_offset,2819,2022-09-02,2022-09-13,0.0253340680878015,2022,2021-12-31,native_mse,20260910,0.0016393163861851791,,1,1
annual_state_offset,2824,2022-09-09,2022-09-19,-0.044647264962877,2022,2021-12-31,native_mse,20260910,0.011024491197755238,,1,0
annual_state_offset,2828,2022-09-16,2022-09-26,-0.025155151434928,2022,2021-12-31,native_mse,20260910,0.0006249539921165778,,1,0
annual_state_offset,2833,2022-09-23,2022-10-10,-0.0060162941299352,2022,2021-12-31,native_mse,20260910,0.00941379002591237,,1,0
annual_state_offset,2838,2022-09-30,2022-10-17,0.0041192047412885,2022,2021-12-31,native_mse,20260910,-0.003455449604433236,,0,1
annual_state_offset,2843,2022-10-14,2022-10-24,-0.0246766294110258,2022,2021-12-31,native_mse,20260910,0.004982119577206458,,1,0
annual_state_offset,2848,2022-10-21,2022-10-31,-0.059928861134359,2022,2021-12-31,native_mse,20260910,0.004400428951388619,,1,0
annual_state_offset,2853,2022-10-28,2022-11-07,0.071339502526744,2022,2021-12-31,native_mse,20260910,-0.004533662272660886,,0,1
annual_state_offset,2858,2022-11-04,2022-11-14,0.0169449090696014,2022,2021-12-31,native_mse,20260910,0.009145763900992613,,1,1
annual_state_offset,2863,2022-11-11,2022-11-21,-0.0127051391515239,2022,2021-12-31,native_mse,20260910,0.005105981957746508,,1,0
annual_state_offset,2868,2022-11-18,2022-11-28,-0.0179672806084416,2022,2021-12-31,native_mse,20260910,0.004390010241707061,,1,0
annual_state_offset,2873,2022-11-25,2022-12-05,0.0555768659337096,2022,2021-12-31,native_mse,20260910,-0.0021694749097981593,,0,1
annual_state_offset,2878,2022-12-02,2022-12-12,0.0175374394775362,2022,2021-12-31,native_mse,20260910,-0.008963509314181651,,0,1
annual_state_offset,2883,2022-12-09,2022-12-19,-0.0058850602464181,2022,2021-12-31,native_mse,20260910,-0.008742160121666592,,0,0
annual_state_offset,2888,2022-12-16,2022-12-26,-0.0309150292073658,2022,2021-12-31,native_mse,20260910,0.00021070675399415396,,1,0
annual_state_offset,2893,2022-12-23,2023-01-03,0.0089464492229616,2022,2021-12-31,native_mse,20260910,-0.006931659189351796,,0,1
annual_state_offset,2898,2022-12-30,2023-01-09,0.0345913414268119,2022,2021-12-31,native_mse,20260910,-0.004005139352311209,,0,1
annual_state_offset,2660,2022-01-07,2022-01-17,-0.0173453887283024,2022,2021-12-31,training_frequency,-1,0.5458298926507019,0.5458298926507019,1,0
annual_state_offset,2665,2022-01-14,2022-01-24,0.0053248631776616,2022,2021-12-31,training_frequency,-1,0.5458298926507019,0.5458298926507019,1,1
annual_state_offset,2670,2022-01-21,2022-02-07,-0.0242661876254222,2022,2021-12-31,training_frequency,-1,0.5458298926507019,0.5458298926507019,1,0
annual_state_offset,2675,2022-01-28,2022-02-14,-0.0127539031341488,2022,2021-12-31,training_frequency,-1,0.5458298926507019,0.5458298926507019,1,0
annual_state_offset,2680,2022-02-11,2022-02-21,0.0145498774954033,2022,2021-12-31,training_frequency,-1,0.5458298926507019,0.5458298926507019,1,1
annual_state_offset,2685,2022-02-18,2022-02-28,-0.0177161244498015,2022,2021-12-31,training_frequency,-1,0.5458298926507019,0.5458298926507019,1,0
annual_state_offset,2690,2022-02-25,2022-03-07,-0.0221791776043331,2022,2021-12-31,training_frequency,-1,0.5458298926507019,0.5458298926507019,1,0
annual_state_offset,2695,2022-03-04,2022-03-14,-0.0480378799422749,2022,2021-12-31,training_frequency,-1,0.5458298926507019,0.5458298926507019,1,0
annual_state_offset,2700,2022-03-11,2022-03-21,0.007530336734814,2022,2021-12-31,training_frequency,-1,0.5458298926507019,0.5458298926507019,1,1
annual_state_offset,2705,2022-03-18,2022-03-28,-0.0353493110038457,2022,2021-12-31,training_frequency,-1,0.5458298926507019,0.5458298926507019,1,0
annual_state_offset,2710,2022-03-25,2022-04-06,0.0314834190717003,2022,2021-12-31,training_frequency,-1,0.5458298926507019,0.5458298926507019,1,1
annual_state_offset,2715,2022-04-01,2022-04-12,-0.0129237372705649,2022,2021-12-31,training_frequency,-1,0.5458298926507019,0.5458298926507019,1,0
annual_state_offset,2718,2022-04-08,2022-04-18,-0.0120986062576864,2022,2021-12-31,training_frequency,-1,0.5458298926507019,0.5458298926507019,1,0
annual_state_offset,2723,2022-04-15,2022-04-25,-0.0528494340140576,2022,2021-12-31,training_frequency,-1,0.5458298926507019,0.5458298926507019,1,0
annual_state_offset,2728,2022-04-22,2022-05-05,0.015736821365468,2022,2021-12-31,training_frequency,-1,0.5458298926507019,0.5458298926507019,1,1
annual_state_offset,2733,2022-04-29,2022-05-11,-0.0278824133054675,2022,2021-12-31,training_frequency,-1,0.5458298926507019,0.5458298926507019,1,0
annual_state_offset,2735,2022-05-06,2022-05-16,0.033741423035827,2022,2021-12-31,training_frequency,-1,0.5458298926507019,0.5458298926507019,1,1
annual_state_offset,2740,2022-05-13,2022-05-23,0.0164308841843088,2022,2021-12-31,training_frequency,-1,0.5458298926507019,0.5458298926507019,1,1
annual_state_offset,2745,2022-05-20,2022-05-30,-0.0147293413085614,2022,2021-12-31,training_frequency,-1,0.5458298926507019,0.5458298926507019,1,0
annual_state_offset,2750,2022-05-27,2022-06-13,0.0431748431927498,2022,2021-12-31,training_frequency,-1,0.5458298926507019,0.5458298926507019,1,1
annual_state_offset,2759,2022-06-10,2022-06-20,0.0306046547112142,2022,2021-12-31,training_frequency,-1,0.5458298926507019,0.5458298926507019,1,1
annual_state_offset,2764,2022-06-17,2022-06-27,0.0211666894141107,2022,2021-12-31,training_frequency,-1,0.5458298926507019,0.5458298926507019,1,1
annual_state_offset,2769,2022-06-24,2022-07-04,0.0074507343130214,2022,2021-12-31,training_frequency,-1,0.5458298926507019,0.5458298926507019,1,1
annual_state_offset,2774,2022-07-01,2022-07-11,-0.0092349827532707,2022,2021-12-31,training_frequency,-1,0.5458298926507019,0.5458298926507019,1,0
annual_state_offset,2779,2022-07-08,2022-07-18,-0.0326815927737367,2022,2021-12-31,training_frequency,-1,0.5458298926507019,0.5458298926507019,1,0
annual_state_offset,2784,2022-07-15,2022-07-25,-0.0066210715249344,2022,2021-12-31,training_frequency,-1,0.5458298926507019,0.5458298926507019,1,0
annual_state_offset,2789,2022-07-22,2022-08-01,-0.0173077967751003,2022,2021-12-31,training_frequency,-1,0.5458298926507019,0.5458298926507019,1,0
annual_state_offset,2794,2022-07-29,2022-08-08,-0.004456034513838,2022,2021-12-31,training_frequency,-1,0.5458298926507019,0.5458298926507019,1,0
annual_state_offset,2799,2022-08-05,2022-08-15,0.0091475117753996,2022,2021-12-31,training_frequency,-1,0.5458298926507019,0.5458298926507019,1,1
annual_state_offset,2804,2022-08-12,2022-08-22,-0.0107272727272728,2022,2021-12-31,training_frequency,-1,0.5458298926507019,0.5458298926507019,1,0
annual_state_offset,2809,2022-08-19,2022-08-29,-0.0172375434082356,2022,2021-12-31,training_frequency,-1,0.5458298926507019,0.5458298926507019,1,0
annual_state_offset,2814,2022-08-26,2022-09-05,-0.0131573766941938,2022,2021-12-31,training_frequency,-1,0.5458298926507019,0.5458298926507019,1,0
annual_state_offset,2819,2022-09-02,2022-09-13,0.0253340680878015,2022,2021-12-31,training_frequency,-1,0.5458298926507019,0.5458298926507019,1,1
annual_state_offset,2824,2022-09-09,2022-09-19,-0.044647264962877,2022,2021-12-31,training_frequency,-1,0.5458298926507019,0.5458298926507019,1,0
annual_state_offset,2828,2022-09-16,2022-09-26,-0.025155151434928,2022,2021-12-31,training_frequency,-1,0.5458298926507019,0.5458298926507019,1,0
annual_state_offset,2833,2022-09-23,2022-10-10,-0.0060162941299352,2022,2021-12-31,training_frequency,-1,0.5458298926507019,0.5458298926507019,1,0
annual_state_offset,2838,2022-09-30,2022-10-17,0.0041192047412885,2022,2021-12-31,training_frequency,-1,0.5458298926507019,0.5458298926507019,1,1
annual_state_offset,2843,2022-10-14,2022-10-24,-0.0246766294110258,2022,2021-12-31,training_frequency,-1,0.5458298926507019,0.5458298926507019,1,0
annual_state_offset,2848,2022-10-21,2022-10-31,-0.059928861134359,2022,2021-12-31,training_frequency,-1,0.5458298926507019,0.5458298926507019,1,0
annual_state_offset,2853,2022-10-28,2022-11-07,0.071339502526744,2022,2021-12-31,training_frequency,-1,0.5458298926507019,0.5458298926507019,1,1
annual_state_offset,2858,2022-11-04,2022-11-14,0.0169449090696014,2022,2021-12-31,training_frequency,-1,0.5458298926507019,0.5458298926507019,1,1
annual_state_offset,2863,2022-11-11,2022-11-21,-0.0127051391515239,2022,2021-12-31,training_frequency,-1,0.5458298926507019,0.5458298926507019,1,0
annual_state_offset,2868,2022-11-18,2022-11-28,-0.0179672806084416,2022,2021-12-31,training_frequency,-1,0.5458298926507019,0.5458298926507019,1,0
annual_state_offset,2873,2022-11-25,2022-12-05,0.0555768659337096,2022,2021-12-31,training_frequency,-1,0.5458298926507019,0.5458298926507019,1,1
annual_state_offset,2878,2022-12-02,2022-12-12,0.0175374394775362,2022,2021-12-31,training_frequency,-1,0.5458298926507019,0.5458298926507019,1,1
annual_state_offset,2883,2022-12-09,2022-12-19,-0.0058850602464181,2022,2021-12-31,training_frequency,-1,0.5458298926507019,0.5458298926507019,1,0
annual_state_offset,2888,2022-12-16,2022-12-26,-0.0309150292073658,2022,2021-12-31,training_frequency,-1,0.5458298926507019,0.5458298926507019,1,0
annual_state_offset,2893,2022-12-23,2023-01-03,0.0089464492229616,2022,2021-12-31,training_frequency,-1,0.5458298926507019,0.5458298926507019,1,1
annual_state_offset,2898,2022-12-30,2023-01-09,0.0345913414268119,2022,2021-12-31,training_frequency,-1,0.5458298926507019,0.5458298926507019,1,1
annual_state_offset,2660,2022-01-07,2022-01-17,-0.0173453887283024,2022,2021-12-31,native_mse,20260911,0.007330315708159769,,1,0
annual_state_offset,2665,2022-01-14,2022-01-24,0.0053248631776616,2022,2021-12-31,native_mse,20260911,0.015471274729398543,,1,1
annual_state_offset,2670,2022-01-21,2022-02-07,-0.0242661876254222,2022,2021-12-31,native_mse,20260911,0.009873111042602054,,1,0
annual_state_offset,2675,2022-01-28,2022-02-14,-0.0127539031341488,2022,2021-12-31,native_mse,20260911,0.0025503118790792955,,1,0
annual_state_offset,2680,2022-02-11,2022-02-21,0.0145498774954033,2022,2021-12-31,native_mse,20260911,0.0063949393307865515,,1,1
annual_state_offset,2685,2022-02-18,2022-02-28,-0.0177161244498015,2022,2021-12-31,native_mse,20260911,0.004306186298337274,,1,0
annual_state_offset,2690,2022-02-25,2022-03-07,-0.0221791776043331,2022,2021-12-31,native_mse,20260911,0.00884306439536679,,1,0
annual_state_offset,2695,2022-03-04,2022-03-14,-0.0480378799422749,2022,2021-12-31,native_mse,20260911,0.008878575004775912,,1,0
annual_state_offset,2700,2022-03-11,2022-03-21,0.007530336734814,2022,2021-12-31,native_mse,20260911,0.008804997087552644,,1,1
annual_state_offset,2705,2022-03-18,2022-03-28,-0.0353493110038457,2022,2021-12-31,native_mse,20260911,0.0029149751065889705,,1,0
annual_state_offset,2710,2022-03-25,2022-04-06,0.0314834190717003,2022,2021-12-31,native_mse,20260911,0.009608904415587632,,1,1
annual_state_offset,2715,2022-04-01,2022-04-12,-0.0129237372705649,2022,2021-12-31,native_mse,20260911,0.013290024702572031,,1,0
annual_state_offset,2718,2022-04-08,2022-04-18,-0.0120986062576864,2022,2021-12-31,native_mse,20260911,0.0032429576095984285,,1,0
annual_state_offset,2723,2022-04-15,2022-04-25,-0.0528494340140576,2022,2021-12-31,native_mse,20260911,0.016983479995433693,,1,0
annual_state_offset,2728,2022-04-22,2022-05-05,0.015736821365468,2022,2021-12-31,native_mse,20260911,0.011987542362233185,,1,1
annual_state_offset,2733,2022-04-29,2022-05-11,-0.0278824133054675,2022,2021-12-31,native_mse,20260911,0.0046606294840712235,,1,0
annual_state_offset,2735,2022-05-06,2022-05-16,0.033741423035827,2022,2021-12-31,native_mse,20260911,-0.002196005566182584,,0,1
annual_state_offset,2740,2022-05-13,2022-05-23,0.0164308841843088,2022,2021-12-31,native_mse,20260911,0.0038854901281264037,,1,1
annual_state_offset,2745,2022-05-20,2022-05-30,-0.0147293413085614,2022,2021-12-31,native_mse,20260911,0.005767086549547615,,1,0
annual_state_offset,2750,2022-05-27,2022-06-13,0.0431748431927498,2022,2021-12-31,native_mse,20260911,0.001263767062796844,,1,1
annual_state_offset,2759,2022-06-10,2022-06-20,0.0306046547112142,2022,2021-12-31,native_mse,20260911,-0.0024637080117748144,,0,1
annual_state_offset,2764,2022-06-17,2022-06-27,0.0211666894141107,2022,2021-12-31,native_mse,20260911,-0.0034192691302211337,,0,1
annual_state_offset,2769,2022-06-24,2022-07-04,0.0074507343130214,2022,2021-12-31,native_mse,20260911,0.0007173637240202417,,1,1
annual_state_offset,2774,2022-07-01,2022-07-11,-0.0092349827532707,2022,2021-12-31,native_mse,20260911,0.00019356382111467723,,1,0
annual_state_offset,2779,2022-07-08,2022-07-18,-0.0326815927737367,2022,2021-12-31,native_mse,20260911,-0.002705313965036355,,0,0
annual_state_offset,2784,2022-07-15,2022-07-25,-0.0066210715249344,2022,2021-12-31,native_mse,20260911,-0.01432584048846508,,0,0
annual_state_offset,2789,2022-07-22,2022-08-01,-0.0173077967751003,2022,2021-12-31,native_mse,20260911,-0.01380965748442494,,0,0
annual_state_offset,2794,2022-07-29,2022-08-08,-0.004456034513838,2022,2021-12-31,native_mse,20260911,-0.0005052222003642227,,0,0
annual_state_offset,2799,2022-08-05,2022-08-15,0.0091475117753996,2022,2021-12-31,native_mse,20260911,0.011525493600414192,,1,1
annual_state_offset,2804,2022-08-12,2022-08-22,-0.0107272727272728,2022,2021-12-31,native_mse,20260911,0.011216024245490553,,1,0
annual_state_offset,2809,2022-08-19,2022-08-29,-0.0172375434082356,2022,2021-12-31,native_mse,20260911,0.011754323018096325,,1,0
annual_state_offset,2814,2022-08-26,2022-09-05,-0.0131573766941938,2022,2021-12-31,native_mse,20260911,0.015594603509631271,,1,0
annual_state_offset,2819,2022-09-02,2022-09-13,0.0253340680878015,2022,2021-12-31,native_mse,20260911,0.010900596081000016,,1,1
annual_state_offset,2824,2022-09-09,2022-09-19,-0.044647264962877,2022,2021-12-31,native_mse,20260911,0.009845699372826781,,1,0
annual_state_offset,2828,2022-09-16,2022-09-26,-0.025155151434928,2022,2021-12-31,native_mse,20260911,0.008491582609497948,,1,0
annual_state_offset,2833,2022-09-23,2022-10-10,-0.0060162941299352,2022,2021-12-31,native_mse,20260911,0.016496050845990925,,1,0
annual_state_offset,2838,2022-09-30,2022-10-17,0.0041192047412885,2022,2021-12-31,native_mse,20260911,0.0066528810646222045,,1,1
annual_state_offset,2843,2022-10-14,2022-10-24,-0.0246766294110258,2022,2021-12-31,native_mse,20260911,0.007009044538463505,,1,0
annual_state_offset,2848,2022-10-21,2022-10-31,-0.059928861134359,2022,2021-12-31,native_mse,20260911,0.010852556503638734,,1,0
annual_state_offset,2853,2022-10-28,2022-11-07,0.071339502526744,2022,2021-12-31,native_mse,20260911,0.006842543646863063,,1,1
annual_state_offset,2858,2022-11-04,2022-11-14,0.0169449090696014,2022,2021-12-31,native_mse,20260911,-0.008549410923537592,,0,1
annual_state_offset,2863,2022-11-11,2022-11-21,-0.0127051391515239,2022,2021-12-31,native_mse,20260911,-0.005215109557773304,,0,0
annual_state_offset,2868,2022-11-18,2022-11-28,-0.0179672806084416,2022,2021-12-31,native_mse,20260911,-0.010307087880643545,,0,0
annual_state_offset,2873,2022-11-25,2022-12-05,0.0555768659337096,2022,2021-12-31,native_mse,20260911,0.0013951717650121252,,1,1
annual_state_offset,2878,2022-12-02,2022-12-12,0.0175374394775362,2022,2021-12-31,native_mse,20260911,0.009832549235191711,,1,1
annual_state_offset,2883,2022-12-09,2022-12-19,-0.0058850602464181,2022,2021-12-31,native_mse,20260911,0.003809464155812216,,1,0
annual_state_offset,2888,2022-12-16,2022-12-26,-0.0309150292073658,2022,2021-12-31,native_mse,20260911,-0.00026475301217457076,,0,0
annual_state_offset,2893,2022-12-23,2023-01-03,0.0089464492229616,2022,2021-12-31,native_mse,20260911,0.0011212783896272817,,1,1
annual_state_offset,2898,2022-12-30,2023-01-09,0.0345913414268119,2022,2021-12-31,native_mse,20260911,-0.013209134532423342,,0,1
annual_state_offset,2660,2022-01-07,2022-01-17,-0.0173453887283024,2022,2021-12-31,native_mse,20260912,0.001814179283598589,,1,0
annual_state_offset,2665,2022-01-14,2022-01-24,0.0053248631776616,2022,2021-12-31,native_mse,20260912,0.0008133505012356114,,1,1
annual_state_offset,2670,2022-01-21,2022-02-07,-0.0242661876254222,2022,2021-12-31,native_mse,20260912,0.003394922189452561,,1,0
annual_state_offset,2675,2022-01-28,2022-02-14,-0.0127539031341488,2022,2021-12-31,native_mse,20260912,0.001858669558311765,,1,0
annual_state_offset,2680,2022-02-11,2022-02-21,0.0145498774954033,2022,2021-12-31,native_mse,20260912,0.003479305001395758,,1,1
annual_state_offset,2685,2022-02-18,2022-02-28,-0.0177161244498015,2022,2021-12-31,native_mse,20260912,0.00484344917433416,,1,0
annual_state_offset,2690,2022-02-25,2022-03-07,-0.0221791776043331,2022,2021-12-31,native_mse,20260912,0.004930593592929232,,1,0
annual_state_offset,2695,2022-03-04,2022-03-14,-0.0480378799422749,2022,2021-12-31,native_mse,20260912,0.004780982951547397,,1,0
annual_state_offset,2700,2022-03-11,2022-03-21,0.007530336734814,2022,2021-12-31,native_mse,20260912,0.004193854635787947,,1,1
annual_state_offset,2705,2022-03-18,2022-03-28,-0.0353493110038457,2022,2021-12-31,native_mse,20260912,0.004396502651581285,,1,0
annual_state_offset,2710,2022-03-25,2022-04-06,0.0314834190717003,2022,2021-12-31,native_mse,20260912,0.0036897334948297125,,1,1
annual_state_offset,2715,2022-04-01,2022-04-12,-0.0129237372705649,2022,2021-12-31,native_mse,20260912,0.003704448832752752,,1,0
annual_state_offset,2718,2022-04-08,2022-04-18,-0.0120986062576864,2022,2021-12-31,native_mse,20260912,0.0033120503584409514,,1,0
annual_state_offset,2723,2022-04-15,2022-04-25,-0.0528494340140576,2022,2021-12-31,native_mse,20260912,0.0030085181253416615,,1,0
annual_state_offset,2728,2022-04-22,2022-05-05,0.015736821365468,2022,2021-12-31,native_mse,20260912,0.0026567146550084044,,1,1
annual_state_offset,2733,2022-04-29,2022-05-11,-0.0278824133054675,2022,2021-12-31,native_mse,20260912,0.0018367479372410052,,1,0
annual_state_offset,2735,2022-05-06,2022-05-16,0.033741423035827,2022,2021-12-31,native_mse,20260912,0.0020912186604119124,,1,1
annual_state_offset,2740,2022-05-13,2022-05-23,0.0164308841843088,2022,2021-12-31,native_mse,20260912,0.0018493178254621319,,1,1
annual_state_offset,2745,2022-05-20,2022-05-30,-0.0147293413085614,2022,2021-12-31,native_mse,20260912,0.0016372108848958446,,1,0
annual_state_offset,2750,2022-05-27,2022-06-13,0.0431748431927498,2022,2021-12-31,native_mse,20260912,0.0012702553294938346,,1,1
annual_state_offset,2759,2022-06-10,2022-06-20,0.0306046547112142,2022,2021-12-31,native_mse,20260912,-0.00018870985334741705,,0,1
annual_state_offset,2764,2022-06-17,2022-06-27,0.0211666894141107,2022,2021-12-31,native_mse,20260912,-0.0009698518035469311,,0,1
annual_state_offset,2769,2022-06-24,2022-07-04,0.0074507343130214,2022,2021-12-31,native_mse,20260912,-0.00016157705520515077,,0,1
annual_state_offset,2774,2022-07-01,2022-07-11,-0.0092349827532707,2022,2021-12-31,native_mse,20260912,0.00012114906253678204,,1,0
annual_state_offset,2779,2022-07-08,2022-07-18,-0.0326815927737367,2022,2021-12-31,native_mse,20260912,0.0009385572149118832,,1,0
annual_state_offset,2784,2022-07-15,2022-07-25,-0.0066210715249344,2022,2021-12-31,native_mse,20260912,0.0008465033870475552,,1,0
annual_state_offset,2789,2022-07-22,2022-08-01,-0.0173077967751003,2022,2021-12-31,native_mse,20260912,0.001749105544547778,,1,0
annual_state_offset,2794,2022-07-29,2022-08-08,-0.004456034513838,2022,2021-12-31,native_mse,20260912,0.0022855909610094674,,1,0
annual_state_offset,2799,2022-08-05,2022-08-15,0.0091475117753996,2022,2021-12-31,native_mse,20260912,0.0023275813973101045,,1,1
annual_state_offset,2804,2022-08-12,2022-08-22,-0.0107272727272728,2022,2021-12-31,native_mse,20260912,0.00116828161002665,,1,0
annual_state_offset,2809,2022-08-19,2022-08-29,-0.0172375434082356,2022,2021-12-31,native_mse,20260912,0.002641518401624336,,1,0
annual_state_offset,2814,2022-08-26,2022-09-05,-0.0131573766941938,2022,2021-12-31,native_mse,20260912,0.00258122146459616,,1,0
annual_state_offset,2819,2022-09-02,2022-09-13,0.0253340680878015,2022,2021-12-31,native_mse,20260912,0.003426320209529877,,1,1
annual_state_offset,2824,2022-09-09,2022-09-19,-0.044647264962877,2022,2021-12-31,native_mse,20260912,0.004071954177543495,,1,0
annual_state_offset,2828,2022-09-16,2022-09-26,-0.025155151434928,2022,2021-12-31,native_mse,20260912,0.004321372628556118,,1,0
annual_state_offset,2833,2022-09-23,2022-10-10,-0.0060162941299352,2022,2021-12-31,native_mse,20260912,0.0034216908995016978,,1,0
annual_state_offset,2838,2022-09-30,2022-10-17,0.0041192047412885,2022,2021-12-31,native_mse,20260912,0.003515450079575204,,1,1
annual_state_offset,2843,2022-10-14,2022-10-24,-0.0246766294110258,2022,2021-12-31,native_mse,20260912,0.002607809358206801,,1,0
annual_state_offset,2848,2022-10-21,2022-10-31,-0.059928861134359,2022,2021-12-31,native_mse,20260912,0.003699251753992663,,1,0
annual_state_offset,2853,2022-10-28,2022-11-07,0.071339502526744,2022,2021-12-31,native_mse,20260912,0.0018115173178016464,,1,1
annual_state_offset,2858,2022-11-04,2022-11-14,0.0169449090696014,2022,2021-12-31,native_mse,20260912,0.0023418219066621243,,1,1
annual_state_offset,2863,2022-11-11,2022-11-21,-0.0127051391515239,2022,2021-12-31,native_mse,20260912,0.0018573604038192703,,1,0
annual_state_offset,2868,2022-11-18,2022-11-28,-0.0179672806084416,2022,2021-12-31,native_mse,20260912,0.0016249204309614228,,1,0
annual_state_offset,2873,2022-11-25,2022-12-05,0.0555768659337096,2022,2021-12-31,native_mse,20260912,0.0016075771422150188,,1,1
annual_state_offset,2878,2022-12-02,2022-12-12,0.0175374394775362,2022,2021-12-31,native_mse,20260912,0.0015010231403169106,,1,1
annual_state_offset,2883,2022-12-09,2022-12-19,-0.0058850602464181,2022,2021-12-31,native_mse,20260912,0.001187317105345827,,1,0
annual_state_offset,2888,2022-12-16,2022-12-26,-0.0309150292073658,2022,2021-12-31,native_mse,20260912,0.0019485697779955545,,1,0
annual_state_offset,2893,2022-12-23,2023-01-03,0.0089464492229616,2022,2021-12-31,native_mse,20260912,0.0001928217320369698,,1,1
annual_state_offset,2898,2022-12-30,2023-01-09,0.0345913414268119,2022,2021-12-31,native_mse,20260912,0.00047968928790032895,,1,1
annual_state_offset,2902,2023-01-06,2023-01-16,0.0198447929614133,2023,2022-12-31,native_mse,20260910,-0.0025267983391307767,,0,1
annual_state_offset,2907,2023-01-13,2023-01-30,0.0465290788350809,2023,2022-12-31,native_mse,20260910,-0.0004635399148201708,,0,1
annual_state_offset,2912,2023-01-20,2023-02-06,-0.0383797057844887,2023,2022-12-31,native_mse,20260910,7.519190422555292e-05,,1,0
annual_state_offset,2917,2023-02-03,2023-02-13,-0.0012061903149008,2023,2022-12-31,native_mse,20260910,0.0016271329266920357,,1,0
annual_state_offset,2922,2023-02-10,2023-02-20,-0.0143746584432821,2023,2022-12-31,native_mse,20260910,-0.0011564163814400644,,0,0
annual_state_offset,2927,2023-02-17,2023-02-27,0.0001237636016198,2023,2022-12-31,native_mse,20260910,-0.0016426518503498255,,0,1
annual_state_offset,2932,2023-02-24,2023-03-06,0.0224454641303217,2023,2022-12-31,native_mse,20260910,0.0015810555880606469,,1,1
annual_state_offset,2937,2023-03-03,2023-03-13,-0.0407900947678007,2023,2022-12-31,native_mse,20260910,0.0007073892257839969,,1,0
annual_state_offset,2942,2023-03-10,2023-03-20,5.0471402903706775e-06,2023,2022-12-31,native_mse,20260910,-0.0001794060398361263,,0,1
annual_state_offset,2947,2023-03-17,2023-03-27,0.015302852124583,2023,2022-12-31,native_mse,20260910,-0.0018976163672993884,,0,1
annual_state_offset,2952,2023-03-24,2023-04-03,0.0090274153058433,2023,2022-12-31,native_mse,20260910,-0.001832954139676603,,0,1
annual_state_offset,2957,2023-03-31,2023-04-10,0.0178317182396383,2023,2022-12-31,native_mse,20260910,-0.00172129069982479,,0,1
annual_state_offset,2961,2023-04-07,2023-04-17,-0.0101500238382772,2023,2022-12-31,native_mse,20260910,-0.00033641886926452733,,0,0
annual_state_offset,2966,2023-04-14,2023-04-24,-0.014368947230732,2023,2022-12-31,native_mse,20260910,-0.0013230092163269815,,0,0
annual_state_offset,2971,2023-04-21,2023-05-04,-0.0044228908788729,2023,2022-12-31,native_mse,20260910,-0.0007286066396655064,,0,0
annual_state_offset,2976,2023-04-28,2023-05-10,0.0036477163153083,2023,2022-12-31,native_mse,20260910,-0.00030575704561793394,,0,1
annual_state_offset,2978,2023-05-05,2023-05-15,-0.0221642407977935,2023,2022-12-31,native_mse,20260910,-0.00011486613921578474,,0,0
annual_state_offset,2983,2023-05-12,2023-05-22,0.0005509250208819,2023,2022-12-31,native_mse,20260910,-0.0001792163459168561,,0,1
annual_state_offset,2988,2023-05-19,2023-05-29,-0.0200253742704897,2023,2022-12-31,native_mse,20260910,0.0009439667644663131,,1,0
annual_state_offset,2993,2023-05-26,2023-06-05,-0.0003935703040848,2023,2022-12-31,native_mse,20260910,0.000557122093874036,,1,0
annual_state_offset,2998,2023-06-02,2023-06-12,-0.0086075595250429,2023,2022-12-31,native_mse,20260910,-0.001180815938657947,,0,0
annual_state_offset,3003,2023-06-09,2023-06-19,0.0338878539347273,2023,2022-12-31,native_mse,20260910,-0.0014426234760102343,,0,1
annual_state_offset,3008,2023-06-16,2023-07-03,-0.026216632171098,2023,2022-12-31,native_mse,20260910,-0.0010042817493535598,,0,0
annual_state_offset,3016,2023-06-30,2023-07-10,-0.0030441518806006,2023,2022-12-31,native_mse,20260910,-0.0011931588855691256,,0,0
annual_state_offset,3021,2023-07-07,2023-07-17,0.0104280552692135,2023,2022-12-31,native_mse,20260910,-0.001925244639091561,,0,1
annual_state_offset,3026,2023-07-14,2023-07-24,-0.0201642613135752,2023,2022-12-31,native_mse,20260910,0.00072512762062503,,1,0
annual_state_offset,3031,2023-07-21,2023-07-31,0.0566710925894278,2023,2022-12-31,native_mse,20260910,0.0009939160139214966,,1,1
annual_state_offset,3036,2023-07-28,2023-08-07,-0.0039612927947766,2023,2022-12-31,native_mse,20260910,-0.0005682320215149167,,0,0
annual_state_offset,3041,2023-08-04,2023-08-14,-0.0404899362223548,2023,2022-12-31,native_mse,20260910,-0.0009301134947241365,,0,0
annual_state_offset,3046,2023-08-11,2023-08-21,-0.0176157088591445,2023,2022-12-31,native_mse,20260910,-0.000726777176221484,,0,0
annual_state_offset,3051,2023-08-18,2023-08-28,0.0366582477081969,2023,2022-12-31,native_mse,20260910,0.0008756120897448488,,1,1
annual_state_offset,3056,2023-08-25,2023-09-04,-0.025197172476384,2023,2022-12-31,native_mse,20260910,-0.0006648239910763075,,0,0
annual_state_offset,3061,2023-09-01,2023-09-11,-0.0189903461587886,2023,2022-12-31,native_mse,20260910,0.00015839660362514175,,1,0
annual_state_offset,3066,2023-09-08,2023-09-18,-0.0111346368744954,2023,2022-12-31,native_mse,20260910,0.001744965500114605,,1,0
annual_state_offset,3071,2023-09-15,2023-09-25,0.0105787349314532,2023,2022-12-31,native_mse,20260910,0.0006876575211446893,,1,1
annual_state_offset,3076,2023-09-22,2023-10-16,-0.0198017153282719,2023,2022-12-31,native_mse,20260910,-0.00243132015475,,0,0
annual_state_offset,3085,2023-10-13,2023-10-23,-0.0447156690429144,2023,2022-12-31,native_mse,20260910,-0.0021908711949872265,,0,0
annual_state_offset,3090,2023-10-20,2023-10-30,0.0154019770298841,2023,2022-12-31,native_mse,20260910,-0.0005611083237640583,,0,1
annual_state_offset,3095,2023-10-27,2023-11-06,0.0152527637017425,2023,2022-12-31,native_mse,20260910,0.0010289915405626282,,1,1
annual_state_offset,3100,2023-11-03,2023-11-13,-0.0039935482440582,2023,2022-12-31,native_mse,20260910,0.001023319006735779,,1,0
annual_state_offset,3105,2023-11-10,2023-11-20,-0.0067280482816765,2023,2022-12-31,native_mse,20260910,-0.0009564130384265961,,0,0
annual_state_offset,3110,2023-11-17,2023-11-27,-0.0098859017348651,2023,2022-12-31,native_mse,20260910,0.00023192130830153903,,1,0
annual_state_offset,3115,2023-11-24,2023-12-04,-0.0151084754586299,2023,2022-12-31,native_mse,20260910,0.0008732338960994725,,1,0
annual_state_offset,3120,2023-12-01,2023-12-11,-0.0295859857973478,2023,2022-12-31,native_mse,20260910,0.000837366835393595,,1,0
annual_state_offset,3125,2023-12-08,2023-12-18,-0.0144639658974852,2023,2022-12-31,native_mse,20260910,0.0006391538307731006,,1,0
annual_state_offset,3130,2023-12-15,2023-12-25,0.0003424256350643,2023,2022-12-31,native_mse,20260910,0.000382991564868559,,1,1
annual_state_offset,3135,2023-12-22,2024-01-02,0.0288079559683274,2023,2022-12-31,native_mse,20260910,-0.0008222024683218445,,0,1
annual_state_offset,3140,2023-12-29,2024-01-08,-0.0302544749829989,2023,2022-12-31,native_mse,20260910,0.0008212539531046094,,1,0
annual_state_offset,2902,2023-01-06,2023-01-16,0.0198447929614133,2023,2022-12-31,training_frequency,-1,0.5028949545078577,0.5028949545078577,1,1
annual_state_offset,2907,2023-01-13,2023-01-30,0.0465290788350809,2023,2022-12-31,training_frequency,-1,0.5028949545078577,0.5028949545078577,1,1
annual_state_offset,2912,2023-01-20,2023-02-06,-0.0383797057844887,2023,2022-12-31,training_frequency,-1,0.5028949545078577,0.5028949545078577,1,0
annual_state_offset,2917,2023-02-03,2023-02-13,-0.0012061903149008,2023,2022-12-31,training_frequency,-1,0.5028949545078577,0.5028949545078577,1,0
annual_state_offset,2922,2023-02-10,2023-02-20,-0.0143746584432821,2023,2022-12-31,training_frequency,-1,0.5028949545078577,0.5028949545078577,1,0
annual_state_offset,2927,2023-02-17,2023-02-27,0.0001237636016198,2023,2022-12-31,training_frequency,-1,0.5028949545078577,0.5028949545078577,1,1
annual_state_offset,2932,2023-02-24,2023-03-06,0.0224454641303217,2023,2022-12-31,training_frequency,-1,0.5028949545078577,0.5028949545078577,1,1
annual_state_offset,2937,2023-03-03,2023-03-13,-0.0407900947678007,2023,2022-12-31,training_frequency,-1,0.5028949545078577,0.5028949545078577,1,0
annual_state_offset,2942,2023-03-10,2023-03-20,5.0471402903706775e-06,2023,2022-12-31,training_frequency,-1,0.5028949545078577,0.5028949545078577,1,1
annual_state_offset,2947,2023-03-17,2023-03-27,0.015302852124583,2023,2022-12-31,training_frequency,-1,0.5028949545078577,0.5028949545078577,1,1
annual_state_offset,2952,2023-03-24,2023-04-03,0.0090274153058433,2023,2022-12-31,training_frequency,-1,0.5028949545078577,0.5028949545078577,1,1
annual_state_offset,2957,2023-03-31,2023-04-10,0.0178317182396383,2023,2022-12-31,training_frequency,-1,0.5028949545078577,0.5028949545078577,1,1
annual_state_offset,2961,2023-04-07,2023-04-17,-0.0101500238382772,2023,2022-12-31,training_frequency,-1,0.5028949545078577,0.5028949545078577,1,0
annual_state_offset,2966,2023-04-14,2023-04-24,-0.014368947230732,2023,2022-12-31,training_frequency,-1,0.5028949545078577,0.5028949545078577,1,0
annual_state_offset,2971,2023-04-21,2023-05-04,-0.0044228908788729,2023,2022-12-31,training_frequency,-1,0.5028949545078577,0.5028949545078577,1,0
annual_state_offset,2976,2023-04-28,2023-05-10,0.0036477163153083,2023,2022-12-31,training_frequency,-1,0.5028949545078577,0.5028949545078577,1,1
annual_state_offset,2978,2023-05-05,2023-05-15,-0.0221642407977935,2023,2022-12-31,training_frequency,-1,0.5028949545078577,0.5028949545078577,1,0
annual_state_offset,2983,2023-05-12,2023-05-22,0.0005509250208819,2023,2022-12-31,training_frequency,-1,0.5028949545078577,0.5028949545078577,1,1
annual_state_offset,2988,2023-05-19,2023-05-29,-0.0200253742704897,2023,2022-12-31,training_frequency,-1,0.5028949545078577,0.5028949545078577,1,0
annual_state_offset,2993,2023-05-26,2023-06-05,-0.0003935703040848,2023,2022-12-31,training_frequency,-1,0.5028949545078577,0.5028949545078577,1,0
annual_state_offset,2998,2023-06-02,2023-06-12,-0.0086075595250429,2023,2022-12-31,training_frequency,-1,0.5028949545078577,0.5028949545078577,1,0
annual_state_offset,3003,2023-06-09,2023-06-19,0.0338878539347273,2023,2022-12-31,training_frequency,-1,0.5028949545078577,0.5028949545078577,1,1
annual_state_offset,3008,2023-06-16,2023-07-03,-0.026216632171098,2023,2022-12-31,training_frequency,-1,0.5028949545078577,0.5028949545078577,1,0
annual_state_offset,3016,2023-06-30,2023-07-10,-0.0030441518806006,2023,2022-12-31,training_frequency,-1,0.5028949545078577,0.5028949545078577,1,0
annual_state_offset,3021,2023-07-07,2023-07-17,0.0104280552692135,2023,2022-12-31,training_frequency,-1,0.5028949545078577,0.5028949545078577,1,1
annual_state_offset,3026,2023-07-14,2023-07-24,-0.0201642613135752,2023,2022-12-31,training_frequency,-1,0.5028949545078577,0.5028949545078577,1,0
annual_state_offset,3031,2023-07-21,2023-07-31,0.0566710925894278,2023,2022-12-31,training_frequency,-1,0.5028949545078577,0.5028949545078577,1,1
annual_state_offset,3036,2023-07-28,2023-08-07,-0.0039612927947766,2023,2022-12-31,training_frequency,-1,0.5028949545078577,0.5028949545078577,1,0
annual_state_offset,3041,2023-08-04,2023-08-14,-0.0404899362223548,2023,2022-12-31,training_frequency,-1,0.5028949545078577,0.5028949545078577,1,0
annual_state_offset,3046,2023-08-11,2023-08-21,-0.0176157088591445,2023,2022-12-31,training_frequency,-1,0.5028949545078577,0.5028949545078577,1,0
annual_state_offset,3051,2023-08-18,2023-08-28,0.0366582477081969,2023,2022-12-31,training_frequency,-1,0.5028949545078577,0.5028949545078577,1,1
annual_state_offset,3056,2023-08-25,2023-09-04,-0.025197172476384,2023,2022-12-31,training_frequency,-1,0.5028949545078577,0.5028949545078577,1,0
annual_state_offset,3061,2023-09-01,2023-09-11,-0.0189903461587886,2023,2022-12-31,training_frequency,-1,0.5028949545078577,0.5028949545078577,1,0
annual_state_offset,3066,2023-09-08,2023-09-18,-0.0111346368744954,2023,2022-12-31,training_frequency,-1,0.5028949545078577,0.5028949545078577,1,0
annual_state_offset,3071,2023-09-15,2023-09-25,0.0105787349314532,2023,2022-12-31,training_frequency,-1,0.5028949545078577,0.5028949545078577,1,1
annual_state_offset,3076,2023-09-22,2023-10-16,-0.0198017153282719,2023,2022-12-31,training_frequency,-1,0.5028949545078577,0.5028949545078577,1,0
annual_state_offset,3085,2023-10-13,2023-10-23,-0.0447156690429144,2023,2022-12-31,training_frequency,-1,0.5028949545078577,0.5028949545078577,1,0
annual_state_offset,3090,2023-10-20,2023-10-30,0.0154019770298841,2023,2022-12-31,training_frequency,-1,0.5028949545078577,0.5028949545078577,1,1
annual_state_offset,3095,2023-10-27,2023-11-06,0.0152527637017425,2023,2022-12-31,training_frequency,-1,0.5028949545078577,0.5028949545078577,1,1
annual_state_offset,3100,2023-11-03,2023-11-13,-0.0039935482440582,2023,2022-12-31,training_frequency,-1,0.5028949545078577,0.5028949545078577,1,0
annual_state_offset,3105,2023-11-10,2023-11-20,-0.0067280482816765,2023,2022-12-31,training_frequency,-1,0.5028949545078577,0.5028949545078577,1,0
annual_state_offset,3110,2023-11-17,2023-11-27,-0.0098859017348651,2023,2022-12-31,training_frequency,-1,0.5028949545078577,0.5028949545078577,1,0
annual_state_offset,3115,2023-11-24,2023-12-04,-0.0151084754586299,2023,2022-12-31,training_frequency,-1,0.5028949545078577,0.5028949545078577,1,0
annual_state_offset,3120,2023-12-01,2023-12-11,-0.0295859857973478,2023,2022-12-31,training_frequency,-1,0.5028949545078577,0.5028949545078577,1,0
annual_state_offset,3125,2023-12-08,2023-12-18,-0.0144639658974852,2023,2022-12-31,training_frequency,-1,0.5028949545078577,0.5028949545078577,1,0
annual_state_offset,3130,2023-12-15,2023-12-25,0.0003424256350643,2023,2022-12-31,training_frequency,-1,0.5028949545078577,0.5028949545078577,1,1
annual_state_offset,3135,2023-12-22,2024-01-02,0.0288079559683274,2023,2022-12-31,training_frequency,-1,0.5028949545078577,0.5028949545078577,1,1
annual_state_offset,3140,2023-12-29,2024-01-08,-0.0302544749829989,2023,2022-12-31,training_frequency,-1,0.5028949545078577,0.5028949545078577,1,0
annual_state_offset,2902,2023-01-06,2023-01-16,0.0198447929614133,2023,2022-12-31,native_mse,20260911,-0.0028881799476405084,,0,1
annual_state_offset,2907,2023-01-13,2023-01-30,0.0465290788350809,2023,2022-12-31,native_mse,20260911,0.002600529697082545,,1,1
annual_state_offset,2912,2023-01-20,2023-02-06,-0.0383797057844887,2023,2022-12-31,native_mse,20260911,0.009824735187562814,,1,0
annual_state_offset,2917,2023-02-03,2023-02-13,-0.0012061903149008,2023,2022-12-31,native_mse,20260911,0.001758336799202022,,1,0
annual_state_offset,2922,2023-02-10,2023-02-20,-0.0143746584432821,2023,2022-12-31,native_mse,20260911,-0.004455423490420713,,0,0
annual_state_offset,2927,2023-02-17,2023-02-27,0.0001237636016198,2023,2022-12-31,native_mse,20260911,-0.004320463721841919,,0,1
annual_state_offset,2932,2023-02-24,2023-03-06,0.0224454641303217,2023,2022-12-31,native_mse,20260911,0.007109894584169036,,1,1
annual_state_offset,2937,2023-03-03,2023-03-13,-0.0407900947678007,2023,2022-12-31,native_mse,20260911,0.012121075090535267,,1,0
annual_state_offset,2942,2023-03-10,2023-03-20,5.0471402903706775e-06,2023,2022-12-31,native_mse,20260911,-0.0015684618293498606,,0,1
annual_state_offset,2947,2023-03-17,2023-03-27,0.015302852124583,2023,2022-12-31,native_mse,20260911,-0.00455123687690783,,0,1
annual_state_offset,2952,2023-03-24,2023-04-03,0.0090274153058433,2023,2022-12-31,native_mse,20260911,-0.0032713642765306557,,0,1
annual_state_offset,2957,2023-03-31,2023-04-10,0.0178317182396383,2023,2022-12-31,native_mse,20260911,0.009972413917103892,,1,1
annual_state_offset,2961,2023-04-07,2023-04-17,-0.0101500238382772,2023,2022-12-31,native_mse,20260911,0.007806808930188104,,1,0
annual_state_offset,2966,2023-04-14,2023-04-24,-0.014368947230732,2023,2022-12-31,native_mse,20260911,0.007226249329863683,,1,0
annual_state_offset,2971,2023-04-21,2023-05-04,-0.0044228908788729,2023,2022-12-31,native_mse,20260911,-0.0024232716039148286,,0,0
annual_state_offset,2976,2023-04-28,2023-05-10,0.0036477163153083,2023,2022-12-31,native_mse,20260911,-0.003907239624967295,,0,1
annual_state_offset,2978,2023-05-05,2023-05-15,-0.0221642407977935,2023,2022-12-31,native_mse,20260911,-0.0031947009428460477,,0,0
annual_state_offset,2983,2023-05-12,2023-05-22,0.0005509250208819,2023,2022-12-31,native_mse,20260911,0.003981441571850173,,1,1
annual_state_offset,2988,2023-05-19,2023-05-29,-0.0200253742704897,2023,2022-12-31,native_mse,20260911,0.01107004322684732,,1,0
annual_state_offset,2993,2023-05-26,2023-06-05,-0.0003935703040848,2023,2022-12-31,native_mse,20260911,0.004560043069480671,,1,0
annual_state_offset,2998,2023-06-02,2023-06-12,-0.0086075595250429,2023,2022-12-31,native_mse,20260911,-0.0048559678058000275,,0,0
annual_state_offset,3003,2023-06-09,2023-06-19,0.0338878539347273,2023,2022-12-31,native_mse,20260911,-0.0042897134995229635,,0,1
annual_state_offset,3008,2023-06-16,2023-07-03,-0.026216632171098,2023,2022-12-31,native_mse,20260911,-0.004761761648113702,,0,0
annual_state_offset,3016,2023-06-30,2023-07-10,-0.0030441518806006,2023,2022-12-31,native_mse,20260911,0.001449000541630631,,1,0
annual_state_offset,3021,2023-07-07,2023-07-17,0.0104280552692135,2023,2022-12-31,native_mse,20260911,-0.005015012063383114,,0,1
annual_state_offset,3026,2023-07-14,2023-07-24,-0.0201642613135752,2023,2022-12-31,native_mse,20260911,-0.002212730290267345,,0,0
annual_state_offset,3031,2023-07-21,2023-07-31,0.0566710925894278,2023,2022-12-31,native_mse,20260911,-0.005112763962830667,,0,1
annual_state_offset,3036,2023-07-28,2023-08-07,-0.0039612927947766,2023,2022-12-31,native_mse,20260911,-0.0052814272148835025,,0,0
annual_state_offset,3041,2023-08-04,2023-08-14,-0.0404899362223548,2023,2022-12-31,native_mse,20260911,-0.004618211999064367,,0,0
annual_state_offset,3046,2023-08-11,2023-08-21,-0.0176157088591445,2023,2022-12-31,native_mse,20260911,0.009053312378542757,,1,0
annual_state_offset,3051,2023-08-18,2023-08-28,0.0366582477081969,2023,2022-12-31,native_mse,20260911,0.004561021250172811,,1,1
annual_state_offset,3056,2023-08-25,2023-09-04,-0.025197172476384,2023,2022-12-31,native_mse,20260911,-0.0025275908526821967,,0,0
annual_state_offset,3061,2023-09-01,2023-09-11,-0.0189903461587886,2023,2022-12-31,native_mse,20260911,-0.0049631793698849645,,0,0
annual_state_offset,3066,2023-09-08,2023-09-18,-0.0111346368744954,2023,2022-12-31,native_mse,20260911,0.00680202581529956,,1,0
annual_state_offset,3071,2023-09-15,2023-09-25,0.0105787349314532,2023,2022-12-31,native_mse,20260911,0.008596091481564963,,1,1
annual_state_offset,3076,2023-09-22,2023-10-16,-0.0198017153282719,2023,2022-12-31,native_mse,20260911,-0.0031471179155324424,,0,0
annual_state_offset,3085,2023-10-13,2023-10-23,-0.0447156690429144,2023,2022-12-31,native_mse,20260911,-0.004148291730857776,,0,0
annual_state_offset,3090,2023-10-20,2023-10-30,0.0154019770298841,2023,2022-12-31,native_mse,20260911,-0.005712800982170543,,0,1
annual_state_offset,3095,2023-10-27,2023-11-06,0.0152527637017425,2023,2022-12-31,native_mse,20260911,-0.0033253387808900993,,0,1
annual_state_offset,3100,2023-11-03,2023-11-13,-0.0039935482440582,2023,2022-12-31,native_mse,20260911,-0.0006739370262628165,,0,0
annual_state_offset,3105,2023-11-10,2023-11-20,-0.0067280482816765,2023,2022-12-31,native_mse,20260911,-0.004003258050664914,,0,0
annual_state_offset,3110,2023-11-17,2023-11-27,-0.0098859017348651,2023,2022-12-31,native_mse,20260911,-0.003231557067429336,,0,0
annual_state_offset,3115,2023-11-24,2023-12-04,-0.0151084754586299,2023,2022-12-31,native_mse,20260911,-0.003968465813336381,,0,0
annual_state_offset,3120,2023-12-01,2023-12-11,-0.0295859857973478,2023,2022-12-31,native_mse,20260911,-0.004170192617569334,,0,0
annual_state_offset,3125,2023-12-08,2023-12-18,-0.0144639658974852,2023,2022-12-31,native_mse,20260911,-0.004708072283208354,,0,0
annual_state_offset,3130,2023-12-15,2023-12-25,0.0003424256350643,2023,2022-12-31,native_mse,20260911,-0.005014383450601872,,0,1
annual_state_offset,3135,2023-12-22,2024-01-02,0.0288079559683274,2023,2022-12-31,native_mse,20260911,-0.005140476035149425,,0,1
annual_state_offset,3140,2023-12-29,2024-01-08,-0.0302544749829989,2023,2022-12-31,native_mse,20260911,-0.0034098597743402285,,0,0
annual_state_offset,2902,2023-01-06,2023-01-16,0.0198447929614133,2023,2022-12-31,native_mse,20260912,0.0004281627694943007,,1,1
annual_state_offset,2907,2023-01-13,2023-01-30,0.0465290788350809,2023,2022-12-31,native_mse,20260912,4.2102919401855305e-05,,1,1
annual_state_offset,2912,2023-01-20,2023-02-06,-0.0383797057844887,2023,2022-12-31,native_mse,20260912,0.0010967633118809882,,1,0
annual_state_offset,2917,2023-02-03,2023-02-13,-0.0012061903149008,2023,2022-12-31,native_mse,20260912,0.0008747039967658528,,1,0
annual_state_offset,2922,2023-02-10,2023-02-20,-0.0143746584432821,2023,2022-12-31,native_mse,20260912,0.0001818132935792269,,1,0
annual_state_offset,2927,2023-02-17,2023-02-27,0.0001237636016198,2023,2022-12-31,native_mse,20260912,0.00010126624081480557,,1,1
annual_state_offset,2932,2023-02-24,2023-03-06,0.0224454641303217,2023,2022-12-31,native_mse,20260912,0.000782385799644381,,1,1
annual_state_offset,2937,2023-03-03,2023-03-13,-0.0407900947678007,2023,2022-12-31,native_mse,20260912,0.00040350503591383166,,1,0
annual_state_offset,2942,2023-03-10,2023-03-20,5.0471402903706775e-06,2023,2022-12-31,native_mse,20260912,0.00023517524465769396,,1,1
annual_state_offset,2947,2023-03-17,2023-03-27,0.015302852124583,2023,2022-12-31,native_mse,20260912,-0.0005550490015326846,,0,1
annual_state_offset,2952,2023-03-24,2023-04-03,0.0090274153058433,2023,2022-12-31,native_mse,20260912,0.0004555071806066471,,1,1
annual_state_offset,2957,2023-03-31,2023-04-10,0.0178317182396383,2023,2022-12-31,native_mse,20260912,0.0006137448037054246,,1,1
annual_state_offset,2961,2023-04-07,2023-04-17,-0.0101500238382772,2023,2022-12-31,native_mse,20260912,0.0007714668086940345,,1,0
annual_state_offset,2966,2023-04-14,2023-04-24,-0.014368947230732,2023,2022-12-31,native_mse,20260912,0.0006120128536014287,,1,0
annual_state_offset,2971,2023-04-21,2023-05-04,-0.0044228908788729,2023,2022-12-31,native_mse,20260912,0.0004168718728952876,,1,0
annual_state_offset,2976,2023-04-28,2023-05-10,0.0036477163153083,2023,2022-12-31,native_mse,20260912,0.0007975995131662927,,1,1
annual_state_offset,2978,2023-05-05,2023-05-15,-0.0221642407977935,2023,2022-12-31,native_mse,20260912,3.748499343571029e-05,,1,0
annual_state_offset,2983,2023-05-12,2023-05-22,0.0005509250208819,2023,2022-12-31,native_mse,20260912,0.00013564688457888487,,1,1
annual_state_offset,2988,2023-05-19,2023-05-29,-0.0200253742704897,2023,2022-12-31,native_mse,20260912,0.0006049797039520234,,1,0
annual_state_offset,2993,2023-05-26,2023-06-05,-0.0003935703040848,2023,2022-12-31,native_mse,20260912,5.080512794837295e-05,,1,0
annual_state_offset,2998,2023-06-02,2023-06-12,-0.0086075595250429,2023,2022-12-31,native_mse,20260912,-0.0003527596454530836,,0,0
annual_state_offset,3003,2023-06-09,2023-06-19,0.0338878539347273,2023,2022-12-31,native_mse,20260912,-0.0004629538008774116,,0,1
annual_state_offset,3008,2023-06-16,2023-07-03,-0.026216632171098,2023,2022-12-31,native_mse,20260912,-0.0003413110242915335,,0,0
annual_state_offset,3016,2023-06-30,2023-07-10,-0.0030441518806006,2023,2022-12-31,native_mse,20260912,0.0003431408638381007,,1,0
annual_state_offset,3021,2023-07-07,2023-07-17,0.0104280552692135,2023,2022-12-31,native_mse,20260912,0.000814771057302496,,1,1
annual_state_offset,3026,2023-07-14,2023-07-24,-0.0201642613135752,2023,2022-12-31,native_mse,20260912,0.0006501402430561996,,1,0
annual_state_offset,3031,2023-07-21,2023-07-31,0.0566710925894278,2023,2022-12-31,native_mse,20260912,2.5045124957704355e-05,,1,1
annual_state_offset,3036,2023-07-28,2023-08-07,-0.0039612927947766,2023,2022-12-31,native_mse,20260912,0.00047471401642830695,,1,0
annual_state_offset,3041,2023-08-04,2023-08-14,-0.0404899362223548,2023,2022-12-31,native_mse,20260912,0.0008553072765691807,,1,0
annual_state_offset,3046,2023-08-11,2023-08-21,-0.0176157088591445,2023,2022-12-31,native_mse,20260912,0.0015027086256146451,,1,0
annual_state_offset,3051,2023-08-18,2023-08-28,0.0366582477081969,2023,2022-12-31,native_mse,20260912,0.0006099353623650846,,1,1
annual_state_offset,3056,2023-08-25,2023-09-04,-0.025197172476384,2023,2022-12-31,native_mse,20260912,0.00044421971221099443,,1,0
annual_state_offset,3061,2023-09-01,2023-09-11,-0.0189903461587886,2023,2022-12-31,native_mse,20260912,-0.0002025361551160587,,0,0
annual_state_offset,3066,2023-09-08,2023-09-18,-0.0111346368744954,2023,2022-12-31,native_mse,20260912,0.00041052847232038274,,1,0
annual_state_offset,3071,2023-09-15,2023-09-25,0.0105787349314532,2023,2022-12-31,native_mse,20260912,0.0001624781603077036,,1,1
annual_state_offset,3076,2023-09-22,2023-10-16,-0.0198017153282719,2023,2022-12-31,native_mse,20260912,-2.0047557486308507e-05,,0,0
annual_state_offset,3085,2023-10-13,2023-10-23,-0.0447156690429144,2023,2022-12-31,native_mse,20260912,-7.666747850147154e-05,,0,0
annual_state_offset,3090,2023-10-20,2023-10-30,0.0154019770298841,2023,2022-12-31,native_mse,20260912,0.00029732197364893017,,1,1
annual_state_offset,3095,2023-10-27,2023-11-06,0.0152527637017425,2023,2022-12-31,native_mse,20260912,0.0012245039371740986,,1,1
annual_state_offset,3100,2023-11-03,2023-11-13,-0.0039935482440582,2023,2022-12-31,native_mse,20260912,0.00041856415378897153,,1,0
annual_state_offset,3105,2023-11-10,2023-11-20,-0.0067280482816765,2023,2022-12-31,native_mse,20260912,0.00022000524072862617,,1,0
annual_state_offset,3110,2023-11-17,2023-11-27,-0.0098859017348651,2023,2022-12-31,native_mse,20260912,-0.00011003873914113989,,0,0
annual_state_offset,3115,2023-11-24,2023-12-04,-0.0151084754586299,2023,2022-12-31,native_mse,20260912,0.0006004861455855604,,1,0
annual_state_offset,3120,2023-12-01,2023-12-11,-0.0295859857973478,2023,2022-12-31,native_mse,20260912,9.164477722239853e-05,,1,0
annual_state_offset,3125,2023-12-08,2023-12-18,-0.0144639658974852,2023,2022-12-31,native_mse,20260912,0.0003716320497864135,,1,0
annual_state_offset,3130,2023-12-15,2023-12-25,0.0003424256350643,2023,2022-12-31,native_mse,20260912,0.0007186720416179463,,1,1
annual_state_offset,3135,2023-12-22,2024-01-02,0.0288079559683274,2023,2022-12-31,native_mse,20260912,0.00031752353260434155,,1,1
annual_state_offset,3140,2023-12-29,2024-01-08,-0.0302544749829989,2023,2022-12-31,native_mse,20260912,-5.293223214677527e-06,,0,0
annual_state_offset,3144,2024-01-05,2024-01-15,-0.0158038409563566,2024,2023-12-31,native_mse,20260910,0.000251131835275678,,1,0
annual_state_offset,3149,2024-01-12,2024-01-22,-0.002333261979756,2024,2023-12-31,native_mse,20260910,0.0007362057214049004,,1,0
annual_state_offset,3154,2024-01-19,2024-01-29,0.0223511633823452,2024,2023-12-31,native_mse,20260910,-0.00023540604600351487,,0,1
annual_state_offset,3159,2024-01-26,2024-02-05,-0.0513103415192826,2024,2023-12-31,native_mse,20260910,-0.001531436704987099,,0,0
annual_state_offset,3164,2024-02-02,2024-02-26,0.1015374891364462,2024,2023-12-31,native_mse,20260910,0.004796229141878599,,1,1
annual_state_offset,3173,2024-02-23,2024-03-04,0.0151569053862528,2024,2023-12-31,native_mse,20260910,0.005981439448417525,,1,1
annual_state_offset,3178,2024-03-01,2024-03-11,0.0021394031715169,2024,2023-12-31,native_mse,20260910,0.002923079585146593,,1,1
annual_state_offset,3183,2024-03-08,2024-03-18,0.0087762342284414,2024,2023-12-31,native_mse,20260910,0.004534858645957669,,1,1
annual_state_offset,3188,2024-03-15,2024-03-25,-0.0112802133595746,2024,2023-12-31,native_mse,20260910,0.004141952477981538,,1,0
annual_state_offset,3193,2024-03-22,2024-04-01,0.0042044725182444,2024,2023-12-31,native_mse,20260910,0.0018727898596620025,,1,1
annual_state_offset,3198,2024-03-29,2024-04-15,-0.0219845815102011,2024,2023-12-31,native_mse,20260910,0.0003645787473085561,,1,0
annual_state_offset,3206,2024-04-12,2024-04-22,0.018045199366633,2024,2023-12-31,native_mse,20260910,-0.00021832918624461518,,0,1
annual_state_offset,3211,2024-04-19,2024-04-29,0.0136757744232476,2024,2023-12-31,native_mse,20260910,0.0005323002819172812,,1,1
annual_state_offset,3216,2024-04-26,2024-05-13,0.0172434956786644,2024,2023-12-31,native_mse,20260910,-0.00014728683736751251,,0,1
annual_state_offset,3223,2024-05-10,2024-05-20,0.0097933549988344,2024,2023-12-31,native_mse,20260910,0.0004133340837300701,,1,1
annual_state_offset,3228,2024-05-17,2024-05-27,-0.0204803832637164,2024,2023-12-31,native_mse,20260910,0.0036262081384896457,,1,0
annual_state_offset,3233,2024-05-24,2024-06-03,-0.0081155643048258,2024,2023-12-31,native_mse,20260910,0.0049904247327292855,,1,0
annual_state_offset,3238,2024-05-31,2024-06-11,-0.0060267570121149,2024,2023-12-31,native_mse,20260910,0.0040244113389711345,,1,0
annual_state_offset,3243,2024-06-07,2024-06-17,-0.0096686558937179,2024,2023-12-31,native_mse,20260910,0.008609928356971403,,1,0
annual_state_offset,3247,2024-06-14,2024-06-24,-0.013573992457631,2024,2023-12-31,native_mse,20260910,0.008961501129694911,,1,0
annual_state_offset,3252,2024-06-21,2024-07-01,-0.004427632109257,2024,2023-12-31,native_mse,20260910,0.0009177608055072099,,1,0
annual_state_offset,3257,2024-06-28,2024-07-08,-0.0108320369203009,2024,2023-12-31,native_mse,20260910,0.0030020981914033497,,1,0
annual_state_offset,3262,2024-07-05,2024-07-15,0.0122222871842843,2024,2023-12-31,native_mse,20260910,0.00336049012064386,,1,1
annual_state_offset,3267,2024-07-12,2024-07-22,0.0218881133018156,2024,2023-12-31,native_mse,20260910,-0.0006421845267103974,,0,1
annual_state_offset,3272,2024-07-19,2024-07-29,-0.0378787022382998,2024,2023-12-31,native_mse,20260910,0.0004540341648428114,,1,0
annual_state_offset,3277,2024-07-26,2024-08-05,-0.0124134568216732,2024,2023-12-31,native_mse,20260910,0.0013231998081271626,,1,0
annual_state_offset,3282,2024-08-02,2024-08-12,-0.0102762848330364,2024,2023-12-31,native_mse,20260910,0.001303372172405589,,1,0
annual_state_offset,3287,2024-08-09,2024-08-19,0.0050186923751938,2024,2023-12-31,native_mse,20260910,0.00011119162293128984,,1,1
annual_state_offset,3292,2024-08-16,2024-08-26,-0.0040487282687352,2024,2023-12-31,native_mse,20260910,0.0014903087569155989,,1,0
annual_state_offset,3297,2024-08-23,2024-09-02,-0.0069594562136714,2024,2023-12-31,native_mse,20260910,-0.0030751570665977007,,0,0
annual_state_offset,3302,2024-08-30,2024-09-09,-0.0280389655151561,2024,2023-12-31,native_mse,20260910,-0.003508085985855703,,0,0
annual_state_offset,3307,2024-09-06,2024-09-18,-0.0174132138857783,2024,2023-12-31,native_mse,20260910,-0.0025693655960970898,,0,0
annual_state_offset,3312,2024-09-13,2024-09-24,0.0133119329369826,2024,2023-12-31,native_mse,20260910,0.00017194356388446877,,1,1
annual_state_offset,3315,2024-09-20,2024-09-30,0.2017513988384409,2024,2023-12-31,native_mse,20260910,0.0007791555801138394,,1,1
annual_state_offset,3320,2024-09-27,2024-10-14,0.0178259004588408,2024,2023-12-31,native_mse,20260910,0.0007616530796663938,,1,1
annual_state_offset,3325,2024-10-11,2024-10-21,0.0080914993282625,2024,2023-12-31,native_mse,20260910,-0.0026429925872939004,,0,1
annual_state_offset,3330,2024-10-18,2024-10-28,0.0015733867085561,2024,2023-12-31,native_mse,20260910,-0.004083051697418182,,0,1
annual_state_offset,3335,2024-10-25,2024-11-04,-0.0140142824257356,2024,2023-12-31,native_mse,20260910,-0.003618447449131282,,0,0
annual_state_offset,3340,2024-11-01,2024-11-11,0.0434152361258277,2024,2023-12-31,native_mse,20260910,-0.0042863223001300965,,0,1
annual_state_offset,3345,2024-11-08,2024-11-18,-0.0208584853931589,2024,2023-12-31,native_mse,20260910,-0.0028591792362593097,,0,0
annual_state_offset,3350,2024-11-15,2024-11-25,-0.0267421712161923,2024,2023-12-31,native_mse,20260910,-0.0017028092388012967,,0,0
annual_state_offset,3355,2024-11-22,2024-12-02,0.0087960346887328,2024,2023-12-31,native_mse,20260910,-0.0009456406767515755,,0,1
annual_state_offset,3360,2024-11-29,2024-12-09,0.0155919891551781,2024,2023-12-31,native_mse,20260910,-0.0002599534945060551,,0,1
annual_state_offset,3365,2024-12-06,2024-12-16,-0.0100436703218104,2024,2023-12-31,native_mse,20260910,0.0007542474780432574,,1,0
annual_state_offset,3370,2024-12-13,2024-12-23,-0.0006690784017421,2024,2023-12-31,native_mse,20260910,-0.0007125951992407705,,0,0
annual_state_offset,3375,2024-12-20,2024-12-30,0.0123595076562756,2024,2023-12-31,native_mse,20260910,-0.0012475930255920083,,0,1
annual_state_offset,3380,2024-12-27,2025-01-06,-0.0504714964669198,2024,2023-12-31,native_mse,20260910,-0.00024548952899875387,,0,0
annual_state_offset,3144,2024-01-05,2024-01-15,-0.0158038409563566,2024,2023-12-31,training_frequency,-1,0.5024834437086093,0.5024834437086093,1,0
annual_state_offset,3149,2024-01-12,2024-01-22,-0.002333261979756,2024,2023-12-31,training_frequency,-1,0.5024834437086093,0.5024834437086093,1,0
annual_state_offset,3154,2024-01-19,2024-01-29,0.0223511633823452,2024,2023-12-31,training_frequency,-1,0.5024834437086093,0.5024834437086093,1,1
annual_state_offset,3159,2024-01-26,2024-02-05,-0.0513103415192826,2024,2023-12-31,training_frequency,-1,0.5024834437086093,0.5024834437086093,1,0
annual_state_offset,3164,2024-02-02,2024-02-26,0.1015374891364462,2024,2023-12-31,training_frequency,-1,0.5024834437086093,0.5024834437086093,1,1
annual_state_offset,3173,2024-02-23,2024-03-04,0.0151569053862528,2024,2023-12-31,training_frequency,-1,0.5024834437086093,0.5024834437086093,1,1
annual_state_offset,3178,2024-03-01,2024-03-11,0.0021394031715169,2024,2023-12-31,training_frequency,-1,0.5024834437086093,0.5024834437086093,1,1
annual_state_offset,3183,2024-03-08,2024-03-18,0.0087762342284414,2024,2023-12-31,training_frequency,-1,0.5024834437086093,0.5024834437086093,1,1
annual_state_offset,3188,2024-03-15,2024-03-25,-0.0112802133595746,2024,2023-12-31,training_frequency,-1,0.5024834437086093,0.5024834437086093,1,0
annual_state_offset,3193,2024-03-22,2024-04-01,0.0042044725182444,2024,2023-12-31,training_frequency,-1,0.5024834437086093,0.5024834437086093,1,1
annual_state_offset,3198,2024-03-29,2024-04-15,-0.0219845815102011,2024,2023-12-31,training_frequency,-1,0.5024834437086093,0.5024834437086093,1,0
annual_state_offset,3206,2024-04-12,2024-04-22,0.018045199366633,2024,2023-12-31,training_frequency,-1,0.5024834437086093,0.5024834437086093,1,1
annual_state_offset,3211,2024-04-19,2024-04-29,0.0136757744232476,2024,2023-12-31,training_frequency,-1,0.5024834437086093,0.5024834437086093,1,1
annual_state_offset,3216,2024-04-26,2024-05-13,0.0172434956786644,2024,2023-12-31,training_frequency,-1,0.5024834437086093,0.5024834437086093,1,1
annual_state_offset,3223,2024-05-10,2024-05-20,0.0097933549988344,2024,2023-12-31,training_frequency,-1,0.5024834437086093,0.5024834437086093,1,1
annual_state_offset,3228,2024-05-17,2024-05-27,-0.0204803832637164,2024,2023-12-31,training_frequency,-1,0.5024834437086093,0.5024834437086093,1,0
annual_state_offset,3233,2024-05-24,2024-06-03,-0.0081155643048258,2024,2023-12-31,training_frequency,-1,0.5024834437086093,0.5024834437086093,1,0
annual_state_offset,3238,2024-05-31,2024-06-11,-0.0060267570121149,2024,2023-12-31,training_frequency,-1,0.5024834437086093,0.5024834437086093,1,0
annual_state_offset,3243,2024-06-07,2024-06-17,-0.0096686558937179,2024,2023-12-31,training_frequency,-1,0.5024834437086093,0.5024834437086093,1,0
annual_state_offset,3247,2024-06-14,2024-06-24,-0.013573992457631,2024,2023-12-31,training_frequency,-1,0.5024834437086093,0.5024834437086093,1,0
annual_state_offset,3252,2024-06-21,2024-07-01,-0.004427632109257,2024,2023-12-31,training_frequency,-1,0.5024834437086093,0.5024834437086093,1,0
annual_state_offset,3257,2024-06-28,2024-07-08,-0.0108320369203009,2024,2023-12-31,training_frequency,-1,0.5024834437086093,0.5024834437086093,1,0
annual_state_offset,3262,2024-07-05,2024-07-15,0.0122222871842843,2024,2023-12-31,training_frequency,-1,0.5024834437086093,0.5024834437086093,1,1
annual_state_offset,3267,2024-07-12,2024-07-22,0.0218881133018156,2024,2023-12-31,training_frequency,-1,0.5024834437086093,0.5024834437086093,1,1
annual_state_offset,3272,2024-07-19,2024-07-29,-0.0378787022382998,2024,2023-12-31,training_frequency,-1,0.5024834437086093,0.5024834437086093,1,0
annual_state_offset,3277,2024-07-26,2024-08-05,-0.0124134568216732,2024,2023-12-31,training_frequency,-1,0.5024834437086093,0.5024834437086093,1,0
annual_state_offset,3282,2024-08-02,2024-08-12,-0.0102762848330364,2024,2023-12-31,training_frequency,-1,0.5024834437086093,0.5024834437086093,1,0
annual_state_offset,3287,2024-08-09,2024-08-19,0.0050186923751938,2024,2023-12-31,training_frequency,-1,0.5024834437086093,0.5024834437086093,1,1
annual_state_offset,3292,2024-08-16,2024-08-26,-0.0040487282687352,2024,2023-12-31,training_frequency,-1,0.5024834437086093,0.5024834437086093,1,0
annual_state_offset,3297,2024-08-23,2024-09-02,-0.0069594562136714,2024,2023-12-31,training_frequency,-1,0.5024834437086093,0.5024834437086093,1,0
annual_state_offset,3302,2024-08-30,2024-09-09,-0.0280389655151561,2024,2023-12-31,training_frequency,-1,0.5024834437086093,0.5024834437086093,1,0
annual_state_offset,3307,2024-09-06,2024-09-18,-0.0174132138857783,2024,2023-12-31,training_frequency,-1,0.5024834437086093,0.5024834437086093,1,0
annual_state_offset,3312,2024-09-13,2024-09-24,0.0133119329369826,2024,2023-12-31,training_frequency,-1,0.5024834437086093,0.5024834437086093,1,1
annual_state_offset,3315,2024-09-20,2024-09-30,0.2017513988384409,2024,2023-12-31,training_frequency,-1,0.5024834437086093,0.5024834437086093,1,1
annual_state_offset,3320,2024-09-27,2024-10-14,0.0178259004588408,2024,2023-12-31,training_frequency,-1,0.5024834437086093,0.5024834437086093,1,1
annual_state_offset,3325,2024-10-11,2024-10-21,0.0080914993282625,2024,2023-12-31,training_frequency,-1,0.5024834437086093,0.5024834437086093,1,1
annual_state_offset,3330,2024-10-18,2024-10-28,0.0015733867085561,2024,2023-12-31,training_frequency,-1,0.5024834437086093,0.5024834437086093,1,1
annual_state_offset,3335,2024-10-25,2024-11-04,-0.0140142824257356,2024,2023-12-31,training_frequency,-1,0.5024834437086093,0.5024834437086093,1,0
annual_state_offset,3340,2024-11-01,2024-11-11,0.0434152361258277,2024,2023-12-31,training_frequency,-1,0.5024834437086093,0.5024834437086093,1,1
annual_state_offset,3345,2024-11-08,2024-11-18,-0.0208584853931589,2024,2023-12-31,training_frequency,-1,0.5024834437086093,0.5024834437086093,1,0
annual_state_offset,3350,2024-11-15,2024-11-25,-0.0267421712161923,2024,2023-12-31,training_frequency,-1,0.5024834437086093,0.5024834437086093,1,0
annual_state_offset,3355,2024-11-22,2024-12-02,0.0087960346887328,2024,2023-12-31,training_frequency,-1,0.5024834437086093,0.5024834437086093,1,1
annual_state_offset,3360,2024-11-29,2024-12-09,0.0155919891551781,2024,2023-12-31,training_frequency,-1,0.5024834437086093,0.5024834437086093,1,1
annual_state_offset,3365,2024-12-06,2024-12-16,-0.0100436703218104,2024,2023-12-31,training_frequency,-1,0.5024834437086093,0.5024834437086093,1,0
annual_state_offset,3370,2024-12-13,2024-12-23,-0.0006690784017421,2024,2023-12-31,training_frequency,-1,0.5024834437086093,0.5024834437086093,1,0
annual_state_offset,3375,2024-12-20,2024-12-30,0.0123595076562756,2024,2023-12-31,training_frequency,-1,0.5024834437086093,0.5024834437086093,1,1
annual_state_offset,3380,2024-12-27,2025-01-06,-0.0504714964669198,2024,2023-12-31,training_frequency,-1,0.5024834437086093,0.5024834437086093,1,0
annual_state_offset,3144,2024-01-05,2024-01-15,-0.0158038409563566,2024,2023-12-31,native_mse,20260911,0.006524465736805172,,1,0
annual_state_offset,3149,2024-01-12,2024-01-22,-0.002333261979756,2024,2023-12-31,native_mse,20260911,0.008213225375018137,,1,0
annual_state_offset,3154,2024-01-19,2024-01-29,0.0223511633823452,2024,2023-12-31,native_mse,20260911,0.009988969845384454,,1,1
annual_state_offset,3159,2024-01-26,2024-02-05,-0.0513103415192826,2024,2023-12-31,native_mse,20260911,0.007709942184731473,,1,0
annual_state_offset,3164,2024-02-02,2024-02-26,0.1015374891364462,2024,2023-12-31,native_mse,20260911,0.006449485928463916,,1,1
annual_state_offset,3173,2024-02-23,2024-03-04,0.0151569053862528,2024,2023-12-31,native_mse,20260911,0.010256530380527457,,1,1
annual_state_offset,3178,2024-03-01,2024-03-11,0.0021394031715169,2024,2023-12-31,native_mse,20260911,0.00705766649461919,,1,1
annual_state_offset,3183,2024-03-08,2024-03-18,0.0087762342284414,2024,2023-12-31,native_mse,20260911,0.008632918878357794,,1,1
annual_state_offset,3188,2024-03-15,2024-03-25,-0.0112802133595746,2024,2023-12-31,native_mse,20260911,0.004101422624994645,,1,0
annual_state_offset,3193,2024-03-22,2024-04-01,0.0042044725182444,2024,2023-12-31,native_mse,20260911,0.0049895841353934664,,1,1
annual_state_offset,3198,2024-03-29,2024-04-15,-0.0219845815102011,2024,2023-12-31,native_mse,20260911,0.0016010611409444046,,1,0
annual_state_offset,3206,2024-04-12,2024-04-22,0.018045199366633,2024,2023-12-31,native_mse,20260911,0.001857502186560773,,1,1
annual_state_offset,3211,2024-04-19,2024-04-29,0.0136757744232476,2024,2023-12-31,native_mse,20260911,0.009651811290201222,,1,1
annual_state_offset,3216,2024-04-26,2024-05-13,0.0172434956786644,2024,2023-12-31,native_mse,20260911,0.005960111287081512,,1,1
annual_state_offset,3223,2024-05-10,2024-05-20,0.0097933549988344,2024,2023-12-31,native_mse,20260911,-0.004933376296222066,,0,1
annual_state_offset,3228,2024-05-17,2024-05-27,-0.0204803832637164,2024,2023-12-31,native_mse,20260911,-0.003099362011607103,,0,0
annual_state_offset,3233,2024-05-24,2024-06-03,-0.0081155643048258,2024,2023-12-31,native_mse,20260911,-0.0038744398417857777,,0,0
annual_state_offset,3238,2024-05-31,2024-06-11,-0.0060267570121149,2024,2023-12-31,native_mse,20260911,-0.0020292253039693184,,0,0
annual_state_offset,3243,2024-06-07,2024-06-17,-0.0096686558937179,2024,2023-12-31,native_mse,20260911,5.7354393489387904e-05,,1,0
annual_state_offset,3247,2024-06-14,2024-06-24,-0.013573992457631,2024,2023-12-31,native_mse,20260911,0.0016373878025280563,,1,0
annual_state_offset,3252,2024-06-21,2024-07-01,-0.004427632109257,2024,2023-12-31,native_mse,20260911,0.0027588932782398315,,1,0
annual_state_offset,3257,2024-06-28,2024-07-08,-0.0108320369203009,2024,2023-12-31,native_mse,20260911,0.0032470747873102144,,1,0
annual_state_offset,3262,2024-07-05,2024-07-15,0.0122222871842843,2024,2023-12-31,native_mse,20260911,0.002652089101692747,,1,1
annual_state_offset,3267,2024-07-12,2024-07-22,0.0218881133018156,2024,2023-12-31,native_mse,20260911,0.004450330503533944,,1,1
annual_state_offset,3272,2024-07-19,2024-07-29,-0.0378787022382998,2024,2023-12-31,native_mse,20260911,-0.0012744559041647184,,0,0
annual_state_offset,3277,2024-07-26,2024-08-05,-0.0124134568216732,2024,2023-12-31,native_mse,20260911,-0.001291795834448832,,0,0
annual_state_offset,3282,2024-08-02,2024-08-12,-0.0102762848330364,2024,2023-12-31,native_mse,20260911,-0.002458562952290899,,0,0
annual_state_offset,3287,2024-08-09,2024-08-19,0.0050186923751938,2024,2023-12-31,native_mse,20260911,-0.0009352769264030156,,0,1
annual_state_offset,3292,2024-08-16,2024-08-26,-0.0040487282687352,2024,2023-12-31,native_mse,20260911,-0.0034014636043486098,,0,0
annual_state_offset,3297,2024-08-23,2024-09-02,-0.0069594562136714,2024,2023-12-31,native_mse,20260911,-0.0018665564124188876,,0,0
annual_state_offset,3302,2024-08-30,2024-09-09,-0.0280389655151561,2024,2023-12-31,native_mse,20260911,2.766314850337684e-05,,1,0
annual_state_offset,3307,2024-09-06,2024-09-18,-0.0174132138857783,2024,2023-12-31,native_mse,20260911,0.0015093996928045017,,1,0
annual_state_offset,3312,2024-09-13,2024-09-24,0.0133119329369826,2024,2023-12-31,native_mse,20260911,0.005047902673988417,,1,1
annual_state_offset,3315,2024-09-20,2024-09-30,0.2017513988384409,2024,2023-12-31,native_mse,20260911,0.006841795120835749,,1,1
annual_state_offset,3320,2024-09-27,2024-10-14,0.0178259004588408,2024,2023-12-31,native_mse,20260911,0.011643607701046107,,1,1
annual_state_offset,3325,2024-10-11,2024-10-21,0.0080914993282625,2024,2023-12-31,native_mse,20260911,0.006958055096152153,,1,1
annual_state_offset,3330,2024-10-18,2024-10-28,0.0015733867085561,2024,2023-12-31,native_mse,20260911,0.0035488889473533555,,1,1
annual_state_offset,3335,2024-10-25,2024-11-04,-0.0140142824257356,2024,2023-12-31,native_mse,20260911,-0.004087166652715301,,0,0
annual_state_offset,3340,2024-11-01,2024-11-11,0.0434152361258277,2024,2023-12-31,native_mse,20260911,-0.008879815780234165,,0,1
annual_state_offset,3345,2024-11-08,2024-11-18,-0.0208584853931589,2024,2023-12-31,native_mse,20260911,-0.0016665405141504353,,0,0
annual_state_offset,3350,2024-11-15,2024-11-25,-0.0267421712161923,2024,2023-12-31,native_mse,20260911,-0.0014397200836903515,,0,0
annual_state_offset,3355,2024-11-22,2024-12-02,0.0087960346887328,2024,2023-12-31,native_mse,20260911,-0.00394305191034785,,0,1
annual_state_offset,3360,2024-11-29,2024-12-09,0.0155919891551781,2024,2023-12-31,native_mse,20260911,-0.003787046789689023,,0,1
annual_state_offset,3365,2024-12-06,2024-12-16,-0.0100436703218104,2024,2023-12-31,native_mse,20260911,-0.0013163950781598383,,0,0
annual_state_offset,3370,2024-12-13,2024-12-23,-0.0006690784017421,2024,2023-12-31,native_mse,20260911,-0.007731413237017607,,0,0
annual_state_offset,3375,2024-12-20,2024-12-30,0.0123595076562756,2024,2023-12-31,native_mse,20260911,-0.005503589541502588,,0,1
annual_state_offset,3380,2024-12-27,2025-01-06,-0.0504714964669198,2024,2023-12-31,native_mse,20260911,0.006049137218951889,,1,0
annual_state_offset,3144,2024-01-05,2024-01-15,-0.0158038409563566,2024,2023-12-31,native_mse,20260912,0.001652613648937757,,1,0
annual_state_offset,3149,2024-01-12,2024-01-22,-0.002333261979756,2024,2023-12-31,native_mse,20260912,0.0017566823014709063,,1,0
annual_state_offset,3154,2024-01-19,2024-01-29,0.0223511633823452,2024,2023-12-31,native_mse,20260912,0.0017349357863463528,,1,1
annual_state_offset,3159,2024-01-26,2024-02-05,-0.0513103415192826,2024,2023-12-31,native_mse,20260912,0.0017756045446650414,,1,0
annual_state_offset,3164,2024-02-02,2024-02-26,0.1015374891364462,2024,2023-12-31,native_mse,20260912,0.0017702651342618495,,1,1
annual_state_offset,3173,2024-02-23,2024-03-04,0.0151569053862528,2024,2023-12-31,native_mse,20260912,0.0018705013508167863,,1,1
annual_state_offset,3178,2024-03-01,2024-03-11,0.0021394031715169,2024,2023-12-31,native_mse,20260912,0.0020966839632058165,,1,1
annual_state_offset,3183,2024-03-08,2024-03-18,0.0087762342284414,2024,2023-12-31,native_mse,20260912,0.0021229030867072935,,1,1
annual_state_offset,3188,2024-03-15,2024-03-25,-0.0112802133595746,2024,2023-12-31,native_mse,20260912,0.002169492364912302,,1,0
annual_state_offset,3193,2024-03-22,2024-04-01,0.0042044725182444,2024,2023-12-31,native_mse,20260912,0.0021346683785466035,,1,1
annual_state_offset,3198,2024-03-29,2024-04-15,-0.0219845815102011,2024,2023-12-31,native_mse,20260912,0.001970104765042201,,1,0
annual_state_offset,3206,2024-04-12,2024-04-22,0.018045199366633,2024,2023-12-31,native_mse,20260912,0.0018950666103198662,,1,1
annual_state_offset,3211,2024-04-19,2024-04-29,0.0136757744232476,2024,2023-12-31,native_mse,20260912,0.0014826942470986316,,1,1
annual_state_offset,3216,2024-04-26,2024-05-13,0.0172434956786644,2024,2023-12-31,native_mse,20260912,0.0010502698704938512,,1,1
annual_state_offset,3223,2024-05-10,2024-05-20,0.0097933549988344,2024,2023-12-31,native_mse,20260912,0.0008603132721811119,,1,1
annual_state_offset,3228,2024-05-17,2024-05-27,-0.0204803832637164,2024,2023-12-31,native_mse,20260912,0.000598359363630433,,1,0
annual_state_offset,3233,2024-05-24,2024-06-03,-0.0081155643048258,2024,2023-12-31,native_mse,20260912,0.0005736014331172037,,1,0
annual_state_offset,3238,2024-05-31,2024-06-11,-0.0060267570121149,2024,2023-12-31,native_mse,20260912,0.0005483327414548749,,1,0
annual_state_offset,3243,2024-06-07,2024-06-17,-0.0096686558937179,2024,2023-12-31,native_mse,20260912,0.000585176229140396,,1,0
annual_state_offset,3247,2024-06-14,2024-06-24,-0.013573992457631,2024,2023-12-31,native_mse,20260912,0.000605835607878555,,1,0
annual_state_offset,3252,2024-06-21,2024-07-01,-0.004427632109257,2024,2023-12-31,native_mse,20260912,0.0006286050015987623,,1,0
annual_state_offset,3257,2024-06-28,2024-07-08,-0.0108320369203009,2024,2023-12-31,native_mse,20260912,0.00064228262166844,,1,0
annual_state_offset,3262,2024-07-05,2024-07-15,0.0122222871842843,2024,2023-12-31,native_mse,20260912,0.000721007461573622,,1,1
annual_state_offset,3267,2024-07-12,2024-07-22,0.0218881133018156,2024,2023-12-31,native_mse,20260912,0.000821435978076197,,1,1
annual_state_offset,3272,2024-07-19,2024-07-29,-0.0378787022382998,2024,2023-12-31,native_mse,20260912,0.0008418861287390497,,1,0
annual_state_offset,3277,2024-07-26,2024-08-05,-0.0124134568216732,2024,2023-12-31,native_mse,20260912,0.0012675510770958798,,1,0
annual_state_offset,3282,2024-08-02,2024-08-12,-0.0102762848330364,2024,2023-12-31,native_mse,20260912,0.0015249857513458085,,1,0
annual_state_offset,3287,2024-08-09,2024-08-19,0.0050186923751938,2024,2023-12-31,native_mse,20260912,0.0015779514189250905,,1,1
annual_state_offset,3292,2024-08-16,2024-08-26,-0.0040487282687352,2024,2023-12-31,native_mse,20260912,0.0013998325080271312,,1,0
annual_state_offset,3297,2024-08-23,2024-09-02,-0.0069594562136714,2024,2023-12-31,native_mse,20260912,0.0014255873683507452,,1,0
annual_state_offset,3302,2024-08-30,2024-09-09,-0.0280389655151561,2024,2023-12-31,native_mse,20260912,0.0015330401621674865,,1,0
annual_state_offset,3307,2024-09-06,2024-09-18,-0.0174132138857783,2024,2023-12-31,native_mse,20260912,0.0015627932338450265,,1,0
annual_state_offset,3312,2024-09-13,2024-09-24,0.0133119329369826,2024,2023-12-31,native_mse,20260912,0.0015103830852308555,,1,1
annual_state_offset,3315,2024-09-20,2024-09-30,0.2017513988384409,2024,2023-12-31,native_mse,20260912,0.0015343284400254939,,1,1
annual_state_offset,3320,2024-09-27,2024-10-14,0.0178259004588408,2024,2023-12-31,native_mse,20260912,0.0015725051425186597,,1,1
annual_state_offset,3325,2024-10-11,2024-10-21,0.0080914993282625,2024,2023-12-31,native_mse,20260912,0.0019394229622847915,,1,1
annual_state_offset,3330,2024-10-18,2024-10-28,0.0015733867085561,2024,2023-12-31,native_mse,20260912,0.0021210173726156634,,1,1
annual_state_offset,3335,2024-10-25,2024-11-04,-0.0140142824257356,2024,2023-12-31,native_mse,20260912,0.0021565584052961957,,1,0
annual_state_offset,3340,2024-11-01,2024-11-11,0.0434152361258277,2024,2023-12-31,native_mse,20260912,0.002066143931918221,,1,1
annual_state_offset,3345,2024-11-08,2024-11-18,-0.0208584853931589,2024,2023-12-31,native_mse,20260912,0.0019328021834634566,,1,0
annual_state_offset,3350,2024-11-15,2024-11-25,-0.0267421712161923,2024,2023-12-31,native_mse,20260912,0.0016078398644429398,,1,0
annual_state_offset,3355,2024-11-22,2024-12-02,0.0087960346887328,2024,2023-12-31,native_mse,20260912,0.0014387624930086427,,1,1
annual_state_offset,3360,2024-11-29,2024-12-09,0.0155919891551781,2024,2023-12-31,native_mse,20260912,0.001055672591838617,,1,1
annual_state_offset,3365,2024-12-06,2024-12-16,-0.0100436703218104,2024,2023-12-31,native_mse,20260912,0.0009332123922739673,,1,0
annual_state_offset,3370,2024-12-13,2024-12-23,-0.0006690784017421,2024,2023-12-31,native_mse,20260912,0.0007303535282016855,,1,0
annual_state_offset,3375,2024-12-20,2024-12-30,0.0123595076562756,2024,2023-12-31,native_mse,20260912,0.0006347143027364932,,1,1
annual_state_offset,3380,2024-12-27,2025-01-06,-0.0504714964669198,2024,2023-12-31,native_mse,20260912,0.0004962445983289108,,1,0
annual_state_offset,3384,2025-01-03,2025-01-13,-0.0189486730632231,2025,2024-12-31,native_mse,20260910,-0.0042551962797835255,,0,0
annual_state_offset,3389,2025-01-10,2025-01-20,0.0353251773547418,2025,2024-12-31,native_mse,20260910,-0.004346017102457373,,0,1
annual_state_offset,3394,2025-01-17,2025-01-27,0.000432821422053,2025,2024-12-31,native_mse,20260910,-0.0019110835117753682,,0,1
annual_state_offset,3399,2025-01-24,2025-02-10,0.0159344898044284,2025,2024-12-31,native_mse,20260910,-0.0018767518511483509,,0,1
annual_state_offset,3403,2025-02-07,2025-02-17,0.0144454990892999,2025,2024-12-31,native_mse,20260910,-0.0005243581714439598,,0,1
annual_state_offset,3408,2025-02-14,2025-02-24,0.0045695818086644,2025,2024-12-31,native_mse,20260910,0.0018166916350322408,,1,1
annual_state_offset,3413,2025-02-21,2025-03-03,-0.0183210488158531,2025,2024-12-31,native_mse,20260910,-0.0017910693651536675,,0,0
annual_state_offset,3418,2025-02-28,2025-03-10,0.0117650075646844,2025,2024-12-31,native_mse,20260910,8.039864129989814e-05,,1,1
annual_state_offset,3423,2025-03-07,2025-03-17,0.019023819058288,2025,2024-12-31,native_mse,20260910,0.00045020548490624885,,1,1
annual_state_offset,3428,2025-03-14,2025-03-24,-0.0259983485216283,2025,2024-12-31,native_mse,20260910,0.004030585426274574,,1,0
annual_state_offset,3433,2025-03-21,2025-03-31,-0.0025867506275359,2025,2024-12-31,native_mse,20260910,0.0025467178052053364,,1,0
annual_state_offset,3438,2025-03-28,2025-04-14,-0.0342910101946246,2025,2024-12-31,native_mse,20260910,0.007880897711304511,,1,0
annual_state_offset,3447,2025-04-11,2025-04-21,-0.0010339232881941,2025,2024-12-31,native_mse,20260910,5.880823721327009e-05,,1,0
annual_state_offset,3452,2025-04-18,2025-04-28,0.0048432383085554,2025,2024-12-31,native_mse,20260910,0.005609692399565023,,1,1
annual_state_offset,3457,2025-04-25,2025-05-12,0.02116527880118,2025,2024-12-31,native_mse,20260910,-0.000987643148635555,,0,1
annual_state_offset,3464,2025-05-09,2025-05-19,0.0041484224873464,2025,2024-12-31,native_mse,20260910,-0.0013747677302766792,,0,1
annual_state_offset,3469,2025-05-16,2025-05-26,-0.0017462660042188,2025,2024-12-31,native_mse,20260910,-0.0004666942525332647,,0,0
annual_state_offset,3474,2025-05-23,2025-06-03,-0.0109216443615366,2025,2024-12-31,native_mse,20260910,-0.0003784346347167226,,0,0
annual_state_offset,3479,2025-05-30,2025-06-09,0.011566574321892,2025,2024-12-31,native_mse,20260910,0.0010175785321809984,,1,1
annual_state_offset,3483,2025-06-06,2025-06-16,-0.0062354943524679,2025,2024-12-31,native_mse,20260910,-0.0001914645603575384,,0,0
annual_state_offset,3488,2025-06-13,2025-06-23,-0.005825691168304,2025,2024-12-31,native_mse,20260910,1.1665969000571627e-05,,1,0
annual_state_offset,3493,2025-06-20,2025-06-30,0.0232670437490374,2025,2024-12-31,native_mse,20260910,0.0007044968618821799,,1,1
annual_state_offset,3498,2025-06-27,2025-07-07,0.0145345648685946,2025,2024-12-31,native_mse,20260910,-0.003232334991441291,,0,1
annual_state_offset,3503,2025-07-04,2025-07-14,0.0110426949002964,2025,2024-12-31,native_mse,20260910,0.003419117861495023,,1,1
annual_state_offset,3508,2025-07-11,2025-07-21,0.0120759671840067,2025,2024-12-31,native_mse,20260910,0.011140680775400312,,1,1
annual_state_offset,3513,2025-07-18,2025-07-28,0.0143570766898375,2025,2024-12-31,native_mse,20260910,-0.002127522022613997,,0,1
annual_state_offset,3518,2025-07-25,2025-08-04,-0.0218642507630443,2025,2024-12-31,native_mse,20260910,-0.001869242573817923,,0,0
annual_state_offset,3523,2025-08-01,2025-08-11,0.0179175520190988,2025,2024-12-31,native_mse,20260910,2.2319590068522338e-05,,1,1
annual_state_offset,3528,2025-08-08,2025-08-18,0.026265786598999,2025,2024-12-31,native_mse,20260910,-0.004614466433741538,,0,1
annual_state_offset,3533,2025-08-15,2025-08-25,0.0469483790671487,2025,2024-12-31,native_mse,20260910,-0.0013489789955213162,,0,1
annual_state_offset,3538,2025-08-22,2025-09-01,0.0227770368340847,2025,2024-12-31,native_mse,20260910,-0.004341013056443359,,0,1
annual_state_offset,3543,2025-08-29,2025-09-08,-0.0110053842475337,2025,2024-12-31,native_mse,20260910,-0.004924417538845909,,0,0
annual_state_offset,3548,2025-09-05,2025-09-15,0.0151594857594405,2025,2024-12-31,native_mse,20260910,-0.004519124644784283,,0,1
annual_state_offset,3553,2025-09-12,2025-09-22,-0.0050409160971932,2025,2024-12-31,native_mse,20260910,-0.004114428954602145,,0,0
annual_state_offset,3558,2025-09-19,2025-09-29,0.0095300784790881,2025,2024-12-31,native_mse,20260910,-0.0047590961051182015,,0,1
annual_state_offset,3563,2025-09-26,2025-10-13,-0.0140855274279203,2025,2024-12-31,native_mse,20260910,-0.004219803127072934,,0,0
annual_state_offset,3567,2025-10-10,2025-10-20,0.015001547584321,2025,2024-12-31,native_mse,20260910,-0.003823350500415441,,0,1
annual_state_offset,3572,2025-10-17,2025-10-27,0.0309637052897611,2025,2024-12-31,native_mse,20260910,-0.003866623261027931,,0,1
annual_state_offset,3577,2025-10-24,2025-11-03,-0.013331545863497,2025,2024-12-31,native_mse,20260910,-0.0036382658807448576,,0,0
annual_state_offset,3582,2025-10-31,2025-11-10,0.0110832418536339,2025,2024-12-31,native_mse,20260910,-0.003790641327688186,,0,1
annual_state_offset,3587,2025-11-07,2025-11-17,-0.0152107881197579,2025,2024-12-31,native_mse,20260910,-0.003538974204578519,,0,0
annual_state_offset,3592,2025-11-14,2025-11-24,-0.031114557454173,2025,2024-12-31,native_mse,20260910,-0.003282621345580935,,0,0
annual_state_offset,3597,2025-11-21,2025-12-01,0.0147613767448515,2025,2024-12-31,native_mse,20260910,-0.0034884891644206416,,0,1
annual_state_offset,3602,2025-11-28,2025-12-08,0.0118853804313106,2025,2024-12-31,native_mse,20260910,-0.003806133337151431,,0,1
annual_state_offset,3607,2025-12-05,2025-12-15,-0.0093922675990717,2025,2024-12-31,native_mse,20260910,-0.003208553856296927,,0,0
annual_state_offset,3612,2025-12-12,2025-12-22,0.0082791208791208,2025,2024-12-31,native_mse,20260910,0.0022387132272507658,,1,1
annual_state_offset,3617,2025-12-19,2025-12-29,0.0153890755001995,2025,2024-12-31,native_mse,20260910,0.006486312528548796,,1,1
annual_state_offset,3622,2025-12-26,2026-01-12,0.0239101640737868,2025,2024-12-31,native_mse,20260910,-0.0003728277129905187,,0,1
annual_state_offset,3384,2025-01-03,2025-01-13,-0.0189486730632231,2025,2024-12-31,training_frequency,-1,0.472636815920398,0.472636815920398,0,0
annual_state_offset,3389,2025-01-10,2025-01-20,0.0353251773547418,2025,2024-12-31,training_frequency,-1,0.472636815920398,0.472636815920398,0,1
annual_state_offset,3394,2025-01-17,2025-01-27,0.000432821422053,2025,2024-12-31,training_frequency,-1,0.472636815920398,0.472636815920398,0,1
annual_state_offset,3399,2025-01-24,2025-02-10,0.0159344898044284,2025,2024-12-31,training_frequency,-1,0.472636815920398,0.472636815920398,0,1
annual_state_offset,3403,2025-02-07,2025-02-17,0.0144454990892999,2025,2024-12-31,training_frequency,-1,0.472636815920398,0.472636815920398,0,1
annual_state_offset,3408,2025-02-14,2025-02-24,0.0045695818086644,2025,2024-12-31,training_frequency,-1,0.472636815920398,0.472636815920398,0,1
annual_state_offset,3413,2025-02-21,2025-03-03,-0.0183210488158531,2025,2024-12-31,training_frequency,-1,0.472636815920398,0.472636815920398,0,0
annual_state_offset,3418,2025-02-28,2025-03-10,0.0117650075646844,2025,2024-12-31,training_frequency,-1,0.472636815920398,0.472636815920398,0,1
annual_state_offset,3423,2025-03-07,2025-03-17,0.019023819058288,2025,2024-12-31,training_frequency,-1,0.472636815920398,0.472636815920398,0,1
annual_state_offset,3428,2025-03-14,2025-03-24,-0.0259983485216283,2025,2024-12-31,training_frequency,-1,0.472636815920398,0.472636815920398,0,0
annual_state_offset,3433,2025-03-21,2025-03-31,-0.0025867506275359,2025,2024-12-31,training_frequency,-1,0.472636815920398,0.472636815920398,0,0
annual_state_offset,3438,2025-03-28,2025-04-14,-0.0342910101946246,2025,2024-12-31,training_frequency,-1,0.472636815920398,0.472636815920398,0,0
annual_state_offset,3447,2025-04-11,2025-04-21,-0.0010339232881941,2025,2024-12-31,training_frequency,-1,0.472636815920398,0.472636815920398,0,0
annual_state_offset,3452,2025-04-18,2025-04-28,0.0048432383085554,2025,2024-12-31,training_frequency,-1,0.472636815920398,0.472636815920398,0,1
annual_state_offset,3457,2025-04-25,2025-05-12,0.02116527880118,2025,2024-12-31,training_frequency,-1,0.472636815920398,0.472636815920398,0,1
annual_state_offset,3464,2025-05-09,2025-05-19,0.0041484224873464,2025,2024-12-31,training_frequency,-1,0.472636815920398,0.472636815920398,0,1
annual_state_offset,3469,2025-05-16,2025-05-26,-0.0017462660042188,2025,2024-12-31,training_frequency,-1,0.472636815920398,0.472636815920398,0,0
annual_state_offset,3474,2025-05-23,2025-06-03,-0.0109216443615366,2025,2024-12-31,training_frequency,-1,0.472636815920398,0.472636815920398,0,0
annual_state_offset,3479,2025-05-30,2025-06-09,0.011566574321892,2025,2024-12-31,training_frequency,-1,0.472636815920398,0.472636815920398,0,1
annual_state_offset,3483,2025-06-06,2025-06-16,-0.0062354943524679,2025,2024-12-31,training_frequency,-1,0.472636815920398,0.472636815920398,0,0
annual_state_offset,3488,2025-06-13,2025-06-23,-0.005825691168304,2025,2024-12-31,training_frequency,-1,0.472636815920398,0.472636815920398,0,0
annual_state_offset,3493,2025-06-20,2025-06-30,0.0232670437490374,2025,2024-12-31,training_frequency,-1,0.472636815920398,0.472636815920398,0,1
annual_state_offset,3498,2025-06-27,2025-07-07,0.0145345648685946,2025,2024-12-31,training_frequency,-1,0.472636815920398,0.472636815920398,0,1
annual_state_offset,3503,2025-07-04,2025-07-14,0.0110426949002964,2025,2024-12-31,training_frequency,-1,0.472636815920398,0.472636815920398,0,1
annual_state_offset,3508,2025-07-11,2025-07-21,0.0120759671840067,2025,2024-12-31,training_frequency,-1,0.472636815920398,0.472636815920398,0,1
annual_state_offset,3513,2025-07-18,2025-07-28,0.0143570766898375,2025,2024-12-31,training_frequency,-1,0.472636815920398,0.472636815920398,0,1
annual_state_offset,3518,2025-07-25,2025-08-04,-0.0218642507630443,2025,2024-12-31,training_frequency,-1,0.472636815920398,0.472636815920398,0,0
annual_state_offset,3523,2025-08-01,2025-08-11,0.0179175520190988,2025,2024-12-31,training_frequency,-1,0.472636815920398,0.472636815920398,0,1
annual_state_offset,3528,2025-08-08,2025-08-18,0.026265786598999,2025,2024-12-31,training_frequency,-1,0.472636815920398,0.472636815920398,0,1
annual_state_offset,3533,2025-08-15,2025-08-25,0.0469483790671487,2025,2024-12-31,training_frequency,-1,0.472636815920398,0.472636815920398,0,1
annual_state_offset,3538,2025-08-22,2025-09-01,0.0227770368340847,2025,2024-12-31,training_frequency,-1,0.472636815920398,0.472636815920398,0,1
annual_state_offset,3543,2025-08-29,2025-09-08,-0.0110053842475337,2025,2024-12-31,training_frequency,-1,0.472636815920398,0.472636815920398,0,0
annual_state_offset,3548,2025-09-05,2025-09-15,0.0151594857594405,2025,2024-12-31,training_frequency,-1,0.472636815920398,0.472636815920398,0,1
annual_state_offset,3553,2025-09-12,2025-09-22,-0.0050409160971932,2025,2024-12-31,training_frequency,-1,0.472636815920398,0.472636815920398,0,0
annual_state_offset,3558,2025-09-19,2025-09-29,0.0095300784790881,2025,2024-12-31,training_frequency,-1,0.472636815920398,0.472636815920398,0,1
annual_state_offset,3563,2025-09-26,2025-10-13,-0.0140855274279203,2025,2024-12-31,training_frequency,-1,0.472636815920398,0.472636815920398,0,0
annual_state_offset,3567,2025-10-10,2025-10-20,0.015001547584321,2025,2024-12-31,training_frequency,-1,0.472636815920398,0.472636815920398,0,1
annual_state_offset,3572,2025-10-17,2025-10-27,0.0309637052897611,2025,2024-12-31,training_frequency,-1,0.472636815920398,0.472636815920398,0,1
annual_state_offset,3577,2025-10-24,2025-11-03,-0.013331545863497,2025,2024-12-31,training_frequency,-1,0.472636815920398,0.472636815920398,0,0
annual_state_offset,3582,2025-10-31,2025-11-10,0.0110832418536339,2025,2024-12-31,training_frequency,-1,0.472636815920398,0.472636815920398,0,1
annual_state_offset,3587,2025-11-07,2025-11-17,-0.0152107881197579,2025,2024-12-31,training_frequency,-1,0.472636815920398,0.472636815920398,0,0
annual_state_offset,3592,2025-11-14,2025-11-24,-0.031114557454173,2025,2024-12-31,training_frequency,-1,0.472636815920398,0.472636815920398,0,0
annual_state_offset,3597,2025-11-21,2025-12-01,0.0147613767448515,2025,2024-12-31,training_frequency,-1,0.472636815920398,0.472636815920398,0,1
annual_state_offset,3602,2025-11-28,2025-12-08,0.0118853804313106,2025,2024-12-31,training_frequency,-1,0.472636815920398,0.472636815920398,0,1
annual_state_offset,3607,2025-12-05,2025-12-15,-0.0093922675990717,2025,2024-12-31,training_frequency,-1,0.472636815920398,0.472636815920398,0,0
annual_state_offset,3612,2025-12-12,2025-12-22,0.0082791208791208,2025,2024-12-31,training_frequency,-1,0.472636815920398,0.472636815920398,0,1
annual_state_offset,3617,2025-12-19,2025-12-29,0.0153890755001995,2025,2024-12-31,training_frequency,-1,0.472636815920398,0.472636815920398,0,1
annual_state_offset,3622,2025-12-26,2026-01-12,0.0239101640737868,2025,2024-12-31,training_frequency,-1,0.472636815920398,0.472636815920398,0,1
annual_state_offset,3384,2025-01-03,2025-01-13,-0.0189486730632231,2025,2024-12-31,native_mse,20260911,-0.002243633031677963,,0,0
annual_state_offset,3389,2025-01-10,2025-01-20,0.0353251773547418,2025,2024-12-31,native_mse,20260911,-0.0018394813791051527,,0,1
annual_state_offset,3394,2025-01-17,2025-01-27,0.000432821422053,2025,2024-12-31,native_mse,20260911,-0.0014393263633927758,,0,1
annual_state_offset,3399,2025-01-24,2025-02-10,0.0159344898044284,2025,2024-12-31,native_mse,20260911,-0.0005732481089145066,,0,1
annual_state_offset,3403,2025-02-07,2025-02-17,0.0144454990892999,2025,2024-12-31,native_mse,20260911,-0.0003493640286036611,,0,1
annual_state_offset,3408,2025-02-14,2025-02-24,0.0045695818086644,2025,2024-12-31,native_mse,20260911,-6.571465300264602e-06,,0,1
annual_state_offset,3413,2025-02-21,2025-03-03,-0.0183210488158531,2025,2024-12-31,native_mse,20260911,0.00010564573035517886,,1,0
annual_state_offset,3418,2025-02-28,2025-03-10,0.0117650075646844,2025,2024-12-31,native_mse,20260911,0.00030938900384146466,,1,1
annual_state_offset,3423,2025-03-07,2025-03-17,0.019023819058288,2025,2024-12-31,native_mse,20260911,0.0003527669941379203,,1,1
annual_state_offset,3428,2025-03-14,2025-03-24,-0.0259983485216283,2025,2024-12-31,native_mse,20260911,0.0004719065040533454,,1,0
annual_state_offset,3433,2025-03-21,2025-03-31,-0.0025867506275359,2025,2024-12-31,native_mse,20260911,0.0001374212134311476,,1,0
annual_state_offset,3438,2025-03-28,2025-04-14,-0.0342910101946246,2025,2024-12-31,native_mse,20260911,0.0003460895283123176,,1,0
annual_state_offset,3447,2025-04-11,2025-04-21,-0.0010339232881941,2025,2024-12-31,native_mse,20260911,0.000247650617921614,,1,0
annual_state_offset,3452,2025-04-18,2025-04-28,0.0048432383085554,2025,2024-12-31,native_mse,20260911,0.0005399418130639047,,1,1
annual_state_offset,3457,2025-04-25,2025-05-12,0.02116527880118,2025,2024-12-31,native_mse,20260911,0.00041859235087992534,,1,1
annual_state_offset,3464,2025-05-09,2025-05-19,0.0041484224873464,2025,2024-12-31,native_mse,20260911,-0.00023324757687195213,,0,1
annual_state_offset,3469,2025-05-16,2025-05-26,-0.0017462660042188,2025,2024-12-31,native_mse,20260911,-0.0007053097438131018,,0,0
annual_state_offset,3474,2025-05-23,2025-06-03,-0.0109216443615366,2025,2024-12-31,native_mse,20260911,-0.0004283154814639044,,0,0
annual_state_offset,3479,2025-05-30,2025-06-09,0.011566574321892,2025,2024-12-31,native_mse,20260911,-0.0007435280421209072,,0,1
annual_state_offset,3483,2025-06-06,2025-06-16,-0.0062354943524679,2025,2024-12-31,native_mse,20260911,0.00031992663879525335,,1,0
annual_state_offset,3488,2025-06-13,2025-06-23,-0.005825691168304,2025,2024-12-31,native_mse,20260911,-0.00012583521126832513,,0,0
annual_state_offset,3493,2025-06-20,2025-06-30,0.0232670437490374,2025,2024-12-31,native_mse,20260911,0.0004804870845920942,,1,1
annual_state_offset,3498,2025-06-27,2025-07-07,0.0145345648685946,2025,2024-12-31,native_mse,20260911,0.0003559800730399111,,1,1
annual_state_offset,3503,2025-07-04,2025-07-14,0.0110426949002964,2025,2024-12-31,native_mse,20260911,0.0001003436982822433,,1,1
annual_state_offset,3508,2025-07-11,2025-07-21,0.0120759671840067,2025,2024-12-31,native_mse,20260911,0.00011930674045287023,,1,1
annual_state_offset,3513,2025-07-18,2025-07-28,0.0143570766898375,2025,2024-12-31,native_mse,20260911,-0.00014021210404791933,,0,1
annual_state_offset,3518,2025-07-25,2025-08-04,-0.0218642507630443,2025,2024-12-31,native_mse,20260911,-0.0010675431152552786,,0,0
annual_state_offset,3523,2025-08-01,2025-08-11,0.0179175520190988,2025,2024-12-31,native_mse,20260911,-0.0011114652147751107,,0,1
annual_state_offset,3528,2025-08-08,2025-08-18,0.026265786598999,2025,2024-12-31,native_mse,20260911,-0.0011821175732785794,,0,1
annual_state_offset,3533,2025-08-15,2025-08-25,0.0469483790671487,2025,2024-12-31,native_mse,20260911,-0.001692750035902398,,0,1
annual_state_offset,3538,2025-08-22,2025-09-01,0.0227770368340847,2025,2024-12-31,native_mse,20260911,-0.0020785336587941633,,0,1
annual_state_offset,3543,2025-08-29,2025-09-08,-0.0110053842475337,2025,2024-12-31,native_mse,20260911,-0.0022958519339049935,,0,0
annual_state_offset,3548,2025-09-05,2025-09-15,0.0151594857594405,2025,2024-12-31,native_mse,20260911,-0.002811169444921857,,0,1
annual_state_offset,3553,2025-09-12,2025-09-22,-0.0050409160971932,2025,2024-12-31,native_mse,20260911,-0.0028821755195373713,,0,0
annual_state_offset,3558,2025-09-19,2025-09-29,0.0095300784790881,2025,2024-12-31,native_mse,20260911,-0.0027270038017814854,,0,1
annual_state_offset,3563,2025-09-26,2025-10-13,-0.0140855274279203,2025,2024-12-31,native_mse,20260911,-0.002671446424452231,,0,0
annual_state_offset,3567,2025-10-10,2025-10-20,0.015001547584321,2025,2024-12-31,native_mse,20260911,-0.002875353278749809,,0,1
annual_state_offset,3572,2025-10-17,2025-10-27,0.0309637052897611,2025,2024-12-31,native_mse,20260911,-0.0026759293493526775,,0,1
annual_state_offset,3577,2025-10-24,2025-11-03,-0.013331545863497,2025,2024-12-31,native_mse,20260911,-0.0024118634853773644,,0,0
annual_state_offset,3582,2025-10-31,2025-11-10,0.0110832418536339,2025,2024-12-31,native_mse,20260911,-0.0024513790865101073,,0,1
annual_state_offset,3587,2025-11-07,2025-11-17,-0.0152107881197579,2025,2024-12-31,native_mse,20260911,-0.0023441841984512364,,0,0
annual_state_offset,3592,2025-11-14,2025-11-24,-0.031114557454173,2025,2024-12-31,native_mse,20260911,-0.0023326617843834286,,0,0
annual_state_offset,3597,2025-11-21,2025-12-01,0.0147613767448515,2025,2024-12-31,native_mse,20260911,-0.0021695162719280723,,0,1
annual_state_offset,3602,2025-11-28,2025-12-08,0.0118853804313106,2025,2024-12-31,native_mse,20260911,-0.0021230276394656705,,0,1
annual_state_offset,3607,2025-12-05,2025-12-15,-0.0093922675990717,2025,2024-12-31,native_mse,20260911,-0.0018508009821854902,,0,0
annual_state_offset,3612,2025-12-12,2025-12-22,0.0082791208791208,2025,2024-12-31,native_mse,20260911,-0.0014574936445709685,,0,1
annual_state_offset,3617,2025-12-19,2025-12-29,0.0153890755001995,2025,2024-12-31,native_mse,20260911,-0.001196551069802699,,0,1
annual_state_offset,3622,2025-12-26,2026-01-12,0.0239101640737868,2025,2024-12-31,native_mse,20260911,-0.0009424910062058391,,0,1
annual_state_offset,3384,2025-01-03,2025-01-13,-0.0189486730632231,2025,2024-12-31,native_mse,20260912,-0.003930728949605344,,0,0
annual_state_offset,3389,2025-01-10,2025-01-20,0.0353251773547418,2025,2024-12-31,native_mse,20260912,0.004608697114816542,,1,1
annual_state_offset,3394,2025-01-17,2025-01-27,0.000432821422053,2025,2024-12-31,native_mse,20260912,-0.0013781107886780553,,0,1
annual_state_offset,3399,2025-01-24,2025-02-10,0.0159344898044284,2025,2024-12-31,native_mse,20260912,0.008065382377116114,,1,1
annual_state_offset,3403,2025-02-07,2025-02-17,0.0144454990892999,2025,2024-12-31,native_mse,20260912,0.0020560919017093573,,1,1
annual_state_offset,3408,2025-02-14,2025-02-24,0.0045695818086644,2025,2024-12-31,native_mse,20260912,0.0004574229206631815,,1,1
annual_state_offset,3413,2025-02-21,2025-03-03,-0.0183210488158531,2025,2024-12-31,native_mse,20260912,-0.004487069050516085,,0,0
annual_state_offset,3418,2025-02-28,2025-03-10,0.0117650075646844,2025,2024-12-31,native_mse,20260912,0.007907777385840498,,1,1
annual_state_offset,3423,2025-03-07,2025-03-17,0.019023819058288,2025,2024-12-31,native_mse,20260912,-0.007080334543719193,,0,1
annual_state_offset,3428,2025-03-14,2025-03-24,-0.0259983485216283,2025,2024-12-31,native_mse,20260912,0.005416181842733637,,1,0
annual_state_offset,3433,2025-03-21,2025-03-31,-0.0025867506275359,2025,2024-12-31,native_mse,20260912,0.0028174386195491687,,1,0
annual_state_offset,3438,2025-03-28,2025-04-14,-0.0342910101946246,2025,2024-12-31,native_mse,20260912,0.0006099430279859906,,1,0
annual_state_offset,3447,2025-04-11,2025-04-21,-0.0010339232881941,2025,2024-12-31,native_mse,20260912,-0.0038314464400373087,,0,0
annual_state_offset,3452,2025-04-18,2025-04-28,0.0048432383085554,2025,2024-12-31,native_mse,20260912,-0.002239070357372274,,0,1
annual_state_offset,3457,2025-04-25,2025-05-12,0.02116527880118,2025,2024-12-31,native_mse,20260912,-0.0030291142570267483,,0,1
annual_state_offset,3464,2025-05-09,2025-05-19,0.0041484224873464,2025,2024-12-31,native_mse,20260912,-0.006797100864360832,,0,1
annual_state_offset,3469,2025-05-16,2025-05-26,-0.0017462660042188,2025,2024-12-31,native_mse,20260912,0.0011635229802106158,,1,0
annual_state_offset,3474,2025-05-23,2025-06-03,-0.0109216443615366,2025,2024-12-31,native_mse,20260912,-0.0015437185640202761,,0,0
annual_state_offset,3479,2025-05-30,2025-06-09,0.011566574321892,2025,2024-12-31,native_mse,20260912,-0.007042284452490261,,0,1
annual_state_offset,3483,2025-06-06,2025-06-16,-0.0062354943524679,2025,2024-12-31,native_mse,20260912,0.00028466611619904517,,1,0
annual_state_offset,3488,2025-06-13,2025-06-23,-0.005825691168304,2025,2024-12-31,native_mse,20260912,-0.006674179072757184,,0,0
annual_state_offset,3493,2025-06-20,2025-06-30,0.0232670437490374,2025,2024-12-31,native_mse,20260912,-0.0026285119113171485,,0,1
annual_state_offset,3498,2025-06-27,2025-07-07,0.0145345648685946,2025,2024-12-31,native_mse,20260912,-0.001664357643481335,,0,1
annual_state_offset,3503,2025-07-04,2025-07-14,0.0110426949002964,2025,2024-12-31,native_mse,20260912,0.0037107408116209707,,1,1
annual_state_offset,3508,2025-07-11,2025-07-21,0.0120759671840067,2025,2024-12-31,native_mse,20260912,0.002218014475368515,,1,1
annual_state_offset,3513,2025-07-18,2025-07-28,0.0143570766898375,2025,2024-12-31,native_mse,20260912,0.009911597608358887,,1,1
annual_state_offset,3518,2025-07-25,2025-08-04,-0.0218642507630443,2025,2024-12-31,native_mse,20260912,-0.0013540938427923275,,0,0
annual_state_offset,3523,2025-08-01,2025-08-11,0.0179175520190988,2025,2024-12-31,native_mse,20260912,0.002501110312004882,,1,1
annual_state_offset,3528,2025-08-08,2025-08-18,0.026265786598999,2025,2024-12-31,native_mse,20260912,-0.006121881900028309,,0,1
annual_state_offset,3533,2025-08-15,2025-08-25,0.0469483790671487,2025,2024-12-31,native_mse,20260912,-0.0031833828356847573,,0,1
annual_state_offset,3538,2025-08-22,2025-09-01,0.0227770368340847,2025,2024-12-31,native_mse,20260912,-0.005229739970136804,,0,1
annual_state_offset,3543,2025-08-29,2025-09-08,-0.0110053842475337,2025,2024-12-31,native_mse,20260912,0.0017396293034999204,,1,0
annual_state_offset,3548,2025-09-05,2025-09-15,0.0151594857594405,2025,2024-12-31,native_mse,20260912,-0.006315423164964012,,0,1
annual_state_offset,3553,2025-09-12,2025-09-22,-0.0050409160971932,2025,2024-12-31,native_mse,20260912,0.0036445584301978444,,1,0
annual_state_offset,3558,2025-09-19,2025-09-29,0.0095300784790881,2025,2024-12-31,native_mse,20260912,-0.007907179585583714,,0,1
annual_state_offset,3563,2025-09-26,2025-10-13,-0.0140855274279203,2025,2024-12-31,native_mse,20260912,-0.0016751946251609804,,0,0
annual_state_offset,3567,2025-10-10,2025-10-20,0.015001547584321,2025,2024-12-31,native_mse,20260912,-0.006402638764524997,,0,1
annual_state_offset,3572,2025-10-17,2025-10-27,0.0309637052897611,2025,2024-12-31,native_mse,20260912,-0.00870396964325983,,0,1
annual_state_offset,3577,2025-10-24,2025-11-03,-0.013331545863497,2025,2024-12-31,native_mse,20260912,-0.005475122015119508,,0,0
annual_state_offset,3582,2025-10-31,2025-11-10,0.0110832418536339,2025,2024-12-31,native_mse,20260912,-0.006949842516906396,,0,1
annual_state_offset,3587,2025-11-07,2025-11-17,-0.0152107881197579,2025,2024-12-31,native_mse,20260912,0.005808210669049744,,1,0
annual_state_offset,3592,2025-11-14,2025-11-24,-0.031114557454173,2025,2024-12-31,native_mse,20260912,-0.005729952989633713,,0,0
annual_state_offset,3597,2025-11-21,2025-12-01,0.0147613767448515,2025,2024-12-31,native_mse,20260912,-0.0015450315646448089,,0,1
annual_state_offset,3602,2025-11-28,2025-12-08,0.0118853804313106,2025,2024-12-31,native_mse,20260912,-0.0032204954130721736,,0,1
annual_state_offset,3607,2025-12-05,2025-12-15,-0.0093922675990717,2025,2024-12-31,native_mse,20260912,-0.0047114270439592345,,0,0
annual_state_offset,3612,2025-12-12,2025-12-22,0.0082791208791208,2025,2024-12-31,native_mse,20260912,0.0035042182684974187,,1,1
annual_state_offset,3617,2025-12-19,2025-12-29,0.0153890755001995,2025,2024-12-31,native_mse,20260912,-0.0005370407904008248,,0,1
annual_state_offset,3622,2025-12-26,2026-01-12,0.0239101640737868,2025,2024-12-31,native_mse,20260912,0.002315041428841435,,1,1
annual_state_offset,3630,2026-01-09,2026-01-19,-0.0103697336282536,2026,2025-12-31,native_mse,20260910,-0.002855102612462861,,0,0
annual_state_offset,3635,2026-01-16,2026-01-26,-0.0010190267764643,2026,2025-12-31,native_mse,20260910,-0.00015744638603756636,,0,0
annual_state_offset,3640,2026-01-23,2026-02-02,-0.0087161586128796,2026,2025-12-31,native_mse,20260910,-0.006105688647517694,,0,0
annual_state_offset,3645,2026-01-30,2026-02-09,0.0041482324550519,2026,2025-12-31,native_mse,20260910,-0.0019649521887390433,,0,1
annual_state_offset,3650,2026-02-06,2026-02-24,0.0071649689901505,2026,2025-12-31,native_mse,20260910,0.0047027542719540035,,1,1
annual_state_offset,3655,2026-02-13,2026-03-02,-0.0097920588919678,2026,2025-12-31,native_mse,20260910,0.0004179826835146159,,1,0
annual_state_offset,3659,2026-02-27,2026-03-09,-0.0172526869201304,2026,2025-12-31,native_mse,20260910,0.0022625269962182996,,1,0
annual_state_offset,3664,2026-03-06,2026-03-16,0.0149926634422041,2026,2025-12-31,native_mse,20260910,-0.003806878947664824,,0,1
annual_state_offset,3669,2026-03-13,2026-03-23,-0.0364343509194254,2026,2025-12-31,native_mse,20260910,-0.006468904470141985,,0,0
annual_state_offset,3674,2026-03-20,2026-03-30,-0.0083038829988221,2026,2025-12-31,native_mse,20260910,-0.006677801015318794,,0,0
annual_state_offset,3679,2026-03-27,2026-04-07,-0.0035591495694504,2026,2025-12-31,native_mse,20260910,-0.0012459609623288559,,0,0
annual_state_offset,3684,2026-04-03,2026-04-13,0.0380736235508991,2026,2025-12-31,native_mse,20260910,-0.0002708764126667155,,0,1
annual_state_offset,3688,2026-04-10,2026-04-20,0.0242766725964382,2026,2025-12-31,native_mse,20260910,-0.0014516073248232214,,0,1
annual_state_offset,3693,2026-04-17,2026-04-27,0.010401572188011,2026,2025-12-31,native_mse,20260910,-0.00019243492513075974,,0,1
annual_state_offset,3698,2026-04-24,2026-05-11,0.0263674696524953,2026,2025-12-31,native_mse,20260910,0.00044530537803680217,,1,1
annual_state_offset,3705,2026-05-08,2026-05-18,-0.0134529239455926,2026,2025-12-31,native_mse,20260910,0.00821158666179363,,1,0
annual_state_offset,3710,2026-05-15,2026-05-25,0.0076235492615268,2026,2025-12-31,native_mse,20260910,0.009209478129531542,,1,1
annual_state_offset,3715,2026-05-22,2026-06-01,0.005068538126898,2026,2025-12-31,native_mse,20260910,-0.0037899662548005076,,0,1
annual_state_offset,3720,2026-05-29,2026-06-08,-0.039635353927193,2026,2025-12-31,native_mse,20260910,-0.005878390043911763,,0,0
annual_state_offset,3725,2026-06-05,2026-06-15,0.0266849782195981,2026,2025-12-31,native_mse,20260910,-0.005079831260852612,,0,1
annual_state_offset,3730,2026-06-12,2026-06-29,0.0076098142791176,2026,2025-12-31,native_mse,20260910,-0.0013875397965599067,,0,1
annual_state_offset,3739,2026-06-26,2026-07-06,0.0005137647861506,2026,2025-12-31,native_mse,20260910,-0.002031043716013942,,0,1
annual_state_offset,3744,2026-07-03,2026-07-13,-0.0252847876365399,2026,2025-12-31,native_mse,20260910,-0.003966417206833292,,0,0
annual_state_offset,3749,2026-07-10,2026-07-20,-0.035775397012711,2026,2025-12-31,native_mse,20260910,-0.000224192482655729,,0,0
annual_state_offset,3754,2026-07-17,2026-07-27,0.01756245533441,2026,2025-12-31,native_mse,20260910,-0.001279240964054163,,0,1
annual_state_offset,3759,2026-07-24,2026-08-03,-0.0202339761556519,2026,2025-12-31,native_mse,20260910,-0.0020989123929827714,,0,0
annual_state_offset,3764,2026-07-31,2026-08-10,0.0300318732435738,2026,2025-12-31,native_mse,20260910,-0.005698998401180227,,0,1
annual_state_offset,3769,2026-08-07,2026-08-17,-0.0056482265760339,2026,2025-12-31,native_mse,20260910,-0.000843785639629233,,0,0
annual_state_offset,3774,2026-08-14,2026-08-24,-0.0109860710402629,2026,2025-12-31,native_mse,20260910,0.001103287661206875,,1,0
annual_state_offset,3779,2026-08-21,2026-08-31,-0.0127592811002066,2026,2025-12-31,native_mse,20260910,0.005195736341319573,,1,0
annual_state_offset,3630,2026-01-09,2026-01-19,-0.0103697336282536,2026,2025-12-31,training_frequency,-1,0.4792703150912106,0.4792703150912106,0,0
annual_state_offset,3635,2026-01-16,2026-01-26,-0.0010190267764643,2026,2025-12-31,training_frequency,-1,0.4792703150912106,0.4792703150912106,0,0
annual_state_offset,3640,2026-01-23,2026-02-02,-0.0087161586128796,2026,2025-12-31,training_frequency,-1,0.4792703150912106,0.4792703150912106,0,0
annual_state_offset,3645,2026-01-30,2026-02-09,0.0041482324550519,2026,2025-12-31,training_frequency,-1,0.4792703150912106,0.4792703150912106,0,1
annual_state_offset,3650,2026-02-06,2026-02-24,0.0071649689901505,2026,2025-12-31,training_frequency,-1,0.4792703150912106,0.4792703150912106,0,1
annual_state_offset,3655,2026-02-13,2026-03-02,-0.0097920588919678,2026,2025-12-31,training_frequency,-1,0.4792703150912106,0.4792703150912106,0,0
annual_state_offset,3659,2026-02-27,2026-03-09,-0.0172526869201304,2026,2025-12-31,training_frequency,-1,0.4792703150912106,0.4792703150912106,0,0
annual_state_offset,3664,2026-03-06,2026-03-16,0.0149926634422041,2026,2025-12-31,training_frequency,-1,0.4792703150912106,0.4792703150912106,0,1
annual_state_offset,3669,2026-03-13,2026-03-23,-0.0364343509194254,2026,2025-12-31,training_frequency,-1,0.4792703150912106,0.4792703150912106,0,0
annual_state_offset,3674,2026-03-20,2026-03-30,-0.0083038829988221,2026,2025-12-31,training_frequency,-1,0.4792703150912106,0.4792703150912106,0,0
annual_state_offset,3679,2026-03-27,2026-04-07,-0.0035591495694504,2026,2025-12-31,training_frequency,-1,0.4792703150912106,0.4792703150912106,0,0
annual_state_offset,3684,2026-04-03,2026-04-13,0.0380736235508991,2026,2025-12-31,training_frequency,-1,0.4792703150912106,0.4792703150912106,0,1
annual_state_offset,3688,2026-04-10,2026-04-20,0.0242766725964382,2026,2025-12-31,training_frequency,-1,0.4792703150912106,0.4792703150912106,0,1
annual_state_offset,3693,2026-04-17,2026-04-27,0.010401572188011,2026,2025-12-31,training_frequency,-1,0.4792703150912106,0.4792703150912106,0,1
annual_state_offset,3698,2026-04-24,2026-05-11,0.0263674696524953,2026,2025-12-31,training_frequency,-1,0.4792703150912106,0.4792703150912106,0,1
annual_state_offset,3705,2026-05-08,2026-05-18,-0.0134529239455926,2026,2025-12-31,training_frequency,-1,0.4792703150912106,0.4792703150912106,0,0
annual_state_offset,3710,2026-05-15,2026-05-25,0.0076235492615268,2026,2025-12-31,training_frequency,-1,0.4792703150912106,0.4792703150912106,0,1
annual_state_offset,3715,2026-05-22,2026-06-01,0.005068538126898,2026,2025-12-31,training_frequency,-1,0.4792703150912106,0.4792703150912106,0,1
annual_state_offset,3720,2026-05-29,2026-06-08,-0.039635353927193,2026,2025-12-31,training_frequency,-1,0.4792703150912106,0.4792703150912106,0,0
annual_state_offset,3725,2026-06-05,2026-06-15,0.0266849782195981,2026,2025-12-31,training_frequency,-1,0.4792703150912106,0.4792703150912106,0,1
annual_state_offset,3730,2026-06-12,2026-06-29,0.0076098142791176,2026,2025-12-31,training_frequency,-1,0.4792703150912106,0.4792703150912106,0,1
annual_state_offset,3739,2026-06-26,2026-07-06,0.0005137647861506,2026,2025-12-31,training_frequency,-1,0.4792703150912106,0.4792703150912106,0,1
annual_state_offset,3744,2026-07-03,2026-07-13,-0.0252847876365399,2026,2025-12-31,training_frequency,-1,0.4792703150912106,0.4792703150912106,0,0
annual_state_offset,3749,2026-07-10,2026-07-20,-0.035775397012711,2026,2025-12-31,training_frequency,-1,0.4792703150912106,0.4792703150912106,0,0
annual_state_offset,3754,2026-07-17,2026-07-27,0.01756245533441,2026,2025-12-31,training_frequency,-1,0.4792703150912106,0.4792703150912106,0,1
annual_state_offset,3759,2026-07-24,2026-08-03,-0.0202339761556519,2026,2025-12-31,training_frequency,-1,0.4792703150912106,0.4792703150912106,0,0
annual_state_offset,3764,2026-07-31,2026-08-10,0.0300318732435738,2026,2025-12-31,training_frequency,-1,0.4792703150912106,0.4792703150912106,0,1
annual_state_offset,3769,2026-08-07,2026-08-17,-0.0056482265760339,2026,2025-12-31,training_frequency,-1,0.4792703150912106,0.4792703150912106,0,0
annual_state_offset,3774,2026-08-14,2026-08-24,-0.0109860710402629,2026,2025-12-31,training_frequency,-1,0.4792703150912106,0.4792703150912106,0,0
annual_state_offset,3779,2026-08-21,2026-08-31,-0.0127592811002066,2026,2025-12-31,training_frequency,-1,0.4792703150912106,0.4792703150912106,0,0
annual_state_offset,3630,2026-01-09,2026-01-19,-0.0103697336282536,2026,2025-12-31,native_mse,20260911,-0.0030890692487675277,,0,0
annual_state_offset,3635,2026-01-16,2026-01-26,-0.0010190267764643,2026,2025-12-31,native_mse,20260911,-0.0029844245717806552,,0,0
annual_state_offset,3640,2026-01-23,2026-02-02,-0.0087161586128796,2026,2025-12-31,native_mse,20260911,-0.0018485669736654138,,0,0
annual_state_offset,3645,2026-01-30,2026-02-09,0.0041482324550519,2026,2025-12-31,native_mse,20260911,-0.002659061252019485,,0,1
annual_state_offset,3650,2026-02-06,2026-02-24,0.0071649689901505,2026,2025-12-31,native_mse,20260911,-0.0015567976959256278,,0,1
annual_state_offset,3655,2026-02-13,2026-03-02,-0.0097920588919678,2026,2025-12-31,native_mse,20260911,-0.0015389707922718095,,0,0
annual_state_offset,3659,2026-02-27,2026-03-09,-0.0172526869201304,2026,2025-12-31,native_mse,20260911,-0.0019681718770543553,,0,0
annual_state_offset,3664,2026-03-06,2026-03-16,0.0149926634422041,2026,2025-12-31,native_mse,20260911,0.00014521785716820214,,1,1
annual_state_offset,3669,2026-03-13,2026-03-23,-0.0364343509194254,2026,2025-12-31,native_mse,20260911,-0.0022671453715006956,,0,0
annual_state_offset,3674,2026-03-20,2026-03-30,-0.0083038829988221,2026,2025-12-31,native_mse,20260911,-0.001986856137592856,,0,0
annual_state_offset,3679,2026-03-27,2026-04-07,-0.0035591495694504,2026,2025-12-31,native_mse,20260911,-0.002218520604235266,,0,0
annual_state_offset,3684,2026-04-03,2026-04-13,0.0380736235508991,2026,2025-12-31,native_mse,20260911,-0.002090390096021022,,0,1
annual_state_offset,3688,2026-04-10,2026-04-20,0.0242766725964382,2026,2025-12-31,native_mse,20260911,-0.0024408235069100508,,0,1
annual_state_offset,3693,2026-04-17,2026-04-27,0.010401572188011,2026,2025-12-31,native_mse,20260911,-0.0029629470272129906,,0,1
annual_state_offset,3698,2026-04-24,2026-05-11,0.0263674696524953,2026,2025-12-31,native_mse,20260911,-0.003359926419865766,,0,1
annual_state_offset,3705,2026-05-08,2026-05-18,-0.0134529239455926,2026,2025-12-31,native_mse,20260911,-0.002535154678821143,,0,0
annual_state_offset,3710,2026-05-15,2026-05-25,0.0076235492615268,2026,2025-12-31,native_mse,20260911,-0.002260058894062486,,0,1
annual_state_offset,3715,2026-05-22,2026-06-01,0.005068538126898,2026,2025-12-31,native_mse,20260911,-0.0015057276938992676,,0,1
annual_state_offset,3720,2026-05-29,2026-06-08,-0.039635353927193,2026,2025-12-31,native_mse,20260911,-0.002635162144589442,,0,0
annual_state_offset,3725,2026-06-05,2026-06-15,0.0266849782195981,2026,2025-12-31,native_mse,20260911,-0.003913781241526722,,0,1
annual_state_offset,3730,2026-06-12,2026-06-29,0.0076098142791176,2026,2025-12-31,native_mse,20260911,-0.0036857925348870147,,0,1
annual_state_offset,3739,2026-06-26,2026-07-06,0.0005137647861506,2026,2025-12-31,native_mse,20260911,-0.0021369319429553274,,0,1
annual_state_offset,3744,2026-07-03,2026-07-13,-0.0252847876365399,2026,2025-12-31,native_mse,20260911,-0.0022933277317483012,,0,0
annual_state_offset,3749,2026-07-10,2026-07-20,-0.035775397012711,2026,2025-12-31,native_mse,20260911,-0.0023056933526758674,,0,0
annual_state_offset,3754,2026-07-17,2026-07-27,0.01756245533441,2026,2025-12-31,native_mse,20260911,-0.0024493044555773855,,0,1
annual_state_offset,3759,2026-07-24,2026-08-03,-0.0202339761556519,2026,2025-12-31,native_mse,20260911,-0.0026633393533010696,,0,0
annual_state_offset,3764,2026-07-31,2026-08-10,0.0300318732435738,2026,2025-12-31,native_mse,20260911,-0.0024432171596736993,,0,1
annual_state_offset,3769,2026-08-07,2026-08-17,-0.0056482265760339,2026,2025-12-31,native_mse,20260911,-0.0034017483589926685,,0,0
annual_state_offset,3774,2026-08-14,2026-08-24,-0.0109860710402629,2026,2025-12-31,native_mse,20260911,-0.002813706354026954,,0,0
annual_state_offset,3779,2026-08-21,2026-08-31,-0.0127592811002066,2026,2025-12-31,native_mse,20260911,-0.0019809857134933735,,0,0
annual_state_offset,3630,2026-01-09,2026-01-19,-0.0103697336282536,2026,2025-12-31,native_mse,20260912,-0.0012654744629118373,,0,0
annual_state_offset,3635,2026-01-16,2026-01-26,-0.0010190267764643,2026,2025-12-31,native_mse,20260912,-0.0009824454910161004,,0,0
annual_state_offset,3640,2026-01-23,2026-02-02,-0.0087161586128796,2026,2025-12-31,native_mse,20260912,-0.0014318861524315442,,0,0
annual_state_offset,3645,2026-01-30,2026-02-09,0.0041482324550519,2026,2025-12-31,native_mse,20260912,-0.0015519331724585116,,0,1
annual_state_offset,3650,2026-02-06,2026-02-24,0.0071649689901505,2026,2025-12-31,native_mse,20260912,-0.0016869022750859507,,0,1
annual_state_offset,3655,2026-02-13,2026-03-02,-0.0097920588919678,2026,2025-12-31,native_mse,20260912,-0.0011765097827620523,,0,0
annual_state_offset,3659,2026-02-27,2026-03-09,-0.0172526869201304,2026,2025-12-31,native_mse,20260912,-0.0007085124719817442,,0,0
annual_state_offset,3664,2026-03-06,2026-03-16,0.0149926634422041,2026,2025-12-31,native_mse,20260912,-0.0009899154221996353,,0,1
annual_state_offset,3669,2026-03-13,2026-03-23,-0.0364343509194254,2026,2025-12-31,native_mse,20260912,-0.0011266305599294578,,0,0
annual_state_offset,3674,2026-03-20,2026-03-30,-0.0083038829988221,2026,2025-12-31,native_mse,20260912,-0.001524311581453077,,0,0
annual_state_offset,3679,2026-03-27,2026-04-07,-0.0035591495694504,2026,2025-12-31,native_mse,20260912,-0.0019205134194293897,,0,0
annual_state_offset,3684,2026-04-03,2026-04-13,0.0380736235508991,2026,2025-12-31,native_mse,20260912,-0.0011376256916386593,,0,1
annual_state_offset,3688,2026-04-10,2026-04-20,0.0242766725964382,2026,2025-12-31,native_mse,20260912,-0.0013216896399536517,,0,1
annual_state_offset,3693,2026-04-17,2026-04-27,0.010401572188011,2026,2025-12-31,native_mse,20260912,-0.0015028502660909705,,0,1
annual_state_offset,3698,2026-04-24,2026-05-11,0.0263674696524953,2026,2025-12-31,native_mse,20260912,-0.0012568015547876838,,0,1
annual_state_offset,3705,2026-05-08,2026-05-18,-0.0134529239455926,2026,2025-12-31,native_mse,20260912,-0.0004371239494575972,,0,0
annual_state_offset,3710,2026-05-15,2026-05-25,0.0076235492615268,2026,2025-12-31,native_mse,20260912,6.163719011948235e-05,,1,1
annual_state_offset,3715,2026-05-22,2026-06-01,0.005068538126898,2026,2025-12-31,native_mse,20260912,7.730204085298746e-06,,1,1
annual_state_offset,3720,2026-05-29,2026-06-08,-0.039635353927193,2026,2025-12-31,native_mse,20260912,-0.00019569943758148556,,0,0
annual_state_offset,3725,2026-06-05,2026-06-15,0.0266849782195981,2026,2025-12-31,native_mse,20260912,-0.00010540438898025962,,0,1
annual_state_offset,3730,2026-06-12,2026-06-29,0.0076098142791176,2026,2025-12-31,native_mse,20260912,-0.0007095936265099443,,0,1
annual_state_offset,3739,2026-06-26,2026-07-06,0.0005137647861506,2026,2025-12-31,native_mse,20260912,-0.00033128119271872585,,0,1
annual_state_offset,3744,2026-07-03,2026-07-13,-0.0252847876365399,2026,2025-12-31,native_mse,20260912,-0.0011443460816151978,,0,0
annual_state_offset,3749,2026-07-10,2026-07-20,-0.035775397012711,2026,2025-12-31,native_mse,20260912,-0.0017039989678604111,,0,0
annual_state_offset,3754,2026-07-17,2026-07-27,0.01756245533441,2026,2025-12-31,native_mse,20260912,-0.0017003094595498154,,0,1
annual_state_offset,3759,2026-07-24,2026-08-03,-0.0202339761556519,2026,2025-12-31,native_mse,20260912,-0.0018633248001663242,,0,0
annual_state_offset,3764,2026-07-31,2026-08-10,0.0300318732435738,2026,2025-12-31,native_mse,20260912,-0.0013665112944695823,,0,1
annual_state_offset,3769,2026-08-07,2026-08-17,-0.0056482265760339,2026,2025-12-31,native_mse,20260912,-0.0010726869031266657,,0,0
annual_state_offset,3774,2026-08-14,2026-08-24,-0.0109860710402629,2026,2025-12-31,native_mse,20260912,-0.0012030503226100222,,0,0
annual_state_offset,3779,2026-08-21,2026-08-31,-0.0127592811002066,2026,2025-12-31,native_mse,20260912,-0.0005090624873602664,,0,0
annual_shared_offset,2418,2021-01-08,2021-01-18,-0.0120052904669853,2021,2020-12-31,native_mse,20260910,-0.00016719672473286887,,0,0
annual_shared_offset,2423,2021-01-15,2021-01-25,0.0231622460538123,2021,2020-12-31,native_mse,20260910,-0.0024576018862454926,,0,1
annual_shared_offset,2428,2021-01-22,2021-02-01,-0.0372511735907923,2021,2020-12-31,native_mse,20260910,-0.003647746896638798,,0,0
annual_shared_offset,2433,2021-01-29,2021-02-08,0.0278689901714626,2021,2020-12-31,native_mse,20260910,-0.0025472735860022446,,0,1
annual_shared_offset,2438,2021-02-05,2021-02-22,0.0507379035040882,2021,2020-12-31,native_mse,20260910,-0.0030793775400414984,,0,1
annual_shared_offset,2443,2021-02-19,2021-03-01,-0.0684918010685315,2021,2020-12-31,native_mse,20260910,-0.0023490676188242655,,0,0
annual_shared_offset,2448,2021-02-26,2021-03-08,-0.0165997123904068,2021,2020-12-31,native_mse,20260910,-0.0023665663755005908,,0,0
annual_shared_offset,2453,2021-03-05,2021-03-15,-0.0346560901469681,2021,2020-12-31,native_mse,20260910,-0.0014253865572098575,,0,0
annual_shared_offset,2458,2021-03-12,2021-03-22,-0.0210550182560221,2021,2020-12-31,native_mse,20260910,-0.0005000901973691782,,0,0
annual_shared_offset,2463,2021-03-19,2021-03-29,0.0087572877565691,2021,2020-12-31,native_mse,20260910,0.006023340982564988,,1,1
annual_shared_offset,2468,2021-03-26,2021-04-06,0.0250145479448802,2021,2020-12-31,native_mse,20260910,0.005598392317839315,,1,1
annual_shared_offset,2473,2021-04-02,2021-04-12,-0.0292856811827044,2021,2020-12-31,native_mse,20260910,0.0036485752776130036,,1,0
annual_shared_offset,2477,2021-04-09,2021-04-19,-0.0120489836840408,2021,2020-12-31,native_mse,20260910,0.007350243400305611,,1,0
annual_shared_offset,2482,2021-04-16,2021-04-26,0.0382932540809155,2021,2020-12-31,native_mse,20260910,0.002900059176571625,,1,1
annual_shared_offset,2487,2021-04-23,2021-05-06,-0.0112070185917437,2021,2020-12-31,native_mse,20260910,0.007596625467989239,,1,0
annual_shared_offset,2492,2021-04-30,2021-05-12,-0.0190946889464188,2021,2020-12-31,native_mse,20260910,0.007105998256782256,,1,0
annual_shared_offset,2494,2021-05-07,2021-05-17,0.0227674429764228,2021,2020-12-31,native_mse,20260910,0.0072995237328683515,,1,1
annual_shared_offset,2499,2021-05-14,2021-05-24,0.0045940519733895,2021,2020-12-31,native_mse,20260910,0.006906583839110419,,1,1
annual_shared_offset,2504,2021-05-21,2021-05-31,0.0348855085126711,2021,2020-12-31,native_mse,20260910,0.0039949465805707365,,1,1
annual_shared_offset,2509,2021-05-28,2021-06-07,-0.0062409741861724,2021,2020-12-31,native_mse,20260910,0.004302626766656515,,1,0
annual_shared_offset,2514,2021-06-04,2021-06-15,-0.0125508761771767,2021,2020-12-31,native_mse,20260910,0.0018010688105476373,,1,0
annual_shared_offset,2519,2021-06-11,2021-06-21,-0.0250011497424577,2021,2020-12-31,native_mse,20260910,-0.0027939130847951473,,0,0
annual_shared_offset,2523,2021-06-18,2021-06-28,0.0325308711127356,2021,2020-12-31,native_mse,20260910,-0.0024054667576293687,,0,1
annual_shared_offset,2528,2021-06-25,2021-07-05,-0.0342297962734196,2021,2020-12-31,native_mse,20260910,-0.0021641013171994155,,0,0
annual_shared_offset,2533,2021-07-02,2021-07-12,0.0068193733271841,2021,2020-12-31,native_mse,20260910,-0.002740282150259048,,0,1
annual_shared_offset,2538,2021-07-09,2021-07-19,-0.0048254045313779,2021,2020-12-31,native_mse,20260910,-0.0025804416168060183,,0,0
annual_shared_offset,2543,2021-07-16,2021-07-26,-0.0032299118953994,2021,2020-12-31,native_mse,20260910,-0.0035112489700114967,,0,0
annual_shared_offset,2548,2021-07-23,2021-08-02,-0.0537740931579083,2021,2020-12-31,native_mse,20260910,-0.002252148085559406,,0,0
annual_shared_offset,2553,2021-07-30,2021-08-09,0.019904813945049,2021,2020-12-31,native_mse,20260910,-0.0013935392955686378,,0,1
annual_shared_offset,2558,2021-08-06,2021-08-16,0.0093369268709639,2021,2020-12-31,native_mse,20260910,-0.0008547058545780883,,0,1
annual_shared_offset,2563,2021-08-13,2021-08-23,-0.032048736608373,2021,2020-12-31,native_mse,20260910,-0.0010996712313164061,,0,0
annual_shared_offset,2568,2021-08-20,2021-08-30,0.0145047962107527,2021,2020-12-31,native_mse,20260910,0.0014984460902095808,,1,1
annual_shared_offset,2573,2021-08-27,2021-09-06,-0.0012316820816045,2021,2020-12-31,native_mse,20260910,0.006590900742918945,,1,0
annual_shared_offset,2578,2021-09-03,2021-09-13,0.0342301066295398,2021,2020-12-31,native_mse,20260910,0.009486980636077728,,1,1
annual_shared_offset,2583,2021-09-10,2021-09-22,-0.0471441667981554,2021,2020-12-31,native_mse,20260910,0.009371153033789907,,1,0
annual_shared_offset,2588,2021-09-17,2021-09-28,0.0209863060789441,2021,2020-12-31,native_mse,20260910,0.009603132896707183,,1,1
annual_shared_offset,2591,2021-09-24,2021-10-11,0.0144615416200457,2021,2020-12-31,native_mse,20260910,0.009682760274058575,,1,1
annual_shared_offset,2596,2021-10-08,2021-10-18,-0.0038006269617851,2021,2020-12-31,native_mse,20260910,0.009091248352644028,,1,0
annual_shared_offset,2601,2021-10-15,2021-10-25,0.0037358989621147,2021,2020-12-31,native_mse,20260910,0.008469619450977196,,1,1
annual_shared_offset,2606,2021-10-22,2021-11-01,-0.0127041632091318,2021,2020-12-31,native_mse,20260910,0.0008933657456787875,,1,0
annual_shared_offset,2611,2021-10-29,2021-11-08,-0.0075807737801166,2021,2020-12-31,native_mse,20260910,0.002406790555140204,,1,0
annual_shared_offset,2616,2021-11-05,2021-11-15,0.0110015182343039,2021,2020-12-31,native_mse,20260910,0.004495816516502967,,1,1
annual_shared_offset,2621,2021-11-12,2021-11-22,0.0002002284238551,2021,2020-12-31,native_mse,20260910,0.008345328596010884,,1,1
annual_shared_offset,2626,2021-11-19,2021-11-29,-0.0153981603100059,2021,2020-12-31,native_mse,20260910,0.006936498727743483,,1,0
annual_shared_offset,2631,2021-11-26,2021-12-06,0.0185518287306458,2021,2020-12-31,native_mse,20260910,0.0043122154605937865,,1,1
annual_shared_offset,2636,2021-12-03,2021-12-13,0.0367843110096284,2021,2020-12-31,native_mse,20260910,0.003903132217743633,,1,1
annual_shared_offset,2641,2021-12-10,2021-12-20,-0.0304615698955996,2021,2020-12-31,native_mse,20260910,0.0011584734670292821,,1,0
annual_shared_offset,2646,2021-12-17,2021-12-27,-0.0034083287233763,2021,2020-12-31,native_mse,20260910,0.008060168302998738,,1,0
annual_shared_offset,2651,2021-12-24,2022-01-04,0.0080985736506613,2021,2020-12-31,native_mse,20260910,0.0074924187486900135,,1,1
annual_shared_offset,2656,2021-12-31,2022-01-10,-0.0293970528320001,2021,2020-12-31,native_mse,20260910,0.008334791957105143,,1,0
annual_shared_offset,2418,2021-01-08,2021-01-18,-0.0120052904669853,2021,2020-12-31,training_frequency,-1,0.5577557755775577,0.5577557755775577,1,0
annual_shared_offset,2423,2021-01-15,2021-01-25,0.0231622460538123,2021,2020-12-31,training_frequency,-1,0.5577557755775577,0.5577557755775577,1,1
annual_shared_offset,2428,2021-01-22,2021-02-01,-0.0372511735907923,2021,2020-12-31,training_frequency,-1,0.5577557755775577,0.5577557755775577,1,0
annual_shared_offset,2433,2021-01-29,2021-02-08,0.0278689901714626,2021,2020-12-31,training_frequency,-1,0.5577557755775577,0.5577557755775577,1,1
annual_shared_offset,2438,2021-02-05,2021-02-22,0.0507379035040882,2021,2020-12-31,training_frequency,-1,0.5577557755775577,0.5577557755775577,1,1
annual_shared_offset,2443,2021-02-19,2021-03-01,-0.0684918010685315,2021,2020-12-31,training_frequency,-1,0.5577557755775577,0.5577557755775577,1,0
annual_shared_offset,2448,2021-02-26,2021-03-08,-0.0165997123904068,2021,2020-12-31,training_frequency,-1,0.5577557755775577,0.5577557755775577,1,0
annual_shared_offset,2453,2021-03-05,2021-03-15,-0.0346560901469681,2021,2020-12-31,training_frequency,-1,0.5577557755775577,0.5577557755775577,1,0
annual_shared_offset,2458,2021-03-12,2021-03-22,-0.0210550182560221,2021,2020-12-31,training_frequency,-1,0.5577557755775577,0.5577557755775577,1,0
annual_shared_offset,2463,2021-03-19,2021-03-29,0.0087572877565691,2021,2020-12-31,training_frequency,-1,0.5577557755775577,0.5577557755775577,1,1
annual_shared_offset,2468,2021-03-26,2021-04-06,0.0250145479448802,2021,2020-12-31,training_frequency,-1,0.5577557755775577,0.5577557755775577,1,1
annual_shared_offset,2473,2021-04-02,2021-04-12,-0.0292856811827044,2021,2020-12-31,training_frequency,-1,0.5577557755775577,0.5577557755775577,1,0
annual_shared_offset,2477,2021-04-09,2021-04-19,-0.0120489836840408,2021,2020-12-31,training_frequency,-1,0.5577557755775577,0.5577557755775577,1,0
annual_shared_offset,2482,2021-04-16,2021-04-26,0.0382932540809155,2021,2020-12-31,training_frequency,-1,0.5577557755775577,0.5577557755775577,1,1
annual_shared_offset,2487,2021-04-23,2021-05-06,-0.0112070185917437,2021,2020-12-31,training_frequency,-1,0.5577557755775577,0.5577557755775577,1,0
annual_shared_offset,2492,2021-04-30,2021-05-12,-0.0190946889464188,2021,2020-12-31,training_frequency,-1,0.5577557755775577,0.5577557755775577,1,0
annual_shared_offset,2494,2021-05-07,2021-05-17,0.0227674429764228,2021,2020-12-31,training_frequency,-1,0.5577557755775577,0.5577557755775577,1,1
annual_shared_offset,2499,2021-05-14,2021-05-24,0.0045940519733895,2021,2020-12-31,training_frequency,-1,0.5577557755775577,0.5577557755775577,1,1
annual_shared_offset,2504,2021-05-21,2021-05-31,0.0348855085126711,2021,2020-12-31,training_frequency,-1,0.5577557755775577,0.5577557755775577,1,1
annual_shared_offset,2509,2021-05-28,2021-06-07,-0.0062409741861724,2021,2020-12-31,training_frequency,-1,0.5577557755775577,0.5577557755775577,1,0
annual_shared_offset,2514,2021-06-04,2021-06-15,-0.0125508761771767,2021,2020-12-31,training_frequency,-1,0.5577557755775577,0.5577557755775577,1,0
annual_shared_offset,2519,2021-06-11,2021-06-21,-0.0250011497424577,2021,2020-12-31,training_frequency,-1,0.5577557755775577,0.5577557755775577,1,0
annual_shared_offset,2523,2021-06-18,2021-06-28,0.0325308711127356,2021,2020-12-31,training_frequency,-1,0.5577557755775577,0.5577557755775577,1,1
annual_shared_offset,2528,2021-06-25,2021-07-05,-0.0342297962734196,2021,2020-12-31,training_frequency,-1,0.5577557755775577,0.5577557755775577,1,0
annual_shared_offset,2533,2021-07-02,2021-07-12,0.0068193733271841,2021,2020-12-31,training_frequency,-1,0.5577557755775577,0.5577557755775577,1,1
annual_shared_offset,2538,2021-07-09,2021-07-19,-0.0048254045313779,2021,2020-12-31,training_frequency,-1,0.5577557755775577,0.5577557755775577,1,0
annual_shared_offset,2543,2021-07-16,2021-07-26,-0.0032299118953994,2021,2020-12-31,training_frequency,-1,0.5577557755775577,0.5577557755775577,1,0
annual_shared_offset,2548,2021-07-23,2021-08-02,-0.0537740931579083,2021,2020-12-31,training_frequency,-1,0.5577557755775577,0.5577557755775577,1,0
annual_shared_offset,2553,2021-07-30,2021-08-09,0.019904813945049,2021,2020-12-31,training_frequency,-1,0.5577557755775577,0.5577557755775577,1,1
annual_shared_offset,2558,2021-08-06,2021-08-16,0.0093369268709639,2021,2020-12-31,training_frequency,-1,0.5577557755775577,0.5577557755775577,1,1
annual_shared_offset,2563,2021-08-13,2021-08-23,-0.032048736608373,2021,2020-12-31,training_frequency,-1,0.5577557755775577,0.5577557755775577,1,0
annual_shared_offset,2568,2021-08-20,2021-08-30,0.0145047962107527,2021,2020-12-31,training_frequency,-1,0.5577557755775577,0.5577557755775577,1,1
annual_shared_offset,2573,2021-08-27,2021-09-06,-0.0012316820816045,2021,2020-12-31,training_frequency,-1,0.5577557755775577,0.5577557755775577,1,0
annual_shared_offset,2578,2021-09-03,2021-09-13,0.0342301066295398,2021,2020-12-31,training_frequency,-1,0.5577557755775577,0.5577557755775577,1,1
annual_shared_offset,2583,2021-09-10,2021-09-22,-0.0471441667981554,2021,2020-12-31,training_frequency,-1,0.5577557755775577,0.5577557755775577,1,0
annual_shared_offset,2588,2021-09-17,2021-09-28,0.0209863060789441,2021,2020-12-31,training_frequency,-1,0.5577557755775577,0.5577557755775577,1,1
annual_shared_offset,2591,2021-09-24,2021-10-11,0.0144615416200457,2021,2020-12-31,training_frequency,-1,0.5577557755775577,0.5577557755775577,1,1
annual_shared_offset,2596,2021-10-08,2021-10-18,-0.0038006269617851,2021,2020-12-31,training_frequency,-1,0.5577557755775577,0.5577557755775577,1,0
annual_shared_offset,2601,2021-10-15,2021-10-25,0.0037358989621147,2021,2020-12-31,training_frequency,-1,0.5577557755775577,0.5577557755775577,1,1
annual_shared_offset,2606,2021-10-22,2021-11-01,-0.0127041632091318,2021,2020-12-31,training_frequency,-1,0.5577557755775577,0.5577557755775577,1,0
annual_shared_offset,2611,2021-10-29,2021-11-08,-0.0075807737801166,2021,2020-12-31,training_frequency,-1,0.5577557755775577,0.5577557755775577,1,0
annual_shared_offset,2616,2021-11-05,2021-11-15,0.0110015182343039,2021,2020-12-31,training_frequency,-1,0.5577557755775577,0.5577557755775577,1,1
annual_shared_offset,2621,2021-11-12,2021-11-22,0.0002002284238551,2021,2020-12-31,training_frequency,-1,0.5577557755775577,0.5577557755775577,1,1
annual_shared_offset,2626,2021-11-19,2021-11-29,-0.0153981603100059,2021,2020-12-31,training_frequency,-1,0.5577557755775577,0.5577557755775577,1,0
annual_shared_offset,2631,2021-11-26,2021-12-06,0.0185518287306458,2021,2020-12-31,training_frequency,-1,0.5577557755775577,0.5577557755775577,1,1
annual_shared_offset,2636,2021-12-03,2021-12-13,0.0367843110096284,2021,2020-12-31,training_frequency,-1,0.5577557755775577,0.5577557755775577,1,1
annual_shared_offset,2641,2021-12-10,2021-12-20,-0.0304615698955996,2021,2020-12-31,training_frequency,-1,0.5577557755775577,0.5577557755775577,1,0
annual_shared_offset,2646,2021-12-17,2021-12-27,-0.0034083287233763,2021,2020-12-31,training_frequency,-1,0.5577557755775577,0.5577557755775577,1,0
annual_shared_offset,2651,2021-12-24,2022-01-04,0.0080985736506613,2021,2020-12-31,training_frequency,-1,0.5577557755775577,0.5577557755775577,1,1
annual_shared_offset,2656,2021-12-31,2022-01-10,-0.0293970528320001,2021,2020-12-31,training_frequency,-1,0.5577557755775577,0.5577557755775577,1,0
annual_shared_offset,2418,2021-01-08,2021-01-18,-0.0120052904669853,2021,2020-12-31,native_mse,20260911,0.008552411017393067,,1,0
annual_shared_offset,2423,2021-01-15,2021-01-25,0.0231622460538123,2021,2020-12-31,native_mse,20260911,0.004218820233000888,,1,1
annual_shared_offset,2428,2021-01-22,2021-02-01,-0.0372511735907923,2021,2020-12-31,native_mse,20260911,0.004959951689017089,,1,0
annual_shared_offset,2433,2021-01-29,2021-02-08,0.0278689901714626,2021,2020-12-31,native_mse,20260911,-0.006242641410233065,,0,1
annual_shared_offset,2438,2021-02-05,2021-02-22,0.0507379035040882,2021,2020-12-31,native_mse,20260911,0.0007951359987466982,,1,1
annual_shared_offset,2443,2021-02-19,2021-03-01,-0.0684918010685315,2021,2020-12-31,native_mse,20260911,-0.0016330918552967294,,0,0
annual_shared_offset,2448,2021-02-26,2021-03-08,-0.0165997123904068,2021,2020-12-31,native_mse,20260911,-0.00533638880364651,,0,0
annual_shared_offset,2453,2021-03-05,2021-03-15,-0.0346560901469681,2021,2020-12-31,native_mse,20260911,-0.011674592766508288,,0,0
annual_shared_offset,2458,2021-03-12,2021-03-22,-0.0210550182560221,2021,2020-12-31,native_mse,20260911,-0.007847066861436623,,0,0
annual_shared_offset,2463,2021-03-19,2021-03-29,0.0087572877565691,2021,2020-12-31,native_mse,20260911,-0.0039060339233599494,,0,1
annual_shared_offset,2468,2021-03-26,2021-04-06,0.0250145479448802,2021,2020-12-31,native_mse,20260911,0.0009273635613917179,,1,1
annual_shared_offset,2473,2021-04-02,2021-04-12,-0.0292856811827044,2021,2020-12-31,native_mse,20260911,-0.0027355840325147787,,0,0
annual_shared_offset,2477,2021-04-09,2021-04-19,-0.0120489836840408,2021,2020-12-31,native_mse,20260911,-0.0036343506408249315,,0,0
annual_shared_offset,2482,2021-04-16,2021-04-26,0.0382932540809155,2021,2020-12-31,native_mse,20260911,-0.0006724515978878938,,0,1
annual_shared_offset,2487,2021-04-23,2021-05-06,-0.0112070185917437,2021,2020-12-31,native_mse,20260911,0.0055289088739753755,,1,0
annual_shared_offset,2492,2021-04-30,2021-05-12,-0.0190946889464188,2021,2020-12-31,native_mse,20260911,0.0033327575219957396,,1,0
annual_shared_offset,2494,2021-05-07,2021-05-17,0.0227674429764228,2021,2020-12-31,native_mse,20260911,0.0021669511395786133,,1,1
annual_shared_offset,2499,2021-05-14,2021-05-24,0.0045940519733895,2021,2020-12-31,native_mse,20260911,0.0011114542693073139,,1,1
annual_shared_offset,2504,2021-05-21,2021-05-31,0.0348855085126711,2021,2020-12-31,native_mse,20260911,0.008400289317996804,,1,1
annual_shared_offset,2509,2021-05-28,2021-06-07,-0.0062409741861724,2021,2020-12-31,native_mse,20260911,0.0007953145198423817,,1,0
annual_shared_offset,2514,2021-06-04,2021-06-15,-0.0125508761771767,2021,2020-12-31,native_mse,20260911,-0.007020166164517651,,0,0
annual_shared_offset,2519,2021-06-11,2021-06-21,-0.0250011497424577,2021,2020-12-31,native_mse,20260911,-0.008619872591947365,,0,0
annual_shared_offset,2523,2021-06-18,2021-06-28,0.0325308711127356,2021,2020-12-31,native_mse,20260911,-0.008791375820448139,,0,1
annual_shared_offset,2528,2021-06-25,2021-07-05,-0.0342297962734196,2021,2020-12-31,native_mse,20260911,-0.008045520831514462,,0,0
annual_shared_offset,2533,2021-07-02,2021-07-12,0.0068193733271841,2021,2020-12-31,native_mse,20260911,-0.007174844548354277,,0,1
annual_shared_offset,2538,2021-07-09,2021-07-19,-0.0048254045313779,2021,2020-12-31,native_mse,20260911,-0.015340492927170088,,0,0
annual_shared_offset,2543,2021-07-16,2021-07-26,-0.0032299118953994,2021,2020-12-31,native_mse,20260911,-0.005208717730643443,,0,0
annual_shared_offset,2548,2021-07-23,2021-08-02,-0.0537740931579083,2021,2020-12-31,native_mse,20260911,-0.005850917345567664,,0,0
annual_shared_offset,2553,2021-07-30,2021-08-09,0.019904813945049,2021,2020-12-31,native_mse,20260911,-0.0028205260505218244,,0,1
annual_shared_offset,2558,2021-08-06,2021-08-16,0.0093369268709639,2021,2020-12-31,native_mse,20260911,0.0007831311211854701,,1,1
annual_shared_offset,2563,2021-08-13,2021-08-23,-0.032048736608373,2021,2020-12-31,native_mse,20260911,-0.0005906639308137641,,0,0
annual_shared_offset,2568,2021-08-20,2021-08-30,0.0145047962107527,2021,2020-12-31,native_mse,20260911,-0.004641917146108556,,0,1
annual_shared_offset,2573,2021-08-27,2021-09-06,-0.0012316820816045,2021,2020-12-31,native_mse,20260911,0.014579973106645959,,1,0
annual_shared_offset,2578,2021-09-03,2021-09-13,0.0342301066295398,2021,2020-12-31,native_mse,20260911,0.008593989010996025,,1,1
annual_shared_offset,2583,2021-09-10,2021-09-22,-0.0471441667981554,2021,2020-12-31,native_mse,20260911,0.008313547741757724,,1,0
annual_shared_offset,2588,2021-09-17,2021-09-28,0.0209863060789441,2021,2020-12-31,native_mse,20260911,0.01165935650344279,,1,1
annual_shared_offset,2591,2021-09-24,2021-10-11,0.0144615416200457,2021,2020-12-31,native_mse,20260911,0.005518532924551857,,1,1
annual_shared_offset,2596,2021-10-08,2021-10-18,-0.0038006269617851,2021,2020-12-31,native_mse,20260911,0.012263523541426666,,1,0
annual_shared_offset,2601,2021-10-15,2021-10-25,0.0037358989621147,2021,2020-12-31,native_mse,20260911,0.005744974739242532,,1,1
annual_shared_offset,2606,2021-10-22,2021-11-01,-0.0127041632091318,2021,2020-12-31,native_mse,20260911,-0.002876912071818175,,0,0
annual_shared_offset,2611,2021-10-29,2021-11-08,-0.0075807737801166,2021,2020-12-31,native_mse,20260911,0.007299876265916085,,1,0
annual_shared_offset,2616,2021-11-05,2021-11-15,0.0110015182343039,2021,2020-12-31,native_mse,20260911,0.01509194783358179,,1,1
annual_shared_offset,2621,2021-11-12,2021-11-22,0.0002002284238551,2021,2020-12-31,native_mse,20260911,0.015091062401740971,,1,1
annual_shared_offset,2626,2021-11-19,2021-11-29,-0.0153981603100059,2021,2020-12-31,native_mse,20260911,0.0038828482450291406,,1,0
annual_shared_offset,2631,2021-11-26,2021-12-06,0.0185518287306458,2021,2020-12-31,native_mse,20260911,0.012319022901115752,,1,1
annual_shared_offset,2636,2021-12-03,2021-12-13,0.0367843110096284,2021,2020-12-31,native_mse,20260911,-0.0032795392457900994,,0,1
annual_shared_offset,2641,2021-12-10,2021-12-20,-0.0304615698955996,2021,2020-12-31,native_mse,20260911,0.0011267436480836153,,1,0
annual_shared_offset,2646,2021-12-17,2021-12-27,-0.0034083287233763,2021,2020-12-31,native_mse,20260911,0.009051863032613542,,1,0
annual_shared_offset,2651,2021-12-24,2022-01-04,0.0080985736506613,2021,2020-12-31,native_mse,20260911,0.011692479032888078,,1,1
annual_shared_offset,2656,2021-12-31,2022-01-10,-0.0293970528320001,2021,2020-12-31,native_mse,20260911,0.0061027978323025915,,1,0
annual_shared_offset,2418,2021-01-08,2021-01-18,-0.0120052904669853,2021,2020-12-31,native_mse,20260912,0.001397497585867654,,1,0
annual_shared_offset,2423,2021-01-15,2021-01-25,0.0231622460538123,2021,2020-12-31,native_mse,20260912,0.0006715229500529757,,1,1
annual_shared_offset,2428,2021-01-22,2021-02-01,-0.0372511735907923,2021,2020-12-31,native_mse,20260912,0.0008989216255188498,,1,0
annual_shared_offset,2433,2021-01-29,2021-02-08,0.0278689901714626,2021,2020-12-31,native_mse,20260912,0.0007959764416317159,,1,1
annual_shared_offset,2438,2021-02-05,2021-02-22,0.0507379035040882,2021,2020-12-31,native_mse,20260912,0.0012803740659475327,,1,1
annual_shared_offset,2443,2021-02-19,2021-03-01,-0.0684918010685315,2021,2020-12-31,native_mse,20260912,0.0009133829615551264,,1,0
annual_shared_offset,2448,2021-02-26,2021-03-08,-0.0165997123904068,2021,2020-12-31,native_mse,20260912,0.0013704992420810927,,1,0
annual_shared_offset,2453,2021-03-05,2021-03-15,-0.0346560901469681,2021,2020-12-31,native_mse,20260912,0.0008756814992302536,,1,0
annual_shared_offset,2458,2021-03-12,2021-03-22,-0.0210550182560221,2021,2020-12-31,native_mse,20260912,0.0011757184818956695,,1,0
annual_shared_offset,2463,2021-03-19,2021-03-29,0.0087572877565691,2021,2020-12-31,native_mse,20260912,0.0010792053864410744,,1,1
annual_shared_offset,2468,2021-03-26,2021-04-06,0.0250145479448802,2021,2020-12-31,native_mse,20260912,0.0011499309968955886,,1,1
annual_shared_offset,2473,2021-04-02,2021-04-12,-0.0292856811827044,2021,2020-12-31,native_mse,20260912,0.0010410156043567688,,1,0
annual_shared_offset,2477,2021-04-09,2021-04-19,-0.0120489836840408,2021,2020-12-31,native_mse,20260912,0.0015346227958627386,,1,0
annual_shared_offset,2482,2021-04-16,2021-04-26,0.0382932540809155,2021,2020-12-31,native_mse,20260912,0.001333459240383137,,1,1
annual_shared_offset,2487,2021-04-23,2021-05-06,-0.0112070185917437,2021,2020-12-31,native_mse,20260912,0.0016691075435783544,,1,0
annual_shared_offset,2492,2021-04-30,2021-05-12,-0.0190946889464188,2021,2020-12-31,native_mse,20260912,0.0008697905080337705,,1,0
annual_shared_offset,2494,2021-05-07,2021-05-17,0.0227674429764228,2021,2020-12-31,native_mse,20260912,0.0011496090030479206,,1,1
annual_shared_offset,2499,2021-05-14,2021-05-24,0.0045940519733895,2021,2020-12-31,native_mse,20260912,0.0010483063772099349,,1,1
annual_shared_offset,2504,2021-05-21,2021-05-31,0.0348855085126711,2021,2020-12-31,native_mse,20260912,0.0011439525898009322,,1,1
annual_shared_offset,2509,2021-05-28,2021-06-07,-0.0062409741861724,2021,2020-12-31,native_mse,20260912,0.0011525125328662067,,1,0
annual_shared_offset,2514,2021-06-04,2021-06-15,-0.0125508761771767,2021,2020-12-31,native_mse,20260912,0.0007128828650729158,,1,0
annual_shared_offset,2519,2021-06-11,2021-06-21,-0.0250011497424577,2021,2020-12-31,native_mse,20260912,0.0008407535701623152,,1,0
annual_shared_offset,2523,2021-06-18,2021-06-28,0.0325308711127356,2021,2020-12-31,native_mse,20260912,0.0005295128002944305,,1,1
annual_shared_offset,2528,2021-06-25,2021-07-05,-0.0342297962734196,2021,2020-12-31,native_mse,20260912,0.0004392776625445282,,1,0
annual_shared_offset,2533,2021-07-02,2021-07-12,0.0068193733271841,2021,2020-12-31,native_mse,20260912,0.0008802423955353033,,1,1
annual_shared_offset,2538,2021-07-09,2021-07-19,-0.0048254045313779,2021,2020-12-31,native_mse,20260912,0.001025036941487719,,1,0
annual_shared_offset,2543,2021-07-16,2021-07-26,-0.0032299118953994,2021,2020-12-31,native_mse,20260912,0.0009848540154367372,,1,0
annual_shared_offset,2548,2021-07-23,2021-08-02,-0.0537740931579083,2021,2020-12-31,native_mse,20260912,0.0010837390229232473,,1,0
annual_shared_offset,2553,2021-07-30,2021-08-09,0.019904813945049,2021,2020-12-31,native_mse,20260912,0.0007753634039124927,,1,1
annual_shared_offset,2558,2021-08-06,2021-08-16,0.0093369268709639,2021,2020-12-31,native_mse,20260912,0.0010686946751112278,,1,1
annual_shared_offset,2563,2021-08-13,2021-08-23,-0.032048736608373,2021,2020-12-31,native_mse,20260912,0.0016819071064647707,,1,0
annual_shared_offset,2568,2021-08-20,2021-08-30,0.0145047962107527,2021,2020-12-31,native_mse,20260912,0.0015674609930577542,,1,1
annual_shared_offset,2573,2021-08-27,2021-09-06,-0.0012316820816045,2021,2020-12-31,native_mse,20260912,0.0015518786224257932,,1,0
annual_shared_offset,2578,2021-09-03,2021-09-13,0.0342301066295398,2021,2020-12-31,native_mse,20260912,0.0015775578367383941,,1,1
annual_shared_offset,2583,2021-09-10,2021-09-22,-0.0471441667981554,2021,2020-12-31,native_mse,20260912,0.00097730888589041,,1,0
annual_shared_offset,2588,2021-09-17,2021-09-28,0.0209863060789441,2021,2020-12-31,native_mse,20260912,0.0010514539644274003,,1,1
annual_shared_offset,2591,2021-09-24,2021-10-11,0.0144615416200457,2021,2020-12-31,native_mse,20260912,0.0009736007301348337,,1,1
annual_shared_offset,2596,2021-10-08,2021-10-18,-0.0038006269617851,2021,2020-12-31,native_mse,20260912,0.0017059097904301645,,1,0
annual_shared_offset,2601,2021-10-15,2021-10-25,0.0037358989621147,2021,2020-12-31,native_mse,20260912,0.0013112113818953192,,1,1
annual_shared_offset,2606,2021-10-22,2021-11-01,-0.0127041632091318,2021,2020-12-31,native_mse,20260912,0.001166627382206441,,1,0
annual_shared_offset,2611,2021-10-29,2021-11-08,-0.0075807737801166,2021,2020-12-31,native_mse,20260912,0.0010497018546840582,,1,0
annual_shared_offset,2616,2021-11-05,2021-11-15,0.0110015182343039,2021,2020-12-31,native_mse,20260912,0.0009666279543883876,,1,1
annual_shared_offset,2621,2021-11-12,2021-11-22,0.0002002284238551,2021,2020-12-31,native_mse,20260912,0.00100753152357648,,1,1
annual_shared_offset,2626,2021-11-19,2021-11-29,-0.0153981603100059,2021,2020-12-31,native_mse,20260912,0.0011440904261233744,,1,0
annual_shared_offset,2631,2021-11-26,2021-12-06,0.0185518287306458,2021,2020-12-31,native_mse,20260912,0.0008222023383696463,,1,1
annual_shared_offset,2636,2021-12-03,2021-12-13,0.0367843110096284,2021,2020-12-31,native_mse,20260912,0.000663622110562264,,1,1
annual_shared_offset,2641,2021-12-10,2021-12-20,-0.0304615698955996,2021,2020-12-31,native_mse,20260912,0.0012207854253852776,,1,0
annual_shared_offset,2646,2021-12-17,2021-12-27,-0.0034083287233763,2021,2020-12-31,native_mse,20260912,0.0012339786672550855,,1,0
annual_shared_offset,2651,2021-12-24,2022-01-04,0.0080985736506613,2021,2020-12-31,native_mse,20260912,0.0010451229218044734,,1,1
annual_shared_offset,2656,2021-12-31,2022-01-10,-0.0293970528320001,2021,2020-12-31,native_mse,20260912,0.001214204791414166,,1,0
annual_shared_offset,2660,2022-01-07,2022-01-17,-0.0173453887283024,2022,2021-12-31,native_mse,20260910,-0.0034182510339292468,,0,0
annual_shared_offset,2665,2022-01-14,2022-01-24,0.0053248631776616,2022,2021-12-31,native_mse,20260910,0.004761167720503064,,1,1
annual_shared_offset,2670,2022-01-21,2022-02-07,-0.0242661876254222,2022,2021-12-31,native_mse,20260910,0.013137367547165641,,1,0
annual_shared_offset,2675,2022-01-28,2022-02-14,-0.0127539031341488,2022,2021-12-31,native_mse,20260910,0.010886081661597602,,1,0
annual_shared_offset,2680,2022-02-11,2022-02-21,0.0145498774954033,2022,2021-12-31,native_mse,20260910,0.008879219089809445,,1,1
annual_shared_offset,2685,2022-02-18,2022-02-28,-0.0177161244498015,2022,2021-12-31,native_mse,20260910,0.009476567447344621,,1,0
annual_shared_offset,2690,2022-02-25,2022-03-07,-0.0221791776043331,2022,2021-12-31,native_mse,20260910,0.01051598647298397,,1,0
annual_shared_offset,2695,2022-03-04,2022-03-14,-0.0480378799422749,2022,2021-12-31,native_mse,20260910,0.007053677912636015,,1,0
annual_shared_offset,2700,2022-03-11,2022-03-21,0.007530336734814,2022,2021-12-31,native_mse,20260910,0.010804442451387935,,1,1
annual_shared_offset,2705,2022-03-18,2022-03-28,-0.0353493110038457,2022,2021-12-31,native_mse,20260910,0.0072982657258971444,,1,0
annual_shared_offset,2710,2022-03-25,2022-04-06,0.0314834190717003,2022,2021-12-31,native_mse,20260910,0.007546796616275884,,1,1
annual_shared_offset,2715,2022-04-01,2022-04-12,-0.0129237372705649,2022,2021-12-31,native_mse,20260910,0.006781430452769677,,1,0
annual_shared_offset,2718,2022-04-08,2022-04-18,-0.0120986062576864,2022,2021-12-31,native_mse,20260910,0.00652895075643567,,1,0
annual_shared_offset,2723,2022-04-15,2022-04-25,-0.0528494340140576,2022,2021-12-31,native_mse,20260910,0.006385447465197085,,1,0
annual_shared_offset,2728,2022-04-22,2022-05-05,0.015736821365468,2022,2021-12-31,native_mse,20260910,0.005099274511858865,,1,1
annual_shared_offset,2733,2022-04-29,2022-05-11,-0.0278824133054675,2022,2021-12-31,native_mse,20260910,0.004344044298975658,,1,0
annual_shared_offset,2735,2022-05-06,2022-05-16,0.033741423035827,2022,2021-12-31,native_mse,20260910,0.0035518248227642247,,1,1
annual_shared_offset,2740,2022-05-13,2022-05-23,0.0164308841843088,2022,2021-12-31,native_mse,20260910,0.002890441768532801,,1,1
annual_shared_offset,2745,2022-05-20,2022-05-30,-0.0147293413085614,2022,2021-12-31,native_mse,20260910,0.002556802191789734,,1,0
annual_shared_offset,2750,2022-05-27,2022-06-13,0.0431748431927498,2022,2021-12-31,native_mse,20260910,-0.006714076298392413,,0,1
annual_shared_offset,2759,2022-06-10,2022-06-20,0.0306046547112142,2022,2021-12-31,native_mse,20260910,-0.0017160693271902699,,0,1
annual_shared_offset,2764,2022-06-17,2022-06-27,0.0211666894141107,2022,2021-12-31,native_mse,20260910,-0.005554400786314341,,0,1
annual_shared_offset,2769,2022-06-24,2022-07-04,0.0074507343130214,2022,2021-12-31,native_mse,20260910,-0.006611900023593844,,0,1
annual_shared_offset,2774,2022-07-01,2022-07-11,-0.0092349827532707,2022,2021-12-31,native_mse,20260910,-0.001849659274069034,,0,0
annual_shared_offset,2779,2022-07-08,2022-07-18,-0.0326815927737367,2022,2021-12-31,native_mse,20260910,-0.0036295526636022737,,0,0
annual_shared_offset,2784,2022-07-15,2022-07-25,-0.0066210715249344,2022,2021-12-31,native_mse,20260910,-0.00726704662423343,,0,0
annual_shared_offset,2789,2022-07-22,2022-08-01,-0.0173077967751003,2022,2021-12-31,native_mse,20260910,-0.005304375487712945,,0,0
annual_shared_offset,2794,2022-07-29,2022-08-08,-0.004456034513838,2022,2021-12-31,native_mse,20260910,0.012166125781651363,,1,0
annual_shared_offset,2799,2022-08-05,2022-08-15,0.0091475117753996,2022,2021-12-31,native_mse,20260910,0.004077391662883762,,1,1
annual_shared_offset,2804,2022-08-12,2022-08-22,-0.0107272727272728,2022,2021-12-31,native_mse,20260910,0.0035826870942200968,,1,0
annual_shared_offset,2809,2022-08-19,2022-08-29,-0.0172375434082356,2022,2021-12-31,native_mse,20260910,0.012796192349441387,,1,0
annual_shared_offset,2814,2022-08-26,2022-09-05,-0.0131573766941938,2022,2021-12-31,native_mse,20260910,0.0045980644388349074,,1,0
annual_shared_offset,2819,2022-09-02,2022-09-13,0.0253340680878015,2022,2021-12-31,native_mse,20260910,0.0016393163861851791,,1,1
annual_shared_offset,2824,2022-09-09,2022-09-19,-0.044647264962877,2022,2021-12-31,native_mse,20260910,0.011024491197755238,,1,0
annual_shared_offset,2828,2022-09-16,2022-09-26,-0.025155151434928,2022,2021-12-31,native_mse,20260910,0.0006249539921165778,,1,0
annual_shared_offset,2833,2022-09-23,2022-10-10,-0.0060162941299352,2022,2021-12-31,native_mse,20260910,0.00941379002591237,,1,0
annual_shared_offset,2838,2022-09-30,2022-10-17,0.0041192047412885,2022,2021-12-31,native_mse,20260910,-0.003455449604433236,,0,1
annual_shared_offset,2843,2022-10-14,2022-10-24,-0.0246766294110258,2022,2021-12-31,native_mse,20260910,0.004982119577206458,,1,0
annual_shared_offset,2848,2022-10-21,2022-10-31,-0.059928861134359,2022,2021-12-31,native_mse,20260910,0.004400428951388619,,1,0
annual_shared_offset,2853,2022-10-28,2022-11-07,0.071339502526744,2022,2021-12-31,native_mse,20260910,-0.004533662272660886,,0,1
annual_shared_offset,2858,2022-11-04,2022-11-14,0.0169449090696014,2022,2021-12-31,native_mse,20260910,0.009145763900992613,,1,1
annual_shared_offset,2863,2022-11-11,2022-11-21,-0.0127051391515239,2022,2021-12-31,native_mse,20260910,0.005105981957746508,,1,0
annual_shared_offset,2868,2022-11-18,2022-11-28,-0.0179672806084416,2022,2021-12-31,native_mse,20260910,0.004390010241707061,,1,0
annual_shared_offset,2873,2022-11-25,2022-12-05,0.0555768659337096,2022,2021-12-31,native_mse,20260910,-0.0021694749097981593,,0,1
annual_shared_offset,2878,2022-12-02,2022-12-12,0.0175374394775362,2022,2021-12-31,native_mse,20260910,-0.008963509314181651,,0,1
annual_shared_offset,2883,2022-12-09,2022-12-19,-0.0058850602464181,2022,2021-12-31,native_mse,20260910,-0.008742160121666592,,0,0
annual_shared_offset,2888,2022-12-16,2022-12-26,-0.0309150292073658,2022,2021-12-31,native_mse,20260910,0.00021070675399415396,,1,0
annual_shared_offset,2893,2022-12-23,2023-01-03,0.0089464492229616,2022,2021-12-31,native_mse,20260910,-0.006931659189351796,,0,1
annual_shared_offset,2898,2022-12-30,2023-01-09,0.0345913414268119,2022,2021-12-31,native_mse,20260910,-0.004005139352311209,,0,1
annual_shared_offset,2660,2022-01-07,2022-01-17,-0.0173453887283024,2022,2021-12-31,training_frequency,-1,0.5458298926507019,0.5458298926507019,1,0
annual_shared_offset,2665,2022-01-14,2022-01-24,0.0053248631776616,2022,2021-12-31,training_frequency,-1,0.5458298926507019,0.5458298926507019,1,1
annual_shared_offset,2670,2022-01-21,2022-02-07,-0.0242661876254222,2022,2021-12-31,training_frequency,-1,0.5458298926507019,0.5458298926507019,1,0
annual_shared_offset,2675,2022-01-28,2022-02-14,-0.0127539031341488,2022,2021-12-31,training_frequency,-1,0.5458298926507019,0.5458298926507019,1,0
annual_shared_offset,2680,2022-02-11,2022-02-21,0.0145498774954033,2022,2021-12-31,training_frequency,-1,0.5458298926507019,0.5458298926507019,1,1
annual_shared_offset,2685,2022-02-18,2022-02-28,-0.0177161244498015,2022,2021-12-31,training_frequency,-1,0.5458298926507019,0.5458298926507019,1,0
annual_shared_offset,2690,2022-02-25,2022-03-07,-0.0221791776043331,2022,2021-12-31,training_frequency,-1,0.5458298926507019,0.5458298926507019,1,0
annual_shared_offset,2695,2022-03-04,2022-03-14,-0.0480378799422749,2022,2021-12-31,training_frequency,-1,0.5458298926507019,0.5458298926507019,1,0
annual_shared_offset,2700,2022-03-11,2022-03-21,0.007530336734814,2022,2021-12-31,training_frequency,-1,0.5458298926507019,0.5458298926507019,1,1
annual_shared_offset,2705,2022-03-18,2022-03-28,-0.0353493110038457,2022,2021-12-31,training_frequency,-1,0.5458298926507019,0.5458298926507019,1,0
annual_shared_offset,2710,2022-03-25,2022-04-06,0.0314834190717003,2022,2021-12-31,training_frequency,-1,0.5458298926507019,0.5458298926507019,1,1
annual_shared_offset,2715,2022-04-01,2022-04-12,-0.0129237372705649,2022,2021-12-31,training_frequency,-1,0.5458298926507019,0.5458298926507019,1,0
annual_shared_offset,2718,2022-04-08,2022-04-18,-0.0120986062576864,2022,2021-12-31,training_frequency,-1,0.5458298926507019,0.5458298926507019,1,0
annual_shared_offset,2723,2022-04-15,2022-04-25,-0.0528494340140576,2022,2021-12-31,training_frequency,-1,0.5458298926507019,0.5458298926507019,1,0
annual_shared_offset,2728,2022-04-22,2022-05-05,0.015736821365468,2022,2021-12-31,training_frequency,-1,0.5458298926507019,0.5458298926507019,1,1
annual_shared_offset,2733,2022-04-29,2022-05-11,-0.0278824133054675,2022,2021-12-31,training_frequency,-1,0.5458298926507019,0.5458298926507019,1,0
annual_shared_offset,2735,2022-05-06,2022-05-16,0.033741423035827,2022,2021-12-31,training_frequency,-1,0.5458298926507019,0.5458298926507019,1,1
annual_shared_offset,2740,2022-05-13,2022-05-23,0.0164308841843088,2022,2021-12-31,training_frequency,-1,0.5458298926507019,0.5458298926507019,1,1
annual_shared_offset,2745,2022-05-20,2022-05-30,-0.0147293413085614,2022,2021-12-31,training_frequency,-1,0.5458298926507019,0.5458298926507019,1,0
annual_shared_offset,2750,2022-05-27,2022-06-13,0.0431748431927498,2022,2021-12-31,training_frequency,-1,0.5458298926507019,0.5458298926507019,1,1
annual_shared_offset,2759,2022-06-10,2022-06-20,0.0306046547112142,2022,2021-12-31,training_frequency,-1,0.5458298926507019,0.5458298926507019,1,1
annual_shared_offset,2764,2022-06-17,2022-06-27,0.0211666894141107,2022,2021-12-31,training_frequency,-1,0.5458298926507019,0.5458298926507019,1,1
annual_shared_offset,2769,2022-06-24,2022-07-04,0.0074507343130214,2022,2021-12-31,training_frequency,-1,0.5458298926507019,0.5458298926507019,1,1
annual_shared_offset,2774,2022-07-01,2022-07-11,-0.0092349827532707,2022,2021-12-31,training_frequency,-1,0.5458298926507019,0.5458298926507019,1,0
annual_shared_offset,2779,2022-07-08,2022-07-18,-0.0326815927737367,2022,2021-12-31,training_frequency,-1,0.5458298926507019,0.5458298926507019,1,0
annual_shared_offset,2784,2022-07-15,2022-07-25,-0.0066210715249344,2022,2021-12-31,training_frequency,-1,0.5458298926507019,0.5458298926507019,1,0
annual_shared_offset,2789,2022-07-22,2022-08-01,-0.0173077967751003,2022,2021-12-31,training_frequency,-1,0.5458298926507019,0.5458298926507019,1,0
annual_shared_offset,2794,2022-07-29,2022-08-08,-0.004456034513838,2022,2021-12-31,training_frequency,-1,0.5458298926507019,0.5458298926507019,1,0
annual_shared_offset,2799,2022-08-05,2022-08-15,0.0091475117753996,2022,2021-12-31,training_frequency,-1,0.5458298926507019,0.5458298926507019,1,1
annual_shared_offset,2804,2022-08-12,2022-08-22,-0.0107272727272728,2022,2021-12-31,training_frequency,-1,0.5458298926507019,0.5458298926507019,1,0
annual_shared_offset,2809,2022-08-19,2022-08-29,-0.0172375434082356,2022,2021-12-31,training_frequency,-1,0.5458298926507019,0.5458298926507019,1,0
annual_shared_offset,2814,2022-08-26,2022-09-05,-0.0131573766941938,2022,2021-12-31,training_frequency,-1,0.5458298926507019,0.5458298926507019,1,0
annual_shared_offset,2819,2022-09-02,2022-09-13,0.0253340680878015,2022,2021-12-31,training_frequency,-1,0.5458298926507019,0.5458298926507019,1,1
annual_shared_offset,2824,2022-09-09,2022-09-19,-0.044647264962877,2022,2021-12-31,training_frequency,-1,0.5458298926507019,0.5458298926507019,1,0
annual_shared_offset,2828,2022-09-16,2022-09-26,-0.025155151434928,2022,2021-12-31,training_frequency,-1,0.5458298926507019,0.5458298926507019,1,0
annual_shared_offset,2833,2022-09-23,2022-10-10,-0.0060162941299352,2022,2021-12-31,training_frequency,-1,0.5458298926507019,0.5458298926507019,1,0
annual_shared_offset,2838,2022-09-30,2022-10-17,0.0041192047412885,2022,2021-12-31,training_frequency,-1,0.5458298926507019,0.5458298926507019,1,1
annual_shared_offset,2843,2022-10-14,2022-10-24,-0.0246766294110258,2022,2021-12-31,training_frequency,-1,0.5458298926507019,0.5458298926507019,1,0
annual_shared_offset,2848,2022-10-21,2022-10-31,-0.059928861134359,2022,2021-12-31,training_frequency,-1,0.5458298926507019,0.5458298926507019,1,0
annual_shared_offset,2853,2022-10-28,2022-11-07,0.071339502526744,2022,2021-12-31,training_frequency,-1,0.5458298926507019,0.5458298926507019,1,1
annual_shared_offset,2858,2022-11-04,2022-11-14,0.0169449090696014,2022,2021-12-31,training_frequency,-1,0.5458298926507019,0.5458298926507019,1,1
annual_shared_offset,2863,2022-11-11,2022-11-21,-0.0127051391515239,2022,2021-12-31,training_frequency,-1,0.5458298926507019,0.5458298926507019,1,0
annual_shared_offset,2868,2022-11-18,2022-11-28,-0.0179672806084416,2022,2021-12-31,training_frequency,-1,0.5458298926507019,0.5458298926507019,1,0
annual_shared_offset,2873,2022-11-25,2022-12-05,0.0555768659337096,2022,2021-12-31,training_frequency,-1,0.5458298926507019,0.5458298926507019,1,1
annual_shared_offset,2878,2022-12-02,2022-12-12,0.0175374394775362,2022,2021-12-31,training_frequency,-1,0.5458298926507019,0.5458298926507019,1,1
annual_shared_offset,2883,2022-12-09,2022-12-19,-0.0058850602464181,2022,2021-12-31,training_frequency,-1,0.5458298926507019,0.5458298926507019,1,0
annual_shared_offset,2888,2022-12-16,2022-12-26,-0.0309150292073658,2022,2021-12-31,training_frequency,-1,0.5458298926507019,0.5458298926507019,1,0
annual_shared_offset,2893,2022-12-23,2023-01-03,0.0089464492229616,2022,2021-12-31,training_frequency,-1,0.5458298926507019,0.5458298926507019,1,1
annual_shared_offset,2898,2022-12-30,2023-01-09,0.0345913414268119,2022,2021-12-31,training_frequency,-1,0.5458298926507019,0.5458298926507019,1,1
annual_shared_offset,2660,2022-01-07,2022-01-17,-0.0173453887283024,2022,2021-12-31,native_mse,20260911,0.007330315708159769,,1,0
annual_shared_offset,2665,2022-01-14,2022-01-24,0.0053248631776616,2022,2021-12-31,native_mse,20260911,0.015471274729398543,,1,1
annual_shared_offset,2670,2022-01-21,2022-02-07,-0.0242661876254222,2022,2021-12-31,native_mse,20260911,0.009873111042602054,,1,0
annual_shared_offset,2675,2022-01-28,2022-02-14,-0.0127539031341488,2022,2021-12-31,native_mse,20260911,0.0025503118790792955,,1,0
annual_shared_offset,2680,2022-02-11,2022-02-21,0.0145498774954033,2022,2021-12-31,native_mse,20260911,0.0063949393307865515,,1,1
annual_shared_offset,2685,2022-02-18,2022-02-28,-0.0177161244498015,2022,2021-12-31,native_mse,20260911,0.004306186298337274,,1,0
annual_shared_offset,2690,2022-02-25,2022-03-07,-0.0221791776043331,2022,2021-12-31,native_mse,20260911,0.00884306439536679,,1,0
annual_shared_offset,2695,2022-03-04,2022-03-14,-0.0480378799422749,2022,2021-12-31,native_mse,20260911,0.008878575004775912,,1,0
annual_shared_offset,2700,2022-03-11,2022-03-21,0.007530336734814,2022,2021-12-31,native_mse,20260911,0.008804997087552644,,1,1
annual_shared_offset,2705,2022-03-18,2022-03-28,-0.0353493110038457,2022,2021-12-31,native_mse,20260911,0.0029149751065889705,,1,0
annual_shared_offset,2710,2022-03-25,2022-04-06,0.0314834190717003,2022,2021-12-31,native_mse,20260911,0.009608904415587632,,1,1
annual_shared_offset,2715,2022-04-01,2022-04-12,-0.0129237372705649,2022,2021-12-31,native_mse,20260911,0.013290024702572031,,1,0
annual_shared_offset,2718,2022-04-08,2022-04-18,-0.0120986062576864,2022,2021-12-31,native_mse,20260911,0.0032429576095984285,,1,0
annual_shared_offset,2723,2022-04-15,2022-04-25,-0.0528494340140576,2022,2021-12-31,native_mse,20260911,0.016983479995433693,,1,0
annual_shared_offset,2728,2022-04-22,2022-05-05,0.015736821365468,2022,2021-12-31,native_mse,20260911,0.011987542362233185,,1,1
annual_shared_offset,2733,2022-04-29,2022-05-11,-0.0278824133054675,2022,2021-12-31,native_mse,20260911,0.0046606294840712235,,1,0
annual_shared_offset,2735,2022-05-06,2022-05-16,0.033741423035827,2022,2021-12-31,native_mse,20260911,-0.002196005566182584,,0,1
annual_shared_offset,2740,2022-05-13,2022-05-23,0.0164308841843088,2022,2021-12-31,native_mse,20260911,0.0038854901281264037,,1,1
annual_shared_offset,2745,2022-05-20,2022-05-30,-0.0147293413085614,2022,2021-12-31,native_mse,20260911,0.005767086549547615,,1,0
annual_shared_offset,2750,2022-05-27,2022-06-13,0.0431748431927498,2022,2021-12-31,native_mse,20260911,0.001263767062796844,,1,1
annual_shared_offset,2759,2022-06-10,2022-06-20,0.0306046547112142,2022,2021-12-31,native_mse,20260911,-0.0024637080117748144,,0,1
annual_shared_offset,2764,2022-06-17,2022-06-27,0.0211666894141107,2022,2021-12-31,native_mse,20260911,-0.0034192691302211337,,0,1
annual_shared_offset,2769,2022-06-24,2022-07-04,0.0074507343130214,2022,2021-12-31,native_mse,20260911,0.0007173637240202417,,1,1
annual_shared_offset,2774,2022-07-01,2022-07-11,-0.0092349827532707,2022,2021-12-31,native_mse,20260911,0.00019356382111467723,,1,0
annual_shared_offset,2779,2022-07-08,2022-07-18,-0.0326815927737367,2022,2021-12-31,native_mse,20260911,-0.002705313965036355,,0,0
annual_shared_offset,2784,2022-07-15,2022-07-25,-0.0066210715249344,2022,2021-12-31,native_mse,20260911,-0.01432584048846508,,0,0
annual_shared_offset,2789,2022-07-22,2022-08-01,-0.0173077967751003,2022,2021-12-31,native_mse,20260911,-0.01380965748442494,,0,0
annual_shared_offset,2794,2022-07-29,2022-08-08,-0.004456034513838,2022,2021-12-31,native_mse,20260911,-0.0005052222003642227,,0,0
annual_shared_offset,2799,2022-08-05,2022-08-15,0.0091475117753996,2022,2021-12-31,native_mse,20260911,0.011525493600414192,,1,1
annual_shared_offset,2804,2022-08-12,2022-08-22,-0.0107272727272728,2022,2021-12-31,native_mse,20260911,0.011216024245490553,,1,0
annual_shared_offset,2809,2022-08-19,2022-08-29,-0.0172375434082356,2022,2021-12-31,native_mse,20260911,0.011754323018096325,,1,0
annual_shared_offset,2814,2022-08-26,2022-09-05,-0.0131573766941938,2022,2021-12-31,native_mse,20260911,0.015594603509631271,,1,0
annual_shared_offset,2819,2022-09-02,2022-09-13,0.0253340680878015,2022,2021-12-31,native_mse,20260911,0.010900596081000016,,1,1
annual_shared_offset,2824,2022-09-09,2022-09-19,-0.044647264962877,2022,2021-12-31,native_mse,20260911,0.009845699372826781,,1,0
annual_shared_offset,2828,2022-09-16,2022-09-26,-0.025155151434928,2022,2021-12-31,native_mse,20260911,0.008491582609497948,,1,0
annual_shared_offset,2833,2022-09-23,2022-10-10,-0.0060162941299352,2022,2021-12-31,native_mse,20260911,0.016496050845990925,,1,0
annual_shared_offset,2838,2022-09-30,2022-10-17,0.0041192047412885,2022,2021-12-31,native_mse,20260911,0.0066528810646222045,,1,1
annual_shared_offset,2843,2022-10-14,2022-10-24,-0.0246766294110258,2022,2021-12-31,native_mse,20260911,0.007009044538463505,,1,0
annual_shared_offset,2848,2022-10-21,2022-10-31,-0.059928861134359,2022,2021-12-31,native_mse,20260911,0.010852556503638734,,1,0
annual_shared_offset,2853,2022-10-28,2022-11-07,0.071339502526744,2022,2021-12-31,native_mse,20260911,0.006842543646863063,,1,1
annual_shared_offset,2858,2022-11-04,2022-11-14,0.0169449090696014,2022,2021-12-31,native_mse,20260911,-0.008549410923537592,,0,1
annual_shared_offset,2863,2022-11-11,2022-11-21,-0.0127051391515239,2022,2021-12-31,native_mse,20260911,-0.005215109557773304,,0,0
annual_shared_offset,2868,2022-11-18,2022-11-28,-0.0179672806084416,2022,2021-12-31,native_mse,20260911,-0.010307087880643545,,0,0
annual_shared_offset,2873,2022-11-25,2022-12-05,0.0555768659337096,2022,2021-12-31,native_mse,20260911,0.0013951717650121252,,1,1
annual_shared_offset,2878,2022-12-02,2022-12-12,0.0175374394775362,2022,2021-12-31,native_mse,20260911,0.009832549235191711,,1,1
annual_shared_offset,2883,2022-12-09,2022-12-19,-0.0058850602464181,2022,2021-12-31,native_mse,20260911,0.003809464155812216,,1,0
annual_shared_offset,2888,2022-12-16,2022-12-26,-0.0309150292073658,2022,2021-12-31,native_mse,20260911,-0.00026475301217457076,,0,0
annual_shared_offset,2893,2022-12-23,2023-01-03,0.0089464492229616,2022,2021-12-31,native_mse,20260911,0.0011212783896272817,,1,1
annual_shared_offset,2898,2022-12-30,2023-01-09,0.0345913414268119,2022,2021-12-31,native_mse,20260911,-0.013209134532423342,,0,1
annual_shared_offset,2660,2022-01-07,2022-01-17,-0.0173453887283024,2022,2021-12-31,native_mse,20260912,0.001814179283598589,,1,0
annual_shared_offset,2665,2022-01-14,2022-01-24,0.0053248631776616,2022,2021-12-31,native_mse,20260912,0.0008133505012356114,,1,1
annual_shared_offset,2670,2022-01-21,2022-02-07,-0.0242661876254222,2022,2021-12-31,native_mse,20260912,0.003394922189452561,,1,0
annual_shared_offset,2675,2022-01-28,2022-02-14,-0.0127539031341488,2022,2021-12-31,native_mse,20260912,0.001858669558311765,,1,0
annual_shared_offset,2680,2022-02-11,2022-02-21,0.0145498774954033,2022,2021-12-31,native_mse,20260912,0.003479305001395758,,1,1
annual_shared_offset,2685,2022-02-18,2022-02-28,-0.0177161244498015,2022,2021-12-31,native_mse,20260912,0.00484344917433416,,1,0
annual_shared_offset,2690,2022-02-25,2022-03-07,-0.0221791776043331,2022,2021-12-31,native_mse,20260912,0.004930593592929232,,1,0
annual_shared_offset,2695,2022-03-04,2022-03-14,-0.0480378799422749,2022,2021-12-31,native_mse,20260912,0.004780982951547397,,1,0
annual_shared_offset,2700,2022-03-11,2022-03-21,0.007530336734814,2022,2021-12-31,native_mse,20260912,0.004193854635787947,,1,1
annual_shared_offset,2705,2022-03-18,2022-03-28,-0.0353493110038457,2022,2021-12-31,native_mse,20260912,0.004396502651581285,,1,0
annual_shared_offset,2710,2022-03-25,2022-04-06,0.0314834190717003,2022,2021-12-31,native_mse,20260912,0.0036897334948297125,,1,1
annual_shared_offset,2715,2022-04-01,2022-04-12,-0.0129237372705649,2022,2021-12-31,native_mse,20260912,0.003704448832752752,,1,0
annual_shared_offset,2718,2022-04-08,2022-04-18,-0.0120986062576864,2022,2021-12-31,native_mse,20260912,0.0033120503584409514,,1,0
annual_shared_offset,2723,2022-04-15,2022-04-25,-0.0528494340140576,2022,2021-12-31,native_mse,20260912,0.0030085181253416615,,1,0
annual_shared_offset,2728,2022-04-22,2022-05-05,0.015736821365468,2022,2021-12-31,native_mse,20260912,0.0026567146550084044,,1,1
annual_shared_offset,2733,2022-04-29,2022-05-11,-0.0278824133054675,2022,2021-12-31,native_mse,20260912,0.0018367479372410052,,1,0
annual_shared_offset,2735,2022-05-06,2022-05-16,0.033741423035827,2022,2021-12-31,native_mse,20260912,0.0020912186604119124,,1,1
annual_shared_offset,2740,2022-05-13,2022-05-23,0.0164308841843088,2022,2021-12-31,native_mse,20260912,0.0018493178254621319,,1,1
annual_shared_offset,2745,2022-05-20,2022-05-30,-0.0147293413085614,2022,2021-12-31,native_mse,20260912,0.0016372108848958446,,1,0
annual_shared_offset,2750,2022-05-27,2022-06-13,0.0431748431927498,2022,2021-12-31,native_mse,20260912,0.0012702553294938346,,1,1
annual_shared_offset,2759,2022-06-10,2022-06-20,0.0306046547112142,2022,2021-12-31,native_mse,20260912,-0.00018870985334741705,,0,1
annual_shared_offset,2764,2022-06-17,2022-06-27,0.0211666894141107,2022,2021-12-31,native_mse,20260912,-0.0009698518035469311,,0,1
annual_shared_offset,2769,2022-06-24,2022-07-04,0.0074507343130214,2022,2021-12-31,native_mse,20260912,-0.00016157705520515077,,0,1
annual_shared_offset,2774,2022-07-01,2022-07-11,-0.0092349827532707,2022,2021-12-31,native_mse,20260912,0.00012114906253678204,,1,0
annual_shared_offset,2779,2022-07-08,2022-07-18,-0.0326815927737367,2022,2021-12-31,native_mse,20260912,0.0009385572149118832,,1,0
annual_shared_offset,2784,2022-07-15,2022-07-25,-0.0066210715249344,2022,2021-12-31,native_mse,20260912,0.0008465033870475552,,1,0
annual_shared_offset,2789,2022-07-22,2022-08-01,-0.0173077967751003,2022,2021-12-31,native_mse,20260912,0.001749105544547778,,1,0
annual_shared_offset,2794,2022-07-29,2022-08-08,-0.004456034513838,2022,2021-12-31,native_mse,20260912,0.0022855909610094674,,1,0
annual_shared_offset,2799,2022-08-05,2022-08-15,0.0091475117753996,2022,2021-12-31,native_mse,20260912,0.0023275813973101045,,1,1
annual_shared_offset,2804,2022-08-12,2022-08-22,-0.0107272727272728,2022,2021-12-31,native_mse,20260912,0.00116828161002665,,1,0
annual_shared_offset,2809,2022-08-19,2022-08-29,-0.0172375434082356,2022,2021-12-31,native_mse,20260912,0.002641518401624336,,1,0
annual_shared_offset,2814,2022-08-26,2022-09-05,-0.0131573766941938,2022,2021-12-31,native_mse,20260912,0.00258122146459616,,1,0
annual_shared_offset,2819,2022-09-02,2022-09-13,0.0253340680878015,2022,2021-12-31,native_mse,20260912,0.003426320209529877,,1,1
annual_shared_offset,2824,2022-09-09,2022-09-19,-0.044647264962877,2022,2021-12-31,native_mse,20260912,0.004071954177543495,,1,0
annual_shared_offset,2828,2022-09-16,2022-09-26,-0.025155151434928,2022,2021-12-31,native_mse,20260912,0.004321372628556118,,1,0
annual_shared_offset,2833,2022-09-23,2022-10-10,-0.0060162941299352,2022,2021-12-31,native_mse,20260912,0.0034216908995016978,,1,0
annual_shared_offset,2838,2022-09-30,2022-10-17,0.0041192047412885,2022,2021-12-31,native_mse,20260912,0.003515450079575204,,1,1
annual_shared_offset,2843,2022-10-14,2022-10-24,-0.0246766294110258,2022,2021-12-31,native_mse,20260912,0.002607809358206801,,1,0
annual_shared_offset,2848,2022-10-21,2022-10-31,-0.059928861134359,2022,2021-12-31,native_mse,20260912,0.003699251753992663,,1,0
annual_shared_offset,2853,2022-10-28,2022-11-07,0.071339502526744,2022,2021-12-31,native_mse,20260912,0.0018115173178016464,,1,1
annual_shared_offset,2858,2022-11-04,2022-11-14,0.0169449090696014,2022,2021-12-31,native_mse,20260912,0.0023418219066621243,,1,1
annual_shared_offset,2863,2022-11-11,2022-11-21,-0.0127051391515239,2022,2021-12-31,native_mse,20260912,0.0018573604038192703,,1,0
annual_shared_offset,2868,2022-11-18,2022-11-28,-0.0179672806084416,2022,2021-12-31,native_mse,20260912,0.0016249204309614228,,1,0
annual_shared_offset,2873,2022-11-25,2022-12-05,0.0555768659337096,2022,2021-12-31,native_mse,20260912,0.0016075771422150188,,1,1
annual_shared_offset,2878,2022-12-02,2022-12-12,0.0175374394775362,2022,2021-12-31,native_mse,20260912,0.0015010231403169106,,1,1
annual_shared_offset,2883,2022-12-09,2022-12-19,-0.0058850602464181,2022,2021-12-31,native_mse,20260912,0.001187317105345827,,1,0
annual_shared_offset,2888,2022-12-16,2022-12-26,-0.0309150292073658,2022,2021-12-31,native_mse,20260912,0.0019485697779955545,,1,0
annual_shared_offset,2893,2022-12-23,2023-01-03,0.0089464492229616,2022,2021-12-31,native_mse,20260912,0.0001928217320369698,,1,1
annual_shared_offset,2898,2022-12-30,2023-01-09,0.0345913414268119,2022,2021-12-31,native_mse,20260912,0.00047968928790032895,,1,1
annual_shared_offset,2902,2023-01-06,2023-01-16,0.0198447929614133,2023,2022-12-31,native_mse,20260910,-0.0025267983391307767,,0,1
annual_shared_offset,2907,2023-01-13,2023-01-30,0.0465290788350809,2023,2022-12-31,native_mse,20260910,-0.0004635399148201708,,0,1
annual_shared_offset,2912,2023-01-20,2023-02-06,-0.0383797057844887,2023,2022-12-31,native_mse,20260910,7.519190422555292e-05,,1,0
annual_shared_offset,2917,2023-02-03,2023-02-13,-0.0012061903149008,2023,2022-12-31,native_mse,20260910,0.0016271329266920357,,1,0
annual_shared_offset,2922,2023-02-10,2023-02-20,-0.0143746584432821,2023,2022-12-31,native_mse,20260910,-0.0011564163814400644,,0,0
annual_shared_offset,2927,2023-02-17,2023-02-27,0.0001237636016198,2023,2022-12-31,native_mse,20260910,-0.0016426518503498255,,0,1
annual_shared_offset,2932,2023-02-24,2023-03-06,0.0224454641303217,2023,2022-12-31,native_mse,20260910,0.0015810555880606469,,1,1
annual_shared_offset,2937,2023-03-03,2023-03-13,-0.0407900947678007,2023,2022-12-31,native_mse,20260910,0.0007073892257839969,,1,0
annual_shared_offset,2942,2023-03-10,2023-03-20,5.0471402903706775e-06,2023,2022-12-31,native_mse,20260910,-0.0001794060398361263,,0,1
annual_shared_offset,2947,2023-03-17,2023-03-27,0.015302852124583,2023,2022-12-31,native_mse,20260910,-0.0018976163672993884,,0,1
annual_shared_offset,2952,2023-03-24,2023-04-03,0.0090274153058433,2023,2022-12-31,native_mse,20260910,-0.001832954139676603,,0,1
annual_shared_offset,2957,2023-03-31,2023-04-10,0.0178317182396383,2023,2022-12-31,native_mse,20260910,-0.00172129069982479,,0,1
annual_shared_offset,2961,2023-04-07,2023-04-17,-0.0101500238382772,2023,2022-12-31,native_mse,20260910,-0.00033641886926452733,,0,0
annual_shared_offset,2966,2023-04-14,2023-04-24,-0.014368947230732,2023,2022-12-31,native_mse,20260910,-0.0013230092163269815,,0,0
annual_shared_offset,2971,2023-04-21,2023-05-04,-0.0044228908788729,2023,2022-12-31,native_mse,20260910,-0.0007286066396655064,,0,0
annual_shared_offset,2976,2023-04-28,2023-05-10,0.0036477163153083,2023,2022-12-31,native_mse,20260910,-0.00030575704561793394,,0,1
annual_shared_offset,2978,2023-05-05,2023-05-15,-0.0221642407977935,2023,2022-12-31,native_mse,20260910,-0.00011486613921578474,,0,0
annual_shared_offset,2983,2023-05-12,2023-05-22,0.0005509250208819,2023,2022-12-31,native_mse,20260910,-0.0001792163459168561,,0,1
annual_shared_offset,2988,2023-05-19,2023-05-29,-0.0200253742704897,2023,2022-12-31,native_mse,20260910,0.0009439667644663131,,1,0
annual_shared_offset,2993,2023-05-26,2023-06-05,-0.0003935703040848,2023,2022-12-31,native_mse,20260910,0.000557122093874036,,1,0
annual_shared_offset,2998,2023-06-02,2023-06-12,-0.0086075595250429,2023,2022-12-31,native_mse,20260910,-0.001180815938657947,,0,0
annual_shared_offset,3003,2023-06-09,2023-06-19,0.0338878539347273,2023,2022-12-31,native_mse,20260910,-0.0014426234760102343,,0,1
annual_shared_offset,3008,2023-06-16,2023-07-03,-0.026216632171098,2023,2022-12-31,native_mse,20260910,-0.0010042817493535598,,0,0
annual_shared_offset,3016,2023-06-30,2023-07-10,-0.0030441518806006,2023,2022-12-31,native_mse,20260910,-0.0011931588855691256,,0,0
annual_shared_offset,3021,2023-07-07,2023-07-17,0.0104280552692135,2023,2022-12-31,native_mse,20260910,-0.001925244639091561,,0,1
annual_shared_offset,3026,2023-07-14,2023-07-24,-0.0201642613135752,2023,2022-12-31,native_mse,20260910,0.00072512762062503,,1,0
annual_shared_offset,3031,2023-07-21,2023-07-31,0.0566710925894278,2023,2022-12-31,native_mse,20260910,0.0009939160139214966,,1,1
annual_shared_offset,3036,2023-07-28,2023-08-07,-0.0039612927947766,2023,2022-12-31,native_mse,20260910,-0.0005682320215149167,,0,0
annual_shared_offset,3041,2023-08-04,2023-08-14,-0.0404899362223548,2023,2022-12-31,native_mse,20260910,-0.0009301134947241365,,0,0
annual_shared_offset,3046,2023-08-11,2023-08-21,-0.0176157088591445,2023,2022-12-31,native_mse,20260910,-0.000726777176221484,,0,0
annual_shared_offset,3051,2023-08-18,2023-08-28,0.0366582477081969,2023,2022-12-31,native_mse,20260910,0.0008756120897448488,,1,1
annual_shared_offset,3056,2023-08-25,2023-09-04,-0.025197172476384,2023,2022-12-31,native_mse,20260910,-0.0006648239910763075,,0,0
annual_shared_offset,3061,2023-09-01,2023-09-11,-0.0189903461587886,2023,2022-12-31,native_mse,20260910,0.00015839660362514175,,1,0
annual_shared_offset,3066,2023-09-08,2023-09-18,-0.0111346368744954,2023,2022-12-31,native_mse,20260910,0.001744965500114605,,1,0
annual_shared_offset,3071,2023-09-15,2023-09-25,0.0105787349314532,2023,2022-12-31,native_mse,20260910,0.0006876575211446893,,1,1
annual_shared_offset,3076,2023-09-22,2023-10-16,-0.0198017153282719,2023,2022-12-31,native_mse,20260910,-0.00243132015475,,0,0
annual_shared_offset,3085,2023-10-13,2023-10-23,-0.0447156690429144,2023,2022-12-31,native_mse,20260910,-0.0021908711949872265,,0,0
annual_shared_offset,3090,2023-10-20,2023-10-30,0.0154019770298841,2023,2022-12-31,native_mse,20260910,-0.0005611083237640583,,0,1
annual_shared_offset,3095,2023-10-27,2023-11-06,0.0152527637017425,2023,2022-12-31,native_mse,20260910,0.0010289915405626282,,1,1
annual_shared_offset,3100,2023-11-03,2023-11-13,-0.0039935482440582,2023,2022-12-31,native_mse,20260910,0.001023319006735779,,1,0
annual_shared_offset,3105,2023-11-10,2023-11-20,-0.0067280482816765,2023,2022-12-31,native_mse,20260910,-0.0009564130384265961,,0,0
annual_shared_offset,3110,2023-11-17,2023-11-27,-0.0098859017348651,2023,2022-12-31,native_mse,20260910,0.00023192130830153903,,1,0
annual_shared_offset,3115,2023-11-24,2023-12-04,-0.0151084754586299,2023,2022-12-31,native_mse,20260910,0.0008732338960994725,,1,0
annual_shared_offset,3120,2023-12-01,2023-12-11,-0.0295859857973478,2023,2022-12-31,native_mse,20260910,0.000837366835393595,,1,0
annual_shared_offset,3125,2023-12-08,2023-12-18,-0.0144639658974852,2023,2022-12-31,native_mse,20260910,0.0006391538307731006,,1,0
annual_shared_offset,3130,2023-12-15,2023-12-25,0.0003424256350643,2023,2022-12-31,native_mse,20260910,0.000382991564868559,,1,1
annual_shared_offset,3135,2023-12-22,2024-01-02,0.0288079559683274,2023,2022-12-31,native_mse,20260910,-0.0008222024683218445,,0,1
annual_shared_offset,3140,2023-12-29,2024-01-08,-0.0302544749829989,2023,2022-12-31,native_mse,20260910,0.0008212539531046094,,1,0
annual_shared_offset,2902,2023-01-06,2023-01-16,0.0198447929614133,2023,2022-12-31,training_frequency,-1,0.5028949545078577,0.5028949545078577,1,1
annual_shared_offset,2907,2023-01-13,2023-01-30,0.0465290788350809,2023,2022-12-31,training_frequency,-1,0.5028949545078577,0.5028949545078577,1,1
annual_shared_offset,2912,2023-01-20,2023-02-06,-0.0383797057844887,2023,2022-12-31,training_frequency,-1,0.5028949545078577,0.5028949545078577,1,0
annual_shared_offset,2917,2023-02-03,2023-02-13,-0.0012061903149008,2023,2022-12-31,training_frequency,-1,0.5028949545078577,0.5028949545078577,1,0
annual_shared_offset,2922,2023-02-10,2023-02-20,-0.0143746584432821,2023,2022-12-31,training_frequency,-1,0.5028949545078577,0.5028949545078577,1,0
annual_shared_offset,2927,2023-02-17,2023-02-27,0.0001237636016198,2023,2022-12-31,training_frequency,-1,0.5028949545078577,0.5028949545078577,1,1
annual_shared_offset,2932,2023-02-24,2023-03-06,0.0224454641303217,2023,2022-12-31,training_frequency,-1,0.5028949545078577,0.5028949545078577,1,1
annual_shared_offset,2937,2023-03-03,2023-03-13,-0.0407900947678007,2023,2022-12-31,training_frequency,-1,0.5028949545078577,0.5028949545078577,1,0
annual_shared_offset,2942,2023-03-10,2023-03-20,5.0471402903706775e-06,2023,2022-12-31,training_frequency,-1,0.5028949545078577,0.5028949545078577,1,1
annual_shared_offset,2947,2023-03-17,2023-03-27,0.015302852124583,2023,2022-12-31,training_frequency,-1,0.5028949545078577,0.5028949545078577,1,1
annual_shared_offset,2952,2023-03-24,2023-04-03,0.0090274153058433,2023,2022-12-31,training_frequency,-1,0.5028949545078577,0.5028949545078577,1,1
annual_shared_offset,2957,2023-03-31,2023-04-10,0.0178317182396383,2023,2022-12-31,training_frequency,-1,0.5028949545078577,0.5028949545078577,1,1
annual_shared_offset,2961,2023-04-07,2023-04-17,-0.0101500238382772,2023,2022-12-31,training_frequency,-1,0.5028949545078577,0.5028949545078577,1,0
annual_shared_offset,2966,2023-04-14,2023-04-24,-0.014368947230732,2023,2022-12-31,training_frequency,-1,0.5028949545078577,0.5028949545078577,1,0
annual_shared_offset,2971,2023-04-21,2023-05-04,-0.0044228908788729,2023,2022-12-31,training_frequency,-1,0.5028949545078577,0.5028949545078577,1,0
annual_shared_offset,2976,2023-04-28,2023-05-10,0.0036477163153083,2023,2022-12-31,training_frequency,-1,0.5028949545078577,0.5028949545078577,1,1
annual_shared_offset,2978,2023-05-05,2023-05-15,-0.0221642407977935,2023,2022-12-31,training_frequency,-1,0.5028949545078577,0.5028949545078577,1,0
annual_shared_offset,2983,2023-05-12,2023-05-22,0.0005509250208819,2023,2022-12-31,training_frequency,-1,0.5028949545078577,0.5028949545078577,1,1
annual_shared_offset,2988,2023-05-19,2023-05-29,-0.0200253742704897,2023,2022-12-31,training_frequency,-1,0.5028949545078577,0.5028949545078577,1,0
annual_shared_offset,2993,2023-05-26,2023-06-05,-0.0003935703040848,2023,2022-12-31,training_frequency,-1,0.5028949545078577,0.5028949545078577,1,0
annual_shared_offset,2998,2023-06-02,2023-06-12,-0.0086075595250429,2023,2022-12-31,training_frequency,-1,0.5028949545078577,0.5028949545078577,1,0
annual_shared_offset,3003,2023-06-09,2023-06-19,0.0338878539347273,2023,2022-12-31,training_frequency,-1,0.5028949545078577,0.5028949545078577,1,1
annual_shared_offset,3008,2023-06-16,2023-07-03,-0.026216632171098,2023,2022-12-31,training_frequency,-1,0.5028949545078577,0.5028949545078577,1,0
annual_shared_offset,3016,2023-06-30,2023-07-10,-0.0030441518806006,2023,2022-12-31,training_frequency,-1,0.5028949545078577,0.5028949545078577,1,0
annual_shared_offset,3021,2023-07-07,2023-07-17,0.0104280552692135,2023,2022-12-31,training_frequency,-1,0.5028949545078577,0.5028949545078577,1,1
annual_shared_offset,3026,2023-07-14,2023-07-24,-0.0201642613135752,2023,2022-12-31,training_frequency,-1,0.5028949545078577,0.5028949545078577,1,0
annual_shared_offset,3031,2023-07-21,2023-07-31,0.0566710925894278,2023,2022-12-31,training_frequency,-1,0.5028949545078577,0.5028949545078577,1,1
annual_shared_offset,3036,2023-07-28,2023-08-07,-0.0039612927947766,2023,2022-12-31,training_frequency,-1,0.5028949545078577,0.5028949545078577,1,0
annual_shared_offset,3041,2023-08-04,2023-08-14,-0.0404899362223548,2023,2022-12-31,training_frequency,-1,0.5028949545078577,0.5028949545078577,1,0
annual_shared_offset,3046,2023-08-11,2023-08-21,-0.0176157088591445,2023,2022-12-31,training_frequency,-1,0.5028949545078577,0.5028949545078577,1,0
annual_shared_offset,3051,2023-08-18,2023-08-28,0.0366582477081969,2023,2022-12-31,training_frequency,-1,0.5028949545078577,0.5028949545078577,1,1
annual_shared_offset,3056,2023-08-25,2023-09-04,-0.025197172476384,2023,2022-12-31,training_frequency,-1,0.5028949545078577,0.5028949545078577,1,0
annual_shared_offset,3061,2023-09-01,2023-09-11,-0.0189903461587886,2023,2022-12-31,training_frequency,-1,0.5028949545078577,0.5028949545078577,1,0
annual_shared_offset,3066,2023-09-08,2023-09-18,-0.0111346368744954,2023,2022-12-31,training_frequency,-1,0.5028949545078577,0.5028949545078577,1,0
annual_shared_offset,3071,2023-09-15,2023-09-25,0.0105787349314532,2023,2022-12-31,training_frequency,-1,0.5028949545078577,0.5028949545078577,1,1
annual_shared_offset,3076,2023-09-22,2023-10-16,-0.0198017153282719,2023,2022-12-31,training_frequency,-1,0.5028949545078577,0.5028949545078577,1,0
annual_shared_offset,3085,2023-10-13,2023-10-23,-0.0447156690429144,2023,2022-12-31,training_frequency,-1,0.5028949545078577,0.5028949545078577,1,0
annual_shared_offset,3090,2023-10-20,2023-10-30,0.0154019770298841,2023,2022-12-31,training_frequency,-1,0.5028949545078577,0.5028949545078577,1,1
annual_shared_offset,3095,2023-10-27,2023-11-06,0.0152527637017425,2023,2022-12-31,training_frequency,-1,0.5028949545078577,0.5028949545078577,1,1
annual_shared_offset,3100,2023-11-03,2023-11-13,-0.0039935482440582,2023,2022-12-31,training_frequency,-1,0.5028949545078577,0.5028949545078577,1,0
annual_shared_offset,3105,2023-11-10,2023-11-20,-0.0067280482816765,2023,2022-12-31,training_frequency,-1,0.5028949545078577,0.5028949545078577,1,0
annual_shared_offset,3110,2023-11-17,2023-11-27,-0.0098859017348651,2023,2022-12-31,training_frequency,-1,0.5028949545078577,0.5028949545078577,1,0
annual_shared_offset,3115,2023-11-24,2023-12-04,-0.0151084754586299,2023,2022-12-31,training_frequency,-1,0.5028949545078577,0.5028949545078577,1,0
annual_shared_offset,3120,2023-12-01,2023-12-11,-0.0295859857973478,2023,2022-12-31,training_frequency,-1,0.5028949545078577,0.5028949545078577,1,0
annual_shared_offset,3125,2023-12-08,2023-12-18,-0.0144639658974852,2023,2022-12-31,training_frequency,-1,0.5028949545078577,0.5028949545078577,1,0
annual_shared_offset,3130,2023-12-15,2023-12-25,0.0003424256350643,2023,2022-12-31,training_frequency,-1,0.5028949545078577,0.5028949545078577,1,1
annual_shared_offset,3135,2023-12-22,2024-01-02,0.0288079559683274,2023,2022-12-31,training_frequency,-1,0.5028949545078577,0.5028949545078577,1,1
annual_shared_offset,3140,2023-12-29,2024-01-08,-0.0302544749829989,2023,2022-12-31,training_frequency,-1,0.5028949545078577,0.5028949545078577,1,0
annual_shared_offset,2902,2023-01-06,2023-01-16,0.0198447929614133,2023,2022-12-31,native_mse,20260911,-0.0028881799476405084,,0,1
annual_shared_offset,2907,2023-01-13,2023-01-30,0.0465290788350809,2023,2022-12-31,native_mse,20260911,0.002600529697082545,,1,1
annual_shared_offset,2912,2023-01-20,2023-02-06,-0.0383797057844887,2023,2022-12-31,native_mse,20260911,0.009824735187562814,,1,0
annual_shared_offset,2917,2023-02-03,2023-02-13,-0.0012061903149008,2023,2022-12-31,native_mse,20260911,0.001758336799202022,,1,0
annual_shared_offset,2922,2023-02-10,2023-02-20,-0.0143746584432821,2023,2022-12-31,native_mse,20260911,-0.004455423490420713,,0,0
annual_shared_offset,2927,2023-02-17,2023-02-27,0.0001237636016198,2023,2022-12-31,native_mse,20260911,-0.004320463721841919,,0,1
annual_shared_offset,2932,2023-02-24,2023-03-06,0.0224454641303217,2023,2022-12-31,native_mse,20260911,0.007109894584169036,,1,1
annual_shared_offset,2937,2023-03-03,2023-03-13,-0.0407900947678007,2023,2022-12-31,native_mse,20260911,0.012121075090535267,,1,0
annual_shared_offset,2942,2023-03-10,2023-03-20,5.0471402903706775e-06,2023,2022-12-31,native_mse,20260911,-0.0015684618293498606,,0,1
annual_shared_offset,2947,2023-03-17,2023-03-27,0.015302852124583,2023,2022-12-31,native_mse,20260911,-0.00455123687690783,,0,1
annual_shared_offset,2952,2023-03-24,2023-04-03,0.0090274153058433,2023,2022-12-31,native_mse,20260911,-0.0032713642765306557,,0,1
annual_shared_offset,2957,2023-03-31,2023-04-10,0.0178317182396383,2023,2022-12-31,native_mse,20260911,0.009972413917103892,,1,1
annual_shared_offset,2961,2023-04-07,2023-04-17,-0.0101500238382772,2023,2022-12-31,native_mse,20260911,0.007806808930188104,,1,0
annual_shared_offset,2966,2023-04-14,2023-04-24,-0.014368947230732,2023,2022-12-31,native_mse,20260911,0.007226249329863683,,1,0
annual_shared_offset,2971,2023-04-21,2023-05-04,-0.0044228908788729,2023,2022-12-31,native_mse,20260911,-0.0024232716039148286,,0,0
annual_shared_offset,2976,2023-04-28,2023-05-10,0.0036477163153083,2023,2022-12-31,native_mse,20260911,-0.003907239624967295,,0,1
annual_shared_offset,2978,2023-05-05,2023-05-15,-0.0221642407977935,2023,2022-12-31,native_mse,20260911,-0.0031947009428460477,,0,0
annual_shared_offset,2983,2023-05-12,2023-05-22,0.0005509250208819,2023,2022-12-31,native_mse,20260911,0.003981441571850173,,1,1
annual_shared_offset,2988,2023-05-19,2023-05-29,-0.0200253742704897,2023,2022-12-31,native_mse,20260911,0.01107004322684732,,1,0
annual_shared_offset,2993,2023-05-26,2023-06-05,-0.0003935703040848,2023,2022-12-31,native_mse,20260911,0.004560043069480671,,1,0
annual_shared_offset,2998,2023-06-02,2023-06-12,-0.0086075595250429,2023,2022-12-31,native_mse,20260911,-0.0048559678058000275,,0,0
annual_shared_offset,3003,2023-06-09,2023-06-19,0.0338878539347273,2023,2022-12-31,native_mse,20260911,-0.0042897134995229635,,0,1
annual_shared_offset,3008,2023-06-16,2023-07-03,-0.026216632171098,2023,2022-12-31,native_mse,20260911,-0.004761761648113702,,0,0
annual_shared_offset,3016,2023-06-30,2023-07-10,-0.0030441518806006,2023,2022-12-31,native_mse,20260911,0.001449000541630631,,1,0
annual_shared_offset,3021,2023-07-07,2023-07-17,0.0104280552692135,2023,2022-12-31,native_mse,20260911,-0.005015012063383114,,0,1
annual_shared_offset,3026,2023-07-14,2023-07-24,-0.0201642613135752,2023,2022-12-31,native_mse,20260911,-0.002212730290267345,,0,0
annual_shared_offset,3031,2023-07-21,2023-07-31,0.0566710925894278,2023,2022-12-31,native_mse,20260911,-0.005112763962830667,,0,1
annual_shared_offset,3036,2023-07-28,2023-08-07,-0.0039612927947766,2023,2022-12-31,native_mse,20260911,-0.0052814272148835025,,0,0
annual_shared_offset,3041,2023-08-04,2023-08-14,-0.0404899362223548,2023,2022-12-31,native_mse,20260911,-0.004618211999064367,,0,0
annual_shared_offset,3046,2023-08-11,2023-08-21,-0.0176157088591445,2023,2022-12-31,native_mse,20260911,0.009053312378542757,,1,0
annual_shared_offset,3051,2023-08-18,2023-08-28,0.0366582477081969,2023,2022-12-31,native_mse,20260911,0.004561021250172811,,1,1
annual_shared_offset,3056,2023-08-25,2023-09-04,-0.025197172476384,2023,2022-12-31,native_mse,20260911,-0.0025275908526821967,,0,0
annual_shared_offset,3061,2023-09-01,2023-09-11,-0.0189903461587886,2023,2022-12-31,native_mse,20260911,-0.0049631793698849645,,0,0
annual_shared_offset,3066,2023-09-08,2023-09-18,-0.0111346368744954,2023,2022-12-31,native_mse,20260911,0.00680202581529956,,1,0
annual_shared_offset,3071,2023-09-15,2023-09-25,0.0105787349314532,2023,2022-12-31,native_mse,20260911,0.008596091481564963,,1,1
annual_shared_offset,3076,2023-09-22,2023-10-16,-0.0198017153282719,2023,2022-12-31,native_mse,20260911,-0.0031471179155324424,,0,0
annual_shared_offset,3085,2023-10-13,2023-10-23,-0.0447156690429144,2023,2022-12-31,native_mse,20260911,-0.004148291730857776,,0,0
annual_shared_offset,3090,2023-10-20,2023-10-30,0.0154019770298841,2023,2022-12-31,native_mse,20260911,-0.005712800982170543,,0,1
annual_shared_offset,3095,2023-10-27,2023-11-06,0.0152527637017425,2023,2022-12-31,native_mse,20260911,-0.0033253387808900993,,0,1
annual_shared_offset,3100,2023-11-03,2023-11-13,-0.0039935482440582,2023,2022-12-31,native_mse,20260911,-0.0006739370262628165,,0,0
annual_shared_offset,3105,2023-11-10,2023-11-20,-0.0067280482816765,2023,2022-12-31,native_mse,20260911,-0.004003258050664914,,0,0
annual_shared_offset,3110,2023-11-17,2023-11-27,-0.0098859017348651,2023,2022-12-31,native_mse,20260911,-0.003231557067429336,,0,0
annual_shared_offset,3115,2023-11-24,2023-12-04,-0.0151084754586299,2023,2022-12-31,native_mse,20260911,-0.003968465813336381,,0,0
annual_shared_offset,3120,2023-12-01,2023-12-11,-0.0295859857973478,2023,2022-12-31,native_mse,20260911,-0.004170192617569334,,0,0
annual_shared_offset,3125,2023-12-08,2023-12-18,-0.0144639658974852,2023,2022-12-31,native_mse,20260911,-0.004708072283208354,,0,0
annual_shared_offset,3130,2023-12-15,2023-12-25,0.0003424256350643,2023,2022-12-31,native_mse,20260911,-0.005014383450601872,,0,1
annual_shared_offset,3135,2023-12-22,2024-01-02,0.0288079559683274,2023,2022-12-31,native_mse,20260911,-0.005140476035149425,,0,1
annual_shared_offset,3140,2023-12-29,2024-01-08,-0.0302544749829989,2023,2022-12-31,native_mse,20260911,-0.0034098597743402285,,0,0
annual_shared_offset,2902,2023-01-06,2023-01-16,0.0198447929614133,2023,2022-12-31,native_mse,20260912,0.0004281627694943007,,1,1
annual_shared_offset,2907,2023-01-13,2023-01-30,0.0465290788350809,2023,2022-12-31,native_mse,20260912,4.2102919401855305e-05,,1,1
annual_shared_offset,2912,2023-01-20,2023-02-06,-0.0383797057844887,2023,2022-12-31,native_mse,20260912,0.0010967633118809882,,1,0
annual_shared_offset,2917,2023-02-03,2023-02-13,-0.0012061903149008,2023,2022-12-31,native_mse,20260912,0.0008747039967658528,,1,0
annual_shared_offset,2922,2023-02-10,2023-02-20,-0.0143746584432821,2023,2022-12-31,native_mse,20260912,0.0001818132935792269,,1,0
annual_shared_offset,2927,2023-02-17,2023-02-27,0.0001237636016198,2023,2022-12-31,native_mse,20260912,0.00010126624081480557,,1,1
annual_shared_offset,2932,2023-02-24,2023-03-06,0.0224454641303217,2023,2022-12-31,native_mse,20260912,0.000782385799644381,,1,1
annual_shared_offset,2937,2023-03-03,2023-03-13,-0.0407900947678007,2023,2022-12-31,native_mse,20260912,0.00040350503591383166,,1,0
annual_shared_offset,2942,2023-03-10,2023-03-20,5.0471402903706775e-06,2023,2022-12-31,native_mse,20260912,0.00023517524465769396,,1,1
annual_shared_offset,2947,2023-03-17,2023-03-27,0.015302852124583,2023,2022-12-31,native_mse,20260912,-0.0005550490015326846,,0,1
annual_shared_offset,2952,2023-03-24,2023-04-03,0.0090274153058433,2023,2022-12-31,native_mse,20260912,0.0004555071806066471,,1,1
annual_shared_offset,2957,2023-03-31,2023-04-10,0.0178317182396383,2023,2022-12-31,native_mse,20260912,0.0006137448037054246,,1,1
annual_shared_offset,2961,2023-04-07,2023-04-17,-0.0101500238382772,2023,2022-12-31,native_mse,20260912,0.0007714668086940345,,1,0
annual_shared_offset,2966,2023-04-14,2023-04-24,-0.014368947230732,2023,2022-12-31,native_mse,20260912,0.0006120128536014287,,1,0
annual_shared_offset,2971,2023-04-21,2023-05-04,-0.0044228908788729,2023,2022-12-31,native_mse,20260912,0.0004168718728952876,,1,0
annual_shared_offset,2976,2023-04-28,2023-05-10,0.0036477163153083,2023,2022-12-31,native_mse,20260912,0.0007975995131662927,,1,1
annual_shared_offset,2978,2023-05-05,2023-05-15,-0.0221642407977935,2023,2022-12-31,native_mse,20260912,3.748499343571029e-05,,1,0
annual_shared_offset,2983,2023-05-12,2023-05-22,0.0005509250208819,2023,2022-12-31,native_mse,20260912,0.00013564688457888487,,1,1
annual_shared_offset,2988,2023-05-19,2023-05-29,-0.0200253742704897,2023,2022-12-31,native_mse,20260912,0.0006049797039520234,,1,0
annual_shared_offset,2993,2023-05-26,2023-06-05,-0.0003935703040848,2023,2022-12-31,native_mse,20260912,5.080512794837295e-05,,1,0
annual_shared_offset,2998,2023-06-02,2023-06-12,-0.0086075595250429,2023,2022-12-31,native_mse,20260912,-0.0003527596454530836,,0,0
annual_shared_offset,3003,2023-06-09,2023-06-19,0.0338878539347273,2023,2022-12-31,native_mse,20260912,-0.0004629538008774116,,0,1
annual_shared_offset,3008,2023-06-16,2023-07-03,-0.026216632171098,2023,2022-12-31,native_mse,20260912,-0.0003413110242915335,,0,0
annual_shared_offset,3016,2023-06-30,2023-07-10,-0.0030441518806006,2023,2022-12-31,native_mse,20260912,0.0003431408638381007,,1,0
annual_shared_offset,3021,2023-07-07,2023-07-17,0.0104280552692135,2023,2022-12-31,native_mse,20260912,0.000814771057302496,,1,1
annual_shared_offset,3026,2023-07-14,2023-07-24,-0.0201642613135752,2023,2022-12-31,native_mse,20260912,0.0006501402430561996,,1,0
annual_shared_offset,3031,2023-07-21,2023-07-31,0.0566710925894278,2023,2022-12-31,native_mse,20260912,2.5045124957704355e-05,,1,1
annual_shared_offset,3036,2023-07-28,2023-08-07,-0.0039612927947766,2023,2022-12-31,native_mse,20260912,0.00047471401642830695,,1,0
annual_shared_offset,3041,2023-08-04,2023-08-14,-0.0404899362223548,2023,2022-12-31,native_mse,20260912,0.0008553072765691807,,1,0
annual_shared_offset,3046,2023-08-11,2023-08-21,-0.0176157088591445,2023,2022-12-31,native_mse,20260912,0.0015027086256146451,,1,0
annual_shared_offset,3051,2023-08-18,2023-08-28,0.0366582477081969,2023,2022-12-31,native_mse,20260912,0.0006099353623650846,,1,1
annual_shared_offset,3056,2023-08-25,2023-09-04,-0.025197172476384,2023,2022-12-31,native_mse,20260912,0.00044421971221099443,,1,0
annual_shared_offset,3061,2023-09-01,2023-09-11,-0.0189903461587886,2023,2022-12-31,native_mse,20260912,-0.0002025361551160587,,0,0
annual_shared_offset,3066,2023-09-08,2023-09-18,-0.0111346368744954,2023,2022-12-31,native_mse,20260912,0.00041052847232038274,,1,0
annual_shared_offset,3071,2023-09-15,2023-09-25,0.0105787349314532,2023,2022-12-31,native_mse,20260912,0.0001624781603077036,,1,1
annual_shared_offset,3076,2023-09-22,2023-10-16,-0.0198017153282719,2023,2022-12-31,native_mse,20260912,-2.0047557486308507e-05,,0,0
annual_shared_offset,3085,2023-10-13,2023-10-23,-0.0447156690429144,2023,2022-12-31,native_mse,20260912,-7.666747850147154e-05,,0,0
annual_shared_offset,3090,2023-10-20,2023-10-30,0.0154019770298841,2023,2022-12-31,native_mse,20260912,0.00029732197364893017,,1,1
annual_shared_offset,3095,2023-10-27,2023-11-06,0.0152527637017425,2023,2022-12-31,native_mse,20260912,0.0012245039371740986,,1,1
annual_shared_offset,3100,2023-11-03,2023-11-13,-0.0039935482440582,2023,2022-12-31,native_mse,20260912,0.00041856415378897153,,1,0
annual_shared_offset,3105,2023-11-10,2023-11-20,-0.0067280482816765,2023,2022-12-31,native_mse,20260912,0.00022000524072862617,,1,0
annual_shared_offset,3110,2023-11-17,2023-11-27,-0.0098859017348651,2023,2022-12-31,native_mse,20260912,-0.00011003873914113989,,0,0
annual_shared_offset,3115,2023-11-24,2023-12-04,-0.0151084754586299,2023,2022-12-31,native_mse,20260912,0.0006004861455855604,,1,0
annual_shared_offset,3120,2023-12-01,2023-12-11,-0.0295859857973478,2023,2022-12-31,native_mse,20260912,9.164477722239853e-05,,1,0
annual_shared_offset,3125,2023-12-08,2023-12-18,-0.0144639658974852,2023,2022-12-31,native_mse,20260912,0.0003716320497864135,,1,0
annual_shared_offset,3130,2023-12-15,2023-12-25,0.0003424256350643,2023,2022-12-31,native_mse,20260912,0.0007186720416179463,,1,1
annual_shared_offset,3135,2023-12-22,2024-01-02,0.0288079559683274,2023,2022-12-31,native_mse,20260912,0.00031752353260434155,,1,1
annual_shared_offset,3140,2023-12-29,2024-01-08,-0.0302544749829989,2023,2022-12-31,native_mse,20260912,-5.293223214677527e-06,,0,0
annual_shared_offset,3144,2024-01-05,2024-01-15,-0.0158038409563566,2024,2023-12-31,native_mse,20260910,0.000251131835275678,,1,0
annual_shared_offset,3149,2024-01-12,2024-01-22,-0.002333261979756,2024,2023-12-31,native_mse,20260910,0.0007362057214049004,,1,0
annual_shared_offset,3154,2024-01-19,2024-01-29,0.0223511633823452,2024,2023-12-31,native_mse,20260910,-0.00023540604600351487,,0,1
annual_shared_offset,3159,2024-01-26,2024-02-05,-0.0513103415192826,2024,2023-12-31,native_mse,20260910,-0.001531436704987099,,0,0
annual_shared_offset,3164,2024-02-02,2024-02-26,0.1015374891364462,2024,2023-12-31,native_mse,20260910,0.004796229141878599,,1,1
annual_shared_offset,3173,2024-02-23,2024-03-04,0.0151569053862528,2024,2023-12-31,native_mse,20260910,0.005981439448417525,,1,1
annual_shared_offset,3178,2024-03-01,2024-03-11,0.0021394031715169,2024,2023-12-31,native_mse,20260910,0.002923079585146593,,1,1
annual_shared_offset,3183,2024-03-08,2024-03-18,0.0087762342284414,2024,2023-12-31,native_mse,20260910,0.004534858645957669,,1,1
annual_shared_offset,3188,2024-03-15,2024-03-25,-0.0112802133595746,2024,2023-12-31,native_mse,20260910,0.004141952477981538,,1,0
annual_shared_offset,3193,2024-03-22,2024-04-01,0.0042044725182444,2024,2023-12-31,native_mse,20260910,0.0018727898596620025,,1,1
annual_shared_offset,3198,2024-03-29,2024-04-15,-0.0219845815102011,2024,2023-12-31,native_mse,20260910,0.0003645787473085561,,1,0
annual_shared_offset,3206,2024-04-12,2024-04-22,0.018045199366633,2024,2023-12-31,native_mse,20260910,-0.00021832918624461518,,0,1
annual_shared_offset,3211,2024-04-19,2024-04-29,0.0136757744232476,2024,2023-12-31,native_mse,20260910,0.0005323002819172812,,1,1
annual_shared_offset,3216,2024-04-26,2024-05-13,0.0172434956786644,2024,2023-12-31,native_mse,20260910,-0.00014728683736751251,,0,1
annual_shared_offset,3223,2024-05-10,2024-05-20,0.0097933549988344,2024,2023-12-31,native_mse,20260910,0.0004133340837300701,,1,1
annual_shared_offset,3228,2024-05-17,2024-05-27,-0.0204803832637164,2024,2023-12-31,native_mse,20260910,0.0036262081384896457,,1,0
annual_shared_offset,3233,2024-05-24,2024-06-03,-0.0081155643048258,2024,2023-12-31,native_mse,20260910,0.0049904247327292855,,1,0
annual_shared_offset,3238,2024-05-31,2024-06-11,-0.0060267570121149,2024,2023-12-31,native_mse,20260910,0.0040244113389711345,,1,0
annual_shared_offset,3243,2024-06-07,2024-06-17,-0.0096686558937179,2024,2023-12-31,native_mse,20260910,0.008609928356971403,,1,0
annual_shared_offset,3247,2024-06-14,2024-06-24,-0.013573992457631,2024,2023-12-31,native_mse,20260910,0.008961501129694911,,1,0
annual_shared_offset,3252,2024-06-21,2024-07-01,-0.004427632109257,2024,2023-12-31,native_mse,20260910,0.0009177608055072099,,1,0
annual_shared_offset,3257,2024-06-28,2024-07-08,-0.0108320369203009,2024,2023-12-31,native_mse,20260910,0.0030020981914033497,,1,0
annual_shared_offset,3262,2024-07-05,2024-07-15,0.0122222871842843,2024,2023-12-31,native_mse,20260910,0.00336049012064386,,1,1
annual_shared_offset,3267,2024-07-12,2024-07-22,0.0218881133018156,2024,2023-12-31,native_mse,20260910,-0.0006421845267103974,,0,1
annual_shared_offset,3272,2024-07-19,2024-07-29,-0.0378787022382998,2024,2023-12-31,native_mse,20260910,0.0004540341648428114,,1,0
annual_shared_offset,3277,2024-07-26,2024-08-05,-0.0124134568216732,2024,2023-12-31,native_mse,20260910,0.0013231998081271626,,1,0
annual_shared_offset,3282,2024-08-02,2024-08-12,-0.0102762848330364,2024,2023-12-31,native_mse,20260910,0.001303372172405589,,1,0
annual_shared_offset,3287,2024-08-09,2024-08-19,0.0050186923751938,2024,2023-12-31,native_mse,20260910,0.00011119162293128984,,1,1
annual_shared_offset,3292,2024-08-16,2024-08-26,-0.0040487282687352,2024,2023-12-31,native_mse,20260910,0.0014903087569155989,,1,0
annual_shared_offset,3297,2024-08-23,2024-09-02,-0.0069594562136714,2024,2023-12-31,native_mse,20260910,-0.0030751570665977007,,0,0
annual_shared_offset,3302,2024-08-30,2024-09-09,-0.0280389655151561,2024,2023-12-31,native_mse,20260910,-0.003508085985855703,,0,0
annual_shared_offset,3307,2024-09-06,2024-09-18,-0.0174132138857783,2024,2023-12-31,native_mse,20260910,-0.0025693655960970898,,0,0
annual_shared_offset,3312,2024-09-13,2024-09-24,0.0133119329369826,2024,2023-12-31,native_mse,20260910,0.00017194356388446877,,1,1
annual_shared_offset,3315,2024-09-20,2024-09-30,0.2017513988384409,2024,2023-12-31,native_mse,20260910,0.0007791555801138394,,1,1
annual_shared_offset,3320,2024-09-27,2024-10-14,0.0178259004588408,2024,2023-12-31,native_mse,20260910,0.0007616530796663938,,1,1
annual_shared_offset,3325,2024-10-11,2024-10-21,0.0080914993282625,2024,2023-12-31,native_mse,20260910,-0.0026429925872939004,,0,1
annual_shared_offset,3330,2024-10-18,2024-10-28,0.0015733867085561,2024,2023-12-31,native_mse,20260910,-0.004083051697418182,,0,1
annual_shared_offset,3335,2024-10-25,2024-11-04,-0.0140142824257356,2024,2023-12-31,native_mse,20260910,-0.003618447449131282,,0,0
annual_shared_offset,3340,2024-11-01,2024-11-11,0.0434152361258277,2024,2023-12-31,native_mse,20260910,-0.0042863223001300965,,0,1
annual_shared_offset,3345,2024-11-08,2024-11-18,-0.0208584853931589,2024,2023-12-31,native_mse,20260910,-0.0028591792362593097,,0,0
annual_shared_offset,3350,2024-11-15,2024-11-25,-0.0267421712161923,2024,2023-12-31,native_mse,20260910,-0.0017028092388012967,,0,0
annual_shared_offset,3355,2024-11-22,2024-12-02,0.0087960346887328,2024,2023-12-31,native_mse,20260910,-0.0009456406767515755,,0,1
annual_shared_offset,3360,2024-11-29,2024-12-09,0.0155919891551781,2024,2023-12-31,native_mse,20260910,-0.0002599534945060551,,0,1
annual_shared_offset,3365,2024-12-06,2024-12-16,-0.0100436703218104,2024,2023-12-31,native_mse,20260910,0.0007542474780432574,,1,0
annual_shared_offset,3370,2024-12-13,2024-12-23,-0.0006690784017421,2024,2023-12-31,native_mse,20260910,-0.0007125951992407705,,0,0
annual_shared_offset,3375,2024-12-20,2024-12-30,0.0123595076562756,2024,2023-12-31,native_mse,20260910,-0.0012475930255920083,,0,1
annual_shared_offset,3380,2024-12-27,2025-01-06,-0.0504714964669198,2024,2023-12-31,native_mse,20260910,-0.00024548952899875387,,0,0
annual_shared_offset,3144,2024-01-05,2024-01-15,-0.0158038409563566,2024,2023-12-31,training_frequency,-1,0.5024834437086093,0.5024834437086093,1,0
annual_shared_offset,3149,2024-01-12,2024-01-22,-0.002333261979756,2024,2023-12-31,training_frequency,-1,0.5024834437086093,0.5024834437086093,1,0
annual_shared_offset,3154,2024-01-19,2024-01-29,0.0223511633823452,2024,2023-12-31,training_frequency,-1,0.5024834437086093,0.5024834437086093,1,1
annual_shared_offset,3159,2024-01-26,2024-02-05,-0.0513103415192826,2024,2023-12-31,training_frequency,-1,0.5024834437086093,0.5024834437086093,1,0
annual_shared_offset,3164,2024-02-02,2024-02-26,0.1015374891364462,2024,2023-12-31,training_frequency,-1,0.5024834437086093,0.5024834437086093,1,1
annual_shared_offset,3173,2024-02-23,2024-03-04,0.0151569053862528,2024,2023-12-31,training_frequency,-1,0.5024834437086093,0.5024834437086093,1,1
annual_shared_offset,3178,2024-03-01,2024-03-11,0.0021394031715169,2024,2023-12-31,training_frequency,-1,0.5024834437086093,0.5024834437086093,1,1
annual_shared_offset,3183,2024-03-08,2024-03-18,0.0087762342284414,2024,2023-12-31,training_frequency,-1,0.5024834437086093,0.5024834437086093,1,1
annual_shared_offset,3188,2024-03-15,2024-03-25,-0.0112802133595746,2024,2023-12-31,training_frequency,-1,0.5024834437086093,0.5024834437086093,1,0
annual_shared_offset,3193,2024-03-22,2024-04-01,0.0042044725182444,2024,2023-12-31,training_frequency,-1,0.5024834437086093,0.5024834437086093,1,1
annual_shared_offset,3198,2024-03-29,2024-04-15,-0.0219845815102011,2024,2023-12-31,training_frequency,-1,0.5024834437086093,0.5024834437086093,1,0
annual_shared_offset,3206,2024-04-12,2024-04-22,0.018045199366633,2024,2023-12-31,training_frequency,-1,0.5024834437086093,0.5024834437086093,1,1
annual_shared_offset,3211,2024-04-19,2024-04-29,0.0136757744232476,2024,2023-12-31,training_frequency,-1,0.5024834437086093,0.5024834437086093,1,1
annual_shared_offset,3216,2024-04-26,2024-05-13,0.0172434956786644,2024,2023-12-31,training_frequency,-1,0.5024834437086093,0.5024834437086093,1,1
annual_shared_offset,3223,2024-05-10,2024-05-20,0.0097933549988344,2024,2023-12-31,training_frequency,-1,0.5024834437086093,0.5024834437086093,1,1
annual_shared_offset,3228,2024-05-17,2024-05-27,-0.0204803832637164,2024,2023-12-31,training_frequency,-1,0.5024834437086093,0.5024834437086093,1,0
annual_shared_offset,3233,2024-05-24,2024-06-03,-0.0081155643048258,2024,2023-12-31,training_frequency,-1,0.5024834437086093,0.5024834437086093,1,0
annual_shared_offset,3238,2024-05-31,2024-06-11,-0.0060267570121149,2024,2023-12-31,training_frequency,-1,0.5024834437086093,0.5024834437086093,1,0
annual_shared_offset,3243,2024-06-07,2024-06-17,-0.0096686558937179,2024,2023-12-31,training_frequency,-1,0.5024834437086093,0.5024834437086093,1,0
annual_shared_offset,3247,2024-06-14,2024-06-24,-0.013573992457631,2024,2023-12-31,training_frequency,-1,0.5024834437086093,0.5024834437086093,1,0
annual_shared_offset,3252,2024-06-21,2024-07-01,-0.004427632109257,2024,2023-12-31,training_frequency,-1,0.5024834437086093,0.5024834437086093,1,0
annual_shared_offset,3257,2024-06-28,2024-07-08,-0.0108320369203009,2024,2023-12-31,training_frequency,-1,0.5024834437086093,0.5024834437086093,1,0
annual_shared_offset,3262,2024-07-05,2024-07-15,0.0122222871842843,2024,2023-12-31,training_frequency,-1,0.5024834437086093,0.5024834437086093,1,1
annual_shared_offset,3267,2024-07-12,2024-07-22,0.0218881133018156,2024,2023-12-31,training_frequency,-1,0.5024834437086093,0.5024834437086093,1,1
annual_shared_offset,3272,2024-07-19,2024-07-29,-0.0378787022382998,2024,2023-12-31,training_frequency,-1,0.5024834437086093,0.5024834437086093,1,0
annual_shared_offset,3277,2024-07-26,2024-08-05,-0.0124134568216732,2024,2023-12-31,training_frequency,-1,0.5024834437086093,0.5024834437086093,1,0
annual_shared_offset,3282,2024-08-02,2024-08-12,-0.0102762848330364,2024,2023-12-31,training_frequency,-1,0.5024834437086093,0.5024834437086093,1,0
annual_shared_offset,3287,2024-08-09,2024-08-19,0.0050186923751938,2024,2023-12-31,training_frequency,-1,0.5024834437086093,0.5024834437086093,1,1
annual_shared_offset,3292,2024-08-16,2024-08-26,-0.0040487282687352,2024,2023-12-31,training_frequency,-1,0.5024834437086093,0.5024834437086093,1,0
annual_shared_offset,3297,2024-08-23,2024-09-02,-0.0069594562136714,2024,2023-12-31,training_frequency,-1,0.5024834437086093,0.5024834437086093,1,0
annual_shared_offset,3302,2024-08-30,2024-09-09,-0.0280389655151561,2024,2023-12-31,training_frequency,-1,0.5024834437086093,0.5024834437086093,1,0
annual_shared_offset,3307,2024-09-06,2024-09-18,-0.0174132138857783,2024,2023-12-31,training_frequency,-1,0.5024834437086093,0.5024834437086093,1,0
annual_shared_offset,3312,2024-09-13,2024-09-24,0.0133119329369826,2024,2023-12-31,training_frequency,-1,0.5024834437086093,0.5024834437086093,1,1
annual_shared_offset,3315,2024-09-20,2024-09-30,0.2017513988384409,2024,2023-12-31,training_frequency,-1,0.5024834437086093,0.5024834437086093,1,1
annual_shared_offset,3320,2024-09-27,2024-10-14,0.0178259004588408,2024,2023-12-31,training_frequency,-1,0.5024834437086093,0.5024834437086093,1,1
annual_shared_offset,3325,2024-10-11,2024-10-21,0.0080914993282625,2024,2023-12-31,training_frequency,-1,0.5024834437086093,0.5024834437086093,1,1
annual_shared_offset,3330,2024-10-18,2024-10-28,0.0015733867085561,2024,2023-12-31,training_frequency,-1,0.5024834437086093,0.5024834437086093,1,1
annual_shared_offset,3335,2024-10-25,2024-11-04,-0.0140142824257356,2024,2023-12-31,training_frequency,-1,0.5024834437086093,0.5024834437086093,1,0
annual_shared_offset,3340,2024-11-01,2024-11-11,0.0434152361258277,2024,2023-12-31,training_frequency,-1,0.5024834437086093,0.5024834437086093,1,1
annual_shared_offset,3345,2024-11-08,2024-11-18,-0.0208584853931589,2024,2023-12-31,training_frequency,-1,0.5024834437086093,0.5024834437086093,1,0
annual_shared_offset,3350,2024-11-15,2024-11-25,-0.0267421712161923,2024,2023-12-31,training_frequency,-1,0.5024834437086093,0.5024834437086093,1,0
annual_shared_offset,3355,2024-11-22,2024-12-02,0.0087960346887328,2024,2023-12-31,training_frequency,-1,0.5024834437086093,0.5024834437086093,1,1
annual_shared_offset,3360,2024-11-29,2024-12-09,0.0155919891551781,2024,2023-12-31,training_frequency,-1,0.5024834437086093,0.5024834437086093,1,1
annual_shared_offset,3365,2024-12-06,2024-12-16,-0.0100436703218104,2024,2023-12-31,training_frequency,-1,0.5024834437086093,0.5024834437086093,1,0
annual_shared_offset,3370,2024-12-13,2024-12-23,-0.0006690784017421,2024,2023-12-31,training_frequency,-1,0.5024834437086093,0.5024834437086093,1,0
annual_shared_offset,3375,2024-12-20,2024-12-30,0.0123595076562756,2024,2023-12-31,training_frequency,-1,0.5024834437086093,0.5024834437086093,1,1
annual_shared_offset,3380,2024-12-27,2025-01-06,-0.0504714964669198,2024,2023-12-31,training_frequency,-1,0.5024834437086093,0.5024834437086093,1,0
annual_shared_offset,3144,2024-01-05,2024-01-15,-0.0158038409563566,2024,2023-12-31,native_mse,20260911,0.006524465736805172,,1,0
annual_shared_offset,3149,2024-01-12,2024-01-22,-0.002333261979756,2024,2023-12-31,native_mse,20260911,0.008213225375018137,,1,0
annual_shared_offset,3154,2024-01-19,2024-01-29,0.0223511633823452,2024,2023-12-31,native_mse,20260911,0.009988969845384454,,1,1
annual_shared_offset,3159,2024-01-26,2024-02-05,-0.0513103415192826,2024,2023-12-31,native_mse,20260911,0.007709942184731473,,1,0
annual_shared_offset,3164,2024-02-02,2024-02-26,0.1015374891364462,2024,2023-12-31,native_mse,20260911,0.006449485928463916,,1,1
annual_shared_offset,3173,2024-02-23,2024-03-04,0.0151569053862528,2024,2023-12-31,native_mse,20260911,0.010256530380527457,,1,1
annual_shared_offset,3178,2024-03-01,2024-03-11,0.0021394031715169,2024,2023-12-31,native_mse,20260911,0.00705766649461919,,1,1
annual_shared_offset,3183,2024-03-08,2024-03-18,0.0087762342284414,2024,2023-12-31,native_mse,20260911,0.008632918878357794,,1,1
annual_shared_offset,3188,2024-03-15,2024-03-25,-0.0112802133595746,2024,2023-12-31,native_mse,20260911,0.004101422624994645,,1,0
annual_shared_offset,3193,2024-03-22,2024-04-01,0.0042044725182444,2024,2023-12-31,native_mse,20260911,0.0049895841353934664,,1,1
annual_shared_offset,3198,2024-03-29,2024-04-15,-0.0219845815102011,2024,2023-12-31,native_mse,20260911,0.0016010611409444046,,1,0
annual_shared_offset,3206,2024-04-12,2024-04-22,0.018045199366633,2024,2023-12-31,native_mse,20260911,0.001857502186560773,,1,1
annual_shared_offset,3211,2024-04-19,2024-04-29,0.0136757744232476,2024,2023-12-31,native_mse,20260911,0.009651811290201222,,1,1
annual_shared_offset,3216,2024-04-26,2024-05-13,0.0172434956786644,2024,2023-12-31,native_mse,20260911,0.005960111287081512,,1,1
annual_shared_offset,3223,2024-05-10,2024-05-20,0.0097933549988344,2024,2023-12-31,native_mse,20260911,-0.004933376296222066,,0,1
annual_shared_offset,3228,2024-05-17,2024-05-27,-0.0204803832637164,2024,2023-12-31,native_mse,20260911,-0.003099362011607103,,0,0
annual_shared_offset,3233,2024-05-24,2024-06-03,-0.0081155643048258,2024,2023-12-31,native_mse,20260911,-0.0038744398417857777,,0,0
annual_shared_offset,3238,2024-05-31,2024-06-11,-0.0060267570121149,2024,2023-12-31,native_mse,20260911,-0.0020292253039693184,,0,0
annual_shared_offset,3243,2024-06-07,2024-06-17,-0.0096686558937179,2024,2023-12-31,native_mse,20260911,5.7354393489387904e-05,,1,0
annual_shared_offset,3247,2024-06-14,2024-06-24,-0.013573992457631,2024,2023-12-31,native_mse,20260911,0.0016373878025280563,,1,0
annual_shared_offset,3252,2024-06-21,2024-07-01,-0.004427632109257,2024,2023-12-31,native_mse,20260911,0.0027588932782398315,,1,0
annual_shared_offset,3257,2024-06-28,2024-07-08,-0.0108320369203009,2024,2023-12-31,native_mse,20260911,0.0032470747873102144,,1,0
annual_shared_offset,3262,2024-07-05,2024-07-15,0.0122222871842843,2024,2023-12-31,native_mse,20260911,0.002652089101692747,,1,1
annual_shared_offset,3267,2024-07-12,2024-07-22,0.0218881133018156,2024,2023-12-31,native_mse,20260911,0.004450330503533944,,1,1
annual_shared_offset,3272,2024-07-19,2024-07-29,-0.0378787022382998,2024,2023-12-31,native_mse,20260911,-0.0012744559041647184,,0,0
annual_shared_offset,3277,2024-07-26,2024-08-05,-0.0124134568216732,2024,2023-12-31,native_mse,20260911,-0.001291795834448832,,0,0
annual_shared_offset,3282,2024-08-02,2024-08-12,-0.0102762848330364,2024,2023-12-31,native_mse,20260911,-0.002458562952290899,,0,0
annual_shared_offset,3287,2024-08-09,2024-08-19,0.0050186923751938,2024,2023-12-31,native_mse,20260911,-0.0009352769264030156,,0,1
annual_shared_offset,3292,2024-08-16,2024-08-26,-0.0040487282687352,2024,2023-12-31,native_mse,20260911,-0.0034014636043486098,,0,0
annual_shared_offset,3297,2024-08-23,2024-09-02,-0.0069594562136714,2024,2023-12-31,native_mse,20260911,-0.0018665564124188876,,0,0
annual_shared_offset,3302,2024-08-30,2024-09-09,-0.0280389655151561,2024,2023-12-31,native_mse,20260911,2.766314850337684e-05,,1,0
annual_shared_offset,3307,2024-09-06,2024-09-18,-0.0174132138857783,2024,2023-12-31,native_mse,20260911,0.0015093996928045017,,1,0
annual_shared_offset,3312,2024-09-13,2024-09-24,0.0133119329369826,2024,2023-12-31,native_mse,20260911,0.005047902673988417,,1,1
annual_shared_offset,3315,2024-09-20,2024-09-30,0.2017513988384409,2024,2023-12-31,native_mse,20260911,0.006841795120835749,,1,1
annual_shared_offset,3320,2024-09-27,2024-10-14,0.0178259004588408,2024,2023-12-31,native_mse,20260911,0.011643607701046107,,1,1
annual_shared_offset,3325,2024-10-11,2024-10-21,0.0080914993282625,2024,2023-12-31,native_mse,20260911,0.006958055096152153,,1,1
annual_shared_offset,3330,2024-10-18,2024-10-28,0.0015733867085561,2024,2023-12-31,native_mse,20260911,0.0035488889473533555,,1,1
annual_shared_offset,3335,2024-10-25,2024-11-04,-0.0140142824257356,2024,2023-12-31,native_mse,20260911,-0.004087166652715301,,0,0
annual_shared_offset,3340,2024-11-01,2024-11-11,0.0434152361258277,2024,2023-12-31,native_mse,20260911,-0.008879815780234165,,0,1
annual_shared_offset,3345,2024-11-08,2024-11-18,-0.0208584853931589,2024,2023-12-31,native_mse,20260911,-0.0016665405141504353,,0,0
annual_shared_offset,3350,2024-11-15,2024-11-25,-0.0267421712161923,2024,2023-12-31,native_mse,20260911,-0.0014397200836903515,,0,0
annual_shared_offset,3355,2024-11-22,2024-12-02,0.0087960346887328,2024,2023-12-31,native_mse,20260911,-0.00394305191034785,,0,1
annual_shared_offset,3360,2024-11-29,2024-12-09,0.0155919891551781,2024,2023-12-31,native_mse,20260911,-0.003787046789689023,,0,1
annual_shared_offset,3365,2024-12-06,2024-12-16,-0.0100436703218104,2024,2023-12-31,native_mse,20260911,-0.0013163950781598383,,0,0
annual_shared_offset,3370,2024-12-13,2024-12-23,-0.0006690784017421,2024,2023-12-31,native_mse,20260911,-0.007731413237017607,,0,0
annual_shared_offset,3375,2024-12-20,2024-12-30,0.0123595076562756,2024,2023-12-31,native_mse,20260911,-0.005503589541502588,,0,1
annual_shared_offset,3380,2024-12-27,2025-01-06,-0.0504714964669198,2024,2023-12-31,native_mse,20260911,0.006049137218951889,,1,0
annual_shared_offset,3144,2024-01-05,2024-01-15,-0.0158038409563566,2024,2023-12-31,native_mse,20260912,0.001652613648937757,,1,0
annual_shared_offset,3149,2024-01-12,2024-01-22,-0.002333261979756,2024,2023-12-31,native_mse,20260912,0.0017566823014709063,,1,0
annual_shared_offset,3154,2024-01-19,2024-01-29,0.0223511633823452,2024,2023-12-31,native_mse,20260912,0.0017349357863463528,,1,1
annual_shared_offset,3159,2024-01-26,2024-02-05,-0.0513103415192826,2024,2023-12-31,native_mse,20260912,0.0017756045446650414,,1,0
annual_shared_offset,3164,2024-02-02,2024-02-26,0.1015374891364462,2024,2023-12-31,native_mse,20260912,0.0017702651342618495,,1,1
annual_shared_offset,3173,2024-02-23,2024-03-04,0.0151569053862528,2024,2023-12-31,native_mse,20260912,0.0018705013508167863,,1,1
annual_shared_offset,3178,2024-03-01,2024-03-11,0.0021394031715169,2024,2023-12-31,native_mse,20260912,0.0020966839632058165,,1,1
annual_shared_offset,3183,2024-03-08,2024-03-18,0.0087762342284414,2024,2023-12-31,native_mse,20260912,0.0021229030867072935,,1,1
annual_shared_offset,3188,2024-03-15,2024-03-25,-0.0112802133595746,2024,2023-12-31,native_mse,20260912,0.002169492364912302,,1,0
annual_shared_offset,3193,2024-03-22,2024-04-01,0.0042044725182444,2024,2023-12-31,native_mse,20260912,0.0021346683785466035,,1,1
annual_shared_offset,3198,2024-03-29,2024-04-15,-0.0219845815102011,2024,2023-12-31,native_mse,20260912,0.001970104765042201,,1,0
annual_shared_offset,3206,2024-04-12,2024-04-22,0.018045199366633,2024,2023-12-31,native_mse,20260912,0.0018950666103198662,,1,1
annual_shared_offset,3211,2024-04-19,2024-04-29,0.0136757744232476,2024,2023-12-31,native_mse,20260912,0.0014826942470986316,,1,1
annual_shared_offset,3216,2024-04-26,2024-05-13,0.0172434956786644,2024,2023-12-31,native_mse,20260912,0.0010502698704938512,,1,1
annual_shared_offset,3223,2024-05-10,2024-05-20,0.0097933549988344,2024,2023-12-31,native_mse,20260912,0.0008603132721811119,,1,1
annual_shared_offset,3228,2024-05-17,2024-05-27,-0.0204803832637164,2024,2023-12-31,native_mse,20260912,0.000598359363630433,,1,0
annual_shared_offset,3233,2024-05-24,2024-06-03,-0.0081155643048258,2024,2023-12-31,native_mse,20260912,0.0005736014331172037,,1,0
annual_shared_offset,3238,2024-05-31,2024-06-11,-0.0060267570121149,2024,2023-12-31,native_mse,20260912,0.0005483327414548749,,1,0
annual_shared_offset,3243,2024-06-07,2024-06-17,-0.0096686558937179,2024,2023-12-31,native_mse,20260912,0.000585176229140396,,1,0
annual_shared_offset,3247,2024-06-14,2024-06-24,-0.013573992457631,2024,2023-12-31,native_mse,20260912,0.000605835607878555,,1,0
annual_shared_offset,3252,2024-06-21,2024-07-01,-0.004427632109257,2024,2023-12-31,native_mse,20260912,0.0006286050015987623,,1,0
annual_shared_offset,3257,2024-06-28,2024-07-08,-0.0108320369203009,2024,2023-12-31,native_mse,20260912,0.00064228262166844,,1,0
annual_shared_offset,3262,2024-07-05,2024-07-15,0.0122222871842843,2024,2023-12-31,native_mse,20260912,0.000721007461573622,,1,1
annual_shared_offset,3267,2024-07-12,2024-07-22,0.0218881133018156,2024,2023-12-31,native_mse,20260912,0.000821435978076197,,1,1
annual_shared_offset,3272,2024-07-19,2024-07-29,-0.0378787022382998,2024,2023-12-31,native_mse,20260912,0.0008418861287390497,,1,0
annual_shared_offset,3277,2024-07-26,2024-08-05,-0.0124134568216732,2024,2023-12-31,native_mse,20260912,0.0012675510770958798,,1,0
annual_shared_offset,3282,2024-08-02,2024-08-12,-0.0102762848330364,2024,2023-12-31,native_mse,20260912,0.0015249857513458085,,1,0
annual_shared_offset,3287,2024-08-09,2024-08-19,0.0050186923751938,2024,2023-12-31,native_mse,20260912,0.0015779514189250905,,1,1
annual_shared_offset,3292,2024-08-16,2024-08-26,-0.0040487282687352,2024,2023-12-31,native_mse,20260912,0.0013998325080271312,,1,0
annual_shared_offset,3297,2024-08-23,2024-09-02,-0.0069594562136714,2024,2023-12-31,native_mse,20260912,0.0014255873683507452,,1,0
annual_shared_offset,3302,2024-08-30,2024-09-09,-0.0280389655151561,2024,2023-12-31,native_mse,20260912,0.0015330401621674865,,1,0
annual_shared_offset,3307,2024-09-06,2024-09-18,-0.0174132138857783,2024,2023-12-31,native_mse,20260912,0.0015627932338450265,,1,0
annual_shared_offset,3312,2024-09-13,2024-09-24,0.0133119329369826,2024,2023-12-31,native_mse,20260912,0.0015103830852308555,,1,1
annual_shared_offset,3315,2024-09-20,2024-09-30,0.2017513988384409,2024,2023-12-31,native_mse,20260912,0.0015343284400254939,,1,1
annual_shared_offset,3320,2024-09-27,2024-10-14,0.0178259004588408,2024,2023-12-31,native_mse,20260912,0.0015725051425186597,,1,1
annual_shared_offset,3325,2024-10-11,2024-10-21,0.0080914993282625,2024,2023-12-31,native_mse,20260912,0.0019394229622847915,,1,1
annual_shared_offset,3330,2024-10-18,2024-10-28,0.0015733867085561,2024,2023-12-31,native_mse,20260912,0.0021210173726156634,,1,1
annual_shared_offset,3335,2024-10-25,2024-11-04,-0.0140142824257356,2024,2023-12-31,native_mse,20260912,0.0021565584052961957,,1,0
annual_shared_offset,3340,2024-11-01,2024-11-11,0.0434152361258277,2024,2023-12-31,native_mse,20260912,0.002066143931918221,,1,1
annual_shared_offset,3345,2024-11-08,2024-11-18,-0.0208584853931589,2024,2023-12-31,native_mse,20260912,0.0019328021834634566,,1,0
annual_shared_offset,3350,2024-11-15,2024-11-25,-0.0267421712161923,2024,2023-12-31,native_mse,20260912,0.0016078398644429398,,1,0
annual_shared_offset,3355,2024-11-22,2024-12-02,0.0087960346887328,2024,2023-12-31,native_mse,20260912,0.0014387624930086427,,1,1
annual_shared_offset,3360,2024-11-29,2024-12-09,0.0155919891551781,2024,2023-12-31,native_mse,20260912,0.001055672591838617,,1,1
annual_shared_offset,3365,2024-12-06,2024-12-16,-0.0100436703218104,2024,2023-12-31,native_mse,20260912,0.0009332123922739673,,1,0
annual_shared_offset,3370,2024-12-13,2024-12-23,-0.0006690784017421,2024,2023-12-31,native_mse,20260912,0.0007303535282016855,,1,0
annual_shared_offset,3375,2024-12-20,2024-12-30,0.0123595076562756,2024,2023-12-31,native_mse,20260912,0.0006347143027364932,,1,1
annual_shared_offset,3380,2024-12-27,2025-01-06,-0.0504714964669198,2024,2023-12-31,native_mse,20260912,0.0004962445983289108,,1,0
annual_shared_offset,3384,2025-01-03,2025-01-13,-0.0189486730632231,2025,2024-12-31,native_mse,20260910,-0.0042551962797835255,,0,0
annual_shared_offset,3389,2025-01-10,2025-01-20,0.0353251773547418,2025,2024-12-31,native_mse,20260910,-0.004346017102457373,,0,1
annual_shared_offset,3394,2025-01-17,2025-01-27,0.000432821422053,2025,2024-12-31,native_mse,20260910,-0.0019110835117753682,,0,1
annual_shared_offset,3399,2025-01-24,2025-02-10,0.0159344898044284,2025,2024-12-31,native_mse,20260910,-0.0018767518511483509,,0,1
annual_shared_offset,3403,2025-02-07,2025-02-17,0.0144454990892999,2025,2024-12-31,native_mse,20260910,-0.0005243581714439598,,0,1
annual_shared_offset,3408,2025-02-14,2025-02-24,0.0045695818086644,2025,2024-12-31,native_mse,20260910,0.0018166916350322408,,1,1
annual_shared_offset,3413,2025-02-21,2025-03-03,-0.0183210488158531,2025,2024-12-31,native_mse,20260910,-0.0017910693651536675,,0,0
annual_shared_offset,3418,2025-02-28,2025-03-10,0.0117650075646844,2025,2024-12-31,native_mse,20260910,8.039864129989814e-05,,1,1
annual_shared_offset,3423,2025-03-07,2025-03-17,0.019023819058288,2025,2024-12-31,native_mse,20260910,0.00045020548490624885,,1,1
annual_shared_offset,3428,2025-03-14,2025-03-24,-0.0259983485216283,2025,2024-12-31,native_mse,20260910,0.004030585426274574,,1,0
annual_shared_offset,3433,2025-03-21,2025-03-31,-0.0025867506275359,2025,2024-12-31,native_mse,20260910,0.0025467178052053364,,1,0
annual_shared_offset,3438,2025-03-28,2025-04-14,-0.0342910101946246,2025,2024-12-31,native_mse,20260910,0.007880897711304511,,1,0
annual_shared_offset,3447,2025-04-11,2025-04-21,-0.0010339232881941,2025,2024-12-31,native_mse,20260910,5.880823721327009e-05,,1,0
annual_shared_offset,3452,2025-04-18,2025-04-28,0.0048432383085554,2025,2024-12-31,native_mse,20260910,0.005609692399565023,,1,1
annual_shared_offset,3457,2025-04-25,2025-05-12,0.02116527880118,2025,2024-12-31,native_mse,20260910,-0.000987643148635555,,0,1
annual_shared_offset,3464,2025-05-09,2025-05-19,0.0041484224873464,2025,2024-12-31,native_mse,20260910,-0.0013747677302766792,,0,1
annual_shared_offset,3469,2025-05-16,2025-05-26,-0.0017462660042188,2025,2024-12-31,native_mse,20260910,-0.0004666942525332647,,0,0
annual_shared_offset,3474,2025-05-23,2025-06-03,-0.0109216443615366,2025,2024-12-31,native_mse,20260910,-0.0003784346347167226,,0,0
annual_shared_offset,3479,2025-05-30,2025-06-09,0.011566574321892,2025,2024-12-31,native_mse,20260910,0.0010175785321809984,,1,1
annual_shared_offset,3483,2025-06-06,2025-06-16,-0.0062354943524679,2025,2024-12-31,native_mse,20260910,-0.0001914645603575384,,0,0
annual_shared_offset,3488,2025-06-13,2025-06-23,-0.005825691168304,2025,2024-12-31,native_mse,20260910,1.1665969000571627e-05,,1,0
annual_shared_offset,3493,2025-06-20,2025-06-30,0.0232670437490374,2025,2024-12-31,native_mse,20260910,0.0007044968618821799,,1,1
annual_shared_offset,3498,2025-06-27,2025-07-07,0.0145345648685946,2025,2024-12-31,native_mse,20260910,-0.003232334991441291,,0,1
annual_shared_offset,3503,2025-07-04,2025-07-14,0.0110426949002964,2025,2024-12-31,native_mse,20260910,0.003419117861495023,,1,1
annual_shared_offset,3508,2025-07-11,2025-07-21,0.0120759671840067,2025,2024-12-31,native_mse,20260910,0.011140680775400312,,1,1
annual_shared_offset,3513,2025-07-18,2025-07-28,0.0143570766898375,2025,2024-12-31,native_mse,20260910,-0.002127522022613997,,0,1
annual_shared_offset,3518,2025-07-25,2025-08-04,-0.0218642507630443,2025,2024-12-31,native_mse,20260910,-0.001869242573817923,,0,0
annual_shared_offset,3523,2025-08-01,2025-08-11,0.0179175520190988,2025,2024-12-31,native_mse,20260910,2.2319590068522338e-05,,1,1
annual_shared_offset,3528,2025-08-08,2025-08-18,0.026265786598999,2025,2024-12-31,native_mse,20260910,-0.004614466433741538,,0,1
annual_shared_offset,3533,2025-08-15,2025-08-25,0.0469483790671487,2025,2024-12-31,native_mse,20260910,-0.0013489789955213162,,0,1
annual_shared_offset,3538,2025-08-22,2025-09-01,0.0227770368340847,2025,2024-12-31,native_mse,20260910,-0.004341013056443359,,0,1
annual_shared_offset,3543,2025-08-29,2025-09-08,-0.0110053842475337,2025,2024-12-31,native_mse,20260910,-0.004924417538845909,,0,0
annual_shared_offset,3548,2025-09-05,2025-09-15,0.0151594857594405,2025,2024-12-31,native_mse,20260910,-0.004519124644784283,,0,1
annual_shared_offset,3553,2025-09-12,2025-09-22,-0.0050409160971932,2025,2024-12-31,native_mse,20260910,-0.004114428954602145,,0,0
annual_shared_offset,3558,2025-09-19,2025-09-29,0.0095300784790881,2025,2024-12-31,native_mse,20260910,-0.0047590961051182015,,0,1
annual_shared_offset,3563,2025-09-26,2025-10-13,-0.0140855274279203,2025,2024-12-31,native_mse,20260910,-0.004219803127072934,,0,0
annual_shared_offset,3567,2025-10-10,2025-10-20,0.015001547584321,2025,2024-12-31,native_mse,20260910,-0.003823350500415441,,0,1
annual_shared_offset,3572,2025-10-17,2025-10-27,0.0309637052897611,2025,2024-12-31,native_mse,20260910,-0.003866623261027931,,0,1
annual_shared_offset,3577,2025-10-24,2025-11-03,-0.013331545863497,2025,2024-12-31,native_mse,20260910,-0.0036382658807448576,,0,0
annual_shared_offset,3582,2025-10-31,2025-11-10,0.0110832418536339,2025,2024-12-31,native_mse,20260910,-0.003790641327688186,,0,1
annual_shared_offset,3587,2025-11-07,2025-11-17,-0.0152107881197579,2025,2024-12-31,native_mse,20260910,-0.003538974204578519,,0,0
annual_shared_offset,3592,2025-11-14,2025-11-24,-0.031114557454173,2025,2024-12-31,native_mse,20260910,-0.003282621345580935,,0,0
annual_shared_offset,3597,2025-11-21,2025-12-01,0.0147613767448515,2025,2024-12-31,native_mse,20260910,-0.0034884891644206416,,0,1
annual_shared_offset,3602,2025-11-28,2025-12-08,0.0118853804313106,2025,2024-12-31,native_mse,20260910,-0.003806133337151431,,0,1
annual_shared_offset,3607,2025-12-05,2025-12-15,-0.0093922675990717,2025,2024-12-31,native_mse,20260910,-0.003208553856296927,,0,0
annual_shared_offset,3612,2025-12-12,2025-12-22,0.0082791208791208,2025,2024-12-31,native_mse,20260910,0.0022387132272507658,,1,1
annual_shared_offset,3617,2025-12-19,2025-12-29,0.0153890755001995,2025,2024-12-31,native_mse,20260910,0.006486312528548796,,1,1
annual_shared_offset,3622,2025-12-26,2026-01-12,0.0239101640737868,2025,2024-12-31,native_mse,20260910,-0.0003728277129905187,,0,1
annual_shared_offset,3384,2025-01-03,2025-01-13,-0.0189486730632231,2025,2024-12-31,training_frequency,-1,0.472636815920398,0.472636815920398,0,0
annual_shared_offset,3389,2025-01-10,2025-01-20,0.0353251773547418,2025,2024-12-31,training_frequency,-1,0.472636815920398,0.472636815920398,0,1
annual_shared_offset,3394,2025-01-17,2025-01-27,0.000432821422053,2025,2024-12-31,training_frequency,-1,0.472636815920398,0.472636815920398,0,1
annual_shared_offset,3399,2025-01-24,2025-02-10,0.0159344898044284,2025,2024-12-31,training_frequency,-1,0.472636815920398,0.472636815920398,0,1
annual_shared_offset,3403,2025-02-07,2025-02-17,0.0144454990892999,2025,2024-12-31,training_frequency,-1,0.472636815920398,0.472636815920398,0,1
annual_shared_offset,3408,2025-02-14,2025-02-24,0.0045695818086644,2025,2024-12-31,training_frequency,-1,0.472636815920398,0.472636815920398,0,1
annual_shared_offset,3413,2025-02-21,2025-03-03,-0.0183210488158531,2025,2024-12-31,training_frequency,-1,0.472636815920398,0.472636815920398,0,0
annual_shared_offset,3418,2025-02-28,2025-03-10,0.0117650075646844,2025,2024-12-31,training_frequency,-1,0.472636815920398,0.472636815920398,0,1
annual_shared_offset,3423,2025-03-07,2025-03-17,0.019023819058288,2025,2024-12-31,training_frequency,-1,0.472636815920398,0.472636815920398,0,1
annual_shared_offset,3428,2025-03-14,2025-03-24,-0.0259983485216283,2025,2024-12-31,training_frequency,-1,0.472636815920398,0.472636815920398,0,0
annual_shared_offset,3433,2025-03-21,2025-03-31,-0.0025867506275359,2025,2024-12-31,training_frequency,-1,0.472636815920398,0.472636815920398,0,0
annual_shared_offset,3438,2025-03-28,2025-04-14,-0.0342910101946246,2025,2024-12-31,training_frequency,-1,0.472636815920398,0.472636815920398,0,0
annual_shared_offset,3447,2025-04-11,2025-04-21,-0.0010339232881941,2025,2024-12-31,training_frequency,-1,0.472636815920398,0.472636815920398,0,0
annual_shared_offset,3452,2025-04-18,2025-04-28,0.0048432383085554,2025,2024-12-31,training_frequency,-1,0.472636815920398,0.472636815920398,0,1
annual_shared_offset,3457,2025-04-25,2025-05-12,0.02116527880118,2025,2024-12-31,training_frequency,-1,0.472636815920398,0.472636815920398,0,1
annual_shared_offset,3464,2025-05-09,2025-05-19,0.0041484224873464,2025,2024-12-31,training_frequency,-1,0.472636815920398,0.472636815920398,0,1
annual_shared_offset,3469,2025-05-16,2025-05-26,-0.0017462660042188,2025,2024-12-31,training_frequency,-1,0.472636815920398,0.472636815920398,0,0
annual_shared_offset,3474,2025-05-23,2025-06-03,-0.0109216443615366,2025,2024-12-31,training_frequency,-1,0.472636815920398,0.472636815920398,0,0
annual_shared_offset,3479,2025-05-30,2025-06-09,0.011566574321892,2025,2024-12-31,training_frequency,-1,0.472636815920398,0.472636815920398,0,1
annual_shared_offset,3483,2025-06-06,2025-06-16,-0.0062354943524679,2025,2024-12-31,training_frequency,-1,0.472636815920398,0.472636815920398,0,0
annual_shared_offset,3488,2025-06-13,2025-06-23,-0.005825691168304,2025,2024-12-31,training_frequency,-1,0.472636815920398,0.472636815920398,0,0
annual_shared_offset,3493,2025-06-20,2025-06-30,0.0232670437490374,2025,2024-12-31,training_frequency,-1,0.472636815920398,0.472636815920398,0,1
annual_shared_offset,3498,2025-06-27,2025-07-07,0.0145345648685946,2025,2024-12-31,training_frequency,-1,0.472636815920398,0.472636815920398,0,1
annual_shared_offset,3503,2025-07-04,2025-07-14,0.0110426949002964,2025,2024-12-31,training_frequency,-1,0.472636815920398,0.472636815920398,0,1
annual_shared_offset,3508,2025-07-11,2025-07-21,0.0120759671840067,2025,2024-12-31,training_frequency,-1,0.472636815920398,0.472636815920398,0,1
annual_shared_offset,3513,2025-07-18,2025-07-28,0.0143570766898375,2025,2024-12-31,training_frequency,-1,0.472636815920398,0.472636815920398,0,1
annual_shared_offset,3518,2025-07-25,2025-08-04,-0.0218642507630443,2025,2024-12-31,training_frequency,-1,0.472636815920398,0.472636815920398,0,0
annual_shared_offset,3523,2025-08-01,2025-08-11,0.0179175520190988,2025,2024-12-31,training_frequency,-1,0.472636815920398,0.472636815920398,0,1
annual_shared_offset,3528,2025-08-08,2025-08-18,0.026265786598999,2025,2024-12-31,training_frequency,-1,0.472636815920398,0.472636815920398,0,1
annual_shared_offset,3533,2025-08-15,2025-08-25,0.0469483790671487,2025,2024-12-31,training_frequency,-1,0.472636815920398,0.472636815920398,0,1
annual_shared_offset,3538,2025-08-22,2025-09-01,0.0227770368340847,2025,2024-12-31,training_frequency,-1,0.472636815920398,0.472636815920398,0,1
annual_shared_offset,3543,2025-08-29,2025-09-08,-0.0110053842475337,2025,2024-12-31,training_frequency,-1,0.472636815920398,0.472636815920398,0,0
annual_shared_offset,3548,2025-09-05,2025-09-15,0.0151594857594405,2025,2024-12-31,training_frequency,-1,0.472636815920398,0.472636815920398,0,1
annual_shared_offset,3553,2025-09-12,2025-09-22,-0.0050409160971932,2025,2024-12-31,training_frequency,-1,0.472636815920398,0.472636815920398,0,0
annual_shared_offset,3558,2025-09-19,2025-09-29,0.0095300784790881,2025,2024-12-31,training_frequency,-1,0.472636815920398,0.472636815920398,0,1
annual_shared_offset,3563,2025-09-26,2025-10-13,-0.0140855274279203,2025,2024-12-31,training_frequency,-1,0.472636815920398,0.472636815920398,0,0
annual_shared_offset,3567,2025-10-10,2025-10-20,0.015001547584321,2025,2024-12-31,training_frequency,-1,0.472636815920398,0.472636815920398,0,1
annual_shared_offset,3572,2025-10-17,2025-10-27,0.0309637052897611,2025,2024-12-31,training_frequency,-1,0.472636815920398,0.472636815920398,0,1
annual_shared_offset,3577,2025-10-24,2025-11-03,-0.013331545863497,2025,2024-12-31,training_frequency,-1,0.472636815920398,0.472636815920398,0,0
annual_shared_offset,3582,2025-10-31,2025-11-10,0.0110832418536339,2025,2024-12-31,training_frequency,-1,0.472636815920398,0.472636815920398,0,1
annual_shared_offset,3587,2025-11-07,2025-11-17,-0.0152107881197579,2025,2024-12-31,training_frequency,-1,0.472636815920398,0.472636815920398,0,0
annual_shared_offset,3592,2025-11-14,2025-11-24,-0.031114557454173,2025,2024-12-31,training_frequency,-1,0.472636815920398,0.472636815920398,0,0
annual_shared_offset,3597,2025-11-21,2025-12-01,0.0147613767448515,2025,2024-12-31,training_frequency,-1,0.472636815920398,0.472636815920398,0,1
annual_shared_offset,3602,2025-11-28,2025-12-08,0.0118853804313106,2025,2024-12-31,training_frequency,-1,0.472636815920398,0.472636815920398,0,1
annual_shared_offset,3607,2025-12-05,2025-12-15,-0.0093922675990717,2025,2024-12-31,training_frequency,-1,0.472636815920398,0.472636815920398,0,0
annual_shared_offset,3612,2025-12-12,2025-12-22,0.0082791208791208,2025,2024-12-31,training_frequency,-1,0.472636815920398,0.472636815920398,0,1
annual_shared_offset,3617,2025-12-19,2025-12-29,0.0153890755001995,2025,2024-12-31,training_frequency,-1,0.472636815920398,0.472636815920398,0,1
annual_shared_offset,3622,2025-12-26,2026-01-12,0.0239101640737868,2025,2024-12-31,training_frequency,-1,0.472636815920398,0.472636815920398,0,1
annual_shared_offset,3384,2025-01-03,2025-01-13,-0.0189486730632231,2025,2024-12-31,native_mse,20260911,-0.002243633031677963,,0,0
annual_shared_offset,3389,2025-01-10,2025-01-20,0.0353251773547418,2025,2024-12-31,native_mse,20260911,-0.0018394813791051527,,0,1
annual_shared_offset,3394,2025-01-17,2025-01-27,0.000432821422053,2025,2024-12-31,native_mse,20260911,-0.0014393263633927758,,0,1
annual_shared_offset,3399,2025-01-24,2025-02-10,0.0159344898044284,2025,2024-12-31,native_mse,20260911,-0.0005732481089145066,,0,1
annual_shared_offset,3403,2025-02-07,2025-02-17,0.0144454990892999,2025,2024-12-31,native_mse,20260911,-0.0003493640286036611,,0,1
annual_shared_offset,3408,2025-02-14,2025-02-24,0.0045695818086644,2025,2024-12-31,native_mse,20260911,-6.571465300264602e-06,,0,1
annual_shared_offset,3413,2025-02-21,2025-03-03,-0.0183210488158531,2025,2024-12-31,native_mse,20260911,0.00010564573035517886,,1,0
annual_shared_offset,3418,2025-02-28,2025-03-10,0.0117650075646844,2025,2024-12-31,native_mse,20260911,0.00030938900384146466,,1,1
annual_shared_offset,3423,2025-03-07,2025-03-17,0.019023819058288,2025,2024-12-31,native_mse,20260911,0.0003527669941379203,,1,1
annual_shared_offset,3428,2025-03-14,2025-03-24,-0.0259983485216283,2025,2024-12-31,native_mse,20260911,0.0004719065040533454,,1,0
annual_shared_offset,3433,2025-03-21,2025-03-31,-0.0025867506275359,2025,2024-12-31,native_mse,20260911,0.0001374212134311476,,1,0
annual_shared_offset,3438,2025-03-28,2025-04-14,-0.0342910101946246,2025,2024-12-31,native_mse,20260911,0.0003460895283123176,,1,0
annual_shared_offset,3447,2025-04-11,2025-04-21,-0.0010339232881941,2025,2024-12-31,native_mse,20260911,0.000247650617921614,,1,0
annual_shared_offset,3452,2025-04-18,2025-04-28,0.0048432383085554,2025,2024-12-31,native_mse,20260911,0.0005399418130639047,,1,1
annual_shared_offset,3457,2025-04-25,2025-05-12,0.02116527880118,2025,2024-12-31,native_mse,20260911,0.00041859235087992534,,1,1
annual_shared_offset,3464,2025-05-09,2025-05-19,0.0041484224873464,2025,2024-12-31,native_mse,20260911,-0.00023324757687195213,,0,1
annual_shared_offset,3469,2025-05-16,2025-05-26,-0.0017462660042188,2025,2024-12-31,native_mse,20260911,-0.0007053097438131018,,0,0
annual_shared_offset,3474,2025-05-23,2025-06-03,-0.0109216443615366,2025,2024-12-31,native_mse,20260911,-0.0004283154814639044,,0,0
annual_shared_offset,3479,2025-05-30,2025-06-09,0.011566574321892,2025,2024-12-31,native_mse,20260911,-0.0007435280421209072,,0,1
annual_shared_offset,3483,2025-06-06,2025-06-16,-0.0062354943524679,2025,2024-12-31,native_mse,20260911,0.00031992663879525335,,1,0
annual_shared_offset,3488,2025-06-13,2025-06-23,-0.005825691168304,2025,2024-12-31,native_mse,20260911,-0.00012583521126832513,,0,0
annual_shared_offset,3493,2025-06-20,2025-06-30,0.0232670437490374,2025,2024-12-31,native_mse,20260911,0.0004804870845920942,,1,1
annual_shared_offset,3498,2025-06-27,2025-07-07,0.0145345648685946,2025,2024-12-31,native_mse,20260911,0.0003559800730399111,,1,1
annual_shared_offset,3503,2025-07-04,2025-07-14,0.0110426949002964,2025,2024-12-31,native_mse,20260911,0.0001003436982822433,,1,1
annual_shared_offset,3508,2025-07-11,2025-07-21,0.0120759671840067,2025,2024-12-31,native_mse,20260911,0.00011930674045287023,,1,1
annual_shared_offset,3513,2025-07-18,2025-07-28,0.0143570766898375,2025,2024-12-31,native_mse,20260911,-0.00014021210404791933,,0,1
annual_shared_offset,3518,2025-07-25,2025-08-04,-0.0218642507630443,2025,2024-12-31,native_mse,20260911,-0.0010675431152552786,,0,0
annual_shared_offset,3523,2025-08-01,2025-08-11,0.0179175520190988,2025,2024-12-31,native_mse,20260911,-0.0011114652147751107,,0,1
annual_shared_offset,3528,2025-08-08,2025-08-18,0.026265786598999,2025,2024-12-31,native_mse,20260911,-0.0011821175732785794,,0,1
annual_shared_offset,3533,2025-08-15,2025-08-25,0.0469483790671487,2025,2024-12-31,native_mse,20260911,-0.001692750035902398,,0,1
annual_shared_offset,3538,2025-08-22,2025-09-01,0.0227770368340847,2025,2024-12-31,native_mse,20260911,-0.0020785336587941633,,0,1
annual_shared_offset,3543,2025-08-29,2025-09-08,-0.0110053842475337,2025,2024-12-31,native_mse,20260911,-0.0022958519339049935,,0,0
annual_shared_offset,3548,2025-09-05,2025-09-15,0.0151594857594405,2025,2024-12-31,native_mse,20260911,-0.002811169444921857,,0,1
annual_shared_offset,3553,2025-09-12,2025-09-22,-0.0050409160971932,2025,2024-12-31,native_mse,20260911,-0.0028821755195373713,,0,0
annual_shared_offset,3558,2025-09-19,2025-09-29,0.0095300784790881,2025,2024-12-31,native_mse,20260911,-0.0027270038017814854,,0,1
annual_shared_offset,3563,2025-09-26,2025-10-13,-0.0140855274279203,2025,2024-12-31,native_mse,20260911,-0.002671446424452231,,0,0
annual_shared_offset,3567,2025-10-10,2025-10-20,0.015001547584321,2025,2024-12-31,native_mse,20260911,-0.002875353278749809,,0,1
annual_shared_offset,3572,2025-10-17,2025-10-27,0.0309637052897611,2025,2024-12-31,native_mse,20260911,-0.0026759293493526775,,0,1
annual_shared_offset,3577,2025-10-24,2025-11-03,-0.013331545863497,2025,2024-12-31,native_mse,20260911,-0.0024118634853773644,,0,0
annual_shared_offset,3582,2025-10-31,2025-11-10,0.0110832418536339,2025,2024-12-31,native_mse,20260911,-0.0024513790865101073,,0,1
annual_shared_offset,3587,2025-11-07,2025-11-17,-0.0152107881197579,2025,2024-12-31,native_mse,20260911,-0.0023441841984512364,,0,0
annual_shared_offset,3592,2025-11-14,2025-11-24,-0.031114557454173,2025,2024-12-31,native_mse,20260911,-0.0023326617843834286,,0,0
annual_shared_offset,3597,2025-11-21,2025-12-01,0.0147613767448515,2025,2024-12-31,native_mse,20260911,-0.0021695162719280723,,0,1
annual_shared_offset,3602,2025-11-28,2025-12-08,0.0118853804313106,2025,2024-12-31,native_mse,20260911,-0.0021230276394656705,,0,1
annual_shared_offset,3607,2025-12-05,2025-12-15,-0.0093922675990717,2025,2024-12-31,native_mse,20260911,-0.0018508009821854902,,0,0
annual_shared_offset,3612,2025-12-12,2025-12-22,0.0082791208791208,2025,2024-12-31,native_mse,20260911,-0.0014574936445709685,,0,1
annual_shared_offset,3617,2025-12-19,2025-12-29,0.0153890755001995,2025,2024-12-31,native_mse,20260911,-0.001196551069802699,,0,1
annual_shared_offset,3622,2025-12-26,2026-01-12,0.0239101640737868,2025,2024-12-31,native_mse,20260911,-0.0009424910062058391,,0,1
annual_shared_offset,3384,2025-01-03,2025-01-13,-0.0189486730632231,2025,2024-12-31,native_mse,20260912,-0.003930728949605344,,0,0
annual_shared_offset,3389,2025-01-10,2025-01-20,0.0353251773547418,2025,2024-12-31,native_mse,20260912,0.004608697114816542,,1,1
annual_shared_offset,3394,2025-01-17,2025-01-27,0.000432821422053,2025,2024-12-31,native_mse,20260912,-0.0013781107886780553,,0,1
annual_shared_offset,3399,2025-01-24,2025-02-10,0.0159344898044284,2025,2024-12-31,native_mse,20260912,0.008065382377116114,,1,1
annual_shared_offset,3403,2025-02-07,2025-02-17,0.0144454990892999,2025,2024-12-31,native_mse,20260912,0.0020560919017093573,,1,1
annual_shared_offset,3408,2025-02-14,2025-02-24,0.0045695818086644,2025,2024-12-31,native_mse,20260912,0.0004574229206631815,,1,1
annual_shared_offset,3413,2025-02-21,2025-03-03,-0.0183210488158531,2025,2024-12-31,native_mse,20260912,-0.004487069050516085,,0,0
annual_shared_offset,3418,2025-02-28,2025-03-10,0.0117650075646844,2025,2024-12-31,native_mse,20260912,0.007907777385840498,,1,1
annual_shared_offset,3423,2025-03-07,2025-03-17,0.019023819058288,2025,2024-12-31,native_mse,20260912,-0.007080334543719193,,0,1
annual_shared_offset,3428,2025-03-14,2025-03-24,-0.0259983485216283,2025,2024-12-31,native_mse,20260912,0.005416181842733637,,1,0
annual_shared_offset,3433,2025-03-21,2025-03-31,-0.0025867506275359,2025,2024-12-31,native_mse,20260912,0.0028174386195491687,,1,0
annual_shared_offset,3438,2025-03-28,2025-04-14,-0.0342910101946246,2025,2024-12-31,native_mse,20260912,0.0006099430279859906,,1,0
annual_shared_offset,3447,2025-04-11,2025-04-21,-0.0010339232881941,2025,2024-12-31,native_mse,20260912,-0.0038314464400373087,,0,0
annual_shared_offset,3452,2025-04-18,2025-04-28,0.0048432383085554,2025,2024-12-31,native_mse,20260912,-0.002239070357372274,,0,1
annual_shared_offset,3457,2025-04-25,2025-05-12,0.02116527880118,2025,2024-12-31,native_mse,20260912,-0.0030291142570267483,,0,1
annual_shared_offset,3464,2025-05-09,2025-05-19,0.0041484224873464,2025,2024-12-31,native_mse,20260912,-0.006797100864360832,,0,1
annual_shared_offset,3469,2025-05-16,2025-05-26,-0.0017462660042188,2025,2024-12-31,native_mse,20260912,0.0011635229802106158,,1,0
annual_shared_offset,3474,2025-05-23,2025-06-03,-0.0109216443615366,2025,2024-12-31,native_mse,20260912,-0.0015437185640202761,,0,0
annual_shared_offset,3479,2025-05-30,2025-06-09,0.011566574321892,2025,2024-12-31,native_mse,20260912,-0.007042284452490261,,0,1
annual_shared_offset,3483,2025-06-06,2025-06-16,-0.0062354943524679,2025,2024-12-31,native_mse,20260912,0.00028466611619904517,,1,0
annual_shared_offset,3488,2025-06-13,2025-06-23,-0.005825691168304,2025,2024-12-31,native_mse,20260912,-0.006674179072757184,,0,0
annual_shared_offset,3493,2025-06-20,2025-06-30,0.0232670437490374,2025,2024-12-31,native_mse,20260912,-0.0026285119113171485,,0,1
annual_shared_offset,3498,2025-06-27,2025-07-07,0.0145345648685946,2025,2024-12-31,native_mse,20260912,-0.001664357643481335,,0,1
annual_shared_offset,3503,2025-07-04,2025-07-14,0.0110426949002964,2025,2024-12-31,native_mse,20260912,0.0037107408116209707,,1,1
annual_shared_offset,3508,2025-07-11,2025-07-21,0.0120759671840067,2025,2024-12-31,native_mse,20260912,0.002218014475368515,,1,1
annual_shared_offset,3513,2025-07-18,2025-07-28,0.0143570766898375,2025,2024-12-31,native_mse,20260912,0.009911597608358887,,1,1
annual_shared_offset,3518,2025-07-25,2025-08-04,-0.0218642507630443,2025,2024-12-31,native_mse,20260912,-0.0013540938427923275,,0,0
annual_shared_offset,3523,2025-08-01,2025-08-11,0.0179175520190988,2025,2024-12-31,native_mse,20260912,0.002501110312004882,,1,1
annual_shared_offset,3528,2025-08-08,2025-08-18,0.026265786598999,2025,2024-12-31,native_mse,20260912,-0.006121881900028309,,0,1
annual_shared_offset,3533,2025-08-15,2025-08-25,0.0469483790671487,2025,2024-12-31,native_mse,20260912,-0.0031833828356847573,,0,1
annual_shared_offset,3538,2025-08-22,2025-09-01,0.0227770368340847,2025,2024-12-31,native_mse,20260912,-0.005229739970136804,,0,1
annual_shared_offset,3543,2025-08-29,2025-09-08,-0.0110053842475337,2025,2024-12-31,native_mse,20260912,0.0017396293034999204,,1,0
annual_shared_offset,3548,2025-09-05,2025-09-15,0.0151594857594405,2025,2024-12-31,native_mse,20260912,-0.006315423164964012,,0,1
annual_shared_offset,3553,2025-09-12,2025-09-22,-0.0050409160971932,2025,2024-12-31,native_mse,20260912,0.0036445584301978444,,1,0
annual_shared_offset,3558,2025-09-19,2025-09-29,0.0095300784790881,2025,2024-12-31,native_mse,20260912,-0.007907179585583714,,0,1
annual_shared_offset,3563,2025-09-26,2025-10-13,-0.0140855274279203,2025,2024-12-31,native_mse,20260912,-0.0016751946251609804,,0,0
annual_shared_offset,3567,2025-10-10,2025-10-20,0.015001547584321,2025,2024-12-31,native_mse,20260912,-0.006402638764524997,,0,1
annual_shared_offset,3572,2025-10-17,2025-10-27,0.0309637052897611,2025,2024-12-31,native_mse,20260912,-0.00870396964325983,,0,1
annual_shared_offset,3577,2025-10-24,2025-11-03,-0.013331545863497,2025,2024-12-31,native_mse,20260912,-0.005475122015119508,,0,0
annual_shared_offset,3582,2025-10-31,2025-11-10,0.0110832418536339,2025,2024-12-31,native_mse,20260912,-0.006949842516906396,,0,1
annual_shared_offset,3587,2025-11-07,2025-11-17,-0.0152107881197579,2025,2024-12-31,native_mse,20260912,0.005808210669049744,,1,0
annual_shared_offset,3592,2025-11-14,2025-11-24,-0.031114557454173,2025,2024-12-31,native_mse,20260912,-0.005729952989633713,,0,0
annual_shared_offset,3597,2025-11-21,2025-12-01,0.0147613767448515,2025,2024-12-31,native_mse,20260912,-0.0015450315646448089,,0,1
annual_shared_offset,3602,2025-11-28,2025-12-08,0.0118853804313106,2025,2024-12-31,native_mse,20260912,-0.0032204954130721736,,0,1
annual_shared_offset,3607,2025-12-05,2025-12-15,-0.0093922675990717,2025,2024-12-31,native_mse,20260912,-0.0047114270439592345,,0,0
annual_shared_offset,3612,2025-12-12,2025-12-22,0.0082791208791208,2025,2024-12-31,native_mse,20260912,0.0035042182684974187,,1,1
annual_shared_offset,3617,2025-12-19,2025-12-29,0.0153890755001995,2025,2024-12-31,native_mse,20260912,-0.0005370407904008248,,0,1
annual_shared_offset,3622,2025-12-26,2026-01-12,0.0239101640737868,2025,2024-12-31,native_mse,20260912,0.002315041428841435,,1,1
annual_shared_offset,3630,2026-01-09,2026-01-19,-0.0103697336282536,2026,2025-12-31,native_mse,20260910,-0.002855102612462861,,0,0
annual_shared_offset,3635,2026-01-16,2026-01-26,-0.0010190267764643,2026,2025-12-31,native_mse,20260910,-0.00015744638603756636,,0,0
annual_shared_offset,3640,2026-01-23,2026-02-02,-0.0087161586128796,2026,2025-12-31,native_mse,20260910,-0.006105688647517694,,0,0
annual_shared_offset,3645,2026-01-30,2026-02-09,0.0041482324550519,2026,2025-12-31,native_mse,20260910,-0.0019649521887390433,,0,1
annual_shared_offset,3650,2026-02-06,2026-02-24,0.0071649689901505,2026,2025-12-31,native_mse,20260910,0.0047027542719540035,,1,1
annual_shared_offset,3655,2026-02-13,2026-03-02,-0.0097920588919678,2026,2025-12-31,native_mse,20260910,0.0004179826835146159,,1,0
annual_shared_offset,3659,2026-02-27,2026-03-09,-0.0172526869201304,2026,2025-12-31,native_mse,20260910,0.0022625269962182996,,1,0
annual_shared_offset,3664,2026-03-06,2026-03-16,0.0149926634422041,2026,2025-12-31,native_mse,20260910,-0.003806878947664824,,0,1
annual_shared_offset,3669,2026-03-13,2026-03-23,-0.0364343509194254,2026,2025-12-31,native_mse,20260910,-0.006468904470141985,,0,0
annual_shared_offset,3674,2026-03-20,2026-03-30,-0.0083038829988221,2026,2025-12-31,native_mse,20260910,-0.006677801015318794,,0,0
annual_shared_offset,3679,2026-03-27,2026-04-07,-0.0035591495694504,2026,2025-12-31,native_mse,20260910,-0.0012459609623288559,,0,0
annual_shared_offset,3684,2026-04-03,2026-04-13,0.0380736235508991,2026,2025-12-31,native_mse,20260910,-0.0002708764126667155,,0,1
annual_shared_offset,3688,2026-04-10,2026-04-20,0.0242766725964382,2026,2025-12-31,native_mse,20260910,-0.0014516073248232214,,0,1
annual_shared_offset,3693,2026-04-17,2026-04-27,0.010401572188011,2026,2025-12-31,native_mse,20260910,-0.00019243492513075974,,0,1
annual_shared_offset,3698,2026-04-24,2026-05-11,0.0263674696524953,2026,2025-12-31,native_mse,20260910,0.00044530537803680217,,1,1
annual_shared_offset,3705,2026-05-08,2026-05-18,-0.0134529239455926,2026,2025-12-31,native_mse,20260910,0.00821158666179363,,1,0
annual_shared_offset,3710,2026-05-15,2026-05-25,0.0076235492615268,2026,2025-12-31,native_mse,20260910,0.009209478129531542,,1,1
annual_shared_offset,3715,2026-05-22,2026-06-01,0.005068538126898,2026,2025-12-31,native_mse,20260910,-0.0037899662548005076,,0,1
annual_shared_offset,3720,2026-05-29,2026-06-08,-0.039635353927193,2026,2025-12-31,native_mse,20260910,-0.005878390043911763,,0,0
annual_shared_offset,3725,2026-06-05,2026-06-15,0.0266849782195981,2026,2025-12-31,native_mse,20260910,-0.005079831260852612,,0,1
annual_shared_offset,3730,2026-06-12,2026-06-29,0.0076098142791176,2026,2025-12-31,native_mse,20260910,-0.0013875397965599067,,0,1
annual_shared_offset,3739,2026-06-26,2026-07-06,0.0005137647861506,2026,2025-12-31,native_mse,20260910,-0.002031043716013942,,0,1
annual_shared_offset,3744,2026-07-03,2026-07-13,-0.0252847876365399,2026,2025-12-31,native_mse,20260910,-0.003966417206833292,,0,0
annual_shared_offset,3749,2026-07-10,2026-07-20,-0.035775397012711,2026,2025-12-31,native_mse,20260910,-0.000224192482655729,,0,0
annual_shared_offset,3754,2026-07-17,2026-07-27,0.01756245533441,2026,2025-12-31,native_mse,20260910,-0.001279240964054163,,0,1
annual_shared_offset,3759,2026-07-24,2026-08-03,-0.0202339761556519,2026,2025-12-31,native_mse,20260910,-0.0020989123929827714,,0,0
annual_shared_offset,3764,2026-07-31,2026-08-10,0.0300318732435738,2026,2025-12-31,native_mse,20260910,-0.005698998401180227,,0,1
annual_shared_offset,3769,2026-08-07,2026-08-17,-0.0056482265760339,2026,2025-12-31,native_mse,20260910,-0.000843785639629233,,0,0
annual_shared_offset,3774,2026-08-14,2026-08-24,-0.0109860710402629,2026,2025-12-31,native_mse,20260910,0.001103287661206875,,1,0
annual_shared_offset,3779,2026-08-21,2026-08-31,-0.0127592811002066,2026,2025-12-31,native_mse,20260910,0.005195736341319573,,1,0
annual_shared_offset,3630,2026-01-09,2026-01-19,-0.0103697336282536,2026,2025-12-31,training_frequency,-1,0.4792703150912106,0.4792703150912106,0,0
annual_shared_offset,3635,2026-01-16,2026-01-26,-0.0010190267764643,2026,2025-12-31,training_frequency,-1,0.4792703150912106,0.4792703150912106,0,0
annual_shared_offset,3640,2026-01-23,2026-02-02,-0.0087161586128796,2026,2025-12-31,training_frequency,-1,0.4792703150912106,0.4792703150912106,0,0
annual_shared_offset,3645,2026-01-30,2026-02-09,0.0041482324550519,2026,2025-12-31,training_frequency,-1,0.4792703150912106,0.4792703150912106,0,1
annual_shared_offset,3650,2026-02-06,2026-02-24,0.0071649689901505,2026,2025-12-31,training_frequency,-1,0.4792703150912106,0.4792703150912106,0,1
annual_shared_offset,3655,2026-02-13,2026-03-02,-0.0097920588919678,2026,2025-12-31,training_frequency,-1,0.4792703150912106,0.4792703150912106,0,0
annual_shared_offset,3659,2026-02-27,2026-03-09,-0.0172526869201304,2026,2025-12-31,training_frequency,-1,0.4792703150912106,0.4792703150912106,0,0
annual_shared_offset,3664,2026-03-06,2026-03-16,0.0149926634422041,2026,2025-12-31,training_frequency,-1,0.4792703150912106,0.4792703150912106,0,1
annual_shared_offset,3669,2026-03-13,2026-03-23,-0.0364343509194254,2026,2025-12-31,training_frequency,-1,0.4792703150912106,0.4792703150912106,0,0
annual_shared_offset,3674,2026-03-20,2026-03-30,-0.0083038829988221,2026,2025-12-31,training_frequency,-1,0.4792703150912106,0.4792703150912106,0,0
annual_shared_offset,3679,2026-03-27,2026-04-07,-0.0035591495694504,2026,2025-12-31,training_frequency,-1,0.4792703150912106,0.4792703150912106,0,0
annual_shared_offset,3684,2026-04-03,2026-04-13,0.0380736235508991,2026,2025-12-31,training_frequency,-1,0.4792703150912106,0.4792703150912106,0,1
annual_shared_offset,3688,2026-04-10,2026-04-20,0.0242766725964382,2026,2025-12-31,training_frequency,-1,0.4792703150912106,0.4792703150912106,0,1
annual_shared_offset,3693,2026-04-17,2026-04-27,0.010401572188011,2026,2025-12-31,training_frequency,-1,0.4792703150912106,0.4792703150912106,0,1
annual_shared_offset,3698,2026-04-24,2026-05-11,0.0263674696524953,2026,2025-12-31,training_frequency,-1,0.4792703150912106,0.4792703150912106,0,1
annual_shared_offset,3705,2026-05-08,2026-05-18,-0.0134529239455926,2026,2025-12-31,training_frequency,-1,0.4792703150912106,0.4792703150912106,0,0
annual_shared_offset,3710,2026-05-15,2026-05-25,0.0076235492615268,2026,2025-12-31,training_frequency,-1,0.4792703150912106,0.4792703150912106,0,1
annual_shared_offset,3715,2026-05-22,2026-06-01,0.005068538126898,2026,2025-12-31,training_frequency,-1,0.4792703150912106,0.4792703150912106,0,1
annual_shared_offset,3720,2026-05-29,2026-06-08,-0.039635353927193,2026,2025-12-31,training_frequency,-1,0.4792703150912106,0.4792703150912106,0,0
annual_shared_offset,3725,2026-06-05,2026-06-15,0.0266849782195981,2026,2025-12-31,training_frequency,-1,0.4792703150912106,0.4792703150912106,0,1
annual_shared_offset,3730,2026-06-12,2026-06-29,0.0076098142791176,2026,2025-12-31,training_frequency,-1,0.4792703150912106,0.4792703150912106,0,1
annual_shared_offset,3739,2026-06-26,2026-07-06,0.0005137647861506,2026,2025-12-31,training_frequency,-1,0.4792703150912106,0.4792703150912106,0,1
annual_shared_offset,3744,2026-07-03,2026-07-13,-0.0252847876365399,2026,2025-12-31,training_frequency,-1,0.4792703150912106,0.4792703150912106,0,0
annual_shared_offset,3749,2026-07-10,2026-07-20,-0.035775397012711,2026,2025-12-31,training_frequency,-1,0.4792703150912106,0.4792703150912106,0,0
annual_shared_offset,3754,2026-07-17,2026-07-27,0.01756245533441,2026,2025-12-31,training_frequency,-1,0.4792703150912106,0.4792703150912106,0,1
annual_shared_offset,3759,2026-07-24,2026-08-03,-0.0202339761556519,2026,2025-12-31,training_frequency,-1,0.4792703150912106,0.4792703150912106,0,0
annual_shared_offset,3764,2026-07-31,2026-08-10,0.0300318732435738,2026,2025-12-31,training_frequency,-1,0.4792703150912106,0.4792703150912106,0,1
annual_shared_offset,3769,2026-08-07,2026-08-17,-0.0056482265760339,2026,2025-12-31,training_frequency,-1,0.4792703150912106,0.4792703150912106,0,0
annual_shared_offset,3774,2026-08-14,2026-08-24,-0.0109860710402629,2026,2025-12-31,training_frequency,-1,0.4792703150912106,0.4792703150912106,0,0
annual_shared_offset,3779,2026-08-21,2026-08-31,-0.0127592811002066,2026,2025-12-31,training_frequency,-1,0.4792703150912106,0.4792703150912106,0,0
annual_shared_offset,3630,2026-01-09,2026-01-19,-0.0103697336282536,2026,2025-12-31,native_mse,20260911,-0.0030890692487675277,,0,0
annual_shared_offset,3635,2026-01-16,2026-01-26,-0.0010190267764643,2026,2025-12-31,native_mse,20260911,-0.0029844245717806552,,0,0
annual_shared_offset,3640,2026-01-23,2026-02-02,-0.0087161586128796,2026,2025-12-31,native_mse,20260911,-0.0018485669736654138,,0,0
annual_shared_offset,3645,2026-01-30,2026-02-09,0.0041482324550519,2026,2025-12-31,native_mse,20260911,-0.002659061252019485,,0,1
annual_shared_offset,3650,2026-02-06,2026-02-24,0.0071649689901505,2026,2025-12-31,native_mse,20260911,-0.0015567976959256278,,0,1
annual_shared_offset,3655,2026-02-13,2026-03-02,-0.0097920588919678,2026,2025-12-31,native_mse,20260911,-0.0015389707922718095,,0,0
annual_shared_offset,3659,2026-02-27,2026-03-09,-0.0172526869201304,2026,2025-12-31,native_mse,20260911,-0.0019681718770543553,,0,0
annual_shared_offset,3664,2026-03-06,2026-03-16,0.0149926634422041,2026,2025-12-31,native_mse,20260911,0.00014521785716820214,,1,1
annual_shared_offset,3669,2026-03-13,2026-03-23,-0.0364343509194254,2026,2025-12-31,native_mse,20260911,-0.0022671453715006956,,0,0
annual_shared_offset,3674,2026-03-20,2026-03-30,-0.0083038829988221,2026,2025-12-31,native_mse,20260911,-0.001986856137592856,,0,0
annual_shared_offset,3679,2026-03-27,2026-04-07,-0.0035591495694504,2026,2025-12-31,native_mse,20260911,-0.002218520604235266,,0,0
annual_shared_offset,3684,2026-04-03,2026-04-13,0.0380736235508991,2026,2025-12-31,native_mse,20260911,-0.002090390096021022,,0,1
annual_shared_offset,3688,2026-04-10,2026-04-20,0.0242766725964382,2026,2025-12-31,native_mse,20260911,-0.0024408235069100508,,0,1
annual_shared_offset,3693,2026-04-17,2026-04-27,0.010401572188011,2026,2025-12-31,native_mse,20260911,-0.0029629470272129906,,0,1
annual_shared_offset,3698,2026-04-24,2026-05-11,0.0263674696524953,2026,2025-12-31,native_mse,20260911,-0.003359926419865766,,0,1
annual_shared_offset,3705,2026-05-08,2026-05-18,-0.0134529239455926,2026,2025-12-31,native_mse,20260911,-0.002535154678821143,,0,0
annual_shared_offset,3710,2026-05-15,2026-05-25,0.0076235492615268,2026,2025-12-31,native_mse,20260911,-0.002260058894062486,,0,1
annual_shared_offset,3715,2026-05-22,2026-06-01,0.005068538126898,2026,2025-12-31,native_mse,20260911,-0.0015057276938992676,,0,1
annual_shared_offset,3720,2026-05-29,2026-06-08,-0.039635353927193,2026,2025-12-31,native_mse,20260911,-0.002635162144589442,,0,0
annual_shared_offset,3725,2026-06-05,2026-06-15,0.0266849782195981,2026,2025-12-31,native_mse,20260911,-0.003913781241526722,,0,1
annual_shared_offset,3730,2026-06-12,2026-06-29,0.0076098142791176,2026,2025-12-31,native_mse,20260911,-0.0036857925348870147,,0,1
annual_shared_offset,3739,2026-06-26,2026-07-06,0.0005137647861506,2026,2025-12-31,native_mse,20260911,-0.0021369319429553274,,0,1
annual_shared_offset,3744,2026-07-03,2026-07-13,-0.0252847876365399,2026,2025-12-31,native_mse,20260911,-0.0022933277317483012,,0,0
annual_shared_offset,3749,2026-07-10,2026-07-20,-0.035775397012711,2026,2025-12-31,native_mse,20260911,-0.0023056933526758674,,0,0
annual_shared_offset,3754,2026-07-17,2026-07-27,0.01756245533441,2026,2025-12-31,native_mse,20260911,-0.0024493044555773855,,0,1
annual_shared_offset,3759,2026-07-24,2026-08-03,-0.0202339761556519,2026,2025-12-31,native_mse,20260911,-0.0026633393533010696,,0,0
annual_shared_offset,3764,2026-07-31,2026-08-10,0.0300318732435738,2026,2025-12-31,native_mse,20260911,-0.0024432171596736993,,0,1
annual_shared_offset,3769,2026-08-07,2026-08-17,-0.0056482265760339,2026,2025-12-31,native_mse,20260911,-0.0034017483589926685,,0,0
annual_shared_offset,3774,2026-08-14,2026-08-24,-0.0109860710402629,2026,2025-12-31,native_mse,20260911,-0.002813706354026954,,0,0
annual_shared_offset,3779,2026-08-21,2026-08-31,-0.0127592811002066,2026,2025-12-31,native_mse,20260911,-0.0019809857134933735,,0,0
annual_shared_offset,3630,2026-01-09,2026-01-19,-0.0103697336282536,2026,2025-12-31,native_mse,20260912,-0.0012654744629118373,,0,0
annual_shared_offset,3635,2026-01-16,2026-01-26,-0.0010190267764643,2026,2025-12-31,native_mse,20260912,-0.0009824454910161004,,0,0
annual_shared_offset,3640,2026-01-23,2026-02-02,-0.0087161586128796,2026,2025-12-31,native_mse,20260912,-0.0014318861524315442,,0,0
annual_shared_offset,3645,2026-01-30,2026-02-09,0.0041482324550519,2026,2025-12-31,native_mse,20260912,-0.0015519331724585116,,0,1
annual_shared_offset,3650,2026-02-06,2026-02-24,0.0071649689901505,2026,2025-12-31,native_mse,20260912,-0.0016869022750859507,,0,1
annual_shared_offset,3655,2026-02-13,2026-03-02,-0.0097920588919678,2026,2025-12-31,native_mse,20260912,-0.0011765097827620523,,0,0
annual_shared_offset,3659,2026-02-27,2026-03-09,-0.0172526869201304,2026,2025-12-31,native_mse,20260912,-0.0007085124719817442,,0,0
annual_shared_offset,3664,2026-03-06,2026-03-16,0.0149926634422041,2026,2025-12-31,native_mse,20260912,-0.0009899154221996353,,0,1
annual_shared_offset,3669,2026-03-13,2026-03-23,-0.0364343509194254,2026,2025-12-31,native_mse,20260912,-0.0011266305599294578,,0,0
annual_shared_offset,3674,2026-03-20,2026-03-30,-0.0083038829988221,2026,2025-12-31,native_mse,20260912,-0.001524311581453077,,0,0
annual_shared_offset,3679,2026-03-27,2026-04-07,-0.0035591495694504,2026,2025-12-31,native_mse,20260912,-0.0019205134194293897,,0,0
annual_shared_offset,3684,2026-04-03,2026-04-13,0.0380736235508991,2026,2025-12-31,native_mse,20260912,-0.0011376256916386593,,0,1
annual_shared_offset,3688,2026-04-10,2026-04-20,0.0242766725964382,2026,2025-12-31,native_mse,20260912,-0.0013216896399536517,,0,1
annual_shared_offset,3693,2026-04-17,2026-04-27,0.010401572188011,2026,2025-12-31,native_mse,20260912,-0.0015028502660909705,,0,1
annual_shared_offset,3698,2026-04-24,2026-05-11,0.0263674696524953,2026,2025-12-31,native_mse,20260912,-0.0012568015547876838,,0,1
annual_shared_offset,3705,2026-05-08,2026-05-18,-0.0134529239455926,2026,2025-12-31,native_mse,20260912,-0.0004371239494575972,,0,0
annual_shared_offset,3710,2026-05-15,2026-05-25,0.0076235492615268,2026,2025-12-31,native_mse,20260912,6.163719011948235e-05,,1,1
annual_shared_offset,3715,2026-05-22,2026-06-01,0.005068538126898,2026,2025-12-31,native_mse,20260912,7.730204085298746e-06,,1,1
annual_shared_offset,3720,2026-05-29,2026-06-08,-0.039635353927193,2026,2025-12-31,native_mse,20260912,-0.00019569943758148556,,0,0
annual_shared_offset,3725,2026-06-05,2026-06-15,0.0266849782195981,2026,2025-12-31,native_mse,20260912,-0.00010540438898025962,,0,1
annual_shared_offset,3730,2026-06-12,2026-06-29,0.0076098142791176,2026,2025-12-31,native_mse,20260912,-0.0007095936265099443,,0,1
annual_shared_offset,3739,2026-06-26,2026-07-06,0.0005137647861506,2026,2025-12-31,native_mse,20260912,-0.00033128119271872585,,0,1
annual_shared_offset,3744,2026-07-03,2026-07-13,-0.0252847876365399,2026,2025-12-31,native_mse,20260912,-0.0011443460816151978,,0,0
annual_shared_offset,3749,2026-07-10,2026-07-20,-0.035775397012711,2026,2025-12-31,native_mse,20260912,-0.0017039989678604111,,0,0
annual_shared_offset,3754,2026-07-17,2026-07-27,0.01756245533441,2026,2025-12-31,native_mse,20260912,-0.0017003094595498154,,0,1
annual_shared_offset,3759,2026-07-24,2026-08-03,-0.0202339761556519,2026,2025-12-31,native_mse,20260912,-0.0018633248001663242,,0,0
annual_shared_offset,3764,2026-07-31,2026-08-10,0.0300318732435738,2026,2025-12-31,native_mse,20260912,-0.0013665112944695823,,0,1
annual_shared_offset,3769,2026-08-07,2026-08-17,-0.0056482265760339,2026,2025-12-31,native_mse,20260912,-0.0010726869031266657,,0,0
annual_shared_offset,3774,2026-08-14,2026-08-24,-0.0109860710402629,2026,2025-12-31,native_mse,20260912,-0.0012030503226100222,,0,0
annual_shared_offset,3779,2026-08-21,2026-08-31,-0.0127592811002066,2026,2025-12-31,native_mse,20260912,-0.0005090624873602664,,0,0
annual_state_offset_half,2418,2021-01-08,2021-01-18,-0.0120052904669853,2021,2020-12-31,native_mse,20260910,-0.00016719672473286887,,0,0
annual_state_offset_half,2423,2021-01-15,2021-01-25,0.0231622460538123,2021,2020-12-31,native_mse,20260910,-0.0024576018862454926,,0,1
annual_state_offset_half,2428,2021-01-22,2021-02-01,-0.0372511735907923,2021,2020-12-31,native_mse,20260910,-0.003647746896638798,,0,0
annual_state_offset_half,2433,2021-01-29,2021-02-08,0.0278689901714626,2021,2020-12-31,native_mse,20260910,-0.0025472735860022446,,0,1
annual_state_offset_half,2438,2021-02-05,2021-02-22,0.0507379035040882,2021,2020-12-31,native_mse,20260910,-0.0030793775400414984,,0,1
annual_state_offset_half,2443,2021-02-19,2021-03-01,-0.0684918010685315,2021,2020-12-31,native_mse,20260910,-0.0023490676188242655,,0,0
annual_state_offset_half,2448,2021-02-26,2021-03-08,-0.0165997123904068,2021,2020-12-31,native_mse,20260910,-0.0023665663755005908,,0,0
annual_state_offset_half,2453,2021-03-05,2021-03-15,-0.0346560901469681,2021,2020-12-31,native_mse,20260910,-0.0014253865572098575,,0,0
annual_state_offset_half,2458,2021-03-12,2021-03-22,-0.0210550182560221,2021,2020-12-31,native_mse,20260910,-0.0005000901973691782,,0,0
annual_state_offset_half,2463,2021-03-19,2021-03-29,0.0087572877565691,2021,2020-12-31,native_mse,20260910,0.006023340982564988,,1,1
annual_state_offset_half,2468,2021-03-26,2021-04-06,0.0250145479448802,2021,2020-12-31,native_mse,20260910,0.005598392317839315,,1,1
annual_state_offset_half,2473,2021-04-02,2021-04-12,-0.0292856811827044,2021,2020-12-31,native_mse,20260910,0.0036485752776130036,,1,0
annual_state_offset_half,2477,2021-04-09,2021-04-19,-0.0120489836840408,2021,2020-12-31,native_mse,20260910,0.007350243400305611,,1,0
annual_state_offset_half,2482,2021-04-16,2021-04-26,0.0382932540809155,2021,2020-12-31,native_mse,20260910,0.002900059176571625,,1,1
annual_state_offset_half,2487,2021-04-23,2021-05-06,-0.0112070185917437,2021,2020-12-31,native_mse,20260910,0.007596625467989239,,1,0
annual_state_offset_half,2492,2021-04-30,2021-05-12,-0.0190946889464188,2021,2020-12-31,native_mse,20260910,0.007105998256782256,,1,0
annual_state_offset_half,2494,2021-05-07,2021-05-17,0.0227674429764228,2021,2020-12-31,native_mse,20260910,0.0072995237328683515,,1,1
annual_state_offset_half,2499,2021-05-14,2021-05-24,0.0045940519733895,2021,2020-12-31,native_mse,20260910,0.006906583839110419,,1,1
annual_state_offset_half,2504,2021-05-21,2021-05-31,0.0348855085126711,2021,2020-12-31,native_mse,20260910,0.0039949465805707365,,1,1
annual_state_offset_half,2509,2021-05-28,2021-06-07,-0.0062409741861724,2021,2020-12-31,native_mse,20260910,0.004302626766656515,,1,0
annual_state_offset_half,2514,2021-06-04,2021-06-15,-0.0125508761771767,2021,2020-12-31,native_mse,20260910,0.0018010688105476373,,1,0
annual_state_offset_half,2519,2021-06-11,2021-06-21,-0.0250011497424577,2021,2020-12-31,native_mse,20260910,-0.0027939130847951473,,0,0
annual_state_offset_half,2523,2021-06-18,2021-06-28,0.0325308711127356,2021,2020-12-31,native_mse,20260910,-0.0024054667576293687,,0,1
annual_state_offset_half,2528,2021-06-25,2021-07-05,-0.0342297962734196,2021,2020-12-31,native_mse,20260910,-0.0021641013171994155,,0,0
annual_state_offset_half,2533,2021-07-02,2021-07-12,0.0068193733271841,2021,2020-12-31,native_mse,20260910,-0.002740282150259048,,0,1
annual_state_offset_half,2538,2021-07-09,2021-07-19,-0.0048254045313779,2021,2020-12-31,native_mse,20260910,-0.0025804416168060183,,0,0
annual_state_offset_half,2543,2021-07-16,2021-07-26,-0.0032299118953994,2021,2020-12-31,native_mse,20260910,-0.0035112489700114967,,0,0
annual_state_offset_half,2548,2021-07-23,2021-08-02,-0.0537740931579083,2021,2020-12-31,native_mse,20260910,-0.002252148085559406,,0,0
annual_state_offset_half,2553,2021-07-30,2021-08-09,0.019904813945049,2021,2020-12-31,native_mse,20260910,-0.0013935392955686378,,0,1
annual_state_offset_half,2558,2021-08-06,2021-08-16,0.0093369268709639,2021,2020-12-31,native_mse,20260910,-0.0008547058545780883,,0,1
annual_state_offset_half,2563,2021-08-13,2021-08-23,-0.032048736608373,2021,2020-12-31,native_mse,20260910,-0.0010996712313164061,,0,0
annual_state_offset_half,2568,2021-08-20,2021-08-30,0.0145047962107527,2021,2020-12-31,native_mse,20260910,0.0014984460902095808,,1,1
annual_state_offset_half,2573,2021-08-27,2021-09-06,-0.0012316820816045,2021,2020-12-31,native_mse,20260910,0.006590900742918945,,1,0
annual_state_offset_half,2578,2021-09-03,2021-09-13,0.0342301066295398,2021,2020-12-31,native_mse,20260910,0.009486980636077728,,1,1
annual_state_offset_half,2583,2021-09-10,2021-09-22,-0.0471441667981554,2021,2020-12-31,native_mse,20260910,0.009371153033789907,,1,0
annual_state_offset_half,2588,2021-09-17,2021-09-28,0.0209863060789441,2021,2020-12-31,native_mse,20260910,0.009603132896707183,,1,1
annual_state_offset_half,2591,2021-09-24,2021-10-11,0.0144615416200457,2021,2020-12-31,native_mse,20260910,0.009682760274058575,,1,1
annual_state_offset_half,2596,2021-10-08,2021-10-18,-0.0038006269617851,2021,2020-12-31,native_mse,20260910,0.009091248352644028,,1,0
annual_state_offset_half,2601,2021-10-15,2021-10-25,0.0037358989621147,2021,2020-12-31,native_mse,20260910,0.008469619450977196,,1,1
annual_state_offset_half,2606,2021-10-22,2021-11-01,-0.0127041632091318,2021,2020-12-31,native_mse,20260910,0.0008933657456787875,,1,0
annual_state_offset_half,2611,2021-10-29,2021-11-08,-0.0075807737801166,2021,2020-12-31,native_mse,20260910,0.002406790555140204,,1,0
annual_state_offset_half,2616,2021-11-05,2021-11-15,0.0110015182343039,2021,2020-12-31,native_mse,20260910,0.004495816516502967,,1,1
annual_state_offset_half,2621,2021-11-12,2021-11-22,0.0002002284238551,2021,2020-12-31,native_mse,20260910,0.008345328596010884,,1,1
annual_state_offset_half,2626,2021-11-19,2021-11-29,-0.0153981603100059,2021,2020-12-31,native_mse,20260910,0.006936498727743483,,1,0
annual_state_offset_half,2631,2021-11-26,2021-12-06,0.0185518287306458,2021,2020-12-31,native_mse,20260910,0.0043122154605937865,,1,1
annual_state_offset_half,2636,2021-12-03,2021-12-13,0.0367843110096284,2021,2020-12-31,native_mse,20260910,0.003903132217743633,,1,1
annual_state_offset_half,2641,2021-12-10,2021-12-20,-0.0304615698955996,2021,2020-12-31,native_mse,20260910,0.0011584734670292821,,1,0
annual_state_offset_half,2646,2021-12-17,2021-12-27,-0.0034083287233763,2021,2020-12-31,native_mse,20260910,0.008060168302998738,,1,0
annual_state_offset_half,2651,2021-12-24,2022-01-04,0.0080985736506613,2021,2020-12-31,native_mse,20260910,0.0074924187486900135,,1,1
annual_state_offset_half,2656,2021-12-31,2022-01-10,-0.0293970528320001,2021,2020-12-31,native_mse,20260910,0.008334791957105143,,1,0
annual_state_offset_half,2418,2021-01-08,2021-01-18,-0.0120052904669853,2021,2020-12-31,training_frequency,-1,0.5577557755775577,0.5577557755775577,1,0
annual_state_offset_half,2423,2021-01-15,2021-01-25,0.0231622460538123,2021,2020-12-31,training_frequency,-1,0.5577557755775577,0.5577557755775577,1,1
annual_state_offset_half,2428,2021-01-22,2021-02-01,-0.0372511735907923,2021,2020-12-31,training_frequency,-1,0.5577557755775577,0.5577557755775577,1,0
annual_state_offset_half,2433,2021-01-29,2021-02-08,0.0278689901714626,2021,2020-12-31,training_frequency,-1,0.5577557755775577,0.5577557755775577,1,1
annual_state_offset_half,2438,2021-02-05,2021-02-22,0.0507379035040882,2021,2020-12-31,training_frequency,-1,0.5577557755775577,0.5577557755775577,1,1
annual_state_offset_half,2443,2021-02-19,2021-03-01,-0.0684918010685315,2021,2020-12-31,training_frequency,-1,0.5577557755775577,0.5577557755775577,1,0
annual_state_offset_half,2448,2021-02-26,2021-03-08,-0.0165997123904068,2021,2020-12-31,training_frequency,-1,0.5577557755775577,0.5577557755775577,1,0
annual_state_offset_half,2453,2021-03-05,2021-03-15,-0.0346560901469681,2021,2020-12-31,training_frequency,-1,0.5577557755775577,0.5577557755775577,1,0
annual_state_offset_half,2458,2021-03-12,2021-03-22,-0.0210550182560221,2021,2020-12-31,training_frequency,-1,0.5577557755775577,0.5577557755775577,1,0
annual_state_offset_half,2463,2021-03-19,2021-03-29,0.0087572877565691,2021,2020-12-31,training_frequency,-1,0.5577557755775577,0.5577557755775577,1,1
annual_state_offset_half,2468,2021-03-26,2021-04-06,0.0250145479448802,2021,2020-12-31,training_frequency,-1,0.5577557755775577,0.5577557755775577,1,1
annual_state_offset_half,2473,2021-04-02,2021-04-12,-0.0292856811827044,2021,2020-12-31,training_frequency,-1,0.5577557755775577,0.5577557755775577,1,0
annual_state_offset_half,2477,2021-04-09,2021-04-19,-0.0120489836840408,2021,2020-12-31,training_frequency,-1,0.5577557755775577,0.5577557755775577,1,0
annual_state_offset_half,2482,2021-04-16,2021-04-26,0.0382932540809155,2021,2020-12-31,training_frequency,-1,0.5577557755775577,0.5577557755775577,1,1
annual_state_offset_half,2487,2021-04-23,2021-05-06,-0.0112070185917437,2021,2020-12-31,training_frequency,-1,0.5577557755775577,0.5577557755775577,1,0
annual_state_offset_half,2492,2021-04-30,2021-05-12,-0.0190946889464188,2021,2020-12-31,training_frequency,-1,0.5577557755775577,0.5577557755775577,1,0
annual_state_offset_half,2494,2021-05-07,2021-05-17,0.0227674429764228,2021,2020-12-31,training_frequency,-1,0.5577557755775577,0.5577557755775577,1,1
annual_state_offset_half,2499,2021-05-14,2021-05-24,0.0045940519733895,2021,2020-12-31,training_frequency,-1,0.5577557755775577,0.5577557755775577,1,1
annual_state_offset_half,2504,2021-05-21,2021-05-31,0.0348855085126711,2021,2020-12-31,training_frequency,-1,0.5577557755775577,0.5577557755775577,1,1
annual_state_offset_half,2509,2021-05-28,2021-06-07,-0.0062409741861724,2021,2020-12-31,training_frequency,-1,0.5577557755775577,0.5577557755775577,1,0
annual_state_offset_half,2514,2021-06-04,2021-06-15,-0.0125508761771767,2021,2020-12-31,training_frequency,-1,0.5577557755775577,0.5577557755775577,1,0
annual_state_offset_half,2519,2021-06-11,2021-06-21,-0.0250011497424577,2021,2020-12-31,training_frequency,-1,0.5577557755775577,0.5577557755775577,1,0
annual_state_offset_half,2523,2021-06-18,2021-06-28,0.0325308711127356,2021,2020-12-31,training_frequency,-1,0.5577557755775577,0.5577557755775577,1,1
annual_state_offset_half,2528,2021-06-25,2021-07-05,-0.0342297962734196,2021,2020-12-31,training_frequency,-1,0.5577557755775577,0.5577557755775577,1,0
annual_state_offset_half,2533,2021-07-02,2021-07-12,0.0068193733271841,2021,2020-12-31,training_frequency,-1,0.5577557755775577,0.5577557755775577,1,1
annual_state_offset_half,2538,2021-07-09,2021-07-19,-0.0048254045313779,2021,2020-12-31,training_frequency,-1,0.5577557755775577,0.5577557755775577,1,0
annual_state_offset_half,2543,2021-07-16,2021-07-26,-0.0032299118953994,2021,2020-12-31,training_frequency,-1,0.5577557755775577,0.5577557755775577,1,0
annual_state_offset_half,2548,2021-07-23,2021-08-02,-0.0537740931579083,2021,2020-12-31,training_frequency,-1,0.5577557755775577,0.5577557755775577,1,0
annual_state_offset_half,2553,2021-07-30,2021-08-09,0.019904813945049,2021,2020-12-31,training_frequency,-1,0.5577557755775577,0.5577557755775577,1,1
annual_state_offset_half,2558,2021-08-06,2021-08-16,0.0093369268709639,2021,2020-12-31,training_frequency,-1,0.5577557755775577,0.5577557755775577,1,1
annual_state_offset_half,2563,2021-08-13,2021-08-23,-0.032048736608373,2021,2020-12-31,training_frequency,-1,0.5577557755775577,0.5577557755775577,1,0
annual_state_offset_half,2568,2021-08-20,2021-08-30,0.0145047962107527,2021,2020-12-31,training_frequency,-1,0.5577557755775577,0.5577557755775577,1,1
annual_state_offset_half,2573,2021-08-27,2021-09-06,-0.0012316820816045,2021,2020-12-31,training_frequency,-1,0.5577557755775577,0.5577557755775577,1,0
annual_state_offset_half,2578,2021-09-03,2021-09-13,0.0342301066295398,2021,2020-12-31,training_frequency,-1,0.5577557755775577,0.5577557755775577,1,1
annual_state_offset_half,2583,2021-09-10,2021-09-22,-0.0471441667981554,2021,2020-12-31,training_frequency,-1,0.5577557755775577,0.5577557755775577,1,0
annual_state_offset_half,2588,2021-09-17,2021-09-28,0.0209863060789441,2021,2020-12-31,training_frequency,-1,0.5577557755775577,0.5577557755775577,1,1
annual_state_offset_half,2591,2021-09-24,2021-10-11,0.0144615416200457,2021,2020-12-31,training_frequency,-1,0.5577557755775577,0.5577557755775577,1,1
annual_state_offset_half,2596,2021-10-08,2021-10-18,-0.0038006269617851,2021,2020-12-31,training_frequency,-1,0.5577557755775577,0.5577557755775577,1,0
annual_state_offset_half,2601,2021-10-15,2021-10-25,0.0037358989621147,2021,2020-12-31,training_frequency,-1,0.5577557755775577,0.5577557755775577,1,1
annual_state_offset_half,2606,2021-10-22,2021-11-01,-0.0127041632091318,2021,2020-12-31,training_frequency,-1,0.5577557755775577,0.5577557755775577,1,0
annual_state_offset_half,2611,2021-10-29,2021-11-08,-0.0075807737801166,2021,2020-12-31,training_frequency,-1,0.5577557755775577,0.5577557755775577,1,0
annual_state_offset_half,2616,2021-11-05,2021-11-15,0.0110015182343039,2021,2020-12-31,training_frequency,-1,0.5577557755775577,0.5577557755775577,1,1
annual_state_offset_half,2621,2021-11-12,2021-11-22,0.0002002284238551,2021,2020-12-31,training_frequency,-1,0.5577557755775577,0.5577557755775577,1,1
annual_state_offset_half,2626,2021-11-19,2021-11-29,-0.0153981603100059,2021,2020-12-31,training_frequency,-1,0.5577557755775577,0.5577557755775577,1,0
annual_state_offset_half,2631,2021-11-26,2021-12-06,0.0185518287306458,2021,2020-12-31,training_frequency,-1,0.5577557755775577,0.5577557755775577,1,1
annual_state_offset_half,2636,2021-12-03,2021-12-13,0.0367843110096284,2021,2020-12-31,training_frequency,-1,0.5577557755775577,0.5577557755775577,1,1
annual_state_offset_half,2641,2021-12-10,2021-12-20,-0.0304615698955996,2021,2020-12-31,training_frequency,-1,0.5577557755775577,0.5577557755775577,1,0
annual_state_offset_half,2646,2021-12-17,2021-12-27,-0.0034083287233763,2021,2020-12-31,training_frequency,-1,0.5577557755775577,0.5577557755775577,1,0
annual_state_offset_half,2651,2021-12-24,2022-01-04,0.0080985736506613,2021,2020-12-31,training_frequency,-1,0.5577557755775577,0.5577557755775577,1,1
annual_state_offset_half,2656,2021-12-31,2022-01-10,-0.0293970528320001,2021,2020-12-31,training_frequency,-1,0.5577557755775577,0.5577557755775577,1,0
annual_state_offset_half,2418,2021-01-08,2021-01-18,-0.0120052904669853,2021,2020-12-31,native_mse,20260911,0.008552411017393067,,1,0
annual_state_offset_half,2423,2021-01-15,2021-01-25,0.0231622460538123,2021,2020-12-31,native_mse,20260911,0.004218820233000888,,1,1
annual_state_offset_half,2428,2021-01-22,2021-02-01,-0.0372511735907923,2021,2020-12-31,native_mse,20260911,0.004959951689017089,,1,0
annual_state_offset_half,2433,2021-01-29,2021-02-08,0.0278689901714626,2021,2020-12-31,native_mse,20260911,-0.006242641410233065,,0,1
annual_state_offset_half,2438,2021-02-05,2021-02-22,0.0507379035040882,2021,2020-12-31,native_mse,20260911,0.0007951359987466982,,1,1
annual_state_offset_half,2443,2021-02-19,2021-03-01,-0.0684918010685315,2021,2020-12-31,native_mse,20260911,-0.0016330918552967294,,0,0
annual_state_offset_half,2448,2021-02-26,2021-03-08,-0.0165997123904068,2021,2020-12-31,native_mse,20260911,-0.00533638880364651,,0,0
annual_state_offset_half,2453,2021-03-05,2021-03-15,-0.0346560901469681,2021,2020-12-31,native_mse,20260911,-0.011674592766508288,,0,0
annual_state_offset_half,2458,2021-03-12,2021-03-22,-0.0210550182560221,2021,2020-12-31,native_mse,20260911,-0.007847066861436623,,0,0
annual_state_offset_half,2463,2021-03-19,2021-03-29,0.0087572877565691,2021,2020-12-31,native_mse,20260911,-0.0039060339233599494,,0,1
annual_state_offset_half,2468,2021-03-26,2021-04-06,0.0250145479448802,2021,2020-12-31,native_mse,20260911,0.0009273635613917179,,1,1
annual_state_offset_half,2473,2021-04-02,2021-04-12,-0.0292856811827044,2021,2020-12-31,native_mse,20260911,-0.0027355840325147787,,0,0
annual_state_offset_half,2477,2021-04-09,2021-04-19,-0.0120489836840408,2021,2020-12-31,native_mse,20260911,-0.0036343506408249315,,0,0
annual_state_offset_half,2482,2021-04-16,2021-04-26,0.0382932540809155,2021,2020-12-31,native_mse,20260911,-0.0006724515978878938,,0,1
annual_state_offset_half,2487,2021-04-23,2021-05-06,-0.0112070185917437,2021,2020-12-31,native_mse,20260911,0.0055289088739753755,,1,0
annual_state_offset_half,2492,2021-04-30,2021-05-12,-0.0190946889464188,2021,2020-12-31,native_mse,20260911,0.0033327575219957396,,1,0
annual_state_offset_half,2494,2021-05-07,2021-05-17,0.0227674429764228,2021,2020-12-31,native_mse,20260911,0.0021669511395786133,,1,1
annual_state_offset_half,2499,2021-05-14,2021-05-24,0.0045940519733895,2021,2020-12-31,native_mse,20260911,0.0011114542693073139,,1,1
annual_state_offset_half,2504,2021-05-21,2021-05-31,0.0348855085126711,2021,2020-12-31,native_mse,20260911,0.008400289317996804,,1,1
annual_state_offset_half,2509,2021-05-28,2021-06-07,-0.0062409741861724,2021,2020-12-31,native_mse,20260911,0.0007953145198423817,,1,0
annual_state_offset_half,2514,2021-06-04,2021-06-15,-0.0125508761771767,2021,2020-12-31,native_mse,20260911,-0.007020166164517651,,0,0
annual_state_offset_half,2519,2021-06-11,2021-06-21,-0.0250011497424577,2021,2020-12-31,native_mse,20260911,-0.008619872591947365,,0,0
annual_state_offset_half,2523,2021-06-18,2021-06-28,0.0325308711127356,2021,2020-12-31,native_mse,20260911,-0.008791375820448139,,0,1
annual_state_offset_half,2528,2021-06-25,2021-07-05,-0.0342297962734196,2021,2020-12-31,native_mse,20260911,-0.008045520831514462,,0,0
annual_state_offset_half,2533,2021-07-02,2021-07-12,0.0068193733271841,2021,2020-12-31,native_mse,20260911,-0.007174844548354277,,0,1
annual_state_offset_half,2538,2021-07-09,2021-07-19,-0.0048254045313779,2021,2020-12-31,native_mse,20260911,-0.015340492927170088,,0,0
annual_state_offset_half,2543,2021-07-16,2021-07-26,-0.0032299118953994,2021,2020-12-31,native_mse,20260911,-0.005208717730643443,,0,0
annual_state_offset_half,2548,2021-07-23,2021-08-02,-0.0537740931579083,2021,2020-12-31,native_mse,20260911,-0.005850917345567664,,0,0
annual_state_offset_half,2553,2021-07-30,2021-08-09,0.019904813945049,2021,2020-12-31,native_mse,20260911,-0.0028205260505218244,,0,1
annual_state_offset_half,2558,2021-08-06,2021-08-16,0.0093369268709639,2021,2020-12-31,native_mse,20260911,0.0007831311211854701,,1,1
annual_state_offset_half,2563,2021-08-13,2021-08-23,-0.032048736608373,2021,2020-12-31,native_mse,20260911,-0.0005906639308137641,,0,0
annual_state_offset_half,2568,2021-08-20,2021-08-30,0.0145047962107527,2021,2020-12-31,native_mse,20260911,-0.004641917146108556,,0,1
annual_state_offset_half,2573,2021-08-27,2021-09-06,-0.0012316820816045,2021,2020-12-31,native_mse,20260911,0.014579973106645959,,1,0
annual_state_offset_half,2578,2021-09-03,2021-09-13,0.0342301066295398,2021,2020-12-31,native_mse,20260911,0.008593989010996025,,1,1
annual_state_offset_half,2583,2021-09-10,2021-09-22,-0.0471441667981554,2021,2020-12-31,native_mse,20260911,0.008313547741757724,,1,0
annual_state_offset_half,2588,2021-09-17,2021-09-28,0.0209863060789441,2021,2020-12-31,native_mse,20260911,0.01165935650344279,,1,1
annual_state_offset_half,2591,2021-09-24,2021-10-11,0.0144615416200457,2021,2020-12-31,native_mse,20260911,0.005518532924551857,,1,1
annual_state_offset_half,2596,2021-10-08,2021-10-18,-0.0038006269617851,2021,2020-12-31,native_mse,20260911,0.012263523541426666,,1,0
annual_state_offset_half,2601,2021-10-15,2021-10-25,0.0037358989621147,2021,2020-12-31,native_mse,20260911,0.005744974739242532,,1,1
annual_state_offset_half,2606,2021-10-22,2021-11-01,-0.0127041632091318,2021,2020-12-31,native_mse,20260911,-0.002876912071818175,,0,0
annual_state_offset_half,2611,2021-10-29,2021-11-08,-0.0075807737801166,2021,2020-12-31,native_mse,20260911,0.007299876265916085,,1,0
annual_state_offset_half,2616,2021-11-05,2021-11-15,0.0110015182343039,2021,2020-12-31,native_mse,20260911,0.01509194783358179,,1,1
annual_state_offset_half,2621,2021-11-12,2021-11-22,0.0002002284238551,2021,2020-12-31,native_mse,20260911,0.015091062401740971,,1,1
annual_state_offset_half,2626,2021-11-19,2021-11-29,-0.0153981603100059,2021,2020-12-31,native_mse,20260911,0.0038828482450291406,,1,0
annual_state_offset_half,2631,2021-11-26,2021-12-06,0.0185518287306458,2021,2020-12-31,native_mse,20260911,0.012319022901115752,,1,1
annual_state_offset_half,2636,2021-12-03,2021-12-13,0.0367843110096284,2021,2020-12-31,native_mse,20260911,-0.0032795392457900994,,0,1
annual_state_offset_half,2641,2021-12-10,2021-12-20,-0.0304615698955996,2021,2020-12-31,native_mse,20260911,0.0011267436480836153,,1,0
annual_state_offset_half,2646,2021-12-17,2021-12-27,-0.0034083287233763,2021,2020-12-31,native_mse,20260911,0.009051863032613542,,1,0
annual_state_offset_half,2651,2021-12-24,2022-01-04,0.0080985736506613,2021,2020-12-31,native_mse,20260911,0.011692479032888078,,1,1
annual_state_offset_half,2656,2021-12-31,2022-01-10,-0.0293970528320001,2021,2020-12-31,native_mse,20260911,0.0061027978323025915,,1,0
annual_state_offset_half,2418,2021-01-08,2021-01-18,-0.0120052904669853,2021,2020-12-31,native_mse,20260912,0.001397497585867654,,1,0
annual_state_offset_half,2423,2021-01-15,2021-01-25,0.0231622460538123,2021,2020-12-31,native_mse,20260912,0.0006715229500529757,,1,1
annual_state_offset_half,2428,2021-01-22,2021-02-01,-0.0372511735907923,2021,2020-12-31,native_mse,20260912,0.0008989216255188498,,1,0
annual_state_offset_half,2433,2021-01-29,2021-02-08,0.0278689901714626,2021,2020-12-31,native_mse,20260912,0.0007959764416317159,,1,1
annual_state_offset_half,2438,2021-02-05,2021-02-22,0.0507379035040882,2021,2020-12-31,native_mse,20260912,0.0012803740659475327,,1,1
annual_state_offset_half,2443,2021-02-19,2021-03-01,-0.0684918010685315,2021,2020-12-31,native_mse,20260912,0.0009133829615551264,,1,0
annual_state_offset_half,2448,2021-02-26,2021-03-08,-0.0165997123904068,2021,2020-12-31,native_mse,20260912,0.0013704992420810927,,1,0
annual_state_offset_half,2453,2021-03-05,2021-03-15,-0.0346560901469681,2021,2020-12-31,native_mse,20260912,0.0008756814992302536,,1,0
annual_state_offset_half,2458,2021-03-12,2021-03-22,-0.0210550182560221,2021,2020-12-31,native_mse,20260912,0.0011757184818956695,,1,0
annual_state_offset_half,2463,2021-03-19,2021-03-29,0.0087572877565691,2021,2020-12-31,native_mse,20260912,0.0010792053864410744,,1,1
annual_state_offset_half,2468,2021-03-26,2021-04-06,0.0250145479448802,2021,2020-12-31,native_mse,20260912,0.0011499309968955886,,1,1
annual_state_offset_half,2473,2021-04-02,2021-04-12,-0.0292856811827044,2021,2020-12-31,native_mse,20260912,0.0010410156043567688,,1,0
annual_state_offset_half,2477,2021-04-09,2021-04-19,-0.0120489836840408,2021,2020-12-31,native_mse,20260912,0.0015346227958627386,,1,0
annual_state_offset_half,2482,2021-04-16,2021-04-26,0.0382932540809155,2021,2020-12-31,native_mse,20260912,0.001333459240383137,,1,1
annual_state_offset_half,2487,2021-04-23,2021-05-06,-0.0112070185917437,2021,2020-12-31,native_mse,20260912,0.0016691075435783544,,1,0
annual_state_offset_half,2492,2021-04-30,2021-05-12,-0.0190946889464188,2021,2020-12-31,native_mse,20260912,0.0008697905080337705,,1,0
annual_state_offset_half,2494,2021-05-07,2021-05-17,0.0227674429764228,2021,2020-12-31,native_mse,20260912,0.0011496090030479206,,1,1
annual_state_offset_half,2499,2021-05-14,2021-05-24,0.0045940519733895,2021,2020-12-31,native_mse,20260912,0.0010483063772099349,,1,1
annual_state_offset_half,2504,2021-05-21,2021-05-31,0.0348855085126711,2021,2020-12-31,native_mse,20260912,0.0011439525898009322,,1,1
annual_state_offset_half,2509,2021-05-28,2021-06-07,-0.0062409741861724,2021,2020-12-31,native_mse,20260912,0.0011525125328662067,,1,0
annual_state_offset_half,2514,2021-06-04,2021-06-15,-0.0125508761771767,2021,2020-12-31,native_mse,20260912,0.0007128828650729158,,1,0
annual_state_offset_half,2519,2021-06-11,2021-06-21,-0.0250011497424577,2021,2020-12-31,native_mse,20260912,0.0008407535701623152,,1,0
annual_state_offset_half,2523,2021-06-18,2021-06-28,0.0325308711127356,2021,2020-12-31,native_mse,20260912,0.0005295128002944305,,1,1
annual_state_offset_half,2528,2021-06-25,2021-07-05,-0.0342297962734196,2021,2020-12-31,native_mse,20260912,0.0004392776625445282,,1,0
annual_state_offset_half,2533,2021-07-02,2021-07-12,0.0068193733271841,2021,2020-12-31,native_mse,20260912,0.0008802423955353033,,1,1
annual_state_offset_half,2538,2021-07-09,2021-07-19,-0.0048254045313779,2021,2020-12-31,native_mse,20260912,0.001025036941487719,,1,0
annual_state_offset_half,2543,2021-07-16,2021-07-26,-0.0032299118953994,2021,2020-12-31,native_mse,20260912,0.0009848540154367372,,1,0
annual_state_offset_half,2548,2021-07-23,2021-08-02,-0.0537740931579083,2021,2020-12-31,native_mse,20260912,0.0010837390229232473,,1,0
annual_state_offset_half,2553,2021-07-30,2021-08-09,0.019904813945049,2021,2020-12-31,native_mse,20260912,0.0007753634039124927,,1,1
annual_state_offset_half,2558,2021-08-06,2021-08-16,0.0093369268709639,2021,2020-12-31,native_mse,20260912,0.0010686946751112278,,1,1
annual_state_offset_half,2563,2021-08-13,2021-08-23,-0.032048736608373,2021,2020-12-31,native_mse,20260912,0.0016819071064647707,,1,0
annual_state_offset_half,2568,2021-08-20,2021-08-30,0.0145047962107527,2021,2020-12-31,native_mse,20260912,0.0015674609930577542,,1,1
annual_state_offset_half,2573,2021-08-27,2021-09-06,-0.0012316820816045,2021,2020-12-31,native_mse,20260912,0.0015518786224257932,,1,0
annual_state_offset_half,2578,2021-09-03,2021-09-13,0.0342301066295398,2021,2020-12-31,native_mse,20260912,0.0015775578367383941,,1,1
annual_state_offset_half,2583,2021-09-10,2021-09-22,-0.0471441667981554,2021,2020-12-31,native_mse,20260912,0.00097730888589041,,1,0
annual_state_offset_half,2588,2021-09-17,2021-09-28,0.0209863060789441,2021,2020-12-31,native_mse,20260912,0.0010514539644274003,,1,1
annual_state_offset_half,2591,2021-09-24,2021-10-11,0.0144615416200457,2021,2020-12-31,native_mse,20260912,0.0009736007301348337,,1,1
annual_state_offset_half,2596,2021-10-08,2021-10-18,-0.0038006269617851,2021,2020-12-31,native_mse,20260912,0.0017059097904301645,,1,0
annual_state_offset_half,2601,2021-10-15,2021-10-25,0.0037358989621147,2021,2020-12-31,native_mse,20260912,0.0013112113818953192,,1,1
annual_state_offset_half,2606,2021-10-22,2021-11-01,-0.0127041632091318,2021,2020-12-31,native_mse,20260912,0.001166627382206441,,1,0
annual_state_offset_half,2611,2021-10-29,2021-11-08,-0.0075807737801166,2021,2020-12-31,native_mse,20260912,0.0010497018546840582,,1,0
annual_state_offset_half,2616,2021-11-05,2021-11-15,0.0110015182343039,2021,2020-12-31,native_mse,20260912,0.0009666279543883876,,1,1
annual_state_offset_half,2621,2021-11-12,2021-11-22,0.0002002284238551,2021,2020-12-31,native_mse,20260912,0.00100753152357648,,1,1
annual_state_offset_half,2626,2021-11-19,2021-11-29,-0.0153981603100059,2021,2020-12-31,native_mse,20260912,0.0011440904261233744,,1,0
annual_state_offset_half,2631,2021-11-26,2021-12-06,0.0185518287306458,2021,2020-12-31,native_mse,20260912,0.0008222023383696463,,1,1
annual_state_offset_half,2636,2021-12-03,2021-12-13,0.0367843110096284,2021,2020-12-31,native_mse,20260912,0.000663622110562264,,1,1
annual_state_offset_half,2641,2021-12-10,2021-12-20,-0.0304615698955996,2021,2020-12-31,native_mse,20260912,0.0012207854253852776,,1,0
annual_state_offset_half,2646,2021-12-17,2021-12-27,-0.0034083287233763,2021,2020-12-31,native_mse,20260912,0.0012339786672550855,,1,0
annual_state_offset_half,2651,2021-12-24,2022-01-04,0.0080985736506613,2021,2020-12-31,native_mse,20260912,0.0010451229218044734,,1,1
annual_state_offset_half,2656,2021-12-31,2022-01-10,-0.0293970528320001,2021,2020-12-31,native_mse,20260912,0.001214204791414166,,1,0
annual_state_offset_half,2660,2022-01-07,2022-01-17,-0.0173453887283024,2022,2021-12-31,native_mse,20260910,-0.0034182510339292468,,0,0
annual_state_offset_half,2665,2022-01-14,2022-01-24,0.0053248631776616,2022,2021-12-31,native_mse,20260910,0.004761167720503064,,1,1
annual_state_offset_half,2670,2022-01-21,2022-02-07,-0.0242661876254222,2022,2021-12-31,native_mse,20260910,0.013137367547165641,,1,0
annual_state_offset_half,2675,2022-01-28,2022-02-14,-0.0127539031341488,2022,2021-12-31,native_mse,20260910,0.010886081661597602,,1,0
annual_state_offset_half,2680,2022-02-11,2022-02-21,0.0145498774954033,2022,2021-12-31,native_mse,20260910,0.008879219089809445,,1,1
annual_state_offset_half,2685,2022-02-18,2022-02-28,-0.0177161244498015,2022,2021-12-31,native_mse,20260910,0.009476567447344621,,1,0
annual_state_offset_half,2690,2022-02-25,2022-03-07,-0.0221791776043331,2022,2021-12-31,native_mse,20260910,0.01051598647298397,,1,0
annual_state_offset_half,2695,2022-03-04,2022-03-14,-0.0480378799422749,2022,2021-12-31,native_mse,20260910,0.007053677912636015,,1,0
annual_state_offset_half,2700,2022-03-11,2022-03-21,0.007530336734814,2022,2021-12-31,native_mse,20260910,0.010804442451387935,,1,1
annual_state_offset_half,2705,2022-03-18,2022-03-28,-0.0353493110038457,2022,2021-12-31,native_mse,20260910,0.0072982657258971444,,1,0
annual_state_offset_half,2710,2022-03-25,2022-04-06,0.0314834190717003,2022,2021-12-31,native_mse,20260910,0.007546796616275884,,1,1
annual_state_offset_half,2715,2022-04-01,2022-04-12,-0.0129237372705649,2022,2021-12-31,native_mse,20260910,0.006781430452769677,,1,0
annual_state_offset_half,2718,2022-04-08,2022-04-18,-0.0120986062576864,2022,2021-12-31,native_mse,20260910,0.00652895075643567,,1,0
annual_state_offset_half,2723,2022-04-15,2022-04-25,-0.0528494340140576,2022,2021-12-31,native_mse,20260910,0.006385447465197085,,1,0
annual_state_offset_half,2728,2022-04-22,2022-05-05,0.015736821365468,2022,2021-12-31,native_mse,20260910,0.005099274511858865,,1,1
annual_state_offset_half,2733,2022-04-29,2022-05-11,-0.0278824133054675,2022,2021-12-31,native_mse,20260910,0.004344044298975658,,1,0
annual_state_offset_half,2735,2022-05-06,2022-05-16,0.033741423035827,2022,2021-12-31,native_mse,20260910,0.0035518248227642247,,1,1
annual_state_offset_half,2740,2022-05-13,2022-05-23,0.0164308841843088,2022,2021-12-31,native_mse,20260910,0.002890441768532801,,1,1
annual_state_offset_half,2745,2022-05-20,2022-05-30,-0.0147293413085614,2022,2021-12-31,native_mse,20260910,0.002556802191789734,,1,0
annual_state_offset_half,2750,2022-05-27,2022-06-13,0.0431748431927498,2022,2021-12-31,native_mse,20260910,-0.006714076298392413,,0,1
annual_state_offset_half,2759,2022-06-10,2022-06-20,0.0306046547112142,2022,2021-12-31,native_mse,20260910,-0.0017160693271902699,,0,1
annual_state_offset_half,2764,2022-06-17,2022-06-27,0.0211666894141107,2022,2021-12-31,native_mse,20260910,-0.005554400786314341,,0,1
annual_state_offset_half,2769,2022-06-24,2022-07-04,0.0074507343130214,2022,2021-12-31,native_mse,20260910,-0.006611900023593844,,0,1
annual_state_offset_half,2774,2022-07-01,2022-07-11,-0.0092349827532707,2022,2021-12-31,native_mse,20260910,-0.001849659274069034,,0,0
annual_state_offset_half,2779,2022-07-08,2022-07-18,-0.0326815927737367,2022,2021-12-31,native_mse,20260910,-0.0036295526636022737,,0,0
annual_state_offset_half,2784,2022-07-15,2022-07-25,-0.0066210715249344,2022,2021-12-31,native_mse,20260910,-0.00726704662423343,,0,0
annual_state_offset_half,2789,2022-07-22,2022-08-01,-0.0173077967751003,2022,2021-12-31,native_mse,20260910,-0.005304375487712945,,0,0
annual_state_offset_half,2794,2022-07-29,2022-08-08,-0.004456034513838,2022,2021-12-31,native_mse,20260910,0.012166125781651363,,1,0
annual_state_offset_half,2799,2022-08-05,2022-08-15,0.0091475117753996,2022,2021-12-31,native_mse,20260910,0.004077391662883762,,1,1
annual_state_offset_half,2804,2022-08-12,2022-08-22,-0.0107272727272728,2022,2021-12-31,native_mse,20260910,0.0035826870942200968,,1,0
annual_state_offset_half,2809,2022-08-19,2022-08-29,-0.0172375434082356,2022,2021-12-31,native_mse,20260910,0.012796192349441387,,1,0
annual_state_offset_half,2814,2022-08-26,2022-09-05,-0.0131573766941938,2022,2021-12-31,native_mse,20260910,0.0045980644388349074,,1,0
annual_state_offset_half,2819,2022-09-02,2022-09-13,0.0253340680878015,2022,2021-12-31,native_mse,20260910,0.0016393163861851791,,1,1
annual_state_offset_half,2824,2022-09-09,2022-09-19,-0.044647264962877,2022,2021-12-31,native_mse,20260910,0.011024491197755238,,1,0
annual_state_offset_half,2828,2022-09-16,2022-09-26,-0.025155151434928,2022,2021-12-31,native_mse,20260910,0.0006249539921165778,,1,0
annual_state_offset_half,2833,2022-09-23,2022-10-10,-0.0060162941299352,2022,2021-12-31,native_mse,20260910,0.00941379002591237,,1,0
annual_state_offset_half,2838,2022-09-30,2022-10-17,0.0041192047412885,2022,2021-12-31,native_mse,20260910,-0.003455449604433236,,0,1
annual_state_offset_half,2843,2022-10-14,2022-10-24,-0.0246766294110258,2022,2021-12-31,native_mse,20260910,0.004982119577206458,,1,0
annual_state_offset_half,2848,2022-10-21,2022-10-31,-0.059928861134359,2022,2021-12-31,native_mse,20260910,0.004400428951388619,,1,0
annual_state_offset_half,2853,2022-10-28,2022-11-07,0.071339502526744,2022,2021-12-31,native_mse,20260910,-0.004533662272660886,,0,1
annual_state_offset_half,2858,2022-11-04,2022-11-14,0.0169449090696014,2022,2021-12-31,native_mse,20260910,0.009145763900992613,,1,1
annual_state_offset_half,2863,2022-11-11,2022-11-21,-0.0127051391515239,2022,2021-12-31,native_mse,20260910,0.005105981957746508,,1,0
annual_state_offset_half,2868,2022-11-18,2022-11-28,-0.0179672806084416,2022,2021-12-31,native_mse,20260910,0.004390010241707061,,1,0
annual_state_offset_half,2873,2022-11-25,2022-12-05,0.0555768659337096,2022,2021-12-31,native_mse,20260910,-0.0021694749097981593,,0,1
annual_state_offset_half,2878,2022-12-02,2022-12-12,0.0175374394775362,2022,2021-12-31,native_mse,20260910,-0.008963509314181651,,0,1
annual_state_offset_half,2883,2022-12-09,2022-12-19,-0.0058850602464181,2022,2021-12-31,native_mse,20260910,-0.008742160121666592,,0,0
annual_state_offset_half,2888,2022-12-16,2022-12-26,-0.0309150292073658,2022,2021-12-31,native_mse,20260910,0.00021070675399415396,,1,0
annual_state_offset_half,2893,2022-12-23,2023-01-03,0.0089464492229616,2022,2021-12-31,native_mse,20260910,-0.006931659189351796,,0,1
annual_state_offset_half,2898,2022-12-30,2023-01-09,0.0345913414268119,2022,2021-12-31,native_mse,20260910,-0.004005139352311209,,0,1
annual_state_offset_half,2660,2022-01-07,2022-01-17,-0.0173453887283024,2022,2021-12-31,training_frequency,-1,0.5458298926507019,0.5458298926507019,1,0
annual_state_offset_half,2665,2022-01-14,2022-01-24,0.0053248631776616,2022,2021-12-31,training_frequency,-1,0.5458298926507019,0.5458298926507019,1,1
annual_state_offset_half,2670,2022-01-21,2022-02-07,-0.0242661876254222,2022,2021-12-31,training_frequency,-1,0.5458298926507019,0.5458298926507019,1,0
annual_state_offset_half,2675,2022-01-28,2022-02-14,-0.0127539031341488,2022,2021-12-31,training_frequency,-1,0.5458298926507019,0.5458298926507019,1,0
annual_state_offset_half,2680,2022-02-11,2022-02-21,0.0145498774954033,2022,2021-12-31,training_frequency,-1,0.5458298926507019,0.5458298926507019,1,1
annual_state_offset_half,2685,2022-02-18,2022-02-28,-0.0177161244498015,2022,2021-12-31,training_frequency,-1,0.5458298926507019,0.5458298926507019,1,0
annual_state_offset_half,2690,2022-02-25,2022-03-07,-0.0221791776043331,2022,2021-12-31,training_frequency,-1,0.5458298926507019,0.5458298926507019,1,0
annual_state_offset_half,2695,2022-03-04,2022-03-14,-0.0480378799422749,2022,2021-12-31,training_frequency,-1,0.5458298926507019,0.5458298926507019,1,0
annual_state_offset_half,2700,2022-03-11,2022-03-21,0.007530336734814,2022,2021-12-31,training_frequency,-1,0.5458298926507019,0.5458298926507019,1,1
annual_state_offset_half,2705,2022-03-18,2022-03-28,-0.0353493110038457,2022,2021-12-31,training_frequency,-1,0.5458298926507019,0.5458298926507019,1,0
annual_state_offset_half,2710,2022-03-25,2022-04-06,0.0314834190717003,2022,2021-12-31,training_frequency,-1,0.5458298926507019,0.5458298926507019,1,1
annual_state_offset_half,2715,2022-04-01,2022-04-12,-0.0129237372705649,2022,2021-12-31,training_frequency,-1,0.5458298926507019,0.5458298926507019,1,0
annual_state_offset_half,2718,2022-04-08,2022-04-18,-0.0120986062576864,2022,2021-12-31,training_frequency,-1,0.5458298926507019,0.5458298926507019,1,0
annual_state_offset_half,2723,2022-04-15,2022-04-25,-0.0528494340140576,2022,2021-12-31,training_frequency,-1,0.5458298926507019,0.5458298926507019,1,0
annual_state_offset_half,2728,2022-04-22,2022-05-05,0.015736821365468,2022,2021-12-31,training_frequency,-1,0.5458298926507019,0.5458298926507019,1,1
annual_state_offset_half,2733,2022-04-29,2022-05-11,-0.0278824133054675,2022,2021-12-31,training_frequency,-1,0.5458298926507019,0.5458298926507019,1,0
annual_state_offset_half,2735,2022-05-06,2022-05-16,0.033741423035827,2022,2021-12-31,training_frequency,-1,0.5458298926507019,0.5458298926507019,1,1
annual_state_offset_half,2740,2022-05-13,2022-05-23,0.0164308841843088,2022,2021-12-31,training_frequency,-1,0.5458298926507019,0.5458298926507019,1,1
annual_state_offset_half,2745,2022-05-20,2022-05-30,-0.0147293413085614,2022,2021-12-31,training_frequency,-1,0.5458298926507019,0.5458298926507019,1,0
annual_state_offset_half,2750,2022-05-27,2022-06-13,0.0431748431927498,2022,2021-12-31,training_frequency,-1,0.5458298926507019,0.5458298926507019,1,1
annual_state_offset_half,2759,2022-06-10,2022-06-20,0.0306046547112142,2022,2021-12-31,training_frequency,-1,0.5458298926507019,0.5458298926507019,1,1
annual_state_offset_half,2764,2022-06-17,2022-06-27,0.0211666894141107,2022,2021-12-31,training_frequency,-1,0.5458298926507019,0.5458298926507019,1,1
annual_state_offset_half,2769,2022-06-24,2022-07-04,0.0074507343130214,2022,2021-12-31,training_frequency,-1,0.5458298926507019,0.5458298926507019,1,1
annual_state_offset_half,2774,2022-07-01,2022-07-11,-0.0092349827532707,2022,2021-12-31,training_frequency,-1,0.5458298926507019,0.5458298926507019,1,0
annual_state_offset_half,2779,2022-07-08,2022-07-18,-0.0326815927737367,2022,2021-12-31,training_frequency,-1,0.5458298926507019,0.5458298926507019,1,0
annual_state_offset_half,2784,2022-07-15,2022-07-25,-0.0066210715249344,2022,2021-12-31,training_frequency,-1,0.5458298926507019,0.5458298926507019,1,0
annual_state_offset_half,2789,2022-07-22,2022-08-01,-0.0173077967751003,2022,2021-12-31,training_frequency,-1,0.5458298926507019,0.5458298926507019,1,0
annual_state_offset_half,2794,2022-07-29,2022-08-08,-0.004456034513838,2022,2021-12-31,training_frequency,-1,0.5458298926507019,0.5458298926507019,1,0
annual_state_offset_half,2799,2022-08-05,2022-08-15,0.0091475117753996,2022,2021-12-31,training_frequency,-1,0.5458298926507019,0.5458298926507019,1,1
annual_state_offset_half,2804,2022-08-12,2022-08-22,-0.0107272727272728,2022,2021-12-31,training_frequency,-1,0.5458298926507019,0.5458298926507019,1,0
annual_state_offset_half,2809,2022-08-19,2022-08-29,-0.0172375434082356,2022,2021-12-31,training_frequency,-1,0.5458298926507019,0.5458298926507019,1,0
annual_state_offset_half,2814,2022-08-26,2022-09-05,-0.0131573766941938,2022,2021-12-31,training_frequency,-1,0.5458298926507019,0.5458298926507019,1,0
annual_state_offset_half,2819,2022-09-02,2022-09-13,0.0253340680878015,2022,2021-12-31,training_frequency,-1,0.5458298926507019,0.5458298926507019,1,1
annual_state_offset_half,2824,2022-09-09,2022-09-19,-0.044647264962877,2022,2021-12-31,training_frequency,-1,0.5458298926507019,0.5458298926507019,1,0
annual_state_offset_half,2828,2022-09-16,2022-09-26,-0.025155151434928,2022,2021-12-31,training_frequency,-1,0.5458298926507019,0.5458298926507019,1,0
annual_state_offset_half,2833,2022-09-23,2022-10-10,-0.0060162941299352,2022,2021-12-31,training_frequency,-1,0.5458298926507019,0.5458298926507019,1,0
annual_state_offset_half,2838,2022-09-30,2022-10-17,0.0041192047412885,2022,2021-12-31,training_frequency,-1,0.5458298926507019,0.5458298926507019,1,1
annual_state_offset_half,2843,2022-10-14,2022-10-24,-0.0246766294110258,2022,2021-12-31,training_frequency,-1,0.5458298926507019,0.5458298926507019,1,0
annual_state_offset_half,2848,2022-10-21,2022-10-31,-0.059928861134359,2022,2021-12-31,training_frequency,-1,0.5458298926507019,0.5458298926507019,1,0
annual_state_offset_half,2853,2022-10-28,2022-11-07,0.071339502526744,2022,2021-12-31,training_frequency,-1,0.5458298926507019,0.5458298926507019,1,1
annual_state_offset_half,2858,2022-11-04,2022-11-14,0.0169449090696014,2022,2021-12-31,training_frequency,-1,0.5458298926507019,0.5458298926507019,1,1
annual_state_offset_half,2863,2022-11-11,2022-11-21,-0.0127051391515239,2022,2021-12-31,training_frequency,-1,0.5458298926507019,0.5458298926507019,1,0
annual_state_offset_half,2868,2022-11-18,2022-11-28,-0.0179672806084416,2022,2021-12-31,training_frequency,-1,0.5458298926507019,0.5458298926507019,1,0
annual_state_offset_half,2873,2022-11-25,2022-12-05,0.0555768659337096,2022,2021-12-31,training_frequency,-1,0.5458298926507019,0.5458298926507019,1,1
annual_state_offset_half,2878,2022-12-02,2022-12-12,0.0175374394775362,2022,2021-12-31,training_frequency,-1,0.5458298926507019,0.5458298926507019,1,1
annual_state_offset_half,2883,2022-12-09,2022-12-19,-0.0058850602464181,2022,2021-12-31,training_frequency,-1,0.5458298926507019,0.5458298926507019,1,0
annual_state_offset_half,2888,2022-12-16,2022-12-26,-0.0309150292073658,2022,2021-12-31,training_frequency,-1,0.5458298926507019,0.5458298926507019,1,0
annual_state_offset_half,2893,2022-12-23,2023-01-03,0.0089464492229616,2022,2021-12-31,training_frequency,-1,0.5458298926507019,0.5458298926507019,1,1
annual_state_offset_half,2898,2022-12-30,2023-01-09,0.0345913414268119,2022,2021-12-31,training_frequency,-1,0.5458298926507019,0.5458298926507019,1,1
annual_state_offset_half,2660,2022-01-07,2022-01-17,-0.0173453887283024,2022,2021-12-31,native_mse,20260911,0.007330315708159769,,1,0
annual_state_offset_half,2665,2022-01-14,2022-01-24,0.0053248631776616,2022,2021-12-31,native_mse,20260911,0.015471274729398543,,1,1
annual_state_offset_half,2670,2022-01-21,2022-02-07,-0.0242661876254222,2022,2021-12-31,native_mse,20260911,0.009873111042602054,,1,0
annual_state_offset_half,2675,2022-01-28,2022-02-14,-0.0127539031341488,2022,2021-12-31,native_mse,20260911,0.0025503118790792955,,1,0
annual_state_offset_half,2680,2022-02-11,2022-02-21,0.0145498774954033,2022,2021-12-31,native_mse,20260911,0.0063949393307865515,,1,1
annual_state_offset_half,2685,2022-02-18,2022-02-28,-0.0177161244498015,2022,2021-12-31,native_mse,20260911,0.004306186298337274,,1,0
annual_state_offset_half,2690,2022-02-25,2022-03-07,-0.0221791776043331,2022,2021-12-31,native_mse,20260911,0.00884306439536679,,1,0
annual_state_offset_half,2695,2022-03-04,2022-03-14,-0.0480378799422749,2022,2021-12-31,native_mse,20260911,0.008878575004775912,,1,0
annual_state_offset_half,2700,2022-03-11,2022-03-21,0.007530336734814,2022,2021-12-31,native_mse,20260911,0.008804997087552644,,1,1
annual_state_offset_half,2705,2022-03-18,2022-03-28,-0.0353493110038457,2022,2021-12-31,native_mse,20260911,0.0029149751065889705,,1,0
annual_state_offset_half,2710,2022-03-25,2022-04-06,0.0314834190717003,2022,2021-12-31,native_mse,20260911,0.009608904415587632,,1,1
annual_state_offset_half,2715,2022-04-01,2022-04-12,-0.0129237372705649,2022,2021-12-31,native_mse,20260911,0.013290024702572031,,1,0
annual_state_offset_half,2718,2022-04-08,2022-04-18,-0.0120986062576864,2022,2021-12-31,native_mse,20260911,0.0032429576095984285,,1,0
annual_state_offset_half,2723,2022-04-15,2022-04-25,-0.0528494340140576,2022,2021-12-31,native_mse,20260911,0.016983479995433693,,1,0
annual_state_offset_half,2728,2022-04-22,2022-05-05,0.015736821365468,2022,2021-12-31,native_mse,20260911,0.011987542362233185,,1,1
annual_state_offset_half,2733,2022-04-29,2022-05-11,-0.0278824133054675,2022,2021-12-31,native_mse,20260911,0.0046606294840712235,,1,0
annual_state_offset_half,2735,2022-05-06,2022-05-16,0.033741423035827,2022,2021-12-31,native_mse,20260911,-0.002196005566182584,,0,1
annual_state_offset_half,2740,2022-05-13,2022-05-23,0.0164308841843088,2022,2021-12-31,native_mse,20260911,0.0038854901281264037,,1,1
annual_state_offset_half,2745,2022-05-20,2022-05-30,-0.0147293413085614,2022,2021-12-31,native_mse,20260911,0.005767086549547615,,1,0
annual_state_offset_half,2750,2022-05-27,2022-06-13,0.0431748431927498,2022,2021-12-31,native_mse,20260911,0.001263767062796844,,1,1
annual_state_offset_half,2759,2022-06-10,2022-06-20,0.0306046547112142,2022,2021-12-31,native_mse,20260911,-0.0024637080117748144,,0,1
annual_state_offset_half,2764,2022-06-17,2022-06-27,0.0211666894141107,2022,2021-12-31,native_mse,20260911,-0.0034192691302211337,,0,1
annual_state_offset_half,2769,2022-06-24,2022-07-04,0.0074507343130214,2022,2021-12-31,native_mse,20260911,0.0007173637240202417,,1,1
annual_state_offset_half,2774,2022-07-01,2022-07-11,-0.0092349827532707,2022,2021-12-31,native_mse,20260911,0.00019356382111467723,,1,0
annual_state_offset_half,2779,2022-07-08,2022-07-18,-0.0326815927737367,2022,2021-12-31,native_mse,20260911,-0.002705313965036355,,0,0
annual_state_offset_half,2784,2022-07-15,2022-07-25,-0.0066210715249344,2022,2021-12-31,native_mse,20260911,-0.01432584048846508,,0,0
annual_state_offset_half,2789,2022-07-22,2022-08-01,-0.0173077967751003,2022,2021-12-31,native_mse,20260911,-0.01380965748442494,,0,0
annual_state_offset_half,2794,2022-07-29,2022-08-08,-0.004456034513838,2022,2021-12-31,native_mse,20260911,-0.0005052222003642227,,0,0
annual_state_offset_half,2799,2022-08-05,2022-08-15,0.0091475117753996,2022,2021-12-31,native_mse,20260911,0.011525493600414192,,1,1
annual_state_offset_half,2804,2022-08-12,2022-08-22,-0.0107272727272728,2022,2021-12-31,native_mse,20260911,0.011216024245490553,,1,0
annual_state_offset_half,2809,2022-08-19,2022-08-29,-0.0172375434082356,2022,2021-12-31,native_mse,20260911,0.011754323018096325,,1,0
annual_state_offset_half,2814,2022-08-26,2022-09-05,-0.0131573766941938,2022,2021-12-31,native_mse,20260911,0.015594603509631271,,1,0
annual_state_offset_half,2819,2022-09-02,2022-09-13,0.0253340680878015,2022,2021-12-31,native_mse,20260911,0.010900596081000016,,1,1
annual_state_offset_half,2824,2022-09-09,2022-09-19,-0.044647264962877,2022,2021-12-31,native_mse,20260911,0.009845699372826781,,1,0
annual_state_offset_half,2828,2022-09-16,2022-09-26,-0.025155151434928,2022,2021-12-31,native_mse,20260911,0.008491582609497948,,1,0
annual_state_offset_half,2833,2022-09-23,2022-10-10,-0.0060162941299352,2022,2021-12-31,native_mse,20260911,0.016496050845990925,,1,0
annual_state_offset_half,2838,2022-09-30,2022-10-17,0.0041192047412885,2022,2021-12-31,native_mse,20260911,0.0066528810646222045,,1,1
annual_state_offset_half,2843,2022-10-14,2022-10-24,-0.0246766294110258,2022,2021-12-31,native_mse,20260911,0.007009044538463505,,1,0
annual_state_offset_half,2848,2022-10-21,2022-10-31,-0.059928861134359,2022,2021-12-31,native_mse,20260911,0.010852556503638734,,1,0
annual_state_offset_half,2853,2022-10-28,2022-11-07,0.071339502526744,2022,2021-12-31,native_mse,20260911,0.006842543646863063,,1,1
annual_state_offset_half,2858,2022-11-04,2022-11-14,0.0169449090696014,2022,2021-12-31,native_mse,20260911,-0.008549410923537592,,0,1
annual_state_offset_half,2863,2022-11-11,2022-11-21,-0.0127051391515239,2022,2021-12-31,native_mse,20260911,-0.005215109557773304,,0,0
annual_state_offset_half,2868,2022-11-18,2022-11-28,-0.0179672806084416,2022,2021-12-31,native_mse,20260911,-0.010307087880643545,,0,0
annual_state_offset_half,2873,2022-11-25,2022-12-05,0.0555768659337096,2022,2021-12-31,native_mse,20260911,0.0013951717650121252,,1,1
annual_state_offset_half,2878,2022-12-02,2022-12-12,0.0175374394775362,2022,2021-12-31,native_mse,20260911,0.009832549235191711,,1,1
annual_state_offset_half,2883,2022-12-09,2022-12-19,-0.0058850602464181,2022,2021-12-31,native_mse,20260911,0.003809464155812216,,1,0
annual_state_offset_half,2888,2022-12-16,2022-12-26,-0.0309150292073658,2022,2021-12-31,native_mse,20260911,-0.00026475301217457076,,0,0
annual_state_offset_half,2893,2022-12-23,2023-01-03,0.0089464492229616,2022,2021-12-31,native_mse,20260911,0.0011212783896272817,,1,1
annual_state_offset_half,2898,2022-12-30,2023-01-09,0.0345913414268119,2022,2021-12-31,native_mse,20260911,-0.013209134532423342,,0,1
annual_state_offset_half,2660,2022-01-07,2022-01-17,-0.0173453887283024,2022,2021-12-31,native_mse,20260912,0.001814179283598589,,1,0
annual_state_offset_half,2665,2022-01-14,2022-01-24,0.0053248631776616,2022,2021-12-31,native_mse,20260912,0.0008133505012356114,,1,1
annual_state_offset_half,2670,2022-01-21,2022-02-07,-0.0242661876254222,2022,2021-12-31,native_mse,20260912,0.003394922189452561,,1,0
annual_state_offset_half,2675,2022-01-28,2022-02-14,-0.0127539031341488,2022,2021-12-31,native_mse,20260912,0.001858669558311765,,1,0
annual_state_offset_half,2680,2022-02-11,2022-02-21,0.0145498774954033,2022,2021-12-31,native_mse,20260912,0.003479305001395758,,1,1
annual_state_offset_half,2685,2022-02-18,2022-02-28,-0.0177161244498015,2022,2021-12-31,native_mse,20260912,0.00484344917433416,,1,0
annual_state_offset_half,2690,2022-02-25,2022-03-07,-0.0221791776043331,2022,2021-12-31,native_mse,20260912,0.004930593592929232,,1,0
annual_state_offset_half,2695,2022-03-04,2022-03-14,-0.0480378799422749,2022,2021-12-31,native_mse,20260912,0.004780982951547397,,1,0
annual_state_offset_half,2700,2022-03-11,2022-03-21,0.007530336734814,2022,2021-12-31,native_mse,20260912,0.004193854635787947,,1,1
annual_state_offset_half,2705,2022-03-18,2022-03-28,-0.0353493110038457,2022,2021-12-31,native_mse,20260912,0.004396502651581285,,1,0
annual_state_offset_half,2710,2022-03-25,2022-04-06,0.0314834190717003,2022,2021-12-31,native_mse,20260912,0.0036897334948297125,,1,1
annual_state_offset_half,2715,2022-04-01,2022-04-12,-0.0129237372705649,2022,2021-12-31,native_mse,20260912,0.003704448832752752,,1,0
annual_state_offset_half,2718,2022-04-08,2022-04-18,-0.0120986062576864,2022,2021-12-31,native_mse,20260912,0.0033120503584409514,,1,0
annual_state_offset_half,2723,2022-04-15,2022-04-25,-0.0528494340140576,2022,2021-12-31,native_mse,20260912,0.0030085181253416615,,1,0
annual_state_offset_half,2728,2022-04-22,2022-05-05,0.015736821365468,2022,2021-12-31,native_mse,20260912,0.0026567146550084044,,1,1
annual_state_offset_half,2733,2022-04-29,2022-05-11,-0.0278824133054675,2022,2021-12-31,native_mse,20260912,0.0018367479372410052,,1,0
annual_state_offset_half,2735,2022-05-06,2022-05-16,0.033741423035827,2022,2021-12-31,native_mse,20260912,0.0020912186604119124,,1,1
annual_state_offset_half,2740,2022-05-13,2022-05-23,0.0164308841843088,2022,2021-12-31,native_mse,20260912,0.0018493178254621319,,1,1
annual_state_offset_half,2745,2022-05-20,2022-05-30,-0.0147293413085614,2022,2021-12-31,native_mse,20260912,0.0016372108848958446,,1,0
annual_state_offset_half,2750,2022-05-27,2022-06-13,0.0431748431927498,2022,2021-12-31,native_mse,20260912,0.0012702553294938346,,1,1
annual_state_offset_half,2759,2022-06-10,2022-06-20,0.0306046547112142,2022,2021-12-31,native_mse,20260912,-0.00018870985334741705,,0,1
annual_state_offset_half,2764,2022-06-17,2022-06-27,0.0211666894141107,2022,2021-12-31,native_mse,20260912,-0.0009698518035469311,,0,1
annual_state_offset_half,2769,2022-06-24,2022-07-04,0.0074507343130214,2022,2021-12-31,native_mse,20260912,-0.00016157705520515077,,0,1
annual_state_offset_half,2774,2022-07-01,2022-07-11,-0.0092349827532707,2022,2021-12-31,native_mse,20260912,0.00012114906253678204,,1,0
annual_state_offset_half,2779,2022-07-08,2022-07-18,-0.0326815927737367,2022,2021-12-31,native_mse,20260912,0.0009385572149118832,,1,0
annual_state_offset_half,2784,2022-07-15,2022-07-25,-0.0066210715249344,2022,2021-12-31,native_mse,20260912,0.0008465033870475552,,1,0
annual_state_offset_half,2789,2022-07-22,2022-08-01,-0.0173077967751003,2022,2021-12-31,native_mse,20260912,0.001749105544547778,,1,0
annual_state_offset_half,2794,2022-07-29,2022-08-08,-0.004456034513838,2022,2021-12-31,native_mse,20260912,0.0022855909610094674,,1,0
annual_state_offset_half,2799,2022-08-05,2022-08-15,0.0091475117753996,2022,2021-12-31,native_mse,20260912,0.0023275813973101045,,1,1
annual_state_offset_half,2804,2022-08-12,2022-08-22,-0.0107272727272728,2022,2021-12-31,native_mse,20260912,0.00116828161002665,,1,0
annual_state_offset_half,2809,2022-08-19,2022-08-29,-0.0172375434082356,2022,2021-12-31,native_mse,20260912,0.002641518401624336,,1,0
annual_state_offset_half,2814,2022-08-26,2022-09-05,-0.0131573766941938,2022,2021-12-31,native_mse,20260912,0.00258122146459616,,1,0
annual_state_offset_half,2819,2022-09-02,2022-09-13,0.0253340680878015,2022,2021-12-31,native_mse,20260912,0.003426320209529877,,1,1
annual_state_offset_half,2824,2022-09-09,2022-09-19,-0.044647264962877,2022,2021-12-31,native_mse,20260912,0.004071954177543495,,1,0
annual_state_offset_half,2828,2022-09-16,2022-09-26,-0.025155151434928,2022,2021-12-31,native_mse,20260912,0.004321372628556118,,1,0
annual_state_offset_half,2833,2022-09-23,2022-10-10,-0.0060162941299352,2022,2021-12-31,native_mse,20260912,0.0034216908995016978,,1,0
annual_state_offset_half,2838,2022-09-30,2022-10-17,0.0041192047412885,2022,2021-12-31,native_mse,20260912,0.003515450079575204,,1,1
annual_state_offset_half,2843,2022-10-14,2022-10-24,-0.0246766294110258,2022,2021-12-31,native_mse,20260912,0.002607809358206801,,1,0
annual_state_offset_half,2848,2022-10-21,2022-10-31,-0.059928861134359,2022,2021-12-31,native_mse,20260912,0.003699251753992663,,1,0
annual_state_offset_half,2853,2022-10-28,2022-11-07,0.071339502526744,2022,2021-12-31,native_mse,20260912,0.0018115173178016464,,1,1
annual_state_offset_half,2858,2022-11-04,2022-11-14,0.0169449090696014,2022,2021-12-31,native_mse,20260912,0.0023418219066621243,,1,1
annual_state_offset_half,2863,2022-11-11,2022-11-21,-0.0127051391515239,2022,2021-12-31,native_mse,20260912,0.0018573604038192703,,1,0
annual_state_offset_half,2868,2022-11-18,2022-11-28,-0.0179672806084416,2022,2021-12-31,native_mse,20260912,0.0016249204309614228,,1,0
annual_state_offset_half,2873,2022-11-25,2022-12-05,0.0555768659337096,2022,2021-12-31,native_mse,20260912,0.0016075771422150188,,1,1
annual_state_offset_half,2878,2022-12-02,2022-12-12,0.0175374394775362,2022,2021-12-31,native_mse,20260912,0.0015010231403169106,,1,1
annual_state_offset_half,2883,2022-12-09,2022-12-19,-0.0058850602464181,2022,2021-12-31,native_mse,20260912,0.001187317105345827,,1,0
annual_state_offset_half,2888,2022-12-16,2022-12-26,-0.0309150292073658,2022,2021-12-31,native_mse,20260912,0.0019485697779955545,,1,0
annual_state_offset_half,2893,2022-12-23,2023-01-03,0.0089464492229616,2022,2021-12-31,native_mse,20260912,0.0001928217320369698,,1,1
annual_state_offset_half,2898,2022-12-30,2023-01-09,0.0345913414268119,2022,2021-12-31,native_mse,20260912,0.00047968928790032895,,1,1
annual_state_offset_half,2902,2023-01-06,2023-01-16,0.0198447929614133,2023,2022-12-31,native_mse,20260910,-0.0025267983391307767,,0,1
annual_state_offset_half,2907,2023-01-13,2023-01-30,0.0465290788350809,2023,2022-12-31,native_mse,20260910,-0.0004635399148201708,,0,1
annual_state_offset_half,2912,2023-01-20,2023-02-06,-0.0383797057844887,2023,2022-12-31,native_mse,20260910,7.519190422555292e-05,,1,0
annual_state_offset_half,2917,2023-02-03,2023-02-13,-0.0012061903149008,2023,2022-12-31,native_mse,20260910,0.0016271329266920357,,1,0
annual_state_offset_half,2922,2023-02-10,2023-02-20,-0.0143746584432821,2023,2022-12-31,native_mse,20260910,-0.0011564163814400644,,0,0
annual_state_offset_half,2927,2023-02-17,2023-02-27,0.0001237636016198,2023,2022-12-31,native_mse,20260910,-0.0016426518503498255,,0,1
annual_state_offset_half,2932,2023-02-24,2023-03-06,0.0224454641303217,2023,2022-12-31,native_mse,20260910,0.0015810555880606469,,1,1
annual_state_offset_half,2937,2023-03-03,2023-03-13,-0.0407900947678007,2023,2022-12-31,native_mse,20260910,0.0007073892257839969,,1,0
annual_state_offset_half,2942,2023-03-10,2023-03-20,5.0471402903706775e-06,2023,2022-12-31,native_mse,20260910,-0.0001794060398361263,,0,1
annual_state_offset_half,2947,2023-03-17,2023-03-27,0.015302852124583,2023,2022-12-31,native_mse,20260910,-0.0018976163672993884,,0,1
annual_state_offset_half,2952,2023-03-24,2023-04-03,0.0090274153058433,2023,2022-12-31,native_mse,20260910,-0.001832954139676603,,0,1
annual_state_offset_half,2957,2023-03-31,2023-04-10,0.0178317182396383,2023,2022-12-31,native_mse,20260910,-0.00172129069982479,,0,1
annual_state_offset_half,2961,2023-04-07,2023-04-17,-0.0101500238382772,2023,2022-12-31,native_mse,20260910,-0.00033641886926452733,,0,0
annual_state_offset_half,2966,2023-04-14,2023-04-24,-0.014368947230732,2023,2022-12-31,native_mse,20260910,-0.0013230092163269815,,0,0
annual_state_offset_half,2971,2023-04-21,2023-05-04,-0.0044228908788729,2023,2022-12-31,native_mse,20260910,-0.0007286066396655064,,0,0
annual_state_offset_half,2976,2023-04-28,2023-05-10,0.0036477163153083,2023,2022-12-31,native_mse,20260910,-0.00030575704561793394,,0,1
annual_state_offset_half,2978,2023-05-05,2023-05-15,-0.0221642407977935,2023,2022-12-31,native_mse,20260910,-0.00011486613921578474,,0,0
annual_state_offset_half,2983,2023-05-12,2023-05-22,0.0005509250208819,2023,2022-12-31,native_mse,20260910,-0.0001792163459168561,,0,1
annual_state_offset_half,2988,2023-05-19,2023-05-29,-0.0200253742704897,2023,2022-12-31,native_mse,20260910,0.0009439667644663131,,1,0
annual_state_offset_half,2993,2023-05-26,2023-06-05,-0.0003935703040848,2023,2022-12-31,native_mse,20260910,0.000557122093874036,,1,0
annual_state_offset_half,2998,2023-06-02,2023-06-12,-0.0086075595250429,2023,2022-12-31,native_mse,20260910,-0.001180815938657947,,0,0
annual_state_offset_half,3003,2023-06-09,2023-06-19,0.0338878539347273,2023,2022-12-31,native_mse,20260910,-0.0014426234760102343,,0,1
annual_state_offset_half,3008,2023-06-16,2023-07-03,-0.026216632171098,2023,2022-12-31,native_mse,20260910,-0.0010042817493535598,,0,0
annual_state_offset_half,3016,2023-06-30,2023-07-10,-0.0030441518806006,2023,2022-12-31,native_mse,20260910,-0.0011931588855691256,,0,0
annual_state_offset_half,3021,2023-07-07,2023-07-17,0.0104280552692135,2023,2022-12-31,native_mse,20260910,-0.001925244639091561,,0,1
annual_state_offset_half,3026,2023-07-14,2023-07-24,-0.0201642613135752,2023,2022-12-31,native_mse,20260910,0.00072512762062503,,1,0
annual_state_offset_half,3031,2023-07-21,2023-07-31,0.0566710925894278,2023,2022-12-31,native_mse,20260910,0.0009939160139214966,,1,1
annual_state_offset_half,3036,2023-07-28,2023-08-07,-0.0039612927947766,2023,2022-12-31,native_mse,20260910,-0.0005682320215149167,,0,0
annual_state_offset_half,3041,2023-08-04,2023-08-14,-0.0404899362223548,2023,2022-12-31,native_mse,20260910,-0.0009301134947241365,,0,0
annual_state_offset_half,3046,2023-08-11,2023-08-21,-0.0176157088591445,2023,2022-12-31,native_mse,20260910,-0.000726777176221484,,0,0
annual_state_offset_half,3051,2023-08-18,2023-08-28,0.0366582477081969,2023,2022-12-31,native_mse,20260910,0.0008756120897448488,,1,1
annual_state_offset_half,3056,2023-08-25,2023-09-04,-0.025197172476384,2023,2022-12-31,native_mse,20260910,-0.0006648239910763075,,0,0
annual_state_offset_half,3061,2023-09-01,2023-09-11,-0.0189903461587886,2023,2022-12-31,native_mse,20260910,0.00015839660362514175,,1,0
annual_state_offset_half,3066,2023-09-08,2023-09-18,-0.0111346368744954,2023,2022-12-31,native_mse,20260910,0.001744965500114605,,1,0
annual_state_offset_half,3071,2023-09-15,2023-09-25,0.0105787349314532,2023,2022-12-31,native_mse,20260910,0.0006876575211446893,,1,1
annual_state_offset_half,3076,2023-09-22,2023-10-16,-0.0198017153282719,2023,2022-12-31,native_mse,20260910,-0.00243132015475,,0,0
annual_state_offset_half,3085,2023-10-13,2023-10-23,-0.0447156690429144,2023,2022-12-31,native_mse,20260910,-0.0021908711949872265,,0,0
annual_state_offset_half,3090,2023-10-20,2023-10-30,0.0154019770298841,2023,2022-12-31,native_mse,20260910,-0.0005611083237640583,,0,1
annual_state_offset_half,3095,2023-10-27,2023-11-06,0.0152527637017425,2023,2022-12-31,native_mse,20260910,0.0010289915405626282,,1,1
annual_state_offset_half,3100,2023-11-03,2023-11-13,-0.0039935482440582,2023,2022-12-31,native_mse,20260910,0.001023319006735779,,1,0
annual_state_offset_half,3105,2023-11-10,2023-11-20,-0.0067280482816765,2023,2022-12-31,native_mse,20260910,-0.0009564130384265961,,0,0
annual_state_offset_half,3110,2023-11-17,2023-11-27,-0.0098859017348651,2023,2022-12-31,native_mse,20260910,0.00023192130830153903,,1,0
annual_state_offset_half,3115,2023-11-24,2023-12-04,-0.0151084754586299,2023,2022-12-31,native_mse,20260910,0.0008732338960994725,,1,0
annual_state_offset_half,3120,2023-12-01,2023-12-11,-0.0295859857973478,2023,2022-12-31,native_mse,20260910,0.000837366835393595,,1,0
annual_state_offset_half,3125,2023-12-08,2023-12-18,-0.0144639658974852,2023,2022-12-31,native_mse,20260910,0.0006391538307731006,,1,0
annual_state_offset_half,3130,2023-12-15,2023-12-25,0.0003424256350643,2023,2022-12-31,native_mse,20260910,0.000382991564868559,,1,1
annual_state_offset_half,3135,2023-12-22,2024-01-02,0.0288079559683274,2023,2022-12-31,native_mse,20260910,-0.0008222024683218445,,0,1
annual_state_offset_half,3140,2023-12-29,2024-01-08,-0.0302544749829989,2023,2022-12-31,native_mse,20260910,0.0008212539531046094,,1,0
annual_state_offset_half,2902,2023-01-06,2023-01-16,0.0198447929614133,2023,2022-12-31,training_frequency,-1,0.5028949545078577,0.5028949545078577,1,1
annual_state_offset_half,2907,2023-01-13,2023-01-30,0.0465290788350809,2023,2022-12-31,training_frequency,-1,0.5028949545078577,0.5028949545078577,1,1
annual_state_offset_half,2912,2023-01-20,2023-02-06,-0.0383797057844887,2023,2022-12-31,training_frequency,-1,0.5028949545078577,0.5028949545078577,1,0
annual_state_offset_half,2917,2023-02-03,2023-02-13,-0.0012061903149008,2023,2022-12-31,training_frequency,-1,0.5028949545078577,0.5028949545078577,1,0
annual_state_offset_half,2922,2023-02-10,2023-02-20,-0.0143746584432821,2023,2022-12-31,training_frequency,-1,0.5028949545078577,0.5028949545078577,1,0
annual_state_offset_half,2927,2023-02-17,2023-02-27,0.0001237636016198,2023,2022-12-31,training_frequency,-1,0.5028949545078577,0.5028949545078577,1,1
annual_state_offset_half,2932,2023-02-24,2023-03-06,0.0224454641303217,2023,2022-12-31,training_frequency,-1,0.5028949545078577,0.5028949545078577,1,1
annual_state_offset_half,2937,2023-03-03,2023-03-13,-0.0407900947678007,2023,2022-12-31,training_frequency,-1,0.5028949545078577,0.5028949545078577,1,0
annual_state_offset_half,2942,2023-03-10,2023-03-20,5.0471402903706775e-06,2023,2022-12-31,training_frequency,-1,0.5028949545078577,0.5028949545078577,1,1
annual_state_offset_half,2947,2023-03-17,2023-03-27,0.015302852124583,2023,2022-12-31,training_frequency,-1,0.5028949545078577,0.5028949545078577,1,1
annual_state_offset_half,2952,2023-03-24,2023-04-03,0.0090274153058433,2023,2022-12-31,training_frequency,-1,0.5028949545078577,0.5028949545078577,1,1
annual_state_offset_half,2957,2023-03-31,2023-04-10,0.0178317182396383,2023,2022-12-31,training_frequency,-1,0.5028949545078577,0.5028949545078577,1,1
annual_state_offset_half,2961,2023-04-07,2023-04-17,-0.0101500238382772,2023,2022-12-31,training_frequency,-1,0.5028949545078577,0.5028949545078577,1,0
annual_state_offset_half,2966,2023-04-14,2023-04-24,-0.014368947230732,2023,2022-12-31,training_frequency,-1,0.5028949545078577,0.5028949545078577,1,0
annual_state_offset_half,2971,2023-04-21,2023-05-04,-0.0044228908788729,2023,2022-12-31,training_frequency,-1,0.5028949545078577,0.5028949545078577,1,0
annual_state_offset_half,2976,2023-04-28,2023-05-10,0.0036477163153083,2023,2022-12-31,training_frequency,-1,0.5028949545078577,0.5028949545078577,1,1
annual_state_offset_half,2978,2023-05-05,2023-05-15,-0.0221642407977935,2023,2022-12-31,training_frequency,-1,0.5028949545078577,0.5028949545078577,1,0
annual_state_offset_half,2983,2023-05-12,2023-05-22,0.0005509250208819,2023,2022-12-31,training_frequency,-1,0.5028949545078577,0.5028949545078577,1,1
annual_state_offset_half,2988,2023-05-19,2023-05-29,-0.0200253742704897,2023,2022-12-31,training_frequency,-1,0.5028949545078577,0.5028949545078577,1,0
annual_state_offset_half,2993,2023-05-26,2023-06-05,-0.0003935703040848,2023,2022-12-31,training_frequency,-1,0.5028949545078577,0.5028949545078577,1,0
annual_state_offset_half,2998,2023-06-02,2023-06-12,-0.0086075595250429,2023,2022-12-31,training_frequency,-1,0.5028949545078577,0.5028949545078577,1,0
annual_state_offset_half,3003,2023-06-09,2023-06-19,0.0338878539347273,2023,2022-12-31,training_frequency,-1,0.5028949545078577,0.5028949545078577,1,1
annual_state_offset_half,3008,2023-06-16,2023-07-03,-0.026216632171098,2023,2022-12-31,training_frequency,-1,0.5028949545078577,0.5028949545078577,1,0
annual_state_offset_half,3016,2023-06-30,2023-07-10,-0.0030441518806006,2023,2022-12-31,training_frequency,-1,0.5028949545078577,0.5028949545078577,1,0
annual_state_offset_half,3021,2023-07-07,2023-07-17,0.0104280552692135,2023,2022-12-31,training_frequency,-1,0.5028949545078577,0.5028949545078577,1,1
annual_state_offset_half,3026,2023-07-14,2023-07-24,-0.0201642613135752,2023,2022-12-31,training_frequency,-1,0.5028949545078577,0.5028949545078577,1,0
annual_state_offset_half,3031,2023-07-21,2023-07-31,0.0566710925894278,2023,2022-12-31,training_frequency,-1,0.5028949545078577,0.5028949545078577,1,1
annual_state_offset_half,3036,2023-07-28,2023-08-07,-0.0039612927947766,2023,2022-12-31,training_frequency,-1,0.5028949545078577,0.5028949545078577,1,0
annual_state_offset_half,3041,2023-08-04,2023-08-14,-0.0404899362223548,2023,2022-12-31,training_frequency,-1,0.5028949545078577,0.5028949545078577,1,0
annual_state_offset_half,3046,2023-08-11,2023-08-21,-0.0176157088591445,2023,2022-12-31,training_frequency,-1,0.5028949545078577,0.5028949545078577,1,0
annual_state_offset_half,3051,2023-08-18,2023-08-28,0.0366582477081969,2023,2022-12-31,training_frequency,-1,0.5028949545078577,0.5028949545078577,1,1
annual_state_offset_half,3056,2023-08-25,2023-09-04,-0.025197172476384,2023,2022-12-31,training_frequency,-1,0.5028949545078577,0.5028949545078577,1,0
annual_state_offset_half,3061,2023-09-01,2023-09-11,-0.0189903461587886,2023,2022-12-31,training_frequency,-1,0.5028949545078577,0.5028949545078577,1,0
annual_state_offset_half,3066,2023-09-08,2023-09-18,-0.0111346368744954,2023,2022-12-31,training_frequency,-1,0.5028949545078577,0.5028949545078577,1,0
annual_state_offset_half,3071,2023-09-15,2023-09-25,0.0105787349314532,2023,2022-12-31,training_frequency,-1,0.5028949545078577,0.5028949545078577,1,1
annual_state_offset_half,3076,2023-09-22,2023-10-16,-0.0198017153282719,2023,2022-12-31,training_frequency,-1,0.5028949545078577,0.5028949545078577,1,0
annual_state_offset_half,3085,2023-10-13,2023-10-23,-0.0447156690429144,2023,2022-12-31,training_frequency,-1,0.5028949545078577,0.5028949545078577,1,0
annual_state_offset_half,3090,2023-10-20,2023-10-30,0.0154019770298841,2023,2022-12-31,training_frequency,-1,0.5028949545078577,0.5028949545078577,1,1
annual_state_offset_half,3095,2023-10-27,2023-11-06,0.0152527637017425,2023,2022-12-31,training_frequency,-1,0.5028949545078577,0.5028949545078577,1,1
annual_state_offset_half,3100,2023-11-03,2023-11-13,-0.0039935482440582,2023,2022-12-31,training_frequency,-1,0.5028949545078577,0.5028949545078577,1,0
annual_state_offset_half,3105,2023-11-10,2023-11-20,-0.0067280482816765,2023,2022-12-31,training_frequency,-1,0.5028949545078577,0.5028949545078577,1,0
annual_state_offset_half,3110,2023-11-17,2023-11-27,-0.0098859017348651,2023,2022-12-31,training_frequency,-1,0.5028949545078577,0.5028949545078577,1,0
annual_state_offset_half,3115,2023-11-24,2023-12-04,-0.0151084754586299,2023,2022-12-31,training_frequency,-1,0.5028949545078577,0.5028949545078577,1,0
annual_state_offset_half,3120,2023-12-01,2023-12-11,-0.0295859857973478,2023,2022-12-31,training_frequency,-1,0.5028949545078577,0.5028949545078577,1,0
annual_state_offset_half,3125,2023-12-08,2023-12-18,-0.0144639658974852,2023,2022-12-31,training_frequency,-1,0.5028949545078577,0.5028949545078577,1,0
annual_state_offset_half,3130,2023-12-15,2023-12-25,0.0003424256350643,2023,2022-12-31,training_frequency,-1,0.5028949545078577,0.5028949545078577,1,1
annual_state_offset_half,3135,2023-12-22,2024-01-02,0.0288079559683274,2023,2022-12-31,training_frequency,-1,0.5028949545078577,0.5028949545078577,1,1
annual_state_offset_half,3140,2023-12-29,2024-01-08,-0.0302544749829989,2023,2022-12-31,training_frequency,-1,0.5028949545078577,0.5028949545078577,1,0
annual_state_offset_half,2902,2023-01-06,2023-01-16,0.0198447929614133,2023,2022-12-31,native_mse,20260911,-0.0028881799476405084,,0,1
annual_state_offset_half,2907,2023-01-13,2023-01-30,0.0465290788350809,2023,2022-12-31,native_mse,20260911,0.002600529697082545,,1,1
annual_state_offset_half,2912,2023-01-20,2023-02-06,-0.0383797057844887,2023,2022-12-31,native_mse,20260911,0.009824735187562814,,1,0
annual_state_offset_half,2917,2023-02-03,2023-02-13,-0.0012061903149008,2023,2022-12-31,native_mse,20260911,0.001758336799202022,,1,0
annual_state_offset_half,2922,2023-02-10,2023-02-20,-0.0143746584432821,2023,2022-12-31,native_mse,20260911,-0.004455423490420713,,0,0
annual_state_offset_half,2927,2023-02-17,2023-02-27,0.0001237636016198,2023,2022-12-31,native_mse,20260911,-0.004320463721841919,,0,1
annual_state_offset_half,2932,2023-02-24,2023-03-06,0.0224454641303217,2023,2022-12-31,native_mse,20260911,0.007109894584169036,,1,1
annual_state_offset_half,2937,2023-03-03,2023-03-13,-0.0407900947678007,2023,2022-12-31,native_mse,20260911,0.012121075090535267,,1,0
annual_state_offset_half,2942,2023-03-10,2023-03-20,5.0471402903706775e-06,2023,2022-12-31,native_mse,20260911,-0.0015684618293498606,,0,1
annual_state_offset_half,2947,2023-03-17,2023-03-27,0.015302852124583,2023,2022-12-31,native_mse,20260911,-0.00455123687690783,,0,1
annual_state_offset_half,2952,2023-03-24,2023-04-03,0.0090274153058433,2023,2022-12-31,native_mse,20260911,-0.0032713642765306557,,0,1
annual_state_offset_half,2957,2023-03-31,2023-04-10,0.0178317182396383,2023,2022-12-31,native_mse,20260911,0.009972413917103892,,1,1
annual_state_offset_half,2961,2023-04-07,2023-04-17,-0.0101500238382772,2023,2022-12-31,native_mse,20260911,0.007806808930188104,,1,0
annual_state_offset_half,2966,2023-04-14,2023-04-24,-0.014368947230732,2023,2022-12-31,native_mse,20260911,0.007226249329863683,,1,0
annual_state_offset_half,2971,2023-04-21,2023-05-04,-0.0044228908788729,2023,2022-12-31,native_mse,20260911,-0.0024232716039148286,,0,0
annual_state_offset_half,2976,2023-04-28,2023-05-10,0.0036477163153083,2023,2022-12-31,native_mse,20260911,-0.003907239624967295,,0,1
annual_state_offset_half,2978,2023-05-05,2023-05-15,-0.0221642407977935,2023,2022-12-31,native_mse,20260911,-0.0031947009428460477,,0,0
annual_state_offset_half,2983,2023-05-12,2023-05-22,0.0005509250208819,2023,2022-12-31,native_mse,20260911,0.003981441571850173,,1,1
annual_state_offset_half,2988,2023-05-19,2023-05-29,-0.0200253742704897,2023,2022-12-31,native_mse,20260911,0.01107004322684732,,1,0
annual_state_offset_half,2993,2023-05-26,2023-06-05,-0.0003935703040848,2023,2022-12-31,native_mse,20260911,0.004560043069480671,,1,0
annual_state_offset_half,2998,2023-06-02,2023-06-12,-0.0086075595250429,2023,2022-12-31,native_mse,20260911,-0.0048559678058000275,,0,0
annual_state_offset_half,3003,2023-06-09,2023-06-19,0.0338878539347273,2023,2022-12-31,native_mse,20260911,-0.0042897134995229635,,0,1
annual_state_offset_half,3008,2023-06-16,2023-07-03,-0.026216632171098,2023,2022-12-31,native_mse,20260911,-0.004761761648113702,,0,0
annual_state_offset_half,3016,2023-06-30,2023-07-10,-0.0030441518806006,2023,2022-12-31,native_mse,20260911,0.001449000541630631,,1,0
annual_state_offset_half,3021,2023-07-07,2023-07-17,0.0104280552692135,2023,2022-12-31,native_mse,20260911,-0.005015012063383114,,0,1
annual_state_offset_half,3026,2023-07-14,2023-07-24,-0.0201642613135752,2023,2022-12-31,native_mse,20260911,-0.002212730290267345,,0,0
annual_state_offset_half,3031,2023-07-21,2023-07-31,0.0566710925894278,2023,2022-12-31,native_mse,20260911,-0.005112763962830667,,0,1
annual_state_offset_half,3036,2023-07-28,2023-08-07,-0.0039612927947766,2023,2022-12-31,native_mse,20260911,-0.0052814272148835025,,0,0
annual_state_offset_half,3041,2023-08-04,2023-08-14,-0.0404899362223548,2023,2022-12-31,native_mse,20260911,-0.004618211999064367,,0,0
annual_state_offset_half,3046,2023-08-11,2023-08-21,-0.0176157088591445,2023,2022-12-31,native_mse,20260911,0.009053312378542757,,1,0
annual_state_offset_half,3051,2023-08-18,2023-08-28,0.0366582477081969,2023,2022-12-31,native_mse,20260911,0.004561021250172811,,1,1
annual_state_offset_half,3056,2023-08-25,2023-09-04,-0.025197172476384,2023,2022-12-31,native_mse,20260911,-0.0025275908526821967,,0,0
annual_state_offset_half,3061,2023-09-01,2023-09-11,-0.0189903461587886,2023,2022-12-31,native_mse,20260911,-0.0049631793698849645,,0,0
annual_state_offset_half,3066,2023-09-08,2023-09-18,-0.0111346368744954,2023,2022-12-31,native_mse,20260911,0.00680202581529956,,1,0
annual_state_offset_half,3071,2023-09-15,2023-09-25,0.0105787349314532,2023,2022-12-31,native_mse,20260911,0.008596091481564963,,1,1
annual_state_offset_half,3076,2023-09-22,2023-10-16,-0.0198017153282719,2023,2022-12-31,native_mse,20260911,-0.0031471179155324424,,0,0
annual_state_offset_half,3085,2023-10-13,2023-10-23,-0.0447156690429144,2023,2022-12-31,native_mse,20260911,-0.004148291730857776,,0,0
annual_state_offset_half,3090,2023-10-20,2023-10-30,0.0154019770298841,2023,2022-12-31,native_mse,20260911,-0.005712800982170543,,0,1
annual_state_offset_half,3095,2023-10-27,2023-11-06,0.0152527637017425,2023,2022-12-31,native_mse,20260911,-0.0033253387808900993,,0,1
annual_state_offset_half,3100,2023-11-03,2023-11-13,-0.0039935482440582,2023,2022-12-31,native_mse,20260911,-0.0006739370262628165,,0,0
annual_state_offset_half,3105,2023-11-10,2023-11-20,-0.0067280482816765,2023,2022-12-31,native_mse,20260911,-0.004003258050664914,,0,0
annual_state_offset_half,3110,2023-11-17,2023-11-27,-0.0098859017348651,2023,2022-12-31,native_mse,20260911,-0.003231557067429336,,0,0
annual_state_offset_half,3115,2023-11-24,2023-12-04,-0.0151084754586299,2023,2022-12-31,native_mse,20260911,-0.003968465813336381,,0,0
annual_state_offset_half,3120,2023-12-01,2023-12-11,-0.0295859857973478,2023,2022-12-31,native_mse,20260911,-0.004170192617569334,,0,0
annual_state_offset_half,3125,2023-12-08,2023-12-18,-0.0144639658974852,2023,2022-12-31,native_mse,20260911,-0.004708072283208354,,0,0
annual_state_offset_half,3130,2023-12-15,2023-12-25,0.0003424256350643,2023,2022-12-31,native_mse,20260911,-0.005014383450601872,,0,1
annual_state_offset_half,3135,2023-12-22,2024-01-02,0.0288079559683274,2023,2022-12-31,native_mse,20260911,-0.005140476035149425,,0,1
annual_state_offset_half,3140,2023-12-29,2024-01-08,-0.0302544749829989,2023,2022-12-31,native_mse,20260911,-0.0034098597743402285,,0,0
annual_state_offset_half,2902,2023-01-06,2023-01-16,0.0198447929614133,2023,2022-12-31,native_mse,20260912,0.0004281627694943007,,1,1
annual_state_offset_half,2907,2023-01-13,2023-01-30,0.0465290788350809,2023,2022-12-31,native_mse,20260912,4.2102919401855305e-05,,1,1
annual_state_offset_half,2912,2023-01-20,2023-02-06,-0.0383797057844887,2023,2022-12-31,native_mse,20260912,0.0010967633118809882,,1,0
annual_state_offset_half,2917,2023-02-03,2023-02-13,-0.0012061903149008,2023,2022-12-31,native_mse,20260912,0.0008747039967658528,,1,0
annual_state_offset_half,2922,2023-02-10,2023-02-20,-0.0143746584432821,2023,2022-12-31,native_mse,20260912,0.0001818132935792269,,1,0
annual_state_offset_half,2927,2023-02-17,2023-02-27,0.0001237636016198,2023,2022-12-31,native_mse,20260912,0.00010126624081480557,,1,1
annual_state_offset_half,2932,2023-02-24,2023-03-06,0.0224454641303217,2023,2022-12-31,native_mse,20260912,0.000782385799644381,,1,1
annual_state_offset_half,2937,2023-03-03,2023-03-13,-0.0407900947678007,2023,2022-12-31,native_mse,20260912,0.00040350503591383166,,1,0
annual_state_offset_half,2942,2023-03-10,2023-03-20,5.0471402903706775e-06,2023,2022-12-31,native_mse,20260912,0.00023517524465769396,,1,1
annual_state_offset_half,2947,2023-03-17,2023-03-27,0.015302852124583,2023,2022-12-31,native_mse,20260912,-0.0005550490015326846,,0,1
annual_state_offset_half,2952,2023-03-24,2023-04-03,0.0090274153058433,2023,2022-12-31,native_mse,20260912,0.0004555071806066471,,1,1
annual_state_offset_half,2957,2023-03-31,2023-04-10,0.0178317182396383,2023,2022-12-31,native_mse,20260912,0.0006137448037054246,,1,1
annual_state_offset_half,2961,2023-04-07,2023-04-17,-0.0101500238382772,2023,2022-12-31,native_mse,20260912,0.0007714668086940345,,1,0
annual_state_offset_half,2966,2023-04-14,2023-04-24,-0.014368947230732,2023,2022-12-31,native_mse,20260912,0.0006120128536014287,,1,0
annual_state_offset_half,2971,2023-04-21,2023-05-04,-0.0044228908788729,2023,2022-12-31,native_mse,20260912,0.0004168718728952876,,1,0
annual_state_offset_half,2976,2023-04-28,2023-05-10,0.0036477163153083,2023,2022-12-31,native_mse,20260912,0.0007975995131662927,,1,1
annual_state_offset_half,2978,2023-05-05,2023-05-15,-0.0221642407977935,2023,2022-12-31,native_mse,20260912,3.748499343571029e-05,,1,0
annual_state_offset_half,2983,2023-05-12,2023-05-22,0.0005509250208819,2023,2022-12-31,native_mse,20260912,0.00013564688457888487,,1,1
annual_state_offset_half,2988,2023-05-19,2023-05-29,-0.0200253742704897,2023,2022-12-31,native_mse,20260912,0.0006049797039520234,,1,0
annual_state_offset_half,2993,2023-05-26,2023-06-05,-0.0003935703040848,2023,2022-12-31,native_mse,20260912,5.080512794837295e-05,,1,0
annual_state_offset_half,2998,2023-06-02,2023-06-12,-0.0086075595250429,2023,2022-12-31,native_mse,20260912,-0.0003527596454530836,,0,0
annual_state_offset_half,3003,2023-06-09,2023-06-19,0.0338878539347273,2023,2022-12-31,native_mse,20260912,-0.0004629538008774116,,0,1
annual_state_offset_half,3008,2023-06-16,2023-07-03,-0.026216632171098,2023,2022-12-31,native_mse,20260912,-0.0003413110242915335,,0,0
annual_state_offset_half,3016,2023-06-30,2023-07-10,-0.0030441518806006,2023,2022-12-31,native_mse,20260912,0.0003431408638381007,,1,0
annual_state_offset_half,3021,2023-07-07,2023-07-17,0.0104280552692135,2023,2022-12-31,native_mse,20260912,0.000814771057302496,,1,1
annual_state_offset_half,3026,2023-07-14,2023-07-24,-0.0201642613135752,2023,2022-12-31,native_mse,20260912,0.0006501402430561996,,1,0
annual_state_offset_half,3031,2023-07-21,2023-07-31,0.0566710925894278,2023,2022-12-31,native_mse,20260912,2.5045124957704355e-05,,1,1
annual_state_offset_half,3036,2023-07-28,2023-08-07,-0.0039612927947766,2023,2022-12-31,native_mse,20260912,0.00047471401642830695,,1,0
annual_state_offset_half,3041,2023-08-04,2023-08-14,-0.0404899362223548,2023,2022-12-31,native_mse,20260912,0.0008553072765691807,,1,0
annual_state_offset_half,3046,2023-08-11,2023-08-21,-0.0176157088591445,2023,2022-12-31,native_mse,20260912,0.0015027086256146451,,1,0
annual_state_offset_half,3051,2023-08-18,2023-08-28,0.0366582477081969,2023,2022-12-31,native_mse,20260912,0.0006099353623650846,,1,1
annual_state_offset_half,3056,2023-08-25,2023-09-04,-0.025197172476384,2023,2022-12-31,native_mse,20260912,0.00044421971221099443,,1,0
annual_state_offset_half,3061,2023-09-01,2023-09-11,-0.0189903461587886,2023,2022-12-31,native_mse,20260912,-0.0002025361551160587,,0,0
annual_state_offset_half,3066,2023-09-08,2023-09-18,-0.0111346368744954,2023,2022-12-31,native_mse,20260912,0.00041052847232038274,,1,0
annual_state_offset_half,3071,2023-09-15,2023-09-25,0.0105787349314532,2023,2022-12-31,native_mse,20260912,0.0001624781603077036,,1,1
annual_state_offset_half,3076,2023-09-22,2023-10-16,-0.0198017153282719,2023,2022-12-31,native_mse,20260912,-2.0047557486308507e-05,,0,0
annual_state_offset_half,3085,2023-10-13,2023-10-23,-0.0447156690429144,2023,2022-12-31,native_mse,20260912,-7.666747850147154e-05,,0,0
annual_state_offset_half,3090,2023-10-20,2023-10-30,0.0154019770298841,2023,2022-12-31,native_mse,20260912,0.00029732197364893017,,1,1
annual_state_offset_half,3095,2023-10-27,2023-11-06,0.0152527637017425,2023,2022-12-31,native_mse,20260912,0.0012245039371740986,,1,1
annual_state_offset_half,3100,2023-11-03,2023-11-13,-0.0039935482440582,2023,2022-12-31,native_mse,20260912,0.00041856415378897153,,1,0
annual_state_offset_half,3105,2023-11-10,2023-11-20,-0.0067280482816765,2023,2022-12-31,native_mse,20260912,0.00022000524072862617,,1,0
annual_state_offset_half,3110,2023-11-17,2023-11-27,-0.0098859017348651,2023,2022-12-31,native_mse,20260912,-0.00011003873914113989,,0,0
annual_state_offset_half,3115,2023-11-24,2023-12-04,-0.0151084754586299,2023,2022-12-31,native_mse,20260912,0.0006004861455855604,,1,0
annual_state_offset_half,3120,2023-12-01,2023-12-11,-0.0295859857973478,2023,2022-12-31,native_mse,20260912,9.164477722239853e-05,,1,0
annual_state_offset_half,3125,2023-12-08,2023-12-18,-0.0144639658974852,2023,2022-12-31,native_mse,20260912,0.0003716320497864135,,1,0
annual_state_offset_half,3130,2023-12-15,2023-12-25,0.0003424256350643,2023,2022-12-31,native_mse,20260912,0.0007186720416179463,,1,1
annual_state_offset_half,3135,2023-12-22,2024-01-02,0.0288079559683274,2023,2022-12-31,native_mse,20260912,0.00031752353260434155,,1,1
annual_state_offset_half,3140,2023-12-29,2024-01-08,-0.0302544749829989,2023,2022-12-31,native_mse,20260912,-5.293223214677527e-06,,0,0
annual_state_offset_half,3144,2024-01-05,2024-01-15,-0.0158038409563566,2024,2023-12-31,native_mse,20260910,0.000251131835275678,,1,0
annual_state_offset_half,3149,2024-01-12,2024-01-22,-0.002333261979756,2024,2023-12-31,native_mse,20260910,0.0007362057214049004,,1,0
annual_state_offset_half,3154,2024-01-19,2024-01-29,0.0223511633823452,2024,2023-12-31,native_mse,20260910,-0.00023540604600351487,,0,1
annual_state_offset_half,3159,2024-01-26,2024-02-05,-0.0513103415192826,2024,2023-12-31,native_mse,20260910,-0.001531436704987099,,0,0
annual_state_offset_half,3164,2024-02-02,2024-02-26,0.1015374891364462,2024,2023-12-31,native_mse,20260910,0.004796229141878599,,1,1
annual_state_offset_half,3173,2024-02-23,2024-03-04,0.0151569053862528,2024,2023-12-31,native_mse,20260910,0.005981439448417525,,1,1
annual_state_offset_half,3178,2024-03-01,2024-03-11,0.0021394031715169,2024,2023-12-31,native_mse,20260910,0.002923079585146593,,1,1
annual_state_offset_half,3183,2024-03-08,2024-03-18,0.0087762342284414,2024,2023-12-31,native_mse,20260910,0.004534858645957669,,1,1
annual_state_offset_half,3188,2024-03-15,2024-03-25,-0.0112802133595746,2024,2023-12-31,native_mse,20260910,0.004141952477981538,,1,0
annual_state_offset_half,3193,2024-03-22,2024-04-01,0.0042044725182444,2024,2023-12-31,native_mse,20260910,0.0018727898596620025,,1,1
annual_state_offset_half,3198,2024-03-29,2024-04-15,-0.0219845815102011,2024,2023-12-31,native_mse,20260910,0.0003645787473085561,,1,0
annual_state_offset_half,3206,2024-04-12,2024-04-22,0.018045199366633,2024,2023-12-31,native_mse,20260910,-0.00021832918624461518,,0,1
annual_state_offset_half,3211,2024-04-19,2024-04-29,0.0136757744232476,2024,2023-12-31,native_mse,20260910,0.0005323002819172812,,1,1
annual_state_offset_half,3216,2024-04-26,2024-05-13,0.0172434956786644,2024,2023-12-31,native_mse,20260910,-0.00014728683736751251,,0,1
annual_state_offset_half,3223,2024-05-10,2024-05-20,0.0097933549988344,2024,2023-12-31,native_mse,20260910,0.0004133340837300701,,1,1
annual_state_offset_half,3228,2024-05-17,2024-05-27,-0.0204803832637164,2024,2023-12-31,native_mse,20260910,0.0036262081384896457,,1,0
annual_state_offset_half,3233,2024-05-24,2024-06-03,-0.0081155643048258,2024,2023-12-31,native_mse,20260910,0.0049904247327292855,,1,0
annual_state_offset_half,3238,2024-05-31,2024-06-11,-0.0060267570121149,2024,2023-12-31,native_mse,20260910,0.0040244113389711345,,1,0
annual_state_offset_half,3243,2024-06-07,2024-06-17,-0.0096686558937179,2024,2023-12-31,native_mse,20260910,0.008609928356971403,,1,0
annual_state_offset_half,3247,2024-06-14,2024-06-24,-0.013573992457631,2024,2023-12-31,native_mse,20260910,0.008961501129694911,,1,0
annual_state_offset_half,3252,2024-06-21,2024-07-01,-0.004427632109257,2024,2023-12-31,native_mse,20260910,0.0009177608055072099,,1,0
annual_state_offset_half,3257,2024-06-28,2024-07-08,-0.0108320369203009,2024,2023-12-31,native_mse,20260910,0.0030020981914033497,,1,0
annual_state_offset_half,3262,2024-07-05,2024-07-15,0.0122222871842843,2024,2023-12-31,native_mse,20260910,0.00336049012064386,,1,1
annual_state_offset_half,3267,2024-07-12,2024-07-22,0.0218881133018156,2024,2023-12-31,native_mse,20260910,-0.0006421845267103974,,0,1
annual_state_offset_half,3272,2024-07-19,2024-07-29,-0.0378787022382998,2024,2023-12-31,native_mse,20260910,0.0004540341648428114,,1,0
annual_state_offset_half,3277,2024-07-26,2024-08-05,-0.0124134568216732,2024,2023-12-31,native_mse,20260910,0.0013231998081271626,,1,0
annual_state_offset_half,3282,2024-08-02,2024-08-12,-0.0102762848330364,2024,2023-12-31,native_mse,20260910,0.001303372172405589,,1,0
annual_state_offset_half,3287,2024-08-09,2024-08-19,0.0050186923751938,2024,2023-12-31,native_mse,20260910,0.00011119162293128984,,1,1
annual_state_offset_half,3292,2024-08-16,2024-08-26,-0.0040487282687352,2024,2023-12-31,native_mse,20260910,0.0014903087569155989,,1,0
annual_state_offset_half,3297,2024-08-23,2024-09-02,-0.0069594562136714,2024,2023-12-31,native_mse,20260910,-0.0030751570665977007,,0,0
annual_state_offset_half,3302,2024-08-30,2024-09-09,-0.0280389655151561,2024,2023-12-31,native_mse,20260910,-0.003508085985855703,,0,0
annual_state_offset_half,3307,2024-09-06,2024-09-18,-0.0174132138857783,2024,2023-12-31,native_mse,20260910,-0.0025693655960970898,,0,0
annual_state_offset_half,3312,2024-09-13,2024-09-24,0.0133119329369826,2024,2023-12-31,native_mse,20260910,0.00017194356388446877,,1,1
annual_state_offset_half,3315,2024-09-20,2024-09-30,0.2017513988384409,2024,2023-12-31,native_mse,20260910,0.0007791555801138394,,1,1
annual_state_offset_half,3320,2024-09-27,2024-10-14,0.0178259004588408,2024,2023-12-31,native_mse,20260910,0.0007616530796663938,,1,1
annual_state_offset_half,3325,2024-10-11,2024-10-21,0.0080914993282625,2024,2023-12-31,native_mse,20260910,-0.0026429925872939004,,0,1
annual_state_offset_half,3330,2024-10-18,2024-10-28,0.0015733867085561,2024,2023-12-31,native_mse,20260910,-0.004083051697418182,,0,1
annual_state_offset_half,3335,2024-10-25,2024-11-04,-0.0140142824257356,2024,2023-12-31,native_mse,20260910,-0.003618447449131282,,0,0
annual_state_offset_half,3340,2024-11-01,2024-11-11,0.0434152361258277,2024,2023-12-31,native_mse,20260910,-0.0042863223001300965,,0,1
annual_state_offset_half,3345,2024-11-08,2024-11-18,-0.0208584853931589,2024,2023-12-31,native_mse,20260910,-0.0028591792362593097,,0,0
annual_state_offset_half,3350,2024-11-15,2024-11-25,-0.0267421712161923,2024,2023-12-31,native_mse,20260910,-0.0017028092388012967,,0,0
annual_state_offset_half,3355,2024-11-22,2024-12-02,0.0087960346887328,2024,2023-12-31,native_mse,20260910,-0.0009456406767515755,,0,1
annual_state_offset_half,3360,2024-11-29,2024-12-09,0.0155919891551781,2024,2023-12-31,native_mse,20260910,-0.0002599534945060551,,0,1
annual_state_offset_half,3365,2024-12-06,2024-12-16,-0.0100436703218104,2024,2023-12-31,native_mse,20260910,0.0007542474780432574,,1,0
annual_state_offset_half,3370,2024-12-13,2024-12-23,-0.0006690784017421,2024,2023-12-31,native_mse,20260910,-0.0007125951992407705,,0,0
annual_state_offset_half,3375,2024-12-20,2024-12-30,0.0123595076562756,2024,2023-12-31,native_mse,20260910,-0.0012475930255920083,,0,1
annual_state_offset_half,3380,2024-12-27,2025-01-06,-0.0504714964669198,2024,2023-12-31,native_mse,20260910,-0.00024548952899875387,,0,0
annual_state_offset_half,3144,2024-01-05,2024-01-15,-0.0158038409563566,2024,2023-12-31,training_frequency,-1,0.5024834437086093,0.5024834437086093,1,0
annual_state_offset_half,3149,2024-01-12,2024-01-22,-0.002333261979756,2024,2023-12-31,training_frequency,-1,0.5024834437086093,0.5024834437086093,1,0
annual_state_offset_half,3154,2024-01-19,2024-01-29,0.0223511633823452,2024,2023-12-31,training_frequency,-1,0.5024834437086093,0.5024834437086093,1,1
annual_state_offset_half,3159,2024-01-26,2024-02-05,-0.0513103415192826,2024,2023-12-31,training_frequency,-1,0.5024834437086093,0.5024834437086093,1,0
annual_state_offset_half,3164,2024-02-02,2024-02-26,0.1015374891364462,2024,2023-12-31,training_frequency,-1,0.5024834437086093,0.5024834437086093,1,1
annual_state_offset_half,3173,2024-02-23,2024-03-04,0.0151569053862528,2024,2023-12-31,training_frequency,-1,0.5024834437086093,0.5024834437086093,1,1
annual_state_offset_half,3178,2024-03-01,2024-03-11,0.0021394031715169,2024,2023-12-31,training_frequency,-1,0.5024834437086093,0.5024834437086093,1,1
annual_state_offset_half,3183,2024-03-08,2024-03-18,0.0087762342284414,2024,2023-12-31,training_frequency,-1,0.5024834437086093,0.5024834437086093,1,1
annual_state_offset_half,3188,2024-03-15,2024-03-25,-0.0112802133595746,2024,2023-12-31,training_frequency,-1,0.5024834437086093,0.5024834437086093,1,0
annual_state_offset_half,3193,2024-03-22,2024-04-01,0.0042044725182444,2024,2023-12-31,training_frequency,-1,0.5024834437086093,0.5024834437086093,1,1
annual_state_offset_half,3198,2024-03-29,2024-04-15,-0.0219845815102011,2024,2023-12-31,training_frequency,-1,0.5024834437086093,0.5024834437086093,1,0
annual_state_offset_half,3206,2024-04-12,2024-04-22,0.018045199366633,2024,2023-12-31,training_frequency,-1,0.5024834437086093,0.5024834437086093,1,1
annual_state_offset_half,3211,2024-04-19,2024-04-29,0.0136757744232476,2024,2023-12-31,training_frequency,-1,0.5024834437086093,0.5024834437086093,1,1
annual_state_offset_half,3216,2024-04-26,2024-05-13,0.0172434956786644,2024,2023-12-31,training_frequency,-1,0.5024834437086093,0.5024834437086093,1,1
annual_state_offset_half,3223,2024-05-10,2024-05-20,0.0097933549988344,2024,2023-12-31,training_frequency,-1,0.5024834437086093,0.5024834437086093,1,1
annual_state_offset_half,3228,2024-05-17,2024-05-27,-0.0204803832637164,2024,2023-12-31,training_frequency,-1,0.5024834437086093,0.5024834437086093,1,0
annual_state_offset_half,3233,2024-05-24,2024-06-03,-0.0081155643048258,2024,2023-12-31,training_frequency,-1,0.5024834437086093,0.5024834437086093,1,0
annual_state_offset_half,3238,2024-05-31,2024-06-11,-0.0060267570121149,2024,2023-12-31,training_frequency,-1,0.5024834437086093,0.5024834437086093,1,0
annual_state_offset_half,3243,2024-06-07,2024-06-17,-0.0096686558937179,2024,2023-12-31,training_frequency,-1,0.5024834437086093,0.5024834437086093,1,0
annual_state_offset_half,3247,2024-06-14,2024-06-24,-0.013573992457631,2024,2023-12-31,training_frequency,-1,0.5024834437086093,0.5024834437086093,1,0
annual_state_offset_half,3252,2024-06-21,2024-07-01,-0.004427632109257,2024,2023-12-31,training_frequency,-1,0.5024834437086093,0.5024834437086093,1,0
annual_state_offset_half,3257,2024-06-28,2024-07-08,-0.0108320369203009,2024,2023-12-31,training_frequency,-1,0.5024834437086093,0.5024834437086093,1,0
annual_state_offset_half,3262,2024-07-05,2024-07-15,0.0122222871842843,2024,2023-12-31,training_frequency,-1,0.5024834437086093,0.5024834437086093,1,1
annual_state_offset_half,3267,2024-07-12,2024-07-22,0.0218881133018156,2024,2023-12-31,training_frequency,-1,0.5024834437086093,0.5024834437086093,1,1
annual_state_offset_half,3272,2024-07-19,2024-07-29,-0.0378787022382998,2024,2023-12-31,training_frequency,-1,0.5024834437086093,0.5024834437086093,1,0
annual_state_offset_half,3277,2024-07-26,2024-08-05,-0.0124134568216732,2024,2023-12-31,training_frequency,-1,0.5024834437086093,0.5024834437086093,1,0
annual_state_offset_half,3282,2024-08-02,2024-08-12,-0.0102762848330364,2024,2023-12-31,training_frequency,-1,0.5024834437086093,0.5024834437086093,1,0
annual_state_offset_half,3287,2024-08-09,2024-08-19,0.0050186923751938,2024,2023-12-31,training_frequency,-1,0.5024834437086093,0.5024834437086093,1,1
annual_state_offset_half,3292,2024-08-16,2024-08-26,-0.0040487282687352,2024,2023-12-31,training_frequency,-1,0.5024834437086093,0.5024834437086093,1,0
annual_state_offset_half,3297,2024-08-23,2024-09-02,-0.0069594562136714,2024,2023-12-31,training_frequency,-1,0.5024834437086093,0.5024834437086093,1,0
annual_state_offset_half,3302,2024-08-30,2024-09-09,-0.0280389655151561,2024,2023-12-31,training_frequency,-1,0.5024834437086093,0.5024834437086093,1,0
annual_state_offset_half,3307,2024-09-06,2024-09-18,-0.0174132138857783,2024,2023-12-31,training_frequency,-1,0.5024834437086093,0.5024834437086093,1,0
annual_state_offset_half,3312,2024-09-13,2024-09-24,0.0133119329369826,2024,2023-12-31,training_frequency,-1,0.5024834437086093,0.5024834437086093,1,1
annual_state_offset_half,3315,2024-09-20,2024-09-30,0.2017513988384409,2024,2023-12-31,training_frequency,-1,0.5024834437086093,0.5024834437086093,1,1
annual_state_offset_half,3320,2024-09-27,2024-10-14,0.0178259004588408,2024,2023-12-31,training_frequency,-1,0.5024834437086093,0.5024834437086093,1,1
annual_state_offset_half,3325,2024-10-11,2024-10-21,0.0080914993282625,2024,2023-12-31,training_frequency,-1,0.5024834437086093,0.5024834437086093,1,1
annual_state_offset_half,3330,2024-10-18,2024-10-28,0.0015733867085561,2024,2023-12-31,training_frequency,-1,0.5024834437086093,0.5024834437086093,1,1
annual_state_offset_half,3335,2024-10-25,2024-11-04,-0.0140142824257356,2024,2023-12-31,training_frequency,-1,0.5024834437086093,0.5024834437086093,1,0
annual_state_offset_half,3340,2024-11-01,2024-11-11,0.0434152361258277,2024,2023-12-31,training_frequency,-1,0.5024834437086093,0.5024834437086093,1,1
annual_state_offset_half,3345,2024-11-08,2024-11-18,-0.0208584853931589,2024,2023-12-31,training_frequency,-1,0.5024834437086093,0.5024834437086093,1,0
annual_state_offset_half,3350,2024-11-15,2024-11-25,-0.0267421712161923,2024,2023-12-31,training_frequency,-1,0.5024834437086093,0.5024834437086093,1,0
annual_state_offset_half,3355,2024-11-22,2024-12-02,0.0087960346887328,2024,2023-12-31,training_frequency,-1,0.5024834437086093,0.5024834437086093,1,1
annual_state_offset_half,3360,2024-11-29,2024-12-09,0.0155919891551781,2024,2023-12-31,training_frequency,-1,0.5024834437086093,0.5024834437086093,1,1
annual_state_offset_half,3365,2024-12-06,2024-12-16,-0.0100436703218104,2024,2023-12-31,training_frequency,-1,0.5024834437086093,0.5024834437086093,1,0
annual_state_offset_half,3370,2024-12-13,2024-12-23,-0.0006690784017421,2024,2023-12-31,training_frequency,-1,0.5024834437086093,0.5024834437086093,1,0
annual_state_offset_half,3375,2024-12-20,2024-12-30,0.0123595076562756,2024,2023-12-31,training_frequency,-1,0.5024834437086093,0.5024834437086093,1,1
annual_state_offset_half,3380,2024-12-27,2025-01-06,-0.0504714964669198,2024,2023-12-31,training_frequency,-1,0.5024834437086093,0.5024834437086093,1,0
annual_state_offset_half,3144,2024-01-05,2024-01-15,-0.0158038409563566,2024,2023-12-31,native_mse,20260911,0.006524465736805172,,1,0
annual_state_offset_half,3149,2024-01-12,2024-01-22,-0.002333261979756,2024,2023-12-31,native_mse,20260911,0.008213225375018137,,1,0
annual_state_offset_half,3154,2024-01-19,2024-01-29,0.0223511633823452,2024,2023-12-31,native_mse,20260911,0.009988969845384454,,1,1
annual_state_offset_half,3159,2024-01-26,2024-02-05,-0.0513103415192826,2024,2023-12-31,native_mse,20260911,0.007709942184731473,,1,0
annual_state_offset_half,3164,2024-02-02,2024-02-26,0.1015374891364462,2024,2023-12-31,native_mse,20260911,0.006449485928463916,,1,1
annual_state_offset_half,3173,2024-02-23,2024-03-04,0.0151569053862528,2024,2023-12-31,native_mse,20260911,0.010256530380527457,,1,1
annual_state_offset_half,3178,2024-03-01,2024-03-11,0.0021394031715169,2024,2023-12-31,native_mse,20260911,0.00705766649461919,,1,1
annual_state_offset_half,3183,2024-03-08,2024-03-18,0.0087762342284414,2024,2023-12-31,native_mse,20260911,0.008632918878357794,,1,1
annual_state_offset_half,3188,2024-03-15,2024-03-25,-0.0112802133595746,2024,2023-12-31,native_mse,20260911,0.004101422624994645,,1,0
annual_state_offset_half,3193,2024-03-22,2024-04-01,0.0042044725182444,2024,2023-12-31,native_mse,20260911,0.0049895841353934664,,1,1
annual_state_offset_half,3198,2024-03-29,2024-04-15,-0.0219845815102011,2024,2023-12-31,native_mse,20260911,0.0016010611409444046,,1,0
annual_state_offset_half,3206,2024-04-12,2024-04-22,0.018045199366633,2024,2023-12-31,native_mse,20260911,0.001857502186560773,,1,1
annual_state_offset_half,3211,2024-04-19,2024-04-29,0.0136757744232476,2024,2023-12-31,native_mse,20260911,0.009651811290201222,,1,1
annual_state_offset_half,3216,2024-04-26,2024-05-13,0.0172434956786644,2024,2023-12-31,native_mse,20260911,0.005960111287081512,,1,1
annual_state_offset_half,3223,2024-05-10,2024-05-20,0.0097933549988344,2024,2023-12-31,native_mse,20260911,-0.004933376296222066,,0,1
annual_state_offset_half,3228,2024-05-17,2024-05-27,-0.0204803832637164,2024,2023-12-31,native_mse,20260911,-0.003099362011607103,,0,0
annual_state_offset_half,3233,2024-05-24,2024-06-03,-0.0081155643048258,2024,2023-12-31,native_mse,20260911,-0.0038744398417857777,,0,0
annual_state_offset_half,3238,2024-05-31,2024-06-11,-0.0060267570121149,2024,2023-12-31,native_mse,20260911,-0.0020292253039693184,,0,0
annual_state_offset_half,3243,2024-06-07,2024-06-17,-0.0096686558937179,2024,2023-12-31,native_mse,20260911,5.7354393489387904e-05,,1,0
annual_state_offset_half,3247,2024-06-14,2024-06-24,-0.013573992457631,2024,2023-12-31,native_mse,20260911,0.0016373878025280563,,1,0
annual_state_offset_half,3252,2024-06-21,2024-07-01,-0.004427632109257,2024,2023-12-31,native_mse,20260911,0.0027588932782398315,,1,0
annual_state_offset_half,3257,2024-06-28,2024-07-08,-0.0108320369203009,2024,2023-12-31,native_mse,20260911,0.0032470747873102144,,1,0
annual_state_offset_half,3262,2024-07-05,2024-07-15,0.0122222871842843,2024,2023-12-31,native_mse,20260911,0.002652089101692747,,1,1
annual_state_offset_half,3267,2024-07-12,2024-07-22,0.0218881133018156,2024,2023-12-31,native_mse,20260911,0.004450330503533944,,1,1
annual_state_offset_half,3272,2024-07-19,2024-07-29,-0.0378787022382998,2024,2023-12-31,native_mse,20260911,-0.0012744559041647184,,0,0
annual_state_offset_half,3277,2024-07-26,2024-08-05,-0.0124134568216732,2024,2023-12-31,native_mse,20260911,-0.001291795834448832,,0,0
annual_state_offset_half,3282,2024-08-02,2024-08-12,-0.0102762848330364,2024,2023-12-31,native_mse,20260911,-0.002458562952290899,,0,0
annual_state_offset_half,3287,2024-08-09,2024-08-19,0.0050186923751938,2024,2023-12-31,native_mse,20260911,-0.0009352769264030156,,0,1
annual_state_offset_half,3292,2024-08-16,2024-08-26,-0.0040487282687352,2024,2023-12-31,native_mse,20260911,-0.0034014636043486098,,0,0
annual_state_offset_half,3297,2024-08-23,2024-09-02,-0.0069594562136714,2024,2023-12-31,native_mse,20260911,-0.0018665564124188876,,0,0
annual_state_offset_half,3302,2024-08-30,2024-09-09,-0.0280389655151561,2024,2023-12-31,native_mse,20260911,2.766314850337684e-05,,1,0
annual_state_offset_half,3307,2024-09-06,2024-09-18,-0.0174132138857783,2024,2023-12-31,native_mse,20260911,0.0015093996928045017,,1,0
annual_state_offset_half,3312,2024-09-13,2024-09-24,0.0133119329369826,2024,2023-12-31,native_mse,20260911,0.005047902673988417,,1,1
annual_state_offset_half,3315,2024-09-20,2024-09-30,0.2017513988384409,2024,2023-12-31,native_mse,20260911,0.006841795120835749,,1,1
annual_state_offset_half,3320,2024-09-27,2024-10-14,0.0178259004588408,2024,2023-12-31,native_mse,20260911,0.011643607701046107,,1,1
annual_state_offset_half,3325,2024-10-11,2024-10-21,0.0080914993282625,2024,2023-12-31,native_mse,20260911,0.006958055096152153,,1,1
annual_state_offset_half,3330,2024-10-18,2024-10-28,0.0015733867085561,2024,2023-12-31,native_mse,20260911,0.0035488889473533555,,1,1
annual_state_offset_half,3335,2024-10-25,2024-11-04,-0.0140142824257356,2024,2023-12-31,native_mse,20260911,-0.004087166652715301,,0,0
annual_state_offset_half,3340,2024-11-01,2024-11-11,0.0434152361258277,2024,2023-12-31,native_mse,20260911,-0.008879815780234165,,0,1
annual_state_offset_half,3345,2024-11-08,2024-11-18,-0.0208584853931589,2024,2023-12-31,native_mse,20260911,-0.0016665405141504353,,0,0
annual_state_offset_half,3350,2024-11-15,2024-11-25,-0.0267421712161923,2024,2023-12-31,native_mse,20260911,-0.0014397200836903515,,0,0
annual_state_offset_half,3355,2024-11-22,2024-12-02,0.0087960346887328,2024,2023-12-31,native_mse,20260911,-0.00394305191034785,,0,1
annual_state_offset_half,3360,2024-11-29,2024-12-09,0.0155919891551781,2024,2023-12-31,native_mse,20260911,-0.003787046789689023,,0,1
annual_state_offset_half,3365,2024-12-06,2024-12-16,-0.0100436703218104,2024,2023-12-31,native_mse,20260911,-0.0013163950781598383,,0,0
annual_state_offset_half,3370,2024-12-13,2024-12-23,-0.0006690784017421,2024,2023-12-31,native_mse,20260911,-0.007731413237017607,,0,0
annual_state_offset_half,3375,2024-12-20,2024-12-30,0.0123595076562756,2024,2023-12-31,native_mse,20260911,-0.005503589541502588,,0,1
annual_state_offset_half,3380,2024-12-27,2025-01-06,-0.0504714964669198,2024,2023-12-31,native_mse,20260911,0.006049137218951889,,1,0
annual_state_offset_half,3144,2024-01-05,2024-01-15,-0.0158038409563566,2024,2023-12-31,native_mse,20260912,0.001652613648937757,,1,0
annual_state_offset_half,3149,2024-01-12,2024-01-22,-0.002333261979756,2024,2023-12-31,native_mse,20260912,0.0017566823014709063,,1,0
annual_state_offset_half,3154,2024-01-19,2024-01-29,0.0223511633823452,2024,2023-12-31,native_mse,20260912,0.0017349357863463528,,1,1
annual_state_offset_half,3159,2024-01-26,2024-02-05,-0.0513103415192826,2024,2023-12-31,native_mse,20260912,0.0017756045446650414,,1,0
annual_state_offset_half,3164,2024-02-02,2024-02-26,0.1015374891364462,2024,2023-12-31,native_mse,20260912,0.0017702651342618495,,1,1
annual_state_offset_half,3173,2024-02-23,2024-03-04,0.0151569053862528,2024,2023-12-31,native_mse,20260912,0.0018705013508167863,,1,1
annual_state_offset_half,3178,2024-03-01,2024-03-11,0.0021394031715169,2024,2023-12-31,native_mse,20260912,0.0020966839632058165,,1,1
annual_state_offset_half,3183,2024-03-08,2024-03-18,0.0087762342284414,2024,2023-12-31,native_mse,20260912,0.0021229030867072935,,1,1
annual_state_offset_half,3188,2024-03-15,2024-03-25,-0.0112802133595746,2024,2023-12-31,native_mse,20260912,0.002169492364912302,,1,0
annual_state_offset_half,3193,2024-03-22,2024-04-01,0.0042044725182444,2024,2023-12-31,native_mse,20260912,0.0021346683785466035,,1,1
annual_state_offset_half,3198,2024-03-29,2024-04-15,-0.0219845815102011,2024,2023-12-31,native_mse,20260912,0.001970104765042201,,1,0
annual_state_offset_half,3206,2024-04-12,2024-04-22,0.018045199366633,2024,2023-12-31,native_mse,20260912,0.0018950666103198662,,1,1
annual_state_offset_half,3211,2024-04-19,2024-04-29,0.0136757744232476,2024,2023-12-31,native_mse,20260912,0.0014826942470986316,,1,1
annual_state_offset_half,3216,2024-04-26,2024-05-13,0.0172434956786644,2024,2023-12-31,native_mse,20260912,0.0010502698704938512,,1,1
annual_state_offset_half,3223,2024-05-10,2024-05-20,0.0097933549988344,2024,2023-12-31,native_mse,20260912,0.0008603132721811119,,1,1
annual_state_offset_half,3228,2024-05-17,2024-05-27,-0.0204803832637164,2024,2023-12-31,native_mse,20260912,0.000598359363630433,,1,0
annual_state_offset_half,3233,2024-05-24,2024-06-03,-0.0081155643048258,2024,2023-12-31,native_mse,20260912,0.0005736014331172037,,1,0
annual_state_offset_half,3238,2024-05-31,2024-06-11,-0.0060267570121149,2024,2023-12-31,native_mse,20260912,0.0005483327414548749,,1,0
annual_state_offset_half,3243,2024-06-07,2024-06-17,-0.0096686558937179,2024,2023-12-31,native_mse,20260912,0.000585176229140396,,1,0
annual_state_offset_half,3247,2024-06-14,2024-06-24,-0.013573992457631,2024,2023-12-31,native_mse,20260912,0.000605835607878555,,1,0
annual_state_offset_half,3252,2024-06-21,2024-07-01,-0.004427632109257,2024,2023-12-31,native_mse,20260912,0.0006286050015987623,,1,0
annual_state_offset_half,3257,2024-06-28,2024-07-08,-0.0108320369203009,2024,2023-12-31,native_mse,20260912,0.00064228262166844,,1,0
annual_state_offset_half,3262,2024-07-05,2024-07-15,0.0122222871842843,2024,2023-12-31,native_mse,20260912,0.000721007461573622,,1,1
annual_state_offset_half,3267,2024-07-12,2024-07-22,0.0218881133018156,2024,2023-12-31,native_mse,20260912,0.000821435978076197,,1,1
annual_state_offset_half,3272,2024-07-19,2024-07-29,-0.0378787022382998,2024,2023-12-31,native_mse,20260912,0.0008418861287390497,,1,0
annual_state_offset_half,3277,2024-07-26,2024-08-05,-0.0124134568216732,2024,2023-12-31,native_mse,20260912,0.0012675510770958798,,1,0
annual_state_offset_half,3282,2024-08-02,2024-08-12,-0.0102762848330364,2024,2023-12-31,native_mse,20260912,0.0015249857513458085,,1,0
annual_state_offset_half,3287,2024-08-09,2024-08-19,0.0050186923751938,2024,2023-12-31,native_mse,20260912,0.0015779514189250905,,1,1
annual_state_offset_half,3292,2024-08-16,2024-08-26,-0.0040487282687352,2024,2023-12-31,native_mse,20260912,0.0013998325080271312,,1,0
annual_state_offset_half,3297,2024-08-23,2024-09-02,-0.0069594562136714,2024,2023-12-31,native_mse,20260912,0.0014255873683507452,,1,0
annual_state_offset_half,3302,2024-08-30,2024-09-09,-0.0280389655151561,2024,2023-12-31,native_mse,20260912,0.0015330401621674865,,1,0
annual_state_offset_half,3307,2024-09-06,2024-09-18,-0.0174132138857783,2024,2023-12-31,native_mse,20260912,0.0015627932338450265,,1,0
annual_state_offset_half,3312,2024-09-13,2024-09-24,0.0133119329369826,2024,2023-12-31,native_mse,20260912,0.0015103830852308555,,1,1
annual_state_offset_half,3315,2024-09-20,2024-09-30,0.2017513988384409,2024,2023-12-31,native_mse,20260912,0.0015343284400254939,,1,1
annual_state_offset_half,3320,2024-09-27,2024-10-14,0.0178259004588408,2024,2023-12-31,native_mse,20260912,0.0015725051425186597,,1,1
annual_state_offset_half,3325,2024-10-11,2024-10-21,0.0080914993282625,2024,2023-12-31,native_mse,20260912,0.0019394229622847915,,1,1
annual_state_offset_half,3330,2024-10-18,2024-10-28,0.0015733867085561,2024,2023-12-31,native_mse,20260912,0.0021210173726156634,,1,1
annual_state_offset_half,3335,2024-10-25,2024-11-04,-0.0140142824257356,2024,2023-12-31,native_mse,20260912,0.0021565584052961957,,1,0
annual_state_offset_half,3340,2024-11-01,2024-11-11,0.0434152361258277,2024,2023-12-31,native_mse,20260912,0.002066143931918221,,1,1
annual_state_offset_half,3345,2024-11-08,2024-11-18,-0.0208584853931589,2024,2023-12-31,native_mse,20260912,0.0019328021834634566,,1,0
annual_state_offset_half,3350,2024-11-15,2024-11-25,-0.0267421712161923,2024,2023-12-31,native_mse,20260912,0.0016078398644429398,,1,0
annual_state_offset_half,3355,2024-11-22,2024-12-02,0.0087960346887328,2024,2023-12-31,native_mse,20260912,0.0014387624930086427,,1,1
annual_state_offset_half,3360,2024-11-29,2024-12-09,0.0155919891551781,2024,2023-12-31,native_mse,20260912,0.001055672591838617,,1,1
annual_state_offset_half,3365,2024-12-06,2024-12-16,-0.0100436703218104,2024,2023-12-31,native_mse,20260912,0.0009332123922739673,,1,0
annual_state_offset_half,3370,2024-12-13,2024-12-23,-0.0006690784017421,2024,2023-12-31,native_mse,20260912,0.0007303535282016855,,1,0
annual_state_offset_half,3375,2024-12-20,2024-12-30,0.0123595076562756,2024,2023-12-31,native_mse,20260912,0.0006347143027364932,,1,1
annual_state_offset_half,3380,2024-12-27,2025-01-06,-0.0504714964669198,2024,2023-12-31,native_mse,20260912,0.0004962445983289108,,1,0
annual_state_offset_half,3384,2025-01-03,2025-01-13,-0.0189486730632231,2025,2024-12-31,native_mse,20260910,-0.0042551962797835255,,0,0
annual_state_offset_half,3389,2025-01-10,2025-01-20,0.0353251773547418,2025,2024-12-31,native_mse,20260910,-0.004346017102457373,,0,1
annual_state_offset_half,3394,2025-01-17,2025-01-27,0.000432821422053,2025,2024-12-31,native_mse,20260910,-0.0019110835117753682,,0,1
annual_state_offset_half,3399,2025-01-24,2025-02-10,0.0159344898044284,2025,2024-12-31,native_mse,20260910,-0.0018767518511483509,,0,1
annual_state_offset_half,3403,2025-02-07,2025-02-17,0.0144454990892999,2025,2024-12-31,native_mse,20260910,-0.0005243581714439598,,0,1
annual_state_offset_half,3408,2025-02-14,2025-02-24,0.0045695818086644,2025,2024-12-31,native_mse,20260910,0.0018166916350322408,,1,1
annual_state_offset_half,3413,2025-02-21,2025-03-03,-0.0183210488158531,2025,2024-12-31,native_mse,20260910,-0.0017910693651536675,,0,0
annual_state_offset_half,3418,2025-02-28,2025-03-10,0.0117650075646844,2025,2024-12-31,native_mse,20260910,8.039864129989814e-05,,1,1
annual_state_offset_half,3423,2025-03-07,2025-03-17,0.019023819058288,2025,2024-12-31,native_mse,20260910,0.00045020548490624885,,1,1
annual_state_offset_half,3428,2025-03-14,2025-03-24,-0.0259983485216283,2025,2024-12-31,native_mse,20260910,0.004030585426274574,,1,0
annual_state_offset_half,3433,2025-03-21,2025-03-31,-0.0025867506275359,2025,2024-12-31,native_mse,20260910,0.0025467178052053364,,1,0
annual_state_offset_half,3438,2025-03-28,2025-04-14,-0.0342910101946246,2025,2024-12-31,native_mse,20260910,0.007880897711304511,,1,0
annual_state_offset_half,3447,2025-04-11,2025-04-21,-0.0010339232881941,2025,2024-12-31,native_mse,20260910,5.880823721327009e-05,,1,0
annual_state_offset_half,3452,2025-04-18,2025-04-28,0.0048432383085554,2025,2024-12-31,native_mse,20260910,0.005609692399565023,,1,1
annual_state_offset_half,3457,2025-04-25,2025-05-12,0.02116527880118,2025,2024-12-31,native_mse,20260910,-0.000987643148635555,,0,1
annual_state_offset_half,3464,2025-05-09,2025-05-19,0.0041484224873464,2025,2024-12-31,native_mse,20260910,-0.0013747677302766792,,0,1
annual_state_offset_half,3469,2025-05-16,2025-05-26,-0.0017462660042188,2025,2024-12-31,native_mse,20260910,-0.0004666942525332647,,0,0
annual_state_offset_half,3474,2025-05-23,2025-06-03,-0.0109216443615366,2025,2024-12-31,native_mse,20260910,-0.0003784346347167226,,0,0
annual_state_offset_half,3479,2025-05-30,2025-06-09,0.011566574321892,2025,2024-12-31,native_mse,20260910,0.0010175785321809984,,1,1
annual_state_offset_half,3483,2025-06-06,2025-06-16,-0.0062354943524679,2025,2024-12-31,native_mse,20260910,-0.0001914645603575384,,0,0
annual_state_offset_half,3488,2025-06-13,2025-06-23,-0.005825691168304,2025,2024-12-31,native_mse,20260910,1.1665969000571627e-05,,1,0
annual_state_offset_half,3493,2025-06-20,2025-06-30,0.0232670437490374,2025,2024-12-31,native_mse,20260910,0.0007044968618821799,,1,1
annual_state_offset_half,3498,2025-06-27,2025-07-07,0.0145345648685946,2025,2024-12-31,native_mse,20260910,-0.003232334991441291,,0,1
annual_state_offset_half,3503,2025-07-04,2025-07-14,0.0110426949002964,2025,2024-12-31,native_mse,20260910,0.003419117861495023,,1,1
annual_state_offset_half,3508,2025-07-11,2025-07-21,0.0120759671840067,2025,2024-12-31,native_mse,20260910,0.011140680775400312,,1,1
annual_state_offset_half,3513,2025-07-18,2025-07-28,0.0143570766898375,2025,2024-12-31,native_mse,20260910,-0.002127522022613997,,0,1
annual_state_offset_half,3518,2025-07-25,2025-08-04,-0.0218642507630443,2025,2024-12-31,native_mse,20260910,-0.001869242573817923,,0,0
annual_state_offset_half,3523,2025-08-01,2025-08-11,0.0179175520190988,2025,2024-12-31,native_mse,20260910,2.2319590068522338e-05,,1,1
annual_state_offset_half,3528,2025-08-08,2025-08-18,0.026265786598999,2025,2024-12-31,native_mse,20260910,-0.004614466433741538,,0,1
annual_state_offset_half,3533,2025-08-15,2025-08-25,0.0469483790671487,2025,2024-12-31,native_mse,20260910,-0.0013489789955213162,,0,1
annual_state_offset_half,3538,2025-08-22,2025-09-01,0.0227770368340847,2025,2024-12-31,native_mse,20260910,-0.004341013056443359,,0,1
annual_state_offset_half,3543,2025-08-29,2025-09-08,-0.0110053842475337,2025,2024-12-31,native_mse,20260910,-0.004924417538845909,,0,0
annual_state_offset_half,3548,2025-09-05,2025-09-15,0.0151594857594405,2025,2024-12-31,native_mse,20260910,-0.004519124644784283,,0,1
annual_state_offset_half,3553,2025-09-12,2025-09-22,-0.0050409160971932,2025,2024-12-31,native_mse,20260910,-0.004114428954602145,,0,0
annual_state_offset_half,3558,2025-09-19,2025-09-29,0.0095300784790881,2025,2024-12-31,native_mse,20260910,-0.0047590961051182015,,0,1
annual_state_offset_half,3563,2025-09-26,2025-10-13,-0.0140855274279203,2025,2024-12-31,native_mse,20260910,-0.004219803127072934,,0,0
annual_state_offset_half,3567,2025-10-10,2025-10-20,0.015001547584321,2025,2024-12-31,native_mse,20260910,-0.003823350500415441,,0,1
annual_state_offset_half,3572,2025-10-17,2025-10-27,0.0309637052897611,2025,2024-12-31,native_mse,20260910,-0.003866623261027931,,0,1
annual_state_offset_half,3577,2025-10-24,2025-11-03,-0.013331545863497,2025,2024-12-31,native_mse,20260910,-0.0036382658807448576,,0,0
annual_state_offset_half,3582,2025-10-31,2025-11-10,0.0110832418536339,2025,2024-12-31,native_mse,20260910,-0.003790641327688186,,0,1
annual_state_offset_half,3587,2025-11-07,2025-11-17,-0.0152107881197579,2025,2024-12-31,native_mse,20260910,-0.003538974204578519,,0,0
annual_state_offset_half,3592,2025-11-14,2025-11-24,-0.031114557454173,2025,2024-12-31,native_mse,20260910,-0.003282621345580935,,0,0
annual_state_offset_half,3597,2025-11-21,2025-12-01,0.0147613767448515,2025,2024-12-31,native_mse,20260910,-0.0034884891644206416,,0,1
annual_state_offset_half,3602,2025-11-28,2025-12-08,0.0118853804313106,2025,2024-12-31,native_mse,20260910,-0.003806133337151431,,0,1
annual_state_offset_half,3607,2025-12-05,2025-12-15,-0.0093922675990717,2025,2024-12-31,native_mse,20260910,-0.003208553856296927,,0,0
annual_state_offset_half,3612,2025-12-12,2025-12-22,0.0082791208791208,2025,2024-12-31,native_mse,20260910,0.0022387132272507658,,1,1
annual_state_offset_half,3617,2025-12-19,2025-12-29,0.0153890755001995,2025,2024-12-31,native_mse,20260910,0.006486312528548796,,1,1
annual_state_offset_half,3622,2025-12-26,2026-01-12,0.0239101640737868,2025,2024-12-31,native_mse,20260910,-0.0003728277129905187,,0,1
annual_state_offset_half,3384,2025-01-03,2025-01-13,-0.0189486730632231,2025,2024-12-31,training_frequency,-1,0.472636815920398,0.472636815920398,0,0
annual_state_offset_half,3389,2025-01-10,2025-01-20,0.0353251773547418,2025,2024-12-31,training_frequency,-1,0.472636815920398,0.472636815920398,0,1
annual_state_offset_half,3394,2025-01-17,2025-01-27,0.000432821422053,2025,2024-12-31,training_frequency,-1,0.472636815920398,0.472636815920398,0,1
annual_state_offset_half,3399,2025-01-24,2025-02-10,0.0159344898044284,2025,2024-12-31,training_frequency,-1,0.472636815920398,0.472636815920398,0,1
annual_state_offset_half,3403,2025-02-07,2025-02-17,0.0144454990892999,2025,2024-12-31,training_frequency,-1,0.472636815920398,0.472636815920398,0,1
annual_state_offset_half,3408,2025-02-14,2025-02-24,0.0045695818086644,2025,2024-12-31,training_frequency,-1,0.472636815920398,0.472636815920398,0,1
annual_state_offset_half,3413,2025-02-21,2025-03-03,-0.0183210488158531,2025,2024-12-31,training_frequency,-1,0.472636815920398,0.472636815920398,0,0
annual_state_offset_half,3418,2025-02-28,2025-03-10,0.0117650075646844,2025,2024-12-31,training_frequency,-1,0.472636815920398,0.472636815920398,0,1
annual_state_offset_half,3423,2025-03-07,2025-03-17,0.019023819058288,2025,2024-12-31,training_frequency,-1,0.472636815920398,0.472636815920398,0,1
annual_state_offset_half,3428,2025-03-14,2025-03-24,-0.0259983485216283,2025,2024-12-31,training_frequency,-1,0.472636815920398,0.472636815920398,0,0
annual_state_offset_half,3433,2025-03-21,2025-03-31,-0.0025867506275359,2025,2024-12-31,training_frequency,-1,0.472636815920398,0.472636815920398,0,0
annual_state_offset_half,3438,2025-03-28,2025-04-14,-0.0342910101946246,2025,2024-12-31,training_frequency,-1,0.472636815920398,0.472636815920398,0,0
annual_state_offset_half,3447,2025-04-11,2025-04-21,-0.0010339232881941,2025,2024-12-31,training_frequency,-1,0.472636815920398,0.472636815920398,0,0
annual_state_offset_half,3452,2025-04-18,2025-04-28,0.0048432383085554,2025,2024-12-31,training_frequency,-1,0.472636815920398,0.472636815920398,0,1
annual_state_offset_half,3457,2025-04-25,2025-05-12,0.02116527880118,2025,2024-12-31,training_frequency,-1,0.472636815920398,0.472636815920398,0,1
annual_state_offset_half,3464,2025-05-09,2025-05-19,0.0041484224873464,2025,2024-12-31,training_frequency,-1,0.472636815920398,0.472636815920398,0,1
annual_state_offset_half,3469,2025-05-16,2025-05-26,-0.0017462660042188,2025,2024-12-31,training_frequency,-1,0.472636815920398,0.472636815920398,0,0
annual_state_offset_half,3474,2025-05-23,2025-06-03,-0.0109216443615366,2025,2024-12-31,training_frequency,-1,0.472636815920398,0.472636815920398,0,0
annual_state_offset_half,3479,2025-05-30,2025-06-09,0.011566574321892,2025,2024-12-31,training_frequency,-1,0.472636815920398,0.472636815920398,0,1
annual_state_offset_half,3483,2025-06-06,2025-06-16,-0.0062354943524679,2025,2024-12-31,training_frequency,-1,0.472636815920398,0.472636815920398,0,0
annual_state_offset_half,3488,2025-06-13,2025-06-23,-0.005825691168304,2025,2024-12-31,training_frequency,-1,0.472636815920398,0.472636815920398,0,0
annual_state_offset_half,3493,2025-06-20,2025-06-30,0.0232670437490374,2025,2024-12-31,training_frequency,-1,0.472636815920398,0.472636815920398,0,1
annual_state_offset_half,3498,2025-06-27,2025-07-07,0.0145345648685946,2025,2024-12-31,training_frequency,-1,0.472636815920398,0.472636815920398,0,1
annual_state_offset_half,3503,2025-07-04,2025-07-14,0.0110426949002964,2025,2024-12-31,training_frequency,-1,0.472636815920398,0.472636815920398,0,1
annual_state_offset_half,3508,2025-07-11,2025-07-21,0.0120759671840067,2025,2024-12-31,training_frequency,-1,0.472636815920398,0.472636815920398,0,1
annual_state_offset_half,3513,2025-07-18,2025-07-28,0.0143570766898375,2025,2024-12-31,training_frequency,-1,0.472636815920398,0.472636815920398,0,1
annual_state_offset_half,3518,2025-07-25,2025-08-04,-0.0218642507630443,2025,2024-12-31,training_frequency,-1,0.472636815920398,0.472636815920398,0,0
annual_state_offset_half,3523,2025-08-01,2025-08-11,0.0179175520190988,2025,2024-12-31,training_frequency,-1,0.472636815920398,0.472636815920398,0,1
annual_state_offset_half,3528,2025-08-08,2025-08-18,0.026265786598999,2025,2024-12-31,training_frequency,-1,0.472636815920398,0.472636815920398,0,1
annual_state_offset_half,3533,2025-08-15,2025-08-25,0.0469483790671487,2025,2024-12-31,training_frequency,-1,0.472636815920398,0.472636815920398,0,1
annual_state_offset_half,3538,2025-08-22,2025-09-01,0.0227770368340847,2025,2024-12-31,training_frequency,-1,0.472636815920398,0.472636815920398,0,1
annual_state_offset_half,3543,2025-08-29,2025-09-08,-0.0110053842475337,2025,2024-12-31,training_frequency,-1,0.472636815920398,0.472636815920398,0,0
annual_state_offset_half,3548,2025-09-05,2025-09-15,0.0151594857594405,2025,2024-12-31,training_frequency,-1,0.472636815920398,0.472636815920398,0,1
annual_state_offset_half,3553,2025-09-12,2025-09-22,-0.0050409160971932,2025,2024-12-31,training_frequency,-1,0.472636815920398,0.472636815920398,0,0
annual_state_offset_half,3558,2025-09-19,2025-09-29,0.0095300784790881,2025,2024-12-31,training_frequency,-1,0.472636815920398,0.472636815920398,0,1
annual_state_offset_half,3563,2025-09-26,2025-10-13,-0.0140855274279203,2025,2024-12-31,training_frequency,-1,0.472636815920398,0.472636815920398,0,0
annual_state_offset_half,3567,2025-10-10,2025-10-20,0.015001547584321,2025,2024-12-31,training_frequency,-1,0.472636815920398,0.472636815920398,0,1
annual_state_offset_half,3572,2025-10-17,2025-10-27,0.0309637052897611,2025,2024-12-31,training_frequency,-1,0.472636815920398,0.472636815920398,0,1
annual_state_offset_half,3577,2025-10-24,2025-11-03,-0.013331545863497,2025,2024-12-31,training_frequency,-1,0.472636815920398,0.472636815920398,0,0
annual_state_offset_half,3582,2025-10-31,2025-11-10,0.0110832418536339,2025,2024-12-31,training_frequency,-1,0.472636815920398,0.472636815920398,0,1
annual_state_offset_half,3587,2025-11-07,2025-11-17,-0.0152107881197579,2025,2024-12-31,training_frequency,-1,0.472636815920398,0.472636815920398,0,0
annual_state_offset_half,3592,2025-11-14,2025-11-24,-0.031114557454173,2025,2024-12-31,training_frequency,-1,0.472636815920398,0.472636815920398,0,0
annual_state_offset_half,3597,2025-11-21,2025-12-01,0.0147613767448515,2025,2024-12-31,training_frequency,-1,0.472636815920398,0.472636815920398,0,1
annual_state_offset_half,3602,2025-11-28,2025-12-08,0.0118853804313106,2025,2024-12-31,training_frequency,-1,0.472636815920398,0.472636815920398,0,1
annual_state_offset_half,3607,2025-12-05,2025-12-15,-0.0093922675990717,2025,2024-12-31,training_frequency,-1,0.472636815920398,0.472636815920398,0,0
annual_state_offset_half,3612,2025-12-12,2025-12-22,0.0082791208791208,2025,2024-12-31,training_frequency,-1,0.472636815920398,0.472636815920398,0,1
annual_state_offset_half,3617,2025-12-19,2025-12-29,0.0153890755001995,2025,2024-12-31,training_frequency,-1,0.472636815920398,0.472636815920398,0,1
annual_state_offset_half,3622,2025-12-26,2026-01-12,0.0239101640737868,2025,2024-12-31,training_frequency,-1,0.472636815920398,0.472636815920398,0,1
annual_state_offset_half,3384,2025-01-03,2025-01-13,-0.0189486730632231,2025,2024-12-31,native_mse,20260911,-0.002243633031677963,,0,0
annual_state_offset_half,3389,2025-01-10,2025-01-20,0.0353251773547418,2025,2024-12-31,native_mse,20260911,-0.0018394813791051527,,0,1
annual_state_offset_half,3394,2025-01-17,2025-01-27,0.000432821422053,2025,2024-12-31,native_mse,20260911,-0.0014393263633927758,,0,1
annual_state_offset_half,3399,2025-01-24,2025-02-10,0.0159344898044284,2025,2024-12-31,native_mse,20260911,-0.0005732481089145066,,0,1
annual_state_offset_half,3403,2025-02-07,2025-02-17,0.0144454990892999,2025,2024-12-31,native_mse,20260911,-0.0003493640286036611,,0,1
annual_state_offset_half,3408,2025-02-14,2025-02-24,0.0045695818086644,2025,2024-12-31,native_mse,20260911,-6.571465300264602e-06,,0,1
annual_state_offset_half,3413,2025-02-21,2025-03-03,-0.0183210488158531,2025,2024-12-31,native_mse,20260911,0.00010564573035517886,,1,0
annual_state_offset_half,3418,2025-02-28,2025-03-10,0.0117650075646844,2025,2024-12-31,native_mse,20260911,0.00030938900384146466,,1,1
annual_state_offset_half,3423,2025-03-07,2025-03-17,0.019023819058288,2025,2024-12-31,native_mse,20260911,0.0003527669941379203,,1,1
annual_state_offset_half,3428,2025-03-14,2025-03-24,-0.0259983485216283,2025,2024-12-31,native_mse,20260911,0.0004719065040533454,,1,0
annual_state_offset_half,3433,2025-03-21,2025-03-31,-0.0025867506275359,2025,2024-12-31,native_mse,20260911,0.0001374212134311476,,1,0
annual_state_offset_half,3438,2025-03-28,2025-04-14,-0.0342910101946246,2025,2024-12-31,native_mse,20260911,0.0003460895283123176,,1,0
annual_state_offset_half,3447,2025-04-11,2025-04-21,-0.0010339232881941,2025,2024-12-31,native_mse,20260911,0.000247650617921614,,1,0
annual_state_offset_half,3452,2025-04-18,2025-04-28,0.0048432383085554,2025,2024-12-31,native_mse,20260911,0.0005399418130639047,,1,1
annual_state_offset_half,3457,2025-04-25,2025-05-12,0.02116527880118,2025,2024-12-31,native_mse,20260911,0.00041859235087992534,,1,1
annual_state_offset_half,3464,2025-05-09,2025-05-19,0.0041484224873464,2025,2024-12-31,native_mse,20260911,-0.00023324757687195213,,0,1
annual_state_offset_half,3469,2025-05-16,2025-05-26,-0.0017462660042188,2025,2024-12-31,native_mse,20260911,-0.0007053097438131018,,0,0
annual_state_offset_half,3474,2025-05-23,2025-06-03,-0.0109216443615366,2025,2024-12-31,native_mse,20260911,-0.0004283154814639044,,0,0
annual_state_offset_half,3479,2025-05-30,2025-06-09,0.011566574321892,2025,2024-12-31,native_mse,20260911,-0.0007435280421209072,,0,1
annual_state_offset_half,3483,2025-06-06,2025-06-16,-0.0062354943524679,2025,2024-12-31,native_mse,20260911,0.00031992663879525335,,1,0
annual_state_offset_half,3488,2025-06-13,2025-06-23,-0.005825691168304,2025,2024-12-31,native_mse,20260911,-0.00012583521126832513,,0,0
annual_state_offset_half,3493,2025-06-20,2025-06-30,0.0232670437490374,2025,2024-12-31,native_mse,20260911,0.0004804870845920942,,1,1
annual_state_offset_half,3498,2025-06-27,2025-07-07,0.0145345648685946,2025,2024-12-31,native_mse,20260911,0.0003559800730399111,,1,1
annual_state_offset_half,3503,2025-07-04,2025-07-14,0.0110426949002964,2025,2024-12-31,native_mse,20260911,0.0001003436982822433,,1,1
annual_state_offset_half,3508,2025-07-11,2025-07-21,0.0120759671840067,2025,2024-12-31,native_mse,20260911,0.00011930674045287023,,1,1
annual_state_offset_half,3513,2025-07-18,2025-07-28,0.0143570766898375,2025,2024-12-31,native_mse,20260911,-0.00014021210404791933,,0,1
annual_state_offset_half,3518,2025-07-25,2025-08-04,-0.0218642507630443,2025,2024-12-31,native_mse,20260911,-0.0010675431152552786,,0,0
annual_state_offset_half,3523,2025-08-01,2025-08-11,0.0179175520190988,2025,2024-12-31,native_mse,20260911,-0.0011114652147751107,,0,1
annual_state_offset_half,3528,2025-08-08,2025-08-18,0.026265786598999,2025,2024-12-31,native_mse,20260911,-0.0011821175732785794,,0,1
annual_state_offset_half,3533,2025-08-15,2025-08-25,0.0469483790671487,2025,2024-12-31,native_mse,20260911,-0.001692750035902398,,0,1
annual_state_offset_half,3538,2025-08-22,2025-09-01,0.0227770368340847,2025,2024-12-31,native_mse,20260911,-0.0020785336587941633,,0,1
annual_state_offset_half,3543,2025-08-29,2025-09-08,-0.0110053842475337,2025,2024-12-31,native_mse,20260911,-0.0022958519339049935,,0,0
annual_state_offset_half,3548,2025-09-05,2025-09-15,0.0151594857594405,2025,2024-12-31,native_mse,20260911,-0.002811169444921857,,0,1
annual_state_offset_half,3553,2025-09-12,2025-09-22,-0.0050409160971932,2025,2024-12-31,native_mse,20260911,-0.0028821755195373713,,0,0
annual_state_offset_half,3558,2025-09-19,2025-09-29,0.0095300784790881,2025,2024-12-31,native_mse,20260911,-0.0027270038017814854,,0,1
annual_state_offset_half,3563,2025-09-26,2025-10-13,-0.0140855274279203,2025,2024-12-31,native_mse,20260911,-0.002671446424452231,,0,0
annual_state_offset_half,3567,2025-10-10,2025-10-20,0.015001547584321,2025,2024-12-31,native_mse,20260911,-0.002875353278749809,,0,1
annual_state_offset_half,3572,2025-10-17,2025-10-27,0.0309637052897611,2025,2024-12-31,native_mse,20260911,-0.0026759293493526775,,0,1
annual_state_offset_half,3577,2025-10-24,2025-11-03,-0.013331545863497,2025,2024-12-31,native_mse,20260911,-0.0024118634853773644,,0,0
annual_state_offset_half,3582,2025-10-31,2025-11-10,0.0110832418536339,2025,2024-12-31,native_mse,20260911,-0.0024513790865101073,,0,1
annual_state_offset_half,3587,2025-11-07,2025-11-17,-0.0152107881197579,2025,2024-12-31,native_mse,20260911,-0.0023441841984512364,,0,0
annual_state_offset_half,3592,2025-11-14,2025-11-24,-0.031114557454173,2025,2024-12-31,native_mse,20260911,-0.0023326617843834286,,0,0
annual_state_offset_half,3597,2025-11-21,2025-12-01,0.0147613767448515,2025,2024-12-31,native_mse,20260911,-0.0021695162719280723,,0,1
annual_state_offset_half,3602,2025-11-28,2025-12-08,0.0118853804313106,2025,2024-12-31,native_mse,20260911,-0.0021230276394656705,,0,1
annual_state_offset_half,3607,2025-12-05,2025-12-15,-0.0093922675990717,2025,2024-12-31,native_mse,20260911,-0.0018508009821854902,,0,0
annual_state_offset_half,3612,2025-12-12,2025-12-22,0.0082791208791208,2025,2024-12-31,native_mse,20260911,-0.0014574936445709685,,0,1
annual_state_offset_half,3617,2025-12-19,2025-12-29,0.0153890755001995,2025,2024-12-31,native_mse,20260911,-0.001196551069802699,,0,1
annual_state_offset_half,3622,2025-12-26,2026-01-12,0.0239101640737868,2025,2024-12-31,native_mse,20260911,-0.0009424910062058391,,0,1
annual_state_offset_half,3384,2025-01-03,2025-01-13,-0.0189486730632231,2025,2024-12-31,native_mse,20260912,-0.003930728949605344,,0,0
annual_state_offset_half,3389,2025-01-10,2025-01-20,0.0353251773547418,2025,2024-12-31,native_mse,20260912,0.004608697114816542,,1,1
annual_state_offset_half,3394,2025-01-17,2025-01-27,0.000432821422053,2025,2024-12-31,native_mse,20260912,-0.0013781107886780553,,0,1
annual_state_offset_half,3399,2025-01-24,2025-02-10,0.0159344898044284,2025,2024-12-31,native_mse,20260912,0.008065382377116114,,1,1
annual_state_offset_half,3403,2025-02-07,2025-02-17,0.0144454990892999,2025,2024-12-31,native_mse,20260912,0.0020560919017093573,,1,1
annual_state_offset_half,3408,2025-02-14,2025-02-24,0.0045695818086644,2025,2024-12-31,native_mse,20260912,0.0004574229206631815,,1,1
annual_state_offset_half,3413,2025-02-21,2025-03-03,-0.0183210488158531,2025,2024-12-31,native_mse,20260912,-0.004487069050516085,,0,0
annual_state_offset_half,3418,2025-02-28,2025-03-10,0.0117650075646844,2025,2024-12-31,native_mse,20260912,0.007907777385840498,,1,1
annual_state_offset_half,3423,2025-03-07,2025-03-17,0.019023819058288,2025,2024-12-31,native_mse,20260912,-0.007080334543719193,,0,1
annual_state_offset_half,3428,2025-03-14,2025-03-24,-0.0259983485216283,2025,2024-12-31,native_mse,20260912,0.005416181842733637,,1,0
annual_state_offset_half,3433,2025-03-21,2025-03-31,-0.0025867506275359,2025,2024-12-31,native_mse,20260912,0.0028174386195491687,,1,0
annual_state_offset_half,3438,2025-03-28,2025-04-14,-0.0342910101946246,2025,2024-12-31,native_mse,20260912,0.0006099430279859906,,1,0
annual_state_offset_half,3447,2025-04-11,2025-04-21,-0.0010339232881941,2025,2024-12-31,native_mse,20260912,-0.0038314464400373087,,0,0
annual_state_offset_half,3452,2025-04-18,2025-04-28,0.0048432383085554,2025,2024-12-31,native_mse,20260912,-0.002239070357372274,,0,1
annual_state_offset_half,3457,2025-04-25,2025-05-12,0.02116527880118,2025,2024-12-31,native_mse,20260912,-0.0030291142570267483,,0,1
annual_state_offset_half,3464,2025-05-09,2025-05-19,0.0041484224873464,2025,2024-12-31,native_mse,20260912,-0.006797100864360832,,0,1
annual_state_offset_half,3469,2025-05-16,2025-05-26,-0.0017462660042188,2025,2024-12-31,native_mse,20260912,0.0011635229802106158,,1,0
annual_state_offset_half,3474,2025-05-23,2025-06-03,-0.0109216443615366,2025,2024-12-31,native_mse,20260912,-0.0015437185640202761,,0,0
annual_state_offset_half,3479,2025-05-30,2025-06-09,0.011566574321892,2025,2024-12-31,native_mse,20260912,-0.007042284452490261,,0,1
annual_state_offset_half,3483,2025-06-06,2025-06-16,-0.0062354943524679,2025,2024-12-31,native_mse,20260912,0.00028466611619904517,,1,0
annual_state_offset_half,3488,2025-06-13,2025-06-23,-0.005825691168304,2025,2024-12-31,native_mse,20260912,-0.006674179072757184,,0,0
annual_state_offset_half,3493,2025-06-20,2025-06-30,0.0232670437490374,2025,2024-12-31,native_mse,20260912,-0.0026285119113171485,,0,1
annual_state_offset_half,3498,2025-06-27,2025-07-07,0.0145345648685946,2025,2024-12-31,native_mse,20260912,-0.001664357643481335,,0,1
annual_state_offset_half,3503,2025-07-04,2025-07-14,0.0110426949002964,2025,2024-12-31,native_mse,20260912,0.0037107408116209707,,1,1
annual_state_offset_half,3508,2025-07-11,2025-07-21,0.0120759671840067,2025,2024-12-31,native_mse,20260912,0.002218014475368515,,1,1
annual_state_offset_half,3513,2025-07-18,2025-07-28,0.0143570766898375,2025,2024-12-31,native_mse,20260912,0.009911597608358887,,1,1
annual_state_offset_half,3518,2025-07-25,2025-08-04,-0.0218642507630443,2025,2024-12-31,native_mse,20260912,-0.0013540938427923275,,0,0
annual_state_offset_half,3523,2025-08-01,2025-08-11,0.0179175520190988,2025,2024-12-31,native_mse,20260912,0.002501110312004882,,1,1
annual_state_offset_half,3528,2025-08-08,2025-08-18,0.026265786598999,2025,2024-12-31,native_mse,20260912,-0.006121881900028309,,0,1
annual_state_offset_half,3533,2025-08-15,2025-08-25,0.0469483790671487,2025,2024-12-31,native_mse,20260912,-0.0031833828356847573,,0,1
annual_state_offset_half,3538,2025-08-22,2025-09-01,0.0227770368340847,2025,2024-12-31,native_mse,20260912,-0.005229739970136804,,0,1
annual_state_offset_half,3543,2025-08-29,2025-09-08,-0.0110053842475337,2025,2024-12-31,native_mse,20260912,0.0017396293034999204,,1,0
annual_state_offset_half,3548,2025-09-05,2025-09-15,0.0151594857594405,2025,2024-12-31,native_mse,20260912,-0.006315423164964012,,0,1
annual_state_offset_half,3553,2025-09-12,2025-09-22,-0.0050409160971932,2025,2024-12-31,native_mse,20260912,0.0036445584301978444,,1,0
annual_state_offset_half,3558,2025-09-19,2025-09-29,0.0095300784790881,2025,2024-12-31,native_mse,20260912,-0.007907179585583714,,0,1
annual_state_offset_half,3563,2025-09-26,2025-10-13,-0.0140855274279203,2025,2024-12-31,native_mse,20260912,-0.0016751946251609804,,0,0
annual_state_offset_half,3567,2025-10-10,2025-10-20,0.015001547584321,2025,2024-12-31,native_mse,20260912,-0.006402638764524997,,0,1
annual_state_offset_half,3572,2025-10-17,2025-10-27,0.0309637052897611,2025,2024-12-31,native_mse,20260912,-0.00870396964325983,,0,1
annual_state_offset_half,3577,2025-10-24,2025-11-03,-0.013331545863497,2025,2024-12-31,native_mse,20260912,-0.005475122015119508,,0,0
annual_state_offset_half,3582,2025-10-31,2025-11-10,0.0110832418536339,2025,2024-12-31,native_mse,20260912,-0.006949842516906396,,0,1
annual_state_offset_half,3587,2025-11-07,2025-11-17,-0.0152107881197579,2025,2024-12-31,native_mse,20260912,0.005808210669049744,,1,0
annual_state_offset_half,3592,2025-11-14,2025-11-24,-0.031114557454173,2025,2024-12-31,native_mse,20260912,-0.005729952989633713,,0,0
annual_state_offset_half,3597,2025-11-21,2025-12-01,0.0147613767448515,2025,2024-12-31,native_mse,20260912,-0.0015450315646448089,,0,1
annual_state_offset_half,3602,2025-11-28,2025-12-08,0.0118853804313106,2025,2024-12-31,native_mse,20260912,-0.0032204954130721736,,0,1
annual_state_offset_half,3607,2025-12-05,2025-12-15,-0.0093922675990717,2025,2024-12-31,native_mse,20260912,-0.0047114270439592345,,0,0
annual_state_offset_half,3612,2025-12-12,2025-12-22,0.0082791208791208,2025,2024-12-31,native_mse,20260912,0.0035042182684974187,,1,1
annual_state_offset_half,3617,2025-12-19,2025-12-29,0.0153890755001995,2025,2024-12-31,native_mse,20260912,-0.0005370407904008248,,0,1
annual_state_offset_half,3622,2025-12-26,2026-01-12,0.0239101640737868,2025,2024-12-31,native_mse,20260912,0.002315041428841435,,1,1
annual_state_offset_half,3630,2026-01-09,2026-01-19,-0.0103697336282536,2026,2025-12-31,native_mse,20260910,-0.002855102612462861,,0,0
annual_state_offset_half,3635,2026-01-16,2026-01-26,-0.0010190267764643,2026,2025-12-31,native_mse,20260910,-0.00015744638603756636,,0,0
annual_state_offset_half,3640,2026-01-23,2026-02-02,-0.0087161586128796,2026,2025-12-31,native_mse,20260910,-0.006105688647517694,,0,0
annual_state_offset_half,3645,2026-01-30,2026-02-09,0.0041482324550519,2026,2025-12-31,native_mse,20260910,-0.0019649521887390433,,0,1
annual_state_offset_half,3650,2026-02-06,2026-02-24,0.0071649689901505,2026,2025-12-31,native_mse,20260910,0.0047027542719540035,,1,1
annual_state_offset_half,3655,2026-02-13,2026-03-02,-0.0097920588919678,2026,2025-12-31,native_mse,20260910,0.0004179826835146159,,1,0
annual_state_offset_half,3659,2026-02-27,2026-03-09,-0.0172526869201304,2026,2025-12-31,native_mse,20260910,0.0022625269962182996,,1,0
annual_state_offset_half,3664,2026-03-06,2026-03-16,0.0149926634422041,2026,2025-12-31,native_mse,20260910,-0.003806878947664824,,0,1
annual_state_offset_half,3669,2026-03-13,2026-03-23,-0.0364343509194254,2026,2025-12-31,native_mse,20260910,-0.006468904470141985,,0,0
annual_state_offset_half,3674,2026-03-20,2026-03-30,-0.0083038829988221,2026,2025-12-31,native_mse,20260910,-0.006677801015318794,,0,0
annual_state_offset_half,3679,2026-03-27,2026-04-07,-0.0035591495694504,2026,2025-12-31,native_mse,20260910,-0.0012459609623288559,,0,0
annual_state_offset_half,3684,2026-04-03,2026-04-13,0.0380736235508991,2026,2025-12-31,native_mse,20260910,-0.0002708764126667155,,0,1
annual_state_offset_half,3688,2026-04-10,2026-04-20,0.0242766725964382,2026,2025-12-31,native_mse,20260910,-0.0014516073248232214,,0,1
annual_state_offset_half,3693,2026-04-17,2026-04-27,0.010401572188011,2026,2025-12-31,native_mse,20260910,-0.00019243492513075974,,0,1
annual_state_offset_half,3698,2026-04-24,2026-05-11,0.0263674696524953,2026,2025-12-31,native_mse,20260910,0.00044530537803680217,,1,1
annual_state_offset_half,3705,2026-05-08,2026-05-18,-0.0134529239455926,2026,2025-12-31,native_mse,20260910,0.00821158666179363,,1,0
annual_state_offset_half,3710,2026-05-15,2026-05-25,0.0076235492615268,2026,2025-12-31,native_mse,20260910,0.009209478129531542,,1,1
annual_state_offset_half,3715,2026-05-22,2026-06-01,0.005068538126898,2026,2025-12-31,native_mse,20260910,-0.0037899662548005076,,0,1
annual_state_offset_half,3720,2026-05-29,2026-06-08,-0.039635353927193,2026,2025-12-31,native_mse,20260910,-0.005878390043911763,,0,0
annual_state_offset_half,3725,2026-06-05,2026-06-15,0.0266849782195981,2026,2025-12-31,native_mse,20260910,-0.005079831260852612,,0,1
annual_state_offset_half,3730,2026-06-12,2026-06-29,0.0076098142791176,2026,2025-12-31,native_mse,20260910,-0.0013875397965599067,,0,1
annual_state_offset_half,3739,2026-06-26,2026-07-06,0.0005137647861506,2026,2025-12-31,native_mse,20260910,-0.002031043716013942,,0,1
annual_state_offset_half,3744,2026-07-03,2026-07-13,-0.0252847876365399,2026,2025-12-31,native_mse,20260910,-0.003966417206833292,,0,0
annual_state_offset_half,3749,2026-07-10,2026-07-20,-0.035775397012711,2026,2025-12-31,native_mse,20260910,-0.000224192482655729,,0,0
annual_state_offset_half,3754,2026-07-17,2026-07-27,0.01756245533441,2026,2025-12-31,native_mse,20260910,-0.001279240964054163,,0,1
annual_state_offset_half,3759,2026-07-24,2026-08-03,-0.0202339761556519,2026,2025-12-31,native_mse,20260910,-0.0020989123929827714,,0,0
annual_state_offset_half,3764,2026-07-31,2026-08-10,0.0300318732435738,2026,2025-12-31,native_mse,20260910,-0.005698998401180227,,0,1
annual_state_offset_half,3769,2026-08-07,2026-08-17,-0.0056482265760339,2026,2025-12-31,native_mse,20260910,-0.000843785639629233,,0,0
annual_state_offset_half,3774,2026-08-14,2026-08-24,-0.0109860710402629,2026,2025-12-31,native_mse,20260910,0.001103287661206875,,1,0
annual_state_offset_half,3779,2026-08-21,2026-08-31,-0.0127592811002066,2026,2025-12-31,native_mse,20260910,0.005195736341319573,,1,0
annual_state_offset_half,3630,2026-01-09,2026-01-19,-0.0103697336282536,2026,2025-12-31,training_frequency,-1,0.4792703150912106,0.4792703150912106,0,0
annual_state_offset_half,3635,2026-01-16,2026-01-26,-0.0010190267764643,2026,2025-12-31,training_frequency,-1,0.4792703150912106,0.4792703150912106,0,0
annual_state_offset_half,3640,2026-01-23,2026-02-02,-0.0087161586128796,2026,2025-12-31,training_frequency,-1,0.4792703150912106,0.4792703150912106,0,0
annual_state_offset_half,3645,2026-01-30,2026-02-09,0.0041482324550519,2026,2025-12-31,training_frequency,-1,0.4792703150912106,0.4792703150912106,0,1
annual_state_offset_half,3650,2026-02-06,2026-02-24,0.0071649689901505,2026,2025-12-31,training_frequency,-1,0.4792703150912106,0.4792703150912106,0,1
annual_state_offset_half,3655,2026-02-13,2026-03-02,-0.0097920588919678,2026,2025-12-31,training_frequency,-1,0.4792703150912106,0.4792703150912106,0,0
annual_state_offset_half,3659,2026-02-27,2026-03-09,-0.0172526869201304,2026,2025-12-31,training_frequency,-1,0.4792703150912106,0.4792703150912106,0,0
annual_state_offset_half,3664,2026-03-06,2026-03-16,0.0149926634422041,2026,2025-12-31,training_frequency,-1,0.4792703150912106,0.4792703150912106,0,1
annual_state_offset_half,3669,2026-03-13,2026-03-23,-0.0364343509194254,2026,2025-12-31,training_frequency,-1,0.4792703150912106,0.4792703150912106,0,0
annual_state_offset_half,3674,2026-03-20,2026-03-30,-0.0083038829988221,2026,2025-12-31,training_frequency,-1,0.4792703150912106,0.4792703150912106,0,0
annual_state_offset_half,3679,2026-03-27,2026-04-07,-0.0035591495694504,2026,2025-12-31,training_frequency,-1,0.4792703150912106,0.4792703150912106,0,0
annual_state_offset_half,3684,2026-04-03,2026-04-13,0.0380736235508991,2026,2025-12-31,training_frequency,-1,0.4792703150912106,0.4792703150912106,0,1
annual_state_offset_half,3688,2026-04-10,2026-04-20,0.0242766725964382,2026,2025-12-31,training_frequency,-1,0.4792703150912106,0.4792703150912106,0,1
annual_state_offset_half,3693,2026-04-17,2026-04-27,0.010401572188011,2026,2025-12-31,training_frequency,-1,0.4792703150912106,0.4792703150912106,0,1
annual_state_offset_half,3698,2026-04-24,2026-05-11,0.0263674696524953,2026,2025-12-31,training_frequency,-1,0.4792703150912106,0.4792703150912106,0,1
annual_state_offset_half,3705,2026-05-08,2026-05-18,-0.0134529239455926,2026,2025-12-31,training_frequency,-1,0.4792703150912106,0.4792703150912106,0,0
annual_state_offset_half,3710,2026-05-15,2026-05-25,0.0076235492615268,2026,2025-12-31,training_frequency,-1,0.4792703150912106,0.4792703150912106,0,1
annual_state_offset_half,3715,2026-05-22,2026-06-01,0.005068538126898,2026,2025-12-31,training_frequency,-1,0.4792703150912106,0.4792703150912106,0,1
annual_state_offset_half,3720,2026-05-29,2026-06-08,-0.039635353927193,2026,2025-12-31,training_frequency,-1,0.4792703150912106,0.4792703150912106,0,0
annual_state_offset_half,3725,2026-06-05,2026-06-15,0.0266849782195981,2026,2025-12-31,training_frequency,-1,0.4792703150912106,0.4792703150912106,0,1
annual_state_offset_half,3730,2026-06-12,2026-06-29,0.0076098142791176,2026,2025-12-31,training_frequency,-1,0.4792703150912106,0.4792703150912106,0,1
annual_state_offset_half,3739,2026-06-26,2026-07-06,0.0005137647861506,2026,2025-12-31,training_frequency,-1,0.4792703150912106,0.4792703150912106,0,1
annual_state_offset_half,3744,2026-07-03,2026-07-13,-0.0252847876365399,2026,2025-12-31,training_frequency,-1,0.4792703150912106,0.4792703150912106,0,0
annual_state_offset_half,3749,2026-07-10,2026-07-20,-0.035775397012711,2026,2025-12-31,training_frequency,-1,0.4792703150912106,0.4792703150912106,0,0
annual_state_offset_half,3754,2026-07-17,2026-07-27,0.01756245533441,2026,2025-12-31,training_frequency,-1,0.4792703150912106,0.4792703150912106,0,1
annual_state_offset_half,3759,2026-07-24,2026-08-03,-0.0202339761556519,2026,2025-12-31,training_frequency,-1,0.4792703150912106,0.4792703150912106,0,0
annual_state_offset_half,3764,2026-07-31,2026-08-10,0.0300318732435738,2026,2025-12-31,training_frequency,-1,0.4792703150912106,0.4792703150912106,0,1
annual_state_offset_half,3769,2026-08-07,2026-08-17,-0.0056482265760339,2026,2025-12-31,training_frequency,-1,0.4792703150912106,0.4792703150912106,0,0
annual_state_offset_half,3774,2026-08-14,2026-08-24,-0.0109860710402629,2026,2025-12-31,training_frequency,-1,0.4792703150912106,0.4792703150912106,0,0
annual_state_offset_half,3779,2026-08-21,2026-08-31,-0.0127592811002066,2026,2025-12-31,training_frequency,-1,0.4792703150912106,0.4792703150912106,0,0
annual_state_offset_half,3630,2026-01-09,2026-01-19,-0.0103697336282536,2026,2025-12-31,native_mse,20260911,-0.0030890692487675277,,0,0
annual_state_offset_half,3635,2026-01-16,2026-01-26,-0.0010190267764643,2026,2025-12-31,native_mse,20260911,-0.0029844245717806552,,0,0
annual_state_offset_half,3640,2026-01-23,2026-02-02,-0.0087161586128796,2026,2025-12-31,native_mse,20260911,-0.0018485669736654138,,0,0
annual_state_offset_half,3645,2026-01-30,2026-02-09,0.0041482324550519,2026,2025-12-31,native_mse,20260911,-0.002659061252019485,,0,1
annual_state_offset_half,3650,2026-02-06,2026-02-24,0.0071649689901505,2026,2025-12-31,native_mse,20260911,-0.0015567976959256278,,0,1
annual_state_offset_half,3655,2026-02-13,2026-03-02,-0.0097920588919678,2026,2025-12-31,native_mse,20260911,-0.0015389707922718095,,0,0
annual_state_offset_half,3659,2026-02-27,2026-03-09,-0.0172526869201304,2026,2025-12-31,native_mse,20260911,-0.0019681718770543553,,0,0
annual_state_offset_half,3664,2026-03-06,2026-03-16,0.0149926634422041,2026,2025-12-31,native_mse,20260911,0.00014521785716820214,,1,1
annual_state_offset_half,3669,2026-03-13,2026-03-23,-0.0364343509194254,2026,2025-12-31,native_mse,20260911,-0.0022671453715006956,,0,0
annual_state_offset_half,3674,2026-03-20,2026-03-30,-0.0083038829988221,2026,2025-12-31,native_mse,20260911,-0.001986856137592856,,0,0
annual_state_offset_half,3679,2026-03-27,2026-04-07,-0.0035591495694504,2026,2025-12-31,native_mse,20260911,-0.002218520604235266,,0,0
annual_state_offset_half,3684,2026-04-03,2026-04-13,0.0380736235508991,2026,2025-12-31,native_mse,20260911,-0.002090390096021022,,0,1
annual_state_offset_half,3688,2026-04-10,2026-04-20,0.0242766725964382,2026,2025-12-31,native_mse,20260911,-0.0024408235069100508,,0,1
annual_state_offset_half,3693,2026-04-17,2026-04-27,0.010401572188011,2026,2025-12-31,native_mse,20260911,-0.0029629470272129906,,0,1
annual_state_offset_half,3698,2026-04-24,2026-05-11,0.0263674696524953,2026,2025-12-31,native_mse,20260911,-0.003359926419865766,,0,1
annual_state_offset_half,3705,2026-05-08,2026-05-18,-0.0134529239455926,2026,2025-12-31,native_mse,20260911,-0.002535154678821143,,0,0
annual_state_offset_half,3710,2026-05-15,2026-05-25,0.0076235492615268,2026,2025-12-31,native_mse,20260911,-0.002260058894062486,,0,1
annual_state_offset_half,3715,2026-05-22,2026-06-01,0.005068538126898,2026,2025-12-31,native_mse,20260911,-0.0015057276938992676,,0,1
annual_state_offset_half,3720,2026-05-29,2026-06-08,-0.039635353927193,2026,2025-12-31,native_mse,20260911,-0.002635162144589442,,0,0
annual_state_offset_half,3725,2026-06-05,2026-06-15,0.0266849782195981,2026,2025-12-31,native_mse,20260911,-0.003913781241526722,,0,1
annual_state_offset_half,3730,2026-06-12,2026-06-29,0.0076098142791176,2026,2025-12-31,native_mse,20260911,-0.0036857925348870147,,0,1
annual_state_offset_half,3739,2026-06-26,2026-07-06,0.0005137647861506,2026,2025-12-31,native_mse,20260911,-0.0021369319429553274,,0,1
annual_state_offset_half,3744,2026-07-03,2026-07-13,-0.0252847876365399,2026,2025-12-31,native_mse,20260911,-0.0022933277317483012,,0,0
annual_state_offset_half,3749,2026-07-10,2026-07-20,-0.035775397012711,2026,2025-12-31,native_mse,20260911,-0.0023056933526758674,,0,0
annual_state_offset_half,3754,2026-07-17,2026-07-27,0.01756245533441,2026,2025-12-31,native_mse,20260911,-0.0024493044555773855,,0,1
annual_state_offset_half,3759,2026-07-24,2026-08-03,-0.0202339761556519,2026,2025-12-31,native_mse,20260911,-0.0026633393533010696,,0,0
annual_state_offset_half,3764,2026-07-31,2026-08-10,0.0300318732435738,2026,2025-12-31,native_mse,20260911,-0.0024432171596736993,,0,1
annual_state_offset_half,3769,2026-08-07,2026-08-17,-0.0056482265760339,2026,2025-12-31,native_mse,20260911,-0.0034017483589926685,,0,0
annual_state_offset_half,3774,2026-08-14,2026-08-24,-0.0109860710402629,2026,2025-12-31,native_mse,20260911,-0.002813706354026954,,0,0
annual_state_offset_half,3779,2026-08-21,2026-08-31,-0.0127592811002066,2026,2025-12-31,native_mse,20260911,-0.0019809857134933735,,0,0
annual_state_offset_half,3630,2026-01-09,2026-01-19,-0.0103697336282536,2026,2025-12-31,native_mse,20260912,-0.0012654744629118373,,0,0
annual_state_offset_half,3635,2026-01-16,2026-01-26,-0.0010190267764643,2026,2025-12-31,native_mse,20260912,-0.0009824454910161004,,0,0
annual_state_offset_half,3640,2026-01-23,2026-02-02,-0.0087161586128796,2026,2025-12-31,native_mse,20260912,-0.0014318861524315442,,0,0
annual_state_offset_half,3645,2026-01-30,2026-02-09,0.0041482324550519,2026,2025-12-31,native_mse,20260912,-0.0015519331724585116,,0,1
annual_state_offset_half,3650,2026-02-06,2026-02-24,0.0071649689901505,2026,2025-12-31,native_mse,20260912,-0.0016869022750859507,,0,1
annual_state_offset_half,3655,2026-02-13,2026-03-02,-0.0097920588919678,2026,2025-12-31,native_mse,20260912,-0.0011765097827620523,,0,0
annual_state_offset_half,3659,2026-02-27,2026-03-09,-0.0172526869201304,2026,2025-12-31,native_mse,20260912,-0.0007085124719817442,,0,0
annual_state_offset_half,3664,2026-03-06,2026-03-16,0.0149926634422041,2026,2025-12-31,native_mse,20260912,-0.0009899154221996353,,0,1
annual_state_offset_half,3669,2026-03-13,2026-03-23,-0.0364343509194254,2026,2025-12-31,native_mse,20260912,-0.0011266305599294578,,0,0
annual_state_offset_half,3674,2026-03-20,2026-03-30,-0.0083038829988221,2026,2025-12-31,native_mse,20260912,-0.001524311581453077,,0,0
annual_state_offset_half,3679,2026-03-27,2026-04-07,-0.0035591495694504,2026,2025-12-31,native_mse,20260912,-0.0019205134194293897,,0,0
annual_state_offset_half,3684,2026-04-03,2026-04-13,0.0380736235508991,2026,2025-12-31,native_mse,20260912,-0.0011376256916386593,,0,1
annual_state_offset_half,3688,2026-04-10,2026-04-20,0.0242766725964382,2026,2025-12-31,native_mse,20260912,-0.0013216896399536517,,0,1
annual_state_offset_half,3693,2026-04-17,2026-04-27,0.010401572188011,2026,2025-12-31,native_mse,20260912,-0.0015028502660909705,,0,1
annual_state_offset_half,3698,2026-04-24,2026-05-11,0.0263674696524953,2026,2025-12-31,native_mse,20260912,-0.0012568015547876838,,0,1
annual_state_offset_half,3705,2026-05-08,2026-05-18,-0.0134529239455926,2026,2025-12-31,native_mse,20260912,-0.0004371239494575972,,0,0
annual_state_offset_half,3710,2026-05-15,2026-05-25,0.0076235492615268,2026,2025-12-31,native_mse,20260912,6.163719011948235e-05,,1,1
annual_state_offset_half,3715,2026-05-22,2026-06-01,0.005068538126898,2026,2025-12-31,native_mse,20260912,7.730204085298746e-06,,1,1
annual_state_offset_half,3720,2026-05-29,2026-06-08,-0.039635353927193,2026,2025-12-31,native_mse,20260912,-0.00019569943758148556,,0,0
annual_state_offset_half,3725,2026-06-05,2026-06-15,0.0266849782195981,2026,2025-12-31,native_mse,20260912,-0.00010540438898025962,,0,1
annual_state_offset_half,3730,2026-06-12,2026-06-29,0.0076098142791176,2026,2025-12-31,native_mse,20260912,-0.0007095936265099443,,0,1
annual_state_offset_half,3739,2026-06-26,2026-07-06,0.0005137647861506,2026,2025-12-31,native_mse,20260912,-0.00033128119271872585,,0,1
annual_state_offset_half,3744,2026-07-03,2026-07-13,-0.0252847876365399,2026,2025-12-31,native_mse,20260912,-0.0011443460816151978,,0,0
annual_state_offset_half,3749,2026-07-10,2026-07-20,-0.035775397012711,2026,2025-12-31,native_mse,20260912,-0.0017039989678604111,,0,0
annual_state_offset_half,3754,2026-07-17,2026-07-27,0.01756245533441,2026,2025-12-31,native_mse,20260912,-0.0017003094595498154,,0,1
annual_state_offset_half,3759,2026-07-24,2026-08-03,-0.0202339761556519,2026,2025-12-31,native_mse,20260912,-0.0018633248001663242,,0,0
annual_state_offset_half,3764,2026-07-31,2026-08-10,0.0300318732435738,2026,2025-12-31,native_mse,20260912,-0.0013665112944695823,,0,1
annual_state_offset_half,3769,2026-08-07,2026-08-17,-0.0056482265760339,2026,2025-12-31,native_mse,20260912,-0.0010726869031266657,,0,0
annual_state_offset_half,3774,2026-08-14,2026-08-24,-0.0109860710402629,2026,2025-12-31,native_mse,20260912,-0.0012030503226100222,,0,0
annual_state_offset_half,3779,2026-08-21,2026-08-31,-0.0127592811002066,2026,2025-12-31,native_mse,20260912,-0.0005090624873602664,,0,0
weekly_state_validated,2418,2021-01-08,2021-01-18,-0.0120052904669853,2021,2020-12-31,learned_market,20260910,0.5528369602637446,0.5528369602637446,1,0
weekly_state_validated,2423,2021-01-15,2021-01-25,0.0231622460538123,2021,2020-12-31,learned_market,20260910,0.49674166213102977,0.49674166213102977,0,1
weekly_state_validated,2428,2021-01-22,2021-02-01,-0.0372511735907923,2021,2020-12-31,learned_market,20260910,0.3933637003220593,0.3933637003220593,0,0
weekly_state_validated,2433,2021-01-29,2021-02-08,0.0278689901714626,2021,2020-12-31,learned_market,20260910,0.4313547922375263,0.4313547922375263,0,1
weekly_state_validated,2438,2021-02-05,2021-02-22,0.0507379035040882,2021,2020-12-31,learned_market,20260910,0.40357928349119826,0.40357928349119826,0,1
weekly_state_validated,2443,2021-02-19,2021-03-01,-0.0684918010685315,2021,2020-12-31,learned_market,20260910,0.49513830982070434,0.49513830982070434,0,0
weekly_state_validated,2448,2021-02-26,2021-03-08,-0.0165997123904068,2021,2020-12-31,learned_market,20260910,0.43315180971386896,0.43315180971386896,0,0
weekly_state_validated,2453,2021-03-05,2021-03-15,-0.0346560901469681,2021,2020-12-31,learned_market,20260910,0.40131415281599914,0.40131415281599914,0,0
weekly_state_validated,2458,2021-03-12,2021-03-22,-0.0210550182560221,2021,2020-12-31,learned_market,20260910,0.47295990993929365,0.47295990993929365,0,0
weekly_state_validated,2463,2021-03-19,2021-03-29,0.0087572877565691,2021,2020-12-31,learned_market,20260910,0.6783048076904669,0.6783048076904669,1,1
weekly_state_validated,2468,2021-03-26,2021-04-06,0.0250145479448802,2021,2020-12-31,learned_market,20260910,0.6020041018019381,0.6020041018019381,1,1
weekly_state_ungated,2418,2021-01-08,2021-01-18,-0.0120052904669853,2021,2020-12-31,learned_market,20260910,0.5528369602637446,0.5528369602637446,1,0
weekly_state_ungated,2423,2021-01-15,2021-01-25,0.0231622460538123,2021,2020-12-31,learned_market,20260910,0.49674166213102977,0.49674166213102977,0,1
weekly_state_ungated,2428,2021-01-22,2021-02-01,-0.0372511735907923,2021,2020-12-31,learned_market,20260910,0.3933637003220593,0.3933637003220593,0,0
weekly_state_ungated,2433,2021-01-29,2021-02-08,0.0278689901714626,2021,2020-12-31,learned_market,20260910,0.4313547922375263,0.4313547922375263,0,1
weekly_state_ungated,2438,2021-02-05,2021-02-22,0.0507379035040882,2021,2020-12-31,learned_market,20260910,0.40357928349119826,0.40357928349119826,0,1
weekly_state_ungated,2443,2021-02-19,2021-03-01,-0.0684918010685315,2021,2020-12-31,learned_market,20260910,0.49513830982070434,0.49513830982070434,0,0
weekly_state_ungated,2448,2021-02-26,2021-03-08,-0.0165997123904068,2021,2020-12-31,learned_market,20260910,0.43315180971386896,0.43315180971386896,0,0
weekly_state_ungated,2453,2021-03-05,2021-03-15,-0.0346560901469681,2021,2020-12-31,learned_market,20260910,0.40131415281599914,0.40131415281599914,0,0
weekly_state_ungated,2458,2021-03-12,2021-03-22,-0.0210550182560221,2021,2020-12-31,learned_market,20260910,0.47295990993929365,0.47295990993929365,0,0
weekly_state_ungated,2463,2021-03-19,2021-03-29,0.0087572877565691,2021,2020-12-31,learned_market,20260910,0.6783048076904669,0.6783048076904669,1,1
weekly_state_ungated,2468,2021-03-26,2021-04-06,0.0250145479448802,2021,2020-12-31,learned_market,20260910,0.6020041018019381,0.6020041018019381,1,1
weekly_global_validated,2418,2021-01-08,2021-01-18,-0.0120052904669853,2021,2020-12-31,learned_market,20260910,0.5528369602637446,0.5528369602637446,1,0
weekly_global_validated,2423,2021-01-15,2021-01-25,0.0231622460538123,2021,2020-12-31,learned_market,20260910,0.49674166213102977,0.49674166213102977,0,1
weekly_global_validated,2428,2021-01-22,2021-02-01,-0.0372511735907923,2021,2020-12-31,learned_market,20260910,0.3933637003220593,0.3933637003220593,0,0
weekly_global_validated,2433,2021-01-29,2021-02-08,0.0278689901714626,2021,2020-12-31,learned_market,20260910,0.4313547922375263,0.4313547922375263,0,1
weekly_global_validated,2438,2021-02-05,2021-02-22,0.0507379035040882,2021,2020-12-31,learned_market,20260910,0.40357928349119826,0.40357928349119826,0,1
weekly_global_validated,2443,2021-02-19,2021-03-01,-0.0684918010685315,2021,2020-12-31,learned_market,20260910,0.49513830982070434,0.49513830982070434,0,0
weekly_global_validated,2448,2021-02-26,2021-03-08,-0.0165997123904068,2021,2020-12-31,learned_market,20260910,0.43315180971386896,0.43315180971386896,0,0
weekly_global_validated,2453,2021-03-05,2021-03-15,-0.0346560901469681,2021,2020-12-31,learned_market,20260910,0.40131415281599914,0.40131415281599914,0,0
weekly_global_validated,2458,2021-03-12,2021-03-22,-0.0210550182560221,2021,2020-12-31,learned_market,20260910,0.47295990993929365,0.47295990993929365,0,0
weekly_global_validated,2463,2021-03-19,2021-03-29,0.0087572877565691,2021,2020-12-31,learned_market,20260910,0.6783048076904669,0.6783048076904669,1,1
weekly_global_validated,2468,2021-03-26,2021-04-06,0.0250145479448802,2021,2020-12-31,learned_market,20260910,0.6020041018019381,0.6020041018019381,1,1
weekly_global_ungated,2418,2021-01-08,2021-01-18,-0.0120052904669853,2021,2020-12-31,learned_market,20260910,0.5528369602637446,0.5528369602637446,1,0
weekly_global_ungated,2423,2021-01-15,2021-01-25,0.0231622460538123,2021,2020-12-31,learned_market,20260910,0.49674166213102977,0.49674166213102977,0,1
weekly_global_ungated,2428,2021-01-22,2021-02-01,-0.0372511735907923,2021,2020-12-31,learned_market,20260910,0.3933637003220593,0.3933637003220593,0,0
weekly_global_ungated,2433,2021-01-29,2021-02-08,0.0278689901714626,2021,2020-12-31,learned_market,20260910,0.4313547922375263,0.4313547922375263,0,1
weekly_global_ungated,2438,2021-02-05,2021-02-22,0.0507379035040882,2021,2020-12-31,learned_market,20260910,0.40357928349119826,0.40357928349119826,0,1
weekly_global_ungated,2443,2021-02-19,2021-03-01,-0.0684918010685315,2021,2020-12-31,learned_market,20260910,0.49513830982070434,0.49513830982070434,0,0
weekly_global_ungated,2448,2021-02-26,2021-03-08,-0.0165997123904068,2021,2020-12-31,learned_market,20260910,0.43315180971386896,0.43315180971386896,0,0
weekly_global_ungated,2453,2021-03-05,2021-03-15,-0.0346560901469681,2021,2020-12-31,learned_market,20260910,0.40131415281599914,0.40131415281599914,0,0
weekly_global_ungated,2458,2021-03-12,2021-03-22,-0.0210550182560221,2021,2020-12-31,learned_market,20260910,0.47295990993929365,0.47295990993929365,0,0
weekly_global_ungated,2463,2021-03-19,2021-03-29,0.0087572877565691,2021,2020-12-31,learned_market,20260910,0.6783048076904669,0.6783048076904669,1,1
weekly_global_ungated,2468,2021-03-26,2021-04-06,0.0250145479448802,2021,2020-12-31,learned_market,20260910,0.6020041018019381,0.6020041018019381,1,1
weekly_state_validated,2418,2021-01-08,2021-01-18,-0.0120052904669853,2021,2020-12-31,learned_market,20260911,0.47359422145655633,0.47359422145655633,0,0
weekly_state_validated,2423,2021-01-15,2021-01-25,0.0231622460538123,2021,2020-12-31,learned_market,20260911,0.29529449998072343,0.29529449998072343,0,1
weekly_state_validated,2428,2021-01-22,2021-02-01,-0.0372511735907923,2021,2020-12-31,learned_market,20260911,0.47394332492431446,0.47394332492431446,0,0
weekly_state_validated,2433,2021-01-29,2021-02-08,0.0278689901714626,2021,2020-12-31,learned_market,20260911,0.34860128575085947,0.34860128575085947,0,1
weekly_state_validated,2438,2021-02-05,2021-02-22,0.0507379035040882,2021,2020-12-31,learned_market,20260911,0.5472341429725764,0.5472341429725764,1,1
weekly_state_validated,2443,2021-02-19,2021-03-01,-0.0684918010685315,2021,2020-12-31,learned_market,20260911,0.4390527856170199,0.4390527856170199,0,0
weekly_state_validated,2448,2021-02-26,2021-03-08,-0.0165997123904068,2021,2020-12-31,learned_market,20260911,0.4901857818012489,0.4901857818012489,0,0
weekly_state_validated,2453,2021-03-05,2021-03-15,-0.0346560901469681,2021,2020-12-31,learned_market,20260911,0.3640545492155067,0.3640545492155067,0,0
weekly_state_validated,2458,2021-03-12,2021-03-22,-0.0210550182560221,2021,2020-12-31,learned_market,20260911,0.27457561641477635,0.27457561641477635,0,0
weekly_state_validated,2463,2021-03-19,2021-03-29,0.0087572877565691,2021,2020-12-31,learned_market,20260911,0.5317095579141908,0.5317095579141908,1,1
weekly_state_validated,2468,2021-03-26,2021-04-06,0.0250145479448802,2021,2020-12-31,learned_market,20260911,0.48950965003399194,0.48950965003399194,0,1
weekly_state_ungated,2418,2021-01-08,2021-01-18,-0.0120052904669853,2021,2020-12-31,learned_market,20260911,0.47359422145655633,0.47359422145655633,0,0
weekly_state_ungated,2423,2021-01-15,2021-01-25,0.0231622460538123,2021,2020-12-31,learned_market,20260911,0.29529449998072343,0.29529449998072343,0,1
weekly_state_ungated,2428,2021-01-22,2021-02-01,-0.0372511735907923,2021,2020-12-31,learned_market,20260911,0.47394332492431446,0.47394332492431446,0,0
weekly_state_ungated,2433,2021-01-29,2021-02-08,0.0278689901714626,2021,2020-12-31,learned_market,20260911,0.34860128575085947,0.34860128575085947,0,1
weekly_state_ungated,2438,2021-02-05,2021-02-22,0.0507379035040882,2021,2020-12-31,learned_market,20260911,0.5472341429725764,0.5472341429725764,1,1
weekly_state_ungated,2443,2021-02-19,2021-03-01,-0.0684918010685315,2021,2020-12-31,learned_market,20260911,0.4390527856170199,0.4390527856170199,0,0
weekly_state_ungated,2448,2021-02-26,2021-03-08,-0.0165997123904068,2021,2020-12-31,learned_market,20260911,0.4901857818012489,0.4901857818012489,0,0
weekly_state_ungated,2453,2021-03-05,2021-03-15,-0.0346560901469681,2021,2020-12-31,learned_market,20260911,0.3640545492155067,0.3640545492155067,0,0
weekly_state_ungated,2458,2021-03-12,2021-03-22,-0.0210550182560221,2021,2020-12-31,learned_market,20260911,0.27457561641477635,0.27457561641477635,0,0
weekly_state_ungated,2463,2021-03-19,2021-03-29,0.0087572877565691,2021,2020-12-31,learned_market,20260911,0.5317095579141908,0.5317095579141908,1,1
weekly_state_ungated,2468,2021-03-26,2021-04-06,0.0250145479448802,2021,2020-12-31,learned_market,20260911,0.48950965003399194,0.48950965003399194,0,1
weekly_global_validated,2418,2021-01-08,2021-01-18,-0.0120052904669853,2021,2020-12-31,learned_market,20260911,0.47359422145655633,0.47359422145655633,0,0
weekly_global_validated,2423,2021-01-15,2021-01-25,0.0231622460538123,2021,2020-12-31,learned_market,20260911,0.29529449998072343,0.29529449998072343,0,1
weekly_global_validated,2428,2021-01-22,2021-02-01,-0.0372511735907923,2021,2020-12-31,learned_market,20260911,0.47394332492431446,0.47394332492431446,0,0
weekly_global_validated,2433,2021-01-29,2021-02-08,0.0278689901714626,2021,2020-12-31,learned_market,20260911,0.34860128575085947,0.34860128575085947,0,1
weekly_global_validated,2438,2021-02-05,2021-02-22,0.0507379035040882,2021,2020-12-31,learned_market,20260911,0.5472341429725764,0.5472341429725764,1,1
weekly_global_validated,2443,2021-02-19,2021-03-01,-0.0684918010685315,2021,2020-12-31,learned_market,20260911,0.4390527856170199,0.4390527856170199,0,0
weekly_global_validated,2448,2021-02-26,2021-03-08,-0.0165997123904068,2021,2020-12-31,learned_market,20260911,0.4901857818012489,0.4901857818012489,0,0
weekly_global_validated,2453,2021-03-05,2021-03-15,-0.0346560901469681,2021,2020-12-31,learned_market,20260911,0.3640545492155067,0.3640545492155067,0,0
weekly_global_validated,2458,2021-03-12,2021-03-22,-0.0210550182560221,2021,2020-12-31,learned_market,20260911,0.27457561641477635,0.27457561641477635,0,0
weekly_global_validated,2463,2021-03-19,2021-03-29,0.0087572877565691,2021,2020-12-31,learned_market,20260911,0.5317095579141908,0.5317095579141908,1,1
weekly_global_validated,2468,2021-03-26,2021-04-06,0.0250145479448802,2021,2020-12-31,learned_market,20260911,0.48950965003399194,0.48950965003399194,0,1
weekly_global_ungated,2418,2021-01-08,2021-01-18,-0.0120052904669853,2021,2020-12-31,learned_market,20260911,0.47359422145655633,0.47359422145655633,0,0
weekly_global_ungated,2423,2021-01-15,2021-01-25,0.0231622460538123,2021,2020-12-31,learned_market,20260911,0.29529449998072343,0.29529449998072343,0,1
weekly_global_ungated,2428,2021-01-22,2021-02-01,-0.0372511735907923,2021,2020-12-31,learned_market,20260911,0.47394332492431446,0.47394332492431446,0,0
weekly_global_ungated,2433,2021-01-29,2021-02-08,0.0278689901714626,2021,2020-12-31,learned_market,20260911,0.34860128575085947,0.34860128575085947,0,1
weekly_global_ungated,2438,2021-02-05,2021-02-22,0.0507379035040882,2021,2020-12-31,learned_market,20260911,0.5472341429725764,0.5472341429725764,1,1
weekly_global_ungated,2443,2021-02-19,2021-03-01,-0.0684918010685315,2021,2020-12-31,learned_market,20260911,0.4390527856170199,0.4390527856170199,0,0
weekly_global_ungated,2448,2021-02-26,2021-03-08,-0.0165997123904068,2021,2020-12-31,learned_market,20260911,0.4901857818012489,0.4901857818012489,0,0
weekly_global_ungated,2453,2021-03-05,2021-03-15,-0.0346560901469681,2021,2020-12-31,learned_market,20260911,0.3640545492155067,0.3640545492155067,0,0
weekly_global_ungated,2458,2021-03-12,2021-03-22,-0.0210550182560221,2021,2020-12-31,learned_market,20260911,0.27457561641477635,0.27457561641477635,0,0
weekly_global_ungated,2463,2021-03-19,2021-03-29,0.0087572877565691,2021,2020-12-31,learned_market,20260911,0.5317095579141908,0.5317095579141908,1,1
weekly_global_ungated,2468,2021-03-26,2021-04-06,0.0250145479448802,2021,2020-12-31,learned_market,20260911,0.48950965003399194,0.48950965003399194,0,1
weekly_state_validated,2418,2021-01-08,2021-01-18,-0.0120052904669853,2021,2020-12-31,learned_market,20260912,0.49622809203697066,0.49622809203697066,0,0
weekly_state_validated,2423,2021-01-15,2021-01-25,0.0231622460538123,2021,2020-12-31,learned_market,20260912,0.30299511780142024,0.30299511780142024,0,1
weekly_state_validated,2428,2021-01-22,2021-02-01,-0.0372511735907923,2021,2020-12-31,learned_market,20260912,0.2926269390741677,0.2926269390741677,0,0
weekly_state_validated,2433,2021-01-29,2021-02-08,0.0278689901714626,2021,2020-12-31,learned_market,20260912,0.4834854236532544,0.4834854236532544,0,1
weekly_state_validated,2438,2021-02-05,2021-02-22,0.0507379035040882,2021,2020-12-31,learned_market,20260912,0.5449307431156443,0.5449307431156443,1,1
weekly_state_validated,2443,2021-02-19,2021-03-01,-0.0684918010685315,2021,2020-12-31,learned_market,20260912,0.37156624296606255,0.37156624296606255,0,0
weekly_state_validated,2448,2021-02-26,2021-03-08,-0.0165997123904068,2021,2020-12-31,learned_market,20260912,0.5679579035959068,0.5679579035959068,1,0
weekly_state_validated,2453,2021-03-05,2021-03-15,-0.0346560901469681,2021,2020-12-31,learned_market,20260912,0.4912573433049491,0.4912573433049491,0,0
weekly_state_validated,2458,2021-03-12,2021-03-22,-0.0210550182560221,2021,2020-12-31,learned_market,20260912,0.4975950072849539,0.4975950072849539,0,0
weekly_state_validated,2463,2021-03-19,2021-03-29,0.0087572877565691,2021,2020-12-31,learned_market,20260912,0.4862560848839745,0.4862560848839745,0,1
weekly_state_validated,2468,2021-03-26,2021-04-06,0.0250145479448802,2021,2020-12-31,learned_market,20260912,0.5757817923341705,0.5757817923341705,1,1
weekly_state_ungated,2418,2021-01-08,2021-01-18,-0.0120052904669853,2021,2020-12-31,learned_market,20260912,0.49622809203697066,0.49622809203697066,0,0
weekly_state_ungated,2423,2021-01-15,2021-01-25,0.0231622460538123,2021,2020-12-31,learned_market,20260912,0.30299511780142024,0.30299511780142024,0,1
weekly_state_ungated,2428,2021-01-22,2021-02-01,-0.0372511735907923,2021,2020-12-31,learned_market,20260912,0.2926269390741677,0.2926269390741677,0,0
weekly_state_ungated,2433,2021-01-29,2021-02-08,0.0278689901714626,2021,2020-12-31,learned_market,20260912,0.4834854236532544,0.4834854236532544,0,1
weekly_state_ungated,2438,2021-02-05,2021-02-22,0.0507379035040882,2021,2020-12-31,learned_market,20260912,0.5449307431156443,0.5449307431156443,1,1
weekly_state_ungated,2443,2021-02-19,2021-03-01,-0.0684918010685315,2021,2020-12-31,learned_market,20260912,0.37156624296606255,0.37156624296606255,0,0
weekly_state_ungated,2448,2021-02-26,2021-03-08,-0.0165997123904068,2021,2020-12-31,learned_market,20260912,0.5679579035959068,0.5679579035959068,1,0
weekly_state_ungated,2453,2021-03-05,2021-03-15,-0.0346560901469681,2021,2020-12-31,learned_market,20260912,0.4912573433049491,0.4912573433049491,0,0
weekly_state_ungated,2458,2021-03-12,2021-03-22,-0.0210550182560221,2021,2020-12-31,learned_market,20260912,0.4975950072849539,0.4975950072849539,0,0
weekly_state_ungated,2463,2021-03-19,2021-03-29,0.0087572877565691,2021,2020-12-31,learned_market,20260912,0.4862560848839745,0.4862560848839745,0,1
weekly_state_ungated,2468,2021-03-26,2021-04-06,0.0250145479448802,2021,2020-12-31,learned_market,20260912,0.5757817923341705,0.5757817923341705,1,1
weekly_global_validated,2418,2021-01-08,2021-01-18,-0.0120052904669853,2021,2020-12-31,learned_market,20260912,0.49622809203697066,0.49622809203697066,0,0
weekly_global_validated,2423,2021-01-15,2021-01-25,0.0231622460538123,2021,2020-12-31,learned_market,20260912,0.30299511780142024,0.30299511780142024,0,1
weekly_global_validated,2428,2021-01-22,2021-02-01,-0.0372511735907923,2021,2020-12-31,learned_market,20260912,0.2926269390741677,0.2926269390741677,0,0
weekly_global_validated,2433,2021-01-29,2021-02-08,0.0278689901714626,2021,2020-12-31,learned_market,20260912,0.4834854236532544,0.4834854236532544,0,1
weekly_global_validated,2438,2021-02-05,2021-02-22,0.0507379035040882,2021,2020-12-31,learned_market,20260912,0.5449307431156443,0.5449307431156443,1,1
weekly_global_validated,2443,2021-02-19,2021-03-01,-0.0684918010685315,2021,2020-12-31,learned_market,20260912,0.37156624296606255,0.37156624296606255,0,0
weekly_global_validated,2448,2021-02-26,2021-03-08,-0.0165997123904068,2021,2020-12-31,learned_market,20260912,0.5679579035959068,0.5679579035959068,1,0
weekly_global_validated,2453,2021-03-05,2021-03-15,-0.0346560901469681,2021,2020-12-31,learned_market,20260912,0.4912573433049491,0.4912573433049491,0,0
weekly_global_validated,2458,2021-03-12,2021-03-22,-0.0210550182560221,2021,2020-12-31,learned_market,20260912,0.4975950072849539,0.4975950072849539,0,0
weekly_global_validated,2463,2021-03-19,2021-03-29,0.0087572877565691,2021,2020-12-31,learned_market,20260912,0.4862560848839745,0.4862560848839745,0,1
weekly_global_validated,2468,2021-03-26,2021-04-06,0.0250145479448802,2021,2020-12-31,learned_market,20260912,0.5757817923341705,0.5757817923341705,1,1
weekly_global_ungated,2418,2021-01-08,2021-01-18,-0.0120052904669853,2021,2020-12-31,learned_market,20260912,0.49622809203697066,0.49622809203697066,0,0
weekly_global_ungated,2423,2021-01-15,2021-01-25,0.0231622460538123,2021,2020-12-31,learned_market,20260912,0.30299511780142024,0.30299511780142024,0,1
weekly_global_ungated,2428,2021-01-22,2021-02-01,-0.0372511735907923,2021,2020-12-31,learned_market,20260912,0.2926269390741677,0.2926269390741677,0,0
weekly_global_ungated,2433,2021-01-29,2021-02-08,0.0278689901714626,2021,2020-12-31,learned_market,20260912,0.4834854236532544,0.4834854236532544,0,1
weekly_global_ungated,2438,2021-02-05,2021-02-22,0.0507379035040882,2021,2020-12-31,learned_market,20260912,0.5449307431156443,0.5449307431156443,1,1
weekly_global_ungated,2443,2021-02-19,2021-03-01,-0.0684918010685315,2021,2020-12-31,learned_market,20260912,0.37156624296606255,0.37156624296606255,0,0
weekly_global_ungated,2448,2021-02-26,2021-03-08,-0.0165997123904068,2021,2020-12-31,learned_market,20260912,0.5679579035959068,0.5679579035959068,1,0
weekly_global_ungated,2453,2021-03-05,2021-03-15,-0.0346560901469681,2021,2020-12-31,learned_market,20260912,0.4912573433049491,0.4912573433049491,0,0
weekly_global_ungated,2458,2021-03-12,2021-03-22,-0.0210550182560221,2021,2020-12-31,learned_market,20260912,0.4975950072849539,0.4975950072849539,0,0
weekly_global_ungated,2463,2021-03-19,2021-03-29,0.0087572877565691,2021,2020-12-31,learned_market,20260912,0.4862560848839745,0.4862560848839745,0,1
weekly_global_ungated,2468,2021-03-26,2021-04-06,0.0250145479448802,2021,2020-12-31,learned_market,20260912,0.5757817923341705,0.5757817923341705,1,1
weekly_state_validated,2418,2021-01-08,2021-01-18,-0.0120052904669853,2021,2020-12-31,learned_vol_interaction,20260910,0.5286701081389081,0.5286701081389081,1,0
weekly_state_validated,2423,2021-01-15,2021-01-25,0.0231622460538123,2021,2020-12-31,learned_vol_interaction,20260910,0.47178291125549215,0.47178291125549215,0,1
weekly_state_validated,2428,2021-01-22,2021-02-01,-0.0372511735907923,2021,2020-12-31,learned_vol_interaction,20260910,0.3671123538576221,0.3671123538576221,0,0
weekly_state_validated,2433,2021-01-29,2021-02-08,0.0278689901714626,2021,2020-12-31,learned_vol_interaction,20260910,0.434482531700876,0.434482531700876,0,1
weekly_state_validated,2438,2021-02-05,2021-02-22,0.0507379035040882,2021,2020-12-31,learned_vol_interaction,20260910,0.42570726310777396,0.42570726310777396,0,1
weekly_state_validated,2443,2021-02-19,2021-03-01,-0.0684918010685315,2021,2020-12-31,learned_vol_interaction,20260910,0.4791771552633417,0.4791771552633417,0,0
weekly_state_validated,2448,2021-02-26,2021-03-08,-0.0165997123904068,2021,2020-12-31,learned_vol_interaction,20260910,0.4783928105694597,0.4783928105694597,0,0
weekly_state_validated,2453,2021-03-05,2021-03-15,-0.0346560901469681,2021,2020-12-31,learned_vol_interaction,20260910,0.4610266286466043,0.4610266286466043,0,0
weekly_state_validated,2458,2021-03-12,2021-03-22,-0.0210550182560221,2021,2020-12-31,learned_vol_interaction,20260910,0.48103471562569133,0.48103471562569133,0,0
weekly_state_validated,2463,2021-03-19,2021-03-29,0.0087572877565691,2021,2020-12-31,learned_vol_interaction,20260910,0.5872740166666267,0.5872740166666267,1,1
weekly_state_validated,2468,2021-03-26,2021-04-06,0.0250145479448802,2021,2020-12-31,learned_vol_interaction,20260910,0.5791980511717043,0.5791980511717043,1,1
weekly_state_ungated,2418,2021-01-08,2021-01-18,-0.0120052904669853,2021,2020-12-31,learned_vol_interaction,20260910,0.5286701081389081,0.5286701081389081,1,0
weekly_state_ungated,2423,2021-01-15,2021-01-25,0.0231622460538123,2021,2020-12-31,learned_vol_interaction,20260910,0.47178291125549215,0.47178291125549215,0,1
weekly_state_ungated,2428,2021-01-22,2021-02-01,-0.0372511735907923,2021,2020-12-31,learned_vol_interaction,20260910,0.3671123538576221,0.3671123538576221,0,0
weekly_state_ungated,2433,2021-01-29,2021-02-08,0.0278689901714626,2021,2020-12-31,learned_vol_interaction,20260910,0.434482531700876,0.434482531700876,0,1
weekly_state_ungated,2438,2021-02-05,2021-02-22,0.0507379035040882,2021,2020-12-31,learned_vol_interaction,20260910,0.42570726310777396,0.42570726310777396,0,1
weekly_state_ungated,2443,2021-02-19,2021-03-01,-0.0684918010685315,2021,2020-12-31,learned_vol_interaction,20260910,0.4791771552633417,0.4791771552633417,0,0
weekly_state_ungated,2448,2021-02-26,2021-03-08,-0.0165997123904068,2021,2020-12-31,learned_vol_interaction,20260910,0.4783928105694597,0.4783928105694597,0,0
weekly_state_ungated,2453,2021-03-05,2021-03-15,-0.0346560901469681,2021,2020-12-31,learned_vol_interaction,20260910,0.4610266286466043,0.4610266286466043,0,0
weekly_state_ungated,2458,2021-03-12,2021-03-22,-0.0210550182560221,2021,2020-12-31,learned_vol_interaction,20260910,0.48103471562569133,0.48103471562569133,0,0
weekly_state_ungated,2463,2021-03-19,2021-03-29,0.0087572877565691,2021,2020-12-31,learned_vol_interaction,20260910,0.5872740166666267,0.5872740166666267,1,1
weekly_state_ungated,2468,2021-03-26,2021-04-06,0.0250145479448802,2021,2020-12-31,learned_vol_interaction,20260910,0.5791980511717043,0.5791980511717043,1,1
weekly_global_validated,2418,2021-01-08,2021-01-18,-0.0120052904669853,2021,2020-12-31,learned_vol_interaction,20260910,0.5286701081389081,0.5286701081389081,1,0
weekly_global_validated,2423,2021-01-15,2021-01-25,0.0231622460538123,2021,2020-12-31,learned_vol_interaction,20260910,0.47178291125549215,0.47178291125549215,0,1
weekly_global_validated,2428,2021-01-22,2021-02-01,-0.0372511735907923,2021,2020-12-31,learned_vol_interaction,20260910,0.3671123538576221,0.3671123538576221,0,0
weekly_global_validated,2433,2021-01-29,2021-02-08,0.0278689901714626,2021,2020-12-31,learned_vol_interaction,20260910,0.434482531700876,0.434482531700876,0,1
weekly_global_validated,2438,2021-02-05,2021-02-22,0.0507379035040882,2021,2020-12-31,learned_vol_interaction,20260910,0.42570726310777396,0.42570726310777396,0,1
weekly_global_validated,2443,2021-02-19,2021-03-01,-0.0684918010685315,2021,2020-12-31,learned_vol_interaction,20260910,0.4791771552633417,0.4791771552633417,0,0
weekly_global_validated,2448,2021-02-26,2021-03-08,-0.0165997123904068,2021,2020-12-31,learned_vol_interaction,20260910,0.4783928105694597,0.4783928105694597,0,0
weekly_global_validated,2453,2021-03-05,2021-03-15,-0.0346560901469681,2021,2020-12-31,learned_vol_interaction,20260910,0.4610266286466043,0.4610266286466043,0,0
weekly_global_validated,2458,2021-03-12,2021-03-22,-0.0210550182560221,2021,2020-12-31,learned_vol_interaction,20260910,0.48103471562569133,0.48103471562569133,0,0
weekly_global_validated,2463,2021-03-19,2021-03-29,0.0087572877565691,2021,2020-12-31,learned_vol_interaction,20260910,0.5872740166666267,0.5872740166666267,1,1
weekly_global_validated,2468,2021-03-26,2021-04-06,0.0250145479448802,2021,2020-12-31,learned_vol_interaction,20260910,0.5791980511717043,0.5791980511717043,1,1
weekly_global_ungated,2418,2021-01-08,2021-01-18,-0.0120052904669853,2021,2020-12-31,learned_vol_interaction,20260910,0.5286701081389081,0.5286701081389081,1,0
weekly_global_ungated,2423,2021-01-15,2021-01-25,0.0231622460538123,2021,2020-12-31,learned_vol_interaction,20260910,0.47178291125549215,0.47178291125549215,0,1
weekly_global_ungated,2428,2021-01-22,2021-02-01,-0.0372511735907923,2021,2020-12-31,learned_vol_interaction,20260910,0.3671123538576221,0.3671123538576221,0,0
weekly_global_ungated,2433,2021-01-29,2021-02-08,0.0278689901714626,2021,2020-12-31,learned_vol_interaction,20260910,0.434482531700876,0.434482531700876,0,1
weekly_global_ungated,2438,2021-02-05,2021-02-22,0.0507379035040882,2021,2020-12-31,learned_vol_interaction,20260910,0.42570726310777396,0.42570726310777396,0,1
weekly_global_ungated,2443,2021-02-19,2021-03-01,-0.0684918010685315,2021,2020-12-31,learned_vol_interaction,20260910,0.4791771552633417,0.4791771552633417,0,0
weekly_global_ungated,2448,2021-02-26,2021-03-08,-0.0165997123904068,2021,2020-12-31,learned_vol_interaction,20260910,0.4783928105694597,0.4783928105694597,0,0
weekly_global_ungated,2453,2021-03-05,2021-03-15,-0.0346560901469681,2021,2020-12-31,learned_vol_interaction,20260910,0.4610266286466043,0.4610266286466043,0,0
weekly_global_ungated,2458,2021-03-12,2021-03-22,-0.0210550182560221,2021,2020-12-31,learned_vol_interaction,20260910,0.48103471562569133,0.48103471562569133,0,0
weekly_global_ungated,2463,2021-03-19,2021-03-29,0.0087572877565691,2021,2020-12-31,learned_vol_interaction,20260910,0.5872740166666267,0.5872740166666267,1,1
weekly_global_ungated,2468,2021-03-26,2021-04-06,0.0250145479448802,2021,2020-12-31,learned_vol_interaction,20260910,0.5791980511717043,0.5791980511717043,1,1
weekly_state_validated,2418,2021-01-08,2021-01-18,-0.0120052904669853,2021,2020-12-31,learned_vol_interaction,20260911,0.4754556903392312,0.4754556903392312,0,0
weekly_state_validated,2423,2021-01-15,2021-01-25,0.0231622460538123,2021,2020-12-31,learned_vol_interaction,20260911,0.2910478720938869,0.2910478720938869,0,1
weekly_state_validated,2428,2021-01-22,2021-02-01,-0.0372511735907923,2021,2020-12-31,learned_vol_interaction,20260911,0.4793404787070586,0.4793404787070586,0,0
weekly_state_validated,2433,2021-01-29,2021-02-08,0.0278689901714626,2021,2020-12-31,learned_vol_interaction,20260911,0.3407014751351651,0.3407014751351651,0,1
weekly_state_validated,2438,2021-02-05,2021-02-22,0.0507379035040882,2021,2020-12-31,learned_vol_interaction,20260911,0.5419487770679454,0.5419487770679454,1,1
weekly_state_validated,2443,2021-02-19,2021-03-01,-0.0684918010685315,2021,2020-12-31,learned_vol_interaction,20260911,0.42680484014134457,0.42680484014134457,0,0
weekly_state_validated,2448,2021-02-26,2021-03-08,-0.0165997123904068,2021,2020-12-31,learned_vol_interaction,20260911,0.48165522036766006,0.48165522036766006,0,0
weekly_state_validated,2453,2021-03-05,2021-03-15,-0.0346560901469681,2021,2020-12-31,learned_vol_interaction,20260911,0.3506881836542513,0.3506881836542513,0,0
weekly_state_validated,2458,2021-03-12,2021-03-22,-0.0210550182560221,2021,2020-12-31,learned_vol_interaction,20260911,0.23467895972096536,0.23467895972096536,0,0
weekly_state_validated,2463,2021-03-19,2021-03-29,0.0087572877565691,2021,2020-12-31,learned_vol_interaction,20260911,0.5417459151974428,0.5417459151974428,1,1
weekly_state_validated,2468,2021-03-26,2021-04-06,0.0250145479448802,2021,2020-12-31,learned_vol_interaction,20260911,0.48054571329537366,0.48054571329537366,0,1
weekly_state_ungated,2418,2021-01-08,2021-01-18,-0.0120052904669853,2021,2020-12-31,learned_vol_interaction,20260911,0.4754556903392312,0.4754556903392312,0,0
weekly_state_ungated,2423,2021-01-15,2021-01-25,0.0231622460538123,2021,2020-12-31,learned_vol_interaction,20260911,0.2910478720938869,0.2910478720938869,0,1
weekly_state_ungated,2428,2021-01-22,2021-02-01,-0.0372511735907923,2021,2020-12-31,learned_vol_interaction,20260911,0.4793404787070586,0.4793404787070586,0,0
weekly_state_ungated,2433,2021-01-29,2021-02-08,0.0278689901714626,2021,2020-12-31,learned_vol_interaction,20260911,0.3407014751351651,0.3407014751351651,0,1
weekly_state_ungated,2438,2021-02-05,2021-02-22,0.0507379035040882,2021,2020-12-31,learned_vol_interaction,20260911,0.5419487770679454,0.5419487770679454,1,1
weekly_state_ungated,2443,2021-02-19,2021-03-01,-0.0684918010685315,2021,2020-12-31,learned_vol_interaction,20260911,0.42680484014134457,0.42680484014134457,0,0
weekly_state_ungated,2448,2021-02-26,2021-03-08,-0.0165997123904068,2021,2020-12-31,learned_vol_interaction,20260911,0.48165522036766006,0.48165522036766006,0,0
weekly_state_ungated,2453,2021-03-05,2021-03-15,-0.0346560901469681,2021,2020-12-31,learned_vol_interaction,20260911,0.3506881836542513,0.3506881836542513,0,0
weekly_state_ungated,2458,2021-03-12,2021-03-22,-0.0210550182560221,2021,2020-12-31,learned_vol_interaction,20260911,0.23467895972096536,0.23467895972096536,0,0
weekly_state_ungated,2463,2021-03-19,2021-03-29,0.0087572877565691,2021,2020-12-31,learned_vol_interaction,20260911,0.5417459151974428,0.5417459151974428,1,1
weekly_state_ungated,2468,2021-03-26,2021-04-06,0.0250145479448802,2021,2020-12-31,learned_vol_interaction,20260911,0.48054571329537366,0.48054571329537366,0,1
weekly_global_validated,2418,2021-01-08,2021-01-18,-0.0120052904669853,2021,2020-12-31,learned_vol_interaction,20260911,0.4754556903392312,0.4754556903392312,0,0
weekly_global_validated,2423,2021-01-15,2021-01-25,0.0231622460538123,2021,2020-12-31,learned_vol_interaction,20260911,0.2910478720938869,0.2910478720938869,0,1
weekly_global_validated,2428,2021-01-22,2021-02-01,-0.0372511735907923,2021,2020-12-31,learned_vol_interaction,20260911,0.4793404787070586,0.4793404787070586,0,0
weekly_global_validated,2433,2021-01-29,2021-02-08,0.0278689901714626,2021,2020-12-31,learned_vol_interaction,20260911,0.3407014751351651,0.3407014751351651,0,1
weekly_global_validated,2438,2021-02-05,2021-02-22,0.0507379035040882,2021,2020-12-31,learned_vol_interaction,20260911,0.5419487770679454,0.5419487770679454,1,1
weekly_global_validated,2443,2021-02-19,2021-03-01,-0.0684918010685315,2021,2020-12-31,learned_vol_interaction,20260911,0.42680484014134457,0.42680484014134457,0,0
weekly_global_validated,2448,2021-02-26,2021-03-08,-0.0165997123904068,2021,2020-12-31,learned_vol_interaction,20260911,0.48165522036766006,0.48165522036766006,0,0
weekly_global_validated,2453,2021-03-05,2021-03-15,-0.0346560901469681,2021,2020-12-31,learned_vol_interaction,20260911,0.3506881836542513,0.3506881836542513,0,0
weekly_global_validated,2458,2021-03-12,2021-03-22,-0.0210550182560221,2021,2020-12-31,learned_vol_interaction,20260911,0.23467895972096536,0.23467895972096536,0,0
weekly_global_validated,2463,2021-03-19,2021-03-29,0.0087572877565691,2021,2020-12-31,learned_vol_interaction,20260911,0.5417459151974428,0.5417459151974428,1,1
weekly_global_validated,2468,2021-03-26,2021-04-06,0.0250145479448802,2021,2020-12-31,learned_vol_interaction,20260911,0.48054571329537366,0.48054571329537366,0,1
weekly_global_ungated,2418,2021-01-08,2021-01-18,-0.0120052904669853,2021,2020-12-31,learned_vol_interaction,20260911,0.4754556903392312,0.4754556903392312,0,0
weekly_global_ungated,2423,2021-01-15,2021-01-25,0.0231622460538123,2021,2020-12-31,learned_vol_interaction,20260911,0.2910478720938869,0.2910478720938869,0,1
weekly_global_ungated,2428,2021-01-22,2021-02-01,-0.0372511735907923,2021,2020-12-31,learned_vol_interaction,20260911,0.4793404787070586,0.4793404787070586,0,0
weekly_global_ungated,2433,2021-01-29,2021-02-08,0.0278689901714626,2021,2020-12-31,learned_vol_interaction,20260911,0.3407014751351651,0.3407014751351651,0,1
weekly_global_ungated,2438,2021-02-05,2021-02-22,0.0507379035040882,2021,2020-12-31,learned_vol_interaction,20260911,0.5419487770679454,0.5419487770679454,1,1
weekly_global_ungated,2443,2021-02-19,2021-03-01,-0.0684918010685315,2021,2020-12-31,learned_vol_interaction,20260911,0.42680484014134457,0.42680484014134457,0,0
weekly_global_ungated,2448,2021-02-26,2021-03-08,-0.0165997123904068,2021,2020-12-31,learned_vol_interaction,20260911,0.48165522036766006,0.48165522036766006,0,0
weekly_global_ungated,2453,2021-03-05,2021-03-15,-0.0346560901469681,2021,2020-12-31,learned_vol_interaction,20260911,0.3506881836542513,0.3506881836542513,0,0
weekly_global_ungated,2458,2021-03-12,2021-03-22,-0.0210550182560221,2021,2020-12-31,learned_vol_interaction,20260911,0.23467895972096536,0.23467895972096536,0,0
weekly_global_ungated,2463,2021-03-19,2021-03-29,0.0087572877565691,2021,2020-12-31,learned_vol_interaction,20260911,0.5417459151974428,0.5417459151974428,1,1
weekly_global_ungated,2468,2021-03-26,2021-04-06,0.0250145479448802,2021,2020-12-31,learned_vol_interaction,20260911,0.48054571329537366,0.48054571329537366,0,1
weekly_state_validated,2418,2021-01-08,2021-01-18,-0.0120052904669853,2021,2020-12-31,learned_vol_interaction,20260912,0.49620713842529096,0.49620713842529096,0,0
weekly_state_validated,2423,2021-01-15,2021-01-25,0.0231622460538123,2021,2020-12-31,learned_vol_interaction,20260912,0.30370534508378266,0.30370534508378266,0,1
weekly_state_validated,2428,2021-01-22,2021-02-01,-0.0372511735907923,2021,2020-12-31,learned_vol_interaction,20260912,0.2931342483584557,0.2931342483584557,0,0
weekly_state_validated,2433,2021-01-29,2021-02-08,0.0278689901714626,2021,2020-12-31,learned_vol_interaction,20260912,0.4851476188516167,0.4851476188516167,0,1
weekly_state_validated,2438,2021-02-05,2021-02-22,0.0507379035040882,2021,2020-12-31,learned_vol_interaction,20260912,0.5455559755252699,0.5455559755252699,1,1
weekly_state_validated,2443,2021-02-19,2021-03-01,-0.0684918010685315,2021,2020-12-31,learned_vol_interaction,20260912,0.37201410439640853,0.37201410439640853,0,0
weekly_state_validated,2448,2021-02-26,2021-03-08,-0.0165997123904068,2021,2020-12-31,learned_vol_interaction,20260912,0.5647303221106473,0.5647303221106473,1,0
weekly_state_validated,2453,2021-03-05,2021-03-15,-0.0346560901469681,2021,2020-12-31,learned_vol_interaction,20260912,0.4925362885158211,0.4925362885158211,0,0
weekly_state_validated,2458,2021-03-12,2021-03-22,-0.0210550182560221,2021,2020-12-31,learned_vol_interaction,20260912,0.5001941106115585,0.5001941106115585,1,0
weekly_state_validated,2463,2021-03-19,2021-03-29,0.0087572877565691,2021,2020-12-31,learned_vol_interaction,20260912,0.4917119078225818,0.4917119078225818,0,1
weekly_state_validated,2468,2021-03-26,2021-04-06,0.0250145479448802,2021,2020-12-31,learned_vol_interaction,20260912,0.5754614207160266,0.5754614207160266,1,1
weekly_state_ungated,2418,2021-01-08,2021-01-18,-0.0120052904669853,2021,2020-12-31,learned_vol_interaction,20260912,0.49620713842529096,0.49620713842529096,0,0
weekly_state_ungated,2423,2021-01-15,2021-01-25,0.0231622460538123,2021,2020-12-31,learned_vol_interaction,20260912,0.30370534508378266,0.30370534508378266,0,1
weekly_state_ungated,2428,2021-01-22,2021-02-01,-0.0372511735907923,2021,2020-12-31,learned_vol_interaction,20260912,0.2931342483584557,0.2931342483584557,0,0
weekly_state_ungated,2433,2021-01-29,2021-02-08,0.0278689901714626,2021,2020-12-31,learned_vol_interaction,20260912,0.4851476188516167,0.4851476188516167,0,1
weekly_state_ungated,2438,2021-02-05,2021-02-22,0.0507379035040882,2021,2020-12-31,learned_vol_interaction,20260912,0.5455559755252699,0.5455559755252699,1,1
weekly_state_ungated,2443,2021-02-19,2021-03-01,-0.0684918010685315,2021,2020-12-31,learned_vol_interaction,20260912,0.37201410439640853,0.37201410439640853,0,0
weekly_state_ungated,2448,2021-02-26,2021-03-08,-0.0165997123904068,2021,2020-12-31,learned_vol_interaction,20260912,0.5647303221106473,0.5647303221106473,1,0
weekly_state_ungated,2453,2021-03-05,2021-03-15,-0.0346560901469681,2021,2020-12-31,learned_vol_interaction,20260912,0.4925362885158211,0.4925362885158211,0,0
weekly_state_ungated,2458,2021-03-12,2021-03-22,-0.0210550182560221,2021,2020-12-31,learned_vol_interaction,20260912,0.5001941106115585,0.5001941106115585,1,0
weekly_state_ungated,2463,2021-03-19,2021-03-29,0.0087572877565691,2021,2020-12-31,learned_vol_interaction,20260912,0.4917119078225818,0.4917119078225818,0,1
weekly_state_ungated,2468,2021-03-26,2021-04-06,0.0250145479448802,2021,2020-12-31,learned_vol_interaction,20260912,0.5754614207160266,0.5754614207160266,1,1
weekly_global_validated,2418,2021-01-08,2021-01-18,-0.0120052904669853,2021,2020-12-31,learned_vol_interaction,20260912,0.49620713842529096,0.49620713842529096,0,0
weekly_global_validated,2423,2021-01-15,2021-01-25,0.0231622460538123,2021,2020-12-31,learned_vol_interaction,20260912,0.30370534508378266,0.30370534508378266,0,1
weekly_global_validated,2428,2021-01-22,2021-02-01,-0.0372511735907923,2021,2020-12-31,learned_vol_interaction,20260912,0.2931342483584557,0.2931342483584557,0,0
weekly_global_validated,2433,2021-01-29,2021-02-08,0.0278689901714626,2021,2020-12-31,learned_vol_interaction,20260912,0.4851476188516167,0.4851476188516167,0,1
weekly_global_validated,2438,2021-02-05,2021-02-22,0.0507379035040882,2021,2020-12-31,learned_vol_interaction,20260912,0.5455559755252699,0.5455559755252699,1,1
weekly_global_validated,2443,2021-02-19,2021-03-01,-0.0684918010685315,2021,2020-12-31,learned_vol_interaction,20260912,0.37201410439640853,0.37201410439640853,0,0
weekly_global_validated,2448,2021-02-26,2021-03-08,-0.0165997123904068,2021,2020-12-31,learned_vol_interaction,20260912,0.5647303221106473,0.5647303221106473,1,0
weekly_global_validated,2453,2021-03-05,2021-03-15,-0.0346560901469681,2021,2020-12-31,learned_vol_interaction,20260912,0.4925362885158211,0.4925362885158211,0,0
weekly_global_validated,2458,2021-03-12,2021-03-22,-0.0210550182560221,2021,2020-12-31,learned_vol_interaction,20260912,0.5001941106115585,0.5001941106115585,1,0
weekly_global_validated,2463,2021-03-19,2021-03-29,0.0087572877565691,2021,2020-12-31,learned_vol_interaction,20260912,0.4917119078225818,0.4917119078225818,0,1
weekly_global_validated,2468,2021-03-26,2021-04-06,0.0250145479448802,2021,2020-12-31,learned_vol_interaction,20260912,0.5754614207160266,0.5754614207160266,1,1
weekly_global_ungated,2418,2021-01-08,2021-01-18,-0.0120052904669853,2021,2020-12-31,learned_vol_interaction,20260912,0.49620713842529096,0.49620713842529096,0,0
weekly_global_ungated,2423,2021-01-15,2021-01-25,0.0231622460538123,2021,2020-12-31,learned_vol_interaction,20260912,0.30370534508378266,0.30370534508378266,0,1
weekly_global_ungated,2428,2021-01-22,2021-02-01,-0.0372511735907923,2021,2020-12-31,learned_vol_interaction,20260912,0.2931342483584557,0.2931342483584557,0,0
weekly_global_ungated,2433,2021-01-29,2021-02-08,0.0278689901714626,2021,2020-12-31,learned_vol_interaction,20260912,0.4851476188516167,0.4851476188516167,0,1
weekly_global_ungated,2438,2021-02-05,2021-02-22,0.0507379035040882,2021,2020-12-31,learned_vol_interaction,20260912,0.5455559755252699,0.5455559755252699,1,1
weekly_global_ungated,2443,2021-02-19,2021-03-01,-0.0684918010685315,2021,2020-12-31,learned_vol_interaction,20260912,0.37201410439640853,0.37201410439640853,0,0
weekly_global_ungated,2448,2021-02-26,2021-03-08,-0.0165997123904068,2021,2020-12-31,learned_vol_interaction,20260912,0.5647303221106473,0.5647303221106473,1,0
weekly_global_ungated,2453,2021-03-05,2021-03-15,-0.0346560901469681,2021,2020-12-31,learned_vol_interaction,20260912,0.4925362885158211,0.4925362885158211,0,0
weekly_global_ungated,2458,2021-03-12,2021-03-22,-0.0210550182560221,2021,2020-12-31,learned_vol_interaction,20260912,0.5001941106115585,0.5001941106115585,1,0
weekly_global_ungated,2463,2021-03-19,2021-03-29,0.0087572877565691,2021,2020-12-31,learned_vol_interaction,20260912,0.4917119078225818,0.4917119078225818,0,1
weekly_global_ungated,2468,2021-03-26,2021-04-06,0.0250145479448802,2021,2020-12-31,learned_vol_interaction,20260912,0.5754614207160266,0.5754614207160266,1,1
weekly_state_validated,2418,2021-01-08,2021-01-18,-0.0120052904669853,2021,2020-12-31,learned_order_extension,20260910,0.5330538496767134,0.5330538496767134,1,0
weekly_state_validated,2423,2021-01-15,2021-01-25,0.0231622460538123,2021,2020-12-31,learned_order_extension,20260910,0.479592338912861,0.479592338912861,0,1
weekly_state_validated,2428,2021-01-22,2021-02-01,-0.0372511735907923,2021,2020-12-31,learned_order_extension,20260910,0.3707727762571325,0.3707727762571325,0,0
weekly_state_validated,2433,2021-01-29,2021-02-08,0.0278689901714626,2021,2020-12-31,learned_order_extension,20260910,0.43176970986504826,0.43176970986504826,0,1
weekly_state_validated,2438,2021-02-05,2021-02-22,0.0507379035040882,2021,2020-12-31,learned_order_extension,20260910,0.41923333650784145,0.41923333650784145,0,1
weekly_state_validated,2443,2021-02-19,2021-03-01,-0.0684918010685315,2021,2020-12-31,learned_order_extension,20260910,0.47927687031403743,0.47927687031403743,0,0
weekly_state_validated,2448,2021-02-26,2021-03-08,-0.0165997123904068,2021,2020-12-31,learned_order_extension,20260910,0.4709068161644563,0.4709068161644563,0,0
weekly_state_validated,2453,2021-03-05,2021-03-15,-0.0346560901469681,2021,2020-12-31,learned_order_extension,20260910,0.45619563032762256,0.45619563032762256,0,0
weekly_state_validated,2458,2021-03-12,2021-03-22,-0.0210550182560221,2021,2020-12-31,learned_order_extension,20260910,0.47999849102949665,0.47999849102949665,0,0
weekly_state_validated,2463,2021-03-19,2021-03-29,0.0087572877565691,2021,2020-12-31,learned_order_extension,20260910,0.5898698686538169,0.5898698686538169,1,1
weekly_state_validated,2468,2021-03-26,2021-04-06,0.0250145479448802,2021,2020-12-31,learned_order_extension,20260910,0.5737573684172776,0.5737573684172776,1,1
weekly_state_ungated,2418,2021-01-08,2021-01-18,-0.0120052904669853,2021,2020-12-31,learned_order_extension,20260910,0.5330538496767134,0.5330538496767134,1,0
weekly_state_ungated,2423,2021-01-15,2021-01-25,0.0231622460538123,2021,2020-12-31,learned_order_extension,20260910,0.479592338912861,0.479592338912861,0,1
weekly_state_ungated,2428,2021-01-22,2021-02-01,-0.0372511735907923,2021,2020-12-31,learned_order_extension,20260910,0.3707727762571325,0.3707727762571325,0,0
weekly_state_ungated,2433,2021-01-29,2021-02-08,0.0278689901714626,2021,2020-12-31,learned_order_extension,20260910,0.43176970986504826,0.43176970986504826,0,1
weekly_state_ungated,2438,2021-02-05,2021-02-22,0.0507379035040882,2021,2020-12-31,learned_order_extension,20260910,0.41923333650784145,0.41923333650784145,0,1
weekly_state_ungated,2443,2021-02-19,2021-03-01,-0.0684918010685315,2021,2020-12-31,learned_order_extension,20260910,0.47927687031403743,0.47927687031403743,0,0
weekly_state_ungated,2448,2021-02-26,2021-03-08,-0.0165997123904068,2021,2020-12-31,learned_order_extension,20260910,0.4709068161644563,0.4709068161644563,0,0
weekly_state_ungated,2453,2021-03-05,2021-03-15,-0.0346560901469681,2021,2020-12-31,learned_order_extension,20260910,0.45619563032762256,0.45619563032762256,0,0
weekly_state_ungated,2458,2021-03-12,2021-03-22,-0.0210550182560221,2021,2020-12-31,learned_order_extension,20260910,0.47999849102949665,0.47999849102949665,0,0
weekly_state_ungated,2463,2021-03-19,2021-03-29,0.0087572877565691,2021,2020-12-31,learned_order_extension,20260910,0.5898698686538169,0.5898698686538169,1,1
weekly_state_ungated,2468,2021-03-26,2021-04-06,0.0250145479448802,2021,2020-12-31,learned_order_extension,20260910,0.5737573684172776,0.5737573684172776,1,1
weekly_global_validated,2418,2021-01-08,2021-01-18,-0.0120052904669853,2021,2020-12-31,learned_order_extension,20260910,0.5330538496767134,0.5330538496767134,1,0
weekly_global_validated,2423,2021-01-15,2021-01-25,0.0231622460538123,2021,2020-12-31,learned_order_extension,20260910,0.479592338912861,0.479592338912861,0,1
weekly_global_validated,2428,2021-01-22,2021-02-01,-0.0372511735907923,2021,2020-12-31,learned_order_extension,20260910,0.3707727762571325,0.3707727762571325,0,0
weekly_global_validated,2433,2021-01-29,2021-02-08,0.0278689901714626,2021,2020-12-31,learned_order_extension,20260910,0.43176970986504826,0.43176970986504826,0,1
weekly_global_validated,2438,2021-02-05,2021-02-22,0.0507379035040882,2021,2020-12-31,learned_order_extension,20260910,0.41923333650784145,0.41923333650784145,0,1
weekly_global_validated,2443,2021-02-19,2021-03-01,-0.0684918010685315,2021,2020-12-31,learned_order_extension,20260910,0.47927687031403743,0.47927687031403743,0,0
weekly_global_validated,2448,2021-02-26,2021-03-08,-0.0165997123904068,2021,2020-12-31,learned_order_extension,20260910,0.4709068161644563,0.4709068161644563,0,0
weekly_global_validated,2453,2021-03-05,2021-03-15,-0.0346560901469681,2021,2020-12-31,learned_order_extension,20260910,0.45619563032762256,0.45619563032762256,0,0
weekly_global_validated,2458,2021-03-12,2021-03-22,-0.0210550182560221,2021,2020-12-31,learned_order_extension,20260910,0.47999849102949665,0.47999849102949665,0,0
weekly_global_validated,2463,2021-03-19,2021-03-29,0.0087572877565691,2021,2020-12-31,learned_order_extension,20260910,0.5898698686538169,0.5898698686538169,1,1
weekly_global_validated,2468,2021-03-26,2021-04-06,0.0250145479448802,2021,2020-12-31,learned_order_extension,20260910,0.5737573684172776,0.5737573684172776,1,1
weekly_global_ungated,2418,2021-01-08,2021-01-18,-0.0120052904669853,2021,2020-12-31,learned_order_extension,20260910,0.5330538496767134,0.5330538496767134,1,0
weekly_global_ungated,2423,2021-01-15,2021-01-25,0.0231622460538123,2021,2020-12-31,learned_order_extension,20260910,0.479592338912861,0.479592338912861,0,1
weekly_global_ungated,2428,2021-01-22,2021-02-01,-0.0372511735907923,2021,2020-12-31,learned_order_extension,20260910,0.3707727762571325,0.3707727762571325,0,0
weekly_global_ungated,2433,2021-01-29,2021-02-08,0.0278689901714626,2021,2020-12-31,learned_order_extension,20260910,0.43176970986504826,0.43176970986504826,0,1
weekly_global_ungated,2438,2021-02-05,2021-02-22,0.0507379035040882,2021,2020-12-31,learned_order_extension,20260910,0.41923333650784145,0.41923333650784145,0,1
weekly_global_ungated,2443,2021-02-19,2021-03-01,-0.0684918010685315,2021,2020-12-31,learned_order_extension,20260910,0.47927687031403743,0.47927687031403743,0,0
weekly_global_ungated,2448,2021-02-26,2021-03-08,-0.0165997123904068,2021,2020-12-31,learned_order_extension,20260910,0.4709068161644563,0.4709068161644563,0,0
weekly_global_ungated,2453,2021-03-05,2021-03-15,-0.0346560901469681,2021,2020-12-31,learned_order_extension,20260910,0.45619563032762256,0.45619563032762256,0,0
weekly_global_ungated,2458,2021-03-12,2021-03-22,-0.0210550182560221,2021,2020-12-31,learned_order_extension,20260910,0.47999849102949665,0.47999849102949665,0,0
weekly_global_ungated,2463,2021-03-19,2021-03-29,0.0087572877565691,2021,2020-12-31,learned_order_extension,20260910,0.5898698686538169,0.5898698686538169,1,1
weekly_global_ungated,2468,2021-03-26,2021-04-06,0.0250145479448802,2021,2020-12-31,learned_order_extension,20260910,0.5737573684172776,0.5737573684172776,1,1
weekly_state_validated,2418,2021-01-08,2021-01-18,-0.0120052904669853,2021,2020-12-31,learned_order_extension,20260911,0.4707924056292956,0.4707924056292956,0,0
weekly_state_validated,2423,2021-01-15,2021-01-25,0.0231622460538123,2021,2020-12-31,learned_order_extension,20260911,0.30199104403875826,0.30199104403875826,0,1
weekly_state_validated,2428,2021-01-22,2021-02-01,-0.0372511735907923,2021,2020-12-31,learned_order_extension,20260911,0.4727671753713422,0.4727671753713422,0,0
weekly_state_validated,2433,2021-01-29,2021-02-08,0.0278689901714626,2021,2020-12-31,learned_order_extension,20260911,0.33076330033756096,0.33076330033756096,0,1
weekly_state_validated,2438,2021-02-05,2021-02-22,0.0507379035040882,2021,2020-12-31,learned_order_extension,20260911,0.5463864019131583,0.5463864019131583,1,1
weekly_state_validated,2443,2021-02-19,2021-03-01,-0.0684918010685315,2021,2020-12-31,learned_order_extension,20260911,0.423629668613555,0.423629668613555,0,0
weekly_state_validated,2448,2021-02-26,2021-03-08,-0.0165997123904068,2021,2020-12-31,learned_order_extension,20260911,0.4833188959367285,0.4833188959367285,0,0
weekly_state_validated,2453,2021-03-05,2021-03-15,-0.0346560901469681,2021,2020-12-31,learned_order_extension,20260911,0.3468677434509978,0.3468677434509978,0,0
weekly_state_validated,2458,2021-03-12,2021-03-22,-0.0210550182560221,2021,2020-12-31,learned_order_extension,20260911,0.2385842218483661,0.2385842218483661,0,0
weekly_state_validated,2463,2021-03-19,2021-03-29,0.0087572877565691,2021,2020-12-31,learned_order_extension,20260911,0.532998967015209,0.532998967015209,1,1
weekly_state_validated,2468,2021-03-26,2021-04-06,0.0250145479448802,2021,2020-12-31,learned_order_extension,20260911,0.48258967958160864,0.48258967958160864,0,1
weekly_state_ungated,2418,2021-01-08,2021-01-18,-0.0120052904669853,2021,2020-12-31,learned_order_extension,20260911,0.4707924056292956,0.4707924056292956,0,0
weekly_state_ungated,2423,2021-01-15,2021-01-25,0.0231622460538123,2021,2020-12-31,learned_order_extension,20260911,0.30199104403875826,0.30199104403875826,0,1
weekly_state_ungated,2428,2021-01-22,2021-02-01,-0.0372511735907923,2021,2020-12-31,learned_order_extension,20260911,0.4727671753713422,0.4727671753713422,0,0
weekly_state_ungated,2433,2021-01-29,2021-02-08,0.0278689901714626,2021,2020-12-31,learned_order_extension,20260911,0.33076330033756096,0.33076330033756096,0,1
weekly_state_ungated,2438,2021-02-05,2021-02-22,0.0507379035040882,2021,2020-12-31,learned_order_extension,20260911,0.5463864019131583,0.5463864019131583,1,1
weekly_state_ungated,2443,2021-02-19,2021-03-01,-0.0684918010685315,2021,2020-12-31,learned_order_extension,20260911,0.423629668613555,0.423629668613555,0,0
weekly_state_ungated,2448,2021-02-26,2021-03-08,-0.0165997123904068,2021,2020-12-31,learned_order_extension,20260911,0.4833188959367285,0.4833188959367285,0,0
weekly_state_ungated,2453,2021-03-05,2021-03-15,-0.0346560901469681,2021,2020-12-31,learned_order_extension,20260911,0.3468677434509978,0.3468677434509978,0,0
weekly_state_ungated,2458,2021-03-12,2021-03-22,-0.0210550182560221,2021,2020-12-31,learned_order_extension,20260911,0.2385842218483661,0.2385842218483661,0,0
weekly_state_ungated,2463,2021-03-19,2021-03-29,0.0087572877565691,2021,2020-12-31,learned_order_extension,20260911,0.532998967015209,0.532998967015209,1,1
weekly_state_ungated,2468,2021-03-26,2021-04-06,0.0250145479448802,2021,2020-12-31,learned_order_extension,20260911,0.48258967958160864,0.48258967958160864,0,1
weekly_global_validated,2418,2021-01-08,2021-01-18,-0.0120052904669853,2021,2020-12-31,learned_order_extension,20260911,0.4707924056292956,0.4707924056292956,0,0
weekly_global_validated,2423,2021-01-15,2021-01-25,0.0231622460538123,2021,2020-12-31,learned_order_extension,20260911,0.30199104403875826,0.30199104403875826,0,1
weekly_global_validated,2428,2021-01-22,2021-02-01,-0.0372511735907923,2021,2020-12-31,learned_order_extension,20260911,0.4727671753713422,0.4727671753713422,0,0
weekly_global_validated,2433,2021-01-29,2021-02-08,0.0278689901714626,2021,2020-12-31,learned_order_extension,20260911,0.33076330033756096,0.33076330033756096,0,1
weekly_global_validated,2438,2021-02-05,2021-02-22,0.0507379035040882,2021,2020-12-31,learned_order_extension,20260911,0.5463864019131583,0.5463864019131583,1,1
weekly_global_validated,2443,2021-02-19,2021-03-01,-0.0684918010685315,2021,2020-12-31,learned_order_extension,20260911,0.423629668613555,0.423629668613555,0,0
weekly_global_validated,2448,2021-02-26,2021-03-08,-0.0165997123904068,2021,2020-12-31,learned_order_extension,20260911,0.4833188959367285,0.4833188959367285,0,0
weekly_global_validated,2453,2021-03-05,2021-03-15,-0.0346560901469681,2021,2020-12-31,learned_order_extension,20260911,0.3468677434509978,0.3468677434509978,0,0
weekly_global_validated,2458,2021-03-12,2021-03-22,-0.0210550182560221,2021,2020-12-31,learned_order_extension,20260911,0.2385842218483661,0.2385842218483661,0,0
weekly_global_validated,2463,2021-03-19,2021-03-29,0.0087572877565691,2021,2020-12-31,learned_order_extension,20260911,0.532998967015209,0.532998967015209,1,1
weekly_global_validated,2468,2021-03-26,2021-04-06,0.0250145479448802,2021,2020-12-31,learned_order_extension,20260911,0.48258967958160864,0.48258967958160864,0,1
weekly_global_ungated,2418,2021-01-08,2021-01-18,-0.0120052904669853,2021,2020-12-31,learned_order_extension,20260911,0.4707924056292956,0.4707924056292956,0,0
weekly_global_ungated,2423,2021-01-15,2021-01-25,0.0231622460538123,2021,2020-12-31,learned_order_extension,20260911,0.30199104403875826,0.30199104403875826,0,1
weekly_global_ungated,2428,2021-01-22,2021-02-01,-0.0372511735907923,2021,2020-12-31,learned_order_extension,20260911,0.4727671753713422,0.4727671753713422,0,0
weekly_global_ungated,2433,2021-01-29,2021-02-08,0.0278689901714626,2021,2020-12-31,learned_order_extension,20260911,0.33076330033756096,0.33076330033756096,0,1
weekly_global_ungated,2438,2021-02-05,2021-02-22,0.0507379035040882,2021,2020-12-31,learned_order_extension,20260911,0.5463864019131583,0.5463864019131583,1,1
weekly_global_ungated,2443,2021-02-19,2021-03-01,-0.0684918010685315,2021,2020-12-31,learned_order_extension,20260911,0.423629668613555,0.423629668613555,0,0
weekly_global_ungated,2448,2021-02-26,2021-03-08,-0.0165997123904068,2021,2020-12-31,learned_order_extension,20260911,0.4833188959367285,0.4833188959367285,0,0
weekly_global_ungated,2453,2021-03-05,2021-03-15,-0.0346560901469681,2021,2020-12-31,learned_order_extension,20260911,0.3468677434509978,0.3468677434509978,0,0
weekly_global_ungated,2458,2021-03-12,2021-03-22,-0.0210550182560221,2021,2020-12-31,learned_order_extension,20260911,0.2385842218483661,0.2385842218483661,0,0
weekly_global_ungated,2463,2021-03-19,2021-03-29,0.0087572877565691,2021,2020-12-31,learned_order_extension,20260911,0.532998967015209,0.532998967015209,1,1
weekly_global_ungated,2468,2021-03-26,2021-04-06,0.0250145479448802,2021,2020-12-31,learned_order_extension,20260911,0.48258967958160864,0.48258967958160864,0,1
weekly_state_validated,2418,2021-01-08,2021-01-18,-0.0120052904669853,2021,2020-12-31,learned_order_extension,20260912,0.4980709373270918,0.4980709373270918,0,0
weekly_state_validated,2423,2021-01-15,2021-01-25,0.0231622460538123,2021,2020-12-31,learned_order_extension,20260912,0.3077801048995167,0.3077801048995167,0,1
weekly_state_validated,2428,2021-01-22,2021-02-01,-0.0372511735907923,2021,2020-12-31,learned_order_extension,20260912,0.2945790953929349,0.2945790953929349,0,0
weekly_state_validated,2433,2021-01-29,2021-02-08,0.0278689901714626,2021,2020-12-31,learned_order_extension,20260912,0.4869306132003812,0.4869306132003812,0,1
weekly_state_validated,2438,2021-02-05,2021-02-22,0.0507379035040882,2021,2020-12-31,learned_order_extension,20260912,0.5470942643821933,0.5470942643821933,1,1
weekly_state_validated,2443,2021-02-19,2021-03-01,-0.0684918010685315,2021,2020-12-31,learned_order_extension,20260912,0.37256373051610003,0.37256373051610003,0,0
weekly_state_validated,2448,2021-02-26,2021-03-08,-0.0165997123904068,2021,2020-12-31,learned_order_extension,20260912,0.5652884202407723,0.5652884202407723,1,0
weekly_state_validated,2453,2021-03-05,2021-03-15,-0.0346560901469681,2021,2020-12-31,learned_order_extension,20260912,0.4938099782773414,0.4938099782773414,0,0
weekly_state_validated,2458,2021-03-12,2021-03-22,-0.0210550182560221,2021,2020-12-31,learned_order_extension,20260912,0.5011342068332141,0.5011342068332141,1,0
weekly_state_validated,2463,2021-03-19,2021-03-29,0.0087572877565691,2021,2020-12-31,learned_order_extension,20260912,0.49318584601318854,0.49318584601318854,0,1
weekly_state_validated,2468,2021-03-26,2021-04-06,0.0250145479448802,2021,2020-12-31,learned_order_extension,20260912,0.5765372992952104,0.5765372992952104,1,1
weekly_state_ungated,2418,2021-01-08,2021-01-18,-0.0120052904669853,2021,2020-12-31,learned_order_extension,20260912,0.4980709373270918,0.4980709373270918,0,0
weekly_state_ungated,2423,2021-01-15,2021-01-25,0.0231622460538123,2021,2020-12-31,learned_order_extension,20260912,0.3077801048995167,0.3077801048995167,0,1
weekly_state_ungated,2428,2021-01-22,2021-02-01,-0.0372511735907923,2021,2020-12-31,learned_order_extension,20260912,0.2945790953929349,0.2945790953929349,0,0
weekly_state_ungated,2433,2021-01-29,2021-02-08,0.0278689901714626,2021,2020-12-31,learned_order_extension,20260912,0.4869306132003812,0.4869306132003812,0,1
weekly_state_ungated,2438,2021-02-05,2021-02-22,0.0507379035040882,2021,2020-12-31,learned_order_extension,20260912,0.5470942643821933,0.5470942643821933,1,1
weekly_state_ungated,2443,2021-02-19,2021-03-01,-0.0684918010685315,2021,2020-12-31,learned_order_extension,20260912,0.37256373051610003,0.37256373051610003,0,0
weekly_state_ungated,2448,2021-02-26,2021-03-08,-0.0165997123904068,2021,2020-12-31,learned_order_extension,20260912,0.5652884202407723,0.5652884202407723,1,0
weekly_state_ungated,2453,2021-03-05,2021-03-15,-0.0346560901469681,2021,2020-12-31,learned_order_extension,20260912,0.4938099782773414,0.4938099782773414,0,0
weekly_state_ungated,2458,2021-03-12,2021-03-22,-0.0210550182560221,2021,2020-12-31,learned_order_extension,20260912,0.5011342068332141,0.5011342068332141,1,0
weekly_state_ungated,2463,2021-03-19,2021-03-29,0.0087572877565691,2021,2020-12-31,learned_order_extension,20260912,0.49318584601318854,0.49318584601318854,0,1
weekly_state_ungated,2468,2021-03-26,2021-04-06,0.0250145479448802,2021,2020-12-31,learned_order_extension,20260912,0.5765372992952104,0.5765372992952104,1,1
weekly_global_validated,2418,2021-01-08,2021-01-18,-0.0120052904669853,2021,2020-12-31,learned_order_extension,20260912,0.4980709373270918,0.4980709373270918,0,0
weekly_global_validated,2423,2021-01-15,2021-01-25,0.0231622460538123,2021,2020-12-31,learned_order_extension,20260912,0.3077801048995167,0.3077801048995167,0,1
weekly_global_validated,2428,2021-01-22,2021-02-01,-0.0372511735907923,2021,2020-12-31,learned_order_extension,20260912,0.2945790953929349,0.2945790953929349,0,0
weekly_global_validated,2433,2021-01-29,2021-02-08,0.0278689901714626,2021,2020-12-31,learned_order_extension,20260912,0.4869306132003812,0.4869306132003812,0,1
weekly_global_validated,2438,2021-02-05,2021-02-22,0.0507379035040882,2021,2020-12-31,learned_order_extension,20260912,0.5470942643821933,0.5470942643821933,1,1
weekly_global_validated,2443,2021-02-19,2021-03-01,-0.0684918010685315,2021,2020-12-31,learned_order_extension,20260912,0.37256373051610003,0.37256373051610003,0,0
weekly_global_validated,2448,2021-02-26,2021-03-08,-0.0165997123904068,2021,2020-12-31,learned_order_extension,20260912,0.5652884202407723,0.5652884202407723,1,0
weekly_global_validated,2453,2021-03-05,2021-03-15,-0.0346560901469681,2021,2020-12-31,learned_order_extension,20260912,0.4938099782773414,0.4938099782773414,0,0
weekly_global_validated,2458,2021-03-12,2021-03-22,-0.0210550182560221,2021,2020-12-31,learned_order_extension,20260912,0.5011342068332141,0.5011342068332141,1,0
weekly_global_validated,2463,2021-03-19,2021-03-29,0.0087572877565691,2021,2020-12-31,learned_order_extension,20260912,0.49318584601318854,0.49318584601318854,0,1
weekly_global_validated,2468,2021-03-26,2021-04-06,0.0250145479448802,2021,2020-12-31,learned_order_extension,20260912,0.5765372992952104,0.5765372992952104,1,1
weekly_global_ungated,2418,2021-01-08,2021-01-18,-0.0120052904669853,2021,2020-12-31,learned_order_extension,20260912,0.4980709373270918,0.4980709373270918,0,0
weekly_global_ungated,2423,2021-01-15,2021-01-25,0.0231622460538123,2021,2020-12-31,learned_order_extension,20260912,0.3077801048995167,0.3077801048995167,0,1
weekly_global_ungated,2428,2021-01-22,2021-02-01,-0.0372511735907923,2021,2020-12-31,learned_order_extension,20260912,0.2945790953929349,0.2945790953929349,0,0
weekly_global_ungated,2433,2021-01-29,2021-02-08,0.0278689901714626,2021,2020-12-31,learned_order_extension,20260912,0.4869306132003812,0.4869306132003812,0,1
weekly_global_ungated,2438,2021-02-05,2021-02-22,0.0507379035040882,2021,2020-12-31,learned_order_extension,20260912,0.5470942643821933,0.5470942643821933,1,1
weekly_global_ungated,2443,2021-02-19,2021-03-01,-0.0684918010685315,2021,2020-12-31,learned_order_extension,20260912,0.37256373051610003,0.37256373051610003,0,0
weekly_global_ungated,2448,2021-02-26,2021-03-08,-0.0165997123904068,2021,2020-12-31,learned_order_extension,20260912,0.5652884202407723,0.5652884202407723,1,0
weekly_global_ungated,2453,2021-03-05,2021-03-15,-0.0346560901469681,2021,2020-12-31,learned_order_extension,20260912,0.4938099782773414,0.4938099782773414,0,0
weekly_global_ungated,2458,2021-03-12,2021-03-22,-0.0210550182560221,2021,2020-12-31,learned_order_extension,20260912,0.5011342068332141,0.5011342068332141,1,0
weekly_global_ungated,2463,2021-03-19,2021-03-29,0.0087572877565691,2021,2020-12-31,learned_order_extension,20260912,0.49318584601318854,0.49318584601318854,0,1
weekly_global_ungated,2468,2021-03-26,2021-04-06,0.0250145479448802,2021,2020-12-31,learned_order_extension,20260912,0.5765372992952104,0.5765372992952104,1,1
weekly_state_validated,2418,2021-01-08,2021-01-18,-0.0120052904669853,2021,2020-12-31,learned_order_offset,20260910,0.5336151486659025,0.5336151486659025,1,0
weekly_state_validated,2423,2021-01-15,2021-01-25,0.0231622460538123,2021,2020-12-31,learned_order_offset,20260910,0.48002913839274924,0.48002913839274924,0,1
weekly_state_validated,2428,2021-01-22,2021-02-01,-0.0372511735907923,2021,2020-12-31,learned_order_offset,20260910,0.37113237990157133,0.37113237990157133,0,0
weekly_state_validated,2433,2021-01-29,2021-02-08,0.0278689901714626,2021,2020-12-31,learned_order_offset,20260910,0.43182028534515077,0.43182028534515077,0,1
weekly_state_validated,2438,2021-02-05,2021-02-22,0.0507379035040882,2021,2020-12-31,learned_order_offset,20260910,0.4191495029175148,0.4191495029175148,0,1
weekly_state_validated,2443,2021-02-19,2021-03-01,-0.0684918010685315,2021,2020-12-31,learned_order_offset,20260910,0.479618495019198,0.479618495019198,0,0
weekly_state_validated,2448,2021-02-26,2021-03-08,-0.0165997123904068,2021,2020-12-31,learned_order_offset,20260910,0.47073396029682846,0.47073396029682846,0,0
weekly_state_validated,2453,2021-03-05,2021-03-15,-0.0346560901469681,2021,2020-12-31,learned_order_offset,20260910,0.4561872166710552,0.4561872166710552,0,0
weekly_state_validated,2458,2021-03-12,2021-03-22,-0.0210550182560221,2021,2020-12-31,learned_order_offset,20260910,0.48027551652013106,0.48027551652013106,0,0
weekly_state_validated,2463,2021-03-19,2021-03-29,0.0087572877565691,2021,2020-12-31,learned_order_offset,20260910,0.5905225656238325,0.5905225656238325,1,1
weekly_state_validated,2468,2021-03-26,2021-04-06,0.0250145479448802,2021,2020-12-31,learned_order_offset,20260910,0.5737282476957762,0.5737282476957762,1,1
weekly_state_ungated,2418,2021-01-08,2021-01-18,-0.0120052904669853,2021,2020-12-31,learned_order_offset,20260910,0.5336151486659025,0.5336151486659025,1,0
weekly_state_ungated,2423,2021-01-15,2021-01-25,0.0231622460538123,2021,2020-12-31,learned_order_offset,20260910,0.48002913839274924,0.48002913839274924,0,1
weekly_state_ungated,2428,2021-01-22,2021-02-01,-0.0372511735907923,2021,2020-12-31,learned_order_offset,20260910,0.37113237990157133,0.37113237990157133,0,0
weekly_state_ungated,2433,2021-01-29,2021-02-08,0.0278689901714626,2021,2020-12-31,learned_order_offset,20260910,0.43182028534515077,0.43182028534515077,0,1
weekly_state_ungated,2438,2021-02-05,2021-02-22,0.0507379035040882,2021,2020-12-31,learned_order_offset,20260910,0.4191495029175148,0.4191495029175148,0,1
weekly_state_ungated,2443,2021-02-19,2021-03-01,-0.0684918010685315,2021,2020-12-31,learned_order_offset,20260910,0.479618495019198,0.479618495019198,0,0
weekly_state_ungated,2448,2021-02-26,2021-03-08,-0.0165997123904068,2021,2020-12-31,learned_order_offset,20260910,0.47073396029682846,0.47073396029682846,0,0
weekly_state_ungated,2453,2021-03-05,2021-03-15,-0.0346560901469681,2021,2020-12-31,learned_order_offset,20260910,0.4561872166710552,0.4561872166710552,0,0
weekly_state_ungated,2458,2021-03-12,2021-03-22,-0.0210550182560221,2021,2020-12-31,learned_order_offset,20260910,0.48027551652013106,0.48027551652013106,0,0
weekly_state_ungated,2463,2021-03-19,2021-03-29,0.0087572877565691,2021,2020-12-31,learned_order_offset,20260910,0.5905225656238325,0.5905225656238325,1,1
weekly_state_ungated,2468,2021-03-26,2021-04-06,0.0250145479448802,2021,2020-12-31,learned_order_offset,20260910,0.5737282476957762,0.5737282476957762,1,1
weekly_global_validated,2418,2021-01-08,2021-01-18,-0.0120052904669853,2021,2020-12-31,learned_order_offset,20260910,0.5336151486659025,0.5336151486659025,1,0
weekly_global_validated,2423,2021-01-15,2021-01-25,0.0231622460538123,2021,2020-12-31,learned_order_offset,20260910,0.48002913839274924,0.48002913839274924,0,1
weekly_global_validated,2428,2021-01-22,2021-02-01,-0.0372511735907923,2021,2020-12-31,learned_order_offset,20260910,0.37113237990157133,0.37113237990157133,0,0
weekly_global_validated,2433,2021-01-29,2021-02-08,0.0278689901714626,2021,2020-12-31,learned_order_offset,20260910,0.43182028534515077,0.43182028534515077,0,1
weekly_global_validated,2438,2021-02-05,2021-02-22,0.0507379035040882,2021,2020-12-31,learned_order_offset,20260910,0.4191495029175148,0.4191495029175148,0,1
weekly_global_validated,2443,2021-02-19,2021-03-01,-0.0684918010685315,2021,2020-12-31,learned_order_offset,20260910,0.479618495019198,0.479618495019198,0,0
weekly_global_validated,2448,2021-02-26,2021-03-08,-0.0165997123904068,2021,2020-12-31,learned_order_offset,20260910,0.47073396029682846,0.47073396029682846,0,0
weekly_global_validated,2453,2021-03-05,2021-03-15,-0.0346560901469681,2021,2020-12-31,learned_order_offset,20260910,0.4561872166710552,0.4561872166710552,0,0
weekly_global_validated,2458,2021-03-12,2021-03-22,-0.0210550182560221,2021,2020-12-31,learned_order_offset,20260910,0.48027551652013106,0.48027551652013106,0,0
weekly_global_validated,2463,2021-03-19,2021-03-29,0.0087572877565691,2021,2020-12-31,learned_order_offset,20260910,0.5905225656238325,0.5905225656238325,1,1
weekly_global_validated,2468,2021-03-26,2021-04-06,0.0250145479448802,2021,2020-12-31,learned_order_offset,20260910,0.5737282476957762,0.5737282476957762,1,1
weekly_global_ungated,2418,2021-01-08,2021-01-18,-0.0120052904669853,2021,2020-12-31,learned_order_offset,20260910,0.5336151486659025,0.5336151486659025,1,0
weekly_global_ungated,2423,2021-01-15,2021-01-25,0.0231622460538123,2021,2020-12-31,learned_order_offset,20260910,0.48002913839274924,0.48002913839274924,0,1
weekly_global_ungated,2428,2021-01-22,2021-02-01,-0.0372511735907923,2021,2020-12-31,learned_order_offset,20260910,0.37113237990157133,0.37113237990157133,0,0
weekly_global_ungated,2433,2021-01-29,2021-02-08,0.0278689901714626,2021,2020-12-31,learned_order_offset,20260910,0.43182028534515077,0.43182028534515077,0,1
weekly_global_ungated,2438,2021-02-05,2021-02-22,0.0507379035040882,2021,2020-12-31,learned_order_offset,20260910,0.4191495029175148,0.4191495029175148,0,1
weekly_global_ungated,2443,2021-02-19,2021-03-01,-0.0684918010685315,2021,2020-12-31,learned_order_offset,20260910,0.479618495019198,0.479618495019198,0,0
weekly_global_ungated,2448,2021-02-26,2021-03-08,-0.0165997123904068,2021,2020-12-31,learned_order_offset,20260910,0.47073396029682846,0.47073396029682846,0,0
weekly_global_ungated,2453,2021-03-05,2021-03-15,-0.0346560901469681,2021,2020-12-31,learned_order_offset,20260910,0.4561872166710552,0.4561872166710552,0,0
weekly_global_ungated,2458,2021-03-12,2021-03-22,-0.0210550182560221,2021,2020-12-31,learned_order_offset,20260910,0.48027551652013106,0.48027551652013106,0,0
weekly_global_ungated,2463,2021-03-19,2021-03-29,0.0087572877565691,2021,2020-12-31,learned_order_offset,20260910,0.5905225656238325,0.5905225656238325,1,1
weekly_global_ungated,2468,2021-03-26,2021-04-06,0.0250145479448802,2021,2020-12-31,learned_order_offset,20260910,0.5737282476957762,0.5737282476957762,1,1
weekly_state_validated,2418,2021-01-08,2021-01-18,-0.0120052904669853,2021,2020-12-31,learned_order_offset,20260911,0.46966493933917947,0.46966493933917947,0,0
weekly_state_validated,2423,2021-01-15,2021-01-25,0.0231622460538123,2021,2020-12-31,learned_order_offset,20260911,0.30026263179565904,0.30026263179565904,0,1
weekly_state_validated,2428,2021-01-22,2021-02-01,-0.0372511735907923,2021,2020-12-31,learned_order_offset,20260911,0.47083079059127375,0.47083079059127375,0,0
weekly_state_validated,2433,2021-01-29,2021-02-08,0.0278689901714626,2021,2020-12-31,learned_order_offset,20260911,0.3308151678188049,0.3308151678188049,0,1
weekly_state_validated,2438,2021-02-05,2021-02-22,0.0507379035040882,2021,2020-12-31,learned_order_offset,20260911,0.5458888183275549,0.5458888183275549,1,1
weekly_state_validated,2443,2021-02-19,2021-03-01,-0.0684918010685315,2021,2020-12-31,learned_order_offset,20260911,0.4238553224614908,0.4238553224614908,0,0
weekly_state_validated,2448,2021-02-26,2021-03-08,-0.0165997123904068,2021,2020-12-31,learned_order_offset,20260911,0.4840844360242453,0.4840844360242453,0,0
weekly_state_validated,2453,2021-03-05,2021-03-15,-0.0346560901469681,2021,2020-12-31,learned_order_offset,20260911,0.34642186749779336,0.34642186749779336,0,0
weekly_state_validated,2458,2021-03-12,2021-03-22,-0.0210550182560221,2021,2020-12-31,learned_order_offset,20260911,0.23704081021871007,0.23704081021871007,0,0
weekly_state_validated,2463,2021-03-19,2021-03-29,0.0087572877565691,2021,2020-12-31,learned_order_offset,20260911,0.5312704874985703,0.5312704874985703,1,1
weekly_state_validated,2468,2021-03-26,2021-04-06,0.0250145479448802,2021,2020-12-31,learned_order_offset,20260911,0.48113132203479025,0.48113132203479025,0,1
weekly_state_ungated,2418,2021-01-08,2021-01-18,-0.0120052904669853,2021,2020-12-31,learned_order_offset,20260911,0.46966493933917947,0.46966493933917947,0,0
weekly_state_ungated,2423,2021-01-15,2021-01-25,0.0231622460538123,2021,2020-12-31,learned_order_offset,20260911,0.30026263179565904,0.30026263179565904,0,1
weekly_state_ungated,2428,2021-01-22,2021-02-01,-0.0372511735907923,2021,2020-12-31,learned_order_offset,20260911,0.47083079059127375,0.47083079059127375,0,0
weekly_state_ungated,2433,2021-01-29,2021-02-08,0.0278689901714626,2021,2020-12-31,learned_order_offset,20260911,0.3308151678188049,0.3308151678188049,0,1
weekly_state_ungated,2438,2021-02-05,2021-02-22,0.0507379035040882,2021,2020-12-31,learned_order_offset,20260911,0.5458888183275549,0.5458888183275549,1,1
weekly_state_ungated,2443,2021-02-19,2021-03-01,-0.0684918010685315,2021,2020-12-31,learned_order_offset,20260911,0.4238553224614908,0.4238553224614908,0,0
weekly_state_ungated,2448,2021-02-26,2021-03-08,-0.0165997123904068,2021,2020-12-31,learned_order_offset,20260911,0.4840844360242453,0.4840844360242453,0,0
weekly_state_ungated,2453,2021-03-05,2021-03-15,-0.0346560901469681,2021,2020-12-31,learned_order_offset,20260911,0.34642186749779336,0.34642186749779336,0,0
weekly_state_ungated,2458,2021-03-12,2021-03-22,-0.0210550182560221,2021,2020-12-31,learned_order_offset,20260911,0.23704081021871007,0.23704081021871007,0,0
weekly_state_ungated,2463,2021-03-19,2021-03-29,0.0087572877565691,2021,2020-12-31,learned_order_offset,20260911,0.5312704874985703,0.5312704874985703,1,1
weekly_state_ungated,2468,2021-03-26,2021-04-06,0.0250145479448802,2021,2020-12-31,learned_order_offset,20260911,0.48113132203479025,0.48113132203479025,0,1
weekly_global_validated,2418,2021-01-08,2021-01-18,-0.0120052904669853,2021,2020-12-31,learned_order_offset,20260911,0.46966493933917947,0.46966493933917947,0,0
weekly_global_validated,2423,2021-01-15,2021-01-25,0.0231622460538123,2021,2020-12-31,learned_order_offset,20260911,0.30026263179565904,0.30026263179565904,0,1
weekly_global_validated,2428,2021-01-22,2021-02-01,-0.0372511735907923,2021,2020-12-31,learned_order_offset,20260911,0.47083079059127375,0.47083079059127375,0,0
weekly_global_validated,2433,2021-01-29,2021-02-08,0.0278689901714626,2021,2020-12-31,learned_order_offset,20260911,0.3308151678188049,0.3308151678188049,0,1
weekly_global_validated,2438,2021-02-05,2021-02-22,0.0507379035040882,2021,2020-12-31,learned_order_offset,20260911,0.5458888183275549,0.5458888183275549,1,1
weekly_global_validated,2443,2021-02-19,2021-03-01,-0.0684918010685315,2021,2020-12-31,learned_order_offset,20260911,0.4238553224614908,0.4238553224614908,0,0
weekly_global_validated,2448,2021-02-26,2021-03-08,-0.0165997123904068,2021,2020-12-31,learned_order_offset,20260911,0.4840844360242453,0.4840844360242453,0,0
weekly_global_validated,2453,2021-03-05,2021-03-15,-0.0346560901469681,2021,2020-12-31,learned_order_offset,20260911,0.34642186749779336,0.34642186749779336,0,0
weekly_global_validated,2458,2021-03-12,2021-03-22,-0.0210550182560221,2021,2020-12-31,learned_order_offset,20260911,0.23704081021871007,0.23704081021871007,0,0
weekly_global_validated,2463,2021-03-19,2021-03-29,0.0087572877565691,2021,2020-12-31,learned_order_offset,20260911,0.5312704874985703,0.5312704874985703,1,1
weekly_global_validated,2468,2021-03-26,2021-04-06,0.0250145479448802,2021,2020-12-31,learned_order_offset,20260911,0.48113132203479025,0.48113132203479025,0,1
weekly_global_ungated,2418,2021-01-08,2021-01-18,-0.0120052904669853,2021,2020-12-31,learned_order_offset,20260911,0.46966493933917947,0.46966493933917947,0,0
weekly_global_ungated,2423,2021-01-15,2021-01-25,0.0231622460538123,2021,2020-12-31,learned_order_offset,20260911,0.30026263179565904,0.30026263179565904,0,1
weekly_global_ungated,2428,2021-01-22,2021-02-01,-0.0372511735907923,2021,2020-12-31,learned_order_offset,20260911,0.47083079059127375,0.47083079059127375,0,0
weekly_global_ungated,2433,2021-01-29,2021-02-08,0.0278689901714626,2021,2020-12-31,learned_order_offset,20260911,0.3308151678188049,0.3308151678188049,0,1
weekly_global_ungated,2438,2021-02-05,2021-02-22,0.0507379035040882,2021,2020-12-31,learned_order_offset,20260911,0.5458888183275549,0.5458888183275549,1,1
weekly_global_ungated,2443,2021-02-19,2021-03-01,-0.0684918010685315,2021,2020-12-31,learned_order_offset,20260911,0.4238553224614908,0.4238553224614908,0,0
weekly_global_ungated,2448,2021-02-26,2021-03-08,-0.0165997123904068,2021,2020-12-31,learned_order_offset,20260911,0.4840844360242453,0.4840844360242453,0,0
weekly_global_ungated,2453,2021-03-05,2021-03-15,-0.0346560901469681,2021,2020-12-31,learned_order_offset,20260911,0.34642186749779336,0.34642186749779336,0,0
weekly_global_ungated,2458,2021-03-12,2021-03-22,-0.0210550182560221,2021,2020-12-31,learned_order_offset,20260911,0.23704081021871007,0.23704081021871007,0,0
weekly_global_ungated,2463,2021-03-19,2021-03-29,0.0087572877565691,2021,2020-12-31,learned_order_offset,20260911,0.5312704874985703,0.5312704874985703,1,1
weekly_global_ungated,2468,2021-03-26,2021-04-06,0.0250145479448802,2021,2020-12-31,learned_order_offset,20260911,0.48113132203479025,0.48113132203479025,0,1
weekly_state_validated,2418,2021-01-08,2021-01-18,-0.0120052904669853,2021,2020-12-31,learned_order_offset,20260912,0.4978619856473434,0.4978619856473434,0,0
weekly_state_validated,2423,2021-01-15,2021-01-25,0.0231622460538123,2021,2020-12-31,learned_order_offset,20260912,0.30753172112864313,0.30753172112864313,0,1
weekly_state_validated,2428,2021-01-22,2021-02-01,-0.0372511735907923,2021,2020-12-31,learned_order_offset,20260912,0.29417599189344534,0.29417599189344534,0,0
weekly_state_validated,2433,2021-01-29,2021-02-08,0.0278689901714626,2021,2020-12-31,learned_order_offset,20260912,0.48673077860534075,0.48673077860534075,0,1
weekly_state_validated,2438,2021-02-05,2021-02-22,0.0507379035040882,2021,2020-12-31,learned_order_offset,20260912,0.5468628858044645,0.5468628858044645,1,1
weekly_state_validated,2443,2021-02-19,2021-03-01,-0.0684918010685315,2021,2020-12-31,learned_order_offset,20260912,0.37253784220409425,0.37253784220409425,0,0
weekly_state_validated,2448,2021-02-26,2021-03-08,-0.0165997123904068,2021,2020-12-31,learned_order_offset,20260912,0.5649799919042372,0.5649799919042372,1,0
weekly_state_validated,2453,2021-03-05,2021-03-15,-0.0346560901469681,2021,2020-12-31,learned_order_offset,20260912,0.49348358050186064,0.49348358050186064,0,0
weekly_state_validated,2458,2021-03-12,2021-03-22,-0.0210550182560221,2021,2020-12-31,learned_order_offset,20260912,0.500928953286114,0.500928953286114,1,0
weekly_state_validated,2463,2021-03-19,2021-03-29,0.0087572877565691,2021,2020-12-31,learned_order_offset,20260912,0.493170220106531,0.493170220106531,0,1
weekly_state_validated,2468,2021-03-26,2021-04-06,0.0250145479448802,2021,2020-12-31,learned_order_offset,20260912,0.5766144810517231,0.5766144810517231,1,1
weekly_state_ungated,2418,2021-01-08,2021-01-18,-0.0120052904669853,2021,2020-12-31,learned_order_offset,20260912,0.4978619856473434,0.4978619856473434,0,0
weekly_state_ungated,2423,2021-01-15,2021-01-25,0.0231622460538123,2021,2020-12-31,learned_order_offset,20260912,0.30753172112864313,0.30753172112864313,0,1
weekly_state_ungated,2428,2021-01-22,2021-02-01,-0.0372511735907923,2021,2020-12-31,learned_order_offset,20260912,0.29417599189344534,0.29417599189344534,0,0
weekly_state_ungated,2433,2021-01-29,2021-02-08,0.0278689901714626,2021,2020-12-31,learned_order_offset,20260912,0.48673077860534075,0.48673077860534075,0,1
weekly_state_ungated,2438,2021-02-05,2021-02-22,0.0507379035040882,2021,2020-12-31,learned_order_offset,20260912,0.5468628858044645,0.5468628858044645,1,1
weekly_state_ungated,2443,2021-02-19,2021-03-01,-0.0684918010685315,2021,2020-12-31,learned_order_offset,20260912,0.37253784220409425,0.37253784220409425,0,0
weekly_state_ungated,2448,2021-02-26,2021-03-08,-0.0165997123904068,2021,2020-12-31,learned_order_offset,20260912,0.5649799919042372,0.5649799919042372,1,0
weekly_state_ungated,2453,2021-03-05,2021-03-15,-0.0346560901469681,2021,2020-12-31,learned_order_offset,20260912,0.49348358050186064,0.49348358050186064,0,0
weekly_state_ungated,2458,2021-03-12,2021-03-22,-0.0210550182560221,2021,2020-12-31,learned_order_offset,20260912,0.500928953286114,0.500928953286114,1,0
weekly_state_ungated,2463,2021-03-19,2021-03-29,0.0087572877565691,2021,2020-12-31,learned_order_offset,20260912,0.493170220106531,0.493170220106531,0,1
weekly_state_ungated,2468,2021-03-26,2021-04-06,0.0250145479448802,2021,2020-12-31,learned_order_offset,20260912,0.5766144810517231,0.5766144810517231,1,1
weekly_global_validated,2418,2021-01-08,2021-01-18,-0.0120052904669853,2021,2020-12-31,learned_order_offset,20260912,0.4978619856473434,0.4978619856473434,0,0
weekly_global_validated,2423,2021-01-15,2021-01-25,0.0231622460538123,2021,2020-12-31,learned_order_offset,20260912,0.30753172112864313,0.30753172112864313,0,1
weekly_global_validated,2428,2021-01-22,2021-02-01,-0.0372511735907923,2021,2020-12-31,learned_order_offset,20260912,0.29417599189344534,0.29417599189344534,0,0
weekly_global_validated,2433,2021-01-29,2021-02-08,0.0278689901714626,2021,2020-12-31,learned_order_offset,20260912,0.48673077860534075,0.48673077860534075,0,1
weekly_global_validated,2438,2021-02-05,2021-02-22,0.0507379035040882,2021,2020-12-31,learned_order_offset,20260912,0.5468628858044645,0.5468628858044645,1,1
weekly_global_validated,2443,2021-02-19,2021-03-01,-0.0684918010685315,2021,2020-12-31,learned_order_offset,20260912,0.37253784220409425,0.37253784220409425,0,0
weekly_global_validated,2448,2021-02-26,2021-03-08,-0.0165997123904068,2021,2020-12-31,learned_order_offset,20260912,0.5649799919042372,0.5649799919042372,1,0
weekly_global_validated,2453,2021-03-05,2021-03-15,-0.0346560901469681,2021,2020-12-31,learned_order_offset,20260912,0.49348358050186064,0.49348358050186064,0,0
weekly_global_validated,2458,2021-03-12,2021-03-22,-0.0210550182560221,2021,2020-12-31,learned_order_offset,20260912,0.500928953286114,0.500928953286114,1,0
weekly_global_validated,2463,2021-03-19,2021-03-29,0.0087572877565691,2021,2020-12-31,learned_order_offset,20260912,0.493170220106531,0.493170220106531,0,1
weekly_global_validated,2468,2021-03-26,2021-04-06,0.0250145479448802,2021,2020-12-31,learned_order_offset,20260912,0.5766144810517231,0.5766144810517231,1,1
weekly_global_ungated,2418,2021-01-08,2021-01-18,-0.0120052904669853,2021,2020-12-31,learned_order_offset,20260912,0.4978619856473434,0.4978619856473434,0,0
weekly_global_ungated,2423,2021-01-15,2021-01-25,0.0231622460538123,2021,2020-12-31,learned_order_offset,20260912,0.30753172112864313,0.30753172112864313,0,1
weekly_global_ungated,2428,2021-01-22,2021-02-01,-0.0372511735907923,2021,2020-12-31,learned_order_offset,20260912,0.29417599189344534,0.29417599189344534,0,0
weekly_global_ungated,2433,2021-01-29,2021-02-08,0.0278689901714626,2021,2020-12-31,learned_order_offset,20260912,0.48673077860534075,0.48673077860534075,0,1
weekly_global_ungated,2438,2021-02-05,2021-02-22,0.0507379035040882,2021,2020-12-31,learned_order_offset,20260912,0.5468628858044645,0.5468628858044645,1,1
weekly_global_ungated,2443,2021-02-19,2021-03-01,-0.0684918010685315,2021,2020-12-31,learned_order_offset,20260912,0.37253784220409425,0.37253784220409425,0,0
weekly_global_ungated,2448,2021-02-26,2021-03-08,-0.0165997123904068,2021,2020-12-31,learned_order_offset,20260912,0.5649799919042372,0.5649799919042372,1,0
weekly_global_ungated,2453,2021-03-05,2021-03-15,-0.0346560901469681,2021,2020-12-31,learned_order_offset,20260912,0.49348358050186064,0.49348358050186064,0,0
weekly_global_ungated,2458,2021-03-12,2021-03-22,-0.0210550182560221,2021,2020-12-31,learned_order_offset,20260912,0.500928953286114,0.500928953286114,1,0
weekly_global_ungated,2463,2021-03-19,2021-03-29,0.0087572877565691,2021,2020-12-31,learned_order_offset,20260912,0.493170220106531,0.493170220106531,0,1
weekly_global_ungated,2468,2021-03-26,2021-04-06,0.0250145479448802,2021,2020-12-31,learned_order_offset,20260912,0.5766144810517231,0.5766144810517231,1,1
weekly_state_validated,2473,2021-04-02,2021-04-12,-0.0292856811827044,2021,2021-03-31,learned_market,20260910,0.5183679897795258,0.5183679897795258,1,0
weekly_state_validated,2477,2021-04-09,2021-04-19,-0.0120489836840408,2021,2021-03-31,learned_market,20260910,0.6850249402938339,0.6850249402938339,1,0
weekly_state_validated,2482,2021-04-16,2021-04-26,0.0382932540809155,2021,2021-03-31,learned_market,20260910,0.609924220475271,0.609924220475271,1,1
weekly_state_validated,2487,2021-04-23,2021-05-06,-0.0112070185917437,2021,2021-03-31,learned_market,20260910,0.6788658728472401,0.6788658728472401,1,0
weekly_state_validated,2492,2021-04-30,2021-05-12,-0.0190946889464188,2021,2021-03-31,learned_market,20260910,0.6869387015648898,0.6869387015648898,1,0
weekly_state_validated,2494,2021-05-07,2021-05-17,0.0227674429764228,2021,2021-03-31,learned_market,20260910,0.707143295820497,0.707143295820497,1,1
weekly_state_validated,2499,2021-05-14,2021-05-24,0.0045940519733895,2021,2021-03-31,learned_market,20260910,0.6297830216175037,0.6297830216175037,1,1
weekly_state_validated,2504,2021-05-21,2021-05-31,0.0348855085126711,2021,2021-03-31,learned_market,20260910,0.6135561076345685,0.6135561076345685,1,1
weekly_state_validated,2509,2021-05-28,2021-06-07,-0.0062409741861724,2021,2021-03-31,learned_market,20260910,0.5954545940650008,0.5954545940650008,1,0
weekly_state_validated,2514,2021-06-04,2021-06-15,-0.0125508761771767,2021,2021-03-31,learned_market,20260910,0.5021950734156202,0.5021950734156202,1,0
weekly_state_validated,2519,2021-06-11,2021-06-21,-0.0250011497424577,2021,2021-03-31,learned_market,20260910,0.35343278398049977,0.35343278398049977,0,0
weekly_state_validated,2523,2021-06-18,2021-06-28,0.0325308711127356,2021,2021-03-31,learned_market,20260910,0.3221586033468014,0.3221586033468014,0,1
weekly_state_validated,2528,2021-06-25,2021-07-05,-0.0342297962734196,2021,2021-03-31,learned_market,20260910,0.4336393441432385,0.4336393441432385,0,0
weekly_state_ungated,2473,2021-04-02,2021-04-12,-0.0292856811827044,2021,2021-03-31,learned_market,20260910,0.5183679897795258,0.5183679897795258,1,0
weekly_state_ungated,2477,2021-04-09,2021-04-19,-0.0120489836840408,2021,2021-03-31,learned_market,20260910,0.6850249402938339,0.6850249402938339,1,0
weekly_state_ungated,2482,2021-04-16,2021-04-26,0.0382932540809155,2021,2021-03-31,learned_market,20260910,0.609924220475271,0.609924220475271,1,1
weekly_state_ungated,2487,2021-04-23,2021-05-06,-0.0112070185917437,2021,2021-03-31,learned_market,20260910,0.6788658728472401,0.6788658728472401,1,0
weekly_state_ungated,2492,2021-04-30,2021-05-12,-0.0190946889464188,2021,2021-03-31,learned_market,20260910,0.6869387015648898,0.6869387015648898,1,0
weekly_state_ungated,2494,2021-05-07,2021-05-17,0.0227674429764228,2021,2021-03-31,learned_market,20260910,0.707143295820497,0.707143295820497,1,1
weekly_state_ungated,2499,2021-05-14,2021-05-24,0.0045940519733895,2021,2021-03-31,learned_market,20260910,0.6297830216175037,0.6297830216175037,1,1
weekly_state_ungated,2504,2021-05-21,2021-05-31,0.0348855085126711,2021,2021-03-31,learned_market,20260910,0.6135561076345685,0.6135561076345685,1,1
weekly_state_ungated,2509,2021-05-28,2021-06-07,-0.0062409741861724,2021,2021-03-31,learned_market,20260910,0.5954545940650008,0.5954545940650008,1,0
weekly_state_ungated,2514,2021-06-04,2021-06-15,-0.0125508761771767,2021,2021-03-31,learned_market,20260910,0.5021950734156202,0.5021950734156202,1,0
weekly_state_ungated,2519,2021-06-11,2021-06-21,-0.0250011497424577,2021,2021-03-31,learned_market,20260910,0.35343278398049977,0.35343278398049977,0,0
weekly_state_ungated,2523,2021-06-18,2021-06-28,0.0325308711127356,2021,2021-03-31,learned_market,20260910,0.3221586033468014,0.3221586033468014,0,1
weekly_state_ungated,2528,2021-06-25,2021-07-05,-0.0342297962734196,2021,2021-03-31,learned_market,20260910,0.4336393441432385,0.4336393441432385,0,0
weekly_global_validated,2473,2021-04-02,2021-04-12,-0.0292856811827044,2021,2021-03-31,learned_market,20260910,0.5183679897795258,0.5183679897795258,1,0
weekly_global_validated,2477,2021-04-09,2021-04-19,-0.0120489836840408,2021,2021-03-31,learned_market,20260910,0.6850249402938339,0.6850249402938339,1,0
weekly_global_validated,2482,2021-04-16,2021-04-26,0.0382932540809155,2021,2021-03-31,learned_market,20260910,0.609924220475271,0.609924220475271,1,1
weekly_global_validated,2487,2021-04-23,2021-05-06,-0.0112070185917437,2021,2021-03-31,learned_market,20260910,0.6788658728472401,0.6788658728472401,1,0
weekly_global_validated,2492,2021-04-30,2021-05-12,-0.0190946889464188,2021,2021-03-31,learned_market,20260910,0.6869387015648898,0.6869387015648898,1,0
weekly_global_validated,2494,2021-05-07,2021-05-17,0.0227674429764228,2021,2021-03-31,learned_market,20260910,0.707143295820497,0.707143295820497,1,1
weekly_global_validated,2499,2021-05-14,2021-05-24,0.0045940519733895,2021,2021-03-31,learned_market,20260910,0.6297830216175037,0.6297830216175037,1,1
weekly_global_validated,2504,2021-05-21,2021-05-31,0.0348855085126711,2021,2021-03-31,learned_market,20260910,0.6135561076345685,0.6135561076345685,1,1
weekly_global_validated,2509,2021-05-28,2021-06-07,-0.0062409741861724,2021,2021-03-31,learned_market,20260910,0.5954545940650008,0.5954545940650008,1,0
weekly_global_validated,2514,2021-06-04,2021-06-15,-0.0125508761771767,2021,2021-03-31,learned_market,20260910,0.5021950734156202,0.5021950734156202,1,0
weekly_global_validated,2519,2021-06-11,2021-06-21,-0.0250011497424577,2021,2021-03-31,learned_market,20260910,0.35343278398049977,0.35343278398049977,0,0
weekly_global_validated,2523,2021-06-18,2021-06-28,0.0325308711127356,2021,2021-03-31,learned_market,20260910,0.3221586033468014,0.3221586033468014,0,1
weekly_global_validated,2528,2021-06-25,2021-07-05,-0.0342297962734196,2021,2021-03-31,learned_market,20260910,0.4336393441432385,0.4336393441432385,0,0
weekly_global_ungated,2473,2021-04-02,2021-04-12,-0.0292856811827044,2021,2021-03-31,learned_market,20260910,0.5183679897795258,0.5183679897795258,1,0
weekly_global_ungated,2477,2021-04-09,2021-04-19,-0.0120489836840408,2021,2021-03-31,learned_market,20260910,0.6850249402938339,0.6850249402938339,1,0
weekly_global_ungated,2482,2021-04-16,2021-04-26,0.0382932540809155,2021,2021-03-31,learned_market,20260910,0.609924220475271,0.609924220475271,1,1
weekly_global_ungated,2487,2021-04-23,2021-05-06,-0.0112070185917437,2021,2021-03-31,learned_market,20260910,0.6788658728472401,0.6788658728472401,1,0
weekly_global_ungated,2492,2021-04-30,2021-05-12,-0.0190946889464188,2021,2021-03-31,learned_market,20260910,0.6869387015648898,0.6869387015648898,1,0
weekly_global_ungated,2494,2021-05-07,2021-05-17,0.0227674429764228,2021,2021-03-31,learned_market,20260910,0.707143295820497,0.707143295820497,1,1
weekly_global_ungated,2499,2021-05-14,2021-05-24,0.0045940519733895,2021,2021-03-31,learned_market,20260910,0.6297830216175037,0.6297830216175037,1,1
weekly_global_ungated,2504,2021-05-21,2021-05-31,0.0348855085126711,2021,2021-03-31,learned_market,20260910,0.6135561076345685,0.6135561076345685,1,1
weekly_global_ungated,2509,2021-05-28,2021-06-07,-0.0062409741861724,2021,2021-03-31,learned_market,20260910,0.5954545940650008,0.5954545940650008,1,0
weekly_global_ungated,2514,2021-06-04,2021-06-15,-0.0125508761771767,2021,2021-03-31,learned_market,20260910,0.5021950734156202,0.5021950734156202,1,0
weekly_global_ungated,2519,2021-06-11,2021-06-21,-0.0250011497424577,2021,2021-03-31,learned_market,20260910,0.35343278398049977,0.35343278398049977,0,0
weekly_global_ungated,2523,2021-06-18,2021-06-28,0.0325308711127356,2021,2021-03-31,learned_market,20260910,0.3221586033468014,0.3221586033468014,0,1
weekly_global_ungated,2528,2021-06-25,2021-07-05,-0.0342297962734196,2021,2021-03-31,learned_market,20260910,0.4336393441432385,0.4336393441432385,0,0
weekly_state_validated,2473,2021-04-02,2021-04-12,-0.0292856811827044,2021,2021-03-31,learned_market,20260911,0.6284072500994273,0.6284072500994273,1,0
weekly_state_validated,2477,2021-04-09,2021-04-19,-0.0120489836840408,2021,2021-03-31,learned_market,20260911,0.5279187640170273,0.5279187640170273,1,0
weekly_state_validated,2482,2021-04-16,2021-04-26,0.0382932540809155,2021,2021-03-31,learned_market,20260911,0.4865076820291842,0.4865076820291842,0,1
weekly_state_validated,2487,2021-04-23,2021-05-06,-0.0112070185917437,2021,2021-03-31,learned_market,20260911,0.5300805747669529,0.5300805747669529,1,0
weekly_state_validated,2492,2021-04-30,2021-05-12,-0.0190946889464188,2021,2021-03-31,learned_market,20260911,0.6951452745996383,0.6951452745996383,1,0
weekly_state_validated,2494,2021-05-07,2021-05-17,0.0227674429764228,2021,2021-03-31,learned_market,20260911,0.7605988126578928,0.7605988126578928,1,1
weekly_state_validated,2499,2021-05-14,2021-05-24,0.0045940519733895,2021,2021-03-31,learned_market,20260911,0.431899455562366,0.431899455562366,0,1
weekly_state_validated,2504,2021-05-21,2021-05-31,0.0348855085126711,2021,2021-03-31,learned_market,20260911,0.6176291390559848,0.6176291390559848,1,1
weekly_state_validated,2509,2021-05-28,2021-06-07,-0.0062409741861724,2021,2021-03-31,learned_market,20260911,0.5529696066128726,0.5529696066128726,1,0
weekly_state_validated,2514,2021-06-04,2021-06-15,-0.0125508761771767,2021,2021-03-31,learned_market,20260911,0.43021338956165145,0.43021338956165145,0,0
weekly_state_validated,2519,2021-06-11,2021-06-21,-0.0250011497424577,2021,2021-03-31,learned_market,20260911,0.23588261601608784,0.23588261601608784,0,0
weekly_state_validated,2523,2021-06-18,2021-06-28,0.0325308711127356,2021,2021-03-31,learned_market,20260911,0.4400528193036787,0.4400528193036787,0,1
weekly_state_validated,2528,2021-06-25,2021-07-05,-0.0342297962734196,2021,2021-03-31,learned_market,20260911,0.398327544114051,0.398327544114051,0,0
weekly_state_ungated,2473,2021-04-02,2021-04-12,-0.0292856811827044,2021,2021-03-31,learned_market,20260911,0.6284072500994273,0.6284072500994273,1,0
weekly_state_ungated,2477,2021-04-09,2021-04-19,-0.0120489836840408,2021,2021-03-31,learned_market,20260911,0.5279187640170273,0.5279187640170273,1,0
weekly_state_ungated,2482,2021-04-16,2021-04-26,0.0382932540809155,2021,2021-03-31,learned_market,20260911,0.4865076820291842,0.4865076820291842,0,1
weekly_state_ungated,2487,2021-04-23,2021-05-06,-0.0112070185917437,2021,2021-03-31,learned_market,20260911,0.5300805747669529,0.5300805747669529,1,0
weekly_state_ungated,2492,2021-04-30,2021-05-12,-0.0190946889464188,2021,2021-03-31,learned_market,20260911,0.6951452745996383,0.6951452745996383,1,0
weekly_state_ungated,2494,2021-05-07,2021-05-17,0.0227674429764228,2021,2021-03-31,learned_market,20260911,0.7605988126578928,0.7605988126578928,1,1
weekly_state_ungated,2499,2021-05-14,2021-05-24,0.0045940519733895,2021,2021-03-31,learned_market,20260911,0.431899455562366,0.431899455562366,0,1
weekly_state_ungated,2504,2021-05-21,2021-05-31,0.0348855085126711,2021,2021-03-31,learned_market,20260911,0.6176291390559848,0.6176291390559848,1,1
weekly_state_ungated,2509,2021-05-28,2021-06-07,-0.0062409741861724,2021,2021-03-31,learned_market,20260911,0.5529696066128726,0.5529696066128726,1,0
weekly_state_ungated,2514,2021-06-04,2021-06-15,-0.0125508761771767,2021,2021-03-31,learned_market,20260911,0.43021338956165145,0.43021338956165145,0,0
weekly_state_ungated,2519,2021-06-11,2021-06-21,-0.0250011497424577,2021,2021-03-31,learned_market,20260911,0.23588261601608784,0.23588261601608784,0,0
weekly_state_ungated,2523,2021-06-18,2021-06-28,0.0325308711127356,2021,2021-03-31,learned_market,20260911,0.4400528193036787,0.4400528193036787,0,1
weekly_state_ungated,2528,2021-06-25,2021-07-05,-0.0342297962734196,2021,2021-03-31,learned_market,20260911,0.398327544114051,0.398327544114051,0,0
weekly_global_validated,2473,2021-04-02,2021-04-12,-0.0292856811827044,2021,2021-03-31,learned_market,20260911,0.6284072500994273,0.6284072500994273,1,0
weekly_global_validated,2477,2021-04-09,2021-04-19,-0.0120489836840408,2021,2021-03-31,learned_market,20260911,0.5279187640170273,0.5279187640170273,1,0
weekly_global_validated,2482,2021-04-16,2021-04-26,0.0382932540809155,2021,2021-03-31,learned_market,20260911,0.4865076820291842,0.4865076820291842,0,1
weekly_global_validated,2487,2021-04-23,2021-05-06,-0.0112070185917437,2021,2021-03-31,learned_market,20260911,0.5300805747669529,0.5300805747669529,1,0
weekly_global_validated,2492,2021-04-30,2021-05-12,-0.0190946889464188,2021,2021-03-31,learned_market,20260911,0.6951452745996383,0.6951452745996383,1,0
weekly_global_validated,2494,2021-05-07,2021-05-17,0.0227674429764228,2021,2021-03-31,learned_market,20260911,0.7605988126578928,0.7605988126578928,1,1
weekly_global_validated,2499,2021-05-14,2021-05-24,0.0045940519733895,2021,2021-03-31,learned_market,20260911,0.431899455562366,0.431899455562366,0,1
weekly_global_validated,2504,2021-05-21,2021-05-31,0.0348855085126711,2021,2021-03-31,learned_market,20260911,0.6176291390559848,0.6176291390559848,1,1
weekly_global_validated,2509,2021-05-28,2021-06-07,-0.0062409741861724,2021,2021-03-31,learned_market,20260911,0.5529696066128726,0.5529696066128726,1,0
weekly_global_validated,2514,2021-06-04,2021-06-15,-0.0125508761771767,2021,2021-03-31,learned_market,20260911,0.43021338956165145,0.43021338956165145,0,0
weekly_global_validated,2519,2021-06-11,2021-06-21,-0.0250011497424577,2021,2021-03-31,learned_market,20260911,0.23588261601608784,0.23588261601608784,0,0
weekly_global_validated,2523,2021-06-18,2021-06-28,0.0325308711127356,2021,2021-03-31,learned_market,20260911,0.4400528193036787,0.4400528193036787,0,1
weekly_global_validated,2528,2021-06-25,2021-07-05,-0.0342297962734196,2021,2021-03-31,learned_market,20260911,0.398327544114051,0.398327544114051,0,0
weekly_global_ungated,2473,2021-04-02,2021-04-12,-0.0292856811827044,2021,2021-03-31,learned_market,20260911,0.6284072500994273,0.6284072500994273,1,0
weekly_global_ungated,2477,2021-04-09,2021-04-19,-0.0120489836840408,2021,2021-03-31,learned_market,20260911,0.5279187640170273,0.5279187640170273,1,0
weekly_global_ungated,2482,2021-04-16,2021-04-26,0.0382932540809155,2021,2021-03-31,learned_market,20260911,0.4865076820291842,0.4865076820291842,0,1
weekly_global_ungated,2487,2021-04-23,2021-05-06,-0.0112070185917437,2021,2021-03-31,learned_market,20260911,0.5300805747669529,0.5300805747669529,1,0
weekly_global_ungated,2492,2021-04-30,2021-05-12,-0.0190946889464188,2021,2021-03-31,learned_market,20260911,0.6951452745996383,0.6951452745996383,1,0
weekly_global_ungated,2494,2021-05-07,2021-05-17,0.0227674429764228,2021,2021-03-31,learned_market,20260911,0.7605988126578928,0.7605988126578928,1,1
weekly_global_ungated,2499,2021-05-14,2021-05-24,0.0045940519733895,2021,2021-03-31,learned_market,20260911,0.431899455562366,0.431899455562366,0,1
weekly_global_ungated,2504,2021-05-21,2021-05-31,0.0348855085126711,2021,2021-03-31,learned_market,20260911,0.6176291390559848,0.6176291390559848,1,1
weekly_global_ungated,2509,2021-05-28,2021-06-07,-0.0062409741861724,2021,2021-03-31,learned_market,20260911,0.5529696066128726,0.5529696066128726,1,0
weekly_global_ungated,2514,2021-06-04,2021-06-15,-0.0125508761771767,2021,2021-03-31,learned_market,20260911,0.43021338956165145,0.43021338956165145,0,0
weekly_global_ungated,2519,2021-06-11,2021-06-21,-0.0250011497424577,2021,2021-03-31,learned_market,20260911,0.23588261601608784,0.23588261601608784,0,0
weekly_global_ungated,2523,2021-06-18,2021-06-28,0.0325308711127356,2021,2021-03-31,learned_market,20260911,0.4400528193036787,0.4400528193036787,0,1
weekly_global_ungated,2528,2021-06-25,2021-07-05,-0.0342297962734196,2021,2021-03-31,learned_market,20260911,0.398327544114051,0.398327544114051,0,0
weekly_state_validated,2473,2021-04-02,2021-04-12,-0.0292856811827044,2021,2021-03-31,learned_market,20260912,0.56297665502886,0.56297665502886,1,0
weekly_state_validated,2477,2021-04-09,2021-04-19,-0.0120489836840408,2021,2021-03-31,learned_market,20260912,0.6833728945724409,0.6833728945724409,1,0
weekly_state_validated,2482,2021-04-16,2021-04-26,0.0382932540809155,2021,2021-03-31,learned_market,20260912,0.6069844199651692,0.6069844199651692,1,1
weekly_state_validated,2487,2021-04-23,2021-05-06,-0.0112070185917437,2021,2021-03-31,learned_market,20260912,0.6957153692040717,0.6957153692040717,1,0
weekly_state_validated,2492,2021-04-30,2021-05-12,-0.0190946889464188,2021,2021-03-31,learned_market,20260912,0.49572812581073494,0.49572812581073494,0,0
weekly_state_validated,2494,2021-05-07,2021-05-17,0.0227674429764228,2021,2021-03-31,learned_market,20260912,0.5923668300862341,0.5923668300862341,1,1
weekly_state_validated,2499,2021-05-14,2021-05-24,0.0045940519733895,2021,2021-03-31,learned_market,20260912,0.5283594579480488,0.5283594579480488,1,1
weekly_state_validated,2504,2021-05-21,2021-05-31,0.0348855085126711,2021,2021-03-31,learned_market,20260912,0.6202700684440092,0.6202700684440092,1,1
weekly_state_validated,2509,2021-05-28,2021-06-07,-0.0062409741861724,2021,2021-03-31,learned_market,20260912,0.5014076959249572,0.5014076959249572,1,0
weekly_state_validated,2514,2021-06-04,2021-06-15,-0.0125508761771767,2021,2021-03-31,learned_market,20260912,0.32971545266050545,0.32971545266050545,0,0
weekly_state_validated,2519,2021-06-11,2021-06-21,-0.0250011497424577,2021,2021-03-31,learned_market,20260912,0.4358470115181578,0.4358470115181578,0,0
weekly_state_validated,2523,2021-06-18,2021-06-28,0.0325308711127356,2021,2021-03-31,learned_market,20260912,0.39660974147357,0.39660974147357,0,1
weekly_state_validated,2528,2021-06-25,2021-07-05,-0.0342297962734196,2021,2021-03-31,learned_market,20260912,0.2996275446219084,0.2996275446219084,0,0
weekly_state_ungated,2473,2021-04-02,2021-04-12,-0.0292856811827044,2021,2021-03-31,learned_market,20260912,0.56297665502886,0.56297665502886,1,0
weekly_state_ungated,2477,2021-04-09,2021-04-19,-0.0120489836840408,2021,2021-03-31,learned_market,20260912,0.6833728945724409,0.6833728945724409,1,0
weekly_state_ungated,2482,2021-04-16,2021-04-26,0.0382932540809155,2021,2021-03-31,learned_market,20260912,0.6069844199651692,0.6069844199651692,1,1
weekly_state_ungated,2487,2021-04-23,2021-05-06,-0.0112070185917437,2021,2021-03-31,learned_market,20260912,0.6957153692040717,0.6957153692040717,1,0
weekly_state_ungated,2492,2021-04-30,2021-05-12,-0.0190946889464188,2021,2021-03-31,learned_market,20260912,0.49572812581073494,0.49572812581073494,0,0
weekly_state_ungated,2494,2021-05-07,2021-05-17,0.0227674429764228,2021,2021-03-31,learned_market,20260912,0.5923668300862341,0.5923668300862341,1,1
weekly_state_ungated,2499,2021-05-14,2021-05-24,0.0045940519733895,2021,2021-03-31,learned_market,20260912,0.5283594579480488,0.5283594579480488,1,1
weekly_state_ungated,2504,2021-05-21,2021-05-31,0.0348855085126711,2021,2021-03-31,learned_market,20260912,0.6202700684440092,0.6202700684440092,1,1
weekly_state_ungated,2509,2021-05-28,2021-06-07,-0.0062409741861724,2021,2021-03-31,learned_market,20260912,0.5014076959249572,0.5014076959249572,1,0
weekly_state_ungated,2514,2021-06-04,2021-06-15,-0.0125508761771767,2021,2021-03-31,learned_market,20260912,0.32971545266050545,0.32971545266050545,0,0
weekly_state_ungated,2519,2021-06-11,2021-06-21,-0.0250011497424577,2021,2021-03-31,learned_market,20260912,0.4358470115181578,0.4358470115181578,0,0
weekly_state_ungated,2523,2021-06-18,2021-06-28,0.0325308711127356,2021,2021-03-31,learned_market,20260912,0.39660974147357,0.39660974147357,0,1
weekly_state_ungated,2528,2021-06-25,2021-07-05,-0.0342297962734196,2021,2021-03-31,learned_market,20260912,0.2996275446219084,0.2996275446219084,0,0
weekly_global_validated,2473,2021-04-02,2021-04-12,-0.0292856811827044,2021,2021-03-31,learned_market,20260912,0.56297665502886,0.56297665502886,1,0
weekly_global_validated,2477,2021-04-09,2021-04-19,-0.0120489836840408,2021,2021-03-31,learned_market,20260912,0.6833728945724409,0.6833728945724409,1,0
weekly_global_validated,2482,2021-04-16,2021-04-26,0.0382932540809155,2021,2021-03-31,learned_market,20260912,0.6069844199651692,0.6069844199651692,1,1
weekly_global_validated,2487,2021-04-23,2021-05-06,-0.0112070185917437,2021,2021-03-31,learned_market,20260912,0.6957153692040717,0.6957153692040717,1,0
weekly_global_validated,2492,2021-04-30,2021-05-12,-0.0190946889464188,2021,2021-03-31,learned_market,20260912,0.49572812581073494,0.49572812581073494,0,0
weekly_global_validated,2494,2021-05-07,2021-05-17,0.0227674429764228,2021,2021-03-31,learned_market,20260912,0.5923668300862341,0.5923668300862341,1,1
weekly_global_validated,2499,2021-05-14,2021-05-24,0.0045940519733895,2021,2021-03-31,learned_market,20260912,0.5283594579480488,0.5283594579480488,1,1
weekly_global_validated,2504,2021-05-21,2021-05-31,0.0348855085126711,2021,2021-03-31,learned_market,20260912,0.6202700684440092,0.6202700684440092,1,1
weekly_global_validated,2509,2021-05-28,2021-06-07,-0.0062409741861724,2021,2021-03-31,learned_market,20260912,0.5014076959249572,0.5014076959249572,1,0
weekly_global_validated,2514,2021-06-04,2021-06-15,-0.0125508761771767,2021,2021-03-31,learned_market,20260912,0.32971545266050545,0.32971545266050545,0,0
weekly_global_validated,2519,2021-06-11,2021-06-21,-0.0250011497424577,2021,2021-03-31,learned_market,20260912,0.4358470115181578,0.4358470115181578,0,0
weekly_global_validated,2523,2021-06-18,2021-06-28,0.0325308711127356,2021,2021-03-31,learned_market,20260912,0.39660974147357,0.39660974147357,0,1
weekly_global_validated,2528,2021-06-25,2021-07-05,-0.0342297962734196,2021,2021-03-31,learned_market,20260912,0.2996275446219084,0.2996275446219084,0,0
weekly_global_ungated,2473,2021-04-02,2021-04-12,-0.0292856811827044,2021,2021-03-31,learned_market,20260912,0.56297665502886,0.56297665502886,1,0
weekly_global_ungated,2477,2021-04-09,2021-04-19,-0.0120489836840408,2021,2021-03-31,learned_market,20260912,0.6833728945724409,0.6833728945724409,1,0
weekly_global_ungated,2482,2021-04-16,2021-04-26,0.0382932540809155,2021,2021-03-31,learned_market,20260912,0.6069844199651692,0.6069844199651692,1,1
weekly_global_ungated,2487,2021-04-23,2021-05-06,-0.0112070185917437,2021,2021-03-31,learned_market,20260912,0.6957153692040717,0.6957153692040717,1,0
weekly_global_ungated,2492,2021-04-30,2021-05-12,-0.0190946889464188,2021,2021-03-31,learned_market,20260912,0.49572812581073494,0.49572812581073494,0,0
weekly_global_ungated,2494,2021-05-07,2021-05-17,0.0227674429764228,2021,2021-03-31,learned_market,20260912,0.5923668300862341,0.5923668300862341,1,1
weekly_global_ungated,2499,2021-05-14,2021-05-24,0.0045940519733895,2021,2021-03-31,learned_market,20260912,0.5283594579480488,0.5283594579480488,1,1
weekly_global_ungated,2504,2021-05-21,2021-05-31,0.0348855085126711,2021,2021-03-31,learned_market,20260912,0.6202700684440092,0.6202700684440092,1,1
weekly_global_ungated,2509,2021-05-28,2021-06-07,-0.0062409741861724,2021,2021-03-31,learned_market,20260912,0.5014076959249572,0.5014076959249572,1,0
weekly_global_ungated,2514,2021-06-04,2021-06-15,-0.0125508761771767,2021,2021-03-31,learned_market,20260912,0.32971545266050545,0.32971545266050545,0,0
weekly_global_ungated,2519,2021-06-11,2021-06-21,-0.0250011497424577,2021,2021-03-31,learned_market,20260912,0.4358470115181578,0.4358470115181578,0,0
weekly_global_ungated,2523,2021-06-18,2021-06-28,0.0325308711127356,2021,2021-03-31,learned_market,20260912,0.39660974147357,0.39660974147357,0,1
weekly_global_ungated,2528,2021-06-25,2021-07-05,-0.0342297962734196,2021,2021-03-31,learned_market,20260912,0.2996275446219084,0.2996275446219084,0,0
weekly_state_validated,2473,2021-04-02,2021-04-12,-0.0292856811827044,2021,2021-03-31,learned_vol_interaction,20260910,0.5665920928801257,0.5665920928801257,1,0
weekly_state_validated,2477,2021-04-09,2021-04-19,-0.0120489836840408,2021,2021-03-31,learned_vol_interaction,20260910,0.7108940398772539,0.7108940398772539,1,0
weekly_state_validated,2482,2021-04-16,2021-04-26,0.0382932540809155,2021,2021-03-31,learned_vol_interaction,20260910,0.6177612563202494,0.6177612563202494,1,1
weekly_state_validated,2487,2021-04-23,2021-05-06,-0.0112070185917437,2021,2021-03-31,learned_vol_interaction,20260910,0.7142122563040804,0.7142122563040804,1,0
weekly_state_validated,2492,2021-04-30,2021-05-12,-0.0190946889464188,2021,2021-03-31,learned_vol_interaction,20260910,0.6941591991721776,0.6941591991721776,1,0
weekly_state_validated,2494,2021-05-07,2021-05-17,0.0227674429764228,2021,2021-03-31,learned_vol_interaction,20260910,0.7158017585661451,0.7158017585661451,1,1
weekly_state_validated,2499,2021-05-14,2021-05-24,0.0045940519733895,2021,2021-03-31,learned_vol_interaction,20260910,0.6694091341375065,0.6694091341375065,1,1
weekly_state_validated,2504,2021-05-21,2021-05-31,0.0348855085126711,2021,2021-03-31,learned_vol_interaction,20260910,0.636918321286237,0.636918321286237,1,1
weekly_state_validated,2509,2021-05-28,2021-06-07,-0.0062409741861724,2021,2021-03-31,learned_vol_interaction,20260910,0.5964746009268665,0.5964746009268665,1,0
weekly_state_validated,2514,2021-06-04,2021-06-15,-0.0125508761771767,2021,2021-03-31,learned_vol_interaction,20260910,0.4714551199386704,0.4714551199386704,0,0
weekly_state_validated,2519,2021-06-11,2021-06-21,-0.0250011497424577,2021,2021-03-31,learned_vol_interaction,20260910,0.2976695737938547,0.2976695737938547,0,0
weekly_state_validated,2523,2021-06-18,2021-06-28,0.0325308711127356,2021,2021-03-31,learned_vol_interaction,20260910,0.2852455047514334,0.2852455047514334,0,1
weekly_state_validated,2528,2021-06-25,2021-07-05,-0.0342297962734196,2021,2021-03-31,learned_vol_interaction,20260910,0.36967907658300214,0.36967907658300214,0,0
weekly_state_ungated,2473,2021-04-02,2021-04-12,-0.0292856811827044,2021,2021-03-31,learned_vol_interaction,20260910,0.5665920928801257,0.5665920928801257,1,0
weekly_state_ungated,2477,2021-04-09,2021-04-19,-0.0120489836840408,2021,2021-03-31,learned_vol_interaction,20260910,0.7108940398772539,0.7108940398772539,1,0
weekly_state_ungated,2482,2021-04-16,2021-04-26,0.0382932540809155,2021,2021-03-31,learned_vol_interaction,20260910,0.6177612563202494,0.6177612563202494,1,1
weekly_state_ungated,2487,2021-04-23,2021-05-06,-0.0112070185917437,2021,2021-03-31,learned_vol_interaction,20260910,0.7142122563040804,0.7142122563040804,1,0
weekly_state_ungated,2492,2021-04-30,2021-05-12,-0.0190946889464188,2021,2021-03-31,learned_vol_interaction,20260910,0.6941591991721776,0.6941591991721776,1,0
weekly_state_ungated,2494,2021-05-07,2021-05-17,0.0227674429764228,2021,2021-03-31,learned_vol_interaction,20260910,0.7158017585661451,0.7158017585661451,1,1
weekly_state_ungated,2499,2021-05-14,2021-05-24,0.0045940519733895,2021,2021-03-31,learned_vol_interaction,20260910,0.6694091341375065,0.6694091341375065,1,1
weekly_state_ungated,2504,2021-05-21,2021-05-31,0.0348855085126711,2021,2021-03-31,learned_vol_interaction,20260910,0.636918321286237,0.636918321286237,1,1
weekly_state_ungated,2509,2021-05-28,2021-06-07,-0.0062409741861724,2021,2021-03-31,learned_vol_interaction,20260910,0.5964746009268665,0.5964746009268665,1,0
weekly_state_ungated,2514,2021-06-04,2021-06-15,-0.0125508761771767,2021,2021-03-31,learned_vol_interaction,20260910,0.4714551199386704,0.4714551199386704,0,0
weekly_state_ungated,2519,2021-06-11,2021-06-21,-0.0250011497424577,2021,2021-03-31,learned_vol_interaction,20260910,0.2976695737938547,0.2976695737938547,0,0
weekly_state_ungated,2523,2021-06-18,2021-06-28,0.0325308711127356,2021,2021-03-31,learned_vol_interaction,20260910,0.2852455047514334,0.2852455047514334,0,1
weekly_state_ungated,2528,2021-06-25,2021-07-05,-0.0342297962734196,2021,2021-03-31,learned_vol_interaction,20260910,0.36967907658300214,0.36967907658300214,0,0
weekly_global_validated,2473,2021-04-02,2021-04-12,-0.0292856811827044,2021,2021-03-31,learned_vol_interaction,20260910,0.5665920928801257,0.5665920928801257,1,0
weekly_global_validated,2477,2021-04-09,2021-04-19,-0.0120489836840408,2021,2021-03-31,learned_vol_interaction,20260910,0.7108940398772539,0.7108940398772539,1,0
weekly_global_validated,2482,2021-04-16,2021-04-26,0.0382932540809155,2021,2021-03-31,learned_vol_interaction,20260910,0.6177612563202494,0.6177612563202494,1,1
weekly_global_validated,2487,2021-04-23,2021-05-06,-0.0112070185917437,2021,2021-03-31,learned_vol_interaction,20260910,0.7142122563040804,0.7142122563040804,1,0
weekly_global_validated,2492,2021-04-30,2021-05-12,-0.0190946889464188,2021,2021-03-31,learned_vol_interaction,20260910,0.6941591991721776,0.6941591991721776,1,0
weekly_global_validated,2494,2021-05-07,2021-05-17,0.0227674429764228,2021,2021-03-31,learned_vol_interaction,20260910,0.7158017585661451,0.7158017585661451,1,1
weekly_global_validated,2499,2021-05-14,2021-05-24,0.0045940519733895,2021,2021-03-31,learned_vol_interaction,20260910,0.6694091341375065,0.6694091341375065,1,1
weekly_global_validated,2504,2021-05-21,2021-05-31,0.0348855085126711,2021,2021-03-31,learned_vol_interaction,20260910,0.636918321286237,0.636918321286237,1,1
weekly_global_validated,2509,2021-05-28,2021-06-07,-0.0062409741861724,2021,2021-03-31,learned_vol_interaction,20260910,0.5964746009268665,0.5964746009268665,1,0
weekly_global_validated,2514,2021-06-04,2021-06-15,-0.0125508761771767,2021,2021-03-31,learned_vol_interaction,20260910,0.4714551199386704,0.4714551199386704,0,0
weekly_global_validated,2519,2021-06-11,2021-06-21,-0.0250011497424577,2021,2021-03-31,learned_vol_interaction,20260910,0.2976695737938547,0.2976695737938547,0,0
weekly_global_validated,2523,2021-06-18,2021-06-28,0.0325308711127356,2021,2021-03-31,learned_vol_interaction,20260910,0.2852455047514334,0.2852455047514334,0,1
weekly_global_validated,2528,2021-06-25,2021-07-05,-0.0342297962734196,2021,2021-03-31,learned_vol_interaction,20260910,0.36967907658300214,0.36967907658300214,0,0
weekly_global_ungated,2473,2021-04-02,2021-04-12,-0.0292856811827044,2021,2021-03-31,learned_vol_interaction,20260910,0.5665920928801257,0.5665920928801257,1,0
weekly_global_ungated,2477,2021-04-09,2021-04-19,-0.0120489836840408,2021,2021-03-31,learned_vol_interaction,20260910,0.7108940398772539,0.7108940398772539,1,0
weekly_global_ungated,2482,2021-04-16,2021-04-26,0.0382932540809155,2021,2021-03-31,learned_vol_interaction,20260910,0.6177612563202494,0.6177612563202494,1,1
weekly_global_ungated,2487,2021-04-23,2021-05-06,-0.0112070185917437,2021,2021-03-31,learned_vol_interaction,20260910,0.7142122563040804,0.7142122563040804,1,0
weekly_global_ungated,2492,2021-04-30,2021-05-12,-0.0190946889464188,2021,2021-03-31,learned_vol_interaction,20260910,0.6941591991721776,0.6941591991721776,1,0
weekly_global_ungated,2494,2021-05-07,2021-05-17,0.0227674429764228,2021,2021-03-31,learned_vol_interaction,20260910,0.7158017585661451,0.7158017585661451,1,1
weekly_global_ungated,2499,2021-05-14,2021-05-24,0.0045940519733895,2021,2021-03-31,learned_vol_interaction,20260910,0.6694091341375065,0.6694091341375065,1,1
weekly_global_ungated,2504,2021-05-21,2021-05-31,0.0348855085126711,2021,2021-03-31,learned_vol_interaction,20260910,0.636918321286237,0.636918321286237,1,1
weekly_global_ungated,2509,2021-05-28,2021-06-07,-0.0062409741861724,2021,2021-03-31,learned_vol_interaction,20260910,0.5964746009268665,0.5964746009268665,1,0
weekly_global_ungated,2514,2021-06-04,2021-06-15,-0.0125508761771767,2021,2021-03-31,learned_vol_interaction,20260910,0.4714551199386704,0.4714551199386704,0,0
weekly_global_ungated,2519,2021-06-11,2021-06-21,-0.0250011497424577,2021,2021-03-31,learned_vol_interaction,20260910,0.2976695737938547,0.2976695737938547,0,0
weekly_global_ungated,2523,2021-06-18,2021-06-28,0.0325308711127356,2021,2021-03-31,learned_vol_interaction,20260910,0.2852455047514334,0.2852455047514334,0,1
weekly_global_ungated,2528,2021-06-25,2021-07-05,-0.0342297962734196,2021,2021-03-31,learned_vol_interaction,20260910,0.36967907658300214,0.36967907658300214,0,0
weekly_state_validated,2473,2021-04-02,2021-04-12,-0.0292856811827044,2021,2021-03-31,learned_vol_interaction,20260911,0.6505026926141996,0.6505026926141996,1,0
weekly_state_validated,2477,2021-04-09,2021-04-19,-0.0120489836840408,2021,2021-03-31,learned_vol_interaction,20260911,0.5238037480083749,0.5238037480083749,1,0
weekly_state_validated,2482,2021-04-16,2021-04-26,0.0382932540809155,2021,2021-03-31,learned_vol_interaction,20260911,0.4746098723057128,0.4746098723057128,0,1
weekly_state_validated,2487,2021-04-23,2021-05-06,-0.0112070185917437,2021,2021-03-31,learned_vol_interaction,20260911,0.527013271372353,0.527013271372353,1,0
weekly_state_validated,2492,2021-04-30,2021-05-12,-0.0190946889464188,2021,2021-03-31,learned_vol_interaction,20260911,0.6901244469023494,0.6901244469023494,1,0
weekly_state_validated,2494,2021-05-07,2021-05-17,0.0227674429764228,2021,2021-03-31,learned_vol_interaction,20260911,0.754839297520103,0.754839297520103,1,1
weekly_state_validated,2499,2021-05-14,2021-05-24,0.0045940519733895,2021,2021-03-31,learned_vol_interaction,20260911,0.43398865323186975,0.43398865323186975,0,1
weekly_state_validated,2504,2021-05-21,2021-05-31,0.0348855085126711,2021,2021-03-31,learned_vol_interaction,20260911,0.6023590417130459,0.6023590417130459,1,1
weekly_state_validated,2509,2021-05-28,2021-06-07,-0.0062409741861724,2021,2021-03-31,learned_vol_interaction,20260911,0.5524495113584302,0.5524495113584302,1,0
weekly_state_validated,2514,2021-06-04,2021-06-15,-0.0125508761771767,2021,2021-03-31,learned_vol_interaction,20260911,0.4338741634973696,0.4338741634973696,0,0
weekly_state_validated,2519,2021-06-11,2021-06-21,-0.0250011497424577,2021,2021-03-31,learned_vol_interaction,20260911,0.243541607825957,0.243541607825957,0,0
weekly_state_validated,2523,2021-06-18,2021-06-28,0.0325308711127356,2021,2021-03-31,learned_vol_interaction,20260911,0.44439540821990653,0.44439540821990653,0,1
weekly_state_validated,2528,2021-06-25,2021-07-05,-0.0342297962734196,2021,2021-03-31,learned_vol_interaction,20260911,0.4173214962232166,0.4173214962232166,0,0
weekly_state_ungated,2473,2021-04-02,2021-04-12,-0.0292856811827044,2021,2021-03-31,learned_vol_interaction,20260911,0.6505026926141996,0.6505026926141996,1,0
weekly_state_ungated,2477,2021-04-09,2021-04-19,-0.0120489836840408,2021,2021-03-31,learned_vol_interaction,20260911,0.5238037480083749,0.5238037480083749,1,0
weekly_state_ungated,2482,2021-04-16,2021-04-26,0.0382932540809155,2021,2021-03-31,learned_vol_interaction,20260911,0.4746098723057128,0.4746098723057128,0,1
weekly_state_ungated,2487,2021-04-23,2021-05-06,-0.0112070185917437,2021,2021-03-31,learned_vol_interaction,20260911,0.527013271372353,0.527013271372353,1,0
weekly_state_ungated,2492,2021-04-30,2021-05-12,-0.0190946889464188,2021,2021-03-31,learned_vol_interaction,20260911,0.6901244469023494,0.6901244469023494,1,0
weekly_state_ungated,2494,2021-05-07,2021-05-17,0.0227674429764228,2021,2021-03-31,learned_vol_interaction,20260911,0.754839297520103,0.754839297520103,1,1
weekly_state_ungated,2499,2021-05-14,2021-05-24,0.0045940519733895,2021,2021-03-31,learned_vol_interaction,20260911,0.43398865323186975,0.43398865323186975,0,1
weekly_state_ungated,2504,2021-05-21,2021-05-31,0.0348855085126711,2021,2021-03-31,learned_vol_interaction,20260911,0.6023590417130459,0.6023590417130459,1,1
weekly_state_ungated,2509,2021-05-28,2021-06-07,-0.0062409741861724,2021,2021-03-31,learned_vol_interaction,20260911,0.5524495113584302,0.5524495113584302,1,0
weekly_state_ungated,2514,2021-06-04,2021-06-15,-0.0125508761771767,2021,2021-03-31,learned_vol_interaction,20260911,0.4338741634973696,0.4338741634973696,0,0
weekly_state_ungated,2519,2021-06-11,2021-06-21,-0.0250011497424577,2021,2021-03-31,learned_vol_interaction,20260911,0.243541607825957,0.243541607825957,0,0
weekly_state_ungated,2523,2021-06-18,2021-06-28,0.0325308711127356,2021,2021-03-31,learned_vol_interaction,20260911,0.44439540821990653,0.44439540821990653,0,1
weekly_state_ungated,2528,2021-06-25,2021-07-05,-0.0342297962734196,2021,2021-03-31,learned_vol_interaction,20260911,0.4173214962232166,0.4173214962232166,0,0
weekly_global_validated,2473,2021-04-02,2021-04-12,-0.0292856811827044,2021,2021-03-31,learned_vol_interaction,20260911,0.6505026926141996,0.6505026926141996,1,0
weekly_global_validated,2477,2021-04-09,2021-04-19,-0.0120489836840408,2021,2021-03-31,learned_vol_interaction,20260911,0.5238037480083749,0.5238037480083749,1,0
weekly_global_validated,2482,2021-04-16,2021-04-26,0.0382932540809155,2021,2021-03-31,learned_vol_interaction,20260911,0.4746098723057128,0.4746098723057128,0,1
weekly_global_validated,2487,2021-04-23,2021-05-06,-0.0112070185917437,2021,2021-03-31,learned_vol_interaction,20260911,0.527013271372353,0.527013271372353,1,0
weekly_global_validated,2492,2021-04-30,2021-05-12,-0.0190946889464188,2021,2021-03-31,learned_vol_interaction,20260911,0.6901244469023494,0.6901244469023494,1,0
weekly_global_validated,2494,2021-05-07,2021-05-17,0.0227674429764228,2021,2021-03-31,learned_vol_interaction,20260911,0.754839297520103,0.754839297520103,1,1
weekly_global_validated,2499,2021-05-14,2021-05-24,0.0045940519733895,2021,2021-03-31,learned_vol_interaction,20260911,0.43398865323186975,0.43398865323186975,0,1
weekly_global_validated,2504,2021-05-21,2021-05-31,0.0348855085126711,2021,2021-03-31,learned_vol_interaction,20260911,0.6023590417130459,0.6023590417130459,1,1
weekly_global_validated,2509,2021-05-28,2021-06-07,-0.0062409741861724,2021,2021-03-31,learned_vol_interaction,20260911,0.5524495113584302,0.5524495113584302,1,0
weekly_global_validated,2514,2021-06-04,2021-06-15,-0.0125508761771767,2021,2021-03-31,learned_vol_interaction,20260911,0.4338741634973696,0.4338741634973696,0,0
weekly_global_validated,2519,2021-06-11,2021-06-21,-0.0250011497424577,2021,2021-03-31,learned_vol_interaction,20260911,0.243541607825957,0.243541607825957,0,0
weekly_global_validated,2523,2021-06-18,2021-06-28,0.0325308711127356,2021,2021-03-31,learned_vol_interaction,20260911,0.44439540821990653,0.44439540821990653,0,1
weekly_global_validated,2528,2021-06-25,2021-07-05,-0.0342297962734196,2021,2021-03-31,learned_vol_interaction,20260911,0.4173214962232166,0.4173214962232166,0,0
weekly_global_ungated,2473,2021-04-02,2021-04-12,-0.0292856811827044,2021,2021-03-31,learned_vol_interaction,20260911,0.6505026926141996,0.6505026926141996,1,0
weekly_global_ungated,2477,2021-04-09,2021-04-19,-0.0120489836840408,2021,2021-03-31,learned_vol_interaction,20260911,0.5238037480083749,0.5238037480083749,1,0
weekly_global_ungated,2482,2021-04-16,2021-04-26,0.0382932540809155,2021,2021-03-31,learned_vol_interaction,20260911,0.4746098723057128,0.4746098723057128,0,1
weekly_global_ungated,2487,2021-04-23,2021-05-06,-0.0112070185917437,2021,2021-03-31,learned_vol_interaction,20260911,0.527013271372353,0.527013271372353,1,0
weekly_global_ungated,2492,2021-04-30,2021-05-12,-0.0190946889464188,2021,2021-03-31,learned_vol_interaction,20260911,0.6901244469023494,0.6901244469023494,1,0
weekly_global_ungated,2494,2021-05-07,2021-05-17,0.0227674429764228,2021,2021-03-31,learned_vol_interaction,20260911,0.754839297520103,0.754839297520103,1,1
weekly_global_ungated,2499,2021-05-14,2021-05-24,0.0045940519733895,2021,2021-03-31,learned_vol_interaction,20260911,0.43398865323186975,0.43398865323186975,0,1
weekly_global_ungated,2504,2021-05-21,2021-05-31,0.0348855085126711,2021,2021-03-31,learned_vol_interaction,20260911,0.6023590417130459,0.6023590417130459,1,1
weekly_global_ungated,2509,2021-05-28,2021-06-07,-0.0062409741861724,2021,2021-03-31,learned_vol_interaction,20260911,0.5524495113584302,0.5524495113584302,1,0
weekly_global_ungated,2514,2021-06-04,2021-06-15,-0.0125508761771767,2021,2021-03-31,learned_vol_interaction,20260911,0.4338741634973696,0.4338741634973696,0,0
weekly_global_ungated,2519,2021-06-11,2021-06-21,-0.0250011497424577,2021,2021-03-31,learned_vol_interaction,20260911,0.243541607825957,0.243541607825957,0,0
weekly_global_ungated,2523,2021-06-18,2021-06-28,0.0325308711127356,2021,2021-03-31,learned_vol_interaction,20260911,0.44439540821990653,0.44439540821990653,0,1
weekly_global_ungated,2528,2021-06-25,2021-07-05,-0.0342297962734196,2021,2021-03-31,learned_vol_interaction,20260911,0.4173214962232166,0.4173214962232166,0,0
weekly_state_validated,2473,2021-04-02,2021-04-12,-0.0292856811827044,2021,2021-03-31,learned_vol_interaction,20260912,0.5647750064828143,0.5647750064828143,1,0
weekly_state_validated,2477,2021-04-09,2021-04-19,-0.0120489836840408,2021,2021-03-31,learned_vol_interaction,20260912,0.6851225390103307,0.6851225390103307,1,0
weekly_state_validated,2482,2021-04-16,2021-04-26,0.0382932540809155,2021,2021-03-31,learned_vol_interaction,20260912,0.6079794499510633,0.6079794499510633,1,1
weekly_state_validated,2487,2021-04-23,2021-05-06,-0.0112070185917437,2021,2021-03-31,learned_vol_interaction,20260912,0.6970440278111448,0.6970440278111448,1,0
weekly_state_validated,2492,2021-04-30,2021-05-12,-0.0190946889464188,2021,2021-03-31,learned_vol_interaction,20260912,0.49508455771909865,0.49508455771909865,0,0
weekly_state_validated,2494,2021-05-07,2021-05-17,0.0227674429764228,2021,2021-03-31,learned_vol_interaction,20260912,0.5936076847954643,0.5936076847954643,1,1
weekly_state_validated,2499,2021-05-14,2021-05-24,0.0045940519733895,2021,2021-03-31,learned_vol_interaction,20260912,0.5260594519724338,0.5260594519724338,1,1
weekly_state_validated,2504,2021-05-21,2021-05-31,0.0348855085126711,2021,2021-03-31,learned_vol_interaction,20260912,0.6194700609717307,0.6194700609717307,1,1
weekly_state_validated,2509,2021-05-28,2021-06-07,-0.0062409741861724,2021,2021-03-31,learned_vol_interaction,20260912,0.4999311238130264,0.4999311238130264,0,0
weekly_state_validated,2514,2021-06-04,2021-06-15,-0.0125508761771767,2021,2021-03-31,learned_vol_interaction,20260912,0.32963442443266894,0.32963442443266894,0,0
weekly_state_validated,2519,2021-06-11,2021-06-21,-0.0250011497424577,2021,2021-03-31,learned_vol_interaction,20260912,0.43487798405591244,0.43487798405591244,0,0
weekly_state_validated,2523,2021-06-18,2021-06-28,0.0325308711127356,2021,2021-03-31,learned_vol_interaction,20260912,0.39563184997461803,0.39563184997461803,0,1
weekly_state_validated,2528,2021-06-25,2021-07-05,-0.0342297962734196,2021,2021-03-31,learned_vol_interaction,20260912,0.2936971410007611,0.2936971410007611,0,0
weekly_state_ungated,2473,2021-04-02,2021-04-12,-0.0292856811827044,2021,2021-03-31,learned_vol_interaction,20260912,0.5647750064828143,0.5647750064828143,1,0
weekly_state_ungated,2477,2021-04-09,2021-04-19,-0.0120489836840408,2021,2021-03-31,learned_vol_interaction,20260912,0.6851225390103307,0.6851225390103307,1,0
weekly_state_ungated,2482,2021-04-16,2021-04-26,0.0382932540809155,2021,2021-03-31,learned_vol_interaction,20260912,0.6079794499510633,0.6079794499510633,1,1
weekly_state_ungated,2487,2021-04-23,2021-05-06,-0.0112070185917437,2021,2021-03-31,learned_vol_interaction,20260912,0.6970440278111448,0.6970440278111448,1,0
weekly_state_ungated,2492,2021-04-30,2021-05-12,-0.0190946889464188,2021,2021-03-31,learned_vol_interaction,20260912,0.49508455771909865,0.49508455771909865,0,0
weekly_state_ungated,2494,2021-05-07,2021-05-17,0.0227674429764228,2021,2021-03-31,learned_vol_interaction,20260912,0.5936076847954643,0.5936076847954643,1,1
weekly_state_ungated,2499,2021-05-14,2021-05-24,0.0045940519733895,2021,2021-03-31,learned_vol_interaction,20260912,0.5260594519724338,0.5260594519724338,1,1
weekly_state_ungated,2504,2021-05-21,2021-05-31,0.0348855085126711,2021,2021-03-31,learned_vol_interaction,20260912,0.6194700609717307,0.6194700609717307,1,1
weekly_state_ungated,2509,2021-05-28,2021-06-07,-0.0062409741861724,2021,2021-03-31,learned_vol_interaction,20260912,0.4999311238130264,0.4999311238130264,0,0
weekly_state_ungated,2514,2021-06-04,2021-06-15,-0.0125508761771767,2021,2021-03-31,learned_vol_interaction,20260912,0.32963442443266894,0.32963442443266894,0,0
weekly_state_ungated,2519,2021-06-11,2021-06-21,-0.0250011497424577,2021,2021-03-31,learned_vol_interaction,20260912,0.43487798405591244,0.43487798405591244,0,0
weekly_state_ungated,2523,2021-06-18,2021-06-28,0.0325308711127356,2021,2021-03-31,learned_vol_interaction,20260912,0.39563184997461803,0.39563184997461803,0,1
weekly_state_ungated,2528,2021-06-25,2021-07-05,-0.0342297962734196,2021,2021-03-31,learned_vol_interaction,20260912,0.2936971410007611,0.2936971410007611,0,0
weekly_global_validated,2473,2021-04-02,2021-04-12,-0.0292856811827044,2021,2021-03-31,learned_vol_interaction,20260912,0.5647750064828143,0.5647750064828143,1,0
weekly_global_validated,2477,2021-04-09,2021-04-19,-0.0120489836840408,2021,2021-03-31,learned_vol_interaction,20260912,0.6851225390103307,0.6851225390103307,1,0
weekly_global_validated,2482,2021-04-16,2021-04-26,0.0382932540809155,2021,2021-03-31,learned_vol_interaction,20260912,0.6079794499510633,0.6079794499510633,1,1
weekly_global_validated,2487,2021-04-23,2021-05-06,-0.0112070185917437,2021,2021-03-31,learned_vol_interaction,20260912,0.6970440278111448,0.6970440278111448,1,0
weekly_global_validated,2492,2021-04-30,2021-05-12,-0.0190946889464188,2021,2021-03-31,learned_vol_interaction,20260912,0.49508455771909865,0.49508455771909865,0,0
weekly_global_validated,2494,2021-05-07,2021-05-17,0.0227674429764228,2021,2021-03-31,learned_vol_interaction,20260912,0.5936076847954643,0.5936076847954643,1,1
weekly_global_validated,2499,2021-05-14,2021-05-24,0.0045940519733895,2021,2021-03-31,learned_vol_interaction,20260912,0.5260594519724338,0.5260594519724338,1,1
weekly_global_validated,2504,2021-05-21,2021-05-31,0.0348855085126711,2021,2021-03-31,learned_vol_interaction,20260912,0.6194700609717307,0.6194700609717307,1,1
weekly_global_validated,2509,2021-05-28,2021-06-07,-0.0062409741861724,2021,2021-03-31,learned_vol_interaction,20260912,0.4999311238130264,0.4999311238130264,0,0
weekly_global_validated,2514,2021-06-04,2021-06-15,-0.0125508761771767,2021,2021-03-31,learned_vol_interaction,20260912,0.32963442443266894,0.32963442443266894,0,0
weekly_global_validated,2519,2021-06-11,2021-06-21,-0.0250011497424577,2021,2021-03-31,learned_vol_interaction,20260912,0.43487798405591244,0.43487798405591244,0,0
weekly_global_validated,2523,2021-06-18,2021-06-28,0.0325308711127356,2021,2021-03-31,learned_vol_interaction,20260912,0.39563184997461803,0.39563184997461803,0,1
weekly_global_validated,2528,2021-06-25,2021-07-05,-0.0342297962734196,2021,2021-03-31,learned_vol_interaction,20260912,0.2936971410007611,0.2936971410007611,0,0
weekly_global_ungated,2473,2021-04-02,2021-04-12,-0.0292856811827044,2021,2021-03-31,learned_vol_interaction,20260912,0.5647750064828143,0.5647750064828143,1,0
weekly_global_ungated,2477,2021-04-09,2021-04-19,-0.0120489836840408,2021,2021-03-31,learned_vol_interaction,20260912,0.6851225390103307,0.6851225390103307,1,0
weekly_global_ungated,2482,2021-04-16,2021-04-26,0.0382932540809155,2021,2021-03-31,learned_vol_interaction,20260912,0.6079794499510633,0.6079794499510633,1,1
weekly_global_ungated,2487,2021-04-23,2021-05-06,-0.0112070185917437,2021,2021-03-31,learned_vol_interaction,20260912,0.6970440278111448,0.6970440278111448,1,0
weekly_global_ungated,2492,2021-04-30,2021-05-12,-0.0190946889464188,2021,2021-03-31,learned_vol_interaction,20260912,0.49508455771909865,0.49508455771909865,0,0
weekly_global_ungated,2494,2021-05-07,2021-05-17,0.0227674429764228,2021,2021-03-31,learned_vol_interaction,20260912,0.5936076847954643,0.5936076847954643,1,1
weekly_global_ungated,2499,2021-05-14,2021-05-24,0.0045940519733895,2021,2021-03-31,learned_vol_interaction,20260912,0.5260594519724338,0.5260594519724338,1,1
weekly_global_ungated,2504,2021-05-21,2021-05-31,0.0348855085126711,2021,2021-03-31,learned_vol_interaction,20260912,0.6194700609717307,0.6194700609717307,1,1
weekly_global_ungated,2509,2021-05-28,2021-06-07,-0.0062409741861724,2021,2021-03-31,learned_vol_interaction,20260912,0.4999311238130264,0.4999311238130264,0,0
weekly_global_ungated,2514,2021-06-04,2021-06-15,-0.0125508761771767,2021,2021-03-31,learned_vol_interaction,20260912,0.32963442443266894,0.32963442443266894,0,0
weekly_global_ungated,2519,2021-06-11,2021-06-21,-0.0250011497424577,2021,2021-03-31,learned_vol_interaction,20260912,0.43487798405591244,0.43487798405591244,0,0
weekly_global_ungated,2523,2021-06-18,2021-06-28,0.0325308711127356,2021,2021-03-31,learned_vol_interaction,20260912,0.39563184997461803,0.39563184997461803,0,1
weekly_global_ungated,2528,2021-06-25,2021-07-05,-0.0342297962734196,2021,2021-03-31,learned_vol_interaction,20260912,0.2936971410007611,0.2936971410007611,0,0
weekly_state_validated,2473,2021-04-02,2021-04-12,-0.0292856811827044,2021,2021-03-31,learned_order_extension,20260910,0.5606987442866249,0.5606987442866249,1,0
weekly_state_validated,2477,2021-04-09,2021-04-19,-0.0120489836840408,2021,2021-03-31,learned_order_extension,20260910,0.7182274336525071,0.7182274336525071,1,0
weekly_state_validated,2482,2021-04-16,2021-04-26,0.0382932540809155,2021,2021-03-31,learned_order_extension,20260910,0.6304814445875302,0.6304814445875302,1,1
weekly_state_validated,2487,2021-04-23,2021-05-06,-0.0112070185917437,2021,2021-03-31,learned_order_extension,20260910,0.7209122130262224,0.7209122130262224,1,0
weekly_state_validated,2492,2021-04-30,2021-05-12,-0.0190946889464188,2021,2021-03-31,learned_order_extension,20260910,0.7079591515466482,0.7079591515466482,1,0
weekly_state_validated,2494,2021-05-07,2021-05-17,0.0227674429764228,2021,2021-03-31,learned_order_extension,20260910,0.7249150404118895,0.7249150404118895,1,1
weekly_state_validated,2499,2021-05-14,2021-05-24,0.0045940519733895,2021,2021-03-31,learned_order_extension,20260910,0.6698431717025706,0.6698431717025706,1,1
weekly_state_validated,2504,2021-05-21,2021-05-31,0.0348855085126711,2021,2021-03-31,learned_order_extension,20260910,0.637226950963881,0.637226950963881,1,1
weekly_state_validated,2509,2021-05-28,2021-06-07,-0.0062409741861724,2021,2021-03-31,learned_order_extension,20260910,0.5886282988716269,0.5886282988716269,1,0
weekly_state_validated,2514,2021-06-04,2021-06-15,-0.0125508761771767,2021,2021-03-31,learned_order_extension,20260910,0.45708512700896387,0.45708512700896387,0,0
weekly_state_validated,2519,2021-06-11,2021-06-21,-0.0250011497424577,2021,2021-03-31,learned_order_extension,20260910,0.2698925230706461,0.2698925230706461,0,0
weekly_state_validated,2523,2021-06-18,2021-06-28,0.0325308711127356,2021,2021-03-31,learned_order_extension,20260910,0.2635709565277681,0.2635709565277681,0,1
weekly_state_validated,2528,2021-06-25,2021-07-05,-0.0342297962734196,2021,2021-03-31,learned_order_extension,20260910,0.3555705506909634,0.3555705506909634,0,0
weekly_state_ungated,2473,2021-04-02,2021-04-12,-0.0292856811827044,2021,2021-03-31,learned_order_extension,20260910,0.5606987442866249,0.5606987442866249,1,0
weekly_state_ungated,2477,2021-04-09,2021-04-19,-0.0120489836840408,2021,2021-03-31,learned_order_extension,20260910,0.7182274336525071,0.7182274336525071,1,0
weekly_state_ungated,2482,2021-04-16,2021-04-26,0.0382932540809155,2021,2021-03-31,learned_order_extension,20260910,0.6304814445875302,0.6304814445875302,1,1
weekly_state_ungated,2487,2021-04-23,2021-05-06,-0.0112070185917437,2021,2021-03-31,learned_order_extension,20260910,0.7209122130262224,0.7209122130262224,1,0
weekly_state_ungated,2492,2021-04-30,2021-05-12,-0.0190946889464188,2021,2021-03-31,learned_order_extension,20260910,0.7079591515466482,0.7079591515466482,1,0
weekly_state_ungated,2494,2021-05-07,2021-05-17,0.0227674429764228,2021,2021-03-31,learned_order_extension,20260910,0.7249150404118895,0.7249150404118895,1,1
weekly_state_ungated,2499,2021-05-14,2021-05-24,0.0045940519733895,2021,2021-03-31,learned_order_extension,20260910,0.6698431717025706,0.6698431717025706,1,1
weekly_state_ungated,2504,2021-05-21,2021-05-31,0.0348855085126711,2021,2021-03-31,learned_order_extension,20260910,0.637226950963881,0.637226950963881,1,1
weekly_state_ungated,2509,2021-05-28,2021-06-07,-0.0062409741861724,2021,2021-03-31,learned_order_extension,20260910,0.5886282988716269,0.5886282988716269,1,0
weekly_state_ungated,2514,2021-06-04,2021-06-15,-0.0125508761771767,2021,2021-03-31,learned_order_extension,20260910,0.45708512700896387,0.45708512700896387,0,0
weekly_state_ungated,2519,2021-06-11,2021-06-21,-0.0250011497424577,2021,2021-03-31,learned_order_extension,20260910,0.2698925230706461,0.2698925230706461,0,0
weekly_state_ungated,2523,2021-06-18,2021-06-28,0.0325308711127356,2021,2021-03-31,learned_order_extension,20260910,0.2635709565277681,0.2635709565277681,0,1
weekly_state_ungated,2528,2021-06-25,2021-07-05,-0.0342297962734196,2021,2021-03-31,learned_order_extension,20260910,0.3555705506909634,0.3555705506909634,0,0
weekly_global_validated,2473,2021-04-02,2021-04-12,-0.0292856811827044,2021,2021-03-31,learned_order_extension,20260910,0.5606987442866249,0.5606987442866249,1,0
weekly_global_validated,2477,2021-04-09,2021-04-19,-0.0120489836840408,2021,2021-03-31,learned_order_extension,20260910,0.7182274336525071,0.7182274336525071,1,0
weekly_global_validated,2482,2021-04-16,2021-04-26,0.0382932540809155,2021,2021-03-31,learned_order_extension,20260910,0.6304814445875302,0.6304814445875302,1,1
weekly_global_validated,2487,2021-04-23,2021-05-06,-0.0112070185917437,2021,2021-03-31,learned_order_extension,20260910,0.7209122130262224,0.7209122130262224,1,0
weekly_global_validated,2492,2021-04-30,2021-05-12,-0.0190946889464188,2021,2021-03-31,learned_order_extension,20260910,0.7079591515466482,0.7079591515466482,1,0
weekly_global_validated,2494,2021-05-07,2021-05-17,0.0227674429764228,2021,2021-03-31,learned_order_extension,20260910,0.7249150404118895,0.7249150404118895,1,1
weekly_global_validated,2499,2021-05-14,2021-05-24,0.0045940519733895,2021,2021-03-31,learned_order_extension,20260910,0.6698431717025706,0.6698431717025706,1,1
weekly_global_validated,2504,2021-05-21,2021-05-31,0.0348855085126711,2021,2021-03-31,learned_order_extension,20260910,0.637226950963881,0.637226950963881,1,1
weekly_global_validated,2509,2021-05-28,2021-06-07,-0.0062409741861724,2021,2021-03-31,learned_order_extension,20260910,0.5886282988716269,0.5886282988716269,1,0
weekly_global_validated,2514,2021-06-04,2021-06-15,-0.0125508761771767,2021,2021-03-31,learned_order_extension,20260910,0.45708512700896387,0.45708512700896387,0,0
weekly_global_validated,2519,2021-06-11,2021-06-21,-0.0250011497424577,2021,2021-03-31,learned_order_extension,20260910,0.2698925230706461,0.2698925230706461,0,0
weekly_global_validated,2523,2021-06-18,2021-06-28,0.0325308711127356,2021,2021-03-31,learned_order_extension,20260910,0.2635709565277681,0.2635709565277681,0,1
weekly_global_validated,2528,2021-06-25,2021-07-05,-0.0342297962734196,2021,2021-03-31,learned_order_extension,20260910,0.3555705506909634,0.3555705506909634,0,0
weekly_global_ungated,2473,2021-04-02,2021-04-12,-0.0292856811827044,2021,2021-03-31,learned_order_extension,20260910,0.5606987442866249,0.5606987442866249,1,0
weekly_global_ungated,2477,2021-04-09,2021-04-19,-0.0120489836840408,2021,2021-03-31,learned_order_extension,20260910,0.7182274336525071,0.7182274336525071,1,0
weekly_global_ungated,2482,2021-04-16,2021-04-26,0.0382932540809155,2021,2021-03-31,learned_order_extension,20260910,0.6304814445875302,0.6304814445875302,1,1
weekly_global_ungated,2487,2021-04-23,2021-05-06,-0.0112070185917437,2021,2021-03-31,learned_order_extension,20260910,0.7209122130262224,0.7209122130262224,1,0
weekly_global_ungated,2492,2021-04-30,2021-05-12,-0.0190946889464188,2021,2021-03-31,learned_order_extension,20260910,0.7079591515466482,0.7079591515466482,1,0
weekly_global_ungated,2494,2021-05-07,2021-05-17,0.0227674429764228,2021,2021-03-31,learned_order_extension,20260910,0.7249150404118895,0.7249150404118895,1,1
weekly_global_ungated,2499,2021-05-14,2021-05-24,0.0045940519733895,2021,2021-03-31,learned_order_extension,20260910,0.6698431717025706,0.6698431717025706,1,1
weekly_global_ungated,2504,2021-05-21,2021-05-31,0.0348855085126711,2021,2021-03-31,learned_order_extension,20260910,0.637226950963881,0.637226950963881,1,1
weekly_global_ungated,2509,2021-05-28,2021-06-07,-0.0062409741861724,2021,2021-03-31,learned_order_extension,20260910,0.5886282988716269,0.5886282988716269,1,0
weekly_global_ungated,2514,2021-06-04,2021-06-15,-0.0125508761771767,2021,2021-03-31,learned_order_extension,20260910,0.45708512700896387,0.45708512700896387,0,0
weekly_global_ungated,2519,2021-06-11,2021-06-21,-0.0250011497424577,2021,2021-03-31,learned_order_extension,20260910,0.2698925230706461,0.2698925230706461,0,0
weekly_global_ungated,2523,2021-06-18,2021-06-28,0.0325308711127356,2021,2021-03-31,learned_order_extension,20260910,0.2635709565277681,0.2635709565277681,0,1
weekly_global_ungated,2528,2021-06-25,2021-07-05,-0.0342297962734196,2021,2021-03-31,learned_order_extension,20260910,0.3555705506909634,0.3555705506909634,0,0
weekly_state_validated,2473,2021-04-02,2021-04-12,-0.0292856811827044,2021,2021-03-31,learned_order_extension,20260911,0.6435569143740099,0.6435569143740099,1,0
weekly_state_validated,2477,2021-04-09,2021-04-19,-0.0120489836840408,2021,2021-03-31,learned_order_extension,20260911,0.5172587608947022,0.5172587608947022,1,0
weekly_state_validated,2482,2021-04-16,2021-04-26,0.0382932540809155,2021,2021-03-31,learned_order_extension,20260911,0.45050831794964574,0.45050831794964574,0,1
weekly_state_validated,2487,2021-04-23,2021-05-06,-0.0112070185917437,2021,2021-03-31,learned_order_extension,20260911,0.50667980676185,0.50667980676185,1,0
weekly_state_validated,2492,2021-04-30,2021-05-12,-0.0190946889464188,2021,2021-03-31,learned_order_extension,20260911,0.7098069326540961,0.7098069326540961,1,0
weekly_state_validated,2494,2021-05-07,2021-05-17,0.0227674429764228,2021,2021-03-31,learned_order_extension,20260911,0.7808980561683019,0.7808980561683019,1,1
weekly_state_validated,2499,2021-05-14,2021-05-24,0.0045940519733895,2021,2021-03-31,learned_order_extension,20260911,0.39413011936164705,0.39413011936164705,0,1
weekly_state_validated,2504,2021-05-21,2021-05-31,0.0348855085126711,2021,2021-03-31,learned_order_extension,20260911,0.6034561668947356,0.6034561668947356,1,1
weekly_state_validated,2509,2021-05-28,2021-06-07,-0.0062409741861724,2021,2021-03-31,learned_order_extension,20260911,0.5608652950070303,0.5608652950070303,1,0
weekly_state_validated,2514,2021-06-04,2021-06-15,-0.0125508761771767,2021,2021-03-31,learned_order_extension,20260911,0.41641551181704617,0.41641551181704617,0,0
weekly_state_validated,2519,2021-06-11,2021-06-21,-0.0250011497424577,2021,2021-03-31,learned_order_extension,20260911,0.1949333176792701,0.1949333176792701,0,0
weekly_state_validated,2523,2021-06-18,2021-06-28,0.0325308711127356,2021,2021-03-31,learned_order_extension,20260911,0.4247939305836327,0.4247939305836327,0,1
weekly_state_validated,2528,2021-06-25,2021-07-05,-0.0342297962734196,2021,2021-03-31,learned_order_extension,20260911,0.40325405625265054,0.40325405625265054,0,0
weekly_state_ungated,2473,2021-04-02,2021-04-12,-0.0292856811827044,2021,2021-03-31,learned_order_extension,20260911,0.6435569143740099,0.6435569143740099,1,0
weekly_state_ungated,2477,2021-04-09,2021-04-19,-0.0120489836840408,2021,2021-03-31,learned_order_extension,20260911,0.5172587608947022,0.5172587608947022,1,0
weekly_state_ungated,2482,2021-04-16,2021-04-26,0.0382932540809155,2021,2021-03-31,learned_order_extension,20260911,0.45050831794964574,0.45050831794964574,0,1
weekly_state_ungated,2487,2021-04-23,2021-05-06,-0.0112070185917437,2021,2021-03-31,learned_order_extension,20260911,0.50667980676185,0.50667980676185,1,0
weekly_state_ungated,2492,2021-04-30,2021-05-12,-0.0190946889464188,2021,2021-03-31,learned_order_extension,20260911,0.7098069326540961,0.7098069326540961,1,0
weekly_state_ungated,2494,2021-05-07,2021-05-17,0.0227674429764228,2021,2021-03-31,learned_order_extension,20260911,0.7808980561683019,0.7808980561683019,1,1
weekly_state_ungated,2499,2021-05-14,2021-05-24,0.0045940519733895,2021,2021-03-31,learned_order_extension,20260911,0.39413011936164705,0.39413011936164705,0,1
weekly_state_ungated,2504,2021-05-21,2021-05-31,0.0348855085126711,2021,2021-03-31,learned_order_extension,20260911,0.6034561668947356,0.6034561668947356,1,1
weekly_state_ungated,2509,2021-05-28,2021-06-07,-0.0062409741861724,2021,2021-03-31,learned_order_extension,20260911,0.5608652950070303,0.5608652950070303,1,0
weekly_state_ungated,2514,2021-06-04,2021-06-15,-0.0125508761771767,2021,2021-03-31,learned_order_extension,20260911,0.41641551181704617,0.41641551181704617,0,0
weekly_state_ungated,2519,2021-06-11,2021-06-21,-0.0250011497424577,2021,2021-03-31,learned_order_extension,20260911,0.1949333176792701,0.1949333176792701,0,0
weekly_state_ungated,2523,2021-06-18,2021-06-28,0.0325308711127356,2021,2021-03-31,learned_order_extension,20260911,0.4247939305836327,0.4247939305836327,0,1
weekly_state_ungated,2528,2021-06-25,2021-07-05,-0.0342297962734196,2021,2021-03-31,learned_order_extension,20260911,0.40325405625265054,0.40325405625265054,0,0
weekly_global_validated,2473,2021-04-02,2021-04-12,-0.0292856811827044,2021,2021-03-31,learned_order_extension,20260911,0.6435569143740099,0.6435569143740099,1,0
weekly_global_validated,2477,2021-04-09,2021-04-19,-0.0120489836840408,2021,2021-03-31,learned_order_extension,20260911,0.5172587608947022,0.5172587608947022,1,0
weekly_global_validated,2482,2021-04-16,2021-04-26,0.0382932540809155,2021,2021-03-31,learned_order_extension,20260911,0.45050831794964574,0.45050831794964574,0,1
weekly_global_validated,2487,2021-04-23,2021-05-06,-0.0112070185917437,2021,2021-03-31,learned_order_extension,20260911,0.50667980676185,0.50667980676185,1,0
weekly_global_validated,2492,2021-04-30,2021-05-12,-0.0190946889464188,2021,2021-03-31,learned_order_extension,20260911,0.7098069326540961,0.7098069326540961,1,0
weekly_global_validated,2494,2021-05-07,2021-05-17,0.0227674429764228,2021,2021-03-31,learned_order_extension,20260911,0.7808980561683019,0.7808980561683019,1,1
weekly_global_validated,2499,2021-05-14,2021-05-24,0.0045940519733895,2021,2021-03-31,learned_order_extension,20260911,0.39413011936164705,0.39413011936164705,0,1
weekly_global_validated,2504,2021-05-21,2021-05-31,0.0348855085126711,2021,2021-03-31,learned_order_extension,20260911,0.6034561668947356,0.6034561668947356,1,1
weekly_global_validated,2509,2021-05-28,2021-06-07,-0.0062409741861724,2021,2021-03-31,learned_order_extension,20260911,0.5608652950070303,0.5608652950070303,1,0
weekly_global_validated,2514,2021-06-04,2021-06-15,-0.0125508761771767,2021,2021-03-31,learned_order_extension,20260911,0.41641551181704617,0.41641551181704617,0,0
weekly_global_validated,2519,2021-06-11,2021-06-21,-0.0250011497424577,2021,2021-03-31,learned_order_extension,20260911,0.1949333176792701,0.1949333176792701,0,0
weekly_global_validated,2523,2021-06-18,2021-06-28,0.0325308711127356,2021,2021-03-31,learned_order_extension,20260911,0.4247939305836327,0.4247939305836327,0,1
weekly_global_validated,2528,2021-06-25,2021-07-05,-0.0342297962734196,2021,2021-03-31,learned_order_extension,20260911,0.40325405625265054,0.40325405625265054,0,0
weekly_global_ungated,2473,2021-04-02,2021-04-12,-0.0292856811827044,2021,2021-03-31,learned_order_extension,20260911,0.6435569143740099,0.6435569143740099,1,0
weekly_global_ungated,2477,2021-04-09,2021-04-19,-0.0120489836840408,2021,2021-03-31,learned_order_extension,20260911,0.5172587608947022,0.5172587608947022,1,0
weekly_global_ungated,2482,2021-04-16,2021-04-26,0.0382932540809155,2021,2021-03-31,learned_order_extension,20260911,0.45050831794964574,0.45050831794964574,0,1
weekly_global_ungated,2487,2021-04-23,2021-05-06,-0.0112070185917437,2021,2021-03-31,learned_order_extension,20260911,0.50667980676185,0.50667980676185,1,0
weekly_global_ungated,2492,2021-04-30,2021-05-12,-0.0190946889464188,2021,2021-03-31,learned_order_extension,20260911,0.7098069326540961,0.7098069326540961,1,0
weekly_global_ungated,2494,2021-05-07,2021-05-17,0.0227674429764228,2021,2021-03-31,learned_order_extension,20260911,0.7808980561683019,0.7808980561683019,1,1
weekly_global_ungated,2499,2021-05-14,2021-05-24,0.0045940519733895,2021,2021-03-31,learned_order_extension,20260911,0.39413011936164705,0.39413011936164705,0,1
weekly_global_ungated,2504,2021-05-21,2021-05-31,0.0348855085126711,2021,2021-03-31,learned_order_extension,20260911,0.6034561668947356,0.6034561668947356,1,1
weekly_global_ungated,2509,2021-05-28,2021-06-07,-0.0062409741861724,2021,2021-03-31,learned_order_extension,20260911,0.5608652950070303,0.5608652950070303,1,0
weekly_global_ungated,2514,2021-06-04,2021-06-15,-0.0125508761771767,2021,2021-03-31,learned_order_extension,20260911,0.41641551181704617,0.41641551181704617,0,0
weekly_global_ungated,2519,2021-06-11,2021-06-21,-0.0250011497424577,2021,2021-03-31,learned_order_extension,20260911,0.1949333176792701,0.1949333176792701,0,0
weekly_global_ungated,2523,2021-06-18,2021-06-28,0.0325308711127356,2021,2021-03-31,learned_order_extension,20260911,0.4247939305836327,0.4247939305836327,0,1
weekly_global_ungated,2528,2021-06-25,2021-07-05,-0.0342297962734196,2021,2021-03-31,learned_order_extension,20260911,0.40325405625265054,0.40325405625265054,0,0
weekly_state_validated,2473,2021-04-02,2021-04-12,-0.0292856811827044,2021,2021-03-31,learned_order_extension,20260912,0.5661836120897463,0.5661836120897463,1,0
weekly_state_validated,2477,2021-04-09,2021-04-19,-0.0120489836840408,2021,2021-03-31,learned_order_extension,20260912,0.687046194737299,0.687046194737299,1,0
weekly_state_validated,2482,2021-04-16,2021-04-26,0.0382932540809155,2021,2021-03-31,learned_order_extension,20260912,0.6079705501613304,0.6079705501613304,1,1
weekly_state_validated,2487,2021-04-23,2021-05-06,-0.0112070185917437,2021,2021-03-31,learned_order_extension,20260912,0.7001630679827717,0.7001630679827717,1,0
weekly_state_validated,2492,2021-04-30,2021-05-12,-0.0190946889464188,2021,2021-03-31,learned_order_extension,20260912,0.4918375430018398,0.4918375430018398,0,0
weekly_state_validated,2494,2021-05-07,2021-05-17,0.0227674429764228,2021,2021-03-31,learned_order_extension,20260912,0.5924909504537539,0.5924909504537539,1,1
weekly_state_validated,2499,2021-05-14,2021-05-24,0.0045940519733895,2021,2021-03-31,learned_order_extension,20260912,0.5211782975246303,0.5211782975246303,1,1
weekly_state_validated,2504,2021-05-21,2021-05-31,0.0348855085126711,2021,2021-03-31,learned_order_extension,20260912,0.6201148626993727,0.6201148626993727,1,1
weekly_state_validated,2509,2021-05-28,2021-06-07,-0.0062409741861724,2021,2021-03-31,learned_order_extension,20260912,0.49912386449059004,0.49912386449059004,0,0
weekly_state_validated,2514,2021-06-04,2021-06-15,-0.0125508761771767,2021,2021-03-31,learned_order_extension,20260912,0.3220408483503156,0.3220408483503156,0,0
weekly_state_validated,2519,2021-06-11,2021-06-21,-0.0250011497424577,2021,2021-03-31,learned_order_extension,20260912,0.4292917957601971,0.4292917957601971,0,0
weekly_state_validated,2523,2021-06-18,2021-06-28,0.0325308711127356,2021,2021-03-31,learned_order_extension,20260912,0.39019861803489025,0.39019861803489025,0,1
weekly_state_validated,2528,2021-06-25,2021-07-05,-0.0342297962734196,2021,2021-03-31,learned_order_extension,20260912,0.28601239769549003,0.28601239769549003,0,0
weekly_state_ungated,2473,2021-04-02,2021-04-12,-0.0292856811827044,2021,2021-03-31,learned_order_extension,20260912,0.5661836120897463,0.5661836120897463,1,0
weekly_state_ungated,2477,2021-04-09,2021-04-19,-0.0120489836840408,2021,2021-03-31,learned_order_extension,20260912,0.687046194737299,0.687046194737299,1,0
weekly_state_ungated,2482,2021-04-16,2021-04-26,0.0382932540809155,2021,2021-03-31,learned_order_extension,20260912,0.6079705501613304,0.6079705501613304,1,1
weekly_state_ungated,2487,2021-04-23,2021-05-06,-0.0112070185917437,2021,2021-03-31,learned_order_extension,20260912,0.7001630679827717,0.7001630679827717,1,0
weekly_state_ungated,2492,2021-04-30,2021-05-12,-0.0190946889464188,2021,2021-03-31,learned_order_extension,20260912,0.4918375430018398,0.4918375430018398,0,0
weekly_state_ungated,2494,2021-05-07,2021-05-17,0.0227674429764228,2021,2021-03-31,learned_order_extension,20260912,0.5924909504537539,0.5924909504537539,1,1
weekly_state_ungated,2499,2021-05-14,2021-05-24,0.0045940519733895,2021,2021-03-31,learned_order_extension,20260912,0.5211782975246303,0.5211782975246303,1,1
weekly_state_ungated,2504,2021-05-21,2021-05-31,0.0348855085126711,2021,2021-03-31,learned_order_extension,20260912,0.6201148626993727,0.6201148626993727,1,1
weekly_state_ungated,2509,2021-05-28,2021-06-07,-0.0062409741861724,2021,2021-03-31,learned_order_extension,20260912,0.49912386449059004,0.49912386449059004,0,0
weekly_state_ungated,2514,2021-06-04,2021-06-15,-0.0125508761771767,2021,2021-03-31,learned_order_extension,20260912,0.3220408483503156,0.3220408483503156,0,0
weekly_state_ungated,2519,2021-06-11,2021-06-21,-0.0250011497424577,2021,2021-03-31,learned_order_extension,20260912,0.4292917957601971,0.4292917957601971,0,0
weekly_state_ungated,2523,2021-06-18,2021-06-28,0.0325308711127356,2021,2021-03-31,learned_order_extension,20260912,0.39019861803489025,0.39019861803489025,0,1
weekly_state_ungated,2528,2021-06-25,2021-07-05,-0.0342297962734196,2021,2021-03-31,learned_order_extension,20260912,0.28601239769549003,0.28601239769549003,0,0
weekly_global_validated,2473,2021-04-02,2021-04-12,-0.0292856811827044,2021,2021-03-31,learned_order_extension,20260912,0.5661836120897463,0.5661836120897463,1,0
weekly_global_validated,2477,2021-04-09,2021-04-19,-0.0120489836840408,2021,2021-03-31,learned_order_extension,20260912,0.687046194737299,0.687046194737299,1,0
weekly_global_validated,2482,2021-04-16,2021-04-26,0.0382932540809155,2021,2021-03-31,learned_order_extension,20260912,0.6079705501613304,0.6079705501613304,1,1
weekly_global_validated,2487,2021-04-23,2021-05-06,-0.0112070185917437,2021,2021-03-31,learned_order_extension,20260912,0.7001630679827717,0.7001630679827717,1,0
weekly_global_validated,2492,2021-04-30,2021-05-12,-0.0190946889464188,2021,2021-03-31,learned_order_extension,20260912,0.4918375430018398,0.4918375430018398,0,0
weekly_global_validated,2494,2021-05-07,2021-05-17,0.0227674429764228,2021,2021-03-31,learned_order_extension,20260912,0.5924909504537539,0.5924909504537539,1,1
weekly_global_validated,2499,2021-05-14,2021-05-24,0.0045940519733895,2021,2021-03-31,learned_order_extension,20260912,0.5211782975246303,0.5211782975246303,1,1
weekly_global_validated,2504,2021-05-21,2021-05-31,0.0348855085126711,2021,2021-03-31,learned_order_extension,20260912,0.6201148626993727,0.6201148626993727,1,1
weekly_global_validated,2509,2021-05-28,2021-06-07,-0.0062409741861724,2021,2021-03-31,learned_order_extension,20260912,0.49912386449059004,0.49912386449059004,0,0
weekly_global_validated,2514,2021-06-04,2021-06-15,-0.0125508761771767,2021,2021-03-31,learned_order_extension,20260912,0.3220408483503156,0.3220408483503156,0,0
weekly_global_validated,2519,2021-06-11,2021-06-21,-0.0250011497424577,2021,2021-03-31,learned_order_extension,20260912,0.4292917957601971,0.4292917957601971,0,0
weekly_global_validated,2523,2021-06-18,2021-06-28,0.0325308711127356,2021,2021-03-31,learned_order_extension,20260912,0.39019861803489025,0.39019861803489025,0,1
weekly_global_validated,2528,2021-06-25,2021-07-05,-0.0342297962734196,2021,2021-03-31,learned_order_extension,20260912,0.28601239769549003,0.28601239769549003,0,0
weekly_global_ungated,2473,2021-04-02,2021-04-12,-0.0292856811827044,2021,2021-03-31,learned_order_extension,20260912,0.5661836120897463,0.5661836120897463,1,0
weekly_global_ungated,2477,2021-04-09,2021-04-19,-0.0120489836840408,2021,2021-03-31,learned_order_extension,20260912,0.687046194737299,0.687046194737299,1,0
weekly_global_ungated,2482,2021-04-16,2021-04-26,0.0382932540809155,2021,2021-03-31,learned_order_extension,20260912,0.6079705501613304,0.6079705501613304,1,1
weekly_global_ungated,2487,2021-04-23,2021-05-06,-0.0112070185917437,2021,2021-03-31,learned_order_extension,20260912,0.7001630679827717,0.7001630679827717,1,0
weekly_global_ungated,2492,2021-04-30,2021-05-12,-0.0190946889464188,2021,2021-03-31,learned_order_extension,20260912,0.4918375430018398,0.4918375430018398,0,0
weekly_global_ungated,2494,2021-05-07,2021-05-17,0.0227674429764228,2021,2021-03-31,learned_order_extension,20260912,0.5924909504537539,0.5924909504537539,1,1
weekly_global_ungated,2499,2021-05-14,2021-05-24,0.0045940519733895,2021,2021-03-31,learned_order_extension,20260912,0.5211782975246303,0.5211782975246303,1,1
weekly_global_ungated,2504,2021-05-21,2021-05-31,0.0348855085126711,2021,2021-03-31,learned_order_extension,20260912,0.6201148626993727,0.6201148626993727,1,1
weekly_global_ungated,2509,2021-05-28,2021-06-07,-0.0062409741861724,2021,2021-03-31,learned_order_extension,20260912,0.49912386449059004,0.49912386449059004,0,0
weekly_global_ungated,2514,2021-06-04,2021-06-15,-0.0125508761771767,2021,2021-03-31,learned_order_extension,20260912,0.3220408483503156,0.3220408483503156,0,0
weekly_global_ungated,2519,2021-06-11,2021-06-21,-0.0250011497424577,2021,2021-03-31,learned_order_extension,20260912,0.4292917957601971,0.4292917957601971,0,0
weekly_global_ungated,2523,2021-06-18,2021-06-28,0.0325308711127356,2021,2021-03-31,learned_order_extension,20260912,0.39019861803489025,0.39019861803489025,0,1
weekly_global_ungated,2528,2021-06-25,2021-07-05,-0.0342297962734196,2021,2021-03-31,learned_order_extension,20260912,0.28601239769549003,0.28601239769549003,0,0
weekly_state_validated,2473,2021-04-02,2021-04-12,-0.0292856811827044,2021,2021-03-31,learned_order_offset,20260910,0.5601705309594638,0.5601705309594638,1,0
weekly_state_validated,2477,2021-04-09,2021-04-19,-0.0120489836840408,2021,2021-03-31,learned_order_offset,20260910,0.7179682807976931,0.7179682807976931,1,0
weekly_state_validated,2482,2021-04-16,2021-04-26,0.0382932540809155,2021,2021-03-31,learned_order_offset,20260910,0.6306810809758883,0.6306810809758883,1,1
weekly_state_validated,2487,2021-04-23,2021-05-06,-0.0112070185917437,2021,2021-03-31,learned_order_offset,20260910,0.7206078147510746,0.7206078147510746,1,0
weekly_state_validated,2492,2021-04-30,2021-05-12,-0.0190946889464188,2021,2021-03-31,learned_order_offset,20260910,0.7081889914509276,0.7081889914509276,1,0
weekly_state_validated,2494,2021-05-07,2021-05-17,0.0227674429764228,2021,2021-03-31,learned_order_offset,20260910,0.7251521525843039,0.7251521525843039,1,1
weekly_state_validated,2499,2021-05-14,2021-05-24,0.0045940519733895,2021,2021-03-31,learned_order_offset,20260910,0.6694154575019221,0.6694154575019221,1,1
weekly_state_validated,2504,2021-05-21,2021-05-31,0.0348855085126711,2021,2021-03-31,learned_order_offset,20260910,0.6371708245860618,0.6371708245860618,1,1
weekly_state_validated,2509,2021-05-28,2021-06-07,-0.0062409741861724,2021,2021-03-31,learned_order_offset,20260910,0.5888200734182478,0.5888200734182478,1,0
weekly_state_validated,2514,2021-06-04,2021-06-15,-0.0125508761771767,2021,2021-03-31,learned_order_offset,20260910,0.45742240834197484,0.45742240834197484,0,0
weekly_state_validated,2519,2021-06-11,2021-06-21,-0.0250011497424577,2021,2021-03-31,learned_order_offset,20260910,0.2701660447902878,0.2701660447902878,0,0
weekly_state_validated,2523,2021-06-18,2021-06-28,0.0325308711127356,2021,2021-03-31,learned_order_offset,20260910,0.2637900504073793,0.2637900504073793,0,1
weekly_state_validated,2528,2021-06-25,2021-07-05,-0.0342297962734196,2021,2021-03-31,learned_order_offset,20260910,0.3559086153667759,0.3559086153667759,0,0
weekly_state_ungated,2473,2021-04-02,2021-04-12,-0.0292856811827044,2021,2021-03-31,learned_order_offset,20260910,0.5601705309594638,0.5601705309594638,1,0
weekly_state_ungated,2477,2021-04-09,2021-04-19,-0.0120489836840408,2021,2021-03-31,learned_order_offset,20260910,0.7179682807976931,0.7179682807976931,1,0
weekly_state_ungated,2482,2021-04-16,2021-04-26,0.0382932540809155,2021,2021-03-31,learned_order_offset,20260910,0.6306810809758883,0.6306810809758883,1,1
weekly_state_ungated,2487,2021-04-23,2021-05-06,-0.0112070185917437,2021,2021-03-31,learned_order_offset,20260910,0.7206078147510746,0.7206078147510746,1,0
weekly_state_ungated,2492,2021-04-30,2021-05-12,-0.0190946889464188,2021,2021-03-31,learned_order_offset,20260910,0.7081889914509276,0.7081889914509276,1,0
weekly_state_ungated,2494,2021-05-07,2021-05-17,0.0227674429764228,2021,2021-03-31,learned_order_offset,20260910,0.7251521525843039,0.7251521525843039,1,1
weekly_state_ungated,2499,2021-05-14,2021-05-24,0.0045940519733895,2021,2021-03-31,learned_order_offset,20260910,0.6694154575019221,0.6694154575019221,1,1
weekly_state_ungated,2504,2021-05-21,2021-05-31,0.0348855085126711,2021,2021-03-31,learned_order_offset,20260910,0.6371708245860618,0.6371708245860618,1,1
weekly_state_ungated,2509,2021-05-28,2021-06-07,-0.0062409741861724,2021,2021-03-31,learned_order_offset,20260910,0.5888200734182478,0.5888200734182478,1,0
weekly_state_ungated,2514,2021-06-04,2021-06-15,-0.0125508761771767,2021,2021-03-31,learned_order_offset,20260910,0.45742240834197484,0.45742240834197484,0,0
weekly_state_ungated,2519,2021-06-11,2021-06-21,-0.0250011497424577,2021,2021-03-31,learned_order_offset,20260910,0.2701660447902878,0.2701660447902878,0,0
weekly_state_ungated,2523,2021-06-18,2021-06-28,0.0325308711127356,2021,2021-03-31,learned_order_offset,20260910,0.2637900504073793,0.2637900504073793,0,1
weekly_state_ungated,2528,2021-06-25,2021-07-05,-0.0342297962734196,2021,2021-03-31,learned_order_offset,20260910,0.3559086153667759,0.3559086153667759,0,0
weekly_global_validated,2473,2021-04-02,2021-04-12,-0.0292856811827044,2021,2021-03-31,learned_order_offset,20260910,0.5601705309594638,0.5601705309594638,1,0
weekly_global_validated,2477,2021-04-09,2021-04-19,-0.0120489836840408,2021,2021-03-31,learned_order_offset,20260910,0.7179682807976931,0.7179682807976931,1,0
weekly_global_validated,2482,2021-04-16,2021-04-26,0.0382932540809155,2021,2021-03-31,learned_order_offset,20260910,0.6306810809758883,0.6306810809758883,1,1
weekly_global_validated,2487,2021-04-23,2021-05-06,-0.0112070185917437,2021,2021-03-31,learned_order_offset,20260910,0.7206078147510746,0.7206078147510746,1,0
weekly_global_validated,2492,2021-04-30,2021-05-12,-0.0190946889464188,2021,2021-03-31,learned_order_offset,20260910,0.7081889914509276,0.7081889914509276,1,0
weekly_global_validated,2494,2021-05-07,2021-05-17,0.0227674429764228,2021,2021-03-31,learned_order_offset,20260910,0.7251521525843039,0.7251521525843039,1,1
weekly_global_validated,2499,2021-05-14,2021-05-24,0.0045940519733895,2021,2021-03-31,learned_order_offset,20260910,0.6694154575019221,0.6694154575019221,1,1
weekly_global_validated,2504,2021-05-21,2021-05-31,0.0348855085126711,2021,2021-03-31,learned_order_offset,20260910,0.6371708245860618,0.6371708245860618,1,1
weekly_global_validated,2509,2021-05-28,2021-06-07,-0.0062409741861724,2021,2021-03-31,learned_order_offset,20260910,0.5888200734182478,0.5888200734182478,1,0
weekly_global_validated,2514,2021-06-04,2021-06-15,-0.0125508761771767,2021,2021-03-31,learned_order_offset,20260910,0.45742240834197484,0.45742240834197484,0,0
weekly_global_validated,2519,2021-06-11,2021-06-21,-0.0250011497424577,2021,2021-03-31,learned_order_offset,20260910,0.2701660447902878,0.2701660447902878,0,0
weekly_global_validated,2523,2021-06-18,2021-06-28,0.0325308711127356,2021,2021-03-31,learned_order_offset,20260910,0.2637900504073793,0.2637900504073793,0,1
weekly_global_validated,2528,2021-06-25,2021-07-05,-0.0342297962734196,2021,2021-03-31,learned_order_offset,20260910,0.3559086153667759,0.3559086153667759,0,0
weekly_global_ungated,2473,2021-04-02,2021-04-12,-0.0292856811827044,2021,2021-03-31,learned_order_offset,20260910,0.5601705309594638,0.5601705309594638,1,0
weekly_global_ungated,2477,2021-04-09,2021-04-19,-0.0120489836840408,2021,2021-03-31,learned_order_offset,20260910,0.7179682807976931,0.7179682807976931,1,0
weekly_global_ungated,2482,2021-04-16,2021-04-26,0.0382932540809155,2021,2021-03-31,learned_order_offset,20260910,0.6306810809758883,0.6306810809758883,1,1
weekly_global_ungated,2487,2021-04-23,2021-05-06,-0.0112070185917437,2021,2021-03-31,learned_order_offset,20260910,0.7206078147510746,0.7206078147510746,1,0
weekly_global_ungated,2492,2021-04-30,2021-05-12,-0.0190946889464188,2021,2021-03-31,learned_order_offset,20260910,0.7081889914509276,0.7081889914509276,1,0
weekly_global_ungated,2494,2021-05-07,2021-05-17,0.0227674429764228,2021,2021-03-31,learned_order_offset,20260910,0.7251521525843039,0.7251521525843039,1,1
weekly_global_ungated,2499,2021-05-14,2021-05-24,0.0045940519733895,2021,2021-03-31,learned_order_offset,20260910,0.6694154575019221,0.6694154575019221,1,1
weekly_global_ungated,2504,2021-05-21,2021-05-31,0.0348855085126711,2021,2021-03-31,learned_order_offset,20260910,0.6371708245860618,0.6371708245860618,1,1
weekly_global_ungated,2509,2021-05-28,2021-06-07,-0.0062409741861724,2021,2021-03-31,learned_order_offset,20260910,0.5888200734182478,0.5888200734182478,1,0
weekly_global_ungated,2514,2021-06-04,2021-06-15,-0.0125508761771767,2021,2021-03-31,learned_order_offset,20260910,0.45742240834197484,0.45742240834197484,0,0
weekly_global_ungated,2519,2021-06-11,2021-06-21,-0.0250011497424577,2021,2021-03-31,learned_order_offset,20260910,0.2701660447902878,0.2701660447902878,0,0
weekly_global_ungated,2523,2021-06-18,2021-06-28,0.0325308711127356,2021,2021-03-31,learned_order_offset,20260910,0.2637900504073793,0.2637900504073793,0,1
weekly_global_ungated,2528,2021-06-25,2021-07-05,-0.0342297962734196,2021,2021-03-31,learned_order_offset,20260910,0.3559086153667759,0.3559086153667759,0,0
weekly_state_validated,2473,2021-04-02,2021-04-12,-0.0292856811827044,2021,2021-03-31,learned_order_offset,20260911,0.6426571671723265,0.6426571671723265,1,0
weekly_state_validated,2477,2021-04-09,2021-04-19,-0.0120489836840408,2021,2021-03-31,learned_order_offset,20260911,0.5170676205088839,0.5170676205088839,1,0
weekly_state_validated,2482,2021-04-16,2021-04-26,0.0382932540809155,2021,2021-03-31,learned_order_offset,20260911,0.45037422792655746,0.45037422792655746,0,1
weekly_state_validated,2487,2021-04-23,2021-05-06,-0.0112070185917437,2021,2021-03-31,learned_order_offset,20260911,0.5047827959577951,0.5047827959577951,1,0
weekly_state_validated,2492,2021-04-30,2021-05-12,-0.0190946889464188,2021,2021-03-31,learned_order_offset,20260911,0.7084828106212467,0.7084828106212467,1,0
weekly_state_validated,2494,2021-05-07,2021-05-17,0.0227674429764228,2021,2021-03-31,learned_order_offset,20260911,0.7798146116297984,0.7798146116297984,1,1
weekly_state_validated,2499,2021-05-14,2021-05-24,0.0045940519733895,2021,2021-03-31,learned_order_offset,20260911,0.39380849753299824,0.39380849753299824,0,1
weekly_state_validated,2504,2021-05-21,2021-05-31,0.0348855085126711,2021,2021-03-31,learned_order_offset,20260911,0.6027515999296177,0.6027515999296177,1,1
weekly_state_validated,2509,2021-05-28,2021-06-07,-0.0062409741861724,2021,2021-03-31,learned_order_offset,20260911,0.5597480832986254,0.5597480832986254,1,0
weekly_state_validated,2514,2021-06-04,2021-06-15,-0.0125508761771767,2021,2021-03-31,learned_order_offset,20260911,0.41739120526524837,0.41739120526524837,0,0
weekly_state_validated,2519,2021-06-11,2021-06-21,-0.0250011497424577,2021,2021-03-31,learned_order_offset,20260911,0.1959833797723796,0.1959833797723796,0,0
weekly_state_validated,2523,2021-06-18,2021-06-28,0.0325308711127356,2021,2021-03-31,learned_order_offset,20260911,0.42516594768657723,0.42516594768657723,0,1
weekly_state_validated,2528,2021-06-25,2021-07-05,-0.0342297962734196,2021,2021-03-31,learned_order_offset,20260911,0.40512520197902574,0.40512520197902574,0,0
weekly_state_ungated,2473,2021-04-02,2021-04-12,-0.0292856811827044,2021,2021-03-31,learned_order_offset,20260911,0.6426571671723265,0.6426571671723265,1,0
weekly_state_ungated,2477,2021-04-09,2021-04-19,-0.0120489836840408,2021,2021-03-31,learned_order_offset,20260911,0.5170676205088839,0.5170676205088839,1,0
weekly_state_ungated,2482,2021-04-16,2021-04-26,0.0382932540809155,2021,2021-03-31,learned_order_offset,20260911,0.45037422792655746,0.45037422792655746,0,1
weekly_state_ungated,2487,2021-04-23,2021-05-06,-0.0112070185917437,2021,2021-03-31,learned_order_offset,20260911,0.5047827959577951,0.5047827959577951,1,0
weekly_state_ungated,2492,2021-04-30,2021-05-12,-0.0190946889464188,2021,2021-03-31,learned_order_offset,20260911,0.7084828106212467,0.7084828106212467,1,0
weekly_state_ungated,2494,2021-05-07,2021-05-17,0.0227674429764228,2021,2021-03-31,learned_order_offset,20260911,0.7798146116297984,0.7798146116297984,1,1
weekly_state_ungated,2499,2021-05-14,2021-05-24,0.0045940519733895,2021,2021-03-31,learned_order_offset,20260911,0.39380849753299824,0.39380849753299824,0,1
weekly_state_ungated,2504,2021-05-21,2021-05-31,0.0348855085126711,2021,2021-03-31,learned_order_offset,20260911,0.6027515999296177,0.6027515999296177,1,1
weekly_state_ungated,2509,2021-05-28,2021-06-07,-0.0062409741861724,2021,2021-03-31,learned_order_offset,20260911,0.5597480832986254,0.5597480832986254,1,0
weekly_state_ungated,2514,2021-06-04,2021-06-15,-0.0125508761771767,2021,2021-03-31,learned_order_offset,20260911,0.41739120526524837,0.41739120526524837,0,0
weekly_state_ungated,2519,2021-06-11,2021-06-21,-0.0250011497424577,2021,2021-03-31,learned_order_offset,20260911,0.1959833797723796,0.1959833797723796,0,0
weekly_state_ungated,2523,2021-06-18,2021-06-28,0.0325308711127356,2021,2021-03-31,learned_order_offset,20260911,0.42516594768657723,0.42516594768657723,0,1
weekly_state_ungated,2528,2021-06-25,2021-07-05,-0.0342297962734196,2021,2021-03-31,learned_order_offset,20260911,0.40512520197902574,0.40512520197902574,0,0
weekly_global_validated,2473,2021-04-02,2021-04-12,-0.0292856811827044,2021,2021-03-31,learned_order_offset,20260911,0.6426571671723265,0.6426571671723265,1,0
weekly_global_validated,2477,2021-04-09,2021-04-19,-0.0120489836840408,2021,2021-03-31,learned_order_offset,20260911,0.5170676205088839,0.5170676205088839,1,0
weekly_global_validated,2482,2021-04-16,2021-04-26,0.0382932540809155,2021,2021-03-31,learned_order_offset,20260911,0.45037422792655746,0.45037422792655746,0,1
weekly_global_validated,2487,2021-04-23,2021-05-06,-0.0112070185917437,2021,2021-03-31,learned_order_offset,20260911,0.5047827959577951,0.5047827959577951,1,0
weekly_global_validated,2492,2021-04-30,2021-05-12,-0.0190946889464188,2021,2021-03-31,learned_order_offset,20260911,0.7084828106212467,0.7084828106212467,1,0
weekly_global_validated,2494,2021-05-07,2021-05-17,0.0227674429764228,2021,2021-03-31,learned_order_offset,20260911,0.7798146116297984,0.7798146116297984,1,1
weekly_global_validated,2499,2021-05-14,2021-05-24,0.0045940519733895,2021,2021-03-31,learned_order_offset,20260911,0.39380849753299824,0.39380849753299824,0,1
weekly_global_validated,2504,2021-05-21,2021-05-31,0.0348855085126711,2021,2021-03-31,learned_order_offset,20260911,0.6027515999296177,0.6027515999296177,1,1
weekly_global_validated,2509,2021-05-28,2021-06-07,-0.0062409741861724,2021,2021-03-31,learned_order_offset,20260911,0.5597480832986254,0.5597480832986254,1,0
weekly_global_validated,2514,2021-06-04,2021-06-15,-0.0125508761771767,2021,2021-03-31,learned_order_offset,20260911,0.41739120526524837,0.41739120526524837,0,0
weekly_global_validated,2519,2021-06-11,2021-06-21,-0.0250011497424577,2021,2021-03-31,learned_order_offset,20260911,0.1959833797723796,0.1959833797723796,0,0
weekly_global_validated,2523,2021-06-18,2021-06-28,0.0325308711127356,2021,2021-03-31,learned_order_offset,20260911,0.42516594768657723,0.42516594768657723,0,1
weekly_global_validated,2528,2021-06-25,2021-07-05,-0.0342297962734196,2021,2021-03-31,learned_order_offset,20260911,0.40512520197902574,0.40512520197902574,0,0
weekly_global_ungated,2473,2021-04-02,2021-04-12,-0.0292856811827044,2021,2021-03-31,learned_order_offset,20260911,0.6426571671723265,0.6426571671723265,1,0
weekly_global_ungated,2477,2021-04-09,2021-04-19,-0.0120489836840408,2021,2021-03-31,learned_order_offset,20260911,0.5170676205088839,0.5170676205088839,1,0
weekly_global_ungated,2482,2021-04-16,2021-04-26,0.0382932540809155,2021,2021-03-31,learned_order_offset,20260911,0.45037422792655746,0.45037422792655746,0,1
weekly_global_ungated,2487,2021-04-23,2021-05-06,-0.0112070185917437,2021,2021-03-31,learned_order_offset,20260911,0.5047827959577951,0.5047827959577951,1,0
weekly_global_ungated,2492,2021-04-30,2021-05-12,-0.0190946889464188,2021,2021-03-31,learned_order_offset,20260911,0.7084828106212467,0.7084828106212467,1,0
weekly_global_ungated,2494,2021-05-07,2021-05-17,0.0227674429764228,2021,2021-03-31,learned_order_offset,20260911,0.7798146116297984,0.7798146116297984,1,1
weekly_global_ungated,2499,2021-05-14,2021-05-24,0.0045940519733895,2021,2021-03-31,learned_order_offset,20260911,0.39380849753299824,0.39380849753299824,0,1
weekly_global_ungated,2504,2021-05-21,2021-05-31,0.0348855085126711,2021,2021-03-31,learned_order_offset,20260911,0.6027515999296177,0.6027515999296177,1,1
weekly_global_ungated,2509,2021-05-28,2021-06-07,-0.0062409741861724,2021,2021-03-31,learned_order_offset,20260911,0.5597480832986254,0.5597480832986254,1,0
weekly_global_ungated,2514,2021-06-04,2021-06-15,-0.0125508761771767,2021,2021-03-31,learned_order_offset,20260911,0.41739120526524837,0.41739120526524837,0,0
weekly_global_ungated,2519,2021-06-11,2021-06-21,-0.0250011497424577,2021,2021-03-31,learned_order_offset,20260911,0.1959833797723796,0.1959833797723796,0,0
weekly_global_ungated,2523,2021-06-18,2021-06-28,0.0325308711127356,2021,2021-03-31,learned_order_offset,20260911,0.42516594768657723,0.42516594768657723,0,1
weekly_global_ungated,2528,2021-06-25,2021-07-05,-0.0342297962734196,2021,2021-03-31,learned_order_offset,20260911,0.40512520197902574,0.40512520197902574,0,0
weekly_state_validated,2473,2021-04-02,2021-04-12,-0.0292856811827044,2021,2021-03-31,learned_order_offset,20260912,0.566102470284805,0.566102470284805,1,0
weekly_state_validated,2477,2021-04-09,2021-04-19,-0.0120489836840408,2021,2021-03-31,learned_order_offset,20260912,0.6869015293782829,0.6869015293782829,1,0
weekly_state_validated,2482,2021-04-16,2021-04-26,0.0382932540809155,2021,2021-03-31,learned_order_offset,20260912,0.6078000978596377,0.6078000978596377,1,1
weekly_state_validated,2487,2021-04-23,2021-05-06,-0.0112070185917437,2021,2021-03-31,learned_order_offset,20260912,0.6999268378054232,0.6999268378054232,1,0
weekly_state_validated,2492,2021-04-30,2021-05-12,-0.0190946889464188,2021,2021-03-31,learned_order_offset,20260912,0.49168441153382075,0.49168441153382075,0,0
weekly_state_validated,2494,2021-05-07,2021-05-17,0.0227674429764228,2021,2021-03-31,learned_order_offset,20260912,0.5919092456876717,0.5919092456876717,1,1
weekly_state_validated,2499,2021-05-14,2021-05-24,0.0045940519733895,2021,2021-03-31,learned_order_offset,20260912,0.5203594988625989,0.5203594988625989,1,1
weekly_state_validated,2504,2021-05-21,2021-05-31,0.0348855085126711,2021,2021-03-31,learned_order_offset,20260912,0.6196299438561572,0.6196299438561572,1,1
weekly_state_validated,2509,2021-05-28,2021-06-07,-0.0062409741861724,2021,2021-03-31,learned_order_offset,20260912,0.498513660109647,0.498513660109647,0,0
weekly_state_validated,2514,2021-06-04,2021-06-15,-0.0125508761771767,2021,2021-03-31,learned_order_offset,20260912,0.32211543056065006,0.32211543056065006,0,0
weekly_state_validated,2519,2021-06-11,2021-06-21,-0.0250011497424577,2021,2021-03-31,learned_order_offset,20260912,0.4292652143972748,0.4292652143972748,0,0
weekly_state_validated,2523,2021-06-18,2021-06-28,0.0325308711127356,2021,2021-03-31,learned_order_offset,20260912,0.389839647004703,0.389839647004703,0,1
weekly_state_validated,2528,2021-06-25,2021-07-05,-0.0342297962734196,2021,2021-03-31,learned_order_offset,20260912,0.2857328768925556,0.2857328768925556,0,0
weekly_state_ungated,2473,2021-04-02,2021-04-12,-0.0292856811827044,2021,2021-03-31,learned_order_offset,20260912,0.566102470284805,0.566102470284805,1,0
weekly_state_ungated,2477,2021-04-09,2021-04-19,-0.0120489836840408,2021,2021-03-31,learned_order_offset,20260912,0.6869015293782829,0.6869015293782829,1,0
weekly_state_ungated,2482,2021-04-16,2021-04-26,0.0382932540809155,2021,2021-03-31,learned_order_offset,20260912,0.6078000978596377,0.6078000978596377,1,1
weekly_state_ungated,2487,2021-04-23,2021-05-06,-0.0112070185917437,2021,2021-03-31,learned_order_offset,20260912,0.6999268378054232,0.6999268378054232,1,0
weekly_state_ungated,2492,2021-04-30,2021-05-12,-0.0190946889464188,2021,2021-03-31,learned_order_offset,20260912,0.49168441153382075,0.49168441153382075,0,0
weekly_state_ungated,2494,2021-05-07,2021-05-17,0.0227674429764228,2021,2021-03-31,learned_order_offset,20260912,0.5919092456876717,0.5919092456876717,1,1
weekly_state_ungated,2499,2021-05-14,2021-05-24,0.0045940519733895,2021,2021-03-31,learned_order_offset,20260912,0.5203594988625989,0.5203594988625989,1,1
weekly_state_ungated,2504,2021-05-21,2021-05-31,0.0348855085126711,2021,2021-03-31,learned_order_offset,20260912,0.6196299438561572,0.6196299438561572,1,1
weekly_state_ungated,2509,2021-05-28,2021-06-07,-0.0062409741861724,2021,2021-03-31,learned_order_offset,20260912,0.498513660109647,0.498513660109647,0,0
weekly_state_ungated,2514,2021-06-04,2021-06-15,-0.0125508761771767,2021,2021-03-31,learned_order_offset,20260912,0.32211543056065006,0.32211543056065006,0,0
weekly_state_ungated,2519,2021-06-11,2021-06-21,-0.0250011497424577,2021,2021-03-31,learned_order_offset,20260912,0.4292652143972748,0.4292652143972748,0,0
weekly_state_ungated,2523,2021-06-18,2021-06-28,0.0325308711127356,2021,2021-03-31,learned_order_offset,20260912,0.389839647004703,0.389839647004703,0,1
weekly_state_ungated,2528,2021-06-25,2021-07-05,-0.0342297962734196,2021,2021-03-31,learned_order_offset,20260912,0.2857328768925556,0.2857328768925556,0,0
weekly_global_validated,2473,2021-04-02,2021-04-12,-0.0292856811827044,2021,2021-03-31,learned_order_offset,20260912,0.566102470284805,0.566102470284805,1,0
weekly_global_validated,2477,2021-04-09,2021-04-19,-0.0120489836840408,2021,2021-03-31,learned_order_offset,20260912,0.6869015293782829,0.6869015293782829,1,0
weekly_global_validated,2482,2021-04-16,2021-04-26,0.0382932540809155,2021,2021-03-31,learned_order_offset,20260912,0.6078000978596377,0.6078000978596377,1,1
weekly_global_validated,2487,2021-04-23,2021-05-06,-0.0112070185917437,2021,2021-03-31,learned_order_offset,20260912,0.6999268378054232,0.6999268378054232,1,0
weekly_global_validated,2492,2021-04-30,2021-05-12,-0.0190946889464188,2021,2021-03-31,learned_order_offset,20260912,0.49168441153382075,0.49168441153382075,0,0
weekly_global_validated,2494,2021-05-07,2021-05-17,0.0227674429764228,2021,2021-03-31,learned_order_offset,20260912,0.5919092456876717,0.5919092456876717,1,1
weekly_global_validated,2499,2021-05-14,2021-05-24,0.0045940519733895,2021,2021-03-31,learned_order_offset,20260912,0.5203594988625989,0.5203594988625989,1,1
weekly_global_validated,2504,2021-05-21,2021-05-31,0.0348855085126711,2021,2021-03-31,learned_order_offset,20260912,0.6196299438561572,0.6196299438561572,1,1
weekly_global_validated,2509,2021-05-28,2021-06-07,-0.0062409741861724,2021,2021-03-31,learned_order_offset,20260912,0.498513660109647,0.498513660109647,0,0
weekly_global_validated,2514,2021-06-04,2021-06-15,-0.0125508761771767,2021,2021-03-31,learned_order_offset,20260912,0.32211543056065006,0.32211543056065006,0,0
weekly_global_validated,2519,2021-06-11,2021-06-21,-0.0250011497424577,2021,2021-03-31,learned_order_offset,20260912,0.4292652143972748,0.4292652143972748,0,0
weekly_global_validated,2523,2021-06-18,2021-06-28,0.0325308711127356,2021,2021-03-31,learned_order_offset,20260912,0.389839647004703,0.389839647004703,0,1
weekly_global_validated,2528,2021-06-25,2021-07-05,-0.0342297962734196,2021,2021-03-31,learned_order_offset,20260912,0.2857328768925556,0.2857328768925556,0,0
weekly_global_ungated,2473,2021-04-02,2021-04-12,-0.0292856811827044,2021,2021-03-31,learned_order_offset,20260912,0.566102470284805,0.566102470284805,1,0
weekly_global_ungated,2477,2021-04-09,2021-04-19,-0.0120489836840408,2021,2021-03-31,learned_order_offset,20260912,0.6869015293782829,0.6869015293782829,1,0
weekly_global_ungated,2482,2021-04-16,2021-04-26,0.0382932540809155,2021,2021-03-31,learned_order_offset,20260912,0.6078000978596377,0.6078000978596377,1,1
weekly_global_ungated,2487,2021-04-23,2021-05-06,-0.0112070185917437,2021,2021-03-31,learned_order_offset,20260912,0.6999268378054232,0.6999268378054232,1,0
weekly_global_ungated,2492,2021-04-30,2021-05-12,-0.0190946889464188,2021,2021-03-31,learned_order_offset,20260912,0.49168441153382075,0.49168441153382075,0,0
weekly_global_ungated,2494,2021-05-07,2021-05-17,0.0227674429764228,2021,2021-03-31,learned_order_offset,20260912,0.5919092456876717,0.5919092456876717,1,1
weekly_global_ungated,2499,2021-05-14,2021-05-24,0.0045940519733895,2021,2021-03-31,learned_order_offset,20260912,0.5203594988625989,0.5203594988625989,1,1
weekly_global_ungated,2504,2021-05-21,2021-05-31,0.0348855085126711,2021,2021-03-31,learned_order_offset,20260912,0.6196299438561572,0.6196299438561572,1,1
weekly_global_ungated,2509,2021-05-28,2021-06-07,-0.0062409741861724,2021,2021-03-31,learned_order_offset,20260912,0.498513660109647,0.498513660109647,0,0
weekly_global_ungated,2514,2021-06-04,2021-06-15,-0.0125508761771767,2021,2021-03-31,learned_order_offset,20260912,0.32211543056065006,0.32211543056065006,0,0
weekly_global_ungated,2519,2021-06-11,2021-06-21,-0.0250011497424577,2021,2021-03-31,learned_order_offset,20260912,0.4292652143972748,0.4292652143972748,0,0
weekly_global_ungated,2523,2021-06-18,2021-06-28,0.0325308711127356,2021,2021-03-31,learned_order_offset,20260912,0.389839647004703,0.389839647004703,0,1
weekly_global_ungated,2528,2021-06-25,2021-07-05,-0.0342297962734196,2021,2021-03-31,learned_order_offset,20260912,0.2857328768925556,0.2857328768925556,0,0
weekly_state_validated,2533,2021-07-02,2021-07-12,0.0068193733271841,2021,2021-06-30,learned_market,20260910,0.3704733615248586,0.3704733615248586,0,1
weekly_state_validated,2538,2021-07-09,2021-07-19,-0.0048254045313779,2021,2021-06-30,learned_market,20260910,0.38743639841929484,0.38743639841929484,0,0
weekly_state_validated,2543,2021-07-16,2021-07-26,-0.0032299118953994,2021,2021-06-30,learned_market,20260910,0.3392496570286791,0.3392496570286791,0,0
weekly_state_validated,2548,2021-07-23,2021-08-02,-0.0537740931579083,2021,2021-06-30,learned_market,20260910,0.4242757327433418,0.4242757327433418,0,0
weekly_state_validated,2553,2021-07-30,2021-08-09,0.019904813945049,2021,2021-06-30,learned_market,20260910,0.44622832370349025,0.44622832370349025,0,1
weekly_state_validated,2558,2021-08-06,2021-08-16,0.0093369268709639,2021,2021-06-30,learned_market,20260910,0.40768230665718896,0.40768230665718896,0,1
weekly_state_validated,2563,2021-08-13,2021-08-23,-0.032048736608373,2021,2021-06-30,learned_market,20260910,0.4025918663246775,0.4025918663246775,0,0
weekly_state_validated,2568,2021-08-20,2021-08-30,0.0145047962107527,2021,2021-06-30,learned_market,20260910,0.5581931205458567,0.5581931205458567,1,1
weekly_state_validated,2573,2021-08-27,2021-09-06,-0.0012316820816045,2021,2021-06-30,learned_market,20260910,0.5652685808405962,0.5652685808405962,1,0
weekly_state_validated,2578,2021-09-03,2021-09-13,0.0342301066295398,2021,2021-06-30,learned_market,20260910,0.7414364016645572,0.7414364016645572,1,1
weekly_state_validated,2583,2021-09-10,2021-09-22,-0.0471441667981554,2021,2021-06-30,learned_market,20260910,0.7365374093158319,0.7365374093158319,1,0
weekly_state_validated,2588,2021-09-17,2021-09-28,0.0209863060789441,2021,2021-06-30,learned_market,20260910,0.7129908769856873,0.7129908769856873,1,1
weekly_state_validated,2591,2021-09-24,2021-10-11,0.0144615416200457,2021,2021-06-30,learned_market,20260910,0.7494998617287155,0.7494998617287155,1,1
weekly_state_ungated,2533,2021-07-02,2021-07-12,0.0068193733271841,2021,2021-06-30,learned_market,20260910,0.3704733615248586,0.3704733615248586,0,1
weekly_state_ungated,2538,2021-07-09,2021-07-19,-0.0048254045313779,2021,2021-06-30,learned_market,20260910,0.38743639841929484,0.38743639841929484,0,0
weekly_state_ungated,2543,2021-07-16,2021-07-26,-0.0032299118953994,2021,2021-06-30,learned_market,20260910,0.3392496570286791,0.3392496570286791,0,0
weekly_state_ungated,2548,2021-07-23,2021-08-02,-0.0537740931579083,2021,2021-06-30,learned_market,20260910,0.4242757327433418,0.4242757327433418,0,0
weekly_state_ungated,2553,2021-07-30,2021-08-09,0.019904813945049,2021,2021-06-30,learned_market,20260910,0.44622832370349025,0.44622832370349025,0,1
weekly_state_ungated,2558,2021-08-06,2021-08-16,0.0093369268709639,2021,2021-06-30,learned_market,20260910,0.40768230665718896,0.40768230665718896,0,1
weekly_state_ungated,2563,2021-08-13,2021-08-23,-0.032048736608373,2021,2021-06-30,learned_market,20260910,0.4025918663246775,0.4025918663246775,0,0
weekly_state_ungated,2568,2021-08-20,2021-08-30,0.0145047962107527,2021,2021-06-30,learned_market,20260910,0.5581931205458567,0.5581931205458567,1,1
weekly_state_ungated,2573,2021-08-27,2021-09-06,-0.0012316820816045,2021,2021-06-30,learned_market,20260910,0.5652685808405962,0.5652685808405962,1,0
weekly_state_ungated,2578,2021-09-03,2021-09-13,0.0342301066295398,2021,2021-06-30,learned_market,20260910,0.7414364016645572,0.7414364016645572,1,1
weekly_state_ungated,2583,2021-09-10,2021-09-22,-0.0471441667981554,2021,2021-06-30,learned_market,20260910,0.7365374093158319,0.7365374093158319,1,0
weekly_state_ungated,2588,2021-09-17,2021-09-28,0.0209863060789441,2021,2021-06-30,learned_market,20260910,0.7129908769856873,0.7129908769856873,1,1
weekly_state_ungated,2591,2021-09-24,2021-10-11,0.0144615416200457,2021,2021-06-30,learned_market,20260910,0.7494998617287155,0.7494998617287155,1,1
weekly_global_validated,2533,2021-07-02,2021-07-12,0.0068193733271841,2021,2021-06-30,learned_market,20260910,0.3704733615248586,0.3704733615248586,0,1
weekly_global_validated,2538,2021-07-09,2021-07-19,-0.0048254045313779,2021,2021-06-30,learned_market,20260910,0.38743639841929484,0.38743639841929484,0,0
weekly_global_validated,2543,2021-07-16,2021-07-26,-0.0032299118953994,2021,2021-06-30,learned_market,20260910,0.3392496570286791,0.3392496570286791,0,0
weekly_global_validated,2548,2021-07-23,2021-08-02,-0.0537740931579083,2021,2021-06-30,learned_market,20260910,0.4242757327433418,0.4242757327433418,0,0
weekly_global_validated,2553,2021-07-30,2021-08-09,0.019904813945049,2021,2021-06-30,learned_market,20260910,0.44622832370349025,0.44622832370349025,0,1
weekly_global_validated,2558,2021-08-06,2021-08-16,0.0093369268709639,2021,2021-06-30,learned_market,20260910,0.40768230665718896,0.40768230665718896,0,1
weekly_global_validated,2563,2021-08-13,2021-08-23,-0.032048736608373,2021,2021-06-30,learned_market,20260910,0.4025918663246775,0.4025918663246775,0,0
weekly_global_validated,2568,2021-08-20,2021-08-30,0.0145047962107527,2021,2021-06-30,learned_market,20260910,0.5581931205458567,0.5581931205458567,1,1
weekly_global_validated,2573,2021-08-27,2021-09-06,-0.0012316820816045,2021,2021-06-30,learned_market,20260910,0.5652685808405962,0.5652685808405962,1,0
weekly_global_validated,2578,2021-09-03,2021-09-13,0.0342301066295398,2021,2021-06-30,learned_market,20260910,0.7414364016645572,0.7414364016645572,1,1
weekly_global_validated,2583,2021-09-10,2021-09-22,-0.0471441667981554,2021,2021-06-30,learned_market,20260910,0.7365374093158319,0.7365374093158319,1,0
weekly_global_validated,2588,2021-09-17,2021-09-28,0.0209863060789441,2021,2021-06-30,learned_market,20260910,0.7129908769856873,0.7129908769856873,1,1
weekly_global_validated,2591,2021-09-24,2021-10-11,0.0144615416200457,2021,2021-06-30,learned_market,20260910,0.7494998617287155,0.7494998617287155,1,1
weekly_global_ungated,2533,2021-07-02,2021-07-12,0.0068193733271841,2021,2021-06-30,learned_market,20260910,0.3704733615248586,0.3704733615248586,0,1
weekly_global_ungated,2538,2021-07-09,2021-07-19,-0.0048254045313779,2021,2021-06-30,learned_market,20260910,0.38743639841929484,0.38743639841929484,0,0
weekly_global_ungated,2543,2021-07-16,2021-07-26,-0.0032299118953994,2021,2021-06-30,learned_market,20260910,0.3392496570286791,0.3392496570286791,0,0
weekly_global_ungated,2548,2021-07-23,2021-08-02,-0.0537740931579083,2021,2021-06-30,learned_market,20260910,0.4242757327433418,0.4242757327433418,0,0
weekly_global_ungated,2553,2021-07-30,2021-08-09,0.019904813945049,2021,2021-06-30,learned_market,20260910,0.44622832370349025,0.44622832370349025,0,1
weekly_global_ungated,2558,2021-08-06,2021-08-16,0.0093369268709639,2021,2021-06-30,learned_market,20260910,0.40768230665718896,0.40768230665718896,0,1
weekly_global_ungated,2563,2021-08-13,2021-08-23,-0.032048736608373,2021,2021-06-30,learned_market,20260910,0.4025918663246775,0.4025918663246775,0,0
weekly_global_ungated,2568,2021-08-20,2021-08-30,0.0145047962107527,2021,2021-06-30,learned_market,20260910,0.5581931205458567,0.5581931205458567,1,1
weekly_global_ungated,2573,2021-08-27,2021-09-06,-0.0012316820816045,2021,2021-06-30,learned_market,20260910,0.5652685808405962,0.5652685808405962,1,0
weekly_global_ungated,2578,2021-09-03,2021-09-13,0.0342301066295398,2021,2021-06-30,learned_market,20260910,0.7414364016645572,0.7414364016645572,1,1
weekly_global_ungated,2583,2021-09-10,2021-09-22,-0.0471441667981554,2021,2021-06-30,learned_market,20260910,0.7365374093158319,0.7365374093158319,1,0
weekly_global_ungated,2588,2021-09-17,2021-09-28,0.0209863060789441,2021,2021-06-30,learned_market,20260910,0.7129908769856873,0.7129908769856873,1,1
weekly_global_ungated,2591,2021-09-24,2021-10-11,0.0144615416200457,2021,2021-06-30,learned_market,20260910,0.7494998617287155,0.7494998617287155,1,1
weekly_state_validated,2533,2021-07-02,2021-07-12,0.0068193733271841,2021,2021-06-30,learned_market,20260911,0.48682640109202396,0.48682640109202396,0,1
weekly_state_validated,2538,2021-07-09,2021-07-19,-0.0048254045313779,2021,2021-06-30,learned_market,20260911,0.24332467078520445,0.24332467078520445,0,0
weekly_state_validated,2543,2021-07-16,2021-07-26,-0.0032299118953994,2021,2021-06-30,learned_market,20260911,0.35925555662388703,0.35925555662388703,0,0
weekly_state_validated,2548,2021-07-23,2021-08-02,-0.0537740931579083,2021,2021-06-30,learned_market,20260911,0.39776512063817443,0.39776512063817443,0,0
weekly_state_validated,2553,2021-07-30,2021-08-09,0.019904813945049,2021,2021-06-30,learned_market,20260911,0.552232244409667,0.552232244409667,1,1
weekly_state_validated,2558,2021-08-06,2021-08-16,0.0093369268709639,2021,2021-06-30,learned_market,20260911,0.6069177458010507,0.6069177458010507,1,1
weekly_state_validated,2563,2021-08-13,2021-08-23,-0.032048736608373,2021,2021-06-30,learned_market,20260911,0.6395330957156883,0.6395330957156883,1,0
weekly_state_validated,2568,2021-08-20,2021-08-30,0.0145047962107527,2021,2021-06-30,learned_market,20260911,0.49778467368571605,0.49778467368571605,0,1
weekly_state_validated,2573,2021-08-27,2021-09-06,-0.0012316820816045,2021,2021-06-30,learned_market,20260911,0.7992998823896141,0.7992998823896141,1,0
weekly_state_validated,2578,2021-09-03,2021-09-13,0.0342301066295398,2021,2021-06-30,learned_market,20260911,0.7641264012677613,0.7641264012677613,1,1
weekly_state_validated,2583,2021-09-10,2021-09-22,-0.0471441667981554,2021,2021-06-30,learned_market,20260911,0.7188187190189923,0.7188187190189923,1,0
weekly_state_validated,2588,2021-09-17,2021-09-28,0.0209863060789441,2021,2021-06-30,learned_market,20260911,0.752347288149094,0.752347288149094,1,1
weekly_state_validated,2591,2021-09-24,2021-10-11,0.0144615416200457,2021,2021-06-30,learned_market,20260911,0.64950288661138,0.64950288661138,1,1
weekly_state_ungated,2533,2021-07-02,2021-07-12,0.0068193733271841,2021,2021-06-30,learned_market,20260911,0.48682640109202396,0.48682640109202396,0,1
weekly_state_ungated,2538,2021-07-09,2021-07-19,-0.0048254045313779,2021,2021-06-30,learned_market,20260911,0.24332467078520445,0.24332467078520445,0,0
weekly_state_ungated,2543,2021-07-16,2021-07-26,-0.0032299118953994,2021,2021-06-30,learned_market,20260911,0.35925555662388703,0.35925555662388703,0,0
weekly_state_ungated,2548,2021-07-23,2021-08-02,-0.0537740931579083,2021,2021-06-30,learned_market,20260911,0.39776512063817443,0.39776512063817443,0,0
weekly_state_ungated,2553,2021-07-30,2021-08-09,0.019904813945049,2021,2021-06-30,learned_market,20260911,0.552232244409667,0.552232244409667,1,1
weekly_state_ungated,2558,2021-08-06,2021-08-16,0.0093369268709639,2021,2021-06-30,learned_market,20260911,0.6069177458010507,0.6069177458010507,1,1
weekly_state_ungated,2563,2021-08-13,2021-08-23,-0.032048736608373,2021,2021-06-30,learned_market,20260911,0.6395330957156883,0.6395330957156883,1,0
weekly_state_ungated,2568,2021-08-20,2021-08-30,0.0145047962107527,2021,2021-06-30,learned_market,20260911,0.49778467368571605,0.49778467368571605,0,1
weekly_state_ungated,2573,2021-08-27,2021-09-06,-0.0012316820816045,2021,2021-06-30,learned_market,20260911,0.7992998823896141,0.7992998823896141,1,0
weekly_state_ungated,2578,2021-09-03,2021-09-13,0.0342301066295398,2021,2021-06-30,learned_market,20260911,0.7641264012677613,0.7641264012677613,1,1
weekly_state_ungated,2583,2021-09-10,2021-09-22,-0.0471441667981554,2021,2021-06-30,learned_market,20260911,0.7188187190189923,0.7188187190189923,1,0
weekly_state_ungated,2588,2021-09-17,2021-09-28,0.0209863060789441,2021,2021-06-30,learned_market,20260911,0.752347288149094,0.752347288149094,1,1
weekly_state_ungated,2591,2021-09-24,2021-10-11,0.0144615416200457,2021,2021-06-30,learned_market,20260911,0.64950288661138,0.64950288661138,1,1
weekly_global_validated,2533,2021-07-02,2021-07-12,0.0068193733271841,2021,2021-06-30,learned_market,20260911,0.48682640109202396,0.48682640109202396,0,1
weekly_global_validated,2538,2021-07-09,2021-07-19,-0.0048254045313779,2021,2021-06-30,learned_market,20260911,0.24332467078520445,0.24332467078520445,0,0
weekly_global_validated,2543,2021-07-16,2021-07-26,-0.0032299118953994,2021,2021-06-30,learned_market,20260911,0.35925555662388703,0.35925555662388703,0,0
weekly_global_validated,2548,2021-07-23,2021-08-02,-0.0537740931579083,2021,2021-06-30,learned_market,20260911,0.39776512063817443,0.39776512063817443,0,0
weekly_global_validated,2553,2021-07-30,2021-08-09,0.019904813945049,2021,2021-06-30,learned_market,20260911,0.552232244409667,0.552232244409667,1,1
weekly_global_validated,2558,2021-08-06,2021-08-16,0.0093369268709639,2021,2021-06-30,learned_market,20260911,0.6069177458010507,0.6069177458010507,1,1
weekly_global_validated,2563,2021-08-13,2021-08-23,-0.032048736608373,2021,2021-06-30,learned_market,20260911,0.6395330957156883,0.6395330957156883,1,0
weekly_global_validated,2568,2021-08-20,2021-08-30,0.0145047962107527,2021,2021-06-30,learned_market,20260911,0.49778467368571605,0.49778467368571605,0,1
weekly_global_validated,2573,2021-08-27,2021-09-06,-0.0012316820816045,2021,2021-06-30,learned_market,20260911,0.7992998823896141,0.7992998823896141,1,0
weekly_global_validated,2578,2021-09-03,2021-09-13,0.0342301066295398,2021,2021-06-30,learned_market,20260911,0.7641264012677613,0.7641264012677613,1,1
weekly_global_validated,2583,2021-09-10,2021-09-22,-0.0471441667981554,2021,2021-06-30,learned_market,20260911,0.7188187190189923,0.7188187190189923,1,0
weekly_global_validated,2588,2021-09-17,2021-09-28,0.0209863060789441,2021,2021-06-30,learned_market,20260911,0.752347288149094,0.752347288149094,1,1
weekly_global_validated,2591,2021-09-24,2021-10-11,0.0144615416200457,2021,2021-06-30,learned_market,20260911,0.64950288661138,0.64950288661138,1,1
weekly_global_ungated,2533,2021-07-02,2021-07-12,0.0068193733271841,2021,2021-06-30,learned_market,20260911,0.48682640109202396,0.48682640109202396,0,1
weekly_global_ungated,2538,2021-07-09,2021-07-19,-0.0048254045313779,2021,2021-06-30,learned_market,20260911,0.24332467078520445,0.24332467078520445,0,0
weekly_global_ungated,2543,2021-07-16,2021-07-26,-0.0032299118953994,2021,2021-06-30,learned_market,20260911,0.35925555662388703,0.35925555662388703,0,0
weekly_global_ungated,2548,2021-07-23,2021-08-02,-0.0537740931579083,2021,2021-06-30,learned_market,20260911,0.39776512063817443,0.39776512063817443,0,0
weekly_global_ungated,2553,2021-07-30,2021-08-09,0.019904813945049,2021,2021-06-30,learned_market,20260911,0.552232244409667,0.552232244409667,1,1
weekly_global_ungated,2558,2021-08-06,2021-08-16,0.0093369268709639,2021,2021-06-30,learned_market,20260911,0.6069177458010507,0.6069177458010507,1,1
weekly_global_ungated,2563,2021-08-13,2021-08-23,-0.032048736608373,2021,2021-06-30,learned_market,20260911,0.6395330957156883,0.6395330957156883,1,0
weekly_global_ungated,2568,2021-08-20,2021-08-30,0.0145047962107527,2021,2021-06-30,learned_market,20260911,0.49778467368571605,0.49778467368571605,0,1
weekly_global_ungated,2573,2021-08-27,2021-09-06,-0.0012316820816045,2021,2021-06-30,learned_market,20260911,0.7992998823896141,0.7992998823896141,1,0
weekly_global_ungated,2578,2021-09-03,2021-09-13,0.0342301066295398,2021,2021-06-30,learned_market,20260911,0.7641264012677613,0.7641264012677613,1,1
weekly_global_ungated,2583,2021-09-10,2021-09-22,-0.0471441667981554,2021,2021-06-30,learned_market,20260911,0.7188187190189923,0.7188187190189923,1,0
weekly_global_ungated,2588,2021-09-17,2021-09-28,0.0209863060789441,2021,2021-06-30,learned_market,20260911,0.752347288149094,0.752347288149094,1,1
weekly_global_ungated,2591,2021-09-24,2021-10-11,0.0144615416200457,2021,2021-06-30,learned_market,20260911,0.64950288661138,0.64950288661138,1,1
weekly_state_validated,2533,2021-07-02,2021-07-12,0.0068193733271841,2021,2021-06-30,learned_market,20260912,0.5151635455277491,0.5151635455277491,1,1
weekly_state_validated,2538,2021-07-09,2021-07-19,-0.0048254045313779,2021,2021-06-30,learned_market,20260912,0.6207119283283139,0.6207119283283139,1,0
weekly_state_validated,2543,2021-07-16,2021-07-26,-0.0032299118953994,2021,2021-06-30,learned_market,20260912,0.49005551482262627,0.49005551482262627,0,0
weekly_state_validated,2548,2021-07-23,2021-08-02,-0.0537740931579083,2021,2021-06-30,learned_market,20260912,0.6154753433492549,0.6154753433492549,1,0
weekly_state_validated,2553,2021-07-30,2021-08-09,0.019904813945049,2021,2021-06-30,learned_market,20260912,0.5234204191777538,0.5234204191777538,1,1
weekly_state_validated,2558,2021-08-06,2021-08-16,0.0093369268709639,2021,2021-06-30,learned_market,20260912,0.5141172877385481,0.5141172877385481,1,1
weekly_state_validated,2563,2021-08-13,2021-08-23,-0.032048736608373,2021,2021-06-30,learned_market,20260912,0.799712207667327,0.799712207667327,1,0
weekly_state_validated,2568,2021-08-20,2021-08-30,0.0145047962107527,2021,2021-06-30,learned_market,20260912,0.6945524744678218,0.6945524744678218,1,1
weekly_state_validated,2573,2021-08-27,2021-09-06,-0.0012316820816045,2021,2021-06-30,learned_market,20260912,0.650209110265474,0.650209110265474,1,0
weekly_state_validated,2578,2021-09-03,2021-09-13,0.0342301066295398,2021,2021-06-30,learned_market,20260912,0.5845335348210389,0.5845335348210389,1,1
weekly_state_validated,2583,2021-09-10,2021-09-22,-0.0471441667981554,2021,2021-06-30,learned_market,20260912,0.5978406592956743,0.5978406592956743,1,0
weekly_state_validated,2588,2021-09-17,2021-09-28,0.0209863060789441,2021,2021-06-30,learned_market,20260912,0.5426754501942058,0.5426754501942058,1,1
weekly_state_validated,2591,2021-09-24,2021-10-11,0.0144615416200457,2021,2021-06-30,learned_market,20260912,0.43126701380981713,0.43126701380981713,0,1
weekly_state_ungated,2533,2021-07-02,2021-07-12,0.0068193733271841,2021,2021-06-30,learned_market,20260912,0.5151635455277491,0.5151635455277491,1,1
weekly_state_ungated,2538,2021-07-09,2021-07-19,-0.0048254045313779,2021,2021-06-30,learned_market,20260912,0.6207119283283139,0.6207119283283139,1,0
weekly_state_ungated,2543,2021-07-16,2021-07-26,-0.0032299118953994,2021,2021-06-30,learned_market,20260912,0.49005551482262627,0.49005551482262627,0,0
weekly_state_ungated,2548,2021-07-23,2021-08-02,-0.0537740931579083,2021,2021-06-30,learned_market,20260912,0.6154753433492549,0.6154753433492549,1,0
weekly_state_ungated,2553,2021-07-30,2021-08-09,0.019904813945049,2021,2021-06-30,learned_market,20260912,0.5234204191777538,0.5234204191777538,1,1
weekly_state_ungated,2558,2021-08-06,2021-08-16,0.0093369268709639,2021,2021-06-30,learned_market,20260912,0.5141172877385481,0.5141172877385481,1,1
weekly_state_ungated,2563,2021-08-13,2021-08-23,-0.032048736608373,2021,2021-06-30,learned_market,20260912,0.799712207667327,0.799712207667327,1,0
weekly_state_ungated,2568,2021-08-20,2021-08-30,0.0145047962107527,2021,2021-06-30,learned_market,20260912,0.6945524744678218,0.6945524744678218,1,1
weekly_state_ungated,2573,2021-08-27,2021-09-06,-0.0012316820816045,2021,2021-06-30,learned_market,20260912,0.650209110265474,0.650209110265474,1,0
weekly_state_ungated,2578,2021-09-03,2021-09-13,0.0342301066295398,2021,2021-06-30,learned_market,20260912,0.5845335348210389,0.5845335348210389,1,1
weekly_state_ungated,2583,2021-09-10,2021-09-22,-0.0471441667981554,2021,2021-06-30,learned_market,20260912,0.5978406592956743,0.5978406592956743,1,0
weekly_state_ungated,2588,2021-09-17,2021-09-28,0.0209863060789441,2021,2021-06-30,learned_market,20260912,0.5426754501942058,0.5426754501942058,1,1
weekly_state_ungated,2591,2021-09-24,2021-10-11,0.0144615416200457,2021,2021-06-30,learned_market,20260912,0.43126701380981713,0.43126701380981713,0,1
weekly_global_validated,2533,2021-07-02,2021-07-12,0.0068193733271841,2021,2021-06-30,learned_market,20260912,0.5151635455277491,0.5151635455277491,1,1
weekly_global_validated,2538,2021-07-09,2021-07-19,-0.0048254045313779,2021,2021-06-30,learned_market,20260912,0.6207119283283139,0.6207119283283139,1,0
weekly_global_validated,2543,2021-07-16,2021-07-26,-0.0032299118953994,2021,2021-06-30,learned_market,20260912,0.49005551482262627,0.49005551482262627,0,0
weekly_global_validated,2548,2021-07-23,2021-08-02,-0.0537740931579083,2021,2021-06-30,learned_market,20260912,0.6154753433492549,0.6154753433492549,1,0
weekly_global_validated,2553,2021-07-30,2021-08-09,0.019904813945049,2021,2021-06-30,learned_market,20260912,0.5234204191777538,0.5234204191777538,1,1
weekly_global_validated,2558,2021-08-06,2021-08-16,0.0093369268709639,2021,2021-06-30,learned_market,20260912,0.5141172877385481,0.5141172877385481,1,1
weekly_global_validated,2563,2021-08-13,2021-08-23,-0.032048736608373,2021,2021-06-30,learned_market,20260912,0.799712207667327,0.799712207667327,1,0
weekly_global_validated,2568,2021-08-20,2021-08-30,0.0145047962107527,2021,2021-06-30,learned_market,20260912,0.6945524744678218,0.6945524744678218,1,1
weekly_global_validated,2573,2021-08-27,2021-09-06,-0.0012316820816045,2021,2021-06-30,learned_market,20260912,0.650209110265474,0.650209110265474,1,0
weekly_global_validated,2578,2021-09-03,2021-09-13,0.0342301066295398,2021,2021-06-30,learned_market,20260912,0.5845335348210389,0.5845335348210389,1,1
weekly_global_validated,2583,2021-09-10,2021-09-22,-0.0471441667981554,2021,2021-06-30,learned_market,20260912,0.5978406592956743,0.5978406592956743,1,0
weekly_global_validated,2588,2021-09-17,2021-09-28,0.0209863060789441,2021,2021-06-30,learned_market,20260912,0.5426754501942058,0.5426754501942058,1,1
weekly_global_validated,2591,2021-09-24,2021-10-11,0.0144615416200457,2021,2021-06-30,learned_market,20260912,0.43126701380981713,0.43126701380981713,0,1
weekly_global_ungated,2533,2021-07-02,2021-07-12,0.0068193733271841,2021,2021-06-30,learned_market,20260912,0.5151635455277491,0.5151635455277491,1,1
weekly_global_ungated,2538,2021-07-09,2021-07-19,-0.0048254045313779,2021,2021-06-30,learned_market,20260912,0.6207119283283139,0.6207119283283139,1,0
weekly_global_ungated,2543,2021-07-16,2021-07-26,-0.0032299118953994,2021,2021-06-30,learned_market,20260912,0.49005551482262627,0.49005551482262627,0,0
weekly_global_ungated,2548,2021-07-23,2021-08-02,-0.0537740931579083,2021,2021-06-30,learned_market,20260912,0.6154753433492549,0.6154753433492549,1,0
weekly_global_ungated,2553,2021-07-30,2021-08-09,0.019904813945049,2021,2021-06-30,learned_market,20260912,0.5234204191777538,0.5234204191777538,1,1
weekly_global_ungated,2558,2021-08-06,2021-08-16,0.0093369268709639,2021,2021-06-30,learned_market,20260912,0.5141172877385481,0.5141172877385481,1,1
weekly_global_ungated,2563,2021-08-13,2021-08-23,-0.032048736608373,2021,2021-06-30,learned_market,20260912,0.799712207667327,0.799712207667327,1,0
weekly_global_ungated,2568,2021-08-20,2021-08-30,0.0145047962107527,2021,2021-06-30,learned_market,20260912,0.6945524744678218,0.6945524744678218,1,1
weekly_global_ungated,2573,2021-08-27,2021-09-06,-0.0012316820816045,2021,2021-06-30,learned_market,20260912,0.650209110265474,0.650209110265474,1,0
weekly_global_ungated,2578,2021-09-03,2021-09-13,0.0342301066295398,2021,2021-06-30,learned_market,20260912,0.5845335348210389,0.5845335348210389,1,1
weekly_global_ungated,2583,2021-09-10,2021-09-22,-0.0471441667981554,2021,2021-06-30,learned_market,20260912,0.5978406592956743,0.5978406592956743,1,0
weekly_global_ungated,2588,2021-09-17,2021-09-28,0.0209863060789441,2021,2021-06-30,learned_market,20260912,0.5426754501942058,0.5426754501942058,1,1
weekly_global_ungated,2591,2021-09-24,2021-10-11,0.0144615416200457,2021,2021-06-30,learned_market,20260912,0.43126701380981713,0.43126701380981713,0,1
weekly_state_validated,2533,2021-07-02,2021-07-12,0.0068193733271841,2021,2021-06-30,learned_vol_interaction,20260910,0.33854643902626746,0.33854643902626746,0,1
weekly_state_validated,2538,2021-07-09,2021-07-19,-0.0048254045313779,2021,2021-06-30,learned_vol_interaction,20260910,0.33440628192539174,0.33440628192539174,0,0
weekly_state_validated,2543,2021-07-16,2021-07-26,-0.0032299118953994,2021,2021-06-30,learned_vol_interaction,20260910,0.2983054237457592,0.2983054237457592,0,0
weekly_state_validated,2548,2021-07-23,2021-08-02,-0.0537740931579083,2021,2021-06-30,learned_vol_interaction,20260910,0.3973707608981436,0.3973707608981436,0,0
weekly_state_validated,2553,2021-07-30,2021-08-09,0.019904813945049,2021,2021-06-30,learned_vol_interaction,20260910,0.45645753128071037,0.45645753128071037,0,1
weekly_state_validated,2558,2021-08-06,2021-08-16,0.0093369268709639,2021,2021-06-30,learned_vol_interaction,20260910,0.4414614197613605,0.4414614197613605,0,1
weekly_state_validated,2563,2021-08-13,2021-08-23,-0.032048736608373,2021,2021-06-30,learned_vol_interaction,20260910,0.454673473148584,0.454673473148584,0,0
weekly_state_validated,2568,2021-08-20,2021-08-30,0.0145047962107527,2021,2021-06-30,learned_vol_interaction,20260910,0.5753590432785457,0.5753590432785457,1,1
weekly_state_validated,2573,2021-08-27,2021-09-06,-0.0012316820816045,2021,2021-06-30,learned_vol_interaction,20260910,0.5964802029549509,0.5964802029549509,1,0
weekly_state_validated,2578,2021-09-03,2021-09-13,0.0342301066295398,2021,2021-06-30,learned_vol_interaction,20260910,0.7511535519201762,0.7511535519201762,1,1
weekly_state_validated,2583,2021-09-10,2021-09-22,-0.0471441667981554,2021,2021-06-30,learned_vol_interaction,20260910,0.7354885736856006,0.7354885736856006,1,0
weekly_state_validated,2588,2021-09-17,2021-09-28,0.0209863060789441,2021,2021-06-30,learned_vol_interaction,20260910,0.742822186176108,0.742822186176108,1,1
weekly_state_validated,2591,2021-09-24,2021-10-11,0.0144615416200457,2021,2021-06-30,learned_vol_interaction,20260910,0.7830893595033332,0.7830893595033332,1,1
weekly_state_ungated,2533,2021-07-02,2021-07-12,0.0068193733271841,2021,2021-06-30,learned_vol_interaction,20260910,0.33854643902626746,0.33854643902626746,0,1
weekly_state_ungated,2538,2021-07-09,2021-07-19,-0.0048254045313779,2021,2021-06-30,learned_vol_interaction,20260910,0.33440628192539174,0.33440628192539174,0,0
weekly_state_ungated,2543,2021-07-16,2021-07-26,-0.0032299118953994,2021,2021-06-30,learned_vol_interaction,20260910,0.2983054237457592,0.2983054237457592,0,0
weekly_state_ungated,2548,2021-07-23,2021-08-02,-0.0537740931579083,2021,2021-06-30,learned_vol_interaction,20260910,0.3973707608981436,0.3973707608981436,0,0
weekly_state_ungated,2553,2021-07-30,2021-08-09,0.019904813945049,2021,2021-06-30,learned_vol_interaction,20260910,0.45645753128071037,0.45645753128071037,0,1
weekly_state_ungated,2558,2021-08-06,2021-08-16,0.0093369268709639,2021,2021-06-30,learned_vol_interaction,20260910,0.4414614197613605,0.4414614197613605,0,1
weekly_state_ungated,2563,2021-08-13,2021-08-23,-0.032048736608373,2021,2021-06-30,learned_vol_interaction,20260910,0.454673473148584,0.454673473148584,0,0
weekly_state_ungated,2568,2021-08-20,2021-08-30,0.0145047962107527,2021,2021-06-30,learned_vol_interaction,20260910,0.5753590432785457,0.5753590432785457,1,1
weekly_state_ungated,2573,2021-08-27,2021-09-06,-0.0012316820816045,2021,2021-06-30,learned_vol_interaction,20260910,0.5964802029549509,0.5964802029549509,1,0
weekly_state_ungated,2578,2021-09-03,2021-09-13,0.0342301066295398,2021,2021-06-30,learned_vol_interaction,20260910,0.7511535519201762,0.7511535519201762,1,1
weekly_state_ungated,2583,2021-09-10,2021-09-22,-0.0471441667981554,2021,2021-06-30,learned_vol_interaction,20260910,0.7354885736856006,0.7354885736856006,1,0
weekly_state_ungated,2588,2021-09-17,2021-09-28,0.0209863060789441,2021,2021-06-30,learned_vol_interaction,20260910,0.742822186176108,0.742822186176108,1,1
weekly_state_ungated,2591,2021-09-24,2021-10-11,0.0144615416200457,2021,2021-06-30,learned_vol_interaction,20260910,0.7830893595033332,0.7830893595033332,1,1
weekly_global_validated,2533,2021-07-02,2021-07-12,0.0068193733271841,2021,2021-06-30,learned_vol_interaction,20260910,0.33854643902626746,0.33854643902626746,0,1
weekly_global_validated,2538,2021-07-09,2021-07-19,-0.0048254045313779,2021,2021-06-30,learned_vol_interaction,20260910,0.33440628192539174,0.33440628192539174,0,0
weekly_global_validated,2543,2021-07-16,2021-07-26,-0.0032299118953994,2021,2021-06-30,learned_vol_interaction,20260910,0.2983054237457592,0.2983054237457592,0,0
weekly_global_validated,2548,2021-07-23,2021-08-02,-0.0537740931579083,2021,2021-06-30,learned_vol_interaction,20260910,0.3973707608981436,0.3973707608981436,0,0
weekly_global_validated,2553,2021-07-30,2021-08-09,0.019904813945049,2021,2021-06-30,learned_vol_interaction,20260910,0.45645753128071037,0.45645753128071037,0,1
weekly_global_validated,2558,2021-08-06,2021-08-16,0.0093369268709639,2021,2021-06-30,learned_vol_interaction,20260910,0.4414614197613605,0.4414614197613605,0,1
weekly_global_validated,2563,2021-08-13,2021-08-23,-0.032048736608373,2021,2021-06-30,learned_vol_interaction,20260910,0.454673473148584,0.454673473148584,0,0
weekly_global_validated,2568,2021-08-20,2021-08-30,0.0145047962107527,2021,2021-06-30,learned_vol_interaction,20260910,0.5753590432785457,0.5753590432785457,1,1
weekly_global_validated,2573,2021-08-27,2021-09-06,-0.0012316820816045,2021,2021-06-30,learned_vol_interaction,20260910,0.5964802029549509,0.5964802029549509,1,0
weekly_global_validated,2578,2021-09-03,2021-09-13,0.0342301066295398,2021,2021-06-30,learned_vol_interaction,20260910,0.7511535519201762,0.7511535519201762,1,1
weekly_global_validated,2583,2021-09-10,2021-09-22,-0.0471441667981554,2021,2021-06-30,learned_vol_interaction,20260910,0.7354885736856006,0.7354885736856006,1,0
weekly_global_validated,2588,2021-09-17,2021-09-28,0.0209863060789441,2021,2021-06-30,learned_vol_interaction,20260910,0.742822186176108,0.742822186176108,1,1
weekly_global_validated,2591,2021-09-24,2021-10-11,0.0144615416200457,2021,2021-06-30,learned_vol_interaction,20260910,0.7830893595033332,0.7830893595033332,1,1
weekly_global_ungated,2533,2021-07-02,2021-07-12,0.0068193733271841,2021,2021-06-30,learned_vol_interaction,20260910,0.33854643902626746,0.33854643902626746,0,1
weekly_global_ungated,2538,2021-07-09,2021-07-19,-0.0048254045313779,2021,2021-06-30,learned_vol_interaction,20260910,0.33440628192539174,0.33440628192539174,0,0
weekly_global_ungated,2543,2021-07-16,2021-07-26,-0.0032299118953994,2021,2021-06-30,learned_vol_interaction,20260910,0.2983054237457592,0.2983054237457592,0,0
weekly_global_ungated,2548,2021-07-23,2021-08-02,-0.0537740931579083,2021,2021-06-30,learned_vol_interaction,20260910,0.3973707608981436,0.3973707608981436,0,0
weekly_global_ungated,2553,2021-07-30,2021-08-09,0.019904813945049,2021,2021-06-30,learned_vol_interaction,20260910,0.45645753128071037,0.45645753128071037,0,1
weekly_global_ungated,2558,2021-08-06,2021-08-16,0.0093369268709639,2021,2021-06-30,learned_vol_interaction,20260910,0.4414614197613605,0.4414614197613605,0,1
weekly_global_ungated,2563,2021-08-13,2021-08-23,-0.032048736608373,2021,2021-06-30,learned_vol_interaction,20260910,0.454673473148584,0.454673473148584,0,0
weekly_global_ungated,2568,2021-08-20,2021-08-30,0.0145047962107527,2021,2021-06-30,learned_vol_interaction,20260910,0.5753590432785457,0.5753590432785457,1,1
weekly_global_ungated,2573,2021-08-27,2021-09-06,-0.0012316820816045,2021,2021-06-30,learned_vol_interaction,20260910,0.5964802029549509,0.5964802029549509,1,0
weekly_global_ungated,2578,2021-09-03,2021-09-13,0.0342301066295398,2021,2021-06-30,learned_vol_interaction,20260910,0.7511535519201762,0.7511535519201762,1,1
weekly_global_ungated,2583,2021-09-10,2021-09-22,-0.0471441667981554,2021,2021-06-30,learned_vol_interaction,20260910,0.7354885736856006,0.7354885736856006,1,0
weekly_global_ungated,2588,2021-09-17,2021-09-28,0.0209863060789441,2021,2021-06-30,learned_vol_interaction,20260910,0.742822186176108,0.742822186176108,1,1
weekly_global_ungated,2591,2021-09-24,2021-10-11,0.0144615416200457,2021,2021-06-30,learned_vol_interaction,20260910,0.7830893595033332,0.7830893595033332,1,1
weekly_state_validated,2533,2021-07-02,2021-07-12,0.0068193733271841,2021,2021-06-30,learned_vol_interaction,20260911,0.48991781025485154,0.48991781025485154,0,1
weekly_state_validated,2538,2021-07-09,2021-07-19,-0.0048254045313779,2021,2021-06-30,learned_vol_interaction,20260911,0.2599569018271382,0.2599569018271382,0,0
weekly_state_validated,2543,2021-07-16,2021-07-26,-0.0032299118953994,2021,2021-06-30,learned_vol_interaction,20260911,0.36450308143319354,0.36450308143319354,0,0
weekly_state_validated,2548,2021-07-23,2021-08-02,-0.0537740931579083,2021,2021-06-30,learned_vol_interaction,20260911,0.410758949240298,0.410758949240298,0,0
weekly_state_validated,2553,2021-07-30,2021-08-09,0.019904813945049,2021,2021-06-30,learned_vol_interaction,20260911,0.5670421120159365,0.5670421120159365,1,1
weekly_state_validated,2558,2021-08-06,2021-08-16,0.0093369268709639,2021,2021-06-30,learned_vol_interaction,20260911,0.611366208230644,0.611366208230644,1,1
weekly_state_validated,2563,2021-08-13,2021-08-23,-0.032048736608373,2021,2021-06-30,learned_vol_interaction,20260911,0.6499874314301235,0.6499874314301235,1,0
weekly_state_validated,2568,2021-08-20,2021-08-30,0.0145047962107527,2021,2021-06-30,learned_vol_interaction,20260911,0.47410312241187347,0.47410312241187347,0,1
weekly_state_validated,2573,2021-08-27,2021-09-06,-0.0012316820816045,2021,2021-06-30,learned_vol_interaction,20260911,0.8077225877731411,0.8077225877731411,1,0
weekly_state_validated,2578,2021-09-03,2021-09-13,0.0342301066295398,2021,2021-06-30,learned_vol_interaction,20260911,0.7569737160491476,0.7569737160491476,1,1
weekly_state_validated,2583,2021-09-10,2021-09-22,-0.0471441667981554,2021,2021-06-30,learned_vol_interaction,20260911,0.7237383960115724,0.7237383960115724,1,0
weekly_state_validated,2588,2021-09-17,2021-09-28,0.0209863060789441,2021,2021-06-30,learned_vol_interaction,20260911,0.7461756198869361,0.7461756198869361,1,1
weekly_state_validated,2591,2021-09-24,2021-10-11,0.0144615416200457,2021,2021-06-30,learned_vol_interaction,20260911,0.6456719612096069,0.6456719612096069,1,1
weekly_state_ungated,2533,2021-07-02,2021-07-12,0.0068193733271841,2021,2021-06-30,learned_vol_interaction,20260911,0.48991781025485154,0.48991781025485154,0,1
weekly_state_ungated,2538,2021-07-09,2021-07-19,-0.0048254045313779,2021,2021-06-30,learned_vol_interaction,20260911,0.2599569018271382,0.2599569018271382,0,0
weekly_state_ungated,2543,2021-07-16,2021-07-26,-0.0032299118953994,2021,2021-06-30,learned_vol_interaction,20260911,0.36450308143319354,0.36450308143319354,0,0
weekly_state_ungated,2548,2021-07-23,2021-08-02,-0.0537740931579083,2021,2021-06-30,learned_vol_interaction,20260911,0.410758949240298,0.410758949240298,0,0
weekly_state_ungated,2553,2021-07-30,2021-08-09,0.019904813945049,2021,2021-06-30,learned_vol_interaction,20260911,0.5670421120159365,0.5670421120159365,1,1
weekly_state_ungated,2558,2021-08-06,2021-08-16,0.0093369268709639,2021,2021-06-30,learned_vol_interaction,20260911,0.611366208230644,0.611366208230644,1,1
weekly_state_ungated,2563,2021-08-13,2021-08-23,-0.032048736608373,2021,2021-06-30,learned_vol_interaction,20260911,0.6499874314301235,0.6499874314301235,1,0
weekly_state_ungated,2568,2021-08-20,2021-08-30,0.0145047962107527,2021,2021-06-30,learned_vol_interaction,20260911,0.47410312241187347,0.47410312241187347,0,1
weekly_state_ungated,2573,2021-08-27,2021-09-06,-0.0012316820816045,2021,2021-06-30,learned_vol_interaction,20260911,0.8077225877731411,0.8077225877731411,1,0
weekly_state_ungated,2578,2021-09-03,2021-09-13,0.0342301066295398,2021,2021-06-30,learned_vol_interaction,20260911,0.7569737160491476,0.7569737160491476,1,1
weekly_state_ungated,2583,2021-09-10,2021-09-22,-0.0471441667981554,2021,2021-06-30,learned_vol_interaction,20260911,0.7237383960115724,0.7237383960115724,1,0
weekly_state_ungated,2588,2021-09-17,2021-09-28,0.0209863060789441,2021,2021-06-30,learned_vol_interaction,20260911,0.7461756198869361,0.7461756198869361,1,1
weekly_state_ungated,2591,2021-09-24,2021-10-11,0.0144615416200457,2021,2021-06-30,learned_vol_interaction,20260911,0.6456719612096069,0.6456719612096069,1,1
weekly_global_validated,2533,2021-07-02,2021-07-12,0.0068193733271841,2021,2021-06-30,learned_vol_interaction,20260911,0.48991781025485154,0.48991781025485154,0,1
weekly_global_validated,2538,2021-07-09,2021-07-19,-0.0048254045313779,2021,2021-06-30,learned_vol_interaction,20260911,0.2599569018271382,0.2599569018271382,0,0
weekly_global_validated,2543,2021-07-16,2021-07-26,-0.0032299118953994,2021,2021-06-30,learned_vol_interaction,20260911,0.36450308143319354,0.36450308143319354,0,0
weekly_global_validated,2548,2021-07-23,2021-08-02,-0.0537740931579083,2021,2021-06-30,learned_vol_interaction,20260911,0.410758949240298,0.410758949240298,0,0
weekly_global_validated,2553,2021-07-30,2021-08-09,0.019904813945049,2021,2021-06-30,learned_vol_interaction,20260911,0.5670421120159365,0.5670421120159365,1,1
weekly_global_validated,2558,2021-08-06,2021-08-16,0.0093369268709639,2021,2021-06-30,learned_vol_interaction,20260911,0.611366208230644,0.611366208230644,1,1
weekly_global_validated,2563,2021-08-13,2021-08-23,-0.032048736608373,2021,2021-06-30,learned_vol_interaction,20260911,0.6499874314301235,0.6499874314301235,1,0
weekly_global_validated,2568,2021-08-20,2021-08-30,0.0145047962107527,2021,2021-06-30,learned_vol_interaction,20260911,0.47410312241187347,0.47410312241187347,0,1
weekly_global_validated,2573,2021-08-27,2021-09-06,-0.0012316820816045,2021,2021-06-30,learned_vol_interaction,20260911,0.8077225877731411,0.8077225877731411,1,0
weekly_global_validated,2578,2021-09-03,2021-09-13,0.0342301066295398,2021,2021-06-30,learned_vol_interaction,20260911,0.7569737160491476,0.7569737160491476,1,1
weekly_global_validated,2583,2021-09-10,2021-09-22,-0.0471441667981554,2021,2021-06-30,learned_vol_interaction,20260911,0.7237383960115724,0.7237383960115724,1,0
weekly_global_validated,2588,2021-09-17,2021-09-28,0.0209863060789441,2021,2021-06-30,learned_vol_interaction,20260911,0.7461756198869361,0.7461756198869361,1,1
weekly_global_validated,2591,2021-09-24,2021-10-11,0.0144615416200457,2021,2021-06-30,learned_vol_interaction,20260911,0.6456719612096069,0.6456719612096069,1,1
weekly_global_ungated,2533,2021-07-02,2021-07-12,0.0068193733271841,2021,2021-06-30,learned_vol_interaction,20260911,0.48991781025485154,0.48991781025485154,0,1
weekly_global_ungated,2538,2021-07-09,2021-07-19,-0.0048254045313779,2021,2021-06-30,learned_vol_interaction,20260911,0.2599569018271382,0.2599569018271382,0,0
weekly_global_ungated,2543,2021-07-16,2021-07-26,-0.0032299118953994,2021,2021-06-30,learned_vol_interaction,20260911,0.36450308143319354,0.36450308143319354,0,0
weekly_global_ungated,2548,2021-07-23,2021-08-02,-0.0537740931579083,2021,2021-06-30,learned_vol_interaction,20260911,0.410758949240298,0.410758949240298,0,0
weekly_global_ungated,2553,2021-07-30,2021-08-09,0.019904813945049,2021,2021-06-30,learned_vol_interaction,20260911,0.5670421120159365,0.5670421120159365,1,1
weekly_global_ungated,2558,2021-08-06,2021-08-16,0.0093369268709639,2021,2021-06-30,learned_vol_interaction,20260911,0.611366208230644,0.611366208230644,1,1
weekly_global_ungated,2563,2021-08-13,2021-08-23,-0.032048736608373,2021,2021-06-30,learned_vol_interaction,20260911,0.6499874314301235,0.6499874314301235,1,0
weekly_global_ungated,2568,2021-08-20,2021-08-30,0.0145047962107527,2021,2021-06-30,learned_vol_interaction,20260911,0.47410312241187347,0.47410312241187347,0,1
weekly_global_ungated,2573,2021-08-27,2021-09-06,-0.0012316820816045,2021,2021-06-30,learned_vol_interaction,20260911,0.8077225877731411,0.8077225877731411,1,0
weekly_global_ungated,2578,2021-09-03,2021-09-13,0.0342301066295398,2021,2021-06-30,learned_vol_interaction,20260911,0.7569737160491476,0.7569737160491476,1,1
weekly_global_ungated,2583,2021-09-10,2021-09-22,-0.0471441667981554,2021,2021-06-30,learned_vol_interaction,20260911,0.7237383960115724,0.7237383960115724,1,0
weekly_global_ungated,2588,2021-09-17,2021-09-28,0.0209863060789441,2021,2021-06-30,learned_vol_interaction,20260911,0.7461756198869361,0.7461756198869361,1,1
weekly_global_ungated,2591,2021-09-24,2021-10-11,0.0144615416200457,2021,2021-06-30,learned_vol_interaction,20260911,0.6456719612096069,0.6456719612096069,1,1
weekly_state_validated,2533,2021-07-02,2021-07-12,0.0068193733271841,2021,2021-06-30,learned_vol_interaction,20260912,0.5148668706411704,0.5148668706411704,1,1
weekly_state_validated,2538,2021-07-09,2021-07-19,-0.0048254045313779,2021,2021-06-30,learned_vol_interaction,20260912,0.6186903340218607,0.6186903340218607,1,0
weekly_state_validated,2543,2021-07-16,2021-07-26,-0.0032299118953994,2021,2021-06-30,learned_vol_interaction,20260912,0.4865946477628708,0.4865946477628708,0,0
weekly_state_validated,2548,2021-07-23,2021-08-02,-0.0537740931579083,2021,2021-06-30,learned_vol_interaction,20260912,0.6139762603963855,0.6139762603963855,1,0
weekly_state_validated,2553,2021-07-30,2021-08-09,0.019904813945049,2021,2021-06-30,learned_vol_interaction,20260912,0.5240194778238666,0.5240194778238666,1,1
weekly_state_validated,2558,2021-08-06,2021-08-16,0.0093369268709639,2021,2021-06-30,learned_vol_interaction,20260912,0.5136649464816024,0.5136649464816024,1,1
weekly_state_validated,2563,2021-08-13,2021-08-23,-0.032048736608373,2021,2021-06-30,learned_vol_interaction,20260912,0.7945167952306426,0.7945167952306426,1,0
weekly_state_validated,2568,2021-08-20,2021-08-30,0.0145047962107527,2021,2021-06-30,learned_vol_interaction,20260912,0.6928180790402312,0.6928180790402312,1,1
weekly_state_validated,2573,2021-08-27,2021-09-06,-0.0012316820816045,2021,2021-06-30,learned_vol_interaction,20260912,0.6501421001064899,0.6501421001064899,1,0
weekly_state_validated,2578,2021-09-03,2021-09-13,0.0342301066295398,2021,2021-06-30,learned_vol_interaction,20260912,0.5834223088141877,0.5834223088141877,1,1
weekly_state_validated,2583,2021-09-10,2021-09-22,-0.0471441667981554,2021,2021-06-30,learned_vol_interaction,20260912,0.5980779969137336,0.5980779969137336,1,0
weekly_state_validated,2588,2021-09-17,2021-09-28,0.0209863060789441,2021,2021-06-30,learned_vol_interaction,20260912,0.5427243889928098,0.5427243889928098,1,1
weekly_state_validated,2591,2021-09-24,2021-10-11,0.0144615416200457,2021,2021-06-30,learned_vol_interaction,20260912,0.42884602217775675,0.42884602217775675,0,1
weekly_state_ungated,2533,2021-07-02,2021-07-12,0.0068193733271841,2021,2021-06-30,learned_vol_interaction,20260912,0.5148668706411704,0.5148668706411704,1,1
weekly_state_ungated,2538,2021-07-09,2021-07-19,-0.0048254045313779,2021,2021-06-30,learned_vol_interaction,20260912,0.6186903340218607,0.6186903340218607,1,0
weekly_state_ungated,2543,2021-07-16,2021-07-26,-0.0032299118953994,2021,2021-06-30,learned_vol_interaction,20260912,0.4865946477628708,0.4865946477628708,0,0
weekly_state_ungated,2548,2021-07-23,2021-08-02,-0.0537740931579083,2021,2021-06-30,learned_vol_interaction,20260912,0.6139762603963855,0.6139762603963855,1,0
weekly_state_ungated,2553,2021-07-30,2021-08-09,0.019904813945049,2021,2021-06-30,learned_vol_interaction,20260912,0.5240194778238666,0.5240194778238666,1,1
weekly_state_ungated,2558,2021-08-06,2021-08-16,0.0093369268709639,2021,2021-06-30,learned_vol_interaction,20260912,0.5136649464816024,0.5136649464816024,1,1
weekly_state_ungated,2563,2021-08-13,2021-08-23,-0.032048736608373,2021,2021-06-30,learned_vol_interaction,20260912,0.7945167952306426,0.7945167952306426,1,0
weekly_state_ungated,2568,2021-08-20,2021-08-30,0.0145047962107527,2021,2021-06-30,learned_vol_interaction,20260912,0.6928180790402312,0.6928180790402312,1,1
weekly_state_ungated,2573,2021-08-27,2021-09-06,-0.0012316820816045,2021,2021-06-30,learned_vol_interaction,20260912,0.6501421001064899,0.6501421001064899,1,0
weekly_state_ungated,2578,2021-09-03,2021-09-13,0.0342301066295398,2021,2021-06-30,learned_vol_interaction,20260912,0.5834223088141877,0.5834223088141877,1,1
weekly_state_ungated,2583,2021-09-10,2021-09-22,-0.0471441667981554,2021,2021-06-30,learned_vol_interaction,20260912,0.5980779969137336,0.5980779969137336,1,0
weekly_state_ungated,2588,2021-09-17,2021-09-28,0.0209863060789441,2021,2021-06-30,learned_vol_interaction,20260912,0.5427243889928098,0.5427243889928098,1,1
weekly_state_ungated,2591,2021-09-24,2021-10-11,0.0144615416200457,2021,2021-06-30,learned_vol_interaction,20260912,0.42884602217775675,0.42884602217775675,0,1
weekly_global_validated,2533,2021-07-02,2021-07-12,0.0068193733271841,2021,2021-06-30,learned_vol_interaction,20260912,0.5148668706411704,0.5148668706411704,1,1
weekly_global_validated,2538,2021-07-09,2021-07-19,-0.0048254045313779,2021,2021-06-30,learned_vol_interaction,20260912,0.6186903340218607,0.6186903340218607,1,0
weekly_global_validated,2543,2021-07-16,2021-07-26,-0.0032299118953994,2021,2021-06-30,learned_vol_interaction,20260912,0.4865946477628708,0.4865946477628708,0,0
weekly_global_validated,2548,2021-07-23,2021-08-02,-0.0537740931579083,2021,2021-06-30,learned_vol_interaction,20260912,0.6139762603963855,0.6139762603963855,1,0
weekly_global_validated,2553,2021-07-30,2021-08-09,0.019904813945049,2021,2021-06-30,learned_vol_interaction,20260912,0.5240194778238666,0.5240194778238666,1,1
weekly_global_validated,2558,2021-08-06,2021-08-16,0.0093369268709639,2021,2021-06-30,learned_vol_interaction,20260912,0.5136649464816024,0.5136649464816024,1,1
weekly_global_validated,2563,2021-08-13,2021-08-23,-0.032048736608373,2021,2021-06-30,learned_vol_interaction,20260912,0.7945167952306426,0.7945167952306426,1,0
weekly_global_validated,2568,2021-08-20,2021-08-30,0.0145047962107527,2021,2021-06-30,learned_vol_interaction,20260912,0.6928180790402312,0.6928180790402312,1,1
weekly_global_validated,2573,2021-08-27,2021-09-06,-0.0012316820816045,2021,2021-06-30,learned_vol_interaction,20260912,0.6501421001064899,0.6501421001064899,1,0
weekly_global_validated,2578,2021-09-03,2021-09-13,0.0342301066295398,2021,2021-06-30,learned_vol_interaction,20260912,0.5834223088141877,0.5834223088141877,1,1
weekly_global_validated,2583,2021-09-10,2021-09-22,-0.0471441667981554,2021,2021-06-30,learned_vol_interaction,20260912,0.5980779969137336,0.5980779969137336,1,0
weekly_global_validated,2588,2021-09-17,2021-09-28,0.0209863060789441,2021,2021-06-30,learned_vol_interaction,20260912,0.5427243889928098,0.5427243889928098,1,1
weekly_global_validated,2591,2021-09-24,2021-10-11,0.0144615416200457,2021,2021-06-30,learned_vol_interaction,20260912,0.42884602217775675,0.42884602217775675,0,1
weekly_global_ungated,2533,2021-07-02,2021-07-12,0.0068193733271841,2021,2021-06-30,learned_vol_interaction,20260912,0.5148668706411704,0.5148668706411704,1,1
weekly_global_ungated,2538,2021-07-09,2021-07-19,-0.0048254045313779,2021,2021-06-30,learned_vol_interaction,20260912,0.6186903340218607,0.6186903340218607,1,0
weekly_global_ungated,2543,2021-07-16,2021-07-26,-0.0032299118953994,2021,2021-06-30,learned_vol_interaction,20260912,0.4865946477628708,0.4865946477628708,0,0
weekly_global_ungated,2548,2021-07-23,2021-08-02,-0.0537740931579083,2021,2021-06-30,learned_vol_interaction,20260912,0.6139762603963855,0.6139762603963855,1,0
weekly_global_ungated,2553,2021-07-30,2021-08-09,0.019904813945049,2021,2021-06-30,learned_vol_interaction,20260912,0.5240194778238666,0.5240194778238666,1,1
weekly_global_ungated,2558,2021-08-06,2021-08-16,0.0093369268709639,2021,2021-06-30,learned_vol_interaction,20260912,0.5136649464816024,0.5136649464816024,1,1
weekly_global_ungated,2563,2021-08-13,2021-08-23,-0.032048736608373,2021,2021-06-30,learned_vol_interaction,20260912,0.7945167952306426,0.7945167952306426,1,0
weekly_global_ungated,2568,2021-08-20,2021-08-30,0.0145047962107527,2021,2021-06-30,learned_vol_interaction,20260912,0.6928180790402312,0.6928180790402312,1,1
weekly_global_ungated,2573,2021-08-27,2021-09-06,-0.0012316820816045,2021,2021-06-30,learned_vol_interaction,20260912,0.6501421001064899,0.6501421001064899,1,0
weekly_global_ungated,2578,2021-09-03,2021-09-13,0.0342301066295398,2021,2021-06-30,learned_vol_interaction,20260912,0.5834223088141877,0.5834223088141877,1,1
weekly_global_ungated,2583,2021-09-10,2021-09-22,-0.0471441667981554,2021,2021-06-30,learned_vol_interaction,20260912,0.5980779969137336,0.5980779969137336,1,0
weekly_global_ungated,2588,2021-09-17,2021-09-28,0.0209863060789441,2021,2021-06-30,learned_vol_interaction,20260912,0.5427243889928098,0.5427243889928098,1,1
weekly_global_ungated,2591,2021-09-24,2021-10-11,0.0144615416200457,2021,2021-06-30,learned_vol_interaction,20260912,0.42884602217775675,0.42884602217775675,0,1
weekly_state_validated,2533,2021-07-02,2021-07-12,0.0068193733271841,2021,2021-06-30,learned_order_extension,20260910,0.3215356208455046,0.3215356208455046,0,1
weekly_state_validated,2538,2021-07-09,2021-07-19,-0.0048254045313779,2021,2021-06-30,learned_order_extension,20260910,0.30960513014389496,0.30960513014389496,0,0
weekly_state_validated,2543,2021-07-16,2021-07-26,-0.0032299118953994,2021,2021-06-30,learned_order_extension,20260910,0.26346674807178416,0.26346674807178416,0,0
weekly_state_validated,2548,2021-07-23,2021-08-02,-0.0537740931579083,2021,2021-06-30,learned_order_extension,20260910,0.37768275856106887,0.37768275856106887,0,0
weekly_state_validated,2553,2021-07-30,2021-08-09,0.019904813945049,2021,2021-06-30,learned_order_extension,20260910,0.4428695355453456,0.4428695355453456,0,1
weekly_state_validated,2558,2021-08-06,2021-08-16,0.0093369268709639,2021,2021-06-30,learned_order_extension,20260910,0.4229515556966854,0.4229515556966854,0,1
weekly_state_validated,2563,2021-08-13,2021-08-23,-0.032048736608373,2021,2021-06-30,learned_order_extension,20260910,0.4456618802062691,0.4456618802062691,0,0
weekly_state_validated,2568,2021-08-20,2021-08-30,0.0145047962107527,2021,2021-06-30,learned_order_extension,20260910,0.5729448112364248,0.5729448112364248,1,1
weekly_state_validated,2573,2021-08-27,2021-09-06,-0.0012316820816045,2021,2021-06-30,learned_order_extension,20260910,0.5932306473216634,0.5932306473216634,1,0
weekly_state_validated,2578,2021-09-03,2021-09-13,0.0342301066295398,2021,2021-06-30,learned_order_extension,20260910,0.7530250371326861,0.7530250371326861,1,1
weekly_state_validated,2583,2021-09-10,2021-09-22,-0.0471441667981554,2021,2021-06-30,learned_order_extension,20260910,0.7486737724952331,0.7486737724952331,1,0
weekly_state_validated,2588,2021-09-17,2021-09-28,0.0209863060789441,2021,2021-06-30,learned_order_extension,20260910,0.7583098115704442,0.7583098115704442,1,1
weekly_state_validated,2591,2021-09-24,2021-10-11,0.0144615416200457,2021,2021-06-30,learned_order_extension,20260910,0.8103635906047445,0.8103635906047445,1,1
weekly_state_ungated,2533,2021-07-02,2021-07-12,0.0068193733271841,2021,2021-06-30,learned_order_extension,20260910,0.3215356208455046,0.3215356208455046,0,1
weekly_state_ungated,2538,2021-07-09,2021-07-19,-0.0048254045313779,2021,2021-06-30,learned_order_extension,20260910,0.30960513014389496,0.30960513014389496,0,0
weekly_state_ungated,2543,2021-07-16,2021-07-26,-0.0032299118953994,2021,2021-06-30,learned_order_extension,20260910,0.26346674807178416,0.26346674807178416,0,0
weekly_state_ungated,2548,2021-07-23,2021-08-02,-0.0537740931579083,2021,2021-06-30,learned_order_extension,20260910,0.37768275856106887,0.37768275856106887,0,0
weekly_state_ungated,2553,2021-07-30,2021-08-09,0.019904813945049,2021,2021-06-30,learned_order_extension,20260910,0.4428695355453456,0.4428695355453456,0,1
weekly_state_ungated,2558,2021-08-06,2021-08-16,0.0093369268709639,2021,2021-06-30,learned_order_extension,20260910,0.4229515556966854,0.4229515556966854,0,1
weekly_state_ungated,2563,2021-08-13,2021-08-23,-0.032048736608373,2021,2021-06-30,learned_order_extension,20260910,0.4456618802062691,0.4456618802062691,0,0
weekly_state_ungated,2568,2021-08-20,2021-08-30,0.0145047962107527,2021,2021-06-30,learned_order_extension,20260910,0.5729448112364248,0.5729448112364248,1,1
weekly_state_ungated,2573,2021-08-27,2021-09-06,-0.0012316820816045,2021,2021-06-30,learned_order_extension,20260910,0.5932306473216634,0.5932306473216634,1,0
weekly_state_ungated,2578,2021-09-03,2021-09-13,0.0342301066295398,2021,2021-06-30,learned_order_extension,20260910,0.7530250371326861,0.7530250371326861,1,1
weekly_state_ungated,2583,2021-09-10,2021-09-22,-0.0471441667981554,2021,2021-06-30,learned_order_extension,20260910,0.7486737724952331,0.7486737724952331,1,0
weekly_state_ungated,2588,2021-09-17,2021-09-28,0.0209863060789441,2021,2021-06-30,learned_order_extension,20260910,0.7583098115704442,0.7583098115704442,1,1
weekly_state_ungated,2591,2021-09-24,2021-10-11,0.0144615416200457,2021,2021-06-30,learned_order_extension,20260910,0.8103635906047445,0.8103635906047445,1,1
weekly_global_validated,2533,2021-07-02,2021-07-12,0.0068193733271841,2021,2021-06-30,learned_order_extension,20260910,0.3215356208455046,0.3215356208455046,0,1
weekly_global_validated,2538,2021-07-09,2021-07-19,-0.0048254045313779,2021,2021-06-30,learned_order_extension,20260910,0.30960513014389496,0.30960513014389496,0,0
weekly_global_validated,2543,2021-07-16,2021-07-26,-0.0032299118953994,2021,2021-06-30,learned_order_extension,20260910,0.26346674807178416,0.26346674807178416,0,0
weekly_global_validated,2548,2021-07-23,2021-08-02,-0.0537740931579083,2021,2021-06-30,learned_order_extension,20260910,0.37768275856106887,0.37768275856106887,0,0
weekly_global_validated,2553,2021-07-30,2021-08-09,0.019904813945049,2021,2021-06-30,learned_order_extension,20260910,0.4428695355453456,0.4428695355453456,0,1
weekly_global_validated,2558,2021-08-06,2021-08-16,0.0093369268709639,2021,2021-06-30,learned_order_extension,20260910,0.4229515556966854,0.4229515556966854,0,1
weekly_global_validated,2563,2021-08-13,2021-08-23,-0.032048736608373,2021,2021-06-30,learned_order_extension,20260910,0.4456618802062691,0.4456618802062691,0,0
weekly_global_validated,2568,2021-08-20,2021-08-30,0.0145047962107527,2021,2021-06-30,learned_order_extension,20260910,0.5729448112364248,0.5729448112364248,1,1
weekly_global_validated,2573,2021-08-27,2021-09-06,-0.0012316820816045,2021,2021-06-30,learned_order_extension,20260910,0.5932306473216634,0.5932306473216634,1,0
weekly_global_validated,2578,2021-09-03,2021-09-13,0.0342301066295398,2021,2021-06-30,learned_order_extension,20260910,0.7530250371326861,0.7530250371326861,1,1
weekly_global_validated,2583,2021-09-10,2021-09-22,-0.0471441667981554,2021,2021-06-30,learned_order_extension,20260910,0.7486737724952331,0.7486737724952331,1,0
weekly_global_validated,2588,2021-09-17,2021-09-28,0.0209863060789441,2021,2021-06-30,learned_order_extension,20260910,0.7583098115704442,0.7583098115704442,1,1
weekly_global_validated,2591,2021-09-24,2021-10-11,0.0144615416200457,2021,2021-06-30,learned_order_extension,20260910,0.8103635906047445,0.8103635906047445,1,1
weekly_global_ungated,2533,2021-07-02,2021-07-12,0.0068193733271841,2021,2021-06-30,learned_order_extension,20260910,0.3215356208455046,0.3215356208455046,0,1
weekly_global_ungated,2538,2021-07-09,2021-07-19,-0.0048254045313779,2021,2021-06-30,learned_order_extension,20260910,0.30960513014389496,0.30960513014389496,0,0
weekly_global_ungated,2543,2021-07-16,2021-07-26,-0.0032299118953994,2021,2021-06-30,learned_order_extension,20260910,0.26346674807178416,0.26346674807178416,0,0
weekly_global_ungated,2548,2021-07-23,2021-08-02,-0.0537740931579083,2021,2021-06-30,learned_order_extension,20260910,0.37768275856106887,0.37768275856106887,0,0
weekly_global_ungated,2553,2021-07-30,2021-08-09,0.019904813945049,2021,2021-06-30,learned_order_extension,20260910,0.4428695355453456,0.4428695355453456,0,1
weekly_global_ungated,2558,2021-08-06,2021-08-16,0.0093369268709639,2021,2021-06-30,learned_order_extension,20260910,0.4229515556966854,0.4229515556966854,0,1
weekly_global_ungated,2563,2021-08-13,2021-08-23,-0.032048736608373,2021,2021-06-30,learned_order_extension,20260910,0.4456618802062691,0.4456618802062691,0,0
weekly_global_ungated,2568,2021-08-20,2021-08-30,0.0145047962107527,2021,2021-06-30,learned_order_extension,20260910,0.5729448112364248,0.5729448112364248,1,1
weekly_global_ungated,2573,2021-08-27,2021-09-06,-0.0012316820816045,2021,2021-06-30,learned_order_extension,20260910,0.5932306473216634,0.5932306473216634,1,0
weekly_global_ungated,2578,2021-09-03,2021-09-13,0.0342301066295398,2021,2021-06-30,learned_order_extension,20260910,0.7530250371326861,0.7530250371326861,1,1
weekly_global_ungated,2583,2021-09-10,2021-09-22,-0.0471441667981554,2021,2021-06-30,learned_order_extension,20260910,0.7486737724952331,0.7486737724952331,1,0
weekly_global_ungated,2588,2021-09-17,2021-09-28,0.0209863060789441,2021,2021-06-30,learned_order_extension,20260910,0.7583098115704442,0.7583098115704442,1,1
weekly_global_ungated,2591,2021-09-24,2021-10-11,0.0144615416200457,2021,2021-06-30,learned_order_extension,20260910,0.8103635906047445,0.8103635906047445,1,1
weekly_state_validated,2533,2021-07-02,2021-07-12,0.0068193733271841,2021,2021-06-30,learned_order_extension,20260911,0.4870314747634348,0.4870314747634348,0,1
weekly_state_validated,2538,2021-07-09,2021-07-19,-0.0048254045313779,2021,2021-06-30,learned_order_extension,20260911,0.18885603482317434,0.18885603482317434,0,0
weekly_state_validated,2543,2021-07-16,2021-07-26,-0.0032299118953994,2021,2021-06-30,learned_order_extension,20260911,0.3017342200602158,0.3017342200602158,0,0
weekly_state_validated,2548,2021-07-23,2021-08-02,-0.0537740931579083,2021,2021-06-30,learned_order_extension,20260911,0.36810694455242254,0.36810694455242254,0,0
weekly_state_validated,2553,2021-07-30,2021-08-09,0.019904813945049,2021,2021-06-30,learned_order_extension,20260911,0.551068322085785,0.551068322085785,1,1
weekly_state_validated,2558,2021-08-06,2021-08-16,0.0093369268709639,2021,2021-06-30,learned_order_extension,20260911,0.5976356202999715,0.5976356202999715,1,1
weekly_state_validated,2563,2021-08-13,2021-08-23,-0.032048736608373,2021,2021-06-30,learned_order_extension,20260911,0.6460173631921735,0.6460173631921735,1,0
weekly_state_validated,2568,2021-08-20,2021-08-30,0.0145047962107527,2021,2021-06-30,learned_order_extension,20260911,0.4599800330212217,0.4599800330212217,0,1
weekly_state_validated,2573,2021-08-27,2021-09-06,-0.0012316820816045,2021,2021-06-30,learned_order_extension,20260911,0.8227439473299855,0.8227439473299855,1,0
weekly_state_validated,2578,2021-09-03,2021-09-13,0.0342301066295398,2021,2021-06-30,learned_order_extension,20260911,0.7764255721144454,0.7764255721144454,1,1
weekly_state_validated,2583,2021-09-10,2021-09-22,-0.0471441667981554,2021,2021-06-30,learned_order_extension,20260911,0.7513357425734236,0.7513357425734236,1,0
weekly_state_validated,2588,2021-09-17,2021-09-28,0.0209863060789441,2021,2021-06-30,learned_order_extension,20260911,0.7836614478285994,0.7836614478285994,1,1
weekly_state_validated,2591,2021-09-24,2021-10-11,0.0144615416200457,2021,2021-06-30,learned_order_extension,20260911,0.6693079201625165,0.6693079201625165,1,1
weekly_state_ungated,2533,2021-07-02,2021-07-12,0.0068193733271841,2021,2021-06-30,learned_order_extension,20260911,0.4870314747634348,0.4870314747634348,0,1
weekly_state_ungated,2538,2021-07-09,2021-07-19,-0.0048254045313779,2021,2021-06-30,learned_order_extension,20260911,0.18885603482317434,0.18885603482317434,0,0
weekly_state_ungated,2543,2021-07-16,2021-07-26,-0.0032299118953994,2021,2021-06-30,learned_order_extension,20260911,0.3017342200602158,0.3017342200602158,0,0
weekly_state_ungated,2548,2021-07-23,2021-08-02,-0.0537740931579083,2021,2021-06-30,learned_order_extension,20260911,0.36810694455242254,0.36810694455242254,0,0
weekly_state_ungated,2553,2021-07-30,2021-08-09,0.019904813945049,2021,2021-06-30,learned_order_extension,20260911,0.551068322085785,0.551068322085785,1,1
weekly_state_ungated,2558,2021-08-06,2021-08-16,0.0093369268709639,2021,2021-06-30,learned_order_extension,20260911,0.5976356202999715,0.5976356202999715,1,1
weekly_state_ungated,2563,2021-08-13,2021-08-23,-0.032048736608373,2021,2021-06-30,learned_order_extension,20260911,0.6460173631921735,0.6460173631921735,1,0
weekly_state_ungated,2568,2021-08-20,2021-08-30,0.0145047962107527,2021,2021-06-30,learned_order_extension,20260911,0.4599800330212217,0.4599800330212217,0,1
weekly_state_ungated,2573,2021-08-27,2021-09-06,-0.0012316820816045,2021,2021-06-30,learned_order_extension,20260911,0.8227439473299855,0.8227439473299855,1,0
weekly_state_ungated,2578,2021-09-03,2021-09-13,0.0342301066295398,2021,2021-06-30,learned_order_extension,20260911,0.7764255721144454,0.7764255721144454,1,1
weekly_state_ungated,2583,2021-09-10,2021-09-22,-0.0471441667981554,2021,2021-06-30,learned_order_extension,20260911,0.7513357425734236,0.7513357425734236,1,0
weekly_state_ungated,2588,2021-09-17,2021-09-28,0.0209863060789441,2021,2021-06-30,learned_order_extension,20260911,0.7836614478285994,0.7836614478285994,1,1
weekly_state_ungated,2591,2021-09-24,2021-10-11,0.0144615416200457,2021,2021-06-30,learned_order_extension,20260911,0.6693079201625165,0.6693079201625165,1,1
weekly_global_validated,2533,2021-07-02,2021-07-12,0.0068193733271841,2021,2021-06-30,learned_order_extension,20260911,0.4870314747634348,0.4870314747634348,0,1
weekly_global_validated,2538,2021-07-09,2021-07-19,-0.0048254045313779,2021,2021-06-30,learned_order_extension,20260911,0.18885603482317434,0.18885603482317434,0,0
weekly_global_validated,2543,2021-07-16,2021-07-26,-0.0032299118953994,2021,2021-06-30,learned_order_extension,20260911,0.3017342200602158,0.3017342200602158,0,0
weekly_global_validated,2548,2021-07-23,2021-08-02,-0.0537740931579083,2021,2021-06-30,learned_order_extension,20260911,0.36810694455242254,0.36810694455242254,0,0
weekly_global_validated,2553,2021-07-30,2021-08-09,0.019904813945049,2021,2021-06-30,learned_order_extension,20260911,0.551068322085785,0.551068322085785,1,1
weekly_global_validated,2558,2021-08-06,2021-08-16,0.0093369268709639,2021,2021-06-30,learned_order_extension,20260911,0.5976356202999715,0.5976356202999715,1,1
weekly_global_validated,2563,2021-08-13,2021-08-23,-0.032048736608373,2021,2021-06-30,learned_order_extension,20260911,0.6460173631921735,0.6460173631921735,1,0
weekly_global_validated,2568,2021-08-20,2021-08-30,0.0145047962107527,2021,2021-06-30,learned_order_extension,20260911,0.4599800330212217,0.4599800330212217,0,1
weekly_global_validated,2573,2021-08-27,2021-09-06,-0.0012316820816045,2021,2021-06-30,learned_order_extension,20260911,0.8227439473299855,0.8227439473299855,1,0
weekly_global_validated,2578,2021-09-03,2021-09-13,0.0342301066295398,2021,2021-06-30,learned_order_extension,20260911,0.7764255721144454,0.7764255721144454,1,1
weekly_global_validated,2583,2021-09-10,2021-09-22,-0.0471441667981554,2021,2021-06-30,learned_order_extension,20260911,0.7513357425734236,0.7513357425734236,1,0
weekly_global_validated,2588,2021-09-17,2021-09-28,0.0209863060789441,2021,2021-06-30,learned_order_extension,20260911,0.7836614478285994,0.7836614478285994,1,1
weekly_global_validated,2591,2021-09-24,2021-10-11,0.0144615416200457,2021,2021-06-30,learned_order_extension,20260911,0.6693079201625165,0.6693079201625165,1,1
weekly_global_ungated,2533,2021-07-02,2021-07-12,0.0068193733271841,2021,2021-06-30,learned_order_extension,20260911,0.4870314747634348,0.4870314747634348,0,1
weekly_global_ungated,2538,2021-07-09,2021-07-19,-0.0048254045313779,2021,2021-06-30,learned_order_extension,20260911,0.18885603482317434,0.18885603482317434,0,0
weekly_global_ungated,2543,2021-07-16,2021-07-26,-0.0032299118953994,2021,2021-06-30,learned_order_extension,20260911,0.3017342200602158,0.3017342200602158,0,0
weekly_global_ungated,2548,2021-07-23,2021-08-02,-0.0537740931579083,2021,2021-06-30,learned_order_extension,20260911,0.36810694455242254,0.36810694455242254,0,0
weekly_global_ungated,2553,2021-07-30,2021-08-09,0.019904813945049,2021,2021-06-30,learned_order_extension,20260911,0.551068322085785,0.551068322085785,1,1
weekly_global_ungated,2558,2021-08-06,2021-08-16,0.0093369268709639,2021,2021-06-30,learned_order_extension,20260911,0.5976356202999715,0.5976356202999715,1,1
weekly_global_ungated,2563,2021-08-13,2021-08-23,-0.032048736608373,2021,2021-06-30,learned_order_extension,20260911,0.6460173631921735,0.6460173631921735,1,0
weekly_global_ungated,2568,2021-08-20,2021-08-30,0.0145047962107527,2021,2021-06-30,learned_order_extension,20260911,0.4599800330212217,0.4599800330212217,0,1
weekly_global_ungated,2573,2021-08-27,2021-09-06,-0.0012316820816045,2021,2021-06-30,learned_order_extension,20260911,0.8227439473299855,0.8227439473299855,1,0
weekly_global_ungated,2578,2021-09-03,2021-09-13,0.0342301066295398,2021,2021-06-30,learned_order_extension,20260911,0.7764255721144454,0.7764255721144454,1,1
weekly_global_ungated,2583,2021-09-10,2021-09-22,-0.0471441667981554,2021,2021-06-30,learned_order_extension,20260911,0.7513357425734236,0.7513357425734236,1,0
weekly_global_ungated,2588,2021-09-17,2021-09-28,0.0209863060789441,2021,2021-06-30,learned_order_extension,20260911,0.7836614478285994,0.7836614478285994,1,1
weekly_global_ungated,2591,2021-09-24,2021-10-11,0.0144615416200457,2021,2021-06-30,learned_order_extension,20260911,0.6693079201625165,0.6693079201625165,1,1
weekly_state_validated,2533,2021-07-02,2021-07-12,0.0068193733271841,2021,2021-06-30,learned_order_extension,20260912,0.511988380684367,0.511988380684367,1,1
weekly_state_validated,2538,2021-07-09,2021-07-19,-0.0048254045313779,2021,2021-06-30,learned_order_extension,20260912,0.6213632916420614,0.6213632916420614,1,0
weekly_state_validated,2543,2021-07-16,2021-07-26,-0.0032299118953994,2021,2021-06-30,learned_order_extension,20260912,0.4783021837038135,0.4783021837038135,0,0
weekly_state_validated,2548,2021-07-23,2021-08-02,-0.0537740931579083,2021,2021-06-30,learned_order_extension,20260912,0.6124295217712632,0.6124295217712632,1,0
weekly_state_validated,2553,2021-07-30,2021-08-09,0.019904813945049,2021,2021-06-30,learned_order_extension,20260912,0.5183173735705874,0.5183173735705874,1,1
weekly_state_validated,2558,2021-08-06,2021-08-16,0.0093369268709639,2021,2021-06-30,learned_order_extension,20260912,0.509509202348959,0.509509202348959,1,1
weekly_state_validated,2563,2021-08-13,2021-08-23,-0.032048736608373,2021,2021-06-30,learned_order_extension,20260912,0.7945715828017712,0.7945715828017712,1,0
weekly_state_validated,2568,2021-08-20,2021-08-30,0.0145047962107527,2021,2021-06-30,learned_order_extension,20260912,0.6924411435011819,0.6924411435011819,1,1
weekly_state_validated,2573,2021-08-27,2021-09-06,-0.0012316820816045,2021,2021-06-30,learned_order_extension,20260912,0.6485120883138071,0.6485120883138071,1,0
weekly_state_validated,2578,2021-09-03,2021-09-13,0.0342301066295398,2021,2021-06-30,learned_order_extension,20260912,0.5805757513729569,0.5805757513729569,1,1
weekly_state_validated,2583,2021-09-10,2021-09-22,-0.0471441667981554,2021,2021-06-30,learned_order_extension,20260912,0.5978065821661347,0.5978065821661347,1,0
weekly_state_validated,2588,2021-09-17,2021-09-28,0.0209863060789441,2021,2021-06-30,learned_order_extension,20260912,0.5376103337187045,0.5376103337187045,1,1
weekly_state_validated,2591,2021-09-24,2021-10-11,0.0144615416200457,2021,2021-06-30,learned_order_extension,20260912,0.4159392588263915,0.4159392588263915,0,1
weekly_state_ungated,2533,2021-07-02,2021-07-12,0.0068193733271841,2021,2021-06-30,learned_order_extension,20260912,0.511988380684367,0.511988380684367,1,1
weekly_state_ungated,2538,2021-07-09,2021-07-19,-0.0048254045313779,2021,2021-06-30,learned_order_extension,20260912,0.6213632916420614,0.6213632916420614,1,0
weekly_state_ungated,2543,2021-07-16,2021-07-26,-0.0032299118953994,2021,2021-06-30,learned_order_extension,20260912,0.4783021837038135,0.4783021837038135,0,0
weekly_state_ungated,2548,2021-07-23,2021-08-02,-0.0537740931579083,2021,2021-06-30,learned_order_extension,20260912,0.6124295217712632,0.6124295217712632,1,0
weekly_state_ungated,2553,2021-07-30,2021-08-09,0.019904813945049,2021,2021-06-30,learned_order_extension,20260912,0.5183173735705874,0.5183173735705874,1,1
weekly_state_ungated,2558,2021-08-06,2021-08-16,0.0093369268709639,2021,2021-06-30,learned_order_extension,20260912,0.509509202348959,0.509509202348959,1,1
weekly_state_ungated,2563,2021-08-13,2021-08-23,-0.032048736608373,2021,2021-06-30,learned_order_extension,20260912,0.7945715828017712,0.7945715828017712,1,0
weekly_state_ungated,2568,2021-08-20,2021-08-30,0.0145047962107527,2021,2021-06-30,learned_order_extension,20260912,0.6924411435011819,0.6924411435011819,1,1
weekly_state_ungated,2573,2021-08-27,2021-09-06,-0.0012316820816045,2021,2021-06-30,learned_order_extension,20260912,0.6485120883138071,0.6485120883138071,1,0
weekly_state_ungated,2578,2021-09-03,2021-09-13,0.0342301066295398,2021,2021-06-30,learned_order_extension,20260912,0.5805757513729569,0.5805757513729569,1,1
weekly_state_ungated,2583,2021-09-10,2021-09-22,-0.0471441667981554,2021,2021-06-30,learned_order_extension,20260912,0.5978065821661347,0.5978065821661347,1,0
weekly_state_ungated,2588,2021-09-17,2021-09-28,0.0209863060789441,2021,2021-06-30,learned_order_extension,20260912,0.5376103337187045,0.5376103337187045,1,1
weekly_state_ungated,2591,2021-09-24,2021-10-11,0.0144615416200457,2021,2021-06-30,learned_order_extension,20260912,0.4159392588263915,0.4159392588263915,0,1
weekly_global_validated,2533,2021-07-02,2021-07-12,0.0068193733271841,2021,2021-06-30,learned_order_extension,20260912,0.511988380684367,0.511988380684367,1,1
weekly_global_validated,2538,2021-07-09,2021-07-19,-0.0048254045313779,2021,2021-06-30,learned_order_extension,20260912,0.6213632916420614,0.6213632916420614,1,0
weekly_global_validated,2543,2021-07-16,2021-07-26,-0.0032299118953994,2021,2021-06-30,learned_order_extension,20260912,0.4783021837038135,0.4783021837038135,0,0
weekly_global_validated,2548,2021-07-23,2021-08-02,-0.0537740931579083,2021,2021-06-30,learned_order_extension,20260912,0.6124295217712632,0.6124295217712632,1,0
weekly_global_validated,2553,2021-07-30,2021-08-09,0.019904813945049,2021,2021-06-30,learned_order_extension,20260912,0.5183173735705874,0.5183173735705874,1,1
weekly_global_validated,2558,2021-08-06,2021-08-16,0.0093369268709639,2021,2021-06-30,learned_order_extension,20260912,0.509509202348959,0.509509202348959,1,1
weekly_global_validated,2563,2021-08-13,2021-08-23,-0.032048736608373,2021,2021-06-30,learned_order_extension,20260912,0.7945715828017712,0.7945715828017712,1,0
weekly_global_validated,2568,2021-08-20,2021-08-30,0.0145047962107527,2021,2021-06-30,learned_order_extension,20260912,0.6924411435011819,0.6924411435011819,1,1
weekly_global_validated,2573,2021-08-27,2021-09-06,-0.0012316820816045,2021,2021-06-30,learned_order_extension,20260912,0.6485120883138071,0.6485120883138071,1,0
weekly_global_validated,2578,2021-09-03,2021-09-13,0.0342301066295398,2021,2021-06-30,learned_order_extension,20260912,0.5805757513729569,0.5805757513729569,1,1
weekly_global_validated,2583,2021-09-10,2021-09-22,-0.0471441667981554,2021,2021-06-30,learned_order_extension,20260912,0.5978065821661347,0.5978065821661347,1,0
weekly_global_validated,2588,2021-09-17,2021-09-28,0.0209863060789441,2021,2021-06-30,learned_order_extension,20260912,0.5376103337187045,0.5376103337187045,1,1
weekly_global_validated,2591,2021-09-24,2021-10-11,0.0144615416200457,2021,2021-06-30,learned_order_extension,20260912,0.4159392588263915,0.4159392588263915,0,1
weekly_global_ungated,2533,2021-07-02,2021-07-12,0.0068193733271841,2021,2021-06-30,learned_order_extension,20260912,0.511988380684367,0.511988380684367,1,1
weekly_global_ungated,2538,2021-07-09,2021-07-19,-0.0048254045313779,2021,2021-06-30,learned_order_extension,20260912,0.6213632916420614,0.6213632916420614,1,0
weekly_global_ungated,2543,2021-07-16,2021-07-26,-0.0032299118953994,2021,2021-06-30,learned_order_extension,20260912,0.4783021837038135,0.4783021837038135,0,0
weekly_global_ungated,2548,2021-07-23,2021-08-02,-0.0537740931579083,2021,2021-06-30,learned_order_extension,20260912,0.6124295217712632,0.6124295217712632,1,0
weekly_global_ungated,2553,2021-07-30,2021-08-09,0.019904813945049,2021,2021-06-30,learned_order_extension,20260912,0.5183173735705874,0.5183173735705874,1,1
weekly_global_ungated,2558,2021-08-06,2021-08-16,0.0093369268709639,2021,2021-06-30,learned_order_extension,20260912,0.509509202348959,0.509509202348959,1,1
weekly_global_ungated,2563,2021-08-13,2021-08-23,-0.032048736608373,2021,2021-06-30,learned_order_extension,20260912,0.7945715828017712,0.7945715828017712,1,0
weekly_global_ungated,2568,2021-08-20,2021-08-30,0.0145047962107527,2021,2021-06-30,learned_order_extension,20260912,0.6924411435011819,0.6924411435011819,1,1
weekly_global_ungated,2573,2021-08-27,2021-09-06,-0.0012316820816045,2021,2021-06-30,learned_order_extension,20260912,0.6485120883138071,0.6485120883138071,1,0
weekly_global_ungated,2578,2021-09-03,2021-09-13,0.0342301066295398,2021,2021-06-30,learned_order_extension,20260912,0.5805757513729569,0.5805757513729569,1,1
weekly_global_ungated,2583,2021-09-10,2021-09-22,-0.0471441667981554,2021,2021-06-30,learned_order_extension,20260912,0.5978065821661347,0.5978065821661347,1,0
weekly_global_ungated,2588,2021-09-17,2021-09-28,0.0209863060789441,2021,2021-06-30,learned_order_extension,20260912,0.5376103337187045,0.5376103337187045,1,1
weekly_global_ungated,2591,2021-09-24,2021-10-11,0.0144615416200457,2021,2021-06-30,learned_order_extension,20260912,0.4159392588263915,0.4159392588263915,0,1
weekly_state_validated,2533,2021-07-02,2021-07-12,0.0068193733271841,2021,2021-06-30,learned_order_offset,20260910,0.3216916416287179,0.3216916416287179,0,1
weekly_state_validated,2538,2021-07-09,2021-07-19,-0.0048254045313779,2021,2021-06-30,learned_order_offset,20260910,0.3101145030268536,0.3101145030268536,0,0
weekly_state_validated,2543,2021-07-16,2021-07-26,-0.0032299118953994,2021,2021-06-30,learned_order_offset,20260910,0.26392360125279063,0.26392360125279063,0,0
weekly_state_validated,2548,2021-07-23,2021-08-02,-0.0537740931579083,2021,2021-06-30,learned_order_offset,20260910,0.3781019647861085,0.3781019647861085,0,0
weekly_state_validated,2553,2021-07-30,2021-08-09,0.019904813945049,2021,2021-06-30,learned_order_offset,20260910,0.443071770145631,0.443071770145631,0,1
weekly_state_validated,2558,2021-08-06,2021-08-16,0.0093369268709639,2021,2021-06-30,learned_order_offset,20260910,0.4229308279115627,0.4229308279115627,0,1
weekly_state_validated,2563,2021-08-13,2021-08-23,-0.032048736608373,2021,2021-06-30,learned_order_offset,20260910,0.4454769793108894,0.4454769793108894,0,0
weekly_state_validated,2568,2021-08-20,2021-08-30,0.0145047962107527,2021,2021-06-30,learned_order_offset,20260910,0.5730433431588372,0.5730433431588372,1,1
weekly_state_validated,2573,2021-08-27,2021-09-06,-0.0012316820816045,2021,2021-06-30,learned_order_offset,20260910,0.5924044756946784,0.5924044756946784,1,0
weekly_state_validated,2578,2021-09-03,2021-09-13,0.0342301066295398,2021,2021-06-30,learned_order_offset,20260910,0.7533662187579737,0.7533662187579737,1,1
weekly_state_validated,2583,2021-09-10,2021-09-22,-0.0471441667981554,2021,2021-06-30,learned_order_offset,20260910,0.7490237805795243,0.7490237805795243,1,0
weekly_state_validated,2588,2021-09-17,2021-09-28,0.0209863060789441,2021,2021-06-30,learned_order_offset,20260910,0.7578019779876107,0.7578019779876107,1,1
weekly_state_validated,2591,2021-09-24,2021-10-11,0.0144615416200457,2021,2021-06-30,learned_order_offset,20260910,0.8099614624313016,0.8099614624313016,1,1
weekly_state_ungated,2533,2021-07-02,2021-07-12,0.0068193733271841,2021,2021-06-30,learned_order_offset,20260910,0.3216916416287179,0.3216916416287179,0,1
weekly_state_ungated,2538,2021-07-09,2021-07-19,-0.0048254045313779,2021,2021-06-30,learned_order_offset,20260910,0.3101145030268536,0.3101145030268536,0,0
weekly_state_ungated,2543,2021-07-16,2021-07-26,-0.0032299118953994,2021,2021-06-30,learned_order_offset,20260910,0.26392360125279063,0.26392360125279063,0,0
weekly_state_ungated,2548,2021-07-23,2021-08-02,-0.0537740931579083,2021,2021-06-30,learned_order_offset,20260910,0.3781019647861085,0.3781019647861085,0,0
weekly_state_ungated,2553,2021-07-30,2021-08-09,0.019904813945049,2021,2021-06-30,learned_order_offset,20260910,0.443071770145631,0.443071770145631,0,1
weekly_state_ungated,2558,2021-08-06,2021-08-16,0.0093369268709639,2021,2021-06-30,learned_order_offset,20260910,0.4229308279115627,0.4229308279115627,0,1
weekly_state_ungated,2563,2021-08-13,2021-08-23,-0.032048736608373,2021,2021-06-30,learned_order_offset,20260910,0.4454769793108894,0.4454769793108894,0,0
weekly_state_ungated,2568,2021-08-20,2021-08-30,0.0145047962107527,2021,2021-06-30,learned_order_offset,20260910,0.5730433431588372,0.5730433431588372,1,1
weekly_state_ungated,2573,2021-08-27,2021-09-06,-0.0012316820816045,2021,2021-06-30,learned_order_offset,20260910,0.5924044756946784,0.5924044756946784,1,0
weekly_state_ungated,2578,2021-09-03,2021-09-13,0.0342301066295398,2021,2021-06-30,learned_order_offset,20260910,0.7533662187579737,0.7533662187579737,1,1
weekly_state_ungated,2583,2021-09-10,2021-09-22,-0.0471441667981554,2021,2021-06-30,learned_order_offset,20260910,0.7490237805795243,0.7490237805795243,1,0
weekly_state_ungated,2588,2021-09-17,2021-09-28,0.0209863060789441,2021,2021-06-30,learned_order_offset,20260910,0.7578019779876107,0.7578019779876107,1,1
weekly_state_ungated,2591,2021-09-24,2021-10-11,0.0144615416200457,2021,2021-06-30,learned_order_offset,20260910,0.8099614624313016,0.8099614624313016,1,1
weekly_global_validated,2533,2021-07-02,2021-07-12,0.0068193733271841,2021,2021-06-30,learned_order_offset,20260910,0.3216916416287179,0.3216916416287179,0,1
weekly_global_validated,2538,2021-07-09,2021-07-19,-0.0048254045313779,2021,2021-06-30,learned_order_offset,20260910,0.3101145030268536,0.3101145030268536,0,0
weekly_global_validated,2543,2021-07-16,2021-07-26,-0.0032299118953994,2021,2021-06-30,learned_order_offset,20260910,0.26392360125279063,0.26392360125279063,0,0
weekly_global_validated,2548,2021-07-23,2021-08-02,-0.0537740931579083,2021,2021-06-30,learned_order_offset,20260910,0.3781019647861085,0.3781019647861085,0,0
weekly_global_validated,2553,2021-07-30,2021-08-09,0.019904813945049,2021,2021-06-30,learned_order_offset,20260910,0.443071770145631,0.443071770145631,0,1
weekly_global_validated,2558,2021-08-06,2021-08-16,0.0093369268709639,2021,2021-06-30,learned_order_offset,20260910,0.4229308279115627,0.4229308279115627,0,1
weekly_global_validated,2563,2021-08-13,2021-08-23,-0.032048736608373,2021,2021-06-30,learned_order_offset,20260910,0.4454769793108894,0.4454769793108894,0,0
weekly_global_validated,2568,2021-08-20,2021-08-30,0.0145047962107527,2021,2021-06-30,learned_order_offset,20260910,0.5730433431588372,0.5730433431588372,1,1
weekly_global_validated,2573,2021-08-27,2021-09-06,-0.0012316820816045,2021,2021-06-30,learned_order_offset,20260910,0.5924044756946784,0.5924044756946784,1,0
weekly_global_validated,2578,2021-09-03,2021-09-13,0.0342301066295398,2021,2021-06-30,learned_order_offset,20260910,0.7533662187579737,0.7533662187579737,1,1
weekly_global_validated,2583,2021-09-10,2021-09-22,-0.0471441667981554,2021,2021-06-30,learned_order_offset,20260910,0.7490237805795243,0.7490237805795243,1,0
weekly_global_validated,2588,2021-09-17,2021-09-28,0.0209863060789441,2021,2021-06-30,learned_order_offset,20260910,0.7578019779876107,0.7578019779876107,1,1
weekly_global_validated,2591,2021-09-24,2021-10-11,0.0144615416200457,2021,2021-06-30,learned_order_offset,20260910,0.8099614624313016,0.8099614624313016,1,1
weekly_global_ungated,2533,2021-07-02,2021-07-12,0.0068193733271841,2021,2021-06-30,learned_order_offset,20260910,0.3216916416287179,0.3216916416287179,0,1
weekly_global_ungated,2538,2021-07-09,2021-07-19,-0.0048254045313779,2021,2021-06-30,learned_order_offset,20260910,0.3101145030268536,0.3101145030268536,0,0
weekly_global_ungated,2543,2021-07-16,2021-07-26,-0.0032299118953994,2021,2021-06-30,learned_order_offset,20260910,0.26392360125279063,0.26392360125279063,0,0
weekly_global_ungated,2548,2021-07-23,2021-08-02,-0.0537740931579083,2021,2021-06-30,learned_order_offset,20260910,0.3781019647861085,0.3781019647861085,0,0
weekly_global_ungated,2553,2021-07-30,2021-08-09,0.019904813945049,2021,2021-06-30,learned_order_offset,20260910,0.443071770145631,0.443071770145631,0,1
weekly_global_ungated,2558,2021-08-06,2021-08-16,0.0093369268709639,2021,2021-06-30,learned_order_offset,20260910,0.4229308279115627,0.4229308279115627,0,1
weekly_global_ungated,2563,2021-08-13,2021-08-23,-0.032048736608373,2021,2021-06-30,learned_order_offset,20260910,0.4454769793108894,0.4454769793108894,0,0
weekly_global_ungated,2568,2021-08-20,2021-08-30,0.0145047962107527,2021,2021-06-30,learned_order_offset,20260910,0.5730433431588372,0.5730433431588372,1,1
weekly_global_ungated,2573,2021-08-27,2021-09-06,-0.0012316820816045,2021,2021-06-30,learned_order_offset,20260910,0.5924044756946784,0.5924044756946784,1,0
weekly_global_ungated,2578,2021-09-03,2021-09-13,0.0342301066295398,2021,2021-06-30,learned_order_offset,20260910,0.7533662187579737,0.7533662187579737,1,1
weekly_global_ungated,2583,2021-09-10,2021-09-22,-0.0471441667981554,2021,2021-06-30,learned_order_offset,20260910,0.7490237805795243,0.7490237805795243,1,0
weekly_global_ungated,2588,2021-09-17,2021-09-28,0.0209863060789441,2021,2021-06-30,learned_order_offset,20260910,0.7578019779876107,0.7578019779876107,1,1
weekly_global_ungated,2591,2021-09-24,2021-10-11,0.0144615416200457,2021,2021-06-30,learned_order_offset,20260910,0.8099614624313016,0.8099614624313016,1,1
weekly_state_validated,2533,2021-07-02,2021-07-12,0.0068193733271841,2021,2021-06-30,learned_order_offset,20260911,0.48834019247779775,0.48834019247779775,0,1
weekly_state_validated,2538,2021-07-09,2021-07-19,-0.0048254045313779,2021,2021-06-30,learned_order_offset,20260911,0.1899218857560688,0.1899218857560688,0,0
weekly_state_validated,2543,2021-07-16,2021-07-26,-0.0032299118953994,2021,2021-06-30,learned_order_offset,20260911,0.30227219210751677,0.30227219210751677,0,0
weekly_state_validated,2548,2021-07-23,2021-08-02,-0.0537740931579083,2021,2021-06-30,learned_order_offset,20260911,0.3682876710362575,0.3682876710362575,0,0
weekly_state_validated,2553,2021-07-30,2021-08-09,0.019904813945049,2021,2021-06-30,learned_order_offset,20260911,0.5493128567304749,0.5493128567304749,1,1
weekly_state_validated,2558,2021-08-06,2021-08-16,0.0093369268709639,2021,2021-06-30,learned_order_offset,20260911,0.5952755431654839,0.5952755431654839,1,1
weekly_state_validated,2563,2021-08-13,2021-08-23,-0.032048736608373,2021,2021-06-30,learned_order_offset,20260911,0.6435678005185,0.6435678005185,1,0
weekly_state_validated,2568,2021-08-20,2021-08-30,0.0145047962107527,2021,2021-06-30,learned_order_offset,20260911,0.45941912601595664,0.45941912601595664,0,1
weekly_state_validated,2573,2021-08-27,2021-09-06,-0.0012316820816045,2021,2021-06-30,learned_order_offset,20260911,0.8199221886042931,0.8199221886042931,1,0
weekly_state_validated,2578,2021-09-03,2021-09-13,0.0342301066295398,2021,2021-06-30,learned_order_offset,20260911,0.7736884948382853,0.7736884948382853,1,1
weekly_state_validated,2583,2021-09-10,2021-09-22,-0.0471441667981554,2021,2021-06-30,learned_order_offset,20260911,0.7486660391902702,0.7486660391902702,1,0
weekly_state_validated,2588,2021-09-17,2021-09-28,0.0209863060789441,2021,2021-06-30,learned_order_offset,20260911,0.7812035509395332,0.7812035509395332,1,1
weekly_state_validated,2591,2021-09-24,2021-10-11,0.0144615416200457,2021,2021-06-30,learned_order_offset,20260911,0.6670102925222845,0.6670102925222845,1,1
weekly_state_ungated,2533,2021-07-02,2021-07-12,0.0068193733271841,2021,2021-06-30,learned_order_offset,20260911,0.48834019247779775,0.48834019247779775,0,1
weekly_state_ungated,2538,2021-07-09,2021-07-19,-0.0048254045313779,2021,2021-06-30,learned_order_offset,20260911,0.1899218857560688,0.1899218857560688,0,0
weekly_state_ungated,2543,2021-07-16,2021-07-26,-0.0032299118953994,2021,2021-06-30,learned_order_offset,20260911,0.30227219210751677,0.30227219210751677,0,0
weekly_state_ungated,2548,2021-07-23,2021-08-02,-0.0537740931579083,2021,2021-06-30,learned_order_offset,20260911,0.3682876710362575,0.3682876710362575,0,0
weekly_state_ungated,2553,2021-07-30,2021-08-09,0.019904813945049,2021,2021-06-30,learned_order_offset,20260911,0.5493128567304749,0.5493128567304749,1,1
weekly_state_ungated,2558,2021-08-06,2021-08-16,0.0093369268709639,2021,2021-06-30,learned_order_offset,20260911,0.5952755431654839,0.5952755431654839,1,1
weekly_state_ungated,2563,2021-08-13,2021-08-23,-0.032048736608373,2021,2021-06-30,learned_order_offset,20260911,0.6435678005185,0.6435678005185,1,0
weekly_state_ungated,2568,2021-08-20,2021-08-30,0.0145047962107527,2021,2021-06-30,learned_order_offset,20260911,0.45941912601595664,0.45941912601595664,0,1
weekly_state_ungated,2573,2021-08-27,2021-09-06,-0.0012316820816045,2021,2021-06-30,learned_order_offset,20260911,0.8199221886042931,0.8199221886042931,1,0
weekly_state_ungated,2578,2021-09-03,2021-09-13,0.0342301066295398,2021,2021-06-30,learned_order_offset,20260911,0.7736884948382853,0.7736884948382853,1,1
weekly_state_ungated,2583,2021-09-10,2021-09-22,-0.0471441667981554,2021,2021-06-30,learned_order_offset,20260911,0.7486660391902702,0.7486660391902702,1,0
weekly_state_ungated,2588,2021-09-17,2021-09-28,0.0209863060789441,2021,2021-06-30,learned_order_offset,20260911,0.7812035509395332,0.7812035509395332,1,1
weekly_state_ungated,2591,2021-09-24,2021-10-11,0.0144615416200457,2021,2021-06-30,learned_order_offset,20260911,0.6670102925222845,0.6670102925222845,1,1
weekly_global_validated,2533,2021-07-02,2021-07-12,0.0068193733271841,2021,2021-06-30,learned_order_offset,20260911,0.48834019247779775,0.48834019247779775,0,1
weekly_global_validated,2538,2021-07-09,2021-07-19,-0.0048254045313779,2021,2021-06-30,learned_order_offset,20260911,0.1899218857560688,0.1899218857560688,0,0
weekly_global_validated,2543,2021-07-16,2021-07-26,-0.0032299118953994,2021,2021-06-30,learned_order_offset,20260911,0.30227219210751677,0.30227219210751677,0,0
weekly_global_validated,2548,2021-07-23,2021-08-02,-0.0537740931579083,2021,2021-06-30,learned_order_offset,20260911,0.3682876710362575,0.3682876710362575,0,0
weekly_global_validated,2553,2021-07-30,2021-08-09,0.019904813945049,2021,2021-06-30,learned_order_offset,20260911,0.5493128567304749,0.5493128567304749,1,1
weekly_global_validated,2558,2021-08-06,2021-08-16,0.0093369268709639,2021,2021-06-30,learned_order_offset,20260911,0.5952755431654839,0.5952755431654839,1,1
weekly_global_validated,2563,2021-08-13,2021-08-23,-0.032048736608373,2021,2021-06-30,learned_order_offset,20260911,0.6435678005185,0.6435678005185,1,0
weekly_global_validated,2568,2021-08-20,2021-08-30,0.0145047962107527,2021,2021-06-30,learned_order_offset,20260911,0.45941912601595664,0.45941912601595664,0,1
weekly_global_validated,2573,2021-08-27,2021-09-06,-0.0012316820816045,2021,2021-06-30,learned_order_offset,20260911,0.8199221886042931,0.8199221886042931,1,0
weekly_global_validated,2578,2021-09-03,2021-09-13,0.0342301066295398,2021,2021-06-30,learned_order_offset,20260911,0.7736884948382853,0.7736884948382853,1,1
weekly_global_validated,2583,2021-09-10,2021-09-22,-0.0471441667981554,2021,2021-06-30,learned_order_offset,20260911,0.7486660391902702,0.7486660391902702,1,0
weekly_global_validated,2588,2021-09-17,2021-09-28,0.0209863060789441,2021,2021-06-30,learned_order_offset,20260911,0.7812035509395332,0.7812035509395332,1,1
weekly_global_validated,2591,2021-09-24,2021-10-11,0.0144615416200457,2021,2021-06-30,learned_order_offset,20260911,0.6670102925222845,0.6670102925222845,1,1
weekly_global_ungated,2533,2021-07-02,2021-07-12,0.0068193733271841,2021,2021-06-30,learned_order_offset,20260911,0.48834019247779775,0.48834019247779775,0,1
weekly_global_ungated,2538,2021-07-09,2021-07-19,-0.0048254045313779,2021,2021-06-30,learned_order_offset,20260911,0.1899218857560688,0.1899218857560688,0,0
weekly_global_ungated,2543,2021-07-16,2021-07-26,-0.0032299118953994,2021,2021-06-30,learned_order_offset,20260911,0.30227219210751677,0.30227219210751677,0,0
weekly_global_ungated,2548,2021-07-23,2021-08-02,-0.0537740931579083,2021,2021-06-30,learned_order_offset,20260911,0.3682876710362575,0.3682876710362575,0,0
weekly_global_ungated,2553,2021-07-30,2021-08-09,0.019904813945049,2021,2021-06-30,learned_order_offset,20260911,0.5493128567304749,0.5493128567304749,1,1
weekly_global_ungated,2558,2021-08-06,2021-08-16,0.0093369268709639,2021,2021-06-30,learned_order_offset,20260911,0.5952755431654839,0.5952755431654839,1,1
weekly_global_ungated,2563,2021-08-13,2021-08-23,-0.032048736608373,2021,2021-06-30,learned_order_offset,20260911,0.6435678005185,0.6435678005185,1,0
weekly_global_ungated,2568,2021-08-20,2021-08-30,0.0145047962107527,2021,2021-06-30,learned_order_offset,20260911,0.45941912601595664,0.45941912601595664,0,1
weekly_global_ungated,2573,2021-08-27,2021-09-06,-0.0012316820816045,2021,2021-06-30,learned_order_offset,20260911,0.8199221886042931,0.8199221886042931,1,0
weekly_global_ungated,2578,2021-09-03,2021-09-13,0.0342301066295398,2021,2021-06-30,learned_order_offset,20260911,0.7736884948382853,0.7736884948382853,1,1
weekly_global_ungated,2583,2021-09-10,2021-09-22,-0.0471441667981554,2021,2021-06-30,learned_order_offset,20260911,0.7486660391902702,0.7486660391902702,1,0
weekly_global_ungated,2588,2021-09-17,2021-09-28,0.0209863060789441,2021,2021-06-30,learned_order_offset,20260911,0.7812035509395332,0.7812035509395332,1,1
weekly_global_ungated,2591,2021-09-24,2021-10-11,0.0144615416200457,2021,2021-06-30,learned_order_offset,20260911,0.6670102925222845,0.6670102925222845,1,1
weekly_state_validated,2533,2021-07-02,2021-07-12,0.0068193733271841,2021,2021-06-30,learned_order_offset,20260912,0.5120272781444086,0.5120272781444086,1,1
weekly_state_validated,2538,2021-07-09,2021-07-19,-0.0048254045313779,2021,2021-06-30,learned_order_offset,20260912,0.6210298644444885,0.6210298644444885,1,0
weekly_state_validated,2543,2021-07-16,2021-07-26,-0.0032299118953994,2021,2021-06-30,learned_order_offset,20260912,0.47780664490085595,0.47780664490085595,0,0
weekly_state_validated,2548,2021-07-23,2021-08-02,-0.0537740931579083,2021,2021-06-30,learned_order_offset,20260912,0.6120939315881804,0.6120939315881804,1,0
weekly_state_validated,2553,2021-07-30,2021-08-09,0.019904813945049,2021,2021-06-30,learned_order_offset,20260912,0.5180210270033623,0.5180210270033623,1,1
weekly_state_validated,2558,2021-08-06,2021-08-16,0.0093369268709639,2021,2021-06-30,learned_order_offset,20260912,0.5092578634100278,0.5092578634100278,1,1
weekly_state_validated,2563,2021-08-13,2021-08-23,-0.032048736608373,2021,2021-06-30,learned_order_offset,20260912,0.7940343211531239,0.7940343211531239,1,0
weekly_state_validated,2568,2021-08-20,2021-08-30,0.0145047962107527,2021,2021-06-30,learned_order_offset,20260912,0.6920631539348041,0.6920631539348041,1,1
weekly_state_validated,2573,2021-08-27,2021-09-06,-0.0012316820816045,2021,2021-06-30,learned_order_offset,20260912,0.6483618872645227,0.6483618872645227,1,0
weekly_state_validated,2578,2021-09-03,2021-09-13,0.0342301066295398,2021,2021-06-30,learned_order_offset,20260912,0.5804326441216299,0.5804326441216299,1,1
weekly_state_validated,2583,2021-09-10,2021-09-22,-0.0471441667981554,2021,2021-06-30,learned_order_offset,20260912,0.5974417197776336,0.5974417197776336,1,0
weekly_state_validated,2588,2021-09-17,2021-09-28,0.0209863060789441,2021,2021-06-30,learned_order_offset,20260912,0.5373217574451546,0.5373217574451546,1,1
weekly_state_validated,2591,2021-09-24,2021-10-11,0.0144615416200457,2021,2021-06-30,learned_order_offset,20260912,0.4161001339098918,0.4161001339098918,0,1
weekly_state_ungated,2533,2021-07-02,2021-07-12,0.0068193733271841,2021,2021-06-30,learned_order_offset,20260912,0.5120272781444086,0.5120272781444086,1,1
weekly_state_ungated,2538,2021-07-09,2021-07-19,-0.0048254045313779,2021,2021-06-30,learned_order_offset,20260912,0.6210298644444885,0.6210298644444885,1,0
weekly_state_ungated,2543,2021-07-16,2021-07-26,-0.0032299118953994,2021,2021-06-30,learned_order_offset,20260912,0.47780664490085595,0.47780664490085595,0,0
weekly_state_ungated,2548,2021-07-23,2021-08-02,-0.0537740931579083,2021,2021-06-30,learned_order_offset,20260912,0.6120939315881804,0.6120939315881804,1,0
weekly_state_ungated,2553,2021-07-30,2021-08-09,0.019904813945049,2021,2021-06-30,learned_order_offset,20260912,0.5180210270033623,0.5180210270033623,1,1
weekly_state_ungated,2558,2021-08-06,2021-08-16,0.0093369268709639,2021,2021-06-30,learned_order_offset,20260912,0.5092578634100278,0.5092578634100278,1,1
weekly_state_ungated,2563,2021-08-13,2021-08-23,-0.032048736608373,2021,2021-06-30,learned_order_offset,20260912,0.7940343211531239,0.7940343211531239,1,0
weekly_state_ungated,2568,2021-08-20,2021-08-30,0.0145047962107527,2021,2021-06-30,learned_order_offset,20260912,0.6920631539348041,0.6920631539348041,1,1
weekly_state_ungated,2573,2021-08-27,2021-09-06,-0.0012316820816045,2021,2021-06-30,learned_order_offset,20260912,0.6483618872645227,0.6483618872645227,1,0
weekly_state_ungated,2578,2021-09-03,2021-09-13,0.0342301066295398,2021,2021-06-30,learned_order_offset,20260912,0.5804326441216299,0.5804326441216299,1,1
weekly_state_ungated,2583,2021-09-10,2021-09-22,-0.0471441667981554,2021,2021-06-30,learned_order_offset,20260912,0.5974417197776336,0.5974417197776336,1,0
weekly_state_ungated,2588,2021-09-17,2021-09-28,0.0209863060789441,2021,2021-06-30,learned_order_offset,20260912,0.5373217574451546,0.5373217574451546,1,1
weekly_state_ungated,2591,2021-09-24,2021-10-11,0.0144615416200457,2021,2021-06-30,learned_order_offset,20260912,0.4161001339098918,0.4161001339098918,0,1
weekly_global_validated,2533,2021-07-02,2021-07-12,0.0068193733271841,2021,2021-06-30,learned_order_offset,20260912,0.5120272781444086,0.5120272781444086,1,1
weekly_global_validated,2538,2021-07-09,2021-07-19,-0.0048254045313779,2021,2021-06-30,learned_order_offset,20260912,0.6210298644444885,0.6210298644444885,1,0
weekly_global_validated,2543,2021-07-16,2021-07-26,-0.0032299118953994,2021,2021-06-30,learned_order_offset,20260912,0.47780664490085595,0.47780664490085595,0,0
weekly_global_validated,2548,2021-07-23,2021-08-02,-0.0537740931579083,2021,2021-06-30,learned_order_offset,20260912,0.6120939315881804,0.6120939315881804,1,0
weekly_global_validated,2553,2021-07-30,2021-08-09,0.019904813945049,2021,2021-06-30,learned_order_offset,20260912,0.5180210270033623,0.5180210270033623,1,1
weekly_global_validated,2558,2021-08-06,2021-08-16,0.0093369268709639,2021,2021-06-30,learned_order_offset,20260912,0.5092578634100278,0.5092578634100278,1,1
weekly_global_validated,2563,2021-08-13,2021-08-23,-0.032048736608373,2021,2021-06-30,learned_order_offset,20260912,0.7940343211531239,0.7940343211531239,1,0
weekly_global_validated,2568,2021-08-20,2021-08-30,0.0145047962107527,2021,2021-06-30,learned_order_offset,20260912,0.6920631539348041,0.6920631539348041,1,1
weekly_global_validated,2573,2021-08-27,2021-09-06,-0.0012316820816045,2021,2021-06-30,learned_order_offset,20260912,0.6483618872645227,0.6483618872645227,1,0
weekly_global_validated,2578,2021-09-03,2021-09-13,0.0342301066295398,2021,2021-06-30,learned_order_offset,20260912,0.5804326441216299,0.5804326441216299,1,1
weekly_global_validated,2583,2021-09-10,2021-09-22,-0.0471441667981554,2021,2021-06-30,learned_order_offset,20260912,0.5974417197776336,0.5974417197776336,1,0
weekly_global_validated,2588,2021-09-17,2021-09-28,0.0209863060789441,2021,2021-06-30,learned_order_offset,20260912,0.5373217574451546,0.5373217574451546,1,1
weekly_global_validated,2591,2021-09-24,2021-10-11,0.0144615416200457,2021,2021-06-30,learned_order_offset,20260912,0.4161001339098918,0.4161001339098918,0,1
weekly_global_ungated,2533,2021-07-02,2021-07-12,0.0068193733271841,2021,2021-06-30,learned_order_offset,20260912,0.5120272781444086,0.5120272781444086,1,1
weekly_global_ungated,2538,2021-07-09,2021-07-19,-0.0048254045313779,2021,2021-06-30,learned_order_offset,20260912,0.6210298644444885,0.6210298644444885,1,0
weekly_global_ungated,2543,2021-07-16,2021-07-26,-0.0032299118953994,2021,2021-06-30,learned_order_offset,20260912,0.47780664490085595,0.47780664490085595,0,0
weekly_global_ungated,2548,2021-07-23,2021-08-02,-0.0537740931579083,2021,2021-06-30,learned_order_offset,20260912,0.6120939315881804,0.6120939315881804,1,0
weekly_global_ungated,2553,2021-07-30,2021-08-09,0.019904813945049,2021,2021-06-30,learned_order_offset,20260912,0.5180210270033623,0.5180210270033623,1,1
weekly_global_ungated,2558,2021-08-06,2021-08-16,0.0093369268709639,2021,2021-06-30,learned_order_offset,20260912,0.5092578634100278,0.5092578634100278,1,1
weekly_global_ungated,2563,2021-08-13,2021-08-23,-0.032048736608373,2021,2021-06-30,learned_order_offset,20260912,0.7940343211531239,0.7940343211531239,1,0
weekly_global_ungated,2568,2021-08-20,2021-08-30,0.0145047962107527,2021,2021-06-30,learned_order_offset,20260912,0.6920631539348041,0.6920631539348041,1,1
weekly_global_ungated,2573,2021-08-27,2021-09-06,-0.0012316820816045,2021,2021-06-30,learned_order_offset,20260912,0.6483618872645227,0.6483618872645227,1,0
weekly_global_ungated,2578,2021-09-03,2021-09-13,0.0342301066295398,2021,2021-06-30,learned_order_offset,20260912,0.5804326441216299,0.5804326441216299,1,1
weekly_global_ungated,2583,2021-09-10,2021-09-22,-0.0471441667981554,2021,2021-06-30,learned_order_offset,20260912,0.5974417197776336,0.5974417197776336,1,0
weekly_global_ungated,2588,2021-09-17,2021-09-28,0.0209863060789441,2021,2021-06-30,learned_order_offset,20260912,0.5373217574451546,0.5373217574451546,1,1
weekly_global_ungated,2591,2021-09-24,2021-10-11,0.0144615416200457,2021,2021-06-30,learned_order_offset,20260912,0.4161001339098918,0.4161001339098918,0,1
weekly_state_validated,2596,2021-10-08,2021-10-18,-0.0038006269617851,2021,2021-09-30,learned_market,20260910,0.7103284017268151,0.7103284017268151,1,0
weekly_state_validated,2601,2021-10-15,2021-10-25,0.0037358989621147,2021,2021-09-30,learned_market,20260910,0.7054426847772952,0.7054426847772952,1,1
weekly_state_validated,2606,2021-10-22,2021-11-01,-0.0127041632091318,2021,2021-09-30,learned_market,20260910,0.561668990030631,0.561668990030631,1,0
weekly_state_validated,2611,2021-10-29,2021-11-08,-0.0075807737801166,2021,2021-09-30,learned_market,20260910,0.5778524508006477,0.5778524508006477,1,0
weekly_state_validated,2616,2021-11-05,2021-11-15,0.0110015182343039,2021,2021-09-30,learned_market,20260910,0.6566176820686879,0.6566176820686879,1,1
weekly_state_validated,2621,2021-11-12,2021-11-22,0.0002002284238551,2021,2021-09-30,learned_market,20260910,0.7459419474434704,0.7459419474434704,1,1
weekly_state_validated,2626,2021-11-19,2021-11-29,-0.0153981603100059,2021,2021-09-30,learned_market,20260910,0.7859013728177604,0.7859013728177604,1,0
weekly_state_validated,2631,2021-11-26,2021-12-06,0.0185518287306458,2021,2021-09-30,learned_market,20260910,0.679954560670936,0.679954560670936,1,1
weekly_state_validated,2636,2021-12-03,2021-12-13,0.0367843110096284,2021,2021-09-30,learned_market,20260910,0.6823399841098169,0.6823399841098169,1,1
weekly_state_validated,2641,2021-12-10,2021-12-20,-0.0304615698955996,2021,2021-09-30,learned_market,20260910,0.6068383170365979,0.6068383170365979,1,0
weekly_state_validated,2646,2021-12-17,2021-12-27,-0.0034083287233763,2021,2021-09-30,learned_market,20260910,0.7177286585161153,0.7177286585161153,1,0
weekly_state_validated,2651,2021-12-24,2022-01-04,0.0080985736506613,2021,2021-09-30,learned_market,20260910,0.7527245234710195,0.7527245234710195,1,1
weekly_state_validated,2656,2021-12-31,2022-01-10,-0.0293970528320001,2021,2021-09-30,learned_market,20260910,0.7407762805267725,0.7407762805267725,1,0
weekly_state_ungated,2596,2021-10-08,2021-10-18,-0.0038006269617851,2021,2021-09-30,learned_market,20260910,0.7103284017268151,0.7103284017268151,1,0
weekly_state_ungated,2601,2021-10-15,2021-10-25,0.0037358989621147,2021,2021-09-30,learned_market,20260910,0.7054426847772952,0.7054426847772952,1,1
weekly_state_ungated,2606,2021-10-22,2021-11-01,-0.0127041632091318,2021,2021-09-30,learned_market,20260910,0.561668990030631,0.561668990030631,1,0
weekly_state_ungated,2611,2021-10-29,2021-11-08,-0.0075807737801166,2021,2021-09-30,learned_market,20260910,0.5778524508006477,0.5778524508006477,1,0
weekly_state_ungated,2616,2021-11-05,2021-11-15,0.0110015182343039,2021,2021-09-30,learned_market,20260910,0.6566176820686879,0.6566176820686879,1,1
weekly_state_ungated,2621,2021-11-12,2021-11-22,0.0002002284238551,2021,2021-09-30,learned_market,20260910,0.7459419474434704,0.7459419474434704,1,1
weekly_state_ungated,2626,2021-11-19,2021-11-29,-0.0153981603100059,2021,2021-09-30,learned_market,20260910,0.7859013728177604,0.7859013728177604,1,0
weekly_state_ungated,2631,2021-11-26,2021-12-06,0.0185518287306458,2021,2021-09-30,learned_market,20260910,0.679954560670936,0.679954560670936,1,1
weekly_state_ungated,2636,2021-12-03,2021-12-13,0.0367843110096284,2021,2021-09-30,learned_market,20260910,0.6823399841098169,0.6823399841098169,1,1
weekly_state_ungated,2641,2021-12-10,2021-12-20,-0.0304615698955996,2021,2021-09-30,learned_market,20260910,0.6068383170365979,0.6068383170365979,1,0
weekly_state_ungated,2646,2021-12-17,2021-12-27,-0.0034083287233763,2021,2021-09-30,learned_market,20260910,0.7177286585161153,0.7177286585161153,1,0
weekly_state_ungated,2651,2021-12-24,2022-01-04,0.0080985736506613,2021,2021-09-30,learned_market,20260910,0.7527245234710195,0.7527245234710195,1,1
weekly_state_ungated,2656,2021-12-31,2022-01-10,-0.0293970528320001,2021,2021-09-30,learned_market,20260910,0.7407762805267725,0.7407762805267725,1,0
weekly_global_validated,2596,2021-10-08,2021-10-18,-0.0038006269617851,2021,2021-09-30,learned_market,20260910,0.7103284017268151,0.7103284017268151,1,0
weekly_global_validated,2601,2021-10-15,2021-10-25,0.0037358989621147,2021,2021-09-30,learned_market,20260910,0.7054426847772952,0.7054426847772952,1,1
weekly_global_validated,2606,2021-10-22,2021-11-01,-0.0127041632091318,2021,2021-09-30,learned_market,20260910,0.561668990030631,0.561668990030631,1,0
weekly_global_validated,2611,2021-10-29,2021-11-08,-0.0075807737801166,2021,2021-09-30,learned_market,20260910,0.5778524508006477,0.5778524508006477,1,0
weekly_global_validated,2616,2021-11-05,2021-11-15,0.0110015182343039,2021,2021-09-30,learned_market,20260910,0.6566176820686879,0.6566176820686879,1,1
weekly_global_validated,2621,2021-11-12,2021-11-22,0.0002002284238551,2021,2021-09-30,learned_market,20260910,0.7459419474434704,0.7459419474434704,1,1
weekly_global_validated,2626,2021-11-19,2021-11-29,-0.0153981603100059,2021,2021-09-30,learned_market,20260910,0.7859013728177604,0.7859013728177604,1,0
weekly_global_validated,2631,2021-11-26,2021-12-06,0.0185518287306458,2021,2021-09-30,learned_market,20260910,0.679954560670936,0.679954560670936,1,1
weekly_global_validated,2636,2021-12-03,2021-12-13,0.0367843110096284,2021,2021-09-30,learned_market,20260910,0.6823399841098169,0.6823399841098169,1,1
weekly_global_validated,2641,2021-12-10,2021-12-20,-0.0304615698955996,2021,2021-09-30,learned_market,20260910,0.6068383170365979,0.6068383170365979,1,0
weekly_global_validated,2646,2021-12-17,2021-12-27,-0.0034083287233763,2021,2021-09-30,learned_market,20260910,0.7177286585161153,0.7177286585161153,1,0
weekly_global_validated,2651,2021-12-24,2022-01-04,0.0080985736506613,2021,2021-09-30,learned_market,20260910,0.7527245234710195,0.7527245234710195,1,1
weekly_global_validated,2656,2021-12-31,2022-01-10,-0.0293970528320001,2021,2021-09-30,learned_market,20260910,0.7407762805267725,0.7407762805267725,1,0
weekly_global_ungated,2596,2021-10-08,2021-10-18,-0.0038006269617851,2021,2021-09-30,learned_market,20260910,0.7103284017268151,0.7103284017268151,1,0
weekly_global_ungated,2601,2021-10-15,2021-10-25,0.0037358989621147,2021,2021-09-30,learned_market,20260910,0.7054426847772952,0.7054426847772952,1,1
weekly_global_ungated,2606,2021-10-22,2021-11-01,-0.0127041632091318,2021,2021-09-30,learned_market,20260910,0.561668990030631,0.561668990030631,1,0
weekly_global_ungated,2611,2021-10-29,2021-11-08,-0.0075807737801166,2021,2021-09-30,learned_market,20260910,0.5778524508006477,0.5778524508006477,1,0
weekly_global_ungated,2616,2021-11-05,2021-11-15,0.0110015182343039,2021,2021-09-30,learned_market,20260910,0.6566176820686879,0.6566176820686879,1,1
weekly_global_ungated,2621,2021-11-12,2021-11-22,0.0002002284238551,2021,2021-09-30,learned_market,20260910,0.7459419474434704,0.7459419474434704,1,1
weekly_global_ungated,2626,2021-11-19,2021-11-29,-0.0153981603100059,2021,2021-09-30,learned_market,20260910,0.7859013728177604,0.7859013728177604,1,0
weekly_global_ungated,2631,2021-11-26,2021-12-06,0.0185518287306458,2021,2021-09-30,learned_market,20260910,0.679954560670936,0.679954560670936,1,1
weekly_global_ungated,2636,2021-12-03,2021-12-13,0.0367843110096284,2021,2021-09-30,learned_market,20260910,0.6823399841098169,0.6823399841098169,1,1
weekly_global_ungated,2641,2021-12-10,2021-12-20,-0.0304615698955996,2021,2021-09-30,learned_market,20260910,0.6068383170365979,0.6068383170365979,1,0
weekly_global_ungated,2646,2021-12-17,2021-12-27,-0.0034083287233763,2021,2021-09-30,learned_market,20260910,0.7177286585161153,0.7177286585161153,1,0
weekly_global_ungated,2651,2021-12-24,2022-01-04,0.0080985736506613,2021,2021-09-30,learned_market,20260910,0.7527245234710195,0.7527245234710195,1,1
weekly_global_ungated,2656,2021-12-31,2022-01-10,-0.0293970528320001,2021,2021-09-30,learned_market,20260910,0.7407762805267725,0.7407762805267725,1,0
weekly_state_validated,2596,2021-10-08,2021-10-18,-0.0038006269617851,2021,2021-09-30,learned_market,20260911,0.8841800832116901,0.8841800832116901,1,0
weekly_state_validated,2601,2021-10-15,2021-10-25,0.0037358989621147,2021,2021-09-30,learned_market,20260911,0.808000302780614,0.808000302780614,1,1
weekly_state_validated,2606,2021-10-22,2021-11-01,-0.0127041632091318,2021,2021-09-30,learned_market,20260911,0.6012191405144072,0.6012191405144072,1,0
weekly_state_validated,2611,2021-10-29,2021-11-08,-0.0075807737801166,2021,2021-09-30,learned_market,20260911,0.8459495803183871,0.8459495803183871,1,0
weekly_state_validated,2616,2021-11-05,2021-11-15,0.0110015182343039,2021,2021-09-30,learned_market,20260911,0.7615166605786978,0.7615166605786978,1,1
weekly_state_validated,2621,2021-11-12,2021-11-22,0.0002002284238551,2021,2021-09-30,learned_market,20260911,0.8358507607737684,0.8358507607737684,1,1
weekly_state_validated,2626,2021-11-19,2021-11-29,-0.0153981603100059,2021,2021-09-30,learned_market,20260911,0.7375348414146127,0.7375348414146127,1,0
weekly_state_validated,2631,2021-11-26,2021-12-06,0.0185518287306458,2021,2021-09-30,learned_market,20260911,0.8422699714267883,0.8422699714267883,1,1
weekly_state_validated,2636,2021-12-03,2021-12-13,0.0367843110096284,2021,2021-09-30,learned_market,20260911,0.651184941553755,0.651184941553755,1,1
weekly_state_validated,2641,2021-12-10,2021-12-20,-0.0304615698955996,2021,2021-09-30,learned_market,20260911,0.65987980276308,0.65987980276308,1,0
weekly_state_validated,2646,2021-12-17,2021-12-27,-0.0034083287233763,2021,2021-09-30,learned_market,20260911,0.8092775433852759,0.8092775433852759,1,0
weekly_state_validated,2651,2021-12-24,2022-01-04,0.0080985736506613,2021,2021-09-30,learned_market,20260911,0.6585163511207842,0.6585163511207842,1,1
weekly_state_validated,2656,2021-12-31,2022-01-10,-0.0293970528320001,2021,2021-09-30,learned_market,20260911,0.8164002048089696,0.8164002048089696,1,0
weekly_state_ungated,2596,2021-10-08,2021-10-18,-0.0038006269617851,2021,2021-09-30,learned_market,20260911,0.8841800832116901,0.8841800832116901,1,0
weekly_state_ungated,2601,2021-10-15,2021-10-25,0.0037358989621147,2021,2021-09-30,learned_market,20260911,0.808000302780614,0.808000302780614,1,1
weekly_state_ungated,2606,2021-10-22,2021-11-01,-0.0127041632091318,2021,2021-09-30,learned_market,20260911,0.6012191405144072,0.6012191405144072,1,0
weekly_state_ungated,2611,2021-10-29,2021-11-08,-0.0075807737801166,2021,2021-09-30,learned_market,20260911,0.8459495803183871,0.8459495803183871,1,0
weekly_state_ungated,2616,2021-11-05,2021-11-15,0.0110015182343039,2021,2021-09-30,learned_market,20260911,0.7615166605786978,0.7615166605786978,1,1
weekly_state_ungated,2621,2021-11-12,2021-11-22,0.0002002284238551,2021,2021-09-30,learned_market,20260911,0.8358507607737684,0.8358507607737684,1,1
weekly_state_ungated,2626,2021-11-19,2021-11-29,-0.0153981603100059,2021,2021-09-30,learned_market,20260911,0.7375348414146127,0.7375348414146127,1,0
weekly_state_ungated,2631,2021-11-26,2021-12-06,0.0185518287306458,2021,2021-09-30,learned_market,20260911,0.8422699714267883,0.8422699714267883,1,1
weekly_state_ungated,2636,2021-12-03,2021-12-13,0.0367843110096284,2021,2021-09-30,learned_market,20260911,0.651184941553755,0.651184941553755,1,1
weekly_state_ungated,2641,2021-12-10,2021-12-20,-0.0304615698955996,2021,2021-09-30,learned_market,20260911,0.65987980276308,0.65987980276308,1,0
weekly_state_ungated,2646,2021-12-17,2021-12-27,-0.0034083287233763,2021,2021-09-30,learned_market,20260911,0.8092775433852759,0.8092775433852759,1,0
weekly_state_ungated,2651,2021-12-24,2022-01-04,0.0080985736506613,2021,2021-09-30,learned_market,20260911,0.6585163511207842,0.6585163511207842,1,1
weekly_state_ungated,2656,2021-12-31,2022-01-10,-0.0293970528320001,2021,2021-09-30,learned_market,20260911,0.8164002048089696,0.8164002048089696,1,0
weekly_global_validated,2596,2021-10-08,2021-10-18,-0.0038006269617851,2021,2021-09-30,learned_market,20260911,0.8841800832116901,0.8841800832116901,1,0
weekly_global_validated,2601,2021-10-15,2021-10-25,0.0037358989621147,2021,2021-09-30,learned_market,20260911,0.808000302780614,0.808000302780614,1,1
weekly_global_validated,2606,2021-10-22,2021-11-01,-0.0127041632091318,2021,2021-09-30,learned_market,20260911,0.6012191405144072,0.6012191405144072,1,0
weekly_global_validated,2611,2021-10-29,2021-11-08,-0.0075807737801166,2021,2021-09-30,learned_market,20260911,0.8459495803183871,0.8459495803183871,1,0
weekly_global_validated,2616,2021-11-05,2021-11-15,0.0110015182343039,2021,2021-09-30,learned_market,20260911,0.7615166605786978,0.7615166605786978,1,1
weekly_global_validated,2621,2021-11-12,2021-11-22,0.0002002284238551,2021,2021-09-30,learned_market,20260911,0.8358507607737684,0.8358507607737684,1,1
weekly_global_validated,2626,2021-11-19,2021-11-29,-0.0153981603100059,2021,2021-09-30,learned_market,20260911,0.7375348414146127,0.7375348414146127,1,0
weekly_global_validated,2631,2021-11-26,2021-12-06,0.0185518287306458,2021,2021-09-30,learned_market,20260911,0.8422699714267883,0.8422699714267883,1,1
weekly_global_validated,2636,2021-12-03,2021-12-13,0.0367843110096284,2021,2021-09-30,learned_market,20260911,0.651184941553755,0.651184941553755,1,1
weekly_global_validated,2641,2021-12-10,2021-12-20,-0.0304615698955996,2021,2021-09-30,learned_market,20260911,0.65987980276308,0.65987980276308,1,0
weekly_global_validated,2646,2021-12-17,2021-12-27,-0.0034083287233763,2021,2021-09-30,learned_market,20260911,0.8092775433852759,0.8092775433852759,1,0
weekly_global_validated,2651,2021-12-24,2022-01-04,0.0080985736506613,2021,2021-09-30,learned_market,20260911,0.6585163511207842,0.6585163511207842,1,1
weekly_global_validated,2656,2021-12-31,2022-01-10,-0.0293970528320001,2021,2021-09-30,learned_market,20260911,0.8164002048089696,0.8164002048089696,1,0
weekly_global_ungated,2596,2021-10-08,2021-10-18,-0.0038006269617851,2021,2021-09-30,learned_market,20260911,0.8841800832116901,0.8841800832116901,1,0
weekly_global_ungated,2601,2021-10-15,2021-10-25,0.0037358989621147,2021,2021-09-30,learned_market,20260911,0.808000302780614,0.808000302780614,1,1
weekly_global_ungated,2606,2021-10-22,2021-11-01,-0.0127041632091318,2021,2021-09-30,learned_market,20260911,0.6012191405144072,0.6012191405144072,1,0
weekly_global_ungated,2611,2021-10-29,2021-11-08,-0.0075807737801166,2021,2021-09-30,learned_market,20260911,0.8459495803183871,0.8459495803183871,1,0
weekly_global_ungated,2616,2021-11-05,2021-11-15,0.0110015182343039,2021,2021-09-30,learned_market,20260911,0.7615166605786978,0.7615166605786978,1,1
weekly_global_ungated,2621,2021-11-12,2021-11-22,0.0002002284238551,2021,2021-09-30,learned_market,20260911,0.8358507607737684,0.8358507607737684,1,1
weekly_global_ungated,2626,2021-11-19,2021-11-29,-0.0153981603100059,2021,2021-09-30,learned_market,20260911,0.7375348414146127,0.7375348414146127,1,0
weekly_global_ungated,2631,2021-11-26,2021-12-06,0.0185518287306458,2021,2021-09-30,learned_market,20260911,0.8422699714267883,0.8422699714267883,1,1
weekly_global_ungated,2636,2021-12-03,2021-12-13,0.0367843110096284,2021,2021-09-30,learned_market,20260911,0.651184941553755,0.651184941553755,1,1
weekly_global_ungated,2641,2021-12-10,2021-12-20,-0.0304615698955996,2021,2021-09-30,learned_market,20260911,0.65987980276308,0.65987980276308,1,0
weekly_global_ungated,2646,2021-12-17,2021-12-27,-0.0034083287233763,2021,2021-09-30,learned_market,20260911,0.8092775433852759,0.8092775433852759,1,0
weekly_global_ungated,2651,2021-12-24,2022-01-04,0.0080985736506613,2021,2021-09-30,learned_market,20260911,0.6585163511207842,0.6585163511207842,1,1
weekly_global_ungated,2656,2021-12-31,2022-01-10,-0.0293970528320001,2021,2021-09-30,learned_market,20260911,0.8164002048089696,0.8164002048089696,1,0
weekly_state_validated,2596,2021-10-08,2021-10-18,-0.0038006269617851,2021,2021-09-30,learned_market,20260912,0.6941559587516039,0.6941559587516039,1,0
weekly_state_validated,2601,2021-10-15,2021-10-25,0.0037358989621147,2021,2021-09-30,learned_market,20260912,0.5572300046897983,0.5572300046897983,1,1
weekly_state_validated,2606,2021-10-22,2021-11-01,-0.0127041632091318,2021,2021-09-30,learned_market,20260912,0.6299600436601378,0.6299600436601378,1,0
weekly_state_validated,2611,2021-10-29,2021-11-08,-0.0075807737801166,2021,2021-09-30,learned_market,20260912,0.464512357293061,0.464512357293061,0,0
weekly_state_validated,2616,2021-11-05,2021-11-15,0.0110015182343039,2021,2021-09-30,learned_market,20260912,0.508116852058366,0.508116852058366,1,1
weekly_state_validated,2621,2021-11-12,2021-11-22,0.0002002284238551,2021,2021-09-30,learned_market,20260912,0.6443350708781979,0.6443350708781979,1,1
weekly_state_validated,2626,2021-11-19,2021-11-29,-0.0153981603100059,2021,2021-09-30,learned_market,20260912,0.6693433688568049,0.6693433688568049,1,0
weekly_state_validated,2631,2021-11-26,2021-12-06,0.0185518287306458,2021,2021-09-30,learned_market,20260912,0.4564357929986235,0.4564357929986235,0,1
weekly_state_validated,2636,2021-12-03,2021-12-13,0.0367843110096284,2021,2021-09-30,learned_market,20260912,0.41978771600214365,0.41978771600214365,0,1
weekly_state_validated,2641,2021-12-10,2021-12-20,-0.0304615698955996,2021,2021-09-30,learned_market,20260912,0.6271976821534841,0.6271976821534841,1,0
weekly_state_validated,2646,2021-12-17,2021-12-27,-0.0034083287233763,2021,2021-09-30,learned_market,20260912,0.6038032181672566,0.6038032181672566,1,0
weekly_state_validated,2651,2021-12-24,2022-01-04,0.0080985736506613,2021,2021-09-30,learned_market,20260912,0.46482306192949696,0.46482306192949696,0,1
weekly_state_validated,2656,2021-12-31,2022-01-10,-0.0293970528320001,2021,2021-09-30,learned_market,20260912,0.6466363276154498,0.6466363276154498,1,0
weekly_state_ungated,2596,2021-10-08,2021-10-18,-0.0038006269617851,2021,2021-09-30,learned_market,20260912,0.6941559587516039,0.6941559587516039,1,0
weekly_state_ungated,2601,2021-10-15,2021-10-25,0.0037358989621147,2021,2021-09-30,learned_market,20260912,0.5572300046897983,0.5572300046897983,1,1
weekly_state_ungated,2606,2021-10-22,2021-11-01,-0.0127041632091318,2021,2021-09-30,learned_market,20260912,0.6299600436601378,0.6299600436601378,1,0
weekly_state_ungated,2611,2021-10-29,2021-11-08,-0.0075807737801166,2021,2021-09-30,learned_market,20260912,0.464512357293061,0.464512357293061,0,0
weekly_state_ungated,2616,2021-11-05,2021-11-15,0.0110015182343039,2021,2021-09-30,learned_market,20260912,0.508116852058366,0.508116852058366,1,1
weekly_state_ungated,2621,2021-11-12,2021-11-22,0.0002002284238551,2021,2021-09-30,learned_market,20260912,0.6443350708781979,0.6443350708781979,1,1
weekly_state_ungated,2626,2021-11-19,2021-11-29,-0.0153981603100059,2021,2021-09-30,learned_market,20260912,0.6693433688568049,0.6693433688568049,1,0
weekly_state_ungated,2631,2021-11-26,2021-12-06,0.0185518287306458,2021,2021-09-30,learned_market,20260912,0.4564357929986235,0.4564357929986235,0,1
weekly_state_ungated,2636,2021-12-03,2021-12-13,0.0367843110096284,2021,2021-09-30,learned_market,20260912,0.41978771600214365,0.41978771600214365,0,1
weekly_state_ungated,2641,2021-12-10,2021-12-20,-0.0304615698955996,2021,2021-09-30,learned_market,20260912,0.6271976821534841,0.6271976821534841,1,0
weekly_state_ungated,2646,2021-12-17,2021-12-27,-0.0034083287233763,2021,2021-09-30,learned_market,20260912,0.6038032181672566,0.6038032181672566,1,0
weekly_state_ungated,2651,2021-12-24,2022-01-04,0.0080985736506613,2021,2021-09-30,learned_market,20260912,0.46482306192949696,0.46482306192949696,0,1
weekly_state_ungated,2656,2021-12-31,2022-01-10,-0.0293970528320001,2021,2021-09-30,learned_market,20260912,0.6466363276154498,0.6466363276154498,1,0
weekly_global_validated,2596,2021-10-08,2021-10-18,-0.0038006269617851,2021,2021-09-30,learned_market,20260912,0.6941559587516039,0.6941559587516039,1,0
weekly_global_validated,2601,2021-10-15,2021-10-25,0.0037358989621147,2021,2021-09-30,learned_market,20260912,0.5572300046897983,0.5572300046897983,1,1
weekly_global_validated,2606,2021-10-22,2021-11-01,-0.0127041632091318,2021,2021-09-30,learned_market,20260912,0.6299600436601378,0.6299600436601378,1,0
weekly_global_validated,2611,2021-10-29,2021-11-08,-0.0075807737801166,2021,2021-09-30,learned_market,20260912,0.464512357293061,0.464512357293061,0,0
weekly_global_validated,2616,2021-11-05,2021-11-15,0.0110015182343039,2021,2021-09-30,learned_market,20260912,0.508116852058366,0.508116852058366,1,1
weekly_global_validated,2621,2021-11-12,2021-11-22,0.0002002284238551,2021,2021-09-30,learned_market,20260912,0.6443350708781979,0.6443350708781979,1,1
weekly_global_validated,2626,2021-11-19,2021-11-29,-0.0153981603100059,2021,2021-09-30,learned_market,20260912,0.6693433688568049,0.6693433688568049,1,0
weekly_global_validated,2631,2021-11-26,2021-12-06,0.0185518287306458,2021,2021-09-30,learned_market,20260912,0.4564357929986235,0.4564357929986235,0,1
weekly_global_validated,2636,2021-12-03,2021-12-13,0.0367843110096284,2021,2021-09-30,learned_market,20260912,0.41978771600214365,0.41978771600214365,0,1
weekly_global_validated,2641,2021-12-10,2021-12-20,-0.0304615698955996,2021,2021-09-30,learned_market,20260912,0.6271976821534841,0.6271976821534841,1,0
weekly_global_validated,2646,2021-12-17,2021-12-27,-0.0034083287233763,2021,2021-09-30,learned_market,20260912,0.6038032181672566,0.6038032181672566,1,0
weekly_global_validated,2651,2021-12-24,2022-01-04,0.0080985736506613,2021,2021-09-30,learned_market,20260912,0.46482306192949696,0.46482306192949696,0,1
weekly_global_validated,2656,2021-12-31,2022-01-10,-0.0293970528320001,2021,2021-09-30,learned_market,20260912,0.6466363276154498,0.6466363276154498,1,0
weekly_global_ungated,2596,2021-10-08,2021-10-18,-0.0038006269617851,2021,2021-09-30,learned_market,20260912,0.6941559587516039,0.6941559587516039,1,0
weekly_global_ungated,2601,2021-10-15,2021-10-25,0.0037358989621147,2021,2021-09-30,learned_market,20260912,0.5572300046897983,0.5572300046897983,1,1
weekly_global_ungated,2606,2021-10-22,2021-11-01,-0.0127041632091318,2021,2021-09-30,learned_market,20260912,0.6299600436601378,0.6299600436601378,1,0
weekly_global_ungated,2611,2021-10-29,2021-11-08,-0.0075807737801166,2021,2021-09-30,learned_market,20260912,0.464512357293061,0.464512357293061,0,0
weekly_global_ungated,2616,2021-11-05,2021-11-15,0.0110015182343039,2021,2021-09-30,learned_market,20260912,0.508116852058366,0.508116852058366,1,1
weekly_global_ungated,2621,2021-11-12,2021-11-22,0.0002002284238551,2021,2021-09-30,learned_market,20260912,0.6443350708781979,0.6443350708781979,1,1
weekly_global_ungated,2626,2021-11-19,2021-11-29,-0.0153981603100059,2021,2021-09-30,learned_market,20260912,0.6693433688568049,0.6693433688568049,1,0
weekly_global_ungated,2631,2021-11-26,2021-12-06,0.0185518287306458,2021,2021-09-30,learned_market,20260912,0.4564357929986235,0.4564357929986235,0,1
weekly_global_ungated,2636,2021-12-03,2021-12-13,0.0367843110096284,2021,2021-09-30,learned_market,20260912,0.41978771600214365,0.41978771600214365,0,1
weekly_global_ungated,2641,2021-12-10,2021-12-20,-0.0304615698955996,2021,2021-09-30,learned_market,20260912,0.6271976821534841,0.6271976821534841,1,0
weekly_global_ungated,2646,2021-12-17,2021-12-27,-0.0034083287233763,2021,2021-09-30,learned_market,20260912,0.6038032181672566,0.6038032181672566,1,0
weekly_global_ungated,2651,2021-12-24,2022-01-04,0.0080985736506613,2021,2021-09-30,learned_market,20260912,0.46482306192949696,0.46482306192949696,0,1
weekly_global_ungated,2656,2021-12-31,2022-01-10,-0.0293970528320001,2021,2021-09-30,learned_market,20260912,0.6466363276154498,0.6466363276154498,1,0
weekly_state_validated,2596,2021-10-08,2021-10-18,-0.0038006269617851,2021,2021-09-30,learned_vol_interaction,20260910,0.7389350198038485,0.7389350198038485,1,0
weekly_state_validated,2601,2021-10-15,2021-10-25,0.0037358989621147,2021,2021-09-30,learned_vol_interaction,20260910,0.7518254704320237,0.7518254704320237,1,1
weekly_state_validated,2606,2021-10-22,2021-11-01,-0.0127041632091318,2021,2021-09-30,learned_vol_interaction,20260910,0.5667069692887503,0.5667069692887503,1,0
weekly_state_validated,2611,2021-10-29,2021-11-08,-0.0075807737801166,2021,2021-09-30,learned_vol_interaction,20260910,0.5978906470541093,0.5978906470541093,1,0
weekly_state_validated,2616,2021-11-05,2021-11-15,0.0110015182343039,2021,2021-09-30,learned_vol_interaction,20260910,0.7049509607400938,0.7049509607400938,1,1
weekly_state_validated,2621,2021-11-12,2021-11-22,0.0002002284238551,2021,2021-09-30,learned_vol_interaction,20260910,0.7921347100152616,0.7921347100152616,1,1
weekly_state_validated,2626,2021-11-19,2021-11-29,-0.0153981603100059,2021,2021-09-30,learned_vol_interaction,20260910,0.8444124098063084,0.8444124098063084,1,0
weekly_state_validated,2631,2021-11-26,2021-12-06,0.0185518287306458,2021,2021-09-30,learned_vol_interaction,20260910,0.7462862952782527,0.7462862952782527,1,1
weekly_state_validated,2636,2021-12-03,2021-12-13,0.0367843110096284,2021,2021-09-30,learned_vol_interaction,20260910,0.7334407137174276,0.7334407137174276,1,1
weekly_state_validated,2641,2021-12-10,2021-12-20,-0.0304615698955996,2021,2021-09-30,learned_vol_interaction,20260910,0.6381604092645059,0.6381604092645059,1,0
weekly_state_validated,2646,2021-12-17,2021-12-27,-0.0034083287233763,2021,2021-09-30,learned_vol_interaction,20260910,0.7623862004352224,0.7623862004352224,1,0
weekly_state_validated,2651,2021-12-24,2022-01-04,0.0080985736506613,2021,2021-09-30,learned_vol_interaction,20260910,0.801892985798022,0.801892985798022,1,1
weekly_state_validated,2656,2021-12-31,2022-01-10,-0.0293970528320001,2021,2021-09-30,learned_vol_interaction,20260910,0.7781175029999812,0.7781175029999812,1,0
weekly_state_ungated,2596,2021-10-08,2021-10-18,-0.0038006269617851,2021,2021-09-30,learned_vol_interaction,20260910,0.7389350198038485,0.7389350198038485,1,0
weekly_state_ungated,2601,2021-10-15,2021-10-25,0.0037358989621147,2021,2021-09-30,learned_vol_interaction,20260910,0.7518254704320237,0.7518254704320237,1,1
weekly_state_ungated,2606,2021-10-22,2021-11-01,-0.0127041632091318,2021,2021-09-30,learned_vol_interaction,20260910,0.5667069692887503,0.5667069692887503,1,0
weekly_state_ungated,2611,2021-10-29,2021-11-08,-0.0075807737801166,2021,2021-09-30,learned_vol_interaction,20260910,0.5978906470541093,0.5978906470541093,1,0
weekly_state_ungated,2616,2021-11-05,2021-11-15,0.0110015182343039,2021,2021-09-30,learned_vol_interaction,20260910,0.7049509607400938,0.7049509607400938,1,1
weekly_state_ungated,2621,2021-11-12,2021-11-22,0.0002002284238551,2021,2021-09-30,learned_vol_interaction,20260910,0.7921347100152616,0.7921347100152616,1,1
weekly_state_ungated,2626,2021-11-19,2021-11-29,-0.0153981603100059,2021,2021-09-30,learned_vol_interaction,20260910,0.8444124098063084,0.8444124098063084,1,0
weekly_state_ungated,2631,2021-11-26,2021-12-06,0.0185518287306458,2021,2021-09-30,learned_vol_interaction,20260910,0.7462862952782527,0.7462862952782527,1,1
weekly_state_ungated,2636,2021-12-03,2021-12-13,0.0367843110096284,2021,2021-09-30,learned_vol_interaction,20260910,0.7334407137174276,0.7334407137174276,1,1
weekly_state_ungated,2641,2021-12-10,2021-12-20,-0.0304615698955996,2021,2021-09-30,learned_vol_interaction,20260910,0.6381604092645059,0.6381604092645059,1,0
weekly_state_ungated,2646,2021-12-17,2021-12-27,-0.0034083287233763,2021,2021-09-30,learned_vol_interaction,20260910,0.7623862004352224,0.7623862004352224,1,0
weekly_state_ungated,2651,2021-12-24,2022-01-04,0.0080985736506613,2021,2021-09-30,learned_vol_interaction,20260910,0.801892985798022,0.801892985798022,1,1
weekly_state_ungated,2656,2021-12-31,2022-01-10,-0.0293970528320001,2021,2021-09-30,learned_vol_interaction,20260910,0.7781175029999812,0.7781175029999812,1,0
weekly_global_validated,2596,2021-10-08,2021-10-18,-0.0038006269617851,2021,2021-09-30,learned_vol_interaction,20260910,0.7389350198038485,0.7389350198038485,1,0
weekly_global_validated,2601,2021-10-15,2021-10-25,0.0037358989621147,2021,2021-09-30,learned_vol_interaction,20260910,0.7518254704320237,0.7518254704320237,1,1
weekly_global_validated,2606,2021-10-22,2021-11-01,-0.0127041632091318,2021,2021-09-30,learned_vol_interaction,20260910,0.5667069692887503,0.5667069692887503,1,0
weekly_global_validated,2611,2021-10-29,2021-11-08,-0.0075807737801166,2021,2021-09-30,learned_vol_interaction,20260910,0.5978906470541093,0.5978906470541093,1,0
weekly_global_validated,2616,2021-11-05,2021-11-15,0.0110015182343039,2021,2021-09-30,learned_vol_interaction,20260910,0.7049509607400938,0.7049509607400938,1,1
weekly_global_validated,2621,2021-11-12,2021-11-22,0.0002002284238551,2021,2021-09-30,learned_vol_interaction,20260910,0.7921347100152616,0.7921347100152616,1,1
weekly_global_validated,2626,2021-11-19,2021-11-29,-0.0153981603100059,2021,2021-09-30,learned_vol_interaction,20260910,0.8444124098063084,0.8444124098063084,1,0
weekly_global_validated,2631,2021-11-26,2021-12-06,0.0185518287306458,2021,2021-09-30,learned_vol_interaction,20260910,0.7462862952782527,0.7462862952782527,1,1
weekly_global_validated,2636,2021-12-03,2021-12-13,0.0367843110096284,2021,2021-09-30,learned_vol_interaction,20260910,0.7334407137174276,0.7334407137174276,1,1
weekly_global_validated,2641,2021-12-10,2021-12-20,-0.0304615698955996,2021,2021-09-30,learned_vol_interaction,20260910,0.6381604092645059,0.6381604092645059,1,0
weekly_global_validated,2646,2021-12-17,2021-12-27,-0.0034083287233763,2021,2021-09-30,learned_vol_interaction,20260910,0.7623862004352224,0.7623862004352224,1,0
weekly_global_validated,2651,2021-12-24,2022-01-04,0.0080985736506613,2021,2021-09-30,learned_vol_interaction,20260910,0.801892985798022,0.801892985798022,1,1
weekly_global_validated,2656,2021-12-31,2022-01-10,-0.0293970528320001,2021,2021-09-30,learned_vol_interaction,20260910,0.7781175029999812,0.7781175029999812,1,0
weekly_global_ungated,2596,2021-10-08,2021-10-18,-0.0038006269617851,2021,2021-09-30,learned_vol_interaction,20260910,0.7389350198038485,0.7389350198038485,1,0
weekly_global_ungated,2601,2021-10-15,2021-10-25,0.0037358989621147,2021,2021-09-30,learned_vol_interaction,20260910,0.7518254704320237,0.7518254704320237,1,1
weekly_global_ungated,2606,2021-10-22,2021-11-01,-0.0127041632091318,2021,2021-09-30,learned_vol_interaction,20260910,0.5667069692887503,0.5667069692887503,1,0
weekly_global_ungated,2611,2021-10-29,2021-11-08,-0.0075807737801166,2021,2021-09-30,learned_vol_interaction,20260910,0.5978906470541093,0.5978906470541093,1,0
weekly_global_ungated,2616,2021-11-05,2021-11-15,0.0110015182343039,2021,2021-09-30,learned_vol_interaction,20260910,0.7049509607400938,0.7049509607400938,1,1
weekly_global_ungated,2621,2021-11-12,2021-11-22,0.0002002284238551,2021,2021-09-30,learned_vol_interaction,20260910,0.7921347100152616,0.7921347100152616,1,1
weekly_global_ungated,2626,2021-11-19,2021-11-29,-0.0153981603100059,2021,2021-09-30,learned_vol_interaction,20260910,0.8444124098063084,0.8444124098063084,1,0
weekly_global_ungated,2631,2021-11-26,2021-12-06,0.0185518287306458,2021,2021-09-30,learned_vol_interaction,20260910,0.7462862952782527,0.7462862952782527,1,1
weekly_global_ungated,2636,2021-12-03,2021-12-13,0.0367843110096284,2021,2021-09-30,learned_vol_interaction,20260910,0.7334407137174276,0.7334407137174276,1,1
weekly_global_ungated,2641,2021-12-10,2021-12-20,-0.0304615698955996,2021,2021-09-30,learned_vol_interaction,20260910,0.6381604092645059,0.6381604092645059,1,0
weekly_global_ungated,2646,2021-12-17,2021-12-27,-0.0034083287233763,2021,2021-09-30,learned_vol_interaction,20260910,0.7623862004352224,0.7623862004352224,1,0
weekly_global_ungated,2651,2021-12-24,2022-01-04,0.0080985736506613,2021,2021-09-30,learned_vol_interaction,20260910,0.801892985798022,0.801892985798022,1,1
weekly_global_ungated,2656,2021-12-31,2022-01-10,-0.0293970528320001,2021,2021-09-30,learned_vol_interaction,20260910,0.7781175029999812,0.7781175029999812,1,0
weekly_state_validated,2596,2021-10-08,2021-10-18,-0.0038006269617851,2021,2021-09-30,learned_vol_interaction,20260911,0.875333160760423,0.875333160760423,1,0
weekly_state_validated,2601,2021-10-15,2021-10-25,0.0037358989621147,2021,2021-09-30,learned_vol_interaction,20260911,0.8004373767510682,0.8004373767510682,1,1
weekly_state_validated,2606,2021-10-22,2021-11-01,-0.0127041632091318,2021,2021-09-30,learned_vol_interaction,20260911,0.5995948918940573,0.5995948918940573,1,0
weekly_state_validated,2611,2021-10-29,2021-11-08,-0.0075807737801166,2021,2021-09-30,learned_vol_interaction,20260911,0.8299973805985322,0.8299973805985322,1,0
weekly_state_validated,2616,2021-11-05,2021-11-15,0.0110015182343039,2021,2021-09-30,learned_vol_interaction,20260911,0.7454576562803179,0.7454576562803179,1,1
weekly_state_validated,2621,2021-11-12,2021-11-22,0.0002002284238551,2021,2021-09-30,learned_vol_interaction,20260911,0.8210682676498052,0.8210682676498052,1,1
weekly_state_validated,2626,2021-11-19,2021-11-29,-0.0153981603100059,2021,2021-09-30,learned_vol_interaction,20260911,0.7379015555048399,0.7379015555048399,1,0
weekly_state_validated,2631,2021-11-26,2021-12-06,0.0185518287306458,2021,2021-09-30,learned_vol_interaction,20260911,0.8181276512073538,0.8181276512073538,1,1
weekly_state_validated,2636,2021-12-03,2021-12-13,0.0367843110096284,2021,2021-09-30,learned_vol_interaction,20260911,0.6331433744995425,0.6331433744995425,1,1
weekly_state_validated,2641,2021-12-10,2021-12-20,-0.0304615698955996,2021,2021-09-30,learned_vol_interaction,20260911,0.6422061841446076,0.6422061841446076,1,0
weekly_state_validated,2646,2021-12-17,2021-12-27,-0.0034083287233763,2021,2021-09-30,learned_vol_interaction,20260911,0.7937547176618065,0.7937547176618065,1,0
weekly_state_validated,2651,2021-12-24,2022-01-04,0.0080985736506613,2021,2021-09-30,learned_vol_interaction,20260911,0.6518706715070531,0.6518706715070531,1,1
weekly_state_validated,2656,2021-12-31,2022-01-10,-0.0293970528320001,2021,2021-09-30,learned_vol_interaction,20260911,0.8048743420145822,0.8048743420145822,1,0
weekly_state_ungated,2596,2021-10-08,2021-10-18,-0.0038006269617851,2021,2021-09-30,learned_vol_interaction,20260911,0.875333160760423,0.875333160760423,1,0
weekly_state_ungated,2601,2021-10-15,2021-10-25,0.0037358989621147,2021,2021-09-30,learned_vol_interaction,20260911,0.8004373767510682,0.8004373767510682,1,1
weekly_state_ungated,2606,2021-10-22,2021-11-01,-0.0127041632091318,2021,2021-09-30,learned_vol_interaction,20260911,0.5995948918940573,0.5995948918940573,1,0
weekly_state_ungated,2611,2021-10-29,2021-11-08,-0.0075807737801166,2021,2021-09-30,learned_vol_interaction,20260911,0.8299973805985322,0.8299973805985322,1,0
weekly_state_ungated,2616,2021-11-05,2021-11-15,0.0110015182343039,2021,2021-09-30,learned_vol_interaction,20260911,0.7454576562803179,0.7454576562803179,1,1
weekly_state_ungated,2621,2021-11-12,2021-11-22,0.0002002284238551,2021,2021-09-30,learned_vol_interaction,20260911,0.8210682676498052,0.8210682676498052,1,1
weekly_state_ungated,2626,2021-11-19,2021-11-29,-0.0153981603100059,2021,2021-09-30,learned_vol_interaction,20260911,0.7379015555048399,0.7379015555048399,1,0
weekly_state_ungated,2631,2021-11-26,2021-12-06,0.0185518287306458,2021,2021-09-30,learned_vol_interaction,20260911,0.8181276512073538,0.8181276512073538,1,1
weekly_state_ungated,2636,2021-12-03,2021-12-13,0.0367843110096284,2021,2021-09-30,learned_vol_interaction,20260911,0.6331433744995425,0.6331433744995425,1,1
weekly_state_ungated,2641,2021-12-10,2021-12-20,-0.0304615698955996,2021,2021-09-30,learned_vol_interaction,20260911,0.6422061841446076,0.6422061841446076,1,0
weekly_state_ungated,2646,2021-12-17,2021-12-27,-0.0034083287233763,2021,2021-09-30,learned_vol_interaction,20260911,0.7937547176618065,0.7937547176618065,1,0
weekly_state_ungated,2651,2021-12-24,2022-01-04,0.0080985736506613,2021,2021-09-30,learned_vol_interaction,20260911,0.6518706715070531,0.6518706715070531,1,1
weekly_state_ungated,2656,2021-12-31,2022-01-10,-0.0293970528320001,2021,2021-09-30,learned_vol_interaction,20260911,0.8048743420145822,0.8048743420145822,1,0
weekly_global_validated,2596,2021-10-08,2021-10-18,-0.0038006269617851,2021,2021-09-30,learned_vol_interaction,20260911,0.875333160760423,0.875333160760423,1,0
weekly_global_validated,2601,2021-10-15,2021-10-25,0.0037358989621147,2021,2021-09-30,learned_vol_interaction,20260911,0.8004373767510682,0.8004373767510682,1,1
weekly_global_validated,2606,2021-10-22,2021-11-01,-0.0127041632091318,2021,2021-09-30,learned_vol_interaction,20260911,0.5995948918940573,0.5995948918940573,1,0
weekly_global_validated,2611,2021-10-29,2021-11-08,-0.0075807737801166,2021,2021-09-30,learned_vol_interaction,20260911,0.8299973805985322,0.8299973805985322,1,0
weekly_global_validated,2616,2021-11-05,2021-11-15,0.0110015182343039,2021,2021-09-30,learned_vol_interaction,20260911,0.7454576562803179,0.7454576562803179,1,1
weekly_global_validated,2621,2021-11-12,2021-11-22,0.0002002284238551,2021,2021-09-30,learned_vol_interaction,20260911,0.8210682676498052,0.8210682676498052,1,1
weekly_global_validated,2626,2021-11-19,2021-11-29,-0.0153981603100059,2021,2021-09-30,learned_vol_interaction,20260911,0.7379015555048399,0.7379015555048399,1,0
weekly_global_validated,2631,2021-11-26,2021-12-06,0.0185518287306458,2021,2021-09-30,learned_vol_interaction,20260911,0.8181276512073538,0.8181276512073538,1,1
weekly_global_validated,2636,2021-12-03,2021-12-13,0.0367843110096284,2021,2021-09-30,learned_vol_interaction,20260911,0.6331433744995425,0.6331433744995425,1,1
weekly_global_validated,2641,2021-12-10,2021-12-20,-0.0304615698955996,2021,2021-09-30,learned_vol_interaction,20260911,0.6422061841446076,0.6422061841446076,1,0
weekly_global_validated,2646,2021-12-17,2021-12-27,-0.0034083287233763,2021,2021-09-30,learned_vol_interaction,20260911,0.7937547176618065,0.7937547176618065,1,0
weekly_global_validated,2651,2021-12-24,2022-01-04,0.0080985736506613,2021,2021-09-30,learned_vol_interaction,20260911,0.6518706715070531,0.6518706715070531,1,1
weekly_global_validated,2656,2021-12-31,2022-01-10,-0.0293970528320001,2021,2021-09-30,learned_vol_interaction,20260911,0.8048743420145822,0.8048743420145822,1,0
weekly_global_ungated,2596,2021-10-08,2021-10-18,-0.0038006269617851,2021,2021-09-30,learned_vol_interaction,20260911,0.875333160760423,0.875333160760423,1,0
weekly_global_ungated,2601,2021-10-15,2021-10-25,0.0037358989621147,2021,2021-09-30,learned_vol_interaction,20260911,0.8004373767510682,0.8004373767510682,1,1
weekly_global_ungated,2606,2021-10-22,2021-11-01,-0.0127041632091318,2021,2021-09-30,learned_vol_interaction,20260911,0.5995948918940573,0.5995948918940573,1,0
weekly_global_ungated,2611,2021-10-29,2021-11-08,-0.0075807737801166,2021,2021-09-30,learned_vol_interaction,20260911,0.8299973805985322,0.8299973805985322,1,0
weekly_global_ungated,2616,2021-11-05,2021-11-15,0.0110015182343039,2021,2021-09-30,learned_vol_interaction,20260911,0.7454576562803179,0.7454576562803179,1,1
weekly_global_ungated,2621,2021-11-12,2021-11-22,0.0002002284238551,2021,2021-09-30,learned_vol_interaction,20260911,0.8210682676498052,0.8210682676498052,1,1
weekly_global_ungated,2626,2021-11-19,2021-11-29,-0.0153981603100059,2021,2021-09-30,learned_vol_interaction,20260911,0.7379015555048399,0.7379015555048399,1,0
weekly_global_ungated,2631,2021-11-26,2021-12-06,0.0185518287306458,2021,2021-09-30,learned_vol_interaction,20260911,0.8181276512073538,0.8181276512073538,1,1
weekly_global_ungated,2636,2021-12-03,2021-12-13,0.0367843110096284,2021,2021-09-30,learned_vol_interaction,20260911,0.6331433744995425,0.6331433744995425,1,1
weekly_global_ungated,2641,2021-12-10,2021-12-20,-0.0304615698955996,2021,2021-09-30,learned_vol_interaction,20260911,0.6422061841446076,0.6422061841446076,1,0
weekly_global_ungated,2646,2021-12-17,2021-12-27,-0.0034083287233763,2021,2021-09-30,learned_vol_interaction,20260911,0.7937547176618065,0.7937547176618065,1,0
weekly_global_ungated,2651,2021-12-24,2022-01-04,0.0080985736506613,2021,2021-09-30,learned_vol_interaction,20260911,0.6518706715070531,0.6518706715070531,1,1
weekly_global_ungated,2656,2021-12-31,2022-01-10,-0.0293970528320001,2021,2021-09-30,learned_vol_interaction,20260911,0.8048743420145822,0.8048743420145822,1,0
weekly_state_validated,2596,2021-10-08,2021-10-18,-0.0038006269617851,2021,2021-09-30,learned_vol_interaction,20260912,0.695102696328134,0.695102696328134,1,0
weekly_state_validated,2601,2021-10-15,2021-10-25,0.0037358989621147,2021,2021-09-30,learned_vol_interaction,20260912,0.5555453048521898,0.5555453048521898,1,1
weekly_state_validated,2606,2021-10-22,2021-11-01,-0.0127041632091318,2021,2021-09-30,learned_vol_interaction,20260912,0.6315277731833727,0.6315277731833727,1,0
weekly_state_validated,2611,2021-10-29,2021-11-08,-0.0075807737801166,2021,2021-09-30,learned_vol_interaction,20260912,0.46060481961428473,0.46060481961428473,0,0
weekly_state_validated,2616,2021-11-05,2021-11-15,0.0110015182343039,2021,2021-09-30,learned_vol_interaction,20260912,0.5028238020220486,0.5028238020220486,1,1
weekly_state_validated,2621,2021-11-12,2021-11-22,0.0002002284238551,2021,2021-09-30,learned_vol_interaction,20260912,0.6449850400218169,0.6449850400218169,1,1
weekly_state_validated,2626,2021-11-19,2021-11-29,-0.0153981603100059,2021,2021-09-30,learned_vol_interaction,20260912,0.6701888269993593,0.6701888269993593,1,0
weekly_state_validated,2631,2021-11-26,2021-12-06,0.0185518287306458,2021,2021-09-30,learned_vol_interaction,20260912,0.45043317964934776,0.45043317964934776,0,1
weekly_state_validated,2636,2021-12-03,2021-12-13,0.0367843110096284,2021,2021-09-30,learned_vol_interaction,20260912,0.41071461893066585,0.41071461893066585,0,1
weekly_state_validated,2641,2021-12-10,2021-12-20,-0.0304615698955996,2021,2021-09-30,learned_vol_interaction,20260912,0.6266555065384815,0.6266555065384815,1,0
weekly_state_validated,2646,2021-12-17,2021-12-27,-0.0034083287233763,2021,2021-09-30,learned_vol_interaction,20260912,0.6026505934203981,0.6026505934203981,1,0
weekly_state_validated,2651,2021-12-24,2022-01-04,0.0080985736506613,2021,2021-09-30,learned_vol_interaction,20260912,0.46036515762682995,0.46036515762682995,0,1
weekly_state_validated,2656,2021-12-31,2022-01-10,-0.0293970528320001,2021,2021-09-30,learned_vol_interaction,20260912,0.6445590390816363,0.6445590390816363,1,0
weekly_state_ungated,2596,2021-10-08,2021-10-18,-0.0038006269617851,2021,2021-09-30,learned_vol_interaction,20260912,0.695102696328134,0.695102696328134,1,0
weekly_state_ungated,2601,2021-10-15,2021-10-25,0.0037358989621147,2021,2021-09-30,learned_vol_interaction,20260912,0.5555453048521898,0.5555453048521898,1,1
weekly_state_ungated,2606,2021-10-22,2021-11-01,-0.0127041632091318,2021,2021-09-30,learned_vol_interaction,20260912,0.6315277731833727,0.6315277731833727,1,0
weekly_state_ungated,2611,2021-10-29,2021-11-08,-0.0075807737801166,2021,2021-09-30,learned_vol_interaction,20260912,0.46060481961428473,0.46060481961428473,0,0
weekly_state_ungated,2616,2021-11-05,2021-11-15,0.0110015182343039,2021,2021-09-30,learned_vol_interaction,20260912,0.5028238020220486,0.5028238020220486,1,1
weekly_state_ungated,2621,2021-11-12,2021-11-22,0.0002002284238551,2021,2021-09-30,learned_vol_interaction,20260912,0.6449850400218169,0.6449850400218169,1,1
weekly_state_ungated,2626,2021-11-19,2021-11-29,-0.0153981603100059,2021,2021-09-30,learned_vol_interaction,20260912,0.6701888269993593,0.6701888269993593,1,0
weekly_state_ungated,2631,2021-11-26,2021-12-06,0.0185518287306458,2021,2021-09-30,learned_vol_interaction,20260912,0.45043317964934776,0.45043317964934776,0,1
weekly_state_ungated,2636,2021-12-03,2021-12-13,0.0367843110096284,2021,2021-09-30,learned_vol_interaction,20260912,0.41071461893066585,0.41071461893066585,0,1
weekly_state_ungated,2641,2021-12-10,2021-12-20,-0.0304615698955996,2021,2021-09-30,learned_vol_interaction,20260912,0.6266555065384815,0.6266555065384815,1,0
weekly_state_ungated,2646,2021-12-17,2021-12-27,-0.0034083287233763,2021,2021-09-30,learned_vol_interaction,20260912,0.6026505934203981,0.6026505934203981,1,0
weekly_state_ungated,2651,2021-12-24,2022-01-04,0.0080985736506613,2021,2021-09-30,learned_vol_interaction,20260912,0.46036515762682995,0.46036515762682995,0,1
weekly_state_ungated,2656,2021-12-31,2022-01-10,-0.0293970528320001,2021,2021-09-30,learned_vol_interaction,20260912,0.6445590390816363,0.6445590390816363,1,0
weekly_global_validated,2596,2021-10-08,2021-10-18,-0.0038006269617851,2021,2021-09-30,learned_vol_interaction,20260912,0.695102696328134,0.695102696328134,1,0
weekly_global_validated,2601,2021-10-15,2021-10-25,0.0037358989621147,2021,2021-09-30,learned_vol_interaction,20260912,0.5555453048521898,0.5555453048521898,1,1
weekly_global_validated,2606,2021-10-22,2021-11-01,-0.0127041632091318,2021,2021-09-30,learned_vol_interaction,20260912,0.6315277731833727,0.6315277731833727,1,0
weekly_global_validated,2611,2021-10-29,2021-11-08,-0.0075807737801166,2021,2021-09-30,learned_vol_interaction,20260912,0.46060481961428473,0.46060481961428473,0,0
weekly_global_validated,2616,2021-11-05,2021-11-15,0.0110015182343039,2021,2021-09-30,learned_vol_interaction,20260912,0.5028238020220486,0.5028238020220486,1,1
weekly_global_validated,2621,2021-11-12,2021-11-22,0.0002002284238551,2021,2021-09-30,learned_vol_interaction,20260912,0.6449850400218169,0.6449850400218169,1,1
weekly_global_validated,2626,2021-11-19,2021-11-29,-0.0153981603100059,2021,2021-09-30,learned_vol_interaction,20260912,0.6701888269993593,0.6701888269993593,1,0
weekly_global_validated,2631,2021-11-26,2021-12-06,0.0185518287306458,2021,2021-09-30,learned_vol_interaction,20260912,0.45043317964934776,0.45043317964934776,0,1
weekly_global_validated,2636,2021-12-03,2021-12-13,0.0367843110096284,2021,2021-09-30,learned_vol_interaction,20260912,0.41071461893066585,0.41071461893066585,0,1
weekly_global_validated,2641,2021-12-10,2021-12-20,-0.0304615698955996,2021,2021-09-30,learned_vol_interaction,20260912,0.6266555065384815,0.6266555065384815,1,0
weekly_global_validated,2646,2021-12-17,2021-12-27,-0.0034083287233763,2021,2021-09-30,learned_vol_interaction,20260912,0.6026505934203981,0.6026505934203981,1,0
weekly_global_validated,2651,2021-12-24,2022-01-04,0.0080985736506613,2021,2021-09-30,learned_vol_interaction,20260912,0.46036515762682995,0.46036515762682995,0,1
weekly_global_validated,2656,2021-12-31,2022-01-10,-0.0293970528320001,2021,2021-09-30,learned_vol_interaction,20260912,0.6445590390816363,0.6445590390816363,1,0
weekly_global_ungated,2596,2021-10-08,2021-10-18,-0.0038006269617851,2021,2021-09-30,learned_vol_interaction,20260912,0.695102696328134,0.695102696328134,1,0
weekly_global_ungated,2601,2021-10-15,2021-10-25,0.0037358989621147,2021,2021-09-30,learned_vol_interaction,20260912,0.5555453048521898,0.5555453048521898,1,1
weekly_global_ungated,2606,2021-10-22,2021-11-01,-0.0127041632091318,2021,2021-09-30,learned_vol_interaction,20260912,0.6315277731833727,0.6315277731833727,1,0
weekly_global_ungated,2611,2021-10-29,2021-11-08,-0.0075807737801166,2021,2021-09-30,learned_vol_interaction,20260912,0.46060481961428473,0.46060481961428473,0,0
weekly_global_ungated,2616,2021-11-05,2021-11-15,0.0110015182343039,2021,2021-09-30,learned_vol_interaction,20260912,0.5028238020220486,0.5028238020220486,1,1
weekly_global_ungated,2621,2021-11-12,2021-11-22,0.0002002284238551,2021,2021-09-30,learned_vol_interaction,20260912,0.6449850400218169,0.6449850400218169,1,1
weekly_global_ungated,2626,2021-11-19,2021-11-29,-0.0153981603100059,2021,2021-09-30,learned_vol_interaction,20260912,0.6701888269993593,0.6701888269993593,1,0
weekly_global_ungated,2631,2021-11-26,2021-12-06,0.0185518287306458,2021,2021-09-30,learned_vol_interaction,20260912,0.45043317964934776,0.45043317964934776,0,1
weekly_global_ungated,2636,2021-12-03,2021-12-13,0.0367843110096284,2021,2021-09-30,learned_vol_interaction,20260912,0.41071461893066585,0.41071461893066585,0,1
weekly_global_ungated,2641,2021-12-10,2021-12-20,-0.0304615698955996,2021,2021-09-30,learned_vol_interaction,20260912,0.6266555065384815,0.6266555065384815,1,0
weekly_global_ungated,2646,2021-12-17,2021-12-27,-0.0034083287233763,2021,2021-09-30,learned_vol_interaction,20260912,0.6026505934203981,0.6026505934203981,1,0
weekly_global_ungated,2651,2021-12-24,2022-01-04,0.0080985736506613,2021,2021-09-30,learned_vol_interaction,20260912,0.46036515762682995,0.46036515762682995,0,1
weekly_global_ungated,2656,2021-12-31,2022-01-10,-0.0293970528320001,2021,2021-09-30,learned_vol_interaction,20260912,0.6445590390816363,0.6445590390816363,1,0
weekly_state_validated,2596,2021-10-08,2021-10-18,-0.0038006269617851,2021,2021-09-30,learned_order_extension,20260910,0.7561808318033095,0.7561808318033095,1,0
weekly_state_validated,2601,2021-10-15,2021-10-25,0.0037358989621147,2021,2021-09-30,learned_order_extension,20260910,0.7694557887920218,0.7694557887920218,1,1
weekly_state_validated,2606,2021-10-22,2021-11-01,-0.0127041632091318,2021,2021-09-30,learned_order_extension,20260910,0.5615338980352494,0.5615338980352494,1,0
weekly_state_validated,2611,2021-10-29,2021-11-08,-0.0075807737801166,2021,2021-09-30,learned_order_extension,20260910,0.6036504395848563,0.6036504395848563,1,0
weekly_state_validated,2616,2021-11-05,2021-11-15,0.0110015182343039,2021,2021-09-30,learned_order_extension,20260910,0.7240099906328699,0.7240099906328699,1,1
weekly_state_validated,2621,2021-11-12,2021-11-22,0.0002002284238551,2021,2021-09-30,learned_order_extension,20260910,0.8323347557675079,0.8323347557675079,1,1
weekly_state_validated,2626,2021-11-19,2021-11-29,-0.0153981603100059,2021,2021-09-30,learned_order_extension,20260910,0.8873632409726487,0.8873632409726487,1,0
weekly_state_validated,2631,2021-11-26,2021-12-06,0.0185518287306458,2021,2021-09-30,learned_order_extension,20260910,0.7750880996921731,0.7750880996921731,1,1
weekly_state_validated,2636,2021-12-03,2021-12-13,0.0367843110096284,2021,2021-09-30,learned_order_extension,20260910,0.7534897898811092,0.7534897898811092,1,1
weekly_state_validated,2641,2021-12-10,2021-12-20,-0.0304615698955996,2021,2021-09-30,learned_order_extension,20260910,0.6528475687663766,0.6528475687663766,1,0
weekly_state_validated,2646,2021-12-17,2021-12-27,-0.0034083287233763,2021,2021-09-30,learned_order_extension,20260910,0.799691742557479,0.799691742557479,1,0
weekly_state_validated,2651,2021-12-24,2022-01-04,0.0080985736506613,2021,2021-09-30,learned_order_extension,20260910,0.8273154011733129,0.8273154011733129,1,1
weekly_state_validated,2656,2021-12-31,2022-01-10,-0.0293970528320001,2021,2021-09-30,learned_order_extension,20260910,0.8069727850322581,0.8069727850322581,1,0
weekly_state_ungated,2596,2021-10-08,2021-10-18,-0.0038006269617851,2021,2021-09-30,learned_order_extension,20260910,0.7561808318033095,0.7561808318033095,1,0
weekly_state_ungated,2601,2021-10-15,2021-10-25,0.0037358989621147,2021,2021-09-30,learned_order_extension,20260910,0.7694557887920218,0.7694557887920218,1,1
weekly_state_ungated,2606,2021-10-22,2021-11-01,-0.0127041632091318,2021,2021-09-30,learned_order_extension,20260910,0.5615338980352494,0.5615338980352494,1,0
weekly_state_ungated,2611,2021-10-29,2021-11-08,-0.0075807737801166,2021,2021-09-30,learned_order_extension,20260910,0.6036504395848563,0.6036504395848563,1,0
weekly_state_ungated,2616,2021-11-05,2021-11-15,0.0110015182343039,2021,2021-09-30,learned_order_extension,20260910,0.7240099906328699,0.7240099906328699,1,1
weekly_state_ungated,2621,2021-11-12,2021-11-22,0.0002002284238551,2021,2021-09-30,learned_order_extension,20260910,0.8323347557675079,0.8323347557675079,1,1
weekly_state_ungated,2626,2021-11-19,2021-11-29,-0.0153981603100059,2021,2021-09-30,learned_order_extension,20260910,0.8873632409726487,0.8873632409726487,1,0
weekly_state_ungated,2631,2021-11-26,2021-12-06,0.0185518287306458,2021,2021-09-30,learned_order_extension,20260910,0.7750880996921731,0.7750880996921731,1,1
weekly_state_ungated,2636,2021-12-03,2021-12-13,0.0367843110096284,2021,2021-09-30,learned_order_extension,20260910,0.7534897898811092,0.7534897898811092,1,1
weekly_state_ungated,2641,2021-12-10,2021-12-20,-0.0304615698955996,2021,2021-09-30,learned_order_extension,20260910,0.6528475687663766,0.6528475687663766,1,0
weekly_state_ungated,2646,2021-12-17,2021-12-27,-0.0034083287233763,2021,2021-09-30,learned_order_extension,20260910,0.799691742557479,0.799691742557479,1,0
weekly_state_ungated,2651,2021-12-24,2022-01-04,0.0080985736506613,2021,2021-09-30,learned_order_extension,20260910,0.8273154011733129,0.8273154011733129,1,1
weekly_state_ungated,2656,2021-12-31,2022-01-10,-0.0293970528320001,2021,2021-09-30,learned_order_extension,20260910,0.8069727850322581,0.8069727850322581,1,0
weekly_global_validated,2596,2021-10-08,2021-10-18,-0.0038006269617851,2021,2021-09-30,learned_order_extension,20260910,0.7561808318033095,0.7561808318033095,1,0
weekly_global_validated,2601,2021-10-15,2021-10-25,0.0037358989621147,2021,2021-09-30,learned_order_extension,20260910,0.7694557887920218,0.7694557887920218,1,1
weekly_global_validated,2606,2021-10-22,2021-11-01,-0.0127041632091318,2021,2021-09-30,learned_order_extension,20260910,0.5615338980352494,0.5615338980352494,1,0
weekly_global_validated,2611,2021-10-29,2021-11-08,-0.0075807737801166,2021,2021-09-30,learned_order_extension,20260910,0.6036504395848563,0.6036504395848563,1,0
weekly_global_validated,2616,2021-11-05,2021-11-15,0.0110015182343039,2021,2021-09-30,learned_order_extension,20260910,0.7240099906328699,0.7240099906328699,1,1
weekly_global_validated,2621,2021-11-12,2021-11-22,0.0002002284238551,2021,2021-09-30,learned_order_extension,20260910,0.8323347557675079,0.8323347557675079,1,1
weekly_global_validated,2626,2021-11-19,2021-11-29,-0.0153981603100059,2021,2021-09-30,learned_order_extension,20260910,0.8873632409726487,0.8873632409726487,1,0
weekly_global_validated,2631,2021-11-26,2021-12-06,0.0185518287306458,2021,2021-09-30,learned_order_extension,20260910,0.7750880996921731,0.7750880996921731,1,1
weekly_global_validated,2636,2021-12-03,2021-12-13,0.0367843110096284,2021,2021-09-30,learned_order_extension,20260910,0.7534897898811092,0.7534897898811092,1,1
weekly_global_validated,2641,2021-12-10,2021-12-20,-0.0304615698955996,2021,2021-09-30,learned_order_extension,20260910,0.6528475687663766,0.6528475687663766,1,0
weekly_global_validated,2646,2021-12-17,2021-12-27,-0.0034083287233763,2021,2021-09-30,learned_order_extension,20260910,0.799691742557479,0.799691742557479,1,0
weekly_global_validated,2651,2021-12-24,2022-01-04,0.0080985736506613,2021,2021-09-30,learned_order_extension,20260910,0.8273154011733129,0.8273154011733129,1,1
weekly_global_validated,2656,2021-12-31,2022-01-10,-0.0293970528320001,2021,2021-09-30,learned_order_extension,20260910,0.8069727850322581,0.8069727850322581,1,0
weekly_global_ungated,2596,2021-10-08,2021-10-18,-0.0038006269617851,2021,2021-09-30,learned_order_extension,20260910,0.7561808318033095,0.7561808318033095,1,0
weekly_global_ungated,2601,2021-10-15,2021-10-25,0.0037358989621147,2021,2021-09-30,learned_order_extension,20260910,0.7694557887920218,0.7694557887920218,1,1
weekly_global_ungated,2606,2021-10-22,2021-11-01,-0.0127041632091318,2021,2021-09-30,learned_order_extension,20260910,0.5615338980352494,0.5615338980352494,1,0
weekly_global_ungated,2611,2021-10-29,2021-11-08,-0.0075807737801166,2021,2021-09-30,learned_order_extension,20260910,0.6036504395848563,0.6036504395848563,1,0
weekly_global_ungated,2616,2021-11-05,2021-11-15,0.0110015182343039,2021,2021-09-30,learned_order_extension,20260910,0.7240099906328699,0.7240099906328699,1,1
weekly_global_ungated,2621,2021-11-12,2021-11-22,0.0002002284238551,2021,2021-09-30,learned_order_extension,20260910,0.8323347557675079,0.8323347557675079,1,1
weekly_global_ungated,2626,2021-11-19,2021-11-29,-0.0153981603100059,2021,2021-09-30,learned_order_extension,20260910,0.8873632409726487,0.8873632409726487,1,0
weekly_global_ungated,2631,2021-11-26,2021-12-06,0.0185518287306458,2021,2021-09-30,learned_order_extension,20260910,0.7750880996921731,0.7750880996921731,1,1
weekly_global_ungated,2636,2021-12-03,2021-12-13,0.0367843110096284,2021,2021-09-30,learned_order_extension,20260910,0.7534897898811092,0.7534897898811092,1,1
weekly_global_ungated,2641,2021-12-10,2021-12-20,-0.0304615698955996,2021,2021-09-30,learned_order_extension,20260910,0.6528475687663766,0.6528475687663766,1,0
weekly_global_ungated,2646,2021-12-17,2021-12-27,-0.0034083287233763,2021,2021-09-30,learned_order_extension,20260910,0.799691742557479,0.799691742557479,1,0
weekly_global_ungated,2651,2021-12-24,2022-01-04,0.0080985736506613,2021,2021-09-30,learned_order_extension,20260910,0.8273154011733129,0.8273154011733129,1,1
weekly_global_ungated,2656,2021-12-31,2022-01-10,-0.0293970528320001,2021,2021-09-30,learned_order_extension,20260910,0.8069727850322581,0.8069727850322581,1,0
weekly_state_validated,2596,2021-10-08,2021-10-18,-0.0038006269617851,2021,2021-09-30,learned_order_extension,20260911,0.9147819069976973,0.9147819069976973,1,0
weekly_state_validated,2601,2021-10-15,2021-10-25,0.0037358989621147,2021,2021-09-30,learned_order_extension,20260911,0.8517574469574731,0.8517574469574731,1,1
weekly_state_validated,2606,2021-10-22,2021-11-01,-0.0127041632091318,2021,2021-09-30,learned_order_extension,20260911,0.6154285400261708,0.6154285400261708,1,0
weekly_state_validated,2611,2021-10-29,2021-11-08,-0.0075807737801166,2021,2021-09-30,learned_order_extension,20260911,0.8907785475547534,0.8907785475547534,1,0
weekly_state_validated,2616,2021-11-05,2021-11-15,0.0110015182343039,2021,2021-09-30,learned_order_extension,20260911,0.7990810555097849,0.7990810555097849,1,1
weekly_state_validated,2621,2021-11-12,2021-11-22,0.0002002284238551,2021,2021-09-30,learned_order_extension,20260911,0.8960874331639135,0.8960874331639135,1,1
weekly_state_validated,2626,2021-11-19,2021-11-29,-0.0153981603100059,2021,2021-09-30,learned_order_extension,20260911,0.8006062899104016,0.8006062899104016,1,0
weekly_state_validated,2631,2021-11-26,2021-12-06,0.0185518287306458,2021,2021-09-30,learned_order_extension,20260911,0.893587178645622,0.893587178645622,1,1
weekly_state_validated,2636,2021-12-03,2021-12-13,0.0367843110096284,2021,2021-09-30,learned_order_extension,20260911,0.6611268686227788,0.6611268686227788,1,1
weekly_state_validated,2641,2021-12-10,2021-12-20,-0.0304615698955996,2021,2021-09-30,learned_order_extension,20260911,0.6790175452231214,0.6790175452231214,1,0
weekly_state_validated,2646,2021-12-17,2021-12-27,-0.0034083287233763,2021,2021-09-30,learned_order_extension,20260911,0.8684853861974482,0.8684853861974482,1,0
weekly_state_validated,2651,2021-12-24,2022-01-04,0.0080985736506613,2021,2021-09-30,learned_order_extension,20260911,0.6637992247007115,0.6637992247007115,1,1
weekly_state_validated,2656,2021-12-31,2022-01-10,-0.0293970528320001,2021,2021-09-30,learned_order_extension,20260911,0.8513666174941731,0.8513666174941731,1,0
weekly_state_ungated,2596,2021-10-08,2021-10-18,-0.0038006269617851,2021,2021-09-30,learned_order_extension,20260911,0.9147819069976973,0.9147819069976973,1,0
weekly_state_ungated,2601,2021-10-15,2021-10-25,0.0037358989621147,2021,2021-09-30,learned_order_extension,20260911,0.8517574469574731,0.8517574469574731,1,1
weekly_state_ungated,2606,2021-10-22,2021-11-01,-0.0127041632091318,2021,2021-09-30,learned_order_extension,20260911,0.6154285400261708,0.6154285400261708,1,0
weekly_state_ungated,2611,2021-10-29,2021-11-08,-0.0075807737801166,2021,2021-09-30,learned_order_extension,20260911,0.8907785475547534,0.8907785475547534,1,0
weekly_state_ungated,2616,2021-11-05,2021-11-15,0.0110015182343039,2021,2021-09-30,learned_order_extension,20260911,0.7990810555097849,0.7990810555097849,1,1
weekly_state_ungated,2621,2021-11-12,2021-11-22,0.0002002284238551,2021,2021-09-30,learned_order_extension,20260911,0.8960874331639135,0.8960874331639135,1,1
weekly_state_ungated,2626,2021-11-19,2021-11-29,-0.0153981603100059,2021,2021-09-30,learned_order_extension,20260911,0.8006062899104016,0.8006062899104016,1,0
weekly_state_ungated,2631,2021-11-26,2021-12-06,0.0185518287306458,2021,2021-09-30,learned_order_extension,20260911,0.893587178645622,0.893587178645622,1,1
weekly_state_ungated,2636,2021-12-03,2021-12-13,0.0367843110096284,2021,2021-09-30,learned_order_extension,20260911,0.6611268686227788,0.6611268686227788,1,1
weekly_state_ungated,2641,2021-12-10,2021-12-20,-0.0304615698955996,2021,2021-09-30,learned_order_extension,20260911,0.6790175452231214,0.6790175452231214,1,0
weekly_state_ungated,2646,2021-12-17,2021-12-27,-0.0034083287233763,2021,2021-09-30,learned_order_extension,20260911,0.8684853861974482,0.8684853861974482,1,0
weekly_state_ungated,2651,2021-12-24,2022-01-04,0.0080985736506613,2021,2021-09-30,learned_order_extension,20260911,0.6637992247007115,0.6637992247007115,1,1
weekly_state_ungated,2656,2021-12-31,2022-01-10,-0.0293970528320001,2021,2021-09-30,learned_order_extension,20260911,0.8513666174941731,0.8513666174941731,1,0
weekly_global_validated,2596,2021-10-08,2021-10-18,-0.0038006269617851,2021,2021-09-30,learned_order_extension,20260911,0.9147819069976973,0.9147819069976973,1,0
weekly_global_validated,2601,2021-10-15,2021-10-25,0.0037358989621147,2021,2021-09-30,learned_order_extension,20260911,0.8517574469574731,0.8517574469574731,1,1
weekly_global_validated,2606,2021-10-22,2021-11-01,-0.0127041632091318,2021,2021-09-30,learned_order_extension,20260911,0.6154285400261708,0.6154285400261708,1,0
weekly_global_validated,2611,2021-10-29,2021-11-08,-0.0075807737801166,2021,2021-09-30,learned_order_extension,20260911,0.8907785475547534,0.8907785475547534,1,0
weekly_global_validated,2616,2021-11-05,2021-11-15,0.0110015182343039,2021,2021-09-30,learned_order_extension,20260911,0.7990810555097849,0.7990810555097849,1,1
weekly_global_validated,2621,2021-11-12,2021-11-22,0.0002002284238551,2021,2021-09-30,learned_order_extension,20260911,0.8960874331639135,0.8960874331639135,1,1
weekly_global_validated,2626,2021-11-19,2021-11-29,-0.0153981603100059,2021,2021-09-30,learned_order_extension,20260911,0.8006062899104016,0.8006062899104016,1,0
weekly_global_validated,2631,2021-11-26,2021-12-06,0.0185518287306458,2021,2021-09-30,learned_order_extension,20260911,0.893587178645622,0.893587178645622,1,1
weekly_global_validated,2636,2021-12-03,2021-12-13,0.0367843110096284,2021,2021-09-30,learned_order_extension,20260911,0.6611268686227788,0.6611268686227788,1,1
weekly_global_validated,2641,2021-12-10,2021-12-20,-0.0304615698955996,2021,2021-09-30,learned_order_extension,20260911,0.6790175452231214,0.6790175452231214,1,0
weekly_global_validated,2646,2021-12-17,2021-12-27,-0.0034083287233763,2021,2021-09-30,learned_order_extension,20260911,0.8684853861974482,0.8684853861974482,1,0
weekly_global_validated,2651,2021-12-24,2022-01-04,0.0080985736506613,2021,2021-09-30,learned_order_extension,20260911,0.6637992247007115,0.6637992247007115,1,1
weekly_global_validated,2656,2021-12-31,2022-01-10,-0.0293970528320001,2021,2021-09-30,learned_order_extension,20260911,0.8513666174941731,0.8513666174941731,1,0
weekly_global_ungated,2596,2021-10-08,2021-10-18,-0.0038006269617851,2021,2021-09-30,learned_order_extension,20260911,0.9147819069976973,0.9147819069976973,1,0
weekly_global_ungated,2601,2021-10-15,2021-10-25,0.0037358989621147,2021,2021-09-30,learned_order_extension,20260911,0.8517574469574731,0.8517574469574731,1,1
weekly_global_ungated,2606,2021-10-22,2021-11-01,-0.0127041632091318,2021,2021-09-30,learned_order_extension,20260911,0.6154285400261708,0.6154285400261708,1,0
weekly_global_ungated,2611,2021-10-29,2021-11-08,-0.0075807737801166,2021,2021-09-30,learned_order_extension,20260911,0.8907785475547534,0.8907785475547534,1,0
weekly_global_ungated,2616,2021-11-05,2021-11-15,0.0110015182343039,2021,2021-09-30,learned_order_extension,20260911,0.7990810555097849,0.7990810555097849,1,1
weekly_global_ungated,2621,2021-11-12,2021-11-22,0.0002002284238551,2021,2021-09-30,learned_order_extension,20260911,0.8960874331639135,0.8960874331639135,1,1
weekly_global_ungated,2626,2021-11-19,2021-11-29,-0.0153981603100059,2021,2021-09-30,learned_order_extension,20260911,0.8006062899104016,0.8006062899104016,1,0
weekly_global_ungated,2631,2021-11-26,2021-12-06,0.0185518287306458,2021,2021-09-30,learned_order_extension,20260911,0.893587178645622,0.893587178645622,1,1
weekly_global_ungated,2636,2021-12-03,2021-12-13,0.0367843110096284,2021,2021-09-30,learned_order_extension,20260911,0.6611268686227788,0.6611268686227788,1,1
weekly_global_ungated,2641,2021-12-10,2021-12-20,-0.0304615698955996,2021,2021-09-30,learned_order_extension,20260911,0.6790175452231214,0.6790175452231214,1,0
weekly_global_ungated,2646,2021-12-17,2021-12-27,-0.0034083287233763,2021,2021-09-30,learned_order_extension,20260911,0.8684853861974482,0.8684853861974482,1,0
weekly_global_ungated,2651,2021-12-24,2022-01-04,0.0080985736506613,2021,2021-09-30,learned_order_extension,20260911,0.6637992247007115,0.6637992247007115,1,1
weekly_global_ungated,2656,2021-12-31,2022-01-10,-0.0293970528320001,2021,2021-09-30,learned_order_extension,20260911,0.8513666174941731,0.8513666174941731,1,0
weekly_state_validated,2596,2021-10-08,2021-10-18,-0.0038006269617851,2021,2021-09-30,learned_order_extension,20260912,0.6977983653498382,0.6977983653498382,1,0
weekly_state_validated,2601,2021-10-15,2021-10-25,0.0037358989621147,2021,2021-09-30,learned_order_extension,20260912,0.5511774737639048,0.5511774737639048,1,1
weekly_state_validated,2606,2021-10-22,2021-11-01,-0.0127041632091318,2021,2021-09-30,learned_order_extension,20260912,0.6314497295780248,0.6314497295780248,1,0
weekly_state_validated,2611,2021-10-29,2021-11-08,-0.0075807737801166,2021,2021-09-30,learned_order_extension,20260912,0.4555702872833959,0.4555702872833959,0,0
weekly_state_validated,2616,2021-11-05,2021-11-15,0.0110015182343039,2021,2021-09-30,learned_order_extension,20260912,0.49440987235614653,0.49440987235614653,0,1
weekly_state_validated,2621,2021-11-12,2021-11-22,0.0002002284238551,2021,2021-09-30,learned_order_extension,20260912,0.6457846168027762,0.6457846168027762,1,1
weekly_state_validated,2626,2021-11-19,2021-11-29,-0.0153981603100059,2021,2021-09-30,learned_order_extension,20260912,0.6758557957877199,0.6758557957877199,1,0
weekly_state_validated,2631,2021-11-26,2021-12-06,0.0185518287306458,2021,2021-09-30,learned_order_extension,20260912,0.43384934218808535,0.43384934218808535,0,1
weekly_state_validated,2636,2021-12-03,2021-12-13,0.0367843110096284,2021,2021-09-30,learned_order_extension,20260912,0.40088382776410036,0.40088382776410036,0,1
weekly_state_validated,2641,2021-12-10,2021-12-20,-0.0304615698955996,2021,2021-09-30,learned_order_extension,20260912,0.6273782384824466,0.6273782384824466,1,0
weekly_state_validated,2646,2021-12-17,2021-12-27,-0.0034083287233763,2021,2021-09-30,learned_order_extension,20260912,0.5990729401360653,0.5990729401360653,1,0
weekly_state_validated,2651,2021-12-24,2022-01-04,0.0080985736506613,2021,2021-09-30,learned_order_extension,20260912,0.44993121305292894,0.44993121305292894,0,1
weekly_state_validated,2656,2021-12-31,2022-01-10,-0.0293970528320001,2021,2021-09-30,learned_order_extension,20260912,0.6465331383092103,0.6465331383092103,1,0
weekly_state_ungated,2596,2021-10-08,2021-10-18,-0.0038006269617851,2021,2021-09-30,learned_order_extension,20260912,0.6977983653498382,0.6977983653498382,1,0
weekly_state_ungated,2601,2021-10-15,2021-10-25,0.0037358989621147,2021,2021-09-30,learned_order_extension,20260912,0.5511774737639048,0.5511774737639048,1,1
weekly_state_ungated,2606,2021-10-22,2021-11-01,-0.0127041632091318,2021,2021-09-30,learned_order_extension,20260912,0.6314497295780248,0.6314497295780248,1,0
weekly_state_ungated,2611,2021-10-29,2021-11-08,-0.0075807737801166,2021,2021-09-30,learned_order_extension,20260912,0.4555702872833959,0.4555702872833959,0,0
weekly_state_ungated,2616,2021-11-05,2021-11-15,0.0110015182343039,2021,2021-09-30,learned_order_extension,20260912,0.49440987235614653,0.49440987235614653,0,1
weekly_state_ungated,2621,2021-11-12,2021-11-22,0.0002002284238551,2021,2021-09-30,learned_order_extension,20260912,0.6457846168027762,0.6457846168027762,1,1
weekly_state_ungated,2626,2021-11-19,2021-11-29,-0.0153981603100059,2021,2021-09-30,learned_order_extension,20260912,0.6758557957877199,0.6758557957877199,1,0
weekly_state_ungated,2631,2021-11-26,2021-12-06,0.0185518287306458,2021,2021-09-30,learned_order_extension,20260912,0.43384934218808535,0.43384934218808535,0,1
weekly_state_ungated,2636,2021-12-03,2021-12-13,0.0367843110096284,2021,2021-09-30,learned_order_extension,20260912,0.40088382776410036,0.40088382776410036,0,1
weekly_state_ungated,2641,2021-12-10,2021-12-20,-0.0304615698955996,2021,2021-09-30,learned_order_extension,20260912,0.6273782384824466,0.6273782384824466,1,0
weekly_state_ungated,2646,2021-12-17,2021-12-27,-0.0034083287233763,2021,2021-09-30,learned_order_extension,20260912,0.5990729401360653,0.5990729401360653,1,0
weekly_state_ungated,2651,2021-12-24,2022-01-04,0.0080985736506613,2021,2021-09-30,learned_order_extension,20260912,0.44993121305292894,0.44993121305292894,0,1
weekly_state_ungated,2656,2021-12-31,2022-01-10,-0.0293970528320001,2021,2021-09-30,learned_order_extension,20260912,0.6465331383092103,0.6465331383092103,1,0
weekly_global_validated,2596,2021-10-08,2021-10-18,-0.0038006269617851,2021,2021-09-30,learned_order_extension,20260912,0.6977983653498382,0.6977983653498382,1,0
weekly_global_validated,2601,2021-10-15,2021-10-25,0.0037358989621147,2021,2021-09-30,learned_order_extension,20260912,0.5511774737639048,0.5511774737639048,1,1
weekly_global_validated,2606,2021-10-22,2021-11-01,-0.0127041632091318,2021,2021-09-30,learned_order_extension,20260912,0.6314497295780248,0.6314497295780248,1,0
weekly_global_validated,2611,2021-10-29,2021-11-08,-0.0075807737801166,2021,2021-09-30,learned_order_extension,20260912,0.4555702872833959,0.4555702872833959,0,0
weekly_global_validated,2616,2021-11-05,2021-11-15,0.0110015182343039,2021,2021-09-30,learned_order_extension,20260912,0.49440987235614653,0.49440987235614653,0,1
weekly_global_validated,2621,2021-11-12,2021-11-22,0.0002002284238551,2021,2021-09-30,learned_order_extension,20260912,0.6457846168027762,0.6457846168027762,1,1
weekly_global_validated,2626,2021-11-19,2021-11-29,-0.0153981603100059,2021,2021-09-30,learned_order_extension,20260912,0.6758557957877199,0.6758557957877199,1,0
weekly_global_validated,2631,2021-11-26,2021-12-06,0.0185518287306458,2021,2021-09-30,learned_order_extension,20260912,0.43384934218808535,0.43384934218808535,0,1
weekly_global_validated,2636,2021-12-03,2021-12-13,0.0367843110096284,2021,2021-09-30,learned_order_extension,20260912,0.40088382776410036,0.40088382776410036,0,1
weekly_global_validated,2641,2021-12-10,2021-12-20,-0.0304615698955996,2021,2021-09-30,learned_order_extension,20260912,0.6273782384824466,0.6273782384824466,1,0
weekly_global_validated,2646,2021-12-17,2021-12-27,-0.0034083287233763,2021,2021-09-30,learned_order_extension,20260912,0.5990729401360653,0.5990729401360653,1,0
weekly_global_validated,2651,2021-12-24,2022-01-04,0.0080985736506613,2021,2021-09-30,learned_order_extension,20260912,0.44993121305292894,0.44993121305292894,0,1
weekly_global_validated,2656,2021-12-31,2022-01-10,-0.0293970528320001,2021,2021-09-30,learned_order_extension,20260912,0.6465331383092103,0.6465331383092103,1,0
weekly_global_ungated,2596,2021-10-08,2021-10-18,-0.0038006269617851,2021,2021-09-30,learned_order_extension,20260912,0.6977983653498382,0.6977983653498382,1,0
weekly_global_ungated,2601,2021-10-15,2021-10-25,0.0037358989621147,2021,2021-09-30,learned_order_extension,20260912,0.5511774737639048,0.5511774737639048,1,1
weekly_global_ungated,2606,2021-10-22,2021-11-01,-0.0127041632091318,2021,2021-09-30,learned_order_extension,20260912,0.6314497295780248,0.6314497295780248,1,0
weekly_global_ungated,2611,2021-10-29,2021-11-08,-0.0075807737801166,2021,2021-09-30,learned_order_extension,20260912,0.4555702872833959,0.4555702872833959,0,0
weekly_global_ungated,2616,2021-11-05,2021-11-15,0.0110015182343039,2021,2021-09-30,learned_order_extension,20260912,0.49440987235614653,0.49440987235614653,0,1
weekly_global_ungated,2621,2021-11-12,2021-11-22,0.0002002284238551,2021,2021-09-30,learned_order_extension,20260912,0.6457846168027762,0.6457846168027762,1,1
weekly_global_ungated,2626,2021-11-19,2021-11-29,-0.0153981603100059,2021,2021-09-30,learned_order_extension,20260912,0.6758557957877199,0.6758557957877199,1,0
weekly_global_ungated,2631,2021-11-26,2021-12-06,0.0185518287306458,2021,2021-09-30,learned_order_extension,20260912,0.43384934218808535,0.43384934218808535,0,1
weekly_global_ungated,2636,2021-12-03,2021-12-13,0.0367843110096284,2021,2021-09-30,learned_order_extension,20260912,0.40088382776410036,0.40088382776410036,0,1
weekly_global_ungated,2641,2021-12-10,2021-12-20,-0.0304615698955996,2021,2021-09-30,learned_order_extension,20260912,0.6273782384824466,0.6273782384824466,1,0
weekly_global_ungated,2646,2021-12-17,2021-12-27,-0.0034083287233763,2021,2021-09-30,learned_order_extension,20260912,0.5990729401360653,0.5990729401360653,1,0
weekly_global_ungated,2651,2021-12-24,2022-01-04,0.0080985736506613,2021,2021-09-30,learned_order_extension,20260912,0.44993121305292894,0.44993121305292894,0,1
weekly_global_ungated,2656,2021-12-31,2022-01-10,-0.0293970528320001,2021,2021-09-30,learned_order_extension,20260912,0.6465331383092103,0.6465331383092103,1,0
weekly_state_validated,2596,2021-10-08,2021-10-18,-0.0038006269617851,2021,2021-09-30,learned_order_offset,20260910,0.7558117307103386,0.7558117307103386,1,0
weekly_state_validated,2601,2021-10-15,2021-10-25,0.0037358989621147,2021,2021-09-30,learned_order_offset,20260910,0.7689767891616536,0.7689767891616536,1,1
weekly_state_validated,2606,2021-10-22,2021-11-01,-0.0127041632091318,2021,2021-09-30,learned_order_offset,20260910,0.5615967587205846,0.5615967587205846,1,0
weekly_state_validated,2611,2021-10-29,2021-11-08,-0.0075807737801166,2021,2021-09-30,learned_order_offset,20260910,0.6034269345495461,0.6034269345495461,1,0
weekly_state_validated,2616,2021-11-05,2021-11-15,0.0110015182343039,2021,2021-09-30,learned_order_offset,20260910,0.7234699294457386,0.7234699294457386,1,1
weekly_state_validated,2621,2021-11-12,2021-11-22,0.0002002284238551,2021,2021-09-30,learned_order_offset,20260910,0.8319926561058519,0.8319926561058519,1,1
weekly_state_validated,2626,2021-11-19,2021-11-29,-0.0153981603100059,2021,2021-09-30,learned_order_offset,20260910,0.887309504410544,0.887309504410544,1,0
weekly_state_validated,2631,2021-11-26,2021-12-06,0.0185518287306458,2021,2021-09-30,learned_order_offset,20260910,0.7746760492907543,0.7746760492907543,1,1
weekly_state_validated,2636,2021-12-03,2021-12-13,0.0367843110096284,2021,2021-09-30,learned_order_offset,20260910,0.7532912032975808,0.7532912032975808,1,1
weekly_state_validated,2641,2021-12-10,2021-12-20,-0.0304615698955996,2021,2021-09-30,learned_order_offset,20260910,0.6527672096530658,0.6527672096530658,1,0
weekly_state_validated,2646,2021-12-17,2021-12-27,-0.0034083287233763,2021,2021-09-30,learned_order_offset,20260910,0.7996262996967062,0.7996262996967062,1,0
weekly_state_validated,2651,2021-12-24,2022-01-04,0.0080985736506613,2021,2021-09-30,learned_order_offset,20260910,0.8271891503369482,0.8271891503369482,1,1
weekly_state_validated,2656,2021-12-31,2022-01-10,-0.0293970528320001,2021,2021-09-30,learned_order_offset,20260910,0.8067823326626401,0.8067823326626401,1,0
weekly_state_ungated,2596,2021-10-08,2021-10-18,-0.0038006269617851,2021,2021-09-30,learned_order_offset,20260910,0.7558117307103386,0.7558117307103386,1,0
weekly_state_ungated,2601,2021-10-15,2021-10-25,0.0037358989621147,2021,2021-09-30,learned_order_offset,20260910,0.7689767891616536,0.7689767891616536,1,1
weekly_state_ungated,2606,2021-10-22,2021-11-01,-0.0127041632091318,2021,2021-09-30,learned_order_offset,20260910,0.5615967587205846,0.5615967587205846,1,0
weekly_state_ungated,2611,2021-10-29,2021-11-08,-0.0075807737801166,2021,2021-09-30,learned_order_offset,20260910,0.6034269345495461,0.6034269345495461,1,0
weekly_state_ungated,2616,2021-11-05,2021-11-15,0.0110015182343039,2021,2021-09-30,learned_order_offset,20260910,0.7234699294457386,0.7234699294457386,1,1
weekly_state_ungated,2621,2021-11-12,2021-11-22,0.0002002284238551,2021,2021-09-30,learned_order_offset,20260910,0.8319926561058519,0.8319926561058519,1,1
weekly_state_ungated,2626,2021-11-19,2021-11-29,-0.0153981603100059,2021,2021-09-30,learned_order_offset,20260910,0.887309504410544,0.887309504410544,1,0
weekly_state_ungated,2631,2021-11-26,2021-12-06,0.0185518287306458,2021,2021-09-30,learned_order_offset,20260910,0.7746760492907543,0.7746760492907543,1,1
weekly_state_ungated,2636,2021-12-03,2021-12-13,0.0367843110096284,2021,2021-09-30,learned_order_offset,20260910,0.7532912032975808,0.7532912032975808,1,1
weekly_state_ungated,2641,2021-12-10,2021-12-20,-0.0304615698955996,2021,2021-09-30,learned_order_offset,20260910,0.6527672096530658,0.6527672096530658,1,0
weekly_state_ungated,2646,2021-12-17,2021-12-27,-0.0034083287233763,2021,2021-09-30,learned_order_offset,20260910,0.7996262996967062,0.7996262996967062,1,0
weekly_state_ungated,2651,2021-12-24,2022-01-04,0.0080985736506613,2021,2021-09-30,learned_order_offset,20260910,0.8271891503369482,0.8271891503369482,1,1
weekly_state_ungated,2656,2021-12-31,2022-01-10,-0.0293970528320001,2021,2021-09-30,learned_order_offset,20260910,0.8067823326626401,0.8067823326626401,1,0
weekly_global_validated,2596,2021-10-08,2021-10-18,-0.0038006269617851,2021,2021-09-30,learned_order_offset,20260910,0.7558117307103386,0.7558117307103386,1,0
weekly_global_validated,2601,2021-10-15,2021-10-25,0.0037358989621147,2021,2021-09-30,learned_order_offset,20260910,0.7689767891616536,0.7689767891616536,1,1
weekly_global_validated,2606,2021-10-22,2021-11-01,-0.0127041632091318,2021,2021-09-30,learned_order_offset,20260910,0.5615967587205846,0.5615967587205846,1,0
weekly_global_validated,2611,2021-10-29,2021-11-08,-0.0075807737801166,2021,2021-09-30,learned_order_offset,20260910,0.6034269345495461,0.6034269345495461,1,0
weekly_global_validated,2616,2021-11-05,2021-11-15,0.0110015182343039,2021,2021-09-30,learned_order_offset,20260910,0.7234699294457386,0.7234699294457386,1,1
weekly_global_validated,2621,2021-11-12,2021-11-22,0.0002002284238551,2021,2021-09-30,learned_order_offset,20260910,0.8319926561058519,0.8319926561058519,1,1
weekly_global_validated,2626,2021-11-19,2021-11-29,-0.0153981603100059,2021,2021-09-30,learned_order_offset,20260910,0.887309504410544,0.887309504410544,1,0
weekly_global_validated,2631,2021-11-26,2021-12-06,0.0185518287306458,2021,2021-09-30,learned_order_offset,20260910,0.7746760492907543,0.7746760492907543,1,1
weekly_global_validated,2636,2021-12-03,2021-12-13,0.0367843110096284,2021,2021-09-30,learned_order_offset,20260910,0.7532912032975808,0.7532912032975808,1,1
weekly_global_validated,2641,2021-12-10,2021-12-20,-0.0304615698955996,2021,2021-09-30,learned_order_offset,20260910,0.6527672096530658,0.6527672096530658,1,0
weekly_global_validated,2646,2021-12-17,2021-12-27,-0.0034083287233763,2021,2021-09-30,learned_order_offset,20260910,0.7996262996967062,0.7996262996967062,1,0
weekly_global_validated,2651,2021-12-24,2022-01-04,0.0080985736506613,2021,2021-09-30,learned_order_offset,20260910,0.8271891503369482,0.8271891503369482,1,1
weekly_global_validated,2656,2021-12-31,2022-01-10,-0.0293970528320001,2021,2021-09-30,learned_order_offset,20260910,0.8067823326626401,0.8067823326626401,1,0
weekly_global_ungated,2596,2021-10-08,2021-10-18,-0.0038006269617851,2021,2021-09-30,learned_order_offset,20260910,0.7558117307103386,0.7558117307103386,1,0
weekly_global_ungated,2601,2021-10-15,2021-10-25,0.0037358989621147,2021,2021-09-30,learned_order_offset,20260910,0.7689767891616536,0.7689767891616536,1,1
weekly_global_ungated,2606,2021-10-22,2021-11-01,-0.0127041632091318,2021,2021-09-30,learned_order_offset,20260910,0.5615967587205846,0.5615967587205846,1,0
weekly_global_ungated,2611,2021-10-29,2021-11-08,-0.0075807737801166,2021,2021-09-30,learned_order_offset,20260910,0.6034269345495461,0.6034269345495461,1,0
weekly_global_ungated,2616,2021-11-05,2021-11-15,0.0110015182343039,2021,2021-09-30,learned_order_offset,20260910,0.7234699294457386,0.7234699294457386,1,1
weekly_global_ungated,2621,2021-11-12,2021-11-22,0.0002002284238551,2021,2021-09-30,learned_order_offset,20260910,0.8319926561058519,0.8319926561058519,1,1
weekly_global_ungated,2626,2021-11-19,2021-11-29,-0.0153981603100059,2021,2021-09-30,learned_order_offset,20260910,0.887309504410544,0.887309504410544,1,0
weekly_global_ungated,2631,2021-11-26,2021-12-06,0.0185518287306458,2021,2021-09-30,learned_order_offset,20260910,0.7746760492907543,0.7746760492907543,1,1
weekly_global_ungated,2636,2021-12-03,2021-12-13,0.0367843110096284,2021,2021-09-30,learned_order_offset,20260910,0.7532912032975808,0.7532912032975808,1,1
weekly_global_ungated,2641,2021-12-10,2021-12-20,-0.0304615698955996,2021,2021-09-30,learned_order_offset,20260910,0.6527672096530658,0.6527672096530658,1,0
weekly_global_ungated,2646,2021-12-17,2021-12-27,-0.0034083287233763,2021,2021-09-30,learned_order_offset,20260910,0.7996262996967062,0.7996262996967062,1,0
weekly_global_ungated,2651,2021-12-24,2022-01-04,0.0080985736506613,2021,2021-09-30,learned_order_offset,20260910,0.8271891503369482,0.8271891503369482,1,1
weekly_global_ungated,2656,2021-12-31,2022-01-10,-0.0293970528320001,2021,2021-09-30,learned_order_offset,20260910,0.8067823326626401,0.8067823326626401,1,0
weekly_state_validated,2596,2021-10-08,2021-10-18,-0.0038006269617851,2021,2021-09-30,learned_order_offset,20260911,0.9142972109372612,0.9142972109372612,1,0
weekly_state_validated,2601,2021-10-15,2021-10-25,0.0037358989621147,2021,2021-09-30,learned_order_offset,20260911,0.8514946837763709,0.8514946837763709,1,1
weekly_state_validated,2606,2021-10-22,2021-11-01,-0.0127041632091318,2021,2021-09-30,learned_order_offset,20260911,0.6153835261273471,0.6153835261273471,1,0
weekly_state_validated,2611,2021-10-29,2021-11-08,-0.0075807737801166,2021,2021-09-30,learned_order_offset,20260911,0.8905919911114152,0.8905919911114152,1,0
weekly_state_validated,2616,2021-11-05,2021-11-15,0.0110015182343039,2021,2021-09-30,learned_order_offset,20260911,0.7978265534432464,0.7978265534432464,1,1
weekly_state_validated,2621,2021-11-12,2021-11-22,0.0002002284238551,2021,2021-09-30,learned_order_offset,20260911,0.8952774170529411,0.8952774170529411,1,1
weekly_state_validated,2626,2021-11-19,2021-11-29,-0.0153981603100059,2021,2021-09-30,learned_order_offset,20260911,0.7999840840098098,0.7999840840098098,1,0
weekly_state_validated,2631,2021-11-26,2021-12-06,0.0185518287306458,2021,2021-09-30,learned_order_offset,20260911,0.8929926071982257,0.8929926071982257,1,1
weekly_state_validated,2636,2021-12-03,2021-12-13,0.0367843110096284,2021,2021-09-30,learned_order_offset,20260911,0.6617706981211336,0.6617706981211336,1,1
weekly_state_validated,2641,2021-12-10,2021-12-20,-0.0304615698955996,2021,2021-09-30,learned_order_offset,20260911,0.6793586467002075,0.6793586467002075,1,0
weekly_state_validated,2646,2021-12-17,2021-12-27,-0.0034083287233763,2021,2021-09-30,learned_order_offset,20260911,0.8677053304579374,0.8677053304579374,1,0
weekly_state_validated,2651,2021-12-24,2022-01-04,0.0080985736506613,2021,2021-09-30,learned_order_offset,20260911,0.6618536694473734,0.6618536694473734,1,1
weekly_state_validated,2656,2021-12-31,2022-01-10,-0.0293970528320001,2021,2021-09-30,learned_order_offset,20260911,0.8504487860668164,0.8504487860668164,1,0
weekly_state_ungated,2596,2021-10-08,2021-10-18,-0.0038006269617851,2021,2021-09-30,learned_order_offset,20260911,0.9142972109372612,0.9142972109372612,1,0
weekly_state_ungated,2601,2021-10-15,2021-10-25,0.0037358989621147,2021,2021-09-30,learned_order_offset,20260911,0.8514946837763709,0.8514946837763709,1,1
weekly_state_ungated,2606,2021-10-22,2021-11-01,-0.0127041632091318,2021,2021-09-30,learned_order_offset,20260911,0.6153835261273471,0.6153835261273471,1,0
weekly_state_ungated,2611,2021-10-29,2021-11-08,-0.0075807737801166,2021,2021-09-30,learned_order_offset,20260911,0.8905919911114152,0.8905919911114152,1,0
weekly_state_ungated,2616,2021-11-05,2021-11-15,0.0110015182343039,2021,2021-09-30,learned_order_offset,20260911,0.7978265534432464,0.7978265534432464,1,1
weekly_state_ungated,2621,2021-11-12,2021-11-22,0.0002002284238551,2021,2021-09-30,learned_order_offset,20260911,0.8952774170529411,0.8952774170529411,1,1
weekly_state_ungated,2626,2021-11-19,2021-11-29,-0.0153981603100059,2021,2021-09-30,learned_order_offset,20260911,0.7999840840098098,0.7999840840098098,1,0
weekly_state_ungated,2631,2021-11-26,2021-12-06,0.0185518287306458,2021,2021-09-30,learned_order_offset,20260911,0.8929926071982257,0.8929926071982257,1,1
weekly_state_ungated,2636,2021-12-03,2021-12-13,0.0367843110096284,2021,2021-09-30,learned_order_offset,20260911,0.6617706981211336,0.6617706981211336,1,1
weekly_state_ungated,2641,2021-12-10,2021-12-20,-0.0304615698955996,2021,2021-09-30,learned_order_offset,20260911,0.6793586467002075,0.6793586467002075,1,0
weekly_state_ungated,2646,2021-12-17,2021-12-27,-0.0034083287233763,2021,2021-09-30,learned_order_offset,20260911,0.8677053304579374,0.8677053304579374,1,0
weekly_state_ungated,2651,2021-12-24,2022-01-04,0.0080985736506613,2021,2021-09-30,learned_order_offset,20260911,0.6618536694473734,0.6618536694473734,1,1
weekly_state_ungated,2656,2021-12-31,2022-01-10,-0.0293970528320001,2021,2021-09-30,learned_order_offset,20260911,0.8504487860668164,0.8504487860668164,1,0
weekly_global_validated,2596,2021-10-08,2021-10-18,-0.0038006269617851,2021,2021-09-30,learned_order_offset,20260911,0.9142972109372612,0.9142972109372612,1,0
weekly_global_validated,2601,2021-10-15,2021-10-25,0.0037358989621147,2021,2021-09-30,learned_order_offset,20260911,0.8514946837763709,0.8514946837763709,1,1
weekly_global_validated,2606,2021-10-22,2021-11-01,-0.0127041632091318,2021,2021-09-30,learned_order_offset,20260911,0.6153835261273471,0.6153835261273471,1,0
weekly_global_validated,2611,2021-10-29,2021-11-08,-0.0075807737801166,2021,2021-09-30,learned_order_offset,20260911,0.8905919911114152,0.8905919911114152,1,0
weekly_global_validated,2616,2021-11-05,2021-11-15,0.0110015182343039,2021,2021-09-30,learned_order_offset,20260911,0.7978265534432464,0.7978265534432464,1,1
weekly_global_validated,2621,2021-11-12,2021-11-22,0.0002002284238551,2021,2021-09-30,learned_order_offset,20260911,0.8952774170529411,0.8952774170529411,1,1
weekly_global_validated,2626,2021-11-19,2021-11-29,-0.0153981603100059,2021,2021-09-30,learned_order_offset,20260911,0.7999840840098098,0.7999840840098098,1,0
weekly_global_validated,2631,2021-11-26,2021-12-06,0.0185518287306458,2021,2021-09-30,learned_order_offset,20260911,0.8929926071982257,0.8929926071982257,1,1
weekly_global_validated,2636,2021-12-03,2021-12-13,0.0367843110096284,2021,2021-09-30,learned_order_offset,20260911,0.6617706981211336,0.6617706981211336,1,1
weekly_global_validated,2641,2021-12-10,2021-12-20,-0.0304615698955996,2021,2021-09-30,learned_order_offset,20260911,0.6793586467002075,0.6793586467002075,1,0
weekly_global_validated,2646,2021-12-17,2021-12-27,-0.0034083287233763,2021,2021-09-30,learned_order_offset,20260911,0.8677053304579374,0.8677053304579374,1,0
weekly_global_validated,2651,2021-12-24,2022-01-04,0.0080985736506613,2021,2021-09-30,learned_order_offset,20260911,0.6618536694473734,0.6618536694473734,1,1
weekly_global_validated,2656,2021-12-31,2022-01-10,-0.0293970528320001,2021,2021-09-30,learned_order_offset,20260911,0.8504487860668164,0.8504487860668164,1,0
weekly_global_ungated,2596,2021-10-08,2021-10-18,-0.0038006269617851,2021,2021-09-30,learned_order_offset,20260911,0.9142972109372612,0.9142972109372612,1,0
weekly_global_ungated,2601,2021-10-15,2021-10-25,0.0037358989621147,2021,2021-09-30,learned_order_offset,20260911,0.8514946837763709,0.8514946837763709,1,1
weekly_global_ungated,2606,2021-10-22,2021-11-01,-0.0127041632091318,2021,2021-09-30,learned_order_offset,20260911,0.6153835261273471,0.6153835261273471,1,0
weekly_global_ungated,2611,2021-10-29,2021-11-08,-0.0075807737801166,2021,2021-09-30,learned_order_offset,20260911,0.8905919911114152,0.8905919911114152,1,0
weekly_global_ungated,2616,2021-11-05,2021-11-15,0.0110015182343039,2021,2021-09-30,learned_order_offset,20260911,0.7978265534432464,0.7978265534432464,1,1
weekly_global_ungated,2621,2021-11-12,2021-11-22,0.0002002284238551,2021,2021-09-30,learned_order_offset,20260911,0.8952774170529411,0.8952774170529411,1,1
weekly_global_ungated,2626,2021-11-19,2021-11-29,-0.0153981603100059,2021,2021-09-30,learned_order_offset,20260911,0.7999840840098098,0.7999840840098098,1,0
weekly_global_ungated,2631,2021-11-26,2021-12-06,0.0185518287306458,2021,2021-09-30,learned_order_offset,20260911,0.8929926071982257,0.8929926071982257,1,1
weekly_global_ungated,2636,2021-12-03,2021-12-13,0.0367843110096284,2021,2021-09-30,learned_order_offset,20260911,0.6617706981211336,0.6617706981211336,1,1
weekly_global_ungated,2641,2021-12-10,2021-12-20,-0.0304615698955996,2021,2021-09-30,learned_order_offset,20260911,0.6793586467002075,0.6793586467002075,1,0
weekly_global_ungated,2646,2021-12-17,2021-12-27,-0.0034083287233763,2021,2021-09-30,learned_order_offset,20260911,0.8677053304579374,0.8677053304579374,1,0
weekly_global_ungated,2651,2021-12-24,2022-01-04,0.0080985736506613,2021,2021-09-30,learned_order_offset,20260911,0.6618536694473734,0.6618536694473734,1,1
weekly_global_ungated,2656,2021-12-31,2022-01-10,-0.0293970528320001,2021,2021-09-30,learned_order_offset,20260911,0.8504487860668164,0.8504487860668164,1,0
weekly_state_validated,2596,2021-10-08,2021-10-18,-0.0038006269617851,2021,2021-09-30,learned_order_offset,20260912,0.6979478393130971,0.6979478393130971,1,0
weekly_state_validated,2601,2021-10-15,2021-10-25,0.0037358989621147,2021,2021-09-30,learned_order_offset,20260912,0.5509092482748328,0.5509092482748328,1,1
weekly_state_validated,2606,2021-10-22,2021-11-01,-0.0127041632091318,2021,2021-09-30,learned_order_offset,20260912,0.6314800730261438,0.6314800730261438,1,0
weekly_state_validated,2611,2021-10-29,2021-11-08,-0.0075807737801166,2021,2021-09-30,learned_order_offset,20260912,0.4556342209286503,0.4556342209286503,0,0
weekly_state_validated,2616,2021-11-05,2021-11-15,0.0110015182343039,2021,2021-09-30,learned_order_offset,20260912,0.4943242193979672,0.4943242193979672,0,1
weekly_state_validated,2621,2021-11-12,2021-11-22,0.0002002284238551,2021,2021-09-30,learned_order_offset,20260912,0.6453907944726573,0.6453907944726573,1,1
weekly_state_validated,2626,2021-11-19,2021-11-29,-0.0153981603100059,2021,2021-09-30,learned_order_offset,20260912,0.6755480100450049,0.6755480100450049,1,0
weekly_state_validated,2631,2021-11-26,2021-12-06,0.0185518287306458,2021,2021-09-30,learned_order_offset,20260912,0.433749464940142,0.433749464940142,0,1
weekly_state_validated,2636,2021-12-03,2021-12-13,0.0367843110096284,2021,2021-09-30,learned_order_offset,20260912,0.40082929584196636,0.40082929584196636,0,1
weekly_state_validated,2641,2021-12-10,2021-12-20,-0.0304615698955996,2021,2021-09-30,learned_order_offset,20260912,0.6269777961806212,0.6269777961806212,1,0
weekly_state_validated,2646,2021-12-17,2021-12-27,-0.0034083287233763,2021,2021-09-30,learned_order_offset,20260912,0.5984618782434332,0.5984618782434332,1,0
weekly_state_validated,2651,2021-12-24,2022-01-04,0.0080985736506613,2021,2021-09-30,learned_order_offset,20260912,0.4493817362197275,0.4493817362197275,0,1
weekly_state_validated,2656,2021-12-31,2022-01-10,-0.0293970528320001,2021,2021-09-30,learned_order_offset,20260912,0.6464286773203256,0.6464286773203256,1,0
weekly_state_ungated,2596,2021-10-08,2021-10-18,-0.0038006269617851,2021,2021-09-30,learned_order_offset,20260912,0.6979478393130971,0.6979478393130971,1,0
weekly_state_ungated,2601,2021-10-15,2021-10-25,0.0037358989621147,2021,2021-09-30,learned_order_offset,20260912,0.5509092482748328,0.5509092482748328,1,1
weekly_state_ungated,2606,2021-10-22,2021-11-01,-0.0127041632091318,2021,2021-09-30,learned_order_offset,20260912,0.6314800730261438,0.6314800730261438,1,0
weekly_state_ungated,2611,2021-10-29,2021-11-08,-0.0075807737801166,2021,2021-09-30,learned_order_offset,20260912,0.4556342209286503,0.4556342209286503,0,0
weekly_state_ungated,2616,2021-11-05,2021-11-15,0.0110015182343039,2021,2021-09-30,learned_order_offset,20260912,0.4943242193979672,0.4943242193979672,0,1
weekly_state_ungated,2621,2021-11-12,2021-11-22,0.0002002284238551,2021,2021-09-30,learned_order_offset,20260912,0.6453907944726573,0.6453907944726573,1,1
weekly_state_ungated,2626,2021-11-19,2021-11-29,-0.0153981603100059,2021,2021-09-30,learned_order_offset,20260912,0.6755480100450049,0.6755480100450049,1,0
weekly_state_ungated,2631,2021-11-26,2021-12-06,0.0185518287306458,2021,2021-09-30,learned_order_offset,20260912,0.433749464940142,0.433749464940142,0,1
weekly_state_ungated,2636,2021-12-03,2021-12-13,0.0367843110096284,2021,2021-09-30,learned_order_offset,20260912,0.40082929584196636,0.40082929584196636,0,1
weekly_state_ungated,2641,2021-12-10,2021-12-20,-0.0304615698955996,2021,2021-09-30,learned_order_offset,20260912,0.6269777961806212,0.6269777961806212,1,0
weekly_state_ungated,2646,2021-12-17,2021-12-27,-0.0034083287233763,2021,2021-09-30,learned_order_offset,20260912,0.5984618782434332,0.5984618782434332,1,0
weekly_state_ungated,2651,2021-12-24,2022-01-04,0.0080985736506613,2021,2021-09-30,learned_order_offset,20260912,0.4493817362197275,0.4493817362197275,0,1
weekly_state_ungated,2656,2021-12-31,2022-01-10,-0.0293970528320001,2021,2021-09-30,learned_order_offset,20260912,0.6464286773203256,0.6464286773203256,1,0
weekly_global_validated,2596,2021-10-08,2021-10-18,-0.0038006269617851,2021,2021-09-30,learned_order_offset,20260912,0.6979478393130971,0.6979478393130971,1,0
weekly_global_validated,2601,2021-10-15,2021-10-25,0.0037358989621147,2021,2021-09-30,learned_order_offset,20260912,0.5509092482748328,0.5509092482748328,1,1
weekly_global_validated,2606,2021-10-22,2021-11-01,-0.0127041632091318,2021,2021-09-30,learned_order_offset,20260912,0.6314800730261438,0.6314800730261438,1,0
weekly_global_validated,2611,2021-10-29,2021-11-08,-0.0075807737801166,2021,2021-09-30,learned_order_offset,20260912,0.4556342209286503,0.4556342209286503,0,0
weekly_global_validated,2616,2021-11-05,2021-11-15,0.0110015182343039,2021,2021-09-30,learned_order_offset,20260912,0.4943242193979672,0.4943242193979672,0,1
weekly_global_validated,2621,2021-11-12,2021-11-22,0.0002002284238551,2021,2021-09-30,learned_order_offset,20260912,0.6453907944726573,0.6453907944726573,1,1
weekly_global_validated,2626,2021-11-19,2021-11-29,-0.0153981603100059,2021,2021-09-30,learned_order_offset,20260912,0.6755480100450049,0.6755480100450049,1,0
weekly_global_validated,2631,2021-11-26,2021-12-06,0.0185518287306458,2021,2021-09-30,learned_order_offset,20260912,0.433749464940142,0.433749464940142,0,1
weekly_global_validated,2636,2021-12-03,2021-12-13,0.0367843110096284,2021,2021-09-30,learned_order_offset,20260912,0.40082929584196636,0.40082929584196636,0,1
weekly_global_validated,2641,2021-12-10,2021-12-20,-0.0304615698955996,2021,2021-09-30,learned_order_offset,20260912,0.6269777961806212,0.6269777961806212,1,0
weekly_global_validated,2646,2021-12-17,2021-12-27,-0.0034083287233763,2021,2021-09-30,learned_order_offset,20260912,0.5984618782434332,0.5984618782434332,1,0
weekly_global_validated,2651,2021-12-24,2022-01-04,0.0080985736506613,2021,2021-09-30,learned_order_offset,20260912,0.4493817362197275,0.4493817362197275,0,1
weekly_global_validated,2656,2021-12-31,2022-01-10,-0.0293970528320001,2021,2021-09-30,learned_order_offset,20260912,0.6464286773203256,0.6464286773203256,1,0
weekly_global_ungated,2596,2021-10-08,2021-10-18,-0.0038006269617851,2021,2021-09-30,learned_order_offset,20260912,0.6979478393130971,0.6979478393130971,1,0
weekly_global_ungated,2601,2021-10-15,2021-10-25,0.0037358989621147,2021,2021-09-30,learned_order_offset,20260912,0.5509092482748328,0.5509092482748328,1,1
weekly_global_ungated,2606,2021-10-22,2021-11-01,-0.0127041632091318,2021,2021-09-30,learned_order_offset,20260912,0.6314800730261438,0.6314800730261438,1,0
weekly_global_ungated,2611,2021-10-29,2021-11-08,-0.0075807737801166,2021,2021-09-30,learned_order_offset,20260912,0.4556342209286503,0.4556342209286503,0,0
weekly_global_ungated,2616,2021-11-05,2021-11-15,0.0110015182343039,2021,2021-09-30,learned_order_offset,20260912,0.4943242193979672,0.4943242193979672,0,1
weekly_global_ungated,2621,2021-11-12,2021-11-22,0.0002002284238551,2021,2021-09-30,learned_order_offset,20260912,0.6453907944726573,0.6453907944726573,1,1
weekly_global_ungated,2626,2021-11-19,2021-11-29,-0.0153981603100059,2021,2021-09-30,learned_order_offset,20260912,0.6755480100450049,0.6755480100450049,1,0
weekly_global_ungated,2631,2021-11-26,2021-12-06,0.0185518287306458,2021,2021-09-30,learned_order_offset,20260912,0.433749464940142,0.433749464940142,0,1
weekly_global_ungated,2636,2021-12-03,2021-12-13,0.0367843110096284,2021,2021-09-30,learned_order_offset,20260912,0.40082929584196636,0.40082929584196636,0,1
weekly_global_ungated,2641,2021-12-10,2021-12-20,-0.0304615698955996,2021,2021-09-30,learned_order_offset,20260912,0.6269777961806212,0.6269777961806212,1,0
weekly_global_ungated,2646,2021-12-17,2021-12-27,-0.0034083287233763,2021,2021-09-30,learned_order_offset,20260912,0.5984618782434332,0.5984618782434332,1,0
weekly_global_ungated,2651,2021-12-24,2022-01-04,0.0080985736506613,2021,2021-09-30,learned_order_offset,20260912,0.4493817362197275,0.4493817362197275,0,1
weekly_global_ungated,2656,2021-12-31,2022-01-10,-0.0293970528320001,2021,2021-09-30,learned_order_offset,20260912,0.6464286773203256,0.6464286773203256,1,0
weekly_state_validated,2660,2022-01-07,2022-01-17,-0.0173453887283024,2022,2021-12-31,learned_market,20260910,0.5688001187262542,0.5688001187262542,1,0
weekly_state_validated,2665,2022-01-14,2022-01-24,0.0053248631776616,2022,2021-12-31,learned_market,20260910,0.6536697221556952,0.6536697221556952,1,1
weekly_state_validated,2670,2022-01-21,2022-02-07,-0.0242661876254222,2022,2021-12-31,learned_market,20260910,0.667180452286777,0.667180452286777,1,0
weekly_state_validated,2675,2022-01-28,2022-02-14,-0.0127539031341488,2022,2021-12-31,learned_market,20260910,0.6821990081341186,0.6821990081341186,1,0
weekly_state_validated,2680,2022-02-11,2022-02-21,0.0145498774954033,2022,2021-12-31,learned_market,20260910,0.6685932622029157,0.6685932622029157,1,1
weekly_state_validated,2685,2022-02-18,2022-02-28,-0.0177161244498015,2022,2021-12-31,learned_market,20260910,0.721020181747073,0.721020181747073,1,0
weekly_state_validated,2690,2022-02-25,2022-03-07,-0.0221791776043331,2022,2021-12-31,learned_market,20260910,0.6720256213340763,0.6720256213340763,1,0
weekly_state_validated,2695,2022-03-04,2022-03-14,-0.0480378799422749,2022,2021-12-31,learned_market,20260910,0.6491632424244927,0.6491632424244927,1,0
weekly_state_validated,2700,2022-03-11,2022-03-21,0.007530336734814,2022,2021-12-31,learned_market,20260910,0.7072260560701839,0.7072260560701839,1,1
weekly_state_validated,2705,2022-03-18,2022-03-28,-0.0353493110038457,2022,2021-12-31,learned_market,20260910,0.680562718896786,0.680562718896786,1,0
weekly_state_validated,2710,2022-03-25,2022-04-06,0.0314834190717003,2022,2021-12-31,learned_market,20260910,0.7149297850291989,0.7149297850291989,1,1
weekly_state_ungated,2660,2022-01-07,2022-01-17,-0.0173453887283024,2022,2021-12-31,learned_market,20260910,0.5688001187262542,0.5688001187262542,1,0
weekly_state_ungated,2665,2022-01-14,2022-01-24,0.0053248631776616,2022,2021-12-31,learned_market,20260910,0.6536697221556952,0.6536697221556952,1,1
weekly_state_ungated,2670,2022-01-21,2022-02-07,-0.0242661876254222,2022,2021-12-31,learned_market,20260910,0.667180452286777,0.667180452286777,1,0
weekly_state_ungated,2675,2022-01-28,2022-02-14,-0.0127539031341488,2022,2021-12-31,learned_market,20260910,0.6821990081341186,0.6821990081341186,1,0
weekly_state_ungated,2680,2022-02-11,2022-02-21,0.0145498774954033,2022,2021-12-31,learned_market,20260910,0.6685932622029157,0.6685932622029157,1,1
weekly_state_ungated,2685,2022-02-18,2022-02-28,-0.0177161244498015,2022,2021-12-31,learned_market,20260910,0.721020181747073,0.721020181747073,1,0
weekly_state_ungated,2690,2022-02-25,2022-03-07,-0.0221791776043331,2022,2021-12-31,learned_market,20260910,0.6720256213340763,0.6720256213340763,1,0
weekly_state_ungated,2695,2022-03-04,2022-03-14,-0.0480378799422749,2022,2021-12-31,learned_market,20260910,0.6491632424244927,0.6491632424244927,1,0
weekly_state_ungated,2700,2022-03-11,2022-03-21,0.007530336734814,2022,2021-12-31,learned_market,20260910,0.7072260560701839,0.7072260560701839,1,1
weekly_state_ungated,2705,2022-03-18,2022-03-28,-0.0353493110038457,2022,2021-12-31,learned_market,20260910,0.680562718896786,0.680562718896786,1,0
weekly_state_ungated,2710,2022-03-25,2022-04-06,0.0314834190717003,2022,2021-12-31,learned_market,20260910,0.7149297850291989,0.7149297850291989,1,1
weekly_global_validated,2660,2022-01-07,2022-01-17,-0.0173453887283024,2022,2021-12-31,learned_market,20260910,0.5688001187262542,0.5688001187262542,1,0
weekly_global_validated,2665,2022-01-14,2022-01-24,0.0053248631776616,2022,2021-12-31,learned_market,20260910,0.6536697221556952,0.6536697221556952,1,1
weekly_global_validated,2670,2022-01-21,2022-02-07,-0.0242661876254222,2022,2021-12-31,learned_market,20260910,0.667180452286777,0.667180452286777,1,0
weekly_global_validated,2675,2022-01-28,2022-02-14,-0.0127539031341488,2022,2021-12-31,learned_market,20260910,0.6821990081341186,0.6821990081341186,1,0
weekly_global_validated,2680,2022-02-11,2022-02-21,0.0145498774954033,2022,2021-12-31,learned_market,20260910,0.6685932622029157,0.6685932622029157,1,1
weekly_global_validated,2685,2022-02-18,2022-02-28,-0.0177161244498015,2022,2021-12-31,learned_market,20260910,0.721020181747073,0.721020181747073,1,0
weekly_global_validated,2690,2022-02-25,2022-03-07,-0.0221791776043331,2022,2021-12-31,learned_market,20260910,0.6720256213340763,0.6720256213340763,1,0
weekly_global_validated,2695,2022-03-04,2022-03-14,-0.0480378799422749,2022,2021-12-31,learned_market,20260910,0.6491632424244927,0.6491632424244927,1,0
weekly_global_validated,2700,2022-03-11,2022-03-21,0.007530336734814,2022,2021-12-31,learned_market,20260910,0.7072260560701839,0.7072260560701839,1,1
weekly_global_validated,2705,2022-03-18,2022-03-28,-0.0353493110038457,2022,2021-12-31,learned_market,20260910,0.680562718896786,0.680562718896786,1,0
weekly_global_validated,2710,2022-03-25,2022-04-06,0.0314834190717003,2022,2021-12-31,learned_market,20260910,0.7149297850291989,0.7149297850291989,1,1
weekly_global_ungated,2660,2022-01-07,2022-01-17,-0.0173453887283024,2022,2021-12-31,learned_market,20260910,0.5688001187262542,0.5688001187262542,1,0
weekly_global_ungated,2665,2022-01-14,2022-01-24,0.0053248631776616,2022,2021-12-31,learned_market,20260910,0.6536697221556952,0.6536697221556952,1,1
weekly_global_ungated,2670,2022-01-21,2022-02-07,-0.0242661876254222,2022,2021-12-31,learned_market,20260910,0.667180452286777,0.667180452286777,1,0
weekly_global_ungated,2675,2022-01-28,2022-02-14,-0.0127539031341488,2022,2021-12-31,learned_market,20260910,0.6821990081341186,0.6821990081341186,1,0
weekly_global_ungated,2680,2022-02-11,2022-02-21,0.0145498774954033,2022,2021-12-31,learned_market,20260910,0.6685932622029157,0.6685932622029157,1,1
weekly_global_ungated,2685,2022-02-18,2022-02-28,-0.0177161244498015,2022,2021-12-31,learned_market,20260910,0.721020181747073,0.721020181747073,1,0
weekly_global_ungated,2690,2022-02-25,2022-03-07,-0.0221791776043331,2022,2021-12-31,learned_market,20260910,0.6720256213340763,0.6720256213340763,1,0
weekly_global_ungated,2695,2022-03-04,2022-03-14,-0.0480378799422749,2022,2021-12-31,learned_market,20260910,0.6491632424244927,0.6491632424244927,1,0
weekly_global_ungated,2700,2022-03-11,2022-03-21,0.007530336734814,2022,2021-12-31,learned_market,20260910,0.7072260560701839,0.7072260560701839,1,1
weekly_global_ungated,2705,2022-03-18,2022-03-28,-0.0353493110038457,2022,2021-12-31,learned_market,20260910,0.680562718896786,0.680562718896786,1,0
weekly_global_ungated,2710,2022-03-25,2022-04-06,0.0314834190717003,2022,2021-12-31,learned_market,20260910,0.7149297850291989,0.7149297850291989,1,1
weekly_state_validated,2660,2022-01-07,2022-01-17,-0.0173453887283024,2022,2021-12-31,learned_market,20260911,0.7294539059117436,0.7294539059117436,1,0
weekly_state_validated,2665,2022-01-14,2022-01-24,0.0053248631776616,2022,2021-12-31,learned_market,20260911,0.8407883156513567,0.8407883156513567,1,1
weekly_state_validated,2670,2022-01-21,2022-02-07,-0.0242661876254222,2022,2021-12-31,learned_market,20260911,0.6706767764059957,0.6706767764059957,1,0
weekly_state_validated,2675,2022-01-28,2022-02-14,-0.0127539031341488,2022,2021-12-31,learned_market,20260911,0.49396242770649035,0.49396242770649035,0,0
weekly_state_validated,2680,2022-02-11,2022-02-21,0.0145498774954033,2022,2021-12-31,learned_market,20260911,0.6718433913580089,0.6718433913580089,1,1
weekly_state_validated,2685,2022-02-18,2022-02-28,-0.0177161244498015,2022,2021-12-31,learned_market,20260911,0.5840107527473801,0.5840107527473801,1,0
weekly_state_validated,2690,2022-02-25,2022-03-07,-0.0221791776043331,2022,2021-12-31,learned_market,20260911,0.59915482742086,0.59915482742086,1,0
weekly_state_validated,2695,2022-03-04,2022-03-14,-0.0480378799422749,2022,2021-12-31,learned_market,20260911,0.64751535974218,0.64751535974218,1,0
weekly_state_validated,2700,2022-03-11,2022-03-21,0.007530336734814,2022,2021-12-31,learned_market,20260911,0.6601858855959774,0.6601858855959774,1,1
weekly_state_validated,2705,2022-03-18,2022-03-28,-0.0353493110038457,2022,2021-12-31,learned_market,20260911,0.5676194322684474,0.5676194322684474,1,0
weekly_state_validated,2710,2022-03-25,2022-04-06,0.0314834190717003,2022,2021-12-31,learned_market,20260911,0.7331434681165004,0.7331434681165004,1,1
weekly_state_ungated,2660,2022-01-07,2022-01-17,-0.0173453887283024,2022,2021-12-31,learned_market,20260911,0.7294539059117436,0.7294539059117436,1,0
weekly_state_ungated,2665,2022-01-14,2022-01-24,0.0053248631776616,2022,2021-12-31,learned_market,20260911,0.8407883156513567,0.8407883156513567,1,1
weekly_state_ungated,2670,2022-01-21,2022-02-07,-0.0242661876254222,2022,2021-12-31,learned_market,20260911,0.6706767764059957,0.6706767764059957,1,0
weekly_state_ungated,2675,2022-01-28,2022-02-14,-0.0127539031341488,2022,2021-12-31,learned_market,20260911,0.49396242770649035,0.49396242770649035,0,0
weekly_state_ungated,2680,2022-02-11,2022-02-21,0.0145498774954033,2022,2021-12-31,learned_market,20260911,0.6718433913580089,0.6718433913580089,1,1
weekly_state_ungated,2685,2022-02-18,2022-02-28,-0.0177161244498015,2022,2021-12-31,learned_market,20260911,0.5840107527473801,0.5840107527473801,1,0
weekly_state_ungated,2690,2022-02-25,2022-03-07,-0.0221791776043331,2022,2021-12-31,learned_market,20260911,0.59915482742086,0.59915482742086,1,0
weekly_state_ungated,2695,2022-03-04,2022-03-14,-0.0480378799422749,2022,2021-12-31,learned_market,20260911,0.64751535974218,0.64751535974218,1,0
weekly_state_ungated,2700,2022-03-11,2022-03-21,0.007530336734814,2022,2021-12-31,learned_market,20260911,0.6601858855959774,0.6601858855959774,1,1
weekly_state_ungated,2705,2022-03-18,2022-03-28,-0.0353493110038457,2022,2021-12-31,learned_market,20260911,0.5676194322684474,0.5676194322684474,1,0
weekly_state_ungated,2710,2022-03-25,2022-04-06,0.0314834190717003,2022,2021-12-31,learned_market,20260911,0.7331434681165004,0.7331434681165004,1,1
weekly_global_validated,2660,2022-01-07,2022-01-17,-0.0173453887283024,2022,2021-12-31,learned_market,20260911,0.7294539059117436,0.7294539059117436,1,0
weekly_global_validated,2665,2022-01-14,2022-01-24,0.0053248631776616,2022,2021-12-31,learned_market,20260911,0.8407883156513567,0.8407883156513567,1,1
weekly_global_validated,2670,2022-01-21,2022-02-07,-0.0242661876254222,2022,2021-12-31,learned_market,20260911,0.6706767764059957,0.6706767764059957,1,0
weekly_global_validated,2675,2022-01-28,2022-02-14,-0.0127539031341488,2022,2021-12-31,learned_market,20260911,0.49396242770649035,0.49396242770649035,0,0
weekly_global_validated,2680,2022-02-11,2022-02-21,0.0145498774954033,2022,2021-12-31,learned_market,20260911,0.6718433913580089,0.6718433913580089,1,1
weekly_global_validated,2685,2022-02-18,2022-02-28,-0.0177161244498015,2022,2021-12-31,learned_market,20260911,0.5840107527473801,0.5840107527473801,1,0
weekly_global_validated,2690,2022-02-25,2022-03-07,-0.0221791776043331,2022,2021-12-31,learned_market,20260911,0.59915482742086,0.59915482742086,1,0
weekly_global_validated,2695,2022-03-04,2022-03-14,-0.0480378799422749,2022,2021-12-31,learned_market,20260911,0.64751535974218,0.64751535974218,1,0
weekly_global_validated,2700,2022-03-11,2022-03-21,0.007530336734814,2022,2021-12-31,learned_market,20260911,0.6601858855959774,0.6601858855959774,1,1
weekly_global_validated,2705,2022-03-18,2022-03-28,-0.0353493110038457,2022,2021-12-31,learned_market,20260911,0.5676194322684474,0.5676194322684474,1,0
weekly_global_validated,2710,2022-03-25,2022-04-06,0.0314834190717003,2022,2021-12-31,learned_market,20260911,0.7331434681165004,0.7331434681165004,1,1
weekly_global_ungated,2660,2022-01-07,2022-01-17,-0.0173453887283024,2022,2021-12-31,learned_market,20260911,0.7294539059117436,0.7294539059117436,1,0
weekly_global_ungated,2665,2022-01-14,2022-01-24,0.0053248631776616,2022,2021-12-31,learned_market,20260911,0.8407883156513567,0.8407883156513567,1,1
weekly_global_ungated,2670,2022-01-21,2022-02-07,-0.0242661876254222,2022,2021-12-31,learned_market,20260911,0.6706767764059957,0.6706767764059957,1,0
weekly_global_ungated,2675,2022-01-28,2022-02-14,-0.0127539031341488,2022,2021-12-31,learned_market,20260911,0.49396242770649035,0.49396242770649035,0,0
weekly_global_ungated,2680,2022-02-11,2022-02-21,0.0145498774954033,2022,2021-12-31,learned_market,20260911,0.6718433913580089,0.6718433913580089,1,1
weekly_global_ungated,2685,2022-02-18,2022-02-28,-0.0177161244498015,2022,2021-12-31,learned_market,20260911,0.5840107527473801,0.5840107527473801,1,0
weekly_global_ungated,2690,2022-02-25,2022-03-07,-0.0221791776043331,2022,2021-12-31,learned_market,20260911,0.59915482742086,0.59915482742086,1,0
weekly_global_ungated,2695,2022-03-04,2022-03-14,-0.0480378799422749,2022,2021-12-31,learned_market,20260911,0.64751535974218,0.64751535974218,1,0
weekly_global_ungated,2700,2022-03-11,2022-03-21,0.007530336734814,2022,2021-12-31,learned_market,20260911,0.6601858855959774,0.6601858855959774,1,1
weekly_global_ungated,2705,2022-03-18,2022-03-28,-0.0353493110038457,2022,2021-12-31,learned_market,20260911,0.5676194322684474,0.5676194322684474,1,0
weekly_global_ungated,2710,2022-03-25,2022-04-06,0.0314834190717003,2022,2021-12-31,learned_market,20260911,0.7331434681165004,0.7331434681165004,1,1
weekly_state_validated,2660,2022-01-07,2022-01-17,-0.0173453887283024,2022,2021-12-31,learned_market,20260912,0.7009067848418016,0.7009067848418016,1,0
weekly_state_validated,2665,2022-01-14,2022-01-24,0.0053248631776616,2022,2021-12-31,learned_market,20260912,0.5203651032719439,0.5203651032719439,1,1
weekly_state_validated,2670,2022-01-21,2022-02-07,-0.0242661876254222,2022,2021-12-31,learned_market,20260912,0.7176249995689795,0.7176249995689795,1,0
weekly_state_validated,2675,2022-01-28,2022-02-14,-0.0127539031341488,2022,2021-12-31,learned_market,20260912,0.5468589290358572,0.5468589290358572,1,0
weekly_state_validated,2680,2022-02-11,2022-02-21,0.0145498774954033,2022,2021-12-31,learned_market,20260912,0.6301827176961465,0.6301827176961465,1,1
weekly_state_validated,2685,2022-02-18,2022-02-28,-0.0177161244498015,2022,2021-12-31,learned_market,20260912,0.7133251277073638,0.7133251277073638,1,0
weekly_state_validated,2690,2022-02-25,2022-03-07,-0.0221791776043331,2022,2021-12-31,learned_market,20260912,0.7021196640037924,0.7021196640037924,1,0
weekly_state_validated,2695,2022-03-04,2022-03-14,-0.0480378799422749,2022,2021-12-31,learned_market,20260912,0.719986373445646,0.719986373445646,1,0
weekly_state_validated,2700,2022-03-11,2022-03-21,0.007530336734814,2022,2021-12-31,learned_market,20260912,0.6467498960464059,0.6467498960464059,1,1
weekly_state_validated,2705,2022-03-18,2022-03-28,-0.0353493110038457,2022,2021-12-31,learned_market,20260912,0.6307138428823564,0.6307138428823564,1,0
weekly_state_validated,2710,2022-03-25,2022-04-06,0.0314834190717003,2022,2021-12-31,learned_market,20260912,0.5581715372656506,0.5581715372656506,1,1
weekly_state_ungated,2660,2022-01-07,2022-01-17,-0.0173453887283024,2022,2021-12-31,learned_market,20260912,0.7009067848418016,0.7009067848418016,1,0
weekly_state_ungated,2665,2022-01-14,2022-01-24,0.0053248631776616,2022,2021-12-31,learned_market,20260912,0.5203651032719439,0.5203651032719439,1,1
weekly_state_ungated,2670,2022-01-21,2022-02-07,-0.0242661876254222,2022,2021-12-31,learned_market,20260912,0.7176249995689795,0.7176249995689795,1,0
weekly_state_ungated,2675,2022-01-28,2022-02-14,-0.0127539031341488,2022,2021-12-31,learned_market,20260912,0.5468589290358572,0.5468589290358572,1,0
weekly_state_ungated,2680,2022-02-11,2022-02-21,0.0145498774954033,2022,2021-12-31,learned_market,20260912,0.6301827176961465,0.6301827176961465,1,1
weekly_state_ungated,2685,2022-02-18,2022-02-28,-0.0177161244498015,2022,2021-12-31,learned_market,20260912,0.7133251277073638,0.7133251277073638,1,0
weekly_state_ungated,2690,2022-02-25,2022-03-07,-0.0221791776043331,2022,2021-12-31,learned_market,20260912,0.7021196640037924,0.7021196640037924,1,0
weekly_state_ungated,2695,2022-03-04,2022-03-14,-0.0480378799422749,2022,2021-12-31,learned_market,20260912,0.719986373445646,0.719986373445646,1,0
weekly_state_ungated,2700,2022-03-11,2022-03-21,0.007530336734814,2022,2021-12-31,learned_market,20260912,0.6467498960464059,0.6467498960464059,1,1
weekly_state_ungated,2705,2022-03-18,2022-03-28,-0.0353493110038457,2022,2021-12-31,learned_market,20260912,0.6307138428823564,0.6307138428823564,1,0
weekly_state_ungated,2710,2022-03-25,2022-04-06,0.0314834190717003,2022,2021-12-31,learned_market,20260912,0.5581715372656506,0.5581715372656506,1,1
weekly_global_validated,2660,2022-01-07,2022-01-17,-0.0173453887283024,2022,2021-12-31,learned_market,20260912,0.7009067848418016,0.7009067848418016,1,0
weekly_global_validated,2665,2022-01-14,2022-01-24,0.0053248631776616,2022,2021-12-31,learned_market,20260912,0.5203651032719439,0.5203651032719439,1,1
weekly_global_validated,2670,2022-01-21,2022-02-07,-0.0242661876254222,2022,2021-12-31,learned_market,20260912,0.7176249995689795,0.7176249995689795,1,0
weekly_global_validated,2675,2022-01-28,2022-02-14,-0.0127539031341488,2022,2021-12-31,learned_market,20260912,0.5468589290358572,0.5468589290358572,1,0
weekly_global_validated,2680,2022-02-11,2022-02-21,0.0145498774954033,2022,2021-12-31,learned_market,20260912,0.6301827176961465,0.6301827176961465,1,1
weekly_global_validated,2685,2022-02-18,2022-02-28,-0.0177161244498015,2022,2021-12-31,learned_market,20260912,0.7133251277073638,0.7133251277073638,1,0
weekly_global_validated,2690,2022-02-25,2022-03-07,-0.0221791776043331,2022,2021-12-31,learned_market,20260912,0.7021196640037924,0.7021196640037924,1,0
weekly_global_validated,2695,2022-03-04,2022-03-14,-0.0480378799422749,2022,2021-12-31,learned_market,20260912,0.719986373445646,0.719986373445646,1,0
weekly_global_validated,2700,2022-03-11,2022-03-21,0.007530336734814,2022,2021-12-31,learned_market,20260912,0.6467498960464059,0.6467498960464059,1,1
weekly_global_validated,2705,2022-03-18,2022-03-28,-0.0353493110038457,2022,2021-12-31,learned_market,20260912,0.6307138428823564,0.6307138428823564,1,0
weekly_global_validated,2710,2022-03-25,2022-04-06,0.0314834190717003,2022,2021-12-31,learned_market,20260912,0.5581715372656506,0.5581715372656506,1,1
weekly_global_ungated,2660,2022-01-07,2022-01-17,-0.0173453887283024,2022,2021-12-31,learned_market,20260912,0.7009067848418016,0.7009067848418016,1,0
weekly_global_ungated,2665,2022-01-14,2022-01-24,0.0053248631776616,2022,2021-12-31,learned_market,20260912,0.5203651032719439,0.5203651032719439,1,1
weekly_global_ungated,2670,2022-01-21,2022-02-07,-0.0242661876254222,2022,2021-12-31,learned_market,20260912,0.7176249995689795,0.7176249995689795,1,0
weekly_global_ungated,2675,2022-01-28,2022-02-14,-0.0127539031341488,2022,2021-12-31,learned_market,20260912,0.5468589290358572,0.5468589290358572,1,0
weekly_global_ungated,2680,2022-02-11,2022-02-21,0.0145498774954033,2022,2021-12-31,learned_market,20260912,0.6301827176961465,0.6301827176961465,1,1
weekly_global_ungated,2685,2022-02-18,2022-02-28,-0.0177161244498015,2022,2021-12-31,learned_market,20260912,0.7133251277073638,0.7133251277073638,1,0
weekly_global_ungated,2690,2022-02-25,2022-03-07,-0.0221791776043331,2022,2021-12-31,learned_market,20260912,0.7021196640037924,0.7021196640037924,1,0
weekly_global_ungated,2695,2022-03-04,2022-03-14,-0.0480378799422749,2022,2021-12-31,learned_market,20260912,0.719986373445646,0.719986373445646,1,0
weekly_global_ungated,2700,2022-03-11,2022-03-21,0.007530336734814,2022,2021-12-31,learned_market,20260912,0.6467498960464059,0.6467498960464059,1,1
weekly_global_ungated,2705,2022-03-18,2022-03-28,-0.0353493110038457,2022,2021-12-31,learned_market,20260912,0.6307138428823564,0.6307138428823564,1,0
weekly_global_ungated,2710,2022-03-25,2022-04-06,0.0314834190717003,2022,2021-12-31,learned_market,20260912,0.5581715372656506,0.5581715372656506,1,1
weekly_state_validated,2660,2022-01-07,2022-01-17,-0.0173453887283024,2022,2021-12-31,learned_vol_interaction,20260910,0.5831076461801695,0.5831076461801695,1,0
weekly_state_validated,2665,2022-01-14,2022-01-24,0.0053248631776616,2022,2021-12-31,learned_vol_interaction,20260910,0.6744765119030697,0.6744765119030697,1,1
weekly_state_validated,2670,2022-01-21,2022-02-07,-0.0242661876254222,2022,2021-12-31,learned_vol_interaction,20260910,0.6652743592454685,0.6652743592454685,1,0
weekly_state_validated,2675,2022-01-28,2022-02-14,-0.0127539031341488,2022,2021-12-31,learned_vol_interaction,20260910,0.6916788990216658,0.6916788990216658,1,0
weekly_state_validated,2680,2022-02-11,2022-02-21,0.0145498774954033,2022,2021-12-31,learned_vol_interaction,20260910,0.6656475068815167,0.6656475068815167,1,1
weekly_state_validated,2685,2022-02-18,2022-02-28,-0.0177161244498015,2022,2021-12-31,learned_vol_interaction,20260910,0.7192657526415306,0.7192657526415306,1,0
weekly_state_validated,2690,2022-02-25,2022-03-07,-0.0221791776043331,2022,2021-12-31,learned_vol_interaction,20260910,0.665128795190077,0.665128795190077,1,0
weekly_state_validated,2695,2022-03-04,2022-03-14,-0.0480378799422749,2022,2021-12-31,learned_vol_interaction,20260910,0.6570221213989423,0.6570221213989423,1,0
weekly_state_validated,2700,2022-03-11,2022-03-21,0.007530336734814,2022,2021-12-31,learned_vol_interaction,20260910,0.7032750021899432,0.7032750021899432,1,1
weekly_state_validated,2705,2022-03-18,2022-03-28,-0.0353493110038457,2022,2021-12-31,learned_vol_interaction,20260910,0.6524086529307518,0.6524086529307518,1,0
weekly_state_validated,2710,2022-03-25,2022-04-06,0.0314834190717003,2022,2021-12-31,learned_vol_interaction,20260910,0.6942468524177501,0.6942468524177501,1,1
weekly_state_ungated,2660,2022-01-07,2022-01-17,-0.0173453887283024,2022,2021-12-31,learned_vol_interaction,20260910,0.5831076461801695,0.5831076461801695,1,0
weekly_state_ungated,2665,2022-01-14,2022-01-24,0.0053248631776616,2022,2021-12-31,learned_vol_interaction,20260910,0.6744765119030697,0.6744765119030697,1,1
weekly_state_ungated,2670,2022-01-21,2022-02-07,-0.0242661876254222,2022,2021-12-31,learned_vol_interaction,20260910,0.6652743592454685,0.6652743592454685,1,0
weekly_state_ungated,2675,2022-01-28,2022-02-14,-0.0127539031341488,2022,2021-12-31,learned_vol_interaction,20260910,0.6916788990216658,0.6916788990216658,1,0
weekly_state_ungated,2680,2022-02-11,2022-02-21,0.0145498774954033,2022,2021-12-31,learned_vol_interaction,20260910,0.6656475068815167,0.6656475068815167,1,1
weekly_state_ungated,2685,2022-02-18,2022-02-28,-0.0177161244498015,2022,2021-12-31,learned_vol_interaction,20260910,0.7192657526415306,0.7192657526415306,1,0
weekly_state_ungated,2690,2022-02-25,2022-03-07,-0.0221791776043331,2022,2021-12-31,learned_vol_interaction,20260910,0.665128795190077,0.665128795190077,1,0
weekly_state_ungated,2695,2022-03-04,2022-03-14,-0.0480378799422749,2022,2021-12-31,learned_vol_interaction,20260910,0.6570221213989423,0.6570221213989423,1,0
weekly_state_ungated,2700,2022-03-11,2022-03-21,0.007530336734814,2022,2021-12-31,learned_vol_interaction,20260910,0.7032750021899432,0.7032750021899432,1,1
weekly_state_ungated,2705,2022-03-18,2022-03-28,-0.0353493110038457,2022,2021-12-31,learned_vol_interaction,20260910,0.6524086529307518,0.6524086529307518,1,0
weekly_state_ungated,2710,2022-03-25,2022-04-06,0.0314834190717003,2022,2021-12-31,learned_vol_interaction,20260910,0.6942468524177501,0.6942468524177501,1,1
weekly_global_validated,2660,2022-01-07,2022-01-17,-0.0173453887283024,2022,2021-12-31,learned_vol_interaction,20260910,0.5831076461801695,0.5831076461801695,1,0
weekly_global_validated,2665,2022-01-14,2022-01-24,0.0053248631776616,2022,2021-12-31,learned_vol_interaction,20260910,0.6744765119030697,0.6744765119030697,1,1
weekly_global_validated,2670,2022-01-21,2022-02-07,-0.0242661876254222,2022,2021-12-31,learned_vol_interaction,20260910,0.6652743592454685,0.6652743592454685,1,0
weekly_global_validated,2675,2022-01-28,2022-02-14,-0.0127539031341488,2022,2021-12-31,learned_vol_interaction,20260910,0.6916788990216658,0.6916788990216658,1,0
weekly_global_validated,2680,2022-02-11,2022-02-21,0.0145498774954033,2022,2021-12-31,learned_vol_interaction,20260910,0.6656475068815167,0.6656475068815167,1,1
weekly_global_validated,2685,2022-02-18,2022-02-28,-0.0177161244498015,2022,2021-12-31,learned_vol_interaction,20260910,0.7192657526415306,0.7192657526415306,1,0
weekly_global_validated,2690,2022-02-25,2022-03-07,-0.0221791776043331,2022,2021-12-31,learned_vol_interaction,20260910,0.665128795190077,0.665128795190077,1,0
weekly_global_validated,2695,2022-03-04,2022-03-14,-0.0480378799422749,2022,2021-12-31,learned_vol_interaction,20260910,0.6570221213989423,0.6570221213989423,1,0
weekly_global_validated,2700,2022-03-11,2022-03-21,0.007530336734814,2022,2021-12-31,learned_vol_interaction,20260910,0.7032750021899432,0.7032750021899432,1,1
weekly_global_validated,2705,2022-03-18,2022-03-28,-0.0353493110038457,2022,2021-12-31,learned_vol_interaction,20260910,0.6524086529307518,0.6524086529307518,1,0
weekly_global_validated,2710,2022-03-25,2022-04-06,0.0314834190717003,2022,2021-12-31,learned_vol_interaction,20260910,0.6942468524177501,0.6942468524177501,1,1
weekly_global_ungated,2660,2022-01-07,2022-01-17,-0.0173453887283024,2022,2021-12-31,learned_vol_interaction,20260910,0.5831076461801695,0.5831076461801695,1,0
weekly_global_ungated,2665,2022-01-14,2022-01-24,0.0053248631776616,2022,2021-12-31,learned_vol_interaction,20260910,0.6744765119030697,0.6744765119030697,1,1
weekly_global_ungated,2670,2022-01-21,2022-02-07,-0.0242661876254222,2022,2021-12-31,learned_vol_interaction,20260910,0.6652743592454685,0.6652743592454685,1,0
weekly_global_ungated,2675,2022-01-28,2022-02-14,-0.0127539031341488,2022,2021-12-31,learned_vol_interaction,20260910,0.6916788990216658,0.6916788990216658,1,0
weekly_global_ungated,2680,2022-02-11,2022-02-21,0.0145498774954033,2022,2021-12-31,learned_vol_interaction,20260910,0.6656475068815167,0.6656475068815167,1,1
weekly_global_ungated,2685,2022-02-18,2022-02-28,-0.0177161244498015,2022,2021-12-31,learned_vol_interaction,20260910,0.7192657526415306,0.7192657526415306,1,0
weekly_global_ungated,2690,2022-02-25,2022-03-07,-0.0221791776043331,2022,2021-12-31,learned_vol_interaction,20260910,0.665128795190077,0.665128795190077,1,0
weekly_global_ungated,2695,2022-03-04,2022-03-14,-0.0480378799422749,2022,2021-12-31,learned_vol_interaction,20260910,0.6570221213989423,0.6570221213989423,1,0
weekly_global_ungated,2700,2022-03-11,2022-03-21,0.007530336734814,2022,2021-12-31,learned_vol_interaction,20260910,0.7032750021899432,0.7032750021899432,1,1
weekly_global_ungated,2705,2022-03-18,2022-03-28,-0.0353493110038457,2022,2021-12-31,learned_vol_interaction,20260910,0.6524086529307518,0.6524086529307518,1,0
weekly_global_ungated,2710,2022-03-25,2022-04-06,0.0314834190717003,2022,2021-12-31,learned_vol_interaction,20260910,0.6942468524177501,0.6942468524177501,1,1
weekly_state_validated,2660,2022-01-07,2022-01-17,-0.0173453887283024,2022,2021-12-31,learned_vol_interaction,20260911,0.7282516722944598,0.7282516722944598,1,0
weekly_state_validated,2665,2022-01-14,2022-01-24,0.0053248631776616,2022,2021-12-31,learned_vol_interaction,20260911,0.8368717958263094,0.8368717958263094,1,1
weekly_state_validated,2670,2022-01-21,2022-02-07,-0.0242661876254222,2022,2021-12-31,learned_vol_interaction,20260911,0.669613908132946,0.669613908132946,1,0
weekly_state_validated,2675,2022-01-28,2022-02-14,-0.0127539031341488,2022,2021-12-31,learned_vol_interaction,20260911,0.49771804856397844,0.49771804856397844,0,0
weekly_state_validated,2680,2022-02-11,2022-02-21,0.0145498774954033,2022,2021-12-31,learned_vol_interaction,20260911,0.6694625883349451,0.6694625883349451,1,1
weekly_state_validated,2685,2022-02-18,2022-02-28,-0.0177161244498015,2022,2021-12-31,learned_vol_interaction,20260911,0.5867879452577756,0.5867879452577756,1,0
weekly_state_validated,2690,2022-02-25,2022-03-07,-0.0221791776043331,2022,2021-12-31,learned_vol_interaction,20260911,0.6015705830845076,0.6015705830845076,1,0
weekly_state_validated,2695,2022-03-04,2022-03-14,-0.0480378799422749,2022,2021-12-31,learned_vol_interaction,20260911,0.6516108393132726,0.6516108393132726,1,0
weekly_state_validated,2700,2022-03-11,2022-03-21,0.007530336734814,2022,2021-12-31,learned_vol_interaction,20260911,0.6653311044961694,0.6653311044961694,1,1
weekly_state_validated,2705,2022-03-18,2022-03-28,-0.0353493110038457,2022,2021-12-31,learned_vol_interaction,20260911,0.567250973729041,0.567250973729041,1,0
weekly_state_validated,2710,2022-03-25,2022-04-06,0.0314834190717003,2022,2021-12-31,learned_vol_interaction,20260911,0.7397988804119464,0.7397988804119464,1,1
weekly_state_ungated,2660,2022-01-07,2022-01-17,-0.0173453887283024,2022,2021-12-31,learned_vol_interaction,20260911,0.7282516722944598,0.7282516722944598,1,0
weekly_state_ungated,2665,2022-01-14,2022-01-24,0.0053248631776616,2022,2021-12-31,learned_vol_interaction,20260911,0.8368717958263094,0.8368717958263094,1,1
weekly_state_ungated,2670,2022-01-21,2022-02-07,-0.0242661876254222,2022,2021-12-31,learned_vol_interaction,20260911,0.669613908132946,0.669613908132946,1,0
weekly_state_ungated,2675,2022-01-28,2022-02-14,-0.0127539031341488,2022,2021-12-31,learned_vol_interaction,20260911,0.49771804856397844,0.49771804856397844,0,0
weekly_state_ungated,2680,2022-02-11,2022-02-21,0.0145498774954033,2022,2021-12-31,learned_vol_interaction,20260911,0.6694625883349451,0.6694625883349451,1,1
weekly_state_ungated,2685,2022-02-18,2022-02-28,-0.0177161244498015,2022,2021-12-31,learned_vol_interaction,20260911,0.5867879452577756,0.5867879452577756,1,0
weekly_state_ungated,2690,2022-02-25,2022-03-07,-0.0221791776043331,2022,2021-12-31,learned_vol_interaction,20260911,0.6015705830845076,0.6015705830845076,1,0
weekly_state_ungated,2695,2022-03-04,2022-03-14,-0.0480378799422749,2022,2021-12-31,learned_vol_interaction,20260911,0.6516108393132726,0.6516108393132726,1,0
weekly_state_ungated,2700,2022-03-11,2022-03-21,0.007530336734814,2022,2021-12-31,learned_vol_interaction,20260911,0.6653311044961694,0.6653311044961694,1,1
weekly_state_ungated,2705,2022-03-18,2022-03-28,-0.0353493110038457,2022,2021-12-31,learned_vol_interaction,20260911,0.567250973729041,0.567250973729041,1,0
weekly_state_ungated,2710,2022-03-25,2022-04-06,0.0314834190717003,2022,2021-12-31,learned_vol_interaction,20260911,0.7397988804119464,0.7397988804119464,1,1
weekly_global_validated,2660,2022-01-07,2022-01-17,-0.0173453887283024,2022,2021-12-31,learned_vol_interaction,20260911,0.7282516722944598,0.7282516722944598,1,0
weekly_global_validated,2665,2022-01-14,2022-01-24,0.0053248631776616,2022,2021-12-31,learned_vol_interaction,20260911,0.8368717958263094,0.8368717958263094,1,1
weekly_global_validated,2670,2022-01-21,2022-02-07,-0.0242661876254222,2022,2021-12-31,learned_vol_interaction,20260911,0.669613908132946,0.669613908132946,1,0
weekly_global_validated,2675,2022-01-28,2022-02-14,-0.0127539031341488,2022,2021-12-31,learned_vol_interaction,20260911,0.49771804856397844,0.49771804856397844,0,0
weekly_global_validated,2680,2022-02-11,2022-02-21,0.0145498774954033,2022,2021-12-31,learned_vol_interaction,20260911,0.6694625883349451,0.6694625883349451,1,1
weekly_global_validated,2685,2022-02-18,2022-02-28,-0.0177161244498015,2022,2021-12-31,learned_vol_interaction,20260911,0.5867879452577756,0.5867879452577756,1,0
weekly_global_validated,2690,2022-02-25,2022-03-07,-0.0221791776043331,2022,2021-12-31,learned_vol_interaction,20260911,0.6015705830845076,0.6015705830845076,1,0
weekly_global_validated,2695,2022-03-04,2022-03-14,-0.0480378799422749,2022,2021-12-31,learned_vol_interaction,20260911,0.6516108393132726,0.6516108393132726,1,0
weekly_global_validated,2700,2022-03-11,2022-03-21,0.007530336734814,2022,2021-12-31,learned_vol_interaction,20260911,0.6653311044961694,0.6653311044961694,1,1
weekly_global_validated,2705,2022-03-18,2022-03-28,-0.0353493110038457,2022,2021-12-31,learned_vol_interaction,20260911,0.567250973729041,0.567250973729041,1,0
weekly_global_validated,2710,2022-03-25,2022-04-06,0.0314834190717003,2022,2021-12-31,learned_vol_interaction,20260911,0.7397988804119464,0.7397988804119464,1,1
weekly_global_ungated,2660,2022-01-07,2022-01-17,-0.0173453887283024,2022,2021-12-31,learned_vol_interaction,20260911,0.7282516722944598,0.7282516722944598,1,0
weekly_global_ungated,2665,2022-01-14,2022-01-24,0.0053248631776616,2022,2021-12-31,learned_vol_interaction,20260911,0.8368717958263094,0.8368717958263094,1,1
weekly_global_ungated,2670,2022-01-21,2022-02-07,-0.0242661876254222,2022,2021-12-31,learned_vol_interaction,20260911,0.669613908132946,0.669613908132946,1,0
weekly_global_ungated,2675,2022-01-28,2022-02-14,-0.0127539031341488,2022,2021-12-31,learned_vol_interaction,20260911,0.49771804856397844,0.49771804856397844,0,0
weekly_global_ungated,2680,2022-02-11,2022-02-21,0.0145498774954033,2022,2021-12-31,learned_vol_interaction,20260911,0.6694625883349451,0.6694625883349451,1,1
weekly_global_ungated,2685,2022-02-18,2022-02-28,-0.0177161244498015,2022,2021-12-31,learned_vol_interaction,20260911,0.5867879452577756,0.5867879452577756,1,0
weekly_global_ungated,2690,2022-02-25,2022-03-07,-0.0221791776043331,2022,2021-12-31,learned_vol_interaction,20260911,0.6015705830845076,0.6015705830845076,1,0
weekly_global_ungated,2695,2022-03-04,2022-03-14,-0.0480378799422749,2022,2021-12-31,learned_vol_interaction,20260911,0.6516108393132726,0.6516108393132726,1,0
weekly_global_ungated,2700,2022-03-11,2022-03-21,0.007530336734814,2022,2021-12-31,learned_vol_interaction,20260911,0.6653311044961694,0.6653311044961694,1,1
weekly_global_ungated,2705,2022-03-18,2022-03-28,-0.0353493110038457,2022,2021-12-31,learned_vol_interaction,20260911,0.567250973729041,0.567250973729041,1,0
weekly_global_ungated,2710,2022-03-25,2022-04-06,0.0314834190717003,2022,2021-12-31,learned_vol_interaction,20260911,0.7397988804119464,0.7397988804119464,1,1
weekly_state_validated,2660,2022-01-07,2022-01-17,-0.0173453887283024,2022,2021-12-31,learned_vol_interaction,20260912,0.7072606777672634,0.7072606777672634,1,0
weekly_state_validated,2665,2022-01-14,2022-01-24,0.0053248631776616,2022,2021-12-31,learned_vol_interaction,20260912,0.5232340507750105,0.5232340507750105,1,1
weekly_state_validated,2670,2022-01-21,2022-02-07,-0.0242661876254222,2022,2021-12-31,learned_vol_interaction,20260912,0.723517227135196,0.723517227135196,1,0
weekly_state_validated,2675,2022-01-28,2022-02-14,-0.0127539031341488,2022,2021-12-31,learned_vol_interaction,20260912,0.5573504263949657,0.5573504263949657,1,0
weekly_state_validated,2680,2022-02-11,2022-02-21,0.0145498774954033,2022,2021-12-31,learned_vol_interaction,20260912,0.6206875889696911,0.6206875889696911,1,1
weekly_state_validated,2685,2022-02-18,2022-02-28,-0.0177161244498015,2022,2021-12-31,learned_vol_interaction,20260912,0.7137718136904925,0.7137718136904925,1,0
weekly_state_validated,2690,2022-02-25,2022-03-07,-0.0221791776043331,2022,2021-12-31,learned_vol_interaction,20260912,0.6900080859244496,0.6900080859244496,1,0
weekly_state_validated,2695,2022-03-04,2022-03-14,-0.0480378799422749,2022,2021-12-31,learned_vol_interaction,20260912,0.7251850433232085,0.7251850433232085,1,0
weekly_state_validated,2700,2022-03-11,2022-03-21,0.007530336734814,2022,2021-12-31,learned_vol_interaction,20260912,0.6323197465308961,0.6323197465308961,1,1
weekly_state_validated,2705,2022-03-18,2022-03-28,-0.0353493110038457,2022,2021-12-31,learned_vol_interaction,20260912,0.5933343778810724,0.5933343778810724,1,0
weekly_state_validated,2710,2022-03-25,2022-04-06,0.0314834190717003,2022,2021-12-31,learned_vol_interaction,20260912,0.5562710543563346,0.5562710543563346,1,1
weekly_state_ungated,2660,2022-01-07,2022-01-17,-0.0173453887283024,2022,2021-12-31,learned_vol_interaction,20260912,0.7072606777672634,0.7072606777672634,1,0
weekly_state_ungated,2665,2022-01-14,2022-01-24,0.0053248631776616,2022,2021-12-31,learned_vol_interaction,20260912,0.5232340507750105,0.5232340507750105,1,1
weekly_state_ungated,2670,2022-01-21,2022-02-07,-0.0242661876254222,2022,2021-12-31,learned_vol_interaction,20260912,0.723517227135196,0.723517227135196,1,0
weekly_state_ungated,2675,2022-01-28,2022-02-14,-0.0127539031341488,2022,2021-12-31,learned_vol_interaction,20260912,0.5573504263949657,0.5573504263949657,1,0
weekly_state_ungated,2680,2022-02-11,2022-02-21,0.0145498774954033,2022,2021-12-31,learned_vol_interaction,20260912,0.6206875889696911,0.6206875889696911,1,1
weekly_state_ungated,2685,2022-02-18,2022-02-28,-0.0177161244498015,2022,2021-12-31,learned_vol_interaction,20260912,0.7137718136904925,0.7137718136904925,1,0
weekly_state_ungated,2690,2022-02-25,2022-03-07,-0.0221791776043331,2022,2021-12-31,learned_vol_interaction,20260912,0.6900080859244496,0.6900080859244496,1,0
weekly_state_ungated,2695,2022-03-04,2022-03-14,-0.0480378799422749,2022,2021-12-31,learned_vol_interaction,20260912,0.7251850433232085,0.7251850433232085,1,0
weekly_state_ungated,2700,2022-03-11,2022-03-21,0.007530336734814,2022,2021-12-31,learned_vol_interaction,20260912,0.6323197465308961,0.6323197465308961,1,1
weekly_state_ungated,2705,2022-03-18,2022-03-28,-0.0353493110038457,2022,2021-12-31,learned_vol_interaction,20260912,0.5933343778810724,0.5933343778810724,1,0
weekly_state_ungated,2710,2022-03-25,2022-04-06,0.0314834190717003,2022,2021-12-31,learned_vol_interaction,20260912,0.5562710543563346,0.5562710543563346,1,1
weekly_global_validated,2660,2022-01-07,2022-01-17,-0.0173453887283024,2022,2021-12-31,learned_vol_interaction,20260912,0.7072606777672634,0.7072606777672634,1,0
weekly_global_validated,2665,2022-01-14,2022-01-24,0.0053248631776616,2022,2021-12-31,learned_vol_interaction,20260912,0.5232340507750105,0.5232340507750105,1,1
weekly_global_validated,2670,2022-01-21,2022-02-07,-0.0242661876254222,2022,2021-12-31,learned_vol_interaction,20260912,0.723517227135196,0.723517227135196,1,0
weekly_global_validated,2675,2022-01-28,2022-02-14,-0.0127539031341488,2022,2021-12-31,learned_vol_interaction,20260912,0.5573504263949657,0.5573504263949657,1,0
weekly_global_validated,2680,2022-02-11,2022-02-21,0.0145498774954033,2022,2021-12-31,learned_vol_interaction,20260912,0.6206875889696911,0.6206875889696911,1,1
weekly_global_validated,2685,2022-02-18,2022-02-28,-0.0177161244498015,2022,2021-12-31,learned_vol_interaction,20260912,0.7137718136904925,0.7137718136904925,1,0
weekly_global_validated,2690,2022-02-25,2022-03-07,-0.0221791776043331,2022,2021-12-31,learned_vol_interaction,20260912,0.6900080859244496,0.6900080859244496,1,0
weekly_global_validated,2695,2022-03-04,2022-03-14,-0.0480378799422749,2022,2021-12-31,learned_vol_interaction,20260912,0.7251850433232085,0.7251850433232085,1,0
weekly_global_validated,2700,2022-03-11,2022-03-21,0.007530336734814,2022,2021-12-31,learned_vol_interaction,20260912,0.6323197465308961,0.6323197465308961,1,1
weekly_global_validated,2705,2022-03-18,2022-03-28,-0.0353493110038457,2022,2021-12-31,learned_vol_interaction,20260912,0.5933343778810724,0.5933343778810724,1,0
weekly_global_validated,2710,2022-03-25,2022-04-06,0.0314834190717003,2022,2021-12-31,learned_vol_interaction,20260912,0.5562710543563346,0.5562710543563346,1,1
weekly_global_ungated,2660,2022-01-07,2022-01-17,-0.0173453887283024,2022,2021-12-31,learned_vol_interaction,20260912,0.7072606777672634,0.7072606777672634,1,0
weekly_global_ungated,2665,2022-01-14,2022-01-24,0.0053248631776616,2022,2021-12-31,learned_vol_interaction,20260912,0.5232340507750105,0.5232340507750105,1,1
weekly_global_ungated,2670,2022-01-21,2022-02-07,-0.0242661876254222,2022,2021-12-31,learned_vol_interaction,20260912,0.723517227135196,0.723517227135196,1,0
weekly_global_ungated,2675,2022-01-28,2022-02-14,-0.0127539031341488,2022,2021-12-31,learned_vol_interaction,20260912,0.5573504263949657,0.5573504263949657,1,0
weekly_global_ungated,2680,2022-02-11,2022-02-21,0.0145498774954033,2022,2021-12-31,learned_vol_interaction,20260912,0.6206875889696911,0.6206875889696911,1,1
weekly_global_ungated,2685,2022-02-18,2022-02-28,-0.0177161244498015,2022,2021-12-31,learned_vol_interaction,20260912,0.7137718136904925,0.7137718136904925,1,0
weekly_global_ungated,2690,2022-02-25,2022-03-07,-0.0221791776043331,2022,2021-12-31,learned_vol_interaction,20260912,0.6900080859244496,0.6900080859244496,1,0
weekly_global_ungated,2695,2022-03-04,2022-03-14,-0.0480378799422749,2022,2021-12-31,learned_vol_interaction,20260912,0.7251850433232085,0.7251850433232085,1,0
weekly_global_ungated,2700,2022-03-11,2022-03-21,0.007530336734814,2022,2021-12-31,learned_vol_interaction,20260912,0.6323197465308961,0.6323197465308961,1,1
weekly_global_ungated,2705,2022-03-18,2022-03-28,-0.0353493110038457,2022,2021-12-31,learned_vol_interaction,20260912,0.5933343778810724,0.5933343778810724,1,0
weekly_global_ungated,2710,2022-03-25,2022-04-06,0.0314834190717003,2022,2021-12-31,learned_vol_interaction,20260912,0.5562710543563346,0.5562710543563346,1,1
weekly_state_validated,2660,2022-01-07,2022-01-17,-0.0173453887283024,2022,2021-12-31,learned_order_extension,20260910,0.566864392886939,0.566864392886939,1,0
weekly_state_validated,2665,2022-01-14,2022-01-24,0.0053248631776616,2022,2021-12-31,learned_order_extension,20260910,0.6690763940918765,0.6690763940918765,1,1
weekly_state_validated,2670,2022-01-21,2022-02-07,-0.0242661876254222,2022,2021-12-31,learned_order_extension,20260910,0.6566842946116621,0.6566842946116621,1,0
weekly_state_validated,2675,2022-01-28,2022-02-14,-0.0127539031341488,2022,2021-12-31,learned_order_extension,20260910,0.668769824144909,0.668769824144909,1,0
weekly_state_validated,2680,2022-02-11,2022-02-21,0.0145498774954033,2022,2021-12-31,learned_order_extension,20260910,0.6554002636047295,0.6554002636047295,1,1
weekly_state_validated,2685,2022-02-18,2022-02-28,-0.0177161244498015,2022,2021-12-31,learned_order_extension,20260910,0.7136098531605942,0.7136098531605942,1,0
weekly_state_validated,2690,2022-02-25,2022-03-07,-0.0221791776043331,2022,2021-12-31,learned_order_extension,20260910,0.6487731912125562,0.6487731912125562,1,0
weekly_state_validated,2695,2022-03-04,2022-03-14,-0.0480378799422749,2022,2021-12-31,learned_order_extension,20260910,0.6318792296674466,0.6318792296674466,1,0
weekly_state_validated,2700,2022-03-11,2022-03-21,0.007530336734814,2022,2021-12-31,learned_order_extension,20260910,0.6914869969738268,0.6914869969738268,1,1
weekly_state_validated,2705,2022-03-18,2022-03-28,-0.0353493110038457,2022,2021-12-31,learned_order_extension,20260910,0.6587542387705517,0.6587542387705517,1,0
weekly_state_validated,2710,2022-03-25,2022-04-06,0.0314834190717003,2022,2021-12-31,learned_order_extension,20260910,0.6972076913228429,0.6972076913228429,1,1
weekly_state_ungated,2660,2022-01-07,2022-01-17,-0.0173453887283024,2022,2021-12-31,learned_order_extension,20260910,0.566864392886939,0.566864392886939,1,0
weekly_state_ungated,2665,2022-01-14,2022-01-24,0.0053248631776616,2022,2021-12-31,learned_order_extension,20260910,0.6690763940918765,0.6690763940918765,1,1
weekly_state_ungated,2670,2022-01-21,2022-02-07,-0.0242661876254222,2022,2021-12-31,learned_order_extension,20260910,0.6566842946116621,0.6566842946116621,1,0
weekly_state_ungated,2675,2022-01-28,2022-02-14,-0.0127539031341488,2022,2021-12-31,learned_order_extension,20260910,0.668769824144909,0.668769824144909,1,0
weekly_state_ungated,2680,2022-02-11,2022-02-21,0.0145498774954033,2022,2021-12-31,learned_order_extension,20260910,0.6554002636047295,0.6554002636047295,1,1
weekly_state_ungated,2685,2022-02-18,2022-02-28,-0.0177161244498015,2022,2021-12-31,learned_order_extension,20260910,0.7136098531605942,0.7136098531605942,1,0
weekly_state_ungated,2690,2022-02-25,2022-03-07,-0.0221791776043331,2022,2021-12-31,learned_order_extension,20260910,0.6487731912125562,0.6487731912125562,1,0
weekly_state_ungated,2695,2022-03-04,2022-03-14,-0.0480378799422749,2022,2021-12-31,learned_order_extension,20260910,0.6318792296674466,0.6318792296674466,1,0
weekly_state_ungated,2700,2022-03-11,2022-03-21,0.007530336734814,2022,2021-12-31,learned_order_extension,20260910,0.6914869969738268,0.6914869969738268,1,1
weekly_state_ungated,2705,2022-03-18,2022-03-28,-0.0353493110038457,2022,2021-12-31,learned_order_extension,20260910,0.6587542387705517,0.6587542387705517,1,0
weekly_state_ungated,2710,2022-03-25,2022-04-06,0.0314834190717003,2022,2021-12-31,learned_order_extension,20260910,0.6972076913228429,0.6972076913228429,1,1
weekly_global_validated,2660,2022-01-07,2022-01-17,-0.0173453887283024,2022,2021-12-31,learned_order_extension,20260910,0.566864392886939,0.566864392886939,1,0
weekly_global_validated,2665,2022-01-14,2022-01-24,0.0053248631776616,2022,2021-12-31,learned_order_extension,20260910,0.6690763940918765,0.6690763940918765,1,1
weekly_global_validated,2670,2022-01-21,2022-02-07,-0.0242661876254222,2022,2021-12-31,learned_order_extension,20260910,0.6566842946116621,0.6566842946116621,1,0
weekly_global_validated,2675,2022-01-28,2022-02-14,-0.0127539031341488,2022,2021-12-31,learned_order_extension,20260910,0.668769824144909,0.668769824144909,1,0
weekly_global_validated,2680,2022-02-11,2022-02-21,0.0145498774954033,2022,2021-12-31,learned_order_extension,20260910,0.6554002636047295,0.6554002636047295,1,1
weekly_global_validated,2685,2022-02-18,2022-02-28,-0.0177161244498015,2022,2021-12-31,learned_order_extension,20260910,0.7136098531605942,0.7136098531605942,1,0
weekly_global_validated,2690,2022-02-25,2022-03-07,-0.0221791776043331,2022,2021-12-31,learned_order_extension,20260910,0.6487731912125562,0.6487731912125562,1,0
weekly_global_validated,2695,2022-03-04,2022-03-14,-0.0480378799422749,2022,2021-12-31,learned_order_extension,20260910,0.6318792296674466,0.6318792296674466,1,0
weekly_global_validated,2700,2022-03-11,2022-03-21,0.007530336734814,2022,2021-12-31,learned_order_extension,20260910,0.6914869969738268,0.6914869969738268,1,1
weekly_global_validated,2705,2022-03-18,2022-03-28,-0.0353493110038457,2022,2021-12-31,learned_order_extension,20260910,0.6587542387705517,0.6587542387705517,1,0
weekly_global_validated,2710,2022-03-25,2022-04-06,0.0314834190717003,2022,2021-12-31,learned_order_extension,20260910,0.6972076913228429,0.6972076913228429,1,1
weekly_global_ungated,2660,2022-01-07,2022-01-17,-0.0173453887283024,2022,2021-12-31,learned_order_extension,20260910,0.566864392886939,0.566864392886939,1,0
weekly_global_ungated,2665,2022-01-14,2022-01-24,0.0053248631776616,2022,2021-12-31,learned_order_extension,20260910,0.6690763940918765,0.6690763940918765,1,1
weekly_global_ungated,2670,2022-01-21,2022-02-07,-0.0242661876254222,2022,2021-12-31,learned_order_extension,20260910,0.6566842946116621,0.6566842946116621,1,0
weekly_global_ungated,2675,2022-01-28,2022-02-14,-0.0127539031341488,2022,2021-12-31,learned_order_extension,20260910,0.668769824144909,0.668769824144909,1,0
weekly_global_ungated,2680,2022-02-11,2022-02-21,0.0145498774954033,2022,2021-12-31,learned_order_extension,20260910,0.6554002636047295,0.6554002636047295,1,1
weekly_global_ungated,2685,2022-02-18,2022-02-28,-0.0177161244498015,2022,2021-12-31,learned_order_extension,20260910,0.7136098531605942,0.7136098531605942,1,0
weekly_global_ungated,2690,2022-02-25,2022-03-07,-0.0221791776043331,2022,2021-12-31,learned_order_extension,20260910,0.6487731912125562,0.6487731912125562,1,0
weekly_global_ungated,2695,2022-03-04,2022-03-14,-0.0480378799422749,2022,2021-12-31,learned_order_extension,20260910,0.6318792296674466,0.6318792296674466,1,0
weekly_global_ungated,2700,2022-03-11,2022-03-21,0.007530336734814,2022,2021-12-31,learned_order_extension,20260910,0.6914869969738268,0.6914869969738268,1,1
weekly_global_ungated,2705,2022-03-18,2022-03-28,-0.0353493110038457,2022,2021-12-31,learned_order_extension,20260910,0.6587542387705517,0.6587542387705517,1,0
weekly_global_ungated,2710,2022-03-25,2022-04-06,0.0314834190717003,2022,2021-12-31,learned_order_extension,20260910,0.6972076913228429,0.6972076913228429,1,1
weekly_state_validated,2660,2022-01-07,2022-01-17,-0.0173453887283024,2022,2021-12-31,learned_order_extension,20260911,0.7315565762281606,0.7315565762281606,1,0
weekly_state_validated,2665,2022-01-14,2022-01-24,0.0053248631776616,2022,2021-12-31,learned_order_extension,20260911,0.8308708352808971,0.8308708352808971,1,1
weekly_state_validated,2670,2022-01-21,2022-02-07,-0.0242661876254222,2022,2021-12-31,learned_order_extension,20260911,0.6953405747399578,0.6953405747399578,1,0
weekly_state_validated,2675,2022-01-28,2022-02-14,-0.0127539031341488,2022,2021-12-31,learned_order_extension,20260911,0.47011278529334005,0.47011278529334005,0,0
weekly_state_validated,2680,2022-02-11,2022-02-21,0.0145498774954033,2022,2021-12-31,learned_order_extension,20260911,0.6818533435255958,0.6818533435255958,1,1
weekly_state_validated,2685,2022-02-18,2022-02-28,-0.0177161244498015,2022,2021-12-31,learned_order_extension,20260911,0.5955146443753425,0.5955146443753425,1,0
weekly_state_validated,2690,2022-02-25,2022-03-07,-0.0221791776043331,2022,2021-12-31,learned_order_extension,20260911,0.609831009331646,0.609831009331646,1,0
weekly_state_validated,2695,2022-03-04,2022-03-14,-0.0480378799422749,2022,2021-12-31,learned_order_extension,20260911,0.6608881864634962,0.6608881864634962,1,0
weekly_state_validated,2700,2022-03-11,2022-03-21,0.007530336734814,2022,2021-12-31,learned_order_extension,20260911,0.667203580437131,0.667203580437131,1,1
weekly_state_validated,2705,2022-03-18,2022-03-28,-0.0353493110038457,2022,2021-12-31,learned_order_extension,20260911,0.5665388063290007,0.5665388063290007,1,0
weekly_state_validated,2710,2022-03-25,2022-04-06,0.0314834190717003,2022,2021-12-31,learned_order_extension,20260911,0.7315317518580224,0.7315317518580224,1,1
weekly_state_ungated,2660,2022-01-07,2022-01-17,-0.0173453887283024,2022,2021-12-31,learned_order_extension,20260911,0.7315565762281606,0.7315565762281606,1,0
weekly_state_ungated,2665,2022-01-14,2022-01-24,0.0053248631776616,2022,2021-12-31,learned_order_extension,20260911,0.8308708352808971,0.8308708352808971,1,1
weekly_state_ungated,2670,2022-01-21,2022-02-07,-0.0242661876254222,2022,2021-12-31,learned_order_extension,20260911,0.6953405747399578,0.6953405747399578,1,0
weekly_state_ungated,2675,2022-01-28,2022-02-14,-0.0127539031341488,2022,2021-12-31,learned_order_extension,20260911,0.47011278529334005,0.47011278529334005,0,0
weekly_state_ungated,2680,2022-02-11,2022-02-21,0.0145498774954033,2022,2021-12-31,learned_order_extension,20260911,0.6818533435255958,0.6818533435255958,1,1
weekly_state_ungated,2685,2022-02-18,2022-02-28,-0.0177161244498015,2022,2021-12-31,learned_order_extension,20260911,0.5955146443753425,0.5955146443753425,1,0
weekly_state_ungated,2690,2022-02-25,2022-03-07,-0.0221791776043331,2022,2021-12-31,learned_order_extension,20260911,0.609831009331646,0.609831009331646,1,0
weekly_state_ungated,2695,2022-03-04,2022-03-14,-0.0480378799422749,2022,2021-12-31,learned_order_extension,20260911,0.6608881864634962,0.6608881864634962,1,0
weekly_state_ungated,2700,2022-03-11,2022-03-21,0.007530336734814,2022,2021-12-31,learned_order_extension,20260911,0.667203580437131,0.667203580437131,1,1
weekly_state_ungated,2705,2022-03-18,2022-03-28,-0.0353493110038457,2022,2021-12-31,learned_order_extension,20260911,0.5665388063290007,0.5665388063290007,1,0
weekly_state_ungated,2710,2022-03-25,2022-04-06,0.0314834190717003,2022,2021-12-31,learned_order_extension,20260911,0.7315317518580224,0.7315317518580224,1,1
weekly_global_validated,2660,2022-01-07,2022-01-17,-0.0173453887283024,2022,2021-12-31,learned_order_extension,20260911,0.7315565762281606,0.7315565762281606,1,0
weekly_global_validated,2665,2022-01-14,2022-01-24,0.0053248631776616,2022,2021-12-31,learned_order_extension,20260911,0.8308708352808971,0.8308708352808971,1,1
weekly_global_validated,2670,2022-01-21,2022-02-07,-0.0242661876254222,2022,2021-12-31,learned_order_extension,20260911,0.6953405747399578,0.6953405747399578,1,0
weekly_global_validated,2675,2022-01-28,2022-02-14,-0.0127539031341488,2022,2021-12-31,learned_order_extension,20260911,0.47011278529334005,0.47011278529334005,0,0
weekly_global_validated,2680,2022-02-11,2022-02-21,0.0145498774954033,2022,2021-12-31,learned_order_extension,20260911,0.6818533435255958,0.6818533435255958,1,1
weekly_global_validated,2685,2022-02-18,2022-02-28,-0.0177161244498015,2022,2021-12-31,learned_order_extension,20260911,0.5955146443753425,0.5955146443753425,1,0
weekly_global_validated,2690,2022-02-25,2022-03-07,-0.0221791776043331,2022,2021-12-31,learned_order_extension,20260911,0.609831009331646,0.609831009331646,1,0
weekly_global_validated,2695,2022-03-04,2022-03-14,-0.0480378799422749,2022,2021-12-31,learned_order_extension,20260911,0.6608881864634962,0.6608881864634962,1,0
weekly_global_validated,2700,2022-03-11,2022-03-21,0.007530336734814,2022,2021-12-31,learned_order_extension,20260911,0.667203580437131,0.667203580437131,1,1
weekly_global_validated,2705,2022-03-18,2022-03-28,-0.0353493110038457,2022,2021-12-31,learned_order_extension,20260911,0.5665388063290007,0.5665388063290007,1,0
weekly_global_validated,2710,2022-03-25,2022-04-06,0.0314834190717003,2022,2021-12-31,learned_order_extension,20260911,0.7315317518580224,0.7315317518580224,1,1
weekly_global_ungated,2660,2022-01-07,2022-01-17,-0.0173453887283024,2022,2021-12-31,learned_order_extension,20260911,0.7315565762281606,0.7315565762281606,1,0
weekly_global_ungated,2665,2022-01-14,2022-01-24,0.0053248631776616,2022,2021-12-31,learned_order_extension,20260911,0.8308708352808971,0.8308708352808971,1,1
weekly_global_ungated,2670,2022-01-21,2022-02-07,-0.0242661876254222,2022,2021-12-31,learned_order_extension,20260911,0.6953405747399578,0.6953405747399578,1,0
weekly_global_ungated,2675,2022-01-28,2022-02-14,-0.0127539031341488,2022,2021-12-31,learned_order_extension,20260911,0.47011278529334005,0.47011278529334005,0,0
weekly_global_ungated,2680,2022-02-11,2022-02-21,0.0145498774954033,2022,2021-12-31,learned_order_extension,20260911,0.6818533435255958,0.6818533435255958,1,1
weekly_global_ungated,2685,2022-02-18,2022-02-28,-0.0177161244498015,2022,2021-12-31,learned_order_extension,20260911,0.5955146443753425,0.5955146443753425,1,0
weekly_global_ungated,2690,2022-02-25,2022-03-07,-0.0221791776043331,2022,2021-12-31,learned_order_extension,20260911,0.609831009331646,0.609831009331646,1,0
weekly_global_ungated,2695,2022-03-04,2022-03-14,-0.0480378799422749,2022,2021-12-31,learned_order_extension,20260911,0.6608881864634962,0.6608881864634962,1,0
weekly_global_ungated,2700,2022-03-11,2022-03-21,0.007530336734814,2022,2021-12-31,learned_order_extension,20260911,0.667203580437131,0.667203580437131,1,1
weekly_global_ungated,2705,2022-03-18,2022-03-28,-0.0353493110038457,2022,2021-12-31,learned_order_extension,20260911,0.5665388063290007,0.5665388063290007,1,0
weekly_global_ungated,2710,2022-03-25,2022-04-06,0.0314834190717003,2022,2021-12-31,learned_order_extension,20260911,0.7315317518580224,0.7315317518580224,1,1
weekly_state_validated,2660,2022-01-07,2022-01-17,-0.0173453887283024,2022,2021-12-31,learned_order_extension,20260912,0.7021249449389755,0.7021249449389755,1,0
weekly_state_validated,2665,2022-01-14,2022-01-24,0.0053248631776616,2022,2021-12-31,learned_order_extension,20260912,0.519422850065438,0.519422850065438,1,1
weekly_state_validated,2670,2022-01-21,2022-02-07,-0.0242661876254222,2022,2021-12-31,learned_order_extension,20260912,0.7149761694840576,0.7149761694840576,1,0
weekly_state_validated,2675,2022-01-28,2022-02-14,-0.0127539031341488,2022,2021-12-31,learned_order_extension,20260912,0.5563462821352916,0.5563462821352916,1,0
weekly_state_validated,2680,2022-02-11,2022-02-21,0.0145498774954033,2022,2021-12-31,learned_order_extension,20260912,0.6112227291481532,0.6112227291481532,1,1
weekly_state_validated,2685,2022-02-18,2022-02-28,-0.0177161244498015,2022,2021-12-31,learned_order_extension,20260912,0.7082710857336353,0.7082710857336353,1,0
weekly_state_validated,2690,2022-02-25,2022-03-07,-0.0221791776043331,2022,2021-12-31,learned_order_extension,20260912,0.672646545498505,0.672646545498505,1,0
weekly_state_validated,2695,2022-03-04,2022-03-14,-0.0480378799422749,2022,2021-12-31,learned_order_extension,20260912,0.7063888110552541,0.7063888110552541,1,0
weekly_state_validated,2700,2022-03-11,2022-03-21,0.007530336734814,2022,2021-12-31,learned_order_extension,20260912,0.6284040084971629,0.6284040084971629,1,1
weekly_state_validated,2705,2022-03-18,2022-03-28,-0.0353493110038457,2022,2021-12-31,learned_order_extension,20260912,0.5929220651203073,0.5929220651203073,1,0
weekly_state_validated,2710,2022-03-25,2022-04-06,0.0314834190717003,2022,2021-12-31,learned_order_extension,20260912,0.560900893741765,0.560900893741765,1,1
weekly_state_ungated,2660,2022-01-07,2022-01-17,-0.0173453887283024,2022,2021-12-31,learned_order_extension,20260912,0.7021249449389755,0.7021249449389755,1,0
weekly_state_ungated,2665,2022-01-14,2022-01-24,0.0053248631776616,2022,2021-12-31,learned_order_extension,20260912,0.519422850065438,0.519422850065438,1,1
weekly_state_ungated,2670,2022-01-21,2022-02-07,-0.0242661876254222,2022,2021-12-31,learned_order_extension,20260912,0.7149761694840576,0.7149761694840576,1,0
weekly_state_ungated,2675,2022-01-28,2022-02-14,-0.0127539031341488,2022,2021-12-31,learned_order_extension,20260912,0.5563462821352916,0.5563462821352916,1,0
weekly_state_ungated,2680,2022-02-11,2022-02-21,0.0145498774954033,2022,2021-12-31,learned_order_extension,20260912,0.6112227291481532,0.6112227291481532,1,1
weekly_state_ungated,2685,2022-02-18,2022-02-28,-0.0177161244498015,2022,2021-12-31,learned_order_extension,20260912,0.7082710857336353,0.7082710857336353,1,0
weekly_state_ungated,2690,2022-02-25,2022-03-07,-0.0221791776043331,2022,2021-12-31,learned_order_extension,20260912,0.672646545498505,0.672646545498505,1,0
weekly_state_ungated,2695,2022-03-04,2022-03-14,-0.0480378799422749,2022,2021-12-31,learned_order_extension,20260912,0.7063888110552541,0.7063888110552541,1,0
weekly_state_ungated,2700,2022-03-11,2022-03-21,0.007530336734814,2022,2021-12-31,learned_order_extension,20260912,0.6284040084971629,0.6284040084971629,1,1
weekly_state_ungated,2705,2022-03-18,2022-03-28,-0.0353493110038457,2022,2021-12-31,learned_order_extension,20260912,0.5929220651203073,0.5929220651203073,1,0
weekly_state_ungated,2710,2022-03-25,2022-04-06,0.0314834190717003,2022,2021-12-31,learned_order_extension,20260912,0.560900893741765,0.560900893741765,1,1
weekly_global_validated,2660,2022-01-07,2022-01-17,-0.0173453887283024,2022,2021-12-31,learned_order_extension,20260912,0.7021249449389755,0.7021249449389755,1,0
weekly_global_validated,2665,2022-01-14,2022-01-24,0.0053248631776616,2022,2021-12-31,learned_order_extension,20260912,0.519422850065438,0.519422850065438,1,1
weekly_global_validated,2670,2022-01-21,2022-02-07,-0.0242661876254222,2022,2021-12-31,learned_order_extension,20260912,0.7149761694840576,0.7149761694840576,1,0
weekly_global_validated,2675,2022-01-28,2022-02-14,-0.0127539031341488,2022,2021-12-31,learned_order_extension,20260912,0.5563462821352916,0.5563462821352916,1,0
weekly_global_validated,2680,2022-02-11,2022-02-21,0.0145498774954033,2022,2021-12-31,learned_order_extension,20260912,0.6112227291481532,0.6112227291481532,1,1
weekly_global_validated,2685,2022-02-18,2022-02-28,-0.0177161244498015,2022,2021-12-31,learned_order_extension,20260912,0.7082710857336353,0.7082710857336353,1,0
weekly_global_validated,2690,2022-02-25,2022-03-07,-0.0221791776043331,2022,2021-12-31,learned_order_extension,20260912,0.672646545498505,0.672646545498505,1,0
weekly_global_validated,2695,2022-03-04,2022-03-14,-0.0480378799422749,2022,2021-12-31,learned_order_extension,20260912,0.7063888110552541,0.7063888110552541,1,0
weekly_global_validated,2700,2022-03-11,2022-03-21,0.007530336734814,2022,2021-12-31,learned_order_extension,20260912,0.6284040084971629,0.6284040084971629,1,1
weekly_global_validated,2705,2022-03-18,2022-03-28,-0.0353493110038457,2022,2021-12-31,learned_order_extension,20260912,0.5929220651203073,0.5929220651203073,1,0
weekly_global_validated,2710,2022-03-25,2022-04-06,0.0314834190717003,2022,2021-12-31,learned_order_extension,20260912,0.560900893741765,0.560900893741765,1,1
weekly_global_ungated,2660,2022-01-07,2022-01-17,-0.0173453887283024,2022,2021-12-31,learned_order_extension,20260912,0.7021249449389755,0.7021249449389755,1,0
weekly_global_ungated,2665,2022-01-14,2022-01-24,0.0053248631776616,2022,2021-12-31,learned_order_extension,20260912,0.519422850065438,0.519422850065438,1,1
weekly_global_ungated,2670,2022-01-21,2022-02-07,-0.0242661876254222,2022,2021-12-31,learned_order_extension,20260912,0.7149761694840576,0.7149761694840576,1,0
weekly_global_ungated,2675,2022-01-28,2022-02-14,-0.0127539031341488,2022,2021-12-31,learned_order_extension,20260912,0.5563462821352916,0.5563462821352916,1,0
weekly_global_ungated,2680,2022-02-11,2022-02-21,0.0145498774954033,2022,2021-12-31,learned_order_extension,20260912,0.6112227291481532,0.6112227291481532,1,1
weekly_global_ungated,2685,2022-02-18,2022-02-28,-0.0177161244498015,2022,2021-12-31,learned_order_extension,20260912,0.7082710857336353,0.7082710857336353,1,0
weekly_global_ungated,2690,2022-02-25,2022-03-07,-0.0221791776043331,2022,2021-12-31,learned_order_extension,20260912,0.672646545498505,0.672646545498505,1,0
weekly_global_ungated,2695,2022-03-04,2022-03-14,-0.0480378799422749,2022,2021-12-31,learned_order_extension,20260912,0.7063888110552541,0.7063888110552541,1,0
weekly_global_ungated,2700,2022-03-11,2022-03-21,0.007530336734814,2022,2021-12-31,learned_order_extension,20260912,0.6284040084971629,0.6284040084971629,1,1
weekly_global_ungated,2705,2022-03-18,2022-03-28,-0.0353493110038457,2022,2021-12-31,learned_order_extension,20260912,0.5929220651203073,0.5929220651203073,1,0
weekly_global_ungated,2710,2022-03-25,2022-04-06,0.0314834190717003,2022,2021-12-31,learned_order_extension,20260912,0.560900893741765,0.560900893741765,1,1
weekly_state_validated,2660,2022-01-07,2022-01-17,-0.0173453887283024,2022,2021-12-31,learned_order_offset,20260910,0.5666647543526758,0.5666647543526758,1,0
weekly_state_validated,2665,2022-01-14,2022-01-24,0.0053248631776616,2022,2021-12-31,learned_order_offset,20260910,0.6685371525240916,0.6685371525240916,1,1
weekly_state_validated,2670,2022-01-21,2022-02-07,-0.0242661876254222,2022,2021-12-31,learned_order_offset,20260910,0.6567323025522784,0.6567323025522784,1,0
weekly_state_validated,2675,2022-01-28,2022-02-14,-0.0127539031341488,2022,2021-12-31,learned_order_offset,20260910,0.6683313210695451,0.6683313210695451,1,0
weekly_state_validated,2680,2022-02-11,2022-02-21,0.0145498774954033,2022,2021-12-31,learned_order_offset,20260910,0.6551608348224088,0.6551608348224088,1,1
weekly_state_validated,2685,2022-02-18,2022-02-28,-0.0177161244498015,2022,2021-12-31,learned_order_offset,20260910,0.713244067556852,0.713244067556852,1,0
weekly_state_validated,2690,2022-02-25,2022-03-07,-0.0221791776043331,2022,2021-12-31,learned_order_offset,20260910,0.6484724441889236,0.6484724441889236,1,0
weekly_state_validated,2695,2022-03-04,2022-03-14,-0.0480378799422749,2022,2021-12-31,learned_order_offset,20260910,0.6314504954417829,0.6314504954417829,1,0
weekly_state_validated,2700,2022-03-11,2022-03-21,0.007530336734814,2022,2021-12-31,learned_order_offset,20260910,0.691194443082509,0.691194443082509,1,1
weekly_state_validated,2705,2022-03-18,2022-03-28,-0.0353493110038457,2022,2021-12-31,learned_order_offset,20260910,0.6583803934930407,0.6583803934930407,1,0
weekly_state_validated,2710,2022-03-25,2022-04-06,0.0314834190717003,2022,2021-12-31,learned_order_offset,20260910,0.696855601595334,0.696855601595334,1,1
weekly_state_ungated,2660,2022-01-07,2022-01-17,-0.0173453887283024,2022,2021-12-31,learned_order_offset,20260910,0.5666647543526758,0.5666647543526758,1,0
weekly_state_ungated,2665,2022-01-14,2022-01-24,0.0053248631776616,2022,2021-12-31,learned_order_offset,20260910,0.6685371525240916,0.6685371525240916,1,1
weekly_state_ungated,2670,2022-01-21,2022-02-07,-0.0242661876254222,2022,2021-12-31,learned_order_offset,20260910,0.6567323025522784,0.6567323025522784,1,0
weekly_state_ungated,2675,2022-01-28,2022-02-14,-0.0127539031341488,2022,2021-12-31,learned_order_offset,20260910,0.6683313210695451,0.6683313210695451,1,0
weekly_state_ungated,2680,2022-02-11,2022-02-21,0.0145498774954033,2022,2021-12-31,learned_order_offset,20260910,0.6551608348224088,0.6551608348224088,1,1
weekly_state_ungated,2685,2022-02-18,2022-02-28,-0.0177161244498015,2022,2021-12-31,learned_order_offset,20260910,0.713244067556852,0.713244067556852,1,0
weekly_state_ungated,2690,2022-02-25,2022-03-07,-0.0221791776043331,2022,2021-12-31,learned_order_offset,20260910,0.6484724441889236,0.6484724441889236,1,0
weekly_state_ungated,2695,2022-03-04,2022-03-14,-0.0480378799422749,2022,2021-12-31,learned_order_offset,20260910,0.6314504954417829,0.6314504954417829,1,0
weekly_state_ungated,2700,2022-03-11,2022-03-21,0.007530336734814,2022,2021-12-31,learned_order_offset,20260910,0.691194443082509,0.691194443082509,1,1
weekly_state_ungated,2705,2022-03-18,2022-03-28,-0.0353493110038457,2022,2021-12-31,learned_order_offset,20260910,0.6583803934930407,0.6583803934930407,1,0
weekly_state_ungated,2710,2022-03-25,2022-04-06,0.0314834190717003,2022,2021-12-31,learned_order_offset,20260910,0.696855601595334,0.696855601595334,1,1
weekly_global_validated,2660,2022-01-07,2022-01-17,-0.0173453887283024,2022,2021-12-31,learned_order_offset,20260910,0.5666647543526758,0.5666647543526758,1,0
weekly_global_validated,2665,2022-01-14,2022-01-24,0.0053248631776616,2022,2021-12-31,learned_order_offset,20260910,0.6685371525240916,0.6685371525240916,1,1
weekly_global_validated,2670,2022-01-21,2022-02-07,-0.0242661876254222,2022,2021-12-31,learned_order_offset,20260910,0.6567323025522784,0.6567323025522784,1,0
weekly_global_validated,2675,2022-01-28,2022-02-14,-0.0127539031341488,2022,2021-12-31,learned_order_offset,20260910,0.6683313210695451,0.6683313210695451,1,0
weekly_global_validated,2680,2022-02-11,2022-02-21,0.0145498774954033,2022,2021-12-31,learned_order_offset,20260910,0.6551608348224088,0.6551608348224088,1,1
weekly_global_validated,2685,2022-02-18,2022-02-28,-0.0177161244498015,2022,2021-12-31,learned_order_offset,20260910,0.713244067556852,0.713244067556852,1,0
weekly_global_validated,2690,2022-02-25,2022-03-07,-0.0221791776043331,2022,2021-12-31,learned_order_offset,20260910,0.6484724441889236,0.6484724441889236,1,0
weekly_global_validated,2695,2022-03-04,2022-03-14,-0.0480378799422749,2022,2021-12-31,learned_order_offset,20260910,0.6314504954417829,0.6314504954417829,1,0
weekly_global_validated,2700,2022-03-11,2022-03-21,0.007530336734814,2022,2021-12-31,learned_order_offset,20260910,0.691194443082509,0.691194443082509,1,1
weekly_global_validated,2705,2022-03-18,2022-03-28,-0.0353493110038457,2022,2021-12-31,learned_order_offset,20260910,0.6583803934930407,0.6583803934930407,1,0
weekly_global_validated,2710,2022-03-25,2022-04-06,0.0314834190717003,2022,2021-12-31,learned_order_offset,20260910,0.696855601595334,0.696855601595334,1,1
weekly_global_ungated,2660,2022-01-07,2022-01-17,-0.0173453887283024,2022,2021-12-31,learned_order_offset,20260910,0.5666647543526758,0.5666647543526758,1,0
weekly_global_ungated,2665,2022-01-14,2022-01-24,0.0053248631776616,2022,2021-12-31,learned_order_offset,20260910,0.6685371525240916,0.6685371525240916,1,1
weekly_global_ungated,2670,2022-01-21,2022-02-07,-0.0242661876254222,2022,2021-12-31,learned_order_offset,20260910,0.6567323025522784,0.6567323025522784,1,0
weekly_global_ungated,2675,2022-01-28,2022-02-14,-0.0127539031341488,2022,2021-12-31,learned_order_offset,20260910,0.6683313210695451,0.6683313210695451,1,0
weekly_global_ungated,2680,2022-02-11,2022-02-21,0.0145498774954033,2022,2021-12-31,learned_order_offset,20260910,0.6551608348224088,0.6551608348224088,1,1
weekly_global_ungated,2685,2022-02-18,2022-02-28,-0.0177161244498015,2022,2021-12-31,learned_order_offset,20260910,0.713244067556852,0.713244067556852,1,0
weekly_global_ungated,2690,2022-02-25,2022-03-07,-0.0221791776043331,2022,2021-12-31,learned_order_offset,20260910,0.6484724441889236,0.6484724441889236,1,0
weekly_global_ungated,2695,2022-03-04,2022-03-14,-0.0480378799422749,2022,2021-12-31,learned_order_offset,20260910,0.6314504954417829,0.6314504954417829,1,0
weekly_global_ungated,2700,2022-03-11,2022-03-21,0.007530336734814,2022,2021-12-31,learned_order_offset,20260910,0.691194443082509,0.691194443082509,1,1
weekly_global_ungated,2705,2022-03-18,2022-03-28,-0.0353493110038457,2022,2021-12-31,learned_order_offset,20260910,0.6583803934930407,0.6583803934930407,1,0
weekly_global_ungated,2710,2022-03-25,2022-04-06,0.0314834190717003,2022,2021-12-31,learned_order_offset,20260910,0.696855601595334,0.696855601595334,1,1
weekly_state_validated,2660,2022-01-07,2022-01-17,-0.0173453887283024,2022,2021-12-31,learned_order_offset,20260911,0.7303915631000331,0.7303915631000331,1,0
weekly_state_validated,2665,2022-01-14,2022-01-24,0.0053248631776616,2022,2021-12-31,learned_order_offset,20260911,0.8287429062191539,0.8287429062191539,1,1
weekly_state_validated,2670,2022-01-21,2022-02-07,-0.0242661876254222,2022,2021-12-31,learned_order_offset,20260911,0.6946014374965778,0.6946014374965778,1,0
weekly_state_validated,2675,2022-01-28,2022-02-14,-0.0127539031341488,2022,2021-12-31,learned_order_offset,20260911,0.47036190476294487,0.47036190476294487,0,0
weekly_state_validated,2680,2022-02-11,2022-02-21,0.0145498774954033,2022,2021-12-31,learned_order_offset,20260911,0.6802368405234962,0.6802368405234962,1,1
weekly_state_validated,2685,2022-02-18,2022-02-28,-0.0177161244498015,2022,2021-12-31,learned_order_offset,20260911,0.596796587857382,0.596796587857382,1,0
weekly_state_validated,2690,2022-02-25,2022-03-07,-0.0221791776043331,2022,2021-12-31,learned_order_offset,20260911,0.6102898323949857,0.6102898323949857,1,0
weekly_state_validated,2695,2022-03-04,2022-03-14,-0.0480378799422749,2022,2021-12-31,learned_order_offset,20260911,0.6602950267381666,0.6602950267381666,1,0
weekly_state_validated,2700,2022-03-11,2022-03-21,0.007530336734814,2022,2021-12-31,learned_order_offset,20260911,0.6664417620027226,0.6664417620027226,1,1
weekly_state_validated,2705,2022-03-18,2022-03-28,-0.0353493110038457,2022,2021-12-31,learned_order_offset,20260911,0.5665934515797131,0.5665934515797131,1,0
weekly_state_validated,2710,2022-03-25,2022-04-06,0.0314834190717003,2022,2021-12-31,learned_order_offset,20260911,0.7312694881776368,0.7312694881776368,1,1
weekly_state_ungated,2660,2022-01-07,2022-01-17,-0.0173453887283024,2022,2021-12-31,learned_order_offset,20260911,0.7303915631000331,0.7303915631000331,1,0
weekly_state_ungated,2665,2022-01-14,2022-01-24,0.0053248631776616,2022,2021-12-31,learned_order_offset,20260911,0.8287429062191539,0.8287429062191539,1,1
weekly_state_ungated,2670,2022-01-21,2022-02-07,-0.0242661876254222,2022,2021-12-31,learned_order_offset,20260911,0.6946014374965778,0.6946014374965778,1,0
weekly_state_ungated,2675,2022-01-28,2022-02-14,-0.0127539031341488,2022,2021-12-31,learned_order_offset,20260911,0.47036190476294487,0.47036190476294487,0,0
weekly_state_ungated,2680,2022-02-11,2022-02-21,0.0145498774954033,2022,2021-12-31,learned_order_offset,20260911,0.6802368405234962,0.6802368405234962,1,1
weekly_state_ungated,2685,2022-02-18,2022-02-28,-0.0177161244498015,2022,2021-12-31,learned_order_offset,20260911,0.596796587857382,0.596796587857382,1,0
weekly_state_ungated,2690,2022-02-25,2022-03-07,-0.0221791776043331,2022,2021-12-31,learned_order_offset,20260911,0.6102898323949857,0.6102898323949857,1,0
weekly_state_ungated,2695,2022-03-04,2022-03-14,-0.0480378799422749,2022,2021-12-31,learned_order_offset,20260911,0.6602950267381666,0.6602950267381666,1,0
weekly_state_ungated,2700,2022-03-11,2022-03-21,0.007530336734814,2022,2021-12-31,learned_order_offset,20260911,0.6664417620027226,0.6664417620027226,1,1
weekly_state_ungated,2705,2022-03-18,2022-03-28,-0.0353493110038457,2022,2021-12-31,learned_order_offset,20260911,0.5665934515797131,0.5665934515797131,1,0
weekly_state_ungated,2710,2022-03-25,2022-04-06,0.0314834190717003,2022,2021-12-31,learned_order_offset,20260911,0.7312694881776368,0.7312694881776368,1,1
weekly_global_validated,2660,2022-01-07,2022-01-17,-0.0173453887283024,2022,2021-12-31,learned_order_offset,20260911,0.7303915631000331,0.7303915631000331,1,0
weekly_global_validated,2665,2022-01-14,2022-01-24,0.0053248631776616,2022,2021-12-31,learned_order_offset,20260911,0.8287429062191539,0.8287429062191539,1,1
weekly_global_validated,2670,2022-01-21,2022-02-07,-0.0242661876254222,2022,2021-12-31,learned_order_offset,20260911,0.6946014374965778,0.6946014374965778,1,0
weekly_global_validated,2675,2022-01-28,2022-02-14,-0.0127539031341488,2022,2021-12-31,learned_order_offset,20260911,0.47036190476294487,0.47036190476294487,0,0
weekly_global_validated,2680,2022-02-11,2022-02-21,0.0145498774954033,2022,2021-12-31,learned_order_offset,20260911,0.6802368405234962,0.6802368405234962,1,1
weekly_global_validated,2685,2022-02-18,2022-02-28,-0.0177161244498015,2022,2021-12-31,learned_order_offset,20260911,0.596796587857382,0.596796587857382,1,0
weekly_global_validated,2690,2022-02-25,2022-03-07,-0.0221791776043331,2022,2021-12-31,learned_order_offset,20260911,0.6102898323949857,0.6102898323949857,1,0
weekly_global_validated,2695,2022-03-04,2022-03-14,-0.0480378799422749,2022,2021-12-31,learned_order_offset,20260911,0.6602950267381666,0.6602950267381666,1,0
weekly_global_validated,2700,2022-03-11,2022-03-21,0.007530336734814,2022,2021-12-31,learned_order_offset,20260911,0.6664417620027226,0.6664417620027226,1,1
weekly_global_validated,2705,2022-03-18,2022-03-28,-0.0353493110038457,2022,2021-12-31,learned_order_offset,20260911,0.5665934515797131,0.5665934515797131,1,0
weekly_global_validated,2710,2022-03-25,2022-04-06,0.0314834190717003,2022,2021-12-31,learned_order_offset,20260911,0.7312694881776368,0.7312694881776368,1,1
weekly_global_ungated,2660,2022-01-07,2022-01-17,-0.0173453887283024,2022,2021-12-31,learned_order_offset,20260911,0.7303915631000331,0.7303915631000331,1,0
weekly_global_ungated,2665,2022-01-14,2022-01-24,0.0053248631776616,2022,2021-12-31,learned_order_offset,20260911,0.8287429062191539,0.8287429062191539,1,1
weekly_global_ungated,2670,2022-01-21,2022-02-07,-0.0242661876254222,2022,2021-12-31,learned_order_offset,20260911,0.6946014374965778,0.6946014374965778,1,0
weekly_global_ungated,2675,2022-01-28,2022-02-14,-0.0127539031341488,2022,2021-12-31,learned_order_offset,20260911,0.47036190476294487,0.47036190476294487,0,0
weekly_global_ungated,2680,2022-02-11,2022-02-21,0.0145498774954033,2022,2021-12-31,learned_order_offset,20260911,0.6802368405234962,0.6802368405234962,1,1
weekly_global_ungated,2685,2022-02-18,2022-02-28,-0.0177161244498015,2022,2021-12-31,learned_order_offset,20260911,0.596796587857382,0.596796587857382,1,0
weekly_global_ungated,2690,2022-02-25,2022-03-07,-0.0221791776043331,2022,2021-12-31,learned_order_offset,20260911,0.6102898323949857,0.6102898323949857,1,0
weekly_global_ungated,2695,2022-03-04,2022-03-14,-0.0480378799422749,2022,2021-12-31,learned_order_offset,20260911,0.6602950267381666,0.6602950267381666,1,0
weekly_global_ungated,2700,2022-03-11,2022-03-21,0.007530336734814,2022,2021-12-31,learned_order_offset,20260911,0.6664417620027226,0.6664417620027226,1,1
weekly_global_ungated,2705,2022-03-18,2022-03-28,-0.0353493110038457,2022,2021-12-31,learned_order_offset,20260911,0.5665934515797131,0.5665934515797131,1,0
weekly_global_ungated,2710,2022-03-25,2022-04-06,0.0314834190717003,2022,2021-12-31,learned_order_offset,20260911,0.7312694881776368,0.7312694881776368,1,1
weekly_state_validated,2660,2022-01-07,2022-01-17,-0.0173453887283024,2022,2021-12-31,learned_order_offset,20260912,0.7021002597589074,0.7021002597589074,1,0
weekly_state_validated,2665,2022-01-14,2022-01-24,0.0053248631776616,2022,2021-12-31,learned_order_offset,20260912,0.5194500670143739,0.5194500670143739,1,1
weekly_state_validated,2670,2022-01-21,2022-02-07,-0.0242661876254222,2022,2021-12-31,learned_order_offset,20260912,0.7150659531425939,0.7150659531425939,1,0
weekly_state_validated,2675,2022-01-28,2022-02-14,-0.0127539031341488,2022,2021-12-31,learned_order_offset,20260912,0.5563566039667686,0.5563566039667686,1,0
weekly_state_validated,2680,2022-02-11,2022-02-21,0.0145498774954033,2022,2021-12-31,learned_order_offset,20260912,0.6110482909835675,0.6110482909835675,1,1
weekly_state_validated,2685,2022-02-18,2022-02-28,-0.0177161244498015,2022,2021-12-31,learned_order_offset,20260912,0.7082662053268953,0.7082662053268953,1,0
weekly_state_validated,2690,2022-02-25,2022-03-07,-0.0221791776043331,2022,2021-12-31,learned_order_offset,20260912,0.6726443299723985,0.6726443299723985,1,0
weekly_state_validated,2695,2022-03-04,2022-03-14,-0.0480378799422749,2022,2021-12-31,learned_order_offset,20260912,0.7063540116439039,0.7063540116439039,1,0
weekly_state_validated,2700,2022-03-11,2022-03-21,0.007530336734814,2022,2021-12-31,learned_order_offset,20260912,0.6284302090313957,0.6284302090313957,1,1
weekly_state_validated,2705,2022-03-18,2022-03-28,-0.0353493110038457,2022,2021-12-31,learned_order_offset,20260912,0.5930408007656572,0.5930408007656572,1,0
weekly_state_validated,2710,2022-03-25,2022-04-06,0.0314834190717003,2022,2021-12-31,learned_order_offset,20260912,0.5609837979969954,0.5609837979969954,1,1
weekly_state_ungated,2660,2022-01-07,2022-01-17,-0.0173453887283024,2022,2021-12-31,learned_order_offset,20260912,0.7021002597589074,0.7021002597589074,1,0
weekly_state_ungated,2665,2022-01-14,2022-01-24,0.0053248631776616,2022,2021-12-31,learned_order_offset,20260912,0.5194500670143739,0.5194500670143739,1,1
weekly_state_ungated,2670,2022-01-21,2022-02-07,-0.0242661876254222,2022,2021-12-31,learned_order_offset,20260912,0.7150659531425939,0.7150659531425939,1,0
weekly_state_ungated,2675,2022-01-28,2022-02-14,-0.0127539031341488,2022,2021-12-31,learned_order_offset,20260912,0.5563566039667686,0.5563566039667686,1,0
weekly_state_ungated,2680,2022-02-11,2022-02-21,0.0145498774954033,2022,2021-12-31,learned_order_offset,20260912,0.6110482909835675,0.6110482909835675,1,1
weekly_state_ungated,2685,2022-02-18,2022-02-28,-0.0177161244498015,2022,2021-12-31,learned_order_offset,20260912,0.7082662053268953,0.7082662053268953,1,0
weekly_state_ungated,2690,2022-02-25,2022-03-07,-0.0221791776043331,2022,2021-12-31,learned_order_offset,20260912,0.6726443299723985,0.6726443299723985,1,0
weekly_state_ungated,2695,2022-03-04,2022-03-14,-0.0480378799422749,2022,2021-12-31,learned_order_offset,20260912,0.7063540116439039,0.7063540116439039,1,0
weekly_state_ungated,2700,2022-03-11,2022-03-21,0.007530336734814,2022,2021-12-31,learned_order_offset,20260912,0.6284302090313957,0.6284302090313957,1,1
weekly_state_ungated,2705,2022-03-18,2022-03-28,-0.0353493110038457,2022,2021-12-31,learned_order_offset,20260912,0.5930408007656572,0.5930408007656572,1,0
weekly_state_ungated,2710,2022-03-25,2022-04-06,0.0314834190717003,2022,2021-12-31,learned_order_offset,20260912,0.5609837979969954,0.5609837979969954,1,1
weekly_global_validated,2660,2022-01-07,2022-01-17,-0.0173453887283024,2022,2021-12-31,learned_order_offset,20260912,0.7021002597589074,0.7021002597589074,1,0
weekly_global_validated,2665,2022-01-14,2022-01-24,0.0053248631776616,2022,2021-12-31,learned_order_offset,20260912,0.5194500670143739,0.5194500670143739,1,1
weekly_global_validated,2670,2022-01-21,2022-02-07,-0.0242661876254222,2022,2021-12-31,learned_order_offset,20260912,0.7150659531425939,0.7150659531425939,1,0
weekly_global_validated,2675,2022-01-28,2022-02-14,-0.0127539031341488,2022,2021-12-31,learned_order_offset,20260912,0.5563566039667686,0.5563566039667686,1,0
weekly_global_validated,2680,2022-02-11,2022-02-21,0.0145498774954033,2022,2021-12-31,learned_order_offset,20260912,0.6110482909835675,0.6110482909835675,1,1
weekly_global_validated,2685,2022-02-18,2022-02-28,-0.0177161244498015,2022,2021-12-31,learned_order_offset,20260912,0.7082662053268953,0.7082662053268953,1,0
weekly_global_validated,2690,2022-02-25,2022-03-07,-0.0221791776043331,2022,2021-12-31,learned_order_offset,20260912,0.6726443299723985,0.6726443299723985,1,0
weekly_global_validated,2695,2022-03-04,2022-03-14,-0.0480378799422749,2022,2021-12-31,learned_order_offset,20260912,0.7063540116439039,0.7063540116439039,1,0
weekly_global_validated,2700,2022-03-11,2022-03-21,0.007530336734814,2022,2021-12-31,learned_order_offset,20260912,0.6284302090313957,0.6284302090313957,1,1
weekly_global_validated,2705,2022-03-18,2022-03-28,-0.0353493110038457,2022,2021-12-31,learned_order_offset,20260912,0.5930408007656572,0.5930408007656572,1,0
weekly_global_validated,2710,2022-03-25,2022-04-06,0.0314834190717003,2022,2021-12-31,learned_order_offset,20260912,0.5609837979969954,0.5609837979969954,1,1
weekly_global_ungated,2660,2022-01-07,2022-01-17,-0.0173453887283024,2022,2021-12-31,learned_order_offset,20260912,0.7021002597589074,0.7021002597589074,1,0
weekly_global_ungated,2665,2022-01-14,2022-01-24,0.0053248631776616,2022,2021-12-31,learned_order_offset,20260912,0.5194500670143739,0.5194500670143739,1,1
weekly_global_ungated,2670,2022-01-21,2022-02-07,-0.0242661876254222,2022,2021-12-31,learned_order_offset,20260912,0.7150659531425939,0.7150659531425939,1,0
weekly_global_ungated,2675,2022-01-28,2022-02-14,-0.0127539031341488,2022,2021-12-31,learned_order_offset,20260912,0.5563566039667686,0.5563566039667686,1,0
weekly_global_ungated,2680,2022-02-11,2022-02-21,0.0145498774954033,2022,2021-12-31,learned_order_offset,20260912,0.6110482909835675,0.6110482909835675,1,1
weekly_global_ungated,2685,2022-02-18,2022-02-28,-0.0177161244498015,2022,2021-12-31,learned_order_offset,20260912,0.7082662053268953,0.7082662053268953,1,0
weekly_global_ungated,2690,2022-02-25,2022-03-07,-0.0221791776043331,2022,2021-12-31,learned_order_offset,20260912,0.6726443299723985,0.6726443299723985,1,0
weekly_global_ungated,2695,2022-03-04,2022-03-14,-0.0480378799422749,2022,2021-12-31,learned_order_offset,20260912,0.7063540116439039,0.7063540116439039,1,0
weekly_global_ungated,2700,2022-03-11,2022-03-21,0.007530336734814,2022,2021-12-31,learned_order_offset,20260912,0.6284302090313957,0.6284302090313957,1,1
weekly_global_ungated,2705,2022-03-18,2022-03-28,-0.0353493110038457,2022,2021-12-31,learned_order_offset,20260912,0.5930408007656572,0.5930408007656572,1,0
weekly_global_ungated,2710,2022-03-25,2022-04-06,0.0314834190717003,2022,2021-12-31,learned_order_offset,20260912,0.5609837979969954,0.5609837979969954,1,1
weekly_state_validated,2715,2022-04-01,2022-04-12,-0.0129237372705649,2022,2022-03-31,learned_market,20260910,0.699650234779605,0.699650234779605,1,0
weekly_state_validated,2718,2022-04-08,2022-04-18,-0.0120986062576864,2022,2022-03-31,learned_market,20260910,0.7081466712193373,0.7081466712193373,1,0
weekly_state_validated,2723,2022-04-15,2022-04-25,-0.0528494340140576,2022,2022-03-31,learned_market,20260910,0.6903510287050534,0.6903510287050534,1,0
weekly_state_validated,2728,2022-04-22,2022-05-05,0.015736821365468,2022,2022-03-31,learned_market,20260910,0.6523274039170177,0.6523274039170177,1,1
weekly_state_validated,2733,2022-04-29,2022-05-11,-0.0278824133054675,2022,2022-03-31,learned_market,20260910,0.6356812320546283,0.6356812320546283,1,0
weekly_state_validated,2735,2022-05-06,2022-05-16,0.033741423035827,2022,2022-03-31,learned_market,20260910,0.655223736292306,0.655223736292306,1,1
weekly_state_validated,2740,2022-05-13,2022-05-23,0.0164308841843088,2022,2022-03-31,learned_market,20260910,0.6496742007126685,0.6496742007126685,1,1
weekly_state_validated,2745,2022-05-20,2022-05-30,-0.0147293413085614,2022,2022-03-31,learned_market,20260910,0.5903492522212237,0.5903492522212237,1,0
weekly_state_validated,2750,2022-05-27,2022-06-13,0.0431748431927498,2022,2022-03-31,learned_market,20260910,0.5153438231225524,0.5153438231225524,1,1
weekly_state_validated,2759,2022-06-10,2022-06-20,0.0306046547112142,2022,2022-03-31,learned_market,20260910,0.5373450933252282,0.5373450933252282,1,1
weekly_state_validated,2764,2022-06-17,2022-06-27,0.0211666894141107,2022,2022-03-31,learned_market,20260910,0.48085394757640604,0.48085394757640604,0,1
weekly_state_validated,2769,2022-06-24,2022-07-04,0.0074507343130214,2022,2022-03-31,learned_market,20260910,0.48460550715379297,0.48460550715379297,0,1
weekly_state_ungated,2715,2022-04-01,2022-04-12,-0.0129237372705649,2022,2022-03-31,learned_market,20260910,0.699650234779605,0.699650234779605,1,0
weekly_state_ungated,2718,2022-04-08,2022-04-18,-0.0120986062576864,2022,2022-03-31,learned_market,20260910,0.7081466712193373,0.7081466712193373,1,0
weekly_state_ungated,2723,2022-04-15,2022-04-25,-0.0528494340140576,2022,2022-03-31,learned_market,20260910,0.6903510287050534,0.6903510287050534,1,0
weekly_state_ungated,2728,2022-04-22,2022-05-05,0.015736821365468,2022,2022-03-31,learned_market,20260910,0.6523274039170177,0.6523274039170177,1,1
weekly_state_ungated,2733,2022-04-29,2022-05-11,-0.0278824133054675,2022,2022-03-31,learned_market,20260910,0.6356812320546283,0.6356812320546283,1,0
weekly_state_ungated,2735,2022-05-06,2022-05-16,0.033741423035827,2022,2022-03-31,learned_market,20260910,0.655223736292306,0.655223736292306,1,1
weekly_state_ungated,2740,2022-05-13,2022-05-23,0.0164308841843088,2022,2022-03-31,learned_market,20260910,0.6496742007126685,0.6496742007126685,1,1
weekly_state_ungated,2745,2022-05-20,2022-05-30,-0.0147293413085614,2022,2022-03-31,learned_market,20260910,0.5903492522212237,0.5903492522212237,1,0
weekly_state_ungated,2750,2022-05-27,2022-06-13,0.0431748431927498,2022,2022-03-31,learned_market,20260910,0.5153438231225524,0.5153438231225524,1,1
weekly_state_ungated,2759,2022-06-10,2022-06-20,0.0306046547112142,2022,2022-03-31,learned_market,20260910,0.5373450933252282,0.5373450933252282,1,1
weekly_state_ungated,2764,2022-06-17,2022-06-27,0.0211666894141107,2022,2022-03-31,learned_market,20260910,0.48085394757640604,0.48085394757640604,0,1
weekly_state_ungated,2769,2022-06-24,2022-07-04,0.0074507343130214,2022,2022-03-31,learned_market,20260910,0.48460550715379297,0.48460550715379297,0,1
weekly_global_validated,2715,2022-04-01,2022-04-12,-0.0129237372705649,2022,2022-03-31,learned_market,20260910,0.699650234779605,0.699650234779605,1,0
weekly_global_validated,2718,2022-04-08,2022-04-18,-0.0120986062576864,2022,2022-03-31,learned_market,20260910,0.7081466712193373,0.7081466712193373,1,0
weekly_global_validated,2723,2022-04-15,2022-04-25,-0.0528494340140576,2022,2022-03-31,learned_market,20260910,0.6903510287050534,0.6903510287050534,1,0
weekly_global_validated,2728,2022-04-22,2022-05-05,0.015736821365468,2022,2022-03-31,learned_market,20260910,0.6523274039170177,0.6523274039170177,1,1
weekly_global_validated,2733,2022-04-29,2022-05-11,-0.0278824133054675,2022,2022-03-31,learned_market,20260910,0.6356812320546283,0.6356812320546283,1,0
weekly_global_validated,2735,2022-05-06,2022-05-16,0.033741423035827,2022,2022-03-31,learned_market,20260910,0.655223736292306,0.655223736292306,1,1
weekly_global_validated,2740,2022-05-13,2022-05-23,0.0164308841843088,2022,2022-03-31,learned_market,20260910,0.6496742007126685,0.6496742007126685,1,1
weekly_global_validated,2745,2022-05-20,2022-05-30,-0.0147293413085614,2022,2022-03-31,learned_market,20260910,0.5903492522212237,0.5903492522212237,1,0
weekly_global_validated,2750,2022-05-27,2022-06-13,0.0431748431927498,2022,2022-03-31,learned_market,20260910,0.5153438231225524,0.5153438231225524,1,1
weekly_global_validated,2759,2022-06-10,2022-06-20,0.0306046547112142,2022,2022-03-31,learned_market,20260910,0.5373450933252282,0.5373450933252282,1,1
weekly_global_validated,2764,2022-06-17,2022-06-27,0.0211666894141107,2022,2022-03-31,learned_market,20260910,0.48085394757640604,0.48085394757640604,0,1
weekly_global_validated,2769,2022-06-24,2022-07-04,0.0074507343130214,2022,2022-03-31,learned_market,20260910,0.48460550715379297,0.48460550715379297,0,1
weekly_global_ungated,2715,2022-04-01,2022-04-12,-0.0129237372705649,2022,2022-03-31,learned_market,20260910,0.699650234779605,0.699650234779605,1,0
weekly_global_ungated,2718,2022-04-08,2022-04-18,-0.0120986062576864,2022,2022-03-31,learned_market,20260910,0.7081466712193373,0.7081466712193373,1,0
weekly_global_ungated,2723,2022-04-15,2022-04-25,-0.0528494340140576,2022,2022-03-31,learned_market,20260910,0.6903510287050534,0.6903510287050534,1,0
weekly_global_ungated,2728,2022-04-22,2022-05-05,0.015736821365468,2022,2022-03-31,learned_market,20260910,0.6523274039170177,0.6523274039170177,1,1
weekly_global_ungated,2733,2022-04-29,2022-05-11,-0.0278824133054675,2022,2022-03-31,learned_market,20260910,0.6356812320546283,0.6356812320546283,1,0
weekly_global_ungated,2735,2022-05-06,2022-05-16,0.033741423035827,2022,2022-03-31,learned_market,20260910,0.655223736292306,0.655223736292306,1,1
weekly_global_ungated,2740,2022-05-13,2022-05-23,0.0164308841843088,2022,2022-03-31,learned_market,20260910,0.6496742007126685,0.6496742007126685,1,1
weekly_global_ungated,2745,2022-05-20,2022-05-30,-0.0147293413085614,2022,2022-03-31,learned_market,20260910,0.5903492522212237,0.5903492522212237,1,0
weekly_global_ungated,2750,2022-05-27,2022-06-13,0.0431748431927498,2022,2022-03-31,learned_market,20260910,0.5153438231225524,0.5153438231225524,1,1
weekly_global_ungated,2759,2022-06-10,2022-06-20,0.0306046547112142,2022,2022-03-31,learned_market,20260910,0.5373450933252282,0.5373450933252282,1,1
weekly_global_ungated,2764,2022-06-17,2022-06-27,0.0211666894141107,2022,2022-03-31,learned_market,20260910,0.48085394757640604,0.48085394757640604,0,1
weekly_global_ungated,2769,2022-06-24,2022-07-04,0.0074507343130214,2022,2022-03-31,learned_market,20260910,0.48460550715379297,0.48460550715379297,0,1
weekly_state_validated,2715,2022-04-01,2022-04-12,-0.0129237372705649,2022,2022-03-31,learned_market,20260911,0.7319064424968235,0.7319064424968235,1,0
weekly_state_validated,2718,2022-04-08,2022-04-18,-0.0120986062576864,2022,2022-03-31,learned_market,20260911,0.6054453974595707,0.6054453974595707,1,0
weekly_state_validated,2723,2022-04-15,2022-04-25,-0.0528494340140576,2022,2022-03-31,learned_market,20260911,0.780048801319433,0.780048801319433,1,0
weekly_state_validated,2728,2022-04-22,2022-05-05,0.015736821365468,2022,2022-03-31,learned_market,20260911,0.734465746968055,0.734465746968055,1,1
weekly_state_validated,2733,2022-04-29,2022-05-11,-0.0278824133054675,2022,2022-03-31,learned_market,20260911,0.5168257973739826,0.5168257973739826,1,0
weekly_state_validated,2735,2022-05-06,2022-05-16,0.033741423035827,2022,2022-03-31,learned_market,20260911,0.40189346381722363,0.40189346381722363,0,1
weekly_state_validated,2740,2022-05-13,2022-05-23,0.0164308841843088,2022,2022-03-31,learned_market,20260911,0.5083996095353812,0.5083996095353812,1,1
weekly_state_validated,2745,2022-05-20,2022-05-30,-0.0147293413085614,2022,2022-03-31,learned_market,20260911,0.554311952008104,0.554311952008104,1,0
weekly_state_validated,2750,2022-05-27,2022-06-13,0.0431748431927498,2022,2022-03-31,learned_market,20260911,0.6026682500069707,0.6026682500069707,1,1
weekly_state_validated,2759,2022-06-10,2022-06-20,0.0306046547112142,2022,2022-03-31,learned_market,20260911,0.32881944420528136,0.32881944420528136,0,1
weekly_state_validated,2764,2022-06-17,2022-06-27,0.0211666894141107,2022,2022-03-31,learned_market,20260911,0.35966324404140343,0.35966324404140343,0,1
weekly_state_validated,2769,2022-06-24,2022-07-04,0.0074507343130214,2022,2022-03-31,learned_market,20260911,0.46809827445499036,0.46809827445499036,0,1
weekly_state_ungated,2715,2022-04-01,2022-04-12,-0.0129237372705649,2022,2022-03-31,learned_market,20260911,0.7319064424968235,0.7319064424968235,1,0
weekly_state_ungated,2718,2022-04-08,2022-04-18,-0.0120986062576864,2022,2022-03-31,learned_market,20260911,0.6054453974595707,0.6054453974595707,1,0
weekly_state_ungated,2723,2022-04-15,2022-04-25,-0.0528494340140576,2022,2022-03-31,learned_market,20260911,0.780048801319433,0.780048801319433,1,0
weekly_state_ungated,2728,2022-04-22,2022-05-05,0.015736821365468,2022,2022-03-31,learned_market,20260911,0.734465746968055,0.734465746968055,1,1
weekly_state_ungated,2733,2022-04-29,2022-05-11,-0.0278824133054675,2022,2022-03-31,learned_market,20260911,0.5168257973739826,0.5168257973739826,1,0
weekly_state_ungated,2735,2022-05-06,2022-05-16,0.033741423035827,2022,2022-03-31,learned_market,20260911,0.40189346381722363,0.40189346381722363,0,1
weekly_state_ungated,2740,2022-05-13,2022-05-23,0.0164308841843088,2022,2022-03-31,learned_market,20260911,0.5083996095353812,0.5083996095353812,1,1
weekly_state_ungated,2745,2022-05-20,2022-05-30,-0.0147293413085614,2022,2022-03-31,learned_market,20260911,0.554311952008104,0.554311952008104,1,0
weekly_state_ungated,2750,2022-05-27,2022-06-13,0.0431748431927498,2022,2022-03-31,learned_market,20260911,0.6026682500069707,0.6026682500069707,1,1
weekly_state_ungated,2759,2022-06-10,2022-06-20,0.0306046547112142,2022,2022-03-31,learned_market,20260911,0.32881944420528136,0.32881944420528136,0,1
weekly_state_ungated,2764,2022-06-17,2022-06-27,0.0211666894141107,2022,2022-03-31,learned_market,20260911,0.35966324404140343,0.35966324404140343,0,1
weekly_state_ungated,2769,2022-06-24,2022-07-04,0.0074507343130214,2022,2022-03-31,learned_market,20260911,0.46809827445499036,0.46809827445499036,0,1
weekly_global_validated,2715,2022-04-01,2022-04-12,-0.0129237372705649,2022,2022-03-31,learned_market,20260911,0.7319064424968235,0.7319064424968235,1,0
weekly_global_validated,2718,2022-04-08,2022-04-18,-0.0120986062576864,2022,2022-03-31,learned_market,20260911,0.6054453974595707,0.6054453974595707,1,0
weekly_global_validated,2723,2022-04-15,2022-04-25,-0.0528494340140576,2022,2022-03-31,learned_market,20260911,0.780048801319433,0.780048801319433,1,0
weekly_global_validated,2728,2022-04-22,2022-05-05,0.015736821365468,2022,2022-03-31,learned_market,20260911,0.734465746968055,0.734465746968055,1,1
weekly_global_validated,2733,2022-04-29,2022-05-11,-0.0278824133054675,2022,2022-03-31,learned_market,20260911,0.5168257973739826,0.5168257973739826,1,0
weekly_global_validated,2735,2022-05-06,2022-05-16,0.033741423035827,2022,2022-03-31,learned_market,20260911,0.40189346381722363,0.40189346381722363,0,1
weekly_global_validated,2740,2022-05-13,2022-05-23,0.0164308841843088,2022,2022-03-31,learned_market,20260911,0.5083996095353812,0.5083996095353812,1,1
weekly_global_validated,2745,2022-05-20,2022-05-30,-0.0147293413085614,2022,2022-03-31,learned_market,20260911,0.554311952008104,0.554311952008104,1,0
weekly_global_validated,2750,2022-05-27,2022-06-13,0.0431748431927498,2022,2022-03-31,learned_market,20260911,0.6026682500069707,0.6026682500069707,1,1
weekly_global_validated,2759,2022-06-10,2022-06-20,0.0306046547112142,2022,2022-03-31,learned_market,20260911,0.32881944420528136,0.32881944420528136,0,1
weekly_global_validated,2764,2022-06-17,2022-06-27,0.0211666894141107,2022,2022-03-31,learned_market,20260911,0.35966324404140343,0.35966324404140343,0,1
weekly_global_validated,2769,2022-06-24,2022-07-04,0.0074507343130214,2022,2022-03-31,learned_market,20260911,0.46809827445499036,0.46809827445499036,0,1
weekly_global_ungated,2715,2022-04-01,2022-04-12,-0.0129237372705649,2022,2022-03-31,learned_market,20260911,0.7319064424968235,0.7319064424968235,1,0
weekly_global_ungated,2718,2022-04-08,2022-04-18,-0.0120986062576864,2022,2022-03-31,learned_market,20260911,0.6054453974595707,0.6054453974595707,1,0
weekly_global_ungated,2723,2022-04-15,2022-04-25,-0.0528494340140576,2022,2022-03-31,learned_market,20260911,0.780048801319433,0.780048801319433,1,0
weekly_global_ungated,2728,2022-04-22,2022-05-05,0.015736821365468,2022,2022-03-31,learned_market,20260911,0.734465746968055,0.734465746968055,1,1
weekly_global_ungated,2733,2022-04-29,2022-05-11,-0.0278824133054675,2022,2022-03-31,learned_market,20260911,0.5168257973739826,0.5168257973739826,1,0
weekly_global_ungated,2735,2022-05-06,2022-05-16,0.033741423035827,2022,2022-03-31,learned_market,20260911,0.40189346381722363,0.40189346381722363,0,1
weekly_global_ungated,2740,2022-05-13,2022-05-23,0.0164308841843088,2022,2022-03-31,learned_market,20260911,0.5083996095353812,0.5083996095353812,1,1
weekly_global_ungated,2745,2022-05-20,2022-05-30,-0.0147293413085614,2022,2022-03-31,learned_market,20260911,0.554311952008104,0.554311952008104,1,0
weekly_global_ungated,2750,2022-05-27,2022-06-13,0.0431748431927498,2022,2022-03-31,learned_market,20260911,0.6026682500069707,0.6026682500069707,1,1
weekly_global_ungated,2759,2022-06-10,2022-06-20,0.0306046547112142,2022,2022-03-31,learned_market,20260911,0.32881944420528136,0.32881944420528136,0,1
weekly_global_ungated,2764,2022-06-17,2022-06-27,0.0211666894141107,2022,2022-03-31,learned_market,20260911,0.35966324404140343,0.35966324404140343,0,1
weekly_global_ungated,2769,2022-06-24,2022-07-04,0.0074507343130214,2022,2022-03-31,learned_market,20260911,0.46809827445499036,0.46809827445499036,0,1
weekly_state_validated,2715,2022-04-01,2022-04-12,-0.0129237372705649,2022,2022-03-31,learned_market,20260912,0.5905723686816398,0.5905723686816398,1,0
weekly_state_validated,2718,2022-04-08,2022-04-18,-0.0120986062576864,2022,2022-03-31,learned_market,20260912,0.5651619134469777,0.5651619134469777,1,0
weekly_state_validated,2723,2022-04-15,2022-04-25,-0.0528494340140576,2022,2022-03-31,learned_market,20260912,0.5782075738978683,0.5782075738978683,1,0
weekly_state_validated,2728,2022-04-22,2022-05-05,0.015736821365468,2022,2022-03-31,learned_market,20260912,0.5086735366407256,0.5086735366407256,1,1
weekly_state_validated,2733,2022-04-29,2022-05-11,-0.0278824133054675,2022,2022-03-31,learned_market,20260912,0.354488852979164,0.354488852979164,0,0
weekly_state_validated,2735,2022-05-06,2022-05-16,0.033741423035827,2022,2022-03-31,learned_market,20260912,0.43196496938917867,0.43196496938917867,0,1
weekly_state_validated,2740,2022-05-13,2022-05-23,0.0164308841843088,2022,2022-03-31,learned_market,20260912,0.4392929502217229,0.4392929502217229,0,1
weekly_state_validated,2745,2022-05-20,2022-05-30,-0.0147293413085614,2022,2022-03-31,learned_market,20260912,0.4708416760329488,0.4708416760329488,0,0
weekly_state_validated,2750,2022-05-27,2022-06-13,0.0431748431927498,2022,2022-03-31,learned_market,20260912,0.4574571545139993,0.4574571545139993,0,1
weekly_state_validated,2759,2022-06-10,2022-06-20,0.0306046547112142,2022,2022-03-31,learned_market,20260912,0.3474663460356004,0.3474663460356004,0,1
weekly_state_validated,2764,2022-06-17,2022-06-27,0.0211666894141107,2022,2022-03-31,learned_market,20260912,0.3212471828605167,0.3212471828605167,0,1
weekly_state_validated,2769,2022-06-24,2022-07-04,0.0074507343130214,2022,2022-03-31,learned_market,20260912,0.4025755619428385,0.4025755619428385,0,1
weekly_state_ungated,2715,2022-04-01,2022-04-12,-0.0129237372705649,2022,2022-03-31,learned_market,20260912,0.5905723686816398,0.5905723686816398,1,0
weekly_state_ungated,2718,2022-04-08,2022-04-18,-0.0120986062576864,2022,2022-03-31,learned_market,20260912,0.5651619134469777,0.5651619134469777,1,0
weekly_state_ungated,2723,2022-04-15,2022-04-25,-0.0528494340140576,2022,2022-03-31,learned_market,20260912,0.5782075738978683,0.5782075738978683,1,0
weekly_state_ungated,2728,2022-04-22,2022-05-05,0.015736821365468,2022,2022-03-31,learned_market,20260912,0.5086735366407256,0.5086735366407256,1,1
weekly_state_ungated,2733,2022-04-29,2022-05-11,-0.0278824133054675,2022,2022-03-31,learned_market,20260912,0.354488852979164,0.354488852979164,0,0
weekly_state_ungated,2735,2022-05-06,2022-05-16,0.033741423035827,2022,2022-03-31,learned_market,20260912,0.43196496938917867,0.43196496938917867,0,1
weekly_state_ungated,2740,2022-05-13,2022-05-23,0.0164308841843088,2022,2022-03-31,learned_market,20260912,0.4392929502217229,0.4392929502217229,0,1
weekly_state_ungated,2745,2022-05-20,2022-05-30,-0.0147293413085614,2022,2022-03-31,learned_market,20260912,0.4708416760329488,0.4708416760329488,0,0
weekly_state_ungated,2750,2022-05-27,2022-06-13,0.0431748431927498,2022,2022-03-31,learned_market,20260912,0.4574571545139993,0.4574571545139993,0,1
weekly_state_ungated,2759,2022-06-10,2022-06-20,0.0306046547112142,2022,2022-03-31,learned_market,20260912,0.3474663460356004,0.3474663460356004,0,1
weekly_state_ungated,2764,2022-06-17,2022-06-27,0.0211666894141107,2022,2022-03-31,learned_market,20260912,0.3212471828605167,0.3212471828605167,0,1
weekly_state_ungated,2769,2022-06-24,2022-07-04,0.0074507343130214,2022,2022-03-31,learned_market,20260912,0.4025755619428385,0.4025755619428385,0,1
weekly_global_validated,2715,2022-04-01,2022-04-12,-0.0129237372705649,2022,2022-03-31,learned_market,20260912,0.5905723686816398,0.5905723686816398,1,0
weekly_global_validated,2718,2022-04-08,2022-04-18,-0.0120986062576864,2022,2022-03-31,learned_market,20260912,0.5651619134469777,0.5651619134469777,1,0
weekly_global_validated,2723,2022-04-15,2022-04-25,-0.0528494340140576,2022,2022-03-31,learned_market,20260912,0.5782075738978683,0.5782075738978683,1,0
weekly_global_validated,2728,2022-04-22,2022-05-05,0.015736821365468,2022,2022-03-31,learned_market,20260912,0.5086735366407256,0.5086735366407256,1,1
weekly_global_validated,2733,2022-04-29,2022-05-11,-0.0278824133054675,2022,2022-03-31,learned_market,20260912,0.354488852979164,0.354488852979164,0,0
weekly_global_validated,2735,2022-05-06,2022-05-16,0.033741423035827,2022,2022-03-31,learned_market,20260912,0.43196496938917867,0.43196496938917867,0,1
weekly_global_validated,2740,2022-05-13,2022-05-23,0.0164308841843088,2022,2022-03-31,learned_market,20260912,0.4392929502217229,0.4392929502217229,0,1
weekly_global_validated,2745,2022-05-20,2022-05-30,-0.0147293413085614,2022,2022-03-31,learned_market,20260912,0.4708416760329488,0.4708416760329488,0,0
weekly_global_validated,2750,2022-05-27,2022-06-13,0.0431748431927498,2022,2022-03-31,learned_market,20260912,0.4574571545139993,0.4574571545139993,0,1
weekly_global_validated,2759,2022-06-10,2022-06-20,0.0306046547112142,2022,2022-03-31,learned_market,20260912,0.3474663460356004,0.3474663460356004,0,1
weekly_global_validated,2764,2022-06-17,2022-06-27,0.0211666894141107,2022,2022-03-31,learned_market,20260912,0.3212471828605167,0.3212471828605167,0,1
weekly_global_validated,2769,2022-06-24,2022-07-04,0.0074507343130214,2022,2022-03-31,learned_market,20260912,0.4025755619428385,0.4025755619428385,0,1
weekly_global_ungated,2715,2022-04-01,2022-04-12,-0.0129237372705649,2022,2022-03-31,learned_market,20260912,0.5905723686816398,0.5905723686816398,1,0
weekly_global_ungated,2718,2022-04-08,2022-04-18,-0.0120986062576864,2022,2022-03-31,learned_market,20260912,0.5651619134469777,0.5651619134469777,1,0
weekly_global_ungated,2723,2022-04-15,2022-04-25,-0.0528494340140576,2022,2022-03-31,learned_market,20260912,0.5782075738978683,0.5782075738978683,1,0
weekly_global_ungated,2728,2022-04-22,2022-05-05,0.015736821365468,2022,2022-03-31,learned_market,20260912,0.5086735366407256,0.5086735366407256,1,1
weekly_global_ungated,2733,2022-04-29,2022-05-11,-0.0278824133054675,2022,2022-03-31,learned_market,20260912,0.354488852979164,0.354488852979164,0,0
weekly_global_ungated,2735,2022-05-06,2022-05-16,0.033741423035827,2022,2022-03-31,learned_market,20260912,0.43196496938917867,0.43196496938917867,0,1
weekly_global_ungated,2740,2022-05-13,2022-05-23,0.0164308841843088,2022,2022-03-31,learned_market,20260912,0.4392929502217229,0.4392929502217229,0,1
weekly_global_ungated,2745,2022-05-20,2022-05-30,-0.0147293413085614,2022,2022-03-31,learned_market,20260912,0.4708416760329488,0.4708416760329488,0,0
weekly_global_ungated,2750,2022-05-27,2022-06-13,0.0431748431927498,2022,2022-03-31,learned_market,20260912,0.4574571545139993,0.4574571545139993,0,1
weekly_global_ungated,2759,2022-06-10,2022-06-20,0.0306046547112142,2022,2022-03-31,learned_market,20260912,0.3474663460356004,0.3474663460356004,0,1
weekly_global_ungated,2764,2022-06-17,2022-06-27,0.0211666894141107,2022,2022-03-31,learned_market,20260912,0.3212471828605167,0.3212471828605167,0,1
weekly_global_ungated,2769,2022-06-24,2022-07-04,0.0074507343130214,2022,2022-03-31,learned_market,20260912,0.4025755619428385,0.4025755619428385,0,1
weekly_state_validated,2715,2022-04-01,2022-04-12,-0.0129237372705649,2022,2022-03-31,learned_vol_interaction,20260910,0.6692714430207383,0.6692714430207383,1,0
weekly_state_validated,2718,2022-04-08,2022-04-18,-0.0120986062576864,2022,2022-03-31,learned_vol_interaction,20260910,0.6870213134300237,0.6870213134300237,1,0
weekly_state_validated,2723,2022-04-15,2022-04-25,-0.0528494340140576,2022,2022-03-31,learned_vol_interaction,20260910,0.6863123370385322,0.6863123370385322,1,0
weekly_state_validated,2728,2022-04-22,2022-05-05,0.015736821365468,2022,2022-03-31,learned_vol_interaction,20260910,0.650740889856783,0.650740889856783,1,1
weekly_state_validated,2733,2022-04-29,2022-05-11,-0.0278824133054675,2022,2022-03-31,learned_vol_interaction,20260910,0.6202221031032191,0.6202221031032191,1,0
weekly_state_validated,2735,2022-05-06,2022-05-16,0.033741423035827,2022,2022-03-31,learned_vol_interaction,20260910,0.6392496752711616,0.6392496752711616,1,1
weekly_state_validated,2740,2022-05-13,2022-05-23,0.0164308841843088,2022,2022-03-31,learned_vol_interaction,20260910,0.6413212557500495,0.6413212557500495,1,1
weekly_state_validated,2745,2022-05-20,2022-05-30,-0.0147293413085614,2022,2022-03-31,learned_vol_interaction,20260910,0.5814333950080588,0.5814333950080588,1,0
weekly_state_validated,2750,2022-05-27,2022-06-13,0.0431748431927498,2022,2022-03-31,learned_vol_interaction,20260910,0.5197460553923614,0.5197460553923614,1,1
weekly_state_validated,2759,2022-06-10,2022-06-20,0.0306046547112142,2022,2022-03-31,learned_vol_interaction,20260910,0.5385759882805518,0.5385759882805518,1,1
weekly_state_validated,2764,2022-06-17,2022-06-27,0.0211666894141107,2022,2022-03-31,learned_vol_interaction,20260910,0.48255164210709656,0.48255164210709656,0,1
weekly_state_validated,2769,2022-06-24,2022-07-04,0.0074507343130214,2022,2022-03-31,learned_vol_interaction,20260910,0.4796566656164814,0.4796566656164814,0,1
weekly_state_ungated,2715,2022-04-01,2022-04-12,-0.0129237372705649,2022,2022-03-31,learned_vol_interaction,20260910,0.6692714430207383,0.6692714430207383,1,0
weekly_state_ungated,2718,2022-04-08,2022-04-18,-0.0120986062576864,2022,2022-03-31,learned_vol_interaction,20260910,0.6870213134300237,0.6870213134300237,1,0
weekly_state_ungated,2723,2022-04-15,2022-04-25,-0.0528494340140576,2022,2022-03-31,learned_vol_interaction,20260910,0.6863123370385322,0.6863123370385322,1,0
weekly_state_ungated,2728,2022-04-22,2022-05-05,0.015736821365468,2022,2022-03-31,learned_vol_interaction,20260910,0.650740889856783,0.650740889856783,1,1
weekly_state_ungated,2733,2022-04-29,2022-05-11,-0.0278824133054675,2022,2022-03-31,learned_vol_interaction,20260910,0.6202221031032191,0.6202221031032191,1,0
weekly_state_ungated,2735,2022-05-06,2022-05-16,0.033741423035827,2022,2022-03-31,learned_vol_interaction,20260910,0.6392496752711616,0.6392496752711616,1,1
weekly_state_ungated,2740,2022-05-13,2022-05-23,0.0164308841843088,2022,2022-03-31,learned_vol_interaction,20260910,0.6413212557500495,0.6413212557500495,1,1
weekly_state_ungated,2745,2022-05-20,2022-05-30,-0.0147293413085614,2022,2022-03-31,learned_vol_interaction,20260910,0.5814333950080588,0.5814333950080588,1,0
weekly_state_ungated,2750,2022-05-27,2022-06-13,0.0431748431927498,2022,2022-03-31,learned_vol_interaction,20260910,0.5197460553923614,0.5197460553923614,1,1
weekly_state_ungated,2759,2022-06-10,2022-06-20,0.0306046547112142,2022,2022-03-31,learned_vol_interaction,20260910,0.5385759882805518,0.5385759882805518,1,1
weekly_state_ungated,2764,2022-06-17,2022-06-27,0.0211666894141107,2022,2022-03-31,learned_vol_interaction,20260910,0.48255164210709656,0.48255164210709656,0,1
weekly_state_ungated,2769,2022-06-24,2022-07-04,0.0074507343130214,2022,2022-03-31,learned_vol_interaction,20260910,0.4796566656164814,0.4796566656164814,0,1
weekly_global_validated,2715,2022-04-01,2022-04-12,-0.0129237372705649,2022,2022-03-31,learned_vol_interaction,20260910,0.6692714430207383,0.6692714430207383,1,0
weekly_global_validated,2718,2022-04-08,2022-04-18,-0.0120986062576864,2022,2022-03-31,learned_vol_interaction,20260910,0.6870213134300237,0.6870213134300237,1,0
weekly_global_validated,2723,2022-04-15,2022-04-25,-0.0528494340140576,2022,2022-03-31,learned_vol_interaction,20260910,0.6863123370385322,0.6863123370385322,1,0
weekly_global_validated,2728,2022-04-22,2022-05-05,0.015736821365468,2022,2022-03-31,learned_vol_interaction,20260910,0.650740889856783,0.650740889856783,1,1
weekly_global_validated,2733,2022-04-29,2022-05-11,-0.0278824133054675,2022,2022-03-31,learned_vol_interaction,20260910,0.6202221031032191,0.6202221031032191,1,0
weekly_global_validated,2735,2022-05-06,2022-05-16,0.033741423035827,2022,2022-03-31,learned_vol_interaction,20260910,0.6392496752711616,0.6392496752711616,1,1
weekly_global_validated,2740,2022-05-13,2022-05-23,0.0164308841843088,2022,2022-03-31,learned_vol_interaction,20260910,0.6413212557500495,0.6413212557500495,1,1
weekly_global_validated,2745,2022-05-20,2022-05-30,-0.0147293413085614,2022,2022-03-31,learned_vol_interaction,20260910,0.5814333950080588,0.5814333950080588,1,0
weekly_global_validated,2750,2022-05-27,2022-06-13,0.0431748431927498,2022,2022-03-31,learned_vol_interaction,20260910,0.5197460553923614,0.5197460553923614,1,1
weekly_global_validated,2759,2022-06-10,2022-06-20,0.0306046547112142,2022,2022-03-31,learned_vol_interaction,20260910,0.5385759882805518,0.5385759882805518,1,1
weekly_global_validated,2764,2022-06-17,2022-06-27,0.0211666894141107,2022,2022-03-31,learned_vol_interaction,20260910,0.48255164210709656,0.48255164210709656,0,1
weekly_global_validated,2769,2022-06-24,2022-07-04,0.0074507343130214,2022,2022-03-31,learned_vol_interaction,20260910,0.4796566656164814,0.4796566656164814,0,1
weekly_global_ungated,2715,2022-04-01,2022-04-12,-0.0129237372705649,2022,2022-03-31,learned_vol_interaction,20260910,0.6692714430207383,0.6692714430207383,1,0
weekly_global_ungated,2718,2022-04-08,2022-04-18,-0.0120986062576864,2022,2022-03-31,learned_vol_interaction,20260910,0.6870213134300237,0.6870213134300237,1,0
weekly_global_ungated,2723,2022-04-15,2022-04-25,-0.0528494340140576,2022,2022-03-31,learned_vol_interaction,20260910,0.6863123370385322,0.6863123370385322,1,0
weekly_global_ungated,2728,2022-04-22,2022-05-05,0.015736821365468,2022,2022-03-31,learned_vol_interaction,20260910,0.650740889856783,0.650740889856783,1,1
weekly_global_ungated,2733,2022-04-29,2022-05-11,-0.0278824133054675,2022,2022-03-31,learned_vol_interaction,20260910,0.6202221031032191,0.6202221031032191,1,0
weekly_global_ungated,2735,2022-05-06,2022-05-16,0.033741423035827,2022,2022-03-31,learned_vol_interaction,20260910,0.6392496752711616,0.6392496752711616,1,1
weekly_global_ungated,2740,2022-05-13,2022-05-23,0.0164308841843088,2022,2022-03-31,learned_vol_interaction,20260910,0.6413212557500495,0.6413212557500495,1,1
weekly_global_ungated,2745,2022-05-20,2022-05-30,-0.0147293413085614,2022,2022-03-31,learned_vol_interaction,20260910,0.5814333950080588,0.5814333950080588,1,0
weekly_global_ungated,2750,2022-05-27,2022-06-13,0.0431748431927498,2022,2022-03-31,learned_vol_interaction,20260910,0.5197460553923614,0.5197460553923614,1,1
weekly_global_ungated,2759,2022-06-10,2022-06-20,0.0306046547112142,2022,2022-03-31,learned_vol_interaction,20260910,0.5385759882805518,0.5385759882805518,1,1
weekly_global_ungated,2764,2022-06-17,2022-06-27,0.0211666894141107,2022,2022-03-31,learned_vol_interaction,20260910,0.48255164210709656,0.48255164210709656,0,1
weekly_global_ungated,2769,2022-06-24,2022-07-04,0.0074507343130214,2022,2022-03-31,learned_vol_interaction,20260910,0.4796566656164814,0.4796566656164814,0,1
weekly_state_validated,2715,2022-04-01,2022-04-12,-0.0129237372705649,2022,2022-03-31,learned_vol_interaction,20260911,0.7431810041436555,0.7431810041436555,1,0
weekly_state_validated,2718,2022-04-08,2022-04-18,-0.0120986062576864,2022,2022-03-31,learned_vol_interaction,20260911,0.601115184023622,0.601115184023622,1,0
weekly_state_validated,2723,2022-04-15,2022-04-25,-0.0528494340140576,2022,2022-03-31,learned_vol_interaction,20260911,0.7843896219441964,0.7843896219441964,1,0
weekly_state_validated,2728,2022-04-22,2022-05-05,0.015736821365468,2022,2022-03-31,learned_vol_interaction,20260911,0.7408337892127695,0.7408337892127695,1,1
weekly_state_validated,2733,2022-04-29,2022-05-11,-0.0278824133054675,2022,2022-03-31,learned_vol_interaction,20260911,0.5124458489532762,0.5124458489532762,1,0
weekly_state_validated,2735,2022-05-06,2022-05-16,0.033741423035827,2022,2022-03-31,learned_vol_interaction,20260911,0.38434598170774237,0.38434598170774237,0,1
weekly_state_validated,2740,2022-05-13,2022-05-23,0.0164308841843088,2022,2022-03-31,learned_vol_interaction,20260911,0.4962015474558973,0.4962015474558973,0,1
weekly_state_validated,2745,2022-05-20,2022-05-30,-0.0147293413085614,2022,2022-03-31,learned_vol_interaction,20260911,0.5536729513391327,0.5536729513391327,1,0
weekly_state_validated,2750,2022-05-27,2022-06-13,0.0431748431927498,2022,2022-03-31,learned_vol_interaction,20260911,0.6054554975797125,0.6054554975797125,1,1
weekly_state_validated,2759,2022-06-10,2022-06-20,0.0306046547112142,2022,2022-03-31,learned_vol_interaction,20260911,0.33012579252956525,0.33012579252956525,0,1
weekly_state_validated,2764,2022-06-17,2022-06-27,0.0211666894141107,2022,2022-03-31,learned_vol_interaction,20260911,0.36375167025478616,0.36375167025478616,0,1
weekly_state_validated,2769,2022-06-24,2022-07-04,0.0074507343130214,2022,2022-03-31,learned_vol_interaction,20260911,0.47411451496984686,0.47411451496984686,0,1
weekly_state_ungated,2715,2022-04-01,2022-04-12,-0.0129237372705649,2022,2022-03-31,learned_vol_interaction,20260911,0.7431810041436555,0.7431810041436555,1,0
weekly_state_ungated,2718,2022-04-08,2022-04-18,-0.0120986062576864,2022,2022-03-31,learned_vol_interaction,20260911,0.601115184023622,0.601115184023622,1,0
weekly_state_ungated,2723,2022-04-15,2022-04-25,-0.0528494340140576,2022,2022-03-31,learned_vol_interaction,20260911,0.7843896219441964,0.7843896219441964,1,0
weekly_state_ungated,2728,2022-04-22,2022-05-05,0.015736821365468,2022,2022-03-31,learned_vol_interaction,20260911,0.7408337892127695,0.7408337892127695,1,1
weekly_state_ungated,2733,2022-04-29,2022-05-11,-0.0278824133054675,2022,2022-03-31,learned_vol_interaction,20260911,0.5124458489532762,0.5124458489532762,1,0
weekly_state_ungated,2735,2022-05-06,2022-05-16,0.033741423035827,2022,2022-03-31,learned_vol_interaction,20260911,0.38434598170774237,0.38434598170774237,0,1
weekly_state_ungated,2740,2022-05-13,2022-05-23,0.0164308841843088,2022,2022-03-31,learned_vol_interaction,20260911,0.4962015474558973,0.4962015474558973,0,1
weekly_state_ungated,2745,2022-05-20,2022-05-30,-0.0147293413085614,2022,2022-03-31,learned_vol_interaction,20260911,0.5536729513391327,0.5536729513391327,1,0
weekly_state_ungated,2750,2022-05-27,2022-06-13,0.0431748431927498,2022,2022-03-31,learned_vol_interaction,20260911,0.6054554975797125,0.6054554975797125,1,1
weekly_state_ungated,2759,2022-06-10,2022-06-20,0.0306046547112142,2022,2022-03-31,learned_vol_interaction,20260911,0.33012579252956525,0.33012579252956525,0,1
weekly_state_ungated,2764,2022-06-17,2022-06-27,0.0211666894141107,2022,2022-03-31,learned_vol_interaction,20260911,0.36375167025478616,0.36375167025478616,0,1
weekly_state_ungated,2769,2022-06-24,2022-07-04,0.0074507343130214,2022,2022-03-31,learned_vol_interaction,20260911,0.47411451496984686,0.47411451496984686,0,1
weekly_global_validated,2715,2022-04-01,2022-04-12,-0.0129237372705649,2022,2022-03-31,learned_vol_interaction,20260911,0.7431810041436555,0.7431810041436555,1,0
weekly_global_validated,2718,2022-04-08,2022-04-18,-0.0120986062576864,2022,2022-03-31,learned_vol_interaction,20260911,0.601115184023622,0.601115184023622,1,0
weekly_global_validated,2723,2022-04-15,2022-04-25,-0.0528494340140576,2022,2022-03-31,learned_vol_interaction,20260911,0.7843896219441964,0.7843896219441964,1,0
weekly_global_validated,2728,2022-04-22,2022-05-05,0.015736821365468,2022,2022-03-31,learned_vol_interaction,20260911,0.7408337892127695,0.7408337892127695,1,1
weekly_global_validated,2733,2022-04-29,2022-05-11,-0.0278824133054675,2022,2022-03-31,learned_vol_interaction,20260911,0.5124458489532762,0.5124458489532762,1,0
weekly_global_validated,2735,2022-05-06,2022-05-16,0.033741423035827,2022,2022-03-31,learned_vol_interaction,20260911,0.38434598170774237,0.38434598170774237,0,1
weekly_global_validated,2740,2022-05-13,2022-05-23,0.0164308841843088,2022,2022-03-31,learned_vol_interaction,20260911,0.4962015474558973,0.4962015474558973,0,1
weekly_global_validated,2745,2022-05-20,2022-05-30,-0.0147293413085614,2022,2022-03-31,learned_vol_interaction,20260911,0.5536729513391327,0.5536729513391327,1,0
weekly_global_validated,2750,2022-05-27,2022-06-13,0.0431748431927498,2022,2022-03-31,learned_vol_interaction,20260911,0.6054554975797125,0.6054554975797125,1,1
weekly_global_validated,2759,2022-06-10,2022-06-20,0.0306046547112142,2022,2022-03-31,learned_vol_interaction,20260911,0.33012579252956525,0.33012579252956525,0,1
weekly_global_validated,2764,2022-06-17,2022-06-27,0.0211666894141107,2022,2022-03-31,learned_vol_interaction,20260911,0.36375167025478616,0.36375167025478616,0,1
weekly_global_validated,2769,2022-06-24,2022-07-04,0.0074507343130214,2022,2022-03-31,learned_vol_interaction,20260911,0.47411451496984686,0.47411451496984686,0,1
weekly_global_ungated,2715,2022-04-01,2022-04-12,-0.0129237372705649,2022,2022-03-31,learned_vol_interaction,20260911,0.7431810041436555,0.7431810041436555,1,0
weekly_global_ungated,2718,2022-04-08,2022-04-18,-0.0120986062576864,2022,2022-03-31,learned_vol_interaction,20260911,0.601115184023622,0.601115184023622,1,0
weekly_global_ungated,2723,2022-04-15,2022-04-25,-0.0528494340140576,2022,2022-03-31,learned_vol_interaction,20260911,0.7843896219441964,0.7843896219441964,1,0
weekly_global_ungated,2728,2022-04-22,2022-05-05,0.015736821365468,2022,2022-03-31,learned_vol_interaction,20260911,0.7408337892127695,0.7408337892127695,1,1
weekly_global_ungated,2733,2022-04-29,2022-05-11,-0.0278824133054675,2022,2022-03-31,learned_vol_interaction,20260911,0.5124458489532762,0.5124458489532762,1,0
weekly_global_ungated,2735,2022-05-06,2022-05-16,0.033741423035827,2022,2022-03-31,learned_vol_interaction,20260911,0.38434598170774237,0.38434598170774237,0,1
weekly_global_ungated,2740,2022-05-13,2022-05-23,0.0164308841843088,2022,2022-03-31,learned_vol_interaction,20260911,0.4962015474558973,0.4962015474558973,0,1
weekly_global_ungated,2745,2022-05-20,2022-05-30,-0.0147293413085614,2022,2022-03-31,learned_vol_interaction,20260911,0.5536729513391327,0.5536729513391327,1,0
weekly_global_ungated,2750,2022-05-27,2022-06-13,0.0431748431927498,2022,2022-03-31,learned_vol_interaction,20260911,0.6054554975797125,0.6054554975797125,1,1
weekly_global_ungated,2759,2022-06-10,2022-06-20,0.0306046547112142,2022,2022-03-31,learned_vol_interaction,20260911,0.33012579252956525,0.33012579252956525,0,1
weekly_global_ungated,2764,2022-06-17,2022-06-27,0.0211666894141107,2022,2022-03-31,learned_vol_interaction,20260911,0.36375167025478616,0.36375167025478616,0,1
weekly_global_ungated,2769,2022-06-24,2022-07-04,0.0074507343130214,2022,2022-03-31,learned_vol_interaction,20260911,0.47411451496984686,0.47411451496984686,0,1
weekly_state_validated,2715,2022-04-01,2022-04-12,-0.0129237372705649,2022,2022-03-31,learned_vol_interaction,20260912,0.5637358072675225,0.5637358072675225,1,0
weekly_state_validated,2718,2022-04-08,2022-04-18,-0.0120986062576864,2022,2022-03-31,learned_vol_interaction,20260912,0.5628559944649006,0.5628559944649006,1,0
weekly_state_validated,2723,2022-04-15,2022-04-25,-0.0528494340140576,2022,2022-03-31,learned_vol_interaction,20260912,0.5747919255172403,0.5747919255172403,1,0
weekly_state_validated,2728,2022-04-22,2022-05-05,0.015736821365468,2022,2022-03-31,learned_vol_interaction,20260912,0.5170916019143975,0.5170916019143975,1,1
weekly_state_validated,2733,2022-04-29,2022-05-11,-0.0278824133054675,2022,2022-03-31,learned_vol_interaction,20260912,0.40387814010224393,0.40387814010224393,0,0
weekly_state_validated,2735,2022-05-06,2022-05-16,0.033741423035827,2022,2022-03-31,learned_vol_interaction,20260912,0.4773185927787562,0.4773185927787562,0,1
weekly_state_validated,2740,2022-05-13,2022-05-23,0.0164308841843088,2022,2022-03-31,learned_vol_interaction,20260912,0.4698933454358381,0.4698933454358381,0,1
weekly_state_validated,2745,2022-05-20,2022-05-30,-0.0147293413085614,2022,2022-03-31,learned_vol_interaction,20260912,0.4802495124922596,0.4802495124922596,0,0
weekly_state_validated,2750,2022-05-27,2022-06-13,0.0431748431927498,2022,2022-03-31,learned_vol_interaction,20260912,0.4601952965187793,0.4601952965187793,0,1
weekly_state_validated,2759,2022-06-10,2022-06-20,0.0306046547112142,2022,2022-03-31,learned_vol_interaction,20260912,0.32387572436005274,0.32387572436005274,0,1
weekly_state_validated,2764,2022-06-17,2022-06-27,0.0211666894141107,2022,2022-03-31,learned_vol_interaction,20260912,0.2947636043884615,0.2947636043884615,0,1
weekly_state_validated,2769,2022-06-24,2022-07-04,0.0074507343130214,2022,2022-03-31,learned_vol_interaction,20260912,0.374996784204944,0.374996784204944,0,1
weekly_state_ungated,2715,2022-04-01,2022-04-12,-0.0129237372705649,2022,2022-03-31,learned_vol_interaction,20260912,0.5637358072675225,0.5637358072675225,1,0
weekly_state_ungated,2718,2022-04-08,2022-04-18,-0.0120986062576864,2022,2022-03-31,learned_vol_interaction,20260912,0.5628559944649006,0.5628559944649006,1,0
weekly_state_ungated,2723,2022-04-15,2022-04-25,-0.0528494340140576,2022,2022-03-31,learned_vol_interaction,20260912,0.5747919255172403,0.5747919255172403,1,0
weekly_state_ungated,2728,2022-04-22,2022-05-05,0.015736821365468,2022,2022-03-31,learned_vol_interaction,20260912,0.5170916019143975,0.5170916019143975,1,1
weekly_state_ungated,2733,2022-04-29,2022-05-11,-0.0278824133054675,2022,2022-03-31,learned_vol_interaction,20260912,0.40387814010224393,0.40387814010224393,0,0
weekly_state_ungated,2735,2022-05-06,2022-05-16,0.033741423035827,2022,2022-03-31,learned_vol_interaction,20260912,0.4773185927787562,0.4773185927787562,0,1
weekly_state_ungated,2740,2022-05-13,2022-05-23,0.0164308841843088,2022,2022-03-31,learned_vol_interaction,20260912,0.4698933454358381,0.4698933454358381,0,1
weekly_state_ungated,2745,2022-05-20,2022-05-30,-0.0147293413085614,2022,2022-03-31,learned_vol_interaction,20260912,0.4802495124922596,0.4802495124922596,0,0
weekly_state_ungated,2750,2022-05-27,2022-06-13,0.0431748431927498,2022,2022-03-31,learned_vol_interaction,20260912,0.4601952965187793,0.4601952965187793,0,1
weekly_state_ungated,2759,2022-06-10,2022-06-20,0.0306046547112142,2022,2022-03-31,learned_vol_interaction,20260912,0.32387572436005274,0.32387572436005274,0,1
weekly_state_ungated,2764,2022-06-17,2022-06-27,0.0211666894141107,2022,2022-03-31,learned_vol_interaction,20260912,0.2947636043884615,0.2947636043884615,0,1
weekly_state_ungated,2769,2022-06-24,2022-07-04,0.0074507343130214,2022,2022-03-31,learned_vol_interaction,20260912,0.374996784204944,0.374996784204944,0,1
weekly_global_validated,2715,2022-04-01,2022-04-12,-0.0129237372705649,2022,2022-03-31,learned_vol_interaction,20260912,0.5637358072675225,0.5637358072675225,1,0
weekly_global_validated,2718,2022-04-08,2022-04-18,-0.0120986062576864,2022,2022-03-31,learned_vol_interaction,20260912,0.5628559944649006,0.5628559944649006,1,0
weekly_global_validated,2723,2022-04-15,2022-04-25,-0.0528494340140576,2022,2022-03-31,learned_vol_interaction,20260912,0.5747919255172403,0.5747919255172403,1,0
weekly_global_validated,2728,2022-04-22,2022-05-05,0.015736821365468,2022,2022-03-31,learned_vol_interaction,20260912,0.5170916019143975,0.5170916019143975,1,1
weekly_global_validated,2733,2022-04-29,2022-05-11,-0.0278824133054675,2022,2022-03-31,learned_vol_interaction,20260912,0.40387814010224393,0.40387814010224393,0,0
weekly_global_validated,2735,2022-05-06,2022-05-16,0.033741423035827,2022,2022-03-31,learned_vol_interaction,20260912,0.4773185927787562,0.4773185927787562,0,1
weekly_global_validated,2740,2022-05-13,2022-05-23,0.0164308841843088,2022,2022-03-31,learned_vol_interaction,20260912,0.4698933454358381,0.4698933454358381,0,1
weekly_global_validated,2745,2022-05-20,2022-05-30,-0.0147293413085614,2022,2022-03-31,learned_vol_interaction,20260912,0.4802495124922596,0.4802495124922596,0,0
weekly_global_validated,2750,2022-05-27,2022-06-13,0.0431748431927498,2022,2022-03-31,learned_vol_interaction,20260912,0.4601952965187793,0.4601952965187793,0,1
weekly_global_validated,2759,2022-06-10,2022-06-20,0.0306046547112142,2022,2022-03-31,learned_vol_interaction,20260912,0.32387572436005274,0.32387572436005274,0,1
weekly_global_validated,2764,2022-06-17,2022-06-27,0.0211666894141107,2022,2022-03-31,learned_vol_interaction,20260912,0.2947636043884615,0.2947636043884615,0,1
weekly_global_validated,2769,2022-06-24,2022-07-04,0.0074507343130214,2022,2022-03-31,learned_vol_interaction,20260912,0.374996784204944,0.374996784204944,0,1
weekly_global_ungated,2715,2022-04-01,2022-04-12,-0.0129237372705649,2022,2022-03-31,learned_vol_interaction,20260912,0.5637358072675225,0.5637358072675225,1,0
weekly_global_ungated,2718,2022-04-08,2022-04-18,-0.0120986062576864,2022,2022-03-31,learned_vol_interaction,20260912,0.5628559944649006,0.5628559944649006,1,0
weekly_global_ungated,2723,2022-04-15,2022-04-25,-0.0528494340140576,2022,2022-03-31,learned_vol_interaction,20260912,0.5747919255172403,0.5747919255172403,1,0
weekly_global_ungated,2728,2022-04-22,2022-05-05,0.015736821365468,2022,2022-03-31,learned_vol_interaction,20260912,0.5170916019143975,0.5170916019143975,1,1
weekly_global_ungated,2733,2022-04-29,2022-05-11,-0.0278824133054675,2022,2022-03-31,learned_vol_interaction,20260912,0.40387814010224393,0.40387814010224393,0,0
weekly_global_ungated,2735,2022-05-06,2022-05-16,0.033741423035827,2022,2022-03-31,learned_vol_interaction,20260912,0.4773185927787562,0.4773185927787562,0,1
weekly_global_ungated,2740,2022-05-13,2022-05-23,0.0164308841843088,2022,2022-03-31,learned_vol_interaction,20260912,0.4698933454358381,0.4698933454358381,0,1
weekly_global_ungated,2745,2022-05-20,2022-05-30,-0.0147293413085614,2022,2022-03-31,learned_vol_interaction,20260912,0.4802495124922596,0.4802495124922596,0,0
weekly_global_ungated,2750,2022-05-27,2022-06-13,0.0431748431927498,2022,2022-03-31,learned_vol_interaction,20260912,0.4601952965187793,0.4601952965187793,0,1
weekly_global_ungated,2759,2022-06-10,2022-06-20,0.0306046547112142,2022,2022-03-31,learned_vol_interaction,20260912,0.32387572436005274,0.32387572436005274,0,1
weekly_global_ungated,2764,2022-06-17,2022-06-27,0.0211666894141107,2022,2022-03-31,learned_vol_interaction,20260912,0.2947636043884615,0.2947636043884615,0,1
weekly_global_ungated,2769,2022-06-24,2022-07-04,0.0074507343130214,2022,2022-03-31,learned_vol_interaction,20260912,0.374996784204944,0.374996784204944,0,1
weekly_state_validated,2715,2022-04-01,2022-04-12,-0.0129237372705649,2022,2022-03-31,learned_order_extension,20260910,0.6698700948387382,0.6698700948387382,1,0
weekly_state_validated,2718,2022-04-08,2022-04-18,-0.0120986062576864,2022,2022-03-31,learned_order_extension,20260910,0.6806371615463094,0.6806371615463094,1,0
weekly_state_validated,2723,2022-04-15,2022-04-25,-0.0528494340140576,2022,2022-03-31,learned_order_extension,20260910,0.6734562693191574,0.6734562693191574,1,0
weekly_state_validated,2728,2022-04-22,2022-05-05,0.015736821365468,2022,2022-03-31,learned_order_extension,20260910,0.6412880357294892,0.6412880357294892,1,1
weekly_state_validated,2733,2022-04-29,2022-05-11,-0.0278824133054675,2022,2022-03-31,learned_order_extension,20260910,0.6287985885797217,0.6287985885797217,1,0
weekly_state_validated,2735,2022-05-06,2022-05-16,0.033741423035827,2022,2022-03-31,learned_order_extension,20260910,0.6540416538097915,0.6540416538097915,1,1
weekly_state_validated,2740,2022-05-13,2022-05-23,0.0164308841843088,2022,2022-03-31,learned_order_extension,20260910,0.6547674512326901,0.6547674512326901,1,1
weekly_state_validated,2745,2022-05-20,2022-05-30,-0.0147293413085614,2022,2022-03-31,learned_order_extension,20260910,0.5882230547766246,0.5882230547766246,1,0
weekly_state_validated,2750,2022-05-27,2022-06-13,0.0431748431927498,2022,2022-03-31,learned_order_extension,20260910,0.508142218915277,0.508142218915277,1,1
weekly_state_validated,2759,2022-06-10,2022-06-20,0.0306046547112142,2022,2022-03-31,learned_order_extension,20260910,0.5322541068789998,0.5322541068789998,1,1
weekly_state_validated,2764,2022-06-17,2022-06-27,0.0211666894141107,2022,2022-03-31,learned_order_extension,20260910,0.4859253122353308,0.4859253122353308,0,1
weekly_state_validated,2769,2022-06-24,2022-07-04,0.0074507343130214,2022,2022-03-31,learned_order_extension,20260910,0.4875812841679665,0.4875812841679665,0,1
weekly_state_ungated,2715,2022-04-01,2022-04-12,-0.0129237372705649,2022,2022-03-31,learned_order_extension,20260910,0.6698700948387382,0.6698700948387382,1,0
weekly_state_ungated,2718,2022-04-08,2022-04-18,-0.0120986062576864,2022,2022-03-31,learned_order_extension,20260910,0.6806371615463094,0.6806371615463094,1,0
weekly_state_ungated,2723,2022-04-15,2022-04-25,-0.0528494340140576,2022,2022-03-31,learned_order_extension,20260910,0.6734562693191574,0.6734562693191574,1,0
weekly_state_ungated,2728,2022-04-22,2022-05-05,0.015736821365468,2022,2022-03-31,learned_order_extension,20260910,0.6412880357294892,0.6412880357294892,1,1
weekly_state_ungated,2733,2022-04-29,2022-05-11,-0.0278824133054675,2022,2022-03-31,learned_order_extension,20260910,0.6287985885797217,0.6287985885797217,1,0
weekly_state_ungated,2735,2022-05-06,2022-05-16,0.033741423035827,2022,2022-03-31,learned_order_extension,20260910,0.6540416538097915,0.6540416538097915,1,1
weekly_state_ungated,2740,2022-05-13,2022-05-23,0.0164308841843088,2022,2022-03-31,learned_order_extension,20260910,0.6547674512326901,0.6547674512326901,1,1
weekly_state_ungated,2745,2022-05-20,2022-05-30,-0.0147293413085614,2022,2022-03-31,learned_order_extension,20260910,0.5882230547766246,0.5882230547766246,1,0
weekly_state_ungated,2750,2022-05-27,2022-06-13,0.0431748431927498,2022,2022-03-31,learned_order_extension,20260910,0.508142218915277,0.508142218915277,1,1
weekly_state_ungated,2759,2022-06-10,2022-06-20,0.0306046547112142,2022,2022-03-31,learned_order_extension,20260910,0.5322541068789998,0.5322541068789998,1,1
weekly_state_ungated,2764,2022-06-17,2022-06-27,0.0211666894141107,2022,2022-03-31,learned_order_extension,20260910,0.4859253122353308,0.4859253122353308,0,1
weekly_state_ungated,2769,2022-06-24,2022-07-04,0.0074507343130214,2022,2022-03-31,learned_order_extension,20260910,0.4875812841679665,0.4875812841679665,0,1
weekly_global_validated,2715,2022-04-01,2022-04-12,-0.0129237372705649,2022,2022-03-31,learned_order_extension,20260910,0.6698700948387382,0.6698700948387382,1,0
weekly_global_validated,2718,2022-04-08,2022-04-18,-0.0120986062576864,2022,2022-03-31,learned_order_extension,20260910,0.6806371615463094,0.6806371615463094,1,0
weekly_global_validated,2723,2022-04-15,2022-04-25,-0.0528494340140576,2022,2022-03-31,learned_order_extension,20260910,0.6734562693191574,0.6734562693191574,1,0
weekly_global_validated,2728,2022-04-22,2022-05-05,0.015736821365468,2022,2022-03-31,learned_order_extension,20260910,0.6412880357294892,0.6412880357294892,1,1
weekly_global_validated,2733,2022-04-29,2022-05-11,-0.0278824133054675,2022,2022-03-31,learned_order_extension,20260910,0.6287985885797217,0.6287985885797217,1,0
weekly_global_validated,2735,2022-05-06,2022-05-16,0.033741423035827,2022,2022-03-31,learned_order_extension,20260910,0.6540416538097915,0.6540416538097915,1,1
weekly_global_validated,2740,2022-05-13,2022-05-23,0.0164308841843088,2022,2022-03-31,learned_order_extension,20260910,0.6547674512326901,0.6547674512326901,1,1
weekly_global_validated,2745,2022-05-20,2022-05-30,-0.0147293413085614,2022,2022-03-31,learned_order_extension,20260910,0.5882230547766246,0.5882230547766246,1,0
weekly_global_validated,2750,2022-05-27,2022-06-13,0.0431748431927498,2022,2022-03-31,learned_order_extension,20260910,0.508142218915277,0.508142218915277,1,1
weekly_global_validated,2759,2022-06-10,2022-06-20,0.0306046547112142,2022,2022-03-31,learned_order_extension,20260910,0.5322541068789998,0.5322541068789998,1,1
weekly_global_validated,2764,2022-06-17,2022-06-27,0.0211666894141107,2022,2022-03-31,learned_order_extension,20260910,0.4859253122353308,0.4859253122353308,0,1
weekly_global_validated,2769,2022-06-24,2022-07-04,0.0074507343130214,2022,2022-03-31,learned_order_extension,20260910,0.4875812841679665,0.4875812841679665,0,1
weekly_global_ungated,2715,2022-04-01,2022-04-12,-0.0129237372705649,2022,2022-03-31,learned_order_extension,20260910,0.6698700948387382,0.6698700948387382,1,0
weekly_global_ungated,2718,2022-04-08,2022-04-18,-0.0120986062576864,2022,2022-03-31,learned_order_extension,20260910,0.6806371615463094,0.6806371615463094,1,0
weekly_global_ungated,2723,2022-04-15,2022-04-25,-0.0528494340140576,2022,2022-03-31,learned_order_extension,20260910,0.6734562693191574,0.6734562693191574,1,0
weekly_global_ungated,2728,2022-04-22,2022-05-05,0.015736821365468,2022,2022-03-31,learned_order_extension,20260910,0.6412880357294892,0.6412880357294892,1,1
weekly_global_ungated,2733,2022-04-29,2022-05-11,-0.0278824133054675,2022,2022-03-31,learned_order_extension,20260910,0.6287985885797217,0.6287985885797217,1,0
weekly_global_ungated,2735,2022-05-06,2022-05-16,0.033741423035827,2022,2022-03-31,learned_order_extension,20260910,0.6540416538097915,0.6540416538097915,1,1
weekly_global_ungated,2740,2022-05-13,2022-05-23,0.0164308841843088,2022,2022-03-31,learned_order_extension,20260910,0.6547674512326901,0.6547674512326901,1,1
weekly_global_ungated,2745,2022-05-20,2022-05-30,-0.0147293413085614,2022,2022-03-31,learned_order_extension,20260910,0.5882230547766246,0.5882230547766246,1,0
weekly_global_ungated,2750,2022-05-27,2022-06-13,0.0431748431927498,2022,2022-03-31,learned_order_extension,20260910,0.508142218915277,0.508142218915277,1,1
weekly_global_ungated,2759,2022-06-10,2022-06-20,0.0306046547112142,2022,2022-03-31,learned_order_extension,20260910,0.5322541068789998,0.5322541068789998,1,1
weekly_global_ungated,2764,2022-06-17,2022-06-27,0.0211666894141107,2022,2022-03-31,learned_order_extension,20260910,0.4859253122353308,0.4859253122353308,0,1
weekly_global_ungated,2769,2022-06-24,2022-07-04,0.0074507343130214,2022,2022-03-31,learned_order_extension,20260910,0.4875812841679665,0.4875812841679665,0,1
weekly_state_validated,2715,2022-04-01,2022-04-12,-0.0129237372705649,2022,2022-03-31,learned_order_extension,20260911,0.7324552613785594,0.7324552613785594,1,0
weekly_state_validated,2718,2022-04-08,2022-04-18,-0.0120986062576864,2022,2022-03-31,learned_order_extension,20260911,0.5757660544472725,0.5757660544472725,1,0
weekly_state_validated,2723,2022-04-15,2022-04-25,-0.0528494340140576,2022,2022-03-31,learned_order_extension,20260911,0.7914821695285316,0.7914821695285316,1,0
weekly_state_validated,2728,2022-04-22,2022-05-05,0.015736821365468,2022,2022-03-31,learned_order_extension,20260911,0.7445035554337466,0.7445035554337466,1,1
weekly_state_validated,2733,2022-04-29,2022-05-11,-0.0278824133054675,2022,2022-03-31,learned_order_extension,20260911,0.512691847329782,0.512691847329782,1,0
weekly_state_validated,2735,2022-05-06,2022-05-16,0.033741423035827,2022,2022-03-31,learned_order_extension,20260911,0.39192947263156325,0.39192947263156325,0,1
weekly_state_validated,2740,2022-05-13,2022-05-23,0.0164308841843088,2022,2022-03-31,learned_order_extension,20260911,0.4923475901483292,0.4923475901483292,0,1
weekly_state_validated,2745,2022-05-20,2022-05-30,-0.0147293413085614,2022,2022-03-31,learned_order_extension,20260911,0.5453859955701774,0.5453859955701774,1,0
weekly_state_validated,2750,2022-05-27,2022-06-13,0.0431748431927498,2022,2022-03-31,learned_order_extension,20260911,0.606543809827078,0.606543809827078,1,1
weekly_state_validated,2759,2022-06-10,2022-06-20,0.0306046547112142,2022,2022-03-31,learned_order_extension,20260911,0.3194430778691506,0.3194430778691506,0,1
weekly_state_validated,2764,2022-06-17,2022-06-27,0.0211666894141107,2022,2022-03-31,learned_order_extension,20260911,0.33808664733638566,0.33808664733638566,0,1
weekly_state_validated,2769,2022-06-24,2022-07-04,0.0074507343130214,2022,2022-03-31,learned_order_extension,20260911,0.4651372063002809,0.4651372063002809,0,1
weekly_state_ungated,2715,2022-04-01,2022-04-12,-0.0129237372705649,2022,2022-03-31,learned_order_extension,20260911,0.7324552613785594,0.7324552613785594,1,0
weekly_state_ungated,2718,2022-04-08,2022-04-18,-0.0120986062576864,2022,2022-03-31,learned_order_extension,20260911,0.5757660544472725,0.5757660544472725,1,0
weekly_state_ungated,2723,2022-04-15,2022-04-25,-0.0528494340140576,2022,2022-03-31,learned_order_extension,20260911,0.7914821695285316,0.7914821695285316,1,0
weekly_state_ungated,2728,2022-04-22,2022-05-05,0.015736821365468,2022,2022-03-31,learned_order_extension,20260911,0.7445035554337466,0.7445035554337466,1,1
weekly_state_ungated,2733,2022-04-29,2022-05-11,-0.0278824133054675,2022,2022-03-31,learned_order_extension,20260911,0.512691847329782,0.512691847329782,1,0
weekly_state_ungated,2735,2022-05-06,2022-05-16,0.033741423035827,2022,2022-03-31,learned_order_extension,20260911,0.39192947263156325,0.39192947263156325,0,1
weekly_state_ungated,2740,2022-05-13,2022-05-23,0.0164308841843088,2022,2022-03-31,learned_order_extension,20260911,0.4923475901483292,0.4923475901483292,0,1
weekly_state_ungated,2745,2022-05-20,2022-05-30,-0.0147293413085614,2022,2022-03-31,learned_order_extension,20260911,0.5453859955701774,0.5453859955701774,1,0
weekly_state_ungated,2750,2022-05-27,2022-06-13,0.0431748431927498,2022,2022-03-31,learned_order_extension,20260911,0.606543809827078,0.606543809827078,1,1
weekly_state_ungated,2759,2022-06-10,2022-06-20,0.0306046547112142,2022,2022-03-31,learned_order_extension,20260911,0.3194430778691506,0.3194430778691506,0,1
weekly_state_ungated,2764,2022-06-17,2022-06-27,0.0211666894141107,2022,2022-03-31,learned_order_extension,20260911,0.33808664733638566,0.33808664733638566,0,1
weekly_state_ungated,2769,2022-06-24,2022-07-04,0.0074507343130214,2022,2022-03-31,learned_order_extension,20260911,0.4651372063002809,0.4651372063002809,0,1
weekly_global_validated,2715,2022-04-01,2022-04-12,-0.0129237372705649,2022,2022-03-31,learned_order_extension,20260911,0.7324552613785594,0.7324552613785594,1,0
weekly_global_validated,2718,2022-04-08,2022-04-18,-0.0120986062576864,2022,2022-03-31,learned_order_extension,20260911,0.5757660544472725,0.5757660544472725,1,0
weekly_global_validated,2723,2022-04-15,2022-04-25,-0.0528494340140576,2022,2022-03-31,learned_order_extension,20260911,0.7914821695285316,0.7914821695285316,1,0
weekly_global_validated,2728,2022-04-22,2022-05-05,0.015736821365468,2022,2022-03-31,learned_order_extension,20260911,0.7445035554337466,0.7445035554337466,1,1
weekly_global_validated,2733,2022-04-29,2022-05-11,-0.0278824133054675,2022,2022-03-31,learned_order_extension,20260911,0.512691847329782,0.512691847329782,1,0
weekly_global_validated,2735,2022-05-06,2022-05-16,0.033741423035827,2022,2022-03-31,learned_order_extension,20260911,0.39192947263156325,0.39192947263156325,0,1
weekly_global_validated,2740,2022-05-13,2022-05-23,0.0164308841843088,2022,2022-03-31,learned_order_extension,20260911,0.4923475901483292,0.4923475901483292,0,1
weekly_global_validated,2745,2022-05-20,2022-05-30,-0.0147293413085614,2022,2022-03-31,learned_order_extension,20260911,0.5453859955701774,0.5453859955701774,1,0
weekly_global_validated,2750,2022-05-27,2022-06-13,0.0431748431927498,2022,2022-03-31,learned_order_extension,20260911,0.606543809827078,0.606543809827078,1,1
weekly_global_validated,2759,2022-06-10,2022-06-20,0.0306046547112142,2022,2022-03-31,learned_order_extension,20260911,0.3194430778691506,0.3194430778691506,0,1
weekly_global_validated,2764,2022-06-17,2022-06-27,0.0211666894141107,2022,2022-03-31,learned_order_extension,20260911,0.33808664733638566,0.33808664733638566,0,1
weekly_global_validated,2769,2022-06-24,2022-07-04,0.0074507343130214,2022,2022-03-31,learned_order_extension,20260911,0.4651372063002809,0.4651372063002809,0,1
weekly_global_ungated,2715,2022-04-01,2022-04-12,-0.0129237372705649,2022,2022-03-31,learned_order_extension,20260911,0.7324552613785594,0.7324552613785594,1,0
weekly_global_ungated,2718,2022-04-08,2022-04-18,-0.0120986062576864,2022,2022-03-31,learned_order_extension,20260911,0.5757660544472725,0.5757660544472725,1,0
weekly_global_ungated,2723,2022-04-15,2022-04-25,-0.0528494340140576,2022,2022-03-31,learned_order_extension,20260911,0.7914821695285316,0.7914821695285316,1,0
weekly_global_ungated,2728,2022-04-22,2022-05-05,0.015736821365468,2022,2022-03-31,learned_order_extension,20260911,0.7445035554337466,0.7445035554337466,1,1
weekly_global_ungated,2733,2022-04-29,2022-05-11,-0.0278824133054675,2022,2022-03-31,learned_order_extension,20260911,0.512691847329782,0.512691847329782,1,0
weekly_global_ungated,2735,2022-05-06,2022-05-16,0.033741423035827,2022,2022-03-31,learned_order_extension,20260911,0.39192947263156325,0.39192947263156325,0,1
weekly_global_ungated,2740,2022-05-13,2022-05-23,0.0164308841843088,2022,2022-03-31,learned_order_extension,20260911,0.4923475901483292,0.4923475901483292,0,1
weekly_global_ungated,2745,2022-05-20,2022-05-30,-0.0147293413085614,2022,2022-03-31,learned_order_extension,20260911,0.5453859955701774,0.5453859955701774,1,0
weekly_global_ungated,2750,2022-05-27,2022-06-13,0.0431748431927498,2022,2022-03-31,learned_order_extension,20260911,0.606543809827078,0.606543809827078,1,1
weekly_global_ungated,2759,2022-06-10,2022-06-20,0.0306046547112142,2022,2022-03-31,learned_order_extension,20260911,0.3194430778691506,0.3194430778691506,0,1
weekly_global_ungated,2764,2022-06-17,2022-06-27,0.0211666894141107,2022,2022-03-31,learned_order_extension,20260911,0.33808664733638566,0.33808664733638566,0,1
weekly_global_ungated,2769,2022-06-24,2022-07-04,0.0074507343130214,2022,2022-03-31,learned_order_extension,20260911,0.4651372063002809,0.4651372063002809,0,1
weekly_state_validated,2715,2022-04-01,2022-04-12,-0.0129237372705649,2022,2022-03-31,learned_order_extension,20260912,0.5663838497464478,0.5663838497464478,1,0
weekly_state_validated,2718,2022-04-08,2022-04-18,-0.0120986062576864,2022,2022-03-31,learned_order_extension,20260912,0.5658097590213205,0.5658097590213205,1,0
weekly_state_validated,2723,2022-04-15,2022-04-25,-0.0528494340140576,2022,2022-03-31,learned_order_extension,20260912,0.5761777041401651,0.5761777041401651,1,0
weekly_state_validated,2728,2022-04-22,2022-05-05,0.015736821365468,2022,2022-03-31,learned_order_extension,20260912,0.5221611817410305,0.5221611817410305,1,1
weekly_state_validated,2733,2022-04-29,2022-05-11,-0.0278824133054675,2022,2022-03-31,learned_order_extension,20260912,0.4014543582757582,0.4014543582757582,0,0
weekly_state_validated,2735,2022-05-06,2022-05-16,0.033741423035827,2022,2022-03-31,learned_order_extension,20260912,0.47602162546573495,0.47602162546573495,0,1
weekly_state_validated,2740,2022-05-13,2022-05-23,0.0164308841843088,2022,2022-03-31,learned_order_extension,20260912,0.4674156580741896,0.4674156580741896,0,1
weekly_state_validated,2745,2022-05-20,2022-05-30,-0.0147293413085614,2022,2022-03-31,learned_order_extension,20260912,0.48286106588586175,0.48286106588586175,0,0
weekly_state_validated,2750,2022-05-27,2022-06-13,0.0431748431927498,2022,2022-03-31,learned_order_extension,20260912,0.4605980778391567,0.4605980778391567,0,1
weekly_state_validated,2759,2022-06-10,2022-06-20,0.0306046547112142,2022,2022-03-31,learned_order_extension,20260912,0.3307362612743242,0.3307362612743242,0,1
weekly_state_validated,2764,2022-06-17,2022-06-27,0.0211666894141107,2022,2022-03-31,learned_order_extension,20260912,0.312819666276213,0.312819666276213,0,1
weekly_state_validated,2769,2022-06-24,2022-07-04,0.0074507343130214,2022,2022-03-31,learned_order_extension,20260912,0.38479843885136705,0.38479843885136705,0,1
weekly_state_ungated,2715,2022-04-01,2022-04-12,-0.0129237372705649,2022,2022-03-31,learned_order_extension,20260912,0.5663838497464478,0.5663838497464478,1,0
weekly_state_ungated,2718,2022-04-08,2022-04-18,-0.0120986062576864,2022,2022-03-31,learned_order_extension,20260912,0.5658097590213205,0.5658097590213205,1,0
weekly_state_ungated,2723,2022-04-15,2022-04-25,-0.0528494340140576,2022,2022-03-31,learned_order_extension,20260912,0.5761777041401651,0.5761777041401651,1,0
weekly_state_ungated,2728,2022-04-22,2022-05-05,0.015736821365468,2022,2022-03-31,learned_order_extension,20260912,0.5221611817410305,0.5221611817410305,1,1
weekly_state_ungated,2733,2022-04-29,2022-05-11,-0.0278824133054675,2022,2022-03-31,learned_order_extension,20260912,0.4014543582757582,0.4014543582757582,0,0
weekly_state_ungated,2735,2022-05-06,2022-05-16,0.033741423035827,2022,2022-03-31,learned_order_extension,20260912,0.47602162546573495,0.47602162546573495,0,1
weekly_state_ungated,2740,2022-05-13,2022-05-23,0.0164308841843088,2022,2022-03-31,learned_order_extension,20260912,0.4674156580741896,0.4674156580741896,0,1
weekly_state_ungated,2745,2022-05-20,2022-05-30,-0.0147293413085614,2022,2022-03-31,learned_order_extension,20260912,0.48286106588586175,0.48286106588586175,0,0
weekly_state_ungated,2750,2022-05-27,2022-06-13,0.0431748431927498,2022,2022-03-31,learned_order_extension,20260912,0.4605980778391567,0.4605980778391567,0,1
weekly_state_ungated,2759,2022-06-10,2022-06-20,0.0306046547112142,2022,2022-03-31,learned_order_extension,20260912,0.3307362612743242,0.3307362612743242,0,1
weekly_state_ungated,2764,2022-06-17,2022-06-27,0.0211666894141107,2022,2022-03-31,learned_order_extension,20260912,0.312819666276213,0.312819666276213,0,1
weekly_state_ungated,2769,2022-06-24,2022-07-04,0.0074507343130214,2022,2022-03-31,learned_order_extension,20260912,0.38479843885136705,0.38479843885136705,0,1
weekly_global_validated,2715,2022-04-01,2022-04-12,-0.0129237372705649,2022,2022-03-31,learned_order_extension,20260912,0.5663838497464478,0.5663838497464478,1,0
weekly_global_validated,2718,2022-04-08,2022-04-18,-0.0120986062576864,2022,2022-03-31,learned_order_extension,20260912,0.5658097590213205,0.5658097590213205,1,0
weekly_global_validated,2723,2022-04-15,2022-04-25,-0.0528494340140576,2022,2022-03-31,learned_order_extension,20260912,0.5761777041401651,0.5761777041401651,1,0
weekly_global_validated,2728,2022-04-22,2022-05-05,0.015736821365468,2022,2022-03-31,learned_order_extension,20260912,0.5221611817410305,0.5221611817410305,1,1
weekly_global_validated,2733,2022-04-29,2022-05-11,-0.0278824133054675,2022,2022-03-31,learned_order_extension,20260912,0.4014543582757582,0.4014543582757582,0,0
weekly_global_validated,2735,2022-05-06,2022-05-16,0.033741423035827,2022,2022-03-31,learned_order_extension,20260912,0.47602162546573495,0.47602162546573495,0,1
weekly_global_validated,2740,2022-05-13,2022-05-23,0.0164308841843088,2022,2022-03-31,learned_order_extension,20260912,0.4674156580741896,0.4674156580741896,0,1
weekly_global_validated,2745,2022-05-20,2022-05-30,-0.0147293413085614,2022,2022-03-31,learned_order_extension,20260912,0.48286106588586175,0.48286106588586175,0,0
weekly_global_validated,2750,2022-05-27,2022-06-13,0.0431748431927498,2022,2022-03-31,learned_order_extension,20260912,0.4605980778391567,0.4605980778391567,0,1
weekly_global_validated,2759,2022-06-10,2022-06-20,0.0306046547112142,2022,2022-03-31,learned_order_extension,20260912,0.3307362612743242,0.3307362612743242,0,1
weekly_global_validated,2764,2022-06-17,2022-06-27,0.0211666894141107,2022,2022-03-31,learned_order_extension,20260912,0.312819666276213,0.312819666276213,0,1
weekly_global_validated,2769,2022-06-24,2022-07-04,0.0074507343130214,2022,2022-03-31,learned_order_extension,20260912,0.38479843885136705,0.38479843885136705,0,1
weekly_global_ungated,2715,2022-04-01,2022-04-12,-0.0129237372705649,2022,2022-03-31,learned_order_extension,20260912,0.5663838497464478,0.5663838497464478,1,0
weekly_global_ungated,2718,2022-04-08,2022-04-18,-0.0120986062576864,2022,2022-03-31,learned_order_extension,20260912,0.5658097590213205,0.5658097590213205,1,0
weekly_global_ungated,2723,2022-04-15,2022-04-25,-0.0528494340140576,2022,2022-03-31,learned_order_extension,20260912,0.5761777041401651,0.5761777041401651,1,0
weekly_global_ungated,2728,2022-04-22,2022-05-05,0.015736821365468,2022,2022-03-31,learned_order_extension,20260912,0.5221611817410305,0.5221611817410305,1,1
weekly_global_ungated,2733,2022-04-29,2022-05-11,-0.0278824133054675,2022,2022-03-31,learned_order_extension,20260912,0.4014543582757582,0.4014543582757582,0,0
weekly_global_ungated,2735,2022-05-06,2022-05-16,0.033741423035827,2022,2022-03-31,learned_order_extension,20260912,0.47602162546573495,0.47602162546573495,0,1
weekly_global_ungated,2740,2022-05-13,2022-05-23,0.0164308841843088,2022,2022-03-31,learned_order_extension,20260912,0.4674156580741896,0.4674156580741896,0,1
weekly_global_ungated,2745,2022-05-20,2022-05-30,-0.0147293413085614,2022,2022-03-31,learned_order_extension,20260912,0.48286106588586175,0.48286106588586175,0,0
weekly_global_ungated,2750,2022-05-27,2022-06-13,0.0431748431927498,2022,2022-03-31,learned_order_extension,20260912,0.4605980778391567,0.4605980778391567,0,1
weekly_global_ungated,2759,2022-06-10,2022-06-20,0.0306046547112142,2022,2022-03-31,learned_order_extension,20260912,0.3307362612743242,0.3307362612743242,0,1
weekly_global_ungated,2764,2022-06-17,2022-06-27,0.0211666894141107,2022,2022-03-31,learned_order_extension,20260912,0.312819666276213,0.312819666276213,0,1
weekly_global_ungated,2769,2022-06-24,2022-07-04,0.0074507343130214,2022,2022-03-31,learned_order_extension,20260912,0.38479843885136705,0.38479843885136705,0,1
weekly_state_validated,2715,2022-04-01,2022-04-12,-0.0129237372705649,2022,2022-03-31,learned_order_offset,20260910,0.6694890325996018,0.6694890325996018,1,0
weekly_state_validated,2718,2022-04-08,2022-04-18,-0.0120986062576864,2022,2022-03-31,learned_order_offset,20260910,0.6803426001198963,0.6803426001198963,1,0
weekly_state_validated,2723,2022-04-15,2022-04-25,-0.0528494340140576,2022,2022-03-31,learned_order_offset,20260910,0.6731249980220481,0.6731249980220481,1,0
weekly_state_validated,2728,2022-04-22,2022-05-05,0.015736821365468,2022,2022-03-31,learned_order_offset,20260910,0.641097331377158,0.641097331377158,1,1
weekly_state_validated,2733,2022-04-29,2022-05-11,-0.0278824133054675,2022,2022-03-31,learned_order_offset,20260910,0.6286451625043376,0.6286451625043376,1,0
weekly_state_validated,2735,2022-05-06,2022-05-16,0.033741423035827,2022,2022-03-31,learned_order_offset,20260910,0.6539023380631441,0.6539023380631441,1,1
weekly_state_validated,2740,2022-05-13,2022-05-23,0.0164308841843088,2022,2022-03-31,learned_order_offset,20260910,0.6546369622968728,0.6546369622968728,1,1
weekly_state_validated,2745,2022-05-20,2022-05-30,-0.0147293413085614,2022,2022-03-31,learned_order_offset,20260910,0.5880855347067084,0.5880855347067084,1,0
weekly_state_validated,2750,2022-05-27,2022-06-13,0.0431748431927498,2022,2022-03-31,learned_order_offset,20260910,0.5080704772787945,0.5080704772787945,1,1
weekly_state_validated,2759,2022-06-10,2022-06-20,0.0306046547112142,2022,2022-03-31,learned_order_offset,20260910,0.5321675139264588,0.5321675139264588,1,1
weekly_state_validated,2764,2022-06-17,2022-06-27,0.0211666894141107,2022,2022-03-31,learned_order_offset,20260910,0.485730573138482,0.485730573138482,0,1
weekly_state_validated,2769,2022-06-24,2022-07-04,0.0074507343130214,2022,2022-03-31,learned_order_offset,20260910,0.48755264163513784,0.48755264163513784,0,1
weekly_state_ungated,2715,2022-04-01,2022-04-12,-0.0129237372705649,2022,2022-03-31,learned_order_offset,20260910,0.6694890325996018,0.6694890325996018,1,0
weekly_state_ungated,2718,2022-04-08,2022-04-18,-0.0120986062576864,2022,2022-03-31,learned_order_offset,20260910,0.6803426001198963,0.6803426001198963,1,0
weekly_state_ungated,2723,2022-04-15,2022-04-25,-0.0528494340140576,2022,2022-03-31,learned_order_offset,20260910,0.6731249980220481,0.6731249980220481,1,0
weekly_state_ungated,2728,2022-04-22,2022-05-05,0.015736821365468,2022,2022-03-31,learned_order_offset,20260910,0.641097331377158,0.641097331377158,1,1
weekly_state_ungated,2733,2022-04-29,2022-05-11,-0.0278824133054675,2022,2022-03-31,learned_order_offset,20260910,0.6286451625043376,0.6286451625043376,1,0
weekly_state_ungated,2735,2022-05-06,2022-05-16,0.033741423035827,2022,2022-03-31,learned_order_offset,20260910,0.6539023380631441,0.6539023380631441,1,1
weekly_state_ungated,2740,2022-05-13,2022-05-23,0.0164308841843088,2022,2022-03-31,learned_order_offset,20260910,0.6546369622968728,0.6546369622968728,1,1
weekly_state_ungated,2745,2022-05-20,2022-05-30,-0.0147293413085614,2022,2022-03-31,learned_order_offset,20260910,0.5880855347067084,0.5880855347067084,1,0
weekly_state_ungated,2750,2022-05-27,2022-06-13,0.0431748431927498,2022,2022-03-31,learned_order_offset,20260910,0.5080704772787945,0.5080704772787945,1,1
weekly_state_ungated,2759,2022-06-10,2022-06-20,0.0306046547112142,2022,2022-03-31,learned_order_offset,20260910,0.5321675139264588,0.5321675139264588,1,1
weekly_state_ungated,2764,2022-06-17,2022-06-27,0.0211666894141107,2022,2022-03-31,learned_order_offset,20260910,0.485730573138482,0.485730573138482,0,1
weekly_state_ungated,2769,2022-06-24,2022-07-04,0.0074507343130214,2022,2022-03-31,learned_order_offset,20260910,0.48755264163513784,0.48755264163513784,0,1
weekly_global_validated,2715,2022-04-01,2022-04-12,-0.0129237372705649,2022,2022-03-31,learned_order_offset,20260910,0.6694890325996018,0.6694890325996018,1,0
weekly_global_validated,2718,2022-04-08,2022-04-18,-0.0120986062576864,2022,2022-03-31,learned_order_offset,20260910,0.6803426001198963,0.6803426001198963,1,0
weekly_global_validated,2723,2022-04-15,2022-04-25,-0.0528494340140576,2022,2022-03-31,learned_order_offset,20260910,0.6731249980220481,0.6731249980220481,1,0
weekly_global_validated,2728,2022-04-22,2022-05-05,0.015736821365468,2022,2022-03-31,learned_order_offset,20260910,0.641097331377158,0.641097331377158,1,1
weekly_global_validated,2733,2022-04-29,2022-05-11,-0.0278824133054675,2022,2022-03-31,learned_order_offset,20260910,0.6286451625043376,0.6286451625043376,1,0
weekly_global_validated,2735,2022-05-06,2022-05-16,0.033741423035827,2022,2022-03-31,learned_order_offset,20260910,0.6539023380631441,0.6539023380631441,1,1
weekly_global_validated,2740,2022-05-13,2022-05-23,0.0164308841843088,2022,2022-03-31,learned_order_offset,20260910,0.6546369622968728,0.6546369622968728,1,1
weekly_global_validated,2745,2022-05-20,2022-05-30,-0.0147293413085614,2022,2022-03-31,learned_order_offset,20260910,0.5880855347067084,0.5880855347067084,1,0
weekly_global_validated,2750,2022-05-27,2022-06-13,0.0431748431927498,2022,2022-03-31,learned_order_offset,20260910,0.5080704772787945,0.5080704772787945,1,1
weekly_global_validated,2759,2022-06-10,2022-06-20,0.0306046547112142,2022,2022-03-31,learned_order_offset,20260910,0.5321675139264588,0.5321675139264588,1,1
weekly_global_validated,2764,2022-06-17,2022-06-27,0.0211666894141107,2022,2022-03-31,learned_order_offset,20260910,0.485730573138482,0.485730573138482,0,1
weekly_global_validated,2769,2022-06-24,2022-07-04,0.0074507343130214,2022,2022-03-31,learned_order_offset,20260910,0.48755264163513784,0.48755264163513784,0,1
weekly_global_ungated,2715,2022-04-01,2022-04-12,-0.0129237372705649,2022,2022-03-31,learned_order_offset,20260910,0.6694890325996018,0.6694890325996018,1,0
weekly_global_ungated,2718,2022-04-08,2022-04-18,-0.0120986062576864,2022,2022-03-31,learned_order_offset,20260910,0.6803426001198963,0.6803426001198963,1,0
weekly_global_ungated,2723,2022-04-15,2022-04-25,-0.0528494340140576,2022,2022-03-31,learned_order_offset,20260910,0.6731249980220481,0.6731249980220481,1,0
weekly_global_ungated,2728,2022-04-22,2022-05-05,0.015736821365468,2022,2022-03-31,learned_order_offset,20260910,0.641097331377158,0.641097331377158,1,1
weekly_global_ungated,2733,2022-04-29,2022-05-11,-0.0278824133054675,2022,2022-03-31,learned_order_offset,20260910,0.6286451625043376,0.6286451625043376,1,0
weekly_global_ungated,2735,2022-05-06,2022-05-16,0.033741423035827,2022,2022-03-31,learned_order_offset,20260910,0.6539023380631441,0.6539023380631441,1,1
weekly_global_ungated,2740,2022-05-13,2022-05-23,0.0164308841843088,2022,2022-03-31,learned_order_offset,20260910,0.6546369622968728,0.6546369622968728,1,1
weekly_global_ungated,2745,2022-05-20,2022-05-30,-0.0147293413085614,2022,2022-03-31,learned_order_offset,20260910,0.5880855347067084,0.5880855347067084,1,0
weekly_global_ungated,2750,2022-05-27,2022-06-13,0.0431748431927498,2022,2022-03-31,learned_order_offset,20260910,0.5080704772787945,0.5080704772787945,1,1
weekly_global_ungated,2759,2022-06-10,2022-06-20,0.0306046547112142,2022,2022-03-31,learned_order_offset,20260910,0.5321675139264588,0.5321675139264588,1,1
weekly_global_ungated,2764,2022-06-17,2022-06-27,0.0211666894141107,2022,2022-03-31,learned_order_offset,20260910,0.485730573138482,0.485730573138482,0,1
weekly_global_ungated,2769,2022-06-24,2022-07-04,0.0074507343130214,2022,2022-03-31,learned_order_offset,20260910,0.48755264163513784,0.48755264163513784,0,1
weekly_state_validated,2715,2022-04-01,2022-04-12,-0.0129237372705649,2022,2022-03-31,learned_order_offset,20260911,0.7324670213429436,0.7324670213429436,1,0
weekly_state_validated,2718,2022-04-08,2022-04-18,-0.0120986062576864,2022,2022-03-31,learned_order_offset,20260911,0.5743123235952446,0.5743123235952446,1,0
weekly_state_validated,2723,2022-04-15,2022-04-25,-0.0528494340140576,2022,2022-03-31,learned_order_offset,20260911,0.789920397567569,0.789920397567569,1,0
weekly_state_validated,2728,2022-04-22,2022-05-05,0.015736821365468,2022,2022-03-31,learned_order_offset,20260911,0.7438162541041152,0.7438162541041152,1,1
weekly_state_validated,2733,2022-04-29,2022-05-11,-0.0278824133054675,2022,2022-03-31,learned_order_offset,20260911,0.5113015107739602,0.5113015107739602,1,0
weekly_state_validated,2735,2022-05-06,2022-05-16,0.033741423035827,2022,2022-03-31,learned_order_offset,20260911,0.3890720337526808,0.3890720337526808,0,1
weekly_state_validated,2740,2022-05-13,2022-05-23,0.0164308841843088,2022,2022-03-31,learned_order_offset,20260911,0.4890167561559044,0.4890167561559044,0,1
weekly_state_validated,2745,2022-05-20,2022-05-30,-0.0147293413085614,2022,2022-03-31,learned_order_offset,20260911,0.5443348672271099,0.5443348672271099,1,0
weekly_state_validated,2750,2022-05-27,2022-06-13,0.0431748431927498,2022,2022-03-31,learned_order_offset,20260911,0.6058889369805722,0.6058889369805722,1,1
weekly_state_validated,2759,2022-06-10,2022-06-20,0.0306046547112142,2022,2022-03-31,learned_order_offset,20260911,0.3203786258296504,0.3203786258296504,0,1
weekly_state_validated,2764,2022-06-17,2022-06-27,0.0211666894141107,2022,2022-03-31,learned_order_offset,20260911,0.3393918095171554,0.3393918095171554,0,1
weekly_state_validated,2769,2022-06-24,2022-07-04,0.0074507343130214,2022,2022-03-31,learned_order_offset,20260911,0.4655557857250781,0.4655557857250781,0,1
weekly_state_ungated,2715,2022-04-01,2022-04-12,-0.0129237372705649,2022,2022-03-31,learned_order_offset,20260911,0.7324670213429436,0.7324670213429436,1,0
weekly_state_ungated,2718,2022-04-08,2022-04-18,-0.0120986062576864,2022,2022-03-31,learned_order_offset,20260911,0.5743123235952446,0.5743123235952446,1,0
weekly_state_ungated,2723,2022-04-15,2022-04-25,-0.0528494340140576,2022,2022-03-31,learned_order_offset,20260911,0.789920397567569,0.789920397567569,1,0
weekly_state_ungated,2728,2022-04-22,2022-05-05,0.015736821365468,2022,2022-03-31,learned_order_offset,20260911,0.7438162541041152,0.7438162541041152,1,1
weekly_state_ungated,2733,2022-04-29,2022-05-11,-0.0278824133054675,2022,2022-03-31,learned_order_offset,20260911,0.5113015107739602,0.5113015107739602,1,0
weekly_state_ungated,2735,2022-05-06,2022-05-16,0.033741423035827,2022,2022-03-31,learned_order_offset,20260911,0.3890720337526808,0.3890720337526808,0,1
weekly_state_ungated,2740,2022-05-13,2022-05-23,0.0164308841843088,2022,2022-03-31,learned_order_offset,20260911,0.4890167561559044,0.4890167561559044,0,1
weekly_state_ungated,2745,2022-05-20,2022-05-30,-0.0147293413085614,2022,2022-03-31,learned_order_offset,20260911,0.5443348672271099,0.5443348672271099,1,0
weekly_state_ungated,2750,2022-05-27,2022-06-13,0.0431748431927498,2022,2022-03-31,learned_order_offset,20260911,0.6058889369805722,0.6058889369805722,1,1
weekly_state_ungated,2759,2022-06-10,2022-06-20,0.0306046547112142,2022,2022-03-31,learned_order_offset,20260911,0.3203786258296504,0.3203786258296504,0,1
weekly_state_ungated,2764,2022-06-17,2022-06-27,0.0211666894141107,2022,2022-03-31,learned_order_offset,20260911,0.3393918095171554,0.3393918095171554,0,1
weekly_state_ungated,2769,2022-06-24,2022-07-04,0.0074507343130214,2022,2022-03-31,learned_order_offset,20260911,0.4655557857250781,0.4655557857250781,0,1
weekly_global_validated,2715,2022-04-01,2022-04-12,-0.0129237372705649,2022,2022-03-31,learned_order_offset,20260911,0.7324670213429436,0.7324670213429436,1,0
weekly_global_validated,2718,2022-04-08,2022-04-18,-0.0120986062576864,2022,2022-03-31,learned_order_offset,20260911,0.5743123235952446,0.5743123235952446,1,0
weekly_global_validated,2723,2022-04-15,2022-04-25,-0.0528494340140576,2022,2022-03-31,learned_order_offset,20260911,0.789920397567569,0.789920397567569,1,0
weekly_global_validated,2728,2022-04-22,2022-05-05,0.015736821365468,2022,2022-03-31,learned_order_offset,20260911,0.7438162541041152,0.7438162541041152,1,1
weekly_global_validated,2733,2022-04-29,2022-05-11,-0.0278824133054675,2022,2022-03-31,learned_order_offset,20260911,0.5113015107739602,0.5113015107739602,1,0
weekly_global_validated,2735,2022-05-06,2022-05-16,0.033741423035827,2022,2022-03-31,learned_order_offset,20260911,0.3890720337526808,0.3890720337526808,0,1
weekly_global_validated,2740,2022-05-13,2022-05-23,0.0164308841843088,2022,2022-03-31,learned_order_offset,20260911,0.4890167561559044,0.4890167561559044,0,1
weekly_global_validated,2745,2022-05-20,2022-05-30,-0.0147293413085614,2022,2022-03-31,learned_order_offset,20260911,0.5443348672271099,0.5443348672271099,1,0
weekly_global_validated,2750,2022-05-27,2022-06-13,0.0431748431927498,2022,2022-03-31,learned_order_offset,20260911,0.6058889369805722,0.6058889369805722,1,1
weekly_global_validated,2759,2022-06-10,2022-06-20,0.0306046547112142,2022,2022-03-31,learned_order_offset,20260911,0.3203786258296504,0.3203786258296504,0,1
weekly_global_validated,2764,2022-06-17,2022-06-27,0.0211666894141107,2022,2022-03-31,learned_order_offset,20260911,0.3393918095171554,0.3393918095171554,0,1
weekly_global_validated,2769,2022-06-24,2022-07-04,0.0074507343130214,2022,2022-03-31,learned_order_offset,20260911,0.4655557857250781,0.4655557857250781,0,1
weekly_global_ungated,2715,2022-04-01,2022-04-12,-0.0129237372705649,2022,2022-03-31,learned_order_offset,20260911,0.7324670213429436,0.7324670213429436,1,0
weekly_global_ungated,2718,2022-04-08,2022-04-18,-0.0120986062576864,2022,2022-03-31,learned_order_offset,20260911,0.5743123235952446,0.5743123235952446,1,0
weekly_global_ungated,2723,2022-04-15,2022-04-25,-0.0528494340140576,2022,2022-03-31,learned_order_offset,20260911,0.789920397567569,0.789920397567569,1,0
weekly_global_ungated,2728,2022-04-22,2022-05-05,0.015736821365468,2022,2022-03-31,learned_order_offset,20260911,0.7438162541041152,0.7438162541041152,1,1
weekly_global_ungated,2733,2022-04-29,2022-05-11,-0.0278824133054675,2022,2022-03-31,learned_order_offset,20260911,0.5113015107739602,0.5113015107739602,1,0
weekly_global_ungated,2735,2022-05-06,2022-05-16,0.033741423035827,2022,2022-03-31,learned_order_offset,20260911,0.3890720337526808,0.3890720337526808,0,1
weekly_global_ungated,2740,2022-05-13,2022-05-23,0.0164308841843088,2022,2022-03-31,learned_order_offset,20260911,0.4890167561559044,0.4890167561559044,0,1
weekly_global_ungated,2745,2022-05-20,2022-05-30,-0.0147293413085614,2022,2022-03-31,learned_order_offset,20260911,0.5443348672271099,0.5443348672271099,1,0
weekly_global_ungated,2750,2022-05-27,2022-06-13,0.0431748431927498,2022,2022-03-31,learned_order_offset,20260911,0.6058889369805722,0.6058889369805722,1,1
weekly_global_ungated,2759,2022-06-10,2022-06-20,0.0306046547112142,2022,2022-03-31,learned_order_offset,20260911,0.3203786258296504,0.3203786258296504,0,1
weekly_global_ungated,2764,2022-06-17,2022-06-27,0.0211666894141107,2022,2022-03-31,learned_order_offset,20260911,0.3393918095171554,0.3393918095171554,0,1
weekly_global_ungated,2769,2022-06-24,2022-07-04,0.0074507343130214,2022,2022-03-31,learned_order_offset,20260911,0.4655557857250781,0.4655557857250781,0,1
weekly_state_validated,2715,2022-04-01,2022-04-12,-0.0129237372705649,2022,2022-03-31,learned_order_offset,20260912,0.5664637136117925,0.5664637136117925,1,0
weekly_state_validated,2718,2022-04-08,2022-04-18,-0.0120986062576864,2022,2022-03-31,learned_order_offset,20260912,0.5658239286779201,0.5658239286779201,1,0
weekly_state_validated,2723,2022-04-15,2022-04-25,-0.0528494340140576,2022,2022-03-31,learned_order_offset,20260912,0.5762053845604607,0.5762053845604607,1,0
weekly_state_validated,2728,2022-04-22,2022-05-05,0.015736821365468,2022,2022-03-31,learned_order_offset,20260912,0.5222181583301384,0.5222181583301384,1,1
weekly_state_validated,2733,2022-04-29,2022-05-11,-0.0278824133054675,2022,2022-03-31,learned_order_offset,20260912,0.40156189565790024,0.40156189565790024,0,0
weekly_state_validated,2735,2022-05-06,2022-05-16,0.033741423035827,2022,2022-03-31,learned_order_offset,20260912,0.4760551178307766,0.4760551178307766,0,1
weekly_state_validated,2740,2022-05-13,2022-05-23,0.0164308841843088,2022,2022-03-31,learned_order_offset,20260912,0.46741359959285833,0.46741359959285833,0,1
weekly_state_validated,2745,2022-05-20,2022-05-30,-0.0147293413085614,2022,2022-03-31,learned_order_offset,20260912,0.4829666670195881,0.4829666670195881,0,0
weekly_state_validated,2750,2022-05-27,2022-06-13,0.0431748431927498,2022,2022-03-31,learned_order_offset,20260912,0.4606339295692324,0.4606339295692324,0,1
weekly_state_validated,2759,2022-06-10,2022-06-20,0.0306046547112142,2022,2022-03-31,learned_order_offset,20260912,0.3309313135172127,0.3309313135172127,0,1
weekly_state_validated,2764,2022-06-17,2022-06-27,0.0211666894141107,2022,2022-03-31,learned_order_offset,20260912,0.31302829433814716,0.31302829433814716,0,1
weekly_state_validated,2769,2022-06-24,2022-07-04,0.0074507343130214,2022,2022-03-31,learned_order_offset,20260912,0.38491716457946495,0.38491716457946495,0,1
weekly_state_ungated,2715,2022-04-01,2022-04-12,-0.0129237372705649,2022,2022-03-31,learned_order_offset,20260912,0.5664637136117925,0.5664637136117925,1,0
weekly_state_ungated,2718,2022-04-08,2022-04-18,-0.0120986062576864,2022,2022-03-31,learned_order_offset,20260912,0.5658239286779201,0.5658239286779201,1,0
weekly_state_ungated,2723,2022-04-15,2022-04-25,-0.0528494340140576,2022,2022-03-31,learned_order_offset,20260912,0.5762053845604607,0.5762053845604607,1,0
weekly_state_ungated,2728,2022-04-22,2022-05-05,0.015736821365468,2022,2022-03-31,learned_order_offset,20260912,0.5222181583301384,0.5222181583301384,1,1
weekly_state_ungated,2733,2022-04-29,2022-05-11,-0.0278824133054675,2022,2022-03-31,learned_order_offset,20260912,0.40156189565790024,0.40156189565790024,0,0
weekly_state_ungated,2735,2022-05-06,2022-05-16,0.033741423035827,2022,2022-03-31,learned_order_offset,20260912,0.4760551178307766,0.4760551178307766,0,1
weekly_state_ungated,2740,2022-05-13,2022-05-23,0.0164308841843088,2022,2022-03-31,learned_order_offset,20260912,0.46741359959285833,0.46741359959285833,0,1
weekly_state_ungated,2745,2022-05-20,2022-05-30,-0.0147293413085614,2022,2022-03-31,learned_order_offset,20260912,0.4829666670195881,0.4829666670195881,0,0
weekly_state_ungated,2750,2022-05-27,2022-06-13,0.0431748431927498,2022,2022-03-31,learned_order_offset,20260912,0.4606339295692324,0.4606339295692324,0,1
weekly_state_ungated,2759,2022-06-10,2022-06-20,0.0306046547112142,2022,2022-03-31,learned_order_offset,20260912,0.3309313135172127,0.3309313135172127,0,1
weekly_state_ungated,2764,2022-06-17,2022-06-27,0.0211666894141107,2022,2022-03-31,learned_order_offset,20260912,0.31302829433814716,0.31302829433814716,0,1
weekly_state_ungated,2769,2022-06-24,2022-07-04,0.0074507343130214,2022,2022-03-31,learned_order_offset,20260912,0.38491716457946495,0.38491716457946495,0,1
weekly_global_validated,2715,2022-04-01,2022-04-12,-0.0129237372705649,2022,2022-03-31,learned_order_offset,20260912,0.5664637136117925,0.5664637136117925,1,0
weekly_global_validated,2718,2022-04-08,2022-04-18,-0.0120986062576864,2022,2022-03-31,learned_order_offset,20260912,0.5658239286779201,0.5658239286779201,1,0
weekly_global_validated,2723,2022-04-15,2022-04-25,-0.0528494340140576,2022,2022-03-31,learned_order_offset,20260912,0.5762053845604607,0.5762053845604607,1,0
weekly_global_validated,2728,2022-04-22,2022-05-05,0.015736821365468,2022,2022-03-31,learned_order_offset,20260912,0.5222181583301384,0.5222181583301384,1,1
weekly_global_validated,2733,2022-04-29,2022-05-11,-0.0278824133054675,2022,2022-03-31,learned_order_offset,20260912,0.40156189565790024,0.40156189565790024,0,0
weekly_global_validated,2735,2022-05-06,2022-05-16,0.033741423035827,2022,2022-03-31,learned_order_offset,20260912,0.4760551178307766,0.4760551178307766,0,1
weekly_global_validated,2740,2022-05-13,2022-05-23,0.0164308841843088,2022,2022-03-31,learned_order_offset,20260912,0.46741359959285833,0.46741359959285833,0,1
weekly_global_validated,2745,2022-05-20,2022-05-30,-0.0147293413085614,2022,2022-03-31,learned_order_offset,20260912,0.4829666670195881,0.4829666670195881,0,0
weekly_global_validated,2750,2022-05-27,2022-06-13,0.0431748431927498,2022,2022-03-31,learned_order_offset,20260912,0.4606339295692324,0.4606339295692324,0,1
weekly_global_validated,2759,2022-06-10,2022-06-20,0.0306046547112142,2022,2022-03-31,learned_order_offset,20260912,0.3309313135172127,0.3309313135172127,0,1
weekly_global_validated,2764,2022-06-17,2022-06-27,0.0211666894141107,2022,2022-03-31,learned_order_offset,20260912,0.31302829433814716,0.31302829433814716,0,1
weekly_global_validated,2769,2022-06-24,2022-07-04,0.0074507343130214,2022,2022-03-31,learned_order_offset,20260912,0.38491716457946495,0.38491716457946495,0,1
weekly_global_ungated,2715,2022-04-01,2022-04-12,-0.0129237372705649,2022,2022-03-31,learned_order_offset,20260912,0.5664637136117925,0.5664637136117925,1,0
weekly_global_ungated,2718,2022-04-08,2022-04-18,-0.0120986062576864,2022,2022-03-31,learned_order_offset,20260912,0.5658239286779201,0.5658239286779201,1,0
weekly_global_ungated,2723,2022-04-15,2022-04-25,-0.0528494340140576,2022,2022-03-31,learned_order_offset,20260912,0.5762053845604607,0.5762053845604607,1,0
weekly_global_ungated,2728,2022-04-22,2022-05-05,0.015736821365468,2022,2022-03-31,learned_order_offset,20260912,0.5222181583301384,0.5222181583301384,1,1
weekly_global_ungated,2733,2022-04-29,2022-05-11,-0.0278824133054675,2022,2022-03-31,learned_order_offset,20260912,0.40156189565790024,0.40156189565790024,0,0
weekly_global_ungated,2735,2022-05-06,2022-05-16,0.033741423035827,2022,2022-03-31,learned_order_offset,20260912,0.4760551178307766,0.4760551178307766,0,1
weekly_global_ungated,2740,2022-05-13,2022-05-23,0.0164308841843088,2022,2022-03-31,learned_order_offset,20260912,0.46741359959285833,0.46741359959285833,0,1
weekly_global_ungated,2745,2022-05-20,2022-05-30,-0.0147293413085614,2022,2022-03-31,learned_order_offset,20260912,0.4829666670195881,0.4829666670195881,0,0
weekly_global_ungated,2750,2022-05-27,2022-06-13,0.0431748431927498,2022,2022-03-31,learned_order_offset,20260912,0.4606339295692324,0.4606339295692324,0,1
weekly_global_ungated,2759,2022-06-10,2022-06-20,0.0306046547112142,2022,2022-03-31,learned_order_offset,20260912,0.3309313135172127,0.3309313135172127,0,1
weekly_global_ungated,2764,2022-06-17,2022-06-27,0.0211666894141107,2022,2022-03-31,learned_order_offset,20260912,0.31302829433814716,0.31302829433814716,0,1
weekly_global_ungated,2769,2022-06-24,2022-07-04,0.0074507343130214,2022,2022-03-31,learned_order_offset,20260912,0.38491716457946495,0.38491716457946495,0,1
weekly_state_validated,2774,2022-07-01,2022-07-11,-0.0092349827532707,2022,2022-06-30,learned_market,20260910,0.5770861008001591,0.5770861008001591,1,0
weekly_state_validated,2779,2022-07-08,2022-07-18,-0.0326815927737367,2022,2022-06-30,learned_market,20260910,0.5381607401143592,0.5381607401143592,1,0
weekly_state_validated,2784,2022-07-15,2022-07-25,-0.0066210715249344,2022,2022-06-30,learned_market,20260910,0.4788824704425519,0.4788824704425519,0,0
weekly_state_validated,2789,2022-07-22,2022-08-01,-0.0173077967751003,2022,2022-06-30,learned_market,20260910,0.567115820912824,0.567115820912824,1,0
weekly_state_validated,2794,2022-07-29,2022-08-08,-0.004456034513838,2022,2022-06-30,learned_market,20260910,0.7475455860840632,0.7475455860840632,1,0
weekly_state_validated,2799,2022-08-05,2022-08-15,0.0091475117753996,2022,2022-06-30,learned_market,20260910,0.6586912425838466,0.6586912425838466,1,1
weekly_state_validated,2804,2022-08-12,2022-08-22,-0.0107272727272728,2022,2022-06-30,learned_market,20260910,0.6453382465097172,0.6453382465097172,1,0
weekly_state_validated,2809,2022-08-19,2022-08-29,-0.0172375434082356,2022,2022-06-30,learned_market,20260910,0.674643796620323,0.674643796620323,1,0
weekly_state_validated,2814,2022-08-26,2022-09-05,-0.0131573766941938,2022,2022-06-30,learned_market,20260910,0.6396510058407642,0.6396510058407642,1,0
weekly_state_validated,2819,2022-09-02,2022-09-13,0.0253340680878015,2022,2022-06-30,learned_market,20260910,0.6087605094365632,0.6087605094365632,1,1
weekly_state_validated,2824,2022-09-09,2022-09-19,-0.044647264962877,2022,2022-06-30,learned_market,20260910,0.7721790950630053,0.7721790950630053,1,0
weekly_state_validated,2828,2022-09-16,2022-09-26,-0.025155151434928,2022,2022-06-30,learned_market,20260910,0.5649186144863099,0.5649186144863099,1,0
weekly_state_validated,2833,2022-09-23,2022-10-10,-0.0060162941299352,2022,2022-06-30,learned_market,20260910,0.7324525583451496,0.7324525583451496,1,0
weekly_state_validated,2838,2022-09-30,2022-10-17,0.0041192047412885,2022,2022-06-30,learned_market,20260910,0.551594616292446,0.551594616292446,1,1
weekly_state_ungated,2774,2022-07-01,2022-07-11,-0.0092349827532707,2022,2022-06-30,learned_market,20260910,0.5770861008001591,0.5770861008001591,1,0
weekly_state_ungated,2779,2022-07-08,2022-07-18,-0.0326815927737367,2022,2022-06-30,learned_market,20260910,0.5381607401143592,0.5381607401143592,1,0
weekly_state_ungated,2784,2022-07-15,2022-07-25,-0.0066210715249344,2022,2022-06-30,learned_market,20260910,0.4788824704425519,0.4788824704425519,0,0
weekly_state_ungated,2789,2022-07-22,2022-08-01,-0.0173077967751003,2022,2022-06-30,learned_market,20260910,0.567115820912824,0.567115820912824,1,0
weekly_state_ungated,2794,2022-07-29,2022-08-08,-0.004456034513838,2022,2022-06-30,learned_market,20260910,0.7475455860840632,0.7475455860840632,1,0
weekly_state_ungated,2799,2022-08-05,2022-08-15,0.0091475117753996,2022,2022-06-30,learned_market,20260910,0.6586912425838466,0.6586912425838466,1,1
weekly_state_ungated,2804,2022-08-12,2022-08-22,-0.0107272727272728,2022,2022-06-30,learned_market,20260910,0.6453382465097172,0.6453382465097172,1,0
weekly_state_ungated,2809,2022-08-19,2022-08-29,-0.0172375434082356,2022,2022-06-30,learned_market,20260910,0.674643796620323,0.674643796620323,1,0
weekly_state_ungated,2814,2022-08-26,2022-09-05,-0.0131573766941938,2022,2022-06-30,learned_market,20260910,0.6396510058407642,0.6396510058407642,1,0
weekly_state_ungated,2819,2022-09-02,2022-09-13,0.0253340680878015,2022,2022-06-30,learned_market,20260910,0.5833614965424988,0.5833614965424988,1,1
weekly_state_ungated,2824,2022-09-09,2022-09-19,-0.044647264962877,2022,2022-06-30,learned_market,20260910,0.7530860769844581,0.7530860769844581,1,0
weekly_state_ungated,2828,2022-09-16,2022-09-26,-0.025155151434928,2022,2022-06-30,learned_market,20260910,0.5388295617909097,0.5388295617909097,1,0
weekly_state_ungated,2833,2022-09-23,2022-10-10,-0.0060162941299352,2022,2022-06-30,learned_market,20260910,0.7112750543318359,0.7112750543318359,1,0
weekly_state_ungated,2838,2022-09-30,2022-10-17,0.0041192047412885,2022,2022-06-30,learned_market,20260910,0.5253778587811716,0.5253778587811716,1,1
weekly_global_validated,2774,2022-07-01,2022-07-11,-0.0092349827532707,2022,2022-06-30,learned_market,20260910,0.5770861008001591,0.5770861008001591,1,0
weekly_global_validated,2779,2022-07-08,2022-07-18,-0.0326815927737367,2022,2022-06-30,learned_market,20260910,0.5381607401143592,0.5381607401143592,1,0
weekly_global_validated,2784,2022-07-15,2022-07-25,-0.0066210715249344,2022,2022-06-30,learned_market,20260910,0.4788824704425519,0.4788824704425519,0,0
weekly_global_validated,2789,2022-07-22,2022-08-01,-0.0173077967751003,2022,2022-06-30,learned_market,20260910,0.567115820912824,0.567115820912824,1,0
weekly_global_validated,2794,2022-07-29,2022-08-08,-0.004456034513838,2022,2022-06-30,learned_market,20260910,0.7475455860840632,0.7475455860840632,1,0
weekly_global_validated,2799,2022-08-05,2022-08-15,0.0091475117753996,2022,2022-06-30,learned_market,20260910,0.6586912425838466,0.6586912425838466,1,1
weekly_global_validated,2804,2022-08-12,2022-08-22,-0.0107272727272728,2022,2022-06-30,learned_market,20260910,0.6453382465097172,0.6453382465097172,1,0
weekly_global_validated,2809,2022-08-19,2022-08-29,-0.0172375434082356,2022,2022-06-30,learned_market,20260910,0.674643796620323,0.674643796620323,1,0
weekly_global_validated,2814,2022-08-26,2022-09-05,-0.0131573766941938,2022,2022-06-30,learned_market,20260910,0.6396510058407642,0.6396510058407642,1,0
weekly_global_validated,2819,2022-09-02,2022-09-13,0.0253340680878015,2022,2022-06-30,learned_market,20260910,0.6087605094365632,0.6087605094365632,1,1
weekly_global_validated,2824,2022-09-09,2022-09-19,-0.044647264962877,2022,2022-06-30,learned_market,20260910,0.7721790950630053,0.7721790950630053,1,0
weekly_global_validated,2828,2022-09-16,2022-09-26,-0.025155151434928,2022,2022-06-30,learned_market,20260910,0.5649186144863099,0.5649186144863099,1,0
weekly_global_validated,2833,2022-09-23,2022-10-10,-0.0060162941299352,2022,2022-06-30,learned_market,20260910,0.7324525583451496,0.7324525583451496,1,0
weekly_global_validated,2838,2022-09-30,2022-10-17,0.0041192047412885,2022,2022-06-30,learned_market,20260910,0.551594616292446,0.551594616292446,1,1
weekly_global_ungated,2774,2022-07-01,2022-07-11,-0.0092349827532707,2022,2022-06-30,learned_market,20260910,0.5073405856164219,0.5073405856164219,1,0
weekly_global_ungated,2779,2022-07-08,2022-07-18,-0.0326815927737367,2022,2022-06-30,learned_market,20260910,0.4679146419942822,0.4679146419942822,0,0
weekly_global_ungated,2784,2022-07-15,2022-07-25,-0.0066210715249344,2022,2022-06-30,learned_market,20260910,0.4095130384732495,0.4095130384732495,0,0
weekly_global_ungated,2789,2022-07-22,2022-08-01,-0.0173077967751003,2022,2022-06-30,learned_market,20260910,0.49715876330322306,0.49715876330322306,0,0
weekly_global_ungated,2794,2022-07-29,2022-08-08,-0.004456034513838,2022,2022-06-30,learned_market,20260910,0.6908521470631098,0.6908521470631098,1,0
weekly_global_ungated,2799,2022-08-05,2022-08-15,0.0091475117753996,2022,2022-06-30,learned_market,20260910,0.5929101559566164,0.5929101559566164,1,1
weekly_global_ungated,2804,2022-08-12,2022-08-22,-0.0107272727272728,2022,2022-06-30,learned_market,20260910,0.5786299310433716,0.5786299310433716,1,0
weekly_global_ungated,2809,2022-08-19,2022-08-29,-0.0172375434082356,2022,2022-06-30,learned_market,20260910,0.6101174253550172,0.6101174253550172,1,0
weekly_global_ungated,2814,2022-08-26,2022-09-05,-0.0131573766941938,2022,2022-06-30,learned_market,20260910,0.5725814665905967,0.5725814665905967,1,0
weekly_global_ungated,2819,2022-09-02,2022-09-13,0.0253340680878015,2022,2022-06-30,learned_market,20260910,0.5400755110874869,0.5400755110874869,1,1
weekly_global_ungated,2824,2022-09-09,2022-09-19,-0.044647264962877,2022,2022-06-30,learned_market,20260910,0.7189376856100441,0.7189376856100441,1,0
weekly_global_ungated,2828,2022-09-16,2022-09-26,-0.025155151434928,2022,2022-06-30,learned_market,20260910,0.49492271318969494,0.49492271318969494,0,0
weekly_global_ungated,2833,2022-09-23,2022-10-10,-0.0060162941299352,2022,2022-06-30,learned_market,20260910,0.6738484877685034,0.6738484877685034,1,0
weekly_global_ungated,2838,2022-09-30,2022-10-17,0.0041192047412885,2022,2022-06-30,learned_market,20260910,0.481422873745223,0.481422873745223,0,1
weekly_state_validated,2774,2022-07-01,2022-07-11,-0.0092349827532707,2022,2022-06-30,learned_market,20260911,0.5193349295186931,0.5193349295186931,1,0
weekly_state_validated,2779,2022-07-08,2022-07-18,-0.0326815927737367,2022,2022-06-30,learned_market,20260911,0.5210563697553774,0.5210563697553774,1,0
weekly_state_validated,2784,2022-07-15,2022-07-25,-0.0066210715249344,2022,2022-06-30,learned_market,20260911,0.276078528858952,0.276078528858952,0,0
weekly_state_validated,2789,2022-07-22,2022-08-01,-0.0173077967751003,2022,2022-06-30,learned_market,20260911,0.3174121093765397,0.3174121093765397,0,0
weekly_state_validated,2794,2022-07-29,2022-08-08,-0.004456034513838,2022,2022-06-30,learned_market,20260911,0.5558739451685917,0.5558739451685917,1,0
weekly_state_validated,2799,2022-08-05,2022-08-15,0.0091475117753996,2022,2022-06-30,learned_market,20260911,0.7108208060891671,0.7108208060891671,1,1
weekly_state_validated,2804,2022-08-12,2022-08-22,-0.0107272727272728,2022,2022-06-30,learned_market,20260911,0.7273713339025305,0.7273713339025305,1,0
weekly_state_validated,2809,2022-08-19,2022-08-29,-0.0172375434082356,2022,2022-06-30,learned_market,20260911,0.6886147057688298,0.6886147057688298,1,0
weekly_state_validated,2814,2022-08-26,2022-09-05,-0.0131573766941938,2022,2022-06-30,learned_market,20260911,0.7346873214158656,0.7346873214158656,1,0
weekly_state_validated,2819,2022-09-02,2022-09-13,0.0253340680878015,2022,2022-06-30,learned_market,20260911,0.6710140552387813,0.6710140552387813,1,1
weekly_state_validated,2824,2022-09-09,2022-09-19,-0.044647264962877,2022,2022-06-30,learned_market,20260911,0.6038239271387368,0.6038239271387368,1,0
weekly_state_validated,2828,2022-09-16,2022-09-26,-0.025155151434928,2022,2022-06-30,learned_market,20260911,0.6255457939860786,0.6255457939860786,1,0
weekly_state_validated,2833,2022-09-23,2022-10-10,-0.0060162941299352,2022,2022-06-30,learned_market,20260911,0.7610381426054592,0.7610381426054592,1,0
weekly_state_validated,2838,2022-09-30,2022-10-17,0.0041192047412885,2022,2022-06-30,learned_market,20260911,0.6286054158457117,0.6286054158457117,1,1
weekly_state_ungated,2774,2022-07-01,2022-07-11,-0.0092349827532707,2022,2022-06-30,learned_market,20260911,0.5193349295186931,0.5193349295186931,1,0
weekly_state_ungated,2779,2022-07-08,2022-07-18,-0.0326815927737367,2022,2022-06-30,learned_market,20260911,0.5210563697553774,0.5210563697553774,1,0
weekly_state_ungated,2784,2022-07-15,2022-07-25,-0.0066210715249344,2022,2022-06-30,learned_market,20260911,0.276078528858952,0.276078528858952,0,0
weekly_state_ungated,2789,2022-07-22,2022-08-01,-0.0173077967751003,2022,2022-06-30,learned_market,20260911,0.3174121093765397,0.3174121093765397,0,0
weekly_state_ungated,2794,2022-07-29,2022-08-08,-0.004456034513838,2022,2022-06-30,learned_market,20260911,0.5558739451685917,0.5558739451685917,1,0
weekly_state_ungated,2799,2022-08-05,2022-08-15,0.0091475117753996,2022,2022-06-30,learned_market,20260911,0.7108208060891671,0.7108208060891671,1,1
weekly_state_ungated,2804,2022-08-12,2022-08-22,-0.0107272727272728,2022,2022-06-30,learned_market,20260911,0.7273713339025305,0.7273713339025305,1,0
weekly_state_ungated,2809,2022-08-19,2022-08-29,-0.0172375434082356,2022,2022-06-30,learned_market,20260911,0.6886147057688298,0.6886147057688298,1,0
weekly_state_ungated,2814,2022-08-26,2022-09-05,-0.0131573766941938,2022,2022-06-30,learned_market,20260911,0.7346873214158656,0.7346873214158656,1,0
weekly_state_ungated,2819,2022-09-02,2022-09-13,0.0253340680878015,2022,2022-06-30,learned_market,20260911,0.6379154442955632,0.6379154442955632,1,1
weekly_state_ungated,2824,2022-09-09,2022-09-19,-0.044647264962877,2022,2022-06-30,learned_market,20260911,0.5683142983265174,0.5683142983265174,1,0
weekly_state_ungated,2828,2022-09-16,2022-09-26,-0.025155151434928,2022,2022-06-30,learned_market,20260911,0.5906632636160866,0.5906632636160866,1,0
weekly_state_ungated,2833,2022-09-23,2022-10-10,-0.0060162941299352,2022,2022-06-30,learned_market,20260911,0.7333981634874768,0.7333981634874768,1,0
weekly_state_ungated,2838,2022-09-30,2022-10-17,0.0041192047412885,2022,2022-06-30,learned_market,20260911,0.5938228376949088,0.5938228376949088,1,1
weekly_global_validated,2774,2022-07-01,2022-07-11,-0.0092349827532707,2022,2022-06-30,learned_market,20260911,0.5193349295186931,0.5193349295186931,1,0
weekly_global_validated,2779,2022-07-08,2022-07-18,-0.0326815927737367,2022,2022-06-30,learned_market,20260911,0.5210563697553774,0.5210563697553774,1,0
weekly_global_validated,2784,2022-07-15,2022-07-25,-0.0066210715249344,2022,2022-06-30,learned_market,20260911,0.276078528858952,0.276078528858952,0,0
weekly_global_validated,2789,2022-07-22,2022-08-01,-0.0173077967751003,2022,2022-06-30,learned_market,20260911,0.3174121093765397,0.3174121093765397,0,0
weekly_global_validated,2794,2022-07-29,2022-08-08,-0.004456034513838,2022,2022-06-30,learned_market,20260911,0.5558739451685917,0.5558739451685917,1,0
weekly_global_validated,2799,2022-08-05,2022-08-15,0.0091475117753996,2022,2022-06-30,learned_market,20260911,0.7108208060891671,0.7108208060891671,1,1
weekly_global_validated,2804,2022-08-12,2022-08-22,-0.0107272727272728,2022,2022-06-30,learned_market,20260911,0.7273713339025305,0.7273713339025305,1,0
weekly_global_validated,2809,2022-08-19,2022-08-29,-0.0172375434082356,2022,2022-06-30,learned_market,20260911,0.6886147057688298,0.6886147057688298,1,0
weekly_global_validated,2814,2022-08-26,2022-09-05,-0.0131573766941938,2022,2022-06-30,learned_market,20260911,0.7346873214158656,0.7346873214158656,1,0
weekly_global_validated,2819,2022-09-02,2022-09-13,0.0253340680878015,2022,2022-06-30,learned_market,20260911,0.6710140552387813,0.6710140552387813,1,1
weekly_global_validated,2824,2022-09-09,2022-09-19,-0.044647264962877,2022,2022-06-30,learned_market,20260911,0.6038239271387368,0.6038239271387368,1,0
weekly_global_validated,2828,2022-09-16,2022-09-26,-0.025155151434928,2022,2022-06-30,learned_market,20260911,0.6255457939860786,0.6255457939860786,1,0
weekly_global_validated,2833,2022-09-23,2022-10-10,-0.0060162941299352,2022,2022-06-30,learned_market,20260911,0.7610381426054592,0.7610381426054592,1,0
weekly_global_validated,2838,2022-09-30,2022-10-17,0.0041192047412885,2022,2022-06-30,learned_market,20260911,0.6286054158457117,0.6286054158457117,1,1
weekly_global_ungated,2774,2022-07-01,2022-07-11,-0.0092349827532707,2022,2022-06-30,learned_market,20260911,0.4435443676713757,0.4435443676713757,0,0
weekly_global_ungated,2779,2022-07-08,2022-07-18,-0.0326815927737367,2022,2022-06-30,learned_market,20260911,0.44524729655171574,0.44524729655171574,0,0
weekly_global_ungated,2784,2022-07-15,2022-07-25,-0.0066210715249344,2022,2022-06-30,learned_market,20260911,0.21957145361865513,0.21957145361865513,0,0
weekly_global_ungated,2789,2022-07-22,2022-08-01,-0.0173077967751003,2022,2022-06-30,learned_market,20260911,0.2554300430552258,0.2554300430552258,0,0
weekly_global_ungated,2794,2022-07-29,2022-08-08,-0.004456034513838,2022,2022-06-30,learned_market,20260911,0.4800768577841001,0.4800768577841001,0,0
weekly_global_ungated,2799,2022-08-05,2022-08-15,0.0091475117753996,2022,2022-06-30,learned_market,20260911,0.6445587309373147,0.6445587309373147,1,1
weekly_global_ungated,2804,2022-08-12,2022-08-22,-0.0107272727272728,2022,2022-06-30,learned_market,20260911,0.6631042189626841,0.6631042189626841,1,0
weekly_global_ungated,2809,2022-08-19,2022-08-29,-0.0172375434082356,2022,2022-06-30,learned_market,20260911,0.6199846246808882,0.6199846246808882,1,0
weekly_global_ungated,2814,2022-08-26,2022-09-05,-0.0131573766941938,2022,2022-06-30,learned_market,20260911,0.671365617241935,0.671365617241935,1,0
weekly_global_ungated,2819,2022-09-02,2022-09-13,0.0253340680878015,2022,2022-06-30,learned_market,20260911,0.600753851882842,0.600753851882842,1,1
weekly_global_ungated,2824,2022-09-09,2022-09-19,-0.044647264962877,2022,2022-06-30,learned_market,20260911,0.5292804585871133,0.5292804585871133,1,0
weekly_global_ungated,2828,2022-09-16,2022-09-26,-0.025155151434928,2022,2022-06-30,learned_market,20260911,0.5520574467771898,0.5520574467771898,1,0
weekly_global_ungated,2833,2022-09-23,2022-10-10,-0.0060162941299352,2022,2022-06-30,learned_market,20260911,0.7014498797645354,0.7014498797645354,1,0
weekly_global_ungated,2838,2022-09-30,2022-10-17,0.0041192047412885,2022,2022-06-30,learned_market,20260911,0.5552906545117757,0.5552906545117757,1,1
weekly_state_validated,2774,2022-07-01,2022-07-11,-0.0092349827532707,2022,2022-06-30,learned_market,20260912,0.3925821543273538,0.3925821543273538,0,0
weekly_state_validated,2779,2022-07-08,2022-07-18,-0.0326815927737367,2022,2022-06-30,learned_market,20260912,0.4605216629741631,0.4605216629741631,0,0
weekly_state_validated,2784,2022-07-15,2022-07-25,-0.0066210715249344,2022,2022-06-30,learned_market,20260912,0.5098027754769087,0.5098027754769087,1,0
weekly_state_validated,2789,2022-07-22,2022-08-01,-0.0173077967751003,2022,2022-06-30,learned_market,20260912,0.5524679777609933,0.5524679777609933,1,0
weekly_state_validated,2794,2022-07-29,2022-08-08,-0.004456034513838,2022,2022-06-30,learned_market,20260912,0.7218475045000325,0.7218475045000325,1,0
weekly_state_validated,2799,2022-08-05,2022-08-15,0.0091475117753996,2022,2022-06-30,learned_market,20260912,0.6532039852224342,0.6532039852224342,1,1
weekly_state_validated,2804,2022-08-12,2022-08-22,-0.0107272727272728,2022,2022-06-30,learned_market,20260912,0.5709775205876944,0.5709775205876944,1,0
weekly_state_validated,2809,2022-08-19,2022-08-29,-0.0172375434082356,2022,2022-06-30,learned_market,20260912,0.5697718161826372,0.5697718161826372,1,0
weekly_state_validated,2814,2022-08-26,2022-09-05,-0.0131573766941938,2022,2022-06-30,learned_market,20260912,0.6007938734692848,0.6007938734692848,1,0
weekly_state_validated,2819,2022-09-02,2022-09-13,0.0253340680878015,2022,2022-06-30,learned_market,20260912,0.6776668778650508,0.6776668778650508,1,1
weekly_state_validated,2824,2022-09-09,2022-09-19,-0.044647264962877,2022,2022-06-30,learned_market,20260912,0.7725381912044669,0.7725381912044669,1,0
weekly_state_validated,2828,2022-09-16,2022-09-26,-0.025155151434928,2022,2022-06-30,learned_market,20260912,0.7541769397244196,0.7541769397244196,1,0
weekly_state_validated,2833,2022-09-23,2022-10-10,-0.0060162941299352,2022,2022-06-30,learned_market,20260912,0.7274092875597576,0.7274092875597576,1,0
weekly_state_validated,2838,2022-09-30,2022-10-17,0.0041192047412885,2022,2022-06-30,learned_market,20260912,0.701145229530902,0.701145229530902,1,1
weekly_state_ungated,2774,2022-07-01,2022-07-11,-0.0092349827532707,2022,2022-06-30,learned_market,20260912,0.3925821543273538,0.3925821543273538,0,0
weekly_state_ungated,2779,2022-07-08,2022-07-18,-0.0326815927737367,2022,2022-06-30,learned_market,20260912,0.4605216629741631,0.4605216629741631,0,0
weekly_state_ungated,2784,2022-07-15,2022-07-25,-0.0066210715249344,2022,2022-06-30,learned_market,20260912,0.5098027754769087,0.5098027754769087,1,0
weekly_state_ungated,2789,2022-07-22,2022-08-01,-0.0173077967751003,2022,2022-06-30,learned_market,20260912,0.5524679777609933,0.5524679777609933,1,0
weekly_state_ungated,2794,2022-07-29,2022-08-08,-0.004456034513838,2022,2022-06-30,learned_market,20260912,0.7218475045000325,0.7218475045000325,1,0
weekly_state_ungated,2799,2022-08-05,2022-08-15,0.0091475117753996,2022,2022-06-30,learned_market,20260912,0.6532039852224342,0.6532039852224342,1,1
weekly_state_ungated,2804,2022-08-12,2022-08-22,-0.0107272727272728,2022,2022-06-30,learned_market,20260912,0.5709775205876944,0.5709775205876944,1,0
weekly_state_ungated,2809,2022-08-19,2022-08-29,-0.0172375434082356,2022,2022-06-30,learned_market,20260912,0.5697718161826372,0.5697718161826372,1,0
weekly_state_ungated,2814,2022-08-26,2022-09-05,-0.0131573766941938,2022,2022-06-30,learned_market,20260912,0.6007938734692848,0.6007938734692848,1,0
weekly_state_ungated,2819,2022-09-02,2022-09-13,0.0253340680878015,2022,2022-06-30,learned_market,20260912,0.6647050885397452,0.6647050885397452,1,1
weekly_state_ungated,2824,2022-09-09,2022-09-19,-0.044647264962877,2022,2022-06-30,learned_market,20260912,0.7620518489156071,0.7620518489156071,1,0
weekly_state_ungated,2828,2022-09-16,2022-09-26,-0.025155151434928,2022,2022-06-30,learned_market,20260912,0.7431255765790031,0.7431255765790031,1,0
weekly_state_ungated,2833,2022-09-23,2022-10-10,-0.0060162941299352,2022,2022-06-30,learned_market,20260912,0.7156083242895954,0.7156083242895954,1,0
weekly_state_ungated,2838,2022-09-30,2022-10-17,0.0041192047412885,2022,2022-06-30,learned_market,20260912,0.6886938515078427,0.6886938515078427,1,1
weekly_global_validated,2774,2022-07-01,2022-07-11,-0.0092349827532707,2022,2022-06-30,learned_market,20260912,0.3925821543273538,0.3925821543273538,0,0
weekly_global_validated,2779,2022-07-08,2022-07-18,-0.0326815927737367,2022,2022-06-30,learned_market,20260912,0.4605216629741631,0.4605216629741631,0,0
weekly_global_validated,2784,2022-07-15,2022-07-25,-0.0066210715249344,2022,2022-06-30,learned_market,20260912,0.5098027754769087,0.5098027754769087,1,0
weekly_global_validated,2789,2022-07-22,2022-08-01,-0.0173077967751003,2022,2022-06-30,learned_market,20260912,0.5524679777609933,0.5524679777609933,1,0
weekly_global_validated,2794,2022-07-29,2022-08-08,-0.004456034513838,2022,2022-06-30,learned_market,20260912,0.7218475045000325,0.7218475045000325,1,0
weekly_global_validated,2799,2022-08-05,2022-08-15,0.0091475117753996,2022,2022-06-30,learned_market,20260912,0.6532039852224342,0.6532039852224342,1,1
weekly_global_validated,2804,2022-08-12,2022-08-22,-0.0107272727272728,2022,2022-06-30,learned_market,20260912,0.5709775205876944,0.5709775205876944,1,0
weekly_global_validated,2809,2022-08-19,2022-08-29,-0.0172375434082356,2022,2022-06-30,learned_market,20260912,0.5697718161826372,0.5697718161826372,1,0
weekly_global_validated,2814,2022-08-26,2022-09-05,-0.0131573766941938,2022,2022-06-30,learned_market,20260912,0.6007938734692848,0.6007938734692848,1,0
weekly_global_validated,2819,2022-09-02,2022-09-13,0.0253340680878015,2022,2022-06-30,learned_market,20260912,0.6776668778650508,0.6776668778650508,1,1
weekly_global_validated,2824,2022-09-09,2022-09-19,-0.044647264962877,2022,2022-06-30,learned_market,20260912,0.7725381912044669,0.7725381912044669,1,0
weekly_global_validated,2828,2022-09-16,2022-09-26,-0.025155151434928,2022,2022-06-30,learned_market,20260912,0.7541769397244196,0.7541769397244196,1,0
weekly_global_validated,2833,2022-09-23,2022-10-10,-0.0060162941299352,2022,2022-06-30,learned_market,20260912,0.7274092875597576,0.7274092875597576,1,0
weekly_global_validated,2838,2022-09-30,2022-10-17,0.0041192047412885,2022,2022-06-30,learned_market,20260912,0.701145229530902,0.701145229530902,1,1
weekly_global_ungated,2774,2022-07-01,2022-07-11,-0.0092349827532707,2022,2022-06-30,learned_market,20260912,0.3382329554086389,0.3382329554086389,0,0
weekly_global_ungated,2779,2022-07-08,2022-07-18,-0.0326815927737367,2022,2022-06-30,learned_market,20260912,0.4030072665381245,0.4030072665381245,0,0
weekly_global_ungated,2784,2022-07-15,2022-07-25,-0.0066210715249344,2022,2022-06-30,learned_market,20260912,0.45128218290943406,0.45128218290943406,0,0
weekly_global_ungated,2789,2022-07-22,2022-08-01,-0.0173077967751003,2022,2022-06-30,learned_market,20260912,0.4939852312138226,0.4939852312138226,0,0
weekly_global_ungated,2794,2022-07-29,2022-08-08,-0.004456034513838,2022,2022-06-30,learned_market,20260912,0.6723728458818309,0.6723728458818309,1,0
weekly_global_ungated,2799,2022-08-05,2022-08-15,0.0091475117753996,2022,2022-06-30,learned_market,20260912,0.5983140198034644,0.5983140198034644,1,1
weekly_global_ungated,2804,2022-08-12,2022-08-22,-0.0107272727272728,2022,2022-06-30,learned_market,20260912,0.5127804424569279,0.5127804424569279,1,0
weekly_global_ungated,2809,2022-08-19,2022-08-29,-0.0172375434082356,2022,2022-06-30,learned_market,20260912,0.5115510980478782,0.5115510980478782,1,0
weekly_global_ungated,2814,2022-08-26,2022-09-05,-0.0131573766941938,2022,2022-06-30,learned_market,20260912,0.5434070547906754,0.5434070547906754,1,0
weekly_global_ungated,2819,2022-09-02,2022-09-13,0.0253340680878015,2022,2022-06-30,learned_market,20260912,0.624422567634788,0.624422567634788,1,1
weekly_global_ungated,2824,2022-09-09,2022-09-19,-0.044647264962877,2022,2022-06-30,learned_market,20260912,0.7286910194860542,0.7286910194860542,1,0
weekly_global_ungated,2828,2022-09-16,2022-09-26,-0.025155151434928,2022,2022-06-30,learned_market,20260912,0.7081275586943861,0.7081275586943861,1,0
weekly_global_ungated,2833,2022-09-23,2022-10-10,-0.0060162941299352,2022,2022-06-30,learned_market,20260912,0.6784832688643351,0.6784832688643351,1,0
weekly_global_ungated,2838,2022-09-30,2022-10-17,0.0041192047412885,2022,2022-06-30,learned_market,20260912,0.6497748504851725,0.6497748504851725,1,1
weekly_state_validated,2774,2022-07-01,2022-07-11,-0.0092349827532707,2022,2022-06-30,learned_vol_interaction,20260910,0.5729293041374858,0.5729293041374858,1,0
weekly_state_validated,2779,2022-07-08,2022-07-18,-0.0326815927737367,2022,2022-06-30,learned_vol_interaction,20260910,0.5302683386209299,0.5302683386209299,1,0
weekly_state_validated,2784,2022-07-15,2022-07-25,-0.0066210715249344,2022,2022-06-30,learned_vol_interaction,20260910,0.4744529012062564,0.4744529012062564,0,0
weekly_state_validated,2789,2022-07-22,2022-08-01,-0.0173077967751003,2022,2022-06-30,learned_vol_interaction,20260910,0.568735503293615,0.568735503293615,1,0
weekly_state_validated,2794,2022-07-29,2022-08-08,-0.004456034513838,2022,2022-06-30,learned_vol_interaction,20260910,0.7449112931956193,0.7449112931956193,1,0
weekly_state_validated,2799,2022-08-05,2022-08-15,0.0091475117753996,2022,2022-06-30,learned_vol_interaction,20260910,0.6690803670858058,0.6690803670858058,1,1
weekly_state_validated,2804,2022-08-12,2022-08-22,-0.0107272727272728,2022,2022-06-30,learned_vol_interaction,20260910,0.6571875580323422,0.6571875580323422,1,0
weekly_state_validated,2809,2022-08-19,2022-08-29,-0.0172375434082356,2022,2022-06-30,learned_vol_interaction,20260910,0.6670716563865554,0.6670716563865554,1,0
weekly_state_validated,2814,2022-08-26,2022-09-05,-0.0131573766941938,2022,2022-06-30,learned_vol_interaction,20260910,0.6419725542084096,0.6419725542084096,1,0
weekly_state_validated,2819,2022-09-02,2022-09-13,0.0253340680878015,2022,2022-06-30,learned_vol_interaction,20260910,0.6153521718981038,0.6153521718981038,1,1
weekly_state_validated,2824,2022-09-09,2022-09-19,-0.044647264962877,2022,2022-06-30,learned_vol_interaction,20260910,0.784077999023363,0.784077999023363,1,0
weekly_state_validated,2828,2022-09-16,2022-09-26,-0.025155151434928,2022,2022-06-30,learned_vol_interaction,20260910,0.5761867154144525,0.5761867154144525,1,0
weekly_state_validated,2833,2022-09-23,2022-10-10,-0.0060162941299352,2022,2022-06-30,learned_vol_interaction,20260910,0.7436633183671754,0.7436633183671754,1,0
weekly_state_validated,2838,2022-09-30,2022-10-17,0.0041192047412885,2022,2022-06-30,learned_vol_interaction,20260910,0.5600994269795847,0.5600994269795847,1,1
weekly_state_ungated,2774,2022-07-01,2022-07-11,-0.0092349827532707,2022,2022-06-30,learned_vol_interaction,20260910,0.5729293041374858,0.5729293041374858,1,0
weekly_state_ungated,2779,2022-07-08,2022-07-18,-0.0326815927737367,2022,2022-06-30,learned_vol_interaction,20260910,0.5302683386209299,0.5302683386209299,1,0
weekly_state_ungated,2784,2022-07-15,2022-07-25,-0.0066210715249344,2022,2022-06-30,learned_vol_interaction,20260910,0.4744529012062564,0.4744529012062564,0,0
weekly_state_ungated,2789,2022-07-22,2022-08-01,-0.0173077967751003,2022,2022-06-30,learned_vol_interaction,20260910,0.568735503293615,0.568735503293615,1,0
weekly_state_ungated,2794,2022-07-29,2022-08-08,-0.004456034513838,2022,2022-06-30,learned_vol_interaction,20260910,0.7449112931956193,0.7449112931956193,1,0
weekly_state_ungated,2799,2022-08-05,2022-08-15,0.0091475117753996,2022,2022-06-30,learned_vol_interaction,20260910,0.6690803670858058,0.6690803670858058,1,1
weekly_state_ungated,2804,2022-08-12,2022-08-22,-0.0107272727272728,2022,2022-06-30,learned_vol_interaction,20260910,0.6571875580323422,0.6571875580323422,1,0
weekly_state_ungated,2809,2022-08-19,2022-08-29,-0.0172375434082356,2022,2022-06-30,learned_vol_interaction,20260910,0.6670716563865554,0.6670716563865554,1,0
weekly_state_ungated,2814,2022-08-26,2022-09-05,-0.0131573766941938,2022,2022-06-30,learned_vol_interaction,20260910,0.6419725542084096,0.6419725542084096,1,0
weekly_state_ungated,2819,2022-09-02,2022-09-13,0.0253340680878015,2022,2022-06-30,learned_vol_interaction,20260910,0.5856285551049538,0.5856285551049538,1,1
weekly_state_ungated,2824,2022-09-09,2022-09-19,-0.044647264962877,2022,2022-06-30,learned_vol_interaction,20260910,0.7623574076569153,0.7623574076569153,1,0
weekly_state_ungated,2828,2022-09-16,2022-09-26,-0.025155151434928,2022,2022-06-30,learned_vol_interaction,20260910,0.5456711325818637,0.5456711325818637,1,0
weekly_state_ungated,2833,2022-09-23,2022-10-10,-0.0060162941299352,2022,2022-06-30,learned_vol_interaction,20260910,0.7193325082293494,0.7193325082293494,1,0
weekly_state_ungated,2838,2022-09-30,2022-10-17,0.0041192047412885,2022,2022-06-30,learned_vol_interaction,20260910,0.5293716373377039,0.5293716373377039,1,1
weekly_global_validated,2774,2022-07-01,2022-07-11,-0.0092349827532707,2022,2022-06-30,learned_vol_interaction,20260910,0.5729293041374858,0.5729293041374858,1,0
weekly_global_validated,2779,2022-07-08,2022-07-18,-0.0326815927737367,2022,2022-06-30,learned_vol_interaction,20260910,0.5302683386209299,0.5302683386209299,1,0
weekly_global_validated,2784,2022-07-15,2022-07-25,-0.0066210715249344,2022,2022-06-30,learned_vol_interaction,20260910,0.4744529012062564,0.4744529012062564,0,0
weekly_global_validated,2789,2022-07-22,2022-08-01,-0.0173077967751003,2022,2022-06-30,learned_vol_interaction,20260910,0.568735503293615,0.568735503293615,1,0
weekly_global_validated,2794,2022-07-29,2022-08-08,-0.004456034513838,2022,2022-06-30,learned_vol_interaction,20260910,0.7449112931956193,0.7449112931956193,1,0
weekly_global_validated,2799,2022-08-05,2022-08-15,0.0091475117753996,2022,2022-06-30,learned_vol_interaction,20260910,0.6690803670858058,0.6690803670858058,1,1
weekly_global_validated,2804,2022-08-12,2022-08-22,-0.0107272727272728,2022,2022-06-30,learned_vol_interaction,20260910,0.6571875580323422,0.6571875580323422,1,0
weekly_global_validated,2809,2022-08-19,2022-08-29,-0.0172375434082356,2022,2022-06-30,learned_vol_interaction,20260910,0.6670716563865554,0.6670716563865554,1,0
weekly_global_validated,2814,2022-08-26,2022-09-05,-0.0131573766941938,2022,2022-06-30,learned_vol_interaction,20260910,0.6419725542084096,0.6419725542084096,1,0
weekly_global_validated,2819,2022-09-02,2022-09-13,0.0253340680878015,2022,2022-06-30,learned_vol_interaction,20260910,0.6153521718981038,0.6153521718981038,1,1
weekly_global_validated,2824,2022-09-09,2022-09-19,-0.044647264962877,2022,2022-06-30,learned_vol_interaction,20260910,0.784077999023363,0.784077999023363,1,0
weekly_global_validated,2828,2022-09-16,2022-09-26,-0.025155151434928,2022,2022-06-30,learned_vol_interaction,20260910,0.5761867154144525,0.5761867154144525,1,0
weekly_global_validated,2833,2022-09-23,2022-10-10,-0.0060162941299352,2022,2022-06-30,learned_vol_interaction,20260910,0.7436633183671754,0.7436633183671754,1,0
weekly_global_validated,2838,2022-09-30,2022-10-17,0.0041192047412885,2022,2022-06-30,learned_vol_interaction,20260910,0.5600994269795847,0.5600994269795847,1,1
weekly_global_ungated,2774,2022-07-01,2022-07-11,-0.0092349827532707,2022,2022-06-30,learned_vol_interaction,20260910,0.4972084163258257,0.4972084163258257,0,0
weekly_global_ungated,2779,2022-07-08,2022-07-18,-0.0326815927737367,2022,2022-06-30,learned_vol_interaction,20260910,0.45418942453847894,0.45418942453847894,0,0
weekly_global_ungated,2784,2022-07-15,2022-07-25,-0.0066210715249344,2022,2022-06-30,learned_vol_interaction,20260910,0.39957010050470115,0.39957010050470115,0,0
weekly_global_ungated,2789,2022-07-22,2022-08-01,-0.0173077967751003,2022,2022-06-30,learned_vol_interaction,20260910,0.4929291414545883,0.4929291414545883,0,0
weekly_global_ungated,2794,2022-07-29,2022-08-08,-0.004456034513838,2022,2022-06-30,learned_vol_interaction,20260910,0.6828010977243768,0.6828010977243768,1,0
weekly_global_ungated,2799,2022-08-05,2022-08-15,0.0091475117753996,2022,2022-06-30,learned_vol_interaction,20260910,0.5984592517151338,0.5984592517151338,1,1
weekly_global_ungated,2804,2022-08-12,2022-08-22,-0.0107272727272728,2022,2022-06-30,learned_vol_interaction,20260910,0.5856003600193778,0.5856003600193778,1,0
weekly_global_ungated,2809,2022-08-19,2022-08-29,-0.0172375434082356,2022,2022-06-30,learned_vol_interaction,20260910,0.5962805256930412,0.5962805256930412,1,0
weekly_global_ungated,2814,2022-08-26,2022-09-05,-0.0131573766941938,2022,2022-06-30,learned_vol_interaction,20260910,0.5692904232919243,0.5692904232919243,1,0
weekly_global_ungated,2819,2022-09-02,2022-09-13,0.0253340680878015,2022,2022-06-30,learned_vol_interaction,20260910,0.5411286938347586,0.5411286938347586,1,1
weekly_global_ungated,2824,2022-09-09,2022-09-19,-0.044647264962877,2022,2022-06-30,learned_vol_interaction,20260910,0.7280223887787918,0.7280223887787918,1,0
weekly_global_ungated,2828,2022-09-16,2022-09-26,-0.025155151434928,2022,2022-06-30,learned_vol_interaction,20260910,0.5005398891456941,0.5005398891456941,1,0
weekly_global_ungated,2833,2022-09-23,2022-10-10,-0.0060162941299352,2022,2022-06-30,learned_vol_interaction,20260910,0.6813792312930923,0.6813792312930923,1,0
weekly_global_ungated,2838,2022-09-30,2022-10-17,0.0041192047412885,2022,2022-06-30,learned_vol_interaction,20260910,0.4841519023152606,0.4841519023152606,0,1
weekly_state_validated,2774,2022-07-01,2022-07-11,-0.0092349827532707,2022,2022-06-30,learned_vol_interaction,20260911,0.5243593636282992,0.5243593636282992,1,0
weekly_state_validated,2779,2022-07-08,2022-07-18,-0.0326815927737367,2022,2022-06-30,learned_vol_interaction,20260911,0.5287137474480963,0.5287137474480963,1,0
weekly_state_validated,2784,2022-07-15,2022-07-25,-0.0066210715249344,2022,2022-06-30,learned_vol_interaction,20260911,0.28286663565549924,0.28286663565549924,0,0
weekly_state_validated,2789,2022-07-22,2022-08-01,-0.0173077967751003,2022,2022-06-30,learned_vol_interaction,20260911,0.32529843901510974,0.32529843901510974,0,0
weekly_state_validated,2794,2022-07-29,2022-08-08,-0.004456034513838,2022,2022-06-30,learned_vol_interaction,20260911,0.5568653358658677,0.5568653358658677,1,0
weekly_state_validated,2799,2022-08-05,2022-08-15,0.0091475117753996,2022,2022-06-30,learned_vol_interaction,20260911,0.7117205557364277,0.7117205557364277,1,1
weekly_state_validated,2804,2022-08-12,2022-08-22,-0.0107272727272728,2022,2022-06-30,learned_vol_interaction,20260911,0.728089070877284,0.728089070877284,1,0
weekly_state_validated,2809,2022-08-19,2022-08-29,-0.0172375434082356,2022,2022-06-30,learned_vol_interaction,20260911,0.6906588614286806,0.6906588614286806,1,0
weekly_state_validated,2814,2022-08-26,2022-09-05,-0.0131573766941938,2022,2022-06-30,learned_vol_interaction,20260911,0.7374791554763223,0.7374791554763223,1,0
weekly_state_validated,2819,2022-09-02,2022-09-13,0.0253340680878015,2022,2022-06-30,learned_vol_interaction,20260911,0.6762833071893946,0.6762833071893946,1,1
weekly_state_validated,2824,2022-09-09,2022-09-19,-0.044647264962877,2022,2022-06-30,learned_vol_interaction,20260911,0.6072920416996368,0.6072920416996368,1,0
weekly_state_validated,2828,2022-09-16,2022-09-26,-0.025155151434928,2022,2022-06-30,learned_vol_interaction,20260911,0.6281865846659338,0.6281865846659338,1,0
weekly_state_validated,2833,2022-09-23,2022-10-10,-0.0060162941299352,2022,2022-06-30,learned_vol_interaction,20260911,0.7572974806973762,0.7572974806973762,1,0
weekly_state_validated,2838,2022-09-30,2022-10-17,0.0041192047412885,2022,2022-06-30,learned_vol_interaction,20260911,0.6301564951939066,0.6301564951939066,1,1
weekly_state_ungated,2774,2022-07-01,2022-07-11,-0.0092349827532707,2022,2022-06-30,learned_vol_interaction,20260911,0.5243593636282992,0.5243593636282992,1,0
weekly_state_ungated,2779,2022-07-08,2022-07-18,-0.0326815927737367,2022,2022-06-30,learned_vol_interaction,20260911,0.5287137474480963,0.5287137474480963,1,0
weekly_state_ungated,2784,2022-07-15,2022-07-25,-0.0066210715249344,2022,2022-06-30,learned_vol_interaction,20260911,0.28286663565549924,0.28286663565549924,0,0
weekly_state_ungated,2789,2022-07-22,2022-08-01,-0.0173077967751003,2022,2022-06-30,learned_vol_interaction,20260911,0.32529843901510974,0.32529843901510974,0,0
weekly_state_ungated,2794,2022-07-29,2022-08-08,-0.004456034513838,2022,2022-06-30,learned_vol_interaction,20260911,0.5568653358658677,0.5568653358658677,1,0
weekly_state_ungated,2799,2022-08-05,2022-08-15,0.0091475117753996,2022,2022-06-30,learned_vol_interaction,20260911,0.7117205557364277,0.7117205557364277,1,1
weekly_state_ungated,2804,2022-08-12,2022-08-22,-0.0107272727272728,2022,2022-06-30,learned_vol_interaction,20260911,0.728089070877284,0.728089070877284,1,0
weekly_state_ungated,2809,2022-08-19,2022-08-29,-0.0172375434082356,2022,2022-06-30,learned_vol_interaction,20260911,0.6906588614286806,0.6906588614286806,1,0
weekly_state_ungated,2814,2022-08-26,2022-09-05,-0.0131573766941938,2022,2022-06-30,learned_vol_interaction,20260911,0.7374791554763223,0.7374791554763223,1,0
weekly_state_ungated,2819,2022-09-02,2022-09-13,0.0253340680878015,2022,2022-06-30,learned_vol_interaction,20260911,0.644506085905568,0.644506085905568,1,1
weekly_state_ungated,2824,2022-09-09,2022-09-19,-0.044647264962877,2022,2022-06-30,learned_vol_interaction,20260911,0.5730182645810792,0.5730182645810792,1,0
weekly_state_ungated,2828,2022-09-16,2022-09-26,-0.025155151434928,2022,2022-06-30,learned_vol_interaction,20260911,0.5945188067605089,0.5945188067605089,1,0
weekly_state_ungated,2833,2022-09-23,2022-10-10,-0.0060162941299352,2022,2022-06-30,learned_vol_interaction,20260911,0.7303014299316979,0.7303014299316979,1,0
weekly_state_ungated,2838,2022-09-30,2022-10-17,0.0041192047412885,2022,2022-06-30,learned_vol_interaction,20260911,0.5965525327497772,0.5965525327497772,1,1
weekly_global_validated,2774,2022-07-01,2022-07-11,-0.0092349827532707,2022,2022-06-30,learned_vol_interaction,20260911,0.5243593636282992,0.5243593636282992,1,0
weekly_global_validated,2779,2022-07-08,2022-07-18,-0.0326815927737367,2022,2022-06-30,learned_vol_interaction,20260911,0.5287137474480963,0.5287137474480963,1,0
weekly_global_validated,2784,2022-07-15,2022-07-25,-0.0066210715249344,2022,2022-06-30,learned_vol_interaction,20260911,0.28286663565549924,0.28286663565549924,0,0
weekly_global_validated,2789,2022-07-22,2022-08-01,-0.0173077967751003,2022,2022-06-30,learned_vol_interaction,20260911,0.32529843901510974,0.32529843901510974,0,0
weekly_global_validated,2794,2022-07-29,2022-08-08,-0.004456034513838,2022,2022-06-30,learned_vol_interaction,20260911,0.5568653358658677,0.5568653358658677,1,0
weekly_global_validated,2799,2022-08-05,2022-08-15,0.0091475117753996,2022,2022-06-30,learned_vol_interaction,20260911,0.7117205557364277,0.7117205557364277,1,1
weekly_global_validated,2804,2022-08-12,2022-08-22,-0.0107272727272728,2022,2022-06-30,learned_vol_interaction,20260911,0.728089070877284,0.728089070877284,1,0
weekly_global_validated,2809,2022-08-19,2022-08-29,-0.0172375434082356,2022,2022-06-30,learned_vol_interaction,20260911,0.6906588614286806,0.6906588614286806,1,0
weekly_global_validated,2814,2022-08-26,2022-09-05,-0.0131573766941938,2022,2022-06-30,learned_vol_interaction,20260911,0.7374791554763223,0.7374791554763223,1,0
weekly_global_validated,2819,2022-09-02,2022-09-13,0.0253340680878015,2022,2022-06-30,learned_vol_interaction,20260911,0.6762833071893946,0.6762833071893946,1,1
weekly_global_validated,2824,2022-09-09,2022-09-19,-0.044647264962877,2022,2022-06-30,learned_vol_interaction,20260911,0.6072920416996368,0.6072920416996368,1,0
weekly_global_validated,2828,2022-09-16,2022-09-26,-0.025155151434928,2022,2022-06-30,learned_vol_interaction,20260911,0.6281865846659338,0.6281865846659338,1,0
weekly_global_validated,2833,2022-09-23,2022-10-10,-0.0060162941299352,2022,2022-06-30,learned_vol_interaction,20260911,0.7572974806973762,0.7572974806973762,1,0
weekly_global_validated,2838,2022-09-30,2022-10-17,0.0041192047412885,2022,2022-06-30,learned_vol_interaction,20260911,0.6301564951939066,0.6301564951939066,1,1
weekly_global_ungated,2774,2022-07-01,2022-07-11,-0.0092349827532707,2022,2022-06-30,learned_vol_interaction,20260911,0.4499728552947471,0.4499728552947471,0,0
weekly_global_ungated,2779,2022-07-08,2022-07-18,-0.0326815927737367,2022,2022-06-30,learned_vol_interaction,20260911,0.4542995231516141,0.4542995231516141,0,0
weekly_global_ungated,2784,2022-07-15,2022-07-25,-0.0066210715249344,2022,2022-06-30,learned_vol_interaction,20260911,0.22642982471960615,0.22642982471960615,0,0
weekly_global_ungated,2789,2022-07-22,2022-08-01,-0.0173077967751003,2022,2022-06-30,learned_vol_interaction,20260911,0.2635064849612157,0.2635064849612157,0,0
weekly_global_ungated,2794,2022-07-29,2022-08-08,-0.004456034513838,2022,2022-06-30,learned_vol_interaction,20260911,0.4825457730701619,0.4825457730701619,0,0
weekly_global_ungated,2799,2022-08-05,2022-08-15,0.0091475117753996,2022,2022-06-30,learned_vol_interaction,20260911,0.6469044789026775,0.6469044789026775,1,1
weekly_global_ungated,2804,2022-08-12,2022-08-22,-0.0107272727272728,2022,2022-06-30,learned_vol_interaction,20260911,0.6652221391454859,0.6652221391454859,1,0
weekly_global_ungated,2809,2022-08-19,2022-08-29,-0.0172375434082356,2022,2022-06-30,learned_vol_interaction,20260911,0.6236116379774753,0.6236116379774753,1,0
weekly_global_ungated,2814,2022-08-26,2022-09-05,-0.0131573766941938,2022,2022-06-30,learned_vol_interaction,20260911,0.6758165954382251,0.6758165954382251,1,0
weekly_global_ungated,2819,2022-09-02,2022-09-13,0.0253340680878015,2022,2022-06-30,learned_vol_interaction,20260911,0.6078892362044247,0.6078892362044247,1,1
weekly_global_ungated,2824,2022-09-09,2022-09-19,-0.044647264962877,2022,2022-06-30,learned_vol_interaction,20260911,0.5343579049014777,0.5343579049014777,1,0
weekly_global_ungated,2828,2022-09-16,2022-09-26,-0.025155151434928,2022,2022-06-30,learned_vol_interaction,20260911,0.5562977761479296,0.5562977761479296,1,0
weekly_global_ungated,2833,2022-09-23,2022-10-10,-0.0060162941299352,2022,2022-06-30,learned_vol_interaction,20260911,0.6983861529733443,0.6983861529733443,1,0
weekly_global_ungated,2838,2022-09-30,2022-10-17,0.0041192047412885,2022,2022-06-30,learned_vol_interaction,20260911,0.5583808041782536,0.5583808041782536,1,1
weekly_state_validated,2774,2022-07-01,2022-07-11,-0.0092349827532707,2022,2022-06-30,learned_vol_interaction,20260912,0.3627477495911205,0.3627477495911205,0,0
weekly_state_validated,2779,2022-07-08,2022-07-18,-0.0326815927737367,2022,2022-06-30,learned_vol_interaction,20260912,0.4386327346901708,0.4386327346901708,0,0
weekly_state_validated,2784,2022-07-15,2022-07-25,-0.0066210715249344,2022,2022-06-30,learned_vol_interaction,20260912,0.48961628460365914,0.48961628460365914,0,0
weekly_state_validated,2789,2022-07-22,2022-08-01,-0.0173077967751003,2022,2022-06-30,learned_vol_interaction,20260912,0.5476518151604005,0.5476518151604005,1,0
weekly_state_validated,2794,2022-07-29,2022-08-08,-0.004456034513838,2022,2022-06-30,learned_vol_interaction,20260912,0.7328326518032054,0.7328326518032054,1,0
weekly_state_validated,2799,2022-08-05,2022-08-15,0.0091475117753996,2022,2022-06-30,learned_vol_interaction,20260912,0.6561494296696646,0.6561494296696646,1,1
weekly_state_validated,2804,2022-08-12,2022-08-22,-0.0107272727272728,2022,2022-06-30,learned_vol_interaction,20260912,0.5667272646102238,0.5667272646102238,1,0
weekly_state_validated,2809,2022-08-19,2022-08-29,-0.0172375434082356,2022,2022-06-30,learned_vol_interaction,20260912,0.5755574714973257,0.5755574714973257,1,0
weekly_state_validated,2814,2022-08-26,2022-09-05,-0.0131573766941938,2022,2022-06-30,learned_vol_interaction,20260912,0.5992889777279924,0.5992889777279924,1,0
weekly_state_validated,2819,2022-09-02,2022-09-13,0.0253340680878015,2022,2022-06-30,learned_vol_interaction,20260912,0.6636201775005496,0.6636201775005496,1,1
weekly_state_validated,2824,2022-09-09,2022-09-19,-0.044647264962877,2022,2022-06-30,learned_vol_interaction,20260912,0.7803694380682105,0.7803694380682105,1,0
weekly_state_validated,2828,2022-09-16,2022-09-26,-0.025155151434928,2022,2022-06-30,learned_vol_interaction,20260912,0.7561873327161356,0.7561873327161356,1,0
weekly_state_validated,2833,2022-09-23,2022-10-10,-0.0060162941299352,2022,2022-06-30,learned_vol_interaction,20260912,0.741993522692739,0.741993522692739,1,0
weekly_state_validated,2838,2022-09-30,2022-10-17,0.0041192047412885,2022,2022-06-30,learned_vol_interaction,20260912,0.7050997161299666,0.7050997161299666,1,1
weekly_state_ungated,2774,2022-07-01,2022-07-11,-0.0092349827532707,2022,2022-06-30,learned_vol_interaction,20260912,0.3627477495911205,0.3627477495911205,0,0
weekly_state_ungated,2779,2022-07-08,2022-07-18,-0.0326815927737367,2022,2022-06-30,learned_vol_interaction,20260912,0.4386327346901708,0.4386327346901708,0,0
weekly_state_ungated,2784,2022-07-15,2022-07-25,-0.0066210715249344,2022,2022-06-30,learned_vol_interaction,20260912,0.48961628460365914,0.48961628460365914,0,0
weekly_state_ungated,2789,2022-07-22,2022-08-01,-0.0173077967751003,2022,2022-06-30,learned_vol_interaction,20260912,0.5476518151604005,0.5476518151604005,1,0
weekly_state_ungated,2794,2022-07-29,2022-08-08,-0.004456034513838,2022,2022-06-30,learned_vol_interaction,20260912,0.7328326518032054,0.7328326518032054,1,0
weekly_state_ungated,2799,2022-08-05,2022-08-15,0.0091475117753996,2022,2022-06-30,learned_vol_interaction,20260912,0.6561494296696646,0.6561494296696646,1,1
weekly_state_ungated,2804,2022-08-12,2022-08-22,-0.0107272727272728,2022,2022-06-30,learned_vol_interaction,20260912,0.5667272646102238,0.5667272646102238,1,0
weekly_state_ungated,2809,2022-08-19,2022-08-29,-0.0172375434082356,2022,2022-06-30,learned_vol_interaction,20260912,0.5755574714973257,0.5755574714973257,1,0
weekly_state_ungated,2814,2022-08-26,2022-09-05,-0.0131573766941938,2022,2022-06-30,learned_vol_interaction,20260912,0.5992889777279924,0.5992889777279924,1,0
weekly_state_ungated,2819,2022-09-02,2022-09-13,0.0253340680878015,2022,2022-06-30,learned_vol_interaction,20260912,0.6503064389877249,0.6503064389877249,1,1
weekly_state_ungated,2824,2022-09-09,2022-09-19,-0.044647264962877,2022,2022-06-30,learned_vol_interaction,20260912,0.7700755804634496,0.7700755804634496,1,0
weekly_state_ungated,2828,2022-09-16,2022-09-26,-0.025155151434928,2022,2022-06-30,learned_vol_interaction,20260912,0.7451302516644043,0.7451302516644043,1,0
weekly_state_ungated,2833,2022-09-23,2022-10-10,-0.0060162941299352,2022,2022-06-30,learned_vol_interaction,20260912,0.7305221333631233,0.7305221333631233,1,0
weekly_state_ungated,2838,2022-09-30,2022-10-17,0.0041192047412885,2022,2022-06-30,learned_vol_interaction,20260912,0.6926674020878864,0.6926674020878864,1,1
weekly_global_validated,2774,2022-07-01,2022-07-11,-0.0092349827532707,2022,2022-06-30,learned_vol_interaction,20260912,0.3627477495911205,0.3627477495911205,0,0
weekly_global_validated,2779,2022-07-08,2022-07-18,-0.0326815927737367,2022,2022-06-30,learned_vol_interaction,20260912,0.4386327346901708,0.4386327346901708,0,0
weekly_global_validated,2784,2022-07-15,2022-07-25,-0.0066210715249344,2022,2022-06-30,learned_vol_interaction,20260912,0.48961628460365914,0.48961628460365914,0,0
weekly_global_validated,2789,2022-07-22,2022-08-01,-0.0173077967751003,2022,2022-06-30,learned_vol_interaction,20260912,0.5476518151604005,0.5476518151604005,1,0
weekly_global_validated,2794,2022-07-29,2022-08-08,-0.004456034513838,2022,2022-06-30,learned_vol_interaction,20260912,0.7328326518032054,0.7328326518032054,1,0
weekly_global_validated,2799,2022-08-05,2022-08-15,0.0091475117753996,2022,2022-06-30,learned_vol_interaction,20260912,0.6561494296696646,0.6561494296696646,1,1
weekly_global_validated,2804,2022-08-12,2022-08-22,-0.0107272727272728,2022,2022-06-30,learned_vol_interaction,20260912,0.5667272646102238,0.5667272646102238,1,0
weekly_global_validated,2809,2022-08-19,2022-08-29,-0.0172375434082356,2022,2022-06-30,learned_vol_interaction,20260912,0.5755574714973257,0.5755574714973257,1,0
weekly_global_validated,2814,2022-08-26,2022-09-05,-0.0131573766941938,2022,2022-06-30,learned_vol_interaction,20260912,0.5992889777279924,0.5992889777279924,1,0
weekly_global_validated,2819,2022-09-02,2022-09-13,0.0253340680878015,2022,2022-06-30,learned_vol_interaction,20260912,0.6636201775005496,0.6636201775005496,1,1
weekly_global_validated,2824,2022-09-09,2022-09-19,-0.044647264962877,2022,2022-06-30,learned_vol_interaction,20260912,0.7803694380682105,0.7803694380682105,1,0
weekly_global_validated,2828,2022-09-16,2022-09-26,-0.025155151434928,2022,2022-06-30,learned_vol_interaction,20260912,0.7561873327161356,0.7561873327161356,1,0
weekly_global_validated,2833,2022-09-23,2022-10-10,-0.0060162941299352,2022,2022-06-30,learned_vol_interaction,20260912,0.741993522692739,0.741993522692739,1,0
weekly_global_validated,2838,2022-09-30,2022-10-17,0.0041192047412885,2022,2022-06-30,learned_vol_interaction,20260912,0.7050997161299666,0.7050997161299666,1,1
weekly_global_ungated,2774,2022-07-01,2022-07-11,-0.0092349827532707,2022,2022-06-30,learned_vol_interaction,20260912,0.3106616946687925,0.3106616946687925,0,0
weekly_global_ungated,2779,2022-07-08,2022-07-18,-0.0326815927737367,2022,2022-06-30,learned_vol_interaction,20260912,0.3821853868629309,0.3821853868629309,0,0
weekly_global_ungated,2784,2022-07-15,2022-07-25,-0.0066210715249344,2022,2022-06-30,learned_vol_interaction,20260912,0.43165288648067657,0.43165288648067657,0,0
weekly_global_ungated,2789,2022-07-22,2022-08-01,-0.0173077967751003,2022,2022-06-30,learned_vol_interaction,20260912,0.489406024763428,0.489406024763428,0,0
weekly_global_ungated,2794,2022-07-29,2022-08-08,-0.004456034513838,2022,2022-06-30,learned_vol_interaction,20260912,0.6847034897089206,0.6847034897089206,1,0
weekly_global_ungated,2799,2022-08-05,2022-08-15,0.0091475117753996,2022,2022-06-30,learned_vol_interaction,20260912,0.6017139322081815,0.6017139322081815,1,1
weekly_global_ungated,2804,2022-08-12,2022-08-22,-0.0107272727272728,2022,2022-06-30,learned_vol_interaction,20260912,0.5087343659395083,0.5087343659395083,1,0
weekly_global_ungated,2809,2022-08-19,2022-08-29,-0.0172375434082356,2022,2022-06-30,learned_vol_interaction,20260912,0.5177407308449126,0.5177407308449126,1,0
weekly_global_ungated,2814,2022-08-26,2022-09-05,-0.0131573766941938,2022,2022-06-30,learned_vol_interaction,20260912,0.5421332555010394,0.5421332555010394,1,0
weekly_global_ungated,2819,2022-09-02,2022-09-13,0.0253340680878015,2022,2022-06-30,learned_vol_interaction,20260912,0.6096638067377695,0.6096638067377695,1,1
weekly_global_ungated,2824,2022-09-09,2022-09-19,-0.044647264962877,2022,2022-06-30,learned_vol_interaction,20260912,0.7377391763435691,0.7377391763435691,1,0
weekly_global_ungated,2828,2022-09-16,2022-09-26,-0.025155151434928,2022,2022-06-30,learned_vol_interaction,20260912,0.7106039784234764,0.7106039784234764,1,0
weekly_global_ungated,2833,2022-09-23,2022-10-10,-0.0060162941299352,2022,2022-06-30,learned_vol_interaction,20260912,0.6948274255593655,0.6948274255593655,1,0
weekly_global_ungated,2838,2022-09-30,2022-10-17,0.0041192047412885,2022,2022-06-30,learned_vol_interaction,20260912,0.6543311208842044,0.6543311208842044,1,1
weekly_state_validated,2774,2022-07-01,2022-07-11,-0.0092349827532707,2022,2022-06-30,learned_order_extension,20260910,0.5673900409205141,0.5673900409205141,1,0
weekly_state_validated,2779,2022-07-08,2022-07-18,-0.0326815927737367,2022,2022-06-30,learned_order_extension,20260910,0.5410131618864253,0.5410131618864253,1,0
weekly_state_validated,2784,2022-07-15,2022-07-25,-0.0066210715249344,2022,2022-06-30,learned_order_extension,20260910,0.47973859027832644,0.47973859027832644,0,0
weekly_state_validated,2789,2022-07-22,2022-08-01,-0.0173077967751003,2022,2022-06-30,learned_order_extension,20260910,0.5665009900782988,0.5665009900782988,1,0
weekly_state_validated,2794,2022-07-29,2022-08-08,-0.004456034513838,2022,2022-06-30,learned_order_extension,20260910,0.6826002369228839,0.6826002369228839,1,0
weekly_state_validated,2799,2022-08-05,2022-08-15,0.0091475117753996,2022,2022-06-30,learned_order_extension,20260910,0.6264531350174127,0.6264531350174127,1,1
weekly_state_validated,2804,2022-08-12,2022-08-22,-0.0107272727272728,2022,2022-06-30,learned_order_extension,20260910,0.6234550049594982,0.6234550049594982,1,0
weekly_state_validated,2809,2022-08-19,2022-08-29,-0.0172375434082356,2022,2022-06-30,learned_order_extension,20260910,0.614312207680884,0.614312207680884,1,0
weekly_state_validated,2814,2022-08-26,2022-09-05,-0.0131573766941938,2022,2022-06-30,learned_order_extension,20260910,0.6167311395003157,0.6167311395003157,1,0
weekly_state_validated,2819,2022-09-02,2022-09-13,0.0253340680878015,2022,2022-06-30,learned_order_extension,20260910,0.5957625148526239,0.5957625148526239,1,1
weekly_state_validated,2824,2022-09-09,2022-09-19,-0.044647264962877,2022,2022-06-30,learned_order_extension,20260910,0.6877495846105631,0.6877495846105631,1,0
weekly_state_validated,2828,2022-09-16,2022-09-26,-0.025155151434928,2022,2022-06-30,learned_order_extension,20260910,0.5682731902480352,0.5682731902480352,1,0
weekly_state_validated,2833,2022-09-23,2022-10-10,-0.0060162941299352,2022,2022-06-30,learned_order_extension,20260910,0.6781748015829271,0.6781748015829271,1,0
weekly_state_validated,2838,2022-09-30,2022-10-17,0.0041192047412885,2022,2022-06-30,learned_order_extension,20260910,0.5645710885067642,0.5645710885067642,1,1
weekly_state_ungated,2774,2022-07-01,2022-07-11,-0.0092349827532707,2022,2022-06-30,learned_order_extension,20260910,0.5673900409205141,0.5673900409205141,1,0
weekly_state_ungated,2779,2022-07-08,2022-07-18,-0.0326815927737367,2022,2022-06-30,learned_order_extension,20260910,0.5410131618864253,0.5410131618864253,1,0
weekly_state_ungated,2784,2022-07-15,2022-07-25,-0.0066210715249344,2022,2022-06-30,learned_order_extension,20260910,0.47973859027832644,0.47973859027832644,0,0
weekly_state_ungated,2789,2022-07-22,2022-08-01,-0.0173077967751003,2022,2022-06-30,learned_order_extension,20260910,0.5665009900782988,0.5665009900782988,1,0
weekly_state_ungated,2794,2022-07-29,2022-08-08,-0.004456034513838,2022,2022-06-30,learned_order_extension,20260910,0.6826002369228839,0.6826002369228839,1,0
weekly_state_ungated,2799,2022-08-05,2022-08-15,0.0091475117753996,2022,2022-06-30,learned_order_extension,20260910,0.6264531350174127,0.6264531350174127,1,1
weekly_state_ungated,2804,2022-08-12,2022-08-22,-0.0107272727272728,2022,2022-06-30,learned_order_extension,20260910,0.6234550049594982,0.6234550049594982,1,0
weekly_state_ungated,2809,2022-08-19,2022-08-29,-0.0172375434082356,2022,2022-06-30,learned_order_extension,20260910,0.614312207680884,0.614312207680884,1,0
weekly_state_ungated,2814,2022-08-26,2022-09-05,-0.0131573766941938,2022,2022-06-30,learned_order_extension,20260910,0.6167311395003157,0.6167311395003157,1,0
weekly_state_ungated,2819,2022-09-02,2022-09-13,0.0253340680878015,2022,2022-06-30,learned_order_extension,20260910,0.5638757661284504,0.5638757661284504,1,1
weekly_state_ungated,2824,2022-09-09,2022-09-19,-0.044647264962877,2022,2022-06-30,learned_order_extension,20260910,0.6589652773645727,0.6589652773645727,1,0
weekly_state_ungated,2828,2022-09-16,2022-09-26,-0.025155151434928,2022,2022-06-30,learned_order_extension,20260910,0.5359072043911545,0.5359072043911545,1,0
weekly_state_ungated,2833,2022-09-23,2022-10-10,-0.0060162941299352,2022,2022-06-30,learned_order_extension,20260910,0.6489583739630976,0.6489583739630976,1,0
weekly_state_ungated,2838,2022-09-30,2022-10-17,0.0041192047412885,2022,2022-06-30,learned_order_extension,20260910,0.5321560535325791,0.5321560535325791,1,1
weekly_global_validated,2774,2022-07-01,2022-07-11,-0.0092349827532707,2022,2022-06-30,learned_order_extension,20260910,0.5673900409205141,0.5673900409205141,1,0
weekly_global_validated,2779,2022-07-08,2022-07-18,-0.0326815927737367,2022,2022-06-30,learned_order_extension,20260910,0.5410131618864253,0.5410131618864253,1,0
weekly_global_validated,2784,2022-07-15,2022-07-25,-0.0066210715249344,2022,2022-06-30,learned_order_extension,20260910,0.47973859027832644,0.47973859027832644,0,0
weekly_global_validated,2789,2022-07-22,2022-08-01,-0.0173077967751003,2022,2022-06-30,learned_order_extension,20260910,0.5665009900782988,0.5665009900782988,1,0
weekly_global_validated,2794,2022-07-29,2022-08-08,-0.004456034513838,2022,2022-06-30,learned_order_extension,20260910,0.6826002369228839,0.6826002369228839,1,0
weekly_global_validated,2799,2022-08-05,2022-08-15,0.0091475117753996,2022,2022-06-30,learned_order_extension,20260910,0.6264531350174127,0.6264531350174127,1,1
weekly_global_validated,2804,2022-08-12,2022-08-22,-0.0107272727272728,2022,2022-06-30,learned_order_extension,20260910,0.6234550049594982,0.6234550049594982,1,0
weekly_global_validated,2809,2022-08-19,2022-08-29,-0.0172375434082356,2022,2022-06-30,learned_order_extension,20260910,0.614312207680884,0.614312207680884,1,0
weekly_global_validated,2814,2022-08-26,2022-09-05,-0.0131573766941938,2022,2022-06-30,learned_order_extension,20260910,0.6167311395003157,0.6167311395003157,1,0
weekly_global_validated,2819,2022-09-02,2022-09-13,0.0253340680878015,2022,2022-06-30,learned_order_extension,20260910,0.5957625148526239,0.5957625148526239,1,1
weekly_global_validated,2824,2022-09-09,2022-09-19,-0.044647264962877,2022,2022-06-30,learned_order_extension,20260910,0.6877495846105631,0.6877495846105631,1,0
weekly_global_validated,2828,2022-09-16,2022-09-26,-0.025155151434928,2022,2022-06-30,learned_order_extension,20260910,0.5682731902480352,0.5682731902480352,1,0
weekly_global_validated,2833,2022-09-23,2022-10-10,-0.0060162941299352,2022,2022-06-30,learned_order_extension,20260910,0.6781748015829271,0.6781748015829271,1,0
weekly_global_validated,2838,2022-09-30,2022-10-17,0.0041192047412885,2022,2022-06-30,learned_order_extension,20260910,0.5645710885067642,0.5645710885067642,1,1
weekly_global_ungated,2774,2022-07-01,2022-07-11,-0.0092349827532707,2022,2022-06-30,learned_order_extension,20260910,0.4906203654148224,0.4906203654148224,0,0
weekly_global_ungated,2779,2022-07-08,2022-07-18,-0.0326815927737367,2022,2022-06-30,learned_order_extension,20260910,0.463984656485334,0.463984656485334,0,0
weekly_global_ungated,2784,2022-07-15,2022-07-25,-0.0066210715249344,2022,2022-06-30,learned_order_extension,20260910,0.4037598094650536,0.4037598094650536,0,0
weekly_global_ungated,2789,2022-07-22,2022-08-01,-0.0173077967751003,2022,2022-06-30,learned_order_extension,20260910,0.4897154358397343,0.4897154358397343,0,0
weekly_global_ungated,2794,2022-07-29,2022-08-08,-0.004456034513838,2022,2022-06-30,learned_order_extension,20260910,0.6123055625736671,0.6123055625736671,1,0
weekly_global_ungated,2799,2022-08-05,2022-08-15,0.0091475117753996,2022,2022-06-30,learned_order_extension,20260910,0.551886811323299,0.551886811323299,1,1
weekly_global_ungated,2804,2022-08-12,2022-08-22,-0.0107272727272728,2022,2022-06-30,learned_order_extension,20260910,0.5487213294930915,0.5487213294930915,1,0
weekly_global_ungated,2809,2022-08-19,2022-08-29,-0.0172375434082356,2022,2022-06-30,learned_order_extension,20260910,0.5391053938187749,0.5391053938187749,1,0
weekly_global_ungated,2814,2022-08-26,2022-09-05,-0.0131573766941938,2022,2022-06-30,learned_order_extension,20260910,0.5416440709840609,0.5416440709840609,1,0
weekly_global_ungated,2819,2022-09-02,2022-09-13,0.0253340680878015,2022,2022-06-30,learned_order_extension,20260910,0.5197662451108463,0.5197662451108463,1,1
weekly_global_ungated,2824,2022-09-09,2022-09-19,-0.044647264962877,2022,2022-06-30,learned_order_extension,20260910,0.6179570549530761,0.6179570549530761,1,0
weekly_global_ungated,2828,2022-09-16,2022-09-26,-0.025155151434928,2022,2022-06-30,learned_order_extension,20260910,0.4915197864591046,0.4915197864591046,0,0
weekly_global_ungated,2833,2022-09-23,2022-10-10,-0.0060162941299352,2022,2022-06-30,learned_order_extension,20260910,0.6074636425438275,0.6074636425438275,1,0
weekly_global_ungated,2838,2022-09-30,2022-10-17,0.0041192047412885,2022,2022-06-30,learned_order_extension,20260910,0.48775279598128557,0.48775279598128557,0,1
weekly_state_validated,2774,2022-07-01,2022-07-11,-0.0092349827532707,2022,2022-06-30,learned_order_extension,20260911,0.5074843163264047,0.5074843163264047,1,0
weekly_state_validated,2779,2022-07-08,2022-07-18,-0.0326815927737367,2022,2022-06-30,learned_order_extension,20260911,0.5121847716177591,0.5121847716177591,1,0
weekly_state_validated,2784,2022-07-15,2022-07-25,-0.0066210715249344,2022,2022-06-30,learned_order_extension,20260911,0.2684864364550306,0.2684864364550306,0,0
weekly_state_validated,2789,2022-07-22,2022-08-01,-0.0173077967751003,2022,2022-06-30,learned_order_extension,20260911,0.2677542813034704,0.2677542813034704,0,0
weekly_state_validated,2794,2022-07-29,2022-08-08,-0.004456034513838,2022,2022-06-30,learned_order_extension,20260911,0.5491944105847139,0.5491944105847139,1,0
weekly_state_validated,2799,2022-08-05,2022-08-15,0.0091475117753996,2022,2022-06-30,learned_order_extension,20260911,0.777138078827454,0.777138078827454,1,1
weekly_state_validated,2804,2022-08-12,2022-08-22,-0.0107272727272728,2022,2022-06-30,learned_order_extension,20260911,0.7974960640657842,0.7974960640657842,1,0
weekly_state_validated,2809,2022-08-19,2022-08-29,-0.0172375434082356,2022,2022-06-30,learned_order_extension,20260911,0.7637706546439285,0.7637706546439285,1,0
weekly_state_validated,2814,2022-08-26,2022-09-05,-0.0131573766941938,2022,2022-06-30,learned_order_extension,20260911,0.8226540126203189,0.8226540126203189,1,0
weekly_state_validated,2819,2022-09-02,2022-09-13,0.0253340680878015,2022,2022-06-30,learned_order_extension,20260911,0.7276803329800616,0.7276803329800616,1,1
weekly_state_validated,2824,2022-09-09,2022-09-19,-0.044647264962877,2022,2022-06-30,learned_order_extension,20260911,0.6403269116194389,0.6403269116194389,1,0
weekly_state_validated,2828,2022-09-16,2022-09-26,-0.025155151434928,2022,2022-06-30,learned_order_extension,20260911,0.672911792764146,0.672911792764146,1,0
weekly_state_validated,2833,2022-09-23,2022-10-10,-0.0060162941299352,2022,2022-06-30,learned_order_extension,20260911,0.8103058077398577,0.8103058077398577,1,0
weekly_state_validated,2838,2022-09-30,2022-10-17,0.0041192047412885,2022,2022-06-30,learned_order_extension,20260911,0.6385508768739941,0.6385508768739941,1,1
weekly_state_ungated,2774,2022-07-01,2022-07-11,-0.0092349827532707,2022,2022-06-30,learned_order_extension,20260911,0.5074843163264047,0.5074843163264047,1,0
weekly_state_ungated,2779,2022-07-08,2022-07-18,-0.0326815927737367,2022,2022-06-30,learned_order_extension,20260911,0.5121847716177591,0.5121847716177591,1,0
weekly_state_ungated,2784,2022-07-15,2022-07-25,-0.0066210715249344,2022,2022-06-30,learned_order_extension,20260911,0.2684864364550306,0.2684864364550306,0,0
weekly_state_ungated,2789,2022-07-22,2022-08-01,-0.0173077967751003,2022,2022-06-30,learned_order_extension,20260911,0.2677542813034704,0.2677542813034704,0,0
weekly_state_ungated,2794,2022-07-29,2022-08-08,-0.004456034513838,2022,2022-06-30,learned_order_extension,20260911,0.5491944105847139,0.5491944105847139,1,0
weekly_state_ungated,2799,2022-08-05,2022-08-15,0.0091475117753996,2022,2022-06-30,learned_order_extension,20260911,0.777138078827454,0.777138078827454,1,1
weekly_state_ungated,2804,2022-08-12,2022-08-22,-0.0107272727272728,2022,2022-06-30,learned_order_extension,20260911,0.7974960640657842,0.7974960640657842,1,0
weekly_state_ungated,2809,2022-08-19,2022-08-29,-0.0172375434082356,2022,2022-06-30,learned_order_extension,20260911,0.7637706546439285,0.7637706546439285,1,0
weekly_state_ungated,2814,2022-08-26,2022-09-05,-0.0131573766941938,2022,2022-06-30,learned_order_extension,20260911,0.8226540126203189,0.8226540126203189,1,0
weekly_state_ungated,2819,2022-09-02,2022-09-13,0.0253340680878015,2022,2022-06-30,learned_order_extension,20260911,0.6941287099328394,0.6941287099328394,1,1
weekly_state_ungated,2824,2022-09-09,2022-09-19,-0.044647264962877,2022,2022-06-30,learned_order_extension,20260911,0.6019007215320453,0.6019007215320453,1,0
weekly_state_ungated,2828,2022-09-16,2022-09-26,-0.025155151434928,2022,2022-06-30,learned_order_extension,20260911,0.6359878375397101,0.6359878375397101,1,0
weekly_state_ungated,2833,2022-09-23,2022-10-10,-0.0060162941299352,2022,2022-06-30,learned_order_extension,20260911,0.7839111876163407,0.7839111876163407,1,0
weekly_state_ungated,2838,2022-09-30,2022-10-17,0.0041192047412885,2022,2022-06-30,learned_order_extension,20260911,0.6000534559441512,0.6000534559441512,1,1
weekly_global_validated,2774,2022-07-01,2022-07-11,-0.0092349827532707,2022,2022-06-30,learned_order_extension,20260911,0.5074843163264047,0.5074843163264047,1,0
weekly_global_validated,2779,2022-07-08,2022-07-18,-0.0326815927737367,2022,2022-06-30,learned_order_extension,20260911,0.5121847716177591,0.5121847716177591,1,0
weekly_global_validated,2784,2022-07-15,2022-07-25,-0.0066210715249344,2022,2022-06-30,learned_order_extension,20260911,0.2684864364550306,0.2684864364550306,0,0
weekly_global_validated,2789,2022-07-22,2022-08-01,-0.0173077967751003,2022,2022-06-30,learned_order_extension,20260911,0.2677542813034704,0.2677542813034704,0,0
weekly_global_validated,2794,2022-07-29,2022-08-08,-0.004456034513838,2022,2022-06-30,learned_order_extension,20260911,0.5491944105847139,0.5491944105847139,1,0
weekly_global_validated,2799,2022-08-05,2022-08-15,0.0091475117753996,2022,2022-06-30,learned_order_extension,20260911,0.777138078827454,0.777138078827454,1,1
weekly_global_validated,2804,2022-08-12,2022-08-22,-0.0107272727272728,2022,2022-06-30,learned_order_extension,20260911,0.7974960640657842,0.7974960640657842,1,0
weekly_global_validated,2809,2022-08-19,2022-08-29,-0.0172375434082356,2022,2022-06-30,learned_order_extension,20260911,0.7637706546439285,0.7637706546439285,1,0
weekly_global_validated,2814,2022-08-26,2022-09-05,-0.0131573766941938,2022,2022-06-30,learned_order_extension,20260911,0.8226540126203189,0.8226540126203189,1,0
weekly_global_validated,2819,2022-09-02,2022-09-13,0.0253340680878015,2022,2022-06-30,learned_order_extension,20260911,0.7276803329800616,0.7276803329800616,1,1
weekly_global_validated,2824,2022-09-09,2022-09-19,-0.044647264962877,2022,2022-06-30,learned_order_extension,20260911,0.6403269116194389,0.6403269116194389,1,0
weekly_global_validated,2828,2022-09-16,2022-09-26,-0.025155151434928,2022,2022-06-30,learned_order_extension,20260911,0.672911792764146,0.672911792764146,1,0
weekly_global_validated,2833,2022-09-23,2022-10-10,-0.0060162941299352,2022,2022-06-30,learned_order_extension,20260911,0.8103058077398577,0.8103058077398577,1,0
weekly_global_validated,2838,2022-09-30,2022-10-17,0.0041192047412885,2022,2022-06-30,learned_order_extension,20260911,0.6385508768739941,0.6385508768739941,1,1
weekly_global_ungated,2774,2022-07-01,2022-07-11,-0.0092349827532707,2022,2022-06-30,learned_order_extension,20260911,0.428577599674622,0.428577599674622,0,0
weekly_global_ungated,2779,2022-07-08,2022-07-18,-0.0326815927737367,2022,2022-06-30,learned_order_extension,20260911,0.4331900202814453,0.4331900202814453,0,0
weekly_global_ungated,2784,2022-07-15,2022-07-25,-0.0066210715249344,2022,2022-06-30,learned_order_extension,20260911,0.21083297784081784,0.21083297784081784,0,0
weekly_global_ungated,2789,2022-07-22,2022-08-01,-0.0173077967751003,2022,2022-06-30,learned_order_extension,20260911,0.21021286242178236,0.21021286242178236,0,0
weekly_global_ungated,2794,2022-07-29,2022-08-08,-0.004456034513838,2022,2022-06-30,learned_order_extension,20260911,0.46999109518076265,0.46999109518076265,0,0
weekly_global_ungated,2799,2022-08-05,2022-08-15,0.0091475117753996,2022,2022-06-30,learned_order_extension,20260911,0.7173732743902707,0.7173732743902707,1,1
weekly_global_ungated,2804,2022-08-12,2022-08-22,-0.0107272727272728,2022,2022-06-30,learned_order_extension,20260911,0.7413738048556128,0.7413738048556128,1,0
weekly_global_ungated,2809,2022-08-19,2022-08-29,-0.0172375434082356,2022,2022-06-30,learned_order_extension,20260911,0.7017966478340887,0.7017966478340887,1,0
weekly_global_ungated,2814,2022-08-26,2022-09-05,-0.0131573766941938,2022,2022-06-30,learned_order_extension,20260911,0.7715064030869293,0.7715064030869293,1,0
weekly_global_ungated,2819,2022-09-02,2022-09-13,0.0253340680878015,2022,2022-06-30,learned_order_extension,20260911,0.6604474527692141,0.6604474527692141,1,1
weekly_global_ungated,2824,2022-09-09,2022-09-19,-0.044647264962877,2022,2022-06-30,learned_order_extension,20260911,0.5644364128926779,0.5644364128926779,1,0
weekly_global_ungated,2828,2022-09-16,2022-09-26,-0.025155151434928,2022,2022-06-30,learned_order_extension,20260911,0.5995974262864353,0.5995974262864353,1,0
weekly_global_ungated,2833,2022-09-23,2022-10-10,-0.0060162941299352,2022,2022-06-30,learned_order_extension,20260911,0.7566503722303928,0.7566503722303928,1,0
weekly_global_ungated,2838,2022-09-30,2022-10-17,0.0041192047412885,2022,2022-06-30,learned_order_extension,20260911,0.5625416526706354,0.5625416526706354,1,1
weekly_state_validated,2774,2022-07-01,2022-07-11,-0.0092349827532707,2022,2022-06-30,learned_order_extension,20260912,0.374217053609673,0.374217053609673,0,0
weekly_state_validated,2779,2022-07-08,2022-07-18,-0.0326815927737367,2022,2022-06-30,learned_order_extension,20260912,0.4519894158378443,0.4519894158378443,0,0
weekly_state_validated,2784,2022-07-15,2022-07-25,-0.0066210715249344,2022,2022-06-30,learned_order_extension,20260912,0.4940204054336156,0.4940204054336156,0,0
weekly_state_validated,2789,2022-07-22,2022-08-01,-0.0173077967751003,2022,2022-06-30,learned_order_extension,20260912,0.5530846362953933,0.5530846362953933,1,0
weekly_state_validated,2794,2022-07-29,2022-08-08,-0.004456034513838,2022,2022-06-30,learned_order_extension,20260912,0.7003654415092999,0.7003654415092999,1,0
weekly_state_validated,2799,2022-08-05,2022-08-15,0.0091475117753996,2022,2022-06-30,learned_order_extension,20260912,0.6341161655828421,0.6341161655828421,1,1
weekly_state_validated,2804,2022-08-12,2022-08-22,-0.0107272727272728,2022,2022-06-30,learned_order_extension,20260912,0.5691662323086379,0.5691662323086379,1,0
weekly_state_validated,2809,2022-08-19,2022-08-29,-0.0172375434082356,2022,2022-06-30,learned_order_extension,20260912,0.5696880836750867,0.5696880836750867,1,0
weekly_state_validated,2814,2022-08-26,2022-09-05,-0.0131573766941938,2022,2022-06-30,learned_order_extension,20260912,0.5878257984810045,0.5878257984810045,1,0
weekly_state_validated,2819,2022-09-02,2022-09-13,0.0253340680878015,2022,2022-06-30,learned_order_extension,20260912,0.6379877793880597,0.6379877793880597,1,1
weekly_state_validated,2824,2022-09-09,2022-09-19,-0.044647264962877,2022,2022-06-30,learned_order_extension,20260912,0.7291911589139091,0.7291911589139091,1,0
weekly_state_validated,2828,2022-09-16,2022-09-26,-0.025155151434928,2022,2022-06-30,learned_order_extension,20260912,0.7111098702993732,0.7111098702993732,1,0
weekly_state_validated,2833,2022-09-23,2022-10-10,-0.0060162941299352,2022,2022-06-30,learned_order_extension,20260912,0.7077372458929503,0.7077372458929503,1,0
weekly_state_validated,2838,2022-09-30,2022-10-17,0.0041192047412885,2022,2022-06-30,learned_order_extension,20260912,0.6810391020203391,0.6810391020203391,1,1
weekly_state_ungated,2774,2022-07-01,2022-07-11,-0.0092349827532707,2022,2022-06-30,learned_order_extension,20260912,0.374217053609673,0.374217053609673,0,0
weekly_state_ungated,2779,2022-07-08,2022-07-18,-0.0326815927737367,2022,2022-06-30,learned_order_extension,20260912,0.4519894158378443,0.4519894158378443,0,0
weekly_state_ungated,2784,2022-07-15,2022-07-25,-0.0066210715249344,2022,2022-06-30,learned_order_extension,20260912,0.4940204054336156,0.4940204054336156,0,0
weekly_state_ungated,2789,2022-07-22,2022-08-01,-0.0173077967751003,2022,2022-06-30,learned_order_extension,20260912,0.5530846362953933,0.5530846362953933,1,0
weekly_state_ungated,2794,2022-07-29,2022-08-08,-0.004456034513838,2022,2022-06-30,learned_order_extension,20260912,0.7003654415092999,0.7003654415092999,1,0
weekly_state_ungated,2799,2022-08-05,2022-08-15,0.0091475117753996,2022,2022-06-30,learned_order_extension,20260912,0.6341161655828421,0.6341161655828421,1,1
weekly_state_ungated,2804,2022-08-12,2022-08-22,-0.0107272727272728,2022,2022-06-30,learned_order_extension,20260912,0.5691662323086379,0.5691662323086379,1,0
weekly_state_ungated,2809,2022-08-19,2022-08-29,-0.0172375434082356,2022,2022-06-30,learned_order_extension,20260912,0.5696880836750867,0.5696880836750867,1,0
weekly_state_ungated,2814,2022-08-26,2022-09-05,-0.0131573766941938,2022,2022-06-30,learned_order_extension,20260912,0.5878257984810045,0.5878257984810045,1,0
weekly_state_ungated,2819,2022-09-02,2022-09-13,0.0253340680878015,2022,2022-06-30,learned_order_extension,20260912,0.6249642533738036,0.6249642533738036,1,1
weekly_state_ungated,2824,2022-09-09,2022-09-19,-0.044647264962877,2022,2022-06-30,learned_order_extension,20260912,0.7179984167795022,0.7179984167795022,1,0
weekly_state_ungated,2828,2022-09-16,2022-09-26,-0.025155151434928,2022,2022-06-30,learned_order_extension,20260912,0.699477805423075,0.699477805423075,1,0
weekly_state_ungated,2833,2022-09-23,2022-10-10,-0.0060162941299352,2022,2022-06-30,learned_order_extension,20260912,0.6960274317541743,0.6960274317541743,1,0
weekly_state_ungated,2838,2022-09-30,2022-10-17,0.0041192047412885,2022,2022-06-30,learned_order_extension,20260912,0.6687602415485557,0.6687602415485557,1,1
weekly_global_validated,2774,2022-07-01,2022-07-11,-0.0092349827532707,2022,2022-06-30,learned_order_extension,20260912,0.374217053609673,0.374217053609673,0,0
weekly_global_validated,2779,2022-07-08,2022-07-18,-0.0326815927737367,2022,2022-06-30,learned_order_extension,20260912,0.4519894158378443,0.4519894158378443,0,0
weekly_global_validated,2784,2022-07-15,2022-07-25,-0.0066210715249344,2022,2022-06-30,learned_order_extension,20260912,0.4940204054336156,0.4940204054336156,0,0
weekly_global_validated,2789,2022-07-22,2022-08-01,-0.0173077967751003,2022,2022-06-30,learned_order_extension,20260912,0.5530846362953933,0.5530846362953933,1,0
weekly_global_validated,2794,2022-07-29,2022-08-08,-0.004456034513838,2022,2022-06-30,learned_order_extension,20260912,0.7003654415092999,0.7003654415092999,1,0
weekly_global_validated,2799,2022-08-05,2022-08-15,0.0091475117753996,2022,2022-06-30,learned_order_extension,20260912,0.6341161655828421,0.6341161655828421,1,1
weekly_global_validated,2804,2022-08-12,2022-08-22,-0.0107272727272728,2022,2022-06-30,learned_order_extension,20260912,0.5691662323086379,0.5691662323086379,1,0
weekly_global_validated,2809,2022-08-19,2022-08-29,-0.0172375434082356,2022,2022-06-30,learned_order_extension,20260912,0.5696880836750867,0.5696880836750867,1,0
weekly_global_validated,2814,2022-08-26,2022-09-05,-0.0131573766941938,2022,2022-06-30,learned_order_extension,20260912,0.5878257984810045,0.5878257984810045,1,0
weekly_global_validated,2819,2022-09-02,2022-09-13,0.0253340680878015,2022,2022-06-30,learned_order_extension,20260912,0.6379877793880597,0.6379877793880597,1,1
weekly_global_validated,2824,2022-09-09,2022-09-19,-0.044647264962877,2022,2022-06-30,learned_order_extension,20260912,0.7291911589139091,0.7291911589139091,1,0
weekly_global_validated,2828,2022-09-16,2022-09-26,-0.025155151434928,2022,2022-06-30,learned_order_extension,20260912,0.7111098702993732,0.7111098702993732,1,0
weekly_global_validated,2833,2022-09-23,2022-10-10,-0.0060162941299352,2022,2022-06-30,learned_order_extension,20260912,0.7077372458929503,0.7077372458929503,1,0
weekly_global_validated,2838,2022-09-30,2022-10-17,0.0041192047412885,2022,2022-06-30,learned_order_extension,20260912,0.6810391020203391,0.6810391020203391,1,1
weekly_global_ungated,2774,2022-07-01,2022-07-11,-0.0092349827532707,2022,2022-06-30,learned_order_extension,20260912,0.32254482432404363,0.32254482432404363,0,0
weekly_global_ungated,2779,2022-07-08,2022-07-18,-0.0326815927737367,2022,2022-06-30,learned_order_extension,20260912,0.39638047787962244,0.39638047787962244,0,0
weekly_global_ungated,2784,2022-07-15,2022-07-25,-0.0066210715249344,2022,2022-06-30,learned_order_extension,20260912,0.43736741673763835,0.43736741673763835,0,0
weekly_global_ungated,2789,2022-07-22,2022-08-01,-0.0173077967751003,2022,2022-06-30,learned_order_extension,20260912,0.4963020990764447,0.4963020990764447,0,0
weekly_global_ungated,2794,2022-07-29,2022-08-08,-0.004456034513838,2022,2022-06-30,learned_order_extension,20260912,0.6504698185494975,0.6504698185494975,1,0
weekly_global_ungated,2799,2022-08-05,2022-08-15,0.0091475117753996,2022,2022-06-30,learned_order_extension,20260912,0.5798073495080666,0.5798073495080666,1,1
weekly_global_ungated,2804,2022-08-12,2022-08-22,-0.0107272727272728,2022,2022-06-30,learned_order_extension,20260912,0.5126264487018566,0.5126264487018566,1,0
weekly_global_ungated,2809,2022-08-19,2022-08-29,-0.0172375434082356,2022,2022-06-30,learned_order_extension,20260912,0.513158205670443,0.513158205670443,1,0
weekly_global_ungated,2814,2022-08-26,2022-09-05,-0.0131573766941938,2022,2022-06-30,learned_order_extension,20260912,0.5317200641165496,0.5317200641165496,1,0
weekly_global_ungated,2819,2022-09-02,2022-09-13,0.0253340680878015,2022,2022-06-30,learned_order_extension,20260912,0.5838765202305507,0.5838765202305507,1,1
weekly_global_ungated,2824,2022-09-09,2022-09-19,-0.044647264962877,2022,2022-06-30,learned_order_extension,20260912,0.6819155806659272,0.6819155806659272,1,0
weekly_global_ungated,2828,2022-09-16,2022-09-26,-0.025155151434928,2022,2022-06-30,learned_order_extension,20260912,0.6621403179085533,0.6621403179085533,1,0
weekly_global_ungated,2833,2022-09-23,2022-10-10,-0.0060162941299352,2022,2022-06-30,learned_order_extension,20260912,0.6584705722726965,0.6584705722726965,1,0
weekly_global_ungated,2838,2022-09-30,2022-10-17,0.0041192047412885,2022,2022-06-30,learned_order_extension,20260912,0.6296271285380457,0.6296271285380457,1,1
weekly_state_validated,2774,2022-07-01,2022-07-11,-0.0092349827532707,2022,2022-06-30,learned_order_offset,20260910,0.5672840355549256,0.5672840355549256,1,0
weekly_state_validated,2779,2022-07-08,2022-07-18,-0.0326815927737367,2022,2022-06-30,learned_order_offset,20260910,0.5409192694310424,0.5409192694310424,1,0
weekly_state_validated,2784,2022-07-15,2022-07-25,-0.0066210715249344,2022,2022-06-30,learned_order_offset,20260910,0.47961995538049773,0.47961995538049773,0,0
weekly_state_validated,2789,2022-07-22,2022-08-01,-0.0173077967751003,2022,2022-06-30,learned_order_offset,20260910,0.5660618100474655,0.5660618100474655,1,0
weekly_state_validated,2794,2022-07-29,2022-08-08,-0.004456034513838,2022,2022-06-30,learned_order_offset,20260910,0.6825374208841533,0.6825374208841533,1,0
weekly_state_validated,2799,2022-08-05,2022-08-15,0.0091475117753996,2022,2022-06-30,learned_order_offset,20260910,0.6262247306552385,0.6262247306552385,1,1
weekly_state_validated,2804,2022-08-12,2022-08-22,-0.0107272727272728,2022,2022-06-30,learned_order_offset,20260910,0.6232298710955773,0.6232298710955773,1,0
weekly_state_validated,2809,2022-08-19,2022-08-29,-0.0172375434082356,2022,2022-06-30,learned_order_offset,20260910,0.6145969170972031,0.6145969170972031,1,0
weekly_state_validated,2814,2022-08-26,2022-09-05,-0.0131573766941938,2022,2022-06-30,learned_order_offset,20260910,0.6165117624275381,0.6165117624275381,1,0
weekly_state_validated,2819,2022-09-02,2022-09-13,0.0253340680878015,2022,2022-06-30,learned_order_offset,20260910,0.5955551925854443,0.5955551925854443,1,1
weekly_state_validated,2824,2022-09-09,2022-09-19,-0.044647264962877,2022,2022-06-30,learned_order_offset,20260910,0.6875149953447156,0.6875149953447156,1,0
weekly_state_validated,2828,2022-09-16,2022-09-26,-0.025155151434928,2022,2022-06-30,learned_order_offset,20260910,0.5682727339716999,0.5682727339716999,1,0
weekly_state_validated,2833,2022-09-23,2022-10-10,-0.0060162941299352,2022,2022-06-30,learned_order_offset,20260910,0.6779775008589831,0.6779775008589831,1,0
weekly_state_validated,2838,2022-09-30,2022-10-17,0.0041192047412885,2022,2022-06-30,learned_order_offset,20260910,0.5645126654405718,0.5645126654405718,1,1
weekly_state_ungated,2774,2022-07-01,2022-07-11,-0.0092349827532707,2022,2022-06-30,learned_order_offset,20260910,0.5672840355549256,0.5672840355549256,1,0
weekly_state_ungated,2779,2022-07-08,2022-07-18,-0.0326815927737367,2022,2022-06-30,learned_order_offset,20260910,0.5409192694310424,0.5409192694310424,1,0
weekly_state_ungated,2784,2022-07-15,2022-07-25,-0.0066210715249344,2022,2022-06-30,learned_order_offset,20260910,0.47961995538049773,0.47961995538049773,0,0
weekly_state_ungated,2789,2022-07-22,2022-08-01,-0.0173077967751003,2022,2022-06-30,learned_order_offset,20260910,0.5660618100474655,0.5660618100474655,1,0
weekly_state_ungated,2794,2022-07-29,2022-08-08,-0.004456034513838,2022,2022-06-30,learned_order_offset,20260910,0.6825374208841533,0.6825374208841533,1,0
weekly_state_ungated,2799,2022-08-05,2022-08-15,0.0091475117753996,2022,2022-06-30,learned_order_offset,20260910,0.6262247306552385,0.6262247306552385,1,1
weekly_state_ungated,2804,2022-08-12,2022-08-22,-0.0107272727272728,2022,2022-06-30,learned_order_offset,20260910,0.6232298710955773,0.6232298710955773,1,0
weekly_state_ungated,2809,2022-08-19,2022-08-29,-0.0172375434082356,2022,2022-06-30,learned_order_offset,20260910,0.6145969170972031,0.6145969170972031,1,0
weekly_state_ungated,2814,2022-08-26,2022-09-05,-0.0131573766941938,2022,2022-06-30,learned_order_offset,20260910,0.6165117624275381,0.6165117624275381,1,0
weekly_state_ungated,2819,2022-09-02,2022-09-13,0.0253340680878015,2022,2022-06-30,learned_order_offset,20260910,0.5637037766141294,0.5637037766141294,1,1
weekly_state_ungated,2824,2022-09-09,2022-09-19,-0.044647264962877,2022,2022-06-30,learned_order_offset,20260910,0.6587560894449416,0.6587560894449416,1,0
weekly_state_ungated,2828,2022-09-16,2022-09-26,-0.025155151434928,2022,2022-06-30,learned_order_offset,20260910,0.5359468973065709,0.5359468973065709,1,0
weekly_state_ungated,2833,2022-09-23,2022-10-10,-0.0060162941299352,2022,2022-06-30,learned_order_offset,20260910,0.6487892289844156,0.6487892289844156,1,0
weekly_state_ungated,2838,2022-09-30,2022-10-17,0.0041192047412885,2022,2022-06-30,learned_order_offset,20260910,0.5321370830906186,0.5321370830906186,1,1
weekly_global_validated,2774,2022-07-01,2022-07-11,-0.0092349827532707,2022,2022-06-30,learned_order_offset,20260910,0.5672840355549256,0.5672840355549256,1,0
weekly_global_validated,2779,2022-07-08,2022-07-18,-0.0326815927737367,2022,2022-06-30,learned_order_offset,20260910,0.5409192694310424,0.5409192694310424,1,0
weekly_global_validated,2784,2022-07-15,2022-07-25,-0.0066210715249344,2022,2022-06-30,learned_order_offset,20260910,0.47961995538049773,0.47961995538049773,0,0
weekly_global_validated,2789,2022-07-22,2022-08-01,-0.0173077967751003,2022,2022-06-30,learned_order_offset,20260910,0.5660618100474655,0.5660618100474655,1,0
weekly_global_validated,2794,2022-07-29,2022-08-08,-0.004456034513838,2022,2022-06-30,learned_order_offset,20260910,0.6825374208841533,0.6825374208841533,1,0
weekly_global_validated,2799,2022-08-05,2022-08-15,0.0091475117753996,2022,2022-06-30,learned_order_offset,20260910,0.6262247306552385,0.6262247306552385,1,1
weekly_global_validated,2804,2022-08-12,2022-08-22,-0.0107272727272728,2022,2022-06-30,learned_order_offset,20260910,0.6232298710955773,0.6232298710955773,1,0
weekly_global_validated,2809,2022-08-19,2022-08-29,-0.0172375434082356,2022,2022-06-30,learned_order_offset,20260910,0.6145969170972031,0.6145969170972031,1,0
weekly_global_validated,2814,2022-08-26,2022-09-05,-0.0131573766941938,2022,2022-06-30,learned_order_offset,20260910,0.6165117624275381,0.6165117624275381,1,0
weekly_global_validated,2819,2022-09-02,2022-09-13,0.0253340680878015,2022,2022-06-30,learned_order_offset,20260910,0.5955551925854443,0.5955551925854443,1,1
weekly_global_validated,2824,2022-09-09,2022-09-19,-0.044647264962877,2022,2022-06-30,learned_order_offset,20260910,0.6875149953447156,0.6875149953447156,1,0
weekly_global_validated,2828,2022-09-16,2022-09-26,-0.025155151434928,2022,2022-06-30,learned_order_offset,20260910,0.5682727339716999,0.5682727339716999,1,0
weekly_global_validated,2833,2022-09-23,2022-10-10,-0.0060162941299352,2022,2022-06-30,learned_order_offset,20260910,0.6779775008589831,0.6779775008589831,1,0
weekly_global_validated,2838,2022-09-30,2022-10-17,0.0041192047412885,2022,2022-06-30,learned_order_offset,20260910,0.5645126654405718,0.5645126654405718,1,1
weekly_global_ungated,2774,2022-07-01,2022-07-11,-0.0092349827532707,2022,2022-06-30,learned_order_offset,20260910,0.49055057756628273,0.49055057756628273,0,0
weekly_global_ungated,2779,2022-07-08,2022-07-18,-0.0326815927737367,2022,2022-06-30,learned_order_offset,20260910,0.46392857334791393,0.46392857334791393,0,0
weekly_global_ungated,2784,2022-07-15,2022-07-25,-0.0066210715249344,2022,2022-06-30,learned_order_offset,20260910,0.40368212071434206,0.40368212071434206,0,0
weekly_global_ungated,2789,2022-07-22,2022-08-01,-0.0173077967751003,2022,2022-06-30,learned_order_offset,20260910,0.48930673093771676,0.48930673093771676,0,0
weekly_global_ungated,2794,2022-07-29,2022-08-08,-0.004456034513838,2022,2022-06-30,learned_order_offset,20260910,0.6122729654698673,0.6122729654698673,1,0
weekly_global_ungated,2799,2022-08-05,2022-08-15,0.0091475117753996,2022,2022-06-30,learned_order_offset,20260910,0.5516831884872391,0.5516831884872391,1,1
weekly_global_ungated,2804,2022-08-12,2022-08-22,-0.0107272727272728,2022,2022-06-30,learned_order_offset,20260910,0.548521664742437,0.548521664742437,1,0
weekly_global_ungated,2809,2022-08-19,2022-08-29,-0.0172375434082356,2022,2022-06-30,learned_order_offset,20260910,0.5394419086189194,0.5394419086189194,1,0
weekly_global_ungated,2814,2022-08-26,2022-09-05,-0.0131573766941938,2022,2022-06-30,learned_order_offset,20260910,0.541451562084984,0.541451562084984,1,0
weekly_global_ungated,2819,2022-09-02,2022-09-13,0.0253340680878015,2022,2022-06-30,learned_order_offset,20260910,0.5195894711621082,0.5195894711621082,1,1
weekly_global_ungated,2824,2022-09-09,2022-09-19,-0.044647264962877,2022,2022-06-30,learned_order_offset,20260910,0.6177352144610317,0.6177352144610317,1,0
weekly_global_ungated,2828,2022-09-16,2022-09-26,-0.025155151434928,2022,2022-06-30,learned_order_offset,20260910,0.4915574616336814,0.4915574616336814,0,0
weekly_global_ungated,2833,2022-09-23,2022-10-10,-0.0060162941299352,2022,2022-06-30,learned_order_offset,20260910,0.6072844918705274,0.6072844918705274,1,0
weekly_global_ungated,2838,2022-09-30,2022-10-17,0.0041192047412885,2022,2022-06-30,learned_order_offset,20260910,0.4877315466294676,0.4877315466294676,0,1
weekly_state_validated,2774,2022-07-01,2022-07-11,-0.0092349827532707,2022,2022-06-30,learned_order_offset,20260911,0.5070250526739909,0.5070250526739909,1,0
weekly_state_validated,2779,2022-07-08,2022-07-18,-0.0326815927737367,2022,2022-06-30,learned_order_offset,20260911,0.5121244968373462,0.5121244968373462,1,0
weekly_state_validated,2784,2022-07-15,2022-07-25,-0.0066210715249344,2022,2022-06-30,learned_order_offset,20260911,0.27002224125244795,0.27002224125244795,0,0
weekly_state_validated,2789,2022-07-22,2022-08-01,-0.0173077967751003,2022,2022-06-30,learned_order_offset,20260911,0.2693979955700283,0.2693979955700283,0,0
weekly_state_validated,2794,2022-07-29,2022-08-08,-0.004456034513838,2022,2022-06-30,learned_order_offset,20260911,0.5493720737942515,0.5493720737942515,1,0
weekly_state_validated,2799,2022-08-05,2022-08-15,0.0091475117753996,2022,2022-06-30,learned_order_offset,20260911,0.7763427204784161,0.7763427204784161,1,1
weekly_state_validated,2804,2022-08-12,2022-08-22,-0.0107272727272728,2022,2022-06-30,learned_order_offset,20260911,0.7964144422108967,0.7964144422108967,1,0
weekly_state_validated,2809,2022-08-19,2022-08-29,-0.0172375434082356,2022,2022-06-30,learned_order_offset,20260911,0.7629768652536982,0.7629768652536982,1,0
weekly_state_validated,2814,2022-08-26,2022-09-05,-0.0131573766941938,2022,2022-06-30,learned_order_offset,20260911,0.8221287067625676,0.8221287067625676,1,0
weekly_state_validated,2819,2022-09-02,2022-09-13,0.0253340680878015,2022,2022-06-30,learned_order_offset,20260911,0.7281487114609698,0.7281487114609698,1,1
weekly_state_validated,2824,2022-09-09,2022-09-19,-0.044647264962877,2022,2022-06-30,learned_order_offset,20260911,0.6402873789680222,0.6402873789680222,1,0
weekly_state_validated,2828,2022-09-16,2022-09-26,-0.025155151434928,2022,2022-06-30,learned_order_offset,20260911,0.6729215132790227,0.6729215132790227,1,0
weekly_state_validated,2833,2022-09-23,2022-10-10,-0.0060162941299352,2022,2022-06-30,learned_order_offset,20260911,0.8081806233925085,0.8081806233925085,1,0
weekly_state_validated,2838,2022-09-30,2022-10-17,0.0041192047412885,2022,2022-06-30,learned_order_offset,20260911,0.6388405343021406,0.6388405343021406,1,1
weekly_state_ungated,2774,2022-07-01,2022-07-11,-0.0092349827532707,2022,2022-06-30,learned_order_offset,20260911,0.5070250526739909,0.5070250526739909,1,0
weekly_state_ungated,2779,2022-07-08,2022-07-18,-0.0326815927737367,2022,2022-06-30,learned_order_offset,20260911,0.5121244968373462,0.5121244968373462,1,0
weekly_state_ungated,2784,2022-07-15,2022-07-25,-0.0066210715249344,2022,2022-06-30,learned_order_offset,20260911,0.27002224125244795,0.27002224125244795,0,0
weekly_state_ungated,2789,2022-07-22,2022-08-01,-0.0173077967751003,2022,2022-06-30,learned_order_offset,20260911,0.2693979955700283,0.2693979955700283,0,0
weekly_state_ungated,2794,2022-07-29,2022-08-08,-0.004456034513838,2022,2022-06-30,learned_order_offset,20260911,0.5493720737942515,0.5493720737942515,1,0
weekly_state_ungated,2799,2022-08-05,2022-08-15,0.0091475117753996,2022,2022-06-30,learned_order_offset,20260911,0.7763427204784161,0.7763427204784161,1,1
weekly_state_ungated,2804,2022-08-12,2022-08-22,-0.0107272727272728,2022,2022-06-30,learned_order_offset,20260911,0.7964144422108967,0.7964144422108967,1,0
weekly_state_ungated,2809,2022-08-19,2022-08-29,-0.0172375434082356,2022,2022-06-30,learned_order_offset,20260911,0.7629768652536982,0.7629768652536982,1,0
weekly_state_ungated,2814,2022-08-26,2022-09-05,-0.0131573766941938,2022,2022-06-30,learned_order_offset,20260911,0.8221287067625676,0.8221287067625676,1,0
weekly_state_ungated,2819,2022-09-02,2022-09-13,0.0253340680878015,2022,2022-06-30,learned_order_offset,20260911,0.694763171921916,0.694763171921916,1,1
weekly_state_ungated,2824,2022-09-09,2022-09-19,-0.044647264962877,2022,2022-06-30,learned_order_offset,20260911,0.6020093864839963,0.6020093864839963,1,0
weekly_state_ungated,2828,2022-09-16,2022-09-26,-0.025155151434928,2022,2022-06-30,learned_order_offset,20260911,0.6361427776804932,0.6361427776804932,1,0
weekly_state_ungated,2833,2022-09-23,2022-10-10,-0.0060162941299352,2022,2022-06-30,learned_order_offset,20260911,0.7816767183815406,0.7816767183815406,1,0
weekly_state_ungated,2838,2022-09-30,2022-10-17,0.0041192047412885,2022,2022-06-30,learned_order_offset,20260911,0.6005046412888521,0.6005046412888521,1,1
weekly_global_validated,2774,2022-07-01,2022-07-11,-0.0092349827532707,2022,2022-06-30,learned_order_offset,20260911,0.5070250526739909,0.5070250526739909,1,0
weekly_global_validated,2779,2022-07-08,2022-07-18,-0.0326815927737367,2022,2022-06-30,learned_order_offset,20260911,0.5121244968373462,0.5121244968373462,1,0
weekly_global_validated,2784,2022-07-15,2022-07-25,-0.0066210715249344,2022,2022-06-30,learned_order_offset,20260911,0.27002224125244795,0.27002224125244795,0,0
weekly_global_validated,2789,2022-07-22,2022-08-01,-0.0173077967751003,2022,2022-06-30,learned_order_offset,20260911,0.2693979955700283,0.2693979955700283,0,0
weekly_global_validated,2794,2022-07-29,2022-08-08,-0.004456034513838,2022,2022-06-30,learned_order_offset,20260911,0.5493720737942515,0.5493720737942515,1,0
weekly_global_validated,2799,2022-08-05,2022-08-15,0.0091475117753996,2022,2022-06-30,learned_order_offset,20260911,0.7763427204784161,0.7763427204784161,1,1
weekly_global_validated,2804,2022-08-12,2022-08-22,-0.0107272727272728,2022,2022-06-30,learned_order_offset,20260911,0.7964144422108967,0.7964144422108967,1,0
weekly_global_validated,2809,2022-08-19,2022-08-29,-0.0172375434082356,2022,2022-06-30,learned_order_offset,20260911,0.7629768652536982,0.7629768652536982,1,0
weekly_global_validated,2814,2022-08-26,2022-09-05,-0.0131573766941938,2022,2022-06-30,learned_order_offset,20260911,0.8221287067625676,0.8221287067625676,1,0
weekly_global_validated,2819,2022-09-02,2022-09-13,0.0253340680878015,2022,2022-06-30,learned_order_offset,20260911,0.7281487114609698,0.7281487114609698,1,1
weekly_global_validated,2824,2022-09-09,2022-09-19,-0.044647264962877,2022,2022-06-30,learned_order_offset,20260911,0.6402873789680222,0.6402873789680222,1,0
weekly_global_validated,2828,2022-09-16,2022-09-26,-0.025155151434928,2022,2022-06-30,learned_order_offset,20260911,0.6729215132790227,0.6729215132790227,1,0
weekly_global_validated,2833,2022-09-23,2022-10-10,-0.0060162941299352,2022,2022-06-30,learned_order_offset,20260911,0.8081806233925085,0.8081806233925085,1,0
weekly_global_validated,2838,2022-09-30,2022-10-17,0.0041192047412885,2022,2022-06-30,learned_order_offset,20260911,0.6388405343021406,0.6388405343021406,1,1
weekly_global_ungated,2774,2022-07-01,2022-07-11,-0.0092349827532707,2022,2022-06-30,learned_order_offset,20260911,0.4284560685193921,0.4284560685193921,0,0
weekly_global_ungated,2779,2022-07-08,2022-07-18,-0.0326815927737367,2022,2022-06-30,learned_order_offset,20260911,0.43346011343799823,0.43346011343799823,0,0
weekly_global_ungated,2784,2022-07-15,2022-07-25,-0.0066210715249344,2022,2022-06-30,learned_order_offset,20260911,0.21235887056574038,0.21235887056574038,0,0
weekly_global_ungated,2789,2022-07-22,2022-08-01,-0.0173077967751003,2022,2022-06-30,learned_order_offset,20260911,0.21182924874334416,0.21182924874334416,0,0
weekly_global_ungated,2794,2022-07-29,2022-08-08,-0.004456034513838,2022,2022-06-30,learned_order_offset,20260911,0.47050397225604973,0.47050397225604973,0,0
weekly_global_ungated,2799,2022-08-05,2022-08-15,0.0091475117753996,2022,2022-06-30,learned_order_offset,20260911,0.7167148332857652,0.7167148332857652,1,1
weekly_global_ungated,2804,2022-08-12,2022-08-22,-0.0107272727272728,2022,2022-06-30,learned_order_offset,20260911,0.7403480160834868,0.7403480160834868,1,0
weekly_global_ungated,2809,2022-08-19,2022-08-29,-0.0172375434082356,2022,2022-06-30,learned_order_offset,20260911,0.7011572684276247,0.7011572684276247,1,0
weekly_global_ungated,2814,2022-08-26,2022-09-05,-0.0131573766941938,2022,2022-06-30,learned_order_offset,20260911,0.7711085959562016,0.7711085959562016,1,0
weekly_global_ungated,2819,2022-09-02,2022-09-13,0.0253340680878015,2022,2022-06-30,learned_order_offset,20260911,0.661278067569411,0.661278067569411,1,1
weekly_global_ungated,2824,2022-09-09,2022-09-19,-0.044647264962877,2022,2022-06-30,learned_order_offset,20260911,0.5647239169339663,0.5647239169339663,1,0
weekly_global_ungated,2828,2022-09-16,2022-09-26,-0.025155151434928,2022,2022-06-30,learned_order_offset,20260911,0.5999299727008675,0.5999299727008675,1,0
weekly_global_ungated,2833,2022-09-23,2022-10-10,-0.0060162941299352,2022,2022-06-30,learned_order_offset,20260911,0.754355095963404,0.754355095963404,1,0
weekly_global_ungated,2838,2022-09-30,2022-10-17,0.0041192047412885,2022,2022-06-30,learned_order_offset,20260911,0.5631804896500588,0.5631804896500588,1,1
weekly_state_validated,2774,2022-07-01,2022-07-11,-0.0092349827532707,2022,2022-06-30,learned_order_offset,20260912,0.3742631378177632,0.3742631378177632,0,0
weekly_state_validated,2779,2022-07-08,2022-07-18,-0.0326815927737367,2022,2022-06-30,learned_order_offset,20260912,0.45196032259529306,0.45196032259529306,0,0
weekly_state_validated,2784,2022-07-15,2022-07-25,-0.0066210715249344,2022,2022-06-30,learned_order_offset,20260912,0.49395559112838827,0.49395559112838827,0,0
weekly_state_validated,2789,2022-07-22,2022-08-01,-0.0173077967751003,2022,2022-06-30,learned_order_offset,20260912,0.5530567140533315,0.5530567140533315,1,0
weekly_state_validated,2794,2022-07-29,2022-08-08,-0.004456034513838,2022,2022-06-30,learned_order_offset,20260912,0.7004287549044343,0.7004287549044343,1,0
weekly_state_validated,2799,2022-08-05,2022-08-15,0.0091475117753996,2022,2022-06-30,learned_order_offset,20260912,0.6341811795165448,0.6341811795165448,1,1
weekly_state_validated,2804,2022-08-12,2022-08-22,-0.0107272727272728,2022,2022-06-30,learned_order_offset,20260912,0.5692369708416735,0.5692369708416735,1,0
weekly_state_validated,2809,2022-08-19,2022-08-29,-0.0172375434082356,2022,2022-06-30,learned_order_offset,20260912,0.569797003520037,0.569797003520037,1,0
weekly_state_validated,2814,2022-08-26,2022-09-05,-0.0131573766941938,2022,2022-06-30,learned_order_offset,20260912,0.5879050437117161,0.5879050437117161,1,0
weekly_state_validated,2819,2022-09-02,2022-09-13,0.0253340680878015,2022,2022-06-30,learned_order_offset,20260912,0.6381022660159982,0.6381022660159982,1,1
weekly_state_validated,2824,2022-09-09,2022-09-19,-0.044647264962877,2022,2022-06-30,learned_order_offset,20260912,0.729222320192203,0.729222320192203,1,0
weekly_state_validated,2828,2022-09-16,2022-09-26,-0.025155151434928,2022,2022-06-30,learned_order_offset,20260912,0.7111932176188367,0.7111932176188367,1,0
weekly_state_validated,2833,2022-09-23,2022-10-10,-0.0060162941299352,2022,2022-06-30,learned_order_offset,20260912,0.7077217498942572,0.7077217498942572,1,0
weekly_state_validated,2838,2022-09-30,2022-10-17,0.0041192047412885,2022,2022-06-30,learned_order_offset,20260912,0.6810773659822338,0.6810773659822338,1,1
weekly_state_ungated,2774,2022-07-01,2022-07-11,-0.0092349827532707,2022,2022-06-30,learned_order_offset,20260912,0.3742631378177632,0.3742631378177632,0,0
weekly_state_ungated,2779,2022-07-08,2022-07-18,-0.0326815927737367,2022,2022-06-30,learned_order_offset,20260912,0.45196032259529306,0.45196032259529306,0,0
weekly_state_ungated,2784,2022-07-15,2022-07-25,-0.0066210715249344,2022,2022-06-30,learned_order_offset,20260912,0.49395559112838827,0.49395559112838827,0,0
weekly_state_ungated,2789,2022-07-22,2022-08-01,-0.0173077967751003,2022,2022-06-30,learned_order_offset,20260912,0.5530567140533315,0.5530567140533315,1,0
weekly_state_ungated,2794,2022-07-29,2022-08-08,-0.004456034513838,2022,2022-06-30,learned_order_offset,20260912,0.7004287549044343,0.7004287549044343,1,0
weekly_state_ungated,2799,2022-08-05,2022-08-15,0.0091475117753996,2022,2022-06-30,learned_order_offset,20260912,0.6341811795165448,0.6341811795165448,1,1
weekly_state_ungated,2804,2022-08-12,2022-08-22,-0.0107272727272728,2022,2022-06-30,learned_order_offset,20260912,0.5692369708416735,0.5692369708416735,1,0
weekly_state_ungated,2809,2022-08-19,2022-08-29,-0.0172375434082356,2022,2022-06-30,learned_order_offset,20260912,0.569797003520037,0.569797003520037,1,0
weekly_state_ungated,2814,2022-08-26,2022-09-05,-0.0131573766941938,2022,2022-06-30,learned_order_offset,20260912,0.5879050437117161,0.5879050437117161,1,0
weekly_state_ungated,2819,2022-09-02,2022-09-13,0.0253340680878015,2022,2022-06-30,learned_order_offset,20260912,0.6250946505546009,0.6250946505546009,1,1
weekly_state_ungated,2824,2022-09-09,2022-09-19,-0.044647264962877,2022,2022-06-30,learned_order_offset,20260912,0.7180426460613363,0.7180426460613363,1,0
weekly_state_ungated,2828,2022-09-16,2022-09-26,-0.025155151434928,2022,2022-06-30,learned_order_offset,20260912,0.6995758366327418,0.6995758366327418,1,0
weekly_state_ungated,2833,2022-09-23,2022-10-10,-0.0060162941299352,2022,2022-06-30,learned_order_offset,20260912,0.6960244125615969,0.6960244125615969,1,0
weekly_state_ungated,2838,2022-09-30,2022-10-17,0.0041192047412885,2022,2022-06-30,learned_order_offset,20260912,0.6688126952297216,0.6688126952297216,1,1
weekly_global_validated,2774,2022-07-01,2022-07-11,-0.0092349827532707,2022,2022-06-30,learned_order_offset,20260912,0.3742631378177632,0.3742631378177632,0,0
weekly_global_validated,2779,2022-07-08,2022-07-18,-0.0326815927737367,2022,2022-06-30,learned_order_offset,20260912,0.45196032259529306,0.45196032259529306,0,0
weekly_global_validated,2784,2022-07-15,2022-07-25,-0.0066210715249344,2022,2022-06-30,learned_order_offset,20260912,0.49395559112838827,0.49395559112838827,0,0
weekly_global_validated,2789,2022-07-22,2022-08-01,-0.0173077967751003,2022,2022-06-30,learned_order_offset,20260912,0.5530567140533315,0.5530567140533315,1,0
weekly_global_validated,2794,2022-07-29,2022-08-08,-0.004456034513838,2022,2022-06-30,learned_order_offset,20260912,0.7004287549044343,0.7004287549044343,1,0
weekly_global_validated,2799,2022-08-05,2022-08-15,0.0091475117753996,2022,2022-06-30,learned_order_offset,20260912,0.6341811795165448,0.6341811795165448,1,1
weekly_global_validated,2804,2022-08-12,2022-08-22,-0.0107272727272728,2022,2022-06-30,learned_order_offset,20260912,0.5692369708416735,0.5692369708416735,1,0
weekly_global_validated,2809,2022-08-19,2022-08-29,-0.0172375434082356,2022,2022-06-30,learned_order_offset,20260912,0.569797003520037,0.569797003520037,1,0
weekly_global_validated,2814,2022-08-26,2022-09-05,-0.0131573766941938,2022,2022-06-30,learned_order_offset,20260912,0.5879050437117161,0.5879050437117161,1,0
weekly_global_validated,2819,2022-09-02,2022-09-13,0.0253340680878015,2022,2022-06-30,learned_order_offset,20260912,0.6381022660159982,0.6381022660159982,1,1
weekly_global_validated,2824,2022-09-09,2022-09-19,-0.044647264962877,2022,2022-06-30,learned_order_offset,20260912,0.729222320192203,0.729222320192203,1,0
weekly_global_validated,2828,2022-09-16,2022-09-26,-0.025155151434928,2022,2022-06-30,learned_order_offset,20260912,0.7111932176188367,0.7111932176188367,1,0
weekly_global_validated,2833,2022-09-23,2022-10-10,-0.0060162941299352,2022,2022-06-30,learned_order_offset,20260912,0.7077217498942572,0.7077217498942572,1,0
weekly_global_validated,2838,2022-09-30,2022-10-17,0.0041192047412885,2022,2022-06-30,learned_order_offset,20260912,0.6810773659822338,0.6810773659822338,1,1
weekly_global_ungated,2774,2022-07-01,2022-07-11,-0.0092349827532707,2022,2022-06-30,learned_order_offset,20260912,0.32266197281501097,0.32266197281501097,0,0
weekly_global_ungated,2779,2022-07-08,2022-07-18,-0.0326815927737367,2022,2022-06-30,learned_order_offset,20260912,0.3964335551628772,0.3964335551628772,0,0
weekly_global_ungated,2784,2022-07-15,2022-07-25,-0.0066210715249344,2022,2022-06-30,learned_order_offset,20260912,0.4373871013729493,0.4373871013729493,0,0
weekly_global_ungated,2789,2022-07-22,2022-08-01,-0.0173077967751003,2022,2022-06-30,learned_order_offset,20260912,0.4963586776458196,0.4963586776458196,0,0
weekly_global_ungated,2794,2022-07-29,2022-08-08,-0.004456034513838,2022,2022-06-30,learned_order_offset,20260912,0.6506155435159318,0.6506155435159318,1,0
weekly_global_ungated,2799,2022-08-05,2022-08-15,0.0091475117753996,2022,2022-06-30,learned_order_offset,20260912,0.5799582751000133,0.5799582751000133,1,1
weekly_global_ungated,2804,2022-08-12,2022-08-22,-0.0107272727272728,2022,2022-06-30,learned_order_offset,20260912,0.512783289409796,0.512783289409796,1,0
weekly_global_ungated,2809,2022-08-19,2022-08-29,-0.0172375434082356,2022,2022-06-30,learned_order_offset,20260912,0.5133539710319595,0.5133539710319595,1,0
weekly_global_ungated,2814,2022-08-26,2022-09-05,-0.0131573766941938,2022,2022-06-30,learned_order_offset,20260912,0.5318859825521507,0.5318859825521507,1,0
weekly_global_ungated,2819,2022-09-02,2022-09-13,0.0253340680878015,2022,2022-06-30,learned_order_offset,20260912,0.5840793869697845,0.5840793869697845,1,1
weekly_global_ungated,2824,2022-09-09,2022-09-19,-0.044647264962877,2022,2022-06-30,learned_order_offset,20260912,0.6820233942116263,0.6820233942116263,1,0
weekly_global_ungated,2828,2022-09-16,2022-09-26,-0.025155151434928,2022,2022-06-30,learned_order_offset,20260912,0.6623069708077458,0.6623069708077458,1,0
weekly_global_ungated,2833,2022-09-23,2022-10-10,-0.0060162941299352,2022,2022-06-30,learned_order_offset,20260912,0.6585300239246566,0.6585300239246566,1,0
weekly_global_ungated,2838,2022-09-30,2022-10-17,0.0041192047412885,2022,2022-06-30,learned_order_offset,20260912,0.629747320116494,0.629747320116494,1,1
weekly_state_validated,2843,2022-10-14,2022-10-24,-0.0246766294110258,2022,2022-09-30,learned_market,20260910,0.6403027330022243,0.6403027330022243,1,0
weekly_state_validated,2848,2022-10-21,2022-10-31,-0.059928861134359,2022,2022-09-30,learned_market,20260910,0.6606065161528551,0.6606065161528551,1,0
weekly_state_validated,2853,2022-10-28,2022-11-07,0.071339502526744,2022,2022-09-30,learned_market,20260910,0.48869287053926297,0.48869287053926297,0,1
weekly_state_validated,2858,2022-11-04,2022-11-14,0.0169449090696014,2022,2022-09-30,learned_market,20260910,0.6432135269489713,0.6432135269489713,1,1
weekly_state_validated,2863,2022-11-11,2022-11-21,-0.0127051391515239,2022,2022-09-30,learned_market,20260910,0.606337907594987,0.606337907594987,1,0
weekly_state_validated,2868,2022-11-18,2022-11-28,-0.0179672806084416,2022,2022-09-30,learned_market,20260910,0.6352060184234257,0.6352060184234257,1,0
weekly_state_validated,2873,2022-11-25,2022-12-05,0.0555768659337096,2022,2022-09-30,learned_market,20260910,0.5292964513377313,0.5292964513377313,1,1
weekly_state_validated,2878,2022-12-02,2022-12-12,0.0175374394775362,2022,2022-09-30,learned_market,20260910,0.481550712810143,0.481550712810143,0,1
weekly_state_validated,2883,2022-12-09,2022-12-19,-0.0058850602464181,2022,2022-09-30,learned_market,20260910,0.4285114421333059,0.4285114421333059,0,0
weekly_state_validated,2888,2022-12-16,2022-12-26,-0.0309150292073658,2022,2022-09-30,learned_market,20260910,0.606228916591695,0.606228916591695,1,0
weekly_state_validated,2893,2022-12-23,2023-01-03,0.0089464492229616,2022,2022-09-30,learned_market,20260910,0.5056788487987638,0.5056788487987638,1,1
weekly_state_validated,2898,2022-12-30,2023-01-09,0.0345913414268119,2022,2022-09-30,learned_market,20260910,0.5477899926075573,0.5477899926075573,1,1
weekly_state_ungated,2843,2022-10-14,2022-10-24,-0.0246766294110258,2022,2022-09-30,learned_market,20260910,0.6160116703452067,0.6160116703452067,1,0
weekly_state_ungated,2848,2022-10-21,2022-10-31,-0.059928861134359,2022,2022-09-30,learned_market,20260910,0.6369090792291283,0.6369090792291283,1,0
weekly_state_ungated,2853,2022-10-28,2022-11-07,0.071339502526744,2022,2022-09-30,learned_market,20260910,0.4627539205679562,0.4627539205679562,0,1
weekly_state_ungated,2858,2022-11-04,2022-11-14,0.0169449090696014,2022,2022-09-30,learned_market,20260910,0.6190020703365268,0.6190020703365268,1,1
weekly_state_ungated,2863,2022-11-11,2022-11-21,-0.0127051391515239,2022,2022-09-30,learned_market,20260910,0.5812531808055603,0.5812531808055603,1,0
weekly_state_ungated,2868,2022-11-18,2022-11-28,-0.0179672806084416,2022,2022-09-30,learned_market,20260910,0.6107799876584183,0.6107799876584183,1,0
weekly_state_ungated,2873,2022-11-25,2022-12-05,0.0555768659337096,2022,2022-09-30,learned_market,20260910,0.5033238517504364,0.5033238517504364,1,1
weekly_state_ungated,2878,2022-12-02,2022-12-12,0.0175374394775362,2022,2022-09-30,learned_market,20260910,0.4556530258739022,0.4556530258739022,0,1
weekly_state_ungated,2883,2022-12-09,2022-12-19,-0.0058850602464181,2022,2022-09-30,learned_market,20260910,0.40324757984526327,0.40324757984526327,0,0
weekly_state_ungated,2888,2022-12-16,2022-12-26,-0.0309150292073658,2022,2022-09-30,learned_market,20260910,0.606228916591695,0.606228916591695,1,0
weekly_state_ungated,2893,2022-12-23,2023-01-03,0.0089464492229616,2022,2022-09-30,learned_market,20260910,0.4796841381485861,0.4796841381485861,0,1
weekly_state_ungated,2898,2022-12-30,2023-01-09,0.0345913414268119,2022,2022-09-30,learned_market,20260910,0.5477899926075573,0.5477899926075573,1,1
weekly_global_validated,2843,2022-10-14,2022-10-24,-0.0246766294110258,2022,2022-09-30,learned_market,20260910,0.5753059863392224,0.5753059863392224,1,0
weekly_global_validated,2848,2022-10-21,2022-10-31,-0.059928861134359,2022,2022-09-30,learned_market,20260910,0.5969693116021977,0.5969693116021977,1,0
weekly_global_validated,2853,2022-10-28,2022-11-07,0.071339502526744,2022,2022-09-30,learned_market,20260910,0.42107025029486345,0.42107025029486345,0,1
weekly_global_validated,2858,2022-11-04,2022-11-14,0.0169449090696014,2022,2022-09-30,learned_market,20260910,0.5783964304882356,0.5783964304882356,1,1
weekly_global_validated,2863,2022-11-11,2022-11-21,-0.0127051391515239,2022,2022-09-30,learned_market,20260910,0.5396166086491914,0.5396166086491914,1,0
weekly_global_validated,2868,2022-11-18,2022-11-28,-0.0179672806084416,2022,2022-09-30,learned_market,20260910,0.5699069202832426,0.5699069202832426,1,0
weekly_global_validated,2873,2022-11-25,2022-12-05,0.0555768659337096,2022,2022-09-30,learned_market,20260910,0.4611223758443565,0.4611223758443565,0,1
weekly_global_validated,2878,2022-12-02,2022-12-12,0.0175374394775362,2022,2022-09-30,learned_market,20260910,0.41411595088342584,0.41411595088342584,0,1
weekly_global_validated,2883,2022-12-09,2022-12-19,-0.0058850602464181,2022,2022-09-30,learned_market,20260910,0.36329939902953917,0.36329939902953917,0,0
weekly_global_validated,2888,2022-12-16,2022-12-26,-0.0309150292073658,2022,2022-09-30,learned_market,20260910,0.539503174437293,0.539503174437293,1,0
weekly_global_validated,2893,2022-12-23,2023-01-03,0.0089464492229616,2022,2022-09-30,learned_market,20260910,0.43771794671219577,0.43771794671219577,0,1
weekly_global_validated,2898,2022-12-30,2023-01-09,0.0345913414268119,2022,2022-09-30,learned_market,20260910,0.47966124749212485,0.47966124749212485,0,1
weekly_global_ungated,2843,2022-10-14,2022-10-24,-0.0246766294110258,2022,2022-09-30,learned_market,20260910,0.5753059863392224,0.5753059863392224,1,0
weekly_global_ungated,2848,2022-10-21,2022-10-31,-0.059928861134359,2022,2022-09-30,learned_market,20260910,0.5969693116021977,0.5969693116021977,1,0
weekly_global_ungated,2853,2022-10-28,2022-11-07,0.071339502526744,2022,2022-09-30,learned_market,20260910,0.42107025029486345,0.42107025029486345,0,1
weekly_global_ungated,2858,2022-11-04,2022-11-14,0.0169449090696014,2022,2022-09-30,learned_market,20260910,0.5783964304882356,0.5783964304882356,1,1
weekly_global_ungated,2863,2022-11-11,2022-11-21,-0.0127051391515239,2022,2022-09-30,learned_market,20260910,0.5396166086491914,0.5396166086491914,1,0
weekly_global_ungated,2868,2022-11-18,2022-11-28,-0.0179672806084416,2022,2022-09-30,learned_market,20260910,0.5699069202832426,0.5699069202832426,1,0
weekly_global_ungated,2873,2022-11-25,2022-12-05,0.0555768659337096,2022,2022-09-30,learned_market,20260910,0.4611223758443565,0.4611223758443565,0,1
weekly_global_ungated,2878,2022-12-02,2022-12-12,0.0175374394775362,2022,2022-09-30,learned_market,20260910,0.41411595088342584,0.41411595088342584,0,1
weekly_global_ungated,2883,2022-12-09,2022-12-19,-0.0058850602464181,2022,2022-09-30,learned_market,20260910,0.36329939902953917,0.36329939902953917,0,0
weekly_global_ungated,2888,2022-12-16,2022-12-26,-0.0309150292073658,2022,2022-09-30,learned_market,20260910,0.539503174437293,0.539503174437293,1,0
weekly_global_ungated,2893,2022-12-23,2023-01-03,0.0089464492229616,2022,2022-09-30,learned_market,20260910,0.43771794671219577,0.43771794671219577,0,1
weekly_global_ungated,2898,2022-12-30,2023-01-09,0.0345913414268119,2022,2022-09-30,learned_market,20260910,0.47966124749212485,0.47966124749212485,0,1
weekly_state_validated,2843,2022-10-14,2022-10-24,-0.0246766294110258,2022,2022-09-30,learned_market,20260911,0.6024904340723066,0.6024904340723066,1,0
weekly_state_validated,2848,2022-10-21,2022-10-31,-0.059928861134359,2022,2022-09-30,learned_market,20260911,0.7274642486524198,0.7274642486524198,1,0
weekly_state_validated,2853,2022-10-28,2022-11-07,0.071339502526744,2022,2022-09-30,learned_market,20260911,0.6162056186940947,0.6162056186940947,1,1
weekly_state_validated,2858,2022-11-04,2022-11-14,0.0169449090696014,2022,2022-09-30,learned_market,20260911,0.2741800907264702,0.2741800907264702,0,1
weekly_state_validated,2863,2022-11-11,2022-11-21,-0.0127051391515239,2022,2022-09-30,learned_market,20260911,0.4034782500066313,0.4034782500066313,0,0
weekly_state_validated,2868,2022-11-18,2022-11-28,-0.0179672806084416,2022,2022-09-30,learned_market,20260911,0.28542469178379576,0.28542469178379576,0,0
weekly_state_validated,2873,2022-11-25,2022-12-05,0.0555768659337096,2022,2022-09-30,learned_market,20260911,0.47138114372847095,0.47138114372847095,0,1
weekly_state_validated,2878,2022-12-02,2022-12-12,0.0175374394775362,2022,2022-09-30,learned_market,20260911,0.619105964448534,0.619105964448534,1,1
weekly_state_validated,2883,2022-12-09,2022-12-19,-0.0058850602464181,2022,2022-09-30,learned_market,20260911,0.5282980986624768,0.5282980986624768,1,0
weekly_state_validated,2888,2022-12-16,2022-12-26,-0.0309150292073658,2022,2022-09-30,learned_market,20260911,0.4732576186190321,0.4732576186190321,0,0
weekly_state_validated,2893,2022-12-23,2023-01-03,0.0089464492229616,2022,2022-09-30,learned_market,20260911,0.6046975557386036,0.6046975557386036,1,1
weekly_state_validated,2898,2022-12-30,2023-01-09,0.0345913414268119,2022,2022-09-30,learned_market,20260911,0.3076905762143074,0.3076905762143074,0,1
weekly_state_ungated,2843,2022-10-14,2022-10-24,-0.0246766294110258,2022,2022-09-30,learned_market,20260911,0.579859897635771,0.579859897635771,1,0
weekly_state_ungated,2848,2022-10-21,2022-10-31,-0.059928861134359,2022,2022-09-30,learned_market,20260911,0.7085062980960062,0.7085062980960062,1,0
weekly_state_ungated,2853,2022-10-28,2022-11-07,0.071339502526744,2022,2022-09-30,learned_market,20260911,0.5938295092513919,0.5938295092513919,1,1
weekly_state_ungated,2858,2022-11-04,2022-11-14,0.0169449090696014,2022,2022-09-30,learned_market,20260911,0.2559414020100153,0.2559414020100153,0,1
weekly_state_ungated,2863,2022-11-11,2022-11-21,-0.0127051391515239,2022,2022-09-30,learned_market,20260911,0.3811552587502207,0.3811552587502207,0,0
weekly_state_ungated,2868,2022-11-18,2022-11-28,-0.0179672806084416,2022,2022-09-30,learned_market,20260911,0.26671286616104434,0.26671286616104434,0,0
weekly_state_ungated,2873,2022-11-25,2022-12-05,0.0555768659337096,2022,2022-09-30,learned_market,20260911,0.44812355873285536,0.44812355873285536,0,1
weekly_state_ungated,2878,2022-12-02,2022-12-12,0.0175374394775362,2022,2022-09-30,learned_market,20260911,0.596788304034333,0.596788304034333,1,1
weekly_state_ungated,2883,2022-12-09,2022-12-19,-0.0058850602464181,2022,2022-09-30,learned_market,20260911,0.50491458691804,0.50491458691804,1,0
weekly_state_ungated,2888,2022-12-16,2022-12-26,-0.0309150292073658,2022,2022-09-30,learned_market,20260911,0.4732576186190321,0.4732576186190321,0,0
weekly_state_ungated,2893,2022-12-23,2023-01-03,0.0089464492229616,2022,2022-09-30,learned_market,20260911,0.5821055179569481,0.5821055179569481,1,1
weekly_state_ungated,2898,2022-12-30,2023-01-09,0.0345913414268119,2022,2022-09-30,learned_market,20260911,0.3076905762143074,0.3076905762143074,0,1
weekly_global_validated,2843,2022-10-14,2022-10-24,-0.0246766294110258,2022,2022-09-30,learned_market,20260911,0.5285469348937539,0.5285469348937539,1,0
weekly_global_validated,2848,2022-10-21,2022-10-31,-0.059928861134359,2022,2022-09-30,learned_market,20260911,0.6637954563209859,0.6637954563209859,1,0
weekly_global_validated,2853,2022-10-28,2022-11-07,0.071339502526744,2022,2022-09-30,learned_market,20260911,0.5428776833306139,0.5428776833306139,1,1
weekly_global_validated,2858,2022-11-04,2022-11-14,0.0169449090696014,2022,2022-09-30,learned_market,20260911,0.21839272038698687,0.21839272038698687,0,1
weekly_global_validated,2863,2022-11-11,2022-11-21,-0.0127051391515239,2022,2022-09-30,learned_market,20260911,0.3334696420528104,0.3334696420528104,0,0
weekly_global_validated,2868,2022-11-18,2022-11-28,-0.0179672806084416,2022,2022-09-30,learned_market,20260911,0.2280683038295362,0.2280683038295362,0,0
weekly_global_validated,2873,2022-11-25,2022-12-05,0.0555768659337096,2022,2022-09-30,learned_market,20260911,0.3974404426302116,0.3974404426302116,0,1
weekly_global_validated,2878,2022-12-02,2022-12-12,0.0175374394775362,2022,2022-09-30,learned_market,20260911,0.5459238288646291,0.5459238288646291,1,1
weekly_global_validated,2883,2022-12-09,2022-12-19,-0.0058850602464181,2022,2022-09-30,learned_market,20260911,0.4530816304717046,0.4530816304717046,0,0
weekly_global_validated,2888,2022-12-16,2022-12-26,-0.0309150292073658,2022,2022-09-30,learned_market,20260911,0.39924488006082115,0.39924488006082115,0,0
weekly_global_validated,2893,2022-12-23,2023-01-03,0.0089464492229616,2022,2022-09-30,learned_market,20260911,0.5308449167918727,0.5308449167918727,1,1
weekly_global_validated,2898,2022-12-30,2023-01-09,0.0345913414268119,2022,2022-09-30,learned_market,20260911,0.2474090007420598,0.2474090007420598,0,1
weekly_global_ungated,2843,2022-10-14,2022-10-24,-0.0246766294110258,2022,2022-09-30,learned_market,20260911,0.5285469348937539,0.5285469348937539,1,0
weekly_global_ungated,2848,2022-10-21,2022-10-31,-0.059928861134359,2022,2022-09-30,learned_market,20260911,0.6637954563209859,0.6637954563209859,1,0
weekly_global_ungated,2853,2022-10-28,2022-11-07,0.071339502526744,2022,2022-09-30,learned_market,20260911,0.5428776833306139,0.5428776833306139,1,1
weekly_global_ungated,2858,2022-11-04,2022-11-14,0.0169449090696014,2022,2022-09-30,learned_market,20260911,0.21839272038698687,0.21839272038698687,0,1
weekly_global_ungated,2863,2022-11-11,2022-11-21,-0.0127051391515239,2022,2022-09-30,learned_market,20260911,0.3334696420528104,0.3334696420528104,0,0
weekly_global_ungated,2868,2022-11-18,2022-11-28,-0.0179672806084416,2022,2022-09-30,learned_market,20260911,0.2280683038295362,0.2280683038295362,0,0
weekly_global_ungated,2873,2022-11-25,2022-12-05,0.0555768659337096,2022,2022-09-30,learned_market,20260911,0.3974404426302116,0.3974404426302116,0,1
weekly_global_ungated,2878,2022-12-02,2022-12-12,0.0175374394775362,2022,2022-09-30,learned_market,20260911,0.5459238288646291,0.5459238288646291,1,1
weekly_global_ungated,2883,2022-12-09,2022-12-19,-0.0058850602464181,2022,2022-09-30,learned_market,20260911,0.4530816304717046,0.4530816304717046,0,0
weekly_global_ungated,2888,2022-12-16,2022-12-26,-0.0309150292073658,2022,2022-09-30,learned_market,20260911,0.39924488006082115,0.39924488006082115,0,0
weekly_global_ungated,2893,2022-12-23,2023-01-03,0.0089464492229616,2022,2022-09-30,learned_market,20260911,0.5308449167918727,0.5308449167918727,1,1
weekly_global_ungated,2898,2022-12-30,2023-01-09,0.0345913414268119,2022,2022-09-30,learned_market,20260911,0.2474090007420598,0.2474090007420598,0,1
weekly_state_validated,2843,2022-10-14,2022-10-24,-0.0246766294110258,2022,2022-09-30,learned_market,20260912,0.5970595273904789,0.5970595273904789,1,0
weekly_state_validated,2848,2022-10-21,2022-10-31,-0.059928861134359,2022,2022-09-30,learned_market,20260912,0.6553886906733675,0.6553886906733675,1,0
weekly_state_validated,2853,2022-10-28,2022-11-07,0.071339502526744,2022,2022-09-30,learned_market,20260912,0.536234004877414,0.536234004877414,1,1
weekly_state_validated,2858,2022-11-04,2022-11-14,0.0169449090696014,2022,2022-09-30,learned_market,20260912,0.4957647389493266,0.4957647389493266,0,1
weekly_state_validated,2863,2022-11-11,2022-11-21,-0.0127051391515239,2022,2022-09-30,learned_market,20260912,0.49717853346026714,0.49717853346026714,0,0
weekly_state_validated,2868,2022-11-18,2022-11-28,-0.0179672806084416,2022,2022-09-30,learned_market,20260912,0.39757537516440544,0.39757537516440544,0,0
weekly_state_validated,2873,2022-11-25,2022-12-05,0.0555768659337096,2022,2022-09-30,learned_market,20260912,0.4703283336277873,0.4703283336277873,0,1
weekly_state_validated,2878,2022-12-02,2022-12-12,0.0175374394775362,2022,2022-09-30,learned_market,20260912,0.46280647087624205,0.46280647087624205,0,1
weekly_state_validated,2883,2022-12-09,2022-12-19,-0.0058850602464181,2022,2022-09-30,learned_market,20260912,0.5138988126075588,0.5138988126075588,1,0
weekly_state_validated,2888,2022-12-16,2022-12-26,-0.0309150292073658,2022,2022-09-30,learned_market,20260912,0.6075433752083854,0.6075433752083854,1,0
weekly_state_validated,2893,2022-12-23,2023-01-03,0.0089464492229616,2022,2022-09-30,learned_market,20260912,0.4612100469329253,0.4612100469329253,0,1
weekly_state_validated,2898,2022-12-30,2023-01-09,0.0345913414268119,2022,2022-09-30,learned_market,20260912,0.4443371333138752,0.4443371333138752,0,1
weekly_state_ungated,2843,2022-10-14,2022-10-24,-0.0246766294110258,2022,2022-09-30,learned_market,20260912,0.5870232809615116,0.5870232809615116,1,0
weekly_state_ungated,2848,2022-10-21,2022-10-31,-0.059928861134359,2022,2022-09-30,learned_market,20260912,0.6459437480391867,0.6459437480391867,1,0
weekly_state_ungated,2853,2022-10-28,2022-11-07,0.071339502526744,2022,2022-09-30,learned_market,20260912,0.525885790028752,0.525885790028752,1,1
weekly_state_ungated,2858,2022-11-04,2022-11-14,0.0169449090696014,2022,2022-09-30,learned_market,20260912,0.4853801262872929,0.4853801262872929,0,1
weekly_state_ungated,2863,2022-11-11,2022-11-21,-0.0127051391515239,2022,2022-09-30,learned_market,20260912,0.4867928963898867,0.4867928963898867,0,0
weekly_state_ungated,2868,2022-11-18,2022-11-28,-0.0179672806084416,2022,2022-09-30,learned_market,20260912,0.38766623899924163,0.38766623899924163,0,0
weekly_state_ungated,2873,2022-11-25,2022-12-05,0.0555768659337096,2022,2022-09-30,learned_market,20260912,0.4599904728708095,0.4599904728708095,0,1
weekly_state_ungated,2878,2022-12-02,2022-12-12,0.0175374394775362,2022,2022-09-30,learned_market,20260912,0.45249270069352954,0.45249270069352954,0,1
weekly_state_ungated,2883,2022-12-09,2022-12-19,-0.0058850602464181,2022,2022-09-30,learned_market,20260912,0.50351365634961,0.50351365634961,1,0
weekly_state_ungated,2888,2022-12-16,2022-12-26,-0.0309150292073658,2022,2022-09-30,learned_market,20260912,0.6075433752083854,0.6075433752083854,1,0
weekly_state_ungated,2893,2022-12-23,2023-01-03,0.0089464492229616,2022,2022-09-30,learned_market,20260912,0.4509019915851991,0.4509019915851991,0,1
weekly_state_ungated,2898,2022-12-30,2023-01-09,0.0345913414268119,2022,2022-09-30,learned_market,20260912,0.4443371333138752,0.4443371333138752,0,1
weekly_global_validated,2843,2022-10-14,2022-10-24,-0.0246766294110258,2022,2022-09-30,learned_market,20260912,0.5534706632803917,0.5534706632803917,1,0
weekly_global_validated,2848,2022-10-21,2022-10-31,-0.059928861134359,2022,2022-09-30,learned_market,20260912,0.614030679075208,0.614030679075208,1,0
weekly_global_validated,2853,2022-10-28,2022-11-07,0.071339502526744,2022,2022-09-30,learned_market,20260912,0.49166732296253174,0.49166732296253174,0,1
weekly_global_validated,2858,2022-11-04,2022-11-14,0.0169449090696014,2022,2022-09-30,learned_market,20260912,0.45128854859809187,0.45128854859809187,0,1
weekly_global_validated,2863,2022-11-11,2022-11-21,-0.0127051391515239,2022,2022-09-30,learned_market,20260912,0.45268937731810827,0.45268937731810827,0,0
weekly_global_validated,2868,2022-11-18,2022-11-28,-0.0179672806084416,2022,2022-09-30,learned_market,20260912,0.3556941400837055,0.3556941400837055,0,0
weekly_global_validated,2873,2022-11-25,2022-12-05,0.0555768659337096,2022,2022-09-30,learned_market,20260912,0.4262052744052554,0.4262052744052554,0,1
weekly_global_validated,2878,2022-12-02,2022-12-12,0.0175374394775362,2022,2022-09-30,learned_market,20260912,0.4188310781459352,0.4188310781459352,0,1
weekly_global_validated,2883,2022-12-09,2022-12-19,-0.0058850602464181,2022,2022-09-30,learned_market,20260912,0.46930994026521405,0.46930994026521405,0,0
weekly_global_validated,2888,2022-12-16,2022-12-26,-0.0309150292073658,2022,2022-09-30,learned_market,20260912,0.5642609382204354,0.5642609382204354,1,0
weekly_global_validated,2893,2022-12-23,2023-01-03,0.0089464492229616,2022,2022-09-30,learned_market,20260912,0.41726851814613947,0.41726851814613947,0,1
weekly_global_validated,2898,2022-12-30,2023-01-09,0.0345913414268119,2022,2022-09-30,learned_market,20260912,0.4008072956498096,0.4008072956498096,0,1
weekly_global_ungated,2843,2022-10-14,2022-10-24,-0.0246766294110258,2022,2022-09-30,learned_market,20260912,0.5534706632803917,0.5534706632803917,1,0
weekly_global_ungated,2848,2022-10-21,2022-10-31,-0.059928861134359,2022,2022-09-30,learned_market,20260912,0.614030679075208,0.614030679075208,1,0
weekly_global_ungated,2853,2022-10-28,2022-11-07,0.071339502526744,2022,2022-09-30,learned_market,20260912,0.49166732296253174,0.49166732296253174,0,1
weekly_global_ungated,2858,2022-11-04,2022-11-14,0.0169449090696014,2022,2022-09-30,learned_market,20260912,0.45128854859809187,0.45128854859809187,0,1
weekly_global_ungated,2863,2022-11-11,2022-11-21,-0.0127051391515239,2022,2022-09-30,learned_market,20260912,0.45268937731810827,0.45268937731810827,0,0
weekly_global_ungated,2868,2022-11-18,2022-11-28,-0.0179672806084416,2022,2022-09-30,learned_market,20260912,0.3556941400837055,0.3556941400837055,0,0
weekly_global_ungated,2873,2022-11-25,2022-12-05,0.0555768659337096,2022,2022-09-30,learned_market,20260912,0.4262052744052554,0.4262052744052554,0,1
weekly_global_ungated,2878,2022-12-02,2022-12-12,0.0175374394775362,2022,2022-09-30,learned_market,20260912,0.4188310781459352,0.4188310781459352,0,1
weekly_global_ungated,2883,2022-12-09,2022-12-19,-0.0058850602464181,2022,2022-09-30,learned_market,20260912,0.46930994026521405,0.46930994026521405,0,0
weekly_global_ungated,2888,2022-12-16,2022-12-26,-0.0309150292073658,2022,2022-09-30,learned_market,20260912,0.5642609382204354,0.5642609382204354,1,0
weekly_global_ungated,2893,2022-12-23,2023-01-03,0.0089464492229616,2022,2022-09-30,learned_market,20260912,0.41726851814613947,0.41726851814613947,0,1
weekly_global_ungated,2898,2022-12-30,2023-01-09,0.0345913414268119,2022,2022-09-30,learned_market,20260912,0.4008072956498096,0.4008072956498096,0,1
weekly_state_validated,2843,2022-10-14,2022-10-24,-0.0246766294110258,2022,2022-09-30,learned_vol_interaction,20260910,0.6357117591692524,0.6357117591692524,1,0
weekly_state_validated,2848,2022-10-21,2022-10-31,-0.059928861134359,2022,2022-09-30,learned_vol_interaction,20260910,0.6680943131119911,0.6680943131119911,1,0
weekly_state_validated,2853,2022-10-28,2022-11-07,0.071339502526744,2022,2022-09-30,learned_vol_interaction,20260910,0.4928902394481825,0.4928902394481825,0,1
weekly_state_validated,2858,2022-11-04,2022-11-14,0.0169449090696014,2022,2022-09-30,learned_vol_interaction,20260910,0.6146316194730053,0.6146316194730053,1,1
weekly_state_validated,2863,2022-11-11,2022-11-21,-0.0127051391515239,2022,2022-09-30,learned_vol_interaction,20260910,0.5902125996115632,0.5902125996115632,1,0
weekly_state_validated,2868,2022-11-18,2022-11-28,-0.0179672806084416,2022,2022-09-30,learned_vol_interaction,20260910,0.6226898926200907,0.6226898926200907,1,0
weekly_state_validated,2873,2022-11-25,2022-12-05,0.0555768659337096,2022,2022-09-30,learned_vol_interaction,20260910,0.5363930512088583,0.5363930512088583,1,1
weekly_state_validated,2878,2022-12-02,2022-12-12,0.0175374394775362,2022,2022-09-30,learned_vol_interaction,20260910,0.4815686247668643,0.4815686247668643,0,1
weekly_state_validated,2883,2022-12-09,2022-12-19,-0.0058850602464181,2022,2022-09-30,learned_vol_interaction,20260910,0.4159362652943189,0.4159362652943189,0,0
weekly_state_validated,2888,2022-12-16,2022-12-26,-0.0309150292073658,2022,2022-09-30,learned_vol_interaction,20260910,0.605083809558607,0.605083809558607,1,0
weekly_state_validated,2893,2022-12-23,2023-01-03,0.0089464492229616,2022,2022-09-30,learned_vol_interaction,20260910,0.4991053059678844,0.4991053059678844,0,1
weekly_state_validated,2898,2022-12-30,2023-01-09,0.0345913414268119,2022,2022-09-30,learned_vol_interaction,20260910,0.5490024086475767,0.5490024086475767,1,1
weekly_state_ungated,2843,2022-10-14,2022-10-24,-0.0246766294110258,2022,2022-09-30,learned_vol_interaction,20260910,0.6113578768067753,0.6113578768067753,1,0
weekly_state_ungated,2848,2022-10-21,2022-10-31,-0.059928861134359,2022,2022-09-30,learned_vol_interaction,20260910,0.6446953417832237,0.6446953417832237,1,0
weekly_state_ungated,2853,2022-10-28,2022-11-07,0.071339502526744,2022,2022-09-30,learned_vol_interaction,20260910,0.4669937679361167,0.4669937679361167,0,1
weekly_state_ungated,2858,2022-11-04,2022-11-14,0.0169449090696014,2022,2022-09-30,learned_vol_interaction,20260910,0.5897778604669544,0.5897778604669544,1,1
weekly_state_ungated,2863,2022-11-11,2022-11-21,-0.0127051391515239,2022,2022-09-30,learned_vol_interaction,20260910,0.5648988304138954,0.5648988304138954,1,0
weekly_state_ungated,2868,2022-11-18,2022-11-28,-0.0179672806084416,2022,2022-09-30,learned_vol_interaction,20260910,0.5980159393293437,0.5980159393293437,1,0
weekly_state_ungated,2873,2022-11-25,2022-12-05,0.0555768659337096,2022,2022-09-30,learned_vol_interaction,20260910,0.5105119138434323,0.5105119138434323,1,1
weekly_state_ungated,2878,2022-12-02,2022-12-12,0.0175374394775362,2022,2022-09-30,learned_vol_interaction,20260910,0.45573241870529024,0.45573241870529024,0,1
weekly_state_ungated,2883,2022-12-09,2022-12-19,-0.0058850602464181,2022,2022-09-30,learned_vol_interaction,20260910,0.3909658046285569,0.3909658046285569,0,0
weekly_state_ungated,2888,2022-12-16,2022-12-26,-0.0309150292073658,2022,2022-09-30,learned_vol_interaction,20260910,0.605083809558607,0.605083809558607,1,0
weekly_state_ungated,2893,2022-12-23,2023-01-03,0.0089464492229616,2022,2022-09-30,learned_vol_interaction,20260910,0.4731869907915868,0.4731869907915868,0,1
weekly_state_ungated,2898,2022-12-30,2023-01-09,0.0345913414268119,2022,2022-09-30,learned_vol_interaction,20260910,0.5490024086475767,0.5490024086475767,1,1
weekly_global_validated,2843,2022-10-14,2022-10-24,-0.0246766294110258,2022,2022-09-30,learned_vol_interaction,20260910,0.5674890796942332,0.5674890796942332,1,0
weekly_global_validated,2848,2022-10-21,2022-10-31,-0.059928861134359,2022,2022-09-30,learned_vol_interaction,20260910,0.6021406732075693,0.6021406732075693,1,0
weekly_global_validated,2853,2022-10-28,2022-11-07,0.071339502526744,2022,2022-09-30,learned_vol_interaction,20260910,0.422229712409452,0.422229712409452,0,1
weekly_global_validated,2858,2022-11-04,2022-11-14,0.0169449090696014,2022,2022-09-30,learned_vol_interaction,20260910,0.5452849369033396,0.5452849369033396,1,1
weekly_global_validated,2863,2022-11-11,2022-11-21,-0.0127051391515239,2022,2022-09-30,learned_vol_interaction,20260910,0.5199040822338048,0.5199040822338048,1,0
weekly_global_validated,2868,2022-11-18,2022-11-28,-0.0179672806084416,2022,2022-09-30,learned_vol_interaction,20260910,0.5537404443427562,0.5537404443427562,1,0
weekly_global_validated,2873,2022-11-25,2022-12-05,0.0555768659337096,2022,2022-09-30,learned_vol_interaction,20260910,0.4652173220356025,0.4652173220356025,0,1
weekly_global_validated,2878,2022-12-02,2022-12-12,0.0175374394775362,2022,2022-09-30,learned_vol_interaction,20260910,0.411215019604805,0.411215019604805,0,1
weekly_global_validated,2883,2022-12-09,2022-12-19,-0.0058850602464181,2022,2022-09-30,learned_vol_interaction,20260910,0.3487214493872978,0.3487214493872978,0,0
weekly_global_validated,2888,2022-12-16,2022-12-26,-0.0309150292073658,2022,2022-09-30,learned_vol_interaction,20260910,0.5353179632177281,0.5353179632177281,1,0
weekly_global_validated,2893,2022-12-23,2023-01-03,0.0089464492229616,2022,2022-09-30,learned_vol_interaction,20260910,0.4283063217001302,0.4283063217001302,0,1
weekly_global_validated,2898,2022-12-30,2023-01-09,0.0345913414268119,2022,2022-09-30,learned_vol_interaction,20260910,0.4778781849489866,0.4778781849489866,0,1
weekly_global_ungated,2843,2022-10-14,2022-10-24,-0.0246766294110258,2022,2022-09-30,learned_vol_interaction,20260910,0.5674890796942332,0.5674890796942332,1,0
weekly_global_ungated,2848,2022-10-21,2022-10-31,-0.059928861134359,2022,2022-09-30,learned_vol_interaction,20260910,0.6021406732075693,0.6021406732075693,1,0
weekly_global_ungated,2853,2022-10-28,2022-11-07,0.071339502526744,2022,2022-09-30,learned_vol_interaction,20260910,0.422229712409452,0.422229712409452,0,1
weekly_global_ungated,2858,2022-11-04,2022-11-14,0.0169449090696014,2022,2022-09-30,learned_vol_interaction,20260910,0.5452849369033396,0.5452849369033396,1,1
weekly_global_ungated,2863,2022-11-11,2022-11-21,-0.0127051391515239,2022,2022-09-30,learned_vol_interaction,20260910,0.5199040822338048,0.5199040822338048,1,0
weekly_global_ungated,2868,2022-11-18,2022-11-28,-0.0179672806084416,2022,2022-09-30,learned_vol_interaction,20260910,0.5537404443427562,0.5537404443427562,1,0
weekly_global_ungated,2873,2022-11-25,2022-12-05,0.0555768659337096,2022,2022-09-30,learned_vol_interaction,20260910,0.4652173220356025,0.4652173220356025,0,1
weekly_global_ungated,2878,2022-12-02,2022-12-12,0.0175374394775362,2022,2022-09-30,learned_vol_interaction,20260910,0.411215019604805,0.411215019604805,0,1
weekly_global_ungated,2883,2022-12-09,2022-12-19,-0.0058850602464181,2022,2022-09-30,learned_vol_interaction,20260910,0.3487214493872978,0.3487214493872978,0,0
weekly_global_ungated,2888,2022-12-16,2022-12-26,-0.0309150292073658,2022,2022-09-30,learned_vol_interaction,20260910,0.5353179632177281,0.5353179632177281,1,0
weekly_global_ungated,2893,2022-12-23,2023-01-03,0.0089464492229616,2022,2022-09-30,learned_vol_interaction,20260910,0.4283063217001302,0.4283063217001302,0,1
weekly_global_ungated,2898,2022-12-30,2023-01-09,0.0345913414268119,2022,2022-09-30,learned_vol_interaction,20260910,0.4778781849489866,0.4778781849489866,0,1
weekly_state_validated,2843,2022-10-14,2022-10-24,-0.0246766294110258,2022,2022-09-30,learned_vol_interaction,20260911,0.6036044775658358,0.6036044775658358,1,0
weekly_state_validated,2848,2022-10-21,2022-10-31,-0.059928861134359,2022,2022-09-30,learned_vol_interaction,20260911,0.726257224907292,0.726257224907292,1,0
weekly_state_validated,2853,2022-10-28,2022-11-07,0.071339502526744,2022,2022-09-30,learned_vol_interaction,20260911,0.6194197152198353,0.6194197152198353,1,1
weekly_state_validated,2858,2022-11-04,2022-11-14,0.0169449090696014,2022,2022-09-30,learned_vol_interaction,20260911,0.2623086047561504,0.2623086047561504,0,1
weekly_state_validated,2863,2022-11-11,2022-11-21,-0.0127051391515239,2022,2022-09-30,learned_vol_interaction,20260911,0.3957947302193098,0.3957947302193098,0,0
weekly_state_validated,2868,2022-11-18,2022-11-28,-0.0179672806084416,2022,2022-09-30,learned_vol_interaction,20260911,0.27002199366661744,0.27002199366661744,0,0
weekly_state_validated,2873,2022-11-25,2022-12-05,0.0555768659337096,2022,2022-09-30,learned_vol_interaction,20260911,0.4675758528871144,0.4675758528871144,0,1
weekly_state_validated,2878,2022-12-02,2022-12-12,0.0175374394775362,2022,2022-09-30,learned_vol_interaction,20260911,0.6179388855194429,0.6179388855194429,1,1
weekly_state_validated,2883,2022-12-09,2022-12-19,-0.0058850602464181,2022,2022-09-30,learned_vol_interaction,20260911,0.5307559736215643,0.5307559736215643,1,0
weekly_state_validated,2888,2022-12-16,2022-12-26,-0.0309150292073658,2022,2022-09-30,learned_vol_interaction,20260911,0.4750923081261837,0.4750923081261837,0,0
weekly_state_validated,2893,2022-12-23,2023-01-03,0.0089464492229616,2022,2022-09-30,learned_vol_interaction,20260911,0.6024109731884131,0.6024109731884131,1,1
weekly_state_validated,2898,2022-12-30,2023-01-09,0.0345913414268119,2022,2022-09-30,learned_vol_interaction,20260911,0.3155450399210081,0.3155450399210081,0,1
weekly_state_ungated,2843,2022-10-14,2022-10-24,-0.0246766294110258,2022,2022-09-30,learned_vol_interaction,20260911,0.5808443333598491,0.5808443333598491,1,0
weekly_state_ungated,2848,2022-10-21,2022-10-31,-0.059928861134359,2022,2022-09-30,learned_vol_interaction,20260911,0.7071224308710524,0.7071224308710524,1,0
weekly_state_ungated,2853,2022-10-28,2022-11-07,0.071339502526744,2022,2022-09-30,learned_vol_interaction,20260911,0.5969613064967532,0.5969613064967532,1,1
weekly_state_ungated,2858,2022-11-04,2022-11-14,0.0169449090696014,2022,2022-09-30,learned_vol_interaction,20260911,0.24448048936762767,0.24448048936762767,0,1
weekly_state_ungated,2863,2022-11-11,2022-11-21,-0.0127051391515239,2022,2022-09-30,learned_vol_interaction,20260911,0.373487430053703,0.373487430053703,0,0
weekly_state_ungated,2868,2022-11-18,2022-11-28,-0.0179672806084416,2022,2022-09-30,learned_vol_interaction,20260911,0.251848608019577,0.251848608019577,0,0
weekly_state_ungated,2873,2022-11-25,2022-12-05,0.0555768659337096,2022,2022-09-30,learned_vol_interaction,20260911,0.4441971698239828,0.4441971698239828,0,1
weekly_state_ungated,2878,2022-12-02,2022-12-12,0.0175374394775362,2022,2022-09-30,learned_vol_interaction,20260911,0.5954501638377815,0.5954501638377815,1,1
weekly_state_ungated,2883,2022-12-09,2022-12-19,-0.0058850602464181,2022,2022-09-30,learned_vol_interaction,20260911,0.5072277949808185,0.5072277949808185,1,0
weekly_state_ungated,2888,2022-12-16,2022-12-26,-0.0309150292073658,2022,2022-09-30,learned_vol_interaction,20260911,0.4750923081261837,0.4750923081261837,0,0
weekly_state_ungated,2893,2022-12-23,2023-01-03,0.0089464492229616,2022,2022-09-30,learned_vol_interaction,20260911,0.5796300260246002,0.5796300260246002,1,1
weekly_state_ungated,2898,2022-12-30,2023-01-09,0.0345913414268119,2022,2022-09-30,learned_vol_interaction,20260911,0.3155450399210081,0.3155450399210081,0,1
weekly_global_validated,2843,2022-10-14,2022-10-24,-0.0246766294110258,2022,2022-09-30,learned_vol_interaction,20260911,0.5305480519516206,0.5305480519516206,1,0
weekly_global_validated,2848,2022-10-21,2022-10-31,-0.059928861134359,2022,2022-09-30,learned_vol_interaction,20260911,0.6631924043043078,0.6631924043043078,1,0
weekly_global_validated,2853,2022-10-28,2022-11-07,0.071339502526744,2022,2022-09-30,learned_vol_interaction,20260911,0.5470909908914894,0.5470909908914894,1,1
weekly_global_validated,2858,2022-11-04,2022-11-14,0.0169449090696014,2022,2022-09-30,learned_vol_interaction,20260911,0.20880132000580698,0.20880132000580698,0,1
weekly_global_validated,2863,2022-11-11,2022-11-21,-0.0127051391515239,2022,2022-09-30,learned_vol_interaction,20260911,0.32713312052919075,0.32713312052919075,0,0
weekly_global_validated,2868,2022-11-18,2022-11-28,-0.0179672806084416,2022,2022-09-30,learned_vol_interaction,20260911,0.2154007141147299,0.2154007141147299,0,0
weekly_global_validated,2873,2022-11-25,2022-12-05,0.0555768659337096,2022,2022-09-30,learned_vol_interaction,20260911,0.3945942422927064,0.3945942422927064,0,1
weekly_global_validated,2878,2022-12-02,2022-12-12,0.0175374394775362,2022,2022-09-30,learned_vol_interaction,20260911,0.5455352149404749,0.5455352149404749,1,1
weekly_global_validated,2883,2022-12-09,2022-12-19,-0.0058850602464181,2022,2022-09-30,learned_vol_interaction,20260911,0.45636561931325015,0.45636561931325015,0,0
weekly_global_validated,2888,2022-12-16,2022-12-26,-0.0309150292073658,2022,2022-09-30,learned_vol_interaction,20260911,0.40182291530183395,0.40182291530183395,0,0
weekly_global_validated,2893,2022-12-23,2023-01-03,0.0089464492229616,2022,2022-09-30,learned_vol_interaction,20260911,0.5293061124041271,0.5293061124041271,1,1
weekly_global_validated,2898,2022-12-30,2023-01-09,0.0345913414268119,2022,2022-09-30,learned_vol_interaction,20260911,0.2549310846287058,0.2549310846287058,0,1
weekly_global_ungated,2843,2022-10-14,2022-10-24,-0.0246766294110258,2022,2022-09-30,learned_vol_interaction,20260911,0.5305480519516206,0.5305480519516206,1,0
weekly_global_ungated,2848,2022-10-21,2022-10-31,-0.059928861134359,2022,2022-09-30,learned_vol_interaction,20260911,0.6631924043043078,0.6631924043043078,1,0
weekly_global_ungated,2853,2022-10-28,2022-11-07,0.071339502526744,2022,2022-09-30,learned_vol_interaction,20260911,0.5470909908914894,0.5470909908914894,1,1
weekly_global_ungated,2858,2022-11-04,2022-11-14,0.0169449090696014,2022,2022-09-30,learned_vol_interaction,20260911,0.20880132000580698,0.20880132000580698,0,1
weekly_global_ungated,2863,2022-11-11,2022-11-21,-0.0127051391515239,2022,2022-09-30,learned_vol_interaction,20260911,0.32713312052919075,0.32713312052919075,0,0
weekly_global_ungated,2868,2022-11-18,2022-11-28,-0.0179672806084416,2022,2022-09-30,learned_vol_interaction,20260911,0.2154007141147299,0.2154007141147299,0,0
weekly_global_ungated,2873,2022-11-25,2022-12-05,0.0555768659337096,2022,2022-09-30,learned_vol_interaction,20260911,0.3945942422927064,0.3945942422927064,0,1
weekly_global_ungated,2878,2022-12-02,2022-12-12,0.0175374394775362,2022,2022-09-30,learned_vol_interaction,20260911,0.5455352149404749,0.5455352149404749,1,1
weekly_global_ungated,2883,2022-12-09,2022-12-19,-0.0058850602464181,2022,2022-09-30,learned_vol_interaction,20260911,0.45636561931325015,0.45636561931325015,0,0
weekly_global_ungated,2888,2022-12-16,2022-12-26,-0.0309150292073658,2022,2022-09-30,learned_vol_interaction,20260911,0.40182291530183395,0.40182291530183395,0,0
weekly_global_ungated,2893,2022-12-23,2023-01-03,0.0089464492229616,2022,2022-09-30,learned_vol_interaction,20260911,0.5293061124041271,0.5293061124041271,1,1
weekly_global_ungated,2898,2022-12-30,2023-01-09,0.0345913414268119,2022,2022-09-30,learned_vol_interaction,20260911,0.2549310846287058,0.2549310846287058,0,1
weekly_state_validated,2843,2022-10-14,2022-10-24,-0.0246766294110258,2022,2022-09-30,learned_vol_interaction,20260912,0.5871886836004885,0.5871886836004885,1,0
weekly_state_validated,2848,2022-10-21,2022-10-31,-0.059928861134359,2022,2022-09-30,learned_vol_interaction,20260912,0.6628098538254427,0.6628098538254427,1,0
weekly_state_validated,2853,2022-10-28,2022-11-07,0.071339502526744,2022,2022-09-30,learned_vol_interaction,20260912,0.534286880369217,0.534286880369217,1,1
weekly_state_validated,2858,2022-11-04,2022-11-14,0.0169449090696014,2022,2022-09-30,learned_vol_interaction,20260912,0.49519570030892074,0.49519570030892074,0,1
weekly_state_validated,2863,2022-11-11,2022-11-21,-0.0127051391515239,2022,2022-09-30,learned_vol_interaction,20260912,0.5081257076644325,0.5081257076644325,1,0
weekly_state_validated,2868,2022-11-18,2022-11-28,-0.0179672806084416,2022,2022-09-30,learned_vol_interaction,20260912,0.42590416475914467,0.42590416475914467,0,0
weekly_state_validated,2873,2022-11-25,2022-12-05,0.0555768659337096,2022,2022-09-30,learned_vol_interaction,20260912,0.47730469118095553,0.47730469118095553,0,1
weekly_state_validated,2878,2022-12-02,2022-12-12,0.0175374394775362,2022,2022-09-30,learned_vol_interaction,20260912,0.4581192490056767,0.4581192490056767,0,1
weekly_state_validated,2883,2022-12-09,2022-12-19,-0.0058850602464181,2022,2022-09-30,learned_vol_interaction,20260912,0.5107074648650665,0.5107074648650665,1,0
weekly_state_validated,2888,2022-12-16,2022-12-26,-0.0309150292073658,2022,2022-09-30,learned_vol_interaction,20260912,0.6126209226288903,0.6126209226288903,1,0
weekly_state_validated,2893,2022-12-23,2023-01-03,0.0089464492229616,2022,2022-09-30,learned_vol_interaction,20260912,0.4525053522549514,0.4525053522549514,0,1
weekly_state_validated,2898,2022-12-30,2023-01-09,0.0345913414268119,2022,2022-09-30,learned_vol_interaction,20260912,0.42145340218542343,0.42145340218542343,0,1
weekly_state_ungated,2843,2022-10-14,2022-10-24,-0.0246766294110258,2022,2022-09-30,learned_vol_interaction,20260912,0.5769486393156404,0.5769486393156404,1,0
weekly_state_ungated,2848,2022-10-21,2022-10-31,-0.059928861134359,2022,2022-09-30,learned_vol_interaction,20260912,0.6533381957715828,0.6533381957715828,1,0
weekly_state_ungated,2853,2022-10-28,2022-11-07,0.071339502526744,2022,2022-09-30,learned_vol_interaction,20260912,0.523798798759174,0.523798798759174,1,1
weekly_state_ungated,2858,2022-11-04,2022-11-14,0.0169449090696014,2022,2022-09-30,learned_vol_interaction,20260912,0.48467637267958485,0.48467637267958485,0,1
weekly_state_ungated,2863,2022-11-11,2022-11-21,-0.0127051391515239,2022,2022-09-30,learned_vol_interaction,20260912,0.49760246144166564,0.49760246144166564,0,0
weekly_state_ungated,2868,2022-11-18,2022-11-28,-0.0179672806084416,2022,2022-09-30,learned_vol_interaction,20260912,0.41564481465680186,0.41564481465680186,0,0
weekly_state_ungated,2873,2022-11-25,2022-12-05,0.0555768659337096,2022,2022-09-30,learned_vol_interaction,20260912,0.46681396552657634,0.46681396552657634,0,1
weekly_state_ungated,2878,2022-12-02,2022-12-12,0.0175374394775362,2022,2022-09-30,learned_vol_interaction,20260912,0.4476890338365133,0.4476890338365133,0,1
weekly_state_ungated,2883,2022-12-09,2022-12-19,-0.0058850602464181,2022,2022-09-30,learned_vol_interaction,20260912,0.5001851220508993,0.5001851220508993,1,0
weekly_state_ungated,2888,2022-12-16,2022-12-26,-0.0309150292073658,2022,2022-09-30,learned_vol_interaction,20260912,0.6126209226288903,0.6126209226288903,1,0
weekly_state_ungated,2893,2022-12-23,2023-01-03,0.0089464492229616,2022,2022-09-30,learned_vol_interaction,20260912,0.44209867283183474,0.44209867283183474,0,1
weekly_state_ungated,2898,2022-12-30,2023-01-09,0.0345913414268119,2022,2022-09-30,learned_vol_interaction,20260912,0.42145340218542343,0.42145340218542343,0,1
weekly_global_validated,2843,2022-10-14,2022-10-24,-0.0246766294110258,2022,2022-09-30,learned_vol_interaction,20260912,0.5434711029953869,0.5434711029953869,1,0
weekly_global_validated,2848,2022-10-21,2022-10-31,-0.059928861134359,2022,2022-09-30,learned_vol_interaction,20260912,0.6219445608402427,0.6219445608402427,1,0
weekly_global_validated,2853,2022-10-28,2022-11-07,0.071339502526744,2022,2022-09-30,learned_vol_interaction,20260912,0.4898344165646242,0.4898344165646242,0,1
weekly_global_validated,2858,2022-11-04,2022-11-14,0.0169449090696014,2022,2022-09-30,learned_vol_interaction,20260912,0.45084705569321043,0.45084705569321043,0,1
weekly_global_validated,2863,2022-11-11,2022-11-21,-0.0127051391515239,2022,2022-09-30,learned_vol_interaction,20260912,0.4636827332598002,0.4636827332598002,0,0
weekly_global_validated,2868,2022-11-18,2022-11-28,-0.0179672806084416,2022,2022-09-30,learned_vol_interaction,20260912,0.38305222782310816,0.38305222782310816,0,0
weekly_global_validated,2873,2022-11-25,2022-12-05,0.0555768659337096,2022,2022-09-30,learned_vol_interaction,20260912,0.4331833757515968,0.4331833757515968,0,1
weekly_global_validated,2878,2022-12-02,2022-12-12,0.0175374394775362,2022,2022-09-30,learned_vol_interaction,20260912,0.4143654899657798,0.4143654899657798,0,1
weekly_global_validated,2883,2022-12-09,2022-12-19,-0.0058850602464181,2022,2022-09-30,learned_vol_interaction,20260912,0.4662527279813591,0.4662527279813591,0,0
weekly_global_validated,2888,2022-12-16,2022-12-26,-0.0309150292073658,2022,2022-09-30,learned_vol_interaction,20260912,0.5696226067682604,0.5696226067682604,1,0
weekly_global_validated,2893,2022-12-23,2023-01-03,0.0089464492229616,2022,2022-09-30,learned_vol_interaction,20260912,0.40888318876646873,0.40888318876646873,0,1
weekly_global_validated,2898,2022-12-30,2023-01-09,0.0345913414268119,2022,2022-09-30,learned_vol_interaction,20260912,0.37875383691940184,0.37875383691940184,0,1
weekly_global_ungated,2843,2022-10-14,2022-10-24,-0.0246766294110258,2022,2022-09-30,learned_vol_interaction,20260912,0.5434711029953869,0.5434711029953869,1,0
weekly_global_ungated,2848,2022-10-21,2022-10-31,-0.059928861134359,2022,2022-09-30,learned_vol_interaction,20260912,0.6219445608402427,0.6219445608402427,1,0
weekly_global_ungated,2853,2022-10-28,2022-11-07,0.071339502526744,2022,2022-09-30,learned_vol_interaction,20260912,0.4898344165646242,0.4898344165646242,0,1
weekly_global_ungated,2858,2022-11-04,2022-11-14,0.0169449090696014,2022,2022-09-30,learned_vol_interaction,20260912,0.45084705569321043,0.45084705569321043,0,1
weekly_global_ungated,2863,2022-11-11,2022-11-21,-0.0127051391515239,2022,2022-09-30,learned_vol_interaction,20260912,0.4636827332598002,0.4636827332598002,0,0
weekly_global_ungated,2868,2022-11-18,2022-11-28,-0.0179672806084416,2022,2022-09-30,learned_vol_interaction,20260912,0.38305222782310816,0.38305222782310816,0,0
weekly_global_ungated,2873,2022-11-25,2022-12-05,0.0555768659337096,2022,2022-09-30,learned_vol_interaction,20260912,0.4331833757515968,0.4331833757515968,0,1
weekly_global_ungated,2878,2022-12-02,2022-12-12,0.0175374394775362,2022,2022-09-30,learned_vol_interaction,20260912,0.4143654899657798,0.4143654899657798,0,1
weekly_global_ungated,2883,2022-12-09,2022-12-19,-0.0058850602464181,2022,2022-09-30,learned_vol_interaction,20260912,0.4662527279813591,0.4662527279813591,0,0
weekly_global_ungated,2888,2022-12-16,2022-12-26,-0.0309150292073658,2022,2022-09-30,learned_vol_interaction,20260912,0.5696226067682604,0.5696226067682604,1,0
weekly_global_ungated,2893,2022-12-23,2023-01-03,0.0089464492229616,2022,2022-09-30,learned_vol_interaction,20260912,0.40888318876646873,0.40888318876646873,0,1
weekly_global_ungated,2898,2022-12-30,2023-01-09,0.0345913414268119,2022,2022-09-30,learned_vol_interaction,20260912,0.37875383691940184,0.37875383691940184,0,1
weekly_state_validated,2843,2022-10-14,2022-10-24,-0.0246766294110258,2022,2022-09-30,learned_order_extension,20260910,0.6076423145030778,0.6076423145030778,1,0
weekly_state_validated,2848,2022-10-21,2022-10-31,-0.059928861134359,2022,2022-09-30,learned_order_extension,20260910,0.6557670364672438,0.6557670364672438,1,0
weekly_state_validated,2853,2022-10-28,2022-11-07,0.071339502526744,2022,2022-09-30,learned_order_extension,20260910,0.49762556857203943,0.49762556857203943,0,1
weekly_state_validated,2858,2022-11-04,2022-11-14,0.0169449090696014,2022,2022-09-30,learned_order_extension,20260910,0.613159850832912,0.613159850832912,1,1
weekly_state_validated,2863,2022-11-11,2022-11-21,-0.0127051391515239,2022,2022-09-30,learned_order_extension,20260910,0.5964706436497149,0.5964706436497149,1,0
weekly_state_validated,2868,2022-11-18,2022-11-28,-0.0179672806084416,2022,2022-09-30,learned_order_extension,20260910,0.6322085568902898,0.6322085568902898,1,0
weekly_state_validated,2873,2022-11-25,2022-12-05,0.0555768659337096,2022,2022-09-30,learned_order_extension,20260910,0.5288535444594932,0.5288535444594932,1,1
weekly_state_validated,2878,2022-12-02,2022-12-12,0.0175374394775362,2022,2022-09-30,learned_order_extension,20260910,0.45376890427100824,0.45376890427100824,0,1
weekly_state_validated,2883,2022-12-09,2022-12-19,-0.0058850602464181,2022,2022-09-30,learned_order_extension,20260910,0.3857611085657667,0.3857611085657667,0,0
weekly_state_validated,2888,2022-12-16,2022-12-26,-0.0309150292073658,2022,2022-09-30,learned_order_extension,20260910,0.6088248587164643,0.6088248587164643,1,0
weekly_state_validated,2893,2022-12-23,2023-01-03,0.0089464492229616,2022,2022-09-30,learned_order_extension,20260910,0.4984357443577794,0.4984357443577794,0,1
weekly_state_validated,2898,2022-12-30,2023-01-09,0.0345913414268119,2022,2022-09-30,learned_order_extension,20260910,0.5535432643045607,0.5535432643045607,1,1
weekly_state_ungated,2843,2022-10-14,2022-10-24,-0.0246766294110258,2022,2022-09-30,learned_order_extension,20260910,0.5835760444140247,0.5835760444140247,1,0
weekly_state_ungated,2848,2022-10-21,2022-10-31,-0.059928861134359,2022,2022-09-30,learned_order_extension,20260910,0.6328691423461356,0.6328691423461356,1,0
weekly_state_ungated,2853,2022-10-28,2022-11-07,0.071339502526744,2022,2022-09-30,learned_order_extension,20260910,0.4726674201786503,0.4726674201786503,0,1
weekly_state_ungated,2858,2022-11-04,2022-11-14,0.0169449090696014,2022,2022-09-30,learned_order_extension,20260910,0.589203215782081,0.589203215782081,1,1
weekly_state_ungated,2863,2022-11-11,2022-11-21,-0.0127051391515239,2022,2022-09-30,learned_order_extension,20260910,0.5722015621432199,0.5722015621432199,1,0
weekly_state_ungated,2868,2022-11-18,2022-11-28,-0.0179672806084416,2022,2022-09-30,learned_order_extension,20260910,0.6086787205562489,0.6086787205562489,1,0
weekly_state_ungated,2873,2022-11-25,2022-12-05,0.0555768659337096,2022,2022-09-30,learned_order_extension,20260910,0.5039001527160234,0.5039001527160234,1,1
weekly_state_ungated,2878,2022-12-02,2022-12-12,0.0175374394775362,2022,2022-09-30,learned_order_extension,20260910,0.429131444676169,0.429131444676169,0,1
weekly_state_ungated,2883,2022-12-09,2022-12-19,-0.0058850602464181,2022,2022-09-30,learned_order_extension,20260910,0.3623665639797101,0.3623665639797101,0,0
weekly_state_ungated,2888,2022-12-16,2022-12-26,-0.0309150292073658,2022,2022-09-30,learned_order_extension,20260910,0.6088248587164643,0.6088248587164643,1,0
weekly_state_ungated,2893,2022-12-23,2023-01-03,0.0089464492229616,2022,2022-09-30,learned_order_extension,20260910,0.4734752584902173,0.4734752584902173,0,1
weekly_state_ungated,2898,2022-12-30,2023-01-09,0.0345913414268119,2022,2022-09-30,learned_order_extension,20260910,0.5535432643045607,0.5535432643045607,1,1
weekly_global_validated,2843,2022-10-14,2022-10-24,-0.0246766294110258,2022,2022-09-30,learned_order_extension,20260910,0.5373946614241386,0.5373946614241386,1,0
weekly_global_validated,2848,2022-10-21,2022-10-31,-0.059928861134359,2022,2022-09-30,learned_order_extension,20260910,0.5882977731991768,0.5882977731991768,1,0
weekly_global_validated,2853,2022-10-28,2022-11-07,0.071339502526744,2022,2022-09-30,learned_order_extension,20260910,0.4262783409493278,0.4262783409493278,0,1
weekly_global_validated,2858,2022-11-04,2022-11-14,0.0169449090696014,2022,2022-09-30,learned_order_extension,20260910,0.5431573564153387,0.5431573564153387,1,1
weekly_global_validated,2863,2022-11-11,2022-11-21,-0.0127051391515239,2022,2022-09-30,learned_order_extension,20260910,0.5257837923298309,0.5257837923298309,1,0
weekly_global_validated,2868,2022-11-18,2022-11-28,-0.0179672806084416,2022,2022-09-30,learned_order_extension,20260910,0.5631975044922417,0.5631975044922417,1,0
weekly_global_validated,2873,2022-11-25,2022-12-05,0.0555768659337096,2022,2022-09-30,learned_order_extension,20260910,0.457102841989924,0.457102841989924,0,1
weekly_global_validated,2878,2022-12-02,2022-12-12,0.0175374394775362,2022,2022-09-30,learned_order_extension,20260910,0.3839045040619541,0.3839045040619541,0,1
weekly_global_validated,2883,2022-12-09,2022-12-19,-0.0058850602464181,2022,2022-09-30,learned_order_extension,20260910,0.3202289830046334,0.3202289830046334,0,0
weekly_global_validated,2888,2022-12-16,2022-12-26,-0.0309150292073658,2022,2022-09-30,learned_order_extension,20260910,0.5386281710726589,0.5386281710726589,1,0
weekly_global_validated,2893,2022-12-23,2023-01-03,0.0089464492229616,2022,2022-09-30,learned_order_extension,20260910,0.4270711050698852,0.4270711050698852,0,1
weekly_global_validated,2898,2022-12-30,2023-01-09,0.0345913414268119,2022,2022-09-30,learned_order_extension,20260910,0.48186879439418195,0.48186879439418195,0,1
weekly_global_ungated,2843,2022-10-14,2022-10-24,-0.0246766294110258,2022,2022-09-30,learned_order_extension,20260910,0.5373946614241386,0.5373946614241386,1,0
weekly_global_ungated,2848,2022-10-21,2022-10-31,-0.059928861134359,2022,2022-09-30,learned_order_extension,20260910,0.5882977731991768,0.5882977731991768,1,0
weekly_global_ungated,2853,2022-10-28,2022-11-07,0.071339502526744,2022,2022-09-30,learned_order_extension,20260910,0.4262783409493278,0.4262783409493278,0,1
weekly_global_ungated,2858,2022-11-04,2022-11-14,0.0169449090696014,2022,2022-09-30,learned_order_extension,20260910,0.5431573564153387,0.5431573564153387,1,1
weekly_global_ungated,2863,2022-11-11,2022-11-21,-0.0127051391515239,2022,2022-09-30,learned_order_extension,20260910,0.5257837923298309,0.5257837923298309,1,0
weekly_global_ungated,2868,2022-11-18,2022-11-28,-0.0179672806084416,2022,2022-09-30,learned_order_extension,20260910,0.5631975044922417,0.5631975044922417,1,0
weekly_global_ungated,2873,2022-11-25,2022-12-05,0.0555768659337096,2022,2022-09-30,learned_order_extension,20260910,0.457102841989924,0.457102841989924,0,1
weekly_global_ungated,2878,2022-12-02,2022-12-12,0.0175374394775362,2022,2022-09-30,learned_order_extension,20260910,0.3839045040619541,0.3839045040619541,0,1
weekly_global_ungated,2883,2022-12-09,2022-12-19,-0.0058850602464181,2022,2022-09-30,learned_order_extension,20260910,0.3202289830046334,0.3202289830046334,0,0
weekly_global_ungated,2888,2022-12-16,2022-12-26,-0.0309150292073658,2022,2022-09-30,learned_order_extension,20260910,0.5386281710726589,0.5386281710726589,1,0
weekly_global_ungated,2893,2022-12-23,2023-01-03,0.0089464492229616,2022,2022-09-30,learned_order_extension,20260910,0.4270711050698852,0.4270711050698852,0,1
weekly_global_ungated,2898,2022-12-30,2023-01-09,0.0345913414268119,2022,2022-09-30,learned_order_extension,20260910,0.48186879439418195,0.48186879439418195,0,1
weekly_state_validated,2843,2022-10-14,2022-10-24,-0.0246766294110258,2022,2022-09-30,learned_order_extension,20260911,0.6040798099433027,0.6040798099433027,1,0
weekly_state_validated,2848,2022-10-21,2022-10-31,-0.059928861134359,2022,2022-09-30,learned_order_extension,20260911,0.7460757510851368,0.7460757510851368,1,0
weekly_state_validated,2853,2022-10-28,2022-11-07,0.071339502526744,2022,2022-09-30,learned_order_extension,20260911,0.617431468121719,0.617431468121719,1,1
weekly_state_validated,2858,2022-11-04,2022-11-14,0.0169449090696014,2022,2022-09-30,learned_order_extension,20260911,0.23004652965456976,0.23004652965456976,0,1
weekly_state_validated,2863,2022-11-11,2022-11-21,-0.0127051391515239,2022,2022-09-30,learned_order_extension,20260911,0.4001949641411597,0.4001949641411597,0,0
weekly_state_validated,2868,2022-11-18,2022-11-28,-0.0179672806084416,2022,2022-09-30,learned_order_extension,20260911,0.30403744962658297,0.30403744962658297,0,0
weekly_state_validated,2873,2022-11-25,2022-12-05,0.0555768659337096,2022,2022-09-30,learned_order_extension,20260911,0.4839806901293675,0.4839806901293675,0,1
weekly_state_validated,2878,2022-12-02,2022-12-12,0.0175374394775362,2022,2022-09-30,learned_order_extension,20260911,0.6025716211552316,0.6025716211552316,1,1
weekly_state_validated,2883,2022-12-09,2022-12-19,-0.0058850602464181,2022,2022-09-30,learned_order_extension,20260911,0.544959524525394,0.544959524525394,1,0
weekly_state_validated,2888,2022-12-16,2022-12-26,-0.0309150292073658,2022,2022-09-30,learned_order_extension,20260911,0.4782827682771969,0.4782827682771969,0,0
weekly_state_validated,2893,2022-12-23,2023-01-03,0.0089464492229616,2022,2022-09-30,learned_order_extension,20260911,0.5868134156375693,0.5868134156375693,1,1
weekly_state_validated,2898,2022-12-30,2023-01-09,0.0345913414268119,2022,2022-09-30,learned_order_extension,20260911,0.3072064907465254,0.3072064907465254,0,1
weekly_state_ungated,2843,2022-10-14,2022-10-24,-0.0246766294110258,2022,2022-09-30,learned_order_extension,20260911,0.5811622593521583,0.5811622593521583,1,0
weekly_state_ungated,2848,2022-10-21,2022-10-31,-0.059928861134359,2022,2022-09-30,learned_order_extension,20260911,0.7276721390416009,0.7276721390416009,1,0
weekly_state_ungated,2853,2022-10-28,2022-11-07,0.071339502526744,2022,2022-09-30,learned_order_extension,20260911,0.5947683209516764,0.5947683209516764,1,1
weekly_state_ungated,2858,2022-11-04,2022-11-14,0.0169449090696014,2022,2022-09-30,learned_order_extension,20260911,0.21366126634526958,0.21366126634526958,0,1
weekly_state_ungated,2863,2022-11-11,2022-11-21,-0.0127051391515239,2022,2022-09-30,learned_order_extension,20260911,0.37763465258384765,0.37763465258384765,0,0
weekly_state_ungated,2868,2022-11-18,2022-11-28,-0.0179672806084416,2022,2022-09-30,learned_order_extension,20260911,0.2843282482761783,0.2843282482761783,0,0
weekly_state_ungated,2873,2022-11-25,2022-12-05,0.0555768659337096,2022,2022-09-30,learned_order_extension,20260911,0.4603219930090153,0.4603219930090153,0,1
weekly_state_ungated,2878,2022-12-02,2022-12-12,0.0175374394775362,2022,2022-09-30,learned_order_extension,20260911,0.5796275215483183,0.5796275215483183,1,1
weekly_state_ungated,2883,2022-12-09,2022-12-19,-0.0058850602464181,2022,2022-09-30,learned_order_extension,20260911,0.5213315141427837,0.5213315141427837,1,0
weekly_state_ungated,2888,2022-12-16,2022-12-26,-0.0309150292073658,2022,2022-09-30,learned_order_extension,20260911,0.4782827682771969,0.4782827682771969,0,0
weekly_state_ungated,2893,2022-12-23,2023-01-03,0.0089464492229616,2022,2022-09-30,learned_order_extension,20260911,0.5636184076351218,0.5636184076351218,1,1
weekly_state_ungated,2898,2022-12-30,2023-01-09,0.0345913414268119,2022,2022-09-30,learned_order_extension,20260911,0.3072064907465254,0.3072064907465254,0,1
weekly_global_validated,2843,2022-10-14,2022-10-24,-0.0246766294110258,2022,2022-09-30,learned_order_extension,20260911,0.5262450126518823,0.5262450126518823,1,0
weekly_global_validated,2848,2022-10-21,2022-10-31,-0.059928861134359,2022,2022-09-30,learned_order_extension,20260911,0.6814349490087765,0.6814349490087765,1,0
weekly_global_validated,2853,2022-10-28,2022-11-07,0.071339502526744,2022,2022-09-30,learned_order_extension,20260911,0.5402236944663013,0.5402236944663013,1,1
weekly_global_validated,2858,2022-11-04,2022-11-14,0.0169449090696014,2022,2022-09-30,learned_order_extension,20260911,0.17865809984330266,0.17865809984330266,0,1
weekly_global_validated,2863,2022-11-11,2022-11-21,-0.0127051391515239,2022,2022-09-30,learned_order_extension,20260911,0.32693734561023546,0.32693734561023546,0,0
weekly_global_validated,2868,2022-11-18,2022-11-28,-0.0179672806084416,2022,2022-09-30,learned_order_extension,20260911,0.241300631795485,0.241300631795485,0,0
weekly_global_validated,2873,2022-11-25,2022-12-05,0.0555768659337096,2022,2022-09-30,learned_order_extension,20260911,0.40576125351150855,0.40576125351150855,0,1
weekly_global_validated,2878,2022-12-02,2022-12-12,0.0175374394775362,2022,2022-09-30,learned_order_extension,20260911,0.5246736283321183,0.5246736283321183,1,1
weekly_global_validated,2883,2022-12-09,2022-12-19,-0.0058850602464181,2022,2022-09-30,learned_order_extension,20260911,0.4657806027328934,0.4657806027328934,0,0
weekly_global_validated,2888,2022-12-16,2022-12-26,-0.0309150292073658,2022,2022-09-30,learned_order_extension,20260911,0.4002698963007466,0.4002698963007466,0,0
weekly_global_validated,2893,2022-12-23,2023-01-03,0.0089464492229616,2022,2022-09-30,learned_order_extension,20260911,0.5083468718003402,0.5083468718003402,1,1
weekly_global_validated,2898,2022-12-30,2023-01-09,0.0345913414268119,2022,2022-09-30,learned_order_extension,20260911,0.2440450567127009,0.2440450567127009,0,1
weekly_global_ungated,2843,2022-10-14,2022-10-24,-0.0246766294110258,2022,2022-09-30,learned_order_extension,20260911,0.5262450126518823,0.5262450126518823,1,0
weekly_global_ungated,2848,2022-10-21,2022-10-31,-0.059928861134359,2022,2022-09-30,learned_order_extension,20260911,0.6814349490087765,0.6814349490087765,1,0
weekly_global_ungated,2853,2022-10-28,2022-11-07,0.071339502526744,2022,2022-09-30,learned_order_extension,20260911,0.5402236944663013,0.5402236944663013,1,1
weekly_global_ungated,2858,2022-11-04,2022-11-14,0.0169449090696014,2022,2022-09-30,learned_order_extension,20260911,0.17865809984330266,0.17865809984330266,0,1
weekly_global_ungated,2863,2022-11-11,2022-11-21,-0.0127051391515239,2022,2022-09-30,learned_order_extension,20260911,0.32693734561023546,0.32693734561023546,0,0
weekly_global_ungated,2868,2022-11-18,2022-11-28,-0.0179672806084416,2022,2022-09-30,learned_order_extension,20260911,0.241300631795485,0.241300631795485,0,0
weekly_global_ungated,2873,2022-11-25,2022-12-05,0.0555768659337096,2022,2022-09-30,learned_order_extension,20260911,0.40576125351150855,0.40576125351150855,0,1
weekly_global_ungated,2878,2022-12-02,2022-12-12,0.0175374394775362,2022,2022-09-30,learned_order_extension,20260911,0.5246736283321183,0.5246736283321183,1,1
weekly_global_ungated,2883,2022-12-09,2022-12-19,-0.0058850602464181,2022,2022-09-30,learned_order_extension,20260911,0.4657806027328934,0.4657806027328934,0,0
weekly_global_ungated,2888,2022-12-16,2022-12-26,-0.0309150292073658,2022,2022-09-30,learned_order_extension,20260911,0.4002698963007466,0.4002698963007466,0,0
weekly_global_ungated,2893,2022-12-23,2023-01-03,0.0089464492229616,2022,2022-09-30,learned_order_extension,20260911,0.5083468718003402,0.5083468718003402,1,1
weekly_global_ungated,2898,2022-12-30,2023-01-09,0.0345913414268119,2022,2022-09-30,learned_order_extension,20260911,0.2440450567127009,0.2440450567127009,0,1
weekly_state_validated,2843,2022-10-14,2022-10-24,-0.0246766294110258,2022,2022-09-30,learned_order_extension,20260912,0.5780452108695775,0.5780452108695775,1,0
weekly_state_validated,2848,2022-10-21,2022-10-31,-0.059928861134359,2022,2022-09-30,learned_order_extension,20260912,0.6522176427129165,0.6522176427129165,1,0
weekly_state_validated,2853,2022-10-28,2022-11-07,0.071339502526744,2022,2022-09-30,learned_order_extension,20260912,0.5335986065550459,0.5335986065550459,1,1
weekly_state_validated,2858,2022-11-04,2022-11-14,0.0169449090696014,2022,2022-09-30,learned_order_extension,20260912,0.4987947331500217,0.4987947331500217,0,1
weekly_state_validated,2863,2022-11-11,2022-11-21,-0.0127051391515239,2022,2022-09-30,learned_order_extension,20260912,0.5087391037241329,0.5087391037241329,1,0
weekly_state_validated,2868,2022-11-18,2022-11-28,-0.0179672806084416,2022,2022-09-30,learned_order_extension,20260912,0.4198421144660997,0.4198421144660997,0,0
weekly_state_validated,2873,2022-11-25,2022-12-05,0.0555768659337096,2022,2022-09-30,learned_order_extension,20260912,0.46813125282876833,0.46813125282876833,0,1
weekly_state_validated,2878,2022-12-02,2022-12-12,0.0175374394775362,2022,2022-09-30,learned_order_extension,20260912,0.4494453870275048,0.4494453870275048,0,1
weekly_state_validated,2883,2022-12-09,2022-12-19,-0.0058850602464181,2022,2022-09-30,learned_order_extension,20260912,0.5078172034516703,0.5078172034516703,1,0
weekly_state_validated,2888,2022-12-16,2022-12-26,-0.0309150292073658,2022,2022-09-30,learned_order_extension,20260912,0.6174086923329795,0.6174086923329795,1,0
weekly_state_validated,2893,2022-12-23,2023-01-03,0.0089464492229616,2022,2022-09-30,learned_order_extension,20260912,0.45819657918619455,0.45819657918619455,0,1
weekly_state_validated,2898,2022-12-30,2023-01-09,0.0345913414268119,2022,2022-09-30,learned_order_extension,20260912,0.4265465221917634,0.4265465221917634,0,1
weekly_state_ungated,2843,2022-10-14,2022-10-24,-0.0246766294110258,2022,2022-09-30,learned_order_extension,20260912,0.56813147254879,0.56813147254879,1,0
weekly_state_ungated,2848,2022-10-21,2022-10-31,-0.059928861134359,2022,2022-09-30,learned_order_extension,20260912,0.642970212077217,0.642970212077217,1,0
weekly_state_ungated,2853,2022-10-28,2022-11-07,0.071339502526744,2022,2022-09-30,learned_order_extension,20260912,0.5235014198763608,0.5235014198763608,1,1
weekly_state_ungated,2858,2022-11-04,2022-11-14,0.0169449090696014,2022,2022-09-30,learned_order_extension,20260912,0.48866610733850646,0.48866610733850646,0,1
weekly_state_ungated,2863,2022-11-11,2022-11-21,-0.0127051391515239,2022,2022-09-30,learned_order_extension,20260912,0.49860943206746206,0.49860943206746206,0,0
weekly_state_ungated,2868,2022-11-18,2022-11-28,-0.0179672806084416,2022,2022-09-30,learned_order_extension,20260912,0.41000521434035797,0.41000521434035797,0,0
weekly_state_ungated,2873,2022-11-25,2022-12-05,0.0555768659337096,2022,2022-09-30,learned_order_extension,20260912,0.4580562320509406,0.4580562320509406,0,1
weekly_state_ungated,2878,2022-12-02,2022-12-12,0.0175374394775362,2022,2022-09-30,learned_order_extension,20260912,0.43944025269437076,0.43944025269437076,0,1
weekly_state_ungated,2883,2022-12-09,2022-12-19,-0.0058850602464181,2022,2022-09-30,learned_order_extension,20260912,0.4976872916688606,0.4976872916688606,0,0
weekly_state_ungated,2888,2022-12-16,2022-12-26,-0.0309150292073658,2022,2022-09-30,learned_order_extension,20260912,0.6174086923329795,0.6174086923329795,1,0
weekly_state_ungated,2893,2022-12-23,2023-01-03,0.0089464492229616,2022,2022-09-30,learned_order_extension,20260912,0.44815521135783243,0.44815521135783243,0,1
weekly_state_ungated,2898,2022-12-30,2023-01-09,0.0345913414268119,2022,2022-09-30,learned_order_extension,20260912,0.4265465221917634,0.4265465221917634,0,1
weekly_global_validated,2843,2022-10-14,2022-10-24,-0.0246766294110258,2022,2022-09-30,learned_order_extension,20260912,0.5354417286343591,0.5354417286343591,1,0
weekly_global_validated,2848,2022-10-21,2022-10-31,-0.059928861134359,2022,2022-09-30,learned_order_extension,20260912,0.6120773253793631,0.6120773253793631,1,0
weekly_global_validated,2853,2022-10-28,2022-11-07,0.071339502526744,2022,2022-09-30,learned_order_extension,20260912,0.4904632607601918,0.4904632607601918,0,1
weekly_global_validated,2858,2022-11-04,2022-11-14,0.0169449090696014,2022,2022-09-30,learned_order_extension,20260912,0.4557237983174462,0.4557237983174462,0,1
weekly_global_validated,2863,2022-11-11,2022-11-21,-0.0127051391515239,2022,2022-09-30,learned_order_extension,20260912,0.4656071799956929,0.4656071799956929,0,0
weekly_global_validated,2868,2022-11-18,2022-11-28,-0.0179672806084416,2022,2022-09-30,learned_order_extension,20260912,0.3784410590736568,0.3784410590736568,0,0
weekly_global_validated,2873,2022-11-25,2022-12-05,0.0555768659337096,2022,2022-09-30,learned_order_extension,20260912,0.42546046639614776,0.42546046639614776,0,1
weekly_global_validated,2878,2022-12-02,2022-12-12,0.0175374394775362,2022,2022-09-30,learned_order_extension,20260912,0.4071739198048179,0.4071739198048179,0,1
weekly_global_validated,2883,2022-12-09,2022-12-19,-0.0058850602464181,2022,2022-09-30,learned_order_extension,20260912,0.46468950728257186,0.46468950728257186,0,0
weekly_global_validated,2888,2022-12-16,2022-12-26,-0.0309150292073658,2022,2022-09-30,learned_order_extension,20260912,0.5758634249709649,0.5758634249709649,1,0
weekly_global_validated,2893,2022-12-23,2023-01-03,0.0089464492229616,2022,2022-09-30,learned_order_extension,20260912,0.41572354136028067,0.41572354136028067,0,1
weekly_global_validated,2898,2022-12-30,2023-01-09,0.0345913414268119,2022,2022-09-30,learned_order_extension,20260912,0.38492298366796557,0.38492298366796557,0,1
weekly_global_ungated,2843,2022-10-14,2022-10-24,-0.0246766294110258,2022,2022-09-30,learned_order_extension,20260912,0.5354417286343591,0.5354417286343591,1,0
weekly_global_ungated,2848,2022-10-21,2022-10-31,-0.059928861134359,2022,2022-09-30,learned_order_extension,20260912,0.6120773253793631,0.6120773253793631,1,0
weekly_global_ungated,2853,2022-10-28,2022-11-07,0.071339502526744,2022,2022-09-30,learned_order_extension,20260912,0.4904632607601918,0.4904632607601918,0,1
weekly_global_ungated,2858,2022-11-04,2022-11-14,0.0169449090696014,2022,2022-09-30,learned_order_extension,20260912,0.4557237983174462,0.4557237983174462,0,1
weekly_global_ungated,2863,2022-11-11,2022-11-21,-0.0127051391515239,2022,2022-09-30,learned_order_extension,20260912,0.4656071799956929,0.4656071799956929,0,0
weekly_global_ungated,2868,2022-11-18,2022-11-28,-0.0179672806084416,2022,2022-09-30,learned_order_extension,20260912,0.3784410590736568,0.3784410590736568,0,0
weekly_global_ungated,2873,2022-11-25,2022-12-05,0.0555768659337096,2022,2022-09-30,learned_order_extension,20260912,0.42546046639614776,0.42546046639614776,0,1
weekly_global_ungated,2878,2022-12-02,2022-12-12,0.0175374394775362,2022,2022-09-30,learned_order_extension,20260912,0.4071739198048179,0.4071739198048179,0,1
weekly_global_ungated,2883,2022-12-09,2022-12-19,-0.0058850602464181,2022,2022-09-30,learned_order_extension,20260912,0.46468950728257186,0.46468950728257186,0,0
weekly_global_ungated,2888,2022-12-16,2022-12-26,-0.0309150292073658,2022,2022-09-30,learned_order_extension,20260912,0.5758634249709649,0.5758634249709649,1,0
weekly_global_ungated,2893,2022-12-23,2023-01-03,0.0089464492229616,2022,2022-09-30,learned_order_extension,20260912,0.41572354136028067,0.41572354136028067,0,1
weekly_global_ungated,2898,2022-12-30,2023-01-09,0.0345913414268119,2022,2022-09-30,learned_order_extension,20260912,0.38492298366796557,0.38492298366796557,0,1
weekly_state_validated,2843,2022-10-14,2022-10-24,-0.0246766294110258,2022,2022-09-30,learned_order_offset,20260910,0.6075471196498429,0.6075471196498429,1,0
weekly_state_validated,2848,2022-10-21,2022-10-31,-0.059928861134359,2022,2022-09-30,learned_order_offset,20260910,0.6556958121122778,0.6556958121122778,1,0
weekly_state_validated,2853,2022-10-28,2022-11-07,0.071339502526744,2022,2022-09-30,learned_order_offset,20260910,0.4975115636558439,0.4975115636558439,0,1
weekly_state_validated,2858,2022-11-04,2022-11-14,0.0169449090696014,2022,2022-09-30,learned_order_offset,20260910,0.6129918071450171,0.6129918071450171,1,1
weekly_state_validated,2863,2022-11-11,2022-11-21,-0.0127051391515239,2022,2022-09-30,learned_order_offset,20260910,0.5961930236665007,0.5961930236665007,1,0
weekly_state_validated,2868,2022-11-18,2022-11-28,-0.0179672806084416,2022,2022-09-30,learned_order_offset,20260910,0.6320302130297768,0.6320302130297768,1,0
weekly_state_validated,2873,2022-11-25,2022-12-05,0.0555768659337096,2022,2022-09-30,learned_order_offset,20260910,0.5287341743413922,0.5287341743413922,1,1
weekly_state_validated,2878,2022-12-02,2022-12-12,0.0175374394775362,2022,2022-09-30,learned_order_offset,20260910,0.4541058300911641,0.4541058300911641,0,1
weekly_state_validated,2883,2022-12-09,2022-12-19,-0.0058850602464181,2022,2022-09-30,learned_order_offset,20260910,0.3859837300056836,0.3859837300056836,0,0
weekly_state_validated,2888,2022-12-16,2022-12-26,-0.0309150292073658,2022,2022-09-30,learned_order_offset,20260910,0.6086215781798711,0.6086215781798711,1,0
weekly_state_validated,2893,2022-12-23,2023-01-03,0.0089464492229616,2022,2022-09-30,learned_order_offset,20260910,0.49854238556394687,0.49854238556394687,0,1
weekly_state_validated,2898,2022-12-30,2023-01-09,0.0345913414268119,2022,2022-09-30,learned_order_offset,20260910,0.5537040132227125,0.5537040132227125,1,1
weekly_state_ungated,2843,2022-10-14,2022-10-24,-0.0246766294110258,2022,2022-09-30,learned_order_offset,20260910,0.5835218370364073,0.5835218370364073,1,0
weekly_state_ungated,2848,2022-10-21,2022-10-31,-0.059928861134359,2022,2022-09-30,learned_order_offset,20260910,0.6328367774328134,0.6328367774328134,1,0
weekly_state_ungated,2853,2022-10-28,2022-11-07,0.071339502526744,2022,2022-09-30,learned_order_offset,20260910,0.47259767476005127,0.47259767476005127,0,1
weekly_state_ungated,2858,2022-11-04,2022-11-14,0.0169449090696014,2022,2022-09-30,learned_order_offset,20260910,0.589074395608508,0.589074395608508,1,1
weekly_state_ungated,2863,2022-11-11,2022-11-21,-0.0127051391515239,2022,2022-09-30,learned_order_offset,20260910,0.571962369168007,0.571962369168007,1,0
weekly_state_ungated,2868,2022-11-18,2022-11-28,-0.0179672806084416,2022,2022-09-30,learned_order_offset,20260910,0.6085380101699468,0.6085380101699468,1,0
weekly_state_ungated,2873,2022-11-25,2022-12-05,0.0555768659337096,2022,2022-09-30,learned_order_offset,20260910,0.5038244425406855,0.5038244425406855,1,1
weekly_state_ungated,2878,2022-12-02,2022-12-12,0.0175374394775362,2022,2022-09-30,learned_order_offset,20260910,0.42950763640474826,0.42950763640474826,0,1
weekly_state_ungated,2883,2022-12-09,2022-12-19,-0.0058850602464181,2022,2022-09-30,learned_order_offset,20260910,0.3626243802357633,0.3626243802357633,0,0
weekly_state_ungated,2888,2022-12-16,2022-12-26,-0.0309150292073658,2022,2022-09-30,learned_order_offset,20260910,0.6086215781798711,0.6086215781798711,1,0
weekly_state_ungated,2893,2022-12-23,2023-01-03,0.0089464492229616,2022,2022-09-30,learned_order_offset,20260910,0.47362553159134385,0.47362553159134385,0,1
weekly_state_ungated,2898,2022-12-30,2023-01-09,0.0345913414268119,2022,2022-09-30,learned_order_offset,20260910,0.5537040132227125,0.5537040132227125,1,1
weekly_global_validated,2843,2022-10-14,2022-10-24,-0.0246766294110258,2022,2022-09-30,learned_order_offset,20260910,0.5373559330581644,0.5373559330581644,1,0
weekly_global_validated,2848,2022-10-21,2022-10-31,-0.059928861134359,2022,2022-09-30,learned_order_offset,20260910,0.5882803295893473,0.5882803295893473,1,0
weekly_global_validated,2853,2022-10-28,2022-11-07,0.071339502526744,2022,2022-09-30,learned_order_offset,20260910,0.4262263603629918,0.4262263603629918,0,1
weekly_global_validated,2858,2022-11-04,2022-11-14,0.0169449090696014,2022,2022-09-30,learned_order_offset,20260910,0.5430419896247136,0.5430419896247136,1,1
weekly_global_validated,2863,2022-11-11,2022-11-21,-0.0127051391515239,2022,2022-09-30,learned_order_offset,20260910,0.5255569406026636,0.5255569406026636,1,0
weekly_global_validated,2868,2022-11-18,2022-11-28,-0.0179672806084416,2022,2022-09-30,learned_order_offset,20260910,0.5630687309366482,0.5630687309366482,1,0
weekly_global_validated,2873,2022-11-25,2022-12-05,0.0555768659337096,2022,2022-09-30,learned_order_offset,20260910,0.45704437983579344,0.45704437983579344,0,1
weekly_global_validated,2878,2022-12-02,2022-12-12,0.0175374394775362,2022,2022-09-30,learned_order_offset,20260910,0.3842836536275708,0.3842836536275708,0,1
weekly_global_validated,2883,2022-12-09,2022-12-19,-0.0058850602464181,2022,2022-09-30,learned_order_offset,20260910,0.3204865374316044,0.3204865374316044,0,0
weekly_global_validated,2888,2022-12-16,2022-12-26,-0.0309150292073658,2022,2022-09-30,learned_order_offset,20260910,0.5384765794758888,0.5384765794758888,1,0
weekly_global_validated,2893,2022-12-23,2023-01-03,0.0089464492229616,2022,2022-09-30,learned_order_offset,20260910,0.4272350625444138,0.4272350625444138,0,1
weekly_global_validated,2898,2022-12-30,2023-01-09,0.0345913414268119,2022,2022-09-30,learned_order_offset,20260910,0.4820919945272227,0.4820919945272227,0,1
weekly_global_ungated,2843,2022-10-14,2022-10-24,-0.0246766294110258,2022,2022-09-30,learned_order_offset,20260910,0.5373559330581644,0.5373559330581644,1,0
weekly_global_ungated,2848,2022-10-21,2022-10-31,-0.059928861134359,2022,2022-09-30,learned_order_offset,20260910,0.5882803295893473,0.5882803295893473,1,0
weekly_global_ungated,2853,2022-10-28,2022-11-07,0.071339502526744,2022,2022-09-30,learned_order_offset,20260910,0.4262263603629918,0.4262263603629918,0,1
weekly_global_ungated,2858,2022-11-04,2022-11-14,0.0169449090696014,2022,2022-09-30,learned_order_offset,20260910,0.5430419896247136,0.5430419896247136,1,1
weekly_global_ungated,2863,2022-11-11,2022-11-21,-0.0127051391515239,2022,2022-09-30,learned_order_offset,20260910,0.5255569406026636,0.5255569406026636,1,0
weekly_global_ungated,2868,2022-11-18,2022-11-28,-0.0179672806084416,2022,2022-09-30,learned_order_offset,20260910,0.5630687309366482,0.5630687309366482,1,0
weekly_global_ungated,2873,2022-11-25,2022-12-05,0.0555768659337096,2022,2022-09-30,learned_order_offset,20260910,0.45704437983579344,0.45704437983579344,0,1
weekly_global_ungated,2878,2022-12-02,2022-12-12,0.0175374394775362,2022,2022-09-30,learned_order_offset,20260910,0.3842836536275708,0.3842836536275708,0,1
weekly_global_ungated,2883,2022-12-09,2022-12-19,-0.0058850602464181,2022,2022-09-30,learned_order_offset,20260910,0.3204865374316044,0.3204865374316044,0,0
weekly_global_ungated,2888,2022-12-16,2022-12-26,-0.0309150292073658,2022,2022-09-30,learned_order_offset,20260910,0.5384765794758888,0.5384765794758888,1,0
weekly_global_ungated,2893,2022-12-23,2023-01-03,0.0089464492229616,2022,2022-09-30,learned_order_offset,20260910,0.4272350625444138,0.4272350625444138,0,1
weekly_global_ungated,2898,2022-12-30,2023-01-09,0.0345913414268119,2022,2022-09-30,learned_order_offset,20260910,0.4820919945272227,0.4820919945272227,0,1
weekly_state_validated,2843,2022-10-14,2022-10-24,-0.0246766294110258,2022,2022-09-30,learned_order_offset,20260911,0.6039684511962653,0.6039684511962653,1,0
weekly_state_validated,2848,2022-10-21,2022-10-31,-0.059928861134359,2022,2022-09-30,learned_order_offset,20260911,0.7450194088842416,0.7450194088842416,1,0
weekly_state_validated,2853,2022-10-28,2022-11-07,0.071339502526744,2022,2022-09-30,learned_order_offset,20260911,0.6172868621197211,0.6172868621197211,1,1
weekly_state_validated,2858,2022-11-04,2022-11-14,0.0169449090696014,2022,2022-09-30,learned_order_offset,20260911,0.2288997396561917,0.2288997396561917,0,1
weekly_state_validated,2863,2022-11-11,2022-11-21,-0.0127051391515239,2022,2022-09-30,learned_order_offset,20260911,0.39873151134177104,0.39873151134177104,0,0
weekly_state_validated,2868,2022-11-18,2022-11-28,-0.0179672806084416,2022,2022-09-30,learned_order_offset,20260911,0.3021649857617269,0.3021649857617269,0,0
weekly_state_validated,2873,2022-11-25,2022-12-05,0.0555768659337096,2022,2022-09-30,learned_order_offset,20260911,0.4818279173695329,0.4818279173695329,0,1
weekly_state_validated,2878,2022-12-02,2022-12-12,0.0175374394775362,2022,2022-09-30,learned_order_offset,20260911,0.6005376182272921,0.6005376182272921,1,1
weekly_state_validated,2883,2022-12-09,2022-12-19,-0.0058850602464181,2022,2022-09-30,learned_order_offset,20260911,0.5449944358245183,0.5449944358245183,1,0
weekly_state_validated,2888,2022-12-16,2022-12-26,-0.0309150292073658,2022,2022-09-30,learned_order_offset,20260911,0.4788884926887394,0.4788884926887394,0,0
weekly_state_validated,2893,2022-12-23,2023-01-03,0.0089464492229616,2022,2022-09-30,learned_order_offset,20260911,0.5860352502699303,0.5860352502699303,1,1
weekly_state_validated,2898,2022-12-30,2023-01-09,0.0345913414268119,2022,2022-09-30,learned_order_offset,20260911,0.308675753062318,0.308675753062318,0,1
weekly_state_ungated,2843,2022-10-14,2022-10-24,-0.0246766294110258,2022,2022-09-30,learned_order_offset,20260911,0.58133927238819,0.58133927238819,1,0
weekly_state_ungated,2848,2022-10-21,2022-10-31,-0.059928861134359,2022,2022-09-30,learned_order_offset,20260911,0.7268042105092205,0.7268042105092205,1,0
weekly_state_ungated,2853,2022-10-28,2022-11-07,0.071339502526744,2022,2022-09-30,learned_order_offset,20260911,0.5949082718033126,0.5949082718033126,1,1
weekly_state_ungated,2858,2022-11-04,2022-11-14,0.0169449090696014,2022,2022-09-30,learned_order_offset,20260911,0.2127733403706901,0.2127733403706901,0,1
weekly_state_ungated,2863,2022-11-11,2022-11-21,-0.0127051391515239,2022,2022-09-30,learned_order_offset,20260911,0.3764819259492276,0.3764819259492276,0,0
weekly_state_ungated,2868,2022-11-18,2022-11-28,-0.0179672806084416,2022,2022-09-30,learned_order_offset,20260911,0.28276975047903535,0.28276975047903535,0,0
weekly_state_ungated,2873,2022-11-25,2022-12-05,0.0555768659337096,2022,2022-09-30,learned_order_offset,20260911,0.4584771552870984,0.4584771552870984,0,1
weekly_state_ungated,2878,2022-12-02,2022-12-12,0.0175374394775362,2022,2022-09-30,learned_order_offset,20260911,0.5778494246231344,0.5778494246231344,1,1
weekly_state_ungated,2883,2022-12-09,2022-12-19,-0.0058850602464181,2022,2022-09-30,learned_order_offset,20260911,0.5216643049144822,0.5216643049144822,1,0
weekly_state_ungated,2888,2022-12-16,2022-12-26,-0.0309150292073658,2022,2022-09-30,learned_order_offset,20260911,0.4788884926887394,0.4788884926887394,0,0
weekly_state_ungated,2893,2022-12-23,2023-01-03,0.0089464492229616,2022,2022-09-30,learned_order_offset,20260911,0.5631225827847456,0.5631225827847456,1,1
weekly_state_ungated,2898,2022-12-30,2023-01-09,0.0345913414268119,2022,2022-09-30,learned_order_offset,20260911,0.308675753062318,0.308675753062318,0,1
weekly_global_validated,2843,2022-10-14,2022-10-24,-0.0246766294110258,2022,2022-09-30,learned_order_offset,20260911,0.5264814823239337,0.5264814823239337,1,0
weekly_global_validated,2848,2022-10-21,2022-10-31,-0.059928861134359,2022,2022-09-30,learned_order_offset,20260911,0.6805324699021141,0.6805324699021141,1,0
weekly_global_validated,2853,2022-10-28,2022-11-07,0.071339502526744,2022,2022-09-30,learned_order_offset,20260911,0.5404228790690058,0.5404228790690058,1,1
weekly_global_validated,2858,2022-11-04,2022-11-14,0.0169449090696014,2022,2022-09-30,learned_order_offset,20260911,0.17791509157049598,0.17791509157049598,0,1
weekly_global_validated,2863,2022-11-11,2022-11-21,-0.0127051391515239,2022,2022-09-30,learned_order_offset,20260911,0.32590695325594593,0.32590695325594593,0,0
weekly_global_validated,2868,2022-11-18,2022-11-28,-0.0179672806084416,2022,2022-09-30,learned_order_offset,20260911,0.2399392726492174,0.2399392726492174,0,0
weekly_global_validated,2873,2022-11-25,2022-12-05,0.0555768659337096,2022,2022-09-30,learned_order_offset,20260911,0.40402467617862875,0.40402467617862875,0,1
weekly_global_validated,2878,2022-12-02,2022-12-12,0.0175374394775362,2022,2022-09-30,learned_order_offset,20260911,0.5229096325662439,0.5229096325662439,1,1
weekly_global_validated,2883,2022-12-09,2022-12-19,-0.0058850602464181,2022,2022-09-30,learned_order_offset,20260911,0.4661675244096362,0.4661675244096362,0,0
weekly_global_validated,2888,2022-12-16,2022-12-26,-0.0309150292073658,2022,2022-09-30,learned_order_offset,20260911,0.401192404533033,0.401192404533033,0,0
weekly_global_validated,2893,2022-12-23,2023-01-03,0.0089464492229616,2022,2022-09-30,learned_order_offset,20260911,0.5078983854832608,0.5078983854832608,1,1
weekly_global_validated,2898,2022-12-30,2023-01-09,0.0345913414268119,2022,2022-09-30,learned_order_offset,20260911,0.24558110454771517,0.24558110454771517,0,1
weekly_global_ungated,2843,2022-10-14,2022-10-24,-0.0246766294110258,2022,2022-09-30,learned_order_offset,20260911,0.5264814823239337,0.5264814823239337,1,0
weekly_global_ungated,2848,2022-10-21,2022-10-31,-0.059928861134359,2022,2022-09-30,learned_order_offset,20260911,0.6805324699021141,0.6805324699021141,1,0
weekly_global_ungated,2853,2022-10-28,2022-11-07,0.071339502526744,2022,2022-09-30,learned_order_offset,20260911,0.5404228790690058,0.5404228790690058,1,1
weekly_global_ungated,2858,2022-11-04,2022-11-14,0.0169449090696014,2022,2022-09-30,learned_order_offset,20260911,0.17791509157049598,0.17791509157049598,0,1
weekly_global_ungated,2863,2022-11-11,2022-11-21,-0.0127051391515239,2022,2022-09-30,learned_order_offset,20260911,0.32590695325594593,0.32590695325594593,0,0
weekly_global_ungated,2868,2022-11-18,2022-11-28,-0.0179672806084416,2022,2022-09-30,learned_order_offset,20260911,0.2399392726492174,0.2399392726492174,0,0
weekly_global_ungated,2873,2022-11-25,2022-12-05,0.0555768659337096,2022,2022-09-30,learned_order_offset,20260911,0.40402467617862875,0.40402467617862875,0,1
weekly_global_ungated,2878,2022-12-02,2022-12-12,0.0175374394775362,2022,2022-09-30,learned_order_offset,20260911,0.5229096325662439,0.5229096325662439,1,1
weekly_global_ungated,2883,2022-12-09,2022-12-19,-0.0058850602464181,2022,2022-09-30,learned_order_offset,20260911,0.4661675244096362,0.4661675244096362,0,0
weekly_global_ungated,2888,2022-12-16,2022-12-26,-0.0309150292073658,2022,2022-09-30,learned_order_offset,20260911,0.401192404533033,0.401192404533033,0,0
weekly_global_ungated,2893,2022-12-23,2023-01-03,0.0089464492229616,2022,2022-09-30,learned_order_offset,20260911,0.5078983854832608,0.5078983854832608,1,1
weekly_global_ungated,2898,2022-12-30,2023-01-09,0.0345913414268119,2022,2022-09-30,learned_order_offset,20260911,0.24558110454771517,0.24558110454771517,0,1
weekly_state_validated,2843,2022-10-14,2022-10-24,-0.0246766294110258,2022,2022-09-30,learned_order_offset,20260912,0.5780788256268797,0.5780788256268797,1,0
weekly_state_validated,2848,2022-10-21,2022-10-31,-0.059928861134359,2022,2022-09-30,learned_order_offset,20260912,0.6522206517177457,0.6522206517177457,1,0
weekly_state_validated,2853,2022-10-28,2022-11-07,0.071339502526744,2022,2022-09-30,learned_order_offset,20260912,0.5335953389035146,0.5335953389035146,1,1
weekly_state_validated,2858,2022-11-04,2022-11-14,0.0169449090696014,2022,2022-09-30,learned_order_offset,20260912,0.49899626271395653,0.49899626271395653,0,1
weekly_state_validated,2863,2022-11-11,2022-11-21,-0.0127051391515239,2022,2022-09-30,learned_order_offset,20260912,0.5087287832505283,0.5087287832505283,1,0
weekly_state_validated,2868,2022-11-18,2022-11-28,-0.0179672806084416,2022,2022-09-30,learned_order_offset,20260912,0.4199934200293093,0.4199934200293093,0,0
weekly_state_validated,2873,2022-11-25,2022-12-05,0.0555768659337096,2022,2022-09-30,learned_order_offset,20260912,0.4681523148388295,0.4681523148388295,0,1
weekly_state_validated,2878,2022-12-02,2022-12-12,0.0175374394775362,2022,2022-09-30,learned_order_offset,20260912,0.4495540620666624,0.4495540620666624,0,1
weekly_state_validated,2883,2022-12-09,2022-12-19,-0.0058850602464181,2022,2022-09-30,learned_order_offset,20260912,0.5079832164008727,0.5079832164008727,1,0
weekly_state_validated,2888,2022-12-16,2022-12-26,-0.0309150292073658,2022,2022-09-30,learned_order_offset,20260912,0.617550495391565,0.617550495391565,1,0
weekly_state_validated,2893,2022-12-23,2023-01-03,0.0089464492229616,2022,2022-09-30,learned_order_offset,20260912,0.45834125092049666,0.45834125092049666,0,1
weekly_state_validated,2898,2022-12-30,2023-01-09,0.0345913414268119,2022,2022-09-30,learned_order_offset,20260912,0.42667020854201704,0.42667020854201704,0,1
weekly_state_ungated,2843,2022-10-14,2022-10-24,-0.0246766294110258,2022,2022-09-30,learned_order_offset,20260912,0.5681866174237433,0.5681866174237433,1,0
weekly_state_ungated,2848,2022-10-21,2022-10-31,-0.059928861134359,2022,2022-09-30,learned_order_offset,20260912,0.6429932143567977,0.6429932143567977,1,0
weekly_state_ungated,2853,2022-10-28,2022-11-07,0.071339502526744,2022,2022-09-30,learned_order_offset,20260912,0.5235198310435061,0.5235198310435061,1,1
weekly_state_ungated,2858,2022-11-04,2022-11-14,0.0169449090696014,2022,2022-09-30,learned_order_offset,20260912,0.48888925984893394,0.48888925984893394,0,1
weekly_state_ungated,2863,2022-11-11,2022-11-21,-0.0127051391515239,2022,2022-09-30,learned_order_offset,20260912,0.4986208427926859,0.4986208427926859,0,0
weekly_state_ungated,2868,2022-11-18,2022-11-28,-0.0179672806084416,2022,2022-09-30,learned_order_offset,20260912,0.4101765139297115,0.4101765139297115,0,0
weekly_state_ungated,2873,2022-11-25,2022-12-05,0.0555768659337096,2022,2022-09-30,learned_order_offset,20260912,0.4580988128915471,0.4580988128915471,0,1
weekly_state_ungated,2878,2022-12-02,2022-12-12,0.0175374394775362,2022,2022-09-30,learned_order_offset,20260912,0.4395698567995729,0.4395698567995729,0,1
weekly_state_ungated,2883,2022-12-09,2022-12-19,-0.0058850602464181,2022,2022-09-30,learned_order_offset,20260912,0.49787507681174525,0.49787507681174525,0,0
weekly_state_ungated,2888,2022-12-16,2022-12-26,-0.0309150292073658,2022,2022-09-30,learned_order_offset,20260912,0.617550495391565,0.617550495391565,1,0
weekly_state_ungated,2893,2022-12-23,2023-01-03,0.0089464492229616,2022,2022-09-30,learned_order_offset,20260912,0.4483208380851306,0.4483208380851306,0,1
weekly_state_ungated,2898,2022-12-30,2023-01-09,0.0345913414268119,2022,2022-09-30,learned_order_offset,20260912,0.42667020854201704,0.42667020854201704,0,1
weekly_global_validated,2843,2022-10-14,2022-10-24,-0.0246766294110258,2022,2022-09-30,learned_order_offset,20260912,0.535526616064597,0.535526616064597,1,0
weekly_global_validated,2848,2022-10-21,2022-10-31,-0.059928861134359,2022,2022-09-30,learned_order_offset,20260912,0.612128780820688,0.612128780820688,1,0
weekly_global_validated,2853,2022-10-28,2022-11-07,0.071339502526744,2022,2022-09-30,learned_order_offset,20260912,0.4905108236177392,0.4905108236177392,0,1
weekly_global_validated,2858,2022-11-04,2022-11-14,0.0169449090696014,2022,2022-09-30,learned_order_offset,20260912,0.4559742234454991,0.4559742234454991,0,1
weekly_global_validated,2863,2022-11-11,2022-11-21,-0.0127051391515239,2022,2022-09-30,learned_order_offset,20260912,0.4656475273413634,0.4656475273413634,0,0
weekly_global_validated,2868,2022-11-18,2022-11-28,-0.0179672806084416,2022,2022-09-30,learned_order_offset,20260912,0.3786350453389495,0.3786350453389495,0,0
weekly_global_validated,2873,2022-11-25,2022-12-05,0.0555768659337096,2022,2022-09-30,learned_order_offset,20260912,0.42553087792565014,0.42553087792565014,0,1
weekly_global_validated,2878,2022-12-02,2022-12-12,0.0175374394775362,2022,2022-09-30,learned_order_offset,20260912,0.4073290493355114,0.4073290493355114,0,1
weekly_global_validated,2883,2022-12-09,2022-12-19,-0.0058850602464181,2022,2022-09-30,learned_order_offset,20260912,0.46490534900648744,0.46490534900648744,0,0
weekly_global_validated,2888,2022-12-16,2022-12-26,-0.0309150292073658,2022,2022-09-30,learned_order_offset,20260912,0.5760597382699342,0.5760597382699342,1,0
weekly_global_validated,2893,2022-12-23,2023-01-03,0.0089464492229616,2022,2022-09-30,learned_order_offset,20260912,0.4159145191577839,0.4159145191577839,0,1
weekly_global_validated,2898,2022-12-30,2023-01-09,0.0345913414268119,2022,2022-09-30,learned_order_offset,20260912,0.38509087953040716,0.38509087953040716,0,1
weekly_global_ungated,2843,2022-10-14,2022-10-24,-0.0246766294110258,2022,2022-09-30,learned_order_offset,20260912,0.535526616064597,0.535526616064597,1,0
weekly_global_ungated,2848,2022-10-21,2022-10-31,-0.059928861134359,2022,2022-09-30,learned_order_offset,20260912,0.612128780820688,0.612128780820688,1,0
weekly_global_ungated,2853,2022-10-28,2022-11-07,0.071339502526744,2022,2022-09-30,learned_order_offset,20260912,0.4905108236177392,0.4905108236177392,0,1
weekly_global_ungated,2858,2022-11-04,2022-11-14,0.0169449090696014,2022,2022-09-30,learned_order_offset,20260912,0.4559742234454991,0.4559742234454991,0,1
weekly_global_ungated,2863,2022-11-11,2022-11-21,-0.0127051391515239,2022,2022-09-30,learned_order_offset,20260912,0.4656475273413634,0.4656475273413634,0,0
weekly_global_ungated,2868,2022-11-18,2022-11-28,-0.0179672806084416,2022,2022-09-30,learned_order_offset,20260912,0.3786350453389495,0.3786350453389495,0,0
weekly_global_ungated,2873,2022-11-25,2022-12-05,0.0555768659337096,2022,2022-09-30,learned_order_offset,20260912,0.42553087792565014,0.42553087792565014,0,1
weekly_global_ungated,2878,2022-12-02,2022-12-12,0.0175374394775362,2022,2022-09-30,learned_order_offset,20260912,0.4073290493355114,0.4073290493355114,0,1
weekly_global_ungated,2883,2022-12-09,2022-12-19,-0.0058850602464181,2022,2022-09-30,learned_order_offset,20260912,0.46490534900648744,0.46490534900648744,0,0
weekly_global_ungated,2888,2022-12-16,2022-12-26,-0.0309150292073658,2022,2022-09-30,learned_order_offset,20260912,0.5760597382699342,0.5760597382699342,1,0
weekly_global_ungated,2893,2022-12-23,2023-01-03,0.0089464492229616,2022,2022-09-30,learned_order_offset,20260912,0.4159145191577839,0.4159145191577839,0,1
weekly_global_ungated,2898,2022-12-30,2023-01-09,0.0345913414268119,2022,2022-09-30,learned_order_offset,20260912,0.38509087953040716,0.38509087953040716,0,1
weekly_state_validated,2902,2023-01-06,2023-01-16,0.0198447929614133,2023,2022-12-31,learned_market,20260910,0.2720748657753032,0.2720748657753032,0,1
weekly_state_validated,2907,2023-01-13,2023-01-30,0.0465290788350809,2023,2022-12-31,learned_market,20260910,0.47236248212800225,0.47236248212800225,0,1
weekly_state_validated,2912,2023-01-20,2023-02-06,-0.0383797057844887,2023,2022-12-31,learned_market,20260910,0.406664897579608,0.406664897579608,0,0
weekly_state_validated,2917,2023-02-03,2023-02-13,-0.0012061903149008,2023,2022-12-31,learned_market,20260910,0.7077615943567296,0.7077615943567296,1,0
weekly_state_validated,2922,2023-02-10,2023-02-20,-0.0143746584432821,2023,2022-12-31,learned_market,20260910,0.3396729663973045,0.3396729663973045,0,0
weekly_state_validated,2927,2023-02-17,2023-02-27,0.0001237636016198,2023,2022-12-31,learned_market,20260910,0.3940367299508906,0.3940367299508906,0,1
weekly_state_validated,2932,2023-02-24,2023-03-06,0.0224454641303217,2023,2022-12-31,learned_market,20260910,0.6368517662464305,0.6368517662464305,1,1
weekly_state_validated,2937,2023-03-03,2023-03-13,-0.0407900947678007,2023,2022-12-31,learned_market,20260910,0.7365179717700991,0.7365179717700991,1,0
weekly_state_validated,2942,2023-03-10,2023-03-20,5.0471402903706775e-06,2023,2022-12-31,learned_market,20260910,0.5813776336748179,0.5813776336748179,1,1
weekly_state_validated,2947,2023-03-17,2023-03-27,0.015302852124583,2023,2022-12-31,learned_market,20260910,0.42485803758448765,0.42485803758448765,0,1
weekly_state_validated,2952,2023-03-24,2023-04-03,0.0090274153058433,2023,2022-12-31,learned_market,20260910,0.37090574302943613,0.37090574302943613,0,1
weekly_state_validated,2957,2023-03-31,2023-04-10,0.0178317182396383,2023,2022-12-31,learned_market,20260910,0.3924154635264961,0.3924154635264961,0,1
weekly_state_ungated,2902,2023-01-06,2023-01-16,0.0198447929614133,2023,2022-12-31,learned_market,20260910,0.2720748657753032,0.2720748657753032,0,1
weekly_state_ungated,2907,2023-01-13,2023-01-30,0.0465290788350809,2023,2022-12-31,learned_market,20260910,0.47236248212800225,0.47236248212800225,0,1
weekly_state_ungated,2912,2023-01-20,2023-02-06,-0.0383797057844887,2023,2022-12-31,learned_market,20260910,0.406664897579608,0.406664897579608,0,0
weekly_state_ungated,2917,2023-02-03,2023-02-13,-0.0012061903149008,2023,2022-12-31,learned_market,20260910,0.7077615943567296,0.7077615943567296,1,0
weekly_state_ungated,2922,2023-02-10,2023-02-20,-0.0143746584432821,2023,2022-12-31,learned_market,20260910,0.3396729663973045,0.3396729663973045,0,0
weekly_state_ungated,2927,2023-02-17,2023-02-27,0.0001237636016198,2023,2022-12-31,learned_market,20260910,0.3940367299508906,0.3940367299508906,0,1
weekly_state_ungated,2932,2023-02-24,2023-03-06,0.0224454641303217,2023,2022-12-31,learned_market,20260910,0.6368517662464305,0.6368517662464305,1,1
weekly_state_ungated,2937,2023-03-03,2023-03-13,-0.0407900947678007,2023,2022-12-31,learned_market,20260910,0.7365179717700991,0.7365179717700991,1,0
weekly_state_ungated,2942,2023-03-10,2023-03-20,5.0471402903706775e-06,2023,2022-12-31,learned_market,20260910,0.5813776336748179,0.5813776336748179,1,1
weekly_state_ungated,2947,2023-03-17,2023-03-27,0.015302852124583,2023,2022-12-31,learned_market,20260910,0.42485803758448765,0.42485803758448765,0,1
weekly_state_ungated,2952,2023-03-24,2023-04-03,0.0090274153058433,2023,2022-12-31,learned_market,20260910,0.37090574302943613,0.37090574302943613,0,1
weekly_state_ungated,2957,2023-03-31,2023-04-10,0.0178317182396383,2023,2022-12-31,learned_market,20260910,0.3924154635264961,0.3924154635264961,0,1
weekly_global_validated,2902,2023-01-06,2023-01-16,0.0198447929614133,2023,2022-12-31,learned_market,20260910,0.2720748657753032,0.2720748657753032,0,1
weekly_global_validated,2907,2023-01-13,2023-01-30,0.0465290788350809,2023,2022-12-31,learned_market,20260910,0.47236248212800225,0.47236248212800225,0,1
weekly_global_validated,2912,2023-01-20,2023-02-06,-0.0383797057844887,2023,2022-12-31,learned_market,20260910,0.406664897579608,0.406664897579608,0,0
weekly_global_validated,2917,2023-02-03,2023-02-13,-0.0012061903149008,2023,2022-12-31,learned_market,20260910,0.7077615943567296,0.7077615943567296,1,0
weekly_global_validated,2922,2023-02-10,2023-02-20,-0.0143746584432821,2023,2022-12-31,learned_market,20260910,0.3396729663973045,0.3396729663973045,0,0
weekly_global_validated,2927,2023-02-17,2023-02-27,0.0001237636016198,2023,2022-12-31,learned_market,20260910,0.3940367299508906,0.3940367299508906,0,1
weekly_global_validated,2932,2023-02-24,2023-03-06,0.0224454641303217,2023,2022-12-31,learned_market,20260910,0.6368517662464305,0.6368517662464305,1,1
weekly_global_validated,2937,2023-03-03,2023-03-13,-0.0407900947678007,2023,2022-12-31,learned_market,20260910,0.7365179717700991,0.7365179717700991,1,0
weekly_global_validated,2942,2023-03-10,2023-03-20,5.0471402903706775e-06,2023,2022-12-31,learned_market,20260910,0.5813776336748179,0.5813776336748179,1,1
weekly_global_validated,2947,2023-03-17,2023-03-27,0.015302852124583,2023,2022-12-31,learned_market,20260910,0.42485803758448765,0.42485803758448765,0,1
weekly_global_validated,2952,2023-03-24,2023-04-03,0.0090274153058433,2023,2022-12-31,learned_market,20260910,0.37090574302943613,0.37090574302943613,0,1
weekly_global_validated,2957,2023-03-31,2023-04-10,0.0178317182396383,2023,2022-12-31,learned_market,20260910,0.3924154635264961,0.3924154635264961,0,1
weekly_global_ungated,2902,2023-01-06,2023-01-16,0.0198447929614133,2023,2022-12-31,learned_market,20260910,0.2720748657753032,0.2720748657753032,0,1
weekly_global_ungated,2907,2023-01-13,2023-01-30,0.0465290788350809,2023,2022-12-31,learned_market,20260910,0.47236248212800225,0.47236248212800225,0,1
weekly_global_ungated,2912,2023-01-20,2023-02-06,-0.0383797057844887,2023,2022-12-31,learned_market,20260910,0.406664897579608,0.406664897579608,0,0
weekly_global_ungated,2917,2023-02-03,2023-02-13,-0.0012061903149008,2023,2022-12-31,learned_market,20260910,0.7077615943567296,0.7077615943567296,1,0
weekly_global_ungated,2922,2023-02-10,2023-02-20,-0.0143746584432821,2023,2022-12-31,learned_market,20260910,0.3396729663973045,0.3396729663973045,0,0
weekly_global_ungated,2927,2023-02-17,2023-02-27,0.0001237636016198,2023,2022-12-31,learned_market,20260910,0.3940367299508906,0.3940367299508906,0,1
weekly_global_ungated,2932,2023-02-24,2023-03-06,0.0224454641303217,2023,2022-12-31,learned_market,20260910,0.6368517662464305,0.6368517662464305,1,1
weekly_global_ungated,2937,2023-03-03,2023-03-13,-0.0407900947678007,2023,2022-12-31,learned_market,20260910,0.7365179717700991,0.7365179717700991,1,0
weekly_global_ungated,2942,2023-03-10,2023-03-20,5.0471402903706775e-06,2023,2022-12-31,learned_market,20260910,0.5813776336748179,0.5813776336748179,1,1
weekly_global_ungated,2947,2023-03-17,2023-03-27,0.015302852124583,2023,2022-12-31,learned_market,20260910,0.42485803758448765,0.42485803758448765,0,1
weekly_global_ungated,2952,2023-03-24,2023-04-03,0.0090274153058433,2023,2022-12-31,learned_market,20260910,0.37090574302943613,0.37090574302943613,0,1
weekly_global_ungated,2957,2023-03-31,2023-04-10,0.0178317182396383,2023,2022-12-31,learned_market,20260910,0.3924154635264961,0.3924154635264961,0,1
weekly_state_validated,2902,2023-01-06,2023-01-16,0.0198447929614133,2023,2022-12-31,learned_market,20260911,0.4109996836659653,0.4109996836659653,0,1
weekly_state_validated,2907,2023-01-13,2023-01-30,0.0465290788350809,2023,2022-12-31,learned_market,20260911,0.344318482304961,0.344318482304961,0,1
weekly_state_validated,2912,2023-01-20,2023-02-06,-0.0383797057844887,2023,2022-12-31,learned_market,20260911,0.6588589521771411,0.6588589521771411,1,0
weekly_state_validated,2917,2023-02-03,2023-02-13,-0.0012061903149008,2023,2022-12-31,learned_market,20260911,0.5846417083500102,0.5846417083500102,1,0
weekly_state_validated,2922,2023-02-10,2023-02-20,-0.0143746584432821,2023,2022-12-31,learned_market,20260911,0.37229435163057095,0.37229435163057095,0,0
weekly_state_validated,2927,2023-02-17,2023-02-27,0.0001237636016198,2023,2022-12-31,learned_market,20260911,0.4278917331001193,0.4278917331001193,0,1
weekly_state_validated,2932,2023-02-24,2023-03-06,0.0224454641303217,2023,2022-12-31,learned_market,20260911,0.6524353768671635,0.6524353768671635,1,1
weekly_state_validated,2937,2023-03-03,2023-03-13,-0.0407900947678007,2023,2022-12-31,learned_market,20260911,0.767620468884498,0.767620468884498,1,0
weekly_state_validated,2942,2023-03-10,2023-03-20,5.0471402903706775e-06,2023,2022-12-31,learned_market,20260911,0.6078004132598206,0.6078004132598206,1,1
weekly_state_validated,2947,2023-03-17,2023-03-27,0.015302852124583,2023,2022-12-31,learned_market,20260911,0.41902195233093853,0.41902195233093853,0,1
weekly_state_validated,2952,2023-03-24,2023-04-03,0.0090274153058433,2023,2022-12-31,learned_market,20260911,0.4677158880927443,0.4677158880927443,0,1
weekly_state_validated,2957,2023-03-31,2023-04-10,0.0178317182396383,2023,2022-12-31,learned_market,20260911,0.5644297293997745,0.5644297293997745,1,1
weekly_state_ungated,2902,2023-01-06,2023-01-16,0.0198447929614133,2023,2022-12-31,learned_market,20260911,0.4109996836659653,0.4109996836659653,0,1
weekly_state_ungated,2907,2023-01-13,2023-01-30,0.0465290788350809,2023,2022-12-31,learned_market,20260911,0.344318482304961,0.344318482304961,0,1
weekly_state_ungated,2912,2023-01-20,2023-02-06,-0.0383797057844887,2023,2022-12-31,learned_market,20260911,0.6588589521771411,0.6588589521771411,1,0
weekly_state_ungated,2917,2023-02-03,2023-02-13,-0.0012061903149008,2023,2022-12-31,learned_market,20260911,0.5846417083500102,0.5846417083500102,1,0
weekly_state_ungated,2922,2023-02-10,2023-02-20,-0.0143746584432821,2023,2022-12-31,learned_market,20260911,0.37229435163057095,0.37229435163057095,0,0
weekly_state_ungated,2927,2023-02-17,2023-02-27,0.0001237636016198,2023,2022-12-31,learned_market,20260911,0.4278917331001193,0.4278917331001193,0,1
weekly_state_ungated,2932,2023-02-24,2023-03-06,0.0224454641303217,2023,2022-12-31,learned_market,20260911,0.6524353768671635,0.6524353768671635,1,1
weekly_state_ungated,2937,2023-03-03,2023-03-13,-0.0407900947678007,2023,2022-12-31,learned_market,20260911,0.767620468884498,0.767620468884498,1,0
weekly_state_ungated,2942,2023-03-10,2023-03-20,5.0471402903706775e-06,2023,2022-12-31,learned_market,20260911,0.6078004132598206,0.6078004132598206,1,1
weekly_state_ungated,2947,2023-03-17,2023-03-27,0.015302852124583,2023,2022-12-31,learned_market,20260911,0.41902195233093853,0.41902195233093853,0,1
weekly_state_ungated,2952,2023-03-24,2023-04-03,0.0090274153058433,2023,2022-12-31,learned_market,20260911,0.4677158880927443,0.4677158880927443,0,1
weekly_state_ungated,2957,2023-03-31,2023-04-10,0.0178317182396383,2023,2022-12-31,learned_market,20260911,0.5644297293997745,0.5644297293997745,1,1
weekly_global_validated,2902,2023-01-06,2023-01-16,0.0198447929614133,2023,2022-12-31,learned_market,20260911,0.4109996836659653,0.4109996836659653,0,1
weekly_global_validated,2907,2023-01-13,2023-01-30,0.0465290788350809,2023,2022-12-31,learned_market,20260911,0.344318482304961,0.344318482304961,0,1
weekly_global_validated,2912,2023-01-20,2023-02-06,-0.0383797057844887,2023,2022-12-31,learned_market,20260911,0.6588589521771411,0.6588589521771411,1,0
weekly_global_validated,2917,2023-02-03,2023-02-13,-0.0012061903149008,2023,2022-12-31,learned_market,20260911,0.5846417083500102,0.5846417083500102,1,0
weekly_global_validated,2922,2023-02-10,2023-02-20,-0.0143746584432821,2023,2022-12-31,learned_market,20260911,0.37229435163057095,0.37229435163057095,0,0
weekly_global_validated,2927,2023-02-17,2023-02-27,0.0001237636016198,2023,2022-12-31,learned_market,20260911,0.4278917331001193,0.4278917331001193,0,1
weekly_global_validated,2932,2023-02-24,2023-03-06,0.0224454641303217,2023,2022-12-31,learned_market,20260911,0.6524353768671635,0.6524353768671635,1,1
weekly_global_validated,2937,2023-03-03,2023-03-13,-0.0407900947678007,2023,2022-12-31,learned_market,20260911,0.767620468884498,0.767620468884498,1,0
weekly_global_validated,2942,2023-03-10,2023-03-20,5.0471402903706775e-06,2023,2022-12-31,learned_market,20260911,0.6078004132598206,0.6078004132598206,1,1
weekly_global_validated,2947,2023-03-17,2023-03-27,0.015302852124583,2023,2022-12-31,learned_market,20260911,0.41902195233093853,0.41902195233093853,0,1
weekly_global_validated,2952,2023-03-24,2023-04-03,0.0090274153058433,2023,2022-12-31,learned_market,20260911,0.4677158880927443,0.4677158880927443,0,1
weekly_global_validated,2957,2023-03-31,2023-04-10,0.0178317182396383,2023,2022-12-31,learned_market,20260911,0.5644297293997745,0.5644297293997745,1,1
weekly_global_ungated,2902,2023-01-06,2023-01-16,0.0198447929614133,2023,2022-12-31,learned_market,20260911,0.4109996836659653,0.4109996836659653,0,1
weekly_global_ungated,2907,2023-01-13,2023-01-30,0.0465290788350809,2023,2022-12-31,learned_market,20260911,0.344318482304961,0.344318482304961,0,1
weekly_global_ungated,2912,2023-01-20,2023-02-06,-0.0383797057844887,2023,2022-12-31,learned_market,20260911,0.6588589521771411,0.6588589521771411,1,0
weekly_global_ungated,2917,2023-02-03,2023-02-13,-0.0012061903149008,2023,2022-12-31,learned_market,20260911,0.5846417083500102,0.5846417083500102,1,0
weekly_global_ungated,2922,2023-02-10,2023-02-20,-0.0143746584432821,2023,2022-12-31,learned_market,20260911,0.37229435163057095,0.37229435163057095,0,0
weekly_global_ungated,2927,2023-02-17,2023-02-27,0.0001237636016198,2023,2022-12-31,learned_market,20260911,0.4278917331001193,0.4278917331001193,0,1
weekly_global_ungated,2932,2023-02-24,2023-03-06,0.0224454641303217,2023,2022-12-31,learned_market,20260911,0.6524353768671635,0.6524353768671635,1,1
weekly_global_ungated,2937,2023-03-03,2023-03-13,-0.0407900947678007,2023,2022-12-31,learned_market,20260911,0.767620468884498,0.767620468884498,1,0
weekly_global_ungated,2942,2023-03-10,2023-03-20,5.0471402903706775e-06,2023,2022-12-31,learned_market,20260911,0.6078004132598206,0.6078004132598206,1,1
weekly_global_ungated,2947,2023-03-17,2023-03-27,0.015302852124583,2023,2022-12-31,learned_market,20260911,0.41902195233093853,0.41902195233093853,0,1
weekly_global_ungated,2952,2023-03-24,2023-04-03,0.0090274153058433,2023,2022-12-31,learned_market,20260911,0.4677158880927443,0.4677158880927443,0,1
weekly_global_ungated,2957,2023-03-31,2023-04-10,0.0178317182396383,2023,2022-12-31,learned_market,20260911,0.5644297293997745,0.5644297293997745,1,1
weekly_state_validated,2902,2023-01-06,2023-01-16,0.0198447929614133,2023,2022-12-31,learned_market,20260912,0.30052885603711643,0.30052885603711643,0,1
weekly_state_validated,2907,2023-01-13,2023-01-30,0.0465290788350809,2023,2022-12-31,learned_market,20260912,0.25642703962175933,0.25642703962175933,0,1
weekly_state_validated,2912,2023-01-20,2023-02-06,-0.0383797057844887,2023,2022-12-31,learned_market,20260912,0.6884031394091166,0.6884031394091166,1,0
weekly_state_validated,2917,2023-02-03,2023-02-13,-0.0012061903149008,2023,2022-12-31,learned_market,20260912,0.48719446040105807,0.48719446040105807,0,0
weekly_state_validated,2922,2023-02-10,2023-02-20,-0.0143746584432821,2023,2022-12-31,learned_market,20260912,0.25478983111842135,0.25478983111842135,0,0
weekly_state_validated,2927,2023-02-17,2023-02-27,0.0001237636016198,2023,2022-12-31,learned_market,20260912,0.4079835806267681,0.4079835806267681,0,1
weekly_state_validated,2932,2023-02-24,2023-03-06,0.0224454641303217,2023,2022-12-31,learned_market,20260912,0.7137242634797857,0.7137242634797857,1,1
weekly_state_validated,2937,2023-03-03,2023-03-13,-0.0407900947678007,2023,2022-12-31,learned_market,20260912,0.5807881322909977,0.5807881322909977,1,0
weekly_state_validated,2942,2023-03-10,2023-03-20,5.0471402903706775e-06,2023,2022-12-31,learned_market,20260912,0.41460120883303464,0.41460120883303464,0,1
weekly_state_validated,2947,2023-03-17,2023-03-27,0.015302852124583,2023,2022-12-31,learned_market,20260912,0.30490069121650976,0.30490069121650976,0,1
weekly_state_validated,2952,2023-03-24,2023-04-03,0.0090274153058433,2023,2022-12-31,learned_market,20260912,0.5481390563099999,0.5481390563099999,1,1
weekly_state_validated,2957,2023-03-31,2023-04-10,0.0178317182396383,2023,2022-12-31,learned_market,20260912,0.611788401190659,0.611788401190659,1,1
weekly_state_ungated,2902,2023-01-06,2023-01-16,0.0198447929614133,2023,2022-12-31,learned_market,20260912,0.30052885603711643,0.30052885603711643,0,1
weekly_state_ungated,2907,2023-01-13,2023-01-30,0.0465290788350809,2023,2022-12-31,learned_market,20260912,0.25642703962175933,0.25642703962175933,0,1
weekly_state_ungated,2912,2023-01-20,2023-02-06,-0.0383797057844887,2023,2022-12-31,learned_market,20260912,0.6884031394091166,0.6884031394091166,1,0
weekly_state_ungated,2917,2023-02-03,2023-02-13,-0.0012061903149008,2023,2022-12-31,learned_market,20260912,0.48719446040105807,0.48719446040105807,0,0
weekly_state_ungated,2922,2023-02-10,2023-02-20,-0.0143746584432821,2023,2022-12-31,learned_market,20260912,0.25478983111842135,0.25478983111842135,0,0
weekly_state_ungated,2927,2023-02-17,2023-02-27,0.0001237636016198,2023,2022-12-31,learned_market,20260912,0.4079835806267681,0.4079835806267681,0,1
weekly_state_ungated,2932,2023-02-24,2023-03-06,0.0224454641303217,2023,2022-12-31,learned_market,20260912,0.7137242634797857,0.7137242634797857,1,1
weekly_state_ungated,2937,2023-03-03,2023-03-13,-0.0407900947678007,2023,2022-12-31,learned_market,20260912,0.5807881322909977,0.5807881322909977,1,0
weekly_state_ungated,2942,2023-03-10,2023-03-20,5.0471402903706775e-06,2023,2022-12-31,learned_market,20260912,0.41460120883303464,0.41460120883303464,0,1
weekly_state_ungated,2947,2023-03-17,2023-03-27,0.015302852124583,2023,2022-12-31,learned_market,20260912,0.30490069121650976,0.30490069121650976,0,1
weekly_state_ungated,2952,2023-03-24,2023-04-03,0.0090274153058433,2023,2022-12-31,learned_market,20260912,0.5481390563099999,0.5481390563099999,1,1
weekly_state_ungated,2957,2023-03-31,2023-04-10,0.0178317182396383,2023,2022-12-31,learned_market,20260912,0.611788401190659,0.611788401190659,1,1
weekly_global_validated,2902,2023-01-06,2023-01-16,0.0198447929614133,2023,2022-12-31,learned_market,20260912,0.30052885603711643,0.30052885603711643,0,1
weekly_global_validated,2907,2023-01-13,2023-01-30,0.0465290788350809,2023,2022-12-31,learned_market,20260912,0.25642703962175933,0.25642703962175933,0,1
weekly_global_validated,2912,2023-01-20,2023-02-06,-0.0383797057844887,2023,2022-12-31,learned_market,20260912,0.6884031394091166,0.6884031394091166,1,0
weekly_global_validated,2917,2023-02-03,2023-02-13,-0.0012061903149008,2023,2022-12-31,learned_market,20260912,0.48719446040105807,0.48719446040105807,0,0
weekly_global_validated,2922,2023-02-10,2023-02-20,-0.0143746584432821,2023,2022-12-31,learned_market,20260912,0.25478983111842135,0.25478983111842135,0,0
weekly_global_validated,2927,2023-02-17,2023-02-27,0.0001237636016198,2023,2022-12-31,learned_market,20260912,0.4079835806267681,0.4079835806267681,0,1
weekly_global_validated,2932,2023-02-24,2023-03-06,0.0224454641303217,2023,2022-12-31,learned_market,20260912,0.7137242634797857,0.7137242634797857,1,1
weekly_global_validated,2937,2023-03-03,2023-03-13,-0.0407900947678007,2023,2022-12-31,learned_market,20260912,0.5807881322909977,0.5807881322909977,1,0
weekly_global_validated,2942,2023-03-10,2023-03-20,5.0471402903706775e-06,2023,2022-12-31,learned_market,20260912,0.41460120883303464,0.41460120883303464,0,1
weekly_global_validated,2947,2023-03-17,2023-03-27,0.015302852124583,2023,2022-12-31,learned_market,20260912,0.30490069121650976,0.30490069121650976,0,1
weekly_global_validated,2952,2023-03-24,2023-04-03,0.0090274153058433,2023,2022-12-31,learned_market,20260912,0.5481390563099999,0.5481390563099999,1,1
weekly_global_validated,2957,2023-03-31,2023-04-10,0.0178317182396383,2023,2022-12-31,learned_market,20260912,0.611788401190659,0.611788401190659,1,1
weekly_global_ungated,2902,2023-01-06,2023-01-16,0.0198447929614133,2023,2022-12-31,learned_market,20260912,0.30052885603711643,0.30052885603711643,0,1
weekly_global_ungated,2907,2023-01-13,2023-01-30,0.0465290788350809,2023,2022-12-31,learned_market,20260912,0.25642703962175933,0.25642703962175933,0,1
weekly_global_ungated,2912,2023-01-20,2023-02-06,-0.0383797057844887,2023,2022-12-31,learned_market,20260912,0.6884031394091166,0.6884031394091166,1,0
weekly_global_ungated,2917,2023-02-03,2023-02-13,-0.0012061903149008,2023,2022-12-31,learned_market,20260912,0.48719446040105807,0.48719446040105807,0,0
weekly_global_ungated,2922,2023-02-10,2023-02-20,-0.0143746584432821,2023,2022-12-31,learned_market,20260912,0.25478983111842135,0.25478983111842135,0,0
weekly_global_ungated,2927,2023-02-17,2023-02-27,0.0001237636016198,2023,2022-12-31,learned_market,20260912,0.4079835806267681,0.4079835806267681,0,1
weekly_global_ungated,2932,2023-02-24,2023-03-06,0.0224454641303217,2023,2022-12-31,learned_market,20260912,0.7137242634797857,0.7137242634797857,1,1
weekly_global_ungated,2937,2023-03-03,2023-03-13,-0.0407900947678007,2023,2022-12-31,learned_market,20260912,0.5807881322909977,0.5807881322909977,1,0
weekly_global_ungated,2942,2023-03-10,2023-03-20,5.0471402903706775e-06,2023,2022-12-31,learned_market,20260912,0.41460120883303464,0.41460120883303464,0,1
weekly_global_ungated,2947,2023-03-17,2023-03-27,0.015302852124583,2023,2022-12-31,learned_market,20260912,0.30490069121650976,0.30490069121650976,0,1
weekly_global_ungated,2952,2023-03-24,2023-04-03,0.0090274153058433,2023,2022-12-31,learned_market,20260912,0.5481390563099999,0.5481390563099999,1,1
weekly_global_ungated,2957,2023-03-31,2023-04-10,0.0178317182396383,2023,2022-12-31,learned_market,20260912,0.611788401190659,0.611788401190659,1,1
weekly_state_validated,2902,2023-01-06,2023-01-16,0.0198447929614133,2023,2022-12-31,learned_vol_interaction,20260910,0.2579229355480302,0.2579229355480302,0,1
weekly_state_validated,2907,2023-01-13,2023-01-30,0.0465290788350809,2023,2022-12-31,learned_vol_interaction,20260910,0.46834593067568,0.46834593067568,0,1
weekly_state_validated,2912,2023-01-20,2023-02-06,-0.0383797057844887,2023,2022-12-31,learned_vol_interaction,20260910,0.3968582316115995,0.3968582316115995,0,0
weekly_state_validated,2917,2023-02-03,2023-02-13,-0.0012061903149008,2023,2022-12-31,learned_vol_interaction,20260910,0.7386639107975522,0.7386639107975522,1,0
weekly_state_validated,2922,2023-02-10,2023-02-20,-0.0143746584432821,2023,2022-12-31,learned_vol_interaction,20260910,0.3303769483660095,0.3303769483660095,0,0
weekly_state_validated,2927,2023-02-17,2023-02-27,0.0001237636016198,2023,2022-12-31,learned_vol_interaction,20260910,0.37895686267521006,0.37895686267521006,0,1
weekly_state_validated,2932,2023-02-24,2023-03-06,0.0224454641303217,2023,2022-12-31,learned_vol_interaction,20260910,0.6474147480213357,0.6474147480213357,1,1
weekly_state_validated,2937,2023-03-03,2023-03-13,-0.0407900947678007,2023,2022-12-31,learned_vol_interaction,20260910,0.7530412308563522,0.7530412308563522,1,0
weekly_state_validated,2942,2023-03-10,2023-03-20,5.0471402903706775e-06,2023,2022-12-31,learned_vol_interaction,20260910,0.5873882519994295,0.5873882519994295,1,1
weekly_state_validated,2947,2023-03-17,2023-03-27,0.015302852124583,2023,2022-12-31,learned_vol_interaction,20260910,0.41458186592231894,0.41458186592231894,0,1
weekly_state_validated,2952,2023-03-24,2023-04-03,0.0090274153058433,2023,2022-12-31,learned_vol_interaction,20260910,0.35652402288788393,0.35652402288788393,0,1
weekly_state_validated,2957,2023-03-31,2023-04-10,0.0178317182396383,2023,2022-12-31,learned_vol_interaction,20260910,0.3863632737017367,0.3863632737017367,0,1
weekly_state_ungated,2902,2023-01-06,2023-01-16,0.0198447929614133,2023,2022-12-31,learned_vol_interaction,20260910,0.2579229355480302,0.2579229355480302,0,1
weekly_state_ungated,2907,2023-01-13,2023-01-30,0.0465290788350809,2023,2022-12-31,learned_vol_interaction,20260910,0.46834593067568,0.46834593067568,0,1
weekly_state_ungated,2912,2023-01-20,2023-02-06,-0.0383797057844887,2023,2022-12-31,learned_vol_interaction,20260910,0.3968582316115995,0.3968582316115995,0,0
weekly_state_ungated,2917,2023-02-03,2023-02-13,-0.0012061903149008,2023,2022-12-31,learned_vol_interaction,20260910,0.7386639107975522,0.7386639107975522,1,0
weekly_state_ungated,2922,2023-02-10,2023-02-20,-0.0143746584432821,2023,2022-12-31,learned_vol_interaction,20260910,0.3303769483660095,0.3303769483660095,0,0
weekly_state_ungated,2927,2023-02-17,2023-02-27,0.0001237636016198,2023,2022-12-31,learned_vol_interaction,20260910,0.37895686267521006,0.37895686267521006,0,1
weekly_state_ungated,2932,2023-02-24,2023-03-06,0.0224454641303217,2023,2022-12-31,learned_vol_interaction,20260910,0.6474147480213357,0.6474147480213357,1,1
weekly_state_ungated,2937,2023-03-03,2023-03-13,-0.0407900947678007,2023,2022-12-31,learned_vol_interaction,20260910,0.7530412308563522,0.7530412308563522,1,0
weekly_state_ungated,2942,2023-03-10,2023-03-20,5.0471402903706775e-06,2023,2022-12-31,learned_vol_interaction,20260910,0.5873882519994295,0.5873882519994295,1,1
weekly_state_ungated,2947,2023-03-17,2023-03-27,0.015302852124583,2023,2022-12-31,learned_vol_interaction,20260910,0.41458186592231894,0.41458186592231894,0,1
weekly_state_ungated,2952,2023-03-24,2023-04-03,0.0090274153058433,2023,2022-12-31,learned_vol_interaction,20260910,0.35652402288788393,0.35652402288788393,0,1
weekly_state_ungated,2957,2023-03-31,2023-04-10,0.0178317182396383,2023,2022-12-31,learned_vol_interaction,20260910,0.3863632737017367,0.3863632737017367,0,1
weekly_global_validated,2902,2023-01-06,2023-01-16,0.0198447929614133,2023,2022-12-31,learned_vol_interaction,20260910,0.2579229355480302,0.2579229355480302,0,1
weekly_global_validated,2907,2023-01-13,2023-01-30,0.0465290788350809,2023,2022-12-31,learned_vol_interaction,20260910,0.46834593067568,0.46834593067568,0,1
weekly_global_validated,2912,2023-01-20,2023-02-06,-0.0383797057844887,2023,2022-12-31,learned_vol_interaction,20260910,0.3968582316115995,0.3968582316115995,0,0
weekly_global_validated,2917,2023-02-03,2023-02-13,-0.0012061903149008,2023,2022-12-31,learned_vol_interaction,20260910,0.7386639107975522,0.7386639107975522,1,0
weekly_global_validated,2922,2023-02-10,2023-02-20,-0.0143746584432821,2023,2022-12-31,learned_vol_interaction,20260910,0.3303769483660095,0.3303769483660095,0,0
weekly_global_validated,2927,2023-02-17,2023-02-27,0.0001237636016198,2023,2022-12-31,learned_vol_interaction,20260910,0.37895686267521006,0.37895686267521006,0,1
weekly_global_validated,2932,2023-02-24,2023-03-06,0.0224454641303217,2023,2022-12-31,learned_vol_interaction,20260910,0.6474147480213357,0.6474147480213357,1,1
weekly_global_validated,2937,2023-03-03,2023-03-13,-0.0407900947678007,2023,2022-12-31,learned_vol_interaction,20260910,0.7530412308563522,0.7530412308563522,1,0
weekly_global_validated,2942,2023-03-10,2023-03-20,5.0471402903706775e-06,2023,2022-12-31,learned_vol_interaction,20260910,0.5873882519994295,0.5873882519994295,1,1
weekly_global_validated,2947,2023-03-17,2023-03-27,0.015302852124583,2023,2022-12-31,learned_vol_interaction,20260910,0.41458186592231894,0.41458186592231894,0,1
weekly_global_validated,2952,2023-03-24,2023-04-03,0.0090274153058433,2023,2022-12-31,learned_vol_interaction,20260910,0.35652402288788393,0.35652402288788393,0,1
weekly_global_validated,2957,2023-03-31,2023-04-10,0.0178317182396383,2023,2022-12-31,learned_vol_interaction,20260910,0.3863632737017367,0.3863632737017367,0,1
weekly_global_ungated,2902,2023-01-06,2023-01-16,0.0198447929614133,2023,2022-12-31,learned_vol_interaction,20260910,0.2579229355480302,0.2579229355480302,0,1
weekly_global_ungated,2907,2023-01-13,2023-01-30,0.0465290788350809,2023,2022-12-31,learned_vol_interaction,20260910,0.46834593067568,0.46834593067568,0,1
weekly_global_ungated,2912,2023-01-20,2023-02-06,-0.0383797057844887,2023,2022-12-31,learned_vol_interaction,20260910,0.3968582316115995,0.3968582316115995,0,0
weekly_global_ungated,2917,2023-02-03,2023-02-13,-0.0012061903149008,2023,2022-12-31,learned_vol_interaction,20260910,0.7386639107975522,0.7386639107975522,1,0
weekly_global_ungated,2922,2023-02-10,2023-02-20,-0.0143746584432821,2023,2022-12-31,learned_vol_interaction,20260910,0.3303769483660095,0.3303769483660095,0,0
weekly_global_ungated,2927,2023-02-17,2023-02-27,0.0001237636016198,2023,2022-12-31,learned_vol_interaction,20260910,0.37895686267521006,0.37895686267521006,0,1
weekly_global_ungated,2932,2023-02-24,2023-03-06,0.0224454641303217,2023,2022-12-31,learned_vol_interaction,20260910,0.6474147480213357,0.6474147480213357,1,1
weekly_global_ungated,2937,2023-03-03,2023-03-13,-0.0407900947678007,2023,2022-12-31,learned_vol_interaction,20260910,0.7530412308563522,0.7530412308563522,1,0
weekly_global_ungated,2942,2023-03-10,2023-03-20,5.0471402903706775e-06,2023,2022-12-31,learned_vol_interaction,20260910,0.5873882519994295,0.5873882519994295,1,1
weekly_global_ungated,2947,2023-03-17,2023-03-27,0.015302852124583,2023,2022-12-31,learned_vol_interaction,20260910,0.41458186592231894,0.41458186592231894,0,1
weekly_global_ungated,2952,2023-03-24,2023-04-03,0.0090274153058433,2023,2022-12-31,learned_vol_interaction,20260910,0.35652402288788393,0.35652402288788393,0,1
weekly_global_ungated,2957,2023-03-31,2023-04-10,0.0178317182396383,2023,2022-12-31,learned_vol_interaction,20260910,0.3863632737017367,0.3863632737017367,0,1
weekly_state_validated,2902,2023-01-06,2023-01-16,0.0198447929614133,2023,2022-12-31,learned_vol_interaction,20260911,0.40969442309749926,0.40969442309749926,0,1
weekly_state_validated,2907,2023-01-13,2023-01-30,0.0465290788350809,2023,2022-12-31,learned_vol_interaction,20260911,0.36456829174456845,0.36456829174456845,0,1
weekly_state_validated,2912,2023-01-20,2023-02-06,-0.0383797057844887,2023,2022-12-31,learned_vol_interaction,20260911,0.5794436004575169,0.5794436004575169,1,0
weekly_state_validated,2917,2023-02-03,2023-02-13,-0.0012061903149008,2023,2022-12-31,learned_vol_interaction,20260911,0.5514968469417321,0.5514968469417321,1,0
weekly_state_validated,2922,2023-02-10,2023-02-20,-0.0143746584432821,2023,2022-12-31,learned_vol_interaction,20260911,0.3927055424872561,0.3927055424872561,0,0
weekly_state_validated,2927,2023-02-17,2023-02-27,0.0001237636016198,2023,2022-12-31,learned_vol_interaction,20260911,0.44774683758526995,0.44774683758526995,0,1
weekly_state_validated,2932,2023-02-24,2023-03-06,0.0224454641303217,2023,2022-12-31,learned_vol_interaction,20260911,0.619096546985403,0.619096546985403,1,1
weekly_state_validated,2937,2023-03-03,2023-03-13,-0.0407900947678007,2023,2022-12-31,learned_vol_interaction,20260911,0.7361671223361639,0.7361671223361639,1,0
weekly_state_validated,2942,2023-03-10,2023-03-20,5.0471402903706775e-06,2023,2022-12-31,learned_vol_interaction,20260911,0.5923713060138441,0.5923713060138441,1,1
weekly_state_validated,2947,2023-03-17,2023-03-27,0.015302852124583,2023,2022-12-31,learned_vol_interaction,20260911,0.44129297023126407,0.44129297023126407,0,1
weekly_state_validated,2952,2023-03-24,2023-04-03,0.0090274153058433,2023,2022-12-31,learned_vol_interaction,20260911,0.48118952805584325,0.48118952805584325,0,1
weekly_state_validated,2957,2023-03-31,2023-04-10,0.0178317182396383,2023,2022-12-31,learned_vol_interaction,20260911,0.5581984383579583,0.5581984383579583,1,1
weekly_state_ungated,2902,2023-01-06,2023-01-16,0.0198447929614133,2023,2022-12-31,learned_vol_interaction,20260911,0.40969442309749926,0.40969442309749926,0,1
weekly_state_ungated,2907,2023-01-13,2023-01-30,0.0465290788350809,2023,2022-12-31,learned_vol_interaction,20260911,0.36456829174456845,0.36456829174456845,0,1
weekly_state_ungated,2912,2023-01-20,2023-02-06,-0.0383797057844887,2023,2022-12-31,learned_vol_interaction,20260911,0.5794436004575169,0.5794436004575169,1,0
weekly_state_ungated,2917,2023-02-03,2023-02-13,-0.0012061903149008,2023,2022-12-31,learned_vol_interaction,20260911,0.5514968469417321,0.5514968469417321,1,0
weekly_state_ungated,2922,2023-02-10,2023-02-20,-0.0143746584432821,2023,2022-12-31,learned_vol_interaction,20260911,0.3927055424872561,0.3927055424872561,0,0
weekly_state_ungated,2927,2023-02-17,2023-02-27,0.0001237636016198,2023,2022-12-31,learned_vol_interaction,20260911,0.44774683758526995,0.44774683758526995,0,1
weekly_state_ungated,2932,2023-02-24,2023-03-06,0.0224454641303217,2023,2022-12-31,learned_vol_interaction,20260911,0.619096546985403,0.619096546985403,1,1
weekly_state_ungated,2937,2023-03-03,2023-03-13,-0.0407900947678007,2023,2022-12-31,learned_vol_interaction,20260911,0.7361671223361639,0.7361671223361639,1,0
weekly_state_ungated,2942,2023-03-10,2023-03-20,5.0471402903706775e-06,2023,2022-12-31,learned_vol_interaction,20260911,0.5923713060138441,0.5923713060138441,1,1
weekly_state_ungated,2947,2023-03-17,2023-03-27,0.015302852124583,2023,2022-12-31,learned_vol_interaction,20260911,0.44129297023126407,0.44129297023126407,0,1
weekly_state_ungated,2952,2023-03-24,2023-04-03,0.0090274153058433,2023,2022-12-31,learned_vol_interaction,20260911,0.48118952805584325,0.48118952805584325,0,1
weekly_state_ungated,2957,2023-03-31,2023-04-10,0.0178317182396383,2023,2022-12-31,learned_vol_interaction,20260911,0.5581984383579583,0.5581984383579583,1,1
weekly_global_validated,2902,2023-01-06,2023-01-16,0.0198447929614133,2023,2022-12-31,learned_vol_interaction,20260911,0.40969442309749926,0.40969442309749926,0,1
weekly_global_validated,2907,2023-01-13,2023-01-30,0.0465290788350809,2023,2022-12-31,learned_vol_interaction,20260911,0.36456829174456845,0.36456829174456845,0,1
weekly_global_validated,2912,2023-01-20,2023-02-06,-0.0383797057844887,2023,2022-12-31,learned_vol_interaction,20260911,0.5794436004575169,0.5794436004575169,1,0
weekly_global_validated,2917,2023-02-03,2023-02-13,-0.0012061903149008,2023,2022-12-31,learned_vol_interaction,20260911,0.5514968469417321,0.5514968469417321,1,0
weekly_global_validated,2922,2023-02-10,2023-02-20,-0.0143746584432821,2023,2022-12-31,learned_vol_interaction,20260911,0.3927055424872561,0.3927055424872561,0,0
weekly_global_validated,2927,2023-02-17,2023-02-27,0.0001237636016198,2023,2022-12-31,learned_vol_interaction,20260911,0.44774683758526995,0.44774683758526995,0,1
weekly_global_validated,2932,2023-02-24,2023-03-06,0.0224454641303217,2023,2022-12-31,learned_vol_interaction,20260911,0.619096546985403,0.619096546985403,1,1
weekly_global_validated,2937,2023-03-03,2023-03-13,-0.0407900947678007,2023,2022-12-31,learned_vol_interaction,20260911,0.7361671223361639,0.7361671223361639,1,0
weekly_global_validated,2942,2023-03-10,2023-03-20,5.0471402903706775e-06,2023,2022-12-31,learned_vol_interaction,20260911,0.5923713060138441,0.5923713060138441,1,1
weekly_global_validated,2947,2023-03-17,2023-03-27,0.015302852124583,2023,2022-12-31,learned_vol_interaction,20260911,0.44129297023126407,0.44129297023126407,0,1
weekly_global_validated,2952,2023-03-24,2023-04-03,0.0090274153058433,2023,2022-12-31,learned_vol_interaction,20260911,0.48118952805584325,0.48118952805584325,0,1
weekly_global_validated,2957,2023-03-31,2023-04-10,0.0178317182396383,2023,2022-12-31,learned_vol_interaction,20260911,0.5581984383579583,0.5581984383579583,1,1
weekly_global_ungated,2902,2023-01-06,2023-01-16,0.0198447929614133,2023,2022-12-31,learned_vol_interaction,20260911,0.40969442309749926,0.40969442309749926,0,1
weekly_global_ungated,2907,2023-01-13,2023-01-30,0.0465290788350809,2023,2022-12-31,learned_vol_interaction,20260911,0.36456829174456845,0.36456829174456845,0,1
weekly_global_ungated,2912,2023-01-20,2023-02-06,-0.0383797057844887,2023,2022-12-31,learned_vol_interaction,20260911,0.5794436004575169,0.5794436004575169,1,0
weekly_global_ungated,2917,2023-02-03,2023-02-13,-0.0012061903149008,2023,2022-12-31,learned_vol_interaction,20260911,0.5514968469417321,0.5514968469417321,1,0
weekly_global_ungated,2922,2023-02-10,2023-02-20,-0.0143746584432821,2023,2022-12-31,learned_vol_interaction,20260911,0.3927055424872561,0.3927055424872561,0,0
weekly_global_ungated,2927,2023-02-17,2023-02-27,0.0001237636016198,2023,2022-12-31,learned_vol_interaction,20260911,0.44774683758526995,0.44774683758526995,0,1
weekly_global_ungated,2932,2023-02-24,2023-03-06,0.0224454641303217,2023,2022-12-31,learned_vol_interaction,20260911,0.619096546985403,0.619096546985403,1,1
weekly_global_ungated,2937,2023-03-03,2023-03-13,-0.0407900947678007,2023,2022-12-31,learned_vol_interaction,20260911,0.7361671223361639,0.7361671223361639,1,0
weekly_global_ungated,2942,2023-03-10,2023-03-20,5.0471402903706775e-06,2023,2022-12-31,learned_vol_interaction,20260911,0.5923713060138441,0.5923713060138441,1,1
weekly_global_ungated,2947,2023-03-17,2023-03-27,0.015302852124583,2023,2022-12-31,learned_vol_interaction,20260911,0.44129297023126407,0.44129297023126407,0,1
weekly_global_ungated,2952,2023-03-24,2023-04-03,0.0090274153058433,2023,2022-12-31,learned_vol_interaction,20260911,0.48118952805584325,0.48118952805584325,0,1
weekly_global_ungated,2957,2023-03-31,2023-04-10,0.0178317182396383,2023,2022-12-31,learned_vol_interaction,20260911,0.5581984383579583,0.5581984383579583,1,1
weekly_state_validated,2902,2023-01-06,2023-01-16,0.0198447929614133,2023,2022-12-31,learned_vol_interaction,20260912,0.28965659740268485,0.28965659740268485,0,1
weekly_state_validated,2907,2023-01-13,2023-01-30,0.0465290788350809,2023,2022-12-31,learned_vol_interaction,20260912,0.24376767561556023,0.24376767561556023,0,1
weekly_state_validated,2912,2023-01-20,2023-02-06,-0.0383797057844887,2023,2022-12-31,learned_vol_interaction,20260912,0.7144269683090918,0.7144269683090918,1,0
weekly_state_validated,2917,2023-02-03,2023-02-13,-0.0012061903149008,2023,2022-12-31,learned_vol_interaction,20260912,0.48449097695552545,0.48449097695552545,0,0
weekly_state_validated,2922,2023-02-10,2023-02-20,-0.0143746584432821,2023,2022-12-31,learned_vol_interaction,20260912,0.24568395555451436,0.24568395555451436,0,0
weekly_state_validated,2927,2023-02-17,2023-02-27,0.0001237636016198,2023,2022-12-31,learned_vol_interaction,20260912,0.4043340500782045,0.4043340500782045,0,1
weekly_state_validated,2932,2023-02-24,2023-03-06,0.0224454641303217,2023,2022-12-31,learned_vol_interaction,20260912,0.7237644100552868,0.7237644100552868,1,1
weekly_state_validated,2937,2023-03-03,2023-03-13,-0.0407900947678007,2023,2022-12-31,learned_vol_interaction,20260912,0.5909800662310533,0.5909800662310533,1,0
weekly_state_validated,2942,2023-03-10,2023-03-20,5.0471402903706775e-06,2023,2022-12-31,learned_vol_interaction,20260912,0.42073806711796297,0.42073806711796297,0,1
weekly_state_validated,2947,2023-03-17,2023-03-27,0.015302852124583,2023,2022-12-31,learned_vol_interaction,20260912,0.29115877511006416,0.29115877511006416,0,1
weekly_state_validated,2952,2023-03-24,2023-04-03,0.0090274153058433,2023,2022-12-31,learned_vol_interaction,20260912,0.5529999746105244,0.5529999746105244,1,1
weekly_state_validated,2957,2023-03-31,2023-04-10,0.0178317182396383,2023,2022-12-31,learned_vol_interaction,20260912,0.632100803954458,0.632100803954458,1,1
weekly_state_ungated,2902,2023-01-06,2023-01-16,0.0198447929614133,2023,2022-12-31,learned_vol_interaction,20260912,0.28965659740268485,0.28965659740268485,0,1
weekly_state_ungated,2907,2023-01-13,2023-01-30,0.0465290788350809,2023,2022-12-31,learned_vol_interaction,20260912,0.24376767561556023,0.24376767561556023,0,1
weekly_state_ungated,2912,2023-01-20,2023-02-06,-0.0383797057844887,2023,2022-12-31,learned_vol_interaction,20260912,0.7144269683090918,0.7144269683090918,1,0
weekly_state_ungated,2917,2023-02-03,2023-02-13,-0.0012061903149008,2023,2022-12-31,learned_vol_interaction,20260912,0.48449097695552545,0.48449097695552545,0,0
weekly_state_ungated,2922,2023-02-10,2023-02-20,-0.0143746584432821,2023,2022-12-31,learned_vol_interaction,20260912,0.24568395555451436,0.24568395555451436,0,0
weekly_state_ungated,2927,2023-02-17,2023-02-27,0.0001237636016198,2023,2022-12-31,learned_vol_interaction,20260912,0.4043340500782045,0.4043340500782045,0,1
weekly_state_ungated,2932,2023-02-24,2023-03-06,0.0224454641303217,2023,2022-12-31,learned_vol_interaction,20260912,0.7237644100552868,0.7237644100552868,1,1
weekly_state_ungated,2937,2023-03-03,2023-03-13,-0.0407900947678007,2023,2022-12-31,learned_vol_interaction,20260912,0.5909800662310533,0.5909800662310533,1,0
weekly_state_ungated,2942,2023-03-10,2023-03-20,5.0471402903706775e-06,2023,2022-12-31,learned_vol_interaction,20260912,0.42073806711796297,0.42073806711796297,0,1
weekly_state_ungated,2947,2023-03-17,2023-03-27,0.015302852124583,2023,2022-12-31,learned_vol_interaction,20260912,0.29115877511006416,0.29115877511006416,0,1
weekly_state_ungated,2952,2023-03-24,2023-04-03,0.0090274153058433,2023,2022-12-31,learned_vol_interaction,20260912,0.5529999746105244,0.5529999746105244,1,1
weekly_state_ungated,2957,2023-03-31,2023-04-10,0.0178317182396383,2023,2022-12-31,learned_vol_interaction,20260912,0.632100803954458,0.632100803954458,1,1
weekly_global_validated,2902,2023-01-06,2023-01-16,0.0198447929614133,2023,2022-12-31,learned_vol_interaction,20260912,0.28965659740268485,0.28965659740268485,0,1
weekly_global_validated,2907,2023-01-13,2023-01-30,0.0465290788350809,2023,2022-12-31,learned_vol_interaction,20260912,0.24376767561556023,0.24376767561556023,0,1
weekly_global_validated,2912,2023-01-20,2023-02-06,-0.0383797057844887,2023,2022-12-31,learned_vol_interaction,20260912,0.7144269683090918,0.7144269683090918,1,0
weekly_global_validated,2917,2023-02-03,2023-02-13,-0.0012061903149008,2023,2022-12-31,learned_vol_interaction,20260912,0.48449097695552545,0.48449097695552545,0,0
weekly_global_validated,2922,2023-02-10,2023-02-20,-0.0143746584432821,2023,2022-12-31,learned_vol_interaction,20260912,0.24568395555451436,0.24568395555451436,0,0
weekly_global_validated,2927,2023-02-17,2023-02-27,0.0001237636016198,2023,2022-12-31,learned_vol_interaction,20260912,0.4043340500782045,0.4043340500782045,0,1
weekly_global_validated,2932,2023-02-24,2023-03-06,0.0224454641303217,2023,2022-12-31,learned_vol_interaction,20260912,0.7237644100552868,0.7237644100552868,1,1
weekly_global_validated,2937,2023-03-03,2023-03-13,-0.0407900947678007,2023,2022-12-31,learned_vol_interaction,20260912,0.5909800662310533,0.5909800662310533,1,0
weekly_global_validated,2942,2023-03-10,2023-03-20,5.0471402903706775e-06,2023,2022-12-31,learned_vol_interaction,20260912,0.42073806711796297,0.42073806711796297,0,1
weekly_global_validated,2947,2023-03-17,2023-03-27,0.015302852124583,2023,2022-12-31,learned_vol_interaction,20260912,0.29115877511006416,0.29115877511006416,0,1
weekly_global_validated,2952,2023-03-24,2023-04-03,0.0090274153058433,2023,2022-12-31,learned_vol_interaction,20260912,0.5529999746105244,0.5529999746105244,1,1
weekly_global_validated,2957,2023-03-31,2023-04-10,0.0178317182396383,2023,2022-12-31,learned_vol_interaction,20260912,0.632100803954458,0.632100803954458,1,1
weekly_global_ungated,2902,2023-01-06,2023-01-16,0.0198447929614133,2023,2022-12-31,learned_vol_interaction,20260912,0.28965659740268485,0.28965659740268485,0,1
weekly_global_ungated,2907,2023-01-13,2023-01-30,0.0465290788350809,2023,2022-12-31,learned_vol_interaction,20260912,0.24376767561556023,0.24376767561556023,0,1
weekly_global_ungated,2912,2023-01-20,2023-02-06,-0.0383797057844887,2023,2022-12-31,learned_vol_interaction,20260912,0.7144269683090918,0.7144269683090918,1,0
weekly_global_ungated,2917,2023-02-03,2023-02-13,-0.0012061903149008,2023,2022-12-31,learned_vol_interaction,20260912,0.48449097695552545,0.48449097695552545,0,0
weekly_global_ungated,2922,2023-02-10,2023-02-20,-0.0143746584432821,2023,2022-12-31,learned_vol_interaction,20260912,0.24568395555451436,0.24568395555451436,0,0
weekly_global_ungated,2927,2023-02-17,2023-02-27,0.0001237636016198,2023,2022-12-31,learned_vol_interaction,20260912,0.4043340500782045,0.4043340500782045,0,1
weekly_global_ungated,2932,2023-02-24,2023-03-06,0.0224454641303217,2023,2022-12-31,learned_vol_interaction,20260912,0.7237644100552868,0.7237644100552868,1,1
weekly_global_ungated,2937,2023-03-03,2023-03-13,-0.0407900947678007,2023,2022-12-31,learned_vol_interaction,20260912,0.5909800662310533,0.5909800662310533,1,0
weekly_global_ungated,2942,2023-03-10,2023-03-20,5.0471402903706775e-06,2023,2022-12-31,learned_vol_interaction,20260912,0.42073806711796297,0.42073806711796297,0,1
weekly_global_ungated,2947,2023-03-17,2023-03-27,0.015302852124583,2023,2022-12-31,learned_vol_interaction,20260912,0.29115877511006416,0.29115877511006416,0,1
weekly_global_ungated,2952,2023-03-24,2023-04-03,0.0090274153058433,2023,2022-12-31,learned_vol_interaction,20260912,0.5529999746105244,0.5529999746105244,1,1
weekly_global_ungated,2957,2023-03-31,2023-04-10,0.0178317182396383,2023,2022-12-31,learned_vol_interaction,20260912,0.632100803954458,0.632100803954458,1,1
weekly_state_validated,2902,2023-01-06,2023-01-16,0.0198447929614133,2023,2022-12-31,learned_order_extension,20260910,0.2943161630816726,0.2943161630816726,0,1
weekly_state_validated,2907,2023-01-13,2023-01-30,0.0465290788350809,2023,2022-12-31,learned_order_extension,20260910,0.46027187341536235,0.46027187341536235,0,1
weekly_state_validated,2912,2023-01-20,2023-02-06,-0.0383797057844887,2023,2022-12-31,learned_order_extension,20260910,0.3872152058090037,0.3872152058090037,0,0
weekly_state_validated,2917,2023-02-03,2023-02-13,-0.0012061903149008,2023,2022-12-31,learned_order_extension,20260910,0.7087431108814826,0.7087431108814826,1,0
weekly_state_validated,2922,2023-02-10,2023-02-20,-0.0143746584432821,2023,2022-12-31,learned_order_extension,20260910,0.33420380659580207,0.33420380659580207,0,0
weekly_state_validated,2927,2023-02-17,2023-02-27,0.0001237636016198,2023,2022-12-31,learned_order_extension,20260910,0.37695809393703467,0.37695809393703467,0,1
weekly_state_validated,2932,2023-02-24,2023-03-06,0.0224454641303217,2023,2022-12-31,learned_order_extension,20260910,0.6504979423759706,0.6504979423759706,1,1
weekly_state_validated,2937,2023-03-03,2023-03-13,-0.0407900947678007,2023,2022-12-31,learned_order_extension,20260910,0.7451391997229981,0.7451391997229981,1,0
weekly_state_validated,2942,2023-03-10,2023-03-20,5.0471402903706775e-06,2023,2022-12-31,learned_order_extension,20260910,0.5807717243209339,0.5807717243209339,1,1
weekly_state_validated,2947,2023-03-17,2023-03-27,0.015302852124583,2023,2022-12-31,learned_order_extension,20260910,0.4261400351912486,0.4261400351912486,0,1
weekly_state_validated,2952,2023-03-24,2023-04-03,0.0090274153058433,2023,2022-12-31,learned_order_extension,20260910,0.35549705087245137,0.35549705087245137,0,1
weekly_state_validated,2957,2023-03-31,2023-04-10,0.0178317182396383,2023,2022-12-31,learned_order_extension,20260910,0.38561638910546875,0.38561638910546875,0,1
weekly_state_ungated,2902,2023-01-06,2023-01-16,0.0198447929614133,2023,2022-12-31,learned_order_extension,20260910,0.2943161630816726,0.2943161630816726,0,1
weekly_state_ungated,2907,2023-01-13,2023-01-30,0.0465290788350809,2023,2022-12-31,learned_order_extension,20260910,0.46027187341536235,0.46027187341536235,0,1
weekly_state_ungated,2912,2023-01-20,2023-02-06,-0.0383797057844887,2023,2022-12-31,learned_order_extension,20260910,0.3872152058090037,0.3872152058090037,0,0
weekly_state_ungated,2917,2023-02-03,2023-02-13,-0.0012061903149008,2023,2022-12-31,learned_order_extension,20260910,0.7087431108814826,0.7087431108814826,1,0
weekly_state_ungated,2922,2023-02-10,2023-02-20,-0.0143746584432821,2023,2022-12-31,learned_order_extension,20260910,0.33420380659580207,0.33420380659580207,0,0
weekly_state_ungated,2927,2023-02-17,2023-02-27,0.0001237636016198,2023,2022-12-31,learned_order_extension,20260910,0.37695809393703467,0.37695809393703467,0,1
weekly_state_ungated,2932,2023-02-24,2023-03-06,0.0224454641303217,2023,2022-12-31,learned_order_extension,20260910,0.6504979423759706,0.6504979423759706,1,1
weekly_state_ungated,2937,2023-03-03,2023-03-13,-0.0407900947678007,2023,2022-12-31,learned_order_extension,20260910,0.7451391997229981,0.7451391997229981,1,0
weekly_state_ungated,2942,2023-03-10,2023-03-20,5.0471402903706775e-06,2023,2022-12-31,learned_order_extension,20260910,0.5807717243209339,0.5807717243209339,1,1
weekly_state_ungated,2947,2023-03-17,2023-03-27,0.015302852124583,2023,2022-12-31,learned_order_extension,20260910,0.4261400351912486,0.4261400351912486,0,1
weekly_state_ungated,2952,2023-03-24,2023-04-03,0.0090274153058433,2023,2022-12-31,learned_order_extension,20260910,0.35549705087245137,0.35549705087245137,0,1
weekly_state_ungated,2957,2023-03-31,2023-04-10,0.0178317182396383,2023,2022-12-31,learned_order_extension,20260910,0.38561638910546875,0.38561638910546875,0,1
weekly_global_validated,2902,2023-01-06,2023-01-16,0.0198447929614133,2023,2022-12-31,learned_order_extension,20260910,0.2943161630816726,0.2943161630816726,0,1
weekly_global_validated,2907,2023-01-13,2023-01-30,0.0465290788350809,2023,2022-12-31,learned_order_extension,20260910,0.46027187341536235,0.46027187341536235,0,1
weekly_global_validated,2912,2023-01-20,2023-02-06,-0.0383797057844887,2023,2022-12-31,learned_order_extension,20260910,0.3872152058090037,0.3872152058090037,0,0
weekly_global_validated,2917,2023-02-03,2023-02-13,-0.0012061903149008,2023,2022-12-31,learned_order_extension,20260910,0.7087431108814826,0.7087431108814826,1,0
weekly_global_validated,2922,2023-02-10,2023-02-20,-0.0143746584432821,2023,2022-12-31,learned_order_extension,20260910,0.33420380659580207,0.33420380659580207,0,0
weekly_global_validated,2927,2023-02-17,2023-02-27,0.0001237636016198,2023,2022-12-31,learned_order_extension,20260910,0.37695809393703467,0.37695809393703467,0,1
weekly_global_validated,2932,2023-02-24,2023-03-06,0.0224454641303217,2023,2022-12-31,learned_order_extension,20260910,0.6504979423759706,0.6504979423759706,1,1
weekly_global_validated,2937,2023-03-03,2023-03-13,-0.0407900947678007,2023,2022-12-31,learned_order_extension,20260910,0.7451391997229981,0.7451391997229981,1,0
weekly_global_validated,2942,2023-03-10,2023-03-20,5.0471402903706775e-06,2023,2022-12-31,learned_order_extension,20260910,0.5807717243209339,0.5807717243209339,1,1
weekly_global_validated,2947,2023-03-17,2023-03-27,0.015302852124583,2023,2022-12-31,learned_order_extension,20260910,0.4261400351912486,0.4261400351912486,0,1
weekly_global_validated,2952,2023-03-24,2023-04-03,0.0090274153058433,2023,2022-12-31,learned_order_extension,20260910,0.35549705087245137,0.35549705087245137,0,1
weekly_global_validated,2957,2023-03-31,2023-04-10,0.0178317182396383,2023,2022-12-31,learned_order_extension,20260910,0.38561638910546875,0.38561638910546875,0,1
weekly_global_ungated,2902,2023-01-06,2023-01-16,0.0198447929614133,2023,2022-12-31,learned_order_extension,20260910,0.2943161630816726,0.2943161630816726,0,1
weekly_global_ungated,2907,2023-01-13,2023-01-30,0.0465290788350809,2023,2022-12-31,learned_order_extension,20260910,0.46027187341536235,0.46027187341536235,0,1
weekly_global_ungated,2912,2023-01-20,2023-02-06,-0.0383797057844887,2023,2022-12-31,learned_order_extension,20260910,0.3872152058090037,0.3872152058090037,0,0
weekly_global_ungated,2917,2023-02-03,2023-02-13,-0.0012061903149008,2023,2022-12-31,learned_order_extension,20260910,0.7087431108814826,0.7087431108814826,1,0
weekly_global_ungated,2922,2023-02-10,2023-02-20,-0.0143746584432821,2023,2022-12-31,learned_order_extension,20260910,0.33420380659580207,0.33420380659580207,0,0
weekly_global_ungated,2927,2023-02-17,2023-02-27,0.0001237636016198,2023,2022-12-31,learned_order_extension,20260910,0.37695809393703467,0.37695809393703467,0,1
weekly_global_ungated,2932,2023-02-24,2023-03-06,0.0224454641303217,2023,2022-12-31,learned_order_extension,20260910,0.6504979423759706,0.6504979423759706,1,1
weekly_global_ungated,2937,2023-03-03,2023-03-13,-0.0407900947678007,2023,2022-12-31,learned_order_extension,20260910,0.7451391997229981,0.7451391997229981,1,0
weekly_global_ungated,2942,2023-03-10,2023-03-20,5.0471402903706775e-06,2023,2022-12-31,learned_order_extension,20260910,0.5807717243209339,0.5807717243209339,1,1
weekly_global_ungated,2947,2023-03-17,2023-03-27,0.015302852124583,2023,2022-12-31,learned_order_extension,20260910,0.4261400351912486,0.4261400351912486,0,1
weekly_global_ungated,2952,2023-03-24,2023-04-03,0.0090274153058433,2023,2022-12-31,learned_order_extension,20260910,0.35549705087245137,0.35549705087245137,0,1
weekly_global_ungated,2957,2023-03-31,2023-04-10,0.0178317182396383,2023,2022-12-31,learned_order_extension,20260910,0.38561638910546875,0.38561638910546875,0,1
weekly_state_validated,2902,2023-01-06,2023-01-16,0.0198447929614133,2023,2022-12-31,learned_order_extension,20260911,0.4111458737354107,0.4111458737354107,0,1
weekly_state_validated,2907,2023-01-13,2023-01-30,0.0465290788350809,2023,2022-12-31,learned_order_extension,20260911,0.36472782557647304,0.36472782557647304,0,1
weekly_state_validated,2912,2023-01-20,2023-02-06,-0.0383797057844887,2023,2022-12-31,learned_order_extension,20260911,0.5780473136480286,0.5780473136480286,1,0
weekly_state_validated,2917,2023-02-03,2023-02-13,-0.0012061903149008,2023,2022-12-31,learned_order_extension,20260911,0.5514322848293292,0.5514322848293292,1,0
weekly_state_validated,2922,2023-02-10,2023-02-20,-0.0143746584432821,2023,2022-12-31,learned_order_extension,20260911,0.3920291907474336,0.3920291907474336,0,0
weekly_state_validated,2927,2023-02-17,2023-02-27,0.0001237636016198,2023,2022-12-31,learned_order_extension,20260911,0.4473244932999703,0.4473244932999703,0,1
weekly_state_validated,2932,2023-02-24,2023-03-06,0.0224454641303217,2023,2022-12-31,learned_order_extension,20260911,0.6194433589464242,0.6194433589464242,1,1
weekly_state_validated,2937,2023-03-03,2023-03-13,-0.0407900947678007,2023,2022-12-31,learned_order_extension,20260911,0.7367440693214489,0.7367440693214489,1,0
weekly_state_validated,2942,2023-03-10,2023-03-20,5.0471402903706775e-06,2023,2022-12-31,learned_order_extension,20260911,0.5926520405957385,0.5926520405957385,1,1
weekly_state_validated,2947,2023-03-17,2023-03-27,0.015302852124583,2023,2022-12-31,learned_order_extension,20260911,0.44150652320643097,0.44150652320643097,0,1
weekly_state_validated,2952,2023-03-24,2023-04-03,0.0090274153058433,2023,2022-12-31,learned_order_extension,20260911,0.4806406899115495,0.4806406899115495,0,1
weekly_state_validated,2957,2023-03-31,2023-04-10,0.0178317182396383,2023,2022-12-31,learned_order_extension,20260911,0.5564015664237618,0.5564015664237618,1,1
weekly_state_ungated,2902,2023-01-06,2023-01-16,0.0198447929614133,2023,2022-12-31,learned_order_extension,20260911,0.4111458737354107,0.4111458737354107,0,1
weekly_state_ungated,2907,2023-01-13,2023-01-30,0.0465290788350809,2023,2022-12-31,learned_order_extension,20260911,0.36472782557647304,0.36472782557647304,0,1
weekly_state_ungated,2912,2023-01-20,2023-02-06,-0.0383797057844887,2023,2022-12-31,learned_order_extension,20260911,0.5780473136480286,0.5780473136480286,1,0
weekly_state_ungated,2917,2023-02-03,2023-02-13,-0.0012061903149008,2023,2022-12-31,learned_order_extension,20260911,0.5514322848293292,0.5514322848293292,1,0
weekly_state_ungated,2922,2023-02-10,2023-02-20,-0.0143746584432821,2023,2022-12-31,learned_order_extension,20260911,0.3920291907474336,0.3920291907474336,0,0
weekly_state_ungated,2927,2023-02-17,2023-02-27,0.0001237636016198,2023,2022-12-31,learned_order_extension,20260911,0.4473244932999703,0.4473244932999703,0,1
weekly_state_ungated,2932,2023-02-24,2023-03-06,0.0224454641303217,2023,2022-12-31,learned_order_extension,20260911,0.6194433589464242,0.6194433589464242,1,1
weekly_state_ungated,2937,2023-03-03,2023-03-13,-0.0407900947678007,2023,2022-12-31,learned_order_extension,20260911,0.7367440693214489,0.7367440693214489,1,0
weekly_state_ungated,2942,2023-03-10,2023-03-20,5.0471402903706775e-06,2023,2022-12-31,learned_order_extension,20260911,0.5926520405957385,0.5926520405957385,1,1
weekly_state_ungated,2947,2023-03-17,2023-03-27,0.015302852124583,2023,2022-12-31,learned_order_extension,20260911,0.44150652320643097,0.44150652320643097,0,1
weekly_state_ungated,2952,2023-03-24,2023-04-03,0.0090274153058433,2023,2022-12-31,learned_order_extension,20260911,0.4806406899115495,0.4806406899115495,0,1
weekly_state_ungated,2957,2023-03-31,2023-04-10,0.0178317182396383,2023,2022-12-31,learned_order_extension,20260911,0.5564015664237618,0.5564015664237618,1,1
weekly_global_validated,2902,2023-01-06,2023-01-16,0.0198447929614133,2023,2022-12-31,learned_order_extension,20260911,0.4111458737354107,0.4111458737354107,0,1
weekly_global_validated,2907,2023-01-13,2023-01-30,0.0465290788350809,2023,2022-12-31,learned_order_extension,20260911,0.36472782557647304,0.36472782557647304,0,1
weekly_global_validated,2912,2023-01-20,2023-02-06,-0.0383797057844887,2023,2022-12-31,learned_order_extension,20260911,0.5780473136480286,0.5780473136480286,1,0
weekly_global_validated,2917,2023-02-03,2023-02-13,-0.0012061903149008,2023,2022-12-31,learned_order_extension,20260911,0.5514322848293292,0.5514322848293292,1,0
weekly_global_validated,2922,2023-02-10,2023-02-20,-0.0143746584432821,2023,2022-12-31,learned_order_extension,20260911,0.3920291907474336,0.3920291907474336,0,0
weekly_global_validated,2927,2023-02-17,2023-02-27,0.0001237636016198,2023,2022-12-31,learned_order_extension,20260911,0.4473244932999703,0.4473244932999703,0,1
weekly_global_validated,2932,2023-02-24,2023-03-06,0.0224454641303217,2023,2022-12-31,learned_order_extension,20260911,0.6194433589464242,0.6194433589464242,1,1
weekly_global_validated,2937,2023-03-03,2023-03-13,-0.0407900947678007,2023,2022-12-31,learned_order_extension,20260911,0.7367440693214489,0.7367440693214489,1,0
weekly_global_validated,2942,2023-03-10,2023-03-20,5.0471402903706775e-06,2023,2022-12-31,learned_order_extension,20260911,0.5926520405957385,0.5926520405957385,1,1
weekly_global_validated,2947,2023-03-17,2023-03-27,0.015302852124583,2023,2022-12-31,learned_order_extension,20260911,0.44150652320643097,0.44150652320643097,0,1
weekly_global_validated,2952,2023-03-24,2023-04-03,0.0090274153058433,2023,2022-12-31,learned_order_extension,20260911,0.4806406899115495,0.4806406899115495,0,1
weekly_global_validated,2957,2023-03-31,2023-04-10,0.0178317182396383,2023,2022-12-31,learned_order_extension,20260911,0.5564015664237618,0.5564015664237618,1,1
weekly_global_ungated,2902,2023-01-06,2023-01-16,0.0198447929614133,2023,2022-12-31,learned_order_extension,20260911,0.4111458737354107,0.4111458737354107,0,1
weekly_global_ungated,2907,2023-01-13,2023-01-30,0.0465290788350809,2023,2022-12-31,learned_order_extension,20260911,0.36472782557647304,0.36472782557647304,0,1
weekly_global_ungated,2912,2023-01-20,2023-02-06,-0.0383797057844887,2023,2022-12-31,learned_order_extension,20260911,0.5780473136480286,0.5780473136480286,1,0
weekly_global_ungated,2917,2023-02-03,2023-02-13,-0.0012061903149008,2023,2022-12-31,learned_order_extension,20260911,0.5514322848293292,0.5514322848293292,1,0
weekly_global_ungated,2922,2023-02-10,2023-02-20,-0.0143746584432821,2023,2022-12-31,learned_order_extension,20260911,0.3920291907474336,0.3920291907474336,0,0
weekly_global_ungated,2927,2023-02-17,2023-02-27,0.0001237636016198,2023,2022-12-31,learned_order_extension,20260911,0.4473244932999703,0.4473244932999703,0,1
weekly_global_ungated,2932,2023-02-24,2023-03-06,0.0224454641303217,2023,2022-12-31,learned_order_extension,20260911,0.6194433589464242,0.6194433589464242,1,1
weekly_global_ungated,2937,2023-03-03,2023-03-13,-0.0407900947678007,2023,2022-12-31,learned_order_extension,20260911,0.7367440693214489,0.7367440693214489,1,0
weekly_global_ungated,2942,2023-03-10,2023-03-20,5.0471402903706775e-06,2023,2022-12-31,learned_order_extension,20260911,0.5926520405957385,0.5926520405957385,1,1
weekly_global_ungated,2947,2023-03-17,2023-03-27,0.015302852124583,2023,2022-12-31,learned_order_extension,20260911,0.44150652320643097,0.44150652320643097,0,1
weekly_global_ungated,2952,2023-03-24,2023-04-03,0.0090274153058433,2023,2022-12-31,learned_order_extension,20260911,0.4806406899115495,0.4806406899115495,0,1
weekly_global_ungated,2957,2023-03-31,2023-04-10,0.0178317182396383,2023,2022-12-31,learned_order_extension,20260911,0.5564015664237618,0.5564015664237618,1,1
weekly_state_validated,2902,2023-01-06,2023-01-16,0.0198447929614133,2023,2022-12-31,learned_order_extension,20260912,0.3320870087441045,0.3320870087441045,0,1
weekly_state_validated,2907,2023-01-13,2023-01-30,0.0465290788350809,2023,2022-12-31,learned_order_extension,20260912,0.27988954900977053,0.27988954900977053,0,1
weekly_state_validated,2912,2023-01-20,2023-02-06,-0.0383797057844887,2023,2022-12-31,learned_order_extension,20260912,0.6620064456911843,0.6620064456911843,1,0
weekly_state_validated,2917,2023-02-03,2023-02-13,-0.0012061903149008,2023,2022-12-31,learned_order_extension,20260912,0.47399209037220413,0.47399209037220413,0,0
weekly_state_validated,2922,2023-02-10,2023-02-20,-0.0143746584432821,2023,2022-12-31,learned_order_extension,20260912,0.24616016767148868,0.24616016767148868,0,0
weekly_state_validated,2927,2023-02-17,2023-02-27,0.0001237636016198,2023,2022-12-31,learned_order_extension,20260912,0.39614793530843245,0.39614793530843245,0,1
weekly_state_validated,2932,2023-02-24,2023-03-06,0.0224454641303217,2023,2022-12-31,learned_order_extension,20260912,0.7129289281429624,0.7129289281429624,1,1
weekly_state_validated,2937,2023-03-03,2023-03-13,-0.0407900947678007,2023,2022-12-31,learned_order_extension,20260912,0.5872179709776264,0.5872179709776264,1,0
weekly_state_validated,2942,2023-03-10,2023-03-20,5.0471402903706775e-06,2023,2022-12-31,learned_order_extension,20260912,0.45917963346836393,0.45917963346836393,0,1
weekly_state_validated,2947,2023-03-17,2023-03-27,0.015302852124583,2023,2022-12-31,learned_order_extension,20260912,0.3321757909492291,0.3321757909492291,0,1
weekly_state_validated,2952,2023-03-24,2023-04-03,0.0090274153058433,2023,2022-12-31,learned_order_extension,20260912,0.5428268381901444,0.5428268381901444,1,1
weekly_state_validated,2957,2023-03-31,2023-04-10,0.0178317182396383,2023,2022-12-31,learned_order_extension,20260912,0.5750765947333518,0.5750765947333518,1,1
weekly_state_ungated,2902,2023-01-06,2023-01-16,0.0198447929614133,2023,2022-12-31,learned_order_extension,20260912,0.3320870087441045,0.3320870087441045,0,1
weekly_state_ungated,2907,2023-01-13,2023-01-30,0.0465290788350809,2023,2022-12-31,learned_order_extension,20260912,0.27988954900977053,0.27988954900977053,0,1
weekly_state_ungated,2912,2023-01-20,2023-02-06,-0.0383797057844887,2023,2022-12-31,learned_order_extension,20260912,0.6620064456911843,0.6620064456911843,1,0
weekly_state_ungated,2917,2023-02-03,2023-02-13,-0.0012061903149008,2023,2022-12-31,learned_order_extension,20260912,0.47399209037220413,0.47399209037220413,0,0
weekly_state_ungated,2922,2023-02-10,2023-02-20,-0.0143746584432821,2023,2022-12-31,learned_order_extension,20260912,0.24616016767148868,0.24616016767148868,0,0
weekly_state_ungated,2927,2023-02-17,2023-02-27,0.0001237636016198,2023,2022-12-31,learned_order_extension,20260912,0.39614793530843245,0.39614793530843245,0,1
weekly_state_ungated,2932,2023-02-24,2023-03-06,0.0224454641303217,2023,2022-12-31,learned_order_extension,20260912,0.7129289281429624,0.7129289281429624,1,1
weekly_state_ungated,2937,2023-03-03,2023-03-13,-0.0407900947678007,2023,2022-12-31,learned_order_extension,20260912,0.5872179709776264,0.5872179709776264,1,0
weekly_state_ungated,2942,2023-03-10,2023-03-20,5.0471402903706775e-06,2023,2022-12-31,learned_order_extension,20260912,0.45917963346836393,0.45917963346836393,0,1
weekly_state_ungated,2947,2023-03-17,2023-03-27,0.015302852124583,2023,2022-12-31,learned_order_extension,20260912,0.3321757909492291,0.3321757909492291,0,1
weekly_state_ungated,2952,2023-03-24,2023-04-03,0.0090274153058433,2023,2022-12-31,learned_order_extension,20260912,0.5428268381901444,0.5428268381901444,1,1
weekly_state_ungated,2957,2023-03-31,2023-04-10,0.0178317182396383,2023,2022-12-31,learned_order_extension,20260912,0.5750765947333518,0.5750765947333518,1,1
weekly_global_validated,2902,2023-01-06,2023-01-16,0.0198447929614133,2023,2022-12-31,learned_order_extension,20260912,0.3320870087441045,0.3320870087441045,0,1
weekly_global_validated,2907,2023-01-13,2023-01-30,0.0465290788350809,2023,2022-12-31,learned_order_extension,20260912,0.27988954900977053,0.27988954900977053,0,1
weekly_global_validated,2912,2023-01-20,2023-02-06,-0.0383797057844887,2023,2022-12-31,learned_order_extension,20260912,0.6620064456911843,0.6620064456911843,1,0
weekly_global_validated,2917,2023-02-03,2023-02-13,-0.0012061903149008,2023,2022-12-31,learned_order_extension,20260912,0.47399209037220413,0.47399209037220413,0,0
weekly_global_validated,2922,2023-02-10,2023-02-20,-0.0143746584432821,2023,2022-12-31,learned_order_extension,20260912,0.24616016767148868,0.24616016767148868,0,0
weekly_global_validated,2927,2023-02-17,2023-02-27,0.0001237636016198,2023,2022-12-31,learned_order_extension,20260912,0.39614793530843245,0.39614793530843245,0,1
weekly_global_validated,2932,2023-02-24,2023-03-06,0.0224454641303217,2023,2022-12-31,learned_order_extension,20260912,0.7129289281429624,0.7129289281429624,1,1
weekly_global_validated,2937,2023-03-03,2023-03-13,-0.0407900947678007,2023,2022-12-31,learned_order_extension,20260912,0.5872179709776264,0.5872179709776264,1,0
weekly_global_validated,2942,2023-03-10,2023-03-20,5.0471402903706775e-06,2023,2022-12-31,learned_order_extension,20260912,0.45917963346836393,0.45917963346836393,0,1
weekly_global_validated,2947,2023-03-17,2023-03-27,0.015302852124583,2023,2022-12-31,learned_order_extension,20260912,0.3321757909492291,0.3321757909492291,0,1
weekly_global_validated,2952,2023-03-24,2023-04-03,0.0090274153058433,2023,2022-12-31,learned_order_extension,20260912,0.5428268381901444,0.5428268381901444,1,1
weekly_global_validated,2957,2023-03-31,2023-04-10,0.0178317182396383,2023,2022-12-31,learned_order_extension,20260912,0.5750765947333518,0.5750765947333518,1,1
weekly_global_ungated,2902,2023-01-06,2023-01-16,0.0198447929614133,2023,2022-12-31,learned_order_extension,20260912,0.3320870087441045,0.3320870087441045,0,1
weekly_global_ungated,2907,2023-01-13,2023-01-30,0.0465290788350809,2023,2022-12-31,learned_order_extension,20260912,0.27988954900977053,0.27988954900977053,0,1
weekly_global_ungated,2912,2023-01-20,2023-02-06,-0.0383797057844887,2023,2022-12-31,learned_order_extension,20260912,0.6620064456911843,0.6620064456911843,1,0
weekly_global_ungated,2917,2023-02-03,2023-02-13,-0.0012061903149008,2023,2022-12-31,learned_order_extension,20260912,0.47399209037220413,0.47399209037220413,0,0
weekly_global_ungated,2922,2023-02-10,2023-02-20,-0.0143746584432821,2023,2022-12-31,learned_order_extension,20260912,0.24616016767148868,0.24616016767148868,0,0
weekly_global_ungated,2927,2023-02-17,2023-02-27,0.0001237636016198,2023,2022-12-31,learned_order_extension,20260912,0.39614793530843245,0.39614793530843245,0,1
weekly_global_ungated,2932,2023-02-24,2023-03-06,0.0224454641303217,2023,2022-12-31,learned_order_extension,20260912,0.7129289281429624,0.7129289281429624,1,1
weekly_global_ungated,2937,2023-03-03,2023-03-13,-0.0407900947678007,2023,2022-12-31,learned_order_extension,20260912,0.5872179709776264,0.5872179709776264,1,0
weekly_global_ungated,2942,2023-03-10,2023-03-20,5.0471402903706775e-06,2023,2022-12-31,learned_order_extension,20260912,0.45917963346836393,0.45917963346836393,0,1
weekly_global_ungated,2947,2023-03-17,2023-03-27,0.015302852124583,2023,2022-12-31,learned_order_extension,20260912,0.3321757909492291,0.3321757909492291,0,1
weekly_global_ungated,2952,2023-03-24,2023-04-03,0.0090274153058433,2023,2022-12-31,learned_order_extension,20260912,0.5428268381901444,0.5428268381901444,1,1
weekly_global_ungated,2957,2023-03-31,2023-04-10,0.0178317182396383,2023,2022-12-31,learned_order_extension,20260912,0.5750765947333518,0.5750765947333518,1,1
weekly_state_validated,2902,2023-01-06,2023-01-16,0.0198447929614133,2023,2022-12-31,learned_order_offset,20260910,0.29436491679511234,0.29436491679511234,0,1
weekly_state_validated,2907,2023-01-13,2023-01-30,0.0465290788350809,2023,2022-12-31,learned_order_offset,20260910,0.45922844261203544,0.45922844261203544,0,1
weekly_state_validated,2912,2023-01-20,2023-02-06,-0.0383797057844887,2023,2022-12-31,learned_order_offset,20260910,0.3863007910171924,0.3863007910171924,0,0
weekly_state_validated,2917,2023-02-03,2023-02-13,-0.0012061903149008,2023,2022-12-31,learned_order_offset,20260910,0.708109906191393,0.708109906191393,1,0
weekly_state_validated,2922,2023-02-10,2023-02-20,-0.0143746584432821,2023,2022-12-31,learned_order_offset,20260910,0.3342356424663725,0.3342356424663725,0,0
weekly_state_validated,2927,2023-02-17,2023-02-27,0.0001237636016198,2023,2022-12-31,learned_order_offset,20260910,0.3768936129162209,0.3768936129162209,0,1
weekly_state_validated,2932,2023-02-24,2023-03-06,0.0224454641303217,2023,2022-12-31,learned_order_offset,20260910,0.650954614063496,0.650954614063496,1,1
weekly_state_validated,2937,2023-03-03,2023-03-13,-0.0407900947678007,2023,2022-12-31,learned_order_offset,20260910,0.744213255918267,0.744213255918267,1,0
weekly_state_validated,2942,2023-03-10,2023-03-20,5.0471402903706775e-06,2023,2022-12-31,learned_order_offset,20260910,0.581402685223824,0.581402685223824,1,1
weekly_state_validated,2947,2023-03-17,2023-03-27,0.015302852124583,2023,2022-12-31,learned_order_offset,20260910,0.4267138677564879,0.4267138677564879,0,1
weekly_state_validated,2952,2023-03-24,2023-04-03,0.0090274153058433,2023,2022-12-31,learned_order_offset,20260910,0.3550974197538086,0.3550974197538086,0,1
weekly_state_validated,2957,2023-03-31,2023-04-10,0.0178317182396383,2023,2022-12-31,learned_order_offset,20260910,0.38476763491007665,0.38476763491007665,0,1
weekly_state_ungated,2902,2023-01-06,2023-01-16,0.0198447929614133,2023,2022-12-31,learned_order_offset,20260910,0.29436491679511234,0.29436491679511234,0,1
weekly_state_ungated,2907,2023-01-13,2023-01-30,0.0465290788350809,2023,2022-12-31,learned_order_offset,20260910,0.45922844261203544,0.45922844261203544,0,1
weekly_state_ungated,2912,2023-01-20,2023-02-06,-0.0383797057844887,2023,2022-12-31,learned_order_offset,20260910,0.3863007910171924,0.3863007910171924,0,0
weekly_state_ungated,2917,2023-02-03,2023-02-13,-0.0012061903149008,2023,2022-12-31,learned_order_offset,20260910,0.708109906191393,0.708109906191393,1,0
weekly_state_ungated,2922,2023-02-10,2023-02-20,-0.0143746584432821,2023,2022-12-31,learned_order_offset,20260910,0.3342356424663725,0.3342356424663725,0,0
weekly_state_ungated,2927,2023-02-17,2023-02-27,0.0001237636016198,2023,2022-12-31,learned_order_offset,20260910,0.3768936129162209,0.3768936129162209,0,1
weekly_state_ungated,2932,2023-02-24,2023-03-06,0.0224454641303217,2023,2022-12-31,learned_order_offset,20260910,0.650954614063496,0.650954614063496,1,1
weekly_state_ungated,2937,2023-03-03,2023-03-13,-0.0407900947678007,2023,2022-12-31,learned_order_offset,20260910,0.744213255918267,0.744213255918267,1,0
weekly_state_ungated,2942,2023-03-10,2023-03-20,5.0471402903706775e-06,2023,2022-12-31,learned_order_offset,20260910,0.581402685223824,0.581402685223824,1,1
weekly_state_ungated,2947,2023-03-17,2023-03-27,0.015302852124583,2023,2022-12-31,learned_order_offset,20260910,0.4267138677564879,0.4267138677564879,0,1
weekly_state_ungated,2952,2023-03-24,2023-04-03,0.0090274153058433,2023,2022-12-31,learned_order_offset,20260910,0.3550974197538086,0.3550974197538086,0,1
weekly_state_ungated,2957,2023-03-31,2023-04-10,0.0178317182396383,2023,2022-12-31,learned_order_offset,20260910,0.38476763491007665,0.38476763491007665,0,1
weekly_global_validated,2902,2023-01-06,2023-01-16,0.0198447929614133,2023,2022-12-31,learned_order_offset,20260910,0.29436491679511234,0.29436491679511234,0,1
weekly_global_validated,2907,2023-01-13,2023-01-30,0.0465290788350809,2023,2022-12-31,learned_order_offset,20260910,0.45922844261203544,0.45922844261203544,0,1
weekly_global_validated,2912,2023-01-20,2023-02-06,-0.0383797057844887,2023,2022-12-31,learned_order_offset,20260910,0.3863007910171924,0.3863007910171924,0,0
weekly_global_validated,2917,2023-02-03,2023-02-13,-0.0012061903149008,2023,2022-12-31,learned_order_offset,20260910,0.708109906191393,0.708109906191393,1,0
weekly_global_validated,2922,2023-02-10,2023-02-20,-0.0143746584432821,2023,2022-12-31,learned_order_offset,20260910,0.3342356424663725,0.3342356424663725,0,0
weekly_global_validated,2927,2023-02-17,2023-02-27,0.0001237636016198,2023,2022-12-31,learned_order_offset,20260910,0.3768936129162209,0.3768936129162209,0,1
weekly_global_validated,2932,2023-02-24,2023-03-06,0.0224454641303217,2023,2022-12-31,learned_order_offset,20260910,0.650954614063496,0.650954614063496,1,1
weekly_global_validated,2937,2023-03-03,2023-03-13,-0.0407900947678007,2023,2022-12-31,learned_order_offset,20260910,0.744213255918267,0.744213255918267,1,0
weekly_global_validated,2942,2023-03-10,2023-03-20,5.0471402903706775e-06,2023,2022-12-31,learned_order_offset,20260910,0.581402685223824,0.581402685223824,1,1
weekly_global_validated,2947,2023-03-17,2023-03-27,0.015302852124583,2023,2022-12-31,learned_order_offset,20260910,0.4267138677564879,0.4267138677564879,0,1
weekly_global_validated,2952,2023-03-24,2023-04-03,0.0090274153058433,2023,2022-12-31,learned_order_offset,20260910,0.3550974197538086,0.3550974197538086,0,1
weekly_global_validated,2957,2023-03-31,2023-04-10,0.0178317182396383,2023,2022-12-31,learned_order_offset,20260910,0.38476763491007665,0.38476763491007665,0,1
weekly_global_ungated,2902,2023-01-06,2023-01-16,0.0198447929614133,2023,2022-12-31,learned_order_offset,20260910,0.29436491679511234,0.29436491679511234,0,1
weekly_global_ungated,2907,2023-01-13,2023-01-30,0.0465290788350809,2023,2022-12-31,learned_order_offset,20260910,0.45922844261203544,0.45922844261203544,0,1
weekly_global_ungated,2912,2023-01-20,2023-02-06,-0.0383797057844887,2023,2022-12-31,learned_order_offset,20260910,0.3863007910171924,0.3863007910171924,0,0
weekly_global_ungated,2917,2023-02-03,2023-02-13,-0.0012061903149008,2023,2022-12-31,learned_order_offset,20260910,0.708109906191393,0.708109906191393,1,0
weekly_global_ungated,2922,2023-02-10,2023-02-20,-0.0143746584432821,2023,2022-12-31,learned_order_offset,20260910,0.3342356424663725,0.3342356424663725,0,0
weekly_global_ungated,2927,2023-02-17,2023-02-27,0.0001237636016198,2023,2022-12-31,learned_order_offset,20260910,0.3768936129162209,0.3768936129162209,0,1
weekly_global_ungated,2932,2023-02-24,2023-03-06,0.0224454641303217,2023,2022-12-31,learned_order_offset,20260910,0.650954614063496,0.650954614063496,1,1
weekly_global_ungated,2937,2023-03-03,2023-03-13,-0.0407900947678007,2023,2022-12-31,learned_order_offset,20260910,0.744213255918267,0.744213255918267,1,0
weekly_global_ungated,2942,2023-03-10,2023-03-20,5.0471402903706775e-06,2023,2022-12-31,learned_order_offset,20260910,0.581402685223824,0.581402685223824,1,1
weekly_global_ungated,2947,2023-03-17,2023-03-27,0.015302852124583,2023,2022-12-31,learned_order_offset,20260910,0.4267138677564879,0.4267138677564879,0,1
weekly_global_ungated,2952,2023-03-24,2023-04-03,0.0090274153058433,2023,2022-12-31,learned_order_offset,20260910,0.3550974197538086,0.3550974197538086,0,1
weekly_global_ungated,2957,2023-03-31,2023-04-10,0.0178317182396383,2023,2022-12-31,learned_order_offset,20260910,0.38476763491007665,0.38476763491007665,0,1
weekly_state_validated,2902,2023-01-06,2023-01-16,0.0198447929614133,2023,2022-12-31,learned_order_offset,20260911,0.41117201615041793,0.41117201615041793,0,1
weekly_state_validated,2907,2023-01-13,2023-01-30,0.0465290788350809,2023,2022-12-31,learned_order_offset,20260911,0.364680620051655,0.364680620051655,0,1
weekly_state_validated,2912,2023-01-20,2023-02-06,-0.0383797057844887,2023,2022-12-31,learned_order_offset,20260911,0.578179649696222,0.578179649696222,1,0
weekly_state_validated,2917,2023-02-03,2023-02-13,-0.0012061903149008,2023,2022-12-31,learned_order_offset,20260911,0.5515128874638535,0.5515128874638535,1,0
weekly_state_validated,2922,2023-02-10,2023-02-20,-0.0143746584432821,2023,2022-12-31,learned_order_offset,20260911,0.39192014326711666,0.39192014326711666,0,0
weekly_state_validated,2927,2023-02-17,2023-02-27,0.0001237636016198,2023,2022-12-31,learned_order_offset,20260911,0.44735551730013157,0.44735551730013157,0,1
weekly_state_validated,2932,2023-02-24,2023-03-06,0.0224454641303217,2023,2022-12-31,learned_order_offset,20260911,0.6194755772192605,0.6194755772192605,1,1
weekly_state_validated,2937,2023-03-03,2023-03-13,-0.0407900947678007,2023,2022-12-31,learned_order_offset,20260911,0.7367890366176728,0.7367890366176728,1,0
weekly_state_validated,2942,2023-03-10,2023-03-20,5.0471402903706775e-06,2023,2022-12-31,learned_order_offset,20260911,0.5927141757173765,0.5927141757173765,1,1
weekly_state_validated,2947,2023-03-17,2023-03-27,0.015302852124583,2023,2022-12-31,learned_order_offset,20260911,0.44144992787218895,0.44144992787218895,0,1
weekly_state_validated,2952,2023-03-24,2023-04-03,0.0090274153058433,2023,2022-12-31,learned_order_offset,20260911,0.48064826466248156,0.48064826466248156,0,1
weekly_state_validated,2957,2023-03-31,2023-04-10,0.0178317182396383,2023,2022-12-31,learned_order_offset,20260911,0.556461403271004,0.556461403271004,1,1
weekly_state_ungated,2902,2023-01-06,2023-01-16,0.0198447929614133,2023,2022-12-31,learned_order_offset,20260911,0.41117201615041793,0.41117201615041793,0,1
weekly_state_ungated,2907,2023-01-13,2023-01-30,0.0465290788350809,2023,2022-12-31,learned_order_offset,20260911,0.364680620051655,0.364680620051655,0,1
weekly_state_ungated,2912,2023-01-20,2023-02-06,-0.0383797057844887,2023,2022-12-31,learned_order_offset,20260911,0.578179649696222,0.578179649696222,1,0
weekly_state_ungated,2917,2023-02-03,2023-02-13,-0.0012061903149008,2023,2022-12-31,learned_order_offset,20260911,0.5515128874638535,0.5515128874638535,1,0
weekly_state_ungated,2922,2023-02-10,2023-02-20,-0.0143746584432821,2023,2022-12-31,learned_order_offset,20260911,0.39192014326711666,0.39192014326711666,0,0
weekly_state_ungated,2927,2023-02-17,2023-02-27,0.0001237636016198,2023,2022-12-31,learned_order_offset,20260911,0.44735551730013157,0.44735551730013157,0,1
weekly_state_ungated,2932,2023-02-24,2023-03-06,0.0224454641303217,2023,2022-12-31,learned_order_offset,20260911,0.6194755772192605,0.6194755772192605,1,1
weekly_state_ungated,2937,2023-03-03,2023-03-13,-0.0407900947678007,2023,2022-12-31,learned_order_offset,20260911,0.7367890366176728,0.7367890366176728,1,0
weekly_state_ungated,2942,2023-03-10,2023-03-20,5.0471402903706775e-06,2023,2022-12-31,learned_order_offset,20260911,0.5927141757173765,0.5927141757173765,1,1
weekly_state_ungated,2947,2023-03-17,2023-03-27,0.015302852124583,2023,2022-12-31,learned_order_offset,20260911,0.44144992787218895,0.44144992787218895,0,1
weekly_state_ungated,2952,2023-03-24,2023-04-03,0.0090274153058433,2023,2022-12-31,learned_order_offset,20260911,0.48064826466248156,0.48064826466248156,0,1
weekly_state_ungated,2957,2023-03-31,2023-04-10,0.0178317182396383,2023,2022-12-31,learned_order_offset,20260911,0.556461403271004,0.556461403271004,1,1
weekly_global_validated,2902,2023-01-06,2023-01-16,0.0198447929614133,2023,2022-12-31,learned_order_offset,20260911,0.41117201615041793,0.41117201615041793,0,1
weekly_global_validated,2907,2023-01-13,2023-01-30,0.0465290788350809,2023,2022-12-31,learned_order_offset,20260911,0.364680620051655,0.364680620051655,0,1
weekly_global_validated,2912,2023-01-20,2023-02-06,-0.0383797057844887,2023,2022-12-31,learned_order_offset,20260911,0.578179649696222,0.578179649696222,1,0
weekly_global_validated,2917,2023-02-03,2023-02-13,-0.0012061903149008,2023,2022-12-31,learned_order_offset,20260911,0.5515128874638535,0.5515128874638535,1,0
weekly_global_validated,2922,2023-02-10,2023-02-20,-0.0143746584432821,2023,2022-12-31,learned_order_offset,20260911,0.39192014326711666,0.39192014326711666,0,0
weekly_global_validated,2927,2023-02-17,2023-02-27,0.0001237636016198,2023,2022-12-31,learned_order_offset,20260911,0.44735551730013157,0.44735551730013157,0,1
weekly_global_validated,2932,2023-02-24,2023-03-06,0.0224454641303217,2023,2022-12-31,learned_order_offset,20260911,0.6194755772192605,0.6194755772192605,1,1
weekly_global_validated,2937,2023-03-03,2023-03-13,-0.0407900947678007,2023,2022-12-31,learned_order_offset,20260911,0.7367890366176728,0.7367890366176728,1,0
weekly_global_validated,2942,2023-03-10,2023-03-20,5.0471402903706775e-06,2023,2022-12-31,learned_order_offset,20260911,0.5927141757173765,0.5927141757173765,1,1
weekly_global_validated,2947,2023-03-17,2023-03-27,0.015302852124583,2023,2022-12-31,learned_order_offset,20260911,0.44144992787218895,0.44144992787218895,0,1
weekly_global_validated,2952,2023-03-24,2023-04-03,0.0090274153058433,2023,2022-12-31,learned_order_offset,20260911,0.48064826466248156,0.48064826466248156,0,1
weekly_global_validated,2957,2023-03-31,2023-04-10,0.0178317182396383,2023,2022-12-31,learned_order_offset,20260911,0.556461403271004,0.556461403271004,1,1
weekly_global_ungated,2902,2023-01-06,2023-01-16,0.0198447929614133,2023,2022-12-31,learned_order_offset,20260911,0.41117201615041793,0.41117201615041793,0,1
weekly_global_ungated,2907,2023-01-13,2023-01-30,0.0465290788350809,2023,2022-12-31,learned_order_offset,20260911,0.364680620051655,0.364680620051655,0,1
weekly_global_ungated,2912,2023-01-20,2023-02-06,-0.0383797057844887,2023,2022-12-31,learned_order_offset,20260911,0.578179649696222,0.578179649696222,1,0
weekly_global_ungated,2917,2023-02-03,2023-02-13,-0.0012061903149008,2023,2022-12-31,learned_order_offset,20260911,0.5515128874638535,0.5515128874638535,1,0
weekly_global_ungated,2922,2023-02-10,2023-02-20,-0.0143746584432821,2023,2022-12-31,learned_order_offset,20260911,0.39192014326711666,0.39192014326711666,0,0
weekly_global_ungated,2927,2023-02-17,2023-02-27,0.0001237636016198,2023,2022-12-31,learned_order_offset,20260911,0.44735551730013157,0.44735551730013157,0,1
weekly_global_ungated,2932,2023-02-24,2023-03-06,0.0224454641303217,2023,2022-12-31,learned_order_offset,20260911,0.6194755772192605,0.6194755772192605,1,1
weekly_global_ungated,2937,2023-03-03,2023-03-13,-0.0407900947678007,2023,2022-12-31,learned_order_offset,20260911,0.7367890366176728,0.7367890366176728,1,0
weekly_global_ungated,2942,2023-03-10,2023-03-20,5.0471402903706775e-06,2023,2022-12-31,learned_order_offset,20260911,0.5927141757173765,0.5927141757173765,1,1
weekly_global_ungated,2947,2023-03-17,2023-03-27,0.015302852124583,2023,2022-12-31,learned_order_offset,20260911,0.44144992787218895,0.44144992787218895,0,1
weekly_global_ungated,2952,2023-03-24,2023-04-03,0.0090274153058433,2023,2022-12-31,learned_order_offset,20260911,0.48064826466248156,0.48064826466248156,0,1
weekly_global_ungated,2957,2023-03-31,2023-04-10,0.0178317182396383,2023,2022-12-31,learned_order_offset,20260911,0.556461403271004,0.556461403271004,1,1
weekly_state_validated,2902,2023-01-06,2023-01-16,0.0198447929614133,2023,2022-12-31,learned_order_offset,20260912,0.33518639317613286,0.33518639317613286,0,1
weekly_state_validated,2907,2023-01-13,2023-01-30,0.0465290788350809,2023,2022-12-31,learned_order_offset,20260912,0.283926532884273,0.283926532884273,0,1
weekly_state_validated,2912,2023-01-20,2023-02-06,-0.0383797057844887,2023,2022-12-31,learned_order_offset,20260912,0.656265266213206,0.656265266213206,1,0
weekly_state_validated,2917,2023-02-03,2023-02-13,-0.0012061903149008,2023,2022-12-31,learned_order_offset,20260912,0.47265762776020354,0.47265762776020354,0,0
weekly_state_validated,2922,2023-02-10,2023-02-20,-0.0143746584432821,2023,2022-12-31,learned_order_offset,20260912,0.2502577591654617,0.2502577591654617,0,0
weekly_state_validated,2927,2023-02-17,2023-02-27,0.0001237636016198,2023,2022-12-31,learned_order_offset,20260912,0.3981719184557722,0.3981719184557722,0,1
weekly_state_validated,2932,2023-02-24,2023-03-06,0.0224454641303217,2023,2022-12-31,learned_order_offset,20260912,0.7071114667508918,0.7071114667508918,1,1
weekly_state_validated,2937,2023-03-03,2023-03-13,-0.0407900947678007,2023,2022-12-31,learned_order_offset,20260912,0.5854544425200702,0.5854544425200702,1,0
weekly_state_validated,2942,2023-03-10,2023-03-20,5.0471402903706775e-06,2023,2022-12-31,learned_order_offset,20260912,0.4623204109511431,0.4623204109511431,0,1
weekly_state_validated,2947,2023-03-17,2023-03-27,0.015302852124583,2023,2022-12-31,learned_order_offset,20260912,0.339217920591994,0.339217920591994,0,1
weekly_state_validated,2952,2023-03-24,2023-04-03,0.0090274153058433,2023,2022-12-31,learned_order_offset,20260912,0.5430909588293242,0.5430909588293242,1,1
weekly_state_validated,2957,2023-03-31,2023-04-10,0.0178317182396383,2023,2022-12-31,learned_order_offset,20260912,0.5725347377994414,0.5725347377994414,1,1
weekly_state_ungated,2902,2023-01-06,2023-01-16,0.0198447929614133,2023,2022-12-31,learned_order_offset,20260912,0.33518639317613286,0.33518639317613286,0,1
weekly_state_ungated,2907,2023-01-13,2023-01-30,0.0465290788350809,2023,2022-12-31,learned_order_offset,20260912,0.283926532884273,0.283926532884273,0,1
weekly_state_ungated,2912,2023-01-20,2023-02-06,-0.0383797057844887,2023,2022-12-31,learned_order_offset,20260912,0.656265266213206,0.656265266213206,1,0
weekly_state_ungated,2917,2023-02-03,2023-02-13,-0.0012061903149008,2023,2022-12-31,learned_order_offset,20260912,0.47265762776020354,0.47265762776020354,0,0
weekly_state_ungated,2922,2023-02-10,2023-02-20,-0.0143746584432821,2023,2022-12-31,learned_order_offset,20260912,0.2502577591654617,0.2502577591654617,0,0
weekly_state_ungated,2927,2023-02-17,2023-02-27,0.0001237636016198,2023,2022-12-31,learned_order_offset,20260912,0.3981719184557722,0.3981719184557722,0,1
weekly_state_ungated,2932,2023-02-24,2023-03-06,0.0224454641303217,2023,2022-12-31,learned_order_offset,20260912,0.7071114667508918,0.7071114667508918,1,1
weekly_state_ungated,2937,2023-03-03,2023-03-13,-0.0407900947678007,2023,2022-12-31,learned_order_offset,20260912,0.5854544425200702,0.5854544425200702,1,0
weekly_state_ungated,2942,2023-03-10,2023-03-20,5.0471402903706775e-06,2023,2022-12-31,learned_order_offset,20260912,0.4623204109511431,0.4623204109511431,0,1
weekly_state_ungated,2947,2023-03-17,2023-03-27,0.015302852124583,2023,2022-12-31,learned_order_offset,20260912,0.339217920591994,0.339217920591994,0,1
weekly_state_ungated,2952,2023-03-24,2023-04-03,0.0090274153058433,2023,2022-12-31,learned_order_offset,20260912,0.5430909588293242,0.5430909588293242,1,1
weekly_state_ungated,2957,2023-03-31,2023-04-10,0.0178317182396383,2023,2022-12-31,learned_order_offset,20260912,0.5725347377994414,0.5725347377994414,1,1
weekly_global_validated,2902,2023-01-06,2023-01-16,0.0198447929614133,2023,2022-12-31,learned_order_offset,20260912,0.33518639317613286,0.33518639317613286,0,1
weekly_global_validated,2907,2023-01-13,2023-01-30,0.0465290788350809,2023,2022-12-31,learned_order_offset,20260912,0.283926532884273,0.283926532884273,0,1
weekly_global_validated,2912,2023-01-20,2023-02-06,-0.0383797057844887,2023,2022-12-31,learned_order_offset,20260912,0.656265266213206,0.656265266213206,1,0
weekly_global_validated,2917,2023-02-03,2023-02-13,-0.0012061903149008,2023,2022-12-31,learned_order_offset,20260912,0.47265762776020354,0.47265762776020354,0,0
weekly_global_validated,2922,2023-02-10,2023-02-20,-0.0143746584432821,2023,2022-12-31,learned_order_offset,20260912,0.2502577591654617,0.2502577591654617,0,0
weekly_global_validated,2927,2023-02-17,2023-02-27,0.0001237636016198,2023,2022-12-31,learned_order_offset,20260912,0.3981719184557722,0.3981719184557722,0,1
weekly_global_validated,2932,2023-02-24,2023-03-06,0.0224454641303217,2023,2022-12-31,learned_order_offset,20260912,0.7071114667508918,0.7071114667508918,1,1
weekly_global_validated,2937,2023-03-03,2023-03-13,-0.0407900947678007,2023,2022-12-31,learned_order_offset,20260912,0.5854544425200702,0.5854544425200702,1,0
weekly_global_validated,2942,2023-03-10,2023-03-20,5.0471402903706775e-06,2023,2022-12-31,learned_order_offset,20260912,0.4623204109511431,0.4623204109511431,0,1
weekly_global_validated,2947,2023-03-17,2023-03-27,0.015302852124583,2023,2022-12-31,learned_order_offset,20260912,0.339217920591994,0.339217920591994,0,1
weekly_global_validated,2952,2023-03-24,2023-04-03,0.0090274153058433,2023,2022-12-31,learned_order_offset,20260912,0.5430909588293242,0.5430909588293242,1,1
weekly_global_validated,2957,2023-03-31,2023-04-10,0.0178317182396383,2023,2022-12-31,learned_order_offset,20260912,0.5725347377994414,0.5725347377994414,1,1
weekly_global_ungated,2902,2023-01-06,2023-01-16,0.0198447929614133,2023,2022-12-31,learned_order_offset,20260912,0.33518639317613286,0.33518639317613286,0,1
weekly_global_ungated,2907,2023-01-13,2023-01-30,0.0465290788350809,2023,2022-12-31,learned_order_offset,20260912,0.283926532884273,0.283926532884273,0,1
weekly_global_ungated,2912,2023-01-20,2023-02-06,-0.0383797057844887,2023,2022-12-31,learned_order_offset,20260912,0.656265266213206,0.656265266213206,1,0
weekly_global_ungated,2917,2023-02-03,2023-02-13,-0.0012061903149008,2023,2022-12-31,learned_order_offset,20260912,0.47265762776020354,0.47265762776020354,0,0
weekly_global_ungated,2922,2023-02-10,2023-02-20,-0.0143746584432821,2023,2022-12-31,learned_order_offset,20260912,0.2502577591654617,0.2502577591654617,0,0
weekly_global_ungated,2927,2023-02-17,2023-02-27,0.0001237636016198,2023,2022-12-31,learned_order_offset,20260912,0.3981719184557722,0.3981719184557722,0,1
weekly_global_ungated,2932,2023-02-24,2023-03-06,0.0224454641303217,2023,2022-12-31,learned_order_offset,20260912,0.7071114667508918,0.7071114667508918,1,1
weekly_global_ungated,2937,2023-03-03,2023-03-13,-0.0407900947678007,2023,2022-12-31,learned_order_offset,20260912,0.5854544425200702,0.5854544425200702,1,0
weekly_global_ungated,2942,2023-03-10,2023-03-20,5.0471402903706775e-06,2023,2022-12-31,learned_order_offset,20260912,0.4623204109511431,0.4623204109511431,0,1
weekly_global_ungated,2947,2023-03-17,2023-03-27,0.015302852124583,2023,2022-12-31,learned_order_offset,20260912,0.339217920591994,0.339217920591994,0,1
weekly_global_ungated,2952,2023-03-24,2023-04-03,0.0090274153058433,2023,2022-12-31,learned_order_offset,20260912,0.5430909588293242,0.5430909588293242,1,1
weekly_global_ungated,2957,2023-03-31,2023-04-10,0.0178317182396383,2023,2022-12-31,learned_order_offset,20260912,0.5725347377994414,0.5725347377994414,1,1
weekly_state_validated,2961,2023-04-07,2023-04-17,-0.0101500238382772,2023,2023-03-31,learned_market,20260910,0.595589872428567,0.595589872428567,1,0
weekly_state_validated,2966,2023-04-14,2023-04-24,-0.014368947230732,2023,2023-03-31,learned_market,20260910,0.3348532730298861,0.3348532730298861,0,0
weekly_state_validated,2971,2023-04-21,2023-05-04,-0.0044228908788729,2023,2023-03-31,learned_market,20260910,0.4942947568375473,0.4942947568375473,0,0
weekly_state_validated,2976,2023-04-28,2023-05-10,0.0036477163153083,2023,2023-03-31,learned_market,20260910,0.3714756111943182,0.3714756111943182,0,1
weekly_state_validated,2978,2023-05-05,2023-05-15,-0.0221642407977935,2023,2023-03-31,learned_market,20260910,0.4497529451200874,0.4497529451200874,0,0
weekly_state_validated,2983,2023-05-12,2023-05-22,0.0005509250208819,2023,2023-03-31,learned_market,20260910,0.33357360179734663,0.33357360179734663,0,1
weekly_state_validated,2988,2023-05-19,2023-05-29,-0.0200253742704897,2023,2023-03-31,learned_market,20260910,0.5625170222669913,0.5625170222669913,1,0
weekly_state_validated,2993,2023-05-26,2023-06-05,-0.0003935703040848,2023,2023-03-31,learned_market,20260910,0.516241495805648,0.516241495805648,1,0
weekly_state_validated,2998,2023-06-02,2023-06-12,-0.0086075595250429,2023,2023-03-31,learned_market,20260910,0.4611271604446467,0.4611271604446467,0,0
weekly_state_validated,3003,2023-06-09,2023-06-19,0.0338878539347273,2023,2023-03-31,learned_market,20260910,0.3966512245556026,0.3966512245556026,0,1
weekly_state_validated,3008,2023-06-16,2023-07-03,-0.026216632171098,2023,2023-03-31,learned_market,20260910,0.4023630749492596,0.4023630749492596,0,0
weekly_state_validated,3016,2023-06-30,2023-07-10,-0.0030441518806006,2023,2023-03-31,learned_market,20260910,0.4213657002217921,0.4213657002217921,0,0
weekly_state_ungated,2961,2023-04-07,2023-04-17,-0.0101500238382772,2023,2023-03-31,learned_market,20260910,0.5599740896794071,0.5599740896794071,1,0
weekly_state_ungated,2966,2023-04-14,2023-04-24,-0.014368947230732,2023,2023-03-31,learned_market,20260910,0.303141839292204,0.303141839292204,0,0
weekly_state_ungated,2971,2023-04-21,2023-05-04,-0.0044228908788729,2023,2023-03-31,learned_market,20260910,0.45838592986314897,0.45838592986314897,0,0
weekly_state_ungated,2976,2023-04-28,2023-05-10,0.0036477163153083,2023,2023-03-31,learned_market,20260910,0.33851657135903673,0.33851657135903673,0,1
weekly_state_ungated,2978,2023-05-05,2023-05-15,-0.0221642407977935,2023,2023-03-31,learned_market,20260910,0.4144281645675544,0.4144281645675544,0,0
weekly_state_ungated,2983,2023-05-12,2023-05-22,0.0005509250208819,2023,2023-03-31,learned_market,20260910,0.3023596660380552,0.3023596660380552,0,1
weekly_state_ungated,2988,2023-05-19,2023-05-29,-0.0200253742704897,2023,2023-03-31,learned_market,20260910,0.5268150801837712,0.5268150801837712,1,0
weekly_state_ungated,2993,2023-05-26,2023-06-05,-0.0003935703040848,2023,2023-03-31,learned_market,20260910,0.48025242278031266,0.48025242278031266,0,0
weekly_state_ungated,2998,2023-06-02,2023-06-12,-0.0086075595250429,2023,2023-03-31,learned_market,20260910,0.4256000075439929,0.4256000075439929,0,0
weekly_state_ungated,3003,2023-06-09,2023-06-19,0.0338878539347273,2023,2023-03-31,learned_market,20260910,0.3627476473536055,0.3627476473536055,0,1
weekly_state_ungated,3008,2023-06-16,2023-07-03,-0.026216632171098,2023,2023-03-31,learned_market,20260910,0.367793502134843,0.367793502134843,0,0
weekly_state_ungated,3016,2023-06-30,2023-07-10,-0.0030441518806006,2023,2023-03-31,learned_market,20260910,0.3867036000943762,0.3867036000943762,0,0
weekly_global_validated,2961,2023-04-07,2023-04-17,-0.0101500238382772,2023,2023-03-31,learned_market,20260910,0.595589872428567,0.595589872428567,1,0
weekly_global_validated,2966,2023-04-14,2023-04-24,-0.014368947230732,2023,2023-03-31,learned_market,20260910,0.3348532730298861,0.3348532730298861,0,0
weekly_global_validated,2971,2023-04-21,2023-05-04,-0.0044228908788729,2023,2023-03-31,learned_market,20260910,0.4942947568375473,0.4942947568375473,0,0
weekly_global_validated,2976,2023-04-28,2023-05-10,0.0036477163153083,2023,2023-03-31,learned_market,20260910,0.3714756111943182,0.3714756111943182,0,1
weekly_global_validated,2978,2023-05-05,2023-05-15,-0.0221642407977935,2023,2023-03-31,learned_market,20260910,0.4497529451200874,0.4497529451200874,0,0
weekly_global_validated,2983,2023-05-12,2023-05-22,0.0005509250208819,2023,2023-03-31,learned_market,20260910,0.33357360179734663,0.33357360179734663,0,1
weekly_global_validated,2988,2023-05-19,2023-05-29,-0.0200253742704897,2023,2023-03-31,learned_market,20260910,0.5625170222669913,0.5625170222669913,1,0
weekly_global_validated,2993,2023-05-26,2023-06-05,-0.0003935703040848,2023,2023-03-31,learned_market,20260910,0.516241495805648,0.516241495805648,1,0
weekly_global_validated,2998,2023-06-02,2023-06-12,-0.0086075595250429,2023,2023-03-31,learned_market,20260910,0.4611271604446467,0.4611271604446467,0,0
weekly_global_validated,3003,2023-06-09,2023-06-19,0.0338878539347273,2023,2023-03-31,learned_market,20260910,0.3966512245556026,0.3966512245556026,0,1
weekly_global_validated,3008,2023-06-16,2023-07-03,-0.026216632171098,2023,2023-03-31,learned_market,20260910,0.4023630749492596,0.4023630749492596,0,0
weekly_global_validated,3016,2023-06-30,2023-07-10,-0.0030441518806006,2023,2023-03-31,learned_market,20260910,0.4213657002217921,0.4213657002217921,0,0
weekly_global_ungated,2961,2023-04-07,2023-04-17,-0.0101500238382772,2023,2023-03-31,learned_market,20260910,0.5027735544241474,0.5027735544241474,1,0
weekly_global_ungated,2966,2023-04-14,2023-04-24,-0.014368947230732,2023,2023-03-31,learned_market,20260910,0.25686183525225204,0.25686183525225204,0,0
weekly_global_ungated,2971,2023-04-21,2023-05-04,-0.0044228908788729,2023,2023-03-31,learned_market,20260910,0.40158857541546555,0.40158857541546555,0,0
weekly_global_ungated,2976,2023-04-28,2023-05-10,0.0036477163153083,2023,2023-03-31,learned_market,20260910,0.2886560854543747,0.2886560854543747,0,1
weekly_global_ungated,2978,2023-05-05,2023-05-15,-0.0221642407977935,2023,2023-03-31,learned_market,20260910,0.3594625980038699,0.3594625980038699,0,0
weekly_global_ungated,2983,2023-05-12,2023-05-22,0.0005509250208819,2023,2023-03-31,learned_market,20260910,0.2557656070165702,0.2557656070165702,0,1
weekly_global_ungated,2988,2023-05-19,2023-05-29,-0.0200253742704897,2023,2023-03-31,learned_market,20260910,0.46887907254664063,0.46887907254664063,0,0
weekly_global_ungated,2993,2023-05-26,2023-06-05,-0.0003935703040848,2023,2023-03-31,learned_market,20260910,0.4228610076047014,0.4228610076047014,0,0
weekly_global_ungated,2998,2023-06-02,2023-06-12,-0.0086075595250429,2023,2023-03-31,learned_market,20260910,0.3700891875671137,0.3700891875671137,0,0
weekly_global_ungated,3003,2023-06-09,2023-06-19,0.0338878539347273,2023,2023-03-31,learned_market,20260910,0.31099611320407805,0.31099611320407805,0,1
weekly_global_ungated,3008,2023-06-16,2023-07-03,-0.026216632171098,2023,2023-03-31,learned_market,20260910,0.31612077224439167,0.31612077224439167,0,0
weekly_global_ungated,3016,2023-06-30,2023-07-10,-0.0030441518806006,2023,2023-03-31,learned_market,20260910,0.333322039531116,0.333322039531116,0,0
weekly_state_validated,2961,2023-04-07,2023-04-17,-0.0101500238382772,2023,2023-03-31,learned_market,20260911,0.5123926969413866,0.5123926969413866,1,0
weekly_state_validated,2966,2023-04-14,2023-04-24,-0.014368947230732,2023,2023-03-31,learned_market,20260911,0.511707795083602,0.511707795083602,1,0
weekly_state_validated,2971,2023-04-21,2023-05-04,-0.0044228908788729,2023,2023-03-31,learned_market,20260911,0.37484009153446224,0.37484009153446224,0,0
weekly_state_validated,2976,2023-04-28,2023-05-10,0.0036477163153083,2023,2023-03-31,learned_market,20260911,0.35090610116443816,0.35090610116443816,0,1
weekly_state_validated,2978,2023-05-05,2023-05-15,-0.0221642407977935,2023,2023-03-31,learned_market,20260911,0.34027916805748615,0.34027916805748615,0,0
weekly_state_validated,2983,2023-05-12,2023-05-22,0.0005509250208819,2023,2023-03-31,learned_market,20260911,0.49754285644712,0.49754285644712,0,1
weekly_state_validated,2988,2023-05-19,2023-05-29,-0.0200253742704897,2023,2023-03-31,learned_market,20260911,0.7549084578883676,0.7549084578883676,1,0
weekly_state_validated,2993,2023-05-26,2023-06-05,-0.0003935703040848,2023,2023-03-31,learned_market,20260911,0.5039392773809649,0.5039392773809649,1,0
weekly_state_validated,2998,2023-06-02,2023-06-12,-0.0086075595250429,2023,2023-03-31,learned_market,20260911,0.39899180688484476,0.39899180688484476,0,0
weekly_state_validated,3003,2023-06-09,2023-06-19,0.0338878539347273,2023,2023-03-31,learned_market,20260911,0.4684734509310129,0.4684734509310129,0,1
weekly_state_validated,3008,2023-06-16,2023-07-03,-0.026216632171098,2023,2023-03-31,learned_market,20260911,0.43999508820011124,0.43999508820011124,0,0
weekly_state_validated,3016,2023-06-30,2023-07-10,-0.0030441518806006,2023,2023-03-31,learned_market,20260911,0.494623114929346,0.494623114929346,0,0
weekly_state_ungated,2961,2023-04-07,2023-04-17,-0.0101500238382772,2023,2023-03-31,learned_market,20260911,0.4781422807596598,0.4781422807596598,0,0
weekly_state_ungated,2966,2023-04-14,2023-04-24,-0.014368947230732,2023,2023-03-31,learned_market,20260911,0.47745833179257335,0.47745833179257335,0,0
weekly_state_ungated,2971,2023-04-21,2023-05-04,-0.0044228908788729,2023,2023-03-31,learned_market,20260911,0.3362267306502826,0.3362267306502826,0,0
weekly_state_ungated,2976,2023-04-28,2023-05-10,0.0036477163153083,2023,2023-03-31,learned_market,20260911,0.31352178065062014,0.31352178065062014,0,1
weekly_state_ungated,2978,2023-05-05,2023-05-15,-0.0221642407977935,2023,2023-03-31,learned_market,20260911,0.30349764029899845,0.30349764029899845,0,0
weekly_state_ungated,2983,2023-05-12,2023-05-22,0.0005509250208819,2023,2023-03-31,learned_market,20260911,0.4554991634533904,0.4554991634533904,0,1
weekly_state_ungated,2988,2023-05-19,2023-05-29,-0.0200253742704897,2023,2023-03-31,learned_market,20260911,0.7223839553165885,0.7223839553165885,1,0
weekly_state_ungated,2993,2023-05-26,2023-06-05,-0.0003935703040848,2023,2023-03-31,learned_market,20260911,0.4618519036003713,0.4618519036003713,0,0
weekly_state_ungated,2998,2023-06-02,2023-06-12,-0.0086075595250429,2023,2023-03-31,learned_market,20260911,0.35932048950262774,0.35932048950262774,0,0
weekly_state_ungated,3003,2023-06-09,2023-06-19,0.0338878539347273,2023,2023-03-31,learned_market,20260911,0.42679963679824234,0.42679963679824234,0,1
weekly_state_ungated,3008,2023-06-16,2023-07-03,-0.026216632171098,2023,2023-03-31,learned_market,20260911,0.4065491490537031,0.4065491490537031,0,0
weekly_state_ungated,3016,2023-06-30,2023-07-10,-0.0030441518806006,2023,2023-03-31,learned_market,20260911,0.4526039018077639,0.4526039018077639,0,0
weekly_global_validated,2961,2023-04-07,2023-04-17,-0.0101500238382772,2023,2023-03-31,learned_market,20260911,0.5123926969413866,0.5123926969413866,1,0
weekly_global_validated,2966,2023-04-14,2023-04-24,-0.014368947230732,2023,2023-03-31,learned_market,20260911,0.511707795083602,0.511707795083602,1,0
weekly_global_validated,2971,2023-04-21,2023-05-04,-0.0044228908788729,2023,2023-03-31,learned_market,20260911,0.37484009153446224,0.37484009153446224,0,0
weekly_global_validated,2976,2023-04-28,2023-05-10,0.0036477163153083,2023,2023-03-31,learned_market,20260911,0.35090610116443816,0.35090610116443816,0,1
weekly_global_validated,2978,2023-05-05,2023-05-15,-0.0221642407977935,2023,2023-03-31,learned_market,20260911,0.34027916805748615,0.34027916805748615,0,0
weekly_global_validated,2983,2023-05-12,2023-05-22,0.0005509250208819,2023,2023-03-31,learned_market,20260911,0.49754285644712,0.49754285644712,0,1
weekly_global_validated,2988,2023-05-19,2023-05-29,-0.0200253742704897,2023,2023-03-31,learned_market,20260911,0.7549084578883676,0.7549084578883676,1,0
weekly_global_validated,2993,2023-05-26,2023-06-05,-0.0003935703040848,2023,2023-03-31,learned_market,20260911,0.5039392773809649,0.5039392773809649,1,0
weekly_global_validated,2998,2023-06-02,2023-06-12,-0.0086075595250429,2023,2023-03-31,learned_market,20260911,0.39899180688484476,0.39899180688484476,0,0
weekly_global_validated,3003,2023-06-09,2023-06-19,0.0338878539347273,2023,2023-03-31,learned_market,20260911,0.4684734509310129,0.4684734509310129,0,1
weekly_global_validated,3008,2023-06-16,2023-07-03,-0.026216632171098,2023,2023-03-31,learned_market,20260911,0.43999508820011124,0.43999508820011124,0,0
weekly_global_validated,3016,2023-06-30,2023-07-10,-0.0030441518806006,2023,2023-03-31,learned_market,20260911,0.494623114929346,0.494623114929346,0,0
weekly_global_ungated,2961,2023-04-07,2023-04-17,-0.0101500238382772,2023,2023-03-31,learned_market,20260911,0.43126168483648564,0.43126168483648564,0,0
weekly_global_ungated,2966,2023-04-14,2023-04-24,-0.014368947230732,2023,2023-03-31,learned_market,20260911,0.4305894639599213,0.4305894639599213,0,0
weekly_global_ungated,2971,2023-04-21,2023-05-04,-0.0044228908788729,2023,2023-03-31,learned_market,20260911,0.30199954110444155,0.30199954110444155,0,0
weekly_global_ungated,2976,2023-04-28,2023-05-10,0.0036477163153083,2023,2023-03-31,learned_market,20260911,0.280628734247927,0.280628734247927,0,1
weekly_global_ungated,2978,2023-05-05,2023-05-15,-0.0221642407977935,2023,2023-03-31,learned_market,20260911,0.27124073478087485,0.27124073478087485,0,0
weekly_global_ungated,2983,2023-05-12,2023-05-22,0.0005509250208819,2023,2023-03-31,learned_market,20260911,0.4167535079065535,0.4167535079065535,0,1
weekly_global_ungated,2988,2023-05-19,2023-05-29,-0.0200253742704897,2023,2023-03-31,learned_market,20260911,0.6896917087846264,0.6896917087846264,1,0
weekly_global_ungated,2993,2023-05-26,2023-06-05,-0.0003935703040848,2023,2023-03-31,learned_market,20260911,0.42298565327182747,0.42298565327182747,0,0
weekly_global_ungated,2998,2023-06-02,2023-06-12,-0.0086075595250429,2023,2023-03-31,learned_market,20260911,0.3238895278937527,0.3238895278937527,0,0
weekly_global_ungated,3003,2023-06-09,2023-06-19,0.0338878539347273,2023,2023-03-31,learned_market,20260911,0.38875227100201365,0.38875227100201365,0,1
weekly_global_ungated,3008,2023-06-16,2023-07-03,-0.026216632171098,2023,2023-03-31,learned_market,20260911,0.3618212074742568,0.3618212074742568,0,0
weekly_global_ungated,3016,2023-06-30,2023-07-10,-0.0030441518806006,2023,2023-03-31,learned_market,20260911,0.41391730893310563,0.41391730893310563,0,0
weekly_state_validated,2961,2023-04-07,2023-04-17,-0.0101500238382772,2023,2023-03-31,learned_market,20260912,0.6373271507100488,0.6373271507100488,1,0
weekly_state_validated,2966,2023-04-14,2023-04-24,-0.014368947230732,2023,2023-03-31,learned_market,20260912,0.3845861584135212,0.3845861584135212,0,0
weekly_state_validated,2971,2023-04-21,2023-05-04,-0.0044228908788729,2023,2023-03-31,learned_market,20260912,0.3355239890755223,0.3355239890755223,0,0
weekly_state_validated,2976,2023-04-28,2023-05-10,0.0036477163153083,2023,2023-03-31,learned_market,20260912,0.4803897810444189,0.4803897810444189,0,1
weekly_state_validated,2978,2023-05-05,2023-05-15,-0.0221642407977935,2023,2023-03-31,learned_market,20260912,0.3214134174707162,0.3214134174707162,0,0
weekly_state_validated,2983,2023-05-12,2023-05-22,0.0005509250208819,2023,2023-03-31,learned_market,20260912,0.41963299671663734,0.41963299671663734,0,1
weekly_state_validated,2988,2023-05-19,2023-05-29,-0.0200253742704897,2023,2023-03-31,learned_market,20260912,0.663522806485192,0.663522806485192,1,0
weekly_state_validated,2993,2023-05-26,2023-06-05,-0.0003935703040848,2023,2023-03-31,learned_market,20260912,0.4734681491976751,0.4734681491976751,0,0
weekly_state_validated,2998,2023-06-02,2023-06-12,-0.0086075595250429,2023,2023-03-31,learned_market,20260912,0.40456629164978614,0.40456629164978614,0,0
weekly_state_validated,3003,2023-06-09,2023-06-19,0.0338878539347273,2023,2023-03-31,learned_market,20260912,0.30238432481971794,0.30238432481971794,0,1
weekly_state_validated,3008,2023-06-16,2023-07-03,-0.026216632171098,2023,2023-03-31,learned_market,20260912,0.3205141256506379,0.3205141256506379,0,0
weekly_state_validated,3016,2023-06-30,2023-07-10,-0.0030441518806006,2023,2023-03-31,learned_market,20260912,0.6005178559534365,0.6005178559534365,1,0
weekly_state_ungated,2961,2023-04-07,2023-04-17,-0.0101500238382772,2023,2023-03-31,learned_market,20260912,0.6142069369669665,0.6142069369669665,1,0
weekly_state_ungated,2966,2023-04-14,2023-04-24,-0.014368947230732,2023,2023-03-31,learned_market,20260912,0.3614957037990223,0.3614957037990223,0,0
weekly_state_ungated,2971,2023-04-21,2023-05-04,-0.0044228908788729,2023,2023-03-31,learned_market,20260912,0.30236959996400375,0.30236959996400375,0,0
weekly_state_ungated,2976,2023-04-28,2023-05-10,0.0036477163153083,2023,2023-03-31,learned_market,20260912,0.44245236054448556,0.44245236054448556,0,1
weekly_state_ungated,2978,2023-05-05,2023-05-15,-0.0221642407977935,2023,2023-03-31,learned_market,20260912,0.2890468189561387,0.2890468189561387,0,0
weekly_state_ungated,2983,2023-05-12,2023-05-22,0.0005509250208819,2023,2023-03-31,learned_market,20260912,0.38295743172665114,0.38295743172665114,0,1
weekly_state_ungated,2988,2023-05-19,2023-05-29,-0.0200253742704897,2023,2023-03-31,learned_market,20260912,0.6286194612182627,0.6286194612182627,1,0
weekly_state_ungated,2993,2023-05-26,2023-06-05,-0.0003935703040848,2023,2023-03-31,learned_market,20260912,0.43561908515502057,0.43561908515502057,0,0
weekly_state_ungated,2998,2023-06-02,2023-06-12,-0.0086075595250429,2023,2023-03-31,learned_market,20260912,0.3683717309308622,0.3683717309308622,0,0
weekly_state_ungated,3003,2023-06-09,2023-06-19,0.0338878539347273,2023,2023-03-31,learned_market,20260912,0.271168225882121,0.271168225882121,0,1
weekly_state_ungated,3008,2023-06-16,2023-07-03,-0.026216632171098,2023,2023-03-31,learned_market,20260912,0.29939903672487556,0.29939903672487556,0,0
weekly_state_ungated,3016,2023-06-30,2023-07-10,-0.0030441518806006,2023,2023-03-31,learned_market,20260912,0.5633795532696222,0.5633795532696222,1,0
weekly_global_validated,2961,2023-04-07,2023-04-17,-0.0101500238382772,2023,2023-03-31,learned_market,20260912,0.6373271507100488,0.6373271507100488,1,0
weekly_global_validated,2966,2023-04-14,2023-04-24,-0.014368947230732,2023,2023-03-31,learned_market,20260912,0.3845861584135212,0.3845861584135212,0,0
weekly_global_validated,2971,2023-04-21,2023-05-04,-0.0044228908788729,2023,2023-03-31,learned_market,20260912,0.3355239890755223,0.3355239890755223,0,0
weekly_global_validated,2976,2023-04-28,2023-05-10,0.0036477163153083,2023,2023-03-31,learned_market,20260912,0.4803897810444189,0.4803897810444189,0,1
weekly_global_validated,2978,2023-05-05,2023-05-15,-0.0221642407977935,2023,2023-03-31,learned_market,20260912,0.3214134174707162,0.3214134174707162,0,0
weekly_global_validated,2983,2023-05-12,2023-05-22,0.0005509250208819,2023,2023-03-31,learned_market,20260912,0.41963299671663734,0.41963299671663734,0,1
weekly_global_validated,2988,2023-05-19,2023-05-29,-0.0200253742704897,2023,2023-03-31,learned_market,20260912,0.663522806485192,0.663522806485192,1,0
weekly_global_validated,2993,2023-05-26,2023-06-05,-0.0003935703040848,2023,2023-03-31,learned_market,20260912,0.4734681491976751,0.4734681491976751,0,0
weekly_global_validated,2998,2023-06-02,2023-06-12,-0.0086075595250429,2023,2023-03-31,learned_market,20260912,0.40456629164978614,0.40456629164978614,0,0
weekly_global_validated,3003,2023-06-09,2023-06-19,0.0338878539347273,2023,2023-03-31,learned_market,20260912,0.30238432481971794,0.30238432481971794,0,1
weekly_global_validated,3008,2023-06-16,2023-07-03,-0.026216632171098,2023,2023-03-31,learned_market,20260912,0.3205141256506379,0.3205141256506379,0,0
weekly_global_validated,3016,2023-06-30,2023-07-10,-0.0030441518806006,2023,2023-03-31,learned_market,20260912,0.6005178559534365,0.6005178559534365,1,0
weekly_global_ungated,2961,2023-04-07,2023-04-17,-0.0101500238382772,2023,2023-03-31,learned_market,20260912,0.5765407812653902,0.5765407812653902,1,0
weekly_global_ungated,2966,2023-04-14,2023-04-24,-0.014368947230732,2023,2023-03-31,learned_market,20260912,0.32622252356311326,0.32622252356311326,0,0
weekly_global_ungated,2971,2023-04-21,2023-05-04,-0.0044228908788729,2023,2023-03-31,learned_market,20260912,0.28120376357516713,0.28120376357516713,0,0
weekly_global_ungated,2976,2023-04-28,2023-05-10,0.0036477163153083,2023,2023-03-31,learned_market,20260912,0.417346906032625,0.417346906032625,0,1
weekly_global_ungated,2978,2023-05-05,2023-05-15,-0.0221642407977935,2023,2023-03-31,learned_market,20260912,0.268454705117853,0.268454705117853,0,0
weekly_global_ungated,2983,2023-05-12,2023-05-22,0.0005509250208819,2023,2023-03-31,learned_market,20260912,0.3590538168849549,0.3590538168849549,0,1
weekly_global_ungated,2988,2023-05-19,2023-05-29,-0.0200253742704897,2023,2023-03-31,learned_market,20260912,0.6044017142116893,0.6044017142116893,1,0
weekly_global_ungated,2993,2023-05-26,2023-06-05,-0.0003935703040848,2023,2023-03-31,learned_market,20260912,0.41061581029045957,0.41061581029045957,0,0
weekly_global_ungated,2998,2023-06-02,2023-06-12,-0.0086075595250429,2023,2023-03-31,learned_market,20260912,0.3448696942571961,0.3448696942571961,0,0
weekly_global_ungated,3003,2023-06-09,2023-06-19,0.0338878539347273,2023,2023-03-31,learned_market,20260912,0.2513994182717435,0.2513994182717435,0,1
weekly_global_ungated,3008,2023-06-16,2023-07-03,-0.026216632171098,2023,2023-03-31,learned_market,20260912,0.2676451455822716,0.2676451455822716,0,0
weekly_global_ungated,3016,2023-06-30,2023-07-10,-0.0030441518806006,2023,2023-03-31,learned_market,20260912,0.5380339485409009,0.5380339485409009,1,0
weekly_state_validated,2961,2023-04-07,2023-04-17,-0.0101500238382772,2023,2023-03-31,learned_vol_interaction,20260910,0.6043529683218729,0.6043529683218729,1,0
weekly_state_validated,2966,2023-04-14,2023-04-24,-0.014368947230732,2023,2023-03-31,learned_vol_interaction,20260910,0.3144567628179821,0.3144567628179821,0,0
weekly_state_validated,2971,2023-04-21,2023-05-04,-0.0044228908788729,2023,2023-03-31,learned_vol_interaction,20260910,0.4875429689874716,0.4875429689874716,0,0
weekly_state_validated,2976,2023-04-28,2023-05-10,0.0036477163153083,2023,2023-03-31,learned_vol_interaction,20260910,0.3596297147597128,0.3596297147597128,0,1
weekly_state_validated,2978,2023-05-05,2023-05-15,-0.0221642407977935,2023,2023-03-31,learned_vol_interaction,20260910,0.44140831433605277,0.44140831433605277,0,0
weekly_state_validated,2983,2023-05-12,2023-05-22,0.0005509250208819,2023,2023-03-31,learned_vol_interaction,20260910,0.3241710306632204,0.3241710306632204,0,1
weekly_state_validated,2988,2023-05-19,2023-05-29,-0.0200253742704897,2023,2023-03-31,learned_vol_interaction,20260910,0.5771140415412856,0.5771140415412856,1,0
weekly_state_validated,2993,2023-05-26,2023-06-05,-0.0003935703040848,2023,2023-03-31,learned_vol_interaction,20260910,0.5170651713386136,0.5170651713386136,1,0
weekly_state_validated,2998,2023-06-02,2023-06-12,-0.0086075595250429,2023,2023-03-31,learned_vol_interaction,20260910,0.45864589830252817,0.45864589830252817,0,0
weekly_state_validated,3003,2023-06-09,2023-06-19,0.0338878539347273,2023,2023-03-31,learned_vol_interaction,20260910,0.3918169460644426,0.3918169460644426,0,1
weekly_state_validated,3008,2023-06-16,2023-07-03,-0.026216632171098,2023,2023-03-31,learned_vol_interaction,20260910,0.39897150529552516,0.39897150529552516,0,0
weekly_state_validated,3016,2023-06-30,2023-07-10,-0.0030441518806006,2023,2023-03-31,learned_vol_interaction,20260910,0.4213702849064111,0.4213702849064111,0,0
weekly_state_ungated,2961,2023-04-07,2023-04-17,-0.0101500238382772,2023,2023-03-31,learned_vol_interaction,20260910,0.5663598505623397,0.5663598505623397,1,0
weekly_state_ungated,2966,2023-04-14,2023-04-24,-0.014368947230732,2023,2023-03-31,learned_vol_interaction,20260910,0.28171180328971707,0.28171180328971707,0,0
weekly_state_ungated,2971,2023-04-21,2023-05-04,-0.0044228908788729,2023,2023-03-31,learned_vol_interaction,20260910,0.4491677901392265,0.4491677901392265,0,0
weekly_state_ungated,2976,2023-04-28,2023-05-10,0.0036477163153083,2023,2023-03-31,learned_vol_interaction,20260910,0.32493870308348616,0.32493870308348616,0,1
weekly_state_ungated,2978,2023-05-05,2023-05-15,-0.0221642407977935,2023,2023-03-31,learned_vol_interaction,20260910,0.40380306843099106,0.40380306843099106,0,0
weekly_state_ungated,2983,2023-05-12,2023-05-22,0.0005509250208819,2023,2023-03-31,learned_vol_interaction,20260910,0.2913442966906075,0.2913442966906075,0,1
weekly_state_ungated,2988,2023-05-19,2023-05-29,-0.0200253742704897,2023,2023-03-31,learned_vol_interaction,20260910,0.5391054858267786,0.5391054858267786,1,0
weekly_state_ungated,2993,2023-05-26,2023-06-05,-0.0003935703040848,2023,2023-03-31,learned_vol_interaction,20260910,0.47853617859577663,0.47853617859577663,0,0
weekly_state_ungated,2998,2023-06-02,2023-06-12,-0.0086075595250429,2023,2023-03-31,learned_vol_interaction,20260910,0.4206780781368198,0.4206780781368198,0,0
weekly_state_ungated,3003,2023-06-09,2023-06-19,0.0338878539347273,2023,2023-03-31,learned_vol_interaction,20260910,0.35574591263418126,0.35574591263418126,0,1
weekly_state_ungated,3008,2023-06-16,2023-07-03,-0.026216632171098,2023,2023-03-31,learned_vol_interaction,20260910,0.36207400293550884,0.36207400293550884,0,0
weekly_state_ungated,3016,2023-06-30,2023-07-10,-0.0030441518806006,2023,2023-03-31,learned_vol_interaction,20260910,0.3842976999619445,0.3842976999619445,0,0
weekly_global_validated,2961,2023-04-07,2023-04-17,-0.0101500238382772,2023,2023-03-31,learned_vol_interaction,20260910,0.6043529683218729,0.6043529683218729,1,0
weekly_global_validated,2966,2023-04-14,2023-04-24,-0.014368947230732,2023,2023-03-31,learned_vol_interaction,20260910,0.3144567628179821,0.3144567628179821,0,0
weekly_global_validated,2971,2023-04-21,2023-05-04,-0.0044228908788729,2023,2023-03-31,learned_vol_interaction,20260910,0.4875429689874716,0.4875429689874716,0,0
weekly_global_validated,2976,2023-04-28,2023-05-10,0.0036477163153083,2023,2023-03-31,learned_vol_interaction,20260910,0.3596297147597128,0.3596297147597128,0,1
weekly_global_validated,2978,2023-05-05,2023-05-15,-0.0221642407977935,2023,2023-03-31,learned_vol_interaction,20260910,0.44140831433605277,0.44140831433605277,0,0
weekly_global_validated,2983,2023-05-12,2023-05-22,0.0005509250208819,2023,2023-03-31,learned_vol_interaction,20260910,0.3241710306632204,0.3241710306632204,0,1
weekly_global_validated,2988,2023-05-19,2023-05-29,-0.0200253742704897,2023,2023-03-31,learned_vol_interaction,20260910,0.5771140415412856,0.5771140415412856,1,0
weekly_global_validated,2993,2023-05-26,2023-06-05,-0.0003935703040848,2023,2023-03-31,learned_vol_interaction,20260910,0.5170651713386136,0.5170651713386136,1,0
weekly_global_validated,2998,2023-06-02,2023-06-12,-0.0086075595250429,2023,2023-03-31,learned_vol_interaction,20260910,0.45864589830252817,0.45864589830252817,0,0
weekly_global_validated,3003,2023-06-09,2023-06-19,0.0338878539347273,2023,2023-03-31,learned_vol_interaction,20260910,0.3918169460644426,0.3918169460644426,0,1
weekly_global_validated,3008,2023-06-16,2023-07-03,-0.026216632171098,2023,2023-03-31,learned_vol_interaction,20260910,0.39897150529552516,0.39897150529552516,0,0
weekly_global_validated,3016,2023-06-30,2023-07-10,-0.0030441518806006,2023,2023-03-31,learned_vol_interaction,20260910,0.4213702849064111,0.4213702849064111,0,0
weekly_global_ungated,2961,2023-04-07,2023-04-17,-0.0101500238382772,2023,2023-03-31,learned_vol_interaction,20260910,0.509796532108094,0.509796532108094,1,0
weekly_global_ungated,2966,2023-04-14,2023-04-24,-0.014368947230732,2023,2023-03-31,learned_vol_interaction,20260910,0.2379757191583277,0.2379757191583277,0,0
weekly_global_ungated,2971,2023-04-21,2023-05-04,-0.0044228908788729,2023,2023-03-31,learned_vol_interaction,20260910,0.39310400196532247,0.39310400196532247,0,0
weekly_global_ungated,2976,2023-04-28,2023-05-10,0.0036477163153083,2023,2023-03-31,learned_vol_interaction,20260910,0.2765946904280839,0.2765946904280839,0,1
weekly_global_ungated,2978,2023-05-05,2023-05-15,-0.0221642407977935,2023,2023-03-31,learned_vol_interaction,20260910,0.3498057355461996,0.3498057355461996,0,0
weekly_global_ungated,2983,2023-05-12,2023-05-22,0.0005509250208819,2023,2023-03-31,learned_vol_interaction,20260910,0.2461757424749086,0.2461757424749086,0,1
weekly_global_ungated,2988,2023-05-19,2023-05-29,-0.0200253742704897,2023,2023-03-31,learned_vol_interaction,20260910,0.4816314110837724,0.4816314110837724,0,0
weekly_global_ungated,2993,2023-05-26,2023-06-05,-0.0003935703040848,2023,2023-03-31,learned_vol_interaction,20260910,0.42161245959166854,0.42161245959166854,0,0
weekly_global_ungated,2998,2023-06-02,2023-06-12,-0.0086075595250429,2023,2023-03-31,learned_vol_interaction,20260910,0.36580874382103595,0.36580874382103595,0,0
weekly_global_ungated,3003,2023-06-09,2023-06-19,0.0338878539347273,2023,2023-03-31,learned_vol_interaction,20260910,0.3048885390474312,0.3048885390474312,0,1
weekly_global_ungated,3008,2023-06-16,2023-07-03,-0.026216632171098,2023,2023-03-31,learned_vol_interaction,20260910,0.3112681744122958,0.3112681744122958,0,0
weekly_global_ungated,3016,2023-06-30,2023-07-10,-0.0030441518806006,2023,2023-03-31,learned_vol_interaction,20260910,0.33145856823890246,0.33145856823890246,0,0
weekly_state_validated,2961,2023-04-07,2023-04-17,-0.0101500238382772,2023,2023-03-31,learned_vol_interaction,20260911,0.505035431875157,0.505035431875157,1,0
weekly_state_validated,2966,2023-04-14,2023-04-24,-0.014368947230732,2023,2023-03-31,learned_vol_interaction,20260911,0.49347349841953947,0.49347349841953947,0,0
weekly_state_validated,2971,2023-04-21,2023-05-04,-0.0044228908788729,2023,2023-03-31,learned_vol_interaction,20260911,0.397890632401885,0.397890632401885,0,0
weekly_state_validated,2976,2023-04-28,2023-05-10,0.0036477163153083,2023,2023-03-31,learned_vol_interaction,20260911,0.3746539512039826,0.3746539512039826,0,1
weekly_state_validated,2978,2023-05-05,2023-05-15,-0.0221642407977935,2023,2023-03-31,learned_vol_interaction,20260911,0.3794183322213578,0.3794183322213578,0,0
weekly_state_validated,2983,2023-05-12,2023-05-22,0.0005509250208819,2023,2023-03-31,learned_vol_interaction,20260911,0.5207253080904825,0.5207253080904825,1,1
weekly_state_validated,2988,2023-05-19,2023-05-29,-0.0200253742704897,2023,2023-03-31,learned_vol_interaction,20260911,0.7158994131477658,0.7158994131477658,1,0
weekly_state_validated,2993,2023-05-26,2023-06-05,-0.0003935703040848,2023,2023-03-31,learned_vol_interaction,20260911,0.5106796239963189,0.5106796239963189,1,0
weekly_state_validated,2998,2023-06-02,2023-06-12,-0.0086075595250429,2023,2023-03-31,learned_vol_interaction,20260911,0.41473330630809063,0.41473330630809063,0,0
weekly_state_validated,3003,2023-06-09,2023-06-19,0.0338878539347273,2023,2023-03-31,learned_vol_interaction,20260911,0.4862687443116524,0.4862687443116524,0,1
weekly_state_validated,3008,2023-06-16,2023-07-03,-0.026216632171098,2023,2023-03-31,learned_vol_interaction,20260911,0.4615744120462823,0.4615744120462823,0,0
weekly_state_validated,3016,2023-06-30,2023-07-10,-0.0030441518806006,2023,2023-03-31,learned_vol_interaction,20260911,0.5010023580261896,0.5010023580261896,1,0
weekly_state_ungated,2961,2023-04-07,2023-04-17,-0.0101500238382772,2023,2023-03-31,learned_vol_interaction,20260911,0.47141298683889366,0.47141298683889366,0,0
weekly_state_ungated,2966,2023-04-14,2023-04-24,-0.014368947230732,2023,2023-03-31,learned_vol_interaction,20260911,0.4599055743121418,0.4599055743121418,0,0
weekly_state_ungated,2971,2023-04-21,2023-05-04,-0.0044228908788729,2023,2023-03-31,learned_vol_interaction,20260911,0.35846477562712803,0.35846477562712803,0,0
weekly_state_ungated,2976,2023-04-28,2023-05-10,0.0036477163153083,2023,2023-03-31,learned_vol_interaction,20260911,0.3362447566219648,0.3362447566219648,0,1
weekly_state_ungated,2978,2023-05-05,2023-05-15,-0.0221642407977935,2023,2023-03-31,learned_vol_interaction,20260911,0.34078687649417294,0.34078687649417294,0,0
weekly_state_ungated,2983,2023-05-12,2023-05-22,0.0005509250208819,2023,2023-03-31,learned_vol_interaction,20260911,0.4788069545660403,0.4788069545660403,0,1
weekly_state_ungated,2988,2023-05-19,2023-05-29,-0.0200253742704897,2023,2023-03-31,learned_vol_interaction,20260911,0.6805802239073019,0.6805802239073019,1,0
weekly_state_ungated,2993,2023-05-26,2023-06-05,-0.0003935703040848,2023,2023-03-31,learned_vol_interaction,20260911,0.46877897981529004,0.46877897981529004,0,0
weekly_state_ungated,2998,2023-06-02,2023-06-12,-0.0086075595250429,2023,2023-03-31,learned_vol_interaction,20260911,0.37467706546460133,0.37467706546460133,0,0
weekly_state_ungated,3003,2023-06-09,2023-06-19,0.0338878539347273,2023,2023-03-31,learned_vol_interaction,20260911,0.444551348433204,0.444551348433204,0,1
weekly_state_ungated,3008,2023-06-16,2023-07-03,-0.026216632171098,2023,2023-03-31,learned_vol_interaction,20260911,0.42834142299021993,0.42834142299021993,0,0
weekly_state_ungated,3016,2023-06-30,2023-07-10,-0.0030441518806006,2023,2023-03-31,learned_vol_interaction,20260911,0.4591506694738527,0.4591506694738527,0,0
weekly_global_validated,2961,2023-04-07,2023-04-17,-0.0101500238382772,2023,2023-03-31,learned_vol_interaction,20260911,0.505035431875157,0.505035431875157,1,0
weekly_global_validated,2966,2023-04-14,2023-04-24,-0.014368947230732,2023,2023-03-31,learned_vol_interaction,20260911,0.49347349841953947,0.49347349841953947,0,0
weekly_global_validated,2971,2023-04-21,2023-05-04,-0.0044228908788729,2023,2023-03-31,learned_vol_interaction,20260911,0.397890632401885,0.397890632401885,0,0
weekly_global_validated,2976,2023-04-28,2023-05-10,0.0036477163153083,2023,2023-03-31,learned_vol_interaction,20260911,0.3746539512039826,0.3746539512039826,0,1
weekly_global_validated,2978,2023-05-05,2023-05-15,-0.0221642407977935,2023,2023-03-31,learned_vol_interaction,20260911,0.3794183322213578,0.3794183322213578,0,0
weekly_global_validated,2983,2023-05-12,2023-05-22,0.0005509250208819,2023,2023-03-31,learned_vol_interaction,20260911,0.5207253080904825,0.5207253080904825,1,1
weekly_global_validated,2988,2023-05-19,2023-05-29,-0.0200253742704897,2023,2023-03-31,learned_vol_interaction,20260911,0.7158994131477658,0.7158994131477658,1,0
weekly_global_validated,2993,2023-05-26,2023-06-05,-0.0003935703040848,2023,2023-03-31,learned_vol_interaction,20260911,0.5106796239963189,0.5106796239963189,1,0
weekly_global_validated,2998,2023-06-02,2023-06-12,-0.0086075595250429,2023,2023-03-31,learned_vol_interaction,20260911,0.41473330630809063,0.41473330630809063,0,0
weekly_global_validated,3003,2023-06-09,2023-06-19,0.0338878539347273,2023,2023-03-31,learned_vol_interaction,20260911,0.4862687443116524,0.4862687443116524,0,1
weekly_global_validated,3008,2023-06-16,2023-07-03,-0.026216632171098,2023,2023-03-31,learned_vol_interaction,20260911,0.4615744120462823,0.4615744120462823,0,0
weekly_global_validated,3016,2023-06-30,2023-07-10,-0.0030441518806006,2023,2023-03-31,learned_vol_interaction,20260911,0.5010023580261896,0.5010023580261896,1,0
weekly_global_ungated,2961,2023-04-07,2023-04-17,-0.0101500238382772,2023,2023-03-31,learned_vol_interaction,20260911,0.42465653760742517,0.42465653760742517,0,0
weekly_global_ungated,2966,2023-04-14,2023-04-24,-0.014368947230732,2023,2023-03-31,learned_vol_interaction,20260911,0.4133978462843253,0.4133978462843253,0,0
weekly_global_ungated,2971,2023-04-21,2023-05-04,-0.0044228908788729,2023,2023-03-31,learned_vol_interaction,20260911,0.3234217677884502,0.3234217677884502,0,0
weekly_global_ungated,2976,2023-04-28,2023-05-10,0.0036477163153083,2023,2023-03-31,learned_vol_interaction,20260911,0.3023502077102213,0.3023502077102213,0,1
weekly_global_ungated,2978,2023-05-05,2023-05-15,-0.0221642407977935,2023,2023-03-31,learned_vol_interaction,20260911,0.3066459926147609,0.3066459926147609,0,0
weekly_global_ungated,2983,2023-05-12,2023-05-22,0.0005509250208819,2023,2023-03-31,learned_vol_interaction,20260911,0.44006946521319845,0.44006946521319845,0,1
weekly_global_ungated,2988,2023-05-19,2023-05-29,-0.0200253742704897,2023,2023-03-31,learned_vol_interaction,20260911,0.6457437922635193,0.6457437922635193,1,0
weekly_global_ungated,2993,2023-05-26,2023-06-05,-0.0003935703040848,2023,2023-03-31,learned_vol_interaction,20260911,0.4301831592610617,0.4301831592610617,0,0
weekly_global_ungated,2998,2023-06-02,2023-06-12,-0.0086075595250429,2023,2023-03-31,learned_vol_interaction,20260911,0.338886374171576,0.338886374171576,0,0
weekly_global_ungated,3003,2023-06-09,2023-06-19,0.0338878539347273,2023,2023-03-31,learned_vol_interaction,20260911,0.4064241379204585,0.4064241379204585,0,1
weekly_global_ungated,3008,2023-06-16,2023-07-03,-0.026216632171098,2023,2023-03-31,learned_vol_interaction,20260911,0.38276350654589003,0.38276350654589003,0,0
weekly_global_ungated,3016,2023-06-30,2023-07-10,-0.0030441518806006,2023,2023-03-31,learned_vol_interaction,20260911,0.42071974649180033,0.42071974649180033,0,0
weekly_state_validated,2961,2023-04-07,2023-04-17,-0.0101500238382772,2023,2023-03-31,learned_vol_interaction,20260912,0.6574524863442807,0.6574524863442807,1,0
weekly_state_validated,2966,2023-04-14,2023-04-24,-0.014368947230732,2023,2023-03-31,learned_vol_interaction,20260912,0.37636812323839336,0.37636812323839336,0,0
weekly_state_validated,2971,2023-04-21,2023-05-04,-0.0044228908788729,2023,2023-03-31,learned_vol_interaction,20260912,0.32843574732408615,0.32843574732408615,0,0
weekly_state_validated,2976,2023-04-28,2023-05-10,0.0036477163153083,2023,2023-03-31,learned_vol_interaction,20260912,0.47644399303156704,0.47644399303156704,0,1
weekly_state_validated,2978,2023-05-05,2023-05-15,-0.0221642407977935,2023,2023-03-31,learned_vol_interaction,20260912,0.30788719174740625,0.30788719174740625,0,0
weekly_state_validated,2983,2023-05-12,2023-05-22,0.0005509250208819,2023,2023-03-31,learned_vol_interaction,20260912,0.42598051823633404,0.42598051823633404,0,1
weekly_state_validated,2988,2023-05-19,2023-05-29,-0.0200253742704897,2023,2023-03-31,learned_vol_interaction,20260912,0.6767118241469199,0.6767118241469199,1,0
weekly_state_validated,2993,2023-05-26,2023-06-05,-0.0003935703040848,2023,2023-03-31,learned_vol_interaction,20260912,0.4883023609978598,0.4883023609978598,0,0
weekly_state_validated,2998,2023-06-02,2023-06-12,-0.0086075595250429,2023,2023-03-31,learned_vol_interaction,20260912,0.3935432366359235,0.3935432366359235,0,0
weekly_state_validated,3003,2023-06-09,2023-06-19,0.0338878539347273,2023,2023-03-31,learned_vol_interaction,20260912,0.27933481732197507,0.27933481732197507,0,1
weekly_state_validated,3008,2023-06-16,2023-07-03,-0.026216632171098,2023,2023-03-31,learned_vol_interaction,20260912,0.29070233426464753,0.29070233426464753,0,0
weekly_state_validated,3016,2023-06-30,2023-07-10,-0.0030441518806006,2023,2023-03-31,learned_vol_interaction,20260912,0.6177370664994124,0.6177370664994124,1,0
weekly_state_ungated,2961,2023-04-07,2023-04-17,-0.0101500238382772,2023,2023-03-31,learned_vol_interaction,20260912,0.6352173904529266,0.6352173904529266,1,0
weekly_state_ungated,2966,2023-04-14,2023-04-24,-0.014368947230732,2023,2023-03-31,learned_vol_interaction,20260912,0.3538201907395114,0.3538201907395114,0,0
weekly_state_ungated,2971,2023-04-21,2023-05-04,-0.0044228908788729,2023,2023-03-31,learned_vol_interaction,20260912,0.2953717179928491,0.2953717179928491,0,0
weekly_state_ungated,2976,2023-04-28,2023-05-10,0.0036477163153083,2023,2023-03-31,learned_vol_interaction,20260912,0.43820230110570413,0.43820230110570413,0,1
weekly_state_ungated,2978,2023-05-05,2023-05-15,-0.0221642407977935,2023,2023-03-31,learned_vol_interaction,20260912,0.2760415081552506,0.2760415081552506,0,0
weekly_state_ungated,2983,2023-05-12,2023-05-22,0.0005509250208819,2023,2023-03-31,learned_vol_interaction,20260912,0.3887814966278757,0.3887814966278757,0,1
weekly_state_ungated,2988,2023-05-19,2023-05-29,-0.0200253742704897,2023,2023-03-31,learned_vol_interaction,20260912,0.6421100334507747,0.6421100334507747,1,0
weekly_state_ungated,2993,2023-05-26,2023-06-05,-0.0003935703040848,2023,2023-03-31,learned_vol_interaction,20260912,0.4499268133124579,0.4499268133124579,0,0
weekly_state_ungated,2998,2023-06-02,2023-06-12,-0.0086075595250429,2023,2023-03-31,learned_vol_interaction,20260912,0.3574130996943933,0.3574130996943933,0,0
weekly_state_ungated,3003,2023-06-09,2023-06-19,0.0338878539347273,2023,2023-03-31,learned_vol_interaction,20260912,0.24937828911902346,0.24937828911902346,0,1
weekly_state_ungated,3008,2023-06-16,2023-07-03,-0.026216632171098,2023,2023-03-31,learned_vol_interaction,20260912,0.2710559226149649,0.2710559226149649,0,0
weekly_state_ungated,3016,2023-06-30,2023-07-10,-0.0030441518806006,2023,2023-03-31,learned_vol_interaction,20260912,0.5807339180409743,0.5807339180409743,1,0
weekly_global_validated,2961,2023-04-07,2023-04-17,-0.0101500238382772,2023,2023-03-31,learned_vol_interaction,20260912,0.6574524863442807,0.6574524863442807,1,0
weekly_global_validated,2966,2023-04-14,2023-04-24,-0.014368947230732,2023,2023-03-31,learned_vol_interaction,20260912,0.37636812323839336,0.37636812323839336,0,0
weekly_global_validated,2971,2023-04-21,2023-05-04,-0.0044228908788729,2023,2023-03-31,learned_vol_interaction,20260912,0.32843574732408615,0.32843574732408615,0,0
weekly_global_validated,2976,2023-04-28,2023-05-10,0.0036477163153083,2023,2023-03-31,learned_vol_interaction,20260912,0.47644399303156704,0.47644399303156704,0,1
weekly_global_validated,2978,2023-05-05,2023-05-15,-0.0221642407977935,2023,2023-03-31,learned_vol_interaction,20260912,0.30788719174740625,0.30788719174740625,0,0
weekly_global_validated,2983,2023-05-12,2023-05-22,0.0005509250208819,2023,2023-03-31,learned_vol_interaction,20260912,0.42598051823633404,0.42598051823633404,0,1
weekly_global_validated,2988,2023-05-19,2023-05-29,-0.0200253742704897,2023,2023-03-31,learned_vol_interaction,20260912,0.6767118241469199,0.6767118241469199,1,0
weekly_global_validated,2993,2023-05-26,2023-06-05,-0.0003935703040848,2023,2023-03-31,learned_vol_interaction,20260912,0.4883023609978598,0.4883023609978598,0,0
weekly_global_validated,2998,2023-06-02,2023-06-12,-0.0086075595250429,2023,2023-03-31,learned_vol_interaction,20260912,0.3935432366359235,0.3935432366359235,0,0
weekly_global_validated,3003,2023-06-09,2023-06-19,0.0338878539347273,2023,2023-03-31,learned_vol_interaction,20260912,0.27933481732197507,0.27933481732197507,0,1
weekly_global_validated,3008,2023-06-16,2023-07-03,-0.026216632171098,2023,2023-03-31,learned_vol_interaction,20260912,0.29070233426464753,0.29070233426464753,0,0
weekly_global_validated,3016,2023-06-30,2023-07-10,-0.0030441518806006,2023,2023-03-31,learned_vol_interaction,20260912,0.6177370664994124,0.6177370664994124,1,0
weekly_global_ungated,2961,2023-04-07,2023-04-17,-0.0101500238382772,2023,2023-03-31,learned_vol_interaction,20260912,0.5982050041007435,0.5982050041007435,1,0
weekly_global_ungated,2966,2023-04-14,2023-04-24,-0.014368947230732,2023,2023-03-31,learned_vol_interaction,20260912,0.3188714204248965,0.3188714204248965,0,0
weekly_global_ungated,2971,2023-04-21,2023-05-04,-0.0044228908788729,2023,2023-03-31,learned_vol_interaction,20260912,0.2750321952964478,0.2750321952964478,0,0
weekly_global_ungated,2976,2023-04-28,2023-05-10,0.0036477163153083,2023,2023-03-31,learned_vol_interaction,20260912,0.413803352510081,0.413803352510081,0,1
weekly_global_ungated,2978,2023-05-05,2023-05-15,-0.0221642407977935,2023,2023-03-31,learned_vol_interaction,20260912,0.2565484402202985,0.2565484402202985,0,0
weekly_global_ungated,2983,2023-05-12,2023-05-22,0.0005509250208819,2023,2023-03-31,learned_vol_interaction,20260912,0.36534479106300777,0.36534479106300777,0,1
weekly_global_ungated,2988,2023-05-19,2023-05-29,-0.0200253742704897,2023,2023-03-31,learned_vol_interaction,20260912,0.6188643592630557,0.6188643592630557,1,0
weekly_global_ungated,2993,2023-05-26,2023-06-05,-0.0003935703040848,2023,2023-03-31,learned_vol_interaction,20260912,0.42536933307318503,0.42536933307318503,0,0
weekly_global_ungated,2998,2023-06-02,2023-06-12,-0.0086075595250429,2023,2023-03-31,learned_vol_interaction,20260912,0.33483146964996857,0.33483146964996857,0,0
weekly_global_ungated,3003,2023-06-09,2023-06-19,0.0338878539347273,2023,2023-03-31,learned_vol_interaction,20260912,0.23116686703755887,0.23116686703755887,0,1
weekly_global_ungated,3008,2023-06-16,2023-07-03,-0.026216632171098,2023,2023-03-31,learned_vol_interaction,20260912,0.24123033241659655,0.24123033241659655,0,0
weekly_global_ungated,3016,2023-06-30,2023-07-10,-0.0030441518806006,2023,2023-03-31,learned_vol_interaction,20260912,0.5562566957000614,0.5562566957000614,1,0
weekly_state_validated,2961,2023-04-07,2023-04-17,-0.0101500238382772,2023,2023-03-31,learned_order_extension,20260910,0.5803253034213908,0.5803253034213908,1,0
weekly_state_validated,2966,2023-04-14,2023-04-24,-0.014368947230732,2023,2023-03-31,learned_order_extension,20260910,0.3132796546081912,0.3132796546081912,0,0
weekly_state_validated,2971,2023-04-21,2023-05-04,-0.0044228908788729,2023,2023-03-31,learned_order_extension,20260910,0.5129717529119044,0.5129717529119044,1,0
weekly_state_validated,2976,2023-04-28,2023-05-10,0.0036477163153083,2023,2023-03-31,learned_order_extension,20260910,0.3973579997453356,0.3973579997453356,0,1
weekly_state_validated,2978,2023-05-05,2023-05-15,-0.0221642407977935,2023,2023-03-31,learned_order_extension,20260910,0.4552249172640749,0.4552249172640749,0,0
weekly_state_validated,2983,2023-05-12,2023-05-22,0.0005509250208819,2023,2023-03-31,learned_order_extension,20260910,0.3862794729795211,0.3862794729795211,0,1
weekly_state_validated,2988,2023-05-19,2023-05-29,-0.0200253742704897,2023,2023-03-31,learned_order_extension,20260910,0.558285474010296,0.558285474010296,1,0
weekly_state_validated,2993,2023-05-26,2023-06-05,-0.0003935703040848,2023,2023-03-31,learned_order_extension,20260910,0.5195420946101187,0.5195420946101187,1,0
weekly_state_validated,2998,2023-06-02,2023-06-12,-0.0086075595250429,2023,2023-03-31,learned_order_extension,20260910,0.4764646687624865,0.4764646687624865,0,0
weekly_state_validated,3003,2023-06-09,2023-06-19,0.0338878539347273,2023,2023-03-31,learned_order_extension,20260910,0.4399504044091518,0.4399504044091518,0,1
weekly_state_validated,3008,2023-06-16,2023-07-03,-0.026216632171098,2023,2023-03-31,learned_order_extension,20260910,0.4403657460993596,0.4403657460993596,0,0
weekly_state_validated,3016,2023-06-30,2023-07-10,-0.0030441518806006,2023,2023-03-31,learned_order_extension,20260910,0.44347540699034627,0.44347540699034627,0,0
weekly_state_ungated,2961,2023-04-07,2023-04-17,-0.0101500238382772,2023,2023-03-31,learned_order_extension,20260910,0.5424189993403035,0.5424189993403035,1,0
weekly_state_ungated,2966,2023-04-14,2023-04-24,-0.014368947230732,2023,2023-03-31,learned_order_extension,20260910,0.28113168999738347,0.28113168999738347,0,0
weekly_state_ungated,2971,2023-04-21,2023-05-04,-0.0044228908788729,2023,2023-03-31,learned_order_extension,20260910,0.47638695870337333,0.47638695870337333,0,0
weekly_state_ungated,2976,2023-04-28,2023-05-10,0.0036477163153083,2023,2023-03-31,learned_order_extension,20260910,0.3628751444576035,0.3628751444576035,0,1
weekly_state_ungated,2978,2023-05-05,2023-05-15,-0.0221642407977935,2023,2023-03-31,learned_order_extension,20260910,0.4192135852685792,0.4192135852685792,0,0
weekly_state_ungated,2983,2023-05-12,2023-05-22,0.0005509250208819,2023,2023-03-31,learned_order_extension,20260910,0.35219615533638077,0.35219615533638077,0,1
weekly_state_ungated,2988,2023-05-19,2023-05-29,-0.0200253742704897,2023,2023-03-31,learned_order_extension,20260910,0.5219322904282772,0.5219322904282772,1,0
weekly_state_ungated,2993,2023-05-26,2023-06-05,-0.0003935703040848,2023,2023-03-31,learned_order_extension,20260910,0.4829533797843805,0.4829533797843805,0,0
weekly_state_ungated,2998,2023-06-02,2023-06-12,-0.0086075595250429,2023,2023-03-31,learned_order_extension,20260910,0.4401305901250342,0.4401305901250342,0,0
weekly_state_ungated,3003,2023-06-09,2023-06-19,0.0338878539347273,2023,2023-03-31,learned_order_extension,20260910,0.4042507566256136,0.4042507566256136,0,1
weekly_state_ungated,3008,2023-06-16,2023-07-03,-0.026216632171098,2023,2023-03-31,learned_order_extension,20260910,0.40282645736955874,0.40282645736955874,0,0
weekly_state_ungated,3016,2023-06-30,2023-07-10,-0.0030441518806006,2023,2023-03-31,learned_order_extension,20260910,0.4076979483288217,0.4076979483288217,0,0
weekly_global_validated,2961,2023-04-07,2023-04-17,-0.0101500238382772,2023,2023-03-31,learned_order_extension,20260910,0.5803253034213908,0.5803253034213908,1,0
weekly_global_validated,2966,2023-04-14,2023-04-24,-0.014368947230732,2023,2023-03-31,learned_order_extension,20260910,0.3132796546081912,0.3132796546081912,0,0
weekly_global_validated,2971,2023-04-21,2023-05-04,-0.0044228908788729,2023,2023-03-31,learned_order_extension,20260910,0.5129717529119044,0.5129717529119044,1,0
weekly_global_validated,2976,2023-04-28,2023-05-10,0.0036477163153083,2023,2023-03-31,learned_order_extension,20260910,0.3973579997453356,0.3973579997453356,0,1
weekly_global_validated,2978,2023-05-05,2023-05-15,-0.0221642407977935,2023,2023-03-31,learned_order_extension,20260910,0.4552249172640749,0.4552249172640749,0,0
weekly_global_validated,2983,2023-05-12,2023-05-22,0.0005509250208819,2023,2023-03-31,learned_order_extension,20260910,0.3862794729795211,0.3862794729795211,0,1
weekly_global_validated,2988,2023-05-19,2023-05-29,-0.0200253742704897,2023,2023-03-31,learned_order_extension,20260910,0.558285474010296,0.558285474010296,1,0
weekly_global_validated,2993,2023-05-26,2023-06-05,-0.0003935703040848,2023,2023-03-31,learned_order_extension,20260910,0.5195420946101187,0.5195420946101187,1,0
weekly_global_validated,2998,2023-06-02,2023-06-12,-0.0086075595250429,2023,2023-03-31,learned_order_extension,20260910,0.4764646687624865,0.4764646687624865,0,0
weekly_global_validated,3003,2023-06-09,2023-06-19,0.0338878539347273,2023,2023-03-31,learned_order_extension,20260910,0.4399504044091518,0.4399504044091518,0,1
weekly_global_validated,3008,2023-06-16,2023-07-03,-0.026216632171098,2023,2023-03-31,learned_order_extension,20260910,0.4403657460993596,0.4403657460993596,0,0
weekly_global_validated,3016,2023-06-30,2023-07-10,-0.0030441518806006,2023,2023-03-31,learned_order_extension,20260910,0.44347540699034627,0.44347540699034627,0,0
weekly_global_ungated,2961,2023-04-07,2023-04-17,-0.0101500238382772,2023,2023-03-31,learned_order_extension,20260910,0.48777685041242613,0.48777685041242613,0,0
weekly_global_ungated,2966,2023-04-14,2023-04-24,-0.014368947230732,2023,2023-03-31,learned_order_extension,20260910,0.23905959650326927,0.23905959650326927,0,0
weekly_global_ungated,2971,2023-04-21,2023-05-04,-0.0044228908788729,2023,2023-03-31,learned_order_extension,20260910,0.42040461798474776,0.42040461798474776,0,0
weekly_global_ungated,2976,2023-04-28,2023-05-10,0.0036477163153083,2023,2023-03-31,learned_order_extension,20260910,0.3122766915478981,0.3122766915478981,0,1
weekly_global_ungated,2978,2023-05-05,2023-05-15,-0.0221642407977935,2023,2023-03-31,learned_order_extension,20260910,0.3652630983871634,0.3652630983871634,0,0
weekly_global_ungated,2983,2023-05-12,2023-05-22,0.0005509250208819,2023,2023-03-31,learned_order_extension,20260910,0.3023800494950642,0.3023800494950642,0,1
weekly_global_ungated,2988,2023-05-19,2023-05-29,-0.0200253742704897,2023,2023-03-31,learned_order_extension,20260910,0.46535444580373275,0.46535444580373275,0,0
weekly_global_ungated,2993,2023-05-26,2023-06-05,-0.0003935703040848,2023,2023-03-31,learned_order_extension,20260910,0.42682840742603906,0.42682840742603906,0,0
weekly_global_ungated,2998,2023-06-02,2023-06-12,-0.0086075595250429,2023,2023-03-31,learned_order_extension,20260910,0.3852739167334015,0.3852739167334015,0,0
weekly_global_ungated,3003,2023-06-09,2023-06-19,0.0338878539347273,2023,2023-03-31,learned_order_extension,20260910,0.3510619357075397,0.3510619357075397,0,1
weekly_global_ungated,3008,2023-06-16,2023-07-03,-0.026216632171098,2023,2023-03-31,learned_order_extension,20260910,0.35144602074355547,0.35144602074355547,0,0
weekly_global_ungated,3016,2023-06-30,2023-07-10,-0.0030441518806006,2023,2023-03-31,learned_order_extension,20260910,0.35432532476745204,0.35432532476745204,0,0
weekly_state_validated,2961,2023-04-07,2023-04-17,-0.0101500238382772,2023,2023-03-31,learned_order_extension,20260911,0.5048460180326865,0.5048460180326865,1,0
weekly_state_validated,2966,2023-04-14,2023-04-24,-0.014368947230732,2023,2023-03-31,learned_order_extension,20260911,0.49439461564860404,0.49439461564860404,0,0
weekly_state_validated,2971,2023-04-21,2023-05-04,-0.0044228908788729,2023,2023-03-31,learned_order_extension,20260911,0.39936804356030803,0.39936804356030803,0,0
weekly_state_validated,2976,2023-04-28,2023-05-10,0.0036477163153083,2023,2023-03-31,learned_order_extension,20260911,0.37816937180792504,0.37816937180792504,0,1
weekly_state_validated,2978,2023-05-05,2023-05-15,-0.0221642407977935,2023,2023-03-31,learned_order_extension,20260911,0.3826637989359542,0.3826637989359542,0,0
weekly_state_validated,2983,2023-05-12,2023-05-22,0.0005509250208819,2023,2023-03-31,learned_order_extension,20260911,0.5207604762186022,0.5207604762186022,1,1
weekly_state_validated,2988,2023-05-19,2023-05-29,-0.0200253742704897,2023,2023-03-31,learned_order_extension,20260911,0.7111561389087265,0.7111561389087265,1,0
weekly_state_validated,2993,2023-05-26,2023-06-05,-0.0003935703040848,2023,2023-03-31,learned_order_extension,20260911,0.5113938646839422,0.5113938646839422,1,0
weekly_state_validated,2998,2023-06-02,2023-06-12,-0.0086075595250429,2023,2023-03-31,learned_order_extension,20260911,0.4176728512227212,0.4176728512227212,0,0
weekly_state_validated,3003,2023-06-09,2023-06-19,0.0338878539347273,2023,2023-03-31,learned_order_extension,20260911,0.4874736850302981,0.4874736850302981,0,1
weekly_state_validated,3008,2023-06-16,2023-07-03,-0.026216632171098,2023,2023-03-31,learned_order_extension,20260911,0.4634868787327687,0.4634868787327687,0,0
weekly_state_validated,3016,2023-06-30,2023-07-10,-0.0030441518806006,2023,2023-03-31,learned_order_extension,20260911,0.4996986134035337,0.4996986134035337,0,0
weekly_state_ungated,2961,2023-04-07,2023-04-17,-0.0101500238382772,2023,2023-03-31,learned_order_extension,20260911,0.4671594222126166,0.4671594222126166,0,0
weekly_state_ungated,2966,2023-04-14,2023-04-24,-0.014368947230732,2023,2023-03-31,learned_order_extension,20260911,0.4567685022597124,0.4567685022597124,0,0
weekly_state_ungated,2971,2023-04-21,2023-05-04,-0.0044228908788729,2023,2023-03-31,learned_order_extension,20260911,0.3558576169420361,0.3558576169420361,0,0
weekly_state_ungated,2976,2023-04-28,2023-05-10,0.0036477163153083,2023,2023-03-31,learned_order_extension,20260911,0.3356777501820952,0.3356777501820952,0,1
weekly_state_ungated,2978,2023-05-05,2023-05-15,-0.0221642407977935,2023,2023-03-31,learned_order_extension,20260911,0.33994325147068405,0.33994325147068405,0,0
weekly_state_ungated,2983,2023-05-12,2023-05-22,0.0005509250208819,2023,2023-03-31,learned_order_extension,20260911,0.4744720997751802,0.4744720997751802,0,1
weekly_state_ungated,2988,2023-05-19,2023-05-29,-0.0200253742704897,2023,2023-03-31,learned_order_extension,20260911,0.6716628665012827,0.6716628665012827,1,0
weekly_state_ungated,2993,2023-05-26,2023-06-05,-0.0003935703040848,2023,2023-03-31,learned_order_extension,20260911,0.46513000009483374,0.46513000009483374,0,0
weekly_state_ungated,2998,2023-06-02,2023-06-12,-0.0086075595250429,2023,2023-03-31,learned_order_extension,20260911,0.3734079737871466,0.3734079737871466,0,0
weekly_state_ungated,3003,2023-06-09,2023-06-19,0.0338878539347273,2023,2023-03-31,learned_order_extension,20260911,0.44141880649687754,0.44141880649687754,0,1
weekly_state_ungated,3008,2023-06-16,2023-07-03,-0.026216632171098,2023,2023-03-31,learned_order_extension,20260911,0.426230046148197,0.426230046148197,0,0
weekly_state_ungated,3016,2023-06-30,2023-07-10,-0.0030441518806006,2023,2023-03-31,learned_order_extension,20260911,0.4535107441825432,0.4535107441825432,0,0
weekly_global_validated,2961,2023-04-07,2023-04-17,-0.0101500238382772,2023,2023-03-31,learned_order_extension,20260911,0.5048460180326865,0.5048460180326865,1,0
weekly_global_validated,2966,2023-04-14,2023-04-24,-0.014368947230732,2023,2023-03-31,learned_order_extension,20260911,0.49439461564860404,0.49439461564860404,0,0
weekly_global_validated,2971,2023-04-21,2023-05-04,-0.0044228908788729,2023,2023-03-31,learned_order_extension,20260911,0.39936804356030803,0.39936804356030803,0,0
weekly_global_validated,2976,2023-04-28,2023-05-10,0.0036477163153083,2023,2023-03-31,learned_order_extension,20260911,0.37816937180792504,0.37816937180792504,0,1
weekly_global_validated,2978,2023-05-05,2023-05-15,-0.0221642407977935,2023,2023-03-31,learned_order_extension,20260911,0.3826637989359542,0.3826637989359542,0,0
weekly_global_validated,2983,2023-05-12,2023-05-22,0.0005509250208819,2023,2023-03-31,learned_order_extension,20260911,0.5207604762186022,0.5207604762186022,1,1
weekly_global_validated,2988,2023-05-19,2023-05-29,-0.0200253742704897,2023,2023-03-31,learned_order_extension,20260911,0.7111561389087265,0.7111561389087265,1,0
weekly_global_validated,2993,2023-05-26,2023-06-05,-0.0003935703040848,2023,2023-03-31,learned_order_extension,20260911,0.5113938646839422,0.5113938646839422,1,0
weekly_global_validated,2998,2023-06-02,2023-06-12,-0.0086075595250429,2023,2023-03-31,learned_order_extension,20260911,0.4176728512227212,0.4176728512227212,0,0
weekly_global_validated,3003,2023-06-09,2023-06-19,0.0338878539347273,2023,2023-03-31,learned_order_extension,20260911,0.4874736850302981,0.4874736850302981,0,1
weekly_global_validated,3008,2023-06-16,2023-07-03,-0.026216632171098,2023,2023-03-31,learned_order_extension,20260911,0.4634868787327687,0.4634868787327687,0,0
weekly_global_validated,3016,2023-06-30,2023-07-10,-0.0030441518806006,2023,2023-03-31,learned_order_extension,20260911,0.4996986134035337,0.4996986134035337,0,0
weekly_global_ungated,2961,2023-04-07,2023-04-17,-0.0101500238382772,2023,2023-03-31,learned_order_extension,20260911,0.4179940702772668,0.4179940702772668,0,0
weekly_global_ungated,2966,2023-04-14,2023-04-24,-0.014368947230732,2023,2023-03-31,learned_order_extension,20260911,0.40785965452214895,0.40785965452214895,0,0
weekly_global_ungated,2971,2023-04-21,2023-05-04,-0.0044228908788729,2023,2023-03-31,learned_order_extension,20260911,0.3189726675098835,0.3189726675098835,0,0
weekly_global_ungated,2976,2023-04-28,2023-05-10,0.0036477163153083,2023,2023-03-31,learned_order_extension,20260911,0.29991059101459133,0.29991059101459133,0,1
weekly_global_ungated,2978,2023-05-05,2023-05-15,-0.0221642407977935,2023,2023-03-31,learned_order_extension,20260911,0.3039295285785897,0.3039295285785897,0,0
weekly_global_ungated,2983,2023-05-12,2023-05-22,0.0005509250208819,2023,2023-03-31,learned_order_extension,20260911,0.433567999478871,0.433567999478871,0,1
weekly_global_ungated,2988,2023-05-19,2023-05-29,-0.0200253742704897,2023,2023-03-31,learned_order_extension,20260911,0.6342765641657045,0.6342765641657045,1,0
weekly_global_ungated,2993,2023-05-26,2023-06-05,-0.0003935703040848,2023,2023-03-31,learned_order_extension,20260911,0.42438090913312576,0.42438090913312576,0,0
weekly_global_ungated,2998,2023-06-02,2023-06-12,-0.0086075595250429,2023,2023-03-31,learned_order_extension,20260911,0.33565182231874907,0.33565182231874907,0,0
weekly_global_ungated,3003,2023-06-09,2023-06-19,0.0338878539347273,2023,2023-03-31,learned_order_extension,20260911,0.4011888965124369,0.4011888965124369,0,1
weekly_global_ungated,3008,2023-06-16,2023-07-03,-0.026216632171098,2023,2023-03-31,learned_order_extension,20260911,0.3783139038619732,0.3783139038619732,0,0
weekly_global_ungated,3016,2023-06-30,2023-07-10,-0.0030441518806006,2023,2023-03-31,learned_order_extension,20260911,0.41299360262351825,0.41299360262351825,0,0
weekly_state_validated,2961,2023-04-07,2023-04-17,-0.0101500238382772,2023,2023-03-31,learned_order_extension,20260912,0.637499787070465,0.637499787070465,1,0
weekly_state_validated,2966,2023-04-14,2023-04-24,-0.014368947230732,2023,2023-03-31,learned_order_extension,20260912,0.39981071424461395,0.39981071424461395,0,0
weekly_state_validated,2971,2023-04-21,2023-05-04,-0.0044228908788729,2023,2023-03-31,learned_order_extension,20260912,0.3696006256220921,0.3696006256220921,0,0
weekly_state_validated,2976,2023-04-28,2023-05-10,0.0036477163153083,2023,2023-03-31,learned_order_extension,20260912,0.4688564801514378,0.4688564801514378,0,1
weekly_state_validated,2978,2023-05-05,2023-05-15,-0.0221642407977935,2023,2023-03-31,learned_order_extension,20260912,0.35316398446807334,0.35316398446807334,0,0
weekly_state_validated,2983,2023-05-12,2023-05-22,0.0005509250208819,2023,2023-03-31,learned_order_extension,20260912,0.4594935783345266,0.4594935783345266,0,1
weekly_state_validated,2988,2023-05-19,2023-05-29,-0.0200253742704897,2023,2023-03-31,learned_order_extension,20260912,0.5613551046736279,0.5613551046736279,1,0
weekly_state_validated,2993,2023-05-26,2023-06-05,-0.0003935703040848,2023,2023-03-31,learned_order_extension,20260912,0.4825311640837267,0.4825311640837267,0,0
weekly_state_validated,2998,2023-06-02,2023-06-12,-0.0086075595250429,2023,2023-03-31,learned_order_extension,20260912,0.43993698612115767,0.43993698612115767,0,0
weekly_state_validated,3003,2023-06-09,2023-06-19,0.0338878539347273,2023,2023-03-31,learned_order_extension,20260912,0.35568367267039286,0.35568367267039286,0,1
weekly_state_validated,3008,2023-06-16,2023-07-03,-0.026216632171098,2023,2023-03-31,learned_order_extension,20260912,0.39069608421932794,0.39069608421932794,0,0
weekly_state_validated,3016,2023-06-30,2023-07-10,-0.0030441518806006,2023,2023-03-31,learned_order_extension,20260912,0.5677359269311923,0.5677359269311923,1,0
weekly_state_ungated,2961,2023-04-07,2023-04-17,-0.0101500238382772,2023,2023-03-31,learned_order_extension,20260912,0.61541574193248,0.61541574193248,1,0
weekly_state_ungated,2966,2023-04-14,2023-04-24,-0.014368947230732,2023,2023-03-31,learned_order_extension,20260912,0.37738849212997144,0.37738849212997144,0,0
weekly_state_ungated,2971,2023-04-21,2023-05-04,-0.0044228908788729,2023,2023-03-31,learned_order_extension,20260912,0.33684153245614656,0.33684153245614656,0,0
weekly_state_ungated,2976,2023-04-28,2023-05-10,0.0036477163153083,2023,2023-03-31,learned_order_extension,20260912,0.43334746623978293,0.43334746623978293,0,1
weekly_state_ungated,2978,2023-05-05,2023-05-15,-0.0221642407977935,2023,2023-03-31,learned_order_extension,20260912,0.3211196310752144,0.3211196310752144,0,0
weekly_state_ungated,2983,2023-05-12,2023-05-22,0.0005509250208819,2023,2023-03-31,learned_order_extension,20260912,0.4241274361598847,0.4241274361598847,0,1
weekly_state_ungated,2988,2023-05-19,2023-05-29,-0.0200253742704897,2023,2023-03-31,learned_order_extension,20260912,0.525775287481016,0.525775287481016,1,0
weekly_state_ungated,2993,2023-05-26,2023-06-05,-0.0003935703040848,2023,2023-03-31,learned_order_extension,20260912,0.44685780457415014,0.44685780457415014,0,0
weekly_state_ungated,2998,2023-06-02,2023-06-12,-0.0086075595250429,2023,2023-03-31,learned_order_extension,20260912,0.4049483517565433,0.4049483517565433,0,0
weekly_state_ungated,3003,2023-06-09,2023-06-19,0.0338878539347273,2023,2023-03-31,learned_order_extension,20260912,0.3235250450866185,0.3235250450866185,0,1
weekly_state_ungated,3008,2023-06-16,2023-07-03,-0.026216632171098,2023,2023-03-31,learned_order_extension,20260912,0.368471211109076,0.368471211109076,0,0
weekly_state_ungated,3016,2023-06-30,2023-07-10,-0.0030441518806006,2023,2023-03-31,learned_order_extension,20260912,0.5322424063819972,0.5322424063819972,1,0
weekly_global_validated,2961,2023-04-07,2023-04-17,-0.0101500238382772,2023,2023-03-31,learned_order_extension,20260912,0.637499787070465,0.637499787070465,1,0
weekly_global_validated,2966,2023-04-14,2023-04-24,-0.014368947230732,2023,2023-03-31,learned_order_extension,20260912,0.39981071424461395,0.39981071424461395,0,0
weekly_global_validated,2971,2023-04-21,2023-05-04,-0.0044228908788729,2023,2023-03-31,learned_order_extension,20260912,0.3696006256220921,0.3696006256220921,0,0
weekly_global_validated,2976,2023-04-28,2023-05-10,0.0036477163153083,2023,2023-03-31,learned_order_extension,20260912,0.4688564801514378,0.4688564801514378,0,1
weekly_global_validated,2978,2023-05-05,2023-05-15,-0.0221642407977935,2023,2023-03-31,learned_order_extension,20260912,0.35316398446807334,0.35316398446807334,0,0
weekly_global_validated,2983,2023-05-12,2023-05-22,0.0005509250208819,2023,2023-03-31,learned_order_extension,20260912,0.4594935783345266,0.4594935783345266,0,1
weekly_global_validated,2988,2023-05-19,2023-05-29,-0.0200253742704897,2023,2023-03-31,learned_order_extension,20260912,0.5613551046736279,0.5613551046736279,1,0
weekly_global_validated,2993,2023-05-26,2023-06-05,-0.0003935703040848,2023,2023-03-31,learned_order_extension,20260912,0.4825311640837267,0.4825311640837267,0,0
weekly_global_validated,2998,2023-06-02,2023-06-12,-0.0086075595250429,2023,2023-03-31,learned_order_extension,20260912,0.43993698612115767,0.43993698612115767,0,0
weekly_global_validated,3003,2023-06-09,2023-06-19,0.0338878539347273,2023,2023-03-31,learned_order_extension,20260912,0.35568367267039286,0.35568367267039286,0,1
weekly_global_validated,3008,2023-06-16,2023-07-03,-0.026216632171098,2023,2023-03-31,learned_order_extension,20260912,0.39069608421932794,0.39069608421932794,0,0
weekly_global_validated,3016,2023-06-30,2023-07-10,-0.0030441518806006,2023,2023-03-31,learned_order_extension,20260912,0.5677359269311923,0.5677359269311923,1,0
weekly_global_ungated,2961,2023-04-07,2023-04-17,-0.0101500238382772,2023,2023-03-31,learned_order_extension,20260912,0.5796195502956504,0.5796195502956504,1,0
weekly_global_ungated,2966,2023-04-14,2023-04-24,-0.014368947230732,2023,2023-03-31,learned_order_extension,20260912,0.3430862325018827,0.3430862325018827,0,0
weekly_global_ungated,2971,2023-04-21,2023-05-04,-0.0044228908788729,2023,2023-03-31,learned_order_extension,20260912,0.31491339674220875,0.31491339674220875,0,0
weekly_global_ungated,2976,2023-04-28,2023-05-10,0.0036477163153083,2023,2023-03-31,learned_order_extension,20260912,0.4090116578937,0.4090116578937,0,1
weekly_global_ungated,2978,2023-05-05,2023-05-15,-0.0221642407977935,2023,2023-03-31,learned_order_extension,20260912,0.2997523574040112,0.2997523574040112,0,0
weekly_global_ungated,2983,2023-05-12,2023-05-22,0.0005509250208819,2023,2023-03-31,learned_order_extension,20260912,0.3999439569438124,0.3999439569438124,0,1
weekly_global_ungated,2988,2023-05-19,2023-05-29,-0.0200253742704897,2023,2023-03-31,learned_order_extension,20260912,0.5008366053390052,0.5008366053390052,1,0
weekly_global_ungated,2993,2023-05-26,2023-06-05,-0.0003935703040848,2023,2023-03-31,learned_order_extension,20260912,0.4223287563333798,0.4223287563333798,0,0
weekly_global_ungated,2998,2023-06-02,2023-06-12,-0.0086075595250429,2023,2023-03-31,learned_order_extension,20260912,0.3811346788748454,0.3811346788748454,0,0
weekly_global_ungated,3003,2023-06-09,2023-06-19,0.0338878539347273,2023,2023-03-31,learned_order_extension,20260912,0.3020689325675684,0.3020689325675684,0,1
weekly_global_ungated,3008,2023-06-16,2023-07-03,-0.026216632171098,2023,2023-03-31,learned_order_extension,20260912,0.33454396223237315,0.33454396223237315,0,0
weekly_global_ungated,3016,2023-06-30,2023-07-10,-0.0030441518806006,2023,2023-03-31,learned_order_extension,20260912,0.5073251350714103,0.5073251350714103,1,0
weekly_state_validated,2961,2023-04-07,2023-04-17,-0.0101500238382772,2023,2023-03-31,learned_order_offset,20260910,0.5794010068026585,0.5794010068026585,1,0
weekly_state_validated,2966,2023-04-14,2023-04-24,-0.014368947230732,2023,2023-03-31,learned_order_offset,20260910,0.31197453771328737,0.31197453771328737,0,0
weekly_state_validated,2971,2023-04-21,2023-05-04,-0.0044228908788729,2023,2023-03-31,learned_order_offset,20260910,0.5149450703710334,0.5149450703710334,1,0
weekly_state_validated,2976,2023-04-28,2023-05-10,0.0036477163153083,2023,2023-03-31,learned_order_offset,20260910,0.39823395699918146,0.39823395699918146,0,1
weekly_state_validated,2978,2023-05-05,2023-05-15,-0.0221642407977935,2023,2023-03-31,learned_order_offset,20260910,0.4559542898668919,0.4559542898668919,0,0
weekly_state_validated,2983,2023-05-12,2023-05-22,0.0005509250208819,2023,2023-03-31,learned_order_offset,20260910,0.38735140673750457,0.38735140673750457,0,1
weekly_state_validated,2988,2023-05-19,2023-05-29,-0.0200253742704897,2023,2023-03-31,learned_order_offset,20260910,0.5583236766115218,0.5583236766115218,1,0
weekly_state_validated,2993,2023-05-26,2023-06-05,-0.0003935703040848,2023,2023-03-31,learned_order_offset,20260910,0.5196713253356512,0.5196713253356512,1,0
weekly_state_validated,2998,2023-06-02,2023-06-12,-0.0086075595250429,2023,2023-03-31,learned_order_offset,20260910,0.4774002230107331,0.4774002230107331,0,0
weekly_state_validated,3003,2023-06-09,2023-06-19,0.0338878539347273,2023,2023-03-31,learned_order_offset,20260910,0.44203236200402185,0.44203236200402185,0,1
weekly_state_validated,3008,2023-06-16,2023-07-03,-0.026216632171098,2023,2023-03-31,learned_order_offset,20260910,0.44122158681927054,0.44122158681927054,0,0
weekly_state_validated,3016,2023-06-30,2023-07-10,-0.0030441518806006,2023,2023-03-31,learned_order_offset,20260910,0.4443353288773946,0.4443353288773946,0,0
weekly_state_ungated,2961,2023-04-07,2023-04-17,-0.0101500238382772,2023,2023-03-31,learned_order_offset,20260910,0.5414930598291906,0.5414930598291906,1,0
weekly_state_ungated,2966,2023-04-14,2023-04-24,-0.014368947230732,2023,2023-03-31,learned_order_offset,20260910,0.27991880374495937,0.27991880374495937,0,0
weekly_state_ungated,2971,2023-04-21,2023-05-04,-0.0044228908788729,2023,2023-03-31,learned_order_offset,20260910,0.4783843281898452,0.4783843281898452,0,0
weekly_state_ungated,2976,2023-04-28,2023-05-10,0.0036477163153083,2023,2023-03-31,learned_order_offset,20260910,0.3637455958345202,0.3637455958345202,0,1
weekly_state_ungated,2978,2023-05-05,2023-05-15,-0.0221642407977935,2023,2023-03-31,learned_order_offset,20260910,0.4199556604292823,0.4199556604292823,0,0
weekly_state_ungated,2983,2023-05-12,2023-05-22,0.0005509250208819,2023,2023-03-31,learned_order_offset,20260910,0.3532522589472168,0.3532522589472168,0,1
weekly_state_ungated,2988,2023-05-19,2023-05-29,-0.0200253742704897,2023,2023-03-31,learned_order_offset,20260910,0.5219975008771279,0.5219975008771279,1,0
weekly_state_ungated,2993,2023-05-26,2023-06-05,-0.0003935703040848,2023,2023-03-31,learned_order_offset,20260910,0.48310923712511844,0.48310923712511844,0,0
weekly_state_ungated,2998,2023-06-02,2023-06-12,-0.0086075595250429,2023,2023-03-31,learned_order_offset,20260910,0.441081142287079,0.441081142287079,0,0
weekly_state_ungated,3003,2023-06-09,2023-06-19,0.0338878539347273,2023,2023-03-31,learned_order_offset,20260910,0.406312004164563,0.406312004164563,0,1
weekly_state_ungated,3008,2023-06-16,2023-07-03,-0.026216632171098,2023,2023-03-31,learned_order_offset,20260910,0.4036773608738329,0.4036773608738329,0,0
weekly_state_ungated,3016,2023-06-30,2023-07-10,-0.0030441518806006,2023,2023-03-31,learned_order_offset,20260910,0.40856514019043194,0.40856514019043194,0,0
weekly_global_validated,2961,2023-04-07,2023-04-17,-0.0101500238382772,2023,2023-03-31,learned_order_offset,20260910,0.5794010068026585,0.5794010068026585,1,0
weekly_global_validated,2966,2023-04-14,2023-04-24,-0.014368947230732,2023,2023-03-31,learned_order_offset,20260910,0.31197453771328737,0.31197453771328737,0,0
weekly_global_validated,2971,2023-04-21,2023-05-04,-0.0044228908788729,2023,2023-03-31,learned_order_offset,20260910,0.5149450703710334,0.5149450703710334,1,0
weekly_global_validated,2976,2023-04-28,2023-05-10,0.0036477163153083,2023,2023-03-31,learned_order_offset,20260910,0.39823395699918146,0.39823395699918146,0,1
weekly_global_validated,2978,2023-05-05,2023-05-15,-0.0221642407977935,2023,2023-03-31,learned_order_offset,20260910,0.4559542898668919,0.4559542898668919,0,0
weekly_global_validated,2983,2023-05-12,2023-05-22,0.0005509250208819,2023,2023-03-31,learned_order_offset,20260910,0.38735140673750457,0.38735140673750457,0,1
weekly_global_validated,2988,2023-05-19,2023-05-29,-0.0200253742704897,2023,2023-03-31,learned_order_offset,20260910,0.5583236766115218,0.5583236766115218,1,0
weekly_global_validated,2993,2023-05-26,2023-06-05,-0.0003935703040848,2023,2023-03-31,learned_order_offset,20260910,0.5196713253356512,0.5196713253356512,1,0
weekly_global_validated,2998,2023-06-02,2023-06-12,-0.0086075595250429,2023,2023-03-31,learned_order_offset,20260910,0.4774002230107331,0.4774002230107331,0,0
weekly_global_validated,3003,2023-06-09,2023-06-19,0.0338878539347273,2023,2023-03-31,learned_order_offset,20260910,0.44203236200402185,0.44203236200402185,0,1
weekly_global_validated,3008,2023-06-16,2023-07-03,-0.026216632171098,2023,2023-03-31,learned_order_offset,20260910,0.44122158681927054,0.44122158681927054,0,0
weekly_global_validated,3016,2023-06-30,2023-07-10,-0.0030441518806006,2023,2023-03-31,learned_order_offset,20260910,0.4443353288773946,0.4443353288773946,0,0
weekly_global_ungated,2961,2023-04-07,2023-04-17,-0.0101500238382772,2023,2023-03-31,learned_order_offset,20260910,0.48690760942979305,0.48690760942979305,0,0
weekly_global_ungated,2966,2023-04-14,2023-04-24,-0.014368947230732,2023,2023-03-31,learned_order_offset,20260910,0.23801362384127153,0.23801362384127153,0,0
weekly_global_ungated,2971,2023-04-21,2023-05-04,-0.0044228908788729,2023,2023-03-31,learned_order_offset,20260910,0.4224074314948895,0.4224074314948895,0,0
weekly_global_ungated,2976,2023-04-28,2023-05-10,0.0036477163153083,2023,2023-03-31,learned_order_offset,20260910,0.3131302244910617,0.3131302244910617,0,1
weekly_global_ungated,2978,2023-05-05,2023-05-15,-0.0221642407977935,2023,2023-03-31,learned_order_offset,20260910,0.3660181982636969,0.3660181982636969,0,0
weekly_global_ungated,2983,2023-05-12,2023-05-22,0.0005509250208819,2023,2023-03-31,learned_order_offset,20260910,0.30340075999643484,0.30340075999643484,0,1
weekly_global_ungated,2988,2023-05-19,2023-05-29,-0.0200253742704897,2023,2023-03-31,learned_order_offset,20260910,0.4654713099050074,0.4654713099050074,0,0
weekly_global_ungated,2993,2023-05-26,2023-06-05,-0.0003935703040848,2023,2023-03-31,learned_order_offset,20260910,0.42703208903010903,0.42703208903010903,0,0
weekly_global_ungated,2998,2023-06-02,2023-06-12,-0.0086075595250429,2023,2023-03-31,learned_order_offset,20260910,0.38623710775253556,0.38623710775253556,0,0
weekly_global_ungated,3003,2023-06-09,2023-06-19,0.0338878539347273,2023,2023-03-31,learned_order_offset,20260910,0.35306027022000414,0.35306027022000414,0,1
weekly_global_ungated,3008,2023-06-16,2023-07-03,-0.026216632171098,2023,2023-03-31,learned_order_offset,20260910,0.35230964519224445,0.35230964519224445,0,0
weekly_global_ungated,3016,2023-06-30,2023-07-10,-0.0030441518806006,2023,2023-03-31,learned_order_offset,20260910,0.3551947804134652,0.3551947804134652,0,0
weekly_state_validated,2961,2023-04-07,2023-04-17,-0.0101500238382772,2023,2023-03-31,learned_order_offset,20260911,0.504790898079976,0.504790898079976,1,0
weekly_state_validated,2966,2023-04-14,2023-04-24,-0.014368947230732,2023,2023-03-31,learned_order_offset,20260911,0.4942633891147542,0.4942633891147542,0,0
weekly_state_validated,2971,2023-04-21,2023-05-04,-0.0044228908788729,2023,2023-03-31,learned_order_offset,20260911,0.39928777128910625,0.39928777128910625,0,0
weekly_state_validated,2976,2023-04-28,2023-05-10,0.0036477163153083,2023,2023-03-31,learned_order_offset,20260911,0.37810919654324093,0.37810919654324093,0,1
weekly_state_validated,2978,2023-05-05,2023-05-15,-0.0221642407977935,2023,2023-03-31,learned_order_offset,20260911,0.3825900800128016,0.3825900800128016,0,0
weekly_state_validated,2983,2023-05-12,2023-05-22,0.0005509250208819,2023,2023-03-31,learned_order_offset,20260911,0.5206526224591033,0.5206526224591033,1,1
weekly_state_validated,2988,2023-05-19,2023-05-29,-0.0200253742704897,2023,2023-03-31,learned_order_offset,20260911,0.7111689672715988,0.7111689672715988,1,0
weekly_state_validated,2993,2023-05-26,2023-06-05,-0.0003935703040848,2023,2023-03-31,learned_order_offset,20260911,0.5113376197418289,0.5113376197418289,1,0
weekly_state_validated,2998,2023-06-02,2023-06-12,-0.0086075595250429,2023,2023-03-31,learned_order_offset,20260911,0.4176331380681734,0.4176331380681734,0,0
weekly_state_validated,3003,2023-06-09,2023-06-19,0.0338878539347273,2023,2023-03-31,learned_order_offset,20260911,0.4874307767794157,0.4874307767794157,0,1
weekly_state_validated,3008,2023-06-16,2023-07-03,-0.026216632171098,2023,2023-03-31,learned_order_offset,20260911,0.46345232219332494,0.46345232219332494,0,0
weekly_state_validated,3016,2023-06-30,2023-07-10,-0.0030441518806006,2023,2023-03-31,learned_order_offset,20260911,0.4995175845112385,0.4995175845112385,0,0
weekly_state_ungated,2961,2023-04-07,2023-04-17,-0.0101500238382772,2023,2023-03-31,learned_order_offset,20260911,0.46714565072146913,0.46714565072146913,0,0
weekly_state_ungated,2966,2023-04-14,2023-04-24,-0.014368947230732,2023,2023-03-31,learned_order_offset,20260911,0.4566792265687529,0.4566792265687529,0,0
weekly_state_ungated,2971,2023-04-21,2023-05-04,-0.0044228908788729,2023,2023-03-31,learned_order_offset,20260911,0.35586378723352063,0.35586378723352063,0,0
weekly_state_ungated,2976,2023-04-28,2023-05-10,0.0036477163153083,2023,2023-03-31,learned_order_offset,20260911,0.3357013153457011,0.3357013153457011,0,1
weekly_state_ungated,2978,2023-05-05,2023-05-15,-0.0221642407977935,2023,2023-03-31,learned_order_offset,20260911,0.33995435876483826,0.33995435876483826,0,0
weekly_state_ungated,2983,2023-05-12,2023-05-22,0.0005509250208819,2023,2023-03-31,learned_order_offset,20260911,0.4744545002643249,0.4744545002643249,0,1
weekly_state_ungated,2988,2023-05-19,2023-05-29,-0.0200253742704897,2023,2023-03-31,learned_order_offset,20260911,0.6717563710269524,0.6717563710269524,1,0
weekly_state_ungated,2993,2023-05-26,2023-06-05,-0.0003935703040848,2023,2023-03-31,learned_order_offset,20260911,0.4651639538030111,0.4651639538030111,0,0
weekly_state_ungated,2998,2023-06-02,2023-06-12,-0.0086075595250429,2023,2023-03-31,learned_order_offset,20260911,0.37345437034750556,0.37345437034750556,0,0
weekly_state_ungated,3003,2023-06-09,2023-06-19,0.0338878539347273,2023,2023-03-31,learned_order_offset,20260911,0.44146561377873667,0.44146561377873667,0,1
weekly_state_ungated,3008,2023-06-16,2023-07-03,-0.026216632171098,2023,2023-03-31,learned_order_offset,20260911,0.4262364554387764,0.4262364554387764,0,0
weekly_state_ungated,3016,2023-06-30,2023-07-10,-0.0030441518806006,2023,2023-03-31,learned_order_offset,20260911,0.45342089374919176,0.45342089374919176,0,0
weekly_global_validated,2961,2023-04-07,2023-04-17,-0.0101500238382772,2023,2023-03-31,learned_order_offset,20260911,0.504790898079976,0.504790898079976,1,0
weekly_global_validated,2966,2023-04-14,2023-04-24,-0.014368947230732,2023,2023-03-31,learned_order_offset,20260911,0.4942633891147542,0.4942633891147542,0,0
weekly_global_validated,2971,2023-04-21,2023-05-04,-0.0044228908788729,2023,2023-03-31,learned_order_offset,20260911,0.39928777128910625,0.39928777128910625,0,0
weekly_global_validated,2976,2023-04-28,2023-05-10,0.0036477163153083,2023,2023-03-31,learned_order_offset,20260911,0.37810919654324093,0.37810919654324093,0,1
weekly_global_validated,2978,2023-05-05,2023-05-15,-0.0221642407977935,2023,2023-03-31,learned_order_offset,20260911,0.3825900800128016,0.3825900800128016,0,0
weekly_global_validated,2983,2023-05-12,2023-05-22,0.0005509250208819,2023,2023-03-31,learned_order_offset,20260911,0.5206526224591033,0.5206526224591033,1,1
weekly_global_validated,2988,2023-05-19,2023-05-29,-0.0200253742704897,2023,2023-03-31,learned_order_offset,20260911,0.7111689672715988,0.7111689672715988,1,0
weekly_global_validated,2993,2023-05-26,2023-06-05,-0.0003935703040848,2023,2023-03-31,learned_order_offset,20260911,0.5113376197418289,0.5113376197418289,1,0
weekly_global_validated,2998,2023-06-02,2023-06-12,-0.0086075595250429,2023,2023-03-31,learned_order_offset,20260911,0.4176331380681734,0.4176331380681734,0,0
weekly_global_validated,3003,2023-06-09,2023-06-19,0.0338878539347273,2023,2023-03-31,learned_order_offset,20260911,0.4874307767794157,0.4874307767794157,0,1
weekly_global_validated,3008,2023-06-16,2023-07-03,-0.026216632171098,2023,2023-03-31,learned_order_offset,20260911,0.46345232219332494,0.46345232219332494,0,0
weekly_global_validated,3016,2023-06-30,2023-07-10,-0.0030441518806006,2023,2023-03-31,learned_order_offset,20260911,0.4995175845112385,0.4995175845112385,0,0
weekly_global_ungated,2961,2023-04-07,2023-04-17,-0.0101500238382772,2023,2023-03-31,learned_order_offset,20260911,0.41820750512564897,0.41820750512564897,0,0
weekly_global_ungated,2966,2023-04-14,2023-04-24,-0.014368947230732,2023,2023-03-31,learned_order_offset,20260911,0.40799799963286904,0.40799799963286904,0,0
weekly_global_ungated,2971,2023-04-21,2023-05-04,-0.0044228908788729,2023,2023-03-31,learned_order_offset,20260911,0.31913846251988826,0.31913846251988826,0,0
weekly_global_ungated,2976,2023-04-28,2023-05-10,0.0036477163153083,2023,2023-03-31,learned_order_offset,20260911,0.30008738448528294,0.30008738448528294,0,1
weekly_global_ungated,2978,2023-05-05,2023-05-15,-0.0221642407977935,2023,2023-03-31,learned_order_offset,20260911,0.3040957749250224,0.3040957749250224,0,0
weekly_global_ungated,2983,2023-05-12,2023-05-22,0.0005509250208819,2023,2023-03-31,learned_order_offset,20260911,0.4337314743660084,0.4337314743660084,0,1
weekly_global_ungated,2988,2023-05-19,2023-05-29,-0.0200253742704897,2023,2023-03-31,learned_order_offset,20260911,0.6345456603818949,0.6345456603818949,1,0
weekly_global_ungated,2993,2023-05-26,2023-06-05,-0.0003935703040848,2023,2023-03-31,learned_order_offset,20260911,0.4245941032046178,0.4245941032046178,0,0
weekly_global_ungated,2998,2023-06-02,2023-06-12,-0.0086075595250429,2023,2023-03-31,learned_order_offset,20260911,0.3358602371570944,0.3358602371570944,0,0
weekly_global_ungated,3003,2023-06-09,2023-06-19,0.0338878539347273,2023,2023-03-31,learned_order_offset,20260911,0.401411384329945,0.401411384329945,0,1
weekly_global_ungated,3008,2023-06-16,2023-07-03,-0.026216632171098,2023,2023-03-31,learned_order_offset,20260911,0.37853943484094177,0.37853943484094177,0,0
weekly_global_ungated,3016,2023-06-30,2023-07-10,-0.0030441518806006,2023,2023-03-31,learned_order_offset,20260911,0.4130841921474272,0.4130841921474272,0,0
weekly_state_validated,2961,2023-04-07,2023-04-17,-0.0101500238382772,2023,2023-03-31,learned_order_offset,20260912,0.6359786222461823,0.6359786222461823,1,0
weekly_state_validated,2966,2023-04-14,2023-04-24,-0.014368947230732,2023,2023-03-31,learned_order_offset,20260912,0.4040571614648592,0.4040571614648592,0,0
weekly_state_validated,2971,2023-04-21,2023-05-04,-0.0044228908788729,2023,2023-03-31,learned_order_offset,20260912,0.373753908234859,0.373753908234859,0,0
weekly_state_validated,2976,2023-04-28,2023-05-10,0.0036477163153083,2023,2023-03-31,learned_order_offset,20260912,0.4682938791565345,0.4682938791565345,0,1
weekly_state_validated,2978,2023-05-05,2023-05-15,-0.0221642407977935,2023,2023-03-31,learned_order_offset,20260912,0.35468620955831676,0.35468620955831676,0,0
weekly_state_validated,2983,2023-05-12,2023-05-22,0.0005509250208819,2023,2023-03-31,learned_order_offset,20260912,0.45944687309341087,0.45944687309341087,0,1
weekly_state_validated,2988,2023-05-19,2023-05-29,-0.0200253742704897,2023,2023-03-31,learned_order_offset,20260912,0.5528609060536627,0.5528609060536627,1,0
weekly_state_validated,2993,2023-05-26,2023-06-05,-0.0003935703040848,2023,2023-03-31,learned_order_offset,20260912,0.48081388523345875,0.48081388523345875,0,0
weekly_state_validated,2998,2023-06-02,2023-06-12,-0.0086075595250429,2023,2023-03-31,learned_order_offset,20260912,0.4462826688282708,0.4462826688282708,0,0
weekly_state_validated,3003,2023-06-09,2023-06-19,0.0338878539347273,2023,2023-03-31,learned_order_offset,20260912,0.3657926874386867,0.3657926874386867,0,1
weekly_state_validated,3008,2023-06-16,2023-07-03,-0.026216632171098,2023,2023-03-31,learned_order_offset,20260912,0.3970710272316485,0.3970710272316485,0,0
weekly_state_validated,3016,2023-06-30,2023-07-10,-0.0030441518806006,2023,2023-03-31,learned_order_offset,20260912,0.5701260577969851,0.5701260577969851,1,0
weekly_state_ungated,2961,2023-04-07,2023-04-17,-0.0101500238382772,2023,2023-03-31,learned_order_offset,20260912,0.6138719969622112,0.6138719969622112,1,0
weekly_state_ungated,2966,2023-04-14,2023-04-24,-0.014368947230732,2023,2023-03-31,learned_order_offset,20260912,0.38156208094382615,0.38156208094382615,0,0
weekly_state_ungated,2971,2023-04-21,2023-05-04,-0.0044228908788729,2023,2023-03-31,learned_order_offset,20260912,0.34082668409679395,0.34082668409679395,0,0
weekly_state_ungated,2976,2023-04-28,2023-05-10,0.0036477163153083,2023,2023-03-31,learned_order_offset,20260912,0.4327938097389154,0.4327938097389154,0,1
weekly_state_ungated,2978,2023-05-05,2023-05-15,-0.0221642407977935,2023,2023-03-31,learned_order_offset,20260912,0.3225735549235398,0.3225735549235398,0,0
weekly_state_ungated,2983,2023-05-12,2023-05-22,0.0005509250208819,2023,2023-03-31,learned_order_offset,20260912,0.42408255459059174,0.42408255459059174,0,1
weekly_state_ungated,2988,2023-05-19,2023-05-29,-0.0200253742704897,2023,2023-03-31,learned_order_offset,20260912,0.5171857643500455,0.5171857643500455,1,0
weekly_state_ungated,2993,2023-05-26,2023-06-05,-0.0003935703040848,2023,2023-03-31,learned_order_offset,20260912,0.44515932787650586,0.44515932787650586,0,0
weekly_state_ungated,2998,2023-06-02,2023-06-12,-0.0086075595250429,2023,2023-03-31,learned_order_offset,20260912,0.41116089649528575,0.41116089649528575,0,0
weekly_state_ungated,3003,2023-06-09,2023-06-19,0.0338878539347273,2023,2023-03-31,learned_order_offset,20260912,0.33319367142716466,0.33319367142716466,0,1
weekly_state_ungated,3008,2023-06-16,2023-07-03,-0.026216632171098,2023,2023-03-31,learned_order_offset,20260912,0.3747203264933213,0.3747203264933213,0,0
weekly_state_ungated,3016,2023-06-30,2023-07-10,-0.0030441518806006,2023,2023-03-31,learned_order_offset,20260912,0.5346690052491327,0.5346690052491327,1,0
weekly_global_validated,2961,2023-04-07,2023-04-17,-0.0101500238382772,2023,2023-03-31,learned_order_offset,20260912,0.6359786222461823,0.6359786222461823,1,0
weekly_global_validated,2966,2023-04-14,2023-04-24,-0.014368947230732,2023,2023-03-31,learned_order_offset,20260912,0.4040571614648592,0.4040571614648592,0,0
weekly_global_validated,2971,2023-04-21,2023-05-04,-0.0044228908788729,2023,2023-03-31,learned_order_offset,20260912,0.373753908234859,0.373753908234859,0,0
weekly_global_validated,2976,2023-04-28,2023-05-10,0.0036477163153083,2023,2023-03-31,learned_order_offset,20260912,0.4682938791565345,0.4682938791565345,0,1
weekly_global_validated,2978,2023-05-05,2023-05-15,-0.0221642407977935,2023,2023-03-31,learned_order_offset,20260912,0.35468620955831676,0.35468620955831676,0,0
weekly_global_validated,2983,2023-05-12,2023-05-22,0.0005509250208819,2023,2023-03-31,learned_order_offset,20260912,0.45944687309341087,0.45944687309341087,0,1
weekly_global_validated,2988,2023-05-19,2023-05-29,-0.0200253742704897,2023,2023-03-31,learned_order_offset,20260912,0.5528609060536627,0.5528609060536627,1,0
weekly_global_validated,2993,2023-05-26,2023-06-05,-0.0003935703040848,2023,2023-03-31,learned_order_offset,20260912,0.48081388523345875,0.48081388523345875,0,0
weekly_global_validated,2998,2023-06-02,2023-06-12,-0.0086075595250429,2023,2023-03-31,learned_order_offset,20260912,0.4462826688282708,0.4462826688282708,0,0
weekly_global_validated,3003,2023-06-09,2023-06-19,0.0338878539347273,2023,2023-03-31,learned_order_offset,20260912,0.3657926874386867,0.3657926874386867,0,1
weekly_global_validated,3008,2023-06-16,2023-07-03,-0.026216632171098,2023,2023-03-31,learned_order_offset,20260912,0.3970710272316485,0.3970710272316485,0,0
weekly_global_validated,3016,2023-06-30,2023-07-10,-0.0030441518806006,2023,2023-03-31,learned_order_offset,20260912,0.5701260577969851,0.5701260577969851,1,0
weekly_global_ungated,2961,2023-04-07,2023-04-17,-0.0101500238382772,2023,2023-03-31,learned_order_offset,20260912,0.5780165723258365,0.5780165723258365,1,0
weekly_global_ungated,2966,2023-04-14,2023-04-24,-0.014368947230732,2023,2023-03-31,learned_order_offset,20260912,0.3470788795969266,0.3470788795969266,0,0
weekly_global_ungated,2971,2023-04-21,2023-05-04,-0.0044228908788729,2023,2023-03-31,learned_order_offset,20260912,0.31876315132486244,0.31876315132486244,0,0
weekly_global_ungated,2976,2023-04-28,2023-05-10,0.0036477163153083,2023,2023-03-31,learned_order_offset,20260912,0.4084659373056926,0.4084659373056926,0,1
weekly_global_ungated,2978,2023-05-05,2023-05-15,-0.0221642407977935,2023,2023-03-31,learned_order_offset,20260912,0.30115180527478086,0.30115180527478086,0,0
weekly_global_ungated,2983,2023-05-12,2023-05-22,0.0005509250208819,2023,2023-03-31,learned_order_offset,20260912,0.3998991187249798,0.3998991187249798,0,1
weekly_global_ungated,2988,2023-05-19,2023-05-29,-0.0200253742704897,2023,2023-03-31,learned_order_offset,20260912,0.49223084265458594,0.49223084265458594,0,0
weekly_global_ungated,2993,2023-05-26,2023-06-05,-0.0003935703040848,2023,2023-03-31,learned_order_offset,20260912,0.4206518609158785,0.4206518609158785,0,0
weekly_global_ungated,2998,2023-06-02,2023-06-12,-0.0086075595250429,2023,2023-03-31,learned_order_offset,20260912,0.38721889226584005,0.38721889226584005,0,0
weekly_global_ungated,3003,2023-06-09,2023-06-19,0.0338878539347273,2023,2023-03-31,learned_order_offset,20260912,0.3113908413504032,0.3113908413504032,0,1
weekly_global_ungated,3008,2023-06-16,2023-07-03,-0.026216632171098,2023,2023-03-31,learned_order_offset,20260912,0.3405149928783827,0.3405149928783827,0,0
weekly_global_ungated,3016,2023-06-30,2023-07-10,-0.0030441518806006,2023,2023-03-31,learned_order_offset,20260912,0.5097611661959176,0.5097611661959176,1,0
weekly_state_validated,3021,2023-07-07,2023-07-17,0.0104280552692135,2023,2023-06-30,learned_market,20260910,0.4148371344756111,0.4148371344756111,0,1
weekly_state_validated,3026,2023-07-14,2023-07-24,-0.0201642613135752,2023,2023-06-30,learned_market,20260910,0.6799807480428174,0.6799807480428174,1,0
weekly_state_validated,3031,2023-07-21,2023-07-31,0.0566710925894278,2023,2023-06-30,learned_market,20260910,0.6185965077641518,0.6185965077641518,1,1
weekly_state_validated,3036,2023-07-28,2023-08-07,-0.0039612927947766,2023,2023-06-30,learned_market,20260910,0.4215659804761882,0.4215659804761882,0,0
weekly_state_validated,3041,2023-08-04,2023-08-14,-0.0404899362223548,2023,2023-06-30,learned_market,20260910,0.3422681158561934,0.3422681158561934,0,0
weekly_state_validated,3046,2023-08-11,2023-08-21,-0.0176157088591445,2023,2023-06-30,learned_market,20260910,0.26755143190839087,0.26755143190839087,0,0
weekly_state_validated,3051,2023-08-18,2023-08-28,0.0366582477081969,2023,2023-06-30,learned_market,20260910,0.6094913814194294,0.6094913814194294,1,1
weekly_state_validated,3056,2023-08-25,2023-09-04,-0.025197172476384,2023,2023-06-30,learned_market,20260910,0.292415818373573,0.292415818373573,0,0
weekly_state_validated,3061,2023-09-01,2023-09-11,-0.0189903461587886,2023,2023-06-30,learned_market,20260910,0.5727239862672711,0.5727239862672711,1,0
weekly_state_validated,3066,2023-09-08,2023-09-18,-0.0111346368744954,2023,2023-06-30,learned_market,20260910,0.6046775279486832,0.6046775279486832,1,0
weekly_state_validated,3071,2023-09-15,2023-09-25,0.0105787349314532,2023,2023-06-30,learned_market,20260910,0.6861367371884997,0.6861367371884997,1,1
weekly_state_validated,3076,2023-09-22,2023-10-16,-0.0198017153282719,2023,2023-06-30,learned_market,20260910,0.32435597972671854,0.32435597972671854,0,0
weekly_state_ungated,3021,2023-07-07,2023-07-17,0.0104280552692135,2023,2023-06-30,learned_market,20260910,0.4148371344756111,0.4148371344756111,0,1
weekly_state_ungated,3026,2023-07-14,2023-07-24,-0.0201642613135752,2023,2023-06-30,learned_market,20260910,0.6799807480428174,0.6799807480428174,1,0
weekly_state_ungated,3031,2023-07-21,2023-07-31,0.0566710925894278,2023,2023-06-30,learned_market,20260910,0.6185965077641518,0.6185965077641518,1,1
weekly_state_ungated,3036,2023-07-28,2023-08-07,-0.0039612927947766,2023,2023-06-30,learned_market,20260910,0.4215659804761882,0.4215659804761882,0,0
weekly_state_ungated,3041,2023-08-04,2023-08-14,-0.0404899362223548,2023,2023-06-30,learned_market,20260910,0.32443091843517313,0.32443091843517313,0,0
weekly_state_ungated,3046,2023-08-11,2023-08-21,-0.0176157088591445,2023,2023-06-30,learned_market,20260910,0.26755143190839087,0.26755143190839087,0,0
weekly_state_ungated,3051,2023-08-18,2023-08-28,0.0366582477081969,2023,2023-06-30,learned_market,20260910,0.577259821219714,0.577259821219714,1,1
weekly_state_ungated,3056,2023-08-25,2023-09-04,-0.025197172476384,2023,2023-06-30,learned_market,20260910,0.292415818373573,0.292415818373573,0,0
weekly_state_ungated,3061,2023-09-01,2023-09-11,-0.0189903461587886,2023,2023-06-30,learned_market,20260910,0.5529739159134648,0.5529739159134648,1,0
weekly_state_ungated,3066,2023-09-08,2023-09-18,-0.0111346368744954,2023,2023-06-30,learned_market,20260910,0.6046775279486832,0.6046775279486832,1,0
weekly_state_ungated,3071,2023-09-15,2023-09-25,0.0105787349314532,2023,2023-06-30,learned_market,20260910,0.6861367371884997,0.6861367371884997,1,1
weekly_state_ungated,3076,2023-09-22,2023-10-16,-0.0198017153282719,2023,2023-06-30,learned_market,20260910,0.32435597972671854,0.32435597972671854,0,0
weekly_global_validated,3021,2023-07-07,2023-07-17,0.0104280552692135,2023,2023-06-30,learned_market,20260910,0.4148371344756111,0.4148371344756111,0,1
weekly_global_validated,3026,2023-07-14,2023-07-24,-0.0201642613135752,2023,2023-06-30,learned_market,20260910,0.6799807480428174,0.6799807480428174,1,0
weekly_global_validated,3031,2023-07-21,2023-07-31,0.0566710925894278,2023,2023-06-30,learned_market,20260910,0.6185965077641518,0.6185965077641518,1,1
weekly_global_validated,3036,2023-07-28,2023-08-07,-0.0039612927947766,2023,2023-06-30,learned_market,20260910,0.4215659804761882,0.4215659804761882,0,0
weekly_global_validated,3041,2023-08-04,2023-08-14,-0.0404899362223548,2023,2023-06-30,learned_market,20260910,0.3422681158561934,0.3422681158561934,0,0
weekly_global_validated,3046,2023-08-11,2023-08-21,-0.0176157088591445,2023,2023-06-30,learned_market,20260910,0.26755143190839087,0.26755143190839087,0,0
weekly_global_validated,3051,2023-08-18,2023-08-28,0.0366582477081969,2023,2023-06-30,learned_market,20260910,0.6094913814194294,0.6094913814194294,1,1
weekly_global_validated,3056,2023-08-25,2023-09-04,-0.025197172476384,2023,2023-06-30,learned_market,20260910,0.292415818373573,0.292415818373573,0,0
weekly_global_validated,3061,2023-09-01,2023-09-11,-0.0189903461587886,2023,2023-06-30,learned_market,20260910,0.5727239862672711,0.5727239862672711,1,0
weekly_global_validated,3066,2023-09-08,2023-09-18,-0.0111346368744954,2023,2023-06-30,learned_market,20260910,0.6046775279486832,0.6046775279486832,1,0
weekly_global_validated,3071,2023-09-15,2023-09-25,0.0105787349314532,2023,2023-06-30,learned_market,20260910,0.6861367371884997,0.6861367371884997,1,1
weekly_global_validated,3076,2023-09-22,2023-10-16,-0.0198017153282719,2023,2023-06-30,learned_market,20260910,0.32435597972671854,0.32435597972671854,0,0
weekly_global_ungated,3021,2023-07-07,2023-07-17,0.0104280552692135,2023,2023-06-30,learned_market,20260910,0.34929574456563406,0.34929574456563406,0,1
weekly_global_ungated,3026,2023-07-14,2023-07-24,-0.0201642613135752,2023,2023-06-30,learned_market,20260910,0.6166968225060314,0.6166968225060314,1,0
weekly_global_ungated,3031,2023-07-21,2023-07-31,0.0566710925894278,2023,2023-06-30,learned_market,20260910,0.5511858839290567,0.5511858839290567,1,1
weekly_global_ungated,3036,2023-07-28,2023-08-07,-0.0039612927947766,2023,2023-06-30,learned_market,20260910,0.3556075395095873,0.3556075395095873,0,0
weekly_global_ungated,3041,2023-08-04,2023-08-14,-0.0404899362223548,2023,2023-06-30,learned_market,20260910,0.28265394127042087,0.28265394127042087,0,0
weekly_global_ungated,3046,2023-08-11,2023-08-21,-0.0176157088591445,2023,2023-06-30,learned_market,20260910,0.2166640995217499,0.2166640995217499,0,0
weekly_global_ungated,3051,2023-08-18,2023-08-28,0.0366582477081969,2023,2023-06-30,learned_market,20260910,0.5416638418559234,0.5416638418559234,1,1
weekly_global_ungated,3056,2023-08-25,2023-09-04,-0.025197172476384,2023,2023-06-30,learned_market,20260910,0.238338219452516,0.238338219452516,0,0
weekly_global_ungated,3061,2023-09-01,2023-09-11,-0.0189903461587886,2023,2023-06-30,learned_market,20260910,0.5037103399878423,0.5037103399878423,1,0
weekly_global_ungated,3066,2023-09-08,2023-09-18,-0.0111346368744954,2023,2023-06-30,learned_market,20260910,0.536649507725241,0.536649507725241,1,0
weekly_global_ungated,3071,2023-09-15,2023-09-25,0.0105787349314532,2023,2023-06-30,learned_market,20260910,0.6233959378304791,0.6233959378304791,1,1
weekly_global_ungated,3076,2023-09-22,2023-10-16,-0.0198017153282719,2023,2023-06-30,learned_market,20260910,0.2665970790636487,0.2665970790636487,0,0
weekly_state_validated,3021,2023-07-07,2023-07-17,0.0104280552692135,2023,2023-06-30,learned_market,20260911,0.4321304643658555,0.4321304643658555,0,1
weekly_state_validated,3026,2023-07-14,2023-07-24,-0.0201642613135752,2023,2023-06-30,learned_market,20260911,0.40871557780436546,0.40871557780436546,0,0
weekly_state_validated,3031,2023-07-21,2023-07-31,0.0566710925894278,2023,2023-06-30,learned_market,20260911,0.39545774353332364,0.39545774353332364,0,1
weekly_state_validated,3036,2023-07-28,2023-08-07,-0.0039612927947766,2023,2023-06-30,learned_market,20260911,0.42456681759896686,0.42456681759896686,0,0
weekly_state_validated,3041,2023-08-04,2023-08-14,-0.0404899362223548,2023,2023-06-30,learned_market,20260911,0.4091884265741096,0.4091884265741096,0,0
weekly_state_validated,3046,2023-08-11,2023-08-21,-0.0176157088591445,2023,2023-06-30,learned_market,20260911,0.6814136065435475,0.6814136065435475,1,0
weekly_state_validated,3051,2023-08-18,2023-08-28,0.0366582477081969,2023,2023-06-30,learned_market,20260911,0.47430326900984304,0.47430326900984304,0,1
weekly_state_validated,3056,2023-08-25,2023-09-04,-0.025197172476384,2023,2023-06-30,learned_market,20260911,0.5259209733581712,0.5259209733581712,1,0
weekly_state_validated,3061,2023-09-01,2023-09-11,-0.0189903461587886,2023,2023-06-30,learned_market,20260911,0.395595892092896,0.395595892092896,0,0
weekly_state_validated,3066,2023-09-08,2023-09-18,-0.0111346368744954,2023,2023-06-30,learned_market,20260911,0.5798161195333322,0.5798161195333322,1,0
weekly_state_validated,3071,2023-09-15,2023-09-25,0.0105787349314532,2023,2023-06-30,learned_market,20260911,0.7450189853974029,0.7450189853974029,1,1
weekly_state_validated,3076,2023-09-22,2023-10-16,-0.0198017153282719,2023,2023-06-30,learned_market,20260911,0.583578965260687,0.583578965260687,1,0
weekly_state_ungated,3021,2023-07-07,2023-07-17,0.0104280552692135,2023,2023-06-30,learned_market,20260911,0.4321304643658555,0.4321304643658555,0,1
weekly_state_ungated,3026,2023-07-14,2023-07-24,-0.0201642613135752,2023,2023-06-30,learned_market,20260911,0.40871557780436546,0.40871557780436546,0,0
weekly_state_ungated,3031,2023-07-21,2023-07-31,0.0566710925894278,2023,2023-06-30,learned_market,20260911,0.39545774353332364,0.39545774353332364,0,1
weekly_state_ungated,3036,2023-07-28,2023-08-07,-0.0039612927947766,2023,2023-06-30,learned_market,20260911,0.42456681759896686,0.42456681759896686,0,0
weekly_state_ungated,3041,2023-08-04,2023-08-14,-0.0404899362223548,2023,2023-06-30,learned_market,20260911,0.39424812193073316,0.39424812193073316,0,0
weekly_state_ungated,3046,2023-08-11,2023-08-21,-0.0176157088591445,2023,2023-06-30,learned_market,20260911,0.6814136065435475,0.6814136065435475,1,0
weekly_state_ungated,3051,2023-08-18,2023-08-28,0.0366582477081969,2023,2023-06-30,learned_market,20260911,0.4545557308877316,0.4545557308877316,0,1
weekly_state_ungated,3056,2023-08-25,2023-09-04,-0.025197172476384,2023,2023-06-30,learned_market,20260911,0.5259209733581712,0.5259209733581712,1,0
weekly_state_ungated,3061,2023-09-01,2023-09-11,-0.0189903461587886,2023,2023-06-30,learned_market,20260911,0.38083197367397664,0.38083197367397664,0,0
weekly_state_ungated,3066,2023-09-08,2023-09-18,-0.0111346368744954,2023,2023-06-30,learned_market,20260911,0.5798161195333322,0.5798161195333322,1,0
weekly_state_ungated,3071,2023-09-15,2023-09-25,0.0105787349314532,2023,2023-06-30,learned_market,20260911,0.7450189853974029,0.7450189853974029,1,1
weekly_state_ungated,3076,2023-09-22,2023-10-16,-0.0198017153282719,2023,2023-06-30,learned_market,20260911,0.583578965260687,0.583578965260687,1,0
weekly_global_validated,3021,2023-07-07,2023-07-17,0.0104280552692135,2023,2023-06-30,learned_market,20260911,0.4321304643658555,0.4321304643658555,0,1
weekly_global_validated,3026,2023-07-14,2023-07-24,-0.0201642613135752,2023,2023-06-30,learned_market,20260911,0.40871557780436546,0.40871557780436546,0,0
weekly_global_validated,3031,2023-07-21,2023-07-31,0.0566710925894278,2023,2023-06-30,learned_market,20260911,0.39545774353332364,0.39545774353332364,0,1
weekly_global_validated,3036,2023-07-28,2023-08-07,-0.0039612927947766,2023,2023-06-30,learned_market,20260911,0.42456681759896686,0.42456681759896686,0,0
weekly_global_validated,3041,2023-08-04,2023-08-14,-0.0404899362223548,2023,2023-06-30,learned_market,20260911,0.4091884265741096,0.4091884265741096,0,0
weekly_global_validated,3046,2023-08-11,2023-08-21,-0.0176157088591445,2023,2023-06-30,learned_market,20260911,0.6814136065435475,0.6814136065435475,1,0
weekly_global_validated,3051,2023-08-18,2023-08-28,0.0366582477081969,2023,2023-06-30,learned_market,20260911,0.47430326900984304,0.47430326900984304,0,1
weekly_global_validated,3056,2023-08-25,2023-09-04,-0.025197172476384,2023,2023-06-30,learned_market,20260911,0.5259209733581712,0.5259209733581712,1,0
weekly_global_validated,3061,2023-09-01,2023-09-11,-0.0189903461587886,2023,2023-06-30,learned_market,20260911,0.395595892092896,0.395595892092896,0,0
weekly_global_validated,3066,2023-09-08,2023-09-18,-0.0111346368744954,2023,2023-06-30,learned_market,20260911,0.5798161195333322,0.5798161195333322,1,0
weekly_global_validated,3071,2023-09-15,2023-09-25,0.0105787349314532,2023,2023-06-30,learned_market,20260911,0.7450189853974029,0.7450189853974029,1,1
weekly_global_validated,3076,2023-09-22,2023-10-16,-0.0198017153282719,2023,2023-06-30,learned_market,20260911,0.583578965260687,0.583578965260687,1,0
weekly_global_ungated,3021,2023-07-07,2023-07-17,0.0104280552692135,2023,2023-06-30,learned_market,20260911,0.38025844801988945,0.38025844801988945,0,1
weekly_global_ungated,3026,2023-07-14,2023-07-24,-0.0201642613135752,2023,2023-06-30,learned_market,20260911,0.3578828913222006,0.3578828913222006,0,0
weekly_global_ungated,3031,2023-07-21,2023-07-31,0.0566710925894278,2023,2023-06-30,learned_market,20260911,0.3453109971769213,0.3453109971769213,0,1
weekly_global_ungated,3036,2023-07-28,2023-08-07,-0.0039612927947766,2023,2023-06-30,learned_market,20260911,0.3730063533681129,0.3730063533681129,0,0
weekly_global_ungated,3041,2023-08-04,2023-08-14,-0.0404899362223548,2023,2023-06-30,learned_market,20260911,0.35833257074118535,0.35833257074118535,0,0
weekly_global_ungated,3046,2023-08-11,2023-08-21,-0.0176157088591445,2023,2023-06-30,learned_market,20260911,0.6329721168112896,0.6329721168112896,1,0
weekly_global_ungated,3051,2023-08-18,2023-08-28,0.0366582477081969,2023,2023-06-30,learned_market,20260911,0.421123065685348,0.421123065685348,0,1
weekly_global_ungated,3056,2023-08-25,2023-09-04,-0.025197172476384,2023,2023-06-30,learned_market,20260911,0.4721512753354274,0.4721512753354274,0,0
weekly_global_ungated,3061,2023-09-01,2023-09-11,-0.0189903461587886,2023,2023-06-30,learned_market,20260911,0.34544163762306956,0.34544163762306956,0,0
weekly_global_ungated,3066,2023-09-08,2023-09-18,-0.0111346368744954,2023,2023-06-30,learned_market,20260911,0.5266575384303692,0.5266575384303692,1,0
weekly_global_ungated,3071,2023-09-15,2023-09-25,0.0105787349314532,2023,2023-06-30,learned_market,20260911,0.7020195512808417,0.7020195512808417,1,1
weekly_global_ungated,3076,2023-09-22,2023-10-16,-0.0198017153282719,2023,2023-06-30,learned_market,20260911,0.5305109662332385,0.5305109662332385,1,0
weekly_state_validated,3021,2023-07-07,2023-07-17,0.0104280552692135,2023,2023-06-30,learned_market,20260912,0.5476174471948578,0.5476174471948578,1,1
weekly_state_validated,3026,2023-07-14,2023-07-24,-0.0201642613135752,2023,2023-06-30,learned_market,20260912,0.6522486120714398,0.6522486120714398,1,0
weekly_state_validated,3031,2023-07-21,2023-07-31,0.0566710925894278,2023,2023-06-30,learned_market,20260912,0.20700617431869667,0.20700617431869667,0,1
weekly_state_validated,3036,2023-07-28,2023-08-07,-0.0039612927947766,2023,2023-06-30,learned_market,20260912,0.5519262606194112,0.5519262606194112,1,0
weekly_state_validated,3041,2023-08-04,2023-08-14,-0.0404899362223548,2023,2023-06-30,learned_market,20260912,0.698021646037714,0.698021646037714,1,0
weekly_state_validated,3046,2023-08-11,2023-08-21,-0.0176157088591445,2023,2023-06-30,learned_market,20260912,0.8237624858039104,0.8237624858039104,1,0
weekly_state_validated,3051,2023-08-18,2023-08-28,0.0366582477081969,2023,2023-06-30,learned_market,20260912,0.41339516348274463,0.41339516348274463,0,1
weekly_state_validated,3056,2023-08-25,2023-09-04,-0.025197172476384,2023,2023-06-30,learned_market,20260912,0.3598651609059206,0.3598651609059206,0,0
weekly_state_validated,3061,2023-09-01,2023-09-11,-0.0189903461587886,2023,2023-06-30,learned_market,20260912,0.20617247589152174,0.20617247589152174,0,0
weekly_state_validated,3066,2023-09-08,2023-09-18,-0.0111346368744954,2023,2023-06-30,learned_market,20260912,0.5244948098725477,0.5244948098725477,1,0
weekly_state_validated,3071,2023-09-15,2023-09-25,0.0105787349314532,2023,2023-06-30,learned_market,20260912,0.42649757606540895,0.42649757606540895,0,1
weekly_state_validated,3076,2023-09-22,2023-10-16,-0.0198017153282719,2023,2023-06-30,learned_market,20260912,0.39337289072406006,0.39337289072406006,0,0
weekly_state_ungated,3021,2023-07-07,2023-07-17,0.0104280552692135,2023,2023-06-30,learned_market,20260912,0.5476174471948578,0.5476174471948578,1,1
weekly_state_ungated,3026,2023-07-14,2023-07-24,-0.0201642613135752,2023,2023-06-30,learned_market,20260912,0.6522486120714398,0.6522486120714398,1,0
weekly_state_ungated,3031,2023-07-21,2023-07-31,0.0566710925894278,2023,2023-06-30,learned_market,20260912,0.20700617431869667,0.20700617431869667,0,1
weekly_state_ungated,3036,2023-07-28,2023-08-07,-0.0039612927947766,2023,2023-06-30,learned_market,20260912,0.5519262606194112,0.5519262606194112,1,0
weekly_state_ungated,3041,2023-08-04,2023-08-14,-0.0404899362223548,2023,2023-06-30,learned_market,20260912,0.6870999749675875,0.6870999749675875,1,0
weekly_state_ungated,3046,2023-08-11,2023-08-21,-0.0176157088591445,2023,2023-06-30,learned_market,20260912,0.8237624858039104,0.8237624858039104,1,0
weekly_state_ungated,3051,2023-08-18,2023-08-28,0.0366582477081969,2023,2023-06-30,learned_market,20260912,0.40333611523472573,0.40333611523472573,0,1
weekly_state_ungated,3056,2023-08-25,2023-09-04,-0.025197172476384,2023,2023-06-30,learned_market,20260912,0.3598651609059206,0.3598651609059206,0,0
weekly_state_ungated,3061,2023-09-01,2023-09-11,-0.0189903461587886,2023,2023-06-30,learned_market,20260912,0.19790311164329896,0.19790311164329896,0,0
weekly_state_ungated,3066,2023-09-08,2023-09-18,-0.0111346368744954,2023,2023-06-30,learned_market,20260912,0.5244948098725477,0.5244948098725477,1,0
weekly_state_ungated,3071,2023-09-15,2023-09-25,0.0105787349314532,2023,2023-06-30,learned_market,20260912,0.42649757606540895,0.42649757606540895,0,1
weekly_state_ungated,3076,2023-09-22,2023-10-16,-0.0198017153282719,2023,2023-06-30,learned_market,20260912,0.39337289072406006,0.39337289072406006,0,0
weekly_global_validated,3021,2023-07-07,2023-07-17,0.0104280552692135,2023,2023-06-30,learned_market,20260912,0.5476174471948578,0.5476174471948578,1,1
weekly_global_validated,3026,2023-07-14,2023-07-24,-0.0201642613135752,2023,2023-06-30,learned_market,20260912,0.6522486120714398,0.6522486120714398,1,0
weekly_global_validated,3031,2023-07-21,2023-07-31,0.0566710925894278,2023,2023-06-30,learned_market,20260912,0.20700617431869667,0.20700617431869667,0,1
weekly_global_validated,3036,2023-07-28,2023-08-07,-0.0039612927947766,2023,2023-06-30,learned_market,20260912,0.5519262606194112,0.5519262606194112,1,0
weekly_global_validated,3041,2023-08-04,2023-08-14,-0.0404899362223548,2023,2023-06-30,learned_market,20260912,0.698021646037714,0.698021646037714,1,0
weekly_global_validated,3046,2023-08-11,2023-08-21,-0.0176157088591445,2023,2023-06-30,learned_market,20260912,0.8237624858039104,0.8237624858039104,1,0
weekly_global_validated,3051,2023-08-18,2023-08-28,0.0366582477081969,2023,2023-06-30,learned_market,20260912,0.41339516348274463,0.41339516348274463,0,1
weekly_global_validated,3056,2023-08-25,2023-09-04,-0.025197172476384,2023,2023-06-30,learned_market,20260912,0.3598651609059206,0.3598651609059206,0,0
weekly_global_validated,3061,2023-09-01,2023-09-11,-0.0189903461587886,2023,2023-06-30,learned_market,20260912,0.20617247589152174,0.20617247589152174,0,0
weekly_global_validated,3066,2023-09-08,2023-09-18,-0.0111346368744954,2023,2023-06-30,learned_market,20260912,0.5244948098725477,0.5244948098725477,1,0
weekly_global_validated,3071,2023-09-15,2023-09-25,0.0105787349314532,2023,2023-06-30,learned_market,20260912,0.42649757606540895,0.42649757606540895,0,1
weekly_global_validated,3076,2023-09-22,2023-10-16,-0.0198017153282719,2023,2023-06-30,learned_market,20260912,0.39337289072406006,0.39337289072406006,0,0
weekly_global_ungated,3021,2023-07-07,2023-07-17,0.0104280552692135,2023,2023-06-30,learned_market,20260912,0.5015016576010981,0.5015016576010981,1,1
weekly_global_ungated,3026,2023-07-14,2023-07-24,-0.0201642613135752,2023,2023-06-30,learned_market,20260912,0.609186940365305,0.609186940365305,1,0
weekly_global_ungated,3031,2023-07-21,2023-07-31,0.0566710925894278,2023,2023-06-30,learned_market,20260912,0.17827053847426896,0.17827053847426896,0,1
weekly_global_ungated,3036,2023-07-28,2023-08-07,-0.0039612927947766,2023,2023-06-30,learned_market,20260912,0.5058533595349315,0.5058533595349315,1,0
weekly_global_ungated,3041,2023-08-04,2023-08-14,-0.0404899362223548,2023,2023-06-30,learned_market,20260912,0.6576530118361066,0.6576530118361066,1,0
weekly_global_ungated,3046,2023-08-11,2023-08-21,-0.0176157088591445,2023,2023-06-30,learned_market,20260912,0.7952729103877652,0.7952729103877652,1,0
weekly_global_ungated,3051,2023-08-18,2023-08-28,0.0366582477081969,2023,2023-06-30,learned_market,20260912,0.36935390109642663,0.36935390109642663,0,1
weekly_global_ungated,3056,2023-08-25,2023-09-04,-0.025197172476384,2023,2023-06-30,learned_market,20260912,0.31843102652460875,0.31843102652460875,0,0
weekly_global_ungated,3061,2023-09-01,2023-09-11,-0.0189903461587886,2023,2023-06-30,learned_market,20260912,0.1775266618103006,0.1775266618103006,0,0
weekly_global_ungated,3066,2023-09-08,2023-09-18,-0.0111346368744954,2023,2023-06-30,learned_market,20260912,0.47826760290874076,0.47826760290874076,0,0
weekly_global_ungated,3071,2023-09-15,2023-09-25,0.0105787349314532,2023,2023-06-30,learned_market,20260912,0.38196936755852723,0.38196936755852723,0,1
weekly_global_ungated,3076,2023-09-22,2023-10-16,-0.0198017153282719,2023,2023-06-30,learned_market,20260912,0.3501913036096947,0.3501913036096947,0,0
weekly_state_validated,3021,2023-07-07,2023-07-17,0.0104280552692135,2023,2023-06-30,learned_vol_interaction,20260910,0.40513894935035405,0.40513894935035405,0,1
weekly_state_validated,3026,2023-07-14,2023-07-24,-0.0201642613135752,2023,2023-06-30,learned_vol_interaction,20260910,0.6982450832721806,0.6982450832721806,1,0
weekly_state_validated,3031,2023-07-21,2023-07-31,0.0566710925894278,2023,2023-06-30,learned_vol_interaction,20260910,0.6403583446603761,0.6403583446603761,1,1
weekly_state_validated,3036,2023-07-28,2023-08-07,-0.0039612927947766,2023,2023-06-30,learned_vol_interaction,20260910,0.41454143432883767,0.41454143432883767,0,0
weekly_state_validated,3041,2023-08-04,2023-08-14,-0.0404899362223548,2023,2023-06-30,learned_vol_interaction,20260910,0.3264187058912034,0.3264187058912034,0,0
weekly_state_validated,3046,2023-08-11,2023-08-21,-0.0176157088591445,2023,2023-06-30,learned_vol_interaction,20260910,0.2554527395532382,0.2554527395532382,0,0
weekly_state_validated,3051,2023-08-18,2023-08-28,0.0366582477081969,2023,2023-06-30,learned_vol_interaction,20260910,0.6149345833754644,0.6149345833754644,1,1
weekly_state_validated,3056,2023-08-25,2023-09-04,-0.025197172476384,2023,2023-06-30,learned_vol_interaction,20260910,0.2816747132417266,0.2816747132417266,0,0
weekly_state_validated,3061,2023-09-01,2023-09-11,-0.0189903461587886,2023,2023-06-30,learned_vol_interaction,20260910,0.586511889761913,0.586511889761913,1,0
weekly_state_validated,3066,2023-09-08,2023-09-18,-0.0111346368744954,2023,2023-06-30,learned_vol_interaction,20260910,0.6154558472253346,0.6154558472253346,1,0
weekly_state_validated,3071,2023-09-15,2023-09-25,0.0105787349314532,2023,2023-06-30,learned_vol_interaction,20260910,0.6977509115308642,0.6977509115308642,1,1
weekly_state_validated,3076,2023-09-22,2023-10-16,-0.0198017153282719,2023,2023-06-30,learned_vol_interaction,20260910,0.30811498908515295,0.30811498908515295,0,0
weekly_state_ungated,3021,2023-07-07,2023-07-17,0.0104280552692135,2023,2023-06-30,learned_vol_interaction,20260910,0.40513894935035405,0.40513894935035405,0,1
weekly_state_ungated,3026,2023-07-14,2023-07-24,-0.0201642613135752,2023,2023-06-30,learned_vol_interaction,20260910,0.6982450832721806,0.6982450832721806,1,0
weekly_state_ungated,3031,2023-07-21,2023-07-31,0.0566710925894278,2023,2023-06-30,learned_vol_interaction,20260910,0.6403583446603761,0.6403583446603761,1,1
weekly_state_ungated,3036,2023-07-28,2023-08-07,-0.0039612927947766,2023,2023-06-30,learned_vol_interaction,20260910,0.41454143432883767,0.41454143432883767,0,0
weekly_state_ungated,3041,2023-08-04,2023-08-14,-0.0404899362223548,2023,2023-06-30,learned_vol_interaction,20260910,0.308857496313928,0.308857496313928,0,0
weekly_state_ungated,3046,2023-08-11,2023-08-21,-0.0176157088591445,2023,2023-06-30,learned_vol_interaction,20260910,0.2554527395532382,0.2554527395532382,0,0
weekly_state_ungated,3051,2023-08-18,2023-08-28,0.0366582477081969,2023,2023-06-30,learned_vol_interaction,20260910,0.5850181006016235,0.5850181006016235,1,1
weekly_state_ungated,3056,2023-08-25,2023-09-04,-0.025197172476384,2023,2023-06-30,learned_vol_interaction,20260910,0.2816747132417266,0.2816747132417266,0,0
weekly_state_ungated,3061,2023-09-01,2023-09-11,-0.0189903461587886,2023,2023-06-30,learned_vol_interaction,20260910,0.56673098091198,0.56673098091198,1,0
weekly_state_ungated,3066,2023-09-08,2023-09-18,-0.0111346368744954,2023,2023-06-30,learned_vol_interaction,20260910,0.6154558472253346,0.6154558472253346,1,0
weekly_state_ungated,3071,2023-09-15,2023-09-25,0.0105787349314532,2023,2023-06-30,learned_vol_interaction,20260910,0.6977509115308642,0.6977509115308642,1,1
weekly_state_ungated,3076,2023-09-22,2023-10-16,-0.0198017153282719,2023,2023-06-30,learned_vol_interaction,20260910,0.30811498908515295,0.30811498908515295,0,0
weekly_global_validated,3021,2023-07-07,2023-07-17,0.0104280552692135,2023,2023-06-30,learned_vol_interaction,20260910,0.40513894935035405,0.40513894935035405,0,1
weekly_global_validated,3026,2023-07-14,2023-07-24,-0.0201642613135752,2023,2023-06-30,learned_vol_interaction,20260910,0.6982450832721806,0.6982450832721806,1,0
weekly_global_validated,3031,2023-07-21,2023-07-31,0.0566710925894278,2023,2023-06-30,learned_vol_interaction,20260910,0.6403583446603761,0.6403583446603761,1,1
weekly_global_validated,3036,2023-07-28,2023-08-07,-0.0039612927947766,2023,2023-06-30,learned_vol_interaction,20260910,0.41454143432883767,0.41454143432883767,0,0
weekly_global_validated,3041,2023-08-04,2023-08-14,-0.0404899362223548,2023,2023-06-30,learned_vol_interaction,20260910,0.3264187058912034,0.3264187058912034,0,0
weekly_global_validated,3046,2023-08-11,2023-08-21,-0.0176157088591445,2023,2023-06-30,learned_vol_interaction,20260910,0.2554527395532382,0.2554527395532382,0,0
weekly_global_validated,3051,2023-08-18,2023-08-28,0.0366582477081969,2023,2023-06-30,learned_vol_interaction,20260910,0.6149345833754644,0.6149345833754644,1,1
weekly_global_validated,3056,2023-08-25,2023-09-04,-0.025197172476384,2023,2023-06-30,learned_vol_interaction,20260910,0.2816747132417266,0.2816747132417266,0,0
weekly_global_validated,3061,2023-09-01,2023-09-11,-0.0189903461587886,2023,2023-06-30,learned_vol_interaction,20260910,0.586511889761913,0.586511889761913,1,0
weekly_global_validated,3066,2023-09-08,2023-09-18,-0.0111346368744954,2023,2023-06-30,learned_vol_interaction,20260910,0.6154558472253346,0.6154558472253346,1,0
weekly_global_validated,3071,2023-09-15,2023-09-25,0.0105787349314532,2023,2023-06-30,learned_vol_interaction,20260910,0.6977509115308642,0.6977509115308642,1,1
weekly_global_validated,3076,2023-09-22,2023-10-16,-0.0198017153282719,2023,2023-06-30,learned_vol_interaction,20260910,0.30811498908515295,0.30811498908515295,0,0
weekly_global_ungated,3021,2023-07-07,2023-07-17,0.0104280552692135,2023,2023-06-30,learned_vol_interaction,20260910,0.34137436397028714,0.34137436397028714,0,1
weekly_global_ungated,3026,2023-07-14,2023-07-24,-0.0201642613135752,2023,2023-06-30,learned_vol_interaction,20260910,0.6378113147543432,0.6378113147543432,1,0
weekly_global_ungated,3031,2023-07-21,2023-07-31,0.0566710925894278,2023,2023-06-30,learned_vol_interaction,20260910,0.5753814507221471,0.5753814507221471,1,1
weekly_global_ungated,3036,2023-07-28,2023-08-07,-0.0039612927947766,2023,2023-06-30,learned_vol_interaction,20260910,0.3501681198259057,0.3501681198259057,0,0
weekly_global_ungated,3041,2023-08-04,2023-08-14,-0.0404899362223548,2023,2023-06-30,learned_vol_interaction,20260910,0.2694321362778577,0.2694321362778577,0,0
weekly_global_ungated,3046,2023-08-11,2023-08-21,-0.0176157088591445,2023,2023-06-30,learned_vol_interaction,20260910,0.20704722993733124,0.20704722993733124,0,0
weekly_global_ungated,3051,2023-08-18,2023-08-28,0.0366582477081969,2023,2023-06-30,learned_vol_interaction,20260910,0.5486022598619755,0.5486022598619755,1,1
weekly_global_ungated,3056,2023-08-25,2023-09-04,-0.025197172476384,2023,2023-06-30,learned_vol_interaction,20260910,0.22983423720102295,0.22983423720102295,0,0
weekly_global_ungated,3061,2023-09-01,2023-09-11,-0.0189903461587886,2023,2023-06-30,learned_vol_interaction,20260910,0.5191122732891876,0.5191122732891876,1,0
weekly_global_ungated,3066,2023-09-08,2023-09-18,-0.0111346368744954,2023,2023-06-30,learned_vol_interaction,20260910,0.5491474833635973,0.5491474833635973,1,0
weekly_global_ungated,3071,2023-09-15,2023-09-25,0.0105787349314532,2023,2023-06-30,learned_vol_interaction,20260910,0.637269586844593,0.637269586844593,1,1
weekly_global_ungated,3076,2023-09-22,2023-10-16,-0.0198017153282719,2023,2023-06-30,learned_vol_interaction,20260910,0.253123082713745,0.253123082713745,0,0
weekly_state_validated,3021,2023-07-07,2023-07-17,0.0104280552692135,2023,2023-06-30,learned_vol_interaction,20260911,0.4535961698689514,0.4535961698689514,0,1
weekly_state_validated,3026,2023-07-14,2023-07-24,-0.0201642613135752,2023,2023-06-30,learned_vol_interaction,20260911,0.4201550783721589,0.4201550783721589,0,0
weekly_state_validated,3031,2023-07-21,2023-07-31,0.0566710925894278,2023,2023-06-30,learned_vol_interaction,20260911,0.41973638258801144,0.41973638258801144,0,1
weekly_state_validated,3036,2023-07-28,2023-08-07,-0.0039612927947766,2023,2023-06-30,learned_vol_interaction,20260911,0.4355598052653261,0.4355598052653261,0,0
weekly_state_validated,3041,2023-08-04,2023-08-14,-0.0404899362223548,2023,2023-06-30,learned_vol_interaction,20260911,0.4290686701601754,0.4290686701601754,0,0
weekly_state_validated,3046,2023-08-11,2023-08-21,-0.0176157088591445,2023,2023-06-30,learned_vol_interaction,20260911,0.6483499817470775,0.6483499817470775,1,0
weekly_state_validated,3051,2023-08-18,2023-08-28,0.0366582477081969,2023,2023-06-30,learned_vol_interaction,20260911,0.4685532098964361,0.4685532098964361,0,1
weekly_state_validated,3056,2023-08-25,2023-09-04,-0.025197172476384,2023,2023-06-30,learned_vol_interaction,20260911,0.5257411151596749,0.5257411151596749,1,0
weekly_state_validated,3061,2023-09-01,2023-09-11,-0.0189903461587886,2023,2023-06-30,learned_vol_interaction,20260911,0.41992779299148897,0.41992779299148897,0,0
weekly_state_validated,3066,2023-09-08,2023-09-18,-0.0111346368744954,2023,2023-06-30,learned_vol_interaction,20260911,0.5715992642380437,0.5715992642380437,1,0
weekly_state_validated,3071,2023-09-15,2023-09-25,0.0105787349314532,2023,2023-06-30,learned_vol_interaction,20260911,0.7246958473990663,0.7246958473990663,1,1
weekly_state_validated,3076,2023-09-22,2023-10-16,-0.0198017153282719,2023,2023-06-30,learned_vol_interaction,20260911,0.5741177426590414,0.5741177426590414,1,0
weekly_state_ungated,3021,2023-07-07,2023-07-17,0.0104280552692135,2023,2023-06-30,learned_vol_interaction,20260911,0.4535961698689514,0.4535961698689514,0,1
weekly_state_ungated,3026,2023-07-14,2023-07-24,-0.0201642613135752,2023,2023-06-30,learned_vol_interaction,20260911,0.4201550783721589,0.4201550783721589,0,0
weekly_state_ungated,3031,2023-07-21,2023-07-31,0.0566710925894278,2023,2023-06-30,learned_vol_interaction,20260911,0.41973638258801144,0.41973638258801144,0,1
weekly_state_ungated,3036,2023-07-28,2023-08-07,-0.0039612927947766,2023,2023-06-30,learned_vol_interaction,20260911,0.4355598052653261,0.4355598052653261,0,0
weekly_state_ungated,3041,2023-08-04,2023-08-14,-0.0404899362223548,2023,2023-06-30,learned_vol_interaction,20260911,0.41487347579578215,0.41487347579578215,0,0
weekly_state_ungated,3046,2023-08-11,2023-08-21,-0.0176157088591445,2023,2023-06-30,learned_vol_interaction,20260911,0.6483499817470775,0.6483499817470775,1,0
weekly_state_ungated,3051,2023-08-18,2023-08-28,0.0366582477081969,2023,2023-06-30,learned_vol_interaction,20260911,0.4491327244416173,0.4491327244416173,0,1
weekly_state_ungated,3056,2023-08-25,2023-09-04,-0.025197172476384,2023,2023-06-30,learned_vol_interaction,20260911,0.5257411151596749,0.5257411151596749,1,0
weekly_state_ungated,3061,2023-09-01,2023-09-11,-0.0189903461587886,2023,2023-06-30,learned_vol_interaction,20260911,0.40582005576593433,0.40582005576593433,0,0
weekly_state_ungated,3066,2023-09-08,2023-09-18,-0.0111346368744954,2023,2023-06-30,learned_vol_interaction,20260911,0.5715992642380437,0.5715992642380437,1,0
weekly_state_ungated,3071,2023-09-15,2023-09-25,0.0105787349314532,2023,2023-06-30,learned_vol_interaction,20260911,0.7246958473990663,0.7246958473990663,1,1
weekly_state_ungated,3076,2023-09-22,2023-10-16,-0.0198017153282719,2023,2023-06-30,learned_vol_interaction,20260911,0.5741177426590414,0.5741177426590414,1,0
weekly_global_validated,3021,2023-07-07,2023-07-17,0.0104280552692135,2023,2023-06-30,learned_vol_interaction,20260911,0.4535961698689514,0.4535961698689514,0,1
weekly_global_validated,3026,2023-07-14,2023-07-24,-0.0201642613135752,2023,2023-06-30,learned_vol_interaction,20260911,0.4201550783721589,0.4201550783721589,0,0
weekly_global_validated,3031,2023-07-21,2023-07-31,0.0566710925894278,2023,2023-06-30,learned_vol_interaction,20260911,0.41973638258801144,0.41973638258801144,0,1
weekly_global_validated,3036,2023-07-28,2023-08-07,-0.0039612927947766,2023,2023-06-30,learned_vol_interaction,20260911,0.4355598052653261,0.4355598052653261,0,0
weekly_global_validated,3041,2023-08-04,2023-08-14,-0.0404899362223548,2023,2023-06-30,learned_vol_interaction,20260911,0.4290686701601754,0.4290686701601754,0,0
weekly_global_validated,3046,2023-08-11,2023-08-21,-0.0176157088591445,2023,2023-06-30,learned_vol_interaction,20260911,0.6483499817470775,0.6483499817470775,1,0
weekly_global_validated,3051,2023-08-18,2023-08-28,0.0366582477081969,2023,2023-06-30,learned_vol_interaction,20260911,0.4685532098964361,0.4685532098964361,0,1
weekly_global_validated,3056,2023-08-25,2023-09-04,-0.025197172476384,2023,2023-06-30,learned_vol_interaction,20260911,0.5257411151596749,0.5257411151596749,1,0
weekly_global_validated,3061,2023-09-01,2023-09-11,-0.0189903461587886,2023,2023-06-30,learned_vol_interaction,20260911,0.41992779299148897,0.41992779299148897,0,0
weekly_global_validated,3066,2023-09-08,2023-09-18,-0.0111346368744954,2023,2023-06-30,learned_vol_interaction,20260911,0.5715992642380437,0.5715992642380437,1,0
weekly_global_validated,3071,2023-09-15,2023-09-25,0.0105787349314532,2023,2023-06-30,learned_vol_interaction,20260911,0.7246958473990663,0.7246958473990663,1,1
weekly_global_validated,3076,2023-09-22,2023-10-16,-0.0198017153282719,2023,2023-06-30,learned_vol_interaction,20260911,0.5741177426590414,0.5741177426590414,1,0
weekly_global_ungated,3021,2023-07-07,2023-07-17,0.0104280552692135,2023,2023-06-30,learned_vol_interaction,20260911,0.40163882212388013,0.40163882212388013,0,1
weekly_global_ungated,3026,2023-07-14,2023-07-24,-0.0201642613135752,2023,2023-06-30,learned_vol_interaction,20260911,0.3694383338424137,0.3694383338424137,0,0
weekly_global_ungated,3031,2023-07-21,2023-07-31,0.0566710925894278,2023,2023-06-30,learned_vol_interaction,20260911,0.36903801246486095,0.36903801246486095,0,1
weekly_global_ungated,3036,2023-07-28,2023-08-07,-0.0039612927947766,2023,2023-06-30,learned_vol_interaction,20260911,0.38421569958024177,0.38421569958024177,0,0
weekly_global_ungated,3041,2023-08-04,2023-08-14,-0.0404899362223548,2023,2023-06-30,learned_vol_interaction,20260911,0.3779773416404591,0.3779773416404591,0,0
weekly_global_ungated,3046,2023-08-11,2023-08-21,-0.0176157088591445,2023,2023-06-30,learned_vol_interaction,20260911,0.598520409124884,0.598520409124884,1,0
weekly_global_ungated,3051,2023-08-18,2023-08-28,0.0366582477081969,2023,2023-06-30,learned_vol_interaction,20260911,0.41618756650834826,0.41618756650834826,0,1
weekly_global_ungated,3056,2023-08-25,2023-09-04,-0.025197172476384,2023,2023-06-30,learned_vol_interaction,20260911,0.4726685876480631,0.4726685876480631,0,0
weekly_global_ungated,3061,2023-09-01,2023-09-11,-0.0189903461587886,2023,2023-06-30,learned_vol_interaction,20260911,0.3692210141904705,0.3692210141904705,0,0
weekly_global_ungated,3066,2023-09-08,2023-09-18,-0.0111346368744954,2023,2023-06-30,learned_vol_interaction,20260911,0.5189630991460675,0.5189630991460675,1,0
weekly_global_ungated,3071,2023-09-15,2023-09-25,0.0105787349314532,2023,2023-06-30,learned_vol_interaction,20260911,0.6803509828555641,0.6803509828555641,1,1
weekly_global_ungated,3076,2023-09-22,2023-10-16,-0.0198017153282719,2023,2023-06-30,learned_vol_interaction,20260911,0.5215319944600285,0.5215319944600285,1,0
weekly_state_validated,3021,2023-07-07,2023-07-17,0.0104280552692135,2023,2023-06-30,learned_vol_interaction,20260912,0.5594291110807199,0.5594291110807199,1,1
weekly_state_validated,3026,2023-07-14,2023-07-24,-0.0201642613135752,2023,2023-06-30,learned_vol_interaction,20260912,0.6679523881039575,0.6679523881039575,1,0
weekly_state_validated,3031,2023-07-21,2023-07-31,0.0566710925894278,2023,2023-06-30,learned_vol_interaction,20260912,0.18635602070763757,0.18635602070763757,0,1
weekly_state_validated,3036,2023-07-28,2023-08-07,-0.0039612927947766,2023,2023-06-30,learned_vol_interaction,20260912,0.5478407814968878,0.5478407814968878,1,0
weekly_state_validated,3041,2023-08-04,2023-08-14,-0.0404899362223548,2023,2023-06-30,learned_vol_interaction,20260912,0.7033947900566206,0.7033947900566206,1,0
weekly_state_validated,3046,2023-08-11,2023-08-21,-0.0176157088591445,2023,2023-06-30,learned_vol_interaction,20260912,0.8317318095324455,0.8317318095324455,1,0
weekly_state_validated,3051,2023-08-18,2023-08-28,0.0366582477081969,2023,2023-06-30,learned_vol_interaction,20260912,0.42483786987653466,0.42483786987653466,0,1
weekly_state_validated,3056,2023-08-25,2023-09-04,-0.025197172476384,2023,2023-06-30,learned_vol_interaction,20260912,0.3505140150291582,0.3505140150291582,0,0
weekly_state_validated,3061,2023-09-01,2023-09-11,-0.0189903461587886,2023,2023-06-30,learned_vol_interaction,20260912,0.18874661788961722,0.18874661788961722,0,0
weekly_state_validated,3066,2023-09-08,2023-09-18,-0.0111346368744954,2023,2023-06-30,learned_vol_interaction,20260912,0.5206780629644419,0.5206780629644419,1,0
weekly_state_validated,3071,2023-09-15,2023-09-25,0.0105787349314532,2023,2023-06-30,learned_vol_interaction,20260912,0.41117262447742026,0.41117262447742026,0,1
weekly_state_validated,3076,2023-09-22,2023-10-16,-0.0198017153282719,2023,2023-06-30,learned_vol_interaction,20260912,0.38889293355827786,0.38889293355827786,0,0
weekly_state_ungated,3021,2023-07-07,2023-07-17,0.0104280552692135,2023,2023-06-30,learned_vol_interaction,20260912,0.5594291110807199,0.5594291110807199,1,1
weekly_state_ungated,3026,2023-07-14,2023-07-24,-0.0201642613135752,2023,2023-06-30,learned_vol_interaction,20260912,0.6679523881039575,0.6679523881039575,1,0
weekly_state_ungated,3031,2023-07-21,2023-07-31,0.0566710925894278,2023,2023-06-30,learned_vol_interaction,20260912,0.18635602070763757,0.18635602070763757,0,1
weekly_state_ungated,3036,2023-07-28,2023-08-07,-0.0039612927947766,2023,2023-06-30,learned_vol_interaction,20260912,0.5478407814968878,0.5478407814968878,1,0
weekly_state_ungated,3041,2023-08-04,2023-08-14,-0.0404899362223548,2023,2023-06-30,learned_vol_interaction,20260912,0.6928070418235049,0.6928070418235049,1,0
weekly_state_ungated,3046,2023-08-11,2023-08-21,-0.0176157088591445,2023,2023-06-30,learned_vol_interaction,20260912,0.8317318095324455,0.8317318095324455,1,0
weekly_state_ungated,3051,2023-08-18,2023-08-28,0.0366582477081969,2023,2023-06-30,learned_vol_interaction,20260912,0.41425463132493695,0.41425463132493695,0,1
weekly_state_ungated,3056,2023-08-25,2023-09-04,-0.025197172476384,2023,2023-06-30,learned_vol_interaction,20260912,0.3505140150291582,0.3505140150291582,0,0
weekly_state_ungated,3061,2023-09-01,2023-09-11,-0.0189903461587886,2023,2023-06-30,learned_vol_interaction,20260912,0.1811736838769774,0.1811736838769774,0,0
weekly_state_ungated,3066,2023-09-08,2023-09-18,-0.0111346368744954,2023,2023-06-30,learned_vol_interaction,20260912,0.5206780629644419,0.5206780629644419,1,0
weekly_state_ungated,3071,2023-09-15,2023-09-25,0.0105787349314532,2023,2023-06-30,learned_vol_interaction,20260912,0.41117262447742026,0.41117262447742026,0,1
weekly_state_ungated,3076,2023-09-22,2023-10-16,-0.0198017153282719,2023,2023-06-30,learned_vol_interaction,20260912,0.38889293355827786,0.38889293355827786,0,0
weekly_global_validated,3021,2023-07-07,2023-07-17,0.0104280552692135,2023,2023-06-30,learned_vol_interaction,20260912,0.5594291110807199,0.5594291110807199,1,1
weekly_global_validated,3026,2023-07-14,2023-07-24,-0.0201642613135752,2023,2023-06-30,learned_vol_interaction,20260912,0.6679523881039575,0.6679523881039575,1,0
weekly_global_validated,3031,2023-07-21,2023-07-31,0.0566710925894278,2023,2023-06-30,learned_vol_interaction,20260912,0.18635602070763757,0.18635602070763757,0,1
weekly_global_validated,3036,2023-07-28,2023-08-07,-0.0039612927947766,2023,2023-06-30,learned_vol_interaction,20260912,0.5478407814968878,0.5478407814968878,1,0
weekly_global_validated,3041,2023-08-04,2023-08-14,-0.0404899362223548,2023,2023-06-30,learned_vol_interaction,20260912,0.7033947900566206,0.7033947900566206,1,0
weekly_global_validated,3046,2023-08-11,2023-08-21,-0.0176157088591445,2023,2023-06-30,learned_vol_interaction,20260912,0.8317318095324455,0.8317318095324455,1,0
weekly_global_validated,3051,2023-08-18,2023-08-28,0.0366582477081969,2023,2023-06-30,learned_vol_interaction,20260912,0.42483786987653466,0.42483786987653466,0,1
weekly_global_validated,3056,2023-08-25,2023-09-04,-0.025197172476384,2023,2023-06-30,learned_vol_interaction,20260912,0.3505140150291582,0.3505140150291582,0,0
weekly_global_validated,3061,2023-09-01,2023-09-11,-0.0189903461587886,2023,2023-06-30,learned_vol_interaction,20260912,0.18874661788961722,0.18874661788961722,0,0
weekly_global_validated,3066,2023-09-08,2023-09-18,-0.0111346368744954,2023,2023-06-30,learned_vol_interaction,20260912,0.5206780629644419,0.5206780629644419,1,0
weekly_global_validated,3071,2023-09-15,2023-09-25,0.0105787349314532,2023,2023-06-30,learned_vol_interaction,20260912,0.41117262447742026,0.41117262447742026,0,1
weekly_global_validated,3076,2023-09-22,2023-10-16,-0.0198017153282719,2023,2023-06-30,learned_vol_interaction,20260912,0.38889293355827786,0.38889293355827786,0,0
weekly_global_ungated,3021,2023-07-07,2023-07-17,0.0104280552692135,2023,2023-06-30,learned_vol_interaction,20260912,0.5138423392468539,0.5138423392468539,1,1
weekly_global_ungated,3026,2023-07-14,2023-07-24,-0.0201642613135752,2023,2023-06-30,learned_vol_interaction,20260912,0.6260894321944368,0.6260894321944368,1,0
weekly_global_ungated,3031,2023-07-21,2023-07-31,0.0566710925894278,2023,2023-06-30,learned_vol_interaction,20260912,0.160121287893415,0.160121287893415,0,1
weekly_global_ungated,3036,2023-07-28,2023-08-07,-0.0039612927947766,2023,2023-06-30,learned_vol_interaction,20260912,0.5021220821744556,0.5021220821744556,1,0
weekly_global_ungated,3041,2023-08-04,2023-08-14,-0.0404899362223548,2023,2023-06-30,learned_vol_interaction,20260912,0.6637508318684284,0.6637508318684284,1,0
weekly_global_ungated,3046,2023-08-11,2023-08-21,-0.0176157088591445,2023,2023-06-30,learned_vol_interaction,20260912,0.8044730140924025,0.8044730140924025,1,0
weekly_global_ungated,3051,2023-08-18,2023-08-28,0.0366582477081969,2023,2023-06-30,learned_vol_interaction,20260912,0.3807405156727255,0.3807405156727255,0,1
weekly_global_ungated,3056,2023-08-25,2023-09-04,-0.025197172476384,2023,2023-06-30,learned_vol_interaction,20260912,0.3099736448616368,0.3099736448616368,0,0
weekly_global_ungated,3061,2023-09-01,2023-09-11,-0.0189903461587886,2023,2023-06-30,learned_vol_interaction,20260912,0.16224245009493465,0.16224245009493465,0,0
weekly_global_ungated,3066,2023-09-08,2023-09-18,-0.0111346368744954,2023,2023-06-30,learned_vol_interaction,20260912,0.4748456304662096,0.4748456304662096,0,0
weekly_global_ungated,3071,2023-09-15,2023-09-25,0.0105787349314532,2023,2023-06-30,learned_vol_interaction,20260912,0.367587177675389,0.367587177675389,0,1
weekly_global_ungated,3076,2023-09-22,2023-10-16,-0.0198017153282719,2023,2023-06-30,learned_vol_interaction,20260912,0.3462803112609315,0.3462803112609315,0,0
weekly_state_validated,3021,2023-07-07,2023-07-17,0.0104280552692135,2023,2023-06-30,learned_order_extension,20260910,0.42525896977192723,0.42525896977192723,0,1
weekly_state_validated,3026,2023-07-14,2023-07-24,-0.0201642613135752,2023,2023-06-30,learned_order_extension,20260910,0.6244950957532646,0.6244950957532646,1,0
weekly_state_validated,3031,2023-07-21,2023-07-31,0.0566710925894278,2023,2023-06-30,learned_order_extension,20260910,0.591193586714307,0.591193586714307,1,1
weekly_state_validated,3036,2023-07-28,2023-08-07,-0.0039612927947766,2023,2023-06-30,learned_order_extension,20260910,0.4137031126689188,0.4137031126689188,0,0
weekly_state_validated,3041,2023-08-04,2023-08-14,-0.0404899362223548,2023,2023-06-30,learned_order_extension,20260910,0.34971805428457803,0.34971805428457803,0,0
weekly_state_validated,3046,2023-08-11,2023-08-21,-0.0176157088591445,2023,2023-06-30,learned_order_extension,20260910,0.2809005484837032,0.2809005484837032,0,0
weekly_state_validated,3051,2023-08-18,2023-08-28,0.0366582477081969,2023,2023-06-30,learned_order_extension,20260910,0.5809843846986696,0.5809843846986696,1,1
weekly_state_validated,3056,2023-08-25,2023-09-04,-0.025197172476384,2023,2023-06-30,learned_order_extension,20260910,0.31129405822030537,0.31129405822030537,0,0
weekly_state_validated,3061,2023-09-01,2023-09-11,-0.0189903461587886,2023,2023-06-30,learned_order_extension,20260910,0.5671782602532678,0.5671782602532678,1,0
weekly_state_validated,3066,2023-09-08,2023-09-18,-0.0111346368744954,2023,2023-06-30,learned_order_extension,20260910,0.5986378602457478,0.5986378602457478,1,0
weekly_state_validated,3071,2023-09-15,2023-09-25,0.0105787349314532,2023,2023-06-30,learned_order_extension,20260910,0.6895171394617714,0.6895171394617714,1,1
weekly_state_validated,3076,2023-09-22,2023-10-16,-0.0198017153282719,2023,2023-06-30,learned_order_extension,20260910,0.33512334993612697,0.33512334993612697,0,0
weekly_state_ungated,3021,2023-07-07,2023-07-17,0.0104280552692135,2023,2023-06-30,learned_order_extension,20260910,0.42525896977192723,0.42525896977192723,0,1
weekly_state_ungated,3026,2023-07-14,2023-07-24,-0.0201642613135752,2023,2023-06-30,learned_order_extension,20260910,0.6244950957532646,0.6244950957532646,1,0
weekly_state_ungated,3031,2023-07-21,2023-07-31,0.0566710925894278,2023,2023-06-30,learned_order_extension,20260910,0.591193586714307,0.591193586714307,1,1
weekly_state_ungated,3036,2023-07-28,2023-08-07,-0.0039612927947766,2023,2023-06-30,learned_order_extension,20260910,0.4137031126689188,0.4137031126689188,0,0
weekly_state_ungated,3041,2023-08-04,2023-08-14,-0.0404899362223548,2023,2023-06-30,learned_order_extension,20260910,0.3333845869023026,0.3333845869023026,0,0
weekly_state_ungated,3046,2023-08-11,2023-08-21,-0.0176157088591445,2023,2023-06-30,learned_order_extension,20260910,0.2809005484837032,0.2809005484837032,0,0
weekly_state_ungated,3051,2023-08-18,2023-08-28,0.0366582477081969,2023,2023-06-30,learned_order_extension,20260910,0.551457066774025,0.551457066774025,1,1
weekly_state_ungated,3056,2023-08-25,2023-09-04,-0.025197172476384,2023,2023-06-30,learned_order_extension,20260910,0.31129405822030537,0.31129405822030537,0,0
weekly_state_ungated,3061,2023-09-01,2023-09-11,-0.0189903461587886,2023,2023-06-30,learned_order_extension,20260910,0.5492670956586444,0.5492670956586444,1,0
weekly_state_ungated,3066,2023-09-08,2023-09-18,-0.0111346368744954,2023,2023-06-30,learned_order_extension,20260910,0.5986378602457478,0.5986378602457478,1,0
weekly_state_ungated,3071,2023-09-15,2023-09-25,0.0105787349314532,2023,2023-06-30,learned_order_extension,20260910,0.6895171394617714,0.6895171394617714,1,1
weekly_state_ungated,3076,2023-09-22,2023-10-16,-0.0198017153282719,2023,2023-06-30,learned_order_extension,20260910,0.33512334993612697,0.33512334993612697,0,0
weekly_global_validated,3021,2023-07-07,2023-07-17,0.0104280552692135,2023,2023-06-30,learned_order_extension,20260910,0.42525896977192723,0.42525896977192723,0,1
weekly_global_validated,3026,2023-07-14,2023-07-24,-0.0201642613135752,2023,2023-06-30,learned_order_extension,20260910,0.6244950957532646,0.6244950957532646,1,0
weekly_global_validated,3031,2023-07-21,2023-07-31,0.0566710925894278,2023,2023-06-30,learned_order_extension,20260910,0.591193586714307,0.591193586714307,1,1
weekly_global_validated,3036,2023-07-28,2023-08-07,-0.0039612927947766,2023,2023-06-30,learned_order_extension,20260910,0.4137031126689188,0.4137031126689188,0,0
weekly_global_validated,3041,2023-08-04,2023-08-14,-0.0404899362223548,2023,2023-06-30,learned_order_extension,20260910,0.34971805428457803,0.34971805428457803,0,0
weekly_global_validated,3046,2023-08-11,2023-08-21,-0.0176157088591445,2023,2023-06-30,learned_order_extension,20260910,0.2809005484837032,0.2809005484837032,0,0
weekly_global_validated,3051,2023-08-18,2023-08-28,0.0366582477081969,2023,2023-06-30,learned_order_extension,20260910,0.5809843846986696,0.5809843846986696,1,1
weekly_global_validated,3056,2023-08-25,2023-09-04,-0.025197172476384,2023,2023-06-30,learned_order_extension,20260910,0.31129405822030537,0.31129405822030537,0,0
weekly_global_validated,3061,2023-09-01,2023-09-11,-0.0189903461587886,2023,2023-06-30,learned_order_extension,20260910,0.5671782602532678,0.5671782602532678,1,0
weekly_global_validated,3066,2023-09-08,2023-09-18,-0.0111346368744954,2023,2023-06-30,learned_order_extension,20260910,0.5986378602457478,0.5986378602457478,1,0
weekly_global_validated,3071,2023-09-15,2023-09-25,0.0105787349314532,2023,2023-06-30,learned_order_extension,20260910,0.6895171394617714,0.6895171394617714,1,1
weekly_global_validated,3076,2023-09-22,2023-10-16,-0.0198017153282719,2023,2023-06-30,learned_order_extension,20260910,0.33512334993612697,0.33512334993612697,0,0
weekly_global_ungated,3021,2023-07-07,2023-07-17,0.0104280552692135,2023,2023-06-30,learned_order_extension,20260910,0.3643301799735546,0.3643301799735546,0,1
weekly_global_ungated,3026,2023-07-14,2023-07-24,-0.0201642613135752,2023,2023-06-30,learned_order_extension,20260910,0.5629822885284338,0.5629822885284338,1,0
weekly_global_ungated,3031,2023-07-21,2023-07-31,0.0566710925894278,2023,2023-06-30,learned_order_extension,20260910,0.5283456482478015,0.5283456482478015,1,1
weekly_global_ungated,3036,2023-07-28,2023-08-07,-0.0039612927947766,2023,2023-06-30,learned_order_extension,20260910,0.35341190713964044,0.35341190713964044,0,0
weekly_global_ungated,3041,2023-08-04,2023-08-14,-0.0404899362223548,2023,2023-06-30,learned_order_extension,20260910,0.2940745644072323,0.2940745644072323,0,0
weekly_global_ungated,3046,2023-08-11,2023-08-21,-0.0176157088591445,2023,2023-06-30,learned_order_extension,20260910,0.23229516911061046,0.23229516911061046,0,0
weekly_global_ungated,3051,2023-08-18,2023-08-28,0.0366582477081969,2023,2023-06-30,learned_order_extension,20260910,0.5178469629741497,0.5178469629741497,1,1
weekly_global_ungated,3056,2023-08-25,2023-09-04,-0.025197172476384,2023,2023-06-30,learned_order_extension,20260910,0.2593261392665185,0.2593261392665185,0,0
weekly_global_ungated,3061,2023-09-01,2023-09-11,-0.0189903461587886,2023,2023-06-30,learned_order_extension,20260910,0.5037374777341418,0.5037374777341418,1,0
weekly_global_ungated,3066,2023-09-08,2023-09-18,-0.0111346368744954,2023,2023-06-30,learned_order_extension,20260910,0.5360362163278048,0.5360362163278048,1,0
weekly_global_ungated,3071,2023-09-15,2023-09-25,0.0105787349314532,2023,2023-06-30,learned_order_extension,20260910,0.6323857353746574,0.6323857353746574,1,1
weekly_global_ungated,3076,2023-09-22,2023-10-16,-0.0198017153282719,2023,2023-06-30,learned_order_extension,20260910,0.2807992828363745,0.2807992828363745,0,0
weekly_state_validated,3021,2023-07-07,2023-07-17,0.0104280552692135,2023,2023-06-30,learned_order_extension,20260911,0.45538171676954997,0.45538171676954997,0,1
weekly_state_validated,3026,2023-07-14,2023-07-24,-0.0201642613135752,2023,2023-06-30,learned_order_extension,20260911,0.4205002443689337,0.4205002443689337,0,0
weekly_state_validated,3031,2023-07-21,2023-07-31,0.0566710925894278,2023,2023-06-30,learned_order_extension,20260911,0.4215274592494197,0.4215274592494197,0,1
weekly_state_validated,3036,2023-07-28,2023-08-07,-0.0039612927947766,2023,2023-06-30,learned_order_extension,20260911,0.4356725165305554,0.4356725165305554,0,0
weekly_state_validated,3041,2023-08-04,2023-08-14,-0.0404899362223548,2023,2023-06-30,learned_order_extension,20260911,0.4299948290683337,0.4299948290683337,0,0
weekly_state_validated,3046,2023-08-11,2023-08-21,-0.0176157088591445,2023,2023-06-30,learned_order_extension,20260911,0.6456500137103086,0.6456500137103086,1,0
weekly_state_validated,3051,2023-08-18,2023-08-28,0.0366582477081969,2023,2023-06-30,learned_order_extension,20260911,0.4693034993568277,0.4693034993568277,0,1
weekly_state_validated,3056,2023-08-25,2023-09-04,-0.025197172476384,2023,2023-06-30,learned_order_extension,20260911,0.5242955671160714,0.5242955671160714,1,0
weekly_state_validated,3061,2023-09-01,2023-09-11,-0.0189903461587886,2023,2023-06-30,learned_order_extension,20260911,0.42158907759995046,0.42158907759995046,0,0
weekly_state_validated,3066,2023-09-08,2023-09-18,-0.0111346368744954,2023,2023-06-30,learned_order_extension,20260911,0.5704903883683057,0.5704903883683057,1,0
weekly_state_validated,3071,2023-09-15,2023-09-25,0.0105787349314532,2023,2023-06-30,learned_order_extension,20260911,0.7245642790810853,0.7245642790810853,1,1
weekly_state_validated,3076,2023-09-22,2023-10-16,-0.0198017153282719,2023,2023-06-30,learned_order_extension,20260911,0.5739727811559294,0.5739727811559294,1,0
weekly_state_ungated,3021,2023-07-07,2023-07-17,0.0104280552692135,2023,2023-06-30,learned_order_extension,20260911,0.45538171676954997,0.45538171676954997,0,1
weekly_state_ungated,3026,2023-07-14,2023-07-24,-0.0201642613135752,2023,2023-06-30,learned_order_extension,20260911,0.4205002443689337,0.4205002443689337,0,0
weekly_state_ungated,3031,2023-07-21,2023-07-31,0.0566710925894278,2023,2023-06-30,learned_order_extension,20260911,0.4215274592494197,0.4215274592494197,0,1
weekly_state_ungated,3036,2023-07-28,2023-08-07,-0.0039612927947766,2023,2023-06-30,learned_order_extension,20260911,0.4356725165305554,0.4356725165305554,0,0
weekly_state_ungated,3041,2023-08-04,2023-08-14,-0.0404899362223548,2023,2023-06-30,learned_order_extension,20260911,0.4143896080302612,0.4143896080302612,0,0
weekly_state_ungated,3046,2023-08-11,2023-08-21,-0.0176157088591445,2023,2023-06-30,learned_order_extension,20260911,0.6456500137103086,0.6456500137103086,1,0
weekly_state_ungated,3051,2023-08-18,2023-08-28,0.0366582477081969,2023,2023-06-30,learned_order_extension,20260911,0.4499273512487172,0.4499273512487172,0,1
weekly_state_ungated,3056,2023-08-25,2023-09-04,-0.025197172476384,2023,2023-06-30,learned_order_extension,20260911,0.5242955671160714,0.5242955671160714,1,0
weekly_state_ungated,3061,2023-09-01,2023-09-11,-0.0189903461587886,2023,2023-06-30,learned_order_extension,20260911,0.40607159145734784,0.40607159145734784,0,0
weekly_state_ungated,3066,2023-09-08,2023-09-18,-0.0111346368744954,2023,2023-06-30,learned_order_extension,20260911,0.5704903883683057,0.5704903883683057,1,0
weekly_state_ungated,3071,2023-09-15,2023-09-25,0.0105787349314532,2023,2023-06-30,learned_order_extension,20260911,0.7245642790810853,0.7245642790810853,1,1
weekly_state_ungated,3076,2023-09-22,2023-10-16,-0.0198017153282719,2023,2023-06-30,learned_order_extension,20260911,0.5739727811559294,0.5739727811559294,1,0
weekly_global_validated,3021,2023-07-07,2023-07-17,0.0104280552692135,2023,2023-06-30,learned_order_extension,20260911,0.45538171676954997,0.45538171676954997,0,1
weekly_global_validated,3026,2023-07-14,2023-07-24,-0.0201642613135752,2023,2023-06-30,learned_order_extension,20260911,0.4205002443689337,0.4205002443689337,0,0
weekly_global_validated,3031,2023-07-21,2023-07-31,0.0566710925894278,2023,2023-06-30,learned_order_extension,20260911,0.4215274592494197,0.4215274592494197,0,1
weekly_global_validated,3036,2023-07-28,2023-08-07,-0.0039612927947766,2023,2023-06-30,learned_order_extension,20260911,0.4356725165305554,0.4356725165305554,0,0
weekly_global_validated,3041,2023-08-04,2023-08-14,-0.0404899362223548,2023,2023-06-30,learned_order_extension,20260911,0.4299948290683337,0.4299948290683337,0,0
weekly_global_validated,3046,2023-08-11,2023-08-21,-0.0176157088591445,2023,2023-06-30,learned_order_extension,20260911,0.6456500137103086,0.6456500137103086,1,0
weekly_global_validated,3051,2023-08-18,2023-08-28,0.0366582477081969,2023,2023-06-30,learned_order_extension,20260911,0.4693034993568277,0.4693034993568277,0,1
weekly_global_validated,3056,2023-08-25,2023-09-04,-0.025197172476384,2023,2023-06-30,learned_order_extension,20260911,0.5242955671160714,0.5242955671160714,1,0
weekly_global_validated,3061,2023-09-01,2023-09-11,-0.0189903461587886,2023,2023-06-30,learned_order_extension,20260911,0.42158907759995046,0.42158907759995046,0,0
weekly_global_validated,3066,2023-09-08,2023-09-18,-0.0111346368744954,2023,2023-06-30,learned_order_extension,20260911,0.5704903883683057,0.5704903883683057,1,0
weekly_global_validated,3071,2023-09-15,2023-09-25,0.0105787349314532,2023,2023-06-30,learned_order_extension,20260911,0.7245642790810853,0.7245642790810853,1,1
weekly_global_validated,3076,2023-09-22,2023-10-16,-0.0198017153282719,2023,2023-06-30,learned_order_extension,20260911,0.5739727811559294,0.5739727811559294,1,0
weekly_global_ungated,3021,2023-07-07,2023-07-17,0.0104280552692135,2023,2023-06-30,learned_order_extension,20260911,0.40040735128694294,0.40040735128694294,0,1
weekly_global_ungated,3026,2023-07-14,2023-07-24,-0.0201642613135752,2023,2023-06-30,learned_order_extension,20260911,0.36689998217890846,0.36689998217890846,0,0
weekly_global_ungated,3031,2023-07-21,2023-07-31,0.0566710925894278,2023,2023-06-30,learned_order_extension,20260911,0.36787938183660807,0.36787938183660807,0,1
weekly_global_ungated,3036,2023-07-28,2023-08-07,-0.0039612927947766,2023,2023-06-30,learned_order_extension,20260911,0.3814111690681726,0.3814111690681726,0,0
weekly_global_ungated,3041,2023-08-04,2023-08-14,-0.0404899362223548,2023,2023-06-30,learned_order_extension,20260911,0.37596950481569824,0.37596950481569824,0,0
weekly_global_ungated,3046,2023-08-11,2023-08-21,-0.0176157088591445,2023,2023-06-30,learned_order_extension,20260911,0.5927036668304936,0.5927036668304936,1,0
weekly_global_ungated,3051,2023-08-18,2023-08-28,0.0366582477081969,2023,2023-06-30,learned_order_extension,20260911,0.41392582498654773,0.41392582498654773,0,1
weekly_global_ungated,3056,2023-08-25,2023-09-04,-0.025197172476384,2023,2023-06-30,learned_order_extension,20260911,0.46815314906464894,0.46815314906464894,0,0
weekly_global_ungated,3061,2023-09-01,2023-09-11,-0.0189903461587886,2023,2023-06-30,learned_order_extension,20260911,0.367938146024821,0.367938146024821,0,0
weekly_global_ungated,3066,2023-09-08,2023-09-18,-0.0111346368744954,2023,2023-06-30,learned_order_extension,20260911,0.5147540278332026,0.5147540278332026,1,0
weekly_global_ungated,3071,2023-09-15,2023-09-25,0.0105787349314532,2023,2023-06-30,learned_order_extension,20260911,0.6775198449109856,0.6775198449109856,1,1
weekly_global_ungated,3076,2023-09-22,2023-10-16,-0.0198017153282719,2023,2023-06-30,learned_order_extension,20260911,0.5183067592918145,0.5183067592918145,1,0
weekly_state_validated,3021,2023-07-07,2023-07-17,0.0104280552692135,2023,2023-06-30,learned_order_extension,20260912,0.5454708742834323,0.5454708742834323,1,1
weekly_state_validated,3026,2023-07-14,2023-07-24,-0.0201642613135752,2023,2023-06-30,learned_order_extension,20260912,0.5829444980994714,0.5829444980994714,1,0
weekly_state_validated,3031,2023-07-21,2023-07-31,0.0566710925894278,2023,2023-06-30,learned_order_extension,20260912,0.2735077969075347,0.2735077969075347,0,1
weekly_state_validated,3036,2023-07-28,2023-08-07,-0.0039612927947766,2023,2023-06-30,learned_order_extension,20260912,0.5280526191390094,0.5280526191390094,1,0
weekly_state_validated,3041,2023-08-04,2023-08-14,-0.0404899362223548,2023,2023-06-30,learned_order_extension,20260912,0.6473763569680311,0.6473763569680311,1,0
weekly_state_validated,3046,2023-08-11,2023-08-21,-0.0176157088591445,2023,2023-06-30,learned_order_extension,20260912,0.7564070090465949,0.7564070090465949,1,0
weekly_state_validated,3051,2023-08-18,2023-08-28,0.0366582477081969,2023,2023-06-30,learned_order_extension,20260912,0.4265030263110565,0.4265030263110565,0,1
weekly_state_validated,3056,2023-08-25,2023-09-04,-0.025197172476384,2023,2023-06-30,learned_order_extension,20260912,0.3737136272862438,0.3737136272862438,0,0
weekly_state_validated,3061,2023-09-01,2023-09-11,-0.0189903461587886,2023,2023-06-30,learned_order_extension,20260912,0.2333986657354188,0.2333986657354188,0,0
weekly_state_validated,3066,2023-09-08,2023-09-18,-0.0111346368744954,2023,2023-06-30,learned_order_extension,20260912,0.4849329777395086,0.4849329777395086,0,0
weekly_state_validated,3071,2023-09-15,2023-09-25,0.0105787349314532,2023,2023-06-30,learned_order_extension,20260912,0.41318970667133637,0.41318970667133637,0,1
weekly_state_validated,3076,2023-09-22,2023-10-16,-0.0198017153282719,2023,2023-06-30,learned_order_extension,20260912,0.4108197709059615,0.4108197709059615,0,0
weekly_state_ungated,3021,2023-07-07,2023-07-17,0.0104280552692135,2023,2023-06-30,learned_order_extension,20260912,0.5454708742834323,0.5454708742834323,1,1
weekly_state_ungated,3026,2023-07-14,2023-07-24,-0.0201642613135752,2023,2023-06-30,learned_order_extension,20260912,0.5829444980994714,0.5829444980994714,1,0
weekly_state_ungated,3031,2023-07-21,2023-07-31,0.0566710925894278,2023,2023-06-30,learned_order_extension,20260912,0.2735077969075347,0.2735077969075347,0,1
weekly_state_ungated,3036,2023-07-28,2023-08-07,-0.0039612927947766,2023,2023-06-30,learned_order_extension,20260912,0.5280526191390094,0.5280526191390094,1,0
weekly_state_ungated,3041,2023-08-04,2023-08-14,-0.0404899362223548,2023,2023-06-30,learned_order_extension,20260912,0.6362491189471082,0.6362491189471082,1,0
weekly_state_ungated,3046,2023-08-11,2023-08-21,-0.0176157088591445,2023,2023-06-30,learned_order_extension,20260912,0.7564070090465949,0.7564070090465949,1,0
weekly_state_ungated,3051,2023-08-18,2023-08-28,0.0366582477081969,2023,2023-06-30,learned_order_extension,20260912,0.41632509078350466,0.41632509078350466,0,1
weekly_state_ungated,3056,2023-08-25,2023-09-04,-0.025197172476384,2023,2023-06-30,learned_order_extension,20260912,0.3737136272862438,0.3737136272862438,0,0
weekly_state_ungated,3061,2023-09-01,2023-09-11,-0.0189903461587886,2023,2023-06-30,learned_order_extension,20260912,0.2248497556952105,0.2248497556952105,0,0
weekly_state_ungated,3066,2023-09-08,2023-09-18,-0.0111346368744954,2023,2023-06-30,learned_order_extension,20260912,0.4849329777395086,0.4849329777395086,0,0
weekly_state_ungated,3071,2023-09-15,2023-09-25,0.0105787349314532,2023,2023-06-30,learned_order_extension,20260912,0.41318970667133637,0.41318970667133637,0,1
weekly_state_ungated,3076,2023-09-22,2023-10-16,-0.0198017153282719,2023,2023-06-30,learned_order_extension,20260912,0.4108197709059615,0.4108197709059615,0,0
weekly_global_validated,3021,2023-07-07,2023-07-17,0.0104280552692135,2023,2023-06-30,learned_order_extension,20260912,0.5454708742834323,0.5454708742834323,1,1
weekly_global_validated,3026,2023-07-14,2023-07-24,-0.0201642613135752,2023,2023-06-30,learned_order_extension,20260912,0.5829444980994714,0.5829444980994714,1,0
weekly_global_validated,3031,2023-07-21,2023-07-31,0.0566710925894278,2023,2023-06-30,learned_order_extension,20260912,0.2735077969075347,0.2735077969075347,0,1
weekly_global_validated,3036,2023-07-28,2023-08-07,-0.0039612927947766,2023,2023-06-30,learned_order_extension,20260912,0.5280526191390094,0.5280526191390094,1,0
weekly_global_validated,3041,2023-08-04,2023-08-14,-0.0404899362223548,2023,2023-06-30,learned_order_extension,20260912,0.6473763569680311,0.6473763569680311,1,0
weekly_global_validated,3046,2023-08-11,2023-08-21,-0.0176157088591445,2023,2023-06-30,learned_order_extension,20260912,0.7564070090465949,0.7564070090465949,1,0
weekly_global_validated,3051,2023-08-18,2023-08-28,0.0366582477081969,2023,2023-06-30,learned_order_extension,20260912,0.4265030263110565,0.4265030263110565,0,1
weekly_global_validated,3056,2023-08-25,2023-09-04,-0.025197172476384,2023,2023-06-30,learned_order_extension,20260912,0.3737136272862438,0.3737136272862438,0,0
weekly_global_validated,3061,2023-09-01,2023-09-11,-0.0189903461587886,2023,2023-06-30,learned_order_extension,20260912,0.2333986657354188,0.2333986657354188,0,0
weekly_global_validated,3066,2023-09-08,2023-09-18,-0.0111346368744954,2023,2023-06-30,learned_order_extension,20260912,0.4849329777395086,0.4849329777395086,0,0
weekly_global_validated,3071,2023-09-15,2023-09-25,0.0105787349314532,2023,2023-06-30,learned_order_extension,20260912,0.41318970667133637,0.41318970667133637,0,1
weekly_global_validated,3076,2023-09-22,2023-10-16,-0.0198017153282719,2023,2023-06-30,learned_order_extension,20260912,0.4108197709059615,0.4108197709059615,0,0
weekly_global_ungated,3021,2023-07-07,2023-07-17,0.0104280552692135,2023,2023-06-30,learned_order_extension,20260912,0.5019123233921658,0.5019123233921658,1,1
weekly_global_ungated,3026,2023-07-14,2023-07-24,-0.0201642613135752,2023,2023-06-30,learned_order_extension,20260912,0.5399483160921152,0.5399483160921152,1,0
weekly_global_ungated,3031,2023-07-21,2023-07-31,0.0566710925894278,2023,2023-06-30,learned_order_extension,20260912,0.24019044128728306,0.24019044128728306,0,1
weekly_global_ungated,3036,2023-07-28,2023-08-07,-0.0039612927947766,2023,2023-06-30,learned_order_extension,20260912,0.48440265034511043,0.48440265034511043,0,0
weekly_global_ungated,3041,2023-08-04,2023-08-14,-0.0404899362223548,2023,2023-06-30,learned_order_extension,20260912,0.6065393190011509,0.6065393190011509,1,0
weekly_global_ungated,3046,2023-08-11,2023-08-21,-0.0176157088591445,2023,2023-06-30,learned_order_extension,20260912,0.72278987433971,0.72278987433971,1,0
weekly_global_ungated,3051,2023-08-18,2023-08-28,0.0366582477081969,2023,2023-06-30,learned_order_extension,20260912,0.3844100434026655,0.3844100434026655,0,1
weekly_global_ungated,3056,2023-08-25,2023-09-04,-0.025197172476384,2023,2023-06-30,learned_order_extension,20260912,0.3337981986496716,0.3337981986496716,0,0
weekly_global_ungated,3061,2023-09-01,2023-09-11,-0.0189903461587886,2023,2023-06-30,learned_order_extension,20260912,0.20359794261000075,0.20359794261000075,0,0
weekly_global_ungated,3066,2023-09-08,2023-09-18,-0.0111346368744954,2023,2023-06-30,learned_order_extension,20260912,0.44151286434165954,0.44151286434165954,0,0
weekly_global_ungated,3071,2023-09-15,2023-09-25,0.0105787349314532,2023,2023-06-30,learned_order_extension,20260912,0.37155938166882885,0.37155938166882885,0,1
weekly_global_ungated,3076,2023-09-22,2023-10-16,-0.0198017153282719,2023,2023-06-30,learned_order_extension,20260912,0.369277962146639,0.369277962146639,0,0
weekly_state_validated,3021,2023-07-07,2023-07-17,0.0104280552692135,2023,2023-06-30,learned_order_offset,20260910,0.4256085180406109,0.4256085180406109,0,1
weekly_state_validated,3026,2023-07-14,2023-07-24,-0.0201642613135752,2023,2023-06-30,learned_order_offset,20260910,0.623906968031916,0.623906968031916,1,0
weekly_state_validated,3031,2023-07-21,2023-07-31,0.0566710925894278,2023,2023-06-30,learned_order_offset,20260910,0.5909164484602238,0.5909164484602238,1,1
weekly_state_validated,3036,2023-07-28,2023-08-07,-0.0039612927947766,2023,2023-06-30,learned_order_offset,20260910,0.4138182586819264,0.4138182586819264,0,0
weekly_state_validated,3041,2023-08-04,2023-08-14,-0.0404899362223548,2023,2023-06-30,learned_order_offset,20260910,0.3499694885504753,0.3499694885504753,0,0
weekly_state_validated,3046,2023-08-11,2023-08-21,-0.0176157088591445,2023,2023-06-30,learned_order_offset,20260910,0.28220374642564056,0.28220374642564056,0,0
weekly_state_validated,3051,2023-08-18,2023-08-28,0.0366582477081969,2023,2023-06-30,learned_order_offset,20260910,0.5800249132918106,0.5800249132918106,1,1
weekly_state_validated,3056,2023-08-25,2023-09-04,-0.025197172476384,2023,2023-06-30,learned_order_offset,20260910,0.311648784966294,0.311648784966294,0,0
weekly_state_validated,3061,2023-09-01,2023-09-11,-0.0189903461587886,2023,2023-06-30,learned_order_offset,20260910,0.566362837903968,0.566362837903968,1,0
weekly_state_validated,3066,2023-09-08,2023-09-18,-0.0111346368744954,2023,2023-06-30,learned_order_offset,20260910,0.5991422738205142,0.5991422738205142,1,0
weekly_state_validated,3071,2023-09-15,2023-09-25,0.0105787349314532,2023,2023-06-30,learned_order_offset,20260910,0.6890568513220626,0.6890568513220626,1,1
weekly_state_validated,3076,2023-09-22,2023-10-16,-0.0198017153282719,2023,2023-06-30,learned_order_offset,20260910,0.33653104179539023,0.33653104179539023,0,0
weekly_state_ungated,3021,2023-07-07,2023-07-17,0.0104280552692135,2023,2023-06-30,learned_order_offset,20260910,0.4256085180406109,0.4256085180406109,0,1
weekly_state_ungated,3026,2023-07-14,2023-07-24,-0.0201642613135752,2023,2023-06-30,learned_order_offset,20260910,0.623906968031916,0.623906968031916,1,0
weekly_state_ungated,3031,2023-07-21,2023-07-31,0.0566710925894278,2023,2023-06-30,learned_order_offset,20260910,0.5909164484602238,0.5909164484602238,1,1
weekly_state_ungated,3036,2023-07-28,2023-08-07,-0.0039612927947766,2023,2023-06-30,learned_order_offset,20260910,0.4138182586819264,0.4138182586819264,0,0
weekly_state_ungated,3041,2023-08-04,2023-08-14,-0.0404899362223548,2023,2023-06-30,learned_order_offset,20260910,0.33366610495262855,0.33366610495262855,0,0
weekly_state_ungated,3046,2023-08-11,2023-08-21,-0.0176157088591445,2023,2023-06-30,learned_order_offset,20260910,0.28220374642564056,0.28220374642564056,0,0
weekly_state_ungated,3051,2023-08-18,2023-08-28,0.0366582477081969,2023,2023-06-30,learned_order_offset,20260910,0.550521637474102,0.550521637474102,1,1
weekly_state_ungated,3056,2023-08-25,2023-09-04,-0.025197172476384,2023,2023-06-30,learned_order_offset,20260910,0.311648784966294,0.311648784966294,0,0
weekly_state_ungated,3061,2023-09-01,2023-09-11,-0.0189903461587886,2023,2023-06-30,learned_order_offset,20260910,0.5484846744360341,0.5484846744360341,1,0
weekly_state_ungated,3066,2023-09-08,2023-09-18,-0.0111346368744954,2023,2023-06-30,learned_order_offset,20260910,0.5991422738205142,0.5991422738205142,1,0
weekly_state_ungated,3071,2023-09-15,2023-09-25,0.0105787349314532,2023,2023-06-30,learned_order_offset,20260910,0.6890568513220626,0.6890568513220626,1,1
weekly_state_ungated,3076,2023-09-22,2023-10-16,-0.0198017153282719,2023,2023-06-30,learned_order_offset,20260910,0.33653104179539023,0.33653104179539023,0,0
weekly_global_validated,3021,2023-07-07,2023-07-17,0.0104280552692135,2023,2023-06-30,learned_order_offset,20260910,0.4256085180406109,0.4256085180406109,0,1
weekly_global_validated,3026,2023-07-14,2023-07-24,-0.0201642613135752,2023,2023-06-30,learned_order_offset,20260910,0.623906968031916,0.623906968031916,1,0
weekly_global_validated,3031,2023-07-21,2023-07-31,0.0566710925894278,2023,2023-06-30,learned_order_offset,20260910,0.5909164484602238,0.5909164484602238,1,1
weekly_global_validated,3036,2023-07-28,2023-08-07,-0.0039612927947766,2023,2023-06-30,learned_order_offset,20260910,0.4138182586819264,0.4138182586819264,0,0
weekly_global_validated,3041,2023-08-04,2023-08-14,-0.0404899362223548,2023,2023-06-30,learned_order_offset,20260910,0.3499694885504753,0.3499694885504753,0,0
weekly_global_validated,3046,2023-08-11,2023-08-21,-0.0176157088591445,2023,2023-06-30,learned_order_offset,20260910,0.28220374642564056,0.28220374642564056,0,0
weekly_global_validated,3051,2023-08-18,2023-08-28,0.0366582477081969,2023,2023-06-30,learned_order_offset,20260910,0.5800249132918106,0.5800249132918106,1,1
weekly_global_validated,3056,2023-08-25,2023-09-04,-0.025197172476384,2023,2023-06-30,learned_order_offset,20260910,0.311648784966294,0.311648784966294,0,0
weekly_global_validated,3061,2023-09-01,2023-09-11,-0.0189903461587886,2023,2023-06-30,learned_order_offset,20260910,0.566362837903968,0.566362837903968,1,0
weekly_global_validated,3066,2023-09-08,2023-09-18,-0.0111346368744954,2023,2023-06-30,learned_order_offset,20260910,0.5991422738205142,0.5991422738205142,1,0
weekly_global_validated,3071,2023-09-15,2023-09-25,0.0105787349314532,2023,2023-06-30,learned_order_offset,20260910,0.6890568513220626,0.6890568513220626,1,1
weekly_global_validated,3076,2023-09-22,2023-10-16,-0.0198017153282719,2023,2023-06-30,learned_order_offset,20260910,0.33653104179539023,0.33653104179539023,0,0
weekly_global_ungated,3021,2023-07-07,2023-07-17,0.0104280552692135,2023,2023-06-30,learned_order_offset,20260910,0.36473334516397204,0.36473334516397204,0,1
weekly_global_ungated,3026,2023-07-14,2023-07-24,-0.0201642613135752,2023,2023-06-30,learned_order_offset,20260910,0.5624417297906832,0.5624417297906832,1,0
weekly_global_ungated,3031,2023-07-21,2023-07-31,0.0566710925894278,2023,2023-06-30,learned_order_offset,20260910,0.5281372761141926,0.5281372761141926,1,1
weekly_global_ungated,3036,2023-07-28,2023-08-07,-0.0039612927947766,2023,2023-06-30,learned_order_offset,20260910,0.35359133892360267,0.35359133892360267,0,0
weekly_global_ungated,3041,2023-08-04,2023-08-14,-0.0404899362223548,2023,2023-06-30,learned_order_offset,20260910,0.2943685742086291,0.2943685742086291,0,0
weekly_global_ungated,3046,2023-08-11,2023-08-21,-0.0176157088591445,2023,2023-06-30,learned_order_offset,20260910,0.23350162849624712,0.23350162849624712,0,0
weekly_global_ungated,3051,2023-08-18,2023-08-28,0.0366582477081969,2023,2023-06-30,learned_order_offset,20260910,0.5169406598064087,0.5169406598064087,1,1
weekly_global_ungated,3056,2023-08-25,2023-09-04,-0.025197172476384,2023,2023-06-30,learned_order_offset,20260910,0.259703649531658,0.259703649531658,0,0
weekly_global_ungated,3061,2023-09-01,2023-09-11,-0.0189903461587886,2023,2023-06-30,learned_order_offset,20260910,0.5029848892177027,0.5029848892177027,1,0
weekly_global_ungated,3066,2023-09-08,2023-09-18,-0.0111346368744954,2023,2023-06-30,learned_order_offset,20260910,0.5366355875848133,0.5366355875848133,1,0
weekly_global_ungated,3071,2023-09-15,2023-09-25,0.0105787349314532,2023,2023-06-30,learned_order_offset,20260910,0.6319581708104187,0.6319581708104187,1,1
weekly_global_ungated,3076,2023-09-22,2023-10-16,-0.0198017153282719,2023,2023-06-30,learned_order_offset,20260910,0.2821384628138838,0.2821384628138838,0,0
weekly_state_validated,3021,2023-07-07,2023-07-17,0.0104280552692135,2023,2023-06-30,learned_order_offset,20260911,0.45528383097218506,0.45528383097218506,0,1
weekly_state_validated,3026,2023-07-14,2023-07-24,-0.0201642613135752,2023,2023-06-30,learned_order_offset,20260911,0.4203945553087095,0.4203945553087095,0,0
weekly_state_validated,3031,2023-07-21,2023-07-31,0.0566710925894278,2023,2023-06-30,learned_order_offset,20260911,0.42144143747309903,0.42144143747309903,0,1
weekly_state_validated,3036,2023-07-28,2023-08-07,-0.0039612927947766,2023,2023-06-30,learned_order_offset,20260911,0.43557039697383443,0.43557039697383443,0,0
weekly_state_validated,3041,2023-08-04,2023-08-14,-0.0404899362223548,2023,2023-06-30,learned_order_offset,20260911,0.4299283654009098,0.4299283654009098,0,0
weekly_state_validated,3046,2023-08-11,2023-08-21,-0.0176157088591445,2023,2023-06-30,learned_order_offset,20260911,0.6456581739098262,0.6456581739098262,1,0
weekly_state_validated,3051,2023-08-18,2023-08-28,0.0366582477081969,2023,2023-06-30,learned_order_offset,20260911,0.4691814705322716,0.4691814705322716,0,1
weekly_state_validated,3056,2023-08-25,2023-09-04,-0.025197172476384,2023,2023-06-30,learned_order_offset,20260911,0.5242305786306066,0.5242305786306066,1,0
weekly_state_validated,3061,2023-09-01,2023-09-11,-0.0189903461587886,2023,2023-06-30,learned_order_offset,20260911,0.42160328494796695,0.42160328494796695,0,0
weekly_state_validated,3066,2023-09-08,2023-09-18,-0.0111346368744954,2023,2023-06-30,learned_order_offset,20260911,0.5704835756699517,0.5704835756699517,1,0
weekly_state_validated,3071,2023-09-15,2023-09-25,0.0105787349314532,2023,2023-06-30,learned_order_offset,20260911,0.7245399993588199,0.7245399993588199,1,1
weekly_state_validated,3076,2023-09-22,2023-10-16,-0.0198017153282719,2023,2023-06-30,learned_order_offset,20260911,0.5739768927489775,0.5739768927489775,1,0
weekly_state_ungated,3021,2023-07-07,2023-07-17,0.0104280552692135,2023,2023-06-30,learned_order_offset,20260911,0.45528383097218506,0.45528383097218506,0,1
weekly_state_ungated,3026,2023-07-14,2023-07-24,-0.0201642613135752,2023,2023-06-30,learned_order_offset,20260911,0.4203945553087095,0.4203945553087095,0,0
weekly_state_ungated,3031,2023-07-21,2023-07-31,0.0566710925894278,2023,2023-06-30,learned_order_offset,20260911,0.42144143747309903,0.42144143747309903,0,1
weekly_state_ungated,3036,2023-07-28,2023-08-07,-0.0039612927947766,2023,2023-06-30,learned_order_offset,20260911,0.43557039697383443,0.43557039697383443,0,0
weekly_state_ungated,3041,2023-08-04,2023-08-14,-0.0404899362223548,2023,2023-06-30,learned_order_offset,20260911,0.4143067566962173,0.4143067566962173,0,0
weekly_state_ungated,3046,2023-08-11,2023-08-21,-0.0176157088591445,2023,2023-06-30,learned_order_offset,20260911,0.6456581739098262,0.6456581739098262,1,0
weekly_state_ungated,3051,2023-08-18,2023-08-28,0.0366582477081969,2023,2023-06-30,learned_order_offset,20260911,0.4500182706631949,0.4500182706631949,0,1
weekly_state_ungated,3056,2023-08-25,2023-09-04,-0.025197172476384,2023,2023-06-30,learned_order_offset,20260911,0.5242305786306066,0.5242305786306066,1,0
weekly_state_ungated,3061,2023-09-01,2023-09-11,-0.0189903461587886,2023,2023-06-30,learned_order_offset,20260911,0.4060687004915962,0.4060687004915962,0,0
weekly_state_ungated,3066,2023-09-08,2023-09-18,-0.0111346368744954,2023,2023-06-30,learned_order_offset,20260911,0.5704835756699517,0.5704835756699517,1,0
weekly_state_ungated,3071,2023-09-15,2023-09-25,0.0105787349314532,2023,2023-06-30,learned_order_offset,20260911,0.7245399993588199,0.7245399993588199,1,1
weekly_state_ungated,3076,2023-09-22,2023-10-16,-0.0198017153282719,2023,2023-06-30,learned_order_offset,20260911,0.5739768927489775,0.5739768927489775,1,0
weekly_global_validated,3021,2023-07-07,2023-07-17,0.0104280552692135,2023,2023-06-30,learned_order_offset,20260911,0.45528383097218506,0.45528383097218506,0,1
weekly_global_validated,3026,2023-07-14,2023-07-24,-0.0201642613135752,2023,2023-06-30,learned_order_offset,20260911,0.4203945553087095,0.4203945553087095,0,0
weekly_global_validated,3031,2023-07-21,2023-07-31,0.0566710925894278,2023,2023-06-30,learned_order_offset,20260911,0.42144143747309903,0.42144143747309903,0,1
weekly_global_validated,3036,2023-07-28,2023-08-07,-0.0039612927947766,2023,2023-06-30,learned_order_offset,20260911,0.43557039697383443,0.43557039697383443,0,0
weekly_global_validated,3041,2023-08-04,2023-08-14,-0.0404899362223548,2023,2023-06-30,learned_order_offset,20260911,0.4299283654009098,0.4299283654009098,0,0
weekly_global_validated,3046,2023-08-11,2023-08-21,-0.0176157088591445,2023,2023-06-30,learned_order_offset,20260911,0.6456581739098262,0.6456581739098262,1,0
weekly_global_validated,3051,2023-08-18,2023-08-28,0.0366582477081969,2023,2023-06-30,learned_order_offset,20260911,0.4691814705322716,0.4691814705322716,0,1
weekly_global_validated,3056,2023-08-25,2023-09-04,-0.025197172476384,2023,2023-06-30,learned_order_offset,20260911,0.5242305786306066,0.5242305786306066,1,0
weekly_global_validated,3061,2023-09-01,2023-09-11,-0.0189903461587886,2023,2023-06-30,learned_order_offset,20260911,0.42160328494796695,0.42160328494796695,0,0
weekly_global_validated,3066,2023-09-08,2023-09-18,-0.0111346368744954,2023,2023-06-30,learned_order_offset,20260911,0.5704835756699517,0.5704835756699517,1,0
weekly_global_validated,3071,2023-09-15,2023-09-25,0.0105787349314532,2023,2023-06-30,learned_order_offset,20260911,0.7245399993588199,0.7245399993588199,1,1
weekly_global_validated,3076,2023-09-22,2023-10-16,-0.0198017153282719,2023,2023-06-30,learned_order_offset,20260911,0.5739768927489775,0.5739768927489775,1,0
weekly_global_ungated,3021,2023-07-07,2023-07-17,0.0104280552692135,2023,2023-06-30,learned_order_offset,20260911,0.40047616746494125,0.40047616746494125,0,1
weekly_global_ungated,3026,2023-07-14,2023-07-24,-0.0201642613135752,2023,2023-06-30,learned_order_offset,20260911,0.3669574944005398,0.3669574944005398,0,0
weekly_global_ungated,3031,2023-07-21,2023-07-31,0.0566710925894278,2023,2023-06-30,learned_order_offset,20260911,0.36795578415913127,0.36795578415913127,0,1
weekly_global_ungated,3036,2023-07-28,2023-08-07,-0.0039612927947766,2023,2023-06-30,learned_order_offset,20260911,0.3814739201998382,0.3814739201998382,0,0
weekly_global_ungated,3041,2023-08-04,2023-08-14,-0.0404899362223548,2023,2023-06-30,learned_order_offset,20260911,0.3760657367830659,0.3760657367830659,0,0
weekly_global_ungated,3046,2023-08-11,2023-08-21,-0.0176157088591445,2023,2023-06-30,learned_order_offset,20260911,0.5928767408963237,0.5928767408963237,1,0
weekly_global_ungated,3051,2023-08-18,2023-08-28,0.0366582477081969,2023,2023-06-30,learned_order_offset,20260911,0.413972246189042,0.413972246189042,0,1
weekly_global_ungated,3056,2023-08-25,2023-09-04,-0.025197172476384,2023,2023-06-30,learned_order_offset,20260911,0.46825791231958774,0.46825791231958774,0,0
weekly_global_ungated,3061,2023-09-01,2023-09-11,-0.0189903461587886,2023,2023-06-30,learned_order_offset,20260911,0.36811016019412307,0.36811016019412307,0,0
weekly_global_ungated,3066,2023-09-08,2023-09-18,-0.0111346368744954,2023,2023-06-30,learned_order_offset,20260911,0.5149172636295496,0.5149172636295496,1,0
weekly_global_ungated,3071,2023-09-15,2023-09-25,0.0105787349314532,2023,2023-06-30,learned_order_offset,20260911,0.6776421122462505,0.6776421122462505,1,1
weekly_global_ungated,3076,2023-09-22,2023-10-16,-0.0198017153282719,2023,2023-06-30,learned_order_offset,20260911,0.5184810571635027,0.5184810571635027,1,0
weekly_state_validated,3021,2023-07-07,2023-07-17,0.0104280552692135,2023,2023-06-30,learned_order_offset,20260912,0.5489589265996276,0.5489589265996276,1,1
weekly_state_validated,3026,2023-07-14,2023-07-24,-0.0201642613135752,2023,2023-06-30,learned_order_offset,20260912,0.5824558395211001,0.5824558395211001,1,0
weekly_state_validated,3031,2023-07-21,2023-07-31,0.0566710925894278,2023,2023-06-30,learned_order_offset,20260912,0.27988978715458734,0.27988978715458734,0,1
weekly_state_validated,3036,2023-07-28,2023-08-07,-0.0039612927947766,2023,2023-06-30,learned_order_offset,20260912,0.5284081434359106,0.5284081434359106,1,0
weekly_state_validated,3041,2023-08-04,2023-08-14,-0.0404899362223548,2023,2023-06-30,learned_order_offset,20260912,0.6464705079150657,0.6464705079150657,1,0
weekly_state_validated,3046,2023-08-11,2023-08-21,-0.0176157088591445,2023,2023-06-30,learned_order_offset,20260912,0.7497865485741146,0.7497865485741146,1,0
weekly_state_validated,3051,2023-08-18,2023-08-28,0.0366582477081969,2023,2023-06-30,learned_order_offset,20260912,0.42522859880571334,0.42522859880571334,0,1
weekly_state_validated,3056,2023-08-25,2023-09-04,-0.025197172476384,2023,2023-06-30,learned_order_offset,20260912,0.37460809335848105,0.37460809335848105,0,0
weekly_state_validated,3061,2023-09-01,2023-09-11,-0.0189903461587886,2023,2023-06-30,learned_order_offset,20260912,0.23706180643728625,0.23706180643728625,0,0
weekly_state_validated,3066,2023-09-08,2023-09-18,-0.0111346368744954,2023,2023-06-30,learned_order_offset,20260912,0.48285979946132007,0.48285979946132007,0,0
weekly_state_validated,3071,2023-09-15,2023-09-25,0.0105787349314532,2023,2023-06-30,learned_order_offset,20260912,0.4157390136403382,0.4157390136403382,0,1
weekly_state_validated,3076,2023-09-22,2023-10-16,-0.0198017153282719,2023,2023-06-30,learned_order_offset,20260912,0.41199571148298614,0.41199571148298614,0,0
weekly_state_ungated,3021,2023-07-07,2023-07-17,0.0104280552692135,2023,2023-06-30,learned_order_offset,20260912,0.5489589265996276,0.5489589265996276,1,1
weekly_state_ungated,3026,2023-07-14,2023-07-24,-0.0201642613135752,2023,2023-06-30,learned_order_offset,20260912,0.5824558395211001,0.5824558395211001,1,0
weekly_state_ungated,3031,2023-07-21,2023-07-31,0.0566710925894278,2023,2023-06-30,learned_order_offset,20260912,0.27988978715458734,0.27988978715458734,0,1
weekly_state_ungated,3036,2023-07-28,2023-08-07,-0.0039612927947766,2023,2023-06-30,learned_order_offset,20260912,0.5284081434359106,0.5284081434359106,1,0
weekly_state_ungated,3041,2023-08-04,2023-08-14,-0.0404899362223548,2023,2023-06-30,learned_order_offset,20260912,0.635342561437988,0.635342561437988,1,0
weekly_state_ungated,3046,2023-08-11,2023-08-21,-0.0176157088591445,2023,2023-06-30,learned_order_offset,20260912,0.7497865485741146,0.7497865485741146,1,0
weekly_state_ungated,3051,2023-08-18,2023-08-28,0.0366582477081969,2023,2023-06-30,learned_order_offset,20260912,0.41504334551803135,0.41504334551803135,0,1
weekly_state_ungated,3056,2023-08-25,2023-09-04,-0.025197172476384,2023,2023-06-30,learned_order_offset,20260912,0.37460809335848105,0.37460809335848105,0,0
weekly_state_ungated,3061,2023-09-01,2023-09-11,-0.0189903461587886,2023,2023-06-30,learned_order_offset,20260912,0.2284276587214934,0.2284276587214934,0,0
weekly_state_ungated,3066,2023-09-08,2023-09-18,-0.0111346368744954,2023,2023-06-30,learned_order_offset,20260912,0.48285979946132007,0.48285979946132007,0,0
weekly_state_ungated,3071,2023-09-15,2023-09-25,0.0105787349314532,2023,2023-06-30,learned_order_offset,20260912,0.4157390136403382,0.4157390136403382,0,1
weekly_state_ungated,3076,2023-09-22,2023-10-16,-0.0198017153282719,2023,2023-06-30,learned_order_offset,20260912,0.41199571148298614,0.41199571148298614,0,0
weekly_global_validated,3021,2023-07-07,2023-07-17,0.0104280552692135,2023,2023-06-30,learned_order_offset,20260912,0.5489589265996276,0.5489589265996276,1,1
weekly_global_validated,3026,2023-07-14,2023-07-24,-0.0201642613135752,2023,2023-06-30,learned_order_offset,20260912,0.5824558395211001,0.5824558395211001,1,0
weekly_global_validated,3031,2023-07-21,2023-07-31,0.0566710925894278,2023,2023-06-30,learned_order_offset,20260912,0.27988978715458734,0.27988978715458734,0,1
weekly_global_validated,3036,2023-07-28,2023-08-07,-0.0039612927947766,2023,2023-06-30,learned_order_offset,20260912,0.5284081434359106,0.5284081434359106,1,0
weekly_global_validated,3041,2023-08-04,2023-08-14,-0.0404899362223548,2023,2023-06-30,learned_order_offset,20260912,0.6464705079150657,0.6464705079150657,1,0
weekly_global_validated,3046,2023-08-11,2023-08-21,-0.0176157088591445,2023,2023-06-30,learned_order_offset,20260912,0.7497865485741146,0.7497865485741146,1,0
weekly_global_validated,3051,2023-08-18,2023-08-28,0.0366582477081969,2023,2023-06-30,learned_order_offset,20260912,0.42522859880571334,0.42522859880571334,0,1
weekly_global_validated,3056,2023-08-25,2023-09-04,-0.025197172476384,2023,2023-06-30,learned_order_offset,20260912,0.37460809335848105,0.37460809335848105,0,0
weekly_global_validated,3061,2023-09-01,2023-09-11,-0.0189903461587886,2023,2023-06-30,learned_order_offset,20260912,0.23706180643728625,0.23706180643728625,0,0
weekly_global_validated,3066,2023-09-08,2023-09-18,-0.0111346368744954,2023,2023-06-30,learned_order_offset,20260912,0.48285979946132007,0.48285979946132007,0,0
weekly_global_validated,3071,2023-09-15,2023-09-25,0.0105787349314532,2023,2023-06-30,learned_order_offset,20260912,0.4157390136403382,0.4157390136403382,0,1
weekly_global_validated,3076,2023-09-22,2023-10-16,-0.0198017153282719,2023,2023-06-30,learned_order_offset,20260912,0.41199571148298614,0.41199571148298614,0,0
weekly_global_ungated,3021,2023-07-07,2023-07-17,0.0104280552692135,2023,2023-06-30,learned_order_offset,20260912,0.5054337448818897,0.5054337448818897,1,1
weekly_global_ungated,3026,2023-07-14,2023-07-24,-0.0201642613135752,2023,2023-06-30,learned_order_offset,20260912,0.5394512428106667,0.5394512428106667,1,0
weekly_global_ungated,3031,2023-07-21,2023-07-31,0.0566710925894278,2023,2023-06-30,learned_order_offset,20260912,0.24605993209418717,0.24605993209418717,0,1
weekly_global_ungated,3036,2023-07-28,2023-08-07,-0.0039612927947766,2023,2023-06-30,learned_order_offset,20260912,0.48476114650381047,0.48476114650381047,0,0
weekly_global_ungated,3041,2023-08-04,2023-08-14,-0.0404899362223548,2023,2023-06-30,learned_order_offset,20260912,0.6055945560761278,0.6055945560761278,1,0
weekly_global_ungated,3046,2023-08-11,2023-08-21,-0.0176157088591445,2023,2023-06-30,learned_order_offset,20260912,0.7156010521387246,0.7156010521387246,1,0
weekly_global_ungated,3051,2023-08-18,2023-08-28,0.0366582477081969,2023,2023-06-30,learned_order_offset,20260912,0.38317941346475765,0.38317941346475765,0,1
weekly_global_ungated,3056,2023-08-25,2023-09-04,-0.025197172476384,2023,2023-06-30,learned_order_offset,20260912,0.33465011541950124,0.33465011541950124,0,0
weekly_global_ungated,3061,2023-09-01,2023-09-11,-0.0189903461587886,2023,2023-06-30,learned_order_offset,20260912,0.20692104092910596,0.20692104092910596,0,0
weekly_global_ungated,3066,2023-09-08,2023-09-18,-0.0111346368744954,2023,2023-06-30,learned_order_offset,20260912,0.4394690763752269,0.4394690763752269,0,0
weekly_global_ungated,3071,2023-09-15,2023-09-25,0.0105787349314532,2023,2023-06-30,learned_order_offset,20260912,0.3740175845692499,0.3740175845692499,0,1
weekly_global_ungated,3076,2023-09-22,2023-10-16,-0.0198017153282719,2023,2023-06-30,learned_order_offset,20260912,0.3704117796690977,0.3704117796690977,0,0
weekly_state_validated,3085,2023-10-13,2023-10-23,-0.0447156690429144,2023,2023-09-30,learned_market,20260910,0.31338286587786224,0.31338286587786224,0,0
weekly_state_validated,3090,2023-10-20,2023-10-30,0.0154019770298841,2023,2023-09-30,learned_market,20260910,0.4528174061364645,0.4528174061364645,0,1
weekly_state_validated,3095,2023-10-27,2023-11-06,0.0152527637017425,2023,2023-09-30,learned_market,20260910,0.6138674785777836,0.6138674785777836,1,1
weekly_state_validated,3100,2023-11-03,2023-11-13,-0.0039935482440582,2023,2023-09-30,learned_market,20260910,0.591731361605907,0.591731361605907,1,0
weekly_state_validated,3105,2023-11-10,2023-11-20,-0.0067280482816765,2023,2023-09-30,learned_market,20260910,0.3376614452499806,0.3376614452499806,0,0
weekly_state_validated,3110,2023-11-17,2023-11-27,-0.0098859017348651,2023,2023-09-30,learned_market,20260910,0.48490822097424136,0.48490822097424136,0,0
weekly_state_validated,3115,2023-11-24,2023-12-04,-0.0151084754586299,2023,2023-09-30,learned_market,20260910,0.5702513801556767,0.5702513801556767,1,0
weekly_state_validated,3120,2023-12-01,2023-12-11,-0.0295859857973478,2023,2023-09-30,learned_market,20260910,0.6024238851425887,0.6024238851425887,1,0
weekly_state_validated,3125,2023-12-08,2023-12-18,-0.0144639658974852,2023,2023-09-30,learned_market,20260910,0.6750710336946655,0.6750710336946655,1,0
weekly_state_validated,3130,2023-12-15,2023-12-25,0.0003424256350643,2023,2023-09-30,learned_market,20260910,0.48215744938689975,0.48215744938689975,0,1
weekly_state_validated,3135,2023-12-22,2024-01-02,0.0288079559683274,2023,2023-09-30,learned_market,20260910,0.3084550228995077,0.3084550228995077,0,1
weekly_state_validated,3140,2023-12-29,2024-01-08,-0.0302544749829989,2023,2023-09-30,learned_market,20260910,0.5602587761754048,0.5602587761754048,1,0
weekly_state_ungated,3085,2023-10-13,2023-10-23,-0.0447156690429144,2023,2023-09-30,learned_market,20260910,0.31338286587786224,0.31338286587786224,0,0
weekly_state_ungated,3090,2023-10-20,2023-10-30,0.0154019770298841,2023,2023-09-30,learned_market,20260910,0.4528174061364645,0.4528174061364645,0,1
weekly_state_ungated,3095,2023-10-27,2023-11-06,0.0152527637017425,2023,2023-09-30,learned_market,20260910,0.6138674785777836,0.6138674785777836,1,1
weekly_state_ungated,3100,2023-11-03,2023-11-13,-0.0039935482440582,2023,2023-09-30,learned_market,20260910,0.591731361605907,0.591731361605907,1,0
weekly_state_ungated,3105,2023-11-10,2023-11-20,-0.0067280482816765,2023,2023-09-30,learned_market,20260910,0.3376614452499806,0.3376614452499806,0,0
weekly_state_ungated,3110,2023-11-17,2023-11-27,-0.0098859017348651,2023,2023-09-30,learned_market,20260910,0.48490822097424136,0.48490822097424136,0,0
weekly_state_ungated,3115,2023-11-24,2023-12-04,-0.0151084754586299,2023,2023-09-30,learned_market,20260910,0.5702513801556767,0.5702513801556767,1,0
weekly_state_ungated,3120,2023-12-01,2023-12-11,-0.0295859857973478,2023,2023-09-30,learned_market,20260910,0.6024238851425887,0.6024238851425887,1,0
weekly_state_ungated,3125,2023-12-08,2023-12-18,-0.0144639658974852,2023,2023-09-30,learned_market,20260910,0.6750710336946655,0.6750710336946655,1,0
weekly_state_ungated,3130,2023-12-15,2023-12-25,0.0003424256350643,2023,2023-09-30,learned_market,20260910,0.48215744938689975,0.48215744938689975,0,1
weekly_state_ungated,3135,2023-12-22,2024-01-02,0.0288079559683274,2023,2023-09-30,learned_market,20260910,0.3084550228995077,0.3084550228995077,0,1
weekly_state_ungated,3140,2023-12-29,2024-01-08,-0.0302544749829989,2023,2023-09-30,learned_market,20260910,0.5602587761754048,0.5602587761754048,1,0
weekly_global_validated,3085,2023-10-13,2023-10-23,-0.0447156690429144,2023,2023-09-30,learned_market,20260910,0.3029886827512838,0.3029886827512838,0,0
weekly_global_validated,3090,2023-10-20,2023-10-30,0.0154019770298841,2023,2023-09-30,learned_market,20260910,0.4407672975925624,0.4407672975925624,0,1
weekly_global_validated,3095,2023-10-27,2023-11-06,0.0152527637017425,2023,2023-09-30,learned_market,20260910,0.6022486712050023,0.6022486712050023,1,1
weekly_global_validated,3100,2023-11-03,2023-11-13,-0.0039935482440582,2023,2023-09-30,learned_market,20260910,0.5799023032496099,0.5799023032496099,1,0
weekly_global_validated,3105,2023-11-10,2023-11-20,-0.0067280482816765,2023,2023-09-30,learned_market,20260910,0.3268453219430947,0.3268453219430947,0,0
weekly_global_validated,3110,2023-11-17,2023-11-27,-0.0098859017348651,2023,2023-09-30,learned_market,20260910,0.4727419337248837,0.4727419337248837,0,0
weekly_global_validated,3115,2023-11-24,2023-12-04,-0.0151084754586299,2023,2023-09-30,learned_market,20260910,0.5582645632411248,0.5582645632411248,1,0
weekly_global_validated,3120,2023-12-01,2023-12-11,-0.0295859857973478,2023,2023-09-30,learned_market,20260910,0.5906903340207492,0.5906903340207492,1,0
weekly_global_validated,3125,2023-12-08,2023-12-18,-0.0144639658974852,2023,2023-09-30,learned_market,20260910,0.6642867002710406,0.6642867002710406,1,0
weekly_global_validated,3130,2023-12-15,2023-12-25,0.0003424256350643,2023,2023-09-30,learned_market,20260910,0.46999720430456,0.46999720430456,0,1
weekly_global_validated,3135,2023-12-22,2024-01-02,0.0288079559683274,2023,2023-09-30,learned_market,20260910,0.29815331127667294,0.29815331127667294,0,1
weekly_global_validated,3140,2023-12-29,2024-01-08,-0.0302544749829989,2023,2023-09-30,learned_market,20260910,0.5482140572862007,0.5482140572862007,1,0
weekly_global_ungated,3085,2023-10-13,2023-10-23,-0.0447156690429144,2023,2023-09-30,learned_market,20260910,0.3029886827512838,0.3029886827512838,0,0
weekly_global_ungated,3090,2023-10-20,2023-10-30,0.0154019770298841,2023,2023-09-30,learned_market,20260910,0.4407672975925624,0.4407672975925624,0,1
weekly_global_ungated,3095,2023-10-27,2023-11-06,0.0152527637017425,2023,2023-09-30,learned_market,20260910,0.6022486712050023,0.6022486712050023,1,1
weekly_global_ungated,3100,2023-11-03,2023-11-13,-0.0039935482440582,2023,2023-09-30,learned_market,20260910,0.5799023032496099,0.5799023032496099,1,0
weekly_global_ungated,3105,2023-11-10,2023-11-20,-0.0067280482816765,2023,2023-09-30,learned_market,20260910,0.3268453219430947,0.3268453219430947,0,0
weekly_global_ungated,3110,2023-11-17,2023-11-27,-0.0098859017348651,2023,2023-09-30,learned_market,20260910,0.4727419337248837,0.4727419337248837,0,0
weekly_global_ungated,3115,2023-11-24,2023-12-04,-0.0151084754586299,2023,2023-09-30,learned_market,20260910,0.5582645632411248,0.5582645632411248,1,0
weekly_global_ungated,3120,2023-12-01,2023-12-11,-0.0295859857973478,2023,2023-09-30,learned_market,20260910,0.5906903340207492,0.5906903340207492,1,0
weekly_global_ungated,3125,2023-12-08,2023-12-18,-0.0144639658974852,2023,2023-09-30,learned_market,20260910,0.6642867002710406,0.6642867002710406,1,0
weekly_global_ungated,3130,2023-12-15,2023-12-25,0.0003424256350643,2023,2023-09-30,learned_market,20260910,0.46999720430456,0.46999720430456,0,1
weekly_global_ungated,3135,2023-12-22,2024-01-02,0.0288079559683274,2023,2023-09-30,learned_market,20260910,0.29815331127667294,0.29815331127667294,0,1
weekly_global_ungated,3140,2023-12-29,2024-01-08,-0.0302544749829989,2023,2023-09-30,learned_market,20260910,0.5482140572862007,0.5482140572862007,1,0
weekly_state_validated,3085,2023-10-13,2023-10-23,-0.0447156690429144,2023,2023-09-30,learned_market,20260911,0.3330200778237333,0.3330200778237333,0,0
weekly_state_validated,3090,2023-10-20,2023-10-30,0.0154019770298841,2023,2023-09-30,learned_market,20260911,0.3338313400899558,0.3338313400899558,0,1
weekly_state_validated,3095,2023-10-27,2023-11-06,0.0152527637017425,2023,2023-09-30,learned_market,20260911,0.42675871385558883,0.42675871385558883,0,1
weekly_state_validated,3100,2023-11-03,2023-11-13,-0.0039935482440582,2023,2023-09-30,learned_market,20260911,0.6192008920752966,0.6192008920752966,1,0
weekly_state_validated,3105,2023-11-10,2023-11-20,-0.0067280482816765,2023,2023-09-30,learned_market,20260911,0.4497065059280559,0.4497065059280559,0,0
weekly_state_validated,3110,2023-11-17,2023-11-27,-0.0098859017348651,2023,2023-09-30,learned_market,20260911,0.40717872822585127,0.40717872822585127,0,0
weekly_state_validated,3115,2023-11-24,2023-12-04,-0.0151084754586299,2023,2023-09-30,learned_market,20260911,0.4619859611881249,0.4619859611881249,0,0
weekly_state_validated,3120,2023-12-01,2023-12-11,-0.0295859857973478,2023,2023-09-30,learned_market,20260911,0.5400453532193239,0.5400453532193239,1,0
weekly_state_validated,3125,2023-12-08,2023-12-18,-0.0144639658974852,2023,2023-09-30,learned_market,20260911,0.4226742273968198,0.4226742273968198,0,0
weekly_state_validated,3130,2023-12-15,2023-12-25,0.0003424256350643,2023,2023-09-30,learned_market,20260911,0.4264248169238891,0.4264248169238891,0,1
weekly_state_validated,3135,2023-12-22,2024-01-02,0.0288079559683274,2023,2023-09-30,learned_market,20260911,0.446510830496186,0.446510830496186,0,1
weekly_state_validated,3140,2023-12-29,2024-01-08,-0.0302544749829989,2023,2023-09-30,learned_market,20260911,0.5140089911372566,0.5140089911372566,1,0
weekly_state_ungated,3085,2023-10-13,2023-10-23,-0.0447156690429144,2023,2023-09-30,learned_market,20260911,0.3330200778237333,0.3330200778237333,0,0
weekly_state_ungated,3090,2023-10-20,2023-10-30,0.0154019770298841,2023,2023-09-30,learned_market,20260911,0.3338313400899558,0.3338313400899558,0,1
weekly_state_ungated,3095,2023-10-27,2023-11-06,0.0152527637017425,2023,2023-09-30,learned_market,20260911,0.42675871385558883,0.42675871385558883,0,1
weekly_state_ungated,3100,2023-11-03,2023-11-13,-0.0039935482440582,2023,2023-09-30,learned_market,20260911,0.6192008920752966,0.6192008920752966,1,0
weekly_state_ungated,3105,2023-11-10,2023-11-20,-0.0067280482816765,2023,2023-09-30,learned_market,20260911,0.4497065059280559,0.4497065059280559,0,0
weekly_state_ungated,3110,2023-11-17,2023-11-27,-0.0098859017348651,2023,2023-09-30,learned_market,20260911,0.40717872822585127,0.40717872822585127,0,0
weekly_state_ungated,3115,2023-11-24,2023-12-04,-0.0151084754586299,2023,2023-09-30,learned_market,20260911,0.4619859611881249,0.4619859611881249,0,0
weekly_state_ungated,3120,2023-12-01,2023-12-11,-0.0295859857973478,2023,2023-09-30,learned_market,20260911,0.5400453532193239,0.5400453532193239,1,0
weekly_state_ungated,3125,2023-12-08,2023-12-18,-0.0144639658974852,2023,2023-09-30,learned_market,20260911,0.4226742273968198,0.4226742273968198,0,0
weekly_state_ungated,3130,2023-12-15,2023-12-25,0.0003424256350643,2023,2023-09-30,learned_market,20260911,0.4264248169238891,0.4264248169238891,0,1
weekly_state_ungated,3135,2023-12-22,2024-01-02,0.0288079559683274,2023,2023-09-30,learned_market,20260911,0.446510830496186,0.446510830496186,0,1
weekly_state_ungated,3140,2023-12-29,2024-01-08,-0.0302544749829989,2023,2023-09-30,learned_market,20260911,0.5140089911372566,0.5140089911372566,1,0
weekly_global_validated,3085,2023-10-13,2023-10-23,-0.0447156690429144,2023,2023-09-30,learned_market,20260911,0.3291231310708509,0.3291231310708509,0,0
weekly_global_validated,3090,2023-10-20,2023-10-30,0.0154019770298841,2023,2023-09-30,learned_market,20260911,0.32992959603217886,0.32992959603217886,0,1
weekly_global_validated,3095,2023-10-27,2023-11-06,0.0152527637017425,2023,2023-09-30,learned_market,20260911,0.4224596293652521,0.4224596293652521,0,1
weekly_global_validated,3100,2023-11-03,2023-11-13,-0.0039935482440582,2023,2023-09-30,learned_market,20260911,0.6150431759715006,0.6150431759715006,1,0
weekly_global_validated,3105,2023-11-10,2023-11-20,-0.0067280482816765,2023,2023-09-30,learned_market,20260911,0.44535584894541114,0.44535584894541114,0,0
weekly_global_validated,3110,2023-11-17,2023-11-27,-0.0098859017348651,2023,2023-09-30,learned_market,20260911,0.40293824282914387,0.40293824282914387,0,0
weekly_global_validated,3115,2023-11-24,2023-12-04,-0.0151084754586299,2023,2023-09-30,learned_market,20260911,0.4576152969290391,0.4576152969290391,0,0
weekly_global_validated,3120,2023-12-01,2023-12-11,-0.0295859857973478,2023,2023-09-30,learned_market,20260911,0.5356714735089786,0.5356714735089786,1,0
weekly_global_validated,3125,2023-12-08,2023-12-18,-0.0144639658974852,2023,2023-09-30,learned_market,20260911,0.41838625814772,0.41838625814772,0,0
weekly_global_validated,3130,2023-12-15,2023-12-25,0.0003424256350643,2023,2023-09-30,learned_market,20260911,0.4221266191304068,0.4221266191304068,0,1
weekly_global_validated,3135,2023-12-22,2024-01-02,0.0288079559683274,2023,2023-09-30,learned_market,20260911,0.44216624827318995,0.44216624827318995,0,1
weekly_global_validated,3140,2023-12-29,2024-01-08,-0.0302544749829989,2023,2023-09-30,learned_market,20260911,0.5096123453352029,0.5096123453352029,1,0
weekly_global_ungated,3085,2023-10-13,2023-10-23,-0.0447156690429144,2023,2023-09-30,learned_market,20260911,0.3291231310708509,0.3291231310708509,0,0
weekly_global_ungated,3090,2023-10-20,2023-10-30,0.0154019770298841,2023,2023-09-30,learned_market,20260911,0.32992959603217886,0.32992959603217886,0,1
weekly_global_ungated,3095,2023-10-27,2023-11-06,0.0152527637017425,2023,2023-09-30,learned_market,20260911,0.4224596293652521,0.4224596293652521,0,1
weekly_global_ungated,3100,2023-11-03,2023-11-13,-0.0039935482440582,2023,2023-09-30,learned_market,20260911,0.6150431759715006,0.6150431759715006,1,0
weekly_global_ungated,3105,2023-11-10,2023-11-20,-0.0067280482816765,2023,2023-09-30,learned_market,20260911,0.44535584894541114,0.44535584894541114,0,0
weekly_global_ungated,3110,2023-11-17,2023-11-27,-0.0098859017348651,2023,2023-09-30,learned_market,20260911,0.40293824282914387,0.40293824282914387,0,0
weekly_global_ungated,3115,2023-11-24,2023-12-04,-0.0151084754586299,2023,2023-09-30,learned_market,20260911,0.4576152969290391,0.4576152969290391,0,0
weekly_global_ungated,3120,2023-12-01,2023-12-11,-0.0295859857973478,2023,2023-09-30,learned_market,20260911,0.5356714735089786,0.5356714735089786,1,0
weekly_global_ungated,3125,2023-12-08,2023-12-18,-0.0144639658974852,2023,2023-09-30,learned_market,20260911,0.41838625814772,0.41838625814772,0,0
weekly_global_ungated,3130,2023-12-15,2023-12-25,0.0003424256350643,2023,2023-09-30,learned_market,20260911,0.4221266191304068,0.4221266191304068,0,1
weekly_global_ungated,3135,2023-12-22,2024-01-02,0.0288079559683274,2023,2023-09-30,learned_market,20260911,0.44216624827318995,0.44216624827318995,0,1
weekly_global_ungated,3140,2023-12-29,2024-01-08,-0.0302544749829989,2023,2023-09-30,learned_market,20260911,0.5096123453352029,0.5096123453352029,1,0
weekly_state_validated,3085,2023-10-13,2023-10-23,-0.0447156690429144,2023,2023-09-30,learned_market,20260912,0.37643019830786606,0.37643019830786606,0,0
weekly_state_validated,3090,2023-10-20,2023-10-30,0.0154019770298841,2023,2023-09-30,learned_market,20260912,0.3986932524357183,0.3986932524357183,0,1
weekly_state_validated,3095,2023-10-27,2023-11-06,0.0152527637017425,2023,2023-09-30,learned_market,20260912,0.8058419776292387,0.8058419776292387,1,1
weekly_state_validated,3100,2023-11-03,2023-11-13,-0.0039935482440582,2023,2023-09-30,learned_market,20260912,0.31113144740495075,0.31113144740495075,0,0
weekly_state_validated,3105,2023-11-10,2023-11-20,-0.0067280482816765,2023,2023-09-30,learned_market,20260912,0.2844303375485452,0.2844303375485452,0,0
weekly_state_validated,3110,2023-11-17,2023-11-27,-0.0098859017348651,2023,2023-09-30,learned_market,20260912,0.21008735039994,0.21008735039994,0,0
weekly_state_validated,3115,2023-11-24,2023-12-04,-0.0151084754586299,2023,2023-09-30,learned_market,20260912,0.5254385668554516,0.5254385668554516,1,0
weekly_state_validated,3120,2023-12-01,2023-12-11,-0.0295859857973478,2023,2023-09-30,learned_market,20260912,0.2989103036990099,0.2989103036990099,0,0
weekly_state_validated,3125,2023-12-08,2023-12-18,-0.0144639658974852,2023,2023-09-30,learned_market,20260912,0.3717927387988861,0.3717927387988861,0,0
weekly_state_validated,3130,2023-12-15,2023-12-25,0.0003424256350643,2023,2023-09-30,learned_market,20260912,0.420014231767793,0.420014231767793,0,1
weekly_state_validated,3135,2023-12-22,2024-01-02,0.0288079559683274,2023,2023-09-30,learned_market,20260912,0.31116571505677965,0.31116571505677965,0,1
weekly_state_validated,3140,2023-12-29,2024-01-08,-0.0302544749829989,2023,2023-09-30,learned_market,20260912,0.25557013783096816,0.25557013783096816,0,0
weekly_state_ungated,3085,2023-10-13,2023-10-23,-0.0447156690429144,2023,2023-09-30,learned_market,20260912,0.37643019830786606,0.37643019830786606,0,0
weekly_state_ungated,3090,2023-10-20,2023-10-30,0.0154019770298841,2023,2023-09-30,learned_market,20260912,0.3986932524357183,0.3986932524357183,0,1
weekly_state_ungated,3095,2023-10-27,2023-11-06,0.0152527637017425,2023,2023-09-30,learned_market,20260912,0.8058419776292387,0.8058419776292387,1,1
weekly_state_ungated,3100,2023-11-03,2023-11-13,-0.0039935482440582,2023,2023-09-30,learned_market,20260912,0.31113144740495075,0.31113144740495075,0,0
weekly_state_ungated,3105,2023-11-10,2023-11-20,-0.0067280482816765,2023,2023-09-30,learned_market,20260912,0.2844303375485452,0.2844303375485452,0,0
weekly_state_ungated,3110,2023-11-17,2023-11-27,-0.0098859017348651,2023,2023-09-30,learned_market,20260912,0.21008735039994,0.21008735039994,0,0
weekly_state_ungated,3115,2023-11-24,2023-12-04,-0.0151084754586299,2023,2023-09-30,learned_market,20260912,0.5254385668554516,0.5254385668554516,1,0
weekly_state_ungated,3120,2023-12-01,2023-12-11,-0.0295859857973478,2023,2023-09-30,learned_market,20260912,0.2989103036990099,0.2989103036990099,0,0
weekly_state_ungated,3125,2023-12-08,2023-12-18,-0.0144639658974852,2023,2023-09-30,learned_market,20260912,0.3717927387988861,0.3717927387988861,0,0
weekly_state_ungated,3130,2023-12-15,2023-12-25,0.0003424256350643,2023,2023-09-30,learned_market,20260912,0.420014231767793,0.420014231767793,0,1
weekly_state_ungated,3135,2023-12-22,2024-01-02,0.0288079559683274,2023,2023-09-30,learned_market,20260912,0.31116571505677965,0.31116571505677965,0,1
weekly_state_ungated,3140,2023-12-29,2024-01-08,-0.0302544749829989,2023,2023-09-30,learned_market,20260912,0.25557013783096816,0.25557013783096816,0,0
weekly_global_validated,3085,2023-10-13,2023-10-23,-0.0447156690429144,2023,2023-09-30,learned_market,20260912,0.3791545685827601,0.3791545685827601,0,0
weekly_global_validated,3090,2023-10-20,2023-10-30,0.0154019770298841,2023,2023-09-30,learned_market,20260912,0.4014750105292229,0.4014750105292229,0,1
weekly_global_validated,3095,2023-10-27,2023-11-06,0.0152527637017425,2023,2023-09-30,learned_market,20260912,0.8076489134095035,0.8076489134095035,1,1
weekly_global_validated,3100,2023-11-03,2023-11-13,-0.0039935482440582,2023,2023-09-30,learned_market,20260912,0.31362091305956935,0.31362091305956935,0,0
weekly_global_validated,3105,2023-11-10,2023-11-20,-0.0067280482816765,2023,2023-09-30,learned_market,20260912,0.2867951048902334,0.2867951048902334,0,0
weekly_global_validated,3110,2023-11-17,2023-11-27,-0.0098859017348651,2023,2023-09-30,learned_market,20260912,0.21201716172074897,0.21201716172074897,0,0
weekly_global_validated,3115,2023-11-24,2023-12-04,-0.0151084754586299,2023,2023-09-30,learned_market,20260912,0.5283276533795765,0.5283276533795765,1,0
weekly_global_validated,3120,2023-12-01,2023-12-11,-0.0295859857973478,2023,2023-09-30,learned_market,20260912,0.3013447600568638,0.3013447600568638,0,0
weekly_global_validated,3125,2023-12-08,2023-12-18,-0.0144639658974852,2023,2023-09-30,learned_market,20260912,0.37450370331656224,0.37450370331656224,0,0
weekly_global_validated,3130,2023-12-15,2023-12-25,0.0003424256350643,2023,2023-09-30,learned_market,20260912,0.4228401416711569,0.4228401416711569,0,1
weekly_global_validated,3135,2023-12-22,2024-01-02,0.0288079559683274,2023,2023-09-30,learned_market,20260912,0.31365533005559476,0.31365533005559476,0,1
weekly_global_validated,3140,2023-12-29,2024-01-08,-0.0302544749829989,2023,2023-09-30,learned_market,20260912,0.2577813994507102,0.2577813994507102,0,0
weekly_global_ungated,3085,2023-10-13,2023-10-23,-0.0447156690429144,2023,2023-09-30,learned_market,20260912,0.3791545685827601,0.3791545685827601,0,0
weekly_global_ungated,3090,2023-10-20,2023-10-30,0.0154019770298841,2023,2023-09-30,learned_market,20260912,0.4014750105292229,0.4014750105292229,0,1
weekly_global_ungated,3095,2023-10-27,2023-11-06,0.0152527637017425,2023,2023-09-30,learned_market,20260912,0.8076489134095035,0.8076489134095035,1,1
weekly_global_ungated,3100,2023-11-03,2023-11-13,-0.0039935482440582,2023,2023-09-30,learned_market,20260912,0.31362091305956935,0.31362091305956935,0,0
weekly_global_ungated,3105,2023-11-10,2023-11-20,-0.0067280482816765,2023,2023-09-30,learned_market,20260912,0.2867951048902334,0.2867951048902334,0,0
weekly_global_ungated,3110,2023-11-17,2023-11-27,-0.0098859017348651,2023,2023-09-30,learned_market,20260912,0.21201716172074897,0.21201716172074897,0,0
weekly_global_ungated,3115,2023-11-24,2023-12-04,-0.0151084754586299,2023,2023-09-30,learned_market,20260912,0.5283276533795765,0.5283276533795765,1,0
weekly_global_ungated,3120,2023-12-01,2023-12-11,-0.0295859857973478,2023,2023-09-30,learned_market,20260912,0.3013447600568638,0.3013447600568638,0,0
weekly_global_ungated,3125,2023-12-08,2023-12-18,-0.0144639658974852,2023,2023-09-30,learned_market,20260912,0.37450370331656224,0.37450370331656224,0,0
weekly_global_ungated,3130,2023-12-15,2023-12-25,0.0003424256350643,2023,2023-09-30,learned_market,20260912,0.4228401416711569,0.4228401416711569,0,1
weekly_global_ungated,3135,2023-12-22,2024-01-02,0.0288079559683274,2023,2023-09-30,learned_market,20260912,0.31365533005559476,0.31365533005559476,0,1
weekly_global_ungated,3140,2023-12-29,2024-01-08,-0.0302544749829989,2023,2023-09-30,learned_market,20260912,0.2577813994507102,0.2577813994507102,0,0
weekly_state_validated,3085,2023-10-13,2023-10-23,-0.0447156690429144,2023,2023-09-30,learned_vol_interaction,20260910,0.29579120748132687,0.29579120748132687,0,0
weekly_state_validated,3090,2023-10-20,2023-10-30,0.0154019770298841,2023,2023-09-30,learned_vol_interaction,20260910,0.44836447343128255,0.44836447343128255,0,1
weekly_state_validated,3095,2023-10-27,2023-11-06,0.0152527637017425,2023,2023-09-30,learned_vol_interaction,20260910,0.6262980004995115,0.6262980004995115,1,1
weekly_state_validated,3100,2023-11-03,2023-11-13,-0.0039935482440582,2023,2023-09-30,learned_vol_interaction,20260910,0.6085192459123044,0.6085192459123044,1,0
weekly_state_validated,3105,2023-11-10,2023-11-20,-0.0067280482816765,2023,2023-09-30,learned_vol_interaction,20260910,0.3314913364216296,0.3314913364216296,0,0
weekly_state_validated,3110,2023-11-17,2023-11-27,-0.0098859017348651,2023,2023-09-30,learned_vol_interaction,20260910,0.49720733161665126,0.49720733161665126,0,0
weekly_state_validated,3115,2023-11-24,2023-12-04,-0.0151084754586299,2023,2023-09-30,learned_vol_interaction,20260910,0.5957924033070175,0.5957924033070175,1,0
weekly_state_validated,3120,2023-12-01,2023-12-11,-0.0295859857973478,2023,2023-09-30,learned_vol_interaction,20260910,0.630202411775692,0.630202411775692,1,0
weekly_state_validated,3125,2023-12-08,2023-12-18,-0.0144639658974852,2023,2023-09-30,learned_vol_interaction,20260910,0.7020411846822479,0.7020411846822479,1,0
weekly_state_validated,3130,2023-12-15,2023-12-25,0.0003424256350643,2023,2023-09-30,learned_vol_interaction,20260910,0.48254724197683146,0.48254724197683146,0,1
weekly_state_validated,3135,2023-12-22,2024-01-02,0.0288079559683274,2023,2023-09-30,learned_vol_interaction,20260910,0.28858339376992415,0.28858339376992415,0,1
weekly_state_validated,3140,2023-12-29,2024-01-08,-0.0302544749829989,2023,2023-09-30,learned_vol_interaction,20260910,0.5738831959512313,0.5738831959512313,1,0
weekly_state_ungated,3085,2023-10-13,2023-10-23,-0.0447156690429144,2023,2023-09-30,learned_vol_interaction,20260910,0.29579120748132687,0.29579120748132687,0,0
weekly_state_ungated,3090,2023-10-20,2023-10-30,0.0154019770298841,2023,2023-09-30,learned_vol_interaction,20260910,0.44836447343128255,0.44836447343128255,0,1
weekly_state_ungated,3095,2023-10-27,2023-11-06,0.0152527637017425,2023,2023-09-30,learned_vol_interaction,20260910,0.6262980004995115,0.6262980004995115,1,1
weekly_state_ungated,3100,2023-11-03,2023-11-13,-0.0039935482440582,2023,2023-09-30,learned_vol_interaction,20260910,0.6085192459123044,0.6085192459123044,1,0
weekly_state_ungated,3105,2023-11-10,2023-11-20,-0.0067280482816765,2023,2023-09-30,learned_vol_interaction,20260910,0.3314913364216296,0.3314913364216296,0,0
weekly_state_ungated,3110,2023-11-17,2023-11-27,-0.0098859017348651,2023,2023-09-30,learned_vol_interaction,20260910,0.49720733161665126,0.49720733161665126,0,0
weekly_state_ungated,3115,2023-11-24,2023-12-04,-0.0151084754586299,2023,2023-09-30,learned_vol_interaction,20260910,0.5957924033070175,0.5957924033070175,1,0
weekly_state_ungated,3120,2023-12-01,2023-12-11,-0.0295859857973478,2023,2023-09-30,learned_vol_interaction,20260910,0.630202411775692,0.630202411775692,1,0
weekly_state_ungated,3125,2023-12-08,2023-12-18,-0.0144639658974852,2023,2023-09-30,learned_vol_interaction,20260910,0.7020411846822479,0.7020411846822479,1,0
weekly_state_ungated,3130,2023-12-15,2023-12-25,0.0003424256350643,2023,2023-09-30,learned_vol_interaction,20260910,0.48254724197683146,0.48254724197683146,0,1
weekly_state_ungated,3135,2023-12-22,2024-01-02,0.0288079559683274,2023,2023-09-30,learned_vol_interaction,20260910,0.28858339376992415,0.28858339376992415,0,1
weekly_state_ungated,3140,2023-12-29,2024-01-08,-0.0302544749829989,2023,2023-09-30,learned_vol_interaction,20260910,0.5738831959512313,0.5738831959512313,1,0
weekly_global_validated,3085,2023-10-13,2023-10-23,-0.0447156690429144,2023,2023-09-30,learned_vol_interaction,20260910,0.28638754640396824,0.28638754640396824,0,0
weekly_global_validated,3090,2023-10-20,2023-10-30,0.0154019770298841,2023,2023-09-30,learned_vol_interaction,20260910,0.437121131313922,0.437121131313922,0,1
weekly_global_validated,3095,2023-10-27,2023-11-06,0.0152527637017425,2023,2023-09-30,learned_vol_interaction,20260910,0.6155718091496194,0.6155718091496194,1,1
weekly_global_validated,3100,2023-11-03,2023-11-13,-0.0039935482440582,2023,2023-09-30,learned_vol_interaction,20260910,0.5976106182691946,0.5976106182691946,1,0
weekly_global_validated,3105,2023-11-10,2023-11-20,-0.0067280482816765,2023,2023-09-30,learned_vol_interaction,20260910,0.3214708224618653,0.3214708224618653,0,0
weekly_global_validated,3110,2023-11-17,2023-11-27,-0.0098859017348651,2023,2023-09-30,learned_vol_interaction,20260910,0.4858178540447264,0.4858178540447264,0,0
weekly_global_validated,3115,2023-11-24,2023-12-04,-0.0151084754586299,2023,2023-09-30,learned_vol_interaction,20260910,0.5847711295313299,0.5847711295313299,1,0
weekly_global_validated,3120,2023-12-01,2023-12-11,-0.0295859857973478,2023,2023-09-30,learned_vol_interaction,20260910,0.6195202058411529,0.6195202058411529,1,0
weekly_global_validated,3125,2023-12-08,2023-12-18,-0.0144639658974852,2023,2023-09-30,learned_vol_interaction,20260910,0.692421339586181,0.692421339586181,1,0
weekly_global_validated,3130,2023-12-15,2023-12-25,0.0003424256350643,2023,2023-09-30,learned_vol_interaction,20260910,0.4711788793773887,0.4711788793773887,0,1
weekly_global_validated,3135,2023-12-22,2024-01-02,0.0288079559683274,2023,2023-09-30,learned_vol_interaction,20260910,0.27931799097180754,0.27931799097180754,0,1
weekly_global_validated,3140,2023-12-29,2024-01-08,-0.0302544749829989,2023,2023-09-30,learned_vol_interaction,20260910,0.562703003219422,0.562703003219422,1,0
weekly_global_ungated,3085,2023-10-13,2023-10-23,-0.0447156690429144,2023,2023-09-30,learned_vol_interaction,20260910,0.28638754640396824,0.28638754640396824,0,0
weekly_global_ungated,3090,2023-10-20,2023-10-30,0.0154019770298841,2023,2023-09-30,learned_vol_interaction,20260910,0.437121131313922,0.437121131313922,0,1
weekly_global_ungated,3095,2023-10-27,2023-11-06,0.0152527637017425,2023,2023-09-30,learned_vol_interaction,20260910,0.6155718091496194,0.6155718091496194,1,1
weekly_global_ungated,3100,2023-11-03,2023-11-13,-0.0039935482440582,2023,2023-09-30,learned_vol_interaction,20260910,0.5976106182691946,0.5976106182691946,1,0
weekly_global_ungated,3105,2023-11-10,2023-11-20,-0.0067280482816765,2023,2023-09-30,learned_vol_interaction,20260910,0.3214708224618653,0.3214708224618653,0,0
weekly_global_ungated,3110,2023-11-17,2023-11-27,-0.0098859017348651,2023,2023-09-30,learned_vol_interaction,20260910,0.4858178540447264,0.4858178540447264,0,0
weekly_global_ungated,3115,2023-11-24,2023-12-04,-0.0151084754586299,2023,2023-09-30,learned_vol_interaction,20260910,0.5847711295313299,0.5847711295313299,1,0
weekly_global_ungated,3120,2023-12-01,2023-12-11,-0.0295859857973478,2023,2023-09-30,learned_vol_interaction,20260910,0.6195202058411529,0.6195202058411529,1,0
weekly_global_ungated,3125,2023-12-08,2023-12-18,-0.0144639658974852,2023,2023-09-30,learned_vol_interaction,20260910,0.692421339586181,0.692421339586181,1,0
weekly_global_ungated,3130,2023-12-15,2023-12-25,0.0003424256350643,2023,2023-09-30,learned_vol_interaction,20260910,0.4711788793773887,0.4711788793773887,0,1
weekly_global_ungated,3135,2023-12-22,2024-01-02,0.0288079559683274,2023,2023-09-30,learned_vol_interaction,20260910,0.27931799097180754,0.27931799097180754,0,1
weekly_global_ungated,3140,2023-12-29,2024-01-08,-0.0302544749829989,2023,2023-09-30,learned_vol_interaction,20260910,0.562703003219422,0.562703003219422,1,0
weekly_state_validated,3085,2023-10-13,2023-10-23,-0.0447156690429144,2023,2023-09-30,learned_vol_interaction,20260911,0.3878282636839715,0.3878282636839715,0,0
weekly_state_validated,3090,2023-10-20,2023-10-30,0.0154019770298841,2023,2023-09-30,learned_vol_interaction,20260911,0.3689353615927076,0.3689353615927076,0,1
weekly_state_validated,3095,2023-10-27,2023-11-06,0.0152527637017425,2023,2023-09-30,learned_vol_interaction,20260911,0.42197520645747516,0.42197520645747516,0,1
weekly_state_validated,3100,2023-11-03,2023-11-13,-0.0039935482440582,2023,2023-09-30,learned_vol_interaction,20260911,0.5992318332695735,0.5992318332695735,1,0
weekly_state_validated,3105,2023-11-10,2023-11-20,-0.0067280482816765,2023,2023-09-30,learned_vol_interaction,20260911,0.46022444910112514,0.46022444910112514,0,0
weekly_state_validated,3110,2023-11-17,2023-11-27,-0.0098859017348651,2023,2023-09-30,learned_vol_interaction,20260911,0.4420767904024837,0.4420767904024837,0,0
weekly_state_validated,3115,2023-11-24,2023-12-04,-0.0151084754586299,2023,2023-09-30,learned_vol_interaction,20260911,0.46307664489344025,0.46307664489344025,0,0
weekly_state_validated,3120,2023-12-01,2023-12-11,-0.0295859857973478,2023,2023-09-30,learned_vol_interaction,20260911,0.5235861003731044,0.5235861003731044,1,0
weekly_state_validated,3125,2023-12-08,2023-12-18,-0.0144639658974852,2023,2023-09-30,learned_vol_interaction,20260911,0.47333166195075005,0.47333166195075005,0,0
weekly_state_validated,3130,2023-12-15,2023-12-25,0.0003424256350643,2023,2023-09-30,learned_vol_interaction,20260911,0.47920633308113286,0.47920633308113286,0,1
weekly_state_validated,3135,2023-12-22,2024-01-02,0.0288079559683274,2023,2023-09-30,learned_vol_interaction,20260911,0.4828172855879641,0.4828172855879641,0,1
weekly_state_validated,3140,2023-12-29,2024-01-08,-0.0302544749829989,2023,2023-09-30,learned_vol_interaction,20260911,0.5185536850397352,0.5185536850397352,1,0
weekly_state_ungated,3085,2023-10-13,2023-10-23,-0.0447156690429144,2023,2023-09-30,learned_vol_interaction,20260911,0.3878282636839715,0.3878282636839715,0,0
weekly_state_ungated,3090,2023-10-20,2023-10-30,0.0154019770298841,2023,2023-09-30,learned_vol_interaction,20260911,0.3689353615927076,0.3689353615927076,0,1
weekly_state_ungated,3095,2023-10-27,2023-11-06,0.0152527637017425,2023,2023-09-30,learned_vol_interaction,20260911,0.42197520645747516,0.42197520645747516,0,1
weekly_state_ungated,3100,2023-11-03,2023-11-13,-0.0039935482440582,2023,2023-09-30,learned_vol_interaction,20260911,0.5992318332695735,0.5992318332695735,1,0
weekly_state_ungated,3105,2023-11-10,2023-11-20,-0.0067280482816765,2023,2023-09-30,learned_vol_interaction,20260911,0.46022444910112514,0.46022444910112514,0,0
weekly_state_ungated,3110,2023-11-17,2023-11-27,-0.0098859017348651,2023,2023-09-30,learned_vol_interaction,20260911,0.4420767904024837,0.4420767904024837,0,0
weekly_state_ungated,3115,2023-11-24,2023-12-04,-0.0151084754586299,2023,2023-09-30,learned_vol_interaction,20260911,0.46307664489344025,0.46307664489344025,0,0
weekly_state_ungated,3120,2023-12-01,2023-12-11,-0.0295859857973478,2023,2023-09-30,learned_vol_interaction,20260911,0.5235861003731044,0.5235861003731044,1,0
weekly_state_ungated,3125,2023-12-08,2023-12-18,-0.0144639658974852,2023,2023-09-30,learned_vol_interaction,20260911,0.47333166195075005,0.47333166195075005,0,0
weekly_state_ungated,3130,2023-12-15,2023-12-25,0.0003424256350643,2023,2023-09-30,learned_vol_interaction,20260911,0.47920633308113286,0.47920633308113286,0,1
weekly_state_ungated,3135,2023-12-22,2024-01-02,0.0288079559683274,2023,2023-09-30,learned_vol_interaction,20260911,0.4828172855879641,0.4828172855879641,0,1
weekly_state_ungated,3140,2023-12-29,2024-01-08,-0.0302544749829989,2023,2023-09-30,learned_vol_interaction,20260911,0.5185536850397352,0.5185536850397352,1,0
weekly_global_validated,3085,2023-10-13,2023-10-23,-0.0447156690429144,2023,2023-09-30,learned_vol_interaction,20260911,0.38481115942742056,0.38481115942742056,0,0
weekly_global_validated,3090,2023-10-20,2023-10-30,0.0154019770298841,2023,2023-09-30,learned_vol_interaction,20260911,0.36597736644040924,0.36597736644040924,0,1
weekly_global_validated,3095,2023-10-27,2023-11-06,0.0152527637017425,2023,2023-09-30,learned_vol_interaction,20260911,0.4188742227301825,0.4188742227301825,0,1
weekly_global_validated,3100,2023-11-03,2023-11-13,-0.0039935482440582,2023,2023-09-30,learned_vol_interaction,20260911,0.5961717447329326,0.5961717447329326,1,0
weekly_global_validated,3105,2023-11-10,2023-11-20,-0.0067280482816765,2023,2023-09-30,learned_vol_interaction,20260911,0.457064644531545,0.457064644531545,0,0
weekly_global_validated,3110,2023-11-17,2023-11-27,-0.0098859017348651,2023,2023-09-30,learned_vol_interaction,20260911,0.4389402619469812,0.4389402619469812,0,0
weekly_global_validated,3115,2023-11-24,2023-12-04,-0.0151084754586299,2023,2023-09-30,learned_vol_interaction,20260911,0.45991394301555333,0.45991394301555333,0,0
weekly_global_validated,3120,2023-12-01,2023-12-11,-0.0295859857973478,2023,2023-09-30,learned_vol_interaction,20260911,0.5204106888469688,0.5204106888469688,1,0
weekly_global_validated,3125,2023-12-08,2023-12-18,-0.0144639658974852,2023,2023-09-30,learned_vol_interaction,20260911,0.47016025111899495,0.47016025111899495,0,0
weekly_global_validated,3130,2023-12-15,2023-12-25,0.0003424256350643,2023,2023-09-30,learned_vol_interaction,20260911,0.4760311377975337,0.4760311377975337,0,1
weekly_global_validated,3135,2023-12-22,2024-01-02,0.0288079559683274,2023,2023-09-30,learned_vol_interaction,20260911,0.4796401996575599,0.4796401996575599,0,1
weekly_global_validated,3140,2023-12-29,2024-01-08,-0.0302544749829989,2023,2023-09-30,learned_vol_interaction,20260911,0.5153757775178464,0.5153757775178464,1,0
weekly_global_ungated,3085,2023-10-13,2023-10-23,-0.0447156690429144,2023,2023-09-30,learned_vol_interaction,20260911,0.38481115942742056,0.38481115942742056,0,0
weekly_global_ungated,3090,2023-10-20,2023-10-30,0.0154019770298841,2023,2023-09-30,learned_vol_interaction,20260911,0.36597736644040924,0.36597736644040924,0,1
weekly_global_ungated,3095,2023-10-27,2023-11-06,0.0152527637017425,2023,2023-09-30,learned_vol_interaction,20260911,0.4188742227301825,0.4188742227301825,0,1
weekly_global_ungated,3100,2023-11-03,2023-11-13,-0.0039935482440582,2023,2023-09-30,learned_vol_interaction,20260911,0.5961717447329326,0.5961717447329326,1,0
weekly_global_ungated,3105,2023-11-10,2023-11-20,-0.0067280482816765,2023,2023-09-30,learned_vol_interaction,20260911,0.457064644531545,0.457064644531545,0,0
weekly_global_ungated,3110,2023-11-17,2023-11-27,-0.0098859017348651,2023,2023-09-30,learned_vol_interaction,20260911,0.4389402619469812,0.4389402619469812,0,0
weekly_global_ungated,3115,2023-11-24,2023-12-04,-0.0151084754586299,2023,2023-09-30,learned_vol_interaction,20260911,0.45991394301555333,0.45991394301555333,0,0
weekly_global_ungated,3120,2023-12-01,2023-12-11,-0.0295859857973478,2023,2023-09-30,learned_vol_interaction,20260911,0.5204106888469688,0.5204106888469688,1,0
weekly_global_ungated,3125,2023-12-08,2023-12-18,-0.0144639658974852,2023,2023-09-30,learned_vol_interaction,20260911,0.47016025111899495,0.47016025111899495,0,0
weekly_global_ungated,3130,2023-12-15,2023-12-25,0.0003424256350643,2023,2023-09-30,learned_vol_interaction,20260911,0.4760311377975337,0.4760311377975337,0,1
weekly_global_ungated,3135,2023-12-22,2024-01-02,0.0288079559683274,2023,2023-09-30,learned_vol_interaction,20260911,0.4796401996575599,0.4796401996575599,0,1
weekly_global_ungated,3140,2023-12-29,2024-01-08,-0.0302544749829989,2023,2023-09-30,learned_vol_interaction,20260911,0.5153757775178464,0.5153757775178464,1,0
weekly_state_validated,3085,2023-10-13,2023-10-23,-0.0447156690429144,2023,2023-09-30,learned_vol_interaction,20260912,0.3685217263218604,0.3685217263218604,0,0
weekly_state_validated,3090,2023-10-20,2023-10-30,0.0154019770298841,2023,2023-09-30,learned_vol_interaction,20260912,0.40136581543495836,0.40136581543495836,0,1
weekly_state_validated,3095,2023-10-27,2023-11-06,0.0152527637017425,2023,2023-09-30,learned_vol_interaction,20260912,0.8213433951549646,0.8213433951549646,1,1
weekly_state_validated,3100,2023-11-03,2023-11-13,-0.0039935482440582,2023,2023-09-30,learned_vol_interaction,20260912,0.3080221984762187,0.3080221984762187,0,0
weekly_state_validated,3105,2023-11-10,2023-11-20,-0.0067280482816765,2023,2023-09-30,learned_vol_interaction,20260912,0.27839032037214523,0.27839032037214523,0,0
weekly_state_validated,3110,2023-11-17,2023-11-27,-0.0098859017348651,2023,2023-09-30,learned_vol_interaction,20260912,0.18297454438812885,0.18297454438812885,0,0
weekly_state_validated,3115,2023-11-24,2023-12-04,-0.0151084754586299,2023,2023-09-30,learned_vol_interaction,20260912,0.5454160328335291,0.5454160328335291,1,0
weekly_state_validated,3120,2023-12-01,2023-12-11,-0.0295859857973478,2023,2023-09-30,learned_vol_interaction,20260912,0.28159022899436803,0.28159022899436803,0,0
weekly_state_validated,3125,2023-12-08,2023-12-18,-0.0144639658974852,2023,2023-09-30,learned_vol_interaction,20260912,0.3617111160064364,0.3617111160064364,0,0
weekly_state_validated,3130,2023-12-15,2023-12-25,0.0003424256350643,2023,2023-09-30,learned_vol_interaction,20260912,0.41102470792403156,0.41102470792403156,0,1
weekly_state_validated,3135,2023-12-22,2024-01-02,0.0288079559683274,2023,2023-09-30,learned_vol_interaction,20260912,0.28691103074968444,0.28691103074968444,0,1
weekly_state_validated,3140,2023-12-29,2024-01-08,-0.0302544749829989,2023,2023-09-30,learned_vol_interaction,20260912,0.24450739545191727,0.24450739545191727,0,0
weekly_state_ungated,3085,2023-10-13,2023-10-23,-0.0447156690429144,2023,2023-09-30,learned_vol_interaction,20260912,0.3685217263218604,0.3685217263218604,0,0
weekly_state_ungated,3090,2023-10-20,2023-10-30,0.0154019770298841,2023,2023-09-30,learned_vol_interaction,20260912,0.40136581543495836,0.40136581543495836,0,1
weekly_state_ungated,3095,2023-10-27,2023-11-06,0.0152527637017425,2023,2023-09-30,learned_vol_interaction,20260912,0.8213433951549646,0.8213433951549646,1,1
weekly_state_ungated,3100,2023-11-03,2023-11-13,-0.0039935482440582,2023,2023-09-30,learned_vol_interaction,20260912,0.3080221984762187,0.3080221984762187,0,0
weekly_state_ungated,3105,2023-11-10,2023-11-20,-0.0067280482816765,2023,2023-09-30,learned_vol_interaction,20260912,0.27839032037214523,0.27839032037214523,0,0
weekly_state_ungated,3110,2023-11-17,2023-11-27,-0.0098859017348651,2023,2023-09-30,learned_vol_interaction,20260912,0.18297454438812885,0.18297454438812885,0,0
weekly_state_ungated,3115,2023-11-24,2023-12-04,-0.0151084754586299,2023,2023-09-30,learned_vol_interaction,20260912,0.5454160328335291,0.5454160328335291,1,0
weekly_state_ungated,3120,2023-12-01,2023-12-11,-0.0295859857973478,2023,2023-09-30,learned_vol_interaction,20260912,0.28159022899436803,0.28159022899436803,0,0
weekly_state_ungated,3125,2023-12-08,2023-12-18,-0.0144639658974852,2023,2023-09-30,learned_vol_interaction,20260912,0.3617111160064364,0.3617111160064364,0,0
weekly_state_ungated,3130,2023-12-15,2023-12-25,0.0003424256350643,2023,2023-09-30,learned_vol_interaction,20260912,0.41102470792403156,0.41102470792403156,0,1
weekly_state_ungated,3135,2023-12-22,2024-01-02,0.0288079559683274,2023,2023-09-30,learned_vol_interaction,20260912,0.28691103074968444,0.28691103074968444,0,1
weekly_state_ungated,3140,2023-12-29,2024-01-08,-0.0302544749829989,2023,2023-09-30,learned_vol_interaction,20260912,0.24450739545191727,0.24450739545191727,0,0
weekly_global_validated,3085,2023-10-13,2023-10-23,-0.0447156690429144,2023,2023-09-30,learned_vol_interaction,20260912,0.3718186520192493,0.3718186520192493,0,0
weekly_global_validated,3090,2023-10-20,2023-10-30,0.0154019770298841,2023,2023-09-30,learned_vol_interaction,20260912,0.40476823218544755,0.40476823218544755,0,1
weekly_global_validated,3095,2023-10-27,2023-11-06,0.0152527637017425,2023,2023-09-30,learned_vol_interaction,20260912,0.8234090334586074,0.8234090334586074,1,1
weekly_global_validated,3100,2023-11-03,2023-11-13,-0.0039935482440582,2023,2023-09-30,learned_vol_interaction,20260912,0.3110444752173387,0.3110444752173387,0,0
weekly_global_validated,3105,2023-11-10,2023-11-20,-0.0067280482816765,2023,2023-09-30,learned_vol_interaction,20260912,0.2812400197291269,0.2812400197291269,0,0
weekly_global_validated,3110,2023-11-17,2023-11-27,-0.0098859017348651,2023,2023-09-30,learned_vol_interaction,20260912,0.18509806777094176,0.18509806777094176,0,0
weekly_global_validated,3115,2023-11-24,2023-12-04,-0.0151084754586299,2023,2023-09-30,learned_vol_interaction,20260912,0.5489198596530411,0.5489198596530411,1,0
weekly_global_validated,3120,2023-12-01,2023-12-11,-0.0295859857973478,2023,2023-09-30,learned_vol_interaction,20260912,0.2844597714975192,0.2844597714975192,0,0
weekly_global_validated,3125,2023-12-08,2023-12-18,-0.0144639658974852,2023,2023-09-30,learned_vol_interaction,20260912,0.3649823280206982,0.3649823280206982,0,0
weekly_global_validated,3130,2023-12-15,2023-12-25,0.0003424256350643,2023,2023-09-30,learned_vol_interaction,20260912,0.4144523165104669,0.4144523165104669,0,1
weekly_global_validated,3135,2023-12-22,2024-01-02,0.0288079559683274,2023,2023-09-30,learned_vol_interaction,20260912,0.28981292136221515,0.28981292136221515,0,1
weekly_global_validated,3140,2023-12-29,2024-01-08,-0.0302544749829989,2023,2023-09-30,learned_vol_interaction,20260912,0.24712903857157043,0.24712903857157043,0,0
weekly_global_ungated,3085,2023-10-13,2023-10-23,-0.0447156690429144,2023,2023-09-30,learned_vol_interaction,20260912,0.3718186520192493,0.3718186520192493,0,0
weekly_global_ungated,3090,2023-10-20,2023-10-30,0.0154019770298841,2023,2023-09-30,learned_vol_interaction,20260912,0.40476823218544755,0.40476823218544755,0,1
weekly_global_ungated,3095,2023-10-27,2023-11-06,0.0152527637017425,2023,2023-09-30,learned_vol_interaction,20260912,0.8234090334586074,0.8234090334586074,1,1
weekly_global_ungated,3100,2023-11-03,2023-11-13,-0.0039935482440582,2023,2023-09-30,learned_vol_interaction,20260912,0.3110444752173387,0.3110444752173387,0,0
weekly_global_ungated,3105,2023-11-10,2023-11-20,-0.0067280482816765,2023,2023-09-30,learned_vol_interaction,20260912,0.2812400197291269,0.2812400197291269,0,0
weekly_global_ungated,3110,2023-11-17,2023-11-27,-0.0098859017348651,2023,2023-09-30,learned_vol_interaction,20260912,0.18509806777094176,0.18509806777094176,0,0
weekly_global_ungated,3115,2023-11-24,2023-12-04,-0.0151084754586299,2023,2023-09-30,learned_vol_interaction,20260912,0.5489198596530411,0.5489198596530411,1,0
weekly_global_ungated,3120,2023-12-01,2023-12-11,-0.0295859857973478,2023,2023-09-30,learned_vol_interaction,20260912,0.2844597714975192,0.2844597714975192,0,0
weekly_global_ungated,3125,2023-12-08,2023-12-18,-0.0144639658974852,2023,2023-09-30,learned_vol_interaction,20260912,0.3649823280206982,0.3649823280206982,0,0
weekly_global_ungated,3130,2023-12-15,2023-12-25,0.0003424256350643,2023,2023-09-30,learned_vol_interaction,20260912,0.4144523165104669,0.4144523165104669,0,1
weekly_global_ungated,3135,2023-12-22,2024-01-02,0.0288079559683274,2023,2023-09-30,learned_vol_interaction,20260912,0.28981292136221515,0.28981292136221515,0,1
weekly_global_ungated,3140,2023-12-29,2024-01-08,-0.0302544749829989,2023,2023-09-30,learned_vol_interaction,20260912,0.24712903857157043,0.24712903857157043,0,0
weekly_state_validated,3085,2023-10-13,2023-10-23,-0.0447156690429144,2023,2023-09-30,learned_order_extension,20260910,0.28266571205336577,0.28266571205336577,0,0
weekly_state_validated,3090,2023-10-20,2023-10-30,0.0154019770298841,2023,2023-09-30,learned_order_extension,20260910,0.4505560341979058,0.4505560341979058,0,1
weekly_state_validated,3095,2023-10-27,2023-11-06,0.0152527637017425,2023,2023-09-30,learned_order_extension,20260910,0.602080620410181,0.602080620410181,1,1
weekly_state_validated,3100,2023-11-03,2023-11-13,-0.0039935482440582,2023,2023-09-30,learned_order_extension,20260910,0.595108544758133,0.595108544758133,1,0
weekly_state_validated,3105,2023-11-10,2023-11-20,-0.0067280482816765,2023,2023-09-30,learned_order_extension,20260910,0.3496794318686278,0.3496794318686278,0,0
weekly_state_validated,3110,2023-11-17,2023-11-27,-0.0098859017348651,2023,2023-09-30,learned_order_extension,20260910,0.5083725654923683,0.5083725654923683,1,0
weekly_state_validated,3115,2023-11-24,2023-12-04,-0.0151084754586299,2023,2023-09-30,learned_order_extension,20260910,0.5735477213479836,0.5735477213479836,1,0
weekly_state_validated,3120,2023-12-01,2023-12-11,-0.0295859857973478,2023,2023-09-30,learned_order_extension,20260910,0.6125921370871296,0.6125921370871296,1,0
weekly_state_validated,3125,2023-12-08,2023-12-18,-0.0144639658974852,2023,2023-09-30,learned_order_extension,20260910,0.7047860457273613,0.7047860457273613,1,0
weekly_state_validated,3130,2023-12-15,2023-12-25,0.0003424256350643,2023,2023-09-30,learned_order_extension,20260910,0.48090790467759353,0.48090790467759353,0,1
weekly_state_validated,3135,2023-12-22,2024-01-02,0.0288079559683274,2023,2023-09-30,learned_order_extension,20260910,0.3044424612382996,0.3044424612382996,0,1
weekly_state_validated,3140,2023-12-29,2024-01-08,-0.0302544749829989,2023,2023-09-30,learned_order_extension,20260910,0.5737996984104154,0.5737996984104154,1,0
weekly_state_ungated,3085,2023-10-13,2023-10-23,-0.0447156690429144,2023,2023-09-30,learned_order_extension,20260910,0.28266571205336577,0.28266571205336577,0,0
weekly_state_ungated,3090,2023-10-20,2023-10-30,0.0154019770298841,2023,2023-09-30,learned_order_extension,20260910,0.4505560341979058,0.4505560341979058,0,1
weekly_state_ungated,3095,2023-10-27,2023-11-06,0.0152527637017425,2023,2023-09-30,learned_order_extension,20260910,0.602080620410181,0.602080620410181,1,1
weekly_state_ungated,3100,2023-11-03,2023-11-13,-0.0039935482440582,2023,2023-09-30,learned_order_extension,20260910,0.595108544758133,0.595108544758133,1,0
weekly_state_ungated,3105,2023-11-10,2023-11-20,-0.0067280482816765,2023,2023-09-30,learned_order_extension,20260910,0.3496794318686278,0.3496794318686278,0,0
weekly_state_ungated,3110,2023-11-17,2023-11-27,-0.0098859017348651,2023,2023-09-30,learned_order_extension,20260910,0.5083725654923683,0.5083725654923683,1,0
weekly_state_ungated,3115,2023-11-24,2023-12-04,-0.0151084754586299,2023,2023-09-30,learned_order_extension,20260910,0.5735477213479836,0.5735477213479836,1,0
weekly_state_ungated,3120,2023-12-01,2023-12-11,-0.0295859857973478,2023,2023-09-30,learned_order_extension,20260910,0.6125921370871296,0.6125921370871296,1,0
weekly_state_ungated,3125,2023-12-08,2023-12-18,-0.0144639658974852,2023,2023-09-30,learned_order_extension,20260910,0.7047860457273613,0.7047860457273613,1,0
weekly_state_ungated,3130,2023-12-15,2023-12-25,0.0003424256350643,2023,2023-09-30,learned_order_extension,20260910,0.48090790467759353,0.48090790467759353,0,1
weekly_state_ungated,3135,2023-12-22,2024-01-02,0.0288079559683274,2023,2023-09-30,learned_order_extension,20260910,0.3044424612382996,0.3044424612382996,0,1
weekly_state_ungated,3140,2023-12-29,2024-01-08,-0.0302544749829989,2023,2023-09-30,learned_order_extension,20260910,0.5737996984104154,0.5737996984104154,1,0
weekly_global_validated,3085,2023-10-13,2023-10-23,-0.0447156690429144,2023,2023-09-30,learned_order_extension,20260910,0.2754865917672443,0.2754865917672443,0,0
weekly_global_validated,3090,2023-10-20,2023-10-30,0.0154019770298841,2023,2023-09-30,learned_order_extension,20260910,0.441738685495555,0.441738685495555,0,1
weekly_global_validated,3095,2023-10-27,2023-11-06,0.0152527637017425,2023,2023-09-30,learned_order_extension,20260910,0.5935010458450823,0.5935010458450823,1,1
weekly_global_validated,3100,2023-11-03,2023-11-13,-0.0039935482440582,2023,2023-09-30,learned_order_extension,20260910,0.5864818905179099,0.5864818905179099,1,0
weekly_global_validated,3105,2023-11-10,2023-11-20,-0.0067280482816765,2023,2023-09-30,learned_order_extension,20260910,0.34160883312427814,0.34160883312427814,0,0
weekly_global_validated,3110,2023-11-17,2023-11-27,-0.0098859017348651,2023,2023-09-30,learned_order_extension,20260910,0.4994522693135678,0.4994522693135678,0,0
weekly_global_validated,3115,2023-11-24,2023-12-04,-0.0151084754586299,2023,2023-09-30,learned_order_extension,20260910,0.5647976321488613,0.5647976321488613,1,0
weekly_global_validated,3120,2023-12-01,2023-12-11,-0.0295859857973478,2023,2023-09-30,learned_order_extension,20260910,0.6040901708872254,0.6040901708872254,1,0
weekly_global_validated,3125,2023-12-08,2023-12-18,-0.0144639658974852,2023,2023-09-30,learned_order_extension,20260910,0.6973076151959144,0.6973076151959144,1,0
weekly_global_validated,3130,2023-12-15,2023-12-25,0.0003424256350643,2023,2023-09-30,learned_order_extension,20260910,0.4720068415163263,0.4720068415163263,0,1
weekly_global_validated,3135,2023-12-22,2024-01-02,0.0288079559683274,2023,2023-09-30,learned_order_extension,20260910,0.29693920501382615,0.29693920501382615,0,1
weekly_global_validated,3140,2023-12-29,2024-01-08,-0.0302544749829989,2023,2023-09-30,learned_order_extension,20260910,0.5650508585847396,0.5650508585847396,1,0
weekly_global_ungated,3085,2023-10-13,2023-10-23,-0.0447156690429144,2023,2023-09-30,learned_order_extension,20260910,0.2754865917672443,0.2754865917672443,0,0
weekly_global_ungated,3090,2023-10-20,2023-10-30,0.0154019770298841,2023,2023-09-30,learned_order_extension,20260910,0.441738685495555,0.441738685495555,0,1
weekly_global_ungated,3095,2023-10-27,2023-11-06,0.0152527637017425,2023,2023-09-30,learned_order_extension,20260910,0.5935010458450823,0.5935010458450823,1,1
weekly_global_ungated,3100,2023-11-03,2023-11-13,-0.0039935482440582,2023,2023-09-30,learned_order_extension,20260910,0.5864818905179099,0.5864818905179099,1,0
weekly_global_ungated,3105,2023-11-10,2023-11-20,-0.0067280482816765,2023,2023-09-30,learned_order_extension,20260910,0.34160883312427814,0.34160883312427814,0,0
weekly_global_ungated,3110,2023-11-17,2023-11-27,-0.0098859017348651,2023,2023-09-30,learned_order_extension,20260910,0.4994522693135678,0.4994522693135678,0,0
weekly_global_ungated,3115,2023-11-24,2023-12-04,-0.0151084754586299,2023,2023-09-30,learned_order_extension,20260910,0.5647976321488613,0.5647976321488613,1,0
weekly_global_ungated,3120,2023-12-01,2023-12-11,-0.0295859857973478,2023,2023-09-30,learned_order_extension,20260910,0.6040901708872254,0.6040901708872254,1,0
weekly_global_ungated,3125,2023-12-08,2023-12-18,-0.0144639658974852,2023,2023-09-30,learned_order_extension,20260910,0.6973076151959144,0.6973076151959144,1,0
weekly_global_ungated,3130,2023-12-15,2023-12-25,0.0003424256350643,2023,2023-09-30,learned_order_extension,20260910,0.4720068415163263,0.4720068415163263,0,1
weekly_global_ungated,3135,2023-12-22,2024-01-02,0.0288079559683274,2023,2023-09-30,learned_order_extension,20260910,0.29693920501382615,0.29693920501382615,0,1
weekly_global_ungated,3140,2023-12-29,2024-01-08,-0.0302544749829989,2023,2023-09-30,learned_order_extension,20260910,0.5650508585847396,0.5650508585847396,1,0
weekly_state_validated,3085,2023-10-13,2023-10-23,-0.0447156690429144,2023,2023-09-30,learned_order_extension,20260911,0.38431579589358295,0.38431579589358295,0,0
weekly_state_validated,3090,2023-10-20,2023-10-30,0.0154019770298841,2023,2023-09-30,learned_order_extension,20260911,0.36525738080952114,0.36525738080952114,0,1
weekly_state_validated,3095,2023-10-27,2023-11-06,0.0152527637017425,2023,2023-09-30,learned_order_extension,20260911,0.41982613160596854,0.41982613160596854,0,1
weekly_state_validated,3100,2023-11-03,2023-11-13,-0.0039935482440582,2023,2023-09-30,learned_order_extension,20260911,0.5973369478438331,0.5973369478438331,1,0
weekly_state_validated,3105,2023-11-10,2023-11-20,-0.0067280482816765,2023,2023-09-30,learned_order_extension,20260911,0.45877860676612287,0.45877860676612287,0,0
weekly_state_validated,3110,2023-11-17,2023-11-27,-0.0098859017348651,2023,2023-09-30,learned_order_extension,20260911,0.4402556115273597,0.4402556115273597,0,0
weekly_state_validated,3115,2023-11-24,2023-12-04,-0.0151084754586299,2023,2023-09-30,learned_order_extension,20260911,0.4615687929746493,0.4615687929746493,0,0
weekly_state_validated,3120,2023-12-01,2023-12-11,-0.0295859857973478,2023,2023-09-30,learned_order_extension,20260911,0.5218310935437869,0.5218310935437869,1,0
weekly_state_validated,3125,2023-12-08,2023-12-18,-0.0144639658974852,2023,2023-09-30,learned_order_extension,20260911,0.47062606592818507,0.47062606592818507,0,0
weekly_state_validated,3130,2023-12-15,2023-12-25,0.0003424256350643,2023,2023-09-30,learned_order_extension,20260911,0.4778600439153382,0.4778600439153382,0,1
weekly_state_validated,3135,2023-12-22,2024-01-02,0.0288079559683274,2023,2023-09-30,learned_order_extension,20260911,0.4820122417974118,0.4820122417974118,0,1
weekly_state_validated,3140,2023-12-29,2024-01-08,-0.0302544749829989,2023,2023-09-30,learned_order_extension,20260911,0.5162232837864934,0.5162232837864934,1,0
weekly_state_ungated,3085,2023-10-13,2023-10-23,-0.0447156690429144,2023,2023-09-30,learned_order_extension,20260911,0.38431579589358295,0.38431579589358295,0,0
weekly_state_ungated,3090,2023-10-20,2023-10-30,0.0154019770298841,2023,2023-09-30,learned_order_extension,20260911,0.36525738080952114,0.36525738080952114,0,1
weekly_state_ungated,3095,2023-10-27,2023-11-06,0.0152527637017425,2023,2023-09-30,learned_order_extension,20260911,0.41982613160596854,0.41982613160596854,0,1
weekly_state_ungated,3100,2023-11-03,2023-11-13,-0.0039935482440582,2023,2023-09-30,learned_order_extension,20260911,0.5973369478438331,0.5973369478438331,1,0
weekly_state_ungated,3105,2023-11-10,2023-11-20,-0.0067280482816765,2023,2023-09-30,learned_order_extension,20260911,0.45877860676612287,0.45877860676612287,0,0
weekly_state_ungated,3110,2023-11-17,2023-11-27,-0.0098859017348651,2023,2023-09-30,learned_order_extension,20260911,0.4402556115273597,0.4402556115273597,0,0
weekly_state_ungated,3115,2023-11-24,2023-12-04,-0.0151084754586299,2023,2023-09-30,learned_order_extension,20260911,0.4615687929746493,0.4615687929746493,0,0
weekly_state_ungated,3120,2023-12-01,2023-12-11,-0.0295859857973478,2023,2023-09-30,learned_order_extension,20260911,0.5218310935437869,0.5218310935437869,1,0
weekly_state_ungated,3125,2023-12-08,2023-12-18,-0.0144639658974852,2023,2023-09-30,learned_order_extension,20260911,0.47062606592818507,0.47062606592818507,0,0
weekly_state_ungated,3130,2023-12-15,2023-12-25,0.0003424256350643,2023,2023-09-30,learned_order_extension,20260911,0.4778600439153382,0.4778600439153382,0,1
weekly_state_ungated,3135,2023-12-22,2024-01-02,0.0288079559683274,2023,2023-09-30,learned_order_extension,20260911,0.4820122417974118,0.4820122417974118,0,1
weekly_state_ungated,3140,2023-12-29,2024-01-08,-0.0302544749829989,2023,2023-09-30,learned_order_extension,20260911,0.5162232837864934,0.5162232837864934,1,0
weekly_global_validated,3085,2023-10-13,2023-10-23,-0.0447156690429144,2023,2023-09-30,learned_order_extension,20260911,0.3806479183565028,0.3806479183565028,0,0
weekly_global_validated,3090,2023-10-20,2023-10-30,0.0154019770298841,2023,2023-09-30,learned_order_extension,20260911,0.3616645484319502,0.3616645484319502,0,1
weekly_global_validated,3095,2023-10-27,2023-11-06,0.0152527637017425,2023,2023-09-30,learned_order_extension,20260911,0.4160483631329462,0.4160483631329462,0,1
weekly_global_validated,3100,2023-11-03,2023-11-13,-0.0039935482440582,2023,2023-09-30,learned_order_extension,20260911,0.5935961331047314,0.5935961331047314,1,0
weekly_global_validated,3105,2023-11-10,2023-11-20,-0.0067280482816765,2023,2023-09-30,learned_order_extension,20260911,0.45492516964260754,0.45492516964260754,0,0
weekly_global_validated,3110,2023-11-17,2023-11-27,-0.0098859017348651,2023,2023-09-30,learned_order_extension,20260911,0.43643229735185723,0.43643229735185723,0,0
weekly_global_validated,3115,2023-11-24,2023-12-04,-0.0151084754586299,2023,2023-09-30,learned_order_extension,20260911,0.4577117397544541,0.4577117397544541,0,0
weekly_global_validated,3120,2023-12-01,2023-12-11,-0.0295859857973478,2023,2023-09-30,learned_order_extension,20260911,0.5179548895407432,0.5179548895407432,1,0
weekly_global_validated,3125,2023-12-08,2023-12-18,-0.0144639658974852,2023,2023-09-30,learned_order_extension,20260911,0.46675893788138445,0.46675893788138445,0,0
weekly_global_validated,3130,2023-12-15,2023-12-25,0.0003424256350643,2023,2023-09-30,learned_order_extension,20260911,0.4739866966343696,0.4739866966343696,0,1
weekly_global_validated,3135,2023-12-22,2024-01-02,0.0288079559683274,2023,2023-09-30,learned_order_extension,20260911,0.47813605811314414,0.47813605811314414,0,1
weekly_global_validated,3140,2023-12-29,2024-01-08,-0.0302544749829989,2023,2023-09-30,learned_order_extension,20260911,0.5123441026409075,0.5123441026409075,1,0
weekly_global_ungated,3085,2023-10-13,2023-10-23,-0.0447156690429144,2023,2023-09-30,learned_order_extension,20260911,0.3806479183565028,0.3806479183565028,0,0
weekly_global_ungated,3090,2023-10-20,2023-10-30,0.0154019770298841,2023,2023-09-30,learned_order_extension,20260911,0.3616645484319502,0.3616645484319502,0,1
weekly_global_ungated,3095,2023-10-27,2023-11-06,0.0152527637017425,2023,2023-09-30,learned_order_extension,20260911,0.4160483631329462,0.4160483631329462,0,1
weekly_global_ungated,3100,2023-11-03,2023-11-13,-0.0039935482440582,2023,2023-09-30,learned_order_extension,20260911,0.5935961331047314,0.5935961331047314,1,0
weekly_global_ungated,3105,2023-11-10,2023-11-20,-0.0067280482816765,2023,2023-09-30,learned_order_extension,20260911,0.45492516964260754,0.45492516964260754,0,0
weekly_global_ungated,3110,2023-11-17,2023-11-27,-0.0098859017348651,2023,2023-09-30,learned_order_extension,20260911,0.43643229735185723,0.43643229735185723,0,0
weekly_global_ungated,3115,2023-11-24,2023-12-04,-0.0151084754586299,2023,2023-09-30,learned_order_extension,20260911,0.4577117397544541,0.4577117397544541,0,0
weekly_global_ungated,3120,2023-12-01,2023-12-11,-0.0295859857973478,2023,2023-09-30,learned_order_extension,20260911,0.5179548895407432,0.5179548895407432,1,0
weekly_global_ungated,3125,2023-12-08,2023-12-18,-0.0144639658974852,2023,2023-09-30,learned_order_extension,20260911,0.46675893788138445,0.46675893788138445,0,0
weekly_global_ungated,3130,2023-12-15,2023-12-25,0.0003424256350643,2023,2023-09-30,learned_order_extension,20260911,0.4739866966343696,0.4739866966343696,0,1
weekly_global_ungated,3135,2023-12-22,2024-01-02,0.0288079559683274,2023,2023-09-30,learned_order_extension,20260911,0.47813605811314414,0.47813605811314414,0,1
weekly_global_ungated,3140,2023-12-29,2024-01-08,-0.0302544749829989,2023,2023-09-30,learned_order_extension,20260911,0.5123441026409075,0.5123441026409075,1,0
weekly_state_validated,3085,2023-10-13,2023-10-23,-0.0447156690429144,2023,2023-09-30,learned_order_extension,20260912,0.3753227692069219,0.3753227692069219,0,0
weekly_state_validated,3090,2023-10-20,2023-10-30,0.0154019770298841,2023,2023-09-30,learned_order_extension,20260912,0.4176515220510733,0.4176515220510733,0,1
weekly_state_validated,3095,2023-10-27,2023-11-06,0.0152527637017425,2023,2023-09-30,learned_order_extension,20260912,0.7824723484530314,0.7824723484530314,1,1
weekly_state_validated,3100,2023-11-03,2023-11-13,-0.0039935482440582,2023,2023-09-30,learned_order_extension,20260912,0.35017413907455003,0.35017413907455003,0,0
weekly_state_validated,3105,2023-11-10,2023-11-20,-0.0067280482816765,2023,2023-09-30,learned_order_extension,20260912,0.29800401811114924,0.29800401811114924,0,0
weekly_state_validated,3110,2023-11-17,2023-11-27,-0.0098859017348651,2023,2023-09-30,learned_order_extension,20260912,0.23073948045735837,0.23073948045735837,0,0
weekly_state_validated,3115,2023-11-24,2023-12-04,-0.0151084754586299,2023,2023-09-30,learned_order_extension,20260912,0.5215199484975108,0.5215199484975108,1,0
weekly_state_validated,3120,2023-12-01,2023-12-11,-0.0295859857973478,2023,2023-09-30,learned_order_extension,20260912,0.31889838997024755,0.31889838997024755,0,0
weekly_state_validated,3125,2023-12-08,2023-12-18,-0.0144639658974852,2023,2023-09-30,learned_order_extension,20260912,0.37228102585845935,0.37228102585845935,0,0
weekly_state_validated,3130,2023-12-15,2023-12-25,0.0003424256350643,2023,2023-09-30,learned_order_extension,20260912,0.43475341242937315,0.43475341242937315,0,1
weekly_state_validated,3135,2023-12-22,2024-01-02,0.0288079559683274,2023,2023-09-30,learned_order_extension,20260912,0.3102414709170717,0.3102414709170717,0,1
weekly_state_validated,3140,2023-12-29,2024-01-08,-0.0302544749829989,2023,2023-09-30,learned_order_extension,20260912,0.2980483528753857,0.2980483528753857,0,0
weekly_state_ungated,3085,2023-10-13,2023-10-23,-0.0447156690429144,2023,2023-09-30,learned_order_extension,20260912,0.3753227692069219,0.3753227692069219,0,0
weekly_state_ungated,3090,2023-10-20,2023-10-30,0.0154019770298841,2023,2023-09-30,learned_order_extension,20260912,0.4176515220510733,0.4176515220510733,0,1
weekly_state_ungated,3095,2023-10-27,2023-11-06,0.0152527637017425,2023,2023-09-30,learned_order_extension,20260912,0.7824723484530314,0.7824723484530314,1,1
weekly_state_ungated,3100,2023-11-03,2023-11-13,-0.0039935482440582,2023,2023-09-30,learned_order_extension,20260912,0.35017413907455003,0.35017413907455003,0,0
weekly_state_ungated,3105,2023-11-10,2023-11-20,-0.0067280482816765,2023,2023-09-30,learned_order_extension,20260912,0.29800401811114924,0.29800401811114924,0,0
weekly_state_ungated,3110,2023-11-17,2023-11-27,-0.0098859017348651,2023,2023-09-30,learned_order_extension,20260912,0.23073948045735837,0.23073948045735837,0,0
weekly_state_ungated,3115,2023-11-24,2023-12-04,-0.0151084754586299,2023,2023-09-30,learned_order_extension,20260912,0.5215199484975108,0.5215199484975108,1,0
weekly_state_ungated,3120,2023-12-01,2023-12-11,-0.0295859857973478,2023,2023-09-30,learned_order_extension,20260912,0.31889838997024755,0.31889838997024755,0,0
weekly_state_ungated,3125,2023-12-08,2023-12-18,-0.0144639658974852,2023,2023-09-30,learned_order_extension,20260912,0.37228102585845935,0.37228102585845935,0,0
weekly_state_ungated,3130,2023-12-15,2023-12-25,0.0003424256350643,2023,2023-09-30,learned_order_extension,20260912,0.43475341242937315,0.43475341242937315,0,1
weekly_state_ungated,3135,2023-12-22,2024-01-02,0.0288079559683274,2023,2023-09-30,learned_order_extension,20260912,0.3102414709170717,0.3102414709170717,0,1
weekly_state_ungated,3140,2023-12-29,2024-01-08,-0.0302544749829989,2023,2023-09-30,learned_order_extension,20260912,0.2980483528753857,0.2980483528753857,0,0
weekly_global_validated,3085,2023-10-13,2023-10-23,-0.0447156690429144,2023,2023-09-30,learned_order_extension,20260912,0.3783685287781427,0.3783685287781427,0,0
weekly_global_validated,3090,2023-10-20,2023-10-30,0.0154019770298841,2023,2023-09-30,learned_order_extension,20260912,0.42080938513873367,0.42080938513873367,0,1
weekly_global_validated,3095,2023-10-27,2023-11-06,0.0152527637017425,2023,2023-09-30,learned_order_extension,20260912,0.7846718662876394,0.7846718662876394,1,1
weekly_global_validated,3100,2023-11-03,2023-11-13,-0.0039935482440582,2023,2023-09-30,learned_order_extension,20260912,0.3531311845057857,0.3531311845057857,0,0
weekly_global_validated,3105,2023-11-10,2023-11-20,-0.0067280482816765,2023,2023-09-30,learned_order_extension,20260912,0.300724389592176,0.300724389592176,0,0
weekly_global_validated,3110,2023-11-17,2023-11-27,-0.0098859017348651,2023,2023-09-30,learned_order_extension,20260912,0.23304966601077415,0.23304966601077415,0,0
weekly_global_validated,3115,2023-11-24,2023-12-04,-0.0151084754586299,2023,2023-09-30,learned_order_extension,20260912,0.5247554809073421,0.5247554809073421,1,0
weekly_global_validated,3120,2023-12-01,2023-12-11,-0.0295859857973478,2023,2023-09-30,learned_order_extension,20260912,0.32172208452144535,0.32172208452144535,0,0
weekly_global_validated,3125,2023-12-08,2023-12-18,-0.0144639658974852,2023,2023-09-30,learned_order_extension,20260912,0.3753169320570768,0.3753169320570768,0,0
weekly_global_validated,3130,2023-12-15,2023-12-25,0.0003424256350643,2023,2023-09-30,learned_order_extension,20260912,0.4379433399118879,0.4379433399118879,0,1
weekly_global_validated,3135,2023-12-22,2024-01-02,0.0288079559683274,2023,2023-09-30,learned_order_extension,20260912,0.31302374103792874,0.31302374103792874,0,1
weekly_global_validated,3140,2023-12-29,2024-01-08,-0.0302544749829989,2023,2023-09-30,learned_order_extension,20260912,0.3007689556726126,0.3007689556726126,0,0
weekly_global_ungated,3085,2023-10-13,2023-10-23,-0.0447156690429144,2023,2023-09-30,learned_order_extension,20260912,0.3783685287781427,0.3783685287781427,0,0
weekly_global_ungated,3090,2023-10-20,2023-10-30,0.0154019770298841,2023,2023-09-30,learned_order_extension,20260912,0.42080938513873367,0.42080938513873367,0,1
weekly_global_ungated,3095,2023-10-27,2023-11-06,0.0152527637017425,2023,2023-09-30,learned_order_extension,20260912,0.7846718662876394,0.7846718662876394,1,1
weekly_global_ungated,3100,2023-11-03,2023-11-13,-0.0039935482440582,2023,2023-09-30,learned_order_extension,20260912,0.3531311845057857,0.3531311845057857,0,0
weekly_global_ungated,3105,2023-11-10,2023-11-20,-0.0067280482816765,2023,2023-09-30,learned_order_extension,20260912,0.300724389592176,0.300724389592176,0,0
weekly_global_ungated,3110,2023-11-17,2023-11-27,-0.0098859017348651,2023,2023-09-30,learned_order_extension,20260912,0.23304966601077415,0.23304966601077415,0,0
weekly_global_ungated,3115,2023-11-24,2023-12-04,-0.0151084754586299,2023,2023-09-30,learned_order_extension,20260912,0.5247554809073421,0.5247554809073421,1,0
weekly_global_ungated,3120,2023-12-01,2023-12-11,-0.0295859857973478,2023,2023-09-30,learned_order_extension,20260912,0.32172208452144535,0.32172208452144535,0,0
weekly_global_ungated,3125,2023-12-08,2023-12-18,-0.0144639658974852,2023,2023-09-30,learned_order_extension,20260912,0.3753169320570768,0.3753169320570768,0,0
weekly_global_ungated,3130,2023-12-15,2023-12-25,0.0003424256350643,2023,2023-09-30,learned_order_extension,20260912,0.4379433399118879,0.4379433399118879,0,1
weekly_global_ungated,3135,2023-12-22,2024-01-02,0.0288079559683274,2023,2023-09-30,learned_order_extension,20260912,0.31302374103792874,0.31302374103792874,0,1
weekly_global_ungated,3140,2023-12-29,2024-01-08,-0.0302544749829989,2023,2023-09-30,learned_order_extension,20260912,0.3007689556726126,0.3007689556726126,0,0
weekly_state_validated,3085,2023-10-13,2023-10-23,-0.0447156690429144,2023,2023-09-30,learned_order_offset,20260910,0.28255231347022824,0.28255231347022824,0,0
weekly_state_validated,3090,2023-10-20,2023-10-30,0.0154019770298841,2023,2023-09-30,learned_order_offset,20260910,0.4504725741487395,0.4504725741487395,0,1
weekly_state_validated,3095,2023-10-27,2023-11-06,0.0152527637017425,2023,2023-09-30,learned_order_offset,20260910,0.6015371110585281,0.6015371110585281,1,1
weekly_state_validated,3100,2023-11-03,2023-11-13,-0.0039935482440582,2023,2023-09-30,learned_order_offset,20260910,0.5950351617125981,0.5950351617125981,1,0
weekly_state_validated,3105,2023-11-10,2023-11-20,-0.0067280482816765,2023,2023-09-30,learned_order_offset,20260910,0.3506860196049456,0.3506860196049456,0,0
weekly_state_validated,3110,2023-11-17,2023-11-27,-0.0098859017348651,2023,2023-09-30,learned_order_offset,20260910,0.5092264607135017,0.5092264607135017,1,0
weekly_state_validated,3115,2023-11-24,2023-12-04,-0.0151084754586299,2023,2023-09-30,learned_order_offset,20260910,0.5734358288762313,0.5734358288762313,1,0
weekly_state_validated,3120,2023-12-01,2023-12-11,-0.0295859857973478,2023,2023-09-30,learned_order_offset,20260910,0.6127208582440175,0.6127208582440175,1,0
weekly_state_validated,3125,2023-12-08,2023-12-18,-0.0144639658974852,2023,2023-09-30,learned_order_offset,20260910,0.7049524801057703,0.7049524801057703,1,0
weekly_state_validated,3130,2023-12-15,2023-12-25,0.0003424256350643,2023,2023-09-30,learned_order_offset,20260910,0.4807919568529378,0.4807919568529378,0,1
weekly_state_validated,3135,2023-12-22,2024-01-02,0.0288079559683274,2023,2023-09-30,learned_order_offset,20260910,0.3048276324368607,0.3048276324368607,0,1
weekly_state_validated,3140,2023-12-29,2024-01-08,-0.0302544749829989,2023,2023-09-30,learned_order_offset,20260910,0.5736863907029917,0.5736863907029917,1,0
weekly_state_ungated,3085,2023-10-13,2023-10-23,-0.0447156690429144,2023,2023-09-30,learned_order_offset,20260910,0.28255231347022824,0.28255231347022824,0,0
weekly_state_ungated,3090,2023-10-20,2023-10-30,0.0154019770298841,2023,2023-09-30,learned_order_offset,20260910,0.4504725741487395,0.4504725741487395,0,1
weekly_state_ungated,3095,2023-10-27,2023-11-06,0.0152527637017425,2023,2023-09-30,learned_order_offset,20260910,0.6015371110585281,0.6015371110585281,1,1
weekly_state_ungated,3100,2023-11-03,2023-11-13,-0.0039935482440582,2023,2023-09-30,learned_order_offset,20260910,0.5950351617125981,0.5950351617125981,1,0
weekly_state_ungated,3105,2023-11-10,2023-11-20,-0.0067280482816765,2023,2023-09-30,learned_order_offset,20260910,0.3506860196049456,0.3506860196049456,0,0
weekly_state_ungated,3110,2023-11-17,2023-11-27,-0.0098859017348651,2023,2023-09-30,learned_order_offset,20260910,0.5092264607135017,0.5092264607135017,1,0
weekly_state_ungated,3115,2023-11-24,2023-12-04,-0.0151084754586299,2023,2023-09-30,learned_order_offset,20260910,0.5734358288762313,0.5734358288762313,1,0
weekly_state_ungated,3120,2023-12-01,2023-12-11,-0.0295859857973478,2023,2023-09-30,learned_order_offset,20260910,0.6127208582440175,0.6127208582440175,1,0
weekly_state_ungated,3125,2023-12-08,2023-12-18,-0.0144639658974852,2023,2023-09-30,learned_order_offset,20260910,0.7049524801057703,0.7049524801057703,1,0
weekly_state_ungated,3130,2023-12-15,2023-12-25,0.0003424256350643,2023,2023-09-30,learned_order_offset,20260910,0.4807919568529378,0.4807919568529378,0,1
weekly_state_ungated,3135,2023-12-22,2024-01-02,0.0288079559683274,2023,2023-09-30,learned_order_offset,20260910,0.3048276324368607,0.3048276324368607,0,1
weekly_state_ungated,3140,2023-12-29,2024-01-08,-0.0302544749829989,2023,2023-09-30,learned_order_offset,20260910,0.5736863907029917,0.5736863907029917,1,0
weekly_global_validated,3085,2023-10-13,2023-10-23,-0.0447156690429144,2023,2023-09-30,learned_order_offset,20260910,0.27543371124831334,0.27543371124831334,0,0
weekly_global_validated,3090,2023-10-20,2023-10-30,0.0154019770298841,2023,2023-09-30,learned_order_offset,20260910,0.44172813764095264,0.44172813764095264,0,1
weekly_global_validated,3095,2023-10-27,2023-11-06,0.0152527637017425,2023,2023-09-30,learned_order_offset,20260910,0.5930247875917344,0.5930247875917344,1,1
weekly_global_validated,3100,2023-11-03,2023-11-13,-0.0039935482440582,2023,2023-09-30,learned_order_offset,20260910,0.5864794234823925,0.5864794234823925,1,0
weekly_global_validated,3105,2023-11-10,2023-11-20,-0.0067280482816765,2023,2023-09-30,learned_order_offset,20260910,0.34267073113234564,0.34267073113234564,0,0
weekly_global_validated,3110,2023-11-17,2023-11-27,-0.0098859017348651,2023,2023-09-30,learned_order_offset,20260910,0.5003800215950792,0.5003800215950792,1,0
weekly_global_validated,3115,2023-11-24,2023-12-04,-0.0151084754586299,2023,2023-09-30,learned_order_offset,20260910,0.5647575458609001,0.5647575458609001,1,0
weekly_global_validated,3120,2023-12-01,2023-12-11,-0.0295859857973478,2023,2023-09-30,learned_order_offset,20260910,0.6042902848849959,0.6042902848849959,1,0
weekly_global_validated,3125,2023-12-08,2023-12-18,-0.0144639658974852,2023,2023-09-30,learned_order_offset,20260910,0.6975385654123728,0.6975385654123728,1,0
weekly_global_validated,3130,2023-12-15,2023-12-25,0.0003424256350643,2023,2023-09-30,learned_order_offset,20260910,0.47196444944380916,0.47196444944380916,0,1
weekly_global_validated,3135,2023-12-22,2024-01-02,0.0288079559683274,2023,2023-09-30,learned_order_offset,20260910,0.29738044473709774,0.29738044473709774,0,1
weekly_global_validated,3140,2023-12-29,2024-01-08,-0.0302544749829989,2023,2023-09-30,learned_order_offset,20260910,0.5650093384021597,0.5650093384021597,1,0
weekly_global_ungated,3085,2023-10-13,2023-10-23,-0.0447156690429144,2023,2023-09-30,learned_order_offset,20260910,0.27543371124831334,0.27543371124831334,0,0
weekly_global_ungated,3090,2023-10-20,2023-10-30,0.0154019770298841,2023,2023-09-30,learned_order_offset,20260910,0.44172813764095264,0.44172813764095264,0,1
weekly_global_ungated,3095,2023-10-27,2023-11-06,0.0152527637017425,2023,2023-09-30,learned_order_offset,20260910,0.5930247875917344,0.5930247875917344,1,1
weekly_global_ungated,3100,2023-11-03,2023-11-13,-0.0039935482440582,2023,2023-09-30,learned_order_offset,20260910,0.5864794234823925,0.5864794234823925,1,0
weekly_global_ungated,3105,2023-11-10,2023-11-20,-0.0067280482816765,2023,2023-09-30,learned_order_offset,20260910,0.34267073113234564,0.34267073113234564,0,0
weekly_global_ungated,3110,2023-11-17,2023-11-27,-0.0098859017348651,2023,2023-09-30,learned_order_offset,20260910,0.5003800215950792,0.5003800215950792,1,0
weekly_global_ungated,3115,2023-11-24,2023-12-04,-0.0151084754586299,2023,2023-09-30,learned_order_offset,20260910,0.5647575458609001,0.5647575458609001,1,0
weekly_global_ungated,3120,2023-12-01,2023-12-11,-0.0295859857973478,2023,2023-09-30,learned_order_offset,20260910,0.6042902848849959,0.6042902848849959,1,0
weekly_global_ungated,3125,2023-12-08,2023-12-18,-0.0144639658974852,2023,2023-09-30,learned_order_offset,20260910,0.6975385654123728,0.6975385654123728,1,0
weekly_global_ungated,3130,2023-12-15,2023-12-25,0.0003424256350643,2023,2023-09-30,learned_order_offset,20260910,0.47196444944380916,0.47196444944380916,0,1
weekly_global_ungated,3135,2023-12-22,2024-01-02,0.0288079559683274,2023,2023-09-30,learned_order_offset,20260910,0.29738044473709774,0.29738044473709774,0,1
weekly_global_ungated,3140,2023-12-29,2024-01-08,-0.0302544749829989,2023,2023-09-30,learned_order_offset,20260910,0.5650093384021597,0.5650093384021597,1,0
weekly_state_validated,3085,2023-10-13,2023-10-23,-0.0447156690429144,2023,2023-09-30,learned_order_offset,20260911,0.3842851245120236,0.3842851245120236,0,0
weekly_state_validated,3090,2023-10-20,2023-10-30,0.0154019770298841,2023,2023-09-30,learned_order_offset,20260911,0.3651759670216453,0.3651759670216453,0,1
weekly_state_validated,3095,2023-10-27,2023-11-06,0.0152527637017425,2023,2023-09-30,learned_order_offset,20260911,0.419742459791474,0.419742459791474,0,1
weekly_state_validated,3100,2023-11-03,2023-11-13,-0.0039935482440582,2023,2023-09-30,learned_order_offset,20260911,0.5973088319766946,0.5973088319766946,1,0
weekly_state_validated,3105,2023-11-10,2023-11-20,-0.0067280482816765,2023,2023-09-30,learned_order_offset,20260911,0.4587239927730417,0.4587239927730417,0,0
weekly_state_validated,3110,2023-11-17,2023-11-27,-0.0098859017348651,2023,2023-09-30,learned_order_offset,20260911,0.4401845323114334,0.4401845323114334,0,0
weekly_state_validated,3115,2023-11-24,2023-12-04,-0.0151084754586299,2023,2023-09-30,learned_order_offset,20260911,0.46154520657551534,0.46154520657551534,0,0
weekly_state_validated,3120,2023-12-01,2023-12-11,-0.0295859857973478,2023,2023-09-30,learned_order_offset,20260911,0.5218138452376249,0.5218138452376249,1,0
weekly_state_validated,3125,2023-12-08,2023-12-18,-0.0144639658974852,2023,2023-09-30,learned_order_offset,20260911,0.4705503983216484,0.4705503983216484,0,0
weekly_state_validated,3130,2023-12-15,2023-12-25,0.0003424256350643,2023,2023-09-30,learned_order_offset,20260911,0.4777981561273003,0.4777981561273003,0,1
weekly_state_validated,3135,2023-12-22,2024-01-02,0.0288079559683274,2023,2023-09-30,learned_order_offset,20260911,0.48197812182096345,0.48197812182096345,0,1
weekly_state_validated,3140,2023-12-29,2024-01-08,-0.0302544749829989,2023,2023-09-30,learned_order_offset,20260911,0.5161857672340325,0.5161857672340325,1,0
weekly_state_ungated,3085,2023-10-13,2023-10-23,-0.0447156690429144,2023,2023-09-30,learned_order_offset,20260911,0.3842851245120236,0.3842851245120236,0,0
weekly_state_ungated,3090,2023-10-20,2023-10-30,0.0154019770298841,2023,2023-09-30,learned_order_offset,20260911,0.3651759670216453,0.3651759670216453,0,1
weekly_state_ungated,3095,2023-10-27,2023-11-06,0.0152527637017425,2023,2023-09-30,learned_order_offset,20260911,0.419742459791474,0.419742459791474,0,1
weekly_state_ungated,3100,2023-11-03,2023-11-13,-0.0039935482440582,2023,2023-09-30,learned_order_offset,20260911,0.5973088319766946,0.5973088319766946,1,0
weekly_state_ungated,3105,2023-11-10,2023-11-20,-0.0067280482816765,2023,2023-09-30,learned_order_offset,20260911,0.4587239927730417,0.4587239927730417,0,0
weekly_state_ungated,3110,2023-11-17,2023-11-27,-0.0098859017348651,2023,2023-09-30,learned_order_offset,20260911,0.4401845323114334,0.4401845323114334,0,0
weekly_state_ungated,3115,2023-11-24,2023-12-04,-0.0151084754586299,2023,2023-09-30,learned_order_offset,20260911,0.46154520657551534,0.46154520657551534,0,0
weekly_state_ungated,3120,2023-12-01,2023-12-11,-0.0295859857973478,2023,2023-09-30,learned_order_offset,20260911,0.5218138452376249,0.5218138452376249,1,0
weekly_state_ungated,3125,2023-12-08,2023-12-18,-0.0144639658974852,2023,2023-09-30,learned_order_offset,20260911,0.4705503983216484,0.4705503983216484,0,0
weekly_state_ungated,3130,2023-12-15,2023-12-25,0.0003424256350643,2023,2023-09-30,learned_order_offset,20260911,0.4777981561273003,0.4777981561273003,0,1
weekly_state_ungated,3135,2023-12-22,2024-01-02,0.0288079559683274,2023,2023-09-30,learned_order_offset,20260911,0.48197812182096345,0.48197812182096345,0,1
weekly_state_ungated,3140,2023-12-29,2024-01-08,-0.0302544749829989,2023,2023-09-30,learned_order_offset,20260911,0.5161857672340325,0.5161857672340325,1,0
weekly_global_validated,3085,2023-10-13,2023-10-23,-0.0447156690429144,2023,2023-09-30,learned_order_offset,20260911,0.38067505540107593,0.38067505540107593,0,0
weekly_global_validated,3090,2023-10-20,2023-10-30,0.0154019770298841,2023,2023-09-30,learned_order_offset,20260911,0.36163997528835096,0.36163997528835096,0,1
weekly_global_validated,3095,2023-10-27,2023-11-06,0.0152527637017425,2023,2023-09-30,learned_order_offset,20260911,0.41602436031939327,0.41602436031939327,0,1
weekly_global_validated,3100,2023-11-03,2023-11-13,-0.0039935482440582,2023,2023-09-30,learned_order_offset,20260911,0.5936269727395392,0.5936269727395392,1,0
weekly_global_validated,3105,2023-11-10,2023-11-20,-0.0067280482816765,2023,2023-09-30,learned_order_offset,20260911,0.45493131402116416,0.45493131402116416,0,0
weekly_global_validated,3110,2023-11-17,2023-11-27,-0.0098859017348651,2023,2023-09-30,learned_order_offset,20260911,0.4364215469525456,0.4364215469525456,0,0
weekly_global_validated,3115,2023-11-24,2023-12-04,-0.0151084754586299,2023,2023-09-30,learned_order_offset,20260911,0.45774892834898745,0.45774892834898745,0,0
weekly_global_validated,3120,2023-12-01,2023-12-11,-0.0295859857973478,2023,2023-09-30,learned_order_offset,20260911,0.517998734514867,0.517998734514867,1,0
weekly_global_validated,3125,2023-12-08,2023-12-18,-0.0144639658974852,2023,2023-09-30,learned_order_offset,20260911,0.4667442556994171,0.4667442556994171,0,0
weekly_global_validated,3130,2023-12-15,2023-12-25,0.0003424256350643,2023,2023-09-30,learned_order_offset,20260911,0.4739858721101033,0.4739858721101033,0,1
weekly_global_validated,3135,2023-12-22,2024-01-02,0.0288079559683274,2023,2023-09-30,learned_order_offset,20260911,0.4781630251857384,0.4781630251857384,0,1
weekly_global_validated,3140,2023-12-29,2024-01-08,-0.0302544749829989,2023,2023-09-30,learned_order_offset,20260911,0.5123677151623716,0.5123677151623716,1,0
weekly_global_ungated,3085,2023-10-13,2023-10-23,-0.0447156690429144,2023,2023-09-30,learned_order_offset,20260911,0.38067505540107593,0.38067505540107593,0,0
weekly_global_ungated,3090,2023-10-20,2023-10-30,0.0154019770298841,2023,2023-09-30,learned_order_offset,20260911,0.36163997528835096,0.36163997528835096,0,1
weekly_global_ungated,3095,2023-10-27,2023-11-06,0.0152527637017425,2023,2023-09-30,learned_order_offset,20260911,0.41602436031939327,0.41602436031939327,0,1
weekly_global_ungated,3100,2023-11-03,2023-11-13,-0.0039935482440582,2023,2023-09-30,learned_order_offset,20260911,0.5936269727395392,0.5936269727395392,1,0
weekly_global_ungated,3105,2023-11-10,2023-11-20,-0.0067280482816765,2023,2023-09-30,learned_order_offset,20260911,0.45493131402116416,0.45493131402116416,0,0
weekly_global_ungated,3110,2023-11-17,2023-11-27,-0.0098859017348651,2023,2023-09-30,learned_order_offset,20260911,0.4364215469525456,0.4364215469525456,0,0
weekly_global_ungated,3115,2023-11-24,2023-12-04,-0.0151084754586299,2023,2023-09-30,learned_order_offset,20260911,0.45774892834898745,0.45774892834898745,0,0
weekly_global_ungated,3120,2023-12-01,2023-12-11,-0.0295859857973478,2023,2023-09-30,learned_order_offset,20260911,0.517998734514867,0.517998734514867,1,0
weekly_global_ungated,3125,2023-12-08,2023-12-18,-0.0144639658974852,2023,2023-09-30,learned_order_offset,20260911,0.4667442556994171,0.4667442556994171,0,0
weekly_global_ungated,3130,2023-12-15,2023-12-25,0.0003424256350643,2023,2023-09-30,learned_order_offset,20260911,0.4739858721101033,0.4739858721101033,0,1
weekly_global_ungated,3135,2023-12-22,2024-01-02,0.0288079559683274,2023,2023-09-30,learned_order_offset,20260911,0.4781630251857384,0.4781630251857384,0,1
weekly_global_ungated,3140,2023-12-29,2024-01-08,-0.0302544749829989,2023,2023-09-30,learned_order_offset,20260911,0.5123677151623716,0.5123677151623716,1,0
weekly_state_validated,3085,2023-10-13,2023-10-23,-0.0447156690429144,2023,2023-09-30,learned_order_offset,20260912,0.37867897184720883,0.37867897184720883,0,0
weekly_state_validated,3090,2023-10-20,2023-10-30,0.0154019770298841,2023,2023-09-30,learned_order_offset,20260912,0.42205197000412353,0.42205197000412353,0,1
weekly_state_validated,3095,2023-10-27,2023-11-06,0.0152527637017425,2023,2023-09-30,learned_order_offset,20260912,0.7782390494753945,0.7782390494753945,1,1
weekly_state_validated,3100,2023-11-03,2023-11-13,-0.0039935482440582,2023,2023-09-30,learned_order_offset,20260912,0.3548876574606346,0.3548876574606346,0,0
weekly_state_validated,3105,2023-11-10,2023-11-20,-0.0067280482816765,2023,2023-09-30,learned_order_offset,20260912,0.30077718909011103,0.30077718909011103,0,0
weekly_state_validated,3110,2023-11-17,2023-11-27,-0.0098859017348651,2023,2023-09-30,learned_order_offset,20260912,0.23827314048097561,0.23827314048097561,0,0
weekly_state_validated,3115,2023-11-24,2023-12-04,-0.0151084754586299,2023,2023-09-30,learned_order_offset,20260912,0.519294132957177,0.519294132957177,1,0
weekly_state_validated,3120,2023-12-01,2023-12-11,-0.0295859857973478,2023,2023-09-30,learned_order_offset,20260912,0.3251003044166244,0.3251003044166244,0,0
weekly_state_validated,3125,2023-12-08,2023-12-18,-0.0144639658974852,2023,2023-09-30,learned_order_offset,20260912,0.37755338036559194,0.37755338036559194,0,0
weekly_state_validated,3130,2023-12-15,2023-12-25,0.0003424256350643,2023,2023-09-30,learned_order_offset,20260912,0.43847771517731293,0.43847771517731293,0,1
weekly_state_validated,3135,2023-12-22,2024-01-02,0.0288079559683274,2023,2023-09-30,learned_order_offset,20260912,0.31581933575120164,0.31581933575120164,0,1
weekly_state_validated,3140,2023-12-29,2024-01-08,-0.0302544749829989,2023,2023-09-30,learned_order_offset,20260912,0.3027429390857835,0.3027429390857835,0,0
weekly_state_ungated,3085,2023-10-13,2023-10-23,-0.0447156690429144,2023,2023-09-30,learned_order_offset,20260912,0.37867897184720883,0.37867897184720883,0,0
weekly_state_ungated,3090,2023-10-20,2023-10-30,0.0154019770298841,2023,2023-09-30,learned_order_offset,20260912,0.42205197000412353,0.42205197000412353,0,1
weekly_state_ungated,3095,2023-10-27,2023-11-06,0.0152527637017425,2023,2023-09-30,learned_order_offset,20260912,0.7782390494753945,0.7782390494753945,1,1
weekly_state_ungated,3100,2023-11-03,2023-11-13,-0.0039935482440582,2023,2023-09-30,learned_order_offset,20260912,0.3548876574606346,0.3548876574606346,0,0
weekly_state_ungated,3105,2023-11-10,2023-11-20,-0.0067280482816765,2023,2023-09-30,learned_order_offset,20260912,0.30077718909011103,0.30077718909011103,0,0
weekly_state_ungated,3110,2023-11-17,2023-11-27,-0.0098859017348651,2023,2023-09-30,learned_order_offset,20260912,0.23827314048097561,0.23827314048097561,0,0
weekly_state_ungated,3115,2023-11-24,2023-12-04,-0.0151084754586299,2023,2023-09-30,learned_order_offset,20260912,0.519294132957177,0.519294132957177,1,0
weekly_state_ungated,3120,2023-12-01,2023-12-11,-0.0295859857973478,2023,2023-09-30,learned_order_offset,20260912,0.3251003044166244,0.3251003044166244,0,0
weekly_state_ungated,3125,2023-12-08,2023-12-18,-0.0144639658974852,2023,2023-09-30,learned_order_offset,20260912,0.37755338036559194,0.37755338036559194,0,0
weekly_state_ungated,3130,2023-12-15,2023-12-25,0.0003424256350643,2023,2023-09-30,learned_order_offset,20260912,0.43847771517731293,0.43847771517731293,0,1
weekly_state_ungated,3135,2023-12-22,2024-01-02,0.0288079559683274,2023,2023-09-30,learned_order_offset,20260912,0.31581933575120164,0.31581933575120164,0,1
weekly_state_ungated,3140,2023-12-29,2024-01-08,-0.0302544749829989,2023,2023-09-30,learned_order_offset,20260912,0.3027429390857835,0.3027429390857835,0,0
weekly_global_validated,3085,2023-10-13,2023-10-23,-0.0447156690429144,2023,2023-09-30,learned_order_offset,20260912,0.3816662723747703,0.3816662723747703,0,0
weekly_global_validated,3090,2023-10-20,2023-10-30,0.0154019770298841,2023,2023-09-30,learned_order_offset,20260912,0.42514730241771503,0.42514730241771503,0,1
weekly_global_validated,3095,2023-10-27,2023-11-06,0.0152527637017425,2023,2023-09-30,learned_order_offset,20260912,0.7804192282924303,0.7804192282924303,1,1
weekly_global_validated,3100,2023-11-03,2023-11-13,-0.0039935482440582,2023,2023-09-30,learned_order_offset,20260912,0.35779535432702814,0.35779535432702814,0,0
weekly_global_validated,3105,2023-11-10,2023-11-20,-0.0067280482816765,2023,2023-09-30,learned_order_offset,20260912,0.3034500842861278,0.3034500842861278,0,0
weekly_global_validated,3110,2023-11-17,2023-11-27,-0.0098859017348651,2023,2023-09-30,learned_order_offset,20260912,0.24058169926535952,0.24058169926535952,0,0
weekly_global_validated,3115,2023-11-24,2023-12-04,-0.0151084754586299,2023,2023-09-30,learned_order_offset,20260912,0.5224579388860601,0.5224579388860601,1,0
weekly_global_validated,3120,2023-12-01,2023-12-11,-0.0295859857973478,2023,2023-09-30,learned_order_offset,20260912,0.3278879902112997,0.3278879902112997,0,0
weekly_global_validated,3125,2023-12-08,2023-12-18,-0.0144639658974852,2023,2023-09-30,learned_order_offset,20260912,0.3805372397739682,0.3805372397739682,0,0
weekly_global_validated,3130,2023-12-15,2023-12-25,0.0003424256350643,2023,2023-09-30,learned_order_offset,20260912,0.4416014674454204,0.4416014674454204,0,1
weekly_global_validated,3135,2023-12-22,2024-01-02,0.0288079559683274,2023,2023-09-30,learned_order_offset,20260912,0.3185650032314254,0.3185650032314254,0,1
weekly_global_validated,3140,2023-12-29,2024-01-08,-0.0302544749829989,2023,2023-09-30,learned_order_offset,20260912,0.30542567263218073,0.30542567263218073,0,0
weekly_global_ungated,3085,2023-10-13,2023-10-23,-0.0447156690429144,2023,2023-09-30,learned_order_offset,20260912,0.3816662723747703,0.3816662723747703,0,0
weekly_global_ungated,3090,2023-10-20,2023-10-30,0.0154019770298841,2023,2023-09-30,learned_order_offset,20260912,0.42514730241771503,0.42514730241771503,0,1
weekly_global_ungated,3095,2023-10-27,2023-11-06,0.0152527637017425,2023,2023-09-30,learned_order_offset,20260912,0.7804192282924303,0.7804192282924303,1,1
weekly_global_ungated,3100,2023-11-03,2023-11-13,-0.0039935482440582,2023,2023-09-30,learned_order_offset,20260912,0.35779535432702814,0.35779535432702814,0,0
weekly_global_ungated,3105,2023-11-10,2023-11-20,-0.0067280482816765,2023,2023-09-30,learned_order_offset,20260912,0.3034500842861278,0.3034500842861278,0,0
weekly_global_ungated,3110,2023-11-17,2023-11-27,-0.0098859017348651,2023,2023-09-30,learned_order_offset,20260912,0.24058169926535952,0.24058169926535952,0,0
weekly_global_ungated,3115,2023-11-24,2023-12-04,-0.0151084754586299,2023,2023-09-30,learned_order_offset,20260912,0.5224579388860601,0.5224579388860601,1,0
weekly_global_ungated,3120,2023-12-01,2023-12-11,-0.0295859857973478,2023,2023-09-30,learned_order_offset,20260912,0.3278879902112997,0.3278879902112997,0,0
weekly_global_ungated,3125,2023-12-08,2023-12-18,-0.0144639658974852,2023,2023-09-30,learned_order_offset,20260912,0.3805372397739682,0.3805372397739682,0,0
weekly_global_ungated,3130,2023-12-15,2023-12-25,0.0003424256350643,2023,2023-09-30,learned_order_offset,20260912,0.4416014674454204,0.4416014674454204,0,1
weekly_global_ungated,3135,2023-12-22,2024-01-02,0.0288079559683274,2023,2023-09-30,learned_order_offset,20260912,0.3185650032314254,0.3185650032314254,0,1
weekly_global_ungated,3140,2023-12-29,2024-01-08,-0.0302544749829989,2023,2023-09-30,learned_order_offset,20260912,0.30542567263218073,0.30542567263218073,0,0
weekly_state_validated,3144,2024-01-05,2024-01-15,-0.0158038409563566,2024,2023-12-31,learned_market,20260910,0.37911601118731636,0.37911601118731636,0,0
weekly_state_validated,3149,2024-01-12,2024-01-22,-0.002333261979756,2024,2023-12-31,learned_market,20260910,0.4589111880907024,0.4589111880907024,0,0
weekly_state_validated,3154,2024-01-19,2024-01-29,0.0223511633823452,2024,2023-12-31,learned_market,20260910,0.41956122213307734,0.41956122213307734,0,1
weekly_state_validated,3159,2024-01-26,2024-02-05,-0.0513103415192826,2024,2023-12-31,learned_market,20260910,0.4467918935376125,0.4467918935376125,0,0
weekly_state_validated,3164,2024-02-02,2024-02-26,0.1015374891364462,2024,2023-12-31,learned_market,20260910,0.6470923056808707,0.6470923056808707,1,1
weekly_state_validated,3173,2024-02-23,2024-03-04,0.0151569053862528,2024,2023-12-31,learned_market,20260910,0.6974540268702009,0.6974540268702009,1,1
weekly_state_validated,3178,2024-03-01,2024-03-11,0.0021394031715169,2024,2023-12-31,learned_market,20260910,0.6539310685581109,0.6539310685581109,1,1
weekly_state_validated,3183,2024-03-08,2024-03-18,0.0087762342284414,2024,2023-12-31,learned_market,20260910,0.651636534380962,0.651636534380962,1,1
weekly_state_validated,3188,2024-03-15,2024-03-25,-0.0112802133595746,2024,2023-12-31,learned_market,20260910,0.6184866579610433,0.6184866579610433,1,0
weekly_state_validated,3193,2024-03-22,2024-04-01,0.0042044725182444,2024,2023-12-31,learned_market,20260910,0.49537529534083324,0.49537529534083324,0,1
weekly_state_validated,3198,2024-03-29,2024-04-15,-0.0219845815102011,2024,2023-12-31,learned_market,20260910,0.4469684467331579,0.4469684467331579,0,0
weekly_state_ungated,3144,2024-01-05,2024-01-15,-0.0158038409563566,2024,2023-12-31,learned_market,20260910,0.37911601118731636,0.37911601118731636,0,0
weekly_state_ungated,3149,2024-01-12,2024-01-22,-0.002333261979756,2024,2023-12-31,learned_market,20260910,0.4589111880907024,0.4589111880907024,0,0
weekly_state_ungated,3154,2024-01-19,2024-01-29,0.0223511633823452,2024,2023-12-31,learned_market,20260910,0.41956122213307734,0.41956122213307734,0,1
weekly_state_ungated,3159,2024-01-26,2024-02-05,-0.0513103415192826,2024,2023-12-31,learned_market,20260910,0.4467918935376125,0.4467918935376125,0,0
weekly_state_ungated,3164,2024-02-02,2024-02-26,0.1015374891364462,2024,2023-12-31,learned_market,20260910,0.6470923056808707,0.6470923056808707,1,1
weekly_state_ungated,3173,2024-02-23,2024-03-04,0.0151569053862528,2024,2023-12-31,learned_market,20260910,0.6974540268702009,0.6974540268702009,1,1
weekly_state_ungated,3178,2024-03-01,2024-03-11,0.0021394031715169,2024,2023-12-31,learned_market,20260910,0.6539310685581109,0.6539310685581109,1,1
weekly_state_ungated,3183,2024-03-08,2024-03-18,0.0087762342284414,2024,2023-12-31,learned_market,20260910,0.651636534380962,0.651636534380962,1,1
weekly_state_ungated,3188,2024-03-15,2024-03-25,-0.0112802133595746,2024,2023-12-31,learned_market,20260910,0.6184866579610433,0.6184866579610433,1,0
weekly_state_ungated,3193,2024-03-22,2024-04-01,0.0042044725182444,2024,2023-12-31,learned_market,20260910,0.49537529534083324,0.49537529534083324,0,1
weekly_state_ungated,3198,2024-03-29,2024-04-15,-0.0219845815102011,2024,2023-12-31,learned_market,20260910,0.4469684467331579,0.4469684467331579,0,0
weekly_global_validated,3144,2024-01-05,2024-01-15,-0.0158038409563566,2024,2023-12-31,learned_market,20260910,0.37911601118731636,0.37911601118731636,0,0
weekly_global_validated,3149,2024-01-12,2024-01-22,-0.002333261979756,2024,2023-12-31,learned_market,20260910,0.4589111880907024,0.4589111880907024,0,0
weekly_global_validated,3154,2024-01-19,2024-01-29,0.0223511633823452,2024,2023-12-31,learned_market,20260910,0.41956122213307734,0.41956122213307734,0,1
weekly_global_validated,3159,2024-01-26,2024-02-05,-0.0513103415192826,2024,2023-12-31,learned_market,20260910,0.4467918935376125,0.4467918935376125,0,0
weekly_global_validated,3164,2024-02-02,2024-02-26,0.1015374891364462,2024,2023-12-31,learned_market,20260910,0.6470923056808707,0.6470923056808707,1,1
weekly_global_validated,3173,2024-02-23,2024-03-04,0.0151569053862528,2024,2023-12-31,learned_market,20260910,0.6974540268702009,0.6974540268702009,1,1
weekly_global_validated,3178,2024-03-01,2024-03-11,0.0021394031715169,2024,2023-12-31,learned_market,20260910,0.6539310685581109,0.6539310685581109,1,1
weekly_global_validated,3183,2024-03-08,2024-03-18,0.0087762342284414,2024,2023-12-31,learned_market,20260910,0.651636534380962,0.651636534380962,1,1
weekly_global_validated,3188,2024-03-15,2024-03-25,-0.0112802133595746,2024,2023-12-31,learned_market,20260910,0.6184866579610433,0.6184866579610433,1,0
weekly_global_validated,3193,2024-03-22,2024-04-01,0.0042044725182444,2024,2023-12-31,learned_market,20260910,0.49537529534083324,0.49537529534083324,0,1
weekly_global_validated,3198,2024-03-29,2024-04-15,-0.0219845815102011,2024,2023-12-31,learned_market,20260910,0.4469684467331579,0.4469684467331579,0,0
weekly_global_ungated,3144,2024-01-05,2024-01-15,-0.0158038409563566,2024,2023-12-31,learned_market,20260910,0.37911601118731636,0.37911601118731636,0,0
weekly_global_ungated,3149,2024-01-12,2024-01-22,-0.002333261979756,2024,2023-12-31,learned_market,20260910,0.4589111880907024,0.4589111880907024,0,0
weekly_global_ungated,3154,2024-01-19,2024-01-29,0.0223511633823452,2024,2023-12-31,learned_market,20260910,0.41956122213307734,0.41956122213307734,0,1
weekly_global_ungated,3159,2024-01-26,2024-02-05,-0.0513103415192826,2024,2023-12-31,learned_market,20260910,0.4467918935376125,0.4467918935376125,0,0
weekly_global_ungated,3164,2024-02-02,2024-02-26,0.1015374891364462,2024,2023-12-31,learned_market,20260910,0.6470923056808707,0.6470923056808707,1,1
weekly_global_ungated,3173,2024-02-23,2024-03-04,0.0151569053862528,2024,2023-12-31,learned_market,20260910,0.6974540268702009,0.6974540268702009,1,1
weekly_global_ungated,3178,2024-03-01,2024-03-11,0.0021394031715169,2024,2023-12-31,learned_market,20260910,0.6539310685581109,0.6539310685581109,1,1
weekly_global_ungated,3183,2024-03-08,2024-03-18,0.0087762342284414,2024,2023-12-31,learned_market,20260910,0.651636534380962,0.651636534380962,1,1
weekly_global_ungated,3188,2024-03-15,2024-03-25,-0.0112802133595746,2024,2023-12-31,learned_market,20260910,0.6184866579610433,0.6184866579610433,1,0
weekly_global_ungated,3193,2024-03-22,2024-04-01,0.0042044725182444,2024,2023-12-31,learned_market,20260910,0.49537529534083324,0.49537529534083324,0,1
weekly_global_ungated,3198,2024-03-29,2024-04-15,-0.0219845815102011,2024,2023-12-31,learned_market,20260910,0.4469684467331579,0.4469684467331579,0,0
weekly_state_validated,3144,2024-01-05,2024-01-15,-0.0158038409563566,2024,2023-12-31,learned_market,20260911,0.5054381986976906,0.5054381986976906,1,0
weekly_state_validated,3149,2024-01-12,2024-01-22,-0.002333261979756,2024,2023-12-31,learned_market,20260911,0.5344404908323787,0.5344404908323787,1,0
weekly_state_validated,3154,2024-01-19,2024-01-29,0.0223511633823452,2024,2023-12-31,learned_market,20260911,0.6056082203678326,0.6056082203678326,1,1
weekly_state_validated,3159,2024-01-26,2024-02-05,-0.0513103415192826,2024,2023-12-31,learned_market,20260911,0.536236284491504,0.536236284491504,1,0
weekly_state_validated,3164,2024-02-02,2024-02-26,0.1015374891364462,2024,2023-12-31,learned_market,20260911,0.5342416496354764,0.5342416496354764,1,1
weekly_state_validated,3173,2024-02-23,2024-03-04,0.0151569053862528,2024,2023-12-31,learned_market,20260911,0.636064859077555,0.636064859077555,1,1
weekly_state_validated,3178,2024-03-01,2024-03-11,0.0021394031715169,2024,2023-12-31,learned_market,20260911,0.5744958412225454,0.5744958412225454,1,1
weekly_state_validated,3183,2024-03-08,2024-03-18,0.0087762342284414,2024,2023-12-31,learned_market,20260911,0.6235376359173743,0.6235376359173743,1,1
weekly_state_validated,3188,2024-03-15,2024-03-25,-0.0112802133595746,2024,2023-12-31,learned_market,20260911,0.5250838960153138,0.5250838960153138,1,0
weekly_state_validated,3193,2024-03-22,2024-04-01,0.0042044725182444,2024,2023-12-31,learned_market,20260911,0.5710939352608271,0.5710939352608271,1,1
weekly_state_validated,3198,2024-03-29,2024-04-15,-0.0219845815102011,2024,2023-12-31,learned_market,20260911,0.3834197760468657,0.3834197760468657,0,0
weekly_state_ungated,3144,2024-01-05,2024-01-15,-0.0158038409563566,2024,2023-12-31,learned_market,20260911,0.5054381986976906,0.5054381986976906,1,0
weekly_state_ungated,3149,2024-01-12,2024-01-22,-0.002333261979756,2024,2023-12-31,learned_market,20260911,0.5344404908323787,0.5344404908323787,1,0
weekly_state_ungated,3154,2024-01-19,2024-01-29,0.0223511633823452,2024,2023-12-31,learned_market,20260911,0.6056082203678326,0.6056082203678326,1,1
weekly_state_ungated,3159,2024-01-26,2024-02-05,-0.0513103415192826,2024,2023-12-31,learned_market,20260911,0.536236284491504,0.536236284491504,1,0
weekly_state_ungated,3164,2024-02-02,2024-02-26,0.1015374891364462,2024,2023-12-31,learned_market,20260911,0.5342416496354764,0.5342416496354764,1,1
weekly_state_ungated,3173,2024-02-23,2024-03-04,0.0151569053862528,2024,2023-12-31,learned_market,20260911,0.636064859077555,0.636064859077555,1,1
weekly_state_ungated,3178,2024-03-01,2024-03-11,0.0021394031715169,2024,2023-12-31,learned_market,20260911,0.5744958412225454,0.5744958412225454,1,1
weekly_state_ungated,3183,2024-03-08,2024-03-18,0.0087762342284414,2024,2023-12-31,learned_market,20260911,0.6235376359173743,0.6235376359173743,1,1
weekly_state_ungated,3188,2024-03-15,2024-03-25,-0.0112802133595746,2024,2023-12-31,learned_market,20260911,0.5250838960153138,0.5250838960153138,1,0
weekly_state_ungated,3193,2024-03-22,2024-04-01,0.0042044725182444,2024,2023-12-31,learned_market,20260911,0.5710939352608271,0.5710939352608271,1,1
weekly_state_ungated,3198,2024-03-29,2024-04-15,-0.0219845815102011,2024,2023-12-31,learned_market,20260911,0.3834197760468657,0.3834197760468657,0,0
weekly_global_validated,3144,2024-01-05,2024-01-15,-0.0158038409563566,2024,2023-12-31,learned_market,20260911,0.5054381986976906,0.5054381986976906,1,0
weekly_global_validated,3149,2024-01-12,2024-01-22,-0.002333261979756,2024,2023-12-31,learned_market,20260911,0.5344404908323787,0.5344404908323787,1,0
weekly_global_validated,3154,2024-01-19,2024-01-29,0.0223511633823452,2024,2023-12-31,learned_market,20260911,0.6056082203678326,0.6056082203678326,1,1
weekly_global_validated,3159,2024-01-26,2024-02-05,-0.0513103415192826,2024,2023-12-31,learned_market,20260911,0.536236284491504,0.536236284491504,1,0
weekly_global_validated,3164,2024-02-02,2024-02-26,0.1015374891364462,2024,2023-12-31,learned_market,20260911,0.5342416496354764,0.5342416496354764,1,1
weekly_global_validated,3173,2024-02-23,2024-03-04,0.0151569053862528,2024,2023-12-31,learned_market,20260911,0.636064859077555,0.636064859077555,1,1
weekly_global_validated,3178,2024-03-01,2024-03-11,0.0021394031715169,2024,2023-12-31,learned_market,20260911,0.5744958412225454,0.5744958412225454,1,1
weekly_global_validated,3183,2024-03-08,2024-03-18,0.0087762342284414,2024,2023-12-31,learned_market,20260911,0.6235376359173743,0.6235376359173743,1,1
weekly_global_validated,3188,2024-03-15,2024-03-25,-0.0112802133595746,2024,2023-12-31,learned_market,20260911,0.5250838960153138,0.5250838960153138,1,0
weekly_global_validated,3193,2024-03-22,2024-04-01,0.0042044725182444,2024,2023-12-31,learned_market,20260911,0.5710939352608271,0.5710939352608271,1,1
weekly_global_validated,3198,2024-03-29,2024-04-15,-0.0219845815102011,2024,2023-12-31,learned_market,20260911,0.3834197760468657,0.3834197760468657,0,0
weekly_global_ungated,3144,2024-01-05,2024-01-15,-0.0158038409563566,2024,2023-12-31,learned_market,20260911,0.5054381986976906,0.5054381986976906,1,0
weekly_global_ungated,3149,2024-01-12,2024-01-22,-0.002333261979756,2024,2023-12-31,learned_market,20260911,0.5344404908323787,0.5344404908323787,1,0
weekly_global_ungated,3154,2024-01-19,2024-01-29,0.0223511633823452,2024,2023-12-31,learned_market,20260911,0.6056082203678326,0.6056082203678326,1,1
weekly_global_ungated,3159,2024-01-26,2024-02-05,-0.0513103415192826,2024,2023-12-31,learned_market,20260911,0.536236284491504,0.536236284491504,1,0
weekly_global_ungated,3164,2024-02-02,2024-02-26,0.1015374891364462,2024,2023-12-31,learned_market,20260911,0.5342416496354764,0.5342416496354764,1,1
weekly_global_ungated,3173,2024-02-23,2024-03-04,0.0151569053862528,2024,2023-12-31,learned_market,20260911,0.636064859077555,0.636064859077555,1,1
weekly_global_ungated,3178,2024-03-01,2024-03-11,0.0021394031715169,2024,2023-12-31,learned_market,20260911,0.5744958412225454,0.5744958412225454,1,1
weekly_global_ungated,3183,2024-03-08,2024-03-18,0.0087762342284414,2024,2023-12-31,learned_market,20260911,0.6235376359173743,0.6235376359173743,1,1
weekly_global_ungated,3188,2024-03-15,2024-03-25,-0.0112802133595746,2024,2023-12-31,learned_market,20260911,0.5250838960153138,0.5250838960153138,1,0
weekly_global_ungated,3193,2024-03-22,2024-04-01,0.0042044725182444,2024,2023-12-31,learned_market,20260911,0.5710939352608271,0.5710939352608271,1,1
weekly_global_ungated,3198,2024-03-29,2024-04-15,-0.0219845815102011,2024,2023-12-31,learned_market,20260911,0.3834197760468657,0.3834197760468657,0,0
weekly_state_validated,3144,2024-01-05,2024-01-15,-0.0158038409563566,2024,2023-12-31,learned_market,20260912,0.5011992069392154,0.5011992069392154,1,0
weekly_state_validated,3149,2024-01-12,2024-01-22,-0.002333261979756,2024,2023-12-31,learned_market,20260912,0.47277699760132935,0.47277699760132935,0,0
weekly_state_validated,3154,2024-01-19,2024-01-29,0.0223511633823452,2024,2023-12-31,learned_market,20260912,0.4519385169732587,0.4519385169732587,0,1
weekly_state_validated,3159,2024-01-26,2024-02-05,-0.0513103415192826,2024,2023-12-31,learned_market,20260912,0.5136187590656476,0.5136187590656476,1,0
weekly_state_validated,3164,2024-02-02,2024-02-26,0.1015374891364462,2024,2023-12-31,learned_market,20260912,0.5626550395617658,0.5626550395617658,1,1
weekly_state_validated,3173,2024-02-23,2024-03-04,0.0151569053862528,2024,2023-12-31,learned_market,20260912,0.4999534810647158,0.4999534810647158,0,1
weekly_state_validated,3178,2024-03-01,2024-03-11,0.0021394031715169,2024,2023-12-31,learned_market,20260912,0.5749313458355619,0.5749313458355619,1,1
weekly_state_validated,3183,2024-03-08,2024-03-18,0.0087762342284414,2024,2023-12-31,learned_market,20260912,0.5879570158742811,0.5879570158742811,1,1
weekly_state_validated,3188,2024-03-15,2024-03-25,-0.0112802133595746,2024,2023-12-31,learned_market,20260912,0.48185973058558346,0.48185973058558346,0,0
weekly_state_validated,3193,2024-03-22,2024-04-01,0.0042044725182444,2024,2023-12-31,learned_market,20260912,0.5819259306110321,0.5819259306110321,1,1
weekly_state_validated,3198,2024-03-29,2024-04-15,-0.0219845815102011,2024,2023-12-31,learned_market,20260912,0.5513216063045803,0.5513216063045803,1,0
weekly_state_ungated,3144,2024-01-05,2024-01-15,-0.0158038409563566,2024,2023-12-31,learned_market,20260912,0.5011992069392154,0.5011992069392154,1,0
weekly_state_ungated,3149,2024-01-12,2024-01-22,-0.002333261979756,2024,2023-12-31,learned_market,20260912,0.47277699760132935,0.47277699760132935,0,0
weekly_state_ungated,3154,2024-01-19,2024-01-29,0.0223511633823452,2024,2023-12-31,learned_market,20260912,0.4519385169732587,0.4519385169732587,0,1
weekly_state_ungated,3159,2024-01-26,2024-02-05,-0.0513103415192826,2024,2023-12-31,learned_market,20260912,0.5136187590656476,0.5136187590656476,1,0
weekly_state_ungated,3164,2024-02-02,2024-02-26,0.1015374891364462,2024,2023-12-31,learned_market,20260912,0.5626550395617658,0.5626550395617658,1,1
weekly_state_ungated,3173,2024-02-23,2024-03-04,0.0151569053862528,2024,2023-12-31,learned_market,20260912,0.4999534810647158,0.4999534810647158,0,1
weekly_state_ungated,3178,2024-03-01,2024-03-11,0.0021394031715169,2024,2023-12-31,learned_market,20260912,0.5749313458355619,0.5749313458355619,1,1
weekly_state_ungated,3183,2024-03-08,2024-03-18,0.0087762342284414,2024,2023-12-31,learned_market,20260912,0.5879570158742811,0.5879570158742811,1,1
weekly_state_ungated,3188,2024-03-15,2024-03-25,-0.0112802133595746,2024,2023-12-31,learned_market,20260912,0.48185973058558346,0.48185973058558346,0,0
weekly_state_ungated,3193,2024-03-22,2024-04-01,0.0042044725182444,2024,2023-12-31,learned_market,20260912,0.5819259306110321,0.5819259306110321,1,1
weekly_state_ungated,3198,2024-03-29,2024-04-15,-0.0219845815102011,2024,2023-12-31,learned_market,20260912,0.5513216063045803,0.5513216063045803,1,0
weekly_global_validated,3144,2024-01-05,2024-01-15,-0.0158038409563566,2024,2023-12-31,learned_market,20260912,0.5011992069392154,0.5011992069392154,1,0
weekly_global_validated,3149,2024-01-12,2024-01-22,-0.002333261979756,2024,2023-12-31,learned_market,20260912,0.47277699760132935,0.47277699760132935,0,0
weekly_global_validated,3154,2024-01-19,2024-01-29,0.0223511633823452,2024,2023-12-31,learned_market,20260912,0.4519385169732587,0.4519385169732587,0,1
weekly_global_validated,3159,2024-01-26,2024-02-05,-0.0513103415192826,2024,2023-12-31,learned_market,20260912,0.5136187590656476,0.5136187590656476,1,0
weekly_global_validated,3164,2024-02-02,2024-02-26,0.1015374891364462,2024,2023-12-31,learned_market,20260912,0.5626550395617658,0.5626550395617658,1,1
weekly_global_validated,3173,2024-02-23,2024-03-04,0.0151569053862528,2024,2023-12-31,learned_market,20260912,0.4999534810647158,0.4999534810647158,0,1
weekly_global_validated,3178,2024-03-01,2024-03-11,0.0021394031715169,2024,2023-12-31,learned_market,20260912,0.5749313458355619,0.5749313458355619,1,1
weekly_global_validated,3183,2024-03-08,2024-03-18,0.0087762342284414,2024,2023-12-31,learned_market,20260912,0.5879570158742811,0.5879570158742811,1,1
weekly_global_validated,3188,2024-03-15,2024-03-25,-0.0112802133595746,2024,2023-12-31,learned_market,20260912,0.48185973058558346,0.48185973058558346,0,0
weekly_global_validated,3193,2024-03-22,2024-04-01,0.0042044725182444,2024,2023-12-31,learned_market,20260912,0.5819259306110321,0.5819259306110321,1,1
weekly_global_validated,3198,2024-03-29,2024-04-15,-0.0219845815102011,2024,2023-12-31,learned_market,20260912,0.5513216063045803,0.5513216063045803,1,0
weekly_global_ungated,3144,2024-01-05,2024-01-15,-0.0158038409563566,2024,2023-12-31,learned_market,20260912,0.5011992069392154,0.5011992069392154,1,0
weekly_global_ungated,3149,2024-01-12,2024-01-22,-0.002333261979756,2024,2023-12-31,learned_market,20260912,0.47277699760132935,0.47277699760132935,0,0
weekly_global_ungated,3154,2024-01-19,2024-01-29,0.0223511633823452,2024,2023-12-31,learned_market,20260912,0.4519385169732587,0.4519385169732587,0,1
weekly_global_ungated,3159,2024-01-26,2024-02-05,-0.0513103415192826,2024,2023-12-31,learned_market,20260912,0.5136187590656476,0.5136187590656476,1,0
weekly_global_ungated,3164,2024-02-02,2024-02-26,0.1015374891364462,2024,2023-12-31,learned_market,20260912,0.5626550395617658,0.5626550395617658,1,1
weekly_global_ungated,3173,2024-02-23,2024-03-04,0.0151569053862528,2024,2023-12-31,learned_market,20260912,0.4999534810647158,0.4999534810647158,0,1
weekly_global_ungated,3178,2024-03-01,2024-03-11,0.0021394031715169,2024,2023-12-31,learned_market,20260912,0.5749313458355619,0.5749313458355619,1,1
weekly_global_ungated,3183,2024-03-08,2024-03-18,0.0087762342284414,2024,2023-12-31,learned_market,20260912,0.5879570158742811,0.5879570158742811,1,1
weekly_global_ungated,3188,2024-03-15,2024-03-25,-0.0112802133595746,2024,2023-12-31,learned_market,20260912,0.48185973058558346,0.48185973058558346,0,0
weekly_global_ungated,3193,2024-03-22,2024-04-01,0.0042044725182444,2024,2023-12-31,learned_market,20260912,0.5819259306110321,0.5819259306110321,1,1
weekly_global_ungated,3198,2024-03-29,2024-04-15,-0.0219845815102011,2024,2023-12-31,learned_market,20260912,0.5513216063045803,0.5513216063045803,1,0
weekly_state_validated,3144,2024-01-05,2024-01-15,-0.0158038409563566,2024,2023-12-31,learned_vol_interaction,20260910,0.375948748112503,0.375948748112503,0,0
weekly_state_validated,3149,2024-01-12,2024-01-22,-0.002333261979756,2024,2023-12-31,learned_vol_interaction,20260910,0.4653387886294592,0.4653387886294592,0,0
weekly_state_validated,3154,2024-01-19,2024-01-29,0.0223511633823452,2024,2023-12-31,learned_vol_interaction,20260910,0.409541362332266,0.409541362332266,0,1
weekly_state_validated,3159,2024-01-26,2024-02-05,-0.0513103415192826,2024,2023-12-31,learned_vol_interaction,20260910,0.4427031623961251,0.4427031623961251,0,0
weekly_state_validated,3164,2024-02-02,2024-02-26,0.1015374891364462,2024,2023-12-31,learned_vol_interaction,20260910,0.6537066574488869,0.6537066574488869,1,1
weekly_state_validated,3173,2024-02-23,2024-03-04,0.0151569053862528,2024,2023-12-31,learned_vol_interaction,20260910,0.689311779469667,0.689311779469667,1,1
weekly_state_validated,3178,2024-03-01,2024-03-11,0.0021394031715169,2024,2023-12-31,learned_vol_interaction,20260910,0.6480049647794901,0.6480049647794901,1,1
weekly_state_validated,3183,2024-03-08,2024-03-18,0.0087762342284414,2024,2023-12-31,learned_vol_interaction,20260910,0.6491293260006892,0.6491293260006892,1,1
weekly_state_validated,3188,2024-03-15,2024-03-25,-0.0112802133595746,2024,2023-12-31,learned_vol_interaction,20260910,0.6390487602979349,0.6390487602979349,1,0
weekly_state_validated,3193,2024-03-22,2024-04-01,0.0042044725182444,2024,2023-12-31,learned_vol_interaction,20260910,0.502579297882782,0.502579297882782,1,1
weekly_state_validated,3198,2024-03-29,2024-04-15,-0.0219845815102011,2024,2023-12-31,learned_vol_interaction,20260910,0.4621147966680959,0.4621147966680959,0,0
weekly_state_ungated,3144,2024-01-05,2024-01-15,-0.0158038409563566,2024,2023-12-31,learned_vol_interaction,20260910,0.375948748112503,0.375948748112503,0,0
weekly_state_ungated,3149,2024-01-12,2024-01-22,-0.002333261979756,2024,2023-12-31,learned_vol_interaction,20260910,0.4653387886294592,0.4653387886294592,0,0
weekly_state_ungated,3154,2024-01-19,2024-01-29,0.0223511633823452,2024,2023-12-31,learned_vol_interaction,20260910,0.409541362332266,0.409541362332266,0,1
weekly_state_ungated,3159,2024-01-26,2024-02-05,-0.0513103415192826,2024,2023-12-31,learned_vol_interaction,20260910,0.4427031623961251,0.4427031623961251,0,0
weekly_state_ungated,3164,2024-02-02,2024-02-26,0.1015374891364462,2024,2023-12-31,learned_vol_interaction,20260910,0.6537066574488869,0.6537066574488869,1,1
weekly_state_ungated,3173,2024-02-23,2024-03-04,0.0151569053862528,2024,2023-12-31,learned_vol_interaction,20260910,0.689311779469667,0.689311779469667,1,1
weekly_state_ungated,3178,2024-03-01,2024-03-11,0.0021394031715169,2024,2023-12-31,learned_vol_interaction,20260910,0.6480049647794901,0.6480049647794901,1,1
weekly_state_ungated,3183,2024-03-08,2024-03-18,0.0087762342284414,2024,2023-12-31,learned_vol_interaction,20260910,0.6491293260006892,0.6491293260006892,1,1
weekly_state_ungated,3188,2024-03-15,2024-03-25,-0.0112802133595746,2024,2023-12-31,learned_vol_interaction,20260910,0.6390487602979349,0.6390487602979349,1,0
weekly_state_ungated,3193,2024-03-22,2024-04-01,0.0042044725182444,2024,2023-12-31,learned_vol_interaction,20260910,0.502579297882782,0.502579297882782,1,1
weekly_state_ungated,3198,2024-03-29,2024-04-15,-0.0219845815102011,2024,2023-12-31,learned_vol_interaction,20260910,0.4621147966680959,0.4621147966680959,0,0
weekly_global_validated,3144,2024-01-05,2024-01-15,-0.0158038409563566,2024,2023-12-31,learned_vol_interaction,20260910,0.375948748112503,0.375948748112503,0,0
weekly_global_validated,3149,2024-01-12,2024-01-22,-0.002333261979756,2024,2023-12-31,learned_vol_interaction,20260910,0.4653387886294592,0.4653387886294592,0,0
weekly_global_validated,3154,2024-01-19,2024-01-29,0.0223511633823452,2024,2023-12-31,learned_vol_interaction,20260910,0.409541362332266,0.409541362332266,0,1
weekly_global_validated,3159,2024-01-26,2024-02-05,-0.0513103415192826,2024,2023-12-31,learned_vol_interaction,20260910,0.4427031623961251,0.4427031623961251,0,0
weekly_global_validated,3164,2024-02-02,2024-02-26,0.1015374891364462,2024,2023-12-31,learned_vol_interaction,20260910,0.6537066574488869,0.6537066574488869,1,1
weekly_global_validated,3173,2024-02-23,2024-03-04,0.0151569053862528,2024,2023-12-31,learned_vol_interaction,20260910,0.689311779469667,0.689311779469667,1,1
weekly_global_validated,3178,2024-03-01,2024-03-11,0.0021394031715169,2024,2023-12-31,learned_vol_interaction,20260910,0.6480049647794901,0.6480049647794901,1,1
weekly_global_validated,3183,2024-03-08,2024-03-18,0.0087762342284414,2024,2023-12-31,learned_vol_interaction,20260910,0.6491293260006892,0.6491293260006892,1,1
weekly_global_validated,3188,2024-03-15,2024-03-25,-0.0112802133595746,2024,2023-12-31,learned_vol_interaction,20260910,0.6390487602979349,0.6390487602979349,1,0
weekly_global_validated,3193,2024-03-22,2024-04-01,0.0042044725182444,2024,2023-12-31,learned_vol_interaction,20260910,0.502579297882782,0.502579297882782,1,1
weekly_global_validated,3198,2024-03-29,2024-04-15,-0.0219845815102011,2024,2023-12-31,learned_vol_interaction,20260910,0.4621147966680959,0.4621147966680959,0,0
weekly_global_ungated,3144,2024-01-05,2024-01-15,-0.0158038409563566,2024,2023-12-31,learned_vol_interaction,20260910,0.375948748112503,0.375948748112503,0,0
weekly_global_ungated,3149,2024-01-12,2024-01-22,-0.002333261979756,2024,2023-12-31,learned_vol_interaction,20260910,0.4653387886294592,0.4653387886294592,0,0
weekly_global_ungated,3154,2024-01-19,2024-01-29,0.0223511633823452,2024,2023-12-31,learned_vol_interaction,20260910,0.409541362332266,0.409541362332266,0,1
weekly_global_ungated,3159,2024-01-26,2024-02-05,-0.0513103415192826,2024,2023-12-31,learned_vol_interaction,20260910,0.4427031623961251,0.4427031623961251,0,0
weekly_global_ungated,3164,2024-02-02,2024-02-26,0.1015374891364462,2024,2023-12-31,learned_vol_interaction,20260910,0.6537066574488869,0.6537066574488869,1,1
weekly_global_ungated,3173,2024-02-23,2024-03-04,0.0151569053862528,2024,2023-12-31,learned_vol_interaction,20260910,0.689311779469667,0.689311779469667,1,1
weekly_global_ungated,3178,2024-03-01,2024-03-11,0.0021394031715169,2024,2023-12-31,learned_vol_interaction,20260910,0.6480049647794901,0.6480049647794901,1,1
weekly_global_ungated,3183,2024-03-08,2024-03-18,0.0087762342284414,2024,2023-12-31,learned_vol_interaction,20260910,0.6491293260006892,0.6491293260006892,1,1
weekly_global_ungated,3188,2024-03-15,2024-03-25,-0.0112802133595746,2024,2023-12-31,learned_vol_interaction,20260910,0.6390487602979349,0.6390487602979349,1,0
weekly_global_ungated,3193,2024-03-22,2024-04-01,0.0042044725182444,2024,2023-12-31,learned_vol_interaction,20260910,0.502579297882782,0.502579297882782,1,1
weekly_global_ungated,3198,2024-03-29,2024-04-15,-0.0219845815102011,2024,2023-12-31,learned_vol_interaction,20260910,0.4621147966680959,0.4621147966680959,0,0
weekly_state_validated,3144,2024-01-05,2024-01-15,-0.0158038409563566,2024,2023-12-31,learned_vol_interaction,20260911,0.5055907048902185,0.5055907048902185,1,0
weekly_state_validated,3149,2024-01-12,2024-01-22,-0.002333261979756,2024,2023-12-31,learned_vol_interaction,20260911,0.5345697430715253,0.5345697430715253,1,0
weekly_state_validated,3154,2024-01-19,2024-01-29,0.0223511633823452,2024,2023-12-31,learned_vol_interaction,20260911,0.6057144516952688,0.6057144516952688,1,1
weekly_state_validated,3159,2024-01-26,2024-02-05,-0.0513103415192826,2024,2023-12-31,learned_vol_interaction,20260911,0.5360497014286747,0.5360497014286747,1,0
weekly_state_validated,3164,2024-02-02,2024-02-26,0.1015374891364462,2024,2023-12-31,learned_vol_interaction,20260911,0.5340699292580867,0.5340699292580867,1,1
weekly_state_validated,3173,2024-02-23,2024-03-04,0.0151569053862528,2024,2023-12-31,learned_vol_interaction,20260911,0.635598842460853,0.635598842460853,1,1
weekly_state_validated,3178,2024-03-01,2024-03-11,0.0021394031715169,2024,2023-12-31,learned_vol_interaction,20260911,0.5740233508322927,0.5740233508322927,1,1
weekly_state_validated,3183,2024-03-08,2024-03-18,0.0087762342284414,2024,2023-12-31,learned_vol_interaction,20260911,0.6228491427098055,0.6228491427098055,1,1
weekly_state_validated,3188,2024-03-15,2024-03-25,-0.0112802133595746,2024,2023-12-31,learned_vol_interaction,20260911,0.5244855050624243,0.5244855050624243,1,0
weekly_state_validated,3193,2024-03-22,2024-04-01,0.0042044725182444,2024,2023-12-31,learned_vol_interaction,20260911,0.5705279783235351,0.5705279783235351,1,1
weekly_state_validated,3198,2024-03-29,2024-04-15,-0.0219845815102011,2024,2023-12-31,learned_vol_interaction,20260911,0.38271605688876176,0.38271605688876176,0,0
weekly_state_ungated,3144,2024-01-05,2024-01-15,-0.0158038409563566,2024,2023-12-31,learned_vol_interaction,20260911,0.5055907048902185,0.5055907048902185,1,0
weekly_state_ungated,3149,2024-01-12,2024-01-22,-0.002333261979756,2024,2023-12-31,learned_vol_interaction,20260911,0.5345697430715253,0.5345697430715253,1,0
weekly_state_ungated,3154,2024-01-19,2024-01-29,0.0223511633823452,2024,2023-12-31,learned_vol_interaction,20260911,0.6057144516952688,0.6057144516952688,1,1
weekly_state_ungated,3159,2024-01-26,2024-02-05,-0.0513103415192826,2024,2023-12-31,learned_vol_interaction,20260911,0.5360497014286747,0.5360497014286747,1,0
weekly_state_ungated,3164,2024-02-02,2024-02-26,0.1015374891364462,2024,2023-12-31,learned_vol_interaction,20260911,0.5340699292580867,0.5340699292580867,1,1
weekly_state_ungated,3173,2024-02-23,2024-03-04,0.0151569053862528,2024,2023-12-31,learned_vol_interaction,20260911,0.635598842460853,0.635598842460853,1,1
weekly_state_ungated,3178,2024-03-01,2024-03-11,0.0021394031715169,2024,2023-12-31,learned_vol_interaction,20260911,0.5740233508322927,0.5740233508322927,1,1
weekly_state_ungated,3183,2024-03-08,2024-03-18,0.0087762342284414,2024,2023-12-31,learned_vol_interaction,20260911,0.6228491427098055,0.6228491427098055,1,1
weekly_state_ungated,3188,2024-03-15,2024-03-25,-0.0112802133595746,2024,2023-12-31,learned_vol_interaction,20260911,0.5244855050624243,0.5244855050624243,1,0
weekly_state_ungated,3193,2024-03-22,2024-04-01,0.0042044725182444,2024,2023-12-31,learned_vol_interaction,20260911,0.5705279783235351,0.5705279783235351,1,1
weekly_state_ungated,3198,2024-03-29,2024-04-15,-0.0219845815102011,2024,2023-12-31,learned_vol_interaction,20260911,0.38271605688876176,0.38271605688876176,0,0
weekly_global_validated,3144,2024-01-05,2024-01-15,-0.0158038409563566,2024,2023-12-31,learned_vol_interaction,20260911,0.5055907048902185,0.5055907048902185,1,0
weekly_global_validated,3149,2024-01-12,2024-01-22,-0.002333261979756,2024,2023-12-31,learned_vol_interaction,20260911,0.5345697430715253,0.5345697430715253,1,0
weekly_global_validated,3154,2024-01-19,2024-01-29,0.0223511633823452,2024,2023-12-31,learned_vol_interaction,20260911,0.6057144516952688,0.6057144516952688,1,1
weekly_global_validated,3159,2024-01-26,2024-02-05,-0.0513103415192826,2024,2023-12-31,learned_vol_interaction,20260911,0.5360497014286747,0.5360497014286747,1,0
weekly_global_validated,3164,2024-02-02,2024-02-26,0.1015374891364462,2024,2023-12-31,learned_vol_interaction,20260911,0.5340699292580867,0.5340699292580867,1,1
weekly_global_validated,3173,2024-02-23,2024-03-04,0.0151569053862528,2024,2023-12-31,learned_vol_interaction,20260911,0.635598842460853,0.635598842460853,1,1
weekly_global_validated,3178,2024-03-01,2024-03-11,0.0021394031715169,2024,2023-12-31,learned_vol_interaction,20260911,0.5740233508322927,0.5740233508322927,1,1
weekly_global_validated,3183,2024-03-08,2024-03-18,0.0087762342284414,2024,2023-12-31,learned_vol_interaction,20260911,0.6228491427098055,0.6228491427098055,1,1
weekly_global_validated,3188,2024-03-15,2024-03-25,-0.0112802133595746,2024,2023-12-31,learned_vol_interaction,20260911,0.5244855050624243,0.5244855050624243,1,0
weekly_global_validated,3193,2024-03-22,2024-04-01,0.0042044725182444,2024,2023-12-31,learned_vol_interaction,20260911,0.5705279783235351,0.5705279783235351,1,1
weekly_global_validated,3198,2024-03-29,2024-04-15,-0.0219845815102011,2024,2023-12-31,learned_vol_interaction,20260911,0.38271605688876176,0.38271605688876176,0,0
weekly_global_ungated,3144,2024-01-05,2024-01-15,-0.0158038409563566,2024,2023-12-31,learned_vol_interaction,20260911,0.5055907048902185,0.5055907048902185,1,0
weekly_global_ungated,3149,2024-01-12,2024-01-22,-0.002333261979756,2024,2023-12-31,learned_vol_interaction,20260911,0.5345697430715253,0.5345697430715253,1,0
weekly_global_ungated,3154,2024-01-19,2024-01-29,0.0223511633823452,2024,2023-12-31,learned_vol_interaction,20260911,0.6057144516952688,0.6057144516952688,1,1
weekly_global_ungated,3159,2024-01-26,2024-02-05,-0.0513103415192826,2024,2023-12-31,learned_vol_interaction,20260911,0.5360497014286747,0.5360497014286747,1,0
weekly_global_ungated,3164,2024-02-02,2024-02-26,0.1015374891364462,2024,2023-12-31,learned_vol_interaction,20260911,0.5340699292580867,0.5340699292580867,1,1
weekly_global_ungated,3173,2024-02-23,2024-03-04,0.0151569053862528,2024,2023-12-31,learned_vol_interaction,20260911,0.635598842460853,0.635598842460853,1,1
weekly_global_ungated,3178,2024-03-01,2024-03-11,0.0021394031715169,2024,2023-12-31,learned_vol_interaction,20260911,0.5740233508322927,0.5740233508322927,1,1
weekly_global_ungated,3183,2024-03-08,2024-03-18,0.0087762342284414,2024,2023-12-31,learned_vol_interaction,20260911,0.6228491427098055,0.6228491427098055,1,1
weekly_global_ungated,3188,2024-03-15,2024-03-25,-0.0112802133595746,2024,2023-12-31,learned_vol_interaction,20260911,0.5244855050624243,0.5244855050624243,1,0
weekly_global_ungated,3193,2024-03-22,2024-04-01,0.0042044725182444,2024,2023-12-31,learned_vol_interaction,20260911,0.5705279783235351,0.5705279783235351,1,1
weekly_global_ungated,3198,2024-03-29,2024-04-15,-0.0219845815102011,2024,2023-12-31,learned_vol_interaction,20260911,0.38271605688876176,0.38271605688876176,0,0
weekly_state_validated,3144,2024-01-05,2024-01-15,-0.0158038409563566,2024,2023-12-31,learned_vol_interaction,20260912,0.4952442890139834,0.4952442890139834,0,0
weekly_state_validated,3149,2024-01-12,2024-01-22,-0.002333261979756,2024,2023-12-31,learned_vol_interaction,20260912,0.46734394081550534,0.46734394081550534,0,0
weekly_state_validated,3154,2024-01-19,2024-01-29,0.0223511633823452,2024,2023-12-31,learned_vol_interaction,20260912,0.4458542659590224,0.4458542659590224,0,1
weekly_state_validated,3159,2024-01-26,2024-02-05,-0.0513103415192826,2024,2023-12-31,learned_vol_interaction,20260912,0.5051200250772759,0.5051200250772759,1,0
weekly_state_validated,3164,2024-02-02,2024-02-26,0.1015374891364462,2024,2023-12-31,learned_vol_interaction,20260912,0.5544379606615297,0.5544379606615297,1,1
weekly_state_validated,3173,2024-02-23,2024-03-04,0.0151569053862528,2024,2023-12-31,learned_vol_interaction,20260912,0.4830624305901862,0.4830624305901862,0,1
weekly_state_validated,3178,2024-03-01,2024-03-11,0.0021394031715169,2024,2023-12-31,learned_vol_interaction,20260912,0.5592748903954966,0.5592748903954966,1,1
weekly_state_validated,3183,2024-03-08,2024-03-18,0.0087762342284414,2024,2023-12-31,learned_vol_interaction,20260912,0.5740363843191351,0.5740363843191351,1,1
weekly_state_validated,3188,2024-03-15,2024-03-25,-0.0112802133595746,2024,2023-12-31,learned_vol_interaction,20260912,0.4809004633653104,0.4809004633653104,0,0
weekly_state_validated,3193,2024-03-22,2024-04-01,0.0042044725182444,2024,2023-12-31,learned_vol_interaction,20260912,0.5933081539859947,0.5933081539859947,1,1
weekly_state_validated,3198,2024-03-29,2024-04-15,-0.0219845815102011,2024,2023-12-31,learned_vol_interaction,20260912,0.5653073701837698,0.5653073701837698,1,0
weekly_state_ungated,3144,2024-01-05,2024-01-15,-0.0158038409563566,2024,2023-12-31,learned_vol_interaction,20260912,0.4952442890139834,0.4952442890139834,0,0
weekly_state_ungated,3149,2024-01-12,2024-01-22,-0.002333261979756,2024,2023-12-31,learned_vol_interaction,20260912,0.46734394081550534,0.46734394081550534,0,0
weekly_state_ungated,3154,2024-01-19,2024-01-29,0.0223511633823452,2024,2023-12-31,learned_vol_interaction,20260912,0.4458542659590224,0.4458542659590224,0,1
weekly_state_ungated,3159,2024-01-26,2024-02-05,-0.0513103415192826,2024,2023-12-31,learned_vol_interaction,20260912,0.5051200250772759,0.5051200250772759,1,0
weekly_state_ungated,3164,2024-02-02,2024-02-26,0.1015374891364462,2024,2023-12-31,learned_vol_interaction,20260912,0.5544379606615297,0.5544379606615297,1,1
weekly_state_ungated,3173,2024-02-23,2024-03-04,0.0151569053862528,2024,2023-12-31,learned_vol_interaction,20260912,0.4830624305901862,0.4830624305901862,0,1
weekly_state_ungated,3178,2024-03-01,2024-03-11,0.0021394031715169,2024,2023-12-31,learned_vol_interaction,20260912,0.5592748903954966,0.5592748903954966,1,1
weekly_state_ungated,3183,2024-03-08,2024-03-18,0.0087762342284414,2024,2023-12-31,learned_vol_interaction,20260912,0.5740363843191351,0.5740363843191351,1,1
weekly_state_ungated,3188,2024-03-15,2024-03-25,-0.0112802133595746,2024,2023-12-31,learned_vol_interaction,20260912,0.4809004633653104,0.4809004633653104,0,0
weekly_state_ungated,3193,2024-03-22,2024-04-01,0.0042044725182444,2024,2023-12-31,learned_vol_interaction,20260912,0.5933081539859947,0.5933081539859947,1,1
weekly_state_ungated,3198,2024-03-29,2024-04-15,-0.0219845815102011,2024,2023-12-31,learned_vol_interaction,20260912,0.5653073701837698,0.5653073701837698,1,0
weekly_global_validated,3144,2024-01-05,2024-01-15,-0.0158038409563566,2024,2023-12-31,learned_vol_interaction,20260912,0.4952442890139834,0.4952442890139834,0,0
weekly_global_validated,3149,2024-01-12,2024-01-22,-0.002333261979756,2024,2023-12-31,learned_vol_interaction,20260912,0.46734394081550534,0.46734394081550534,0,0
weekly_global_validated,3154,2024-01-19,2024-01-29,0.0223511633823452,2024,2023-12-31,learned_vol_interaction,20260912,0.4458542659590224,0.4458542659590224,0,1
weekly_global_validated,3159,2024-01-26,2024-02-05,-0.0513103415192826,2024,2023-12-31,learned_vol_interaction,20260912,0.5051200250772759,0.5051200250772759,1,0
weekly_global_validated,3164,2024-02-02,2024-02-26,0.1015374891364462,2024,2023-12-31,learned_vol_interaction,20260912,0.5544379606615297,0.5544379606615297,1,1
weekly_global_validated,3173,2024-02-23,2024-03-04,0.0151569053862528,2024,2023-12-31,learned_vol_interaction,20260912,0.4830624305901862,0.4830624305901862,0,1
weekly_global_validated,3178,2024-03-01,2024-03-11,0.0021394031715169,2024,2023-12-31,learned_vol_interaction,20260912,0.5592748903954966,0.5592748903954966,1,1
weekly_global_validated,3183,2024-03-08,2024-03-18,0.0087762342284414,2024,2023-12-31,learned_vol_interaction,20260912,0.5740363843191351,0.5740363843191351,1,1
weekly_global_validated,3188,2024-03-15,2024-03-25,-0.0112802133595746,2024,2023-12-31,learned_vol_interaction,20260912,0.4809004633653104,0.4809004633653104,0,0
weekly_global_validated,3193,2024-03-22,2024-04-01,0.0042044725182444,2024,2023-12-31,learned_vol_interaction,20260912,0.5933081539859947,0.5933081539859947,1,1
weekly_global_validated,3198,2024-03-29,2024-04-15,-0.0219845815102011,2024,2023-12-31,learned_vol_interaction,20260912,0.5653073701837698,0.5653073701837698,1,0
weekly_global_ungated,3144,2024-01-05,2024-01-15,-0.0158038409563566,2024,2023-12-31,learned_vol_interaction,20260912,0.4952442890139834,0.4952442890139834,0,0
weekly_global_ungated,3149,2024-01-12,2024-01-22,-0.002333261979756,2024,2023-12-31,learned_vol_interaction,20260912,0.46734394081550534,0.46734394081550534,0,0
weekly_global_ungated,3154,2024-01-19,2024-01-29,0.0223511633823452,2024,2023-12-31,learned_vol_interaction,20260912,0.4458542659590224,0.4458542659590224,0,1
weekly_global_ungated,3159,2024-01-26,2024-02-05,-0.0513103415192826,2024,2023-12-31,learned_vol_interaction,20260912,0.5051200250772759,0.5051200250772759,1,0
weekly_global_ungated,3164,2024-02-02,2024-02-26,0.1015374891364462,2024,2023-12-31,learned_vol_interaction,20260912,0.5544379606615297,0.5544379606615297,1,1
weekly_global_ungated,3173,2024-02-23,2024-03-04,0.0151569053862528,2024,2023-12-31,learned_vol_interaction,20260912,0.4830624305901862,0.4830624305901862,0,1
weekly_global_ungated,3178,2024-03-01,2024-03-11,0.0021394031715169,2024,2023-12-31,learned_vol_interaction,20260912,0.5592748903954966,0.5592748903954966,1,1
weekly_global_ungated,3183,2024-03-08,2024-03-18,0.0087762342284414,2024,2023-12-31,learned_vol_interaction,20260912,0.5740363843191351,0.5740363843191351,1,1
weekly_global_ungated,3188,2024-03-15,2024-03-25,-0.0112802133595746,2024,2023-12-31,learned_vol_interaction,20260912,0.4809004633653104,0.4809004633653104,0,0
weekly_global_ungated,3193,2024-03-22,2024-04-01,0.0042044725182444,2024,2023-12-31,learned_vol_interaction,20260912,0.5933081539859947,0.5933081539859947,1,1
weekly_global_ungated,3198,2024-03-29,2024-04-15,-0.0219845815102011,2024,2023-12-31,learned_vol_interaction,20260912,0.5653073701837698,0.5653073701837698,1,0
weekly_state_validated,3144,2024-01-05,2024-01-15,-0.0158038409563566,2024,2023-12-31,learned_order_extension,20260910,0.4019000383386628,0.4019000383386628,0,0
weekly_state_validated,3149,2024-01-12,2024-01-22,-0.002333261979756,2024,2023-12-31,learned_order_extension,20260910,0.4536929976964038,0.4536929976964038,0,0
weekly_state_validated,3154,2024-01-19,2024-01-29,0.0223511633823452,2024,2023-12-31,learned_order_extension,20260910,0.4065097447533653,0.4065097447533653,0,1
weekly_state_validated,3159,2024-01-26,2024-02-05,-0.0513103415192826,2024,2023-12-31,learned_order_extension,20260910,0.4181108069924978,0.4181108069924978,0,0
weekly_state_validated,3164,2024-02-02,2024-02-26,0.1015374891364462,2024,2023-12-31,learned_order_extension,20260910,0.6639940867614434,0.6639940867614434,1,1
weekly_state_validated,3173,2024-02-23,2024-03-04,0.0151569053862528,2024,2023-12-31,learned_order_extension,20260910,0.6509742827223437,0.6509742827223437,1,1
weekly_state_validated,3178,2024-03-01,2024-03-11,0.0021394031715169,2024,2023-12-31,learned_order_extension,20260910,0.596427953854031,0.596427953854031,1,1
weekly_state_validated,3183,2024-03-08,2024-03-18,0.0087762342284414,2024,2023-12-31,learned_order_extension,20260910,0.5823638998065179,0.5823638998065179,1,1
weekly_state_validated,3188,2024-03-15,2024-03-25,-0.0112802133595746,2024,2023-12-31,learned_order_extension,20260910,0.5649258035498114,0.5649258035498114,1,0
weekly_state_validated,3193,2024-03-22,2024-04-01,0.0042044725182444,2024,2023-12-31,learned_order_extension,20260910,0.4756478826315535,0.4756478826315535,0,1
weekly_state_validated,3198,2024-03-29,2024-04-15,-0.0219845815102011,2024,2023-12-31,learned_order_extension,20260910,0.44826023295447676,0.44826023295447676,0,0
weekly_state_ungated,3144,2024-01-05,2024-01-15,-0.0158038409563566,2024,2023-12-31,learned_order_extension,20260910,0.4019000383386628,0.4019000383386628,0,0
weekly_state_ungated,3149,2024-01-12,2024-01-22,-0.002333261979756,2024,2023-12-31,learned_order_extension,20260910,0.4536929976964038,0.4536929976964038,0,0
weekly_state_ungated,3154,2024-01-19,2024-01-29,0.0223511633823452,2024,2023-12-31,learned_order_extension,20260910,0.4065097447533653,0.4065097447533653,0,1
weekly_state_ungated,3159,2024-01-26,2024-02-05,-0.0513103415192826,2024,2023-12-31,learned_order_extension,20260910,0.4181108069924978,0.4181108069924978,0,0
weekly_state_ungated,3164,2024-02-02,2024-02-26,0.1015374891364462,2024,2023-12-31,learned_order_extension,20260910,0.6639940867614434,0.6639940867614434,1,1
weekly_state_ungated,3173,2024-02-23,2024-03-04,0.0151569053862528,2024,2023-12-31,learned_order_extension,20260910,0.6509742827223437,0.6509742827223437,1,1
weekly_state_ungated,3178,2024-03-01,2024-03-11,0.0021394031715169,2024,2023-12-31,learned_order_extension,20260910,0.596427953854031,0.596427953854031,1,1
weekly_state_ungated,3183,2024-03-08,2024-03-18,0.0087762342284414,2024,2023-12-31,learned_order_extension,20260910,0.5823638998065179,0.5823638998065179,1,1
weekly_state_ungated,3188,2024-03-15,2024-03-25,-0.0112802133595746,2024,2023-12-31,learned_order_extension,20260910,0.5649258035498114,0.5649258035498114,1,0
weekly_state_ungated,3193,2024-03-22,2024-04-01,0.0042044725182444,2024,2023-12-31,learned_order_extension,20260910,0.4756478826315535,0.4756478826315535,0,1
weekly_state_ungated,3198,2024-03-29,2024-04-15,-0.0219845815102011,2024,2023-12-31,learned_order_extension,20260910,0.44826023295447676,0.44826023295447676,0,0
weekly_global_validated,3144,2024-01-05,2024-01-15,-0.0158038409563566,2024,2023-12-31,learned_order_extension,20260910,0.4019000383386628,0.4019000383386628,0,0
weekly_global_validated,3149,2024-01-12,2024-01-22,-0.002333261979756,2024,2023-12-31,learned_order_extension,20260910,0.4536929976964038,0.4536929976964038,0,0
weekly_global_validated,3154,2024-01-19,2024-01-29,0.0223511633823452,2024,2023-12-31,learned_order_extension,20260910,0.4065097447533653,0.4065097447533653,0,1
weekly_global_validated,3159,2024-01-26,2024-02-05,-0.0513103415192826,2024,2023-12-31,learned_order_extension,20260910,0.4181108069924978,0.4181108069924978,0,0
weekly_global_validated,3164,2024-02-02,2024-02-26,0.1015374891364462,2024,2023-12-31,learned_order_extension,20260910,0.6639940867614434,0.6639940867614434,1,1
weekly_global_validated,3173,2024-02-23,2024-03-04,0.0151569053862528,2024,2023-12-31,learned_order_extension,20260910,0.6509742827223437,0.6509742827223437,1,1
weekly_global_validated,3178,2024-03-01,2024-03-11,0.0021394031715169,2024,2023-12-31,learned_order_extension,20260910,0.596427953854031,0.596427953854031,1,1
weekly_global_validated,3183,2024-03-08,2024-03-18,0.0087762342284414,2024,2023-12-31,learned_order_extension,20260910,0.5823638998065179,0.5823638998065179,1,1
weekly_global_validated,3188,2024-03-15,2024-03-25,-0.0112802133595746,2024,2023-12-31,learned_order_extension,20260910,0.5649258035498114,0.5649258035498114,1,0
weekly_global_validated,3193,2024-03-22,2024-04-01,0.0042044725182444,2024,2023-12-31,learned_order_extension,20260910,0.4756478826315535,0.4756478826315535,0,1
weekly_global_validated,3198,2024-03-29,2024-04-15,-0.0219845815102011,2024,2023-12-31,learned_order_extension,20260910,0.44826023295447676,0.44826023295447676,0,0
weekly_global_ungated,3144,2024-01-05,2024-01-15,-0.0158038409563566,2024,2023-12-31,learned_order_extension,20260910,0.4019000383386628,0.4019000383386628,0,0
weekly_global_ungated,3149,2024-01-12,2024-01-22,-0.002333261979756,2024,2023-12-31,learned_order_extension,20260910,0.4536929976964038,0.4536929976964038,0,0
weekly_global_ungated,3154,2024-01-19,2024-01-29,0.0223511633823452,2024,2023-12-31,learned_order_extension,20260910,0.4065097447533653,0.4065097447533653,0,1
weekly_global_ungated,3159,2024-01-26,2024-02-05,-0.0513103415192826,2024,2023-12-31,learned_order_extension,20260910,0.4181108069924978,0.4181108069924978,0,0
weekly_global_ungated,3164,2024-02-02,2024-02-26,0.1015374891364462,2024,2023-12-31,learned_order_extension,20260910,0.6639940867614434,0.6639940867614434,1,1
weekly_global_ungated,3173,2024-02-23,2024-03-04,0.0151569053862528,2024,2023-12-31,learned_order_extension,20260910,0.6509742827223437,0.6509742827223437,1,1
weekly_global_ungated,3178,2024-03-01,2024-03-11,0.0021394031715169,2024,2023-12-31,learned_order_extension,20260910,0.596427953854031,0.596427953854031,1,1
weekly_global_ungated,3183,2024-03-08,2024-03-18,0.0087762342284414,2024,2023-12-31,learned_order_extension,20260910,0.5823638998065179,0.5823638998065179,1,1
weekly_global_ungated,3188,2024-03-15,2024-03-25,-0.0112802133595746,2024,2023-12-31,learned_order_extension,20260910,0.5649258035498114,0.5649258035498114,1,0
weekly_global_ungated,3193,2024-03-22,2024-04-01,0.0042044725182444,2024,2023-12-31,learned_order_extension,20260910,0.4756478826315535,0.4756478826315535,0,1
weekly_global_ungated,3198,2024-03-29,2024-04-15,-0.0219845815102011,2024,2023-12-31,learned_order_extension,20260910,0.44826023295447676,0.44826023295447676,0,0
weekly_state_validated,3144,2024-01-05,2024-01-15,-0.0158038409563566,2024,2023-12-31,learned_order_extension,20260911,0.5046246382575834,0.5046246382575834,1,0
weekly_state_validated,3149,2024-01-12,2024-01-22,-0.002333261979756,2024,2023-12-31,learned_order_extension,20260911,0.5273727883107168,0.5273727883107168,1,0
weekly_state_validated,3154,2024-01-19,2024-01-29,0.0223511633823452,2024,2023-12-31,learned_order_extension,20260911,0.6361976645125996,0.6361976645125996,1,1
weekly_state_validated,3159,2024-01-26,2024-02-05,-0.0513103415192826,2024,2023-12-31,learned_order_extension,20260911,0.5444608640891567,0.5444608640891567,1,0
weekly_state_validated,3164,2024-02-02,2024-02-26,0.1015374891364462,2024,2023-12-31,learned_order_extension,20260911,0.545031438848448,0.545031438848448,1,1
weekly_state_validated,3173,2024-02-23,2024-03-04,0.0151569053862528,2024,2023-12-31,learned_order_extension,20260911,0.6125199424254827,0.6125199424254827,1,1
weekly_state_validated,3178,2024-03-01,2024-03-11,0.0021394031715169,2024,2023-12-31,learned_order_extension,20260911,0.5496769035930799,0.5496769035930799,1,1
weekly_state_validated,3183,2024-03-08,2024-03-18,0.0087762342284414,2024,2023-12-31,learned_order_extension,20260911,0.5653384521782018,0.5653384521782018,1,1
weekly_state_validated,3188,2024-03-15,2024-03-25,-0.0112802133595746,2024,2023-12-31,learned_order_extension,20260911,0.4741066250462846,0.4741066250462846,0,0
weekly_state_validated,3193,2024-03-22,2024-04-01,0.0042044725182444,2024,2023-12-31,learned_order_extension,20260911,0.5034201205076809,0.5034201205076809,1,1
weekly_state_validated,3198,2024-03-29,2024-04-15,-0.0219845815102011,2024,2023-12-31,learned_order_extension,20260911,0.3647496103237538,0.3647496103237538,0,0
weekly_state_ungated,3144,2024-01-05,2024-01-15,-0.0158038409563566,2024,2023-12-31,learned_order_extension,20260911,0.5046246382575834,0.5046246382575834,1,0
weekly_state_ungated,3149,2024-01-12,2024-01-22,-0.002333261979756,2024,2023-12-31,learned_order_extension,20260911,0.5273727883107168,0.5273727883107168,1,0
weekly_state_ungated,3154,2024-01-19,2024-01-29,0.0223511633823452,2024,2023-12-31,learned_order_extension,20260911,0.6361976645125996,0.6361976645125996,1,1
weekly_state_ungated,3159,2024-01-26,2024-02-05,-0.0513103415192826,2024,2023-12-31,learned_order_extension,20260911,0.5444608640891567,0.5444608640891567,1,0
weekly_state_ungated,3164,2024-02-02,2024-02-26,0.1015374891364462,2024,2023-12-31,learned_order_extension,20260911,0.545031438848448,0.545031438848448,1,1
weekly_state_ungated,3173,2024-02-23,2024-03-04,0.0151569053862528,2024,2023-12-31,learned_order_extension,20260911,0.6125199424254827,0.6125199424254827,1,1
weekly_state_ungated,3178,2024-03-01,2024-03-11,0.0021394031715169,2024,2023-12-31,learned_order_extension,20260911,0.5496769035930799,0.5496769035930799,1,1
weekly_state_ungated,3183,2024-03-08,2024-03-18,0.0087762342284414,2024,2023-12-31,learned_order_extension,20260911,0.5653384521782018,0.5653384521782018,1,1
weekly_state_ungated,3188,2024-03-15,2024-03-25,-0.0112802133595746,2024,2023-12-31,learned_order_extension,20260911,0.4741066250462846,0.4741066250462846,0,0
weekly_state_ungated,3193,2024-03-22,2024-04-01,0.0042044725182444,2024,2023-12-31,learned_order_extension,20260911,0.5034201205076809,0.5034201205076809,1,1
weekly_state_ungated,3198,2024-03-29,2024-04-15,-0.0219845815102011,2024,2023-12-31,learned_order_extension,20260911,0.3647496103237538,0.3647496103237538,0,0
weekly_global_validated,3144,2024-01-05,2024-01-15,-0.0158038409563566,2024,2023-12-31,learned_order_extension,20260911,0.5046246382575834,0.5046246382575834,1,0
weekly_global_validated,3149,2024-01-12,2024-01-22,-0.002333261979756,2024,2023-12-31,learned_order_extension,20260911,0.5273727883107168,0.5273727883107168,1,0
weekly_global_validated,3154,2024-01-19,2024-01-29,0.0223511633823452,2024,2023-12-31,learned_order_extension,20260911,0.6361976645125996,0.6361976645125996,1,1
weekly_global_validated,3159,2024-01-26,2024-02-05,-0.0513103415192826,2024,2023-12-31,learned_order_extension,20260911,0.5444608640891567,0.5444608640891567,1,0
weekly_global_validated,3164,2024-02-02,2024-02-26,0.1015374891364462,2024,2023-12-31,learned_order_extension,20260911,0.545031438848448,0.545031438848448,1,1
weekly_global_validated,3173,2024-02-23,2024-03-04,0.0151569053862528,2024,2023-12-31,learned_order_extension,20260911,0.6125199424254827,0.6125199424254827,1,1
weekly_global_validated,3178,2024-03-01,2024-03-11,0.0021394031715169,2024,2023-12-31,learned_order_extension,20260911,0.5496769035930799,0.5496769035930799,1,1
weekly_global_validated,3183,2024-03-08,2024-03-18,0.0087762342284414,2024,2023-12-31,learned_order_extension,20260911,0.5653384521782018,0.5653384521782018,1,1
weekly_global_validated,3188,2024-03-15,2024-03-25,-0.0112802133595746,2024,2023-12-31,learned_order_extension,20260911,0.4741066250462846,0.4741066250462846,0,0
weekly_global_validated,3193,2024-03-22,2024-04-01,0.0042044725182444,2024,2023-12-31,learned_order_extension,20260911,0.5034201205076809,0.5034201205076809,1,1
weekly_global_validated,3198,2024-03-29,2024-04-15,-0.0219845815102011,2024,2023-12-31,learned_order_extension,20260911,0.3647496103237538,0.3647496103237538,0,0
weekly_global_ungated,3144,2024-01-05,2024-01-15,-0.0158038409563566,2024,2023-12-31,learned_order_extension,20260911,0.5046246382575834,0.5046246382575834,1,0
weekly_global_ungated,3149,2024-01-12,2024-01-22,-0.002333261979756,2024,2023-12-31,learned_order_extension,20260911,0.5273727883107168,0.5273727883107168,1,0
weekly_global_ungated,3154,2024-01-19,2024-01-29,0.0223511633823452,2024,2023-12-31,learned_order_extension,20260911,0.6361976645125996,0.6361976645125996,1,1
weekly_global_ungated,3159,2024-01-26,2024-02-05,-0.0513103415192826,2024,2023-12-31,learned_order_extension,20260911,0.5444608640891567,0.5444608640891567,1,0
weekly_global_ungated,3164,2024-02-02,2024-02-26,0.1015374891364462,2024,2023-12-31,learned_order_extension,20260911,0.545031438848448,0.545031438848448,1,1
weekly_global_ungated,3173,2024-02-23,2024-03-04,0.0151569053862528,2024,2023-12-31,learned_order_extension,20260911,0.6125199424254827,0.6125199424254827,1,1
weekly_global_ungated,3178,2024-03-01,2024-03-11,0.0021394031715169,2024,2023-12-31,learned_order_extension,20260911,0.5496769035930799,0.5496769035930799,1,1
weekly_global_ungated,3183,2024-03-08,2024-03-18,0.0087762342284414,2024,2023-12-31,learned_order_extension,20260911,0.5653384521782018,0.5653384521782018,1,1
weekly_global_ungated,3188,2024-03-15,2024-03-25,-0.0112802133595746,2024,2023-12-31,learned_order_extension,20260911,0.4741066250462846,0.4741066250462846,0,0
weekly_global_ungated,3193,2024-03-22,2024-04-01,0.0042044725182444,2024,2023-12-31,learned_order_extension,20260911,0.5034201205076809,0.5034201205076809,1,1
weekly_global_ungated,3198,2024-03-29,2024-04-15,-0.0219845815102011,2024,2023-12-31,learned_order_extension,20260911,0.3647496103237538,0.3647496103237538,0,0
weekly_state_validated,3144,2024-01-05,2024-01-15,-0.0158038409563566,2024,2023-12-31,learned_order_extension,20260912,0.5535119994762409,0.5535119994762409,1,0
weekly_state_validated,3149,2024-01-12,2024-01-22,-0.002333261979756,2024,2023-12-31,learned_order_extension,20260912,0.48736548091739423,0.48736548091739423,0,0
weekly_state_validated,3154,2024-01-19,2024-01-29,0.0223511633823452,2024,2023-12-31,learned_order_extension,20260912,0.4215435053964147,0.4215435053964147,0,1
weekly_state_validated,3159,2024-01-26,2024-02-05,-0.0513103415192826,2024,2023-12-31,learned_order_extension,20260912,0.48649269504735876,0.48649269504735876,0,0
weekly_state_validated,3164,2024-02-02,2024-02-26,0.1015374891364462,2024,2023-12-31,learned_order_extension,20260912,0.5496050819275686,0.5496050819275686,1,1
weekly_state_validated,3173,2024-02-23,2024-03-04,0.0151569053862528,2024,2023-12-31,learned_order_extension,20260912,0.4386082807089806,0.4386082807089806,0,1
weekly_state_validated,3178,2024-03-01,2024-03-11,0.0021394031715169,2024,2023-12-31,learned_order_extension,20260912,0.46924981751922445,0.46924981751922445,0,1
weekly_state_validated,3183,2024-03-08,2024-03-18,0.0087762342284414,2024,2023-12-31,learned_order_extension,20260912,0.4701956287186797,0.4701956287186797,0,1
weekly_state_validated,3188,2024-03-15,2024-03-25,-0.0112802133595746,2024,2023-12-31,learned_order_extension,20260912,0.41374971985365583,0.41374971985365583,0,0
weekly_state_validated,3193,2024-03-22,2024-04-01,0.0042044725182444,2024,2023-12-31,learned_order_extension,20260912,0.4779698312307604,0.4779698312307604,0,1
weekly_state_validated,3198,2024-03-29,2024-04-15,-0.0219845815102011,2024,2023-12-31,learned_order_extension,20260912,0.47494867441409877,0.47494867441409877,0,0
weekly_state_ungated,3144,2024-01-05,2024-01-15,-0.0158038409563566,2024,2023-12-31,learned_order_extension,20260912,0.5535119994762409,0.5535119994762409,1,0
weekly_state_ungated,3149,2024-01-12,2024-01-22,-0.002333261979756,2024,2023-12-31,learned_order_extension,20260912,0.48736548091739423,0.48736548091739423,0,0
weekly_state_ungated,3154,2024-01-19,2024-01-29,0.0223511633823452,2024,2023-12-31,learned_order_extension,20260912,0.4215435053964147,0.4215435053964147,0,1
weekly_state_ungated,3159,2024-01-26,2024-02-05,-0.0513103415192826,2024,2023-12-31,learned_order_extension,20260912,0.48649269504735876,0.48649269504735876,0,0
weekly_state_ungated,3164,2024-02-02,2024-02-26,0.1015374891364462,2024,2023-12-31,learned_order_extension,20260912,0.5496050819275686,0.5496050819275686,1,1
weekly_state_ungated,3173,2024-02-23,2024-03-04,0.0151569053862528,2024,2023-12-31,learned_order_extension,20260912,0.4386082807089806,0.4386082807089806,0,1
weekly_state_ungated,3178,2024-03-01,2024-03-11,0.0021394031715169,2024,2023-12-31,learned_order_extension,20260912,0.46924981751922445,0.46924981751922445,0,1
weekly_state_ungated,3183,2024-03-08,2024-03-18,0.0087762342284414,2024,2023-12-31,learned_order_extension,20260912,0.4701956287186797,0.4701956287186797,0,1
weekly_state_ungated,3188,2024-03-15,2024-03-25,-0.0112802133595746,2024,2023-12-31,learned_order_extension,20260912,0.41374971985365583,0.41374971985365583,0,0
weekly_state_ungated,3193,2024-03-22,2024-04-01,0.0042044725182444,2024,2023-12-31,learned_order_extension,20260912,0.4779698312307604,0.4779698312307604,0,1
weekly_state_ungated,3198,2024-03-29,2024-04-15,-0.0219845815102011,2024,2023-12-31,learned_order_extension,20260912,0.47494867441409877,0.47494867441409877,0,0
weekly_global_validated,3144,2024-01-05,2024-01-15,-0.0158038409563566,2024,2023-12-31,learned_order_extension,20260912,0.5535119994762409,0.5535119994762409,1,0
weekly_global_validated,3149,2024-01-12,2024-01-22,-0.002333261979756,2024,2023-12-31,learned_order_extension,20260912,0.48736548091739423,0.48736548091739423,0,0
weekly_global_validated,3154,2024-01-19,2024-01-29,0.0223511633823452,2024,2023-12-31,learned_order_extension,20260912,0.4215435053964147,0.4215435053964147,0,1
weekly_global_validated,3159,2024-01-26,2024-02-05,-0.0513103415192826,2024,2023-12-31,learned_order_extension,20260912,0.48649269504735876,0.48649269504735876,0,0
weekly_global_validated,3164,2024-02-02,2024-02-26,0.1015374891364462,2024,2023-12-31,learned_order_extension,20260912,0.5496050819275686,0.5496050819275686,1,1
weekly_global_validated,3173,2024-02-23,2024-03-04,0.0151569053862528,2024,2023-12-31,learned_order_extension,20260912,0.4386082807089806,0.4386082807089806,0,1
weekly_global_validated,3178,2024-03-01,2024-03-11,0.0021394031715169,2024,2023-12-31,learned_order_extension,20260912,0.46924981751922445,0.46924981751922445,0,1
weekly_global_validated,3183,2024-03-08,2024-03-18,0.0087762342284414,2024,2023-12-31,learned_order_extension,20260912,0.4701956287186797,0.4701956287186797,0,1
weekly_global_validated,3188,2024-03-15,2024-03-25,-0.0112802133595746,2024,2023-12-31,learned_order_extension,20260912,0.41374971985365583,0.41374971985365583,0,0
weekly_global_validated,3193,2024-03-22,2024-04-01,0.0042044725182444,2024,2023-12-31,learned_order_extension,20260912,0.4779698312307604,0.4779698312307604,0,1
weekly_global_validated,3198,2024-03-29,2024-04-15,-0.0219845815102011,2024,2023-12-31,learned_order_extension,20260912,0.47494867441409877,0.47494867441409877,0,0
weekly_global_ungated,3144,2024-01-05,2024-01-15,-0.0158038409563566,2024,2023-12-31,learned_order_extension,20260912,0.5535119994762409,0.5535119994762409,1,0
weekly_global_ungated,3149,2024-01-12,2024-01-22,-0.002333261979756,2024,2023-12-31,learned_order_extension,20260912,0.48736548091739423,0.48736548091739423,0,0
weekly_global_ungated,3154,2024-01-19,2024-01-29,0.0223511633823452,2024,2023-12-31,learned_order_extension,20260912,0.4215435053964147,0.4215435053964147,0,1
weekly_global_ungated,3159,2024-01-26,2024-02-05,-0.0513103415192826,2024,2023-12-31,learned_order_extension,20260912,0.48649269504735876,0.48649269504735876,0,0
weekly_global_ungated,3164,2024-02-02,2024-02-26,0.1015374891364462,2024,2023-12-31,learned_order_extension,20260912,0.5496050819275686,0.5496050819275686,1,1
weekly_global_ungated,3173,2024-02-23,2024-03-04,0.0151569053862528,2024,2023-12-31,learned_order_extension,20260912,0.4386082807089806,0.4386082807089806,0,1
weekly_global_ungated,3178,2024-03-01,2024-03-11,0.0021394031715169,2024,2023-12-31,learned_order_extension,20260912,0.46924981751922445,0.46924981751922445,0,1
weekly_global_ungated,3183,2024-03-08,2024-03-18,0.0087762342284414,2024,2023-12-31,learned_order_extension,20260912,0.4701956287186797,0.4701956287186797,0,1
weekly_global_ungated,3188,2024-03-15,2024-03-25,-0.0112802133595746,2024,2023-12-31,learned_order_extension,20260912,0.41374971985365583,0.41374971985365583,0,0
weekly_global_ungated,3193,2024-03-22,2024-04-01,0.0042044725182444,2024,2023-12-31,learned_order_extension,20260912,0.4779698312307604,0.4779698312307604,0,1
weekly_global_ungated,3198,2024-03-29,2024-04-15,-0.0219845815102011,2024,2023-12-31,learned_order_extension,20260912,0.47494867441409877,0.47494867441409877,0,0
weekly_state_validated,3144,2024-01-05,2024-01-15,-0.0158038409563566,2024,2023-12-31,learned_order_offset,20260910,0.40294607271257427,0.40294607271257427,0,0
weekly_state_validated,3149,2024-01-12,2024-01-22,-0.002333261979756,2024,2023-12-31,learned_order_offset,20260910,0.45320010017286466,0.45320010017286466,0,0
weekly_state_validated,3154,2024-01-19,2024-01-29,0.0223511633823452,2024,2023-12-31,learned_order_offset,20260910,0.40698948981731453,0.40698948981731453,0,1
weekly_state_validated,3159,2024-01-26,2024-02-05,-0.0513103415192826,2024,2023-12-31,learned_order_offset,20260910,0.4180998926398431,0.4180998926398431,0,0
weekly_state_validated,3164,2024-02-02,2024-02-26,0.1015374891364462,2024,2023-12-31,learned_order_offset,20260910,0.662467427882048,0.662467427882048,1,1
weekly_state_validated,3173,2024-02-23,2024-03-04,0.0151569053862528,2024,2023-12-31,learned_order_offset,20260910,0.6495192030104356,0.6495192030104356,1,1
weekly_state_validated,3178,2024-03-01,2024-03-11,0.0021394031715169,2024,2023-12-31,learned_order_offset,20260910,0.5953483627631191,0.5953483627631191,1,1
weekly_state_validated,3183,2024-03-08,2024-03-18,0.0087762342284414,2024,2023-12-31,learned_order_offset,20260910,0.5813453143574694,0.5813453143574694,1,1
weekly_state_validated,3188,2024-03-15,2024-03-25,-0.0112802133595746,2024,2023-12-31,learned_order_offset,20260910,0.5629285714576356,0.5629285714576356,1,0
weekly_state_validated,3193,2024-03-22,2024-04-01,0.0042044725182444,2024,2023-12-31,learned_order_offset,20260910,0.4746800194029474,0.4746800194029474,0,1
weekly_state_validated,3198,2024-03-29,2024-04-15,-0.0219845815102011,2024,2023-12-31,learned_order_offset,20260910,0.4474975970181041,0.4474975970181041,0,0
weekly_state_ungated,3144,2024-01-05,2024-01-15,-0.0158038409563566,2024,2023-12-31,learned_order_offset,20260910,0.40294607271257427,0.40294607271257427,0,0
weekly_state_ungated,3149,2024-01-12,2024-01-22,-0.002333261979756,2024,2023-12-31,learned_order_offset,20260910,0.45320010017286466,0.45320010017286466,0,0
weekly_state_ungated,3154,2024-01-19,2024-01-29,0.0223511633823452,2024,2023-12-31,learned_order_offset,20260910,0.40698948981731453,0.40698948981731453,0,1
weekly_state_ungated,3159,2024-01-26,2024-02-05,-0.0513103415192826,2024,2023-12-31,learned_order_offset,20260910,0.4180998926398431,0.4180998926398431,0,0
weekly_state_ungated,3164,2024-02-02,2024-02-26,0.1015374891364462,2024,2023-12-31,learned_order_offset,20260910,0.662467427882048,0.662467427882048,1,1
weekly_state_ungated,3173,2024-02-23,2024-03-04,0.0151569053862528,2024,2023-12-31,learned_order_offset,20260910,0.6495192030104356,0.6495192030104356,1,1
weekly_state_ungated,3178,2024-03-01,2024-03-11,0.0021394031715169,2024,2023-12-31,learned_order_offset,20260910,0.5953483627631191,0.5953483627631191,1,1
weekly_state_ungated,3183,2024-03-08,2024-03-18,0.0087762342284414,2024,2023-12-31,learned_order_offset,20260910,0.5813453143574694,0.5813453143574694,1,1
weekly_state_ungated,3188,2024-03-15,2024-03-25,-0.0112802133595746,2024,2023-12-31,learned_order_offset,20260910,0.5629285714576356,0.5629285714576356,1,0
weekly_state_ungated,3193,2024-03-22,2024-04-01,0.0042044725182444,2024,2023-12-31,learned_order_offset,20260910,0.4746800194029474,0.4746800194029474,0,1
weekly_state_ungated,3198,2024-03-29,2024-04-15,-0.0219845815102011,2024,2023-12-31,learned_order_offset,20260910,0.4474975970181041,0.4474975970181041,0,0
weekly_global_validated,3144,2024-01-05,2024-01-15,-0.0158038409563566,2024,2023-12-31,learned_order_offset,20260910,0.40294607271257427,0.40294607271257427,0,0
weekly_global_validated,3149,2024-01-12,2024-01-22,-0.002333261979756,2024,2023-12-31,learned_order_offset,20260910,0.45320010017286466,0.45320010017286466,0,0
weekly_global_validated,3154,2024-01-19,2024-01-29,0.0223511633823452,2024,2023-12-31,learned_order_offset,20260910,0.40698948981731453,0.40698948981731453,0,1
weekly_global_validated,3159,2024-01-26,2024-02-05,-0.0513103415192826,2024,2023-12-31,learned_order_offset,20260910,0.4180998926398431,0.4180998926398431,0,0
weekly_global_validated,3164,2024-02-02,2024-02-26,0.1015374891364462,2024,2023-12-31,learned_order_offset,20260910,0.662467427882048,0.662467427882048,1,1
weekly_global_validated,3173,2024-02-23,2024-03-04,0.0151569053862528,2024,2023-12-31,learned_order_offset,20260910,0.6495192030104356,0.6495192030104356,1,1
weekly_global_validated,3178,2024-03-01,2024-03-11,0.0021394031715169,2024,2023-12-31,learned_order_offset,20260910,0.5953483627631191,0.5953483627631191,1,1
weekly_global_validated,3183,2024-03-08,2024-03-18,0.0087762342284414,2024,2023-12-31,learned_order_offset,20260910,0.5813453143574694,0.5813453143574694,1,1
weekly_global_validated,3188,2024-03-15,2024-03-25,-0.0112802133595746,2024,2023-12-31,learned_order_offset,20260910,0.5629285714576356,0.5629285714576356,1,0
weekly_global_validated,3193,2024-03-22,2024-04-01,0.0042044725182444,2024,2023-12-31,learned_order_offset,20260910,0.4746800194029474,0.4746800194029474,0,1
weekly_global_validated,3198,2024-03-29,2024-04-15,-0.0219845815102011,2024,2023-12-31,learned_order_offset,20260910,0.4474975970181041,0.4474975970181041,0,0
weekly_global_ungated,3144,2024-01-05,2024-01-15,-0.0158038409563566,2024,2023-12-31,learned_order_offset,20260910,0.40294607271257427,0.40294607271257427,0,0
weekly_global_ungated,3149,2024-01-12,2024-01-22,-0.002333261979756,2024,2023-12-31,learned_order_offset,20260910,0.45320010017286466,0.45320010017286466,0,0
weekly_global_ungated,3154,2024-01-19,2024-01-29,0.0223511633823452,2024,2023-12-31,learned_order_offset,20260910,0.40698948981731453,0.40698948981731453,0,1
weekly_global_ungated,3159,2024-01-26,2024-02-05,-0.0513103415192826,2024,2023-12-31,learned_order_offset,20260910,0.4180998926398431,0.4180998926398431,0,0
weekly_global_ungated,3164,2024-02-02,2024-02-26,0.1015374891364462,2024,2023-12-31,learned_order_offset,20260910,0.662467427882048,0.662467427882048,1,1
weekly_global_ungated,3173,2024-02-23,2024-03-04,0.0151569053862528,2024,2023-12-31,learned_order_offset,20260910,0.6495192030104356,0.6495192030104356,1,1
weekly_global_ungated,3178,2024-03-01,2024-03-11,0.0021394031715169,2024,2023-12-31,learned_order_offset,20260910,0.5953483627631191,0.5953483627631191,1,1
weekly_global_ungated,3183,2024-03-08,2024-03-18,0.0087762342284414,2024,2023-12-31,learned_order_offset,20260910,0.5813453143574694,0.5813453143574694,1,1
weekly_global_ungated,3188,2024-03-15,2024-03-25,-0.0112802133595746,2024,2023-12-31,learned_order_offset,20260910,0.5629285714576356,0.5629285714576356,1,0
weekly_global_ungated,3193,2024-03-22,2024-04-01,0.0042044725182444,2024,2023-12-31,learned_order_offset,20260910,0.4746800194029474,0.4746800194029474,0,1
weekly_global_ungated,3198,2024-03-29,2024-04-15,-0.0219845815102011,2024,2023-12-31,learned_order_offset,20260910,0.4474975970181041,0.4474975970181041,0,0
weekly_state_validated,3144,2024-01-05,2024-01-15,-0.0158038409563566,2024,2023-12-31,learned_order_offset,20260911,0.5039028855862143,0.5039028855862143,1,0
weekly_state_validated,3149,2024-01-12,2024-01-22,-0.002333261979756,2024,2023-12-31,learned_order_offset,20260911,0.5267036688758374,0.5267036688758374,1,0
weekly_state_validated,3154,2024-01-19,2024-01-29,0.0223511633823452,2024,2023-12-31,learned_order_offset,20260911,0.6349472157761124,0.6349472157761124,1,1
weekly_state_validated,3159,2024-01-26,2024-02-05,-0.0513103415192826,2024,2023-12-31,learned_order_offset,20260911,0.5443793909861219,0.5443793909861219,1,0
weekly_state_validated,3164,2024-02-02,2024-02-26,0.1015374891364462,2024,2023-12-31,learned_order_offset,20260911,0.5451794882867483,0.5451794882867483,1,1
weekly_state_validated,3173,2024-02-23,2024-03-04,0.0151569053862528,2024,2023-12-31,learned_order_offset,20260911,0.6109679669122872,0.6109679669122872,1,1
weekly_state_validated,3178,2024-03-01,2024-03-11,0.0021394031715169,2024,2023-12-31,learned_order_offset,20260911,0.5481247094966736,0.5481247094966736,1,1
weekly_state_validated,3183,2024-03-08,2024-03-18,0.0087762342284414,2024,2023-12-31,learned_order_offset,20260911,0.5633395909983205,0.5633395909983205,1,1
weekly_state_validated,3188,2024-03-15,2024-03-25,-0.0112802133595746,2024,2023-12-31,learned_order_offset,20260911,0.47094256842793375,0.47094256842793375,0,0
weekly_state_validated,3193,2024-03-22,2024-04-01,0.0042044725182444,2024,2023-12-31,learned_order_offset,20260911,0.4995363819528175,0.4995363819528175,0,1
weekly_state_validated,3198,2024-03-29,2024-04-15,-0.0219845815102011,2024,2023-12-31,learned_order_offset,20260911,0.3626011592845029,0.3626011592845029,0,0
weekly_state_ungated,3144,2024-01-05,2024-01-15,-0.0158038409563566,2024,2023-12-31,learned_order_offset,20260911,0.5039028855862143,0.5039028855862143,1,0
weekly_state_ungated,3149,2024-01-12,2024-01-22,-0.002333261979756,2024,2023-12-31,learned_order_offset,20260911,0.5267036688758374,0.5267036688758374,1,0
weekly_state_ungated,3154,2024-01-19,2024-01-29,0.0223511633823452,2024,2023-12-31,learned_order_offset,20260911,0.6349472157761124,0.6349472157761124,1,1
weekly_state_ungated,3159,2024-01-26,2024-02-05,-0.0513103415192826,2024,2023-12-31,learned_order_offset,20260911,0.5443793909861219,0.5443793909861219,1,0
weekly_state_ungated,3164,2024-02-02,2024-02-26,0.1015374891364462,2024,2023-12-31,learned_order_offset,20260911,0.5451794882867483,0.5451794882867483,1,1
weekly_state_ungated,3173,2024-02-23,2024-03-04,0.0151569053862528,2024,2023-12-31,learned_order_offset,20260911,0.6109679669122872,0.6109679669122872,1,1
weekly_state_ungated,3178,2024-03-01,2024-03-11,0.0021394031715169,2024,2023-12-31,learned_order_offset,20260911,0.5481247094966736,0.5481247094966736,1,1
weekly_state_ungated,3183,2024-03-08,2024-03-18,0.0087762342284414,2024,2023-12-31,learned_order_offset,20260911,0.5633395909983205,0.5633395909983205,1,1
weekly_state_ungated,3188,2024-03-15,2024-03-25,-0.0112802133595746,2024,2023-12-31,learned_order_offset,20260911,0.47094256842793375,0.47094256842793375,0,0
weekly_state_ungated,3193,2024-03-22,2024-04-01,0.0042044725182444,2024,2023-12-31,learned_order_offset,20260911,0.4995363819528175,0.4995363819528175,0,1
weekly_state_ungated,3198,2024-03-29,2024-04-15,-0.0219845815102011,2024,2023-12-31,learned_order_offset,20260911,0.3626011592845029,0.3626011592845029,0,0
weekly_global_validated,3144,2024-01-05,2024-01-15,-0.0158038409563566,2024,2023-12-31,learned_order_offset,20260911,0.5039028855862143,0.5039028855862143,1,0
weekly_global_validated,3149,2024-01-12,2024-01-22,-0.002333261979756,2024,2023-12-31,learned_order_offset,20260911,0.5267036688758374,0.5267036688758374,1,0
weekly_global_validated,3154,2024-01-19,2024-01-29,0.0223511633823452,2024,2023-12-31,learned_order_offset,20260911,0.6349472157761124,0.6349472157761124,1,1
weekly_global_validated,3159,2024-01-26,2024-02-05,-0.0513103415192826,2024,2023-12-31,learned_order_offset,20260911,0.5443793909861219,0.5443793909861219,1,0
weekly_global_validated,3164,2024-02-02,2024-02-26,0.1015374891364462,2024,2023-12-31,learned_order_offset,20260911,0.5451794882867483,0.5451794882867483,1,1
weekly_global_validated,3173,2024-02-23,2024-03-04,0.0151569053862528,2024,2023-12-31,learned_order_offset,20260911,0.6109679669122872,0.6109679669122872,1,1
weekly_global_validated,3178,2024-03-01,2024-03-11,0.0021394031715169,2024,2023-12-31,learned_order_offset,20260911,0.5481247094966736,0.5481247094966736,1,1
weekly_global_validated,3183,2024-03-08,2024-03-18,0.0087762342284414,2024,2023-12-31,learned_order_offset,20260911,0.5633395909983205,0.5633395909983205,1,1
weekly_global_validated,3188,2024-03-15,2024-03-25,-0.0112802133595746,2024,2023-12-31,learned_order_offset,20260911,0.47094256842793375,0.47094256842793375,0,0
weekly_global_validated,3193,2024-03-22,2024-04-01,0.0042044725182444,2024,2023-12-31,learned_order_offset,20260911,0.4995363819528175,0.4995363819528175,0,1
weekly_global_validated,3198,2024-03-29,2024-04-15,-0.0219845815102011,2024,2023-12-31,learned_order_offset,20260911,0.3626011592845029,0.3626011592845029,0,0
weekly_global_ungated,3144,2024-01-05,2024-01-15,-0.0158038409563566,2024,2023-12-31,learned_order_offset,20260911,0.5039028855862143,0.5039028855862143,1,0
weekly_global_ungated,3149,2024-01-12,2024-01-22,-0.002333261979756,2024,2023-12-31,learned_order_offset,20260911,0.5267036688758374,0.5267036688758374,1,0
weekly_global_ungated,3154,2024-01-19,2024-01-29,0.0223511633823452,2024,2023-12-31,learned_order_offset,20260911,0.6349472157761124,0.6349472157761124,1,1
weekly_global_ungated,3159,2024-01-26,2024-02-05,-0.0513103415192826,2024,2023-12-31,learned_order_offset,20260911,0.5443793909861219,0.5443793909861219,1,0
weekly_global_ungated,3164,2024-02-02,2024-02-26,0.1015374891364462,2024,2023-12-31,learned_order_offset,20260911,0.5451794882867483,0.5451794882867483,1,1
weekly_global_ungated,3173,2024-02-23,2024-03-04,0.0151569053862528,2024,2023-12-31,learned_order_offset,20260911,0.6109679669122872,0.6109679669122872,1,1
weekly_global_ungated,3178,2024-03-01,2024-03-11,0.0021394031715169,2024,2023-12-31,learned_order_offset,20260911,0.5481247094966736,0.5481247094966736,1,1
weekly_global_ungated,3183,2024-03-08,2024-03-18,0.0087762342284414,2024,2023-12-31,learned_order_offset,20260911,0.5633395909983205,0.5633395909983205,1,1
weekly_global_ungated,3188,2024-03-15,2024-03-25,-0.0112802133595746,2024,2023-12-31,learned_order_offset,20260911,0.47094256842793375,0.47094256842793375,0,0
weekly_global_ungated,3193,2024-03-22,2024-04-01,0.0042044725182444,2024,2023-12-31,learned_order_offset,20260911,0.4995363819528175,0.4995363819528175,0,1
weekly_global_ungated,3198,2024-03-29,2024-04-15,-0.0219845815102011,2024,2023-12-31,learned_order_offset,20260911,0.3626011592845029,0.3626011592845029,0,0
weekly_state_validated,3144,2024-01-05,2024-01-15,-0.0158038409563566,2024,2023-12-31,learned_order_offset,20260912,0.555524023910941,0.555524023910941,1,0
weekly_state_validated,3149,2024-01-12,2024-01-22,-0.002333261979756,2024,2023-12-31,learned_order_offset,20260912,0.4886344435127239,0.4886344435127239,0,0
weekly_state_validated,3154,2024-01-19,2024-01-29,0.0223511633823452,2024,2023-12-31,learned_order_offset,20260912,0.4229445653552536,0.4229445653552536,0,1
weekly_state_validated,3159,2024-01-26,2024-02-05,-0.0513103415192826,2024,2023-12-31,learned_order_offset,20260912,0.4868819752675603,0.4868819752675603,0,0
weekly_state_validated,3164,2024-02-02,2024-02-26,0.1015374891364462,2024,2023-12-31,learned_order_offset,20260912,0.5512261346233363,0.5512261346233363,1,1
weekly_state_validated,3173,2024-02-23,2024-03-04,0.0151569053862528,2024,2023-12-31,learned_order_offset,20260912,0.4383060233141652,0.4383060233141652,0,1
weekly_state_validated,3178,2024-03-01,2024-03-11,0.0021394031715169,2024,2023-12-31,learned_order_offset,20260912,0.4671863792327489,0.4671863792327489,0,1
weekly_state_validated,3183,2024-03-08,2024-03-18,0.0087762342284414,2024,2023-12-31,learned_order_offset,20260912,0.4682690873666851,0.4682690873666851,0,1
weekly_state_validated,3188,2024-03-15,2024-03-25,-0.0112802133595746,2024,2023-12-31,learned_order_offset,20260912,0.410883959095752,0.410883959095752,0,0
weekly_state_validated,3193,2024-03-22,2024-04-01,0.0042044725182444,2024,2023-12-31,learned_order_offset,20260912,0.4736922823747903,0.4736922823747903,0,1
weekly_state_validated,3198,2024-03-29,2024-04-15,-0.0219845815102011,2024,2023-12-31,learned_order_offset,20260912,0.4721761686206615,0.4721761686206615,0,0
weekly_state_ungated,3144,2024-01-05,2024-01-15,-0.0158038409563566,2024,2023-12-31,learned_order_offset,20260912,0.555524023910941,0.555524023910941,1,0
weekly_state_ungated,3149,2024-01-12,2024-01-22,-0.002333261979756,2024,2023-12-31,learned_order_offset,20260912,0.4886344435127239,0.4886344435127239,0,0
weekly_state_ungated,3154,2024-01-19,2024-01-29,0.0223511633823452,2024,2023-12-31,learned_order_offset,20260912,0.4229445653552536,0.4229445653552536,0,1
weekly_state_ungated,3159,2024-01-26,2024-02-05,-0.0513103415192826,2024,2023-12-31,learned_order_offset,20260912,0.4868819752675603,0.4868819752675603,0,0
weekly_state_ungated,3164,2024-02-02,2024-02-26,0.1015374891364462,2024,2023-12-31,learned_order_offset,20260912,0.5512261346233363,0.5512261346233363,1,1
weekly_state_ungated,3173,2024-02-23,2024-03-04,0.0151569053862528,2024,2023-12-31,learned_order_offset,20260912,0.4383060233141652,0.4383060233141652,0,1
weekly_state_ungated,3178,2024-03-01,2024-03-11,0.0021394031715169,2024,2023-12-31,learned_order_offset,20260912,0.4671863792327489,0.4671863792327489,0,1
weekly_state_ungated,3183,2024-03-08,2024-03-18,0.0087762342284414,2024,2023-12-31,learned_order_offset,20260912,0.4682690873666851,0.4682690873666851,0,1
weekly_state_ungated,3188,2024-03-15,2024-03-25,-0.0112802133595746,2024,2023-12-31,learned_order_offset,20260912,0.410883959095752,0.410883959095752,0,0
weekly_state_ungated,3193,2024-03-22,2024-04-01,0.0042044725182444,2024,2023-12-31,learned_order_offset,20260912,0.4736922823747903,0.4736922823747903,0,1
weekly_state_ungated,3198,2024-03-29,2024-04-15,-0.0219845815102011,2024,2023-12-31,learned_order_offset,20260912,0.4721761686206615,0.4721761686206615,0,0
weekly_global_validated,3144,2024-01-05,2024-01-15,-0.0158038409563566,2024,2023-12-31,learned_order_offset,20260912,0.555524023910941,0.555524023910941,1,0
weekly_global_validated,3149,2024-01-12,2024-01-22,-0.002333261979756,2024,2023-12-31,learned_order_offset,20260912,0.4886344435127239,0.4886344435127239,0,0
weekly_global_validated,3154,2024-01-19,2024-01-29,0.0223511633823452,2024,2023-12-31,learned_order_offset,20260912,0.4229445653552536,0.4229445653552536,0,1
weekly_global_validated,3159,2024-01-26,2024-02-05,-0.0513103415192826,2024,2023-12-31,learned_order_offset,20260912,0.4868819752675603,0.4868819752675603,0,0
weekly_global_validated,3164,2024-02-02,2024-02-26,0.1015374891364462,2024,2023-12-31,learned_order_offset,20260912,0.5512261346233363,0.5512261346233363,1,1
weekly_global_validated,3173,2024-02-23,2024-03-04,0.0151569053862528,2024,2023-12-31,learned_order_offset,20260912,0.4383060233141652,0.4383060233141652,0,1
weekly_global_validated,3178,2024-03-01,2024-03-11,0.0021394031715169,2024,2023-12-31,learned_order_offset,20260912,0.4671863792327489,0.4671863792327489,0,1
weekly_global_validated,3183,2024-03-08,2024-03-18,0.0087762342284414,2024,2023-12-31,learned_order_offset,20260912,0.4682690873666851,0.4682690873666851,0,1
weekly_global_validated,3188,2024-03-15,2024-03-25,-0.0112802133595746,2024,2023-12-31,learned_order_offset,20260912,0.410883959095752,0.410883959095752,0,0
weekly_global_validated,3193,2024-03-22,2024-04-01,0.0042044725182444,2024,2023-12-31,learned_order_offset,20260912,0.4736922823747903,0.4736922823747903,0,1
weekly_global_validated,3198,2024-03-29,2024-04-15,-0.0219845815102011,2024,2023-12-31,learned_order_offset,20260912,0.4721761686206615,0.4721761686206615,0,0
weekly_global_ungated,3144,2024-01-05,2024-01-15,-0.0158038409563566,2024,2023-12-31,learned_order_offset,20260912,0.555524023910941,0.555524023910941,1,0
weekly_global_ungated,3149,2024-01-12,2024-01-22,-0.002333261979756,2024,2023-12-31,learned_order_offset,20260912,0.4886344435127239,0.4886344435127239,0,0
weekly_global_ungated,3154,2024-01-19,2024-01-29,0.0223511633823452,2024,2023-12-31,learned_order_offset,20260912,0.4229445653552536,0.4229445653552536,0,1
weekly_global_ungated,3159,2024-01-26,2024-02-05,-0.0513103415192826,2024,2023-12-31,learned_order_offset,20260912,0.4868819752675603,0.4868819752675603,0,0
weekly_global_ungated,3164,2024-02-02,2024-02-26,0.1015374891364462,2024,2023-12-31,learned_order_offset,20260912,0.5512261346233363,0.5512261346233363,1,1
weekly_global_ungated,3173,2024-02-23,2024-03-04,0.0151569053862528,2024,2023-12-31,learned_order_offset,20260912,0.4383060233141652,0.4383060233141652,0,1
weekly_global_ungated,3178,2024-03-01,2024-03-11,0.0021394031715169,2024,2023-12-31,learned_order_offset,20260912,0.4671863792327489,0.4671863792327489,0,1
weekly_global_ungated,3183,2024-03-08,2024-03-18,0.0087762342284414,2024,2023-12-31,learned_order_offset,20260912,0.4682690873666851,0.4682690873666851,0,1
weekly_global_ungated,3188,2024-03-15,2024-03-25,-0.0112802133595746,2024,2023-12-31,learned_order_offset,20260912,0.410883959095752,0.410883959095752,0,0
weekly_global_ungated,3193,2024-03-22,2024-04-01,0.0042044725182444,2024,2023-12-31,learned_order_offset,20260912,0.4736922823747903,0.4736922823747903,0,1
weekly_global_ungated,3198,2024-03-29,2024-04-15,-0.0219845815102011,2024,2023-12-31,learned_order_offset,20260912,0.4721761686206615,0.4721761686206615,0,0
weekly_state_validated,3206,2024-04-12,2024-04-22,0.018045199366633,2024,2024-03-31,learned_market,20260910,0.40607560893230144,0.40607560893230144,0,1
weekly_state_validated,3211,2024-04-19,2024-04-29,0.0136757744232476,2024,2024-03-31,learned_market,20260910,0.3892776100417879,0.3892776100417879,0,1
weekly_state_validated,3216,2024-04-26,2024-05-13,0.0172434956786644,2024,2024-03-31,learned_market,20260910,0.3282744753478747,0.3282744753478747,0,1
weekly_state_validated,3223,2024-05-10,2024-05-20,0.0097933549988344,2024,2024-03-31,learned_market,20260910,0.3990687988287244,0.3990687988287244,0,1
weekly_state_validated,3228,2024-05-17,2024-05-27,-0.0204803832637164,2024,2024-03-31,learned_market,20260910,0.3897084593157539,0.3897084593157539,0,0
weekly_state_validated,3233,2024-05-24,2024-06-03,-0.0081155643048258,2024,2024-03-31,learned_market,20260910,0.43186519496988945,0.43186519496988945,0,0
weekly_state_validated,3238,2024-05-31,2024-06-11,-0.0060267570121149,2024,2024-03-31,learned_market,20260910,0.4565336986968196,0.4565336986968196,0,0
weekly_state_validated,3243,2024-06-07,2024-06-17,-0.0096686558937179,2024,2024-03-31,learned_market,20260910,0.6105718695143069,0.6105718695143069,1,0
weekly_state_validated,3247,2024-06-14,2024-06-24,-0.013573992457631,2024,2024-03-31,learned_market,20260910,0.6376020219394098,0.6376020219394098,1,0
weekly_state_validated,3252,2024-06-21,2024-07-01,-0.004427632109257,2024,2024-03-31,learned_market,20260910,0.4051722542920373,0.4051722542920373,0,0
weekly_state_validated,3257,2024-06-28,2024-07-08,-0.0108320369203009,2024,2024-03-31,learned_market,20260910,0.4968932341901334,0.4968932341901334,0,0
weekly_state_ungated,3206,2024-04-12,2024-04-22,0.018045199366633,2024,2024-03-31,learned_market,20260910,0.40471920935297784,0.40471920935297784,0,1
weekly_state_ungated,3211,2024-04-19,2024-04-29,0.0136757744232476,2024,2024-03-31,learned_market,20260910,0.38794067033664487,0.38794067033664487,0,1
weekly_state_ungated,3216,2024-04-26,2024-05-13,0.0172434956786644,2024,2024-03-31,learned_market,20260910,0.32703485538702215,0.32703485538702215,0,1
weekly_state_ungated,3223,2024-05-10,2024-05-20,0.0097933549988344,2024,2024-03-31,learned_market,20260910,0.39772013100934056,0.39772013100934056,0,1
weekly_state_ungated,3228,2024-05-17,2024-05-27,-0.0204803832637164,2024,2024-03-31,learned_market,20260910,0.38837098087733,0.38837098087733,0,0
weekly_state_ungated,3233,2024-05-24,2024-06-03,-0.0081155643048258,2024,2024-03-31,learned_market,20260910,0.43048508981801636,0.43048508981801636,0,0
weekly_state_ungated,3238,2024-05-31,2024-06-11,-0.0060267570121149,2024,2024-03-31,learned_market,20260910,0.4551379144179547,0.4551379144179547,0,0
weekly_state_ungated,3243,2024-06-07,2024-06-17,-0.0096686558937179,2024,2024-03-31,learned_market,20260910,0.6092330764276057,0.6092330764276057,1,0
weekly_state_ungated,3247,2024-06-14,2024-06-24,-0.013573992457631,2024,2024-03-31,learned_market,20260910,0.6376020219394098,0.6376020219394098,1,0
weekly_state_ungated,3252,2024-06-21,2024-07-01,-0.004427632109257,2024,2024-03-31,learned_market,20260910,0.4051722542920373,0.4051722542920373,0,0
weekly_state_ungated,3257,2024-06-28,2024-07-08,-0.0108320369203009,2024,2024-03-31,learned_market,20260910,0.4968932341901334,0.4968932341901334,0,0
weekly_global_validated,3206,2024-04-12,2024-04-22,0.018045199366633,2024,2024-03-31,learned_market,20260910,0.40607560893230144,0.40607560893230144,0,1
weekly_global_validated,3211,2024-04-19,2024-04-29,0.0136757744232476,2024,2024-03-31,learned_market,20260910,0.3892776100417879,0.3892776100417879,0,1
weekly_global_validated,3216,2024-04-26,2024-05-13,0.0172434956786644,2024,2024-03-31,learned_market,20260910,0.3282744753478747,0.3282744753478747,0,1
weekly_global_validated,3223,2024-05-10,2024-05-20,0.0097933549988344,2024,2024-03-31,learned_market,20260910,0.3990687988287244,0.3990687988287244,0,1
weekly_global_validated,3228,2024-05-17,2024-05-27,-0.0204803832637164,2024,2024-03-31,learned_market,20260910,0.3897084593157539,0.3897084593157539,0,0
weekly_global_validated,3233,2024-05-24,2024-06-03,-0.0081155643048258,2024,2024-03-31,learned_market,20260910,0.43186519496988945,0.43186519496988945,0,0
weekly_global_validated,3238,2024-05-31,2024-06-11,-0.0060267570121149,2024,2024-03-31,learned_market,20260910,0.4565336986968196,0.4565336986968196,0,0
weekly_global_validated,3243,2024-06-07,2024-06-17,-0.0096686558937179,2024,2024-03-31,learned_market,20260910,0.6105718695143069,0.6105718695143069,1,0
weekly_global_validated,3247,2024-06-14,2024-06-24,-0.013573992457631,2024,2024-03-31,learned_market,20260910,0.6713582427300896,0.6713582427300896,1,0
weekly_global_validated,3252,2024-06-21,2024-07-01,-0.004427632109257,2024,2024-03-31,learned_market,20260910,0.4416184455773017,0.4416184455773017,0,0
weekly_global_validated,3257,2024-06-28,2024-07-08,-0.0108320369203009,2024,2024-03-31,learned_market,20260910,0.5341806270801527,0.5341806270801527,1,0
weekly_global_ungated,3206,2024-04-12,2024-04-22,0.018045199366633,2024,2024-03-31,learned_market,20260910,0.3806073911294843,0.3806073911294843,0,1
weekly_global_ungated,3211,2024-04-19,2024-04-29,0.0136757744232476,2024,2024-03-31,learned_market,20260910,0.3642168600180188,0.3642168600180188,0,1
weekly_global_ungated,3216,2024-04-26,2024-05-13,0.0172434956786644,2024,2024-03-31,learned_market,20260910,0.3051785170854968,0.3051785170854968,0,1
weekly_global_ungated,3223,2024-05-10,2024-05-20,0.0097933549988344,2024,2024-03-31,learned_market,20260910,0.37376348101275464,0.37376348101275464,0,1
weekly_global_ungated,3228,2024-05-17,2024-05-27,-0.0204803832637164,2024,2024-03-31,learned_market,20260910,0.36463653286931813,0.36463653286931813,0,0
weekly_global_ungated,3233,2024-05-24,2024-06-03,-0.0081155643048258,2024,2024-03-31,learned_market,20260910,0.40588487810700463,0.40588487810700463,0,0
weekly_global_ungated,3238,2024-05-31,2024-06-11,-0.0060267570121149,2024,2024-03-31,learned_market,20260910,0.43019306599954066,0.43019306599954066,0,0
weekly_global_ungated,3243,2024-06-07,2024-06-17,-0.0096686558937179,2024,2024-03-31,learned_market,20260910,0.5849089669208004,0.5849089669208004,1,0
weekly_global_ungated,3247,2024-06-14,2024-06-24,-0.013573992457631,2024,2024-03-31,learned_market,20260910,0.6473877267643783,0.6473877267643783,1,0
weekly_global_ungated,3252,2024-06-21,2024-07-01,-0.004427632109257,2024,2024-03-31,learned_market,20260910,0.4154804753101,0.4154804753101,0,0
weekly_global_ungated,3257,2024-06-28,2024-07-08,-0.0108320369203009,2024,2024-03-31,learned_market,20260910,0.5075438723535126,0.5075438723535126,1,0
weekly_state_validated,3206,2024-04-12,2024-04-22,0.018045199366633,2024,2024-03-31,learned_market,20260911,0.4010137779932345,0.4010137779932345,0,1
weekly_state_validated,3211,2024-04-19,2024-04-29,0.0136757744232476,2024,2024-03-31,learned_market,20260911,0.6881239388416772,0.6881239388416772,1,1
weekly_state_validated,3216,2024-04-26,2024-05-13,0.0172434956786644,2024,2024-03-31,learned_market,20260911,0.7017626392504613,0.7017626392504613,1,1
weekly_state_validated,3223,2024-05-10,2024-05-20,0.0097933549988344,2024,2024-03-31,learned_market,20260911,0.34643372246634235,0.34643372246634235,0,1
weekly_state_validated,3228,2024-05-17,2024-05-27,-0.0204803832637164,2024,2024-03-31,learned_market,20260911,0.4431227189539159,0.4431227189539159,0,0
weekly_state_validated,3233,2024-05-24,2024-06-03,-0.0081155643048258,2024,2024-03-31,learned_market,20260911,0.37604335071722716,0.37604335071722716,0,0
weekly_state_validated,3238,2024-05-31,2024-06-11,-0.0060267570121149,2024,2024-03-31,learned_market,20260911,0.4623695985721365,0.4623695985721365,0,0
weekly_state_validated,3243,2024-06-07,2024-06-17,-0.0096686558937179,2024,2024-03-31,learned_market,20260911,0.4582644121723416,0.4582644121723416,0,0
weekly_state_validated,3247,2024-06-14,2024-06-24,-0.013573992457631,2024,2024-03-31,learned_market,20260911,0.5074392493998723,0.5074392493998723,1,0
weekly_state_validated,3252,2024-06-21,2024-07-01,-0.004427632109257,2024,2024-03-31,learned_market,20260911,0.43192866182173273,0.43192866182173273,0,0
weekly_state_validated,3257,2024-06-28,2024-07-08,-0.0108320369203009,2024,2024-03-31,learned_market,20260911,0.47202014906495937,0.47202014906495937,0,0
weekly_state_ungated,3206,2024-04-12,2024-04-22,0.018045199366633,2024,2024-03-31,learned_market,20260911,0.3978016474951871,0.3978016474951871,0,1
weekly_state_ungated,3211,2024-04-19,2024-04-29,0.0136757744232476,2024,2024-03-31,learned_market,20260911,0.6852429842768001,0.6852429842768001,1,1
weekly_state_ungated,3216,2024-04-26,2024-05-13,0.0172434956786644,2024,2024-03-31,learned_market,20260911,0.6989525538788174,0.6989525538788174,1,1
weekly_state_ungated,3223,2024-05-10,2024-05-20,0.0097933549988344,2024,2024-03-31,learned_market,20260911,0.343408133116354,0.343408133116354,0,1
weekly_state_ungated,3228,2024-05-17,2024-05-27,-0.0204803832637164,2024,2024-03-31,learned_market,20260911,0.43982096129120807,0.43982096129120807,0,0
weekly_state_ungated,3233,2024-05-24,2024-06-03,-0.0081155643048258,2024,2024-03-31,learned_market,20260911,0.3729067127924651,0.3729067127924651,0,0
weekly_state_ungated,3238,2024-05-31,2024-06-11,-0.0060267570121149,2024,2024-03-31,learned_market,20260911,0.45904264589351973,0.45904264589351973,0,0
weekly_state_ungated,3243,2024-06-07,2024-06-17,-0.0096686558937179,2024,2024-03-31,learned_market,20260911,0.4549420025801414,0.4549420025801414,0,0
weekly_state_ungated,3247,2024-06-14,2024-06-24,-0.013573992457631,2024,2024-03-31,learned_market,20260911,0.5074392493998723,0.5074392493998723,1,0
weekly_state_ungated,3252,2024-06-21,2024-07-01,-0.004427632109257,2024,2024-03-31,learned_market,20260911,0.43192866182173273,0.43192866182173273,0,0
weekly_state_ungated,3257,2024-06-28,2024-07-08,-0.0108320369203009,2024,2024-03-31,learned_market,20260911,0.47202014906495937,0.47202014906495937,0,0
weekly_global_validated,3206,2024-04-12,2024-04-22,0.018045199366633,2024,2024-03-31,learned_market,20260911,0.4010137779932345,0.4010137779932345,0,1
weekly_global_validated,3211,2024-04-19,2024-04-29,0.0136757744232476,2024,2024-03-31,learned_market,20260911,0.6881239388416772,0.6881239388416772,1,1
weekly_global_validated,3216,2024-04-26,2024-05-13,0.0172434956786644,2024,2024-03-31,learned_market,20260911,0.7017626392504613,0.7017626392504613,1,1
weekly_global_validated,3223,2024-05-10,2024-05-20,0.0097933549988344,2024,2024-03-31,learned_market,20260911,0.34643372246634235,0.34643372246634235,0,1
weekly_global_validated,3228,2024-05-17,2024-05-27,-0.0204803832637164,2024,2024-03-31,learned_market,20260911,0.4431227189539159,0.4431227189539159,0,0
weekly_global_validated,3233,2024-05-24,2024-06-03,-0.0081155643048258,2024,2024-03-31,learned_market,20260911,0.37604335071722716,0.37604335071722716,0,0
weekly_global_validated,3238,2024-05-31,2024-06-11,-0.0060267570121149,2024,2024-03-31,learned_market,20260911,0.4623695985721365,0.4623695985721365,0,0
weekly_global_validated,3243,2024-06-07,2024-06-17,-0.0096686558937179,2024,2024-03-31,learned_market,20260911,0.4582644121723416,0.4582644121723416,0,0
weekly_global_validated,3247,2024-06-14,2024-06-24,-0.013573992457631,2024,2024-03-31,learned_market,20260911,0.547653314525006,0.547653314525006,1,0
weekly_global_validated,3252,2024-06-21,2024-07-01,-0.004427632109257,2024,2024-03-31,learned_market,20260911,0.47189161681005365,0.47189161681005365,0,0
weekly_global_validated,3257,2024-06-28,2024-07-08,-0.0108320369203009,2024,2024-03-31,learned_market,20260911,0.5123469688343429,0.5123469688343429,1,0
weekly_global_ungated,3206,2024-04-12,2024-04-22,0.018045199366633,2024,2024-03-31,learned_market,20260911,0.3776591239444168,0.3776591239444168,0,1
weekly_global_ungated,3211,2024-04-19,2024-04-29,0.0136757744232476,2024,2024-03-31,learned_market,20260911,0.6666583891892698,0.6666583891892698,1,1
weekly_global_ungated,3216,2024-04-26,2024-05-13,0.0172434956786644,2024,2024-03-31,learned_market,20260911,0.6808003625145099,0.6808003625145099,1,1
weekly_global_ungated,3223,2024-05-10,2024-05-20,0.0097933549988344,2024,2024-03-31,learned_market,20260911,0.32453551859488566,0.32453551859488566,0,1
weekly_global_ungated,3228,2024-05-17,2024-05-27,-0.0204803832637164,2024,2024-03-31,learned_market,20260911,0.4190312890476036,0.4190312890476036,0,0
weekly_global_ungated,3233,2024-05-24,2024-06-03,-0.0081155643048258,2024,2024-03-31,learned_market,20260911,0.35328522380648847,0.35328522380648847,0,0
weekly_global_ungated,3238,2024-05-31,2024-06-11,-0.0060267570121149,2024,2024-03-31,learned_market,20260911,0.43805489491939,0.43805489491939,0,0
weekly_global_ungated,3243,2024-06-07,2024-06-17,-0.0096686558937179,2024,2024-03-31,learned_market,20260911,0.4339913237508045,0.4339913237508045,0,0
weekly_global_ungated,3247,2024-06-14,2024-06-24,-0.013573992457631,2024,2024-03-31,learned_market,20260911,0.5232183881215394,0.5232183881215394,1,0
weekly_global_ungated,3252,2024-06-21,2024-07-01,-0.004427632109257,2024,2024-03-31,learned_market,20260911,0.4474929613364893,0.4474929613364893,0,0
weekly_global_ungated,3257,2024-06-28,2024-07-08,-0.0108320369203009,2024,2024-03-31,learned_market,20260911,0.4877886171694374,0.4877886171694374,0,0
weekly_state_validated,3206,2024-04-12,2024-04-22,0.018045199366633,2024,2024-03-31,learned_market,20260912,0.5884547036684491,0.5884547036684491,1,1
weekly_state_validated,3211,2024-04-19,2024-04-29,0.0136757744232476,2024,2024-03-31,learned_market,20260912,0.6010925671138769,0.6010925671138769,1,1
weekly_state_validated,3216,2024-04-26,2024-05-13,0.0172434956786644,2024,2024-03-31,learned_market,20260912,0.44046614548943686,0.44046614548943686,0,1
weekly_state_validated,3223,2024-05-10,2024-05-20,0.0097933549988344,2024,2024-03-31,learned_market,20260912,0.26259823398744064,0.26259823398744064,0,1
weekly_state_validated,3228,2024-05-17,2024-05-27,-0.0204803832637164,2024,2024-03-31,learned_market,20260912,0.25562213134474004,0.25562213134474004,0,0
weekly_state_validated,3233,2024-05-24,2024-06-03,-0.0081155643048258,2024,2024-03-31,learned_market,20260912,0.29490360620746897,0.29490360620746897,0,0
weekly_state_validated,3238,2024-05-31,2024-06-11,-0.0060267570121149,2024,2024-03-31,learned_market,20260912,0.3110520233043453,0.3110520233043453,0,0
weekly_state_validated,3243,2024-06-07,2024-06-17,-0.0096686558937179,2024,2024-03-31,learned_market,20260912,0.3842886357568022,0.3842886357568022,0,0
weekly_state_validated,3247,2024-06-14,2024-06-24,-0.013573992457631,2024,2024-03-31,learned_market,20260912,0.37276002437746025,0.37276002437746025,0,0
weekly_state_validated,3252,2024-06-21,2024-07-01,-0.004427632109257,2024,2024-03-31,learned_market,20260912,0.414999095855871,0.414999095855871,0,0
weekly_state_validated,3257,2024-06-28,2024-07-08,-0.0108320369203009,2024,2024-03-31,learned_market,20260912,0.39895911795336797,0.39895911795336797,0,0
weekly_state_ungated,3206,2024-04-12,2024-04-22,0.018045199366633,2024,2024-03-31,learned_market,20260912,0.5897756645757769,0.5897756645757769,1,1
weekly_state_ungated,3211,2024-04-19,2024-04-29,0.0136757744232476,2024,2024-03-31,learned_market,20260912,0.6024003716337166,0.6024003716337166,1,1
weekly_state_ungated,3216,2024-04-26,2024-05-13,0.0172434956786644,2024,2024-03-31,learned_market,20260912,0.4418115376594799,0.4418115376594799,0,1
weekly_state_ungated,3223,2024-05-10,2024-05-20,0.0097933549988344,2024,2024-03-31,learned_market,20260912,0.26365633678178124,0.26365633678178124,0,1
weekly_state_ungated,3228,2024-05-17,2024-05-27,-0.0204803832637164,2024,2024-03-31,learned_market,20260912,0.25666190867932936,0.25666190867932936,0,0
weekly_state_ungated,3233,2024-05-24,2024-06-03,-0.0081155643048258,2024,2024-03-31,learned_market,20260912,0.296039620529175,0.296039620529175,0,0
weekly_state_ungated,3238,2024-05-31,2024-06-11,-0.0060267570121149,2024,2024-03-31,learned_market,20260912,0.3122226983907367,0.3122226983907367,0,0
weekly_state_ungated,3243,2024-06-07,2024-06-17,-0.0096686558937179,2024,2024-03-31,learned_market,20260912,0.38558068156188186,0.38558068156188186,0,0
weekly_state_ungated,3247,2024-06-14,2024-06-24,-0.013573992457631,2024,2024-03-31,learned_market,20260912,0.37276002437746025,0.37276002437746025,0,0
weekly_state_ungated,3252,2024-06-21,2024-07-01,-0.004427632109257,2024,2024-03-31,learned_market,20260912,0.414999095855871,0.414999095855871,0,0
weekly_state_ungated,3257,2024-06-28,2024-07-08,-0.0108320369203009,2024,2024-03-31,learned_market,20260912,0.39895911795336797,0.39895911795336797,0,0
weekly_global_validated,3206,2024-04-12,2024-04-22,0.018045199366633,2024,2024-03-31,learned_market,20260912,0.5884547036684491,0.5884547036684491,1,1
weekly_global_validated,3211,2024-04-19,2024-04-29,0.0136757744232476,2024,2024-03-31,learned_market,20260912,0.6010925671138769,0.6010925671138769,1,1
weekly_global_validated,3216,2024-04-26,2024-05-13,0.0172434956786644,2024,2024-03-31,learned_market,20260912,0.44046614548943686,0.44046614548943686,0,1
weekly_global_validated,3223,2024-05-10,2024-05-20,0.0097933549988344,2024,2024-03-31,learned_market,20260912,0.26259823398744064,0.26259823398744064,0,1
weekly_global_validated,3228,2024-05-17,2024-05-27,-0.0204803832637164,2024,2024-03-31,learned_market,20260912,0.25562213134474004,0.25562213134474004,0,0
weekly_global_validated,3233,2024-05-24,2024-06-03,-0.0081155643048258,2024,2024-03-31,learned_market,20260912,0.29490360620746897,0.29490360620746897,0,0
weekly_global_validated,3238,2024-05-31,2024-06-11,-0.0060267570121149,2024,2024-03-31,learned_market,20260912,0.3110520233043453,0.3110520233043453,0,0
weekly_global_validated,3243,2024-06-07,2024-06-17,-0.0096686558937179,2024,2024-03-31,learned_market,20260912,0.3842886357568022,0.3842886357568022,0,0
weekly_global_validated,3247,2024-06-14,2024-06-24,-0.013573992457631,2024,2024-03-31,learned_market,20260912,0.4060511684917983,0.4060511684917983,0,0
weekly_global_validated,3252,2024-06-21,2024-07-01,-0.004427632109257,2024,2024-03-31,learned_market,20260912,0.44936005072663476,0.44936005072663476,0,0
weekly_global_validated,3257,2024-06-28,2024-07-08,-0.0108320369203009,2024,2024-03-31,learned_market,20260912,0.43297494254632307,0.43297494254632307,0,0
weekly_global_ungated,3206,2024-04-12,2024-04-22,0.018045199366633,2024,2024-03-31,learned_market,20260912,0.5719032249175725,0.5719032249175725,1,1
weekly_global_ungated,3211,2024-04-19,2024-04-29,0.0136757744232476,2024,2024-03-31,learned_market,20260912,0.5846906398013934,0.5846906398013934,1,1
weekly_global_ungated,3216,2024-04-26,2024-05-13,0.0172434956786644,2024,2024-03-31,learned_market,20260912,0.42379081236415345,0.42379081236415345,0,1
weekly_global_ungated,3223,2024-05-10,2024-05-20,0.0097933549988344,2024,2024-03-31,learned_market,20260912,0.2496522158426325,0.2496522158426325,0,1
weekly_global_ungated,3228,2024-05-17,2024-05-27,-0.0204803832637164,2024,2024-03-31,learned_market,20260912,0.24290674278834765,0.24290674278834765,0,0
weekly_global_ungated,3233,2024-05-24,2024-06-03,-0.0081155643048258,2024,2024-03-31,learned_market,20260912,0.28097178730463357,0.28097178730463357,0,0
weekly_global_ungated,3238,2024-05-31,2024-06-11,-0.0060267570121149,2024,2024-03-31,learned_market,20260912,0.29667831441465514,0.29667831441465514,0,0
weekly_global_ungated,3243,2024-06-07,2024-06-17,-0.0096686558937179,2024,2024-03-31,learned_market,20260912,0.36834003074090504,0.36834003074090504,0,0
weekly_global_ungated,3247,2024-06-14,2024-06-24,-0.013573992457631,2024,2024-03-31,learned_market,20260912,0.3897711341027111,0.3897711341027111,0,0
weekly_global_ungated,3252,2024-06-21,2024-07-01,-0.004427632109257,2024,2024-03-31,learned_market,20260912,0.4326083380587655,0.4326083380587655,0,0
weekly_global_ungated,3257,2024-06-28,2024-07-08,-0.0108320369203009,2024,2024-03-31,learned_market,20260912,0.41637217221090855,0.41637217221090855,0,0
weekly_state_validated,3206,2024-04-12,2024-04-22,0.018045199366633,2024,2024-03-31,learned_vol_interaction,20260910,0.3996858180028398,0.3996858180028398,0,1
weekly_state_validated,3211,2024-04-19,2024-04-29,0.0136757744232476,2024,2024-03-31,learned_vol_interaction,20260910,0.37319633634071175,0.37319633634071175,0,1
weekly_state_validated,3216,2024-04-26,2024-05-13,0.0172434956786644,2024,2024-03-31,learned_vol_interaction,20260910,0.3146645175119406,0.3146645175119406,0,1
weekly_state_validated,3223,2024-05-10,2024-05-20,0.0097933549988344,2024,2024-03-31,learned_vol_interaction,20260910,0.37518028476500903,0.37518028476500903,0,1
weekly_state_validated,3228,2024-05-17,2024-05-27,-0.0204803832637164,2024,2024-03-31,learned_vol_interaction,20260910,0.3743945093004113,0.3743945093004113,0,0
weekly_state_validated,3233,2024-05-24,2024-06-03,-0.0081155643048258,2024,2024-03-31,learned_vol_interaction,20260910,0.41682706486348087,0.41682706486348087,0,0
weekly_state_validated,3238,2024-05-31,2024-06-11,-0.0060267570121149,2024,2024-03-31,learned_vol_interaction,20260910,0.4492331097002634,0.4492331097002634,0,0
weekly_state_validated,3243,2024-06-07,2024-06-17,-0.0096686558937179,2024,2024-03-31,learned_vol_interaction,20260910,0.646939742462589,0.646939742462589,1,0
weekly_state_validated,3247,2024-06-14,2024-06-24,-0.013573992457631,2024,2024-03-31,learned_vol_interaction,20260910,0.6980851046198824,0.6980851046198824,1,0
weekly_state_validated,3252,2024-06-21,2024-07-01,-0.004427632109257,2024,2024-03-31,learned_vol_interaction,20260910,0.4208272943376722,0.4208272943376722,0,0
weekly_state_validated,3257,2024-06-28,2024-07-08,-0.0108320369203009,2024,2024-03-31,learned_vol_interaction,20260910,0.541059681958703,0.541059681958703,1,0
weekly_state_ungated,3206,2024-04-12,2024-04-22,0.018045199366633,2024,2024-03-31,learned_vol_interaction,20260910,0.3986882022357075,0.3986882022357075,0,1
weekly_state_ungated,3211,2024-04-19,2024-04-29,0.0136757744232476,2024,2024-03-31,learned_vol_interaction,20260910,0.372223842116829,0.372223842116829,0,1
weekly_state_ungated,3216,2024-04-26,2024-05-13,0.0172434956786644,2024,2024-03-31,learned_vol_interaction,20260910,0.31376819675074913,0.31376819675074913,0,1
weekly_state_ungated,3223,2024-05-10,2024-05-20,0.0097933549988344,2024,2024-03-31,learned_vol_interaction,20260910,0.374205707113861,0.374205707113861,0,1
weekly_state_ungated,3228,2024-05-17,2024-05-27,-0.0204803832637164,2024,2024-03-31,learned_vol_interaction,20260910,0.37342075291491517,0.37342075291491517,0,0
weekly_state_ungated,3233,2024-05-24,2024-06-03,-0.0081155643048258,2024,2024-03-31,learned_vol_interaction,20260910,0.4158162998834458,0.4158162998834458,0,0
weekly_state_ungated,3238,2024-05-31,2024-06-11,-0.0060267570121149,2024,2024-03-31,learned_vol_interaction,20260910,0.44820415792161394,0.44820415792161394,0,0
weekly_state_ungated,3243,2024-06-07,2024-06-17,-0.0096686558937179,2024,2024-03-31,learned_vol_interaction,20260910,0.645989082227247,0.645989082227247,1,0
weekly_state_ungated,3247,2024-06-14,2024-06-24,-0.013573992457631,2024,2024-03-31,learned_vol_interaction,20260910,0.6980851046198824,0.6980851046198824,1,0
weekly_state_ungated,3252,2024-06-21,2024-07-01,-0.004427632109257,2024,2024-03-31,learned_vol_interaction,20260910,0.4208272943376722,0.4208272943376722,0,0
weekly_state_ungated,3257,2024-06-28,2024-07-08,-0.0108320369203009,2024,2024-03-31,learned_vol_interaction,20260910,0.541059681958703,0.541059681958703,1,0
weekly_global_validated,3206,2024-04-12,2024-04-22,0.018045199366633,2024,2024-03-31,learned_vol_interaction,20260910,0.3996858180028398,0.3996858180028398,0,1
weekly_global_validated,3211,2024-04-19,2024-04-29,0.0136757744232476,2024,2024-03-31,learned_vol_interaction,20260910,0.37319633634071175,0.37319633634071175,0,1
weekly_global_validated,3216,2024-04-26,2024-05-13,0.0172434956786644,2024,2024-03-31,learned_vol_interaction,20260910,0.3146645175119406,0.3146645175119406,0,1
weekly_global_validated,3223,2024-05-10,2024-05-20,0.0097933549988344,2024,2024-03-31,learned_vol_interaction,20260910,0.37518028476500903,0.37518028476500903,0,1
weekly_global_validated,3228,2024-05-17,2024-05-27,-0.0204803832637164,2024,2024-03-31,learned_vol_interaction,20260910,0.3743945093004113,0.3743945093004113,0,0
weekly_global_validated,3233,2024-05-24,2024-06-03,-0.0081155643048258,2024,2024-03-31,learned_vol_interaction,20260910,0.41682706486348087,0.41682706486348087,0,0
weekly_global_validated,3238,2024-05-31,2024-06-11,-0.0060267570121149,2024,2024-03-31,learned_vol_interaction,20260910,0.4492331097002634,0.4492331097002634,0,0
weekly_global_validated,3243,2024-06-07,2024-06-17,-0.0096686558937179,2024,2024-03-31,learned_vol_interaction,20260910,0.646939742462589,0.646939742462589,1,0
weekly_global_validated,3247,2024-06-14,2024-06-24,-0.013573992457631,2024,2024-03-31,learned_vol_interaction,20260910,0.728816996452314,0.728816996452314,1,0
weekly_global_validated,3252,2024-06-21,2024-07-01,-0.004427632109257,2024,2024-03-31,learned_vol_interaction,20260910,0.45786386069259544,0.45786386069259544,0,0
weekly_global_validated,3257,2024-06-28,2024-07-08,-0.0108320369203009,2024,2024-03-31,learned_vol_interaction,20260910,0.5781155623946855,0.5781155623946855,1,0
weekly_global_ungated,3206,2024-04-12,2024-04-22,0.018045199366633,2024,2024-03-31,learned_vol_interaction,20260910,0.3748722356400233,0.3748722356400233,0,1
weekly_global_ungated,3211,2024-04-19,2024-04-29,0.0136757744232476,2024,2024-03-31,learned_vol_interaction,20260910,0.3490710255429068,0.3490710255429068,0,1
weekly_global_ungated,3216,2024-04-26,2024-05-13,0.0172434956786644,2024,2024-03-31,learned_vol_interaction,20260910,0.2925569374099884,0.2925569374099884,0,1
weekly_global_ungated,3223,2024-05-10,2024-05-20,0.0097933549988344,2024,2024-03-31,learned_vol_interaction,20260910,0.3509985405010009,0.3509985405010009,0,1
weekly_global_ungated,3228,2024-05-17,2024-05-27,-0.0204803832637164,2024,2024-03-31,learned_vol_interaction,20260910,0.3502350220903455,0.3502350220903455,0,0
weekly_global_ungated,3233,2024-05-24,2024-06-03,-0.0081155643048258,2024,2024-03-31,learned_vol_interaction,20260910,0.39164357271528766,0.39164357271528766,0,0
weekly_global_ungated,3238,2024-05-31,2024-06-11,-0.0060267570121149,2024,2024-03-31,learned_vol_interaction,20260910,0.4235135950264588,0.4235135950264588,0,0
weekly_global_ungated,3243,2024-06-07,2024-06-17,-0.0096686558937179,2024,2024-03-31,learned_vol_interaction,20260910,0.6226985340332128,0.6226985340332128,1,0
weekly_global_ungated,3247,2024-06-14,2024-06-24,-0.013573992457631,2024,2024-03-31,learned_vol_interaction,20260910,0.7076571290694483,0.7076571290694483,1,0
weekly_global_ungated,3252,2024-06-21,2024-07-01,-0.004427632109257,2024,2024-03-31,learned_vol_interaction,20260910,0.4320378265928808,0.4320378265928808,0,0
weekly_global_ungated,3257,2024-06-28,2024-07-08,-0.0108320369203009,2024,2024-03-31,learned_vol_interaction,20260910,0.5524181704003456,0.5524181704003456,1,0
weekly_state_validated,3206,2024-04-12,2024-04-22,0.018045199366633,2024,2024-03-31,learned_vol_interaction,20260911,0.4005671244257861,0.4005671244257861,0,1
weekly_state_validated,3211,2024-04-19,2024-04-29,0.0136757744232476,2024,2024-03-31,learned_vol_interaction,20260911,0.6887193746097363,0.6887193746097363,1,1
weekly_state_validated,3216,2024-04-26,2024-05-13,0.0172434956786644,2024,2024-03-31,learned_vol_interaction,20260911,0.7022970676469774,0.7022970676469774,1,1
weekly_state_validated,3223,2024-05-10,2024-05-20,0.0097933549988344,2024,2024-03-31,learned_vol_interaction,20260911,0.3455594321474703,0.3455594321474703,0,1
weekly_state_validated,3228,2024-05-17,2024-05-27,-0.0204803832637164,2024,2024-03-31,learned_vol_interaction,20260911,0.44349832999365935,0.44349832999365935,0,0
weekly_state_validated,3233,2024-05-24,2024-06-03,-0.0081155643048258,2024,2024-03-31,learned_vol_interaction,20260911,0.37584176621168797,0.37584176621168797,0,0
weekly_state_validated,3238,2024-05-31,2024-06-11,-0.0060267570121149,2024,2024-03-31,learned_vol_interaction,20260911,0.462679170258509,0.462679170258509,0,0
weekly_state_validated,3243,2024-06-07,2024-06-17,-0.0096686558937179,2024,2024-03-31,learned_vol_interaction,20260911,0.45791502581125104,0.45791502581125104,0,0
weekly_state_validated,3247,2024-06-14,2024-06-24,-0.013573992457631,2024,2024-03-31,learned_vol_interaction,20260911,0.5064104921443796,0.5064104921443796,1,0
weekly_state_validated,3252,2024-06-21,2024-07-01,-0.004427632109257,2024,2024-03-31,learned_vol_interaction,20260911,0.43075788340227716,0.43075788340227716,0,0
weekly_state_validated,3257,2024-06-28,2024-07-08,-0.0108320369203009,2024,2024-03-31,learned_vol_interaction,20260911,0.4707902914965178,0.4707902914965178,0,0
weekly_state_ungated,3206,2024-04-12,2024-04-22,0.018045199366633,2024,2024-03-31,learned_vol_interaction,20260911,0.39789505259489616,0.39789505259489616,0,1
weekly_state_ungated,3211,2024-04-19,2024-04-29,0.0136757744232476,2024,2024-03-31,learned_vol_interaction,20260911,0.6863259401716751,0.6863259401716751,1,1
weekly_state_ungated,3216,2024-04-26,2024-05-13,0.0172434956786644,2024,2024-03-31,learned_vol_interaction,20260911,0.6999625511384415,0.6999625511384415,1,1
weekly_state_ungated,3223,2024-05-10,2024-05-20,0.0097933549988344,2024,2024-03-31,learned_vol_interaction,20260911,0.34304430779764794,0.34304430779764794,0,1
weekly_state_ungated,3228,2024-05-17,2024-05-27,-0.0204803832637164,2024,2024-03-31,learned_vol_interaction,20260911,0.44075044681957803,0.44075044681957803,0,0
weekly_state_ungated,3233,2024-05-24,2024-06-03,-0.0081155643048258,2024,2024-03-31,learned_vol_interaction,20260911,0.37323193433551616,0.37323193433551616,0,0
weekly_state_ungated,3238,2024-05-31,2024-06-11,-0.0060267570121149,2024,2024-03-31,learned_vol_interaction,20260911,0.4599106597010075,0.4599106597010075,0,0
weekly_state_ungated,3243,2024-06-07,2024-06-17,-0.0096686558937179,2024,2024-03-31,learned_vol_interaction,20260911,0.4551508746919881,0.4551508746919881,0,0
weekly_state_ungated,3247,2024-06-14,2024-06-24,-0.013573992457631,2024,2024-03-31,learned_vol_interaction,20260911,0.5064104921443796,0.5064104921443796,1,0
weekly_state_ungated,3252,2024-06-21,2024-07-01,-0.004427632109257,2024,2024-03-31,learned_vol_interaction,20260911,0.43075788340227716,0.43075788340227716,0,0
weekly_state_ungated,3257,2024-06-28,2024-07-08,-0.0108320369203009,2024,2024-03-31,learned_vol_interaction,20260911,0.4707902914965178,0.4707902914965178,0,0
weekly_global_validated,3206,2024-04-12,2024-04-22,0.018045199366633,2024,2024-03-31,learned_vol_interaction,20260911,0.4005671244257861,0.4005671244257861,0,1
weekly_global_validated,3211,2024-04-19,2024-04-29,0.0136757744232476,2024,2024-03-31,learned_vol_interaction,20260911,0.6887193746097363,0.6887193746097363,1,1
weekly_global_validated,3216,2024-04-26,2024-05-13,0.0172434956786644,2024,2024-03-31,learned_vol_interaction,20260911,0.7022970676469774,0.7022970676469774,1,1
weekly_global_validated,3223,2024-05-10,2024-05-20,0.0097933549988344,2024,2024-03-31,learned_vol_interaction,20260911,0.3455594321474703,0.3455594321474703,0,1
weekly_global_validated,3228,2024-05-17,2024-05-27,-0.0204803832637164,2024,2024-03-31,learned_vol_interaction,20260911,0.44349832999365935,0.44349832999365935,0,0
weekly_global_validated,3233,2024-05-24,2024-06-03,-0.0081155643048258,2024,2024-03-31,learned_vol_interaction,20260911,0.37584176621168797,0.37584176621168797,0,0
weekly_global_validated,3238,2024-05-31,2024-06-11,-0.0060267570121149,2024,2024-03-31,learned_vol_interaction,20260911,0.462679170258509,0.462679170258509,0,0
weekly_global_validated,3243,2024-06-07,2024-06-17,-0.0096686558937179,2024,2024-03-31,learned_vol_interaction,20260911,0.45791502581125104,0.45791502581125104,0,0
weekly_global_validated,3247,2024-06-14,2024-06-24,-0.013573992457631,2024,2024-03-31,learned_vol_interaction,20260911,0.5487064397258339,0.5487064397258339,1,0
weekly_global_validated,3252,2024-06-21,2024-07-01,-0.004427632109257,2024,2024-03-31,learned_vol_interaction,20260911,0.4727875387503036,0.4727875387503036,0,0
weekly_global_validated,3257,2024-06-28,2024-07-08,-0.0108320369203009,2024,2024-03-31,learned_vol_interaction,20260911,0.5132044653177142,0.5132044653177142,1,0
weekly_global_ungated,3206,2024-04-12,2024-04-22,0.018045199366633,2024,2024-03-31,learned_vol_interaction,20260911,0.37636022904815236,0.37636022904815236,0,1
weekly_global_ungated,3211,2024-04-19,2024-04-29,0.0136757744232476,2024,2024-03-31,learned_vol_interaction,20260911,0.6664596016390438,0.6664596016390438,1,1
weekly_global_ungated,3216,2024-04-26,2024-05-13,0.0172434956786644,2024,2024-03-31,learned_vol_interaction,20260911,0.6805578955618172,0.6805578955618172,1,1
weekly_global_ungated,3223,2024-05-10,2024-05-20,0.0097933549988344,2024,2024-03-31,learned_vol_interaction,20260911,0.322886147654684,0.322886147654684,0,1
weekly_global_ungated,3228,2024-05-17,2024-05-27,-0.0204803832637164,2024,2024-03-31,learned_vol_interaction,20260911,0.4185083770424811,0.4185083770424811,0,0
weekly_global_ungated,3233,2024-05-24,2024-06-03,-0.0081155643048258,2024,2024-03-31,learned_vol_interaction,20260911,0.3522510151146475,0.3522510151146475,0,0
weekly_global_ungated,3238,2024-05-31,2024-06-11,-0.0060267570121149,2024,2024-03-31,learned_vol_interaction,20260911,0.43745802102999576,0.43745802102999576,0,0
weekly_global_ungated,3243,2024-06-07,2024-06-17,-0.0096686558937179,2024,2024-03-31,learned_vol_interaction,20260911,0.43274442061582885,0.43274442061582885,0,0
weekly_global_ungated,3247,2024-06-14,2024-06-24,-0.013573992457631,2024,2024-03-31,learned_vol_interaction,20260911,0.5233634784069116,0.5233634784069116,1,0
weekly_global_ungated,3252,2024-06-21,2024-07-01,-0.004427632109257,2024,2024-03-31,learned_vol_interaction,20260911,0.44747425256811524,0.44747425256811524,0,0
weekly_global_ungated,3257,2024-06-28,2024-07-08,-0.0108320369203009,2024,2024-03-31,learned_vol_interaction,20260911,0.48772911981046463,0.48772911981046463,0,0
weekly_state_validated,3206,2024-04-12,2024-04-22,0.018045199366633,2024,2024-03-31,learned_vol_interaction,20260912,0.6033137229015121,0.6033137229015121,1,1
weekly_state_validated,3211,2024-04-19,2024-04-29,0.0136757744232476,2024,2024-03-31,learned_vol_interaction,20260912,0.6013392386798665,0.6013392386798665,1,1
weekly_state_validated,3216,2024-04-26,2024-05-13,0.0172434956786644,2024,2024-03-31,learned_vol_interaction,20260912,0.43642493305163865,0.43642493305163865,0,1
weekly_state_validated,3223,2024-05-10,2024-05-20,0.0097933549988344,2024,2024-03-31,learned_vol_interaction,20260912,0.26616465038111153,0.26616465038111153,0,1
weekly_state_validated,3228,2024-05-17,2024-05-27,-0.0204803832637164,2024,2024-03-31,learned_vol_interaction,20260912,0.2488786215709529,0.2488786215709529,0,0
weekly_state_validated,3233,2024-05-24,2024-06-03,-0.0081155643048258,2024,2024-03-31,learned_vol_interaction,20260912,0.28744477926146755,0.28744477926146755,0,0
weekly_state_validated,3238,2024-05-31,2024-06-11,-0.0060267570121149,2024,2024-03-31,learned_vol_interaction,20260912,0.3030632705456588,0.3030632705456588,0,0
weekly_state_validated,3243,2024-06-07,2024-06-17,-0.0096686558937179,2024,2024-03-31,learned_vol_interaction,20260912,0.3753543443366508,0.3753543443366508,0,0
weekly_state_validated,3247,2024-06-14,2024-06-24,-0.013573992457631,2024,2024-03-31,learned_vol_interaction,20260912,0.36511601565748103,0.36511601565748103,0,0
weekly_state_validated,3252,2024-06-21,2024-07-01,-0.004427632109257,2024,2024-03-31,learned_vol_interaction,20260912,0.4164713996979496,0.4164713996979496,0,0
weekly_state_validated,3257,2024-06-28,2024-07-08,-0.0108320369203009,2024,2024-03-31,learned_vol_interaction,20260912,0.39197365567983866,0.39197365567983866,0,0
weekly_state_ungated,3206,2024-04-12,2024-04-22,0.018045199366633,2024,2024-03-31,learned_vol_interaction,20260912,0.6048502428702556,0.6048502428702556,1,1
weekly_state_ungated,3211,2024-04-19,2024-04-29,0.0136757744232476,2024,2024-03-31,learned_vol_interaction,20260912,0.6028783724555558,0.6028783724555558,1,1
weekly_state_ungated,3216,2024-04-26,2024-05-13,0.0172434956786644,2024,2024-03-31,learned_vol_interaction,20260912,0.4380057250573224,0.4380057250573224,0,1
weekly_state_ungated,3223,2024-05-10,2024-05-20,0.0097933549988344,2024,2024-03-31,learned_vol_interaction,20260912,0.2674213685907735,0.2674213685907735,0,1
weekly_state_ungated,3228,2024-05-17,2024-05-27,-0.0204803832637164,2024,2024-03-31,learned_vol_interaction,20260912,0.2500815365272157,0.2500815365272157,0,0
weekly_state_ungated,3233,2024-05-24,2024-06-03,-0.0081155643048258,2024,2024-03-31,learned_vol_interaction,20260912,0.28876243633064197,0.28876243633064197,0,0
weekly_state_ungated,3238,2024-05-31,2024-06-11,-0.0060267570121149,2024,2024-03-31,learned_vol_interaction,20260912,0.304421935798982,0.304421935798982,0,0
weekly_state_ungated,3243,2024-06-07,2024-06-17,-0.0096686558937179,2024,2024-03-31,learned_vol_interaction,20260912,0.3768618504174821,0.3768618504174821,0,0
weekly_state_ungated,3247,2024-06-14,2024-06-24,-0.013573992457631,2024,2024-03-31,learned_vol_interaction,20260912,0.36511601565748103,0.36511601565748103,0,0
weekly_state_ungated,3252,2024-06-21,2024-07-01,-0.004427632109257,2024,2024-03-31,learned_vol_interaction,20260912,0.4164713996979496,0.4164713996979496,0,0
weekly_state_ungated,3257,2024-06-28,2024-07-08,-0.0108320369203009,2024,2024-03-31,learned_vol_interaction,20260912,0.39197365567983866,0.39197365567983866,0,0
weekly_global_validated,3206,2024-04-12,2024-04-22,0.018045199366633,2024,2024-03-31,learned_vol_interaction,20260912,0.6033137229015121,0.6033137229015121,1,1
weekly_global_validated,3211,2024-04-19,2024-04-29,0.0136757744232476,2024,2024-03-31,learned_vol_interaction,20260912,0.6013392386798665,0.6013392386798665,1,1
weekly_global_validated,3216,2024-04-26,2024-05-13,0.0172434956786644,2024,2024-03-31,learned_vol_interaction,20260912,0.43642493305163865,0.43642493305163865,0,1
weekly_global_validated,3223,2024-05-10,2024-05-20,0.0097933549988344,2024,2024-03-31,learned_vol_interaction,20260912,0.26616465038111153,0.26616465038111153,0,1
weekly_global_validated,3228,2024-05-17,2024-05-27,-0.0204803832637164,2024,2024-03-31,learned_vol_interaction,20260912,0.2488786215709529,0.2488786215709529,0,0
weekly_global_validated,3233,2024-05-24,2024-06-03,-0.0081155643048258,2024,2024-03-31,learned_vol_interaction,20260912,0.28744477926146755,0.28744477926146755,0,0
weekly_global_validated,3238,2024-05-31,2024-06-11,-0.0060267570121149,2024,2024-03-31,learned_vol_interaction,20260912,0.3030632705456588,0.3030632705456588,0,0
weekly_global_validated,3243,2024-06-07,2024-06-17,-0.0096686558937179,2024,2024-03-31,learned_vol_interaction,20260912,0.3753543443366508,0.3753543443366508,0,0
weekly_global_validated,3247,2024-06-14,2024-06-24,-0.013573992457631,2024,2024-03-31,learned_vol_interaction,20260912,0.397914021804278,0.397914021804278,0,0
weekly_global_validated,3252,2024-06-21,2024-07-01,-0.004427632109257,2024,2024-03-31,learned_vol_interaction,20260912,0.45060839168891526,0.45060839168891526,0,0
weekly_global_validated,3257,2024-06-28,2024-07-08,-0.0108320369203009,2024,2024-03-31,learned_vol_interaction,20260912,0.42556707786565773,0.42556707786565773,0,0
weekly_global_ungated,3206,2024-04-12,2024-04-22,0.018045199366633,2024,2024-03-31,learned_vol_interaction,20260912,0.5870149952984637,0.5870149952984637,1,1
weekly_global_ungated,3211,2024-04-19,2024-04-29,0.0136757744232476,2024,2024-03-31,learned_vol_interaction,20260912,0.5850151869790792,0.5850151869790792,1,1
weekly_global_ungated,3216,2024-04-26,2024-05-13,0.0172434956786644,2024,2024-03-31,learned_vol_interaction,20260912,0.4198627915963429,0.4198627915963429,0,1
weekly_global_ungated,3223,2024-05-10,2024-05-20,0.0097933549988344,2024,2024-03-31,learned_vol_interaction,20260912,0.25316135667776907,0.25316135667776907,0,1
weekly_global_ungated,3228,2024-05-17,2024-05-27,-0.0204803832637164,2024,2024-03-31,learned_vol_interaction,20260912,0.23644772121703822,0.23644772121703822,0,0
weekly_global_ungated,3233,2024-05-24,2024-06-03,-0.0081155643048258,2024,2024-03-31,learned_vol_interaction,20260912,0.2737897378477352,0.2737897378477352,0,0
weekly_global_ungated,3238,2024-05-31,2024-06-11,-0.0060267570121149,2024,2024-03-31,learned_vol_interaction,20260912,0.2889671638680358,0.2889671638680358,0,0
weekly_global_ungated,3243,2024-06-07,2024-06-17,-0.0096686558937179,2024,2024-03-31,learned_vol_interaction,20260912,0.35963088732268084,0.35963088732268084,0,0
weekly_global_ungated,3247,2024-06-14,2024-06-24,-0.013573992457631,2024,2024-03-31,learned_vol_interaction,20260912,0.38182320248155177,0.38182320248155177,0,0
weekly_global_ungated,3252,2024-06-21,2024-07-01,-0.004427632109257,2024,2024-03-31,learned_vol_interaction,20260912,0.43392242228143707,0.43392242228143707,0,0
weekly_global_ungated,3257,2024-06-28,2024-07-08,-0.0108320369203009,2024,2024-03-31,learned_vol_interaction,20260912,0.4091178659011883,0.4091178659011883,0,0
weekly_state_validated,3206,2024-04-12,2024-04-22,0.018045199366633,2024,2024-03-31,learned_order_extension,20260910,0.3886483454535768,0.3886483454535768,0,1
weekly_state_validated,3211,2024-04-19,2024-04-29,0.0136757744232476,2024,2024-03-31,learned_order_extension,20260910,0.3831378513745901,0.3831378513745901,0,1
weekly_state_validated,3216,2024-04-26,2024-05-13,0.0172434956786644,2024,2024-03-31,learned_order_extension,20260910,0.37424697076859526,0.37424697076859526,0,1
weekly_state_validated,3223,2024-05-10,2024-05-20,0.0097933549988344,2024,2024-03-31,learned_order_extension,20260910,0.3903039016654425,0.3903039016654425,0,1
weekly_state_validated,3228,2024-05-17,2024-05-27,-0.0204803832637164,2024,2024-03-31,learned_order_extension,20260910,0.40843859964633433,0.40843859964633433,0,0
weekly_state_validated,3233,2024-05-24,2024-06-03,-0.0081155643048258,2024,2024-03-31,learned_order_extension,20260910,0.43309876347512,0.43309876347512,0,0
weekly_state_validated,3238,2024-05-31,2024-06-11,-0.0060267570121149,2024,2024-03-31,learned_order_extension,20260910,0.446586280617722,0.446586280617722,0,0
weekly_state_validated,3243,2024-06-07,2024-06-17,-0.0096686558937179,2024,2024-03-31,learned_order_extension,20260910,0.626798924605605,0.626798924605605,1,0
weekly_state_validated,3247,2024-06-14,2024-06-24,-0.013573992457631,2024,2024-03-31,learned_order_extension,20260910,0.6856247826873152,0.6856247826873152,1,0
weekly_state_validated,3252,2024-06-21,2024-07-01,-0.004427632109257,2024,2024-03-31,learned_order_extension,20260910,0.41511365573970355,0.41511365573970355,0,0
weekly_state_validated,3257,2024-06-28,2024-07-08,-0.0108320369203009,2024,2024-03-31,learned_order_extension,20260910,0.5313719008284723,0.5313719008284723,1,0
weekly_state_ungated,3206,2024-04-12,2024-04-22,0.018045199366633,2024,2024-03-31,learned_order_extension,20260910,0.38749361246500663,0.38749361246500663,0,1
weekly_state_ungated,3211,2024-04-19,2024-04-29,0.0136757744232476,2024,2024-03-31,learned_order_extension,20260910,0.3819892609036303,0.3819892609036303,0,1
weekly_state_ungated,3216,2024-04-26,2024-05-13,0.0172434956786644,2024,2024-03-31,learned_order_extension,20260910,0.3731089124515168,0.3731089124515168,0,1
weekly_state_ungated,3223,2024-05-10,2024-05-20,0.0097933549988344,2024,2024-03-31,learned_order_extension,20260910,0.3891473808313273,0.3891473808313273,0,1
weekly_state_ungated,3228,2024-05-17,2024-05-27,-0.0204803832637164,2024,2024-03-31,learned_order_extension,20260910,0.40726423751835034,0.40726423751835034,0,0
weekly_state_ungated,3233,2024-05-24,2024-06-03,-0.0081155643048258,2024,2024-03-31,learned_order_extension,20260910,0.4319052650899073,0.4319052650899073,0,0
weekly_state_ungated,3238,2024-05-31,2024-06-11,-0.0060267570121149,2024,2024-03-31,learned_order_extension,20260910,0.4453848152389104,0.4453848152389104,0,0
weekly_state_ungated,3243,2024-06-07,2024-06-17,-0.0096686558937179,2024,2024-03-31,learned_order_extension,20260910,0.625660753037103,0.625660753037103,1,0
weekly_state_ungated,3247,2024-06-14,2024-06-24,-0.013573992457631,2024,2024-03-31,learned_order_extension,20260910,0.6856247826873152,0.6856247826873152,1,0
weekly_state_ungated,3252,2024-06-21,2024-07-01,-0.004427632109257,2024,2024-03-31,learned_order_extension,20260910,0.41511365573970355,0.41511365573970355,0,0
weekly_state_ungated,3257,2024-06-28,2024-07-08,-0.0108320369203009,2024,2024-03-31,learned_order_extension,20260910,0.5313719008284723,0.5313719008284723,1,0
weekly_global_validated,3206,2024-04-12,2024-04-22,0.018045199366633,2024,2024-03-31,learned_order_extension,20260910,0.3886483454535768,0.3886483454535768,0,1
weekly_global_validated,3211,2024-04-19,2024-04-29,0.0136757744232476,2024,2024-03-31,learned_order_extension,20260910,0.3831378513745901,0.3831378513745901,0,1
weekly_global_validated,3216,2024-04-26,2024-05-13,0.0172434956786644,2024,2024-03-31,learned_order_extension,20260910,0.37424697076859526,0.37424697076859526,0,1
weekly_global_validated,3223,2024-05-10,2024-05-20,0.0097933549988344,2024,2024-03-31,learned_order_extension,20260910,0.3903039016654425,0.3903039016654425,0,1
weekly_global_validated,3228,2024-05-17,2024-05-27,-0.0204803832637164,2024,2024-03-31,learned_order_extension,20260910,0.40843859964633433,0.40843859964633433,0,0
weekly_global_validated,3233,2024-05-24,2024-06-03,-0.0081155643048258,2024,2024-03-31,learned_order_extension,20260910,0.43309876347512,0.43309876347512,0,0
weekly_global_validated,3238,2024-05-31,2024-06-11,-0.0060267570121149,2024,2024-03-31,learned_order_extension,20260910,0.446586280617722,0.446586280617722,0,0
weekly_global_validated,3243,2024-06-07,2024-06-17,-0.0096686558937179,2024,2024-03-31,learned_order_extension,20260910,0.626798924605605,0.626798924605605,1,0
weekly_global_validated,3247,2024-06-14,2024-06-24,-0.013573992457631,2024,2024-03-31,learned_order_extension,20260910,0.7178883635744532,0.7178883635744532,1,0
weekly_global_validated,3252,2024-06-21,2024-07-01,-0.004427632109257,2024,2024-03-31,learned_order_extension,20260910,0.4529899421679954,0.4529899421679954,0,0
weekly_global_validated,3257,2024-06-28,2024-07-08,-0.0108320369203009,2024,2024-03-31,learned_order_extension,20260910,0.5695267559005048,0.5695267559005048,1,0
weekly_global_ungated,3206,2024-04-12,2024-04-22,0.018045199366633,2024,2024-03-31,learned_order_extension,20260910,0.36387282609148675,0.36387282609148675,0,1
weekly_global_ungated,3211,2024-04-19,2024-04-29,0.0136757744232476,2024,2024-03-31,learned_order_extension,20260910,0.35850761612023296,0.35850761612023296,0,1
weekly_global_ungated,3216,2024-04-26,2024-05-13,0.0172434956786644,2024,2024-03-31,learned_order_extension,20260910,0.34986412327297234,0.34986412327297234,0,1
weekly_global_ungated,3223,2024-05-10,2024-05-20,0.0097933549988344,2024,2024-03-31,learned_order_extension,20260910,0.3654859382591753,0.3654859382591753,0,1
weekly_global_ungated,3228,2024-05-17,2024-05-27,-0.0204803832637164,2024,2024-03-31,learned_order_extension,20260910,0.3831922497717787,0.3831922497717787,0,0
weekly_global_ungated,3233,2024-05-24,2024-06-03,-0.0081155643048258,2024,2024-03-31,learned_order_extension,20260910,0.4073778233084283,0.4073778233084283,0,0
weekly_global_ungated,3238,2024-05-31,2024-06-11,-0.0060267570121149,2024,2024-03-31,learned_order_extension,20260910,0.4206587081615767,0.4206587081615767,0,0
weekly_global_ungated,3243,2024-06-07,2024-06-17,-0.0096686558937179,2024,2024-03-31,learned_order_extension,20260910,0.6017858593245153,0.6017858593245153,1,0
weekly_global_ungated,3247,2024-06-14,2024-06-24,-0.013573992457631,2024,2024-03-31,learned_order_extension,20260910,0.696019585753765,0.696019585753765,1,0
weekly_global_ungated,3252,2024-06-21,2024-07-01,-0.004427632109257,2024,2024-03-31,learned_order_extension,20260910,0.42697743080498785,0.42697743080498785,0,0
weekly_global_ungated,3257,2024-06-28,2024-07-08,-0.0108320369203009,2024,2024-03-31,learned_order_extension,20260910,0.5434709477551696,0.5434709477551696,1,0
weekly_state_validated,3206,2024-04-12,2024-04-22,0.018045199366633,2024,2024-03-31,learned_order_extension,20260911,0.3866844940005672,0.3866844940005672,0,1
weekly_state_validated,3211,2024-04-19,2024-04-29,0.0136757744232476,2024,2024-03-31,learned_order_extension,20260911,0.5343459488053159,0.5343459488053159,1,1
weekly_state_validated,3216,2024-04-26,2024-05-13,0.0172434956786644,2024,2024-03-31,learned_order_extension,20260911,0.513240014593565,0.513240014593565,1,1
weekly_state_validated,3223,2024-05-10,2024-05-20,0.0097933549988344,2024,2024-03-31,learned_order_extension,20260911,0.3965400007837658,0.3965400007837658,0,1
weekly_state_validated,3228,2024-05-17,2024-05-27,-0.0204803832637164,2024,2024-03-31,learned_order_extension,20260911,0.45967482999568354,0.45967482999568354,0,0
weekly_state_validated,3233,2024-05-24,2024-06-03,-0.0081155643048258,2024,2024-03-31,learned_order_extension,20260911,0.4103835614322711,0.4103835614322711,0,0
weekly_state_validated,3238,2024-05-31,2024-06-11,-0.0060267570121149,2024,2024-03-31,learned_order_extension,20260911,0.483584132532498,0.483584132532498,0,0
weekly_state_validated,3243,2024-06-07,2024-06-17,-0.0096686558937179,2024,2024-03-31,learned_order_extension,20260911,0.4576789647131029,0.4576789647131029,0,0
weekly_state_validated,3247,2024-06-14,2024-06-24,-0.013573992457631,2024,2024-03-31,learned_order_extension,20260911,0.5091985316997628,0.5091985316997628,1,0
weekly_state_validated,3252,2024-06-21,2024-07-01,-0.004427632109257,2024,2024-03-31,learned_order_extension,20260911,0.4471971940103299,0.4471971940103299,0,0
weekly_state_validated,3257,2024-06-28,2024-07-08,-0.0108320369203009,2024,2024-03-31,learned_order_extension,20260911,0.46973178730406395,0.46973178730406395,0,0
weekly_state_ungated,3206,2024-04-12,2024-04-22,0.018045199366633,2024,2024-03-31,learned_order_extension,20260911,0.38406271535926834,0.38406271535926834,0,1
weekly_state_ungated,3211,2024-04-19,2024-04-29,0.0136757744232476,2024,2024-03-31,learned_order_extension,20260911,0.5315907639619691,0.5315907639619691,1,1
weekly_state_ungated,3216,2024-04-26,2024-05-13,0.0172434956786644,2024,2024-03-31,learned_order_extension,20260911,0.510474354987113,0.510474354987113,1,1
weekly_state_ungated,3223,2024-05-10,2024-05-20,0.0097933549988344,2024,2024-03-31,learned_order_extension,20260911,0.39389431581596135,0.39389431581596135,0,1
weekly_state_ungated,3228,2024-05-17,2024-05-27,-0.0204803832637164,2024,2024-03-31,learned_order_extension,20260911,0.4569268610759868,0.4569268610759868,0,0
weekly_state_ungated,3233,2024-05-24,2024-06-03,-0.0081155643048258,2024,2024-03-31,learned_order_extension,20260911,0.4077079154275088,0.4077079154275088,0,0
weekly_state_ungated,3238,2024-05-31,2024-06-11,-0.0060267570121149,2024,2024-03-31,learned_order_extension,20260911,0.4808204228992868,0.4808204228992868,0,0
weekly_state_ungated,3243,2024-06-07,2024-06-17,-0.0096686558937179,2024,2024-03-31,learned_order_extension,20260911,0.45493288142032956,0.45493288142032956,0,0
weekly_state_ungated,3247,2024-06-14,2024-06-24,-0.013573992457631,2024,2024-03-31,learned_order_extension,20260911,0.5091985316997628,0.5091985316997628,1,0
weekly_state_ungated,3252,2024-06-21,2024-07-01,-0.004427632109257,2024,2024-03-31,learned_order_extension,20260911,0.4471971940103299,0.4471971940103299,0,0
weekly_state_ungated,3257,2024-06-28,2024-07-08,-0.0108320369203009,2024,2024-03-31,learned_order_extension,20260911,0.46973178730406395,0.46973178730406395,0,0
weekly_global_validated,3206,2024-04-12,2024-04-22,0.018045199366633,2024,2024-03-31,learned_order_extension,20260911,0.3866844940005672,0.3866844940005672,0,1
weekly_global_validated,3211,2024-04-19,2024-04-29,0.0136757744232476,2024,2024-03-31,learned_order_extension,20260911,0.5343459488053159,0.5343459488053159,1,1
weekly_global_validated,3216,2024-04-26,2024-05-13,0.0172434956786644,2024,2024-03-31,learned_order_extension,20260911,0.513240014593565,0.513240014593565,1,1
weekly_global_validated,3223,2024-05-10,2024-05-20,0.0097933549988344,2024,2024-03-31,learned_order_extension,20260911,0.3965400007837658,0.3965400007837658,0,1
weekly_global_validated,3228,2024-05-17,2024-05-27,-0.0204803832637164,2024,2024-03-31,learned_order_extension,20260911,0.45967482999568354,0.45967482999568354,0,0
weekly_global_validated,3233,2024-05-24,2024-06-03,-0.0081155643048258,2024,2024-03-31,learned_order_extension,20260911,0.4103835614322711,0.4103835614322711,0,0
weekly_global_validated,3238,2024-05-31,2024-06-11,-0.0060267570121149,2024,2024-03-31,learned_order_extension,20260911,0.483584132532498,0.483584132532498,0,0
weekly_global_validated,3243,2024-06-07,2024-06-17,-0.0096686558937179,2024,2024-03-31,learned_order_extension,20260911,0.4576789647131029,0.4576789647131029,0,0
weekly_global_validated,3247,2024-06-14,2024-06-24,-0.013573992457631,2024,2024-03-31,learned_order_extension,20260911,0.5515041025200125,0.5515041025200125,1,0
weekly_global_validated,3252,2024-06-21,2024-07-01,-0.004427632109257,2024,2024-03-31,learned_order_extension,20260911,0.4894889896317385,0.4894889896317385,0,0
weekly_global_validated,3257,2024-06-28,2024-07-08,-0.0108320369203009,2024,2024-03-31,learned_order_extension,20260911,0.5121801875037945,0.5121801875037945,1,0
weekly_global_ungated,3206,2024-04-12,2024-04-22,0.018045199366633,2024,2024-03-31,learned_order_extension,20260911,0.36274664717729493,0.36274664717729493,0,1
weekly_global_ungated,3211,2024-04-19,2024-04-29,0.0136757744232476,2024,2024-03-31,learned_order_extension,20260911,0.5088511338522705,0.5088511338522705,1,1
weekly_global_ungated,3216,2024-04-26,2024-05-13,0.0172434956786644,2024,2024-03-31,learned_order_extension,20260911,0.48769752903675023,0.48769752903675023,0,1
weekly_global_ungated,3223,2024-05-10,2024-05-20,0.0097933549988344,2024,2024-03-31,learned_order_extension,20260911,0.3723624607335613,0.3723624607335613,0,1
weekly_global_ungated,3228,2024-05-17,2024-05-27,-0.0204803832637164,2024,2024-03-31,learned_order_extension,20260911,0.4344189946877089,0.4344189946877089,0,0
weekly_global_ungated,3233,2024-05-24,2024-06-03,-0.0081155643048258,2024,2024-03-31,learned_order_extension,20260911,0.3859017227235926,0.3859017227235926,0,0
weekly_global_ungated,3238,2024-05-31,2024-06-11,-0.0060267570121149,2024,2024-03-31,learned_order_extension,20260911,0.4581284596462295,0.4581284596462295,0,0
weekly_global_ungated,3243,2024-06-07,2024-06-17,-0.0096686558937179,2024,2024-03-31,learned_order_extension,20260911,0.43244502357911846,0.43244502357911846,0,0
weekly_global_ungated,3247,2024-06-14,2024-06-24,-0.013573992457631,2024,2024-03-31,learned_order_extension,20260911,0.5261155832579246,0.5261155832579246,1,0
weekly_global_ungated,3252,2024-06-21,2024-07-01,-0.004427632109257,2024,2024-03-31,learned_order_extension,20260911,0.46400176884407685,0.46400176884407685,0,0
weekly_global_ungated,3257,2024-06-28,2024-07-08,-0.0108320369203009,2024,2024-03-31,learned_order_extension,20260911,0.4866377151959904,0.4866377151959904,0,0
weekly_state_validated,3206,2024-04-12,2024-04-22,0.018045199366633,2024,2024-03-31,learned_order_extension,20260912,0.4521631675666491,0.4521631675666491,0,1
weekly_state_validated,3211,2024-04-19,2024-04-29,0.0136757744232476,2024,2024-03-31,learned_order_extension,20260912,0.46878386183965415,0.46878386183965415,0,1
weekly_state_validated,3216,2024-04-26,2024-05-13,0.0172434956786644,2024,2024-03-31,learned_order_extension,20260912,0.43436499150897173,0.43436499150897173,0,1
weekly_state_validated,3223,2024-05-10,2024-05-20,0.0097933549988344,2024,2024-03-31,learned_order_extension,20260912,0.38174358105162726,0.38174358105162726,0,1
weekly_state_validated,3228,2024-05-17,2024-05-27,-0.0204803832637164,2024,2024-03-31,learned_order_extension,20260912,0.35464216087181455,0.35464216087181455,0,0
weekly_state_validated,3233,2024-05-24,2024-06-03,-0.0081155643048258,2024,2024-03-31,learned_order_extension,20260912,0.3707564745857874,0.3707564745857874,0,0
weekly_state_validated,3238,2024-05-31,2024-06-11,-0.0060267570121149,2024,2024-03-31,learned_order_extension,20260912,0.3486366599267159,0.3486366599267159,0,0
weekly_state_validated,3243,2024-06-07,2024-06-17,-0.0096686558937179,2024,2024-03-31,learned_order_extension,20260912,0.40347652723788147,0.40347652723788147,0,0
weekly_state_validated,3247,2024-06-14,2024-06-24,-0.013573992457631,2024,2024-03-31,learned_order_extension,20260912,0.3797640877703575,0.3797640877703575,0,0
weekly_state_validated,3252,2024-06-21,2024-07-01,-0.004427632109257,2024,2024-03-31,learned_order_extension,20260912,0.4252634466284464,0.4252634466284464,0,0
weekly_state_validated,3257,2024-06-28,2024-07-08,-0.0108320369203009,2024,2024-03-31,learned_order_extension,20260912,0.42121860942875144,0.42121860942875144,0,0
weekly_state_ungated,3206,2024-04-12,2024-04-22,0.018045199366633,2024,2024-03-31,learned_order_extension,20260912,0.4526476153427465,0.4526476153427465,0,1
weekly_state_ungated,3211,2024-04-19,2024-04-29,0.0136757744232476,2024,2024-03-31,learned_order_extension,20260912,0.4692708633999114,0.4692708633999114,0,1
weekly_state_ungated,3216,2024-04-26,2024-05-13,0.0172434956786644,2024,2024-03-31,learned_order_extension,20260912,0.4348455063102972,0.4348455063102972,0,1
weekly_state_ungated,3223,2024-05-10,2024-05-20,0.0097933549988344,2024,2024-03-31,learned_order_extension,20260912,0.3822052181986972,0.3822052181986972,0,1
weekly_state_ungated,3228,2024-05-17,2024-05-27,-0.0204803832637164,2024,2024-03-31,learned_order_extension,20260912,0.3550898477318734,0.3550898477318734,0,0
weekly_state_ungated,3233,2024-05-24,2024-06-03,-0.0081155643048258,2024,2024-03-31,learned_order_extension,20260912,0.37121280267644524,0.37121280267644524,0,0
weekly_state_ungated,3238,2024-05-31,2024-06-11,-0.0060267570121149,2024,2024-03-31,learned_order_extension,20260912,0.34908086637578256,0.34908086637578256,0,0
weekly_state_ungated,3243,2024-06-07,2024-06-17,-0.0096686558937179,2024,2024-03-31,learned_order_extension,20260912,0.403947274412253,0.403947274412253,0,0
weekly_state_ungated,3247,2024-06-14,2024-06-24,-0.013573992457631,2024,2024-03-31,learned_order_extension,20260912,0.3797640877703575,0.3797640877703575,0,0
weekly_state_ungated,3252,2024-06-21,2024-07-01,-0.004427632109257,2024,2024-03-31,learned_order_extension,20260912,0.4252634466284464,0.4252634466284464,0,0
weekly_state_ungated,3257,2024-06-28,2024-07-08,-0.0108320369203009,2024,2024-03-31,learned_order_extension,20260912,0.42121860942875144,0.42121860942875144,0,0
weekly_global_validated,3206,2024-04-12,2024-04-22,0.018045199366633,2024,2024-03-31,learned_order_extension,20260912,0.4521631675666491,0.4521631675666491,0,1
weekly_global_validated,3211,2024-04-19,2024-04-29,0.0136757744232476,2024,2024-03-31,learned_order_extension,20260912,0.46878386183965415,0.46878386183965415,0,1
weekly_global_validated,3216,2024-04-26,2024-05-13,0.0172434956786644,2024,2024-03-31,learned_order_extension,20260912,0.43436499150897173,0.43436499150897173,0,1
weekly_global_validated,3223,2024-05-10,2024-05-20,0.0097933549988344,2024,2024-03-31,learned_order_extension,20260912,0.38174358105162726,0.38174358105162726,0,1
weekly_global_validated,3228,2024-05-17,2024-05-27,-0.0204803832637164,2024,2024-03-31,learned_order_extension,20260912,0.35464216087181455,0.35464216087181455,0,0
weekly_global_validated,3233,2024-05-24,2024-06-03,-0.0081155643048258,2024,2024-03-31,learned_order_extension,20260912,0.3707564745857874,0.3707564745857874,0,0
weekly_global_validated,3238,2024-05-31,2024-06-11,-0.0060267570121149,2024,2024-03-31,learned_order_extension,20260912,0.3486366599267159,0.3486366599267159,0,0
weekly_global_validated,3243,2024-06-07,2024-06-17,-0.0096686558937179,2024,2024-03-31,learned_order_extension,20260912,0.40347652723788147,0.40347652723788147,0,0
weekly_global_validated,3247,2024-06-14,2024-06-24,-0.013573992457631,2024,2024-03-31,learned_order_extension,20260912,0.4129717305667233,0.4129717305667233,0,0
weekly_global_validated,3252,2024-06-21,2024-07-01,-0.004427632109257,2024,2024-03-31,learned_order_extension,20260912,0.4595021392734005,0.4595021392734005,0,0
weekly_global_validated,3257,2024-06-28,2024-07-08,-0.0108320369203009,2024,2024-03-31,learned_order_extension,20260912,0.4553896778333283,0.4553896778333283,0,0
weekly_global_ungated,3206,2024-04-12,2024-04-22,0.018045199366633,2024,2024-03-31,learned_order_extension,20260912,0.43472264975328223,0.43472264975328223,0,1
weekly_global_ungated,3211,2024-04-19,2024-04-29,0.0136757744232476,2024,2024-03-31,learned_order_extension,20260912,0.45123029452664615,0.45123029452664615,0,1
weekly_global_ungated,3216,2024-04-26,2024-05-13,0.0172434956786644,2024,2024-03-31,learned_order_extension,20260912,0.4170883156931314,0.4170883156931314,0,1
weekly_global_ungated,3223,2024-05-10,2024-05-20,0.0097933549988344,2024,2024-03-31,learned_order_extension,20260912,0.36520853416009036,0.36520853416009036,0,1
weekly_global_ungated,3228,2024-05-17,2024-05-27,-0.0204803832637164,2024,2024-03-31,learned_order_extension,20260912,0.33863802634254436,0.33863802634254436,0,0
weekly_global_ungated,3233,2024-05-24,2024-06-03,-0.0081155643048258,2024,2024-03-31,learned_order_extension,20260912,0.35442451169177064,0.35442451169177064,0,0
weekly_global_ungated,3238,2024-05-31,2024-06-11,-0.0060267570121149,2024,2024-03-31,learned_order_extension,20260912,0.3327637971172208,0.3327637971172208,0,0
weekly_global_ungated,3243,2024-06-07,2024-06-17,-0.0096686558937179,2024,2024-03-31,learned_order_extension,20260912,0.38658874490607653,0.38658874490607653,0,0
weekly_global_ungated,3247,2024-06-14,2024-06-24,-0.013573992457631,2024,2024-03-31,learned_order_extension,20260912,0.395950318260586,0.395950318260586,0,0
weekly_global_ungated,3252,2024-06-21,2024-07-01,-0.004427632109257,2024,2024-03-31,learned_order_extension,20260912,0.44200693793008194,0.44200693793008194,0,0
weekly_global_ungated,3257,2024-06-28,2024-07-08,-0.0108320369203009,2024,2024-03-31,learned_order_extension,20260912,0.43792419145057243,0.43792419145057243,0,0
weekly_state_validated,3206,2024-04-12,2024-04-22,0.018045199366633,2024,2024-03-31,learned_order_offset,20260910,0.38808228102297715,0.38808228102297715,0,1
weekly_state_validated,3211,2024-04-19,2024-04-29,0.0136757744232476,2024,2024-03-31,learned_order_offset,20260910,0.3836585040753394,0.3836585040753394,0,1
weekly_state_validated,3216,2024-04-26,2024-05-13,0.0172434956786644,2024,2024-03-31,learned_order_offset,20260910,0.3751323735259505,0.3751323735259505,0,1
weekly_state_validated,3223,2024-05-10,2024-05-20,0.0097933549988344,2024,2024-03-31,learned_order_offset,20260910,0.39075291038896165,0.39075291038896165,0,1
weekly_state_validated,3228,2024-05-17,2024-05-27,-0.0204803832637164,2024,2024-03-31,learned_order_offset,20260910,0.4087832887536437,0.4087832887536437,0,0
weekly_state_validated,3233,2024-05-24,2024-06-03,-0.0081155643048258,2024,2024-03-31,learned_order_offset,20260910,0.4331137649724263,0.4331137649724263,0,0
weekly_state_validated,3238,2024-05-31,2024-06-11,-0.0060267570121149,2024,2024-03-31,learned_order_offset,20260910,0.44619955765953745,0.44619955765953745,0,0
weekly_state_validated,3243,2024-06-07,2024-06-17,-0.0096686558937179,2024,2024-03-31,learned_order_offset,20260910,0.6254437339879714,0.6254437339879714,1,0
weekly_state_validated,3247,2024-06-14,2024-06-24,-0.013573992457631,2024,2024-03-31,learned_order_offset,20260910,0.684028627035403,0.684028627035403,1,0
weekly_state_validated,3252,2024-06-21,2024-07-01,-0.004427632109257,2024,2024-03-31,learned_order_offset,20260910,0.41465923039086805,0.41465923039086805,0,0
weekly_state_validated,3257,2024-06-28,2024-07-08,-0.0108320369203009,2024,2024-03-31,learned_order_offset,20260910,0.5307029189278551,0.5307029189278551,1,0
weekly_state_ungated,3206,2024-04-12,2024-04-22,0.018045199366633,2024,2024-03-31,learned_order_offset,20260910,0.38697745200120387,0.38697745200120387,0,1
weekly_state_ungated,3211,2024-04-19,2024-04-29,0.0136757744232476,2024,2024-03-31,learned_order_offset,20260910,0.38255839555192034,0.38255839555192034,0,1
weekly_state_ungated,3216,2024-04-26,2024-05-13,0.0172434956786644,2024,2024-03-31,learned_order_offset,20260910,0.3740418761226076,0.3740418761226076,0,1
weekly_state_ungated,3223,2024-05-10,2024-05-20,0.0097933549988344,2024,2024-03-31,learned_order_offset,20260910,0.3896453196615399,0.3896453196615399,0,1
weekly_state_ungated,3228,2024-05-17,2024-05-27,-0.0204803832637164,2024,2024-03-31,learned_order_offset,20260910,0.4076587876296016,0.4076587876296016,0,0
weekly_state_ungated,3233,2024-05-24,2024-06-03,-0.0081155643048258,2024,2024-03-31,learned_order_offset,20260910,0.43197123625436157,0.43197123625436157,0,0
weekly_state_ungated,3238,2024-05-31,2024-06-11,-0.0060267570121149,2024,2024-03-31,learned_order_offset,20260910,0.4450496099115427,0.4450496099115427,0,0
weekly_state_ungated,3243,2024-06-07,2024-06-17,-0.0096686558937179,2024,2024-03-31,learned_order_offset,20260910,0.6243526368887379,0.6243526368887379,1,0
weekly_state_ungated,3247,2024-06-14,2024-06-24,-0.013573992457631,2024,2024-03-31,learned_order_offset,20260910,0.684028627035403,0.684028627035403,1,0
weekly_state_ungated,3252,2024-06-21,2024-07-01,-0.004427632109257,2024,2024-03-31,learned_order_offset,20260910,0.41465923039086805,0.41465923039086805,0,0
weekly_state_ungated,3257,2024-06-28,2024-07-08,-0.0108320369203009,2024,2024-03-31,learned_order_offset,20260910,0.5307029189278551,0.5307029189278551,1,0
weekly_global_validated,3206,2024-04-12,2024-04-22,0.018045199366633,2024,2024-03-31,learned_order_offset,20260910,0.38808228102297715,0.38808228102297715,0,1
weekly_global_validated,3211,2024-04-19,2024-04-29,0.0136757744232476,2024,2024-03-31,learned_order_offset,20260910,0.3836585040753394,0.3836585040753394,0,1
weekly_global_validated,3216,2024-04-26,2024-05-13,0.0172434956786644,2024,2024-03-31,learned_order_offset,20260910,0.3751323735259505,0.3751323735259505,0,1
weekly_global_validated,3223,2024-05-10,2024-05-20,0.0097933549988344,2024,2024-03-31,learned_order_offset,20260910,0.39075291038896165,0.39075291038896165,0,1
weekly_global_validated,3228,2024-05-17,2024-05-27,-0.0204803832637164,2024,2024-03-31,learned_order_offset,20260910,0.4087832887536437,0.4087832887536437,0,0
weekly_global_validated,3233,2024-05-24,2024-06-03,-0.0081155643048258,2024,2024-03-31,learned_order_offset,20260910,0.4331137649724263,0.4331137649724263,0,0
weekly_global_validated,3238,2024-05-31,2024-06-11,-0.0060267570121149,2024,2024-03-31,learned_order_offset,20260910,0.44619955765953745,0.44619955765953745,0,0
weekly_global_validated,3243,2024-06-07,2024-06-17,-0.0096686558937179,2024,2024-03-31,learned_order_offset,20260910,0.6254437339879714,0.6254437339879714,1,0
weekly_global_validated,3247,2024-06-14,2024-06-24,-0.013573992457631,2024,2024-03-31,learned_order_offset,20260910,0.71648459870885,0.71648459870885,1,0
weekly_global_validated,3252,2024-06-21,2024-07-01,-0.004427632109257,2024,2024-03-31,learned_order_offset,20260910,0.4526436242684473,0.4526436242684473,0,0
weekly_global_validated,3257,2024-06-28,2024-07-08,-0.0108320369203009,2024,2024-03-31,learned_order_offset,20260910,0.5689843527024087,0.5689843527024087,1,0
weekly_global_ungated,3206,2024-04-12,2024-04-22,0.018045199366633,2024,2024-03-31,learned_order_offset,20260910,0.3632761482704951,0.3632761482704951,0,1
weekly_global_ungated,3211,2024-04-19,2024-04-29,0.0136757744232476,2024,2024-03-31,learned_order_offset,20260910,0.35896925866450685,0.35896925866450685,0,1
weekly_global_ungated,3216,2024-04-26,2024-05-13,0.0172434956786644,2024,2024-03-31,learned_order_offset,20260910,0.35067962356351656,0.35067962356351656,0,1
weekly_global_ungated,3223,2024-05-10,2024-05-20,0.0097933549988344,2024,2024-03-31,learned_order_offset,20260910,0.3658781402378709,0.3658781402378709,0,1
weekly_global_ungated,3228,2024-05-17,2024-05-27,-0.0204803832637164,2024,2024-03-31,learned_order_offset,20260910,0.38348319182396906,0.38348319182396906,0,0
weekly_global_ungated,3233,2024-05-24,2024-06-03,-0.0081155643048258,2024,2024-03-31,learned_order_offset,20260910,0.4073453433391987,0.4073453433391987,0,0
weekly_global_ungated,3238,2024-05-31,2024-06-11,-0.0060267570121149,2024,2024-03-31,learned_order_offset,20260910,0.4202297212573604,0.4202297212573604,0,0
weekly_global_ungated,3243,2024-06-07,2024-06-17,-0.0096686558937179,2024,2024-03-31,learned_order_offset,20260910,0.6003508073894719,0.6003508073894719,1,0
weekly_global_ungated,3247,2024-06-14,2024-06-24,-0.013573992457631,2024,2024-03-31,learned_order_offset,20260910,0.6945117971575543,0.6945117971575543,1,0
weekly_global_ungated,3252,2024-06-21,2024-07-01,-0.004427632109257,2024,2024-03-31,learned_order_offset,20260910,0.42658763343040423,0.42658763343040423,0,0
weekly_global_ungated,3257,2024-06-28,2024-07-08,-0.0108320369203009,2024,2024-03-31,learned_order_offset,20260910,0.5428735129253972,0.5428735129253972,1,0
weekly_state_validated,3206,2024-04-12,2024-04-22,0.018045199366633,2024,2024-03-31,learned_order_offset,20260911,0.38475750018966987,0.38475750018966987,0,1
weekly_state_validated,3211,2024-04-19,2024-04-29,0.0136757744232476,2024,2024-03-31,learned_order_offset,20260911,0.5305043269791333,0.5305043269791333,1,1
weekly_state_validated,3216,2024-04-26,2024-05-13,0.0172434956786644,2024,2024-03-31,learned_order_offset,20260911,0.5107638404545624,0.5107638404545624,1,1
weekly_state_validated,3223,2024-05-10,2024-05-20,0.0097933549988344,2024,2024-03-31,learned_order_offset,20260911,0.3967922716976589,0.3967922716976589,0,1
weekly_state_validated,3228,2024-05-17,2024-05-27,-0.0204803832637164,2024,2024-03-31,learned_order_offset,20260911,0.459025127987619,0.459025127987619,0,0
weekly_state_validated,3233,2024-05-24,2024-06-03,-0.0081155643048258,2024,2024-03-31,learned_order_offset,20260911,0.40953378651570865,0.40953378651570865,0,0
weekly_state_validated,3238,2024-05-31,2024-06-11,-0.0060267570121149,2024,2024-03-31,learned_order_offset,20260911,0.48223477976059065,0.48223477976059065,0,0
weekly_state_validated,3243,2024-06-07,2024-06-17,-0.0096686558937179,2024,2024-03-31,learned_order_offset,20260911,0.456270009415854,0.456270009415854,0,0
weekly_state_validated,3247,2024-06-14,2024-06-24,-0.013573992457631,2024,2024-03-31,learned_order_offset,20260911,0.5081029165309477,0.5081029165309477,1,0
weekly_state_validated,3252,2024-06-21,2024-07-01,-0.004427632109257,2024,2024-03-31,learned_order_offset,20260911,0.4470896761886356,0.4470896761886356,0,0
weekly_state_validated,3257,2024-06-28,2024-07-08,-0.0108320369203009,2024,2024-03-31,learned_order_offset,20260911,0.4697609624905356,0.4697609624905356,0,0
weekly_state_ungated,3206,2024-04-12,2024-04-22,0.018045199366633,2024,2024-03-31,learned_order_offset,20260911,0.38212083980049566,0.38212083980049566,0,1
weekly_state_ungated,3211,2024-04-19,2024-04-29,0.0136757744232476,2024,2024-03-31,learned_order_offset,20260911,0.5277255934962725,0.5277255934962725,1,1
weekly_state_ungated,3216,2024-04-26,2024-05-13,0.0172434956786644,2024,2024-03-31,learned_order_offset,20260911,0.5079766321589761,0.5079766321589761,1,1
weekly_state_ungated,3223,2024-05-10,2024-05-20,0.0097933549988344,2024,2024-03-31,learned_order_offset,20260911,0.39412597119725523,0.39412597119725523,0,1
weekly_state_ungated,3228,2024-05-17,2024-05-27,-0.0204803832637164,2024,2024-03-31,learned_order_offset,20260911,0.4562569517858297,0.4562569517858297,0,0
weekly_state_ungated,3233,2024-05-24,2024-06-03,-0.0081155643048258,2024,2024-03-31,learned_order_offset,20260911,0.4068396138296627,0.4068396138296627,0,0
weekly_state_ungated,3238,2024-05-31,2024-06-11,-0.0060267570121149,2024,2024-03-31,learned_order_offset,20260911,0.47945068533218077,0.47945068533218077,0,0
weekly_state_ungated,3243,2024-06-07,2024-06-17,-0.0096686558937179,2024,2024-03-31,learned_order_offset,20260911,0.4535045196800592,0.4535045196800592,0,0
weekly_state_ungated,3247,2024-06-14,2024-06-24,-0.013573992457631,2024,2024-03-31,learned_order_offset,20260911,0.5081029165309477,0.5081029165309477,1,0
weekly_state_ungated,3252,2024-06-21,2024-07-01,-0.004427632109257,2024,2024-03-31,learned_order_offset,20260911,0.4470896761886356,0.4470896761886356,0,0
weekly_state_ungated,3257,2024-06-28,2024-07-08,-0.0108320369203009,2024,2024-03-31,learned_order_offset,20260911,0.4697609624905356,0.4697609624905356,0,0
weekly_global_validated,3206,2024-04-12,2024-04-22,0.018045199366633,2024,2024-03-31,learned_order_offset,20260911,0.38475750018966987,0.38475750018966987,0,1
weekly_global_validated,3211,2024-04-19,2024-04-29,0.0136757744232476,2024,2024-03-31,learned_order_offset,20260911,0.5305043269791333,0.5305043269791333,1,1
weekly_global_validated,3216,2024-04-26,2024-05-13,0.0172434956786644,2024,2024-03-31,learned_order_offset,20260911,0.5107638404545624,0.5107638404545624,1,1
weekly_global_validated,3223,2024-05-10,2024-05-20,0.0097933549988344,2024,2024-03-31,learned_order_offset,20260911,0.3967922716976589,0.3967922716976589,0,1
weekly_global_validated,3228,2024-05-17,2024-05-27,-0.0204803832637164,2024,2024-03-31,learned_order_offset,20260911,0.459025127987619,0.459025127987619,0,0
weekly_global_validated,3233,2024-05-24,2024-06-03,-0.0081155643048258,2024,2024-03-31,learned_order_offset,20260911,0.40953378651570865,0.40953378651570865,0,0
weekly_global_validated,3238,2024-05-31,2024-06-11,-0.0060267570121149,2024,2024-03-31,learned_order_offset,20260911,0.48223477976059065,0.48223477976059065,0,0
weekly_global_validated,3243,2024-06-07,2024-06-17,-0.0096686558937179,2024,2024-03-31,learned_order_offset,20260911,0.456270009415854,0.456270009415854,0,0
weekly_global_validated,3247,2024-06-14,2024-06-24,-0.013573992457631,2024,2024-03-31,learned_order_offset,20260911,0.5504043507355747,0.5504043507355747,1,0
weekly_global_validated,3252,2024-06-21,2024-07-01,-0.004427632109257,2024,2024-03-31,learned_order_offset,20260911,0.48936496243955907,0.48936496243955907,0,0
weekly_global_validated,3257,2024-06-28,2024-07-08,-0.0108320369203009,2024,2024-03-31,learned_order_offset,20260911,0.51219411188397,0.51219411188397,1,0
weekly_global_ungated,3206,2024-04-12,2024-04-22,0.018045199366633,2024,2024-03-31,learned_order_offset,20260911,0.3609328020184684,0.3609328020184684,0,1
weekly_global_ungated,3211,2024-04-19,2024-04-29,0.0136757744232476,2024,2024-03-31,learned_order_offset,20260911,0.5050634397731769,0.5050634397731769,1,1
weekly_global_ungated,3216,2024-04-26,2024-05-13,0.0172434956786644,2024,2024-03-31,learned_order_offset,20260911,0.48529110386318625,0.48529110386318625,0,1
weekly_global_ungated,3223,2024-05-10,2024-05-20,0.0097933549988344,2024,2024-03-31,learned_order_offset,20260911,0.3726737634678415,0.3726737634678415,0,1
weekly_global_ungated,3228,2024-05-17,2024-05-27,-0.0204803832637164,2024,2024-03-31,learned_order_offset,20260911,0.43384453516712446,0.43384453516712446,0,0
weekly_global_ungated,3233,2024-05-24,2024-06-03,-0.0081155643048258,2024,2024-03-31,learned_order_offset,20260911,0.3851352885011351,0.3851352885011351,0,0
weekly_global_ungated,3238,2024-05-31,2024-06-11,-0.0060267570121149,2024,2024-03-31,learned_order_offset,20260911,0.45685621056186654,0.45685621056186654,0,0
weekly_global_ungated,3243,2024-06-07,2024-06-17,-0.0096686558937179,2024,2024-03-31,learned_order_offset,20260911,0.43112010763416875,0.43112010763416875,0,0
weekly_global_ungated,3247,2024-06-14,2024-06-24,-0.013573992457631,2024,2024-03-31,learned_order_offset,20260911,0.5250764404837742,0.5250764404837742,1,0
weekly_global_ungated,3252,2024-06-21,2024-07-01,-0.004427632109257,2024,2024-03-31,learned_order_offset,20260911,0.4639473898313438,0.4639473898313438,0,0
weekly_global_ungated,3257,2024-06-28,2024-07-08,-0.0108320369203009,2024,2024-03-31,learned_order_offset,20260911,0.48672100858539774,0.48672100858539774,0,0
weekly_state_validated,3206,2024-04-12,2024-04-22,0.018045199366633,2024,2024-03-31,learned_order_offset,20260912,0.44900290436109536,0.44900290436109536,0,1
weekly_state_validated,3211,2024-04-19,2024-04-29,0.0136757744232476,2024,2024-03-31,learned_order_offset,20260912,0.4666007685534335,0.4666007685534335,0,1
weekly_state_validated,3216,2024-04-26,2024-05-13,0.0172434956786644,2024,2024-03-31,learned_order_offset,20260912,0.4343770329705723,0.4343770329705723,0,1
weekly_state_validated,3223,2024-05-10,2024-05-20,0.0097933549988344,2024,2024-03-31,learned_order_offset,20260912,0.3824496760888333,0.3824496760888333,0,1
weekly_state_validated,3228,2024-05-17,2024-05-27,-0.0204803832637164,2024,2024-03-31,learned_order_offset,20260912,0.35711137240492025,0.35711137240492025,0,0
weekly_state_validated,3233,2024-05-24,2024-06-03,-0.0081155643048258,2024,2024-03-31,learned_order_offset,20260912,0.3737645520851825,0.3737645520851825,0,0
weekly_state_validated,3238,2024-05-31,2024-06-11,-0.0060267570121149,2024,2024-03-31,learned_order_offset,20260912,0.3510285369082652,0.3510285369082652,0,0
weekly_state_validated,3243,2024-06-07,2024-06-17,-0.0096686558937179,2024,2024-03-31,learned_order_offset,20260912,0.4052492624281903,0.4052492624281903,0,0
weekly_state_validated,3247,2024-06-14,2024-06-24,-0.013573992457631,2024,2024-03-31,learned_order_offset,20260912,0.3809479569311972,0.3809479569311972,0,0
weekly_state_validated,3252,2024-06-21,2024-07-01,-0.004427632109257,2024,2024-03-31,learned_order_offset,20260912,0.4254784018244928,0.4254784018244928,0,0
weekly_state_validated,3257,2024-06-28,2024-07-08,-0.0108320369203009,2024,2024-03-31,learned_order_offset,20260912,0.42441544028089423,0.42441544028089423,0,0
weekly_state_ungated,3206,2024-04-12,2024-04-22,0.018045199366633,2024,2024-03-31,learned_order_offset,20260912,0.44929705658328956,0.44929705658328956,0,1
weekly_state_ungated,3211,2024-04-19,2024-04-29,0.0136757744232476,2024,2024-03-31,learned_order_offset,20260912,0.4668966804478378,0.4668966804478378,0,1
weekly_state_ungated,3216,2024-04-26,2024-05-13,0.0172434956786644,2024,2024-03-31,learned_order_offset,20260912,0.43466916226937313,0.43466916226937313,0,1
weekly_state_ungated,3223,2024-05-10,2024-05-20,0.0097933549988344,2024,2024-03-31,learned_order_offset,20260912,0.3827305133262568,0.3827305133262568,0,1
weekly_state_ungated,3228,2024-05-17,2024-05-27,-0.0204803832637164,2024,2024-03-31,learned_order_offset,20260912,0.3573843710868201,0.3573843710868201,0,0
weekly_state_ungated,3233,2024-05-24,2024-06-03,-0.0081155643048258,2024,2024-03-31,learned_order_offset,20260912,0.3740428745639241,0.3740428745639241,0,0
weekly_state_ungated,3238,2024-05-31,2024-06-11,-0.0060267570121149,2024,2024-03-31,learned_order_offset,20260912,0.35129942648306484,0.35129942648306484,0,0
weekly_state_ungated,3243,2024-06-07,2024-06-17,-0.0096686558937179,2024,2024-03-31,learned_order_offset,20260912,0.4055358474507411,0.4055358474507411,0,0
weekly_state_ungated,3247,2024-06-14,2024-06-24,-0.013573992457631,2024,2024-03-31,learned_order_offset,20260912,0.3809479569311972,0.3809479569311972,0,0
weekly_state_ungated,3252,2024-06-21,2024-07-01,-0.004427632109257,2024,2024-03-31,learned_order_offset,20260912,0.4254784018244928,0.4254784018244928,0,0
weekly_state_ungated,3257,2024-06-28,2024-07-08,-0.0108320369203009,2024,2024-03-31,learned_order_offset,20260912,0.42441544028089423,0.42441544028089423,0,0
weekly_global_validated,3206,2024-04-12,2024-04-22,0.018045199366633,2024,2024-03-31,learned_order_offset,20260912,0.44900290436109536,0.44900290436109536,0,1
weekly_global_validated,3211,2024-04-19,2024-04-29,0.0136757744232476,2024,2024-03-31,learned_order_offset,20260912,0.4666007685534335,0.4666007685534335,0,1
weekly_global_validated,3216,2024-04-26,2024-05-13,0.0172434956786644,2024,2024-03-31,learned_order_offset,20260912,0.4343770329705723,0.4343770329705723,0,1
weekly_global_validated,3223,2024-05-10,2024-05-20,0.0097933549988344,2024,2024-03-31,learned_order_offset,20260912,0.3824496760888333,0.3824496760888333,0,1
weekly_global_validated,3228,2024-05-17,2024-05-27,-0.0204803832637164,2024,2024-03-31,learned_order_offset,20260912,0.35711137240492025,0.35711137240492025,0,0
weekly_global_validated,3233,2024-05-24,2024-06-03,-0.0081155643048258,2024,2024-03-31,learned_order_offset,20260912,0.3737645520851825,0.3737645520851825,0,0
weekly_global_validated,3238,2024-05-31,2024-06-11,-0.0060267570121149,2024,2024-03-31,learned_order_offset,20260912,0.3510285369082652,0.3510285369082652,0,0
weekly_global_validated,3243,2024-06-07,2024-06-17,-0.0096686558937179,2024,2024-03-31,learned_order_offset,20260912,0.4052492624281903,0.4052492624281903,0,0
weekly_global_validated,3247,2024-06-14,2024-06-24,-0.013573992457631,2024,2024-03-31,learned_order_offset,20260912,0.41450780904711865,0.41450780904711865,0,0
weekly_global_validated,3252,2024-06-21,2024-07-01,-0.004427632109257,2024,2024-03-31,learned_order_offset,20260912,0.46004587730144675,0.46004587730144675,0,0
weekly_global_validated,3257,2024-06-28,2024-07-08,-0.0108320369203009,2024,2024-03-31,learned_order_offset,20260912,0.4589655459892309,0.4589655459892309,0,0
weekly_global_ungated,3206,2024-04-12,2024-04-22,0.018045199366633,2024,2024-03-31,learned_order_offset,20260912,0.43118904991280504,0.43118904991280504,0,1
weekly_global_ungated,3211,2024-04-19,2024-04-29,0.0136757744232476,2024,2024-03-31,learned_order_offset,20260912,0.4486572367287626,0.4486572367287626,0,1
weekly_global_ungated,3216,2024-04-26,2024-05-13,0.0172434956786644,2024,2024-03-31,learned_order_offset,20260912,0.4167046057134282,0.4167046057134282,0,1
weekly_global_ungated,3223,2024-05-10,2024-05-20,0.0097933549988344,2024,2024-03-31,learned_order_offset,20260912,0.3655246297575128,0.3655246297575128,0,1
weekly_global_ungated,3228,2024-05-17,2024-05-27,-0.0204803832637164,2024,2024-03-31,learned_order_offset,20260912,0.34068904238485215,0.34068904238485215,0,0
weekly_global_ungated,3233,2024-05-24,2024-06-03,-0.0081155643048258,2024,2024-03-31,learned_order_offset,20260912,0.35700166737473077,0.35700166737473077,0,0
weekly_global_ungated,3238,2024-05-31,2024-06-11,-0.0060267570121149,2024,2024-03-31,learned_order_offset,20260912,0.33474028604114037,0.33474028604114037,0,0
weekly_global_ungated,3243,2024-06-07,2024-06-17,-0.0096686558937179,2024,2024-03-31,learned_order_offset,20260912,0.3879490838383293,0.3879490838383293,0,0
weekly_global_ungated,3247,2024-06-14,2024-06-24,-0.013573992457631,2024,2024-03-31,learned_order_offset,20260912,0.39707626330844636,0.39707626330844636,0,0
weekly_global_ungated,3252,2024-06-21,2024-07-01,-0.004427632109257,2024,2024-03-31,learned_order_offset,20260912,0.44214547020378203,0.44214547020378203,0,0
weekly_global_ungated,3257,2024-06-28,2024-07-08,-0.0108320369203009,2024,2024-03-31,learned_order_offset,20260912,0.4410728368572808,0.4410728368572808,0,0
weekly_state_validated,3262,2024-07-05,2024-07-15,0.0122222871842843,2024,2024-06-30,learned_market,20260910,0.5312099723736838,0.5312099723736838,1,1
weekly_state_validated,3267,2024-07-12,2024-07-22,0.0218881133018156,2024,2024-06-30,learned_market,20260910,0.4706196251419226,0.4706196251419226,0,1
weekly_state_validated,3272,2024-07-19,2024-07-29,-0.0378787022382998,2024,2024-06-30,learned_market,20260910,0.4973915575015714,0.4973915575015714,0,0
weekly_state_validated,3277,2024-07-26,2024-08-05,-0.0124134568216732,2024,2024-06-30,learned_market,20260910,0.5168087974043634,0.5168087974043634,1,0
weekly_state_validated,3282,2024-08-02,2024-08-12,-0.0102762848330364,2024,2024-06-30,learned_market,20260910,0.5103969021168359,0.5103969021168359,1,0
weekly_state_validated,3287,2024-08-09,2024-08-19,0.0050186923751938,2024,2024-06-30,learned_market,20260910,0.5738642832331972,0.5738642832331972,1,1
weekly_state_validated,3292,2024-08-16,2024-08-26,-0.0040487282687352,2024,2024-06-30,learned_market,20260910,0.3949171401752265,0.3949171401752265,0,0
weekly_state_validated,3297,2024-08-23,2024-09-02,-0.0069594562136714,2024,2024-06-30,learned_market,20260910,0.29072042976701107,0.29072042976701107,0,0
weekly_state_validated,3302,2024-08-30,2024-09-09,-0.0280389655151561,2024,2024-06-30,learned_market,20260910,0.2698525733496452,0.2698525733496452,0,0
weekly_state_validated,3307,2024-09-06,2024-09-18,-0.0174132138857783,2024,2024-06-30,learned_market,20260910,0.28624372995779085,0.28624372995779085,0,0
weekly_state_validated,3312,2024-09-13,2024-09-24,0.0133119329369826,2024,2024-06-30,learned_market,20260910,0.3257397725885097,0.3257397725885097,0,1
weekly_state_validated,3315,2024-09-20,2024-09-30,0.2017513988384409,2024,2024-06-30,learned_market,20260910,0.30329361432845675,0.30329361432845675,0,1
weekly_state_validated,3320,2024-09-27,2024-10-14,0.0178259004588408,2024,2024-06-30,learned_market,20260910,0.5539828044064032,0.5539828044064032,1,1
weekly_state_ungated,3262,2024-07-05,2024-07-15,0.0122222871842843,2024,2024-06-30,learned_market,20260910,0.4873305147430974,0.4873305147430974,0,1
weekly_state_ungated,3267,2024-07-12,2024-07-22,0.0218881133018156,2024,2024-06-30,learned_market,20260910,0.4271843614099693,0.4271843614099693,0,1
weekly_state_ungated,3272,2024-07-19,2024-07-29,-0.0378787022382998,2024,2024-06-30,learned_market,20260910,0.4973915575015714,0.4973915575015714,0,0
weekly_state_ungated,3277,2024-07-26,2024-08-05,-0.0124134568216732,2024,2024-06-30,learned_market,20260910,0.47291886264881566,0.47291886264881566,0,0
weekly_state_ungated,3282,2024-08-02,2024-08-12,-0.0102762848330364,2024,2024-06-30,learned_market,20260910,0.46652574839942057,0.46652574839942057,0,0
weekly_state_ungated,3287,2024-08-09,2024-08-19,0.0050186923751938,2024,2024-06-30,learned_market,20260910,0.530448241078941,0.530448241078941,1,1
weekly_state_ungated,3292,2024-08-16,2024-08-26,-0.0040487282687352,2024,2024-06-30,learned_market,20260910,0.35379923160845117,0.35379923160845117,0,0
weekly_state_ungated,3297,2024-08-23,2024-09-02,-0.0069594562136714,2024,2024-06-30,learned_market,20260910,0.2558637870661782,0.2558637870661782,0,0
weekly_state_ungated,3302,2024-08-30,2024-09-09,-0.0280389655151561,2024,2024-06-30,learned_market,20260910,0.23666309818818052,0.23666309818818052,0,0
weekly_state_ungated,3307,2024-09-06,2024-09-18,-0.0174132138857783,2024,2024-06-30,learned_market,20260910,0.2517333338529338,0.2517333338529338,0,0
weekly_state_ungated,3312,2024-09-13,2024-09-24,0.0133119329369826,2024,2024-06-30,learned_market,20260910,0.28839159448587837,0.28839159448587837,0,1
weekly_state_ungated,3315,2024-09-20,2024-09-30,0.2017513988384409,2024,2024-06-30,learned_market,20260910,0.2674980152372541,0.2674980152372541,0,1
weekly_state_ungated,3320,2024-09-27,2024-10-14,0.0178259004588408,2024,2024-06-30,learned_market,20260910,0.5539828044064032,0.5539828044064032,1,1
weekly_global_validated,3262,2024-07-05,2024-07-15,0.0122222871842843,2024,2024-06-30,learned_market,20260910,0.4883549803615694,0.4883549803615694,0,1
weekly_global_validated,3267,2024-07-12,2024-07-22,0.0218881133018156,2024,2024-06-30,learned_market,20260910,0.4281879914407374,0.4281879914407374,0,1
weekly_global_validated,3272,2024-07-19,2024-07-29,-0.0378787022382998,2024,2024-06-30,learned_market,20260910,0.4677374781378899,0.4677374781378899,0,0
weekly_global_validated,3277,2024-07-26,2024-08-05,-0.0124134568216732,2024,2024-06-30,learned_market,20260910,0.47394103961323975,0.47394103961323975,0,0
weekly_global_validated,3282,2024-08-02,2024-08-12,-0.0102762848330364,2024,2024-06-30,learned_market,20260910,0.4675463645714335,0.4675463645714335,0,0
weekly_global_validated,3287,2024-08-09,2024-08-19,0.0050186923751938,2024,2024-06-30,learned_market,20260910,0.5314693827997241,0.5314693827997241,1,1
weekly_global_validated,3292,2024-08-16,2024-08-26,-0.0040487282687352,2024,2024-06-30,learned_market,20260910,0.35473722230195115,0.35473722230195115,0,0
weekly_global_validated,3297,2024-08-23,2024-09-02,-0.0069594562136714,2024,2024-06-30,learned_market,20260910,0.2566452528612386,0.2566452528612386,0,0
weekly_global_validated,3302,2024-08-30,2024-09-09,-0.0280389655151561,2024,2024-06-30,learned_market,20260910,0.2374046299206671,0.2374046299206671,0,0
weekly_global_validated,3307,2024-09-06,2024-09-18,-0.0174132138857783,2024,2024-06-30,learned_market,20260910,0.25250646505165386,0.25250646505165386,0,0
weekly_global_validated,3312,2024-09-13,2024-09-24,0.0133119329369826,2024,2024-06-30,learned_market,20260910,0.28923379286326917,0.28923379286326917,0,1
weekly_global_validated,3315,2024-09-20,2024-09-30,0.2017513988384409,2024,2024-06-30,learned_market,20260910,0.26830220278179084,0.26830220278179084,0,1
weekly_global_validated,3320,2024-09-27,2024-10-14,0.0178259004588408,2024,2024-06-30,learned_market,20260910,0.5112943864448749,0.5112943864448749,1,1
weekly_global_ungated,3262,2024-07-05,2024-07-15,0.0122222871842843,2024,2024-06-30,learned_market,20260910,0.4883549803615694,0.4883549803615694,0,1
weekly_global_ungated,3267,2024-07-12,2024-07-22,0.0218881133018156,2024,2024-06-30,learned_market,20260910,0.4281879914407374,0.4281879914407374,0,1
weekly_global_ungated,3272,2024-07-19,2024-07-29,-0.0378787022382998,2024,2024-06-30,learned_market,20260910,0.4677374781378899,0.4677374781378899,0,0
weekly_global_ungated,3277,2024-07-26,2024-08-05,-0.0124134568216732,2024,2024-06-30,learned_market,20260910,0.47394103961323975,0.47394103961323975,0,0
weekly_global_ungated,3282,2024-08-02,2024-08-12,-0.0102762848330364,2024,2024-06-30,learned_market,20260910,0.4675463645714335,0.4675463645714335,0,0
weekly_global_ungated,3287,2024-08-09,2024-08-19,0.0050186923751938,2024,2024-06-30,learned_market,20260910,0.5314693827997241,0.5314693827997241,1,1
weekly_global_ungated,3292,2024-08-16,2024-08-26,-0.0040487282687352,2024,2024-06-30,learned_market,20260910,0.35473722230195115,0.35473722230195115,0,0
weekly_global_ungated,3297,2024-08-23,2024-09-02,-0.0069594562136714,2024,2024-06-30,learned_market,20260910,0.2566452528612386,0.2566452528612386,0,0
weekly_global_ungated,3302,2024-08-30,2024-09-09,-0.0280389655151561,2024,2024-06-30,learned_market,20260910,0.2374046299206671,0.2374046299206671,0,0
weekly_global_ungated,3307,2024-09-06,2024-09-18,-0.0174132138857783,2024,2024-06-30,learned_market,20260910,0.25250646505165386,0.25250646505165386,0,0
weekly_global_ungated,3312,2024-09-13,2024-09-24,0.0133119329369826,2024,2024-06-30,learned_market,20260910,0.28923379286326917,0.28923379286326917,0,1
weekly_global_ungated,3315,2024-09-20,2024-09-30,0.2017513988384409,2024,2024-06-30,learned_market,20260910,0.26830220278179084,0.26830220278179084,0,1
weekly_global_ungated,3320,2024-09-27,2024-10-14,0.0178259004588408,2024,2024-06-30,learned_market,20260910,0.5112943864448749,0.5112943864448749,1,1
weekly_state_validated,3262,2024-07-05,2024-07-15,0.0122222871842843,2024,2024-06-30,learned_market,20260911,0.45126286241747676,0.45126286241747676,0,1
weekly_state_validated,3267,2024-07-12,2024-07-22,0.0218881133018156,2024,2024-06-30,learned_market,20260911,0.5332769498693494,0.5332769498693494,1,1
weekly_state_validated,3272,2024-07-19,2024-07-29,-0.0378787022382998,2024,2024-06-30,learned_market,20260911,0.38926259240421873,0.38926259240421873,0,0
weekly_state_validated,3277,2024-07-26,2024-08-05,-0.0124134568216732,2024,2024-06-30,learned_market,20260911,0.478355530473102,0.478355530473102,0,0
weekly_state_validated,3282,2024-08-02,2024-08-12,-0.0102762848330364,2024,2024-06-30,learned_market,20260911,0.3834188816798506,0.3834188816798506,0,0
weekly_state_validated,3287,2024-08-09,2024-08-19,0.0050186923751938,2024,2024-06-30,learned_market,20260911,0.42469973553977347,0.42469973553977347,0,1
weekly_state_validated,3292,2024-08-16,2024-08-26,-0.0040487282687352,2024,2024-06-30,learned_market,20260911,0.29687018071515625,0.29687018071515625,0,0
weekly_state_validated,3297,2024-08-23,2024-09-02,-0.0069594562136714,2024,2024-06-30,learned_market,20260911,0.34723831026140495,0.34723831026140495,0,0
weekly_state_validated,3302,2024-08-30,2024-09-09,-0.0280389655151561,2024,2024-06-30,learned_market,20260911,0.338131357699674,0.338131357699674,0,0
weekly_state_validated,3307,2024-09-06,2024-09-18,-0.0174132138857783,2024,2024-06-30,learned_market,20260911,0.3981701161949381,0.3981701161949381,0,0
weekly_state_validated,3312,2024-09-13,2024-09-24,0.0133119329369826,2024,2024-06-30,learned_market,20260911,0.4602703023881774,0.4602703023881774,0,1
weekly_state_validated,3315,2024-09-20,2024-09-30,0.2017513988384409,2024,2024-06-30,learned_market,20260911,0.48844687615774224,0.48844687615774224,0,1
weekly_state_validated,3320,2024-09-27,2024-10-14,0.0178259004588408,2024,2024-06-30,learned_market,20260911,0.6935862325010999,0.6935862325010999,1,1
weekly_state_ungated,3262,2024-07-05,2024-07-15,0.0122222871842843,2024,2024-06-30,learned_market,20260911,0.4046245795182071,0.4046245795182071,0,1
weekly_state_ungated,3267,2024-07-12,2024-07-22,0.0218881133018156,2024,2024-06-30,learned_market,20260911,0.48566439825870994,0.48566439825870994,0,1
weekly_state_ungated,3272,2024-07-19,2024-07-29,-0.0378787022382998,2024,2024-06-30,learned_market,20260911,0.38926259240421873,0.38926259240421873,0,0
weekly_state_ungated,3277,2024-07-26,2024-08-05,-0.0124134568216732,2024,2024-06-30,learned_market,20260911,0.4311170671634385,0.4311170671634385,0,0
weekly_state_ungated,3282,2024-08-02,2024-08-12,-0.0102762848330364,2024,2024-06-30,learned_market,20260911,0.33945479040777976,0.33945479040777976,0,0
weekly_state_ungated,3287,2024-08-09,2024-08-19,0.0050186923751938,2024,2024-06-30,learned_market,20260911,0.3789110870867758,0.3789110870867758,0,1
weekly_state_ungated,3292,2024-08-16,2024-08-26,-0.0040487282687352,2024,2024-06-30,learned_market,20260911,0.2586667733046259,0.2586667733046259,0,0
weekly_state_ungated,3297,2024-08-23,2024-09-02,-0.0069594562136714,2024,2024-06-30,learned_market,20260911,0.3053681745318721,0.3053681745318721,0,0
weekly_state_ungated,3302,2024-08-30,2024-09-09,-0.0280389655151561,2024,2024-06-30,learned_market,20260911,0.2968599440426361,0.2968599440426361,0,0
weekly_state_ungated,3307,2024-09-06,2024-09-18,-0.0174132138857783,2024,2024-06-30,learned_market,20260911,0.3534842889276982,0.3534842889276982,0,0
weekly_state_ungated,3312,2024-09-13,2024-09-24,0.0133119329369826,2024,2024-06-30,learned_market,20260911,0.41340242620352124,0.41340242620352124,0,1
weekly_state_ungated,3315,2024-09-20,2024-09-30,0.2017513988384409,2024,2024-06-30,learned_market,20260911,0.4410544554120386,0.4410544554120386,0,1
weekly_state_ungated,3320,2024-09-27,2024-10-14,0.0178259004588408,2024,2024-06-30,learned_market,20260911,0.6935862325010999,0.6935862325010999,1,1
weekly_global_validated,3262,2024-07-05,2024-07-15,0.0122222871842843,2024,2024-06-30,learned_market,20260911,0.4038266574350271,0.4038266574350271,0,1
weekly_global_validated,3267,2024-07-12,2024-07-22,0.0218881133018156,2024,2024-06-30,learned_market,20260911,0.48483680533819146,0.48483680533819146,0,1
weekly_global_validated,3272,2024-07-19,2024-07-29,-0.0378787022382998,2024,2024-06-30,learned_market,20260911,0.36162086377858177,0.36162086377858177,0,0
weekly_global_validated,3277,2024-07-26,2024-08-05,-0.0124134568216732,2024,2024-06-30,learned_market,20260911,0.43030466035660303,0.43030466035660303,0,0
weekly_global_validated,3282,2024-08-02,2024-08-12,-0.0102762848330364,2024,2024-06-30,learned_market,20260911,0.33871227054337416,0.33871227054337416,0,0
weekly_global_validated,3287,2024-08-09,2024-08-19,0.0050186923751938,2024,2024-06-30,learned_market,20260911,0.37813166730223763,0.37813166730223763,0,1
weekly_global_validated,3292,2024-08-16,2024-08-26,-0.0040487282687352,2024,2024-06-30,learned_market,20260911,0.25803193733163005,0.25803193733163005,0,0
weekly_global_validated,3297,2024-08-23,2024-09-02,-0.0069594562136714,2024,2024-06-30,learned_market,20260911,0.30466582545115384,0.30466582545115384,0,0
weekly_global_validated,3302,2024-08-30,2024-09-09,-0.0280389655151561,2024,2024-06-30,learned_market,20260911,0.2961688203617965,0.2961688203617965,0,0
weekly_global_validated,3307,2024-09-06,2024-09-18,-0.0174132138857783,2024,2024-06-30,learned_market,20260911,0.3527274682946003,0.3527274682946003,0,0
weekly_global_validated,3312,2024-09-13,2024-09-24,0.0133119329369826,2024,2024-06-30,learned_market,20260911,0.41259919007776497,0.41259919007776497,0,1
weekly_global_validated,3315,2024-09-20,2024-09-30,0.2017513988384409,2024,2024-06-30,learned_market,20260911,0.4402378139212488,0.4402378139212488,0,1
weekly_global_validated,3320,2024-09-27,2024-10-14,0.0178259004588408,2024,2024-06-30,learned_market,20260911,0.6508921294347128,0.6508921294347128,1,1
weekly_global_ungated,3262,2024-07-05,2024-07-15,0.0122222871842843,2024,2024-06-30,learned_market,20260911,0.4038266574350271,0.4038266574350271,0,1
weekly_global_ungated,3267,2024-07-12,2024-07-22,0.0218881133018156,2024,2024-06-30,learned_market,20260911,0.48483680533819146,0.48483680533819146,0,1
weekly_global_ungated,3272,2024-07-19,2024-07-29,-0.0378787022382998,2024,2024-06-30,learned_market,20260911,0.36162086377858177,0.36162086377858177,0,0
weekly_global_ungated,3277,2024-07-26,2024-08-05,-0.0124134568216732,2024,2024-06-30,learned_market,20260911,0.43030466035660303,0.43030466035660303,0,0
weekly_global_ungated,3282,2024-08-02,2024-08-12,-0.0102762848330364,2024,2024-06-30,learned_market,20260911,0.33871227054337416,0.33871227054337416,0,0
weekly_global_ungated,3287,2024-08-09,2024-08-19,0.0050186923751938,2024,2024-06-30,learned_market,20260911,0.37813166730223763,0.37813166730223763,0,1
weekly_global_ungated,3292,2024-08-16,2024-08-26,-0.0040487282687352,2024,2024-06-30,learned_market,20260911,0.25803193733163005,0.25803193733163005,0,0
weekly_global_ungated,3297,2024-08-23,2024-09-02,-0.0069594562136714,2024,2024-06-30,learned_market,20260911,0.30466582545115384,0.30466582545115384,0,0
weekly_global_ungated,3302,2024-08-30,2024-09-09,-0.0280389655151561,2024,2024-06-30,learned_market,20260911,0.2961688203617965,0.2961688203617965,0,0
weekly_global_ungated,3307,2024-09-06,2024-09-18,-0.0174132138857783,2024,2024-06-30,learned_market,20260911,0.3527274682946003,0.3527274682946003,0,0
weekly_global_ungated,3312,2024-09-13,2024-09-24,0.0133119329369826,2024,2024-06-30,learned_market,20260911,0.41259919007776497,0.41259919007776497,0,1
weekly_global_ungated,3315,2024-09-20,2024-09-30,0.2017513988384409,2024,2024-06-30,learned_market,20260911,0.4402378139212488,0.4402378139212488,0,1
weekly_global_ungated,3320,2024-09-27,2024-10-14,0.0178259004588408,2024,2024-06-30,learned_market,20260911,0.6508921294347128,0.6508921294347128,1,1
weekly_state_validated,3262,2024-07-05,2024-07-15,0.0122222871842843,2024,2024-06-30,learned_market,20260912,0.6034793238713074,0.6034793238713074,1,1
weekly_state_validated,3267,2024-07-12,2024-07-22,0.0218881133018156,2024,2024-06-30,learned_market,20260912,0.5610794385801106,0.5610794385801106,1,1
weekly_state_validated,3272,2024-07-19,2024-07-29,-0.0378787022382998,2024,2024-06-30,learned_market,20260912,0.4616551320371918,0.4616551320371918,0,0
weekly_state_validated,3277,2024-07-26,2024-08-05,-0.0124134568216732,2024,2024-06-30,learned_market,20260912,0.6067866221715498,0.6067866221715498,1,0
weekly_state_validated,3282,2024-08-02,2024-08-12,-0.0102762848330364,2024,2024-06-30,learned_market,20260912,0.5988840805331399,0.5988840805331399,1,0
weekly_state_validated,3287,2024-08-09,2024-08-19,0.0050186923751938,2024,2024-06-30,learned_market,20260912,0.49990964765168316,0.49990964765168316,0,1
weekly_state_validated,3292,2024-08-16,2024-08-26,-0.0040487282687352,2024,2024-06-30,learned_market,20260912,0.386114932843502,0.386114932843502,0,0
weekly_state_validated,3297,2024-08-23,2024-09-02,-0.0069594562136714,2024,2024-06-30,learned_market,20260912,0.29793160550776904,0.29793160550776904,0,0
weekly_state_validated,3302,2024-08-30,2024-09-09,-0.0280389655151561,2024,2024-06-30,learned_market,20260912,0.3333966760605091,0.3333966760605091,0,0
weekly_state_validated,3307,2024-09-06,2024-09-18,-0.0174132138857783,2024,2024-06-30,learned_market,20260912,0.4055616172512009,0.4055616172512009,0,0
weekly_state_validated,3312,2024-09-13,2024-09-24,0.0133119329369826,2024,2024-06-30,learned_market,20260912,0.38664422840881285,0.38664422840881285,0,1
weekly_state_validated,3315,2024-09-20,2024-09-30,0.2017513988384409,2024,2024-06-30,learned_market,20260912,0.4117180714207147,0.4117180714207147,0,1
weekly_state_validated,3320,2024-09-27,2024-10-14,0.0178259004588408,2024,2024-06-30,learned_market,20260912,0.42243022170956096,0.42243022170956096,0,1
weekly_state_ungated,3262,2024-07-05,2024-07-15,0.0122222871842843,2024,2024-06-30,learned_market,20260912,0.5698986081142723,0.5698986081142723,1,1
weekly_state_ungated,3267,2024-07-12,2024-07-22,0.0218881133018156,2024,2024-06-30,learned_market,20260912,0.5267239962440231,0.5267239962440231,1,1
weekly_state_ungated,3272,2024-07-19,2024-07-29,-0.0378787022382998,2024,2024-06-30,learned_market,20260912,0.4616551320371918,0.4616551320371918,0,0
weekly_state_ungated,3277,2024-07-26,2024-08-05,-0.0124134568216732,2024,2024-06-30,learned_market,20260912,0.5732879485476803,0.5732879485476803,1,0
weekly_state_ungated,3282,2024-08-02,2024-08-12,-0.0102762848330364,2024,2024-06-30,learned_market,20260912,0.565194592514518,0.565194592514518,1,0
weekly_state_ungated,3287,2024-08-09,2024-08-19,0.0050186923751938,2024,2024-06-30,learned_market,20260912,0.4653288527209273,0.4653288527209273,0,1
weekly_state_ungated,3292,2024-08-16,2024-08-26,-0.0040487282687352,2024,2024-06-30,learned_market,20260912,0.3538362430134232,0.3538362430134232,0,0
weekly_state_ungated,3297,2024-08-23,2024-09-02,-0.0069594562136714,2024,2024-06-30,learned_market,20260912,0.2697851343964678,0.2697851343964678,0,0
weekly_state_ungated,3302,2024-08-30,2024-09-09,-0.0280389655151561,2024,2024-06-30,learned_market,20260912,0.3033473840953953,0.3033473840953953,0,0
weekly_state_ungated,3307,2024-09-06,2024-09-18,-0.0174132138857783,2024,2024-06-30,learned_market,20260912,0.3726440626717438,0.3726440626717438,0,0
weekly_state_ungated,3312,2024-09-13,2024-09-24,0.0133119329369826,2024,2024-06-30,learned_market,20260912,0.3543468312475414,0.3543468312475414,0,1
weekly_state_ungated,3315,2024-09-20,2024-09-30,0.2017513988384409,2024,2024-06-30,learned_market,20260912,0.3786190970028124,0.3786190970028124,0,1
weekly_state_ungated,3320,2024-09-27,2024-10-14,0.0178259004588408,2024,2024-06-30,learned_market,20260912,0.42243022170956096,0.42243022170956096,0,1
weekly_global_validated,3262,2024-07-05,2024-07-15,0.0122222871842843,2024,2024-06-30,learned_market,20260912,0.5726093682151794,0.5726093682151794,1,1
weekly_global_validated,3267,2024-07-12,2024-07-22,0.0218881133018156,2024,2024-06-30,learned_market,20260912,0.529482208248855,0.529482208248855,1,1
weekly_global_validated,3272,2024-07-19,2024-07-29,-0.0378787022382998,2024,2024-06-30,learned_market,20260912,0.44343738194138166,0.44343738194138166,0,0
weekly_global_validated,3277,2024-07-26,2024-08-05,-0.0124134568216732,2024,2024-06-30,learned_market,20260912,0.5759932401404929,0.5759932401404929,1,0
weekly_global_validated,3282,2024-08-02,2024-08-12,-0.0102762848330364,2024,2024-06-30,learned_market,20260912,0.5679125218978227,0.5679125218978227,1,0
weekly_global_validated,3287,2024-08-09,2024-08-19,0.0050186923751938,2024,2024-06-30,learned_market,20260912,0.4680835374634327,0.4680835374634327,0,1
weekly_global_validated,3292,2024-08-16,2024-08-26,-0.0040487282687352,2024,2024-06-30,learned_market,20260912,0.35637082606462334,0.35637082606462334,0,0
weekly_global_validated,3297,2024-08-23,2024-09-02,-0.0069594562136714,2024,2024-06-30,learned_market,20260912,0.27197105885651307,0.27197105885651307,0,0
weekly_global_validated,3302,2024-08-30,2024-09-09,-0.0280389655151561,2024,2024-06-30,learned_market,20260912,0.3056914039523253,0.3056914039523253,0,0
weekly_global_validated,3307,2024-09-06,2024-09-18,-0.0174132138857783,2024,2024-06-30,learned_market,20260912,0.3752351335616635,0.3752351335616635,0,0
weekly_global_validated,3312,2024-09-13,2024-09-24,0.0133119329369826,2024,2024-06-30,learned_market,20260912,0.35688305168781054,0.35688305168781054,0,1
weekly_global_validated,3315,2024-09-20,2024-09-30,0.2017513988384409,2024,2024-06-30,learned_market,20260912,0.3812264674233437,0.3812264674233437,0,1
weekly_global_validated,3320,2024-09-27,2024-10-14,0.0178259004588408,2024,2024-06-30,learned_market,20260912,0.39167347867810753,0.39167347867810753,0,1
weekly_global_ungated,3262,2024-07-05,2024-07-15,0.0122222871842843,2024,2024-06-30,learned_market,20260912,0.5726093682151794,0.5726093682151794,1,1
weekly_global_ungated,3267,2024-07-12,2024-07-22,0.0218881133018156,2024,2024-06-30,learned_market,20260912,0.529482208248855,0.529482208248855,1,1
weekly_global_ungated,3272,2024-07-19,2024-07-29,-0.0378787022382998,2024,2024-06-30,learned_market,20260912,0.44343738194138166,0.44343738194138166,0,0
weekly_global_ungated,3277,2024-07-26,2024-08-05,-0.0124134568216732,2024,2024-06-30,learned_market,20260912,0.5759932401404929,0.5759932401404929,1,0
weekly_global_ungated,3282,2024-08-02,2024-08-12,-0.0102762848330364,2024,2024-06-30,learned_market,20260912,0.5679125218978227,0.5679125218978227,1,0
weekly_global_ungated,3287,2024-08-09,2024-08-19,0.0050186923751938,2024,2024-06-30,learned_market,20260912,0.4680835374634327,0.4680835374634327,0,1
weekly_global_ungated,3292,2024-08-16,2024-08-26,-0.0040487282687352,2024,2024-06-30,learned_market,20260912,0.35637082606462334,0.35637082606462334,0,0
weekly_global_ungated,3297,2024-08-23,2024-09-02,-0.0069594562136714,2024,2024-06-30,learned_market,20260912,0.27197105885651307,0.27197105885651307,0,0
weekly_global_ungated,3302,2024-08-30,2024-09-09,-0.0280389655151561,2024,2024-06-30,learned_market,20260912,0.3056914039523253,0.3056914039523253,0,0
weekly_global_ungated,3307,2024-09-06,2024-09-18,-0.0174132138857783,2024,2024-06-30,learned_market,20260912,0.3752351335616635,0.3752351335616635,0,0
weekly_global_ungated,3312,2024-09-13,2024-09-24,0.0133119329369826,2024,2024-06-30,learned_market,20260912,0.35688305168781054,0.35688305168781054,0,1
weekly_global_ungated,3315,2024-09-20,2024-09-30,0.2017513988384409,2024,2024-06-30,learned_market,20260912,0.3812264674233437,0.3812264674233437,0,1
weekly_global_ungated,3320,2024-09-27,2024-10-14,0.0178259004588408,2024,2024-06-30,learned_market,20260912,0.39167347867810753,0.39167347867810753,0,1
weekly_state_validated,3262,2024-07-05,2024-07-15,0.0122222871842843,2024,2024-06-30,learned_vol_interaction,20260910,0.5756856823794781,0.5756856823794781,1,1
weekly_state_validated,3267,2024-07-12,2024-07-22,0.0218881133018156,2024,2024-06-30,learned_vol_interaction,20260910,0.4866386539421122,0.4866386539421122,0,1
weekly_state_validated,3272,2024-07-19,2024-07-29,-0.0378787022382998,2024,2024-06-30,learned_vol_interaction,20260910,0.5259531848768862,0.5259531848768862,1,0
weekly_state_validated,3277,2024-07-26,2024-08-05,-0.0124134568216732,2024,2024-06-30,learned_vol_interaction,20260910,0.5302304235904278,0.5302304235904278,1,0
weekly_state_validated,3282,2024-08-02,2024-08-12,-0.0102762848330364,2024,2024-06-30,learned_vol_interaction,20260910,0.5215565305204753,0.5215565305204753,1,0
weekly_state_validated,3287,2024-08-09,2024-08-19,0.0050186923751938,2024,2024-06-30,learned_vol_interaction,20260910,0.5855654639145639,0.5855654639145639,1,1
weekly_state_validated,3292,2024-08-16,2024-08-26,-0.0040487282687352,2024,2024-06-30,learned_vol_interaction,20260910,0.3778758904529602,0.3778758904529602,0,0
weekly_state_validated,3297,2024-08-23,2024-09-02,-0.0069594562136714,2024,2024-06-30,learned_vol_interaction,20260910,0.25486310438949394,0.25486310438949394,0,0
weekly_state_validated,3302,2024-08-30,2024-09-09,-0.0280389655151561,2024,2024-06-30,learned_vol_interaction,20260910,0.23399162737304185,0.23399162737304185,0,0
weekly_state_validated,3307,2024-09-06,2024-09-18,-0.0174132138857783,2024,2024-06-30,learned_vol_interaction,20260910,0.25707507643008914,0.25707507643008914,0,0
weekly_state_validated,3312,2024-09-13,2024-09-24,0.0133119329369826,2024,2024-06-30,learned_vol_interaction,20260910,0.3084747782851401,0.3084747782851401,0,1
weekly_state_validated,3315,2024-09-20,2024-09-30,0.2017513988384409,2024,2024-06-30,learned_vol_interaction,20260910,0.2767223781764832,0.2767223781764832,0,1
weekly_state_validated,3320,2024-09-27,2024-10-14,0.0178259004588408,2024,2024-06-30,learned_vol_interaction,20260910,0.539577352579499,0.539577352579499,1,1
weekly_state_ungated,3262,2024-07-05,2024-07-15,0.0122222871842843,2024,2024-06-30,learned_vol_interaction,20260910,0.5316257437210626,0.5316257437210626,1,1
weekly_state_ungated,3267,2024-07-12,2024-07-22,0.0218881133018156,2024,2024-06-30,learned_vol_interaction,20260910,0.44228999619486675,0.44228999619486675,0,1
weekly_state_ungated,3272,2024-07-19,2024-07-29,-0.0378787022382998,2024,2024-06-30,learned_vol_interaction,20260910,0.5259531848768862,0.5259531848768862,1,0
weekly_state_ungated,3277,2024-07-26,2024-08-05,-0.0124134568216732,2024,2024-06-30,learned_vol_interaction,20260910,0.48566745746306794,0.48566745746306794,0,0
weekly_state_ungated,3282,2024-08-02,2024-08-12,-0.0102762848330364,2024,2024-06-30,learned_vol_interaction,20260910,0.4769823715035661,0.4769823715035661,0,0
weekly_state_ungated,3287,2024-08-09,2024-08-19,0.0050186923751938,2024,2024-06-30,learned_vol_interaction,20260910,0.5417147378221362,0.5417147378221362,1,1
weekly_state_ungated,3292,2024-08-16,2024-08-26,-0.0040487282687352,2024,2024-06-30,learned_vol_interaction,20260910,0.33693364892576966,0.33693364892576966,0,0
weekly_state_ungated,3297,2024-08-23,2024-09-02,-0.0069594562136714,2024,2024-06-30,learned_vol_interaction,20260910,0.22248268406871663,0.22248268406871663,0,0
weekly_state_ungated,3302,2024-08-30,2024-09-09,-0.0280389655151561,2024,2024-06-30,learned_vol_interaction,20260910,0.2035385984626921,0.2035385984626921,0,0
weekly_state_ungated,3307,2024-09-06,2024-09-18,-0.0174132138857783,2024,2024-06-30,learned_vol_interaction,20260910,0.2244982950157329,0.2244982950157329,0,0
weekly_state_ungated,3312,2024-09-13,2024-09-24,0.0133119329369826,2024,2024-06-30,learned_vol_interaction,20260910,0.27176723505030387,0.27176723505030387,0,1
weekly_state_ungated,3315,2024-09-20,2024-09-30,0.2017513988384409,2024,2024-06-30,learned_vol_interaction,20260910,0.242468444457586,0.242468444457586,0,1
weekly_state_ungated,3320,2024-09-27,2024-10-14,0.0178259004588408,2024,2024-06-30,learned_vol_interaction,20260910,0.539577352579499,0.539577352579499,1,1
weekly_global_validated,3262,2024-07-05,2024-07-15,0.0122222871842843,2024,2024-06-30,learned_vol_interaction,20260910,0.5328035422044635,0.5328035422044635,1,1
weekly_global_validated,3267,2024-07-12,2024-07-22,0.0218881133018156,2024,2024-06-30,learned_vol_interaction,20260910,0.44345726553978937,0.44345726553978937,0,1
weekly_global_validated,3272,2024-07-19,2024-07-29,-0.0378787022382998,2024,2024-06-30,learned_vol_interaction,20260910,0.4955952932927267,0.4955952932927267,0,0
weekly_global_validated,3277,2024-07-26,2024-08-05,-0.0124134568216732,2024,2024-06-30,learned_vol_interaction,20260910,0.4868492721953547,0.4868492721953547,0,0
weekly_global_validated,3282,2024-08-02,2024-08-12,-0.0102762848330364,2024,2024-06-30,learned_vol_interaction,20260910,0.4781627000020628,0.4781627000020628,0,0
weekly_global_validated,3287,2024-08-09,2024-08-19,0.0050186923751938,2024,2024-06-30,learned_vol_interaction,20260910,0.5428889803040297,0.5428889803040297,1,1
weekly_global_validated,3292,2024-08-16,2024-08-26,-0.0040487282687352,2024,2024-06-30,learned_vol_interaction,20260910,0.33799137565350035,0.33799137565350035,0,0
weekly_global_validated,3297,2024-08-23,2024-09-02,-0.0069594562136714,2024,2024-06-30,learned_vol_interaction,20260910,0.22330211769640154,0.22330211769640154,0,0
weekly_global_validated,3302,2024-08-30,2024-09-09,-0.0280389655151561,2024,2024-06-30,learned_vol_interaction,20260910,0.2043065927428671,0.2043065927428671,0,0
weekly_global_validated,3307,2024-09-06,2024-09-18,-0.0174132138857783,2024,2024-06-30,learned_vol_interaction,20260910,0.22532300101653183,0.22532300101653183,0,0
weekly_global_validated,3312,2024-09-13,2024-09-24,0.0133119329369826,2024,2024-06-30,learned_vol_interaction,20260910,0.27270452385186345,0.27270452385186345,0,1
weekly_global_validated,3315,2024-09-20,2024-09-30,0.2017513988384409,2024,2024-06-30,learned_vol_interaction,20260910,0.24333845063787327,0.24333845063787327,0,1
weekly_global_validated,3320,2024-09-27,2024-10-14,0.0178259004588408,2024,2024-06-30,learned_vol_interaction,20260910,0.49623929051411525,0.49623929051411525,0,1
weekly_global_ungated,3262,2024-07-05,2024-07-15,0.0122222871842843,2024,2024-06-30,learned_vol_interaction,20260910,0.5328035422044635,0.5328035422044635,1,1
weekly_global_ungated,3267,2024-07-12,2024-07-22,0.0218881133018156,2024,2024-06-30,learned_vol_interaction,20260910,0.44345726553978937,0.44345726553978937,0,1
weekly_global_ungated,3272,2024-07-19,2024-07-29,-0.0378787022382998,2024,2024-06-30,learned_vol_interaction,20260910,0.4955952932927267,0.4955952932927267,0,0
weekly_global_ungated,3277,2024-07-26,2024-08-05,-0.0124134568216732,2024,2024-06-30,learned_vol_interaction,20260910,0.4868492721953547,0.4868492721953547,0,0
weekly_global_ungated,3282,2024-08-02,2024-08-12,-0.0102762848330364,2024,2024-06-30,learned_vol_interaction,20260910,0.4781627000020628,0.4781627000020628,0,0
weekly_global_ungated,3287,2024-08-09,2024-08-19,0.0050186923751938,2024,2024-06-30,learned_vol_interaction,20260910,0.5428889803040297,0.5428889803040297,1,1
weekly_global_ungated,3292,2024-08-16,2024-08-26,-0.0040487282687352,2024,2024-06-30,learned_vol_interaction,20260910,0.33799137565350035,0.33799137565350035,0,0
weekly_global_ungated,3297,2024-08-23,2024-09-02,-0.0069594562136714,2024,2024-06-30,learned_vol_interaction,20260910,0.22330211769640154,0.22330211769640154,0,0
weekly_global_ungated,3302,2024-08-30,2024-09-09,-0.0280389655151561,2024,2024-06-30,learned_vol_interaction,20260910,0.2043065927428671,0.2043065927428671,0,0
weekly_global_ungated,3307,2024-09-06,2024-09-18,-0.0174132138857783,2024,2024-06-30,learned_vol_interaction,20260910,0.22532300101653183,0.22532300101653183,0,0
weekly_global_ungated,3312,2024-09-13,2024-09-24,0.0133119329369826,2024,2024-06-30,learned_vol_interaction,20260910,0.27270452385186345,0.27270452385186345,0,1
weekly_global_ungated,3315,2024-09-20,2024-09-30,0.2017513988384409,2024,2024-06-30,learned_vol_interaction,20260910,0.24333845063787327,0.24333845063787327,0,1
weekly_global_ungated,3320,2024-09-27,2024-10-14,0.0178259004588408,2024,2024-06-30,learned_vol_interaction,20260910,0.49623929051411525,0.49623929051411525,0,1
weekly_state_validated,3262,2024-07-05,2024-07-15,0.0122222871842843,2024,2024-06-30,learned_vol_interaction,20260911,0.4522611437941403,0.4522611437941403,0,1
weekly_state_validated,3267,2024-07-12,2024-07-22,0.0218881133018156,2024,2024-06-30,learned_vol_interaction,20260911,0.534956256393257,0.534956256393257,1,1
weekly_state_validated,3272,2024-07-19,2024-07-29,-0.0378787022382998,2024,2024-06-30,learned_vol_interaction,20260911,0.39068590291730854,0.39068590291730854,0,0
weekly_state_validated,3277,2024-07-26,2024-08-05,-0.0124134568216732,2024,2024-06-30,learned_vol_interaction,20260911,0.47904891822544815,0.47904891822544815,0,0
weekly_state_validated,3282,2024-08-02,2024-08-12,-0.0102762848330364,2024,2024-06-30,learned_vol_interaction,20260911,0.3835304997712279,0.3835304997712279,0,0
weekly_state_validated,3287,2024-08-09,2024-08-19,0.0050186923751938,2024,2024-06-30,learned_vol_interaction,20260911,0.4241805247030577,0.4241805247030577,0,1
weekly_state_validated,3292,2024-08-16,2024-08-26,-0.0040487282687352,2024,2024-06-30,learned_vol_interaction,20260911,0.2956504689782993,0.2956504689782993,0,0
weekly_state_validated,3297,2024-08-23,2024-09-02,-0.0069594562136714,2024,2024-06-30,learned_vol_interaction,20260911,0.3460155814509531,0.3460155814509531,0,0
weekly_state_validated,3302,2024-08-30,2024-09-09,-0.0280389655151561,2024,2024-06-30,learned_vol_interaction,20260911,0.33759368552448255,0.33759368552448255,0,0
weekly_state_validated,3307,2024-09-06,2024-09-18,-0.0174132138857783,2024,2024-06-30,learned_vol_interaction,20260911,0.397975241873378,0.397975241873378,0,0
weekly_state_validated,3312,2024-09-13,2024-09-24,0.0133119329369826,2024,2024-06-30,learned_vol_interaction,20260911,0.461342267631887,0.461342267631887,0,1
weekly_state_validated,3315,2024-09-20,2024-09-30,0.2017513988384409,2024,2024-06-30,learned_vol_interaction,20260911,0.4886156386697026,0.4886156386697026,0,1
weekly_state_validated,3320,2024-09-27,2024-10-14,0.0178259004588408,2024,2024-06-30,learned_vol_interaction,20260911,0.6918366307791042,0.6918366307791042,1,1
weekly_state_ungated,3262,2024-07-05,2024-07-15,0.0122222871842843,2024,2024-06-30,learned_vol_interaction,20260911,0.4026156273571012,0.4026156273571012,0,1
weekly_state_ungated,3267,2024-07-12,2024-07-22,0.0218881133018156,2024,2024-06-30,learned_vol_interaction,20260911,0.4842586931014835,0.4842586931014835,0,1
weekly_state_ungated,3272,2024-07-19,2024-07-29,-0.0378787022382998,2024,2024-06-30,learned_vol_interaction,20260911,0.39068590291730854,0.39068590291730854,0,0
weekly_state_ungated,3277,2024-07-26,2024-08-05,-0.0124134568216732,2024,2024-06-30,learned_vol_interaction,20260911,0.4287646876684947,0.4287646876684947,0,0
weekly_state_ungated,3282,2024-08-02,2024-08-12,-0.0102762848330364,2024,2024-06-30,learned_vol_interaction,20260911,0.33679063458614295,0.33679063458614295,0,0
weekly_state_ungated,3287,2024-08-09,2024-08-19,0.0050186923751938,2024,2024-06-30,learned_vol_interaction,20260911,0.3755042770631494,0.3755042770631494,0,1
weekly_state_ungated,3292,2024-08-16,2024-08-26,-0.0040487282687352,2024,2024-06-30,learned_vol_interaction,20260911,0.25518703876826476,0.25518703876826476,0,0
weekly_state_ungated,3297,2024-08-23,2024-09-02,-0.0069594562136714,2024,2024-06-30,learned_vol_interaction,20260911,0.30161076370309925,0.30161076370309925,0,0
weekly_state_ungated,3302,2024-08-30,2024-09-09,-0.0280389655151561,2024,2024-06-30,learned_vol_interaction,20260911,0.29378414729560837,0.29378414729560837,0,0
weekly_state_ungated,3307,2024-09-06,2024-09-18,-0.0174132138857783,2024,2024-06-30,learned_vol_interaction,20260911,0.3504758254853274,0.3504758254853274,0,0
weekly_state_ungated,3312,2024-09-13,2024-09-24,0.0133119329369826,2024,2024-06-30,learned_vol_interaction,20260911,0.41144871146117223,0.41144871146117223,0,1
weekly_state_ungated,3315,2024-09-20,2024-09-30,0.2017513988384409,2024,2024-06-30,learned_vol_interaction,20260911,0.43817184242231033,0.43817184242231033,0,1
weekly_state_ungated,3320,2024-09-27,2024-10-14,0.0178259004588408,2024,2024-06-30,learned_vol_interaction,20260911,0.6918366307791042,0.6918366307791042,1,1
weekly_global_validated,3262,2024-07-05,2024-07-15,0.0122222871842843,2024,2024-06-30,learned_vol_interaction,20260911,0.4030039915288801,0.4030039915288801,0,1
weekly_global_validated,3267,2024-07-12,2024-07-22,0.0218881133018156,2024,2024-06-30,learned_vol_interaction,20260911,0.48466191746510556,0.48466191746510556,0,1
weekly_global_validated,3272,2024-07-19,2024-07-29,-0.0378787022382998,2024,2024-06-30,learned_vol_interaction,20260911,0.3604206169852436,0.3604206169852436,0,0
weekly_global_validated,3277,2024-07-26,2024-08-05,-0.0124134568216732,2024,2024-06-30,learned_vol_interaction,20260911,0.42916015479876635,0.42916015479876635,0,0
weekly_global_validated,3282,2024-08-02,2024-08-12,-0.0102762848330364,2024,2024-06-30,learned_vol_interaction,20260911,0.33715133902916816,0.33715133902916816,0,0
weekly_global_validated,3287,2024-08-09,2024-08-19,0.0050186923751938,2024,2024-06-30,learned_vol_interaction,20260911,0.3758829445708352,0.3758829445708352,0,1
weekly_global_validated,3292,2024-08-16,2024-08-26,-0.0040487282687352,2024,2024-06-30,learned_vol_interaction,20260911,0.25549401440462605,0.25549401440462605,0,0
weekly_global_validated,3297,2024-08-23,2024-09-02,-0.0069594562136714,2024,2024-06-30,learned_vol_interaction,20260911,0.30195094456910127,0.30195094456910127,0,0
weekly_global_validated,3302,2024-08-30,2024-09-09,-0.0280389655151561,2024,2024-06-30,learned_vol_interaction,20260911,0.29411921827701815,0.29411921827701815,0,0
weekly_global_validated,3307,2024-09-06,2024-09-18,-0.0174132138857783,2024,2024-06-30,learned_vol_interaction,20260911,0.3508434332062579,0.3508434332062579,0,0
weekly_global_validated,3312,2024-09-13,2024-09-24,0.0133119329369826,2024,2024-06-30,learned_vol_interaction,20260911,0.41183972203287716,0.41183972203287716,0,1
weekly_global_validated,3315,2024-09-20,2024-09-30,0.2017513988384409,2024,2024-06-30,learned_vol_interaction,20260911,0.43856932464151843,0.43856932464151843,0,1
weekly_global_validated,3320,2024-09-27,2024-10-14,0.0178259004588408,2024,2024-06-30,learned_vol_interaction,20260911,0.6473234378257403,0.6473234378257403,1,1
weekly_global_ungated,3262,2024-07-05,2024-07-15,0.0122222871842843,2024,2024-06-30,learned_vol_interaction,20260911,0.4030039915288801,0.4030039915288801,0,1
weekly_global_ungated,3267,2024-07-12,2024-07-22,0.0218881133018156,2024,2024-06-30,learned_vol_interaction,20260911,0.48466191746510556,0.48466191746510556,0,1
weekly_global_ungated,3272,2024-07-19,2024-07-29,-0.0378787022382998,2024,2024-06-30,learned_vol_interaction,20260911,0.3604206169852436,0.3604206169852436,0,0
weekly_global_ungated,3277,2024-07-26,2024-08-05,-0.0124134568216732,2024,2024-06-30,learned_vol_interaction,20260911,0.42916015479876635,0.42916015479876635,0,0
weekly_global_ungated,3282,2024-08-02,2024-08-12,-0.0102762848330364,2024,2024-06-30,learned_vol_interaction,20260911,0.33715133902916816,0.33715133902916816,0,0
weekly_global_ungated,3287,2024-08-09,2024-08-19,0.0050186923751938,2024,2024-06-30,learned_vol_interaction,20260911,0.3758829445708352,0.3758829445708352,0,1
weekly_global_ungated,3292,2024-08-16,2024-08-26,-0.0040487282687352,2024,2024-06-30,learned_vol_interaction,20260911,0.25549401440462605,0.25549401440462605,0,0
weekly_global_ungated,3297,2024-08-23,2024-09-02,-0.0069594562136714,2024,2024-06-30,learned_vol_interaction,20260911,0.30195094456910127,0.30195094456910127,0,0
weekly_global_ungated,3302,2024-08-30,2024-09-09,-0.0280389655151561,2024,2024-06-30,learned_vol_interaction,20260911,0.29411921827701815,0.29411921827701815,0,0
weekly_global_ungated,3307,2024-09-06,2024-09-18,-0.0174132138857783,2024,2024-06-30,learned_vol_interaction,20260911,0.3508434332062579,0.3508434332062579,0,0
weekly_global_ungated,3312,2024-09-13,2024-09-24,0.0133119329369826,2024,2024-06-30,learned_vol_interaction,20260911,0.41183972203287716,0.41183972203287716,0,1
weekly_global_ungated,3315,2024-09-20,2024-09-30,0.2017513988384409,2024,2024-06-30,learned_vol_interaction,20260911,0.43856932464151843,0.43856932464151843,0,1
weekly_global_ungated,3320,2024-09-27,2024-10-14,0.0178259004588408,2024,2024-06-30,learned_vol_interaction,20260911,0.6473234378257403,0.6473234378257403,1,1
weekly_state_validated,3262,2024-07-05,2024-07-15,0.0122222871842843,2024,2024-06-30,learned_vol_interaction,20260912,0.6195668960408595,0.6195668960408595,1,1
weekly_state_validated,3267,2024-07-12,2024-07-22,0.0218881133018156,2024,2024-06-30,learned_vol_interaction,20260912,0.5647279382660869,0.5647279382660869,1,1
weekly_state_validated,3272,2024-07-19,2024-07-29,-0.0378787022382998,2024,2024-06-30,learned_vol_interaction,20260912,0.45394809082926424,0.45394809082926424,0,0
weekly_state_validated,3277,2024-07-26,2024-08-05,-0.0124134568216732,2024,2024-06-30,learned_vol_interaction,20260912,0.6123160507995845,0.6123160507995845,1,0
weekly_state_validated,3282,2024-08-02,2024-08-12,-0.0102762848330364,2024,2024-06-30,learned_vol_interaction,20260912,0.5993027434239192,0.5993027434239192,1,0
weekly_state_validated,3287,2024-08-09,2024-08-19,0.0050186923751938,2024,2024-06-30,learned_vol_interaction,20260912,0.49286935350004685,0.49286935350004685,0,1
weekly_state_validated,3292,2024-08-16,2024-08-26,-0.0040487282687352,2024,2024-06-30,learned_vol_interaction,20260912,0.37415507577043683,0.37415507577043683,0,0
weekly_state_validated,3297,2024-08-23,2024-09-02,-0.0069594562136714,2024,2024-06-30,learned_vol_interaction,20260912,0.2775486555086619,0.2775486555086619,0,0
weekly_state_validated,3302,2024-08-30,2024-09-09,-0.0280389655151561,2024,2024-06-30,learned_vol_interaction,20260912,0.3043107501623469,0.3043107501623469,0,0
weekly_state_validated,3307,2024-09-06,2024-09-18,-0.0174132138857783,2024,2024-06-30,learned_vol_interaction,20260912,0.391111048873372,0.391111048873372,0,0
weekly_state_validated,3312,2024-09-13,2024-09-24,0.0133119329369826,2024,2024-06-30,learned_vol_interaction,20260912,0.36688921505206057,0.36688921505206057,0,1
weekly_state_validated,3315,2024-09-20,2024-09-30,0.2017513988384409,2024,2024-06-30,learned_vol_interaction,20260912,0.3927215894593369,0.3927215894593369,0,1
weekly_state_validated,3320,2024-09-27,2024-10-14,0.0178259004588408,2024,2024-06-30,learned_vol_interaction,20260912,0.4442843434187072,0.4442843434187072,0,1
weekly_state_ungated,3262,2024-07-05,2024-07-15,0.0122222871842843,2024,2024-06-30,learned_vol_interaction,20260912,0.5874282730310066,0.5874282730310066,1,1
weekly_state_ungated,3267,2024-07-12,2024-07-22,0.0218881133018156,2024,2024-06-30,learned_vol_interaction,20260912,0.5314600282530515,0.5314600282530515,1,1
weekly_state_ungated,3272,2024-07-19,2024-07-29,-0.0378787022382998,2024,2024-06-30,learned_vol_interaction,20260912,0.45394809082926424,0.45394809082926424,0,0
weekly_state_ungated,3277,2024-07-26,2024-08-05,-0.0124134568216732,2024,2024-06-30,learned_vol_interaction,20260912,0.5799801425098264,0.5799801425098264,1,0
weekly_state_ungated,3282,2024-08-02,2024-08-12,-0.0102762848330364,2024,2024-06-30,learned_vol_interaction,20260912,0.5666495943912819,0.5666495943912819,1,0
weekly_state_ungated,3287,2024-08-09,2024-08-19,0.0050186923751938,2024,2024-06-30,learned_vol_interaction,20260912,0.45936711130549746,0.45936711130549746,0,1
weekly_state_ungated,3292,2024-08-16,2024-08-26,-0.0040487282687352,2024,2024-06-30,learned_vol_interaction,20260912,0.34326034021554125,0.34326034021554125,0,0
weekly_state_ungated,3297,2024-08-23,2024-09-02,-0.0069594562136714,2024,2024-06-30,learned_vol_interaction,20260912,0.25142624052088797,0.25142624052088797,0,0
weekly_state_ungated,3302,2024-08-30,2024-09-09,-0.0280389655151561,2024,2024-06-30,learned_vol_interaction,20260912,0.27663400725175247,0.27663400725175247,0,0
weekly_state_ungated,3307,2024-09-06,2024-09-18,-0.0174132138857783,2024,2024-06-30,learned_vol_interaction,20260912,0.35962073849180637,0.35962073849180637,0,0
weekly_state_ungated,3312,2024-09-13,2024-09-24,0.0133119329369826,2024,2024-06-30,learned_vol_interaction,20260912,0.33627207409858206,0.33627207409858206,0,1
weekly_state_ungated,3315,2024-09-20,2024-09-30,0.2017513988384409,2024,2024-06-30,learned_vol_interaction,20260912,0.36117852515944576,0.36117852515944576,0,1
weekly_state_ungated,3320,2024-09-27,2024-10-14,0.0178259004588408,2024,2024-06-30,learned_vol_interaction,20260912,0.4442843434187072,0.4442843434187072,0,1
weekly_global_validated,3262,2024-07-05,2024-07-15,0.0122222871842843,2024,2024-06-30,learned_vol_interaction,20260912,0.5899503208156398,0.5899503208156398,1,1
weekly_global_validated,3267,2024-07-12,2024-07-22,0.0218881133018156,2024,2024-06-30,learned_vol_interaction,20260912,0.5340528297799803,0.5340528297799803,1,1
weekly_global_validated,3272,2024-07-19,2024-07-29,-0.0378787022382998,2024,2024-06-30,learned_vol_interaction,20260912,0.4368867294540755,0.4368867294540755,0,0
weekly_global_validated,3277,2024-07-26,2024-08-05,-0.0124134568216732,2024,2024-06-30,learned_vol_interaction,20260912,0.5825153622781769,0.5825153622781769,1,0
weekly_global_validated,3282,2024-08-02,2024-08-12,-0.0102762848330364,2024,2024-06-30,learned_vol_interaction,20260912,0.5692055111755402,0.5692055111755402,1,0
weekly_global_validated,3287,2024-08-09,2024-08-19,0.0050186923751938,2024,2024-06-30,learned_vol_interaction,20260912,0.4619549697195088,0.4619549697195088,0,1
weekly_global_validated,3292,2024-08-16,2024-08-26,-0.0040487282687352,2024,2024-06-30,learned_vol_interaction,20260912,0.34561225064501205,0.34561225064501205,0,0
weekly_global_validated,3297,2024-08-23,2024-09-02,-0.0069594562136714,2024,2024-06-30,learned_vol_interaction,20260912,0.25339170591117177,0.25339170591117177,0,0
weekly_global_validated,3302,2024-08-30,2024-09-09,-0.0280389655151561,2024,2024-06-30,learned_vol_interaction,20260912,0.278723156880489,0.278723156880489,0,0
weekly_global_validated,3307,2024-09-06,2024-09-18,-0.0174132138857783,2024,2024-06-30,learned_vol_interaction,20260912,0.3620229529228281,0.3620229529228281,0,0
weekly_global_validated,3312,2024-09-13,2024-09-24,0.0133119329369826,2024,2024-06-30,learned_vol_interaction,20260912,0.33860078975782104,0.33860078975782104,0,1
weekly_global_validated,3315,2024-09-20,2024-09-30,0.2017513988384409,2024,2024-06-30,learned_vol_interaction,20260912,0.36358523733181164,0.36358523733181164,0,1
weekly_global_validated,3320,2024-09-27,2024-10-14,0.0178259004588408,2024,2024-06-30,learned_vol_interaction,20260912,0.4139300138667434,0.4139300138667434,0,1
weekly_global_ungated,3262,2024-07-05,2024-07-15,0.0122222871842843,2024,2024-06-30,learned_vol_interaction,20260912,0.5899503208156398,0.5899503208156398,1,1
weekly_global_ungated,3267,2024-07-12,2024-07-22,0.0218881133018156,2024,2024-06-30,learned_vol_interaction,20260912,0.5340528297799803,0.5340528297799803,1,1
weekly_global_ungated,3272,2024-07-19,2024-07-29,-0.0378787022382998,2024,2024-06-30,learned_vol_interaction,20260912,0.4368867294540755,0.4368867294540755,0,0
weekly_global_ungated,3277,2024-07-26,2024-08-05,-0.0124134568216732,2024,2024-06-30,learned_vol_interaction,20260912,0.5825153622781769,0.5825153622781769,1,0
weekly_global_ungated,3282,2024-08-02,2024-08-12,-0.0102762848330364,2024,2024-06-30,learned_vol_interaction,20260912,0.5692055111755402,0.5692055111755402,1,0
weekly_global_ungated,3287,2024-08-09,2024-08-19,0.0050186923751938,2024,2024-06-30,learned_vol_interaction,20260912,0.4619549697195088,0.4619549697195088,0,1
weekly_global_ungated,3292,2024-08-16,2024-08-26,-0.0040487282687352,2024,2024-06-30,learned_vol_interaction,20260912,0.34561225064501205,0.34561225064501205,0,0
weekly_global_ungated,3297,2024-08-23,2024-09-02,-0.0069594562136714,2024,2024-06-30,learned_vol_interaction,20260912,0.25339170591117177,0.25339170591117177,0,0
weekly_global_ungated,3302,2024-08-30,2024-09-09,-0.0280389655151561,2024,2024-06-30,learned_vol_interaction,20260912,0.278723156880489,0.278723156880489,0,0
weekly_global_ungated,3307,2024-09-06,2024-09-18,-0.0174132138857783,2024,2024-06-30,learned_vol_interaction,20260912,0.3620229529228281,0.3620229529228281,0,0
weekly_global_ungated,3312,2024-09-13,2024-09-24,0.0133119329369826,2024,2024-06-30,learned_vol_interaction,20260912,0.33860078975782104,0.33860078975782104,0,1
weekly_global_ungated,3315,2024-09-20,2024-09-30,0.2017513988384409,2024,2024-06-30,learned_vol_interaction,20260912,0.36358523733181164,0.36358523733181164,0,1
weekly_global_ungated,3320,2024-09-27,2024-10-14,0.0178259004588408,2024,2024-06-30,learned_vol_interaction,20260912,0.4139300138667434,0.4139300138667434,0,1
weekly_state_validated,3262,2024-07-05,2024-07-15,0.0122222871842843,2024,2024-06-30,learned_order_extension,20260910,0.5846151349808663,0.5846151349808663,1,1
weekly_state_validated,3267,2024-07-12,2024-07-22,0.0218881133018156,2024,2024-06-30,learned_order_extension,20260910,0.4936385751696033,0.4936385751696033,0,1
weekly_state_validated,3272,2024-07-19,2024-07-29,-0.0378787022382998,2024,2024-06-30,learned_order_extension,20260910,0.5296682623864001,0.5296682623864001,1,0
weekly_state_validated,3277,2024-07-26,2024-08-05,-0.0124134568216732,2024,2024-06-30,learned_order_extension,20260910,0.5342552376814222,0.5342552376814222,1,0
weekly_state_validated,3282,2024-08-02,2024-08-12,-0.0102762848330364,2024,2024-06-30,learned_order_extension,20260910,0.5292356219824177,0.5292356219824177,1,0
weekly_state_validated,3287,2024-08-09,2024-08-19,0.0050186923751938,2024,2024-06-30,learned_order_extension,20260910,0.5758956552207214,0.5758956552207214,1,1
weekly_state_validated,3292,2024-08-16,2024-08-26,-0.0040487282687352,2024,2024-06-30,learned_order_extension,20260910,0.3908604034072806,0.3908604034072806,0,0
weekly_state_validated,3297,2024-08-23,2024-09-02,-0.0069594562136714,2024,2024-06-30,learned_order_extension,20260910,0.2988950234639935,0.2988950234639935,0,0
weekly_state_validated,3302,2024-08-30,2024-09-09,-0.0280389655151561,2024,2024-06-30,learned_order_extension,20260910,0.2686520456873332,0.2686520456873332,0,0
weekly_state_validated,3307,2024-09-06,2024-09-18,-0.0174132138857783,2024,2024-06-30,learned_order_extension,20260910,0.28845699674235586,0.28845699674235586,0,0
weekly_state_validated,3312,2024-09-13,2024-09-24,0.0133119329369826,2024,2024-06-30,learned_order_extension,20260910,0.3306515596775702,0.3306515596775702,0,1
weekly_state_validated,3315,2024-09-20,2024-09-30,0.2017513988384409,2024,2024-06-30,learned_order_extension,20260910,0.3078891103773537,0.3078891103773537,0,1
weekly_state_validated,3320,2024-09-27,2024-10-14,0.0178259004588408,2024,2024-06-30,learned_order_extension,20260910,0.5428289525080278,0.5428289525080278,1,1
weekly_state_ungated,3262,2024-07-05,2024-07-15,0.0122222871842843,2024,2024-06-30,learned_order_extension,20260910,0.5398331797799885,0.5398331797799885,1,1
weekly_state_ungated,3267,2024-07-12,2024-07-22,0.0218881133018156,2024,2024-06-30,learned_order_extension,20260910,0.44830433318729634,0.44830433318729634,0,1
weekly_state_ungated,3272,2024-07-19,2024-07-29,-0.0378787022382998,2024,2024-06-30,learned_order_extension,20260910,0.5168836341510606,0.5168836341510606,1,0
weekly_state_ungated,3277,2024-07-26,2024-08-05,-0.0124134568216732,2024,2024-06-30,learned_order_extension,20260910,0.4887915674351244,0.4887915674351244,0,0
weekly_state_ungated,3282,2024-08-02,2024-08-12,-0.0102762848330364,2024,2024-06-30,learned_order_extension,20260910,0.4837554333319871,0.4837554333319871,0,0
weekly_state_ungated,3287,2024-08-09,2024-08-19,0.0050186923751938,2024,2024-06-30,learned_order_extension,20260910,0.5309279124219071,0.5309279124219071,1,1
weekly_state_ungated,3292,2024-08-16,2024-08-26,-0.0040487282687352,2024,2024-06-30,learned_order_extension,20260910,0.348469348576259,0.348469348576259,0,0
weekly_state_ungated,3297,2024-08-23,2024-09-02,-0.0069594562136714,2024,2024-06-30,learned_order_extension,20260910,0.262185071352558,0.262185071352558,0,0
weekly_state_ungated,3302,2024-08-30,2024-09-09,-0.0280389655151561,2024,2024-06-30,learned_order_extension,20260910,0.23441458896353315,0.23441458896353315,0,0
weekly_state_ungated,3307,2024-09-06,2024-09-18,-0.0174132138857783,2024,2024-06-30,learned_order_extension,20260910,0.25256720637490643,0.25256720637490643,0,0
weekly_state_ungated,3312,2024-09-13,2024-09-24,0.0133119329369826,2024,2024-06-30,learned_order_extension,20260910,0.29166385434605097,0.29166385434605097,0,1
weekly_state_ungated,3315,2024-09-20,2024-09-30,0.2017513988384409,2024,2024-06-30,learned_order_extension,20260910,0.2705007088174093,0.2705007088174093,0,1
weekly_state_ungated,3320,2024-09-27,2024-10-14,0.0178259004588408,2024,2024-06-30,learned_order_extension,20260910,0.5428289525080278,0.5428289525080278,1,1
weekly_global_validated,3262,2024-07-05,2024-07-15,0.0122222871842843,2024,2024-06-30,learned_order_extension,20260910,0.5846151349808663,0.5846151349808663,1,1
weekly_global_validated,3267,2024-07-12,2024-07-22,0.0218881133018156,2024,2024-06-30,learned_order_extension,20260910,0.4936385751696033,0.4936385751696033,0,1
weekly_global_validated,3272,2024-07-19,2024-07-29,-0.0378787022382998,2024,2024-06-30,learned_order_extension,20260910,0.5296682623864001,0.5296682623864001,1,0
weekly_global_validated,3277,2024-07-26,2024-08-05,-0.0124134568216732,2024,2024-06-30,learned_order_extension,20260910,0.5342552376814222,0.5342552376814222,1,0
weekly_global_validated,3282,2024-08-02,2024-08-12,-0.0102762848330364,2024,2024-06-30,learned_order_extension,20260910,0.5292356219824177,0.5292356219824177,1,0
weekly_global_validated,3287,2024-08-09,2024-08-19,0.0050186923751938,2024,2024-06-30,learned_order_extension,20260910,0.5758956552207214,0.5758956552207214,1,1
weekly_global_validated,3292,2024-08-16,2024-08-26,-0.0040487282687352,2024,2024-06-30,learned_order_extension,20260910,0.3908604034072806,0.3908604034072806,0,0
weekly_global_validated,3297,2024-08-23,2024-09-02,-0.0069594562136714,2024,2024-06-30,learned_order_extension,20260910,0.2988950234639935,0.2988950234639935,0,0
weekly_global_validated,3302,2024-08-30,2024-09-09,-0.0280389655151561,2024,2024-06-30,learned_order_extension,20260910,0.2686520456873332,0.2686520456873332,0,0
weekly_global_validated,3307,2024-09-06,2024-09-18,-0.0174132138857783,2024,2024-06-30,learned_order_extension,20260910,0.28845699674235586,0.28845699674235586,0,0
weekly_global_validated,3312,2024-09-13,2024-09-24,0.0133119329369826,2024,2024-06-30,learned_order_extension,20260910,0.3306515596775702,0.3306515596775702,0,1
weekly_global_validated,3315,2024-09-20,2024-09-30,0.2017513988384409,2024,2024-06-30,learned_order_extension,20260910,0.3078891103773537,0.3078891103773537,0,1
weekly_global_validated,3320,2024-09-27,2024-10-14,0.0178259004588408,2024,2024-06-30,learned_order_extension,20260910,0.5428289525080278,0.5428289525080278,1,1
weekly_global_ungated,3262,2024-07-05,2024-07-15,0.0122222871842843,2024,2024-06-30,learned_order_extension,20260910,0.5420102885270025,0.5420102885270025,1,1
weekly_global_ungated,3267,2024-07-12,2024-07-22,0.0218881133018156,2024,2024-06-30,learned_order_extension,20260910,0.45047366643405323,0.45047366643405323,0,1
weekly_global_ungated,3272,2024-07-19,2024-07-29,-0.0378787022382998,2024,2024-06-30,learned_order_extension,20260910,0.48637902556483914,0.48637902556483914,0,0
weekly_global_ungated,3277,2024-07-26,2024-08-05,-0.0124134568216732,2024,2024-06-30,learned_order_extension,20260910,0.4909824609937415,0.4909824609937415,0,0
weekly_global_ungated,3282,2024-08-02,2024-08-12,-0.0102762848330364,2024,2024-06-30,learned_order_extension,20260910,0.48594521134950436,0.48594521134950436,0,0
weekly_global_ungated,3287,2024-08-09,2024-08-19,0.0050186923751938,2024,2024-06-30,learned_order_extension,20260910,0.5331107141685231,0.5331107141685231,1,1
weekly_global_ungated,3292,2024-08-16,2024-08-26,-0.0040487282687352,2024,2024-06-30,learned_order_extension,20260910,0.35046246955319205,0.35046246955319205,0,0
weekly_global_ungated,3297,2024-08-23,2024-09-02,-0.0069594562136714,2024,2024-06-30,learned_order_extension,20260910,0.26388456173972225,0.26388456173972225,0,0
weekly_global_ungated,3302,2024-08-30,2024-09-09,-0.0280389655151561,2024,2024-06-30,learned_order_extension,20260910,0.23599164661752453,0.23599164661752453,0,0
weekly_global_ungated,3307,2024-09-06,2024-09-18,-0.0174132138857783,2024,2024-06-30,learned_order_extension,20260910,0.25422583486851386,0.25422583486851386,0,0
weekly_global_ungated,3312,2024-09-13,2024-09-24,0.0133119329369826,2024,2024-06-30,learned_order_extension,20260910,0.29347842076091096,0.29347842076091096,0,1
weekly_global_ungated,3315,2024-09-20,2024-09-30,0.2017513988384409,2024,2024-06-30,learned_order_extension,20260910,0.27223421290210026,0.27223421290210026,0,1
weekly_global_ungated,3320,2024-09-27,2024-10-14,0.0178259004588408,2024,2024-06-30,learned_order_extension,20260910,0.49960666500843176,0.49960666500843176,0,1
weekly_state_validated,3262,2024-07-05,2024-07-15,0.0122222871842843,2024,2024-06-30,learned_order_extension,20260911,0.45115521138622566,0.45115521138622566,0,1
weekly_state_validated,3267,2024-07-12,2024-07-22,0.0218881133018156,2024,2024-06-30,learned_order_extension,20260911,0.5531026546000134,0.5531026546000134,1,1
weekly_state_validated,3272,2024-07-19,2024-07-29,-0.0378787022382998,2024,2024-06-30,learned_order_extension,20260911,0.43829998086615624,0.43829998086615624,0,0
weekly_state_validated,3277,2024-07-26,2024-08-05,-0.0124134568216732,2024,2024-06-30,learned_order_extension,20260911,0.5141057686767685,0.5141057686767685,1,0
weekly_state_validated,3282,2024-08-02,2024-08-12,-0.0102762848330364,2024,2024-06-30,learned_order_extension,20260911,0.41788195157055885,0.41788195157055885,0,0
weekly_state_validated,3287,2024-08-09,2024-08-19,0.0050186923751938,2024,2024-06-30,learned_order_extension,20260911,0.461166338855283,0.461166338855283,0,1
weekly_state_validated,3292,2024-08-16,2024-08-26,-0.0040487282687352,2024,2024-06-30,learned_order_extension,20260911,0.3524150315340549,0.3524150315340549,0,0
weekly_state_validated,3297,2024-08-23,2024-09-02,-0.0069594562136714,2024,2024-06-30,learned_order_extension,20260911,0.3805014561152239,0.3805014561152239,0,0
weekly_state_validated,3302,2024-08-30,2024-09-09,-0.0280389655151561,2024,2024-06-30,learned_order_extension,20260911,0.3769790143868762,0.3769790143868762,0,0
weekly_state_validated,3307,2024-09-06,2024-09-18,-0.0174132138857783,2024,2024-06-30,learned_order_extension,20260911,0.4377655525059009,0.4377655525059009,0,0
weekly_state_validated,3312,2024-09-13,2024-09-24,0.0133119329369826,2024,2024-06-30,learned_order_extension,20260911,0.47634533351149555,0.47634533351149555,0,1
weekly_state_validated,3315,2024-09-20,2024-09-30,0.2017513988384409,2024,2024-06-30,learned_order_extension,20260911,0.4741196298736314,0.4741196298736314,0,1
weekly_state_validated,3320,2024-09-27,2024-10-14,0.0178259004588408,2024,2024-06-30,learned_order_extension,20260911,0.6045687657277363,0.6045687657277363,1,1
weekly_state_ungated,3262,2024-07-05,2024-07-15,0.0122222871842843,2024,2024-06-30,learned_order_extension,20260911,0.4012879627764031,0.4012879627764031,0,1
weekly_state_ungated,3267,2024-07-12,2024-07-22,0.0218881133018156,2024,2024-06-30,learned_order_extension,20260911,0.5022793576566797,0.5022793576566797,1,1
weekly_state_ungated,3272,2024-07-19,2024-07-29,-0.0378787022382998,2024,2024-06-30,learned_order_extension,20260911,0.42056535736415324,0.42056535736415324,0,0
weekly_state_ungated,3277,2024-07-26,2024-08-05,-0.0124134568216732,2024,2024-06-30,learned_order_extension,20260911,0.4631521368562966,0.4631521368562966,0,0
weekly_state_ungated,3282,2024-08-02,2024-08-12,-0.0102762848330364,2024,2024-06-30,learned_order_extension,20260911,0.36921836746136655,0.36921836746136655,0,0
weekly_state_ungated,3287,2024-08-09,2024-08-19,0.0050186923751938,2024,2024-06-30,learned_order_extension,20260911,0.41102121722975066,0.41102121722975066,0,1
weekly_state_ungated,3292,2024-08-16,2024-08-26,-0.0040487282687352,2024,2024-06-30,learned_order_extension,20260911,0.30734999754188436,0.30734999754188436,0,0
weekly_state_ungated,3297,2024-08-23,2024-09-02,-0.0069594562136714,2024,2024-06-30,learned_order_extension,20260911,0.33369557103799774,0.33369557103799774,0,0
weekly_state_ungated,3302,2024-08-30,2024-09-09,-0.0280389655151561,2024,2024-06-30,learned_order_extension,20260911,0.33037535233138626,0.33037535233138626,0,0
weekly_state_ungated,3307,2024-09-06,2024-09-18,-0.0174132138857783,2024,2024-06-30,learned_order_extension,20260911,0.38833113789703955,0.38833113789703955,0,0
weekly_state_ungated,3312,2024-09-13,2024-09-24,0.0133119329369826,2024,2024-06-30,learned_order_extension,20260911,0.42585414576409897,0.42585414576409897,0,1
weekly_state_ungated,3315,2024-09-20,2024-09-30,0.2017513988384409,2024,2024-06-30,learned_order_extension,20260911,0.42367348585042064,0.42367348585042064,0,1
weekly_state_ungated,3320,2024-09-27,2024-10-14,0.0178259004588408,2024,2024-06-30,learned_order_extension,20260911,0.6045687657277363,0.6045687657277363,1,1
weekly_global_validated,3262,2024-07-05,2024-07-15,0.0122222871842843,2024,2024-06-30,learned_order_extension,20260911,0.45115521138622566,0.45115521138622566,0,1
weekly_global_validated,3267,2024-07-12,2024-07-22,0.0218881133018156,2024,2024-06-30,learned_order_extension,20260911,0.5531026546000134,0.5531026546000134,1,1
weekly_global_validated,3272,2024-07-19,2024-07-29,-0.0378787022382998,2024,2024-06-30,learned_order_extension,20260911,0.43829998086615624,0.43829998086615624,0,0
weekly_global_validated,3277,2024-07-26,2024-08-05,-0.0124134568216732,2024,2024-06-30,learned_order_extension,20260911,0.5141057686767685,0.5141057686767685,1,0
weekly_global_validated,3282,2024-08-02,2024-08-12,-0.0102762848330364,2024,2024-06-30,learned_order_extension,20260911,0.41788195157055885,0.41788195157055885,0,0
weekly_global_validated,3287,2024-08-09,2024-08-19,0.0050186923751938,2024,2024-06-30,learned_order_extension,20260911,0.461166338855283,0.461166338855283,0,1
weekly_global_validated,3292,2024-08-16,2024-08-26,-0.0040487282687352,2024,2024-06-30,learned_order_extension,20260911,0.3524150315340549,0.3524150315340549,0,0
weekly_global_validated,3297,2024-08-23,2024-09-02,-0.0069594562136714,2024,2024-06-30,learned_order_extension,20260911,0.3805014561152239,0.3805014561152239,0,0
weekly_global_validated,3302,2024-08-30,2024-09-09,-0.0280389655151561,2024,2024-06-30,learned_order_extension,20260911,0.3769790143868762,0.3769790143868762,0,0
weekly_global_validated,3307,2024-09-06,2024-09-18,-0.0174132138857783,2024,2024-06-30,learned_order_extension,20260911,0.4377655525059009,0.4377655525059009,0,0
weekly_global_validated,3312,2024-09-13,2024-09-24,0.0133119329369826,2024,2024-06-30,learned_order_extension,20260911,0.47634533351149555,0.47634533351149555,0,1
weekly_global_validated,3315,2024-09-20,2024-09-30,0.2017513988384409,2024,2024-06-30,learned_order_extension,20260911,0.4741196298736314,0.4741196298736314,0,1
weekly_global_validated,3320,2024-09-27,2024-10-14,0.0178259004588408,2024,2024-06-30,learned_order_extension,20260911,0.6045687657277363,0.6045687657277363,1,1
weekly_global_ungated,3262,2024-07-05,2024-07-15,0.0122222871842843,2024,2024-06-30,learned_order_extension,20260911,0.4017277472057945,0.4017277472057945,0,1
weekly_global_ungated,3267,2024-07-12,2024-07-22,0.0218881133018156,2024,2024-06-30,learned_order_extension,20260911,0.5027368843448715,0.5027368843448715,1,1
weekly_global_ungated,3272,2024-07-19,2024-07-29,-0.0378787022382998,2024,2024-06-30,learned_order_extension,20260911,0.3892819699851347,0.3892819699851347,0,0
weekly_global_ungated,3277,2024-07-26,2024-08-05,-0.0124134568216732,2024,2024-06-30,learned_order_extension,20260911,0.4636072207342478,0.4636072207342478,0,0
weekly_global_ungated,3282,2024-08-02,2024-08-12,-0.0102762848330364,2024,2024-06-30,learned_order_extension,20260911,0.3696447049849049,0.3696447049849049,0,0
weekly_global_ungated,3287,2024-08-09,2024-08-19,0.0050186923751938,2024,2024-06-30,learned_order_extension,20260911,0.41146433776862273,0.41146433776862273,0,1
weekly_global_ungated,3292,2024-08-16,2024-08-26,-0.0040487282687352,2024,2024-06-30,learned_order_extension,20260911,0.30773974874535187,0.30773974874535187,0,0
weekly_global_ungated,3297,2024-08-23,2024-09-02,-0.0069594562136714,2024,2024-06-30,learned_order_extension,20260911,0.33410261620856896,0.33410261620856896,0,0
weekly_global_ungated,3302,2024-08-30,2024-09-09,-0.0280389655151561,2024,2024-06-30,learned_order_extension,20260911,0.3307803580670978,0.3307803580670978,0,0
weekly_global_ungated,3307,2024-09-06,2024-09-18,-0.0174132138857783,2024,2024-06-30,learned_order_extension,20260911,0.38876594298260847,0.38876594298260847,0,0
weekly_global_ungated,3312,2024-09-13,2024-09-24,0.0133119329369826,2024,2024-06-30,learned_order_extension,20260911,0.4263016831393798,0.4263016831393798,0,1
weekly_global_ungated,3315,2024-09-20,2024-09-30,0.2017513988384409,2024,2024-06-30,learned_order_extension,20260911,0.42412042440195,0.42412042440195,0,1
weekly_global_ungated,3320,2024-09-27,2024-10-14,0.0178259004588408,2024,2024-06-30,learned_order_extension,20260911,0.5553402150227479,0.5553402150227479,1,1
weekly_state_validated,3262,2024-07-05,2024-07-15,0.0122222871842843,2024,2024-06-30,learned_order_extension,20260912,0.6482583591356186,0.6482583591356186,1,1
weekly_state_validated,3267,2024-07-12,2024-07-22,0.0218881133018156,2024,2024-06-30,learned_order_extension,20260912,0.5768939392068954,0.5768939392068954,1,1
weekly_state_validated,3272,2024-07-19,2024-07-29,-0.0378787022382998,2024,2024-06-30,learned_order_extension,20260912,0.5138214723605654,0.5138214723605654,1,0
weekly_state_validated,3277,2024-07-26,2024-08-05,-0.0124134568216732,2024,2024-06-30,learned_order_extension,20260912,0.6251892673443031,0.6251892673443031,1,0
weekly_state_validated,3282,2024-08-02,2024-08-12,-0.0102762848330364,2024,2024-06-30,learned_order_extension,20260912,0.6275315784950272,0.6275315784950272,1,0
weekly_state_validated,3287,2024-08-09,2024-08-19,0.0050186923751938,2024,2024-06-30,learned_order_extension,20260912,0.5359642347219611,0.5359642347219611,1,1
weekly_state_validated,3292,2024-08-16,2024-08-26,-0.0040487282687352,2024,2024-06-30,learned_order_extension,20260912,0.42012358052309684,0.42012358052309684,0,0
weekly_state_validated,3297,2024-08-23,2024-09-02,-0.0069594562136714,2024,2024-06-30,learned_order_extension,20260912,0.382715542188067,0.382715542188067,0,0
weekly_state_validated,3302,2024-08-30,2024-09-09,-0.0280389655151561,2024,2024-06-30,learned_order_extension,20260912,0.4020856235184914,0.4020856235184914,0,0
weekly_state_validated,3307,2024-09-06,2024-09-18,-0.0174132138857783,2024,2024-06-30,learned_order_extension,20260912,0.4515132387885508,0.4515132387885508,0,0
weekly_state_validated,3312,2024-09-13,2024-09-24,0.0133119329369826,2024,2024-06-30,learned_order_extension,20260912,0.41574811043305754,0.41574811043305754,0,1
weekly_state_validated,3315,2024-09-20,2024-09-30,0.2017513988384409,2024,2024-06-30,learned_order_extension,20260912,0.4804948585987177,0.4804948585987177,0,1
weekly_state_validated,3320,2024-09-27,2024-10-14,0.0178259004588408,2024,2024-06-30,learned_order_extension,20260912,0.576228156163883,0.576228156163883,1,1
weekly_state_ungated,3262,2024-07-05,2024-07-15,0.0122222871842843,2024,2024-06-30,learned_order_extension,20260912,0.6154114940293723,0.6154114940293723,1,1
weekly_state_ungated,3267,2024-07-12,2024-07-22,0.0218881133018156,2024,2024-06-30,learned_order_extension,20260912,0.5420902425278105,0.5420902425278105,1,1
weekly_state_ungated,3272,2024-07-19,2024-07-29,-0.0378787022382998,2024,2024-06-30,learned_order_extension,20260912,0.49998639269539896,0.49998639269539896,0,0
weekly_state_ungated,3277,2024-07-26,2024-08-05,-0.0124134568216732,2024,2024-06-30,learned_order_extension,20260912,0.5915454933528697,0.5915454933528697,1,0
weekly_state_ungated,3282,2024-08-02,2024-08-12,-0.0102762848330364,2024,2024-06-30,learned_order_extension,20260912,0.5939615047204178,0.5939615047204178,1,0
weekly_state_ungated,3287,2024-08-09,2024-08-19,0.0050186923751938,2024,2024-06-30,learned_order_extension,20260912,0.5007076515323622,0.5007076515323622,1,1
weekly_state_ungated,3292,2024-08-16,2024-08-26,-0.0040487282687352,2024,2024-06-30,learned_order_extension,20260912,0.38614606636257087,0.38614606636257087,0,0
weekly_state_ungated,3297,2024-08-23,2024-09-02,-0.0069594562136714,2024,2024-06-30,learned_order_extension,20260912,0.34993768248344737,0.34993768248344737,0,0
weekly_state_ungated,3302,2024-08-30,2024-09-09,-0.0280389655151561,2024,2024-06-30,learned_order_extension,20260912,0.3686395272986238,0.3686395272986238,0,0
weekly_state_ungated,3307,2024-09-06,2024-09-18,-0.0174132138857783,2024,2024-06-30,learned_order_extension,20260912,0.4168218884500653,0.4168218884500653,0,0
weekly_state_ungated,3312,2024-09-13,2024-09-24,0.0133119329369826,2024,2024-06-30,learned_order_extension,20260912,0.3818914155158403,0.3818914155158403,0,1
weekly_state_ungated,3315,2024-09-20,2024-09-30,0.2017513988384409,2024,2024-06-30,learned_order_extension,20260912,0.4453849329691468,0.4453849329691468,0,1
weekly_state_ungated,3320,2024-09-27,2024-10-14,0.0178259004588408,2024,2024-06-30,learned_order_extension,20260912,0.576228156163883,0.576228156163883,1,1
weekly_global_validated,3262,2024-07-05,2024-07-15,0.0122222871842843,2024,2024-06-30,learned_order_extension,20260912,0.6482583591356186,0.6482583591356186,1,1
weekly_global_validated,3267,2024-07-12,2024-07-22,0.0218881133018156,2024,2024-06-30,learned_order_extension,20260912,0.5768939392068954,0.5768939392068954,1,1
weekly_global_validated,3272,2024-07-19,2024-07-29,-0.0378787022382998,2024,2024-06-30,learned_order_extension,20260912,0.5138214723605654,0.5138214723605654,1,0
weekly_global_validated,3277,2024-07-26,2024-08-05,-0.0124134568216732,2024,2024-06-30,learned_order_extension,20260912,0.6251892673443031,0.6251892673443031,1,0
weekly_global_validated,3282,2024-08-02,2024-08-12,-0.0102762848330364,2024,2024-06-30,learned_order_extension,20260912,0.6275315784950272,0.6275315784950272,1,0
weekly_global_validated,3287,2024-08-09,2024-08-19,0.0050186923751938,2024,2024-06-30,learned_order_extension,20260912,0.5359642347219611,0.5359642347219611,1,1
weekly_global_validated,3292,2024-08-16,2024-08-26,-0.0040487282687352,2024,2024-06-30,learned_order_extension,20260912,0.42012358052309684,0.42012358052309684,0,0
weekly_global_validated,3297,2024-08-23,2024-09-02,-0.0069594562136714,2024,2024-06-30,learned_order_extension,20260912,0.382715542188067,0.382715542188067,0,0
weekly_global_validated,3302,2024-08-30,2024-09-09,-0.0280389655151561,2024,2024-06-30,learned_order_extension,20260912,0.4020856235184914,0.4020856235184914,0,0
weekly_global_validated,3307,2024-09-06,2024-09-18,-0.0174132138857783,2024,2024-06-30,learned_order_extension,20260912,0.4515132387885508,0.4515132387885508,0,0
weekly_global_validated,3312,2024-09-13,2024-09-24,0.0133119329369826,2024,2024-06-30,learned_order_extension,20260912,0.41574811043305754,0.41574811043305754,0,1
weekly_global_validated,3315,2024-09-20,2024-09-30,0.2017513988384409,2024,2024-06-30,learned_order_extension,20260912,0.4804948585987177,0.4804948585987177,0,1
weekly_global_validated,3320,2024-09-27,2024-10-14,0.0178259004588408,2024,2024-06-30,learned_order_extension,20260912,0.576228156163883,0.576228156163883,1,1
weekly_global_ungated,3262,2024-07-05,2024-07-15,0.0122222871842843,2024,2024-06-30,learned_order_extension,20260912,0.6185455791462173,0.6185455791462173,1,1
weekly_global_ungated,3267,2024-07-12,2024-07-22,0.0218881133018156,2024,2024-06-30,learned_order_extension,20260912,0.5453804420636209,0.5453804420636209,1,1
weekly_global_ungated,3272,2024-07-19,2024-07-29,-0.0378787022382998,2024,2024-06-30,learned_order_extension,20260912,0.48182978052387204,0.48182978052387204,0,0
weekly_global_ungated,3277,2024-07-26,2024-08-05,-0.0124134568216732,2024,2024-06-30,learned_order_extension,20260912,0.5947459945745858,0.5947459945745858,1,0
weekly_global_ungated,3282,2024-08-02,2024-08-12,-0.0102762848330364,2024,2024-06-30,learned_order_extension,20260912,0.5971559670066543,0.5971559670066543,1,0
weekly_global_ungated,3287,2024-08-09,2024-08-19,0.0050186923751938,2024,2024-06-30,learned_order_extension,20260912,0.5040231449481778,0.5040231449481778,1,1
weekly_global_ungated,3292,2024-08-16,2024-08-26,-0.0040487282687352,2024,2024-06-30,learned_order_extension,20260912,0.38929443821882614,0.38929443821882614,0,0
weekly_global_ungated,3297,2024-08-23,2024-09-02,-0.0069594562136714,2024,2024-06-30,learned_order_extension,20260912,0.352960583873053,0.352960583873053,0,0
weekly_global_ungated,3302,2024-08-30,2024-09-09,-0.0280389655151561,2024,2024-06-30,learned_order_extension,20260912,0.3717315996582104,0.3717315996582104,0,0
weekly_global_ungated,3307,2024-09-06,2024-09-18,-0.0174132138857783,2024,2024-06-30,learned_order_extension,20260912,0.42004922444438303,0.42004922444438303,0,0
weekly_global_ungated,3312,2024-09-13,2024-09-24,0.0133119329369826,2024,2024-06-30,learned_order_extension,20260912,0.3850268561162822,0.3850268561162822,0,1
weekly_global_ungated,3315,2024-09-20,2024-09-30,0.2017513988384409,2024,2024-06-30,learned_order_extension,20260912,0.44866328034872294,0.44866328034872294,0,1
weekly_global_ungated,3320,2024-09-27,2024-10-14,0.0178259004588408,2024,2024-06-30,learned_order_extension,20260912,0.5447042067399909,0.5447042067399909,1,1
weekly_state_validated,3262,2024-07-05,2024-07-15,0.0122222871842843,2024,2024-06-30,learned_order_offset,20260910,0.5842448716823806,0.5842448716823806,1,1
weekly_state_validated,3267,2024-07-12,2024-07-22,0.0218881133018156,2024,2024-06-30,learned_order_offset,20260910,0.4936392396364766,0.4936392396364766,0,1
weekly_state_validated,3272,2024-07-19,2024-07-29,-0.0378787022382998,2024,2024-06-30,learned_order_offset,20260910,0.5295267723966676,0.5295267723966676,1,0
weekly_state_validated,3277,2024-07-26,2024-08-05,-0.0124134568216732,2024,2024-06-30,learned_order_offset,20260910,0.534747071252778,0.534747071252778,1,0
weekly_state_validated,3282,2024-08-02,2024-08-12,-0.0102762848330364,2024,2024-06-30,learned_order_offset,20260910,0.5292954801203056,0.5292954801203056,1,0
weekly_state_validated,3287,2024-08-09,2024-08-19,0.0050186923751938,2024,2024-06-30,learned_order_offset,20260910,0.5750745514649787,0.5750745514649787,1,1
weekly_state_validated,3292,2024-08-16,2024-08-26,-0.0040487282687352,2024,2024-06-30,learned_order_offset,20260910,0.39186360794620234,0.39186360794620234,0,0
weekly_state_validated,3297,2024-08-23,2024-09-02,-0.0069594562136714,2024,2024-06-30,learned_order_offset,20260910,0.30043221421652405,0.30043221421652405,0,0
weekly_state_validated,3302,2024-08-30,2024-09-09,-0.0280389655151561,2024,2024-06-30,learned_order_offset,20260910,0.2705414281447007,0.2705414281447007,0,0
weekly_state_validated,3307,2024-09-06,2024-09-18,-0.0174132138857783,2024,2024-06-30,learned_order_offset,20260910,0.2898359177118046,0.2898359177118046,0,0
weekly_state_validated,3312,2024-09-13,2024-09-24,0.0133119329369826,2024,2024-06-30,learned_order_offset,20260910,0.33145087529619405,0.33145087529619405,0,1
weekly_state_validated,3315,2024-09-20,2024-09-30,0.2017513988384409,2024,2024-06-30,learned_order_offset,20260910,0.30890371440648795,0.30890371440648795,0,1
weekly_state_validated,3320,2024-09-27,2024-10-14,0.0178259004588408,2024,2024-06-30,learned_order_offset,20260910,0.5430894109936676,0.5430894109936676,1,1
weekly_state_ungated,3262,2024-07-05,2024-07-15,0.0122222871842843,2024,2024-06-30,learned_order_offset,20260910,0.5393302860936053,0.5393302860936053,1,1
weekly_state_ungated,3267,2024-07-12,2024-07-22,0.0218881133018156,2024,2024-06-30,learned_order_offset,20260910,0.44818139493917797,0.44818139493917797,0,1
weekly_state_ungated,3272,2024-07-19,2024-07-29,-0.0378787022382998,2024,2024-06-30,learned_order_offset,20260910,0.5167847220883539,0.5167847220883539,1,0
weekly_state_ungated,3277,2024-07-26,2024-08-05,-0.0124134568216732,2024,2024-06-30,learned_order_offset,20260910,0.4891606401149313,0.4891606401149313,0,0
weekly_state_ungated,3282,2024-08-02,2024-08-12,-0.0102762848330364,2024,2024-06-30,learned_order_offset,20260910,0.4836906315896497,0.4836906315896497,0,0
weekly_state_ungated,3287,2024-08-09,2024-08-19,0.0050186923751938,2024,2024-06-30,learned_order_offset,20260910,0.5299663022900036,0.5299663022900036,1,1
weekly_state_ungated,3292,2024-08-16,2024-08-26,-0.0040487282687352,2024,2024-06-30,learned_order_offset,20260910,0.3493125680642602,0.3493125680642602,0,0
weekly_state_ungated,3297,2024-08-23,2024-09-02,-0.0069594562136714,2024,2024-06-30,learned_order_offset,20260910,0.2635074542291824,0.2635074542291824,0,0
weekly_state_ungated,3302,2024-08-30,2024-09-09,-0.0280389655151561,2024,2024-06-30,learned_order_offset,20260910,0.2360508015176841,0.2360508015176841,0,0
weekly_state_ungated,3307,2024-09-06,2024-09-18,-0.0174132138857783,2024,2024-06-30,learned_order_offset,20260910,0.25374112604740146,0.25374112604740146,0,0
weekly_state_ungated,3312,2024-09-13,2024-09-24,0.0133119329369826,2024,2024-06-30,learned_order_offset,20260910,0.29230670634632533,0.29230670634632533,0,1
weekly_state_ungated,3315,2024-09-20,2024-09-30,0.2017513988384409,2024,2024-06-30,learned_order_offset,20260910,0.271341608930015,0.271341608930015,0,1
weekly_state_ungated,3320,2024-09-27,2024-10-14,0.0178259004588408,2024,2024-06-30,learned_order_offset,20260910,0.5430894109936676,0.5430894109936676,1,1
weekly_global_validated,3262,2024-07-05,2024-07-15,0.0122222871842843,2024,2024-06-30,learned_order_offset,20260910,0.5842448716823806,0.5842448716823806,1,1
weekly_global_validated,3267,2024-07-12,2024-07-22,0.0218881133018156,2024,2024-06-30,learned_order_offset,20260910,0.4936392396364766,0.4936392396364766,0,1
weekly_global_validated,3272,2024-07-19,2024-07-29,-0.0378787022382998,2024,2024-06-30,learned_order_offset,20260910,0.5295267723966676,0.5295267723966676,1,0
weekly_global_validated,3277,2024-07-26,2024-08-05,-0.0124134568216732,2024,2024-06-30,learned_order_offset,20260910,0.534747071252778,0.534747071252778,1,0
weekly_global_validated,3282,2024-08-02,2024-08-12,-0.0102762848330364,2024,2024-06-30,learned_order_offset,20260910,0.5292954801203056,0.5292954801203056,1,0
weekly_global_validated,3287,2024-08-09,2024-08-19,0.0050186923751938,2024,2024-06-30,learned_order_offset,20260910,0.5750745514649787,0.5750745514649787,1,1
weekly_global_validated,3292,2024-08-16,2024-08-26,-0.0040487282687352,2024,2024-06-30,learned_order_offset,20260910,0.39186360794620234,0.39186360794620234,0,0
weekly_global_validated,3297,2024-08-23,2024-09-02,-0.0069594562136714,2024,2024-06-30,learned_order_offset,20260910,0.30043221421652405,0.30043221421652405,0,0
weekly_global_validated,3302,2024-08-30,2024-09-09,-0.0280389655151561,2024,2024-06-30,learned_order_offset,20260910,0.2705414281447007,0.2705414281447007,0,0
weekly_global_validated,3307,2024-09-06,2024-09-18,-0.0174132138857783,2024,2024-06-30,learned_order_offset,20260910,0.2898359177118046,0.2898359177118046,0,0
weekly_global_validated,3312,2024-09-13,2024-09-24,0.0133119329369826,2024,2024-06-30,learned_order_offset,20260910,0.33145087529619405,0.33145087529619405,0,1
weekly_global_validated,3315,2024-09-20,2024-09-30,0.2017513988384409,2024,2024-06-30,learned_order_offset,20260910,0.30890371440648795,0.30890371440648795,0,1
weekly_global_validated,3320,2024-09-27,2024-10-14,0.0178259004588408,2024,2024-06-30,learned_order_offset,20260910,0.5430894109936676,0.5430894109936676,1,1
weekly_global_ungated,3262,2024-07-05,2024-07-15,0.0122222871842843,2024,2024-06-30,learned_order_offset,20260910,0.541587289113997,0.541587289113997,1,1
weekly_global_ungated,3267,2024-07-12,2024-07-22,0.0218881133018156,2024,2024-06-30,learned_order_offset,20260910,0.4504299192392814,0.4504299192392814,0,1
weekly_global_ungated,3272,2024-07-19,2024-07-29,-0.0378787022382998,2024,2024-06-30,learned_order_offset,20260910,0.48619233297328884,0.48619233297328884,0,0
weekly_global_ungated,3277,2024-07-26,2024-08-05,-0.0124134568216732,2024,2024-06-30,learned_order_offset,20260910,0.4914316629591196,0.4914316629591196,0,0
weekly_global_ungated,3282,2024-08-02,2024-08-12,-0.0102762848330364,2024,2024-06-30,learned_order_offset,20260910,0.4859604176165085,0.4859604176165085,0,0
weekly_global_ungated,3287,2024-08-09,2024-08-19,0.0050186923751938,2024,2024-06-30,learned_order_offset,20260910,0.5322293924982631,0.5322293924982631,1,1
weekly_global_ungated,3292,2024-08-16,2024-08-26,-0.0040487282687352,2024,2024-06-30,learned_order_offset,20260910,0.3513809208288128,0.3513809208288128,0,0
weekly_global_ungated,3297,2024-08-23,2024-09-02,-0.0069594562136714,2024,2024-06-30,learned_order_offset,20260910,0.26527486900105357,0.26527486900105357,0,0
weekly_global_ungated,3302,2024-08-30,2024-09-09,-0.0280389655151561,2024,2024-06-30,learned_order_offset,20260910,0.23769349217458074,0.23769349217458074,0,0
weekly_global_ungated,3307,2024-09-06,2024-09-18,-0.0174132138857783,2024,2024-06-30,learned_order_offset,20260910,0.2554657571728285,0.2554657571728285,0,0
weekly_global_ungated,3312,2024-09-13,2024-09-24,0.0133119329369826,2024,2024-06-30,learned_order_offset,20260910,0.29419012639490516,0.29419012639490516,0,1
weekly_global_ungated,3315,2024-09-20,2024-09-30,0.2017513988384409,2024,2024-06-30,learned_order_offset,20260910,0.27314208188378997,0.27314208188378997,0,1
weekly_global_ungated,3320,2024-09-27,2024-10-14,0.0178259004588408,2024,2024-06-30,learned_order_offset,20260910,0.4998242147890207,0.4998242147890207,0,1
weekly_state_validated,3262,2024-07-05,2024-07-15,0.0122222871842843,2024,2024-06-30,learned_order_offset,20260911,0.4508497655906378,0.4508497655906378,0,1
weekly_state_validated,3267,2024-07-12,2024-07-22,0.0218881133018156,2024,2024-06-30,learned_order_offset,20260911,0.5509513713756881,0.5509513713756881,1,1
weekly_state_validated,3272,2024-07-19,2024-07-29,-0.0378787022382998,2024,2024-06-30,learned_order_offset,20260911,0.4378580673825642,0.4378580673825642,0,0
weekly_state_validated,3277,2024-07-26,2024-08-05,-0.0124134568216732,2024,2024-06-30,learned_order_offset,20260911,0.5143054270726866,0.5143054270726866,1,0
weekly_state_validated,3282,2024-08-02,2024-08-12,-0.0102762848330364,2024,2024-06-30,learned_order_offset,20260911,0.4187543205474362,0.4187543205474362,0,0
weekly_state_validated,3287,2024-08-09,2024-08-19,0.0050186923751938,2024,2024-06-30,learned_order_offset,20260911,0.46274794534702096,0.46274794534702096,0,1
weekly_state_validated,3292,2024-08-16,2024-08-26,-0.0040487282687352,2024,2024-06-30,learned_order_offset,20260911,0.35619445584136267,0.35619445584136267,0,0
weekly_state_validated,3297,2024-08-23,2024-09-02,-0.0069594562136714,2024,2024-06-30,learned_order_offset,20260911,0.3834802143774693,0.3834802143774693,0,0
weekly_state_validated,3302,2024-08-30,2024-09-09,-0.0280389655151561,2024,2024-06-30,learned_order_offset,20260911,0.37959140825702087,0.37959140825702087,0,0
weekly_state_validated,3307,2024-09-06,2024-09-18,-0.0174132138857783,2024,2024-06-30,learned_order_offset,20260911,0.4399785205661903,0.4399785205661903,0,0
weekly_state_validated,3312,2024-09-13,2024-09-24,0.0133119329369826,2024,2024-06-30,learned_order_offset,20260911,0.4763444943146473,0.4763444943146473,0,1
weekly_state_validated,3315,2024-09-20,2024-09-30,0.2017513988384409,2024,2024-06-30,learned_order_offset,20260911,0.47380763133966547,0.47380763133966547,0,1
weekly_state_validated,3320,2024-09-27,2024-10-14,0.0178259004588408,2024,2024-06-30,learned_order_offset,20260911,0.6050544676220191,0.6050544676220191,1,1
weekly_state_ungated,3262,2024-07-05,2024-07-15,0.0122222871842843,2024,2024-06-30,learned_order_offset,20260911,0.4010312539914923,0.4010312539914923,0,1
weekly_state_ungated,3267,2024-07-12,2024-07-22,0.0218881133018156,2024,2024-06-30,learned_order_offset,20260911,0.500145798381807,0.500145798381807,1,1
weekly_state_ungated,3272,2024-07-19,2024-07-29,-0.0378787022382998,2024,2024-06-30,learned_order_offset,20260911,0.42012774313928397,0.42012774313928397,0,0
weekly_state_ungated,3277,2024-07-26,2024-08-05,-0.0124134568216732,2024,2024-06-30,learned_order_offset,20260911,0.4633919148543581,0.4633919148543581,0,0
weekly_state_ungated,3282,2024-08-02,2024-08-12,-0.0102762848330364,2024,2024-06-30,learned_order_offset,20260911,0.3700922005797819,0.3700922005797819,0,0
weekly_state_ungated,3287,2024-08-09,2024-08-19,0.0050186923751938,2024,2024-06-30,learned_order_offset,20260911,0.4126025203748944,0.4126025203748944,0,1
weekly_state_ungated,3292,2024-08-16,2024-08-26,-0.0040487282687352,2024,2024-06-30,learned_order_offset,20260911,0.31091349446759803,0.31091349446759803,0,0
weekly_state_ungated,3297,2024-08-23,2024-09-02,-0.0069594562136714,2024,2024-06-30,learned_order_offset,20260911,0.3365437944886569,0.3365437944886569,0,0
weekly_state_ungated,3302,2024-08-30,2024-09-09,-0.0280389655151561,2024,2024-06-30,learned_order_offset,20260911,0.33287397250168405,0.33287397250168405,0,0
weekly_state_ungated,3307,2024-09-06,2024-09-18,-0.0174132138857783,2024,2024-06-30,learned_order_offset,20260911,0.3905070401149841,0.3905070401149841,0,0
weekly_state_ungated,3312,2024-09-13,2024-09-24,0.0133119329369826,2024,2024-06-30,learned_order_offset,20260911,0.42589367546626794,0.42589367546626794,0,1
weekly_state_ungated,3315,2024-09-20,2024-09-30,0.2017513988384409,2024,2024-06-30,learned_order_offset,20260911,0.4234082489312801,0.4234082489312801,0,1
weekly_state_ungated,3320,2024-09-27,2024-10-14,0.0178259004588408,2024,2024-06-30,learned_order_offset,20260911,0.6050544676220191,0.6050544676220191,1,1
weekly_global_validated,3262,2024-07-05,2024-07-15,0.0122222871842843,2024,2024-06-30,learned_order_offset,20260911,0.4508497655906378,0.4508497655906378,0,1
weekly_global_validated,3267,2024-07-12,2024-07-22,0.0218881133018156,2024,2024-06-30,learned_order_offset,20260911,0.5509513713756881,0.5509513713756881,1,1
weekly_global_validated,3272,2024-07-19,2024-07-29,-0.0378787022382998,2024,2024-06-30,learned_order_offset,20260911,0.4378580673825642,0.4378580673825642,0,0
weekly_global_validated,3277,2024-07-26,2024-08-05,-0.0124134568216732,2024,2024-06-30,learned_order_offset,20260911,0.5143054270726866,0.5143054270726866,1,0
weekly_global_validated,3282,2024-08-02,2024-08-12,-0.0102762848330364,2024,2024-06-30,learned_order_offset,20260911,0.4187543205474362,0.4187543205474362,0,0
weekly_global_validated,3287,2024-08-09,2024-08-19,0.0050186923751938,2024,2024-06-30,learned_order_offset,20260911,0.46274794534702096,0.46274794534702096,0,1
weekly_global_validated,3292,2024-08-16,2024-08-26,-0.0040487282687352,2024,2024-06-30,learned_order_offset,20260911,0.35619445584136267,0.35619445584136267,0,0
weekly_global_validated,3297,2024-08-23,2024-09-02,-0.0069594562136714,2024,2024-06-30,learned_order_offset,20260911,0.3834802143774693,0.3834802143774693,0,0
weekly_global_validated,3302,2024-08-30,2024-09-09,-0.0280389655151561,2024,2024-06-30,learned_order_offset,20260911,0.37959140825702087,0.37959140825702087,0,0
weekly_global_validated,3307,2024-09-06,2024-09-18,-0.0174132138857783,2024,2024-06-30,learned_order_offset,20260911,0.4399785205661903,0.4399785205661903,0,0
weekly_global_validated,3312,2024-09-13,2024-09-24,0.0133119329369826,2024,2024-06-30,learned_order_offset,20260911,0.4763444943146473,0.4763444943146473,0,1
weekly_global_validated,3315,2024-09-20,2024-09-30,0.2017513988384409,2024,2024-06-30,learned_order_offset,20260911,0.47380763133966547,0.47380763133966547,0,1
weekly_global_validated,3320,2024-09-27,2024-10-14,0.0178259004588408,2024,2024-06-30,learned_order_offset,20260911,0.6050544676220191,0.6050544676220191,1,1
weekly_global_ungated,3262,2024-07-05,2024-07-15,0.0122222871842843,2024,2024-06-30,learned_order_offset,20260911,0.40147734320271056,0.40147734320271056,0,1
weekly_global_ungated,3267,2024-07-12,2024-07-22,0.0218881133018156,2024,2024-06-30,learned_order_offset,20260911,0.5006099922268082,0.5006099922268082,1,1
weekly_global_ungated,3272,2024-07-19,2024-07-29,-0.0378787022382998,2024,2024-06-30,learned_order_offset,20260911,0.3889008129336435,0.3889008129336435,0,0
weekly_global_ungated,3277,2024-07-26,2024-08-05,-0.0124134568216732,2024,2024-06-30,learned_order_offset,20260911,0.46385365188821676,0.46385365188821676,0,0
weekly_global_ungated,3282,2024-08-02,2024-08-12,-0.0102762848330364,2024,2024-06-30,learned_order_offset,20260911,0.37052516400493607,0.37052516400493607,0,0
weekly_global_ungated,3287,2024-08-09,2024-08-19,0.0050186923751938,2024,2024-06-30,learned_order_offset,20260911,0.4130526047750865,0.4130526047750865,0,1
weekly_global_ungated,3292,2024-08-16,2024-08-26,-0.0040487282687352,2024,2024-06-30,learned_order_offset,20260911,0.3113114415677672,0.3113114415677672,0,0
weekly_global_ungated,3297,2024-08-23,2024-09-02,-0.0069594562136714,2024,2024-06-30,learned_order_offset,20260911,0.3369585051497705,0.3369585051497705,0,0
weekly_global_ungated,3302,2024-08-30,2024-09-09,-0.0280389655151561,2024,2024-06-30,learned_order_offset,20260911,0.33328643269054975,0.33328643269054975,0,0
weekly_global_ungated,3307,2024-09-06,2024-09-18,-0.0174132138857783,2024,2024-06-30,learned_order_offset,20260911,0.3909490636439663,0.3909490636439663,0,0
weekly_global_ungated,3312,2024-09-13,2024-09-24,0.0133119329369826,2024,2024-06-30,learned_order_offset,20260911,0.42634773500959916,0.42634773500959916,0,1
weekly_global_ungated,3315,2024-09-20,2024-09-30,0.2017513988384409,2024,2024-06-30,learned_order_offset,20260911,0.4238616150178212,0.4238616150178212,0,1
weekly_global_ungated,3320,2024-09-27,2024-10-14,0.0178259004588408,2024,2024-06-30,learned_order_offset,20260911,0.5558892774450662,0.5558892774450662,1,1
weekly_state_validated,3262,2024-07-05,2024-07-15,0.0122222871842843,2024,2024-06-30,learned_order_offset,20260912,0.6488790466154806,0.6488790466154806,1,1
weekly_state_validated,3267,2024-07-12,2024-07-22,0.0218881133018156,2024,2024-06-30,learned_order_offset,20260912,0.5774913316908258,0.5774913316908258,1,1
weekly_state_validated,3272,2024-07-19,2024-07-29,-0.0378787022382998,2024,2024-06-30,learned_order_offset,20260912,0.5157601153269719,0.5157601153269719,1,0
weekly_state_validated,3277,2024-07-26,2024-08-05,-0.0124134568216732,2024,2024-06-30,learned_order_offset,20260912,0.6244882450131677,0.6244882450131677,1,0
weekly_state_validated,3282,2024-08-02,2024-08-12,-0.0102762848330364,2024,2024-06-30,learned_order_offset,20260912,0.6270675399861252,0.6270675399861252,1,0
weekly_state_validated,3287,2024-08-09,2024-08-19,0.0050186923751938,2024,2024-06-30,learned_order_offset,20260912,0.5377555905505339,0.5377555905505339,1,1
weekly_state_validated,3292,2024-08-16,2024-08-26,-0.0040487282687352,2024,2024-06-30,learned_order_offset,20260912,0.42279669771745343,0.42279669771745343,0,0
weekly_state_validated,3297,2024-08-23,2024-09-02,-0.0069594562136714,2024,2024-06-30,learned_order_offset,20260912,0.3863647344348675,0.3863647344348675,0,0
weekly_state_validated,3302,2024-08-30,2024-09-09,-0.0280389655151561,2024,2024-06-30,learned_order_offset,20260912,0.4062697859689684,0.4062697859689684,0,0
weekly_state_validated,3307,2024-09-06,2024-09-18,-0.0174132138857783,2024,2024-06-30,learned_order_offset,20260912,0.45448430889716435,0.45448430889716435,0,0
weekly_state_validated,3312,2024-09-13,2024-09-24,0.0133119329369826,2024,2024-06-30,learned_order_offset,20260912,0.41946199575362714,0.41946199575362714,0,1
weekly_state_validated,3315,2024-09-20,2024-09-30,0.2017513988384409,2024,2024-06-30,learned_order_offset,20260912,0.48448722299654073,0.48448722299654073,0,1
weekly_state_validated,3320,2024-09-27,2024-10-14,0.0178259004588408,2024,2024-06-30,learned_order_offset,20260912,0.5746740950620535,0.5746740950620535,1,1
weekly_state_ungated,3262,2024-07-05,2024-07-15,0.0122222871842843,2024,2024-06-30,learned_order_offset,20260912,0.6155103046685209,0.6155103046685209,1,1
weekly_state_ungated,3267,2024-07-12,2024-07-22,0.0218881133018156,2024,2024-06-30,learned_order_offset,20260912,0.5421255503295558,0.5421255503295558,1,1
weekly_state_ungated,3272,2024-07-19,2024-07-29,-0.0378787022382998,2024,2024-06-30,learned_order_offset,20260912,0.501815679447355,0.501815679447355,1,0
weekly_state_ungated,3277,2024-07-26,2024-08-05,-0.0124134568216732,2024,2024-06-30,learned_order_offset,20260912,0.5902652129727978,0.5902652129727978,1,0
weekly_state_ungated,3282,2024-08-02,2024-08-12,-0.0102762848330364,2024,2024-06-30,learned_order_offset,20260912,0.5929263469581462,0.5929263469581462,1,0
weekly_state_ungated,3287,2024-08-09,2024-08-19,0.0050186923751938,2024,2024-06-30,learned_order_offset,20260912,0.5019323697504732,0.5019323697504732,1,1
weekly_state_ungated,3292,2024-08-16,2024-08-26,-0.0040487282687352,2024,2024-06-30,learned_order_offset,20260912,0.38820018656374455,0.38820018656374455,0,0
weekly_state_ungated,3297,2024-08-23,2024-09-02,-0.0069594562136714,2024,2024-06-30,learned_order_offset,20260912,0.3529265703554308,0.3529265703554308,0,0
weekly_state_ungated,3302,2024-08-30,2024-09-09,-0.0280389655151561,2024,2024-06-30,learned_order_offset,20260912,0.37215369645168056,0.37215369645168056,0,0
weekly_state_ungated,3307,2024-09-06,2024-09-18,-0.0174132138857783,2024,2024-06-30,learned_order_offset,20260912,0.4191779122806651,0.4191779122806651,0,0
weekly_state_ungated,3312,2024-09-13,2024-09-24,0.0133119329369826,2024,2024-06-30,learned_order_offset,20260912,0.38495636879345013,0.38495636879345013,0,1
weekly_state_ungated,3315,2024-09-20,2024-09-30,0.2017513988384409,2024,2024-06-30,learned_order_offset,20260912,0.44876746136213275,0.44876746136213275,0,1
weekly_state_ungated,3320,2024-09-27,2024-10-14,0.0178259004588408,2024,2024-06-30,learned_order_offset,20260912,0.5746740950620535,0.5746740950620535,1,1
weekly_global_validated,3262,2024-07-05,2024-07-15,0.0122222871842843,2024,2024-06-30,learned_order_offset,20260912,0.6488790466154806,0.6488790466154806,1,1
weekly_global_validated,3267,2024-07-12,2024-07-22,0.0218881133018156,2024,2024-06-30,learned_order_offset,20260912,0.5774913316908258,0.5774913316908258,1,1
weekly_global_validated,3272,2024-07-19,2024-07-29,-0.0378787022382998,2024,2024-06-30,learned_order_offset,20260912,0.5157601153269719,0.5157601153269719,1,0
weekly_global_validated,3277,2024-07-26,2024-08-05,-0.0124134568216732,2024,2024-06-30,learned_order_offset,20260912,0.6244882450131677,0.6244882450131677,1,0
weekly_global_validated,3282,2024-08-02,2024-08-12,-0.0102762848330364,2024,2024-06-30,learned_order_offset,20260912,0.6270675399861252,0.6270675399861252,1,0
weekly_global_validated,3287,2024-08-09,2024-08-19,0.0050186923751938,2024,2024-06-30,learned_order_offset,20260912,0.5377555905505339,0.5377555905505339,1,1
weekly_global_validated,3292,2024-08-16,2024-08-26,-0.0040487282687352,2024,2024-06-30,learned_order_offset,20260912,0.42279669771745343,0.42279669771745343,0,0
weekly_global_validated,3297,2024-08-23,2024-09-02,-0.0069594562136714,2024,2024-06-30,learned_order_offset,20260912,0.3863647344348675,0.3863647344348675,0,0
weekly_global_validated,3302,2024-08-30,2024-09-09,-0.0280389655151561,2024,2024-06-30,learned_order_offset,20260912,0.4062697859689684,0.4062697859689684,0,0
weekly_global_validated,3307,2024-09-06,2024-09-18,-0.0174132138857783,2024,2024-06-30,learned_order_offset,20260912,0.45448430889716435,0.45448430889716435,0,0
weekly_global_validated,3312,2024-09-13,2024-09-24,0.0133119329369826,2024,2024-06-30,learned_order_offset,20260912,0.41946199575362714,0.41946199575362714,0,1
weekly_global_validated,3315,2024-09-20,2024-09-30,0.2017513988384409,2024,2024-06-30,learned_order_offset,20260912,0.48448722299654073,0.48448722299654073,0,1
weekly_global_validated,3320,2024-09-27,2024-10-14,0.0178259004588408,2024,2024-06-30,learned_order_offset,20260912,0.5746740950620535,0.5746740950620535,1,1
weekly_global_ungated,3262,2024-07-05,2024-07-15,0.0122222871842843,2024,2024-06-30,learned_order_offset,20260912,0.6186436580612907,0.6186436580612907,1,1
weekly_global_ungated,3267,2024-07-12,2024-07-22,0.0218881133018156,2024,2024-06-30,learned_order_offset,20260912,0.5454152617694117,0.5454152617694117,1,1
weekly_global_ungated,3272,2024-07-19,2024-07-29,-0.0378787022382998,2024,2024-06-30,learned_order_offset,20260912,0.48319158497627135,0.48319158497627135,0,0
weekly_global_ungated,3277,2024-07-26,2024-08-05,-0.0124134568216732,2024,2024-06-30,learned_order_offset,20260912,0.5934684166801423,0.5934684166801423,1,0
weekly_global_ungated,3282,2024-08-02,2024-08-12,-0.0102762848330364,2024,2024-06-30,learned_order_offset,20260912,0.5961229813567337,0.5961229813567337,1,0
weekly_global_ungated,3287,2024-08-09,2024-08-19,0.0050186923751938,2024,2024-06-30,learned_order_offset,20260912,0.5052473156234525,0.5052473156234525,1,1
weekly_global_ungated,3292,2024-08-16,2024-08-26,-0.0040487282687352,2024,2024-06-30,learned_order_offset,20260912,0.39135419933616433,0.39135419933616433,0,0
weekly_global_ungated,3297,2024-08-23,2024-09-02,-0.0069594562136714,2024,2024-06-30,learned_order_offset,20260912,0.3559607394226741,0.3559607394226741,0,0
weekly_global_ungated,3302,2024-08-30,2024-09-09,-0.0280389655151561,2024,2024-06-30,learned_order_offset,20260912,0.3752573025987557,0.3752573025987557,0,0
weekly_global_ungated,3307,2024-09-06,2024-09-18,-0.0174132138857783,2024,2024-06-30,learned_order_offset,20260912,0.42240983714900676,0.42240983714900676,0,0
weekly_global_ungated,3312,2024-09-13,2024-09-24,0.0133119329369826,2024,2024-06-30,learned_order_offset,20260912,0.38810074507328074,0.38810074507328074,0,1
weekly_global_ungated,3315,2024-09-20,2024-09-30,0.2017513988384409,2024,2024-06-30,learned_order_offset,20260912,0.45204996636028666,0.45204996636028666,0,1
weekly_global_ungated,3320,2024-09-27,2024-10-14,0.0178259004588408,2024,2024-06-30,learned_order_offset,20260912,0.5425535653832806,0.5425535653832806,1,1
weekly_state_validated,3325,2024-10-11,2024-10-21,0.0080914993282625,2024,2024-09-30,learned_market,20260910,0.5869953939238736,0.5869953939238736,1,1
weekly_state_validated,3330,2024-10-18,2024-10-28,0.0015733867085561,2024,2024-09-30,learned_market,20260910,0.461607129389693,0.461607129389693,0,1
weekly_state_validated,3335,2024-10-25,2024-11-04,-0.0140142824257356,2024,2024-09-30,learned_market,20260910,0.4436454565513719,0.4436454565513719,0,0
weekly_state_validated,3340,2024-11-01,2024-11-11,0.0434152361258277,2024,2024-09-30,learned_market,20260910,0.4265577715457495,0.4265577715457495,0,1
weekly_state_validated,3345,2024-11-08,2024-11-18,-0.0208584853931589,2024,2024-09-30,learned_market,20260910,0.3988216599252063,0.3988216599252063,0,0
weekly_state_validated,3350,2024-11-15,2024-11-25,-0.0267421712161923,2024,2024-09-30,learned_market,20260910,0.4128285607379882,0.4128285607379882,0,0
weekly_state_validated,3355,2024-11-22,2024-12-02,0.0087960346887328,2024,2024-09-30,learned_market,20260910,0.5498480838757407,0.5498480838757407,1,1
weekly_state_validated,3360,2024-11-29,2024-12-09,0.0155919891551781,2024,2024-09-30,learned_market,20260910,0.5787371739371491,0.5787371739371491,1,1
weekly_state_validated,3365,2024-12-06,2024-12-16,-0.0100436703218104,2024,2024-09-30,learned_market,20260910,0.5274145252381006,0.5274145252381006,1,0
weekly_state_validated,3370,2024-12-13,2024-12-23,-0.0006690784017421,2024,2024-09-30,learned_market,20260910,0.44138037595664,0.44138037595664,0,0
weekly_state_validated,3375,2024-12-20,2024-12-30,0.0123595076562756,2024,2024-09-30,learned_market,20260910,0.4027666853457167,0.4027666853457167,0,1
weekly_state_validated,3380,2024-12-27,2025-01-06,-0.0504714964669198,2024,2024-09-30,learned_market,20260910,0.38910693571889354,0.38910693571889354,0,0
weekly_state_ungated,3325,2024-10-11,2024-10-21,0.0080914993282625,2024,2024-09-30,learned_market,20260910,0.5869953939238736,0.5869953939238736,1,1
weekly_state_ungated,3330,2024-10-18,2024-10-28,0.0015733867085561,2024,2024-09-30,learned_market,20260910,0.461607129389693,0.461607129389693,0,1
weekly_state_ungated,3335,2024-10-25,2024-11-04,-0.0140142824257356,2024,2024-09-30,learned_market,20260910,0.4436454565513719,0.4436454565513719,0,0
weekly_state_ungated,3340,2024-11-01,2024-11-11,0.0434152361258277,2024,2024-09-30,learned_market,20260910,0.4265577715457495,0.4265577715457495,0,1
weekly_state_ungated,3345,2024-11-08,2024-11-18,-0.0208584853931589,2024,2024-09-30,learned_market,20260910,0.3988216599252063,0.3988216599252063,0,0
weekly_state_ungated,3350,2024-11-15,2024-11-25,-0.0267421712161923,2024,2024-09-30,learned_market,20260910,0.4128285607379882,0.4128285607379882,0,0
weekly_state_ungated,3355,2024-11-22,2024-12-02,0.0087960346887328,2024,2024-09-30,learned_market,20260910,0.5498480838757407,0.5498480838757407,1,1
weekly_state_ungated,3360,2024-11-29,2024-12-09,0.0155919891551781,2024,2024-09-30,learned_market,20260910,0.5787371739371491,0.5787371739371491,1,1
weekly_state_ungated,3365,2024-12-06,2024-12-16,-0.0100436703218104,2024,2024-09-30,learned_market,20260910,0.5274145252381006,0.5274145252381006,1,0
weekly_state_ungated,3370,2024-12-13,2024-12-23,-0.0006690784017421,2024,2024-09-30,learned_market,20260910,0.44138037595664,0.44138037595664,0,0
weekly_state_ungated,3375,2024-12-20,2024-12-30,0.0123595076562756,2024,2024-09-30,learned_market,20260910,0.38955165917603024,0.38955165917603024,0,1
weekly_state_ungated,3380,2024-12-27,2025-01-06,-0.0504714964669198,2024,2024-09-30,learned_market,20260910,0.376057887376515,0.376057887376515,0,0
weekly_global_validated,3325,2024-10-11,2024-10-21,0.0080914993282625,2024,2024-09-30,learned_market,20260910,0.5869953939238736,0.5869953939238736,1,1
weekly_global_validated,3330,2024-10-18,2024-10-28,0.0015733867085561,2024,2024-09-30,learned_market,20260910,0.461607129389693,0.461607129389693,0,1
weekly_global_validated,3335,2024-10-25,2024-11-04,-0.0140142824257356,2024,2024-09-30,learned_market,20260910,0.4436454565513719,0.4436454565513719,0,0
weekly_global_validated,3340,2024-11-01,2024-11-11,0.0434152361258277,2024,2024-09-30,learned_market,20260910,0.4265577715457495,0.4265577715457495,0,1
weekly_global_validated,3345,2024-11-08,2024-11-18,-0.0208584853931589,2024,2024-09-30,learned_market,20260910,0.3988216599252063,0.3988216599252063,0,0
weekly_global_validated,3350,2024-11-15,2024-11-25,-0.0267421712161923,2024,2024-09-30,learned_market,20260910,0.4128285607379882,0.4128285607379882,0,0
weekly_global_validated,3355,2024-11-22,2024-12-02,0.0087960346887328,2024,2024-09-30,learned_market,20260910,0.5498480838757407,0.5498480838757407,1,1
weekly_global_validated,3360,2024-11-29,2024-12-09,0.0155919891551781,2024,2024-09-30,learned_market,20260910,0.5787371739371491,0.5787371739371491,1,1
weekly_global_validated,3365,2024-12-06,2024-12-16,-0.0100436703218104,2024,2024-09-30,learned_market,20260910,0.5274145252381006,0.5274145252381006,1,0
weekly_global_validated,3370,2024-12-13,2024-12-23,-0.0006690784017421,2024,2024-09-30,learned_market,20260910,0.44138037595664,0.44138037595664,0,0
weekly_global_validated,3375,2024-12-20,2024-12-30,0.0123595076562756,2024,2024-09-30,learned_market,20260910,0.4027666853457167,0.4027666853457167,0,1
weekly_global_validated,3380,2024-12-27,2025-01-06,-0.0504714964669198,2024,2024-09-30,learned_market,20260910,0.38910693571889354,0.38910693571889354,0,0
weekly_global_ungated,3325,2024-10-11,2024-10-21,0.0080914993282625,2024,2024-09-30,learned_market,20260910,0.5437257720358541,0.5437257720358541,1,1
weekly_global_ungated,3330,2024-10-18,2024-10-28,0.0015733867085561,2024,2024-09-30,learned_market,20260910,0.41822077230323906,0.41822077230323906,0,1
weekly_global_ungated,3335,2024-10-25,2024-11-04,-0.0140142824257356,2024,2024-09-30,learned_market,20260910,0.4006908852709157,0.4006908852709157,0,0
weekly_global_ungated,3340,2024-11-01,2024-11-11,0.0434152361258277,2024,2024-09-30,learned_market,20260910,0.38411539700039904,0.38411539700039904,0,1
weekly_global_ungated,3345,2024-11-08,2024-11-18,-0.0208584853931589,2024,2024-09-30,learned_market,20260910,0.357418914281621,0.357418914281621,0,0
weekly_global_ungated,3350,2024-11-15,2024-11-25,-0.0267421712161923,2024,2024-09-30,learned_market,20260910,0.37086875615898235,0.37086875615898235,0,0
weekly_global_ungated,3355,2024-11-22,2024-12-02,0.0087960346887328,2024,2024-09-30,learned_market,20260910,0.5059621430815691,0.5059621430815691,1,1
weekly_global_ungated,3360,2024-11-29,2024-12-09,0.0155919891551781,2024,2024-09-30,learned_market,20260910,0.5352873146097128,0.5352873146097128,1,1
weekly_global_ungated,3365,2024-12-06,2024-12-16,-0.0100436703218104,2024,2024-09-30,learned_market,20260910,0.483396351178687,0.483396351178687,0,0
weekly_global_ungated,3370,2024-12-13,2024-12-23,-0.0006690784017421,2024,2024-09-30,learned_market,20260910,0.39848803404232574,0.39848803404232574,0,0
weekly_global_ungated,3375,2024-12-20,2024-12-30,0.0123595076562756,2024,2024-09-30,learned_market,20260910,0.3612004583946993,0.3612004583946993,0,1
weekly_global_ungated,3380,2024-12-27,2025-01-06,-0.0504714964669198,2024,2024-09-30,learned_market,20260910,0.34812869554285836,0.34812869554285836,0,0
weekly_state_validated,3325,2024-10-11,2024-10-21,0.0080914993282625,2024,2024-09-30,learned_market,20260911,0.7037035552786773,0.7037035552786773,1,1
weekly_state_validated,3330,2024-10-18,2024-10-28,0.0015733867085561,2024,2024-09-30,learned_market,20260911,0.6276974127279125,0.6276974127279125,1,1
weekly_state_validated,3335,2024-10-25,2024-11-04,-0.0140142824257356,2024,2024-09-30,learned_market,20260911,0.45809633325380006,0.45809633325380006,0,0
weekly_state_validated,3340,2024-11-01,2024-11-11,0.0434152361258277,2024,2024-09-30,learned_market,20260911,0.4000970572378428,0.4000970572378428,0,1
weekly_state_validated,3345,2024-11-08,2024-11-18,-0.0208584853931589,2024,2024-09-30,learned_market,20260911,0.40593736915879713,0.40593736915879713,0,0
weekly_state_validated,3350,2024-11-15,2024-11-25,-0.0267421712161923,2024,2024-09-30,learned_market,20260911,0.455730074665633,0.455730074665633,0,0
weekly_state_validated,3355,2024-11-22,2024-12-02,0.0087960346887328,2024,2024-09-30,learned_market,20260911,0.3896395612224614,0.3896395612224614,0,1
weekly_state_validated,3360,2024-11-29,2024-12-09,0.0155919891551781,2024,2024-09-30,learned_market,20260911,0.5648004239815676,0.5648004239815676,1,1
weekly_state_validated,3365,2024-12-06,2024-12-16,-0.0100436703218104,2024,2024-09-30,learned_market,20260911,0.4339892041348209,0.4339892041348209,0,0
weekly_state_validated,3370,2024-12-13,2024-12-23,-0.0006690784017421,2024,2024-09-30,learned_market,20260911,0.31485157623264104,0.31485157623264104,0,0
weekly_state_validated,3375,2024-12-20,2024-12-30,0.0123595076562756,2024,2024-09-30,learned_market,20260911,0.30917200008354345,0.30917200008354345,0,1
weekly_state_validated,3380,2024-12-27,2025-01-06,-0.0504714964669198,2024,2024-09-30,learned_market,20260911,0.5719698356929027,0.5719698356929027,1,0
weekly_state_ungated,3325,2024-10-11,2024-10-21,0.0080914993282625,2024,2024-09-30,learned_market,20260911,0.7037035552786773,0.7037035552786773,1,1
weekly_state_ungated,3330,2024-10-18,2024-10-28,0.0015733867085561,2024,2024-09-30,learned_market,20260911,0.6276974127279125,0.6276974127279125,1,1
weekly_state_ungated,3335,2024-10-25,2024-11-04,-0.0140142824257356,2024,2024-09-30,learned_market,20260911,0.45809633325380006,0.45809633325380006,0,0
weekly_state_ungated,3340,2024-11-01,2024-11-11,0.0434152361258277,2024,2024-09-30,learned_market,20260911,0.4000970572378428,0.4000970572378428,0,1
weekly_state_ungated,3345,2024-11-08,2024-11-18,-0.0208584853931589,2024,2024-09-30,learned_market,20260911,0.40593736915879713,0.40593736915879713,0,0
weekly_state_ungated,3350,2024-11-15,2024-11-25,-0.0267421712161923,2024,2024-09-30,learned_market,20260911,0.455730074665633,0.455730074665633,0,0
weekly_state_ungated,3355,2024-11-22,2024-12-02,0.0087960346887328,2024,2024-09-30,learned_market,20260911,0.3896395612224614,0.3896395612224614,0,1
weekly_state_ungated,3360,2024-11-29,2024-12-09,0.0155919891551781,2024,2024-09-30,learned_market,20260911,0.5648004239815676,0.5648004239815676,1,1
weekly_state_ungated,3365,2024-12-06,2024-12-16,-0.0100436703218104,2024,2024-09-30,learned_market,20260911,0.4339892041348209,0.4339892041348209,0,0
weekly_state_ungated,3370,2024-12-13,2024-12-23,-0.0006690784017421,2024,2024-09-30,learned_market,20260911,0.31485157623264104,0.31485157623264104,0,0
weekly_state_ungated,3375,2024-12-20,2024-12-30,0.0123595076562756,2024,2024-09-30,learned_market,20260911,0.29469838823528594,0.29469838823528594,0,1
weekly_state_ungated,3380,2024-12-27,2025-01-06,-0.0504714964669198,2024,2024-09-30,learned_market,20260911,0.5550787257826989,0.5550787257826989,1,0
weekly_global_validated,3325,2024-10-11,2024-10-21,0.0080914993282625,2024,2024-09-30,learned_market,20260911,0.7037035552786773,0.7037035552786773,1,1
weekly_global_validated,3330,2024-10-18,2024-10-28,0.0015733867085561,2024,2024-09-30,learned_market,20260911,0.6276974127279125,0.6276974127279125,1,1
weekly_global_validated,3335,2024-10-25,2024-11-04,-0.0140142824257356,2024,2024-09-30,learned_market,20260911,0.45809633325380006,0.45809633325380006,0,0
weekly_global_validated,3340,2024-11-01,2024-11-11,0.0434152361258277,2024,2024-09-30,learned_market,20260911,0.4000970572378428,0.4000970572378428,0,1
weekly_global_validated,3345,2024-11-08,2024-11-18,-0.0208584853931589,2024,2024-09-30,learned_market,20260911,0.40593736915879713,0.40593736915879713,0,0
weekly_global_validated,3350,2024-11-15,2024-11-25,-0.0267421712161923,2024,2024-09-30,learned_market,20260911,0.455730074665633,0.455730074665633,0,0
weekly_global_validated,3355,2024-11-22,2024-12-02,0.0087960346887328,2024,2024-09-30,learned_market,20260911,0.3896395612224614,0.3896395612224614,0,1
weekly_global_validated,3360,2024-11-29,2024-12-09,0.0155919891551781,2024,2024-09-30,learned_market,20260911,0.5648004239815676,0.5648004239815676,1,1
weekly_global_validated,3365,2024-12-06,2024-12-16,-0.0100436703218104,2024,2024-09-30,learned_market,20260911,0.4339892041348209,0.4339892041348209,0,0
weekly_global_validated,3370,2024-12-13,2024-12-23,-0.0006690784017421,2024,2024-09-30,learned_market,20260911,0.31485157623264104,0.31485157623264104,0,0
weekly_global_validated,3375,2024-12-20,2024-12-30,0.0123595076562756,2024,2024-09-30,learned_market,20260911,0.30917200008354345,0.30917200008354345,0,1
weekly_global_validated,3380,2024-12-27,2025-01-06,-0.0504714964669198,2024,2024-09-30,learned_market,20260911,0.5719698356929027,0.5719698356929027,1,0
weekly_global_ungated,3325,2024-10-11,2024-10-21,0.0080914993282625,2024,2024-09-30,learned_market,20260911,0.6629486448368637,0.6629486448368637,1,1
weekly_global_ungated,3330,2024-10-18,2024-10-28,0.0015733867085561,2024,2024-09-30,learned_market,20260911,0.5826877693269317,0.5826877693269317,1,1
weekly_global_ungated,3335,2024-10-25,2024-11-04,-0.0140142824257356,2024,2024-09-30,learned_market,20260911,0.41179660260647655,0.41179660260647655,0,0
weekly_global_ungated,3340,2024-11-01,2024-11-11,0.0434152361258277,2024,2024-09-30,learned_market,20260911,0.3558103687219623,0.3558103687219623,0,1
weekly_global_ungated,3345,2024-11-08,2024-11-18,-0.0208584853931589,2024,2024-09-30,learned_market,20260911,0.3613936598923694,0.3613936598923694,0,0
weekly_global_ungated,3350,2024-11-15,2024-11-25,-0.0267421712161923,2024,2024-09-30,learned_market,20260911,0.40948878245209736,0.40948878245209736,0,0
weekly_global_ungated,3355,2024-11-22,2024-12-02,0.0087960346887328,2024,2024-09-30,learned_market,20260911,0.3458430922309283,0.3458430922309283,0,1
weekly_global_ungated,3360,2024-11-29,2024-12-09,0.0155919891551781,2024,2024-09-30,learned_market,20260911,0.5180254874188986,0.5180254874188986,1,1
weekly_global_ungated,3365,2024-12-06,2024-12-16,-0.0100436703218104,2024,2024-09-30,learned_market,20260911,0.3883797468334075,0.3883797468334075,0,0
weekly_global_ungated,3370,2024-12-13,2024-12-23,-0.0006690784017421,2024,2024-09-30,learned_market,20260911,0.2756647956128332,0.2756647956128332,0,0
weekly_global_ungated,3375,2024-12-20,2024-12-30,0.0123595076562756,2024,2024-09-30,learned_market,20260911,0.2704131132602582,0.2704131132602582,0,1
weekly_global_ungated,3380,2024-12-27,2025-01-06,-0.0504714964669198,2024,2024-09-30,learned_market,20260911,0.5253178484437278,0.5253178484437278,1,0
weekly_state_validated,3325,2024-10-11,2024-10-21,0.0080914993282625,2024,2024-09-30,learned_market,20260912,0.6391238419546599,0.6391238419546599,1,1
weekly_state_validated,3330,2024-10-18,2024-10-28,0.0015733867085561,2024,2024-09-30,learned_market,20260912,0.7479133612500116,0.7479133612500116,1,1
weekly_state_validated,3335,2024-10-25,2024-11-04,-0.0140142824257356,2024,2024-09-30,learned_market,20260912,0.7047213785907145,0.7047213785907145,1,0
weekly_state_validated,3340,2024-11-01,2024-11-11,0.0434152361258277,2024,2024-09-30,learned_market,20260912,0.7564382143782475,0.7564382143782475,1,1
weekly_state_validated,3345,2024-11-08,2024-11-18,-0.0208584853931589,2024,2024-09-30,learned_market,20260912,0.6534693612294474,0.6534693612294474,1,0
weekly_state_validated,3350,2024-11-15,2024-11-25,-0.0267421712161923,2024,2024-09-30,learned_market,20260912,0.6053975436260323,0.6053975436260323,1,0
weekly_state_validated,3355,2024-11-22,2024-12-02,0.0087960346887328,2024,2024-09-30,learned_market,20260912,0.6365936876664182,0.6365936876664182,1,1
weekly_state_validated,3360,2024-11-29,2024-12-09,0.0155919891551781,2024,2024-09-30,learned_market,20260912,0.5579955410836633,0.5579955410836633,1,1
weekly_state_validated,3365,2024-12-06,2024-12-16,-0.0100436703218104,2024,2024-09-30,learned_market,20260912,0.541404145848568,0.541404145848568,1,0
weekly_state_validated,3370,2024-12-13,2024-12-23,-0.0006690784017421,2024,2024-09-30,learned_market,20260912,0.39882455300182545,0.39882455300182545,0,0
weekly_state_validated,3375,2024-12-20,2024-12-30,0.0123595076562756,2024,2024-09-30,learned_market,20260912,0.3151494536061462,0.3151494536061462,0,1
weekly_state_validated,3380,2024-12-27,2025-01-06,-0.0504714964669198,2024,2024-09-30,learned_market,20260912,0.28110990925447626,0.28110990925447626,0,0
weekly_state_ungated,3325,2024-10-11,2024-10-21,0.0080914993282625,2024,2024-09-30,learned_market,20260912,0.6391238419546599,0.6391238419546599,1,1
weekly_state_ungated,3330,2024-10-18,2024-10-28,0.0015733867085561,2024,2024-09-30,learned_market,20260912,0.7479133612500116,0.7479133612500116,1,1
weekly_state_ungated,3335,2024-10-25,2024-11-04,-0.0140142824257356,2024,2024-09-30,learned_market,20260912,0.7047213785907145,0.7047213785907145,1,0
weekly_state_ungated,3340,2024-11-01,2024-11-11,0.0434152361258277,2024,2024-09-30,learned_market,20260912,0.7564382143782475,0.7564382143782475,1,1
weekly_state_ungated,3345,2024-11-08,2024-11-18,-0.0208584853931589,2024,2024-09-30,learned_market,20260912,0.6534693612294474,0.6534693612294474,1,0
weekly_state_ungated,3350,2024-11-15,2024-11-25,-0.0267421712161923,2024,2024-09-30,learned_market,20260912,0.6053975436260323,0.6053975436260323,1,0
weekly_state_ungated,3355,2024-11-22,2024-12-02,0.0087960346887328,2024,2024-09-30,learned_market,20260912,0.6365936876664182,0.6365936876664182,1,1
weekly_state_ungated,3360,2024-11-29,2024-12-09,0.0155919891551781,2024,2024-09-30,learned_market,20260912,0.5579955410836633,0.5579955410836633,1,1
weekly_state_ungated,3365,2024-12-06,2024-12-16,-0.0100436703218104,2024,2024-09-30,learned_market,20260912,0.541404145848568,0.541404145848568,1,0
weekly_state_ungated,3370,2024-12-13,2024-12-23,-0.0006690784017421,2024,2024-09-30,learned_market,20260912,0.39882455300182545,0.39882455300182545,0,0
weekly_state_ungated,3375,2024-12-20,2024-12-30,0.0123595076562756,2024,2024-09-30,learned_market,20260912,0.30607951435732755,0.30607951435732755,0,1
weekly_state_ungated,3380,2024-12-27,2025-01-06,-0.0504714964669198,2024,2024-09-30,learned_market,20260912,0.272629635574514,0.272629635574514,0,0
weekly_global_validated,3325,2024-10-11,2024-10-21,0.0080914993282625,2024,2024-09-30,learned_market,20260912,0.6391238419546599,0.6391238419546599,1,1
weekly_global_validated,3330,2024-10-18,2024-10-28,0.0015733867085561,2024,2024-09-30,learned_market,20260912,0.7479133612500116,0.7479133612500116,1,1
weekly_global_validated,3335,2024-10-25,2024-11-04,-0.0140142824257356,2024,2024-09-30,learned_market,20260912,0.7047213785907145,0.7047213785907145,1,0
weekly_global_validated,3340,2024-11-01,2024-11-11,0.0434152361258277,2024,2024-09-30,learned_market,20260912,0.7564382143782475,0.7564382143782475,1,1
weekly_global_validated,3345,2024-11-08,2024-11-18,-0.0208584853931589,2024,2024-09-30,learned_market,20260912,0.6534693612294474,0.6534693612294474,1,0
weekly_global_validated,3350,2024-11-15,2024-11-25,-0.0267421712161923,2024,2024-09-30,learned_market,20260912,0.6053975436260323,0.6053975436260323,1,0
weekly_global_validated,3355,2024-11-22,2024-12-02,0.0087960346887328,2024,2024-09-30,learned_market,20260912,0.6365936876664182,0.6365936876664182,1,1
weekly_global_validated,3360,2024-11-29,2024-12-09,0.0155919891551781,2024,2024-09-30,learned_market,20260912,0.5579955410836633,0.5579955410836633,1,1
weekly_global_validated,3365,2024-12-06,2024-12-16,-0.0100436703218104,2024,2024-09-30,learned_market,20260912,0.541404145848568,0.541404145848568,1,0
weekly_global_validated,3370,2024-12-13,2024-12-23,-0.0006690784017421,2024,2024-09-30,learned_market,20260912,0.39882455300182545,0.39882455300182545,0,0
weekly_global_validated,3375,2024-12-20,2024-12-30,0.0123595076562756,2024,2024-09-30,learned_market,20260912,0.3151494536061462,0.3151494536061462,0,1
weekly_global_validated,3380,2024-12-27,2025-01-06,-0.0504714964669198,2024,2024-09-30,learned_market,20260912,0.28110990925447626,0.28110990925447626,0,0
weekly_global_ungated,3325,2024-10-11,2024-10-21,0.0080914993282625,2024,2024-09-30,learned_market,20260912,0.613195928837083,0.613195928837083,1,1
weekly_global_ungated,3330,2024-10-18,2024-10-28,0.0015733867085561,2024,2024-09-30,learned_market,20260912,0.7264563388493681,0.7264563388493681,1,1
weekly_global_ungated,3335,2024-10-25,2024-11-04,-0.0140142824257356,2024,2024-09-30,learned_market,20260912,0.6811552510938609,0.6811552510938609,1,0
weekly_global_ungated,3340,2024-11-01,2024-11-11,0.0434152361258277,2024,2024-09-30,learned_market,20260912,0.7354501447402279,0.7354501447402279,1,1
weekly_global_ungated,3345,2024-11-08,2024-11-18,-0.0208584853931589,2024,2024-09-30,learned_market,20260912,0.6279721810149559,0.6279721810149559,1,0
weekly_global_ungated,3350,2024-11-15,2024-11-25,-0.0267421712161923,2024,2024-09-30,learned_market,20260912,0.5786439980198994,0.5786439980198994,1,0
weekly_global_ungated,3355,2024-11-22,2024-12-02,0.0087960346887328,2024,2024-09-30,learned_market,20260912,0.6105947477515471,0.6105947477515471,1,1
weekly_global_ungated,3360,2024-11-29,2024-12-09,0.0155919891551781,2024,2024-09-30,learned_market,20260912,0.5305204651332215,0.5305204651332215,1,1
weekly_global_ungated,3365,2024-12-06,2024-12-16,-0.0100436703218104,2024,2024-09-30,learned_market,20260912,0.5137963793455969,0.5137963793455969,1,0
weekly_global_ungated,3370,2024-12-13,2024-12-23,-0.0006690784017421,2024,2024-09-30,learned_market,20260912,0.37258046842109666,0.37258046842109666,0,0
weekly_global_ungated,3375,2024-12-20,2024-12-30,0.0123595076562756,2024,2024-09-30,learned_market,20260912,0.29173947019599455,0.29173947019599455,0,1
weekly_global_ungated,3380,2024-12-27,2025-01-06,-0.0504714964669198,2024,2024-09-30,learned_market,20260912,0.25927120380237856,0.25927120380237856,0,0
weekly_state_validated,3325,2024-10-11,2024-10-21,0.0080914993282625,2024,2024-09-30,learned_vol_interaction,20260910,0.5707045524539156,0.5707045524539156,1,1
weekly_state_validated,3330,2024-10-18,2024-10-28,0.0015733867085561,2024,2024-09-30,learned_vol_interaction,20260910,0.5457998125542788,0.5457998125542788,1,1
weekly_state_validated,3335,2024-10-25,2024-11-04,-0.0140142824257356,2024,2024-09-30,learned_vol_interaction,20260910,0.5480447349870543,0.5480447349870543,1,0
weekly_state_validated,3340,2024-11-01,2024-11-11,0.0434152361258277,2024,2024-09-30,learned_vol_interaction,20260910,0.5424556290324919,0.5424556290324919,1,1
weekly_state_validated,3345,2024-11-08,2024-11-18,-0.0208584853931589,2024,2024-09-30,learned_vol_interaction,20260910,0.41385174274995,0.41385174274995,0,0
weekly_state_validated,3350,2024-11-15,2024-11-25,-0.0267421712161923,2024,2024-09-30,learned_vol_interaction,20260910,0.40978407838391767,0.40978407838391767,0,0
weekly_state_validated,3355,2024-11-22,2024-12-02,0.0087960346887328,2024,2024-09-30,learned_vol_interaction,20260910,0.5313658042769484,0.5313658042769484,1,1
weekly_state_validated,3360,2024-11-29,2024-12-09,0.0155919891551781,2024,2024-09-30,learned_vol_interaction,20260910,0.5550717836556399,0.5550717836556399,1,1
weekly_state_validated,3365,2024-12-06,2024-12-16,-0.0100436703218104,2024,2024-09-30,learned_vol_interaction,20260910,0.5155855931739847,0.5155855931739847,1,0
weekly_state_validated,3370,2024-12-13,2024-12-23,-0.0006690784017421,2024,2024-09-30,learned_vol_interaction,20260910,0.4374261593980381,0.4374261593980381,0,0
weekly_state_validated,3375,2024-12-20,2024-12-30,0.0123595076562756,2024,2024-09-30,learned_vol_interaction,20260910,0.38028593735367683,0.38028593735367683,0,1
weekly_state_validated,3380,2024-12-27,2025-01-06,-0.0504714964669198,2024,2024-09-30,learned_vol_interaction,20260910,0.35616480654444505,0.35616480654444505,0,0
weekly_state_ungated,3325,2024-10-11,2024-10-21,0.0080914993282625,2024,2024-09-30,learned_vol_interaction,20260910,0.5707045524539156,0.5707045524539156,1,1
weekly_state_ungated,3330,2024-10-18,2024-10-28,0.0015733867085561,2024,2024-09-30,learned_vol_interaction,20260910,0.5457998125542788,0.5457998125542788,1,1
weekly_state_ungated,3335,2024-10-25,2024-11-04,-0.0140142824257356,2024,2024-09-30,learned_vol_interaction,20260910,0.5480447349870543,0.5480447349870543,1,0
weekly_state_ungated,3340,2024-11-01,2024-11-11,0.0434152361258277,2024,2024-09-30,learned_vol_interaction,20260910,0.5424556290324919,0.5424556290324919,1,1
weekly_state_ungated,3345,2024-11-08,2024-11-18,-0.0208584853931589,2024,2024-09-30,learned_vol_interaction,20260910,0.41385174274995,0.41385174274995,0,0
weekly_state_ungated,3350,2024-11-15,2024-11-25,-0.0267421712161923,2024,2024-09-30,learned_vol_interaction,20260910,0.40978407838391767,0.40978407838391767,0,0
weekly_state_ungated,3355,2024-11-22,2024-12-02,0.0087960346887328,2024,2024-09-30,learned_vol_interaction,20260910,0.5313658042769484,0.5313658042769484,1,1
weekly_state_ungated,3360,2024-11-29,2024-12-09,0.0155919891551781,2024,2024-09-30,learned_vol_interaction,20260910,0.5550717836556399,0.5550717836556399,1,1
weekly_state_ungated,3365,2024-12-06,2024-12-16,-0.0100436703218104,2024,2024-09-30,learned_vol_interaction,20260910,0.5155855931739847,0.5155855931739847,1,0
weekly_state_ungated,3370,2024-12-13,2024-12-23,-0.0006690784017421,2024,2024-09-30,learned_vol_interaction,20260910,0.4374261593980381,0.4374261593980381,0,0
weekly_state_ungated,3375,2024-12-20,2024-12-30,0.0123595076562756,2024,2024-09-30,learned_vol_interaction,20260910,0.3675683600112586,0.3675683600112586,0,1
weekly_state_ungated,3380,2024-12-27,2025-01-06,-0.0504714964669198,2024,2024-09-30,learned_vol_interaction,20260910,0.34380636958721134,0.34380636958721134,0,0
weekly_global_validated,3325,2024-10-11,2024-10-21,0.0080914993282625,2024,2024-09-30,learned_vol_interaction,20260910,0.5260951723676027,0.5260951723676027,1,1
weekly_global_validated,3330,2024-10-18,2024-10-28,0.0015733867085561,2024,2024-09-30,learned_vol_interaction,20260910,0.5008658879570215,0.5008658879570215,1,1
weekly_global_validated,3335,2024-10-25,2024-11-04,-0.0140142824257356,2024,2024-09-30,learned_vol_interaction,20260910,0.503130720558879,0.503130720558879,1,0
weekly_global_validated,3340,2024-11-01,2024-11-11,0.0434152361258277,2024,2024-09-30,learned_vol_interaction,20260910,0.49749546078449725,0.49749546078449725,0,1
weekly_global_validated,3345,2024-11-08,2024-11-18,-0.0208584853931589,2024,2024-09-30,learned_vol_interaction,20260910,0.3709098278108397,0.3709098278108397,0,0
weekly_global_validated,3350,2024-11-15,2024-11-25,-0.0267421712161923,2024,2024-09-30,learned_vol_interaction,20260910,0.36699996538613633,0.36699996538613633,0,0
weekly_global_validated,3355,2024-11-22,2024-12-02,0.0087960346887328,2024,2024-09-30,learned_vol_interaction,20260910,0.48634777329298706,0.48634777329298706,0,1
weekly_global_validated,3360,2024-11-29,2024-12-09,0.0155919891551781,2024,2024-09-30,learned_vol_interaction,20260910,0.5102320264643183,0.5102320264643183,1,1
weekly_global_validated,3365,2024-12-06,2024-12-16,-0.0100436703218104,2024,2024-09-30,learned_vol_interaction,20260910,0.47056206236698267,0.47056206236698267,0,0
weekly_global_validated,3370,2024-12-13,2024-12-23,-0.0006690784017421,2024,2024-09-30,learned_vol_interaction,20260910,0.3936810386030236,0.3936810386030236,0,0
weekly_global_validated,3375,2024-12-20,2024-12-30,0.0123595076562756,2024,2024-09-30,learned_vol_interaction,20260910,0.33881366280135267,0.33881366280135267,0,1
weekly_global_validated,3380,2024-12-27,2025-01-06,-0.0504714964669198,2024,2024-09-30,learned_vol_interaction,20260910,0.31598180479152077,0.31598180479152077,0,0
weekly_global_ungated,3325,2024-10-11,2024-10-21,0.0080914993282625,2024,2024-09-30,learned_vol_interaction,20260910,0.5260951723676027,0.5260951723676027,1,1
weekly_global_ungated,3330,2024-10-18,2024-10-28,0.0015733867085561,2024,2024-09-30,learned_vol_interaction,20260910,0.5008658879570215,0.5008658879570215,1,1
weekly_global_ungated,3335,2024-10-25,2024-11-04,-0.0140142824257356,2024,2024-09-30,learned_vol_interaction,20260910,0.503130720558879,0.503130720558879,1,0
weekly_global_ungated,3340,2024-11-01,2024-11-11,0.0434152361258277,2024,2024-09-30,learned_vol_interaction,20260910,0.49749546078449725,0.49749546078449725,0,1
weekly_global_ungated,3345,2024-11-08,2024-11-18,-0.0208584853931589,2024,2024-09-30,learned_vol_interaction,20260910,0.3709098278108397,0.3709098278108397,0,0
weekly_global_ungated,3350,2024-11-15,2024-11-25,-0.0267421712161923,2024,2024-09-30,learned_vol_interaction,20260910,0.36699996538613633,0.36699996538613633,0,0
weekly_global_ungated,3355,2024-11-22,2024-12-02,0.0087960346887328,2024,2024-09-30,learned_vol_interaction,20260910,0.48634777329298706,0.48634777329298706,0,1
weekly_global_ungated,3360,2024-11-29,2024-12-09,0.0155919891551781,2024,2024-09-30,learned_vol_interaction,20260910,0.5102320264643183,0.5102320264643183,1,1
weekly_global_ungated,3365,2024-12-06,2024-12-16,-0.0100436703218104,2024,2024-09-30,learned_vol_interaction,20260910,0.47056206236698267,0.47056206236698267,0,0
weekly_global_ungated,3370,2024-12-13,2024-12-23,-0.0006690784017421,2024,2024-09-30,learned_vol_interaction,20260910,0.3936810386030236,0.3936810386030236,0,0
weekly_global_ungated,3375,2024-12-20,2024-12-30,0.0123595076562756,2024,2024-09-30,learned_vol_interaction,20260910,0.33881366280135267,0.33881366280135267,0,1
weekly_global_ungated,3380,2024-12-27,2025-01-06,-0.0504714964669198,2024,2024-09-30,learned_vol_interaction,20260910,0.31598180479152077,0.31598180479152077,0,0
weekly_state_validated,3325,2024-10-11,2024-10-21,0.0080914993282625,2024,2024-09-30,learned_vol_interaction,20260911,0.7018703597644868,0.7018703597644868,1,1
weekly_state_validated,3330,2024-10-18,2024-10-28,0.0015733867085561,2024,2024-09-30,learned_vol_interaction,20260911,0.6274387204351971,0.6274387204351971,1,1
weekly_state_validated,3335,2024-10-25,2024-11-04,-0.0140142824257356,2024,2024-09-30,learned_vol_interaction,20260911,0.4612473434817257,0.4612473434817257,0,0
weekly_state_validated,3340,2024-11-01,2024-11-11,0.0434152361258277,2024,2024-09-30,learned_vol_interaction,20260911,0.40396264616491484,0.40396264616491484,0,1
weekly_state_validated,3345,2024-11-08,2024-11-18,-0.0208584853931589,2024,2024-09-30,learned_vol_interaction,20260911,0.4058838104038455,0.4058838104038455,0,0
weekly_state_validated,3350,2024-11-15,2024-11-25,-0.0267421712161923,2024,2024-09-30,learned_vol_interaction,20260911,0.4556461044457154,0.4556461044457154,0,0
weekly_state_validated,3355,2024-11-22,2024-12-02,0.0087960346887328,2024,2024-09-30,learned_vol_interaction,20260911,0.3897555680643098,0.3897555680643098,0,1
weekly_state_validated,3360,2024-11-29,2024-12-09,0.0155919891551781,2024,2024-09-30,learned_vol_interaction,20260911,0.5639943448578677,0.5639943448578677,1,1
weekly_state_validated,3365,2024-12-06,2024-12-16,-0.0100436703218104,2024,2024-09-30,learned_vol_interaction,20260911,0.43406190636390596,0.43406190636390596,0,0
weekly_state_validated,3370,2024-12-13,2024-12-23,-0.0006690784017421,2024,2024-09-30,learned_vol_interaction,20260911,0.31406271260453134,0.31406271260453134,0,0
weekly_state_validated,3375,2024-12-20,2024-12-30,0.0123595076562756,2024,2024-09-30,learned_vol_interaction,20260911,0.3085226494455729,0.3085226494455729,0,1
weekly_state_validated,3380,2024-12-27,2025-01-06,-0.0504714964669198,2024,2024-09-30,learned_vol_interaction,20260911,0.5726178987535363,0.5726178987535363,1,0
weekly_state_ungated,3325,2024-10-11,2024-10-21,0.0080914993282625,2024,2024-09-30,learned_vol_interaction,20260911,0.7018703597644868,0.7018703597644868,1,1
weekly_state_ungated,3330,2024-10-18,2024-10-28,0.0015733867085561,2024,2024-09-30,learned_vol_interaction,20260911,0.6274387204351971,0.6274387204351971,1,1
weekly_state_ungated,3335,2024-10-25,2024-11-04,-0.0140142824257356,2024,2024-09-30,learned_vol_interaction,20260911,0.4612473434817257,0.4612473434817257,0,0
weekly_state_ungated,3340,2024-11-01,2024-11-11,0.0434152361258277,2024,2024-09-30,learned_vol_interaction,20260911,0.40396264616491484,0.40396264616491484,0,1
weekly_state_ungated,3345,2024-11-08,2024-11-18,-0.0208584853931589,2024,2024-09-30,learned_vol_interaction,20260911,0.4058838104038455,0.4058838104038455,0,0
weekly_state_ungated,3350,2024-11-15,2024-11-25,-0.0267421712161923,2024,2024-09-30,learned_vol_interaction,20260911,0.4556461044457154,0.4556461044457154,0,0
weekly_state_ungated,3355,2024-11-22,2024-12-02,0.0087960346887328,2024,2024-09-30,learned_vol_interaction,20260911,0.3897555680643098,0.3897555680643098,0,1
weekly_state_ungated,3360,2024-11-29,2024-12-09,0.0155919891551781,2024,2024-09-30,learned_vol_interaction,20260911,0.5639943448578677,0.5639943448578677,1,1
weekly_state_ungated,3365,2024-12-06,2024-12-16,-0.0100436703218104,2024,2024-09-30,learned_vol_interaction,20260911,0.43406190636390596,0.43406190636390596,0,0
weekly_state_ungated,3370,2024-12-13,2024-12-23,-0.0006690784017421,2024,2024-09-30,learned_vol_interaction,20260911,0.31406271260453134,0.31406271260453134,0,0
weekly_state_ungated,3375,2024-12-20,2024-12-30,0.0123595076562756,2024,2024-09-30,learned_vol_interaction,20260911,0.2935043613887838,0.2935043613887838,0,1
weekly_state_ungated,3380,2024-12-27,2025-01-06,-0.0504714964669198,2024,2024-09-30,learned_vol_interaction,20260911,0.5550634626943505,0.5550634626943505,1,0
weekly_global_validated,3325,2024-10-11,2024-10-21,0.0080914993282625,2024,2024-09-30,learned_vol_interaction,20260911,0.6585193537856316,0.6585193537856316,1,1
weekly_global_validated,3330,2024-10-18,2024-10-28,0.0015733867085561,2024,2024-09-30,learned_vol_interaction,20260911,0.5797451007436053,0.5797451007436053,1,1
weekly_global_validated,3335,2024-10-25,2024-11-04,-0.0140142824257356,2024,2024-09-30,learned_vol_interaction,20260911,0.4122093447396889,0.4122093447396889,0,0
weekly_global_validated,3340,2024-11-01,2024-11-11,0.0434152361258277,2024,2024-09-30,learned_vol_interaction,20260911,0.3569794866090387,0.3569794866090387,0,1
weekly_global_validated,3345,2024-11-08,2024-11-18,-0.0208584853931589,2024,2024-09-30,learned_vol_interaction,20260911,0.35881171975232584,0.35881171975232584,0,0
weekly_global_validated,3350,2024-11-15,2024-11-25,-0.0267421712161923,2024,2024-09-30,learned_vol_interaction,20260911,0.4067540083020001,0.4067540083020001,0,0
weekly_global_validated,3355,2024-11-22,2024-12-02,0.0087960346887328,2024,2024-09-30,learned_vol_interaction,20260911,0.3434725810523937,0.3434725810523937,0,1
weekly_global_validated,3360,2024-11-29,2024-12-09,0.0155919891551781,2024,2024-09-30,learned_vol_interaction,20260911,0.5144638708836224,0.5144638708836224,1,1
weekly_global_validated,3365,2024-12-06,2024-12-16,-0.0100436703218104,2024,2024-09-30,learned_vol_interaction,20260911,0.38584421612770414,0.38584421612770414,0,0
weekly_global_validated,3370,2024-12-13,2024-12-23,-0.0006690784017421,2024,2024-09-30,learned_vol_interaction,20260911,0.2727507484939032,0.2727507484939032,0,0
weekly_global_validated,3375,2024-12-20,2024-12-30,0.0123595076562756,2024,2024-09-30,learned_vol_interaction,20260911,0.26765507011035095,0.26765507011035095,0,1
weekly_global_validated,3380,2024-12-27,2025-01-06,-0.0504714964669198,2024,2024-09-30,learned_vol_interaction,20260911,0.5232389462412339,0.5232389462412339,1,0
weekly_global_ungated,3325,2024-10-11,2024-10-21,0.0080914993282625,2024,2024-09-30,learned_vol_interaction,20260911,0.6585193537856316,0.6585193537856316,1,1
weekly_global_ungated,3330,2024-10-18,2024-10-28,0.0015733867085561,2024,2024-09-30,learned_vol_interaction,20260911,0.5797451007436053,0.5797451007436053,1,1
weekly_global_ungated,3335,2024-10-25,2024-11-04,-0.0140142824257356,2024,2024-09-30,learned_vol_interaction,20260911,0.4122093447396889,0.4122093447396889,0,0
weekly_global_ungated,3340,2024-11-01,2024-11-11,0.0434152361258277,2024,2024-09-30,learned_vol_interaction,20260911,0.3569794866090387,0.3569794866090387,0,1
weekly_global_ungated,3345,2024-11-08,2024-11-18,-0.0208584853931589,2024,2024-09-30,learned_vol_interaction,20260911,0.35881171975232584,0.35881171975232584,0,0
weekly_global_ungated,3350,2024-11-15,2024-11-25,-0.0267421712161923,2024,2024-09-30,learned_vol_interaction,20260911,0.4067540083020001,0.4067540083020001,0,0
weekly_global_ungated,3355,2024-11-22,2024-12-02,0.0087960346887328,2024,2024-09-30,learned_vol_interaction,20260911,0.3434725810523937,0.3434725810523937,0,1
weekly_global_ungated,3360,2024-11-29,2024-12-09,0.0155919891551781,2024,2024-09-30,learned_vol_interaction,20260911,0.5144638708836224,0.5144638708836224,1,1
weekly_global_ungated,3365,2024-12-06,2024-12-16,-0.0100436703218104,2024,2024-09-30,learned_vol_interaction,20260911,0.38584421612770414,0.38584421612770414,0,0
weekly_global_ungated,3370,2024-12-13,2024-12-23,-0.0006690784017421,2024,2024-09-30,learned_vol_interaction,20260911,0.2727507484939032,0.2727507484939032,0,0
weekly_global_ungated,3375,2024-12-20,2024-12-30,0.0123595076562756,2024,2024-09-30,learned_vol_interaction,20260911,0.26765507011035095,0.26765507011035095,0,1
weekly_global_ungated,3380,2024-12-27,2025-01-06,-0.0504714964669198,2024,2024-09-30,learned_vol_interaction,20260911,0.5232389462412339,0.5232389462412339,1,0
weekly_state_validated,3325,2024-10-11,2024-10-21,0.0080914993282625,2024,2024-09-30,learned_vol_interaction,20260912,0.6154592441744525,0.6154592441744525,1,1
weekly_state_validated,3330,2024-10-18,2024-10-28,0.0015733867085561,2024,2024-09-30,learned_vol_interaction,20260912,0.6984112732542341,0.6984112732542341,1,1
weekly_state_validated,3335,2024-10-25,2024-11-04,-0.0140142824257356,2024,2024-09-30,learned_vol_interaction,20260912,0.6614014700577392,0.6614014700577392,1,0
weekly_state_validated,3340,2024-11-01,2024-11-11,0.0434152361258277,2024,2024-09-30,learned_vol_interaction,20260912,0.6960317071765945,0.6960317071765945,1,1
weekly_state_validated,3345,2024-11-08,2024-11-18,-0.0208584853931589,2024,2024-09-30,learned_vol_interaction,20260912,0.627992228455405,0.627992228455405,1,0
weekly_state_validated,3350,2024-11-15,2024-11-25,-0.0267421712161923,2024,2024-09-30,learned_vol_interaction,20260912,0.600402896142829,0.600402896142829,1,0
weekly_state_validated,3355,2024-11-22,2024-12-02,0.0087960346887328,2024,2024-09-30,learned_vol_interaction,20260912,0.6257055825822537,0.6257055825822537,1,1
weekly_state_validated,3360,2024-11-29,2024-12-09,0.0155919891551781,2024,2024-09-30,learned_vol_interaction,20260912,0.5403979506938085,0.5403979506938085,1,1
weekly_state_validated,3365,2024-12-06,2024-12-16,-0.0100436703218104,2024,2024-09-30,learned_vol_interaction,20260912,0.5359614220710596,0.5359614220710596,1,0
weekly_state_validated,3370,2024-12-13,2024-12-23,-0.0006690784017421,2024,2024-09-30,learned_vol_interaction,20260912,0.4004266447398538,0.4004266447398538,0,0
weekly_state_validated,3375,2024-12-20,2024-12-30,0.0123595076562756,2024,2024-09-30,learned_vol_interaction,20260912,0.3173047617142704,0.3173047617142704,0,1
weekly_state_validated,3380,2024-12-27,2025-01-06,-0.0504714964669198,2024,2024-09-30,learned_vol_interaction,20260912,0.27582764169478674,0.27582764169478674,0,0
weekly_state_ungated,3325,2024-10-11,2024-10-21,0.0080914993282625,2024,2024-09-30,learned_vol_interaction,20260912,0.6154592441744525,0.6154592441744525,1,1
weekly_state_ungated,3330,2024-10-18,2024-10-28,0.0015733867085561,2024,2024-09-30,learned_vol_interaction,20260912,0.6984112732542341,0.6984112732542341,1,1
weekly_state_ungated,3335,2024-10-25,2024-11-04,-0.0140142824257356,2024,2024-09-30,learned_vol_interaction,20260912,0.6614014700577392,0.6614014700577392,1,0
weekly_state_ungated,3340,2024-11-01,2024-11-11,0.0434152361258277,2024,2024-09-30,learned_vol_interaction,20260912,0.6960317071765945,0.6960317071765945,1,1
weekly_state_ungated,3345,2024-11-08,2024-11-18,-0.0208584853931589,2024,2024-09-30,learned_vol_interaction,20260912,0.627992228455405,0.627992228455405,1,0
weekly_state_ungated,3350,2024-11-15,2024-11-25,-0.0267421712161923,2024,2024-09-30,learned_vol_interaction,20260912,0.600402896142829,0.600402896142829,1,0
weekly_state_ungated,3355,2024-11-22,2024-12-02,0.0087960346887328,2024,2024-09-30,learned_vol_interaction,20260912,0.6257055825822537,0.6257055825822537,1,1
weekly_state_ungated,3360,2024-11-29,2024-12-09,0.0155919891551781,2024,2024-09-30,learned_vol_interaction,20260912,0.5403979506938085,0.5403979506938085,1,1
weekly_state_ungated,3365,2024-12-06,2024-12-16,-0.0100436703218104,2024,2024-09-30,learned_vol_interaction,20260912,0.5359614220710596,0.5359614220710596,1,0
weekly_state_ungated,3370,2024-12-13,2024-12-23,-0.0006690784017421,2024,2024-09-30,learned_vol_interaction,20260912,0.4004266447398538,0.4004266447398538,0,0
weekly_state_ungated,3375,2024-12-20,2024-12-30,0.0123595076562756,2024,2024-09-30,learned_vol_interaction,20260912,0.3084987047183355,0.3084987047183355,0,1
weekly_state_ungated,3380,2024-12-27,2025-01-06,-0.0504714964669198,2024,2024-09-30,learned_vol_interaction,20260912,0.2677212776005764,0.2677212776005764,0,0
weekly_global_validated,3325,2024-10-11,2024-10-21,0.0080914993282625,2024,2024-09-30,learned_vol_interaction,20260912,0.5904289295236269,0.5904289295236269,1,1
weekly_global_validated,3330,2024-10-18,2024-10-28,0.0015733867085561,2024,2024-09-30,learned_vol_interaction,20260912,0.6759374020934941,0.6759374020934941,1,1
weekly_global_validated,3335,2024-10-25,2024-11-04,-0.0140142824257356,2024,2024-09-30,learned_vol_interaction,20260912,0.6376007449244977,0.6376007449244977,1,0
weekly_global_validated,3340,2024-11-01,2024-11-11,0.0434152361258277,2024,2024-09-30,learned_vol_interaction,20260912,0.6734634199421972,0.6734634199421972,1,1
weekly_global_validated,3345,2024-11-08,2024-11-18,-0.0208584853931589,2024,2024-09-30,learned_vol_interaction,20260912,0.6032518149110313,0.6032518149110313,1,0
weekly_global_validated,3350,2024-11-15,2024-11-25,-0.0267421712161923,2024,2024-09-30,learned_vol_interaction,20260912,0.5750691895257598,0.5750691895257598,1,0
weekly_global_validated,3355,2024-11-22,2024-12-02,0.0087960346887328,2024,2024-09-30,learned_vol_interaction,20260912,0.6009097384979328,0.6009097384979328,1,1
weekly_global_validated,3360,2024-11-29,2024-12-09,0.0155919891551781,2024,2024-09-30,learned_vol_interaction,20260912,0.5143372413535799,0.5143372413535799,1,1
weekly_global_validated,3365,2024-12-06,2024-12-16,-0.0100436703218104,2024,2024-09-30,learned_vol_interaction,20260912,0.5098773088331093,0.5098773088331093,1,0
weekly_global_validated,3370,2024-12-13,2024-12-23,-0.0006690784017421,2024,2024-09-30,learned_vol_interaction,20260912,0.3755996684315457,0.3755996684315457,0,0
weekly_global_validated,3375,2024-12-20,2024-12-30,0.0123595076562756,2024,2024-09-30,learned_vol_interaction,20260912,0.2950949462352802,0.2950949462352802,0,1
weekly_global_validated,3380,2024-12-27,2025-01-06,-0.0504714964669198,2024,2024-09-30,learned_vol_interaction,20260912,0.2554347754246879,0.2554347754246879,0,0
weekly_global_ungated,3325,2024-10-11,2024-10-21,0.0080914993282625,2024,2024-09-30,learned_vol_interaction,20260912,0.5904289295236269,0.5904289295236269,1,1
weekly_global_ungated,3330,2024-10-18,2024-10-28,0.0015733867085561,2024,2024-09-30,learned_vol_interaction,20260912,0.6759374020934941,0.6759374020934941,1,1
weekly_global_ungated,3335,2024-10-25,2024-11-04,-0.0140142824257356,2024,2024-09-30,learned_vol_interaction,20260912,0.6376007449244977,0.6376007449244977,1,0
weekly_global_ungated,3340,2024-11-01,2024-11-11,0.0434152361258277,2024,2024-09-30,learned_vol_interaction,20260912,0.6734634199421972,0.6734634199421972,1,1
weekly_global_ungated,3345,2024-11-08,2024-11-18,-0.0208584853931589,2024,2024-09-30,learned_vol_interaction,20260912,0.6032518149110313,0.6032518149110313,1,0
weekly_global_ungated,3350,2024-11-15,2024-11-25,-0.0267421712161923,2024,2024-09-30,learned_vol_interaction,20260912,0.5750691895257598,0.5750691895257598,1,0
weekly_global_ungated,3355,2024-11-22,2024-12-02,0.0087960346887328,2024,2024-09-30,learned_vol_interaction,20260912,0.6009097384979328,0.6009097384979328,1,1
weekly_global_ungated,3360,2024-11-29,2024-12-09,0.0155919891551781,2024,2024-09-30,learned_vol_interaction,20260912,0.5143372413535799,0.5143372413535799,1,1
weekly_global_ungated,3365,2024-12-06,2024-12-16,-0.0100436703218104,2024,2024-09-30,learned_vol_interaction,20260912,0.5098773088331093,0.5098773088331093,1,0
weekly_global_ungated,3370,2024-12-13,2024-12-23,-0.0006690784017421,2024,2024-09-30,learned_vol_interaction,20260912,0.3755996684315457,0.3755996684315457,0,0
weekly_global_ungated,3375,2024-12-20,2024-12-30,0.0123595076562756,2024,2024-09-30,learned_vol_interaction,20260912,0.2950949462352802,0.2950949462352802,0,1
weekly_global_ungated,3380,2024-12-27,2025-01-06,-0.0504714964669198,2024,2024-09-30,learned_vol_interaction,20260912,0.2554347754246879,0.2554347754246879,0,0
weekly_state_validated,3325,2024-10-11,2024-10-21,0.0080914993282625,2024,2024-09-30,learned_order_extension,20260910,0.5822023275306868,0.5822023275306868,1,1
weekly_state_validated,3330,2024-10-18,2024-10-28,0.0015733867085561,2024,2024-09-30,learned_order_extension,20260910,0.5714046015164417,0.5714046015164417,1,1
weekly_state_validated,3335,2024-10-25,2024-11-04,-0.0140142824257356,2024,2024-09-30,learned_order_extension,20260910,0.5699380979169686,0.5699380979169686,1,0
weekly_state_validated,3340,2024-11-01,2024-11-11,0.0434152361258277,2024,2024-09-30,learned_order_extension,20260910,0.5940299307722281,0.5940299307722281,1,1
weekly_state_validated,3345,2024-11-08,2024-11-18,-0.0208584853931589,2024,2024-09-30,learned_order_extension,20260910,0.411107283779769,0.411107283779769,0,0
weekly_state_validated,3350,2024-11-15,2024-11-25,-0.0267421712161923,2024,2024-09-30,learned_order_extension,20260910,0.39605543665647713,0.39605543665647713,0,0
weekly_state_validated,3355,2024-11-22,2024-12-02,0.0087960346887328,2024,2024-09-30,learned_order_extension,20260910,0.5115475257965196,0.5115475257965196,1,1
weekly_state_validated,3360,2024-11-29,2024-12-09,0.0155919891551781,2024,2024-09-30,learned_order_extension,20260910,0.5440391301685066,0.5440391301685066,1,1
weekly_state_validated,3365,2024-12-06,2024-12-16,-0.0100436703218104,2024,2024-09-30,learned_order_extension,20260910,0.49467283869914347,0.49467283869914347,0,0
weekly_state_validated,3370,2024-12-13,2024-12-23,-0.0006690784017421,2024,2024-09-30,learned_order_extension,20260910,0.41586894239738387,0.41586894239738387,0,0
weekly_state_validated,3375,2024-12-20,2024-12-30,0.0123595076562756,2024,2024-09-30,learned_order_extension,20260910,0.35397540001038474,0.35397540001038474,0,1
weekly_state_validated,3380,2024-12-27,2025-01-06,-0.0504714964669198,2024,2024-09-30,learned_order_extension,20260910,0.3176586272754358,0.3176586272754358,0,0
weekly_state_ungated,3325,2024-10-11,2024-10-21,0.0080914993282625,2024,2024-09-30,learned_order_extension,20260910,0.5822023275306868,0.5822023275306868,1,1
weekly_state_ungated,3330,2024-10-18,2024-10-28,0.0015733867085561,2024,2024-09-30,learned_order_extension,20260910,0.5714046015164417,0.5714046015164417,1,1
weekly_state_ungated,3335,2024-10-25,2024-11-04,-0.0140142824257356,2024,2024-09-30,learned_order_extension,20260910,0.5699380979169686,0.5699380979169686,1,0
weekly_state_ungated,3340,2024-11-01,2024-11-11,0.0434152361258277,2024,2024-09-30,learned_order_extension,20260910,0.5940299307722281,0.5940299307722281,1,1
weekly_state_ungated,3345,2024-11-08,2024-11-18,-0.0208584853931589,2024,2024-09-30,learned_order_extension,20260910,0.411107283779769,0.411107283779769,0,0
weekly_state_ungated,3350,2024-11-15,2024-11-25,-0.0267421712161923,2024,2024-09-30,learned_order_extension,20260910,0.39605543665647713,0.39605543665647713,0,0
weekly_state_ungated,3355,2024-11-22,2024-12-02,0.0087960346887328,2024,2024-09-30,learned_order_extension,20260910,0.5115475257965196,0.5115475257965196,1,1
weekly_state_ungated,3360,2024-11-29,2024-12-09,0.0155919891551781,2024,2024-09-30,learned_order_extension,20260910,0.5440391301685066,0.5440391301685066,1,1
weekly_state_ungated,3365,2024-12-06,2024-12-16,-0.0100436703218104,2024,2024-09-30,learned_order_extension,20260910,0.49467283869914347,0.49467283869914347,0,0
weekly_state_ungated,3370,2024-12-13,2024-12-23,-0.0006690784017421,2024,2024-09-30,learned_order_extension,20260910,0.41586894239738387,0.41586894239738387,0,0
weekly_state_ungated,3375,2024-12-20,2024-12-30,0.0123595076562756,2024,2024-09-30,learned_order_extension,20260910,0.3413839153314178,0.3413839153314178,0,1
weekly_state_ungated,3380,2024-12-27,2025-01-06,-0.0504714964669198,2024,2024-09-30,learned_order_extension,20260910,0.30574759015545677,0.30574759015545677,0,0
weekly_global_validated,3325,2024-10-11,2024-10-21,0.0080914993282625,2024,2024-09-30,learned_order_extension,20260910,0.5390797009718972,0.5390797009718972,1,1
weekly_global_validated,3330,2024-10-18,2024-10-28,0.0015733867085561,2024,2024-09-30,learned_order_extension,20260910,0.5280708849954966,0.5280708849954966,1,1
weekly_global_validated,3335,2024-10-25,2024-11-04,-0.0140142824257356,2024,2024-09-30,learned_order_extension,20260910,0.5265789558062074,0.5265789558062074,1,0
weekly_global_validated,3340,2024-11-01,2024-11-11,0.0434152361258277,2024,2024-09-30,learned_order_extension,20260910,0.5511869981662291,0.5511869981662291,1,1
weekly_global_validated,3345,2024-11-08,2024-11-18,-0.0208584853931589,2024,2024-09-30,learned_order_extension,20260910,0.36945111065064334,0.36945111065064334,0,0
weekly_global_validated,3350,2024-11-15,2024-11-25,-0.0267421712161923,2024,2024-09-30,learned_order_extension,20260910,0.35500500209120095,0.35500500209120095,0,0
weekly_global_validated,3355,2024-11-22,2024-12-02,0.0087960346887328,2024,2024-09-30,learned_order_extension,20260910,0.467798595568342,0.467798595568342,0,1
weekly_global_validated,3360,2024-11-29,2024-12-09,0.0155919891551781,2024,2024-09-30,learned_order_extension,20260910,0.5003579291939337,0.5003579291939337,1,1
weekly_global_validated,3365,2024-12-06,2024-12-16,-0.0100436703218104,2024,2024-09-30,learned_order_extension,20260910,0.4510344627528062,0.4510344627528062,0,0
weekly_global_validated,3370,2024-12-13,2024-12-23,-0.0006690784017421,2024,2024-09-30,learned_order_extension,20260910,0.3740367364197368,0.3740367364197368,0,0
weekly_global_validated,3375,2024-12-20,2024-12-30,0.0123595076562756,2024,2024-09-30,learned_order_extension,20260910,0.31501155949990434,0.31501155949990434,0,1
weekly_global_validated,3380,2024-12-27,2025-01-06,-0.0504714964669198,2024,2024-09-30,learned_order_extension,20260910,0.2809538268323294,0.2809538268323294,0,0
weekly_global_ungated,3325,2024-10-11,2024-10-21,0.0080914993282625,2024,2024-09-30,learned_order_extension,20260910,0.5390797009718972,0.5390797009718972,1,1
weekly_global_ungated,3330,2024-10-18,2024-10-28,0.0015733867085561,2024,2024-09-30,learned_order_extension,20260910,0.5280708849954966,0.5280708849954966,1,1
weekly_global_ungated,3335,2024-10-25,2024-11-04,-0.0140142824257356,2024,2024-09-30,learned_order_extension,20260910,0.5265789558062074,0.5265789558062074,1,0
weekly_global_ungated,3340,2024-11-01,2024-11-11,0.0434152361258277,2024,2024-09-30,learned_order_extension,20260910,0.5511869981662291,0.5511869981662291,1,1
weekly_global_ungated,3345,2024-11-08,2024-11-18,-0.0208584853931589,2024,2024-09-30,learned_order_extension,20260910,0.36945111065064334,0.36945111065064334,0,0
weekly_global_ungated,3350,2024-11-15,2024-11-25,-0.0267421712161923,2024,2024-09-30,learned_order_extension,20260910,0.35500500209120095,0.35500500209120095,0,0
weekly_global_ungated,3355,2024-11-22,2024-12-02,0.0087960346887328,2024,2024-09-30,learned_order_extension,20260910,0.467798595568342,0.467798595568342,0,1
weekly_global_ungated,3360,2024-11-29,2024-12-09,0.0155919891551781,2024,2024-09-30,learned_order_extension,20260910,0.5003579291939337,0.5003579291939337,1,1
weekly_global_ungated,3365,2024-12-06,2024-12-16,-0.0100436703218104,2024,2024-09-30,learned_order_extension,20260910,0.4510344627528062,0.4510344627528062,0,0
weekly_global_ungated,3370,2024-12-13,2024-12-23,-0.0006690784017421,2024,2024-09-30,learned_order_extension,20260910,0.3740367364197368,0.3740367364197368,0,0
weekly_global_ungated,3375,2024-12-20,2024-12-30,0.0123595076562756,2024,2024-09-30,learned_order_extension,20260910,0.31501155949990434,0.31501155949990434,0,1
weekly_global_ungated,3380,2024-12-27,2025-01-06,-0.0504714964669198,2024,2024-09-30,learned_order_extension,20260910,0.2809538268323294,0.2809538268323294,0,0
weekly_state_validated,3325,2024-10-11,2024-10-21,0.0080914993282625,2024,2024-09-30,learned_order_extension,20260911,0.6645766250551,0.6645766250551,1,1
weekly_state_validated,3330,2024-10-18,2024-10-28,0.0015733867085561,2024,2024-09-30,learned_order_extension,20260911,0.6217401283532429,0.6217401283532429,1,1
weekly_state_validated,3335,2024-10-25,2024-11-04,-0.0140142824257356,2024,2024-09-30,learned_order_extension,20260911,0.516035023904667,0.516035023904667,1,0
weekly_state_validated,3340,2024-11-01,2024-11-11,0.0434152361258277,2024,2024-09-30,learned_order_extension,20260911,0.5005097124804287,0.5005097124804287,1,1
weekly_state_validated,3345,2024-11-08,2024-11-18,-0.0208584853931589,2024,2024-09-30,learned_order_extension,20260911,0.3862789521746162,0.3862789521746162,0,0
weekly_state_validated,3350,2024-11-15,2024-11-25,-0.0267421712161923,2024,2024-09-30,learned_order_extension,20260911,0.42164042720008793,0.42164042720008793,0,0
weekly_state_validated,3355,2024-11-22,2024-12-02,0.0087960346887328,2024,2024-09-30,learned_order_extension,20260911,0.3587358053522859,0.3587358053522859,0,1
weekly_state_validated,3360,2024-11-29,2024-12-09,0.0155919891551781,2024,2024-09-30,learned_order_extension,20260911,0.5668511595937642,0.5668511595937642,1,1
weekly_state_validated,3365,2024-12-06,2024-12-16,-0.0100436703218104,2024,2024-09-30,learned_order_extension,20260911,0.4286991101928549,0.4286991101928549,0,0
weekly_state_validated,3370,2024-12-13,2024-12-23,-0.0006690784017421,2024,2024-09-30,learned_order_extension,20260911,0.2761154663058125,0.2761154663058125,0,0
weekly_state_validated,3375,2024-12-20,2024-12-30,0.0123595076562756,2024,2024-09-30,learned_order_extension,20260911,0.2681467130129062,0.2681467130129062,0,1
weekly_state_validated,3380,2024-12-27,2025-01-06,-0.0504714964669198,2024,2024-09-30,learned_order_extension,20260911,0.6253462942157451,0.6253462942157451,1,0
weekly_state_ungated,3325,2024-10-11,2024-10-21,0.0080914993282625,2024,2024-09-30,learned_order_extension,20260911,0.6645766250551,0.6645766250551,1,1
weekly_state_ungated,3330,2024-10-18,2024-10-28,0.0015733867085561,2024,2024-09-30,learned_order_extension,20260911,0.6217401283532429,0.6217401283532429,1,1
weekly_state_ungated,3335,2024-10-25,2024-11-04,-0.0140142824257356,2024,2024-09-30,learned_order_extension,20260911,0.516035023904667,0.516035023904667,1,0
weekly_state_ungated,3340,2024-11-01,2024-11-11,0.0434152361258277,2024,2024-09-30,learned_order_extension,20260911,0.5005097124804287,0.5005097124804287,1,1
weekly_state_ungated,3345,2024-11-08,2024-11-18,-0.0208584853931589,2024,2024-09-30,learned_order_extension,20260911,0.3862789521746162,0.3862789521746162,0,0
weekly_state_ungated,3350,2024-11-15,2024-11-25,-0.0267421712161923,2024,2024-09-30,learned_order_extension,20260911,0.42164042720008793,0.42164042720008793,0,0
weekly_state_ungated,3355,2024-11-22,2024-12-02,0.0087960346887328,2024,2024-09-30,learned_order_extension,20260911,0.3587358053522859,0.3587358053522859,0,1
weekly_state_ungated,3360,2024-11-29,2024-12-09,0.0155919891551781,2024,2024-09-30,learned_order_extension,20260911,0.5668511595937642,0.5668511595937642,1,1
weekly_state_ungated,3365,2024-12-06,2024-12-16,-0.0100436703218104,2024,2024-09-30,learned_order_extension,20260911,0.4286991101928549,0.4286991101928549,0,0
weekly_state_ungated,3370,2024-12-13,2024-12-23,-0.0006690784017421,2024,2024-09-30,learned_order_extension,20260911,0.2761154663058125,0.2761154663058125,0,0
weekly_state_ungated,3375,2024-12-20,2024-12-30,0.0123595076562756,2024,2024-09-30,learned_order_extension,20260911,0.25739980491080316,0.25739980491080316,0,1
weekly_state_ungated,3380,2024-12-27,2025-01-06,-0.0504714964669198,2024,2024-09-30,learned_order_extension,20260911,0.6122599842555952,0.6122599842555952,1,0
weekly_global_validated,3325,2024-10-11,2024-10-21,0.0080914993282625,2024,2024-09-30,learned_order_extension,20260911,0.621943254899413,0.621943254899413,1,1
weekly_global_validated,3330,2024-10-18,2024-10-28,0.0015733867085561,2024,2024-09-30,learned_order_extension,20260911,0.5771265648084538,0.5771265648084538,1,1
weekly_global_validated,3335,2024-10-25,2024-11-04,-0.0140142824257356,2024,2024-09-30,learned_order_extension,20260911,0.4695900816512024,0.4695900816512024,0,0
weekly_global_validated,3340,2024-11-01,2024-11-11,0.0434152361258277,2024,2024-09-30,learned_order_extension,20260911,0.45415085130564375,0.45415085130564375,0,1
weekly_global_validated,3345,2024-11-08,2024-11-18,-0.0208584853931589,2024,2024-09-30,learned_order_extension,20260911,0.34323006593204547,0.34323006593204547,0,0
weekly_global_validated,3350,2024-11-15,2024-11-25,-0.0267421712161923,2024,2024-09-30,learned_order_extension,20260911,0.37707195569684465,0.37707195569684465,0,0
weekly_global_validated,3355,2024-11-22,2024-12-02,0.0087960346887328,2024,2024-09-30,learned_order_extension,20260911,0.31717012925754595,0.31717012925754595,0,1
weekly_global_validated,3360,2024-11-29,2024-12-09,0.0155919891551781,2024,2024-09-30,learned_order_extension,20260911,0.5207538846480931,0.5207538846480931,1,1
weekly_global_validated,3365,2024-12-06,2024-12-16,-0.0100436703218104,2024,2024-09-30,learned_order_extension,20260911,0.38387974727435054,0.38387974727435054,0,0
weekly_global_validated,3370,2024-12-13,2024-12-23,-0.0006690784017421,2024,2024-09-30,learned_order_extension,20260911,0.24053203664913927,0.24053203664913927,0,0
weekly_global_validated,3375,2024-12-20,2024-12-30,0.0123595076562756,2024,2024-09-30,learned_order_extension,20260911,0.23325931346016526,0.23325931346016526,0,1
weekly_global_validated,3380,2024-12-27,2025-01-06,-0.0504714964669198,2024,2024-09-30,learned_order_extension,20260911,0.58087133521114,0.58087133521114,1,0
weekly_global_ungated,3325,2024-10-11,2024-10-21,0.0080914993282625,2024,2024-09-30,learned_order_extension,20260911,0.621943254899413,0.621943254899413,1,1
weekly_global_ungated,3330,2024-10-18,2024-10-28,0.0015733867085561,2024,2024-09-30,learned_order_extension,20260911,0.5771265648084538,0.5771265648084538,1,1
weekly_global_ungated,3335,2024-10-25,2024-11-04,-0.0140142824257356,2024,2024-09-30,learned_order_extension,20260911,0.4695900816512024,0.4695900816512024,0,0
weekly_global_ungated,3340,2024-11-01,2024-11-11,0.0434152361258277,2024,2024-09-30,learned_order_extension,20260911,0.45415085130564375,0.45415085130564375,0,1
weekly_global_ungated,3345,2024-11-08,2024-11-18,-0.0208584853931589,2024,2024-09-30,learned_order_extension,20260911,0.34323006593204547,0.34323006593204547,0,0
weekly_global_ungated,3350,2024-11-15,2024-11-25,-0.0267421712161923,2024,2024-09-30,learned_order_extension,20260911,0.37707195569684465,0.37707195569684465,0,0
weekly_global_ungated,3355,2024-11-22,2024-12-02,0.0087960346887328,2024,2024-09-30,learned_order_extension,20260911,0.31717012925754595,0.31717012925754595,0,1
weekly_global_ungated,3360,2024-11-29,2024-12-09,0.0155919891551781,2024,2024-09-30,learned_order_extension,20260911,0.5207538846480931,0.5207538846480931,1,1
weekly_global_ungated,3365,2024-12-06,2024-12-16,-0.0100436703218104,2024,2024-09-30,learned_order_extension,20260911,0.38387974727435054,0.38387974727435054,0,0
weekly_global_ungated,3370,2024-12-13,2024-12-23,-0.0006690784017421,2024,2024-09-30,learned_order_extension,20260911,0.24053203664913927,0.24053203664913927,0,0
weekly_global_ungated,3375,2024-12-20,2024-12-30,0.0123595076562756,2024,2024-09-30,learned_order_extension,20260911,0.23325931346016526,0.23325931346016526,0,1
weekly_global_ungated,3380,2024-12-27,2025-01-06,-0.0504714964669198,2024,2024-09-30,learned_order_extension,20260911,0.58087133521114,0.58087133521114,1,0
weekly_state_validated,3325,2024-10-11,2024-10-21,0.0080914993282625,2024,2024-09-30,learned_order_extension,20260912,0.5860467122529138,0.5860467122529138,1,1
weekly_state_validated,3330,2024-10-18,2024-10-28,0.0015733867085561,2024,2024-09-30,learned_order_extension,20260912,0.612479916640697,0.612479916640697,1,1
weekly_state_validated,3335,2024-10-25,2024-11-04,-0.0140142824257356,2024,2024-09-30,learned_order_extension,20260912,0.5803945500365179,0.5803945500365179,1,0
weekly_state_validated,3340,2024-11-01,2024-11-11,0.0434152361258277,2024,2024-09-30,learned_order_extension,20260912,0.5735861212793831,0.5735861212793831,1,1
weekly_state_validated,3345,2024-11-08,2024-11-18,-0.0208584853931589,2024,2024-09-30,learned_order_extension,20260912,0.5817441245707554,0.5817441245707554,1,0
weekly_state_validated,3350,2024-11-15,2024-11-25,-0.0267421712161923,2024,2024-09-30,learned_order_extension,20260912,0.566996458597694,0.566996458597694,1,0
weekly_state_validated,3355,2024-11-22,2024-12-02,0.0087960346887328,2024,2024-09-30,learned_order_extension,20260912,0.6308649379708478,0.6308649379708478,1,1
weekly_state_validated,3360,2024-11-29,2024-12-09,0.0155919891551781,2024,2024-09-30,learned_order_extension,20260912,0.5481166154807285,0.5481166154807285,1,1
weekly_state_validated,3365,2024-12-06,2024-12-16,-0.0100436703218104,2024,2024-09-30,learned_order_extension,20260912,0.5160872470925407,0.5160872470925407,1,0
weekly_state_validated,3370,2024-12-13,2024-12-23,-0.0006690784017421,2024,2024-09-30,learned_order_extension,20260912,0.3979505994458215,0.3979505994458215,0,0
weekly_state_validated,3375,2024-12-20,2024-12-30,0.0123595076562756,2024,2024-09-30,learned_order_extension,20260912,0.2883934543425278,0.2883934543425278,0,1
weekly_state_validated,3380,2024-12-27,2025-01-06,-0.0504714964669198,2024,2024-09-30,learned_order_extension,20260912,0.2139925614407288,0.2139925614407288,0,0
weekly_state_ungated,3325,2024-10-11,2024-10-21,0.0080914993282625,2024,2024-09-30,learned_order_extension,20260912,0.5860467122529138,0.5860467122529138,1,1
weekly_state_ungated,3330,2024-10-18,2024-10-28,0.0015733867085561,2024,2024-09-30,learned_order_extension,20260912,0.612479916640697,0.612479916640697,1,1
weekly_state_ungated,3335,2024-10-25,2024-11-04,-0.0140142824257356,2024,2024-09-30,learned_order_extension,20260912,0.5803945500365179,0.5803945500365179,1,0
weekly_state_ungated,3340,2024-11-01,2024-11-11,0.0434152361258277,2024,2024-09-30,learned_order_extension,20260912,0.5735861212793831,0.5735861212793831,1,1
weekly_state_ungated,3345,2024-11-08,2024-11-18,-0.0208584853931589,2024,2024-09-30,learned_order_extension,20260912,0.5817441245707554,0.5817441245707554,1,0
weekly_state_ungated,3350,2024-11-15,2024-11-25,-0.0267421712161923,2024,2024-09-30,learned_order_extension,20260912,0.566996458597694,0.566996458597694,1,0
weekly_state_ungated,3355,2024-11-22,2024-12-02,0.0087960346887328,2024,2024-09-30,learned_order_extension,20260912,0.6308649379708478,0.6308649379708478,1,1
weekly_state_ungated,3360,2024-11-29,2024-12-09,0.0155919891551781,2024,2024-09-30,learned_order_extension,20260912,0.5481166154807285,0.5481166154807285,1,1
weekly_state_ungated,3365,2024-12-06,2024-12-16,-0.0100436703218104,2024,2024-09-30,learned_order_extension,20260912,0.5160872470925407,0.5160872470925407,1,0
weekly_state_ungated,3370,2024-12-13,2024-12-23,-0.0006690784017421,2024,2024-09-30,learned_order_extension,20260912,0.3979505994458215,0.3979505994458215,0,0
weekly_state_ungated,3375,2024-12-20,2024-12-30,0.0123595076562756,2024,2024-09-30,learned_order_extension,20260912,0.28093684052305395,0.28093684052305395,0,1
weekly_state_ungated,3380,2024-12-27,2025-01-06,-0.0504714964669198,2024,2024-09-30,learned_order_extension,20260912,0.20789762464162462,0.20789762464162462,0,0
weekly_global_validated,3325,2024-10-11,2024-10-21,0.0080914993282625,2024,2024-09-30,learned_order_extension,20260912,0.5619394959288961,0.5619394959288961,1,1
weekly_global_validated,3330,2024-10-18,2024-10-28,0.0015733867085561,2024,2024-09-30,learned_order_extension,20260912,0.588832057379297,0.588832057379297,1,1
weekly_global_validated,3335,2024-10-25,2024-11-04,-0.0140142824257356,2024,2024-09-30,learned_order_extension,20260912,0.5562074343991181,0.5562074343991181,1,0
weekly_global_validated,3340,2024-11-01,2024-11-11,0.0434152361258277,2024,2024-09-30,learned_order_extension,20260912,0.5493113002896587,0.5493113002896587,1,1
weekly_global_validated,3345,2024-11-08,2024-11-18,-0.0208584853931589,2024,2024-09-30,learned_order_extension,20260912,0.5575755016764657,0.5575755016764657,1,0
weekly_global_validated,3350,2024-11-15,2024-11-25,-0.0267421712161923,2024,2024-09-30,learned_order_extension,20260912,0.5426456200352342,0.5426456200352342,1,0
weekly_global_validated,3355,2024-11-22,2024-12-02,0.0087960346887328,2024,2024-09-30,learned_order_extension,20260912,0.6076202506278778,0.6076202506278778,1,1
weekly_global_validated,3360,2024-11-29,2024-12-09,0.0155919891551781,2024,2024-09-30,learned_order_extension,20260912,0.5235961349896137,0.5235961349896137,1,1
weekly_global_validated,3365,2024-12-06,2024-12-16,-0.0100436703218104,2024,2024-09-30,learned_order_extension,20260912,0.4914413336106123,0.4914413336106123,0,0
weekly_global_validated,3370,2024-12-13,2024-12-23,-0.0006690784017421,2024,2024-09-30,learned_order_extension,20260912,0.37457933984607755,0.37457933984607755,0,0
weekly_global_validated,3375,2024-12-20,2024-12-30,0.0123595076562756,2024,2024-09-30,learned_order_extension,20260912,0.26858596545335944,0.26858596545335944,0,1
weekly_global_validated,3380,2024-12-27,2025-01-06,-0.0504714964669198,2024,2024-09-30,learned_order_extension,20260912,0.19787416193751406,0.19787416193751406,0,0
weekly_global_ungated,3325,2024-10-11,2024-10-21,0.0080914993282625,2024,2024-09-30,learned_order_extension,20260912,0.5619394959288961,0.5619394959288961,1,1
weekly_global_ungated,3330,2024-10-18,2024-10-28,0.0015733867085561,2024,2024-09-30,learned_order_extension,20260912,0.588832057379297,0.588832057379297,1,1
weekly_global_ungated,3335,2024-10-25,2024-11-04,-0.0140142824257356,2024,2024-09-30,learned_order_extension,20260912,0.5562074343991181,0.5562074343991181,1,0
weekly_global_ungated,3340,2024-11-01,2024-11-11,0.0434152361258277,2024,2024-09-30,learned_order_extension,20260912,0.5493113002896587,0.5493113002896587,1,1
weekly_global_ungated,3345,2024-11-08,2024-11-18,-0.0208584853931589,2024,2024-09-30,learned_order_extension,20260912,0.5575755016764657,0.5575755016764657,1,0
weekly_global_ungated,3350,2024-11-15,2024-11-25,-0.0267421712161923,2024,2024-09-30,learned_order_extension,20260912,0.5426456200352342,0.5426456200352342,1,0
weekly_global_ungated,3355,2024-11-22,2024-12-02,0.0087960346887328,2024,2024-09-30,learned_order_extension,20260912,0.6076202506278778,0.6076202506278778,1,1
weekly_global_ungated,3360,2024-11-29,2024-12-09,0.0155919891551781,2024,2024-09-30,learned_order_extension,20260912,0.5235961349896137,0.5235961349896137,1,1
weekly_global_ungated,3365,2024-12-06,2024-12-16,-0.0100436703218104,2024,2024-09-30,learned_order_extension,20260912,0.4914413336106123,0.4914413336106123,0,0
weekly_global_ungated,3370,2024-12-13,2024-12-23,-0.0006690784017421,2024,2024-09-30,learned_order_extension,20260912,0.37457933984607755,0.37457933984607755,0,0
weekly_global_ungated,3375,2024-12-20,2024-12-30,0.0123595076562756,2024,2024-09-30,learned_order_extension,20260912,0.26858596545335944,0.26858596545335944,0,1
weekly_global_ungated,3380,2024-12-27,2025-01-06,-0.0504714964669198,2024,2024-09-30,learned_order_extension,20260912,0.19787416193751406,0.19787416193751406,0,0
weekly_state_validated,3325,2024-10-11,2024-10-21,0.0080914993282625,2024,2024-09-30,learned_order_offset,20260910,0.5826381124149342,0.5826381124149342,1,1
weekly_state_validated,3330,2024-10-18,2024-10-28,0.0015733867085561,2024,2024-09-30,learned_order_offset,20260910,0.5719329439518137,0.5719329439518137,1,1
weekly_state_validated,3335,2024-10-25,2024-11-04,-0.0140142824257356,2024,2024-09-30,learned_order_offset,20260910,0.5699230458006388,0.5699230458006388,1,0
weekly_state_validated,3340,2024-11-01,2024-11-11,0.0434152361258277,2024,2024-09-30,learned_order_offset,20260910,0.5943872844245232,0.5943872844245232,1,1
weekly_state_validated,3345,2024-11-08,2024-11-18,-0.0208584853931589,2024,2024-09-30,learned_order_offset,20260910,0.4117587061424781,0.4117587061424781,0,0
weekly_state_validated,3350,2024-11-15,2024-11-25,-0.0267421712161923,2024,2024-09-30,learned_order_offset,20260910,0.39692557218174884,0.39692557218174884,0,0
weekly_state_validated,3355,2024-11-22,2024-12-02,0.0087960346887328,2024,2024-09-30,learned_order_offset,20260910,0.5105432513675927,0.5105432513675927,1,1
weekly_state_validated,3360,2024-11-29,2024-12-09,0.0155919891551781,2024,2024-09-30,learned_order_offset,20260910,0.5431521172921228,0.5431521172921228,1,1
weekly_state_validated,3365,2024-12-06,2024-12-16,-0.0100436703218104,2024,2024-09-30,learned_order_offset,20260910,0.4931973928594116,0.4931973928594116,0,0
weekly_state_validated,3370,2024-12-13,2024-12-23,-0.0006690784017421,2024,2024-09-30,learned_order_offset,20260910,0.4157930804208651,0.4157930804208651,0,0
weekly_state_validated,3375,2024-12-20,2024-12-30,0.0123595076562756,2024,2024-09-30,learned_order_offset,20260910,0.35365572271165413,0.35365572271165413,0,1
weekly_state_validated,3380,2024-12-27,2025-01-06,-0.0504714964669198,2024,2024-09-30,learned_order_offset,20260910,0.3182149884773887,0.3182149884773887,0,0
weekly_state_ungated,3325,2024-10-11,2024-10-21,0.0080914993282625,2024,2024-09-30,learned_order_offset,20260910,0.5826381124149342,0.5826381124149342,1,1
weekly_state_ungated,3330,2024-10-18,2024-10-28,0.0015733867085561,2024,2024-09-30,learned_order_offset,20260910,0.5719329439518137,0.5719329439518137,1,1
weekly_state_ungated,3335,2024-10-25,2024-11-04,-0.0140142824257356,2024,2024-09-30,learned_order_offset,20260910,0.5699230458006388,0.5699230458006388,1,0
weekly_state_ungated,3340,2024-11-01,2024-11-11,0.0434152361258277,2024,2024-09-30,learned_order_offset,20260910,0.5943872844245232,0.5943872844245232,1,1
weekly_state_ungated,3345,2024-11-08,2024-11-18,-0.0208584853931589,2024,2024-09-30,learned_order_offset,20260910,0.4117587061424781,0.4117587061424781,0,0
weekly_state_ungated,3350,2024-11-15,2024-11-25,-0.0267421712161923,2024,2024-09-30,learned_order_offset,20260910,0.39692557218174884,0.39692557218174884,0,0
weekly_state_ungated,3355,2024-11-22,2024-12-02,0.0087960346887328,2024,2024-09-30,learned_order_offset,20260910,0.5105432513675927,0.5105432513675927,1,1
weekly_state_ungated,3360,2024-11-29,2024-12-09,0.0155919891551781,2024,2024-09-30,learned_order_offset,20260910,0.5431521172921228,0.5431521172921228,1,1
weekly_state_ungated,3365,2024-12-06,2024-12-16,-0.0100436703218104,2024,2024-09-30,learned_order_offset,20260910,0.4931973928594116,0.4931973928594116,0,0
weekly_state_ungated,3370,2024-12-13,2024-12-23,-0.0006690784017421,2024,2024-09-30,learned_order_offset,20260910,0.4157930804208651,0.4157930804208651,0,0
weekly_state_ungated,3375,2024-12-20,2024-12-30,0.0123595076562756,2024,2024-09-30,learned_order_offset,20260910,0.3411041231396311,0.3411041231396311,0,1
weekly_state_ungated,3380,2024-12-27,2025-01-06,-0.0504714964669198,2024,2024-09-30,learned_order_offset,20260910,0.3063250881148408,0.3063250881148408,0,0
weekly_global_validated,3325,2024-10-11,2024-10-21,0.0080914993282625,2024,2024-09-30,learned_order_offset,20260910,0.5395279613973003,0.5395279613973003,1,1
weekly_global_validated,3330,2024-10-18,2024-10-28,0.0015733867085561,2024,2024-09-30,learned_order_offset,20260910,0.5286116578065855,0.5286116578065855,1,1
weekly_global_validated,3335,2024-10-25,2024-11-04,-0.0140142824257356,2024,2024-09-30,learned_order_offset,20260910,0.5265667285969132,0.5265667285969132,1,0
weekly_global_validated,3340,2024-11-01,2024-11-11,0.0434152361258277,2024,2024-09-30,learned_order_offset,20260910,0.551556651999274,0.551556651999274,1,1
weekly_global_validated,3345,2024-11-08,2024-11-18,-0.0208584853931589,2024,2024-09-30,learned_order_offset,20260910,0.3700808889035551,0.3700808889035551,0,0
weekly_global_validated,3350,2024-11-15,2024-11-25,-0.0267421712161923,2024,2024-09-30,learned_order_offset,20260910,0.35584092115691,0.35584092115691,0,0
weekly_global_validated,3355,2024-11-22,2024-12-02,0.0087960346887328,2024,2024-09-30,learned_order_offset,20260910,0.4668012057440678,0.4668012057440678,0,1
weekly_global_validated,3360,2024-11-29,2024-12-09,0.0155919891551781,2024,2024-09-30,learned_order_offset,20260910,0.49946721191390986,0.49946721191390986,0,1
weekly_global_validated,3365,2024-12-06,2024-12-16,-0.0100436703218104,2024,2024-09-30,learned_order_offset,20260910,0.4495764367604071,0.4495764367604071,0,0
weekly_global_validated,3370,2024-12-13,2024-12-23,-0.0006690784017421,2024,2024-09-30,learned_order_offset,20260910,0.37396651423135086,0.37396651423135086,0,0
weekly_global_validated,3375,2024-12-20,2024-12-30,0.0123595076562756,2024,2024-09-30,learned_order_offset,20260910,0.31471259482579206,0.31471259482579206,0,1
weekly_global_validated,3380,2024-12-27,2025-01-06,-0.0504714964669198,2024,2024-09-30,learned_order_offset,20260910,0.28147492063817947,0.28147492063817947,0,0
weekly_global_ungated,3325,2024-10-11,2024-10-21,0.0080914993282625,2024,2024-09-30,learned_order_offset,20260910,0.5395279613973003,0.5395279613973003,1,1
weekly_global_ungated,3330,2024-10-18,2024-10-28,0.0015733867085561,2024,2024-09-30,learned_order_offset,20260910,0.5286116578065855,0.5286116578065855,1,1
weekly_global_ungated,3335,2024-10-25,2024-11-04,-0.0140142824257356,2024,2024-09-30,learned_order_offset,20260910,0.5265667285969132,0.5265667285969132,1,0
weekly_global_ungated,3340,2024-11-01,2024-11-11,0.0434152361258277,2024,2024-09-30,learned_order_offset,20260910,0.551556651999274,0.551556651999274,1,1
weekly_global_ungated,3345,2024-11-08,2024-11-18,-0.0208584853931589,2024,2024-09-30,learned_order_offset,20260910,0.3700808889035551,0.3700808889035551,0,0
weekly_global_ungated,3350,2024-11-15,2024-11-25,-0.0267421712161923,2024,2024-09-30,learned_order_offset,20260910,0.35584092115691,0.35584092115691,0,0
weekly_global_ungated,3355,2024-11-22,2024-12-02,0.0087960346887328,2024,2024-09-30,learned_order_offset,20260910,0.4668012057440678,0.4668012057440678,0,1
weekly_global_ungated,3360,2024-11-29,2024-12-09,0.0155919891551781,2024,2024-09-30,learned_order_offset,20260910,0.49946721191390986,0.49946721191390986,0,1
weekly_global_ungated,3365,2024-12-06,2024-12-16,-0.0100436703218104,2024,2024-09-30,learned_order_offset,20260910,0.4495764367604071,0.4495764367604071,0,0
weekly_global_ungated,3370,2024-12-13,2024-12-23,-0.0006690784017421,2024,2024-09-30,learned_order_offset,20260910,0.37396651423135086,0.37396651423135086,0,0
weekly_global_ungated,3375,2024-12-20,2024-12-30,0.0123595076562756,2024,2024-09-30,learned_order_offset,20260910,0.31471259482579206,0.31471259482579206,0,1
weekly_global_ungated,3380,2024-12-27,2025-01-06,-0.0504714964669198,2024,2024-09-30,learned_order_offset,20260910,0.28147492063817947,0.28147492063817947,0,0
weekly_state_validated,3325,2024-10-11,2024-10-21,0.0080914993282625,2024,2024-09-30,learned_order_offset,20260911,0.6643779049639545,0.6643779049639545,1,1
weekly_state_validated,3330,2024-10-18,2024-10-28,0.0015733867085561,2024,2024-09-30,learned_order_offset,20260911,0.6227872251882844,0.6227872251882844,1,1
weekly_state_validated,3335,2024-10-25,2024-11-04,-0.0140142824257356,2024,2024-09-30,learned_order_offset,20260911,0.5165538018073565,0.5165538018073565,1,0
weekly_state_validated,3340,2024-11-01,2024-11-11,0.0434152361258277,2024,2024-09-30,learned_order_offset,20260911,0.5002268984226751,0.5002268984226751,1,1
weekly_state_validated,3345,2024-11-08,2024-11-18,-0.0208584853931589,2024,2024-09-30,learned_order_offset,20260911,0.3875660008845143,0.3875660008845143,0,0
weekly_state_validated,3350,2024-11-15,2024-11-25,-0.0267421712161923,2024,2024-09-30,learned_order_offset,20260911,0.42067738369660546,0.42067738369660546,0,0
weekly_state_validated,3355,2024-11-22,2024-12-02,0.0087960346887328,2024,2024-09-30,learned_order_offset,20260911,0.359617784320977,0.359617784320977,0,1
weekly_state_validated,3360,2024-11-29,2024-12-09,0.0155919891551781,2024,2024-09-30,learned_order_offset,20260911,0.5668993585118391,0.5668993585118391,1,1
weekly_state_validated,3365,2024-12-06,2024-12-16,-0.0100436703218104,2024,2024-09-30,learned_order_offset,20260911,0.4285689114501956,0.4285689114501956,0,0
weekly_state_validated,3370,2024-12-13,2024-12-23,-0.0006690784017421,2024,2024-09-30,learned_order_offset,20260911,0.277133608311407,0.277133608311407,0,0
weekly_state_validated,3375,2024-12-20,2024-12-30,0.0123595076562756,2024,2024-09-30,learned_order_offset,20260911,0.26960863109736993,0.26960863109736993,0,1
weekly_state_validated,3380,2024-12-27,2025-01-06,-0.0504714964669198,2024,2024-09-30,learned_order_offset,20260911,0.6241226842198904,0.6241226842198904,1,0
weekly_state_ungated,3325,2024-10-11,2024-10-21,0.0080914993282625,2024,2024-09-30,learned_order_offset,20260911,0.6643779049639545,0.6643779049639545,1,1
weekly_state_ungated,3330,2024-10-18,2024-10-28,0.0015733867085561,2024,2024-09-30,learned_order_offset,20260911,0.6227872251882844,0.6227872251882844,1,1
weekly_state_ungated,3335,2024-10-25,2024-11-04,-0.0140142824257356,2024,2024-09-30,learned_order_offset,20260911,0.5165538018073565,0.5165538018073565,1,0
weekly_state_ungated,3340,2024-11-01,2024-11-11,0.0434152361258277,2024,2024-09-30,learned_order_offset,20260911,0.5002268984226751,0.5002268984226751,1,1
weekly_state_ungated,3345,2024-11-08,2024-11-18,-0.0208584853931589,2024,2024-09-30,learned_order_offset,20260911,0.3875660008845143,0.3875660008845143,0,0
weekly_state_ungated,3350,2024-11-15,2024-11-25,-0.0267421712161923,2024,2024-09-30,learned_order_offset,20260911,0.42067738369660546,0.42067738369660546,0,0
weekly_state_ungated,3355,2024-11-22,2024-12-02,0.0087960346887328,2024,2024-09-30,learned_order_offset,20260911,0.359617784320977,0.359617784320977,0,1
weekly_state_ungated,3360,2024-11-29,2024-12-09,0.0155919891551781,2024,2024-09-30,learned_order_offset,20260911,0.5668993585118391,0.5668993585118391,1,1
weekly_state_ungated,3365,2024-12-06,2024-12-16,-0.0100436703218104,2024,2024-09-30,learned_order_offset,20260911,0.4285689114501956,0.4285689114501956,0,0
weekly_state_ungated,3370,2024-12-13,2024-12-23,-0.0006690784017421,2024,2024-09-30,learned_order_offset,20260911,0.277133608311407,0.277133608311407,0,0
weekly_state_ungated,3375,2024-12-20,2024-12-30,0.0123595076562756,2024,2024-09-30,learned_order_offset,20260911,0.2589996732295667,0.2589996732295667,0,1
weekly_state_ungated,3380,2024-12-27,2025-01-06,-0.0504714964669198,2024,2024-09-30,learned_order_offset,20260911,0.6112379837395829,0.6112379837395829,1,0
weekly_global_validated,3325,2024-10-11,2024-10-21,0.0080914993282625,2024,2024-09-30,learned_order_offset,20260911,0.6219645228926068,0.6219645228926068,1,1
weekly_global_validated,3330,2024-10-18,2024-10-28,0.0015733867085561,2024,2024-09-30,learned_order_offset,20260911,0.5784528013745643,0.5784528013745643,1,1
weekly_global_validated,3335,2024-10-25,2024-11-04,-0.0140142824257356,2024,2024-09-30,learned_order_offset,20260911,0.47035209888008184,0.47035209888008184,0,0
weekly_global_validated,3340,2024-11-01,2024-11-11,0.0434152361258277,2024,2024-09-30,learned_order_offset,20260911,0.4541137979384743,0.4541137979384743,0,1
weekly_global_validated,3345,2024-11-08,2024-11-18,-0.0208584853931589,2024,2024-09-30,learned_order_offset,20260911,0.3446759096079299,0.3446759096079299,0,0
weekly_global_validated,3350,2024-11-15,2024-11-25,-0.0267421712161923,2024,2024-09-30,learned_order_offset,20260911,0.3763749173665303,0.3763749173665303,0,0
weekly_global_validated,3355,2024-11-22,2024-12-02,0.0087960346887328,2024,2024-09-30,learned_order_offset,20260911,0.31821355666742934,0.31821355666742934,0,1
weekly_global_validated,3360,2024-11-29,2024-12-09,0.0155919891551781,2024,2024-09-30,learned_order_offset,20260911,0.5210478932442317,0.5210478932442317,1,1
weekly_global_validated,3365,2024-12-06,2024-12-16,-0.0100436703218104,2024,2024-09-30,learned_order_offset,20260911,0.3839862229387013,0.3839862229387013,0,0
weekly_global_validated,3370,2024-12-13,2024-12-23,-0.0006690784017421,2024,2024-09-30,learned_order_offset,20260911,0.24164260405003182,0.24164260405003182,0,0
weekly_global_validated,3375,2024-12-20,2024-12-30,0.0123595076562756,2024,2024-09-30,learned_order_offset,20260911,0.23476833061689845,0.23476833061689845,0,1
weekly_global_validated,3380,2024-12-27,2025-01-06,-0.0504714964669198,2024,2024-09-30,learned_order_offset,20260911,0.5798393275897044,0.5798393275897044,1,0
weekly_global_ungated,3325,2024-10-11,2024-10-21,0.0080914993282625,2024,2024-09-30,learned_order_offset,20260911,0.6219645228926068,0.6219645228926068,1,1
weekly_global_ungated,3330,2024-10-18,2024-10-28,0.0015733867085561,2024,2024-09-30,learned_order_offset,20260911,0.5784528013745643,0.5784528013745643,1,1
weekly_global_ungated,3335,2024-10-25,2024-11-04,-0.0140142824257356,2024,2024-09-30,learned_order_offset,20260911,0.47035209888008184,0.47035209888008184,0,0
weekly_global_ungated,3340,2024-11-01,2024-11-11,0.0434152361258277,2024,2024-09-30,learned_order_offset,20260911,0.4541137979384743,0.4541137979384743,0,1
weekly_global_ungated,3345,2024-11-08,2024-11-18,-0.0208584853931589,2024,2024-09-30,learned_order_offset,20260911,0.3446759096079299,0.3446759096079299,0,0
weekly_global_ungated,3350,2024-11-15,2024-11-25,-0.0267421712161923,2024,2024-09-30,learned_order_offset,20260911,0.3763749173665303,0.3763749173665303,0,0
weekly_global_ungated,3355,2024-11-22,2024-12-02,0.0087960346887328,2024,2024-09-30,learned_order_offset,20260911,0.31821355666742934,0.31821355666742934,0,1
weekly_global_ungated,3360,2024-11-29,2024-12-09,0.0155919891551781,2024,2024-09-30,learned_order_offset,20260911,0.5210478932442317,0.5210478932442317,1,1
weekly_global_ungated,3365,2024-12-06,2024-12-16,-0.0100436703218104,2024,2024-09-30,learned_order_offset,20260911,0.3839862229387013,0.3839862229387013,0,0
weekly_global_ungated,3370,2024-12-13,2024-12-23,-0.0006690784017421,2024,2024-09-30,learned_order_offset,20260911,0.24164260405003182,0.24164260405003182,0,0
weekly_global_ungated,3375,2024-12-20,2024-12-30,0.0123595076562756,2024,2024-09-30,learned_order_offset,20260911,0.23476833061689845,0.23476833061689845,0,1
weekly_global_ungated,3380,2024-12-27,2025-01-06,-0.0504714964669198,2024,2024-09-30,learned_order_offset,20260911,0.5798393275897044,0.5798393275897044,1,0
weekly_state_validated,3325,2024-10-11,2024-10-21,0.0080914993282625,2024,2024-09-30,learned_order_offset,20260912,0.5862386145900477,0.5862386145900477,1,1
weekly_state_validated,3330,2024-10-18,2024-10-28,0.0015733867085561,2024,2024-09-30,learned_order_offset,20260912,0.6125407697732707,0.6125407697732707,1,1
weekly_state_validated,3335,2024-10-25,2024-11-04,-0.0140142824257356,2024,2024-09-30,learned_order_offset,20260912,0.5782982032930605,0.5782982032930605,1,0
weekly_state_validated,3340,2024-11-01,2024-11-11,0.0434152361258277,2024,2024-09-30,learned_order_offset,20260912,0.5719000509394175,0.5719000509394175,1,1
weekly_state_validated,3345,2024-11-08,2024-11-18,-0.0208584853931589,2024,2024-09-30,learned_order_offset,20260912,0.5792076167183184,0.5792076167183184,1,0
weekly_state_validated,3350,2024-11-15,2024-11-25,-0.0267421712161923,2024,2024-09-30,learned_order_offset,20260912,0.5639088935846646,0.5639088935846646,1,0
weekly_state_validated,3355,2024-11-22,2024-12-02,0.0087960346887328,2024,2024-09-30,learned_order_offset,20260912,0.6291616290547493,0.6291616290547493,1,1
weekly_state_validated,3360,2024-11-29,2024-12-09,0.0155919891551781,2024,2024-09-30,learned_order_offset,20260912,0.5470802465571543,0.5470802465571543,1,1
weekly_state_validated,3365,2024-12-06,2024-12-16,-0.0100436703218104,2024,2024-09-30,learned_order_offset,20260912,0.5150626516103205,0.5150626516103205,1,0
weekly_state_validated,3370,2024-12-13,2024-12-23,-0.0006690784017421,2024,2024-09-30,learned_order_offset,20260912,0.3987822872324129,0.3987822872324129,0,0
weekly_state_validated,3375,2024-12-20,2024-12-30,0.0123595076562756,2024,2024-09-30,learned_order_offset,20260912,0.2901534172352464,0.2901534172352464,0,1
weekly_state_validated,3380,2024-12-27,2025-01-06,-0.0504714964669198,2024,2024-09-30,learned_order_offset,20260912,0.2168218722083948,0.2168218722083948,0,0
weekly_state_ungated,3325,2024-10-11,2024-10-21,0.0080914993282625,2024,2024-09-30,learned_order_offset,20260912,0.5862386145900477,0.5862386145900477,1,1
weekly_state_ungated,3330,2024-10-18,2024-10-28,0.0015733867085561,2024,2024-09-30,learned_order_offset,20260912,0.6125407697732707,0.6125407697732707,1,1
weekly_state_ungated,3335,2024-10-25,2024-11-04,-0.0140142824257356,2024,2024-09-30,learned_order_offset,20260912,0.5782982032930605,0.5782982032930605,1,0
weekly_state_ungated,3340,2024-11-01,2024-11-11,0.0434152361258277,2024,2024-09-30,learned_order_offset,20260912,0.5719000509394175,0.5719000509394175,1,1
weekly_state_ungated,3345,2024-11-08,2024-11-18,-0.0208584853931589,2024,2024-09-30,learned_order_offset,20260912,0.5792076167183184,0.5792076167183184,1,0
weekly_state_ungated,3350,2024-11-15,2024-11-25,-0.0267421712161923,2024,2024-09-30,learned_order_offset,20260912,0.5639088935846646,0.5639088935846646,1,0
weekly_state_ungated,3355,2024-11-22,2024-12-02,0.0087960346887328,2024,2024-09-30,learned_order_offset,20260912,0.6291616290547493,0.6291616290547493,1,1
weekly_state_ungated,3360,2024-11-29,2024-12-09,0.0155919891551781,2024,2024-09-30,learned_order_offset,20260912,0.5470802465571543,0.5470802465571543,1,1
weekly_state_ungated,3365,2024-12-06,2024-12-16,-0.0100436703218104,2024,2024-09-30,learned_order_offset,20260912,0.5150626516103205,0.5150626516103205,1,0
weekly_state_ungated,3370,2024-12-13,2024-12-23,-0.0006690784017421,2024,2024-09-30,learned_order_offset,20260912,0.3987822872324129,0.3987822872324129,0,0
weekly_state_ungated,3375,2024-12-20,2024-12-30,0.0123595076562756,2024,2024-09-30,learned_order_offset,20260912,0.28263408227940295,0.28263408227940295,0,1
weekly_state_ungated,3380,2024-12-27,2025-01-06,-0.0504714964669198,2024,2024-09-30,learned_order_offset,20260912,0.21063900735543506,0.21063900735543506,0,0
weekly_global_validated,3325,2024-10-11,2024-10-21,0.0080914993282625,2024,2024-09-30,learned_order_offset,20260912,0.561649300714018,0.561649300714018,1,1
weekly_global_validated,3330,2024-10-18,2024-10-28,0.0015733867085561,2024,2024-09-30,learned_order_offset,20260912,0.5884171452194878,0.5884171452194878,1,1
weekly_global_validated,3335,2024-10-25,2024-11-04,-0.0140142824257356,2024,2024-09-30,learned_order_offset,20260912,0.5535963302822609,0.5535963302822609,1,0
weekly_global_validated,3340,2024-11-01,2024-11-11,0.0434152361258277,2024,2024-09-30,learned_order_offset,20260912,0.5471168991806501,0.5471168991806501,1,1
weekly_global_validated,3345,2024-11-08,2024-11-18,-0.0208584853931589,2024,2024-09-30,learned_order_offset,20260912,0.554517978171352,0.554517978171352,1,0
weekly_global_validated,3350,2024-11-15,2024-11-25,-0.0267421712161923,2024,2024-09-30,learned_order_offset,20260912,0.5390360043961067,0.5390360043961067,1,0
weekly_global_validated,3355,2024-11-22,2024-12-02,0.0087960346887328,2024,2024-09-30,learned_order_offset,20260912,0.605406206269146,0.605406206269146,1,1
weekly_global_validated,3360,2024-11-29,2024-12-09,0.0155919891551781,2024,2024-09-30,learned_order_offset,20260912,0.5220610265554606,0.5220610265554606,1,1
weekly_global_validated,3365,2024-12-06,2024-12-16,-0.0100436703218104,2024,2024-09-30,learned_order_offset,20260912,0.48992380179787715,0.48992380179787715,0,0
weekly_global_validated,3370,2024-12-13,2024-12-23,-0.0006690784017421,2024,2024-09-30,learned_order_offset,20260912,0.37493086959353705,0.37493086959353705,0,0
weekly_global_validated,3375,2024-12-20,2024-12-30,0.0123595076562756,2024,2024-09-30,learned_order_offset,20260912,0.26988262803876706,0.26988262803876706,0,1
weekly_global_validated,3380,2024-12-27,2025-01-06,-0.0504714964669198,2024,2024-09-30,learned_order_offset,20260912,0.20022909911150455,0.20022909911150455,0,0
weekly_global_ungated,3325,2024-10-11,2024-10-21,0.0080914993282625,2024,2024-09-30,learned_order_offset,20260912,0.561649300714018,0.561649300714018,1,1
weekly_global_ungated,3330,2024-10-18,2024-10-28,0.0015733867085561,2024,2024-09-30,learned_order_offset,20260912,0.5884171452194878,0.5884171452194878,1,1
weekly_global_ungated,3335,2024-10-25,2024-11-04,-0.0140142824257356,2024,2024-09-30,learned_order_offset,20260912,0.5535963302822609,0.5535963302822609,1,0
weekly_global_ungated,3340,2024-11-01,2024-11-11,0.0434152361258277,2024,2024-09-30,learned_order_offset,20260912,0.5471168991806501,0.5471168991806501,1,1
weekly_global_ungated,3345,2024-11-08,2024-11-18,-0.0208584853931589,2024,2024-09-30,learned_order_offset,20260912,0.554517978171352,0.554517978171352,1,0
weekly_global_ungated,3350,2024-11-15,2024-11-25,-0.0267421712161923,2024,2024-09-30,learned_order_offset,20260912,0.5390360043961067,0.5390360043961067,1,0
weekly_global_ungated,3355,2024-11-22,2024-12-02,0.0087960346887328,2024,2024-09-30,learned_order_offset,20260912,0.605406206269146,0.605406206269146,1,1
weekly_global_ungated,3360,2024-11-29,2024-12-09,0.0155919891551781,2024,2024-09-30,learned_order_offset,20260912,0.5220610265554606,0.5220610265554606,1,1
weekly_global_ungated,3365,2024-12-06,2024-12-16,-0.0100436703218104,2024,2024-09-30,learned_order_offset,20260912,0.48992380179787715,0.48992380179787715,0,0
weekly_global_ungated,3370,2024-12-13,2024-12-23,-0.0006690784017421,2024,2024-09-30,learned_order_offset,20260912,0.37493086959353705,0.37493086959353705,0,0
weekly_global_ungated,3375,2024-12-20,2024-12-30,0.0123595076562756,2024,2024-09-30,learned_order_offset,20260912,0.26988262803876706,0.26988262803876706,0,1
weekly_global_ungated,3380,2024-12-27,2025-01-06,-0.0504714964669198,2024,2024-09-30,learned_order_offset,20260912,0.20022909911150455,0.20022909911150455,0,0
weekly_state_validated,3384,2025-01-03,2025-01-13,-0.0189486730632231,2025,2024-12-31,learned_market,20260910,0.38233645545210077,0.38233645545210077,0,0
weekly_state_validated,3389,2025-01-10,2025-01-20,0.0353251773547418,2025,2024-12-31,learned_market,20260910,0.3910227915849612,0.3910227915849612,0,1
weekly_state_validated,3394,2025-01-17,2025-01-27,0.000432821422053,2025,2024-12-31,learned_market,20260910,0.49015728346105064,0.49015728346105064,0,1
weekly_state_validated,3399,2025-01-24,2025-02-10,0.0159344898044284,2025,2024-12-31,learned_market,20260910,0.43779872313730184,0.43779872313730184,0,1
weekly_state_validated,3403,2025-02-07,2025-02-17,0.0144454990892999,2025,2024-12-31,learned_market,20260910,0.5065763414140139,0.5065763414140139,1,1
weekly_state_validated,3408,2025-02-14,2025-02-24,0.0045695818086644,2025,2024-12-31,learned_market,20260910,0.5698063647751795,0.5698063647751795,1,1
weekly_state_validated,3413,2025-02-21,2025-03-03,-0.0183210488158531,2025,2024-12-31,learned_market,20260910,0.5387747536285505,0.5387747536285505,1,0
weekly_state_validated,3418,2025-02-28,2025-03-10,0.0117650075646844,2025,2024-12-31,learned_market,20260910,0.4812656782302869,0.4812656782302869,0,1
weekly_state_validated,3423,2025-03-07,2025-03-17,0.019023819058288,2025,2024-12-31,learned_market,20260910,0.6111767156385011,0.6111767156385011,1,1
weekly_state_validated,3428,2025-03-14,2025-03-24,-0.0259983485216283,2025,2024-12-31,learned_market,20260910,0.44730435644814126,0.44730435644814126,0,0
weekly_state_validated,3433,2025-03-21,2025-03-31,-0.0025867506275359,2025,2024-12-31,learned_market,20260910,0.5315675954271929,0.5315675954271929,1,0
weekly_state_validated,3438,2025-03-28,2025-04-14,-0.0342910101946246,2025,2024-12-31,learned_market,20260910,0.7166635184412673,0.7166635184412673,1,0
weekly_state_ungated,3384,2025-01-03,2025-01-13,-0.0189486730632231,2025,2024-12-31,learned_market,20260910,0.38233645545210077,0.38233645545210077,0,0
weekly_state_ungated,3389,2025-01-10,2025-01-20,0.0353251773547418,2025,2024-12-31,learned_market,20260910,0.3910227915849612,0.3910227915849612,0,1
weekly_state_ungated,3394,2025-01-17,2025-01-27,0.000432821422053,2025,2024-12-31,learned_market,20260910,0.49015728346105064,0.49015728346105064,0,1
weekly_state_ungated,3399,2025-01-24,2025-02-10,0.0159344898044284,2025,2024-12-31,learned_market,20260910,0.43779872313730184,0.43779872313730184,0,1
weekly_state_ungated,3403,2025-02-07,2025-02-17,0.0144454990892999,2025,2024-12-31,learned_market,20260910,0.5065763414140139,0.5065763414140139,1,1
weekly_state_ungated,3408,2025-02-14,2025-02-24,0.0045695818086644,2025,2024-12-31,learned_market,20260910,0.5698063647751795,0.5698063647751795,1,1
weekly_state_ungated,3413,2025-02-21,2025-03-03,-0.0183210488158531,2025,2024-12-31,learned_market,20260910,0.5387747536285505,0.5387747536285505,1,0
weekly_state_ungated,3418,2025-02-28,2025-03-10,0.0117650075646844,2025,2024-12-31,learned_market,20260910,0.4812656782302869,0.4812656782302869,0,1
weekly_state_ungated,3423,2025-03-07,2025-03-17,0.019023819058288,2025,2024-12-31,learned_market,20260910,0.6111767156385011,0.6111767156385011,1,1
weekly_state_ungated,3428,2025-03-14,2025-03-24,-0.0259983485216283,2025,2024-12-31,learned_market,20260910,0.44730435644814126,0.44730435644814126,0,0
weekly_state_ungated,3433,2025-03-21,2025-03-31,-0.0025867506275359,2025,2024-12-31,learned_market,20260910,0.5315675954271929,0.5315675954271929,1,0
weekly_state_ungated,3438,2025-03-28,2025-04-14,-0.0342910101946246,2025,2024-12-31,learned_market,20260910,0.7166635184412673,0.7166635184412673,1,0
weekly_global_validated,3384,2025-01-03,2025-01-13,-0.0189486730632231,2025,2024-12-31,learned_market,20260910,0.38233645545210077,0.38233645545210077,0,0
weekly_global_validated,3389,2025-01-10,2025-01-20,0.0353251773547418,2025,2024-12-31,learned_market,20260910,0.3910227915849612,0.3910227915849612,0,1
weekly_global_validated,3394,2025-01-17,2025-01-27,0.000432821422053,2025,2024-12-31,learned_market,20260910,0.49015728346105064,0.49015728346105064,0,1
weekly_global_validated,3399,2025-01-24,2025-02-10,0.0159344898044284,2025,2024-12-31,learned_market,20260910,0.43779872313730184,0.43779872313730184,0,1
weekly_global_validated,3403,2025-02-07,2025-02-17,0.0144454990892999,2025,2024-12-31,learned_market,20260910,0.5065763414140139,0.5065763414140139,1,1
weekly_global_validated,3408,2025-02-14,2025-02-24,0.0045695818086644,2025,2024-12-31,learned_market,20260910,0.5698063647751795,0.5698063647751795,1,1
weekly_global_validated,3413,2025-02-21,2025-03-03,-0.0183210488158531,2025,2024-12-31,learned_market,20260910,0.5387747536285505,0.5387747536285505,1,0
weekly_global_validated,3418,2025-02-28,2025-03-10,0.0117650075646844,2025,2024-12-31,learned_market,20260910,0.4812656782302869,0.4812656782302869,0,1
weekly_global_validated,3423,2025-03-07,2025-03-17,0.019023819058288,2025,2024-12-31,learned_market,20260910,0.6111767156385011,0.6111767156385011,1,1
weekly_global_validated,3428,2025-03-14,2025-03-24,-0.0259983485216283,2025,2024-12-31,learned_market,20260910,0.44730435644814126,0.44730435644814126,0,0
weekly_global_validated,3433,2025-03-21,2025-03-31,-0.0025867506275359,2025,2024-12-31,learned_market,20260910,0.5315675954271929,0.5315675954271929,1,0
weekly_global_validated,3438,2025-03-28,2025-04-14,-0.0342910101946246,2025,2024-12-31,learned_market,20260910,0.7166635184412673,0.7166635184412673,1,0
weekly_global_ungated,3384,2025-01-03,2025-01-13,-0.0189486730632231,2025,2024-12-31,learned_market,20260910,0.38233645545210077,0.38233645545210077,0,0
weekly_global_ungated,3389,2025-01-10,2025-01-20,0.0353251773547418,2025,2024-12-31,learned_market,20260910,0.3910227915849612,0.3910227915849612,0,1
weekly_global_ungated,3394,2025-01-17,2025-01-27,0.000432821422053,2025,2024-12-31,learned_market,20260910,0.49015728346105064,0.49015728346105064,0,1
weekly_global_ungated,3399,2025-01-24,2025-02-10,0.0159344898044284,2025,2024-12-31,learned_market,20260910,0.43779872313730184,0.43779872313730184,0,1
weekly_global_ungated,3403,2025-02-07,2025-02-17,0.0144454990892999,2025,2024-12-31,learned_market,20260910,0.5065763414140139,0.5065763414140139,1,1
weekly_global_ungated,3408,2025-02-14,2025-02-24,0.0045695818086644,2025,2024-12-31,learned_market,20260910,0.5698063647751795,0.5698063647751795,1,1
weekly_global_ungated,3413,2025-02-21,2025-03-03,-0.0183210488158531,2025,2024-12-31,learned_market,20260910,0.5387747536285505,0.5387747536285505,1,0
weekly_global_ungated,3418,2025-02-28,2025-03-10,0.0117650075646844,2025,2024-12-31,learned_market,20260910,0.4812656782302869,0.4812656782302869,0,1
weekly_global_ungated,3423,2025-03-07,2025-03-17,0.019023819058288,2025,2024-12-31,learned_market,20260910,0.6111767156385011,0.6111767156385011,1,1
weekly_global_ungated,3428,2025-03-14,2025-03-24,-0.0259983485216283,2025,2024-12-31,learned_market,20260910,0.44730435644814126,0.44730435644814126,0,0
weekly_global_ungated,3433,2025-03-21,2025-03-31,-0.0025867506275359,2025,2024-12-31,learned_market,20260910,0.5315675954271929,0.5315675954271929,1,0
weekly_global_ungated,3438,2025-03-28,2025-04-14,-0.0342910101946246,2025,2024-12-31,learned_market,20260910,0.7166635184412673,0.7166635184412673,1,0
weekly_state_validated,3384,2025-01-03,2025-01-13,-0.0189486730632231,2025,2024-12-31,learned_market,20260911,0.42821132783780086,0.42821132783780086,0,0
weekly_state_validated,3389,2025-01-10,2025-01-20,0.0353251773547418,2025,2024-12-31,learned_market,20260911,0.3899957296673264,0.3899957296673264,0,1
weekly_state_validated,3394,2025-01-17,2025-01-27,0.000432821422053,2025,2024-12-31,learned_market,20260911,0.5369659260153571,0.5369659260153571,1,1
weekly_state_validated,3399,2025-01-24,2025-02-10,0.0159344898044284,2025,2024-12-31,learned_market,20260911,0.579417237715051,0.579417237715051,1,1
weekly_state_validated,3403,2025-02-07,2025-02-17,0.0144454990892999,2025,2024-12-31,learned_market,20260911,0.6179638900480853,0.6179638900480853,1,1
weekly_state_validated,3408,2025-02-14,2025-02-24,0.0045695818086644,2025,2024-12-31,learned_market,20260911,0.616114705527485,0.616114705527485,1,1
weekly_state_validated,3413,2025-02-21,2025-03-03,-0.0183210488158531,2025,2024-12-31,learned_market,20260911,0.562117179520429,0.562117179520429,1,0
weekly_state_validated,3418,2025-02-28,2025-03-10,0.0117650075646844,2025,2024-12-31,learned_market,20260911,0.5285781284571346,0.5285781284571346,1,1
weekly_state_validated,3423,2025-03-07,2025-03-17,0.019023819058288,2025,2024-12-31,learned_market,20260911,0.4669000809915797,0.4669000809915797,0,1
weekly_state_validated,3428,2025-03-14,2025-03-24,-0.0259983485216283,2025,2024-12-31,learned_market,20260911,0.5699083421091582,0.5699083421091582,1,0
weekly_state_validated,3433,2025-03-21,2025-03-31,-0.0025867506275359,2025,2024-12-31,learned_market,20260911,0.41241409635776066,0.41241409635776066,0,0
weekly_state_validated,3438,2025-03-28,2025-04-14,-0.0342910101946246,2025,2024-12-31,learned_market,20260911,0.48277123146752016,0.48277123146752016,0,0
weekly_state_ungated,3384,2025-01-03,2025-01-13,-0.0189486730632231,2025,2024-12-31,learned_market,20260911,0.42821132783780086,0.42821132783780086,0,0
weekly_state_ungated,3389,2025-01-10,2025-01-20,0.0353251773547418,2025,2024-12-31,learned_market,20260911,0.3899957296673264,0.3899957296673264,0,1
weekly_state_ungated,3394,2025-01-17,2025-01-27,0.000432821422053,2025,2024-12-31,learned_market,20260911,0.5369659260153571,0.5369659260153571,1,1
weekly_state_ungated,3399,2025-01-24,2025-02-10,0.0159344898044284,2025,2024-12-31,learned_market,20260911,0.579417237715051,0.579417237715051,1,1
weekly_state_ungated,3403,2025-02-07,2025-02-17,0.0144454990892999,2025,2024-12-31,learned_market,20260911,0.6179638900480853,0.6179638900480853,1,1
weekly_state_ungated,3408,2025-02-14,2025-02-24,0.0045695818086644,2025,2024-12-31,learned_market,20260911,0.616114705527485,0.616114705527485,1,1
weekly_state_ungated,3413,2025-02-21,2025-03-03,-0.0183210488158531,2025,2024-12-31,learned_market,20260911,0.562117179520429,0.562117179520429,1,0
weekly_state_ungated,3418,2025-02-28,2025-03-10,0.0117650075646844,2025,2024-12-31,learned_market,20260911,0.5285781284571346,0.5285781284571346,1,1
weekly_state_ungated,3423,2025-03-07,2025-03-17,0.019023819058288,2025,2024-12-31,learned_market,20260911,0.4669000809915797,0.4669000809915797,0,1
weekly_state_ungated,3428,2025-03-14,2025-03-24,-0.0259983485216283,2025,2024-12-31,learned_market,20260911,0.5699083421091582,0.5699083421091582,1,0
weekly_state_ungated,3433,2025-03-21,2025-03-31,-0.0025867506275359,2025,2024-12-31,learned_market,20260911,0.41241409635776066,0.41241409635776066,0,0
weekly_state_ungated,3438,2025-03-28,2025-04-14,-0.0342910101946246,2025,2024-12-31,learned_market,20260911,0.48277123146752016,0.48277123146752016,0,0
weekly_global_validated,3384,2025-01-03,2025-01-13,-0.0189486730632231,2025,2024-12-31,learned_market,20260911,0.42821132783780086,0.42821132783780086,0,0
weekly_global_validated,3389,2025-01-10,2025-01-20,0.0353251773547418,2025,2024-12-31,learned_market,20260911,0.3899957296673264,0.3899957296673264,0,1
weekly_global_validated,3394,2025-01-17,2025-01-27,0.000432821422053,2025,2024-12-31,learned_market,20260911,0.5369659260153571,0.5369659260153571,1,1
weekly_global_validated,3399,2025-01-24,2025-02-10,0.0159344898044284,2025,2024-12-31,learned_market,20260911,0.579417237715051,0.579417237715051,1,1
weekly_global_validated,3403,2025-02-07,2025-02-17,0.0144454990892999,2025,2024-12-31,learned_market,20260911,0.6179638900480853,0.6179638900480853,1,1
weekly_global_validated,3408,2025-02-14,2025-02-24,0.0045695818086644,2025,2024-12-31,learned_market,20260911,0.616114705527485,0.616114705527485,1,1
weekly_global_validated,3413,2025-02-21,2025-03-03,-0.0183210488158531,2025,2024-12-31,learned_market,20260911,0.562117179520429,0.562117179520429,1,0
weekly_global_validated,3418,2025-02-28,2025-03-10,0.0117650075646844,2025,2024-12-31,learned_market,20260911,0.5285781284571346,0.5285781284571346,1,1
weekly_global_validated,3423,2025-03-07,2025-03-17,0.019023819058288,2025,2024-12-31,learned_market,20260911,0.4669000809915797,0.4669000809915797,0,1
weekly_global_validated,3428,2025-03-14,2025-03-24,-0.0259983485216283,2025,2024-12-31,learned_market,20260911,0.5699083421091582,0.5699083421091582,1,0
weekly_global_validated,3433,2025-03-21,2025-03-31,-0.0025867506275359,2025,2024-12-31,learned_market,20260911,0.41241409635776066,0.41241409635776066,0,0
weekly_global_validated,3438,2025-03-28,2025-04-14,-0.0342910101946246,2025,2024-12-31,learned_market,20260911,0.48277123146752016,0.48277123146752016,0,0
weekly_global_ungated,3384,2025-01-03,2025-01-13,-0.0189486730632231,2025,2024-12-31,learned_market,20260911,0.42821132783780086,0.42821132783780086,0,0
weekly_global_ungated,3389,2025-01-10,2025-01-20,0.0353251773547418,2025,2024-12-31,learned_market,20260911,0.3899957296673264,0.3899957296673264,0,1
weekly_global_ungated,3394,2025-01-17,2025-01-27,0.000432821422053,2025,2024-12-31,learned_market,20260911,0.5369659260153571,0.5369659260153571,1,1
weekly_global_ungated,3399,2025-01-24,2025-02-10,0.0159344898044284,2025,2024-12-31,learned_market,20260911,0.579417237715051,0.579417237715051,1,1
weekly_global_ungated,3403,2025-02-07,2025-02-17,0.0144454990892999,2025,2024-12-31,learned_market,20260911,0.6179638900480853,0.6179638900480853,1,1
weekly_global_ungated,3408,2025-02-14,2025-02-24,0.0045695818086644,2025,2024-12-31,learned_market,20260911,0.616114705527485,0.616114705527485,1,1
weekly_global_ungated,3413,2025-02-21,2025-03-03,-0.0183210488158531,2025,2024-12-31,learned_market,20260911,0.562117179520429,0.562117179520429,1,0
weekly_global_ungated,3418,2025-02-28,2025-03-10,0.0117650075646844,2025,2024-12-31,learned_market,20260911,0.5285781284571346,0.5285781284571346,1,1
weekly_global_ungated,3423,2025-03-07,2025-03-17,0.019023819058288,2025,2024-12-31,learned_market,20260911,0.4669000809915797,0.4669000809915797,0,1
weekly_global_ungated,3428,2025-03-14,2025-03-24,-0.0259983485216283,2025,2024-12-31,learned_market,20260911,0.5699083421091582,0.5699083421091582,1,0
weekly_global_ungated,3433,2025-03-21,2025-03-31,-0.0025867506275359,2025,2024-12-31,learned_market,20260911,0.41241409635776066,0.41241409635776066,0,0
weekly_global_ungated,3438,2025-03-28,2025-04-14,-0.0342910101946246,2025,2024-12-31,learned_market,20260911,0.48277123146752016,0.48277123146752016,0,0
weekly_state_validated,3384,2025-01-03,2025-01-13,-0.0189486730632231,2025,2024-12-31,learned_market,20260912,0.42089025641362,0.42089025641362,0,0
weekly_state_validated,3389,2025-01-10,2025-01-20,0.0353251773547418,2025,2024-12-31,learned_market,20260912,0.6539720773420672,0.6539720773420672,1,1
weekly_state_validated,3394,2025-01-17,2025-01-27,0.000432821422053,2025,2024-12-31,learned_market,20260912,0.5597316894392553,0.5597316894392553,1,1
weekly_state_validated,3399,2025-01-24,2025-02-10,0.0159344898044284,2025,2024-12-31,learned_market,20260912,0.7143346906245566,0.7143346906245566,1,1
weekly_state_validated,3403,2025-02-07,2025-02-17,0.0144454990892999,2025,2024-12-31,learned_market,20260912,0.6628191037923492,0.6628191037923492,1,1
weekly_state_validated,3408,2025-02-14,2025-02-24,0.0045695818086644,2025,2024-12-31,learned_market,20260912,0.6357468977060057,0.6357468977060057,1,1
weekly_state_validated,3413,2025-02-21,2025-03-03,-0.0183210488158531,2025,2024-12-31,learned_market,20260912,0.3807729420629625,0.3807729420629625,0,0
weekly_state_validated,3418,2025-02-28,2025-03-10,0.0117650075646844,2025,2024-12-31,learned_market,20260912,0.5714127704615375,0.5714127704615375,1,1
weekly_state_validated,3423,2025-03-07,2025-03-17,0.019023819058288,2025,2024-12-31,learned_market,20260912,0.2731298059228326,0.2731298059228326,0,1
weekly_state_validated,3428,2025-03-14,2025-03-24,-0.0259983485216283,2025,2024-12-31,learned_market,20260912,0.696672234818679,0.696672234818679,1,0
weekly_state_validated,3433,2025-03-21,2025-03-31,-0.0025867506275359,2025,2024-12-31,learned_market,20260912,0.5676267142547179,0.5676267142547179,1,0
weekly_state_validated,3438,2025-03-28,2025-04-14,-0.0342910101946246,2025,2024-12-31,learned_market,20260912,0.560911448173473,0.560911448173473,1,0
weekly_state_ungated,3384,2025-01-03,2025-01-13,-0.0189486730632231,2025,2024-12-31,learned_market,20260912,0.42089025641362,0.42089025641362,0,0
weekly_state_ungated,3389,2025-01-10,2025-01-20,0.0353251773547418,2025,2024-12-31,learned_market,20260912,0.6539720773420672,0.6539720773420672,1,1
weekly_state_ungated,3394,2025-01-17,2025-01-27,0.000432821422053,2025,2024-12-31,learned_market,20260912,0.5597316894392553,0.5597316894392553,1,1
weekly_state_ungated,3399,2025-01-24,2025-02-10,0.0159344898044284,2025,2024-12-31,learned_market,20260912,0.7143346906245566,0.7143346906245566,1,1
weekly_state_ungated,3403,2025-02-07,2025-02-17,0.0144454990892999,2025,2024-12-31,learned_market,20260912,0.6628191037923492,0.6628191037923492,1,1
weekly_state_ungated,3408,2025-02-14,2025-02-24,0.0045695818086644,2025,2024-12-31,learned_market,20260912,0.6357468977060057,0.6357468977060057,1,1
weekly_state_ungated,3413,2025-02-21,2025-03-03,-0.0183210488158531,2025,2024-12-31,learned_market,20260912,0.3807729420629625,0.3807729420629625,0,0
weekly_state_ungated,3418,2025-02-28,2025-03-10,0.0117650075646844,2025,2024-12-31,learned_market,20260912,0.5714127704615375,0.5714127704615375,1,1
weekly_state_ungated,3423,2025-03-07,2025-03-17,0.019023819058288,2025,2024-12-31,learned_market,20260912,0.2731298059228326,0.2731298059228326,0,1
weekly_state_ungated,3428,2025-03-14,2025-03-24,-0.0259983485216283,2025,2024-12-31,learned_market,20260912,0.696672234818679,0.696672234818679,1,0
weekly_state_ungated,3433,2025-03-21,2025-03-31,-0.0025867506275359,2025,2024-12-31,learned_market,20260912,0.5676267142547179,0.5676267142547179,1,0
weekly_state_ungated,3438,2025-03-28,2025-04-14,-0.0342910101946246,2025,2024-12-31,learned_market,20260912,0.560911448173473,0.560911448173473,1,0
weekly_global_validated,3384,2025-01-03,2025-01-13,-0.0189486730632231,2025,2024-12-31,learned_market,20260912,0.42089025641362,0.42089025641362,0,0
weekly_global_validated,3389,2025-01-10,2025-01-20,0.0353251773547418,2025,2024-12-31,learned_market,20260912,0.6539720773420672,0.6539720773420672,1,1
weekly_global_validated,3394,2025-01-17,2025-01-27,0.000432821422053,2025,2024-12-31,learned_market,20260912,0.5597316894392553,0.5597316894392553,1,1
weekly_global_validated,3399,2025-01-24,2025-02-10,0.0159344898044284,2025,2024-12-31,learned_market,20260912,0.7143346906245566,0.7143346906245566,1,1
weekly_global_validated,3403,2025-02-07,2025-02-17,0.0144454990892999,2025,2024-12-31,learned_market,20260912,0.6628191037923492,0.6628191037923492,1,1
weekly_global_validated,3408,2025-02-14,2025-02-24,0.0045695818086644,2025,2024-12-31,learned_market,20260912,0.6357468977060057,0.6357468977060057,1,1
weekly_global_validated,3413,2025-02-21,2025-03-03,-0.0183210488158531,2025,2024-12-31,learned_market,20260912,0.3807729420629625,0.3807729420629625,0,0
weekly_global_validated,3418,2025-02-28,2025-03-10,0.0117650075646844,2025,2024-12-31,learned_market,20260912,0.5714127704615375,0.5714127704615375,1,1
weekly_global_validated,3423,2025-03-07,2025-03-17,0.019023819058288,2025,2024-12-31,learned_market,20260912,0.2731298059228326,0.2731298059228326,0,1
weekly_global_validated,3428,2025-03-14,2025-03-24,-0.0259983485216283,2025,2024-12-31,learned_market,20260912,0.696672234818679,0.696672234818679,1,0
weekly_global_validated,3433,2025-03-21,2025-03-31,-0.0025867506275359,2025,2024-12-31,learned_market,20260912,0.5676267142547179,0.5676267142547179,1,0
weekly_global_validated,3438,2025-03-28,2025-04-14,-0.0342910101946246,2025,2024-12-31,learned_market,20260912,0.560911448173473,0.560911448173473,1,0
weekly_global_ungated,3384,2025-01-03,2025-01-13,-0.0189486730632231,2025,2024-12-31,learned_market,20260912,0.42089025641362,0.42089025641362,0,0
weekly_global_ungated,3389,2025-01-10,2025-01-20,0.0353251773547418,2025,2024-12-31,learned_market,20260912,0.6539720773420672,0.6539720773420672,1,1
weekly_global_ungated,3394,2025-01-17,2025-01-27,0.000432821422053,2025,2024-12-31,learned_market,20260912,0.5597316894392553,0.5597316894392553,1,1
weekly_global_ungated,3399,2025-01-24,2025-02-10,0.0159344898044284,2025,2024-12-31,learned_market,20260912,0.7143346906245566,0.7143346906245566,1,1
weekly_global_ungated,3403,2025-02-07,2025-02-17,0.0144454990892999,2025,2024-12-31,learned_market,20260912,0.6628191037923492,0.6628191037923492,1,1
weekly_global_ungated,3408,2025-02-14,2025-02-24,0.0045695818086644,2025,2024-12-31,learned_market,20260912,0.6357468977060057,0.6357468977060057,1,1
weekly_global_ungated,3413,2025-02-21,2025-03-03,-0.0183210488158531,2025,2024-12-31,learned_market,20260912,0.3807729420629625,0.3807729420629625,0,0
weekly_global_ungated,3418,2025-02-28,2025-03-10,0.0117650075646844,2025,2024-12-31,learned_market,20260912,0.5714127704615375,0.5714127704615375,1,1
weekly_global_ungated,3423,2025-03-07,2025-03-17,0.019023819058288,2025,2024-12-31,learned_market,20260912,0.2731298059228326,0.2731298059228326,0,1
weekly_global_ungated,3428,2025-03-14,2025-03-24,-0.0259983485216283,2025,2024-12-31,learned_market,20260912,0.696672234818679,0.696672234818679,1,0
weekly_global_ungated,3433,2025-03-21,2025-03-31,-0.0025867506275359,2025,2024-12-31,learned_market,20260912,0.5676267142547179,0.5676267142547179,1,0
weekly_global_ungated,3438,2025-03-28,2025-04-14,-0.0342910101946246,2025,2024-12-31,learned_market,20260912,0.560911448173473,0.560911448173473,1,0
weekly_state_validated,3384,2025-01-03,2025-01-13,-0.0189486730632231,2025,2024-12-31,learned_vol_interaction,20260910,0.38666219011730185,0.38666219011730185,0,0
weekly_state_validated,3389,2025-01-10,2025-01-20,0.0353251773547418,2025,2024-12-31,learned_vol_interaction,20260910,0.3791321657754841,0.3791321657754841,0,1
weekly_state_validated,3394,2025-01-17,2025-01-27,0.000432821422053,2025,2024-12-31,learned_vol_interaction,20260910,0.4768105126561029,0.4768105126561029,0,1
weekly_state_validated,3399,2025-01-24,2025-02-10,0.0159344898044284,2025,2024-12-31,learned_vol_interaction,20260910,0.46081361135637805,0.46081361135637805,0,1
weekly_state_validated,3403,2025-02-07,2025-02-17,0.0144454990892999,2025,2024-12-31,learned_vol_interaction,20260910,0.5021249737202294,0.5021249737202294,1,1
weekly_state_validated,3408,2025-02-14,2025-02-24,0.0045695818086644,2025,2024-12-31,learned_vol_interaction,20260910,0.5796741457129003,0.5796741457129003,1,1
weekly_state_validated,3413,2025-02-21,2025-03-03,-0.0183210488158531,2025,2024-12-31,learned_vol_interaction,20260910,0.5894724308913238,0.5894724308913238,1,0
weekly_state_validated,3418,2025-02-28,2025-03-10,0.0117650075646844,2025,2024-12-31,learned_vol_interaction,20260910,0.5038224926529957,0.5038224926529957,1,1
weekly_state_validated,3423,2025-03-07,2025-03-17,0.019023819058288,2025,2024-12-31,learned_vol_interaction,20260910,0.6257731101792092,0.6257731101792092,1,1
weekly_state_validated,3428,2025-03-14,2025-03-24,-0.0259983485216283,2025,2024-12-31,learned_vol_interaction,20260910,0.44102075881393793,0.44102075881393793,0,0
weekly_state_validated,3433,2025-03-21,2025-03-31,-0.0025867506275359,2025,2024-12-31,learned_vol_interaction,20260910,0.5122265111637169,0.5122265111637169,1,0
weekly_state_validated,3438,2025-03-28,2025-04-14,-0.0342910101946246,2025,2024-12-31,learned_vol_interaction,20260910,0.7509067743034049,0.7509067743034049,1,0
weekly_state_ungated,3384,2025-01-03,2025-01-13,-0.0189486730632231,2025,2024-12-31,learned_vol_interaction,20260910,0.38666219011730185,0.38666219011730185,0,0
weekly_state_ungated,3389,2025-01-10,2025-01-20,0.0353251773547418,2025,2024-12-31,learned_vol_interaction,20260910,0.3791321657754841,0.3791321657754841,0,1
weekly_state_ungated,3394,2025-01-17,2025-01-27,0.000432821422053,2025,2024-12-31,learned_vol_interaction,20260910,0.4768105126561029,0.4768105126561029,0,1
weekly_state_ungated,3399,2025-01-24,2025-02-10,0.0159344898044284,2025,2024-12-31,learned_vol_interaction,20260910,0.46081361135637805,0.46081361135637805,0,1
weekly_state_ungated,3403,2025-02-07,2025-02-17,0.0144454990892999,2025,2024-12-31,learned_vol_interaction,20260910,0.5021249737202294,0.5021249737202294,1,1
weekly_state_ungated,3408,2025-02-14,2025-02-24,0.0045695818086644,2025,2024-12-31,learned_vol_interaction,20260910,0.5796741457129003,0.5796741457129003,1,1
weekly_state_ungated,3413,2025-02-21,2025-03-03,-0.0183210488158531,2025,2024-12-31,learned_vol_interaction,20260910,0.5894724308913238,0.5894724308913238,1,0
weekly_state_ungated,3418,2025-02-28,2025-03-10,0.0117650075646844,2025,2024-12-31,learned_vol_interaction,20260910,0.5038224926529957,0.5038224926529957,1,1
weekly_state_ungated,3423,2025-03-07,2025-03-17,0.019023819058288,2025,2024-12-31,learned_vol_interaction,20260910,0.6257731101792092,0.6257731101792092,1,1
weekly_state_ungated,3428,2025-03-14,2025-03-24,-0.0259983485216283,2025,2024-12-31,learned_vol_interaction,20260910,0.44102075881393793,0.44102075881393793,0,0
weekly_state_ungated,3433,2025-03-21,2025-03-31,-0.0025867506275359,2025,2024-12-31,learned_vol_interaction,20260910,0.5122265111637169,0.5122265111637169,1,0
weekly_state_ungated,3438,2025-03-28,2025-04-14,-0.0342910101946246,2025,2024-12-31,learned_vol_interaction,20260910,0.7509067743034049,0.7509067743034049,1,0
weekly_global_validated,3384,2025-01-03,2025-01-13,-0.0189486730632231,2025,2024-12-31,learned_vol_interaction,20260910,0.38666219011730185,0.38666219011730185,0,0
weekly_global_validated,3389,2025-01-10,2025-01-20,0.0353251773547418,2025,2024-12-31,learned_vol_interaction,20260910,0.3791321657754841,0.3791321657754841,0,1
weekly_global_validated,3394,2025-01-17,2025-01-27,0.000432821422053,2025,2024-12-31,learned_vol_interaction,20260910,0.4768105126561029,0.4768105126561029,0,1
weekly_global_validated,3399,2025-01-24,2025-02-10,0.0159344898044284,2025,2024-12-31,learned_vol_interaction,20260910,0.46081361135637805,0.46081361135637805,0,1
weekly_global_validated,3403,2025-02-07,2025-02-17,0.0144454990892999,2025,2024-12-31,learned_vol_interaction,20260910,0.5021249737202294,0.5021249737202294,1,1
weekly_global_validated,3408,2025-02-14,2025-02-24,0.0045695818086644,2025,2024-12-31,learned_vol_interaction,20260910,0.5796741457129003,0.5796741457129003,1,1
weekly_global_validated,3413,2025-02-21,2025-03-03,-0.0183210488158531,2025,2024-12-31,learned_vol_interaction,20260910,0.5894724308913238,0.5894724308913238,1,0
weekly_global_validated,3418,2025-02-28,2025-03-10,0.0117650075646844,2025,2024-12-31,learned_vol_interaction,20260910,0.5038224926529957,0.5038224926529957,1,1
weekly_global_validated,3423,2025-03-07,2025-03-17,0.019023819058288,2025,2024-12-31,learned_vol_interaction,20260910,0.6257731101792092,0.6257731101792092,1,1
weekly_global_validated,3428,2025-03-14,2025-03-24,-0.0259983485216283,2025,2024-12-31,learned_vol_interaction,20260910,0.44102075881393793,0.44102075881393793,0,0
weekly_global_validated,3433,2025-03-21,2025-03-31,-0.0025867506275359,2025,2024-12-31,learned_vol_interaction,20260910,0.5122265111637169,0.5122265111637169,1,0
weekly_global_validated,3438,2025-03-28,2025-04-14,-0.0342910101946246,2025,2024-12-31,learned_vol_interaction,20260910,0.7509067743034049,0.7509067743034049,1,0
weekly_global_ungated,3384,2025-01-03,2025-01-13,-0.0189486730632231,2025,2024-12-31,learned_vol_interaction,20260910,0.38666219011730185,0.38666219011730185,0,0
weekly_global_ungated,3389,2025-01-10,2025-01-20,0.0353251773547418,2025,2024-12-31,learned_vol_interaction,20260910,0.3791321657754841,0.3791321657754841,0,1
weekly_global_ungated,3394,2025-01-17,2025-01-27,0.000432821422053,2025,2024-12-31,learned_vol_interaction,20260910,0.4768105126561029,0.4768105126561029,0,1
weekly_global_ungated,3399,2025-01-24,2025-02-10,0.0159344898044284,2025,2024-12-31,learned_vol_interaction,20260910,0.46081361135637805,0.46081361135637805,0,1
weekly_global_ungated,3403,2025-02-07,2025-02-17,0.0144454990892999,2025,2024-12-31,learned_vol_interaction,20260910,0.5021249737202294,0.5021249737202294,1,1
weekly_global_ungated,3408,2025-02-14,2025-02-24,0.0045695818086644,2025,2024-12-31,learned_vol_interaction,20260910,0.5796741457129003,0.5796741457129003,1,1
weekly_global_ungated,3413,2025-02-21,2025-03-03,-0.0183210488158531,2025,2024-12-31,learned_vol_interaction,20260910,0.5894724308913238,0.5894724308913238,1,0
weekly_global_ungated,3418,2025-02-28,2025-03-10,0.0117650075646844,2025,2024-12-31,learned_vol_interaction,20260910,0.5038224926529957,0.5038224926529957,1,1
weekly_global_ungated,3423,2025-03-07,2025-03-17,0.019023819058288,2025,2024-12-31,learned_vol_interaction,20260910,0.6257731101792092,0.6257731101792092,1,1
weekly_global_ungated,3428,2025-03-14,2025-03-24,-0.0259983485216283,2025,2024-12-31,learned_vol_interaction,20260910,0.44102075881393793,0.44102075881393793,0,0
weekly_global_ungated,3433,2025-03-21,2025-03-31,-0.0025867506275359,2025,2024-12-31,learned_vol_interaction,20260910,0.5122265111637169,0.5122265111637169,1,0
weekly_global_ungated,3438,2025-03-28,2025-04-14,-0.0342910101946246,2025,2024-12-31,learned_vol_interaction,20260910,0.7509067743034049,0.7509067743034049,1,0
weekly_state_validated,3384,2025-01-03,2025-01-13,-0.0189486730632231,2025,2024-12-31,learned_vol_interaction,20260911,0.4305231359543153,0.4305231359543153,0,0
weekly_state_validated,3389,2025-01-10,2025-01-20,0.0353251773547418,2025,2024-12-31,learned_vol_interaction,20260911,0.38884089510088987,0.38884089510088987,0,1
weekly_state_validated,3394,2025-01-17,2025-01-27,0.000432821422053,2025,2024-12-31,learned_vol_interaction,20260911,0.5344292773183893,0.5344292773183893,1,1
weekly_state_validated,3399,2025-01-24,2025-02-10,0.0159344898044284,2025,2024-12-31,learned_vol_interaction,20260911,0.5733087009015438,0.5733087009015438,1,1
weekly_state_validated,3403,2025-02-07,2025-02-17,0.0144454990892999,2025,2024-12-31,learned_vol_interaction,20260911,0.6229730094392066,0.6229730094392066,1,1
weekly_state_validated,3408,2025-02-14,2025-02-24,0.0045695818086644,2025,2024-12-31,learned_vol_interaction,20260911,0.6249392220388966,0.6249392220388966,1,1
weekly_state_validated,3413,2025-02-21,2025-03-03,-0.0183210488158531,2025,2024-12-31,learned_vol_interaction,20260911,0.5770853748295083,0.5770853748295083,1,0
weekly_state_validated,3418,2025-02-28,2025-03-10,0.0117650075646844,2025,2024-12-31,learned_vol_interaction,20260911,0.5320196258694382,0.5320196258694382,1,1
weekly_state_validated,3423,2025-03-07,2025-03-17,0.019023819058288,2025,2024-12-31,learned_vol_interaction,20260911,0.4709950343968562,0.4709950343968562,0,1
weekly_state_validated,3428,2025-03-14,2025-03-24,-0.0259983485216283,2025,2024-12-31,learned_vol_interaction,20260911,0.5689479286300063,0.5689479286300063,1,0
weekly_state_validated,3433,2025-03-21,2025-03-31,-0.0025867506275359,2025,2024-12-31,learned_vol_interaction,20260911,0.4073280883173269,0.4073280883173269,0,0
weekly_state_validated,3438,2025-03-28,2025-04-14,-0.0342910101946246,2025,2024-12-31,learned_vol_interaction,20260911,0.4833458290624725,0.4833458290624725,0,0
weekly_state_ungated,3384,2025-01-03,2025-01-13,-0.0189486730632231,2025,2024-12-31,learned_vol_interaction,20260911,0.4305231359543153,0.4305231359543153,0,0
weekly_state_ungated,3389,2025-01-10,2025-01-20,0.0353251773547418,2025,2024-12-31,learned_vol_interaction,20260911,0.38884089510088987,0.38884089510088987,0,1
weekly_state_ungated,3394,2025-01-17,2025-01-27,0.000432821422053,2025,2024-12-31,learned_vol_interaction,20260911,0.5344292773183893,0.5344292773183893,1,1
weekly_state_ungated,3399,2025-01-24,2025-02-10,0.0159344898044284,2025,2024-12-31,learned_vol_interaction,20260911,0.5733087009015438,0.5733087009015438,1,1
weekly_state_ungated,3403,2025-02-07,2025-02-17,0.0144454990892999,2025,2024-12-31,learned_vol_interaction,20260911,0.6229730094392066,0.6229730094392066,1,1
weekly_state_ungated,3408,2025-02-14,2025-02-24,0.0045695818086644,2025,2024-12-31,learned_vol_interaction,20260911,0.6249392220388966,0.6249392220388966,1,1
weekly_state_ungated,3413,2025-02-21,2025-03-03,-0.0183210488158531,2025,2024-12-31,learned_vol_interaction,20260911,0.5770853748295083,0.5770853748295083,1,0
weekly_state_ungated,3418,2025-02-28,2025-03-10,0.0117650075646844,2025,2024-12-31,learned_vol_interaction,20260911,0.5320196258694382,0.5320196258694382,1,1
weekly_state_ungated,3423,2025-03-07,2025-03-17,0.019023819058288,2025,2024-12-31,learned_vol_interaction,20260911,0.4709950343968562,0.4709950343968562,0,1
weekly_state_ungated,3428,2025-03-14,2025-03-24,-0.0259983485216283,2025,2024-12-31,learned_vol_interaction,20260911,0.5689479286300063,0.5689479286300063,1,0
weekly_state_ungated,3433,2025-03-21,2025-03-31,-0.0025867506275359,2025,2024-12-31,learned_vol_interaction,20260911,0.4073280883173269,0.4073280883173269,0,0
weekly_state_ungated,3438,2025-03-28,2025-04-14,-0.0342910101946246,2025,2024-12-31,learned_vol_interaction,20260911,0.4833458290624725,0.4833458290624725,0,0
weekly_global_validated,3384,2025-01-03,2025-01-13,-0.0189486730632231,2025,2024-12-31,learned_vol_interaction,20260911,0.4305231359543153,0.4305231359543153,0,0
weekly_global_validated,3389,2025-01-10,2025-01-20,0.0353251773547418,2025,2024-12-31,learned_vol_interaction,20260911,0.38884089510088987,0.38884089510088987,0,1
weekly_global_validated,3394,2025-01-17,2025-01-27,0.000432821422053,2025,2024-12-31,learned_vol_interaction,20260911,0.5344292773183893,0.5344292773183893,1,1
weekly_global_validated,3399,2025-01-24,2025-02-10,0.0159344898044284,2025,2024-12-31,learned_vol_interaction,20260911,0.5733087009015438,0.5733087009015438,1,1
weekly_global_validated,3403,2025-02-07,2025-02-17,0.0144454990892999,2025,2024-12-31,learned_vol_interaction,20260911,0.6229730094392066,0.6229730094392066,1,1
weekly_global_validated,3408,2025-02-14,2025-02-24,0.0045695818086644,2025,2024-12-31,learned_vol_interaction,20260911,0.6249392220388966,0.6249392220388966,1,1
weekly_global_validated,3413,2025-02-21,2025-03-03,-0.0183210488158531,2025,2024-12-31,learned_vol_interaction,20260911,0.5770853748295083,0.5770853748295083,1,0
weekly_global_validated,3418,2025-02-28,2025-03-10,0.0117650075646844,2025,2024-12-31,learned_vol_interaction,20260911,0.5320196258694382,0.5320196258694382,1,1
weekly_global_validated,3423,2025-03-07,2025-03-17,0.019023819058288,2025,2024-12-31,learned_vol_interaction,20260911,0.4709950343968562,0.4709950343968562,0,1
weekly_global_validated,3428,2025-03-14,2025-03-24,-0.0259983485216283,2025,2024-12-31,learned_vol_interaction,20260911,0.5689479286300063,0.5689479286300063,1,0
weekly_global_validated,3433,2025-03-21,2025-03-31,-0.0025867506275359,2025,2024-12-31,learned_vol_interaction,20260911,0.4073280883173269,0.4073280883173269,0,0
weekly_global_validated,3438,2025-03-28,2025-04-14,-0.0342910101946246,2025,2024-12-31,learned_vol_interaction,20260911,0.4833458290624725,0.4833458290624725,0,0
weekly_global_ungated,3384,2025-01-03,2025-01-13,-0.0189486730632231,2025,2024-12-31,learned_vol_interaction,20260911,0.4305231359543153,0.4305231359543153,0,0
weekly_global_ungated,3389,2025-01-10,2025-01-20,0.0353251773547418,2025,2024-12-31,learned_vol_interaction,20260911,0.38884089510088987,0.38884089510088987,0,1
weekly_global_ungated,3394,2025-01-17,2025-01-27,0.000432821422053,2025,2024-12-31,learned_vol_interaction,20260911,0.5344292773183893,0.5344292773183893,1,1
weekly_global_ungated,3399,2025-01-24,2025-02-10,0.0159344898044284,2025,2024-12-31,learned_vol_interaction,20260911,0.5733087009015438,0.5733087009015438,1,1
weekly_global_ungated,3403,2025-02-07,2025-02-17,0.0144454990892999,2025,2024-12-31,learned_vol_interaction,20260911,0.6229730094392066,0.6229730094392066,1,1
weekly_global_ungated,3408,2025-02-14,2025-02-24,0.0045695818086644,2025,2024-12-31,learned_vol_interaction,20260911,0.6249392220388966,0.6249392220388966,1,1
weekly_global_ungated,3413,2025-02-21,2025-03-03,-0.0183210488158531,2025,2024-12-31,learned_vol_interaction,20260911,0.5770853748295083,0.5770853748295083,1,0
weekly_global_ungated,3418,2025-02-28,2025-03-10,0.0117650075646844,2025,2024-12-31,learned_vol_interaction,20260911,0.5320196258694382,0.5320196258694382,1,1
weekly_global_ungated,3423,2025-03-07,2025-03-17,0.019023819058288,2025,2024-12-31,learned_vol_interaction,20260911,0.4709950343968562,0.4709950343968562,0,1
weekly_global_ungated,3428,2025-03-14,2025-03-24,-0.0259983485216283,2025,2024-12-31,learned_vol_interaction,20260911,0.5689479286300063,0.5689479286300063,1,0
weekly_global_ungated,3433,2025-03-21,2025-03-31,-0.0025867506275359,2025,2024-12-31,learned_vol_interaction,20260911,0.4073280883173269,0.4073280883173269,0,0
weekly_global_ungated,3438,2025-03-28,2025-04-14,-0.0342910101946246,2025,2024-12-31,learned_vol_interaction,20260911,0.4833458290624725,0.4833458290624725,0,0
weekly_state_validated,3384,2025-01-03,2025-01-13,-0.0189486730632231,2025,2024-12-31,learned_vol_interaction,20260912,0.4216991098514313,0.4216991098514313,0,0
weekly_state_validated,3389,2025-01-10,2025-01-20,0.0353251773547418,2025,2024-12-31,learned_vol_interaction,20260912,0.6572683815072808,0.6572683815072808,1,1
weekly_state_validated,3394,2025-01-17,2025-01-27,0.000432821422053,2025,2024-12-31,learned_vol_interaction,20260912,0.5624117839252505,0.5624117839252505,1,1
weekly_state_validated,3399,2025-01-24,2025-02-10,0.0159344898044284,2025,2024-12-31,learned_vol_interaction,20260912,0.7143566519320824,0.7143566519320824,1,1
weekly_state_validated,3403,2025-02-07,2025-02-17,0.0144454990892999,2025,2024-12-31,learned_vol_interaction,20260912,0.6656753647706254,0.6656753647706254,1,1
weekly_state_validated,3408,2025-02-14,2025-02-24,0.0045695818086644,2025,2024-12-31,learned_vol_interaction,20260912,0.6366748986711647,0.6366748986711647,1,1
weekly_state_validated,3413,2025-02-21,2025-03-03,-0.0183210488158531,2025,2024-12-31,learned_vol_interaction,20260912,0.3758479309011285,0.3758479309011285,0,0
weekly_state_validated,3418,2025-02-28,2025-03-10,0.0117650075646844,2025,2024-12-31,learned_vol_interaction,20260912,0.5709205167438731,0.5709205167438731,1,1
weekly_state_validated,3423,2025-03-07,2025-03-17,0.019023819058288,2025,2024-12-31,learned_vol_interaction,20260912,0.2697314685006311,0.2697314685006311,0,1
weekly_state_validated,3428,2025-03-14,2025-03-24,-0.0259983485216283,2025,2024-12-31,learned_vol_interaction,20260912,0.6971511109958376,0.6971511109958376,1,0
weekly_state_validated,3433,2025-03-21,2025-03-31,-0.0025867506275359,2025,2024-12-31,learned_vol_interaction,20260912,0.5692380331101397,0.5692380331101397,1,0
weekly_state_validated,3438,2025-03-28,2025-04-14,-0.0342910101946246,2025,2024-12-31,learned_vol_interaction,20260912,0.5653548865619433,0.5653548865619433,1,0
weekly_state_ungated,3384,2025-01-03,2025-01-13,-0.0189486730632231,2025,2024-12-31,learned_vol_interaction,20260912,0.4216991098514313,0.4216991098514313,0,0
weekly_state_ungated,3389,2025-01-10,2025-01-20,0.0353251773547418,2025,2024-12-31,learned_vol_interaction,20260912,0.6572683815072808,0.6572683815072808,1,1
weekly_state_ungated,3394,2025-01-17,2025-01-27,0.000432821422053,2025,2024-12-31,learned_vol_interaction,20260912,0.5624117839252505,0.5624117839252505,1,1
weekly_state_ungated,3399,2025-01-24,2025-02-10,0.0159344898044284,2025,2024-12-31,learned_vol_interaction,20260912,0.7143566519320824,0.7143566519320824,1,1
weekly_state_ungated,3403,2025-02-07,2025-02-17,0.0144454990892999,2025,2024-12-31,learned_vol_interaction,20260912,0.6656753647706254,0.6656753647706254,1,1
weekly_state_ungated,3408,2025-02-14,2025-02-24,0.0045695818086644,2025,2024-12-31,learned_vol_interaction,20260912,0.6366748986711647,0.6366748986711647,1,1
weekly_state_ungated,3413,2025-02-21,2025-03-03,-0.0183210488158531,2025,2024-12-31,learned_vol_interaction,20260912,0.3758479309011285,0.3758479309011285,0,0
weekly_state_ungated,3418,2025-02-28,2025-03-10,0.0117650075646844,2025,2024-12-31,learned_vol_interaction,20260912,0.5709205167438731,0.5709205167438731,1,1
weekly_state_ungated,3423,2025-03-07,2025-03-17,0.019023819058288,2025,2024-12-31,learned_vol_interaction,20260912,0.2697314685006311,0.2697314685006311,0,1
weekly_state_ungated,3428,2025-03-14,2025-03-24,-0.0259983485216283,2025,2024-12-31,learned_vol_interaction,20260912,0.6971511109958376,0.6971511109958376,1,0
weekly_state_ungated,3433,2025-03-21,2025-03-31,-0.0025867506275359,2025,2024-12-31,learned_vol_interaction,20260912,0.5692380331101397,0.5692380331101397,1,0
weekly_state_ungated,3438,2025-03-28,2025-04-14,-0.0342910101946246,2025,2024-12-31,learned_vol_interaction,20260912,0.5653548865619433,0.5653548865619433,1,0
weekly_global_validated,3384,2025-01-03,2025-01-13,-0.0189486730632231,2025,2024-12-31,learned_vol_interaction,20260912,0.4216991098514313,0.4216991098514313,0,0
weekly_global_validated,3389,2025-01-10,2025-01-20,0.0353251773547418,2025,2024-12-31,learned_vol_interaction,20260912,0.6572683815072808,0.6572683815072808,1,1
weekly_global_validated,3394,2025-01-17,2025-01-27,0.000432821422053,2025,2024-12-31,learned_vol_interaction,20260912,0.5624117839252505,0.5624117839252505,1,1
weekly_global_validated,3399,2025-01-24,2025-02-10,0.0159344898044284,2025,2024-12-31,learned_vol_interaction,20260912,0.7143566519320824,0.7143566519320824,1,1
weekly_global_validated,3403,2025-02-07,2025-02-17,0.0144454990892999,2025,2024-12-31,learned_vol_interaction,20260912,0.6656753647706254,0.6656753647706254,1,1
weekly_global_validated,3408,2025-02-14,2025-02-24,0.0045695818086644,2025,2024-12-31,learned_vol_interaction,20260912,0.6366748986711647,0.6366748986711647,1,1
weekly_global_validated,3413,2025-02-21,2025-03-03,-0.0183210488158531,2025,2024-12-31,learned_vol_interaction,20260912,0.3758479309011285,0.3758479309011285,0,0
weekly_global_validated,3418,2025-02-28,2025-03-10,0.0117650075646844,2025,2024-12-31,learned_vol_interaction,20260912,0.5709205167438731,0.5709205167438731,1,1
weekly_global_validated,3423,2025-03-07,2025-03-17,0.019023819058288,2025,2024-12-31,learned_vol_interaction,20260912,0.2697314685006311,0.2697314685006311,0,1
weekly_global_validated,3428,2025-03-14,2025-03-24,-0.0259983485216283,2025,2024-12-31,learned_vol_interaction,20260912,0.6971511109958376,0.6971511109958376,1,0
weekly_global_validated,3433,2025-03-21,2025-03-31,-0.0025867506275359,2025,2024-12-31,learned_vol_interaction,20260912,0.5692380331101397,0.5692380331101397,1,0
weekly_global_validated,3438,2025-03-28,2025-04-14,-0.0342910101946246,2025,2024-12-31,learned_vol_interaction,20260912,0.5653548865619433,0.5653548865619433,1,0
weekly_global_ungated,3384,2025-01-03,2025-01-13,-0.0189486730632231,2025,2024-12-31,learned_vol_interaction,20260912,0.4216991098514313,0.4216991098514313,0,0
weekly_global_ungated,3389,2025-01-10,2025-01-20,0.0353251773547418,2025,2024-12-31,learned_vol_interaction,20260912,0.6572683815072808,0.6572683815072808,1,1
weekly_global_ungated,3394,2025-01-17,2025-01-27,0.000432821422053,2025,2024-12-31,learned_vol_interaction,20260912,0.5624117839252505,0.5624117839252505,1,1
weekly_global_ungated,3399,2025-01-24,2025-02-10,0.0159344898044284,2025,2024-12-31,learned_vol_interaction,20260912,0.7143566519320824,0.7143566519320824,1,1
weekly_global_ungated,3403,2025-02-07,2025-02-17,0.0144454990892999,2025,2024-12-31,learned_vol_interaction,20260912,0.6656753647706254,0.6656753647706254,1,1
weekly_global_ungated,3408,2025-02-14,2025-02-24,0.0045695818086644,2025,2024-12-31,learned_vol_interaction,20260912,0.6366748986711647,0.6366748986711647,1,1
weekly_global_ungated,3413,2025-02-21,2025-03-03,-0.0183210488158531,2025,2024-12-31,learned_vol_interaction,20260912,0.3758479309011285,0.3758479309011285,0,0
weekly_global_ungated,3418,2025-02-28,2025-03-10,0.0117650075646844,2025,2024-12-31,learned_vol_interaction,20260912,0.5709205167438731,0.5709205167438731,1,1
weekly_global_ungated,3423,2025-03-07,2025-03-17,0.019023819058288,2025,2024-12-31,learned_vol_interaction,20260912,0.2697314685006311,0.2697314685006311,0,1
weekly_global_ungated,3428,2025-03-14,2025-03-24,-0.0259983485216283,2025,2024-12-31,learned_vol_interaction,20260912,0.6971511109958376,0.6971511109958376,1,0
weekly_global_ungated,3433,2025-03-21,2025-03-31,-0.0025867506275359,2025,2024-12-31,learned_vol_interaction,20260912,0.5692380331101397,0.5692380331101397,1,0
weekly_global_ungated,3438,2025-03-28,2025-04-14,-0.0342910101946246,2025,2024-12-31,learned_vol_interaction,20260912,0.5653548865619433,0.5653548865619433,1,0
weekly_state_validated,3384,2025-01-03,2025-01-13,-0.0189486730632231,2025,2024-12-31,learned_order_extension,20260910,0.36600157937330885,0.36600157937330885,0,0
weekly_state_validated,3389,2025-01-10,2025-01-20,0.0353251773547418,2025,2024-12-31,learned_order_extension,20260910,0.35256611690823136,0.35256611690823136,0,1
weekly_state_validated,3394,2025-01-17,2025-01-27,0.000432821422053,2025,2024-12-31,learned_order_extension,20260910,0.48744472138871614,0.48744472138871614,0,1
weekly_state_validated,3399,2025-01-24,2025-02-10,0.0159344898044284,2025,2024-12-31,learned_order_extension,20260910,0.4710830358173244,0.4710830358173244,0,1
weekly_state_validated,3403,2025-02-07,2025-02-17,0.0144454990892999,2025,2024-12-31,learned_order_extension,20260910,0.5229042647242248,0.5229042647242248,1,1
weekly_state_validated,3408,2025-02-14,2025-02-24,0.0045695818086644,2025,2024-12-31,learned_order_extension,20260910,0.5778482952092869,0.5778482952092869,1,1
weekly_state_validated,3413,2025-02-21,2025-03-03,-0.0183210488158531,2025,2024-12-31,learned_order_extension,20260910,0.6398652110146743,0.6398652110146743,1,0
weekly_state_validated,3418,2025-02-28,2025-03-10,0.0117650075646844,2025,2024-12-31,learned_order_extension,20260910,0.5091435465758709,0.5091435465758709,1,1
weekly_state_validated,3423,2025-03-07,2025-03-17,0.019023819058288,2025,2024-12-31,learned_order_extension,20260910,0.6768915881499589,0.6768915881499589,1,1
weekly_state_validated,3428,2025-03-14,2025-03-24,-0.0259983485216283,2025,2024-12-31,learned_order_extension,20260910,0.45607712059245215,0.45607712059245215,0,0
weekly_state_validated,3433,2025-03-21,2025-03-31,-0.0025867506275359,2025,2024-12-31,learned_order_extension,20260910,0.5368074346463041,0.5368074346463041,1,0
weekly_state_validated,3438,2025-03-28,2025-04-14,-0.0342910101946246,2025,2024-12-31,learned_order_extension,20260910,0.8368647681799748,0.8368647681799748,1,0
weekly_state_ungated,3384,2025-01-03,2025-01-13,-0.0189486730632231,2025,2024-12-31,learned_order_extension,20260910,0.36600157937330885,0.36600157937330885,0,0
weekly_state_ungated,3389,2025-01-10,2025-01-20,0.0353251773547418,2025,2024-12-31,learned_order_extension,20260910,0.35256611690823136,0.35256611690823136,0,1
weekly_state_ungated,3394,2025-01-17,2025-01-27,0.000432821422053,2025,2024-12-31,learned_order_extension,20260910,0.48744472138871614,0.48744472138871614,0,1
weekly_state_ungated,3399,2025-01-24,2025-02-10,0.0159344898044284,2025,2024-12-31,learned_order_extension,20260910,0.4710830358173244,0.4710830358173244,0,1
weekly_state_ungated,3403,2025-02-07,2025-02-17,0.0144454990892999,2025,2024-12-31,learned_order_extension,20260910,0.5229042647242248,0.5229042647242248,1,1
weekly_state_ungated,3408,2025-02-14,2025-02-24,0.0045695818086644,2025,2024-12-31,learned_order_extension,20260910,0.5778482952092869,0.5778482952092869,1,1
weekly_state_ungated,3413,2025-02-21,2025-03-03,-0.0183210488158531,2025,2024-12-31,learned_order_extension,20260910,0.6398652110146743,0.6398652110146743,1,0
weekly_state_ungated,3418,2025-02-28,2025-03-10,0.0117650075646844,2025,2024-12-31,learned_order_extension,20260910,0.5091435465758709,0.5091435465758709,1,1
weekly_state_ungated,3423,2025-03-07,2025-03-17,0.019023819058288,2025,2024-12-31,learned_order_extension,20260910,0.6768915881499589,0.6768915881499589,1,1
weekly_state_ungated,3428,2025-03-14,2025-03-24,-0.0259983485216283,2025,2024-12-31,learned_order_extension,20260910,0.45607712059245215,0.45607712059245215,0,0
weekly_state_ungated,3433,2025-03-21,2025-03-31,-0.0025867506275359,2025,2024-12-31,learned_order_extension,20260910,0.5368074346463041,0.5368074346463041,1,0
weekly_state_ungated,3438,2025-03-28,2025-04-14,-0.0342910101946246,2025,2024-12-31,learned_order_extension,20260910,0.8368647681799748,0.8368647681799748,1,0
weekly_global_validated,3384,2025-01-03,2025-01-13,-0.0189486730632231,2025,2024-12-31,learned_order_extension,20260910,0.36600157937330885,0.36600157937330885,0,0
weekly_global_validated,3389,2025-01-10,2025-01-20,0.0353251773547418,2025,2024-12-31,learned_order_extension,20260910,0.35256611690823136,0.35256611690823136,0,1
weekly_global_validated,3394,2025-01-17,2025-01-27,0.000432821422053,2025,2024-12-31,learned_order_extension,20260910,0.48744472138871614,0.48744472138871614,0,1
weekly_global_validated,3399,2025-01-24,2025-02-10,0.0159344898044284,2025,2024-12-31,learned_order_extension,20260910,0.4710830358173244,0.4710830358173244,0,1
weekly_global_validated,3403,2025-02-07,2025-02-17,0.0144454990892999,2025,2024-12-31,learned_order_extension,20260910,0.5229042647242248,0.5229042647242248,1,1
weekly_global_validated,3408,2025-02-14,2025-02-24,0.0045695818086644,2025,2024-12-31,learned_order_extension,20260910,0.5778482952092869,0.5778482952092869,1,1
weekly_global_validated,3413,2025-02-21,2025-03-03,-0.0183210488158531,2025,2024-12-31,learned_order_extension,20260910,0.6398652110146743,0.6398652110146743,1,0
weekly_global_validated,3418,2025-02-28,2025-03-10,0.0117650075646844,2025,2024-12-31,learned_order_extension,20260910,0.5091435465758709,0.5091435465758709,1,1
weekly_global_validated,3423,2025-03-07,2025-03-17,0.019023819058288,2025,2024-12-31,learned_order_extension,20260910,0.6768915881499589,0.6768915881499589,1,1
weekly_global_validated,3428,2025-03-14,2025-03-24,-0.0259983485216283,2025,2024-12-31,learned_order_extension,20260910,0.45607712059245215,0.45607712059245215,0,0
weekly_global_validated,3433,2025-03-21,2025-03-31,-0.0025867506275359,2025,2024-12-31,learned_order_extension,20260910,0.5368074346463041,0.5368074346463041,1,0
weekly_global_validated,3438,2025-03-28,2025-04-14,-0.0342910101946246,2025,2024-12-31,learned_order_extension,20260910,0.8368647681799748,0.8368647681799748,1,0
weekly_global_ungated,3384,2025-01-03,2025-01-13,-0.0189486730632231,2025,2024-12-31,learned_order_extension,20260910,0.36600157937330885,0.36600157937330885,0,0
weekly_global_ungated,3389,2025-01-10,2025-01-20,0.0353251773547418,2025,2024-12-31,learned_order_extension,20260910,0.35256611690823136,0.35256611690823136,0,1
weekly_global_ungated,3394,2025-01-17,2025-01-27,0.000432821422053,2025,2024-12-31,learned_order_extension,20260910,0.48744472138871614,0.48744472138871614,0,1
weekly_global_ungated,3399,2025-01-24,2025-02-10,0.0159344898044284,2025,2024-12-31,learned_order_extension,20260910,0.4710830358173244,0.4710830358173244,0,1
weekly_global_ungated,3403,2025-02-07,2025-02-17,0.0144454990892999,2025,2024-12-31,learned_order_extension,20260910,0.5229042647242248,0.5229042647242248,1,1
weekly_global_ungated,3408,2025-02-14,2025-02-24,0.0045695818086644,2025,2024-12-31,learned_order_extension,20260910,0.5778482952092869,0.5778482952092869,1,1
weekly_global_ungated,3413,2025-02-21,2025-03-03,-0.0183210488158531,2025,2024-12-31,learned_order_extension,20260910,0.6398652110146743,0.6398652110146743,1,0
weekly_global_ungated,3418,2025-02-28,2025-03-10,0.0117650075646844,2025,2024-12-31,learned_order_extension,20260910,0.5091435465758709,0.5091435465758709,1,1
weekly_global_ungated,3423,2025-03-07,2025-03-17,0.019023819058288,2025,2024-12-31,learned_order_extension,20260910,0.6768915881499589,0.6768915881499589,1,1
weekly_global_ungated,3428,2025-03-14,2025-03-24,-0.0259983485216283,2025,2024-12-31,learned_order_extension,20260910,0.45607712059245215,0.45607712059245215,0,0
weekly_global_ungated,3433,2025-03-21,2025-03-31,-0.0025867506275359,2025,2024-12-31,learned_order_extension,20260910,0.5368074346463041,0.5368074346463041,1,0
weekly_global_ungated,3438,2025-03-28,2025-04-14,-0.0342910101946246,2025,2024-12-31,learned_order_extension,20260910,0.8368647681799748,0.8368647681799748,1,0
weekly_state_validated,3384,2025-01-03,2025-01-13,-0.0189486730632231,2025,2024-12-31,learned_order_extension,20260911,0.43065388292304235,0.43065388292304235,0,0
weekly_state_validated,3389,2025-01-10,2025-01-20,0.0353251773547418,2025,2024-12-31,learned_order_extension,20260911,0.3891931634884253,0.3891931634884253,0,1
weekly_state_validated,3394,2025-01-17,2025-01-27,0.000432821422053,2025,2024-12-31,learned_order_extension,20260911,0.5293310636016386,0.5293310636016386,1,1
weekly_state_validated,3399,2025-01-24,2025-02-10,0.0159344898044284,2025,2024-12-31,learned_order_extension,20260911,0.5678795814188538,0.5678795814188538,1,1
weekly_state_validated,3403,2025-02-07,2025-02-17,0.0144454990892999,2025,2024-12-31,learned_order_extension,20260911,0.6181569415812861,0.6181569415812861,1,1
weekly_state_validated,3408,2025-02-14,2025-02-24,0.0045695818086644,2025,2024-12-31,learned_order_extension,20260911,0.623244763024503,0.623244763024503,1,1
weekly_state_validated,3413,2025-02-21,2025-03-03,-0.0183210488158531,2025,2024-12-31,learned_order_extension,20260911,0.5698307059548449,0.5698307059548449,1,0
weekly_state_validated,3418,2025-02-28,2025-03-10,0.0117650075646844,2025,2024-12-31,learned_order_extension,20260911,0.5277004284689892,0.5277004284689892,1,1
weekly_state_validated,3423,2025-03-07,2025-03-17,0.019023819058288,2025,2024-12-31,learned_order_extension,20260911,0.4694347191401159,0.4694347191401159,0,1
weekly_state_validated,3428,2025-03-14,2025-03-24,-0.0259983485216283,2025,2024-12-31,learned_order_extension,20260911,0.5654667556034778,0.5654667556034778,1,0
weekly_state_validated,3433,2025-03-21,2025-03-31,-0.0025867506275359,2025,2024-12-31,learned_order_extension,20260911,0.40561065982780425,0.40561065982780425,0,0
weekly_state_validated,3438,2025-03-28,2025-04-14,-0.0342910101946246,2025,2024-12-31,learned_order_extension,20260911,0.47795042275731253,0.47795042275731253,0,0
weekly_state_ungated,3384,2025-01-03,2025-01-13,-0.0189486730632231,2025,2024-12-31,learned_order_extension,20260911,0.43065388292304235,0.43065388292304235,0,0
weekly_state_ungated,3389,2025-01-10,2025-01-20,0.0353251773547418,2025,2024-12-31,learned_order_extension,20260911,0.3891931634884253,0.3891931634884253,0,1
weekly_state_ungated,3394,2025-01-17,2025-01-27,0.000432821422053,2025,2024-12-31,learned_order_extension,20260911,0.5293310636016386,0.5293310636016386,1,1
weekly_state_ungated,3399,2025-01-24,2025-02-10,0.0159344898044284,2025,2024-12-31,learned_order_extension,20260911,0.5678795814188538,0.5678795814188538,1,1
weekly_state_ungated,3403,2025-02-07,2025-02-17,0.0144454990892999,2025,2024-12-31,learned_order_extension,20260911,0.6181569415812861,0.6181569415812861,1,1
weekly_state_ungated,3408,2025-02-14,2025-02-24,0.0045695818086644,2025,2024-12-31,learned_order_extension,20260911,0.623244763024503,0.623244763024503,1,1
weekly_state_ungated,3413,2025-02-21,2025-03-03,-0.0183210488158531,2025,2024-12-31,learned_order_extension,20260911,0.5698307059548449,0.5698307059548449,1,0
weekly_state_ungated,3418,2025-02-28,2025-03-10,0.0117650075646844,2025,2024-12-31,learned_order_extension,20260911,0.5277004284689892,0.5277004284689892,1,1
weekly_state_ungated,3423,2025-03-07,2025-03-17,0.019023819058288,2025,2024-12-31,learned_order_extension,20260911,0.4694347191401159,0.4694347191401159,0,1
weekly_state_ungated,3428,2025-03-14,2025-03-24,-0.0259983485216283,2025,2024-12-31,learned_order_extension,20260911,0.5654667556034778,0.5654667556034778,1,0
weekly_state_ungated,3433,2025-03-21,2025-03-31,-0.0025867506275359,2025,2024-12-31,learned_order_extension,20260911,0.40561065982780425,0.40561065982780425,0,0
weekly_state_ungated,3438,2025-03-28,2025-04-14,-0.0342910101946246,2025,2024-12-31,learned_order_extension,20260911,0.47795042275731253,0.47795042275731253,0,0
weekly_global_validated,3384,2025-01-03,2025-01-13,-0.0189486730632231,2025,2024-12-31,learned_order_extension,20260911,0.43065388292304235,0.43065388292304235,0,0
weekly_global_validated,3389,2025-01-10,2025-01-20,0.0353251773547418,2025,2024-12-31,learned_order_extension,20260911,0.3891931634884253,0.3891931634884253,0,1
weekly_global_validated,3394,2025-01-17,2025-01-27,0.000432821422053,2025,2024-12-31,learned_order_extension,20260911,0.5293310636016386,0.5293310636016386,1,1
weekly_global_validated,3399,2025-01-24,2025-02-10,0.0159344898044284,2025,2024-12-31,learned_order_extension,20260911,0.5678795814188538,0.5678795814188538,1,1
weekly_global_validated,3403,2025-02-07,2025-02-17,0.0144454990892999,2025,2024-12-31,learned_order_extension,20260911,0.6181569415812861,0.6181569415812861,1,1
weekly_global_validated,3408,2025-02-14,2025-02-24,0.0045695818086644,2025,2024-12-31,learned_order_extension,20260911,0.623244763024503,0.623244763024503,1,1
weekly_global_validated,3413,2025-02-21,2025-03-03,-0.0183210488158531,2025,2024-12-31,learned_order_extension,20260911,0.5698307059548449,0.5698307059548449,1,0
weekly_global_validated,3418,2025-02-28,2025-03-10,0.0117650075646844,2025,2024-12-31,learned_order_extension,20260911,0.5277004284689892,0.5277004284689892,1,1
weekly_global_validated,3423,2025-03-07,2025-03-17,0.019023819058288,2025,2024-12-31,learned_order_extension,20260911,0.4694347191401159,0.4694347191401159,0,1
weekly_global_validated,3428,2025-03-14,2025-03-24,-0.0259983485216283,2025,2024-12-31,learned_order_extension,20260911,0.5654667556034778,0.5654667556034778,1,0
weekly_global_validated,3433,2025-03-21,2025-03-31,-0.0025867506275359,2025,2024-12-31,learned_order_extension,20260911,0.40561065982780425,0.40561065982780425,0,0
weekly_global_validated,3438,2025-03-28,2025-04-14,-0.0342910101946246,2025,2024-12-31,learned_order_extension,20260911,0.47795042275731253,0.47795042275731253,0,0
weekly_global_ungated,3384,2025-01-03,2025-01-13,-0.0189486730632231,2025,2024-12-31,learned_order_extension,20260911,0.43065388292304235,0.43065388292304235,0,0
weekly_global_ungated,3389,2025-01-10,2025-01-20,0.0353251773547418,2025,2024-12-31,learned_order_extension,20260911,0.3891931634884253,0.3891931634884253,0,1
weekly_global_ungated,3394,2025-01-17,2025-01-27,0.000432821422053,2025,2024-12-31,learned_order_extension,20260911,0.5293310636016386,0.5293310636016386,1,1
weekly_global_ungated,3399,2025-01-24,2025-02-10,0.0159344898044284,2025,2024-12-31,learned_order_extension,20260911,0.5678795814188538,0.5678795814188538,1,1
weekly_global_ungated,3403,2025-02-07,2025-02-17,0.0144454990892999,2025,2024-12-31,learned_order_extension,20260911,0.6181569415812861,0.6181569415812861,1,1
weekly_global_ungated,3408,2025-02-14,2025-02-24,0.0045695818086644,2025,2024-12-31,learned_order_extension,20260911,0.623244763024503,0.623244763024503,1,1
weekly_global_ungated,3413,2025-02-21,2025-03-03,-0.0183210488158531,2025,2024-12-31,learned_order_extension,20260911,0.5698307059548449,0.5698307059548449,1,0
weekly_global_ungated,3418,2025-02-28,2025-03-10,0.0117650075646844,2025,2024-12-31,learned_order_extension,20260911,0.5277004284689892,0.5277004284689892,1,1
weekly_global_ungated,3423,2025-03-07,2025-03-17,0.019023819058288,2025,2024-12-31,learned_order_extension,20260911,0.4694347191401159,0.4694347191401159,0,1
weekly_global_ungated,3428,2025-03-14,2025-03-24,-0.0259983485216283,2025,2024-12-31,learned_order_extension,20260911,0.5654667556034778,0.5654667556034778,1,0
weekly_global_ungated,3433,2025-03-21,2025-03-31,-0.0025867506275359,2025,2024-12-31,learned_order_extension,20260911,0.40561065982780425,0.40561065982780425,0,0
weekly_global_ungated,3438,2025-03-28,2025-04-14,-0.0342910101946246,2025,2024-12-31,learned_order_extension,20260911,0.47795042275731253,0.47795042275731253,0,0
weekly_state_validated,3384,2025-01-03,2025-01-13,-0.0189486730632231,2025,2024-12-31,learned_order_extension,20260912,0.43188465804609494,0.43188465804609494,0,0
weekly_state_validated,3389,2025-01-10,2025-01-20,0.0353251773547418,2025,2024-12-31,learned_order_extension,20260912,0.7180313467789317,0.7180313467789317,1,1
weekly_state_validated,3394,2025-01-17,2025-01-27,0.000432821422053,2025,2024-12-31,learned_order_extension,20260912,0.6186516338053223,0.6186516338053223,1,1
weekly_state_validated,3399,2025-01-24,2025-02-10,0.0159344898044284,2025,2024-12-31,learned_order_extension,20260912,0.7832822932916682,0.7832822932916682,1,1
weekly_state_validated,3403,2025-02-07,2025-02-17,0.0144454990892999,2025,2024-12-31,learned_order_extension,20260912,0.7098765758367355,0.7098765758367355,1,1
weekly_state_validated,3408,2025-02-14,2025-02-24,0.0045695818086644,2025,2024-12-31,learned_order_extension,20260912,0.6855283540318028,0.6855283540318028,1,1
weekly_state_validated,3413,2025-02-21,2025-03-03,-0.0183210488158531,2025,2024-12-31,learned_order_extension,20260912,0.40938066472725215,0.40938066472725215,0,0
weekly_state_validated,3418,2025-02-28,2025-03-10,0.0117650075646844,2025,2024-12-31,learned_order_extension,20260912,0.6433684681685069,0.6433684681685069,1,1
weekly_state_validated,3423,2025-03-07,2025-03-17,0.019023819058288,2025,2024-12-31,learned_order_extension,20260912,0.25002023502263354,0.25002023502263354,0,1
weekly_state_validated,3428,2025-03-14,2025-03-24,-0.0259983485216283,2025,2024-12-31,learned_order_extension,20260912,0.7238176657049011,0.7238176657049011,1,0
weekly_state_validated,3433,2025-03-21,2025-03-31,-0.0025867506275359,2025,2024-12-31,learned_order_extension,20260912,0.5988742871040955,0.5988742871040955,1,0
weekly_state_validated,3438,2025-03-28,2025-04-14,-0.0342910101946246,2025,2024-12-31,learned_order_extension,20260912,0.6204095542696454,0.6204095542696454,1,0
weekly_state_ungated,3384,2025-01-03,2025-01-13,-0.0189486730632231,2025,2024-12-31,learned_order_extension,20260912,0.43188465804609494,0.43188465804609494,0,0
weekly_state_ungated,3389,2025-01-10,2025-01-20,0.0353251773547418,2025,2024-12-31,learned_order_extension,20260912,0.7180313467789317,0.7180313467789317,1,1
weekly_state_ungated,3394,2025-01-17,2025-01-27,0.000432821422053,2025,2024-12-31,learned_order_extension,20260912,0.6186516338053223,0.6186516338053223,1,1
weekly_state_ungated,3399,2025-01-24,2025-02-10,0.0159344898044284,2025,2024-12-31,learned_order_extension,20260912,0.7832822932916682,0.7832822932916682,1,1
weekly_state_ungated,3403,2025-02-07,2025-02-17,0.0144454990892999,2025,2024-12-31,learned_order_extension,20260912,0.7098765758367355,0.7098765758367355,1,1
weekly_state_ungated,3408,2025-02-14,2025-02-24,0.0045695818086644,2025,2024-12-31,learned_order_extension,20260912,0.6855283540318028,0.6855283540318028,1,1
weekly_state_ungated,3413,2025-02-21,2025-03-03,-0.0183210488158531,2025,2024-12-31,learned_order_extension,20260912,0.40938066472725215,0.40938066472725215,0,0
weekly_state_ungated,3418,2025-02-28,2025-03-10,0.0117650075646844,2025,2024-12-31,learned_order_extension,20260912,0.6433684681685069,0.6433684681685069,1,1
weekly_state_ungated,3423,2025-03-07,2025-03-17,0.019023819058288,2025,2024-12-31,learned_order_extension,20260912,0.25002023502263354,0.25002023502263354,0,1
weekly_state_ungated,3428,2025-03-14,2025-03-24,-0.0259983485216283,2025,2024-12-31,learned_order_extension,20260912,0.7238176657049011,0.7238176657049011,1,0
weekly_state_ungated,3433,2025-03-21,2025-03-31,-0.0025867506275359,2025,2024-12-31,learned_order_extension,20260912,0.5988742871040955,0.5988742871040955,1,0
weekly_state_ungated,3438,2025-03-28,2025-04-14,-0.0342910101946246,2025,2024-12-31,learned_order_extension,20260912,0.6204095542696454,0.6204095542696454,1,0
weekly_global_validated,3384,2025-01-03,2025-01-13,-0.0189486730632231,2025,2024-12-31,learned_order_extension,20260912,0.43188465804609494,0.43188465804609494,0,0
weekly_global_validated,3389,2025-01-10,2025-01-20,0.0353251773547418,2025,2024-12-31,learned_order_extension,20260912,0.7180313467789317,0.7180313467789317,1,1
weekly_global_validated,3394,2025-01-17,2025-01-27,0.000432821422053,2025,2024-12-31,learned_order_extension,20260912,0.6186516338053223,0.6186516338053223,1,1
weekly_global_validated,3399,2025-01-24,2025-02-10,0.0159344898044284,2025,2024-12-31,learned_order_extension,20260912,0.7832822932916682,0.7832822932916682,1,1
weekly_global_validated,3403,2025-02-07,2025-02-17,0.0144454990892999,2025,2024-12-31,learned_order_extension,20260912,0.7098765758367355,0.7098765758367355,1,1
weekly_global_validated,3408,2025-02-14,2025-02-24,0.0045695818086644,2025,2024-12-31,learned_order_extension,20260912,0.6855283540318028,0.6855283540318028,1,1
weekly_global_validated,3413,2025-02-21,2025-03-03,-0.0183210488158531,2025,2024-12-31,learned_order_extension,20260912,0.40938066472725215,0.40938066472725215,0,0
weekly_global_validated,3418,2025-02-28,2025-03-10,0.0117650075646844,2025,2024-12-31,learned_order_extension,20260912,0.6433684681685069,0.6433684681685069,1,1
weekly_global_validated,3423,2025-03-07,2025-03-17,0.019023819058288,2025,2024-12-31,learned_order_extension,20260912,0.25002023502263354,0.25002023502263354,0,1
weekly_global_validated,3428,2025-03-14,2025-03-24,-0.0259983485216283,2025,2024-12-31,learned_order_extension,20260912,0.7238176657049011,0.7238176657049011,1,0
weekly_global_validated,3433,2025-03-21,2025-03-31,-0.0025867506275359,2025,2024-12-31,learned_order_extension,20260912,0.5988742871040955,0.5988742871040955,1,0
weekly_global_validated,3438,2025-03-28,2025-04-14,-0.0342910101946246,2025,2024-12-31,learned_order_extension,20260912,0.6204095542696454,0.6204095542696454,1,0
weekly_global_ungated,3384,2025-01-03,2025-01-13,-0.0189486730632231,2025,2024-12-31,learned_order_extension,20260912,0.43188465804609494,0.43188465804609494,0,0
weekly_global_ungated,3389,2025-01-10,2025-01-20,0.0353251773547418,2025,2024-12-31,learned_order_extension,20260912,0.7180313467789317,0.7180313467789317,1,1
weekly_global_ungated,3394,2025-01-17,2025-01-27,0.000432821422053,2025,2024-12-31,learned_order_extension,20260912,0.6186516338053223,0.6186516338053223,1,1
weekly_global_ungated,3399,2025-01-24,2025-02-10,0.0159344898044284,2025,2024-12-31,learned_order_extension,20260912,0.7832822932916682,0.7832822932916682,1,1
weekly_global_ungated,3403,2025-02-07,2025-02-17,0.0144454990892999,2025,2024-12-31,learned_order_extension,20260912,0.7098765758367355,0.7098765758367355,1,1
weekly_global_ungated,3408,2025-02-14,2025-02-24,0.0045695818086644,2025,2024-12-31,learned_order_extension,20260912,0.6855283540318028,0.6855283540318028,1,1
weekly_global_ungated,3413,2025-02-21,2025-03-03,-0.0183210488158531,2025,2024-12-31,learned_order_extension,20260912,0.40938066472725215,0.40938066472725215,0,0
weekly_global_ungated,3418,2025-02-28,2025-03-10,0.0117650075646844,2025,2024-12-31,learned_order_extension,20260912,0.6433684681685069,0.6433684681685069,1,1
weekly_global_ungated,3423,2025-03-07,2025-03-17,0.019023819058288,2025,2024-12-31,learned_order_extension,20260912,0.25002023502263354,0.25002023502263354,0,1
weekly_global_ungated,3428,2025-03-14,2025-03-24,-0.0259983485216283,2025,2024-12-31,learned_order_extension,20260912,0.7238176657049011,0.7238176657049011,1,0
weekly_global_ungated,3433,2025-03-21,2025-03-31,-0.0025867506275359,2025,2024-12-31,learned_order_extension,20260912,0.5988742871040955,0.5988742871040955,1,0
weekly_global_ungated,3438,2025-03-28,2025-04-14,-0.0342910101946246,2025,2024-12-31,learned_order_extension,20260912,0.6204095542696454,0.6204095542696454,1,0
weekly_state_validated,3384,2025-01-03,2025-01-13,-0.0189486730632231,2025,2024-12-31,learned_order_offset,20260910,0.36669421956338505,0.36669421956338505,0,0
weekly_state_validated,3389,2025-01-10,2025-01-20,0.0353251773547418,2025,2024-12-31,learned_order_offset,20260910,0.35282059228350937,0.35282059228350937,0,1
weekly_state_validated,3394,2025-01-17,2025-01-27,0.000432821422053,2025,2024-12-31,learned_order_offset,20260910,0.48807314138283653,0.48807314138283653,0,1
weekly_state_validated,3399,2025-01-24,2025-02-10,0.0159344898044284,2025,2024-12-31,learned_order_offset,20260910,0.4717801139449288,0.4717801139449288,0,1
weekly_state_validated,3403,2025-02-07,2025-02-17,0.0144454990892999,2025,2024-12-31,learned_order_offset,20260910,0.524022842955718,0.524022842955718,1,1
weekly_state_validated,3408,2025-02-14,2025-02-24,0.0045695818086644,2025,2024-12-31,learned_order_offset,20260910,0.5772818750748553,0.5772818750748553,1,1
weekly_state_validated,3413,2025-02-21,2025-03-03,-0.0183210488158531,2025,2024-12-31,learned_order_offset,20260910,0.6395827908381064,0.6395827908381064,1,0
weekly_state_validated,3418,2025-02-28,2025-03-10,0.0117650075646844,2025,2024-12-31,learned_order_offset,20260910,0.5071295431195366,0.5071295431195366,1,1
weekly_state_validated,3423,2025-03-07,2025-03-17,0.019023819058288,2025,2024-12-31,learned_order_offset,20260910,0.6756470892929178,0.6756470892929178,1,1
weekly_state_validated,3428,2025-03-14,2025-03-24,-0.0259983485216283,2025,2024-12-31,learned_order_offset,20260910,0.455714753994421,0.455714753994421,0,0
weekly_state_validated,3433,2025-03-21,2025-03-31,-0.0025867506275359,2025,2024-12-31,learned_order_offset,20260910,0.5359223493617127,0.5359223493617127,1,0
weekly_state_validated,3438,2025-03-28,2025-04-14,-0.0342910101946246,2025,2024-12-31,learned_order_offset,20260910,0.834993269183481,0.834993269183481,1,0
weekly_state_ungated,3384,2025-01-03,2025-01-13,-0.0189486730632231,2025,2024-12-31,learned_order_offset,20260910,0.36669421956338505,0.36669421956338505,0,0
weekly_state_ungated,3389,2025-01-10,2025-01-20,0.0353251773547418,2025,2024-12-31,learned_order_offset,20260910,0.35282059228350937,0.35282059228350937,0,1
weekly_state_ungated,3394,2025-01-17,2025-01-27,0.000432821422053,2025,2024-12-31,learned_order_offset,20260910,0.48807314138283653,0.48807314138283653,0,1
weekly_state_ungated,3399,2025-01-24,2025-02-10,0.0159344898044284,2025,2024-12-31,learned_order_offset,20260910,0.4717801139449288,0.4717801139449288,0,1
weekly_state_ungated,3403,2025-02-07,2025-02-17,0.0144454990892999,2025,2024-12-31,learned_order_offset,20260910,0.524022842955718,0.524022842955718,1,1
weekly_state_ungated,3408,2025-02-14,2025-02-24,0.0045695818086644,2025,2024-12-31,learned_order_offset,20260910,0.5772818750748553,0.5772818750748553,1,1
weekly_state_ungated,3413,2025-02-21,2025-03-03,-0.0183210488158531,2025,2024-12-31,learned_order_offset,20260910,0.6395827908381064,0.6395827908381064,1,0
weekly_state_ungated,3418,2025-02-28,2025-03-10,0.0117650075646844,2025,2024-12-31,learned_order_offset,20260910,0.5071295431195366,0.5071295431195366,1,1
weekly_state_ungated,3423,2025-03-07,2025-03-17,0.019023819058288,2025,2024-12-31,learned_order_offset,20260910,0.6756470892929178,0.6756470892929178,1,1
weekly_state_ungated,3428,2025-03-14,2025-03-24,-0.0259983485216283,2025,2024-12-31,learned_order_offset,20260910,0.455714753994421,0.455714753994421,0,0
weekly_state_ungated,3433,2025-03-21,2025-03-31,-0.0025867506275359,2025,2024-12-31,learned_order_offset,20260910,0.5359223493617127,0.5359223493617127,1,0
weekly_state_ungated,3438,2025-03-28,2025-04-14,-0.0342910101946246,2025,2024-12-31,learned_order_offset,20260910,0.834993269183481,0.834993269183481,1,0
weekly_global_validated,3384,2025-01-03,2025-01-13,-0.0189486730632231,2025,2024-12-31,learned_order_offset,20260910,0.36669421956338505,0.36669421956338505,0,0
weekly_global_validated,3389,2025-01-10,2025-01-20,0.0353251773547418,2025,2024-12-31,learned_order_offset,20260910,0.35282059228350937,0.35282059228350937,0,1
weekly_global_validated,3394,2025-01-17,2025-01-27,0.000432821422053,2025,2024-12-31,learned_order_offset,20260910,0.48807314138283653,0.48807314138283653,0,1
weekly_global_validated,3399,2025-01-24,2025-02-10,0.0159344898044284,2025,2024-12-31,learned_order_offset,20260910,0.4717801139449288,0.4717801139449288,0,1
weekly_global_validated,3403,2025-02-07,2025-02-17,0.0144454990892999,2025,2024-12-31,learned_order_offset,20260910,0.524022842955718,0.524022842955718,1,1
weekly_global_validated,3408,2025-02-14,2025-02-24,0.0045695818086644,2025,2024-12-31,learned_order_offset,20260910,0.5772818750748553,0.5772818750748553,1,1
weekly_global_validated,3413,2025-02-21,2025-03-03,-0.0183210488158531,2025,2024-12-31,learned_order_offset,20260910,0.6395827908381064,0.6395827908381064,1,0
weekly_global_validated,3418,2025-02-28,2025-03-10,0.0117650075646844,2025,2024-12-31,learned_order_offset,20260910,0.5071295431195366,0.5071295431195366,1,1
weekly_global_validated,3423,2025-03-07,2025-03-17,0.019023819058288,2025,2024-12-31,learned_order_offset,20260910,0.6756470892929178,0.6756470892929178,1,1
weekly_global_validated,3428,2025-03-14,2025-03-24,-0.0259983485216283,2025,2024-12-31,learned_order_offset,20260910,0.455714753994421,0.455714753994421,0,0
weekly_global_validated,3433,2025-03-21,2025-03-31,-0.0025867506275359,2025,2024-12-31,learned_order_offset,20260910,0.5359223493617127,0.5359223493617127,1,0
weekly_global_validated,3438,2025-03-28,2025-04-14,-0.0342910101946246,2025,2024-12-31,learned_order_offset,20260910,0.834993269183481,0.834993269183481,1,0
weekly_global_ungated,3384,2025-01-03,2025-01-13,-0.0189486730632231,2025,2024-12-31,learned_order_offset,20260910,0.36669421956338505,0.36669421956338505,0,0
weekly_global_ungated,3389,2025-01-10,2025-01-20,0.0353251773547418,2025,2024-12-31,learned_order_offset,20260910,0.35282059228350937,0.35282059228350937,0,1
weekly_global_ungated,3394,2025-01-17,2025-01-27,0.000432821422053,2025,2024-12-31,learned_order_offset,20260910,0.48807314138283653,0.48807314138283653,0,1
weekly_global_ungated,3399,2025-01-24,2025-02-10,0.0159344898044284,2025,2024-12-31,learned_order_offset,20260910,0.4717801139449288,0.4717801139449288,0,1
weekly_global_ungated,3403,2025-02-07,2025-02-17,0.0144454990892999,2025,2024-12-31,learned_order_offset,20260910,0.524022842955718,0.524022842955718,1,1
weekly_global_ungated,3408,2025-02-14,2025-02-24,0.0045695818086644,2025,2024-12-31,learned_order_offset,20260910,0.5772818750748553,0.5772818750748553,1,1
weekly_global_ungated,3413,2025-02-21,2025-03-03,-0.0183210488158531,2025,2024-12-31,learned_order_offset,20260910,0.6395827908381064,0.6395827908381064,1,0
weekly_global_ungated,3418,2025-02-28,2025-03-10,0.0117650075646844,2025,2024-12-31,learned_order_offset,20260910,0.5071295431195366,0.5071295431195366,1,1
weekly_global_ungated,3423,2025-03-07,2025-03-17,0.019023819058288,2025,2024-12-31,learned_order_offset,20260910,0.6756470892929178,0.6756470892929178,1,1
weekly_global_ungated,3428,2025-03-14,2025-03-24,-0.0259983485216283,2025,2024-12-31,learned_order_offset,20260910,0.455714753994421,0.455714753994421,0,0
weekly_global_ungated,3433,2025-03-21,2025-03-31,-0.0025867506275359,2025,2024-12-31,learned_order_offset,20260910,0.5359223493617127,0.5359223493617127,1,0
weekly_global_ungated,3438,2025-03-28,2025-04-14,-0.0342910101946246,2025,2024-12-31,learned_order_offset,20260910,0.834993269183481,0.834993269183481,1,0
weekly_state_validated,3384,2025-01-03,2025-01-13,-0.0189486730632231,2025,2024-12-31,learned_order_offset,20260911,0.430743812553328,0.430743812553328,0,0
weekly_state_validated,3389,2025-01-10,2025-01-20,0.0353251773547418,2025,2024-12-31,learned_order_offset,20260911,0.3892930545383684,0.3892930545383684,0,1
weekly_state_validated,3394,2025-01-17,2025-01-27,0.000432821422053,2025,2024-12-31,learned_order_offset,20260911,0.52934454260111,0.52934454260111,1,1
weekly_state_validated,3399,2025-01-24,2025-02-10,0.0159344898044284,2025,2024-12-31,learned_order_offset,20260911,0.5679288793949586,0.5679288793949586,1,1
weekly_state_validated,3403,2025-02-07,2025-02-17,0.0144454990892999,2025,2024-12-31,learned_order_offset,20260911,0.6181544426401614,0.6181544426401614,1,1
weekly_state_validated,3408,2025-02-14,2025-02-24,0.0045695818086644,2025,2024-12-31,learned_order_offset,20260911,0.6233447631977894,0.6233447631977894,1,1
weekly_state_validated,3413,2025-02-21,2025-03-03,-0.0183210488158531,2025,2024-12-31,learned_order_offset,20260911,0.5699444546955538,0.5699444546955538,1,0
weekly_state_validated,3418,2025-02-28,2025-03-10,0.0117650075646844,2025,2024-12-31,learned_order_offset,20260911,0.5277660121776485,0.5277660121776485,1,1
weekly_state_validated,3423,2025-03-07,2025-03-17,0.019023819058288,2025,2024-12-31,learned_order_offset,20260911,0.46953630716328854,0.46953630716328854,0,1
weekly_state_validated,3428,2025-03-14,2025-03-24,-0.0259983485216283,2025,2024-12-31,learned_order_offset,20260911,0.5655482902240324,0.5655482902240324,1,0
weekly_state_validated,3433,2025-03-21,2025-03-31,-0.0025867506275359,2025,2024-12-31,learned_order_offset,20260911,0.4056793971990091,0.4056793971990091,0,0
weekly_state_validated,3438,2025-03-28,2025-04-14,-0.0342910101946246,2025,2024-12-31,learned_order_offset,20260911,0.4779797038173516,0.4779797038173516,0,0
weekly_state_ungated,3384,2025-01-03,2025-01-13,-0.0189486730632231,2025,2024-12-31,learned_order_offset,20260911,0.430743812553328,0.430743812553328,0,0
weekly_state_ungated,3389,2025-01-10,2025-01-20,0.0353251773547418,2025,2024-12-31,learned_order_offset,20260911,0.3892930545383684,0.3892930545383684,0,1
weekly_state_ungated,3394,2025-01-17,2025-01-27,0.000432821422053,2025,2024-12-31,learned_order_offset,20260911,0.52934454260111,0.52934454260111,1,1
weekly_state_ungated,3399,2025-01-24,2025-02-10,0.0159344898044284,2025,2024-12-31,learned_order_offset,20260911,0.5679288793949586,0.5679288793949586,1,1
weekly_state_ungated,3403,2025-02-07,2025-02-17,0.0144454990892999,2025,2024-12-31,learned_order_offset,20260911,0.6181544426401614,0.6181544426401614,1,1
weekly_state_ungated,3408,2025-02-14,2025-02-24,0.0045695818086644,2025,2024-12-31,learned_order_offset,20260911,0.6233447631977894,0.6233447631977894,1,1
weekly_state_ungated,3413,2025-02-21,2025-03-03,-0.0183210488158531,2025,2024-12-31,learned_order_offset,20260911,0.5699444546955538,0.5699444546955538,1,0
weekly_state_ungated,3418,2025-02-28,2025-03-10,0.0117650075646844,2025,2024-12-31,learned_order_offset,20260911,0.5277660121776485,0.5277660121776485,1,1
weekly_state_ungated,3423,2025-03-07,2025-03-17,0.019023819058288,2025,2024-12-31,learned_order_offset,20260911,0.46953630716328854,0.46953630716328854,0,1
weekly_state_ungated,3428,2025-03-14,2025-03-24,-0.0259983485216283,2025,2024-12-31,learned_order_offset,20260911,0.5655482902240324,0.5655482902240324,1,0
weekly_state_ungated,3433,2025-03-21,2025-03-31,-0.0025867506275359,2025,2024-12-31,learned_order_offset,20260911,0.4056793971990091,0.4056793971990091,0,0
weekly_state_ungated,3438,2025-03-28,2025-04-14,-0.0342910101946246,2025,2024-12-31,learned_order_offset,20260911,0.4779797038173516,0.4779797038173516,0,0
weekly_global_validated,3384,2025-01-03,2025-01-13,-0.0189486730632231,2025,2024-12-31,learned_order_offset,20260911,0.430743812553328,0.430743812553328,0,0
weekly_global_validated,3389,2025-01-10,2025-01-20,0.0353251773547418,2025,2024-12-31,learned_order_offset,20260911,0.3892930545383684,0.3892930545383684,0,1
weekly_global_validated,3394,2025-01-17,2025-01-27,0.000432821422053,2025,2024-12-31,learned_order_offset,20260911,0.52934454260111,0.52934454260111,1,1
weekly_global_validated,3399,2025-01-24,2025-02-10,0.0159344898044284,2025,2024-12-31,learned_order_offset,20260911,0.5679288793949586,0.5679288793949586,1,1
weekly_global_validated,3403,2025-02-07,2025-02-17,0.0144454990892999,2025,2024-12-31,learned_order_offset,20260911,0.6181544426401614,0.6181544426401614,1,1
weekly_global_validated,3408,2025-02-14,2025-02-24,0.0045695818086644,2025,2024-12-31,learned_order_offset,20260911,0.6233447631977894,0.6233447631977894,1,1
weekly_global_validated,3413,2025-02-21,2025-03-03,-0.0183210488158531,2025,2024-12-31,learned_order_offset,20260911,0.5699444546955538,0.5699444546955538,1,0
weekly_global_validated,3418,2025-02-28,2025-03-10,0.0117650075646844,2025,2024-12-31,learned_order_offset,20260911,0.5277660121776485,0.5277660121776485,1,1
weekly_global_validated,3423,2025-03-07,2025-03-17,0.019023819058288,2025,2024-12-31,learned_order_offset,20260911,0.46953630716328854,0.46953630716328854,0,1
weekly_global_validated,3428,2025-03-14,2025-03-24,-0.0259983485216283,2025,2024-12-31,learned_order_offset,20260911,0.5655482902240324,0.5655482902240324,1,0
weekly_global_validated,3433,2025-03-21,2025-03-31,-0.0025867506275359,2025,2024-12-31,learned_order_offset,20260911,0.4056793971990091,0.4056793971990091,0,0
weekly_global_validated,3438,2025-03-28,2025-04-14,-0.0342910101946246,2025,2024-12-31,learned_order_offset,20260911,0.4779797038173516,0.4779797038173516,0,0
weekly_global_ungated,3384,2025-01-03,2025-01-13,-0.0189486730632231,2025,2024-12-31,learned_order_offset,20260911,0.430743812553328,0.430743812553328,0,0
weekly_global_ungated,3389,2025-01-10,2025-01-20,0.0353251773547418,2025,2024-12-31,learned_order_offset,20260911,0.3892930545383684,0.3892930545383684,0,1
weekly_global_ungated,3394,2025-01-17,2025-01-27,0.000432821422053,2025,2024-12-31,learned_order_offset,20260911,0.52934454260111,0.52934454260111,1,1
weekly_global_ungated,3399,2025-01-24,2025-02-10,0.0159344898044284,2025,2024-12-31,learned_order_offset,20260911,0.5679288793949586,0.5679288793949586,1,1
weekly_global_ungated,3403,2025-02-07,2025-02-17,0.0144454990892999,2025,2024-12-31,learned_order_offset,20260911,0.6181544426401614,0.6181544426401614,1,1
weekly_global_ungated,3408,2025-02-14,2025-02-24,0.0045695818086644,2025,2024-12-31,learned_order_offset,20260911,0.6233447631977894,0.6233447631977894,1,1
weekly_global_ungated,3413,2025-02-21,2025-03-03,-0.0183210488158531,2025,2024-12-31,learned_order_offset,20260911,0.5699444546955538,0.5699444546955538,1,0
weekly_global_ungated,3418,2025-02-28,2025-03-10,0.0117650075646844,2025,2024-12-31,learned_order_offset,20260911,0.5277660121776485,0.5277660121776485,1,1
weekly_global_ungated,3423,2025-03-07,2025-03-17,0.019023819058288,2025,2024-12-31,learned_order_offset,20260911,0.46953630716328854,0.46953630716328854,0,1
weekly_global_ungated,3428,2025-03-14,2025-03-24,-0.0259983485216283,2025,2024-12-31,learned_order_offset,20260911,0.5655482902240324,0.5655482902240324,1,0
weekly_global_ungated,3433,2025-03-21,2025-03-31,-0.0025867506275359,2025,2024-12-31,learned_order_offset,20260911,0.4056793971990091,0.4056793971990091,0,0
weekly_global_ungated,3438,2025-03-28,2025-04-14,-0.0342910101946246,2025,2024-12-31,learned_order_offset,20260911,0.4779797038173516,0.4779797038173516,0,0
weekly_state_validated,3384,2025-01-03,2025-01-13,-0.0189486730632231,2025,2024-12-31,learned_order_offset,20260912,0.4326309825835323,0.4326309825835323,0,0
weekly_state_validated,3389,2025-01-10,2025-01-20,0.0353251773547418,2025,2024-12-31,learned_order_offset,20260912,0.7155096866522207,0.7155096866522207,1,1
weekly_state_validated,3394,2025-01-17,2025-01-27,0.000432821422053,2025,2024-12-31,learned_order_offset,20260912,0.6172483281551261,0.6172483281551261,1,1
weekly_state_validated,3399,2025-01-24,2025-02-10,0.0159344898044284,2025,2024-12-31,learned_order_offset,20260912,0.7808632543831274,0.7808632543831274,1,1
weekly_state_validated,3403,2025-02-07,2025-02-17,0.0144454990892999,2025,2024-12-31,learned_order_offset,20260912,0.7081726942730068,0.7081726942730068,1,1
weekly_state_validated,3408,2025-02-14,2025-02-24,0.0045695818086644,2025,2024-12-31,learned_order_offset,20260912,0.6832841057647039,0.6832841057647039,1,1
weekly_state_validated,3413,2025-02-21,2025-03-03,-0.0183210488158531,2025,2024-12-31,learned_order_offset,20260912,0.4117646835265383,0.4117646835265383,0,0
weekly_state_validated,3418,2025-02-28,2025-03-10,0.0117650075646844,2025,2024-12-31,learned_order_offset,20260912,0.6412881777301309,0.6412881777301309,1,1
weekly_state_validated,3423,2025-03-07,2025-03-17,0.019023819058288,2025,2024-12-31,learned_order_offset,20260912,0.25180315037211576,0.25180315037211576,0,1
weekly_state_validated,3428,2025-03-14,2025-03-24,-0.0259983485216283,2025,2024-12-31,learned_order_offset,20260912,0.7172777696525664,0.7172777696525664,1,0
weekly_state_validated,3433,2025-03-21,2025-03-31,-0.0025867506275359,2025,2024-12-31,learned_order_offset,20260912,0.5938462138293957,0.5938462138293957,1,0
weekly_state_validated,3438,2025-03-28,2025-04-14,-0.0342910101946246,2025,2024-12-31,learned_order_offset,20260912,0.6157709090258536,0.6157709090258536,1,0
weekly_state_ungated,3384,2025-01-03,2025-01-13,-0.0189486730632231,2025,2024-12-31,learned_order_offset,20260912,0.4326309825835323,0.4326309825835323,0,0
weekly_state_ungated,3389,2025-01-10,2025-01-20,0.0353251773547418,2025,2024-12-31,learned_order_offset,20260912,0.7155096866522207,0.7155096866522207,1,1
weekly_state_ungated,3394,2025-01-17,2025-01-27,0.000432821422053,2025,2024-12-31,learned_order_offset,20260912,0.6172483281551261,0.6172483281551261,1,1
weekly_state_ungated,3399,2025-01-24,2025-02-10,0.0159344898044284,2025,2024-12-31,learned_order_offset,20260912,0.7808632543831274,0.7808632543831274,1,1
weekly_state_ungated,3403,2025-02-07,2025-02-17,0.0144454990892999,2025,2024-12-31,learned_order_offset,20260912,0.7081726942730068,0.7081726942730068,1,1
weekly_state_ungated,3408,2025-02-14,2025-02-24,0.0045695818086644,2025,2024-12-31,learned_order_offset,20260912,0.6832841057647039,0.6832841057647039,1,1
weekly_state_ungated,3413,2025-02-21,2025-03-03,-0.0183210488158531,2025,2024-12-31,learned_order_offset,20260912,0.4117646835265383,0.4117646835265383,0,0
weekly_state_ungated,3418,2025-02-28,2025-03-10,0.0117650075646844,2025,2024-12-31,learned_order_offset,20260912,0.6412881777301309,0.6412881777301309,1,1
weekly_state_ungated,3423,2025-03-07,2025-03-17,0.019023819058288,2025,2024-12-31,learned_order_offset,20260912,0.25180315037211576,0.25180315037211576,0,1
weekly_state_ungated,3428,2025-03-14,2025-03-24,-0.0259983485216283,2025,2024-12-31,learned_order_offset,20260912,0.7172777696525664,0.7172777696525664,1,0
weekly_state_ungated,3433,2025-03-21,2025-03-31,-0.0025867506275359,2025,2024-12-31,learned_order_offset,20260912,0.5938462138293957,0.5938462138293957,1,0
weekly_state_ungated,3438,2025-03-28,2025-04-14,-0.0342910101946246,2025,2024-12-31,learned_order_offset,20260912,0.6157709090258536,0.6157709090258536,1,0
weekly_global_validated,3384,2025-01-03,2025-01-13,-0.0189486730632231,2025,2024-12-31,learned_order_offset,20260912,0.4326309825835323,0.4326309825835323,0,0
weekly_global_validated,3389,2025-01-10,2025-01-20,0.0353251773547418,2025,2024-12-31,learned_order_offset,20260912,0.7155096866522207,0.7155096866522207,1,1
weekly_global_validated,3394,2025-01-17,2025-01-27,0.000432821422053,2025,2024-12-31,learned_order_offset,20260912,0.6172483281551261,0.6172483281551261,1,1
weekly_global_validated,3399,2025-01-24,2025-02-10,0.0159344898044284,2025,2024-12-31,learned_order_offset,20260912,0.7808632543831274,0.7808632543831274,1,1
weekly_global_validated,3403,2025-02-07,2025-02-17,0.0144454990892999,2025,2024-12-31,learned_order_offset,20260912,0.7081726942730068,0.7081726942730068,1,1
weekly_global_validated,3408,2025-02-14,2025-02-24,0.0045695818086644,2025,2024-12-31,learned_order_offset,20260912,0.6832841057647039,0.6832841057647039,1,1
weekly_global_validated,3413,2025-02-21,2025-03-03,-0.0183210488158531,2025,2024-12-31,learned_order_offset,20260912,0.4117646835265383,0.4117646835265383,0,0
weekly_global_validated,3418,2025-02-28,2025-03-10,0.0117650075646844,2025,2024-12-31,learned_order_offset,20260912,0.6412881777301309,0.6412881777301309,1,1
weekly_global_validated,3423,2025-03-07,2025-03-17,0.019023819058288,2025,2024-12-31,learned_order_offset,20260912,0.25180315037211576,0.25180315037211576,0,1
weekly_global_validated,3428,2025-03-14,2025-03-24,-0.0259983485216283,2025,2024-12-31,learned_order_offset,20260912,0.7172777696525664,0.7172777696525664,1,0
weekly_global_validated,3433,2025-03-21,2025-03-31,-0.0025867506275359,2025,2024-12-31,learned_order_offset,20260912,0.5938462138293957,0.5938462138293957,1,0
weekly_global_validated,3438,2025-03-28,2025-04-14,-0.0342910101946246,2025,2024-12-31,learned_order_offset,20260912,0.6157709090258536,0.6157709090258536,1,0
weekly_global_ungated,3384,2025-01-03,2025-01-13,-0.0189486730632231,2025,2024-12-31,learned_order_offset,20260912,0.4326309825835323,0.4326309825835323,0,0
weekly_global_ungated,3389,2025-01-10,2025-01-20,0.0353251773547418,2025,2024-12-31,learned_order_offset,20260912,0.7155096866522207,0.7155096866522207,1,1
weekly_global_ungated,3394,2025-01-17,2025-01-27,0.000432821422053,2025,2024-12-31,learned_order_offset,20260912,0.6172483281551261,0.6172483281551261,1,1
weekly_global_ungated,3399,2025-01-24,2025-02-10,0.0159344898044284,2025,2024-12-31,learned_order_offset,20260912,0.7808632543831274,0.7808632543831274,1,1
weekly_global_ungated,3403,2025-02-07,2025-02-17,0.0144454990892999,2025,2024-12-31,learned_order_offset,20260912,0.7081726942730068,0.7081726942730068,1,1
weekly_global_ungated,3408,2025-02-14,2025-02-24,0.0045695818086644,2025,2024-12-31,learned_order_offset,20260912,0.6832841057647039,0.6832841057647039,1,1
weekly_global_ungated,3413,2025-02-21,2025-03-03,-0.0183210488158531,2025,2024-12-31,learned_order_offset,20260912,0.4117646835265383,0.4117646835265383,0,0
weekly_global_ungated,3418,2025-02-28,2025-03-10,0.0117650075646844,2025,2024-12-31,learned_order_offset,20260912,0.6412881777301309,0.6412881777301309,1,1
weekly_global_ungated,3423,2025-03-07,2025-03-17,0.019023819058288,2025,2024-12-31,learned_order_offset,20260912,0.25180315037211576,0.25180315037211576,0,1
weekly_global_ungated,3428,2025-03-14,2025-03-24,-0.0259983485216283,2025,2024-12-31,learned_order_offset,20260912,0.7172777696525664,0.7172777696525664,1,0
weekly_global_ungated,3433,2025-03-21,2025-03-31,-0.0025867506275359,2025,2024-12-31,learned_order_offset,20260912,0.5938462138293957,0.5938462138293957,1,0
weekly_global_ungated,3438,2025-03-28,2025-04-14,-0.0342910101946246,2025,2024-12-31,learned_order_offset,20260912,0.6157709090258536,0.6157709090258536,1,0
weekly_state_validated,3447,2025-04-11,2025-04-21,-0.0010339232881941,2025,2025-03-31,learned_market,20260910,0.5214083358108379,0.5214083358108379,1,0
weekly_state_validated,3452,2025-04-18,2025-04-28,0.0048432383085554,2025,2025-03-31,learned_market,20260910,0.7734052582999416,0.7734052582999416,1,1
weekly_state_validated,3457,2025-04-25,2025-05-12,0.02116527880118,2025,2025-03-31,learned_market,20260910,0.4558498073052,0.4558498073052,0,1
weekly_state_validated,3464,2025-05-09,2025-05-19,0.0041484224873464,2025,2025-03-31,learned_market,20260910,0.3719118552957933,0.3719118552957933,0,1
weekly_state_validated,3469,2025-05-16,2025-05-26,-0.0017462660042188,2025,2025-03-31,learned_market,20260910,0.3347557846128493,0.3347557846128493,0,0
weekly_state_validated,3474,2025-05-23,2025-06-03,-0.0109216443615366,2025,2025-03-31,learned_market,20260910,0.4355752261120325,0.4355752261120325,0,0
weekly_state_validated,3479,2025-05-30,2025-06-09,0.011566574321892,2025,2025-03-31,learned_market,20260910,0.36634985851125834,0.36634985851125834,0,1
weekly_state_validated,3483,2025-06-06,2025-06-16,-0.0062354943524679,2025,2025-03-31,learned_market,20260910,0.4008337518523243,0.4008337518523243,0,0
weekly_state_validated,3488,2025-06-13,2025-06-23,-0.005825691168304,2025,2025-03-31,learned_market,20260910,0.39810789776620636,0.39810789776620636,0,0
weekly_state_validated,3493,2025-06-20,2025-06-30,0.0232670437490374,2025,2025-03-31,learned_market,20260910,0.4122689448247892,0.4122689448247892,0,1
weekly_state_validated,3498,2025-06-27,2025-07-07,0.0145345648685946,2025,2025-03-31,learned_market,20260910,0.3732862575696102,0.3732862575696102,0,1
weekly_state_ungated,3447,2025-04-11,2025-04-21,-0.0010339232881941,2025,2025-03-31,learned_market,20260910,0.5214083358108379,0.5214083358108379,1,0
weekly_state_ungated,3452,2025-04-18,2025-04-28,0.0048432383085554,2025,2025-03-31,learned_market,20260910,0.7734052582999416,0.7734052582999416,1,1
weekly_state_ungated,3457,2025-04-25,2025-05-12,0.02116527880118,2025,2025-03-31,learned_market,20260910,0.4558498073052,0.4558498073052,0,1
weekly_state_ungated,3464,2025-05-09,2025-05-19,0.0041484224873464,2025,2025-03-31,learned_market,20260910,0.33995713627598895,0.33995713627598895,0,1
weekly_state_ungated,3469,2025-05-16,2025-05-26,-0.0017462660042188,2025,2025-03-31,learned_market,20260910,0.30444607782282035,0.30444607782282035,0,0
weekly_state_ungated,3474,2025-05-23,2025-06-03,-0.0109216443615366,2025,2025-03-31,learned_market,20260910,0.4016484633247253,0.4016484633247253,0,0
weekly_state_ungated,3479,2025-05-30,2025-06-09,0.011566574321892,2025,2025-03-31,learned_market,20260910,0.33461842904704175,0.33461842904704175,0,1
weekly_state_ungated,3483,2025-06-06,2025-06-16,-0.0062354943524679,2025,2025-03-31,learned_market,20260910,0.36784942207464366,0.36784942207464366,0,0
weekly_state_ungated,3488,2025-06-13,2025-06-23,-0.005825691168304,2025,2025-03-31,learned_market,20260910,0.365211153274227,0.365211153274227,0,0
weekly_state_ungated,3493,2025-06-20,2025-06-30,0.0232670437490374,2025,2025-03-31,learned_market,20260910,0.3789387464845011,0.3789387464845011,0,1
weekly_state_ungated,3498,2025-06-27,2025-07-07,0.0145345648685946,2025,2025-03-31,learned_market,20260910,0.3683649768691384,0.3683649768691384,0,1
weekly_global_validated,3447,2025-04-11,2025-04-21,-0.0010339232881941,2025,2025-03-31,learned_market,20260910,0.5214083358108379,0.5214083358108379,1,0
weekly_global_validated,3452,2025-04-18,2025-04-28,0.0048432383085554,2025,2025-03-31,learned_market,20260910,0.7734052582999416,0.7734052582999416,1,1
weekly_global_validated,3457,2025-04-25,2025-05-12,0.02116527880118,2025,2025-03-31,learned_market,20260910,0.4558498073052,0.4558498073052,0,1
weekly_global_validated,3464,2025-05-09,2025-05-19,0.0041484224873464,2025,2025-03-31,learned_market,20260910,0.3719118552957933,0.3719118552957933,0,1
weekly_global_validated,3469,2025-05-16,2025-05-26,-0.0017462660042188,2025,2025-03-31,learned_market,20260910,0.3347557846128493,0.3347557846128493,0,0
weekly_global_validated,3474,2025-05-23,2025-06-03,-0.0109216443615366,2025,2025-03-31,learned_market,20260910,0.4355752261120325,0.4355752261120325,0,0
weekly_global_validated,3479,2025-05-30,2025-06-09,0.011566574321892,2025,2025-03-31,learned_market,20260910,0.36634985851125834,0.36634985851125834,0,1
weekly_global_validated,3483,2025-06-06,2025-06-16,-0.0062354943524679,2025,2025-03-31,learned_market,20260910,0.4008337518523243,0.4008337518523243,0,0
weekly_global_validated,3488,2025-06-13,2025-06-23,-0.005825691168304,2025,2025-03-31,learned_market,20260910,0.39810789776620636,0.39810789776620636,0,0
weekly_global_validated,3493,2025-06-20,2025-06-30,0.0232670437490374,2025,2025-03-31,learned_market,20260910,0.4122689448247892,0.4122689448247892,0,1
weekly_global_validated,3498,2025-06-27,2025-07-07,0.0145345648685946,2025,2025-03-31,learned_market,20260910,0.3732862575696102,0.3732862575696102,0,1
weekly_global_ungated,3447,2025-04-11,2025-04-21,-0.0010339232881941,2025,2025-03-31,learned_market,20260910,0.5050211022369303,0.5050211022369303,1,0
weekly_global_ungated,3452,2025-04-18,2025-04-28,0.0048432383085554,2025,2025-03-31,learned_market,20260910,0.7617030848644006,0.7617030848644006,1,1
weekly_global_ungated,3457,2025-04-25,2025-05-12,0.02116527880118,2025,2025-03-31,learned_market,20260910,0.43963030954095406,0.43963030954095406,0,1
weekly_global_ungated,3464,2025-05-09,2025-05-19,0.0041484224873464,2025,2025-03-31,learned_market,20260910,0.35672106594032593,0.35672106594032593,0,1
weekly_global_ungated,3469,2025-05-16,2025-05-26,-0.0017462660042188,2025,2025-03-31,learned_market,20260910,0.32030868046434424,0.32030868046434424,0,0
weekly_global_ungated,3474,2025-05-23,2025-06-03,-0.0109216443615366,2025,2025-03-31,learned_market,20260910,0.4195209506559421,0.4195209506559421,0,0
weekly_global_ungated,3479,2025-05-30,2025-06-09,0.011566574321892,2025,2025-03-31,learned_market,20260910,0.35125919863465754,0.35125919863465754,0,1
weekly_global_ungated,3483,2025-06-06,2025-06-16,-0.0062354943524679,2025,2025-03-31,learned_market,20260910,0.38518610827000205,0.38518610827000205,0,0
weekly_global_ungated,3488,2025-06-13,2025-06-23,-0.005825691168304,2025,2025-03-31,learned_market,20260910,0.38249873406535145,0.38249873406535145,0,0
weekly_global_ungated,3493,2025-06-20,2025-06-30,0.0232670437490374,2025,2025-03-31,learned_market,20260910,0.396470284214324,0.396470284214324,0,1
weekly_global_ungated,3498,2025-06-27,2025-07-07,0.0145345648685946,2025,2025-03-31,learned_market,20260910,0.3580713344874265,0.3580713344874265,0,1
weekly_state_validated,3447,2025-04-11,2025-04-21,-0.0010339232881941,2025,2025-03-31,learned_market,20260911,0.5805268836119362,0.5805268836119362,1,0
weekly_state_validated,3452,2025-04-18,2025-04-28,0.0048432383085554,2025,2025-03-31,learned_market,20260911,0.5688872565915271,0.5688872565915271,1,1
weekly_state_validated,3457,2025-04-25,2025-05-12,0.02116527880118,2025,2025-03-31,learned_market,20260911,0.46122086100259085,0.46122086100259085,0,1
weekly_state_validated,3464,2025-05-09,2025-05-19,0.0041484224873464,2025,2025-03-31,learned_market,20260911,0.36466861561285696,0.36466861561285696,0,1
weekly_state_validated,3469,2025-05-16,2025-05-26,-0.0017462660042188,2025,2025-03-31,learned_market,20260911,0.18741885684315504,0.18741885684315504,0,0
weekly_state_validated,3474,2025-05-23,2025-06-03,-0.0109216443615366,2025,2025-03-31,learned_market,20260911,0.3329216730635309,0.3329216730635309,0,0
weekly_state_validated,3479,2025-05-30,2025-06-09,0.011566574321892,2025,2025-03-31,learned_market,20260911,0.27007284209566695,0.27007284209566695,0,1
weekly_state_validated,3483,2025-06-06,2025-06-16,-0.0062354943524679,2025,2025-03-31,learned_market,20260911,0.5350200825873069,0.5350200825873069,1,0
weekly_state_validated,3488,2025-06-13,2025-06-23,-0.005825691168304,2025,2025-03-31,learned_market,20260911,0.46140451244920655,0.46140451244920655,0,0
weekly_state_validated,3493,2025-06-20,2025-06-30,0.0232670437490374,2025,2025-03-31,learned_market,20260911,0.5232923093031243,0.5232923093031243,1,1
weekly_state_validated,3498,2025-06-27,2025-07-07,0.0145345648685946,2025,2025-03-31,learned_market,20260911,0.5610127223665392,0.5610127223665392,1,1
weekly_state_ungated,3447,2025-04-11,2025-04-21,-0.0010339232881941,2025,2025-03-31,learned_market,20260911,0.5805268836119362,0.5805268836119362,1,0
weekly_state_ungated,3452,2025-04-18,2025-04-28,0.0048432383085554,2025,2025-03-31,learned_market,20260911,0.5688872565915271,0.5688872565915271,1,1
weekly_state_ungated,3457,2025-04-25,2025-05-12,0.02116527880118,2025,2025-03-31,learned_market,20260911,0.46122086100259085,0.46122086100259085,0,1
weekly_state_ungated,3464,2025-05-09,2025-05-19,0.0041484224873464,2025,2025-03-31,learned_market,20260911,0.3327430829889502,0.3327430829889502,0,1
weekly_state_ungated,3469,2025-05-16,2025-05-26,-0.0017462660042188,2025,2025-03-31,learned_market,20260911,0.1669336885843748,0.1669336885843748,0,0
weekly_state_ungated,3474,2025-05-23,2025-06-03,-0.0109216443615366,2025,2025-03-31,learned_market,20260911,0.30245236310302426,0.30245236310302426,0,0
weekly_state_ungated,3479,2025-05-30,2025-06-09,0.011566574321892,2025,2025-03-31,learned_market,20260911,0.24325798797215212,0.24325798797215212,0,1
weekly_state_ungated,3483,2025-06-06,2025-06-16,-0.0062354943524679,2025,2025-03-31,learned_market,20260911,0.49991581790085726,0.49991581790085726,0,0
weekly_state_ungated,3488,2025-06-13,2025-06-23,-0.005825691168304,2025,2025-03-31,learned_market,20260911,0.426697915103841,0.426697915103841,0,0
weekly_state_ungated,3493,2025-06-20,2025-06-30,0.0232670437490374,2025,2025-03-31,learned_market,20260911,0.4881497009942475,0.4881497009942475,0,1
weekly_state_ungated,3498,2025-06-27,2025-07-07,0.0145345648685946,2025,2025-03-31,learned_market,20260911,0.5527557331951148,0.5527557331951148,1,1
weekly_global_validated,3447,2025-04-11,2025-04-21,-0.0010339232881941,2025,2025-03-31,learned_market,20260911,0.5805268836119362,0.5805268836119362,1,0
weekly_global_validated,3452,2025-04-18,2025-04-28,0.0048432383085554,2025,2025-03-31,learned_market,20260911,0.5688872565915271,0.5688872565915271,1,1
weekly_global_validated,3457,2025-04-25,2025-05-12,0.02116527880118,2025,2025-03-31,learned_market,20260911,0.46122086100259085,0.46122086100259085,0,1
weekly_global_validated,3464,2025-05-09,2025-05-19,0.0041484224873464,2025,2025-03-31,learned_market,20260911,0.36466861561285696,0.36466861561285696,0,1
weekly_global_validated,3469,2025-05-16,2025-05-26,-0.0017462660042188,2025,2025-03-31,learned_market,20260911,0.18741885684315504,0.18741885684315504,0,0
weekly_global_validated,3474,2025-05-23,2025-06-03,-0.0109216443615366,2025,2025-03-31,learned_market,20260911,0.3329216730635309,0.3329216730635309,0,0
weekly_global_validated,3479,2025-05-30,2025-06-09,0.011566574321892,2025,2025-03-31,learned_market,20260911,0.27007284209566695,0.27007284209566695,0,1
weekly_global_validated,3483,2025-06-06,2025-06-16,-0.0062354943524679,2025,2025-03-31,learned_market,20260911,0.5350200825873069,0.5350200825873069,1,0
weekly_global_validated,3488,2025-06-13,2025-06-23,-0.005825691168304,2025,2025-03-31,learned_market,20260911,0.46140451244920655,0.46140451244920655,0,0
weekly_global_validated,3493,2025-06-20,2025-06-30,0.0232670437490374,2025,2025-03-31,learned_market,20260911,0.5232923093031243,0.5232923093031243,1,1
weekly_global_validated,3498,2025-06-27,2025-07-07,0.0145345648685946,2025,2025-03-31,learned_market,20260911,0.5610127223665392,0.5610127223665392,1,1
weekly_global_ungated,3447,2025-04-11,2025-04-21,-0.0010339232881941,2025,2025-03-31,learned_market,20260911,0.5619316851564644,0.5619316851564644,1,0
weekly_global_ungated,3452,2025-04-18,2025-04-28,0.0048432383085554,2025,2025-03-31,learned_market,20260911,0.5501758870079547,0.5501758870079547,1,1
weekly_global_ungated,3457,2025-04-25,2025-05-12,0.02116527880118,2025,2025-03-31,learned_market,20260911,0.44241663823656335,0.44241663823656335,0,1
weekly_global_ungated,3464,2025-05-09,2025-05-19,0.0041484224873464,2025,2025-03-31,learned_market,20260911,0.34726366413556103,0.34726366413556103,0,1
weekly_global_ungated,3469,2025-05-16,2025-05-26,-0.0017462660042188,2025,2025-03-31,learned_market,20260911,0.17612845426621282,0.17612845426621282,0,0
weekly_global_ungated,3474,2025-05-23,2025-06-03,-0.0109216443615366,2025,2025-03-31,learned_market,20260911,0.3162776431063879,0.3162776431063879,0,0
weekly_global_ungated,3479,2025-05-30,2025-06-09,0.011566574321892,2025,2025-03-31,learned_market,20260911,0.25536803853147433,0.25536803853147433,0,1
weekly_global_ungated,3483,2025-06-06,2025-06-16,-0.0062354943524679,2025,2025-03-31,learned_market,20260911,0.5160891466372245,0.5160891466372245,1,0
weekly_global_ungated,3488,2025-06-13,2025-06-23,-0.005825691168304,2025,2025-03-31,learned_market,20260911,0.44259895303952945,0.44259895303952945,0,0
weekly_global_ungated,3493,2025-06-20,2025-06-30,0.0232670437490374,2025,2025-03-31,learned_market,20260911,0.5043262587532454,0.5043262587532454,1,1
weekly_global_ungated,3498,2025-06-27,2025-07-07,0.0145345648685946,2025,2025-03-31,learned_market,20260911,0.542234593317809,0.542234593317809,1,1
weekly_state_validated,3447,2025-04-11,2025-04-21,-0.0010339232881941,2025,2025-03-31,learned_market,20260912,0.5215906360273727,0.5215906360273727,1,0
weekly_state_validated,3452,2025-04-18,2025-04-28,0.0048432383085554,2025,2025-03-31,learned_market,20260912,0.6471632189538753,0.6471632189538753,1,1
weekly_state_validated,3457,2025-04-25,2025-05-12,0.02116527880118,2025,2025-03-31,learned_market,20260912,0.4695696106758965,0.4695696106758965,0,1
weekly_state_validated,3464,2025-05-09,2025-05-19,0.0041484224873464,2025,2025-03-31,learned_market,20260912,0.22514170688818488,0.22514170688818488,0,1
weekly_state_validated,3469,2025-05-16,2025-05-26,-0.0017462660042188,2025,2025-03-31,learned_market,20260912,0.31332898029792033,0.31332898029792033,0,0
weekly_state_validated,3474,2025-05-23,2025-06-03,-0.0109216443615366,2025,2025-03-31,learned_market,20260912,0.19958434143711248,0.19958434143711248,0,0
weekly_state_validated,3479,2025-05-30,2025-06-09,0.011566574321892,2025,2025-03-31,learned_market,20260912,0.15629075747992066,0.15629075747992066,0,1
weekly_state_validated,3483,2025-06-06,2025-06-16,-0.0062354943524679,2025,2025-03-31,learned_market,20260912,0.37428363998955994,0.37428363998955994,0,0
weekly_state_validated,3488,2025-06-13,2025-06-23,-0.005825691168304,2025,2025-03-31,learned_market,20260912,0.2863959921610815,0.2863959921610815,0,0
weekly_state_validated,3493,2025-06-20,2025-06-30,0.0232670437490374,2025,2025-03-31,learned_market,20260912,0.41408451859112755,0.41408451859112755,0,1
weekly_state_validated,3498,2025-06-27,2025-07-07,0.0145345648685946,2025,2025-03-31,learned_market,20260912,0.5266011272495493,0.5266011272495493,1,1
weekly_state_ungated,3447,2025-04-11,2025-04-21,-0.0010339232881941,2025,2025-03-31,learned_market,20260912,0.5215906360273727,0.5215906360273727,1,0
weekly_state_ungated,3452,2025-04-18,2025-04-28,0.0048432383085554,2025,2025-03-31,learned_market,20260912,0.6471632189538753,0.6471632189538753,1,1
weekly_state_ungated,3457,2025-04-25,2025-05-12,0.02116527880118,2025,2025-03-31,learned_market,20260912,0.4695696106758965,0.4695696106758965,0,1
weekly_state_ungated,3464,2025-05-09,2025-05-19,0.0041484224873464,2025,2025-03-31,learned_market,20260912,0.20746104521822645,0.20746104521822645,0,1
weekly_state_ungated,3469,2025-05-16,2025-05-26,-0.0017462660042188,2025,2025-03-31,learned_market,20260912,0.2913266537561299,0.2913266537561299,0,0
weekly_state_ungated,3474,2025-05-23,2025-06-03,-0.0109216443615366,2025,2025-03-31,learned_market,20260912,0.1834355936297434,0.1834355936297434,0,0
weekly_state_ungated,3479,2025-05-30,2025-06-09,0.011566574321892,2025,2025-03-31,learned_market,20260912,0.1430190622678496,0.1430190622678496,0,1
weekly_state_ungated,3483,2025-06-06,2025-06-16,-0.0062354943524679,2025,2025-03-31,learned_market,20260912,0.3501838483442765,0.3501838483442765,0,0
weekly_state_ungated,3488,2025-06-13,2025-06-23,-0.005825691168304,2025,2025-03-31,learned_market,20260912,0.2655535298103223,0.2655535298103223,0,0
weekly_state_ungated,3493,2025-06-20,2025-06-30,0.0232670437490374,2025,2025-03-31,learned_market,20260912,0.38901527151577303,0.38901527151577303,0,1
weekly_state_ungated,3498,2025-06-27,2025-07-07,0.0145345648685946,2025,2025-03-31,learned_market,20260912,0.5240957666818583,0.5240957666818583,1,1
weekly_global_validated,3447,2025-04-11,2025-04-21,-0.0010339232881941,2025,2025-03-31,learned_market,20260912,0.5215906360273727,0.5215906360273727,1,0
weekly_global_validated,3452,2025-04-18,2025-04-28,0.0048432383085554,2025,2025-03-31,learned_market,20260912,0.6471632189538753,0.6471632189538753,1,1
weekly_global_validated,3457,2025-04-25,2025-05-12,0.02116527880118,2025,2025-03-31,learned_market,20260912,0.4695696106758965,0.4695696106758965,0,1
weekly_global_validated,3464,2025-05-09,2025-05-19,0.0041484224873464,2025,2025-03-31,learned_market,20260912,0.22514170688818488,0.22514170688818488,0,1
weekly_global_validated,3469,2025-05-16,2025-05-26,-0.0017462660042188,2025,2025-03-31,learned_market,20260912,0.31332898029792033,0.31332898029792033,0,0
weekly_global_validated,3474,2025-05-23,2025-06-03,-0.0109216443615366,2025,2025-03-31,learned_market,20260912,0.19958434143711248,0.19958434143711248,0,0
weekly_global_validated,3479,2025-05-30,2025-06-09,0.011566574321892,2025,2025-03-31,learned_market,20260912,0.15629075747992066,0.15629075747992066,0,1
weekly_global_validated,3483,2025-06-06,2025-06-16,-0.0062354943524679,2025,2025-03-31,learned_market,20260912,0.37428363998955994,0.37428363998955994,0,0
weekly_global_validated,3488,2025-06-13,2025-06-23,-0.005825691168304,2025,2025-03-31,learned_market,20260912,0.2863959921610815,0.2863959921610815,0,0
weekly_global_validated,3493,2025-06-20,2025-06-30,0.0232670437490374,2025,2025-03-31,learned_market,20260912,0.41408451859112755,0.41408451859112755,0,1
weekly_global_validated,3498,2025-06-27,2025-07-07,0.0145345648685946,2025,2025-03-31,learned_market,20260912,0.5266011272495493,0.5266011272495493,1,1
weekly_global_ungated,3447,2025-04-11,2025-04-21,-0.0010339232881941,2025,2025-03-31,learned_market,20260912,0.5065905277123616,0.5065905277123616,1,0
weekly_global_ungated,3452,2025-04-18,2025-04-28,0.0048432383085554,2025,2025-03-31,learned_market,20260912,0.6333325458688615,0.6333325458688615,1,1
weekly_global_ungated,3457,2025-04-25,2025-05-12,0.02116527880118,2025,2025-03-31,learned_market,20260912,0.454643819948846,0.454643819948846,0,1
weekly_global_ungated,3464,2025-05-09,2025-05-19,0.0041484224873464,2025,2025-03-31,learned_market,20260912,0.21483850826404818,0.21483850826404818,0,1
weekly_global_ungated,3469,2025-05-16,2025-05-26,-0.0017462660042188,2025,2025-03-31,learned_market,20260912,0.3005554488066533,0.3005554488066533,0,0
weekly_global_ungated,3474,2025-05-23,2025-06-03,-0.0109216443615366,2025,2025-03-31,learned_market,20260912,0.19016369216215087,0.19016369216215087,0,0
weekly_global_ungated,3479,2025-05-30,2025-06-09,0.011566574321892,2025,2025-03-31,learned_market,20260912,0.1485344051857049,0.1485344051857049,0,1
weekly_global_ungated,3483,2025-06-06,2025-06-16,-0.0062354943524679,2025,2025-03-31,learned_market,20260912,0.3603291315194824,0.3603291315194824,0,0
weekly_global_ungated,3488,2025-06-13,2025-06-23,-0.005825691168304,2025,2025-03-31,learned_market,20260912,0.27428186754571676,0.27428186754571676,0,0
weekly_global_ungated,3493,2025-06-20,2025-06-30,0.0232670437490374,2025,2025-03-31,learned_market,20260912,0.3995937532973556,0.3995937532973556,0,1
weekly_global_ungated,3498,2025-06-27,2025-07-07,0.0145345648685946,2025,2025-03-31,learned_market,20260912,0.5116110190491294,0.5116110190491294,1,1
weekly_state_validated,3447,2025-04-11,2025-04-21,-0.0010339232881941,2025,2025-03-31,learned_vol_interaction,20260910,0.5594314824149098,0.5594314824149098,1,0
weekly_state_validated,3452,2025-04-18,2025-04-28,0.0048432383085554,2025,2025-03-31,learned_vol_interaction,20260910,0.6161803550192988,0.6161803550192988,1,1
weekly_state_validated,3457,2025-04-25,2025-05-12,0.02116527880118,2025,2025-03-31,learned_vol_interaction,20260910,0.5129504837776576,0.5129504837776576,1,1
weekly_state_validated,3464,2025-05-09,2025-05-19,0.0041484224873464,2025,2025-03-31,learned_vol_interaction,20260910,0.3397584672529613,0.3397584672529613,0,1
weekly_state_validated,3469,2025-05-16,2025-05-26,-0.0017462660042188,2025,2025-03-31,learned_vol_interaction,20260910,0.3057602604209353,0.3057602604209353,0,0
weekly_state_validated,3474,2025-05-23,2025-06-03,-0.0109216443615366,2025,2025-03-31,learned_vol_interaction,20260910,0.4388710457955909,0.4388710457955909,0,0
weekly_state_validated,3479,2025-05-30,2025-06-09,0.011566574321892,2025,2025-03-31,learned_vol_interaction,20260910,0.36460442555702505,0.36460442555702505,0,1
weekly_state_validated,3483,2025-06-06,2025-06-16,-0.0062354943524679,2025,2025-03-31,learned_vol_interaction,20260910,0.39394803233936054,0.39394803233936054,0,0
weekly_state_validated,3488,2025-06-13,2025-06-23,-0.005825691168304,2025,2025-03-31,learned_vol_interaction,20260910,0.3901672438709687,0.3901672438709687,0,0
weekly_state_validated,3493,2025-06-20,2025-06-30,0.0232670437490374,2025,2025-03-31,learned_vol_interaction,20260910,0.422539141417078,0.422539141417078,0,1
weekly_state_validated,3498,2025-06-27,2025-07-07,0.0145345648685946,2025,2025-03-31,learned_vol_interaction,20260910,0.38892299865015934,0.38892299865015934,0,1
weekly_state_ungated,3447,2025-04-11,2025-04-21,-0.0010339232881941,2025,2025-03-31,learned_vol_interaction,20260910,0.5594314824149098,0.5594314824149098,1,0
weekly_state_ungated,3452,2025-04-18,2025-04-28,0.0048432383085554,2025,2025-03-31,learned_vol_interaction,20260910,0.6161803550192988,0.6161803550192988,1,1
weekly_state_ungated,3457,2025-04-25,2025-05-12,0.02116527880118,2025,2025-03-31,learned_vol_interaction,20260910,0.5129504837776576,0.5129504837776576,1,1
weekly_state_ungated,3464,2025-05-09,2025-05-19,0.0041484224873464,2025,2025-03-31,learned_vol_interaction,20260910,0.3080098271011052,0.3080098271011052,0,1
weekly_state_ungated,3469,2025-05-16,2025-05-26,-0.0017462660042188,2025,2025-03-31,learned_vol_interaction,20260910,0.27586118352101935,0.27586118352101935,0,0
weekly_state_ungated,3474,2025-05-23,2025-06-03,-0.0109216443615366,2025,2025-03-31,learned_vol_interaction,20260910,0.40352125786654286,0.40352125786654286,0,0
weekly_state_ungated,3479,2025-05-30,2025-06-09,0.011566574321892,2025,2025-03-31,learned_vol_interaction,20260910,0.33170047842322997,0.33170047842322997,0,1
weekly_state_ungated,3483,2025-06-06,2025-06-16,-0.0062354943524679,2025,2025-03-31,learned_vol_interaction,20260910,0.35989588801347827,0.35989588801347827,0,0
weekly_state_ungated,3488,2025-06-13,2025-06-23,-0.005825691168304,2025,2025-03-31,learned_vol_interaction,20260910,0.3562498016070347,0.3562498016070347,0,0
weekly_state_ungated,3493,2025-06-20,2025-06-30,0.0232670437490374,2025,2025-03-31,learned_vol_interaction,20260910,0.38759617653787676,0.38759617653787676,0,1
weekly_state_ungated,3498,2025-06-27,2025-07-07,0.0145345648685946,2025,2025-03-31,learned_vol_interaction,20260910,0.38381031089291195,0.38381031089291195,0,1
weekly_global_validated,3447,2025-04-11,2025-04-21,-0.0010339232881941,2025,2025-03-31,learned_vol_interaction,20260910,0.5594314824149098,0.5594314824149098,1,0
weekly_global_validated,3452,2025-04-18,2025-04-28,0.0048432383085554,2025,2025-03-31,learned_vol_interaction,20260910,0.6161803550192988,0.6161803550192988,1,1
weekly_global_validated,3457,2025-04-25,2025-05-12,0.02116527880118,2025,2025-03-31,learned_vol_interaction,20260910,0.5129504837776576,0.5129504837776576,1,1
weekly_global_validated,3464,2025-05-09,2025-05-19,0.0041484224873464,2025,2025-03-31,learned_vol_interaction,20260910,0.3397584672529613,0.3397584672529613,0,1
weekly_global_validated,3469,2025-05-16,2025-05-26,-0.0017462660042188,2025,2025-03-31,learned_vol_interaction,20260910,0.3057602604209353,0.3057602604209353,0,0
weekly_global_validated,3474,2025-05-23,2025-06-03,-0.0109216443615366,2025,2025-03-31,learned_vol_interaction,20260910,0.4388710457955909,0.4388710457955909,0,0
weekly_global_validated,3479,2025-05-30,2025-06-09,0.011566574321892,2025,2025-03-31,learned_vol_interaction,20260910,0.36460442555702505,0.36460442555702505,0,1
weekly_global_validated,3483,2025-06-06,2025-06-16,-0.0062354943524679,2025,2025-03-31,learned_vol_interaction,20260910,0.39394803233936054,0.39394803233936054,0,0
weekly_global_validated,3488,2025-06-13,2025-06-23,-0.005825691168304,2025,2025-03-31,learned_vol_interaction,20260910,0.3901672438709687,0.3901672438709687,0,0
weekly_global_validated,3493,2025-06-20,2025-06-30,0.0232670437490374,2025,2025-03-31,learned_vol_interaction,20260910,0.422539141417078,0.422539141417078,0,1
weekly_global_validated,3498,2025-06-27,2025-07-07,0.0145345648685946,2025,2025-03-31,learned_vol_interaction,20260910,0.38892299865015934,0.38892299865015934,0,1
weekly_global_ungated,3447,2025-04-11,2025-04-21,-0.0010339232881941,2025,2025-03-31,learned_vol_interaction,20260910,0.5404032243220275,0.5404032243220275,1,0
weekly_global_ungated,3452,2025-04-18,2025-04-28,0.0048432383085554,2025,2025-03-31,learned_vol_interaction,20260910,0.597841144247902,0.597841144247902,1,1
weekly_global_ungated,3457,2025-04-25,2025-05-12,0.02116527880118,2025,2025-03-31,learned_vol_interaction,20260910,0.49373144998777474,0.49373144998777474,0,1
weekly_global_ungated,3464,2025-05-09,2025-05-19,0.0041484224873464,2025,2025-03-31,learned_vol_interaction,20260910,0.32272872389734825,0.32272872389734825,0,1
weekly_global_ungated,3469,2025-05-16,2025-05-26,-0.0017462660042188,2025,2025-03-31,learned_vol_interaction,20260910,0.2896869250726361,0.2896869250726361,0,0
weekly_global_ungated,3474,2025-05-23,2025-06-03,-0.0109216443615366,2025,2025-03-31,learned_vol_interaction,20260910,0.42003391808117463,0.42003391808117463,0,0
weekly_global_ungated,3479,2025-05-30,2025-06-09,0.011566574321892,2025,2025-03-31,learned_vol_interaction,20260910,0.34698381142559687,0.34698381142559687,0,1
weekly_global_ungated,3483,2025-06-06,2025-06-16,-0.0062354943524679,2025,2025-03-31,learned_vol_interaction,20260910,0.37574791903698934,0.37574791903698934,0,0
weekly_global_ungated,3488,2025-06-13,2025-06-23,-0.005825691168304,2025,2025-03-31,learned_vol_interaction,20260910,0.37203457650731053,0.37203457650731053,0,0
weekly_global_ungated,3493,2025-06-20,2025-06-30,0.0232670437490374,2025,2025-03-31,learned_vol_interaction,20260910,0.40389843507940915,0.40389843507940915,0,1
weekly_global_ungated,3498,2025-06-27,2025-07-07,0.0145345648685946,2025,2025-03-31,learned_vol_interaction,20260910,0.37081299546225255,0.37081299546225255,0,1
weekly_state_validated,3447,2025-04-11,2025-04-21,-0.0010339232881941,2025,2025-03-31,learned_vol_interaction,20260911,0.5558462748112867,0.5558462748112867,1,0
weekly_state_validated,3452,2025-04-18,2025-04-28,0.0048432383085554,2025,2025-03-31,learned_vol_interaction,20260911,0.5512669000081979,0.5512669000081979,1,1
weekly_state_validated,3457,2025-04-25,2025-05-12,0.02116527880118,2025,2025-03-31,learned_vol_interaction,20260911,0.46126589698872084,0.46126589698872084,0,1
weekly_state_validated,3464,2025-05-09,2025-05-19,0.0041484224873464,2025,2025-03-31,learned_vol_interaction,20260911,0.3657811119346164,0.3657811119346164,0,1
weekly_state_validated,3469,2025-05-16,2025-05-26,-0.0017462660042188,2025,2025-03-31,learned_vol_interaction,20260911,0.17005088379113875,0.17005088379113875,0,0
weekly_state_validated,3474,2025-05-23,2025-06-03,-0.0109216443615366,2025,2025-03-31,learned_vol_interaction,20260911,0.33365244663818855,0.33365244663818855,0,0
weekly_state_validated,3479,2025-05-30,2025-06-09,0.011566574321892,2025,2025-03-31,learned_vol_interaction,20260911,0.25952747706866647,0.25952747706866647,0,1
weekly_state_validated,3483,2025-06-06,2025-06-16,-0.0062354943524679,2025,2025-03-31,learned_vol_interaction,20260911,0.5526607674508816,0.5526607674508816,1,0
weekly_state_validated,3488,2025-06-13,2025-06-23,-0.005825691168304,2025,2025-03-31,learned_vol_interaction,20260911,0.47804200570352084,0.47804200570352084,0,0
weekly_state_validated,3493,2025-06-20,2025-06-30,0.0232670437490374,2025,2025-03-31,learned_vol_interaction,20260911,0.5462388483085826,0.5462388483085826,1,1
weekly_state_validated,3498,2025-06-27,2025-07-07,0.0145345648685946,2025,2025-03-31,learned_vol_interaction,20260911,0.578261270104434,0.578261270104434,1,1
weekly_state_ungated,3447,2025-04-11,2025-04-21,-0.0010339232881941,2025,2025-03-31,learned_vol_interaction,20260911,0.5558462748112867,0.5558462748112867,1,0
weekly_state_ungated,3452,2025-04-18,2025-04-28,0.0048432383085554,2025,2025-03-31,learned_vol_interaction,20260911,0.5512669000081979,0.5512669000081979,1,1
weekly_state_ungated,3457,2025-04-25,2025-05-12,0.02116527880118,2025,2025-03-31,learned_vol_interaction,20260911,0.46126589698872084,0.46126589698872084,0,1
weekly_state_ungated,3464,2025-05-09,2025-05-19,0.0041484224873464,2025,2025-03-31,learned_vol_interaction,20260911,0.3322178868284986,0.3322178868284986,0,1
weekly_state_ungated,3469,2025-05-16,2025-05-26,-0.0017462660042188,2025,2025-03-31,learned_vol_interaction,20260911,0.15019422377447308,0.15019422377447308,0,0
weekly_state_ungated,3474,2025-05-23,2025-06-03,-0.0109216443615366,2025,2025-03-31,learned_vol_interaction,20260911,0.30163517670816664,0.30163517670816664,0,0
weekly_state_ungated,3479,2025-05-30,2025-06-09,0.011566574321892,2025,2025-03-31,learned_vol_interaction,20260911,0.23214516628954704,0.23214516628954704,0,1
weekly_state_ungated,3483,2025-06-06,2025-06-16,-0.0062354943524679,2025,2025-03-31,learned_vol_interaction,20260911,0.5158984632091212,0.5158984632091212,1,0
weekly_state_ungated,3488,2025-06-13,2025-06-23,-0.005825691168304,2025,2025-03-31,learned_vol_interaction,20260911,0.4413461984366204,0.4413461984366204,0,0
weekly_state_ungated,3493,2025-06-20,2025-06-30,0.0232670437490374,2025,2025-03-31,learned_vol_interaction,20260911,0.5094172638382685,0.5094172638382685,1,1
weekly_state_ungated,3498,2025-06-27,2025-07-07,0.0145345648685946,2025,2025-03-31,learned_vol_interaction,20260911,0.5700946507434909,0.5700946507434909,1,1
weekly_global_validated,3447,2025-04-11,2025-04-21,-0.0010339232881941,2025,2025-03-31,learned_vol_interaction,20260911,0.5558462748112867,0.5558462748112867,1,0
weekly_global_validated,3452,2025-04-18,2025-04-28,0.0048432383085554,2025,2025-03-31,learned_vol_interaction,20260911,0.5512669000081979,0.5512669000081979,1,1
weekly_global_validated,3457,2025-04-25,2025-05-12,0.02116527880118,2025,2025-03-31,learned_vol_interaction,20260911,0.46126589698872084,0.46126589698872084,0,1
weekly_global_validated,3464,2025-05-09,2025-05-19,0.0041484224873464,2025,2025-03-31,learned_vol_interaction,20260911,0.3657811119346164,0.3657811119346164,0,1
weekly_global_validated,3469,2025-05-16,2025-05-26,-0.0017462660042188,2025,2025-03-31,learned_vol_interaction,20260911,0.17005088379113875,0.17005088379113875,0,0
weekly_global_validated,3474,2025-05-23,2025-06-03,-0.0109216443615366,2025,2025-03-31,learned_vol_interaction,20260911,0.33365244663818855,0.33365244663818855,0,0
weekly_global_validated,3479,2025-05-30,2025-06-09,0.011566574321892,2025,2025-03-31,learned_vol_interaction,20260911,0.25952747706866647,0.25952747706866647,0,1
weekly_global_validated,3483,2025-06-06,2025-06-16,-0.0062354943524679,2025,2025-03-31,learned_vol_interaction,20260911,0.5526607674508816,0.5526607674508816,1,0
weekly_global_validated,3488,2025-06-13,2025-06-23,-0.005825691168304,2025,2025-03-31,learned_vol_interaction,20260911,0.47804200570352084,0.47804200570352084,0,0
weekly_global_validated,3493,2025-06-20,2025-06-30,0.0232670437490374,2025,2025-03-31,learned_vol_interaction,20260911,0.5462388483085826,0.5462388483085826,1,1
weekly_global_validated,3498,2025-06-27,2025-07-07,0.0145345648685946,2025,2025-03-31,learned_vol_interaction,20260911,0.578261270104434,0.578261270104434,1,1
weekly_global_ungated,3447,2025-04-11,2025-04-21,-0.0010339232881941,2025,2025-03-31,learned_vol_interaction,20260911,0.5356006214323147,0.5356006214323147,1,0
weekly_global_ungated,3452,2025-04-18,2025-04-28,0.0048432383085554,2025,2025-03-31,learned_vol_interaction,20260911,0.5309886371136663,0.5309886371136663,1,1
weekly_global_ungated,3457,2025-04-25,2025-05-12,0.02116527880118,2025,2025-03-31,learned_vol_interaction,20260911,0.44104436023486826,0.44104436023486826,0,1
weekly_global_ungated,3464,2025-05-09,2025-05-19,0.0041484224873464,2025,2025-03-31,learned_vol_interaction,20260911,0.3470489737724454,0.3470489737724454,0,1
weekly_global_ungated,3469,2025-05-16,2025-05-26,-0.0017462660042188,2025,2025-03-31,learned_vol_interaction,20260911,0.15883206664692243,0.15883206664692243,0,0
weekly_global_ungated,3474,2025-05-23,2025-06-03,-0.0109216443615366,2025,2025-03-31,learned_vol_interaction,20260911,0.3157465201857843,0.3157465201857843,0,0
weekly_global_ungated,3479,2025-05-30,2025-06-09,0.011566574321892,2025,2025-03-31,learned_vol_interaction,20260911,0.24414207017778086,0.24414207017778086,0,1
weekly_global_ungated,3483,2025-06-06,2025-06-16,-0.0062354943524679,2025,2025-03-31,learned_vol_interaction,20260911,0.5323920636052004,0.5323920636052004,1,0
weekly_global_ungated,3488,2025-06-13,2025-06-23,-0.005825691168304,2025,2025-03-31,learned_vol_interaction,20260911,0.45770985890645977,0.45770985890645977,0,0
weekly_global_ungated,3493,2025-06-20,2025-06-30,0.0232670437490374,2025,2025-03-31,learned_vol_interaction,20260911,0.525928767376688,0.525928767376688,1,1
weekly_global_ungated,3498,2025-06-27,2025-07-07,0.0145345648685946,2025,2025-03-31,learned_vol_interaction,20260911,0.5582252981076518,0.5582252981076518,1,1
weekly_state_validated,3447,2025-04-11,2025-04-21,-0.0010339232881941,2025,2025-03-31,learned_vol_interaction,20260912,0.5182124590150238,0.5182124590150238,1,0
weekly_state_validated,3452,2025-04-18,2025-04-28,0.0048432383085554,2025,2025-03-31,learned_vol_interaction,20260912,0.6373210111342115,0.6373210111342115,1,1
weekly_state_validated,3457,2025-04-25,2025-05-12,0.02116527880118,2025,2025-03-31,learned_vol_interaction,20260912,0.4715989287340677,0.4715989287340677,0,1
weekly_state_validated,3464,2025-05-09,2025-05-19,0.0041484224873464,2025,2025-03-31,learned_vol_interaction,20260912,0.2195213618582217,0.2195213618582217,0,1
weekly_state_validated,3469,2025-05-16,2025-05-26,-0.0017462660042188,2025,2025-03-31,learned_vol_interaction,20260912,0.30980692288748674,0.30980692288748674,0,0
weekly_state_validated,3474,2025-05-23,2025-06-03,-0.0109216443615366,2025,2025-03-31,learned_vol_interaction,20260912,0.19480935035671804,0.19480935035671804,0,0
weekly_state_validated,3479,2025-05-30,2025-06-09,0.011566574321892,2025,2025-03-31,learned_vol_interaction,20260912,0.15118619506064962,0.15118619506064962,0,1
weekly_state_validated,3483,2025-06-06,2025-06-16,-0.0062354943524679,2025,2025-03-31,learned_vol_interaction,20260912,0.37427363804780367,0.37427363804780367,0,0
weekly_state_validated,3488,2025-06-13,2025-06-23,-0.005825691168304,2025,2025-03-31,learned_vol_interaction,20260912,0.28249272154558186,0.28249272154558186,0,0
weekly_state_validated,3493,2025-06-20,2025-06-30,0.0232670437490374,2025,2025-03-31,learned_vol_interaction,20260912,0.41432413530429735,0.41432413530429735,0,1
weekly_state_validated,3498,2025-06-27,2025-07-07,0.0145345648685946,2025,2025-03-31,learned_vol_interaction,20260912,0.527574063118162,0.527574063118162,1,1
weekly_state_ungated,3447,2025-04-11,2025-04-21,-0.0010339232881941,2025,2025-03-31,learned_vol_interaction,20260912,0.5182124590150238,0.5182124590150238,1,0
weekly_state_ungated,3452,2025-04-18,2025-04-28,0.0048432383085554,2025,2025-03-31,learned_vol_interaction,20260912,0.6373210111342115,0.6373210111342115,1,1
weekly_state_ungated,3457,2025-04-25,2025-05-12,0.02116527880118,2025,2025-03-31,learned_vol_interaction,20260912,0.4715989287340677,0.4715989287340677,0,1
weekly_state_ungated,3464,2025-05-09,2025-05-19,0.0041484224873464,2025,2025-03-31,learned_vol_interaction,20260912,0.2034742329556064,0.2034742329556064,0,1
weekly_state_ungated,3469,2025-05-16,2025-05-26,-0.0017462660042188,2025,2025-03-31,learned_vol_interaction,20260912,0.28960887637836286,0.28960887637836286,0,0
weekly_state_ungated,3474,2025-05-23,2025-06-03,-0.0109216443615366,2025,2025-03-31,learned_vol_interaction,20260912,0.18015171154128537,0.18015171154128537,0,0
weekly_state_ungated,3479,2025-05-30,2025-06-09,0.011566574321892,2025,2025-03-31,learned_vol_interaction,20260912,0.1392431980410154,0.1392431980410154,0,1
weekly_state_ungated,3483,2025-06-06,2025-06-16,-0.0062354943524679,2025,2025-03-31,learned_vol_interaction,20260912,0.3520162564023867,0.3520162564023867,0,0
weekly_state_ungated,3488,2025-06-13,2025-06-23,-0.005825691168304,2025,2025-03-31,learned_vol_interaction,20260912,0.2633958535855884,0.2633958535855884,0,0
weekly_state_ungated,3493,2025-06-20,2025-06-30,0.0232670437490374,2025,2025-03-31,learned_vol_interaction,20260912,0.39117396602150317,0.39117396602150317,0,1
weekly_state_ungated,3498,2025-06-27,2025-07-07,0.0145345648685946,2025,2025-03-31,learned_vol_interaction,20260912,0.5250627735615468,0.5250627735615468,1,1
weekly_global_validated,3447,2025-04-11,2025-04-21,-0.0010339232881941,2025,2025-03-31,learned_vol_interaction,20260912,0.5182124590150238,0.5182124590150238,1,0
weekly_global_validated,3452,2025-04-18,2025-04-28,0.0048432383085554,2025,2025-03-31,learned_vol_interaction,20260912,0.6373210111342115,0.6373210111342115,1,1
weekly_global_validated,3457,2025-04-25,2025-05-12,0.02116527880118,2025,2025-03-31,learned_vol_interaction,20260912,0.4715989287340677,0.4715989287340677,0,1
weekly_global_validated,3464,2025-05-09,2025-05-19,0.0041484224873464,2025,2025-03-31,learned_vol_interaction,20260912,0.2195213618582217,0.2195213618582217,0,1
weekly_global_validated,3469,2025-05-16,2025-05-26,-0.0017462660042188,2025,2025-03-31,learned_vol_interaction,20260912,0.30980692288748674,0.30980692288748674,0,0
weekly_global_validated,3474,2025-05-23,2025-06-03,-0.0109216443615366,2025,2025-03-31,learned_vol_interaction,20260912,0.19480935035671804,0.19480935035671804,0,0
weekly_global_validated,3479,2025-05-30,2025-06-09,0.011566574321892,2025,2025-03-31,learned_vol_interaction,20260912,0.15118619506064962,0.15118619506064962,0,1
weekly_global_validated,3483,2025-06-06,2025-06-16,-0.0062354943524679,2025,2025-03-31,learned_vol_interaction,20260912,0.37427363804780367,0.37427363804780367,0,0
weekly_global_validated,3488,2025-06-13,2025-06-23,-0.005825691168304,2025,2025-03-31,learned_vol_interaction,20260912,0.28249272154558186,0.28249272154558186,0,0
weekly_global_validated,3493,2025-06-20,2025-06-30,0.0232670437490374,2025,2025-03-31,learned_vol_interaction,20260912,0.41432413530429735,0.41432413530429735,0,1
weekly_global_validated,3498,2025-06-27,2025-07-07,0.0145345648685946,2025,2025-03-31,learned_vol_interaction,20260912,0.527574063118162,0.527574063118162,1,1
weekly_global_ungated,3447,2025-04-11,2025-04-21,-0.0010339232881941,2025,2025-03-31,learned_vol_interaction,20260912,0.5070938497524218,0.5070938497524218,1,0
weekly_global_ungated,3452,2025-04-18,2025-04-28,0.0048432383085554,2025,2025-03-31,learned_vol_interaction,20260912,0.6269725099061619,0.6269725099061619,1,1
weekly_global_ungated,3457,2025-04-25,2025-05-12,0.02116527880118,2025,2025-03-31,learned_vol_interaction,20260912,0.460524458753769,0.460524458753769,0,1
weekly_global_ungated,3464,2025-05-09,2025-05-19,0.0041484224873464,2025,2025-03-31,learned_vol_interaction,20260912,0.21199151641025138,0.21199151641025138,0,1
weekly_global_ungated,3469,2025-05-16,2025-05-26,-0.0017462660042188,2025,2025-03-31,learned_vol_interaction,20260912,0.30037203685759123,0.30037203685759123,0,0
weekly_global_ungated,3474,2025-05-23,2025-06-03,-0.0109216443615366,2025,2025-03-31,learned_vol_interaction,20260912,0.18792305957214983,0.18792305957214983,0,0
weekly_global_ungated,3479,2025-05-30,2025-06-09,0.011566574321892,2025,2025-03-31,learned_vol_interaction,20260912,0.14556316401609504,0.14556316401609504,0,1
weekly_global_ungated,3483,2025-06-06,2025-06-16,-0.0062354943524679,2025,2025-03-31,learned_vol_interaction,20260912,0.3639106318895576,0.3639106318895576,0,0
weekly_global_ungated,3488,2025-06-13,2025-06-23,-0.005825691168304,2025,2025-03-31,learned_vol_interaction,20260912,0.2735599667405886,0.2735599667405886,0,0
weekly_global_ungated,3493,2025-06-20,2025-06-30,0.0232670437490374,2025,2025-03-31,learned_vol_interaction,20260912,0.40356741248722866,0.40356741248722866,0,1
weekly_global_ungated,3498,2025-06-27,2025-07-07,0.0145345648685946,2025,2025-03-31,learned_vol_interaction,20260912,0.5164699131172542,0.5164699131172542,1,1
weekly_state_validated,3447,2025-04-11,2025-04-21,-0.0010339232881941,2025,2025-03-31,learned_order_extension,20260910,0.567649834278569,0.567649834278569,1,0
weekly_state_validated,3452,2025-04-18,2025-04-28,0.0048432383085554,2025,2025-03-31,learned_order_extension,20260910,0.681410394058545,0.681410394058545,1,1
weekly_state_validated,3457,2025-04-25,2025-05-12,0.02116527880118,2025,2025-03-31,learned_order_extension,20260910,0.5052829053147527,0.5052829053147527,1,1
weekly_state_validated,3464,2025-05-09,2025-05-19,0.0041484224873464,2025,2025-03-31,learned_order_extension,20260910,0.3280238538809617,0.3280238538809617,0,1
weekly_state_validated,3469,2025-05-16,2025-05-26,-0.0017462660042188,2025,2025-03-31,learned_order_extension,20260910,0.3040369005743606,0.3040369005743606,0,0
weekly_state_validated,3474,2025-05-23,2025-06-03,-0.0109216443615366,2025,2025-03-31,learned_order_extension,20260910,0.44422438744915205,0.44422438744915205,0,0
weekly_state_validated,3479,2025-05-30,2025-06-09,0.011566574321892,2025,2025-03-31,learned_order_extension,20260910,0.38913330899989523,0.38913330899989523,0,1
weekly_state_validated,3483,2025-06-06,2025-06-16,-0.0062354943524679,2025,2025-03-31,learned_order_extension,20260910,0.40874376815426067,0.40874376815426067,0,0
weekly_state_validated,3488,2025-06-13,2025-06-23,-0.005825691168304,2025,2025-03-31,learned_order_extension,20260910,0.3992895348297111,0.3992895348297111,0,0
weekly_state_validated,3493,2025-06-20,2025-06-30,0.0232670437490374,2025,2025-03-31,learned_order_extension,20260910,0.43522740351269595,0.43522740351269595,0,1
weekly_state_validated,3498,2025-06-27,2025-07-07,0.0145345648685946,2025,2025-03-31,learned_order_extension,20260910,0.40978431801033516,0.40978431801033516,0,1
weekly_state_ungated,3447,2025-04-11,2025-04-21,-0.0010339232881941,2025,2025-03-31,learned_order_extension,20260910,0.567649834278569,0.567649834278569,1,0
weekly_state_ungated,3452,2025-04-18,2025-04-28,0.0048432383085554,2025,2025-03-31,learned_order_extension,20260910,0.681410394058545,0.681410394058545,1,1
weekly_state_ungated,3457,2025-04-25,2025-05-12,0.02116527880118,2025,2025-03-31,learned_order_extension,20260910,0.5052829053147527,0.5052829053147527,1,1
weekly_state_ungated,3464,2025-05-09,2025-05-19,0.0041484224873464,2025,2025-03-31,learned_order_extension,20260910,0.29550518594242536,0.29550518594242536,0,1
weekly_state_ungated,3469,2025-05-16,2025-05-26,-0.0017462660042188,2025,2025-03-31,learned_order_extension,20260910,0.27293035162052137,0.27293035162052137,0,0
weekly_state_ungated,3474,2025-05-23,2025-06-03,-0.0109216443615366,2025,2025-03-31,learned_order_extension,20260910,0.4071661362746244,0.4071661362746244,0,0
weekly_state_ungated,3479,2025-05-30,2025-06-09,0.011566574321892,2025,2025-03-31,learned_order_extension,20260910,0.3537456868242906,0.3537456868242906,0,1
weekly_state_ungated,3483,2025-06-06,2025-06-16,-0.0062354943524679,2025,2025-03-31,learned_order_extension,20260910,0.37266072638319464,0.37266072638319464,0,0
weekly_state_ungated,3488,2025-06-13,2025-06-23,-0.005825691168304,2025,2025-03-31,learned_order_extension,20260910,0.36352794759274776,0.36352794759274776,0,0
weekly_state_ungated,3493,2025-06-20,2025-06-30,0.0232670437490374,2025,2025-03-31,learned_order_extension,20260910,0.3983817056607717,0.3983817056607717,0,1
weekly_state_ungated,3498,2025-06-27,2025-07-07,0.0145345648685946,2025,2025-03-31,learned_order_extension,20260910,0.4048329087941116,0.4048329087941116,0,1
weekly_global_validated,3447,2025-04-11,2025-04-21,-0.0010339232881941,2025,2025-03-31,learned_order_extension,20260910,0.567649834278569,0.567649834278569,1,0
weekly_global_validated,3452,2025-04-18,2025-04-28,0.0048432383085554,2025,2025-03-31,learned_order_extension,20260910,0.681410394058545,0.681410394058545,1,1
weekly_global_validated,3457,2025-04-25,2025-05-12,0.02116527880118,2025,2025-03-31,learned_order_extension,20260910,0.5052829053147527,0.5052829053147527,1,1
weekly_global_validated,3464,2025-05-09,2025-05-19,0.0041484224873464,2025,2025-03-31,learned_order_extension,20260910,0.3280238538809617,0.3280238538809617,0,1
weekly_global_validated,3469,2025-05-16,2025-05-26,-0.0017462660042188,2025,2025-03-31,learned_order_extension,20260910,0.3040369005743606,0.3040369005743606,0,0
weekly_global_validated,3474,2025-05-23,2025-06-03,-0.0109216443615366,2025,2025-03-31,learned_order_extension,20260910,0.44422438744915205,0.44422438744915205,0,0
weekly_global_validated,3479,2025-05-30,2025-06-09,0.011566574321892,2025,2025-03-31,learned_order_extension,20260910,0.38913330899989523,0.38913330899989523,0,1
weekly_global_validated,3483,2025-06-06,2025-06-16,-0.0062354943524679,2025,2025-03-31,learned_order_extension,20260910,0.40874376815426067,0.40874376815426067,0,0
weekly_global_validated,3488,2025-06-13,2025-06-23,-0.005825691168304,2025,2025-03-31,learned_order_extension,20260910,0.3992895348297111,0.3992895348297111,0,0
weekly_global_validated,3493,2025-06-20,2025-06-30,0.0232670437490374,2025,2025-03-31,learned_order_extension,20260910,0.43522740351269595,0.43522740351269595,0,1
weekly_global_validated,3498,2025-06-27,2025-07-07,0.0145345648685946,2025,2025-03-31,learned_order_extension,20260910,0.40978431801033516,0.40978431801033516,0,1
weekly_global_ungated,3447,2025-04-11,2025-04-21,-0.0010339232881941,2025,2025-03-31,learned_order_extension,20260910,0.5485110506625547,0.5485110506625547,1,0
weekly_global_ungated,3452,2025-04-18,2025-04-28,0.0048432383085554,2025,2025-03-31,learned_order_extension,20260910,0.6643295819551424,0.6643295819551424,1,1
weekly_global_ungated,3457,2025-04-25,2025-05-12,0.02116527880118,2025,2025-03-31,learned_order_extension,20260910,0.4858837588944048,0.4858837588944048,0,1
weekly_global_ungated,3464,2025-05-09,2025-05-19,0.0041484224873464,2025,2025-03-31,learned_order_extension,20260910,0.3111499005303468,0.3111499005303468,0,1
weekly_global_ungated,3469,2025-05-16,2025-05-26,-0.0017462660042188,2025,2025-03-31,learned_order_extension,20260910,0.2878682666842116,0.2878682666842116,0,0
weekly_global_ungated,3474,2025-05-23,2025-06-03,-0.0109216443615366,2025,2025-03-31,learned_order_extension,20260910,0.4251548590042726,0.4251548590042726,0,0
weekly_global_ungated,3479,2025-05-30,2025-06-09,0.011566574321892,2025,2025-03-31,learned_order_extension,20260910,0.3708506720158939,0.3708506720158939,0,1
weekly_global_ungated,3483,2025-06-06,2025-06-16,-0.0062354943524679,2025,2025-03-31,learned_order_extension,20260910,0.39012819588598546,0.39012819588598546,0,0
weekly_global_ungated,3488,2025-06-13,2025-06-23,-0.005825691168304,2025,2025-03-31,learned_order_extension,20260910,0.3808272058549188,0.3808272058549188,0,0
weekly_global_ungated,3493,2025-06-20,2025-06-30,0.0232670437490374,2025,2025-03-31,learned_order_extension,20260910,0.41625483089511967,0.41625483089511967,0,1
weekly_global_ungated,3498,2025-06-27,2025-07-07,0.0145345648685946,2025,2025-03-31,learned_order_extension,20260910,0.39115270711651134,0.39115270711651134,0,1
weekly_state_validated,3447,2025-04-11,2025-04-21,-0.0010339232881941,2025,2025-03-31,learned_order_extension,20260911,0.5534048068203342,0.5534048068203342,1,0
weekly_state_validated,3452,2025-04-18,2025-04-28,0.0048432383085554,2025,2025-03-31,learned_order_extension,20260911,0.5527203776973565,0.5527203776973565,1,1
weekly_state_validated,3457,2025-04-25,2025-05-12,0.02116527880118,2025,2025-03-31,learned_order_extension,20260911,0.46353892920875955,0.46353892920875955,0,1
weekly_state_validated,3464,2025-05-09,2025-05-19,0.0041484224873464,2025,2025-03-31,learned_order_extension,20260911,0.3649445140094585,0.3649445140094585,0,1
weekly_state_validated,3469,2025-05-16,2025-05-26,-0.0017462660042188,2025,2025-03-31,learned_order_extension,20260911,0.17192052045639458,0.17192052045639458,0,0
weekly_state_validated,3474,2025-05-23,2025-06-03,-0.0109216443615366,2025,2025-03-31,learned_order_extension,20260911,0.3297069268491959,0.3297069268491959,0,0
weekly_state_validated,3479,2025-05-30,2025-06-09,0.011566574321892,2025,2025-03-31,learned_order_extension,20260911,0.25644623657123405,0.25644623657123405,0,1
weekly_state_validated,3483,2025-06-06,2025-06-16,-0.0062354943524679,2025,2025-03-31,learned_order_extension,20260911,0.5532426962840995,0.5532426962840995,1,0
weekly_state_validated,3488,2025-06-13,2025-06-23,-0.005825691168304,2025,2025-03-31,learned_order_extension,20260911,0.47407583994699376,0.47407583994699376,0,0
weekly_state_validated,3493,2025-06-20,2025-06-30,0.0232670437490374,2025,2025-03-31,learned_order_extension,20260911,0.5441758763268831,0.5441758763268831,1,1
weekly_state_validated,3498,2025-06-27,2025-07-07,0.0145345648685946,2025,2025-03-31,learned_order_extension,20260911,0.5789884729243365,0.5789884729243365,1,1
weekly_state_ungated,3447,2025-04-11,2025-04-21,-0.0010339232881941,2025,2025-03-31,learned_order_extension,20260911,0.5534048068203342,0.5534048068203342,1,0
weekly_state_ungated,3452,2025-04-18,2025-04-28,0.0048432383085554,2025,2025-03-31,learned_order_extension,20260911,0.5527203776973565,0.5527203776973565,1,1
weekly_state_ungated,3457,2025-04-25,2025-05-12,0.02116527880118,2025,2025-03-31,learned_order_extension,20260911,0.46353892920875955,0.46353892920875955,0,1
weekly_state_ungated,3464,2025-05-09,2025-05-19,0.0041484224873464,2025,2025-03-31,learned_order_extension,20260911,0.3286177865751618,0.3286177865751618,0,1
weekly_state_ungated,3469,2025-05-16,2025-05-26,-0.0017462660042188,2025,2025-03-31,learned_order_extension,20260911,0.15026130523531667,0.15026130523531667,0,0
weekly_state_ungated,3474,2025-05-23,2025-06-03,-0.0109216443615366,2025,2025-03-31,learned_order_extension,20260911,0.29525698812169693,0.29525698812169693,0,0
weekly_state_ungated,3479,2025-05-30,2025-06-09,0.011566574321892,2025,2025-03-31,learned_order_extension,20260911,0.22705804827879103,0.22705804827879103,0,1
weekly_state_ungated,3483,2025-06-06,2025-06-16,-0.0062354943524679,2025,2025-03-31,learned_order_extension,20260911,0.5133231114122196,0.5133231114122196,1,0
weekly_state_ungated,3488,2025-06-13,2025-06-23,-0.005825691168304,2025,2025-03-31,learned_order_extension,20260911,0.4343153407121241,0.4343153407121241,0,0
weekly_state_ungated,3493,2025-06-20,2025-06-30,0.0232670437490374,2025,2025-03-31,learned_order_extension,20260911,0.5041722142336986,0.5041722142336986,1,1
weekly_state_ungated,3498,2025-06-27,2025-07-07,0.0145345648685946,2025,2025-03-31,learned_order_extension,20260911,0.5744899504696183,0.5744899504696183,1,1
weekly_global_validated,3447,2025-04-11,2025-04-21,-0.0010339232881941,2025,2025-03-31,learned_order_extension,20260911,0.5534048068203342,0.5534048068203342,1,0
weekly_global_validated,3452,2025-04-18,2025-04-28,0.0048432383085554,2025,2025-03-31,learned_order_extension,20260911,0.5527203776973565,0.5527203776973565,1,1
weekly_global_validated,3457,2025-04-25,2025-05-12,0.02116527880118,2025,2025-03-31,learned_order_extension,20260911,0.46353892920875955,0.46353892920875955,0,1
weekly_global_validated,3464,2025-05-09,2025-05-19,0.0041484224873464,2025,2025-03-31,learned_order_extension,20260911,0.3649445140094585,0.3649445140094585,0,1
weekly_global_validated,3469,2025-05-16,2025-05-26,-0.0017462660042188,2025,2025-03-31,learned_order_extension,20260911,0.17192052045639458,0.17192052045639458,0,0
weekly_global_validated,3474,2025-05-23,2025-06-03,-0.0109216443615366,2025,2025-03-31,learned_order_extension,20260911,0.3297069268491959,0.3297069268491959,0,0
weekly_global_validated,3479,2025-05-30,2025-06-09,0.011566574321892,2025,2025-03-31,learned_order_extension,20260911,0.25644623657123405,0.25644623657123405,0,1
weekly_global_validated,3483,2025-06-06,2025-06-16,-0.0062354943524679,2025,2025-03-31,learned_order_extension,20260911,0.5532426962840995,0.5532426962840995,1,0
weekly_global_validated,3488,2025-06-13,2025-06-23,-0.005825691168304,2025,2025-03-31,learned_order_extension,20260911,0.47407583994699376,0.47407583994699376,0,0
weekly_global_validated,3493,2025-06-20,2025-06-30,0.0232670437490374,2025,2025-03-31,learned_order_extension,20260911,0.5441758763268831,0.5441758763268831,1,1
weekly_global_validated,3498,2025-06-27,2025-07-07,0.0145345648685946,2025,2025-03-31,learned_order_extension,20260911,0.5789884729243365,0.5789884729243365,1,1
weekly_global_ungated,3447,2025-04-11,2025-04-21,-0.0010339232881941,2025,2025-03-31,learned_order_extension,20260911,0.5344259988482455,0.5344259988482455,1,0
weekly_global_ungated,3452,2025-04-18,2025-04-28,0.0048432383085554,2025,2025-03-31,learned_order_extension,20260911,0.5337369897097419,0.5337369897097419,1,1
weekly_global_ungated,3457,2025-04-25,2025-05-12,0.02116527880118,2025,2025-03-31,learned_order_extension,20260911,0.4445740688471687,0.4445740688471687,0,1
weekly_global_ungated,3464,2025-05-09,2025-05-19,0.0041484224873464,2025,2025-03-31,learned_order_extension,20260911,0.3474012515624076,0.3474012515624076,0,1
weekly_global_ungated,3469,2025-05-16,2025-05-26,-0.0017462660042188,2025,2025-03-31,learned_order_extension,20260911,0.161299359848112,0.161299359848112,0,0
weekly_global_ungated,3474,2025-05-23,2025-06-03,-0.0109216443615366,2025,2025-03-31,learned_order_extension,20260911,0.31302263478391706,0.31302263478391706,0,0
weekly_global_ungated,3479,2025-05-30,2025-06-09,0.011566574321892,2025,2025-03-31,learned_order_extension,20260911,0.24213001800675837,0.24213001800675837,0,1
weekly_global_ungated,3483,2025-06-06,2025-06-16,-0.0062354943524679,2025,2025-03-31,learned_order_extension,20260911,0.534262796966318,0.534262796966318,1,0
weekly_global_ungated,3488,2025-06-13,2025-06-23,-0.005825691168304,2025,2025-03-31,learned_order_extension,20260911,0.45504555428770743,0.45504555428770743,0,0
weekly_global_ungated,3493,2025-06-20,2025-06-30,0.0232670437490374,2025,2025-03-31,learned_order_extension,20260911,0.5251414025405259,0.5251414025405259,1,1
weekly_global_ungated,3498,2025-06-27,2025-07-07,0.0145345648685946,2025,2025-03-31,learned_order_extension,20260911,0.5602329179341777,0.5602329179341777,1,1
weekly_state_validated,3447,2025-04-11,2025-04-21,-0.0010339232881941,2025,2025-03-31,learned_order_extension,20260912,0.5146965896009417,0.5146965896009417,1,0
weekly_state_validated,3452,2025-04-18,2025-04-28,0.0048432383085554,2025,2025-03-31,learned_order_extension,20260912,0.6661309990671398,0.6661309990671398,1,1
weekly_state_validated,3457,2025-04-25,2025-05-12,0.02116527880118,2025,2025-03-31,learned_order_extension,20260912,0.4604952035655177,0.4604952035655177,0,1
weekly_state_validated,3464,2025-05-09,2025-05-19,0.0041484224873464,2025,2025-03-31,learned_order_extension,20260912,0.21512770114159974,0.21512770114159974,0,1
weekly_state_validated,3469,2025-05-16,2025-05-26,-0.0017462660042188,2025,2025-03-31,learned_order_extension,20260912,0.3277789625470372,0.3277789625470372,0,0
weekly_state_validated,3474,2025-05-23,2025-06-03,-0.0109216443615366,2025,2025-03-31,learned_order_extension,20260912,0.22531154624064548,0.22531154624064548,0,0
weekly_state_validated,3479,2025-05-30,2025-06-09,0.011566574321892,2025,2025-03-31,learned_order_extension,20260912,0.20222044538989106,0.20222044538989106,0,1
weekly_state_validated,3483,2025-06-06,2025-06-16,-0.0062354943524679,2025,2025-03-31,learned_order_extension,20260912,0.407089298223714,0.407089298223714,0,0
weekly_state_validated,3488,2025-06-13,2025-06-23,-0.005825691168304,2025,2025-03-31,learned_order_extension,20260912,0.2982937492446568,0.2982937492446568,0,0
weekly_state_validated,3493,2025-06-20,2025-06-30,0.0232670437490374,2025,2025-03-31,learned_order_extension,20260912,0.4376549986924258,0.4376549986924258,0,1
weekly_state_validated,3498,2025-06-27,2025-07-07,0.0145345648685946,2025,2025-03-31,learned_order_extension,20260912,0.5181270090222981,0.5181270090222981,1,1
weekly_state_ungated,3447,2025-04-11,2025-04-21,-0.0010339232881941,2025,2025-03-31,learned_order_extension,20260912,0.5146965896009417,0.5146965896009417,1,0
weekly_state_ungated,3452,2025-04-18,2025-04-28,0.0048432383085554,2025,2025-03-31,learned_order_extension,20260912,0.6661309990671398,0.6661309990671398,1,1
weekly_state_ungated,3457,2025-04-25,2025-05-12,0.02116527880118,2025,2025-03-31,learned_order_extension,20260912,0.4604952035655177,0.4604952035655177,0,1
weekly_state_ungated,3464,2025-05-09,2025-05-19,0.0041484224873464,2025,2025-03-31,learned_order_extension,20260912,0.19412124427804325,0.19412124427804325,0,1
weekly_state_ungated,3469,2025-05-16,2025-05-26,-0.0017462660042188,2025,2025-03-31,learned_order_extension,20260912,0.29997668702121405,0.29997668702121405,0,0
weekly_state_ungated,3474,2025-05-23,2025-06-03,-0.0109216443615366,2025,2025-03-31,learned_order_extension,20260912,0.20356859006168385,0.20356859006168385,0,0
weekly_state_ungated,3479,2025-05-30,2025-06-09,0.011566574321892,2025,2025-03-31,learned_order_extension,20260912,0.18218178879298674,0.18218178879298674,0,1
weekly_state_ungated,3483,2025-06-06,2025-06-16,-0.0062354943524679,2025,2025-03-31,learned_order_extension,20260912,0.3763259111580341,0.3763259111580341,0,0
weekly_state_ungated,3488,2025-06-13,2025-06-23,-0.005825691168304,2025,2025-03-31,learned_order_extension,20260912,0.27198053467437455,0.27198053467437455,0,0
weekly_state_ungated,3493,2025-06-20,2025-06-30,0.0232670437490374,2025,2025-03-31,learned_order_extension,20260912,0.4061640961367474,0.4061640961367474,0,1
weekly_state_ungated,3498,2025-06-27,2025-07-07,0.0145345648685946,2025,2025-03-31,learned_order_extension,20260912,0.5170904983661645,0.5170904983661645,1,1
weekly_global_validated,3447,2025-04-11,2025-04-21,-0.0010339232881941,2025,2025-03-31,learned_order_extension,20260912,0.5146965896009417,0.5146965896009417,1,0
weekly_global_validated,3452,2025-04-18,2025-04-28,0.0048432383085554,2025,2025-03-31,learned_order_extension,20260912,0.6661309990671398,0.6661309990671398,1,1
weekly_global_validated,3457,2025-04-25,2025-05-12,0.02116527880118,2025,2025-03-31,learned_order_extension,20260912,0.4604952035655177,0.4604952035655177,0,1
weekly_global_validated,3464,2025-05-09,2025-05-19,0.0041484224873464,2025,2025-03-31,learned_order_extension,20260912,0.21512770114159974,0.21512770114159974,0,1
weekly_global_validated,3469,2025-05-16,2025-05-26,-0.0017462660042188,2025,2025-03-31,learned_order_extension,20260912,0.3277789625470372,0.3277789625470372,0,0
weekly_global_validated,3474,2025-05-23,2025-06-03,-0.0109216443615366,2025,2025-03-31,learned_order_extension,20260912,0.22531154624064548,0.22531154624064548,0,0
weekly_global_validated,3479,2025-05-30,2025-06-09,0.011566574321892,2025,2025-03-31,learned_order_extension,20260912,0.20222044538989106,0.20222044538989106,0,1
weekly_global_validated,3483,2025-06-06,2025-06-16,-0.0062354943524679,2025,2025-03-31,learned_order_extension,20260912,0.407089298223714,0.407089298223714,0,0
weekly_global_validated,3488,2025-06-13,2025-06-23,-0.005825691168304,2025,2025-03-31,learned_order_extension,20260912,0.2982937492446568,0.2982937492446568,0,0
weekly_global_validated,3493,2025-06-20,2025-06-30,0.0232670437490374,2025,2025-03-31,learned_order_extension,20260912,0.4376549986924258,0.4376549986924258,0,1
weekly_global_validated,3498,2025-06-27,2025-07-07,0.0145345648685946,2025,2025-03-31,learned_order_extension,20260912,0.5181270090222981,0.5181270090222981,1,1
weekly_global_ungated,3447,2025-04-11,2025-04-21,-0.0010339232881941,2025,2025-03-31,learned_order_extension,20260912,0.5021841591130688,0.5021841591130688,1,0
weekly_global_ungated,3452,2025-04-18,2025-04-28,0.0048432383085554,2025,2025-03-31,learned_order_extension,20260912,0.6549051339974705,0.6549051339974705,1,1
weekly_global_ungated,3457,2025-04-25,2025-05-12,0.02116527880118,2025,2025-03-31,learned_order_extension,20260912,0.4480838283387368,0.4480838283387368,0,1
weekly_global_ungated,3464,2025-05-09,2025-05-19,0.0041484224873464,2025,2025-03-31,learned_order_extension,20260912,0.2067946577748421,0.2067946577748421,0,1
weekly_global_ungated,3469,2025-05-16,2025-05-26,-0.0017462660042188,2025,2025-03-31,learned_order_extension,20260912,0.3168438633954978,0.3168438633954978,0,0
weekly_global_ungated,3474,2025-05-23,2025-06-03,-0.0109216443615366,2025,2025-03-31,learned_order_extension,20260912,0.21669293750181456,0.21669293750181456,0,0
weekly_global_ungated,3479,2025-05-30,2025-06-09,0.011566574321892,2025,2025-03-31,learned_order_extension,20260912,0.1942636221647898,0.1942636221647898,0,1
weekly_global_ungated,3483,2025-06-06,2025-06-16,-0.0062354943524679,2025,2025-03-31,learned_order_extension,20260912,0.39506329553095915,0.39506329553095915,0,0
weekly_global_ungated,3488,2025-06-13,2025-06-23,-0.005825691168304,2025,2025-03-31,learned_order_extension,20260912,0.28792099692571016,0.28792099692571016,0,0
weekly_global_ungated,3493,2025-06-20,2025-06-30,0.0232670437490374,2025,2025-03-31,learned_order_extension,20260912,0.4253738510229215,0.4253738510229215,0,1
weekly_global_ungated,3498,2025-06-27,2025-07-07,0.0145345648685946,2025,2025-03-31,learned_order_extension,20260912,0.5056180694054478,0.5056180694054478,1,1
weekly_state_validated,3447,2025-04-11,2025-04-21,-0.0010339232881941,2025,2025-03-31,learned_order_offset,20260910,0.5649605883931398,0.5649605883931398,1,0
weekly_state_validated,3452,2025-04-18,2025-04-28,0.0048432383085554,2025,2025-03-31,learned_order_offset,20260910,0.6812464486051237,0.6812464486051237,1,1
weekly_state_validated,3457,2025-04-25,2025-05-12,0.02116527880118,2025,2025-03-31,learned_order_offset,20260910,0.5051445248644001,0.5051445248644001,1,1
weekly_state_validated,3464,2025-05-09,2025-05-19,0.0041484224873464,2025,2025-03-31,learned_order_offset,20260910,0.3288144848914296,0.3288144848914296,0,1
weekly_state_validated,3469,2025-05-16,2025-05-26,-0.0017462660042188,2025,2025-03-31,learned_order_offset,20260910,0.3043209517441266,0.3043209517441266,0,0
weekly_state_validated,3474,2025-05-23,2025-06-03,-0.0109216443615366,2025,2025-03-31,learned_order_offset,20260910,0.44478990167489674,0.44478990167489674,0,0
weekly_state_validated,3479,2025-05-30,2025-06-09,0.011566574321892,2025,2025-03-31,learned_order_offset,20260910,0.3894673260808954,0.3894673260808954,0,1
weekly_state_validated,3483,2025-06-06,2025-06-16,-0.0062354943524679,2025,2025-03-31,learned_order_offset,20260910,0.4096952673269118,0.4096952673269118,0,0
weekly_state_validated,3488,2025-06-13,2025-06-23,-0.005825691168304,2025,2025-03-31,learned_order_offset,20260910,0.3998744310516097,0.3998744310516097,0,0
weekly_state_validated,3493,2025-06-20,2025-06-30,0.0232670437490374,2025,2025-03-31,learned_order_offset,20260910,0.43535837385464177,0.43535837385464177,0,1
weekly_state_validated,3498,2025-06-27,2025-07-07,0.0145345648685946,2025,2025-03-31,learned_order_offset,20260910,0.4097128200210753,0.4097128200210753,0,1
weekly_state_ungated,3447,2025-04-11,2025-04-21,-0.0010339232881941,2025,2025-03-31,learned_order_offset,20260910,0.5649605883931398,0.5649605883931398,1,0
weekly_state_ungated,3452,2025-04-18,2025-04-28,0.0048432383085554,2025,2025-03-31,learned_order_offset,20260910,0.6812464486051237,0.6812464486051237,1,1
weekly_state_ungated,3457,2025-04-25,2025-05-12,0.02116527880118,2025,2025-03-31,learned_order_offset,20260910,0.5051445248644001,0.5051445248644001,1,1
weekly_state_ungated,3464,2025-05-09,2025-05-19,0.0041484224873464,2025,2025-03-31,learned_order_offset,20260910,0.2961896984280726,0.2961896984280726,0,1
weekly_state_ungated,3469,2025-05-16,2025-05-26,-0.0017462660042188,2025,2025-03-31,learned_order_offset,20260910,0.273137421339257,0.273137421339257,0,0
weekly_state_ungated,3474,2025-05-23,2025-06-03,-0.0109216443615366,2025,2025-03-31,learned_order_offset,20260910,0.4076469269962433,0.4076469269962433,0,0
weekly_state_ungated,3479,2025-05-30,2025-06-09,0.011566574321892,2025,2025-03-31,learned_order_offset,20260910,0.35399859865834027,0.35399859865834027,0,1
weekly_state_ungated,3483,2025-06-06,2025-06-16,-0.0062354943524679,2025,2025-03-31,learned_order_offset,20260910,0.37351137742776,0.37351137742776,0,0
weekly_state_ungated,3488,2025-06-13,2025-06-23,-0.005825691168304,2025,2025-03-31,learned_order_offset,20260910,0.3640230291340526,0.3640230291340526,0,0
weekly_state_ungated,3493,2025-06-20,2025-06-30,0.0232670437490374,2025,2025-03-31,learned_order_offset,20260910,0.3984377894610852,0.3984377894610852,0,1
weekly_state_ungated,3498,2025-06-27,2025-07-07,0.0145345648685946,2025,2025-03-31,learned_order_offset,20260910,0.40480354133326085,0.40480354133326085,0,1
weekly_global_validated,3447,2025-04-11,2025-04-21,-0.0010339232881941,2025,2025-03-31,learned_order_offset,20260910,0.5649605883931398,0.5649605883931398,1,0
weekly_global_validated,3452,2025-04-18,2025-04-28,0.0048432383085554,2025,2025-03-31,learned_order_offset,20260910,0.6812464486051237,0.6812464486051237,1,1
weekly_global_validated,3457,2025-04-25,2025-05-12,0.02116527880118,2025,2025-03-31,learned_order_offset,20260910,0.5051445248644001,0.5051445248644001,1,1
weekly_global_validated,3464,2025-05-09,2025-05-19,0.0041484224873464,2025,2025-03-31,learned_order_offset,20260910,0.3288144848914296,0.3288144848914296,0,1
weekly_global_validated,3469,2025-05-16,2025-05-26,-0.0017462660042188,2025,2025-03-31,learned_order_offset,20260910,0.3043209517441266,0.3043209517441266,0,0
weekly_global_validated,3474,2025-05-23,2025-06-03,-0.0109216443615366,2025,2025-03-31,learned_order_offset,20260910,0.44478990167489674,0.44478990167489674,0,0
weekly_global_validated,3479,2025-05-30,2025-06-09,0.011566574321892,2025,2025-03-31,learned_order_offset,20260910,0.3894673260808954,0.3894673260808954,0,1
weekly_global_validated,3483,2025-06-06,2025-06-16,-0.0062354943524679,2025,2025-03-31,learned_order_offset,20260910,0.4096952673269118,0.4096952673269118,0,0
weekly_global_validated,3488,2025-06-13,2025-06-23,-0.005825691168304,2025,2025-03-31,learned_order_offset,20260910,0.3998744310516097,0.3998744310516097,0,0
weekly_global_validated,3493,2025-06-20,2025-06-30,0.0232670437490374,2025,2025-03-31,learned_order_offset,20260910,0.43535837385464177,0.43535837385464177,0,1
weekly_global_validated,3498,2025-06-27,2025-07-07,0.0145345648685946,2025,2025-03-31,learned_order_offset,20260910,0.4097128200210753,0.4097128200210753,0,1
weekly_global_ungated,3447,2025-04-11,2025-04-21,-0.0010339232881941,2025,2025-03-31,learned_order_offset,20260910,0.5458092789518427,0.5458092789518427,1,0
weekly_global_ungated,3452,2025-04-18,2025-04-28,0.0048432383085554,2025,2025-03-31,learned_order_offset,20260910,0.6641713152830302,0.6641713152830302,1,1
weekly_global_ungated,3457,2025-04-25,2025-05-12,0.02116527880118,2025,2025-03-31,learned_order_offset,20260910,0.4857568267524865,0.4857568267524865,0,1
weekly_global_ungated,3464,2025-05-09,2025-05-19,0.0041484224873464,2025,2025-03-31,learned_order_offset,20260910,0.3119284929200939,0.3119284929200939,0,1
weekly_global_ungated,3469,2025-05-16,2025-05-26,-0.0017462660042188,2025,2025-03-31,learned_order_offset,20260910,0.28815278775016095,0.28815278775016095,0,0
weekly_global_ungated,3474,2025-05-23,2025-06-03,-0.0109216443615366,2025,2025-03-31,learned_order_offset,20260910,0.42572580263022713,0.42572580263022713,0,0
weekly_global_ungated,3479,2025-05-30,2025-06-09,0.011566574321892,2025,2025-03-31,learned_order_offset,20260910,0.3711891386246861,0.3711891386246861,0,1
weekly_global_ungated,3483,2025-06-06,2025-06-16,-0.0062354943524679,2025,2025-03-31,learned_order_offset,20260910,0.3910758445554861,0.3910758445554861,0,0
weekly_global_ungated,3488,2025-06-13,2025-06-23,-0.005825691168304,2025,2025-03-31,learned_order_offset,20260910,0.38141295071415726,0.38141295071415726,0,0
weekly_global_ungated,3493,2025-06-20,2025-06-30,0.0232670437490374,2025,2025-03-31,learned_order_offset,20260910,0.4163953446753511,0.4163953446753511,0,1
weekly_global_ungated,3498,2025-06-27,2025-07-07,0.0145345648685946,2025,2025-03-31,learned_order_offset,20260910,0.39109312804198504,0.39109312804198504,0,1
weekly_state_validated,3447,2025-04-11,2025-04-21,-0.0010339232881941,2025,2025-03-31,learned_order_offset,20260911,0.5534156127217199,0.5534156127217199,1,0
weekly_state_validated,3452,2025-04-18,2025-04-28,0.0048432383085554,2025,2025-03-31,learned_order_offset,20260911,0.5527711816702962,0.5527711816702962,1,1
weekly_state_validated,3457,2025-04-25,2025-05-12,0.02116527880118,2025,2025-03-31,learned_order_offset,20260911,0.4636520171330569,0.4636520171330569,0,1
weekly_state_validated,3464,2025-05-09,2025-05-19,0.0041484224873464,2025,2025-03-31,learned_order_offset,20260911,0.3649837526397116,0.3649837526397116,0,1
weekly_state_validated,3469,2025-05-16,2025-05-26,-0.0017462660042188,2025,2025-03-31,learned_order_offset,20260911,0.17197716836939528,0.17197716836939528,0,0
weekly_state_validated,3474,2025-05-23,2025-06-03,-0.0109216443615366,2025,2025-03-31,learned_order_offset,20260911,0.32979664486342924,0.32979664486342924,0,0
weekly_state_validated,3479,2025-05-30,2025-06-09,0.011566574321892,2025,2025-03-31,learned_order_offset,20260911,0.25647722408918133,0.25647722408918133,0,1
weekly_state_validated,3483,2025-06-06,2025-06-16,-0.0062354943524679,2025,2025-03-31,learned_order_offset,20260911,0.5531494136647972,0.5531494136647972,1,0
weekly_state_validated,3488,2025-06-13,2025-06-23,-0.005825691168304,2025,2025-03-31,learned_order_offset,20260911,0.4740674277221567,0.4740674277221567,0,0
weekly_state_validated,3493,2025-06-20,2025-06-30,0.0232670437490374,2025,2025-03-31,learned_order_offset,20260911,0.5441829119226477,0.5441829119226477,1,1
weekly_state_validated,3498,2025-06-27,2025-07-07,0.0145345648685946,2025,2025-03-31,learned_order_offset,20260911,0.578950056434683,0.578950056434683,1,1
weekly_state_ungated,3447,2025-04-11,2025-04-21,-0.0010339232881941,2025,2025-03-31,learned_order_offset,20260911,0.5534156127217199,0.5534156127217199,1,0
weekly_state_ungated,3452,2025-04-18,2025-04-28,0.0048432383085554,2025,2025-03-31,learned_order_offset,20260911,0.5527711816702962,0.5527711816702962,1,1
weekly_state_ungated,3457,2025-04-25,2025-05-12,0.02116527880118,2025,2025-03-31,learned_order_offset,20260911,0.4636520171330569,0.4636520171330569,0,1
weekly_state_ungated,3464,2025-05-09,2025-05-19,0.0041484224873464,2025,2025-03-31,learned_order_offset,20260911,0.32860055024747165,0.32860055024747165,0,1
weekly_state_ungated,3469,2025-05-16,2025-05-26,-0.0017462660042188,2025,2025-03-31,learned_order_offset,20260911,0.150280513476822,0.150280513476822,0,0
weekly_state_ungated,3474,2025-05-23,2025-06-03,-0.0109216443615366,2025,2025-03-31,learned_order_offset,20260911,0.29528997139465735,0.29528997139465735,0,0
weekly_state_ungated,3479,2025-05-30,2025-06-09,0.011566574321892,2025,2025-03-31,learned_order_offset,20260911,0.22704314398715966,0.22704314398715966,0,1
weekly_state_ungated,3483,2025-06-06,2025-06-16,-0.0062354943524679,2025,2025-03-31,learned_order_offset,20260911,0.5131670133722064,0.5131670133722064,1,0
weekly_state_ungated,3488,2025-06-13,2025-06-23,-0.005825691168304,2025,2025-03-31,learned_order_offset,20260911,0.43424626311671594,0.43424626311671594,0,0
weekly_state_ungated,3493,2025-06-20,2025-06-30,0.0232670437490374,2025,2025-03-31,learned_order_offset,20260911,0.5041174518982027,0.5041174518982027,1,1
weekly_state_ungated,3498,2025-06-27,2025-07-07,0.0145345648685946,2025,2025-03-31,learned_order_offset,20260911,0.5746844557916035,0.5746844557916035,1,1
weekly_global_validated,3447,2025-04-11,2025-04-21,-0.0010339232881941,2025,2025-03-31,learned_order_offset,20260911,0.5534156127217199,0.5534156127217199,1,0
weekly_global_validated,3452,2025-04-18,2025-04-28,0.0048432383085554,2025,2025-03-31,learned_order_offset,20260911,0.5527711816702962,0.5527711816702962,1,1
weekly_global_validated,3457,2025-04-25,2025-05-12,0.02116527880118,2025,2025-03-31,learned_order_offset,20260911,0.4636520171330569,0.4636520171330569,0,1
weekly_global_validated,3464,2025-05-09,2025-05-19,0.0041484224873464,2025,2025-03-31,learned_order_offset,20260911,0.3649837526397116,0.3649837526397116,0,1
weekly_global_validated,3469,2025-05-16,2025-05-26,-0.0017462660042188,2025,2025-03-31,learned_order_offset,20260911,0.17197716836939528,0.17197716836939528,0,0
weekly_global_validated,3474,2025-05-23,2025-06-03,-0.0109216443615366,2025,2025-03-31,learned_order_offset,20260911,0.32979664486342924,0.32979664486342924,0,0
weekly_global_validated,3479,2025-05-30,2025-06-09,0.011566574321892,2025,2025-03-31,learned_order_offset,20260911,0.25647722408918133,0.25647722408918133,0,1
weekly_global_validated,3483,2025-06-06,2025-06-16,-0.0062354943524679,2025,2025-03-31,learned_order_offset,20260911,0.5531494136647972,0.5531494136647972,1,0
weekly_global_validated,3488,2025-06-13,2025-06-23,-0.005825691168304,2025,2025-03-31,learned_order_offset,20260911,0.4740674277221567,0.4740674277221567,0,0
weekly_global_validated,3493,2025-06-20,2025-06-30,0.0232670437490374,2025,2025-03-31,learned_order_offset,20260911,0.5441829119226477,0.5441829119226477,1,1
weekly_global_validated,3498,2025-06-27,2025-07-07,0.0145345648685946,2025,2025-03-31,learned_order_offset,20260911,0.578950056434683,0.578950056434683,1,1
weekly_global_ungated,3447,2025-04-11,2025-04-21,-0.0010339232881941,2025,2025-03-31,learned_order_offset,20260911,0.5345691627250442,0.5345691627250442,1,0
weekly_global_ungated,3452,2025-04-18,2025-04-28,0.0048432383085554,2025,2025-03-31,learned_order_offset,20260911,0.5339204398226765,0.5339204398226765,1,1
weekly_global_ungated,3457,2025-04-25,2025-05-12,0.02116527880118,2025,2025-03-31,learned_order_offset,20260911,0.44481766042074655,0.44481766042074655,0,1
weekly_global_ungated,3464,2025-05-09,2025-05-19,0.0041484224873464,2025,2025-03-31,learned_order_offset,20260911,0.347560189221037,0.347560189221037,0,1
weekly_global_ungated,3469,2025-05-16,2025-05-26,-0.0017462660042188,2025,2025-03-31,learned_order_offset,20260911,0.1614251479387086,0.1614251479387086,0,0
weekly_global_ungated,3474,2025-05-23,2025-06-03,-0.0109216443615366,2025,2025-03-31,learned_order_offset,20260911,0.31322429271303653,0.31322429271303653,0,0
weekly_global_ungated,3479,2025-05-30,2025-06-09,0.011566574321892,2025,2025-03-31,learned_order_offset,20260911,0.2422574240338706,0.2422574240338706,0,1
weekly_global_ungated,3483,2025-06-06,2025-06-16,-0.0062354943524679,2025,2025-03-31,learned_order_offset,20260911,0.5343011830783059,0.5343011830783059,1,0
weekly_global_ungated,3488,2025-06-13,2025-06-23,-0.005825691168304,2025,2025-03-31,learned_order_offset,20260911,0.4551690338878082,0.4551690338878082,0,0
weekly_global_ungated,3493,2025-06-20,2025-06-30,0.0232670437490374,2025,2025-03-31,learned_order_offset,20260911,0.5252810555529465,0.5252810555529465,1,1
weekly_global_ungated,3498,2025-06-27,2025-07-07,0.0145345648685946,2025,2025-03-31,learned_order_offset,20260911,0.5603250774415405,0.5603250774415405,1,1
weekly_state_validated,3447,2025-04-11,2025-04-21,-0.0010339232881941,2025,2025-03-31,learned_order_offset,20260912,0.5120728879925767,0.5120728879925767,1,0
weekly_state_validated,3452,2025-04-18,2025-04-28,0.0048432383085554,2025,2025-03-31,learned_order_offset,20260912,0.6635249152228766,0.6635249152228766,1,1
weekly_state_validated,3457,2025-04-25,2025-05-12,0.02116527880118,2025,2025-03-31,learned_order_offset,20260912,0.46286812448480785,0.46286812448480785,0,1
weekly_state_validated,3464,2025-05-09,2025-05-19,0.0041484224873464,2025,2025-03-31,learned_order_offset,20260912,0.21962607564301329,0.21962607564301329,0,1
weekly_state_validated,3469,2025-05-16,2025-05-26,-0.0017462660042188,2025,2025-03-31,learned_order_offset,20260912,0.33141150174739936,0.33141150174739936,0,0
weekly_state_validated,3474,2025-05-23,2025-06-03,-0.0109216443615366,2025,2025-03-31,learned_order_offset,20260912,0.23046429657969508,0.23046429657969508,0,0
weekly_state_validated,3479,2025-05-30,2025-06-09,0.011566574321892,2025,2025-03-31,learned_order_offset,20260912,0.2076334788658006,0.2076334788658006,0,1
weekly_state_validated,3483,2025-06-06,2025-06-16,-0.0062354943524679,2025,2025-03-31,learned_order_offset,20260912,0.4107608831952894,0.4107608831952894,0,0
weekly_state_validated,3488,2025-06-13,2025-06-23,-0.005825691168304,2025,2025-03-31,learned_order_offset,20260912,0.2988370145555203,0.2988370145555203,0,0
weekly_state_validated,3493,2025-06-20,2025-06-30,0.0232670437490374,2025,2025-03-31,learned_order_offset,20260912,0.4375904241651662,0.4375904241651662,0,1
weekly_state_validated,3498,2025-06-27,2025-07-07,0.0145345648685946,2025,2025-03-31,learned_order_offset,20260912,0.51621490195825,0.51621490195825,1,1
weekly_state_ungated,3447,2025-04-11,2025-04-21,-0.0010339232881941,2025,2025-03-31,learned_order_offset,20260912,0.5120728879925767,0.5120728879925767,1,0
weekly_state_ungated,3452,2025-04-18,2025-04-28,0.0048432383085554,2025,2025-03-31,learned_order_offset,20260912,0.6635249152228766,0.6635249152228766,1,1
weekly_state_ungated,3457,2025-04-25,2025-05-12,0.02116527880118,2025,2025-03-31,learned_order_offset,20260912,0.46286812448480785,0.46286812448480785,0,1
weekly_state_ungated,3464,2025-05-09,2025-05-19,0.0041484224873464,2025,2025-03-31,learned_order_offset,20260912,0.19788478172621357,0.19788478172621357,0,1
weekly_state_ungated,3469,2025-05-16,2025-05-26,-0.0017462660042188,2025,2025-03-31,learned_order_offset,20260912,0.30289950058094317,0.30289950058094317,0,0
weekly_state_ungated,3474,2025-05-23,2025-06-03,-0.0109216443615366,2025,2025-03-31,learned_order_offset,20260912,0.20793598379021977,0.20793598379021977,0,0
weekly_state_ungated,3479,2025-05-30,2025-06-09,0.011566574321892,2025,2025-03-31,learned_order_offset,20260912,0.18679519025343908,0.18679519025343908,0,1
weekly_state_ungated,3483,2025-06-06,2025-06-16,-0.0062354943524679,2025,2025-03-31,learned_order_offset,20260912,0.3792950666927074,0.3792950666927074,0,0
weekly_state_ungated,3488,2025-06-13,2025-06-23,-0.005825691168304,2025,2025-03-31,learned_order_offset,20260912,0.2719874026299227,0.2719874026299227,0,0
weekly_state_ungated,3493,2025-06-20,2025-06-30,0.0232670437490374,2025,2025-03-31,learned_order_offset,20260912,0.4054836758823322,0.4054836758823322,0,1
weekly_state_ungated,3498,2025-06-27,2025-07-07,0.0145345648685946,2025,2025-03-31,learned_order_offset,20260912,0.5152104783722052,0.5152104783722052,1,1
weekly_global_validated,3447,2025-04-11,2025-04-21,-0.0010339232881941,2025,2025-03-31,learned_order_offset,20260912,0.5120728879925767,0.5120728879925767,1,0
weekly_global_validated,3452,2025-04-18,2025-04-28,0.0048432383085554,2025,2025-03-31,learned_order_offset,20260912,0.6635249152228766,0.6635249152228766,1,1
weekly_global_validated,3457,2025-04-25,2025-05-12,0.02116527880118,2025,2025-03-31,learned_order_offset,20260912,0.46286812448480785,0.46286812448480785,0,1
weekly_global_validated,3464,2025-05-09,2025-05-19,0.0041484224873464,2025,2025-03-31,learned_order_offset,20260912,0.21962607564301329,0.21962607564301329,0,1
weekly_global_validated,3469,2025-05-16,2025-05-26,-0.0017462660042188,2025,2025-03-31,learned_order_offset,20260912,0.33141150174739936,0.33141150174739936,0,0
weekly_global_validated,3474,2025-05-23,2025-06-03,-0.0109216443615366,2025,2025-03-31,learned_order_offset,20260912,0.23046429657969508,0.23046429657969508,0,0
weekly_global_validated,3479,2025-05-30,2025-06-09,0.011566574321892,2025,2025-03-31,learned_order_offset,20260912,0.2076334788658006,0.2076334788658006,0,1
weekly_global_validated,3483,2025-06-06,2025-06-16,-0.0062354943524679,2025,2025-03-31,learned_order_offset,20260912,0.4107608831952894,0.4107608831952894,0,0
weekly_global_validated,3488,2025-06-13,2025-06-23,-0.005825691168304,2025,2025-03-31,learned_order_offset,20260912,0.2988370145555203,0.2988370145555203,0,0
weekly_global_validated,3493,2025-06-20,2025-06-30,0.0232670437490374,2025,2025-03-31,learned_order_offset,20260912,0.4375904241651662,0.4375904241651662,0,1
weekly_global_validated,3498,2025-06-27,2025-07-07,0.0145345648685946,2025,2025-03-31,learned_order_offset,20260912,0.51621490195825,0.51621490195825,1,1
weekly_global_ungated,3447,2025-04-11,2025-04-21,-0.0010339232881941,2025,2025-03-31,learned_order_offset,20260912,0.49919099548584583,0.49919099548584583,0,0
weekly_global_ungated,3452,2025-04-18,2025-04-28,0.0048432383085554,2025,2025-03-31,learned_order_offset,20260912,0.6519235904386195,0.6519235904386195,1,1
weekly_global_ungated,3457,2025-04-25,2025-05-12,0.02116527880118,2025,2025-03-31,learned_order_offset,20260912,0.4500822399129904,0.4500822399129904,0,1
weekly_global_ungated,3464,2025-05-09,2025-05-19,0.0041484224873464,2025,2025-03-31,learned_order_offset,20260912,0.21092084601854053,0.21092084601854053,0,1
weekly_global_ungated,3469,2025-05-16,2025-05-26,-0.0017462660042188,2025,2025-03-31,learned_order_offset,20260912,0.3200928964663025,0.3200928964663025,0,0
weekly_global_ungated,3474,2025-05-23,2025-06-03,-0.0109216443615366,2025,2025-03-31,learned_order_offset,20260912,0.2214513841655796,0.2214513841655796,0,0
weekly_global_ungated,3479,2025-05-30,2025-06-09,0.011566574321892,2025,2025-03-31,learned_order_offset,20260912,0.19928220704977312,0.19928220704977312,0,1
weekly_global_ungated,3483,2025-06-06,2025-06-16,-0.0062354943524679,2025,2025-03-31,learned_order_offset,20260912,0.3983469045501584,0.3983469045501584,0,0
weekly_global_ungated,3488,2025-06-13,2025-06-23,-0.005825691168304,2025,2025-03-31,learned_order_offset,20260912,0.2881514429821695,0.2881514429821695,0,0
weekly_global_ungated,3493,2025-06-20,2025-06-30,0.0232670437490374,2025,2025-03-31,learned_order_offset,20260912,0.4249503711125331,0.4249503711125331,0,1
weekly_global_ungated,3498,2025-06-27,2025-07-07,0.0145345648685946,2025,2025-03-31,learned_order_offset,20260912,0.5033363001209261,0.5033363001209261,1,1
weekly_state_validated,3503,2025-07-04,2025-07-14,0.0110426949002964,2025,2025-06-30,learned_market,20260910,0.7015823439777326,0.7015823439777326,1,1
weekly_state_validated,3508,2025-07-11,2025-07-21,0.0120759671840067,2025,2025-06-30,learned_market,20260910,0.7139989728727871,0.7139989728727871,1,1
weekly_state_validated,3513,2025-07-18,2025-07-28,0.0143570766898375,2025,2025-06-30,learned_market,20260910,0.4034517865000961,0.4034517865000961,0,1
weekly_state_validated,3518,2025-07-25,2025-08-04,-0.0218642507630443,2025,2025-06-30,learned_market,20260910,0.48275696040931965,0.48275696040931965,0,0
weekly_state_validated,3523,2025-08-01,2025-08-11,0.0179175520190988,2025,2025-06-30,learned_market,20260910,0.5124883538124961,0.5124883538124961,1,1
weekly_state_validated,3528,2025-08-08,2025-08-18,0.026265786598999,2025,2025-06-30,learned_market,20260910,0.337061662660508,0.337061662660508,0,1
weekly_state_validated,3533,2025-08-15,2025-08-25,0.0469483790671487,2025,2025-06-30,learned_market,20260910,0.4403874641150846,0.4403874641150846,0,1
weekly_state_validated,3538,2025-08-22,2025-09-01,0.0227770368340847,2025,2025-06-30,learned_market,20260910,0.4148027182610919,0.4148027182610919,0,1
weekly_state_validated,3543,2025-08-29,2025-09-08,-0.0110053842475337,2025,2025-06-30,learned_market,20260910,0.44547018940253946,0.44547018940253946,0,0
weekly_state_validated,3548,2025-09-05,2025-09-15,0.0151594857594405,2025,2025-06-30,learned_market,20260910,0.439099196508694,0.439099196508694,0,1
weekly_state_validated,3553,2025-09-12,2025-09-22,-0.0050409160971932,2025,2025-06-30,learned_market,20260910,0.47404842126415475,0.47404842126415475,0,0
weekly_state_validated,3558,2025-09-19,2025-09-29,0.0095300784790881,2025,2025-06-30,learned_market,20260910,0.46350428274903427,0.46350428274903427,0,1
weekly_state_validated,3563,2025-09-26,2025-10-13,-0.0140855274279203,2025,2025-06-30,learned_market,20260910,0.47329908698714157,0.47329908698714157,0,0
weekly_state_ungated,3503,2025-07-04,2025-07-14,0.0110426949002964,2025,2025-06-30,learned_market,20260910,0.6991155978868965,0.6991155978868965,1,1
weekly_state_ungated,3508,2025-07-11,2025-07-21,0.0120759671840067,2025,2025-06-30,learned_market,20260910,0.7115926715946488,0.7115926715946488,1,1
weekly_state_ungated,3513,2025-07-18,2025-07-28,0.0143570766898375,2025,2025-06-30,learned_market,20260910,0.4006260240579036,0.4006260240579036,0,1
weekly_state_ungated,3518,2025-07-25,2025-08-04,-0.0218642507630443,2025,2025-06-30,learned_market,20260910,0.4798225137543219,0.4798225137543219,0,0
weekly_state_ungated,3523,2025-08-01,2025-08-11,0.0179175520190988,2025,2025-06-30,learned_market,20260910,0.5095512196641907,0.5095512196641907,1,1
weekly_state_ungated,3528,2025-08-08,2025-08-18,0.026265786598999,2025,2025-06-30,learned_market,20260910,0.3344402067365859,0.3344402067365859,0,1
weekly_state_ungated,3533,2025-08-15,2025-08-25,0.0469483790671487,2025,2025-06-30,learned_market,20260910,0.43749272643881176,0.43749272643881176,0,1
weekly_state_ungated,3538,2025-08-22,2025-09-01,0.0227770368340847,2025,2025-06-30,learned_market,20260910,0.4119523548663958,0.4119523548663958,0,1
weekly_state_ungated,3543,2025-08-29,2025-09-08,-0.0110053842475337,2025,2025-06-30,learned_market,20260910,0.4425684640481607,0.4425684640481607,0,0
weekly_state_ungated,3548,2025-09-05,2025-09-15,0.0151594857594405,2025,2025-06-30,learned_market,20260910,0.45310922418771477,0.45310922418771477,0,1
weekly_state_ungated,3553,2025-09-12,2025-09-22,-0.0050409160971932,2025,2025-06-30,learned_market,20260910,0.4882029760362875,0.4882029760362875,0,0
weekly_state_ungated,3558,2025-09-19,2025-09-29,0.0095300784790881,2025,2025-06-30,learned_market,20260910,0.47762991202923594,0.47762991202923594,0,1
weekly_state_ungated,3563,2025-09-26,2025-10-13,-0.0140855274279203,2025,2025-06-30,learned_market,20260910,0.4874520039652677,0.4874520039652677,0,0
weekly_global_validated,3503,2025-07-04,2025-07-14,0.0110426949002964,2025,2025-06-30,learned_market,20260910,0.7015823439777326,0.7015823439777326,1,1
weekly_global_validated,3508,2025-07-11,2025-07-21,0.0120759671840067,2025,2025-06-30,learned_market,20260910,0.7139989728727871,0.7139989728727871,1,1
weekly_global_validated,3513,2025-07-18,2025-07-28,0.0143570766898375,2025,2025-06-30,learned_market,20260910,0.4034517865000961,0.4034517865000961,0,1
weekly_global_validated,3518,2025-07-25,2025-08-04,-0.0218642507630443,2025,2025-06-30,learned_market,20260910,0.48275696040931965,0.48275696040931965,0,0
weekly_global_validated,3523,2025-08-01,2025-08-11,0.0179175520190988,2025,2025-06-30,learned_market,20260910,0.5124883538124961,0.5124883538124961,1,1
weekly_global_validated,3528,2025-08-08,2025-08-18,0.026265786598999,2025,2025-06-30,learned_market,20260910,0.337061662660508,0.337061662660508,0,1
weekly_global_validated,3533,2025-08-15,2025-08-25,0.0469483790671487,2025,2025-06-30,learned_market,20260910,0.4403874641150846,0.4403874641150846,0,1
weekly_global_validated,3538,2025-08-22,2025-09-01,0.0227770368340847,2025,2025-06-30,learned_market,20260910,0.4148027182610919,0.4148027182610919,0,1
weekly_global_validated,3543,2025-08-29,2025-09-08,-0.0110053842475337,2025,2025-06-30,learned_market,20260910,0.44547018940253946,0.44547018940253946,0,0
weekly_global_validated,3548,2025-09-05,2025-09-15,0.0151594857594405,2025,2025-06-30,learned_market,20260910,0.439099196508694,0.439099196508694,0,1
weekly_global_validated,3553,2025-09-12,2025-09-22,-0.0050409160971932,2025,2025-06-30,learned_market,20260910,0.47404842126415475,0.47404842126415475,0,0
weekly_global_validated,3558,2025-09-19,2025-09-29,0.0095300784790881,2025,2025-06-30,learned_market,20260910,0.46350428274903427,0.46350428274903427,0,1
weekly_global_validated,3563,2025-09-26,2025-10-13,-0.0140855274279203,2025,2025-06-30,learned_market,20260910,0.47329908698714157,0.47329908698714157,0,0
weekly_global_ungated,3503,2025-07-04,2025-07-14,0.0110426949002964,2025,2025-06-30,learned_market,20260910,0.7163938937991623,0.7163938937991623,1,1
weekly_global_ungated,3508,2025-07-11,2025-07-21,0.0120759671840067,2025,2025-06-30,learned_market,20260910,0.7284327898233702,0.7284327898233702,1,1
weekly_global_ungated,3513,2025-07-18,2025-07-28,0.0143570766898375,2025,2025-06-30,learned_market,20260910,0.4208455016008267,0.4208455016008267,0,1
weekly_global_ungated,3518,2025-07-25,2025-08-04,-0.0218642507630443,2025,2025-06-30,learned_market,20260910,0.5007000147691315,0.5007000147691315,1,0
weekly_global_ungated,3523,2025-08-01,2025-08-11,0.0179175520190988,2025,2025-06-30,learned_market,20260910,0.5304032922287034,0.5304032922287034,1,1
weekly_global_ungated,3528,2025-08-08,2025-08-18,0.026265786598999,2025,2025-06-30,learned_market,20260910,0.35328822062861787,0.35328822062861787,0,1
weekly_global_ungated,3533,2025-08-15,2025-08-25,0.0469483790671487,2025,2025-06-30,learned_market,20260910,0.4581506072164712,0.4581506072164712,0,1
weekly_global_ungated,3538,2025-08-22,2025-09-01,0.0227770368340847,2025,2025-06-30,learned_market,20260910,0.4323311449536437,0.4323311449536437,0,1
weekly_global_ungated,3543,2025-08-29,2025-09-08,-0.0110053842475337,2025,2025-06-30,learned_market,20260910,0.46326862792178813,0.46326862792178813,0,0
weekly_global_ungated,3548,2025-09-05,2025-09-15,0.0151594857594405,2025,2025-06-30,learned_market,20260910,0.45685279789362593,0.45685279789362593,0,1
weekly_global_ungated,3553,2025-09-12,2025-09-22,-0.0050409160971932,2025,2025-06-30,learned_market,20260910,0.49197566392201986,0.49197566392201986,0,0
weekly_global_ungated,3558,2025-09-19,2025-09-29,0.0095300784790881,2025,2025-06-30,learned_market,20260910,0.48139774684205106,0.48139774684205106,0,1
weekly_global_ungated,3563,2025-09-26,2025-10-13,-0.0140855274279203,2025,2025-06-30,learned_market,20260910,0.4912244585777522,0.4912244585777522,0,0
weekly_state_validated,3503,2025-07-04,2025-07-14,0.0110426949002964,2025,2025-06-30,learned_market,20260911,0.6568898114490267,0.6568898114490267,1,1
weekly_state_validated,3508,2025-07-11,2025-07-21,0.0120759671840067,2025,2025-06-30,learned_market,20260911,0.43798275099067796,0.43798275099067796,0,1
weekly_state_validated,3513,2025-07-18,2025-07-28,0.0143570766898375,2025,2025-06-30,learned_market,20260911,0.45123982610211855,0.45123982610211855,0,1
weekly_state_validated,3518,2025-07-25,2025-08-04,-0.0218642507630443,2025,2025-06-30,learned_market,20260911,0.37704556959575936,0.37704556959575936,0,0
weekly_state_validated,3523,2025-08-01,2025-08-11,0.0179175520190988,2025,2025-06-30,learned_market,20260911,0.3633584459405606,0.3633584459405606,0,1
weekly_state_validated,3528,2025-08-08,2025-08-18,0.026265786598999,2025,2025-06-30,learned_market,20260911,0.25506671682854865,0.25506671682854865,0,1
weekly_state_validated,3533,2025-08-15,2025-08-25,0.0469483790671487,2025,2025-06-30,learned_market,20260911,0.43449755283990127,0.43449755283990127,0,1
weekly_state_validated,3538,2025-08-22,2025-09-01,0.0227770368340847,2025,2025-06-30,learned_market,20260911,0.2874119167958537,0.2874119167958537,0,1
weekly_state_validated,3543,2025-08-29,2025-09-08,-0.0110053842475337,2025,2025-06-30,learned_market,20260911,0.4144480705711107,0.4144480705711107,0,0
weekly_state_validated,3548,2025-09-05,2025-09-15,0.0151594857594405,2025,2025-06-30,learned_market,20260911,0.3838102273043383,0.3838102273043383,0,1
weekly_state_validated,3553,2025-09-12,2025-09-22,-0.0050409160971932,2025,2025-06-30,learned_market,20260911,0.5124875202553011,0.5124875202553011,1,0
weekly_state_validated,3558,2025-09-19,2025-09-29,0.0095300784790881,2025,2025-06-30,learned_market,20260911,0.3928507736042907,0.3928507736042907,0,1
weekly_state_validated,3563,2025-09-26,2025-10-13,-0.0140855274279203,2025,2025-06-30,learned_market,20260911,0.41332433429860765,0.41332433429860765,0,0
weekly_state_ungated,3503,2025-07-04,2025-07-14,0.0110426949002964,2025,2025-06-30,learned_market,20260911,0.6506193680250095,0.6506193680250095,1,1
weekly_state_ungated,3508,2025-07-11,2025-07-21,0.0120759671840067,2025,2025-06-30,learned_market,20260911,0.4311759689463358,0.4311759689463358,0,1
weekly_state_ungated,3513,2025-07-18,2025-07-28,0.0143570766898375,2025,2025-06-30,learned_market,20260911,0.44438992282833717,0.44438992282833717,0,1
weekly_state_ungated,3518,2025-07-25,2025-08-04,-0.0218642507630443,2025,2025-06-30,learned_market,20260911,0.37056140376159064,0.37056140376159064,0,0
weekly_state_ungated,3523,2025-08-01,2025-08-11,0.0179175520190988,2025,2025-06-30,learned_market,20260911,0.3569747797669053,0.3569747797669053,0,1
weekly_state_ungated,3528,2025-08-08,2025-08-18,0.026265786598999,2025,2025-06-30,learned_market,20260911,0.24983896217067994,0.24983896217067994,0,1
weekly_state_ungated,3533,2025-08-15,2025-08-25,0.0469483790671487,2025,2025-06-30,learned_market,20260911,0.4277037152110097,0.4277037152110097,0,1
weekly_state_ungated,3538,2025-08-22,2025-09-01,0.0227770368340847,2025,2025-06-30,learned_market,20260911,0.28177198288120786,0.28177198288120786,0,1
weekly_state_ungated,3543,2025-08-29,2025-09-08,-0.0110053842475337,2025,2025-06-30,learned_market,20260911,0.4077416901250581,0.4077416901250581,0,0
weekly_state_ungated,3548,2025-09-05,2025-09-15,0.0151594857594405,2025,2025-06-30,learned_market,20260911,0.39778991573212935,0.39778991573212935,0,1
weekly_state_ungated,3553,2025-09-12,2025-09-22,-0.0050409160971932,2025,2025-06-30,learned_market,20260911,0.5271445057879338,0.5271445057879338,1,0
weekly_state_ungated,3558,2025-09-19,2025-09-29,0.0095300784790881,2025,2025-06-30,learned_market,20260911,0.4069422825232506,0.4069422825232506,0,1
weekly_state_ungated,3563,2025-09-26,2025-10-13,-0.0140855274279203,2025,2025-06-30,learned_market,20260911,0.42763297909221365,0.42763297909221365,0,0
weekly_global_validated,3503,2025-07-04,2025-07-14,0.0110426949002964,2025,2025-06-30,learned_market,20260911,0.6568898114490267,0.6568898114490267,1,1
weekly_global_validated,3508,2025-07-11,2025-07-21,0.0120759671840067,2025,2025-06-30,learned_market,20260911,0.43798275099067796,0.43798275099067796,0,1
weekly_global_validated,3513,2025-07-18,2025-07-28,0.0143570766898375,2025,2025-06-30,learned_market,20260911,0.45123982610211855,0.45123982610211855,0,1
weekly_global_validated,3518,2025-07-25,2025-08-04,-0.0218642507630443,2025,2025-06-30,learned_market,20260911,0.37704556959575936,0.37704556959575936,0,0
weekly_global_validated,3523,2025-08-01,2025-08-11,0.0179175520190988,2025,2025-06-30,learned_market,20260911,0.3633584459405606,0.3633584459405606,0,1
weekly_global_validated,3528,2025-08-08,2025-08-18,0.026265786598999,2025,2025-06-30,learned_market,20260911,0.25506671682854865,0.25506671682854865,0,1
weekly_global_validated,3533,2025-08-15,2025-08-25,0.0469483790671487,2025,2025-06-30,learned_market,20260911,0.43449755283990127,0.43449755283990127,0,1
weekly_global_validated,3538,2025-08-22,2025-09-01,0.0227770368340847,2025,2025-06-30,learned_market,20260911,0.2874119167958537,0.2874119167958537,0,1
weekly_global_validated,3543,2025-08-29,2025-09-08,-0.0110053842475337,2025,2025-06-30,learned_market,20260911,0.4144480705711107,0.4144480705711107,0,0
weekly_global_validated,3548,2025-09-05,2025-09-15,0.0151594857594405,2025,2025-06-30,learned_market,20260911,0.3838102273043383,0.3838102273043383,0,1
weekly_global_validated,3553,2025-09-12,2025-09-22,-0.0050409160971932,2025,2025-06-30,learned_market,20260911,0.5124875202553011,0.5124875202553011,1,0
weekly_global_validated,3558,2025-09-19,2025-09-29,0.0095300784790881,2025,2025-06-30,learned_market,20260911,0.3928507736042907,0.3928507736042907,0,1
weekly_global_validated,3563,2025-09-26,2025-10-13,-0.0140855274279203,2025,2025-06-30,learned_market,20260911,0.41332433429860765,0.41332433429860765,0,0
weekly_global_ungated,3503,2025-07-04,2025-07-14,0.0110426949002964,2025,2025-06-30,learned_market,20260911,0.6680030933284348,0.6680030933284348,1,1
weekly_global_ungated,3508,2025-07-11,2025-07-21,0.0120759671840067,2025,2025-06-30,learned_market,20260911,0.4502525098979158,0.4502525098979158,0,1
weekly_global_ungated,3513,2025-07-18,2025-07-28,0.0143570766898375,2025,2025-06-30,learned_market,20260911,0.4635746369448849,0.4635746369448849,0,1
weekly_global_ungated,3518,2025-07-25,2025-08-04,-0.0218642507630443,2025,2025-06-30,learned_market,20260911,0.3887891536723192,0.3887891536723192,0,0
weekly_global_ungated,3523,2025-08-01,2025-08-11,0.0179175520190988,2025,2025-06-30,learned_market,20260911,0.37493230214707446,0.37493230214707446,0,1
weekly_global_ungated,3528,2025-08-08,2025-08-18,0.026265786598999,2025,2025-06-30,learned_market,20260911,0.26462496801090063,0.26462496801090063,0,1
weekly_global_ungated,3533,2025-08-15,2025-08-25,0.0469483790671487,2025,2025-06-30,learned_market,20260911,0.44674728672507397,0.44674728672507397,0,1
weekly_global_ungated,3538,2025-08-22,2025-09-01,0.0227770368340847,2025,2025-06-30,learned_market,20260911,0.29769786951827776,0.29769786951827776,0,1
weekly_global_ungated,3543,2025-08-29,2025-09-08,-0.0110053842475337,2025,2025-06-30,learned_market,20260911,0.4265589223464983,0.4265589223464983,0,0
weekly_global_ungated,3548,2025-09-05,2025-09-15,0.0151594857594405,2025,2025-06-30,learned_market,20260911,0.39563069629757225,0.39563069629757225,0,1
weekly_global_ungated,3553,2025-09-12,2025-09-22,-0.0050409160971932,2025,2025-06-30,learned_market,20260911,0.5248951416384777,0.5248951416384777,1,0
weekly_global_ungated,3558,2025-09-19,2025-09-29,0.0095300784790881,2025,2025-06-30,learned_market,20260911,0.4047667749737387,0.4047667749737387,0,1
weekly_global_ungated,3563,2025-09-26,2025-10-13,-0.0140855274279203,2025,2025-06-30,learned_market,20260911,0.4254262063155614,0.4254262063155614,0,0
weekly_state_validated,3503,2025-07-04,2025-07-14,0.0110426949002964,2025,2025-06-30,learned_market,20260912,0.44691982418443277,0.44691982418443277,0,1
weekly_state_validated,3508,2025-07-11,2025-07-21,0.0120759671840067,2025,2025-06-30,learned_market,20260912,0.5272263603973415,0.5272263603973415,1,1
weekly_state_validated,3513,2025-07-18,2025-07-28,0.0143570766898375,2025,2025-06-30,learned_market,20260912,0.7010339582730474,0.7010339582730474,1,1
weekly_state_validated,3518,2025-07-25,2025-08-04,-0.0218642507630443,2025,2025-06-30,learned_market,20260912,0.5207227531667084,0.5207227531667084,1,0
weekly_state_validated,3523,2025-08-01,2025-08-11,0.0179175520190988,2025,2025-06-30,learned_market,20260912,0.5533128799487951,0.5533128799487951,1,1
weekly_state_validated,3528,2025-08-08,2025-08-18,0.026265786598999,2025,2025-06-30,learned_market,20260912,0.2654483154600339,0.2654483154600339,0,1
weekly_state_validated,3533,2025-08-15,2025-08-25,0.0469483790671487,2025,2025-06-30,learned_market,20260912,0.430346000343231,0.430346000343231,0,1
weekly_state_validated,3538,2025-08-22,2025-09-01,0.0227770368340847,2025,2025-06-30,learned_market,20260912,0.3374740410180076,0.3374740410180076,0,1
weekly_state_validated,3543,2025-08-29,2025-09-08,-0.0110053842475337,2025,2025-06-30,learned_market,20260912,0.6668290394265773,0.6668290394265773,1,0
weekly_state_validated,3548,2025-09-05,2025-09-15,0.0151594857594405,2025,2025-06-30,learned_market,20260912,0.4151247806853778,0.4151247806853778,0,1
weekly_state_validated,3553,2025-09-12,2025-09-22,-0.0050409160971932,2025,2025-06-30,learned_market,20260912,0.616582283637926,0.616582283637926,1,0
weekly_state_validated,3558,2025-09-19,2025-09-29,0.0095300784790881,2025,2025-06-30,learned_market,20260912,0.346159438667962,0.346159438667962,0,1
weekly_state_validated,3563,2025-09-26,2025-10-13,-0.0140855274279203,2025,2025-06-30,learned_market,20260912,0.49779557172832706,0.49779557172832706,0,0
weekly_state_ungated,3503,2025-07-04,2025-07-14,0.0110426949002964,2025,2025-06-30,learned_market,20260912,0.448787406839636,0.448787406839636,0,1
weekly_state_ungated,3508,2025-07-11,2025-07-21,0.0120759671840067,2025,2025-06-30,learned_market,20260912,0.5291084879823018,0.5291084879823018,1,1
weekly_state_ungated,3513,2025-07-18,2025-07-28,0.0143570766898375,2025,2025-06-30,learned_market,20260912,0.7026144419376007,0.7026144419376007,1,1
weekly_state_ungated,3518,2025-07-25,2025-08-04,-0.0218642507630443,2025,2025-06-30,learned_market,20260912,0.5226073279886541,0.5226073279886541,1,0
weekly_state_ungated,3523,2025-08-01,2025-08-11,0.0179175520190988,2025,2025-06-30,learned_market,20260912,0.555178775643024,0.555178775643024,1,1
weekly_state_ungated,3528,2025-08-08,2025-08-18,0.026265786598999,2025,2025-06-30,learned_market,20260912,0.26692354746168484,0.26692354746168484,0,1
weekly_state_ungated,3533,2025-08-15,2025-08-25,0.0469483790671487,2025,2025-06-30,learned_market,20260912,0.43219844579994415,0.43219844579994415,0,1
weekly_state_ungated,3538,2025-08-22,2025-09-01,0.0227770368340847,2025,2025-06-30,learned_market,20260912,0.3391647336698124,0.3391647336698124,0,1
weekly_state_ungated,3543,2025-08-29,2025-09-08,-0.0110053842475337,2025,2025-06-30,learned_market,20260912,0.6685048417016014,0.6685048417016014,1,0
weekly_state_ungated,3548,2025-09-05,2025-09-15,0.0151594857594405,2025,2025-06-30,learned_market,20260912,0.41695234741531034,0.41695234741531034,0,1
weekly_state_ungated,3553,2025-09-12,2025-09-22,-0.0050409160971932,2025,2025-06-30,learned_market,20260912,0.6183590753277175,0.6183590753277175,1,0
weekly_state_ungated,3558,2025-09-19,2025-09-29,0.0095300784790881,2025,2025-06-30,learned_market,20260912,0.34786396967719874,0.34786396967719874,0,1
weekly_state_ungated,3563,2025-09-26,2025-10-13,-0.0140855274279203,2025,2025-06-30,learned_market,20260912,0.49967615584011527,0.49967615584011527,0,0
weekly_global_validated,3503,2025-07-04,2025-07-14,0.0110426949002964,2025,2025-06-30,learned_market,20260912,0.44691982418443277,0.44691982418443277,0,1
weekly_global_validated,3508,2025-07-11,2025-07-21,0.0120759671840067,2025,2025-06-30,learned_market,20260912,0.5272263603973415,0.5272263603973415,1,1
weekly_global_validated,3513,2025-07-18,2025-07-28,0.0143570766898375,2025,2025-06-30,learned_market,20260912,0.7010339582730474,0.7010339582730474,1,1
weekly_global_validated,3518,2025-07-25,2025-08-04,-0.0218642507630443,2025,2025-06-30,learned_market,20260912,0.5207227531667084,0.5207227531667084,1,0
weekly_global_validated,3523,2025-08-01,2025-08-11,0.0179175520190988,2025,2025-06-30,learned_market,20260912,0.5533128799487951,0.5533128799487951,1,1
weekly_global_validated,3528,2025-08-08,2025-08-18,0.026265786598999,2025,2025-06-30,learned_market,20260912,0.2654483154600339,0.2654483154600339,0,1
weekly_global_validated,3533,2025-08-15,2025-08-25,0.0469483790671487,2025,2025-06-30,learned_market,20260912,0.430346000343231,0.430346000343231,0,1
weekly_global_validated,3538,2025-08-22,2025-09-01,0.0227770368340847,2025,2025-06-30,learned_market,20260912,0.3374740410180076,0.3374740410180076,0,1
weekly_global_validated,3543,2025-08-29,2025-09-08,-0.0110053842475337,2025,2025-06-30,learned_market,20260912,0.6668290394265773,0.6668290394265773,1,0
weekly_global_validated,3548,2025-09-05,2025-09-15,0.0151594857594405,2025,2025-06-30,learned_market,20260912,0.4151247806853778,0.4151247806853778,0,1
weekly_global_validated,3553,2025-09-12,2025-09-22,-0.0050409160971932,2025,2025-06-30,learned_market,20260912,0.616582283637926,0.616582283637926,1,0
weekly_global_validated,3558,2025-09-19,2025-09-29,0.0095300784790881,2025,2025-06-30,learned_market,20260912,0.346159438667962,0.346159438667962,0,1
weekly_global_validated,3563,2025-09-26,2025-10-13,-0.0140855274279203,2025,2025-06-30,learned_market,20260912,0.49779557172832706,0.49779557172832706,0,0
weekly_global_ungated,3503,2025-07-04,2025-07-14,0.0110426949002964,2025,2025-06-30,learned_market,20260912,0.45302868022156695,0.45302868022156695,0,1
weekly_global_ungated,3508,2025-07-11,2025-07-21,0.0120759671840067,2025,2025-06-30,learned_market,20260912,0.5333743264719017,0.5333743264719017,1,1
weekly_global_ungated,3513,2025-07-18,2025-07-28,0.0143570766898375,2025,2025-06-30,learned_market,20260912,0.7061813140189765,0.7061813140189765,1,1
weekly_global_ungated,3518,2025-07-25,2025-08-04,-0.0218642507630443,2025,2025-06-30,learned_market,20260912,0.5268793984251603,0.5268793984251603,1,0
weekly_global_ungated,3523,2025-08-01,2025-08-11,0.0179175520190988,2025,2025-06-30,learned_market,20260912,0.5594051052622746,0.5594051052622746,1,1
weekly_global_ungated,3528,2025-08-08,2025-08-18,0.026265786598999,2025,2025-06-30,learned_market,20260912,0.27028888708132587,0.27028888708132587,0,1
weekly_global_ungated,3533,2025-08-15,2025-08-25,0.0469483790671487,2025,2025-06-30,learned_market,20260912,0.43640706653014477,0.43640706653014477,0,1
weekly_global_ungated,3538,2025-08-22,2025-09-01,0.0227770368340847,2025,2025-06-30,learned_market,20260912,0.34301470404580026,0.34301470404580026,0,1
weekly_global_ungated,3543,2025-08-29,2025-09-08,-0.0110053842475337,2025,2025-06-30,learned_market,20260912,0.6722900108075703,0.6722900108075703,1,0
weekly_global_ungated,3548,2025-09-05,2025-09-15,0.0151594857594405,2025,2025-06-30,learned_market,20260912,0.42112995272537695,0.42112995272537695,0,1
weekly_global_ungated,3553,2025-09-12,2025-09-22,-0.0050409160971932,2025,2025-06-30,learned_market,20260912,0.6224004775917067,0.6224004775917067,1,0
weekly_global_ungated,3558,2025-09-19,2025-09-29,0.0095300784790881,2025,2025-06-30,learned_market,20260912,0.35176698717595967,0.35176698717595967,0,1
weekly_global_ungated,3563,2025-09-26,2025-10-13,-0.0140855274279203,2025,2025-06-30,learned_market,20260912,0.5039661807915997,0.5039661807915997,1,0
weekly_state_validated,3503,2025-07-04,2025-07-14,0.0110426949002964,2025,2025-06-30,learned_vol_interaction,20260910,0.7804471157978421,0.7804471157978421,1,1
weekly_state_validated,3508,2025-07-11,2025-07-21,0.0120759671840067,2025,2025-06-30,learned_vol_interaction,20260910,0.8059006088843718,0.8059006088843718,1,1
weekly_state_validated,3513,2025-07-18,2025-07-28,0.0143570766898375,2025,2025-06-30,learned_vol_interaction,20260910,0.4022202754416644,0.4022202754416644,0,1
weekly_state_validated,3518,2025-07-25,2025-08-04,-0.0218642507630443,2025,2025-06-30,learned_vol_interaction,20260910,0.4655503807560464,0.4655503807560464,0,0
weekly_state_validated,3523,2025-08-01,2025-08-11,0.0179175520190988,2025,2025-06-30,learned_vol_interaction,20260910,0.5131744614899625,0.5131744614899625,1,1
weekly_state_validated,3528,2025-08-08,2025-08-18,0.026265786598999,2025,2025-06-30,learned_vol_interaction,20260910,0.26813484576790564,0.26813484576790564,0,1
weekly_state_validated,3533,2025-08-15,2025-08-25,0.0469483790671487,2025,2025-06-30,learned_vol_interaction,20260910,0.3957918177235022,0.3957918177235022,0,1
weekly_state_validated,3538,2025-08-22,2025-09-01,0.0227770368340847,2025,2025-06-30,learned_vol_interaction,20260910,0.3814946408024303,0.3814946408024303,0,1
weekly_state_validated,3543,2025-08-29,2025-09-08,-0.0110053842475337,2025,2025-06-30,learned_vol_interaction,20260910,0.4238694970722328,0.4238694970722328,0,0
weekly_state_validated,3548,2025-09-05,2025-09-15,0.0151594857594405,2025,2025-06-30,learned_vol_interaction,20260910,0.43903974814462976,0.43903974814462976,0,1
weekly_state_validated,3553,2025-09-12,2025-09-22,-0.0050409160971932,2025,2025-06-30,learned_vol_interaction,20260910,0.47422353562658653,0.47422353562658653,0,0
weekly_state_validated,3558,2025-09-19,2025-09-29,0.0095300784790881,2025,2025-06-30,learned_vol_interaction,20260910,0.458739778875352,0.458739778875352,0,1
weekly_state_validated,3563,2025-09-26,2025-10-13,-0.0140855274279203,2025,2025-06-30,learned_vol_interaction,20260910,0.45076701170720995,0.45076701170720995,0,0
weekly_state_ungated,3503,2025-07-04,2025-07-14,0.0110426949002964,2025,2025-06-30,learned_vol_interaction,20260910,0.7787578372759177,0.7787578372759177,1,1
weekly_state_ungated,3508,2025-07-11,2025-07-21,0.0120759671840067,2025,2025-06-30,learned_vol_interaction,20260910,0.8043580800708648,0.8043580800708648,1,1
weekly_state_ungated,3513,2025-07-18,2025-07-28,0.0143570766898375,2025,2025-06-30,learned_vol_interaction,20260910,0.39985866978296714,0.39985866978296714,0,1
weekly_state_ungated,3518,2025-07-25,2025-08-04,-0.0218642507630443,2025,2025-06-30,learned_vol_interaction,20260910,0.46310500316427083,0.46310500316427083,0,0
weekly_state_ungated,3523,2025-08-01,2025-08-11,0.0179175520190988,2025,2025-06-30,learned_vol_interaction,20260910,0.5107179761280358,0.5107179761280358,1,1
weekly_state_ungated,3528,2025-08-08,2025-08-18,0.026265786598999,2025,2025-06-30,learned_vol_interaction,20260910,0.2662099155911073,0.2662099155911073,0,1
weekly_state_ungated,3533,2025-08-15,2025-08-25,0.0469483790671487,2025,2025-06-30,learned_vol_interaction,20260910,0.3934431140107519,0.3934431140107519,0,1
weekly_state_ungated,3538,2025-08-22,2025-09-01,0.0227770368340847,2025,2025-06-30,learned_vol_interaction,20260910,0.37917753561245743,0.37917753561245743,0,1
weekly_state_ungated,3543,2025-08-29,2025-09-08,-0.0110053842475337,2025,2025-06-30,learned_vol_interaction,20260910,0.42147040103662103,0.42147040103662103,0,0
weekly_state_ungated,3548,2025-09-05,2025-09-15,0.0151594857594405,2025,2025-06-30,learned_vol_interaction,20260910,0.4506940587720689,0.4506940587720689,0,1
weekly_state_ungated,3553,2025-09-12,2025-09-22,-0.0050409160971932,2025,2025-06-30,learned_vol_interaction,20260910,0.48600264463832993,0.48600264463832993,0,0
weekly_state_ungated,3558,2025-09-19,2025-09-29,0.0095300784790881,2025,2025-06-30,learned_vol_interaction,20260910,0.4704784382933411,0.4704784382933411,0,1
weekly_state_ungated,3563,2025-09-26,2025-10-13,-0.0140855274279203,2025,2025-06-30,learned_vol_interaction,20260910,0.46247597536456725,0.46247597536456725,0,0
weekly_global_validated,3503,2025-07-04,2025-07-14,0.0110426949002964,2025,2025-06-30,learned_vol_interaction,20260910,0.7804471157978421,0.7804471157978421,1,1
weekly_global_validated,3508,2025-07-11,2025-07-21,0.0120759671840067,2025,2025-06-30,learned_vol_interaction,20260910,0.8059006088843718,0.8059006088843718,1,1
weekly_global_validated,3513,2025-07-18,2025-07-28,0.0143570766898375,2025,2025-06-30,learned_vol_interaction,20260910,0.4022202754416644,0.4022202754416644,0,1
weekly_global_validated,3518,2025-07-25,2025-08-04,-0.0218642507630443,2025,2025-06-30,learned_vol_interaction,20260910,0.4655503807560464,0.4655503807560464,0,0
weekly_global_validated,3523,2025-08-01,2025-08-11,0.0179175520190988,2025,2025-06-30,learned_vol_interaction,20260910,0.5131744614899625,0.5131744614899625,1,1
weekly_global_validated,3528,2025-08-08,2025-08-18,0.026265786598999,2025,2025-06-30,learned_vol_interaction,20260910,0.26813484576790564,0.26813484576790564,0,1
weekly_global_validated,3533,2025-08-15,2025-08-25,0.0469483790671487,2025,2025-06-30,learned_vol_interaction,20260910,0.3957918177235022,0.3957918177235022,0,1
weekly_global_validated,3538,2025-08-22,2025-09-01,0.0227770368340847,2025,2025-06-30,learned_vol_interaction,20260910,0.3814946408024303,0.3814946408024303,0,1
weekly_global_validated,3543,2025-08-29,2025-09-08,-0.0110053842475337,2025,2025-06-30,learned_vol_interaction,20260910,0.4238694970722328,0.4238694970722328,0,0
weekly_global_validated,3548,2025-09-05,2025-09-15,0.0151594857594405,2025,2025-06-30,learned_vol_interaction,20260910,0.43903974814462976,0.43903974814462976,0,1
weekly_global_validated,3553,2025-09-12,2025-09-22,-0.0050409160971932,2025,2025-06-30,learned_vol_interaction,20260910,0.47422353562658653,0.47422353562658653,0,0
weekly_global_validated,3558,2025-09-19,2025-09-29,0.0095300784790881,2025,2025-06-30,learned_vol_interaction,20260910,0.458739778875352,0.458739778875352,0,1
weekly_global_validated,3563,2025-09-26,2025-10-13,-0.0140855274279203,2025,2025-06-30,learned_vol_interaction,20260910,0.45076701170720995,0.45076701170720995,0,0
weekly_global_ungated,3503,2025-07-04,2025-07-14,0.0110426949002964,2025,2025-06-30,learned_vol_interaction,20260910,0.791014752051916,0.791014752051916,1,1
weekly_global_ungated,3508,2025-07-11,2025-07-21,0.0120759671840067,2025,2025-06-30,learned_vol_interaction,20260910,0.8155326797273557,0.8155326797273557,1,1
weekly_global_ungated,3513,2025-07-18,2025-07-28,0.0143570766898375,2025,2025-06-30,learned_vol_interaction,20260910,0.4174030420837063,0.4174030420837063,0,1
weekly_global_ungated,3518,2025-07-25,2025-08-04,-0.0218642507630443,2025,2025-06-30,learned_vol_interaction,20260910,0.48119935720736784,0.48119935720736784,0,0
weekly_global_ungated,3523,2025-08-01,2025-08-11,0.0179175520190988,2025,2025-06-30,learned_vol_interaction,20260910,0.5288402396678826,0.5288402396678826,1,1
weekly_global_ungated,3528,2025-08-08,2025-08-18,0.026265786598999,2025,2025-06-30,learned_vol_interaction,20260910,0.28063233906519414,0.28063233906519414,0,1
weekly_global_ungated,3533,2025-08-15,2025-08-25,0.0469483790671487,2025,2025-06-30,learned_vol_interaction,20260910,0.4108987235126895,0.4108987235126895,0,1
weekly_global_ungated,3538,2025-08-22,2025-09-01,0.0227770368340847,2025,2025-06-30,learned_vol_interaction,20260910,0.39641387175323994,0.39641387175323994,0,1
weekly_global_ungated,3543,2025-08-29,2025-09-08,-0.0110053842475337,2025,2025-06-30,learned_vol_interaction,20260910,0.43926895768659197,0.43926895768659197,0,0
weekly_global_ungated,3548,2025-09-05,2025-09-15,0.0151594857594405,2025,2025-06-30,learned_vol_interaction,20260910,0.45455551137731215,0.45455551137731215,0,1
weekly_global_ungated,3553,2025-09-12,2025-09-22,-0.0050409160971932,2025,2025-06-30,learned_vol_interaction,20260910,0.48989681534285473,0.48989681534285473,0,0
weekly_global_ungated,3558,2025-09-19,2025-09-29,0.0095300784790881,2025,2025-06-30,learned_vol_interaction,20260910,0.4743630172780384,0.4743630172780384,0,1
weekly_global_ungated,3563,2025-09-26,2025-10-13,-0.0140855274279203,2025,2025-06-30,learned_vol_interaction,20260910,0.46635267214843357,0.46635267214843357,0,0
weekly_state_validated,3503,2025-07-04,2025-07-14,0.0110426949002964,2025,2025-06-30,learned_vol_interaction,20260911,0.6743637676475238,0.6743637676475238,1,1
weekly_state_validated,3508,2025-07-11,2025-07-21,0.0120759671840067,2025,2025-06-30,learned_vol_interaction,20260911,0.44186685371591494,0.44186685371591494,0,1
weekly_state_validated,3513,2025-07-18,2025-07-28,0.0143570766898375,2025,2025-06-30,learned_vol_interaction,20260911,0.4541727142574433,0.4541727142574433,0,1
weekly_state_validated,3518,2025-07-25,2025-08-04,-0.0218642507630443,2025,2025-06-30,learned_vol_interaction,20260911,0.3697066493096656,0.3697066493096656,0,0
weekly_state_validated,3523,2025-08-01,2025-08-11,0.0179175520190988,2025,2025-06-30,learned_vol_interaction,20260911,0.3568661377683452,0.3568661377683452,0,1
weekly_state_validated,3528,2025-08-08,2025-08-18,0.026265786598999,2025,2025-06-30,learned_vol_interaction,20260911,0.24449969015279646,0.24449969015279646,0,1
weekly_state_validated,3533,2025-08-15,2025-08-25,0.0469483790671487,2025,2025-06-30,learned_vol_interaction,20260911,0.4318144455464327,0.4318144455464327,0,1
weekly_state_validated,3538,2025-08-22,2025-09-01,0.0227770368340847,2025,2025-06-30,learned_vol_interaction,20260911,0.27370668176480956,0.27370668176480956,0,1
weekly_state_validated,3543,2025-08-29,2025-09-08,-0.0110053842475337,2025,2025-06-30,learned_vol_interaction,20260911,0.40151160251610146,0.40151160251610146,0,0
weekly_state_validated,3548,2025-09-05,2025-09-15,0.0151594857594405,2025,2025-06-30,learned_vol_interaction,20260911,0.3754866622737605,0.3754866622737605,0,1
weekly_state_validated,3553,2025-09-12,2025-09-22,-0.0050409160971932,2025,2025-06-30,learned_vol_interaction,20260911,0.5014167977109265,0.5014167977109265,1,0
weekly_state_validated,3558,2025-09-19,2025-09-29,0.0095300784790881,2025,2025-06-30,learned_vol_interaction,20260911,0.38974705652523406,0.38974705652523406,0,1
weekly_state_validated,3563,2025-09-26,2025-10-13,-0.0140855274279203,2025,2025-06-30,learned_vol_interaction,20260911,0.40553483605344315,0.40553483605344315,0,0
weekly_state_ungated,3503,2025-07-04,2025-07-14,0.0110426949002964,2025,2025-06-30,learned_vol_interaction,20260911,0.6682642655817393,0.6682642655817393,1,1
weekly_state_ungated,3508,2025-07-11,2025-07-21,0.0120759671840067,2025,2025-06-30,learned_vol_interaction,20260911,0.4350607102000675,0.4350607102000675,0,1
weekly_state_ungated,3513,2025-07-18,2025-07-28,0.0143570766898375,2025,2025-06-30,learned_vol_interaction,20260911,0.4473289402321254,0.4473289402321254,0,1
weekly_state_ungated,3518,2025-07-25,2025-08-04,-0.0218642507630443,2025,2025-06-30,learned_vol_interaction,20260911,0.3632885292946003,0.3632885292946003,0,0
weekly_state_ungated,3523,2025-08-01,2025-08-11,0.0179175520190988,2025,2025-06-30,learned_vol_interaction,20260911,0.3505469538275526,0.3505469538275526,0,1
weekly_state_ungated,3528,2025-08-08,2025-08-18,0.026265786598999,2025,2025-06-30,learned_vol_interaction,20260911,0.23942948306976602,0.23942948306976602,0,1
weekly_state_ungated,3533,2025-08-15,2025-08-25,0.0469483790671487,2025,2025-06-30,learned_vol_interaction,20260911,0.42504522363999103,0.42504522363999103,0,1
weekly_state_ungated,3538,2025-08-22,2025-09-01,0.0227770368340847,2025,2025-06-30,learned_vol_interaction,20260911,0.26824585386556477,0.26824585386556477,0,1
weekly_state_ungated,3543,2025-08-29,2025-09-08,-0.0110053842475337,2025,2025-06-30,learned_vol_interaction,20260911,0.3948872674836585,0.3948872674836585,0,0
weekly_state_ungated,3548,2025-09-05,2025-09-15,0.0151594857594405,2025,2025-06-30,learned_vol_interaction,20260911,0.38934836246247995,0.38934836246247995,0,1
weekly_state_ungated,3553,2025-09-12,2025-09-22,-0.0050409160971932,2025,2025-06-30,learned_vol_interaction,20260911,0.5160856403220739,0.5160856403220739,1,0
weekly_state_ungated,3558,2025-09-19,2025-09-29,0.0095300784790881,2025,2025-06-30,learned_vol_interaction,20260911,0.4037948156701629,0.4037948156701629,0,1
weekly_state_ungated,3563,2025-09-26,2025-10-13,-0.0140855274279203,2025,2025-06-30,learned_vol_interaction,20260911,0.41976022415306774,0.41976022415306774,0,0
weekly_global_validated,3503,2025-07-04,2025-07-14,0.0110426949002964,2025,2025-06-30,learned_vol_interaction,20260911,0.6743637676475238,0.6743637676475238,1,1
weekly_global_validated,3508,2025-07-11,2025-07-21,0.0120759671840067,2025,2025-06-30,learned_vol_interaction,20260911,0.44186685371591494,0.44186685371591494,0,1
weekly_global_validated,3513,2025-07-18,2025-07-28,0.0143570766898375,2025,2025-06-30,learned_vol_interaction,20260911,0.4541727142574433,0.4541727142574433,0,1
weekly_global_validated,3518,2025-07-25,2025-08-04,-0.0218642507630443,2025,2025-06-30,learned_vol_interaction,20260911,0.3697066493096656,0.3697066493096656,0,0
weekly_global_validated,3523,2025-08-01,2025-08-11,0.0179175520190988,2025,2025-06-30,learned_vol_interaction,20260911,0.3568661377683452,0.3568661377683452,0,1
weekly_global_validated,3528,2025-08-08,2025-08-18,0.026265786598999,2025,2025-06-30,learned_vol_interaction,20260911,0.24449969015279646,0.24449969015279646,0,1
weekly_global_validated,3533,2025-08-15,2025-08-25,0.0469483790671487,2025,2025-06-30,learned_vol_interaction,20260911,0.4318144455464327,0.4318144455464327,0,1
weekly_global_validated,3538,2025-08-22,2025-09-01,0.0227770368340847,2025,2025-06-30,learned_vol_interaction,20260911,0.27370668176480956,0.27370668176480956,0,1
weekly_global_validated,3543,2025-08-29,2025-09-08,-0.0110053842475337,2025,2025-06-30,learned_vol_interaction,20260911,0.40151160251610146,0.40151160251610146,0,0
weekly_global_validated,3548,2025-09-05,2025-09-15,0.0151594857594405,2025,2025-06-30,learned_vol_interaction,20260911,0.3754866622737605,0.3754866622737605,0,1
weekly_global_validated,3553,2025-09-12,2025-09-22,-0.0050409160971932,2025,2025-06-30,learned_vol_interaction,20260911,0.5014167977109265,0.5014167977109265,1,0
weekly_global_validated,3558,2025-09-19,2025-09-29,0.0095300784790881,2025,2025-06-30,learned_vol_interaction,20260911,0.38974705652523406,0.38974705652523406,0,1
weekly_global_validated,3563,2025-09-26,2025-10-13,-0.0140855274279203,2025,2025-06-30,learned_vol_interaction,20260911,0.40553483605344315,0.40553483605344315,0,0
weekly_global_ungated,3503,2025-07-04,2025-07-14,0.0110426949002964,2025,2025-06-30,learned_vol_interaction,20260911,0.6850049409824679,0.6850049409824679,1,1
weekly_global_ungated,3508,2025-07-11,2025-07-21,0.0120759671840067,2025,2025-06-30,learned_vol_interaction,20260911,0.453953684802481,0.453953684802481,0,1
weekly_global_ungated,3513,2025-07-18,2025-07-28,0.0143570766898375,2025,2025-06-30,learned_vol_interaction,20260911,0.4663149216642423,0.4663149216642423,0,1
weekly_global_ungated,3518,2025-07-25,2025-08-04,-0.0218642507630443,2025,2025-06-30,learned_vol_interaction,20260911,0.3811676313247545,0.3811676313247545,0,0
weekly_global_ungated,3523,2025-08-01,2025-08-11,0.0179175520190988,2025,2025-06-30,learned_vol_interaction,20260911,0.368161571819353,0.368161571819353,0,1
weekly_global_ungated,3528,2025-08-08,2025-08-18,0.026265786598999,2025,2025-06-30,learned_vol_interaction,20260911,0.25364119141240726,0.25364119141240726,0,1
weekly_global_ungated,3533,2025-08-15,2025-08-25,0.0469483790671487,2025,2025-06-30,learned_vol_interaction,20260911,0.44384497063922657,0.44384497063922657,0,1
weekly_global_ungated,3538,2025-08-22,2025-09-01,0.0227770368340847,2025,2025-06-30,learned_vol_interaction,20260911,0.2835303736153155,0.2835303736153155,0,1
weekly_global_ungated,3543,2025-08-29,2025-09-08,-0.0110053842475337,2025,2025-06-30,learned_vol_interaction,20260911,0.41331200576017585,0.41331200576017585,0,0
weekly_global_ungated,3548,2025-09-05,2025-09-15,0.0151594857594405,2025,2025-06-30,learned_vol_interaction,20260911,0.3870168036383002,0.3870168036383002,0,1
weekly_global_ungated,3553,2025-09-12,2025-09-22,-0.0050409160971932,2025,2025-06-30,learned_vol_interaction,20260911,0.5136335024652222,0.5136335024652222,1,0
weekly_global_ungated,3558,2025-09-19,2025-09-29,0.0095300784790881,2025,2025-06-30,learned_vol_interaction,20260911,0.40143361707645464,0.40143361707645464,0,1
weekly_global_ungated,3563,2025-09-26,2025-10-13,-0.0140855274279203,2025,2025-06-30,learned_vol_interaction,20260911,0.4173710224312378,0.4173710224312378,0,0
weekly_state_validated,3503,2025-07-04,2025-07-14,0.0110426949002964,2025,2025-06-30,learned_vol_interaction,20260912,0.4460138413271689,0.4460138413271689,0,1
weekly_state_validated,3508,2025-07-11,2025-07-21,0.0120759671840067,2025,2025-06-30,learned_vol_interaction,20260912,0.5313131532633956,0.5313131532633956,1,1
weekly_state_validated,3513,2025-07-18,2025-07-28,0.0143570766898375,2025,2025-06-30,learned_vol_interaction,20260912,0.7086416116210668,0.7086416116210668,1,1
weekly_state_validated,3518,2025-07-25,2025-08-04,-0.0218642507630443,2025,2025-06-30,learned_vol_interaction,20260912,0.5244618144098299,0.5244618144098299,1,0
weekly_state_validated,3523,2025-08-01,2025-08-11,0.0179175520190988,2025,2025-06-30,learned_vol_interaction,20260912,0.5580312472539825,0.5580312472539825,1,1
weekly_state_validated,3528,2025-08-08,2025-08-18,0.026265786598999,2025,2025-06-30,learned_vol_interaction,20260912,0.25990682624063666,0.25990682624063666,0,1
weekly_state_validated,3533,2025-08-15,2025-08-25,0.0469483790671487,2025,2025-06-30,learned_vol_interaction,20260912,0.4307306379319456,0.4307306379319456,0,1
weekly_state_validated,3538,2025-08-22,2025-09-01,0.0227770368340847,2025,2025-06-30,learned_vol_interaction,20260912,0.3345407523434467,0.3345407523434467,0,1
weekly_state_validated,3543,2025-08-29,2025-09-08,-0.0110053842475337,2025,2025-06-30,learned_vol_interaction,20260912,0.6696935042280467,0.6696935042280467,1,0
weekly_state_validated,3548,2025-09-05,2025-09-15,0.0151594857594405,2025,2025-06-30,learned_vol_interaction,20260912,0.4127840561217513,0.4127840561217513,0,1
weekly_state_validated,3553,2025-09-12,2025-09-22,-0.0050409160971932,2025,2025-06-30,learned_vol_interaction,20260912,0.6132751573531933,0.6132751573531933,1,0
weekly_state_validated,3558,2025-09-19,2025-09-29,0.0095300784790881,2025,2025-06-30,learned_vol_interaction,20260912,0.3454408676898515,0.3454408676898515,0,1
weekly_state_validated,3563,2025-09-26,2025-10-13,-0.0140855274279203,2025,2025-06-30,learned_vol_interaction,20260912,0.49682258462544754,0.49682258462544754,0,0
weekly_state_ungated,3503,2025-07-04,2025-07-14,0.0110426949002964,2025,2025-06-30,learned_vol_interaction,20260912,0.44791123327400945,0.44791123327400945,0,1
weekly_state_ungated,3508,2025-07-11,2025-07-21,0.0120759671840067,2025,2025-06-30,learned_vol_interaction,20260912,0.5332241447686843,0.5332241447686843,1,1
weekly_state_ungated,3513,2025-07-18,2025-07-28,0.0143570766898375,2025,2025-06-30,learned_vol_interaction,20260912,0.7102239122513407,0.7102239122513407,1,1
weekly_state_ungated,3518,2025-07-25,2025-08-04,-0.0218642507630443,2025,2025-06-30,learned_vol_interaction,20260912,0.5263758390646691,0.5263758390646691,1,0
weekly_state_ungated,3523,2025-08-01,2025-08-11,0.0179175520190988,2025,2025-06-30,learned_vol_interaction,20260912,0.5599235319208613,0.5599235319208613,1,1
weekly_state_ungated,3528,2025-08-08,2025-08-18,0.026265786598999,2025,2025-06-30,learned_vol_interaction,20260912,0.2613860538196209,0.2613860538196209,0,1
weekly_state_ungated,3533,2025-08-15,2025-08-25,0.0469483790671487,2025,2025-06-30,learned_vol_interaction,20260912,0.43261378548277535,0.43261378548277535,0,1
weekly_state_ungated,3538,2025-08-22,2025-09-01,0.0227770368340847,2025,2025-06-30,learned_vol_interaction,20260912,0.3362517610393902,0.3362517610393902,0,1
weekly_state_ungated,3543,2025-08-29,2025-09-08,-0.0110053842475337,2025,2025-06-30,learned_vol_interaction,20260912,0.6713892380196158,0.6713892380196158,1,0
weekly_state_ungated,3548,2025-09-05,2025-09-15,0.0151594857594405,2025,2025-06-30,learned_vol_interaction,20260912,0.4172077996558806,0.4172077996558806,0,1
weekly_state_ungated,3553,2025-09-12,2025-09-22,-0.0050409160971932,2025,2025-06-30,learned_vol_interaction,20260912,0.6175877698949677,0.6175877698949677,1,0
weekly_state_ungated,3558,2025-09-19,2025-09-29,0.0095300784790881,2025,2025-06-30,learned_vol_interaction,20260912,0.3495725400968825,0.3495725400968825,0,1
weekly_state_ungated,3563,2025-09-26,2025-10-13,-0.0140855274279203,2025,2025-06-30,learned_vol_interaction,20260912,0.5013779800302266,0.5013779800302266,1,0
weekly_global_validated,3503,2025-07-04,2025-07-14,0.0110426949002964,2025,2025-06-30,learned_vol_interaction,20260912,0.4460138413271689,0.4460138413271689,0,1
weekly_global_validated,3508,2025-07-11,2025-07-21,0.0120759671840067,2025,2025-06-30,learned_vol_interaction,20260912,0.5313131532633956,0.5313131532633956,1,1
weekly_global_validated,3513,2025-07-18,2025-07-28,0.0143570766898375,2025,2025-06-30,learned_vol_interaction,20260912,0.7086416116210668,0.7086416116210668,1,1
weekly_global_validated,3518,2025-07-25,2025-08-04,-0.0218642507630443,2025,2025-06-30,learned_vol_interaction,20260912,0.5244618144098299,0.5244618144098299,1,0
weekly_global_validated,3523,2025-08-01,2025-08-11,0.0179175520190988,2025,2025-06-30,learned_vol_interaction,20260912,0.5580312472539825,0.5580312472539825,1,1
weekly_global_validated,3528,2025-08-08,2025-08-18,0.026265786598999,2025,2025-06-30,learned_vol_interaction,20260912,0.25990682624063666,0.25990682624063666,0,1
weekly_global_validated,3533,2025-08-15,2025-08-25,0.0469483790671487,2025,2025-06-30,learned_vol_interaction,20260912,0.4307306379319456,0.4307306379319456,0,1
weekly_global_validated,3538,2025-08-22,2025-09-01,0.0227770368340847,2025,2025-06-30,learned_vol_interaction,20260912,0.3345407523434467,0.3345407523434467,0,1
weekly_global_validated,3543,2025-08-29,2025-09-08,-0.0110053842475337,2025,2025-06-30,learned_vol_interaction,20260912,0.6696935042280467,0.6696935042280467,1,0
weekly_global_validated,3548,2025-09-05,2025-09-15,0.0151594857594405,2025,2025-06-30,learned_vol_interaction,20260912,0.4127840561217513,0.4127840561217513,0,1
weekly_global_validated,3553,2025-09-12,2025-09-22,-0.0050409160971932,2025,2025-06-30,learned_vol_interaction,20260912,0.6132751573531933,0.6132751573531933,1,0
weekly_global_validated,3558,2025-09-19,2025-09-29,0.0095300784790881,2025,2025-06-30,learned_vol_interaction,20260912,0.3454408676898515,0.3454408676898515,0,1
weekly_global_validated,3563,2025-09-26,2025-10-13,-0.0140855274279203,2025,2025-06-30,learned_vol_interaction,20260912,0.49682258462544754,0.49682258462544754,0,0
weekly_global_ungated,3503,2025-07-04,2025-07-14,0.0110426949002964,2025,2025-06-30,learned_vol_interaction,20260912,0.45511522923822734,0.45511522923822734,0,1
weekly_global_ungated,3508,2025-07-11,2025-07-21,0.0120759671840067,2025,2025-06-30,learned_vol_interaction,20260912,0.5404570496078801,0.5404570496078801,1,1
weekly_global_ungated,3513,2025-07-18,2025-07-28,0.0143570766898375,2025,2025-06-30,learned_vol_interaction,20260912,0.7161740125225694,0.7161740125225694,1,1
weekly_global_ungated,3518,2025-07-25,2025-08-04,-0.0218642507630443,2025,2025-06-30,learned_vol_interaction,20260912,0.5336220470502859,0.5336220470502859,1,0
weekly_global_ungated,3523,2025-08-01,2025-08-11,0.0179175520190988,2025,2025-06-30,learned_vol_interaction,20260912,0.5670786136234067,0.5670786136234067,1,1
weekly_global_ungated,3528,2025-08-08,2025-08-18,0.026265786598999,2025,2025-06-30,learned_vol_interaction,20260912,0.26704113509180355,0.26704113509180355,0,1
weekly_global_ungated,3533,2025-08-15,2025-08-25,0.0469483790671487,2025,2025-06-30,learned_vol_interaction,20260912,0.43976772584429713,0.43976772584429713,0,1
weekly_global_ungated,3538,2025-08-22,2025-09-01,0.0227770368340847,2025,2025-06-30,learned_vol_interaction,20260912,0.3427748838654465,0.3427748838654465,0,1
weekly_global_ungated,3543,2025-08-29,2025-09-08,-0.0110053842475337,2025,2025-06-30,learned_vol_interaction,20260912,0.6777749670941355,0.6777749670941355,1,0
weekly_global_ungated,3548,2025-09-05,2025-09-15,0.0151594857594405,2025,2025-06-30,learned_vol_interaction,20260912,0.4217235521830171,0.4217235521830171,0,1
weekly_global_ungated,3553,2025-09-12,2025-09-22,-0.0050409160971932,2025,2025-06-30,learned_vol_interaction,20260912,0.6219577676732447,0.6219577676732447,1,0
weekly_global_ungated,3558,2025-09-19,2025-09-29,0.0095300784790881,2025,2025-06-30,learned_vol_interaction,20260912,0.3538006477715562,0.3538006477715562,0,1
weekly_global_ungated,3563,2025-09-26,2025-10-13,-0.0140855274279203,2025,2025-06-30,learned_vol_interaction,20260912,0.5060137547501913,0.5060137547501913,1,0
weekly_state_validated,3503,2025-07-04,2025-07-14,0.0110426949002964,2025,2025-06-30,learned_order_extension,20260910,0.7176321167186754,0.7176321167186754,1,1
weekly_state_validated,3508,2025-07-11,2025-07-21,0.0120759671840067,2025,2025-06-30,learned_order_extension,20260910,0.8326931438759837,0.8326931438759837,1,1
weekly_state_validated,3513,2025-07-18,2025-07-28,0.0143570766898375,2025,2025-06-30,learned_order_extension,20260910,0.39152870941681295,0.39152870941681295,0,1
weekly_state_validated,3518,2025-07-25,2025-08-04,-0.0218642507630443,2025,2025-06-30,learned_order_extension,20260910,0.44803558799905846,0.44803558799905846,0,0
weekly_state_validated,3523,2025-08-01,2025-08-11,0.0179175520190988,2025,2025-06-30,learned_order_extension,20260910,0.4974977283652398,0.4974977283652398,0,1
weekly_state_validated,3528,2025-08-08,2025-08-18,0.026265786598999,2025,2025-06-30,learned_order_extension,20260910,0.28923456244235046,0.28923456244235046,0,1
weekly_state_validated,3533,2025-08-15,2025-08-25,0.0469483790671487,2025,2025-06-30,learned_order_extension,20260910,0.37567196821432247,0.37567196821432247,0,1
weekly_state_validated,3538,2025-08-22,2025-09-01,0.0227770368340847,2025,2025-06-30,learned_order_extension,20260910,0.35309160588380617,0.35309160588380617,0,1
weekly_state_validated,3543,2025-08-29,2025-09-08,-0.0110053842475337,2025,2025-06-30,learned_order_extension,20260910,0.414950573852872,0.414950573852872,0,0
weekly_state_validated,3548,2025-09-05,2025-09-15,0.0151594857594405,2025,2025-06-30,learned_order_extension,20260910,0.44419609703054896,0.44419609703054896,0,1
weekly_state_validated,3553,2025-09-12,2025-09-22,-0.0050409160971932,2025,2025-06-30,learned_order_extension,20260910,0.48911647755360804,0.48911647755360804,0,0
weekly_state_validated,3558,2025-09-19,2025-09-29,0.0095300784790881,2025,2025-06-30,learned_order_extension,20260910,0.4484611229876225,0.4484611229876225,0,1
weekly_state_validated,3563,2025-09-26,2025-10-13,-0.0140855274279203,2025,2025-06-30,learned_order_extension,20260910,0.4329956852716207,0.4329956852716207,0,0
weekly_state_ungated,3503,2025-07-04,2025-07-14,0.0110426949002964,2025,2025-06-30,learned_order_extension,20260910,0.7164034458606656,0.7164034458606656,1,1
weekly_state_ungated,3508,2025-07-11,2025-07-21,0.0120759671840067,2025,2025-06-30,learned_order_extension,20260910,0.831847825680018,0.831847825680018,1,1
weekly_state_ungated,3513,2025-07-18,2025-07-28,0.0143570766898375,2025,2025-06-30,learned_order_extension,20260910,0.39008704489024065,0.39008704489024065,0,1
weekly_state_ungated,3518,2025-07-25,2025-08-04,-0.0218642507630443,2025,2025-06-30,learned_order_extension,20260910,0.446538550671857,0.446538550671857,0,0
weekly_state_ungated,3523,2025-08-01,2025-08-11,0.0179175520190988,2025,2025-06-30,learned_order_extension,20260910,0.49598392931793667,0.49598392931793667,0,1
weekly_state_ungated,3528,2025-08-08,2025-08-18,0.026265786598999,2025,2025-06-30,learned_order_extension,20260910,0.2879912844694976,0.2879912844694976,0,1
weekly_state_ungated,3533,2025-08-15,2025-08-25,0.0469483790671487,2025,2025-06-30,learned_order_extension,20260910,0.3742527784788464,0.3742527784788464,0,1
weekly_state_ungated,3538,2025-08-22,2025-09-01,0.0227770368340847,2025,2025-06-30,learned_order_extension,20260910,0.3517096643110266,0.3517096643110266,0,1
weekly_state_ungated,3543,2025-08-29,2025-09-08,-0.0110053842475337,2025,2025-06-30,learned_order_extension,20260910,0.41348127210658514,0.41348127210658514,0,0
weekly_state_ungated,3548,2025-09-05,2025-09-15,0.0151594857594405,2025,2025-06-30,learned_order_extension,20260910,0.45688083986947625,0.45688083986947625,0,1
weekly_state_ungated,3553,2025-09-12,2025-09-22,-0.0050409160971932,2025,2025-06-30,learned_order_extension,20260910,0.5019255695699133,0.5019255695699133,1,0
weekly_state_ungated,3558,2025-09-19,2025-09-29,0.0095300784790881,2025,2025-06-30,learned_order_extension,20260910,0.46116660394507153,0.46116660394507153,0,1
weekly_state_ungated,3563,2025-09-26,2025-10-13,-0.0140855274279203,2025,2025-06-30,learned_order_extension,20260910,0.4456170193556036,0.4456170193556036,0,0
weekly_global_validated,3503,2025-07-04,2025-07-14,0.0110426949002964,2025,2025-06-30,learned_order_extension,20260910,0.7176321167186754,0.7176321167186754,1,1
weekly_global_validated,3508,2025-07-11,2025-07-21,0.0120759671840067,2025,2025-06-30,learned_order_extension,20260910,0.8326931438759837,0.8326931438759837,1,1
weekly_global_validated,3513,2025-07-18,2025-07-28,0.0143570766898375,2025,2025-06-30,learned_order_extension,20260910,0.39152870941681295,0.39152870941681295,0,1
weekly_global_validated,3518,2025-07-25,2025-08-04,-0.0218642507630443,2025,2025-06-30,learned_order_extension,20260910,0.44803558799905846,0.44803558799905846,0,0
weekly_global_validated,3523,2025-08-01,2025-08-11,0.0179175520190988,2025,2025-06-30,learned_order_extension,20260910,0.4974977283652398,0.4974977283652398,0,1
weekly_global_validated,3528,2025-08-08,2025-08-18,0.026265786598999,2025,2025-06-30,learned_order_extension,20260910,0.28923456244235046,0.28923456244235046,0,1
weekly_global_validated,3533,2025-08-15,2025-08-25,0.0469483790671487,2025,2025-06-30,learned_order_extension,20260910,0.37567196821432247,0.37567196821432247,0,1
weekly_global_validated,3538,2025-08-22,2025-09-01,0.0227770368340847,2025,2025-06-30,learned_order_extension,20260910,0.35309160588380617,0.35309160588380617,0,1
weekly_global_validated,3543,2025-08-29,2025-09-08,-0.0110053842475337,2025,2025-06-30,learned_order_extension,20260910,0.414950573852872,0.414950573852872,0,0
weekly_global_validated,3548,2025-09-05,2025-09-15,0.0151594857594405,2025,2025-06-30,learned_order_extension,20260910,0.44419609703054896,0.44419609703054896,0,1
weekly_global_validated,3553,2025-09-12,2025-09-22,-0.0050409160971932,2025,2025-06-30,learned_order_extension,20260910,0.48911647755360804,0.48911647755360804,0,0
weekly_global_validated,3558,2025-09-19,2025-09-29,0.0095300784790881,2025,2025-06-30,learned_order_extension,20260910,0.4484611229876225,0.4484611229876225,0,1
weekly_global_validated,3563,2025-09-26,2025-10-13,-0.0140855274279203,2025,2025-06-30,learned_order_extension,20260910,0.4329956852716207,0.4329956852716207,0,0
weekly_global_ungated,3503,2025-07-04,2025-07-14,0.0110426949002964,2025,2025-06-30,learned_order_extension,20260910,0.7302378969712912,0.7302378969712912,1,1
weekly_global_ungated,3508,2025-07-11,2025-07-21,0.0120759671840067,2025,2025-06-30,learned_order_extension,20260910,0.841298201143617,0.841298201143617,1,1
weekly_global_ungated,3513,2025-07-18,2025-07-28,0.0143570766898375,2025,2025-06-30,learned_order_extension,20260910,0.40665586227424033,0.40665586227424033,0,1
weekly_global_ungated,3518,2025-07-25,2025-08-04,-0.0218642507630443,2025,2025-06-30,learned_order_extension,20260910,0.46368224678552944,0.46368224678552944,0,0
weekly_global_ungated,3523,2025-08-01,2025-08-11,0.0179175520190988,2025,2025-06-30,learned_order_extension,20260910,0.5132654942914842,0.5132654942914842,1,1
weekly_global_ungated,3528,2025-08-08,2025-08-18,0.026265786598999,2025,2025-06-30,learned_order_extension,20260910,0.3023734951188143,0.3023734951188143,0,1
weekly_global_ungated,3533,2025-08-15,2025-08-25,0.0469483790671487,2025,2025-06-30,learned_order_extension,20260910,0.39057973561870846,0.39057973561870846,0,1
weekly_global_ungated,3538,2025-08-22,2025-09-01,0.0227770368340847,2025,2025-06-30,learned_order_extension,20260910,0.36763095361332276,0.36763095361332276,0,1
weekly_global_ungated,3543,2025-08-29,2025-09-08,-0.0110053842475337,2025,2025-06-30,learned_order_extension,20260910,0.4303426430368249,0.4303426430368249,0,0
weekly_global_ungated,3548,2025-09-05,2025-09-15,0.0151594857594405,2025,2025-06-30,learned_order_extension,20260910,0.45982037175380036,0.45982037175380036,0,1
weekly_global_ungated,3553,2025-09-12,2025-09-22,-0.0050409160971932,2025,2025-06-30,learned_order_extension,20260910,0.5048855033220033,0.5048855033220033,1,0
weekly_global_ungated,3558,2025-09-19,2025-09-29,0.0095300784790881,2025,2025-06-30,learned_order_extension,20260910,0.46411014712809134,0.46411014712809134,0,1
weekly_global_ungated,3563,2025-09-26,2025-10-13,-0.0140855274279203,2025,2025-06-30,learned_order_extension,20260910,0.4485439317086025,0.4485439317086025,0,0
weekly_state_validated,3503,2025-07-04,2025-07-14,0.0110426949002964,2025,2025-06-30,learned_order_extension,20260911,0.6783853641950703,0.6783853641950703,1,1
weekly_state_validated,3508,2025-07-11,2025-07-21,0.0120759671840067,2025,2025-06-30,learned_order_extension,20260911,0.44194145653903777,0.44194145653903777,0,1
weekly_state_validated,3513,2025-07-18,2025-07-28,0.0143570766898375,2025,2025-06-30,learned_order_extension,20260911,0.4542765697501973,0.4542765697501973,0,1
weekly_state_validated,3518,2025-07-25,2025-08-04,-0.0218642507630443,2025,2025-06-30,learned_order_extension,20260911,0.3705804310840424,0.3705804310840424,0,0
weekly_state_validated,3523,2025-08-01,2025-08-11,0.0179175520190988,2025,2025-06-30,learned_order_extension,20260911,0.35640700933897784,0.35640700933897784,0,1
weekly_state_validated,3528,2025-08-08,2025-08-18,0.026265786598999,2025,2025-06-30,learned_order_extension,20260911,0.2417717229228953,0.2417717229228953,0,1
weekly_state_validated,3533,2025-08-15,2025-08-25,0.0469483790671487,2025,2025-06-30,learned_order_extension,20260911,0.43183334017409475,0.43183334017409475,0,1
weekly_state_validated,3538,2025-08-22,2025-09-01,0.0227770368340847,2025,2025-06-30,learned_order_extension,20260911,0.27716170555763187,0.27716170555763187,0,1
weekly_state_validated,3543,2025-08-29,2025-09-08,-0.0110053842475337,2025,2025-06-30,learned_order_extension,20260911,0.4016632874897146,0.4016632874897146,0,0
weekly_state_validated,3548,2025-09-05,2025-09-15,0.0151594857594405,2025,2025-06-30,learned_order_extension,20260911,0.37420831674124977,0.37420831674124977,0,1
weekly_state_validated,3553,2025-09-12,2025-09-22,-0.0050409160971932,2025,2025-06-30,learned_order_extension,20260911,0.503147055984005,0.503147055984005,1,0
weekly_state_validated,3558,2025-09-19,2025-09-29,0.0095300784790881,2025,2025-06-30,learned_order_extension,20260911,0.39333913585245617,0.39333913585245617,0,1
weekly_state_validated,3563,2025-09-26,2025-10-13,-0.0140855274279203,2025,2025-06-30,learned_order_extension,20260911,0.4081318148640021,0.4081318148640021,0,0
weekly_state_ungated,3503,2025-07-04,2025-07-14,0.0110426949002964,2025,2025-06-30,learned_order_extension,20260911,0.67542613445137,0.67542613445137,1,1
weekly_state_ungated,3508,2025-07-11,2025-07-21,0.0120759671840067,2025,2025-06-30,learned_order_extension,20260911,0.4386070359881475,0.4386070359881475,0,1
weekly_state_ungated,3513,2025-07-18,2025-07-28,0.0143570766898375,2025,2025-06-30,learned_order_extension,20260911,0.45092428237411125,0.45092428237411125,0,1
weekly_state_ungated,3518,2025-07-25,2025-08-04,-0.0218642507630443,2025,2025-06-30,learned_order_extension,20260911,0.3674299288754345,0.3674299288754345,0,0
weekly_state_ungated,3523,2025-08-01,2025-08-11,0.0179175520190988,2025,2025-06-30,learned_order_extension,20260911,0.35330936555690035,0.35330936555690035,0,1
weekly_state_ungated,3528,2025-08-08,2025-08-18,0.026265786598999,2025,2025-06-30,learned_order_extension,20260911,0.23929995544879212,0.23929995544879212,0,1
weekly_state_ungated,3533,2025-08-15,2025-08-25,0.0469483790671487,2025,2025-06-30,learned_order_extension,20260911,0.42851662301309146,0.42851662301309146,0,1
weekly_state_ungated,3538,2025-08-22,2025-09-01,0.0227770368340847,2025,2025-06-30,learned_order_extension,20260911,0.2744590929726592,0.2744590929726592,0,1
weekly_state_ungated,3543,2025-08-29,2025-09-08,-0.0110053842475337,2025,2025-06-30,learned_order_extension,20260911,0.3984158019606617,0.3984158019606617,0,0
weekly_state_ungated,3548,2025-09-05,2025-09-15,0.0151594857594405,2025,2025-06-30,learned_order_extension,20260911,0.3899448066878777,0.3899448066878777,0,1
weekly_state_ungated,3553,2025-09-12,2025-09-22,-0.0050409160971932,2025,2025-06-30,learned_order_extension,20260911,0.5198019040142324,0.5198019040142324,1,0
weekly_state_ungated,3558,2025-09-19,2025-09-29,0.0095300784790881,2025,2025-06-30,learned_order_extension,20260911,0.4093538733447088,0.4093538733447088,0,1
weekly_state_ungated,3563,2025-09-26,2025-10-13,-0.0140855274279203,2025,2025-06-30,learned_order_extension,20260911,0.42432756941281946,0.42432756941281946,0,0
weekly_global_validated,3503,2025-07-04,2025-07-14,0.0110426949002964,2025,2025-06-30,learned_order_extension,20260911,0.6783853641950703,0.6783853641950703,1,1
weekly_global_validated,3508,2025-07-11,2025-07-21,0.0120759671840067,2025,2025-06-30,learned_order_extension,20260911,0.44194145653903777,0.44194145653903777,0,1
weekly_global_validated,3513,2025-07-18,2025-07-28,0.0143570766898375,2025,2025-06-30,learned_order_extension,20260911,0.4542765697501973,0.4542765697501973,0,1
weekly_global_validated,3518,2025-07-25,2025-08-04,-0.0218642507630443,2025,2025-06-30,learned_order_extension,20260911,0.3705804310840424,0.3705804310840424,0,0
weekly_global_validated,3523,2025-08-01,2025-08-11,0.0179175520190988,2025,2025-06-30,learned_order_extension,20260911,0.35640700933897784,0.35640700933897784,0,1
weekly_global_validated,3528,2025-08-08,2025-08-18,0.026265786598999,2025,2025-06-30,learned_order_extension,20260911,0.2417717229228953,0.2417717229228953,0,1
weekly_global_validated,3533,2025-08-15,2025-08-25,0.0469483790671487,2025,2025-06-30,learned_order_extension,20260911,0.43183334017409475,0.43183334017409475,0,1
weekly_global_validated,3538,2025-08-22,2025-09-01,0.0227770368340847,2025,2025-06-30,learned_order_extension,20260911,0.27716170555763187,0.27716170555763187,0,1
weekly_global_validated,3543,2025-08-29,2025-09-08,-0.0110053842475337,2025,2025-06-30,learned_order_extension,20260911,0.4016632874897146,0.4016632874897146,0,0
weekly_global_validated,3548,2025-09-05,2025-09-15,0.0151594857594405,2025,2025-06-30,learned_order_extension,20260911,0.37420831674124977,0.37420831674124977,0,1
weekly_global_validated,3553,2025-09-12,2025-09-22,-0.0050409160971932,2025,2025-06-30,learned_order_extension,20260911,0.503147055984005,0.503147055984005,1,0
weekly_global_validated,3558,2025-09-19,2025-09-29,0.0095300784790881,2025,2025-06-30,learned_order_extension,20260911,0.39333913585245617,0.39333913585245617,0,1
weekly_global_validated,3563,2025-09-26,2025-10-13,-0.0140855274279203,2025,2025-06-30,learned_order_extension,20260911,0.4081318148640021,0.4081318148640021,0,0
weekly_global_ungated,3503,2025-07-04,2025-07-14,0.0110426949002964,2025,2025-06-30,learned_order_extension,20260911,0.6904285712413836,0.6904285712413836,1,1
weekly_global_ungated,3508,2025-07-11,2025-07-21,0.0120759671840067,2025,2025-06-30,learned_order_extension,20260911,0.45573512742584077,0.45573512742584077,0,1
weekly_global_ungated,3513,2025-07-18,2025-07-28,0.0143570766898375,2025,2025-06-30,learned_order_extension,20260911,0.46813227967364995,0.46813227967364995,0,1
weekly_global_ungated,3518,2025-07-25,2025-08-04,-0.0218642507630443,2025,2025-06-30,learned_order_extension,20260911,0.3836781261521546,0.3836781261521546,0,0
weekly_global_ungated,3523,2025-08-01,2025-08-11,0.0179175520190988,2025,2025-06-30,learned_order_extension,20260911,0.36929767894489424,0.36929767894489424,0,1
weekly_global_ungated,3528,2025-08-08,2025-08-18,0.026265786598999,2025,2025-06-30,learned_order_extension,20260911,0.2521405658012942,0.2521405658012942,0,1
weekly_global_ungated,3533,2025-08-15,2025-08-25,0.0469483790671487,2025,2025-06-30,learned_order_extension,20260911,0.4455634136684258,0.4455634136684258,0,1
weekly_global_ungated,3538,2025-08-22,2025-09-01,0.0227770368340847,2025,2025-06-30,learned_order_extension,20260911,0.2884708751902047,0.2884708751902047,0,1
weekly_global_ungated,3543,2025-08-29,2025-09-08,-0.0110053842475337,2025,2025-06-30,learned_order_extension,20260911,0.4151349932220116,0.4151349932220116,0,0
weekly_global_ungated,3548,2025-09-05,2025-09-15,0.0151594857594405,2025,2025-06-30,learned_order_extension,20260911,0.38735532423742747,0.38735532423742747,0,1
weekly_global_ungated,3553,2025-09-12,2025-09-22,-0.0050409160971932,2025,2025-06-30,learned_order_extension,20260911,0.517080999338763,0.517080999338763,1,0
weekly_global_ungated,3558,2025-09-19,2025-09-29,0.0095300784790881,2025,2025-06-30,learned_order_extension,20260911,0.40672143182642745,0.40672143182642745,0,1
weekly_global_ungated,3563,2025-09-26,2025-10-13,-0.0140855274279203,2025,2025-06-30,learned_order_extension,20260911,0.42166757970563346,0.42166757970563346,0,0
weekly_state_validated,3503,2025-07-04,2025-07-14,0.0110426949002964,2025,2025-06-30,learned_order_extension,20260912,0.44975661840836995,0.44975661840836995,0,1
weekly_state_validated,3508,2025-07-11,2025-07-21,0.0120759671840067,2025,2025-06-30,learned_order_extension,20260912,0.5396775320772306,0.5396775320772306,1,1
weekly_state_validated,3513,2025-07-18,2025-07-28,0.0143570766898375,2025,2025-06-30,learned_order_extension,20260912,0.7181896217551942,0.7181896217551942,1,1
weekly_state_validated,3518,2025-07-25,2025-08-04,-0.0218642507630443,2025,2025-06-30,learned_order_extension,20260912,0.4788967000353738,0.4788967000353738,0,0
weekly_state_validated,3523,2025-08-01,2025-08-11,0.0179175520190988,2025,2025-06-30,learned_order_extension,20260912,0.5048920607412078,0.5048920607412078,1,1
weekly_state_validated,3528,2025-08-08,2025-08-18,0.026265786598999,2025,2025-06-30,learned_order_extension,20260912,0.2671707254058088,0.2671707254058088,0,1
weekly_state_validated,3533,2025-08-15,2025-08-25,0.0469483790671487,2025,2025-06-30,learned_order_extension,20260912,0.42899078082677655,0.42899078082677655,0,1
weekly_state_validated,3538,2025-08-22,2025-09-01,0.0227770368340847,2025,2025-06-30,learned_order_extension,20260912,0.3149107808618338,0.3149107808618338,0,1
weekly_state_validated,3543,2025-08-29,2025-09-08,-0.0110053842475337,2025,2025-06-30,learned_order_extension,20260912,0.6822563563025544,0.6822563563025544,1,0
weekly_state_validated,3548,2025-09-05,2025-09-15,0.0151594857594405,2025,2025-06-30,learned_order_extension,20260912,0.413546101176203,0.413546101176203,0,1
weekly_state_validated,3553,2025-09-12,2025-09-22,-0.0050409160971932,2025,2025-06-30,learned_order_extension,20260912,0.5955127190576712,0.5955127190576712,1,0
weekly_state_validated,3558,2025-09-19,2025-09-29,0.0095300784790881,2025,2025-06-30,learned_order_extension,20260912,0.3203365822384075,0.3203365822384075,0,1
weekly_state_validated,3563,2025-09-26,2025-10-13,-0.0140855274279203,2025,2025-06-30,learned_order_extension,20260912,0.49370493999167486,0.49370493999167486,0,0
weekly_state_ungated,3503,2025-07-04,2025-07-14,0.0110426949002964,2025,2025-06-30,learned_order_extension,20260912,0.4540398884873748,0.4540398884873748,0,1
weekly_state_ungated,3508,2025-07-11,2025-07-21,0.0120759671840067,2025,2025-06-30,learned_order_extension,20260912,0.5439705647762332,0.5439705647762332,1,1
weekly_state_ungated,3513,2025-07-18,2025-07-28,0.0143570766898375,2025,2025-06-30,learned_order_extension,20260912,0.7216764143783001,0.7216764143783001,1,1
weekly_state_ungated,3518,2025-07-25,2025-08-04,-0.0218642507630443,2025,2025-06-30,learned_order_extension,20260912,0.4832137766363619,0.4832137766363619,0,0
weekly_state_ungated,3523,2025-08-01,2025-08-11,0.0179175520190988,2025,2025-06-30,learned_order_extension,20260912,0.509214483706518,0.509214483706518,1,1
weekly_state_ungated,3528,2025-08-08,2025-08-18,0.026265786598999,2025,2025-06-30,learned_order_extension,20260912,0.27057018094585666,0.27057018094585666,0,1
weekly_state_ungated,3533,2025-08-15,2025-08-25,0.0469483790671487,2025,2025-06-30,learned_order_extension,20260912,0.43323199561449155,0.43323199561449155,0,1
weekly_state_ungated,3538,2025-08-22,2025-09-01,0.0227770368340847,2025,2025-06-30,learned_order_extension,20260912,0.3186535454508046,0.3186535454508046,0,1
weekly_state_ungated,3543,2025-08-29,2025-09-08,-0.0110053842475337,2025,2025-06-30,learned_order_extension,20260912,0.6859933589577869,0.6859933589577869,1,0
weekly_state_ungated,3548,2025-09-05,2025-09-15,0.0151594857594405,2025,2025-06-30,learned_order_extension,20260912,0.4228952261578349,0.4228952261578349,0,1
weekly_state_ungated,3553,2025-09-12,2025-09-22,-0.0050409160971932,2025,2025-06-30,learned_order_extension,20260912,0.6047336185359994,0.6047336185359994,1,0
weekly_state_ungated,3558,2025-09-19,2025-09-29,0.0095300784790881,2025,2025-06-30,learned_order_extension,20260912,0.3287597776910964,0.3287597776910964,0,1
weekly_state_ungated,3563,2025-09-26,2025-10-13,-0.0140855274279203,2025,2025-06-30,learned_order_extension,20260912,0.5033109801973901,0.5033109801973901,1,0
weekly_global_validated,3503,2025-07-04,2025-07-14,0.0110426949002964,2025,2025-06-30,learned_order_extension,20260912,0.44975661840836995,0.44975661840836995,0,1
weekly_global_validated,3508,2025-07-11,2025-07-21,0.0120759671840067,2025,2025-06-30,learned_order_extension,20260912,0.5396775320772306,0.5396775320772306,1,1
weekly_global_validated,3513,2025-07-18,2025-07-28,0.0143570766898375,2025,2025-06-30,learned_order_extension,20260912,0.7181896217551942,0.7181896217551942,1,1
weekly_global_validated,3518,2025-07-25,2025-08-04,-0.0218642507630443,2025,2025-06-30,learned_order_extension,20260912,0.4788967000353738,0.4788967000353738,0,0
weekly_global_validated,3523,2025-08-01,2025-08-11,0.0179175520190988,2025,2025-06-30,learned_order_extension,20260912,0.5048920607412078,0.5048920607412078,1,1
weekly_global_validated,3528,2025-08-08,2025-08-18,0.026265786598999,2025,2025-06-30,learned_order_extension,20260912,0.2671707254058088,0.2671707254058088,0,1
weekly_global_validated,3533,2025-08-15,2025-08-25,0.0469483790671487,2025,2025-06-30,learned_order_extension,20260912,0.42899078082677655,0.42899078082677655,0,1
weekly_global_validated,3538,2025-08-22,2025-09-01,0.0227770368340847,2025,2025-06-30,learned_order_extension,20260912,0.3149107808618338,0.3149107808618338,0,1
weekly_global_validated,3543,2025-08-29,2025-09-08,-0.0110053842475337,2025,2025-06-30,learned_order_extension,20260912,0.6822563563025544,0.6822563563025544,1,0
weekly_global_validated,3548,2025-09-05,2025-09-15,0.0151594857594405,2025,2025-06-30,learned_order_extension,20260912,0.413546101176203,0.413546101176203,0,1
weekly_global_validated,3553,2025-09-12,2025-09-22,-0.0050409160971932,2025,2025-06-30,learned_order_extension,20260912,0.5955127190576712,0.5955127190576712,1,0
weekly_global_validated,3558,2025-09-19,2025-09-29,0.0095300784790881,2025,2025-06-30,learned_order_extension,20260912,0.3203365822384075,0.3203365822384075,0,1
weekly_global_validated,3563,2025-09-26,2025-10-13,-0.0140855274279203,2025,2025-06-30,learned_order_extension,20260912,0.49370493999167486,0.49370493999167486,0,0
weekly_global_ungated,3503,2025-07-04,2025-07-14,0.0110426949002964,2025,2025-06-30,learned_order_extension,20260912,0.4568379079585302,0.4568379079585302,0,1
weekly_global_ungated,3508,2025-07-11,2025-07-21,0.0120759671840067,2025,2025-06-30,learned_order_extension,20260912,0.5467677644086713,0.5467677644086713,1,1
weekly_global_ungated,3513,2025-07-18,2025-07-28,0.0143570766898375,2025,2025-06-30,learned_order_extension,20260912,0.7239367781393522,0.7239367781393522,1,1
weekly_global_ungated,3518,2025-07-25,2025-08-04,-0.0218642507630443,2025,2025-06-30,learned_order_extension,20260912,0.4860315305162212,0.4860315305162212,0,0
weekly_global_ungated,3523,2025-08-01,2025-08-11,0.0179175520190988,2025,2025-06-30,learned_order_extension,20260912,0.5120336319256534,0.5120336319256534,1,1
weekly_global_ungated,3528,2025-08-08,2025-08-18,0.026265786598999,2025,2025-06-30,learned_order_extension,20260912,0.2728025169857888,0.2728025169857888,0,1
weekly_global_ungated,3533,2025-08-15,2025-08-25,0.0469483790671487,2025,2025-06-30,learned_order_extension,20260912,0.43600418995446155,0.43600418995446155,0,1
weekly_global_ungated,3538,2025-08-22,2025-09-01,0.0227770368340847,2025,2025-06-30,learned_order_extension,20260912,0.3211079533921684,0.3211079533921684,0,1
weekly_global_ungated,3543,2025-08-29,2025-09-08,-0.0110053842475337,2025,2025-06-30,learned_order_extension,20260912,0.6884183994071588,0.6884183994071588,1,0
weekly_global_ungated,3548,2025-09-05,2025-09-15,0.0151594857594405,2025,2025-06-30,learned_order_extension,20260912,0.4204929522771158,0.4204929522771158,0,1
weekly_global_ungated,3553,2025-09-12,2025-09-22,-0.0050409160971932,2025,2025-06-30,learned_order_extension,20260912,0.6023765778119934,0.6023765778119934,1,0
weekly_global_ungated,3558,2025-09-19,2025-09-29,0.0095300784790881,2025,2025-06-30,learned_order_extension,20260912,0.326589628989573,0.326589628989573,0,1
weekly_global_ungated,3563,2025-09-26,2025-10-13,-0.0140855274279203,2025,2025-06-30,learned_order_extension,20260912,0.5008483458391801,0.5008483458391801,1,0
weekly_state_validated,3503,2025-07-04,2025-07-14,0.0110426949002964,2025,2025-06-30,learned_order_offset,20260910,0.7138049429629315,0.7138049429629315,1,1
weekly_state_validated,3508,2025-07-11,2025-07-21,0.0120759671840067,2025,2025-06-30,learned_order_offset,20260910,0.8295391005206344,0.8295391005206344,1,1
weekly_state_validated,3513,2025-07-18,2025-07-28,0.0143570766898375,2025,2025-06-30,learned_order_offset,20260910,0.3912754070593162,0.3912754070593162,0,1
weekly_state_validated,3518,2025-07-25,2025-08-04,-0.0218642507630443,2025,2025-06-30,learned_order_offset,20260910,0.4472338795260976,0.4472338795260976,0,0
weekly_state_validated,3523,2025-08-01,2025-08-11,0.0179175520190988,2025,2025-06-30,learned_order_offset,20260910,0.49738369791735854,0.49738369791735854,0,1
weekly_state_validated,3528,2025-08-08,2025-08-18,0.026265786598999,2025,2025-06-30,learned_order_offset,20260910,0.29021186818668443,0.29021186818668443,0,1
weekly_state_validated,3533,2025-08-15,2025-08-25,0.0469483790671487,2025,2025-06-30,learned_order_offset,20260910,0.3765210913585545,0.3765210913585545,0,1
weekly_state_validated,3538,2025-08-22,2025-09-01,0.0227770368340847,2025,2025-06-30,learned_order_offset,20260910,0.3535124963113698,0.3535124963113698,0,1
weekly_state_validated,3543,2025-08-29,2025-09-08,-0.0110053842475337,2025,2025-06-30,learned_order_offset,20260910,0.4155611592025284,0.4155611592025284,0,0
weekly_state_validated,3548,2025-09-05,2025-09-15,0.0151594857594405,2025,2025-06-30,learned_order_offset,20260910,0.44480586026466634,0.44480586026466634,0,1
weekly_state_validated,3553,2025-09-12,2025-09-22,-0.0050409160971932,2025,2025-06-30,learned_order_offset,20260910,0.4900756775013041,0.4900756775013041,0,0
weekly_state_validated,3558,2025-09-19,2025-09-29,0.0095300784790881,2025,2025-06-30,learned_order_offset,20260910,0.4492520954551793,0.4492520954551793,0,1
weekly_state_validated,3563,2025-09-26,2025-10-13,-0.0140855274279203,2025,2025-06-30,learned_order_offset,20260910,0.4335073624553348,0.4335073624553348,0,0
weekly_state_ungated,3503,2025-07-04,2025-07-14,0.0110426949002964,2025,2025-06-30,learned_order_offset,20260910,0.7125990176376796,0.7125990176376796,1,1
weekly_state_ungated,3508,2025-07-11,2025-07-21,0.0120759671840067,2025,2025-06-30,learned_order_offset,20260910,0.8287038107180775,0.8287038107180775,1,1
weekly_state_ungated,3513,2025-07-18,2025-07-28,0.0143570766898375,2025,2025-06-30,learned_order_offset,20260910,0.38987208917188726,0.38987208917188726,0,1
weekly_state_ungated,3518,2025-07-25,2025-08-04,-0.0218642507630443,2025,2025-06-30,learned_order_offset,20260910,0.4457768378176457,0.4457768378176457,0,0
weekly_state_ungated,3523,2025-08-01,2025-08-11,0.0179175520190988,2025,2025-06-30,learned_order_offset,20260910,0.4959098510123342,0.4959098510123342,0,1
weekly_state_ungated,3528,2025-08-08,2025-08-18,0.026265786598999,2025,2025-06-30,learned_order_offset,20260910,0.2889989317609252,0.2889989317609252,0,1
weekly_state_ungated,3533,2025-08-15,2025-08-25,0.0469483790671487,2025,2025-06-30,learned_order_offset,20260910,0.3751380792427694,0.3751380792427694,0,1
weekly_state_ungated,3538,2025-08-22,2025-09-01,0.0227770368340847,2025,2025-06-30,learned_order_offset,20260910,0.35216626108969207,0.35216626108969207,0,1
weekly_state_ungated,3543,2025-08-29,2025-09-08,-0.0110053842475337,2025,2025-06-30,learned_order_offset,20260910,0.4141299970990665,0.4141299970990665,0,0
weekly_state_ungated,3548,2025-09-05,2025-09-15,0.0151594857594405,2025,2025-06-30,learned_order_offset,20260910,0.4575196593355136,0.4575196593355136,0,1
weekly_state_ungated,3553,2025-09-12,2025-09-22,-0.0050409160971932,2025,2025-06-30,learned_order_offset,20260910,0.5029113271669579,0.5029113271669579,1,0
weekly_state_ungated,3558,2025-09-19,2025-09-29,0.0095300784790881,2025,2025-06-30,learned_order_offset,20260910,0.4619872299123497,0.4619872299123497,0,1
weekly_state_ungated,3563,2025-09-26,2025-10-13,-0.0140855274279203,2025,2025-06-30,learned_order_offset,20260910,0.44615773773659057,0.44615773773659057,0,0
weekly_global_validated,3503,2025-07-04,2025-07-14,0.0110426949002964,2025,2025-06-30,learned_order_offset,20260910,0.7138049429629315,0.7138049429629315,1,1
weekly_global_validated,3508,2025-07-11,2025-07-21,0.0120759671840067,2025,2025-06-30,learned_order_offset,20260910,0.8295391005206344,0.8295391005206344,1,1
weekly_global_validated,3513,2025-07-18,2025-07-28,0.0143570766898375,2025,2025-06-30,learned_order_offset,20260910,0.3912754070593162,0.3912754070593162,0,1
weekly_global_validated,3518,2025-07-25,2025-08-04,-0.0218642507630443,2025,2025-06-30,learned_order_offset,20260910,0.4472338795260976,0.4472338795260976,0,0
weekly_global_validated,3523,2025-08-01,2025-08-11,0.0179175520190988,2025,2025-06-30,learned_order_offset,20260910,0.49738369791735854,0.49738369791735854,0,1
weekly_global_validated,3528,2025-08-08,2025-08-18,0.026265786598999,2025,2025-06-30,learned_order_offset,20260910,0.29021186818668443,0.29021186818668443,0,1
weekly_global_validated,3533,2025-08-15,2025-08-25,0.0469483790671487,2025,2025-06-30,learned_order_offset,20260910,0.3765210913585545,0.3765210913585545,0,1
weekly_global_validated,3538,2025-08-22,2025-09-01,0.0227770368340847,2025,2025-06-30,learned_order_offset,20260910,0.3535124963113698,0.3535124963113698,0,1
weekly_global_validated,3543,2025-08-29,2025-09-08,-0.0110053842475337,2025,2025-06-30,learned_order_offset,20260910,0.4155611592025284,0.4155611592025284,0,0
weekly_global_validated,3548,2025-09-05,2025-09-15,0.0151594857594405,2025,2025-06-30,learned_order_offset,20260910,0.44480586026466634,0.44480586026466634,0,1
weekly_global_validated,3553,2025-09-12,2025-09-22,-0.0050409160971932,2025,2025-06-30,learned_order_offset,20260910,0.4900756775013041,0.4900756775013041,0,0
weekly_global_validated,3558,2025-09-19,2025-09-29,0.0095300784790881,2025,2025-06-30,learned_order_offset,20260910,0.4492520954551793,0.4492520954551793,0,1
weekly_global_validated,3563,2025-09-26,2025-10-13,-0.0140855274279203,2025,2025-06-30,learned_order_offset,20260910,0.4335073624553348,0.4335073624553348,0,0
weekly_global_ungated,3503,2025-07-04,2025-07-14,0.0110426949002964,2025,2025-06-30,learned_order_offset,20260910,0.7265381265206222,0.7265381265206222,1,1
weekly_global_ungated,3508,2025-07-11,2025-07-21,0.0120759671840067,2025,2025-06-30,learned_order_offset,20260910,0.8382896503363579,0.8382896503363579,1,1
weekly_global_ungated,3513,2025-07-18,2025-07-28,0.0143570766898375,2025,2025-06-30,learned_order_offset,20260910,0.4064256072912501,0.4064256072912501,0,1
weekly_global_ungated,3518,2025-07-25,2025-08-04,-0.0218642507630443,2025,2025-06-30,learned_order_offset,20260910,0.4629031215168295,0.4629031215168295,0,0
weekly_global_ungated,3523,2025-08-01,2025-08-11,0.0179175520190988,2025,2025-06-30,learned_order_offset,20260910,0.5131787738015161,0.5131787738015161,1,1
weekly_global_ungated,3528,2025-08-08,2025-08-18,0.026265786598999,2025,2025-06-30,learned_order_offset,20260910,0.30339928546515876,0.30339928546515876,0,1
weekly_global_ungated,3533,2025-08-15,2025-08-25,0.0469483790671487,2025,2025-06-30,learned_order_offset,20260910,0.3914673958200124,0.3914673958200124,0,1
weekly_global_ungated,3538,2025-08-22,2025-09-01,0.0227770368340847,2025,2025-06-30,learned_order_offset,20260910,0.36808466955586544,0.36808466955586544,0,1
weekly_global_ungated,3543,2025-08-29,2025-09-08,-0.0110053842475337,2025,2025-06-30,learned_order_offset,20260910,0.43098592650403555,0.43098592650403555,0,0
weekly_global_ungated,3548,2025-09-05,2025-09-15,0.0151594857594405,2025,2025-06-30,learned_order_offset,20260910,0.46046089695960646,0.46046089695960646,0,1
weekly_global_ungated,3553,2025-09-12,2025-09-22,-0.0050409160971932,2025,2025-06-30,learned_order_offset,20260910,0.5058722567756245,0.5058722567756245,1,0
weekly_global_ungated,3558,2025-09-19,2025-09-29,0.0095300784790881,2025,2025-06-30,learned_order_offset,20260910,0.4649325731405602,0.4649325731405602,0,1
weekly_global_ungated,3563,2025-09-26,2025-10-13,-0.0140855274279203,2025,2025-06-30,learned_order_offset,20260910,0.44908640039422604,0.44908640039422604,0,0
weekly_state_validated,3503,2025-07-04,2025-07-14,0.0110426949002964,2025,2025-06-30,learned_order_offset,20260911,0.678441879183803,0.678441879183803,1,1
weekly_state_validated,3508,2025-07-11,2025-07-21,0.0120759671840067,2025,2025-06-30,learned_order_offset,20260911,0.44212080116495506,0.44212080116495506,0,1
weekly_state_validated,3513,2025-07-18,2025-07-28,0.0143570766898375,2025,2025-06-30,learned_order_offset,20260911,0.4543231137369766,0.4543231137369766,0,1
weekly_state_validated,3518,2025-07-25,2025-08-04,-0.0218642507630443,2025,2025-06-30,learned_order_offset,20260911,0.370682013137504,0.370682013137504,0,0
weekly_state_validated,3523,2025-08-01,2025-08-11,0.0179175520190988,2025,2025-06-30,learned_order_offset,20260911,0.35640730086727934,0.35640730086727934,0,1
weekly_state_validated,3528,2025-08-08,2025-08-18,0.026265786598999,2025,2025-06-30,learned_order_offset,20260911,0.2417753577493673,0.2417753577493673,0,1
weekly_state_validated,3533,2025-08-15,2025-08-25,0.0469483790671487,2025,2025-06-30,learned_order_offset,20260911,0.4318249881848226,0.4318249881848226,0,1
weekly_state_validated,3538,2025-08-22,2025-09-01,0.0227770368340847,2025,2025-06-30,learned_order_offset,20260911,0.2771710881877151,0.2771710881877151,0,1
weekly_state_validated,3543,2025-08-29,2025-09-08,-0.0110053842475337,2025,2025-06-30,learned_order_offset,20260911,0.4015498956176379,0.4015498956176379,0,0
weekly_state_validated,3548,2025-09-05,2025-09-15,0.0151594857594405,2025,2025-06-30,learned_order_offset,20260911,0.37420565733546446,0.37420565733546446,0,1
weekly_state_validated,3553,2025-09-12,2025-09-22,-0.0050409160971932,2025,2025-06-30,learned_order_offset,20260911,0.5031042607505921,0.5031042607505921,1,0
weekly_state_validated,3558,2025-09-19,2025-09-29,0.0095300784790881,2025,2025-06-30,learned_order_offset,20260911,0.39333063714085875,0.39333063714085875,0,1
weekly_state_validated,3563,2025-09-26,2025-10-13,-0.0140855274279203,2025,2025-06-30,learned_order_offset,20260911,0.40808585003619935,0.40808585003619935,0,0
weekly_state_ungated,3503,2025-07-04,2025-07-14,0.0110426949002964,2025,2025-06-30,learned_order_offset,20260911,0.6756859475055929,0.6756859475055929,1,1
weekly_state_ungated,3508,2025-07-11,2025-07-21,0.0120759671840067,2025,2025-06-30,learned_order_offset,20260911,0.43901421908113236,0.43901421908113236,0,1
weekly_state_ungated,3513,2025-07-18,2025-07-28,0.0143570766898375,2025,2025-06-30,learned_order_offset,20260911,0.451200136214033,0.451200136214033,0,1
weekly_state_ungated,3518,2025-07-25,2025-08-04,-0.0218642507630443,2025,2025-06-30,learned_order_offset,20260911,0.36774650843268386,0.36774650843268386,0,0
weekly_state_ungated,3523,2025-08-01,2025-08-11,0.0179175520190988,2025,2025-06-30,learned_order_offset,20260911,0.35352133747081865,0.35352133747081865,0,1
weekly_state_ungated,3528,2025-08-08,2025-08-18,0.026265786598999,2025,2025-06-30,learned_order_offset,20260911,0.23947223470975962,0.23947223470975962,0,1
weekly_state_ungated,3533,2025-08-15,2025-08-25,0.0469483790671487,2025,2025-06-30,learned_order_offset,20260911,0.4287351530905429,0.4287351530905429,0,1
weekly_state_ungated,3538,2025-08-22,2025-09-01,0.0227770368340847,2025,2025-06-30,learned_order_offset,20260911,0.27465292528175683,0.27465292528175683,0,1
weekly_state_ungated,3543,2025-08-29,2025-09-08,-0.0110053842475337,2025,2025-06-30,learned_order_offset,20260911,0.3985247428203884,0.3985247428203884,0,0
weekly_state_ungated,3548,2025-09-05,2025-09-15,0.0151594857594405,2025,2025-06-30,learned_order_offset,20260911,0.38993980658805133,0.38993980658805133,0,1
weekly_state_ungated,3553,2025-09-12,2025-09-22,-0.0050409160971932,2025,2025-06-30,learned_order_offset,20260911,0.5197567622756618,0.5197567622756618,1,0
weekly_state_ungated,3558,2025-09-19,2025-09-29,0.0095300784790881,2025,2025-06-30,learned_order_offset,20260911,0.40934292591409815,0.40934292591409815,0,1
weekly_state_ungated,3563,2025-09-26,2025-10-13,-0.0140855274279203,2025,2025-06-30,learned_order_offset,20260911,0.4242787279329071,0.4242787279329071,0,0
weekly_global_validated,3503,2025-07-04,2025-07-14,0.0110426949002964,2025,2025-06-30,learned_order_offset,20260911,0.678441879183803,0.678441879183803,1,1
weekly_global_validated,3508,2025-07-11,2025-07-21,0.0120759671840067,2025,2025-06-30,learned_order_offset,20260911,0.44212080116495506,0.44212080116495506,0,1
weekly_global_validated,3513,2025-07-18,2025-07-28,0.0143570766898375,2025,2025-06-30,learned_order_offset,20260911,0.4543231137369766,0.4543231137369766,0,1
weekly_global_validated,3518,2025-07-25,2025-08-04,-0.0218642507630443,2025,2025-06-30,learned_order_offset,20260911,0.370682013137504,0.370682013137504,0,0
weekly_global_validated,3523,2025-08-01,2025-08-11,0.0179175520190988,2025,2025-06-30,learned_order_offset,20260911,0.35640730086727934,0.35640730086727934,0,1
weekly_global_validated,3528,2025-08-08,2025-08-18,0.026265786598999,2025,2025-06-30,learned_order_offset,20260911,0.2417753577493673,0.2417753577493673,0,1
weekly_global_validated,3533,2025-08-15,2025-08-25,0.0469483790671487,2025,2025-06-30,learned_order_offset,20260911,0.4318249881848226,0.4318249881848226,0,1
weekly_global_validated,3538,2025-08-22,2025-09-01,0.0227770368340847,2025,2025-06-30,learned_order_offset,20260911,0.2771710881877151,0.2771710881877151,0,1
weekly_global_validated,3543,2025-08-29,2025-09-08,-0.0110053842475337,2025,2025-06-30,learned_order_offset,20260911,0.4015498956176379,0.4015498956176379,0,0
weekly_global_validated,3548,2025-09-05,2025-09-15,0.0151594857594405,2025,2025-06-30,learned_order_offset,20260911,0.37420565733546446,0.37420565733546446,0,1
weekly_global_validated,3553,2025-09-12,2025-09-22,-0.0050409160971932,2025,2025-06-30,learned_order_offset,20260911,0.5031042607505921,0.5031042607505921,1,0
weekly_global_validated,3558,2025-09-19,2025-09-29,0.0095300784790881,2025,2025-06-30,learned_order_offset,20260911,0.39333063714085875,0.39333063714085875,0,1
weekly_global_validated,3563,2025-09-26,2025-10-13,-0.0140855274279203,2025,2025-06-30,learned_order_offset,20260911,0.40808585003619935,0.40808585003619935,0,0
weekly_global_ungated,3503,2025-07-04,2025-07-14,0.0110426949002964,2025,2025-06-30,learned_order_offset,20260911,0.6905622546670458,0.6905622546670458,1,1
weekly_global_ungated,3508,2025-07-11,2025-07-21,0.0120759671840067,2025,2025-06-30,learned_order_offset,20260911,0.456006408183611,0.456006408183611,0,1
weekly_global_ungated,3513,2025-07-18,2025-07-28,0.0143570766898375,2025,2025-06-30,learned_order_offset,20260911,0.46827027771325447,0.46827027771325447,0,1
weekly_global_ungated,3518,2025-07-25,2025-08-04,-0.0218642507630443,2025,2025-06-30,learned_order_offset,20260911,0.3838677853051956,0.3838677853051956,0,0
weekly_global_ungated,3523,2025-08-01,2025-08-11,0.0179175520190988,2025,2025-06-30,learned_order_offset,20260911,0.3693833406755734,0.3693833406755734,0,1
weekly_global_ungated,3528,2025-08-08,2025-08-18,0.026265786598999,2025,2025-06-30,learned_order_offset,20260911,0.2522134189751778,0.2522134189751778,0,1
weekly_global_ungated,3533,2025-08-15,2025-08-25,0.0469483790671487,2025,2025-06-30,learned_order_offset,20260911,0.44564554217626706,0.44564554217626706,0,1
weekly_global_ungated,3538,2025-08-22,2025-09-01,0.0227770368340847,2025,2025-06-30,learned_order_offset,20260911,0.2885557191482607,0.2885557191482607,0,1
weekly_global_ungated,3543,2025-08-29,2025-09-08,-0.0110053842475337,2025,2025-06-30,learned_order_offset,20260911,0.415109414681171,0.415109414681171,0,0
weekly_global_ungated,3548,2025-09-05,2025-09-15,0.0151594857594405,2025,2025-06-30,learned_order_offset,20260911,0.3874396046463024,0.3874396046463024,0,1
weekly_global_ungated,3553,2025-09-12,2025-09-22,-0.0050409160971932,2025,2025-06-30,learned_order_offset,20260911,0.5171297676557369,0.5171297676557369,1,0
weekly_global_ungated,3558,2025-09-19,2025-09-29,0.0095300784790881,2025,2025-06-30,learned_order_offset,20260911,0.4068012738329553,0.4068012738329553,0,1
weekly_global_ungated,3563,2025-09-26,2025-10-13,-0.0140855274279203,2025,2025-06-30,learned_order_offset,20260911,0.42171054988559836,0.42171054988559836,0,0
weekly_state_validated,3503,2025-07-04,2025-07-14,0.0110426949002964,2025,2025-06-30,learned_order_offset,20260912,0.4492168708376479,0.4492168708376479,0,1
weekly_state_validated,3508,2025-07-11,2025-07-21,0.0120759671840067,2025,2025-06-30,learned_order_offset,20260912,0.5370542470526525,0.5370542470526525,1,1
weekly_state_validated,3513,2025-07-18,2025-07-28,0.0143570766898375,2025,2025-06-30,learned_order_offset,20260912,0.7112619395712232,0.7112619395712232,1,1
weekly_state_validated,3518,2025-07-25,2025-08-04,-0.0218642507630443,2025,2025-06-30,learned_order_offset,20260912,0.4726001591921405,0.4726001591921405,0,0
weekly_state_validated,3523,2025-08-01,2025-08-11,0.0179175520190988,2025,2025-06-30,learned_order_offset,20260912,0.5020957913429207,0.5020957913429207,1,1
weekly_state_validated,3528,2025-08-08,2025-08-18,0.026265786598999,2025,2025-06-30,learned_order_offset,20260912,0.2658596532709608,0.2658596532709608,0,1
weekly_state_validated,3533,2025-08-15,2025-08-25,0.0469483790671487,2025,2025-06-30,learned_order_offset,20260912,0.4277797400971979,0.4277797400971979,0,1
weekly_state_validated,3538,2025-08-22,2025-09-01,0.0227770368340847,2025,2025-06-30,learned_order_offset,20260912,0.31588824917538333,0.31588824917538333,0,1
weekly_state_validated,3543,2025-08-29,2025-09-08,-0.0110053842475337,2025,2025-06-30,learned_order_offset,20260912,0.6781481763268534,0.6781481763268534,1,0
weekly_state_validated,3548,2025-09-05,2025-09-15,0.0151594857594405,2025,2025-06-30,learned_order_offset,20260912,0.41515740085251923,0.41515740085251923,0,1
weekly_state_validated,3553,2025-09-12,2025-09-22,-0.0050409160971932,2025,2025-06-30,learned_order_offset,20260912,0.595827474959161,0.595827474959161,1,0
weekly_state_validated,3558,2025-09-19,2025-09-29,0.0095300784790881,2025,2025-06-30,learned_order_offset,20260912,0.32359209816667756,0.32359209816667756,0,1
weekly_state_validated,3563,2025-09-26,2025-10-13,-0.0140855274279203,2025,2025-06-30,learned_order_offset,20260912,0.4955932405531918,0.4955932405531918,0,0
weekly_state_ungated,3503,2025-07-04,2025-07-14,0.0110426949002964,2025,2025-06-30,learned_order_offset,20260912,0.4534812202470587,0.4534812202470587,0,1
weekly_state_ungated,3508,2025-07-11,2025-07-21,0.0120759671840067,2025,2025-06-30,learned_order_offset,20260912,0.541332903101995,0.541332903101995,1,1
weekly_state_ungated,3513,2025-07-18,2025-07-28,0.0143570766898375,2025,2025-06-30,learned_order_offset,20260912,0.7147855888045592,0.7147855888045592,1,1
weekly_state_ungated,3518,2025-07-25,2025-08-04,-0.0218642507630443,2025,2025-06-30,learned_order_offset,20260912,0.47689428694549935,0.47689428694549935,0,0
weekly_state_ungated,3523,2025-08-01,2025-08-11,0.0179175520190988,2025,2025-06-30,learned_order_offset,20260912,0.5064005900346398,0.5064005900346398,1,1
weekly_state_ungated,3528,2025-08-08,2025-08-18,0.026265786598999,2025,2025-06-30,learned_order_offset,20260912,0.2692342528716441,0.2692342528716441,0,1
weekly_state_ungated,3533,2025-08-15,2025-08-25,0.0469483790671487,2025,2025-06-30,learned_order_offset,20260912,0.43200020241779546,0.43200020241779546,0,1
weekly_state_ungated,3538,2025-08-22,2025-09-01,0.0227770368340847,2025,2025-06-30,learned_order_offset,20260912,0.31962140182713544,0.31962140182713544,0,1
weekly_state_ungated,3543,2025-08-29,2025-09-08,-0.0110053842475337,2025,2025-06-30,learned_order_offset,20260912,0.6818952001515861,0.6818952001515861,1,0
weekly_state_ungated,3548,2025-09-05,2025-09-15,0.0151594857594405,2025,2025-06-30,learned_order_offset,20260912,0.42470167220114513,0.42470167220114513,0,1
weekly_state_ungated,3553,2025-09-12,2025-09-22,-0.0050409160971932,2025,2025-06-30,learned_order_offset,20260912,0.6052269776020613,0.6052269776020613,1,0
weekly_state_ungated,3558,2025-09-19,2025-09-29,0.0095300784790881,2025,2025-06-30,learned_order_offset,20260912,0.3322271224982511,0.3322271224982511,0,1
weekly_state_ungated,3563,2025-09-26,2025-10-13,-0.0140855274279203,2025,2025-06-30,learned_order_offset,20260912,0.505388732723101,0.505388732723101,1,0
weekly_global_validated,3503,2025-07-04,2025-07-14,0.0110426949002964,2025,2025-06-30,learned_order_offset,20260912,0.4492168708376479,0.4492168708376479,0,1
weekly_global_validated,3508,2025-07-11,2025-07-21,0.0120759671840067,2025,2025-06-30,learned_order_offset,20260912,0.5370542470526525,0.5370542470526525,1,1
weekly_global_validated,3513,2025-07-18,2025-07-28,0.0143570766898375,2025,2025-06-30,learned_order_offset,20260912,0.7112619395712232,0.7112619395712232,1,1
weekly_global_validated,3518,2025-07-25,2025-08-04,-0.0218642507630443,2025,2025-06-30,learned_order_offset,20260912,0.4726001591921405,0.4726001591921405,0,0
weekly_global_validated,3523,2025-08-01,2025-08-11,0.0179175520190988,2025,2025-06-30,learned_order_offset,20260912,0.5020957913429207,0.5020957913429207,1,1
weekly_global_validated,3528,2025-08-08,2025-08-18,0.026265786598999,2025,2025-06-30,learned_order_offset,20260912,0.2658596532709608,0.2658596532709608,0,1
weekly_global_validated,3533,2025-08-15,2025-08-25,0.0469483790671487,2025,2025-06-30,learned_order_offset,20260912,0.4277797400971979,0.4277797400971979,0,1
weekly_global_validated,3538,2025-08-22,2025-09-01,0.0227770368340847,2025,2025-06-30,learned_order_offset,20260912,0.31588824917538333,0.31588824917538333,0,1
weekly_global_validated,3543,2025-08-29,2025-09-08,-0.0110053842475337,2025,2025-06-30,learned_order_offset,20260912,0.6781481763268534,0.6781481763268534,1,0
weekly_global_validated,3548,2025-09-05,2025-09-15,0.0151594857594405,2025,2025-06-30,learned_order_offset,20260912,0.41515740085251923,0.41515740085251923,0,1
weekly_global_validated,3553,2025-09-12,2025-09-22,-0.0050409160971932,2025,2025-06-30,learned_order_offset,20260912,0.595827474959161,0.595827474959161,1,0
weekly_global_validated,3558,2025-09-19,2025-09-29,0.0095300784790881,2025,2025-06-30,learned_order_offset,20260912,0.32359209816667756,0.32359209816667756,0,1
weekly_global_validated,3563,2025-09-26,2025-10-13,-0.0140855274279203,2025,2025-06-30,learned_order_offset,20260912,0.4955932405531918,0.4955932405531918,0,0
weekly_global_ungated,3503,2025-07-04,2025-07-14,0.0110426949002964,2025,2025-06-30,learned_order_offset,20260912,0.4562540101822033,0.4562540101822033,0,1
weekly_global_ungated,3508,2025-07-11,2025-07-21,0.0120759671840067,2025,2025-06-30,learned_order_offset,20260912,0.5441080624947003,0.5441080624947003,1,1
weekly_global_ungated,3513,2025-07-18,2025-07-28,0.0143570766898375,2025,2025-06-30,learned_order_offset,20260912,0.7170598064740795,0.7170598064740795,1,1
weekly_global_ungated,3518,2025-07-25,2025-08-04,-0.0218642507630443,2025,2025-06-30,learned_order_offset,20260912,0.47968458379480683,0.47968458379480683,0,0
weekly_global_ungated,3523,2025-08-01,2025-08-11,0.0179175520190988,2025,2025-06-30,learned_order_offset,20260912,0.5091954776811008,0.5091954776811008,1,1
weekly_global_ungated,3528,2025-08-08,2025-08-18,0.026265786598999,2025,2025-06-30,learned_order_offset,20260912,0.2714400076352415,0.2714400076352415,0,1
weekly_global_ungated,3533,2025-08-15,2025-08-25,0.0469483790671487,2025,2025-06-30,learned_order_offset,20260912,0.4347461300665866,0.4347461300665866,0,1
weekly_global_ungated,3538,2025-08-22,2025-09-01,0.0227770368340847,2025,2025-06-30,learned_order_offset,20260912,0.3220580339524548,0.3220580339524548,0,1
weekly_global_ungated,3543,2025-08-29,2025-09-08,-0.0110053842475337,2025,2025-06-30,learned_order_offset,20260912,0.6843158501855806,0.6843158501855806,1,0
weekly_global_ungated,3548,2025-09-05,2025-09-15,0.0151594857594405,2025,2025-06-30,learned_order_offset,20260912,0.42206985333591224,0.42206985333591224,0,1
weekly_global_ungated,3553,2025-09-12,2025-09-22,-0.0050409160971932,2025,2025-06-30,learned_order_offset,20260912,0.6026483419480642,0.6026483419480642,1,0
weekly_global_ungated,3558,2025-09-19,2025-09-29,0.0095300784790881,2025,2025-06-30,learned_order_offset,20260912,0.3298398038543186,0.3298398038543186,0,1
weekly_global_ungated,3563,2025-09-26,2025-10-13,-0.0140855274279203,2025,2025-06-30,learned_order_offset,20260912,0.5026938113754684,0.5026938113754684,1,0
weekly_state_validated,3567,2025-10-10,2025-10-20,0.015001547584321,2025,2025-09-30,learned_market,20260910,0.4508331585950284,0.4508331585950284,0,1
weekly_state_validated,3572,2025-10-17,2025-10-27,0.0309637052897611,2025,2025-09-30,learned_market,20260910,0.4380873622035425,0.4380873622035425,0,1
weekly_state_validated,3577,2025-10-24,2025-11-03,-0.013331545863497,2025,2025-09-30,learned_market,20260910,0.45478895664449515,0.45478895664449515,0,0
weekly_state_validated,3582,2025-10-31,2025-11-10,0.0110832418536339,2025,2025-09-30,learned_market,20260910,0.45629729111767653,0.45629729111767653,0,1
weekly_state_validated,3587,2025-11-07,2025-11-17,-0.0152107881197579,2025,2025-09-30,learned_market,20260910,0.4596017809890631,0.4596017809890631,0,0
weekly_state_validated,3592,2025-11-14,2025-11-24,-0.031114557454173,2025,2025-09-30,learned_market,20260910,0.421919095541908,0.421919095541908,0,0
weekly_state_validated,3597,2025-11-21,2025-12-01,0.0147613767448515,2025,2025-09-30,learned_market,20260910,0.3917781851882584,0.3917781851882584,0,1
weekly_state_validated,3602,2025-11-28,2025-12-08,0.0118853804313106,2025,2025-09-30,learned_market,20260910,0.391495718394583,0.391495718394583,0,1
weekly_state_validated,3607,2025-12-05,2025-12-15,-0.0093922675990717,2025,2025-09-30,learned_market,20260910,0.391998136773391,0.391998136773391,0,0
weekly_state_validated,3612,2025-12-12,2025-12-22,0.0082791208791208,2025,2025-09-30,learned_market,20260910,0.414619478732369,0.414619478732369,0,1
weekly_state_validated,3617,2025-12-19,2025-12-29,0.0153890755001995,2025,2025-09-30,learned_market,20260910,0.584196917516146,0.584196917516146,1,1
weekly_state_validated,3622,2025-12-26,2026-01-12,0.0239101640737868,2025,2025-09-30,learned_market,20260910,0.3188740450267267,0.3188740450267267,0,1
weekly_state_ungated,3567,2025-10-10,2025-10-20,0.015001547584321,2025,2025-09-30,learned_market,20260910,0.457584294008605,0.457584294008605,0,1
weekly_state_ungated,3572,2025-10-17,2025-10-27,0.0309637052897611,2025,2025-09-30,learned_market,20260910,0.4448022251647837,0.4448022251647837,0,1
weekly_state_ungated,3577,2025-10-24,2025-11-03,-0.013331545863497,2025,2025-09-30,learned_market,20260910,0.4615495431204816,0.4615495431204816,0,0
weekly_state_ungated,3582,2025-10-31,2025-11-10,0.0110832418536339,2025,2025-09-30,learned_market,20260910,0.46306125601583337,0.46306125601583337,0,1
weekly_state_ungated,3587,2025-11-07,2025-11-17,-0.0152107881197579,2025,2025-09-30,learned_market,20260910,0.4663727128641221,0.4663727128641221,0,0
weekly_state_ungated,3592,2025-11-14,2025-11-24,-0.031114557454173,2025,2025-09-30,learned_market,20260910,0.421919095541908,0.421919095541908,0,0
weekly_state_ungated,3597,2025-11-21,2025-12-01,0.0147613767448515,2025,2025-09-30,learned_market,20260910,0.39828635420248887,0.39828635420248887,0,1
weekly_state_ungated,3602,2025-11-28,2025-12-08,0.0118853804313106,2025,2025-09-30,learned_market,20260910,0.391495718394583,0.391495718394583,0,1
weekly_state_ungated,3607,2025-12-05,2025-12-15,-0.0093922675990717,2025,2025-09-30,learned_market,20260910,0.391998136773391,0.391998136773391,0,0
weekly_state_ungated,3612,2025-12-12,2025-12-22,0.0082791208791208,2025,2025-09-30,learned_market,20260910,0.414619478732369,0.414619478732369,0,1
weekly_state_ungated,3617,2025-12-19,2025-12-29,0.0153890755001995,2025,2025-09-30,learned_market,20260910,0.584196917516146,0.584196917516146,1,1
weekly_state_ungated,3622,2025-12-26,2026-01-12,0.0239101640737868,2025,2025-09-30,learned_market,20260910,0.3188740450267267,0.3188740450267267,0,1
weekly_global_validated,3567,2025-10-10,2025-10-20,0.015001547584321,2025,2025-09-30,learned_market,20260910,0.4508331585950284,0.4508331585950284,0,1
weekly_global_validated,3572,2025-10-17,2025-10-27,0.0309637052897611,2025,2025-09-30,learned_market,20260910,0.4380873622035425,0.4380873622035425,0,1
weekly_global_validated,3577,2025-10-24,2025-11-03,-0.013331545863497,2025,2025-09-30,learned_market,20260910,0.45478895664449515,0.45478895664449515,0,0
weekly_global_validated,3582,2025-10-31,2025-11-10,0.0110832418536339,2025,2025-09-30,learned_market,20260910,0.45629729111767653,0.45629729111767653,0,1
weekly_global_validated,3587,2025-11-07,2025-11-17,-0.0152107881197579,2025,2025-09-30,learned_market,20260910,0.4596017809890631,0.4596017809890631,0,0
weekly_global_validated,3592,2025-11-14,2025-11-24,-0.031114557454173,2025,2025-09-30,learned_market,20260910,0.421919095541908,0.421919095541908,0,0
weekly_global_validated,3597,2025-11-21,2025-12-01,0.0147613767448515,2025,2025-09-30,learned_market,20260910,0.3917781851882584,0.3917781851882584,0,1
weekly_global_validated,3602,2025-11-28,2025-12-08,0.0118853804313106,2025,2025-09-30,learned_market,20260910,0.391495718394583,0.391495718394583,0,1
weekly_global_validated,3607,2025-12-05,2025-12-15,-0.0093922675990717,2025,2025-09-30,learned_market,20260910,0.391998136773391,0.391998136773391,0,0
weekly_global_validated,3612,2025-12-12,2025-12-22,0.0082791208791208,2025,2025-09-30,learned_market,20260910,0.414619478732369,0.414619478732369,0,1
weekly_global_validated,3617,2025-12-19,2025-12-29,0.0153890755001995,2025,2025-09-30,learned_market,20260910,0.584196917516146,0.584196917516146,1,1
weekly_global_validated,3622,2025-12-26,2026-01-12,0.0239101640737868,2025,2025-09-30,learned_market,20260910,0.3188740450267267,0.3188740450267267,0,1
weekly_global_ungated,3567,2025-10-10,2025-10-20,0.015001547584321,2025,2025-09-30,learned_market,20260910,0.43963939723154893,0.43963939723154893,0,1
weekly_global_ungated,3572,2025-10-17,2025-10-27,0.0309637052897611,2025,2025-09-30,learned_market,20260910,0.4269640221482431,0.4269640221482431,0,1
weekly_global_ungated,3577,2025-10-24,2025-11-03,-0.013331545863497,2025,2025-09-30,learned_market,20260910,0.4435763103687028,0.4435763103687028,0,0
weekly_global_ungated,3582,2025-10-31,2025-11-10,0.0110832418536339,2025,2025-09-30,learned_market,20260910,0.44507781501898186,0.44507781501898186,0,1
weekly_global_ungated,3587,2025-11-07,2025-11-17,-0.0152107881197579,2025,2025-09-30,learned_market,20260910,0.4483680580553301,0.4483680580553301,0,0
weekly_global_ungated,3592,2025-11-14,2025-11-24,-0.031114557454173,2025,2025-09-30,learned_market,20260910,0.41090607820793607,0.41090607820793607,0,0
weekly_global_ungated,3597,2025-11-21,2025-12-01,0.0147613767448515,2025,2025-09-30,learned_market,20260910,0.3810333414104401,0.3810333414104401,0,1
weekly_global_ungated,3602,2025-11-28,2025-12-08,0.0118853804313106,2025,2025-09-30,learned_market,20260910,0.3807537718646465,0.3807537718646465,0,1
weekly_global_ungated,3607,2025-12-05,2025-12-15,-0.0093922675990717,2025,2025-09-30,learned_market,20260910,0.38125104189501574,0.38125104189501574,0,0
weekly_global_ungated,3612,2025-12-12,2025-12-22,0.0082791208791208,2025,2025-09-30,learned_market,20260910,0.40366394940907996,0.40366394940907996,0,1
weekly_global_ungated,3617,2025-12-19,2025-12-29,0.0153890755001995,2025,2025-09-30,learned_market,20260910,0.5731477531937419,0.5731477531937419,1,1
weekly_global_ungated,3622,2025-12-26,2026-01-12,0.0239101640737868,2025,2025-09-30,learned_market,20260910,0.30911248760013693,0.30911248760013693,0,1
weekly_state_validated,3567,2025-10-10,2025-10-20,0.015001547584321,2025,2025-09-30,learned_market,20260911,0.39652535500617797,0.39652535500617797,0,1
weekly_state_validated,3572,2025-10-17,2025-10-27,0.0309637052897611,2025,2025-09-30,learned_market,20260911,0.42439454752251166,0.42439454752251166,0,1
weekly_state_validated,3577,2025-10-24,2025-11-03,-0.013331545863497,2025,2025-09-30,learned_market,20260911,0.4963236766187404,0.4963236766187404,0,0
weekly_state_validated,3582,2025-10-31,2025-11-10,0.0110832418536339,2025,2025-09-30,learned_market,20260911,0.4730427794043573,0.4730427794043573,0,1
weekly_state_validated,3587,2025-11-07,2025-11-17,-0.0152107881197579,2025,2025-09-30,learned_market,20260911,0.44365920815082127,0.44365920815082127,0,0
weekly_state_validated,3592,2025-11-14,2025-11-24,-0.031114557454173,2025,2025-09-30,learned_market,20260911,0.3630011295793128,0.3630011295793128,0,0
weekly_state_validated,3597,2025-11-21,2025-12-01,0.0147613767448515,2025,2025-09-30,learned_market,20260911,0.4325167072212306,0.4325167072212306,0,1
weekly_state_validated,3602,2025-11-28,2025-12-08,0.0118853804313106,2025,2025-09-30,learned_market,20260911,0.4434066953212215,0.4434066953212215,0,1
weekly_state_validated,3607,2025-12-05,2025-12-15,-0.0093922675990717,2025,2025-09-30,learned_market,20260911,0.47126486204905454,0.47126486204905454,0,0
weekly_state_validated,3612,2025-12-12,2025-12-22,0.0082791208791208,2025,2025-09-30,learned_market,20260911,0.466174156942272,0.466174156942272,0,1
weekly_state_validated,3617,2025-12-19,2025-12-29,0.0153890755001995,2025,2025-09-30,learned_market,20260911,0.5523517140626968,0.5523517140626968,1,1
weekly_state_validated,3622,2025-12-26,2026-01-12,0.0239101640737868,2025,2025-09-30,learned_market,20260911,0.533323234860134,0.533323234860134,1,1
weekly_state_ungated,3567,2025-10-10,2025-10-20,0.015001547584321,2025,2025-09-30,learned_market,20260911,0.40238901321012,0.40238901321012,0,1
weekly_state_ungated,3572,2025-10-17,2025-10-27,0.0309637052897611,2025,2025-09-30,learned_market,20260911,0.4303764161208758,0.4303764161208758,0,1
weekly_state_ungated,3577,2025-10-24,2025-11-03,-0.013331545863497,2025,2025-09-30,learned_market,20260911,0.5024344253950846,0.5024344253950846,1,0
weekly_state_ungated,3582,2025-10-31,2025-11-10,0.0110832418536339,2025,2025-09-30,learned_market,20260911,0.4791395646640993,0.4791395646640993,0,1
weekly_state_ungated,3587,2025-11-07,2025-11-17,-0.0152107881197579,2025,2025-09-30,learned_market,20260911,0.44970047127908547,0.44970047127908547,0,0
weekly_state_ungated,3592,2025-11-14,2025-11-24,-0.031114557454173,2025,2025-09-30,learned_market,20260911,0.3630011295793128,0.3630011295793128,0,0
weekly_state_ungated,3597,2025-11-21,2025-12-01,0.0147613767448515,2025,2025-09-30,learned_market,20260911,0.43852583963091735,0.43852583963091735,0,1
weekly_state_ungated,3602,2025-11-28,2025-12-08,0.0118853804313106,2025,2025-09-30,learned_market,20260911,0.4434066953212215,0.4434066953212215,0,1
weekly_state_ungated,3607,2025-12-05,2025-12-15,-0.0093922675990717,2025,2025-09-30,learned_market,20260911,0.47126486204905454,0.47126486204905454,0,0
weekly_state_ungated,3612,2025-12-12,2025-12-22,0.0082791208791208,2025,2025-09-30,learned_market,20260911,0.466174156942272,0.466174156942272,0,1
weekly_state_ungated,3617,2025-12-19,2025-12-29,0.0153890755001995,2025,2025-09-30,learned_market,20260911,0.5523517140626968,0.5523517140626968,1,1
weekly_state_ungated,3622,2025-12-26,2026-01-12,0.0239101640737868,2025,2025-09-30,learned_market,20260911,0.533323234860134,0.533323234860134,1,1
weekly_global_validated,3567,2025-10-10,2025-10-20,0.015001547584321,2025,2025-09-30,learned_market,20260911,0.39652535500617797,0.39652535500617797,0,1
weekly_global_validated,3572,2025-10-17,2025-10-27,0.0309637052897611,2025,2025-09-30,learned_market,20260911,0.42439454752251166,0.42439454752251166,0,1
weekly_global_validated,3577,2025-10-24,2025-11-03,-0.013331545863497,2025,2025-09-30,learned_market,20260911,0.4963236766187404,0.4963236766187404,0,0
weekly_global_validated,3582,2025-10-31,2025-11-10,0.0110832418536339,2025,2025-09-30,learned_market,20260911,0.4730427794043573,0.4730427794043573,0,1
weekly_global_validated,3587,2025-11-07,2025-11-17,-0.0152107881197579,2025,2025-09-30,learned_market,20260911,0.44365920815082127,0.44365920815082127,0,0
weekly_global_validated,3592,2025-11-14,2025-11-24,-0.031114557454173,2025,2025-09-30,learned_market,20260911,0.3630011295793128,0.3630011295793128,0,0
weekly_global_validated,3597,2025-11-21,2025-12-01,0.0147613767448515,2025,2025-09-30,learned_market,20260911,0.4325167072212306,0.4325167072212306,0,1
weekly_global_validated,3602,2025-11-28,2025-12-08,0.0118853804313106,2025,2025-09-30,learned_market,20260911,0.4434066953212215,0.4434066953212215,0,1
weekly_global_validated,3607,2025-12-05,2025-12-15,-0.0093922675990717,2025,2025-09-30,learned_market,20260911,0.47126486204905454,0.47126486204905454,0,0
weekly_global_validated,3612,2025-12-12,2025-12-22,0.0082791208791208,2025,2025-09-30,learned_market,20260911,0.466174156942272,0.466174156942272,0,1
weekly_global_validated,3617,2025-12-19,2025-12-29,0.0153890755001995,2025,2025-09-30,learned_market,20260911,0.5523517140626968,0.5523517140626968,1,1
weekly_global_validated,3622,2025-12-26,2026-01-12,0.0239101640737868,2025,2025-09-30,learned_market,20260911,0.533323234860134,0.533323234860134,1,1
weekly_global_ungated,3567,2025-10-10,2025-10-20,0.015001547584321,2025,2025-09-30,learned_market,20260911,0.3882738488965146,0.3882738488965146,0,1
weekly_global_ungated,3572,2025-10-17,2025-10-27,0.0309637052897611,2025,2025-09-30,learned_market,20260911,0.41596284081265816,0.41596284081265816,0,1
weekly_global_ungated,3577,2025-10-24,2025-11-03,-0.013331545863497,2025,2025-09-30,learned_market,20260911,0.4876736609692301,0.4876736609692301,0,0
weekly_global_ungated,3582,2025-10-31,2025-11-10,0.0110832418536339,2025,2025-09-30,learned_market,20260911,0.4644243837063766,0.4644243837063766,0,1
weekly_global_ungated,3587,2025-11-07,2025-11-17,-0.0152107881197579,2025,2025-09-30,learned_market,20260911,0.43513409648193474,0.43513409648193474,0,0
weekly_global_ungated,3592,2025-11-14,2025-11-24,-0.031114557454173,2025,2025-09-30,learned_market,20260911,0.35503682034146966,0.35503682034146966,0,0
weekly_global_ungated,3597,2025-11-21,2025-12-01,0.0147613767448515,2025,2025-09-30,learned_market,20260911,0.42404251064674553,0.42404251064674553,0,1
weekly_global_ungated,3602,2025-11-28,2025-12-08,0.0118853804313106,2025,2025-09-30,learned_market,20260911,0.4348826429543022,0.4348826429543022,0,1
weekly_global_ungated,3607,2025-12-05,2025-12-15,-0.0093922675990717,2025,2025-09-30,learned_market,20260911,0.46265041928112866,0.46265041928112866,0,0
weekly_global_ungated,3612,2025-12-12,2025-12-22,0.0082791208791208,2025,2025-09-30,learned_market,20260911,0.45757223853403795,0.45757223853403795,0,1
weekly_global_ungated,3617,2025-12-19,2025-12-29,0.0153890755001995,2025,2025-09-30,learned_market,20260911,0.5437794454701741,0.5437794454701741,1,1
weekly_global_ungated,3622,2025-12-26,2026-01-12,0.0239101640737868,2025,2025-09-30,learned_market,20260911,0.5247001350768136,0.5247001350768136,1,1
weekly_state_validated,3567,2025-10-10,2025-10-20,0.015001547584321,2025,2025-09-30,learned_market,20260912,0.3895908035061002,0.3895908035061002,0,1
weekly_state_validated,3572,2025-10-17,2025-10-27,0.0309637052897611,2025,2025-09-30,learned_market,20260912,0.3177445291528448,0.3177445291528448,0,1
weekly_state_validated,3577,2025-10-24,2025-11-03,-0.013331545863497,2025,2025-09-30,learned_market,20260912,0.42278957435073633,0.42278957435073633,0,0
weekly_state_validated,3582,2025-10-31,2025-11-10,0.0110832418536339,2025,2025-09-30,learned_market,20260912,0.3919874136237784,0.3919874136237784,0,1
weekly_state_validated,3587,2025-11-07,2025-11-17,-0.0152107881197579,2025,2025-09-30,learned_market,20260912,0.6609499739654151,0.6609499739654151,1,0
weekly_state_validated,3592,2025-11-14,2025-11-24,-0.031114557454173,2025,2025-09-30,learned_market,20260912,0.3466593681574228,0.3466593681574228,0,0
weekly_state_validated,3597,2025-11-21,2025-12-01,0.0147613767448515,2025,2025-09-30,learned_market,20260912,0.4838072174788579,0.4838072174788579,0,1
weekly_state_validated,3602,2025-11-28,2025-12-08,0.0118853804313106,2025,2025-09-30,learned_market,20260912,0.414545745424932,0.414545745424932,0,1
weekly_state_validated,3607,2025-12-05,2025-12-15,-0.0093922675990717,2025,2025-09-30,learned_market,20260912,0.4072710676381864,0.4072710676381864,0,0
weekly_state_validated,3612,2025-12-12,2025-12-22,0.0082791208791208,2025,2025-09-30,learned_market,20260912,0.6119699471537875,0.6119699471537875,1,1
weekly_state_validated,3617,2025-12-19,2025-12-29,0.0153890755001995,2025,2025-09-30,learned_market,20260912,0.6182896063570782,0.6182896063570782,1,1
weekly_state_validated,3622,2025-12-26,2026-01-12,0.0239101640737868,2025,2025-09-30,learned_market,20260912,0.5300571832747044,0.5300571832747044,1,1
weekly_state_ungated,3567,2025-10-10,2025-10-20,0.015001547584321,2025,2025-09-30,learned_market,20260912,0.3825908935439555,0.3825908935439555,0,1
weekly_state_ungated,3572,2025-10-17,2025-10-27,0.0309637052897611,2025,2025-09-30,learned_market,20260912,0.31137700902394216,0.31137700902394216,0,1
weekly_state_ungated,3577,2025-10-24,2025-11-03,-0.013331545863497,2025,2025-09-30,learned_market,20260912,0.415599295611896,0.415599295611896,0,0
weekly_state_ungated,3582,2025-10-31,2025-11-10,0.0110832418536339,2025,2025-09-30,learned_market,20260912,0.3849716003919976,0.3849716003919976,0,1
weekly_state_ungated,3587,2025-11-07,2025-11-17,-0.0152107881197579,2025,2025-09-30,learned_market,20260912,0.6543006439700711,0.6543006439700711,1,0
weekly_state_ungated,3592,2025-11-14,2025-11-24,-0.031114557454173,2025,2025-09-30,learned_market,20260912,0.3466593681574228,0.3466593681574228,0,0
weekly_state_ungated,3597,2025-11-21,2025-12-01,0.0147613767448515,2025,2025-09-30,learned_market,20260912,0.4764357654957996,0.4764357654957996,0,1
weekly_state_ungated,3602,2025-11-28,2025-12-08,0.0118853804313106,2025,2025-09-30,learned_market,20260912,0.414545745424932,0.414545745424932,0,1
weekly_state_ungated,3607,2025-12-05,2025-12-15,-0.0093922675990717,2025,2025-09-30,learned_market,20260912,0.4072710676381864,0.4072710676381864,0,0
weekly_state_ungated,3612,2025-12-12,2025-12-22,0.0082791208791208,2025,2025-09-30,learned_market,20260912,0.6119699471537875,0.6119699471537875,1,1
weekly_state_ungated,3617,2025-12-19,2025-12-29,0.0153890755001995,2025,2025-09-30,learned_market,20260912,0.6182896063570782,0.6182896063570782,1,1
weekly_state_ungated,3622,2025-12-26,2026-01-12,0.0239101640737868,2025,2025-09-30,learned_market,20260912,0.5300571832747044,0.5300571832747044,1,1
weekly_global_validated,3567,2025-10-10,2025-10-20,0.015001547584321,2025,2025-09-30,learned_market,20260912,0.3895908035061002,0.3895908035061002,0,1
weekly_global_validated,3572,2025-10-17,2025-10-27,0.0309637052897611,2025,2025-09-30,learned_market,20260912,0.3177445291528448,0.3177445291528448,0,1
weekly_global_validated,3577,2025-10-24,2025-11-03,-0.013331545863497,2025,2025-09-30,learned_market,20260912,0.42278957435073633,0.42278957435073633,0,0
weekly_global_validated,3582,2025-10-31,2025-11-10,0.0110832418536339,2025,2025-09-30,learned_market,20260912,0.3919874136237784,0.3919874136237784,0,1
weekly_global_validated,3587,2025-11-07,2025-11-17,-0.0152107881197579,2025,2025-09-30,learned_market,20260912,0.6609499739654151,0.6609499739654151,1,0
weekly_global_validated,3592,2025-11-14,2025-11-24,-0.031114557454173,2025,2025-09-30,learned_market,20260912,0.3466593681574228,0.3466593681574228,0,0
weekly_global_validated,3597,2025-11-21,2025-12-01,0.0147613767448515,2025,2025-09-30,learned_market,20260912,0.4838072174788579,0.4838072174788579,0,1
weekly_global_validated,3602,2025-11-28,2025-12-08,0.0118853804313106,2025,2025-09-30,learned_market,20260912,0.414545745424932,0.414545745424932,0,1
weekly_global_validated,3607,2025-12-05,2025-12-15,-0.0093922675990717,2025,2025-09-30,learned_market,20260912,0.4072710676381864,0.4072710676381864,0,0
weekly_global_validated,3612,2025-12-12,2025-12-22,0.0082791208791208,2025,2025-09-30,learned_market,20260912,0.6119699471537875,0.6119699471537875,1,1
weekly_global_validated,3617,2025-12-19,2025-12-29,0.0153890755001995,2025,2025-09-30,learned_market,20260912,0.6182896063570782,0.6182896063570782,1,1
weekly_global_validated,3622,2025-12-26,2026-01-12,0.0239101640737868,2025,2025-09-30,learned_market,20260912,0.5300571832747044,0.5300571832747044,1,1
weekly_global_ungated,3567,2025-10-10,2025-10-20,0.015001547584321,2025,2025-09-30,learned_market,20260912,0.3747361551655503,0.3747361551655503,0,1
weekly_global_ungated,3572,2025-10-17,2025-10-27,0.0309637052897611,2025,2025-09-30,learned_market,20260912,0.30426381073096326,0.30426381073096326,0,1
weekly_global_ungated,3577,2025-10-24,2025-11-03,-0.013331545863497,2025,2025-09-30,learned_market,20260912,0.4075141741861041,0.4075141741861041,0,0
weekly_global_ungated,3582,2025-10-31,2025-11-10,0.0110832418536339,2025,2025-09-30,learned_market,20260912,0.3770978379135108,0.3770978379135108,0,1
weekly_global_ungated,3587,2025-11-07,2025-11-17,-0.0152107881197579,2025,2025-09-30,learned_market,20260912,0.6467106456883766,0.6467106456883766,1,0
weekly_global_ungated,3592,2025-11-14,2025-11-24,-0.031114557454173,2025,2025-09-30,learned_market,20260912,0.33254985149417354,0.33254985149417354,0,0
weekly_global_ungated,3597,2025-11-21,2025-12-01,0.0147613767448515,2025,2025-09-30,learned_market,20260912,0.4681151441258858,0.4681151441258858,0,1
weekly_global_ungated,3602,2025-11-28,2025-12-08,0.0118853804313106,2025,2025-09-30,learned_market,20260912,0.39936211782485787,0.39936211782485787,0,1
weekly_global_ungated,3607,2025-12-05,2025-12-15,-0.0093922675990717,2025,2025-09-30,learned_market,20260912,0.39217540469430934,0.39217540469430934,0,0
weekly_global_ungated,3612,2025-12-12,2025-12-22,0.0082791208791208,2025,2025-09-30,learned_market,20260912,0.5969280349508379,0.5969280349508379,1,1
weekly_global_ungated,3617,2025-12-19,2025-12-29,0.0153890755001995,2025,2025-09-30,learned_market,20260912,0.6033338833853324,0.6033338833853324,1,1
weekly_global_ungated,3622,2025-12-26,2026-01-12,0.0239101640737868,2025,2025-09-30,learned_market,20260912,0.5143597830798311,0.5143597830798311,1,1
weekly_state_validated,3567,2025-10-10,2025-10-20,0.015001547584321,2025,2025-09-30,learned_vol_interaction,20260910,0.44722373023939194,0.44722373023939194,0,1
weekly_state_validated,3572,2025-10-17,2025-10-27,0.0309637052897611,2025,2025-09-30,learned_vol_interaction,20260910,0.4295343873662784,0.4295343873662784,0,1
weekly_state_validated,3577,2025-10-24,2025-11-03,-0.013331545863497,2025,2025-09-30,learned_vol_interaction,20260910,0.44980770107691576,0.44980770107691576,0,0
weekly_state_validated,3582,2025-10-31,2025-11-10,0.0110832418536339,2025,2025-09-30,learned_vol_interaction,20260910,0.4681567893812729,0.4681567893812729,0,1
weekly_state_validated,3587,2025-11-07,2025-11-17,-0.0152107881197579,2025,2025-09-30,learned_vol_interaction,20260910,0.4479188757258939,0.4479188757258939,0,0
weekly_state_validated,3592,2025-11-14,2025-11-24,-0.031114557454173,2025,2025-09-30,learned_vol_interaction,20260910,0.4196138900791056,0.4196138900791056,0,0
weekly_state_validated,3597,2025-11-21,2025-12-01,0.0147613767448515,2025,2025-09-30,learned_vol_interaction,20260910,0.3983762032629547,0.3983762032629547,0,1
weekly_state_validated,3602,2025-11-28,2025-12-08,0.0118853804313106,2025,2025-09-30,learned_vol_interaction,20260910,0.3714344427967257,0.3714344427967257,0,1
weekly_state_validated,3607,2025-12-05,2025-12-15,-0.0093922675990717,2025,2025-09-30,learned_vol_interaction,20260910,0.39417455635477106,0.39417455635477106,0,0
weekly_state_validated,3612,2025-12-12,2025-12-22,0.0082791208791208,2025,2025-09-30,learned_vol_interaction,20260910,0.4149719916251764,0.4149719916251764,0,1
weekly_state_validated,3617,2025-12-19,2025-12-29,0.0153890755001995,2025,2025-09-30,learned_vol_interaction,20260910,0.6003183983490965,0.6003183983490965,1,1
weekly_state_validated,3622,2025-12-26,2026-01-12,0.0239101640737868,2025,2025-09-30,learned_vol_interaction,20260910,0.30192881781235653,0.30192881781235653,0,1
weekly_state_ungated,3567,2025-10-10,2025-10-20,0.015001547584321,2025,2025-09-30,learned_vol_interaction,20260910,0.45147598424574226,0.45147598424574226,0,1
weekly_state_ungated,3572,2025-10-17,2025-10-27,0.0309637052897611,2025,2025-09-30,learned_vol_interaction,20260910,0.43375042558466775,0.43375042558466775,0,1
weekly_state_ungated,3577,2025-10-24,2025-11-03,-0.013331545863497,2025,2025-09-30,learned_vol_interaction,20260910,0.4540643424325221,0.4540643424325221,0,0
weekly_state_ungated,3582,2025-10-31,2025-11-10,0.0110832418536339,2025,2025-09-30,learned_vol_interaction,20260910,0.4724379701817182,0.4724379701817182,0,1
weekly_state_ungated,3587,2025-11-07,2025-11-17,-0.0152107881197579,2025,2025-09-30,learned_vol_interaction,20260910,0.45217233264921736,0.45217233264921736,0,0
weekly_state_ungated,3592,2025-11-14,2025-11-24,-0.031114557454173,2025,2025-09-30,learned_vol_interaction,20260910,0.4196138900791056,0.4196138900791056,0,0
weekly_state_ungated,3597,2025-11-21,2025-12-01,0.0147613767448515,2025,2025-09-30,learned_vol_interaction,20260910,0.4025021955755618,0.4025021955755618,0,1
weekly_state_ungated,3602,2025-11-28,2025-12-08,0.0118853804313106,2025,2025-09-30,learned_vol_interaction,20260910,0.3714344427967257,0.3714344427967257,0,1
weekly_state_ungated,3607,2025-12-05,2025-12-15,-0.0093922675990717,2025,2025-09-30,learned_vol_interaction,20260910,0.39417455635477106,0.39417455635477106,0,0
weekly_state_ungated,3612,2025-12-12,2025-12-22,0.0082791208791208,2025,2025-09-30,learned_vol_interaction,20260910,0.4149719916251764,0.4149719916251764,0,1
weekly_state_ungated,3617,2025-12-19,2025-12-29,0.0153890755001995,2025,2025-09-30,learned_vol_interaction,20260910,0.6003183983490965,0.6003183983490965,1,1
weekly_state_ungated,3622,2025-12-26,2026-01-12,0.0239101640737868,2025,2025-09-30,learned_vol_interaction,20260910,0.30192881781235653,0.30192881781235653,0,1
weekly_global_validated,3567,2025-10-10,2025-10-20,0.015001547584321,2025,2025-09-30,learned_vol_interaction,20260910,0.44722373023939194,0.44722373023939194,0,1
weekly_global_validated,3572,2025-10-17,2025-10-27,0.0309637052897611,2025,2025-09-30,learned_vol_interaction,20260910,0.4295343873662784,0.4295343873662784,0,1
weekly_global_validated,3577,2025-10-24,2025-11-03,-0.013331545863497,2025,2025-09-30,learned_vol_interaction,20260910,0.44980770107691576,0.44980770107691576,0,0
weekly_global_validated,3582,2025-10-31,2025-11-10,0.0110832418536339,2025,2025-09-30,learned_vol_interaction,20260910,0.4681567893812729,0.4681567893812729,0,1
weekly_global_validated,3587,2025-11-07,2025-11-17,-0.0152107881197579,2025,2025-09-30,learned_vol_interaction,20260910,0.4479188757258939,0.4479188757258939,0,0
weekly_global_validated,3592,2025-11-14,2025-11-24,-0.031114557454173,2025,2025-09-30,learned_vol_interaction,20260910,0.4196138900791056,0.4196138900791056,0,0
weekly_global_validated,3597,2025-11-21,2025-12-01,0.0147613767448515,2025,2025-09-30,learned_vol_interaction,20260910,0.3983762032629547,0.3983762032629547,0,1
weekly_global_validated,3602,2025-11-28,2025-12-08,0.0118853804313106,2025,2025-09-30,learned_vol_interaction,20260910,0.3714344427967257,0.3714344427967257,0,1
weekly_global_validated,3607,2025-12-05,2025-12-15,-0.0093922675990717,2025,2025-09-30,learned_vol_interaction,20260910,0.39417455635477106,0.39417455635477106,0,0
weekly_global_validated,3612,2025-12-12,2025-12-22,0.0082791208791208,2025,2025-09-30,learned_vol_interaction,20260910,0.4149719916251764,0.4149719916251764,0,1
weekly_global_validated,3617,2025-12-19,2025-12-29,0.0153890755001995,2025,2025-09-30,learned_vol_interaction,20260910,0.6003183983490965,0.6003183983490965,1,1
weekly_global_validated,3622,2025-12-26,2026-01-12,0.0239101640737868,2025,2025-09-30,learned_vol_interaction,20260910,0.30192881781235653,0.30192881781235653,0,1
weekly_global_ungated,3567,2025-10-10,2025-10-20,0.015001547584321,2025,2025-09-30,learned_vol_interaction,20260910,0.4342232701630249,0.4342232701630249,0,1
weekly_global_ungated,3572,2025-10-17,2025-10-27,0.0309637052897611,2025,2025-09-30,learned_vol_interaction,20260910,0.4166605479233939,0.4166605479233939,0,1
weekly_global_ungated,3577,2025-10-24,2025-11-03,-0.013331545863497,2025,2025-09-30,learned_vol_interaction,20260910,0.43679148038637405,0.43679148038637405,0,0
weekly_global_ungated,3582,2025-10-31,2025-11-10,0.0110832418536339,2025,2025-09-30,learned_vol_interaction,20260910,0.4550487486770361,0.4550487486770361,0,1
weekly_global_ungated,3587,2025-11-07,2025-11-17,-0.0152107881197579,2025,2025-09-30,learned_vol_interaction,20260910,0.43491410706512823,0.43491410706512823,0,0
weekly_global_ungated,3592,2025-11-14,2025-11-24,-0.031114557454173,2025,2025-09-30,learned_vol_interaction,20260910,0.40682534185338504,0.40682534185338504,0,0
weekly_global_ungated,3597,2025-11-21,2025-12-01,0.0147613767448515,2025,2025-09-30,learned_vol_interaction,20260910,0.38580465668637176,0.38580465668637176,0,1
weekly_global_ungated,3602,2025-11-28,2025-12-08,0.0118853804313106,2025,2025-09-30,learned_vol_interaction,20260910,0.3592054759980711,0.3592054759980711,0,1
weekly_global_ungated,3607,2025-12-05,2025-12-15,-0.0093922675990717,2025,2025-09-30,learned_vol_interaction,20260910,0.3816514892498274,0.3816514892498274,0,0
weekly_global_ungated,3612,2025-12-12,2025-12-22,0.0082791208791208,2025,2025-09-30,learned_vol_interaction,20260910,0.4022268702531734,0.4022268702531734,0,1
weekly_global_ungated,3617,2025-12-19,2025-12-29,0.0153890755001995,2025,2025-09-30,learned_vol_interaction,20260910,0.5875982869312543,0.5875982869312543,1,1
weekly_global_ungated,3622,2025-12-26,2026-01-12,0.0239101640737868,2025,2025-09-30,learned_vol_interaction,20260910,0.2909290617636133,0.2909290617636133,0,1
weekly_state_validated,3567,2025-10-10,2025-10-20,0.015001547584321,2025,2025-09-30,learned_vol_interaction,20260911,0.39263370477182047,0.39263370477182047,0,1
weekly_state_validated,3572,2025-10-17,2025-10-27,0.0309637052897611,2025,2025-09-30,learned_vol_interaction,20260911,0.42128573794261726,0.42128573794261726,0,1
weekly_state_validated,3577,2025-10-24,2025-11-03,-0.013331545863497,2025,2025-09-30,learned_vol_interaction,20260911,0.49112931362620926,0.49112931362620926,0,0
weekly_state_validated,3582,2025-10-31,2025-11-10,0.0110832418536339,2025,2025-09-30,learned_vol_interaction,20260911,0.46985105287253015,0.46985105287253015,0,1
weekly_state_validated,3587,2025-11-07,2025-11-17,-0.0152107881197579,2025,2025-09-30,learned_vol_interaction,20260911,0.4380619074891022,0.4380619074891022,0,0
weekly_state_validated,3592,2025-11-14,2025-11-24,-0.031114557454173,2025,2025-09-30,learned_vol_interaction,20260911,0.3608128995476907,0.3608128995476907,0,0
weekly_state_validated,3597,2025-11-21,2025-12-01,0.0147613767448515,2025,2025-09-30,learned_vol_interaction,20260911,0.43045334038020117,0.43045334038020117,0,1
weekly_state_validated,3602,2025-11-28,2025-12-08,0.0118853804313106,2025,2025-09-30,learned_vol_interaction,20260911,0.44305774903695255,0.44305774903695255,0,1
weekly_state_validated,3607,2025-12-05,2025-12-15,-0.0093922675990717,2025,2025-09-30,learned_vol_interaction,20260911,0.47164710073246285,0.47164710073246285,0,0
weekly_state_validated,3612,2025-12-12,2025-12-22,0.0082791208791208,2025,2025-09-30,learned_vol_interaction,20260911,0.46870417547105653,0.46870417547105653,0,1
weekly_state_validated,3617,2025-12-19,2025-12-29,0.0153890755001995,2025,2025-09-30,learned_vol_interaction,20260911,0.5642517372007931,0.5642517372007931,1,1
weekly_state_validated,3622,2025-12-26,2026-01-12,0.0239101640737868,2025,2025-09-30,learned_vol_interaction,20260911,0.5419304727663321,0.5419304727663321,1,1
weekly_state_ungated,3567,2025-10-10,2025-10-20,0.015001547584321,2025,2025-09-30,learned_vol_interaction,20260911,0.398459899379146,0.398459899379146,0,1
weekly_state_ungated,3572,2025-10-17,2025-10-27,0.0309637052897611,2025,2025-09-30,learned_vol_interaction,20260911,0.42723802353816936,0.42723802353816936,0,1
weekly_state_ungated,3577,2025-10-24,2025-11-03,-0.013331545863497,2025,2025-09-30,learned_vol_interaction,20260911,0.4972205603492061,0.4972205603492061,0,0
weekly_state_ungated,3582,2025-10-31,2025-11-10,0.0110832418536339,2025,2025-09-30,learned_vol_interaction,20260911,0.4759252138171626,0.4759252138171626,0,1
weekly_state_ungated,3587,2025-11-07,2025-11-17,-0.0152107881197579,2025,2025-09-30,learned_vol_interaction,20260911,0.44406934055585867,0.44406934055585867,0,0
weekly_state_ungated,3592,2025-11-14,2025-11-24,-0.031114557454173,2025,2025-09-30,learned_vol_interaction,20260911,0.3608128995476907,0.3608128995476907,0,0
weekly_state_ungated,3597,2025-11-21,2025-12-01,0.0147613767448515,2025,2025-09-30,learned_vol_interaction,20260911,0.4364374703451676,0.4364374703451676,0,1
weekly_state_ungated,3602,2025-11-28,2025-12-08,0.0118853804313106,2025,2025-09-30,learned_vol_interaction,20260911,0.44305774903695255,0.44305774903695255,0,1
weekly_state_ungated,3607,2025-12-05,2025-12-15,-0.0093922675990717,2025,2025-09-30,learned_vol_interaction,20260911,0.47164710073246285,0.47164710073246285,0,0
weekly_state_ungated,3612,2025-12-12,2025-12-22,0.0082791208791208,2025,2025-09-30,learned_vol_interaction,20260911,0.46870417547105653,0.46870417547105653,0,1
weekly_state_ungated,3617,2025-12-19,2025-12-29,0.0153890755001995,2025,2025-09-30,learned_vol_interaction,20260911,0.5642517372007931,0.5642517372007931,1,1
weekly_state_ungated,3622,2025-12-26,2026-01-12,0.0239101640737868,2025,2025-09-30,learned_vol_interaction,20260911,0.5419304727663321,0.5419304727663321,1,1
weekly_global_validated,3567,2025-10-10,2025-10-20,0.015001547584321,2025,2025-09-30,learned_vol_interaction,20260911,0.39263370477182047,0.39263370477182047,0,1
weekly_global_validated,3572,2025-10-17,2025-10-27,0.0309637052897611,2025,2025-09-30,learned_vol_interaction,20260911,0.42128573794261726,0.42128573794261726,0,1
weekly_global_validated,3577,2025-10-24,2025-11-03,-0.013331545863497,2025,2025-09-30,learned_vol_interaction,20260911,0.49112931362620926,0.49112931362620926,0,0
weekly_global_validated,3582,2025-10-31,2025-11-10,0.0110832418536339,2025,2025-09-30,learned_vol_interaction,20260911,0.46985105287253015,0.46985105287253015,0,1
weekly_global_validated,3587,2025-11-07,2025-11-17,-0.0152107881197579,2025,2025-09-30,learned_vol_interaction,20260911,0.4380619074891022,0.4380619074891022,0,0
weekly_global_validated,3592,2025-11-14,2025-11-24,-0.031114557454173,2025,2025-09-30,learned_vol_interaction,20260911,0.3608128995476907,0.3608128995476907,0,0
weekly_global_validated,3597,2025-11-21,2025-12-01,0.0147613767448515,2025,2025-09-30,learned_vol_interaction,20260911,0.43045334038020117,0.43045334038020117,0,1
weekly_global_validated,3602,2025-11-28,2025-12-08,0.0118853804313106,2025,2025-09-30,learned_vol_interaction,20260911,0.44305774903695255,0.44305774903695255,0,1
weekly_global_validated,3607,2025-12-05,2025-12-15,-0.0093922675990717,2025,2025-09-30,learned_vol_interaction,20260911,0.47164710073246285,0.47164710073246285,0,0
weekly_global_validated,3612,2025-12-12,2025-12-22,0.0082791208791208,2025,2025-09-30,learned_vol_interaction,20260911,0.46870417547105653,0.46870417547105653,0,1
weekly_global_validated,3617,2025-12-19,2025-12-29,0.0153890755001995,2025,2025-09-30,learned_vol_interaction,20260911,0.5642517372007931,0.5642517372007931,1,1
weekly_global_validated,3622,2025-12-26,2026-01-12,0.0239101640737868,2025,2025-09-30,learned_vol_interaction,20260911,0.5419304727663321,0.5419304727663321,1,1
weekly_global_ungated,3567,2025-10-10,2025-10-20,0.015001547584321,2025,2025-09-30,learned_vol_interaction,20260911,0.38444385251532176,0.38444385251532176,0,1
weekly_global_ungated,3572,2025-10-17,2025-10-27,0.0309637052897611,2025,2025-09-30,learned_vol_interaction,20260911,0.4129045361310005,0.4129045361310005,0,1
weekly_global_ungated,3577,2025-10-24,2025-11-03,-0.013331545863497,2025,2025-09-30,learned_vol_interaction,20260911,0.48251714271131746,0.48251714271131746,0,0
weekly_global_ungated,3582,2025-10-31,2025-11-10,0.0110832418536339,2025,2025-09-30,learned_vol_interaction,20260911,0.46127378185788726,0.46127378185788726,0,1
weekly_global_ungated,3587,2025-11-07,2025-11-17,-0.0152107881197579,2025,2025-09-30,learned_vol_interaction,20260911,0.4295947068040326,0.4295947068040326,0,0
weekly_global_ungated,3592,2025-11-14,2025-11-24,-0.031114557454173,2025,2025-09-30,learned_vol_interaction,20260911,0.35290113212345653,0.35290113212345653,0,0
weekly_global_ungated,3597,2025-11-21,2025-12-01,0.0147613767448515,2025,2025-09-30,learned_vol_interaction,20260911,0.42202275680682844,0.42202275680682844,0,1
weekly_global_ungated,3602,2025-11-28,2025-12-08,0.0118853804313106,2025,2025-09-30,learned_vol_interaction,20260911,0.43456866117459353,0.43456866117459353,0,1
weekly_global_ungated,3607,2025-12-05,2025-12-15,-0.0093922675990717,2025,2025-09-30,learned_vol_interaction,20260911,0.46306568091179523,0.46306568091179523,0,0
weekly_global_ungated,3612,2025-12-12,2025-12-22,0.0082791208791208,2025,2025-09-30,learned_vol_interaction,20260911,0.4601296696506648,0.4601296696506648,0,1
weekly_global_ungated,3617,2025-12-19,2025-12-29,0.0153890755001995,2025,2025-09-30,learned_vol_interaction,20260911,0.5557577105378613,0.5557577105378613,1,1
weekly_global_ungated,3622,2025-12-26,2026-01-12,0.0239101640737868,2025,2025-09-30,learned_vol_interaction,20260911,0.5333611745097921,0.5333611745097921,1,1
weekly_state_validated,3567,2025-10-10,2025-10-20,0.015001547584321,2025,2025-09-30,learned_vol_interaction,20260912,0.38708416794246603,0.38708416794246603,0,1
weekly_state_validated,3572,2025-10-17,2025-10-27,0.0309637052897611,2025,2025-09-30,learned_vol_interaction,20260912,0.3157098671172643,0.3157098671172643,0,1
weekly_state_validated,3577,2025-10-24,2025-11-03,-0.013331545863497,2025,2025-09-30,learned_vol_interaction,20260912,0.4208911959584494,0.4208911959584494,0,0
weekly_state_validated,3582,2025-10-31,2025-11-10,0.0110832418536339,2025,2025-09-30,learned_vol_interaction,20260912,0.3900158389526887,0.3900158389526887,0,1
weekly_state_validated,3587,2025-11-07,2025-11-17,-0.0152107881197579,2025,2025-09-30,learned_vol_interaction,20260912,0.659622747508864,0.659622747508864,1,0
weekly_state_validated,3592,2025-11-14,2025-11-24,-0.031114557454173,2025,2025-09-30,learned_vol_interaction,20260912,0.34326605537210186,0.34326605537210186,0,0
weekly_state_validated,3597,2025-11-21,2025-12-01,0.0147613767448515,2025,2025-09-30,learned_vol_interaction,20260912,0.48314566355901645,0.48314566355901645,0,1
weekly_state_validated,3602,2025-11-28,2025-12-08,0.0118853804313106,2025,2025-09-30,learned_vol_interaction,20260912,0.41500219502025004,0.41500219502025004,0,1
weekly_state_validated,3607,2025-12-05,2025-12-15,-0.0093922675990717,2025,2025-09-30,learned_vol_interaction,20260912,0.4068651499818389,0.4068651499818389,0,0
weekly_state_validated,3612,2025-12-12,2025-12-22,0.0082791208791208,2025,2025-09-30,learned_vol_interaction,20260912,0.616228716247792,0.616228716247792,1,1
weekly_state_validated,3617,2025-12-19,2025-12-29,0.0153890755001995,2025,2025-09-30,learned_vol_interaction,20260912,0.623898158108595,0.623898158108595,1,1
weekly_state_validated,3622,2025-12-26,2026-01-12,0.0239101640737868,2025,2025-09-30,learned_vol_interaction,20260912,0.5313345497973928,0.5313345497973928,1,1
weekly_state_ungated,3567,2025-10-10,2025-10-20,0.015001547584321,2025,2025-09-30,learned_vol_interaction,20260912,0.38240335844961115,0.38240335844961115,0,1
weekly_state_ungated,3572,2025-10-17,2025-10-27,0.0309637052897611,2025,2025-09-30,learned_vol_interaction,20260912,0.3114535692021335,0.3114535692021335,0,1
weekly_state_ungated,3577,2025-10-24,2025-11-03,-0.013331545863497,2025,2025-09-30,learned_vol_interaction,20260912,0.4160790976100794,0.4160790976100794,0,0
weekly_state_ungated,3582,2025-10-31,2025-11-10,0.0110832418536339,2025,2025-09-30,learned_vol_interaction,20260912,0.3853218653743087,0.3853218653743087,0,1
weekly_state_ungated,3587,2025-11-07,2025-11-17,-0.0152107881197579,2025,2025-09-30,learned_vol_interaction,20260912,0.6551691354245661,0.6551691354245661,1,0
weekly_state_ungated,3592,2025-11-14,2025-11-24,-0.031114557454173,2025,2025-09-30,learned_vol_interaction,20260912,0.34326605537210186,0.34326605537210186,0,0
weekly_state_ungated,3597,2025-11-21,2025-12-01,0.0147613767448515,2025,2025-09-30,learned_vol_interaction,20260912,0.47820955342813665,0.47820955342813665,0,1
weekly_state_ungated,3602,2025-11-28,2025-12-08,0.0118853804313106,2025,2025-09-30,learned_vol_interaction,20260912,0.41500219502025004,0.41500219502025004,0,1
weekly_state_ungated,3607,2025-12-05,2025-12-15,-0.0093922675990717,2025,2025-09-30,learned_vol_interaction,20260912,0.4068651499818389,0.4068651499818389,0,0
weekly_state_ungated,3612,2025-12-12,2025-12-22,0.0082791208791208,2025,2025-09-30,learned_vol_interaction,20260912,0.616228716247792,0.616228716247792,1,1
weekly_state_ungated,3617,2025-12-19,2025-12-29,0.0153890755001995,2025,2025-09-30,learned_vol_interaction,20260912,0.623898158108595,0.623898158108595,1,1
weekly_state_ungated,3622,2025-12-26,2026-01-12,0.0239101640737868,2025,2025-09-30,learned_vol_interaction,20260912,0.5313345497973928,0.5313345497973928,1,1
weekly_global_validated,3567,2025-10-10,2025-10-20,0.015001547584321,2025,2025-09-30,learned_vol_interaction,20260912,0.38708416794246603,0.38708416794246603,0,1
weekly_global_validated,3572,2025-10-17,2025-10-27,0.0309637052897611,2025,2025-09-30,learned_vol_interaction,20260912,0.3157098671172643,0.3157098671172643,0,1
weekly_global_validated,3577,2025-10-24,2025-11-03,-0.013331545863497,2025,2025-09-30,learned_vol_interaction,20260912,0.4208911959584494,0.4208911959584494,0,0
weekly_global_validated,3582,2025-10-31,2025-11-10,0.0110832418536339,2025,2025-09-30,learned_vol_interaction,20260912,0.3900158389526887,0.3900158389526887,0,1
weekly_global_validated,3587,2025-11-07,2025-11-17,-0.0152107881197579,2025,2025-09-30,learned_vol_interaction,20260912,0.659622747508864,0.659622747508864,1,0
weekly_global_validated,3592,2025-11-14,2025-11-24,-0.031114557454173,2025,2025-09-30,learned_vol_interaction,20260912,0.34326605537210186,0.34326605537210186,0,0
weekly_global_validated,3597,2025-11-21,2025-12-01,0.0147613767448515,2025,2025-09-30,learned_vol_interaction,20260912,0.48314566355901645,0.48314566355901645,0,1
weekly_global_validated,3602,2025-11-28,2025-12-08,0.0118853804313106,2025,2025-09-30,learned_vol_interaction,20260912,0.41500219502025004,0.41500219502025004,0,1
weekly_global_validated,3607,2025-12-05,2025-12-15,-0.0093922675990717,2025,2025-09-30,learned_vol_interaction,20260912,0.4068651499818389,0.4068651499818389,0,0
weekly_global_validated,3612,2025-12-12,2025-12-22,0.0082791208791208,2025,2025-09-30,learned_vol_interaction,20260912,0.616228716247792,0.616228716247792,1,1
weekly_global_validated,3617,2025-12-19,2025-12-29,0.0153890755001995,2025,2025-09-30,learned_vol_interaction,20260912,0.623898158108595,0.623898158108595,1,1
weekly_global_validated,3622,2025-12-26,2026-01-12,0.0239101640737868,2025,2025-09-30,learned_vol_interaction,20260912,0.5313345497973928,0.5313345497973928,1,1
weekly_global_ungated,3567,2025-10-10,2025-10-20,0.015001547584321,2025,2025-09-30,learned_vol_interaction,20260912,0.375142380376958,0.375142380376958,0,1
weekly_global_ungated,3572,2025-10-17,2025-10-27,0.0309637052897611,2025,2025-09-30,learned_vol_interaction,20260912,0.3048747380336173,0.3048747380336173,0,1
weekly_global_ungated,3577,2025-10-24,2025-11-03,-0.013331545863497,2025,2025-09-30,learned_vol_interaction,20260912,0.4086017374352677,0.4086017374352677,0,0
weekly_global_ungated,3582,2025-10-31,2025-11-10,0.0110832418536339,2025,2025-09-30,learned_vol_interaction,20260912,0.3780393922473063,0.3780393922473063,0,1
weekly_global_ungated,3587,2025-11-07,2025-11-17,-0.0152107881197579,2025,2025-09-30,learned_vol_interaction,20260912,0.6481645015053062,0.6481645015053062,1,0
weekly_global_ungated,3592,2025-11-14,2025-11-24,-0.031114557454173,2025,2025-09-30,learned_vol_interaction,20260912,0.33194396509642055,0.33194396509642055,0,0
weekly_global_ungated,3597,2025-11-21,2025-12-01,0.0147613767448515,2025,2025-09-30,learned_vol_interaction,20260912,0.47051534433521586,0.47051534433521586,0,1
weekly_global_ungated,3602,2025-11-28,2025-12-08,0.0118853804313106,2025,2025-09-30,learned_vol_interaction,20260912,0.4027650970626243,0.4027650970626243,0,1
weekly_global_ungated,3607,2025-12-05,2025-12-15,-0.0093922675990717,2025,2025-09-30,learned_vol_interaction,20260912,0.39470609977356713,0.39470609977356713,0,0
weekly_global_ungated,3612,2025-12-12,2025-12-22,0.0082791208791208,2025,2025-09-30,learned_vol_interaction,20260912,0.6041862433038249,0.6041862433038249,1,1
weekly_global_ungated,3617,2025-12-19,2025-12-29,0.0153890755001995,2025,2025-09-30,learned_vol_interaction,20260912,0.6119447959474232,0.6119447959474232,1,1
weekly_global_ungated,3622,2025-12-26,2026-01-12,0.0239101640737868,2025,2025-09-30,learned_vol_interaction,20260912,0.5187087503989386,0.5187087503989386,1,1
weekly_state_validated,3567,2025-10-10,2025-10-20,0.015001547584321,2025,2025-09-30,learned_order_extension,20260910,0.4374250973987012,0.4374250973987012,0,1
weekly_state_validated,3572,2025-10-17,2025-10-27,0.0309637052897611,2025,2025-09-30,learned_order_extension,20260910,0.42175299872804267,0.42175299872804267,0,1
weekly_state_validated,3577,2025-10-24,2025-11-03,-0.013331545863497,2025,2025-09-30,learned_order_extension,20260910,0.4366552310757828,0.4366552310757828,0,0
weekly_state_validated,3582,2025-10-31,2025-11-10,0.0110832418536339,2025,2025-09-30,learned_order_extension,20260910,0.44422704458498696,0.44422704458498696,0,1
weekly_state_validated,3587,2025-11-07,2025-11-17,-0.0152107881197579,2025,2025-09-30,learned_order_extension,20260910,0.4121821919684248,0.4121821919684248,0,0
weekly_state_validated,3592,2025-11-14,2025-11-24,-0.031114557454173,2025,2025-09-30,learned_order_extension,20260910,0.3834394392569858,0.3834394392569858,0,0
weekly_state_validated,3597,2025-11-21,2025-12-01,0.0147613767448515,2025,2025-09-30,learned_order_extension,20260910,0.36890976533068714,0.36890976533068714,0,1
weekly_state_validated,3602,2025-11-28,2025-12-08,0.0118853804313106,2025,2025-09-30,learned_order_extension,20260910,0.32234639686295663,0.32234639686295663,0,1
weekly_state_validated,3607,2025-12-05,2025-12-15,-0.0093922675990717,2025,2025-09-30,learned_order_extension,20260910,0.3536741737892265,0.3536741737892265,0,0
weekly_state_validated,3612,2025-12-12,2025-12-22,0.0082791208791208,2025,2025-09-30,learned_order_extension,20260910,0.4084124508900537,0.4084124508900537,0,1
weekly_state_validated,3617,2025-12-19,2025-12-29,0.0153890755001995,2025,2025-09-30,learned_order_extension,20260910,0.6626830721040038,0.6626830721040038,1,1
weekly_state_validated,3622,2025-12-26,2026-01-12,0.0239101640737868,2025,2025-09-30,learned_order_extension,20260910,0.29817910640968603,0.29817910640968603,0,1
weekly_state_ungated,3567,2025-10-10,2025-10-20,0.015001547584321,2025,2025-09-30,learned_order_extension,20260910,0.44140107010047414,0.44140107010047414,0,1
weekly_state_ungated,3572,2025-10-17,2025-10-27,0.0309637052897611,2025,2025-09-30,learned_order_extension,20260910,0.42569431144464653,0.42569431144464653,0,1
weekly_state_ungated,3577,2025-10-24,2025-11-03,-0.013331545863497,2025,2025-09-30,learned_order_extension,20260910,0.44062968693874793,0.44062968693874793,0,0
weekly_state_ungated,3582,2025-10-31,2025-11-10,0.0110832418536339,2025,2025-09-30,learned_order_extension,20260910,0.44821558522833016,0.44821558522833016,0,1
weekly_state_ungated,3587,2025-11-07,2025-11-17,-0.0152107881197579,2025,2025-09-30,learned_order_extension,20260910,0.4160984244839013,0.4160984244839013,0,0
weekly_state_ungated,3592,2025-11-14,2025-11-24,-0.031114557454173,2025,2025-09-30,learned_order_extension,20260910,0.3834394392569858,0.3834394392569858,0,0
weekly_state_ungated,3597,2025-11-21,2025-12-01,0.0147613767448515,2025,2025-09-30,learned_order_extension,20260910,0.37267551966282286,0.37267551966282286,0,1
weekly_state_ungated,3602,2025-11-28,2025-12-08,0.0118853804313106,2025,2025-09-30,learned_order_extension,20260910,0.32234639686295663,0.32234639686295663,0,1
weekly_state_ungated,3607,2025-12-05,2025-12-15,-0.0093922675990717,2025,2025-09-30,learned_order_extension,20260910,0.3536741737892265,0.3536741737892265,0,0
weekly_state_ungated,3612,2025-12-12,2025-12-22,0.0082791208791208,2025,2025-09-30,learned_order_extension,20260910,0.4084124508900537,0.4084124508900537,0,1
weekly_state_ungated,3617,2025-12-19,2025-12-29,0.0153890755001995,2025,2025-09-30,learned_order_extension,20260910,0.6626830721040038,0.6626830721040038,1,1
weekly_state_ungated,3622,2025-12-26,2026-01-12,0.0239101640737868,2025,2025-09-30,learned_order_extension,20260910,0.29817910640968603,0.29817910640968603,0,1
weekly_global_validated,3567,2025-10-10,2025-10-20,0.015001547584321,2025,2025-09-30,learned_order_extension,20260910,0.4374250973987012,0.4374250973987012,0,1
weekly_global_validated,3572,2025-10-17,2025-10-27,0.0309637052897611,2025,2025-09-30,learned_order_extension,20260910,0.42175299872804267,0.42175299872804267,0,1
weekly_global_validated,3577,2025-10-24,2025-11-03,-0.013331545863497,2025,2025-09-30,learned_order_extension,20260910,0.4366552310757828,0.4366552310757828,0,0
weekly_global_validated,3582,2025-10-31,2025-11-10,0.0110832418536339,2025,2025-09-30,learned_order_extension,20260910,0.44422704458498696,0.44422704458498696,0,1
weekly_global_validated,3587,2025-11-07,2025-11-17,-0.0152107881197579,2025,2025-09-30,learned_order_extension,20260910,0.4121821919684248,0.4121821919684248,0,0
weekly_global_validated,3592,2025-11-14,2025-11-24,-0.031114557454173,2025,2025-09-30,learned_order_extension,20260910,0.3834394392569858,0.3834394392569858,0,0
weekly_global_validated,3597,2025-11-21,2025-12-01,0.0147613767448515,2025,2025-09-30,learned_order_extension,20260910,0.36890976533068714,0.36890976533068714,0,1
weekly_global_validated,3602,2025-11-28,2025-12-08,0.0118853804313106,2025,2025-09-30,learned_order_extension,20260910,0.32234639686295663,0.32234639686295663,0,1
weekly_global_validated,3607,2025-12-05,2025-12-15,-0.0093922675990717,2025,2025-09-30,learned_order_extension,20260910,0.3536741737892265,0.3536741737892265,0,0
weekly_global_validated,3612,2025-12-12,2025-12-22,0.0082791208791208,2025,2025-09-30,learned_order_extension,20260910,0.4084124508900537,0.4084124508900537,0,1
weekly_global_validated,3617,2025-12-19,2025-12-29,0.0153890755001995,2025,2025-09-30,learned_order_extension,20260910,0.6626830721040038,0.6626830721040038,1,1
weekly_global_validated,3622,2025-12-26,2026-01-12,0.0239101640737868,2025,2025-09-30,learned_order_extension,20260910,0.29817910640968603,0.29817910640968603,0,1
weekly_global_ungated,3567,2025-10-10,2025-10-20,0.015001547584321,2025,2025-09-30,learned_order_extension,20260910,0.4211011678495488,0.4211011678495488,0,1
weekly_global_ungated,3572,2025-10-17,2025-10-27,0.0309637052897611,2025,2025-09-30,learned_order_extension,20260910,0.4055922689063536,0.4055922689063536,0,1
weekly_global_ungated,3577,2025-10-24,2025-11-03,-0.013331545863497,2025,2025-09-30,learned_order_extension,20260910,0.42033856537121045,0.42033856537121045,0,0
weekly_global_ungated,3582,2025-10-31,2025-11-10,0.0110832418536339,2025,2025-09-30,learned_order_extension,20260910,0.4278423230204678,0.4278423230204678,0,1
weekly_global_ungated,3587,2025-11-07,2025-11-17,-0.0152107881197579,2025,2025-09-30,learned_order_extension,20260910,0.39613695944973437,0.39613695944973437,0,0
weekly_global_ungated,3592,2025-11-14,2025-11-24,-0.031114557454173,2025,2025-09-30,learned_order_extension,20260910,0.36781297583947975,0.36781297583947975,0,0
weekly_global_ungated,3597,2025-11-21,2025-12-01,0.0147613767448515,2025,2025-09-30,learned_order_extension,20260910,0.3535359060769008,0.3535359060769008,0,1
weekly_global_ungated,3602,2025-11-28,2025-12-08,0.0118853804313106,2025,2025-09-30,learned_order_extension,20260910,0.30796607704026413,0.30796607704026413,0,1
weekly_global_ungated,3607,2025-12-05,2025-12-15,-0.0093922675990717,2025,2025-09-30,learned_order_extension,20260910,0.3385945872652404,0.3385945872652404,0,0
weekly_global_ungated,3612,2025-12-12,2025-12-22,0.0082791208791208,2025,2025-09-30,learned_order_extension,20260910,0.3924159997592225,0.3924159997592225,0,1
weekly_global_ungated,3617,2025-12-19,2025-12-29,0.0153890755001995,2025,2025-09-30,learned_order_extension,20260910,0.6476300723214469,0.6476300723214469,1,1
weekly_global_ungated,3622,2025-12-26,2026-01-12,0.0239101640737868,2025,2025-09-30,learned_order_extension,20260910,0.28442440812119546,0.28442440812119546,0,1
weekly_state_validated,3567,2025-10-10,2025-10-20,0.015001547584321,2025,2025-09-30,learned_order_extension,20260911,0.39565615038452323,0.39565615038452323,0,1
weekly_state_validated,3572,2025-10-17,2025-10-27,0.0309637052897611,2025,2025-09-30,learned_order_extension,20260911,0.42255179794346875,0.42255179794346875,0,1
weekly_state_validated,3577,2025-10-24,2025-11-03,-0.013331545863497,2025,2025-09-30,learned_order_extension,20260911,0.49361418515659217,0.49361418515659217,0,0
weekly_state_validated,3582,2025-10-31,2025-11-10,0.0110832418536339,2025,2025-09-30,learned_order_extension,20260911,0.4726211474285555,0.4726211474285555,0,1
weekly_state_validated,3587,2025-11-07,2025-11-17,-0.0152107881197579,2025,2025-09-30,learned_order_extension,20260911,0.4416487626577909,0.4416487626577909,0,0
weekly_state_validated,3592,2025-11-14,2025-11-24,-0.031114557454173,2025,2025-09-30,learned_order_extension,20260911,0.3660465218959073,0.3660465218959073,0,0
weekly_state_validated,3597,2025-11-21,2025-12-01,0.0147613767448515,2025,2025-09-30,learned_order_extension,20260911,0.43021957760648394,0.43021957760648394,0,1
weekly_state_validated,3602,2025-11-28,2025-12-08,0.0118853804313106,2025,2025-09-30,learned_order_extension,20260911,0.44090841427684524,0.44090841427684524,0,1
weekly_state_validated,3607,2025-12-05,2025-12-15,-0.0093922675990717,2025,2025-09-30,learned_order_extension,20260911,0.46850888999820245,0.46850888999820245,0,0
weekly_state_validated,3612,2025-12-12,2025-12-22,0.0082791208791208,2025,2025-09-30,learned_order_extension,20260911,0.46414163121931723,0.46414163121931723,0,1
weekly_state_validated,3617,2025-12-19,2025-12-29,0.0153890755001995,2025,2025-09-30,learned_order_extension,20260911,0.5579043003982375,0.5579043003982375,1,1
weekly_state_validated,3622,2025-12-26,2026-01-12,0.0239101640737868,2025,2025-09-30,learned_order_extension,20260911,0.5396185574902365,0.5396185574902365,1,1
weekly_state_ungated,3567,2025-10-10,2025-10-20,0.015001547584321,2025,2025-09-30,learned_order_extension,20260911,0.4025990515228265,0.4025990515228265,0,1
weekly_state_ungated,3572,2025-10-17,2025-10-27,0.0309637052897611,2025,2025-09-30,learned_order_extension,20260911,0.4296311402587836,0.4296311402587836,0,1
weekly_state_ungated,3577,2025-10-24,2025-11-03,-0.013331545863497,2025,2025-09-30,learned_order_extension,20260911,0.5008514521718248,0.5008514521718248,1,0
weekly_state_ungated,3582,2025-10-31,2025-11-10,0.0110832418536339,2025,2025-09-30,learned_order_extension,20260911,0.47984228053979366,0.47984228053979366,0,1
weekly_state_ungated,3587,2025-11-07,2025-11-17,-0.0152107881197579,2025,2025-09-30,learned_order_extension,20260911,0.4487993853630595,0.4487993853630595,0,0
weekly_state_ungated,3592,2025-11-14,2025-11-24,-0.031114557454173,2025,2025-09-30,learned_order_extension,20260911,0.3660465218959073,0.3660465218959073,0,0
weekly_state_ungated,3597,2025-11-21,2025-12-01,0.0147613767448515,2025,2025-09-30,learned_order_extension,20260911,0.4373300918610601,0.4373300918610601,0,1
weekly_state_ungated,3602,2025-11-28,2025-12-08,0.0118853804313106,2025,2025-09-30,learned_order_extension,20260911,0.44090841427684524,0.44090841427684524,0,1
weekly_state_ungated,3607,2025-12-05,2025-12-15,-0.0093922675990717,2025,2025-09-30,learned_order_extension,20260911,0.46850888999820245,0.46850888999820245,0,0
weekly_state_ungated,3612,2025-12-12,2025-12-22,0.0082791208791208,2025,2025-09-30,learned_order_extension,20260911,0.46414163121931723,0.46414163121931723,0,1
weekly_state_ungated,3617,2025-12-19,2025-12-29,0.0153890755001995,2025,2025-09-30,learned_order_extension,20260911,0.5579043003982375,0.5579043003982375,1,1
weekly_state_ungated,3622,2025-12-26,2026-01-12,0.0239101640737868,2025,2025-09-30,learned_order_extension,20260911,0.5396185574902365,0.5396185574902365,1,1
weekly_global_validated,3567,2025-10-10,2025-10-20,0.015001547584321,2025,2025-09-30,learned_order_extension,20260911,0.39565615038452323,0.39565615038452323,0,1
weekly_global_validated,3572,2025-10-17,2025-10-27,0.0309637052897611,2025,2025-09-30,learned_order_extension,20260911,0.42255179794346875,0.42255179794346875,0,1
weekly_global_validated,3577,2025-10-24,2025-11-03,-0.013331545863497,2025,2025-09-30,learned_order_extension,20260911,0.49361418515659217,0.49361418515659217,0,0
weekly_global_validated,3582,2025-10-31,2025-11-10,0.0110832418536339,2025,2025-09-30,learned_order_extension,20260911,0.4726211474285555,0.4726211474285555,0,1
weekly_global_validated,3587,2025-11-07,2025-11-17,-0.0152107881197579,2025,2025-09-30,learned_order_extension,20260911,0.4416487626577909,0.4416487626577909,0,0
weekly_global_validated,3592,2025-11-14,2025-11-24,-0.031114557454173,2025,2025-09-30,learned_order_extension,20260911,0.3660465218959073,0.3660465218959073,0,0
weekly_global_validated,3597,2025-11-21,2025-12-01,0.0147613767448515,2025,2025-09-30,learned_order_extension,20260911,0.43021957760648394,0.43021957760648394,0,1
weekly_global_validated,3602,2025-11-28,2025-12-08,0.0118853804313106,2025,2025-09-30,learned_order_extension,20260911,0.44090841427684524,0.44090841427684524,0,1
weekly_global_validated,3607,2025-12-05,2025-12-15,-0.0093922675990717,2025,2025-09-30,learned_order_extension,20260911,0.46850888999820245,0.46850888999820245,0,0
weekly_global_validated,3612,2025-12-12,2025-12-22,0.0082791208791208,2025,2025-09-30,learned_order_extension,20260911,0.46414163121931723,0.46414163121931723,0,1
weekly_global_validated,3617,2025-12-19,2025-12-29,0.0153890755001995,2025,2025-09-30,learned_order_extension,20260911,0.5579043003982375,0.5579043003982375,1,1
weekly_global_validated,3622,2025-12-26,2026-01-12,0.0239101640737868,2025,2025-09-30,learned_order_extension,20260911,0.5396185574902365,0.5396185574902365,1,1
weekly_global_ungated,3567,2025-10-10,2025-10-20,0.015001547584321,2025,2025-09-30,learned_order_extension,20260911,0.3855680044576174,0.3855680044576174,0,1
weekly_global_ungated,3572,2025-10-17,2025-10-27,0.0309637052897611,2025,2025-09-30,learned_order_extension,20260911,0.4122456730568813,0.4122456730568813,0,1
weekly_global_ungated,3577,2025-10-24,2025-11-03,-0.013331545863497,2025,2025-09-30,learned_order_extension,20260911,0.48302464544688517,0.48302464544688517,0,0
weekly_global_ungated,3582,2025-10-31,2025-11-10,0.0110832418536339,2025,2025-09-30,learned_order_extension,20260911,0.462071020034203,0.462071020034203,0,1
weekly_global_ungated,3587,2025-11-07,2025-11-17,-0.0152107881197579,2025,2025-09-30,learned_order_extension,20260911,0.4312246915679918,0.4312246915679918,0,0
weekly_global_ungated,3592,2025-11-14,2025-11-24,-0.031114557454173,2025,2025-09-30,learned_order_extension,20260911,0.3562682793288493,0.3562682793288493,0,0
weekly_global_ungated,3597,2025-11-21,2025-12-01,0.0147613767448515,2025,2025-09-30,learned_order_extension,20260911,0.41986241525637136,0.41986241525637136,0,1
weekly_global_ungated,3602,2025-11-28,2025-12-08,0.0118853804313106,2025,2025-09-30,learned_order_extension,20260911,0.43048834478561904,0.43048834478561904,0,1
weekly_global_ungated,3607,2025-12-05,2025-12-15,-0.0093922675990717,2025,2025-09-30,learned_order_extension,20260911,0.4579708438496815,0.4579708438496815,0,0
weekly_global_ungated,3612,2025-12-12,2025-12-22,0.0082791208791208,2025,2025-09-30,learned_order_extension,20260911,0.4536179777890897,0.4536179777890897,0,1
weekly_global_ungated,3617,2025-12-19,2025-12-29,0.0153890755001995,2025,2025-09-30,learned_order_extension,20260911,0.5474265414762516,0.5474265414762516,1,1
weekly_global_ungated,3622,2025-12-26,2026-01-12,0.0239101640737868,2025,2025-09-30,learned_order_extension,20260911,0.5290732350729005,0.5290732350729005,1,1
weekly_state_validated,3567,2025-10-10,2025-10-20,0.015001547584321,2025,2025-09-30,learned_order_extension,20260912,0.3618256973057808,0.3618256973057808,0,1
weekly_state_validated,3572,2025-10-17,2025-10-27,0.0309637052897611,2025,2025-09-30,learned_order_extension,20260912,0.312619869218582,0.312619869218582,0,1
weekly_state_validated,3577,2025-10-24,2025-11-03,-0.013331545863497,2025,2025-09-30,learned_order_extension,20260912,0.40985370086401507,0.40985370086401507,0,0
weekly_state_validated,3582,2025-10-31,2025-11-10,0.0110832418536339,2025,2025-09-30,learned_order_extension,20260912,0.3627331529148393,0.3627331529148393,0,1
weekly_state_validated,3587,2025-11-07,2025-11-17,-0.0152107881197579,2025,2025-09-30,learned_order_extension,20260912,0.718885721140873,0.718885721140873,1,0
weekly_state_validated,3592,2025-11-14,2025-11-24,-0.031114557454173,2025,2025-09-30,learned_order_extension,20260912,0.30698939617400184,0.30698939617400184,0,0
weekly_state_validated,3597,2025-11-21,2025-12-01,0.0147613767448515,2025,2025-09-30,learned_order_extension,20260912,0.5182169356345201,0.5182169356345201,1,1
weekly_state_validated,3602,2025-11-28,2025-12-08,0.0118853804313106,2025,2025-09-30,learned_order_extension,20260912,0.4275392206065502,0.4275392206065502,0,1
weekly_state_validated,3607,2025-12-05,2025-12-15,-0.0093922675990717,2025,2025-09-30,learned_order_extension,20260912,0.4221602938281845,0.4221602938281845,0,0
weekly_state_validated,3612,2025-12-12,2025-12-22,0.0082791208791208,2025,2025-09-30,learned_order_extension,20260912,0.686955951008886,0.686955951008886,1,1
weekly_state_validated,3617,2025-12-19,2025-12-29,0.0153890755001995,2025,2025-09-30,learned_order_extension,20260912,0.6978439415509934,0.6978439415509934,1,1
weekly_state_validated,3622,2025-12-26,2026-01-12,0.0239101640737868,2025,2025-09-30,learned_order_extension,20260912,0.5576069048924787,0.5576069048924787,1,1
weekly_state_ungated,3567,2025-10-10,2025-10-20,0.015001547584321,2025,2025-09-30,learned_order_extension,20260912,0.3600910740393808,0.3600910740393808,0,1
weekly_state_ungated,3572,2025-10-17,2025-10-27,0.0309637052897611,2025,2025-09-30,learned_order_extension,20260912,0.3110061814988165,0.3110061814988165,0,1
weekly_state_ungated,3577,2025-10-24,2025-11-03,-0.013331545863497,2025,2025-09-30,learned_order_extension,20260912,0.4080360447748366,0.4080360447748366,0,0
weekly_state_ungated,3582,2025-10-31,2025-11-10,0.0110832418536339,2025,2025-09-30,learned_order_extension,20260912,0.3609966401346554,0.3609966401346554,0,1
weekly_state_ungated,3587,2025-11-07,2025-11-17,-0.0152107881197579,2025,2025-09-30,learned_order_extension,20260912,0.7173635072377715,0.7173635072377715,1,0
weekly_state_ungated,3592,2025-11-14,2025-11-24,-0.031114557454173,2025,2025-09-30,learned_order_extension,20260912,0.30698939617400184,0.30698939617400184,0,0
weekly_state_ungated,3597,2025-11-21,2025-12-01,0.0147613767448515,2025,2025-09-30,learned_order_extension,20260912,0.5163391755409109,0.5163391755409109,1,1
weekly_state_ungated,3602,2025-11-28,2025-12-08,0.0118853804313106,2025,2025-09-30,learned_order_extension,20260912,0.4275392206065502,0.4275392206065502,0,1
weekly_state_ungated,3607,2025-12-05,2025-12-15,-0.0093922675990717,2025,2025-09-30,learned_order_extension,20260912,0.4221602938281845,0.4221602938281845,0,0
weekly_state_ungated,3612,2025-12-12,2025-12-22,0.0082791208791208,2025,2025-09-30,learned_order_extension,20260912,0.686955951008886,0.686955951008886,1,1
weekly_state_ungated,3617,2025-12-19,2025-12-29,0.0153890755001995,2025,2025-09-30,learned_order_extension,20260912,0.6978439415509934,0.6978439415509934,1,1
weekly_state_ungated,3622,2025-12-26,2026-01-12,0.0239101640737868,2025,2025-09-30,learned_order_extension,20260912,0.5576069048924787,0.5576069048924787,1,1
weekly_global_validated,3567,2025-10-10,2025-10-20,0.015001547584321,2025,2025-09-30,learned_order_extension,20260912,0.3618256973057808,0.3618256973057808,0,1
weekly_global_validated,3572,2025-10-17,2025-10-27,0.0309637052897611,2025,2025-09-30,learned_order_extension,20260912,0.312619869218582,0.312619869218582,0,1
weekly_global_validated,3577,2025-10-24,2025-11-03,-0.013331545863497,2025,2025-09-30,learned_order_extension,20260912,0.40985370086401507,0.40985370086401507,0,0
weekly_global_validated,3582,2025-10-31,2025-11-10,0.0110832418536339,2025,2025-09-30,learned_order_extension,20260912,0.3627331529148393,0.3627331529148393,0,1
weekly_global_validated,3587,2025-11-07,2025-11-17,-0.0152107881197579,2025,2025-09-30,learned_order_extension,20260912,0.718885721140873,0.718885721140873,1,0
weekly_global_validated,3592,2025-11-14,2025-11-24,-0.031114557454173,2025,2025-09-30,learned_order_extension,20260912,0.30698939617400184,0.30698939617400184,0,0
weekly_global_validated,3597,2025-11-21,2025-12-01,0.0147613767448515,2025,2025-09-30,learned_order_extension,20260912,0.5182169356345201,0.5182169356345201,1,1
weekly_global_validated,3602,2025-11-28,2025-12-08,0.0118853804313106,2025,2025-09-30,learned_order_extension,20260912,0.4275392206065502,0.4275392206065502,0,1
weekly_global_validated,3607,2025-12-05,2025-12-15,-0.0093922675990717,2025,2025-09-30,learned_order_extension,20260912,0.4221602938281845,0.4221602938281845,0,0
weekly_global_validated,3612,2025-12-12,2025-12-22,0.0082791208791208,2025,2025-09-30,learned_order_extension,20260912,0.686955951008886,0.686955951008886,1,1
weekly_global_validated,3617,2025-12-19,2025-12-29,0.0153890755001995,2025,2025-09-30,learned_order_extension,20260912,0.6978439415509934,0.6978439415509934,1,1
weekly_global_validated,3622,2025-12-26,2026-01-12,0.0239101640737868,2025,2025-09-30,learned_order_extension,20260912,0.5576069048924787,0.5576069048924787,1,1
weekly_global_ungated,3567,2025-10-10,2025-10-20,0.015001547584321,2025,2025-09-30,learned_order_extension,20260912,0.3424082240582074,0.3424082240582074,0,1
weekly_global_ungated,3572,2025-10-17,2025-10-27,0.0309637052897611,2025,2025-09-30,learned_order_extension,20260912,0.29462394207341713,0.29462394207341713,0,1
weekly_global_ungated,3577,2025-10-24,2025-11-03,-0.013331545863497,2025,2025-09-30,learned_order_extension,20260912,0.38943161447968533,0.38943161447968533,0,0
weekly_global_ungated,3582,2025-10-31,2025-11-10,0.0110832418536339,2025,2025-09-30,learned_order_extension,20260912,0.34329317739579346,0.34329317739579346,0,1
weekly_global_ungated,3587,2025-11-07,2025-11-17,-0.0152107881197579,2025,2025-09-30,learned_order_extension,20260912,0.7013656205496389,0.7013656205496389,1,0
weekly_global_ungated,3592,2025-11-14,2025-11-24,-0.031114557454173,2025,2025-09-30,learned_order_extension,20260912,0.28918123012636693,0.28918123012636693,0,0
weekly_global_ungated,3597,2025-11-21,2025-12-01,0.0147613767448515,2025,2025-09-30,learned_order_extension,20260912,0.49694208483307767,0.49694208483307767,0,1
weekly_global_ungated,3602,2025-11-28,2025-12-08,0.0118853804313106,2025,2025-09-30,learned_order_extension,20260912,0.40684341917324734,0.40684341917324734,0,1
weekly_global_ungated,3607,2025-12-05,2025-12-15,-0.0093922675990717,2025,2025-09-30,learned_order_extension,20260912,0.4015422325448965,0.4015422325448965,0,0
weekly_global_ungated,3612,2025-12-12,2025-12-22,0.0082791208791208,2025,2025-09-30,learned_order_extension,20260912,0.6683638854087421,0.6683638854087421,1,1
weekly_global_ungated,3617,2025-12-19,2025-12-29,0.0153890755001995,2025,2025-09-30,learned_order_extension,20260912,0.6795969224807301,0.6795969224807301,1,1
weekly_global_ungated,3622,2025-12-26,2026-01-12,0.0239101640737868,2025,2025-09-30,learned_order_extension,20260912,0.5365157654096777,0.5365157654096777,1,1
weekly_state_validated,3567,2025-10-10,2025-10-20,0.015001547584321,2025,2025-09-30,learned_order_offset,20260910,0.4383291264578575,0.4383291264578575,0,1
weekly_state_validated,3572,2025-10-17,2025-10-27,0.0309637052897611,2025,2025-09-30,learned_order_offset,20260910,0.42244156693704515,0.42244156693704515,0,1
weekly_state_validated,3577,2025-10-24,2025-11-03,-0.013331545863497,2025,2025-09-30,learned_order_offset,20260910,0.4373772094377323,0.4373772094377323,0,0
weekly_state_validated,3582,2025-10-31,2025-11-10,0.0110832418536339,2025,2025-09-30,learned_order_offset,20260910,0.4448868201240668,0.4448868201240668,0,1
weekly_state_validated,3587,2025-11-07,2025-11-17,-0.0152107881197579,2025,2025-09-30,learned_order_offset,20260910,0.4128358919320841,0.4128358919320841,0,0
weekly_state_validated,3592,2025-11-14,2025-11-24,-0.031114557454173,2025,2025-09-30,learned_order_offset,20260910,0.3842630437962762,0.3842630437962762,0,0
weekly_state_validated,3597,2025-11-21,2025-12-01,0.0147613767448515,2025,2025-09-30,learned_order_offset,20260910,0.369912667424471,0.369912667424471,0,1
weekly_state_validated,3602,2025-11-28,2025-12-08,0.0118853804313106,2025,2025-09-30,learned_order_offset,20260910,0.3228815407821598,0.3228815407821598,0,1
weekly_state_validated,3607,2025-12-05,2025-12-15,-0.0093922675990717,2025,2025-09-30,learned_order_offset,20260910,0.3542499269143583,0.3542499269143583,0,0
weekly_state_validated,3612,2025-12-12,2025-12-22,0.0082791208791208,2025,2025-09-30,learned_order_offset,20260910,0.4080196331095147,0.4080196331095147,0,1
weekly_state_validated,3617,2025-12-19,2025-12-29,0.0153890755001995,2025,2025-09-30,learned_order_offset,20260910,0.6618244415513685,0.6618244415513685,1,1
weekly_state_validated,3622,2025-12-26,2026-01-12,0.0239101640737868,2025,2025-09-30,learned_order_offset,20260910,0.2985952086190204,0.2985952086190204,0,1
weekly_state_ungated,3567,2025-10-10,2025-10-20,0.015001547584321,2025,2025-09-30,learned_order_offset,20260910,0.44231068223079073,0.44231068223079073,0,1
weekly_state_ungated,3572,2025-10-17,2025-10-27,0.0309637052897611,2025,2025-09-30,learned_order_offset,20260910,0.4263883635387117,0.4263883635387117,0,1
weekly_state_ungated,3577,2025-10-24,2025-11-03,-0.013331545863497,2025,2025-09-30,learned_order_offset,20260910,0.44135691302002394,0.44135691302002394,0,0
weekly_state_ungated,3582,2025-10-31,2025-11-10,0.0110832418536339,2025,2025-09-30,learned_order_offset,20260910,0.4488803376369289,0.4488803376369289,0,1
weekly_state_ungated,3587,2025-11-07,2025-11-17,-0.0152107881197579,2025,2025-09-30,learned_order_offset,20260910,0.41675770245653837,0.41675770245653837,0,0
weekly_state_ungated,3592,2025-11-14,2025-11-24,-0.031114557454173,2025,2025-09-30,learned_order_offset,20260910,0.3842630437962762,0.3842630437962762,0,0
weekly_state_ungated,3597,2025-11-21,2025-12-01,0.0147613767448515,2025,2025-09-30,learned_order_offset,20260910,0.3736862278878248,0.3736862278878248,0,1
weekly_state_ungated,3602,2025-11-28,2025-12-08,0.0118853804313106,2025,2025-09-30,learned_order_offset,20260910,0.3228815407821598,0.3228815407821598,0,1
weekly_state_ungated,3607,2025-12-05,2025-12-15,-0.0093922675990717,2025,2025-09-30,learned_order_offset,20260910,0.3542499269143583,0.3542499269143583,0,0
weekly_state_ungated,3612,2025-12-12,2025-12-22,0.0082791208791208,2025,2025-09-30,learned_order_offset,20260910,0.4080196331095147,0.4080196331095147,0,1
weekly_state_ungated,3617,2025-12-19,2025-12-29,0.0153890755001995,2025,2025-09-30,learned_order_offset,20260910,0.6618244415513685,0.6618244415513685,1,1
weekly_state_ungated,3622,2025-12-26,2026-01-12,0.0239101640737868,2025,2025-09-30,learned_order_offset,20260910,0.2985952086190204,0.2985952086190204,0,1
weekly_global_validated,3567,2025-10-10,2025-10-20,0.015001547584321,2025,2025-09-30,learned_order_offset,20260910,0.4383291264578575,0.4383291264578575,0,1
weekly_global_validated,3572,2025-10-17,2025-10-27,0.0309637052897611,2025,2025-09-30,learned_order_offset,20260910,0.42244156693704515,0.42244156693704515,0,1
weekly_global_validated,3577,2025-10-24,2025-11-03,-0.013331545863497,2025,2025-09-30,learned_order_offset,20260910,0.4373772094377323,0.4373772094377323,0,0
weekly_global_validated,3582,2025-10-31,2025-11-10,0.0110832418536339,2025,2025-09-30,learned_order_offset,20260910,0.4448868201240668,0.4448868201240668,0,1
weekly_global_validated,3587,2025-11-07,2025-11-17,-0.0152107881197579,2025,2025-09-30,learned_order_offset,20260910,0.4128358919320841,0.4128358919320841,0,0
weekly_global_validated,3592,2025-11-14,2025-11-24,-0.031114557454173,2025,2025-09-30,learned_order_offset,20260910,0.3842630437962762,0.3842630437962762,0,0
weekly_global_validated,3597,2025-11-21,2025-12-01,0.0147613767448515,2025,2025-09-30,learned_order_offset,20260910,0.369912667424471,0.369912667424471,0,1
weekly_global_validated,3602,2025-11-28,2025-12-08,0.0118853804313106,2025,2025-09-30,learned_order_offset,20260910,0.3228815407821598,0.3228815407821598,0,1
weekly_global_validated,3607,2025-12-05,2025-12-15,-0.0093922675990717,2025,2025-09-30,learned_order_offset,20260910,0.3542499269143583,0.3542499269143583,0,0
weekly_global_validated,3612,2025-12-12,2025-12-22,0.0082791208791208,2025,2025-09-30,learned_order_offset,20260910,0.4080196331095147,0.4080196331095147,0,1
weekly_global_validated,3617,2025-12-19,2025-12-29,0.0153890755001995,2025,2025-09-30,learned_order_offset,20260910,0.6618244415513685,0.6618244415513685,1,1
weekly_global_validated,3622,2025-12-26,2026-01-12,0.0239101640737868,2025,2025-09-30,learned_order_offset,20260910,0.2985952086190204,0.2985952086190204,0,1
weekly_global_ungated,3567,2025-10-10,2025-10-20,0.015001547584321,2025,2025-09-30,learned_order_offset,20260910,0.4220052766181351,0.4220052766181351,0,1
weekly_global_ungated,3572,2025-10-17,2025-10-27,0.0309637052897611,2025,2025-09-30,learned_order_offset,20260910,0.4062814059584398,0.4062814059584398,0,1
weekly_global_ungated,3577,2025-10-24,2025-11-03,-0.013331545863497,2025,2025-09-30,learned_order_offset,20260910,0.42106223425252604,0.42106223425252604,0,0
weekly_global_ungated,3582,2025-10-31,2025-11-10,0.0110832418536339,2025,2025-09-30,learned_order_offset,20260910,0.4285050695330885,0.4285050695330885,0,1
weekly_global_ungated,3587,2025-11-07,2025-11-17,-0.0152107881197579,2025,2025-09-30,learned_order_offset,20260910,0.3967907399496641,0.3967907399496641,0,0
weekly_global_ungated,3592,2025-11-14,2025-11-24,-0.031114557454173,2025,2025-09-30,learned_order_offset,20260910,0.36863120309454905,0.36863120309454905,0,0
weekly_global_ungated,3597,2025-11-21,2025-12-01,0.0147613767448515,2025,2025-09-30,learned_order_offset,20260910,0.3545284758750555,0.3545284758750555,0,1
weekly_global_ungated,3602,2025-11-28,2025-12-08,0.0118853804313106,2025,2025-09-30,learned_order_offset,20260910,0.30849565804792556,0.30849565804792556,0,1
weekly_global_ungated,3607,2025-12-05,2025-12-15,-0.0093922675990717,2025,2025-09-30,learned_order_offset,20260910,0.3391664934499357,0.3391664934499357,0,0
weekly_global_ungated,3612,2025-12-12,2025-12-22,0.0082791208791208,2025,2025-09-30,learned_order_offset,20260910,0.39203668751842446,0.39203668751842446,0,1
weekly_global_ungated,3617,2025-12-19,2025-12-29,0.0153890755001995,2025,2025-09-30,learned_order_offset,20260910,0.6467615206389015,0.6467615206389015,1,1
weekly_global_ungated,3622,2025-12-26,2026-01-12,0.0239101640737868,2025,2025-09-30,learned_order_offset,20260910,0.2848362128353448,0.2848362128353448,0,1
weekly_state_validated,3567,2025-10-10,2025-10-20,0.015001547584321,2025,2025-09-30,learned_order_offset,20260911,0.3957431714352963,0.3957431714352963,0,1
weekly_state_validated,3572,2025-10-17,2025-10-27,0.0309637052897611,2025,2025-09-30,learned_order_offset,20260911,0.42266319973139616,0.42266319973139616,0,1
weekly_state_validated,3577,2025-10-24,2025-11-03,-0.013331545863497,2025,2025-09-30,learned_order_offset,20260911,0.49371915485702594,0.49371915485702594,0,0
weekly_state_validated,3582,2025-10-31,2025-11-10,0.0110832418536339,2025,2025-09-30,learned_order_offset,20260911,0.47277881290406026,0.47277881290406026,0,1
weekly_state_validated,3587,2025-11-07,2025-11-17,-0.0152107881197579,2025,2025-09-30,learned_order_offset,20260911,0.4417302067850907,0.4417302067850907,0,0
weekly_state_validated,3592,2025-11-14,2025-11-24,-0.031114557454173,2025,2025-09-30,learned_order_offset,20260911,0.3662030345617859,0.3662030345617859,0,0
weekly_state_validated,3597,2025-11-21,2025-12-01,0.0147613767448515,2025,2025-09-30,learned_order_offset,20260911,0.4303049057033289,0.4303049057033289,0,1
weekly_state_validated,3602,2025-11-28,2025-12-08,0.0118853804313106,2025,2025-09-30,learned_order_offset,20260911,0.4410215325004137,0.4410215325004137,0,1
weekly_state_validated,3607,2025-12-05,2025-12-15,-0.0093922675990717,2025,2025-09-30,learned_order_offset,20260911,0.46862239506081244,0.46862239506081244,0,0
weekly_state_validated,3612,2025-12-12,2025-12-22,0.0082791208791208,2025,2025-09-30,learned_order_offset,20260911,0.4642603203194423,0.4642603203194423,0,1
weekly_state_validated,3617,2025-12-19,2025-12-29,0.0153890755001995,2025,2025-09-30,learned_order_offset,20260911,0.557967937341776,0.557967937341776,1,1
weekly_state_validated,3622,2025-12-26,2026-01-12,0.0239101640737868,2025,2025-09-30,learned_order_offset,20260911,0.5397728826316699,0.5397728826316699,1,1
weekly_state_ungated,3567,2025-10-10,2025-10-20,0.015001547584321,2025,2025-09-30,learned_order_offset,20260911,0.40264692349016445,0.40264692349016445,0,1
weekly_state_ungated,3572,2025-10-17,2025-10-27,0.0309637052897611,2025,2025-09-30,learned_order_offset,20260911,0.4297026131074149,0.4297026131074149,0,1
weekly_state_ungated,3577,2025-10-24,2025-11-03,-0.013331545863497,2025,2025-09-30,learned_order_offset,20260911,0.5009152178363426,0.5009152178363426,1,0
weekly_state_ungated,3582,2025-10-31,2025-11-10,0.0110832418536339,2025,2025-09-30,learned_order_offset,20260911,0.4799590078373289,0.4799590078373289,0,1
weekly_state_ungated,3587,2025-11-07,2025-11-17,-0.0152107881197579,2025,2025-09-30,learned_order_offset,20260911,0.4488402985470584,0.4488402985470584,0,0
weekly_state_ungated,3592,2025-11-14,2025-11-24,-0.031114557454173,2025,2025-09-30,learned_order_offset,20260911,0.3662030345617859,0.3662030345617859,0,0
weekly_state_ungated,3597,2025-11-21,2025-12-01,0.0147613767448515,2025,2025-09-30,learned_order_offset,20260911,0.437375173123585,0.437375173123585,0,1
weekly_state_ungated,3602,2025-11-28,2025-12-08,0.0118853804313106,2025,2025-09-30,learned_order_offset,20260911,0.4410215325004137,0.4410215325004137,0,1
weekly_state_ungated,3607,2025-12-05,2025-12-15,-0.0093922675990717,2025,2025-09-30,learned_order_offset,20260911,0.46862239506081244,0.46862239506081244,0,0
weekly_state_ungated,3612,2025-12-12,2025-12-22,0.0082791208791208,2025,2025-09-30,learned_order_offset,20260911,0.4642603203194423,0.4642603203194423,0,1
weekly_state_ungated,3617,2025-12-19,2025-12-29,0.0153890755001995,2025,2025-09-30,learned_order_offset,20260911,0.557967937341776,0.557967937341776,1,1
weekly_state_ungated,3622,2025-12-26,2026-01-12,0.0239101640737868,2025,2025-09-30,learned_order_offset,20260911,0.5397728826316699,0.5397728826316699,1,1
weekly_global_validated,3567,2025-10-10,2025-10-20,0.015001547584321,2025,2025-09-30,learned_order_offset,20260911,0.3957431714352963,0.3957431714352963,0,1
weekly_global_validated,3572,2025-10-17,2025-10-27,0.0309637052897611,2025,2025-09-30,learned_order_offset,20260911,0.42266319973139616,0.42266319973139616,0,1
weekly_global_validated,3577,2025-10-24,2025-11-03,-0.013331545863497,2025,2025-09-30,learned_order_offset,20260911,0.49371915485702594,0.49371915485702594,0,0
weekly_global_validated,3582,2025-10-31,2025-11-10,0.0110832418536339,2025,2025-09-30,learned_order_offset,20260911,0.47277881290406026,0.47277881290406026,0,1
weekly_global_validated,3587,2025-11-07,2025-11-17,-0.0152107881197579,2025,2025-09-30,learned_order_offset,20260911,0.4417302067850907,0.4417302067850907,0,0
weekly_global_validated,3592,2025-11-14,2025-11-24,-0.031114557454173,2025,2025-09-30,learned_order_offset,20260911,0.3662030345617859,0.3662030345617859,0,0
weekly_global_validated,3597,2025-11-21,2025-12-01,0.0147613767448515,2025,2025-09-30,learned_order_offset,20260911,0.4303049057033289,0.4303049057033289,0,1
weekly_global_validated,3602,2025-11-28,2025-12-08,0.0118853804313106,2025,2025-09-30,learned_order_offset,20260911,0.4410215325004137,0.4410215325004137,0,1
weekly_global_validated,3607,2025-12-05,2025-12-15,-0.0093922675990717,2025,2025-09-30,learned_order_offset,20260911,0.46862239506081244,0.46862239506081244,0,0
weekly_global_validated,3612,2025-12-12,2025-12-22,0.0082791208791208,2025,2025-09-30,learned_order_offset,20260911,0.4642603203194423,0.4642603203194423,0,1
weekly_global_validated,3617,2025-12-19,2025-12-29,0.0153890755001995,2025,2025-09-30,learned_order_offset,20260911,0.557967937341776,0.557967937341776,1,1
weekly_global_validated,3622,2025-12-26,2026-01-12,0.0239101640737868,2025,2025-09-30,learned_order_offset,20260911,0.5397728826316699,0.5397728826316699,1,1
weekly_global_ungated,3567,2025-10-10,2025-10-20,0.015001547584321,2025,2025-09-30,learned_order_offset,20260911,0.3855732250789667,0.3855732250789667,0,1
weekly_global_ungated,3572,2025-10-17,2025-10-27,0.0309637052897611,2025,2025-09-30,learned_order_offset,20260911,0.4122734558518032,0.4122734558518032,0,1
weekly_global_ungated,3577,2025-10-24,2025-11-03,-0.013331545863497,2025,2025-09-30,learned_order_offset,20260911,0.4830441387189458,0.4830441387189458,0,0
weekly_global_ungated,3582,2025-10-31,2025-11-10,0.0110832418536339,2025,2025-09-30,learned_order_offset,20260911,0.46214326878289336,0.46214326878289336,0,1
weekly_global_ungated,3587,2025-11-07,2025-11-17,-0.0152107881197579,2025,2025-09-30,learned_order_offset,20260911,0.43122184278315584,0.43122184278315584,0,0
weekly_global_ungated,3592,2025-11-14,2025-11-24,-0.031114557454173,2025,2025-09-30,learned_order_offset,20260911,0.356344542424892,0.356344542424892,0,0
weekly_global_ungated,3597,2025-11-21,2025-12-01,0.0147613767448515,2025,2025-09-30,learned_order_offset,20260911,0.4198639255846641,0.4198639255846641,0,1
weekly_global_ungated,3602,2025-11-28,2025-12-08,0.0118853804313106,2025,2025-09-30,learned_order_offset,20260911,0.4305170263976102,0.4305170263976102,0,1
weekly_global_ungated,3607,2025-12-05,2025-12-15,-0.0093922675990717,2025,2025-09-30,learned_order_offset,20260911,0.45799912738319876,0.45799912738319876,0,0
weekly_global_ungated,3612,2025-12-12,2025-12-22,0.0082791208791208,2025,2025-09-30,learned_order_offset,20260911,0.45365151675302917,0.45365151675302917,0,1
weekly_global_ungated,3617,2025-12-19,2025-12-29,0.0153890755001995,2025,2025-09-30,learned_order_offset,20260911,0.5474057622240172,0.5474057622240172,1,1
weekly_global_ungated,3622,2025-12-26,2026-01-12,0.0239101640737868,2025,2025-09-30,learned_order_offset,20260911,0.5291428316201341,0.5291428316201341,1,1
weekly_state_validated,3567,2025-10-10,2025-10-20,0.015001547584321,2025,2025-09-30,learned_order_offset,20260912,0.3626841037082148,0.3626841037082148,0,1
weekly_state_validated,3572,2025-10-17,2025-10-27,0.0309637052897611,2025,2025-09-30,learned_order_offset,20260912,0.3155072074467302,0.3155072074467302,0,1
weekly_state_validated,3577,2025-10-24,2025-11-03,-0.013331545863497,2025,2025-09-30,learned_order_offset,20260912,0.41018847226300936,0.41018847226300936,0,0
weekly_state_validated,3582,2025-10-31,2025-11-10,0.0110832418536339,2025,2025-09-30,learned_order_offset,20260912,0.36389960460436116,0.36389960460436116,0,1
weekly_state_validated,3587,2025-11-07,2025-11-17,-0.0152107881197579,2025,2025-09-30,learned_order_offset,20260912,0.7158905437459984,0.7158905437459984,1,0
weekly_state_validated,3592,2025-11-14,2025-11-24,-0.031114557454173,2025,2025-09-30,learned_order_offset,20260912,0.30770955732411853,0.30770955732411853,0,0
weekly_state_validated,3597,2025-11-21,2025-12-01,0.0147613767448515,2025,2025-09-30,learned_order_offset,20260912,0.5191415404011084,0.5191415404011084,1,1
weekly_state_validated,3602,2025-11-28,2025-12-08,0.0118853804313106,2025,2025-09-30,learned_order_offset,20260912,0.42732723868442246,0.42732723868442246,0,1
weekly_state_validated,3607,2025-12-05,2025-12-15,-0.0093922675990717,2025,2025-09-30,learned_order_offset,20260912,0.42170161654928456,0.42170161654928456,0,0
weekly_state_validated,3612,2025-12-12,2025-12-22,0.0082791208791208,2025,2025-09-30,learned_order_offset,20260912,0.6839209467759624,0.6839209467759624,1,1
weekly_state_validated,3617,2025-12-19,2025-12-29,0.0153890755001995,2025,2025-09-30,learned_order_offset,20260912,0.6937306559843779,0.6937306559843779,1,1
weekly_state_validated,3622,2025-12-26,2026-01-12,0.0239101640737868,2025,2025-09-30,learned_order_offset,20260912,0.556765310818863,0.556765310818863,1,1
weekly_state_ungated,3567,2025-10-10,2025-10-20,0.015001547584321,2025,2025-09-30,learned_order_offset,20260912,0.3610866352809567,0.3610866352809567,0,1
weekly_state_ungated,3572,2025-10-17,2025-10-27,0.0309637052897611,2025,2025-09-30,learned_order_offset,20260912,0.31401514981337186,0.31401514981337186,0,1
weekly_state_ungated,3577,2025-10-24,2025-11-03,-0.013331545863497,2025,2025-09-30,learned_order_offset,20260912,0.4085158867727398,0.4085158867727398,0,0
weekly_state_ungated,3582,2025-10-31,2025-11-10,0.0110832418536339,2025,2025-09-30,learned_order_offset,20260912,0.36229982590908,0.36229982590908,0,1
weekly_state_ungated,3587,2025-11-07,2025-11-17,-0.0152107881197579,2025,2025-09-30,learned_order_offset,20260912,0.7144814406827747,0.7144814406827747,1,0
weekly_state_ungated,3592,2025-11-14,2025-11-24,-0.031114557454173,2025,2025-09-30,learned_order_offset,20260912,0.30770955732411853,0.30770955732411853,0,0
weekly_state_ungated,3597,2025-11-21,2025-12-01,0.0147613767448515,2025,2025-09-30,learned_order_offset,20260912,0.5174144228033992,0.5174144228033992,1,1
weekly_state_ungated,3602,2025-11-28,2025-12-08,0.0118853804313106,2025,2025-09-30,learned_order_offset,20260912,0.42732723868442246,0.42732723868442246,0,1
weekly_state_ungated,3607,2025-12-05,2025-12-15,-0.0093922675990717,2025,2025-09-30,learned_order_offset,20260912,0.42170161654928456,0.42170161654928456,0,0
weekly_state_ungated,3612,2025-12-12,2025-12-22,0.0082791208791208,2025,2025-09-30,learned_order_offset,20260912,0.6839209467759624,0.6839209467759624,1,1
weekly_state_ungated,3617,2025-12-19,2025-12-29,0.0153890755001995,2025,2025-09-30,learned_order_offset,20260912,0.6937306559843779,0.6937306559843779,1,1
weekly_state_ungated,3622,2025-12-26,2026-01-12,0.0239101640737868,2025,2025-09-30,learned_order_offset,20260912,0.556765310818863,0.556765310818863,1,1
weekly_global_validated,3567,2025-10-10,2025-10-20,0.015001547584321,2025,2025-09-30,learned_order_offset,20260912,0.3626841037082148,0.3626841037082148,0,1
weekly_global_validated,3572,2025-10-17,2025-10-27,0.0309637052897611,2025,2025-09-30,learned_order_offset,20260912,0.3155072074467302,0.3155072074467302,0,1
weekly_global_validated,3577,2025-10-24,2025-11-03,-0.013331545863497,2025,2025-09-30,learned_order_offset,20260912,0.41018847226300936,0.41018847226300936,0,0
weekly_global_validated,3582,2025-10-31,2025-11-10,0.0110832418536339,2025,2025-09-30,learned_order_offset,20260912,0.36389960460436116,0.36389960460436116,0,1
weekly_global_validated,3587,2025-11-07,2025-11-17,-0.0152107881197579,2025,2025-09-30,learned_order_offset,20260912,0.7158905437459984,0.7158905437459984,1,0
weekly_global_validated,3592,2025-11-14,2025-11-24,-0.031114557454173,2025,2025-09-30,learned_order_offset,20260912,0.30770955732411853,0.30770955732411853,0,0
weekly_global_validated,3597,2025-11-21,2025-12-01,0.0147613767448515,2025,2025-09-30,learned_order_offset,20260912,0.5191415404011084,0.5191415404011084,1,1
weekly_global_validated,3602,2025-11-28,2025-12-08,0.0118853804313106,2025,2025-09-30,learned_order_offset,20260912,0.42732723868442246,0.42732723868442246,0,1
weekly_global_validated,3607,2025-12-05,2025-12-15,-0.0093922675990717,2025,2025-09-30,learned_order_offset,20260912,0.42170161654928456,0.42170161654928456,0,0
weekly_global_validated,3612,2025-12-12,2025-12-22,0.0082791208791208,2025,2025-09-30,learned_order_offset,20260912,0.6839209467759624,0.6839209467759624,1,1
weekly_global_validated,3617,2025-12-19,2025-12-29,0.0153890755001995,2025,2025-09-30,learned_order_offset,20260912,0.6937306559843779,0.6937306559843779,1,1
weekly_global_validated,3622,2025-12-26,2026-01-12,0.0239101640737868,2025,2025-09-30,learned_order_offset,20260912,0.556765310818863,0.556765310818863,1,1
weekly_global_ungated,3567,2025-10-10,2025-10-20,0.015001547584321,2025,2025-09-30,learned_order_offset,20260912,0.3430878184313341,0.3430878184313341,0,1
weekly_global_ungated,3572,2025-10-17,2025-10-27,0.0309637052897611,2025,2025-09-30,learned_order_offset,20260912,0.2972709761258727,0.2972709761258727,0,1
weekly_global_ungated,3577,2025-10-24,2025-11-03,-0.013331545863497,2025,2025-09-30,learned_order_offset,20260912,0.38959451558590785,0.38959451558590785,0,0
weekly_global_ungated,3582,2025-10-31,2025-11-10,0.0110832418536339,2025,2025-09-30,learned_order_offset,20260912,0.3442731214247062,0.3442731214247062,0,1
weekly_global_ungated,3587,2025-11-07,2025-11-17,-0.0152107881197579,2025,2025-09-30,learned_order_offset,20260912,0.6981148615901864,0.6981148615901864,1,0
weekly_global_ungated,3592,2025-11-14,2025-11-24,-0.031114557454173,2025,2025-09-30,learned_order_offset,20260912,0.2897332541470209,0.2897332541470209,0,0
weekly_global_ungated,3597,2025-11-21,2025-12-01,0.0147613767448515,2025,2025-09-30,learned_order_offset,20260912,0.49769324838866685,0.49769324838866685,0,1
weekly_global_ungated,3602,2025-11-28,2025-12-08,0.0118853804313106,2025,2025-09-30,learned_order_offset,20260912,0.406465800698103,0.406465800698103,0,1
weekly_global_ungated,3607,2025-12-05,2025-12-15,-0.0093922675990717,2025,2025-09-30,learned_order_offset,20260912,0.40092254399694954,0.40092254399694954,0,0
weekly_global_ungated,3612,2025-12-12,2025-12-22,0.0082791208791208,2025,2025-09-30,learned_order_offset,20260912,0.6650808190618116,0.6650808190618116,1,1
weekly_global_ungated,3617,2025-12-19,2025-12-29,0.0153890755001995,2025,2025-09-30,learned_order_offset,20260912,0.6751975549637558,0.6751975549637558,1,1
weekly_global_ungated,3622,2025-12-26,2026-01-12,0.0239101640737868,2025,2025-09-30,learned_order_offset,20260912,0.5354936324738172,0.5354936324738172,1,1
weekly_state_validated,3630,2026-01-09,2026-01-19,-0.0103697336282536,2026,2025-12-31,learned_market,20260910,0.5209270458842004,0.5209270458842004,1,0
weekly_state_validated,3635,2026-01-16,2026-01-26,-0.0010190267764643,2026,2025-12-31,learned_market,20260910,0.5197139065453521,0.5197139065453521,1,0
weekly_state_validated,3640,2026-01-23,2026-02-02,-0.0087161586128796,2026,2025-12-31,learned_market,20260910,0.2755814653004309,0.2755814653004309,0,0
weekly_state_validated,3645,2026-01-30,2026-02-09,0.0041482324550519,2026,2025-12-31,learned_market,20260910,0.41561123934774186,0.41561123934774186,0,1
weekly_state_validated,3650,2026-02-06,2026-02-24,0.0071649689901505,2026,2025-12-31,learned_market,20260910,0.5571228245636697,0.5571228245636697,1,1
weekly_state_validated,3655,2026-02-13,2026-03-02,-0.0097920588919678,2026,2025-12-31,learned_market,20260910,0.4304939364707622,0.4304939364707622,0,0
weekly_state_validated,3659,2026-02-27,2026-03-09,-0.0172526869201304,2026,2025-12-31,learned_market,20260910,0.5160143853208942,0.5160143853208942,1,0
weekly_state_validated,3664,2026-03-06,2026-03-16,0.0149926634422041,2026,2025-12-31,learned_market,20260910,0.4236869357819852,0.4236869357819852,0,1
weekly_state_validated,3669,2026-03-13,2026-03-23,-0.0364343509194254,2026,2025-12-31,learned_market,20260910,0.40086366037455606,0.40086366037455606,0,0
weekly_state_validated,3674,2026-03-20,2026-03-30,-0.0083038829988221,2026,2025-12-31,learned_market,20260910,0.43855196230093557,0.43855196230093557,0,0
weekly_state_validated,3679,2026-03-27,2026-04-07,-0.0035591495694504,2026,2025-12-31,learned_market,20260910,0.5651756750942187,0.5651756750942187,1,0
weekly_state_ungated,3630,2026-01-09,2026-01-19,-0.0103697336282536,2026,2025-12-31,learned_market,20260910,0.5209270458842004,0.5209270458842004,1,0
weekly_state_ungated,3635,2026-01-16,2026-01-26,-0.0010190267764643,2026,2025-12-31,learned_market,20260910,0.5197139065453521,0.5197139065453521,1,0
weekly_state_ungated,3640,2026-01-23,2026-02-02,-0.0087161586128796,2026,2025-12-31,learned_market,20260910,0.2755814653004309,0.2755814653004309,0,0
weekly_state_ungated,3645,2026-01-30,2026-02-09,0.0041482324550519,2026,2025-12-31,learned_market,20260910,0.41561123934774186,0.41561123934774186,0,1
weekly_state_ungated,3650,2026-02-06,2026-02-24,0.0071649689901505,2026,2025-12-31,learned_market,20260910,0.5571228245636697,0.5571228245636697,1,1
weekly_state_ungated,3655,2026-02-13,2026-03-02,-0.0097920588919678,2026,2025-12-31,learned_market,20260910,0.4304939364707622,0.4304939364707622,0,0
weekly_state_ungated,3659,2026-02-27,2026-03-09,-0.0172526869201304,2026,2025-12-31,learned_market,20260910,0.5160143853208942,0.5160143853208942,1,0
weekly_state_ungated,3664,2026-03-06,2026-03-16,0.0149926634422041,2026,2025-12-31,learned_market,20260910,0.4236869357819852,0.4236869357819852,0,1
weekly_state_ungated,3669,2026-03-13,2026-03-23,-0.0364343509194254,2026,2025-12-31,learned_market,20260910,0.40086366037455606,0.40086366037455606,0,0
weekly_state_ungated,3674,2026-03-20,2026-03-30,-0.0083038829988221,2026,2025-12-31,learned_market,20260910,0.43855196230093557,0.43855196230093557,0,0
weekly_state_ungated,3679,2026-03-27,2026-04-07,-0.0035591495694504,2026,2025-12-31,learned_market,20260910,0.5651756750942187,0.5651756750942187,1,0
weekly_global_validated,3630,2026-01-09,2026-01-19,-0.0103697336282536,2026,2025-12-31,learned_market,20260910,0.5209270458842004,0.5209270458842004,1,0
weekly_global_validated,3635,2026-01-16,2026-01-26,-0.0010190267764643,2026,2025-12-31,learned_market,20260910,0.5197139065453521,0.5197139065453521,1,0
weekly_global_validated,3640,2026-01-23,2026-02-02,-0.0087161586128796,2026,2025-12-31,learned_market,20260910,0.2755814653004309,0.2755814653004309,0,0
weekly_global_validated,3645,2026-01-30,2026-02-09,0.0041482324550519,2026,2025-12-31,learned_market,20260910,0.41561123934774186,0.41561123934774186,0,1
weekly_global_validated,3650,2026-02-06,2026-02-24,0.0071649689901505,2026,2025-12-31,learned_market,20260910,0.5571228245636697,0.5571228245636697,1,1
weekly_global_validated,3655,2026-02-13,2026-03-02,-0.0097920588919678,2026,2025-12-31,learned_market,20260910,0.4304939364707622,0.4304939364707622,0,0
weekly_global_validated,3659,2026-02-27,2026-03-09,-0.0172526869201304,2026,2025-12-31,learned_market,20260910,0.5160143853208942,0.5160143853208942,1,0
weekly_global_validated,3664,2026-03-06,2026-03-16,0.0149926634422041,2026,2025-12-31,learned_market,20260910,0.4236869357819852,0.4236869357819852,0,1
weekly_global_validated,3669,2026-03-13,2026-03-23,-0.0364343509194254,2026,2025-12-31,learned_market,20260910,0.40086366037455606,0.40086366037455606,0,0
weekly_global_validated,3674,2026-03-20,2026-03-30,-0.0083038829988221,2026,2025-12-31,learned_market,20260910,0.43855196230093557,0.43855196230093557,0,0
weekly_global_validated,3679,2026-03-27,2026-04-07,-0.0035591495694504,2026,2025-12-31,learned_market,20260910,0.5651756750942187,0.5651756750942187,1,0
weekly_global_ungated,3630,2026-01-09,2026-01-19,-0.0103697336282536,2026,2025-12-31,learned_market,20260910,0.5209270458842004,0.5209270458842004,1,0
weekly_global_ungated,3635,2026-01-16,2026-01-26,-0.0010190267764643,2026,2025-12-31,learned_market,20260910,0.5197139065453521,0.5197139065453521,1,0
weekly_global_ungated,3640,2026-01-23,2026-02-02,-0.0087161586128796,2026,2025-12-31,learned_market,20260910,0.2755814653004309,0.2755814653004309,0,0
weekly_global_ungated,3645,2026-01-30,2026-02-09,0.0041482324550519,2026,2025-12-31,learned_market,20260910,0.41561123934774186,0.41561123934774186,0,1
weekly_global_ungated,3650,2026-02-06,2026-02-24,0.0071649689901505,2026,2025-12-31,learned_market,20260910,0.5571228245636697,0.5571228245636697,1,1
weekly_global_ungated,3655,2026-02-13,2026-03-02,-0.0097920588919678,2026,2025-12-31,learned_market,20260910,0.4304939364707622,0.4304939364707622,0,0
weekly_global_ungated,3659,2026-02-27,2026-03-09,-0.0172526869201304,2026,2025-12-31,learned_market,20260910,0.5160143853208942,0.5160143853208942,1,0
weekly_global_ungated,3664,2026-03-06,2026-03-16,0.0149926634422041,2026,2025-12-31,learned_market,20260910,0.4236869357819852,0.4236869357819852,0,1
weekly_global_ungated,3669,2026-03-13,2026-03-23,-0.0364343509194254,2026,2025-12-31,learned_market,20260910,0.40086366037455606,0.40086366037455606,0,0
weekly_global_ungated,3674,2026-03-20,2026-03-30,-0.0083038829988221,2026,2025-12-31,learned_market,20260910,0.43855196230093557,0.43855196230093557,0,0
weekly_global_ungated,3679,2026-03-27,2026-04-07,-0.0035591495694504,2026,2025-12-31,learned_market,20260910,0.5651756750942187,0.5651756750942187,1,0
weekly_state_validated,3630,2026-01-09,2026-01-19,-0.0103697336282536,2026,2025-12-31,learned_market,20260911,0.5413510609744506,0.5413510609744506,1,0
weekly_state_validated,3635,2026-01-16,2026-01-26,-0.0010190267764643,2026,2025-12-31,learned_market,20260911,0.5314359715780813,0.5314359715780813,1,0
weekly_state_validated,3640,2026-01-23,2026-02-02,-0.0087161586128796,2026,2025-12-31,learned_market,20260911,0.5322660389568398,0.5322660389568398,1,0
weekly_state_validated,3645,2026-01-30,2026-02-09,0.0041482324550519,2026,2025-12-31,learned_market,20260911,0.45886324630014486,0.45886324630014486,0,1
weekly_state_validated,3650,2026-02-06,2026-02-24,0.0071649689901505,2026,2025-12-31,learned_market,20260911,0.5329149888621901,0.5329149888621901,1,1
weekly_state_validated,3655,2026-02-13,2026-03-02,-0.0097920588919678,2026,2025-12-31,learned_market,20260911,0.5096151640594386,0.5096151640594386,1,0
weekly_state_validated,3659,2026-02-27,2026-03-09,-0.0172526869201304,2026,2025-12-31,learned_market,20260911,0.5369210179709557,0.5369210179709557,1,0
weekly_state_validated,3664,2026-03-06,2026-03-16,0.0149926634422041,2026,2025-12-31,learned_market,20260911,0.6237121770434778,0.6237121770434778,1,1
weekly_state_validated,3669,2026-03-13,2026-03-23,-0.0364343509194254,2026,2025-12-31,learned_market,20260911,0.45542191984179375,0.45542191984179375,0,0
weekly_state_validated,3674,2026-03-20,2026-03-30,-0.0083038829988221,2026,2025-12-31,learned_market,20260911,0.46187353471109566,0.46187353471109566,0,0
weekly_state_validated,3679,2026-03-27,2026-04-07,-0.0035591495694504,2026,2025-12-31,learned_market,20260911,0.4403313235638202,0.4403313235638202,0,0
weekly_state_ungated,3630,2026-01-09,2026-01-19,-0.0103697336282536,2026,2025-12-31,learned_market,20260911,0.5413510609744506,0.5413510609744506,1,0
weekly_state_ungated,3635,2026-01-16,2026-01-26,-0.0010190267764643,2026,2025-12-31,learned_market,20260911,0.5314359715780813,0.5314359715780813,1,0
weekly_state_ungated,3640,2026-01-23,2026-02-02,-0.0087161586128796,2026,2025-12-31,learned_market,20260911,0.5322660389568398,0.5322660389568398,1,0
weekly_state_ungated,3645,2026-01-30,2026-02-09,0.0041482324550519,2026,2025-12-31,learned_market,20260911,0.45886324630014486,0.45886324630014486,0,1
weekly_state_ungated,3650,2026-02-06,2026-02-24,0.0071649689901505,2026,2025-12-31,learned_market,20260911,0.5329149888621901,0.5329149888621901,1,1
weekly_state_ungated,3655,2026-02-13,2026-03-02,-0.0097920588919678,2026,2025-12-31,learned_market,20260911,0.5096151640594386,0.5096151640594386,1,0
weekly_state_ungated,3659,2026-02-27,2026-03-09,-0.0172526869201304,2026,2025-12-31,learned_market,20260911,0.5369210179709557,0.5369210179709557,1,0
weekly_state_ungated,3664,2026-03-06,2026-03-16,0.0149926634422041,2026,2025-12-31,learned_market,20260911,0.6237121770434778,0.6237121770434778,1,1
weekly_state_ungated,3669,2026-03-13,2026-03-23,-0.0364343509194254,2026,2025-12-31,learned_market,20260911,0.45542191984179375,0.45542191984179375,0,0
weekly_state_ungated,3674,2026-03-20,2026-03-30,-0.0083038829988221,2026,2025-12-31,learned_market,20260911,0.46187353471109566,0.46187353471109566,0,0
weekly_state_ungated,3679,2026-03-27,2026-04-07,-0.0035591495694504,2026,2025-12-31,learned_market,20260911,0.4403313235638202,0.4403313235638202,0,0
weekly_global_validated,3630,2026-01-09,2026-01-19,-0.0103697336282536,2026,2025-12-31,learned_market,20260911,0.5413510609744506,0.5413510609744506,1,0
weekly_global_validated,3635,2026-01-16,2026-01-26,-0.0010190267764643,2026,2025-12-31,learned_market,20260911,0.5314359715780813,0.5314359715780813,1,0
weekly_global_validated,3640,2026-01-23,2026-02-02,-0.0087161586128796,2026,2025-12-31,learned_market,20260911,0.5322660389568398,0.5322660389568398,1,0
weekly_global_validated,3645,2026-01-30,2026-02-09,0.0041482324550519,2026,2025-12-31,learned_market,20260911,0.45886324630014486,0.45886324630014486,0,1
weekly_global_validated,3650,2026-02-06,2026-02-24,0.0071649689901505,2026,2025-12-31,learned_market,20260911,0.5329149888621901,0.5329149888621901,1,1
weekly_global_validated,3655,2026-02-13,2026-03-02,-0.0097920588919678,2026,2025-12-31,learned_market,20260911,0.5096151640594386,0.5096151640594386,1,0
weekly_global_validated,3659,2026-02-27,2026-03-09,-0.0172526869201304,2026,2025-12-31,learned_market,20260911,0.5369210179709557,0.5369210179709557,1,0
weekly_global_validated,3664,2026-03-06,2026-03-16,0.0149926634422041,2026,2025-12-31,learned_market,20260911,0.6237121770434778,0.6237121770434778,1,1
weekly_global_validated,3669,2026-03-13,2026-03-23,-0.0364343509194254,2026,2025-12-31,learned_market,20260911,0.45542191984179375,0.45542191984179375,0,0
weekly_global_validated,3674,2026-03-20,2026-03-30,-0.0083038829988221,2026,2025-12-31,learned_market,20260911,0.46187353471109566,0.46187353471109566,0,0
weekly_global_validated,3679,2026-03-27,2026-04-07,-0.0035591495694504,2026,2025-12-31,learned_market,20260911,0.4403313235638202,0.4403313235638202,0,0
weekly_global_ungated,3630,2026-01-09,2026-01-19,-0.0103697336282536,2026,2025-12-31,learned_market,20260911,0.5413510609744506,0.5413510609744506,1,0
weekly_global_ungated,3635,2026-01-16,2026-01-26,-0.0010190267764643,2026,2025-12-31,learned_market,20260911,0.5314359715780813,0.5314359715780813,1,0
weekly_global_ungated,3640,2026-01-23,2026-02-02,-0.0087161586128796,2026,2025-12-31,learned_market,20260911,0.5322660389568398,0.5322660389568398,1,0
weekly_global_ungated,3645,2026-01-30,2026-02-09,0.0041482324550519,2026,2025-12-31,learned_market,20260911,0.45886324630014486,0.45886324630014486,0,1
weekly_global_ungated,3650,2026-02-06,2026-02-24,0.0071649689901505,2026,2025-12-31,learned_market,20260911,0.5329149888621901,0.5329149888621901,1,1
weekly_global_ungated,3655,2026-02-13,2026-03-02,-0.0097920588919678,2026,2025-12-31,learned_market,20260911,0.5096151640594386,0.5096151640594386,1,0
weekly_global_ungated,3659,2026-02-27,2026-03-09,-0.0172526869201304,2026,2025-12-31,learned_market,20260911,0.5369210179709557,0.5369210179709557,1,0
weekly_global_ungated,3664,2026-03-06,2026-03-16,0.0149926634422041,2026,2025-12-31,learned_market,20260911,0.6237121770434778,0.6237121770434778,1,1
weekly_global_ungated,3669,2026-03-13,2026-03-23,-0.0364343509194254,2026,2025-12-31,learned_market,20260911,0.45542191984179375,0.45542191984179375,0,0
weekly_global_ungated,3674,2026-03-20,2026-03-30,-0.0083038829988221,2026,2025-12-31,learned_market,20260911,0.46187353471109566,0.46187353471109566,0,0
weekly_global_ungated,3679,2026-03-27,2026-04-07,-0.0035591495694504,2026,2025-12-31,learned_market,20260911,0.4403313235638202,0.4403313235638202,0,0
weekly_state_validated,3630,2026-01-09,2026-01-19,-0.0103697336282536,2026,2025-12-31,learned_market,20260912,0.5119803822427041,0.5119803822427041,1,0
weekly_state_validated,3635,2026-01-16,2026-01-26,-0.0010190267764643,2026,2025-12-31,learned_market,20260912,0.5563532391014436,0.5563532391014436,1,0
weekly_state_validated,3640,2026-01-23,2026-02-02,-0.0087161586128796,2026,2025-12-31,learned_market,20260912,0.47986345901765604,0.47986345901765604,0,0
weekly_state_validated,3645,2026-01-30,2026-02-09,0.0041482324550519,2026,2025-12-31,learned_market,20260912,0.5030177692550698,0.5030177692550698,1,1
weekly_state_validated,3650,2026-02-06,2026-02-24,0.0071649689901505,2026,2025-12-31,learned_market,20260912,0.43906676808287387,0.43906676808287387,0,1
weekly_state_validated,3655,2026-02-13,2026-03-02,-0.0097920588919678,2026,2025-12-31,learned_market,20260912,0.431368044613122,0.431368044613122,0,0
weekly_state_validated,3659,2026-02-27,2026-03-09,-0.0172526869201304,2026,2025-12-31,learned_market,20260912,0.48137527566018024,0.48137527566018024,0,0
weekly_state_validated,3664,2026-03-06,2026-03-16,0.0149926634422041,2026,2025-12-31,learned_market,20260912,0.46731902499821354,0.46731902499821354,0,1
weekly_state_validated,3669,2026-03-13,2026-03-23,-0.0364343509194254,2026,2025-12-31,learned_market,20260912,0.5227160800792146,0.5227160800792146,1,0
weekly_state_validated,3674,2026-03-20,2026-03-30,-0.0083038829988221,2026,2025-12-31,learned_market,20260912,0.4464645109091068,0.4464645109091068,0,0
weekly_state_validated,3679,2026-03-27,2026-04-07,-0.0035591495694504,2026,2025-12-31,learned_market,20260912,0.39113208857052434,0.39113208857052434,0,0
weekly_state_ungated,3630,2026-01-09,2026-01-19,-0.0103697336282536,2026,2025-12-31,learned_market,20260912,0.5119803822427041,0.5119803822427041,1,0
weekly_state_ungated,3635,2026-01-16,2026-01-26,-0.0010190267764643,2026,2025-12-31,learned_market,20260912,0.5563532391014436,0.5563532391014436,1,0
weekly_state_ungated,3640,2026-01-23,2026-02-02,-0.0087161586128796,2026,2025-12-31,learned_market,20260912,0.47986345901765604,0.47986345901765604,0,0
weekly_state_ungated,3645,2026-01-30,2026-02-09,0.0041482324550519,2026,2025-12-31,learned_market,20260912,0.5030177692550698,0.5030177692550698,1,1
weekly_state_ungated,3650,2026-02-06,2026-02-24,0.0071649689901505,2026,2025-12-31,learned_market,20260912,0.43906676808287387,0.43906676808287387,0,1
weekly_state_ungated,3655,2026-02-13,2026-03-02,-0.0097920588919678,2026,2025-12-31,learned_market,20260912,0.431368044613122,0.431368044613122,0,0
weekly_state_ungated,3659,2026-02-27,2026-03-09,-0.0172526869201304,2026,2025-12-31,learned_market,20260912,0.48137527566018024,0.48137527566018024,0,0
weekly_state_ungated,3664,2026-03-06,2026-03-16,0.0149926634422041,2026,2025-12-31,learned_market,20260912,0.46731902499821354,0.46731902499821354,0,1
weekly_state_ungated,3669,2026-03-13,2026-03-23,-0.0364343509194254,2026,2025-12-31,learned_market,20260912,0.5227160800792146,0.5227160800792146,1,0
weekly_state_ungated,3674,2026-03-20,2026-03-30,-0.0083038829988221,2026,2025-12-31,learned_market,20260912,0.4464645109091068,0.4464645109091068,0,0
weekly_state_ungated,3679,2026-03-27,2026-04-07,-0.0035591495694504,2026,2025-12-31,learned_market,20260912,0.39113208857052434,0.39113208857052434,0,0
weekly_global_validated,3630,2026-01-09,2026-01-19,-0.0103697336282536,2026,2025-12-31,learned_market,20260912,0.5119803822427041,0.5119803822427041,1,0
weekly_global_validated,3635,2026-01-16,2026-01-26,-0.0010190267764643,2026,2025-12-31,learned_market,20260912,0.5563532391014436,0.5563532391014436,1,0
weekly_global_validated,3640,2026-01-23,2026-02-02,-0.0087161586128796,2026,2025-12-31,learned_market,20260912,0.47986345901765604,0.47986345901765604,0,0
weekly_global_validated,3645,2026-01-30,2026-02-09,0.0041482324550519,2026,2025-12-31,learned_market,20260912,0.5030177692550698,0.5030177692550698,1,1
weekly_global_validated,3650,2026-02-06,2026-02-24,0.0071649689901505,2026,2025-12-31,learned_market,20260912,0.43906676808287387,0.43906676808287387,0,1
weekly_global_validated,3655,2026-02-13,2026-03-02,-0.0097920588919678,2026,2025-12-31,learned_market,20260912,0.431368044613122,0.431368044613122,0,0
weekly_global_validated,3659,2026-02-27,2026-03-09,-0.0172526869201304,2026,2025-12-31,learned_market,20260912,0.48137527566018024,0.48137527566018024,0,0
weekly_global_validated,3664,2026-03-06,2026-03-16,0.0149926634422041,2026,2025-12-31,learned_market,20260912,0.46731902499821354,0.46731902499821354,0,1
weekly_global_validated,3669,2026-03-13,2026-03-23,-0.0364343509194254,2026,2025-12-31,learned_market,20260912,0.5227160800792146,0.5227160800792146,1,0
weekly_global_validated,3674,2026-03-20,2026-03-30,-0.0083038829988221,2026,2025-12-31,learned_market,20260912,0.4464645109091068,0.4464645109091068,0,0
weekly_global_validated,3679,2026-03-27,2026-04-07,-0.0035591495694504,2026,2025-12-31,learned_market,20260912,0.39113208857052434,0.39113208857052434,0,0
weekly_global_ungated,3630,2026-01-09,2026-01-19,-0.0103697336282536,2026,2025-12-31,learned_market,20260912,0.5119803822427041,0.5119803822427041,1,0
weekly_global_ungated,3635,2026-01-16,2026-01-26,-0.0010190267764643,2026,2025-12-31,learned_market,20260912,0.5563532391014436,0.5563532391014436,1,0
weekly_global_ungated,3640,2026-01-23,2026-02-02,-0.0087161586128796,2026,2025-12-31,learned_market,20260912,0.47986345901765604,0.47986345901765604,0,0
weekly_global_ungated,3645,2026-01-30,2026-02-09,0.0041482324550519,2026,2025-12-31,learned_market,20260912,0.5030177692550698,0.5030177692550698,1,1
weekly_global_ungated,3650,2026-02-06,2026-02-24,0.0071649689901505,2026,2025-12-31,learned_market,20260912,0.43906676808287387,0.43906676808287387,0,1
weekly_global_ungated,3655,2026-02-13,2026-03-02,-0.0097920588919678,2026,2025-12-31,learned_market,20260912,0.431368044613122,0.431368044613122,0,0
weekly_global_ungated,3659,2026-02-27,2026-03-09,-0.0172526869201304,2026,2025-12-31,learned_market,20260912,0.48137527566018024,0.48137527566018024,0,0
weekly_global_ungated,3664,2026-03-06,2026-03-16,0.0149926634422041,2026,2025-12-31,learned_market,20260912,0.46731902499821354,0.46731902499821354,0,1
weekly_global_ungated,3669,2026-03-13,2026-03-23,-0.0364343509194254,2026,2025-12-31,learned_market,20260912,0.5227160800792146,0.5227160800792146,1,0
weekly_global_ungated,3674,2026-03-20,2026-03-30,-0.0083038829988221,2026,2025-12-31,learned_market,20260912,0.4464645109091068,0.4464645109091068,0,0
weekly_global_ungated,3679,2026-03-27,2026-04-07,-0.0035591495694504,2026,2025-12-31,learned_market,20260912,0.39113208857052434,0.39113208857052434,0,0
weekly_state_validated,3630,2026-01-09,2026-01-19,-0.0103697336282536,2026,2025-12-31,learned_vol_interaction,20260910,0.5249822005515526,0.5249822005515526,1,0
weekly_state_validated,3635,2026-01-16,2026-01-26,-0.0010190267764643,2026,2025-12-31,learned_vol_interaction,20260910,0.5217999415123397,0.5217999415123397,1,0
weekly_state_validated,3640,2026-01-23,2026-02-02,-0.0087161586128796,2026,2025-12-31,learned_vol_interaction,20260910,0.2703686171181188,0.2703686171181188,0,0
weekly_state_validated,3645,2026-01-30,2026-02-09,0.0041482324550519,2026,2025-12-31,learned_vol_interaction,20260910,0.4125281641526105,0.4125281641526105,0,1
weekly_state_validated,3650,2026-02-06,2026-02-24,0.0071649689901505,2026,2025-12-31,learned_vol_interaction,20260910,0.5560675092745206,0.5560675092745206,1,1
weekly_state_validated,3655,2026-02-13,2026-03-02,-0.0097920588919678,2026,2025-12-31,learned_vol_interaction,20260910,0.4244643603856174,0.4244643603856174,0,0
weekly_state_validated,3659,2026-02-27,2026-03-09,-0.0172526869201304,2026,2025-12-31,learned_vol_interaction,20260910,0.5169468531475478,0.5169468531475478,1,0
weekly_state_validated,3664,2026-03-06,2026-03-16,0.0149926634422041,2026,2025-12-31,learned_vol_interaction,20260910,0.42392001130005047,0.42392001130005047,0,1
weekly_state_validated,3669,2026-03-13,2026-03-23,-0.0364343509194254,2026,2025-12-31,learned_vol_interaction,20260910,0.3996582436829412,0.3996582436829412,0,0
weekly_state_validated,3674,2026-03-20,2026-03-30,-0.0083038829988221,2026,2025-12-31,learned_vol_interaction,20260910,0.4401239045442557,0.4401239045442557,0,0
weekly_state_validated,3679,2026-03-27,2026-04-07,-0.0035591495694504,2026,2025-12-31,learned_vol_interaction,20260910,0.5634266232389387,0.5634266232389387,1,0
weekly_state_ungated,3630,2026-01-09,2026-01-19,-0.0103697336282536,2026,2025-12-31,learned_vol_interaction,20260910,0.5249822005515526,0.5249822005515526,1,0
weekly_state_ungated,3635,2026-01-16,2026-01-26,-0.0010190267764643,2026,2025-12-31,learned_vol_interaction,20260910,0.5217999415123397,0.5217999415123397,1,0
weekly_state_ungated,3640,2026-01-23,2026-02-02,-0.0087161586128796,2026,2025-12-31,learned_vol_interaction,20260910,0.2703686171181188,0.2703686171181188,0,0
weekly_state_ungated,3645,2026-01-30,2026-02-09,0.0041482324550519,2026,2025-12-31,learned_vol_interaction,20260910,0.4125281641526105,0.4125281641526105,0,1
weekly_state_ungated,3650,2026-02-06,2026-02-24,0.0071649689901505,2026,2025-12-31,learned_vol_interaction,20260910,0.5560675092745206,0.5560675092745206,1,1
weekly_state_ungated,3655,2026-02-13,2026-03-02,-0.0097920588919678,2026,2025-12-31,learned_vol_interaction,20260910,0.4244643603856174,0.4244643603856174,0,0
weekly_state_ungated,3659,2026-02-27,2026-03-09,-0.0172526869201304,2026,2025-12-31,learned_vol_interaction,20260910,0.5169468531475478,0.5169468531475478,1,0
weekly_state_ungated,3664,2026-03-06,2026-03-16,0.0149926634422041,2026,2025-12-31,learned_vol_interaction,20260910,0.42392001130005047,0.42392001130005047,0,1
weekly_state_ungated,3669,2026-03-13,2026-03-23,-0.0364343509194254,2026,2025-12-31,learned_vol_interaction,20260910,0.3996582436829412,0.3996582436829412,0,0
weekly_state_ungated,3674,2026-03-20,2026-03-30,-0.0083038829988221,2026,2025-12-31,learned_vol_interaction,20260910,0.4401239045442557,0.4401239045442557,0,0
weekly_state_ungated,3679,2026-03-27,2026-04-07,-0.0035591495694504,2026,2025-12-31,learned_vol_interaction,20260910,0.5634266232389387,0.5634266232389387,1,0
weekly_global_validated,3630,2026-01-09,2026-01-19,-0.0103697336282536,2026,2025-12-31,learned_vol_interaction,20260910,0.5249822005515526,0.5249822005515526,1,0
weekly_global_validated,3635,2026-01-16,2026-01-26,-0.0010190267764643,2026,2025-12-31,learned_vol_interaction,20260910,0.5217999415123397,0.5217999415123397,1,0
weekly_global_validated,3640,2026-01-23,2026-02-02,-0.0087161586128796,2026,2025-12-31,learned_vol_interaction,20260910,0.2703686171181188,0.2703686171181188,0,0
weekly_global_validated,3645,2026-01-30,2026-02-09,0.0041482324550519,2026,2025-12-31,learned_vol_interaction,20260910,0.4125281641526105,0.4125281641526105,0,1
weekly_global_validated,3650,2026-02-06,2026-02-24,0.0071649689901505,2026,2025-12-31,learned_vol_interaction,20260910,0.5560675092745206,0.5560675092745206,1,1
weekly_global_validated,3655,2026-02-13,2026-03-02,-0.0097920588919678,2026,2025-12-31,learned_vol_interaction,20260910,0.4244643603856174,0.4244643603856174,0,0
weekly_global_validated,3659,2026-02-27,2026-03-09,-0.0172526869201304,2026,2025-12-31,learned_vol_interaction,20260910,0.5169468531475478,0.5169468531475478,1,0
weekly_global_validated,3664,2026-03-06,2026-03-16,0.0149926634422041,2026,2025-12-31,learned_vol_interaction,20260910,0.42392001130005047,0.42392001130005047,0,1
weekly_global_validated,3669,2026-03-13,2026-03-23,-0.0364343509194254,2026,2025-12-31,learned_vol_interaction,20260910,0.3996582436829412,0.3996582436829412,0,0
weekly_global_validated,3674,2026-03-20,2026-03-30,-0.0083038829988221,2026,2025-12-31,learned_vol_interaction,20260910,0.4401239045442557,0.4401239045442557,0,0
weekly_global_validated,3679,2026-03-27,2026-04-07,-0.0035591495694504,2026,2025-12-31,learned_vol_interaction,20260910,0.5634266232389387,0.5634266232389387,1,0
weekly_global_ungated,3630,2026-01-09,2026-01-19,-0.0103697336282536,2026,2025-12-31,learned_vol_interaction,20260910,0.5249822005515526,0.5249822005515526,1,0
weekly_global_ungated,3635,2026-01-16,2026-01-26,-0.0010190267764643,2026,2025-12-31,learned_vol_interaction,20260910,0.5217999415123397,0.5217999415123397,1,0
weekly_global_ungated,3640,2026-01-23,2026-02-02,-0.0087161586128796,2026,2025-12-31,learned_vol_interaction,20260910,0.2703686171181188,0.2703686171181188,0,0
weekly_global_ungated,3645,2026-01-30,2026-02-09,0.0041482324550519,2026,2025-12-31,learned_vol_interaction,20260910,0.4125281641526105,0.4125281641526105,0,1
weekly_global_ungated,3650,2026-02-06,2026-02-24,0.0071649689901505,2026,2025-12-31,learned_vol_interaction,20260910,0.5560675092745206,0.5560675092745206,1,1
weekly_global_ungated,3655,2026-02-13,2026-03-02,-0.0097920588919678,2026,2025-12-31,learned_vol_interaction,20260910,0.4244643603856174,0.4244643603856174,0,0
weekly_global_ungated,3659,2026-02-27,2026-03-09,-0.0172526869201304,2026,2025-12-31,learned_vol_interaction,20260910,0.5169468531475478,0.5169468531475478,1,0
weekly_global_ungated,3664,2026-03-06,2026-03-16,0.0149926634422041,2026,2025-12-31,learned_vol_interaction,20260910,0.42392001130005047,0.42392001130005047,0,1
weekly_global_ungated,3669,2026-03-13,2026-03-23,-0.0364343509194254,2026,2025-12-31,learned_vol_interaction,20260910,0.3996582436829412,0.3996582436829412,0,0
weekly_global_ungated,3674,2026-03-20,2026-03-30,-0.0083038829988221,2026,2025-12-31,learned_vol_interaction,20260910,0.4401239045442557,0.4401239045442557,0,0
weekly_global_ungated,3679,2026-03-27,2026-04-07,-0.0035591495694504,2026,2025-12-31,learned_vol_interaction,20260910,0.5634266232389387,0.5634266232389387,1,0
weekly_state_validated,3630,2026-01-09,2026-01-19,-0.0103697336282536,2026,2025-12-31,learned_vol_interaction,20260911,0.5419308229071979,0.5419308229071979,1,0
weekly_state_validated,3635,2026-01-16,2026-01-26,-0.0010190267764643,2026,2025-12-31,learned_vol_interaction,20260911,0.5357337652448725,0.5357337652448725,1,0
weekly_state_validated,3640,2026-01-23,2026-02-02,-0.0087161586128796,2026,2025-12-31,learned_vol_interaction,20260911,0.5371665022159147,0.5371665022159147,1,0
weekly_state_validated,3645,2026-01-30,2026-02-09,0.0041482324550519,2026,2025-12-31,learned_vol_interaction,20260911,0.4536669400564477,0.4536669400564477,0,1
weekly_state_validated,3650,2026-02-06,2026-02-24,0.0071649689901505,2026,2025-12-31,learned_vol_interaction,20260911,0.535655258471591,0.535655258471591,1,1
weekly_state_validated,3655,2026-02-13,2026-03-02,-0.0097920588919678,2026,2025-12-31,learned_vol_interaction,20260911,0.5053590625088199,0.5053590625088199,1,0
weekly_state_validated,3659,2026-02-27,2026-03-09,-0.0172526869201304,2026,2025-12-31,learned_vol_interaction,20260911,0.5322976681186429,0.5322976681186429,1,0
weekly_state_validated,3664,2026-03-06,2026-03-16,0.0149926634422041,2026,2025-12-31,learned_vol_interaction,20260911,0.6174856955773433,0.6174856955773433,1,1
weekly_state_validated,3669,2026-03-13,2026-03-23,-0.0364343509194254,2026,2025-12-31,learned_vol_interaction,20260911,0.44896092371547813,0.44896092371547813,0,0
weekly_state_validated,3674,2026-03-20,2026-03-30,-0.0083038829988221,2026,2025-12-31,learned_vol_interaction,20260911,0.45425867209133697,0.45425867209133697,0,0
weekly_state_validated,3679,2026-03-27,2026-04-07,-0.0035591495694504,2026,2025-12-31,learned_vol_interaction,20260911,0.43340188452247674,0.43340188452247674,0,0
weekly_state_ungated,3630,2026-01-09,2026-01-19,-0.0103697336282536,2026,2025-12-31,learned_vol_interaction,20260911,0.5419308229071979,0.5419308229071979,1,0
weekly_state_ungated,3635,2026-01-16,2026-01-26,-0.0010190267764643,2026,2025-12-31,learned_vol_interaction,20260911,0.5357337652448725,0.5357337652448725,1,0
weekly_state_ungated,3640,2026-01-23,2026-02-02,-0.0087161586128796,2026,2025-12-31,learned_vol_interaction,20260911,0.5371665022159147,0.5371665022159147,1,0
weekly_state_ungated,3645,2026-01-30,2026-02-09,0.0041482324550519,2026,2025-12-31,learned_vol_interaction,20260911,0.4536669400564477,0.4536669400564477,0,1
weekly_state_ungated,3650,2026-02-06,2026-02-24,0.0071649689901505,2026,2025-12-31,learned_vol_interaction,20260911,0.535655258471591,0.535655258471591,1,1
weekly_state_ungated,3655,2026-02-13,2026-03-02,-0.0097920588919678,2026,2025-12-31,learned_vol_interaction,20260911,0.5053590625088199,0.5053590625088199,1,0
weekly_state_ungated,3659,2026-02-27,2026-03-09,-0.0172526869201304,2026,2025-12-31,learned_vol_interaction,20260911,0.5322976681186429,0.5322976681186429,1,0
weekly_state_ungated,3664,2026-03-06,2026-03-16,0.0149926634422041,2026,2025-12-31,learned_vol_interaction,20260911,0.6174856955773433,0.6174856955773433,1,1
weekly_state_ungated,3669,2026-03-13,2026-03-23,-0.0364343509194254,2026,2025-12-31,learned_vol_interaction,20260911,0.44896092371547813,0.44896092371547813,0,0
weekly_state_ungated,3674,2026-03-20,2026-03-30,-0.0083038829988221,2026,2025-12-31,learned_vol_interaction,20260911,0.45425867209133697,0.45425867209133697,0,0
weekly_state_ungated,3679,2026-03-27,2026-04-07,-0.0035591495694504,2026,2025-12-31,learned_vol_interaction,20260911,0.43340188452247674,0.43340188452247674,0,0
weekly_global_validated,3630,2026-01-09,2026-01-19,-0.0103697336282536,2026,2025-12-31,learned_vol_interaction,20260911,0.5419308229071979,0.5419308229071979,1,0
weekly_global_validated,3635,2026-01-16,2026-01-26,-0.0010190267764643,2026,2025-12-31,learned_vol_interaction,20260911,0.5357337652448725,0.5357337652448725,1,0
weekly_global_validated,3640,2026-01-23,2026-02-02,-0.0087161586128796,2026,2025-12-31,learned_vol_interaction,20260911,0.5371665022159147,0.5371665022159147,1,0
weekly_global_validated,3645,2026-01-30,2026-02-09,0.0041482324550519,2026,2025-12-31,learned_vol_interaction,20260911,0.4536669400564477,0.4536669400564477,0,1
weekly_global_validated,3650,2026-02-06,2026-02-24,0.0071649689901505,2026,2025-12-31,learned_vol_interaction,20260911,0.535655258471591,0.535655258471591,1,1
weekly_global_validated,3655,2026-02-13,2026-03-02,-0.0097920588919678,2026,2025-12-31,learned_vol_interaction,20260911,0.5053590625088199,0.5053590625088199,1,0
weekly_global_validated,3659,2026-02-27,2026-03-09,-0.0172526869201304,2026,2025-12-31,learned_vol_interaction,20260911,0.5322976681186429,0.5322976681186429,1,0
weekly_global_validated,3664,2026-03-06,2026-03-16,0.0149926634422041,2026,2025-12-31,learned_vol_interaction,20260911,0.6174856955773433,0.6174856955773433,1,1
weekly_global_validated,3669,2026-03-13,2026-03-23,-0.0364343509194254,2026,2025-12-31,learned_vol_interaction,20260911,0.44896092371547813,0.44896092371547813,0,0
weekly_global_validated,3674,2026-03-20,2026-03-30,-0.0083038829988221,2026,2025-12-31,learned_vol_interaction,20260911,0.45425867209133697,0.45425867209133697,0,0
weekly_global_validated,3679,2026-03-27,2026-04-07,-0.0035591495694504,2026,2025-12-31,learned_vol_interaction,20260911,0.43340188452247674,0.43340188452247674,0,0
weekly_global_ungated,3630,2026-01-09,2026-01-19,-0.0103697336282536,2026,2025-12-31,learned_vol_interaction,20260911,0.5419308229071979,0.5419308229071979,1,0
weekly_global_ungated,3635,2026-01-16,2026-01-26,-0.0010190267764643,2026,2025-12-31,learned_vol_interaction,20260911,0.5357337652448725,0.5357337652448725,1,0
weekly_global_ungated,3640,2026-01-23,2026-02-02,-0.0087161586128796,2026,2025-12-31,learned_vol_interaction,20260911,0.5371665022159147,0.5371665022159147,1,0
weekly_global_ungated,3645,2026-01-30,2026-02-09,0.0041482324550519,2026,2025-12-31,learned_vol_interaction,20260911,0.4536669400564477,0.4536669400564477,0,1
weekly_global_ungated,3650,2026-02-06,2026-02-24,0.0071649689901505,2026,2025-12-31,learned_vol_interaction,20260911,0.535655258471591,0.535655258471591,1,1
weekly_global_ungated,3655,2026-02-13,2026-03-02,-0.0097920588919678,2026,2025-12-31,learned_vol_interaction,20260911,0.5053590625088199,0.5053590625088199,1,0
weekly_global_ungated,3659,2026-02-27,2026-03-09,-0.0172526869201304,2026,2025-12-31,learned_vol_interaction,20260911,0.5322976681186429,0.5322976681186429,1,0
weekly_global_ungated,3664,2026-03-06,2026-03-16,0.0149926634422041,2026,2025-12-31,learned_vol_interaction,20260911,0.6174856955773433,0.6174856955773433,1,1
weekly_global_ungated,3669,2026-03-13,2026-03-23,-0.0364343509194254,2026,2025-12-31,learned_vol_interaction,20260911,0.44896092371547813,0.44896092371547813,0,0
weekly_global_ungated,3674,2026-03-20,2026-03-30,-0.0083038829988221,2026,2025-12-31,learned_vol_interaction,20260911,0.45425867209133697,0.45425867209133697,0,0
weekly_global_ungated,3679,2026-03-27,2026-04-07,-0.0035591495694504,2026,2025-12-31,learned_vol_interaction,20260911,0.43340188452247674,0.43340188452247674,0,0
weekly_state_validated,3630,2026-01-09,2026-01-19,-0.0103697336282536,2026,2025-12-31,learned_vol_interaction,20260912,0.5113420632666249,0.5113420632666249,1,0
weekly_state_validated,3635,2026-01-16,2026-01-26,-0.0010190267764643,2026,2025-12-31,learned_vol_interaction,20260912,0.5720485316988371,0.5720485316988371,1,0
weekly_state_validated,3640,2026-01-23,2026-02-02,-0.0087161586128796,2026,2025-12-31,learned_vol_interaction,20260912,0.46450523759698337,0.46450523759698337,0,0
weekly_state_validated,3645,2026-01-30,2026-02-09,0.0041482324550519,2026,2025-12-31,learned_vol_interaction,20260912,0.5055364466448413,0.5055364466448413,1,1
weekly_state_validated,3650,2026-02-06,2026-02-24,0.0071649689901505,2026,2025-12-31,learned_vol_interaction,20260912,0.42116451389141074,0.42116451389141074,0,1
weekly_state_validated,3655,2026-02-13,2026-03-02,-0.0097920588919678,2026,2025-12-31,learned_vol_interaction,20260912,0.4216952789502379,0.4216952789502379,0,0
weekly_state_validated,3659,2026-02-27,2026-03-09,-0.0172526869201304,2026,2025-12-31,learned_vol_interaction,20260912,0.46280074037648433,0.46280074037648433,0,0
weekly_state_validated,3664,2026-03-06,2026-03-16,0.0149926634422041,2026,2025-12-31,learned_vol_interaction,20260912,0.4454734654507731,0.4454734654507731,0,1
weekly_state_validated,3669,2026-03-13,2026-03-23,-0.0364343509194254,2026,2025-12-31,learned_vol_interaction,20260912,0.5162800418391823,0.5162800418391823,1,0
weekly_state_validated,3674,2026-03-20,2026-03-30,-0.0083038829988221,2026,2025-12-31,learned_vol_interaction,20260912,0.44815597826032155,0.44815597826032155,0,0
weekly_state_validated,3679,2026-03-27,2026-04-07,-0.0035591495694504,2026,2025-12-31,learned_vol_interaction,20260912,0.41145491799092687,0.41145491799092687,0,0
weekly_state_ungated,3630,2026-01-09,2026-01-19,-0.0103697336282536,2026,2025-12-31,learned_vol_interaction,20260912,0.5113420632666249,0.5113420632666249,1,0
weekly_state_ungated,3635,2026-01-16,2026-01-26,-0.0010190267764643,2026,2025-12-31,learned_vol_interaction,20260912,0.5720485316988371,0.5720485316988371,1,0
weekly_state_ungated,3640,2026-01-23,2026-02-02,-0.0087161586128796,2026,2025-12-31,learned_vol_interaction,20260912,0.46450523759698337,0.46450523759698337,0,0
weekly_state_ungated,3645,2026-01-30,2026-02-09,0.0041482324550519,2026,2025-12-31,learned_vol_interaction,20260912,0.5055364466448413,0.5055364466448413,1,1
weekly_state_ungated,3650,2026-02-06,2026-02-24,0.0071649689901505,2026,2025-12-31,learned_vol_interaction,20260912,0.42116451389141074,0.42116451389141074,0,1
weekly_state_ungated,3655,2026-02-13,2026-03-02,-0.0097920588919678,2026,2025-12-31,learned_vol_interaction,20260912,0.4216952789502379,0.4216952789502379,0,0
weekly_state_ungated,3659,2026-02-27,2026-03-09,-0.0172526869201304,2026,2025-12-31,learned_vol_interaction,20260912,0.46280074037648433,0.46280074037648433,0,0
weekly_state_ungated,3664,2026-03-06,2026-03-16,0.0149926634422041,2026,2025-12-31,learned_vol_interaction,20260912,0.4454734654507731,0.4454734654507731,0,1
weekly_state_ungated,3669,2026-03-13,2026-03-23,-0.0364343509194254,2026,2025-12-31,learned_vol_interaction,20260912,0.5162800418391823,0.5162800418391823,1,0
weekly_state_ungated,3674,2026-03-20,2026-03-30,-0.0083038829988221,2026,2025-12-31,learned_vol_interaction,20260912,0.44815597826032155,0.44815597826032155,0,0
weekly_state_ungated,3679,2026-03-27,2026-04-07,-0.0035591495694504,2026,2025-12-31,learned_vol_interaction,20260912,0.41145491799092687,0.41145491799092687,0,0
weekly_global_validated,3630,2026-01-09,2026-01-19,-0.0103697336282536,2026,2025-12-31,learned_vol_interaction,20260912,0.5113420632666249,0.5113420632666249,1,0
weekly_global_validated,3635,2026-01-16,2026-01-26,-0.0010190267764643,2026,2025-12-31,learned_vol_interaction,20260912,0.5720485316988371,0.5720485316988371,1,0
weekly_global_validated,3640,2026-01-23,2026-02-02,-0.0087161586128796,2026,2025-12-31,learned_vol_interaction,20260912,0.46450523759698337,0.46450523759698337,0,0
weekly_global_validated,3645,2026-01-30,2026-02-09,0.0041482324550519,2026,2025-12-31,learned_vol_interaction,20260912,0.5055364466448413,0.5055364466448413,1,1
weekly_global_validated,3650,2026-02-06,2026-02-24,0.0071649689901505,2026,2025-12-31,learned_vol_interaction,20260912,0.42116451389141074,0.42116451389141074,0,1
weekly_global_validated,3655,2026-02-13,2026-03-02,-0.0097920588919678,2026,2025-12-31,learned_vol_interaction,20260912,0.4216952789502379,0.4216952789502379,0,0
weekly_global_validated,3659,2026-02-27,2026-03-09,-0.0172526869201304,2026,2025-12-31,learned_vol_interaction,20260912,0.46280074037648433,0.46280074037648433,0,0
weekly_global_validated,3664,2026-03-06,2026-03-16,0.0149926634422041,2026,2025-12-31,learned_vol_interaction,20260912,0.4454734654507731,0.4454734654507731,0,1
weekly_global_validated,3669,2026-03-13,2026-03-23,-0.0364343509194254,2026,2025-12-31,learned_vol_interaction,20260912,0.5162800418391823,0.5162800418391823,1,0
weekly_global_validated,3674,2026-03-20,2026-03-30,-0.0083038829988221,2026,2025-12-31,learned_vol_interaction,20260912,0.44815597826032155,0.44815597826032155,0,0
weekly_global_validated,3679,2026-03-27,2026-04-07,-0.0035591495694504,2026,2025-12-31,learned_vol_interaction,20260912,0.41145491799092687,0.41145491799092687,0,0
weekly_global_ungated,3630,2026-01-09,2026-01-19,-0.0103697336282536,2026,2025-12-31,learned_vol_interaction,20260912,0.5113420632666249,0.5113420632666249,1,0
weekly_global_ungated,3635,2026-01-16,2026-01-26,-0.0010190267764643,2026,2025-12-31,learned_vol_interaction,20260912,0.5720485316988371,0.5720485316988371,1,0
weekly_global_ungated,3640,2026-01-23,2026-02-02,-0.0087161586128796,2026,2025-12-31,learned_vol_interaction,20260912,0.46450523759698337,0.46450523759698337,0,0
weekly_global_ungated,3645,2026-01-30,2026-02-09,0.0041482324550519,2026,2025-12-31,learned_vol_interaction,20260912,0.5055364466448413,0.5055364466448413,1,1
weekly_global_ungated,3650,2026-02-06,2026-02-24,0.0071649689901505,2026,2025-12-31,learned_vol_interaction,20260912,0.42116451389141074,0.42116451389141074,0,1
weekly_global_ungated,3655,2026-02-13,2026-03-02,-0.0097920588919678,2026,2025-12-31,learned_vol_interaction,20260912,0.4216952789502379,0.4216952789502379,0,0
weekly_global_ungated,3659,2026-02-27,2026-03-09,-0.0172526869201304,2026,2025-12-31,learned_vol_interaction,20260912,0.46280074037648433,0.46280074037648433,0,0
weekly_global_ungated,3664,2026-03-06,2026-03-16,0.0149926634422041,2026,2025-12-31,learned_vol_interaction,20260912,0.4454734654507731,0.4454734654507731,0,1
weekly_global_ungated,3669,2026-03-13,2026-03-23,-0.0364343509194254,2026,2025-12-31,learned_vol_interaction,20260912,0.5162800418391823,0.5162800418391823,1,0
weekly_global_ungated,3674,2026-03-20,2026-03-30,-0.0083038829988221,2026,2025-12-31,learned_vol_interaction,20260912,0.44815597826032155,0.44815597826032155,0,0
weekly_global_ungated,3679,2026-03-27,2026-04-07,-0.0035591495694504,2026,2025-12-31,learned_vol_interaction,20260912,0.41145491799092687,0.41145491799092687,0,0
weekly_state_validated,3630,2026-01-09,2026-01-19,-0.0103697336282536,2026,2025-12-31,learned_order_extension,20260910,0.5118603699776423,0.5118603699776423,1,0
weekly_state_validated,3635,2026-01-16,2026-01-26,-0.0010190267764643,2026,2025-12-31,learned_order_extension,20260910,0.5121161981098539,0.5121161981098539,1,0
weekly_state_validated,3640,2026-01-23,2026-02-02,-0.0087161586128796,2026,2025-12-31,learned_order_extension,20260910,0.2938325386236829,0.2938325386236829,0,0
weekly_state_validated,3645,2026-01-30,2026-02-09,0.0041482324550519,2026,2025-12-31,learned_order_extension,20260910,0.43621861720931454,0.43621861720931454,0,1
weekly_state_validated,3650,2026-02-06,2026-02-24,0.0071649689901505,2026,2025-12-31,learned_order_extension,20260910,0.5517322930511716,0.5517322930511716,1,1
weekly_state_validated,3655,2026-02-13,2026-03-02,-0.0097920588919678,2026,2025-12-31,learned_order_extension,20260910,0.4214021419664105,0.4214021419664105,0,0
weekly_state_validated,3659,2026-02-27,2026-03-09,-0.0172526869201304,2026,2025-12-31,learned_order_extension,20260910,0.5148692090014166,0.5148692090014166,1,0
weekly_state_validated,3664,2026-03-06,2026-03-16,0.0149926634422041,2026,2025-12-31,learned_order_extension,20260910,0.43198850893548346,0.43198850893548346,0,1
weekly_state_validated,3669,2026-03-13,2026-03-23,-0.0364343509194254,2026,2025-12-31,learned_order_extension,20260910,0.42629911883001154,0.42629911883001154,0,0
weekly_state_validated,3674,2026-03-20,2026-03-30,-0.0083038829988221,2026,2025-12-31,learned_order_extension,20260910,0.4749564207401761,0.4749564207401761,0,0
weekly_state_validated,3679,2026-03-27,2026-04-07,-0.0035591495694504,2026,2025-12-31,learned_order_extension,20260910,0.5307522668879032,0.5307522668879032,1,0
weekly_state_ungated,3630,2026-01-09,2026-01-19,-0.0103697336282536,2026,2025-12-31,learned_order_extension,20260910,0.5118603699776423,0.5118603699776423,1,0
weekly_state_ungated,3635,2026-01-16,2026-01-26,-0.0010190267764643,2026,2025-12-31,learned_order_extension,20260910,0.5121161981098539,0.5121161981098539,1,0
weekly_state_ungated,3640,2026-01-23,2026-02-02,-0.0087161586128796,2026,2025-12-31,learned_order_extension,20260910,0.2938325386236829,0.2938325386236829,0,0
weekly_state_ungated,3645,2026-01-30,2026-02-09,0.0041482324550519,2026,2025-12-31,learned_order_extension,20260910,0.43621861720931454,0.43621861720931454,0,1
weekly_state_ungated,3650,2026-02-06,2026-02-24,0.0071649689901505,2026,2025-12-31,learned_order_extension,20260910,0.5517322930511716,0.5517322930511716,1,1
weekly_state_ungated,3655,2026-02-13,2026-03-02,-0.0097920588919678,2026,2025-12-31,learned_order_extension,20260910,0.4214021419664105,0.4214021419664105,0,0
weekly_state_ungated,3659,2026-02-27,2026-03-09,-0.0172526869201304,2026,2025-12-31,learned_order_extension,20260910,0.5148692090014166,0.5148692090014166,1,0
weekly_state_ungated,3664,2026-03-06,2026-03-16,0.0149926634422041,2026,2025-12-31,learned_order_extension,20260910,0.43198850893548346,0.43198850893548346,0,1
weekly_state_ungated,3669,2026-03-13,2026-03-23,-0.0364343509194254,2026,2025-12-31,learned_order_extension,20260910,0.42629911883001154,0.42629911883001154,0,0
weekly_state_ungated,3674,2026-03-20,2026-03-30,-0.0083038829988221,2026,2025-12-31,learned_order_extension,20260910,0.4749564207401761,0.4749564207401761,0,0
weekly_state_ungated,3679,2026-03-27,2026-04-07,-0.0035591495694504,2026,2025-12-31,learned_order_extension,20260910,0.5307522668879032,0.5307522668879032,1,0
weekly_global_validated,3630,2026-01-09,2026-01-19,-0.0103697336282536,2026,2025-12-31,learned_order_extension,20260910,0.5118603699776423,0.5118603699776423,1,0
weekly_global_validated,3635,2026-01-16,2026-01-26,-0.0010190267764643,2026,2025-12-31,learned_order_extension,20260910,0.5121161981098539,0.5121161981098539,1,0
weekly_global_validated,3640,2026-01-23,2026-02-02,-0.0087161586128796,2026,2025-12-31,learned_order_extension,20260910,0.2938325386236829,0.2938325386236829,0,0
weekly_global_validated,3645,2026-01-30,2026-02-09,0.0041482324550519,2026,2025-12-31,learned_order_extension,20260910,0.43621861720931454,0.43621861720931454,0,1
weekly_global_validated,3650,2026-02-06,2026-02-24,0.0071649689901505,2026,2025-12-31,learned_order_extension,20260910,0.5517322930511716,0.5517322930511716,1,1
weekly_global_validated,3655,2026-02-13,2026-03-02,-0.0097920588919678,2026,2025-12-31,learned_order_extension,20260910,0.4214021419664105,0.4214021419664105,0,0
weekly_global_validated,3659,2026-02-27,2026-03-09,-0.0172526869201304,2026,2025-12-31,learned_order_extension,20260910,0.5148692090014166,0.5148692090014166,1,0
weekly_global_validated,3664,2026-03-06,2026-03-16,0.0149926634422041,2026,2025-12-31,learned_order_extension,20260910,0.43198850893548346,0.43198850893548346,0,1
weekly_global_validated,3669,2026-03-13,2026-03-23,-0.0364343509194254,2026,2025-12-31,learned_order_extension,20260910,0.42629911883001154,0.42629911883001154,0,0
weekly_global_validated,3674,2026-03-20,2026-03-30,-0.0083038829988221,2026,2025-12-31,learned_order_extension,20260910,0.4749564207401761,0.4749564207401761,0,0
weekly_global_validated,3679,2026-03-27,2026-04-07,-0.0035591495694504,2026,2025-12-31,learned_order_extension,20260910,0.5307522668879032,0.5307522668879032,1,0
weekly_global_ungated,3630,2026-01-09,2026-01-19,-0.0103697336282536,2026,2025-12-31,learned_order_extension,20260910,0.5118603699776423,0.5118603699776423,1,0
weekly_global_ungated,3635,2026-01-16,2026-01-26,-0.0010190267764643,2026,2025-12-31,learned_order_extension,20260910,0.5121161981098539,0.5121161981098539,1,0
weekly_global_ungated,3640,2026-01-23,2026-02-02,-0.0087161586128796,2026,2025-12-31,learned_order_extension,20260910,0.2938325386236829,0.2938325386236829,0,0
weekly_global_ungated,3645,2026-01-30,2026-02-09,0.0041482324550519,2026,2025-12-31,learned_order_extension,20260910,0.43621861720931454,0.43621861720931454,0,1
weekly_global_ungated,3650,2026-02-06,2026-02-24,0.0071649689901505,2026,2025-12-31,learned_order_extension,20260910,0.5517322930511716,0.5517322930511716,1,1
weekly_global_ungated,3655,2026-02-13,2026-03-02,-0.0097920588919678,2026,2025-12-31,learned_order_extension,20260910,0.4214021419664105,0.4214021419664105,0,0
weekly_global_ungated,3659,2026-02-27,2026-03-09,-0.0172526869201304,2026,2025-12-31,learned_order_extension,20260910,0.5148692090014166,0.5148692090014166,1,0
weekly_global_ungated,3664,2026-03-06,2026-03-16,0.0149926634422041,2026,2025-12-31,learned_order_extension,20260910,0.43198850893548346,0.43198850893548346,0,1
weekly_global_ungated,3669,2026-03-13,2026-03-23,-0.0364343509194254,2026,2025-12-31,learned_order_extension,20260910,0.42629911883001154,0.42629911883001154,0,0
weekly_global_ungated,3674,2026-03-20,2026-03-30,-0.0083038829988221,2026,2025-12-31,learned_order_extension,20260910,0.4749564207401761,0.4749564207401761,0,0
weekly_global_ungated,3679,2026-03-27,2026-04-07,-0.0035591495694504,2026,2025-12-31,learned_order_extension,20260910,0.5307522668879032,0.5307522668879032,1,0
weekly_state_validated,3630,2026-01-09,2026-01-19,-0.0103697336282536,2026,2025-12-31,learned_order_extension,20260911,0.5459060256811782,0.5459060256811782,1,0
weekly_state_validated,3635,2026-01-16,2026-01-26,-0.0010190267764643,2026,2025-12-31,learned_order_extension,20260911,0.5315584772037104,0.5315584772037104,1,0
weekly_state_validated,3640,2026-01-23,2026-02-02,-0.0087161586128796,2026,2025-12-31,learned_order_extension,20260911,0.5380779045961513,0.5380779045961513,1,0
weekly_state_validated,3645,2026-01-30,2026-02-09,0.0041482324550519,2026,2025-12-31,learned_order_extension,20260911,0.43274829616923166,0.43274829616923166,0,1
weekly_state_validated,3650,2026-02-06,2026-02-24,0.0071649689901505,2026,2025-12-31,learned_order_extension,20260911,0.5358238036456818,0.5358238036456818,1,1
weekly_state_validated,3655,2026-02-13,2026-03-02,-0.0097920588919678,2026,2025-12-31,learned_order_extension,20260911,0.5188075700840837,0.5188075700840837,1,0
weekly_state_validated,3659,2026-02-27,2026-03-09,-0.0172526869201304,2026,2025-12-31,learned_order_extension,20260911,0.5395237482049954,0.5395237482049954,1,0
weekly_state_validated,3664,2026-03-06,2026-03-16,0.0149926634422041,2026,2025-12-31,learned_order_extension,20260911,0.6721134681647395,0.6721134681647395,1,1
weekly_state_validated,3669,2026-03-13,2026-03-23,-0.0364343509194254,2026,2025-12-31,learned_order_extension,20260911,0.44254310728173424,0.44254310728173424,0,0
weekly_state_validated,3674,2026-03-20,2026-03-30,-0.0083038829988221,2026,2025-12-31,learned_order_extension,20260911,0.4378410999680901,0.4378410999680901,0,0
weekly_state_validated,3679,2026-03-27,2026-04-07,-0.0035591495694504,2026,2025-12-31,learned_order_extension,20260911,0.4159760364157841,0.4159760364157841,0,0
weekly_state_ungated,3630,2026-01-09,2026-01-19,-0.0103697336282536,2026,2025-12-31,learned_order_extension,20260911,0.5459060256811782,0.5459060256811782,1,0
weekly_state_ungated,3635,2026-01-16,2026-01-26,-0.0010190267764643,2026,2025-12-31,learned_order_extension,20260911,0.5315584772037104,0.5315584772037104,1,0
weekly_state_ungated,3640,2026-01-23,2026-02-02,-0.0087161586128796,2026,2025-12-31,learned_order_extension,20260911,0.5380779045961513,0.5380779045961513,1,0
weekly_state_ungated,3645,2026-01-30,2026-02-09,0.0041482324550519,2026,2025-12-31,learned_order_extension,20260911,0.43274829616923166,0.43274829616923166,0,1
weekly_state_ungated,3650,2026-02-06,2026-02-24,0.0071649689901505,2026,2025-12-31,learned_order_extension,20260911,0.5358238036456818,0.5358238036456818,1,1
weekly_state_ungated,3655,2026-02-13,2026-03-02,-0.0097920588919678,2026,2025-12-31,learned_order_extension,20260911,0.5188075700840837,0.5188075700840837,1,0
weekly_state_ungated,3659,2026-02-27,2026-03-09,-0.0172526869201304,2026,2025-12-31,learned_order_extension,20260911,0.5395237482049954,0.5395237482049954,1,0
weekly_state_ungated,3664,2026-03-06,2026-03-16,0.0149926634422041,2026,2025-12-31,learned_order_extension,20260911,0.6721134681647395,0.6721134681647395,1,1
weekly_state_ungated,3669,2026-03-13,2026-03-23,-0.0364343509194254,2026,2025-12-31,learned_order_extension,20260911,0.44254310728173424,0.44254310728173424,0,0
weekly_state_ungated,3674,2026-03-20,2026-03-30,-0.0083038829988221,2026,2025-12-31,learned_order_extension,20260911,0.4378410999680901,0.4378410999680901,0,0
weekly_state_ungated,3679,2026-03-27,2026-04-07,-0.0035591495694504,2026,2025-12-31,learned_order_extension,20260911,0.4159760364157841,0.4159760364157841,0,0
weekly_global_validated,3630,2026-01-09,2026-01-19,-0.0103697336282536,2026,2025-12-31,learned_order_extension,20260911,0.5459060256811782,0.5459060256811782,1,0
weekly_global_validated,3635,2026-01-16,2026-01-26,-0.0010190267764643,2026,2025-12-31,learned_order_extension,20260911,0.5315584772037104,0.5315584772037104,1,0
weekly_global_validated,3640,2026-01-23,2026-02-02,-0.0087161586128796,2026,2025-12-31,learned_order_extension,20260911,0.5380779045961513,0.5380779045961513,1,0
weekly_global_validated,3645,2026-01-30,2026-02-09,0.0041482324550519,2026,2025-12-31,learned_order_extension,20260911,0.43274829616923166,0.43274829616923166,0,1
weekly_global_validated,3650,2026-02-06,2026-02-24,0.0071649689901505,2026,2025-12-31,learned_order_extension,20260911,0.5358238036456818,0.5358238036456818,1,1
weekly_global_validated,3655,2026-02-13,2026-03-02,-0.0097920588919678,2026,2025-12-31,learned_order_extension,20260911,0.5188075700840837,0.5188075700840837,1,0
weekly_global_validated,3659,2026-02-27,2026-03-09,-0.0172526869201304,2026,2025-12-31,learned_order_extension,20260911,0.5395237482049954,0.5395237482049954,1,0
weekly_global_validated,3664,2026-03-06,2026-03-16,0.0149926634422041,2026,2025-12-31,learned_order_extension,20260911,0.6721134681647395,0.6721134681647395,1,1
weekly_global_validated,3669,2026-03-13,2026-03-23,-0.0364343509194254,2026,2025-12-31,learned_order_extension,20260911,0.44254310728173424,0.44254310728173424,0,0
weekly_global_validated,3674,2026-03-20,2026-03-30,-0.0083038829988221,2026,2025-12-31,learned_order_extension,20260911,0.4378410999680901,0.4378410999680901,0,0
weekly_global_validated,3679,2026-03-27,2026-04-07,-0.0035591495694504,2026,2025-12-31,learned_order_extension,20260911,0.4159760364157841,0.4159760364157841,0,0
weekly_global_ungated,3630,2026-01-09,2026-01-19,-0.0103697336282536,2026,2025-12-31,learned_order_extension,20260911,0.5459060256811782,0.5459060256811782,1,0
weekly_global_ungated,3635,2026-01-16,2026-01-26,-0.0010190267764643,2026,2025-12-31,learned_order_extension,20260911,0.5315584772037104,0.5315584772037104,1,0
weekly_global_ungated,3640,2026-01-23,2026-02-02,-0.0087161586128796,2026,2025-12-31,learned_order_extension,20260911,0.5380779045961513,0.5380779045961513,1,0
weekly_global_ungated,3645,2026-01-30,2026-02-09,0.0041482324550519,2026,2025-12-31,learned_order_extension,20260911,0.43274829616923166,0.43274829616923166,0,1
weekly_global_ungated,3650,2026-02-06,2026-02-24,0.0071649689901505,2026,2025-12-31,learned_order_extension,20260911,0.5358238036456818,0.5358238036456818,1,1
weekly_global_ungated,3655,2026-02-13,2026-03-02,-0.0097920588919678,2026,2025-12-31,learned_order_extension,20260911,0.5188075700840837,0.5188075700840837,1,0
weekly_global_ungated,3659,2026-02-27,2026-03-09,-0.0172526869201304,2026,2025-12-31,learned_order_extension,20260911,0.5395237482049954,0.5395237482049954,1,0
weekly_global_ungated,3664,2026-03-06,2026-03-16,0.0149926634422041,2026,2025-12-31,learned_order_extension,20260911,0.6721134681647395,0.6721134681647395,1,1
weekly_global_ungated,3669,2026-03-13,2026-03-23,-0.0364343509194254,2026,2025-12-31,learned_order_extension,20260911,0.44254310728173424,0.44254310728173424,0,0
weekly_global_ungated,3674,2026-03-20,2026-03-30,-0.0083038829988221,2026,2025-12-31,learned_order_extension,20260911,0.4378410999680901,0.4378410999680901,0,0
weekly_global_ungated,3679,2026-03-27,2026-04-07,-0.0035591495694504,2026,2025-12-31,learned_order_extension,20260911,0.4159760364157841,0.4159760364157841,0,0
weekly_state_validated,3630,2026-01-09,2026-01-19,-0.0103697336282536,2026,2025-12-31,learned_order_extension,20260912,0.5234527600872158,0.5234527600872158,1,0
weekly_state_validated,3635,2026-01-16,2026-01-26,-0.0010190267764643,2026,2025-12-31,learned_order_extension,20260912,0.5847075352595175,0.5847075352595175,1,0
weekly_state_validated,3640,2026-01-23,2026-02-02,-0.0087161586128796,2026,2025-12-31,learned_order_extension,20260912,0.4700767353741261,0.4700767353741261,0,0
weekly_state_validated,3645,2026-01-30,2026-02-09,0.0041482324550519,2026,2025-12-31,learned_order_extension,20260912,0.5148835278265028,0.5148835278265028,1,1
weekly_state_validated,3650,2026-02-06,2026-02-24,0.0071649689901505,2026,2025-12-31,learned_order_extension,20260912,0.4220765070574473,0.4220765070574473,0,1
weekly_state_validated,3655,2026-02-13,2026-03-02,-0.0097920588919678,2026,2025-12-31,learned_order_extension,20260912,0.41397752179190594,0.41397752179190594,0,0
weekly_state_validated,3659,2026-02-27,2026-03-09,-0.0172526869201304,2026,2025-12-31,learned_order_extension,20260912,0.45946498078572456,0.45946498078572456,0,0
weekly_state_validated,3664,2026-03-06,2026-03-16,0.0149926634422041,2026,2025-12-31,learned_order_extension,20260912,0.44635455978232025,0.44635455978232025,0,1
weekly_state_validated,3669,2026-03-13,2026-03-23,-0.0364343509194254,2026,2025-12-31,learned_order_extension,20260912,0.5383866937008707,0.5383866937008707,1,0
weekly_state_validated,3674,2026-03-20,2026-03-30,-0.0083038829988221,2026,2025-12-31,learned_order_extension,20260912,0.43243079892634145,0.43243079892634145,0,0
weekly_state_validated,3679,2026-03-27,2026-04-07,-0.0035591495694504,2026,2025-12-31,learned_order_extension,20260912,0.3847558274890985,0.3847558274890985,0,0
weekly_state_ungated,3630,2026-01-09,2026-01-19,-0.0103697336282536,2026,2025-12-31,learned_order_extension,20260912,0.5234527600872158,0.5234527600872158,1,0
weekly_state_ungated,3635,2026-01-16,2026-01-26,-0.0010190267764643,2026,2025-12-31,learned_order_extension,20260912,0.5847075352595175,0.5847075352595175,1,0
weekly_state_ungated,3640,2026-01-23,2026-02-02,-0.0087161586128796,2026,2025-12-31,learned_order_extension,20260912,0.4700767353741261,0.4700767353741261,0,0
weekly_state_ungated,3645,2026-01-30,2026-02-09,0.0041482324550519,2026,2025-12-31,learned_order_extension,20260912,0.5148835278265028,0.5148835278265028,1,1
weekly_state_ungated,3650,2026-02-06,2026-02-24,0.0071649689901505,2026,2025-12-31,learned_order_extension,20260912,0.4220765070574473,0.4220765070574473,0,1
weekly_state_ungated,3655,2026-02-13,2026-03-02,-0.0097920588919678,2026,2025-12-31,learned_order_extension,20260912,0.41397752179190594,0.41397752179190594,0,0
weekly_state_ungated,3659,2026-02-27,2026-03-09,-0.0172526869201304,2026,2025-12-31,learned_order_extension,20260912,0.45946498078572456,0.45946498078572456,0,0
weekly_state_ungated,3664,2026-03-06,2026-03-16,0.0149926634422041,2026,2025-12-31,learned_order_extension,20260912,0.44635455978232025,0.44635455978232025,0,1
weekly_state_ungated,3669,2026-03-13,2026-03-23,-0.0364343509194254,2026,2025-12-31,learned_order_extension,20260912,0.5383866937008707,0.5383866937008707,1,0
weekly_state_ungated,3674,2026-03-20,2026-03-30,-0.0083038829988221,2026,2025-12-31,learned_order_extension,20260912,0.43243079892634145,0.43243079892634145,0,0
weekly_state_ungated,3679,2026-03-27,2026-04-07,-0.0035591495694504,2026,2025-12-31,learned_order_extension,20260912,0.3847558274890985,0.3847558274890985,0,0
weekly_global_validated,3630,2026-01-09,2026-01-19,-0.0103697336282536,2026,2025-12-31,learned_order_extension,20260912,0.5234527600872158,0.5234527600872158,1,0
weekly_global_validated,3635,2026-01-16,2026-01-26,-0.0010190267764643,2026,2025-12-31,learned_order_extension,20260912,0.5847075352595175,0.5847075352595175,1,0
weekly_global_validated,3640,2026-01-23,2026-02-02,-0.0087161586128796,2026,2025-12-31,learned_order_extension,20260912,0.4700767353741261,0.4700767353741261,0,0
weekly_global_validated,3645,2026-01-30,2026-02-09,0.0041482324550519,2026,2025-12-31,learned_order_extension,20260912,0.5148835278265028,0.5148835278265028,1,1
weekly_global_validated,3650,2026-02-06,2026-02-24,0.0071649689901505,2026,2025-12-31,learned_order_extension,20260912,0.4220765070574473,0.4220765070574473,0,1
weekly_global_validated,3655,2026-02-13,2026-03-02,-0.0097920588919678,2026,2025-12-31,learned_order_extension,20260912,0.41397752179190594,0.41397752179190594,0,0
weekly_global_validated,3659,2026-02-27,2026-03-09,-0.0172526869201304,2026,2025-12-31,learned_order_extension,20260912,0.45946498078572456,0.45946498078572456,0,0
weekly_global_validated,3664,2026-03-06,2026-03-16,0.0149926634422041,2026,2025-12-31,learned_order_extension,20260912,0.44635455978232025,0.44635455978232025,0,1
weekly_global_validated,3669,2026-03-13,2026-03-23,-0.0364343509194254,2026,2025-12-31,learned_order_extension,20260912,0.5383866937008707,0.5383866937008707,1,0
weekly_global_validated,3674,2026-03-20,2026-03-30,-0.0083038829988221,2026,2025-12-31,learned_order_extension,20260912,0.43243079892634145,0.43243079892634145,0,0
weekly_global_validated,3679,2026-03-27,2026-04-07,-0.0035591495694504,2026,2025-12-31,learned_order_extension,20260912,0.3847558274890985,0.3847558274890985,0,0
weekly_global_ungated,3630,2026-01-09,2026-01-19,-0.0103697336282536,2026,2025-12-31,learned_order_extension,20260912,0.5234527600872158,0.5234527600872158,1,0
weekly_global_ungated,3635,2026-01-16,2026-01-26,-0.0010190267764643,2026,2025-12-31,learned_order_extension,20260912,0.5847075352595175,0.5847075352595175,1,0
weekly_global_ungated,3640,2026-01-23,2026-02-02,-0.0087161586128796,2026,2025-12-31,learned_order_extension,20260912,0.4700767353741261,0.4700767353741261,0,0
weekly_global_ungated,3645,2026-01-30,2026-02-09,0.0041482324550519,2026,2025-12-31,learned_order_extension,20260912,0.5148835278265028,0.5148835278265028,1,1
weekly_global_ungated,3650,2026-02-06,2026-02-24,0.0071649689901505,2026,2025-12-31,learned_order_extension,20260912,0.4220765070574473,0.4220765070574473,0,1
weekly_global_ungated,3655,2026-02-13,2026-03-02,-0.0097920588919678,2026,2025-12-31,learned_order_extension,20260912,0.41397752179190594,0.41397752179190594,0,0
weekly_global_ungated,3659,2026-02-27,2026-03-09,-0.0172526869201304,2026,2025-12-31,learned_order_extension,20260912,0.45946498078572456,0.45946498078572456,0,0
weekly_global_ungated,3664,2026-03-06,2026-03-16,0.0149926634422041,2026,2025-12-31,learned_order_extension,20260912,0.44635455978232025,0.44635455978232025,0,1
weekly_global_ungated,3669,2026-03-13,2026-03-23,-0.0364343509194254,2026,2025-12-31,learned_order_extension,20260912,0.5383866937008707,0.5383866937008707,1,0
weekly_global_ungated,3674,2026-03-20,2026-03-30,-0.0083038829988221,2026,2025-12-31,learned_order_extension,20260912,0.43243079892634145,0.43243079892634145,0,0
weekly_global_ungated,3679,2026-03-27,2026-04-07,-0.0035591495694504,2026,2025-12-31,learned_order_extension,20260912,0.3847558274890985,0.3847558274890985,0,0
weekly_state_validated,3630,2026-01-09,2026-01-19,-0.0103697336282536,2026,2025-12-31,learned_order_offset,20260910,0.5108025931769093,0.5108025931769093,1,0
weekly_state_validated,3635,2026-01-16,2026-01-26,-0.0010190267764643,2026,2025-12-31,learned_order_offset,20260910,0.5113982623384066,0.5113982623384066,1,0
weekly_state_validated,3640,2026-01-23,2026-02-02,-0.0087161586128796,2026,2025-12-31,learned_order_offset,20260910,0.2944555803643879,0.2944555803643879,0,0
weekly_state_validated,3645,2026-01-30,2026-02-09,0.0041482324550519,2026,2025-12-31,learned_order_offset,20260910,0.43663121014690576,0.43663121014690576,0,1
weekly_state_validated,3650,2026-02-06,2026-02-24,0.0071649689901505,2026,2025-12-31,learned_order_offset,20260910,0.5521384139661094,0.5521384139661094,1,1
weekly_state_validated,3655,2026-02-13,2026-03-02,-0.0097920588919678,2026,2025-12-31,learned_order_offset,20260910,0.42280069136931375,0.42280069136931375,0,0
weekly_state_validated,3659,2026-02-27,2026-03-09,-0.0172526869201304,2026,2025-12-31,learned_order_offset,20260910,0.5153156845902671,0.5153156845902671,1,0
weekly_state_validated,3664,2026-03-06,2026-03-16,0.0149926634422041,2026,2025-12-31,learned_order_offset,20260910,0.43177972341367155,0.43177972341367155,0,1
weekly_state_validated,3669,2026-03-13,2026-03-23,-0.0364343509194254,2026,2025-12-31,learned_order_offset,20260910,0.4256062271162684,0.4256062271162684,0,0
weekly_state_validated,3674,2026-03-20,2026-03-30,-0.0083038829988221,2026,2025-12-31,learned_order_offset,20260910,0.47357009046646403,0.47357009046646403,0,0
weekly_state_validated,3679,2026-03-27,2026-04-07,-0.0035591495694504,2026,2025-12-31,learned_order_offset,20260910,0.5299745221118999,0.5299745221118999,1,0
weekly_state_ungated,3630,2026-01-09,2026-01-19,-0.0103697336282536,2026,2025-12-31,learned_order_offset,20260910,0.5108025931769093,0.5108025931769093,1,0
weekly_state_ungated,3635,2026-01-16,2026-01-26,-0.0010190267764643,2026,2025-12-31,learned_order_offset,20260910,0.5113982623384066,0.5113982623384066,1,0
weekly_state_ungated,3640,2026-01-23,2026-02-02,-0.0087161586128796,2026,2025-12-31,learned_order_offset,20260910,0.2944555803643879,0.2944555803643879,0,0
weekly_state_ungated,3645,2026-01-30,2026-02-09,0.0041482324550519,2026,2025-12-31,learned_order_offset,20260910,0.43663121014690576,0.43663121014690576,0,1
weekly_state_ungated,3650,2026-02-06,2026-02-24,0.0071649689901505,2026,2025-12-31,learned_order_offset,20260910,0.5521384139661094,0.5521384139661094,1,1
weekly_state_ungated,3655,2026-02-13,2026-03-02,-0.0097920588919678,2026,2025-12-31,learned_order_offset,20260910,0.42280069136931375,0.42280069136931375,0,0
weekly_state_ungated,3659,2026-02-27,2026-03-09,-0.0172526869201304,2026,2025-12-31,learned_order_offset,20260910,0.5153156845902671,0.5153156845902671,1,0
weekly_state_ungated,3664,2026-03-06,2026-03-16,0.0149926634422041,2026,2025-12-31,learned_order_offset,20260910,0.43177972341367155,0.43177972341367155,0,1
weekly_state_ungated,3669,2026-03-13,2026-03-23,-0.0364343509194254,2026,2025-12-31,learned_order_offset,20260910,0.4256062271162684,0.4256062271162684,0,0
weekly_state_ungated,3674,2026-03-20,2026-03-30,-0.0083038829988221,2026,2025-12-31,learned_order_offset,20260910,0.47357009046646403,0.47357009046646403,0,0
weekly_state_ungated,3679,2026-03-27,2026-04-07,-0.0035591495694504,2026,2025-12-31,learned_order_offset,20260910,0.5299745221118999,0.5299745221118999,1,0
weekly_global_validated,3630,2026-01-09,2026-01-19,-0.0103697336282536,2026,2025-12-31,learned_order_offset,20260910,0.5108025931769093,0.5108025931769093,1,0
weekly_global_validated,3635,2026-01-16,2026-01-26,-0.0010190267764643,2026,2025-12-31,learned_order_offset,20260910,0.5113982623384066,0.5113982623384066,1,0
weekly_global_validated,3640,2026-01-23,2026-02-02,-0.0087161586128796,2026,2025-12-31,learned_order_offset,20260910,0.2944555803643879,0.2944555803643879,0,0
weekly_global_validated,3645,2026-01-30,2026-02-09,0.0041482324550519,2026,2025-12-31,learned_order_offset,20260910,0.43663121014690576,0.43663121014690576,0,1
weekly_global_validated,3650,2026-02-06,2026-02-24,0.0071649689901505,2026,2025-12-31,learned_order_offset,20260910,0.5521384139661094,0.5521384139661094,1,1
weekly_global_validated,3655,2026-02-13,2026-03-02,-0.0097920588919678,2026,2025-12-31,learned_order_offset,20260910,0.42280069136931375,0.42280069136931375,0,0
weekly_global_validated,3659,2026-02-27,2026-03-09,-0.0172526869201304,2026,2025-12-31,learned_order_offset,20260910,0.5153156845902671,0.5153156845902671,1,0
weekly_global_validated,3664,2026-03-06,2026-03-16,0.0149926634422041,2026,2025-12-31,learned_order_offset,20260910,0.43177972341367155,0.43177972341367155,0,1
weekly_global_validated,3669,2026-03-13,2026-03-23,-0.0364343509194254,2026,2025-12-31,learned_order_offset,20260910,0.4256062271162684,0.4256062271162684,0,0
weekly_global_validated,3674,2026-03-20,2026-03-30,-0.0083038829988221,2026,2025-12-31,learned_order_offset,20260910,0.47357009046646403,0.47357009046646403,0,0
weekly_global_validated,3679,2026-03-27,2026-04-07,-0.0035591495694504,2026,2025-12-31,learned_order_offset,20260910,0.5299745221118999,0.5299745221118999,1,0
weekly_global_ungated,3630,2026-01-09,2026-01-19,-0.0103697336282536,2026,2025-12-31,learned_order_offset,20260910,0.5108025931769093,0.5108025931769093,1,0
weekly_global_ungated,3635,2026-01-16,2026-01-26,-0.0010190267764643,2026,2025-12-31,learned_order_offset,20260910,0.5113982623384066,0.5113982623384066,1,0
weekly_global_ungated,3640,2026-01-23,2026-02-02,-0.0087161586128796,2026,2025-12-31,learned_order_offset,20260910,0.2944555803643879,0.2944555803643879,0,0
weekly_global_ungated,3645,2026-01-30,2026-02-09,0.0041482324550519,2026,2025-12-31,learned_order_offset,20260910,0.43663121014690576,0.43663121014690576,0,1
weekly_global_ungated,3650,2026-02-06,2026-02-24,0.0071649689901505,2026,2025-12-31,learned_order_offset,20260910,0.5521384139661094,0.5521384139661094,1,1
weekly_global_ungated,3655,2026-02-13,2026-03-02,-0.0097920588919678,2026,2025-12-31,learned_order_offset,20260910,0.42280069136931375,0.42280069136931375,0,0
weekly_global_ungated,3659,2026-02-27,2026-03-09,-0.0172526869201304,2026,2025-12-31,learned_order_offset,20260910,0.5153156845902671,0.5153156845902671,1,0
weekly_global_ungated,3664,2026-03-06,2026-03-16,0.0149926634422041,2026,2025-12-31,learned_order_offset,20260910,0.43177972341367155,0.43177972341367155,0,1
weekly_global_ungated,3669,2026-03-13,2026-03-23,-0.0364343509194254,2026,2025-12-31,learned_order_offset,20260910,0.4256062271162684,0.4256062271162684,0,0
weekly_global_ungated,3674,2026-03-20,2026-03-30,-0.0083038829988221,2026,2025-12-31,learned_order_offset,20260910,0.47357009046646403,0.47357009046646403,0,0
weekly_global_ungated,3679,2026-03-27,2026-04-07,-0.0035591495694504,2026,2025-12-31,learned_order_offset,20260910,0.5299745221118999,0.5299745221118999,1,0
weekly_state_validated,3630,2026-01-09,2026-01-19,-0.0103697336282536,2026,2025-12-31,learned_order_offset,20260911,0.545843670764125,0.545843670764125,1,0
weekly_state_validated,3635,2026-01-16,2026-01-26,-0.0010190267764643,2026,2025-12-31,learned_order_offset,20260911,0.5315791456859873,0.5315791456859873,1,0
weekly_state_validated,3640,2026-01-23,2026-02-02,-0.0087161586128796,2026,2025-12-31,learned_order_offset,20260911,0.5378362799693707,0.5378362799693707,1,0
weekly_state_validated,3645,2026-01-30,2026-02-09,0.0041482324550519,2026,2025-12-31,learned_order_offset,20260911,0.43267035311859725,0.43267035311859725,0,1
weekly_state_validated,3650,2026-02-06,2026-02-24,0.0071649689901505,2026,2025-12-31,learned_order_offset,20260911,0.5355468761174008,0.5355468761174008,1,1
weekly_state_validated,3655,2026-02-13,2026-03-02,-0.0097920588919678,2026,2025-12-31,learned_order_offset,20260911,0.5185004295200895,0.5185004295200895,1,0
weekly_state_validated,3659,2026-02-27,2026-03-09,-0.0172526869201304,2026,2025-12-31,learned_order_offset,20260911,0.5394279755034715,0.5394279755034715,1,0
weekly_state_validated,3664,2026-03-06,2026-03-16,0.0149926634422041,2026,2025-12-31,learned_order_offset,20260911,0.6720878025271129,0.6720878025271129,1,1
weekly_state_validated,3669,2026-03-13,2026-03-23,-0.0364343509194254,2026,2025-12-31,learned_order_offset,20260911,0.44301866763301645,0.44301866763301645,0,0
weekly_state_validated,3674,2026-03-20,2026-03-30,-0.0083038829988221,2026,2025-12-31,learned_order_offset,20260911,0.4379475907087764,0.4379475907087764,0,0
weekly_state_validated,3679,2026-03-27,2026-04-07,-0.0035591495694504,2026,2025-12-31,learned_order_offset,20260911,0.4162726411546184,0.4162726411546184,0,0
weekly_state_ungated,3630,2026-01-09,2026-01-19,-0.0103697336282536,2026,2025-12-31,learned_order_offset,20260911,0.545843670764125,0.545843670764125,1,0
weekly_state_ungated,3635,2026-01-16,2026-01-26,-0.0010190267764643,2026,2025-12-31,learned_order_offset,20260911,0.5315791456859873,0.5315791456859873,1,0
weekly_state_ungated,3640,2026-01-23,2026-02-02,-0.0087161586128796,2026,2025-12-31,learned_order_offset,20260911,0.5378362799693707,0.5378362799693707,1,0
weekly_state_ungated,3645,2026-01-30,2026-02-09,0.0041482324550519,2026,2025-12-31,learned_order_offset,20260911,0.43267035311859725,0.43267035311859725,0,1
weekly_state_ungated,3650,2026-02-06,2026-02-24,0.0071649689901505,2026,2025-12-31,learned_order_offset,20260911,0.5355468761174008,0.5355468761174008,1,1
weekly_state_ungated,3655,2026-02-13,2026-03-02,-0.0097920588919678,2026,2025-12-31,learned_order_offset,20260911,0.5185004295200895,0.5185004295200895,1,0
weekly_state_ungated,3659,2026-02-27,2026-03-09,-0.0172526869201304,2026,2025-12-31,learned_order_offset,20260911,0.5394279755034715,0.5394279755034715,1,0
weekly_state_ungated,3664,2026-03-06,2026-03-16,0.0149926634422041,2026,2025-12-31,learned_order_offset,20260911,0.6720878025271129,0.6720878025271129,1,1
weekly_state_ungated,3669,2026-03-13,2026-03-23,-0.0364343509194254,2026,2025-12-31,learned_order_offset,20260911,0.44301866763301645,0.44301866763301645,0,0
weekly_state_ungated,3674,2026-03-20,2026-03-30,-0.0083038829988221,2026,2025-12-31,learned_order_offset,20260911,0.4379475907087764,0.4379475907087764,0,0
weekly_state_ungated,3679,2026-03-27,2026-04-07,-0.0035591495694504,2026,2025-12-31,learned_order_offset,20260911,0.4162726411546184,0.4162726411546184,0,0
weekly_global_validated,3630,2026-01-09,2026-01-19,-0.0103697336282536,2026,2025-12-31,learned_order_offset,20260911,0.545843670764125,0.545843670764125,1,0
weekly_global_validated,3635,2026-01-16,2026-01-26,-0.0010190267764643,2026,2025-12-31,learned_order_offset,20260911,0.5315791456859873,0.5315791456859873,1,0
weekly_global_validated,3640,2026-01-23,2026-02-02,-0.0087161586128796,2026,2025-12-31,learned_order_offset,20260911,0.5378362799693707,0.5378362799693707,1,0
weekly_global_validated,3645,2026-01-30,2026-02-09,0.0041482324550519,2026,2025-12-31,learned_order_offset,20260911,0.43267035311859725,0.43267035311859725,0,1
weekly_global_validated,3650,2026-02-06,2026-02-24,0.0071649689901505,2026,2025-12-31,learned_order_offset,20260911,0.5355468761174008,0.5355468761174008,1,1
weekly_global_validated,3655,2026-02-13,2026-03-02,-0.0097920588919678,2026,2025-12-31,learned_order_offset,20260911,0.5185004295200895,0.5185004295200895,1,0
weekly_global_validated,3659,2026-02-27,2026-03-09,-0.0172526869201304,2026,2025-12-31,learned_order_offset,20260911,0.5394279755034715,0.5394279755034715,1,0
weekly_global_validated,3664,2026-03-06,2026-03-16,0.0149926634422041,2026,2025-12-31,learned_order_offset,20260911,0.6720878025271129,0.6720878025271129,1,1
weekly_global_validated,3669,2026-03-13,2026-03-23,-0.0364343509194254,2026,2025-12-31,learned_order_offset,20260911,0.44301866763301645,0.44301866763301645,0,0
weekly_global_validated,3674,2026-03-20,2026-03-30,-0.0083038829988221,2026,2025-12-31,learned_order_offset,20260911,0.4379475907087764,0.4379475907087764,0,0
weekly_global_validated,3679,2026-03-27,2026-04-07,-0.0035591495694504,2026,2025-12-31,learned_order_offset,20260911,0.4162726411546184,0.4162726411546184,0,0
weekly_global_ungated,3630,2026-01-09,2026-01-19,-0.0103697336282536,2026,2025-12-31,learned_order_offset,20260911,0.545843670764125,0.545843670764125,1,0
weekly_global_ungated,3635,2026-01-16,2026-01-26,-0.0010190267764643,2026,2025-12-31,learned_order_offset,20260911,0.5315791456859873,0.5315791456859873,1,0
weekly_global_ungated,3640,2026-01-23,2026-02-02,-0.0087161586128796,2026,2025-12-31,learned_order_offset,20260911,0.5378362799693707,0.5378362799693707,1,0
weekly_global_ungated,3645,2026-01-30,2026-02-09,0.0041482324550519,2026,2025-12-31,learned_order_offset,20260911,0.43267035311859725,0.43267035311859725,0,1
weekly_global_ungated,3650,2026-02-06,2026-02-24,0.0071649689901505,2026,2025-12-31,learned_order_offset,20260911,0.5355468761174008,0.5355468761174008,1,1
weekly_global_ungated,3655,2026-02-13,2026-03-02,-0.0097920588919678,2026,2025-12-31,learned_order_offset,20260911,0.5185004295200895,0.5185004295200895,1,0
weekly_global_ungated,3659,2026-02-27,2026-03-09,-0.0172526869201304,2026,2025-12-31,learned_order_offset,20260911,0.5394279755034715,0.5394279755034715,1,0
weekly_global_ungated,3664,2026-03-06,2026-03-16,0.0149926634422041,2026,2025-12-31,learned_order_offset,20260911,0.6720878025271129,0.6720878025271129,1,1
weekly_global_ungated,3669,2026-03-13,2026-03-23,-0.0364343509194254,2026,2025-12-31,learned_order_offset,20260911,0.44301866763301645,0.44301866763301645,0,0
weekly_global_ungated,3674,2026-03-20,2026-03-30,-0.0083038829988221,2026,2025-12-31,learned_order_offset,20260911,0.4379475907087764,0.4379475907087764,0,0
weekly_global_ungated,3679,2026-03-27,2026-04-07,-0.0035591495694504,2026,2025-12-31,learned_order_offset,20260911,0.4162726411546184,0.4162726411546184,0,0
weekly_state_validated,3630,2026-01-09,2026-01-19,-0.0103697336282536,2026,2025-12-31,learned_order_offset,20260912,0.5234772415055928,0.5234772415055928,1,0
weekly_state_validated,3635,2026-01-16,2026-01-26,-0.0010190267764643,2026,2025-12-31,learned_order_offset,20260912,0.5844150879103954,0.5844150879103954,1,0
weekly_state_validated,3640,2026-01-23,2026-02-02,-0.0087161586128796,2026,2025-12-31,learned_order_offset,20260912,0.46996206356235715,0.46996206356235715,0,0
weekly_state_validated,3645,2026-01-30,2026-02-09,0.0041482324550519,2026,2025-12-31,learned_order_offset,20260912,0.514701020079869,0.514701020079869,1,1
weekly_state_validated,3650,2026-02-06,2026-02-24,0.0071649689901505,2026,2025-12-31,learned_order_offset,20260912,0.42213589824970216,0.42213589824970216,0,1
weekly_state_validated,3655,2026-02-13,2026-03-02,-0.0097920588919678,2026,2025-12-31,learned_order_offset,20260912,0.4139092534456115,0.4139092534456115,0,0
weekly_state_validated,3659,2026-02-27,2026-03-09,-0.0172526869201304,2026,2025-12-31,learned_order_offset,20260912,0.4590491088219428,0.4590491088219428,0,0
weekly_state_validated,3664,2026-03-06,2026-03-16,0.0149926634422041,2026,2025-12-31,learned_order_offset,20260912,0.4464707132363767,0.4464707132363767,0,1
weekly_state_validated,3669,2026-03-13,2026-03-23,-0.0364343509194254,2026,2025-12-31,learned_order_offset,20260912,0.5384561051408137,0.5384561051408137,1,0
weekly_state_validated,3674,2026-03-20,2026-03-30,-0.0083038829988221,2026,2025-12-31,learned_order_offset,20260912,0.43269622737784763,0.43269622737784763,0,0
weekly_state_validated,3679,2026-03-27,2026-04-07,-0.0035591495694504,2026,2025-12-31,learned_order_offset,20260912,0.3852504154330894,0.3852504154330894,0,0
weekly_state_ungated,3630,2026-01-09,2026-01-19,-0.0103697336282536,2026,2025-12-31,learned_order_offset,20260912,0.5234772415055928,0.5234772415055928,1,0
weekly_state_ungated,3635,2026-01-16,2026-01-26,-0.0010190267764643,2026,2025-12-31,learned_order_offset,20260912,0.5844150879103954,0.5844150879103954,1,0
weekly_state_ungated,3640,2026-01-23,2026-02-02,-0.0087161586128796,2026,2025-12-31,learned_order_offset,20260912,0.46996206356235715,0.46996206356235715,0,0
weekly_state_ungated,3645,2026-01-30,2026-02-09,0.0041482324550519,2026,2025-12-31,learned_order_offset,20260912,0.514701020079869,0.514701020079869,1,1
weekly_state_ungated,3650,2026-02-06,2026-02-24,0.0071649689901505,2026,2025-12-31,learned_order_offset,20260912,0.42213589824970216,0.42213589824970216,0,1
weekly_state_ungated,3655,2026-02-13,2026-03-02,-0.0097920588919678,2026,2025-12-31,learned_order_offset,20260912,0.4139092534456115,0.4139092534456115,0,0
weekly_state_ungated,3659,2026-02-27,2026-03-09,-0.0172526869201304,2026,2025-12-31,learned_order_offset,20260912,0.4590491088219428,0.4590491088219428,0,0
weekly_state_ungated,3664,2026-03-06,2026-03-16,0.0149926634422041,2026,2025-12-31,learned_order_offset,20260912,0.4464707132363767,0.4464707132363767,0,1
weekly_state_ungated,3669,2026-03-13,2026-03-23,-0.0364343509194254,2026,2025-12-31,learned_order_offset,20260912,0.5384561051408137,0.5384561051408137,1,0
weekly_state_ungated,3674,2026-03-20,2026-03-30,-0.0083038829988221,2026,2025-12-31,learned_order_offset,20260912,0.43269622737784763,0.43269622737784763,0,0
weekly_state_ungated,3679,2026-03-27,2026-04-07,-0.0035591495694504,2026,2025-12-31,learned_order_offset,20260912,0.3852504154330894,0.3852504154330894,0,0
weekly_global_validated,3630,2026-01-09,2026-01-19,-0.0103697336282536,2026,2025-12-31,learned_order_offset,20260912,0.5234772415055928,0.5234772415055928,1,0
weekly_global_validated,3635,2026-01-16,2026-01-26,-0.0010190267764643,2026,2025-12-31,learned_order_offset,20260912,0.5844150879103954,0.5844150879103954,1,0
weekly_global_validated,3640,2026-01-23,2026-02-02,-0.0087161586128796,2026,2025-12-31,learned_order_offset,20260912,0.46996206356235715,0.46996206356235715,0,0
weekly_global_validated,3645,2026-01-30,2026-02-09,0.0041482324550519,2026,2025-12-31,learned_order_offset,20260912,0.514701020079869,0.514701020079869,1,1
weekly_global_validated,3650,2026-02-06,2026-02-24,0.0071649689901505,2026,2025-12-31,learned_order_offset,20260912,0.42213589824970216,0.42213589824970216,0,1
weekly_global_validated,3655,2026-02-13,2026-03-02,-0.0097920588919678,2026,2025-12-31,learned_order_offset,20260912,0.4139092534456115,0.4139092534456115,0,0
weekly_global_validated,3659,2026-02-27,2026-03-09,-0.0172526869201304,2026,2025-12-31,learned_order_offset,20260912,0.4590491088219428,0.4590491088219428,0,0
weekly_global_validated,3664,2026-03-06,2026-03-16,0.0149926634422041,2026,2025-12-31,learned_order_offset,20260912,0.4464707132363767,0.4464707132363767,0,1
weekly_global_validated,3669,2026-03-13,2026-03-23,-0.0364343509194254,2026,2025-12-31,learned_order_offset,20260912,0.5384561051408137,0.5384561051408137,1,0
weekly_global_validated,3674,2026-03-20,2026-03-30,-0.0083038829988221,2026,2025-12-31,learned_order_offset,20260912,0.43269622737784763,0.43269622737784763,0,0
weekly_global_validated,3679,2026-03-27,2026-04-07,-0.0035591495694504,2026,2025-12-31,learned_order_offset,20260912,0.3852504154330894,0.3852504154330894,0,0
weekly_global_ungated,3630,2026-01-09,2026-01-19,-0.0103697336282536,2026,2025-12-31,learned_order_offset,20260912,0.5234772415055928,0.5234772415055928,1,0
weekly_global_ungated,3635,2026-01-16,2026-01-26,-0.0010190267764643,2026,2025-12-31,learned_order_offset,20260912,0.5844150879103954,0.5844150879103954,1,0
weekly_global_ungated,3640,2026-01-23,2026-02-02,-0.0087161586128796,2026,2025-12-31,learned_order_offset,20260912,0.46996206356235715,0.46996206356235715,0,0
weekly_global_ungated,3645,2026-01-30,2026-02-09,0.0041482324550519,2026,2025-12-31,learned_order_offset,20260912,0.514701020079869,0.514701020079869,1,1
weekly_global_ungated,3650,2026-02-06,2026-02-24,0.0071649689901505,2026,2025-12-31,learned_order_offset,20260912,0.42213589824970216,0.42213589824970216,0,1
weekly_global_ungated,3655,2026-02-13,2026-03-02,-0.0097920588919678,2026,2025-12-31,learned_order_offset,20260912,0.4139092534456115,0.4139092534456115,0,0
weekly_global_ungated,3659,2026-02-27,2026-03-09,-0.0172526869201304,2026,2025-12-31,learned_order_offset,20260912,0.4590491088219428,0.4590491088219428,0,0
weekly_global_ungated,3664,2026-03-06,2026-03-16,0.0149926634422041,2026,2025-12-31,learned_order_offset,20260912,0.4464707132363767,0.4464707132363767,0,1
weekly_global_ungated,3669,2026-03-13,2026-03-23,-0.0364343509194254,2026,2025-12-31,learned_order_offset,20260912,0.5384561051408137,0.5384561051408137,1,0
weekly_global_ungated,3674,2026-03-20,2026-03-30,-0.0083038829988221,2026,2025-12-31,learned_order_offset,20260912,0.43269622737784763,0.43269622737784763,0,0
weekly_global_ungated,3679,2026-03-27,2026-04-07,-0.0035591495694504,2026,2025-12-31,learned_order_offset,20260912,0.3852504154330894,0.3852504154330894,0,0
weekly_state_validated,3684,2026-04-03,2026-04-13,0.0380736235508991,2026,2026-03-31,learned_market,20260910,0.5135356772227653,0.5135356772227653,1,1
weekly_state_validated,3688,2026-04-10,2026-04-20,0.0242766725964382,2026,2026-03-31,learned_market,20260910,0.4414243711182377,0.4414243711182377,0,1
weekly_state_validated,3693,2026-04-17,2026-04-27,0.010401572188011,2026,2026-03-31,learned_market,20260910,0.5274890760934624,0.5274890760934624,1,1
weekly_state_validated,3698,2026-04-24,2026-05-11,0.0263674696524953,2026,2026-03-31,learned_market,20260910,0.5599058490281199,0.5599058490281199,1,1
weekly_state_validated,3705,2026-05-08,2026-05-18,-0.0134529239455926,2026,2026-03-31,learned_market,20260910,0.7550729207988254,0.7550729207988254,1,0
weekly_state_validated,3710,2026-05-15,2026-05-25,0.0076235492615268,2026,2026-03-31,learned_market,20260910,0.804363668790624,0.804363668790624,1,1
weekly_state_validated,3715,2026-05-22,2026-06-01,0.005068538126898,2026,2026-03-31,learned_market,20260910,0.34489025597783224,0.34489025597783224,0,1
weekly_state_validated,3720,2026-05-29,2026-06-08,-0.039635353927193,2026,2026-03-31,learned_market,20260910,0.4051698015001944,0.4051698015001944,0,0
weekly_state_validated,3725,2026-06-05,2026-06-15,0.0266849782195981,2026,2026-03-31,learned_market,20260910,0.43325058670455674,0.43325058670455674,0,1
weekly_state_validated,3730,2026-06-12,2026-06-29,0.0076098142791176,2026,2026-03-31,learned_market,20260910,0.4284564728112197,0.4284564728112197,0,1
weekly_state_validated,3739,2026-06-26,2026-07-06,0.0005137647861506,2026,2026-03-31,learned_market,20260910,0.5031202151919982,0.5031202151919982,1,1
weekly_state_ungated,3684,2026-04-03,2026-04-13,0.0380736235508991,2026,2026-03-31,learned_market,20260910,0.5135356772227653,0.5135356772227653,1,1
weekly_state_ungated,3688,2026-04-10,2026-04-20,0.0242766725964382,2026,2026-03-31,learned_market,20260910,0.4414243711182377,0.4414243711182377,0,1
weekly_state_ungated,3693,2026-04-17,2026-04-27,0.010401572188011,2026,2026-03-31,learned_market,20260910,0.5274890760934624,0.5274890760934624,1,1
weekly_state_ungated,3698,2026-04-24,2026-05-11,0.0263674696524953,2026,2026-03-31,learned_market,20260910,0.5659649308579363,0.5659649308579363,1,1
weekly_state_ungated,3705,2026-05-08,2026-05-18,-0.0134529239455926,2026,2026-03-31,learned_market,20260910,0.7595986932232532,0.7595986932232532,1,0
weekly_state_ungated,3710,2026-05-15,2026-05-25,0.0076235492615268,2026,2026-03-31,learned_market,20260910,0.8265357893269596,0.8265357893269596,1,1
weekly_state_ungated,3715,2026-05-22,2026-06-01,0.005068538126898,2026,2026-03-31,learned_market,20260910,0.378928520667343,0.378928520667343,0,1
weekly_state_ungated,3720,2026-05-29,2026-06-08,-0.039635353927193,2026,2026-03-31,learned_market,20260910,0.41111863579640145,0.41111863579640145,0,0
weekly_state_ungated,3725,2026-06-05,2026-06-15,0.0266849782195981,2026,2026-03-31,learned_market,20260910,0.43930721773735765,0.43930721773735765,0,1
weekly_state_ungated,3730,2026-06-12,2026-06-29,0.0076098142791176,2026,2026-03-31,learned_market,20260910,0.4344974647602668,0.4344974647602668,0,1
weekly_state_ungated,3739,2026-06-26,2026-07-06,0.0005137647861506,2026,2026-03-31,learned_market,20260910,0.5092758968184301,0.5092758968184301,1,1
weekly_global_validated,3684,2026-04-03,2026-04-13,0.0380736235508991,2026,2026-03-31,learned_market,20260910,0.5135356772227653,0.5135356772227653,1,1
weekly_global_validated,3688,2026-04-10,2026-04-20,0.0242766725964382,2026,2026-03-31,learned_market,20260910,0.4414243711182377,0.4414243711182377,0,1
weekly_global_validated,3693,2026-04-17,2026-04-27,0.010401572188011,2026,2026-03-31,learned_market,20260910,0.5274890760934624,0.5274890760934624,1,1
weekly_global_validated,3698,2026-04-24,2026-05-11,0.0263674696524953,2026,2026-03-31,learned_market,20260910,0.5599058490281199,0.5599058490281199,1,1
weekly_global_validated,3705,2026-05-08,2026-05-18,-0.0134529239455926,2026,2026-03-31,learned_market,20260910,0.7550729207988254,0.7550729207988254,1,0
weekly_global_validated,3710,2026-05-15,2026-05-25,0.0076235492615268,2026,2026-03-31,learned_market,20260910,0.804363668790624,0.804363668790624,1,1
weekly_global_validated,3715,2026-05-22,2026-06-01,0.005068538126898,2026,2026-03-31,learned_market,20260910,0.34489025597783224,0.34489025597783224,0,1
weekly_global_validated,3720,2026-05-29,2026-06-08,-0.039635353927193,2026,2026-03-31,learned_market,20260910,0.4051698015001944,0.4051698015001944,0,0
weekly_global_validated,3725,2026-06-05,2026-06-15,0.0266849782195981,2026,2026-03-31,learned_market,20260910,0.43325058670455674,0.43325058670455674,0,1
weekly_global_validated,3730,2026-06-12,2026-06-29,0.0076098142791176,2026,2026-03-31,learned_market,20260910,0.4284564728112197,0.4284564728112197,0,1
weekly_global_validated,3739,2026-06-26,2026-07-06,0.0005137647861506,2026,2026-03-31,learned_market,20260910,0.5031202151919982,0.5031202151919982,1,1
weekly_global_ungated,3684,2026-04-03,2026-04-13,0.0380736235508991,2026,2026-03-31,learned_market,20260910,0.5562279448773122,0.5562279448773122,1,1
weekly_global_ungated,3688,2026-04-10,2026-04-20,0.0242766725964382,2026,2026-03-31,learned_market,20260910,0.4840873463124028,0.4840873463124028,0,1
weekly_global_ungated,3693,2026-04-17,2026-04-27,0.010401572188011,2026,2026-03-31,learned_market,20260910,0.5699821906733373,0.5699821906733373,1,1
weekly_global_ungated,3698,2026-04-24,2026-05-11,0.0263674696524953,2026,2026-03-31,learned_market,20260910,0.6016850616205841,0.6016850616205841,1,1
weekly_global_ungated,3705,2026-05-08,2026-05-18,-0.0134529239455926,2026,2026-03-31,learned_market,20260910,0.7854248911152786,0.7854248911152786,1,0
weekly_global_ungated,3710,2026-05-15,2026-05-25,0.0076235492615268,2026,2026-03-31,learned_market,20260910,0.8299827774278835,0.8299827774278835,1,1
weekly_global_ungated,3715,2026-05-22,2026-06-01,0.005068538126898,2026,2026-03-31,learned_market,20260910,0.3846481255185503,0.3846481255185503,0,1
weekly_global_ungated,3720,2026-05-29,2026-06-08,-0.039635353927193,2026,2026-03-31,learned_market,20260910,0.4471337009736813,0.4471337009736813,0,0
weekly_global_ungated,3725,2026-06-05,2026-06-15,0.0266849782195981,2026,2026-03-31,learned_market,20260910,0.47579648884739223,0.47579648884739223,0,1
weekly_global_ungated,3730,2026-06-12,2026-06-29,0.0076098142791176,2026,2026-03-31,learned_market,20260910,0.4709227732974413,0.4709227732974413,0,1
weekly_global_ungated,3739,2026-06-26,2026-07-06,0.0005137647861506,2026,2026-03-31,learned_market,20260910,0.5459183075634946,0.5459183075634946,1,1
weekly_state_validated,3684,2026-04-03,2026-04-13,0.0380736235508991,2026,2026-03-31,learned_market,20260911,0.4917583888579656,0.4917583888579656,0,1
weekly_state_validated,3688,2026-04-10,2026-04-20,0.0242766725964382,2026,2026-03-31,learned_market,20260911,0.42353463813148706,0.42353463813148706,0,1
weekly_state_validated,3693,2026-04-17,2026-04-27,0.010401572188011,2026,2026-03-31,learned_market,20260911,0.47814615742976047,0.47814615742976047,0,1
weekly_state_validated,3698,2026-04-24,2026-05-11,0.0263674696524953,2026,2026-03-31,learned_market,20260911,0.397009215522116,0.397009215522116,0,1
weekly_state_validated,3705,2026-05-08,2026-05-18,-0.0134529239455926,2026,2026-03-31,learned_market,20260911,0.41986421610847413,0.41986421610847413,0,0
weekly_state_validated,3710,2026-05-15,2026-05-25,0.0076235492615268,2026,2026-03-31,learned_market,20260911,0.49182407037984965,0.49182407037984965,0,1
weekly_state_validated,3715,2026-05-22,2026-06-01,0.005068538126898,2026,2026-03-31,learned_market,20260911,0.5675464106677375,0.5675464106677375,1,1
weekly_state_validated,3720,2026-05-29,2026-06-08,-0.039635353927193,2026,2026-03-31,learned_market,20260911,0.5335990500389893,0.5335990500389893,1,0
weekly_state_validated,3725,2026-06-05,2026-06-15,0.0266849782195981,2026,2026-03-31,learned_market,20260911,0.3985532767602021,0.3985532767602021,0,1
weekly_state_validated,3730,2026-06-12,2026-06-29,0.0076098142791176,2026,2026-03-31,learned_market,20260911,0.3056186128589413,0.3056186128589413,0,1
weekly_state_validated,3739,2026-06-26,2026-07-06,0.0005137647861506,2026,2026-03-31,learned_market,20260911,0.47152715176422977,0.47152715176422977,0,1
weekly_state_ungated,3684,2026-04-03,2026-04-13,0.0380736235508991,2026,2026-03-31,learned_market,20260911,0.4917583888579656,0.4917583888579656,0,1
weekly_state_ungated,3688,2026-04-10,2026-04-20,0.0242766725964382,2026,2026-03-31,learned_market,20260911,0.42353463813148706,0.42353463813148706,0,1
weekly_state_ungated,3693,2026-04-17,2026-04-27,0.010401572188011,2026,2026-03-31,learned_market,20260911,0.47814615742976047,0.47814615742976047,0,1
weekly_state_ungated,3698,2026-04-24,2026-05-11,0.0263674696524953,2026,2026-03-31,learned_market,20260911,0.40774112962288467,0.40774112962288467,0,1
weekly_state_ungated,3705,2026-05-08,2026-05-18,-0.0134529239455926,2026,2026-03-31,learned_market,20260911,0.43077258205830343,0.43077258205830343,0,0
weekly_state_ungated,3710,2026-05-15,2026-05-25,0.0076235492615268,2026,2026-03-31,learned_market,20260911,0.534215065213324,0.534215065213324,1,1
weekly_state_ungated,3715,2026-05-22,2026-06-01,0.005068538126898,2026,2026-03-31,learned_market,20260911,0.608647033472457,0.608647033472457,1,1
weekly_state_ungated,3720,2026-05-29,2026-06-08,-0.039635353927193,2026,2026-03-31,learned_market,20260911,0.5446879687573438,0.5446879687573438,1,0
weekly_state_ungated,3725,2026-06-05,2026-06-15,0.0266849782195981,2026,2026-03-31,learned_market,20260911,0.40929859819862785,0.40929859819862785,0,1
weekly_state_ungated,3730,2026-06-12,2026-06-29,0.0076098142791176,2026,2026-03-31,learned_market,20260911,0.3151713265612445,0.3151713265612445,0,1
weekly_state_ungated,3739,2026-06-26,2026-07-06,0.0005137647861506,2026,2026-03-31,learned_market,20260911,0.4826610415027316,0.4826610415027316,0,1
weekly_global_validated,3684,2026-04-03,2026-04-13,0.0380736235508991,2026,2026-03-31,learned_market,20260911,0.4917583888579656,0.4917583888579656,0,1
weekly_global_validated,3688,2026-04-10,2026-04-20,0.0242766725964382,2026,2026-03-31,learned_market,20260911,0.42353463813148706,0.42353463813148706,0,1
weekly_global_validated,3693,2026-04-17,2026-04-27,0.010401572188011,2026,2026-03-31,learned_market,20260911,0.47814615742976047,0.47814615742976047,0,1
weekly_global_validated,3698,2026-04-24,2026-05-11,0.0263674696524953,2026,2026-03-31,learned_market,20260911,0.397009215522116,0.397009215522116,0,1
weekly_global_validated,3705,2026-05-08,2026-05-18,-0.0134529239455926,2026,2026-03-31,learned_market,20260911,0.41986421610847413,0.41986421610847413,0,0
weekly_global_validated,3710,2026-05-15,2026-05-25,0.0076235492615268,2026,2026-03-31,learned_market,20260911,0.49182407037984965,0.49182407037984965,0,1
weekly_global_validated,3715,2026-05-22,2026-06-01,0.005068538126898,2026,2026-03-31,learned_market,20260911,0.5675464106677375,0.5675464106677375,1,1
weekly_global_validated,3720,2026-05-29,2026-06-08,-0.039635353927193,2026,2026-03-31,learned_market,20260911,0.5335990500389893,0.5335990500389893,1,0
weekly_global_validated,3725,2026-06-05,2026-06-15,0.0266849782195981,2026,2026-03-31,learned_market,20260911,0.3985532767602021,0.3985532767602021,0,1
weekly_global_validated,3730,2026-06-12,2026-06-29,0.0076098142791176,2026,2026-03-31,learned_market,20260911,0.3056186128589413,0.3056186128589413,0,1
weekly_global_validated,3739,2026-06-26,2026-07-06,0.0005137647861506,2026,2026-03-31,learned_market,20260911,0.47152715176422977,0.47152715176422977,0,1
weekly_global_ungated,3684,2026-04-03,2026-04-13,0.0380736235508991,2026,2026-03-31,learned_market,20260911,0.5430250681702669,0.5430250681702669,1,1
weekly_global_ungated,3688,2026-04-10,2026-04-20,0.0242766725964382,2026,2026-03-31,learned_market,20260911,0.47432670468719823,0.47432670468719823,0,1
weekly_global_ungated,3693,2026-04-17,2026-04-27,0.010401572188011,2026,2026-03-31,learned_market,20260911,0.5294721160108098,0.5294721160108098,1,1
weekly_global_ungated,3698,2026-04-24,2026-05-11,0.0263674696524953,2026,2026-03-31,learned_market,20260911,0.44708735062605687,0.44708735062605687,0,1
weekly_global_ungated,3705,2026-05-08,2026-05-18,-0.0134529239455926,2026,2026-03-31,learned_market,20260911,0.47057542812419245,0.47057542812419245,0,0
weekly_global_ungated,3710,2026-05-15,2026-05-25,0.0076235492615268,2026,2026-03-31,learned_market,20260911,0.5430902801845854,0.5430902801845854,1,1
weekly_global_ungated,3715,2026-05-22,2026-06-01,0.005068538126898,2026,2026-03-31,learned_market,20260911,0.617120478211317,0.617120478211317,1,1
weekly_global_ungated,3720,2026-05-29,2026-06-08,-0.039635353927193,2026,2026-03-31,learned_market,20260911,0.5842137020068616,0.5842137020068616,1,0
weekly_global_ungated,3725,2026-06-05,2026-06-15,0.0266849782195981,2026,2026-03-31,learned_market,20260911,0.44868125371439344,0.44868125371439344,0,1
weekly_global_ungated,3730,2026-06-12,2026-06-29,0.0076098142791176,2026,2026-03-31,learned_market,20260911,0.3508768790590931,0.3508768790590931,0,1
weekly_global_ungated,3739,2026-06-26,2026-07-06,0.0005137647861506,2026,2026-03-31,learned_market,20260911,0.5228544727114373,0.5228544727114373,1,1
weekly_state_validated,3684,2026-04-03,2026-04-13,0.0380736235508991,2026,2026-03-31,learned_market,20260912,0.42407385697810146,0.42407385697810146,0,1
weekly_state_validated,3688,2026-04-10,2026-04-20,0.0242766725964382,2026,2026-03-31,learned_market,20260912,0.4843345016251858,0.4843345016251858,0,1
weekly_state_validated,3693,2026-04-17,2026-04-27,0.010401572188011,2026,2026-03-31,learned_market,20260912,0.42352930830164365,0.42352930830164365,0,1
weekly_state_validated,3698,2026-04-24,2026-05-11,0.0263674696524953,2026,2026-03-31,learned_market,20260912,0.43134778732263795,0.43134778732263795,0,1
weekly_state_validated,3705,2026-05-08,2026-05-18,-0.0134529239455926,2026,2026-03-31,learned_market,20260912,0.47804055860260325,0.47804055860260325,0,0
weekly_state_validated,3710,2026-05-15,2026-05-25,0.0076235492615268,2026,2026-03-31,learned_market,20260912,0.5242439932504063,0.5242439932504063,1,1
weekly_state_validated,3715,2026-05-22,2026-06-01,0.005068538126898,2026,2026-03-31,learned_market,20260912,0.5118662537721262,0.5118662537721262,1,1
weekly_state_validated,3720,2026-05-29,2026-06-08,-0.039635353927193,2026,2026-03-31,learned_market,20260912,0.47332917945413594,0.47332917945413594,0,0
weekly_state_validated,3725,2026-06-05,2026-06-15,0.0266849782195981,2026,2026-03-31,learned_market,20260912,0.46849386998390014,0.46849386998390014,0,1
weekly_state_validated,3730,2026-06-12,2026-06-29,0.0076098142791176,2026,2026-03-31,learned_market,20260912,0.4497314325369085,0.4497314325369085,0,1
weekly_state_validated,3739,2026-06-26,2026-07-06,0.0005137647861506,2026,2026-03-31,learned_market,20260912,0.5338580433420232,0.5338580433420232,1,1
weekly_state_ungated,3684,2026-04-03,2026-04-13,0.0380736235508991,2026,2026-03-31,learned_market,20260912,0.42407385697810146,0.42407385697810146,0,1
weekly_state_ungated,3688,2026-04-10,2026-04-20,0.0242766725964382,2026,2026-03-31,learned_market,20260912,0.4843345016251858,0.4843345016251858,0,1
weekly_state_ungated,3693,2026-04-17,2026-04-27,0.010401572188011,2026,2026-03-31,learned_market,20260912,0.42352930830164365,0.42352930830164365,0,1
weekly_state_ungated,3698,2026-04-24,2026-05-11,0.0263674696524953,2026,2026-03-31,learned_market,20260912,0.4320053349911882,0.4320053349911882,0,1
weekly_state_ungated,3705,2026-05-08,2026-05-18,-0.0134529239455926,2026,2026-03-31,learned_market,20260912,0.47870936447793344,0.47870936447793344,0,0
weekly_state_ungated,3710,2026-05-15,2026-05-25,0.0076235492615268,2026,2026-03-31,learned_market,20260912,0.5630017189395989,0.5630017189395989,1,1
weekly_state_ungated,3715,2026-05-22,2026-06-01,0.005068538126898,2026,2026-03-31,learned_market,20260912,0.5507682621086706,0.5507682621086706,1,1
weekly_state_ungated,3720,2026-05-29,2026-06-08,-0.039635353927193,2026,2026-03-31,learned_market,20260912,0.47399737964773275,0.47399737964773275,0,0
weekly_state_ungated,3725,2026-06-05,2026-06-15,0.0266849782195981,2026,2026-03-31,learned_market,20260912,0.4691613248143848,0.4691613248143848,0,1
weekly_state_ungated,3730,2026-06-12,2026-06-29,0.0076098142791176,2026,2026-03-31,learned_market,20260912,0.4503948081164121,0.4503948081164121,0,1
weekly_state_ungated,3739,2026-06-26,2026-07-06,0.0005137647861506,2026,2026-03-31,learned_market,20260912,0.5345249692531655,0.5345249692531655,1,1
weekly_global_validated,3684,2026-04-03,2026-04-13,0.0380736235508991,2026,2026-03-31,learned_market,20260912,0.42407385697810146,0.42407385697810146,0,1
weekly_global_validated,3688,2026-04-10,2026-04-20,0.0242766725964382,2026,2026-03-31,learned_market,20260912,0.4843345016251858,0.4843345016251858,0,1
weekly_global_validated,3693,2026-04-17,2026-04-27,0.010401572188011,2026,2026-03-31,learned_market,20260912,0.42352930830164365,0.42352930830164365,0,1
weekly_global_validated,3698,2026-04-24,2026-05-11,0.0263674696524953,2026,2026-03-31,learned_market,20260912,0.43134778732263795,0.43134778732263795,0,1
weekly_global_validated,3705,2026-05-08,2026-05-18,-0.0134529239455926,2026,2026-03-31,learned_market,20260912,0.47804055860260325,0.47804055860260325,0,0
weekly_global_validated,3710,2026-05-15,2026-05-25,0.0076235492615268,2026,2026-03-31,learned_market,20260912,0.5242439932504063,0.5242439932504063,1,1
weekly_global_validated,3715,2026-05-22,2026-06-01,0.005068538126898,2026,2026-03-31,learned_market,20260912,0.5118662537721262,0.5118662537721262,1,1
weekly_global_validated,3720,2026-05-29,2026-06-08,-0.039635353927193,2026,2026-03-31,learned_market,20260912,0.47332917945413594,0.47332917945413594,0,0
weekly_global_validated,3725,2026-06-05,2026-06-15,0.0266849782195981,2026,2026-03-31,learned_market,20260912,0.46849386998390014,0.46849386998390014,0,1
weekly_global_validated,3730,2026-06-12,2026-06-29,0.0076098142791176,2026,2026-03-31,learned_market,20260912,0.4497314325369085,0.4497314325369085,0,1
weekly_global_validated,3739,2026-06-26,2026-07-06,0.0005137647861506,2026,2026-03-31,learned_market,20260912,0.5338580433420232,0.5338580433420232,1,1
weekly_global_ungated,3684,2026-04-03,2026-04-13,0.0380736235508991,2026,2026-03-31,learned_market,20260912,0.4660645936934755,0.4660645936934755,0,1
weekly_global_ungated,3688,2026-04-10,2026-04-20,0.0242766725964382,2026,2026-03-31,learned_market,20260912,0.5268338569321129,0.5268338569321129,1,1
weekly_global_ungated,3693,2026-04-17,2026-04-27,0.010401572188011,2026,2026-03-31,learned_market,20260912,0.46550970751443616,0.46550970751443616,0,1
weekly_global_ungated,3698,2026-04-24,2026-05-11,0.0263674696524953,2026,2026-03-31,learned_market,20260912,0.47346665866382803,0.47346665866382803,0,1
weekly_global_ungated,3705,2026-05-08,2026-05-18,-0.0134529239455926,2026,2026-03-31,learned_market,20260912,0.520545140032172,0.520545140032172,1,0
weekly_global_ungated,3710,2026-05-15,2026-05-25,0.0076235492615268,2026,2026-03-31,learned_market,20260912,0.5663988096560008,0.5663988096560008,1,1
weekly_global_ungated,3715,2026-05-22,2026-06-01,0.005068538126898,2026,2026-03-31,learned_market,20260912,0.5541851473840348,0.5541851473840348,1,1
weekly_global_ungated,3720,2026-05-29,2026-06-08,-0.039635353927193,2026,2026-03-31,learned_market,20260912,0.5158288406545521,0.5158288406545521,1,0
weekly_global_ungated,3725,2026-06-05,2026-06-15,0.0266849782195981,2026,2026-03-31,learned_market,20260912,0.5109805970806905,0.5109805970806905,1,1
weekly_global_ungated,3730,2026-06-12,2026-06-29,0.0076098142791176,2026,2026-03-31,learned_market,20260912,0.49209198196831394,0.49209198196831394,0,1
weekly_global_ungated,3739,2026-06-26,2026-07-06,0.0005137647861506,2026,2026-03-31,learned_market,20260912,0.5758502132257926,0.5758502132257926,1,1
weekly_state_validated,3684,2026-04-03,2026-04-13,0.0380736235508991,2026,2026-03-31,learned_vol_interaction,20260910,0.515659416956686,0.515659416956686,1,1
weekly_state_validated,3688,2026-04-10,2026-04-20,0.0242766725964382,2026,2026-03-31,learned_vol_interaction,20260910,0.4493722448458667,0.4493722448458667,0,1
weekly_state_validated,3693,2026-04-17,2026-04-27,0.010401572188011,2026,2026-03-31,learned_vol_interaction,20260910,0.5273621904757047,0.5273621904757047,1,1
weekly_state_validated,3698,2026-04-24,2026-05-11,0.0263674696524953,2026,2026-03-31,learned_vol_interaction,20260910,0.562569101111175,0.562569101111175,1,1
weekly_state_validated,3705,2026-05-08,2026-05-18,-0.0134529239455926,2026,2026-03-31,learned_vol_interaction,20260910,0.7583539673291619,0.7583539673291619,1,0
weekly_state_validated,3710,2026-05-15,2026-05-25,0.0076235492615268,2026,2026-03-31,learned_vol_interaction,20260910,0.808954967014337,0.808954967014337,1,1
weekly_state_validated,3715,2026-05-22,2026-06-01,0.005068538126898,2026,2026-03-31,learned_vol_interaction,20260910,0.3451660204622861,0.3451660204622861,0,1
weekly_state_validated,3720,2026-05-29,2026-06-08,-0.039635353927193,2026,2026-03-31,learned_vol_interaction,20260910,0.40602485778719405,0.40602485778719405,0,0
weekly_state_validated,3725,2026-06-05,2026-06-15,0.0266849782195981,2026,2026-03-31,learned_vol_interaction,20260910,0.432960289448338,0.432960289448338,0,1
weekly_state_validated,3730,2026-06-12,2026-06-29,0.0076098142791176,2026,2026-03-31,learned_vol_interaction,20260910,0.4280160370991171,0.4280160370991171,0,1
weekly_state_validated,3739,2026-06-26,2026-07-06,0.0005137647861506,2026,2026-03-31,learned_vol_interaction,20260910,0.5090642838694552,0.5090642838694552,1,1
weekly_state_ungated,3684,2026-04-03,2026-04-13,0.0380736235508991,2026,2026-03-31,learned_vol_interaction,20260910,0.515659416956686,0.515659416956686,1,1
weekly_state_ungated,3688,2026-04-10,2026-04-20,0.0242766725964382,2026,2026-03-31,learned_vol_interaction,20260910,0.4493722448458667,0.4493722448458667,0,1
weekly_state_ungated,3693,2026-04-17,2026-04-27,0.010401572188011,2026,2026-03-31,learned_vol_interaction,20260910,0.5273621904757047,0.5273621904757047,1,1
weekly_state_ungated,3698,2026-04-24,2026-05-11,0.0263674696524953,2026,2026-03-31,learned_vol_interaction,20260910,0.5694734847342307,0.5694734847342307,1,1
weekly_state_ungated,3705,2026-05-08,2026-05-18,-0.0134529239455926,2026,2026-03-31,learned_vol_interaction,20260910,0.7634673949478071,0.7634673949478071,1,0
weekly_state_ungated,3710,2026-05-15,2026-05-25,0.0076235492615268,2026,2026-03-31,learned_vol_interaction,20260910,0.8312526917882771,0.8312526917882771,1,1
weekly_state_ungated,3715,2026-05-22,2026-06-01,0.005068538126898,2026,2026-03-31,learned_vol_interaction,20260910,0.38011530579055314,0.38011530579055314,0,1
weekly_state_ungated,3720,2026-05-29,2026-06-08,-0.039635353927193,2026,2026-03-31,learned_vol_interaction,20260910,0.4128211518292475,0.4128211518292475,0,0
weekly_state_ungated,3725,2026-06-05,2026-06-15,0.0266849782195981,2026,2026-03-31,learned_vol_interaction,20260910,0.43987355559859226,0.43987355559859226,0,1
weekly_state_ungated,3730,2026-06-12,2026-06-29,0.0076098142791176,2026,2026-03-31,learned_vol_interaction,20260910,0.43491090739905736,0.43491090739905736,0,1
weekly_state_ungated,3739,2026-06-26,2026-07-06,0.0005137647861506,2026,2026-03-31,learned_vol_interaction,20260910,0.516086743991634,0.516086743991634,1,1
weekly_global_validated,3684,2026-04-03,2026-04-13,0.0380736235508991,2026,2026-03-31,learned_vol_interaction,20260910,0.515659416956686,0.515659416956686,1,1
weekly_global_validated,3688,2026-04-10,2026-04-20,0.0242766725964382,2026,2026-03-31,learned_vol_interaction,20260910,0.4493722448458667,0.4493722448458667,0,1
weekly_global_validated,3693,2026-04-17,2026-04-27,0.010401572188011,2026,2026-03-31,learned_vol_interaction,20260910,0.5273621904757047,0.5273621904757047,1,1
weekly_global_validated,3698,2026-04-24,2026-05-11,0.0263674696524953,2026,2026-03-31,learned_vol_interaction,20260910,0.562569101111175,0.562569101111175,1,1
weekly_global_validated,3705,2026-05-08,2026-05-18,-0.0134529239455926,2026,2026-03-31,learned_vol_interaction,20260910,0.7583539673291619,0.7583539673291619,1,0
weekly_global_validated,3710,2026-05-15,2026-05-25,0.0076235492615268,2026,2026-03-31,learned_vol_interaction,20260910,0.808954967014337,0.808954967014337,1,1
weekly_global_validated,3715,2026-05-22,2026-06-01,0.005068538126898,2026,2026-03-31,learned_vol_interaction,20260910,0.3451660204622861,0.3451660204622861,0,1
weekly_global_validated,3720,2026-05-29,2026-06-08,-0.039635353927193,2026,2026-03-31,learned_vol_interaction,20260910,0.40602485778719405,0.40602485778719405,0,0
weekly_global_validated,3725,2026-06-05,2026-06-15,0.0266849782195981,2026,2026-03-31,learned_vol_interaction,20260910,0.432960289448338,0.432960289448338,0,1
weekly_global_validated,3730,2026-06-12,2026-06-29,0.0076098142791176,2026,2026-03-31,learned_vol_interaction,20260910,0.4280160370991171,0.4280160370991171,0,1
weekly_global_validated,3739,2026-06-26,2026-07-06,0.0005137647861506,2026,2026-03-31,learned_vol_interaction,20260910,0.5090642838694552,0.5090642838694552,1,1
weekly_global_ungated,3684,2026-04-03,2026-04-13,0.0380736235508991,2026,2026-03-31,learned_vol_interaction,20260910,0.559876467330539,0.559876467330539,1,1
weekly_global_ungated,3688,2026-04-10,2026-04-20,0.0242766725964382,2026,2026-03-31,learned_vol_interaction,20260910,0.4936991233427651,0.4936991233427651,0,1
weekly_global_ungated,3693,2026-04-17,2026-04-27,0.010401572188011,2026,2026-03-31,learned_vol_interaction,20260910,0.5713988664680751,0.5713988664680751,1,1
weekly_global_ungated,3698,2026-04-24,2026-05-11,0.0263674696524953,2026,2026-03-31,learned_vol_interaction,20260910,0.6057776196204356,0.6057776196204356,1,1
weekly_global_ungated,3705,2026-05-08,2026-05-18,-0.0134529239455926,2026,2026-03-31,learned_vol_interaction,20260910,0.7894608850824792,0.7894608850824792,1,0
weekly_global_ungated,3710,2026-05-15,2026-05-25,0.0076235492615268,2026,2026-03-31,learned_vol_interaction,20260910,0.8349656066376864,0.8349656066376864,1,1
weekly_global_ungated,3715,2026-05-22,2026-06-01,0.005068538126898,2026,2026-03-31,learned_vol_interaction,20260910,0.3864276201987722,0.3864276201987722,0,1
weekly_global_ungated,3720,2026-05-29,2026-06-08,-0.039635353927193,2026,2026-03-31,learned_vol_interaction,20260910,0.44956695531968716,0.44956695531968716,0,0
weekly_global_ungated,3725,2026-06-05,2026-06-15,0.0266849782195981,2026,2026-03-31,learned_vol_interaction,20260910,0.477070902930405,0.477070902930405,0,1
weekly_global_ungated,3730,2026-06-12,2026-06-29,0.0076098142791176,2026,2026-03-31,learned_vol_interaction,20260910,0.4720422599689806,0.4720422599689806,0,1
weekly_global_ungated,3739,2026-06-26,2026-07-06,0.0005137647861506,2026,2026-03-31,learned_vol_interaction,20260910,0.5533619245697413,0.5533619245697413,1,1
weekly_state_validated,3684,2026-04-03,2026-04-13,0.0380736235508991,2026,2026-03-31,learned_vol_interaction,20260911,0.4940578595412546,0.4940578595412546,0,1
weekly_state_validated,3688,2026-04-10,2026-04-20,0.0242766725964382,2026,2026-03-31,learned_vol_interaction,20260911,0.4337471397432452,0.4337471397432452,0,1
weekly_state_validated,3693,2026-04-17,2026-04-27,0.010401572188011,2026,2026-03-31,learned_vol_interaction,20260911,0.4850032907922162,0.4850032907922162,0,1
weekly_state_validated,3698,2026-04-24,2026-05-11,0.0263674696524953,2026,2026-03-31,learned_vol_interaction,20260911,0.4058893273550579,0.4058893273550579,0,1
weekly_state_validated,3705,2026-05-08,2026-05-18,-0.0134529239455926,2026,2026-03-31,learned_vol_interaction,20260911,0.42973836440374286,0.42973836440374286,0,0
weekly_state_validated,3710,2026-05-15,2026-05-25,0.0076235492615268,2026,2026-03-31,learned_vol_interaction,20260911,0.4949230127164896,0.4949230127164896,0,1
weekly_state_validated,3715,2026-05-22,2026-06-01,0.005068538126898,2026,2026-03-31,learned_vol_interaction,20260911,0.5688910502105043,0.5688910502105043,1,1
weekly_state_validated,3720,2026-05-29,2026-06-08,-0.039635353927193,2026,2026-03-31,learned_vol_interaction,20260911,0.5277526974219006,0.5277526974219006,1,0
weekly_state_validated,3725,2026-06-05,2026-06-15,0.0266849782195981,2026,2026-03-31,learned_vol_interaction,20260911,0.3941068335829671,0.3941068335829671,0,1
weekly_state_validated,3730,2026-06-12,2026-06-29,0.0076098142791176,2026,2026-03-31,learned_vol_interaction,20260911,0.3023086014266972,0.3023086014266972,0,1
weekly_state_validated,3739,2026-06-26,2026-07-06,0.0005137647861506,2026,2026-03-31,learned_vol_interaction,20260911,0.4831146486882105,0.4831146486882105,0,1
weekly_state_ungated,3684,2026-04-03,2026-04-13,0.0380736235508991,2026,2026-03-31,learned_vol_interaction,20260911,0.4940578595412546,0.4940578595412546,0,1
weekly_state_ungated,3688,2026-04-10,2026-04-20,0.0242766725964382,2026,2026-03-31,learned_vol_interaction,20260911,0.4337471397432452,0.4337471397432452,0,1
weekly_state_ungated,3693,2026-04-17,2026-04-27,0.010401572188011,2026,2026-03-31,learned_vol_interaction,20260911,0.4850032907922162,0.4850032907922162,0,1
weekly_state_ungated,3698,2026-04-24,2026-05-11,0.0263674696524953,2026,2026-03-31,learned_vol_interaction,20260911,0.41725653360546794,0.41725653360546794,0,1
weekly_state_ungated,3705,2026-05-08,2026-05-18,-0.0134529239455926,2026,2026-03-31,learned_vol_interaction,20260911,0.44127738821465606,0.44127738821465606,0,0
weekly_state_ungated,3710,2026-05-15,2026-05-25,0.0076235492615268,2026,2026-03-31,learned_vol_interaction,20260911,0.5374654431063818,0.5374654431063818,1,1
weekly_state_ungated,3715,2026-05-22,2026-06-01,0.005068538126898,2026,2026-03-31,learned_vol_interaction,20260911,0.6101112651795637,0.6101112651795637,1,1
weekly_state_ungated,3720,2026-05-29,2026-06-08,-0.039635353927193,2026,2026-03-31,learned_vol_interaction,20260911,0.5394339936410275,0.5394339936410275,1,0
weekly_state_ungated,3725,2026-06-05,2026-06-15,0.0266849782195981,2026,2026-03-31,learned_vol_interaction,20260911,0.4053692103879595,0.4053692103879595,0,1
weekly_state_ungated,3730,2026-06-12,2026-06-29,0.0076098142791176,2026,2026-03-31,learned_vol_interaction,20260911,0.3122998172179804,0.3122998172179804,0,1
weekly_state_ungated,3739,2026-06-26,2026-07-06,0.0005137647861506,2026,2026-03-31,learned_vol_interaction,20260911,0.4948432193325844,0.4948432193325844,0,1
weekly_global_validated,3684,2026-04-03,2026-04-13,0.0380736235508991,2026,2026-03-31,learned_vol_interaction,20260911,0.4940578595412546,0.4940578595412546,0,1
weekly_global_validated,3688,2026-04-10,2026-04-20,0.0242766725964382,2026,2026-03-31,learned_vol_interaction,20260911,0.4337471397432452,0.4337471397432452,0,1
weekly_global_validated,3693,2026-04-17,2026-04-27,0.010401572188011,2026,2026-03-31,learned_vol_interaction,20260911,0.4850032907922162,0.4850032907922162,0,1
weekly_global_validated,3698,2026-04-24,2026-05-11,0.0263674696524953,2026,2026-03-31,learned_vol_interaction,20260911,0.4058893273550579,0.4058893273550579,0,1
weekly_global_validated,3705,2026-05-08,2026-05-18,-0.0134529239455926,2026,2026-03-31,learned_vol_interaction,20260911,0.42973836440374286,0.42973836440374286,0,0
weekly_global_validated,3710,2026-05-15,2026-05-25,0.0076235492615268,2026,2026-03-31,learned_vol_interaction,20260911,0.4949230127164896,0.4949230127164896,0,1
weekly_global_validated,3715,2026-05-22,2026-06-01,0.005068538126898,2026,2026-03-31,learned_vol_interaction,20260911,0.5688910502105043,0.5688910502105043,1,1
weekly_global_validated,3720,2026-05-29,2026-06-08,-0.039635353927193,2026,2026-03-31,learned_vol_interaction,20260911,0.5277526974219006,0.5277526974219006,1,0
weekly_global_validated,3725,2026-06-05,2026-06-15,0.0266849782195981,2026,2026-03-31,learned_vol_interaction,20260911,0.3941068335829671,0.3941068335829671,0,1
weekly_global_validated,3730,2026-06-12,2026-06-29,0.0076098142791176,2026,2026-03-31,learned_vol_interaction,20260911,0.3023086014266972,0.3023086014266972,0,1
weekly_global_validated,3739,2026-06-26,2026-07-06,0.0005137647861506,2026,2026-03-31,learned_vol_interaction,20260911,0.4831146486882105,0.4831146486882105,0,1
weekly_global_ungated,3684,2026-04-03,2026-04-13,0.0380736235508991,2026,2026-03-31,learned_vol_interaction,20260911,0.5458221588161882,0.5458221588161882,1,1
weekly_global_ungated,3688,2026-04-10,2026-04-20,0.0242766725964382,2026,2026-03-31,learned_vol_interaction,20260911,0.48525304184723206,0.48525304184723206,0,1
weekly_global_ungated,3693,2026-04-17,2026-04-27,0.010401572188011,2026,2026-03-31,learned_vol_interaction,20260911,0.5368254987869677,0.5368254987869677,1,1
weekly_global_ungated,3698,2026-04-24,2026-05-11,0.0263674696524953,2026,2026-03-31,learned_vol_interaction,20260911,0.4567555529326833,0.4567555529326833,0,1
weekly_global_ungated,3705,2026-05-08,2026-05-18,-0.0134529239455926,2026,2026-03-31,learned_vol_interaction,20260911,0.4811727428421202,0.4811727428421202,0,0
weekly_global_ungated,3710,2026-05-15,2026-05-25,0.0076235492615268,2026,2026-03-31,learned_vol_interaction,20260911,0.5466800133331913,0.5466800133331913,1,1
weekly_global_ungated,3715,2026-05-22,2026-06-01,0.005068538126898,2026,2026-03-31,learned_vol_interaction,20260911,0.6189047743886908,0.6189047743886908,1,1
weekly_global_ungated,3720,2026-05-29,2026-06-08,-0.039635353927193,2026,2026-03-31,learned_vol_interaction,20260911,0.5790071676274382,0.5790071676274382,1,0
weekly_global_ungated,3725,2026-06-05,2026-06-15,0.0266849782195981,2026,2026-03-31,learned_vol_interaction,20260911,0.4446014728870861,0.4446014728870861,0,1
weekly_global_ungated,3730,2026-06-12,2026-06-29,0.0076098142791176,2026,2026-03-31,learned_vol_interaction,20260911,0.34779300866364693,0.34779300866364693,0,1
weekly_global_ungated,3739,2026-06-26,2026-07-06,0.0005137647861506,2026,2026-03-31,learned_vol_interaction,20260911,0.5349446732312902,0.5349446732312902,1,1
weekly_state_validated,3684,2026-04-03,2026-04-13,0.0380736235508991,2026,2026-03-31,learned_vol_interaction,20260912,0.44194013633414186,0.44194013633414186,0,1
weekly_state_validated,3688,2026-04-10,2026-04-20,0.0242766725964382,2026,2026-03-31,learned_vol_interaction,20260912,0.474602811789107,0.474602811789107,0,1
weekly_state_validated,3693,2026-04-17,2026-04-27,0.010401572188011,2026,2026-03-31,learned_vol_interaction,20260912,0.4655670623093444,0.4655670623093444,0,1
weekly_state_validated,3698,2026-04-24,2026-05-11,0.0263674696524953,2026,2026-03-31,learned_vol_interaction,20260912,0.42735120615774097,0.42735120615774097,0,1
weekly_state_validated,3705,2026-05-08,2026-05-18,-0.0134529239455926,2026,2026-03-31,learned_vol_interaction,20260912,0.45536406167315674,0.45536406167315674,0,0
weekly_state_validated,3710,2026-05-15,2026-05-25,0.0076235492615268,2026,2026-03-31,learned_vol_interaction,20260912,0.5065051153684339,0.5065051153684339,1,1
weekly_state_validated,3715,2026-05-22,2026-06-01,0.005068538126898,2026,2026-03-31,learned_vol_interaction,20260912,0.49203695640068734,0.49203695640068734,0,1
weekly_state_validated,3720,2026-05-29,2026-06-08,-0.039635353927193,2026,2026-03-31,learned_vol_interaction,20260912,0.47113595890062737,0.47113595890062737,0,0
weekly_state_validated,3725,2026-06-05,2026-06-15,0.0266849782195981,2026,2026-03-31,learned_vol_interaction,20260912,0.45682558024935527,0.45682558024935527,0,1
weekly_state_validated,3730,2026-06-12,2026-06-29,0.0076098142791176,2026,2026-03-31,learned_vol_interaction,20260912,0.442975733059148,0.442975733059148,0,1
weekly_state_validated,3739,2026-06-26,2026-07-06,0.0005137647861506,2026,2026-03-31,learned_vol_interaction,20260912,0.5201528170131723,0.5201528170131723,1,1
weekly_state_ungated,3684,2026-04-03,2026-04-13,0.0380736235508991,2026,2026-03-31,learned_vol_interaction,20260912,0.44194013633414186,0.44194013633414186,0,1
weekly_state_ungated,3688,2026-04-10,2026-04-20,0.0242766725964382,2026,2026-03-31,learned_vol_interaction,20260912,0.474602811789107,0.474602811789107,0,1
weekly_state_ungated,3693,2026-04-17,2026-04-27,0.010401572188011,2026,2026-03-31,learned_vol_interaction,20260912,0.4655670623093444,0.4655670623093444,0,1
weekly_state_ungated,3698,2026-04-24,2026-05-11,0.0263674696524953,2026,2026-03-31,learned_vol_interaction,20260912,0.42883521120555174,0.42883521120555174,0,1
weekly_state_ungated,3705,2026-05-08,2026-05-18,-0.0134529239455926,2026,2026-03-31,learned_vol_interaction,20260912,0.45686773457577895,0.45686773457577895,0,0
weekly_state_ungated,3710,2026-05-15,2026-05-25,0.0076235492615268,2026,2026-03-31,learned_vol_interaction,20260912,0.5454137673457805,0.5454137673457805,1,1
weekly_state_ungated,3715,2026-05-22,2026-06-01,0.005068538126898,2026,2026-03-31,learned_vol_interaction,20260912,0.5310301425630253,0.5310301425630253,1,1
weekly_state_ungated,3720,2026-05-29,2026-06-08,-0.039635353927193,2026,2026-03-31,learned_vol_interaction,20260912,0.4726465158047177,0.4726465158047177,0,0
weekly_state_ungated,3725,2026-06-05,2026-06-15,0.0266849782195981,2026,2026-03-31,learned_vol_interaction,20260912,0.45833001792622285,0.45833001792622285,0,1
weekly_state_ungated,3730,2026-06-12,2026-06-29,0.0076098142791176,2026,2026-03-31,learned_vol_interaction,20260912,0.4444718825827059,0.4444718825827059,0,1
weekly_state_ungated,3739,2026-06-26,2026-07-06,0.0005137647861506,2026,2026-03-31,learned_vol_interaction,20260912,0.5216655130413135,0.5216655130413135,1,1
weekly_global_validated,3684,2026-04-03,2026-04-13,0.0380736235508991,2026,2026-03-31,learned_vol_interaction,20260912,0.44194013633414186,0.44194013633414186,0,1
weekly_global_validated,3688,2026-04-10,2026-04-20,0.0242766725964382,2026,2026-03-31,learned_vol_interaction,20260912,0.474602811789107,0.474602811789107,0,1
weekly_global_validated,3693,2026-04-17,2026-04-27,0.010401572188011,2026,2026-03-31,learned_vol_interaction,20260912,0.4655670623093444,0.4655670623093444,0,1
weekly_global_validated,3698,2026-04-24,2026-05-11,0.0263674696524953,2026,2026-03-31,learned_vol_interaction,20260912,0.42735120615774097,0.42735120615774097,0,1
weekly_global_validated,3705,2026-05-08,2026-05-18,-0.0134529239455926,2026,2026-03-31,learned_vol_interaction,20260912,0.45536406167315674,0.45536406167315674,0,0
weekly_global_validated,3710,2026-05-15,2026-05-25,0.0076235492615268,2026,2026-03-31,learned_vol_interaction,20260912,0.5065051153684339,0.5065051153684339,1,1
weekly_global_validated,3715,2026-05-22,2026-06-01,0.005068538126898,2026,2026-03-31,learned_vol_interaction,20260912,0.49203695640068734,0.49203695640068734,0,1
weekly_global_validated,3720,2026-05-29,2026-06-08,-0.039635353927193,2026,2026-03-31,learned_vol_interaction,20260912,0.47113595890062737,0.47113595890062737,0,0
weekly_global_validated,3725,2026-06-05,2026-06-15,0.0266849782195981,2026,2026-03-31,learned_vol_interaction,20260912,0.45682558024935527,0.45682558024935527,0,1
weekly_global_validated,3730,2026-06-12,2026-06-29,0.0076098142791176,2026,2026-03-31,learned_vol_interaction,20260912,0.442975733059148,0.442975733059148,0,1
weekly_global_validated,3739,2026-06-26,2026-07-06,0.0005137647861506,2026,2026-03-31,learned_vol_interaction,20260912,0.5201528170131723,0.5201528170131723,1,1
weekly_global_ungated,3684,2026-04-03,2026-04-13,0.0380736235508991,2026,2026-03-31,learned_vol_interaction,20260912,0.48499038439167935,0.48499038439167935,0,1
weekly_global_ungated,3688,2026-04-10,2026-04-20,0.0242766725964382,2026,2026-03-31,learned_vol_interaction,20260912,0.5178821300570956,0.5178821300570956,1,1
weekly_global_ungated,3693,2026-04-17,2026-04-27,0.010401572188011,2026,2026-03-31,learned_vol_interaction,20260912,0.5088203833299346,0.5088203833299346,1,1
weekly_global_ungated,3698,2026-04-24,2026-05-11,0.0263674696524953,2026,2026-03-31,learned_vol_interaction,20260912,0.4701776564084927,0.4701776564084927,0,1
weekly_global_ungated,3705,2026-05-08,2026-05-18,-0.0134529239455926,2026,2026-03-31,learned_vol_interaction,20260912,0.49855374497964444,0.49855374497964444,0,0
weekly_global_ungated,3710,2026-05-15,2026-05-25,0.0076235492615268,2026,2026-03-31,learned_vol_interaction,20260912,0.5496501419763845,0.5496501419763845,1,1
weekly_global_ungated,3715,2026-05-22,2026-06-01,0.005068538126898,2026,2026-03-31,learned_vol_interaction,20260912,0.5352863504715546,0.5352863504715546,1,1
weekly_global_ungated,3720,2026-05-29,2026-06-08,-0.039635353927193,2026,2026-03-31,learned_vol_interaction,20260912,0.5144086651038456,0.5144086651038456,1,0
weekly_global_ungated,3725,2026-06-05,2026-06-15,0.0266849782195981,2026,2026-03-31,learned_vol_interaction,20260912,0.5000266174521467,0.5000266174521467,1,1
weekly_global_ungated,3730,2026-06-12,2026-06-29,0.0076098142791176,2026,2026-03-31,learned_vol_interaction,20260912,0.48603900020030616,0.48603900020030616,0,1
weekly_global_ungated,3739,2026-06-26,2026-07-06,0.0005137647861506,2026,2026-03-31,learned_vol_interaction,20260912,0.563133793811963,0.563133793811963,1,1
weekly_state_validated,3684,2026-04-03,2026-04-13,0.0380736235508991,2026,2026-03-31,learned_order_extension,20260910,0.4794368120870296,0.4794368120870296,0,1
weekly_state_validated,3688,2026-04-10,2026-04-20,0.0242766725964382,2026,2026-03-31,learned_order_extension,20260910,0.46167487445755256,0.46167487445755256,0,1
weekly_state_validated,3693,2026-04-17,2026-04-27,0.010401572188011,2026,2026-03-31,learned_order_extension,20260910,0.48915840397780913,0.48915840397780913,0,1
weekly_state_validated,3698,2026-04-24,2026-05-11,0.0263674696524953,2026,2026-03-31,learned_order_extension,20260910,0.5334939283024217,0.5334939283024217,1,1
weekly_state_validated,3705,2026-05-08,2026-05-18,-0.0134529239455926,2026,2026-03-31,learned_order_extension,20260910,0.6608729457947353,0.6608729457947353,1,0
weekly_state_validated,3710,2026-05-15,2026-05-25,0.0076235492615268,2026,2026-03-31,learned_order_extension,20260910,0.6621456099988644,0.6621456099988644,1,1
weekly_state_validated,3715,2026-05-22,2026-06-01,0.005068538126898,2026,2026-03-31,learned_order_extension,20260910,0.40802462143294466,0.40802462143294466,0,1
weekly_state_validated,3720,2026-05-29,2026-06-08,-0.039635353927193,2026,2026-03-31,learned_order_extension,20260910,0.4710367249905899,0.4710367249905899,0,0
weekly_state_validated,3725,2026-06-05,2026-06-15,0.0266849782195981,2026,2026-03-31,learned_order_extension,20260910,0.4787674603567685,0.4787674603567685,0,1
weekly_state_validated,3730,2026-06-12,2026-06-29,0.0076098142791176,2026,2026-03-31,learned_order_extension,20260910,0.46726942898894935,0.46726942898894935,0,1
weekly_state_validated,3739,2026-06-26,2026-07-06,0.0005137647861506,2026,2026-03-31,learned_order_extension,20260910,0.50390759823315,0.50390759823315,1,1
weekly_state_ungated,3684,2026-04-03,2026-04-13,0.0380736235508991,2026,2026-03-31,learned_order_extension,20260910,0.4794368120870296,0.4794368120870296,0,1
weekly_state_ungated,3688,2026-04-10,2026-04-20,0.0242766725964382,2026,2026-03-31,learned_order_extension,20260910,0.46167487445755256,0.46167487445755256,0,1
weekly_state_ungated,3693,2026-04-17,2026-04-27,0.010401572188011,2026,2026-03-31,learned_order_extension,20260910,0.48915840397780913,0.48915840397780913,0,1
weekly_state_ungated,3698,2026-04-24,2026-05-11,0.0263674696524953,2026,2026-03-31,learned_order_extension,20260910,0.5427467905055061,0.5427467905055061,1,1
weekly_state_ungated,3705,2026-05-08,2026-05-18,-0.0134529239455926,2026,2026-03-31,learned_order_extension,20260910,0.6691660643855659,0.6691660643855659,1,0
weekly_state_ungated,3710,2026-05-15,2026-05-25,0.0076235492615268,2026,2026-03-31,learned_order_extension,20260910,0.6967778325173297,0.6967778325173297,1,1
weekly_state_ungated,3715,2026-05-22,2026-06-01,0.005068538126898,2026,2026-03-31,learned_order_extension,20260910,0.44694864631907255,0.44694864631907255,0,1
weekly_state_ungated,3720,2026-05-29,2026-06-08,-0.039635353927193,2026,2026-03-31,learned_order_extension,20260910,0.48032166771906154,0.48032166771906154,0,0
weekly_state_ungated,3725,2026-06-05,2026-06-15,0.0266849782195981,2026,2026-03-31,learned_order_extension,20260910,0.48806418547505,0.48806418547505,0,1
weekly_state_ungated,3730,2026-06-12,2026-06-29,0.0076098142791176,2026,2026-03-31,learned_order_extension,20260910,0.47654701312531955,0.47654701312531955,0,1
weekly_state_ungated,3739,2026-06-26,2026-07-06,0.0005137647861506,2026,2026-03-31,learned_order_extension,20260910,0.5132118353242173,0.5132118353242173,1,1
weekly_global_validated,3684,2026-04-03,2026-04-13,0.0380736235508991,2026,2026-03-31,learned_order_extension,20260910,0.4794368120870296,0.4794368120870296,0,1
weekly_global_validated,3688,2026-04-10,2026-04-20,0.0242766725964382,2026,2026-03-31,learned_order_extension,20260910,0.46167487445755256,0.46167487445755256,0,1
weekly_global_validated,3693,2026-04-17,2026-04-27,0.010401572188011,2026,2026-03-31,learned_order_extension,20260910,0.48915840397780913,0.48915840397780913,0,1
weekly_global_validated,3698,2026-04-24,2026-05-11,0.0263674696524953,2026,2026-03-31,learned_order_extension,20260910,0.5334939283024217,0.5334939283024217,1,1
weekly_global_validated,3705,2026-05-08,2026-05-18,-0.0134529239455926,2026,2026-03-31,learned_order_extension,20260910,0.6608729457947353,0.6608729457947353,1,0
weekly_global_validated,3710,2026-05-15,2026-05-25,0.0076235492615268,2026,2026-03-31,learned_order_extension,20260910,0.6621456099988644,0.6621456099988644,1,1
weekly_global_validated,3715,2026-05-22,2026-06-01,0.005068538126898,2026,2026-03-31,learned_order_extension,20260910,0.40802462143294466,0.40802462143294466,0,1
weekly_global_validated,3720,2026-05-29,2026-06-08,-0.039635353927193,2026,2026-03-31,learned_order_extension,20260910,0.4710367249905899,0.4710367249905899,0,0
weekly_global_validated,3725,2026-06-05,2026-06-15,0.0266849782195981,2026,2026-03-31,learned_order_extension,20260910,0.4787674603567685,0.4787674603567685,0,1
weekly_global_validated,3730,2026-06-12,2026-06-29,0.0076098142791176,2026,2026-03-31,learned_order_extension,20260910,0.46726942898894935,0.46726942898894935,0,1
weekly_global_validated,3739,2026-06-26,2026-07-06,0.0005137647861506,2026,2026-03-31,learned_order_extension,20260910,0.50390759823315,0.50390759823315,1,1
weekly_global_ungated,3684,2026-04-03,2026-04-13,0.0380736235508991,2026,2026-03-31,learned_order_extension,20260910,0.5250290572664459,0.5250290572664459,1,1
weekly_global_ungated,3688,2026-04-10,2026-04-20,0.0242766725964382,2026,2026-03-31,learned_order_extension,20260910,0.5072238372524288,0.5072238372524288,1,1
weekly_global_ungated,3693,2026-04-17,2026-04-27,0.010401572188011,2026,2026-03-31,learned_order_extension,20260910,0.5347254980195522,0.5347254980195522,1,1
weekly_global_ungated,3698,2026-04-24,2026-05-11,0.0263674696524953,2026,2026-03-31,learned_order_extension,20260910,0.5785139075969135,0.5785139075969135,1,1
weekly_global_ungated,3705,2026-05-08,2026-05-18,-0.0134529239455926,2026,2026-03-31,learned_order_extension,20260910,0.700501254861382,0.700501254861382,1,0
weekly_global_ungated,3710,2026-05-15,2026-05-25,0.0076235492615268,2026,2026-03-31,learned_order_extension,20260910,0.7016923312756155,0.7016923312756155,1,1
weekly_global_ungated,3715,2026-05-22,2026-06-01,0.005068538126898,2026,2026-03-31,learned_order_extension,20260910,0.4527319791097635,0.4527319791097635,0,1
weekly_global_ungated,3720,2026-05-29,2026-06-08,-0.039635353927193,2026,2026-03-31,learned_order_extension,20260910,0.5166229237923133,0.5166229237923133,1,0
weekly_global_ungated,3725,2026-06-05,2026-06-15,0.0266849782195981,2026,2026-03-31,learned_order_extension,20260910,0.5243601698152128,0.5243601698152128,1,1
weekly_global_ungated,3730,2026-06-12,2026-06-29,0.0076098142791176,2026,2026-03-31,learned_order_extension,20260910,0.512844517782218,0.512844517782218,1,1
weekly_global_ungated,3739,2026-06-26,2026-07-06,0.0005137647861506,2026,2026-03-31,learned_order_extension,20260910,0.5493710643331529,0.5493710643331529,1,1
weekly_state_validated,3684,2026-04-03,2026-04-13,0.0380736235508991,2026,2026-03-31,learned_order_extension,20260911,0.5225865555186127,0.5225865555186127,1,1
weekly_state_validated,3688,2026-04-10,2026-04-20,0.0242766725964382,2026,2026-03-31,learned_order_extension,20260911,0.3902218447958239,0.3902218447958239,0,1
weekly_state_validated,3693,2026-04-17,2026-04-27,0.010401572188011,2026,2026-03-31,learned_order_extension,20260911,0.47502129653057895,0.47502129653057895,0,1
weekly_state_validated,3698,2026-04-24,2026-05-11,0.0263674696524953,2026,2026-03-31,learned_order_extension,20260911,0.3615628091350967,0.3615628091350967,0,1
weekly_state_validated,3705,2026-05-08,2026-05-18,-0.0134529239455926,2026,2026-03-31,learned_order_extension,20260911,0.37473317599903294,0.37473317599903294,0,0
weekly_state_validated,3710,2026-05-15,2026-05-25,0.0076235492615268,2026,2026-03-31,learned_order_extension,20260911,0.48789190366124763,0.48789190366124763,0,1
weekly_state_validated,3715,2026-05-22,2026-06-01,0.005068538126898,2026,2026-03-31,learned_order_extension,20260911,0.6050079630522534,0.6050079630522534,1,1
weekly_state_validated,3720,2026-05-29,2026-06-08,-0.039635353927193,2026,2026-03-31,learned_order_extension,20260911,0.5389218116035444,0.5389218116035444,1,0
weekly_state_validated,3725,2026-06-05,2026-06-15,0.0266849782195981,2026,2026-03-31,learned_order_extension,20260911,0.3259340934446785,0.3259340934446785,0,1
weekly_state_validated,3730,2026-06-12,2026-06-29,0.0076098142791176,2026,2026-03-31,learned_order_extension,20260911,0.20659956001017632,0.20659956001017632,0,1
weekly_state_validated,3739,2026-06-26,2026-07-06,0.0005137647861506,2026,2026-03-31,learned_order_extension,20260911,0.43462554431806527,0.43462554431806527,0,1
weekly_state_ungated,3684,2026-04-03,2026-04-13,0.0380736235508991,2026,2026-03-31,learned_order_extension,20260911,0.5225865555186127,0.5225865555186127,1,1
weekly_state_ungated,3688,2026-04-10,2026-04-20,0.0242766725964382,2026,2026-03-31,learned_order_extension,20260911,0.3902218447958239,0.3902218447958239,0,1
weekly_state_ungated,3693,2026-04-17,2026-04-27,0.010401572188011,2026,2026-03-31,learned_order_extension,20260911,0.47502129653057895,0.47502129653057895,0,1
weekly_state_ungated,3698,2026-04-24,2026-05-11,0.0263674696524953,2026,2026-03-31,learned_order_extension,20260911,0.37351470870322984,0.37351470870322984,0,1
weekly_state_ungated,3705,2026-05-08,2026-05-18,-0.0134529239455926,2026,2026-03-31,learned_order_extension,20260911,0.38685663316365565,0.38685663316365565,0,0
weekly_state_ungated,3710,2026-05-15,2026-05-25,0.0076235492615268,2026,2026-03-31,learned_order_extension,20260911,0.5303407385112915,0.5303407385112915,1,1
weekly_state_ungated,3715,2026-05-22,2026-06-01,0.005068538126898,2026,2026-03-31,learned_order_extension,20260911,0.6448162468489205,0.6448162468489205,1,1
weekly_state_ungated,3720,2026-05-29,2026-06-08,-0.039635353927193,2026,2026-03-31,learned_order_extension,20260911,0.5516704964383216,0.5516704964383216,1,0
weekly_state_ungated,3725,2026-06-05,2026-06-15,0.0266849782195981,2026,2026-03-31,learned_order_extension,20260911,0.33733052950016573,0.33733052950016573,0,1
weekly_state_ungated,3730,2026-06-12,2026-06-29,0.0076098142791176,2026,2026-03-31,learned_order_extension,20260911,0.21515525807072874,0.21515525807072874,0,1
weekly_state_ungated,3739,2026-06-26,2026-07-06,0.0005137647861506,2026,2026-03-31,learned_order_extension,20260911,0.44730050496225837,0.44730050496225837,0,1
weekly_global_validated,3684,2026-04-03,2026-04-13,0.0380736235508991,2026,2026-03-31,learned_order_extension,20260911,0.5225865555186127,0.5225865555186127,1,1
weekly_global_validated,3688,2026-04-10,2026-04-20,0.0242766725964382,2026,2026-03-31,learned_order_extension,20260911,0.3902218447958239,0.3902218447958239,0,1
weekly_global_validated,3693,2026-04-17,2026-04-27,0.010401572188011,2026,2026-03-31,learned_order_extension,20260911,0.47502129653057895,0.47502129653057895,0,1
weekly_global_validated,3698,2026-04-24,2026-05-11,0.0263674696524953,2026,2026-03-31,learned_order_extension,20260911,0.3615628091350967,0.3615628091350967,0,1
weekly_global_validated,3705,2026-05-08,2026-05-18,-0.0134529239455926,2026,2026-03-31,learned_order_extension,20260911,0.37473317599903294,0.37473317599903294,0,0
weekly_global_validated,3710,2026-05-15,2026-05-25,0.0076235492615268,2026,2026-03-31,learned_order_extension,20260911,0.48789190366124763,0.48789190366124763,0,1
weekly_global_validated,3715,2026-05-22,2026-06-01,0.005068538126898,2026,2026-03-31,learned_order_extension,20260911,0.6050079630522534,0.6050079630522534,1,1
weekly_global_validated,3720,2026-05-29,2026-06-08,-0.039635353927193,2026,2026-03-31,learned_order_extension,20260911,0.5389218116035444,0.5389218116035444,1,0
weekly_global_validated,3725,2026-06-05,2026-06-15,0.0266849782195981,2026,2026-03-31,learned_order_extension,20260911,0.3259340934446785,0.3259340934446785,0,1
weekly_global_validated,3730,2026-06-12,2026-06-29,0.0076098142791176,2026,2026-03-31,learned_order_extension,20260911,0.20659956001017632,0.20659956001017632,0,1
weekly_global_validated,3739,2026-06-26,2026-07-06,0.0005137647861506,2026,2026-03-31,learned_order_extension,20260911,0.43462554431806527,0.43462554431806527,0,1
weekly_global_ungated,3684,2026-04-03,2026-04-13,0.0380736235508991,2026,2026-03-31,learned_order_extension,20260911,0.5750421173698433,0.5750421173698433,1,1
weekly_global_ungated,3688,2026-04-10,2026-04-20,0.0242766725964382,2026,2026-03-31,learned_order_extension,20260911,0.44168303466747894,0.44168303466747894,0,1
weekly_global_ungated,3693,2026-04-17,2026-04-27,0.010401572188011,2026,2026-03-31,learned_order_extension,20260911,0.5279825829897816,0.5279825829897816,1,1
weekly_global_ungated,3698,2026-04-24,2026-05-11,0.0263674696524953,2026,2026-03-31,learned_order_extension,20260911,0.4117968931040947,0.4117968931040947,0,1
weekly_global_ungated,3705,2026-05-08,2026-05-18,-0.0134529239455926,2026,2026-03-31,learned_order_extension,20260911,0.42557734192264945,0.42557734192264945,0,0
weekly_global_ungated,3710,2026-05-15,2026-05-25,0.0076235492615268,2026,2026-03-31,learned_order_extension,20260911,0.5408099171206192,0.5408099171206192,1,1
weekly_global_ungated,3715,2026-05-22,2026-06-01,0.005068538126898,2026,2026-03-31,learned_order_extension,20260911,0.6543965480458471,0.6543965480458471,1,1
weekly_global_ungated,3720,2026-05-29,2026-06-08,-0.039635353927193,2026,2026-03-31,learned_order_extension,20260911,0.5909873030566507,0.5909873030566507,1,0
weekly_global_ungated,3725,2026-06-05,2026-06-15,0.0266849782195981,2026,2026-03-31,learned_order_extension,20260911,0.37411878972263063,0.37411878972263063,0,1
weekly_global_ungated,3730,2026-06-12,2026-06-29,0.0076098142791176,2026,2026-03-31,learned_order_extension,20260911,0.243515736336918,0.243515736336918,0,1
weekly_global_ungated,3739,2026-06-26,2026-07-06,0.0005137647861506,2026,2026-03-31,learned_order_extension,20260911,0.48726326797687947,0.48726326797687947,0,1
weekly_state_validated,3684,2026-04-03,2026-04-13,0.0380736235508991,2026,2026-03-31,learned_order_extension,20260912,0.4144033852774401,0.4144033852774401,0,1
weekly_state_validated,3688,2026-04-10,2026-04-20,0.0242766725964382,2026,2026-03-31,learned_order_extension,20260912,0.47938167585700264,0.47938167585700264,0,1
weekly_state_validated,3693,2026-04-17,2026-04-27,0.010401572188011,2026,2026-03-31,learned_order_extension,20260912,0.4174512738947204,0.4174512738947204,0,1
weekly_state_validated,3698,2026-04-24,2026-05-11,0.0263674696524953,2026,2026-03-31,learned_order_extension,20260912,0.40789835430240917,0.40789835430240917,0,1
weekly_state_validated,3705,2026-05-08,2026-05-18,-0.0134529239455926,2026,2026-03-31,learned_order_extension,20260912,0.4584298418185969,0.4584298418185969,0,0
weekly_state_validated,3710,2026-05-15,2026-05-25,0.0076235492615268,2026,2026-03-31,learned_order_extension,20260912,0.5410895291105667,0.5410895291105667,1,1
weekly_state_validated,3715,2026-05-22,2026-06-01,0.005068538126898,2026,2026-03-31,learned_order_extension,20260912,0.5021226383630596,0.5021226383630596,1,1
weekly_state_validated,3720,2026-05-29,2026-06-08,-0.039635353927193,2026,2026-03-31,learned_order_extension,20260912,0.4573299409387087,0.4573299409387087,0,0
weekly_state_validated,3725,2026-06-05,2026-06-15,0.0266849782195981,2026,2026-03-31,learned_order_extension,20260912,0.4366421559336363,0.4366421559336363,0,1
weekly_state_validated,3730,2026-06-12,2026-06-29,0.0076098142791176,2026,2026-03-31,learned_order_extension,20260912,0.4102842493878904,0.4102842493878904,0,1
weekly_state_validated,3739,2026-06-26,2026-07-06,0.0005137647861506,2026,2026-03-31,learned_order_extension,20260912,0.5188140124051438,0.5188140124051438,1,1
weekly_state_ungated,3684,2026-04-03,2026-04-13,0.0380736235508991,2026,2026-03-31,learned_order_extension,20260912,0.4144033852774401,0.4144033852774401,0,1
weekly_state_ungated,3688,2026-04-10,2026-04-20,0.0242766725964382,2026,2026-03-31,learned_order_extension,20260912,0.47938167585700264,0.47938167585700264,0,1
weekly_state_ungated,3693,2026-04-17,2026-04-27,0.010401572188011,2026,2026-03-31,learned_order_extension,20260912,0.4174512738947204,0.4174512738947204,0,1
weekly_state_ungated,3698,2026-04-24,2026-05-11,0.0263674696524953,2026,2026-03-31,learned_order_extension,20260912,0.41044999116207714,0.41044999116207714,0,1
weekly_state_ungated,3705,2026-05-08,2026-05-18,-0.0134529239455926,2026,2026-03-31,learned_order_extension,20260912,0.46105144200132947,0.46105144200132947,0,0
weekly_state_ungated,3710,2026-05-15,2026-05-25,0.0076235492615268,2026,2026-03-31,learned_order_extension,20260912,0.5816793901252518,0.5816793901252518,1,1
weekly_state_ungated,3715,2026-05-22,2026-06-01,0.005068538126898,2026,2026-03-31,learned_order_extension,20260912,0.5432497116289837,0.5432497116289837,1,1
weekly_state_ungated,3720,2026-05-29,2026-06-08,-0.039635353927193,2026,2026-03-31,learned_order_extension,20260912,0.45995059316871967,0.45995059316871967,0,0
weekly_state_ungated,3725,2026-06-05,2026-06-15,0.0266849782195981,2026,2026-03-31,learned_order_extension,20260912,0.43924021360999577,0.43924021360999577,0,1
weekly_state_ungated,3730,2026-06-12,2026-06-29,0.0076098142791176,2026,2026-03-31,learned_order_extension,20260912,0.4128404048942604,0.4128404048942604,0,1
weekly_state_ungated,3739,2026-06-26,2026-07-06,0.0005137647861506,2026,2026-03-31,learned_order_extension,20260912,0.5214484425969591,0.5214484425969591,1,1
weekly_global_validated,3684,2026-04-03,2026-04-13,0.0380736235508991,2026,2026-03-31,learned_order_extension,20260912,0.4144033852774401,0.4144033852774401,0,1
weekly_global_validated,3688,2026-04-10,2026-04-20,0.0242766725964382,2026,2026-03-31,learned_order_extension,20260912,0.47938167585700264,0.47938167585700264,0,1
weekly_global_validated,3693,2026-04-17,2026-04-27,0.010401572188011,2026,2026-03-31,learned_order_extension,20260912,0.4174512738947204,0.4174512738947204,0,1
weekly_global_validated,3698,2026-04-24,2026-05-11,0.0263674696524953,2026,2026-03-31,learned_order_extension,20260912,0.40789835430240917,0.40789835430240917,0,1
weekly_global_validated,3705,2026-05-08,2026-05-18,-0.0134529239455926,2026,2026-03-31,learned_order_extension,20260912,0.4584298418185969,0.4584298418185969,0,0
weekly_global_validated,3710,2026-05-15,2026-05-25,0.0076235492615268,2026,2026-03-31,learned_order_extension,20260912,0.5410895291105667,0.5410895291105667,1,1
weekly_global_validated,3715,2026-05-22,2026-06-01,0.005068538126898,2026,2026-03-31,learned_order_extension,20260912,0.5021226383630596,0.5021226383630596,1,1
weekly_global_validated,3720,2026-05-29,2026-06-08,-0.039635353927193,2026,2026-03-31,learned_order_extension,20260912,0.4573299409387087,0.4573299409387087,0,0
weekly_global_validated,3725,2026-06-05,2026-06-15,0.0266849782195981,2026,2026-03-31,learned_order_extension,20260912,0.4366421559336363,0.4366421559336363,0,1
weekly_global_validated,3730,2026-06-12,2026-06-29,0.0076098142791176,2026,2026-03-31,learned_order_extension,20260912,0.4102842493878904,0.4102842493878904,0,1
weekly_global_validated,3739,2026-06-26,2026-07-06,0.0005137647861506,2026,2026-03-31,learned_order_extension,20260912,0.5188140124051438,0.5188140124051438,1,1
weekly_global_ungated,3684,2026-04-03,2026-04-13,0.0380736235508991,2026,2026-03-31,learned_order_extension,20260912,0.4543997063152289,0.4543997063152289,0,1
weekly_global_ungated,3688,2026-04-10,2026-04-20,0.0242766725964382,2026,2026-03-31,learned_order_extension,20260912,0.5200796464725415,0.5200796464725415,1,1
weekly_global_ungated,3693,2026-04-17,2026-04-27,0.010401572188011,2026,2026-03-31,learned_order_extension,20260912,0.4575119369191034,0.4575119369191034,0,1
weekly_global_ungated,3698,2026-04-24,2026-05-11,0.0263674696524953,2026,2026-03-31,learned_order_extension,20260912,0.4477468824679218,0.4477468824679218,0,1
weekly_global_ungated,3705,2026-05-08,2026-05-18,-0.0134529239455926,2026,2026-03-31,learned_order_extension,20260912,0.49905413626656403,0.49905413626656403,0,0
weekly_global_ungated,3710,2026-05-15,2026-05-25,0.0076235492615268,2026,2026-03-31,learned_order_extension,20260912,0.5811781078946118,0.5811781078946118,1,1
weekly_global_ungated,3715,2026-05-22,2026-06-01,0.005068538126898,2026,2026-03-31,learned_order_extension,20260912,0.5427385793302633,0.5427385793302633,1,1
weekly_global_ungated,3720,2026-05-29,2026-06-08,-0.039635353927193,2026,2026-03-31,learned_order_extension,20260912,0.49794638420532444,0.49794638420532444,0,0
weekly_global_ungated,3725,2026-06-05,2026-06-15,0.0266849782195981,2026,2026-03-31,learned_order_extension,20260912,0.4770363822809838,0.4770363822809838,0,1
weekly_global_ungated,3730,2026-06-12,2026-06-29,0.0076098142791176,2026,2026-03-31,learned_order_extension,20260912,0.4501886422697338,0.4501886422697338,0,1
weekly_global_ungated,3739,2026-06-26,2026-07-06,0.0005137647861506,2026,2026-03-31,learned_order_extension,20260912,0.5592634869489291,0.5592634869489291,1,1
weekly_state_validated,3684,2026-04-03,2026-04-13,0.0380736235508991,2026,2026-03-31,learned_order_offset,20260910,0.4782165227179181,0.4782165227179181,0,1
weekly_state_validated,3688,2026-04-10,2026-04-20,0.0242766725964382,2026,2026-03-31,learned_order_offset,20260910,0.4615862587370742,0.4615862587370742,0,1
weekly_state_validated,3693,2026-04-17,2026-04-27,0.010401572188011,2026,2026-03-31,learned_order_offset,20260910,0.48781762002384393,0.48781762002384393,0,1
weekly_state_validated,3698,2026-04-24,2026-05-11,0.0263674696524953,2026,2026-03-31,learned_order_offset,20260910,0.5331761180129994,0.5331761180129994,1,1
weekly_state_validated,3705,2026-05-08,2026-05-18,-0.0134529239455926,2026,2026-03-31,learned_order_offset,20260910,0.6596035363014215,0.6596035363014215,1,0
weekly_state_validated,3710,2026-05-15,2026-05-25,0.0076235492615268,2026,2026-03-31,learned_order_offset,20260910,0.6598534157480438,0.6598534157480438,1,1
weekly_state_validated,3715,2026-05-22,2026-06-01,0.005068538126898,2026,2026-03-31,learned_order_offset,20260910,0.4084421988760729,0.4084421988760729,0,1
weekly_state_validated,3720,2026-05-29,2026-06-08,-0.039635353927193,2026,2026-03-31,learned_order_offset,20260910,0.4707708671158844,0.4707708671158844,0,0
weekly_state_validated,3725,2026-06-05,2026-06-15,0.0266849782195981,2026,2026-03-31,learned_order_offset,20260910,0.47868630672112744,0.47868630672112744,0,1
weekly_state_validated,3730,2026-06-12,2026-06-29,0.0076098142791176,2026,2026-03-31,learned_order_offset,20260910,0.46795283108360136,0.46795283108360136,0,1
weekly_state_validated,3739,2026-06-26,2026-07-06,0.0005137647861506,2026,2026-03-31,learned_order_offset,20260910,0.502351064392109,0.502351064392109,1,1
weekly_state_ungated,3684,2026-04-03,2026-04-13,0.0380736235508991,2026,2026-03-31,learned_order_offset,20260910,0.4782165227179181,0.4782165227179181,0,1
weekly_state_ungated,3688,2026-04-10,2026-04-20,0.0242766725964382,2026,2026-03-31,learned_order_offset,20260910,0.4615862587370742,0.4615862587370742,0,1
weekly_state_ungated,3693,2026-04-17,2026-04-27,0.010401572188011,2026,2026-03-31,learned_order_offset,20260910,0.48781762002384393,0.48781762002384393,0,1
weekly_state_ungated,3698,2026-04-24,2026-05-11,0.0263674696524953,2026,2026-03-31,learned_order_offset,20260910,0.5423714918488053,0.5423714918488053,1,1
weekly_state_ungated,3705,2026-05-08,2026-05-18,-0.0134529239455926,2026,2026-03-31,learned_order_offset,20260910,0.6678599204485927,0.6678599204485927,1,0
weekly_state_ungated,3710,2026-05-15,2026-05-25,0.0076235492615268,2026,2026-03-31,learned_order_offset,20260910,0.6946528767574232,0.6946528767574232,1,1
weekly_state_ungated,3715,2026-05-22,2026-06-01,0.005068538126898,2026,2026-03-31,learned_order_offset,20260910,0.44742332404748736,0.44742332404748736,0,1
weekly_state_ungated,3720,2026-05-29,2026-06-08,-0.039635353927193,2026,2026-03-31,learned_order_offset,20260910,0.4799966107928485,0.4799966107928485,0,0
weekly_state_ungated,3725,2026-06-05,2026-06-15,0.0266849782195981,2026,2026-03-31,learned_order_offset,20260910,0.4879241570895175,0.4879241570895175,0,1
weekly_state_ungated,3730,2026-06-12,2026-06-29,0.0076098142791176,2026,2026-03-31,learned_order_offset,20260910,0.4771731426910953,0.4771731426910953,0,1
weekly_state_ungated,3739,2026-06-26,2026-07-06,0.0005137647861506,2026,2026-03-31,learned_order_offset,20260910,0.5115974265774488,0.5115974265774488,1,1
weekly_global_validated,3684,2026-04-03,2026-04-13,0.0380736235508991,2026,2026-03-31,learned_order_offset,20260910,0.4782165227179181,0.4782165227179181,0,1
weekly_global_validated,3688,2026-04-10,2026-04-20,0.0242766725964382,2026,2026-03-31,learned_order_offset,20260910,0.4615862587370742,0.4615862587370742,0,1
weekly_global_validated,3693,2026-04-17,2026-04-27,0.010401572188011,2026,2026-03-31,learned_order_offset,20260910,0.48781762002384393,0.48781762002384393,0,1
weekly_global_validated,3698,2026-04-24,2026-05-11,0.0263674696524953,2026,2026-03-31,learned_order_offset,20260910,0.5331761180129994,0.5331761180129994,1,1
weekly_global_validated,3705,2026-05-08,2026-05-18,-0.0134529239455926,2026,2026-03-31,learned_order_offset,20260910,0.6596035363014215,0.6596035363014215,1,0
weekly_global_validated,3710,2026-05-15,2026-05-25,0.0076235492615268,2026,2026-03-31,learned_order_offset,20260910,0.6598534157480438,0.6598534157480438,1,1
weekly_global_validated,3715,2026-05-22,2026-06-01,0.005068538126898,2026,2026-03-31,learned_order_offset,20260910,0.4084421988760729,0.4084421988760729,0,1
weekly_global_validated,3720,2026-05-29,2026-06-08,-0.039635353927193,2026,2026-03-31,learned_order_offset,20260910,0.4707708671158844,0.4707708671158844,0,0
weekly_global_validated,3725,2026-06-05,2026-06-15,0.0266849782195981,2026,2026-03-31,learned_order_offset,20260910,0.47868630672112744,0.47868630672112744,0,1
weekly_global_validated,3730,2026-06-12,2026-06-29,0.0076098142791176,2026,2026-03-31,learned_order_offset,20260910,0.46795283108360136,0.46795283108360136,0,1
weekly_global_validated,3739,2026-06-26,2026-07-06,0.0005137647861506,2026,2026-03-31,learned_order_offset,20260910,0.502351064392109,0.502351064392109,1,1
weekly_global_ungated,3684,2026-04-03,2026-04-13,0.0380736235508991,2026,2026-03-31,learned_order_offset,20260910,0.5238068363221122,0.5238068363221122,1,1
weekly_global_ungated,3688,2026-04-10,2026-04-20,0.0242766725964382,2026,2026-03-31,learned_order_offset,20260910,0.5071320542402084,0.5071320542402084,1,1
weekly_global_ungated,3693,2026-04-17,2026-04-27,0.010401572188011,2026,2026-03-31,learned_order_offset,20260910,0.5333875777410602,0.5333875777410602,1,1
weekly_global_ungated,3698,2026-04-24,2026-05-11,0.0263674696524953,2026,2026-03-31,learned_order_offset,20260910,0.5781999224740864,0.5781999224740864,1,1
weekly_global_ungated,3705,2026-05-08,2026-05-18,-0.0134529239455926,2026,2026-03-31,learned_order_offset,20260910,0.699310451988677,0.699310451988677,1,0
weekly_global_ungated,3710,2026-05-15,2026-05-25,0.0076235492615268,2026,2026-03-31,learned_order_offset,20260910,0.6995444605145632,0.6995444605145632,1,1
weekly_global_ungated,3715,2026-05-22,2026-06-01,0.005068538126898,2026,2026-03-31,learned_order_offset,20260910,0.45315764771955747,0.45315764771955747,0,1
weekly_global_ungated,3720,2026-05-29,2026-06-08,-0.039635353927193,2026,2026-03-31,learned_order_offset,20260910,0.516353794281363,0.516353794281363,1,0
weekly_global_ungated,3725,2026-06-05,2026-06-15,0.0266849782195981,2026,2026-03-31,learned_order_offset,20260910,0.5242764063489468,0.5242764063489468,1,1
weekly_global_ungated,3730,2026-06-12,2026-06-29,0.0076098142791176,2026,2026-03-31,learned_order_offset,20260910,0.513527662896971,0.513527662896971,1,1
weekly_global_ungated,3739,2026-06-26,2026-07-06,0.0005137647861506,2026,2026-03-31,learned_order_offset,20260910,0.5478265391612339,0.5478265391612339,1,1
weekly_state_validated,3684,2026-04-03,2026-04-13,0.0380736235508991,2026,2026-03-31,learned_order_offset,20260911,0.5224823337812894,0.5224823337812894,1,1
weekly_state_validated,3688,2026-04-10,2026-04-20,0.0242766725964382,2026,2026-03-31,learned_order_offset,20260911,0.3902357573397548,0.3902357573397548,0,1
weekly_state_validated,3693,2026-04-17,2026-04-27,0.010401572188011,2026,2026-03-31,learned_order_offset,20260911,0.47553685695761877,0.47553685695761877,0,1
weekly_state_validated,3698,2026-04-24,2026-05-11,0.0263674696524953,2026,2026-03-31,learned_order_offset,20260911,0.3620463682387632,0.3620463682387632,0,1
weekly_state_validated,3705,2026-05-08,2026-05-18,-0.0134529239455926,2026,2026-03-31,learned_order_offset,20260911,0.37506110199237114,0.37506110199237114,0,0
weekly_state_validated,3710,2026-05-15,2026-05-25,0.0076235492615268,2026,2026-03-31,learned_order_offset,20260911,0.4883726515758041,0.4883726515758041,0,1
weekly_state_validated,3715,2026-05-22,2026-06-01,0.005068538126898,2026,2026-03-31,learned_order_offset,20260911,0.604795171228401,0.604795171228401,1,1
weekly_state_validated,3720,2026-05-29,2026-06-08,-0.039635353927193,2026,2026-03-31,learned_order_offset,20260911,0.539117103351593,0.539117103351593,1,0
weekly_state_validated,3725,2026-06-05,2026-06-15,0.0266849782195981,2026,2026-03-31,learned_order_offset,20260911,0.32656706271307595,0.32656706271307595,0,1
weekly_state_validated,3730,2026-06-12,2026-06-29,0.0076098142791176,2026,2026-03-31,learned_order_offset,20260911,0.20714161696112363,0.20714161696112363,0,1
weekly_state_validated,3739,2026-06-26,2026-07-06,0.0005137647861506,2026,2026-03-31,learned_order_offset,20260911,0.4347302511570772,0.4347302511570772,0,1
weekly_state_ungated,3684,2026-04-03,2026-04-13,0.0380736235508991,2026,2026-03-31,learned_order_offset,20260911,0.5224823337812894,0.5224823337812894,1,1
weekly_state_ungated,3688,2026-04-10,2026-04-20,0.0242766725964382,2026,2026-03-31,learned_order_offset,20260911,0.3902357573397548,0.3902357573397548,0,1
weekly_state_ungated,3693,2026-04-17,2026-04-27,0.010401572188011,2026,2026-03-31,learned_order_offset,20260911,0.47553685695761877,0.47553685695761877,0,1
weekly_state_ungated,3698,2026-04-24,2026-05-11,0.0263674696524953,2026,2026-03-31,learned_order_offset,20260911,0.3739782681571358,0.3739782681571358,0,1
weekly_state_ungated,3705,2026-05-08,2026-05-18,-0.0134529239455926,2026,2026-03-31,learned_order_offset,20260911,0.38716162043303004,0.38716162043303004,0,0
weekly_state_ungated,3710,2026-05-15,2026-05-25,0.0076235492615268,2026,2026-03-31,learned_order_offset,20260911,0.53080837208601,0.53080837208601,1,1
weekly_state_ungated,3715,2026-05-22,2026-06-01,0.005068538126898,2026,2026-03-31,learned_order_offset,20260911,0.6446016459181216,0.6446016459181216,1,1
weekly_state_ungated,3720,2026-05-29,2026-06-08,-0.039635353927193,2026,2026-03-31,learned_order_offset,20260911,0.5518367585729379,0.5518367585729379,1,0
weekly_state_ungated,3725,2026-06-05,2026-06-15,0.0266849782195981,2026,2026-03-31,learned_order_offset,20260911,0.3379490936429024,0.3379490936429024,0,1
weekly_state_ungated,3730,2026-06-12,2026-06-29,0.0076098142791176,2026,2026-03-31,learned_order_offset,20260911,0.21569442376003306,0.21569442376003306,0,1
weekly_state_ungated,3739,2026-06-26,2026-07-06,0.0005137647861506,2026,2026-03-31,learned_order_offset,20260911,0.44737773796949637,0.44737773796949637,0,1
weekly_global_validated,3684,2026-04-03,2026-04-13,0.0380736235508991,2026,2026-03-31,learned_order_offset,20260911,0.5224823337812894,0.5224823337812894,1,1
weekly_global_validated,3688,2026-04-10,2026-04-20,0.0242766725964382,2026,2026-03-31,learned_order_offset,20260911,0.3902357573397548,0.3902357573397548,0,1
weekly_global_validated,3693,2026-04-17,2026-04-27,0.010401572188011,2026,2026-03-31,learned_order_offset,20260911,0.47553685695761877,0.47553685695761877,0,1
weekly_global_validated,3698,2026-04-24,2026-05-11,0.0263674696524953,2026,2026-03-31,learned_order_offset,20260911,0.3620463682387632,0.3620463682387632,0,1
weekly_global_validated,3705,2026-05-08,2026-05-18,-0.0134529239455926,2026,2026-03-31,learned_order_offset,20260911,0.37506110199237114,0.37506110199237114,0,0
weekly_global_validated,3710,2026-05-15,2026-05-25,0.0076235492615268,2026,2026-03-31,learned_order_offset,20260911,0.4883726515758041,0.4883726515758041,0,1
weekly_global_validated,3715,2026-05-22,2026-06-01,0.005068538126898,2026,2026-03-31,learned_order_offset,20260911,0.604795171228401,0.604795171228401,1,1
weekly_global_validated,3720,2026-05-29,2026-06-08,-0.039635353927193,2026,2026-03-31,learned_order_offset,20260911,0.539117103351593,0.539117103351593,1,0
weekly_global_validated,3725,2026-06-05,2026-06-15,0.0266849782195981,2026,2026-03-31,learned_order_offset,20260911,0.32656706271307595,0.32656706271307595,0,1
weekly_global_validated,3730,2026-06-12,2026-06-29,0.0076098142791176,2026,2026-03-31,learned_order_offset,20260911,0.20714161696112363,0.20714161696112363,0,1
weekly_global_validated,3739,2026-06-26,2026-07-06,0.0005137647861506,2026,2026-03-31,learned_order_offset,20260911,0.4347302511570772,0.4347302511570772,0,1
weekly_global_ungated,3684,2026-04-03,2026-04-13,0.0380736235508991,2026,2026-03-31,learned_order_offset,20260911,0.5749029048830958,0.5749029048830958,1,1
weekly_global_ungated,3688,2026-04-10,2026-04-20,0.0242766725964382,2026,2026-03-31,learned_order_offset,20260911,0.44165998908789694,0.44165998908789694,0,1
weekly_global_ungated,3693,2026-04-17,2026-04-27,0.010401572188011,2026,2026-03-31,learned_order_offset,20260911,0.5284599007228992,0.5284599007228992,1,1
weekly_global_ungated,3698,2026-04-24,2026-05-11,0.0263674696524953,2026,2026-03-31,learned_order_offset,20260911,0.41226743679228506,0.41226743679228506,0,1
weekly_global_ungated,3705,2026-05-08,2026-05-18,-0.0134529239455926,2026,2026-03-31,learned_order_offset,20260911,0.42588230681936745,0.42588230681936745,0,0
weekly_global_ungated,3710,2026-05-15,2026-05-25,0.0076235492615268,2026,2026-03-31,learned_order_offset,20260911,0.5412499720918886,0.5412499720918886,1,1
weekly_global_ungated,3715,2026-05-22,2026-06-01,0.005068538126898,2026,2026-03-31,learned_order_offset,20260911,0.6541607860915332,0.6541607860915332,1,1
weekly_global_ungated,3720,2026-05-29,2026-06-08,-0.039635353927193,2026,2026-03-31,learned_order_offset,20260911,0.5911405530426495,0.5911405530426495,1,0
weekly_global_ungated,3725,2026-06-05,2026-06-15,0.0266849782195981,2026,2026-03-31,learned_order_offset,20260911,0.3747577064577845,0.3747577064577845,0,1
weekly_global_ungated,3730,2026-06-12,2026-06-29,0.0076098142791176,2026,2026-03-31,learned_order_offset,20260911,0.24409681529028018,0.24409681529028018,0,1
weekly_global_ungated,3739,2026-06-26,2026-07-06,0.0005137647861506,2026,2026-03-31,learned_order_offset,20260911,0.4873317681352177,0.4873317681352177,0,1
weekly_state_validated,3684,2026-04-03,2026-04-13,0.0380736235508991,2026,2026-03-31,learned_order_offset,20260912,0.41463312595207424,0.41463312595207424,0,1
weekly_state_validated,3688,2026-04-10,2026-04-20,0.0242766725964382,2026,2026-03-31,learned_order_offset,20260912,0.47957887458862364,0.47957887458862364,0,1
weekly_state_validated,3693,2026-04-17,2026-04-27,0.010401572188011,2026,2026-03-31,learned_order_offset,20260912,0.4174462723853696,0.4174462723853696,0,1
weekly_state_validated,3698,2026-04-24,2026-05-11,0.0263674696524953,2026,2026-03-31,learned_order_offset,20260912,0.4078121898572776,0.4078121898572776,0,1
weekly_state_validated,3705,2026-05-08,2026-05-18,-0.0134529239455926,2026,2026-03-31,learned_order_offset,20260912,0.45820168742787637,0.45820168742787637,0,0
weekly_state_validated,3710,2026-05-15,2026-05-25,0.0076235492615268,2026,2026-03-31,learned_order_offset,20260912,0.5408516437983437,0.5408516437983437,1,1
weekly_state_validated,3715,2026-05-22,2026-06-01,0.005068538126898,2026,2026-03-31,learned_order_offset,20260912,0.5018942264488259,0.5018942264488259,1,1
weekly_state_validated,3720,2026-05-29,2026-06-08,-0.039635353927193,2026,2026-03-31,learned_order_offset,20260912,0.4571886722395474,0.4571886722395474,0,0
weekly_state_validated,3725,2026-06-05,2026-06-15,0.0266849782195981,2026,2026-03-31,learned_order_offset,20260912,0.43649391290109524,0.43649391290109524,0,1
weekly_state_validated,3730,2026-06-12,2026-06-29,0.0076098142791176,2026,2026-03-31,learned_order_offset,20260912,0.4101169616257996,0.4101169616257996,0,1
weekly_state_validated,3739,2026-06-26,2026-07-06,0.0005137647861506,2026,2026-03-31,learned_order_offset,20260912,0.5185047287941408,0.5185047287941408,1,1
weekly_state_ungated,3684,2026-04-03,2026-04-13,0.0380736235508991,2026,2026-03-31,learned_order_offset,20260912,0.41463312595207424,0.41463312595207424,0,1
weekly_state_ungated,3688,2026-04-10,2026-04-20,0.0242766725964382,2026,2026-03-31,learned_order_offset,20260912,0.47957887458862364,0.47957887458862364,0,1
weekly_state_ungated,3693,2026-04-17,2026-04-27,0.010401572188011,2026,2026-03-31,learned_order_offset,20260912,0.4174462723853696,0.4174462723853696,0,1
weekly_state_ungated,3698,2026-04-24,2026-05-11,0.0263674696524953,2026,2026-03-31,learned_order_offset,20260912,0.4103458407639705,0.4103458407639705,0,1
weekly_state_ungated,3705,2026-05-08,2026-05-18,-0.0134529239455926,2026,2026-03-31,learned_order_offset,20260912,0.46080479379046935,0.46080479379046935,0,0
weekly_state_ungated,3710,2026-05-15,2026-05-25,0.0076235492615268,2026,2026-03-31,learned_order_offset,20260912,0.5816996768903494,0.5816996768903494,1,1
weekly_state_ungated,3715,2026-05-22,2026-06-01,0.005068538126898,2026,2026-03-31,learned_order_offset,20260912,0.5432813934987014,0.5432813934987014,1,1
weekly_state_ungated,3720,2026-05-29,2026-06-08,-0.039635353927193,2026,2026-03-31,learned_order_offset,20260912,0.45979090750495977,0.45979090750495977,0,0
weekly_state_ungated,3725,2026-06-05,2026-06-15,0.0266849782195981,2026,2026-03-31,learned_order_offset,20260912,0.43907363694033996,0.43907363694033996,0,1
weekly_state_ungated,3730,2026-06-12,2026-06-29,0.0076098142791176,2026,2026-03-31,learned_order_offset,20260912,0.41265495362435783,0.41265495362435783,0,1
weekly_state_ungated,3739,2026-06-26,2026-07-06,0.0005137647861506,2026,2026-03-31,learned_order_offset,20260912,0.5211209098883557,0.5211209098883557,1,1
weekly_global_validated,3684,2026-04-03,2026-04-13,0.0380736235508991,2026,2026-03-31,learned_order_offset,20260912,0.41463312595207424,0.41463312595207424,0,1
weekly_global_validated,3688,2026-04-10,2026-04-20,0.0242766725964382,2026,2026-03-31,learned_order_offset,20260912,0.47957887458862364,0.47957887458862364,0,1
weekly_global_validated,3693,2026-04-17,2026-04-27,0.010401572188011,2026,2026-03-31,learned_order_offset,20260912,0.4174462723853696,0.4174462723853696,0,1
weekly_global_validated,3698,2026-04-24,2026-05-11,0.0263674696524953,2026,2026-03-31,learned_order_offset,20260912,0.4078121898572776,0.4078121898572776,0,1
weekly_global_validated,3705,2026-05-08,2026-05-18,-0.0134529239455926,2026,2026-03-31,learned_order_offset,20260912,0.45820168742787637,0.45820168742787637,0,0
weekly_global_validated,3710,2026-05-15,2026-05-25,0.0076235492615268,2026,2026-03-31,learned_order_offset,20260912,0.5408516437983437,0.5408516437983437,1,1
weekly_global_validated,3715,2026-05-22,2026-06-01,0.005068538126898,2026,2026-03-31,learned_order_offset,20260912,0.5018942264488259,0.5018942264488259,1,1
weekly_global_validated,3720,2026-05-29,2026-06-08,-0.039635353927193,2026,2026-03-31,learned_order_offset,20260912,0.4571886722395474,0.4571886722395474,0,0
weekly_global_validated,3725,2026-06-05,2026-06-15,0.0266849782195981,2026,2026-03-31,learned_order_offset,20260912,0.43649391290109524,0.43649391290109524,0,1
weekly_global_validated,3730,2026-06-12,2026-06-29,0.0076098142791176,2026,2026-03-31,learned_order_offset,20260912,0.4101169616257996,0.4101169616257996,0,1
weekly_global_validated,3739,2026-06-26,2026-07-06,0.0005137647861506,2026,2026-03-31,learned_order_offset,20260912,0.5185047287941408,0.5185047287941408,1,1
weekly_global_ungated,3684,2026-04-03,2026-04-13,0.0380736235508991,2026,2026-03-31,learned_order_offset,20260912,0.4547727199783345,0.4547727199783345,0,1
weekly_global_ungated,3688,2026-04-10,2026-04-20,0.0242766725964382,2026,2026-03-31,learned_order_offset,20260912,0.5204160839257925,0.5204160839257925,1,1
weekly_global_ungated,3693,2026-04-17,2026-04-27,0.010401572188011,2026,2026-03-31,learned_order_offset,20260912,0.45764528707323954,0.45764528707323954,0,1
weekly_global_ungated,3698,2026-04-24,2026-05-11,0.0263674696524953,2026,2026-03-31,learned_order_offset,20260912,0.4477965989966454,0.4477965989966454,0,1
weekly_global_ungated,3705,2026-05-08,2026-05-18,-0.0134529239455926,2026,2026-03-31,learned_order_offset,20260912,0.4989638440599476,0.4989638440599476,0,0
weekly_global_ungated,3710,2026-05-15,2026-05-25,0.0076235492615268,2026,2026-03-31,learned_order_offset,20260912,0.581080706913693,0.581080706913693,1,1
weekly_global_ungated,3715,2026-05-22,2026-06-01,0.005068538126898,2026,2026-03-31,learned_order_offset,20260912,0.5426502710081937,0.5426502710081937,1,1
weekly_global_ungated,3720,2026-05-29,2026-06-08,-0.039635353927193,2026,2026-03-31,learned_order_offset,20260912,0.49794353436879235,0.49794353436879235,0,0
weekly_global_ungated,3725,2026-06-05,2026-06-15,0.0266849782195981,2026,2026-03-31,learned_order_offset,20260912,0.4770251966574534,0.4770251966574534,0,1
weekly_global_ungated,3730,2026-06-12,2026-06-29,0.0076098142791176,2026,2026-03-31,learned_order_offset,20260912,0.45015556909222754,0.45015556909222754,0,1
weekly_global_ungated,3739,2026-06-26,2026-07-06,0.0005137647861506,2026,2026-03-31,learned_order_offset,20260912,0.5590956157663154,0.5590956157663154,1,1
weekly_state_validated,3744,2026-07-03,2026-07-13,-0.0252847876365399,2026,2026-06-30,learned_market,20260910,0.5041345950811301,0.5041345950811301,1,0
weekly_state_validated,3749,2026-07-10,2026-07-20,-0.035775397012711,2026,2026-06-30,learned_market,20260910,0.6119366262275986,0.6119366262275986,1,0
weekly_state_validated,3754,2026-07-17,2026-07-27,0.01756245533441,2026,2026-06-30,learned_market,20260910,0.5449511844259397,0.5449511844259397,1,1
weekly_state_validated,3759,2026-07-24,2026-08-03,-0.0202339761556519,2026,2026-06-30,learned_market,20260910,0.5453196593301617,0.5453196593301617,1,0
weekly_state_validated,3764,2026-07-31,2026-08-10,0.0300318732435738,2026,2026-06-30,learned_market,20260910,0.2767208007713581,0.2767208007713581,0,1
weekly_state_validated,3769,2026-08-07,2026-08-17,-0.0056482265760339,2026,2026-06-30,learned_market,20260910,0.5027122241666967,0.5027122241666967,1,0
weekly_state_validated,3774,2026-08-14,2026-08-24,-0.0109860710402629,2026,2026-06-30,learned_market,20260910,0.5310817605680674,0.5310817605680674,1,0
weekly_state_validated,3779,2026-08-21,2026-08-31,-0.0127592811002066,2026,2026-06-30,learned_market,20260910,0.6651537896005871,0.6651537896005871,1,0
weekly_state_ungated,3744,2026-07-03,2026-07-13,-0.0252847876365399,2026,2026-06-30,learned_market,20260910,0.5041345950811301,0.5041345950811301,1,0
weekly_state_ungated,3749,2026-07-10,2026-07-20,-0.035775397012711,2026,2026-06-30,learned_market,20260910,0.6119366262275986,0.6119366262275986,1,0
weekly_state_ungated,3754,2026-07-17,2026-07-27,0.01756245533441,2026,2026-06-30,learned_market,20260910,0.5449511844259397,0.5449511844259397,1,1
weekly_state_ungated,3759,2026-07-24,2026-08-03,-0.0202339761556519,2026,2026-06-30,learned_market,20260910,0.5453196593301617,0.5453196593301617,1,0
weekly_state_ungated,3764,2026-07-31,2026-08-10,0.0300318732435738,2026,2026-06-30,learned_market,20260910,0.2767208007713581,0.2767208007713581,0,1
weekly_state_ungated,3769,2026-08-07,2026-08-17,-0.0056482265760339,2026,2026-06-30,learned_market,20260910,0.5027122241666967,0.5027122241666967,1,0
weekly_state_ungated,3774,2026-08-14,2026-08-24,-0.0109860710402629,2026,2026-06-30,learned_market,20260910,0.5310817605680674,0.5310817605680674,1,0
weekly_state_ungated,3779,2026-08-21,2026-08-31,-0.0127592811002066,2026,2026-06-30,learned_market,20260910,0.6651537896005871,0.6651537896005871,1,0
weekly_global_validated,3744,2026-07-03,2026-07-13,-0.0252847876365399,2026,2026-06-30,learned_market,20260910,0.5305676769784426,0.5305676769784426,1,0
weekly_global_validated,3749,2026-07-10,2026-07-20,-0.035775397012711,2026,2026-06-30,learned_market,20260910,0.6367636179713927,0.6367636179713927,1,0
weekly_global_validated,3754,2026-07-17,2026-07-27,0.01756245533441,2026,2026-06-30,learned_market,20260910,0.5873086743617414,0.5873086743617414,1,1
weekly_global_validated,3759,2026-07-24,2026-08-03,-0.0202339761556519,2026,2026-06-30,learned_market,20260910,0.5876688022446631,0.5876688022446631,1,0
weekly_global_validated,3764,2026-07-31,2026-08-10,0.0300318732435738,2026,2026-06-30,learned_market,20260910,0.3125494585690662,0.3125494585690662,0,1
weekly_global_validated,3769,2026-08-07,2026-08-17,-0.0056482265760339,2026,2026-06-30,learned_market,20260910,0.545723922209111,0.545723922209111,1,0
weekly_global_validated,3774,2026-08-14,2026-08-24,-0.0109860710402629,2026,2026-06-30,learned_market,20260910,0.5737203886308124,0.5737203886308124,1,0
weekly_global_validated,3779,2026-08-21,2026-08-31,-0.0127592811002066,2026,2026-06-30,learned_market,20260910,0.7024320393263075,0.7024320393263075,1,0
weekly_global_ungated,3744,2026-07-03,2026-07-13,-0.0252847876365399,2026,2026-06-30,learned_market,20260910,0.5305676769784426,0.5305676769784426,1,0
weekly_global_ungated,3749,2026-07-10,2026-07-20,-0.035775397012711,2026,2026-06-30,learned_market,20260910,0.6367636179713927,0.6367636179713927,1,0
weekly_global_ungated,3754,2026-07-17,2026-07-27,0.01756245533441,2026,2026-06-30,learned_market,20260910,0.5873086743617414,0.5873086743617414,1,1
weekly_global_ungated,3759,2026-07-24,2026-08-03,-0.0202339761556519,2026,2026-06-30,learned_market,20260910,0.5876688022446631,0.5876688022446631,1,0
weekly_global_ungated,3764,2026-07-31,2026-08-10,0.0300318732435738,2026,2026-06-30,learned_market,20260910,0.3125494585690662,0.3125494585690662,0,1
weekly_global_ungated,3769,2026-08-07,2026-08-17,-0.0056482265760339,2026,2026-06-30,learned_market,20260910,0.545723922209111,0.545723922209111,1,0
weekly_global_ungated,3774,2026-08-14,2026-08-24,-0.0109860710402629,2026,2026-06-30,learned_market,20260910,0.5737203886308124,0.5737203886308124,1,0
weekly_global_ungated,3779,2026-08-21,2026-08-31,-0.0127592811002066,2026,2026-06-30,learned_market,20260910,0.7024320393263075,0.7024320393263075,1,0
weekly_state_validated,3744,2026-07-03,2026-07-13,-0.0252847876365399,2026,2026-06-30,learned_market,20260911,0.49503989230685247,0.49503989230685247,0,0
weekly_state_validated,3749,2026-07-10,2026-07-20,-0.035775397012711,2026,2026-06-30,learned_market,20260911,0.4346654416584668,0.4346654416584668,0,0
weekly_state_validated,3754,2026-07-17,2026-07-27,0.01756245533441,2026,2026-06-30,learned_market,20260911,0.4469468298475024,0.4469468298475024,0,1
weekly_state_validated,3759,2026-07-24,2026-08-03,-0.0202339761556519,2026,2026-06-30,learned_market,20260911,0.4523286144237616,0.4523286144237616,0,0
weekly_state_validated,3764,2026-07-31,2026-08-10,0.0300318732435738,2026,2026-06-30,learned_market,20260911,0.43916052641204817,0.43916052641204817,0,1
weekly_state_validated,3769,2026-08-07,2026-08-17,-0.0056482265760339,2026,2026-06-30,learned_market,20260911,0.33016870403212256,0.33016870403212256,0,0
weekly_state_validated,3774,2026-08-14,2026-08-24,-0.0109860710402629,2026,2026-06-30,learned_market,20260911,0.459964206845313,0.459964206845313,0,0
weekly_state_validated,3779,2026-08-21,2026-08-31,-0.0127592811002066,2026,2026-06-30,learned_market,20260911,0.4343413838297144,0.4343413838297144,0,0
weekly_state_ungated,3744,2026-07-03,2026-07-13,-0.0252847876365399,2026,2026-06-30,learned_market,20260911,0.49503989230685247,0.49503989230685247,0,0
weekly_state_ungated,3749,2026-07-10,2026-07-20,-0.035775397012711,2026,2026-06-30,learned_market,20260911,0.4346654416584668,0.4346654416584668,0,0
weekly_state_ungated,3754,2026-07-17,2026-07-27,0.01756245533441,2026,2026-06-30,learned_market,20260911,0.4469468298475024,0.4469468298475024,0,1
weekly_state_ungated,3759,2026-07-24,2026-08-03,-0.0202339761556519,2026,2026-06-30,learned_market,20260911,0.4523286144237616,0.4523286144237616,0,0
weekly_state_ungated,3764,2026-07-31,2026-08-10,0.0300318732435738,2026,2026-06-30,learned_market,20260911,0.43916052641204817,0.43916052641204817,0,1
weekly_state_ungated,3769,2026-08-07,2026-08-17,-0.0056482265760339,2026,2026-06-30,learned_market,20260911,0.33016870403212256,0.33016870403212256,0,0
weekly_state_ungated,3774,2026-08-14,2026-08-24,-0.0109860710402629,2026,2026-06-30,learned_market,20260911,0.459964206845313,0.459964206845313,0,0
weekly_state_ungated,3779,2026-08-21,2026-08-31,-0.0127592811002066,2026,2026-06-30,learned_market,20260911,0.4343413838297144,0.4343413838297144,0,0
weekly_global_validated,3744,2026-07-03,2026-07-13,-0.0252847876365399,2026,2026-06-30,learned_market,20260911,0.5214719988273582,0.5214719988273582,1,0
weekly_global_validated,3749,2026-07-10,2026-07-20,-0.035775397012711,2026,2026-06-30,learned_market,20260911,0.4608157338562761,0.4608157338562761,0,0
weekly_global_validated,3754,2026-07-17,2026-07-27,0.01756245533441,2026,2026-06-30,learned_market,20260911,0.4913539933916812,0.4913539933916812,0,1
weekly_global_validated,3759,2026-07-24,2026-08-03,-0.0202339761556519,2026,2026-06-30,learned_market,20260911,0.4967901755305063,0.4967901755305063,0,0
weekly_global_validated,3764,2026-07-31,2026-08-10,0.0300318732435738,2026,2026-06-30,learned_market,20260911,0.4834703561741478,0.4834703561741478,0,1
weekly_global_validated,3769,2026-08-07,2026-08-17,-0.0056482265760339,2026,2026-06-30,learned_market,20260911,0.37075129484876934,0.37075129484876934,0,0
weekly_global_validated,3774,2026-08-14,2026-08-24,-0.0109860710402629,2026,2026-06-30,learned_market,20260911,0.5044849514566551,0.5044849514566551,1,0
weekly_global_validated,3779,2026-08-21,2026-08-31,-0.0127592811002066,2026,2026-06-30,learned_market,20260911,0.47857989636282877,0.47857989636282877,0,0
weekly_global_ungated,3744,2026-07-03,2026-07-13,-0.0252847876365399,2026,2026-06-30,learned_market,20260911,0.5214719988273582,0.5214719988273582,1,0
weekly_global_ungated,3749,2026-07-10,2026-07-20,-0.035775397012711,2026,2026-06-30,learned_market,20260911,0.4608157338562761,0.4608157338562761,0,0
weekly_global_ungated,3754,2026-07-17,2026-07-27,0.01756245533441,2026,2026-06-30,learned_market,20260911,0.4913539933916812,0.4913539933916812,0,1
weekly_global_ungated,3759,2026-07-24,2026-08-03,-0.0202339761556519,2026,2026-06-30,learned_market,20260911,0.4967901755305063,0.4967901755305063,0,0
weekly_global_ungated,3764,2026-07-31,2026-08-10,0.0300318732435738,2026,2026-06-30,learned_market,20260911,0.4834703561741478,0.4834703561741478,0,1
weekly_global_ungated,3769,2026-08-07,2026-08-17,-0.0056482265760339,2026,2026-06-30,learned_market,20260911,0.37075129484876934,0.37075129484876934,0,0
weekly_global_ungated,3774,2026-08-14,2026-08-24,-0.0109860710402629,2026,2026-06-30,learned_market,20260911,0.5044849514566551,0.5044849514566551,1,0
weekly_global_ungated,3779,2026-08-21,2026-08-31,-0.0127592811002066,2026,2026-06-30,learned_market,20260911,0.47857989636282877,0.47857989636282877,0,0
weekly_state_validated,3744,2026-07-03,2026-07-13,-0.0252847876365399,2026,2026-06-30,learned_market,20260912,0.5207498822011845,0.5207498822011845,1,0
weekly_state_validated,3749,2026-07-10,2026-07-20,-0.035775397012711,2026,2026-06-30,learned_market,20260912,0.5369848042926907,0.5369848042926907,1,0
weekly_state_validated,3754,2026-07-17,2026-07-27,0.01756245533441,2026,2026-06-30,learned_market,20260912,0.4491236951454709,0.4491236951454709,0,1
weekly_state_validated,3759,2026-07-24,2026-08-03,-0.0202339761556519,2026,2026-06-30,learned_market,20260912,0.45912056712344607,0.45912056712344607,0,0
weekly_state_validated,3764,2026-07-31,2026-08-10,0.0300318732435738,2026,2026-06-30,learned_market,20260912,0.4747199415260046,0.4747199415260046,0,1
weekly_state_validated,3769,2026-08-07,2026-08-17,-0.0056482265760339,2026,2026-06-30,learned_market,20260912,0.5169922363203473,0.5169922363203473,1,0
weekly_state_validated,3774,2026-08-14,2026-08-24,-0.0109860710402629,2026,2026-06-30,learned_market,20260912,0.47409296619698144,0.47409296619698144,0,0
weekly_state_validated,3779,2026-08-21,2026-08-31,-0.0127592811002066,2026,2026-06-30,learned_market,20260912,0.4643846053465112,0.4643846053465112,0,0
weekly_state_ungated,3744,2026-07-03,2026-07-13,-0.0252847876365399,2026,2026-06-30,learned_market,20260912,0.5207498822011845,0.5207498822011845,1,0
weekly_state_ungated,3749,2026-07-10,2026-07-20,-0.035775397012711,2026,2026-06-30,learned_market,20260912,0.5369848042926907,0.5369848042926907,1,0
weekly_state_ungated,3754,2026-07-17,2026-07-27,0.01756245533441,2026,2026-06-30,learned_market,20260912,0.4491236951454709,0.4491236951454709,0,1
weekly_state_ungated,3759,2026-07-24,2026-08-03,-0.0202339761556519,2026,2026-06-30,learned_market,20260912,0.45912056712344607,0.45912056712344607,0,0
weekly_state_ungated,3764,2026-07-31,2026-08-10,0.0300318732435738,2026,2026-06-30,learned_market,20260912,0.4747199415260046,0.4747199415260046,0,1
weekly_state_ungated,3769,2026-08-07,2026-08-17,-0.0056482265760339,2026,2026-06-30,learned_market,20260912,0.5169922363203473,0.5169922363203473,1,0
weekly_state_ungated,3774,2026-08-14,2026-08-24,-0.0109860710402629,2026,2026-06-30,learned_market,20260912,0.47409296619698144,0.47409296619698144,0,0
weekly_state_ungated,3779,2026-08-21,2026-08-31,-0.0127592811002066,2026,2026-06-30,learned_market,20260912,0.4643846053465112,0.4643846053465112,0,0
weekly_global_validated,3744,2026-07-03,2026-07-13,-0.0252847876365399,2026,2026-06-30,learned_market,20260912,0.5471029638775488,0.5471029638775488,1,0
weekly_global_validated,3749,2026-07-10,2026-07-20,-0.035775397012711,2026,2026-06-30,learned_market,20260912,0.5631939798852771,0.5631939798852771,1,0
weekly_global_validated,3754,2026-07-17,2026-07-27,0.01756245533441,2026,2026-06-30,learned_market,20260912,0.49171534681950235,0.49171534681950235,0,1
weekly_global_validated,3759,2026-07-24,2026-08-03,-0.0202339761556519,2026,2026-06-30,learned_market,20260912,0.5017966824318754,0.5017966824318754,1,0
weekly_global_validated,3764,2026-07-31,2026-08-10,0.0300318732435738,2026,2026-06-30,learned_market,20260912,0.5174588428145913,0.5174588428145913,1,1
weekly_global_validated,3769,2026-08-07,2026-08-17,-0.0056482265760339,2026,2026-06-30,learned_market,20260912,0.5594833278475709,0.5594833278475709,1,0
weekly_global_validated,3774,2026-08-14,2026-08-24,-0.0109860710402629,2026,2026-06-30,learned_market,20260912,0.5168309595483662,0.5168309595483662,1,0
weekly_global_validated,3779,2026-08-21,2026-08-31,-0.0127592811002066,2026,2026-06-30,learned_market,20260912,0.5070912868275299,0.5070912868275299,1,0
weekly_global_ungated,3744,2026-07-03,2026-07-13,-0.0252847876365399,2026,2026-06-30,learned_market,20260912,0.5471029638775488,0.5471029638775488,1,0
weekly_global_ungated,3749,2026-07-10,2026-07-20,-0.035775397012711,2026,2026-06-30,learned_market,20260912,0.5631939798852771,0.5631939798852771,1,0
weekly_global_ungated,3754,2026-07-17,2026-07-27,0.01756245533441,2026,2026-06-30,learned_market,20260912,0.49171534681950235,0.49171534681950235,0,1
weekly_global_ungated,3759,2026-07-24,2026-08-03,-0.0202339761556519,2026,2026-06-30,learned_market,20260912,0.5017966824318754,0.5017966824318754,1,0
weekly_global_ungated,3764,2026-07-31,2026-08-10,0.0300318732435738,2026,2026-06-30,learned_market,20260912,0.5174588428145913,0.5174588428145913,1,1
weekly_global_ungated,3769,2026-08-07,2026-08-17,-0.0056482265760339,2026,2026-06-30,learned_market,20260912,0.5594833278475709,0.5594833278475709,1,0
weekly_global_ungated,3774,2026-08-14,2026-08-24,-0.0109860710402629,2026,2026-06-30,learned_market,20260912,0.5168309595483662,0.5168309595483662,1,0
weekly_global_ungated,3779,2026-08-21,2026-08-31,-0.0127592811002066,2026,2026-06-30,learned_market,20260912,0.5070912868275299,0.5070912868275299,1,0
weekly_state_validated,3744,2026-07-03,2026-07-13,-0.0252847876365399,2026,2026-06-30,learned_vol_interaction,20260910,0.5130191978252561,0.5130191978252561,1,0
weekly_state_validated,3749,2026-07-10,2026-07-20,-0.035775397012711,2026,2026-06-30,learned_vol_interaction,20260910,0.6084297195506533,0.6084297195506533,1,0
weekly_state_validated,3754,2026-07-17,2026-07-27,0.01756245533441,2026,2026-06-30,learned_vol_interaction,20260910,0.5400320366057051,0.5400320366057051,1,1
weekly_state_validated,3759,2026-07-24,2026-08-03,-0.0202339761556519,2026,2026-06-30,learned_vol_interaction,20260910,0.5452135003498544,0.5452135003498544,1,0
weekly_state_validated,3764,2026-07-31,2026-08-10,0.0300318732435738,2026,2026-06-30,learned_vol_interaction,20260910,0.2927729237284659,0.2927729237284659,0,1
weekly_state_validated,3769,2026-08-07,2026-08-17,-0.0056482265760339,2026,2026-06-30,learned_vol_interaction,20260910,0.5018241632757133,0.5018241632757133,1,0
weekly_state_validated,3774,2026-08-14,2026-08-24,-0.0109860710402629,2026,2026-06-30,learned_vol_interaction,20260910,0.5283667849838735,0.5283667849838735,1,0
weekly_state_validated,3779,2026-08-21,2026-08-31,-0.0127592811002066,2026,2026-06-30,learned_vol_interaction,20260910,0.6645868105074454,0.6645868105074454,1,0
weekly_state_ungated,3744,2026-07-03,2026-07-13,-0.0252847876365399,2026,2026-06-30,learned_vol_interaction,20260910,0.5130191978252561,0.5130191978252561,1,0
weekly_state_ungated,3749,2026-07-10,2026-07-20,-0.035775397012711,2026,2026-06-30,learned_vol_interaction,20260910,0.6084297195506533,0.6084297195506533,1,0
weekly_state_ungated,3754,2026-07-17,2026-07-27,0.01756245533441,2026,2026-06-30,learned_vol_interaction,20260910,0.5400320366057051,0.5400320366057051,1,1
weekly_state_ungated,3759,2026-07-24,2026-08-03,-0.0202339761556519,2026,2026-06-30,learned_vol_interaction,20260910,0.5452135003498544,0.5452135003498544,1,0
weekly_state_ungated,3764,2026-07-31,2026-08-10,0.0300318732435738,2026,2026-06-30,learned_vol_interaction,20260910,0.2927729237284659,0.2927729237284659,0,1
weekly_state_ungated,3769,2026-08-07,2026-08-17,-0.0056482265760339,2026,2026-06-30,learned_vol_interaction,20260910,0.5018241632757133,0.5018241632757133,1,0
weekly_state_ungated,3774,2026-08-14,2026-08-24,-0.0109860710402629,2026,2026-06-30,learned_vol_interaction,20260910,0.5283667849838735,0.5283667849838735,1,0
weekly_state_ungated,3779,2026-08-21,2026-08-31,-0.0127592811002066,2026,2026-06-30,learned_vol_interaction,20260910,0.6645868105074454,0.6645868105074454,1,0
weekly_global_validated,3744,2026-07-03,2026-07-13,-0.0252847876365399,2026,2026-06-30,learned_vol_interaction,20260910,0.5396857242109776,0.5396857242109776,1,0
weekly_global_validated,3749,2026-07-10,2026-07-20,-0.035775397012711,2026,2026-06-30,learned_vol_interaction,20260910,0.6336030488624161,0.6336030488624161,1,0
weekly_global_validated,3754,2026-07-17,2026-07-27,0.01756245533441,2026,2026-06-30,learned_vol_interaction,20260910,0.5831728178749058,0.5831728178749058,1,1
weekly_global_validated,3759,2026-07-24,2026-08-03,-0.0202339761556519,2026,2026-06-30,learned_vol_interaction,20260910,0.5882388508842502,0.5882388508842502,1,0
weekly_global_validated,3764,2026-07-31,2026-08-10,0.0300318732435738,2026,2026-06-30,learned_vol_interaction,20260910,0.3303473985351208,0.3303473985351208,0,1
weekly_global_validated,3769,2026-08-07,2026-08-17,-0.0056482265760339,2026,2026-06-30,learned_vol_interaction,20260910,0.5455327358822241,0.5455327358822241,1,0
weekly_global_validated,3774,2026-08-14,2026-08-24,-0.0109860710402629,2026,2026-06-30,learned_vol_interaction,20260910,0.5717340019358822,0.5717340019358822,1,0
weekly_global_validated,3779,2026-08-21,2026-08-31,-0.0127592811002066,2026,2026-06-30,learned_vol_interaction,20260910,0.7024814837325903,0.7024814837325903,1,0
weekly_global_ungated,3744,2026-07-03,2026-07-13,-0.0252847876365399,2026,2026-06-30,learned_vol_interaction,20260910,0.5396857242109776,0.5396857242109776,1,0
weekly_global_ungated,3749,2026-07-10,2026-07-20,-0.035775397012711,2026,2026-06-30,learned_vol_interaction,20260910,0.6336030488624161,0.6336030488624161,1,0
weekly_global_ungated,3754,2026-07-17,2026-07-27,0.01756245533441,2026,2026-06-30,learned_vol_interaction,20260910,0.5831728178749058,0.5831728178749058,1,1
weekly_global_ungated,3759,2026-07-24,2026-08-03,-0.0202339761556519,2026,2026-06-30,learned_vol_interaction,20260910,0.5882388508842502,0.5882388508842502,1,0
weekly_global_ungated,3764,2026-07-31,2026-08-10,0.0300318732435738,2026,2026-06-30,learned_vol_interaction,20260910,0.3303473985351208,0.3303473985351208,0,1
weekly_global_ungated,3769,2026-08-07,2026-08-17,-0.0056482265760339,2026,2026-06-30,learned_vol_interaction,20260910,0.5455327358822241,0.5455327358822241,1,0
weekly_global_ungated,3774,2026-08-14,2026-08-24,-0.0109860710402629,2026,2026-06-30,learned_vol_interaction,20260910,0.5717340019358822,0.5717340019358822,1,0
weekly_global_ungated,3779,2026-08-21,2026-08-31,-0.0127592811002066,2026,2026-06-30,learned_vol_interaction,20260910,0.7024814837325903,0.7024814837325903,1,0
weekly_state_validated,3744,2026-07-03,2026-07-13,-0.0252847876365399,2026,2026-06-30,learned_vol_interaction,20260911,0.5177335159245099,0.5177335159245099,1,0
weekly_state_validated,3749,2026-07-10,2026-07-20,-0.035775397012711,2026,2026-06-30,learned_vol_interaction,20260911,0.46119813517066643,0.46119813517066643,0,0
weekly_state_validated,3754,2026-07-17,2026-07-27,0.01756245533441,2026,2026-06-30,learned_vol_interaction,20260911,0.4550925466085049,0.4550925466085049,0,1
weekly_state_validated,3759,2026-07-24,2026-08-03,-0.0202339761556519,2026,2026-06-30,learned_vol_interaction,20260911,0.46430649386915596,0.46430649386915596,0,0
weekly_state_validated,3764,2026-07-31,2026-08-10,0.0300318732435738,2026,2026-06-30,learned_vol_interaction,20260911,0.4507338855746796,0.4507338855746796,0,1
weekly_state_validated,3769,2026-08-07,2026-08-17,-0.0056482265760339,2026,2026-06-30,learned_vol_interaction,20260911,0.3598878838643001,0.3598878838643001,0,0
weekly_state_validated,3774,2026-08-14,2026-08-24,-0.0109860710402629,2026,2026-06-30,learned_vol_interaction,20260911,0.4653583842913121,0.4653583842913121,0,0
weekly_state_validated,3779,2026-08-21,2026-08-31,-0.0127592811002066,2026,2026-06-30,learned_vol_interaction,20260911,0.4414273259619546,0.4414273259619546,0,0
weekly_state_ungated,3744,2026-07-03,2026-07-13,-0.0252847876365399,2026,2026-06-30,learned_vol_interaction,20260911,0.5177335159245099,0.5177335159245099,1,0
weekly_state_ungated,3749,2026-07-10,2026-07-20,-0.035775397012711,2026,2026-06-30,learned_vol_interaction,20260911,0.46119813517066643,0.46119813517066643,0,0
weekly_state_ungated,3754,2026-07-17,2026-07-27,0.01756245533441,2026,2026-06-30,learned_vol_interaction,20260911,0.4550925466085049,0.4550925466085049,0,1
weekly_state_ungated,3759,2026-07-24,2026-08-03,-0.0202339761556519,2026,2026-06-30,learned_vol_interaction,20260911,0.46430649386915596,0.46430649386915596,0,0
weekly_state_ungated,3764,2026-07-31,2026-08-10,0.0300318732435738,2026,2026-06-30,learned_vol_interaction,20260911,0.4507338855746796,0.4507338855746796,0,1
weekly_state_ungated,3769,2026-08-07,2026-08-17,-0.0056482265760339,2026,2026-06-30,learned_vol_interaction,20260911,0.3598878838643001,0.3598878838643001,0,0
weekly_state_ungated,3774,2026-08-14,2026-08-24,-0.0109860710402629,2026,2026-06-30,learned_vol_interaction,20260911,0.4653583842913121,0.4653583842913121,0,0
weekly_state_ungated,3779,2026-08-21,2026-08-31,-0.0127592811002066,2026,2026-06-30,learned_vol_interaction,20260911,0.4414273259619546,0.4414273259619546,0,0
weekly_global_validated,3744,2026-07-03,2026-07-13,-0.0252847876365399,2026,2026-06-30,learned_vol_interaction,20260911,0.5437986122157431,0.5437986122157431,1,0
weekly_global_validated,3749,2026-07-10,2026-07-20,-0.035775397012711,2026,2026-06-30,learned_vol_interaction,20260911,0.4872928964658884,0.4872928964658884,0,0
weekly_global_validated,3754,2026-07-17,2026-07-27,0.01756245533441,2026,2026-06-30,learned_vol_interaction,20260911,0.49990088043722936,0.49990088043722936,0,1
weekly_global_validated,3759,2026-07-24,2026-08-03,-0.0202339761556519,2026,2026-06-30,learned_vol_interaction,20260911,0.5091743189568172,0.5091743189568172,1,0
weekly_global_validated,3764,2026-07-31,2026-08-10,0.0300318732435738,2026,2026-06-30,learned_vol_interaction,20260911,0.49550331015944366,0.49550331015944366,0,1
weekly_global_validated,3769,2026-08-07,2026-08-17,-0.0056482265760339,2026,2026-06-30,learned_vol_interaction,20260911,0.4022419983830278,0.4022419983830278,0,0
weekly_global_validated,3774,2026-08-14,2026-08-24,-0.0109860710402629,2026,2026-06-30,learned_vol_interaction,20260911,0.5102310409106154,0.5102310409106154,1,0
weekly_global_validated,3779,2026-08-21,2026-08-31,-0.0127592811002066,2026,2026-06-30,learned_vol_interaction,20260911,0.4860904298983867,0.4860904298983867,0,0
weekly_global_ungated,3744,2026-07-03,2026-07-13,-0.0252847876365399,2026,2026-06-30,learned_vol_interaction,20260911,0.5437986122157431,0.5437986122157431,1,0
weekly_global_ungated,3749,2026-07-10,2026-07-20,-0.035775397012711,2026,2026-06-30,learned_vol_interaction,20260911,0.4872928964658884,0.4872928964658884,0,0
weekly_global_ungated,3754,2026-07-17,2026-07-27,0.01756245533441,2026,2026-06-30,learned_vol_interaction,20260911,0.49990088043722936,0.49990088043722936,0,1
weekly_global_ungated,3759,2026-07-24,2026-08-03,-0.0202339761556519,2026,2026-06-30,learned_vol_interaction,20260911,0.5091743189568172,0.5091743189568172,1,0
weekly_global_ungated,3764,2026-07-31,2026-08-10,0.0300318732435738,2026,2026-06-30,learned_vol_interaction,20260911,0.49550331015944366,0.49550331015944366,0,1
weekly_global_ungated,3769,2026-08-07,2026-08-17,-0.0056482265760339,2026,2026-06-30,learned_vol_interaction,20260911,0.4022419983830278,0.4022419983830278,0,0
weekly_global_ungated,3774,2026-08-14,2026-08-24,-0.0109860710402629,2026,2026-06-30,learned_vol_interaction,20260911,0.5102310409106154,0.5102310409106154,1,0
weekly_global_ungated,3779,2026-08-21,2026-08-31,-0.0127592811002066,2026,2026-06-30,learned_vol_interaction,20260911,0.4860904298983867,0.4860904298983867,0,0
weekly_state_validated,3744,2026-07-03,2026-07-13,-0.0252847876365399,2026,2026-06-30,learned_vol_interaction,20260912,0.5331865381192447,0.5331865381192447,1,0
weekly_state_validated,3749,2026-07-10,2026-07-20,-0.035775397012711,2026,2026-06-30,learned_vol_interaction,20260912,0.5405128774170224,0.5405128774170224,1,0
weekly_state_validated,3754,2026-07-17,2026-07-27,0.01756245533441,2026,2026-06-30,learned_vol_interaction,20260912,0.5152580314937659,0.5152580314937659,1,1
weekly_state_validated,3759,2026-07-24,2026-08-03,-0.0202339761556519,2026,2026-06-30,learned_vol_interaction,20260912,0.5102837642282361,0.5102837642282361,1,0
weekly_state_validated,3764,2026-07-31,2026-08-10,0.0300318732435738,2026,2026-06-30,learned_vol_interaction,20260912,0.49813339636912884,0.49813339636912884,0,1
weekly_state_validated,3769,2026-08-07,2026-08-17,-0.0056482265760339,2026,2026-06-30,learned_vol_interaction,20260912,0.4913068589563322,0.4913068589563322,0,0
weekly_state_validated,3774,2026-08-14,2026-08-24,-0.0109860710402629,2026,2026-06-30,learned_vol_interaction,20260912,0.46547315716272203,0.46547315716272203,0,0
weekly_state_validated,3779,2026-08-21,2026-08-31,-0.0127592811002066,2026,2026-06-30,learned_vol_interaction,20260912,0.4565503959943362,0.4565503959943362,0,0
weekly_state_ungated,3744,2026-07-03,2026-07-13,-0.0252847876365399,2026,2026-06-30,learned_vol_interaction,20260912,0.5331865381192447,0.5331865381192447,1,0
weekly_state_ungated,3749,2026-07-10,2026-07-20,-0.035775397012711,2026,2026-06-30,learned_vol_interaction,20260912,0.5405128774170224,0.5405128774170224,1,0
weekly_state_ungated,3754,2026-07-17,2026-07-27,0.01756245533441,2026,2026-06-30,learned_vol_interaction,20260912,0.5152580314937659,0.5152580314937659,1,1
weekly_state_ungated,3759,2026-07-24,2026-08-03,-0.0202339761556519,2026,2026-06-30,learned_vol_interaction,20260912,0.5102837642282361,0.5102837642282361,1,0
weekly_state_ungated,3764,2026-07-31,2026-08-10,0.0300318732435738,2026,2026-06-30,learned_vol_interaction,20260912,0.49813339636912884,0.49813339636912884,0,1
weekly_state_ungated,3769,2026-08-07,2026-08-17,-0.0056482265760339,2026,2026-06-30,learned_vol_interaction,20260912,0.4913068589563322,0.4913068589563322,0,0
weekly_state_ungated,3774,2026-08-14,2026-08-24,-0.0109860710402629,2026,2026-06-30,learned_vol_interaction,20260912,0.46547315716272203,0.46547315716272203,0,0
weekly_state_ungated,3779,2026-08-21,2026-08-31,-0.0127592811002066,2026,2026-06-30,learned_vol_interaction,20260912,0.4565503959943362,0.4565503959943362,0,0
weekly_global_validated,3744,2026-07-03,2026-07-13,-0.0252847876365399,2026,2026-06-30,learned_vol_interaction,20260912,0.5598312529957735,0.5598312529957735,1,0
weekly_global_validated,3749,2026-07-10,2026-07-20,-0.035775397012711,2026,2026-06-30,learned_vol_interaction,20260912,0.567078955272536,0.567078955272536,1,0
weekly_global_validated,3754,2026-07-17,2026-07-27,0.01756245533441,2026,2026-06-30,learned_vol_interaction,20260912,0.558364831476824,0.558364831476824,1,1
weekly_global_validated,3759,2026-07-24,2026-08-03,-0.0202339761556519,2026,2026-06-30,learned_vol_interaction,20260912,0.5534495495621646,0.5534495495621646,1,0
weekly_global_validated,3764,2026-07-31,2026-08-10,0.0300318732435738,2026,2026-06-30,learned_vol_interaction,20260912,0.5414076721304959,0.5414076721304959,1,1
weekly_global_validated,3769,2026-08-07,2026-08-17,-0.0056482265760339,2026,2026-06-30,learned_vol_interaction,20260912,0.5346198382428827,0.5346198382428827,1,0
weekly_global_validated,3774,2026-08-14,2026-08-24,-0.0109860710402629,2026,2026-06-30,learned_vol_interaction,20260912,0.5087865546706475,0.5087865546706475,1,0
weekly_global_validated,3779,2026-08-21,2026-08-31,-0.0127592811002066,2026,2026-06-30,learned_vol_interaction,20260912,0.49980986737384675,0.49980986737384675,0,0
weekly_global_ungated,3744,2026-07-03,2026-07-13,-0.0252847876365399,2026,2026-06-30,learned_vol_interaction,20260912,0.5598312529957735,0.5598312529957735,1,0
weekly_global_ungated,3749,2026-07-10,2026-07-20,-0.035775397012711,2026,2026-06-30,learned_vol_interaction,20260912,0.567078955272536,0.567078955272536,1,0
weekly_global_ungated,3754,2026-07-17,2026-07-27,0.01756245533441,2026,2026-06-30,learned_vol_interaction,20260912,0.558364831476824,0.558364831476824,1,1
weekly_global_ungated,3759,2026-07-24,2026-08-03,-0.0202339761556519,2026,2026-06-30,learned_vol_interaction,20260912,0.5534495495621646,0.5534495495621646,1,0
weekly_global_ungated,3764,2026-07-31,2026-08-10,0.0300318732435738,2026,2026-06-30,learned_vol_interaction,20260912,0.5414076721304959,0.5414076721304959,1,1
weekly_global_ungated,3769,2026-08-07,2026-08-17,-0.0056482265760339,2026,2026-06-30,learned_vol_interaction,20260912,0.5346198382428827,0.5346198382428827,1,0
weekly_global_ungated,3774,2026-08-14,2026-08-24,-0.0109860710402629,2026,2026-06-30,learned_vol_interaction,20260912,0.5087865546706475,0.5087865546706475,1,0
weekly_global_ungated,3779,2026-08-21,2026-08-31,-0.0127592811002066,2026,2026-06-30,learned_vol_interaction,20260912,0.49980986737384675,0.49980986737384675,0,0
weekly_state_validated,3744,2026-07-03,2026-07-13,-0.0252847876365399,2026,2026-06-30,learned_order_extension,20260910,0.5209645843255333,0.5209645843255333,1,0
weekly_state_validated,3749,2026-07-10,2026-07-20,-0.035775397012711,2026,2026-06-30,learned_order_extension,20260910,0.5454797914275038,0.5454797914275038,1,0
weekly_state_validated,3754,2026-07-17,2026-07-27,0.01756245533441,2026,2026-06-30,learned_order_extension,20260910,0.509635762223466,0.509635762223466,1,1
weekly_state_validated,3759,2026-07-24,2026-08-03,-0.0202339761556519,2026,2026-06-30,learned_order_extension,20260910,0.518520792881256,0.518520792881256,1,0
weekly_state_validated,3764,2026-07-31,2026-08-10,0.0300318732435738,2026,2026-06-30,learned_order_extension,20260910,0.36135032927063787,0.36135032927063787,0,1
weekly_state_validated,3769,2026-08-07,2026-08-17,-0.0056482265760339,2026,2026-06-30,learned_order_extension,20260910,0.4821947855603083,0.4821947855603083,0,0
weekly_state_validated,3774,2026-08-14,2026-08-24,-0.0109860710402629,2026,2026-06-30,learned_order_extension,20260910,0.49567013865267634,0.49567013865267634,0,0
weekly_state_validated,3779,2026-08-21,2026-08-31,-0.0127592811002066,2026,2026-06-30,learned_order_extension,20260910,0.5942017644460034,0.5942017644460034,1,0
weekly_state_ungated,3744,2026-07-03,2026-07-13,-0.0252847876365399,2026,2026-06-30,learned_order_extension,20260910,0.5394188698970606,0.5394188698970606,1,0
weekly_state_ungated,3749,2026-07-10,2026-07-20,-0.035775397012711,2026,2026-06-30,learned_order_extension,20260910,0.5637804486959651,0.5637804486959651,1,0
weekly_state_ungated,3754,2026-07-17,2026-07-27,0.01756245533441,2026,2026-06-30,learned_order_extension,20260910,0.509635762223466,0.509635762223466,1,1
weekly_state_ungated,3759,2026-07-24,2026-08-03,-0.0202339761556519,2026,2026-06-30,learned_order_extension,20260910,0.518520792881256,0.518520792881256,1,0
weekly_state_ungated,3764,2026-07-31,2026-08-10,0.0300318732435738,2026,2026-06-30,learned_order_extension,20260910,0.36135032927063787,0.36135032927063787,0,1
weekly_state_ungated,3769,2026-08-07,2026-08-17,-0.0056482265760339,2026,2026-06-30,learned_order_extension,20260910,0.4821947855603083,0.4821947855603083,0,0
weekly_state_ungated,3774,2026-08-14,2026-08-24,-0.0109860710402629,2026,2026-06-30,learned_order_extension,20260910,0.49567013865267634,0.49567013865267634,0,0
weekly_state_ungated,3779,2026-08-21,2026-08-31,-0.0127592811002066,2026,2026-06-30,learned_order_extension,20260910,0.5942017644460034,0.5942017644460034,1,0
weekly_global_validated,3744,2026-07-03,2026-07-13,-0.0252847876365399,2026,2026-06-30,learned_order_extension,20260910,0.5209645843255333,0.5209645843255333,1,0
weekly_global_validated,3749,2026-07-10,2026-07-20,-0.035775397012711,2026,2026-06-30,learned_order_extension,20260910,0.5454797914275038,0.5454797914275038,1,0
weekly_global_validated,3754,2026-07-17,2026-07-27,0.01756245533441,2026,2026-06-30,learned_order_extension,20260910,0.509635762223466,0.509635762223466,1,1
weekly_global_validated,3759,2026-07-24,2026-08-03,-0.0202339761556519,2026,2026-06-30,learned_order_extension,20260910,0.518520792881256,0.518520792881256,1,0
weekly_global_validated,3764,2026-07-31,2026-08-10,0.0300318732435738,2026,2026-06-30,learned_order_extension,20260910,0.36135032927063787,0.36135032927063787,0,1
weekly_global_validated,3769,2026-08-07,2026-08-17,-0.0056482265760339,2026,2026-06-30,learned_order_extension,20260910,0.4821947855603083,0.4821947855603083,0,0
weekly_global_validated,3774,2026-08-14,2026-08-24,-0.0109860710402629,2026,2026-06-30,learned_order_extension,20260910,0.49567013865267634,0.49567013865267634,0,0
weekly_global_validated,3779,2026-08-21,2026-08-31,-0.0127592811002066,2026,2026-06-30,learned_order_extension,20260910,0.5942017644460034,0.5942017644460034,1,0
weekly_global_ungated,3744,2026-07-03,2026-07-13,-0.0252847876365399,2026,2026-06-30,learned_order_extension,20260910,0.5638781425930103,0.5638781425930103,1,0
weekly_global_ungated,3749,2026-07-10,2026-07-20,-0.035775397012711,2026,2026-06-30,learned_order_extension,20260910,0.5879342810564924,0.5879342810564924,1,0
weekly_global_ungated,3754,2026-07-17,2026-07-27,0.01756245533441,2026,2026-06-30,learned_order_extension,20260910,0.5526928098881572,0.5526928098881572,1,1
weekly_global_ungated,3759,2026-07-24,2026-08-03,-0.0202339761556519,2026,2026-06-30,learned_order_extension,20260910,0.561468991874668,0.561468991874668,1,0
weekly_global_ungated,3764,2026-07-31,2026-08-10,0.0300318732435738,2026,2026-06-30,learned_order_extension,20260910,0.4021537380135162,0.4021537380135162,0,1
weekly_global_ungated,3769,2026-08-07,2026-08-17,-0.0056482265760339,2026,2026-06-30,learned_order_extension,20260910,0.5254175606260338,0.5254175606260338,1,0
weekly_global_ungated,3774,2026-08-14,2026-08-24,-0.0109860710402629,2026,2026-06-30,learned_order_extension,20260910,0.5388438363620597,0.5388438363620597,1,0
weekly_global_ungated,3779,2026-08-21,2026-08-31,-0.0127592811002066,2026,2026-06-30,learned_order_extension,20260910,0.6351492851739874,0.6351492851739874,1,0
weekly_state_validated,3744,2026-07-03,2026-07-13,-0.0252847876365399,2026,2026-06-30,learned_order_extension,20260911,0.4506693788167256,0.4506693788167256,0,0
weekly_state_validated,3749,2026-07-10,2026-07-20,-0.035775397012711,2026,2026-06-30,learned_order_extension,20260911,0.3824829838916093,0.3824829838916093,0,0
weekly_state_validated,3754,2026-07-17,2026-07-27,0.01756245533441,2026,2026-06-30,learned_order_extension,20260911,0.43688665591392856,0.43688665591392856,0,1
weekly_state_validated,3759,2026-07-24,2026-08-03,-0.0202339761556519,2026,2026-06-30,learned_order_extension,20260911,0.44905597298529143,0.44905597298529143,0,0
weekly_state_validated,3764,2026-07-31,2026-08-10,0.0300318732435738,2026,2026-06-30,learned_order_extension,20260911,0.4331657943702479,0.4331657943702479,0,1
weekly_state_validated,3769,2026-08-07,2026-08-17,-0.0056482265760339,2026,2026-06-30,learned_order_extension,20260911,0.2872017560126486,0.2872017560126486,0,0
weekly_state_validated,3774,2026-08-14,2026-08-24,-0.0109860710402629,2026,2026-06-30,learned_order_extension,20260911,0.46907910630736294,0.46907910630736294,0,0
weekly_state_validated,3779,2026-08-21,2026-08-31,-0.0127592811002066,2026,2026-06-30,learned_order_extension,20260911,0.44303971633290073,0.44303971633290073,0,0
weekly_state_ungated,3744,2026-07-03,2026-07-13,-0.0252847876365399,2026,2026-06-30,learned_order_extension,20260911,0.4690881558121391,0.4690881558121391,0,0
weekly_state_ungated,3749,2026-07-10,2026-07-20,-0.035775397012711,2026,2026-06-30,learned_order_extension,20260911,0.4001449387870103,0.4001449387870103,0,0
weekly_state_ungated,3754,2026-07-17,2026-07-27,0.01756245533441,2026,2026-06-30,learned_order_extension,20260911,0.43688665591392856,0.43688665591392856,0,1
weekly_state_ungated,3759,2026-07-24,2026-08-03,-0.0202339761556519,2026,2026-06-30,learned_order_extension,20260911,0.44905597298529143,0.44905597298529143,0,0
weekly_state_ungated,3764,2026-07-31,2026-08-10,0.0300318732435738,2026,2026-06-30,learned_order_extension,20260911,0.4331657943702479,0.4331657943702479,0,1
weekly_state_ungated,3769,2026-08-07,2026-08-17,-0.0056482265760339,2026,2026-06-30,learned_order_extension,20260911,0.2872017560126486,0.2872017560126486,0,0
weekly_state_ungated,3774,2026-08-14,2026-08-24,-0.0109860710402629,2026,2026-06-30,learned_order_extension,20260911,0.46907910630736294,0.46907910630736294,0,0
weekly_state_ungated,3779,2026-08-21,2026-08-31,-0.0127592811002066,2026,2026-06-30,learned_order_extension,20260911,0.44303971633290073,0.44303971633290073,0,0
weekly_global_validated,3744,2026-07-03,2026-07-13,-0.0252847876365399,2026,2026-06-30,learned_order_extension,20260911,0.4506693788167256,0.4506693788167256,0,0
weekly_global_validated,3749,2026-07-10,2026-07-20,-0.035775397012711,2026,2026-06-30,learned_order_extension,20260911,0.3824829838916093,0.3824829838916093,0,0
weekly_global_validated,3754,2026-07-17,2026-07-27,0.01756245533441,2026,2026-06-30,learned_order_extension,20260911,0.43688665591392856,0.43688665591392856,0,1
weekly_global_validated,3759,2026-07-24,2026-08-03,-0.0202339761556519,2026,2026-06-30,learned_order_extension,20260911,0.44905597298529143,0.44905597298529143,0,0
weekly_global_validated,3764,2026-07-31,2026-08-10,0.0300318732435738,2026,2026-06-30,learned_order_extension,20260911,0.4331657943702479,0.4331657943702479,0,1
weekly_global_validated,3769,2026-08-07,2026-08-17,-0.0056482265760339,2026,2026-06-30,learned_order_extension,20260911,0.2872017560126486,0.2872017560126486,0,0
weekly_global_validated,3774,2026-08-14,2026-08-24,-0.0109860710402629,2026,2026-06-30,learned_order_extension,20260911,0.46907910630736294,0.46907910630736294,0,0
weekly_global_validated,3779,2026-08-21,2026-08-31,-0.0127592811002066,2026,2026-06-30,learned_order_extension,20260911,0.44303971633290073,0.44303971633290073,0,0
weekly_global_ungated,3744,2026-07-03,2026-07-13,-0.0252847876365399,2026,2026-06-30,learned_order_extension,20260911,0.4956861712787674,0.4956861712787674,0,0
weekly_global_ungated,3749,2026-07-10,2026-07-20,-0.035775397012711,2026,2026-06-30,learned_order_extension,20260911,0.42597025313390785,0.42597025313390785,0,0
weekly_global_ungated,3754,2026-07-17,2026-07-27,0.01756245533441,2026,2026-06-30,learned_order_extension,20260911,0.4817340370414289,0.4817340370414289,0,1
weekly_global_ungated,3759,2026-07-24,2026-08-03,-0.0202339761556519,2026,2026-06-30,learned_order_extension,20260911,0.49405654929670456,0.49405654929670456,0,0
weekly_global_ungated,3764,2026-07-31,2026-08-10,0.0300318732435738,2026,2026-06-30,learned_order_extension,20260911,0.477955413647437,0.477955413647437,0,1
weekly_global_ungated,3769,2026-08-07,2026-08-17,-0.0056482265760339,2026,2026-06-30,learned_order_extension,20260911,0.32556729743471224,0.32556729743471224,0,0
weekly_global_ungated,3774,2026-08-14,2026-08-24,-0.0109860710402629,2026,2026-06-30,learned_order_extension,20260911,0.5142134560411044,0.5142134560411044,1,0
weekly_global_ungated,3779,2026-08-21,2026-08-31,-0.0127592811002066,2026,2026-06-30,learned_order_extension,20260911,0.4879713816666235,0.4879713816666235,0,0
weekly_state_validated,3744,2026-07-03,2026-07-13,-0.0252847876365399,2026,2026-06-30,learned_order_extension,20260912,0.4989429054386354,0.4989429054386354,0,0
weekly_state_validated,3749,2026-07-10,2026-07-20,-0.035775397012711,2026,2026-06-30,learned_order_extension,20260912,0.5236629920895812,0.5236629920895812,1,0
weekly_state_validated,3754,2026-07-17,2026-07-27,0.01756245533441,2026,2026-06-30,learned_order_extension,20260912,0.5032118538805617,0.5032118538805617,1,1
weekly_state_validated,3759,2026-07-24,2026-08-03,-0.0202339761556519,2026,2026-06-30,learned_order_extension,20260912,0.4921460637997216,0.4921460637997216,0,0
weekly_state_validated,3764,2026-07-31,2026-08-10,0.0300318732435738,2026,2026-06-30,learned_order_extension,20260912,0.4818553927993659,0.4818553927993659,0,1
weekly_state_validated,3769,2026-08-07,2026-08-17,-0.0056482265760339,2026,2026-06-30,learned_order_extension,20260912,0.5028354128920006,0.5028354128920006,1,0
weekly_state_validated,3774,2026-08-14,2026-08-24,-0.0109860710402629,2026,2026-06-30,learned_order_extension,20260912,0.4725810214103995,0.4725810214103995,0,0
weekly_state_validated,3779,2026-08-21,2026-08-31,-0.0127592811002066,2026,2026-06-30,learned_order_extension,20260912,0.46653070967261673,0.46653070967261673,0,0
weekly_state_ungated,3744,2026-07-03,2026-07-13,-0.0252847876365399,2026,2026-06-30,learned_order_extension,20260912,0.5156513066398392,0.5156513066398392,1,0
weekly_state_ungated,3749,2026-07-10,2026-07-20,-0.035775397012711,2026,2026-06-30,learned_order_extension,20260912,0.5403065477037174,0.5403065477037174,1,0
weekly_state_ungated,3754,2026-07-17,2026-07-27,0.01756245533441,2026,2026-06-30,learned_order_extension,20260912,0.5032118538805617,0.5032118538805617,1,1
weekly_state_ungated,3759,2026-07-24,2026-08-03,-0.0202339761556519,2026,2026-06-30,learned_order_extension,20260912,0.4921460637997216,0.4921460637997216,0,0
weekly_state_ungated,3764,2026-07-31,2026-08-10,0.0300318732435738,2026,2026-06-30,learned_order_extension,20260912,0.4818553927993659,0.4818553927993659,0,1
weekly_state_ungated,3769,2026-08-07,2026-08-17,-0.0056482265760339,2026,2026-06-30,learned_order_extension,20260912,0.5028354128920006,0.5028354128920006,1,0
weekly_state_ungated,3774,2026-08-14,2026-08-24,-0.0109860710402629,2026,2026-06-30,learned_order_extension,20260912,0.4725810214103995,0.4725810214103995,0,0
weekly_state_ungated,3779,2026-08-21,2026-08-31,-0.0127592811002066,2026,2026-06-30,learned_order_extension,20260912,0.46653070967261673,0.46653070967261673,0,0
weekly_global_validated,3744,2026-07-03,2026-07-13,-0.0252847876365399,2026,2026-06-30,learned_order_extension,20260912,0.4989429054386354,0.4989429054386354,0,0
weekly_global_validated,3749,2026-07-10,2026-07-20,-0.035775397012711,2026,2026-06-30,learned_order_extension,20260912,0.5236629920895812,0.5236629920895812,1,0
weekly_global_validated,3754,2026-07-17,2026-07-27,0.01756245533441,2026,2026-06-30,learned_order_extension,20260912,0.5032118538805617,0.5032118538805617,1,1
weekly_global_validated,3759,2026-07-24,2026-08-03,-0.0202339761556519,2026,2026-06-30,learned_order_extension,20260912,0.4921460637997216,0.4921460637997216,0,0
weekly_global_validated,3764,2026-07-31,2026-08-10,0.0300318732435738,2026,2026-06-30,learned_order_extension,20260912,0.4818553927993659,0.4818553927993659,0,1
weekly_global_validated,3769,2026-08-07,2026-08-17,-0.0056482265760339,2026,2026-06-30,learned_order_extension,20260912,0.5028354128920006,0.5028354128920006,1,0
weekly_global_validated,3774,2026-08-14,2026-08-24,-0.0109860710402629,2026,2026-06-30,learned_order_extension,20260912,0.4725810214103995,0.4725810214103995,0,0
weekly_global_validated,3779,2026-08-21,2026-08-31,-0.0127592811002066,2026,2026-06-30,learned_order_extension,20260912,0.46653070967261673,0.46653070967261673,0,0
weekly_global_ungated,3744,2026-07-03,2026-07-13,-0.0252847876365399,2026,2026-06-30,learned_order_extension,20260912,0.5375474030933918,0.5375474030933918,1,0
weekly_global_ungated,3749,2026-07-10,2026-07-20,-0.035775397012711,2026,2026-06-30,learned_order_extension,20260912,0.5620347233074312,0.5620347233074312,1,0
weekly_global_ungated,3754,2026-07-17,2026-07-27,0.01756245533441,2026,2026-06-30,learned_order_extension,20260912,0.5417895005138897,0.5417895005138897,1,1
weekly_global_ungated,3759,2026-07-24,2026-08-03,-0.0202339761556519,2026,2026-06-30,learned_order_extension,20260912,0.5307817592533319,0.5307817592533319,1,0
weekly_global_ungated,3764,2026-07-31,2026-08-10,0.0300318732435738,2026,2026-06-30,learned_order_extension,20260912,0.5205112227228911,0.5205112227228911,1,1
weekly_global_ungated,3769,2026-08-07,2026-08-17,-0.0056482265760339,2026,2026-06-30,learned_order_extension,20260912,0.5414156519918947,0.5414156519918947,1,0
weekly_global_ungated,3774,2026-08-14,2026-08-24,-0.0109860710402629,2026,2026-06-30,learned_order_extension,20260912,0.5112269180506331,0.5112269180506331,1,0
weekly_global_ungated,3779,2026-08-21,2026-08-31,-0.0127592811002066,2026,2026-06-30,learned_order_extension,20260912,0.5051557211522985,0.5051557211522985,1,0
weekly_state_validated,3744,2026-07-03,2026-07-13,-0.0252847876365399,2026,2026-06-30,learned_order_offset,20260910,0.5200345973909772,0.5200345973909772,1,0
weekly_state_validated,3749,2026-07-10,2026-07-20,-0.035775397012711,2026,2026-06-30,learned_order_offset,20260910,0.5436950585124818,0.5436950585124818,1,0
weekly_state_validated,3754,2026-07-17,2026-07-27,0.01756245533441,2026,2026-06-30,learned_order_offset,20260910,0.508054785466941,0.508054785466941,1,1
weekly_state_validated,3759,2026-07-24,2026-08-03,-0.0202339761556519,2026,2026-06-30,learned_order_offset,20260910,0.5169961256143539,0.5169961256143539,1,0
weekly_state_validated,3764,2026-07-31,2026-08-10,0.0300318732435738,2026,2026-06-30,learned_order_offset,20260910,0.3614644685354211,0.3614644685354211,0,1
weekly_state_validated,3769,2026-08-07,2026-08-17,-0.0056482265760339,2026,2026-06-30,learned_order_offset,20260910,0.48135180455157167,0.48135180455157167,0,0
weekly_state_validated,3774,2026-08-14,2026-08-24,-0.0109860710402629,2026,2026-06-30,learned_order_offset,20260910,0.49538994348876286,0.49538994348876286,0,0
weekly_state_validated,3779,2026-08-21,2026-08-31,-0.0127592811002066,2026,2026-06-30,learned_order_offset,20260910,0.593020025927001,0.593020025927001,1,0
weekly_state_ungated,3744,2026-07-03,2026-07-13,-0.0252847876365399,2026,2026-06-30,learned_order_offset,20260910,0.538409279343653,0.538409279343653,1,0
weekly_state_ungated,3749,2026-07-10,2026-07-20,-0.035775397012711,2026,2026-06-30,learned_order_offset,20260910,0.561926978944124,0.561926978944124,1,0
weekly_state_ungated,3754,2026-07-17,2026-07-27,0.01756245533441,2026,2026-06-30,learned_order_offset,20260910,0.508054785466941,0.508054785466941,1,1
weekly_state_ungated,3759,2026-07-24,2026-08-03,-0.0202339761556519,2026,2026-06-30,learned_order_offset,20260910,0.5169961256143539,0.5169961256143539,1,0
weekly_state_ungated,3764,2026-07-31,2026-08-10,0.0300318732435738,2026,2026-06-30,learned_order_offset,20260910,0.3614644685354211,0.3614644685354211,0,1
weekly_state_ungated,3769,2026-08-07,2026-08-17,-0.0056482265760339,2026,2026-06-30,learned_order_offset,20260910,0.48135180455157167,0.48135180455157167,0,0
weekly_state_ungated,3774,2026-08-14,2026-08-24,-0.0109860710402629,2026,2026-06-30,learned_order_offset,20260910,0.49538994348876286,0.49538994348876286,0,0
weekly_state_ungated,3779,2026-08-21,2026-08-31,-0.0127592811002066,2026,2026-06-30,learned_order_offset,20260910,0.593020025927001,0.593020025927001,1,0
weekly_global_validated,3744,2026-07-03,2026-07-13,-0.0252847876365399,2026,2026-06-30,learned_order_offset,20260910,0.5200345973909772,0.5200345973909772,1,0
weekly_global_validated,3749,2026-07-10,2026-07-20,-0.035775397012711,2026,2026-06-30,learned_order_offset,20260910,0.5436950585124818,0.5436950585124818,1,0
weekly_global_validated,3754,2026-07-17,2026-07-27,0.01756245533441,2026,2026-06-30,learned_order_offset,20260910,0.508054785466941,0.508054785466941,1,1
weekly_global_validated,3759,2026-07-24,2026-08-03,-0.0202339761556519,2026,2026-06-30,learned_order_offset,20260910,0.5169961256143539,0.5169961256143539,1,0
weekly_global_validated,3764,2026-07-31,2026-08-10,0.0300318732435738,2026,2026-06-30,learned_order_offset,20260910,0.3614644685354211,0.3614644685354211,0,1
weekly_global_validated,3769,2026-08-07,2026-08-17,-0.0056482265760339,2026,2026-06-30,learned_order_offset,20260910,0.48135180455157167,0.48135180455157167,0,0
weekly_global_validated,3774,2026-08-14,2026-08-24,-0.0109860710402629,2026,2026-06-30,learned_order_offset,20260910,0.49538994348876286,0.49538994348876286,0,0
weekly_global_validated,3779,2026-08-21,2026-08-31,-0.0127592811002066,2026,2026-06-30,learned_order_offset,20260910,0.593020025927001,0.593020025927001,1,0
weekly_global_ungated,3744,2026-07-03,2026-07-13,-0.0252847876365399,2026,2026-06-30,learned_order_offset,20260910,0.562948904698036,0.562948904698036,1,0
weekly_global_ungated,3749,2026-07-10,2026-07-20,-0.035775397012711,2026,2026-06-30,learned_order_offset,20260910,0.5861772936619976,0.5861772936619976,1,0
weekly_global_ungated,3754,2026-07-17,2026-07-27,0.01756245533441,2026,2026-06-30,learned_order_offset,20260910,0.5511156429374487,0.5511156429374487,1,1
weekly_global_ungated,3759,2026-07-24,2026-08-03,-0.0202339761556519,2026,2026-06-30,learned_order_offset,20260910,0.5599522191864971,0.5599522191864971,1,0
weekly_global_ungated,3764,2026-07-31,2026-08-10,0.0300318732435738,2026,2026-06-30,learned_order_offset,20260910,0.40226026320584357,0.40226026320584357,0,1
weekly_global_ungated,3769,2026-08-07,2026-08-17,-0.0056482265760339,2026,2026-06-30,learned_order_offset,20260910,0.5245627223556683,0.5245627223556683,1,0
weekly_global_ungated,3774,2026-08-14,2026-08-24,-0.0109860710402629,2026,2026-06-30,learned_order_offset,20260910,0.5385524981495615,0.5385524981495615,1,0
weekly_global_ungated,3779,2026-08-21,2026-08-31,-0.0127592811002066,2026,2026-06-30,learned_order_offset,20260910,0.6340013935386063,0.6340013935386063,1,0
weekly_state_validated,3744,2026-07-03,2026-07-13,-0.0252847876365399,2026,2026-06-30,learned_order_offset,20260911,0.4511056441001019,0.4511056441001019,0,0
weekly_state_validated,3749,2026-07-10,2026-07-20,-0.035775397012711,2026,2026-06-30,learned_order_offset,20260911,0.3827592265438766,0.3827592265438766,0,0
weekly_state_validated,3754,2026-07-17,2026-07-27,0.01756245533441,2026,2026-06-30,learned_order_offset,20260911,0.43716941946487026,0.43716941946487026,0,1
weekly_state_validated,3759,2026-07-24,2026-08-03,-0.0202339761556519,2026,2026-06-30,learned_order_offset,20260911,0.44889763247147363,0.44889763247147363,0,0
weekly_state_validated,3764,2026-07-31,2026-08-10,0.0300318732435738,2026,2026-06-30,learned_order_offset,20260911,0.43353434012232234,0.43353434012232234,0,1
weekly_state_validated,3769,2026-08-07,2026-08-17,-0.0056482265760339,2026,2026-06-30,learned_order_offset,20260911,0.2875992386914778,0.2875992386914778,0,0
weekly_state_validated,3774,2026-08-14,2026-08-24,-0.0109860710402629,2026,2026-06-30,learned_order_offset,20260911,0.46970929218369795,0.46970929218369795,0,0
weekly_state_validated,3779,2026-08-21,2026-08-31,-0.0127592811002066,2026,2026-06-30,learned_order_offset,20260911,0.44364661674139716,0.44364661674139716,0,0
weekly_state_ungated,3744,2026-07-03,2026-07-13,-0.0252847876365399,2026,2026-06-30,learned_order_offset,20260911,0.46952111845118405,0.46952111845118405,0,0
weekly_state_ungated,3749,2026-07-10,2026-07-20,-0.035775397012711,2026,2026-06-30,learned_order_offset,20260911,0.4004199856346284,0.4004199856346284,0,0
weekly_state_ungated,3754,2026-07-17,2026-07-27,0.01756245533441,2026,2026-06-30,learned_order_offset,20260911,0.43716941946487026,0.43716941946487026,0,1
weekly_state_ungated,3759,2026-07-24,2026-08-03,-0.0202339761556519,2026,2026-06-30,learned_order_offset,20260911,0.44889763247147363,0.44889763247147363,0,0
weekly_state_ungated,3764,2026-07-31,2026-08-10,0.0300318732435738,2026,2026-06-30,learned_order_offset,20260911,0.43353434012232234,0.43353434012232234,0,1
weekly_state_ungated,3769,2026-08-07,2026-08-17,-0.0056482265760339,2026,2026-06-30,learned_order_offset,20260911,0.2875992386914778,0.2875992386914778,0,0
weekly_state_ungated,3774,2026-08-14,2026-08-24,-0.0109860710402629,2026,2026-06-30,learned_order_offset,20260911,0.46970929218369795,0.46970929218369795,0,0
weekly_state_ungated,3779,2026-08-21,2026-08-31,-0.0127592811002066,2026,2026-06-30,learned_order_offset,20260911,0.44364661674139716,0.44364661674139716,0,0
weekly_global_validated,3744,2026-07-03,2026-07-13,-0.0252847876365399,2026,2026-06-30,learned_order_offset,20260911,0.4511056441001019,0.4511056441001019,0,0
weekly_global_validated,3749,2026-07-10,2026-07-20,-0.035775397012711,2026,2026-06-30,learned_order_offset,20260911,0.3827592265438766,0.3827592265438766,0,0
weekly_global_validated,3754,2026-07-17,2026-07-27,0.01756245533441,2026,2026-06-30,learned_order_offset,20260911,0.43716941946487026,0.43716941946487026,0,1
weekly_global_validated,3759,2026-07-24,2026-08-03,-0.0202339761556519,2026,2026-06-30,learned_order_offset,20260911,0.44889763247147363,0.44889763247147363,0,0
weekly_global_validated,3764,2026-07-31,2026-08-10,0.0300318732435738,2026,2026-06-30,learned_order_offset,20260911,0.43353434012232234,0.43353434012232234,0,1
weekly_global_validated,3769,2026-08-07,2026-08-17,-0.0056482265760339,2026,2026-06-30,learned_order_offset,20260911,0.2875992386914778,0.2875992386914778,0,0
weekly_global_validated,3774,2026-08-14,2026-08-24,-0.0109860710402629,2026,2026-06-30,learned_order_offset,20260911,0.46970929218369795,0.46970929218369795,0,0
weekly_global_validated,3779,2026-08-21,2026-08-31,-0.0127592811002066,2026,2026-06-30,learned_order_offset,20260911,0.44364661674139716,0.44364661674139716,0,0
weekly_global_ungated,3744,2026-07-03,2026-07-13,-0.0252847876365399,2026,2026-06-30,learned_order_offset,20260911,0.4961160095475952,0.4961160095475952,0,0
weekly_global_ungated,3749,2026-07-10,2026-07-20,-0.035775397012711,2026,2026-06-30,learned_order_offset,20260911,0.4262458070311119,0.4262458070311119,0,0
weekly_global_ungated,3754,2026-07-17,2026-07-27,0.01756245533441,2026,2026-06-30,learned_order_offset,20260911,0.48201034607878496,0.48201034607878496,0,1
weekly_global_ungated,3759,2026-07-24,2026-08-03,-0.0202339761556519,2026,2026-06-30,learned_order_offset,20260911,0.49388591908299184,0.49388591908299184,0,0
weekly_global_ungated,3764,2026-07-31,2026-08-10,0.0300318732435738,2026,2026-06-30,learned_order_offset,20260911,0.4783192812066237,0.4783192812066237,0,1
weekly_global_ungated,3769,2026-08-07,2026-08-17,-0.0056482265760339,2026,2026-06-30,learned_order_offset,20260911,0.3259842351414568,0.3259842351414568,0,0
weekly_global_ungated,3774,2026-08-14,2026-08-24,-0.0109860710402629,2026,2026-06-30,learned_order_offset,20260911,0.5148348389674712,0.5148348389674712,1,0
weekly_global_ungated,3779,2026-08-21,2026-08-31,-0.0127592811002066,2026,2026-06-30,learned_order_offset,20260911,0.48857519542933436,0.48857519542933436,0,0
weekly_state_validated,3744,2026-07-03,2026-07-13,-0.0252847876365399,2026,2026-06-30,learned_order_offset,20260912,0.4988441113201745,0.4988441113201745,0,0
weekly_state_validated,3749,2026-07-10,2026-07-20,-0.035775397012711,2026,2026-06-30,learned_order_offset,20260912,0.523535406519861,0.523535406519861,1,0
weekly_state_validated,3754,2026-07-17,2026-07-27,0.01756245533441,2026,2026-06-30,learned_order_offset,20260912,0.5033052897147685,0.5033052897147685,1,1
weekly_state_validated,3759,2026-07-24,2026-08-03,-0.0202339761556519,2026,2026-06-30,learned_order_offset,20260912,0.4922428591218114,0.4922428591218114,0,0
weekly_state_validated,3764,2026-07-31,2026-08-10,0.0300318732435738,2026,2026-06-30,learned_order_offset,20260912,0.4819029511308941,0.4819029511308941,0,1
weekly_state_validated,3769,2026-08-07,2026-08-17,-0.0056482265760339,2026,2026-06-30,learned_order_offset,20260912,0.5027660682169325,0.5027660682169325,1,0
weekly_state_validated,3774,2026-08-14,2026-08-24,-0.0109860710402629,2026,2026-06-30,learned_order_offset,20260912,0.4725999925469034,0.4725999925469034,0,0
weekly_state_validated,3779,2026-08-21,2026-08-31,-0.0127592811002066,2026,2026-06-30,learned_order_offset,20260912,0.4665968127191565,0.4665968127191565,0,0
weekly_state_ungated,3744,2026-07-03,2026-07-13,-0.0252847876365399,2026,2026-06-30,learned_order_offset,20260912,0.5154349117237577,0.5154349117237577,1,0
weekly_state_ungated,3749,2026-07-10,2026-07-20,-0.035775397012711,2026,2026-06-30,learned_order_offset,20260912,0.5400624545406386,0.5400624545406386,1,0
weekly_state_ungated,3754,2026-07-17,2026-07-27,0.01756245533441,2026,2026-06-30,learned_order_offset,20260912,0.5033052897147685,0.5033052897147685,1,1
weekly_state_ungated,3759,2026-07-24,2026-08-03,-0.0202339761556519,2026,2026-06-30,learned_order_offset,20260912,0.4922428591218114,0.4922428591218114,0,0
weekly_state_ungated,3764,2026-07-31,2026-08-10,0.0300318732435738,2026,2026-06-30,learned_order_offset,20260912,0.4819029511308941,0.4819029511308941,0,1
weekly_state_ungated,3769,2026-08-07,2026-08-17,-0.0056482265760339,2026,2026-06-30,learned_order_offset,20260912,0.5027660682169325,0.5027660682169325,1,0
weekly_state_ungated,3774,2026-08-14,2026-08-24,-0.0109860710402629,2026,2026-06-30,learned_order_offset,20260912,0.4725999925469034,0.4725999925469034,0,0
weekly_state_ungated,3779,2026-08-21,2026-08-31,-0.0127592811002066,2026,2026-06-30,learned_order_offset,20260912,0.4665968127191565,0.4665968127191565,0,0
weekly_global_validated,3744,2026-07-03,2026-07-13,-0.0252847876365399,2026,2026-06-30,learned_order_offset,20260912,0.4988441113201745,0.4988441113201745,0,0
weekly_global_validated,3749,2026-07-10,2026-07-20,-0.035775397012711,2026,2026-06-30,learned_order_offset,20260912,0.523535406519861,0.523535406519861,1,0
weekly_global_validated,3754,2026-07-17,2026-07-27,0.01756245533441,2026,2026-06-30,learned_order_offset,20260912,0.5033052897147685,0.5033052897147685,1,1
weekly_global_validated,3759,2026-07-24,2026-08-03,-0.0202339761556519,2026,2026-06-30,learned_order_offset,20260912,0.4922428591218114,0.4922428591218114,0,0
weekly_global_validated,3764,2026-07-31,2026-08-10,0.0300318732435738,2026,2026-06-30,learned_order_offset,20260912,0.4819029511308941,0.4819029511308941,0,1
weekly_global_validated,3769,2026-08-07,2026-08-17,-0.0056482265760339,2026,2026-06-30,learned_order_offset,20260912,0.5027660682169325,0.5027660682169325,1,0
weekly_global_validated,3774,2026-08-14,2026-08-24,-0.0109860710402629,2026,2026-06-30,learned_order_offset,20260912,0.4725999925469034,0.4725999925469034,0,0
weekly_global_validated,3779,2026-08-21,2026-08-31,-0.0127592811002066,2026,2026-06-30,learned_order_offset,20260912,0.4665968127191565,0.4665968127191565,0,0
weekly_global_ungated,3744,2026-07-03,2026-07-13,-0.0252847876365399,2026,2026-06-30,learned_order_offset,20260912,0.5376109056821171,0.5376109056821171,1,0
weekly_global_ungated,3749,2026-07-10,2026-07-20,-0.035775397012711,2026,2026-06-30,learned_order_offset,20260912,0.5620689750344555,0.5620689750344555,1,0
weekly_global_ungated,3754,2026-07-17,2026-07-27,0.01756245533441,2026,2026-06-30,learned_order_offset,20260912,0.5420437983916143,0.5420437983916143,1,1
weekly_global_ungated,3759,2026-07-24,2026-08-03,-0.0202339761556519,2026,2026-06-30,learned_order_offset,20260912,0.531040244395791,0.531040244395791,1,0
weekly_global_ungated,3764,2026-07-31,2026-08-10,0.0300318732435738,2026,2026-06-30,learned_order_offset,20260912,0.5207211440434528,0.5207211440434528,1,1
weekly_global_ungated,3769,2026-08-07,2026-08-17,-0.0056482265760339,2026,2026-06-30,learned_order_offset,20260912,0.5415083214383793,0.5415083214383793,1,0
weekly_global_ungated,3774,2026-08-14,2026-08-24,-0.0109860710402629,2026,2026-06-30,learned_order_offset,20260912,0.5114085112191069,0.5114085112191069,1,0
weekly_global_ungated,3779,2026-08-21,2026-08-31,-0.0127592811002066,2026,2026-06-30,learned_order_offset,20260912,0.5053847536230035,0.5053847536230035,1,0
weekly_state_validated,2418,2021-01-08,2021-01-18,-0.0120052904669853,2021,2020-12-31,native_mse,20260910,-0.00016719672473286887,,0,0
weekly_state_validated,2423,2021-01-15,2021-01-25,0.0231622460538123,2021,2020-12-31,native_mse,20260910,-0.0024576018862454926,,0,1
weekly_state_validated,2428,2021-01-22,2021-02-01,-0.0372511735907923,2021,2020-12-31,native_mse,20260910,-0.003647746896638798,,0,0
weekly_state_validated,2433,2021-01-29,2021-02-08,0.0278689901714626,2021,2020-12-31,native_mse,20260910,-0.0025472735860022446,,0,1
weekly_state_validated,2438,2021-02-05,2021-02-22,0.0507379035040882,2021,2020-12-31,native_mse,20260910,-0.0030793775400414984,,0,1
weekly_state_validated,2443,2021-02-19,2021-03-01,-0.0684918010685315,2021,2020-12-31,native_mse,20260910,-0.0023490676188242655,,0,0
weekly_state_validated,2448,2021-02-26,2021-03-08,-0.0165997123904068,2021,2020-12-31,native_mse,20260910,-0.0023665663755005908,,0,0
weekly_state_validated,2453,2021-03-05,2021-03-15,-0.0346560901469681,2021,2020-12-31,native_mse,20260910,-0.0014253865572098575,,0,0
weekly_state_validated,2458,2021-03-12,2021-03-22,-0.0210550182560221,2021,2020-12-31,native_mse,20260910,-0.0005000901973691782,,0,0
weekly_state_validated,2463,2021-03-19,2021-03-29,0.0087572877565691,2021,2020-12-31,native_mse,20260910,0.006023340982564988,,1,1
weekly_state_validated,2468,2021-03-26,2021-04-06,0.0250145479448802,2021,2020-12-31,native_mse,20260910,0.005598392317839315,,1,1
weekly_state_validated,2473,2021-04-02,2021-04-12,-0.0292856811827044,2021,2020-12-31,native_mse,20260910,0.0036485752776130036,,1,0
weekly_state_validated,2477,2021-04-09,2021-04-19,-0.0120489836840408,2021,2020-12-31,native_mse,20260910,0.007350243400305611,,1,0
weekly_state_validated,2482,2021-04-16,2021-04-26,0.0382932540809155,2021,2020-12-31,native_mse,20260910,0.002900059176571625,,1,1
weekly_state_validated,2487,2021-04-23,2021-05-06,-0.0112070185917437,2021,2020-12-31,native_mse,20260910,0.007596625467989239,,1,0
weekly_state_validated,2492,2021-04-30,2021-05-12,-0.0190946889464188,2021,2020-12-31,native_mse,20260910,0.007105998256782256,,1,0
weekly_state_validated,2494,2021-05-07,2021-05-17,0.0227674429764228,2021,2020-12-31,native_mse,20260910,0.0072995237328683515,,1,1
weekly_state_validated,2499,2021-05-14,2021-05-24,0.0045940519733895,2021,2020-12-31,native_mse,20260910,0.006906583839110419,,1,1
weekly_state_validated,2504,2021-05-21,2021-05-31,0.0348855085126711,2021,2020-12-31,native_mse,20260910,0.0039949465805707365,,1,1
weekly_state_validated,2509,2021-05-28,2021-06-07,-0.0062409741861724,2021,2020-12-31,native_mse,20260910,0.004302626766656515,,1,0
weekly_state_validated,2514,2021-06-04,2021-06-15,-0.0125508761771767,2021,2020-12-31,native_mse,20260910,0.0018010688105476373,,1,0
weekly_state_validated,2519,2021-06-11,2021-06-21,-0.0250011497424577,2021,2020-12-31,native_mse,20260910,-0.0027939130847951473,,0,0
weekly_state_validated,2523,2021-06-18,2021-06-28,0.0325308711127356,2021,2020-12-31,native_mse,20260910,-0.0024054667576293687,,0,1
weekly_state_validated,2528,2021-06-25,2021-07-05,-0.0342297962734196,2021,2020-12-31,native_mse,20260910,-0.0021641013171994155,,0,0
weekly_state_validated,2533,2021-07-02,2021-07-12,0.0068193733271841,2021,2020-12-31,native_mse,20260910,-0.002740282150259048,,0,1
weekly_state_validated,2538,2021-07-09,2021-07-19,-0.0048254045313779,2021,2020-12-31,native_mse,20260910,-0.0025804416168060183,,0,0
weekly_state_validated,2543,2021-07-16,2021-07-26,-0.0032299118953994,2021,2020-12-31,native_mse,20260910,-0.0035112489700114967,,0,0
weekly_state_validated,2548,2021-07-23,2021-08-02,-0.0537740931579083,2021,2020-12-31,native_mse,20260910,-0.002252148085559406,,0,0
weekly_state_validated,2553,2021-07-30,2021-08-09,0.019904813945049,2021,2020-12-31,native_mse,20260910,-0.0013935392955686378,,0,1
weekly_state_validated,2558,2021-08-06,2021-08-16,0.0093369268709639,2021,2020-12-31,native_mse,20260910,-0.0008547058545780883,,0,1
weekly_state_validated,2563,2021-08-13,2021-08-23,-0.032048736608373,2021,2020-12-31,native_mse,20260910,-0.0010996712313164061,,0,0
weekly_state_validated,2568,2021-08-20,2021-08-30,0.0145047962107527,2021,2020-12-31,native_mse,20260910,0.0014984460902095808,,1,1
weekly_state_validated,2573,2021-08-27,2021-09-06,-0.0012316820816045,2021,2020-12-31,native_mse,20260910,0.006590900742918945,,1,0
weekly_state_validated,2578,2021-09-03,2021-09-13,0.0342301066295398,2021,2020-12-31,native_mse,20260910,0.009486980636077728,,1,1
weekly_state_validated,2583,2021-09-10,2021-09-22,-0.0471441667981554,2021,2020-12-31,native_mse,20260910,0.009371153033789907,,1,0
weekly_state_validated,2588,2021-09-17,2021-09-28,0.0209863060789441,2021,2020-12-31,native_mse,20260910,0.009603132896707183,,1,1
weekly_state_validated,2591,2021-09-24,2021-10-11,0.0144615416200457,2021,2020-12-31,native_mse,20260910,0.009682760274058575,,1,1
weekly_state_validated,2596,2021-10-08,2021-10-18,-0.0038006269617851,2021,2020-12-31,native_mse,20260910,0.009091248352644028,,1,0
weekly_state_validated,2601,2021-10-15,2021-10-25,0.0037358989621147,2021,2020-12-31,native_mse,20260910,0.008469619450977196,,1,1
weekly_state_validated,2606,2021-10-22,2021-11-01,-0.0127041632091318,2021,2020-12-31,native_mse,20260910,0.0008933657456787875,,1,0
weekly_state_validated,2611,2021-10-29,2021-11-08,-0.0075807737801166,2021,2020-12-31,native_mse,20260910,0.002406790555140204,,1,0
weekly_state_validated,2616,2021-11-05,2021-11-15,0.0110015182343039,2021,2020-12-31,native_mse,20260910,0.004495816516502967,,1,1
weekly_state_validated,2621,2021-11-12,2021-11-22,0.0002002284238551,2021,2020-12-31,native_mse,20260910,0.008345328596010884,,1,1
weekly_state_validated,2626,2021-11-19,2021-11-29,-0.0153981603100059,2021,2020-12-31,native_mse,20260910,0.006936498727743483,,1,0
weekly_state_validated,2631,2021-11-26,2021-12-06,0.0185518287306458,2021,2020-12-31,native_mse,20260910,0.0043122154605937865,,1,1
weekly_state_validated,2636,2021-12-03,2021-12-13,0.0367843110096284,2021,2020-12-31,native_mse,20260910,0.003903132217743633,,1,1
weekly_state_validated,2641,2021-12-10,2021-12-20,-0.0304615698955996,2021,2020-12-31,native_mse,20260910,0.0011584734670292821,,1,0
weekly_state_validated,2646,2021-12-17,2021-12-27,-0.0034083287233763,2021,2020-12-31,native_mse,20260910,0.008060168302998738,,1,0
weekly_state_validated,2651,2021-12-24,2022-01-04,0.0080985736506613,2021,2020-12-31,native_mse,20260910,0.0074924187486900135,,1,1
weekly_state_validated,2656,2021-12-31,2022-01-10,-0.0293970528320001,2021,2020-12-31,native_mse,20260910,0.008334791957105143,,1,0
weekly_state_validated,2418,2021-01-08,2021-01-18,-0.0120052904669853,2021,2020-12-31,training_frequency,-1,0.5577557755775577,0.5577557755775577,1,0
weekly_state_validated,2423,2021-01-15,2021-01-25,0.0231622460538123,2021,2020-12-31,training_frequency,-1,0.5577557755775577,0.5577557755775577,1,1
weekly_state_validated,2428,2021-01-22,2021-02-01,-0.0372511735907923,2021,2020-12-31,training_frequency,-1,0.5577557755775577,0.5577557755775577,1,0
weekly_state_validated,2433,2021-01-29,2021-02-08,0.0278689901714626,2021,2020-12-31,training_frequency,-1,0.5577557755775577,0.5577557755775577,1,1
weekly_state_validated,2438,2021-02-05,2021-02-22,0.0507379035040882,2021,2020-12-31,training_frequency,-1,0.5577557755775577,0.5577557755775577,1,1
weekly_state_validated,2443,2021-02-19,2021-03-01,-0.0684918010685315,2021,2020-12-31,training_frequency,-1,0.5577557755775577,0.5577557755775577,1,0
weekly_state_validated,2448,2021-02-26,2021-03-08,-0.0165997123904068,2021,2020-12-31,training_frequency,-1,0.5577557755775577,0.5577557755775577,1,0
weekly_state_validated,2453,2021-03-05,2021-03-15,-0.0346560901469681,2021,2020-12-31,training_frequency,-1,0.5577557755775577,0.5577557755775577,1,0
weekly_state_validated,2458,2021-03-12,2021-03-22,-0.0210550182560221,2021,2020-12-31,training_frequency,-1,0.5577557755775577,0.5577557755775577,1,0
weekly_state_validated,2463,2021-03-19,2021-03-29,0.0087572877565691,2021,2020-12-31,training_frequency,-1,0.5577557755775577,0.5577557755775577,1,1
weekly_state_validated,2468,2021-03-26,2021-04-06,0.0250145479448802,2021,2020-12-31,training_frequency,-1,0.5577557755775577,0.5577557755775577,1,1
weekly_state_validated,2473,2021-04-02,2021-04-12,-0.0292856811827044,2021,2020-12-31,training_frequency,-1,0.5577557755775577,0.5577557755775577,1,0
weekly_state_validated,2477,2021-04-09,2021-04-19,-0.0120489836840408,2021,2020-12-31,training_frequency,-1,0.5577557755775577,0.5577557755775577,1,0
weekly_state_validated,2482,2021-04-16,2021-04-26,0.0382932540809155,2021,2020-12-31,training_frequency,-1,0.5577557755775577,0.5577557755775577,1,1
weekly_state_validated,2487,2021-04-23,2021-05-06,-0.0112070185917437,2021,2020-12-31,training_frequency,-1,0.5577557755775577,0.5577557755775577,1,0
weekly_state_validated,2492,2021-04-30,2021-05-12,-0.0190946889464188,2021,2020-12-31,training_frequency,-1,0.5577557755775577,0.5577557755775577,1,0
weekly_state_validated,2494,2021-05-07,2021-05-17,0.0227674429764228,2021,2020-12-31,training_frequency,-1,0.5577557755775577,0.5577557755775577,1,1
weekly_state_validated,2499,2021-05-14,2021-05-24,0.0045940519733895,2021,2020-12-31,training_frequency,-1,0.5577557755775577,0.5577557755775577,1,1
weekly_state_validated,2504,2021-05-21,2021-05-31,0.0348855085126711,2021,2020-12-31,training_frequency,-1,0.5577557755775577,0.5577557755775577,1,1
weekly_state_validated,2509,2021-05-28,2021-06-07,-0.0062409741861724,2021,2020-12-31,training_frequency,-1,0.5577557755775577,0.5577557755775577,1,0
weekly_state_validated,2514,2021-06-04,2021-06-15,-0.0125508761771767,2021,2020-12-31,training_frequency,-1,0.5577557755775577,0.5577557755775577,1,0
weekly_state_validated,2519,2021-06-11,2021-06-21,-0.0250011497424577,2021,2020-12-31,training_frequency,-1,0.5577557755775577,0.5577557755775577,1,0
weekly_state_validated,2523,2021-06-18,2021-06-28,0.0325308711127356,2021,2020-12-31,training_frequency,-1,0.5577557755775577,0.5577557755775577,1,1
weekly_state_validated,2528,2021-06-25,2021-07-05,-0.0342297962734196,2021,2020-12-31,training_frequency,-1,0.5577557755775577,0.5577557755775577,1,0
weekly_state_validated,2533,2021-07-02,2021-07-12,0.0068193733271841,2021,2020-12-31,training_frequency,-1,0.5577557755775577,0.5577557755775577,1,1
weekly_state_validated,2538,2021-07-09,2021-07-19,-0.0048254045313779,2021,2020-12-31,training_frequency,-1,0.5577557755775577,0.5577557755775577,1,0
weekly_state_validated,2543,2021-07-16,2021-07-26,-0.0032299118953994,2021,2020-12-31,training_frequency,-1,0.5577557755775577,0.5577557755775577,1,0
weekly_state_validated,2548,2021-07-23,2021-08-02,-0.0537740931579083,2021,2020-12-31,training_frequency,-1,0.5577557755775577,0.5577557755775577,1,0
weekly_state_validated,2553,2021-07-30,2021-08-09,0.019904813945049,2021,2020-12-31,training_frequency,-1,0.5577557755775577,0.5577557755775577,1,1
weekly_state_validated,2558,2021-08-06,2021-08-16,0.0093369268709639,2021,2020-12-31,training_frequency,-1,0.5577557755775577,0.5577557755775577,1,1
weekly_state_validated,2563,2021-08-13,2021-08-23,-0.032048736608373,2021,2020-12-31,training_frequency,-1,0.5577557755775577,0.5577557755775577,1,0
weekly_state_validated,2568,2021-08-20,2021-08-30,0.0145047962107527,2021,2020-12-31,training_frequency,-1,0.5577557755775577,0.5577557755775577,1,1
weekly_state_validated,2573,2021-08-27,2021-09-06,-0.0012316820816045,2021,2020-12-31,training_frequency,-1,0.5577557755775577,0.5577557755775577,1,0
weekly_state_validated,2578,2021-09-03,2021-09-13,0.0342301066295398,2021,2020-12-31,training_frequency,-1,0.5577557755775577,0.5577557755775577,1,1
weekly_state_validated,2583,2021-09-10,2021-09-22,-0.0471441667981554,2021,2020-12-31,training_frequency,-1,0.5577557755775577,0.5577557755775577,1,0
weekly_state_validated,2588,2021-09-17,2021-09-28,0.0209863060789441,2021,2020-12-31,training_frequency,-1,0.5577557755775577,0.5577557755775577,1,1
weekly_state_validated,2591,2021-09-24,2021-10-11,0.0144615416200457,2021,2020-12-31,training_frequency,-1,0.5577557755775577,0.5577557755775577,1,1
weekly_state_validated,2596,2021-10-08,2021-10-18,-0.0038006269617851,2021,2020-12-31,training_frequency,-1,0.5577557755775577,0.5577557755775577,1,0
weekly_state_validated,2601,2021-10-15,2021-10-25,0.0037358989621147,2021,2020-12-31,training_frequency,-1,0.5577557755775577,0.5577557755775577,1,1
weekly_state_validated,2606,2021-10-22,2021-11-01,-0.0127041632091318,2021,2020-12-31,training_frequency,-1,0.5577557755775577,0.5577557755775577,1,0
weekly_state_validated,2611,2021-10-29,2021-11-08,-0.0075807737801166,2021,2020-12-31,training_frequency,-1,0.5577557755775577,0.5577557755775577,1,0
weekly_state_validated,2616,2021-11-05,2021-11-15,0.0110015182343039,2021,2020-12-31,training_frequency,-1,0.5577557755775577,0.5577557755775577,1,1
weekly_state_validated,2621,2021-11-12,2021-11-22,0.0002002284238551,2021,2020-12-31,training_frequency,-1,0.5577557755775577,0.5577557755775577,1,1
weekly_state_validated,2626,2021-11-19,2021-11-29,-0.0153981603100059,2021,2020-12-31,training_frequency,-1,0.5577557755775577,0.5577557755775577,1,0
weekly_state_validated,2631,2021-11-26,2021-12-06,0.0185518287306458,2021,2020-12-31,training_frequency,-1,0.5577557755775577,0.5577557755775577,1,1
weekly_state_validated,2636,2021-12-03,2021-12-13,0.0367843110096284,2021,2020-12-31,training_frequency,-1,0.5577557755775577,0.5577557755775577,1,1
weekly_state_validated,2641,2021-12-10,2021-12-20,-0.0304615698955996,2021,2020-12-31,training_frequency,-1,0.5577557755775577,0.5577557755775577,1,0
weekly_state_validated,2646,2021-12-17,2021-12-27,-0.0034083287233763,2021,2020-12-31,training_frequency,-1,0.5577557755775577,0.5577557755775577,1,0
weekly_state_validated,2651,2021-12-24,2022-01-04,0.0080985736506613,2021,2020-12-31,training_frequency,-1,0.5577557755775577,0.5577557755775577,1,1
weekly_state_validated,2656,2021-12-31,2022-01-10,-0.0293970528320001,2021,2020-12-31,training_frequency,-1,0.5577557755775577,0.5577557755775577,1,0
weekly_state_validated,2418,2021-01-08,2021-01-18,-0.0120052904669853,2021,2020-12-31,native_mse,20260911,0.008552411017393067,,1,0
weekly_state_validated,2423,2021-01-15,2021-01-25,0.0231622460538123,2021,2020-12-31,native_mse,20260911,0.004218820233000888,,1,1
weekly_state_validated,2428,2021-01-22,2021-02-01,-0.0372511735907923,2021,2020-12-31,native_mse,20260911,0.004959951689017089,,1,0
weekly_state_validated,2433,2021-01-29,2021-02-08,0.0278689901714626,2021,2020-12-31,native_mse,20260911,-0.006242641410233065,,0,1
weekly_state_validated,2438,2021-02-05,2021-02-22,0.0507379035040882,2021,2020-12-31,native_mse,20260911,0.0007951359987466982,,1,1
weekly_state_validated,2443,2021-02-19,2021-03-01,-0.0684918010685315,2021,2020-12-31,native_mse,20260911,-0.0016330918552967294,,0,0
weekly_state_validated,2448,2021-02-26,2021-03-08,-0.0165997123904068,2021,2020-12-31,native_mse,20260911,-0.00533638880364651,,0,0
weekly_state_validated,2453,2021-03-05,2021-03-15,-0.0346560901469681,2021,2020-12-31,native_mse,20260911,-0.011674592766508288,,0,0
weekly_state_validated,2458,2021-03-12,2021-03-22,-0.0210550182560221,2021,2020-12-31,native_mse,20260911,-0.007847066861436623,,0,0
weekly_state_validated,2463,2021-03-19,2021-03-29,0.0087572877565691,2021,2020-12-31,native_mse,20260911,-0.0039060339233599494,,0,1
weekly_state_validated,2468,2021-03-26,2021-04-06,0.0250145479448802,2021,2020-12-31,native_mse,20260911,0.0009273635613917179,,1,1
weekly_state_validated,2473,2021-04-02,2021-04-12,-0.0292856811827044,2021,2020-12-31,native_mse,20260911,-0.0027355840325147787,,0,0
weekly_state_validated,2477,2021-04-09,2021-04-19,-0.0120489836840408,2021,2020-12-31,native_mse,20260911,-0.0036343506408249315,,0,0
weekly_state_validated,2482,2021-04-16,2021-04-26,0.0382932540809155,2021,2020-12-31,native_mse,20260911,-0.0006724515978878938,,0,1
weekly_state_validated,2487,2021-04-23,2021-05-06,-0.0112070185917437,2021,2020-12-31,native_mse,20260911,0.0055289088739753755,,1,0
weekly_state_validated,2492,2021-04-30,2021-05-12,-0.0190946889464188,2021,2020-12-31,native_mse,20260911,0.0033327575219957396,,1,0
weekly_state_validated,2494,2021-05-07,2021-05-17,0.0227674429764228,2021,2020-12-31,native_mse,20260911,0.0021669511395786133,,1,1
weekly_state_validated,2499,2021-05-14,2021-05-24,0.0045940519733895,2021,2020-12-31,native_mse,20260911,0.0011114542693073139,,1,1
weekly_state_validated,2504,2021-05-21,2021-05-31,0.0348855085126711,2021,2020-12-31,native_mse,20260911,0.008400289317996804,,1,1
weekly_state_validated,2509,2021-05-28,2021-06-07,-0.0062409741861724,2021,2020-12-31,native_mse,20260911,0.0007953145198423817,,1,0
weekly_state_validated,2514,2021-06-04,2021-06-15,-0.0125508761771767,2021,2020-12-31,native_mse,20260911,-0.007020166164517651,,0,0
weekly_state_validated,2519,2021-06-11,2021-06-21,-0.0250011497424577,2021,2020-12-31,native_mse,20260911,-0.008619872591947365,,0,0
weekly_state_validated,2523,2021-06-18,2021-06-28,0.0325308711127356,2021,2020-12-31,native_mse,20260911,-0.008791375820448139,,0,1
weekly_state_validated,2528,2021-06-25,2021-07-05,-0.0342297962734196,2021,2020-12-31,native_mse,20260911,-0.008045520831514462,,0,0
weekly_state_validated,2533,2021-07-02,2021-07-12,0.0068193733271841,2021,2020-12-31,native_mse,20260911,-0.007174844548354277,,0,1
weekly_state_validated,2538,2021-07-09,2021-07-19,-0.0048254045313779,2021,2020-12-31,native_mse,20260911,-0.015340492927170088,,0,0
weekly_state_validated,2543,2021-07-16,2021-07-26,-0.0032299118953994,2021,2020-12-31,native_mse,20260911,-0.005208717730643443,,0,0
weekly_state_validated,2548,2021-07-23,2021-08-02,-0.0537740931579083,2021,2020-12-31,native_mse,20260911,-0.005850917345567664,,0,0
weekly_state_validated,2553,2021-07-30,2021-08-09,0.019904813945049,2021,2020-12-31,native_mse,20260911,-0.0028205260505218244,,0,1
weekly_state_validated,2558,2021-08-06,2021-08-16,0.0093369268709639,2021,2020-12-31,native_mse,20260911,0.0007831311211854701,,1,1
weekly_state_validated,2563,2021-08-13,2021-08-23,-0.032048736608373,2021,2020-12-31,native_mse,20260911,-0.0005906639308137641,,0,0
weekly_state_validated,2568,2021-08-20,2021-08-30,0.0145047962107527,2021,2020-12-31,native_mse,20260911,-0.004641917146108556,,0,1
weekly_state_validated,2573,2021-08-27,2021-09-06,-0.0012316820816045,2021,2020-12-31,native_mse,20260911,0.014579973106645959,,1,0
weekly_state_validated,2578,2021-09-03,2021-09-13,0.0342301066295398,2021,2020-12-31,native_mse,20260911,0.008593989010996025,,1,1
weekly_state_validated,2583,2021-09-10,2021-09-22,-0.0471441667981554,2021,2020-12-31,native_mse,20260911,0.008313547741757724,,1,0
weekly_state_validated,2588,2021-09-17,2021-09-28,0.0209863060789441,2021,2020-12-31,native_mse,20260911,0.01165935650344279,,1,1
weekly_state_validated,2591,2021-09-24,2021-10-11,0.0144615416200457,2021,2020-12-31,native_mse,20260911,0.005518532924551857,,1,1
weekly_state_validated,2596,2021-10-08,2021-10-18,-0.0038006269617851,2021,2020-12-31,native_mse,20260911,0.012263523541426666,,1,0
weekly_state_validated,2601,2021-10-15,2021-10-25,0.0037358989621147,2021,2020-12-31,native_mse,20260911,0.005744974739242532,,1,1
weekly_state_validated,2606,2021-10-22,2021-11-01,-0.0127041632091318,2021,2020-12-31,native_mse,20260911,-0.002876912071818175,,0,0
weekly_state_validated,2611,2021-10-29,2021-11-08,-0.0075807737801166,2021,2020-12-31,native_mse,20260911,0.007299876265916085,,1,0
weekly_state_validated,2616,2021-11-05,2021-11-15,0.0110015182343039,2021,2020-12-31,native_mse,20260911,0.01509194783358179,,1,1
weekly_state_validated,2621,2021-11-12,2021-11-22,0.0002002284238551,2021,2020-12-31,native_mse,20260911,0.015091062401740971,,1,1
weekly_state_validated,2626,2021-11-19,2021-11-29,-0.0153981603100059,2021,2020-12-31,native_mse,20260911,0.0038828482450291406,,1,0
weekly_state_validated,2631,2021-11-26,2021-12-06,0.0185518287306458,2021,2020-12-31,native_mse,20260911,0.012319022901115752,,1,1
weekly_state_validated,2636,2021-12-03,2021-12-13,0.0367843110096284,2021,2020-12-31,native_mse,20260911,-0.0032795392457900994,,0,1
weekly_state_validated,2641,2021-12-10,2021-12-20,-0.0304615698955996,2021,2020-12-31,native_mse,20260911,0.0011267436480836153,,1,0
weekly_state_validated,2646,2021-12-17,2021-12-27,-0.0034083287233763,2021,2020-12-31,native_mse,20260911,0.009051863032613542,,1,0
weekly_state_validated,2651,2021-12-24,2022-01-04,0.0080985736506613,2021,2020-12-31,native_mse,20260911,0.011692479032888078,,1,1
weekly_state_validated,2656,2021-12-31,2022-01-10,-0.0293970528320001,2021,2020-12-31,native_mse,20260911,0.0061027978323025915,,1,0
weekly_state_validated,2418,2021-01-08,2021-01-18,-0.0120052904669853,2021,2020-12-31,native_mse,20260912,0.001397497585867654,,1,0
weekly_state_validated,2423,2021-01-15,2021-01-25,0.0231622460538123,2021,2020-12-31,native_mse,20260912,0.0006715229500529757,,1,1
weekly_state_validated,2428,2021-01-22,2021-02-01,-0.0372511735907923,2021,2020-12-31,native_mse,20260912,0.0008989216255188498,,1,0
weekly_state_validated,2433,2021-01-29,2021-02-08,0.0278689901714626,2021,2020-12-31,native_mse,20260912,0.0007959764416317159,,1,1
weekly_state_validated,2438,2021-02-05,2021-02-22,0.0507379035040882,2021,2020-12-31,native_mse,20260912,0.0012803740659475327,,1,1
weekly_state_validated,2443,2021-02-19,2021-03-01,-0.0684918010685315,2021,2020-12-31,native_mse,20260912,0.0009133829615551264,,1,0
weekly_state_validated,2448,2021-02-26,2021-03-08,-0.0165997123904068,2021,2020-12-31,native_mse,20260912,0.0013704992420810927,,1,0
weekly_state_validated,2453,2021-03-05,2021-03-15,-0.0346560901469681,2021,2020-12-31,native_mse,20260912,0.0008756814992302536,,1,0
weekly_state_validated,2458,2021-03-12,2021-03-22,-0.0210550182560221,2021,2020-12-31,native_mse,20260912,0.0011757184818956695,,1,0
weekly_state_validated,2463,2021-03-19,2021-03-29,0.0087572877565691,2021,2020-12-31,native_mse,20260912,0.0010792053864410744,,1,1
weekly_state_validated,2468,2021-03-26,2021-04-06,0.0250145479448802,2021,2020-12-31,native_mse,20260912,0.0011499309968955886,,1,1
weekly_state_validated,2473,2021-04-02,2021-04-12,-0.0292856811827044,2021,2020-12-31,native_mse,20260912,0.0010410156043567688,,1,0
weekly_state_validated,2477,2021-04-09,2021-04-19,-0.0120489836840408,2021,2020-12-31,native_mse,20260912,0.0015346227958627386,,1,0
weekly_state_validated,2482,2021-04-16,2021-04-26,0.0382932540809155,2021,2020-12-31,native_mse,20260912,0.001333459240383137,,1,1
weekly_state_validated,2487,2021-04-23,2021-05-06,-0.0112070185917437,2021,2020-12-31,native_mse,20260912,0.0016691075435783544,,1,0
weekly_state_validated,2492,2021-04-30,2021-05-12,-0.0190946889464188,2021,2020-12-31,native_mse,20260912,0.0008697905080337705,,1,0
weekly_state_validated,2494,2021-05-07,2021-05-17,0.0227674429764228,2021,2020-12-31,native_mse,20260912,0.0011496090030479206,,1,1
weekly_state_validated,2499,2021-05-14,2021-05-24,0.0045940519733895,2021,2020-12-31,native_mse,20260912,0.0010483063772099349,,1,1
weekly_state_validated,2504,2021-05-21,2021-05-31,0.0348855085126711,2021,2020-12-31,native_mse,20260912,0.0011439525898009322,,1,1
weekly_state_validated,2509,2021-05-28,2021-06-07,-0.0062409741861724,2021,2020-12-31,native_mse,20260912,0.0011525125328662067,,1,0
weekly_state_validated,2514,2021-06-04,2021-06-15,-0.0125508761771767,2021,2020-12-31,native_mse,20260912,0.0007128828650729158,,1,0
weekly_state_validated,2519,2021-06-11,2021-06-21,-0.0250011497424577,2021,2020-12-31,native_mse,20260912,0.0008407535701623152,,1,0
weekly_state_validated,2523,2021-06-18,2021-06-28,0.0325308711127356,2021,2020-12-31,native_mse,20260912,0.0005295128002944305,,1,1
weekly_state_validated,2528,2021-06-25,2021-07-05,-0.0342297962734196,2021,2020-12-31,native_mse,20260912,0.0004392776625445282,,1,0
weekly_state_validated,2533,2021-07-02,2021-07-12,0.0068193733271841,2021,2020-12-31,native_mse,20260912,0.0008802423955353033,,1,1
weekly_state_validated,2538,2021-07-09,2021-07-19,-0.0048254045313779,2021,2020-12-31,native_mse,20260912,0.001025036941487719,,1,0
weekly_state_validated,2543,2021-07-16,2021-07-26,-0.0032299118953994,2021,2020-12-31,native_mse,20260912,0.0009848540154367372,,1,0
weekly_state_validated,2548,2021-07-23,2021-08-02,-0.0537740931579083,2021,2020-12-31,native_mse,20260912,0.0010837390229232473,,1,0
weekly_state_validated,2553,2021-07-30,2021-08-09,0.019904813945049,2021,2020-12-31,native_mse,20260912,0.0007753634039124927,,1,1
weekly_state_validated,2558,2021-08-06,2021-08-16,0.0093369268709639,2021,2020-12-31,native_mse,20260912,0.0010686946751112278,,1,1
weekly_state_validated,2563,2021-08-13,2021-08-23,-0.032048736608373,2021,2020-12-31,native_mse,20260912,0.0016819071064647707,,1,0
weekly_state_validated,2568,2021-08-20,2021-08-30,0.0145047962107527,2021,2020-12-31,native_mse,20260912,0.0015674609930577542,,1,1
weekly_state_validated,2573,2021-08-27,2021-09-06,-0.0012316820816045,2021,2020-12-31,native_mse,20260912,0.0015518786224257932,,1,0
weekly_state_validated,2578,2021-09-03,2021-09-13,0.0342301066295398,2021,2020-12-31,native_mse,20260912,0.0015775578367383941,,1,1
weekly_state_validated,2583,2021-09-10,2021-09-22,-0.0471441667981554,2021,2020-12-31,native_mse,20260912,0.00097730888589041,,1,0
weekly_state_validated,2588,2021-09-17,2021-09-28,0.0209863060789441,2021,2020-12-31,native_mse,20260912,0.0010514539644274003,,1,1
weekly_state_validated,2591,2021-09-24,2021-10-11,0.0144615416200457,2021,2020-12-31,native_mse,20260912,0.0009736007301348337,,1,1
weekly_state_validated,2596,2021-10-08,2021-10-18,-0.0038006269617851,2021,2020-12-31,native_mse,20260912,0.0017059097904301645,,1,0
weekly_state_validated,2601,2021-10-15,2021-10-25,0.0037358989621147,2021,2020-12-31,native_mse,20260912,0.0013112113818953192,,1,1
weekly_state_validated,2606,2021-10-22,2021-11-01,-0.0127041632091318,2021,2020-12-31,native_mse,20260912,0.001166627382206441,,1,0
weekly_state_validated,2611,2021-10-29,2021-11-08,-0.0075807737801166,2021,2020-12-31,native_mse,20260912,0.0010497018546840582,,1,0
weekly_state_validated,2616,2021-11-05,2021-11-15,0.0110015182343039,2021,2020-12-31,native_mse,20260912,0.0009666279543883876,,1,1
weekly_state_validated,2621,2021-11-12,2021-11-22,0.0002002284238551,2021,2020-12-31,native_mse,20260912,0.00100753152357648,,1,1
weekly_state_validated,2626,2021-11-19,2021-11-29,-0.0153981603100059,2021,2020-12-31,native_mse,20260912,0.0011440904261233744,,1,0
weekly_state_validated,2631,2021-11-26,2021-12-06,0.0185518287306458,2021,2020-12-31,native_mse,20260912,0.0008222023383696463,,1,1
weekly_state_validated,2636,2021-12-03,2021-12-13,0.0367843110096284,2021,2020-12-31,native_mse,20260912,0.000663622110562264,,1,1
weekly_state_validated,2641,2021-12-10,2021-12-20,-0.0304615698955996,2021,2020-12-31,native_mse,20260912,0.0012207854253852776,,1,0
weekly_state_validated,2646,2021-12-17,2021-12-27,-0.0034083287233763,2021,2020-12-31,native_mse,20260912,0.0012339786672550855,,1,0
weekly_state_validated,2651,2021-12-24,2022-01-04,0.0080985736506613,2021,2020-12-31,native_mse,20260912,0.0010451229218044734,,1,1
weekly_state_validated,2656,2021-12-31,2022-01-10,-0.0293970528320001,2021,2020-12-31,native_mse,20260912,0.001214204791414166,,1,0
weekly_state_validated,2660,2022-01-07,2022-01-17,-0.0173453887283024,2022,2021-12-31,native_mse,20260910,-0.0034182510339292468,,0,0
weekly_state_validated,2665,2022-01-14,2022-01-24,0.0053248631776616,2022,2021-12-31,native_mse,20260910,0.004761167720503064,,1,1
weekly_state_validated,2670,2022-01-21,2022-02-07,-0.0242661876254222,2022,2021-12-31,native_mse,20260910,0.013137367547165641,,1,0
weekly_state_validated,2675,2022-01-28,2022-02-14,-0.0127539031341488,2022,2021-12-31,native_mse,20260910,0.010886081661597602,,1,0
weekly_state_validated,2680,2022-02-11,2022-02-21,0.0145498774954033,2022,2021-12-31,native_mse,20260910,0.008879219089809445,,1,1
weekly_state_validated,2685,2022-02-18,2022-02-28,-0.0177161244498015,2022,2021-12-31,native_mse,20260910,0.009476567447344621,,1,0
weekly_state_validated,2690,2022-02-25,2022-03-07,-0.0221791776043331,2022,2021-12-31,native_mse,20260910,0.01051598647298397,,1,0
weekly_state_validated,2695,2022-03-04,2022-03-14,-0.0480378799422749,2022,2021-12-31,native_mse,20260910,0.007053677912636015,,1,0
weekly_state_validated,2700,2022-03-11,2022-03-21,0.007530336734814,2022,2021-12-31,native_mse,20260910,0.010804442451387935,,1,1
weekly_state_validated,2705,2022-03-18,2022-03-28,-0.0353493110038457,2022,2021-12-31,native_mse,20260910,0.0072982657258971444,,1,0
weekly_state_validated,2710,2022-03-25,2022-04-06,0.0314834190717003,2022,2021-12-31,native_mse,20260910,0.007546796616275884,,1,1
weekly_state_validated,2715,2022-04-01,2022-04-12,-0.0129237372705649,2022,2021-12-31,native_mse,20260910,0.006781430452769677,,1,0
weekly_state_validated,2718,2022-04-08,2022-04-18,-0.0120986062576864,2022,2021-12-31,native_mse,20260910,0.00652895075643567,,1,0
weekly_state_validated,2723,2022-04-15,2022-04-25,-0.0528494340140576,2022,2021-12-31,native_mse,20260910,0.006385447465197085,,1,0
weekly_state_validated,2728,2022-04-22,2022-05-05,0.015736821365468,2022,2021-12-31,native_mse,20260910,0.005099274511858865,,1,1
weekly_state_validated,2733,2022-04-29,2022-05-11,-0.0278824133054675,2022,2021-12-31,native_mse,20260910,0.004344044298975658,,1,0
weekly_state_validated,2735,2022-05-06,2022-05-16,0.033741423035827,2022,2021-12-31,native_mse,20260910,0.0035518248227642247,,1,1
weekly_state_validated,2740,2022-05-13,2022-05-23,0.0164308841843088,2022,2021-12-31,native_mse,20260910,0.002890441768532801,,1,1
weekly_state_validated,2745,2022-05-20,2022-05-30,-0.0147293413085614,2022,2021-12-31,native_mse,20260910,0.002556802191789734,,1,0
weekly_state_validated,2750,2022-05-27,2022-06-13,0.0431748431927498,2022,2021-12-31,native_mse,20260910,-0.006714076298392413,,0,1
weekly_state_validated,2759,2022-06-10,2022-06-20,0.0306046547112142,2022,2021-12-31,native_mse,20260910,-0.0017160693271902699,,0,1
weekly_state_validated,2764,2022-06-17,2022-06-27,0.0211666894141107,2022,2021-12-31,native_mse,20260910,-0.005554400786314341,,0,1
weekly_state_validated,2769,2022-06-24,2022-07-04,0.0074507343130214,2022,2021-12-31,native_mse,20260910,-0.006611900023593844,,0,1
weekly_state_validated,2774,2022-07-01,2022-07-11,-0.0092349827532707,2022,2021-12-31,native_mse,20260910,-0.001849659274069034,,0,0
weekly_state_validated,2779,2022-07-08,2022-07-18,-0.0326815927737367,2022,2021-12-31,native_mse,20260910,-0.0036295526636022737,,0,0
weekly_state_validated,2784,2022-07-15,2022-07-25,-0.0066210715249344,2022,2021-12-31,native_mse,20260910,-0.00726704662423343,,0,0
weekly_state_validated,2789,2022-07-22,2022-08-01,-0.0173077967751003,2022,2021-12-31,native_mse,20260910,-0.005304375487712945,,0,0
weekly_state_validated,2794,2022-07-29,2022-08-08,-0.004456034513838,2022,2021-12-31,native_mse,20260910,0.012166125781651363,,1,0
weekly_state_validated,2799,2022-08-05,2022-08-15,0.0091475117753996,2022,2021-12-31,native_mse,20260910,0.004077391662883762,,1,1
weekly_state_validated,2804,2022-08-12,2022-08-22,-0.0107272727272728,2022,2021-12-31,native_mse,20260910,0.0035826870942200968,,1,0
weekly_state_validated,2809,2022-08-19,2022-08-29,-0.0172375434082356,2022,2021-12-31,native_mse,20260910,0.012796192349441387,,1,0
weekly_state_validated,2814,2022-08-26,2022-09-05,-0.0131573766941938,2022,2021-12-31,native_mse,20260910,0.0045980644388349074,,1,0
weekly_state_validated,2819,2022-09-02,2022-09-13,0.0253340680878015,2022,2021-12-31,native_mse,20260910,0.0016393163861851791,,1,1
weekly_state_validated,2824,2022-09-09,2022-09-19,-0.044647264962877,2022,2021-12-31,native_mse,20260910,0.011024491197755238,,1,0
weekly_state_validated,2828,2022-09-16,2022-09-26,-0.025155151434928,2022,2021-12-31,native_mse,20260910,0.0006249539921165778,,1,0
weekly_state_validated,2833,2022-09-23,2022-10-10,-0.0060162941299352,2022,2021-12-31,native_mse,20260910,0.00941379002591237,,1,0
weekly_state_validated,2838,2022-09-30,2022-10-17,0.0041192047412885,2022,2021-12-31,native_mse,20260910,-0.003455449604433236,,0,1
weekly_state_validated,2843,2022-10-14,2022-10-24,-0.0246766294110258,2022,2021-12-31,native_mse,20260910,0.004982119577206458,,1,0
weekly_state_validated,2848,2022-10-21,2022-10-31,-0.059928861134359,2022,2021-12-31,native_mse,20260910,0.004400428951388619,,1,0
weekly_state_validated,2853,2022-10-28,2022-11-07,0.071339502526744,2022,2021-12-31,native_mse,20260910,-0.004533662272660886,,0,1
weekly_state_validated,2858,2022-11-04,2022-11-14,0.0169449090696014,2022,2021-12-31,native_mse,20260910,0.009145763900992613,,1,1
weekly_state_validated,2863,2022-11-11,2022-11-21,-0.0127051391515239,2022,2021-12-31,native_mse,20260910,0.005105981957746508,,1,0
weekly_state_validated,2868,2022-11-18,2022-11-28,-0.0179672806084416,2022,2021-12-31,native_mse,20260910,0.004390010241707061,,1,0
weekly_state_validated,2873,2022-11-25,2022-12-05,0.0555768659337096,2022,2021-12-31,native_mse,20260910,-0.0021694749097981593,,0,1
weekly_state_validated,2878,2022-12-02,2022-12-12,0.0175374394775362,2022,2021-12-31,native_mse,20260910,-0.008963509314181651,,0,1
weekly_state_validated,2883,2022-12-09,2022-12-19,-0.0058850602464181,2022,2021-12-31,native_mse,20260910,-0.008742160121666592,,0,0
weekly_state_validated,2888,2022-12-16,2022-12-26,-0.0309150292073658,2022,2021-12-31,native_mse,20260910,0.00021070675399415396,,1,0
weekly_state_validated,2893,2022-12-23,2023-01-03,0.0089464492229616,2022,2021-12-31,native_mse,20260910,-0.006931659189351796,,0,1
weekly_state_validated,2898,2022-12-30,2023-01-09,0.0345913414268119,2022,2021-12-31,native_mse,20260910,-0.004005139352311209,,0,1
weekly_state_validated,2660,2022-01-07,2022-01-17,-0.0173453887283024,2022,2021-12-31,training_frequency,-1,0.5458298926507019,0.5458298926507019,1,0
weekly_state_validated,2665,2022-01-14,2022-01-24,0.0053248631776616,2022,2021-12-31,training_frequency,-1,0.5458298926507019,0.5458298926507019,1,1
weekly_state_validated,2670,2022-01-21,2022-02-07,-0.0242661876254222,2022,2021-12-31,training_frequency,-1,0.5458298926507019,0.5458298926507019,1,0
weekly_state_validated,2675,2022-01-28,2022-02-14,-0.0127539031341488,2022,2021-12-31,training_frequency,-1,0.5458298926507019,0.5458298926507019,1,0
weekly_state_validated,2680,2022-02-11,2022-02-21,0.0145498774954033,2022,2021-12-31,training_frequency,-1,0.5458298926507019,0.5458298926507019,1,1
weekly_state_validated,2685,2022-02-18,2022-02-28,-0.0177161244498015,2022,2021-12-31,training_frequency,-1,0.5458298926507019,0.5458298926507019,1,0
weekly_state_validated,2690,2022-02-25,2022-03-07,-0.0221791776043331,2022,2021-12-31,training_frequency,-1,0.5458298926507019,0.5458298926507019,1,0
weekly_state_validated,2695,2022-03-04,2022-03-14,-0.0480378799422749,2022,2021-12-31,training_frequency,-1,0.5458298926507019,0.5458298926507019,1,0
weekly_state_validated,2700,2022-03-11,2022-03-21,0.007530336734814,2022,2021-12-31,training_frequency,-1,0.5458298926507019,0.5458298926507019,1,1
weekly_state_validated,2705,2022-03-18,2022-03-28,-0.0353493110038457,2022,2021-12-31,training_frequency,-1,0.5458298926507019,0.5458298926507019,1,0
weekly_state_validated,2710,2022-03-25,2022-04-06,0.0314834190717003,2022,2021-12-31,training_frequency,-1,0.5458298926507019,0.5458298926507019,1,1
weekly_state_validated,2715,2022-04-01,2022-04-12,-0.0129237372705649,2022,2021-12-31,training_frequency,-1,0.5458298926507019,0.5458298926507019,1,0
weekly_state_validated,2718,2022-04-08,2022-04-18,-0.0120986062576864,2022,2021-12-31,training_frequency,-1,0.5458298926507019,0.5458298926507019,1,0
weekly_state_validated,2723,2022-04-15,2022-04-25,-0.0528494340140576,2022,2021-12-31,training_frequency,-1,0.5458298926507019,0.5458298926507019,1,0
weekly_state_validated,2728,2022-04-22,2022-05-05,0.015736821365468,2022,2021-12-31,training_frequency,-1,0.5458298926507019,0.5458298926507019,1,1
weekly_state_validated,2733,2022-04-29,2022-05-11,-0.0278824133054675,2022,2021-12-31,training_frequency,-1,0.5458298926507019,0.5458298926507019,1,0
weekly_state_validated,2735,2022-05-06,2022-05-16,0.033741423035827,2022,2021-12-31,training_frequency,-1,0.5458298926507019,0.5458298926507019,1,1
weekly_state_validated,2740,2022-05-13,2022-05-23,0.0164308841843088,2022,2021-12-31,training_frequency,-1,0.5458298926507019,0.5458298926507019,1,1
weekly_state_validated,2745,2022-05-20,2022-05-30,-0.0147293413085614,2022,2021-12-31,training_frequency,-1,0.5458298926507019,0.5458298926507019,1,0
weekly_state_validated,2750,2022-05-27,2022-06-13,0.0431748431927498,2022,2021-12-31,training_frequency,-1,0.5458298926507019,0.5458298926507019,1,1
weekly_state_validated,2759,2022-06-10,2022-06-20,0.0306046547112142,2022,2021-12-31,training_frequency,-1,0.5458298926507019,0.5458298926507019,1,1
weekly_state_validated,2764,2022-06-17,2022-06-27,0.0211666894141107,2022,2021-12-31,training_frequency,-1,0.5458298926507019,0.5458298926507019,1,1
weekly_state_validated,2769,2022-06-24,2022-07-04,0.0074507343130214,2022,2021-12-31,training_frequency,-1,0.5458298926507019,0.5458298926507019,1,1
weekly_state_validated,2774,2022-07-01,2022-07-11,-0.0092349827532707,2022,2021-12-31,training_frequency,-1,0.5458298926507019,0.5458298926507019,1,0
weekly_state_validated,2779,2022-07-08,2022-07-18,-0.0326815927737367,2022,2021-12-31,training_frequency,-1,0.5458298926507019,0.5458298926507019,1,0
weekly_state_validated,2784,2022-07-15,2022-07-25,-0.0066210715249344,2022,2021-12-31,training_frequency,-1,0.5458298926507019,0.5458298926507019,1,0
weekly_state_validated,2789,2022-07-22,2022-08-01,-0.0173077967751003,2022,2021-12-31,training_frequency,-1,0.5458298926507019,0.5458298926507019,1,0
weekly_state_validated,2794,2022-07-29,2022-08-08,-0.004456034513838,2022,2021-12-31,training_frequency,-1,0.5458298926507019,0.5458298926507019,1,0
weekly_state_validated,2799,2022-08-05,2022-08-15,0.0091475117753996,2022,2021-12-31,training_frequency,-1,0.5458298926507019,0.5458298926507019,1,1
weekly_state_validated,2804,2022-08-12,2022-08-22,-0.0107272727272728,2022,2021-12-31,training_frequency,-1,0.5458298926507019,0.5458298926507019,1,0
weekly_state_validated,2809,2022-08-19,2022-08-29,-0.0172375434082356,2022,2021-12-31,training_frequency,-1,0.5458298926507019,0.5458298926507019,1,0
weekly_state_validated,2814,2022-08-26,2022-09-05,-0.0131573766941938,2022,2021-12-31,training_frequency,-1,0.5458298926507019,0.5458298926507019,1,0
weekly_state_validated,2819,2022-09-02,2022-09-13,0.0253340680878015,2022,2021-12-31,training_frequency,-1,0.5458298926507019,0.5458298926507019,1,1
weekly_state_validated,2824,2022-09-09,2022-09-19,-0.044647264962877,2022,2021-12-31,training_frequency,-1,0.5458298926507019,0.5458298926507019,1,0
weekly_state_validated,2828,2022-09-16,2022-09-26,-0.025155151434928,2022,2021-12-31,training_frequency,-1,0.5458298926507019,0.5458298926507019,1,0
weekly_state_validated,2833,2022-09-23,2022-10-10,-0.0060162941299352,2022,2021-12-31,training_frequency,-1,0.5458298926507019,0.5458298926507019,1,0
weekly_state_validated,2838,2022-09-30,2022-10-17,0.0041192047412885,2022,2021-12-31,training_frequency,-1,0.5458298926507019,0.5458298926507019,1,1
weekly_state_validated,2843,2022-10-14,2022-10-24,-0.0246766294110258,2022,2021-12-31,training_frequency,-1,0.5458298926507019,0.5458298926507019,1,0
weekly_state_validated,2848,2022-10-21,2022-10-31,-0.059928861134359,2022,2021-12-31,training_frequency,-1,0.5458298926507019,0.5458298926507019,1,0
weekly_state_validated,2853,2022-10-28,2022-11-07,0.071339502526744,2022,2021-12-31,training_frequency,-1,0.5458298926507019,0.5458298926507019,1,1
weekly_state_validated,2858,2022-11-04,2022-11-14,0.0169449090696014,2022,2021-12-31,training_frequency,-1,0.5458298926507019,0.5458298926507019,1,1
weekly_state_validated,2863,2022-11-11,2022-11-21,-0.0127051391515239,2022,2021-12-31,training_frequency,-1,0.5458298926507019,0.5458298926507019,1,0
weekly_state_validated,2868,2022-11-18,2022-11-28,-0.0179672806084416,2022,2021-12-31,training_frequency,-1,0.5458298926507019,0.5458298926507019,1,0
weekly_state_validated,2873,2022-11-25,2022-12-05,0.0555768659337096,2022,2021-12-31,training_frequency,-1,0.5458298926507019,0.5458298926507019,1,1
weekly_state_validated,2878,2022-12-02,2022-12-12,0.0175374394775362,2022,2021-12-31,training_frequency,-1,0.5458298926507019,0.5458298926507019,1,1
weekly_state_validated,2883,2022-12-09,2022-12-19,-0.0058850602464181,2022,2021-12-31,training_frequency,-1,0.5458298926507019,0.5458298926507019,1,0
weekly_state_validated,2888,2022-12-16,2022-12-26,-0.0309150292073658,2022,2021-12-31,training_frequency,-1,0.5458298926507019,0.5458298926507019,1,0
weekly_state_validated,2893,2022-12-23,2023-01-03,0.0089464492229616,2022,2021-12-31,training_frequency,-1,0.5458298926507019,0.5458298926507019,1,1
weekly_state_validated,2898,2022-12-30,2023-01-09,0.0345913414268119,2022,2021-12-31,training_frequency,-1,0.5458298926507019,0.5458298926507019,1,1
weekly_state_validated,2660,2022-01-07,2022-01-17,-0.0173453887283024,2022,2021-12-31,native_mse,20260911,0.007330315708159769,,1,0
weekly_state_validated,2665,2022-01-14,2022-01-24,0.0053248631776616,2022,2021-12-31,native_mse,20260911,0.015471274729398543,,1,1
weekly_state_validated,2670,2022-01-21,2022-02-07,-0.0242661876254222,2022,2021-12-31,native_mse,20260911,0.009873111042602054,,1,0
weekly_state_validated,2675,2022-01-28,2022-02-14,-0.0127539031341488,2022,2021-12-31,native_mse,20260911,0.0025503118790792955,,1,0
weekly_state_validated,2680,2022-02-11,2022-02-21,0.0145498774954033,2022,2021-12-31,native_mse,20260911,0.0063949393307865515,,1,1
weekly_state_validated,2685,2022-02-18,2022-02-28,-0.0177161244498015,2022,2021-12-31,native_mse,20260911,0.004306186298337274,,1,0
weekly_state_validated,2690,2022-02-25,2022-03-07,-0.0221791776043331,2022,2021-12-31,native_mse,20260911,0.00884306439536679,,1,0
weekly_state_validated,2695,2022-03-04,2022-03-14,-0.0480378799422749,2022,2021-12-31,native_mse,20260911,0.008878575004775912,,1,0
weekly_state_validated,2700,2022-03-11,2022-03-21,0.007530336734814,2022,2021-12-31,native_mse,20260911,0.008804997087552644,,1,1
weekly_state_validated,2705,2022-03-18,2022-03-28,-0.0353493110038457,2022,2021-12-31,native_mse,20260911,0.0029149751065889705,,1,0
weekly_state_validated,2710,2022-03-25,2022-04-06,0.0314834190717003,2022,2021-12-31,native_mse,20260911,0.009608904415587632,,1,1
weekly_state_validated,2715,2022-04-01,2022-04-12,-0.0129237372705649,2022,2021-12-31,native_mse,20260911,0.013290024702572031,,1,0
weekly_state_validated,2718,2022-04-08,2022-04-18,-0.0120986062576864,2022,2021-12-31,native_mse,20260911,0.0032429576095984285,,1,0
weekly_state_validated,2723,2022-04-15,2022-04-25,-0.0528494340140576,2022,2021-12-31,native_mse,20260911,0.016983479995433693,,1,0
weekly_state_validated,2728,2022-04-22,2022-05-05,0.015736821365468,2022,2021-12-31,native_mse,20260911,0.011987542362233185,,1,1
weekly_state_validated,2733,2022-04-29,2022-05-11,-0.0278824133054675,2022,2021-12-31,native_mse,20260911,0.0046606294840712235,,1,0
weekly_state_validated,2735,2022-05-06,2022-05-16,0.033741423035827,2022,2021-12-31,native_mse,20260911,-0.002196005566182584,,0,1
weekly_state_validated,2740,2022-05-13,2022-05-23,0.0164308841843088,2022,2021-12-31,native_mse,20260911,0.0038854901281264037,,1,1
weekly_state_validated,2745,2022-05-20,2022-05-30,-0.0147293413085614,2022,2021-12-31,native_mse,20260911,0.005767086549547615,,1,0
weekly_state_validated,2750,2022-05-27,2022-06-13,0.0431748431927498,2022,2021-12-31,native_mse,20260911,0.001263767062796844,,1,1
weekly_state_validated,2759,2022-06-10,2022-06-20,0.0306046547112142,2022,2021-12-31,native_mse,20260911,-0.0024637080117748144,,0,1
weekly_state_validated,2764,2022-06-17,2022-06-27,0.0211666894141107,2022,2021-12-31,native_mse,20260911,-0.0034192691302211337,,0,1
weekly_state_validated,2769,2022-06-24,2022-07-04,0.0074507343130214,2022,2021-12-31,native_mse,20260911,0.0007173637240202417,,1,1
weekly_state_validated,2774,2022-07-01,2022-07-11,-0.0092349827532707,2022,2021-12-31,native_mse,20260911,0.00019356382111467723,,1,0
weekly_state_validated,2779,2022-07-08,2022-07-18,-0.0326815927737367,2022,2021-12-31,native_mse,20260911,-0.002705313965036355,,0,0
weekly_state_validated,2784,2022-07-15,2022-07-25,-0.0066210715249344,2022,2021-12-31,native_mse,20260911,-0.01432584048846508,,0,0
weekly_state_validated,2789,2022-07-22,2022-08-01,-0.0173077967751003,2022,2021-12-31,native_mse,20260911,-0.01380965748442494,,0,0
weekly_state_validated,2794,2022-07-29,2022-08-08,-0.004456034513838,2022,2021-12-31,native_mse,20260911,-0.0005052222003642227,,0,0
weekly_state_validated,2799,2022-08-05,2022-08-15,0.0091475117753996,2022,2021-12-31,native_mse,20260911,0.011525493600414192,,1,1
weekly_state_validated,2804,2022-08-12,2022-08-22,-0.0107272727272728,2022,2021-12-31,native_mse,20260911,0.011216024245490553,,1,0
weekly_state_validated,2809,2022-08-19,2022-08-29,-0.0172375434082356,2022,2021-12-31,native_mse,20260911,0.011754323018096325,,1,0
weekly_state_validated,2814,2022-08-26,2022-09-05,-0.0131573766941938,2022,2021-12-31,native_mse,20260911,0.015594603509631271,,1,0
weekly_state_validated,2819,2022-09-02,2022-09-13,0.0253340680878015,2022,2021-12-31,native_mse,20260911,0.010900596081000016,,1,1
weekly_state_validated,2824,2022-09-09,2022-09-19,-0.044647264962877,2022,2021-12-31,native_mse,20260911,0.009845699372826781,,1,0
weekly_state_validated,2828,2022-09-16,2022-09-26,-0.025155151434928,2022,2021-12-31,native_mse,20260911,0.008491582609497948,,1,0
weekly_state_validated,2833,2022-09-23,2022-10-10,-0.0060162941299352,2022,2021-12-31,native_mse,20260911,0.016496050845990925,,1,0
weekly_state_validated,2838,2022-09-30,2022-10-17,0.0041192047412885,2022,2021-12-31,native_mse,20260911,0.0066528810646222045,,1,1
weekly_state_validated,2843,2022-10-14,2022-10-24,-0.0246766294110258,2022,2021-12-31,native_mse,20260911,0.007009044538463505,,1,0
weekly_state_validated,2848,2022-10-21,2022-10-31,-0.059928861134359,2022,2021-12-31,native_mse,20260911,0.010852556503638734,,1,0
weekly_state_validated,2853,2022-10-28,2022-11-07,0.071339502526744,2022,2021-12-31,native_mse,20260911,0.006842543646863063,,1,1
weekly_state_validated,2858,2022-11-04,2022-11-14,0.0169449090696014,2022,2021-12-31,native_mse,20260911,-0.008549410923537592,,0,1
weekly_state_validated,2863,2022-11-11,2022-11-21,-0.0127051391515239,2022,2021-12-31,native_mse,20260911,-0.005215109557773304,,0,0
weekly_state_validated,2868,2022-11-18,2022-11-28,-0.0179672806084416,2022,2021-12-31,native_mse,20260911,-0.010307087880643545,,0,0
weekly_state_validated,2873,2022-11-25,2022-12-05,0.0555768659337096,2022,2021-12-31,native_mse,20260911,0.0013951717650121252,,1,1
weekly_state_validated,2878,2022-12-02,2022-12-12,0.0175374394775362,2022,2021-12-31,native_mse,20260911,0.009832549235191711,,1,1
weekly_state_validated,2883,2022-12-09,2022-12-19,-0.0058850602464181,2022,2021-12-31,native_mse,20260911,0.003809464155812216,,1,0
weekly_state_validated,2888,2022-12-16,2022-12-26,-0.0309150292073658,2022,2021-12-31,native_mse,20260911,-0.00026475301217457076,,0,0
weekly_state_validated,2893,2022-12-23,2023-01-03,0.0089464492229616,2022,2021-12-31,native_mse,20260911,0.0011212783896272817,,1,1
weekly_state_validated,2898,2022-12-30,2023-01-09,0.0345913414268119,2022,2021-12-31,native_mse,20260911,-0.013209134532423342,,0,1
weekly_state_validated,2660,2022-01-07,2022-01-17,-0.0173453887283024,2022,2021-12-31,native_mse,20260912,0.001814179283598589,,1,0
weekly_state_validated,2665,2022-01-14,2022-01-24,0.0053248631776616,2022,2021-12-31,native_mse,20260912,0.0008133505012356114,,1,1
weekly_state_validated,2670,2022-01-21,2022-02-07,-0.0242661876254222,2022,2021-12-31,native_mse,20260912,0.003394922189452561,,1,0
weekly_state_validated,2675,2022-01-28,2022-02-14,-0.0127539031341488,2022,2021-12-31,native_mse,20260912,0.001858669558311765,,1,0
weekly_state_validated,2680,2022-02-11,2022-02-21,0.0145498774954033,2022,2021-12-31,native_mse,20260912,0.003479305001395758,,1,1
weekly_state_validated,2685,2022-02-18,2022-02-28,-0.0177161244498015,2022,2021-12-31,native_mse,20260912,0.00484344917433416,,1,0
weekly_state_validated,2690,2022-02-25,2022-03-07,-0.0221791776043331,2022,2021-12-31,native_mse,20260912,0.004930593592929232,,1,0
weekly_state_validated,2695,2022-03-04,2022-03-14,-0.0480378799422749,2022,2021-12-31,native_mse,20260912,0.004780982951547397,,1,0
weekly_state_validated,2700,2022-03-11,2022-03-21,0.007530336734814,2022,2021-12-31,native_mse,20260912,0.004193854635787947,,1,1
weekly_state_validated,2705,2022-03-18,2022-03-28,-0.0353493110038457,2022,2021-12-31,native_mse,20260912,0.004396502651581285,,1,0
weekly_state_validated,2710,2022-03-25,2022-04-06,0.0314834190717003,2022,2021-12-31,native_mse,20260912,0.0036897334948297125,,1,1
weekly_state_validated,2715,2022-04-01,2022-04-12,-0.0129237372705649,2022,2021-12-31,native_mse,20260912,0.003704448832752752,,1,0
weekly_state_validated,2718,2022-04-08,2022-04-18,-0.0120986062576864,2022,2021-12-31,native_mse,20260912,0.0033120503584409514,,1,0
weekly_state_validated,2723,2022-04-15,2022-04-25,-0.0528494340140576,2022,2021-12-31,native_mse,20260912,0.0030085181253416615,,1,0
weekly_state_validated,2728,2022-04-22,2022-05-05,0.015736821365468,2022,2021-12-31,native_mse,20260912,0.0026567146550084044,,1,1
weekly_state_validated,2733,2022-04-29,2022-05-11,-0.0278824133054675,2022,2021-12-31,native_mse,20260912,0.0018367479372410052,,1,0
weekly_state_validated,2735,2022-05-06,2022-05-16,0.033741423035827,2022,2021-12-31,native_mse,20260912,0.0020912186604119124,,1,1
weekly_state_validated,2740,2022-05-13,2022-05-23,0.0164308841843088,2022,2021-12-31,native_mse,20260912,0.0018493178254621319,,1,1
weekly_state_validated,2745,2022-05-20,2022-05-30,-0.0147293413085614,2022,2021-12-31,native_mse,20260912,0.0016372108848958446,,1,0
weekly_state_validated,2750,2022-05-27,2022-06-13,0.0431748431927498,2022,2021-12-31,native_mse,20260912,0.0012702553294938346,,1,1
weekly_state_validated,2759,2022-06-10,2022-06-20,0.0306046547112142,2022,2021-12-31,native_mse,20260912,-0.00018870985334741705,,0,1
weekly_state_validated,2764,2022-06-17,2022-06-27,0.0211666894141107,2022,2021-12-31,native_mse,20260912,-0.0009698518035469311,,0,1
weekly_state_validated,2769,2022-06-24,2022-07-04,0.0074507343130214,2022,2021-12-31,native_mse,20260912,-0.00016157705520515077,,0,1
weekly_state_validated,2774,2022-07-01,2022-07-11,-0.0092349827532707,2022,2021-12-31,native_mse,20260912,0.00012114906253678204,,1,0
weekly_state_validated,2779,2022-07-08,2022-07-18,-0.0326815927737367,2022,2021-12-31,native_mse,20260912,0.0009385572149118832,,1,0
weekly_state_validated,2784,2022-07-15,2022-07-25,-0.0066210715249344,2022,2021-12-31,native_mse,20260912,0.0008465033870475552,,1,0
weekly_state_validated,2789,2022-07-22,2022-08-01,-0.0173077967751003,2022,2021-12-31,native_mse,20260912,0.001749105544547778,,1,0
weekly_state_validated,2794,2022-07-29,2022-08-08,-0.004456034513838,2022,2021-12-31,native_mse,20260912,0.0022855909610094674,,1,0
weekly_state_validated,2799,2022-08-05,2022-08-15,0.0091475117753996,2022,2021-12-31,native_mse,20260912,0.0023275813973101045,,1,1
weekly_state_validated,2804,2022-08-12,2022-08-22,-0.0107272727272728,2022,2021-12-31,native_mse,20260912,0.00116828161002665,,1,0
weekly_state_validated,2809,2022-08-19,2022-08-29,-0.0172375434082356,2022,2021-12-31,native_mse,20260912,0.002641518401624336,,1,0
weekly_state_validated,2814,2022-08-26,2022-09-05,-0.0131573766941938,2022,2021-12-31,native_mse,20260912,0.00258122146459616,,1,0
weekly_state_validated,2819,2022-09-02,2022-09-13,0.0253340680878015,2022,2021-12-31,native_mse,20260912,0.003426320209529877,,1,1
weekly_state_validated,2824,2022-09-09,2022-09-19,-0.044647264962877,2022,2021-12-31,native_mse,20260912,0.004071954177543495,,1,0
weekly_state_validated,2828,2022-09-16,2022-09-26,-0.025155151434928,2022,2021-12-31,native_mse,20260912,0.004321372628556118,,1,0
weekly_state_validated,2833,2022-09-23,2022-10-10,-0.0060162941299352,2022,2021-12-31,native_mse,20260912,0.0034216908995016978,,1,0
weekly_state_validated,2838,2022-09-30,2022-10-17,0.0041192047412885,2022,2021-12-31,native_mse,20260912,0.003515450079575204,,1,1
weekly_state_validated,2843,2022-10-14,2022-10-24,-0.0246766294110258,2022,2021-12-31,native_mse,20260912,0.002607809358206801,,1,0
weekly_state_validated,2848,2022-10-21,2022-10-31,-0.059928861134359,2022,2021-12-31,native_mse,20260912,0.003699251753992663,,1,0
weekly_state_validated,2853,2022-10-28,2022-11-07,0.071339502526744,2022,2021-12-31,native_mse,20260912,0.0018115173178016464,,1,1
weekly_state_validated,2858,2022-11-04,2022-11-14,0.0169449090696014,2022,2021-12-31,native_mse,20260912,0.0023418219066621243,,1,1
weekly_state_validated,2863,2022-11-11,2022-11-21,-0.0127051391515239,2022,2021-12-31,native_mse,20260912,0.0018573604038192703,,1,0
weekly_state_validated,2868,2022-11-18,2022-11-28,-0.0179672806084416,2022,2021-12-31,native_mse,20260912,0.0016249204309614228,,1,0
weekly_state_validated,2873,2022-11-25,2022-12-05,0.0555768659337096,2022,2021-12-31,native_mse,20260912,0.0016075771422150188,,1,1
weekly_state_validated,2878,2022-12-02,2022-12-12,0.0175374394775362,2022,2021-12-31,native_mse,20260912,0.0015010231403169106,,1,1
weekly_state_validated,2883,2022-12-09,2022-12-19,-0.0058850602464181,2022,2021-12-31,native_mse,20260912,0.001187317105345827,,1,0
weekly_state_validated,2888,2022-12-16,2022-12-26,-0.0309150292073658,2022,2021-12-31,native_mse,20260912,0.0019485697779955545,,1,0
weekly_state_validated,2893,2022-12-23,2023-01-03,0.0089464492229616,2022,2021-12-31,native_mse,20260912,0.0001928217320369698,,1,1
weekly_state_validated,2898,2022-12-30,2023-01-09,0.0345913414268119,2022,2021-12-31,native_mse,20260912,0.00047968928790032895,,1,1
weekly_state_validated,2902,2023-01-06,2023-01-16,0.0198447929614133,2023,2022-12-31,native_mse,20260910,-0.0025267983391307767,,0,1
weekly_state_validated,2907,2023-01-13,2023-01-30,0.0465290788350809,2023,2022-12-31,native_mse,20260910,-0.0004635399148201708,,0,1
weekly_state_validated,2912,2023-01-20,2023-02-06,-0.0383797057844887,2023,2022-12-31,native_mse,20260910,7.519190422555292e-05,,1,0
weekly_state_validated,2917,2023-02-03,2023-02-13,-0.0012061903149008,2023,2022-12-31,native_mse,20260910,0.0016271329266920357,,1,0
weekly_state_validated,2922,2023-02-10,2023-02-20,-0.0143746584432821,2023,2022-12-31,native_mse,20260910,-0.0011564163814400644,,0,0
weekly_state_validated,2927,2023-02-17,2023-02-27,0.0001237636016198,2023,2022-12-31,native_mse,20260910,-0.0016426518503498255,,0,1
weekly_state_validated,2932,2023-02-24,2023-03-06,0.0224454641303217,2023,2022-12-31,native_mse,20260910,0.0015810555880606469,,1,1
weekly_state_validated,2937,2023-03-03,2023-03-13,-0.0407900947678007,2023,2022-12-31,native_mse,20260910,0.0007073892257839969,,1,0
weekly_state_validated,2942,2023-03-10,2023-03-20,5.0471402903706775e-06,2023,2022-12-31,native_mse,20260910,-0.0001794060398361263,,0,1
weekly_state_validated,2947,2023-03-17,2023-03-27,0.015302852124583,2023,2022-12-31,native_mse,20260910,-0.0018976163672993884,,0,1
weekly_state_validated,2952,2023-03-24,2023-04-03,0.0090274153058433,2023,2022-12-31,native_mse,20260910,-0.001832954139676603,,0,1
weekly_state_validated,2957,2023-03-31,2023-04-10,0.0178317182396383,2023,2022-12-31,native_mse,20260910,-0.00172129069982479,,0,1
weekly_state_validated,2961,2023-04-07,2023-04-17,-0.0101500238382772,2023,2022-12-31,native_mse,20260910,-0.00033641886926452733,,0,0
weekly_state_validated,2966,2023-04-14,2023-04-24,-0.014368947230732,2023,2022-12-31,native_mse,20260910,-0.0013230092163269815,,0,0
weekly_state_validated,2971,2023-04-21,2023-05-04,-0.0044228908788729,2023,2022-12-31,native_mse,20260910,-0.0007286066396655064,,0,0
weekly_state_validated,2976,2023-04-28,2023-05-10,0.0036477163153083,2023,2022-12-31,native_mse,20260910,-0.00030575704561793394,,0,1
weekly_state_validated,2978,2023-05-05,2023-05-15,-0.0221642407977935,2023,2022-12-31,native_mse,20260910,-0.00011486613921578474,,0,0
weekly_state_validated,2983,2023-05-12,2023-05-22,0.0005509250208819,2023,2022-12-31,native_mse,20260910,-0.0001792163459168561,,0,1
weekly_state_validated,2988,2023-05-19,2023-05-29,-0.0200253742704897,2023,2022-12-31,native_mse,20260910,0.0009439667644663131,,1,0
weekly_state_validated,2993,2023-05-26,2023-06-05,-0.0003935703040848,2023,2022-12-31,native_mse,20260910,0.000557122093874036,,1,0
weekly_state_validated,2998,2023-06-02,2023-06-12,-0.0086075595250429,2023,2022-12-31,native_mse,20260910,-0.001180815938657947,,0,0
weekly_state_validated,3003,2023-06-09,2023-06-19,0.0338878539347273,2023,2022-12-31,native_mse,20260910,-0.0014426234760102343,,0,1
weekly_state_validated,3008,2023-06-16,2023-07-03,-0.026216632171098,2023,2022-12-31,native_mse,20260910,-0.0010042817493535598,,0,0
weekly_state_validated,3016,2023-06-30,2023-07-10,-0.0030441518806006,2023,2022-12-31,native_mse,20260910,-0.0011931588855691256,,0,0
weekly_state_validated,3021,2023-07-07,2023-07-17,0.0104280552692135,2023,2022-12-31,native_mse,20260910,-0.001925244639091561,,0,1
weekly_state_validated,3026,2023-07-14,2023-07-24,-0.0201642613135752,2023,2022-12-31,native_mse,20260910,0.00072512762062503,,1,0
weekly_state_validated,3031,2023-07-21,2023-07-31,0.0566710925894278,2023,2022-12-31,native_mse,20260910,0.0009939160139214966,,1,1
weekly_state_validated,3036,2023-07-28,2023-08-07,-0.0039612927947766,2023,2022-12-31,native_mse,20260910,-0.0005682320215149167,,0,0
weekly_state_validated,3041,2023-08-04,2023-08-14,-0.0404899362223548,2023,2022-12-31,native_mse,20260910,-0.0009301134947241365,,0,0
weekly_state_validated,3046,2023-08-11,2023-08-21,-0.0176157088591445,2023,2022-12-31,native_mse,20260910,-0.000726777176221484,,0,0
weekly_state_validated,3051,2023-08-18,2023-08-28,0.0366582477081969,2023,2022-12-31,native_mse,20260910,0.0008756120897448488,,1,1
weekly_state_validated,3056,2023-08-25,2023-09-04,-0.025197172476384,2023,2022-12-31,native_mse,20260910,-0.0006648239910763075,,0,0
weekly_state_validated,3061,2023-09-01,2023-09-11,-0.0189903461587886,2023,2022-12-31,native_mse,20260910,0.00015839660362514175,,1,0
weekly_state_validated,3066,2023-09-08,2023-09-18,-0.0111346368744954,2023,2022-12-31,native_mse,20260910,0.001744965500114605,,1,0
weekly_state_validated,3071,2023-09-15,2023-09-25,0.0105787349314532,2023,2022-12-31,native_mse,20260910,0.0006876575211446893,,1,1
weekly_state_validated,3076,2023-09-22,2023-10-16,-0.0198017153282719,2023,2022-12-31,native_mse,20260910,-0.00243132015475,,0,0
weekly_state_validated,3085,2023-10-13,2023-10-23,-0.0447156690429144,2023,2022-12-31,native_mse,20260910,-0.0021908711949872265,,0,0
weekly_state_validated,3090,2023-10-20,2023-10-30,0.0154019770298841,2023,2022-12-31,native_mse,20260910,-0.0005611083237640583,,0,1
weekly_state_validated,3095,2023-10-27,2023-11-06,0.0152527637017425,2023,2022-12-31,native_mse,20260910,0.0010289915405626282,,1,1
weekly_state_validated,3100,2023-11-03,2023-11-13,-0.0039935482440582,2023,2022-12-31,native_mse,20260910,0.001023319006735779,,1,0
weekly_state_validated,3105,2023-11-10,2023-11-20,-0.0067280482816765,2023,2022-12-31,native_mse,20260910,-0.0009564130384265961,,0,0
weekly_state_validated,3110,2023-11-17,2023-11-27,-0.0098859017348651,2023,2022-12-31,native_mse,20260910,0.00023192130830153903,,1,0
weekly_state_validated,3115,2023-11-24,2023-12-04,-0.0151084754586299,2023,2022-12-31,native_mse,20260910,0.0008732338960994725,,1,0
weekly_state_validated,3120,2023-12-01,2023-12-11,-0.0295859857973478,2023,2022-12-31,native_mse,20260910,0.000837366835393595,,1,0
weekly_state_validated,3125,2023-12-08,2023-12-18,-0.0144639658974852,2023,2022-12-31,native_mse,20260910,0.0006391538307731006,,1,0
weekly_state_validated,3130,2023-12-15,2023-12-25,0.0003424256350643,2023,2022-12-31,native_mse,20260910,0.000382991564868559,,1,1
weekly_state_validated,3135,2023-12-22,2024-01-02,0.0288079559683274,2023,2022-12-31,native_mse,20260910,-0.0008222024683218445,,0,1
weekly_state_validated,3140,2023-12-29,2024-01-08,-0.0302544749829989,2023,2022-12-31,native_mse,20260910,0.0008212539531046094,,1,0
weekly_state_validated,2902,2023-01-06,2023-01-16,0.0198447929614133,2023,2022-12-31,training_frequency,-1,0.5028949545078577,0.5028949545078577,1,1
weekly_state_validated,2907,2023-01-13,2023-01-30,0.0465290788350809,2023,2022-12-31,training_frequency,-1,0.5028949545078577,0.5028949545078577,1,1
weekly_state_validated,2912,2023-01-20,2023-02-06,-0.0383797057844887,2023,2022-12-31,training_frequency,-1,0.5028949545078577,0.5028949545078577,1,0
weekly_state_validated,2917,2023-02-03,2023-02-13,-0.0012061903149008,2023,2022-12-31,training_frequency,-1,0.5028949545078577,0.5028949545078577,1,0
weekly_state_validated,2922,2023-02-10,2023-02-20,-0.0143746584432821,2023,2022-12-31,training_frequency,-1,0.5028949545078577,0.5028949545078577,1,0
weekly_state_validated,2927,2023-02-17,2023-02-27,0.0001237636016198,2023,2022-12-31,training_frequency,-1,0.5028949545078577,0.5028949545078577,1,1
weekly_state_validated,2932,2023-02-24,2023-03-06,0.0224454641303217,2023,2022-12-31,training_frequency,-1,0.5028949545078577,0.5028949545078577,1,1
weekly_state_validated,2937,2023-03-03,2023-03-13,-0.0407900947678007,2023,2022-12-31,training_frequency,-1,0.5028949545078577,0.5028949545078577,1,0
weekly_state_validated,2942,2023-03-10,2023-03-20,5.0471402903706775e-06,2023,2022-12-31,training_frequency,-1,0.5028949545078577,0.5028949545078577,1,1
weekly_state_validated,2947,2023-03-17,2023-03-27,0.015302852124583,2023,2022-12-31,training_frequency,-1,0.5028949545078577,0.5028949545078577,1,1
weekly_state_validated,2952,2023-03-24,2023-04-03,0.0090274153058433,2023,2022-12-31,training_frequency,-1,0.5028949545078577,0.5028949545078577,1,1
weekly_state_validated,2957,2023-03-31,2023-04-10,0.0178317182396383,2023,2022-12-31,training_frequency,-1,0.5028949545078577,0.5028949545078577,1,1
weekly_state_validated,2961,2023-04-07,2023-04-17,-0.0101500238382772,2023,2022-12-31,training_frequency,-1,0.5028949545078577,0.5028949545078577,1,0
weekly_state_validated,2966,2023-04-14,2023-04-24,-0.014368947230732,2023,2022-12-31,training_frequency,-1,0.5028949545078577,0.5028949545078577,1,0
weekly_state_validated,2971,2023-04-21,2023-05-04,-0.0044228908788729,2023,2022-12-31,training_frequency,-1,0.5028949545078577,0.5028949545078577,1,0
weekly_state_validated,2976,2023-04-28,2023-05-10,0.0036477163153083,2023,2022-12-31,training_frequency,-1,0.5028949545078577,0.5028949545078577,1,1
weekly_state_validated,2978,2023-05-05,2023-05-15,-0.0221642407977935,2023,2022-12-31,training_frequency,-1,0.5028949545078577,0.5028949545078577,1,0
weekly_state_validated,2983,2023-05-12,2023-05-22,0.0005509250208819,2023,2022-12-31,training_frequency,-1,0.5028949545078577,0.5028949545078577,1,1
weekly_state_validated,2988,2023-05-19,2023-05-29,-0.0200253742704897,2023,2022-12-31,training_frequency,-1,0.5028949545078577,0.5028949545078577,1,0
weekly_state_validated,2993,2023-05-26,2023-06-05,-0.0003935703040848,2023,2022-12-31,training_frequency,-1,0.5028949545078577,0.5028949545078577,1,0
weekly_state_validated,2998,2023-06-02,2023-06-12,-0.0086075595250429,2023,2022-12-31,training_frequency,-1,0.5028949545078577,0.5028949545078577,1,0
weekly_state_validated,3003,2023-06-09,2023-06-19,0.0338878539347273,2023,2022-12-31,training_frequency,-1,0.5028949545078577,0.5028949545078577,1,1
weekly_state_validated,3008,2023-06-16,2023-07-03,-0.026216632171098,2023,2022-12-31,training_frequency,-1,0.5028949545078577,0.5028949545078577,1,0
weekly_state_validated,3016,2023-06-30,2023-07-10,-0.0030441518806006,2023,2022-12-31,training_frequency,-1,0.5028949545078577,0.5028949545078577,1,0
weekly_state_validated,3021,2023-07-07,2023-07-17,0.0104280552692135,2023,2022-12-31,training_frequency,-1,0.5028949545078577,0.5028949545078577,1,1
weekly_state_validated,3026,2023-07-14,2023-07-24,-0.0201642613135752,2023,2022-12-31,training_frequency,-1,0.5028949545078577,0.5028949545078577,1,0
weekly_state_validated,3031,2023-07-21,2023-07-31,0.0566710925894278,2023,2022-12-31,training_frequency,-1,0.5028949545078577,0.5028949545078577,1,1
weekly_state_validated,3036,2023-07-28,2023-08-07,-0.0039612927947766,2023,2022-12-31,training_frequency,-1,0.5028949545078577,0.5028949545078577,1,0
weekly_state_validated,3041,2023-08-04,2023-08-14,-0.0404899362223548,2023,2022-12-31,training_frequency,-1,0.5028949545078577,0.5028949545078577,1,0
weekly_state_validated,3046,2023-08-11,2023-08-21,-0.0176157088591445,2023,2022-12-31,training_frequency,-1,0.5028949545078577,0.5028949545078577,1,0
weekly_state_validated,3051,2023-08-18,2023-08-28,0.0366582477081969,2023,2022-12-31,training_frequency,-1,0.5028949545078577,0.5028949545078577,1,1
weekly_state_validated,3056,2023-08-25,2023-09-04,-0.025197172476384,2023,2022-12-31,training_frequency,-1,0.5028949545078577,0.5028949545078577,1,0
weekly_state_validated,3061,2023-09-01,2023-09-11,-0.0189903461587886,2023,2022-12-31,training_frequency,-1,0.5028949545078577,0.5028949545078577,1,0
weekly_state_validated,3066,2023-09-08,2023-09-18,-0.0111346368744954,2023,2022-12-31,training_frequency,-1,0.5028949545078577,0.5028949545078577,1,0
weekly_state_validated,3071,2023-09-15,2023-09-25,0.0105787349314532,2023,2022-12-31,training_frequency,-1,0.5028949545078577,0.5028949545078577,1,1
weekly_state_validated,3076,2023-09-22,2023-10-16,-0.0198017153282719,2023,2022-12-31,training_frequency,-1,0.5028949545078577,0.5028949545078577,1,0
weekly_state_validated,3085,2023-10-13,2023-10-23,-0.0447156690429144,2023,2022-12-31,training_frequency,-1,0.5028949545078577,0.5028949545078577,1,0
weekly_state_validated,3090,2023-10-20,2023-10-30,0.0154019770298841,2023,2022-12-31,training_frequency,-1,0.5028949545078577,0.5028949545078577,1,1
weekly_state_validated,3095,2023-10-27,2023-11-06,0.0152527637017425,2023,2022-12-31,training_frequency,-1,0.5028949545078577,0.5028949545078577,1,1
weekly_state_validated,3100,2023-11-03,2023-11-13,-0.0039935482440582,2023,2022-12-31,training_frequency,-1,0.5028949545078577,0.5028949545078577,1,0
weekly_state_validated,3105,2023-11-10,2023-11-20,-0.0067280482816765,2023,2022-12-31,training_frequency,-1,0.5028949545078577,0.5028949545078577,1,0
weekly_state_validated,3110,2023-11-17,2023-11-27,-0.0098859017348651,2023,2022-12-31,training_frequency,-1,0.5028949545078577,0.5028949545078577,1,0
weekly_state_validated,3115,2023-11-24,2023-12-04,-0.0151084754586299,2023,2022-12-31,training_frequency,-1,0.5028949545078577,0.5028949545078577,1,0
weekly_state_validated,3120,2023-12-01,2023-12-11,-0.0295859857973478,2023,2022-12-31,training_frequency,-1,0.5028949545078577,0.5028949545078577,1,0
weekly_state_validated,3125,2023-12-08,2023-12-18,-0.0144639658974852,2023,2022-12-31,training_frequency,-1,0.5028949545078577,0.5028949545078577,1,0
weekly_state_validated,3130,2023-12-15,2023-12-25,0.0003424256350643,2023,2022-12-31,training_frequency,-1,0.5028949545078577,0.5028949545078577,1,1
weekly_state_validated,3135,2023-12-22,2024-01-02,0.0288079559683274,2023,2022-12-31,training_frequency,-1,0.5028949545078577,0.5028949545078577,1,1
weekly_state_validated,3140,2023-12-29,2024-01-08,-0.0302544749829989,2023,2022-12-31,training_frequency,-1,0.5028949545078577,0.5028949545078577,1,0
weekly_state_validated,2902,2023-01-06,2023-01-16,0.0198447929614133,2023,2022-12-31,native_mse,20260911,-0.0028881799476405084,,0,1
weekly_state_validated,2907,2023-01-13,2023-01-30,0.0465290788350809,2023,2022-12-31,native_mse,20260911,0.002600529697082545,,1,1
weekly_state_validated,2912,2023-01-20,2023-02-06,-0.0383797057844887,2023,2022-12-31,native_mse,20260911,0.009824735187562814,,1,0
weekly_state_validated,2917,2023-02-03,2023-02-13,-0.0012061903149008,2023,2022-12-31,native_mse,20260911,0.001758336799202022,,1,0
weekly_state_validated,2922,2023-02-10,2023-02-20,-0.0143746584432821,2023,2022-12-31,native_mse,20260911,-0.004455423490420713,,0,0
weekly_state_validated,2927,2023-02-17,2023-02-27,0.0001237636016198,2023,2022-12-31,native_mse,20260911,-0.004320463721841919,,0,1
weekly_state_validated,2932,2023-02-24,2023-03-06,0.0224454641303217,2023,2022-12-31,native_mse,20260911,0.007109894584169036,,1,1
weekly_state_validated,2937,2023-03-03,2023-03-13,-0.0407900947678007,2023,2022-12-31,native_mse,20260911,0.012121075090535267,,1,0
weekly_state_validated,2942,2023-03-10,2023-03-20,5.0471402903706775e-06,2023,2022-12-31,native_mse,20260911,-0.0015684618293498606,,0,1
weekly_state_validated,2947,2023-03-17,2023-03-27,0.015302852124583,2023,2022-12-31,native_mse,20260911,-0.00455123687690783,,0,1
weekly_state_validated,2952,2023-03-24,2023-04-03,0.0090274153058433,2023,2022-12-31,native_mse,20260911,-0.0032713642765306557,,0,1
weekly_state_validated,2957,2023-03-31,2023-04-10,0.0178317182396383,2023,2022-12-31,native_mse,20260911,0.009972413917103892,,1,1
weekly_state_validated,2961,2023-04-07,2023-04-17,-0.0101500238382772,2023,2022-12-31,native_mse,20260911,0.007806808930188104,,1,0
weekly_state_validated,2966,2023-04-14,2023-04-24,-0.014368947230732,2023,2022-12-31,native_mse,20260911,0.007226249329863683,,1,0
weekly_state_validated,2971,2023-04-21,2023-05-04,-0.0044228908788729,2023,2022-12-31,native_mse,20260911,-0.0024232716039148286,,0,0
weekly_state_validated,2976,2023-04-28,2023-05-10,0.0036477163153083,2023,2022-12-31,native_mse,20260911,-0.003907239624967295,,0,1
weekly_state_validated,2978,2023-05-05,2023-05-15,-0.0221642407977935,2023,2022-12-31,native_mse,20260911,-0.0031947009428460477,,0,0
weekly_state_validated,2983,2023-05-12,2023-05-22,0.0005509250208819,2023,2022-12-31,native_mse,20260911,0.003981441571850173,,1,1
weekly_state_validated,2988,2023-05-19,2023-05-29,-0.0200253742704897,2023,2022-12-31,native_mse,20260911,0.01107004322684732,,1,0
weekly_state_validated,2993,2023-05-26,2023-06-05,-0.0003935703040848,2023,2022-12-31,native_mse,20260911,0.004560043069480671,,1,0
weekly_state_validated,2998,2023-06-02,2023-06-12,-0.0086075595250429,2023,2022-12-31,native_mse,20260911,-0.0048559678058000275,,0,0
weekly_state_validated,3003,2023-06-09,2023-06-19,0.0338878539347273,2023,2022-12-31,native_mse,20260911,-0.0042897134995229635,,0,1
weekly_state_validated,3008,2023-06-16,2023-07-03,-0.026216632171098,2023,2022-12-31,native_mse,20260911,-0.004761761648113702,,0,0
weekly_state_validated,3016,2023-06-30,2023-07-10,-0.0030441518806006,2023,2022-12-31,native_mse,20260911,0.001449000541630631,,1,0
weekly_state_validated,3021,2023-07-07,2023-07-17,0.0104280552692135,2023,2022-12-31,native_mse,20260911,-0.005015012063383114,,0,1
weekly_state_validated,3026,2023-07-14,2023-07-24,-0.0201642613135752,2023,2022-12-31,native_mse,20260911,-0.002212730290267345,,0,0
weekly_state_validated,3031,2023-07-21,2023-07-31,0.0566710925894278,2023,2022-12-31,native_mse,20260911,-0.005112763962830667,,0,1
weekly_state_validated,3036,2023-07-28,2023-08-07,-0.0039612927947766,2023,2022-12-31,native_mse,20260911,-0.0052814272148835025,,0,0
weekly_state_validated,3041,2023-08-04,2023-08-14,-0.0404899362223548,2023,2022-12-31,native_mse,20260911,-0.004618211999064367,,0,0
weekly_state_validated,3046,2023-08-11,2023-08-21,-0.0176157088591445,2023,2022-12-31,native_mse,20260911,0.009053312378542757,,1,0
weekly_state_validated,3051,2023-08-18,2023-08-28,0.0366582477081969,2023,2022-12-31,native_mse,20260911,0.004561021250172811,,1,1
weekly_state_validated,3056,2023-08-25,2023-09-04,-0.025197172476384,2023,2022-12-31,native_mse,20260911,-0.0025275908526821967,,0,0
weekly_state_validated,3061,2023-09-01,2023-09-11,-0.0189903461587886,2023,2022-12-31,native_mse,20260911,-0.0049631793698849645,,0,0
weekly_state_validated,3066,2023-09-08,2023-09-18,-0.0111346368744954,2023,2022-12-31,native_mse,20260911,0.00680202581529956,,1,0
weekly_state_validated,3071,2023-09-15,2023-09-25,0.0105787349314532,2023,2022-12-31,native_mse,20260911,0.008596091481564963,,1,1
weekly_state_validated,3076,2023-09-22,2023-10-16,-0.0198017153282719,2023,2022-12-31,native_mse,20260911,-0.0031471179155324424,,0,0
weekly_state_validated,3085,2023-10-13,2023-10-23,-0.0447156690429144,2023,2022-12-31,native_mse,20260911,-0.004148291730857776,,0,0
weekly_state_validated,3090,2023-10-20,2023-10-30,0.0154019770298841,2023,2022-12-31,native_mse,20260911,-0.005712800982170543,,0,1
weekly_state_validated,3095,2023-10-27,2023-11-06,0.0152527637017425,2023,2022-12-31,native_mse,20260911,-0.0033253387808900993,,0,1
weekly_state_validated,3100,2023-11-03,2023-11-13,-0.0039935482440582,2023,2022-12-31,native_mse,20260911,-0.0006739370262628165,,0,0
weekly_state_validated,3105,2023-11-10,2023-11-20,-0.0067280482816765,2023,2022-12-31,native_mse,20260911,-0.004003258050664914,,0,0
weekly_state_validated,3110,2023-11-17,2023-11-27,-0.0098859017348651,2023,2022-12-31,native_mse,20260911,-0.003231557067429336,,0,0
weekly_state_validated,3115,2023-11-24,2023-12-04,-0.0151084754586299,2023,2022-12-31,native_mse,20260911,-0.003968465813336381,,0,0
weekly_state_validated,3120,2023-12-01,2023-12-11,-0.0295859857973478,2023,2022-12-31,native_mse,20260911,-0.004170192617569334,,0,0
weekly_state_validated,3125,2023-12-08,2023-12-18,-0.0144639658974852,2023,2022-12-31,native_mse,20260911,-0.004708072283208354,,0,0
weekly_state_validated,3130,2023-12-15,2023-12-25,0.0003424256350643,2023,2022-12-31,native_mse,20260911,-0.005014383450601872,,0,1
weekly_state_validated,3135,2023-12-22,2024-01-02,0.0288079559683274,2023,2022-12-31,native_mse,20260911,-0.005140476035149425,,0,1
weekly_state_validated,3140,2023-12-29,2024-01-08,-0.0302544749829989,2023,2022-12-31,native_mse,20260911,-0.0034098597743402285,,0,0
weekly_state_validated,2902,2023-01-06,2023-01-16,0.0198447929614133,2023,2022-12-31,native_mse,20260912,0.0004281627694943007,,1,1
weekly_state_validated,2907,2023-01-13,2023-01-30,0.0465290788350809,2023,2022-12-31,native_mse,20260912,4.2102919401855305e-05,,1,1
weekly_state_validated,2912,2023-01-20,2023-02-06,-0.0383797057844887,2023,2022-12-31,native_mse,20260912,0.0010967633118809882,,1,0
weekly_state_validated,2917,2023-02-03,2023-02-13,-0.0012061903149008,2023,2022-12-31,native_mse,20260912,0.0008747039967658528,,1,0
weekly_state_validated,2922,2023-02-10,2023-02-20,-0.0143746584432821,2023,2022-12-31,native_mse,20260912,0.0001818132935792269,,1,0
weekly_state_validated,2927,2023-02-17,2023-02-27,0.0001237636016198,2023,2022-12-31,native_mse,20260912,0.00010126624081480557,,1,1
weekly_state_validated,2932,2023-02-24,2023-03-06,0.0224454641303217,2023,2022-12-31,native_mse,20260912,0.000782385799644381,,1,1
weekly_state_validated,2937,2023-03-03,2023-03-13,-0.0407900947678007,2023,2022-12-31,native_mse,20260912,0.00040350503591383166,,1,0
weekly_state_validated,2942,2023-03-10,2023-03-20,5.0471402903706775e-06,2023,2022-12-31,native_mse,20260912,0.00023517524465769396,,1,1
weekly_state_validated,2947,2023-03-17,2023-03-27,0.015302852124583,2023,2022-12-31,native_mse,20260912,-0.0005550490015326846,,0,1
weekly_state_validated,2952,2023-03-24,2023-04-03,0.0090274153058433,2023,2022-12-31,native_mse,20260912,0.0004555071806066471,,1,1
weekly_state_validated,2957,2023-03-31,2023-04-10,0.0178317182396383,2023,2022-12-31,native_mse,20260912,0.0006137448037054246,,1,1
weekly_state_validated,2961,2023-04-07,2023-04-17,-0.0101500238382772,2023,2022-12-31,native_mse,20260912,0.0007714668086940345,,1,0
weekly_state_validated,2966,2023-04-14,2023-04-24,-0.014368947230732,2023,2022-12-31,native_mse,20260912,0.0006120128536014287,,1,0
weekly_state_validated,2971,2023-04-21,2023-05-04,-0.0044228908788729,2023,2022-12-31,native_mse,20260912,0.0004168718728952876,,1,0
weekly_state_validated,2976,2023-04-28,2023-05-10,0.0036477163153083,2023,2022-12-31,native_mse,20260912,0.0007975995131662927,,1,1
weekly_state_validated,2978,2023-05-05,2023-05-15,-0.0221642407977935,2023,2022-12-31,native_mse,20260912,3.748499343571029e-05,,1,0
weekly_state_validated,2983,2023-05-12,2023-05-22,0.0005509250208819,2023,2022-12-31,native_mse,20260912,0.00013564688457888487,,1,1
weekly_state_validated,2988,2023-05-19,2023-05-29,-0.0200253742704897,2023,2022-12-31,native_mse,20260912,0.0006049797039520234,,1,0
weekly_state_validated,2993,2023-05-26,2023-06-05,-0.0003935703040848,2023,2022-12-31,native_mse,20260912,5.080512794837295e-05,,1,0
weekly_state_validated,2998,2023-06-02,2023-06-12,-0.0086075595250429,2023,2022-12-31,native_mse,20260912,-0.0003527596454530836,,0,0
weekly_state_validated,3003,2023-06-09,2023-06-19,0.0338878539347273,2023,2022-12-31,native_mse,20260912,-0.0004629538008774116,,0,1
weekly_state_validated,3008,2023-06-16,2023-07-03,-0.026216632171098,2023,2022-12-31,native_mse,20260912,-0.0003413110242915335,,0,0
weekly_state_validated,3016,2023-06-30,2023-07-10,-0.0030441518806006,2023,2022-12-31,native_mse,20260912,0.0003431408638381007,,1,0
weekly_state_validated,3021,2023-07-07,2023-07-17,0.0104280552692135,2023,2022-12-31,native_mse,20260912,0.000814771057302496,,1,1
weekly_state_validated,3026,2023-07-14,2023-07-24,-0.0201642613135752,2023,2022-12-31,native_mse,20260912,0.0006501402430561996,,1,0
weekly_state_validated,3031,2023-07-21,2023-07-31,0.0566710925894278,2023,2022-12-31,native_mse,20260912,2.5045124957704355e-05,,1,1
weekly_state_validated,3036,2023-07-28,2023-08-07,-0.0039612927947766,2023,2022-12-31,native_mse,20260912,0.00047471401642830695,,1,0
weekly_state_validated,3041,2023-08-04,2023-08-14,-0.0404899362223548,2023,2022-12-31,native_mse,20260912,0.0008553072765691807,,1,0
weekly_state_validated,3046,2023-08-11,2023-08-21,-0.0176157088591445,2023,2022-12-31,native_mse,20260912,0.0015027086256146451,,1,0
weekly_state_validated,3051,2023-08-18,2023-08-28,0.0366582477081969,2023,2022-12-31,native_mse,20260912,0.0006099353623650846,,1,1
weekly_state_validated,3056,2023-08-25,2023-09-04,-0.025197172476384,2023,2022-12-31,native_mse,20260912,0.00044421971221099443,,1,0
weekly_state_validated,3061,2023-09-01,2023-09-11,-0.0189903461587886,2023,2022-12-31,native_mse,20260912,-0.0002025361551160587,,0,0
weekly_state_validated,3066,2023-09-08,2023-09-18,-0.0111346368744954,2023,2022-12-31,native_mse,20260912,0.00041052847232038274,,1,0
weekly_state_validated,3071,2023-09-15,2023-09-25,0.0105787349314532,2023,2022-12-31,native_mse,20260912,0.0001624781603077036,,1,1
weekly_state_validated,3076,2023-09-22,2023-10-16,-0.0198017153282719,2023,2022-12-31,native_mse,20260912,-2.0047557486308507e-05,,0,0
weekly_state_validated,3085,2023-10-13,2023-10-23,-0.0447156690429144,2023,2022-12-31,native_mse,20260912,-7.666747850147154e-05,,0,0
weekly_state_validated,3090,2023-10-20,2023-10-30,0.0154019770298841,2023,2022-12-31,native_mse,20260912,0.00029732197364893017,,1,1
weekly_state_validated,3095,2023-10-27,2023-11-06,0.0152527637017425,2023,2022-12-31,native_mse,20260912,0.0012245039371740986,,1,1
weekly_state_validated,3100,2023-11-03,2023-11-13,-0.0039935482440582,2023,2022-12-31,native_mse,20260912,0.00041856415378897153,,1,0
weekly_state_validated,3105,2023-11-10,2023-11-20,-0.0067280482816765,2023,2022-12-31,native_mse,20260912,0.00022000524072862617,,1,0
weekly_state_validated,3110,2023-11-17,2023-11-27,-0.0098859017348651,2023,2022-12-31,native_mse,20260912,-0.00011003873914113989,,0,0
weekly_state_validated,3115,2023-11-24,2023-12-04,-0.0151084754586299,2023,2022-12-31,native_mse,20260912,0.0006004861455855604,,1,0
weekly_state_validated,3120,2023-12-01,2023-12-11,-0.0295859857973478,2023,2022-12-31,native_mse,20260912,9.164477722239853e-05,,1,0
weekly_state_validated,3125,2023-12-08,2023-12-18,-0.0144639658974852,2023,2022-12-31,native_mse,20260912,0.0003716320497864135,,1,0
weekly_state_validated,3130,2023-12-15,2023-12-25,0.0003424256350643,2023,2022-12-31,native_mse,20260912,0.0007186720416179463,,1,1
weekly_state_validated,3135,2023-12-22,2024-01-02,0.0288079559683274,2023,2022-12-31,native_mse,20260912,0.00031752353260434155,,1,1
weekly_state_validated,3140,2023-12-29,2024-01-08,-0.0302544749829989,2023,2022-12-31,native_mse,20260912,-5.293223214677527e-06,,0,0
weekly_state_validated,3144,2024-01-05,2024-01-15,-0.0158038409563566,2024,2023-12-31,native_mse,20260910,0.000251131835275678,,1,0
weekly_state_validated,3149,2024-01-12,2024-01-22,-0.002333261979756,2024,2023-12-31,native_mse,20260910,0.0007362057214049004,,1,0
weekly_state_validated,3154,2024-01-19,2024-01-29,0.0223511633823452,2024,2023-12-31,native_mse,20260910,-0.00023540604600351487,,0,1
weekly_state_validated,3159,2024-01-26,2024-02-05,-0.0513103415192826,2024,2023-12-31,native_mse,20260910,-0.001531436704987099,,0,0
weekly_state_validated,3164,2024-02-02,2024-02-26,0.1015374891364462,2024,2023-12-31,native_mse,20260910,0.004796229141878599,,1,1
weekly_state_validated,3173,2024-02-23,2024-03-04,0.0151569053862528,2024,2023-12-31,native_mse,20260910,0.005981439448417525,,1,1
weekly_state_validated,3178,2024-03-01,2024-03-11,0.0021394031715169,2024,2023-12-31,native_mse,20260910,0.002923079585146593,,1,1
weekly_state_validated,3183,2024-03-08,2024-03-18,0.0087762342284414,2024,2023-12-31,native_mse,20260910,0.004534858645957669,,1,1
weekly_state_validated,3188,2024-03-15,2024-03-25,-0.0112802133595746,2024,2023-12-31,native_mse,20260910,0.004141952477981538,,1,0
weekly_state_validated,3193,2024-03-22,2024-04-01,0.0042044725182444,2024,2023-12-31,native_mse,20260910,0.0018727898596620025,,1,1
weekly_state_validated,3198,2024-03-29,2024-04-15,-0.0219845815102011,2024,2023-12-31,native_mse,20260910,0.0003645787473085561,,1,0
weekly_state_validated,3206,2024-04-12,2024-04-22,0.018045199366633,2024,2023-12-31,native_mse,20260910,-0.00021832918624461518,,0,1
weekly_state_validated,3211,2024-04-19,2024-04-29,0.0136757744232476,2024,2023-12-31,native_mse,20260910,0.0005323002819172812,,1,1
weekly_state_validated,3216,2024-04-26,2024-05-13,0.0172434956786644,2024,2023-12-31,native_mse,20260910,-0.00014728683736751251,,0,1
weekly_state_validated,3223,2024-05-10,2024-05-20,0.0097933549988344,2024,2023-12-31,native_mse,20260910,0.0004133340837300701,,1,1
weekly_state_validated,3228,2024-05-17,2024-05-27,-0.0204803832637164,2024,2023-12-31,native_mse,20260910,0.0036262081384896457,,1,0
weekly_state_validated,3233,2024-05-24,2024-06-03,-0.0081155643048258,2024,2023-12-31,native_mse,20260910,0.0049904247327292855,,1,0
weekly_state_validated,3238,2024-05-31,2024-06-11,-0.0060267570121149,2024,2023-12-31,native_mse,20260910,0.0040244113389711345,,1,0
weekly_state_validated,3243,2024-06-07,2024-06-17,-0.0096686558937179,2024,2023-12-31,native_mse,20260910,0.008609928356971403,,1,0
weekly_state_validated,3247,2024-06-14,2024-06-24,-0.013573992457631,2024,2023-12-31,native_mse,20260910,0.008961501129694911,,1,0
weekly_state_validated,3252,2024-06-21,2024-07-01,-0.004427632109257,2024,2023-12-31,native_mse,20260910,0.0009177608055072099,,1,0
weekly_state_validated,3257,2024-06-28,2024-07-08,-0.0108320369203009,2024,2023-12-31,native_mse,20260910,0.0030020981914033497,,1,0
weekly_state_validated,3262,2024-07-05,2024-07-15,0.0122222871842843,2024,2023-12-31,native_mse,20260910,0.00336049012064386,,1,1
weekly_state_validated,3267,2024-07-12,2024-07-22,0.0218881133018156,2024,2023-12-31,native_mse,20260910,-0.0006421845267103974,,0,1
weekly_state_validated,3272,2024-07-19,2024-07-29,-0.0378787022382998,2024,2023-12-31,native_mse,20260910,0.0004540341648428114,,1,0
weekly_state_validated,3277,2024-07-26,2024-08-05,-0.0124134568216732,2024,2023-12-31,native_mse,20260910,0.0013231998081271626,,1,0
weekly_state_validated,3282,2024-08-02,2024-08-12,-0.0102762848330364,2024,2023-12-31,native_mse,20260910,0.001303372172405589,,1,0
weekly_state_validated,3287,2024-08-09,2024-08-19,0.0050186923751938,2024,2023-12-31,native_mse,20260910,0.00011119162293128984,,1,1
weekly_state_validated,3292,2024-08-16,2024-08-26,-0.0040487282687352,2024,2023-12-31,native_mse,20260910,0.0014903087569155989,,1,0
weekly_state_validated,3297,2024-08-23,2024-09-02,-0.0069594562136714,2024,2023-12-31,native_mse,20260910,-0.0030751570665977007,,0,0
weekly_state_validated,3302,2024-08-30,2024-09-09,-0.0280389655151561,2024,2023-12-31,native_mse,20260910,-0.003508085985855703,,0,0
weekly_state_validated,3307,2024-09-06,2024-09-18,-0.0174132138857783,2024,2023-12-31,native_mse,20260910,-0.0025693655960970898,,0,0
weekly_state_validated,3312,2024-09-13,2024-09-24,0.0133119329369826,2024,2023-12-31,native_mse,20260910,0.00017194356388446877,,1,1
weekly_state_validated,3315,2024-09-20,2024-09-30,0.2017513988384409,2024,2023-12-31,native_mse,20260910,0.0007791555801138394,,1,1
weekly_state_validated,3320,2024-09-27,2024-10-14,0.0178259004588408,2024,2023-12-31,native_mse,20260910,0.0007616530796663938,,1,1
weekly_state_validated,3325,2024-10-11,2024-10-21,0.0080914993282625,2024,2023-12-31,native_mse,20260910,-0.0026429925872939004,,0,1
weekly_state_validated,3330,2024-10-18,2024-10-28,0.0015733867085561,2024,2023-12-31,native_mse,20260910,-0.004083051697418182,,0,1
weekly_state_validated,3335,2024-10-25,2024-11-04,-0.0140142824257356,2024,2023-12-31,native_mse,20260910,-0.003618447449131282,,0,0
weekly_state_validated,3340,2024-11-01,2024-11-11,0.0434152361258277,2024,2023-12-31,native_mse,20260910,-0.0042863223001300965,,0,1
weekly_state_validated,3345,2024-11-08,2024-11-18,-0.0208584853931589,2024,2023-12-31,native_mse,20260910,-0.0028591792362593097,,0,0
weekly_state_validated,3350,2024-11-15,2024-11-25,-0.0267421712161923,2024,2023-12-31,native_mse,20260910,-0.0017028092388012967,,0,0
weekly_state_validated,3355,2024-11-22,2024-12-02,0.0087960346887328,2024,2023-12-31,native_mse,20260910,-0.0009456406767515755,,0,1
weekly_state_validated,3360,2024-11-29,2024-12-09,0.0155919891551781,2024,2023-12-31,native_mse,20260910,-0.0002599534945060551,,0,1
weekly_state_validated,3365,2024-12-06,2024-12-16,-0.0100436703218104,2024,2023-12-31,native_mse,20260910,0.0007542474780432574,,1,0
weekly_state_validated,3370,2024-12-13,2024-12-23,-0.0006690784017421,2024,2023-12-31,native_mse,20260910,-0.0007125951992407705,,0,0
weekly_state_validated,3375,2024-12-20,2024-12-30,0.0123595076562756,2024,2023-12-31,native_mse,20260910,-0.0012475930255920083,,0,1
weekly_state_validated,3380,2024-12-27,2025-01-06,-0.0504714964669198,2024,2023-12-31,native_mse,20260910,-0.00024548952899875387,,0,0
weekly_state_validated,3144,2024-01-05,2024-01-15,-0.0158038409563566,2024,2023-12-31,training_frequency,-1,0.5024834437086093,0.5024834437086093,1,0
weekly_state_validated,3149,2024-01-12,2024-01-22,-0.002333261979756,2024,2023-12-31,training_frequency,-1,0.5024834437086093,0.5024834437086093,1,0
weekly_state_validated,3154,2024-01-19,2024-01-29,0.0223511633823452,2024,2023-12-31,training_frequency,-1,0.5024834437086093,0.5024834437086093,1,1
weekly_state_validated,3159,2024-01-26,2024-02-05,-0.0513103415192826,2024,2023-12-31,training_frequency,-1,0.5024834437086093,0.5024834437086093,1,0
weekly_state_validated,3164,2024-02-02,2024-02-26,0.1015374891364462,2024,2023-12-31,training_frequency,-1,0.5024834437086093,0.5024834437086093,1,1
weekly_state_validated,3173,2024-02-23,2024-03-04,0.0151569053862528,2024,2023-12-31,training_frequency,-1,0.5024834437086093,0.5024834437086093,1,1
weekly_state_validated,3178,2024-03-01,2024-03-11,0.0021394031715169,2024,2023-12-31,training_frequency,-1,0.5024834437086093,0.5024834437086093,1,1
weekly_state_validated,3183,2024-03-08,2024-03-18,0.0087762342284414,2024,2023-12-31,training_frequency,-1,0.5024834437086093,0.5024834437086093,1,1
weekly_state_validated,3188,2024-03-15,2024-03-25,-0.0112802133595746,2024,2023-12-31,training_frequency,-1,0.5024834437086093,0.5024834437086093,1,0
weekly_state_validated,3193,2024-03-22,2024-04-01,0.0042044725182444,2024,2023-12-31,training_frequency,-1,0.5024834437086093,0.5024834437086093,1,1
weekly_state_validated,3198,2024-03-29,2024-04-15,-0.0219845815102011,2024,2023-12-31,training_frequency,-1,0.5024834437086093,0.5024834437086093,1,0
weekly_state_validated,3206,2024-04-12,2024-04-22,0.018045199366633,2024,2023-12-31,training_frequency,-1,0.5024834437086093,0.5024834437086093,1,1
weekly_state_validated,3211,2024-04-19,2024-04-29,0.0136757744232476,2024,2023-12-31,training_frequency,-1,0.5024834437086093,0.5024834437086093,1,1
weekly_state_validated,3216,2024-04-26,2024-05-13,0.0172434956786644,2024,2023-12-31,training_frequency,-1,0.5024834437086093,0.5024834437086093,1,1
weekly_state_validated,3223,2024-05-10,2024-05-20,0.0097933549988344,2024,2023-12-31,training_frequency,-1,0.5024834437086093,0.5024834437086093,1,1
weekly_state_validated,3228,2024-05-17,2024-05-27,-0.0204803832637164,2024,2023-12-31,training_frequency,-1,0.5024834437086093,0.5024834437086093,1,0
weekly_state_validated,3233,2024-05-24,2024-06-03,-0.0081155643048258,2024,2023-12-31,training_frequency,-1,0.5024834437086093,0.5024834437086093,1,0
weekly_state_validated,3238,2024-05-31,2024-06-11,-0.0060267570121149,2024,2023-12-31,training_frequency,-1,0.5024834437086093,0.5024834437086093,1,0
weekly_state_validated,3243,2024-06-07,2024-06-17,-0.0096686558937179,2024,2023-12-31,training_frequency,-1,0.5024834437086093,0.5024834437086093,1,0
weekly_state_validated,3247,2024-06-14,2024-06-24,-0.013573992457631,2024,2023-12-31,training_frequency,-1,0.5024834437086093,0.5024834437086093,1,0
weekly_state_validated,3252,2024-06-21,2024-07-01,-0.004427632109257,2024,2023-12-31,training_frequency,-1,0.5024834437086093,0.5024834437086093,1,0
weekly_state_validated,3257,2024-06-28,2024-07-08,-0.0108320369203009,2024,2023-12-31,training_frequency,-1,0.5024834437086093,0.5024834437086093,1,0
weekly_state_validated,3262,2024-07-05,2024-07-15,0.0122222871842843,2024,2023-12-31,training_frequency,-1,0.5024834437086093,0.5024834437086093,1,1
weekly_state_validated,3267,2024-07-12,2024-07-22,0.0218881133018156,2024,2023-12-31,training_frequency,-1,0.5024834437086093,0.5024834437086093,1,1
weekly_state_validated,3272,2024-07-19,2024-07-29,-0.0378787022382998,2024,2023-12-31,training_frequency,-1,0.5024834437086093,0.5024834437086093,1,0
weekly_state_validated,3277,2024-07-26,2024-08-05,-0.0124134568216732,2024,2023-12-31,training_frequency,-1,0.5024834437086093,0.5024834437086093,1,0
weekly_state_validated,3282,2024-08-02,2024-08-12,-0.0102762848330364,2024,2023-12-31,training_frequency,-1,0.5024834437086093,0.5024834437086093,1,0
weekly_state_validated,3287,2024-08-09,2024-08-19,0.0050186923751938,2024,2023-12-31,training_frequency,-1,0.5024834437086093,0.5024834437086093,1,1
weekly_state_validated,3292,2024-08-16,2024-08-26,-0.0040487282687352,2024,2023-12-31,training_frequency,-1,0.5024834437086093,0.5024834437086093,1,0
weekly_state_validated,3297,2024-08-23,2024-09-02,-0.0069594562136714,2024,2023-12-31,training_frequency,-1,0.5024834437086093,0.5024834437086093,1,0
weekly_state_validated,3302,2024-08-30,2024-09-09,-0.0280389655151561,2024,2023-12-31,training_frequency,-1,0.5024834437086093,0.5024834437086093,1,0
weekly_state_validated,3307,2024-09-06,2024-09-18,-0.0174132138857783,2024,2023-12-31,training_frequency,-1,0.5024834437086093,0.5024834437086093,1,0
weekly_state_validated,3312,2024-09-13,2024-09-24,0.0133119329369826,2024,2023-12-31,training_frequency,-1,0.5024834437086093,0.5024834437086093,1,1
weekly_state_validated,3315,2024-09-20,2024-09-30,0.2017513988384409,2024,2023-12-31,training_frequency,-1,0.5024834437086093,0.5024834437086093,1,1
weekly_state_validated,3320,2024-09-27,2024-10-14,0.0178259004588408,2024,2023-12-31,training_frequency,-1,0.5024834437086093,0.5024834437086093,1,1
weekly_state_validated,3325,2024-10-11,2024-10-21,0.0080914993282625,2024,2023-12-31,training_frequency,-1,0.5024834437086093,0.5024834437086093,1,1
weekly_state_validated,3330,2024-10-18,2024-10-28,0.0015733867085561,2024,2023-12-31,training_frequency,-1,0.5024834437086093,0.5024834437086093,1,1
weekly_state_validated,3335,2024-10-25,2024-11-04,-0.0140142824257356,2024,2023-12-31,training_frequency,-1,0.5024834437086093,0.5024834437086093,1,0
weekly_state_validated,3340,2024-11-01,2024-11-11,0.0434152361258277,2024,2023-12-31,training_frequency,-1,0.5024834437086093,0.5024834437086093,1,1
weekly_state_validated,3345,2024-11-08,2024-11-18,-0.0208584853931589,2024,2023-12-31,training_frequency,-1,0.5024834437086093,0.5024834437086093,1,0
weekly_state_validated,3350,2024-11-15,2024-11-25,-0.0267421712161923,2024,2023-12-31,training_frequency,-1,0.5024834437086093,0.5024834437086093,1,0
weekly_state_validated,3355,2024-11-22,2024-12-02,0.0087960346887328,2024,2023-12-31,training_frequency,-1,0.5024834437086093,0.5024834437086093,1,1
weekly_state_validated,3360,2024-11-29,2024-12-09,0.0155919891551781,2024,2023-12-31,training_frequency,-1,0.5024834437086093,0.5024834437086093,1,1
weekly_state_validated,3365,2024-12-06,2024-12-16,-0.0100436703218104,2024,2023-12-31,training_frequency,-1,0.5024834437086093,0.5024834437086093,1,0
weekly_state_validated,3370,2024-12-13,2024-12-23,-0.0006690784017421,2024,2023-12-31,training_frequency,-1,0.5024834437086093,0.5024834437086093,1,0
weekly_state_validated,3375,2024-12-20,2024-12-30,0.0123595076562756,2024,2023-12-31,training_frequency,-1,0.5024834437086093,0.5024834437086093,1,1
weekly_state_validated,3380,2024-12-27,2025-01-06,-0.0504714964669198,2024,2023-12-31,training_frequency,-1,0.5024834437086093,0.5024834437086093,1,0
weekly_state_validated,3144,2024-01-05,2024-01-15,-0.0158038409563566,2024,2023-12-31,native_mse,20260911,0.006524465736805172,,1,0
weekly_state_validated,3149,2024-01-12,2024-01-22,-0.002333261979756,2024,2023-12-31,native_mse,20260911,0.008213225375018137,,1,0
weekly_state_validated,3154,2024-01-19,2024-01-29,0.0223511633823452,2024,2023-12-31,native_mse,20260911,0.009988969845384454,,1,1
weekly_state_validated,3159,2024-01-26,2024-02-05,-0.0513103415192826,2024,2023-12-31,native_mse,20260911,0.007709942184731473,,1,0
weekly_state_validated,3164,2024-02-02,2024-02-26,0.1015374891364462,2024,2023-12-31,native_mse,20260911,0.006449485928463916,,1,1
weekly_state_validated,3173,2024-02-23,2024-03-04,0.0151569053862528,2024,2023-12-31,native_mse,20260911,0.010256530380527457,,1,1
weekly_state_validated,3178,2024-03-01,2024-03-11,0.0021394031715169,2024,2023-12-31,native_mse,20260911,0.00705766649461919,,1,1
weekly_state_validated,3183,2024-03-08,2024-03-18,0.0087762342284414,2024,2023-12-31,native_mse,20260911,0.008632918878357794,,1,1
weekly_state_validated,3188,2024-03-15,2024-03-25,-0.0112802133595746,2024,2023-12-31,native_mse,20260911,0.004101422624994645,,1,0
weekly_state_validated,3193,2024-03-22,2024-04-01,0.0042044725182444,2024,2023-12-31,native_mse,20260911,0.0049895841353934664,,1,1
weekly_state_validated,3198,2024-03-29,2024-04-15,-0.0219845815102011,2024,2023-12-31,native_mse,20260911,0.0016010611409444046,,1,0
weekly_state_validated,3206,2024-04-12,2024-04-22,0.018045199366633,2024,2023-12-31,native_mse,20260911,0.001857502186560773,,1,1
weekly_state_validated,3211,2024-04-19,2024-04-29,0.0136757744232476,2024,2023-12-31,native_mse,20260911,0.009651811290201222,,1,1
weekly_state_validated,3216,2024-04-26,2024-05-13,0.0172434956786644,2024,2023-12-31,native_mse,20260911,0.005960111287081512,,1,1
weekly_state_validated,3223,2024-05-10,2024-05-20,0.0097933549988344,2024,2023-12-31,native_mse,20260911,-0.004933376296222066,,0,1
weekly_state_validated,3228,2024-05-17,2024-05-27,-0.0204803832637164,2024,2023-12-31,native_mse,20260911,-0.003099362011607103,,0,0
weekly_state_validated,3233,2024-05-24,2024-06-03,-0.0081155643048258,2024,2023-12-31,native_mse,20260911,-0.0038744398417857777,,0,0
weekly_state_validated,3238,2024-05-31,2024-06-11,-0.0060267570121149,2024,2023-12-31,native_mse,20260911,-0.0020292253039693184,,0,0
weekly_state_validated,3243,2024-06-07,2024-06-17,-0.0096686558937179,2024,2023-12-31,native_mse,20260911,5.7354393489387904e-05,,1,0
weekly_state_validated,3247,2024-06-14,2024-06-24,-0.013573992457631,2024,2023-12-31,native_mse,20260911,0.0016373878025280563,,1,0
weekly_state_validated,3252,2024-06-21,2024-07-01,-0.004427632109257,2024,2023-12-31,native_mse,20260911,0.0027588932782398315,,1,0
weekly_state_validated,3257,2024-06-28,2024-07-08,-0.0108320369203009,2024,2023-12-31,native_mse,20260911,0.0032470747873102144,,1,0
weekly_state_validated,3262,2024-07-05,2024-07-15,0.0122222871842843,2024,2023-12-31,native_mse,20260911,0.002652089101692747,,1,1
weekly_state_validated,3267,2024-07-12,2024-07-22,0.0218881133018156,2024,2023-12-31,native_mse,20260911,0.004450330503533944,,1,1
weekly_state_validated,3272,2024-07-19,2024-07-29,-0.0378787022382998,2024,2023-12-31,native_mse,20260911,-0.0012744559041647184,,0,0
weekly_state_validated,3277,2024-07-26,2024-08-05,-0.0124134568216732,2024,2023-12-31,native_mse,20260911,-0.001291795834448832,,0,0
weekly_state_validated,3282,2024-08-02,2024-08-12,-0.0102762848330364,2024,2023-12-31,native_mse,20260911,-0.002458562952290899,,0,0
weekly_state_validated,3287,2024-08-09,2024-08-19,0.0050186923751938,2024,2023-12-31,native_mse,20260911,-0.0009352769264030156,,0,1
weekly_state_validated,3292,2024-08-16,2024-08-26,-0.0040487282687352,2024,2023-12-31,native_mse,20260911,-0.0034014636043486098,,0,0
weekly_state_validated,3297,2024-08-23,2024-09-02,-0.0069594562136714,2024,2023-12-31,native_mse,20260911,-0.0018665564124188876,,0,0
weekly_state_validated,3302,2024-08-30,2024-09-09,-0.0280389655151561,2024,2023-12-31,native_mse,20260911,2.766314850337684e-05,,1,0
weekly_state_validated,3307,2024-09-06,2024-09-18,-0.0174132138857783,2024,2023-12-31,native_mse,20260911,0.0015093996928045017,,1,0
weekly_state_validated,3312,2024-09-13,2024-09-24,0.0133119329369826,2024,2023-12-31,native_mse,20260911,0.005047902673988417,,1,1
weekly_state_validated,3315,2024-09-20,2024-09-30,0.2017513988384409,2024,2023-12-31,native_mse,20260911,0.006841795120835749,,1,1
weekly_state_validated,3320,2024-09-27,2024-10-14,0.0178259004588408,2024,2023-12-31,native_mse,20260911,0.011643607701046107,,1,1
weekly_state_validated,3325,2024-10-11,2024-10-21,0.0080914993282625,2024,2023-12-31,native_mse,20260911,0.006958055096152153,,1,1
weekly_state_validated,3330,2024-10-18,2024-10-28,0.0015733867085561,2024,2023-12-31,native_mse,20260911,0.0035488889473533555,,1,1
weekly_state_validated,3335,2024-10-25,2024-11-04,-0.0140142824257356,2024,2023-12-31,native_mse,20260911,-0.004087166652715301,,0,0
weekly_state_validated,3340,2024-11-01,2024-11-11,0.0434152361258277,2024,2023-12-31,native_mse,20260911,-0.008879815780234165,,0,1
weekly_state_validated,3345,2024-11-08,2024-11-18,-0.0208584853931589,2024,2023-12-31,native_mse,20260911,-0.0016665405141504353,,0,0
weekly_state_validated,3350,2024-11-15,2024-11-25,-0.0267421712161923,2024,2023-12-31,native_mse,20260911,-0.0014397200836903515,,0,0
weekly_state_validated,3355,2024-11-22,2024-12-02,0.0087960346887328,2024,2023-12-31,native_mse,20260911,-0.00394305191034785,,0,1
weekly_state_validated,3360,2024-11-29,2024-12-09,0.0155919891551781,2024,2023-12-31,native_mse,20260911,-0.003787046789689023,,0,1
weekly_state_validated,3365,2024-12-06,2024-12-16,-0.0100436703218104,2024,2023-12-31,native_mse,20260911,-0.0013163950781598383,,0,0
weekly_state_validated,3370,2024-12-13,2024-12-23,-0.0006690784017421,2024,2023-12-31,native_mse,20260911,-0.007731413237017607,,0,0
weekly_state_validated,3375,2024-12-20,2024-12-30,0.0123595076562756,2024,2023-12-31,native_mse,20260911,-0.005503589541502588,,0,1
weekly_state_validated,3380,2024-12-27,2025-01-06,-0.0504714964669198,2024,2023-12-31,native_mse,20260911,0.006049137218951889,,1,0
weekly_state_validated,3144,2024-01-05,2024-01-15,-0.0158038409563566,2024,2023-12-31,native_mse,20260912,0.001652613648937757,,1,0
weekly_state_validated,3149,2024-01-12,2024-01-22,-0.002333261979756,2024,2023-12-31,native_mse,20260912,0.0017566823014709063,,1,0
weekly_state_validated,3154,2024-01-19,2024-01-29,0.0223511633823452,2024,2023-12-31,native_mse,20260912,0.0017349357863463528,,1,1
weekly_state_validated,3159,2024-01-26,2024-02-05,-0.0513103415192826,2024,2023-12-31,native_mse,20260912,0.0017756045446650414,,1,0
weekly_state_validated,3164,2024-02-02,2024-02-26,0.1015374891364462,2024,2023-12-31,native_mse,20260912,0.0017702651342618495,,1,1
weekly_state_validated,3173,2024-02-23,2024-03-04,0.0151569053862528,2024,2023-12-31,native_mse,20260912,0.0018705013508167863,,1,1
weekly_state_validated,3178,2024-03-01,2024-03-11,0.0021394031715169,2024,2023-12-31,native_mse,20260912,0.0020966839632058165,,1,1
weekly_state_validated,3183,2024-03-08,2024-03-18,0.0087762342284414,2024,2023-12-31,native_mse,20260912,0.0021229030867072935,,1,1
weekly_state_validated,3188,2024-03-15,2024-03-25,-0.0112802133595746,2024,2023-12-31,native_mse,20260912,0.002169492364912302,,1,0
weekly_state_validated,3193,2024-03-22,2024-04-01,0.0042044725182444,2024,2023-12-31,native_mse,20260912,0.0021346683785466035,,1,1
weekly_state_validated,3198,2024-03-29,2024-04-15,-0.0219845815102011,2024,2023-12-31,native_mse,20260912,0.001970104765042201,,1,0
weekly_state_validated,3206,2024-04-12,2024-04-22,0.018045199366633,2024,2023-12-31,native_mse,20260912,0.0018950666103198662,,1,1
weekly_state_validated,3211,2024-04-19,2024-04-29,0.0136757744232476,2024,2023-12-31,native_mse,20260912,0.0014826942470986316,,1,1
weekly_state_validated,3216,2024-04-26,2024-05-13,0.0172434956786644,2024,2023-12-31,native_mse,20260912,0.0010502698704938512,,1,1
weekly_state_validated,3223,2024-05-10,2024-05-20,0.0097933549988344,2024,2023-12-31,native_mse,20260912,0.0008603132721811119,,1,1
weekly_state_validated,3228,2024-05-17,2024-05-27,-0.0204803832637164,2024,2023-12-31,native_mse,20260912,0.000598359363630433,,1,0
weekly_state_validated,3233,2024-05-24,2024-06-03,-0.0081155643048258,2024,2023-12-31,native_mse,20260912,0.0005736014331172037,,1,0
weekly_state_validated,3238,2024-05-31,2024-06-11,-0.0060267570121149,2024,2023-12-31,native_mse,20260912,0.0005483327414548749,,1,0
weekly_state_validated,3243,2024-06-07,2024-06-17,-0.0096686558937179,2024,2023-12-31,native_mse,20260912,0.000585176229140396,,1,0
weekly_state_validated,3247,2024-06-14,2024-06-24,-0.013573992457631,2024,2023-12-31,native_mse,20260912,0.000605835607878555,,1,0
weekly_state_validated,3252,2024-06-21,2024-07-01,-0.004427632109257,2024,2023-12-31,native_mse,20260912,0.0006286050015987623,,1,0
weekly_state_validated,3257,2024-06-28,2024-07-08,-0.0108320369203009,2024,2023-12-31,native_mse,20260912,0.00064228262166844,,1,0
weekly_state_validated,3262,2024-07-05,2024-07-15,0.0122222871842843,2024,2023-12-31,native_mse,20260912,0.000721007461573622,,1,1
weekly_state_validated,3267,2024-07-12,2024-07-22,0.0218881133018156,2024,2023-12-31,native_mse,20260912,0.000821435978076197,,1,1
weekly_state_validated,3272,2024-07-19,2024-07-29,-0.0378787022382998,2024,2023-12-31,native_mse,20260912,0.0008418861287390497,,1,0
weekly_state_validated,3277,2024-07-26,2024-08-05,-0.0124134568216732,2024,2023-12-31,native_mse,20260912,0.0012675510770958798,,1,0
weekly_state_validated,3282,2024-08-02,2024-08-12,-0.0102762848330364,2024,2023-12-31,native_mse,20260912,0.0015249857513458085,,1,0
weekly_state_validated,3287,2024-08-09,2024-08-19,0.0050186923751938,2024,2023-12-31,native_mse,20260912,0.0015779514189250905,,1,1
weekly_state_validated,3292,2024-08-16,2024-08-26,-0.0040487282687352,2024,2023-12-31,native_mse,20260912,0.0013998325080271312,,1,0
weekly_state_validated,3297,2024-08-23,2024-09-02,-0.0069594562136714,2024,2023-12-31,native_mse,20260912,0.0014255873683507452,,1,0
weekly_state_validated,3302,2024-08-30,2024-09-09,-0.0280389655151561,2024,2023-12-31,native_mse,20260912,0.0015330401621674865,,1,0
weekly_state_validated,3307,2024-09-06,2024-09-18,-0.0174132138857783,2024,2023-12-31,native_mse,20260912,0.0015627932338450265,,1,0
weekly_state_validated,3312,2024-09-13,2024-09-24,0.0133119329369826,2024,2023-12-31,native_mse,20260912,0.0015103830852308555,,1,1
weekly_state_validated,3315,2024-09-20,2024-09-30,0.2017513988384409,2024,2023-12-31,native_mse,20260912,0.0015343284400254939,,1,1
weekly_state_validated,3320,2024-09-27,2024-10-14,0.0178259004588408,2024,2023-12-31,native_mse,20260912,0.0015725051425186597,,1,1
weekly_state_validated,3325,2024-10-11,2024-10-21,0.0080914993282625,2024,2023-12-31,native_mse,20260912,0.0019394229622847915,,1,1
weekly_state_validated,3330,2024-10-18,2024-10-28,0.0015733867085561,2024,2023-12-31,native_mse,20260912,0.0021210173726156634,,1,1
weekly_state_validated,3335,2024-10-25,2024-11-04,-0.0140142824257356,2024,2023-12-31,native_mse,20260912,0.0021565584052961957,,1,0
weekly_state_validated,3340,2024-11-01,2024-11-11,0.0434152361258277,2024,2023-12-31,native_mse,20260912,0.002066143931918221,,1,1
weekly_state_validated,3345,2024-11-08,2024-11-18,-0.0208584853931589,2024,2023-12-31,native_mse,20260912,0.0019328021834634566,,1,0
weekly_state_validated,3350,2024-11-15,2024-11-25,-0.0267421712161923,2024,2023-12-31,native_mse,20260912,0.0016078398644429398,,1,0
weekly_state_validated,3355,2024-11-22,2024-12-02,0.0087960346887328,2024,2023-12-31,native_mse,20260912,0.0014387624930086427,,1,1
weekly_state_validated,3360,2024-11-29,2024-12-09,0.0155919891551781,2024,2023-12-31,native_mse,20260912,0.001055672591838617,,1,1
weekly_state_validated,3365,2024-12-06,2024-12-16,-0.0100436703218104,2024,2023-12-31,native_mse,20260912,0.0009332123922739673,,1,0
weekly_state_validated,3370,2024-12-13,2024-12-23,-0.0006690784017421,2024,2023-12-31,native_mse,20260912,0.0007303535282016855,,1,0
weekly_state_validated,3375,2024-12-20,2024-12-30,0.0123595076562756,2024,2023-12-31,native_mse,20260912,0.0006347143027364932,,1,1
weekly_state_validated,3380,2024-12-27,2025-01-06,-0.0504714964669198,2024,2023-12-31,native_mse,20260912,0.0004962445983289108,,1,0
weekly_state_validated,3384,2025-01-03,2025-01-13,-0.0189486730632231,2025,2024-12-31,native_mse,20260910,-0.0042551962797835255,,0,0
weekly_state_validated,3389,2025-01-10,2025-01-20,0.0353251773547418,2025,2024-12-31,native_mse,20260910,-0.004346017102457373,,0,1
weekly_state_validated,3394,2025-01-17,2025-01-27,0.000432821422053,2025,2024-12-31,native_mse,20260910,-0.0019110835117753682,,0,1
weekly_state_validated,3399,2025-01-24,2025-02-10,0.0159344898044284,2025,2024-12-31,native_mse,20260910,-0.0018767518511483509,,0,1
weekly_state_validated,3403,2025-02-07,2025-02-17,0.0144454990892999,2025,2024-12-31,native_mse,20260910,-0.0005243581714439598,,0,1
weekly_state_validated,3408,2025-02-14,2025-02-24,0.0045695818086644,2025,2024-12-31,native_mse,20260910,0.0018166916350322408,,1,1
weekly_state_validated,3413,2025-02-21,2025-03-03,-0.0183210488158531,2025,2024-12-31,native_mse,20260910,-0.0017910693651536675,,0,0
weekly_state_validated,3418,2025-02-28,2025-03-10,0.0117650075646844,2025,2024-12-31,native_mse,20260910,8.039864129989814e-05,,1,1
weekly_state_validated,3423,2025-03-07,2025-03-17,0.019023819058288,2025,2024-12-31,native_mse,20260910,0.00045020548490624885,,1,1
weekly_state_validated,3428,2025-03-14,2025-03-24,-0.0259983485216283,2025,2024-12-31,native_mse,20260910,0.004030585426274574,,1,0
weekly_state_validated,3433,2025-03-21,2025-03-31,-0.0025867506275359,2025,2024-12-31,native_mse,20260910,0.0025467178052053364,,1,0
weekly_state_validated,3438,2025-03-28,2025-04-14,-0.0342910101946246,2025,2024-12-31,native_mse,20260910,0.007880897711304511,,1,0
weekly_state_validated,3447,2025-04-11,2025-04-21,-0.0010339232881941,2025,2024-12-31,native_mse,20260910,5.880823721327009e-05,,1,0
weekly_state_validated,3452,2025-04-18,2025-04-28,0.0048432383085554,2025,2024-12-31,native_mse,20260910,0.005609692399565023,,1,1
weekly_state_validated,3457,2025-04-25,2025-05-12,0.02116527880118,2025,2024-12-31,native_mse,20260910,-0.000987643148635555,,0,1
weekly_state_validated,3464,2025-05-09,2025-05-19,0.0041484224873464,2025,2024-12-31,native_mse,20260910,-0.0013747677302766792,,0,1
weekly_state_validated,3469,2025-05-16,2025-05-26,-0.0017462660042188,2025,2024-12-31,native_mse,20260910,-0.0004666942525332647,,0,0
weekly_state_validated,3474,2025-05-23,2025-06-03,-0.0109216443615366,2025,2024-12-31,native_mse,20260910,-0.0003784346347167226,,0,0
weekly_state_validated,3479,2025-05-30,2025-06-09,0.011566574321892,2025,2024-12-31,native_mse,20260910,0.0010175785321809984,,1,1
weekly_state_validated,3483,2025-06-06,2025-06-16,-0.0062354943524679,2025,2024-12-31,native_mse,20260910,-0.0001914645603575384,,0,0
weekly_state_validated,3488,2025-06-13,2025-06-23,-0.005825691168304,2025,2024-12-31,native_mse,20260910,1.1665969000571627e-05,,1,0
weekly_state_validated,3493,2025-06-20,2025-06-30,0.0232670437490374,2025,2024-12-31,native_mse,20260910,0.0007044968618821799,,1,1
weekly_state_validated,3498,2025-06-27,2025-07-07,0.0145345648685946,2025,2024-12-31,native_mse,20260910,-0.003232334991441291,,0,1
weekly_state_validated,3503,2025-07-04,2025-07-14,0.0110426949002964,2025,2024-12-31,native_mse,20260910,0.003419117861495023,,1,1
weekly_state_validated,3508,2025-07-11,2025-07-21,0.0120759671840067,2025,2024-12-31,native_mse,20260910,0.011140680775400312,,1,1
weekly_state_validated,3513,2025-07-18,2025-07-28,0.0143570766898375,2025,2024-12-31,native_mse,20260910,-0.002127522022613997,,0,1
weekly_state_validated,3518,2025-07-25,2025-08-04,-0.0218642507630443,2025,2024-12-31,native_mse,20260910,-0.001869242573817923,,0,0
weekly_state_validated,3523,2025-08-01,2025-08-11,0.0179175520190988,2025,2024-12-31,native_mse,20260910,2.2319590068522338e-05,,1,1
weekly_state_validated,3528,2025-08-08,2025-08-18,0.026265786598999,2025,2024-12-31,native_mse,20260910,-0.004614466433741538,,0,1
weekly_state_validated,3533,2025-08-15,2025-08-25,0.0469483790671487,2025,2024-12-31,native_mse,20260910,-0.0013489789955213162,,0,1
weekly_state_validated,3538,2025-08-22,2025-09-01,0.0227770368340847,2025,2024-12-31,native_mse,20260910,-0.004341013056443359,,0,1
weekly_state_validated,3543,2025-08-29,2025-09-08,-0.0110053842475337,2025,2024-12-31,native_mse,20260910,-0.004924417538845909,,0,0
weekly_state_validated,3548,2025-09-05,2025-09-15,0.0151594857594405,2025,2024-12-31,native_mse,20260910,-0.004519124644784283,,0,1
weekly_state_validated,3553,2025-09-12,2025-09-22,-0.0050409160971932,2025,2024-12-31,native_mse,20260910,-0.004114428954602145,,0,0
weekly_state_validated,3558,2025-09-19,2025-09-29,0.0095300784790881,2025,2024-12-31,native_mse,20260910,-0.0047590961051182015,,0,1
weekly_state_validated,3563,2025-09-26,2025-10-13,-0.0140855274279203,2025,2024-12-31,native_mse,20260910,-0.004219803127072934,,0,0
weekly_state_validated,3567,2025-10-10,2025-10-20,0.015001547584321,2025,2024-12-31,native_mse,20260910,-0.003823350500415441,,0,1
weekly_state_validated,3572,2025-10-17,2025-10-27,0.0309637052897611,2025,2024-12-31,native_mse,20260910,-0.003866623261027931,,0,1
weekly_state_validated,3577,2025-10-24,2025-11-03,-0.013331545863497,2025,2024-12-31,native_mse,20260910,-0.0036382658807448576,,0,0
weekly_state_validated,3582,2025-10-31,2025-11-10,0.0110832418536339,2025,2024-12-31,native_mse,20260910,-0.003790641327688186,,0,1
weekly_state_validated,3587,2025-11-07,2025-11-17,-0.0152107881197579,2025,2024-12-31,native_mse,20260910,-0.003538974204578519,,0,0
weekly_state_validated,3592,2025-11-14,2025-11-24,-0.031114557454173,2025,2024-12-31,native_mse,20260910,-0.003282621345580935,,0,0
weekly_state_validated,3597,2025-11-21,2025-12-01,0.0147613767448515,2025,2024-12-31,native_mse,20260910,-0.0034884891644206416,,0,1
weekly_state_validated,3602,2025-11-28,2025-12-08,0.0118853804313106,2025,2024-12-31,native_mse,20260910,-0.003806133337151431,,0,1
weekly_state_validated,3607,2025-12-05,2025-12-15,-0.0093922675990717,2025,2024-12-31,native_mse,20260910,-0.003208553856296927,,0,0
weekly_state_validated,3612,2025-12-12,2025-12-22,0.0082791208791208,2025,2024-12-31,native_mse,20260910,0.0022387132272507658,,1,1
weekly_state_validated,3617,2025-12-19,2025-12-29,0.0153890755001995,2025,2024-12-31,native_mse,20260910,0.006486312528548796,,1,1
weekly_state_validated,3622,2025-12-26,2026-01-12,0.0239101640737868,2025,2024-12-31,native_mse,20260910,-0.0003728277129905187,,0,1
weekly_state_validated,3384,2025-01-03,2025-01-13,-0.0189486730632231,2025,2024-12-31,training_frequency,-1,0.472636815920398,0.472636815920398,0,0
weekly_state_validated,3389,2025-01-10,2025-01-20,0.0353251773547418,2025,2024-12-31,training_frequency,-1,0.472636815920398,0.472636815920398,0,1
weekly_state_validated,3394,2025-01-17,2025-01-27,0.000432821422053,2025,2024-12-31,training_frequency,-1,0.472636815920398,0.472636815920398,0,1
weekly_state_validated,3399,2025-01-24,2025-02-10,0.0159344898044284,2025,2024-12-31,training_frequency,-1,0.472636815920398,0.472636815920398,0,1
weekly_state_validated,3403,2025-02-07,2025-02-17,0.0144454990892999,2025,2024-12-31,training_frequency,-1,0.472636815920398,0.472636815920398,0,1
weekly_state_validated,3408,2025-02-14,2025-02-24,0.0045695818086644,2025,2024-12-31,training_frequency,-1,0.472636815920398,0.472636815920398,0,1
weekly_state_validated,3413,2025-02-21,2025-03-03,-0.0183210488158531,2025,2024-12-31,training_frequency,-1,0.472636815920398,0.472636815920398,0,0
weekly_state_validated,3418,2025-02-28,2025-03-10,0.0117650075646844,2025,2024-12-31,training_frequency,-1,0.472636815920398,0.472636815920398,0,1
weekly_state_validated,3423,2025-03-07,2025-03-17,0.019023819058288,2025,2024-12-31,training_frequency,-1,0.472636815920398,0.472636815920398,0,1
weekly_state_validated,3428,2025-03-14,2025-03-24,-0.0259983485216283,2025,2024-12-31,training_frequency,-1,0.472636815920398,0.472636815920398,0,0
weekly_state_validated,3433,2025-03-21,2025-03-31,-0.0025867506275359,2025,2024-12-31,training_frequency,-1,0.472636815920398,0.472636815920398,0,0
weekly_state_validated,3438,2025-03-28,2025-04-14,-0.0342910101946246,2025,2024-12-31,training_frequency,-1,0.472636815920398,0.472636815920398,0,0
weekly_state_validated,3447,2025-04-11,2025-04-21,-0.0010339232881941,2025,2024-12-31,training_frequency,-1,0.472636815920398,0.472636815920398,0,0
weekly_state_validated,3452,2025-04-18,2025-04-28,0.0048432383085554,2025,2024-12-31,training_frequency,-1,0.472636815920398,0.472636815920398,0,1
weekly_state_validated,3457,2025-04-25,2025-05-12,0.02116527880118,2025,2024-12-31,training_frequency,-1,0.472636815920398,0.472636815920398,0,1
weekly_state_validated,3464,2025-05-09,2025-05-19,0.0041484224873464,2025,2024-12-31,training_frequency,-1,0.472636815920398,0.472636815920398,0,1
weekly_state_validated,3469,2025-05-16,2025-05-26,-0.0017462660042188,2025,2024-12-31,training_frequency,-1,0.472636815920398,0.472636815920398,0,0
weekly_state_validated,3474,2025-05-23,2025-06-03,-0.0109216443615366,2025,2024-12-31,training_frequency,-1,0.472636815920398,0.472636815920398,0,0
weekly_state_validated,3479,2025-05-30,2025-06-09,0.011566574321892,2025,2024-12-31,training_frequency,-1,0.472636815920398,0.472636815920398,0,1
weekly_state_validated,3483,2025-06-06,2025-06-16,-0.0062354943524679,2025,2024-12-31,training_frequency,-1,0.472636815920398,0.472636815920398,0,0
weekly_state_validated,3488,2025-06-13,2025-06-23,-0.005825691168304,2025,2024-12-31,training_frequency,-1,0.472636815920398,0.472636815920398,0,0
weekly_state_validated,3493,2025-06-20,2025-06-30,0.0232670437490374,2025,2024-12-31,training_frequency,-1,0.472636815920398,0.472636815920398,0,1
weekly_state_validated,3498,2025-06-27,2025-07-07,0.0145345648685946,2025,2024-12-31,training_frequency,-1,0.472636815920398,0.472636815920398,0,1
weekly_state_validated,3503,2025-07-04,2025-07-14,0.0110426949002964,2025,2024-12-31,training_frequency,-1,0.472636815920398,0.472636815920398,0,1
weekly_state_validated,3508,2025-07-11,2025-07-21,0.0120759671840067,2025,2024-12-31,training_frequency,-1,0.472636815920398,0.472636815920398,0,1
weekly_state_validated,3513,2025-07-18,2025-07-28,0.0143570766898375,2025,2024-12-31,training_frequency,-1,0.472636815920398,0.472636815920398,0,1
weekly_state_validated,3518,2025-07-25,2025-08-04,-0.0218642507630443,2025,2024-12-31,training_frequency,-1,0.472636815920398,0.472636815920398,0,0
weekly_state_validated,3523,2025-08-01,2025-08-11,0.0179175520190988,2025,2024-12-31,training_frequency,-1,0.472636815920398,0.472636815920398,0,1
weekly_state_validated,3528,2025-08-08,2025-08-18,0.026265786598999,2025,2024-12-31,training_frequency,-1,0.472636815920398,0.472636815920398,0,1
weekly_state_validated,3533,2025-08-15,2025-08-25,0.0469483790671487,2025,2024-12-31,training_frequency,-1,0.472636815920398,0.472636815920398,0,1
weekly_state_validated,3538,2025-08-22,2025-09-01,0.0227770368340847,2025,2024-12-31,training_frequency,-1,0.472636815920398,0.472636815920398,0,1
weekly_state_validated,3543,2025-08-29,2025-09-08,-0.0110053842475337,2025,2024-12-31,training_frequency,-1,0.472636815920398,0.472636815920398,0,0
weekly_state_validated,3548,2025-09-05,2025-09-15,0.0151594857594405,2025,2024-12-31,training_frequency,-1,0.472636815920398,0.472636815920398,0,1
weekly_state_validated,3553,2025-09-12,2025-09-22,-0.0050409160971932,2025,2024-12-31,training_frequency,-1,0.472636815920398,0.472636815920398,0,0
weekly_state_validated,3558,2025-09-19,2025-09-29,0.0095300784790881,2025,2024-12-31,training_frequency,-1,0.472636815920398,0.472636815920398,0,1
weekly_state_validated,3563,2025-09-26,2025-10-13,-0.0140855274279203,2025,2024-12-31,training_frequency,-1,0.472636815920398,0.472636815920398,0,0
weekly_state_validated,3567,2025-10-10,2025-10-20,0.015001547584321,2025,2024-12-31,training_frequency,-1,0.472636815920398,0.472636815920398,0,1
weekly_state_validated,3572,2025-10-17,2025-10-27,0.0309637052897611,2025,2024-12-31,training_frequency,-1,0.472636815920398,0.472636815920398,0,1
weekly_state_validated,3577,2025-10-24,2025-11-03,-0.013331545863497,2025,2024-12-31,training_frequency,-1,0.472636815920398,0.472636815920398,0,0
weekly_state_validated,3582,2025-10-31,2025-11-10,0.0110832418536339,2025,2024-12-31,training_frequency,-1,0.472636815920398,0.472636815920398,0,1
weekly_state_validated,3587,2025-11-07,2025-11-17,-0.0152107881197579,2025,2024-12-31,training_frequency,-1,0.472636815920398,0.472636815920398,0,0
weekly_state_validated,3592,2025-11-14,2025-11-24,-0.031114557454173,2025,2024-12-31,training_frequency,-1,0.472636815920398,0.472636815920398,0,0
weekly_state_validated,3597,2025-11-21,2025-12-01,0.0147613767448515,2025,2024-12-31,training_frequency,-1,0.472636815920398,0.472636815920398,0,1
weekly_state_validated,3602,2025-11-28,2025-12-08,0.0118853804313106,2025,2024-12-31,training_frequency,-1,0.472636815920398,0.472636815920398,0,1
weekly_state_validated,3607,2025-12-05,2025-12-15,-0.0093922675990717,2025,2024-12-31,training_frequency,-1,0.472636815920398,0.472636815920398,0,0
weekly_state_validated,3612,2025-12-12,2025-12-22,0.0082791208791208,2025,2024-12-31,training_frequency,-1,0.472636815920398,0.472636815920398,0,1
weekly_state_validated,3617,2025-12-19,2025-12-29,0.0153890755001995,2025,2024-12-31,training_frequency,-1,0.472636815920398,0.472636815920398,0,1
weekly_state_validated,3622,2025-12-26,2026-01-12,0.0239101640737868,2025,2024-12-31,training_frequency,-1,0.472636815920398,0.472636815920398,0,1
weekly_state_validated,3384,2025-01-03,2025-01-13,-0.0189486730632231,2025,2024-12-31,native_mse,20260911,-0.002243633031677963,,0,0
weekly_state_validated,3389,2025-01-10,2025-01-20,0.0353251773547418,2025,2024-12-31,native_mse,20260911,-0.0018394813791051527,,0,1
weekly_state_validated,3394,2025-01-17,2025-01-27,0.000432821422053,2025,2024-12-31,native_mse,20260911,-0.0014393263633927758,,0,1
weekly_state_validated,3399,2025-01-24,2025-02-10,0.0159344898044284,2025,2024-12-31,native_mse,20260911,-0.0005732481089145066,,0,1
weekly_state_validated,3403,2025-02-07,2025-02-17,0.0144454990892999,2025,2024-12-31,native_mse,20260911,-0.0003493640286036611,,0,1
weekly_state_validated,3408,2025-02-14,2025-02-24,0.0045695818086644,2025,2024-12-31,native_mse,20260911,-6.571465300264602e-06,,0,1
weekly_state_validated,3413,2025-02-21,2025-03-03,-0.0183210488158531,2025,2024-12-31,native_mse,20260911,0.00010564573035517886,,1,0
weekly_state_validated,3418,2025-02-28,2025-03-10,0.0117650075646844,2025,2024-12-31,native_mse,20260911,0.00030938900384146466,,1,1
weekly_state_validated,3423,2025-03-07,2025-03-17,0.019023819058288,2025,2024-12-31,native_mse,20260911,0.0003527669941379203,,1,1
weekly_state_validated,3428,2025-03-14,2025-03-24,-0.0259983485216283,2025,2024-12-31,native_mse,20260911,0.0004719065040533454,,1,0
weekly_state_validated,3433,2025-03-21,2025-03-31,-0.0025867506275359,2025,2024-12-31,native_mse,20260911,0.0001374212134311476,,1,0
weekly_state_validated,3438,2025-03-28,2025-04-14,-0.0342910101946246,2025,2024-12-31,native_mse,20260911,0.0003460895283123176,,1,0
weekly_state_validated,3447,2025-04-11,2025-04-21,-0.0010339232881941,2025,2024-12-31,native_mse,20260911,0.000247650617921614,,1,0
weekly_state_validated,3452,2025-04-18,2025-04-28,0.0048432383085554,2025,2024-12-31,native_mse,20260911,0.0005399418130639047,,1,1
weekly_state_validated,3457,2025-04-25,2025-05-12,0.02116527880118,2025,2024-12-31,native_mse,20260911,0.00041859235087992534,,1,1
weekly_state_validated,3464,2025-05-09,2025-05-19,0.0041484224873464,2025,2024-12-31,native_mse,20260911,-0.00023324757687195213,,0,1
weekly_state_validated,3469,2025-05-16,2025-05-26,-0.0017462660042188,2025,2024-12-31,native_mse,20260911,-0.0007053097438131018,,0,0
weekly_state_validated,3474,2025-05-23,2025-06-03,-0.0109216443615366,2025,2024-12-31,native_mse,20260911,-0.0004283154814639044,,0,0
weekly_state_validated,3479,2025-05-30,2025-06-09,0.011566574321892,2025,2024-12-31,native_mse,20260911,-0.0007435280421209072,,0,1
weekly_state_validated,3483,2025-06-06,2025-06-16,-0.0062354943524679,2025,2024-12-31,native_mse,20260911,0.00031992663879525335,,1,0
weekly_state_validated,3488,2025-06-13,2025-06-23,-0.005825691168304,2025,2024-12-31,native_mse,20260911,-0.00012583521126832513,,0,0
weekly_state_validated,3493,2025-06-20,2025-06-30,0.0232670437490374,2025,2024-12-31,native_mse,20260911,0.0004804870845920942,,1,1
weekly_state_validated,3498,2025-06-27,2025-07-07,0.0145345648685946,2025,2024-12-31,native_mse,20260911,0.0003559800730399111,,1,1
weekly_state_validated,3503,2025-07-04,2025-07-14,0.0110426949002964,2025,2024-12-31,native_mse,20260911,0.0001003436982822433,,1,1
weekly_state_validated,3508,2025-07-11,2025-07-21,0.0120759671840067,2025,2024-12-31,native_mse,20260911,0.00011930674045287023,,1,1
weekly_state_validated,3513,2025-07-18,2025-07-28,0.0143570766898375,2025,2024-12-31,native_mse,20260911,-0.00014021210404791933,,0,1
weekly_state_validated,3518,2025-07-25,2025-08-04,-0.0218642507630443,2025,2024-12-31,native_mse,20260911,-0.0010675431152552786,,0,0
weekly_state_validated,3523,2025-08-01,2025-08-11,0.0179175520190988,2025,2024-12-31,native_mse,20260911,-0.0011114652147751107,,0,1
weekly_state_validated,3528,2025-08-08,2025-08-18,0.026265786598999,2025,2024-12-31,native_mse,20260911,-0.0011821175732785794,,0,1
weekly_state_validated,3533,2025-08-15,2025-08-25,0.0469483790671487,2025,2024-12-31,native_mse,20260911,-0.001692750035902398,,0,1
weekly_state_validated,3538,2025-08-22,2025-09-01,0.0227770368340847,2025,2024-12-31,native_mse,20260911,-0.0020785336587941633,,0,1
weekly_state_validated,3543,2025-08-29,2025-09-08,-0.0110053842475337,2025,2024-12-31,native_mse,20260911,-0.0022958519339049935,,0,0
weekly_state_validated,3548,2025-09-05,2025-09-15,0.0151594857594405,2025,2024-12-31,native_mse,20260911,-0.002811169444921857,,0,1
weekly_state_validated,3553,2025-09-12,2025-09-22,-0.0050409160971932,2025,2024-12-31,native_mse,20260911,-0.0028821755195373713,,0,0
weekly_state_validated,3558,2025-09-19,2025-09-29,0.0095300784790881,2025,2024-12-31,native_mse,20260911,-0.0027270038017814854,,0,1
weekly_state_validated,3563,2025-09-26,2025-10-13,-0.0140855274279203,2025,2024-12-31,native_mse,20260911,-0.002671446424452231,,0,0
weekly_state_validated,3567,2025-10-10,2025-10-20,0.015001547584321,2025,2024-12-31,native_mse,20260911,-0.002875353278749809,,0,1
weekly_state_validated,3572,2025-10-17,2025-10-27,0.0309637052897611,2025,2024-12-31,native_mse,20260911,-0.0026759293493526775,,0,1
weekly_state_validated,3577,2025-10-24,2025-11-03,-0.013331545863497,2025,2024-12-31,native_mse,20260911,-0.0024118634853773644,,0,0
weekly_state_validated,3582,2025-10-31,2025-11-10,0.0110832418536339,2025,2024-12-31,native_mse,20260911,-0.0024513790865101073,,0,1
weekly_state_validated,3587,2025-11-07,2025-11-17,-0.0152107881197579,2025,2024-12-31,native_mse,20260911,-0.0023441841984512364,,0,0
weekly_state_validated,3592,2025-11-14,2025-11-24,-0.031114557454173,2025,2024-12-31,native_mse,20260911,-0.0023326617843834286,,0,0
weekly_state_validated,3597,2025-11-21,2025-12-01,0.0147613767448515,2025,2024-12-31,native_mse,20260911,-0.0021695162719280723,,0,1
weekly_state_validated,3602,2025-11-28,2025-12-08,0.0118853804313106,2025,2024-12-31,native_mse,20260911,-0.0021230276394656705,,0,1
weekly_state_validated,3607,2025-12-05,2025-12-15,-0.0093922675990717,2025,2024-12-31,native_mse,20260911,-0.0018508009821854902,,0,0
weekly_state_validated,3612,2025-12-12,2025-12-22,0.0082791208791208,2025,2024-12-31,native_mse,20260911,-0.0014574936445709685,,0,1
weekly_state_validated,3617,2025-12-19,2025-12-29,0.0153890755001995,2025,2024-12-31,native_mse,20260911,-0.001196551069802699,,0,1
weekly_state_validated,3622,2025-12-26,2026-01-12,0.0239101640737868,2025,2024-12-31,native_mse,20260911,-0.0009424910062058391,,0,1
weekly_state_validated,3384,2025-01-03,2025-01-13,-0.0189486730632231,2025,2024-12-31,native_mse,20260912,-0.003930728949605344,,0,0
weekly_state_validated,3389,2025-01-10,2025-01-20,0.0353251773547418,2025,2024-12-31,native_mse,20260912,0.004608697114816542,,1,1
weekly_state_validated,3394,2025-01-17,2025-01-27,0.000432821422053,2025,2024-12-31,native_mse,20260912,-0.0013781107886780553,,0,1
weekly_state_validated,3399,2025-01-24,2025-02-10,0.0159344898044284,2025,2024-12-31,native_mse,20260912,0.008065382377116114,,1,1
weekly_state_validated,3403,2025-02-07,2025-02-17,0.0144454990892999,2025,2024-12-31,native_mse,20260912,0.0020560919017093573,,1,1
weekly_state_validated,3408,2025-02-14,2025-02-24,0.0045695818086644,2025,2024-12-31,native_mse,20260912,0.0004574229206631815,,1,1
weekly_state_validated,3413,2025-02-21,2025-03-03,-0.0183210488158531,2025,2024-12-31,native_mse,20260912,-0.004487069050516085,,0,0
weekly_state_validated,3418,2025-02-28,2025-03-10,0.0117650075646844,2025,2024-12-31,native_mse,20260912,0.007907777385840498,,1,1
weekly_state_validated,3423,2025-03-07,2025-03-17,0.019023819058288,2025,2024-12-31,native_mse,20260912,-0.007080334543719193,,0,1
weekly_state_validated,3428,2025-03-14,2025-03-24,-0.0259983485216283,2025,2024-12-31,native_mse,20260912,0.005416181842733637,,1,0
weekly_state_validated,3433,2025-03-21,2025-03-31,-0.0025867506275359,2025,2024-12-31,native_mse,20260912,0.0028174386195491687,,1,0
weekly_state_validated,3438,2025-03-28,2025-04-14,-0.0342910101946246,2025,2024-12-31,native_mse,20260912,0.0006099430279859906,,1,0
weekly_state_validated,3447,2025-04-11,2025-04-21,-0.0010339232881941,2025,2024-12-31,native_mse,20260912,-0.0038314464400373087,,0,0
weekly_state_validated,3452,2025-04-18,2025-04-28,0.0048432383085554,2025,2024-12-31,native_mse,20260912,-0.002239070357372274,,0,1
weekly_state_validated,3457,2025-04-25,2025-05-12,0.02116527880118,2025,2024-12-31,native_mse,20260912,-0.0030291142570267483,,0,1
weekly_state_validated,3464,2025-05-09,2025-05-19,0.0041484224873464,2025,2024-12-31,native_mse,20260912,-0.006797100864360832,,0,1
weekly_state_validated,3469,2025-05-16,2025-05-26,-0.0017462660042188,2025,2024-12-31,native_mse,20260912,0.0011635229802106158,,1,0
weekly_state_validated,3474,2025-05-23,2025-06-03,-0.0109216443615366,2025,2024-12-31,native_mse,20260912,-0.0015437185640202761,,0,0
weekly_state_validated,3479,2025-05-30,2025-06-09,0.011566574321892,2025,2024-12-31,native_mse,20260912,-0.007042284452490261,,0,1
weekly_state_validated,3483,2025-06-06,2025-06-16,-0.0062354943524679,2025,2024-12-31,native_mse,20260912,0.00028466611619904517,,1,0
weekly_state_validated,3488,2025-06-13,2025-06-23,-0.005825691168304,2025,2024-12-31,native_mse,20260912,-0.006674179072757184,,0,0
weekly_state_validated,3493,2025-06-20,2025-06-30,0.0232670437490374,2025,2024-12-31,native_mse,20260912,-0.0026285119113171485,,0,1
weekly_state_validated,3498,2025-06-27,2025-07-07,0.0145345648685946,2025,2024-12-31,native_mse,20260912,-0.001664357643481335,,0,1
weekly_state_validated,3503,2025-07-04,2025-07-14,0.0110426949002964,2025,2024-12-31,native_mse,20260912,0.0037107408116209707,,1,1
weekly_state_validated,3508,2025-07-11,2025-07-21,0.0120759671840067,2025,2024-12-31,native_mse,20260912,0.002218014475368515,,1,1
weekly_state_validated,3513,2025-07-18,2025-07-28,0.0143570766898375,2025,2024-12-31,native_mse,20260912,0.009911597608358887,,1,1
weekly_state_validated,3518,2025-07-25,2025-08-04,-0.0218642507630443,2025,2024-12-31,native_mse,20260912,-0.0013540938427923275,,0,0
weekly_state_validated,3523,2025-08-01,2025-08-11,0.0179175520190988,2025,2024-12-31,native_mse,20260912,0.002501110312004882,,1,1
weekly_state_validated,3528,2025-08-08,2025-08-18,0.026265786598999,2025,2024-12-31,native_mse,20260912,-0.006121881900028309,,0,1
weekly_state_validated,3533,2025-08-15,2025-08-25,0.0469483790671487,2025,2024-12-31,native_mse,20260912,-0.0031833828356847573,,0,1
weekly_state_validated,3538,2025-08-22,2025-09-01,0.0227770368340847,2025,2024-12-31,native_mse,20260912,-0.005229739970136804,,0,1
weekly_state_validated,3543,2025-08-29,2025-09-08,-0.0110053842475337,2025,2024-12-31,native_mse,20260912,0.0017396293034999204,,1,0
weekly_state_validated,3548,2025-09-05,2025-09-15,0.0151594857594405,2025,2024-12-31,native_mse,20260912,-0.006315423164964012,,0,1
weekly_state_validated,3553,2025-09-12,2025-09-22,-0.0050409160971932,2025,2024-12-31,native_mse,20260912,0.0036445584301978444,,1,0
weekly_state_validated,3558,2025-09-19,2025-09-29,0.0095300784790881,2025,2024-12-31,native_mse,20260912,-0.007907179585583714,,0,1
weekly_state_validated,3563,2025-09-26,2025-10-13,-0.0140855274279203,2025,2024-12-31,native_mse,20260912,-0.0016751946251609804,,0,0
weekly_state_validated,3567,2025-10-10,2025-10-20,0.015001547584321,2025,2024-12-31,native_mse,20260912,-0.006402638764524997,,0,1
weekly_state_validated,3572,2025-10-17,2025-10-27,0.0309637052897611,2025,2024-12-31,native_mse,20260912,-0.00870396964325983,,0,1
weekly_state_validated,3577,2025-10-24,2025-11-03,-0.013331545863497,2025,2024-12-31,native_mse,20260912,-0.005475122015119508,,0,0
weekly_state_validated,3582,2025-10-31,2025-11-10,0.0110832418536339,2025,2024-12-31,native_mse,20260912,-0.006949842516906396,,0,1
weekly_state_validated,3587,2025-11-07,2025-11-17,-0.0152107881197579,2025,2024-12-31,native_mse,20260912,0.005808210669049744,,1,0
weekly_state_validated,3592,2025-11-14,2025-11-24,-0.031114557454173,2025,2024-12-31,native_mse,20260912,-0.005729952989633713,,0,0
weekly_state_validated,3597,2025-11-21,2025-12-01,0.0147613767448515,2025,2024-12-31,native_mse,20260912,-0.0015450315646448089,,0,1
weekly_state_validated,3602,2025-11-28,2025-12-08,0.0118853804313106,2025,2024-12-31,native_mse,20260912,-0.0032204954130721736,,0,1
weekly_state_validated,3607,2025-12-05,2025-12-15,-0.0093922675990717,2025,2024-12-31,native_mse,20260912,-0.0047114270439592345,,0,0
weekly_state_validated,3612,2025-12-12,2025-12-22,0.0082791208791208,2025,2024-12-31,native_mse,20260912,0.0035042182684974187,,1,1
weekly_state_validated,3617,2025-12-19,2025-12-29,0.0153890755001995,2025,2024-12-31,native_mse,20260912,-0.0005370407904008248,,0,1
weekly_state_validated,3622,2025-12-26,2026-01-12,0.0239101640737868,2025,2024-12-31,native_mse,20260912,0.002315041428841435,,1,1
weekly_state_validated,3630,2026-01-09,2026-01-19,-0.0103697336282536,2026,2025-12-31,native_mse,20260910,-0.002855102612462861,,0,0
weekly_state_validated,3635,2026-01-16,2026-01-26,-0.0010190267764643,2026,2025-12-31,native_mse,20260910,-0.00015744638603756636,,0,0
weekly_state_validated,3640,2026-01-23,2026-02-02,-0.0087161586128796,2026,2025-12-31,native_mse,20260910,-0.006105688647517694,,0,0
weekly_state_validated,3645,2026-01-30,2026-02-09,0.0041482324550519,2026,2025-12-31,native_mse,20260910,-0.0019649521887390433,,0,1
weekly_state_validated,3650,2026-02-06,2026-02-24,0.0071649689901505,2026,2025-12-31,native_mse,20260910,0.0047027542719540035,,1,1
weekly_state_validated,3655,2026-02-13,2026-03-02,-0.0097920588919678,2026,2025-12-31,native_mse,20260910,0.0004179826835146159,,1,0
weekly_state_validated,3659,2026-02-27,2026-03-09,-0.0172526869201304,2026,2025-12-31,native_mse,20260910,0.0022625269962182996,,1,0
weekly_state_validated,3664,2026-03-06,2026-03-16,0.0149926634422041,2026,2025-12-31,native_mse,20260910,-0.003806878947664824,,0,1
weekly_state_validated,3669,2026-03-13,2026-03-23,-0.0364343509194254,2026,2025-12-31,native_mse,20260910,-0.006468904470141985,,0,0
weekly_state_validated,3674,2026-03-20,2026-03-30,-0.0083038829988221,2026,2025-12-31,native_mse,20260910,-0.006677801015318794,,0,0
weekly_state_validated,3679,2026-03-27,2026-04-07,-0.0035591495694504,2026,2025-12-31,native_mse,20260910,-0.0012459609623288559,,0,0
weekly_state_validated,3684,2026-04-03,2026-04-13,0.0380736235508991,2026,2025-12-31,native_mse,20260910,-0.0002708764126667155,,0,1
weekly_state_validated,3688,2026-04-10,2026-04-20,0.0242766725964382,2026,2025-12-31,native_mse,20260910,-0.0014516073248232214,,0,1
weekly_state_validated,3693,2026-04-17,2026-04-27,0.010401572188011,2026,2025-12-31,native_mse,20260910,-0.00019243492513075974,,0,1
weekly_state_validated,3698,2026-04-24,2026-05-11,0.0263674696524953,2026,2025-12-31,native_mse,20260910,0.00044530537803680217,,1,1
weekly_state_validated,3705,2026-05-08,2026-05-18,-0.0134529239455926,2026,2025-12-31,native_mse,20260910,0.00821158666179363,,1,0
weekly_state_validated,3710,2026-05-15,2026-05-25,0.0076235492615268,2026,2025-12-31,native_mse,20260910,0.009209478129531542,,1,1
weekly_state_validated,3715,2026-05-22,2026-06-01,0.005068538126898,2026,2025-12-31,native_mse,20260910,-0.0037899662548005076,,0,1
weekly_state_validated,3720,2026-05-29,2026-06-08,-0.039635353927193,2026,2025-12-31,native_mse,20260910,-0.005878390043911763,,0,0
weekly_state_validated,3725,2026-06-05,2026-06-15,0.0266849782195981,2026,2025-12-31,native_mse,20260910,-0.005079831260852612,,0,1
weekly_state_validated,3730,2026-06-12,2026-06-29,0.0076098142791176,2026,2025-12-31,native_mse,20260910,-0.0013875397965599067,,0,1
weekly_state_validated,3739,2026-06-26,2026-07-06,0.0005137647861506,2026,2025-12-31,native_mse,20260910,-0.002031043716013942,,0,1
weekly_state_validated,3744,2026-07-03,2026-07-13,-0.0252847876365399,2026,2025-12-31,native_mse,20260910,-0.003966417206833292,,0,0
weekly_state_validated,3749,2026-07-10,2026-07-20,-0.035775397012711,2026,2025-12-31,native_mse,20260910,-0.000224192482655729,,0,0
weekly_state_validated,3754,2026-07-17,2026-07-27,0.01756245533441,2026,2025-12-31,native_mse,20260910,-0.001279240964054163,,0,1
weekly_state_validated,3759,2026-07-24,2026-08-03,-0.0202339761556519,2026,2025-12-31,native_mse,20260910,-0.0020989123929827714,,0,0
weekly_state_validated,3764,2026-07-31,2026-08-10,0.0300318732435738,2026,2025-12-31,native_mse,20260910,-0.005698998401180227,,0,1
weekly_state_validated,3769,2026-08-07,2026-08-17,-0.0056482265760339,2026,2025-12-31,native_mse,20260910,-0.000843785639629233,,0,0
weekly_state_validated,3774,2026-08-14,2026-08-24,-0.0109860710402629,2026,2025-12-31,native_mse,20260910,0.001103287661206875,,1,0
weekly_state_validated,3779,2026-08-21,2026-08-31,-0.0127592811002066,2026,2025-12-31,native_mse,20260910,0.005195736341319573,,1,0
weekly_state_validated,3630,2026-01-09,2026-01-19,-0.0103697336282536,2026,2025-12-31,training_frequency,-1,0.4792703150912106,0.4792703150912106,0,0
weekly_state_validated,3635,2026-01-16,2026-01-26,-0.0010190267764643,2026,2025-12-31,training_frequency,-1,0.4792703150912106,0.4792703150912106,0,0
weekly_state_validated,3640,2026-01-23,2026-02-02,-0.0087161586128796,2026,2025-12-31,training_frequency,-1,0.4792703150912106,0.4792703150912106,0,0
weekly_state_validated,3645,2026-01-30,2026-02-09,0.0041482324550519,2026,2025-12-31,training_frequency,-1,0.4792703150912106,0.4792703150912106,0,1
weekly_state_validated,3650,2026-02-06,2026-02-24,0.0071649689901505,2026,2025-12-31,training_frequency,-1,0.4792703150912106,0.4792703150912106,0,1
weekly_state_validated,3655,2026-02-13,2026-03-02,-0.0097920588919678,2026,2025-12-31,training_frequency,-1,0.4792703150912106,0.4792703150912106,0,0
weekly_state_validated,3659,2026-02-27,2026-03-09,-0.0172526869201304,2026,2025-12-31,training_frequency,-1,0.4792703150912106,0.4792703150912106,0,0
weekly_state_validated,3664,2026-03-06,2026-03-16,0.0149926634422041,2026,2025-12-31,training_frequency,-1,0.4792703150912106,0.4792703150912106,0,1
weekly_state_validated,3669,2026-03-13,2026-03-23,-0.0364343509194254,2026,2025-12-31,training_frequency,-1,0.4792703150912106,0.4792703150912106,0,0
weekly_state_validated,3674,2026-03-20,2026-03-30,-0.0083038829988221,2026,2025-12-31,training_frequency,-1,0.4792703150912106,0.4792703150912106,0,0
weekly_state_validated,3679,2026-03-27,2026-04-07,-0.0035591495694504,2026,2025-12-31,training_frequency,-1,0.4792703150912106,0.4792703150912106,0,0
weekly_state_validated,3684,2026-04-03,2026-04-13,0.0380736235508991,2026,2025-12-31,training_frequency,-1,0.4792703150912106,0.4792703150912106,0,1
weekly_state_validated,3688,2026-04-10,2026-04-20,0.0242766725964382,2026,2025-12-31,training_frequency,-1,0.4792703150912106,0.4792703150912106,0,1
weekly_state_validated,3693,2026-04-17,2026-04-27,0.010401572188011,2026,2025-12-31,training_frequency,-1,0.4792703150912106,0.4792703150912106,0,1
weekly_state_validated,3698,2026-04-24,2026-05-11,0.0263674696524953,2026,2025-12-31,training_frequency,-1,0.4792703150912106,0.4792703150912106,0,1
weekly_state_validated,3705,2026-05-08,2026-05-18,-0.0134529239455926,2026,2025-12-31,training_frequency,-1,0.4792703150912106,0.4792703150912106,0,0
weekly_state_validated,3710,2026-05-15,2026-05-25,0.0076235492615268,2026,2025-12-31,training_frequency,-1,0.4792703150912106,0.4792703150912106,0,1
weekly_state_validated,3715,2026-05-22,2026-06-01,0.005068538126898,2026,2025-12-31,training_frequency,-1,0.4792703150912106,0.4792703150912106,0,1
weekly_state_validated,3720,2026-05-29,2026-06-08,-0.039635353927193,2026,2025-12-31,training_frequency,-1,0.4792703150912106,0.4792703150912106,0,0
weekly_state_validated,3725,2026-06-05,2026-06-15,0.0266849782195981,2026,2025-12-31,training_frequency,-1,0.4792703150912106,0.4792703150912106,0,1
weekly_state_validated,3730,2026-06-12,2026-06-29,0.0076098142791176,2026,2025-12-31,training_frequency,-1,0.4792703150912106,0.4792703150912106,0,1
weekly_state_validated,3739,2026-06-26,2026-07-06,0.0005137647861506,2026,2025-12-31,training_frequency,-1,0.4792703150912106,0.4792703150912106,0,1
weekly_state_validated,3744,2026-07-03,2026-07-13,-0.0252847876365399,2026,2025-12-31,training_frequency,-1,0.4792703150912106,0.4792703150912106,0,0
weekly_state_validated,3749,2026-07-10,2026-07-20,-0.035775397012711,2026,2025-12-31,training_frequency,-1,0.4792703150912106,0.4792703150912106,0,0
weekly_state_validated,3754,2026-07-17,2026-07-27,0.01756245533441,2026,2025-12-31,training_frequency,-1,0.4792703150912106,0.4792703150912106,0,1
weekly_state_validated,3759,2026-07-24,2026-08-03,-0.0202339761556519,2026,2025-12-31,training_frequency,-1,0.4792703150912106,0.4792703150912106,0,0
weekly_state_validated,3764,2026-07-31,2026-08-10,0.0300318732435738,2026,2025-12-31,training_frequency,-1,0.4792703150912106,0.4792703150912106,0,1
weekly_state_validated,3769,2026-08-07,2026-08-17,-0.0056482265760339,2026,2025-12-31,training_frequency,-1,0.4792703150912106,0.4792703150912106,0,0
weekly_state_validated,3774,2026-08-14,2026-08-24,-0.0109860710402629,2026,2025-12-31,training_frequency,-1,0.4792703150912106,0.4792703150912106,0,0
weekly_state_validated,3779,2026-08-21,2026-08-31,-0.0127592811002066,2026,2025-12-31,training_frequency,-1,0.4792703150912106,0.4792703150912106,0,0
weekly_state_validated,3630,2026-01-09,2026-01-19,-0.0103697336282536,2026,2025-12-31,native_mse,20260911,-0.0030890692487675277,,0,0
weekly_state_validated,3635,2026-01-16,2026-01-26,-0.0010190267764643,2026,2025-12-31,native_mse,20260911,-0.0029844245717806552,,0,0
weekly_state_validated,3640,2026-01-23,2026-02-02,-0.0087161586128796,2026,2025-12-31,native_mse,20260911,-0.0018485669736654138,,0,0
weekly_state_validated,3645,2026-01-30,2026-02-09,0.0041482324550519,2026,2025-12-31,native_mse,20260911,-0.002659061252019485,,0,1
weekly_state_validated,3650,2026-02-06,2026-02-24,0.0071649689901505,2026,2025-12-31,native_mse,20260911,-0.0015567976959256278,,0,1
weekly_state_validated,3655,2026-02-13,2026-03-02,-0.0097920588919678,2026,2025-12-31,native_mse,20260911,-0.0015389707922718095,,0,0
weekly_state_validated,3659,2026-02-27,2026-03-09,-0.0172526869201304,2026,2025-12-31,native_mse,20260911,-0.0019681718770543553,,0,0
weekly_state_validated,3664,2026-03-06,2026-03-16,0.0149926634422041,2026,2025-12-31,native_mse,20260911,0.00014521785716820214,,1,1
weekly_state_validated,3669,2026-03-13,2026-03-23,-0.0364343509194254,2026,2025-12-31,native_mse,20260911,-0.0022671453715006956,,0,0
weekly_state_validated,3674,2026-03-20,2026-03-30,-0.0083038829988221,2026,2025-12-31,native_mse,20260911,-0.001986856137592856,,0,0
weekly_state_validated,3679,2026-03-27,2026-04-07,-0.0035591495694504,2026,2025-12-31,native_mse,20260911,-0.002218520604235266,,0,0
weekly_state_validated,3684,2026-04-03,2026-04-13,0.0380736235508991,2026,2025-12-31,native_mse,20260911,-0.002090390096021022,,0,1
weekly_state_validated,3688,2026-04-10,2026-04-20,0.0242766725964382,2026,2025-12-31,native_mse,20260911,-0.0024408235069100508,,0,1
weekly_state_validated,3693,2026-04-17,2026-04-27,0.010401572188011,2026,2025-12-31,native_mse,20260911,-0.0029629470272129906,,0,1
weekly_state_validated,3698,2026-04-24,2026-05-11,0.0263674696524953,2026,2025-12-31,native_mse,20260911,-0.003359926419865766,,0,1
weekly_state_validated,3705,2026-05-08,2026-05-18,-0.0134529239455926,2026,2025-12-31,native_mse,20260911,-0.002535154678821143,,0,0
weekly_state_validated,3710,2026-05-15,2026-05-25,0.0076235492615268,2026,2025-12-31,native_mse,20260911,-0.002260058894062486,,0,1
weekly_state_validated,3715,2026-05-22,2026-06-01,0.005068538126898,2026,2025-12-31,native_mse,20260911,-0.0015057276938992676,,0,1
weekly_state_validated,3720,2026-05-29,2026-06-08,-0.039635353927193,2026,2025-12-31,native_mse,20260911,-0.002635162144589442,,0,0
weekly_state_validated,3725,2026-06-05,2026-06-15,0.0266849782195981,2026,2025-12-31,native_mse,20260911,-0.003913781241526722,,0,1
weekly_state_validated,3730,2026-06-12,2026-06-29,0.0076098142791176,2026,2025-12-31,native_mse,20260911,-0.0036857925348870147,,0,1
weekly_state_validated,3739,2026-06-26,2026-07-06,0.0005137647861506,2026,2025-12-31,native_mse,20260911,-0.0021369319429553274,,0,1
weekly_state_validated,3744,2026-07-03,2026-07-13,-0.0252847876365399,2026,2025-12-31,native_mse,20260911,-0.0022933277317483012,,0,0
weekly_state_validated,3749,2026-07-10,2026-07-20,-0.035775397012711,2026,2025-12-31,native_mse,20260911,-0.0023056933526758674,,0,0
weekly_state_validated,3754,2026-07-17,2026-07-27,0.01756245533441,2026,2025-12-31,native_mse,20260911,-0.0024493044555773855,,0,1
weekly_state_validated,3759,2026-07-24,2026-08-03,-0.0202339761556519,2026,2025-12-31,native_mse,20260911,-0.0026633393533010696,,0,0
weekly_state_validated,3764,2026-07-31,2026-08-10,0.0300318732435738,2026,2025-12-31,native_mse,20260911,-0.0024432171596736993,,0,1
weekly_state_validated,3769,2026-08-07,2026-08-17,-0.0056482265760339,2026,2025-12-31,native_mse,20260911,-0.0034017483589926685,,0,0
weekly_state_validated,3774,2026-08-14,2026-08-24,-0.0109860710402629,2026,2025-12-31,native_mse,20260911,-0.002813706354026954,,0,0
weekly_state_validated,3779,2026-08-21,2026-08-31,-0.0127592811002066,2026,2025-12-31,native_mse,20260911,-0.0019809857134933735,,0,0
weekly_state_validated,3630,2026-01-09,2026-01-19,-0.0103697336282536,2026,2025-12-31,native_mse,20260912,-0.0012654744629118373,,0,0
weekly_state_validated,3635,2026-01-16,2026-01-26,-0.0010190267764643,2026,2025-12-31,native_mse,20260912,-0.0009824454910161004,,0,0
weekly_state_validated,3640,2026-01-23,2026-02-02,-0.0087161586128796,2026,2025-12-31,native_mse,20260912,-0.0014318861524315442,,0,0
weekly_state_validated,3645,2026-01-30,2026-02-09,0.0041482324550519,2026,2025-12-31,native_mse,20260912,-0.0015519331724585116,,0,1
weekly_state_validated,3650,2026-02-06,2026-02-24,0.0071649689901505,2026,2025-12-31,native_mse,20260912,-0.0016869022750859507,,0,1
weekly_state_validated,3655,2026-02-13,2026-03-02,-0.0097920588919678,2026,2025-12-31,native_mse,20260912,-0.0011765097827620523,,0,0
weekly_state_validated,3659,2026-02-27,2026-03-09,-0.0172526869201304,2026,2025-12-31,native_mse,20260912,-0.0007085124719817442,,0,0
weekly_state_validated,3664,2026-03-06,2026-03-16,0.0149926634422041,2026,2025-12-31,native_mse,20260912,-0.0009899154221996353,,0,1
weekly_state_validated,3669,2026-03-13,2026-03-23,-0.0364343509194254,2026,2025-12-31,native_mse,20260912,-0.0011266305599294578,,0,0
weekly_state_validated,3674,2026-03-20,2026-03-30,-0.0083038829988221,2026,2025-12-31,native_mse,20260912,-0.001524311581453077,,0,0
weekly_state_validated,3679,2026-03-27,2026-04-07,-0.0035591495694504,2026,2025-12-31,native_mse,20260912,-0.0019205134194293897,,0,0
weekly_state_validated,3684,2026-04-03,2026-04-13,0.0380736235508991,2026,2025-12-31,native_mse,20260912,-0.0011376256916386593,,0,1
weekly_state_validated,3688,2026-04-10,2026-04-20,0.0242766725964382,2026,2025-12-31,native_mse,20260912,-0.0013216896399536517,,0,1
weekly_state_validated,3693,2026-04-17,2026-04-27,0.010401572188011,2026,2025-12-31,native_mse,20260912,-0.0015028502660909705,,0,1
weekly_state_validated,3698,2026-04-24,2026-05-11,0.0263674696524953,2026,2025-12-31,native_mse,20260912,-0.0012568015547876838,,0,1
weekly_state_validated,3705,2026-05-08,2026-05-18,-0.0134529239455926,2026,2025-12-31,native_mse,20260912,-0.0004371239494575972,,0,0
weekly_state_validated,3710,2026-05-15,2026-05-25,0.0076235492615268,2026,2025-12-31,native_mse,20260912,6.163719011948235e-05,,1,1
weekly_state_validated,3715,2026-05-22,2026-06-01,0.005068538126898,2026,2025-12-31,native_mse,20260912,7.730204085298746e-06,,1,1
weekly_state_validated,3720,2026-05-29,2026-06-08,-0.039635353927193,2026,2025-12-31,native_mse,20260912,-0.00019569943758148556,,0,0
weekly_state_validated,3725,2026-06-05,2026-06-15,0.0266849782195981,2026,2025-12-31,native_mse,20260912,-0.00010540438898025962,,0,1
weekly_state_validated,3730,2026-06-12,2026-06-29,0.0076098142791176,2026,2025-12-31,native_mse,20260912,-0.0007095936265099443,,0,1
weekly_state_validated,3739,2026-06-26,2026-07-06,0.0005137647861506,2026,2025-12-31,native_mse,20260912,-0.00033128119271872585,,0,1
weekly_state_validated,3744,2026-07-03,2026-07-13,-0.0252847876365399,2026,2025-12-31,native_mse,20260912,-0.0011443460816151978,,0,0
weekly_state_validated,3749,2026-07-10,2026-07-20,-0.035775397012711,2026,2025-12-31,native_mse,20260912,-0.0017039989678604111,,0,0
weekly_state_validated,3754,2026-07-17,2026-07-27,0.01756245533441,2026,2025-12-31,native_mse,20260912,-0.0017003094595498154,,0,1
weekly_state_validated,3759,2026-07-24,2026-08-03,-0.0202339761556519,2026,2025-12-31,native_mse,20260912,-0.0018633248001663242,,0,0
weekly_state_validated,3764,2026-07-31,2026-08-10,0.0300318732435738,2026,2025-12-31,native_mse,20260912,-0.0013665112944695823,,0,1
weekly_state_validated,3769,2026-08-07,2026-08-17,-0.0056482265760339,2026,2025-12-31,native_mse,20260912,-0.0010726869031266657,,0,0
weekly_state_validated,3774,2026-08-14,2026-08-24,-0.0109860710402629,2026,2025-12-31,native_mse,20260912,-0.0012030503226100222,,0,0
weekly_state_validated,3779,2026-08-21,2026-08-31,-0.0127592811002066,2026,2025-12-31,native_mse,20260912,-0.0005090624873602664,,0,0
weekly_state_ungated,2418,2021-01-08,2021-01-18,-0.0120052904669853,2021,2020-12-31,native_mse,20260910,-0.00016719672473286887,,0,0
weekly_state_ungated,2423,2021-01-15,2021-01-25,0.0231622460538123,2021,2020-12-31,native_mse,20260910,-0.0024576018862454926,,0,1
weekly_state_ungated,2428,2021-01-22,2021-02-01,-0.0372511735907923,2021,2020-12-31,native_mse,20260910,-0.003647746896638798,,0,0
weekly_state_ungated,2433,2021-01-29,2021-02-08,0.0278689901714626,2021,2020-12-31,native_mse,20260910,-0.0025472735860022446,,0,1
weekly_state_ungated,2438,2021-02-05,2021-02-22,0.0507379035040882,2021,2020-12-31,native_mse,20260910,-0.0030793775400414984,,0,1
weekly_state_ungated,2443,2021-02-19,2021-03-01,-0.0684918010685315,2021,2020-12-31,native_mse,20260910,-0.0023490676188242655,,0,0
weekly_state_ungated,2448,2021-02-26,2021-03-08,-0.0165997123904068,2021,2020-12-31,native_mse,20260910,-0.0023665663755005908,,0,0
weekly_state_ungated,2453,2021-03-05,2021-03-15,-0.0346560901469681,2021,2020-12-31,native_mse,20260910,-0.0014253865572098575,,0,0
weekly_state_ungated,2458,2021-03-12,2021-03-22,-0.0210550182560221,2021,2020-12-31,native_mse,20260910,-0.0005000901973691782,,0,0
weekly_state_ungated,2463,2021-03-19,2021-03-29,0.0087572877565691,2021,2020-12-31,native_mse,20260910,0.006023340982564988,,1,1
weekly_state_ungated,2468,2021-03-26,2021-04-06,0.0250145479448802,2021,2020-12-31,native_mse,20260910,0.005598392317839315,,1,1
weekly_state_ungated,2473,2021-04-02,2021-04-12,-0.0292856811827044,2021,2020-12-31,native_mse,20260910,0.0036485752776130036,,1,0
weekly_state_ungated,2477,2021-04-09,2021-04-19,-0.0120489836840408,2021,2020-12-31,native_mse,20260910,0.007350243400305611,,1,0
weekly_state_ungated,2482,2021-04-16,2021-04-26,0.0382932540809155,2021,2020-12-31,native_mse,20260910,0.002900059176571625,,1,1
weekly_state_ungated,2487,2021-04-23,2021-05-06,-0.0112070185917437,2021,2020-12-31,native_mse,20260910,0.007596625467989239,,1,0
weekly_state_ungated,2492,2021-04-30,2021-05-12,-0.0190946889464188,2021,2020-12-31,native_mse,20260910,0.007105998256782256,,1,0
weekly_state_ungated,2494,2021-05-07,2021-05-17,0.0227674429764228,2021,2020-12-31,native_mse,20260910,0.0072995237328683515,,1,1
weekly_state_ungated,2499,2021-05-14,2021-05-24,0.0045940519733895,2021,2020-12-31,native_mse,20260910,0.006906583839110419,,1,1
weekly_state_ungated,2504,2021-05-21,2021-05-31,0.0348855085126711,2021,2020-12-31,native_mse,20260910,0.0039949465805707365,,1,1
weekly_state_ungated,2509,2021-05-28,2021-06-07,-0.0062409741861724,2021,2020-12-31,native_mse,20260910,0.004302626766656515,,1,0
weekly_state_ungated,2514,2021-06-04,2021-06-15,-0.0125508761771767,2021,2020-12-31,native_mse,20260910,0.0018010688105476373,,1,0
weekly_state_ungated,2519,2021-06-11,2021-06-21,-0.0250011497424577,2021,2020-12-31,native_mse,20260910,-0.0027939130847951473,,0,0
weekly_state_ungated,2523,2021-06-18,2021-06-28,0.0325308711127356,2021,2020-12-31,native_mse,20260910,-0.0024054667576293687,,0,1
weekly_state_ungated,2528,2021-06-25,2021-07-05,-0.0342297962734196,2021,2020-12-31,native_mse,20260910,-0.0021641013171994155,,0,0
weekly_state_ungated,2533,2021-07-02,2021-07-12,0.0068193733271841,2021,2020-12-31,native_mse,20260910,-0.002740282150259048,,0,1
weekly_state_ungated,2538,2021-07-09,2021-07-19,-0.0048254045313779,2021,2020-12-31,native_mse,20260910,-0.0025804416168060183,,0,0
weekly_state_ungated,2543,2021-07-16,2021-07-26,-0.0032299118953994,2021,2020-12-31,native_mse,20260910,-0.0035112489700114967,,0,0
weekly_state_ungated,2548,2021-07-23,2021-08-02,-0.0537740931579083,2021,2020-12-31,native_mse,20260910,-0.002252148085559406,,0,0
weekly_state_ungated,2553,2021-07-30,2021-08-09,0.019904813945049,2021,2020-12-31,native_mse,20260910,-0.0013935392955686378,,0,1
weekly_state_ungated,2558,2021-08-06,2021-08-16,0.0093369268709639,2021,2020-12-31,native_mse,20260910,-0.0008547058545780883,,0,1
weekly_state_ungated,2563,2021-08-13,2021-08-23,-0.032048736608373,2021,2020-12-31,native_mse,20260910,-0.0010996712313164061,,0,0
weekly_state_ungated,2568,2021-08-20,2021-08-30,0.0145047962107527,2021,2020-12-31,native_mse,20260910,0.0014984460902095808,,1,1
weekly_state_ungated,2573,2021-08-27,2021-09-06,-0.0012316820816045,2021,2020-12-31,native_mse,20260910,0.006590900742918945,,1,0
weekly_state_ungated,2578,2021-09-03,2021-09-13,0.0342301066295398,2021,2020-12-31,native_mse,20260910,0.009486980636077728,,1,1
weekly_state_ungated,2583,2021-09-10,2021-09-22,-0.0471441667981554,2021,2020-12-31,native_mse,20260910,0.009371153033789907,,1,0
weekly_state_ungated,2588,2021-09-17,2021-09-28,0.0209863060789441,2021,2020-12-31,native_mse,20260910,0.009603132896707183,,1,1
weekly_state_ungated,2591,2021-09-24,2021-10-11,0.0144615416200457,2021,2020-12-31,native_mse,20260910,0.009682760274058575,,1,1
weekly_state_ungated,2596,2021-10-08,2021-10-18,-0.0038006269617851,2021,2020-12-31,native_mse,20260910,0.009091248352644028,,1,0
weekly_state_ungated,2601,2021-10-15,2021-10-25,0.0037358989621147,2021,2020-12-31,native_mse,20260910,0.008469619450977196,,1,1
weekly_state_ungated,2606,2021-10-22,2021-11-01,-0.0127041632091318,2021,2020-12-31,native_mse,20260910,0.0008933657456787875,,1,0
weekly_state_ungated,2611,2021-10-29,2021-11-08,-0.0075807737801166,2021,2020-12-31,native_mse,20260910,0.002406790555140204,,1,0
weekly_state_ungated,2616,2021-11-05,2021-11-15,0.0110015182343039,2021,2020-12-31,native_mse,20260910,0.004495816516502967,,1,1
weekly_state_ungated,2621,2021-11-12,2021-11-22,0.0002002284238551,2021,2020-12-31,native_mse,20260910,0.008345328596010884,,1,1
weekly_state_ungated,2626,2021-11-19,2021-11-29,-0.0153981603100059,2021,2020-12-31,native_mse,20260910,0.006936498727743483,,1,0
weekly_state_ungated,2631,2021-11-26,2021-12-06,0.0185518287306458,2021,2020-12-31,native_mse,20260910,0.0043122154605937865,,1,1
weekly_state_ungated,2636,2021-12-03,2021-12-13,0.0367843110096284,2021,2020-12-31,native_mse,20260910,0.003903132217743633,,1,1
weekly_state_ungated,2641,2021-12-10,2021-12-20,-0.0304615698955996,2021,2020-12-31,native_mse,20260910,0.0011584734670292821,,1,0
weekly_state_ungated,2646,2021-12-17,2021-12-27,-0.0034083287233763,2021,2020-12-31,native_mse,20260910,0.008060168302998738,,1,0
weekly_state_ungated,2651,2021-12-24,2022-01-04,0.0080985736506613,2021,2020-12-31,native_mse,20260910,0.0074924187486900135,,1,1
weekly_state_ungated,2656,2021-12-31,2022-01-10,-0.0293970528320001,2021,2020-12-31,native_mse,20260910,0.008334791957105143,,1,0
weekly_state_ungated,2418,2021-01-08,2021-01-18,-0.0120052904669853,2021,2020-12-31,training_frequency,-1,0.5577557755775577,0.5577557755775577,1,0
weekly_state_ungated,2423,2021-01-15,2021-01-25,0.0231622460538123,2021,2020-12-31,training_frequency,-1,0.5577557755775577,0.5577557755775577,1,1
weekly_state_ungated,2428,2021-01-22,2021-02-01,-0.0372511735907923,2021,2020-12-31,training_frequency,-1,0.5577557755775577,0.5577557755775577,1,0
weekly_state_ungated,2433,2021-01-29,2021-02-08,0.0278689901714626,2021,2020-12-31,training_frequency,-1,0.5577557755775577,0.5577557755775577,1,1
weekly_state_ungated,2438,2021-02-05,2021-02-22,0.0507379035040882,2021,2020-12-31,training_frequency,-1,0.5577557755775577,0.5577557755775577,1,1
weekly_state_ungated,2443,2021-02-19,2021-03-01,-0.0684918010685315,2021,2020-12-31,training_frequency,-1,0.5577557755775577,0.5577557755775577,1,0
weekly_state_ungated,2448,2021-02-26,2021-03-08,-0.0165997123904068,2021,2020-12-31,training_frequency,-1,0.5577557755775577,0.5577557755775577,1,0
weekly_state_ungated,2453,2021-03-05,2021-03-15,-0.0346560901469681,2021,2020-12-31,training_frequency,-1,0.5577557755775577,0.5577557755775577,1,0
weekly_state_ungated,2458,2021-03-12,2021-03-22,-0.0210550182560221,2021,2020-12-31,training_frequency,-1,0.5577557755775577,0.5577557755775577,1,0
weekly_state_ungated,2463,2021-03-19,2021-03-29,0.0087572877565691,2021,2020-12-31,training_frequency,-1,0.5577557755775577,0.5577557755775577,1,1
weekly_state_ungated,2468,2021-03-26,2021-04-06,0.0250145479448802,2021,2020-12-31,training_frequency,-1,0.5577557755775577,0.5577557755775577,1,1
weekly_state_ungated,2473,2021-04-02,2021-04-12,-0.0292856811827044,2021,2020-12-31,training_frequency,-1,0.5577557755775577,0.5577557755775577,1,0
weekly_state_ungated,2477,2021-04-09,2021-04-19,-0.0120489836840408,2021,2020-12-31,training_frequency,-1,0.5577557755775577,0.5577557755775577,1,0
weekly_state_ungated,2482,2021-04-16,2021-04-26,0.0382932540809155,2021,2020-12-31,training_frequency,-1,0.5577557755775577,0.5577557755775577,1,1
weekly_state_ungated,2487,2021-04-23,2021-05-06,-0.0112070185917437,2021,2020-12-31,training_frequency,-1,0.5577557755775577,0.5577557755775577,1,0
weekly_state_ungated,2492,2021-04-30,2021-05-12,-0.0190946889464188,2021,2020-12-31,training_frequency,-1,0.5577557755775577,0.5577557755775577,1,0
weekly_state_ungated,2494,2021-05-07,2021-05-17,0.0227674429764228,2021,2020-12-31,training_frequency,-1,0.5577557755775577,0.5577557755775577,1,1
weekly_state_ungated,2499,2021-05-14,2021-05-24,0.0045940519733895,2021,2020-12-31,training_frequency,-1,0.5577557755775577,0.5577557755775577,1,1
weekly_state_ungated,2504,2021-05-21,2021-05-31,0.0348855085126711,2021,2020-12-31,training_frequency,-1,0.5577557755775577,0.5577557755775577,1,1
weekly_state_ungated,2509,2021-05-28,2021-06-07,-0.0062409741861724,2021,2020-12-31,training_frequency,-1,0.5577557755775577,0.5577557755775577,1,0
weekly_state_ungated,2514,2021-06-04,2021-06-15,-0.0125508761771767,2021,2020-12-31,training_frequency,-1,0.5577557755775577,0.5577557755775577,1,0
weekly_state_ungated,2519,2021-06-11,2021-06-21,-0.0250011497424577,2021,2020-12-31,training_frequency,-1,0.5577557755775577,0.5577557755775577,1,0
weekly_state_ungated,2523,2021-06-18,2021-06-28,0.0325308711127356,2021,2020-12-31,training_frequency,-1,0.5577557755775577,0.5577557755775577,1,1
weekly_state_ungated,2528,2021-06-25,2021-07-05,-0.0342297962734196,2021,2020-12-31,training_frequency,-1,0.5577557755775577,0.5577557755775577,1,0
weekly_state_ungated,2533,2021-07-02,2021-07-12,0.0068193733271841,2021,2020-12-31,training_frequency,-1,0.5577557755775577,0.5577557755775577,1,1
weekly_state_ungated,2538,2021-07-09,2021-07-19,-0.0048254045313779,2021,2020-12-31,training_frequency,-1,0.5577557755775577,0.5577557755775577,1,0
weekly_state_ungated,2543,2021-07-16,2021-07-26,-0.0032299118953994,2021,2020-12-31,training_frequency,-1,0.5577557755775577,0.5577557755775577,1,0
weekly_state_ungated,2548,2021-07-23,2021-08-02,-0.0537740931579083,2021,2020-12-31,training_frequency,-1,0.5577557755775577,0.5577557755775577,1,0
weekly_state_ungated,2553,2021-07-30,2021-08-09,0.019904813945049,2021,2020-12-31,training_frequency,-1,0.5577557755775577,0.5577557755775577,1,1
weekly_state_ungated,2558,2021-08-06,2021-08-16,0.0093369268709639,2021,2020-12-31,training_frequency,-1,0.5577557755775577,0.5577557755775577,1,1
weekly_state_ungated,2563,2021-08-13,2021-08-23,-0.032048736608373,2021,2020-12-31,training_frequency,-1,0.5577557755775577,0.5577557755775577,1,0
weekly_state_ungated,2568,2021-08-20,2021-08-30,0.0145047962107527,2021,2020-12-31,training_frequency,-1,0.5577557755775577,0.5577557755775577,1,1
weekly_state_ungated,2573,2021-08-27,2021-09-06,-0.0012316820816045,2021,2020-12-31,training_frequency,-1,0.5577557755775577,0.5577557755775577,1,0
weekly_state_ungated,2578,2021-09-03,2021-09-13,0.0342301066295398,2021,2020-12-31,training_frequency,-1,0.5577557755775577,0.5577557755775577,1,1
weekly_state_ungated,2583,2021-09-10,2021-09-22,-0.0471441667981554,2021,2020-12-31,training_frequency,-1,0.5577557755775577,0.5577557755775577,1,0
weekly_state_ungated,2588,2021-09-17,2021-09-28,0.0209863060789441,2021,2020-12-31,training_frequency,-1,0.5577557755775577,0.5577557755775577,1,1
weekly_state_ungated,2591,2021-09-24,2021-10-11,0.0144615416200457,2021,2020-12-31,training_frequency,-1,0.5577557755775577,0.5577557755775577,1,1
weekly_state_ungated,2596,2021-10-08,2021-10-18,-0.0038006269617851,2021,2020-12-31,training_frequency,-1,0.5577557755775577,0.5577557755775577,1,0
weekly_state_ungated,2601,2021-10-15,2021-10-25,0.0037358989621147,2021,2020-12-31,training_frequency,-1,0.5577557755775577,0.5577557755775577,1,1
weekly_state_ungated,2606,2021-10-22,2021-11-01,-0.0127041632091318,2021,2020-12-31,training_frequency,-1,0.5577557755775577,0.5577557755775577,1,0
weekly_state_ungated,2611,2021-10-29,2021-11-08,-0.0075807737801166,2021,2020-12-31,training_frequency,-1,0.5577557755775577,0.5577557755775577,1,0
weekly_state_ungated,2616,2021-11-05,2021-11-15,0.0110015182343039,2021,2020-12-31,training_frequency,-1,0.5577557755775577,0.5577557755775577,1,1
weekly_state_ungated,2621,2021-11-12,2021-11-22,0.0002002284238551,2021,2020-12-31,training_frequency,-1,0.5577557755775577,0.5577557755775577,1,1
weekly_state_ungated,2626,2021-11-19,2021-11-29,-0.0153981603100059,2021,2020-12-31,training_frequency,-1,0.5577557755775577,0.5577557755775577,1,0
weekly_state_ungated,2631,2021-11-26,2021-12-06,0.0185518287306458,2021,2020-12-31,training_frequency,-1,0.5577557755775577,0.5577557755775577,1,1
weekly_state_ungated,2636,2021-12-03,2021-12-13,0.0367843110096284,2021,2020-12-31,training_frequency,-1,0.5577557755775577,0.5577557755775577,1,1
weekly_state_ungated,2641,2021-12-10,2021-12-20,-0.0304615698955996,2021,2020-12-31,training_frequency,-1,0.5577557755775577,0.5577557755775577,1,0
weekly_state_ungated,2646,2021-12-17,2021-12-27,-0.0034083287233763,2021,2020-12-31,training_frequency,-1,0.5577557755775577,0.5577557755775577,1,0
weekly_state_ungated,2651,2021-12-24,2022-01-04,0.0080985736506613,2021,2020-12-31,training_frequency,-1,0.5577557755775577,0.5577557755775577,1,1
weekly_state_ungated,2656,2021-12-31,2022-01-10,-0.0293970528320001,2021,2020-12-31,training_frequency,-1,0.5577557755775577,0.5577557755775577,1,0
weekly_state_ungated,2418,2021-01-08,2021-01-18,-0.0120052904669853,2021,2020-12-31,native_mse,20260911,0.008552411017393067,,1,0
weekly_state_ungated,2423,2021-01-15,2021-01-25,0.0231622460538123,2021,2020-12-31,native_mse,20260911,0.004218820233000888,,1,1
weekly_state_ungated,2428,2021-01-22,2021-02-01,-0.0372511735907923,2021,2020-12-31,native_mse,20260911,0.004959951689017089,,1,0
weekly_state_ungated,2433,2021-01-29,2021-02-08,0.0278689901714626,2021,2020-12-31,native_mse,20260911,-0.006242641410233065,,0,1
weekly_state_ungated,2438,2021-02-05,2021-02-22,0.0507379035040882,2021,2020-12-31,native_mse,20260911,0.0007951359987466982,,1,1
weekly_state_ungated,2443,2021-02-19,2021-03-01,-0.0684918010685315,2021,2020-12-31,native_mse,20260911,-0.0016330918552967294,,0,0
weekly_state_ungated,2448,2021-02-26,2021-03-08,-0.0165997123904068,2021,2020-12-31,native_mse,20260911,-0.00533638880364651,,0,0
weekly_state_ungated,2453,2021-03-05,2021-03-15,-0.0346560901469681,2021,2020-12-31,native_mse,20260911,-0.011674592766508288,,0,0
weekly_state_ungated,2458,2021-03-12,2021-03-22,-0.0210550182560221,2021,2020-12-31,native_mse,20260911,-0.007847066861436623,,0,0
weekly_state_ungated,2463,2021-03-19,2021-03-29,0.0087572877565691,2021,2020-12-31,native_mse,20260911,-0.0039060339233599494,,0,1
weekly_state_ungated,2468,2021-03-26,2021-04-06,0.0250145479448802,2021,2020-12-31,native_mse,20260911,0.0009273635613917179,,1,1
weekly_state_ungated,2473,2021-04-02,2021-04-12,-0.0292856811827044,2021,2020-12-31,native_mse,20260911,-0.0027355840325147787,,0,0
weekly_state_ungated,2477,2021-04-09,2021-04-19,-0.0120489836840408,2021,2020-12-31,native_mse,20260911,-0.0036343506408249315,,0,0
weekly_state_ungated,2482,2021-04-16,2021-04-26,0.0382932540809155,2021,2020-12-31,native_mse,20260911,-0.0006724515978878938,,0,1
weekly_state_ungated,2487,2021-04-23,2021-05-06,-0.0112070185917437,2021,2020-12-31,native_mse,20260911,0.0055289088739753755,,1,0
weekly_state_ungated,2492,2021-04-30,2021-05-12,-0.0190946889464188,2021,2020-12-31,native_mse,20260911,0.0033327575219957396,,1,0
weekly_state_ungated,2494,2021-05-07,2021-05-17,0.0227674429764228,2021,2020-12-31,native_mse,20260911,0.0021669511395786133,,1,1
weekly_state_ungated,2499,2021-05-14,2021-05-24,0.0045940519733895,2021,2020-12-31,native_mse,20260911,0.0011114542693073139,,1,1
weekly_state_ungated,2504,2021-05-21,2021-05-31,0.0348855085126711,2021,2020-12-31,native_mse,20260911,0.008400289317996804,,1,1
weekly_state_ungated,2509,2021-05-28,2021-06-07,-0.0062409741861724,2021,2020-12-31,native_mse,20260911,0.0007953145198423817,,1,0
weekly_state_ungated,2514,2021-06-04,2021-06-15,-0.0125508761771767,2021,2020-12-31,native_mse,20260911,-0.007020166164517651,,0,0
weekly_state_ungated,2519,2021-06-11,2021-06-21,-0.0250011497424577,2021,2020-12-31,native_mse,20260911,-0.008619872591947365,,0,0
weekly_state_ungated,2523,2021-06-18,2021-06-28,0.0325308711127356,2021,2020-12-31,native_mse,20260911,-0.008791375820448139,,0,1
weekly_state_ungated,2528,2021-06-25,2021-07-05,-0.0342297962734196,2021,2020-12-31,native_mse,20260911,-0.008045520831514462,,0,0
weekly_state_ungated,2533,2021-07-02,2021-07-12,0.0068193733271841,2021,2020-12-31,native_mse,20260911,-0.007174844548354277,,0,1
weekly_state_ungated,2538,2021-07-09,2021-07-19,-0.0048254045313779,2021,2020-12-31,native_mse,20260911,-0.015340492927170088,,0,0
weekly_state_ungated,2543,2021-07-16,2021-07-26,-0.0032299118953994,2021,2020-12-31,native_mse,20260911,-0.005208717730643443,,0,0
weekly_state_ungated,2548,2021-07-23,2021-08-02,-0.0537740931579083,2021,2020-12-31,native_mse,20260911,-0.005850917345567664,,0,0
weekly_state_ungated,2553,2021-07-30,2021-08-09,0.019904813945049,2021,2020-12-31,native_mse,20260911,-0.0028205260505218244,,0,1
weekly_state_ungated,2558,2021-08-06,2021-08-16,0.0093369268709639,2021,2020-12-31,native_mse,20260911,0.0007831311211854701,,1,1
weekly_state_ungated,2563,2021-08-13,2021-08-23,-0.032048736608373,2021,2020-12-31,native_mse,20260911,-0.0005906639308137641,,0,0
weekly_state_ungated,2568,2021-08-20,2021-08-30,0.0145047962107527,2021,2020-12-31,native_mse,20260911,-0.004641917146108556,,0,1
weekly_state_ungated,2573,2021-08-27,2021-09-06,-0.0012316820816045,2021,2020-12-31,native_mse,20260911,0.014579973106645959,,1,0
weekly_state_ungated,2578,2021-09-03,2021-09-13,0.0342301066295398,2021,2020-12-31,native_mse,20260911,0.008593989010996025,,1,1
weekly_state_ungated,2583,2021-09-10,2021-09-22,-0.0471441667981554,2021,2020-12-31,native_mse,20260911,0.008313547741757724,,1,0
weekly_state_ungated,2588,2021-09-17,2021-09-28,0.0209863060789441,2021,2020-12-31,native_mse,20260911,0.01165935650344279,,1,1
weekly_state_ungated,2591,2021-09-24,2021-10-11,0.0144615416200457,2021,2020-12-31,native_mse,20260911,0.005518532924551857,,1,1
weekly_state_ungated,2596,2021-10-08,2021-10-18,-0.0038006269617851,2021,2020-12-31,native_mse,20260911,0.012263523541426666,,1,0
weekly_state_ungated,2601,2021-10-15,2021-10-25,0.0037358989621147,2021,2020-12-31,native_mse,20260911,0.005744974739242532,,1,1
weekly_state_ungated,2606,2021-10-22,2021-11-01,-0.0127041632091318,2021,2020-12-31,native_mse,20260911,-0.002876912071818175,,0,0
weekly_state_ungated,2611,2021-10-29,2021-11-08,-0.0075807737801166,2021,2020-12-31,native_mse,20260911,0.007299876265916085,,1,0
weekly_state_ungated,2616,2021-11-05,2021-11-15,0.0110015182343039,2021,2020-12-31,native_mse,20260911,0.01509194783358179,,1,1
weekly_state_ungated,2621,2021-11-12,2021-11-22,0.0002002284238551,2021,2020-12-31,native_mse,20260911,0.015091062401740971,,1,1
weekly_state_ungated,2626,2021-11-19,2021-11-29,-0.0153981603100059,2021,2020-12-31,native_mse,20260911,0.0038828482450291406,,1,0
weekly_state_ungated,2631,2021-11-26,2021-12-06,0.0185518287306458,2021,2020-12-31,native_mse,20260911,0.012319022901115752,,1,1
weekly_state_ungated,2636,2021-12-03,2021-12-13,0.0367843110096284,2021,2020-12-31,native_mse,20260911,-0.0032795392457900994,,0,1
weekly_state_ungated,2641,2021-12-10,2021-12-20,-0.0304615698955996,2021,2020-12-31,native_mse,20260911,0.0011267436480836153,,1,0
weekly_state_ungated,2646,2021-12-17,2021-12-27,-0.0034083287233763,2021,2020-12-31,native_mse,20260911,0.009051863032613542,,1,0
weekly_state_ungated,2651,2021-12-24,2022-01-04,0.0080985736506613,2021,2020-12-31,native_mse,20260911,0.011692479032888078,,1,1
weekly_state_ungated,2656,2021-12-31,2022-01-10,-0.0293970528320001,2021,2020-12-31,native_mse,20260911,0.0061027978323025915,,1,0
weekly_state_ungated,2418,2021-01-08,2021-01-18,-0.0120052904669853,2021,2020-12-31,native_mse,20260912,0.001397497585867654,,1,0
weekly_state_ungated,2423,2021-01-15,2021-01-25,0.0231622460538123,2021,2020-12-31,native_mse,20260912,0.0006715229500529757,,1,1
weekly_state_ungated,2428,2021-01-22,2021-02-01,-0.0372511735907923,2021,2020-12-31,native_mse,20260912,0.0008989216255188498,,1,0
weekly_state_ungated,2433,2021-01-29,2021-02-08,0.0278689901714626,2021,2020-12-31,native_mse,20260912,0.0007959764416317159,,1,1
weekly_state_ungated,2438,2021-02-05,2021-02-22,0.0507379035040882,2021,2020-12-31,native_mse,20260912,0.0012803740659475327,,1,1
weekly_state_ungated,2443,2021-02-19,2021-03-01,-0.0684918010685315,2021,2020-12-31,native_mse,20260912,0.0009133829615551264,,1,0
weekly_state_ungated,2448,2021-02-26,2021-03-08,-0.0165997123904068,2021,2020-12-31,native_mse,20260912,0.0013704992420810927,,1,0
weekly_state_ungated,2453,2021-03-05,2021-03-15,-0.0346560901469681,2021,2020-12-31,native_mse,20260912,0.0008756814992302536,,1,0
weekly_state_ungated,2458,2021-03-12,2021-03-22,-0.0210550182560221,2021,2020-12-31,native_mse,20260912,0.0011757184818956695,,1,0
weekly_state_ungated,2463,2021-03-19,2021-03-29,0.0087572877565691,2021,2020-12-31,native_mse,20260912,0.0010792053864410744,,1,1
weekly_state_ungated,2468,2021-03-26,2021-04-06,0.0250145479448802,2021,2020-12-31,native_mse,20260912,0.0011499309968955886,,1,1
weekly_state_ungated,2473,2021-04-02,2021-04-12,-0.0292856811827044,2021,2020-12-31,native_mse,20260912,0.0010410156043567688,,1,0
weekly_state_ungated,2477,2021-04-09,2021-04-19,-0.0120489836840408,2021,2020-12-31,native_mse,20260912,0.0015346227958627386,,1,0
weekly_state_ungated,2482,2021-04-16,2021-04-26,0.0382932540809155,2021,2020-12-31,native_mse,20260912,0.001333459240383137,,1,1
weekly_state_ungated,2487,2021-04-23,2021-05-06,-0.0112070185917437,2021,2020-12-31,native_mse,20260912,0.0016691075435783544,,1,0
weekly_state_ungated,2492,2021-04-30,2021-05-12,-0.0190946889464188,2021,2020-12-31,native_mse,20260912,0.0008697905080337705,,1,0
weekly_state_ungated,2494,2021-05-07,2021-05-17,0.0227674429764228,2021,2020-12-31,native_mse,20260912,0.0011496090030479206,,1,1
weekly_state_ungated,2499,2021-05-14,2021-05-24,0.0045940519733895,2021,2020-12-31,native_mse,20260912,0.0010483063772099349,,1,1
weekly_state_ungated,2504,2021-05-21,2021-05-31,0.0348855085126711,2021,2020-12-31,native_mse,20260912,0.0011439525898009322,,1,1
weekly_state_ungated,2509,2021-05-28,2021-06-07,-0.0062409741861724,2021,2020-12-31,native_mse,20260912,0.0011525125328662067,,1,0
weekly_state_ungated,2514,2021-06-04,2021-06-15,-0.0125508761771767,2021,2020-12-31,native_mse,20260912,0.0007128828650729158,,1,0
weekly_state_ungated,2519,2021-06-11,2021-06-21,-0.0250011497424577,2021,2020-12-31,native_mse,20260912,0.0008407535701623152,,1,0
weekly_state_ungated,2523,2021-06-18,2021-06-28,0.0325308711127356,2021,2020-12-31,native_mse,20260912,0.0005295128002944305,,1,1
weekly_state_ungated,2528,2021-06-25,2021-07-05,-0.0342297962734196,2021,2020-12-31,native_mse,20260912,0.0004392776625445282,,1,0
weekly_state_ungated,2533,2021-07-02,2021-07-12,0.0068193733271841,2021,2020-12-31,native_mse,20260912,0.0008802423955353033,,1,1
weekly_state_ungated,2538,2021-07-09,2021-07-19,-0.0048254045313779,2021,2020-12-31,native_mse,20260912,0.001025036941487719,,1,0
weekly_state_ungated,2543,2021-07-16,2021-07-26,-0.0032299118953994,2021,2020-12-31,native_mse,20260912,0.0009848540154367372,,1,0
weekly_state_ungated,2548,2021-07-23,2021-08-02,-0.0537740931579083,2021,2020-12-31,native_mse,20260912,0.0010837390229232473,,1,0
weekly_state_ungated,2553,2021-07-30,2021-08-09,0.019904813945049,2021,2020-12-31,native_mse,20260912,0.0007753634039124927,,1,1
weekly_state_ungated,2558,2021-08-06,2021-08-16,0.0093369268709639,2021,2020-12-31,native_mse,20260912,0.0010686946751112278,,1,1
weekly_state_ungated,2563,2021-08-13,2021-08-23,-0.032048736608373,2021,2020-12-31,native_mse,20260912,0.0016819071064647707,,1,0
weekly_state_ungated,2568,2021-08-20,2021-08-30,0.0145047962107527,2021,2020-12-31,native_mse,20260912,0.0015674609930577542,,1,1
weekly_state_ungated,2573,2021-08-27,2021-09-06,-0.0012316820816045,2021,2020-12-31,native_mse,20260912,0.0015518786224257932,,1,0
weekly_state_ungated,2578,2021-09-03,2021-09-13,0.0342301066295398,2021,2020-12-31,native_mse,20260912,0.0015775578367383941,,1,1
weekly_state_ungated,2583,2021-09-10,2021-09-22,-0.0471441667981554,2021,2020-12-31,native_mse,20260912,0.00097730888589041,,1,0
weekly_state_ungated,2588,2021-09-17,2021-09-28,0.0209863060789441,2021,2020-12-31,native_mse,20260912,0.0010514539644274003,,1,1
weekly_state_ungated,2591,2021-09-24,2021-10-11,0.0144615416200457,2021,2020-12-31,native_mse,20260912,0.0009736007301348337,,1,1
weekly_state_ungated,2596,2021-10-08,2021-10-18,-0.0038006269617851,2021,2020-12-31,native_mse,20260912,0.0017059097904301645,,1,0
weekly_state_ungated,2601,2021-10-15,2021-10-25,0.0037358989621147,2021,2020-12-31,native_mse,20260912,0.0013112113818953192,,1,1
weekly_state_ungated,2606,2021-10-22,2021-11-01,-0.0127041632091318,2021,2020-12-31,native_mse,20260912,0.001166627382206441,,1,0
weekly_state_ungated,2611,2021-10-29,2021-11-08,-0.0075807737801166,2021,2020-12-31,native_mse,20260912,0.0010497018546840582,,1,0
weekly_state_ungated,2616,2021-11-05,2021-11-15,0.0110015182343039,2021,2020-12-31,native_mse,20260912,0.0009666279543883876,,1,1
weekly_state_ungated,2621,2021-11-12,2021-11-22,0.0002002284238551,2021,2020-12-31,native_mse,20260912,0.00100753152357648,,1,1
weekly_state_ungated,2626,2021-11-19,2021-11-29,-0.0153981603100059,2021,2020-12-31,native_mse,20260912,0.0011440904261233744,,1,0
weekly_state_ungated,2631,2021-11-26,2021-12-06,0.0185518287306458,2021,2020-12-31,native_mse,20260912,0.0008222023383696463,,1,1
weekly_state_ungated,2636,2021-12-03,2021-12-13,0.0367843110096284,2021,2020-12-31,native_mse,20260912,0.000663622110562264,,1,1
weekly_state_ungated,2641,2021-12-10,2021-12-20,-0.0304615698955996,2021,2020-12-31,native_mse,20260912,0.0012207854253852776,,1,0
weekly_state_ungated,2646,2021-12-17,2021-12-27,-0.0034083287233763,2021,2020-12-31,native_mse,20260912,0.0012339786672550855,,1,0
weekly_state_ungated,2651,2021-12-24,2022-01-04,0.0080985736506613,2021,2020-12-31,native_mse,20260912,0.0010451229218044734,,1,1
weekly_state_ungated,2656,2021-12-31,2022-01-10,-0.0293970528320001,2021,2020-12-31,native_mse,20260912,0.001214204791414166,,1,0
weekly_state_ungated,2660,2022-01-07,2022-01-17,-0.0173453887283024,2022,2021-12-31,native_mse,20260910,-0.0034182510339292468,,0,0
weekly_state_ungated,2665,2022-01-14,2022-01-24,0.0053248631776616,2022,2021-12-31,native_mse,20260910,0.004761167720503064,,1,1
weekly_state_ungated,2670,2022-01-21,2022-02-07,-0.0242661876254222,2022,2021-12-31,native_mse,20260910,0.013137367547165641,,1,0
weekly_state_ungated,2675,2022-01-28,2022-02-14,-0.0127539031341488,2022,2021-12-31,native_mse,20260910,0.010886081661597602,,1,0
weekly_state_ungated,2680,2022-02-11,2022-02-21,0.0145498774954033,2022,2021-12-31,native_mse,20260910,0.008879219089809445,,1,1
weekly_state_ungated,2685,2022-02-18,2022-02-28,-0.0177161244498015,2022,2021-12-31,native_mse,20260910,0.009476567447344621,,1,0
weekly_state_ungated,2690,2022-02-25,2022-03-07,-0.0221791776043331,2022,2021-12-31,native_mse,20260910,0.01051598647298397,,1,0
weekly_state_ungated,2695,2022-03-04,2022-03-14,-0.0480378799422749,2022,2021-12-31,native_mse,20260910,0.007053677912636015,,1,0
weekly_state_ungated,2700,2022-03-11,2022-03-21,0.007530336734814,2022,2021-12-31,native_mse,20260910,0.010804442451387935,,1,1
weekly_state_ungated,2705,2022-03-18,2022-03-28,-0.0353493110038457,2022,2021-12-31,native_mse,20260910,0.0072982657258971444,,1,0
weekly_state_ungated,2710,2022-03-25,2022-04-06,0.0314834190717003,2022,2021-12-31,native_mse,20260910,0.007546796616275884,,1,1
weekly_state_ungated,2715,2022-04-01,2022-04-12,-0.0129237372705649,2022,2021-12-31,native_mse,20260910,0.006781430452769677,,1,0
weekly_state_ungated,2718,2022-04-08,2022-04-18,-0.0120986062576864,2022,2021-12-31,native_mse,20260910,0.00652895075643567,,1,0
weekly_state_ungated,2723,2022-04-15,2022-04-25,-0.0528494340140576,2022,2021-12-31,native_mse,20260910,0.006385447465197085,,1,0
weekly_state_ungated,2728,2022-04-22,2022-05-05,0.015736821365468,2022,2021-12-31,native_mse,20260910,0.005099274511858865,,1,1
weekly_state_ungated,2733,2022-04-29,2022-05-11,-0.0278824133054675,2022,2021-12-31,native_mse,20260910,0.004344044298975658,,1,0
weekly_state_ungated,2735,2022-05-06,2022-05-16,0.033741423035827,2022,2021-12-31,native_mse,20260910,0.0035518248227642247,,1,1
weekly_state_ungated,2740,2022-05-13,2022-05-23,0.0164308841843088,2022,2021-12-31,native_mse,20260910,0.002890441768532801,,1,1
weekly_state_ungated,2745,2022-05-20,2022-05-30,-0.0147293413085614,2022,2021-12-31,native_mse,20260910,0.002556802191789734,,1,0
weekly_state_ungated,2750,2022-05-27,2022-06-13,0.0431748431927498,2022,2021-12-31,native_mse,20260910,-0.006714076298392413,,0,1
weekly_state_ungated,2759,2022-06-10,2022-06-20,0.0306046547112142,2022,2021-12-31,native_mse,20260910,-0.0017160693271902699,,0,1
weekly_state_ungated,2764,2022-06-17,2022-06-27,0.0211666894141107,2022,2021-12-31,native_mse,20260910,-0.005554400786314341,,0,1
weekly_state_ungated,2769,2022-06-24,2022-07-04,0.0074507343130214,2022,2021-12-31,native_mse,20260910,-0.006611900023593844,,0,1
weekly_state_ungated,2774,2022-07-01,2022-07-11,-0.0092349827532707,2022,2021-12-31,native_mse,20260910,-0.001849659274069034,,0,0
weekly_state_ungated,2779,2022-07-08,2022-07-18,-0.0326815927737367,2022,2021-12-31,native_mse,20260910,-0.0036295526636022737,,0,0
weekly_state_ungated,2784,2022-07-15,2022-07-25,-0.0066210715249344,2022,2021-12-31,native_mse,20260910,-0.00726704662423343,,0,0
weekly_state_ungated,2789,2022-07-22,2022-08-01,-0.0173077967751003,2022,2021-12-31,native_mse,20260910,-0.005304375487712945,,0,0
weekly_state_ungated,2794,2022-07-29,2022-08-08,-0.004456034513838,2022,2021-12-31,native_mse,20260910,0.012166125781651363,,1,0
weekly_state_ungated,2799,2022-08-05,2022-08-15,0.0091475117753996,2022,2021-12-31,native_mse,20260910,0.004077391662883762,,1,1
weekly_state_ungated,2804,2022-08-12,2022-08-22,-0.0107272727272728,2022,2021-12-31,native_mse,20260910,0.0035826870942200968,,1,0
weekly_state_ungated,2809,2022-08-19,2022-08-29,-0.0172375434082356,2022,2021-12-31,native_mse,20260910,0.012796192349441387,,1,0
weekly_state_ungated,2814,2022-08-26,2022-09-05,-0.0131573766941938,2022,2021-12-31,native_mse,20260910,0.0045980644388349074,,1,0
weekly_state_ungated,2819,2022-09-02,2022-09-13,0.0253340680878015,2022,2021-12-31,native_mse,20260910,0.0016393163861851791,,1,1
weekly_state_ungated,2824,2022-09-09,2022-09-19,-0.044647264962877,2022,2021-12-31,native_mse,20260910,0.011024491197755238,,1,0
weekly_state_ungated,2828,2022-09-16,2022-09-26,-0.025155151434928,2022,2021-12-31,native_mse,20260910,0.0006249539921165778,,1,0
weekly_state_ungated,2833,2022-09-23,2022-10-10,-0.0060162941299352,2022,2021-12-31,native_mse,20260910,0.00941379002591237,,1,0
weekly_state_ungated,2838,2022-09-30,2022-10-17,0.0041192047412885,2022,2021-12-31,native_mse,20260910,-0.003455449604433236,,0,1
weekly_state_ungated,2843,2022-10-14,2022-10-24,-0.0246766294110258,2022,2021-12-31,native_mse,20260910,0.004982119577206458,,1,0
weekly_state_ungated,2848,2022-10-21,2022-10-31,-0.059928861134359,2022,2021-12-31,native_mse,20260910,0.004400428951388619,,1,0
weekly_state_ungated,2853,2022-10-28,2022-11-07,0.071339502526744,2022,2021-12-31,native_mse,20260910,-0.004533662272660886,,0,1
weekly_state_ungated,2858,2022-11-04,2022-11-14,0.0169449090696014,2022,2021-12-31,native_mse,20260910,0.009145763900992613,,1,1
weekly_state_ungated,2863,2022-11-11,2022-11-21,-0.0127051391515239,2022,2021-12-31,native_mse,20260910,0.005105981957746508,,1,0
weekly_state_ungated,2868,2022-11-18,2022-11-28,-0.0179672806084416,2022,2021-12-31,native_mse,20260910,0.004390010241707061,,1,0
weekly_state_ungated,2873,2022-11-25,2022-12-05,0.0555768659337096,2022,2021-12-31,native_mse,20260910,-0.0021694749097981593,,0,1
weekly_state_ungated,2878,2022-12-02,2022-12-12,0.0175374394775362,2022,2021-12-31,native_mse,20260910,-0.008963509314181651,,0,1
weekly_state_ungated,2883,2022-12-09,2022-12-19,-0.0058850602464181,2022,2021-12-31,native_mse,20260910,-0.008742160121666592,,0,0
weekly_state_ungated,2888,2022-12-16,2022-12-26,-0.0309150292073658,2022,2021-12-31,native_mse,20260910,0.00021070675399415396,,1,0
weekly_state_ungated,2893,2022-12-23,2023-01-03,0.0089464492229616,2022,2021-12-31,native_mse,20260910,-0.006931659189351796,,0,1
weekly_state_ungated,2898,2022-12-30,2023-01-09,0.0345913414268119,2022,2021-12-31,native_mse,20260910,-0.004005139352311209,,0,1
weekly_state_ungated,2660,2022-01-07,2022-01-17,-0.0173453887283024,2022,2021-12-31,training_frequency,-1,0.5458298926507019,0.5458298926507019,1,0
weekly_state_ungated,2665,2022-01-14,2022-01-24,0.0053248631776616,2022,2021-12-31,training_frequency,-1,0.5458298926507019,0.5458298926507019,1,1
weekly_state_ungated,2670,2022-01-21,2022-02-07,-0.0242661876254222,2022,2021-12-31,training_frequency,-1,0.5458298926507019,0.5458298926507019,1,0
weekly_state_ungated,2675,2022-01-28,2022-02-14,-0.0127539031341488,2022,2021-12-31,training_frequency,-1,0.5458298926507019,0.5458298926507019,1,0
weekly_state_ungated,2680,2022-02-11,2022-02-21,0.0145498774954033,2022,2021-12-31,training_frequency,-1,0.5458298926507019,0.5458298926507019,1,1
weekly_state_ungated,2685,2022-02-18,2022-02-28,-0.0177161244498015,2022,2021-12-31,training_frequency,-1,0.5458298926507019,0.5458298926507019,1,0
weekly_state_ungated,2690,2022-02-25,2022-03-07,-0.0221791776043331,2022,2021-12-31,training_frequency,-1,0.5458298926507019,0.5458298926507019,1,0
weekly_state_ungated,2695,2022-03-04,2022-03-14,-0.0480378799422749,2022,2021-12-31,training_frequency,-1,0.5458298926507019,0.5458298926507019,1,0
weekly_state_ungated,2700,2022-03-11,2022-03-21,0.007530336734814,2022,2021-12-31,training_frequency,-1,0.5458298926507019,0.5458298926507019,1,1
weekly_state_ungated,2705,2022-03-18,2022-03-28,-0.0353493110038457,2022,2021-12-31,training_frequency,-1,0.5458298926507019,0.5458298926507019,1,0
weekly_state_ungated,2710,2022-03-25,2022-04-06,0.0314834190717003,2022,2021-12-31,training_frequency,-1,0.5458298926507019,0.5458298926507019,1,1
weekly_state_ungated,2715,2022-04-01,2022-04-12,-0.0129237372705649,2022,2021-12-31,training_frequency,-1,0.5458298926507019,0.5458298926507019,1,0
weekly_state_ungated,2718,2022-04-08,2022-04-18,-0.0120986062576864,2022,2021-12-31,training_frequency,-1,0.5458298926507019,0.5458298926507019,1,0
weekly_state_ungated,2723,2022-04-15,2022-04-25,-0.0528494340140576,2022,2021-12-31,training_frequency,-1,0.5458298926507019,0.5458298926507019,1,0
weekly_state_ungated,2728,2022-04-22,2022-05-05,0.015736821365468,2022,2021-12-31,training_frequency,-1,0.5458298926507019,0.5458298926507019,1,1
weekly_state_ungated,2733,2022-04-29,2022-05-11,-0.0278824133054675,2022,2021-12-31,training_frequency,-1,0.5458298926507019,0.5458298926507019,1,0
weekly_state_ungated,2735,2022-05-06,2022-05-16,0.033741423035827,2022,2021-12-31,training_frequency,-1,0.5458298926507019,0.5458298926507019,1,1
weekly_state_ungated,2740,2022-05-13,2022-05-23,0.0164308841843088,2022,2021-12-31,training_frequency,-1,0.5458298926507019,0.5458298926507019,1,1
weekly_state_ungated,2745,2022-05-20,2022-05-30,-0.0147293413085614,2022,2021-12-31,training_frequency,-1,0.5458298926507019,0.5458298926507019,1,0
weekly_state_ungated,2750,2022-05-27,2022-06-13,0.0431748431927498,2022,2021-12-31,training_frequency,-1,0.5458298926507019,0.5458298926507019,1,1
weekly_state_ungated,2759,2022-06-10,2022-06-20,0.0306046547112142,2022,2021-12-31,training_frequency,-1,0.5458298926507019,0.5458298926507019,1,1
weekly_state_ungated,2764,2022-06-17,2022-06-27,0.0211666894141107,2022,2021-12-31,training_frequency,-1,0.5458298926507019,0.5458298926507019,1,1
weekly_state_ungated,2769,2022-06-24,2022-07-04,0.0074507343130214,2022,2021-12-31,training_frequency,-1,0.5458298926507019,0.5458298926507019,1,1
weekly_state_ungated,2774,2022-07-01,2022-07-11,-0.0092349827532707,2022,2021-12-31,training_frequency,-1,0.5458298926507019,0.5458298926507019,1,0
weekly_state_ungated,2779,2022-07-08,2022-07-18,-0.0326815927737367,2022,2021-12-31,training_frequency,-1,0.5458298926507019,0.5458298926507019,1,0
weekly_state_ungated,2784,2022-07-15,2022-07-25,-0.0066210715249344,2022,2021-12-31,training_frequency,-1,0.5458298926507019,0.5458298926507019,1,0
weekly_state_ungated,2789,2022-07-22,2022-08-01,-0.0173077967751003,2022,2021-12-31,training_frequency,-1,0.5458298926507019,0.5458298926507019,1,0
weekly_state_ungated,2794,2022-07-29,2022-08-08,-0.004456034513838,2022,2021-12-31,training_frequency,-1,0.5458298926507019,0.5458298926507019,1,0
weekly_state_ungated,2799,2022-08-05,2022-08-15,0.0091475117753996,2022,2021-12-31,training_frequency,-1,0.5458298926507019,0.5458298926507019,1,1
weekly_state_ungated,2804,2022-08-12,2022-08-22,-0.0107272727272728,2022,2021-12-31,training_frequency,-1,0.5458298926507019,0.5458298926507019,1,0
weekly_state_ungated,2809,2022-08-19,2022-08-29,-0.0172375434082356,2022,2021-12-31,training_frequency,-1,0.5458298926507019,0.5458298926507019,1,0
weekly_state_ungated,2814,2022-08-26,2022-09-05,-0.0131573766941938,2022,2021-12-31,training_frequency,-1,0.5458298926507019,0.5458298926507019,1,0
weekly_state_ungated,2819,2022-09-02,2022-09-13,0.0253340680878015,2022,2021-12-31,training_frequency,-1,0.5458298926507019,0.5458298926507019,1,1
weekly_state_ungated,2824,2022-09-09,2022-09-19,-0.044647264962877,2022,2021-12-31,training_frequency,-1,0.5458298926507019,0.5458298926507019,1,0
weekly_state_ungated,2828,2022-09-16,2022-09-26,-0.025155151434928,2022,2021-12-31,training_frequency,-1,0.5458298926507019,0.5458298926507019,1,0
weekly_state_ungated,2833,2022-09-23,2022-10-10,-0.0060162941299352,2022,2021-12-31,training_frequency,-1,0.5458298926507019,0.5458298926507019,1,0
weekly_state_ungated,2838,2022-09-30,2022-10-17,0.0041192047412885,2022,2021-12-31,training_frequency,-1,0.5458298926507019,0.5458298926507019,1,1
weekly_state_ungated,2843,2022-10-14,2022-10-24,-0.0246766294110258,2022,2021-12-31,training_frequency,-1,0.5458298926507019,0.5458298926507019,1,0
weekly_state_ungated,2848,2022-10-21,2022-10-31,-0.059928861134359,2022,2021-12-31,training_frequency,-1,0.5458298926507019,0.5458298926507019,1,0
weekly_state_ungated,2853,2022-10-28,2022-11-07,0.071339502526744,2022,2021-12-31,training_frequency,-1,0.5458298926507019,0.5458298926507019,1,1
weekly_state_ungated,2858,2022-11-04,2022-11-14,0.0169449090696014,2022,2021-12-31,training_frequency,-1,0.5458298926507019,0.5458298926507019,1,1
weekly_state_ungated,2863,2022-11-11,2022-11-21,-0.0127051391515239,2022,2021-12-31,training_frequency,-1,0.5458298926507019,0.5458298926507019,1,0
weekly_state_ungated,2868,2022-11-18,2022-11-28,-0.0179672806084416,2022,2021-12-31,training_frequency,-1,0.5458298926507019,0.5458298926507019,1,0
weekly_state_ungated,2873,2022-11-25,2022-12-05,0.0555768659337096,2022,2021-12-31,training_frequency,-1,0.5458298926507019,0.5458298926507019,1,1
weekly_state_ungated,2878,2022-12-02,2022-12-12,0.0175374394775362,2022,2021-12-31,training_frequency,-1,0.5458298926507019,0.5458298926507019,1,1
weekly_state_ungated,2883,2022-12-09,2022-12-19,-0.0058850602464181,2022,2021-12-31,training_frequency,-1,0.5458298926507019,0.5458298926507019,1,0
weekly_state_ungated,2888,2022-12-16,2022-12-26,-0.0309150292073658,2022,2021-12-31,training_frequency,-1,0.5458298926507019,0.5458298926507019,1,0
weekly_state_ungated,2893,2022-12-23,2023-01-03,0.0089464492229616,2022,2021-12-31,training_frequency,-1,0.5458298926507019,0.5458298926507019,1,1
weekly_state_ungated,2898,2022-12-30,2023-01-09,0.0345913414268119,2022,2021-12-31,training_frequency,-1,0.5458298926507019,0.5458298926507019,1,1
weekly_state_ungated,2660,2022-01-07,2022-01-17,-0.0173453887283024,2022,2021-12-31,native_mse,20260911,0.007330315708159769,,1,0
weekly_state_ungated,2665,2022-01-14,2022-01-24,0.0053248631776616,2022,2021-12-31,native_mse,20260911,0.015471274729398543,,1,1
weekly_state_ungated,2670,2022-01-21,2022-02-07,-0.0242661876254222,2022,2021-12-31,native_mse,20260911,0.009873111042602054,,1,0
weekly_state_ungated,2675,2022-01-28,2022-02-14,-0.0127539031341488,2022,2021-12-31,native_mse,20260911,0.0025503118790792955,,1,0
weekly_state_ungated,2680,2022-02-11,2022-02-21,0.0145498774954033,2022,2021-12-31,native_mse,20260911,0.0063949393307865515,,1,1
weekly_state_ungated,2685,2022-02-18,2022-02-28,-0.0177161244498015,2022,2021-12-31,native_mse,20260911,0.004306186298337274,,1,0
weekly_state_ungated,2690,2022-02-25,2022-03-07,-0.0221791776043331,2022,2021-12-31,native_mse,20260911,0.00884306439536679,,1,0
weekly_state_ungated,2695,2022-03-04,2022-03-14,-0.0480378799422749,2022,2021-12-31,native_mse,20260911,0.008878575004775912,,1,0
weekly_state_ungated,2700,2022-03-11,2022-03-21,0.007530336734814,2022,2021-12-31,native_mse,20260911,0.008804997087552644,,1,1
weekly_state_ungated,2705,2022-03-18,2022-03-28,-0.0353493110038457,2022,2021-12-31,native_mse,20260911,0.0029149751065889705,,1,0
weekly_state_ungated,2710,2022-03-25,2022-04-06,0.0314834190717003,2022,2021-12-31,native_mse,20260911,0.009608904415587632,,1,1
weekly_state_ungated,2715,2022-04-01,2022-04-12,-0.0129237372705649,2022,2021-12-31,native_mse,20260911,0.013290024702572031,,1,0
weekly_state_ungated,2718,2022-04-08,2022-04-18,-0.0120986062576864,2022,2021-12-31,native_mse,20260911,0.0032429576095984285,,1,0
weekly_state_ungated,2723,2022-04-15,2022-04-25,-0.0528494340140576,2022,2021-12-31,native_mse,20260911,0.016983479995433693,,1,0
weekly_state_ungated,2728,2022-04-22,2022-05-05,0.015736821365468,2022,2021-12-31,native_mse,20260911,0.011987542362233185,,1,1
weekly_state_ungated,2733,2022-04-29,2022-05-11,-0.0278824133054675,2022,2021-12-31,native_mse,20260911,0.0046606294840712235,,1,0
weekly_state_ungated,2735,2022-05-06,2022-05-16,0.033741423035827,2022,2021-12-31,native_mse,20260911,-0.002196005566182584,,0,1
weekly_state_ungated,2740,2022-05-13,2022-05-23,0.0164308841843088,2022,2021-12-31,native_mse,20260911,0.0038854901281264037,,1,1
weekly_state_ungated,2745,2022-05-20,2022-05-30,-0.0147293413085614,2022,2021-12-31,native_mse,20260911,0.005767086549547615,,1,0
weekly_state_ungated,2750,2022-05-27,2022-06-13,0.0431748431927498,2022,2021-12-31,native_mse,20260911,0.001263767062796844,,1,1
weekly_state_ungated,2759,2022-06-10,2022-06-20,0.0306046547112142,2022,2021-12-31,native_mse,20260911,-0.0024637080117748144,,0,1
weekly_state_ungated,2764,2022-06-17,2022-06-27,0.0211666894141107,2022,2021-12-31,native_mse,20260911,-0.0034192691302211337,,0,1
weekly_state_ungated,2769,2022-06-24,2022-07-04,0.0074507343130214,2022,2021-12-31,native_mse,20260911,0.0007173637240202417,,1,1
weekly_state_ungated,2774,2022-07-01,2022-07-11,-0.0092349827532707,2022,2021-12-31,native_mse,20260911,0.00019356382111467723,,1,0
weekly_state_ungated,2779,2022-07-08,2022-07-18,-0.0326815927737367,2022,2021-12-31,native_mse,20260911,-0.002705313965036355,,0,0
weekly_state_ungated,2784,2022-07-15,2022-07-25,-0.0066210715249344,2022,2021-12-31,native_mse,20260911,-0.01432584048846508,,0,0
weekly_state_ungated,2789,2022-07-22,2022-08-01,-0.0173077967751003,2022,2021-12-31,native_mse,20260911,-0.01380965748442494,,0,0
weekly_state_ungated,2794,2022-07-29,2022-08-08,-0.004456034513838,2022,2021-12-31,native_mse,20260911,-0.0005052222003642227,,0,0
weekly_state_ungated,2799,2022-08-05,2022-08-15,0.0091475117753996,2022,2021-12-31,native_mse,20260911,0.011525493600414192,,1,1
weekly_state_ungated,2804,2022-08-12,2022-08-22,-0.0107272727272728,2022,2021-12-31,native_mse,20260911,0.011216024245490553,,1,0
weekly_state_ungated,2809,2022-08-19,2022-08-29,-0.0172375434082356,2022,2021-12-31,native_mse,20260911,0.011754323018096325,,1,0
weekly_state_ungated,2814,2022-08-26,2022-09-05,-0.0131573766941938,2022,2021-12-31,native_mse,20260911,0.015594603509631271,,1,0
weekly_state_ungated,2819,2022-09-02,2022-09-13,0.0253340680878015,2022,2021-12-31,native_mse,20260911,0.010900596081000016,,1,1
weekly_state_ungated,2824,2022-09-09,2022-09-19,-0.044647264962877,2022,2021-12-31,native_mse,20260911,0.009845699372826781,,1,0
weekly_state_ungated,2828,2022-09-16,2022-09-26,-0.025155151434928,2022,2021-12-31,native_mse,20260911,0.008491582609497948,,1,0
weekly_state_ungated,2833,2022-09-23,2022-10-10,-0.0060162941299352,2022,2021-12-31,native_mse,20260911,0.016496050845990925,,1,0
weekly_state_ungated,2838,2022-09-30,2022-10-17,0.0041192047412885,2022,2021-12-31,native_mse,20260911,0.0066528810646222045,,1,1
weekly_state_ungated,2843,2022-10-14,2022-10-24,-0.0246766294110258,2022,2021-12-31,native_mse,20260911,0.007009044538463505,,1,0
weekly_state_ungated,2848,2022-10-21,2022-10-31,-0.059928861134359,2022,2021-12-31,native_mse,20260911,0.010852556503638734,,1,0
weekly_state_ungated,2853,2022-10-28,2022-11-07,0.071339502526744,2022,2021-12-31,native_mse,20260911,0.006842543646863063,,1,1
weekly_state_ungated,2858,2022-11-04,2022-11-14,0.0169449090696014,2022,2021-12-31,native_mse,20260911,-0.008549410923537592,,0,1
weekly_state_ungated,2863,2022-11-11,2022-11-21,-0.0127051391515239,2022,2021-12-31,native_mse,20260911,-0.005215109557773304,,0,0
weekly_state_ungated,2868,2022-11-18,2022-11-28,-0.0179672806084416,2022,2021-12-31,native_mse,20260911,-0.010307087880643545,,0,0
weekly_state_ungated,2873,2022-11-25,2022-12-05,0.0555768659337096,2022,2021-12-31,native_mse,20260911,0.0013951717650121252,,1,1
weekly_state_ungated,2878,2022-12-02,2022-12-12,0.0175374394775362,2022,2021-12-31,native_mse,20260911,0.009832549235191711,,1,1
weekly_state_ungated,2883,2022-12-09,2022-12-19,-0.0058850602464181,2022,2021-12-31,native_mse,20260911,0.003809464155812216,,1,0
weekly_state_ungated,2888,2022-12-16,2022-12-26,-0.0309150292073658,2022,2021-12-31,native_mse,20260911,-0.00026475301217457076,,0,0
weekly_state_ungated,2893,2022-12-23,2023-01-03,0.0089464492229616,2022,2021-12-31,native_mse,20260911,0.0011212783896272817,,1,1
weekly_state_ungated,2898,2022-12-30,2023-01-09,0.0345913414268119,2022,2021-12-31,native_mse,20260911,-0.013209134532423342,,0,1
weekly_state_ungated,2660,2022-01-07,2022-01-17,-0.0173453887283024,2022,2021-12-31,native_mse,20260912,0.001814179283598589,,1,0
weekly_state_ungated,2665,2022-01-14,2022-01-24,0.0053248631776616,2022,2021-12-31,native_mse,20260912,0.0008133505012356114,,1,1
weekly_state_ungated,2670,2022-01-21,2022-02-07,-0.0242661876254222,2022,2021-12-31,native_mse,20260912,0.003394922189452561,,1,0
weekly_state_ungated,2675,2022-01-28,2022-02-14,-0.0127539031341488,2022,2021-12-31,native_mse,20260912,0.001858669558311765,,1,0
weekly_state_ungated,2680,2022-02-11,2022-02-21,0.0145498774954033,2022,2021-12-31,native_mse,20260912,0.003479305001395758,,1,1
weekly_state_ungated,2685,2022-02-18,2022-02-28,-0.0177161244498015,2022,2021-12-31,native_mse,20260912,0.00484344917433416,,1,0
weekly_state_ungated,2690,2022-02-25,2022-03-07,-0.0221791776043331,2022,2021-12-31,native_mse,20260912,0.004930593592929232,,1,0
weekly_state_ungated,2695,2022-03-04,2022-03-14,-0.0480378799422749,2022,2021-12-31,native_mse,20260912,0.004780982951547397,,1,0
weekly_state_ungated,2700,2022-03-11,2022-03-21,0.007530336734814,2022,2021-12-31,native_mse,20260912,0.004193854635787947,,1,1
weekly_state_ungated,2705,2022-03-18,2022-03-28,-0.0353493110038457,2022,2021-12-31,native_mse,20260912,0.004396502651581285,,1,0
weekly_state_ungated,2710,2022-03-25,2022-04-06,0.0314834190717003,2022,2021-12-31,native_mse,20260912,0.0036897334948297125,,1,1
weekly_state_ungated,2715,2022-04-01,2022-04-12,-0.0129237372705649,2022,2021-12-31,native_mse,20260912,0.003704448832752752,,1,0
weekly_state_ungated,2718,2022-04-08,2022-04-18,-0.0120986062576864,2022,2021-12-31,native_mse,20260912,0.0033120503584409514,,1,0
weekly_state_ungated,2723,2022-04-15,2022-04-25,-0.0528494340140576,2022,2021-12-31,native_mse,20260912,0.0030085181253416615,,1,0
weekly_state_ungated,2728,2022-04-22,2022-05-05,0.015736821365468,2022,2021-12-31,native_mse,20260912,0.0026567146550084044,,1,1
weekly_state_ungated,2733,2022-04-29,2022-05-11,-0.0278824133054675,2022,2021-12-31,native_mse,20260912,0.0018367479372410052,,1,0
weekly_state_ungated,2735,2022-05-06,2022-05-16,0.033741423035827,2022,2021-12-31,native_mse,20260912,0.0020912186604119124,,1,1
weekly_state_ungated,2740,2022-05-13,2022-05-23,0.0164308841843088,2022,2021-12-31,native_mse,20260912,0.0018493178254621319,,1,1
weekly_state_ungated,2745,2022-05-20,2022-05-30,-0.0147293413085614,2022,2021-12-31,native_mse,20260912,0.0016372108848958446,,1,0
weekly_state_ungated,2750,2022-05-27,2022-06-13,0.0431748431927498,2022,2021-12-31,native_mse,20260912,0.0012702553294938346,,1,1
weekly_state_ungated,2759,2022-06-10,2022-06-20,0.0306046547112142,2022,2021-12-31,native_mse,20260912,-0.00018870985334741705,,0,1
weekly_state_ungated,2764,2022-06-17,2022-06-27,0.0211666894141107,2022,2021-12-31,native_mse,20260912,-0.0009698518035469311,,0,1
weekly_state_ungated,2769,2022-06-24,2022-07-04,0.0074507343130214,2022,2021-12-31,native_mse,20260912,-0.00016157705520515077,,0,1
weekly_state_ungated,2774,2022-07-01,2022-07-11,-0.0092349827532707,2022,2021-12-31,native_mse,20260912,0.00012114906253678204,,1,0
weekly_state_ungated,2779,2022-07-08,2022-07-18,-0.0326815927737367,2022,2021-12-31,native_mse,20260912,0.0009385572149118832,,1,0
weekly_state_ungated,2784,2022-07-15,2022-07-25,-0.0066210715249344,2022,2021-12-31,native_mse,20260912,0.0008465033870475552,,1,0
weekly_state_ungated,2789,2022-07-22,2022-08-01,-0.0173077967751003,2022,2021-12-31,native_mse,20260912,0.001749105544547778,,1,0
weekly_state_ungated,2794,2022-07-29,2022-08-08,-0.004456034513838,2022,2021-12-31,native_mse,20260912,0.0022855909610094674,,1,0
weekly_state_ungated,2799,2022-08-05,2022-08-15,0.0091475117753996,2022,2021-12-31,native_mse,20260912,0.0023275813973101045,,1,1
weekly_state_ungated,2804,2022-08-12,2022-08-22,-0.0107272727272728,2022,2021-12-31,native_mse,20260912,0.00116828161002665,,1,0
weekly_state_ungated,2809,2022-08-19,2022-08-29,-0.0172375434082356,2022,2021-12-31,native_mse,20260912,0.002641518401624336,,1,0
weekly_state_ungated,2814,2022-08-26,2022-09-05,-0.0131573766941938,2022,2021-12-31,native_mse,20260912,0.00258122146459616,,1,0
weekly_state_ungated,2819,2022-09-02,2022-09-13,0.0253340680878015,2022,2021-12-31,native_mse,20260912,0.003426320209529877,,1,1
weekly_state_ungated,2824,2022-09-09,2022-09-19,-0.044647264962877,2022,2021-12-31,native_mse,20260912,0.004071954177543495,,1,0
weekly_state_ungated,2828,2022-09-16,2022-09-26,-0.025155151434928,2022,2021-12-31,native_mse,20260912,0.004321372628556118,,1,0
weekly_state_ungated,2833,2022-09-23,2022-10-10,-0.0060162941299352,2022,2021-12-31,native_mse,20260912,0.0034216908995016978,,1,0
weekly_state_ungated,2838,2022-09-30,2022-10-17,0.0041192047412885,2022,2021-12-31,native_mse,20260912,0.003515450079575204,,1,1
weekly_state_ungated,2843,2022-10-14,2022-10-24,-0.0246766294110258,2022,2021-12-31,native_mse,20260912,0.002607809358206801,,1,0
weekly_state_ungated,2848,2022-10-21,2022-10-31,-0.059928861134359,2022,2021-12-31,native_mse,20260912,0.003699251753992663,,1,0
weekly_state_ungated,2853,2022-10-28,2022-11-07,0.071339502526744,2022,2021-12-31,native_mse,20260912,0.0018115173178016464,,1,1
weekly_state_ungated,2858,2022-11-04,2022-11-14,0.0169449090696014,2022,2021-12-31,native_mse,20260912,0.0023418219066621243,,1,1
weekly_state_ungated,2863,2022-11-11,2022-11-21,-0.0127051391515239,2022,2021-12-31,native_mse,20260912,0.0018573604038192703,,1,0
weekly_state_ungated,2868,2022-11-18,2022-11-28,-0.0179672806084416,2022,2021-12-31,native_mse,20260912,0.0016249204309614228,,1,0
weekly_state_ungated,2873,2022-11-25,2022-12-05,0.0555768659337096,2022,2021-12-31,native_mse,20260912,0.0016075771422150188,,1,1
weekly_state_ungated,2878,2022-12-02,2022-12-12,0.0175374394775362,2022,2021-12-31,native_mse,20260912,0.0015010231403169106,,1,1
weekly_state_ungated,2883,2022-12-09,2022-12-19,-0.0058850602464181,2022,2021-12-31,native_mse,20260912,0.001187317105345827,,1,0
weekly_state_ungated,2888,2022-12-16,2022-12-26,-0.0309150292073658,2022,2021-12-31,native_mse,20260912,0.0019485697779955545,,1,0
weekly_state_ungated,2893,2022-12-23,2023-01-03,0.0089464492229616,2022,2021-12-31,native_mse,20260912,0.0001928217320369698,,1,1
weekly_state_ungated,2898,2022-12-30,2023-01-09,0.0345913414268119,2022,2021-12-31,native_mse,20260912,0.00047968928790032895,,1,1
weekly_state_ungated,2902,2023-01-06,2023-01-16,0.0198447929614133,2023,2022-12-31,native_mse,20260910,-0.0025267983391307767,,0,1
weekly_state_ungated,2907,2023-01-13,2023-01-30,0.0465290788350809,2023,2022-12-31,native_mse,20260910,-0.0004635399148201708,,0,1
weekly_state_ungated,2912,2023-01-20,2023-02-06,-0.0383797057844887,2023,2022-12-31,native_mse,20260910,7.519190422555292e-05,,1,0
weekly_state_ungated,2917,2023-02-03,2023-02-13,-0.0012061903149008,2023,2022-12-31,native_mse,20260910,0.0016271329266920357,,1,0
weekly_state_ungated,2922,2023-02-10,2023-02-20,-0.0143746584432821,2023,2022-12-31,native_mse,20260910,-0.0011564163814400644,,0,0
weekly_state_ungated,2927,2023-02-17,2023-02-27,0.0001237636016198,2023,2022-12-31,native_mse,20260910,-0.0016426518503498255,,0,1
weekly_state_ungated,2932,2023-02-24,2023-03-06,0.0224454641303217,2023,2022-12-31,native_mse,20260910,0.0015810555880606469,,1,1
weekly_state_ungated,2937,2023-03-03,2023-03-13,-0.0407900947678007,2023,2022-12-31,native_mse,20260910,0.0007073892257839969,,1,0
weekly_state_ungated,2942,2023-03-10,2023-03-20,5.0471402903706775e-06,2023,2022-12-31,native_mse,20260910,-0.0001794060398361263,,0,1
weekly_state_ungated,2947,2023-03-17,2023-03-27,0.015302852124583,2023,2022-12-31,native_mse,20260910,-0.0018976163672993884,,0,1
weekly_state_ungated,2952,2023-03-24,2023-04-03,0.0090274153058433,2023,2022-12-31,native_mse,20260910,-0.001832954139676603,,0,1
weekly_state_ungated,2957,2023-03-31,2023-04-10,0.0178317182396383,2023,2022-12-31,native_mse,20260910,-0.00172129069982479,,0,1
weekly_state_ungated,2961,2023-04-07,2023-04-17,-0.0101500238382772,2023,2022-12-31,native_mse,20260910,-0.00033641886926452733,,0,0
weekly_state_ungated,2966,2023-04-14,2023-04-24,-0.014368947230732,2023,2022-12-31,native_mse,20260910,-0.0013230092163269815,,0,0
weekly_state_ungated,2971,2023-04-21,2023-05-04,-0.0044228908788729,2023,2022-12-31,native_mse,20260910,-0.0007286066396655064,,0,0
weekly_state_ungated,2976,2023-04-28,2023-05-10,0.0036477163153083,2023,2022-12-31,native_mse,20260910,-0.00030575704561793394,,0,1
weekly_state_ungated,2978,2023-05-05,2023-05-15,-0.0221642407977935,2023,2022-12-31,native_mse,20260910,-0.00011486613921578474,,0,0
weekly_state_ungated,2983,2023-05-12,2023-05-22,0.0005509250208819,2023,2022-12-31,native_mse,20260910,-0.0001792163459168561,,0,1
weekly_state_ungated,2988,2023-05-19,2023-05-29,-0.0200253742704897,2023,2022-12-31,native_mse,20260910,0.0009439667644663131,,1,0
weekly_state_ungated,2993,2023-05-26,2023-06-05,-0.0003935703040848,2023,2022-12-31,native_mse,20260910,0.000557122093874036,,1,0
weekly_state_ungated,2998,2023-06-02,2023-06-12,-0.0086075595250429,2023,2022-12-31,native_mse,20260910,-0.001180815938657947,,0,0
weekly_state_ungated,3003,2023-06-09,2023-06-19,0.0338878539347273,2023,2022-12-31,native_mse,20260910,-0.0014426234760102343,,0,1
weekly_state_ungated,3008,2023-06-16,2023-07-03,-0.026216632171098,2023,2022-12-31,native_mse,20260910,-0.0010042817493535598,,0,0
weekly_state_ungated,3016,2023-06-30,2023-07-10,-0.0030441518806006,2023,2022-12-31,native_mse,20260910,-0.0011931588855691256,,0,0
weekly_state_ungated,3021,2023-07-07,2023-07-17,0.0104280552692135,2023,2022-12-31,native_mse,20260910,-0.001925244639091561,,0,1
weekly_state_ungated,3026,2023-07-14,2023-07-24,-0.0201642613135752,2023,2022-12-31,native_mse,20260910,0.00072512762062503,,1,0
weekly_state_ungated,3031,2023-07-21,2023-07-31,0.0566710925894278,2023,2022-12-31,native_mse,20260910,0.0009939160139214966,,1,1
weekly_state_ungated,3036,2023-07-28,2023-08-07,-0.0039612927947766,2023,2022-12-31,native_mse,20260910,-0.0005682320215149167,,0,0
weekly_state_ungated,3041,2023-08-04,2023-08-14,-0.0404899362223548,2023,2022-12-31,native_mse,20260910,-0.0009301134947241365,,0,0
weekly_state_ungated,3046,2023-08-11,2023-08-21,-0.0176157088591445,2023,2022-12-31,native_mse,20260910,-0.000726777176221484,,0,0
weekly_state_ungated,3051,2023-08-18,2023-08-28,0.0366582477081969,2023,2022-12-31,native_mse,20260910,0.0008756120897448488,,1,1
weekly_state_ungated,3056,2023-08-25,2023-09-04,-0.025197172476384,2023,2022-12-31,native_mse,20260910,-0.0006648239910763075,,0,0
weekly_state_ungated,3061,2023-09-01,2023-09-11,-0.0189903461587886,2023,2022-12-31,native_mse,20260910,0.00015839660362514175,,1,0
weekly_state_ungated,3066,2023-09-08,2023-09-18,-0.0111346368744954,2023,2022-12-31,native_mse,20260910,0.001744965500114605,,1,0
weekly_state_ungated,3071,2023-09-15,2023-09-25,0.0105787349314532,2023,2022-12-31,native_mse,20260910,0.0006876575211446893,,1,1
weekly_state_ungated,3076,2023-09-22,2023-10-16,-0.0198017153282719,2023,2022-12-31,native_mse,20260910,-0.00243132015475,,0,0
weekly_state_ungated,3085,2023-10-13,2023-10-23,-0.0447156690429144,2023,2022-12-31,native_mse,20260910,-0.0021908711949872265,,0,0
weekly_state_ungated,3090,2023-10-20,2023-10-30,0.0154019770298841,2023,2022-12-31,native_mse,20260910,-0.0005611083237640583,,0,1
weekly_state_ungated,3095,2023-10-27,2023-11-06,0.0152527637017425,2023,2022-12-31,native_mse,20260910,0.0010289915405626282,,1,1
weekly_state_ungated,3100,2023-11-03,2023-11-13,-0.0039935482440582,2023,2022-12-31,native_mse,20260910,0.001023319006735779,,1,0
weekly_state_ungated,3105,2023-11-10,2023-11-20,-0.0067280482816765,2023,2022-12-31,native_mse,20260910,-0.0009564130384265961,,0,0
weekly_state_ungated,3110,2023-11-17,2023-11-27,-0.0098859017348651,2023,2022-12-31,native_mse,20260910,0.00023192130830153903,,1,0
weekly_state_ungated,3115,2023-11-24,2023-12-04,-0.0151084754586299,2023,2022-12-31,native_mse,20260910,0.0008732338960994725,,1,0
weekly_state_ungated,3120,2023-12-01,2023-12-11,-0.0295859857973478,2023,2022-12-31,native_mse,20260910,0.000837366835393595,,1,0
weekly_state_ungated,3125,2023-12-08,2023-12-18,-0.0144639658974852,2023,2022-12-31,native_mse,20260910,0.0006391538307731006,,1,0
weekly_state_ungated,3130,2023-12-15,2023-12-25,0.0003424256350643,2023,2022-12-31,native_mse,20260910,0.000382991564868559,,1,1
weekly_state_ungated,3135,2023-12-22,2024-01-02,0.0288079559683274,2023,2022-12-31,native_mse,20260910,-0.0008222024683218445,,0,1
weekly_state_ungated,3140,2023-12-29,2024-01-08,-0.0302544749829989,2023,2022-12-31,native_mse,20260910,0.0008212539531046094,,1,0
weekly_state_ungated,2902,2023-01-06,2023-01-16,0.0198447929614133,2023,2022-12-31,training_frequency,-1,0.5028949545078577,0.5028949545078577,1,1
weekly_state_ungated,2907,2023-01-13,2023-01-30,0.0465290788350809,2023,2022-12-31,training_frequency,-1,0.5028949545078577,0.5028949545078577,1,1
weekly_state_ungated,2912,2023-01-20,2023-02-06,-0.0383797057844887,2023,2022-12-31,training_frequency,-1,0.5028949545078577,0.5028949545078577,1,0
weekly_state_ungated,2917,2023-02-03,2023-02-13,-0.0012061903149008,2023,2022-12-31,training_frequency,-1,0.5028949545078577,0.5028949545078577,1,0
weekly_state_ungated,2922,2023-02-10,2023-02-20,-0.0143746584432821,2023,2022-12-31,training_frequency,-1,0.5028949545078577,0.5028949545078577,1,0
weekly_state_ungated,2927,2023-02-17,2023-02-27,0.0001237636016198,2023,2022-12-31,training_frequency,-1,0.5028949545078577,0.5028949545078577,1,1
weekly_state_ungated,2932,2023-02-24,2023-03-06,0.0224454641303217,2023,2022-12-31,training_frequency,-1,0.5028949545078577,0.5028949545078577,1,1
weekly_state_ungated,2937,2023-03-03,2023-03-13,-0.0407900947678007,2023,2022-12-31,training_frequency,-1,0.5028949545078577,0.5028949545078577,1,0
weekly_state_ungated,2942,2023-03-10,2023-03-20,5.0471402903706775e-06,2023,2022-12-31,training_frequency,-1,0.5028949545078577,0.5028949545078577,1,1
weekly_state_ungated,2947,2023-03-17,2023-03-27,0.015302852124583,2023,2022-12-31,training_frequency,-1,0.5028949545078577,0.5028949545078577,1,1
weekly_state_ungated,2952,2023-03-24,2023-04-03,0.0090274153058433,2023,2022-12-31,training_frequency,-1,0.5028949545078577,0.5028949545078577,1,1
weekly_state_ungated,2957,2023-03-31,2023-04-10,0.0178317182396383,2023,2022-12-31,training_frequency,-1,0.5028949545078577,0.5028949545078577,1,1
weekly_state_ungated,2961,2023-04-07,2023-04-17,-0.0101500238382772,2023,2022-12-31,training_frequency,-1,0.5028949545078577,0.5028949545078577,1,0
weekly_state_ungated,2966,2023-04-14,2023-04-24,-0.014368947230732,2023,2022-12-31,training_frequency,-1,0.5028949545078577,0.5028949545078577,1,0
weekly_state_ungated,2971,2023-04-21,2023-05-04,-0.0044228908788729,2023,2022-12-31,training_frequency,-1,0.5028949545078577,0.5028949545078577,1,0
weekly_state_ungated,2976,2023-04-28,2023-05-10,0.0036477163153083,2023,2022-12-31,training_frequency,-1,0.5028949545078577,0.5028949545078577,1,1
weekly_state_ungated,2978,2023-05-05,2023-05-15,-0.0221642407977935,2023,2022-12-31,training_frequency,-1,0.5028949545078577,0.5028949545078577,1,0
weekly_state_ungated,2983,2023-05-12,2023-05-22,0.0005509250208819,2023,2022-12-31,training_frequency,-1,0.5028949545078577,0.5028949545078577,1,1
weekly_state_ungated,2988,2023-05-19,2023-05-29,-0.0200253742704897,2023,2022-12-31,training_frequency,-1,0.5028949545078577,0.5028949545078577,1,0
weekly_state_ungated,2993,2023-05-26,2023-06-05,-0.0003935703040848,2023,2022-12-31,training_frequency,-1,0.5028949545078577,0.5028949545078577,1,0
weekly_state_ungated,2998,2023-06-02,2023-06-12,-0.0086075595250429,2023,2022-12-31,training_frequency,-1,0.5028949545078577,0.5028949545078577,1,0
weekly_state_ungated,3003,2023-06-09,2023-06-19,0.0338878539347273,2023,2022-12-31,training_frequency,-1,0.5028949545078577,0.5028949545078577,1,1
weekly_state_ungated,3008,2023-06-16,2023-07-03,-0.026216632171098,2023,2022-12-31,training_frequency,-1,0.5028949545078577,0.5028949545078577,1,0
weekly_state_ungated,3016,2023-06-30,2023-07-10,-0.0030441518806006,2023,2022-12-31,training_frequency,-1,0.5028949545078577,0.5028949545078577,1,0
weekly_state_ungated,3021,2023-07-07,2023-07-17,0.0104280552692135,2023,2022-12-31,training_frequency,-1,0.5028949545078577,0.5028949545078577,1,1
weekly_state_ungated,3026,2023-07-14,2023-07-24,-0.0201642613135752,2023,2022-12-31,training_frequency,-1,0.5028949545078577,0.5028949545078577,1,0
weekly_state_ungated,3031,2023-07-21,2023-07-31,0.0566710925894278,2023,2022-12-31,training_frequency,-1,0.5028949545078577,0.5028949545078577,1,1
weekly_state_ungated,3036,2023-07-28,2023-08-07,-0.0039612927947766,2023,2022-12-31,training_frequency,-1,0.5028949545078577,0.5028949545078577,1,0
weekly_state_ungated,3041,2023-08-04,2023-08-14,-0.0404899362223548,2023,2022-12-31,training_frequency,-1,0.5028949545078577,0.5028949545078577,1,0
weekly_state_ungated,3046,2023-08-11,2023-08-21,-0.0176157088591445,2023,2022-12-31,training_frequency,-1,0.5028949545078577,0.5028949545078577,1,0
weekly_state_ungated,3051,2023-08-18,2023-08-28,0.0366582477081969,2023,2022-12-31,training_frequency,-1,0.5028949545078577,0.5028949545078577,1,1
weekly_state_ungated,3056,2023-08-25,2023-09-04,-0.025197172476384,2023,2022-12-31,training_frequency,-1,0.5028949545078577,0.5028949545078577,1,0
weekly_state_ungated,3061,2023-09-01,2023-09-11,-0.0189903461587886,2023,2022-12-31,training_frequency,-1,0.5028949545078577,0.5028949545078577,1,0
weekly_state_ungated,3066,2023-09-08,2023-09-18,-0.0111346368744954,2023,2022-12-31,training_frequency,-1,0.5028949545078577,0.5028949545078577,1,0
weekly_state_ungated,3071,2023-09-15,2023-09-25,0.0105787349314532,2023,2022-12-31,training_frequency,-1,0.5028949545078577,0.5028949545078577,1,1
weekly_state_ungated,3076,2023-09-22,2023-10-16,-0.0198017153282719,2023,2022-12-31,training_frequency,-1,0.5028949545078577,0.5028949545078577,1,0
weekly_state_ungated,3085,2023-10-13,2023-10-23,-0.0447156690429144,2023,2022-12-31,training_frequency,-1,0.5028949545078577,0.5028949545078577,1,0
weekly_state_ungated,3090,2023-10-20,2023-10-30,0.0154019770298841,2023,2022-12-31,training_frequency,-1,0.5028949545078577,0.5028949545078577,1,1
weekly_state_ungated,3095,2023-10-27,2023-11-06,0.0152527637017425,2023,2022-12-31,training_frequency,-1,0.5028949545078577,0.5028949545078577,1,1
weekly_state_ungated,3100,2023-11-03,2023-11-13,-0.0039935482440582,2023,2022-12-31,training_frequency,-1,0.5028949545078577,0.5028949545078577,1,0
weekly_state_ungated,3105,2023-11-10,2023-11-20,-0.0067280482816765,2023,2022-12-31,training_frequency,-1,0.5028949545078577,0.5028949545078577,1,0
weekly_state_ungated,3110,2023-11-17,2023-11-27,-0.0098859017348651,2023,2022-12-31,training_frequency,-1,0.5028949545078577,0.5028949545078577,1,0
weekly_state_ungated,3115,2023-11-24,2023-12-04,-0.0151084754586299,2023,2022-12-31,training_frequency,-1,0.5028949545078577,0.5028949545078577,1,0
weekly_state_ungated,3120,2023-12-01,2023-12-11,-0.0295859857973478,2023,2022-12-31,training_frequency,-1,0.5028949545078577,0.5028949545078577,1,0
weekly_state_ungated,3125,2023-12-08,2023-12-18,-0.0144639658974852,2023,2022-12-31,training_frequency,-1,0.5028949545078577,0.5028949545078577,1,0
weekly_state_ungated,3130,2023-12-15,2023-12-25,0.0003424256350643,2023,2022-12-31,training_frequency,-1,0.5028949545078577,0.5028949545078577,1,1
weekly_state_ungated,3135,2023-12-22,2024-01-02,0.0288079559683274,2023,2022-12-31,training_frequency,-1,0.5028949545078577,0.5028949545078577,1,1
weekly_state_ungated,3140,2023-12-29,2024-01-08,-0.0302544749829989,2023,2022-12-31,training_frequency,-1,0.5028949545078577,0.5028949545078577,1,0
weekly_state_ungated,2902,2023-01-06,2023-01-16,0.0198447929614133,2023,2022-12-31,native_mse,20260911,-0.0028881799476405084,,0,1
weekly_state_ungated,2907,2023-01-13,2023-01-30,0.0465290788350809,2023,2022-12-31,native_mse,20260911,0.002600529697082545,,1,1
weekly_state_ungated,2912,2023-01-20,2023-02-06,-0.0383797057844887,2023,2022-12-31,native_mse,20260911,0.009824735187562814,,1,0
weekly_state_ungated,2917,2023-02-03,2023-02-13,-0.0012061903149008,2023,2022-12-31,native_mse,20260911,0.001758336799202022,,1,0
weekly_state_ungated,2922,2023-02-10,2023-02-20,-0.0143746584432821,2023,2022-12-31,native_mse,20260911,-0.004455423490420713,,0,0
weekly_state_ungated,2927,2023-02-17,2023-02-27,0.0001237636016198,2023,2022-12-31,native_mse,20260911,-0.004320463721841919,,0,1
weekly_state_ungated,2932,2023-02-24,2023-03-06,0.0224454641303217,2023,2022-12-31,native_mse,20260911,0.007109894584169036,,1,1
weekly_state_ungated,2937,2023-03-03,2023-03-13,-0.0407900947678007,2023,2022-12-31,native_mse,20260911,0.012121075090535267,,1,0
weekly_state_ungated,2942,2023-03-10,2023-03-20,5.0471402903706775e-06,2023,2022-12-31,native_mse,20260911,-0.0015684618293498606,,0,1
weekly_state_ungated,2947,2023-03-17,2023-03-27,0.015302852124583,2023,2022-12-31,native_mse,20260911,-0.00455123687690783,,0,1
weekly_state_ungated,2952,2023-03-24,2023-04-03,0.0090274153058433,2023,2022-12-31,native_mse,20260911,-0.0032713642765306557,,0,1
weekly_state_ungated,2957,2023-03-31,2023-04-10,0.0178317182396383,2023,2022-12-31,native_mse,20260911,0.009972413917103892,,1,1
weekly_state_ungated,2961,2023-04-07,2023-04-17,-0.0101500238382772,2023,2022-12-31,native_mse,20260911,0.007806808930188104,,1,0
weekly_state_ungated,2966,2023-04-14,2023-04-24,-0.014368947230732,2023,2022-12-31,native_mse,20260911,0.007226249329863683,,1,0
weekly_state_ungated,2971,2023-04-21,2023-05-04,-0.0044228908788729,2023,2022-12-31,native_mse,20260911,-0.0024232716039148286,,0,0
weekly_state_ungated,2976,2023-04-28,2023-05-10,0.0036477163153083,2023,2022-12-31,native_mse,20260911,-0.003907239624967295,,0,1
weekly_state_ungated,2978,2023-05-05,2023-05-15,-0.0221642407977935,2023,2022-12-31,native_mse,20260911,-0.0031947009428460477,,0,0
weekly_state_ungated,2983,2023-05-12,2023-05-22,0.0005509250208819,2023,2022-12-31,native_mse,20260911,0.003981441571850173,,1,1
weekly_state_ungated,2988,2023-05-19,2023-05-29,-0.0200253742704897,2023,2022-12-31,native_mse,20260911,0.01107004322684732,,1,0
weekly_state_ungated,2993,2023-05-26,2023-06-05,-0.0003935703040848,2023,2022-12-31,native_mse,20260911,0.004560043069480671,,1,0
weekly_state_ungated,2998,2023-06-02,2023-06-12,-0.0086075595250429,2023,2022-12-31,native_mse,20260911,-0.0048559678058000275,,0,0
weekly_state_ungated,3003,2023-06-09,2023-06-19,0.0338878539347273,2023,2022-12-31,native_mse,20260911,-0.0042897134995229635,,0,1
weekly_state_ungated,3008,2023-06-16,2023-07-03,-0.026216632171098,2023,2022-12-31,native_mse,20260911,-0.004761761648113702,,0,0
weekly_state_ungated,3016,2023-06-30,2023-07-10,-0.0030441518806006,2023,2022-12-31,native_mse,20260911,0.001449000541630631,,1,0
weekly_state_ungated,3021,2023-07-07,2023-07-17,0.0104280552692135,2023,2022-12-31,native_mse,20260911,-0.005015012063383114,,0,1
weekly_state_ungated,3026,2023-07-14,2023-07-24,-0.0201642613135752,2023,2022-12-31,native_mse,20260911,-0.002212730290267345,,0,0
weekly_state_ungated,3031,2023-07-21,2023-07-31,0.0566710925894278,2023,2022-12-31,native_mse,20260911,-0.005112763962830667,,0,1
weekly_state_ungated,3036,2023-07-28,2023-08-07,-0.0039612927947766,2023,2022-12-31,native_mse,20260911,-0.0052814272148835025,,0,0
weekly_state_ungated,3041,2023-08-04,2023-08-14,-0.0404899362223548,2023,2022-12-31,native_mse,20260911,-0.004618211999064367,,0,0
weekly_state_ungated,3046,2023-08-11,2023-08-21,-0.0176157088591445,2023,2022-12-31,native_mse,20260911,0.009053312378542757,,1,0
weekly_state_ungated,3051,2023-08-18,2023-08-28,0.0366582477081969,2023,2022-12-31,native_mse,20260911,0.004561021250172811,,1,1
weekly_state_ungated,3056,2023-08-25,2023-09-04,-0.025197172476384,2023,2022-12-31,native_mse,20260911,-0.0025275908526821967,,0,0
weekly_state_ungated,3061,2023-09-01,2023-09-11,-0.0189903461587886,2023,2022-12-31,native_mse,20260911,-0.0049631793698849645,,0,0
weekly_state_ungated,3066,2023-09-08,2023-09-18,-0.0111346368744954,2023,2022-12-31,native_mse,20260911,0.00680202581529956,,1,0
weekly_state_ungated,3071,2023-09-15,2023-09-25,0.0105787349314532,2023,2022-12-31,native_mse,20260911,0.008596091481564963,,1,1
weekly_state_ungated,3076,2023-09-22,2023-10-16,-0.0198017153282719,2023,2022-12-31,native_mse,20260911,-0.0031471179155324424,,0,0
weekly_state_ungated,3085,2023-10-13,2023-10-23,-0.0447156690429144,2023,2022-12-31,native_mse,20260911,-0.004148291730857776,,0,0
weekly_state_ungated,3090,2023-10-20,2023-10-30,0.0154019770298841,2023,2022-12-31,native_mse,20260911,-0.005712800982170543,,0,1
weekly_state_ungated,3095,2023-10-27,2023-11-06,0.0152527637017425,2023,2022-12-31,native_mse,20260911,-0.0033253387808900993,,0,1
weekly_state_ungated,3100,2023-11-03,2023-11-13,-0.0039935482440582,2023,2022-12-31,native_mse,20260911,-0.0006739370262628165,,0,0
weekly_state_ungated,3105,2023-11-10,2023-11-20,-0.0067280482816765,2023,2022-12-31,native_mse,20260911,-0.004003258050664914,,0,0
weekly_state_ungated,3110,2023-11-17,2023-11-27,-0.0098859017348651,2023,2022-12-31,native_mse,20260911,-0.003231557067429336,,0,0
weekly_state_ungated,3115,2023-11-24,2023-12-04,-0.0151084754586299,2023,2022-12-31,native_mse,20260911,-0.003968465813336381,,0,0
weekly_state_ungated,3120,2023-12-01,2023-12-11,-0.0295859857973478,2023,2022-12-31,native_mse,20260911,-0.004170192617569334,,0,0
weekly_state_ungated,3125,2023-12-08,2023-12-18,-0.0144639658974852,2023,2022-12-31,native_mse,20260911,-0.004708072283208354,,0,0
weekly_state_ungated,3130,2023-12-15,2023-12-25,0.0003424256350643,2023,2022-12-31,native_mse,20260911,-0.005014383450601872,,0,1
weekly_state_ungated,3135,2023-12-22,2024-01-02,0.0288079559683274,2023,2022-12-31,native_mse,20260911,-0.005140476035149425,,0,1
weekly_state_ungated,3140,2023-12-29,2024-01-08,-0.0302544749829989,2023,2022-12-31,native_mse,20260911,-0.0034098597743402285,,0,0
weekly_state_ungated,2902,2023-01-06,2023-01-16,0.0198447929614133,2023,2022-12-31,native_mse,20260912,0.0004281627694943007,,1,1
weekly_state_ungated,2907,2023-01-13,2023-01-30,0.0465290788350809,2023,2022-12-31,native_mse,20260912,4.2102919401855305e-05,,1,1
weekly_state_ungated,2912,2023-01-20,2023-02-06,-0.0383797057844887,2023,2022-12-31,native_mse,20260912,0.0010967633118809882,,1,0
weekly_state_ungated,2917,2023-02-03,2023-02-13,-0.0012061903149008,2023,2022-12-31,native_mse,20260912,0.0008747039967658528,,1,0
weekly_state_ungated,2922,2023-02-10,2023-02-20,-0.0143746584432821,2023,2022-12-31,native_mse,20260912,0.0001818132935792269,,1,0
weekly_state_ungated,2927,2023-02-17,2023-02-27,0.0001237636016198,2023,2022-12-31,native_mse,20260912,0.00010126624081480557,,1,1
weekly_state_ungated,2932,2023-02-24,2023-03-06,0.0224454641303217,2023,2022-12-31,native_mse,20260912,0.000782385799644381,,1,1
weekly_state_ungated,2937,2023-03-03,2023-03-13,-0.0407900947678007,2023,2022-12-31,native_mse,20260912,0.00040350503591383166,,1,0
weekly_state_ungated,2942,2023-03-10,2023-03-20,5.0471402903706775e-06,2023,2022-12-31,native_mse,20260912,0.00023517524465769396,,1,1
weekly_state_ungated,2947,2023-03-17,2023-03-27,0.015302852124583,2023,2022-12-31,native_mse,20260912,-0.0005550490015326846,,0,1
weekly_state_ungated,2952,2023-03-24,2023-04-03,0.0090274153058433,2023,2022-12-31,native_mse,20260912,0.0004555071806066471,,1,1
weekly_state_ungated,2957,2023-03-31,2023-04-10,0.0178317182396383,2023,2022-12-31,native_mse,20260912,0.0006137448037054246,,1,1
weekly_state_ungated,2961,2023-04-07,2023-04-17,-0.0101500238382772,2023,2022-12-31,native_mse,20260912,0.0007714668086940345,,1,0
weekly_state_ungated,2966,2023-04-14,2023-04-24,-0.014368947230732,2023,2022-12-31,native_mse,20260912,0.0006120128536014287,,1,0
weekly_state_ungated,2971,2023-04-21,2023-05-04,-0.0044228908788729,2023,2022-12-31,native_mse,20260912,0.0004168718728952876,,1,0
weekly_state_ungated,2976,2023-04-28,2023-05-10,0.0036477163153083,2023,2022-12-31,native_mse,20260912,0.0007975995131662927,,1,1
weekly_state_ungated,2978,2023-05-05,2023-05-15,-0.0221642407977935,2023,2022-12-31,native_mse,20260912,3.748499343571029e-05,,1,0
weekly_state_ungated,2983,2023-05-12,2023-05-22,0.0005509250208819,2023,2022-12-31,native_mse,20260912,0.00013564688457888487,,1,1
weekly_state_ungated,2988,2023-05-19,2023-05-29,-0.0200253742704897,2023,2022-12-31,native_mse,20260912,0.0006049797039520234,,1,0
weekly_state_ungated,2993,2023-05-26,2023-06-05,-0.0003935703040848,2023,2022-12-31,native_mse,20260912,5.080512794837295e-05,,1,0
weekly_state_ungated,2998,2023-06-02,2023-06-12,-0.0086075595250429,2023,2022-12-31,native_mse,20260912,-0.0003527596454530836,,0,0
weekly_state_ungated,3003,2023-06-09,2023-06-19,0.0338878539347273,2023,2022-12-31,native_mse,20260912,-0.0004629538008774116,,0,1
weekly_state_ungated,3008,2023-06-16,2023-07-03,-0.026216632171098,2023,2022-12-31,native_mse,20260912,-0.0003413110242915335,,0,0
weekly_state_ungated,3016,2023-06-30,2023-07-10,-0.0030441518806006,2023,2022-12-31,native_mse,20260912,0.0003431408638381007,,1,0
weekly_state_ungated,3021,2023-07-07,2023-07-17,0.0104280552692135,2023,2022-12-31,native_mse,20260912,0.000814771057302496,,1,1
weekly_state_ungated,3026,2023-07-14,2023-07-24,-0.0201642613135752,2023,2022-12-31,native_mse,20260912,0.0006501402430561996,,1,0
weekly_state_ungated,3031,2023-07-21,2023-07-31,0.0566710925894278,2023,2022-12-31,native_mse,20260912,2.5045124957704355e-05,,1,1
weekly_state_ungated,3036,2023-07-28,2023-08-07,-0.0039612927947766,2023,2022-12-31,native_mse,20260912,0.00047471401642830695,,1,0
weekly_state_ungated,3041,2023-08-04,2023-08-14,-0.0404899362223548,2023,2022-12-31,native_mse,20260912,0.0008553072765691807,,1,0
weekly_state_ungated,3046,2023-08-11,2023-08-21,-0.0176157088591445,2023,2022-12-31,native_mse,20260912,0.0015027086256146451,,1,0
weekly_state_ungated,3051,2023-08-18,2023-08-28,0.0366582477081969,2023,2022-12-31,native_mse,20260912,0.0006099353623650846,,1,1
weekly_state_ungated,3056,2023-08-25,2023-09-04,-0.025197172476384,2023,2022-12-31,native_mse,20260912,0.00044421971221099443,,1,0
weekly_state_ungated,3061,2023-09-01,2023-09-11,-0.0189903461587886,2023,2022-12-31,native_mse,20260912,-0.0002025361551160587,,0,0
weekly_state_ungated,3066,2023-09-08,2023-09-18,-0.0111346368744954,2023,2022-12-31,native_mse,20260912,0.00041052847232038274,,1,0
weekly_state_ungated,3071,2023-09-15,2023-09-25,0.0105787349314532,2023,2022-12-31,native_mse,20260912,0.0001624781603077036,,1,1
weekly_state_ungated,3076,2023-09-22,2023-10-16,-0.0198017153282719,2023,2022-12-31,native_mse,20260912,-2.0047557486308507e-05,,0,0
weekly_state_ungated,3085,2023-10-13,2023-10-23,-0.0447156690429144,2023,2022-12-31,native_mse,20260912,-7.666747850147154e-05,,0,0
weekly_state_ungated,3090,2023-10-20,2023-10-30,0.0154019770298841,2023,2022-12-31,native_mse,20260912,0.00029732197364893017,,1,1
weekly_state_ungated,3095,2023-10-27,2023-11-06,0.0152527637017425,2023,2022-12-31,native_mse,20260912,0.0012245039371740986,,1,1
weekly_state_ungated,3100,2023-11-03,2023-11-13,-0.0039935482440582,2023,2022-12-31,native_mse,20260912,0.00041856415378897153,,1,0
weekly_state_ungated,3105,2023-11-10,2023-11-20,-0.0067280482816765,2023,2022-12-31,native_mse,20260912,0.00022000524072862617,,1,0
weekly_state_ungated,3110,2023-11-17,2023-11-27,-0.0098859017348651,2023,2022-12-31,native_mse,20260912,-0.00011003873914113989,,0,0
weekly_state_ungated,3115,2023-11-24,2023-12-04,-0.0151084754586299,2023,2022-12-31,native_mse,20260912,0.0006004861455855604,,1,0
weekly_state_ungated,3120,2023-12-01,2023-12-11,-0.0295859857973478,2023,2022-12-31,native_mse,20260912,9.164477722239853e-05,,1,0
weekly_state_ungated,3125,2023-12-08,2023-12-18,-0.0144639658974852,2023,2022-12-31,native_mse,20260912,0.0003716320497864135,,1,0
weekly_state_ungated,3130,2023-12-15,2023-12-25,0.0003424256350643,2023,2022-12-31,native_mse,20260912,0.0007186720416179463,,1,1
weekly_state_ungated,3135,2023-12-22,2024-01-02,0.0288079559683274,2023,2022-12-31,native_mse,20260912,0.00031752353260434155,,1,1
weekly_state_ungated,3140,2023-12-29,2024-01-08,-0.0302544749829989,2023,2022-12-31,native_mse,20260912,-5.293223214677527e-06,,0,0
weekly_state_ungated,3144,2024-01-05,2024-01-15,-0.0158038409563566,2024,2023-12-31,native_mse,20260910,0.000251131835275678,,1,0
weekly_state_ungated,3149,2024-01-12,2024-01-22,-0.002333261979756,2024,2023-12-31,native_mse,20260910,0.0007362057214049004,,1,0
weekly_state_ungated,3154,2024-01-19,2024-01-29,0.0223511633823452,2024,2023-12-31,native_mse,20260910,-0.00023540604600351487,,0,1
weekly_state_ungated,3159,2024-01-26,2024-02-05,-0.0513103415192826,2024,2023-12-31,native_mse,20260910,-0.001531436704987099,,0,0
weekly_state_ungated,3164,2024-02-02,2024-02-26,0.1015374891364462,2024,2023-12-31,native_mse,20260910,0.004796229141878599,,1,1
weekly_state_ungated,3173,2024-02-23,2024-03-04,0.0151569053862528,2024,2023-12-31,native_mse,20260910,0.005981439448417525,,1,1
weekly_state_ungated,3178,2024-03-01,2024-03-11,0.0021394031715169,2024,2023-12-31,native_mse,20260910,0.002923079585146593,,1,1
weekly_state_ungated,3183,2024-03-08,2024-03-18,0.0087762342284414,2024,2023-12-31,native_mse,20260910,0.004534858645957669,,1,1
weekly_state_ungated,3188,2024-03-15,2024-03-25,-0.0112802133595746,2024,2023-12-31,native_mse,20260910,0.004141952477981538,,1,0
weekly_state_ungated,3193,2024-03-22,2024-04-01,0.0042044725182444,2024,2023-12-31,native_mse,20260910,0.0018727898596620025,,1,1
weekly_state_ungated,3198,2024-03-29,2024-04-15,-0.0219845815102011,2024,2023-12-31,native_mse,20260910,0.0003645787473085561,,1,0
weekly_state_ungated,3206,2024-04-12,2024-04-22,0.018045199366633,2024,2023-12-31,native_mse,20260910,-0.00021832918624461518,,0,1
weekly_state_ungated,3211,2024-04-19,2024-04-29,0.0136757744232476,2024,2023-12-31,native_mse,20260910,0.0005323002819172812,,1,1
weekly_state_ungated,3216,2024-04-26,2024-05-13,0.0172434956786644,2024,2023-12-31,native_mse,20260910,-0.00014728683736751251,,0,1
weekly_state_ungated,3223,2024-05-10,2024-05-20,0.0097933549988344,2024,2023-12-31,native_mse,20260910,0.0004133340837300701,,1,1
weekly_state_ungated,3228,2024-05-17,2024-05-27,-0.0204803832637164,2024,2023-12-31,native_mse,20260910,0.0036262081384896457,,1,0
weekly_state_ungated,3233,2024-05-24,2024-06-03,-0.0081155643048258,2024,2023-12-31,native_mse,20260910,0.0049904247327292855,,1,0
weekly_state_ungated,3238,2024-05-31,2024-06-11,-0.0060267570121149,2024,2023-12-31,native_mse,20260910,0.0040244113389711345,,1,0
weekly_state_ungated,3243,2024-06-07,2024-06-17,-0.0096686558937179,2024,2023-12-31,native_mse,20260910,0.008609928356971403,,1,0
weekly_state_ungated,3247,2024-06-14,2024-06-24,-0.013573992457631,2024,2023-12-31,native_mse,20260910,0.008961501129694911,,1,0
weekly_state_ungated,3252,2024-06-21,2024-07-01,-0.004427632109257,2024,2023-12-31,native_mse,20260910,0.0009177608055072099,,1,0
weekly_state_ungated,3257,2024-06-28,2024-07-08,-0.0108320369203009,2024,2023-12-31,native_mse,20260910,0.0030020981914033497,,1,0
weekly_state_ungated,3262,2024-07-05,2024-07-15,0.0122222871842843,2024,2023-12-31,native_mse,20260910,0.00336049012064386,,1,1
weekly_state_ungated,3267,2024-07-12,2024-07-22,0.0218881133018156,2024,2023-12-31,native_mse,20260910,-0.0006421845267103974,,0,1
weekly_state_ungated,3272,2024-07-19,2024-07-29,-0.0378787022382998,2024,2023-12-31,native_mse,20260910,0.0004540341648428114,,1,0
weekly_state_ungated,3277,2024-07-26,2024-08-05,-0.0124134568216732,2024,2023-12-31,native_mse,20260910,0.0013231998081271626,,1,0
weekly_state_ungated,3282,2024-08-02,2024-08-12,-0.0102762848330364,2024,2023-12-31,native_mse,20260910,0.001303372172405589,,1,0
weekly_state_ungated,3287,2024-08-09,2024-08-19,0.0050186923751938,2024,2023-12-31,native_mse,20260910,0.00011119162293128984,,1,1
weekly_state_ungated,3292,2024-08-16,2024-08-26,-0.0040487282687352,2024,2023-12-31,native_mse,20260910,0.0014903087569155989,,1,0
weekly_state_ungated,3297,2024-08-23,2024-09-02,-0.0069594562136714,2024,2023-12-31,native_mse,20260910,-0.0030751570665977007,,0,0
weekly_state_ungated,3302,2024-08-30,2024-09-09,-0.0280389655151561,2024,2023-12-31,native_mse,20260910,-0.003508085985855703,,0,0
weekly_state_ungated,3307,2024-09-06,2024-09-18,-0.0174132138857783,2024,2023-12-31,native_mse,20260910,-0.0025693655960970898,,0,0
weekly_state_ungated,3312,2024-09-13,2024-09-24,0.0133119329369826,2024,2023-12-31,native_mse,20260910,0.00017194356388446877,,1,1
weekly_state_ungated,3315,2024-09-20,2024-09-30,0.2017513988384409,2024,2023-12-31,native_mse,20260910,0.0007791555801138394,,1,1
weekly_state_ungated,3320,2024-09-27,2024-10-14,0.0178259004588408,2024,2023-12-31,native_mse,20260910,0.0007616530796663938,,1,1
weekly_state_ungated,3325,2024-10-11,2024-10-21,0.0080914993282625,2024,2023-12-31,native_mse,20260910,-0.0026429925872939004,,0,1
weekly_state_ungated,3330,2024-10-18,2024-10-28,0.0015733867085561,2024,2023-12-31,native_mse,20260910,-0.004083051697418182,,0,1
weekly_state_ungated,3335,2024-10-25,2024-11-04,-0.0140142824257356,2024,2023-12-31,native_mse,20260910,-0.003618447449131282,,0,0
weekly_state_ungated,3340,2024-11-01,2024-11-11,0.0434152361258277,2024,2023-12-31,native_mse,20260910,-0.0042863223001300965,,0,1
weekly_state_ungated,3345,2024-11-08,2024-11-18,-0.0208584853931589,2024,2023-12-31,native_mse,20260910,-0.0028591792362593097,,0,0
weekly_state_ungated,3350,2024-11-15,2024-11-25,-0.0267421712161923,2024,2023-12-31,native_mse,20260910,-0.0017028092388012967,,0,0
weekly_state_ungated,3355,2024-11-22,2024-12-02,0.0087960346887328,2024,2023-12-31,native_mse,20260910,-0.0009456406767515755,,0,1
weekly_state_ungated,3360,2024-11-29,2024-12-09,0.0155919891551781,2024,2023-12-31,native_mse,20260910,-0.0002599534945060551,,0,1
weekly_state_ungated,3365,2024-12-06,2024-12-16,-0.0100436703218104,2024,2023-12-31,native_mse,20260910,0.0007542474780432574,,1,0
weekly_state_ungated,3370,2024-12-13,2024-12-23,-0.0006690784017421,2024,2023-12-31,native_mse,20260910,-0.0007125951992407705,,0,0
weekly_state_ungated,3375,2024-12-20,2024-12-30,0.0123595076562756,2024,2023-12-31,native_mse,20260910,-0.0012475930255920083,,0,1
weekly_state_ungated,3380,2024-12-27,2025-01-06,-0.0504714964669198,2024,2023-12-31,native_mse,20260910,-0.00024548952899875387,,0,0
weekly_state_ungated,3144,2024-01-05,2024-01-15,-0.0158038409563566,2024,2023-12-31,training_frequency,-1,0.5024834437086093,0.5024834437086093,1,0
weekly_state_ungated,3149,2024-01-12,2024-01-22,-0.002333261979756,2024,2023-12-31,training_frequency,-1,0.5024834437086093,0.5024834437086093,1,0
weekly_state_ungated,3154,2024-01-19,2024-01-29,0.0223511633823452,2024,2023-12-31,training_frequency,-1,0.5024834437086093,0.5024834437086093,1,1
weekly_state_ungated,3159,2024-01-26,2024-02-05,-0.0513103415192826,2024,2023-12-31,training_frequency,-1,0.5024834437086093,0.5024834437086093,1,0
weekly_state_ungated,3164,2024-02-02,2024-02-26,0.1015374891364462,2024,2023-12-31,training_frequency,-1,0.5024834437086093,0.5024834437086093,1,1
weekly_state_ungated,3173,2024-02-23,2024-03-04,0.0151569053862528,2024,2023-12-31,training_frequency,-1,0.5024834437086093,0.5024834437086093,1,1
weekly_state_ungated,3178,2024-03-01,2024-03-11,0.0021394031715169,2024,2023-12-31,training_frequency,-1,0.5024834437086093,0.5024834437086093,1,1
weekly_state_ungated,3183,2024-03-08,2024-03-18,0.0087762342284414,2024,2023-12-31,training_frequency,-1,0.5024834437086093,0.5024834437086093,1,1
weekly_state_ungated,3188,2024-03-15,2024-03-25,-0.0112802133595746,2024,2023-12-31,training_frequency,-1,0.5024834437086093,0.5024834437086093,1,0
weekly_state_ungated,3193,2024-03-22,2024-04-01,0.0042044725182444,2024,2023-12-31,training_frequency,-1,0.5024834437086093,0.5024834437086093,1,1
weekly_state_ungated,3198,2024-03-29,2024-04-15,-0.0219845815102011,2024,2023-12-31,training_frequency,-1,0.5024834437086093,0.5024834437086093,1,0
weekly_state_ungated,3206,2024-04-12,2024-04-22,0.018045199366633,2024,2023-12-31,training_frequency,-1,0.5024834437086093,0.5024834437086093,1,1
weekly_state_ungated,3211,2024-04-19,2024-04-29,0.0136757744232476,2024,2023-12-31,training_frequency,-1,0.5024834437086093,0.5024834437086093,1,1
weekly_state_ungated,3216,2024-04-26,2024-05-13,0.0172434956786644,2024,2023-12-31,training_frequency,-1,0.5024834437086093,0.5024834437086093,1,1
weekly_state_ungated,3223,2024-05-10,2024-05-20,0.0097933549988344,2024,2023-12-31,training_frequency,-1,0.5024834437086093,0.5024834437086093,1,1
weekly_state_ungated,3228,2024-05-17,2024-05-27,-0.0204803832637164,2024,2023-12-31,training_frequency,-1,0.5024834437086093,0.5024834437086093,1,0
weekly_state_ungated,3233,2024-05-24,2024-06-03,-0.0081155643048258,2024,2023-12-31,training_frequency,-1,0.5024834437086093,0.5024834437086093,1,0
weekly_state_ungated,3238,2024-05-31,2024-06-11,-0.0060267570121149,2024,2023-12-31,training_frequency,-1,0.5024834437086093,0.5024834437086093,1,0
weekly_state_ungated,3243,2024-06-07,2024-06-17,-0.0096686558937179,2024,2023-12-31,training_frequency,-1,0.5024834437086093,0.5024834437086093,1,0
weekly_state_ungated,3247,2024-06-14,2024-06-24,-0.013573992457631,2024,2023-12-31,training_frequency,-1,0.5024834437086093,0.5024834437086093,1,0
weekly_state_ungated,3252,2024-06-21,2024-07-01,-0.004427632109257,2024,2023-12-31,training_frequency,-1,0.5024834437086093,0.5024834437086093,1,0
weekly_state_ungated,3257,2024-06-28,2024-07-08,-0.0108320369203009,2024,2023-12-31,training_frequency,-1,0.5024834437086093,0.5024834437086093,1,0
weekly_state_ungated,3262,2024-07-05,2024-07-15,0.0122222871842843,2024,2023-12-31,training_frequency,-1,0.5024834437086093,0.5024834437086093,1,1
weekly_state_ungated,3267,2024-07-12,2024-07-22,0.0218881133018156,2024,2023-12-31,training_frequency,-1,0.5024834437086093,0.5024834437086093,1,1
weekly_state_ungated,3272,2024-07-19,2024-07-29,-0.0378787022382998,2024,2023-12-31,training_frequency,-1,0.5024834437086093,0.5024834437086093,1,0
weekly_state_ungated,3277,2024-07-26,2024-08-05,-0.0124134568216732,2024,2023-12-31,training_frequency,-1,0.5024834437086093,0.5024834437086093,1,0
weekly_state_ungated,3282,2024-08-02,2024-08-12,-0.0102762848330364,2024,2023-12-31,training_frequency,-1,0.5024834437086093,0.5024834437086093,1,0
weekly_state_ungated,3287,2024-08-09,2024-08-19,0.0050186923751938,2024,2023-12-31,training_frequency,-1,0.5024834437086093,0.5024834437086093,1,1
weekly_state_ungated,3292,2024-08-16,2024-08-26,-0.0040487282687352,2024,2023-12-31,training_frequency,-1,0.5024834437086093,0.5024834437086093,1,0
weekly_state_ungated,3297,2024-08-23,2024-09-02,-0.0069594562136714,2024,2023-12-31,training_frequency,-1,0.5024834437086093,0.5024834437086093,1,0
weekly_state_ungated,3302,2024-08-30,2024-09-09,-0.0280389655151561,2024,2023-12-31,training_frequency,-1,0.5024834437086093,0.5024834437086093,1,0
weekly_state_ungated,3307,2024-09-06,2024-09-18,-0.0174132138857783,2024,2023-12-31,training_frequency,-1,0.5024834437086093,0.5024834437086093,1,0
weekly_state_ungated,3312,2024-09-13,2024-09-24,0.0133119329369826,2024,2023-12-31,training_frequency,-1,0.5024834437086093,0.5024834437086093,1,1
weekly_state_ungated,3315,2024-09-20,2024-09-30,0.2017513988384409,2024,2023-12-31,training_frequency,-1,0.5024834437086093,0.5024834437086093,1,1
weekly_state_ungated,3320,2024-09-27,2024-10-14,0.0178259004588408,2024,2023-12-31,training_frequency,-1,0.5024834437086093,0.5024834437086093,1,1
weekly_state_ungated,3325,2024-10-11,2024-10-21,0.0080914993282625,2024,2023-12-31,training_frequency,-1,0.5024834437086093,0.5024834437086093,1,1
weekly_state_ungated,3330,2024-10-18,2024-10-28,0.0015733867085561,2024,2023-12-31,training_frequency,-1,0.5024834437086093,0.5024834437086093,1,1
weekly_state_ungated,3335,2024-10-25,2024-11-04,-0.0140142824257356,2024,2023-12-31,training_frequency,-1,0.5024834437086093,0.5024834437086093,1,0
weekly_state_ungated,3340,2024-11-01,2024-11-11,0.0434152361258277,2024,2023-12-31,training_frequency,-1,0.5024834437086093,0.5024834437086093,1,1
weekly_state_ungated,3345,2024-11-08,2024-11-18,-0.0208584853931589,2024,2023-12-31,training_frequency,-1,0.5024834437086093,0.5024834437086093,1,0
weekly_state_ungated,3350,2024-11-15,2024-11-25,-0.0267421712161923,2024,2023-12-31,training_frequency,-1,0.5024834437086093,0.5024834437086093,1,0
weekly_state_ungated,3355,2024-11-22,2024-12-02,0.0087960346887328,2024,2023-12-31,training_frequency,-1,0.5024834437086093,0.5024834437086093,1,1
weekly_state_ungated,3360,2024-11-29,2024-12-09,0.0155919891551781,2024,2023-12-31,training_frequency,-1,0.5024834437086093,0.5024834437086093,1,1
weekly_state_ungated,3365,2024-12-06,2024-12-16,-0.0100436703218104,2024,2023-12-31,training_frequency,-1,0.5024834437086093,0.5024834437086093,1,0
weekly_state_ungated,3370,2024-12-13,2024-12-23,-0.0006690784017421,2024,2023-12-31,training_frequency,-1,0.5024834437086093,0.5024834437086093,1,0
weekly_state_ungated,3375,2024-12-20,2024-12-30,0.0123595076562756,2024,2023-12-31,training_frequency,-1,0.5024834437086093,0.5024834437086093,1,1
weekly_state_ungated,3380,2024-12-27,2025-01-06,-0.0504714964669198,2024,2023-12-31,training_frequency,-1,0.5024834437086093,0.5024834437086093,1,0
weekly_state_ungated,3144,2024-01-05,2024-01-15,-0.0158038409563566,2024,2023-12-31,native_mse,20260911,0.006524465736805172,,1,0
weekly_state_ungated,3149,2024-01-12,2024-01-22,-0.002333261979756,2024,2023-12-31,native_mse,20260911,0.008213225375018137,,1,0
weekly_state_ungated,3154,2024-01-19,2024-01-29,0.0223511633823452,2024,2023-12-31,native_mse,20260911,0.009988969845384454,,1,1
weekly_state_ungated,3159,2024-01-26,2024-02-05,-0.0513103415192826,2024,2023-12-31,native_mse,20260911,0.007709942184731473,,1,0
weekly_state_ungated,3164,2024-02-02,2024-02-26,0.1015374891364462,2024,2023-12-31,native_mse,20260911,0.006449485928463916,,1,1
weekly_state_ungated,3173,2024-02-23,2024-03-04,0.0151569053862528,2024,2023-12-31,native_mse,20260911,0.010256530380527457,,1,1
weekly_state_ungated,3178,2024-03-01,2024-03-11,0.0021394031715169,2024,2023-12-31,native_mse,20260911,0.00705766649461919,,1,1
weekly_state_ungated,3183,2024-03-08,2024-03-18,0.0087762342284414,2024,2023-12-31,native_mse,20260911,0.008632918878357794,,1,1
weekly_state_ungated,3188,2024-03-15,2024-03-25,-0.0112802133595746,2024,2023-12-31,native_mse,20260911,0.004101422624994645,,1,0
weekly_state_ungated,3193,2024-03-22,2024-04-01,0.0042044725182444,2024,2023-12-31,native_mse,20260911,0.0049895841353934664,,1,1
weekly_state_ungated,3198,2024-03-29,2024-04-15,-0.0219845815102011,2024,2023-12-31,native_mse,20260911,0.0016010611409444046,,1,0
weekly_state_ungated,3206,2024-04-12,2024-04-22,0.018045199366633,2024,2023-12-31,native_mse,20260911,0.001857502186560773,,1,1
weekly_state_ungated,3211,2024-04-19,2024-04-29,0.0136757744232476,2024,2023-12-31,native_mse,20260911,0.009651811290201222,,1,1
weekly_state_ungated,3216,2024-04-26,2024-05-13,0.0172434956786644,2024,2023-12-31,native_mse,20260911,0.005960111287081512,,1,1
weekly_state_ungated,3223,2024-05-10,2024-05-20,0.0097933549988344,2024,2023-12-31,native_mse,20260911,-0.004933376296222066,,0,1
weekly_state_ungated,3228,2024-05-17,2024-05-27,-0.0204803832637164,2024,2023-12-31,native_mse,20260911,-0.003099362011607103,,0,0
weekly_state_ungated,3233,2024-05-24,2024-06-03,-0.0081155643048258,2024,2023-12-31,native_mse,20260911,-0.0038744398417857777,,0,0
weekly_state_ungated,3238,2024-05-31,2024-06-11,-0.0060267570121149,2024,2023-12-31,native_mse,20260911,-0.0020292253039693184,,0,0
weekly_state_ungated,3243,2024-06-07,2024-06-17,-0.0096686558937179,2024,2023-12-31,native_mse,20260911,5.7354393489387904e-05,,1,0
weekly_state_ungated,3247,2024-06-14,2024-06-24,-0.013573992457631,2024,2023-12-31,native_mse,20260911,0.0016373878025280563,,1,0
weekly_state_ungated,3252,2024-06-21,2024-07-01,-0.004427632109257,2024,2023-12-31,native_mse,20260911,0.0027588932782398315,,1,0
weekly_state_ungated,3257,2024-06-28,2024-07-08,-0.0108320369203009,2024,2023-12-31,native_mse,20260911,0.0032470747873102144,,1,0
weekly_state_ungated,3262,2024-07-05,2024-07-15,0.0122222871842843,2024,2023-12-31,native_mse,20260911,0.002652089101692747,,1,1
weekly_state_ungated,3267,2024-07-12,2024-07-22,0.0218881133018156,2024,2023-12-31,native_mse,20260911,0.004450330503533944,,1,1
weekly_state_ungated,3272,2024-07-19,2024-07-29,-0.0378787022382998,2024,2023-12-31,native_mse,20260911,-0.0012744559041647184,,0,0
weekly_state_ungated,3277,2024-07-26,2024-08-05,-0.0124134568216732,2024,2023-12-31,native_mse,20260911,-0.001291795834448832,,0,0
weekly_state_ungated,3282,2024-08-02,2024-08-12,-0.0102762848330364,2024,2023-12-31,native_mse,20260911,-0.002458562952290899,,0,0
weekly_state_ungated,3287,2024-08-09,2024-08-19,0.0050186923751938,2024,2023-12-31,native_mse,20260911,-0.0009352769264030156,,0,1
weekly_state_ungated,3292,2024-08-16,2024-08-26,-0.0040487282687352,2024,2023-12-31,native_mse,20260911,-0.0034014636043486098,,0,0
weekly_state_ungated,3297,2024-08-23,2024-09-02,-0.0069594562136714,2024,2023-12-31,native_mse,20260911,-0.0018665564124188876,,0,0
weekly_state_ungated,3302,2024-08-30,2024-09-09,-0.0280389655151561,2024,2023-12-31,native_mse,20260911,2.766314850337684e-05,,1,0
weekly_state_ungated,3307,2024-09-06,2024-09-18,-0.0174132138857783,2024,2023-12-31,native_mse,20260911,0.0015093996928045017,,1,0
weekly_state_ungated,3312,2024-09-13,2024-09-24,0.0133119329369826,2024,2023-12-31,native_mse,20260911,0.005047902673988417,,1,1
weekly_state_ungated,3315,2024-09-20,2024-09-30,0.2017513988384409,2024,2023-12-31,native_mse,20260911,0.006841795120835749,,1,1
weekly_state_ungated,3320,2024-09-27,2024-10-14,0.0178259004588408,2024,2023-12-31,native_mse,20260911,0.011643607701046107,,1,1
weekly_state_ungated,3325,2024-10-11,2024-10-21,0.0080914993282625,2024,2023-12-31,native_mse,20260911,0.006958055096152153,,1,1
weekly_state_ungated,3330,2024-10-18,2024-10-28,0.0015733867085561,2024,2023-12-31,native_mse,20260911,0.0035488889473533555,,1,1
weekly_state_ungated,3335,2024-10-25,2024-11-04,-0.0140142824257356,2024,2023-12-31,native_mse,20260911,-0.004087166652715301,,0,0
weekly_state_ungated,3340,2024-11-01,2024-11-11,0.0434152361258277,2024,2023-12-31,native_mse,20260911,-0.008879815780234165,,0,1
weekly_state_ungated,3345,2024-11-08,2024-11-18,-0.0208584853931589,2024,2023-12-31,native_mse,20260911,-0.0016665405141504353,,0,0
weekly_state_ungated,3350,2024-11-15,2024-11-25,-0.0267421712161923,2024,2023-12-31,native_mse,20260911,-0.0014397200836903515,,0,0
weekly_state_ungated,3355,2024-11-22,2024-12-02,0.0087960346887328,2024,2023-12-31,native_mse,20260911,-0.00394305191034785,,0,1
weekly_state_ungated,3360,2024-11-29,2024-12-09,0.0155919891551781,2024,2023-12-31,native_mse,20260911,-0.003787046789689023,,0,1
weekly_state_ungated,3365,2024-12-06,2024-12-16,-0.0100436703218104,2024,2023-12-31,native_mse,20260911,-0.0013163950781598383,,0,0
weekly_state_ungated,3370,2024-12-13,2024-12-23,-0.0006690784017421,2024,2023-12-31,native_mse,20260911,-0.007731413237017607,,0,0
weekly_state_ungated,3375,2024-12-20,2024-12-30,0.0123595076562756,2024,2023-12-31,native_mse,20260911,-0.005503589541502588,,0,1
weekly_state_ungated,3380,2024-12-27,2025-01-06,-0.0504714964669198,2024,2023-12-31,native_mse,20260911,0.006049137218951889,,1,0
weekly_state_ungated,3144,2024-01-05,2024-01-15,-0.0158038409563566,2024,2023-12-31,native_mse,20260912,0.001652613648937757,,1,0
weekly_state_ungated,3149,2024-01-12,2024-01-22,-0.002333261979756,2024,2023-12-31,native_mse,20260912,0.0017566823014709063,,1,0
weekly_state_ungated,3154,2024-01-19,2024-01-29,0.0223511633823452,2024,2023-12-31,native_mse,20260912,0.0017349357863463528,,1,1
weekly_state_ungated,3159,2024-01-26,2024-02-05,-0.0513103415192826,2024,2023-12-31,native_mse,20260912,0.0017756045446650414,,1,0
weekly_state_ungated,3164,2024-02-02,2024-02-26,0.1015374891364462,2024,2023-12-31,native_mse,20260912,0.0017702651342618495,,1,1
weekly_state_ungated,3173,2024-02-23,2024-03-04,0.0151569053862528,2024,2023-12-31,native_mse,20260912,0.0018705013508167863,,1,1
weekly_state_ungated,3178,2024-03-01,2024-03-11,0.0021394031715169,2024,2023-12-31,native_mse,20260912,0.0020966839632058165,,1,1
weekly_state_ungated,3183,2024-03-08,2024-03-18,0.0087762342284414,2024,2023-12-31,native_mse,20260912,0.0021229030867072935,,1,1
weekly_state_ungated,3188,2024-03-15,2024-03-25,-0.0112802133595746,2024,2023-12-31,native_mse,20260912,0.002169492364912302,,1,0
weekly_state_ungated,3193,2024-03-22,2024-04-01,0.0042044725182444,2024,2023-12-31,native_mse,20260912,0.0021346683785466035,,1,1
weekly_state_ungated,3198,2024-03-29,2024-04-15,-0.0219845815102011,2024,2023-12-31,native_mse,20260912,0.001970104765042201,,1,0
weekly_state_ungated,3206,2024-04-12,2024-04-22,0.018045199366633,2024,2023-12-31,native_mse,20260912,0.0018950666103198662,,1,1
weekly_state_ungated,3211,2024-04-19,2024-04-29,0.0136757744232476,2024,2023-12-31,native_mse,20260912,0.0014826942470986316,,1,1
weekly_state_ungated,3216,2024-04-26,2024-05-13,0.0172434956786644,2024,2023-12-31,native_mse,20260912,0.0010502698704938512,,1,1
weekly_state_ungated,3223,2024-05-10,2024-05-20,0.0097933549988344,2024,2023-12-31,native_mse,20260912,0.0008603132721811119,,1,1
weekly_state_ungated,3228,2024-05-17,2024-05-27,-0.0204803832637164,2024,2023-12-31,native_mse,20260912,0.000598359363630433,,1,0
weekly_state_ungated,3233,2024-05-24,2024-06-03,-0.0081155643048258,2024,2023-12-31,native_mse,20260912,0.0005736014331172037,,1,0
weekly_state_ungated,3238,2024-05-31,2024-06-11,-0.0060267570121149,2024,2023-12-31,native_mse,20260912,0.0005483327414548749,,1,0
weekly_state_ungated,3243,2024-06-07,2024-06-17,-0.0096686558937179,2024,2023-12-31,native_mse,20260912,0.000585176229140396,,1,0
weekly_state_ungated,3247,2024-06-14,2024-06-24,-0.013573992457631,2024,2023-12-31,native_mse,20260912,0.000605835607878555,,1,0
weekly_state_ungated,3252,2024-06-21,2024-07-01,-0.004427632109257,2024,2023-12-31,native_mse,20260912,0.0006286050015987623,,1,0
weekly_state_ungated,3257,2024-06-28,2024-07-08,-0.0108320369203009,2024,2023-12-31,native_mse,20260912,0.00064228262166844,,1,0
weekly_state_ungated,3262,2024-07-05,2024-07-15,0.0122222871842843,2024,2023-12-31,native_mse,20260912,0.000721007461573622,,1,1
weekly_state_ungated,3267,2024-07-12,2024-07-22,0.0218881133018156,2024,2023-12-31,native_mse,20260912,0.000821435978076197,,1,1
weekly_state_ungated,3272,2024-07-19,2024-07-29,-0.0378787022382998,2024,2023-12-31,native_mse,20260912,0.0008418861287390497,,1,0
weekly_state_ungated,3277,2024-07-26,2024-08-05,-0.0124134568216732,2024,2023-12-31,native_mse,20260912,0.0012675510770958798,,1,0
weekly_state_ungated,3282,2024-08-02,2024-08-12,-0.0102762848330364,2024,2023-12-31,native_mse,20260912,0.0015249857513458085,,1,0
weekly_state_ungated,3287,2024-08-09,2024-08-19,0.0050186923751938,2024,2023-12-31,native_mse,20260912,0.0015779514189250905,,1,1
weekly_state_ungated,3292,2024-08-16,2024-08-26,-0.0040487282687352,2024,2023-12-31,native_mse,20260912,0.0013998325080271312,,1,0
weekly_state_ungated,3297,2024-08-23,2024-09-02,-0.0069594562136714,2024,2023-12-31,native_mse,20260912,0.0014255873683507452,,1,0
weekly_state_ungated,3302,2024-08-30,2024-09-09,-0.0280389655151561,2024,2023-12-31,native_mse,20260912,0.0015330401621674865,,1,0
weekly_state_ungated,3307,2024-09-06,2024-09-18,-0.0174132138857783,2024,2023-12-31,native_mse,20260912,0.0015627932338450265,,1,0
weekly_state_ungated,3312,2024-09-13,2024-09-24,0.0133119329369826,2024,2023-12-31,native_mse,20260912,0.0015103830852308555,,1,1
weekly_state_ungated,3315,2024-09-20,2024-09-30,0.2017513988384409,2024,2023-12-31,native_mse,20260912,0.0015343284400254939,,1,1
weekly_state_ungated,3320,2024-09-27,2024-10-14,0.0178259004588408,2024,2023-12-31,native_mse,20260912,0.0015725051425186597,,1,1
weekly_state_ungated,3325,2024-10-11,2024-10-21,0.0080914993282625,2024,2023-12-31,native_mse,20260912,0.0019394229622847915,,1,1
weekly_state_ungated,3330,2024-10-18,2024-10-28,0.0015733867085561,2024,2023-12-31,native_mse,20260912,0.0021210173726156634,,1,1
weekly_state_ungated,3335,2024-10-25,2024-11-04,-0.0140142824257356,2024,2023-12-31,native_mse,20260912,0.0021565584052961957,,1,0
weekly_state_ungated,3340,2024-11-01,2024-11-11,0.0434152361258277,2024,2023-12-31,native_mse,20260912,0.002066143931918221,,1,1
weekly_state_ungated,3345,2024-11-08,2024-11-18,-0.0208584853931589,2024,2023-12-31,native_mse,20260912,0.0019328021834634566,,1,0
weekly_state_ungated,3350,2024-11-15,2024-11-25,-0.0267421712161923,2024,2023-12-31,native_mse,20260912,0.0016078398644429398,,1,0
weekly_state_ungated,3355,2024-11-22,2024-12-02,0.0087960346887328,2024,2023-12-31,native_mse,20260912,0.0014387624930086427,,1,1
weekly_state_ungated,3360,2024-11-29,2024-12-09,0.0155919891551781,2024,2023-12-31,native_mse,20260912,0.001055672591838617,,1,1
weekly_state_ungated,3365,2024-12-06,2024-12-16,-0.0100436703218104,2024,2023-12-31,native_mse,20260912,0.0009332123922739673,,1,0
weekly_state_ungated,3370,2024-12-13,2024-12-23,-0.0006690784017421,2024,2023-12-31,native_mse,20260912,0.0007303535282016855,,1,0
weekly_state_ungated,3375,2024-12-20,2024-12-30,0.0123595076562756,2024,2023-12-31,native_mse,20260912,0.0006347143027364932,,1,1
weekly_state_ungated,3380,2024-12-27,2025-01-06,-0.0504714964669198,2024,2023-12-31,native_mse,20260912,0.0004962445983289108,,1,0
weekly_state_ungated,3384,2025-01-03,2025-01-13,-0.0189486730632231,2025,2024-12-31,native_mse,20260910,-0.0042551962797835255,,0,0
weekly_state_ungated,3389,2025-01-10,2025-01-20,0.0353251773547418,2025,2024-12-31,native_mse,20260910,-0.004346017102457373,,0,1
weekly_state_ungated,3394,2025-01-17,2025-01-27,0.000432821422053,2025,2024-12-31,native_mse,20260910,-0.0019110835117753682,,0,1
weekly_state_ungated,3399,2025-01-24,2025-02-10,0.0159344898044284,2025,2024-12-31,native_mse,20260910,-0.0018767518511483509,,0,1
weekly_state_ungated,3403,2025-02-07,2025-02-17,0.0144454990892999,2025,2024-12-31,native_mse,20260910,-0.0005243581714439598,,0,1
weekly_state_ungated,3408,2025-02-14,2025-02-24,0.0045695818086644,2025,2024-12-31,native_mse,20260910,0.0018166916350322408,,1,1
weekly_state_ungated,3413,2025-02-21,2025-03-03,-0.0183210488158531,2025,2024-12-31,native_mse,20260910,-0.0017910693651536675,,0,0
weekly_state_ungated,3418,2025-02-28,2025-03-10,0.0117650075646844,2025,2024-12-31,native_mse,20260910,8.039864129989814e-05,,1,1
weekly_state_ungated,3423,2025-03-07,2025-03-17,0.019023819058288,2025,2024-12-31,native_mse,20260910,0.00045020548490624885,,1,1
weekly_state_ungated,3428,2025-03-14,2025-03-24,-0.0259983485216283,2025,2024-12-31,native_mse,20260910,0.004030585426274574,,1,0
weekly_state_ungated,3433,2025-03-21,2025-03-31,-0.0025867506275359,2025,2024-12-31,native_mse,20260910,0.0025467178052053364,,1,0
weekly_state_ungated,3438,2025-03-28,2025-04-14,-0.0342910101946246,2025,2024-12-31,native_mse,20260910,0.007880897711304511,,1,0
weekly_state_ungated,3447,2025-04-11,2025-04-21,-0.0010339232881941,2025,2024-12-31,native_mse,20260910,5.880823721327009e-05,,1,0
weekly_state_ungated,3452,2025-04-18,2025-04-28,0.0048432383085554,2025,2024-12-31,native_mse,20260910,0.005609692399565023,,1,1
weekly_state_ungated,3457,2025-04-25,2025-05-12,0.02116527880118,2025,2024-12-31,native_mse,20260910,-0.000987643148635555,,0,1
weekly_state_ungated,3464,2025-05-09,2025-05-19,0.0041484224873464,2025,2024-12-31,native_mse,20260910,-0.0013747677302766792,,0,1
weekly_state_ungated,3469,2025-05-16,2025-05-26,-0.0017462660042188,2025,2024-12-31,native_mse,20260910,-0.0004666942525332647,,0,0
weekly_state_ungated,3474,2025-05-23,2025-06-03,-0.0109216443615366,2025,2024-12-31,native_mse,20260910,-0.0003784346347167226,,0,0
weekly_state_ungated,3479,2025-05-30,2025-06-09,0.011566574321892,2025,2024-12-31,native_mse,20260910,0.0010175785321809984,,1,1
weekly_state_ungated,3483,2025-06-06,2025-06-16,-0.0062354943524679,2025,2024-12-31,native_mse,20260910,-0.0001914645603575384,,0,0
weekly_state_ungated,3488,2025-06-13,2025-06-23,-0.005825691168304,2025,2024-12-31,native_mse,20260910,1.1665969000571627e-05,,1,0
weekly_state_ungated,3493,2025-06-20,2025-06-30,0.0232670437490374,2025,2024-12-31,native_mse,20260910,0.0007044968618821799,,1,1
weekly_state_ungated,3498,2025-06-27,2025-07-07,0.0145345648685946,2025,2024-12-31,native_mse,20260910,-0.003232334991441291,,0,1
weekly_state_ungated,3503,2025-07-04,2025-07-14,0.0110426949002964,2025,2024-12-31,native_mse,20260910,0.003419117861495023,,1,1
weekly_state_ungated,3508,2025-07-11,2025-07-21,0.0120759671840067,2025,2024-12-31,native_mse,20260910,0.011140680775400312,,1,1
weekly_state_ungated,3513,2025-07-18,2025-07-28,0.0143570766898375,2025,2024-12-31,native_mse,20260910,-0.002127522022613997,,0,1
weekly_state_ungated,3518,2025-07-25,2025-08-04,-0.0218642507630443,2025,2024-12-31,native_mse,20260910,-0.001869242573817923,,0,0
weekly_state_ungated,3523,2025-08-01,2025-08-11,0.0179175520190988,2025,2024-12-31,native_mse,20260910,2.2319590068522338e-05,,1,1
weekly_state_ungated,3528,2025-08-08,2025-08-18,0.026265786598999,2025,2024-12-31,native_mse,20260910,-0.004614466433741538,,0,1
weekly_state_ungated,3533,2025-08-15,2025-08-25,0.0469483790671487,2025,2024-12-31,native_mse,20260910,-0.0013489789955213162,,0,1
weekly_state_ungated,3538,2025-08-22,2025-09-01,0.0227770368340847,2025,2024-12-31,native_mse,20260910,-0.004341013056443359,,0,1
weekly_state_ungated,3543,2025-08-29,2025-09-08,-0.0110053842475337,2025,2024-12-31,native_mse,20260910,-0.004924417538845909,,0,0
weekly_state_ungated,3548,2025-09-05,2025-09-15,0.0151594857594405,2025,2024-12-31,native_mse,20260910,-0.004519124644784283,,0,1
weekly_state_ungated,3553,2025-09-12,2025-09-22,-0.0050409160971932,2025,2024-12-31,native_mse,20260910,-0.004114428954602145,,0,0
weekly_state_ungated,3558,2025-09-19,2025-09-29,0.0095300784790881,2025,2024-12-31,native_mse,20260910,-0.0047590961051182015,,0,1
weekly_state_ungated,3563,2025-09-26,2025-10-13,-0.0140855274279203,2025,2024-12-31,native_mse,20260910,-0.004219803127072934,,0,0
weekly_state_ungated,3567,2025-10-10,2025-10-20,0.015001547584321,2025,2024-12-31,native_mse,20260910,-0.003823350500415441,,0,1
weekly_state_ungated,3572,2025-10-17,2025-10-27,0.0309637052897611,2025,2024-12-31,native_mse,20260910,-0.003866623261027931,,0,1
weekly_state_ungated,3577,2025-10-24,2025-11-03,-0.013331545863497,2025,2024-12-31,native_mse,20260910,-0.0036382658807448576,,0,0
weekly_state_ungated,3582,2025-10-31,2025-11-10,0.0110832418536339,2025,2024-12-31,native_mse,20260910,-0.003790641327688186,,0,1
weekly_state_ungated,3587,2025-11-07,2025-11-17,-0.0152107881197579,2025,2024-12-31,native_mse,20260910,-0.003538974204578519,,0,0
weekly_state_ungated,3592,2025-11-14,2025-11-24,-0.031114557454173,2025,2024-12-31,native_mse,20260910,-0.003282621345580935,,0,0
weekly_state_ungated,3597,2025-11-21,2025-12-01,0.0147613767448515,2025,2024-12-31,native_mse,20260910,-0.0034884891644206416,,0,1
weekly_state_ungated,3602,2025-11-28,2025-12-08,0.0118853804313106,2025,2024-12-31,native_mse,20260910,-0.003806133337151431,,0,1
weekly_state_ungated,3607,2025-12-05,2025-12-15,-0.0093922675990717,2025,2024-12-31,native_mse,20260910,-0.003208553856296927,,0,0
weekly_state_ungated,3612,2025-12-12,2025-12-22,0.0082791208791208,2025,2024-12-31,native_mse,20260910,0.0022387132272507658,,1,1
weekly_state_ungated,3617,2025-12-19,2025-12-29,0.0153890755001995,2025,2024-12-31,native_mse,20260910,0.006486312528548796,,1,1
weekly_state_ungated,3622,2025-12-26,2026-01-12,0.0239101640737868,2025,2024-12-31,native_mse,20260910,-0.0003728277129905187,,0,1
weekly_state_ungated,3384,2025-01-03,2025-01-13,-0.0189486730632231,2025,2024-12-31,training_frequency,-1,0.472636815920398,0.472636815920398,0,0
weekly_state_ungated,3389,2025-01-10,2025-01-20,0.0353251773547418,2025,2024-12-31,training_frequency,-1,0.472636815920398,0.472636815920398,0,1
weekly_state_ungated,3394,2025-01-17,2025-01-27,0.000432821422053,2025,2024-12-31,training_frequency,-1,0.472636815920398,0.472636815920398,0,1
weekly_state_ungated,3399,2025-01-24,2025-02-10,0.0159344898044284,2025,2024-12-31,training_frequency,-1,0.472636815920398,0.472636815920398,0,1
weekly_state_ungated,3403,2025-02-07,2025-02-17,0.0144454990892999,2025,2024-12-31,training_frequency,-1,0.472636815920398,0.472636815920398,0,1
weekly_state_ungated,3408,2025-02-14,2025-02-24,0.0045695818086644,2025,2024-12-31,training_frequency,-1,0.472636815920398,0.472636815920398,0,1
weekly_state_ungated,3413,2025-02-21,2025-03-03,-0.0183210488158531,2025,2024-12-31,training_frequency,-1,0.472636815920398,0.472636815920398,0,0
weekly_state_ungated,3418,2025-02-28,2025-03-10,0.0117650075646844,2025,2024-12-31,training_frequency,-1,0.472636815920398,0.472636815920398,0,1
weekly_state_ungated,3423,2025-03-07,2025-03-17,0.019023819058288,2025,2024-12-31,training_frequency,-1,0.472636815920398,0.472636815920398,0,1
weekly_state_ungated,3428,2025-03-14,2025-03-24,-0.0259983485216283,2025,2024-12-31,training_frequency,-1,0.472636815920398,0.472636815920398,0,0
weekly_state_ungated,3433,2025-03-21,2025-03-31,-0.0025867506275359,2025,2024-12-31,training_frequency,-1,0.472636815920398,0.472636815920398,0,0
weekly_state_ungated,3438,2025-03-28,2025-04-14,-0.0342910101946246,2025,2024-12-31,training_frequency,-1,0.472636815920398,0.472636815920398,0,0
weekly_state_ungated,3447,2025-04-11,2025-04-21,-0.0010339232881941,2025,2024-12-31,training_frequency,-1,0.472636815920398,0.472636815920398,0,0
weekly_state_ungated,3452,2025-04-18,2025-04-28,0.0048432383085554,2025,2024-12-31,training_frequency,-1,0.472636815920398,0.472636815920398,0,1
weekly_state_ungated,3457,2025-04-25,2025-05-12,0.02116527880118,2025,2024-12-31,training_frequency,-1,0.472636815920398,0.472636815920398,0,1
weekly_state_ungated,3464,2025-05-09,2025-05-19,0.0041484224873464,2025,2024-12-31,training_frequency,-1,0.472636815920398,0.472636815920398,0,1
weekly_state_ungated,3469,2025-05-16,2025-05-26,-0.0017462660042188,2025,2024-12-31,training_frequency,-1,0.472636815920398,0.472636815920398,0,0
weekly_state_ungated,3474,2025-05-23,2025-06-03,-0.0109216443615366,2025,2024-12-31,training_frequency,-1,0.472636815920398,0.472636815920398,0,0
weekly_state_ungated,3479,2025-05-30,2025-06-09,0.011566574321892,2025,2024-12-31,training_frequency,-1,0.472636815920398,0.472636815920398,0,1
weekly_state_ungated,3483,2025-06-06,2025-06-16,-0.0062354943524679,2025,2024-12-31,training_frequency,-1,0.472636815920398,0.472636815920398,0,0
weekly_state_ungated,3488,2025-06-13,2025-06-23,-0.005825691168304,2025,2024-12-31,training_frequency,-1,0.472636815920398,0.472636815920398,0,0
weekly_state_ungated,3493,2025-06-20,2025-06-30,0.0232670437490374,2025,2024-12-31,training_frequency,-1,0.472636815920398,0.472636815920398,0,1
weekly_state_ungated,3498,2025-06-27,2025-07-07,0.0145345648685946,2025,2024-12-31,training_frequency,-1,0.472636815920398,0.472636815920398,0,1
weekly_state_ungated,3503,2025-07-04,2025-07-14,0.0110426949002964,2025,2024-12-31,training_frequency,-1,0.472636815920398,0.472636815920398,0,1
weekly_state_ungated,3508,2025-07-11,2025-07-21,0.0120759671840067,2025,2024-12-31,training_frequency,-1,0.472636815920398,0.472636815920398,0,1
weekly_state_ungated,3513,2025-07-18,2025-07-28,0.0143570766898375,2025,2024-12-31,training_frequency,-1,0.472636815920398,0.472636815920398,0,1
weekly_state_ungated,3518,2025-07-25,2025-08-04,-0.0218642507630443,2025,2024-12-31,training_frequency,-1,0.472636815920398,0.472636815920398,0,0
weekly_state_ungated,3523,2025-08-01,2025-08-11,0.0179175520190988,2025,2024-12-31,training_frequency,-1,0.472636815920398,0.472636815920398,0,1
weekly_state_ungated,3528,2025-08-08,2025-08-18,0.026265786598999,2025,2024-12-31,training_frequency,-1,0.472636815920398,0.472636815920398,0,1
weekly_state_ungated,3533,2025-08-15,2025-08-25,0.0469483790671487,2025,2024-12-31,training_frequency,-1,0.472636815920398,0.472636815920398,0,1
weekly_state_ungated,3538,2025-08-22,2025-09-01,0.0227770368340847,2025,2024-12-31,training_frequency,-1,0.472636815920398,0.472636815920398,0,1
weekly_state_ungated,3543,2025-08-29,2025-09-08,-0.0110053842475337,2025,2024-12-31,training_frequency,-1,0.472636815920398,0.472636815920398,0,0
weekly_state_ungated,3548,2025-09-05,2025-09-15,0.0151594857594405,2025,2024-12-31,training_frequency,-1,0.472636815920398,0.472636815920398,0,1
weekly_state_ungated,3553,2025-09-12,2025-09-22,-0.0050409160971932,2025,2024-12-31,training_frequency,-1,0.472636815920398,0.472636815920398,0,0
weekly_state_ungated,3558,2025-09-19,2025-09-29,0.0095300784790881,2025,2024-12-31,training_frequency,-1,0.472636815920398,0.472636815920398,0,1
weekly_state_ungated,3563,2025-09-26,2025-10-13,-0.0140855274279203,2025,2024-12-31,training_frequency,-1,0.472636815920398,0.472636815920398,0,0
weekly_state_ungated,3567,2025-10-10,2025-10-20,0.015001547584321,2025,2024-12-31,training_frequency,-1,0.472636815920398,0.472636815920398,0,1
weekly_state_ungated,3572,2025-10-17,2025-10-27,0.0309637052897611,2025,2024-12-31,training_frequency,-1,0.472636815920398,0.472636815920398,0,1
weekly_state_ungated,3577,2025-10-24,2025-11-03,-0.013331545863497,2025,2024-12-31,training_frequency,-1,0.472636815920398,0.472636815920398,0,0
weekly_state_ungated,3582,2025-10-31,2025-11-10,0.0110832418536339,2025,2024-12-31,training_frequency,-1,0.472636815920398,0.472636815920398,0,1
weekly_state_ungated,3587,2025-11-07,2025-11-17,-0.0152107881197579,2025,2024-12-31,training_frequency,-1,0.472636815920398,0.472636815920398,0,0
weekly_state_ungated,3592,2025-11-14,2025-11-24,-0.031114557454173,2025,2024-12-31,training_frequency,-1,0.472636815920398,0.472636815920398,0,0
weekly_state_ungated,3597,2025-11-21,2025-12-01,0.0147613767448515,2025,2024-12-31,training_frequency,-1,0.472636815920398,0.472636815920398,0,1
weekly_state_ungated,3602,2025-11-28,2025-12-08,0.0118853804313106,2025,2024-12-31,training_frequency,-1,0.472636815920398,0.472636815920398,0,1
weekly_state_ungated,3607,2025-12-05,2025-12-15,-0.0093922675990717,2025,2024-12-31,training_frequency,-1,0.472636815920398,0.472636815920398,0,0
weekly_state_ungated,3612,2025-12-12,2025-12-22,0.0082791208791208,2025,2024-12-31,training_frequency,-1,0.472636815920398,0.472636815920398,0,1
weekly_state_ungated,3617,2025-12-19,2025-12-29,0.0153890755001995,2025,2024-12-31,training_frequency,-1,0.472636815920398,0.472636815920398,0,1
weekly_state_ungated,3622,2025-12-26,2026-01-12,0.0239101640737868,2025,2024-12-31,training_frequency,-1,0.472636815920398,0.472636815920398,0,1
weekly_state_ungated,3384,2025-01-03,2025-01-13,-0.0189486730632231,2025,2024-12-31,native_mse,20260911,-0.002243633031677963,,0,0
weekly_state_ungated,3389,2025-01-10,2025-01-20,0.0353251773547418,2025,2024-12-31,native_mse,20260911,-0.0018394813791051527,,0,1
weekly_state_ungated,3394,2025-01-17,2025-01-27,0.000432821422053,2025,2024-12-31,native_mse,20260911,-0.0014393263633927758,,0,1
weekly_state_ungated,3399,2025-01-24,2025-02-10,0.0159344898044284,2025,2024-12-31,native_mse,20260911,-0.0005732481089145066,,0,1
weekly_state_ungated,3403,2025-02-07,2025-02-17,0.0144454990892999,2025,2024-12-31,native_mse,20260911,-0.0003493640286036611,,0,1
weekly_state_ungated,3408,2025-02-14,2025-02-24,0.0045695818086644,2025,2024-12-31,native_mse,20260911,-6.571465300264602e-06,,0,1
weekly_state_ungated,3413,2025-02-21,2025-03-03,-0.0183210488158531,2025,2024-12-31,native_mse,20260911,0.00010564573035517886,,1,0
weekly_state_ungated,3418,2025-02-28,2025-03-10,0.0117650075646844,2025,2024-12-31,native_mse,20260911,0.00030938900384146466,,1,1
weekly_state_ungated,3423,2025-03-07,2025-03-17,0.019023819058288,2025,2024-12-31,native_mse,20260911,0.0003527669941379203,,1,1
weekly_state_ungated,3428,2025-03-14,2025-03-24,-0.0259983485216283,2025,2024-12-31,native_mse,20260911,0.0004719065040533454,,1,0
weekly_state_ungated,3433,2025-03-21,2025-03-31,-0.0025867506275359,2025,2024-12-31,native_mse,20260911,0.0001374212134311476,,1,0
weekly_state_ungated,3438,2025-03-28,2025-04-14,-0.0342910101946246,2025,2024-12-31,native_mse,20260911,0.0003460895283123176,,1,0
weekly_state_ungated,3447,2025-04-11,2025-04-21,-0.0010339232881941,2025,2024-12-31,native_mse,20260911,0.000247650617921614,,1,0
weekly_state_ungated,3452,2025-04-18,2025-04-28,0.0048432383085554,2025,2024-12-31,native_mse,20260911,0.0005399418130639047,,1,1
weekly_state_ungated,3457,2025-04-25,2025-05-12,0.02116527880118,2025,2024-12-31,native_mse,20260911,0.00041859235087992534,,1,1
weekly_state_ungated,3464,2025-05-09,2025-05-19,0.0041484224873464,2025,2024-12-31,native_mse,20260911,-0.00023324757687195213,,0,1
weekly_state_ungated,3469,2025-05-16,2025-05-26,-0.0017462660042188,2025,2024-12-31,native_mse,20260911,-0.0007053097438131018,,0,0
weekly_state_ungated,3474,2025-05-23,2025-06-03,-0.0109216443615366,2025,2024-12-31,native_mse,20260911,-0.0004283154814639044,,0,0
weekly_state_ungated,3479,2025-05-30,2025-06-09,0.011566574321892,2025,2024-12-31,native_mse,20260911,-0.0007435280421209072,,0,1
weekly_state_ungated,3483,2025-06-06,2025-06-16,-0.0062354943524679,2025,2024-12-31,native_mse,20260911,0.00031992663879525335,,1,0
weekly_state_ungated,3488,2025-06-13,2025-06-23,-0.005825691168304,2025,2024-12-31,native_mse,20260911,-0.00012583521126832513,,0,0
weekly_state_ungated,3493,2025-06-20,2025-06-30,0.0232670437490374,2025,2024-12-31,native_mse,20260911,0.0004804870845920942,,1,1
weekly_state_ungated,3498,2025-06-27,2025-07-07,0.0145345648685946,2025,2024-12-31,native_mse,20260911,0.0003559800730399111,,1,1
weekly_state_ungated,3503,2025-07-04,2025-07-14,0.0110426949002964,2025,2024-12-31,native_mse,20260911,0.0001003436982822433,,1,1
weekly_state_ungated,3508,2025-07-11,2025-07-21,0.0120759671840067,2025,2024-12-31,native_mse,20260911,0.00011930674045287023,,1,1
weekly_state_ungated,3513,2025-07-18,2025-07-28,0.0143570766898375,2025,2024-12-31,native_mse,20260911,-0.00014021210404791933,,0,1
weekly_state_ungated,3518,2025-07-25,2025-08-04,-0.0218642507630443,2025,2024-12-31,native_mse,20260911,-0.0010675431152552786,,0,0
weekly_state_ungated,3523,2025-08-01,2025-08-11,0.0179175520190988,2025,2024-12-31,native_mse,20260911,-0.0011114652147751107,,0,1
weekly_state_ungated,3528,2025-08-08,2025-08-18,0.026265786598999,2025,2024-12-31,native_mse,20260911,-0.0011821175732785794,,0,1
weekly_state_ungated,3533,2025-08-15,2025-08-25,0.0469483790671487,2025,2024-12-31,native_mse,20260911,-0.001692750035902398,,0,1
weekly_state_ungated,3538,2025-08-22,2025-09-01,0.0227770368340847,2025,2024-12-31,native_mse,20260911,-0.0020785336587941633,,0,1
weekly_state_ungated,3543,2025-08-29,2025-09-08,-0.0110053842475337,2025,2024-12-31,native_mse,20260911,-0.0022958519339049935,,0,0
weekly_state_ungated,3548,2025-09-05,2025-09-15,0.0151594857594405,2025,2024-12-31,native_mse,20260911,-0.002811169444921857,,0,1
weekly_state_ungated,3553,2025-09-12,2025-09-22,-0.0050409160971932,2025,2024-12-31,native_mse,20260911,-0.0028821755195373713,,0,0
weekly_state_ungated,3558,2025-09-19,2025-09-29,0.0095300784790881,2025,2024-12-31,native_mse,20260911,-0.0027270038017814854,,0,1
weekly_state_ungated,3563,2025-09-26,2025-10-13,-0.0140855274279203,2025,2024-12-31,native_mse,20260911,-0.002671446424452231,,0,0
weekly_state_ungated,3567,2025-10-10,2025-10-20,0.015001547584321,2025,2024-12-31,native_mse,20260911,-0.002875353278749809,,0,1
weekly_state_ungated,3572,2025-10-17,2025-10-27,0.0309637052897611,2025,2024-12-31,native_mse,20260911,-0.0026759293493526775,,0,1
weekly_state_ungated,3577,2025-10-24,2025-11-03,-0.013331545863497,2025,2024-12-31,native_mse,20260911,-0.0024118634853773644,,0,0
weekly_state_ungated,3582,2025-10-31,2025-11-10,0.0110832418536339,2025,2024-12-31,native_mse,20260911,-0.0024513790865101073,,0,1
weekly_state_ungated,3587,2025-11-07,2025-11-17,-0.0152107881197579,2025,2024-12-31,native_mse,20260911,-0.0023441841984512364,,0,0
weekly_state_ungated,3592,2025-11-14,2025-11-24,-0.031114557454173,2025,2024-12-31,native_mse,20260911,-0.0023326617843834286,,0,0
weekly_state_ungated,3597,2025-11-21,2025-12-01,0.0147613767448515,2025,2024-12-31,native_mse,20260911,-0.0021695162719280723,,0,1
weekly_state_ungated,3602,2025-11-28,2025-12-08,0.0118853804313106,2025,2024-12-31,native_mse,20260911,-0.0021230276394656705,,0,1
weekly_state_ungated,3607,2025-12-05,2025-12-15,-0.0093922675990717,2025,2024-12-31,native_mse,20260911,-0.0018508009821854902,,0,0
weekly_state_ungated,3612,2025-12-12,2025-12-22,0.0082791208791208,2025,2024-12-31,native_mse,20260911,-0.0014574936445709685,,0,1
weekly_state_ungated,3617,2025-12-19,2025-12-29,0.0153890755001995,2025,2024-12-31,native_mse,20260911,-0.001196551069802699,,0,1
weekly_state_ungated,3622,2025-12-26,2026-01-12,0.0239101640737868,2025,2024-12-31,native_mse,20260911,-0.0009424910062058391,,0,1
weekly_state_ungated,3384,2025-01-03,2025-01-13,-0.0189486730632231,2025,2024-12-31,native_mse,20260912,-0.003930728949605344,,0,0
weekly_state_ungated,3389,2025-01-10,2025-01-20,0.0353251773547418,2025,2024-12-31,native_mse,20260912,0.004608697114816542,,1,1
weekly_state_ungated,3394,2025-01-17,2025-01-27,0.000432821422053,2025,2024-12-31,native_mse,20260912,-0.0013781107886780553,,0,1
weekly_state_ungated,3399,2025-01-24,2025-02-10,0.0159344898044284,2025,2024-12-31,native_mse,20260912,0.008065382377116114,,1,1
weekly_state_ungated,3403,2025-02-07,2025-02-17,0.0144454990892999,2025,2024-12-31,native_mse,20260912,0.0020560919017093573,,1,1
weekly_state_ungated,3408,2025-02-14,2025-02-24,0.0045695818086644,2025,2024-12-31,native_mse,20260912,0.0004574229206631815,,1,1
weekly_state_ungated,3413,2025-02-21,2025-03-03,-0.0183210488158531,2025,2024-12-31,native_mse,20260912,-0.004487069050516085,,0,0
weekly_state_ungated,3418,2025-02-28,2025-03-10,0.0117650075646844,2025,2024-12-31,native_mse,20260912,0.007907777385840498,,1,1
weekly_state_ungated,3423,2025-03-07,2025-03-17,0.019023819058288,2025,2024-12-31,native_mse,20260912,-0.007080334543719193,,0,1
weekly_state_ungated,3428,2025-03-14,2025-03-24,-0.0259983485216283,2025,2024-12-31,native_mse,20260912,0.005416181842733637,,1,0
weekly_state_ungated,3433,2025-03-21,2025-03-31,-0.0025867506275359,2025,2024-12-31,native_mse,20260912,0.0028174386195491687,,1,0
weekly_state_ungated,3438,2025-03-28,2025-04-14,-0.0342910101946246,2025,2024-12-31,native_mse,20260912,0.0006099430279859906,,1,0
weekly_state_ungated,3447,2025-04-11,2025-04-21,-0.0010339232881941,2025,2024-12-31,native_mse,20260912,-0.0038314464400373087,,0,0
weekly_state_ungated,3452,2025-04-18,2025-04-28,0.0048432383085554,2025,2024-12-31,native_mse,20260912,-0.002239070357372274,,0,1
weekly_state_ungated,3457,2025-04-25,2025-05-12,0.02116527880118,2025,2024-12-31,native_mse,20260912,-0.0030291142570267483,,0,1
weekly_state_ungated,3464,2025-05-09,2025-05-19,0.0041484224873464,2025,2024-12-31,native_mse,20260912,-0.006797100864360832,,0,1
weekly_state_ungated,3469,2025-05-16,2025-05-26,-0.0017462660042188,2025,2024-12-31,native_mse,20260912,0.0011635229802106158,,1,0
weekly_state_ungated,3474,2025-05-23,2025-06-03,-0.0109216443615366,2025,2024-12-31,native_mse,20260912,-0.0015437185640202761,,0,0
weekly_state_ungated,3479,2025-05-30,2025-06-09,0.011566574321892,2025,2024-12-31,native_mse,20260912,-0.007042284452490261,,0,1
weekly_state_ungated,3483,2025-06-06,2025-06-16,-0.0062354943524679,2025,2024-12-31,native_mse,20260912,0.00028466611619904517,,1,0
weekly_state_ungated,3488,2025-06-13,2025-06-23,-0.005825691168304,2025,2024-12-31,native_mse,20260912,-0.006674179072757184,,0,0
weekly_state_ungated,3493,2025-06-20,2025-06-30,0.0232670437490374,2025,2024-12-31,native_mse,20260912,-0.0026285119113171485,,0,1
weekly_state_ungated,3498,2025-06-27,2025-07-07,0.0145345648685946,2025,2024-12-31,native_mse,20260912,-0.001664357643481335,,0,1
weekly_state_ungated,3503,2025-07-04,2025-07-14,0.0110426949002964,2025,2024-12-31,native_mse,20260912,0.0037107408116209707,,1,1
weekly_state_ungated,3508,2025-07-11,2025-07-21,0.0120759671840067,2025,2024-12-31,native_mse,20260912,0.002218014475368515,,1,1
weekly_state_ungated,3513,2025-07-18,2025-07-28,0.0143570766898375,2025,2024-12-31,native_mse,20260912,0.009911597608358887,,1,1
weekly_state_ungated,3518,2025-07-25,2025-08-04,-0.0218642507630443,2025,2024-12-31,native_mse,20260912,-0.0013540938427923275,,0,0
weekly_state_ungated,3523,2025-08-01,2025-08-11,0.0179175520190988,2025,2024-12-31,native_mse,20260912,0.002501110312004882,,1,1
weekly_state_ungated,3528,2025-08-08,2025-08-18,0.026265786598999,2025,2024-12-31,native_mse,20260912,-0.006121881900028309,,0,1
weekly_state_ungated,3533,2025-08-15,2025-08-25,0.0469483790671487,2025,2024-12-31,native_mse,20260912,-0.0031833828356847573,,0,1
weekly_state_ungated,3538,2025-08-22,2025-09-01,0.0227770368340847,2025,2024-12-31,native_mse,20260912,-0.005229739970136804,,0,1
weekly_state_ungated,3543,2025-08-29,2025-09-08,-0.0110053842475337,2025,2024-12-31,native_mse,20260912,0.0017396293034999204,,1,0
weekly_state_ungated,3548,2025-09-05,2025-09-15,0.0151594857594405,2025,2024-12-31,native_mse,20260912,-0.006315423164964012,,0,1
weekly_state_ungated,3553,2025-09-12,2025-09-22,-0.0050409160971932,2025,2024-12-31,native_mse,20260912,0.0036445584301978444,,1,0
weekly_state_ungated,3558,2025-09-19,2025-09-29,0.0095300784790881,2025,2024-12-31,native_mse,20260912,-0.007907179585583714,,0,1
weekly_state_ungated,3563,2025-09-26,2025-10-13,-0.0140855274279203,2025,2024-12-31,native_mse,20260912,-0.0016751946251609804,,0,0
weekly_state_ungated,3567,2025-10-10,2025-10-20,0.015001547584321,2025,2024-12-31,native_mse,20260912,-0.006402638764524997,,0,1
weekly_state_ungated,3572,2025-10-17,2025-10-27,0.0309637052897611,2025,2024-12-31,native_mse,20260912,-0.00870396964325983,,0,1
weekly_state_ungated,3577,2025-10-24,2025-11-03,-0.013331545863497,2025,2024-12-31,native_mse,20260912,-0.005475122015119508,,0,0
weekly_state_ungated,3582,2025-10-31,2025-11-10,0.0110832418536339,2025,2024-12-31,native_mse,20260912,-0.006949842516906396,,0,1
weekly_state_ungated,3587,2025-11-07,2025-11-17,-0.0152107881197579,2025,2024-12-31,native_mse,20260912,0.005808210669049744,,1,0
weekly_state_ungated,3592,2025-11-14,2025-11-24,-0.031114557454173,2025,2024-12-31,native_mse,20260912,-0.005729952989633713,,0,0
weekly_state_ungated,3597,2025-11-21,2025-12-01,0.0147613767448515,2025,2024-12-31,native_mse,20260912,-0.0015450315646448089,,0,1
weekly_state_ungated,3602,2025-11-28,2025-12-08,0.0118853804313106,2025,2024-12-31,native_mse,20260912,-0.0032204954130721736,,0,1
weekly_state_ungated,3607,2025-12-05,2025-12-15,-0.0093922675990717,2025,2024-12-31,native_mse,20260912,-0.0047114270439592345,,0,0
weekly_state_ungated,3612,2025-12-12,2025-12-22,0.0082791208791208,2025,2024-12-31,native_mse,20260912,0.0035042182684974187,,1,1
weekly_state_ungated,3617,2025-12-19,2025-12-29,0.0153890755001995,2025,2024-12-31,native_mse,20260912,-0.0005370407904008248,,0,1
weekly_state_ungated,3622,2025-12-26,2026-01-12,0.0239101640737868,2025,2024-12-31,native_mse,20260912,0.002315041428841435,,1,1
weekly_state_ungated,3630,2026-01-09,2026-01-19,-0.0103697336282536,2026,2025-12-31,native_mse,20260910,-0.002855102612462861,,0,0
weekly_state_ungated,3635,2026-01-16,2026-01-26,-0.0010190267764643,2026,2025-12-31,native_mse,20260910,-0.00015744638603756636,,0,0
weekly_state_ungated,3640,2026-01-23,2026-02-02,-0.0087161586128796,2026,2025-12-31,native_mse,20260910,-0.006105688647517694,,0,0
weekly_state_ungated,3645,2026-01-30,2026-02-09,0.0041482324550519,2026,2025-12-31,native_mse,20260910,-0.0019649521887390433,,0,1
weekly_state_ungated,3650,2026-02-06,2026-02-24,0.0071649689901505,2026,2025-12-31,native_mse,20260910,0.0047027542719540035,,1,1
weekly_state_ungated,3655,2026-02-13,2026-03-02,-0.0097920588919678,2026,2025-12-31,native_mse,20260910,0.0004179826835146159,,1,0
weekly_state_ungated,3659,2026-02-27,2026-03-09,-0.0172526869201304,2026,2025-12-31,native_mse,20260910,0.0022625269962182996,,1,0
weekly_state_ungated,3664,2026-03-06,2026-03-16,0.0149926634422041,2026,2025-12-31,native_mse,20260910,-0.003806878947664824,,0,1
weekly_state_ungated,3669,2026-03-13,2026-03-23,-0.0364343509194254,2026,2025-12-31,native_mse,20260910,-0.006468904470141985,,0,0
weekly_state_ungated,3674,2026-03-20,2026-03-30,-0.0083038829988221,2026,2025-12-31,native_mse,20260910,-0.006677801015318794,,0,0
weekly_state_ungated,3679,2026-03-27,2026-04-07,-0.0035591495694504,2026,2025-12-31,native_mse,20260910,-0.0012459609623288559,,0,0
weekly_state_ungated,3684,2026-04-03,2026-04-13,0.0380736235508991,2026,2025-12-31,native_mse,20260910,-0.0002708764126667155,,0,1
weekly_state_ungated,3688,2026-04-10,2026-04-20,0.0242766725964382,2026,2025-12-31,native_mse,20260910,-0.0014516073248232214,,0,1
weekly_state_ungated,3693,2026-04-17,2026-04-27,0.010401572188011,2026,2025-12-31,native_mse,20260910,-0.00019243492513075974,,0,1
weekly_state_ungated,3698,2026-04-24,2026-05-11,0.0263674696524953,2026,2025-12-31,native_mse,20260910,0.00044530537803680217,,1,1
weekly_state_ungated,3705,2026-05-08,2026-05-18,-0.0134529239455926,2026,2025-12-31,native_mse,20260910,0.00821158666179363,,1,0
weekly_state_ungated,3710,2026-05-15,2026-05-25,0.0076235492615268,2026,2025-12-31,native_mse,20260910,0.009209478129531542,,1,1
weekly_state_ungated,3715,2026-05-22,2026-06-01,0.005068538126898,2026,2025-12-31,native_mse,20260910,-0.0037899662548005076,,0,1
weekly_state_ungated,3720,2026-05-29,2026-06-08,-0.039635353927193,2026,2025-12-31,native_mse,20260910,-0.005878390043911763,,0,0
weekly_state_ungated,3725,2026-06-05,2026-06-15,0.0266849782195981,2026,2025-12-31,native_mse,20260910,-0.005079831260852612,,0,1
weekly_state_ungated,3730,2026-06-12,2026-06-29,0.0076098142791176,2026,2025-12-31,native_mse,20260910,-0.0013875397965599067,,0,1
weekly_state_ungated,3739,2026-06-26,2026-07-06,0.0005137647861506,2026,2025-12-31,native_mse,20260910,-0.002031043716013942,,0,1
weekly_state_ungated,3744,2026-07-03,2026-07-13,-0.0252847876365399,2026,2025-12-31,native_mse,20260910,-0.003966417206833292,,0,0
weekly_state_ungated,3749,2026-07-10,2026-07-20,-0.035775397012711,2026,2025-12-31,native_mse,20260910,-0.000224192482655729,,0,0
weekly_state_ungated,3754,2026-07-17,2026-07-27,0.01756245533441,2026,2025-12-31,native_mse,20260910,-0.001279240964054163,,0,1
weekly_state_ungated,3759,2026-07-24,2026-08-03,-0.0202339761556519,2026,2025-12-31,native_mse,20260910,-0.0020989123929827714,,0,0
weekly_state_ungated,3764,2026-07-31,2026-08-10,0.0300318732435738,2026,2025-12-31,native_mse,20260910,-0.005698998401180227,,0,1
weekly_state_ungated,3769,2026-08-07,2026-08-17,-0.0056482265760339,2026,2025-12-31,native_mse,20260910,-0.000843785639629233,,0,0
weekly_state_ungated,3774,2026-08-14,2026-08-24,-0.0109860710402629,2026,2025-12-31,native_mse,20260910,0.001103287661206875,,1,0
weekly_state_ungated,3779,2026-08-21,2026-08-31,-0.0127592811002066,2026,2025-12-31,native_mse,20260910,0.005195736341319573,,1,0
weekly_state_ungated,3630,2026-01-09,2026-01-19,-0.0103697336282536,2026,2025-12-31,training_frequency,-1,0.4792703150912106,0.4792703150912106,0,0
weekly_state_ungated,3635,2026-01-16,2026-01-26,-0.0010190267764643,2026,2025-12-31,training_frequency,-1,0.4792703150912106,0.4792703150912106,0,0
weekly_state_ungated,3640,2026-01-23,2026-02-02,-0.0087161586128796,2026,2025-12-31,training_frequency,-1,0.4792703150912106,0.4792703150912106,0,0
weekly_state_ungated,3645,2026-01-30,2026-02-09,0.0041482324550519,2026,2025-12-31,training_frequency,-1,0.4792703150912106,0.4792703150912106,0,1
weekly_state_ungated,3650,2026-02-06,2026-02-24,0.0071649689901505,2026,2025-12-31,training_frequency,-1,0.4792703150912106,0.4792703150912106,0,1
weekly_state_ungated,3655,2026-02-13,2026-03-02,-0.0097920588919678,2026,2025-12-31,training_frequency,-1,0.4792703150912106,0.4792703150912106,0,0
weekly_state_ungated,3659,2026-02-27,2026-03-09,-0.0172526869201304,2026,2025-12-31,training_frequency,-1,0.4792703150912106,0.4792703150912106,0,0
weekly_state_ungated,3664,2026-03-06,2026-03-16,0.0149926634422041,2026,2025-12-31,training_frequency,-1,0.4792703150912106,0.4792703150912106,0,1
weekly_state_ungated,3669,2026-03-13,2026-03-23,-0.0364343509194254,2026,2025-12-31,training_frequency,-1,0.4792703150912106,0.4792703150912106,0,0
weekly_state_ungated,3674,2026-03-20,2026-03-30,-0.0083038829988221,2026,2025-12-31,training_frequency,-1,0.4792703150912106,0.4792703150912106,0,0
weekly_state_ungated,3679,2026-03-27,2026-04-07,-0.0035591495694504,2026,2025-12-31,training_frequency,-1,0.4792703150912106,0.4792703150912106,0,0
weekly_state_ungated,3684,2026-04-03,2026-04-13,0.0380736235508991,2026,2025-12-31,training_frequency,-1,0.4792703150912106,0.4792703150912106,0,1
weekly_state_ungated,3688,2026-04-10,2026-04-20,0.0242766725964382,2026,2025-12-31,training_frequency,-1,0.4792703150912106,0.4792703150912106,0,1
weekly_state_ungated,3693,2026-04-17,2026-04-27,0.010401572188011,2026,2025-12-31,training_frequency,-1,0.4792703150912106,0.4792703150912106,0,1
weekly_state_ungated,3698,2026-04-24,2026-05-11,0.0263674696524953,2026,2025-12-31,training_frequency,-1,0.4792703150912106,0.4792703150912106,0,1
weekly_state_ungated,3705,2026-05-08,2026-05-18,-0.0134529239455926,2026,2025-12-31,training_frequency,-1,0.4792703150912106,0.4792703150912106,0,0
weekly_state_ungated,3710,2026-05-15,2026-05-25,0.0076235492615268,2026,2025-12-31,training_frequency,-1,0.4792703150912106,0.4792703150912106,0,1
weekly_state_ungated,3715,2026-05-22,2026-06-01,0.005068538126898,2026,2025-12-31,training_frequency,-1,0.4792703150912106,0.4792703150912106,0,1
weekly_state_ungated,3720,2026-05-29,2026-06-08,-0.039635353927193,2026,2025-12-31,training_frequency,-1,0.4792703150912106,0.4792703150912106,0,0
weekly_state_ungated,3725,2026-06-05,2026-06-15,0.0266849782195981,2026,2025-12-31,training_frequency,-1,0.4792703150912106,0.4792703150912106,0,1
weekly_state_ungated,3730,2026-06-12,2026-06-29,0.0076098142791176,2026,2025-12-31,training_frequency,-1,0.4792703150912106,0.4792703150912106,0,1
weekly_state_ungated,3739,2026-06-26,2026-07-06,0.0005137647861506,2026,2025-12-31,training_frequency,-1,0.4792703150912106,0.4792703150912106,0,1
weekly_state_ungated,3744,2026-07-03,2026-07-13,-0.0252847876365399,2026,2025-12-31,training_frequency,-1,0.4792703150912106,0.4792703150912106,0,0
weekly_state_ungated,3749,2026-07-10,2026-07-20,-0.035775397012711,2026,2025-12-31,training_frequency,-1,0.4792703150912106,0.4792703150912106,0,0
weekly_state_ungated,3754,2026-07-17,2026-07-27,0.01756245533441,2026,2025-12-31,training_frequency,-1,0.4792703150912106,0.4792703150912106,0,1
weekly_state_ungated,3759,2026-07-24,2026-08-03,-0.0202339761556519,2026,2025-12-31,training_frequency,-1,0.4792703150912106,0.4792703150912106,0,0
weekly_state_ungated,3764,2026-07-31,2026-08-10,0.0300318732435738,2026,2025-12-31,training_frequency,-1,0.4792703150912106,0.4792703150912106,0,1
weekly_state_ungated,3769,2026-08-07,2026-08-17,-0.0056482265760339,2026,2025-12-31,training_frequency,-1,0.4792703150912106,0.4792703150912106,0,0
weekly_state_ungated,3774,2026-08-14,2026-08-24,-0.0109860710402629,2026,2025-12-31,training_frequency,-1,0.4792703150912106,0.4792703150912106,0,0
weekly_state_ungated,3779,2026-08-21,2026-08-31,-0.0127592811002066,2026,2025-12-31,training_frequency,-1,0.4792703150912106,0.4792703150912106,0,0
weekly_state_ungated,3630,2026-01-09,2026-01-19,-0.0103697336282536,2026,2025-12-31,native_mse,20260911,-0.0030890692487675277,,0,0
weekly_state_ungated,3635,2026-01-16,2026-01-26,-0.0010190267764643,2026,2025-12-31,native_mse,20260911,-0.0029844245717806552,,0,0
weekly_state_ungated,3640,2026-01-23,2026-02-02,-0.0087161586128796,2026,2025-12-31,native_mse,20260911,-0.0018485669736654138,,0,0
weekly_state_ungated,3645,2026-01-30,2026-02-09,0.0041482324550519,2026,2025-12-31,native_mse,20260911,-0.002659061252019485,,0,1
weekly_state_ungated,3650,2026-02-06,2026-02-24,0.0071649689901505,2026,2025-12-31,native_mse,20260911,-0.0015567976959256278,,0,1
weekly_state_ungated,3655,2026-02-13,2026-03-02,-0.0097920588919678,2026,2025-12-31,native_mse,20260911,-0.0015389707922718095,,0,0
weekly_state_ungated,3659,2026-02-27,2026-03-09,-0.0172526869201304,2026,2025-12-31,native_mse,20260911,-0.0019681718770543553,,0,0
weekly_state_ungated,3664,2026-03-06,2026-03-16,0.0149926634422041,2026,2025-12-31,native_mse,20260911,0.00014521785716820214,,1,1
weekly_state_ungated,3669,2026-03-13,2026-03-23,-0.0364343509194254,2026,2025-12-31,native_mse,20260911,-0.0022671453715006956,,0,0
weekly_state_ungated,3674,2026-03-20,2026-03-30,-0.0083038829988221,2026,2025-12-31,native_mse,20260911,-0.001986856137592856,,0,0
weekly_state_ungated,3679,2026-03-27,2026-04-07,-0.0035591495694504,2026,2025-12-31,native_mse,20260911,-0.002218520604235266,,0,0
weekly_state_ungated,3684,2026-04-03,2026-04-13,0.0380736235508991,2026,2025-12-31,native_mse,20260911,-0.002090390096021022,,0,1
weekly_state_ungated,3688,2026-04-10,2026-04-20,0.0242766725964382,2026,2025-12-31,native_mse,20260911,-0.0024408235069100508,,0,1
weekly_state_ungated,3693,2026-04-17,2026-04-27,0.010401572188011,2026,2025-12-31,native_mse,20260911,-0.0029629470272129906,,0,1
weekly_state_ungated,3698,2026-04-24,2026-05-11,0.0263674696524953,2026,2025-12-31,native_mse,20260911,-0.003359926419865766,,0,1
weekly_state_ungated,3705,2026-05-08,2026-05-18,-0.0134529239455926,2026,2025-12-31,native_mse,20260911,-0.002535154678821143,,0,0
weekly_state_ungated,3710,2026-05-15,2026-05-25,0.0076235492615268,2026,2025-12-31,native_mse,20260911,-0.002260058894062486,,0,1
weekly_state_ungated,3715,2026-05-22,2026-06-01,0.005068538126898,2026,2025-12-31,native_mse,20260911,-0.0015057276938992676,,0,1
weekly_state_ungated,3720,2026-05-29,2026-06-08,-0.039635353927193,2026,2025-12-31,native_mse,20260911,-0.002635162144589442,,0,0
weekly_state_ungated,3725,2026-06-05,2026-06-15,0.0266849782195981,2026,2025-12-31,native_mse,20260911,-0.003913781241526722,,0,1
weekly_state_ungated,3730,2026-06-12,2026-06-29,0.0076098142791176,2026,2025-12-31,native_mse,20260911,-0.0036857925348870147,,0,1
weekly_state_ungated,3739,2026-06-26,2026-07-06,0.0005137647861506,2026,2025-12-31,native_mse,20260911,-0.0021369319429553274,,0,1
weekly_state_ungated,3744,2026-07-03,2026-07-13,-0.0252847876365399,2026,2025-12-31,native_mse,20260911,-0.0022933277317483012,,0,0
weekly_state_ungated,3749,2026-07-10,2026-07-20,-0.035775397012711,2026,2025-12-31,native_mse,20260911,-0.0023056933526758674,,0,0
weekly_state_ungated,3754,2026-07-17,2026-07-27,0.01756245533441,2026,2025-12-31,native_mse,20260911,-0.0024493044555773855,,0,1
weekly_state_ungated,3759,2026-07-24,2026-08-03,-0.0202339761556519,2026,2025-12-31,native_mse,20260911,-0.0026633393533010696,,0,0
weekly_state_ungated,3764,2026-07-31,2026-08-10,0.0300318732435738,2026,2025-12-31,native_mse,20260911,-0.0024432171596736993,,0,1
weekly_state_ungated,3769,2026-08-07,2026-08-17,-0.0056482265760339,2026,2025-12-31,native_mse,20260911,-0.0034017483589926685,,0,0
weekly_state_ungated,3774,2026-08-14,2026-08-24,-0.0109860710402629,2026,2025-12-31,native_mse,20260911,-0.002813706354026954,,0,0
weekly_state_ungated,3779,2026-08-21,2026-08-31,-0.0127592811002066,2026,2025-12-31,native_mse,20260911,-0.0019809857134933735,,0,0
weekly_state_ungated,3630,2026-01-09,2026-01-19,-0.0103697336282536,2026,2025-12-31,native_mse,20260912,-0.0012654744629118373,,0,0
weekly_state_ungated,3635,2026-01-16,2026-01-26,-0.0010190267764643,2026,2025-12-31,native_mse,20260912,-0.0009824454910161004,,0,0
weekly_state_ungated,3640,2026-01-23,2026-02-02,-0.0087161586128796,2026,2025-12-31,native_mse,20260912,-0.0014318861524315442,,0,0
weekly_state_ungated,3645,2026-01-30,2026-02-09,0.0041482324550519,2026,2025-12-31,native_mse,20260912,-0.0015519331724585116,,0,1
weekly_state_ungated,3650,2026-02-06,2026-02-24,0.0071649689901505,2026,2025-12-31,native_mse,20260912,-0.0016869022750859507,,0,1
weekly_state_ungated,3655,2026-02-13,2026-03-02,-0.0097920588919678,2026,2025-12-31,native_mse,20260912,-0.0011765097827620523,,0,0
weekly_state_ungated,3659,2026-02-27,2026-03-09,-0.0172526869201304,2026,2025-12-31,native_mse,20260912,-0.0007085124719817442,,0,0
weekly_state_ungated,3664,2026-03-06,2026-03-16,0.0149926634422041,2026,2025-12-31,native_mse,20260912,-0.0009899154221996353,,0,1
weekly_state_ungated,3669,2026-03-13,2026-03-23,-0.0364343509194254,2026,2025-12-31,native_mse,20260912,-0.0011266305599294578,,0,0
weekly_state_ungated,3674,2026-03-20,2026-03-30,-0.0083038829988221,2026,2025-12-31,native_mse,20260912,-0.001524311581453077,,0,0
weekly_state_ungated,3679,2026-03-27,2026-04-07,-0.0035591495694504,2026,2025-12-31,native_mse,20260912,-0.0019205134194293897,,0,0
weekly_state_ungated,3684,2026-04-03,2026-04-13,0.0380736235508991,2026,2025-12-31,native_mse,20260912,-0.0011376256916386593,,0,1
weekly_state_ungated,3688,2026-04-10,2026-04-20,0.0242766725964382,2026,2025-12-31,native_mse,20260912,-0.0013216896399536517,,0,1
weekly_state_ungated,3693,2026-04-17,2026-04-27,0.010401572188011,2026,2025-12-31,native_mse,20260912,-0.0015028502660909705,,0,1
weekly_state_ungated,3698,2026-04-24,2026-05-11,0.0263674696524953,2026,2025-12-31,native_mse,20260912,-0.0012568015547876838,,0,1
weekly_state_ungated,3705,2026-05-08,2026-05-18,-0.0134529239455926,2026,2025-12-31,native_mse,20260912,-0.0004371239494575972,,0,0
weekly_state_ungated,3710,2026-05-15,2026-05-25,0.0076235492615268,2026,2025-12-31,native_mse,20260912,6.163719011948235e-05,,1,1
weekly_state_ungated,3715,2026-05-22,2026-06-01,0.005068538126898,2026,2025-12-31,native_mse,20260912,7.730204085298746e-06,,1,1
weekly_state_ungated,3720,2026-05-29,2026-06-08,-0.039635353927193,2026,2025-12-31,native_mse,20260912,-0.00019569943758148556,,0,0
weekly_state_ungated,3725,2026-06-05,2026-06-15,0.0266849782195981,2026,2025-12-31,native_mse,20260912,-0.00010540438898025962,,0,1
weekly_state_ungated,3730,2026-06-12,2026-06-29,0.0076098142791176,2026,2025-12-31,native_mse,20260912,-0.0007095936265099443,,0,1
weekly_state_ungated,3739,2026-06-26,2026-07-06,0.0005137647861506,2026,2025-12-31,native_mse,20260912,-0.00033128119271872585,,0,1
weekly_state_ungated,3744,2026-07-03,2026-07-13,-0.0252847876365399,2026,2025-12-31,native_mse,20260912,-0.0011443460816151978,,0,0
weekly_state_ungated,3749,2026-07-10,2026-07-20,-0.035775397012711,2026,2025-12-31,native_mse,20260912,-0.0017039989678604111,,0,0
weekly_state_ungated,3754,2026-07-17,2026-07-27,0.01756245533441,2026,2025-12-31,native_mse,20260912,-0.0017003094595498154,,0,1
weekly_state_ungated,3759,2026-07-24,2026-08-03,-0.0202339761556519,2026,2025-12-31,native_mse,20260912,-0.0018633248001663242,,0,0
weekly_state_ungated,3764,2026-07-31,2026-08-10,0.0300318732435738,2026,2025-12-31,native_mse,20260912,-0.0013665112944695823,,0,1
weekly_state_ungated,3769,2026-08-07,2026-08-17,-0.0056482265760339,2026,2025-12-31,native_mse,20260912,-0.0010726869031266657,,0,0
weekly_state_ungated,3774,2026-08-14,2026-08-24,-0.0109860710402629,2026,2025-12-31,native_mse,20260912,-0.0012030503226100222,,0,0
weekly_state_ungated,3779,2026-08-21,2026-08-31,-0.0127592811002066,2026,2025-12-31,native_mse,20260912,-0.0005090624873602664,,0,0
weekly_global_validated,2418,2021-01-08,2021-01-18,-0.0120052904669853,2021,2020-12-31,native_mse,20260910,-0.00016719672473286887,,0,0
weekly_global_validated,2423,2021-01-15,2021-01-25,0.0231622460538123,2021,2020-12-31,native_mse,20260910,-0.0024576018862454926,,0,1
weekly_global_validated,2428,2021-01-22,2021-02-01,-0.0372511735907923,2021,2020-12-31,native_mse,20260910,-0.003647746896638798,,0,0
weekly_global_validated,2433,2021-01-29,2021-02-08,0.0278689901714626,2021,2020-12-31,native_mse,20260910,-0.0025472735860022446,,0,1
weekly_global_validated,2438,2021-02-05,2021-02-22,0.0507379035040882,2021,2020-12-31,native_mse,20260910,-0.0030793775400414984,,0,1
weekly_global_validated,2443,2021-02-19,2021-03-01,-0.0684918010685315,2021,2020-12-31,native_mse,20260910,-0.0023490676188242655,,0,0
weekly_global_validated,2448,2021-02-26,2021-03-08,-0.0165997123904068,2021,2020-12-31,native_mse,20260910,-0.0023665663755005908,,0,0
weekly_global_validated,2453,2021-03-05,2021-03-15,-0.0346560901469681,2021,2020-12-31,native_mse,20260910,-0.0014253865572098575,,0,0
weekly_global_validated,2458,2021-03-12,2021-03-22,-0.0210550182560221,2021,2020-12-31,native_mse,20260910,-0.0005000901973691782,,0,0
weekly_global_validated,2463,2021-03-19,2021-03-29,0.0087572877565691,2021,2020-12-31,native_mse,20260910,0.006023340982564988,,1,1
weekly_global_validated,2468,2021-03-26,2021-04-06,0.0250145479448802,2021,2020-12-31,native_mse,20260910,0.005598392317839315,,1,1
weekly_global_validated,2473,2021-04-02,2021-04-12,-0.0292856811827044,2021,2020-12-31,native_mse,20260910,0.0036485752776130036,,1,0
weekly_global_validated,2477,2021-04-09,2021-04-19,-0.0120489836840408,2021,2020-12-31,native_mse,20260910,0.007350243400305611,,1,0
weekly_global_validated,2482,2021-04-16,2021-04-26,0.0382932540809155,2021,2020-12-31,native_mse,20260910,0.002900059176571625,,1,1
weekly_global_validated,2487,2021-04-23,2021-05-06,-0.0112070185917437,2021,2020-12-31,native_mse,20260910,0.007596625467989239,,1,0
weekly_global_validated,2492,2021-04-30,2021-05-12,-0.0190946889464188,2021,2020-12-31,native_mse,20260910,0.007105998256782256,,1,0
weekly_global_validated,2494,2021-05-07,2021-05-17,0.0227674429764228,2021,2020-12-31,native_mse,20260910,0.0072995237328683515,,1,1
weekly_global_validated,2499,2021-05-14,2021-05-24,0.0045940519733895,2021,2020-12-31,native_mse,20260910,0.006906583839110419,,1,1
weekly_global_validated,2504,2021-05-21,2021-05-31,0.0348855085126711,2021,2020-12-31,native_mse,20260910,0.0039949465805707365,,1,1
weekly_global_validated,2509,2021-05-28,2021-06-07,-0.0062409741861724,2021,2020-12-31,native_mse,20260910,0.004302626766656515,,1,0
weekly_global_validated,2514,2021-06-04,2021-06-15,-0.0125508761771767,2021,2020-12-31,native_mse,20260910,0.0018010688105476373,,1,0
weekly_global_validated,2519,2021-06-11,2021-06-21,-0.0250011497424577,2021,2020-12-31,native_mse,20260910,-0.0027939130847951473,,0,0
weekly_global_validated,2523,2021-06-18,2021-06-28,0.0325308711127356,2021,2020-12-31,native_mse,20260910,-0.0024054667576293687,,0,1
weekly_global_validated,2528,2021-06-25,2021-07-05,-0.0342297962734196,2021,2020-12-31,native_mse,20260910,-0.0021641013171994155,,0,0
weekly_global_validated,2533,2021-07-02,2021-07-12,0.0068193733271841,2021,2020-12-31,native_mse,20260910,-0.002740282150259048,,0,1
weekly_global_validated,2538,2021-07-09,2021-07-19,-0.0048254045313779,2021,2020-12-31,native_mse,20260910,-0.0025804416168060183,,0,0
weekly_global_validated,2543,2021-07-16,2021-07-26,-0.0032299118953994,2021,2020-12-31,native_mse,20260910,-0.0035112489700114967,,0,0
weekly_global_validated,2548,2021-07-23,2021-08-02,-0.0537740931579083,2021,2020-12-31,native_mse,20260910,-0.002252148085559406,,0,0
weekly_global_validated,2553,2021-07-30,2021-08-09,0.019904813945049,2021,2020-12-31,native_mse,20260910,-0.0013935392955686378,,0,1
weekly_global_validated,2558,2021-08-06,2021-08-16,0.0093369268709639,2021,2020-12-31,native_mse,20260910,-0.0008547058545780883,,0,1
weekly_global_validated,2563,2021-08-13,2021-08-23,-0.032048736608373,2021,2020-12-31,native_mse,20260910,-0.0010996712313164061,,0,0
weekly_global_validated,2568,2021-08-20,2021-08-30,0.0145047962107527,2021,2020-12-31,native_mse,20260910,0.0014984460902095808,,1,1
weekly_global_validated,2573,2021-08-27,2021-09-06,-0.0012316820816045,2021,2020-12-31,native_mse,20260910,0.006590900742918945,,1,0
weekly_global_validated,2578,2021-09-03,2021-09-13,0.0342301066295398,2021,2020-12-31,native_mse,20260910,0.009486980636077728,,1,1
weekly_global_validated,2583,2021-09-10,2021-09-22,-0.0471441667981554,2021,2020-12-31,native_mse,20260910,0.009371153033789907,,1,0
weekly_global_validated,2588,2021-09-17,2021-09-28,0.0209863060789441,2021,2020-12-31,native_mse,20260910,0.009603132896707183,,1,1
weekly_global_validated,2591,2021-09-24,2021-10-11,0.0144615416200457,2021,2020-12-31,native_mse,20260910,0.009682760274058575,,1,1
weekly_global_validated,2596,2021-10-08,2021-10-18,-0.0038006269617851,2021,2020-12-31,native_mse,20260910,0.009091248352644028,,1,0
weekly_global_validated,2601,2021-10-15,2021-10-25,0.0037358989621147,2021,2020-12-31,native_mse,20260910,0.008469619450977196,,1,1
weekly_global_validated,2606,2021-10-22,2021-11-01,-0.0127041632091318,2021,2020-12-31,native_mse,20260910,0.0008933657456787875,,1,0
weekly_global_validated,2611,2021-10-29,2021-11-08,-0.0075807737801166,2021,2020-12-31,native_mse,20260910,0.002406790555140204,,1,0
weekly_global_validated,2616,2021-11-05,2021-11-15,0.0110015182343039,2021,2020-12-31,native_mse,20260910,0.004495816516502967,,1,1
weekly_global_validated,2621,2021-11-12,2021-11-22,0.0002002284238551,2021,2020-12-31,native_mse,20260910,0.008345328596010884,,1,1
weekly_global_validated,2626,2021-11-19,2021-11-29,-0.0153981603100059,2021,2020-12-31,native_mse,20260910,0.006936498727743483,,1,0
weekly_global_validated,2631,2021-11-26,2021-12-06,0.0185518287306458,2021,2020-12-31,native_mse,20260910,0.0043122154605937865,,1,1
weekly_global_validated,2636,2021-12-03,2021-12-13,0.0367843110096284,2021,2020-12-31,native_mse,20260910,0.003903132217743633,,1,1
weekly_global_validated,2641,2021-12-10,2021-12-20,-0.0304615698955996,2021,2020-12-31,native_mse,20260910,0.0011584734670292821,,1,0
weekly_global_validated,2646,2021-12-17,2021-12-27,-0.0034083287233763,2021,2020-12-31,native_mse,20260910,0.008060168302998738,,1,0
weekly_global_validated,2651,2021-12-24,2022-01-04,0.0080985736506613,2021,2020-12-31,native_mse,20260910,0.0074924187486900135,,1,1
weekly_global_validated,2656,2021-12-31,2022-01-10,-0.0293970528320001,2021,2020-12-31,native_mse,20260910,0.008334791957105143,,1,0
weekly_global_validated,2418,2021-01-08,2021-01-18,-0.0120052904669853,2021,2020-12-31,training_frequency,-1,0.5577557755775577,0.5577557755775577,1,0
weekly_global_validated,2423,2021-01-15,2021-01-25,0.0231622460538123,2021,2020-12-31,training_frequency,-1,0.5577557755775577,0.5577557755775577,1,1
weekly_global_validated,2428,2021-01-22,2021-02-01,-0.0372511735907923,2021,2020-12-31,training_frequency,-1,0.5577557755775577,0.5577557755775577,1,0
weekly_global_validated,2433,2021-01-29,2021-02-08,0.0278689901714626,2021,2020-12-31,training_frequency,-1,0.5577557755775577,0.5577557755775577,1,1
weekly_global_validated,2438,2021-02-05,2021-02-22,0.0507379035040882,2021,2020-12-31,training_frequency,-1,0.5577557755775577,0.5577557755775577,1,1
weekly_global_validated,2443,2021-02-19,2021-03-01,-0.0684918010685315,2021,2020-12-31,training_frequency,-1,0.5577557755775577,0.5577557755775577,1,0
weekly_global_validated,2448,2021-02-26,2021-03-08,-0.0165997123904068,2021,2020-12-31,training_frequency,-1,0.5577557755775577,0.5577557755775577,1,0
weekly_global_validated,2453,2021-03-05,2021-03-15,-0.0346560901469681,2021,2020-12-31,training_frequency,-1,0.5577557755775577,0.5577557755775577,1,0
weekly_global_validated,2458,2021-03-12,2021-03-22,-0.0210550182560221,2021,2020-12-31,training_frequency,-1,0.5577557755775577,0.5577557755775577,1,0
weekly_global_validated,2463,2021-03-19,2021-03-29,0.0087572877565691,2021,2020-12-31,training_frequency,-1,0.5577557755775577,0.5577557755775577,1,1
weekly_global_validated,2468,2021-03-26,2021-04-06,0.0250145479448802,2021,2020-12-31,training_frequency,-1,0.5577557755775577,0.5577557755775577,1,1
weekly_global_validated,2473,2021-04-02,2021-04-12,-0.0292856811827044,2021,2020-12-31,training_frequency,-1,0.5577557755775577,0.5577557755775577,1,0
weekly_global_validated,2477,2021-04-09,2021-04-19,-0.0120489836840408,2021,2020-12-31,training_frequency,-1,0.5577557755775577,0.5577557755775577,1,0
weekly_global_validated,2482,2021-04-16,2021-04-26,0.0382932540809155,2021,2020-12-31,training_frequency,-1,0.5577557755775577,0.5577557755775577,1,1
weekly_global_validated,2487,2021-04-23,2021-05-06,-0.0112070185917437,2021,2020-12-31,training_frequency,-1,0.5577557755775577,0.5577557755775577,1,0
weekly_global_validated,2492,2021-04-30,2021-05-12,-0.0190946889464188,2021,2020-12-31,training_frequency,-1,0.5577557755775577,0.5577557755775577,1,0
weekly_global_validated,2494,2021-05-07,2021-05-17,0.0227674429764228,2021,2020-12-31,training_frequency,-1,0.5577557755775577,0.5577557755775577,1,1
weekly_global_validated,2499,2021-05-14,2021-05-24,0.0045940519733895,2021,2020-12-31,training_frequency,-1,0.5577557755775577,0.5577557755775577,1,1
weekly_global_validated,2504,2021-05-21,2021-05-31,0.0348855085126711,2021,2020-12-31,training_frequency,-1,0.5577557755775577,0.5577557755775577,1,1
weekly_global_validated,2509,2021-05-28,2021-06-07,-0.0062409741861724,2021,2020-12-31,training_frequency,-1,0.5577557755775577,0.5577557755775577,1,0
weekly_global_validated,2514,2021-06-04,2021-06-15,-0.0125508761771767,2021,2020-12-31,training_frequency,-1,0.5577557755775577,0.5577557755775577,1,0
weekly_global_validated,2519,2021-06-11,2021-06-21,-0.0250011497424577,2021,2020-12-31,training_frequency,-1,0.5577557755775577,0.5577557755775577,1,0
weekly_global_validated,2523,2021-06-18,2021-06-28,0.0325308711127356,2021,2020-12-31,training_frequency,-1,0.5577557755775577,0.5577557755775577,1,1
weekly_global_validated,2528,2021-06-25,2021-07-05,-0.0342297962734196,2021,2020-12-31,training_frequency,-1,0.5577557755775577,0.5577557755775577,1,0
weekly_global_validated,2533,2021-07-02,2021-07-12,0.0068193733271841,2021,2020-12-31,training_frequency,-1,0.5577557755775577,0.5577557755775577,1,1
weekly_global_validated,2538,2021-07-09,2021-07-19,-0.0048254045313779,2021,2020-12-31,training_frequency,-1,0.5577557755775577,0.5577557755775577,1,0
weekly_global_validated,2543,2021-07-16,2021-07-26,-0.0032299118953994,2021,2020-12-31,training_frequency,-1,0.5577557755775577,0.5577557755775577,1,0
weekly_global_validated,2548,2021-07-23,2021-08-02,-0.0537740931579083,2021,2020-12-31,training_frequency,-1,0.5577557755775577,0.5577557755775577,1,0
weekly_global_validated,2553,2021-07-30,2021-08-09,0.019904813945049,2021,2020-12-31,training_frequency,-1,0.5577557755775577,0.5577557755775577,1,1
weekly_global_validated,2558,2021-08-06,2021-08-16,0.0093369268709639,2021,2020-12-31,training_frequency,-1,0.5577557755775577,0.5577557755775577,1,1
weekly_global_validated,2563,2021-08-13,2021-08-23,-0.032048736608373,2021,2020-12-31,training_frequency,-1,0.5577557755775577,0.5577557755775577,1,0
weekly_global_validated,2568,2021-08-20,2021-08-30,0.0145047962107527,2021,2020-12-31,training_frequency,-1,0.5577557755775577,0.5577557755775577,1,1
weekly_global_validated,2573,2021-08-27,2021-09-06,-0.0012316820816045,2021,2020-12-31,training_frequency,-1,0.5577557755775577,0.5577557755775577,1,0
weekly_global_validated,2578,2021-09-03,2021-09-13,0.0342301066295398,2021,2020-12-31,training_frequency,-1,0.5577557755775577,0.5577557755775577,1,1
weekly_global_validated,2583,2021-09-10,2021-09-22,-0.0471441667981554,2021,2020-12-31,training_frequency,-1,0.5577557755775577,0.5577557755775577,1,0
weekly_global_validated,2588,2021-09-17,2021-09-28,0.0209863060789441,2021,2020-12-31,training_frequency,-1,0.5577557755775577,0.5577557755775577,1,1
weekly_global_validated,2591,2021-09-24,2021-10-11,0.0144615416200457,2021,2020-12-31,training_frequency,-1,0.5577557755775577,0.5577557755775577,1,1
weekly_global_validated,2596,2021-10-08,2021-10-18,-0.0038006269617851,2021,2020-12-31,training_frequency,-1,0.5577557755775577,0.5577557755775577,1,0
weekly_global_validated,2601,2021-10-15,2021-10-25,0.0037358989621147,2021,2020-12-31,training_frequency,-1,0.5577557755775577,0.5577557755775577,1,1
weekly_global_validated,2606,2021-10-22,2021-11-01,-0.0127041632091318,2021,2020-12-31,training_frequency,-1,0.5577557755775577,0.5577557755775577,1,0
weekly_global_validated,2611,2021-10-29,2021-11-08,-0.0075807737801166,2021,2020-12-31,training_frequency,-1,0.5577557755775577,0.5577557755775577,1,0
weekly_global_validated,2616,2021-11-05,2021-11-15,0.0110015182343039,2021,2020-12-31,training_frequency,-1,0.5577557755775577,0.5577557755775577,1,1
weekly_global_validated,2621,2021-11-12,2021-11-22,0.0002002284238551,2021,2020-12-31,training_frequency,-1,0.5577557755775577,0.5577557755775577,1,1
weekly_global_validated,2626,2021-11-19,2021-11-29,-0.0153981603100059,2021,2020-12-31,training_frequency,-1,0.5577557755775577,0.5577557755775577,1,0
weekly_global_validated,2631,2021-11-26,2021-12-06,0.0185518287306458,2021,2020-12-31,training_frequency,-1,0.5577557755775577,0.5577557755775577,1,1
weekly_global_validated,2636,2021-12-03,2021-12-13,0.0367843110096284,2021,2020-12-31,training_frequency,-1,0.5577557755775577,0.5577557755775577,1,1
weekly_global_validated,2641,2021-12-10,2021-12-20,-0.0304615698955996,2021,2020-12-31,training_frequency,-1,0.5577557755775577,0.5577557755775577,1,0
weekly_global_validated,2646,2021-12-17,2021-12-27,-0.0034083287233763,2021,2020-12-31,training_frequency,-1,0.5577557755775577,0.5577557755775577,1,0
weekly_global_validated,2651,2021-12-24,2022-01-04,0.0080985736506613,2021,2020-12-31,training_frequency,-1,0.5577557755775577,0.5577557755775577,1,1
weekly_global_validated,2656,2021-12-31,2022-01-10,-0.0293970528320001,2021,2020-12-31,training_frequency,-1,0.5577557755775577,0.5577557755775577,1,0
weekly_global_validated,2418,2021-01-08,2021-01-18,-0.0120052904669853,2021,2020-12-31,native_mse,20260911,0.008552411017393067,,1,0
weekly_global_validated,2423,2021-01-15,2021-01-25,0.0231622460538123,2021,2020-12-31,native_mse,20260911,0.004218820233000888,,1,1
weekly_global_validated,2428,2021-01-22,2021-02-01,-0.0372511735907923,2021,2020-12-31,native_mse,20260911,0.004959951689017089,,1,0
weekly_global_validated,2433,2021-01-29,2021-02-08,0.0278689901714626,2021,2020-12-31,native_mse,20260911,-0.006242641410233065,,0,1
weekly_global_validated,2438,2021-02-05,2021-02-22,0.0507379035040882,2021,2020-12-31,native_mse,20260911,0.0007951359987466982,,1,1
weekly_global_validated,2443,2021-02-19,2021-03-01,-0.0684918010685315,2021,2020-12-31,native_mse,20260911,-0.0016330918552967294,,0,0
weekly_global_validated,2448,2021-02-26,2021-03-08,-0.0165997123904068,2021,2020-12-31,native_mse,20260911,-0.00533638880364651,,0,0
weekly_global_validated,2453,2021-03-05,2021-03-15,-0.0346560901469681,2021,2020-12-31,native_mse,20260911,-0.011674592766508288,,0,0
weekly_global_validated,2458,2021-03-12,2021-03-22,-0.0210550182560221,2021,2020-12-31,native_mse,20260911,-0.007847066861436623,,0,0
weekly_global_validated,2463,2021-03-19,2021-03-29,0.0087572877565691,2021,2020-12-31,native_mse,20260911,-0.0039060339233599494,,0,1
weekly_global_validated,2468,2021-03-26,2021-04-06,0.0250145479448802,2021,2020-12-31,native_mse,20260911,0.0009273635613917179,,1,1
weekly_global_validated,2473,2021-04-02,2021-04-12,-0.0292856811827044,2021,2020-12-31,native_mse,20260911,-0.0027355840325147787,,0,0
weekly_global_validated,2477,2021-04-09,2021-04-19,-0.0120489836840408,2021,2020-12-31,native_mse,20260911,-0.0036343506408249315,,0,0
weekly_global_validated,2482,2021-04-16,2021-04-26,0.0382932540809155,2021,2020-12-31,native_mse,20260911,-0.0006724515978878938,,0,1
weekly_global_validated,2487,2021-04-23,2021-05-06,-0.0112070185917437,2021,2020-12-31,native_mse,20260911,0.0055289088739753755,,1,0
weekly_global_validated,2492,2021-04-30,2021-05-12,-0.0190946889464188,2021,2020-12-31,native_mse,20260911,0.0033327575219957396,,1,0
weekly_global_validated,2494,2021-05-07,2021-05-17,0.0227674429764228,2021,2020-12-31,native_mse,20260911,0.0021669511395786133,,1,1
weekly_global_validated,2499,2021-05-14,2021-05-24,0.0045940519733895,2021,2020-12-31,native_mse,20260911,0.0011114542693073139,,1,1
weekly_global_validated,2504,2021-05-21,2021-05-31,0.0348855085126711,2021,2020-12-31,native_mse,20260911,0.008400289317996804,,1,1
weekly_global_validated,2509,2021-05-28,2021-06-07,-0.0062409741861724,2021,2020-12-31,native_mse,20260911,0.0007953145198423817,,1,0
weekly_global_validated,2514,2021-06-04,2021-06-15,-0.0125508761771767,2021,2020-12-31,native_mse,20260911,-0.007020166164517651,,0,0
weekly_global_validated,2519,2021-06-11,2021-06-21,-0.0250011497424577,2021,2020-12-31,native_mse,20260911,-0.008619872591947365,,0,0
weekly_global_validated,2523,2021-06-18,2021-06-28,0.0325308711127356,2021,2020-12-31,native_mse,20260911,-0.008791375820448139,,0,1
weekly_global_validated,2528,2021-06-25,2021-07-05,-0.0342297962734196,2021,2020-12-31,native_mse,20260911,-0.008045520831514462,,0,0
weekly_global_validated,2533,2021-07-02,2021-07-12,0.0068193733271841,2021,2020-12-31,native_mse,20260911,-0.007174844548354277,,0,1
weekly_global_validated,2538,2021-07-09,2021-07-19,-0.0048254045313779,2021,2020-12-31,native_mse,20260911,-0.015340492927170088,,0,0
weekly_global_validated,2543,2021-07-16,2021-07-26,-0.0032299118953994,2021,2020-12-31,native_mse,20260911,-0.005208717730643443,,0,0
weekly_global_validated,2548,2021-07-23,2021-08-02,-0.0537740931579083,2021,2020-12-31,native_mse,20260911,-0.005850917345567664,,0,0
weekly_global_validated,2553,2021-07-30,2021-08-09,0.019904813945049,2021,2020-12-31,native_mse,20260911,-0.0028205260505218244,,0,1
weekly_global_validated,2558,2021-08-06,2021-08-16,0.0093369268709639,2021,2020-12-31,native_mse,20260911,0.0007831311211854701,,1,1
weekly_global_validated,2563,2021-08-13,2021-08-23,-0.032048736608373,2021,2020-12-31,native_mse,20260911,-0.0005906639308137641,,0,0
weekly_global_validated,2568,2021-08-20,2021-08-30,0.0145047962107527,2021,2020-12-31,native_mse,20260911,-0.004641917146108556,,0,1
weekly_global_validated,2573,2021-08-27,2021-09-06,-0.0012316820816045,2021,2020-12-31,native_mse,20260911,0.014579973106645959,,1,0
weekly_global_validated,2578,2021-09-03,2021-09-13,0.0342301066295398,2021,2020-12-31,native_mse,20260911,0.008593989010996025,,1,1
weekly_global_validated,2583,2021-09-10,2021-09-22,-0.0471441667981554,2021,2020-12-31,native_mse,20260911,0.008313547741757724,,1,0
weekly_global_validated,2588,2021-09-17,2021-09-28,0.0209863060789441,2021,2020-12-31,native_mse,20260911,0.01165935650344279,,1,1
weekly_global_validated,2591,2021-09-24,2021-10-11,0.0144615416200457,2021,2020-12-31,native_mse,20260911,0.005518532924551857,,1,1
weekly_global_validated,2596,2021-10-08,2021-10-18,-0.0038006269617851,2021,2020-12-31,native_mse,20260911,0.012263523541426666,,1,0
weekly_global_validated,2601,2021-10-15,2021-10-25,0.0037358989621147,2021,2020-12-31,native_mse,20260911,0.005744974739242532,,1,1
weekly_global_validated,2606,2021-10-22,2021-11-01,-0.0127041632091318,2021,2020-12-31,native_mse,20260911,-0.002876912071818175,,0,0
weekly_global_validated,2611,2021-10-29,2021-11-08,-0.0075807737801166,2021,2020-12-31,native_mse,20260911,0.007299876265916085,,1,0
weekly_global_validated,2616,2021-11-05,2021-11-15,0.0110015182343039,2021,2020-12-31,native_mse,20260911,0.01509194783358179,,1,1
weekly_global_validated,2621,2021-11-12,2021-11-22,0.0002002284238551,2021,2020-12-31,native_mse,20260911,0.015091062401740971,,1,1
weekly_global_validated,2626,2021-11-19,2021-11-29,-0.0153981603100059,2021,2020-12-31,native_mse,20260911,0.0038828482450291406,,1,0
weekly_global_validated,2631,2021-11-26,2021-12-06,0.0185518287306458,2021,2020-12-31,native_mse,20260911,0.012319022901115752,,1,1
weekly_global_validated,2636,2021-12-03,2021-12-13,0.0367843110096284,2021,2020-12-31,native_mse,20260911,-0.0032795392457900994,,0,1
weekly_global_validated,2641,2021-12-10,2021-12-20,-0.0304615698955996,2021,2020-12-31,native_mse,20260911,0.0011267436480836153,,1,0
weekly_global_validated,2646,2021-12-17,2021-12-27,-0.0034083287233763,2021,2020-12-31,native_mse,20260911,0.009051863032613542,,1,0
weekly_global_validated,2651,2021-12-24,2022-01-04,0.0080985736506613,2021,2020-12-31,native_mse,20260911,0.011692479032888078,,1,1
weekly_global_validated,2656,2021-12-31,2022-01-10,-0.0293970528320001,2021,2020-12-31,native_mse,20260911,0.0061027978323025915,,1,0
weekly_global_validated,2418,2021-01-08,2021-01-18,-0.0120052904669853,2021,2020-12-31,native_mse,20260912,0.001397497585867654,,1,0
weekly_global_validated,2423,2021-01-15,2021-01-25,0.0231622460538123,2021,2020-12-31,native_mse,20260912,0.0006715229500529757,,1,1
weekly_global_validated,2428,2021-01-22,2021-02-01,-0.0372511735907923,2021,2020-12-31,native_mse,20260912,0.0008989216255188498,,1,0
weekly_global_validated,2433,2021-01-29,2021-02-08,0.0278689901714626,2021,2020-12-31,native_mse,20260912,0.0007959764416317159,,1,1
weekly_global_validated,2438,2021-02-05,2021-02-22,0.0507379035040882,2021,2020-12-31,native_mse,20260912,0.0012803740659475327,,1,1
weekly_global_validated,2443,2021-02-19,2021-03-01,-0.0684918010685315,2021,2020-12-31,native_mse,20260912,0.0009133829615551264,,1,0
weekly_global_validated,2448,2021-02-26,2021-03-08,-0.0165997123904068,2021,2020-12-31,native_mse,20260912,0.0013704992420810927,,1,0
weekly_global_validated,2453,2021-03-05,2021-03-15,-0.0346560901469681,2021,2020-12-31,native_mse,20260912,0.0008756814992302536,,1,0
weekly_global_validated,2458,2021-03-12,2021-03-22,-0.0210550182560221,2021,2020-12-31,native_mse,20260912,0.0011757184818956695,,1,0
weekly_global_validated,2463,2021-03-19,2021-03-29,0.0087572877565691,2021,2020-12-31,native_mse,20260912,0.0010792053864410744,,1,1
weekly_global_validated,2468,2021-03-26,2021-04-06,0.0250145479448802,2021,2020-12-31,native_mse,20260912,0.0011499309968955886,,1,1
weekly_global_validated,2473,2021-04-02,2021-04-12,-0.0292856811827044,2021,2020-12-31,native_mse,20260912,0.0010410156043567688,,1,0
weekly_global_validated,2477,2021-04-09,2021-04-19,-0.0120489836840408,2021,2020-12-31,native_mse,20260912,0.0015346227958627386,,1,0
weekly_global_validated,2482,2021-04-16,2021-04-26,0.0382932540809155,2021,2020-12-31,native_mse,20260912,0.001333459240383137,,1,1
weekly_global_validated,2487,2021-04-23,2021-05-06,-0.0112070185917437,2021,2020-12-31,native_mse,20260912,0.0016691075435783544,,1,0
weekly_global_validated,2492,2021-04-30,2021-05-12,-0.0190946889464188,2021,2020-12-31,native_mse,20260912,0.0008697905080337705,,1,0
weekly_global_validated,2494,2021-05-07,2021-05-17,0.0227674429764228,2021,2020-12-31,native_mse,20260912,0.0011496090030479206,,1,1
weekly_global_validated,2499,2021-05-14,2021-05-24,0.0045940519733895,2021,2020-12-31,native_mse,20260912,0.0010483063772099349,,1,1
weekly_global_validated,2504,2021-05-21,2021-05-31,0.0348855085126711,2021,2020-12-31,native_mse,20260912,0.0011439525898009322,,1,1
weekly_global_validated,2509,2021-05-28,2021-06-07,-0.0062409741861724,2021,2020-12-31,native_mse,20260912,0.0011525125328662067,,1,0
weekly_global_validated,2514,2021-06-04,2021-06-15,-0.0125508761771767,2021,2020-12-31,native_mse,20260912,0.0007128828650729158,,1,0
weekly_global_validated,2519,2021-06-11,2021-06-21,-0.0250011497424577,2021,2020-12-31,native_mse,20260912,0.0008407535701623152,,1,0
weekly_global_validated,2523,2021-06-18,2021-06-28,0.0325308711127356,2021,2020-12-31,native_mse,20260912,0.0005295128002944305,,1,1
weekly_global_validated,2528,2021-06-25,2021-07-05,-0.0342297962734196,2021,2020-12-31,native_mse,20260912,0.0004392776625445282,,1,0
weekly_global_validated,2533,2021-07-02,2021-07-12,0.0068193733271841,2021,2020-12-31,native_mse,20260912,0.0008802423955353033,,1,1
weekly_global_validated,2538,2021-07-09,2021-07-19,-0.0048254045313779,2021,2020-12-31,native_mse,20260912,0.001025036941487719,,1,0
weekly_global_validated,2543,2021-07-16,2021-07-26,-0.0032299118953994,2021,2020-12-31,native_mse,20260912,0.0009848540154367372,,1,0
weekly_global_validated,2548,2021-07-23,2021-08-02,-0.0537740931579083,2021,2020-12-31,native_mse,20260912,0.0010837390229232473,,1,0
weekly_global_validated,2553,2021-07-30,2021-08-09,0.019904813945049,2021,2020-12-31,native_mse,20260912,0.0007753634039124927,,1,1
weekly_global_validated,2558,2021-08-06,2021-08-16,0.0093369268709639,2021,2020-12-31,native_mse,20260912,0.0010686946751112278,,1,1
weekly_global_validated,2563,2021-08-13,2021-08-23,-0.032048736608373,2021,2020-12-31,native_mse,20260912,0.0016819071064647707,,1,0
weekly_global_validated,2568,2021-08-20,2021-08-30,0.0145047962107527,2021,2020-12-31,native_mse,20260912,0.0015674609930577542,,1,1
weekly_global_validated,2573,2021-08-27,2021-09-06,-0.0012316820816045,2021,2020-12-31,native_mse,20260912,0.0015518786224257932,,1,0
weekly_global_validated,2578,2021-09-03,2021-09-13,0.0342301066295398,2021,2020-12-31,native_mse,20260912,0.0015775578367383941,,1,1
weekly_global_validated,2583,2021-09-10,2021-09-22,-0.0471441667981554,2021,2020-12-31,native_mse,20260912,0.00097730888589041,,1,0
weekly_global_validated,2588,2021-09-17,2021-09-28,0.0209863060789441,2021,2020-12-31,native_mse,20260912,0.0010514539644274003,,1,1
weekly_global_validated,2591,2021-09-24,2021-10-11,0.0144615416200457,2021,2020-12-31,native_mse,20260912,0.0009736007301348337,,1,1
weekly_global_validated,2596,2021-10-08,2021-10-18,-0.0038006269617851,2021,2020-12-31,native_mse,20260912,0.0017059097904301645,,1,0
weekly_global_validated,2601,2021-10-15,2021-10-25,0.0037358989621147,2021,2020-12-31,native_mse,20260912,0.0013112113818953192,,1,1
weekly_global_validated,2606,2021-10-22,2021-11-01,-0.0127041632091318,2021,2020-12-31,native_mse,20260912,0.001166627382206441,,1,0
weekly_global_validated,2611,2021-10-29,2021-11-08,-0.0075807737801166,2021,2020-12-31,native_mse,20260912,0.0010497018546840582,,1,0
weekly_global_validated,2616,2021-11-05,2021-11-15,0.0110015182343039,2021,2020-12-31,native_mse,20260912,0.0009666279543883876,,1,1
weekly_global_validated,2621,2021-11-12,2021-11-22,0.0002002284238551,2021,2020-12-31,native_mse,20260912,0.00100753152357648,,1,1
weekly_global_validated,2626,2021-11-19,2021-11-29,-0.0153981603100059,2021,2020-12-31,native_mse,20260912,0.0011440904261233744,,1,0
weekly_global_validated,2631,2021-11-26,2021-12-06,0.0185518287306458,2021,2020-12-31,native_mse,20260912,0.0008222023383696463,,1,1
weekly_global_validated,2636,2021-12-03,2021-12-13,0.0367843110096284,2021,2020-12-31,native_mse,20260912,0.000663622110562264,,1,1
weekly_global_validated,2641,2021-12-10,2021-12-20,-0.0304615698955996,2021,2020-12-31,native_mse,20260912,0.0012207854253852776,,1,0
weekly_global_validated,2646,2021-12-17,2021-12-27,-0.0034083287233763,2021,2020-12-31,native_mse,20260912,0.0012339786672550855,,1,0
weekly_global_validated,2651,2021-12-24,2022-01-04,0.0080985736506613,2021,2020-12-31,native_mse,20260912,0.0010451229218044734,,1,1
weekly_global_validated,2656,2021-12-31,2022-01-10,-0.0293970528320001,2021,2020-12-31,native_mse,20260912,0.001214204791414166,,1,0
weekly_global_validated,2660,2022-01-07,2022-01-17,-0.0173453887283024,2022,2021-12-31,native_mse,20260910,-0.0034182510339292468,,0,0
weekly_global_validated,2665,2022-01-14,2022-01-24,0.0053248631776616,2022,2021-12-31,native_mse,20260910,0.004761167720503064,,1,1
weekly_global_validated,2670,2022-01-21,2022-02-07,-0.0242661876254222,2022,2021-12-31,native_mse,20260910,0.013137367547165641,,1,0
weekly_global_validated,2675,2022-01-28,2022-02-14,-0.0127539031341488,2022,2021-12-31,native_mse,20260910,0.010886081661597602,,1,0
weekly_global_validated,2680,2022-02-11,2022-02-21,0.0145498774954033,2022,2021-12-31,native_mse,20260910,0.008879219089809445,,1,1
weekly_global_validated,2685,2022-02-18,2022-02-28,-0.0177161244498015,2022,2021-12-31,native_mse,20260910,0.009476567447344621,,1,0
weekly_global_validated,2690,2022-02-25,2022-03-07,-0.0221791776043331,2022,2021-12-31,native_mse,20260910,0.01051598647298397,,1,0
weekly_global_validated,2695,2022-03-04,2022-03-14,-0.0480378799422749,2022,2021-12-31,native_mse,20260910,0.007053677912636015,,1,0
weekly_global_validated,2700,2022-03-11,2022-03-21,0.007530336734814,2022,2021-12-31,native_mse,20260910,0.010804442451387935,,1,1
weekly_global_validated,2705,2022-03-18,2022-03-28,-0.0353493110038457,2022,2021-12-31,native_mse,20260910,0.0072982657258971444,,1,0
weekly_global_validated,2710,2022-03-25,2022-04-06,0.0314834190717003,2022,2021-12-31,native_mse,20260910,0.007546796616275884,,1,1
weekly_global_validated,2715,2022-04-01,2022-04-12,-0.0129237372705649,2022,2021-12-31,native_mse,20260910,0.006781430452769677,,1,0
weekly_global_validated,2718,2022-04-08,2022-04-18,-0.0120986062576864,2022,2021-12-31,native_mse,20260910,0.00652895075643567,,1,0
weekly_global_validated,2723,2022-04-15,2022-04-25,-0.0528494340140576,2022,2021-12-31,native_mse,20260910,0.006385447465197085,,1,0
weekly_global_validated,2728,2022-04-22,2022-05-05,0.015736821365468,2022,2021-12-31,native_mse,20260910,0.005099274511858865,,1,1
weekly_global_validated,2733,2022-04-29,2022-05-11,-0.0278824133054675,2022,2021-12-31,native_mse,20260910,0.004344044298975658,,1,0
weekly_global_validated,2735,2022-05-06,2022-05-16,0.033741423035827,2022,2021-12-31,native_mse,20260910,0.0035518248227642247,,1,1
weekly_global_validated,2740,2022-05-13,2022-05-23,0.0164308841843088,2022,2021-12-31,native_mse,20260910,0.002890441768532801,,1,1
weekly_global_validated,2745,2022-05-20,2022-05-30,-0.0147293413085614,2022,2021-12-31,native_mse,20260910,0.002556802191789734,,1,0
weekly_global_validated,2750,2022-05-27,2022-06-13,0.0431748431927498,2022,2021-12-31,native_mse,20260910,-0.006714076298392413,,0,1
weekly_global_validated,2759,2022-06-10,2022-06-20,0.0306046547112142,2022,2021-12-31,native_mse,20260910,-0.0017160693271902699,,0,1
weekly_global_validated,2764,2022-06-17,2022-06-27,0.0211666894141107,2022,2021-12-31,native_mse,20260910,-0.005554400786314341,,0,1
weekly_global_validated,2769,2022-06-24,2022-07-04,0.0074507343130214,2022,2021-12-31,native_mse,20260910,-0.006611900023593844,,0,1
weekly_global_validated,2774,2022-07-01,2022-07-11,-0.0092349827532707,2022,2021-12-31,native_mse,20260910,-0.001849659274069034,,0,0
weekly_global_validated,2779,2022-07-08,2022-07-18,-0.0326815927737367,2022,2021-12-31,native_mse,20260910,-0.0036295526636022737,,0,0
weekly_global_validated,2784,2022-07-15,2022-07-25,-0.0066210715249344,2022,2021-12-31,native_mse,20260910,-0.00726704662423343,,0,0
weekly_global_validated,2789,2022-07-22,2022-08-01,-0.0173077967751003,2022,2021-12-31,native_mse,20260910,-0.005304375487712945,,0,0
weekly_global_validated,2794,2022-07-29,2022-08-08,-0.004456034513838,2022,2021-12-31,native_mse,20260910,0.012166125781651363,,1,0
weekly_global_validated,2799,2022-08-05,2022-08-15,0.0091475117753996,2022,2021-12-31,native_mse,20260910,0.004077391662883762,,1,1
weekly_global_validated,2804,2022-08-12,2022-08-22,-0.0107272727272728,2022,2021-12-31,native_mse,20260910,0.0035826870942200968,,1,0
weekly_global_validated,2809,2022-08-19,2022-08-29,-0.0172375434082356,2022,2021-12-31,native_mse,20260910,0.012796192349441387,,1,0
weekly_global_validated,2814,2022-08-26,2022-09-05,-0.0131573766941938,2022,2021-12-31,native_mse,20260910,0.0045980644388349074,,1,0
weekly_global_validated,2819,2022-09-02,2022-09-13,0.0253340680878015,2022,2021-12-31,native_mse,20260910,0.0016393163861851791,,1,1
weekly_global_validated,2824,2022-09-09,2022-09-19,-0.044647264962877,2022,2021-12-31,native_mse,20260910,0.011024491197755238,,1,0
weekly_global_validated,2828,2022-09-16,2022-09-26,-0.025155151434928,2022,2021-12-31,native_mse,20260910,0.0006249539921165778,,1,0
weekly_global_validated,2833,2022-09-23,2022-10-10,-0.0060162941299352,2022,2021-12-31,native_mse,20260910,0.00941379002591237,,1,0
weekly_global_validated,2838,2022-09-30,2022-10-17,0.0041192047412885,2022,2021-12-31,native_mse,20260910,-0.003455449604433236,,0,1
weekly_global_validated,2843,2022-10-14,2022-10-24,-0.0246766294110258,2022,2021-12-31,native_mse,20260910,0.004982119577206458,,1,0
weekly_global_validated,2848,2022-10-21,2022-10-31,-0.059928861134359,2022,2021-12-31,native_mse,20260910,0.004400428951388619,,1,0
weekly_global_validated,2853,2022-10-28,2022-11-07,0.071339502526744,2022,2021-12-31,native_mse,20260910,-0.004533662272660886,,0,1
weekly_global_validated,2858,2022-11-04,2022-11-14,0.0169449090696014,2022,2021-12-31,native_mse,20260910,0.009145763900992613,,1,1
weekly_global_validated,2863,2022-11-11,2022-11-21,-0.0127051391515239,2022,2021-12-31,native_mse,20260910,0.005105981957746508,,1,0
weekly_global_validated,2868,2022-11-18,2022-11-28,-0.0179672806084416,2022,2021-12-31,native_mse,20260910,0.004390010241707061,,1,0
weekly_global_validated,2873,2022-11-25,2022-12-05,0.0555768659337096,2022,2021-12-31,native_mse,20260910,-0.0021694749097981593,,0,1
weekly_global_validated,2878,2022-12-02,2022-12-12,0.0175374394775362,2022,2021-12-31,native_mse,20260910,-0.008963509314181651,,0,1
weekly_global_validated,2883,2022-12-09,2022-12-19,-0.0058850602464181,2022,2021-12-31,native_mse,20260910,-0.008742160121666592,,0,0
weekly_global_validated,2888,2022-12-16,2022-12-26,-0.0309150292073658,2022,2021-12-31,native_mse,20260910,0.00021070675399415396,,1,0
weekly_global_validated,2893,2022-12-23,2023-01-03,0.0089464492229616,2022,2021-12-31,native_mse,20260910,-0.006931659189351796,,0,1
weekly_global_validated,2898,2022-12-30,2023-01-09,0.0345913414268119,2022,2021-12-31,native_mse,20260910,-0.004005139352311209,,0,1
weekly_global_validated,2660,2022-01-07,2022-01-17,-0.0173453887283024,2022,2021-12-31,training_frequency,-1,0.5458298926507019,0.5458298926507019,1,0
weekly_global_validated,2665,2022-01-14,2022-01-24,0.0053248631776616,2022,2021-12-31,training_frequency,-1,0.5458298926507019,0.5458298926507019,1,1
weekly_global_validated,2670,2022-01-21,2022-02-07,-0.0242661876254222,2022,2021-12-31,training_frequency,-1,0.5458298926507019,0.5458298926507019,1,0
weekly_global_validated,2675,2022-01-28,2022-02-14,-0.0127539031341488,2022,2021-12-31,training_frequency,-1,0.5458298926507019,0.5458298926507019,1,0
weekly_global_validated,2680,2022-02-11,2022-02-21,0.0145498774954033,2022,2021-12-31,training_frequency,-1,0.5458298926507019,0.5458298926507019,1,1
weekly_global_validated,2685,2022-02-18,2022-02-28,-0.0177161244498015,2022,2021-12-31,training_frequency,-1,0.5458298926507019,0.5458298926507019,1,0
weekly_global_validated,2690,2022-02-25,2022-03-07,-0.0221791776043331,2022,2021-12-31,training_frequency,-1,0.5458298926507019,0.5458298926507019,1,0
weekly_global_validated,2695,2022-03-04,2022-03-14,-0.0480378799422749,2022,2021-12-31,training_frequency,-1,0.5458298926507019,0.5458298926507019,1,0
weekly_global_validated,2700,2022-03-11,2022-03-21,0.007530336734814,2022,2021-12-31,training_frequency,-1,0.5458298926507019,0.5458298926507019,1,1
weekly_global_validated,2705,2022-03-18,2022-03-28,-0.0353493110038457,2022,2021-12-31,training_frequency,-1,0.5458298926507019,0.5458298926507019,1,0
weekly_global_validated,2710,2022-03-25,2022-04-06,0.0314834190717003,2022,2021-12-31,training_frequency,-1,0.5458298926507019,0.5458298926507019,1,1
weekly_global_validated,2715,2022-04-01,2022-04-12,-0.0129237372705649,2022,2021-12-31,training_frequency,-1,0.5458298926507019,0.5458298926507019,1,0
weekly_global_validated,2718,2022-04-08,2022-04-18,-0.0120986062576864,2022,2021-12-31,training_frequency,-1,0.5458298926507019,0.5458298926507019,1,0
weekly_global_validated,2723,2022-04-15,2022-04-25,-0.0528494340140576,2022,2021-12-31,training_frequency,-1,0.5458298926507019,0.5458298926507019,1,0
weekly_global_validated,2728,2022-04-22,2022-05-05,0.015736821365468,2022,2021-12-31,training_frequency,-1,0.5458298926507019,0.5458298926507019,1,1
weekly_global_validated,2733,2022-04-29,2022-05-11,-0.0278824133054675,2022,2021-12-31,training_frequency,-1,0.5458298926507019,0.5458298926507019,1,0
weekly_global_validated,2735,2022-05-06,2022-05-16,0.033741423035827,2022,2021-12-31,training_frequency,-1,0.5458298926507019,0.5458298926507019,1,1
weekly_global_validated,2740,2022-05-13,2022-05-23,0.0164308841843088,2022,2021-12-31,training_frequency,-1,0.5458298926507019,0.5458298926507019,1,1
weekly_global_validated,2745,2022-05-20,2022-05-30,-0.0147293413085614,2022,2021-12-31,training_frequency,-1,0.5458298926507019,0.5458298926507019,1,0
weekly_global_validated,2750,2022-05-27,2022-06-13,0.0431748431927498,2022,2021-12-31,training_frequency,-1,0.5458298926507019,0.5458298926507019,1,1
weekly_global_validated,2759,2022-06-10,2022-06-20,0.0306046547112142,2022,2021-12-31,training_frequency,-1,0.5458298926507019,0.5458298926507019,1,1
weekly_global_validated,2764,2022-06-17,2022-06-27,0.0211666894141107,2022,2021-12-31,training_frequency,-1,0.5458298926507019,0.5458298926507019,1,1
weekly_global_validated,2769,2022-06-24,2022-07-04,0.0074507343130214,2022,2021-12-31,training_frequency,-1,0.5458298926507019,0.5458298926507019,1,1
weekly_global_validated,2774,2022-07-01,2022-07-11,-0.0092349827532707,2022,2021-12-31,training_frequency,-1,0.5458298926507019,0.5458298926507019,1,0
weekly_global_validated,2779,2022-07-08,2022-07-18,-0.0326815927737367,2022,2021-12-31,training_frequency,-1,0.5458298926507019,0.5458298926507019,1,0
weekly_global_validated,2784,2022-07-15,2022-07-25,-0.0066210715249344,2022,2021-12-31,training_frequency,-1,0.5458298926507019,0.5458298926507019,1,0
weekly_global_validated,2789,2022-07-22,2022-08-01,-0.0173077967751003,2022,2021-12-31,training_frequency,-1,0.5458298926507019,0.5458298926507019,1,0
weekly_global_validated,2794,2022-07-29,2022-08-08,-0.004456034513838,2022,2021-12-31,training_frequency,-1,0.5458298926507019,0.5458298926507019,1,0
weekly_global_validated,2799,2022-08-05,2022-08-15,0.0091475117753996,2022,2021-12-31,training_frequency,-1,0.5458298926507019,0.5458298926507019,1,1
weekly_global_validated,2804,2022-08-12,2022-08-22,-0.0107272727272728,2022,2021-12-31,training_frequency,-1,0.5458298926507019,0.5458298926507019,1,0
weekly_global_validated,2809,2022-08-19,2022-08-29,-0.0172375434082356,2022,2021-12-31,training_frequency,-1,0.5458298926507019,0.5458298926507019,1,0
weekly_global_validated,2814,2022-08-26,2022-09-05,-0.0131573766941938,2022,2021-12-31,training_frequency,-1,0.5458298926507019,0.5458298926507019,1,0
weekly_global_validated,2819,2022-09-02,2022-09-13,0.0253340680878015,2022,2021-12-31,training_frequency,-1,0.5458298926507019,0.5458298926507019,1,1
weekly_global_validated,2824,2022-09-09,2022-09-19,-0.044647264962877,2022,2021-12-31,training_frequency,-1,0.5458298926507019,0.5458298926507019,1,0
weekly_global_validated,2828,2022-09-16,2022-09-26,-0.025155151434928,2022,2021-12-31,training_frequency,-1,0.5458298926507019,0.5458298926507019,1,0
weekly_global_validated,2833,2022-09-23,2022-10-10,-0.0060162941299352,2022,2021-12-31,training_frequency,-1,0.5458298926507019,0.5458298926507019,1,0
weekly_global_validated,2838,2022-09-30,2022-10-17,0.0041192047412885,2022,2021-12-31,training_frequency,-1,0.5458298926507019,0.5458298926507019,1,1
weekly_global_validated,2843,2022-10-14,2022-10-24,-0.0246766294110258,2022,2021-12-31,training_frequency,-1,0.5458298926507019,0.5458298926507019,1,0
weekly_global_validated,2848,2022-10-21,2022-10-31,-0.059928861134359,2022,2021-12-31,training_frequency,-1,0.5458298926507019,0.5458298926507019,1,0
weekly_global_validated,2853,2022-10-28,2022-11-07,0.071339502526744,2022,2021-12-31,training_frequency,-1,0.5458298926507019,0.5458298926507019,1,1
weekly_global_validated,2858,2022-11-04,2022-11-14,0.0169449090696014,2022,2021-12-31,training_frequency,-1,0.5458298926507019,0.5458298926507019,1,1
weekly_global_validated,2863,2022-11-11,2022-11-21,-0.0127051391515239,2022,2021-12-31,training_frequency,-1,0.5458298926507019,0.5458298926507019,1,0
weekly_global_validated,2868,2022-11-18,2022-11-28,-0.0179672806084416,2022,2021-12-31,training_frequency,-1,0.5458298926507019,0.5458298926507019,1,0
weekly_global_validated,2873,2022-11-25,2022-12-05,0.0555768659337096,2022,2021-12-31,training_frequency,-1,0.5458298926507019,0.5458298926507019,1,1
weekly_global_validated,2878,2022-12-02,2022-12-12,0.0175374394775362,2022,2021-12-31,training_frequency,-1,0.5458298926507019,0.5458298926507019,1,1
weekly_global_validated,2883,2022-12-09,2022-12-19,-0.0058850602464181,2022,2021-12-31,training_frequency,-1,0.5458298926507019,0.5458298926507019,1,0
weekly_global_validated,2888,2022-12-16,2022-12-26,-0.0309150292073658,2022,2021-12-31,training_frequency,-1,0.5458298926507019,0.5458298926507019,1,0
weekly_global_validated,2893,2022-12-23,2023-01-03,0.0089464492229616,2022,2021-12-31,training_frequency,-1,0.5458298926507019,0.5458298926507019,1,1
weekly_global_validated,2898,2022-12-30,2023-01-09,0.0345913414268119,2022,2021-12-31,training_frequency,-1,0.5458298926507019,0.5458298926507019,1,1
weekly_global_validated,2660,2022-01-07,2022-01-17,-0.0173453887283024,2022,2021-12-31,native_mse,20260911,0.007330315708159769,,1,0
weekly_global_validated,2665,2022-01-14,2022-01-24,0.0053248631776616,2022,2021-12-31,native_mse,20260911,0.015471274729398543,,1,1
weekly_global_validated,2670,2022-01-21,2022-02-07,-0.0242661876254222,2022,2021-12-31,native_mse,20260911,0.009873111042602054,,1,0
weekly_global_validated,2675,2022-01-28,2022-02-14,-0.0127539031341488,2022,2021-12-31,native_mse,20260911,0.0025503118790792955,,1,0
weekly_global_validated,2680,2022-02-11,2022-02-21,0.0145498774954033,2022,2021-12-31,native_mse,20260911,0.0063949393307865515,,1,1
weekly_global_validated,2685,2022-02-18,2022-02-28,-0.0177161244498015,2022,2021-12-31,native_mse,20260911,0.004306186298337274,,1,0
weekly_global_validated,2690,2022-02-25,2022-03-07,-0.0221791776043331,2022,2021-12-31,native_mse,20260911,0.00884306439536679,,1,0
weekly_global_validated,2695,2022-03-04,2022-03-14,-0.0480378799422749,2022,2021-12-31,native_mse,20260911,0.008878575004775912,,1,0
weekly_global_validated,2700,2022-03-11,2022-03-21,0.007530336734814,2022,2021-12-31,native_mse,20260911,0.008804997087552644,,1,1
weekly_global_validated,2705,2022-03-18,2022-03-28,-0.0353493110038457,2022,2021-12-31,native_mse,20260911,0.0029149751065889705,,1,0
weekly_global_validated,2710,2022-03-25,2022-04-06,0.0314834190717003,2022,2021-12-31,native_mse,20260911,0.009608904415587632,,1,1
weekly_global_validated,2715,2022-04-01,2022-04-12,-0.0129237372705649,2022,2021-12-31,native_mse,20260911,0.013290024702572031,,1,0
weekly_global_validated,2718,2022-04-08,2022-04-18,-0.0120986062576864,2022,2021-12-31,native_mse,20260911,0.0032429576095984285,,1,0
weekly_global_validated,2723,2022-04-15,2022-04-25,-0.0528494340140576,2022,2021-12-31,native_mse,20260911,0.016983479995433693,,1,0
weekly_global_validated,2728,2022-04-22,2022-05-05,0.015736821365468,2022,2021-12-31,native_mse,20260911,0.011987542362233185,,1,1
weekly_global_validated,2733,2022-04-29,2022-05-11,-0.0278824133054675,2022,2021-12-31,native_mse,20260911,0.0046606294840712235,,1,0
weekly_global_validated,2735,2022-05-06,2022-05-16,0.033741423035827,2022,2021-12-31,native_mse,20260911,-0.002196005566182584,,0,1
weekly_global_validated,2740,2022-05-13,2022-05-23,0.0164308841843088,2022,2021-12-31,native_mse,20260911,0.0038854901281264037,,1,1
weekly_global_validated,2745,2022-05-20,2022-05-30,-0.0147293413085614,2022,2021-12-31,native_mse,20260911,0.005767086549547615,,1,0
weekly_global_validated,2750,2022-05-27,2022-06-13,0.0431748431927498,2022,2021-12-31,native_mse,20260911,0.001263767062796844,,1,1
weekly_global_validated,2759,2022-06-10,2022-06-20,0.0306046547112142,2022,2021-12-31,native_mse,20260911,-0.0024637080117748144,,0,1
weekly_global_validated,2764,2022-06-17,2022-06-27,0.0211666894141107,2022,2021-12-31,native_mse,20260911,-0.0034192691302211337,,0,1
weekly_global_validated,2769,2022-06-24,2022-07-04,0.0074507343130214,2022,2021-12-31,native_mse,20260911,0.0007173637240202417,,1,1
weekly_global_validated,2774,2022-07-01,2022-07-11,-0.0092349827532707,2022,2021-12-31,native_mse,20260911,0.00019356382111467723,,1,0
weekly_global_validated,2779,2022-07-08,2022-07-18,-0.0326815927737367,2022,2021-12-31,native_mse,20260911,-0.002705313965036355,,0,0
weekly_global_validated,2784,2022-07-15,2022-07-25,-0.0066210715249344,2022,2021-12-31,native_mse,20260911,-0.01432584048846508,,0,0
weekly_global_validated,2789,2022-07-22,2022-08-01,-0.0173077967751003,2022,2021-12-31,native_mse,20260911,-0.01380965748442494,,0,0
weekly_global_validated,2794,2022-07-29,2022-08-08,-0.004456034513838,2022,2021-12-31,native_mse,20260911,-0.0005052222003642227,,0,0
weekly_global_validated,2799,2022-08-05,2022-08-15,0.0091475117753996,2022,2021-12-31,native_mse,20260911,0.011525493600414192,,1,1
weekly_global_validated,2804,2022-08-12,2022-08-22,-0.0107272727272728,2022,2021-12-31,native_mse,20260911,0.011216024245490553,,1,0
weekly_global_validated,2809,2022-08-19,2022-08-29,-0.0172375434082356,2022,2021-12-31,native_mse,20260911,0.011754323018096325,,1,0
weekly_global_validated,2814,2022-08-26,2022-09-05,-0.0131573766941938,2022,2021-12-31,native_mse,20260911,0.015594603509631271,,1,0
weekly_global_validated,2819,2022-09-02,2022-09-13,0.0253340680878015,2022,2021-12-31,native_mse,20260911,0.010900596081000016,,1,1
weekly_global_validated,2824,2022-09-09,2022-09-19,-0.044647264962877,2022,2021-12-31,native_mse,20260911,0.009845699372826781,,1,0
weekly_global_validated,2828,2022-09-16,2022-09-26,-0.025155151434928,2022,2021-12-31,native_mse,20260911,0.008491582609497948,,1,0
weekly_global_validated,2833,2022-09-23,2022-10-10,-0.0060162941299352,2022,2021-12-31,native_mse,20260911,0.016496050845990925,,1,0
weekly_global_validated,2838,2022-09-30,2022-10-17,0.0041192047412885,2022,2021-12-31,native_mse,20260911,0.0066528810646222045,,1,1
weekly_global_validated,2843,2022-10-14,2022-10-24,-0.0246766294110258,2022,2021-12-31,native_mse,20260911,0.007009044538463505,,1,0
weekly_global_validated,2848,2022-10-21,2022-10-31,-0.059928861134359,2022,2021-12-31,native_mse,20260911,0.010852556503638734,,1,0
weekly_global_validated,2853,2022-10-28,2022-11-07,0.071339502526744,2022,2021-12-31,native_mse,20260911,0.006842543646863063,,1,1
weekly_global_validated,2858,2022-11-04,2022-11-14,0.0169449090696014,2022,2021-12-31,native_mse,20260911,-0.008549410923537592,,0,1
weekly_global_validated,2863,2022-11-11,2022-11-21,-0.0127051391515239,2022,2021-12-31,native_mse,20260911,-0.005215109557773304,,0,0
weekly_global_validated,2868,2022-11-18,2022-11-28,-0.0179672806084416,2022,2021-12-31,native_mse,20260911,-0.010307087880643545,,0,0
weekly_global_validated,2873,2022-11-25,2022-12-05,0.0555768659337096,2022,2021-12-31,native_mse,20260911,0.0013951717650121252,,1,1
weekly_global_validated,2878,2022-12-02,2022-12-12,0.0175374394775362,2022,2021-12-31,native_mse,20260911,0.009832549235191711,,1,1
weekly_global_validated,2883,2022-12-09,2022-12-19,-0.0058850602464181,2022,2021-12-31,native_mse,20260911,0.003809464155812216,,1,0
weekly_global_validated,2888,2022-12-16,2022-12-26,-0.0309150292073658,2022,2021-12-31,native_mse,20260911,-0.00026475301217457076,,0,0
weekly_global_validated,2893,2022-12-23,2023-01-03,0.0089464492229616,2022,2021-12-31,native_mse,20260911,0.0011212783896272817,,1,1
weekly_global_validated,2898,2022-12-30,2023-01-09,0.0345913414268119,2022,2021-12-31,native_mse,20260911,-0.013209134532423342,,0,1
weekly_global_validated,2660,2022-01-07,2022-01-17,-0.0173453887283024,2022,2021-12-31,native_mse,20260912,0.001814179283598589,,1,0
weekly_global_validated,2665,2022-01-14,2022-01-24,0.0053248631776616,2022,2021-12-31,native_mse,20260912,0.0008133505012356114,,1,1
weekly_global_validated,2670,2022-01-21,2022-02-07,-0.0242661876254222,2022,2021-12-31,native_mse,20260912,0.003394922189452561,,1,0
weekly_global_validated,2675,2022-01-28,2022-02-14,-0.0127539031341488,2022,2021-12-31,native_mse,20260912,0.001858669558311765,,1,0
weekly_global_validated,2680,2022-02-11,2022-02-21,0.0145498774954033,2022,2021-12-31,native_mse,20260912,0.003479305001395758,,1,1
weekly_global_validated,2685,2022-02-18,2022-02-28,-0.0177161244498015,2022,2021-12-31,native_mse,20260912,0.00484344917433416,,1,0
weekly_global_validated,2690,2022-02-25,2022-03-07,-0.0221791776043331,2022,2021-12-31,native_mse,20260912,0.004930593592929232,,1,0
weekly_global_validated,2695,2022-03-04,2022-03-14,-0.0480378799422749,2022,2021-12-31,native_mse,20260912,0.004780982951547397,,1,0
weekly_global_validated,2700,2022-03-11,2022-03-21,0.007530336734814,2022,2021-12-31,native_mse,20260912,0.004193854635787947,,1,1
weekly_global_validated,2705,2022-03-18,2022-03-28,-0.0353493110038457,2022,2021-12-31,native_mse,20260912,0.004396502651581285,,1,0
weekly_global_validated,2710,2022-03-25,2022-04-06,0.0314834190717003,2022,2021-12-31,native_mse,20260912,0.0036897334948297125,,1,1
weekly_global_validated,2715,2022-04-01,2022-04-12,-0.0129237372705649,2022,2021-12-31,native_mse,20260912,0.003704448832752752,,1,0
weekly_global_validated,2718,2022-04-08,2022-04-18,-0.0120986062576864,2022,2021-12-31,native_mse,20260912,0.0033120503584409514,,1,0
weekly_global_validated,2723,2022-04-15,2022-04-25,-0.0528494340140576,2022,2021-12-31,native_mse,20260912,0.0030085181253416615,,1,0
weekly_global_validated,2728,2022-04-22,2022-05-05,0.015736821365468,2022,2021-12-31,native_mse,20260912,0.0026567146550084044,,1,1
weekly_global_validated,2733,2022-04-29,2022-05-11,-0.0278824133054675,2022,2021-12-31,native_mse,20260912,0.0018367479372410052,,1,0
weekly_global_validated,2735,2022-05-06,2022-05-16,0.033741423035827,2022,2021-12-31,native_mse,20260912,0.0020912186604119124,,1,1
weekly_global_validated,2740,2022-05-13,2022-05-23,0.0164308841843088,2022,2021-12-31,native_mse,20260912,0.0018493178254621319,,1,1
weekly_global_validated,2745,2022-05-20,2022-05-30,-0.0147293413085614,2022,2021-12-31,native_mse,20260912,0.0016372108848958446,,1,0
weekly_global_validated,2750,2022-05-27,2022-06-13,0.0431748431927498,2022,2021-12-31,native_mse,20260912,0.0012702553294938346,,1,1
weekly_global_validated,2759,2022-06-10,2022-06-20,0.0306046547112142,2022,2021-12-31,native_mse,20260912,-0.00018870985334741705,,0,1
weekly_global_validated,2764,2022-06-17,2022-06-27,0.0211666894141107,2022,2021-12-31,native_mse,20260912,-0.0009698518035469311,,0,1
weekly_global_validated,2769,2022-06-24,2022-07-04,0.0074507343130214,2022,2021-12-31,native_mse,20260912,-0.00016157705520515077,,0,1
weekly_global_validated,2774,2022-07-01,2022-07-11,-0.0092349827532707,2022,2021-12-31,native_mse,20260912,0.00012114906253678204,,1,0
weekly_global_validated,2779,2022-07-08,2022-07-18,-0.0326815927737367,2022,2021-12-31,native_mse,20260912,0.0009385572149118832,,1,0
weekly_global_validated,2784,2022-07-15,2022-07-25,-0.0066210715249344,2022,2021-12-31,native_mse,20260912,0.0008465033870475552,,1,0
weekly_global_validated,2789,2022-07-22,2022-08-01,-0.0173077967751003,2022,2021-12-31,native_mse,20260912,0.001749105544547778,,1,0
weekly_global_validated,2794,2022-07-29,2022-08-08,-0.004456034513838,2022,2021-12-31,native_mse,20260912,0.0022855909610094674,,1,0
weekly_global_validated,2799,2022-08-05,2022-08-15,0.0091475117753996,2022,2021-12-31,native_mse,20260912,0.0023275813973101045,,1,1
weekly_global_validated,2804,2022-08-12,2022-08-22,-0.0107272727272728,2022,2021-12-31,native_mse,20260912,0.00116828161002665,,1,0
weekly_global_validated,2809,2022-08-19,2022-08-29,-0.0172375434082356,2022,2021-12-31,native_mse,20260912,0.002641518401624336,,1,0
weekly_global_validated,2814,2022-08-26,2022-09-05,-0.0131573766941938,2022,2021-12-31,native_mse,20260912,0.00258122146459616,,1,0
weekly_global_validated,2819,2022-09-02,2022-09-13,0.0253340680878015,2022,2021-12-31,native_mse,20260912,0.003426320209529877,,1,1
weekly_global_validated,2824,2022-09-09,2022-09-19,-0.044647264962877,2022,2021-12-31,native_mse,20260912,0.004071954177543495,,1,0
weekly_global_validated,2828,2022-09-16,2022-09-26,-0.025155151434928,2022,2021-12-31,native_mse,20260912,0.004321372628556118,,1,0
weekly_global_validated,2833,2022-09-23,2022-10-10,-0.0060162941299352,2022,2021-12-31,native_mse,20260912,0.0034216908995016978,,1,0
weekly_global_validated,2838,2022-09-30,2022-10-17,0.0041192047412885,2022,2021-12-31,native_mse,20260912,0.003515450079575204,,1,1
weekly_global_validated,2843,2022-10-14,2022-10-24,-0.0246766294110258,2022,2021-12-31,native_mse,20260912,0.002607809358206801,,1,0
weekly_global_validated,2848,2022-10-21,2022-10-31,-0.059928861134359,2022,2021-12-31,native_mse,20260912,0.003699251753992663,,1,0
weekly_global_validated,2853,2022-10-28,2022-11-07,0.071339502526744,2022,2021-12-31,native_mse,20260912,0.0018115173178016464,,1,1
weekly_global_validated,2858,2022-11-04,2022-11-14,0.0169449090696014,2022,2021-12-31,native_mse,20260912,0.0023418219066621243,,1,1
weekly_global_validated,2863,2022-11-11,2022-11-21,-0.0127051391515239,2022,2021-12-31,native_mse,20260912,0.0018573604038192703,,1,0
weekly_global_validated,2868,2022-11-18,2022-11-28,-0.0179672806084416,2022,2021-12-31,native_mse,20260912,0.0016249204309614228,,1,0
weekly_global_validated,2873,2022-11-25,2022-12-05,0.0555768659337096,2022,2021-12-31,native_mse,20260912,0.0016075771422150188,,1,1
weekly_global_validated,2878,2022-12-02,2022-12-12,0.0175374394775362,2022,2021-12-31,native_mse,20260912,0.0015010231403169106,,1,1
weekly_global_validated,2883,2022-12-09,2022-12-19,-0.0058850602464181,2022,2021-12-31,native_mse,20260912,0.001187317105345827,,1,0
weekly_global_validated,2888,2022-12-16,2022-12-26,-0.0309150292073658,2022,2021-12-31,native_mse,20260912,0.0019485697779955545,,1,0
weekly_global_validated,2893,2022-12-23,2023-01-03,0.0089464492229616,2022,2021-12-31,native_mse,20260912,0.0001928217320369698,,1,1
weekly_global_validated,2898,2022-12-30,2023-01-09,0.0345913414268119,2022,2021-12-31,native_mse,20260912,0.00047968928790032895,,1,1
weekly_global_validated,2902,2023-01-06,2023-01-16,0.0198447929614133,2023,2022-12-31,native_mse,20260910,-0.0025267983391307767,,0,1
weekly_global_validated,2907,2023-01-13,2023-01-30,0.0465290788350809,2023,2022-12-31,native_mse,20260910,-0.0004635399148201708,,0,1
weekly_global_validated,2912,2023-01-20,2023-02-06,-0.0383797057844887,2023,2022-12-31,native_mse,20260910,7.519190422555292e-05,,1,0
weekly_global_validated,2917,2023-02-03,2023-02-13,-0.0012061903149008,2023,2022-12-31,native_mse,20260910,0.0016271329266920357,,1,0
weekly_global_validated,2922,2023-02-10,2023-02-20,-0.0143746584432821,2023,2022-12-31,native_mse,20260910,-0.0011564163814400644,,0,0
weekly_global_validated,2927,2023-02-17,2023-02-27,0.0001237636016198,2023,2022-12-31,native_mse,20260910,-0.0016426518503498255,,0,1
weekly_global_validated,2932,2023-02-24,2023-03-06,0.0224454641303217,2023,2022-12-31,native_mse,20260910,0.0015810555880606469,,1,1
weekly_global_validated,2937,2023-03-03,2023-03-13,-0.0407900947678007,2023,2022-12-31,native_mse,20260910,0.0007073892257839969,,1,0
weekly_global_validated,2942,2023-03-10,2023-03-20,5.0471402903706775e-06,2023,2022-12-31,native_mse,20260910,-0.0001794060398361263,,0,1
weekly_global_validated,2947,2023-03-17,2023-03-27,0.015302852124583,2023,2022-12-31,native_mse,20260910,-0.0018976163672993884,,0,1
weekly_global_validated,2952,2023-03-24,2023-04-03,0.0090274153058433,2023,2022-12-31,native_mse,20260910,-0.001832954139676603,,0,1
weekly_global_validated,2957,2023-03-31,2023-04-10,0.0178317182396383,2023,2022-12-31,native_mse,20260910,-0.00172129069982479,,0,1
weekly_global_validated,2961,2023-04-07,2023-04-17,-0.0101500238382772,2023,2022-12-31,native_mse,20260910,-0.00033641886926452733,,0,0
weekly_global_validated,2966,2023-04-14,2023-04-24,-0.014368947230732,2023,2022-12-31,native_mse,20260910,-0.0013230092163269815,,0,0
weekly_global_validated,2971,2023-04-21,2023-05-04,-0.0044228908788729,2023,2022-12-31,native_mse,20260910,-0.0007286066396655064,,0,0
weekly_global_validated,2976,2023-04-28,2023-05-10,0.0036477163153083,2023,2022-12-31,native_mse,20260910,-0.00030575704561793394,,0,1
weekly_global_validated,2978,2023-05-05,2023-05-15,-0.0221642407977935,2023,2022-12-31,native_mse,20260910,-0.00011486613921578474,,0,0
weekly_global_validated,2983,2023-05-12,2023-05-22,0.0005509250208819,2023,2022-12-31,native_mse,20260910,-0.0001792163459168561,,0,1
weekly_global_validated,2988,2023-05-19,2023-05-29,-0.0200253742704897,2023,2022-12-31,native_mse,20260910,0.0009439667644663131,,1,0
weekly_global_validated,2993,2023-05-26,2023-06-05,-0.0003935703040848,2023,2022-12-31,native_mse,20260910,0.000557122093874036,,1,0
weekly_global_validated,2998,2023-06-02,2023-06-12,-0.0086075595250429,2023,2022-12-31,native_mse,20260910,-0.001180815938657947,,0,0
weekly_global_validated,3003,2023-06-09,2023-06-19,0.0338878539347273,2023,2022-12-31,native_mse,20260910,-0.0014426234760102343,,0,1
weekly_global_validated,3008,2023-06-16,2023-07-03,-0.026216632171098,2023,2022-12-31,native_mse,20260910,-0.0010042817493535598,,0,0
weekly_global_validated,3016,2023-06-30,2023-07-10,-0.0030441518806006,2023,2022-12-31,native_mse,20260910,-0.0011931588855691256,,0,0
weekly_global_validated,3021,2023-07-07,2023-07-17,0.0104280552692135,2023,2022-12-31,native_mse,20260910,-0.001925244639091561,,0,1
weekly_global_validated,3026,2023-07-14,2023-07-24,-0.0201642613135752,2023,2022-12-31,native_mse,20260910,0.00072512762062503,,1,0
weekly_global_validated,3031,2023-07-21,2023-07-31,0.0566710925894278,2023,2022-12-31,native_mse,20260910,0.0009939160139214966,,1,1
weekly_global_validated,3036,2023-07-28,2023-08-07,-0.0039612927947766,2023,2022-12-31,native_mse,20260910,-0.0005682320215149167,,0,0
weekly_global_validated,3041,2023-08-04,2023-08-14,-0.0404899362223548,2023,2022-12-31,native_mse,20260910,-0.0009301134947241365,,0,0
weekly_global_validated,3046,2023-08-11,2023-08-21,-0.0176157088591445,2023,2022-12-31,native_mse,20260910,-0.000726777176221484,,0,0
weekly_global_validated,3051,2023-08-18,2023-08-28,0.0366582477081969,2023,2022-12-31,native_mse,20260910,0.0008756120897448488,,1,1
weekly_global_validated,3056,2023-08-25,2023-09-04,-0.025197172476384,2023,2022-12-31,native_mse,20260910,-0.0006648239910763075,,0,0
weekly_global_validated,3061,2023-09-01,2023-09-11,-0.0189903461587886,2023,2022-12-31,native_mse,20260910,0.00015839660362514175,,1,0
weekly_global_validated,3066,2023-09-08,2023-09-18,-0.0111346368744954,2023,2022-12-31,native_mse,20260910,0.001744965500114605,,1,0
weekly_global_validated,3071,2023-09-15,2023-09-25,0.0105787349314532,2023,2022-12-31,native_mse,20260910,0.0006876575211446893,,1,1
weekly_global_validated,3076,2023-09-22,2023-10-16,-0.0198017153282719,2023,2022-12-31,native_mse,20260910,-0.00243132015475,,0,0
weekly_global_validated,3085,2023-10-13,2023-10-23,-0.0447156690429144,2023,2022-12-31,native_mse,20260910,-0.0021908711949872265,,0,0
weekly_global_validated,3090,2023-10-20,2023-10-30,0.0154019770298841,2023,2022-12-31,native_mse,20260910,-0.0005611083237640583,,0,1
weekly_global_validated,3095,2023-10-27,2023-11-06,0.0152527637017425,2023,2022-12-31,native_mse,20260910,0.0010289915405626282,,1,1
weekly_global_validated,3100,2023-11-03,2023-11-13,-0.0039935482440582,2023,2022-12-31,native_mse,20260910,0.001023319006735779,,1,0
weekly_global_validated,3105,2023-11-10,2023-11-20,-0.0067280482816765,2023,2022-12-31,native_mse,20260910,-0.0009564130384265961,,0,0
weekly_global_validated,3110,2023-11-17,2023-11-27,-0.0098859017348651,2023,2022-12-31,native_mse,20260910,0.00023192130830153903,,1,0
weekly_global_validated,3115,2023-11-24,2023-12-04,-0.0151084754586299,2023,2022-12-31,native_mse,20260910,0.0008732338960994725,,1,0
weekly_global_validated,3120,2023-12-01,2023-12-11,-0.0295859857973478,2023,2022-12-31,native_mse,20260910,0.000837366835393595,,1,0
weekly_global_validated,3125,2023-12-08,2023-12-18,-0.0144639658974852,2023,2022-12-31,native_mse,20260910,0.0006391538307731006,,1,0
weekly_global_validated,3130,2023-12-15,2023-12-25,0.0003424256350643,2023,2022-12-31,native_mse,20260910,0.000382991564868559,,1,1
weekly_global_validated,3135,2023-12-22,2024-01-02,0.0288079559683274,2023,2022-12-31,native_mse,20260910,-0.0008222024683218445,,0,1
weekly_global_validated,3140,2023-12-29,2024-01-08,-0.0302544749829989,2023,2022-12-31,native_mse,20260910,0.0008212539531046094,,1,0
weekly_global_validated,2902,2023-01-06,2023-01-16,0.0198447929614133,2023,2022-12-31,training_frequency,-1,0.5028949545078577,0.5028949545078577,1,1
weekly_global_validated,2907,2023-01-13,2023-01-30,0.0465290788350809,2023,2022-12-31,training_frequency,-1,0.5028949545078577,0.5028949545078577,1,1
weekly_global_validated,2912,2023-01-20,2023-02-06,-0.0383797057844887,2023,2022-12-31,training_frequency,-1,0.5028949545078577,0.5028949545078577,1,0
weekly_global_validated,2917,2023-02-03,2023-02-13,-0.0012061903149008,2023,2022-12-31,training_frequency,-1,0.5028949545078577,0.5028949545078577,1,0
weekly_global_validated,2922,2023-02-10,2023-02-20,-0.0143746584432821,2023,2022-12-31,training_frequency,-1,0.5028949545078577,0.5028949545078577,1,0
weekly_global_validated,2927,2023-02-17,2023-02-27,0.0001237636016198,2023,2022-12-31,training_frequency,-1,0.5028949545078577,0.5028949545078577,1,1
weekly_global_validated,2932,2023-02-24,2023-03-06,0.0224454641303217,2023,2022-12-31,training_frequency,-1,0.5028949545078577,0.5028949545078577,1,1
weekly_global_validated,2937,2023-03-03,2023-03-13,-0.0407900947678007,2023,2022-12-31,training_frequency,-1,0.5028949545078577,0.5028949545078577,1,0
weekly_global_validated,2942,2023-03-10,2023-03-20,5.0471402903706775e-06,2023,2022-12-31,training_frequency,-1,0.5028949545078577,0.5028949545078577,1,1
weekly_global_validated,2947,2023-03-17,2023-03-27,0.015302852124583,2023,2022-12-31,training_frequency,-1,0.5028949545078577,0.5028949545078577,1,1
weekly_global_validated,2952,2023-03-24,2023-04-03,0.0090274153058433,2023,2022-12-31,training_frequency,-1,0.5028949545078577,0.5028949545078577,1,1
weekly_global_validated,2957,2023-03-31,2023-04-10,0.0178317182396383,2023,2022-12-31,training_frequency,-1,0.5028949545078577,0.5028949545078577,1,1
weekly_global_validated,2961,2023-04-07,2023-04-17,-0.0101500238382772,2023,2022-12-31,training_frequency,-1,0.5028949545078577,0.5028949545078577,1,0
weekly_global_validated,2966,2023-04-14,2023-04-24,-0.014368947230732,2023,2022-12-31,training_frequency,-1,0.5028949545078577,0.5028949545078577,1,0
weekly_global_validated,2971,2023-04-21,2023-05-04,-0.0044228908788729,2023,2022-12-31,training_frequency,-1,0.5028949545078577,0.5028949545078577,1,0
weekly_global_validated,2976,2023-04-28,2023-05-10,0.0036477163153083,2023,2022-12-31,training_frequency,-1,0.5028949545078577,0.5028949545078577,1,1
weekly_global_validated,2978,2023-05-05,2023-05-15,-0.0221642407977935,2023,2022-12-31,training_frequency,-1,0.5028949545078577,0.5028949545078577,1,0
weekly_global_validated,2983,2023-05-12,2023-05-22,0.0005509250208819,2023,2022-12-31,training_frequency,-1,0.5028949545078577,0.5028949545078577,1,1
weekly_global_validated,2988,2023-05-19,2023-05-29,-0.0200253742704897,2023,2022-12-31,training_frequency,-1,0.5028949545078577,0.5028949545078577,1,0
weekly_global_validated,2993,2023-05-26,2023-06-05,-0.0003935703040848,2023,2022-12-31,training_frequency,-1,0.5028949545078577,0.5028949545078577,1,0
weekly_global_validated,2998,2023-06-02,2023-06-12,-0.0086075595250429,2023,2022-12-31,training_frequency,-1,0.5028949545078577,0.5028949545078577,1,0
weekly_global_validated,3003,2023-06-09,2023-06-19,0.0338878539347273,2023,2022-12-31,training_frequency,-1,0.5028949545078577,0.5028949545078577,1,1
weekly_global_validated,3008,2023-06-16,2023-07-03,-0.026216632171098,2023,2022-12-31,training_frequency,-1,0.5028949545078577,0.5028949545078577,1,0
weekly_global_validated,3016,2023-06-30,2023-07-10,-0.0030441518806006,2023,2022-12-31,training_frequency,-1,0.5028949545078577,0.5028949545078577,1,0
weekly_global_validated,3021,2023-07-07,2023-07-17,0.0104280552692135,2023,2022-12-31,training_frequency,-1,0.5028949545078577,0.5028949545078577,1,1
weekly_global_validated,3026,2023-07-14,2023-07-24,-0.0201642613135752,2023,2022-12-31,training_frequency,-1,0.5028949545078577,0.5028949545078577,1,0
weekly_global_validated,3031,2023-07-21,2023-07-31,0.0566710925894278,2023,2022-12-31,training_frequency,-1,0.5028949545078577,0.5028949545078577,1,1
weekly_global_validated,3036,2023-07-28,2023-08-07,-0.0039612927947766,2023,2022-12-31,training_frequency,-1,0.5028949545078577,0.5028949545078577,1,0
weekly_global_validated,3041,2023-08-04,2023-08-14,-0.0404899362223548,2023,2022-12-31,training_frequency,-1,0.5028949545078577,0.5028949545078577,1,0
weekly_global_validated,3046,2023-08-11,2023-08-21,-0.0176157088591445,2023,2022-12-31,training_frequency,-1,0.5028949545078577,0.5028949545078577,1,0
weekly_global_validated,3051,2023-08-18,2023-08-28,0.0366582477081969,2023,2022-12-31,training_frequency,-1,0.5028949545078577,0.5028949545078577,1,1
weekly_global_validated,3056,2023-08-25,2023-09-04,-0.025197172476384,2023,2022-12-31,training_frequency,-1,0.5028949545078577,0.5028949545078577,1,0
weekly_global_validated,3061,2023-09-01,2023-09-11,-0.0189903461587886,2023,2022-12-31,training_frequency,-1,0.5028949545078577,0.5028949545078577,1,0
weekly_global_validated,3066,2023-09-08,2023-09-18,-0.0111346368744954,2023,2022-12-31,training_frequency,-1,0.5028949545078577,0.5028949545078577,1,0
weekly_global_validated,3071,2023-09-15,2023-09-25,0.0105787349314532,2023,2022-12-31,training_frequency,-1,0.5028949545078577,0.5028949545078577,1,1
weekly_global_validated,3076,2023-09-22,2023-10-16,-0.0198017153282719,2023,2022-12-31,training_frequency,-1,0.5028949545078577,0.5028949545078577,1,0
weekly_global_validated,3085,2023-10-13,2023-10-23,-0.0447156690429144,2023,2022-12-31,training_frequency,-1,0.5028949545078577,0.5028949545078577,1,0
weekly_global_validated,3090,2023-10-20,2023-10-30,0.0154019770298841,2023,2022-12-31,training_frequency,-1,0.5028949545078577,0.5028949545078577,1,1
weekly_global_validated,3095,2023-10-27,2023-11-06,0.0152527637017425,2023,2022-12-31,training_frequency,-1,0.5028949545078577,0.5028949545078577,1,1
weekly_global_validated,3100,2023-11-03,2023-11-13,-0.0039935482440582,2023,2022-12-31,training_frequency,-1,0.5028949545078577,0.5028949545078577,1,0
weekly_global_validated,3105,2023-11-10,2023-11-20,-0.0067280482816765,2023,2022-12-31,training_frequency,-1,0.5028949545078577,0.5028949545078577,1,0
weekly_global_validated,3110,2023-11-17,2023-11-27,-0.0098859017348651,2023,2022-12-31,training_frequency,-1,0.5028949545078577,0.5028949545078577,1,0
weekly_global_validated,3115,2023-11-24,2023-12-04,-0.0151084754586299,2023,2022-12-31,training_frequency,-1,0.5028949545078577,0.5028949545078577,1,0
weekly_global_validated,3120,2023-12-01,2023-12-11,-0.0295859857973478,2023,2022-12-31,training_frequency,-1,0.5028949545078577,0.5028949545078577,1,0
weekly_global_validated,3125,2023-12-08,2023-12-18,-0.0144639658974852,2023,2022-12-31,training_frequency,-1,0.5028949545078577,0.5028949545078577,1,0
weekly_global_validated,3130,2023-12-15,2023-12-25,0.0003424256350643,2023,2022-12-31,training_frequency,-1,0.5028949545078577,0.5028949545078577,1,1
weekly_global_validated,3135,2023-12-22,2024-01-02,0.0288079559683274,2023,2022-12-31,training_frequency,-1,0.5028949545078577,0.5028949545078577,1,1
weekly_global_validated,3140,2023-12-29,2024-01-08,-0.0302544749829989,2023,2022-12-31,training_frequency,-1,0.5028949545078577,0.5028949545078577,1,0
weekly_global_validated,2902,2023-01-06,2023-01-16,0.0198447929614133,2023,2022-12-31,native_mse,20260911,-0.0028881799476405084,,0,1
weekly_global_validated,2907,2023-01-13,2023-01-30,0.0465290788350809,2023,2022-12-31,native_mse,20260911,0.002600529697082545,,1,1
weekly_global_validated,2912,2023-01-20,2023-02-06,-0.0383797057844887,2023,2022-12-31,native_mse,20260911,0.009824735187562814,,1,0
weekly_global_validated,2917,2023-02-03,2023-02-13,-0.0012061903149008,2023,2022-12-31,native_mse,20260911,0.001758336799202022,,1,0
weekly_global_validated,2922,2023-02-10,2023-02-20,-0.0143746584432821,2023,2022-12-31,native_mse,20260911,-0.004455423490420713,,0,0
weekly_global_validated,2927,2023-02-17,2023-02-27,0.0001237636016198,2023,2022-12-31,native_mse,20260911,-0.004320463721841919,,0,1
weekly_global_validated,2932,2023-02-24,2023-03-06,0.0224454641303217,2023,2022-12-31,native_mse,20260911,0.007109894584169036,,1,1
weekly_global_validated,2937,2023-03-03,2023-03-13,-0.0407900947678007,2023,2022-12-31,native_mse,20260911,0.012121075090535267,,1,0
weekly_global_validated,2942,2023-03-10,2023-03-20,5.0471402903706775e-06,2023,2022-12-31,native_mse,20260911,-0.0015684618293498606,,0,1
weekly_global_validated,2947,2023-03-17,2023-03-27,0.015302852124583,2023,2022-12-31,native_mse,20260911,-0.00455123687690783,,0,1
weekly_global_validated,2952,2023-03-24,2023-04-03,0.0090274153058433,2023,2022-12-31,native_mse,20260911,-0.0032713642765306557,,0,1
weekly_global_validated,2957,2023-03-31,2023-04-10,0.0178317182396383,2023,2022-12-31,native_mse,20260911,0.009972413917103892,,1,1
weekly_global_validated,2961,2023-04-07,2023-04-17,-0.0101500238382772,2023,2022-12-31,native_mse,20260911,0.007806808930188104,,1,0
weekly_global_validated,2966,2023-04-14,2023-04-24,-0.014368947230732,2023,2022-12-31,native_mse,20260911,0.007226249329863683,,1,0
weekly_global_validated,2971,2023-04-21,2023-05-04,-0.0044228908788729,2023,2022-12-31,native_mse,20260911,-0.0024232716039148286,,0,0
weekly_global_validated,2976,2023-04-28,2023-05-10,0.0036477163153083,2023,2022-12-31,native_mse,20260911,-0.003907239624967295,,0,1
weekly_global_validated,2978,2023-05-05,2023-05-15,-0.0221642407977935,2023,2022-12-31,native_mse,20260911,-0.0031947009428460477,,0,0
weekly_global_validated,2983,2023-05-12,2023-05-22,0.0005509250208819,2023,2022-12-31,native_mse,20260911,0.003981441571850173,,1,1
weekly_global_validated,2988,2023-05-19,2023-05-29,-0.0200253742704897,2023,2022-12-31,native_mse,20260911,0.01107004322684732,,1,0
weekly_global_validated,2993,2023-05-26,2023-06-05,-0.0003935703040848,2023,2022-12-31,native_mse,20260911,0.004560043069480671,,1,0
weekly_global_validated,2998,2023-06-02,2023-06-12,-0.0086075595250429,2023,2022-12-31,native_mse,20260911,-0.0048559678058000275,,0,0
weekly_global_validated,3003,2023-06-09,2023-06-19,0.0338878539347273,2023,2022-12-31,native_mse,20260911,-0.0042897134995229635,,0,1
weekly_global_validated,3008,2023-06-16,2023-07-03,-0.026216632171098,2023,2022-12-31,native_mse,20260911,-0.004761761648113702,,0,0
weekly_global_validated,3016,2023-06-30,2023-07-10,-0.0030441518806006,2023,2022-12-31,native_mse,20260911,0.001449000541630631,,1,0
weekly_global_validated,3021,2023-07-07,2023-07-17,0.0104280552692135,2023,2022-12-31,native_mse,20260911,-0.005015012063383114,,0,1
weekly_global_validated,3026,2023-07-14,2023-07-24,-0.0201642613135752,2023,2022-12-31,native_mse,20260911,-0.002212730290267345,,0,0
weekly_global_validated,3031,2023-07-21,2023-07-31,0.0566710925894278,2023,2022-12-31,native_mse,20260911,-0.005112763962830667,,0,1
weekly_global_validated,3036,2023-07-28,2023-08-07,-0.0039612927947766,2023,2022-12-31,native_mse,20260911,-0.0052814272148835025,,0,0
weekly_global_validated,3041,2023-08-04,2023-08-14,-0.0404899362223548,2023,2022-12-31,native_mse,20260911,-0.004618211999064367,,0,0
weekly_global_validated,3046,2023-08-11,2023-08-21,-0.0176157088591445,2023,2022-12-31,native_mse,20260911,0.009053312378542757,,1,0
weekly_global_validated,3051,2023-08-18,2023-08-28,0.0366582477081969,2023,2022-12-31,native_mse,20260911,0.004561021250172811,,1,1
weekly_global_validated,3056,2023-08-25,2023-09-04,-0.025197172476384,2023,2022-12-31,native_mse,20260911,-0.0025275908526821967,,0,0
weekly_global_validated,3061,2023-09-01,2023-09-11,-0.0189903461587886,2023,2022-12-31,native_mse,20260911,-0.0049631793698849645,,0,0
weekly_global_validated,3066,2023-09-08,2023-09-18,-0.0111346368744954,2023,2022-12-31,native_mse,20260911,0.00680202581529956,,1,0
weekly_global_validated,3071,2023-09-15,2023-09-25,0.0105787349314532,2023,2022-12-31,native_mse,20260911,0.008596091481564963,,1,1
weekly_global_validated,3076,2023-09-22,2023-10-16,-0.0198017153282719,2023,2022-12-31,native_mse,20260911,-0.0031471179155324424,,0,0
weekly_global_validated,3085,2023-10-13,2023-10-23,-0.0447156690429144,2023,2022-12-31,native_mse,20260911,-0.004148291730857776,,0,0
weekly_global_validated,3090,2023-10-20,2023-10-30,0.0154019770298841,2023,2022-12-31,native_mse,20260911,-0.005712800982170543,,0,1
weekly_global_validated,3095,2023-10-27,2023-11-06,0.0152527637017425,2023,2022-12-31,native_mse,20260911,-0.0033253387808900993,,0,1
weekly_global_validated,3100,2023-11-03,2023-11-13,-0.0039935482440582,2023,2022-12-31,native_mse,20260911,-0.0006739370262628165,,0,0
weekly_global_validated,3105,2023-11-10,2023-11-20,-0.0067280482816765,2023,2022-12-31,native_mse,20260911,-0.004003258050664914,,0,0
weekly_global_validated,3110,2023-11-17,2023-11-27,-0.0098859017348651,2023,2022-12-31,native_mse,20260911,-0.003231557067429336,,0,0
weekly_global_validated,3115,2023-11-24,2023-12-04,-0.0151084754586299,2023,2022-12-31,native_mse,20260911,-0.003968465813336381,,0,0
weekly_global_validated,3120,2023-12-01,2023-12-11,-0.0295859857973478,2023,2022-12-31,native_mse,20260911,-0.004170192617569334,,0,0
weekly_global_validated,3125,2023-12-08,2023-12-18,-0.0144639658974852,2023,2022-12-31,native_mse,20260911,-0.004708072283208354,,0,0
weekly_global_validated,3130,2023-12-15,2023-12-25,0.0003424256350643,2023,2022-12-31,native_mse,20260911,-0.005014383450601872,,0,1
weekly_global_validated,3135,2023-12-22,2024-01-02,0.0288079559683274,2023,2022-12-31,native_mse,20260911,-0.005140476035149425,,0,1
weekly_global_validated,3140,2023-12-29,2024-01-08,-0.0302544749829989,2023,2022-12-31,native_mse,20260911,-0.0034098597743402285,,0,0
weekly_global_validated,2902,2023-01-06,2023-01-16,0.0198447929614133,2023,2022-12-31,native_mse,20260912,0.0004281627694943007,,1,1
weekly_global_validated,2907,2023-01-13,2023-01-30,0.0465290788350809,2023,2022-12-31,native_mse,20260912,4.2102919401855305e-05,,1,1
weekly_global_validated,2912,2023-01-20,2023-02-06,-0.0383797057844887,2023,2022-12-31,native_mse,20260912,0.0010967633118809882,,1,0
weekly_global_validated,2917,2023-02-03,2023-02-13,-0.0012061903149008,2023,2022-12-31,native_mse,20260912,0.0008747039967658528,,1,0
weekly_global_validated,2922,2023-02-10,2023-02-20,-0.0143746584432821,2023,2022-12-31,native_mse,20260912,0.0001818132935792269,,1,0
weekly_global_validated,2927,2023-02-17,2023-02-27,0.0001237636016198,2023,2022-12-31,native_mse,20260912,0.00010126624081480557,,1,1
weekly_global_validated,2932,2023-02-24,2023-03-06,0.0224454641303217,2023,2022-12-31,native_mse,20260912,0.000782385799644381,,1,1
weekly_global_validated,2937,2023-03-03,2023-03-13,-0.0407900947678007,2023,2022-12-31,native_mse,20260912,0.00040350503591383166,,1,0
weekly_global_validated,2942,2023-03-10,2023-03-20,5.0471402903706775e-06,2023,2022-12-31,native_mse,20260912,0.00023517524465769396,,1,1
weekly_global_validated,2947,2023-03-17,2023-03-27,0.015302852124583,2023,2022-12-31,native_mse,20260912,-0.0005550490015326846,,0,1
weekly_global_validated,2952,2023-03-24,2023-04-03,0.0090274153058433,2023,2022-12-31,native_mse,20260912,0.0004555071806066471,,1,1
weekly_global_validated,2957,2023-03-31,2023-04-10,0.0178317182396383,2023,2022-12-31,native_mse,20260912,0.0006137448037054246,,1,1
weekly_global_validated,2961,2023-04-07,2023-04-17,-0.0101500238382772,2023,2022-12-31,native_mse,20260912,0.0007714668086940345,,1,0
weekly_global_validated,2966,2023-04-14,2023-04-24,-0.014368947230732,2023,2022-12-31,native_mse,20260912,0.0006120128536014287,,1,0
weekly_global_validated,2971,2023-04-21,2023-05-04,-0.0044228908788729,2023,2022-12-31,native_mse,20260912,0.0004168718728952876,,1,0
weekly_global_validated,2976,2023-04-28,2023-05-10,0.0036477163153083,2023,2022-12-31,native_mse,20260912,0.0007975995131662927,,1,1
weekly_global_validated,2978,2023-05-05,2023-05-15,-0.0221642407977935,2023,2022-12-31,native_mse,20260912,3.748499343571029e-05,,1,0
weekly_global_validated,2983,2023-05-12,2023-05-22,0.0005509250208819,2023,2022-12-31,native_mse,20260912,0.00013564688457888487,,1,1
weekly_global_validated,2988,2023-05-19,2023-05-29,-0.0200253742704897,2023,2022-12-31,native_mse,20260912,0.0006049797039520234,,1,0
weekly_global_validated,2993,2023-05-26,2023-06-05,-0.0003935703040848,2023,2022-12-31,native_mse,20260912,5.080512794837295e-05,,1,0
weekly_global_validated,2998,2023-06-02,2023-06-12,-0.0086075595250429,2023,2022-12-31,native_mse,20260912,-0.0003527596454530836,,0,0
weekly_global_validated,3003,2023-06-09,2023-06-19,0.0338878539347273,2023,2022-12-31,native_mse,20260912,-0.0004629538008774116,,0,1
weekly_global_validated,3008,2023-06-16,2023-07-03,-0.026216632171098,2023,2022-12-31,native_mse,20260912,-0.0003413110242915335,,0,0
weekly_global_validated,3016,2023-06-30,2023-07-10,-0.0030441518806006,2023,2022-12-31,native_mse,20260912,0.0003431408638381007,,1,0
weekly_global_validated,3021,2023-07-07,2023-07-17,0.0104280552692135,2023,2022-12-31,native_mse,20260912,0.000814771057302496,,1,1
weekly_global_validated,3026,2023-07-14,2023-07-24,-0.0201642613135752,2023,2022-12-31,native_mse,20260912,0.0006501402430561996,,1,0
weekly_global_validated,3031,2023-07-21,2023-07-31,0.0566710925894278,2023,2022-12-31,native_mse,20260912,2.5045124957704355e-05,,1,1
weekly_global_validated,3036,2023-07-28,2023-08-07,-0.0039612927947766,2023,2022-12-31,native_mse,20260912,0.00047471401642830695,,1,0
weekly_global_validated,3041,2023-08-04,2023-08-14,-0.0404899362223548,2023,2022-12-31,native_mse,20260912,0.0008553072765691807,,1,0
weekly_global_validated,3046,2023-08-11,2023-08-21,-0.0176157088591445,2023,2022-12-31,native_mse,20260912,0.0015027086256146451,,1,0
weekly_global_validated,3051,2023-08-18,2023-08-28,0.0366582477081969,2023,2022-12-31,native_mse,20260912,0.0006099353623650846,,1,1
weekly_global_validated,3056,2023-08-25,2023-09-04,-0.025197172476384,2023,2022-12-31,native_mse,20260912,0.00044421971221099443,,1,0
weekly_global_validated,3061,2023-09-01,2023-09-11,-0.0189903461587886,2023,2022-12-31,native_mse,20260912,-0.0002025361551160587,,0,0
weekly_global_validated,3066,2023-09-08,2023-09-18,-0.0111346368744954,2023,2022-12-31,native_mse,20260912,0.00041052847232038274,,1,0
weekly_global_validated,3071,2023-09-15,2023-09-25,0.0105787349314532,2023,2022-12-31,native_mse,20260912,0.0001624781603077036,,1,1
weekly_global_validated,3076,2023-09-22,2023-10-16,-0.0198017153282719,2023,2022-12-31,native_mse,20260912,-2.0047557486308507e-05,,0,0
weekly_global_validated,3085,2023-10-13,2023-10-23,-0.0447156690429144,2023,2022-12-31,native_mse,20260912,-7.666747850147154e-05,,0,0
weekly_global_validated,3090,2023-10-20,2023-10-30,0.0154019770298841,2023,2022-12-31,native_mse,20260912,0.00029732197364893017,,1,1
weekly_global_validated,3095,2023-10-27,2023-11-06,0.0152527637017425,2023,2022-12-31,native_mse,20260912,0.0012245039371740986,,1,1
weekly_global_validated,3100,2023-11-03,2023-11-13,-0.0039935482440582,2023,2022-12-31,native_mse,20260912,0.00041856415378897153,,1,0
weekly_global_validated,3105,2023-11-10,2023-11-20,-0.0067280482816765,2023,2022-12-31,native_mse,20260912,0.00022000524072862617,,1,0
weekly_global_validated,3110,2023-11-17,2023-11-27,-0.0098859017348651,2023,2022-12-31,native_mse,20260912,-0.00011003873914113989,,0,0
weekly_global_validated,3115,2023-11-24,2023-12-04,-0.0151084754586299,2023,2022-12-31,native_mse,20260912,0.0006004861455855604,,1,0
weekly_global_validated,3120,2023-12-01,2023-12-11,-0.0295859857973478,2023,2022-12-31,native_mse,20260912,9.164477722239853e-05,,1,0
weekly_global_validated,3125,2023-12-08,2023-12-18,-0.0144639658974852,2023,2022-12-31,native_mse,20260912,0.0003716320497864135,,1,0
weekly_global_validated,3130,2023-12-15,2023-12-25,0.0003424256350643,2023,2022-12-31,native_mse,20260912,0.0007186720416179463,,1,1
weekly_global_validated,3135,2023-12-22,2024-01-02,0.0288079559683274,2023,2022-12-31,native_mse,20260912,0.00031752353260434155,,1,1
weekly_global_validated,3140,2023-12-29,2024-01-08,-0.0302544749829989,2023,2022-12-31,native_mse,20260912,-5.293223214677527e-06,,0,0
weekly_global_validated,3144,2024-01-05,2024-01-15,-0.0158038409563566,2024,2023-12-31,native_mse,20260910,0.000251131835275678,,1,0
weekly_global_validated,3149,2024-01-12,2024-01-22,-0.002333261979756,2024,2023-12-31,native_mse,20260910,0.0007362057214049004,,1,0
weekly_global_validated,3154,2024-01-19,2024-01-29,0.0223511633823452,2024,2023-12-31,native_mse,20260910,-0.00023540604600351487,,0,1
weekly_global_validated,3159,2024-01-26,2024-02-05,-0.0513103415192826,2024,2023-12-31,native_mse,20260910,-0.001531436704987099,,0,0
weekly_global_validated,3164,2024-02-02,2024-02-26,0.1015374891364462,2024,2023-12-31,native_mse,20260910,0.004796229141878599,,1,1
weekly_global_validated,3173,2024-02-23,2024-03-04,0.0151569053862528,2024,2023-12-31,native_mse,20260910,0.005981439448417525,,1,1
weekly_global_validated,3178,2024-03-01,2024-03-11,0.0021394031715169,2024,2023-12-31,native_mse,20260910,0.002923079585146593,,1,1
weekly_global_validated,3183,2024-03-08,2024-03-18,0.0087762342284414,2024,2023-12-31,native_mse,20260910,0.004534858645957669,,1,1
weekly_global_validated,3188,2024-03-15,2024-03-25,-0.0112802133595746,2024,2023-12-31,native_mse,20260910,0.004141952477981538,,1,0
weekly_global_validated,3193,2024-03-22,2024-04-01,0.0042044725182444,2024,2023-12-31,native_mse,20260910,0.0018727898596620025,,1,1
weekly_global_validated,3198,2024-03-29,2024-04-15,-0.0219845815102011,2024,2023-12-31,native_mse,20260910,0.0003645787473085561,,1,0
weekly_global_validated,3206,2024-04-12,2024-04-22,0.018045199366633,2024,2023-12-31,native_mse,20260910,-0.00021832918624461518,,0,1
weekly_global_validated,3211,2024-04-19,2024-04-29,0.0136757744232476,2024,2023-12-31,native_mse,20260910,0.0005323002819172812,,1,1
weekly_global_validated,3216,2024-04-26,2024-05-13,0.0172434956786644,2024,2023-12-31,native_mse,20260910,-0.00014728683736751251,,0,1
weekly_global_validated,3223,2024-05-10,2024-05-20,0.0097933549988344,2024,2023-12-31,native_mse,20260910,0.0004133340837300701,,1,1
weekly_global_validated,3228,2024-05-17,2024-05-27,-0.0204803832637164,2024,2023-12-31,native_mse,20260910,0.0036262081384896457,,1,0
weekly_global_validated,3233,2024-05-24,2024-06-03,-0.0081155643048258,2024,2023-12-31,native_mse,20260910,0.0049904247327292855,,1,0
weekly_global_validated,3238,2024-05-31,2024-06-11,-0.0060267570121149,2024,2023-12-31,native_mse,20260910,0.0040244113389711345,,1,0
weekly_global_validated,3243,2024-06-07,2024-06-17,-0.0096686558937179,2024,2023-12-31,native_mse,20260910,0.008609928356971403,,1,0
weekly_global_validated,3247,2024-06-14,2024-06-24,-0.013573992457631,2024,2023-12-31,native_mse,20260910,0.008961501129694911,,1,0
weekly_global_validated,3252,2024-06-21,2024-07-01,-0.004427632109257,2024,2023-12-31,native_mse,20260910,0.0009177608055072099,,1,0
weekly_global_validated,3257,2024-06-28,2024-07-08,-0.0108320369203009,2024,2023-12-31,native_mse,20260910,0.0030020981914033497,,1,0
weekly_global_validated,3262,2024-07-05,2024-07-15,0.0122222871842843,2024,2023-12-31,native_mse,20260910,0.00336049012064386,,1,1
weekly_global_validated,3267,2024-07-12,2024-07-22,0.0218881133018156,2024,2023-12-31,native_mse,20260910,-0.0006421845267103974,,0,1
weekly_global_validated,3272,2024-07-19,2024-07-29,-0.0378787022382998,2024,2023-12-31,native_mse,20260910,0.0004540341648428114,,1,0
weekly_global_validated,3277,2024-07-26,2024-08-05,-0.0124134568216732,2024,2023-12-31,native_mse,20260910,0.0013231998081271626,,1,0
weekly_global_validated,3282,2024-08-02,2024-08-12,-0.0102762848330364,2024,2023-12-31,native_mse,20260910,0.001303372172405589,,1,0
weekly_global_validated,3287,2024-08-09,2024-08-19,0.0050186923751938,2024,2023-12-31,native_mse,20260910,0.00011119162293128984,,1,1
weekly_global_validated,3292,2024-08-16,2024-08-26,-0.0040487282687352,2024,2023-12-31,native_mse,20260910,0.0014903087569155989,,1,0
weekly_global_validated,3297,2024-08-23,2024-09-02,-0.0069594562136714,2024,2023-12-31,native_mse,20260910,-0.0030751570665977007,,0,0
weekly_global_validated,3302,2024-08-30,2024-09-09,-0.0280389655151561,2024,2023-12-31,native_mse,20260910,-0.003508085985855703,,0,0
weekly_global_validated,3307,2024-09-06,2024-09-18,-0.0174132138857783,2024,2023-12-31,native_mse,20260910,-0.0025693655960970898,,0,0
weekly_global_validated,3312,2024-09-13,2024-09-24,0.0133119329369826,2024,2023-12-31,native_mse,20260910,0.00017194356388446877,,1,1
weekly_global_validated,3315,2024-09-20,2024-09-30,0.2017513988384409,2024,2023-12-31,native_mse,20260910,0.0007791555801138394,,1,1
weekly_global_validated,3320,2024-09-27,2024-10-14,0.0178259004588408,2024,2023-12-31,native_mse,20260910,0.0007616530796663938,,1,1
weekly_global_validated,3325,2024-10-11,2024-10-21,0.0080914993282625,2024,2023-12-31,native_mse,20260910,-0.0026429925872939004,,0,1
weekly_global_validated,3330,2024-10-18,2024-10-28,0.0015733867085561,2024,2023-12-31,native_mse,20260910,-0.004083051697418182,,0,1
weekly_global_validated,3335,2024-10-25,2024-11-04,-0.0140142824257356,2024,2023-12-31,native_mse,20260910,-0.003618447449131282,,0,0
weekly_global_validated,3340,2024-11-01,2024-11-11,0.0434152361258277,2024,2023-12-31,native_mse,20260910,-0.0042863223001300965,,0,1
weekly_global_validated,3345,2024-11-08,2024-11-18,-0.0208584853931589,2024,2023-12-31,native_mse,20260910,-0.0028591792362593097,,0,0
weekly_global_validated,3350,2024-11-15,2024-11-25,-0.0267421712161923,2024,2023-12-31,native_mse,20260910,-0.0017028092388012967,,0,0
weekly_global_validated,3355,2024-11-22,2024-12-02,0.0087960346887328,2024,2023-12-31,native_mse,20260910,-0.0009456406767515755,,0,1
weekly_global_validated,3360,2024-11-29,2024-12-09,0.0155919891551781,2024,2023-12-31,native_mse,20260910,-0.0002599534945060551,,0,1
weekly_global_validated,3365,2024-12-06,2024-12-16,-0.0100436703218104,2024,2023-12-31,native_mse,20260910,0.0007542474780432574,,1,0
weekly_global_validated,3370,2024-12-13,2024-12-23,-0.0006690784017421,2024,2023-12-31,native_mse,20260910,-0.0007125951992407705,,0,0
weekly_global_validated,3375,2024-12-20,2024-12-30,0.0123595076562756,2024,2023-12-31,native_mse,20260910,-0.0012475930255920083,,0,1
weekly_global_validated,3380,2024-12-27,2025-01-06,-0.0504714964669198,2024,2023-12-31,native_mse,20260910,-0.00024548952899875387,,0,0
weekly_global_validated,3144,2024-01-05,2024-01-15,-0.0158038409563566,2024,2023-12-31,training_frequency,-1,0.5024834437086093,0.5024834437086093,1,0
weekly_global_validated,3149,2024-01-12,2024-01-22,-0.002333261979756,2024,2023-12-31,training_frequency,-1,0.5024834437086093,0.5024834437086093,1,0
weekly_global_validated,3154,2024-01-19,2024-01-29,0.0223511633823452,2024,2023-12-31,training_frequency,-1,0.5024834437086093,0.5024834437086093,1,1
weekly_global_validated,3159,2024-01-26,2024-02-05,-0.0513103415192826,2024,2023-12-31,training_frequency,-1,0.5024834437086093,0.5024834437086093,1,0
weekly_global_validated,3164,2024-02-02,2024-02-26,0.1015374891364462,2024,2023-12-31,training_frequency,-1,0.5024834437086093,0.5024834437086093,1,1
weekly_global_validated,3173,2024-02-23,2024-03-04,0.0151569053862528,2024,2023-12-31,training_frequency,-1,0.5024834437086093,0.5024834437086093,1,1
weekly_global_validated,3178,2024-03-01,2024-03-11,0.0021394031715169,2024,2023-12-31,training_frequency,-1,0.5024834437086093,0.5024834437086093,1,1
weekly_global_validated,3183,2024-03-08,2024-03-18,0.0087762342284414,2024,2023-12-31,training_frequency,-1,0.5024834437086093,0.5024834437086093,1,1
weekly_global_validated,3188,2024-03-15,2024-03-25,-0.0112802133595746,2024,2023-12-31,training_frequency,-1,0.5024834437086093,0.5024834437086093,1,0
weekly_global_validated,3193,2024-03-22,2024-04-01,0.0042044725182444,2024,2023-12-31,training_frequency,-1,0.5024834437086093,0.5024834437086093,1,1
weekly_global_validated,3198,2024-03-29,2024-04-15,-0.0219845815102011,2024,2023-12-31,training_frequency,-1,0.5024834437086093,0.5024834437086093,1,0
weekly_global_validated,3206,2024-04-12,2024-04-22,0.018045199366633,2024,2023-12-31,training_frequency,-1,0.5024834437086093,0.5024834437086093,1,1
weekly_global_validated,3211,2024-04-19,2024-04-29,0.0136757744232476,2024,2023-12-31,training_frequency,-1,0.5024834437086093,0.5024834437086093,1,1
weekly_global_validated,3216,2024-04-26,2024-05-13,0.0172434956786644,2024,2023-12-31,training_frequency,-1,0.5024834437086093,0.5024834437086093,1,1
weekly_global_validated,3223,2024-05-10,2024-05-20,0.0097933549988344,2024,2023-12-31,training_frequency,-1,0.5024834437086093,0.5024834437086093,1,1
weekly_global_validated,3228,2024-05-17,2024-05-27,-0.0204803832637164,2024,2023-12-31,training_frequency,-1,0.5024834437086093,0.5024834437086093,1,0
weekly_global_validated,3233,2024-05-24,2024-06-03,-0.0081155643048258,2024,2023-12-31,training_frequency,-1,0.5024834437086093,0.5024834437086093,1,0
weekly_global_validated,3238,2024-05-31,2024-06-11,-0.0060267570121149,2024,2023-12-31,training_frequency,-1,0.5024834437086093,0.5024834437086093,1,0
weekly_global_validated,3243,2024-06-07,2024-06-17,-0.0096686558937179,2024,2023-12-31,training_frequency,-1,0.5024834437086093,0.5024834437086093,1,0
weekly_global_validated,3247,2024-06-14,2024-06-24,-0.013573992457631,2024,2023-12-31,training_frequency,-1,0.5024834437086093,0.5024834437086093,1,0
weekly_global_validated,3252,2024-06-21,2024-07-01,-0.004427632109257,2024,2023-12-31,training_frequency,-1,0.5024834437086093,0.5024834437086093,1,0
weekly_global_validated,3257,2024-06-28,2024-07-08,-0.0108320369203009,2024,2023-12-31,training_frequency,-1,0.5024834437086093,0.5024834437086093,1,0
weekly_global_validated,3262,2024-07-05,2024-07-15,0.0122222871842843,2024,2023-12-31,training_frequency,-1,0.5024834437086093,0.5024834437086093,1,1
weekly_global_validated,3267,2024-07-12,2024-07-22,0.0218881133018156,2024,2023-12-31,training_frequency,-1,0.5024834437086093,0.5024834437086093,1,1
weekly_global_validated,3272,2024-07-19,2024-07-29,-0.0378787022382998,2024,2023-12-31,training_frequency,-1,0.5024834437086093,0.5024834437086093,1,0
weekly_global_validated,3277,2024-07-26,2024-08-05,-0.0124134568216732,2024,2023-12-31,training_frequency,-1,0.5024834437086093,0.5024834437086093,1,0
weekly_global_validated,3282,2024-08-02,2024-08-12,-0.0102762848330364,2024,2023-12-31,training_frequency,-1,0.5024834437086093,0.5024834437086093,1,0
weekly_global_validated,3287,2024-08-09,2024-08-19,0.0050186923751938,2024,2023-12-31,training_frequency,-1,0.5024834437086093,0.5024834437086093,1,1
weekly_global_validated,3292,2024-08-16,2024-08-26,-0.0040487282687352,2024,2023-12-31,training_frequency,-1,0.5024834437086093,0.5024834437086093,1,0
weekly_global_validated,3297,2024-08-23,2024-09-02,-0.0069594562136714,2024,2023-12-31,training_frequency,-1,0.5024834437086093,0.5024834437086093,1,0
weekly_global_validated,3302,2024-08-30,2024-09-09,-0.0280389655151561,2024,2023-12-31,training_frequency,-1,0.5024834437086093,0.5024834437086093,1,0
weekly_global_validated,3307,2024-09-06,2024-09-18,-0.0174132138857783,2024,2023-12-31,training_frequency,-1,0.5024834437086093,0.5024834437086093,1,0
weekly_global_validated,3312,2024-09-13,2024-09-24,0.0133119329369826,2024,2023-12-31,training_frequency,-1,0.5024834437086093,0.5024834437086093,1,1
weekly_global_validated,3315,2024-09-20,2024-09-30,0.2017513988384409,2024,2023-12-31,training_frequency,-1,0.5024834437086093,0.5024834437086093,1,1
weekly_global_validated,3320,2024-09-27,2024-10-14,0.0178259004588408,2024,2023-12-31,training_frequency,-1,0.5024834437086093,0.5024834437086093,1,1
weekly_global_validated,3325,2024-10-11,2024-10-21,0.0080914993282625,2024,2023-12-31,training_frequency,-1,0.5024834437086093,0.5024834437086093,1,1
weekly_global_validated,3330,2024-10-18,2024-10-28,0.0015733867085561,2024,2023-12-31,training_frequency,-1,0.5024834437086093,0.5024834437086093,1,1
weekly_global_validated,3335,2024-10-25,2024-11-04,-0.0140142824257356,2024,2023-12-31,training_frequency,-1,0.5024834437086093,0.5024834437086093,1,0
weekly_global_validated,3340,2024-11-01,2024-11-11,0.0434152361258277,2024,2023-12-31,training_frequency,-1,0.5024834437086093,0.5024834437086093,1,1
weekly_global_validated,3345,2024-11-08,2024-11-18,-0.0208584853931589,2024,2023-12-31,training_frequency,-1,0.5024834437086093,0.5024834437086093,1,0
weekly_global_validated,3350,2024-11-15,2024-11-25,-0.0267421712161923,2024,2023-12-31,training_frequency,-1,0.5024834437086093,0.5024834437086093,1,0
weekly_global_validated,3355,2024-11-22,2024-12-02,0.0087960346887328,2024,2023-12-31,training_frequency,-1,0.5024834437086093,0.5024834437086093,1,1
weekly_global_validated,3360,2024-11-29,2024-12-09,0.0155919891551781,2024,2023-12-31,training_frequency,-1,0.5024834437086093,0.5024834437086093,1,1
weekly_global_validated,3365,2024-12-06,2024-12-16,-0.0100436703218104,2024,2023-12-31,training_frequency,-1,0.5024834437086093,0.5024834437086093,1,0
weekly_global_validated,3370,2024-12-13,2024-12-23,-0.0006690784017421,2024,2023-12-31,training_frequency,-1,0.5024834437086093,0.5024834437086093,1,0
weekly_global_validated,3375,2024-12-20,2024-12-30,0.0123595076562756,2024,2023-12-31,training_frequency,-1,0.5024834437086093,0.5024834437086093,1,1
weekly_global_validated,3380,2024-12-27,2025-01-06,-0.0504714964669198,2024,2023-12-31,training_frequency,-1,0.5024834437086093,0.5024834437086093,1,0
weekly_global_validated,3144,2024-01-05,2024-01-15,-0.0158038409563566,2024,2023-12-31,native_mse,20260911,0.006524465736805172,,1,0
weekly_global_validated,3149,2024-01-12,2024-01-22,-0.002333261979756,2024,2023-12-31,native_mse,20260911,0.008213225375018137,,1,0
weekly_global_validated,3154,2024-01-19,2024-01-29,0.0223511633823452,2024,2023-12-31,native_mse,20260911,0.009988969845384454,,1,1
weekly_global_validated,3159,2024-01-26,2024-02-05,-0.0513103415192826,2024,2023-12-31,native_mse,20260911,0.007709942184731473,,1,0
weekly_global_validated,3164,2024-02-02,2024-02-26,0.1015374891364462,2024,2023-12-31,native_mse,20260911,0.006449485928463916,,1,1
weekly_global_validated,3173,2024-02-23,2024-03-04,0.0151569053862528,2024,2023-12-31,native_mse,20260911,0.010256530380527457,,1,1
weekly_global_validated,3178,2024-03-01,2024-03-11,0.0021394031715169,2024,2023-12-31,native_mse,20260911,0.00705766649461919,,1,1
weekly_global_validated,3183,2024-03-08,2024-03-18,0.0087762342284414,2024,2023-12-31,native_mse,20260911,0.008632918878357794,,1,1
weekly_global_validated,3188,2024-03-15,2024-03-25,-0.0112802133595746,2024,2023-12-31,native_mse,20260911,0.004101422624994645,,1,0
weekly_global_validated,3193,2024-03-22,2024-04-01,0.0042044725182444,2024,2023-12-31,native_mse,20260911,0.0049895841353934664,,1,1
weekly_global_validated,3198,2024-03-29,2024-04-15,-0.0219845815102011,2024,2023-12-31,native_mse,20260911,0.0016010611409444046,,1,0
weekly_global_validated,3206,2024-04-12,2024-04-22,0.018045199366633,2024,2023-12-31,native_mse,20260911,0.001857502186560773,,1,1
weekly_global_validated,3211,2024-04-19,2024-04-29,0.0136757744232476,2024,2023-12-31,native_mse,20260911,0.009651811290201222,,1,1
weekly_global_validated,3216,2024-04-26,2024-05-13,0.0172434956786644,2024,2023-12-31,native_mse,20260911,0.005960111287081512,,1,1
weekly_global_validated,3223,2024-05-10,2024-05-20,0.0097933549988344,2024,2023-12-31,native_mse,20260911,-0.004933376296222066,,0,1
weekly_global_validated,3228,2024-05-17,2024-05-27,-0.0204803832637164,2024,2023-12-31,native_mse,20260911,-0.003099362011607103,,0,0
weekly_global_validated,3233,2024-05-24,2024-06-03,-0.0081155643048258,2024,2023-12-31,native_mse,20260911,-0.0038744398417857777,,0,0
weekly_global_validated,3238,2024-05-31,2024-06-11,-0.0060267570121149,2024,2023-12-31,native_mse,20260911,-0.0020292253039693184,,0,0
weekly_global_validated,3243,2024-06-07,2024-06-17,-0.0096686558937179,2024,2023-12-31,native_mse,20260911,5.7354393489387904e-05,,1,0
weekly_global_validated,3247,2024-06-14,2024-06-24,-0.013573992457631,2024,2023-12-31,native_mse,20260911,0.0016373878025280563,,1,0
weekly_global_validated,3252,2024-06-21,2024-07-01,-0.004427632109257,2024,2023-12-31,native_mse,20260911,0.0027588932782398315,,1,0
weekly_global_validated,3257,2024-06-28,2024-07-08,-0.0108320369203009,2024,2023-12-31,native_mse,20260911,0.0032470747873102144,,1,0
weekly_global_validated,3262,2024-07-05,2024-07-15,0.0122222871842843,2024,2023-12-31,native_mse,20260911,0.002652089101692747,,1,1
weekly_global_validated,3267,2024-07-12,2024-07-22,0.0218881133018156,2024,2023-12-31,native_mse,20260911,0.004450330503533944,,1,1
weekly_global_validated,3272,2024-07-19,2024-07-29,-0.0378787022382998,2024,2023-12-31,native_mse,20260911,-0.0012744559041647184,,0,0
weekly_global_validated,3277,2024-07-26,2024-08-05,-0.0124134568216732,2024,2023-12-31,native_mse,20260911,-0.001291795834448832,,0,0
weekly_global_validated,3282,2024-08-02,2024-08-12,-0.0102762848330364,2024,2023-12-31,native_mse,20260911,-0.002458562952290899,,0,0
weekly_global_validated,3287,2024-08-09,2024-08-19,0.0050186923751938,2024,2023-12-31,native_mse,20260911,-0.0009352769264030156,,0,1
weekly_global_validated,3292,2024-08-16,2024-08-26,-0.0040487282687352,2024,2023-12-31,native_mse,20260911,-0.0034014636043486098,,0,0
weekly_global_validated,3297,2024-08-23,2024-09-02,-0.0069594562136714,2024,2023-12-31,native_mse,20260911,-0.0018665564124188876,,0,0
weekly_global_validated,3302,2024-08-30,2024-09-09,-0.0280389655151561,2024,2023-12-31,native_mse,20260911,2.766314850337684e-05,,1,0
weekly_global_validated,3307,2024-09-06,2024-09-18,-0.0174132138857783,2024,2023-12-31,native_mse,20260911,0.0015093996928045017,,1,0
weekly_global_validated,3312,2024-09-13,2024-09-24,0.0133119329369826,2024,2023-12-31,native_mse,20260911,0.005047902673988417,,1,1
weekly_global_validated,3315,2024-09-20,2024-09-30,0.2017513988384409,2024,2023-12-31,native_mse,20260911,0.006841795120835749,,1,1
weekly_global_validated,3320,2024-09-27,2024-10-14,0.0178259004588408,2024,2023-12-31,native_mse,20260911,0.011643607701046107,,1,1
weekly_global_validated,3325,2024-10-11,2024-10-21,0.0080914993282625,2024,2023-12-31,native_mse,20260911,0.006958055096152153,,1,1
weekly_global_validated,3330,2024-10-18,2024-10-28,0.0015733867085561,2024,2023-12-31,native_mse,20260911,0.0035488889473533555,,1,1
weekly_global_validated,3335,2024-10-25,2024-11-04,-0.0140142824257356,2024,2023-12-31,native_mse,20260911,-0.004087166652715301,,0,0
weekly_global_validated,3340,2024-11-01,2024-11-11,0.0434152361258277,2024,2023-12-31,native_mse,20260911,-0.008879815780234165,,0,1
weekly_global_validated,3345,2024-11-08,2024-11-18,-0.0208584853931589,2024,2023-12-31,native_mse,20260911,-0.0016665405141504353,,0,0
weekly_global_validated,3350,2024-11-15,2024-11-25,-0.0267421712161923,2024,2023-12-31,native_mse,20260911,-0.0014397200836903515,,0,0
weekly_global_validated,3355,2024-11-22,2024-12-02,0.0087960346887328,2024,2023-12-31,native_mse,20260911,-0.00394305191034785,,0,1
weekly_global_validated,3360,2024-11-29,2024-12-09,0.0155919891551781,2024,2023-12-31,native_mse,20260911,-0.003787046789689023,,0,1
weekly_global_validated,3365,2024-12-06,2024-12-16,-0.0100436703218104,2024,2023-12-31,native_mse,20260911,-0.0013163950781598383,,0,0
weekly_global_validated,3370,2024-12-13,2024-12-23,-0.0006690784017421,2024,2023-12-31,native_mse,20260911,-0.007731413237017607,,0,0
weekly_global_validated,3375,2024-12-20,2024-12-30,0.0123595076562756,2024,2023-12-31,native_mse,20260911,-0.005503589541502588,,0,1
weekly_global_validated,3380,2024-12-27,2025-01-06,-0.0504714964669198,2024,2023-12-31,native_mse,20260911,0.006049137218951889,,1,0
weekly_global_validated,3144,2024-01-05,2024-01-15,-0.0158038409563566,2024,2023-12-31,native_mse,20260912,0.001652613648937757,,1,0
weekly_global_validated,3149,2024-01-12,2024-01-22,-0.002333261979756,2024,2023-12-31,native_mse,20260912,0.0017566823014709063,,1,0
weekly_global_validated,3154,2024-01-19,2024-01-29,0.0223511633823452,2024,2023-12-31,native_mse,20260912,0.0017349357863463528,,1,1
weekly_global_validated,3159,2024-01-26,2024-02-05,-0.0513103415192826,2024,2023-12-31,native_mse,20260912,0.0017756045446650414,,1,0
weekly_global_validated,3164,2024-02-02,2024-02-26,0.1015374891364462,2024,2023-12-31,native_mse,20260912,0.0017702651342618495,,1,1
weekly_global_validated,3173,2024-02-23,2024-03-04,0.0151569053862528,2024,2023-12-31,native_mse,20260912,0.0018705013508167863,,1,1
weekly_global_validated,3178,2024-03-01,2024-03-11,0.0021394031715169,2024,2023-12-31,native_mse,20260912,0.0020966839632058165,,1,1
weekly_global_validated,3183,2024-03-08,2024-03-18,0.0087762342284414,2024,2023-12-31,native_mse,20260912,0.0021229030867072935,,1,1
weekly_global_validated,3188,2024-03-15,2024-03-25,-0.0112802133595746,2024,2023-12-31,native_mse,20260912,0.002169492364912302,,1,0
weekly_global_validated,3193,2024-03-22,2024-04-01,0.0042044725182444,2024,2023-12-31,native_mse,20260912,0.0021346683785466035,,1,1
weekly_global_validated,3198,2024-03-29,2024-04-15,-0.0219845815102011,2024,2023-12-31,native_mse,20260912,0.001970104765042201,,1,0
weekly_global_validated,3206,2024-04-12,2024-04-22,0.018045199366633,2024,2023-12-31,native_mse,20260912,0.0018950666103198662,,1,1
weekly_global_validated,3211,2024-04-19,2024-04-29,0.0136757744232476,2024,2023-12-31,native_mse,20260912,0.0014826942470986316,,1,1
weekly_global_validated,3216,2024-04-26,2024-05-13,0.0172434956786644,2024,2023-12-31,native_mse,20260912,0.0010502698704938512,,1,1
weekly_global_validated,3223,2024-05-10,2024-05-20,0.0097933549988344,2024,2023-12-31,native_mse,20260912,0.0008603132721811119,,1,1
weekly_global_validated,3228,2024-05-17,2024-05-27,-0.0204803832637164,2024,2023-12-31,native_mse,20260912,0.000598359363630433,,1,0
weekly_global_validated,3233,2024-05-24,2024-06-03,-0.0081155643048258,2024,2023-12-31,native_mse,20260912,0.0005736014331172037,,1,0
weekly_global_validated,3238,2024-05-31,2024-06-11,-0.0060267570121149,2024,2023-12-31,native_mse,20260912,0.0005483327414548749,,1,0
weekly_global_validated,3243,2024-06-07,2024-06-17,-0.0096686558937179,2024,2023-12-31,native_mse,20260912,0.000585176229140396,,1,0
weekly_global_validated,3247,2024-06-14,2024-06-24,-0.013573992457631,2024,2023-12-31,native_mse,20260912,0.000605835607878555,,1,0
weekly_global_validated,3252,2024-06-21,2024-07-01,-0.004427632109257,2024,2023-12-31,native_mse,20260912,0.0006286050015987623,,1,0
weekly_global_validated,3257,2024-06-28,2024-07-08,-0.0108320369203009,2024,2023-12-31,native_mse,20260912,0.00064228262166844,,1,0
weekly_global_validated,3262,2024-07-05,2024-07-15,0.0122222871842843,2024,2023-12-31,native_mse,20260912,0.000721007461573622,,1,1
weekly_global_validated,3267,2024-07-12,2024-07-22,0.0218881133018156,2024,2023-12-31,native_mse,20260912,0.000821435978076197,,1,1
weekly_global_validated,3272,2024-07-19,2024-07-29,-0.0378787022382998,2024,2023-12-31,native_mse,20260912,0.0008418861287390497,,1,0
weekly_global_validated,3277,2024-07-26,2024-08-05,-0.0124134568216732,2024,2023-12-31,native_mse,20260912,0.0012675510770958798,,1,0
weekly_global_validated,3282,2024-08-02,2024-08-12,-0.0102762848330364,2024,2023-12-31,native_mse,20260912,0.0015249857513458085,,1,0
weekly_global_validated,3287,2024-08-09,2024-08-19,0.0050186923751938,2024,2023-12-31,native_mse,20260912,0.0015779514189250905,,1,1
weekly_global_validated,3292,2024-08-16,2024-08-26,-0.0040487282687352,2024,2023-12-31,native_mse,20260912,0.0013998325080271312,,1,0
weekly_global_validated,3297,2024-08-23,2024-09-02,-0.0069594562136714,2024,2023-12-31,native_mse,20260912,0.0014255873683507452,,1,0
weekly_global_validated,3302,2024-08-30,2024-09-09,-0.0280389655151561,2024,2023-12-31,native_mse,20260912,0.0015330401621674865,,1,0
weekly_global_validated,3307,2024-09-06,2024-09-18,-0.0174132138857783,2024,2023-12-31,native_mse,20260912,0.0015627932338450265,,1,0
weekly_global_validated,3312,2024-09-13,2024-09-24,0.0133119329369826,2024,2023-12-31,native_mse,20260912,0.0015103830852308555,,1,1
weekly_global_validated,3315,2024-09-20,2024-09-30,0.2017513988384409,2024,2023-12-31,native_mse,20260912,0.0015343284400254939,,1,1
weekly_global_validated,3320,2024-09-27,2024-10-14,0.0178259004588408,2024,2023-12-31,native_mse,20260912,0.0015725051425186597,,1,1
weekly_global_validated,3325,2024-10-11,2024-10-21,0.0080914993282625,2024,2023-12-31,native_mse,20260912,0.0019394229622847915,,1,1
weekly_global_validated,3330,2024-10-18,2024-10-28,0.0015733867085561,2024,2023-12-31,native_mse,20260912,0.0021210173726156634,,1,1
weekly_global_validated,3335,2024-10-25,2024-11-04,-0.0140142824257356,2024,2023-12-31,native_mse,20260912,0.0021565584052961957,,1,0
weekly_global_validated,3340,2024-11-01,2024-11-11,0.0434152361258277,2024,2023-12-31,native_mse,20260912,0.002066143931918221,,1,1
weekly_global_validated,3345,2024-11-08,2024-11-18,-0.0208584853931589,2024,2023-12-31,native_mse,20260912,0.0019328021834634566,,1,0
weekly_global_validated,3350,2024-11-15,2024-11-25,-0.0267421712161923,2024,2023-12-31,native_mse,20260912,0.0016078398644429398,,1,0
weekly_global_validated,3355,2024-11-22,2024-12-02,0.0087960346887328,2024,2023-12-31,native_mse,20260912,0.0014387624930086427,,1,1
weekly_global_validated,3360,2024-11-29,2024-12-09,0.0155919891551781,2024,2023-12-31,native_mse,20260912,0.001055672591838617,,1,1
weekly_global_validated,3365,2024-12-06,2024-12-16,-0.0100436703218104,2024,2023-12-31,native_mse,20260912,0.0009332123922739673,,1,0
weekly_global_validated,3370,2024-12-13,2024-12-23,-0.0006690784017421,2024,2023-12-31,native_mse,20260912,0.0007303535282016855,,1,0
weekly_global_validated,3375,2024-12-20,2024-12-30,0.0123595076562756,2024,2023-12-31,native_mse,20260912,0.0006347143027364932,,1,1
weekly_global_validated,3380,2024-12-27,2025-01-06,-0.0504714964669198,2024,2023-12-31,native_mse,20260912,0.0004962445983289108,,1,0
weekly_global_validated,3384,2025-01-03,2025-01-13,-0.0189486730632231,2025,2024-12-31,native_mse,20260910,-0.0042551962797835255,,0,0
weekly_global_validated,3389,2025-01-10,2025-01-20,0.0353251773547418,2025,2024-12-31,native_mse,20260910,-0.004346017102457373,,0,1
weekly_global_validated,3394,2025-01-17,2025-01-27,0.000432821422053,2025,2024-12-31,native_mse,20260910,-0.0019110835117753682,,0,1
weekly_global_validated,3399,2025-01-24,2025-02-10,0.0159344898044284,2025,2024-12-31,native_mse,20260910,-0.0018767518511483509,,0,1
weekly_global_validated,3403,2025-02-07,2025-02-17,0.0144454990892999,2025,2024-12-31,native_mse,20260910,-0.0005243581714439598,,0,1
weekly_global_validated,3408,2025-02-14,2025-02-24,0.0045695818086644,2025,2024-12-31,native_mse,20260910,0.0018166916350322408,,1,1
weekly_global_validated,3413,2025-02-21,2025-03-03,-0.0183210488158531,2025,2024-12-31,native_mse,20260910,-0.0017910693651536675,,0,0
weekly_global_validated,3418,2025-02-28,2025-03-10,0.0117650075646844,2025,2024-12-31,native_mse,20260910,8.039864129989814e-05,,1,1
weekly_global_validated,3423,2025-03-07,2025-03-17,0.019023819058288,2025,2024-12-31,native_mse,20260910,0.00045020548490624885,,1,1
weekly_global_validated,3428,2025-03-14,2025-03-24,-0.0259983485216283,2025,2024-12-31,native_mse,20260910,0.004030585426274574,,1,0
weekly_global_validated,3433,2025-03-21,2025-03-31,-0.0025867506275359,2025,2024-12-31,native_mse,20260910,0.0025467178052053364,,1,0
weekly_global_validated,3438,2025-03-28,2025-04-14,-0.0342910101946246,2025,2024-12-31,native_mse,20260910,0.007880897711304511,,1,0
weekly_global_validated,3447,2025-04-11,2025-04-21,-0.0010339232881941,2025,2024-12-31,native_mse,20260910,5.880823721327009e-05,,1,0
weekly_global_validated,3452,2025-04-18,2025-04-28,0.0048432383085554,2025,2024-12-31,native_mse,20260910,0.005609692399565023,,1,1
weekly_global_validated,3457,2025-04-25,2025-05-12,0.02116527880118,2025,2024-12-31,native_mse,20260910,-0.000987643148635555,,0,1
weekly_global_validated,3464,2025-05-09,2025-05-19,0.0041484224873464,2025,2024-12-31,native_mse,20260910,-0.0013747677302766792,,0,1
weekly_global_validated,3469,2025-05-16,2025-05-26,-0.0017462660042188,2025,2024-12-31,native_mse,20260910,-0.0004666942525332647,,0,0
weekly_global_validated,3474,2025-05-23,2025-06-03,-0.0109216443615366,2025,2024-12-31,native_mse,20260910,-0.0003784346347167226,,0,0
weekly_global_validated,3479,2025-05-30,2025-06-09,0.011566574321892,2025,2024-12-31,native_mse,20260910,0.0010175785321809984,,1,1
weekly_global_validated,3483,2025-06-06,2025-06-16,-0.0062354943524679,2025,2024-12-31,native_mse,20260910,-0.0001914645603575384,,0,0
weekly_global_validated,3488,2025-06-13,2025-06-23,-0.005825691168304,2025,2024-12-31,native_mse,20260910,1.1665969000571627e-05,,1,0
weekly_global_validated,3493,2025-06-20,2025-06-30,0.0232670437490374,2025,2024-12-31,native_mse,20260910,0.0007044968618821799,,1,1
weekly_global_validated,3498,2025-06-27,2025-07-07,0.0145345648685946,2025,2024-12-31,native_mse,20260910,-0.003232334991441291,,0,1
weekly_global_validated,3503,2025-07-04,2025-07-14,0.0110426949002964,2025,2024-12-31,native_mse,20260910,0.003419117861495023,,1,1
weekly_global_validated,3508,2025-07-11,2025-07-21,0.0120759671840067,2025,2024-12-31,native_mse,20260910,0.011140680775400312,,1,1
weekly_global_validated,3513,2025-07-18,2025-07-28,0.0143570766898375,2025,2024-12-31,native_mse,20260910,-0.002127522022613997,,0,1
weekly_global_validated,3518,2025-07-25,2025-08-04,-0.0218642507630443,2025,2024-12-31,native_mse,20260910,-0.001869242573817923,,0,0
weekly_global_validated,3523,2025-08-01,2025-08-11,0.0179175520190988,2025,2024-12-31,native_mse,20260910,2.2319590068522338e-05,,1,1
weekly_global_validated,3528,2025-08-08,2025-08-18,0.026265786598999,2025,2024-12-31,native_mse,20260910,-0.004614466433741538,,0,1
weekly_global_validated,3533,2025-08-15,2025-08-25,0.0469483790671487,2025,2024-12-31,native_mse,20260910,-0.0013489789955213162,,0,1
weekly_global_validated,3538,2025-08-22,2025-09-01,0.0227770368340847,2025,2024-12-31,native_mse,20260910,-0.004341013056443359,,0,1
weekly_global_validated,3543,2025-08-29,2025-09-08,-0.0110053842475337,2025,2024-12-31,native_mse,20260910,-0.004924417538845909,,0,0
weekly_global_validated,3548,2025-09-05,2025-09-15,0.0151594857594405,2025,2024-12-31,native_mse,20260910,-0.004519124644784283,,0,1
weekly_global_validated,3553,2025-09-12,2025-09-22,-0.0050409160971932,2025,2024-12-31,native_mse,20260910,-0.004114428954602145,,0,0
weekly_global_validated,3558,2025-09-19,2025-09-29,0.0095300784790881,2025,2024-12-31,native_mse,20260910,-0.0047590961051182015,,0,1
weekly_global_validated,3563,2025-09-26,2025-10-13,-0.0140855274279203,2025,2024-12-31,native_mse,20260910,-0.004219803127072934,,0,0
weekly_global_validated,3567,2025-10-10,2025-10-20,0.015001547584321,2025,2024-12-31,native_mse,20260910,-0.003823350500415441,,0,1
weekly_global_validated,3572,2025-10-17,2025-10-27,0.0309637052897611,2025,2024-12-31,native_mse,20260910,-0.003866623261027931,,0,1
weekly_global_validated,3577,2025-10-24,2025-11-03,-0.013331545863497,2025,2024-12-31,native_mse,20260910,-0.0036382658807448576,,0,0
weekly_global_validated,3582,2025-10-31,2025-11-10,0.0110832418536339,2025,2024-12-31,native_mse,20260910,-0.003790641327688186,,0,1
weekly_global_validated,3587,2025-11-07,2025-11-17,-0.0152107881197579,2025,2024-12-31,native_mse,20260910,-0.003538974204578519,,0,0
weekly_global_validated,3592,2025-11-14,2025-11-24,-0.031114557454173,2025,2024-12-31,native_mse,20260910,-0.003282621345580935,,0,0
weekly_global_validated,3597,2025-11-21,2025-12-01,0.0147613767448515,2025,2024-12-31,native_mse,20260910,-0.0034884891644206416,,0,1
weekly_global_validated,3602,2025-11-28,2025-12-08,0.0118853804313106,2025,2024-12-31,native_mse,20260910,-0.003806133337151431,,0,1
weekly_global_validated,3607,2025-12-05,2025-12-15,-0.0093922675990717,2025,2024-12-31,native_mse,20260910,-0.003208553856296927,,0,0
weekly_global_validated,3612,2025-12-12,2025-12-22,0.0082791208791208,2025,2024-12-31,native_mse,20260910,0.0022387132272507658,,1,1
weekly_global_validated,3617,2025-12-19,2025-12-29,0.0153890755001995,2025,2024-12-31,native_mse,20260910,0.006486312528548796,,1,1
weekly_global_validated,3622,2025-12-26,2026-01-12,0.0239101640737868,2025,2024-12-31,native_mse,20260910,-0.0003728277129905187,,0,1
weekly_global_validated,3384,2025-01-03,2025-01-13,-0.0189486730632231,2025,2024-12-31,training_frequency,-1,0.472636815920398,0.472636815920398,0,0
weekly_global_validated,3389,2025-01-10,2025-01-20,0.0353251773547418,2025,2024-12-31,training_frequency,-1,0.472636815920398,0.472636815920398,0,1
weekly_global_validated,3394,2025-01-17,2025-01-27,0.000432821422053,2025,2024-12-31,training_frequency,-1,0.472636815920398,0.472636815920398,0,1
weekly_global_validated,3399,2025-01-24,2025-02-10,0.0159344898044284,2025,2024-12-31,training_frequency,-1,0.472636815920398,0.472636815920398,0,1
weekly_global_validated,3403,2025-02-07,2025-02-17,0.0144454990892999,2025,2024-12-31,training_frequency,-1,0.472636815920398,0.472636815920398,0,1
weekly_global_validated,3408,2025-02-14,2025-02-24,0.0045695818086644,2025,2024-12-31,training_frequency,-1,0.472636815920398,0.472636815920398,0,1
weekly_global_validated,3413,2025-02-21,2025-03-03,-0.0183210488158531,2025,2024-12-31,training_frequency,-1,0.472636815920398,0.472636815920398,0,0
weekly_global_validated,3418,2025-02-28,2025-03-10,0.0117650075646844,2025,2024-12-31,training_frequency,-1,0.472636815920398,0.472636815920398,0,1
weekly_global_validated,3423,2025-03-07,2025-03-17,0.019023819058288,2025,2024-12-31,training_frequency,-1,0.472636815920398,0.472636815920398,0,1
weekly_global_validated,3428,2025-03-14,2025-03-24,-0.0259983485216283,2025,2024-12-31,training_frequency,-1,0.472636815920398,0.472636815920398,0,0
weekly_global_validated,3433,2025-03-21,2025-03-31,-0.0025867506275359,2025,2024-12-31,training_frequency,-1,0.472636815920398,0.472636815920398,0,0
weekly_global_validated,3438,2025-03-28,2025-04-14,-0.0342910101946246,2025,2024-12-31,training_frequency,-1,0.472636815920398,0.472636815920398,0,0
weekly_global_validated,3447,2025-04-11,2025-04-21,-0.0010339232881941,2025,2024-12-31,training_frequency,-1,0.472636815920398,0.472636815920398,0,0
weekly_global_validated,3452,2025-04-18,2025-04-28,0.0048432383085554,2025,2024-12-31,training_frequency,-1,0.472636815920398,0.472636815920398,0,1
weekly_global_validated,3457,2025-04-25,2025-05-12,0.02116527880118,2025,2024-12-31,training_frequency,-1,0.472636815920398,0.472636815920398,0,1
weekly_global_validated,3464,2025-05-09,2025-05-19,0.0041484224873464,2025,2024-12-31,training_frequency,-1,0.472636815920398,0.472636815920398,0,1
weekly_global_validated,3469,2025-05-16,2025-05-26,-0.0017462660042188,2025,2024-12-31,training_frequency,-1,0.472636815920398,0.472636815920398,0,0
weekly_global_validated,3474,2025-05-23,2025-06-03,-0.0109216443615366,2025,2024-12-31,training_frequency,-1,0.472636815920398,0.472636815920398,0,0
weekly_global_validated,3479,2025-05-30,2025-06-09,0.011566574321892,2025,2024-12-31,training_frequency,-1,0.472636815920398,0.472636815920398,0,1
weekly_global_validated,3483,2025-06-06,2025-06-16,-0.0062354943524679,2025,2024-12-31,training_frequency,-1,0.472636815920398,0.472636815920398,0,0
weekly_global_validated,3488,2025-06-13,2025-06-23,-0.005825691168304,2025,2024-12-31,training_frequency,-1,0.472636815920398,0.472636815920398,0,0
weekly_global_validated,3493,2025-06-20,2025-06-30,0.0232670437490374,2025,2024-12-31,training_frequency,-1,0.472636815920398,0.472636815920398,0,1
weekly_global_validated,3498,2025-06-27,2025-07-07,0.0145345648685946,2025,2024-12-31,training_frequency,-1,0.472636815920398,0.472636815920398,0,1
weekly_global_validated,3503,2025-07-04,2025-07-14,0.0110426949002964,2025,2024-12-31,training_frequency,-1,0.472636815920398,0.472636815920398,0,1
weekly_global_validated,3508,2025-07-11,2025-07-21,0.0120759671840067,2025,2024-12-31,training_frequency,-1,0.472636815920398,0.472636815920398,0,1
weekly_global_validated,3513,2025-07-18,2025-07-28,0.0143570766898375,2025,2024-12-31,training_frequency,-1,0.472636815920398,0.472636815920398,0,1
weekly_global_validated,3518,2025-07-25,2025-08-04,-0.0218642507630443,2025,2024-12-31,training_frequency,-1,0.472636815920398,0.472636815920398,0,0
weekly_global_validated,3523,2025-08-01,2025-08-11,0.0179175520190988,2025,2024-12-31,training_frequency,-1,0.472636815920398,0.472636815920398,0,1
weekly_global_validated,3528,2025-08-08,2025-08-18,0.026265786598999,2025,2024-12-31,training_frequency,-1,0.472636815920398,0.472636815920398,0,1
weekly_global_validated,3533,2025-08-15,2025-08-25,0.0469483790671487,2025,2024-12-31,training_frequency,-1,0.472636815920398,0.472636815920398,0,1
weekly_global_validated,3538,2025-08-22,2025-09-01,0.0227770368340847,2025,2024-12-31,training_frequency,-1,0.472636815920398,0.472636815920398,0,1
weekly_global_validated,3543,2025-08-29,2025-09-08,-0.0110053842475337,2025,2024-12-31,training_frequency,-1,0.472636815920398,0.472636815920398,0,0
weekly_global_validated,3548,2025-09-05,2025-09-15,0.0151594857594405,2025,2024-12-31,training_frequency,-1,0.472636815920398,0.472636815920398,0,1
weekly_global_validated,3553,2025-09-12,2025-09-22,-0.0050409160971932,2025,2024-12-31,training_frequency,-1,0.472636815920398,0.472636815920398,0,0
weekly_global_validated,3558,2025-09-19,2025-09-29,0.0095300784790881,2025,2024-12-31,training_frequency,-1,0.472636815920398,0.472636815920398,0,1
weekly_global_validated,3563,2025-09-26,2025-10-13,-0.0140855274279203,2025,2024-12-31,training_frequency,-1,0.472636815920398,0.472636815920398,0,0
weekly_global_validated,3567,2025-10-10,2025-10-20,0.015001547584321,2025,2024-12-31,training_frequency,-1,0.472636815920398,0.472636815920398,0,1
weekly_global_validated,3572,2025-10-17,2025-10-27,0.0309637052897611,2025,2024-12-31,training_frequency,-1,0.472636815920398,0.472636815920398,0,1
weekly_global_validated,3577,2025-10-24,2025-11-03,-0.013331545863497,2025,2024-12-31,training_frequency,-1,0.472636815920398,0.472636815920398,0,0
weekly_global_validated,3582,2025-10-31,2025-11-10,0.0110832418536339,2025,2024-12-31,training_frequency,-1,0.472636815920398,0.472636815920398,0,1
weekly_global_validated,3587,2025-11-07,2025-11-17,-0.0152107881197579,2025,2024-12-31,training_frequency,-1,0.472636815920398,0.472636815920398,0,0
weekly_global_validated,3592,2025-11-14,2025-11-24,-0.031114557454173,2025,2024-12-31,training_frequency,-1,0.472636815920398,0.472636815920398,0,0
weekly_global_validated,3597,2025-11-21,2025-12-01,0.0147613767448515,2025,2024-12-31,training_frequency,-1,0.472636815920398,0.472636815920398,0,1
weekly_global_validated,3602,2025-11-28,2025-12-08,0.0118853804313106,2025,2024-12-31,training_frequency,-1,0.472636815920398,0.472636815920398,0,1
weekly_global_validated,3607,2025-12-05,2025-12-15,-0.0093922675990717,2025,2024-12-31,training_frequency,-1,0.472636815920398,0.472636815920398,0,0
weekly_global_validated,3612,2025-12-12,2025-12-22,0.0082791208791208,2025,2024-12-31,training_frequency,-1,0.472636815920398,0.472636815920398,0,1
weekly_global_validated,3617,2025-12-19,2025-12-29,0.0153890755001995,2025,2024-12-31,training_frequency,-1,0.472636815920398,0.472636815920398,0,1
weekly_global_validated,3622,2025-12-26,2026-01-12,0.0239101640737868,2025,2024-12-31,training_frequency,-1,0.472636815920398,0.472636815920398,0,1
weekly_global_validated,3384,2025-01-03,2025-01-13,-0.0189486730632231,2025,2024-12-31,native_mse,20260911,-0.002243633031677963,,0,0
weekly_global_validated,3389,2025-01-10,2025-01-20,0.0353251773547418,2025,2024-12-31,native_mse,20260911,-0.0018394813791051527,,0,1
weekly_global_validated,3394,2025-01-17,2025-01-27,0.000432821422053,2025,2024-12-31,native_mse,20260911,-0.0014393263633927758,,0,1
weekly_global_validated,3399,2025-01-24,2025-02-10,0.0159344898044284,2025,2024-12-31,native_mse,20260911,-0.0005732481089145066,,0,1
weekly_global_validated,3403,2025-02-07,2025-02-17,0.0144454990892999,2025,2024-12-31,native_mse,20260911,-0.0003493640286036611,,0,1
weekly_global_validated,3408,2025-02-14,2025-02-24,0.0045695818086644,2025,2024-12-31,native_mse,20260911,-6.571465300264602e-06,,0,1
weekly_global_validated,3413,2025-02-21,2025-03-03,-0.0183210488158531,2025,2024-12-31,native_mse,20260911,0.00010564573035517886,,1,0
weekly_global_validated,3418,2025-02-28,2025-03-10,0.0117650075646844,2025,2024-12-31,native_mse,20260911,0.00030938900384146466,,1,1
weekly_global_validated,3423,2025-03-07,2025-03-17,0.019023819058288,2025,2024-12-31,native_mse,20260911,0.0003527669941379203,,1,1
weekly_global_validated,3428,2025-03-14,2025-03-24,-0.0259983485216283,2025,2024-12-31,native_mse,20260911,0.0004719065040533454,,1,0
weekly_global_validated,3433,2025-03-21,2025-03-31,-0.0025867506275359,2025,2024-12-31,native_mse,20260911,0.0001374212134311476,,1,0
weekly_global_validated,3438,2025-03-28,2025-04-14,-0.0342910101946246,2025,2024-12-31,native_mse,20260911,0.0003460895283123176,,1,0
weekly_global_validated,3447,2025-04-11,2025-04-21,-0.0010339232881941,2025,2024-12-31,native_mse,20260911,0.000247650617921614,,1,0
weekly_global_validated,3452,2025-04-18,2025-04-28,0.0048432383085554,2025,2024-12-31,native_mse,20260911,0.0005399418130639047,,1,1
weekly_global_validated,3457,2025-04-25,2025-05-12,0.02116527880118,2025,2024-12-31,native_mse,20260911,0.00041859235087992534,,1,1
weekly_global_validated,3464,2025-05-09,2025-05-19,0.0041484224873464,2025,2024-12-31,native_mse,20260911,-0.00023324757687195213,,0,1
weekly_global_validated,3469,2025-05-16,2025-05-26,-0.0017462660042188,2025,2024-12-31,native_mse,20260911,-0.0007053097438131018,,0,0
weekly_global_validated,3474,2025-05-23,2025-06-03,-0.0109216443615366,2025,2024-12-31,native_mse,20260911,-0.0004283154814639044,,0,0
weekly_global_validated,3479,2025-05-30,2025-06-09,0.011566574321892,2025,2024-12-31,native_mse,20260911,-0.0007435280421209072,,0,1
weekly_global_validated,3483,2025-06-06,2025-06-16,-0.0062354943524679,2025,2024-12-31,native_mse,20260911,0.00031992663879525335,,1,0
weekly_global_validated,3488,2025-06-13,2025-06-23,-0.005825691168304,2025,2024-12-31,native_mse,20260911,-0.00012583521126832513,,0,0
weekly_global_validated,3493,2025-06-20,2025-06-30,0.0232670437490374,2025,2024-12-31,native_mse,20260911,0.0004804870845920942,,1,1
weekly_global_validated,3498,2025-06-27,2025-07-07,0.0145345648685946,2025,2024-12-31,native_mse,20260911,0.0003559800730399111,,1,1
weekly_global_validated,3503,2025-07-04,2025-07-14,0.0110426949002964,2025,2024-12-31,native_mse,20260911,0.0001003436982822433,,1,1
weekly_global_validated,3508,2025-07-11,2025-07-21,0.0120759671840067,2025,2024-12-31,native_mse,20260911,0.00011930674045287023,,1,1
weekly_global_validated,3513,2025-07-18,2025-07-28,0.0143570766898375,2025,2024-12-31,native_mse,20260911,-0.00014021210404791933,,0,1
weekly_global_validated,3518,2025-07-25,2025-08-04,-0.0218642507630443,2025,2024-12-31,native_mse,20260911,-0.0010675431152552786,,0,0
weekly_global_validated,3523,2025-08-01,2025-08-11,0.0179175520190988,2025,2024-12-31,native_mse,20260911,-0.0011114652147751107,,0,1
weekly_global_validated,3528,2025-08-08,2025-08-18,0.026265786598999,2025,2024-12-31,native_mse,20260911,-0.0011821175732785794,,0,1
weekly_global_validated,3533,2025-08-15,2025-08-25,0.0469483790671487,2025,2024-12-31,native_mse,20260911,-0.001692750035902398,,0,1
weekly_global_validated,3538,2025-08-22,2025-09-01,0.0227770368340847,2025,2024-12-31,native_mse,20260911,-0.0020785336587941633,,0,1
weekly_global_validated,3543,2025-08-29,2025-09-08,-0.0110053842475337,2025,2024-12-31,native_mse,20260911,-0.0022958519339049935,,0,0
weekly_global_validated,3548,2025-09-05,2025-09-15,0.0151594857594405,2025,2024-12-31,native_mse,20260911,-0.002811169444921857,,0,1
weekly_global_validated,3553,2025-09-12,2025-09-22,-0.0050409160971932,2025,2024-12-31,native_mse,20260911,-0.0028821755195373713,,0,0
weekly_global_validated,3558,2025-09-19,2025-09-29,0.0095300784790881,2025,2024-12-31,native_mse,20260911,-0.0027270038017814854,,0,1
weekly_global_validated,3563,2025-09-26,2025-10-13,-0.0140855274279203,2025,2024-12-31,native_mse,20260911,-0.002671446424452231,,0,0
weekly_global_validated,3567,2025-10-10,2025-10-20,0.015001547584321,2025,2024-12-31,native_mse,20260911,-0.002875353278749809,,0,1
weekly_global_validated,3572,2025-10-17,2025-10-27,0.0309637052897611,2025,2024-12-31,native_mse,20260911,-0.0026759293493526775,,0,1
weekly_global_validated,3577,2025-10-24,2025-11-03,-0.013331545863497,2025,2024-12-31,native_mse,20260911,-0.0024118634853773644,,0,0
weekly_global_validated,3582,2025-10-31,2025-11-10,0.0110832418536339,2025,2024-12-31,native_mse,20260911,-0.0024513790865101073,,0,1
weekly_global_validated,3587,2025-11-07,2025-11-17,-0.0152107881197579,2025,2024-12-31,native_mse,20260911,-0.0023441841984512364,,0,0
weekly_global_validated,3592,2025-11-14,2025-11-24,-0.031114557454173,2025,2024-12-31,native_mse,20260911,-0.0023326617843834286,,0,0
weekly_global_validated,3597,2025-11-21,2025-12-01,0.0147613767448515,2025,2024-12-31,native_mse,20260911,-0.0021695162719280723,,0,1
weekly_global_validated,3602,2025-11-28,2025-12-08,0.0118853804313106,2025,2024-12-31,native_mse,20260911,-0.0021230276394656705,,0,1
weekly_global_validated,3607,2025-12-05,2025-12-15,-0.0093922675990717,2025,2024-12-31,native_mse,20260911,-0.0018508009821854902,,0,0
weekly_global_validated,3612,2025-12-12,2025-12-22,0.0082791208791208,2025,2024-12-31,native_mse,20260911,-0.0014574936445709685,,0,1
weekly_global_validated,3617,2025-12-19,2025-12-29,0.0153890755001995,2025,2024-12-31,native_mse,20260911,-0.001196551069802699,,0,1
weekly_global_validated,3622,2025-12-26,2026-01-12,0.0239101640737868,2025,2024-12-31,native_mse,20260911,-0.0009424910062058391,,0,1
weekly_global_validated,3384,2025-01-03,2025-01-13,-0.0189486730632231,2025,2024-12-31,native_mse,20260912,-0.003930728949605344,,0,0
weekly_global_validated,3389,2025-01-10,2025-01-20,0.0353251773547418,2025,2024-12-31,native_mse,20260912,0.004608697114816542,,1,1
weekly_global_validated,3394,2025-01-17,2025-01-27,0.000432821422053,2025,2024-12-31,native_mse,20260912,-0.0013781107886780553,,0,1
weekly_global_validated,3399,2025-01-24,2025-02-10,0.0159344898044284,2025,2024-12-31,native_mse,20260912,0.008065382377116114,,1,1
weekly_global_validated,3403,2025-02-07,2025-02-17,0.0144454990892999,2025,2024-12-31,native_mse,20260912,0.0020560919017093573,,1,1
weekly_global_validated,3408,2025-02-14,2025-02-24,0.0045695818086644,2025,2024-12-31,native_mse,20260912,0.0004574229206631815,,1,1
weekly_global_validated,3413,2025-02-21,2025-03-03,-0.0183210488158531,2025,2024-12-31,native_mse,20260912,-0.004487069050516085,,0,0
weekly_global_validated,3418,2025-02-28,2025-03-10,0.0117650075646844,2025,2024-12-31,native_mse,20260912,0.007907777385840498,,1,1
weekly_global_validated,3423,2025-03-07,2025-03-17,0.019023819058288,2025,2024-12-31,native_mse,20260912,-0.007080334543719193,,0,1
weekly_global_validated,3428,2025-03-14,2025-03-24,-0.0259983485216283,2025,2024-12-31,native_mse,20260912,0.005416181842733637,,1,0
weekly_global_validated,3433,2025-03-21,2025-03-31,-0.0025867506275359,2025,2024-12-31,native_mse,20260912,0.0028174386195491687,,1,0
weekly_global_validated,3438,2025-03-28,2025-04-14,-0.0342910101946246,2025,2024-12-31,native_mse,20260912,0.0006099430279859906,,1,0
weekly_global_validated,3447,2025-04-11,2025-04-21,-0.0010339232881941,2025,2024-12-31,native_mse,20260912,-0.0038314464400373087,,0,0
weekly_global_validated,3452,2025-04-18,2025-04-28,0.0048432383085554,2025,2024-12-31,native_mse,20260912,-0.002239070357372274,,0,1
weekly_global_validated,3457,2025-04-25,2025-05-12,0.02116527880118,2025,2024-12-31,native_mse,20260912,-0.0030291142570267483,,0,1
weekly_global_validated,3464,2025-05-09,2025-05-19,0.0041484224873464,2025,2024-12-31,native_mse,20260912,-0.006797100864360832,,0,1
weekly_global_validated,3469,2025-05-16,2025-05-26,-0.0017462660042188,2025,2024-12-31,native_mse,20260912,0.0011635229802106158,,1,0
weekly_global_validated,3474,2025-05-23,2025-06-03,-0.0109216443615366,2025,2024-12-31,native_mse,20260912,-0.0015437185640202761,,0,0
weekly_global_validated,3479,2025-05-30,2025-06-09,0.011566574321892,2025,2024-12-31,native_mse,20260912,-0.007042284452490261,,0,1
weekly_global_validated,3483,2025-06-06,2025-06-16,-0.0062354943524679,2025,2024-12-31,native_mse,20260912,0.00028466611619904517,,1,0
weekly_global_validated,3488,2025-06-13,2025-06-23,-0.005825691168304,2025,2024-12-31,native_mse,20260912,-0.006674179072757184,,0,0
weekly_global_validated,3493,2025-06-20,2025-06-30,0.0232670437490374,2025,2024-12-31,native_mse,20260912,-0.0026285119113171485,,0,1
weekly_global_validated,3498,2025-06-27,2025-07-07,0.0145345648685946,2025,2024-12-31,native_mse,20260912,-0.001664357643481335,,0,1
weekly_global_validated,3503,2025-07-04,2025-07-14,0.0110426949002964,2025,2024-12-31,native_mse,20260912,0.0037107408116209707,,1,1
weekly_global_validated,3508,2025-07-11,2025-07-21,0.0120759671840067,2025,2024-12-31,native_mse,20260912,0.002218014475368515,,1,1
weekly_global_validated,3513,2025-07-18,2025-07-28,0.0143570766898375,2025,2024-12-31,native_mse,20260912,0.009911597608358887,,1,1
weekly_global_validated,3518,2025-07-25,2025-08-04,-0.0218642507630443,2025,2024-12-31,native_mse,20260912,-0.0013540938427923275,,0,0
weekly_global_validated,3523,2025-08-01,2025-08-11,0.0179175520190988,2025,2024-12-31,native_mse,20260912,0.002501110312004882,,1,1
weekly_global_validated,3528,2025-08-08,2025-08-18,0.026265786598999,2025,2024-12-31,native_mse,20260912,-0.006121881900028309,,0,1
weekly_global_validated,3533,2025-08-15,2025-08-25,0.0469483790671487,2025,2024-12-31,native_mse,20260912,-0.0031833828356847573,,0,1
weekly_global_validated,3538,2025-08-22,2025-09-01,0.0227770368340847,2025,2024-12-31,native_mse,20260912,-0.005229739970136804,,0,1
weekly_global_validated,3543,2025-08-29,2025-09-08,-0.0110053842475337,2025,2024-12-31,native_mse,20260912,0.0017396293034999204,,1,0
weekly_global_validated,3548,2025-09-05,2025-09-15,0.0151594857594405,2025,2024-12-31,native_mse,20260912,-0.006315423164964012,,0,1
weekly_global_validated,3553,2025-09-12,2025-09-22,-0.0050409160971932,2025,2024-12-31,native_mse,20260912,0.0036445584301978444,,1,0
weekly_global_validated,3558,2025-09-19,2025-09-29,0.0095300784790881,2025,2024-12-31,native_mse,20260912,-0.007907179585583714,,0,1
weekly_global_validated,3563,2025-09-26,2025-10-13,-0.0140855274279203,2025,2024-12-31,native_mse,20260912,-0.0016751946251609804,,0,0
weekly_global_validated,3567,2025-10-10,2025-10-20,0.015001547584321,2025,2024-12-31,native_mse,20260912,-0.006402638764524997,,0,1
weekly_global_validated,3572,2025-10-17,2025-10-27,0.0309637052897611,2025,2024-12-31,native_mse,20260912,-0.00870396964325983,,0,1
weekly_global_validated,3577,2025-10-24,2025-11-03,-0.013331545863497,2025,2024-12-31,native_mse,20260912,-0.005475122015119508,,0,0
weekly_global_validated,3582,2025-10-31,2025-11-10,0.0110832418536339,2025,2024-12-31,native_mse,20260912,-0.006949842516906396,,0,1
weekly_global_validated,3587,2025-11-07,2025-11-17,-0.0152107881197579,2025,2024-12-31,native_mse,20260912,0.005808210669049744,,1,0
weekly_global_validated,3592,2025-11-14,2025-11-24,-0.031114557454173,2025,2024-12-31,native_mse,20260912,-0.005729952989633713,,0,0
weekly_global_validated,3597,2025-11-21,2025-12-01,0.0147613767448515,2025,2024-12-31,native_mse,20260912,-0.0015450315646448089,,0,1
weekly_global_validated,3602,2025-11-28,2025-12-08,0.0118853804313106,2025,2024-12-31,native_mse,20260912,-0.0032204954130721736,,0,1
weekly_global_validated,3607,2025-12-05,2025-12-15,-0.0093922675990717,2025,2024-12-31,native_mse,20260912,-0.0047114270439592345,,0,0
weekly_global_validated,3612,2025-12-12,2025-12-22,0.0082791208791208,2025,2024-12-31,native_mse,20260912,0.0035042182684974187,,1,1
weekly_global_validated,3617,2025-12-19,2025-12-29,0.0153890755001995,2025,2024-12-31,native_mse,20260912,-0.0005370407904008248,,0,1
weekly_global_validated,3622,2025-12-26,2026-01-12,0.0239101640737868,2025,2024-12-31,native_mse,20260912,0.002315041428841435,,1,1
weekly_global_validated,3630,2026-01-09,2026-01-19,-0.0103697336282536,2026,2025-12-31,native_mse,20260910,-0.002855102612462861,,0,0
weekly_global_validated,3635,2026-01-16,2026-01-26,-0.0010190267764643,2026,2025-12-31,native_mse,20260910,-0.00015744638603756636,,0,0
weekly_global_validated,3640,2026-01-23,2026-02-02,-0.0087161586128796,2026,2025-12-31,native_mse,20260910,-0.006105688647517694,,0,0
weekly_global_validated,3645,2026-01-30,2026-02-09,0.0041482324550519,2026,2025-12-31,native_mse,20260910,-0.0019649521887390433,,0,1
weekly_global_validated,3650,2026-02-06,2026-02-24,0.0071649689901505,2026,2025-12-31,native_mse,20260910,0.0047027542719540035,,1,1
weekly_global_validated,3655,2026-02-13,2026-03-02,-0.0097920588919678,2026,2025-12-31,native_mse,20260910,0.0004179826835146159,,1,0
weekly_global_validated,3659,2026-02-27,2026-03-09,-0.0172526869201304,2026,2025-12-31,native_mse,20260910,0.0022625269962182996,,1,0
weekly_global_validated,3664,2026-03-06,2026-03-16,0.0149926634422041,2026,2025-12-31,native_mse,20260910,-0.003806878947664824,,0,1
weekly_global_validated,3669,2026-03-13,2026-03-23,-0.0364343509194254,2026,2025-12-31,native_mse,20260910,-0.006468904470141985,,0,0
weekly_global_validated,3674,2026-03-20,2026-03-30,-0.0083038829988221,2026,2025-12-31,native_mse,20260910,-0.006677801015318794,,0,0
weekly_global_validated,3679,2026-03-27,2026-04-07,-0.0035591495694504,2026,2025-12-31,native_mse,20260910,-0.0012459609623288559,,0,0
weekly_global_validated,3684,2026-04-03,2026-04-13,0.0380736235508991,2026,2025-12-31,native_mse,20260910,-0.0002708764126667155,,0,1
weekly_global_validated,3688,2026-04-10,2026-04-20,0.0242766725964382,2026,2025-12-31,native_mse,20260910,-0.0014516073248232214,,0,1
weekly_global_validated,3693,2026-04-17,2026-04-27,0.010401572188011,2026,2025-12-31,native_mse,20260910,-0.00019243492513075974,,0,1
weekly_global_validated,3698,2026-04-24,2026-05-11,0.0263674696524953,2026,2025-12-31,native_mse,20260910,0.00044530537803680217,,1,1
weekly_global_validated,3705,2026-05-08,2026-05-18,-0.0134529239455926,2026,2025-12-31,native_mse,20260910,0.00821158666179363,,1,0
weekly_global_validated,3710,2026-05-15,2026-05-25,0.0076235492615268,2026,2025-12-31,native_mse,20260910,0.009209478129531542,,1,1
weekly_global_validated,3715,2026-05-22,2026-06-01,0.005068538126898,2026,2025-12-31,native_mse,20260910,-0.0037899662548005076,,0,1
weekly_global_validated,3720,2026-05-29,2026-06-08,-0.039635353927193,2026,2025-12-31,native_mse,20260910,-0.005878390043911763,,0,0
weekly_global_validated,3725,2026-06-05,2026-06-15,0.0266849782195981,2026,2025-12-31,native_mse,20260910,-0.005079831260852612,,0,1
weekly_global_validated,3730,2026-06-12,2026-06-29,0.0076098142791176,2026,2025-12-31,native_mse,20260910,-0.0013875397965599067,,0,1
weekly_global_validated,3739,2026-06-26,2026-07-06,0.0005137647861506,2026,2025-12-31,native_mse,20260910,-0.002031043716013942,,0,1
weekly_global_validated,3744,2026-07-03,2026-07-13,-0.0252847876365399,2026,2025-12-31,native_mse,20260910,-0.003966417206833292,,0,0
weekly_global_validated,3749,2026-07-10,2026-07-20,-0.035775397012711,2026,2025-12-31,native_mse,20260910,-0.000224192482655729,,0,0
weekly_global_validated,3754,2026-07-17,2026-07-27,0.01756245533441,2026,2025-12-31,native_mse,20260910,-0.001279240964054163,,0,1
weekly_global_validated,3759,2026-07-24,2026-08-03,-0.0202339761556519,2026,2025-12-31,native_mse,20260910,-0.0020989123929827714,,0,0
weekly_global_validated,3764,2026-07-31,2026-08-10,0.0300318732435738,2026,2025-12-31,native_mse,20260910,-0.005698998401180227,,0,1
weekly_global_validated,3769,2026-08-07,2026-08-17,-0.0056482265760339,2026,2025-12-31,native_mse,20260910,-0.000843785639629233,,0,0
weekly_global_validated,3774,2026-08-14,2026-08-24,-0.0109860710402629,2026,2025-12-31,native_mse,20260910,0.001103287661206875,,1,0
weekly_global_validated,3779,2026-08-21,2026-08-31,-0.0127592811002066,2026,2025-12-31,native_mse,20260910,0.005195736341319573,,1,0
weekly_global_validated,3630,2026-01-09,2026-01-19,-0.0103697336282536,2026,2025-12-31,training_frequency,-1,0.4792703150912106,0.4792703150912106,0,0
weekly_global_validated,3635,2026-01-16,2026-01-26,-0.0010190267764643,2026,2025-12-31,training_frequency,-1,0.4792703150912106,0.4792703150912106,0,0
weekly_global_validated,3640,2026-01-23,2026-02-02,-0.0087161586128796,2026,2025-12-31,training_frequency,-1,0.4792703150912106,0.4792703150912106,0,0
weekly_global_validated,3645,2026-01-30,2026-02-09,0.0041482324550519,2026,2025-12-31,training_frequency,-1,0.4792703150912106,0.4792703150912106,0,1
weekly_global_validated,3650,2026-02-06,2026-02-24,0.0071649689901505,2026,2025-12-31,training_frequency,-1,0.4792703150912106,0.4792703150912106,0,1
weekly_global_validated,3655,2026-02-13,2026-03-02,-0.0097920588919678,2026,2025-12-31,training_frequency,-1,0.4792703150912106,0.4792703150912106,0,0
weekly_global_validated,3659,2026-02-27,2026-03-09,-0.0172526869201304,2026,2025-12-31,training_frequency,-1,0.4792703150912106,0.4792703150912106,0,0
weekly_global_validated,3664,2026-03-06,2026-03-16,0.0149926634422041,2026,2025-12-31,training_frequency,-1,0.4792703150912106,0.4792703150912106,0,1
weekly_global_validated,3669,2026-03-13,2026-03-23,-0.0364343509194254,2026,2025-12-31,training_frequency,-1,0.4792703150912106,0.4792703150912106,0,0
weekly_global_validated,3674,2026-03-20,2026-03-30,-0.0083038829988221,2026,2025-12-31,training_frequency,-1,0.4792703150912106,0.4792703150912106,0,0
weekly_global_validated,3679,2026-03-27,2026-04-07,-0.0035591495694504,2026,2025-12-31,training_frequency,-1,0.4792703150912106,0.4792703150912106,0,0
weekly_global_validated,3684,2026-04-03,2026-04-13,0.0380736235508991,2026,2025-12-31,training_frequency,-1,0.4792703150912106,0.4792703150912106,0,1
weekly_global_validated,3688,2026-04-10,2026-04-20,0.0242766725964382,2026,2025-12-31,training_frequency,-1,0.4792703150912106,0.4792703150912106,0,1
weekly_global_validated,3693,2026-04-17,2026-04-27,0.010401572188011,2026,2025-12-31,training_frequency,-1,0.4792703150912106,0.4792703150912106,0,1
weekly_global_validated,3698,2026-04-24,2026-05-11,0.0263674696524953,2026,2025-12-31,training_frequency,-1,0.4792703150912106,0.4792703150912106,0,1
weekly_global_validated,3705,2026-05-08,2026-05-18,-0.0134529239455926,2026,2025-12-31,training_frequency,-1,0.4792703150912106,0.4792703150912106,0,0
weekly_global_validated,3710,2026-05-15,2026-05-25,0.0076235492615268,2026,2025-12-31,training_frequency,-1,0.4792703150912106,0.4792703150912106,0,1
weekly_global_validated,3715,2026-05-22,2026-06-01,0.005068538126898,2026,2025-12-31,training_frequency,-1,0.4792703150912106,0.4792703150912106,0,1
weekly_global_validated,3720,2026-05-29,2026-06-08,-0.039635353927193,2026,2025-12-31,training_frequency,-1,0.4792703150912106,0.4792703150912106,0,0
weekly_global_validated,3725,2026-06-05,2026-06-15,0.0266849782195981,2026,2025-12-31,training_frequency,-1,0.4792703150912106,0.4792703150912106,0,1
weekly_global_validated,3730,2026-06-12,2026-06-29,0.0076098142791176,2026,2025-12-31,training_frequency,-1,0.4792703150912106,0.4792703150912106,0,1
weekly_global_validated,3739,2026-06-26,2026-07-06,0.0005137647861506,2026,2025-12-31,training_frequency,-1,0.4792703150912106,0.4792703150912106,0,1
weekly_global_validated,3744,2026-07-03,2026-07-13,-0.0252847876365399,2026,2025-12-31,training_frequency,-1,0.4792703150912106,0.4792703150912106,0,0
weekly_global_validated,3749,2026-07-10,2026-07-20,-0.035775397012711,2026,2025-12-31,training_frequency,-1,0.4792703150912106,0.4792703150912106,0,0
weekly_global_validated,3754,2026-07-17,2026-07-27,0.01756245533441,2026,2025-12-31,training_frequency,-1,0.4792703150912106,0.4792703150912106,0,1
weekly_global_validated,3759,2026-07-24,2026-08-03,-0.0202339761556519,2026,2025-12-31,training_frequency,-1,0.4792703150912106,0.4792703150912106,0,0
weekly_global_validated,3764,2026-07-31,2026-08-10,0.0300318732435738,2026,2025-12-31,training_frequency,-1,0.4792703150912106,0.4792703150912106,0,1
weekly_global_validated,3769,2026-08-07,2026-08-17,-0.0056482265760339,2026,2025-12-31,training_frequency,-1,0.4792703150912106,0.4792703150912106,0,0
weekly_global_validated,3774,2026-08-14,2026-08-24,-0.0109860710402629,2026,2025-12-31,training_frequency,-1,0.4792703150912106,0.4792703150912106,0,0
weekly_global_validated,3779,2026-08-21,2026-08-31,-0.0127592811002066,2026,2025-12-31,training_frequency,-1,0.4792703150912106,0.4792703150912106,0,0
weekly_global_validated,3630,2026-01-09,2026-01-19,-0.0103697336282536,2026,2025-12-31,native_mse,20260911,-0.0030890692487675277,,0,0
weekly_global_validated,3635,2026-01-16,2026-01-26,-0.0010190267764643,2026,2025-12-31,native_mse,20260911,-0.0029844245717806552,,0,0
weekly_global_validated,3640,2026-01-23,2026-02-02,-0.0087161586128796,2026,2025-12-31,native_mse,20260911,-0.0018485669736654138,,0,0
weekly_global_validated,3645,2026-01-30,2026-02-09,0.0041482324550519,2026,2025-12-31,native_mse,20260911,-0.002659061252019485,,0,1
weekly_global_validated,3650,2026-02-06,2026-02-24,0.0071649689901505,2026,2025-12-31,native_mse,20260911,-0.0015567976959256278,,0,1
weekly_global_validated,3655,2026-02-13,2026-03-02,-0.0097920588919678,2026,2025-12-31,native_mse,20260911,-0.0015389707922718095,,0,0
weekly_global_validated,3659,2026-02-27,2026-03-09,-0.0172526869201304,2026,2025-12-31,native_mse,20260911,-0.0019681718770543553,,0,0
weekly_global_validated,3664,2026-03-06,2026-03-16,0.0149926634422041,2026,2025-12-31,native_mse,20260911,0.00014521785716820214,,1,1
weekly_global_validated,3669,2026-03-13,2026-03-23,-0.0364343509194254,2026,2025-12-31,native_mse,20260911,-0.0022671453715006956,,0,0
weekly_global_validated,3674,2026-03-20,2026-03-30,-0.0083038829988221,2026,2025-12-31,native_mse,20260911,-0.001986856137592856,,0,0
weekly_global_validated,3679,2026-03-27,2026-04-07,-0.0035591495694504,2026,2025-12-31,native_mse,20260911,-0.002218520604235266,,0,0
weekly_global_validated,3684,2026-04-03,2026-04-13,0.0380736235508991,2026,2025-12-31,native_mse,20260911,-0.002090390096021022,,0,1
weekly_global_validated,3688,2026-04-10,2026-04-20,0.0242766725964382,2026,2025-12-31,native_mse,20260911,-0.0024408235069100508,,0,1
weekly_global_validated,3693,2026-04-17,2026-04-27,0.010401572188011,2026,2025-12-31,native_mse,20260911,-0.0029629470272129906,,0,1
weekly_global_validated,3698,2026-04-24,2026-05-11,0.0263674696524953,2026,2025-12-31,native_mse,20260911,-0.003359926419865766,,0,1
weekly_global_validated,3705,2026-05-08,2026-05-18,-0.0134529239455926,2026,2025-12-31,native_mse,20260911,-0.002535154678821143,,0,0
weekly_global_validated,3710,2026-05-15,2026-05-25,0.0076235492615268,2026,2025-12-31,native_mse,20260911,-0.002260058894062486,,0,1
weekly_global_validated,3715,2026-05-22,2026-06-01,0.005068538126898,2026,2025-12-31,native_mse,20260911,-0.0015057276938992676,,0,1
weekly_global_validated,3720,2026-05-29,2026-06-08,-0.039635353927193,2026,2025-12-31,native_mse,20260911,-0.002635162144589442,,0,0
weekly_global_validated,3725,2026-06-05,2026-06-15,0.0266849782195981,2026,2025-12-31,native_mse,20260911,-0.003913781241526722,,0,1
weekly_global_validated,3730,2026-06-12,2026-06-29,0.0076098142791176,2026,2025-12-31,native_mse,20260911,-0.0036857925348870147,,0,1
weekly_global_validated,3739,2026-06-26,2026-07-06,0.0005137647861506,2026,2025-12-31,native_mse,20260911,-0.0021369319429553274,,0,1
weekly_global_validated,3744,2026-07-03,2026-07-13,-0.0252847876365399,2026,2025-12-31,native_mse,20260911,-0.0022933277317483012,,0,0
weekly_global_validated,3749,2026-07-10,2026-07-20,-0.035775397012711,2026,2025-12-31,native_mse,20260911,-0.0023056933526758674,,0,0
weekly_global_validated,3754,2026-07-17,2026-07-27,0.01756245533441,2026,2025-12-31,native_mse,20260911,-0.0024493044555773855,,0,1
weekly_global_validated,3759,2026-07-24,2026-08-03,-0.0202339761556519,2026,2025-12-31,native_mse,20260911,-0.0026633393533010696,,0,0
weekly_global_validated,3764,2026-07-31,2026-08-10,0.0300318732435738,2026,2025-12-31,native_mse,20260911,-0.0024432171596736993,,0,1
weekly_global_validated,3769,2026-08-07,2026-08-17,-0.0056482265760339,2026,2025-12-31,native_mse,20260911,-0.0034017483589926685,,0,0
weekly_global_validated,3774,2026-08-14,2026-08-24,-0.0109860710402629,2026,2025-12-31,native_mse,20260911,-0.002813706354026954,,0,0
weekly_global_validated,3779,2026-08-21,2026-08-31,-0.0127592811002066,2026,2025-12-31,native_mse,20260911,-0.0019809857134933735,,0,0
weekly_global_validated,3630,2026-01-09,2026-01-19,-0.0103697336282536,2026,2025-12-31,native_mse,20260912,-0.0012654744629118373,,0,0
weekly_global_validated,3635,2026-01-16,2026-01-26,-0.0010190267764643,2026,2025-12-31,native_mse,20260912,-0.0009824454910161004,,0,0
weekly_global_validated,3640,2026-01-23,2026-02-02,-0.0087161586128796,2026,2025-12-31,native_mse,20260912,-0.0014318861524315442,,0,0
weekly_global_validated,3645,2026-01-30,2026-02-09,0.0041482324550519,2026,2025-12-31,native_mse,20260912,-0.0015519331724585116,,0,1
weekly_global_validated,3650,2026-02-06,2026-02-24,0.0071649689901505,2026,2025-12-31,native_mse,20260912,-0.0016869022750859507,,0,1
weekly_global_validated,3655,2026-02-13,2026-03-02,-0.0097920588919678,2026,2025-12-31,native_mse,20260912,-0.0011765097827620523,,0,0
weekly_global_validated,3659,2026-02-27,2026-03-09,-0.0172526869201304,2026,2025-12-31,native_mse,20260912,-0.0007085124719817442,,0,0
weekly_global_validated,3664,2026-03-06,2026-03-16,0.0149926634422041,2026,2025-12-31,native_mse,20260912,-0.0009899154221996353,,0,1
weekly_global_validated,3669,2026-03-13,2026-03-23,-0.0364343509194254,2026,2025-12-31,native_mse,20260912,-0.0011266305599294578,,0,0
weekly_global_validated,3674,2026-03-20,2026-03-30,-0.0083038829988221,2026,2025-12-31,native_mse,20260912,-0.001524311581453077,,0,0
weekly_global_validated,3679,2026-03-27,2026-04-07,-0.0035591495694504,2026,2025-12-31,native_mse,20260912,-0.0019205134194293897,,0,0
weekly_global_validated,3684,2026-04-03,2026-04-13,0.0380736235508991,2026,2025-12-31,native_mse,20260912,-0.0011376256916386593,,0,1
weekly_global_validated,3688,2026-04-10,2026-04-20,0.0242766725964382,2026,2025-12-31,native_mse,20260912,-0.0013216896399536517,,0,1
weekly_global_validated,3693,2026-04-17,2026-04-27,0.010401572188011,2026,2025-12-31,native_mse,20260912,-0.0015028502660909705,,0,1
weekly_global_validated,3698,2026-04-24,2026-05-11,0.0263674696524953,2026,2025-12-31,native_mse,20260912,-0.0012568015547876838,,0,1
weekly_global_validated,3705,2026-05-08,2026-05-18,-0.0134529239455926,2026,2025-12-31,native_mse,20260912,-0.0004371239494575972,,0,0
weekly_global_validated,3710,2026-05-15,2026-05-25,0.0076235492615268,2026,2025-12-31,native_mse,20260912,6.163719011948235e-05,,1,1
weekly_global_validated,3715,2026-05-22,2026-06-01,0.005068538126898,2026,2025-12-31,native_mse,20260912,7.730204085298746e-06,,1,1
weekly_global_validated,3720,2026-05-29,2026-06-08,-0.039635353927193,2026,2025-12-31,native_mse,20260912,-0.00019569943758148556,,0,0
weekly_global_validated,3725,2026-06-05,2026-06-15,0.0266849782195981,2026,2025-12-31,native_mse,20260912,-0.00010540438898025962,,0,1
weekly_global_validated,3730,2026-06-12,2026-06-29,0.0076098142791176,2026,2025-12-31,native_mse,20260912,-0.0007095936265099443,,0,1
weekly_global_validated,3739,2026-06-26,2026-07-06,0.0005137647861506,2026,2025-12-31,native_mse,20260912,-0.00033128119271872585,,0,1
weekly_global_validated,3744,2026-07-03,2026-07-13,-0.0252847876365399,2026,2025-12-31,native_mse,20260912,-0.0011443460816151978,,0,0
weekly_global_validated,3749,2026-07-10,2026-07-20,-0.035775397012711,2026,2025-12-31,native_mse,20260912,-0.0017039989678604111,,0,0
weekly_global_validated,3754,2026-07-17,2026-07-27,0.01756245533441,2026,2025-12-31,native_mse,20260912,-0.0017003094595498154,,0,1
weekly_global_validated,3759,2026-07-24,2026-08-03,-0.0202339761556519,2026,2025-12-31,native_mse,20260912,-0.0018633248001663242,,0,0
weekly_global_validated,3764,2026-07-31,2026-08-10,0.0300318732435738,2026,2025-12-31,native_mse,20260912,-0.0013665112944695823,,0,1
weekly_global_validated,3769,2026-08-07,2026-08-17,-0.0056482265760339,2026,2025-12-31,native_mse,20260912,-0.0010726869031266657,,0,0
weekly_global_validated,3774,2026-08-14,2026-08-24,-0.0109860710402629,2026,2025-12-31,native_mse,20260912,-0.0012030503226100222,,0,0
weekly_global_validated,3779,2026-08-21,2026-08-31,-0.0127592811002066,2026,2025-12-31,native_mse,20260912,-0.0005090624873602664,,0,0
weekly_global_ungated,2418,2021-01-08,2021-01-18,-0.0120052904669853,2021,2020-12-31,native_mse,20260910,-0.00016719672473286887,,0,0
weekly_global_ungated,2423,2021-01-15,2021-01-25,0.0231622460538123,2021,2020-12-31,native_mse,20260910,-0.0024576018862454926,,0,1
weekly_global_ungated,2428,2021-01-22,2021-02-01,-0.0372511735907923,2021,2020-12-31,native_mse,20260910,-0.003647746896638798,,0,0
weekly_global_ungated,2433,2021-01-29,2021-02-08,0.0278689901714626,2021,2020-12-31,native_mse,20260910,-0.0025472735860022446,,0,1
weekly_global_ungated,2438,2021-02-05,2021-02-22,0.0507379035040882,2021,2020-12-31,native_mse,20260910,-0.0030793775400414984,,0,1
weekly_global_ungated,2443,2021-02-19,2021-03-01,-0.0684918010685315,2021,2020-12-31,native_mse,20260910,-0.0023490676188242655,,0,0
weekly_global_ungated,2448,2021-02-26,2021-03-08,-0.0165997123904068,2021,2020-12-31,native_mse,20260910,-0.0023665663755005908,,0,0
weekly_global_ungated,2453,2021-03-05,2021-03-15,-0.0346560901469681,2021,2020-12-31,native_mse,20260910,-0.0014253865572098575,,0,0
weekly_global_ungated,2458,2021-03-12,2021-03-22,-0.0210550182560221,2021,2020-12-31,native_mse,20260910,-0.0005000901973691782,,0,0
weekly_global_ungated,2463,2021-03-19,2021-03-29,0.0087572877565691,2021,2020-12-31,native_mse,20260910,0.006023340982564988,,1,1
weekly_global_ungated,2468,2021-03-26,2021-04-06,0.0250145479448802,2021,2020-12-31,native_mse,20260910,0.005598392317839315,,1,1
weekly_global_ungated,2473,2021-04-02,2021-04-12,-0.0292856811827044,2021,2020-12-31,native_mse,20260910,0.0036485752776130036,,1,0
weekly_global_ungated,2477,2021-04-09,2021-04-19,-0.0120489836840408,2021,2020-12-31,native_mse,20260910,0.007350243400305611,,1,0
weekly_global_ungated,2482,2021-04-16,2021-04-26,0.0382932540809155,2021,2020-12-31,native_mse,20260910,0.002900059176571625,,1,1
weekly_global_ungated,2487,2021-04-23,2021-05-06,-0.0112070185917437,2021,2020-12-31,native_mse,20260910,0.007596625467989239,,1,0
weekly_global_ungated,2492,2021-04-30,2021-05-12,-0.0190946889464188,2021,2020-12-31,native_mse,20260910,0.007105998256782256,,1,0
weekly_global_ungated,2494,2021-05-07,2021-05-17,0.0227674429764228,2021,2020-12-31,native_mse,20260910,0.0072995237328683515,,1,1
weekly_global_ungated,2499,2021-05-14,2021-05-24,0.0045940519733895,2021,2020-12-31,native_mse,20260910,0.006906583839110419,,1,1
weekly_global_ungated,2504,2021-05-21,2021-05-31,0.0348855085126711,2021,2020-12-31,native_mse,20260910,0.0039949465805707365,,1,1
weekly_global_ungated,2509,2021-05-28,2021-06-07,-0.0062409741861724,2021,2020-12-31,native_mse,20260910,0.004302626766656515,,1,0
weekly_global_ungated,2514,2021-06-04,2021-06-15,-0.0125508761771767,2021,2020-12-31,native_mse,20260910,0.0018010688105476373,,1,0
weekly_global_ungated,2519,2021-06-11,2021-06-21,-0.0250011497424577,2021,2020-12-31,native_mse,20260910,-0.0027939130847951473,,0,0
weekly_global_ungated,2523,2021-06-18,2021-06-28,0.0325308711127356,2021,2020-12-31,native_mse,20260910,-0.0024054667576293687,,0,1
weekly_global_ungated,2528,2021-06-25,2021-07-05,-0.0342297962734196,2021,2020-12-31,native_mse,20260910,-0.0021641013171994155,,0,0
weekly_global_ungated,2533,2021-07-02,2021-07-12,0.0068193733271841,2021,2020-12-31,native_mse,20260910,-0.002740282150259048,,0,1
weekly_global_ungated,2538,2021-07-09,2021-07-19,-0.0048254045313779,2021,2020-12-31,native_mse,20260910,-0.0025804416168060183,,0,0
weekly_global_ungated,2543,2021-07-16,2021-07-26,-0.0032299118953994,2021,2020-12-31,native_mse,20260910,-0.0035112489700114967,,0,0
weekly_global_ungated,2548,2021-07-23,2021-08-02,-0.0537740931579083,2021,2020-12-31,native_mse,20260910,-0.002252148085559406,,0,0
weekly_global_ungated,2553,2021-07-30,2021-08-09,0.019904813945049,2021,2020-12-31,native_mse,20260910,-0.0013935392955686378,,0,1
weekly_global_ungated,2558,2021-08-06,2021-08-16,0.0093369268709639,2021,2020-12-31,native_mse,20260910,-0.0008547058545780883,,0,1
weekly_global_ungated,2563,2021-08-13,2021-08-23,-0.032048736608373,2021,2020-12-31,native_mse,20260910,-0.0010996712313164061,,0,0
weekly_global_ungated,2568,2021-08-20,2021-08-30,0.0145047962107527,2021,2020-12-31,native_mse,20260910,0.0014984460902095808,,1,1
weekly_global_ungated,2573,2021-08-27,2021-09-06,-0.0012316820816045,2021,2020-12-31,native_mse,20260910,0.006590900742918945,,1,0
weekly_global_ungated,2578,2021-09-03,2021-09-13,0.0342301066295398,2021,2020-12-31,native_mse,20260910,0.009486980636077728,,1,1
weekly_global_ungated,2583,2021-09-10,2021-09-22,-0.0471441667981554,2021,2020-12-31,native_mse,20260910,0.009371153033789907,,1,0
weekly_global_ungated,2588,2021-09-17,2021-09-28,0.0209863060789441,2021,2020-12-31,native_mse,20260910,0.009603132896707183,,1,1
weekly_global_ungated,2591,2021-09-24,2021-10-11,0.0144615416200457,2021,2020-12-31,native_mse,20260910,0.009682760274058575,,1,1
weekly_global_ungated,2596,2021-10-08,2021-10-18,-0.0038006269617851,2021,2020-12-31,native_mse,20260910,0.009091248352644028,,1,0
weekly_global_ungated,2601,2021-10-15,2021-10-25,0.0037358989621147,2021,2020-12-31,native_mse,20260910,0.008469619450977196,,1,1
weekly_global_ungated,2606,2021-10-22,2021-11-01,-0.0127041632091318,2021,2020-12-31,native_mse,20260910,0.0008933657456787875,,1,0
weekly_global_ungated,2611,2021-10-29,2021-11-08,-0.0075807737801166,2021,2020-12-31,native_mse,20260910,0.002406790555140204,,1,0
weekly_global_ungated,2616,2021-11-05,2021-11-15,0.0110015182343039,2021,2020-12-31,native_mse,20260910,0.004495816516502967,,1,1
weekly_global_ungated,2621,2021-11-12,2021-11-22,0.0002002284238551,2021,2020-12-31,native_mse,20260910,0.008345328596010884,,1,1
weekly_global_ungated,2626,2021-11-19,2021-11-29,-0.0153981603100059,2021,2020-12-31,native_mse,20260910,0.006936498727743483,,1,0
weekly_global_ungated,2631,2021-11-26,2021-12-06,0.0185518287306458,2021,2020-12-31,native_mse,20260910,0.0043122154605937865,,1,1
weekly_global_ungated,2636,2021-12-03,2021-12-13,0.0367843110096284,2021,2020-12-31,native_mse,20260910,0.003903132217743633,,1,1
weekly_global_ungated,2641,2021-12-10,2021-12-20,-0.0304615698955996,2021,2020-12-31,native_mse,20260910,0.0011584734670292821,,1,0
weekly_global_ungated,2646,2021-12-17,2021-12-27,-0.0034083287233763,2021,2020-12-31,native_mse,20260910,0.008060168302998738,,1,0
weekly_global_ungated,2651,2021-12-24,2022-01-04,0.0080985736506613,2021,2020-12-31,native_mse,20260910,0.0074924187486900135,,1,1
weekly_global_ungated,2656,2021-12-31,2022-01-10,-0.0293970528320001,2021,2020-12-31,native_mse,20260910,0.008334791957105143,,1,0
weekly_global_ungated,2418,2021-01-08,2021-01-18,-0.0120052904669853,2021,2020-12-31,training_frequency,-1,0.5577557755775577,0.5577557755775577,1,0
weekly_global_ungated,2423,2021-01-15,2021-01-25,0.0231622460538123,2021,2020-12-31,training_frequency,-1,0.5577557755775577,0.5577557755775577,1,1
weekly_global_ungated,2428,2021-01-22,2021-02-01,-0.0372511735907923,2021,2020-12-31,training_frequency,-1,0.5577557755775577,0.5577557755775577,1,0
weekly_global_ungated,2433,2021-01-29,2021-02-08,0.0278689901714626,2021,2020-12-31,training_frequency,-1,0.5577557755775577,0.5577557755775577,1,1
weekly_global_ungated,2438,2021-02-05,2021-02-22,0.0507379035040882,2021,2020-12-31,training_frequency,-1,0.5577557755775577,0.5577557755775577,1,1
weekly_global_ungated,2443,2021-02-19,2021-03-01,-0.0684918010685315,2021,2020-12-31,training_frequency,-1,0.5577557755775577,0.5577557755775577,1,0
weekly_global_ungated,2448,2021-02-26,2021-03-08,-0.0165997123904068,2021,2020-12-31,training_frequency,-1,0.5577557755775577,0.5577557755775577,1,0
weekly_global_ungated,2453,2021-03-05,2021-03-15,-0.0346560901469681,2021,2020-12-31,training_frequency,-1,0.5577557755775577,0.5577557755775577,1,0
weekly_global_ungated,2458,2021-03-12,2021-03-22,-0.0210550182560221,2021,2020-12-31,training_frequency,-1,0.5577557755775577,0.5577557755775577,1,0
weekly_global_ungated,2463,2021-03-19,2021-03-29,0.0087572877565691,2021,2020-12-31,training_frequency,-1,0.5577557755775577,0.5577557755775577,1,1
weekly_global_ungated,2468,2021-03-26,2021-04-06,0.0250145479448802,2021,2020-12-31,training_frequency,-1,0.5577557755775577,0.5577557755775577,1,1
weekly_global_ungated,2473,2021-04-02,2021-04-12,-0.0292856811827044,2021,2020-12-31,training_frequency,-1,0.5577557755775577,0.5577557755775577,1,0
weekly_global_ungated,2477,2021-04-09,2021-04-19,-0.0120489836840408,2021,2020-12-31,training_frequency,-1,0.5577557755775577,0.5577557755775577,1,0
weekly_global_ungated,2482,2021-04-16,2021-04-26,0.0382932540809155,2021,2020-12-31,training_frequency,-1,0.5577557755775577,0.5577557755775577,1,1
weekly_global_ungated,2487,2021-04-23,2021-05-06,-0.0112070185917437,2021,2020-12-31,training_frequency,-1,0.5577557755775577,0.5577557755775577,1,0
weekly_global_ungated,2492,2021-04-30,2021-05-12,-0.0190946889464188,2021,2020-12-31,training_frequency,-1,0.5577557755775577,0.5577557755775577,1,0
weekly_global_ungated,2494,2021-05-07,2021-05-17,0.0227674429764228,2021,2020-12-31,training_frequency,-1,0.5577557755775577,0.5577557755775577,1,1
weekly_global_ungated,2499,2021-05-14,2021-05-24,0.0045940519733895,2021,2020-12-31,training_frequency,-1,0.5577557755775577,0.5577557755775577,1,1
weekly_global_ungated,2504,2021-05-21,2021-05-31,0.0348855085126711,2021,2020-12-31,training_frequency,-1,0.5577557755775577,0.5577557755775577,1,1
weekly_global_ungated,2509,2021-05-28,2021-06-07,-0.0062409741861724,2021,2020-12-31,training_frequency,-1,0.5577557755775577,0.5577557755775577,1,0
weekly_global_ungated,2514,2021-06-04,2021-06-15,-0.0125508761771767,2021,2020-12-31,training_frequency,-1,0.5577557755775577,0.5577557755775577,1,0
weekly_global_ungated,2519,2021-06-11,2021-06-21,-0.0250011497424577,2021,2020-12-31,training_frequency,-1,0.5577557755775577,0.5577557755775577,1,0
weekly_global_ungated,2523,2021-06-18,2021-06-28,0.0325308711127356,2021,2020-12-31,training_frequency,-1,0.5577557755775577,0.5577557755775577,1,1
weekly_global_ungated,2528,2021-06-25,2021-07-05,-0.0342297962734196,2021,2020-12-31,training_frequency,-1,0.5577557755775577,0.5577557755775577,1,0
weekly_global_ungated,2533,2021-07-02,2021-07-12,0.0068193733271841,2021,2020-12-31,training_frequency,-1,0.5577557755775577,0.5577557755775577,1,1
weekly_global_ungated,2538,2021-07-09,2021-07-19,-0.0048254045313779,2021,2020-12-31,training_frequency,-1,0.5577557755775577,0.5577557755775577,1,0
weekly_global_ungated,2543,2021-07-16,2021-07-26,-0.0032299118953994,2021,2020-12-31,training_frequency,-1,0.5577557755775577,0.5577557755775577,1,0
weekly_global_ungated,2548,2021-07-23,2021-08-02,-0.0537740931579083,2021,2020-12-31,training_frequency,-1,0.5577557755775577,0.5577557755775577,1,0
weekly_global_ungated,2553,2021-07-30,2021-08-09,0.019904813945049,2021,2020-12-31,training_frequency,-1,0.5577557755775577,0.5577557755775577,1,1
weekly_global_ungated,2558,2021-08-06,2021-08-16,0.0093369268709639,2021,2020-12-31,training_frequency,-1,0.5577557755775577,0.5577557755775577,1,1
weekly_global_ungated,2563,2021-08-13,2021-08-23,-0.032048736608373,2021,2020-12-31,training_frequency,-1,0.5577557755775577,0.5577557755775577,1,0
weekly_global_ungated,2568,2021-08-20,2021-08-30,0.0145047962107527,2021,2020-12-31,training_frequency,-1,0.5577557755775577,0.5577557755775577,1,1
weekly_global_ungated,2573,2021-08-27,2021-09-06,-0.0012316820816045,2021,2020-12-31,training_frequency,-1,0.5577557755775577,0.5577557755775577,1,0
weekly_global_ungated,2578,2021-09-03,2021-09-13,0.0342301066295398,2021,2020-12-31,training_frequency,-1,0.5577557755775577,0.5577557755775577,1,1
weekly_global_ungated,2583,2021-09-10,2021-09-22,-0.0471441667981554,2021,2020-12-31,training_frequency,-1,0.5577557755775577,0.5577557755775577,1,0
weekly_global_ungated,2588,2021-09-17,2021-09-28,0.0209863060789441,2021,2020-12-31,training_frequency,-1,0.5577557755775577,0.5577557755775577,1,1
weekly_global_ungated,2591,2021-09-24,2021-10-11,0.0144615416200457,2021,2020-12-31,training_frequency,-1,0.5577557755775577,0.5577557755775577,1,1
weekly_global_ungated,2596,2021-10-08,2021-10-18,-0.0038006269617851,2021,2020-12-31,training_frequency,-1,0.5577557755775577,0.5577557755775577,1,0
weekly_global_ungated,2601,2021-10-15,2021-10-25,0.0037358989621147,2021,2020-12-31,training_frequency,-1,0.5577557755775577,0.5577557755775577,1,1
weekly_global_ungated,2606,2021-10-22,2021-11-01,-0.0127041632091318,2021,2020-12-31,training_frequency,-1,0.5577557755775577,0.5577557755775577,1,0
weekly_global_ungated,2611,2021-10-29,2021-11-08,-0.0075807737801166,2021,2020-12-31,training_frequency,-1,0.5577557755775577,0.5577557755775577,1,0
weekly_global_ungated,2616,2021-11-05,2021-11-15,0.0110015182343039,2021,2020-12-31,training_frequency,-1,0.5577557755775577,0.5577557755775577,1,1
weekly_global_ungated,2621,2021-11-12,2021-11-22,0.0002002284238551,2021,2020-12-31,training_frequency,-1,0.5577557755775577,0.5577557755775577,1,1
weekly_global_ungated,2626,2021-11-19,2021-11-29,-0.0153981603100059,2021,2020-12-31,training_frequency,-1,0.5577557755775577,0.5577557755775577,1,0
weekly_global_ungated,2631,2021-11-26,2021-12-06,0.0185518287306458,2021,2020-12-31,training_frequency,-1,0.5577557755775577,0.5577557755775577,1,1
weekly_global_ungated,2636,2021-12-03,2021-12-13,0.0367843110096284,2021,2020-12-31,training_frequency,-1,0.5577557755775577,0.5577557755775577,1,1
weekly_global_ungated,2641,2021-12-10,2021-12-20,-0.0304615698955996,2021,2020-12-31,training_frequency,-1,0.5577557755775577,0.5577557755775577,1,0
weekly_global_ungated,2646,2021-12-17,2021-12-27,-0.0034083287233763,2021,2020-12-31,training_frequency,-1,0.5577557755775577,0.5577557755775577,1,0
weekly_global_ungated,2651,2021-12-24,2022-01-04,0.0080985736506613,2021,2020-12-31,training_frequency,-1,0.5577557755775577,0.5577557755775577,1,1
weekly_global_ungated,2656,2021-12-31,2022-01-10,-0.0293970528320001,2021,2020-12-31,training_frequency,-1,0.5577557755775577,0.5577557755775577,1,0
weekly_global_ungated,2418,2021-01-08,2021-01-18,-0.0120052904669853,2021,2020-12-31,native_mse,20260911,0.008552411017393067,,1,0
weekly_global_ungated,2423,2021-01-15,2021-01-25,0.0231622460538123,2021,2020-12-31,native_mse,20260911,0.004218820233000888,,1,1
weekly_global_ungated,2428,2021-01-22,2021-02-01,-0.0372511735907923,2021,2020-12-31,native_mse,20260911,0.004959951689017089,,1,0
weekly_global_ungated,2433,2021-01-29,2021-02-08,0.0278689901714626,2021,2020-12-31,native_mse,20260911,-0.006242641410233065,,0,1
weekly_global_ungated,2438,2021-02-05,2021-02-22,0.0507379035040882,2021,2020-12-31,native_mse,20260911,0.0007951359987466982,,1,1
weekly_global_ungated,2443,2021-02-19,2021-03-01,-0.0684918010685315,2021,2020-12-31,native_mse,20260911,-0.0016330918552967294,,0,0
weekly_global_ungated,2448,2021-02-26,2021-03-08,-0.0165997123904068,2021,2020-12-31,native_mse,20260911,-0.00533638880364651,,0,0
weekly_global_ungated,2453,2021-03-05,2021-03-15,-0.0346560901469681,2021,2020-12-31,native_mse,20260911,-0.011674592766508288,,0,0
weekly_global_ungated,2458,2021-03-12,2021-03-22,-0.0210550182560221,2021,2020-12-31,native_mse,20260911,-0.007847066861436623,,0,0
weekly_global_ungated,2463,2021-03-19,2021-03-29,0.0087572877565691,2021,2020-12-31,native_mse,20260911,-0.0039060339233599494,,0,1
weekly_global_ungated,2468,2021-03-26,2021-04-06,0.0250145479448802,2021,2020-12-31,native_mse,20260911,0.0009273635613917179,,1,1
weekly_global_ungated,2473,2021-04-02,2021-04-12,-0.0292856811827044,2021,2020-12-31,native_mse,20260911,-0.0027355840325147787,,0,0
weekly_global_ungated,2477,2021-04-09,2021-04-19,-0.0120489836840408,2021,2020-12-31,native_mse,20260911,-0.0036343506408249315,,0,0
weekly_global_ungated,2482,2021-04-16,2021-04-26,0.0382932540809155,2021,2020-12-31,native_mse,20260911,-0.0006724515978878938,,0,1
weekly_global_ungated,2487,2021-04-23,2021-05-06,-0.0112070185917437,2021,2020-12-31,native_mse,20260911,0.0055289088739753755,,1,0
weekly_global_ungated,2492,2021-04-30,2021-05-12,-0.0190946889464188,2021,2020-12-31,native_mse,20260911,0.0033327575219957396,,1,0
weekly_global_ungated,2494,2021-05-07,2021-05-17,0.0227674429764228,2021,2020-12-31,native_mse,20260911,0.0021669511395786133,,1,1
weekly_global_ungated,2499,2021-05-14,2021-05-24,0.0045940519733895,2021,2020-12-31,native_mse,20260911,0.0011114542693073139,,1,1
weekly_global_ungated,2504,2021-05-21,2021-05-31,0.0348855085126711,2021,2020-12-31,native_mse,20260911,0.008400289317996804,,1,1
weekly_global_ungated,2509,2021-05-28,2021-06-07,-0.0062409741861724,2021,2020-12-31,native_mse,20260911,0.0007953145198423817,,1,0
weekly_global_ungated,2514,2021-06-04,2021-06-15,-0.0125508761771767,2021,2020-12-31,native_mse,20260911,-0.007020166164517651,,0,0
weekly_global_ungated,2519,2021-06-11,2021-06-21,-0.0250011497424577,2021,2020-12-31,native_mse,20260911,-0.008619872591947365,,0,0
weekly_global_ungated,2523,2021-06-18,2021-06-28,0.0325308711127356,2021,2020-12-31,native_mse,20260911,-0.008791375820448139,,0,1
weekly_global_ungated,2528,2021-06-25,2021-07-05,-0.0342297962734196,2021,2020-12-31,native_mse,20260911,-0.008045520831514462,,0,0
weekly_global_ungated,2533,2021-07-02,2021-07-12,0.0068193733271841,2021,2020-12-31,native_mse,20260911,-0.007174844548354277,,0,1
weekly_global_ungated,2538,2021-07-09,2021-07-19,-0.0048254045313779,2021,2020-12-31,native_mse,20260911,-0.015340492927170088,,0,0
weekly_global_ungated,2543,2021-07-16,2021-07-26,-0.0032299118953994,2021,2020-12-31,native_mse,20260911,-0.005208717730643443,,0,0
weekly_global_ungated,2548,2021-07-23,2021-08-02,-0.0537740931579083,2021,2020-12-31,native_mse,20260911,-0.005850917345567664,,0,0
weekly_global_ungated,2553,2021-07-30,2021-08-09,0.019904813945049,2021,2020-12-31,native_mse,20260911,-0.0028205260505218244,,0,1
weekly_global_ungated,2558,2021-08-06,2021-08-16,0.0093369268709639,2021,2020-12-31,native_mse,20260911,0.0007831311211854701,,1,1
weekly_global_ungated,2563,2021-08-13,2021-08-23,-0.032048736608373,2021,2020-12-31,native_mse,20260911,-0.0005906639308137641,,0,0
weekly_global_ungated,2568,2021-08-20,2021-08-30,0.0145047962107527,2021,2020-12-31,native_mse,20260911,-0.004641917146108556,,0,1
weekly_global_ungated,2573,2021-08-27,2021-09-06,-0.0012316820816045,2021,2020-12-31,native_mse,20260911,0.014579973106645959,,1,0
weekly_global_ungated,2578,2021-09-03,2021-09-13,0.0342301066295398,2021,2020-12-31,native_mse,20260911,0.008593989010996025,,1,1
weekly_global_ungated,2583,2021-09-10,2021-09-22,-0.0471441667981554,2021,2020-12-31,native_mse,20260911,0.008313547741757724,,1,0
weekly_global_ungated,2588,2021-09-17,2021-09-28,0.0209863060789441,2021,2020-12-31,native_mse,20260911,0.01165935650344279,,1,1
weekly_global_ungated,2591,2021-09-24,2021-10-11,0.0144615416200457,2021,2020-12-31,native_mse,20260911,0.005518532924551857,,1,1
weekly_global_ungated,2596,2021-10-08,2021-10-18,-0.0038006269617851,2021,2020-12-31,native_mse,20260911,0.012263523541426666,,1,0
weekly_global_ungated,2601,2021-10-15,2021-10-25,0.0037358989621147,2021,2020-12-31,native_mse,20260911,0.005744974739242532,,1,1
weekly_global_ungated,2606,2021-10-22,2021-11-01,-0.0127041632091318,2021,2020-12-31,native_mse,20260911,-0.002876912071818175,,0,0
weekly_global_ungated,2611,2021-10-29,2021-11-08,-0.0075807737801166,2021,2020-12-31,native_mse,20260911,0.007299876265916085,,1,0
weekly_global_ungated,2616,2021-11-05,2021-11-15,0.0110015182343039,2021,2020-12-31,native_mse,20260911,0.01509194783358179,,1,1
weekly_global_ungated,2621,2021-11-12,2021-11-22,0.0002002284238551,2021,2020-12-31,native_mse,20260911,0.015091062401740971,,1,1
weekly_global_ungated,2626,2021-11-19,2021-11-29,-0.0153981603100059,2021,2020-12-31,native_mse,20260911,0.0038828482450291406,,1,0
weekly_global_ungated,2631,2021-11-26,2021-12-06,0.0185518287306458,2021,2020-12-31,native_mse,20260911,0.012319022901115752,,1,1
weekly_global_ungated,2636,2021-12-03,2021-12-13,0.0367843110096284,2021,2020-12-31,native_mse,20260911,-0.0032795392457900994,,0,1
weekly_global_ungated,2641,2021-12-10,2021-12-20,-0.0304615698955996,2021,2020-12-31,native_mse,20260911,0.0011267436480836153,,1,0
weekly_global_ungated,2646,2021-12-17,2021-12-27,-0.0034083287233763,2021,2020-12-31,native_mse,20260911,0.009051863032613542,,1,0
weekly_global_ungated,2651,2021-12-24,2022-01-04,0.0080985736506613,2021,2020-12-31,native_mse,20260911,0.011692479032888078,,1,1
weekly_global_ungated,2656,2021-12-31,2022-01-10,-0.0293970528320001,2021,2020-12-31,native_mse,20260911,0.0061027978323025915,,1,0
weekly_global_ungated,2418,2021-01-08,2021-01-18,-0.0120052904669853,2021,2020-12-31,native_mse,20260912,0.001397497585867654,,1,0
weekly_global_ungated,2423,2021-01-15,2021-01-25,0.0231622460538123,2021,2020-12-31,native_mse,20260912,0.0006715229500529757,,1,1
weekly_global_ungated,2428,2021-01-22,2021-02-01,-0.0372511735907923,2021,2020-12-31,native_mse,20260912,0.0008989216255188498,,1,0
weekly_global_ungated,2433,2021-01-29,2021-02-08,0.0278689901714626,2021,2020-12-31,native_mse,20260912,0.0007959764416317159,,1,1
weekly_global_ungated,2438,2021-02-05,2021-02-22,0.0507379035040882,2021,2020-12-31,native_mse,20260912,0.0012803740659475327,,1,1
weekly_global_ungated,2443,2021-02-19,2021-03-01,-0.0684918010685315,2021,2020-12-31,native_mse,20260912,0.0009133829615551264,,1,0
weekly_global_ungated,2448,2021-02-26,2021-03-08,-0.0165997123904068,2021,2020-12-31,native_mse,20260912,0.0013704992420810927,,1,0
weekly_global_ungated,2453,2021-03-05,2021-03-15,-0.0346560901469681,2021,2020-12-31,native_mse,20260912,0.0008756814992302536,,1,0
weekly_global_ungated,2458,2021-03-12,2021-03-22,-0.0210550182560221,2021,2020-12-31,native_mse,20260912,0.0011757184818956695,,1,0
weekly_global_ungated,2463,2021-03-19,2021-03-29,0.0087572877565691,2021,2020-12-31,native_mse,20260912,0.0010792053864410744,,1,1
weekly_global_ungated,2468,2021-03-26,2021-04-06,0.0250145479448802,2021,2020-12-31,native_mse,20260912,0.0011499309968955886,,1,1
weekly_global_ungated,2473,2021-04-02,2021-04-12,-0.0292856811827044,2021,2020-12-31,native_mse,20260912,0.0010410156043567688,,1,0
weekly_global_ungated,2477,2021-04-09,2021-04-19,-0.0120489836840408,2021,2020-12-31,native_mse,20260912,0.0015346227958627386,,1,0
weekly_global_ungated,2482,2021-04-16,2021-04-26,0.0382932540809155,2021,2020-12-31,native_mse,20260912,0.001333459240383137,,1,1
weekly_global_ungated,2487,2021-04-23,2021-05-06,-0.0112070185917437,2021,2020-12-31,native_mse,20260912,0.0016691075435783544,,1,0
weekly_global_ungated,2492,2021-04-30,2021-05-12,-0.0190946889464188,2021,2020-12-31,native_mse,20260912,0.0008697905080337705,,1,0
weekly_global_ungated,2494,2021-05-07,2021-05-17,0.0227674429764228,2021,2020-12-31,native_mse,20260912,0.0011496090030479206,,1,1
weekly_global_ungated,2499,2021-05-14,2021-05-24,0.0045940519733895,2021,2020-12-31,native_mse,20260912,0.0010483063772099349,,1,1
weekly_global_ungated,2504,2021-05-21,2021-05-31,0.0348855085126711,2021,2020-12-31,native_mse,20260912,0.0011439525898009322,,1,1
weekly_global_ungated,2509,2021-05-28,2021-06-07,-0.0062409741861724,2021,2020-12-31,native_mse,20260912,0.0011525125328662067,,1,0
weekly_global_ungated,2514,2021-06-04,2021-06-15,-0.0125508761771767,2021,2020-12-31,native_mse,20260912,0.0007128828650729158,,1,0
weekly_global_ungated,2519,2021-06-11,2021-06-21,-0.0250011497424577,2021,2020-12-31,native_mse,20260912,0.0008407535701623152,,1,0
weekly_global_ungated,2523,2021-06-18,2021-06-28,0.0325308711127356,2021,2020-12-31,native_mse,20260912,0.0005295128002944305,,1,1
weekly_global_ungated,2528,2021-06-25,2021-07-05,-0.0342297962734196,2021,2020-12-31,native_mse,20260912,0.0004392776625445282,,1,0
weekly_global_ungated,2533,2021-07-02,2021-07-12,0.0068193733271841,2021,2020-12-31,native_mse,20260912,0.0008802423955353033,,1,1
weekly_global_ungated,2538,2021-07-09,2021-07-19,-0.0048254045313779,2021,2020-12-31,native_mse,20260912,0.001025036941487719,,1,0
weekly_global_ungated,2543,2021-07-16,2021-07-26,-0.0032299118953994,2021,2020-12-31,native_mse,20260912,0.0009848540154367372,,1,0
weekly_global_ungated,2548,2021-07-23,2021-08-02,-0.0537740931579083,2021,2020-12-31,native_mse,20260912,0.0010837390229232473,,1,0
weekly_global_ungated,2553,2021-07-30,2021-08-09,0.019904813945049,2021,2020-12-31,native_mse,20260912,0.0007753634039124927,,1,1
weekly_global_ungated,2558,2021-08-06,2021-08-16,0.0093369268709639,2021,2020-12-31,native_mse,20260912,0.0010686946751112278,,1,1
weekly_global_ungated,2563,2021-08-13,2021-08-23,-0.032048736608373,2021,2020-12-31,native_mse,20260912,0.0016819071064647707,,1,0
weekly_global_ungated,2568,2021-08-20,2021-08-30,0.0145047962107527,2021,2020-12-31,native_mse,20260912,0.0015674609930577542,,1,1
weekly_global_ungated,2573,2021-08-27,2021-09-06,-0.0012316820816045,2021,2020-12-31,native_mse,20260912,0.0015518786224257932,,1,0
weekly_global_ungated,2578,2021-09-03,2021-09-13,0.0342301066295398,2021,2020-12-31,native_mse,20260912,0.0015775578367383941,,1,1
weekly_global_ungated,2583,2021-09-10,2021-09-22,-0.0471441667981554,2021,2020-12-31,native_mse,20260912,0.00097730888589041,,1,0
weekly_global_ungated,2588,2021-09-17,2021-09-28,0.0209863060789441,2021,2020-12-31,native_mse,20260912,0.0010514539644274003,,1,1
weekly_global_ungated,2591,2021-09-24,2021-10-11,0.0144615416200457,2021,2020-12-31,native_mse,20260912,0.0009736007301348337,,1,1
weekly_global_ungated,2596,2021-10-08,2021-10-18,-0.0038006269617851,2021,2020-12-31,native_mse,20260912,0.0017059097904301645,,1,0
weekly_global_ungated,2601,2021-10-15,2021-10-25,0.0037358989621147,2021,2020-12-31,native_mse,20260912,0.0013112113818953192,,1,1
weekly_global_ungated,2606,2021-10-22,2021-11-01,-0.0127041632091318,2021,2020-12-31,native_mse,20260912,0.001166627382206441,,1,0
weekly_global_ungated,2611,2021-10-29,2021-11-08,-0.0075807737801166,2021,2020-12-31,native_mse,20260912,0.0010497018546840582,,1,0
weekly_global_ungated,2616,2021-11-05,2021-11-15,0.0110015182343039,2021,2020-12-31,native_mse,20260912,0.0009666279543883876,,1,1
weekly_global_ungated,2621,2021-11-12,2021-11-22,0.0002002284238551,2021,2020-12-31,native_mse,20260912,0.00100753152357648,,1,1
weekly_global_ungated,2626,2021-11-19,2021-11-29,-0.0153981603100059,2021,2020-12-31,native_mse,20260912,0.0011440904261233744,,1,0
weekly_global_ungated,2631,2021-11-26,2021-12-06,0.0185518287306458,2021,2020-12-31,native_mse,20260912,0.0008222023383696463,,1,1
weekly_global_ungated,2636,2021-12-03,2021-12-13,0.0367843110096284,2021,2020-12-31,native_mse,20260912,0.000663622110562264,,1,1
weekly_global_ungated,2641,2021-12-10,2021-12-20,-0.0304615698955996,2021,2020-12-31,native_mse,20260912,0.0012207854253852776,,1,0
weekly_global_ungated,2646,2021-12-17,2021-12-27,-0.0034083287233763,2021,2020-12-31,native_mse,20260912,0.0012339786672550855,,1,0
weekly_global_ungated,2651,2021-12-24,2022-01-04,0.0080985736506613,2021,2020-12-31,native_mse,20260912,0.0010451229218044734,,1,1
weekly_global_ungated,2656,2021-12-31,2022-01-10,-0.0293970528320001,2021,2020-12-31,native_mse,20260912,0.001214204791414166,,1,0
weekly_global_ungated,2660,2022-01-07,2022-01-17,-0.0173453887283024,2022,2021-12-31,native_mse,20260910,-0.0034182510339292468,,0,0
weekly_global_ungated,2665,2022-01-14,2022-01-24,0.0053248631776616,2022,2021-12-31,native_mse,20260910,0.004761167720503064,,1,1
weekly_global_ungated,2670,2022-01-21,2022-02-07,-0.0242661876254222,2022,2021-12-31,native_mse,20260910,0.013137367547165641,,1,0
weekly_global_ungated,2675,2022-01-28,2022-02-14,-0.0127539031341488,2022,2021-12-31,native_mse,20260910,0.010886081661597602,,1,0
weekly_global_ungated,2680,2022-02-11,2022-02-21,0.0145498774954033,2022,2021-12-31,native_mse,20260910,0.008879219089809445,,1,1
weekly_global_ungated,2685,2022-02-18,2022-02-28,-0.0177161244498015,2022,2021-12-31,native_mse,20260910,0.009476567447344621,,1,0
weekly_global_ungated,2690,2022-02-25,2022-03-07,-0.0221791776043331,2022,2021-12-31,native_mse,20260910,0.01051598647298397,,1,0
weekly_global_ungated,2695,2022-03-04,2022-03-14,-0.0480378799422749,2022,2021-12-31,native_mse,20260910,0.007053677912636015,,1,0
weekly_global_ungated,2700,2022-03-11,2022-03-21,0.007530336734814,2022,2021-12-31,native_mse,20260910,0.010804442451387935,,1,1
weekly_global_ungated,2705,2022-03-18,2022-03-28,-0.0353493110038457,2022,2021-12-31,native_mse,20260910,0.0072982657258971444,,1,0
weekly_global_ungated,2710,2022-03-25,2022-04-06,0.0314834190717003,2022,2021-12-31,native_mse,20260910,0.007546796616275884,,1,1
weekly_global_ungated,2715,2022-04-01,2022-04-12,-0.0129237372705649,2022,2021-12-31,native_mse,20260910,0.006781430452769677,,1,0
weekly_global_ungated,2718,2022-04-08,2022-04-18,-0.0120986062576864,2022,2021-12-31,native_mse,20260910,0.00652895075643567,,1,0
weekly_global_ungated,2723,2022-04-15,2022-04-25,-0.0528494340140576,2022,2021-12-31,native_mse,20260910,0.006385447465197085,,1,0
weekly_global_ungated,2728,2022-04-22,2022-05-05,0.015736821365468,2022,2021-12-31,native_mse,20260910,0.005099274511858865,,1,1
weekly_global_ungated,2733,2022-04-29,2022-05-11,-0.0278824133054675,2022,2021-12-31,native_mse,20260910,0.004344044298975658,,1,0
weekly_global_ungated,2735,2022-05-06,2022-05-16,0.033741423035827,2022,2021-12-31,native_mse,20260910,0.0035518248227642247,,1,1
weekly_global_ungated,2740,2022-05-13,2022-05-23,0.0164308841843088,2022,2021-12-31,native_mse,20260910,0.002890441768532801,,1,1
weekly_global_ungated,2745,2022-05-20,2022-05-30,-0.0147293413085614,2022,2021-12-31,native_mse,20260910,0.002556802191789734,,1,0
weekly_global_ungated,2750,2022-05-27,2022-06-13,0.0431748431927498,2022,2021-12-31,native_mse,20260910,-0.006714076298392413,,0,1
weekly_global_ungated,2759,2022-06-10,2022-06-20,0.0306046547112142,2022,2021-12-31,native_mse,20260910,-0.0017160693271902699,,0,1
weekly_global_ungated,2764,2022-06-17,2022-06-27,0.0211666894141107,2022,2021-12-31,native_mse,20260910,-0.005554400786314341,,0,1
weekly_global_ungated,2769,2022-06-24,2022-07-04,0.0074507343130214,2022,2021-12-31,native_mse,20260910,-0.006611900023593844,,0,1
weekly_global_ungated,2774,2022-07-01,2022-07-11,-0.0092349827532707,2022,2021-12-31,native_mse,20260910,-0.001849659274069034,,0,0
weekly_global_ungated,2779,2022-07-08,2022-07-18,-0.0326815927737367,2022,2021-12-31,native_mse,20260910,-0.0036295526636022737,,0,0
weekly_global_ungated,2784,2022-07-15,2022-07-25,-0.0066210715249344,2022,2021-12-31,native_mse,20260910,-0.00726704662423343,,0,0
weekly_global_ungated,2789,2022-07-22,2022-08-01,-0.0173077967751003,2022,2021-12-31,native_mse,20260910,-0.005304375487712945,,0,0
weekly_global_ungated,2794,2022-07-29,2022-08-08,-0.004456034513838,2022,2021-12-31,native_mse,20260910,0.012166125781651363,,1,0
weekly_global_ungated,2799,2022-08-05,2022-08-15,0.0091475117753996,2022,2021-12-31,native_mse,20260910,0.004077391662883762,,1,1
weekly_global_ungated,2804,2022-08-12,2022-08-22,-0.0107272727272728,2022,2021-12-31,native_mse,20260910,0.0035826870942200968,,1,0
weekly_global_ungated,2809,2022-08-19,2022-08-29,-0.0172375434082356,2022,2021-12-31,native_mse,20260910,0.012796192349441387,,1,0
weekly_global_ungated,2814,2022-08-26,2022-09-05,-0.0131573766941938,2022,2021-12-31,native_mse,20260910,0.0045980644388349074,,1,0
weekly_global_ungated,2819,2022-09-02,2022-09-13,0.0253340680878015,2022,2021-12-31,native_mse,20260910,0.0016393163861851791,,1,1
weekly_global_ungated,2824,2022-09-09,2022-09-19,-0.044647264962877,2022,2021-12-31,native_mse,20260910,0.011024491197755238,,1,0
weekly_global_ungated,2828,2022-09-16,2022-09-26,-0.025155151434928,2022,2021-12-31,native_mse,20260910,0.0006249539921165778,,1,0
weekly_global_ungated,2833,2022-09-23,2022-10-10,-0.0060162941299352,2022,2021-12-31,native_mse,20260910,0.00941379002591237,,1,0
weekly_global_ungated,2838,2022-09-30,2022-10-17,0.0041192047412885,2022,2021-12-31,native_mse,20260910,-0.003455449604433236,,0,1
weekly_global_ungated,2843,2022-10-14,2022-10-24,-0.0246766294110258,2022,2021-12-31,native_mse,20260910,0.004982119577206458,,1,0
weekly_global_ungated,2848,2022-10-21,2022-10-31,-0.059928861134359,2022,2021-12-31,native_mse,20260910,0.004400428951388619,,1,0
weekly_global_ungated,2853,2022-10-28,2022-11-07,0.071339502526744,2022,2021-12-31,native_mse,20260910,-0.004533662272660886,,0,1
weekly_global_ungated,2858,2022-11-04,2022-11-14,0.0169449090696014,2022,2021-12-31,native_mse,20260910,0.009145763900992613,,1,1
weekly_global_ungated,2863,2022-11-11,2022-11-21,-0.0127051391515239,2022,2021-12-31,native_mse,20260910,0.005105981957746508,,1,0
weekly_global_ungated,2868,2022-11-18,2022-11-28,-0.0179672806084416,2022,2021-12-31,native_mse,20260910,0.004390010241707061,,1,0
weekly_global_ungated,2873,2022-11-25,2022-12-05,0.0555768659337096,2022,2021-12-31,native_mse,20260910,-0.0021694749097981593,,0,1
weekly_global_ungated,2878,2022-12-02,2022-12-12,0.0175374394775362,2022,2021-12-31,native_mse,20260910,-0.008963509314181651,,0,1
weekly_global_ungated,2883,2022-12-09,2022-12-19,-0.0058850602464181,2022,2021-12-31,native_mse,20260910,-0.008742160121666592,,0,0
weekly_global_ungated,2888,2022-12-16,2022-12-26,-0.0309150292073658,2022,2021-12-31,native_mse,20260910,0.00021070675399415396,,1,0
weekly_global_ungated,2893,2022-12-23,2023-01-03,0.0089464492229616,2022,2021-12-31,native_mse,20260910,-0.006931659189351796,,0,1
weekly_global_ungated,2898,2022-12-30,2023-01-09,0.0345913414268119,2022,2021-12-31,native_mse,20260910,-0.004005139352311209,,0,1
weekly_global_ungated,2660,2022-01-07,2022-01-17,-0.0173453887283024,2022,2021-12-31,training_frequency,-1,0.5458298926507019,0.5458298926507019,1,0
weekly_global_ungated,2665,2022-01-14,2022-01-24,0.0053248631776616,2022,2021-12-31,training_frequency,-1,0.5458298926507019,0.5458298926507019,1,1
weekly_global_ungated,2670,2022-01-21,2022-02-07,-0.0242661876254222,2022,2021-12-31,training_frequency,-1,0.5458298926507019,0.5458298926507019,1,0
weekly_global_ungated,2675,2022-01-28,2022-02-14,-0.0127539031341488,2022,2021-12-31,training_frequency,-1,0.5458298926507019,0.5458298926507019,1,0
weekly_global_ungated,2680,2022-02-11,2022-02-21,0.0145498774954033,2022,2021-12-31,training_frequency,-1,0.5458298926507019,0.5458298926507019,1,1
weekly_global_ungated,2685,2022-02-18,2022-02-28,-0.0177161244498015,2022,2021-12-31,training_frequency,-1,0.5458298926507019,0.5458298926507019,1,0
weekly_global_ungated,2690,2022-02-25,2022-03-07,-0.0221791776043331,2022,2021-12-31,training_frequency,-1,0.5458298926507019,0.5458298926507019,1,0
weekly_global_ungated,2695,2022-03-04,2022-03-14,-0.0480378799422749,2022,2021-12-31,training_frequency,-1,0.5458298926507019,0.5458298926507019,1,0
weekly_global_ungated,2700,2022-03-11,2022-03-21,0.007530336734814,2022,2021-12-31,training_frequency,-1,0.5458298926507019,0.5458298926507019,1,1
weekly_global_ungated,2705,2022-03-18,2022-03-28,-0.0353493110038457,2022,2021-12-31,training_frequency,-1,0.5458298926507019,0.5458298926507019,1,0
weekly_global_ungated,2710,2022-03-25,2022-04-06,0.0314834190717003,2022,2021-12-31,training_frequency,-1,0.5458298926507019,0.5458298926507019,1,1
weekly_global_ungated,2715,2022-04-01,2022-04-12,-0.0129237372705649,2022,2021-12-31,training_frequency,-1,0.5458298926507019,0.5458298926507019,1,0
weekly_global_ungated,2718,2022-04-08,2022-04-18,-0.0120986062576864,2022,2021-12-31,training_frequency,-1,0.5458298926507019,0.5458298926507019,1,0
weekly_global_ungated,2723,2022-04-15,2022-04-25,-0.0528494340140576,2022,2021-12-31,training_frequency,-1,0.5458298926507019,0.5458298926507019,1,0
weekly_global_ungated,2728,2022-04-22,2022-05-05,0.015736821365468,2022,2021-12-31,training_frequency,-1,0.5458298926507019,0.5458298926507019,1,1
weekly_global_ungated,2733,2022-04-29,2022-05-11,-0.0278824133054675,2022,2021-12-31,training_frequency,-1,0.5458298926507019,0.5458298926507019,1,0
weekly_global_ungated,2735,2022-05-06,2022-05-16,0.033741423035827,2022,2021-12-31,training_frequency,-1,0.5458298926507019,0.5458298926507019,1,1
weekly_global_ungated,2740,2022-05-13,2022-05-23,0.0164308841843088,2022,2021-12-31,training_frequency,-1,0.5458298926507019,0.5458298926507019,1,1
weekly_global_ungated,2745,2022-05-20,2022-05-30,-0.0147293413085614,2022,2021-12-31,training_frequency,-1,0.5458298926507019,0.5458298926507019,1,0
weekly_global_ungated,2750,2022-05-27,2022-06-13,0.0431748431927498,2022,2021-12-31,training_frequency,-1,0.5458298926507019,0.5458298926507019,1,1
weekly_global_ungated,2759,2022-06-10,2022-06-20,0.0306046547112142,2022,2021-12-31,training_frequency,-1,0.5458298926507019,0.5458298926507019,1,1
weekly_global_ungated,2764,2022-06-17,2022-06-27,0.0211666894141107,2022,2021-12-31,training_frequency,-1,0.5458298926507019,0.5458298926507019,1,1
weekly_global_ungated,2769,2022-06-24,2022-07-04,0.0074507343130214,2022,2021-12-31,training_frequency,-1,0.5458298926507019,0.5458298926507019,1,1
weekly_global_ungated,2774,2022-07-01,2022-07-11,-0.0092349827532707,2022,2021-12-31,training_frequency,-1,0.5458298926507019,0.5458298926507019,1,0
weekly_global_ungated,2779,2022-07-08,2022-07-18,-0.0326815927737367,2022,2021-12-31,training_frequency,-1,0.5458298926507019,0.5458298926507019,1,0
weekly_global_ungated,2784,2022-07-15,2022-07-25,-0.0066210715249344,2022,2021-12-31,training_frequency,-1,0.5458298926507019,0.5458298926507019,1,0
weekly_global_ungated,2789,2022-07-22,2022-08-01,-0.0173077967751003,2022,2021-12-31,training_frequency,-1,0.5458298926507019,0.5458298926507019,1,0
weekly_global_ungated,2794,2022-07-29,2022-08-08,-0.004456034513838,2022,2021-12-31,training_frequency,-1,0.5458298926507019,0.5458298926507019,1,0
weekly_global_ungated,2799,2022-08-05,2022-08-15,0.0091475117753996,2022,2021-12-31,training_frequency,-1,0.5458298926507019,0.5458298926507019,1,1
weekly_global_ungated,2804,2022-08-12,2022-08-22,-0.0107272727272728,2022,2021-12-31,training_frequency,-1,0.5458298926507019,0.5458298926507019,1,0
weekly_global_ungated,2809,2022-08-19,2022-08-29,-0.0172375434082356,2022,2021-12-31,training_frequency,-1,0.5458298926507019,0.5458298926507019,1,0
weekly_global_ungated,2814,2022-08-26,2022-09-05,-0.0131573766941938,2022,2021-12-31,training_frequency,-1,0.5458298926507019,0.5458298926507019,1,0
weekly_global_ungated,2819,2022-09-02,2022-09-13,0.0253340680878015,2022,2021-12-31,training_frequency,-1,0.5458298926507019,0.5458298926507019,1,1
weekly_global_ungated,2824,2022-09-09,2022-09-19,-0.044647264962877,2022,2021-12-31,training_frequency,-1,0.5458298926507019,0.5458298926507019,1,0
weekly_global_ungated,2828,2022-09-16,2022-09-26,-0.025155151434928,2022,2021-12-31,training_frequency,-1,0.5458298926507019,0.5458298926507019,1,0
weekly_global_ungated,2833,2022-09-23,2022-10-10,-0.0060162941299352,2022,2021-12-31,training_frequency,-1,0.5458298926507019,0.5458298926507019,1,0
weekly_global_ungated,2838,2022-09-30,2022-10-17,0.0041192047412885,2022,2021-12-31,training_frequency,-1,0.5458298926507019,0.5458298926507019,1,1
weekly_global_ungated,2843,2022-10-14,2022-10-24,-0.0246766294110258,2022,2021-12-31,training_frequency,-1,0.5458298926507019,0.5458298926507019,1,0
weekly_global_ungated,2848,2022-10-21,2022-10-31,-0.059928861134359,2022,2021-12-31,training_frequency,-1,0.5458298926507019,0.5458298926507019,1,0
weekly_global_ungated,2853,2022-10-28,2022-11-07,0.071339502526744,2022,2021-12-31,training_frequency,-1,0.5458298926507019,0.5458298926507019,1,1
weekly_global_ungated,2858,2022-11-04,2022-11-14,0.0169449090696014,2022,2021-12-31,training_frequency,-1,0.5458298926507019,0.5458298926507019,1,1
weekly_global_ungated,2863,2022-11-11,2022-11-21,-0.0127051391515239,2022,2021-12-31,training_frequency,-1,0.5458298926507019,0.5458298926507019,1,0
weekly_global_ungated,2868,2022-11-18,2022-11-28,-0.0179672806084416,2022,2021-12-31,training_frequency,-1,0.5458298926507019,0.5458298926507019,1,0
weekly_global_ungated,2873,2022-11-25,2022-12-05,0.0555768659337096,2022,2021-12-31,training_frequency,-1,0.5458298926507019,0.5458298926507019,1,1
weekly_global_ungated,2878,2022-12-02,2022-12-12,0.0175374394775362,2022,2021-12-31,training_frequency,-1,0.5458298926507019,0.5458298926507019,1,1
weekly_global_ungated,2883,2022-12-09,2022-12-19,-0.0058850602464181,2022,2021-12-31,training_frequency,-1,0.5458298926507019,0.5458298926507019,1,0
weekly_global_ungated,2888,2022-12-16,2022-12-26,-0.0309150292073658,2022,2021-12-31,training_frequency,-1,0.5458298926507019,0.5458298926507019,1,0
weekly_global_ungated,2893,2022-12-23,2023-01-03,0.0089464492229616,2022,2021-12-31,training_frequency,-1,0.5458298926507019,0.5458298926507019,1,1
weekly_global_ungated,2898,2022-12-30,2023-01-09,0.0345913414268119,2022,2021-12-31,training_frequency,-1,0.5458298926507019,0.5458298926507019,1,1
weekly_global_ungated,2660,2022-01-07,2022-01-17,-0.0173453887283024,2022,2021-12-31,native_mse,20260911,0.007330315708159769,,1,0
weekly_global_ungated,2665,2022-01-14,2022-01-24,0.0053248631776616,2022,2021-12-31,native_mse,20260911,0.015471274729398543,,1,1
weekly_global_ungated,2670,2022-01-21,2022-02-07,-0.0242661876254222,2022,2021-12-31,native_mse,20260911,0.009873111042602054,,1,0
weekly_global_ungated,2675,2022-01-28,2022-02-14,-0.0127539031341488,2022,2021-12-31,native_mse,20260911,0.0025503118790792955,,1,0
weekly_global_ungated,2680,2022-02-11,2022-02-21,0.0145498774954033,2022,2021-12-31,native_mse,20260911,0.0063949393307865515,,1,1
weekly_global_ungated,2685,2022-02-18,2022-02-28,-0.0177161244498015,2022,2021-12-31,native_mse,20260911,0.004306186298337274,,1,0
weekly_global_ungated,2690,2022-02-25,2022-03-07,-0.0221791776043331,2022,2021-12-31,native_mse,20260911,0.00884306439536679,,1,0
weekly_global_ungated,2695,2022-03-04,2022-03-14,-0.0480378799422749,2022,2021-12-31,native_mse,20260911,0.008878575004775912,,1,0
weekly_global_ungated,2700,2022-03-11,2022-03-21,0.007530336734814,2022,2021-12-31,native_mse,20260911,0.008804997087552644,,1,1
weekly_global_ungated,2705,2022-03-18,2022-03-28,-0.0353493110038457,2022,2021-12-31,native_mse,20260911,0.0029149751065889705,,1,0
weekly_global_ungated,2710,2022-03-25,2022-04-06,0.0314834190717003,2022,2021-12-31,native_mse,20260911,0.009608904415587632,,1,1
weekly_global_ungated,2715,2022-04-01,2022-04-12,-0.0129237372705649,2022,2021-12-31,native_mse,20260911,0.013290024702572031,,1,0
weekly_global_ungated,2718,2022-04-08,2022-04-18,-0.0120986062576864,2022,2021-12-31,native_mse,20260911,0.0032429576095984285,,1,0
weekly_global_ungated,2723,2022-04-15,2022-04-25,-0.0528494340140576,2022,2021-12-31,native_mse,20260911,0.016983479995433693,,1,0
weekly_global_ungated,2728,2022-04-22,2022-05-05,0.015736821365468,2022,2021-12-31,native_mse,20260911,0.011987542362233185,,1,1
weekly_global_ungated,2733,2022-04-29,2022-05-11,-0.0278824133054675,2022,2021-12-31,native_mse,20260911,0.0046606294840712235,,1,0
weekly_global_ungated,2735,2022-05-06,2022-05-16,0.033741423035827,2022,2021-12-31,native_mse,20260911,-0.002196005566182584,,0,1
weekly_global_ungated,2740,2022-05-13,2022-05-23,0.0164308841843088,2022,2021-12-31,native_mse,20260911,0.0038854901281264037,,1,1
weekly_global_ungated,2745,2022-05-20,2022-05-30,-0.0147293413085614,2022,2021-12-31,native_mse,20260911,0.005767086549547615,,1,0
weekly_global_ungated,2750,2022-05-27,2022-06-13,0.0431748431927498,2022,2021-12-31,native_mse,20260911,0.001263767062796844,,1,1
weekly_global_ungated,2759,2022-06-10,2022-06-20,0.0306046547112142,2022,2021-12-31,native_mse,20260911,-0.0024637080117748144,,0,1
weekly_global_ungated,2764,2022-06-17,2022-06-27,0.0211666894141107,2022,2021-12-31,native_mse,20260911,-0.0034192691302211337,,0,1
weekly_global_ungated,2769,2022-06-24,2022-07-04,0.0074507343130214,2022,2021-12-31,native_mse,20260911,0.0007173637240202417,,1,1
weekly_global_ungated,2774,2022-07-01,2022-07-11,-0.0092349827532707,2022,2021-12-31,native_mse,20260911,0.00019356382111467723,,1,0
weekly_global_ungated,2779,2022-07-08,2022-07-18,-0.0326815927737367,2022,2021-12-31,native_mse,20260911,-0.002705313965036355,,0,0
weekly_global_ungated,2784,2022-07-15,2022-07-25,-0.0066210715249344,2022,2021-12-31,native_mse,20260911,-0.01432584048846508,,0,0
weekly_global_ungated,2789,2022-07-22,2022-08-01,-0.0173077967751003,2022,2021-12-31,native_mse,20260911,-0.01380965748442494,,0,0
weekly_global_ungated,2794,2022-07-29,2022-08-08,-0.004456034513838,2022,2021-12-31,native_mse,20260911,-0.0005052222003642227,,0,0
weekly_global_ungated,2799,2022-08-05,2022-08-15,0.0091475117753996,2022,2021-12-31,native_mse,20260911,0.011525493600414192,,1,1
weekly_global_ungated,2804,2022-08-12,2022-08-22,-0.0107272727272728,2022,2021-12-31,native_mse,20260911,0.011216024245490553,,1,0
weekly_global_ungated,2809,2022-08-19,2022-08-29,-0.0172375434082356,2022,2021-12-31,native_mse,20260911,0.011754323018096325,,1,0
weekly_global_ungated,2814,2022-08-26,2022-09-05,-0.0131573766941938,2022,2021-12-31,native_mse,20260911,0.015594603509631271,,1,0
weekly_global_ungated,2819,2022-09-02,2022-09-13,0.0253340680878015,2022,2021-12-31,native_mse,20260911,0.010900596081000016,,1,1
weekly_global_ungated,2824,2022-09-09,2022-09-19,-0.044647264962877,2022,2021-12-31,native_mse,20260911,0.009845699372826781,,1,0
weekly_global_ungated,2828,2022-09-16,2022-09-26,-0.025155151434928,2022,2021-12-31,native_mse,20260911,0.008491582609497948,,1,0
weekly_global_ungated,2833,2022-09-23,2022-10-10,-0.0060162941299352,2022,2021-12-31,native_mse,20260911,0.016496050845990925,,1,0
weekly_global_ungated,2838,2022-09-30,2022-10-17,0.0041192047412885,2022,2021-12-31,native_mse,20260911,0.0066528810646222045,,1,1
weekly_global_ungated,2843,2022-10-14,2022-10-24,-0.0246766294110258,2022,2021-12-31,native_mse,20260911,0.007009044538463505,,1,0
weekly_global_ungated,2848,2022-10-21,2022-10-31,-0.059928861134359,2022,2021-12-31,native_mse,20260911,0.010852556503638734,,1,0
weekly_global_ungated,2853,2022-10-28,2022-11-07,0.071339502526744,2022,2021-12-31,native_mse,20260911,0.006842543646863063,,1,1
weekly_global_ungated,2858,2022-11-04,2022-11-14,0.0169449090696014,2022,2021-12-31,native_mse,20260911,-0.008549410923537592,,0,1
weekly_global_ungated,2863,2022-11-11,2022-11-21,-0.0127051391515239,2022,2021-12-31,native_mse,20260911,-0.005215109557773304,,0,0
weekly_global_ungated,2868,2022-11-18,2022-11-28,-0.0179672806084416,2022,2021-12-31,native_mse,20260911,-0.010307087880643545,,0,0
weekly_global_ungated,2873,2022-11-25,2022-12-05,0.0555768659337096,2022,2021-12-31,native_mse,20260911,0.0013951717650121252,,1,1
weekly_global_ungated,2878,2022-12-02,2022-12-12,0.0175374394775362,2022,2021-12-31,native_mse,20260911,0.009832549235191711,,1,1
weekly_global_ungated,2883,2022-12-09,2022-12-19,-0.0058850602464181,2022,2021-12-31,native_mse,20260911,0.003809464155812216,,1,0
weekly_global_ungated,2888,2022-12-16,2022-12-26,-0.0309150292073658,2022,2021-12-31,native_mse,20260911,-0.00026475301217457076,,0,0
weekly_global_ungated,2893,2022-12-23,2023-01-03,0.0089464492229616,2022,2021-12-31,native_mse,20260911,0.0011212783896272817,,1,1
weekly_global_ungated,2898,2022-12-30,2023-01-09,0.0345913414268119,2022,2021-12-31,native_mse,20260911,-0.013209134532423342,,0,1
weekly_global_ungated,2660,2022-01-07,2022-01-17,-0.0173453887283024,2022,2021-12-31,native_mse,20260912,0.001814179283598589,,1,0
weekly_global_ungated,2665,2022-01-14,2022-01-24,0.0053248631776616,2022,2021-12-31,native_mse,20260912,0.0008133505012356114,,1,1
weekly_global_ungated,2670,2022-01-21,2022-02-07,-0.0242661876254222,2022,2021-12-31,native_mse,20260912,0.003394922189452561,,1,0
weekly_global_ungated,2675,2022-01-28,2022-02-14,-0.0127539031341488,2022,2021-12-31,native_mse,20260912,0.001858669558311765,,1,0
weekly_global_ungated,2680,2022-02-11,2022-02-21,0.0145498774954033,2022,2021-12-31,native_mse,20260912,0.003479305001395758,,1,1
weekly_global_ungated,2685,2022-02-18,2022-02-28,-0.0177161244498015,2022,2021-12-31,native_mse,20260912,0.00484344917433416,,1,0
weekly_global_ungated,2690,2022-02-25,2022-03-07,-0.0221791776043331,2022,2021-12-31,native_mse,20260912,0.004930593592929232,,1,0
weekly_global_ungated,2695,2022-03-04,2022-03-14,-0.0480378799422749,2022,2021-12-31,native_mse,20260912,0.004780982951547397,,1,0
weekly_global_ungated,2700,2022-03-11,2022-03-21,0.007530336734814,2022,2021-12-31,native_mse,20260912,0.004193854635787947,,1,1
weekly_global_ungated,2705,2022-03-18,2022-03-28,-0.0353493110038457,2022,2021-12-31,native_mse,20260912,0.004396502651581285,,1,0
weekly_global_ungated,2710,2022-03-25,2022-04-06,0.0314834190717003,2022,2021-12-31,native_mse,20260912,0.0036897334948297125,,1,1
weekly_global_ungated,2715,2022-04-01,2022-04-12,-0.0129237372705649,2022,2021-12-31,native_mse,20260912,0.003704448832752752,,1,0
weekly_global_ungated,2718,2022-04-08,2022-04-18,-0.0120986062576864,2022,2021-12-31,native_mse,20260912,0.0033120503584409514,,1,0
weekly_global_ungated,2723,2022-04-15,2022-04-25,-0.0528494340140576,2022,2021-12-31,native_mse,20260912,0.0030085181253416615,,1,0
weekly_global_ungated,2728,2022-04-22,2022-05-05,0.015736821365468,2022,2021-12-31,native_mse,20260912,0.0026567146550084044,,1,1
weekly_global_ungated,2733,2022-04-29,2022-05-11,-0.0278824133054675,2022,2021-12-31,native_mse,20260912,0.0018367479372410052,,1,0
weekly_global_ungated,2735,2022-05-06,2022-05-16,0.033741423035827,2022,2021-12-31,native_mse,20260912,0.0020912186604119124,,1,1
weekly_global_ungated,2740,2022-05-13,2022-05-23,0.0164308841843088,2022,2021-12-31,native_mse,20260912,0.0018493178254621319,,1,1
weekly_global_ungated,2745,2022-05-20,2022-05-30,-0.0147293413085614,2022,2021-12-31,native_mse,20260912,0.0016372108848958446,,1,0
weekly_global_ungated,2750,2022-05-27,2022-06-13,0.0431748431927498,2022,2021-12-31,native_mse,20260912,0.0012702553294938346,,1,1
weekly_global_ungated,2759,2022-06-10,2022-06-20,0.0306046547112142,2022,2021-12-31,native_mse,20260912,-0.00018870985334741705,,0,1
weekly_global_ungated,2764,2022-06-17,2022-06-27,0.0211666894141107,2022,2021-12-31,native_mse,20260912,-0.0009698518035469311,,0,1
weekly_global_ungated,2769,2022-06-24,2022-07-04,0.0074507343130214,2022,2021-12-31,native_mse,20260912,-0.00016157705520515077,,0,1
weekly_global_ungated,2774,2022-07-01,2022-07-11,-0.0092349827532707,2022,2021-12-31,native_mse,20260912,0.00012114906253678204,,1,0
weekly_global_ungated,2779,2022-07-08,2022-07-18,-0.0326815927737367,2022,2021-12-31,native_mse,20260912,0.0009385572149118832,,1,0
weekly_global_ungated,2784,2022-07-15,2022-07-25,-0.0066210715249344,2022,2021-12-31,native_mse,20260912,0.0008465033870475552,,1,0
weekly_global_ungated,2789,2022-07-22,2022-08-01,-0.0173077967751003,2022,2021-12-31,native_mse,20260912,0.001749105544547778,,1,0
weekly_global_ungated,2794,2022-07-29,2022-08-08,-0.004456034513838,2022,2021-12-31,native_mse,20260912,0.0022855909610094674,,1,0
weekly_global_ungated,2799,2022-08-05,2022-08-15,0.0091475117753996,2022,2021-12-31,native_mse,20260912,0.0023275813973101045,,1,1
weekly_global_ungated,2804,2022-08-12,2022-08-22,-0.0107272727272728,2022,2021-12-31,native_mse,20260912,0.00116828161002665,,1,0
weekly_global_ungated,2809,2022-08-19,2022-08-29,-0.0172375434082356,2022,2021-12-31,native_mse,20260912,0.002641518401624336,,1,0
weekly_global_ungated,2814,2022-08-26,2022-09-05,-0.0131573766941938,2022,2021-12-31,native_mse,20260912,0.00258122146459616,,1,0
weekly_global_ungated,2819,2022-09-02,2022-09-13,0.0253340680878015,2022,2021-12-31,native_mse,20260912,0.003426320209529877,,1,1
weekly_global_ungated,2824,2022-09-09,2022-09-19,-0.044647264962877,2022,2021-12-31,native_mse,20260912,0.004071954177543495,,1,0
weekly_global_ungated,2828,2022-09-16,2022-09-26,-0.025155151434928,2022,2021-12-31,native_mse,20260912,0.004321372628556118,,1,0
weekly_global_ungated,2833,2022-09-23,2022-10-10,-0.0060162941299352,2022,2021-12-31,native_mse,20260912,0.0034216908995016978,,1,0
weekly_global_ungated,2838,2022-09-30,2022-10-17,0.0041192047412885,2022,2021-12-31,native_mse,20260912,0.003515450079575204,,1,1
weekly_global_ungated,2843,2022-10-14,2022-10-24,-0.0246766294110258,2022,2021-12-31,native_mse,20260912,0.002607809358206801,,1,0
weekly_global_ungated,2848,2022-10-21,2022-10-31,-0.059928861134359,2022,2021-12-31,native_mse,20260912,0.003699251753992663,,1,0
weekly_global_ungated,2853,2022-10-28,2022-11-07,0.071339502526744,2022,2021-12-31,native_mse,20260912,0.0018115173178016464,,1,1
weekly_global_ungated,2858,2022-11-04,2022-11-14,0.0169449090696014,2022,2021-12-31,native_mse,20260912,0.0023418219066621243,,1,1
weekly_global_ungated,2863,2022-11-11,2022-11-21,-0.0127051391515239,2022,2021-12-31,native_mse,20260912,0.0018573604038192703,,1,0
weekly_global_ungated,2868,2022-11-18,2022-11-28,-0.0179672806084416,2022,2021-12-31,native_mse,20260912,0.0016249204309614228,,1,0
weekly_global_ungated,2873,2022-11-25,2022-12-05,0.0555768659337096,2022,2021-12-31,native_mse,20260912,0.0016075771422150188,,1,1
weekly_global_ungated,2878,2022-12-02,2022-12-12,0.0175374394775362,2022,2021-12-31,native_mse,20260912,0.0015010231403169106,,1,1
weekly_global_ungated,2883,2022-12-09,2022-12-19,-0.0058850602464181,2022,2021-12-31,native_mse,20260912,0.001187317105345827,,1,0
weekly_global_ungated,2888,2022-12-16,2022-12-26,-0.0309150292073658,2022,2021-12-31,native_mse,20260912,0.0019485697779955545,,1,0
weekly_global_ungated,2893,2022-12-23,2023-01-03,0.0089464492229616,2022,2021-12-31,native_mse,20260912,0.0001928217320369698,,1,1
weekly_global_ungated,2898,2022-12-30,2023-01-09,0.0345913414268119,2022,2021-12-31,native_mse,20260912,0.00047968928790032895,,1,1
weekly_global_ungated,2902,2023-01-06,2023-01-16,0.0198447929614133,2023,2022-12-31,native_mse,20260910,-0.0025267983391307767,,0,1
weekly_global_ungated,2907,2023-01-13,2023-01-30,0.0465290788350809,2023,2022-12-31,native_mse,20260910,-0.0004635399148201708,,0,1
weekly_global_ungated,2912,2023-01-20,2023-02-06,-0.0383797057844887,2023,2022-12-31,native_mse,20260910,7.519190422555292e-05,,1,0
weekly_global_ungated,2917,2023-02-03,2023-02-13,-0.0012061903149008,2023,2022-12-31,native_mse,20260910,0.0016271329266920357,,1,0
weekly_global_ungated,2922,2023-02-10,2023-02-20,-0.0143746584432821,2023,2022-12-31,native_mse,20260910,-0.0011564163814400644,,0,0
weekly_global_ungated,2927,2023-02-17,2023-02-27,0.0001237636016198,2023,2022-12-31,native_mse,20260910,-0.0016426518503498255,,0,1
weekly_global_ungated,2932,2023-02-24,2023-03-06,0.0224454641303217,2023,2022-12-31,native_mse,20260910,0.0015810555880606469,,1,1
weekly_global_ungated,2937,2023-03-03,2023-03-13,-0.0407900947678007,2023,2022-12-31,native_mse,20260910,0.0007073892257839969,,1,0
weekly_global_ungated,2942,2023-03-10,2023-03-20,5.0471402903706775e-06,2023,2022-12-31,native_mse,20260910,-0.0001794060398361263,,0,1
weekly_global_ungated,2947,2023-03-17,2023-03-27,0.015302852124583,2023,2022-12-31,native_mse,20260910,-0.0018976163672993884,,0,1
weekly_global_ungated,2952,2023-03-24,2023-04-03,0.0090274153058433,2023,2022-12-31,native_mse,20260910,-0.001832954139676603,,0,1
weekly_global_ungated,2957,2023-03-31,2023-04-10,0.0178317182396383,2023,2022-12-31,native_mse,20260910,-0.00172129069982479,,0,1
weekly_global_ungated,2961,2023-04-07,2023-04-17,-0.0101500238382772,2023,2022-12-31,native_mse,20260910,-0.00033641886926452733,,0,0
weekly_global_ungated,2966,2023-04-14,2023-04-24,-0.014368947230732,2023,2022-12-31,native_mse,20260910,-0.0013230092163269815,,0,0
weekly_global_ungated,2971,2023-04-21,2023-05-04,-0.0044228908788729,2023,2022-12-31,native_mse,20260910,-0.0007286066396655064,,0,0
weekly_global_ungated,2976,2023-04-28,2023-05-10,0.0036477163153083,2023,2022-12-31,native_mse,20260910,-0.00030575704561793394,,0,1
weekly_global_ungated,2978,2023-05-05,2023-05-15,-0.0221642407977935,2023,2022-12-31,native_mse,20260910,-0.00011486613921578474,,0,0
weekly_global_ungated,2983,2023-05-12,2023-05-22,0.0005509250208819,2023,2022-12-31,native_mse,20260910,-0.0001792163459168561,,0,1
weekly_global_ungated,2988,2023-05-19,2023-05-29,-0.0200253742704897,2023,2022-12-31,native_mse,20260910,0.0009439667644663131,,1,0
weekly_global_ungated,2993,2023-05-26,2023-06-05,-0.0003935703040848,2023,2022-12-31,native_mse,20260910,0.000557122093874036,,1,0
weekly_global_ungated,2998,2023-06-02,2023-06-12,-0.0086075595250429,2023,2022-12-31,native_mse,20260910,-0.001180815938657947,,0,0
weekly_global_ungated,3003,2023-06-09,2023-06-19,0.0338878539347273,2023,2022-12-31,native_mse,20260910,-0.0014426234760102343,,0,1
weekly_global_ungated,3008,2023-06-16,2023-07-03,-0.026216632171098,2023,2022-12-31,native_mse,20260910,-0.0010042817493535598,,0,0
weekly_global_ungated,3016,2023-06-30,2023-07-10,-0.0030441518806006,2023,2022-12-31,native_mse,20260910,-0.0011931588855691256,,0,0
weekly_global_ungated,3021,2023-07-07,2023-07-17,0.0104280552692135,2023,2022-12-31,native_mse,20260910,-0.001925244639091561,,0,1
weekly_global_ungated,3026,2023-07-14,2023-07-24,-0.0201642613135752,2023,2022-12-31,native_mse,20260910,0.00072512762062503,,1,0
weekly_global_ungated,3031,2023-07-21,2023-07-31,0.0566710925894278,2023,2022-12-31,native_mse,20260910,0.0009939160139214966,,1,1
weekly_global_ungated,3036,2023-07-28,2023-08-07,-0.0039612927947766,2023,2022-12-31,native_mse,20260910,-0.0005682320215149167,,0,0
weekly_global_ungated,3041,2023-08-04,2023-08-14,-0.0404899362223548,2023,2022-12-31,native_mse,20260910,-0.0009301134947241365,,0,0
weekly_global_ungated,3046,2023-08-11,2023-08-21,-0.0176157088591445,2023,2022-12-31,native_mse,20260910,-0.000726777176221484,,0,0
weekly_global_ungated,3051,2023-08-18,2023-08-28,0.0366582477081969,2023,2022-12-31,native_mse,20260910,0.0008756120897448488,,1,1
weekly_global_ungated,3056,2023-08-25,2023-09-04,-0.025197172476384,2023,2022-12-31,native_mse,20260910,-0.0006648239910763075,,0,0
weekly_global_ungated,3061,2023-09-01,2023-09-11,-0.0189903461587886,2023,2022-12-31,native_mse,20260910,0.00015839660362514175,,1,0
weekly_global_ungated,3066,2023-09-08,2023-09-18,-0.0111346368744954,2023,2022-12-31,native_mse,20260910,0.001744965500114605,,1,0
weekly_global_ungated,3071,2023-09-15,2023-09-25,0.0105787349314532,2023,2022-12-31,native_mse,20260910,0.0006876575211446893,,1,1
weekly_global_ungated,3076,2023-09-22,2023-10-16,-0.0198017153282719,2023,2022-12-31,native_mse,20260910,-0.00243132015475,,0,0
weekly_global_ungated,3085,2023-10-13,2023-10-23,-0.0447156690429144,2023,2022-12-31,native_mse,20260910,-0.0021908711949872265,,0,0
weekly_global_ungated,3090,2023-10-20,2023-10-30,0.0154019770298841,2023,2022-12-31,native_mse,20260910,-0.0005611083237640583,,0,1
weekly_global_ungated,3095,2023-10-27,2023-11-06,0.0152527637017425,2023,2022-12-31,native_mse,20260910,0.0010289915405626282,,1,1
weekly_global_ungated,3100,2023-11-03,2023-11-13,-0.0039935482440582,2023,2022-12-31,native_mse,20260910,0.001023319006735779,,1,0
weekly_global_ungated,3105,2023-11-10,2023-11-20,-0.0067280482816765,2023,2022-12-31,native_mse,20260910,-0.0009564130384265961,,0,0
weekly_global_ungated,3110,2023-11-17,2023-11-27,-0.0098859017348651,2023,2022-12-31,native_mse,20260910,0.00023192130830153903,,1,0
weekly_global_ungated,3115,2023-11-24,2023-12-04,-0.0151084754586299,2023,2022-12-31,native_mse,20260910,0.0008732338960994725,,1,0
weekly_global_ungated,3120,2023-12-01,2023-12-11,-0.0295859857973478,2023,2022-12-31,native_mse,20260910,0.000837366835393595,,1,0
weekly_global_ungated,3125,2023-12-08,2023-12-18,-0.0144639658974852,2023,2022-12-31,native_mse,20260910,0.0006391538307731006,,1,0
weekly_global_ungated,3130,2023-12-15,2023-12-25,0.0003424256350643,2023,2022-12-31,native_mse,20260910,0.000382991564868559,,1,1
weekly_global_ungated,3135,2023-12-22,2024-01-02,0.0288079559683274,2023,2022-12-31,native_mse,20260910,-0.0008222024683218445,,0,1
weekly_global_ungated,3140,2023-12-29,2024-01-08,-0.0302544749829989,2023,2022-12-31,native_mse,20260910,0.0008212539531046094,,1,0
weekly_global_ungated,2902,2023-01-06,2023-01-16,0.0198447929614133,2023,2022-12-31,training_frequency,-1,0.5028949545078577,0.5028949545078577,1,1
weekly_global_ungated,2907,2023-01-13,2023-01-30,0.0465290788350809,2023,2022-12-31,training_frequency,-1,0.5028949545078577,0.5028949545078577,1,1
weekly_global_ungated,2912,2023-01-20,2023-02-06,-0.0383797057844887,2023,2022-12-31,training_frequency,-1,0.5028949545078577,0.5028949545078577,1,0
weekly_global_ungated,2917,2023-02-03,2023-02-13,-0.0012061903149008,2023,2022-12-31,training_frequency,-1,0.5028949545078577,0.5028949545078577,1,0
weekly_global_ungated,2922,2023-02-10,2023-02-20,-0.0143746584432821,2023,2022-12-31,training_frequency,-1,0.5028949545078577,0.5028949545078577,1,0
weekly_global_ungated,2927,2023-02-17,2023-02-27,0.0001237636016198,2023,2022-12-31,training_frequency,-1,0.5028949545078577,0.5028949545078577,1,1
weekly_global_ungated,2932,2023-02-24,2023-03-06,0.0224454641303217,2023,2022-12-31,training_frequency,-1,0.5028949545078577,0.5028949545078577,1,1
weekly_global_ungated,2937,2023-03-03,2023-03-13,-0.0407900947678007,2023,2022-12-31,training_frequency,-1,0.5028949545078577,0.5028949545078577,1,0
weekly_global_ungated,2942,2023-03-10,2023-03-20,5.0471402903706775e-06,2023,2022-12-31,training_frequency,-1,0.5028949545078577,0.5028949545078577,1,1
weekly_global_ungated,2947,2023-03-17,2023-03-27,0.015302852124583,2023,2022-12-31,training_frequency,-1,0.5028949545078577,0.5028949545078577,1,1
weekly_global_ungated,2952,2023-03-24,2023-04-03,0.0090274153058433,2023,2022-12-31,training_frequency,-1,0.5028949545078577,0.5028949545078577,1,1
weekly_global_ungated,2957,2023-03-31,2023-04-10,0.0178317182396383,2023,2022-12-31,training_frequency,-1,0.5028949545078577,0.5028949545078577,1,1
weekly_global_ungated,2961,2023-04-07,2023-04-17,-0.0101500238382772,2023,2022-12-31,training_frequency,-1,0.5028949545078577,0.5028949545078577,1,0
weekly_global_ungated,2966,2023-04-14,2023-04-24,-0.014368947230732,2023,2022-12-31,training_frequency,-1,0.5028949545078577,0.5028949545078577,1,0
weekly_global_ungated,2971,2023-04-21,2023-05-04,-0.0044228908788729,2023,2022-12-31,training_frequency,-1,0.5028949545078577,0.5028949545078577,1,0
weekly_global_ungated,2976,2023-04-28,2023-05-10,0.0036477163153083,2023,2022-12-31,training_frequency,-1,0.5028949545078577,0.5028949545078577,1,1
weekly_global_ungated,2978,2023-05-05,2023-05-15,-0.0221642407977935,2023,2022-12-31,training_frequency,-1,0.5028949545078577,0.5028949545078577,1,0
weekly_global_ungated,2983,2023-05-12,2023-05-22,0.0005509250208819,2023,2022-12-31,training_frequency,-1,0.5028949545078577,0.5028949545078577,1,1
weekly_global_ungated,2988,2023-05-19,2023-05-29,-0.0200253742704897,2023,2022-12-31,training_frequency,-1,0.5028949545078577,0.5028949545078577,1,0
weekly_global_ungated,2993,2023-05-26,2023-06-05,-0.0003935703040848,2023,2022-12-31,training_frequency,-1,0.5028949545078577,0.5028949545078577,1,0
weekly_global_ungated,2998,2023-06-02,2023-06-12,-0.0086075595250429,2023,2022-12-31,training_frequency,-1,0.5028949545078577,0.5028949545078577,1,0
weekly_global_ungated,3003,2023-06-09,2023-06-19,0.0338878539347273,2023,2022-12-31,training_frequency,-1,0.5028949545078577,0.5028949545078577,1,1
weekly_global_ungated,3008,2023-06-16,2023-07-03,-0.026216632171098,2023,2022-12-31,training_frequency,-1,0.5028949545078577,0.5028949545078577,1,0
weekly_global_ungated,3016,2023-06-30,2023-07-10,-0.0030441518806006,2023,2022-12-31,training_frequency,-1,0.5028949545078577,0.5028949545078577,1,0
weekly_global_ungated,3021,2023-07-07,2023-07-17,0.0104280552692135,2023,2022-12-31,training_frequency,-1,0.5028949545078577,0.5028949545078577,1,1
weekly_global_ungated,3026,2023-07-14,2023-07-24,-0.0201642613135752,2023,2022-12-31,training_frequency,-1,0.5028949545078577,0.5028949545078577,1,0
weekly_global_ungated,3031,2023-07-21,2023-07-31,0.0566710925894278,2023,2022-12-31,training_frequency,-1,0.5028949545078577,0.5028949545078577,1,1
weekly_global_ungated,3036,2023-07-28,2023-08-07,-0.0039612927947766,2023,2022-12-31,training_frequency,-1,0.5028949545078577,0.5028949545078577,1,0
weekly_global_ungated,3041,2023-08-04,2023-08-14,-0.0404899362223548,2023,2022-12-31,training_frequency,-1,0.5028949545078577,0.5028949545078577,1,0
weekly_global_ungated,3046,2023-08-11,2023-08-21,-0.0176157088591445,2023,2022-12-31,training_frequency,-1,0.5028949545078577,0.5028949545078577,1,0
weekly_global_ungated,3051,2023-08-18,2023-08-28,0.0366582477081969,2023,2022-12-31,training_frequency,-1,0.5028949545078577,0.5028949545078577,1,1
weekly_global_ungated,3056,2023-08-25,2023-09-04,-0.025197172476384,2023,2022-12-31,training_frequency,-1,0.5028949545078577,0.5028949545078577,1,0
weekly_global_ungated,3061,2023-09-01,2023-09-11,-0.0189903461587886,2023,2022-12-31,training_frequency,-1,0.5028949545078577,0.5028949545078577,1,0
weekly_global_ungated,3066,2023-09-08,2023-09-18,-0.0111346368744954,2023,2022-12-31,training_frequency,-1,0.5028949545078577,0.5028949545078577,1,0
weekly_global_ungated,3071,2023-09-15,2023-09-25,0.0105787349314532,2023,2022-12-31,training_frequency,-1,0.5028949545078577,0.5028949545078577,1,1
weekly_global_ungated,3076,2023-09-22,2023-10-16,-0.0198017153282719,2023,2022-12-31,training_frequency,-1,0.5028949545078577,0.5028949545078577,1,0
weekly_global_ungated,3085,2023-10-13,2023-10-23,-0.0447156690429144,2023,2022-12-31,training_frequency,-1,0.5028949545078577,0.5028949545078577,1,0
weekly_global_ungated,3090,2023-10-20,2023-10-30,0.0154019770298841,2023,2022-12-31,training_frequency,-1,0.5028949545078577,0.5028949545078577,1,1
weekly_global_ungated,3095,2023-10-27,2023-11-06,0.0152527637017425,2023,2022-12-31,training_frequency,-1,0.5028949545078577,0.5028949545078577,1,1
weekly_global_ungated,3100,2023-11-03,2023-11-13,-0.0039935482440582,2023,2022-12-31,training_frequency,-1,0.5028949545078577,0.5028949545078577,1,0
weekly_global_ungated,3105,2023-11-10,2023-11-20,-0.0067280482816765,2023,2022-12-31,training_frequency,-1,0.5028949545078577,0.5028949545078577,1,0
weekly_global_ungated,3110,2023-11-17,2023-11-27,-0.0098859017348651,2023,2022-12-31,training_frequency,-1,0.5028949545078577,0.5028949545078577,1,0
weekly_global_ungated,3115,2023-11-24,2023-12-04,-0.0151084754586299,2023,2022-12-31,training_frequency,-1,0.5028949545078577,0.5028949545078577,1,0
weekly_global_ungated,3120,2023-12-01,2023-12-11,-0.0295859857973478,2023,2022-12-31,training_frequency,-1,0.5028949545078577,0.5028949545078577,1,0
weekly_global_ungated,3125,2023-12-08,2023-12-18,-0.0144639658974852,2023,2022-12-31,training_frequency,-1,0.5028949545078577,0.5028949545078577,1,0
weekly_global_ungated,3130,2023-12-15,2023-12-25,0.0003424256350643,2023,2022-12-31,training_frequency,-1,0.5028949545078577,0.5028949545078577,1,1
weekly_global_ungated,3135,2023-12-22,2024-01-02,0.0288079559683274,2023,2022-12-31,training_frequency,-1,0.5028949545078577,0.5028949545078577,1,1
weekly_global_ungated,3140,2023-12-29,2024-01-08,-0.0302544749829989,2023,2022-12-31,training_frequency,-1,0.5028949545078577,0.5028949545078577,1,0
weekly_global_ungated,2902,2023-01-06,2023-01-16,0.0198447929614133,2023,2022-12-31,native_mse,20260911,-0.0028881799476405084,,0,1
weekly_global_ungated,2907,2023-01-13,2023-01-30,0.0465290788350809,2023,2022-12-31,native_mse,20260911,0.002600529697082545,,1,1
weekly_global_ungated,2912,2023-01-20,2023-02-06,-0.0383797057844887,2023,2022-12-31,native_mse,20260911,0.009824735187562814,,1,0
weekly_global_ungated,2917,2023-02-03,2023-02-13,-0.0012061903149008,2023,2022-12-31,native_mse,20260911,0.001758336799202022,,1,0
weekly_global_ungated,2922,2023-02-10,2023-02-20,-0.0143746584432821,2023,2022-12-31,native_mse,20260911,-0.004455423490420713,,0,0
weekly_global_ungated,2927,2023-02-17,2023-02-27,0.0001237636016198,2023,2022-12-31,native_mse,20260911,-0.004320463721841919,,0,1
weekly_global_ungated,2932,2023-02-24,2023-03-06,0.0224454641303217,2023,2022-12-31,native_mse,20260911,0.007109894584169036,,1,1
weekly_global_ungated,2937,2023-03-03,2023-03-13,-0.0407900947678007,2023,2022-12-31,native_mse,20260911,0.012121075090535267,,1,0
weekly_global_ungated,2942,2023-03-10,2023-03-20,5.0471402903706775e-06,2023,2022-12-31,native_mse,20260911,-0.0015684618293498606,,0,1
weekly_global_ungated,2947,2023-03-17,2023-03-27,0.015302852124583,2023,2022-12-31,native_mse,20260911,-0.00455123687690783,,0,1
weekly_global_ungated,2952,2023-03-24,2023-04-03,0.0090274153058433,2023,2022-12-31,native_mse,20260911,-0.0032713642765306557,,0,1
weekly_global_ungated,2957,2023-03-31,2023-04-10,0.0178317182396383,2023,2022-12-31,native_mse,20260911,0.009972413917103892,,1,1
weekly_global_ungated,2961,2023-04-07,2023-04-17,-0.0101500238382772,2023,2022-12-31,native_mse,20260911,0.007806808930188104,,1,0
weekly_global_ungated,2966,2023-04-14,2023-04-24,-0.014368947230732,2023,2022-12-31,native_mse,20260911,0.007226249329863683,,1,0
weekly_global_ungated,2971,2023-04-21,2023-05-04,-0.0044228908788729,2023,2022-12-31,native_mse,20260911,-0.0024232716039148286,,0,0
weekly_global_ungated,2976,2023-04-28,2023-05-10,0.0036477163153083,2023,2022-12-31,native_mse,20260911,-0.003907239624967295,,0,1
weekly_global_ungated,2978,2023-05-05,2023-05-15,-0.0221642407977935,2023,2022-12-31,native_mse,20260911,-0.0031947009428460477,,0,0
weekly_global_ungated,2983,2023-05-12,2023-05-22,0.0005509250208819,2023,2022-12-31,native_mse,20260911,0.003981441571850173,,1,1
weekly_global_ungated,2988,2023-05-19,2023-05-29,-0.0200253742704897,2023,2022-12-31,native_mse,20260911,0.01107004322684732,,1,0
weekly_global_ungated,2993,2023-05-26,2023-06-05,-0.0003935703040848,2023,2022-12-31,native_mse,20260911,0.004560043069480671,,1,0
weekly_global_ungated,2998,2023-06-02,2023-06-12,-0.0086075595250429,2023,2022-12-31,native_mse,20260911,-0.0048559678058000275,,0,0
weekly_global_ungated,3003,2023-06-09,2023-06-19,0.0338878539347273,2023,2022-12-31,native_mse,20260911,-0.0042897134995229635,,0,1
weekly_global_ungated,3008,2023-06-16,2023-07-03,-0.026216632171098,2023,2022-12-31,native_mse,20260911,-0.004761761648113702,,0,0
weekly_global_ungated,3016,2023-06-30,2023-07-10,-0.0030441518806006,2023,2022-12-31,native_mse,20260911,0.001449000541630631,,1,0
weekly_global_ungated,3021,2023-07-07,2023-07-17,0.0104280552692135,2023,2022-12-31,native_mse,20260911,-0.005015012063383114,,0,1
weekly_global_ungated,3026,2023-07-14,2023-07-24,-0.0201642613135752,2023,2022-12-31,native_mse,20260911,-0.002212730290267345,,0,0
weekly_global_ungated,3031,2023-07-21,2023-07-31,0.0566710925894278,2023,2022-12-31,native_mse,20260911,-0.005112763962830667,,0,1
weekly_global_ungated,3036,2023-07-28,2023-08-07,-0.0039612927947766,2023,2022-12-31,native_mse,20260911,-0.0052814272148835025,,0,0
weekly_global_ungated,3041,2023-08-04,2023-08-14,-0.0404899362223548,2023,2022-12-31,native_mse,20260911,-0.004618211999064367,,0,0
weekly_global_ungated,3046,2023-08-11,2023-08-21,-0.0176157088591445,2023,2022-12-31,native_mse,20260911,0.009053312378542757,,1,0
weekly_global_ungated,3051,2023-08-18,2023-08-28,0.0366582477081969,2023,2022-12-31,native_mse,20260911,0.004561021250172811,,1,1
weekly_global_ungated,3056,2023-08-25,2023-09-04,-0.025197172476384,2023,2022-12-31,native_mse,20260911,-0.0025275908526821967,,0,0
weekly_global_ungated,3061,2023-09-01,2023-09-11,-0.0189903461587886,2023,2022-12-31,native_mse,20260911,-0.0049631793698849645,,0,0
weekly_global_ungated,3066,2023-09-08,2023-09-18,-0.0111346368744954,2023,2022-12-31,native_mse,20260911,0.00680202581529956,,1,0
weekly_global_ungated,3071,2023-09-15,2023-09-25,0.0105787349314532,2023,2022-12-31,native_mse,20260911,0.008596091481564963,,1,1
weekly_global_ungated,3076,2023-09-22,2023-10-16,-0.0198017153282719,2023,2022-12-31,native_mse,20260911,-0.0031471179155324424,,0,0
weekly_global_ungated,3085,2023-10-13,2023-10-23,-0.0447156690429144,2023,2022-12-31,native_mse,20260911,-0.004148291730857776,,0,0
weekly_global_ungated,3090,2023-10-20,2023-10-30,0.0154019770298841,2023,2022-12-31,native_mse,20260911,-0.005712800982170543,,0,1
weekly_global_ungated,3095,2023-10-27,2023-11-06,0.0152527637017425,2023,2022-12-31,native_mse,20260911,-0.0033253387808900993,,0,1
weekly_global_ungated,3100,2023-11-03,2023-11-13,-0.0039935482440582,2023,2022-12-31,native_mse,20260911,-0.0006739370262628165,,0,0
weekly_global_ungated,3105,2023-11-10,2023-11-20,-0.0067280482816765,2023,2022-12-31,native_mse,20260911,-0.004003258050664914,,0,0
weekly_global_ungated,3110,2023-11-17,2023-11-27,-0.0098859017348651,2023,2022-12-31,native_mse,20260911,-0.003231557067429336,,0,0
weekly_global_ungated,3115,2023-11-24,2023-12-04,-0.0151084754586299,2023,2022-12-31,native_mse,20260911,-0.003968465813336381,,0,0
weekly_global_ungated,3120,2023-12-01,2023-12-11,-0.0295859857973478,2023,2022-12-31,native_mse,20260911,-0.004170192617569334,,0,0
weekly_global_ungated,3125,2023-12-08,2023-12-18,-0.0144639658974852,2023,2022-12-31,native_mse,20260911,-0.004708072283208354,,0,0
weekly_global_ungated,3130,2023-12-15,2023-12-25,0.0003424256350643,2023,2022-12-31,native_mse,20260911,-0.005014383450601872,,0,1
weekly_global_ungated,3135,2023-12-22,2024-01-02,0.0288079559683274,2023,2022-12-31,native_mse,20260911,-0.005140476035149425,,0,1
weekly_global_ungated,3140,2023-12-29,2024-01-08,-0.0302544749829989,2023,2022-12-31,native_mse,20260911,-0.0034098597743402285,,0,0
weekly_global_ungated,2902,2023-01-06,2023-01-16,0.0198447929614133,2023,2022-12-31,native_mse,20260912,0.0004281627694943007,,1,1
weekly_global_ungated,2907,2023-01-13,2023-01-30,0.0465290788350809,2023,2022-12-31,native_mse,20260912,4.2102919401855305e-05,,1,1
weekly_global_ungated,2912,2023-01-20,2023-02-06,-0.0383797057844887,2023,2022-12-31,native_mse,20260912,0.0010967633118809882,,1,0
weekly_global_ungated,2917,2023-02-03,2023-02-13,-0.0012061903149008,2023,2022-12-31,native_mse,20260912,0.0008747039967658528,,1,0
weekly_global_ungated,2922,2023-02-10,2023-02-20,-0.0143746584432821,2023,2022-12-31,native_mse,20260912,0.0001818132935792269,,1,0
weekly_global_ungated,2927,2023-02-17,2023-02-27,0.0001237636016198,2023,2022-12-31,native_mse,20260912,0.00010126624081480557,,1,1
weekly_global_ungated,2932,2023-02-24,2023-03-06,0.0224454641303217,2023,2022-12-31,native_mse,20260912,0.000782385799644381,,1,1
weekly_global_ungated,2937,2023-03-03,2023-03-13,-0.0407900947678007,2023,2022-12-31,native_mse,20260912,0.00040350503591383166,,1,0
weekly_global_ungated,2942,2023-03-10,2023-03-20,5.0471402903706775e-06,2023,2022-12-31,native_mse,20260912,0.00023517524465769396,,1,1
weekly_global_ungated,2947,2023-03-17,2023-03-27,0.015302852124583,2023,2022-12-31,native_mse,20260912,-0.0005550490015326846,,0,1
weekly_global_ungated,2952,2023-03-24,2023-04-03,0.0090274153058433,2023,2022-12-31,native_mse,20260912,0.0004555071806066471,,1,1
weekly_global_ungated,2957,2023-03-31,2023-04-10,0.0178317182396383,2023,2022-12-31,native_mse,20260912,0.0006137448037054246,,1,1
weekly_global_ungated,2961,2023-04-07,2023-04-17,-0.0101500238382772,2023,2022-12-31,native_mse,20260912,0.0007714668086940345,,1,0
weekly_global_ungated,2966,2023-04-14,2023-04-24,-0.014368947230732,2023,2022-12-31,native_mse,20260912,0.0006120128536014287,,1,0
weekly_global_ungated,2971,2023-04-21,2023-05-04,-0.0044228908788729,2023,2022-12-31,native_mse,20260912,0.0004168718728952876,,1,0
weekly_global_ungated,2976,2023-04-28,2023-05-10,0.0036477163153083,2023,2022-12-31,native_mse,20260912,0.0007975995131662927,,1,1
weekly_global_ungated,2978,2023-05-05,2023-05-15,-0.0221642407977935,2023,2022-12-31,native_mse,20260912,3.748499343571029e-05,,1,0
weekly_global_ungated,2983,2023-05-12,2023-05-22,0.0005509250208819,2023,2022-12-31,native_mse,20260912,0.00013564688457888487,,1,1
weekly_global_ungated,2988,2023-05-19,2023-05-29,-0.0200253742704897,2023,2022-12-31,native_mse,20260912,0.0006049797039520234,,1,0
weekly_global_ungated,2993,2023-05-26,2023-06-05,-0.0003935703040848,2023,2022-12-31,native_mse,20260912,5.080512794837295e-05,,1,0
weekly_global_ungated,2998,2023-06-02,2023-06-12,-0.0086075595250429,2023,2022-12-31,native_mse,20260912,-0.0003527596454530836,,0,0
weekly_global_ungated,3003,2023-06-09,2023-06-19,0.0338878539347273,2023,2022-12-31,native_mse,20260912,-0.0004629538008774116,,0,1
weekly_global_ungated,3008,2023-06-16,2023-07-03,-0.026216632171098,2023,2022-12-31,native_mse,20260912,-0.0003413110242915335,,0,0
weekly_global_ungated,3016,2023-06-30,2023-07-10,-0.0030441518806006,2023,2022-12-31,native_mse,20260912,0.0003431408638381007,,1,0
weekly_global_ungated,3021,2023-07-07,2023-07-17,0.0104280552692135,2023,2022-12-31,native_mse,20260912,0.000814771057302496,,1,1
weekly_global_ungated,3026,2023-07-14,2023-07-24,-0.0201642613135752,2023,2022-12-31,native_mse,20260912,0.0006501402430561996,,1,0
weekly_global_ungated,3031,2023-07-21,2023-07-31,0.0566710925894278,2023,2022-12-31,native_mse,20260912,2.5045124957704355e-05,,1,1
weekly_global_ungated,3036,2023-07-28,2023-08-07,-0.0039612927947766,2023,2022-12-31,native_mse,20260912,0.00047471401642830695,,1,0
weekly_global_ungated,3041,2023-08-04,2023-08-14,-0.0404899362223548,2023,2022-12-31,native_mse,20260912,0.0008553072765691807,,1,0
weekly_global_ungated,3046,2023-08-11,2023-08-21,-0.0176157088591445,2023,2022-12-31,native_mse,20260912,0.0015027086256146451,,1,0
weekly_global_ungated,3051,2023-08-18,2023-08-28,0.0366582477081969,2023,2022-12-31,native_mse,20260912,0.0006099353623650846,,1,1
weekly_global_ungated,3056,2023-08-25,2023-09-04,-0.025197172476384,2023,2022-12-31,native_mse,20260912,0.00044421971221099443,,1,0
weekly_global_ungated,3061,2023-09-01,2023-09-11,-0.0189903461587886,2023,2022-12-31,native_mse,20260912,-0.0002025361551160587,,0,0
weekly_global_ungated,3066,2023-09-08,2023-09-18,-0.0111346368744954,2023,2022-12-31,native_mse,20260912,0.00041052847232038274,,1,0
weekly_global_ungated,3071,2023-09-15,2023-09-25,0.0105787349314532,2023,2022-12-31,native_mse,20260912,0.0001624781603077036,,1,1
weekly_global_ungated,3076,2023-09-22,2023-10-16,-0.0198017153282719,2023,2022-12-31,native_mse,20260912,-2.0047557486308507e-05,,0,0
weekly_global_ungated,3085,2023-10-13,2023-10-23,-0.0447156690429144,2023,2022-12-31,native_mse,20260912,-7.666747850147154e-05,,0,0
weekly_global_ungated,3090,2023-10-20,2023-10-30,0.0154019770298841,2023,2022-12-31,native_mse,20260912,0.00029732197364893017,,1,1
weekly_global_ungated,3095,2023-10-27,2023-11-06,0.0152527637017425,2023,2022-12-31,native_mse,20260912,0.0012245039371740986,,1,1
weekly_global_ungated,3100,2023-11-03,2023-11-13,-0.0039935482440582,2023,2022-12-31,native_mse,20260912,0.00041856415378897153,,1,0
weekly_global_ungated,3105,2023-11-10,2023-11-20,-0.0067280482816765,2023,2022-12-31,native_mse,20260912,0.00022000524072862617,,1,0
weekly_global_ungated,3110,2023-11-17,2023-11-27,-0.0098859017348651,2023,2022-12-31,native_mse,20260912,-0.00011003873914113989,,0,0
weekly_global_ungated,3115,2023-11-24,2023-12-04,-0.0151084754586299,2023,2022-12-31,native_mse,20260912,0.0006004861455855604,,1,0
weekly_global_ungated,3120,2023-12-01,2023-12-11,-0.0295859857973478,2023,2022-12-31,native_mse,20260912,9.164477722239853e-05,,1,0
weekly_global_ungated,3125,2023-12-08,2023-12-18,-0.0144639658974852,2023,2022-12-31,native_mse,20260912,0.0003716320497864135,,1,0
weekly_global_ungated,3130,2023-12-15,2023-12-25,0.0003424256350643,2023,2022-12-31,native_mse,20260912,0.0007186720416179463,,1,1
weekly_global_ungated,3135,2023-12-22,2024-01-02,0.0288079559683274,2023,2022-12-31,native_mse,20260912,0.00031752353260434155,,1,1
weekly_global_ungated,3140,2023-12-29,2024-01-08,-0.0302544749829989,2023,2022-12-31,native_mse,20260912,-5.293223214677527e-06,,0,0
weekly_global_ungated,3144,2024-01-05,2024-01-15,-0.0158038409563566,2024,2023-12-31,native_mse,20260910,0.000251131835275678,,1,0
weekly_global_ungated,3149,2024-01-12,2024-01-22,-0.002333261979756,2024,2023-12-31,native_mse,20260910,0.0007362057214049004,,1,0
weekly_global_ungated,3154,2024-01-19,2024-01-29,0.0223511633823452,2024,2023-12-31,native_mse,20260910,-0.00023540604600351487,,0,1
weekly_global_ungated,3159,2024-01-26,2024-02-05,-0.0513103415192826,2024,2023-12-31,native_mse,20260910,-0.001531436704987099,,0,0
weekly_global_ungated,3164,2024-02-02,2024-02-26,0.1015374891364462,2024,2023-12-31,native_mse,20260910,0.004796229141878599,,1,1
weekly_global_ungated,3173,2024-02-23,2024-03-04,0.0151569053862528,2024,2023-12-31,native_mse,20260910,0.005981439448417525,,1,1
weekly_global_ungated,3178,2024-03-01,2024-03-11,0.0021394031715169,2024,2023-12-31,native_mse,20260910,0.002923079585146593,,1,1
weekly_global_ungated,3183,2024-03-08,2024-03-18,0.0087762342284414,2024,2023-12-31,native_mse,20260910,0.004534858645957669,,1,1
weekly_global_ungated,3188,2024-03-15,2024-03-25,-0.0112802133595746,2024,2023-12-31,native_mse,20260910,0.004141952477981538,,1,0
weekly_global_ungated,3193,2024-03-22,2024-04-01,0.0042044725182444,2024,2023-12-31,native_mse,20260910,0.0018727898596620025,,1,1
weekly_global_ungated,3198,2024-03-29,2024-04-15,-0.0219845815102011,2024,2023-12-31,native_mse,20260910,0.0003645787473085561,,1,0
weekly_global_ungated,3206,2024-04-12,2024-04-22,0.018045199366633,2024,2023-12-31,native_mse,20260910,-0.00021832918624461518,,0,1
weekly_global_ungated,3211,2024-04-19,2024-04-29,0.0136757744232476,2024,2023-12-31,native_mse,20260910,0.0005323002819172812,,1,1
weekly_global_ungated,3216,2024-04-26,2024-05-13,0.0172434956786644,2024,2023-12-31,native_mse,20260910,-0.00014728683736751251,,0,1
weekly_global_ungated,3223,2024-05-10,2024-05-20,0.0097933549988344,2024,2023-12-31,native_mse,20260910,0.0004133340837300701,,1,1
weekly_global_ungated,3228,2024-05-17,2024-05-27,-0.0204803832637164,2024,2023-12-31,native_mse,20260910,0.0036262081384896457,,1,0
weekly_global_ungated,3233,2024-05-24,2024-06-03,-0.0081155643048258,2024,2023-12-31,native_mse,20260910,0.0049904247327292855,,1,0
weekly_global_ungated,3238,2024-05-31,2024-06-11,-0.0060267570121149,2024,2023-12-31,native_mse,20260910,0.0040244113389711345,,1,0
weekly_global_ungated,3243,2024-06-07,2024-06-17,-0.0096686558937179,2024,2023-12-31,native_mse,20260910,0.008609928356971403,,1,0
weekly_global_ungated,3247,2024-06-14,2024-06-24,-0.013573992457631,2024,2023-12-31,native_mse,20260910,0.008961501129694911,,1,0
weekly_global_ungated,3252,2024-06-21,2024-07-01,-0.004427632109257,2024,2023-12-31,native_mse,20260910,0.0009177608055072099,,1,0
weekly_global_ungated,3257,2024-06-28,2024-07-08,-0.0108320369203009,2024,2023-12-31,native_mse,20260910,0.0030020981914033497,,1,0
weekly_global_ungated,3262,2024-07-05,2024-07-15,0.0122222871842843,2024,2023-12-31,native_mse,20260910,0.00336049012064386,,1,1
weekly_global_ungated,3267,2024-07-12,2024-07-22,0.0218881133018156,2024,2023-12-31,native_mse,20260910,-0.0006421845267103974,,0,1
weekly_global_ungated,3272,2024-07-19,2024-07-29,-0.0378787022382998,2024,2023-12-31,native_mse,20260910,0.0004540341648428114,,1,0
weekly_global_ungated,3277,2024-07-26,2024-08-05,-0.0124134568216732,2024,2023-12-31,native_mse,20260910,0.0013231998081271626,,1,0
weekly_global_ungated,3282,2024-08-02,2024-08-12,-0.0102762848330364,2024,2023-12-31,native_mse,20260910,0.001303372172405589,,1,0
weekly_global_ungated,3287,2024-08-09,2024-08-19,0.0050186923751938,2024,2023-12-31,native_mse,20260910,0.00011119162293128984,,1,1
weekly_global_ungated,3292,2024-08-16,2024-08-26,-0.0040487282687352,2024,2023-12-31,native_mse,20260910,0.0014903087569155989,,1,0
weekly_global_ungated,3297,2024-08-23,2024-09-02,-0.0069594562136714,2024,2023-12-31,native_mse,20260910,-0.0030751570665977007,,0,0
weekly_global_ungated,3302,2024-08-30,2024-09-09,-0.0280389655151561,2024,2023-12-31,native_mse,20260910,-0.003508085985855703,,0,0
weekly_global_ungated,3307,2024-09-06,2024-09-18,-0.0174132138857783,2024,2023-12-31,native_mse,20260910,-0.0025693655960970898,,0,0
weekly_global_ungated,3312,2024-09-13,2024-09-24,0.0133119329369826,2024,2023-12-31,native_mse,20260910,0.00017194356388446877,,1,1
weekly_global_ungated,3315,2024-09-20,2024-09-30,0.2017513988384409,2024,2023-12-31,native_mse,20260910,0.0007791555801138394,,1,1
weekly_global_ungated,3320,2024-09-27,2024-10-14,0.0178259004588408,2024,2023-12-31,native_mse,20260910,0.0007616530796663938,,1,1
weekly_global_ungated,3325,2024-10-11,2024-10-21,0.0080914993282625,2024,2023-12-31,native_mse,20260910,-0.0026429925872939004,,0,1
weekly_global_ungated,3330,2024-10-18,2024-10-28,0.0015733867085561,2024,2023-12-31,native_mse,20260910,-0.004083051697418182,,0,1
weekly_global_ungated,3335,2024-10-25,2024-11-04,-0.0140142824257356,2024,2023-12-31,native_mse,20260910,-0.003618447449131282,,0,0
weekly_global_ungated,3340,2024-11-01,2024-11-11,0.0434152361258277,2024,2023-12-31,native_mse,20260910,-0.0042863223001300965,,0,1
weekly_global_ungated,3345,2024-11-08,2024-11-18,-0.0208584853931589,2024,2023-12-31,native_mse,20260910,-0.0028591792362593097,,0,0
weekly_global_ungated,3350,2024-11-15,2024-11-25,-0.0267421712161923,2024,2023-12-31,native_mse,20260910,-0.0017028092388012967,,0,0
weekly_global_ungated,3355,2024-11-22,2024-12-02,0.0087960346887328,2024,2023-12-31,native_mse,20260910,-0.0009456406767515755,,0,1
weekly_global_ungated,3360,2024-11-29,2024-12-09,0.0155919891551781,2024,2023-12-31,native_mse,20260910,-0.0002599534945060551,,0,1
weekly_global_ungated,3365,2024-12-06,2024-12-16,-0.0100436703218104,2024,2023-12-31,native_mse,20260910,0.0007542474780432574,,1,0
weekly_global_ungated,3370,2024-12-13,2024-12-23,-0.0006690784017421,2024,2023-12-31,native_mse,20260910,-0.0007125951992407705,,0,0
weekly_global_ungated,3375,2024-12-20,2024-12-30,0.0123595076562756,2024,2023-12-31,native_mse,20260910,-0.0012475930255920083,,0,1
weekly_global_ungated,3380,2024-12-27,2025-01-06,-0.0504714964669198,2024,2023-12-31,native_mse,20260910,-0.00024548952899875387,,0,0
weekly_global_ungated,3144,2024-01-05,2024-01-15,-0.0158038409563566,2024,2023-12-31,training_frequency,-1,0.5024834437086093,0.5024834437086093,1,0
weekly_global_ungated,3149,2024-01-12,2024-01-22,-0.002333261979756,2024,2023-12-31,training_frequency,-1,0.5024834437086093,0.5024834437086093,1,0
weekly_global_ungated,3154,2024-01-19,2024-01-29,0.0223511633823452,2024,2023-12-31,training_frequency,-1,0.5024834437086093,0.5024834437086093,1,1
weekly_global_ungated,3159,2024-01-26,2024-02-05,-0.0513103415192826,2024,2023-12-31,training_frequency,-1,0.5024834437086093,0.5024834437086093,1,0
weekly_global_ungated,3164,2024-02-02,2024-02-26,0.1015374891364462,2024,2023-12-31,training_frequency,-1,0.5024834437086093,0.5024834437086093,1,1
weekly_global_ungated,3173,2024-02-23,2024-03-04,0.0151569053862528,2024,2023-12-31,training_frequency,-1,0.5024834437086093,0.5024834437086093,1,1
weekly_global_ungated,3178,2024-03-01,2024-03-11,0.0021394031715169,2024,2023-12-31,training_frequency,-1,0.5024834437086093,0.5024834437086093,1,1
weekly_global_ungated,3183,2024-03-08,2024-03-18,0.0087762342284414,2024,2023-12-31,training_frequency,-1,0.5024834437086093,0.5024834437086093,1,1
weekly_global_ungated,3188,2024-03-15,2024-03-25,-0.0112802133595746,2024,2023-12-31,training_frequency,-1,0.5024834437086093,0.5024834437086093,1,0
weekly_global_ungated,3193,2024-03-22,2024-04-01,0.0042044725182444,2024,2023-12-31,training_frequency,-1,0.5024834437086093,0.5024834437086093,1,1
weekly_global_ungated,3198,2024-03-29,2024-04-15,-0.0219845815102011,2024,2023-12-31,training_frequency,-1,0.5024834437086093,0.5024834437086093,1,0
weekly_global_ungated,3206,2024-04-12,2024-04-22,0.018045199366633,2024,2023-12-31,training_frequency,-1,0.5024834437086093,0.5024834437086093,1,1
weekly_global_ungated,3211,2024-04-19,2024-04-29,0.0136757744232476,2024,2023-12-31,training_frequency,-1,0.5024834437086093,0.5024834437086093,1,1
weekly_global_ungated,3216,2024-04-26,2024-05-13,0.0172434956786644,2024,2023-12-31,training_frequency,-1,0.5024834437086093,0.5024834437086093,1,1
weekly_global_ungated,3223,2024-05-10,2024-05-20,0.0097933549988344,2024,2023-12-31,training_frequency,-1,0.5024834437086093,0.5024834437086093,1,1
weekly_global_ungated,3228,2024-05-17,2024-05-27,-0.0204803832637164,2024,2023-12-31,training_frequency,-1,0.5024834437086093,0.5024834437086093,1,0
weekly_global_ungated,3233,2024-05-24,2024-06-03,-0.0081155643048258,2024,2023-12-31,training_frequency,-1,0.5024834437086093,0.5024834437086093,1,0
weekly_global_ungated,3238,2024-05-31,2024-06-11,-0.0060267570121149,2024,2023-12-31,training_frequency,-1,0.5024834437086093,0.5024834437086093,1,0
weekly_global_ungated,3243,2024-06-07,2024-06-17,-0.0096686558937179,2024,2023-12-31,training_frequency,-1,0.5024834437086093,0.5024834437086093,1,0
weekly_global_ungated,3247,2024-06-14,2024-06-24,-0.013573992457631,2024,2023-12-31,training_frequency,-1,0.5024834437086093,0.5024834437086093,1,0
weekly_global_ungated,3252,2024-06-21,2024-07-01,-0.004427632109257,2024,2023-12-31,training_frequency,-1,0.5024834437086093,0.5024834437086093,1,0
weekly_global_ungated,3257,2024-06-28,2024-07-08,-0.0108320369203009,2024,2023-12-31,training_frequency,-1,0.5024834437086093,0.5024834437086093,1,0
weekly_global_ungated,3262,2024-07-05,2024-07-15,0.0122222871842843,2024,2023-12-31,training_frequency,-1,0.5024834437086093,0.5024834437086093,1,1
weekly_global_ungated,3267,2024-07-12,2024-07-22,0.0218881133018156,2024,2023-12-31,training_frequency,-1,0.5024834437086093,0.5024834437086093,1,1
weekly_global_ungated,3272,2024-07-19,2024-07-29,-0.0378787022382998,2024,2023-12-31,training_frequency,-1,0.5024834437086093,0.5024834437086093,1,0
weekly_global_ungated,3277,2024-07-26,2024-08-05,-0.0124134568216732,2024,2023-12-31,training_frequency,-1,0.5024834437086093,0.5024834437086093,1,0
weekly_global_ungated,3282,2024-08-02,2024-08-12,-0.0102762848330364,2024,2023-12-31,training_frequency,-1,0.5024834437086093,0.5024834437086093,1,0
weekly_global_ungated,3287,2024-08-09,2024-08-19,0.0050186923751938,2024,2023-12-31,training_frequency,-1,0.5024834437086093,0.5024834437086093,1,1
weekly_global_ungated,3292,2024-08-16,2024-08-26,-0.0040487282687352,2024,2023-12-31,training_frequency,-1,0.5024834437086093,0.5024834437086093,1,0
weekly_global_ungated,3297,2024-08-23,2024-09-02,-0.0069594562136714,2024,2023-12-31,training_frequency,-1,0.5024834437086093,0.5024834437086093,1,0
weekly_global_ungated,3302,2024-08-30,2024-09-09,-0.0280389655151561,2024,2023-12-31,training_frequency,-1,0.5024834437086093,0.5024834437086093,1,0
weekly_global_ungated,3307,2024-09-06,2024-09-18,-0.0174132138857783,2024,2023-12-31,training_frequency,-1,0.5024834437086093,0.5024834437086093,1,0
weekly_global_ungated,3312,2024-09-13,2024-09-24,0.0133119329369826,2024,2023-12-31,training_frequency,-1,0.5024834437086093,0.5024834437086093,1,1
weekly_global_ungated,3315,2024-09-20,2024-09-30,0.2017513988384409,2024,2023-12-31,training_frequency,-1,0.5024834437086093,0.5024834437086093,1,1
weekly_global_ungated,3320,2024-09-27,2024-10-14,0.0178259004588408,2024,2023-12-31,training_frequency,-1,0.5024834437086093,0.5024834437086093,1,1
weekly_global_ungated,3325,2024-10-11,2024-10-21,0.0080914993282625,2024,2023-12-31,training_frequency,-1,0.5024834437086093,0.5024834437086093,1,1
weekly_global_ungated,3330,2024-10-18,2024-10-28,0.0015733867085561,2024,2023-12-31,training_frequency,-1,0.5024834437086093,0.5024834437086093,1,1
weekly_global_ungated,3335,2024-10-25,2024-11-04,-0.0140142824257356,2024,2023-12-31,training_frequency,-1,0.5024834437086093,0.5024834437086093,1,0
weekly_global_ungated,3340,2024-11-01,2024-11-11,0.0434152361258277,2024,2023-12-31,training_frequency,-1,0.5024834437086093,0.5024834437086093,1,1
weekly_global_ungated,3345,2024-11-08,2024-11-18,-0.0208584853931589,2024,2023-12-31,training_frequency,-1,0.5024834437086093,0.5024834437086093,1,0
weekly_global_ungated,3350,2024-11-15,2024-11-25,-0.0267421712161923,2024,2023-12-31,training_frequency,-1,0.5024834437086093,0.5024834437086093,1,0
weekly_global_ungated,3355,2024-11-22,2024-12-02,0.0087960346887328,2024,2023-12-31,training_frequency,-1,0.5024834437086093,0.5024834437086093,1,1
weekly_global_ungated,3360,2024-11-29,2024-12-09,0.0155919891551781,2024,2023-12-31,training_frequency,-1,0.5024834437086093,0.5024834437086093,1,1
weekly_global_ungated,3365,2024-12-06,2024-12-16,-0.0100436703218104,2024,2023-12-31,training_frequency,-1,0.5024834437086093,0.5024834437086093,1,0
weekly_global_ungated,3370,2024-12-13,2024-12-23,-0.0006690784017421,2024,2023-12-31,training_frequency,-1,0.5024834437086093,0.5024834437086093,1,0
weekly_global_ungated,3375,2024-12-20,2024-12-30,0.0123595076562756,2024,2023-12-31,training_frequency,-1,0.5024834437086093,0.5024834437086093,1,1
weekly_global_ungated,3380,2024-12-27,2025-01-06,-0.0504714964669198,2024,2023-12-31,training_frequency,-1,0.5024834437086093,0.5024834437086093,1,0
weekly_global_ungated,3144,2024-01-05,2024-01-15,-0.0158038409563566,2024,2023-12-31,native_mse,20260911,0.006524465736805172,,1,0
weekly_global_ungated,3149,2024-01-12,2024-01-22,-0.002333261979756,2024,2023-12-31,native_mse,20260911,0.008213225375018137,,1,0
weekly_global_ungated,3154,2024-01-19,2024-01-29,0.0223511633823452,2024,2023-12-31,native_mse,20260911,0.009988969845384454,,1,1
weekly_global_ungated,3159,2024-01-26,2024-02-05,-0.0513103415192826,2024,2023-12-31,native_mse,20260911,0.007709942184731473,,1,0
weekly_global_ungated,3164,2024-02-02,2024-02-26,0.1015374891364462,2024,2023-12-31,native_mse,20260911,0.006449485928463916,,1,1
weekly_global_ungated,3173,2024-02-23,2024-03-04,0.0151569053862528,2024,2023-12-31,native_mse,20260911,0.010256530380527457,,1,1
weekly_global_ungated,3178,2024-03-01,2024-03-11,0.0021394031715169,2024,2023-12-31,native_mse,20260911,0.00705766649461919,,1,1
weekly_global_ungated,3183,2024-03-08,2024-03-18,0.0087762342284414,2024,2023-12-31,native_mse,20260911,0.008632918878357794,,1,1
weekly_global_ungated,3188,2024-03-15,2024-03-25,-0.0112802133595746,2024,2023-12-31,native_mse,20260911,0.004101422624994645,,1,0
weekly_global_ungated,3193,2024-03-22,2024-04-01,0.0042044725182444,2024,2023-12-31,native_mse,20260911,0.0049895841353934664,,1,1
weekly_global_ungated,3198,2024-03-29,2024-04-15,-0.0219845815102011,2024,2023-12-31,native_mse,20260911,0.0016010611409444046,,1,0
weekly_global_ungated,3206,2024-04-12,2024-04-22,0.018045199366633,2024,2023-12-31,native_mse,20260911,0.001857502186560773,,1,1
weekly_global_ungated,3211,2024-04-19,2024-04-29,0.0136757744232476,2024,2023-12-31,native_mse,20260911,0.009651811290201222,,1,1
weekly_global_ungated,3216,2024-04-26,2024-05-13,0.0172434956786644,2024,2023-12-31,native_mse,20260911,0.005960111287081512,,1,1
weekly_global_ungated,3223,2024-05-10,2024-05-20,0.0097933549988344,2024,2023-12-31,native_mse,20260911,-0.004933376296222066,,0,1
weekly_global_ungated,3228,2024-05-17,2024-05-27,-0.0204803832637164,2024,2023-12-31,native_mse,20260911,-0.003099362011607103,,0,0
weekly_global_ungated,3233,2024-05-24,2024-06-03,-0.0081155643048258,2024,2023-12-31,native_mse,20260911,-0.0038744398417857777,,0,0
weekly_global_ungated,3238,2024-05-31,2024-06-11,-0.0060267570121149,2024,2023-12-31,native_mse,20260911,-0.0020292253039693184,,0,0
weekly_global_ungated,3243,2024-06-07,2024-06-17,-0.0096686558937179,2024,2023-12-31,native_mse,20260911,5.7354393489387904e-05,,1,0
weekly_global_ungated,3247,2024-06-14,2024-06-24,-0.013573992457631,2024,2023-12-31,native_mse,20260911,0.0016373878025280563,,1,0
weekly_global_ungated,3252,2024-06-21,2024-07-01,-0.004427632109257,2024,2023-12-31,native_mse,20260911,0.0027588932782398315,,1,0
weekly_global_ungated,3257,2024-06-28,2024-07-08,-0.0108320369203009,2024,2023-12-31,native_mse,20260911,0.0032470747873102144,,1,0
weekly_global_ungated,3262,2024-07-05,2024-07-15,0.0122222871842843,2024,2023-12-31,native_mse,20260911,0.002652089101692747,,1,1
weekly_global_ungated,3267,2024-07-12,2024-07-22,0.0218881133018156,2024,2023-12-31,native_mse,20260911,0.004450330503533944,,1,1
weekly_global_ungated,3272,2024-07-19,2024-07-29,-0.0378787022382998,2024,2023-12-31,native_mse,20260911,-0.0012744559041647184,,0,0
weekly_global_ungated,3277,2024-07-26,2024-08-05,-0.0124134568216732,2024,2023-12-31,native_mse,20260911,-0.001291795834448832,,0,0
weekly_global_ungated,3282,2024-08-02,2024-08-12,-0.0102762848330364,2024,2023-12-31,native_mse,20260911,-0.002458562952290899,,0,0
weekly_global_ungated,3287,2024-08-09,2024-08-19,0.0050186923751938,2024,2023-12-31,native_mse,20260911,-0.0009352769264030156,,0,1
weekly_global_ungated,3292,2024-08-16,2024-08-26,-0.0040487282687352,2024,2023-12-31,native_mse,20260911,-0.0034014636043486098,,0,0
weekly_global_ungated,3297,2024-08-23,2024-09-02,-0.0069594562136714,2024,2023-12-31,native_mse,20260911,-0.0018665564124188876,,0,0
weekly_global_ungated,3302,2024-08-30,2024-09-09,-0.0280389655151561,2024,2023-12-31,native_mse,20260911,2.766314850337684e-05,,1,0
weekly_global_ungated,3307,2024-09-06,2024-09-18,-0.0174132138857783,2024,2023-12-31,native_mse,20260911,0.0015093996928045017,,1,0
weekly_global_ungated,3312,2024-09-13,2024-09-24,0.0133119329369826,2024,2023-12-31,native_mse,20260911,0.005047902673988417,,1,1
weekly_global_ungated,3315,2024-09-20,2024-09-30,0.2017513988384409,2024,2023-12-31,native_mse,20260911,0.006841795120835749,,1,1
weekly_global_ungated,3320,2024-09-27,2024-10-14,0.0178259004588408,2024,2023-12-31,native_mse,20260911,0.011643607701046107,,1,1
weekly_global_ungated,3325,2024-10-11,2024-10-21,0.0080914993282625,2024,2023-12-31,native_mse,20260911,0.006958055096152153,,1,1
weekly_global_ungated,3330,2024-10-18,2024-10-28,0.0015733867085561,2024,2023-12-31,native_mse,20260911,0.0035488889473533555,,1,1
weekly_global_ungated,3335,2024-10-25,2024-11-04,-0.0140142824257356,2024,2023-12-31,native_mse,20260911,-0.004087166652715301,,0,0
weekly_global_ungated,3340,2024-11-01,2024-11-11,0.0434152361258277,2024,2023-12-31,native_mse,20260911,-0.008879815780234165,,0,1
weekly_global_ungated,3345,2024-11-08,2024-11-18,-0.0208584853931589,2024,2023-12-31,native_mse,20260911,-0.0016665405141504353,,0,0
weekly_global_ungated,3350,2024-11-15,2024-11-25,-0.0267421712161923,2024,2023-12-31,native_mse,20260911,-0.0014397200836903515,,0,0
weekly_global_ungated,3355,2024-11-22,2024-12-02,0.0087960346887328,2024,2023-12-31,native_mse,20260911,-0.00394305191034785,,0,1
weekly_global_ungated,3360,2024-11-29,2024-12-09,0.0155919891551781,2024,2023-12-31,native_mse,20260911,-0.003787046789689023,,0,1
weekly_global_ungated,3365,2024-12-06,2024-12-16,-0.0100436703218104,2024,2023-12-31,native_mse,20260911,-0.0013163950781598383,,0,0
weekly_global_ungated,3370,2024-12-13,2024-12-23,-0.0006690784017421,2024,2023-12-31,native_mse,20260911,-0.007731413237017607,,0,0
weekly_global_ungated,3375,2024-12-20,2024-12-30,0.0123595076562756,2024,2023-12-31,native_mse,20260911,-0.005503589541502588,,0,1
weekly_global_ungated,3380,2024-12-27,2025-01-06,-0.0504714964669198,2024,2023-12-31,native_mse,20260911,0.006049137218951889,,1,0
weekly_global_ungated,3144,2024-01-05,2024-01-15,-0.0158038409563566,2024,2023-12-31,native_mse,20260912,0.001652613648937757,,1,0
weekly_global_ungated,3149,2024-01-12,2024-01-22,-0.002333261979756,2024,2023-12-31,native_mse,20260912,0.0017566823014709063,,1,0
weekly_global_ungated,3154,2024-01-19,2024-01-29,0.0223511633823452,2024,2023-12-31,native_mse,20260912,0.0017349357863463528,,1,1
weekly_global_ungated,3159,2024-01-26,2024-02-05,-0.0513103415192826,2024,2023-12-31,native_mse,20260912,0.0017756045446650414,,1,0
weekly_global_ungated,3164,2024-02-02,2024-02-26,0.1015374891364462,2024,2023-12-31,native_mse,20260912,0.0017702651342618495,,1,1
weekly_global_ungated,3173,2024-02-23,2024-03-04,0.0151569053862528,2024,2023-12-31,native_mse,20260912,0.0018705013508167863,,1,1
weekly_global_ungated,3178,2024-03-01,2024-03-11,0.0021394031715169,2024,2023-12-31,native_mse,20260912,0.0020966839632058165,,1,1
weekly_global_ungated,3183,2024-03-08,2024-03-18,0.0087762342284414,2024,2023-12-31,native_mse,20260912,0.0021229030867072935,,1,1
weekly_global_ungated,3188,2024-03-15,2024-03-25,-0.0112802133595746,2024,2023-12-31,native_mse,20260912,0.002169492364912302,,1,0
weekly_global_ungated,3193,2024-03-22,2024-04-01,0.0042044725182444,2024,2023-12-31,native_mse,20260912,0.0021346683785466035,,1,1
weekly_global_ungated,3198,2024-03-29,2024-04-15,-0.0219845815102011,2024,2023-12-31,native_mse,20260912,0.001970104765042201,,1,0
weekly_global_ungated,3206,2024-04-12,2024-04-22,0.018045199366633,2024,2023-12-31,native_mse,20260912,0.0018950666103198662,,1,1
weekly_global_ungated,3211,2024-04-19,2024-04-29,0.0136757744232476,2024,2023-12-31,native_mse,20260912,0.0014826942470986316,,1,1
weekly_global_ungated,3216,2024-04-26,2024-05-13,0.0172434956786644,2024,2023-12-31,native_mse,20260912,0.0010502698704938512,,1,1
weekly_global_ungated,3223,2024-05-10,2024-05-20,0.0097933549988344,2024,2023-12-31,native_mse,20260912,0.0008603132721811119,,1,1
weekly_global_ungated,3228,2024-05-17,2024-05-27,-0.0204803832637164,2024,2023-12-31,native_mse,20260912,0.000598359363630433,,1,0
weekly_global_ungated,3233,2024-05-24,2024-06-03,-0.0081155643048258,2024,2023-12-31,native_mse,20260912,0.0005736014331172037,,1,0
weekly_global_ungated,3238,2024-05-31,2024-06-11,-0.0060267570121149,2024,2023-12-31,native_mse,20260912,0.0005483327414548749,,1,0
weekly_global_ungated,3243,2024-06-07,2024-06-17,-0.0096686558937179,2024,2023-12-31,native_mse,20260912,0.000585176229140396,,1,0
weekly_global_ungated,3247,2024-06-14,2024-06-24,-0.013573992457631,2024,2023-12-31,native_mse,20260912,0.000605835607878555,,1,0
weekly_global_ungated,3252,2024-06-21,2024-07-01,-0.004427632109257,2024,2023-12-31,native_mse,20260912,0.0006286050015987623,,1,0
weekly_global_ungated,3257,2024-06-28,2024-07-08,-0.0108320369203009,2024,2023-12-31,native_mse,20260912,0.00064228262166844,,1,0
weekly_global_ungated,3262,2024-07-05,2024-07-15,0.0122222871842843,2024,2023-12-31,native_mse,20260912,0.000721007461573622,,1,1
weekly_global_ungated,3267,2024-07-12,2024-07-22,0.0218881133018156,2024,2023-12-31,native_mse,20260912,0.000821435978076197,,1,1
weekly_global_ungated,3272,2024-07-19,2024-07-29,-0.0378787022382998,2024,2023-12-31,native_mse,20260912,0.0008418861287390497,,1,0
weekly_global_ungated,3277,2024-07-26,2024-08-05,-0.0124134568216732,2024,2023-12-31,native_mse,20260912,0.0012675510770958798,,1,0
weekly_global_ungated,3282,2024-08-02,2024-08-12,-0.0102762848330364,2024,2023-12-31,native_mse,20260912,0.0015249857513458085,,1,0
weekly_global_ungated,3287,2024-08-09,2024-08-19,0.0050186923751938,2024,2023-12-31,native_mse,20260912,0.0015779514189250905,,1,1
weekly_global_ungated,3292,2024-08-16,2024-08-26,-0.0040487282687352,2024,2023-12-31,native_mse,20260912,0.0013998325080271312,,1,0
weekly_global_ungated,3297,2024-08-23,2024-09-02,-0.0069594562136714,2024,2023-12-31,native_mse,20260912,0.0014255873683507452,,1,0
weekly_global_ungated,3302,2024-08-30,2024-09-09,-0.0280389655151561,2024,2023-12-31,native_mse,20260912,0.0015330401621674865,,1,0
weekly_global_ungated,3307,2024-09-06,2024-09-18,-0.0174132138857783,2024,2023-12-31,native_mse,20260912,0.0015627932338450265,,1,0
weekly_global_ungated,3312,2024-09-13,2024-09-24,0.0133119329369826,2024,2023-12-31,native_mse,20260912,0.0015103830852308555,,1,1
weekly_global_ungated,3315,2024-09-20,2024-09-30,0.2017513988384409,2024,2023-12-31,native_mse,20260912,0.0015343284400254939,,1,1
weekly_global_ungated,3320,2024-09-27,2024-10-14,0.0178259004588408,2024,2023-12-31,native_mse,20260912,0.0015725051425186597,,1,1
weekly_global_ungated,3325,2024-10-11,2024-10-21,0.0080914993282625,2024,2023-12-31,native_mse,20260912,0.0019394229622847915,,1,1
weekly_global_ungated,3330,2024-10-18,2024-10-28,0.0015733867085561,2024,2023-12-31,native_mse,20260912,0.0021210173726156634,,1,1
weekly_global_ungated,3335,2024-10-25,2024-11-04,-0.0140142824257356,2024,2023-12-31,native_mse,20260912,0.0021565584052961957,,1,0
weekly_global_ungated,3340,2024-11-01,2024-11-11,0.0434152361258277,2024,2023-12-31,native_mse,20260912,0.002066143931918221,,1,1
weekly_global_ungated,3345,2024-11-08,2024-11-18,-0.0208584853931589,2024,2023-12-31,native_mse,20260912,0.0019328021834634566,,1,0
weekly_global_ungated,3350,2024-11-15,2024-11-25,-0.0267421712161923,2024,2023-12-31,native_mse,20260912,0.0016078398644429398,,1,0
weekly_global_ungated,3355,2024-11-22,2024-12-02,0.0087960346887328,2024,2023-12-31,native_mse,20260912,0.0014387624930086427,,1,1
weekly_global_ungated,3360,2024-11-29,2024-12-09,0.0155919891551781,2024,2023-12-31,native_mse,20260912,0.001055672591838617,,1,1
weekly_global_ungated,3365,2024-12-06,2024-12-16,-0.0100436703218104,2024,2023-12-31,native_mse,20260912,0.0009332123922739673,,1,0
weekly_global_ungated,3370,2024-12-13,2024-12-23,-0.0006690784017421,2024,2023-12-31,native_mse,20260912,0.0007303535282016855,,1,0
weekly_global_ungated,3375,2024-12-20,2024-12-30,0.0123595076562756,2024,2023-12-31,native_mse,20260912,0.0006347143027364932,,1,1
weekly_global_ungated,3380,2024-12-27,2025-01-06,-0.0504714964669198,2024,2023-12-31,native_mse,20260912,0.0004962445983289108,,1,0
weekly_global_ungated,3384,2025-01-03,2025-01-13,-0.0189486730632231,2025,2024-12-31,native_mse,20260910,-0.0042551962797835255,,0,0
weekly_global_ungated,3389,2025-01-10,2025-01-20,0.0353251773547418,2025,2024-12-31,native_mse,20260910,-0.004346017102457373,,0,1
weekly_global_ungated,3394,2025-01-17,2025-01-27,0.000432821422053,2025,2024-12-31,native_mse,20260910,-0.0019110835117753682,,0,1
weekly_global_ungated,3399,2025-01-24,2025-02-10,0.0159344898044284,2025,2024-12-31,native_mse,20260910,-0.0018767518511483509,,0,1
weekly_global_ungated,3403,2025-02-07,2025-02-17,0.0144454990892999,2025,2024-12-31,native_mse,20260910,-0.0005243581714439598,,0,1
weekly_global_ungated,3408,2025-02-14,2025-02-24,0.0045695818086644,2025,2024-12-31,native_mse,20260910,0.0018166916350322408,,1,1
weekly_global_ungated,3413,2025-02-21,2025-03-03,-0.0183210488158531,2025,2024-12-31,native_mse,20260910,-0.0017910693651536675,,0,0
weekly_global_ungated,3418,2025-02-28,2025-03-10,0.0117650075646844,2025,2024-12-31,native_mse,20260910,8.039864129989814e-05,,1,1
weekly_global_ungated,3423,2025-03-07,2025-03-17,0.019023819058288,2025,2024-12-31,native_mse,20260910,0.00045020548490624885,,1,1
weekly_global_ungated,3428,2025-03-14,2025-03-24,-0.0259983485216283,2025,2024-12-31,native_mse,20260910,0.004030585426274574,,1,0
weekly_global_ungated,3433,2025-03-21,2025-03-31,-0.0025867506275359,2025,2024-12-31,native_mse,20260910,0.0025467178052053364,,1,0
weekly_global_ungated,3438,2025-03-28,2025-04-14,-0.0342910101946246,2025,2024-12-31,native_mse,20260910,0.007880897711304511,,1,0
weekly_global_ungated,3447,2025-04-11,2025-04-21,-0.0010339232881941,2025,2024-12-31,native_mse,20260910,5.880823721327009e-05,,1,0
weekly_global_ungated,3452,2025-04-18,2025-04-28,0.0048432383085554,2025,2024-12-31,native_mse,20260910,0.005609692399565023,,1,1
weekly_global_ungated,3457,2025-04-25,2025-05-12,0.02116527880118,2025,2024-12-31,native_mse,20260910,-0.000987643148635555,,0,1
weekly_global_ungated,3464,2025-05-09,2025-05-19,0.0041484224873464,2025,2024-12-31,native_mse,20260910,-0.0013747677302766792,,0,1
weekly_global_ungated,3469,2025-05-16,2025-05-26,-0.0017462660042188,2025,2024-12-31,native_mse,20260910,-0.0004666942525332647,,0,0
weekly_global_ungated,3474,2025-05-23,2025-06-03,-0.0109216443615366,2025,2024-12-31,native_mse,20260910,-0.0003784346347167226,,0,0
weekly_global_ungated,3479,2025-05-30,2025-06-09,0.011566574321892,2025,2024-12-31,native_mse,20260910,0.0010175785321809984,,1,1
weekly_global_ungated,3483,2025-06-06,2025-06-16,-0.0062354943524679,2025,2024-12-31,native_mse,20260910,-0.0001914645603575384,,0,0
weekly_global_ungated,3488,2025-06-13,2025-06-23,-0.005825691168304,2025,2024-12-31,native_mse,20260910,1.1665969000571627e-05,,1,0
weekly_global_ungated,3493,2025-06-20,2025-06-30,0.0232670437490374,2025,2024-12-31,native_mse,20260910,0.0007044968618821799,,1,1
weekly_global_ungated,3498,2025-06-27,2025-07-07,0.0145345648685946,2025,2024-12-31,native_mse,20260910,-0.003232334991441291,,0,1
weekly_global_ungated,3503,2025-07-04,2025-07-14,0.0110426949002964,2025,2024-12-31,native_mse,20260910,0.003419117861495023,,1,1
weekly_global_ungated,3508,2025-07-11,2025-07-21,0.0120759671840067,2025,2024-12-31,native_mse,20260910,0.011140680775400312,,1,1
weekly_global_ungated,3513,2025-07-18,2025-07-28,0.0143570766898375,2025,2024-12-31,native_mse,20260910,-0.002127522022613997,,0,1
weekly_global_ungated,3518,2025-07-25,2025-08-04,-0.0218642507630443,2025,2024-12-31,native_mse,20260910,-0.001869242573817923,,0,0
weekly_global_ungated,3523,2025-08-01,2025-08-11,0.0179175520190988,2025,2024-12-31,native_mse,20260910,2.2319590068522338e-05,,1,1
weekly_global_ungated,3528,2025-08-08,2025-08-18,0.026265786598999,2025,2024-12-31,native_mse,20260910,-0.004614466433741538,,0,1
weekly_global_ungated,3533,2025-08-15,2025-08-25,0.0469483790671487,2025,2024-12-31,native_mse,20260910,-0.0013489789955213162,,0,1
weekly_global_ungated,3538,2025-08-22,2025-09-01,0.0227770368340847,2025,2024-12-31,native_mse,20260910,-0.004341013056443359,,0,1
weekly_global_ungated,3543,2025-08-29,2025-09-08,-0.0110053842475337,2025,2024-12-31,native_mse,20260910,-0.004924417538845909,,0,0
weekly_global_ungated,3548,2025-09-05,2025-09-15,0.0151594857594405,2025,2024-12-31,native_mse,20260910,-0.004519124644784283,,0,1
weekly_global_ungated,3553,2025-09-12,2025-09-22,-0.0050409160971932,2025,2024-12-31,native_mse,20260910,-0.004114428954602145,,0,0
weekly_global_ungated,3558,2025-09-19,2025-09-29,0.0095300784790881,2025,2024-12-31,native_mse,20260910,-0.0047590961051182015,,0,1
weekly_global_ungated,3563,2025-09-26,2025-10-13,-0.0140855274279203,2025,2024-12-31,native_mse,20260910,-0.004219803127072934,,0,0
weekly_global_ungated,3567,2025-10-10,2025-10-20,0.015001547584321,2025,2024-12-31,native_mse,20260910,-0.003823350500415441,,0,1
weekly_global_ungated,3572,2025-10-17,2025-10-27,0.0309637052897611,2025,2024-12-31,native_mse,20260910,-0.003866623261027931,,0,1
weekly_global_ungated,3577,2025-10-24,2025-11-03,-0.013331545863497,2025,2024-12-31,native_mse,20260910,-0.0036382658807448576,,0,0
weekly_global_ungated,3582,2025-10-31,2025-11-10,0.0110832418536339,2025,2024-12-31,native_mse,20260910,-0.003790641327688186,,0,1
weekly_global_ungated,3587,2025-11-07,2025-11-17,-0.0152107881197579,2025,2024-12-31,native_mse,20260910,-0.003538974204578519,,0,0
weekly_global_ungated,3592,2025-11-14,2025-11-24,-0.031114557454173,2025,2024-12-31,native_mse,20260910,-0.003282621345580935,,0,0
weekly_global_ungated,3597,2025-11-21,2025-12-01,0.0147613767448515,2025,2024-12-31,native_mse,20260910,-0.0034884891644206416,,0,1
weekly_global_ungated,3602,2025-11-28,2025-12-08,0.0118853804313106,2025,2024-12-31,native_mse,20260910,-0.003806133337151431,,0,1
weekly_global_ungated,3607,2025-12-05,2025-12-15,-0.0093922675990717,2025,2024-12-31,native_mse,20260910,-0.003208553856296927,,0,0
weekly_global_ungated,3612,2025-12-12,2025-12-22,0.0082791208791208,2025,2024-12-31,native_mse,20260910,0.0022387132272507658,,1,1
weekly_global_ungated,3617,2025-12-19,2025-12-29,0.0153890755001995,2025,2024-12-31,native_mse,20260910,0.006486312528548796,,1,1
weekly_global_ungated,3622,2025-12-26,2026-01-12,0.0239101640737868,2025,2024-12-31,native_mse,20260910,-0.0003728277129905187,,0,1
weekly_global_ungated,3384,2025-01-03,2025-01-13,-0.0189486730632231,2025,2024-12-31,training_frequency,-1,0.472636815920398,0.472636815920398,0,0
weekly_global_ungated,3389,2025-01-10,2025-01-20,0.0353251773547418,2025,2024-12-31,training_frequency,-1,0.472636815920398,0.472636815920398,0,1
weekly_global_ungated,3394,2025-01-17,2025-01-27,0.000432821422053,2025,2024-12-31,training_frequency,-1,0.472636815920398,0.472636815920398,0,1
weekly_global_ungated,3399,2025-01-24,2025-02-10,0.0159344898044284,2025,2024-12-31,training_frequency,-1,0.472636815920398,0.472636815920398,0,1
weekly_global_ungated,3403,2025-02-07,2025-02-17,0.0144454990892999,2025,2024-12-31,training_frequency,-1,0.472636815920398,0.472636815920398,0,1
weekly_global_ungated,3408,2025-02-14,2025-02-24,0.0045695818086644,2025,2024-12-31,training_frequency,-1,0.472636815920398,0.472636815920398,0,1
weekly_global_ungated,3413,2025-02-21,2025-03-03,-0.0183210488158531,2025,2024-12-31,training_frequency,-1,0.472636815920398,0.472636815920398,0,0
weekly_global_ungated,3418,2025-02-28,2025-03-10,0.0117650075646844,2025,2024-12-31,training_frequency,-1,0.472636815920398,0.472636815920398,0,1
weekly_global_ungated,3423,2025-03-07,2025-03-17,0.019023819058288,2025,2024-12-31,training_frequency,-1,0.472636815920398,0.472636815920398,0,1
weekly_global_ungated,3428,2025-03-14,2025-03-24,-0.0259983485216283,2025,2024-12-31,training_frequency,-1,0.472636815920398,0.472636815920398,0,0
weekly_global_ungated,3433,2025-03-21,2025-03-31,-0.0025867506275359,2025,2024-12-31,training_frequency,-1,0.472636815920398,0.472636815920398,0,0
weekly_global_ungated,3438,2025-03-28,2025-04-14,-0.0342910101946246,2025,2024-12-31,training_frequency,-1,0.472636815920398,0.472636815920398,0,0
weekly_global_ungated,3447,2025-04-11,2025-04-21,-0.0010339232881941,2025,2024-12-31,training_frequency,-1,0.472636815920398,0.472636815920398,0,0
weekly_global_ungated,3452,2025-04-18,2025-04-28,0.0048432383085554,2025,2024-12-31,training_frequency,-1,0.472636815920398,0.472636815920398,0,1
weekly_global_ungated,3457,2025-04-25,2025-05-12,0.02116527880118,2025,2024-12-31,training_frequency,-1,0.472636815920398,0.472636815920398,0,1
weekly_global_ungated,3464,2025-05-09,2025-05-19,0.0041484224873464,2025,2024-12-31,training_frequency,-1,0.472636815920398,0.472636815920398,0,1
weekly_global_ungated,3469,2025-05-16,2025-05-26,-0.0017462660042188,2025,2024-12-31,training_frequency,-1,0.472636815920398,0.472636815920398,0,0
weekly_global_ungated,3474,2025-05-23,2025-06-03,-0.0109216443615366,2025,2024-12-31,training_frequency,-1,0.472636815920398,0.472636815920398,0,0
weekly_global_ungated,3479,2025-05-30,2025-06-09,0.011566574321892,2025,2024-12-31,training_frequency,-1,0.472636815920398,0.472636815920398,0,1
weekly_global_ungated,3483,2025-06-06,2025-06-16,-0.0062354943524679,2025,2024-12-31,training_frequency,-1,0.472636815920398,0.472636815920398,0,0
weekly_global_ungated,3488,2025-06-13,2025-06-23,-0.005825691168304,2025,2024-12-31,training_frequency,-1,0.472636815920398,0.472636815920398,0,0
weekly_global_ungated,3493,2025-06-20,2025-06-30,0.0232670437490374,2025,2024-12-31,training_frequency,-1,0.472636815920398,0.472636815920398,0,1
weekly_global_ungated,3498,2025-06-27,2025-07-07,0.0145345648685946,2025,2024-12-31,training_frequency,-1,0.472636815920398,0.472636815920398,0,1
weekly_global_ungated,3503,2025-07-04,2025-07-14,0.0110426949002964,2025,2024-12-31,training_frequency,-1,0.472636815920398,0.472636815920398,0,1
weekly_global_ungated,3508,2025-07-11,2025-07-21,0.0120759671840067,2025,2024-12-31,training_frequency,-1,0.472636815920398,0.472636815920398,0,1
weekly_global_ungated,3513,2025-07-18,2025-07-28,0.0143570766898375,2025,2024-12-31,training_frequency,-1,0.472636815920398,0.472636815920398,0,1
weekly_global_ungated,3518,2025-07-25,2025-08-04,-0.0218642507630443,2025,2024-12-31,training_frequency,-1,0.472636815920398,0.472636815920398,0,0
weekly_global_ungated,3523,2025-08-01,2025-08-11,0.0179175520190988,2025,2024-12-31,training_frequency,-1,0.472636815920398,0.472636815920398,0,1
weekly_global_ungated,3528,2025-08-08,2025-08-18,0.026265786598999,2025,2024-12-31,training_frequency,-1,0.472636815920398,0.472636815920398,0,1
weekly_global_ungated,3533,2025-08-15,2025-08-25,0.0469483790671487,2025,2024-12-31,training_frequency,-1,0.472636815920398,0.472636815920398,0,1
weekly_global_ungated,3538,2025-08-22,2025-09-01,0.0227770368340847,2025,2024-12-31,training_frequency,-1,0.472636815920398,0.472636815920398,0,1
weekly_global_ungated,3543,2025-08-29,2025-09-08,-0.0110053842475337,2025,2024-12-31,training_frequency,-1,0.472636815920398,0.472636815920398,0,0
weekly_global_ungated,3548,2025-09-05,2025-09-15,0.0151594857594405,2025,2024-12-31,training_frequency,-1,0.472636815920398,0.472636815920398,0,1
weekly_global_ungated,3553,2025-09-12,2025-09-22,-0.0050409160971932,2025,2024-12-31,training_frequency,-1,0.472636815920398,0.472636815920398,0,0
weekly_global_ungated,3558,2025-09-19,2025-09-29,0.0095300784790881,2025,2024-12-31,training_frequency,-1,0.472636815920398,0.472636815920398,0,1
weekly_global_ungated,3563,2025-09-26,2025-10-13,-0.0140855274279203,2025,2024-12-31,training_frequency,-1,0.472636815920398,0.472636815920398,0,0
weekly_global_ungated,3567,2025-10-10,2025-10-20,0.015001547584321,2025,2024-12-31,training_frequency,-1,0.472636815920398,0.472636815920398,0,1
weekly_global_ungated,3572,2025-10-17,2025-10-27,0.0309637052897611,2025,2024-12-31,training_frequency,-1,0.472636815920398,0.472636815920398,0,1
weekly_global_ungated,3577,2025-10-24,2025-11-03,-0.013331545863497,2025,2024-12-31,training_frequency,-1,0.472636815920398,0.472636815920398,0,0
weekly_global_ungated,3582,2025-10-31,2025-11-10,0.0110832418536339,2025,2024-12-31,training_frequency,-1,0.472636815920398,0.472636815920398,0,1
weekly_global_ungated,3587,2025-11-07,2025-11-17,-0.0152107881197579,2025,2024-12-31,training_frequency,-1,0.472636815920398,0.472636815920398,0,0
weekly_global_ungated,3592,2025-11-14,2025-11-24,-0.031114557454173,2025,2024-12-31,training_frequency,-1,0.472636815920398,0.472636815920398,0,0
weekly_global_ungated,3597,2025-11-21,2025-12-01,0.0147613767448515,2025,2024-12-31,training_frequency,-1,0.472636815920398,0.472636815920398,0,1
weekly_global_ungated,3602,2025-11-28,2025-12-08,0.0118853804313106,2025,2024-12-31,training_frequency,-1,0.472636815920398,0.472636815920398,0,1
weekly_global_ungated,3607,2025-12-05,2025-12-15,-0.0093922675990717,2025,2024-12-31,training_frequency,-1,0.472636815920398,0.472636815920398,0,0
weekly_global_ungated,3612,2025-12-12,2025-12-22,0.0082791208791208,2025,2024-12-31,training_frequency,-1,0.472636815920398,0.472636815920398,0,1
weekly_global_ungated,3617,2025-12-19,2025-12-29,0.0153890755001995,2025,2024-12-31,training_frequency,-1,0.472636815920398,0.472636815920398,0,1
weekly_global_ungated,3622,2025-12-26,2026-01-12,0.0239101640737868,2025,2024-12-31,training_frequency,-1,0.472636815920398,0.472636815920398,0,1
weekly_global_ungated,3384,2025-01-03,2025-01-13,-0.0189486730632231,2025,2024-12-31,native_mse,20260911,-0.002243633031677963,,0,0
weekly_global_ungated,3389,2025-01-10,2025-01-20,0.0353251773547418,2025,2024-12-31,native_mse,20260911,-0.0018394813791051527,,0,1
weekly_global_ungated,3394,2025-01-17,2025-01-27,0.000432821422053,2025,2024-12-31,native_mse,20260911,-0.0014393263633927758,,0,1
weekly_global_ungated,3399,2025-01-24,2025-02-10,0.0159344898044284,2025,2024-12-31,native_mse,20260911,-0.0005732481089145066,,0,1
weekly_global_ungated,3403,2025-02-07,2025-02-17,0.0144454990892999,2025,2024-12-31,native_mse,20260911,-0.0003493640286036611,,0,1
weekly_global_ungated,3408,2025-02-14,2025-02-24,0.0045695818086644,2025,2024-12-31,native_mse,20260911,-6.571465300264602e-06,,0,1
weekly_global_ungated,3413,2025-02-21,2025-03-03,-0.0183210488158531,2025,2024-12-31,native_mse,20260911,0.00010564573035517886,,1,0
weekly_global_ungated,3418,2025-02-28,2025-03-10,0.0117650075646844,2025,2024-12-31,native_mse,20260911,0.00030938900384146466,,1,1
weekly_global_ungated,3423,2025-03-07,2025-03-17,0.019023819058288,2025,2024-12-31,native_mse,20260911,0.0003527669941379203,,1,1
weekly_global_ungated,3428,2025-03-14,2025-03-24,-0.0259983485216283,2025,2024-12-31,native_mse,20260911,0.0004719065040533454,,1,0
weekly_global_ungated,3433,2025-03-21,2025-03-31,-0.0025867506275359,2025,2024-12-31,native_mse,20260911,0.0001374212134311476,,1,0
weekly_global_ungated,3438,2025-03-28,2025-04-14,-0.0342910101946246,2025,2024-12-31,native_mse,20260911,0.0003460895283123176,,1,0
weekly_global_ungated,3447,2025-04-11,2025-04-21,-0.0010339232881941,2025,2024-12-31,native_mse,20260911,0.000247650617921614,,1,0
weekly_global_ungated,3452,2025-04-18,2025-04-28,0.0048432383085554,2025,2024-12-31,native_mse,20260911,0.0005399418130639047,,1,1
weekly_global_ungated,3457,2025-04-25,2025-05-12,0.02116527880118,2025,2024-12-31,native_mse,20260911,0.00041859235087992534,,1,1
weekly_global_ungated,3464,2025-05-09,2025-05-19,0.0041484224873464,2025,2024-12-31,native_mse,20260911,-0.00023324757687195213,,0,1
weekly_global_ungated,3469,2025-05-16,2025-05-26,-0.0017462660042188,2025,2024-12-31,native_mse,20260911,-0.0007053097438131018,,0,0
weekly_global_ungated,3474,2025-05-23,2025-06-03,-0.0109216443615366,2025,2024-12-31,native_mse,20260911,-0.0004283154814639044,,0,0
weekly_global_ungated,3479,2025-05-30,2025-06-09,0.011566574321892,2025,2024-12-31,native_mse,20260911,-0.0007435280421209072,,0,1
weekly_global_ungated,3483,2025-06-06,2025-06-16,-0.0062354943524679,2025,2024-12-31,native_mse,20260911,0.00031992663879525335,,1,0
weekly_global_ungated,3488,2025-06-13,2025-06-23,-0.005825691168304,2025,2024-12-31,native_mse,20260911,-0.00012583521126832513,,0,0
weekly_global_ungated,3493,2025-06-20,2025-06-30,0.0232670437490374,2025,2024-12-31,native_mse,20260911,0.0004804870845920942,,1,1
weekly_global_ungated,3498,2025-06-27,2025-07-07,0.0145345648685946,2025,2024-12-31,native_mse,20260911,0.0003559800730399111,,1,1
weekly_global_ungated,3503,2025-07-04,2025-07-14,0.0110426949002964,2025,2024-12-31,native_mse,20260911,0.0001003436982822433,,1,1
weekly_global_ungated,3508,2025-07-11,2025-07-21,0.0120759671840067,2025,2024-12-31,native_mse,20260911,0.00011930674045287023,,1,1
weekly_global_ungated,3513,2025-07-18,2025-07-28,0.0143570766898375,2025,2024-12-31,native_mse,20260911,-0.00014021210404791933,,0,1
weekly_global_ungated,3518,2025-07-25,2025-08-04,-0.0218642507630443,2025,2024-12-31,native_mse,20260911,-0.0010675431152552786,,0,0
weekly_global_ungated,3523,2025-08-01,2025-08-11,0.0179175520190988,2025,2024-12-31,native_mse,20260911,-0.0011114652147751107,,0,1
weekly_global_ungated,3528,2025-08-08,2025-08-18,0.026265786598999,2025,2024-12-31,native_mse,20260911,-0.0011821175732785794,,0,1
weekly_global_ungated,3533,2025-08-15,2025-08-25,0.0469483790671487,2025,2024-12-31,native_mse,20260911,-0.001692750035902398,,0,1
weekly_global_ungated,3538,2025-08-22,2025-09-01,0.0227770368340847,2025,2024-12-31,native_mse,20260911,-0.0020785336587941633,,0,1
weekly_global_ungated,3543,2025-08-29,2025-09-08,-0.0110053842475337,2025,2024-12-31,native_mse,20260911,-0.0022958519339049935,,0,0
weekly_global_ungated,3548,2025-09-05,2025-09-15,0.0151594857594405,2025,2024-12-31,native_mse,20260911,-0.002811169444921857,,0,1
weekly_global_ungated,3553,2025-09-12,2025-09-22,-0.0050409160971932,2025,2024-12-31,native_mse,20260911,-0.0028821755195373713,,0,0
weekly_global_ungated,3558,2025-09-19,2025-09-29,0.0095300784790881,2025,2024-12-31,native_mse,20260911,-0.0027270038017814854,,0,1
weekly_global_ungated,3563,2025-09-26,2025-10-13,-0.0140855274279203,2025,2024-12-31,native_mse,20260911,-0.002671446424452231,,0,0
weekly_global_ungated,3567,2025-10-10,2025-10-20,0.015001547584321,2025,2024-12-31,native_mse,20260911,-0.002875353278749809,,0,1
weekly_global_ungated,3572,2025-10-17,2025-10-27,0.0309637052897611,2025,2024-12-31,native_mse,20260911,-0.0026759293493526775,,0,1
weekly_global_ungated,3577,2025-10-24,2025-11-03,-0.013331545863497,2025,2024-12-31,native_mse,20260911,-0.0024118634853773644,,0,0
weekly_global_ungated,3582,2025-10-31,2025-11-10,0.0110832418536339,2025,2024-12-31,native_mse,20260911,-0.0024513790865101073,,0,1
weekly_global_ungated,3587,2025-11-07,2025-11-17,-0.0152107881197579,2025,2024-12-31,native_mse,20260911,-0.0023441841984512364,,0,0
weekly_global_ungated,3592,2025-11-14,2025-11-24,-0.031114557454173,2025,2024-12-31,native_mse,20260911,-0.0023326617843834286,,0,0
weekly_global_ungated,3597,2025-11-21,2025-12-01,0.0147613767448515,2025,2024-12-31,native_mse,20260911,-0.0021695162719280723,,0,1
weekly_global_ungated,3602,2025-11-28,2025-12-08,0.0118853804313106,2025,2024-12-31,native_mse,20260911,-0.0021230276394656705,,0,1
weekly_global_ungated,3607,2025-12-05,2025-12-15,-0.0093922675990717,2025,2024-12-31,native_mse,20260911,-0.0018508009821854902,,0,0
weekly_global_ungated,3612,2025-12-12,2025-12-22,0.0082791208791208,2025,2024-12-31,native_mse,20260911,-0.0014574936445709685,,0,1
weekly_global_ungated,3617,2025-12-19,2025-12-29,0.0153890755001995,2025,2024-12-31,native_mse,20260911,-0.001196551069802699,,0,1
weekly_global_ungated,3622,2025-12-26,2026-01-12,0.0239101640737868,2025,2024-12-31,native_mse,20260911,-0.0009424910062058391,,0,1
weekly_global_ungated,3384,2025-01-03,2025-01-13,-0.0189486730632231,2025,2024-12-31,native_mse,20260912,-0.003930728949605344,,0,0
weekly_global_ungated,3389,2025-01-10,2025-01-20,0.0353251773547418,2025,2024-12-31,native_mse,20260912,0.004608697114816542,,1,1
weekly_global_ungated,3394,2025-01-17,2025-01-27,0.000432821422053,2025,2024-12-31,native_mse,20260912,-0.0013781107886780553,,0,1
weekly_global_ungated,3399,2025-01-24,2025-02-10,0.0159344898044284,2025,2024-12-31,native_mse,20260912,0.008065382377116114,,1,1
weekly_global_ungated,3403,2025-02-07,2025-02-17,0.0144454990892999,2025,2024-12-31,native_mse,20260912,0.0020560919017093573,,1,1
weekly_global_ungated,3408,2025-02-14,2025-02-24,0.0045695818086644,2025,2024-12-31,native_mse,20260912,0.0004574229206631815,,1,1
weekly_global_ungated,3413,2025-02-21,2025-03-03,-0.0183210488158531,2025,2024-12-31,native_mse,20260912,-0.004487069050516085,,0,0
weekly_global_ungated,3418,2025-02-28,2025-03-10,0.0117650075646844,2025,2024-12-31,native_mse,20260912,0.007907777385840498,,1,1
weekly_global_ungated,3423,2025-03-07,2025-03-17,0.019023819058288,2025,2024-12-31,native_mse,20260912,-0.007080334543719193,,0,1
weekly_global_ungated,3428,2025-03-14,2025-03-24,-0.0259983485216283,2025,2024-12-31,native_mse,20260912,0.005416181842733637,,1,0
weekly_global_ungated,3433,2025-03-21,2025-03-31,-0.0025867506275359,2025,2024-12-31,native_mse,20260912,0.0028174386195491687,,1,0
weekly_global_ungated,3438,2025-03-28,2025-04-14,-0.0342910101946246,2025,2024-12-31,native_mse,20260912,0.0006099430279859906,,1,0
weekly_global_ungated,3447,2025-04-11,2025-04-21,-0.0010339232881941,2025,2024-12-31,native_mse,20260912,-0.0038314464400373087,,0,0
weekly_global_ungated,3452,2025-04-18,2025-04-28,0.0048432383085554,2025,2024-12-31,native_mse,20260912,-0.002239070357372274,,0,1
weekly_global_ungated,3457,2025-04-25,2025-05-12,0.02116527880118,2025,2024-12-31,native_mse,20260912,-0.0030291142570267483,,0,1
weekly_global_ungated,3464,2025-05-09,2025-05-19,0.0041484224873464,2025,2024-12-31,native_mse,20260912,-0.006797100864360832,,0,1
weekly_global_ungated,3469,2025-05-16,2025-05-26,-0.0017462660042188,2025,2024-12-31,native_mse,20260912,0.0011635229802106158,,1,0
weekly_global_ungated,3474,2025-05-23,2025-06-03,-0.0109216443615366,2025,2024-12-31,native_mse,20260912,-0.0015437185640202761,,0,0
weekly_global_ungated,3479,2025-05-30,2025-06-09,0.011566574321892,2025,2024-12-31,native_mse,20260912,-0.007042284452490261,,0,1
weekly_global_ungated,3483,2025-06-06,2025-06-16,-0.0062354943524679,2025,2024-12-31,native_mse,20260912,0.00028466611619904517,,1,0
weekly_global_ungated,3488,2025-06-13,2025-06-23,-0.005825691168304,2025,2024-12-31,native_mse,20260912,-0.006674179072757184,,0,0
weekly_global_ungated,3493,2025-06-20,2025-06-30,0.0232670437490374,2025,2024-12-31,native_mse,20260912,-0.0026285119113171485,,0,1
weekly_global_ungated,3498,2025-06-27,2025-07-07,0.0145345648685946,2025,2024-12-31,native_mse,20260912,-0.001664357643481335,,0,1
weekly_global_ungated,3503,2025-07-04,2025-07-14,0.0110426949002964,2025,2024-12-31,native_mse,20260912,0.0037107408116209707,,1,1
weekly_global_ungated,3508,2025-07-11,2025-07-21,0.0120759671840067,2025,2024-12-31,native_mse,20260912,0.002218014475368515,,1,1
weekly_global_ungated,3513,2025-07-18,2025-07-28,0.0143570766898375,2025,2024-12-31,native_mse,20260912,0.009911597608358887,,1,1
weekly_global_ungated,3518,2025-07-25,2025-08-04,-0.0218642507630443,2025,2024-12-31,native_mse,20260912,-0.0013540938427923275,,0,0
weekly_global_ungated,3523,2025-08-01,2025-08-11,0.0179175520190988,2025,2024-12-31,native_mse,20260912,0.002501110312004882,,1,1
weekly_global_ungated,3528,2025-08-08,2025-08-18,0.026265786598999,2025,2024-12-31,native_mse,20260912,-0.006121881900028309,,0,1
weekly_global_ungated,3533,2025-08-15,2025-08-25,0.0469483790671487,2025,2024-12-31,native_mse,20260912,-0.0031833828356847573,,0,1
weekly_global_ungated,3538,2025-08-22,2025-09-01,0.0227770368340847,2025,2024-12-31,native_mse,20260912,-0.005229739970136804,,0,1
weekly_global_ungated,3543,2025-08-29,2025-09-08,-0.0110053842475337,2025,2024-12-31,native_mse,20260912,0.0017396293034999204,,1,0
weekly_global_ungated,3548,2025-09-05,2025-09-15,0.0151594857594405,2025,2024-12-31,native_mse,20260912,-0.006315423164964012,,0,1
weekly_global_ungated,3553,2025-09-12,2025-09-22,-0.0050409160971932,2025,2024-12-31,native_mse,20260912,0.0036445584301978444,,1,0
weekly_global_ungated,3558,2025-09-19,2025-09-29,0.0095300784790881,2025,2024-12-31,native_mse,20260912,-0.007907179585583714,,0,1
weekly_global_ungated,3563,2025-09-26,2025-10-13,-0.0140855274279203,2025,2024-12-31,native_mse,20260912,-0.0016751946251609804,,0,0
weekly_global_ungated,3567,2025-10-10,2025-10-20,0.015001547584321,2025,2024-12-31,native_mse,20260912,-0.006402638764524997,,0,1
weekly_global_ungated,3572,2025-10-17,2025-10-27,0.0309637052897611,2025,2024-12-31,native_mse,20260912,-0.00870396964325983,,0,1
weekly_global_ungated,3577,2025-10-24,2025-11-03,-0.013331545863497,2025,2024-12-31,native_mse,20260912,-0.005475122015119508,,0,0
weekly_global_ungated,3582,2025-10-31,2025-11-10,0.0110832418536339,2025,2024-12-31,native_mse,20260912,-0.006949842516906396,,0,1
weekly_global_ungated,3587,2025-11-07,2025-11-17,-0.0152107881197579,2025,2024-12-31,native_mse,20260912,0.005808210669049744,,1,0
weekly_global_ungated,3592,2025-11-14,2025-11-24,-0.031114557454173,2025,2024-12-31,native_mse,20260912,-0.005729952989633713,,0,0
weekly_global_ungated,3597,2025-11-21,2025-12-01,0.0147613767448515,2025,2024-12-31,native_mse,20260912,-0.0015450315646448089,,0,1
weekly_global_ungated,3602,2025-11-28,2025-12-08,0.0118853804313106,2025,2024-12-31,native_mse,20260912,-0.0032204954130721736,,0,1
weekly_global_ungated,3607,2025-12-05,2025-12-15,-0.0093922675990717,2025,2024-12-31,native_mse,20260912,-0.0047114270439592345,,0,0
weekly_global_ungated,3612,2025-12-12,2025-12-22,0.0082791208791208,2025,2024-12-31,native_mse,20260912,0.0035042182684974187,,1,1
weekly_global_ungated,3617,2025-12-19,2025-12-29,0.0153890755001995,2025,2024-12-31,native_mse,20260912,-0.0005370407904008248,,0,1
weekly_global_ungated,3622,2025-12-26,2026-01-12,0.0239101640737868,2025,2024-12-31,native_mse,20260912,0.002315041428841435,,1,1
weekly_global_ungated,3630,2026-01-09,2026-01-19,-0.0103697336282536,2026,2025-12-31,native_mse,20260910,-0.002855102612462861,,0,0
weekly_global_ungated,3635,2026-01-16,2026-01-26,-0.0010190267764643,2026,2025-12-31,native_mse,20260910,-0.00015744638603756636,,0,0
weekly_global_ungated,3640,2026-01-23,2026-02-02,-0.0087161586128796,2026,2025-12-31,native_mse,20260910,-0.006105688647517694,,0,0
weekly_global_ungated,3645,2026-01-30,2026-02-09,0.0041482324550519,2026,2025-12-31,native_mse,20260910,-0.0019649521887390433,,0,1
weekly_global_ungated,3650,2026-02-06,2026-02-24,0.0071649689901505,2026,2025-12-31,native_mse,20260910,0.0047027542719540035,,1,1
weekly_global_ungated,3655,2026-02-13,2026-03-02,-0.0097920588919678,2026,2025-12-31,native_mse,20260910,0.0004179826835146159,,1,0
weekly_global_ungated,3659,2026-02-27,2026-03-09,-0.0172526869201304,2026,2025-12-31,native_mse,20260910,0.0022625269962182996,,1,0
weekly_global_ungated,3664,2026-03-06,2026-03-16,0.0149926634422041,2026,2025-12-31,native_mse,20260910,-0.003806878947664824,,0,1
weekly_global_ungated,3669,2026-03-13,2026-03-23,-0.0364343509194254,2026,2025-12-31,native_mse,20260910,-0.006468904470141985,,0,0
weekly_global_ungated,3674,2026-03-20,2026-03-30,-0.0083038829988221,2026,2025-12-31,native_mse,20260910,-0.006677801015318794,,0,0
weekly_global_ungated,3679,2026-03-27,2026-04-07,-0.0035591495694504,2026,2025-12-31,native_mse,20260910,-0.0012459609623288559,,0,0
weekly_global_ungated,3684,2026-04-03,2026-04-13,0.0380736235508991,2026,2025-12-31,native_mse,20260910,-0.0002708764126667155,,0,1
weekly_global_ungated,3688,2026-04-10,2026-04-20,0.0242766725964382,2026,2025-12-31,native_mse,20260910,-0.0014516073248232214,,0,1
weekly_global_ungated,3693,2026-04-17,2026-04-27,0.010401572188011,2026,2025-12-31,native_mse,20260910,-0.00019243492513075974,,0,1
weekly_global_ungated,3698,2026-04-24,2026-05-11,0.0263674696524953,2026,2025-12-31,native_mse,20260910,0.00044530537803680217,,1,1
weekly_global_ungated,3705,2026-05-08,2026-05-18,-0.0134529239455926,2026,2025-12-31,native_mse,20260910,0.00821158666179363,,1,0
weekly_global_ungated,3710,2026-05-15,2026-05-25,0.0076235492615268,2026,2025-12-31,native_mse,20260910,0.009209478129531542,,1,1
weekly_global_ungated,3715,2026-05-22,2026-06-01,0.005068538126898,2026,2025-12-31,native_mse,20260910,-0.0037899662548005076,,0,1
weekly_global_ungated,3720,2026-05-29,2026-06-08,-0.039635353927193,2026,2025-12-31,native_mse,20260910,-0.005878390043911763,,0,0
weekly_global_ungated,3725,2026-06-05,2026-06-15,0.0266849782195981,2026,2025-12-31,native_mse,20260910,-0.005079831260852612,,0,1
weekly_global_ungated,3730,2026-06-12,2026-06-29,0.0076098142791176,2026,2025-12-31,native_mse,20260910,-0.0013875397965599067,,0,1
weekly_global_ungated,3739,2026-06-26,2026-07-06,0.0005137647861506,2026,2025-12-31,native_mse,20260910,-0.002031043716013942,,0,1
weekly_global_ungated,3744,2026-07-03,2026-07-13,-0.0252847876365399,2026,2025-12-31,native_mse,20260910,-0.003966417206833292,,0,0
weekly_global_ungated,3749,2026-07-10,2026-07-20,-0.035775397012711,2026,2025-12-31,native_mse,20260910,-0.000224192482655729,,0,0
weekly_global_ungated,3754,2026-07-17,2026-07-27,0.01756245533441,2026,2025-12-31,native_mse,20260910,-0.001279240964054163,,0,1
weekly_global_ungated,3759,2026-07-24,2026-08-03,-0.0202339761556519,2026,2025-12-31,native_mse,20260910,-0.0020989123929827714,,0,0
weekly_global_ungated,3764,2026-07-31,2026-08-10,0.0300318732435738,2026,2025-12-31,native_mse,20260910,-0.005698998401180227,,0,1
weekly_global_ungated,3769,2026-08-07,2026-08-17,-0.0056482265760339,2026,2025-12-31,native_mse,20260910,-0.000843785639629233,,0,0
weekly_global_ungated,3774,2026-08-14,2026-08-24,-0.0109860710402629,2026,2025-12-31,native_mse,20260910,0.001103287661206875,,1,0
weekly_global_ungated,3779,2026-08-21,2026-08-31,-0.0127592811002066,2026,2025-12-31,native_mse,20260910,0.005195736341319573,,1,0
weekly_global_ungated,3630,2026-01-09,2026-01-19,-0.0103697336282536,2026,2025-12-31,training_frequency,-1,0.4792703150912106,0.4792703150912106,0,0
weekly_global_ungated,3635,2026-01-16,2026-01-26,-0.0010190267764643,2026,2025-12-31,training_frequency,-1,0.4792703150912106,0.4792703150912106,0,0
weekly_global_ungated,3640,2026-01-23,2026-02-02,-0.0087161586128796,2026,2025-12-31,training_frequency,-1,0.4792703150912106,0.4792703150912106,0,0
weekly_global_ungated,3645,2026-01-30,2026-02-09,0.0041482324550519,2026,2025-12-31,training_frequency,-1,0.4792703150912106,0.4792703150912106,0,1
weekly_global_ungated,3650,2026-02-06,2026-02-24,0.0071649689901505,2026,2025-12-31,training_frequency,-1,0.4792703150912106,0.4792703150912106,0,1
weekly_global_ungated,3655,2026-02-13,2026-03-02,-0.0097920588919678,2026,2025-12-31,training_frequency,-1,0.4792703150912106,0.4792703150912106,0,0
weekly_global_ungated,3659,2026-02-27,2026-03-09,-0.0172526869201304,2026,2025-12-31,training_frequency,-1,0.4792703150912106,0.4792703150912106,0,0
weekly_global_ungated,3664,2026-03-06,2026-03-16,0.0149926634422041,2026,2025-12-31,training_frequency,-1,0.4792703150912106,0.4792703150912106,0,1
weekly_global_ungated,3669,2026-03-13,2026-03-23,-0.0364343509194254,2026,2025-12-31,training_frequency,-1,0.4792703150912106,0.4792703150912106,0,0
weekly_global_ungated,3674,2026-03-20,2026-03-30,-0.0083038829988221,2026,2025-12-31,training_frequency,-1,0.4792703150912106,0.4792703150912106,0,0
weekly_global_ungated,3679,2026-03-27,2026-04-07,-0.0035591495694504,2026,2025-12-31,training_frequency,-1,0.4792703150912106,0.4792703150912106,0,0
weekly_global_ungated,3684,2026-04-03,2026-04-13,0.0380736235508991,2026,2025-12-31,training_frequency,-1,0.4792703150912106,0.4792703150912106,0,1
weekly_global_ungated,3688,2026-04-10,2026-04-20,0.0242766725964382,2026,2025-12-31,training_frequency,-1,0.4792703150912106,0.4792703150912106,0,1
weekly_global_ungated,3693,2026-04-17,2026-04-27,0.010401572188011,2026,2025-12-31,training_frequency,-1,0.4792703150912106,0.4792703150912106,0,1
weekly_global_ungated,3698,2026-04-24,2026-05-11,0.0263674696524953,2026,2025-12-31,training_frequency,-1,0.4792703150912106,0.4792703150912106,0,1
weekly_global_ungated,3705,2026-05-08,2026-05-18,-0.0134529239455926,2026,2025-12-31,training_frequency,-1,0.4792703150912106,0.4792703150912106,0,0
weekly_global_ungated,3710,2026-05-15,2026-05-25,0.0076235492615268,2026,2025-12-31,training_frequency,-1,0.4792703150912106,0.4792703150912106,0,1
weekly_global_ungated,3715,2026-05-22,2026-06-01,0.005068538126898,2026,2025-12-31,training_frequency,-1,0.4792703150912106,0.4792703150912106,0,1
weekly_global_ungated,3720,2026-05-29,2026-06-08,-0.039635353927193,2026,2025-12-31,training_frequency,-1,0.4792703150912106,0.4792703150912106,0,0
weekly_global_ungated,3725,2026-06-05,2026-06-15,0.0266849782195981,2026,2025-12-31,training_frequency,-1,0.4792703150912106,0.4792703150912106,0,1
weekly_global_ungated,3730,2026-06-12,2026-06-29,0.0076098142791176,2026,2025-12-31,training_frequency,-1,0.4792703150912106,0.4792703150912106,0,1
weekly_global_ungated,3739,2026-06-26,2026-07-06,0.0005137647861506,2026,2025-12-31,training_frequency,-1,0.4792703150912106,0.4792703150912106,0,1
weekly_global_ungated,3744,2026-07-03,2026-07-13,-0.0252847876365399,2026,2025-12-31,training_frequency,-1,0.4792703150912106,0.4792703150912106,0,0
weekly_global_ungated,3749,2026-07-10,2026-07-20,-0.035775397012711,2026,2025-12-31,training_frequency,-1,0.4792703150912106,0.4792703150912106,0,0
weekly_global_ungated,3754,2026-07-17,2026-07-27,0.01756245533441,2026,2025-12-31,training_frequency,-1,0.4792703150912106,0.4792703150912106,0,1
weekly_global_ungated,3759,2026-07-24,2026-08-03,-0.0202339761556519,2026,2025-12-31,training_frequency,-1,0.4792703150912106,0.4792703150912106,0,0
weekly_global_ungated,3764,2026-07-31,2026-08-10,0.0300318732435738,2026,2025-12-31,training_frequency,-1,0.4792703150912106,0.4792703150912106,0,1
weekly_global_ungated,3769,2026-08-07,2026-08-17,-0.0056482265760339,2026,2025-12-31,training_frequency,-1,0.4792703150912106,0.4792703150912106,0,0
weekly_global_ungated,3774,2026-08-14,2026-08-24,-0.0109860710402629,2026,2025-12-31,training_frequency,-1,0.4792703150912106,0.4792703150912106,0,0
weekly_global_ungated,3779,2026-08-21,2026-08-31,-0.0127592811002066,2026,2025-12-31,training_frequency,-1,0.4792703150912106,0.4792703150912106,0,0
weekly_global_ungated,3630,2026-01-09,2026-01-19,-0.0103697336282536,2026,2025-12-31,native_mse,20260911,-0.0030890692487675277,,0,0
weekly_global_ungated,3635,2026-01-16,2026-01-26,-0.0010190267764643,2026,2025-12-31,native_mse,20260911,-0.0029844245717806552,,0,0
weekly_global_ungated,3640,2026-01-23,2026-02-02,-0.0087161586128796,2026,2025-12-31,native_mse,20260911,-0.0018485669736654138,,0,0
weekly_global_ungated,3645,2026-01-30,2026-02-09,0.0041482324550519,2026,2025-12-31,native_mse,20260911,-0.002659061252019485,,0,1
weekly_global_ungated,3650,2026-02-06,2026-02-24,0.0071649689901505,2026,2025-12-31,native_mse,20260911,-0.0015567976959256278,,0,1
weekly_global_ungated,3655,2026-02-13,2026-03-02,-0.0097920588919678,2026,2025-12-31,native_mse,20260911,-0.0015389707922718095,,0,0
weekly_global_ungated,3659,2026-02-27,2026-03-09,-0.0172526869201304,2026,2025-12-31,native_mse,20260911,-0.0019681718770543553,,0,0
weekly_global_ungated,3664,2026-03-06,2026-03-16,0.0149926634422041,2026,2025-12-31,native_mse,20260911,0.00014521785716820214,,1,1
weekly_global_ungated,3669,2026-03-13,2026-03-23,-0.0364343509194254,2026,2025-12-31,native_mse,20260911,-0.0022671453715006956,,0,0
weekly_global_ungated,3674,2026-03-20,2026-03-30,-0.0083038829988221,2026,2025-12-31,native_mse,20260911,-0.001986856137592856,,0,0
weekly_global_ungated,3679,2026-03-27,2026-04-07,-0.0035591495694504,2026,2025-12-31,native_mse,20260911,-0.002218520604235266,,0,0
weekly_global_ungated,3684,2026-04-03,2026-04-13,0.0380736235508991,2026,2025-12-31,native_mse,20260911,-0.002090390096021022,,0,1
weekly_global_ungated,3688,2026-04-10,2026-04-20,0.0242766725964382,2026,2025-12-31,native_mse,20260911,-0.0024408235069100508,,0,1
weekly_global_ungated,3693,2026-04-17,2026-04-27,0.010401572188011,2026,2025-12-31,native_mse,20260911,-0.0029629470272129906,,0,1
weekly_global_ungated,3698,2026-04-24,2026-05-11,0.0263674696524953,2026,2025-12-31,native_mse,20260911,-0.003359926419865766,,0,1
weekly_global_ungated,3705,2026-05-08,2026-05-18,-0.0134529239455926,2026,2025-12-31,native_mse,20260911,-0.002535154678821143,,0,0
weekly_global_ungated,3710,2026-05-15,2026-05-25,0.0076235492615268,2026,2025-12-31,native_mse,20260911,-0.002260058894062486,,0,1
weekly_global_ungated,3715,2026-05-22,2026-06-01,0.005068538126898,2026,2025-12-31,native_mse,20260911,-0.0015057276938992676,,0,1
weekly_global_ungated,3720,2026-05-29,2026-06-08,-0.039635353927193,2026,2025-12-31,native_mse,20260911,-0.002635162144589442,,0,0
weekly_global_ungated,3725,2026-06-05,2026-06-15,0.0266849782195981,2026,2025-12-31,native_mse,20260911,-0.003913781241526722,,0,1
weekly_global_ungated,3730,2026-06-12,2026-06-29,0.0076098142791176,2026,2025-12-31,native_mse,20260911,-0.0036857925348870147,,0,1
weekly_global_ungated,3739,2026-06-26,2026-07-06,0.0005137647861506,2026,2025-12-31,native_mse,20260911,-0.0021369319429553274,,0,1
weekly_global_ungated,3744,2026-07-03,2026-07-13,-0.0252847876365399,2026,2025-12-31,native_mse,20260911,-0.0022933277317483012,,0,0
weekly_global_ungated,3749,2026-07-10,2026-07-20,-0.035775397012711,2026,2025-12-31,native_mse,20260911,-0.0023056933526758674,,0,0
weekly_global_ungated,3754,2026-07-17,2026-07-27,0.01756245533441,2026,2025-12-31,native_mse,20260911,-0.0024493044555773855,,0,1
weekly_global_ungated,3759,2026-07-24,2026-08-03,-0.0202339761556519,2026,2025-12-31,native_mse,20260911,-0.0026633393533010696,,0,0
weekly_global_ungated,3764,2026-07-31,2026-08-10,0.0300318732435738,2026,2025-12-31,native_mse,20260911,-0.0024432171596736993,,0,1
weekly_global_ungated,3769,2026-08-07,2026-08-17,-0.0056482265760339,2026,2025-12-31,native_mse,20260911,-0.0034017483589926685,,0,0
weekly_global_ungated,3774,2026-08-14,2026-08-24,-0.0109860710402629,2026,2025-12-31,native_mse,20260911,-0.002813706354026954,,0,0
weekly_global_ungated,3779,2026-08-21,2026-08-31,-0.0127592811002066,2026,2025-12-31,native_mse,20260911,-0.0019809857134933735,,0,0
weekly_global_ungated,3630,2026-01-09,2026-01-19,-0.0103697336282536,2026,2025-12-31,native_mse,20260912,-0.0012654744629118373,,0,0
weekly_global_ungated,3635,2026-01-16,2026-01-26,-0.0010190267764643,2026,2025-12-31,native_mse,20260912,-0.0009824454910161004,,0,0
weekly_global_ungated,3640,2026-01-23,2026-02-02,-0.0087161586128796,2026,2025-12-31,native_mse,20260912,-0.0014318861524315442,,0,0
weekly_global_ungated,3645,2026-01-30,2026-02-09,0.0041482324550519,2026,2025-12-31,native_mse,20260912,-0.0015519331724585116,,0,1
weekly_global_ungated,3650,2026-02-06,2026-02-24,0.0071649689901505,2026,2025-12-31,native_mse,20260912,-0.0016869022750859507,,0,1
weekly_global_ungated,3655,2026-02-13,2026-03-02,-0.0097920588919678,2026,2025-12-31,native_mse,20260912,-0.0011765097827620523,,0,0
weekly_global_ungated,3659,2026-02-27,2026-03-09,-0.0172526869201304,2026,2025-12-31,native_mse,20260912,-0.0007085124719817442,,0,0
weekly_global_ungated,3664,2026-03-06,2026-03-16,0.0149926634422041,2026,2025-12-31,native_mse,20260912,-0.0009899154221996353,,0,1
weekly_global_ungated,3669,2026-03-13,2026-03-23,-0.0364343509194254,2026,2025-12-31,native_mse,20260912,-0.0011266305599294578,,0,0
weekly_global_ungated,3674,2026-03-20,2026-03-30,-0.0083038829988221,2026,2025-12-31,native_mse,20260912,-0.001524311581453077,,0,0
weekly_global_ungated,3679,2026-03-27,2026-04-07,-0.0035591495694504,2026,2025-12-31,native_mse,20260912,-0.0019205134194293897,,0,0
weekly_global_ungated,3684,2026-04-03,2026-04-13,0.0380736235508991,2026,2025-12-31,native_mse,20260912,-0.0011376256916386593,,0,1
weekly_global_ungated,3688,2026-04-10,2026-04-20,0.0242766725964382,2026,2025-12-31,native_mse,20260912,-0.0013216896399536517,,0,1
weekly_global_ungated,3693,2026-04-17,2026-04-27,0.010401572188011,2026,2025-12-31,native_mse,20260912,-0.0015028502660909705,,0,1
weekly_global_ungated,3698,2026-04-24,2026-05-11,0.0263674696524953,2026,2025-12-31,native_mse,20260912,-0.0012568015547876838,,0,1
weekly_global_ungated,3705,2026-05-08,2026-05-18,-0.0134529239455926,2026,2025-12-31,native_mse,20260912,-0.0004371239494575972,,0,0
weekly_global_ungated,3710,2026-05-15,2026-05-25,0.0076235492615268,2026,2025-12-31,native_mse,20260912,6.163719011948235e-05,,1,1
weekly_global_ungated,3715,2026-05-22,2026-06-01,0.005068538126898,2026,2025-12-31,native_mse,20260912,7.730204085298746e-06,,1,1
weekly_global_ungated,3720,2026-05-29,2026-06-08,-0.039635353927193,2026,2025-12-31,native_mse,20260912,-0.00019569943758148556,,0,0
weekly_global_ungated,3725,2026-06-05,2026-06-15,0.0266849782195981,2026,2025-12-31,native_mse,20260912,-0.00010540438898025962,,0,1
weekly_global_ungated,3730,2026-06-12,2026-06-29,0.0076098142791176,2026,2025-12-31,native_mse,20260912,-0.0007095936265099443,,0,1
weekly_global_ungated,3739,2026-06-26,2026-07-06,0.0005137647861506,2026,2025-12-31,native_mse,20260912,-0.00033128119271872585,,0,1
weekly_global_ungated,3744,2026-07-03,2026-07-13,-0.0252847876365399,2026,2025-12-31,native_mse,20260912,-0.0011443460816151978,,0,0
weekly_global_ungated,3749,2026-07-10,2026-07-20,-0.035775397012711,2026,2025-12-31,native_mse,20260912,-0.0017039989678604111,,0,0
weekly_global_ungated,3754,2026-07-17,2026-07-27,0.01756245533441,2026,2025-12-31,native_mse,20260912,-0.0017003094595498154,,0,1
weekly_global_ungated,3759,2026-07-24,2026-08-03,-0.0202339761556519,2026,2025-12-31,native_mse,20260912,-0.0018633248001663242,,0,0
weekly_global_ungated,3764,2026-07-31,2026-08-10,0.0300318732435738,2026,2025-12-31,native_mse,20260912,-0.0013665112944695823,,0,1
weekly_global_ungated,3769,2026-08-07,2026-08-17,-0.0056482265760339,2026,2025-12-31,native_mse,20260912,-0.0010726869031266657,,0,0
weekly_global_ungated,3774,2026-08-14,2026-08-24,-0.0109860710402629,2026,2025-12-31,native_mse,20260912,-0.0012030503226100222,,0,0
weekly_global_ungated,3779,2026-08-21,2026-08-31,-0.0127592811002066,2026,2025-12-31,native_mse,20260912,-0.0005090624873602664,,0,0
monthly_state_validated,2418,2021-01-08,2021-01-18,-0.0120052904669853,2021,2020-12-31,learned_market,20260910,0.5528369602637446,0.5528369602637446,1,0
monthly_state_validated,2423,2021-01-15,2021-01-25,0.0231622460538123,2021,2020-12-31,learned_market,20260910,0.49674166213102977,0.49674166213102977,0,1
monthly_state_validated,2428,2021-01-22,2021-02-01,-0.0372511735907923,2021,2020-12-31,learned_market,20260910,0.3933637003220593,0.3933637003220593,0,0
monthly_state_validated,2433,2021-01-29,2021-02-08,0.0278689901714626,2021,2020-12-31,learned_market,20260910,0.4313547922375263,0.4313547922375263,0,1
monthly_state_ungated,2418,2021-01-08,2021-01-18,-0.0120052904669853,2021,2020-12-31,learned_market,20260910,0.5528369602637446,0.5528369602637446,1,0
monthly_state_ungated,2423,2021-01-15,2021-01-25,0.0231622460538123,2021,2020-12-31,learned_market,20260910,0.49674166213102977,0.49674166213102977,0,1
monthly_state_ungated,2428,2021-01-22,2021-02-01,-0.0372511735907923,2021,2020-12-31,learned_market,20260910,0.3933637003220593,0.3933637003220593,0,0
monthly_state_ungated,2433,2021-01-29,2021-02-08,0.0278689901714626,2021,2020-12-31,learned_market,20260910,0.4313547922375263,0.4313547922375263,0,1
monthly_state_validated,2418,2021-01-08,2021-01-18,-0.0120052904669853,2021,2020-12-31,learned_market,20260911,0.47359422145655633,0.47359422145655633,0,0
monthly_state_validated,2423,2021-01-15,2021-01-25,0.0231622460538123,2021,2020-12-31,learned_market,20260911,0.29529449998072343,0.29529449998072343,0,1
monthly_state_validated,2428,2021-01-22,2021-02-01,-0.0372511735907923,2021,2020-12-31,learned_market,20260911,0.47394332492431446,0.47394332492431446,0,0
monthly_state_validated,2433,2021-01-29,2021-02-08,0.0278689901714626,2021,2020-12-31,learned_market,20260911,0.34860128575085947,0.34860128575085947,0,1
monthly_state_ungated,2418,2021-01-08,2021-01-18,-0.0120052904669853,2021,2020-12-31,learned_market,20260911,0.47359422145655633,0.47359422145655633,0,0
monthly_state_ungated,2423,2021-01-15,2021-01-25,0.0231622460538123,2021,2020-12-31,learned_market,20260911,0.29529449998072343,0.29529449998072343,0,1
monthly_state_ungated,2428,2021-01-22,2021-02-01,-0.0372511735907923,2021,2020-12-31,learned_market,20260911,0.47394332492431446,0.47394332492431446,0,0
monthly_state_ungated,2433,2021-01-29,2021-02-08,0.0278689901714626,2021,2020-12-31,learned_market,20260911,0.34860128575085947,0.34860128575085947,0,1
monthly_state_validated,2418,2021-01-08,2021-01-18,-0.0120052904669853,2021,2020-12-31,learned_market,20260912,0.49622809203697066,0.49622809203697066,0,0
monthly_state_validated,2423,2021-01-15,2021-01-25,0.0231622460538123,2021,2020-12-31,learned_market,20260912,0.30299511780142024,0.30299511780142024,0,1
monthly_state_validated,2428,2021-01-22,2021-02-01,-0.0372511735907923,2021,2020-12-31,learned_market,20260912,0.2926269390741677,0.2926269390741677,0,0
monthly_state_validated,2433,2021-01-29,2021-02-08,0.0278689901714626,2021,2020-12-31,learned_market,20260912,0.4834854236532544,0.4834854236532544,0,1
monthly_state_ungated,2418,2021-01-08,2021-01-18,-0.0120052904669853,2021,2020-12-31,learned_market,20260912,0.49622809203697066,0.49622809203697066,0,0
monthly_state_ungated,2423,2021-01-15,2021-01-25,0.0231622460538123,2021,2020-12-31,learned_market,20260912,0.30299511780142024,0.30299511780142024,0,1
monthly_state_ungated,2428,2021-01-22,2021-02-01,-0.0372511735907923,2021,2020-12-31,learned_market,20260912,0.2926269390741677,0.2926269390741677,0,0
monthly_state_ungated,2433,2021-01-29,2021-02-08,0.0278689901714626,2021,2020-12-31,learned_market,20260912,0.4834854236532544,0.4834854236532544,0,1
monthly_state_validated,2418,2021-01-08,2021-01-18,-0.0120052904669853,2021,2020-12-31,learned_vol_interaction,20260910,0.5286701081389081,0.5286701081389081,1,0
monthly_state_validated,2423,2021-01-15,2021-01-25,0.0231622460538123,2021,2020-12-31,learned_vol_interaction,20260910,0.47178291125549215,0.47178291125549215,0,1
monthly_state_validated,2428,2021-01-22,2021-02-01,-0.0372511735907923,2021,2020-12-31,learned_vol_interaction,20260910,0.3671123538576221,0.3671123538576221,0,0
monthly_state_validated,2433,2021-01-29,2021-02-08,0.0278689901714626,2021,2020-12-31,learned_vol_interaction,20260910,0.434482531700876,0.434482531700876,0,1
monthly_state_ungated,2418,2021-01-08,2021-01-18,-0.0120052904669853,2021,2020-12-31,learned_vol_interaction,20260910,0.5286701081389081,0.5286701081389081,1,0
monthly_state_ungated,2423,2021-01-15,2021-01-25,0.0231622460538123,2021,2020-12-31,learned_vol_interaction,20260910,0.47178291125549215,0.47178291125549215,0,1
monthly_state_ungated,2428,2021-01-22,2021-02-01,-0.0372511735907923,2021,2020-12-31,learned_vol_interaction,20260910,0.3671123538576221,0.3671123538576221,0,0
monthly_state_ungated,2433,2021-01-29,2021-02-08,0.0278689901714626,2021,2020-12-31,learned_vol_interaction,20260910,0.434482531700876,0.434482531700876,0,1
monthly_state_validated,2418,2021-01-08,2021-01-18,-0.0120052904669853,2021,2020-12-31,learned_vol_interaction,20260911,0.4754556903392312,0.4754556903392312,0,0
monthly_state_validated,2423,2021-01-15,2021-01-25,0.0231622460538123,2021,2020-12-31,learned_vol_interaction,20260911,0.2910478720938869,0.2910478720938869,0,1
monthly_state_validated,2428,2021-01-22,2021-02-01,-0.0372511735907923,2021,2020-12-31,learned_vol_interaction,20260911,0.4793404787070586,0.4793404787070586,0,0
monthly_state_validated,2433,2021-01-29,2021-02-08,0.0278689901714626,2021,2020-12-31,learned_vol_interaction,20260911,0.3407014751351651,0.3407014751351651,0,1
monthly_state_ungated,2418,2021-01-08,2021-01-18,-0.0120052904669853,2021,2020-12-31,learned_vol_interaction,20260911,0.4754556903392312,0.4754556903392312,0,0
monthly_state_ungated,2423,2021-01-15,2021-01-25,0.0231622460538123,2021,2020-12-31,learned_vol_interaction,20260911,0.2910478720938869,0.2910478720938869,0,1
monthly_state_ungated,2428,2021-01-22,2021-02-01,-0.0372511735907923,2021,2020-12-31,learned_vol_interaction,20260911,0.4793404787070586,0.4793404787070586,0,0
monthly_state_ungated,2433,2021-01-29,2021-02-08,0.0278689901714626,2021,2020-12-31,learned_vol_interaction,20260911,0.3407014751351651,0.3407014751351651,0,1
monthly_state_validated,2418,2021-01-08,2021-01-18,-0.0120052904669853,2021,2020-12-31,learned_vol_interaction,20260912,0.49620713842529096,0.49620713842529096,0,0
monthly_state_validated,2423,2021-01-15,2021-01-25,0.0231622460538123,2021,2020-12-31,learned_vol_interaction,20260912,0.30370534508378266,0.30370534508378266,0,1
monthly_state_validated,2428,2021-01-22,2021-02-01,-0.0372511735907923,2021,2020-12-31,learned_vol_interaction,20260912,0.2931342483584557,0.2931342483584557,0,0
monthly_state_validated,2433,2021-01-29,2021-02-08,0.0278689901714626,2021,2020-12-31,learned_vol_interaction,20260912,0.4851476188516167,0.4851476188516167,0,1
monthly_state_ungated,2418,2021-01-08,2021-01-18,-0.0120052904669853,2021,2020-12-31,learned_vol_interaction,20260912,0.49620713842529096,0.49620713842529096,0,0
monthly_state_ungated,2423,2021-01-15,2021-01-25,0.0231622460538123,2021,2020-12-31,learned_vol_interaction,20260912,0.30370534508378266,0.30370534508378266,0,1
monthly_state_ungated,2428,2021-01-22,2021-02-01,-0.0372511735907923,2021,2020-12-31,learned_vol_interaction,20260912,0.2931342483584557,0.2931342483584557,0,0
monthly_state_ungated,2433,2021-01-29,2021-02-08,0.0278689901714626,2021,2020-12-31,learned_vol_interaction,20260912,0.4851476188516167,0.4851476188516167,0,1
monthly_state_validated,2418,2021-01-08,2021-01-18,-0.0120052904669853,2021,2020-12-31,learned_order_extension,20260910,0.5330538496767134,0.5330538496767134,1,0
monthly_state_validated,2423,2021-01-15,2021-01-25,0.0231622460538123,2021,2020-12-31,learned_order_extension,20260910,0.479592338912861,0.479592338912861,0,1
monthly_state_validated,2428,2021-01-22,2021-02-01,-0.0372511735907923,2021,2020-12-31,learned_order_extension,20260910,0.3707727762571325,0.3707727762571325,0,0
monthly_state_validated,2433,2021-01-29,2021-02-08,0.0278689901714626,2021,2020-12-31,learned_order_extension,20260910,0.43176970986504826,0.43176970986504826,0,1
monthly_state_ungated,2418,2021-01-08,2021-01-18,-0.0120052904669853,2021,2020-12-31,learned_order_extension,20260910,0.5330538496767134,0.5330538496767134,1,0
monthly_state_ungated,2423,2021-01-15,2021-01-25,0.0231622460538123,2021,2020-12-31,learned_order_extension,20260910,0.479592338912861,0.479592338912861,0,1
monthly_state_ungated,2428,2021-01-22,2021-02-01,-0.0372511735907923,2021,2020-12-31,learned_order_extension,20260910,0.3707727762571325,0.3707727762571325,0,0
monthly_state_ungated,2433,2021-01-29,2021-02-08,0.0278689901714626,2021,2020-12-31,learned_order_extension,20260910,0.43176970986504826,0.43176970986504826,0,1
monthly_state_validated,2418,2021-01-08,2021-01-18,-0.0120052904669853,2021,2020-12-31,learned_order_extension,20260911,0.4707924056292956,0.4707924056292956,0,0
monthly_state_validated,2423,2021-01-15,2021-01-25,0.0231622460538123,2021,2020-12-31,learned_order_extension,20260911,0.30199104403875826,0.30199104403875826,0,1
monthly_state_validated,2428,2021-01-22,2021-02-01,-0.0372511735907923,2021,2020-12-31,learned_order_extension,20260911,0.4727671753713422,0.4727671753713422,0,0
monthly_state_validated,2433,2021-01-29,2021-02-08,0.0278689901714626,2021,2020-12-31,learned_order_extension,20260911,0.33076330033756096,0.33076330033756096,0,1
monthly_state_ungated,2418,2021-01-08,2021-01-18,-0.0120052904669853,2021,2020-12-31,learned_order_extension,20260911,0.4707924056292956,0.4707924056292956,0,0
monthly_state_ungated,2423,2021-01-15,2021-01-25,0.0231622460538123,2021,2020-12-31,learned_order_extension,20260911,0.30199104403875826,0.30199104403875826,0,1
monthly_state_ungated,2428,2021-01-22,2021-02-01,-0.0372511735907923,2021,2020-12-31,learned_order_extension,20260911,0.4727671753713422,0.4727671753713422,0,0
monthly_state_ungated,2433,2021-01-29,2021-02-08,0.0278689901714626,2021,2020-12-31,learned_order_extension,20260911,0.33076330033756096,0.33076330033756096,0,1
monthly_state_validated,2418,2021-01-08,2021-01-18,-0.0120052904669853,2021,2020-12-31,learned_order_extension,20260912,0.4980709373270918,0.4980709373270918,0,0
monthly_state_validated,2423,2021-01-15,2021-01-25,0.0231622460538123,2021,2020-12-31,learned_order_extension,20260912,0.3077801048995167,0.3077801048995167,0,1
monthly_state_validated,2428,2021-01-22,2021-02-01,-0.0372511735907923,2021,2020-12-31,learned_order_extension,20260912,0.2945790953929349,0.2945790953929349,0,0
monthly_state_validated,2433,2021-01-29,2021-02-08,0.0278689901714626,2021,2020-12-31,learned_order_extension,20260912,0.4869306132003812,0.4869306132003812,0,1
monthly_state_ungated,2418,2021-01-08,2021-01-18,-0.0120052904669853,2021,2020-12-31,learned_order_extension,20260912,0.4980709373270918,0.4980709373270918,0,0
monthly_state_ungated,2423,2021-01-15,2021-01-25,0.0231622460538123,2021,2020-12-31,learned_order_extension,20260912,0.3077801048995167,0.3077801048995167,0,1
monthly_state_ungated,2428,2021-01-22,2021-02-01,-0.0372511735907923,2021,2020-12-31,learned_order_extension,20260912,0.2945790953929349,0.2945790953929349,0,0
monthly_state_ungated,2433,2021-01-29,2021-02-08,0.0278689901714626,2021,2020-12-31,learned_order_extension,20260912,0.4869306132003812,0.4869306132003812,0,1
monthly_state_validated,2418,2021-01-08,2021-01-18,-0.0120052904669853,2021,2020-12-31,learned_order_offset,20260910,0.5336151486659025,0.5336151486659025,1,0
monthly_state_validated,2423,2021-01-15,2021-01-25,0.0231622460538123,2021,2020-12-31,learned_order_offset,20260910,0.48002913839274924,0.48002913839274924,0,1
monthly_state_validated,2428,2021-01-22,2021-02-01,-0.0372511735907923,2021,2020-12-31,learned_order_offset,20260910,0.37113237990157133,0.37113237990157133,0,0
monthly_state_validated,2433,2021-01-29,2021-02-08,0.0278689901714626,2021,2020-12-31,learned_order_offset,20260910,0.43182028534515077,0.43182028534515077,0,1
monthly_state_ungated,2418,2021-01-08,2021-01-18,-0.0120052904669853,2021,2020-12-31,learned_order_offset,20260910,0.5336151486659025,0.5336151486659025,1,0
monthly_state_ungated,2423,2021-01-15,2021-01-25,0.0231622460538123,2021,2020-12-31,learned_order_offset,20260910,0.48002913839274924,0.48002913839274924,0,1
monthly_state_ungated,2428,2021-01-22,2021-02-01,-0.0372511735907923,2021,2020-12-31,learned_order_offset,20260910,0.37113237990157133,0.37113237990157133,0,0
monthly_state_ungated,2433,2021-01-29,2021-02-08,0.0278689901714626,2021,2020-12-31,learned_order_offset,20260910,0.43182028534515077,0.43182028534515077,0,1
monthly_state_validated,2418,2021-01-08,2021-01-18,-0.0120052904669853,2021,2020-12-31,learned_order_offset,20260911,0.46966493933917947,0.46966493933917947,0,0
monthly_state_validated,2423,2021-01-15,2021-01-25,0.0231622460538123,2021,2020-12-31,learned_order_offset,20260911,0.30026263179565904,0.30026263179565904,0,1
monthly_state_validated,2428,2021-01-22,2021-02-01,-0.0372511735907923,2021,2020-12-31,learned_order_offset,20260911,0.47083079059127375,0.47083079059127375,0,0
monthly_state_validated,2433,2021-01-29,2021-02-08,0.0278689901714626,2021,2020-12-31,learned_order_offset,20260911,0.3308151678188049,0.3308151678188049,0,1
monthly_state_ungated,2418,2021-01-08,2021-01-18,-0.0120052904669853,2021,2020-12-31,learned_order_offset,20260911,0.46966493933917947,0.46966493933917947,0,0
monthly_state_ungated,2423,2021-01-15,2021-01-25,0.0231622460538123,2021,2020-12-31,learned_order_offset,20260911,0.30026263179565904,0.30026263179565904,0,1
monthly_state_ungated,2428,2021-01-22,2021-02-01,-0.0372511735907923,2021,2020-12-31,learned_order_offset,20260911,0.47083079059127375,0.47083079059127375,0,0
monthly_state_ungated,2433,2021-01-29,2021-02-08,0.0278689901714626,2021,2020-12-31,learned_order_offset,20260911,0.3308151678188049,0.3308151678188049,0,1
monthly_state_validated,2418,2021-01-08,2021-01-18,-0.0120052904669853,2021,2020-12-31,learned_order_offset,20260912,0.4978619856473434,0.4978619856473434,0,0
monthly_state_validated,2423,2021-01-15,2021-01-25,0.0231622460538123,2021,2020-12-31,learned_order_offset,20260912,0.30753172112864313,0.30753172112864313,0,1
monthly_state_validated,2428,2021-01-22,2021-02-01,-0.0372511735907923,2021,2020-12-31,learned_order_offset,20260912,0.29417599189344534,0.29417599189344534,0,0
monthly_state_validated,2433,2021-01-29,2021-02-08,0.0278689901714626,2021,2020-12-31,learned_order_offset,20260912,0.48673077860534075,0.48673077860534075,0,1
monthly_state_ungated,2418,2021-01-08,2021-01-18,-0.0120052904669853,2021,2020-12-31,learned_order_offset,20260912,0.4978619856473434,0.4978619856473434,0,0
monthly_state_ungated,2423,2021-01-15,2021-01-25,0.0231622460538123,2021,2020-12-31,learned_order_offset,20260912,0.30753172112864313,0.30753172112864313,0,1
monthly_state_ungated,2428,2021-01-22,2021-02-01,-0.0372511735907923,2021,2020-12-31,learned_order_offset,20260912,0.29417599189344534,0.29417599189344534,0,0
monthly_state_ungated,2433,2021-01-29,2021-02-08,0.0278689901714626,2021,2020-12-31,learned_order_offset,20260912,0.48673077860534075,0.48673077860534075,0,1
monthly_state_validated,2438,2021-02-05,2021-02-22,0.0507379035040882,2021,2021-01-31,learned_market,20260910,0.40357928349119826,0.40357928349119826,0,1
monthly_state_validated,2443,2021-02-19,2021-03-01,-0.0684918010685315,2021,2021-01-31,learned_market,20260910,0.49513830982070434,0.49513830982070434,0,0
monthly_state_validated,2448,2021-02-26,2021-03-08,-0.0165997123904068,2021,2021-01-31,learned_market,20260910,0.43315180971386896,0.43315180971386896,0,0
monthly_state_ungated,2438,2021-02-05,2021-02-22,0.0507379035040882,2021,2021-01-31,learned_market,20260910,0.40357928349119826,0.40357928349119826,0,1
monthly_state_ungated,2443,2021-02-19,2021-03-01,-0.0684918010685315,2021,2021-01-31,learned_market,20260910,0.49513830982070434,0.49513830982070434,0,0
monthly_state_ungated,2448,2021-02-26,2021-03-08,-0.0165997123904068,2021,2021-01-31,learned_market,20260910,0.43315180971386896,0.43315180971386896,0,0
monthly_state_validated,2438,2021-02-05,2021-02-22,0.0507379035040882,2021,2021-01-31,learned_market,20260911,0.5472341429725764,0.5472341429725764,1,1
monthly_state_validated,2443,2021-02-19,2021-03-01,-0.0684918010685315,2021,2021-01-31,learned_market,20260911,0.4390527856170199,0.4390527856170199,0,0
monthly_state_validated,2448,2021-02-26,2021-03-08,-0.0165997123904068,2021,2021-01-31,learned_market,20260911,0.4901857818012489,0.4901857818012489,0,0
monthly_state_ungated,2438,2021-02-05,2021-02-22,0.0507379035040882,2021,2021-01-31,learned_market,20260911,0.5472341429725764,0.5472341429725764,1,1
monthly_state_ungated,2443,2021-02-19,2021-03-01,-0.0684918010685315,2021,2021-01-31,learned_market,20260911,0.4390527856170199,0.4390527856170199,0,0
monthly_state_ungated,2448,2021-02-26,2021-03-08,-0.0165997123904068,2021,2021-01-31,learned_market,20260911,0.4901857818012489,0.4901857818012489,0,0
monthly_state_validated,2438,2021-02-05,2021-02-22,0.0507379035040882,2021,2021-01-31,learned_market,20260912,0.5449307431156443,0.5449307431156443,1,1
monthly_state_validated,2443,2021-02-19,2021-03-01,-0.0684918010685315,2021,2021-01-31,learned_market,20260912,0.37156624296606255,0.37156624296606255,0,0
monthly_state_validated,2448,2021-02-26,2021-03-08,-0.0165997123904068,2021,2021-01-31,learned_market,20260912,0.5679579035959068,0.5679579035959068,1,0
monthly_state_ungated,2438,2021-02-05,2021-02-22,0.0507379035040882,2021,2021-01-31,learned_market,20260912,0.5449307431156443,0.5449307431156443,1,1
monthly_state_ungated,2443,2021-02-19,2021-03-01,-0.0684918010685315,2021,2021-01-31,learned_market,20260912,0.37156624296606255,0.37156624296606255,0,0
monthly_state_ungated,2448,2021-02-26,2021-03-08,-0.0165997123904068,2021,2021-01-31,learned_market,20260912,0.5679579035959068,0.5679579035959068,1,0
monthly_state_validated,2438,2021-02-05,2021-02-22,0.0507379035040882,2021,2021-01-31,learned_vol_interaction,20260910,0.42570726310777396,0.42570726310777396,0,1
monthly_state_validated,2443,2021-02-19,2021-03-01,-0.0684918010685315,2021,2021-01-31,learned_vol_interaction,20260910,0.4791771552633417,0.4791771552633417,0,0
monthly_state_validated,2448,2021-02-26,2021-03-08,-0.0165997123904068,2021,2021-01-31,learned_vol_interaction,20260910,0.4783928105694597,0.4783928105694597,0,0
monthly_state_ungated,2438,2021-02-05,2021-02-22,0.0507379035040882,2021,2021-01-31,learned_vol_interaction,20260910,0.42570726310777396,0.42570726310777396,0,1
monthly_state_ungated,2443,2021-02-19,2021-03-01,-0.0684918010685315,2021,2021-01-31,learned_vol_interaction,20260910,0.4791771552633417,0.4791771552633417,0,0
monthly_state_ungated,2448,2021-02-26,2021-03-08,-0.0165997123904068,2021,2021-01-31,learned_vol_interaction,20260910,0.4783928105694597,0.4783928105694597,0,0
monthly_state_validated,2438,2021-02-05,2021-02-22,0.0507379035040882,2021,2021-01-31,learned_vol_interaction,20260911,0.5419487770679454,0.5419487770679454,1,1
monthly_state_validated,2443,2021-02-19,2021-03-01,-0.0684918010685315,2021,2021-01-31,learned_vol_interaction,20260911,0.42680484014134457,0.42680484014134457,0,0
monthly_state_validated,2448,2021-02-26,2021-03-08,-0.0165997123904068,2021,2021-01-31,learned_vol_interaction,20260911,0.48165522036766006,0.48165522036766006,0,0
monthly_state_ungated,2438,2021-02-05,2021-02-22,0.0507379035040882,2021,2021-01-31,learned_vol_interaction,20260911,0.5419487770679454,0.5419487770679454,1,1
monthly_state_ungated,2443,2021-02-19,2021-03-01,-0.0684918010685315,2021,2021-01-31,learned_vol_interaction,20260911,0.42680484014134457,0.42680484014134457,0,0
monthly_state_ungated,2448,2021-02-26,2021-03-08,-0.0165997123904068,2021,2021-01-31,learned_vol_interaction,20260911,0.48165522036766006,0.48165522036766006,0,0
monthly_state_validated,2438,2021-02-05,2021-02-22,0.0507379035040882,2021,2021-01-31,learned_vol_interaction,20260912,0.5455559755252699,0.5455559755252699,1,1
monthly_state_validated,2443,2021-02-19,2021-03-01,-0.0684918010685315,2021,2021-01-31,learned_vol_interaction,20260912,0.37201410439640853,0.37201410439640853,0,0
monthly_state_validated,2448,2021-02-26,2021-03-08,-0.0165997123904068,2021,2021-01-31,learned_vol_interaction,20260912,0.5647303221106473,0.5647303221106473,1,0
monthly_state_ungated,2438,2021-02-05,2021-02-22,0.0507379035040882,2021,2021-01-31,learned_vol_interaction,20260912,0.5455559755252699,0.5455559755252699,1,1
monthly_state_ungated,2443,2021-02-19,2021-03-01,-0.0684918010685315,2021,2021-01-31,learned_vol_interaction,20260912,0.37201410439640853,0.37201410439640853,0,0
monthly_state_ungated,2448,2021-02-26,2021-03-08,-0.0165997123904068,2021,2021-01-31,learned_vol_interaction,20260912,0.5647303221106473,0.5647303221106473,1,0
monthly_state_validated,2438,2021-02-05,2021-02-22,0.0507379035040882,2021,2021-01-31,learned_order_extension,20260910,0.41923333650784145,0.41923333650784145,0,1
monthly_state_validated,2443,2021-02-19,2021-03-01,-0.0684918010685315,2021,2021-01-31,learned_order_extension,20260910,0.47927687031403743,0.47927687031403743,0,0
monthly_state_validated,2448,2021-02-26,2021-03-08,-0.0165997123904068,2021,2021-01-31,learned_order_extension,20260910,0.4709068161644563,0.4709068161644563,0,0
monthly_state_ungated,2438,2021-02-05,2021-02-22,0.0507379035040882,2021,2021-01-31,learned_order_extension,20260910,0.41923333650784145,0.41923333650784145,0,1
monthly_state_ungated,2443,2021-02-19,2021-03-01,-0.0684918010685315,2021,2021-01-31,learned_order_extension,20260910,0.47927687031403743,0.47927687031403743,0,0
monthly_state_ungated,2448,2021-02-26,2021-03-08,-0.0165997123904068,2021,2021-01-31,learned_order_extension,20260910,0.4709068161644563,0.4709068161644563,0,0
monthly_state_validated,2438,2021-02-05,2021-02-22,0.0507379035040882,2021,2021-01-31,learned_order_extension,20260911,0.5463864019131583,0.5463864019131583,1,1
monthly_state_validated,2443,2021-02-19,2021-03-01,-0.0684918010685315,2021,2021-01-31,learned_order_extension,20260911,0.423629668613555,0.423629668613555,0,0
monthly_state_validated,2448,2021-02-26,2021-03-08,-0.0165997123904068,2021,2021-01-31,learned_order_extension,20260911,0.4833188959367285,0.4833188959367285,0,0
monthly_state_ungated,2438,2021-02-05,2021-02-22,0.0507379035040882,2021,2021-01-31,learned_order_extension,20260911,0.5463864019131583,0.5463864019131583,1,1
monthly_state_ungated,2443,2021-02-19,2021-03-01,-0.0684918010685315,2021,2021-01-31,learned_order_extension,20260911,0.423629668613555,0.423629668613555,0,0
monthly_state_ungated,2448,2021-02-26,2021-03-08,-0.0165997123904068,2021,2021-01-31,learned_order_extension,20260911,0.4833188959367285,0.4833188959367285,0,0
monthly_state_validated,2438,2021-02-05,2021-02-22,0.0507379035040882,2021,2021-01-31,learned_order_extension,20260912,0.5470942643821933,0.5470942643821933,1,1
monthly_state_validated,2443,2021-02-19,2021-03-01,-0.0684918010685315,2021,2021-01-31,learned_order_extension,20260912,0.37256373051610003,0.37256373051610003,0,0
monthly_state_validated,2448,2021-02-26,2021-03-08,-0.0165997123904068,2021,2021-01-31,learned_order_extension,20260912,0.5652884202407723,0.5652884202407723,1,0
monthly_state_ungated,2438,2021-02-05,2021-02-22,0.0507379035040882,2021,2021-01-31,learned_order_extension,20260912,0.5470942643821933,0.5470942643821933,1,1
monthly_state_ungated,2443,2021-02-19,2021-03-01,-0.0684918010685315,2021,2021-01-31,learned_order_extension,20260912,0.37256373051610003,0.37256373051610003,0,0
monthly_state_ungated,2448,2021-02-26,2021-03-08,-0.0165997123904068,2021,2021-01-31,learned_order_extension,20260912,0.5652884202407723,0.5652884202407723,1,0
monthly_state_validated,2438,2021-02-05,2021-02-22,0.0507379035040882,2021,2021-01-31,learned_order_offset,20260910,0.4191495029175148,0.4191495029175148,0,1
monthly_state_validated,2443,2021-02-19,2021-03-01,-0.0684918010685315,2021,2021-01-31,learned_order_offset,20260910,0.479618495019198,0.479618495019198,0,0
monthly_state_validated,2448,2021-02-26,2021-03-08,-0.0165997123904068,2021,2021-01-31,learned_order_offset,20260910,0.47073396029682846,0.47073396029682846,0,0
monthly_state_ungated,2438,2021-02-05,2021-02-22,0.0507379035040882,2021,2021-01-31,learned_order_offset,20260910,0.4191495029175148,0.4191495029175148,0,1
monthly_state_ungated,2443,2021-02-19,2021-03-01,-0.0684918010685315,2021,2021-01-31,learned_order_offset,20260910,0.479618495019198,0.479618495019198,0,0
monthly_state_ungated,2448,2021-02-26,2021-03-08,-0.0165997123904068,2021,2021-01-31,learned_order_offset,20260910,0.47073396029682846,0.47073396029682846,0,0
monthly_state_validated,2438,2021-02-05,2021-02-22,0.0507379035040882,2021,2021-01-31,learned_order_offset,20260911,0.5458888183275549,0.5458888183275549,1,1
monthly_state_validated,2443,2021-02-19,2021-03-01,-0.0684918010685315,2021,2021-01-31,learned_order_offset,20260911,0.4238553224614908,0.4238553224614908,0,0
monthly_state_validated,2448,2021-02-26,2021-03-08,-0.0165997123904068,2021,2021-01-31,learned_order_offset,20260911,0.4840844360242453,0.4840844360242453,0,0
monthly_state_ungated,2438,2021-02-05,2021-02-22,0.0507379035040882,2021,2021-01-31,learned_order_offset,20260911,0.5458888183275549,0.5458888183275549,1,1
monthly_state_ungated,2443,2021-02-19,2021-03-01,-0.0684918010685315,2021,2021-01-31,learned_order_offset,20260911,0.4238553224614908,0.4238553224614908,0,0
monthly_state_ungated,2448,2021-02-26,2021-03-08,-0.0165997123904068,2021,2021-01-31,learned_order_offset,20260911,0.4840844360242453,0.4840844360242453,0,0
monthly_state_validated,2438,2021-02-05,2021-02-22,0.0507379035040882,2021,2021-01-31,learned_order_offset,20260912,0.5468628858044645,0.5468628858044645,1,1
monthly_state_validated,2443,2021-02-19,2021-03-01,-0.0684918010685315,2021,2021-01-31,learned_order_offset,20260912,0.37253784220409425,0.37253784220409425,0,0
monthly_state_validated,2448,2021-02-26,2021-03-08,-0.0165997123904068,2021,2021-01-31,learned_order_offset,20260912,0.5649799919042372,0.5649799919042372,1,0
monthly_state_ungated,2438,2021-02-05,2021-02-22,0.0507379035040882,2021,2021-01-31,learned_order_offset,20260912,0.5468628858044645,0.5468628858044645,1,1
monthly_state_ungated,2443,2021-02-19,2021-03-01,-0.0684918010685315,2021,2021-01-31,learned_order_offset,20260912,0.37253784220409425,0.37253784220409425,0,0
monthly_state_ungated,2448,2021-02-26,2021-03-08,-0.0165997123904068,2021,2021-01-31,learned_order_offset,20260912,0.5649799919042372,0.5649799919042372,1,0
monthly_state_validated,2453,2021-03-05,2021-03-15,-0.0346560901469681,2021,2021-02-28,learned_market,20260910,0.40131415281599914,0.40131415281599914,0,0
monthly_state_validated,2458,2021-03-12,2021-03-22,-0.0210550182560221,2021,2021-02-28,learned_market,20260910,0.47295990993929365,0.47295990993929365,0,0
monthly_state_validated,2463,2021-03-19,2021-03-29,0.0087572877565691,2021,2021-02-28,learned_market,20260910,0.6783048076904669,0.6783048076904669,1,1
monthly_state_validated,2468,2021-03-26,2021-04-06,0.0250145479448802,2021,2021-02-28,learned_market,20260910,0.6020041018019381,0.6020041018019381,1,1
monthly_state_ungated,2453,2021-03-05,2021-03-15,-0.0346560901469681,2021,2021-02-28,learned_market,20260910,0.40131415281599914,0.40131415281599914,0,0
monthly_state_ungated,2458,2021-03-12,2021-03-22,-0.0210550182560221,2021,2021-02-28,learned_market,20260910,0.47295990993929365,0.47295990993929365,0,0
monthly_state_ungated,2463,2021-03-19,2021-03-29,0.0087572877565691,2021,2021-02-28,learned_market,20260910,0.6783048076904669,0.6783048076904669,1,1
monthly_state_ungated,2468,2021-03-26,2021-04-06,0.0250145479448802,2021,2021-02-28,learned_market,20260910,0.6020041018019381,0.6020041018019381,1,1
monthly_state_validated,2453,2021-03-05,2021-03-15,-0.0346560901469681,2021,2021-02-28,learned_market,20260911,0.3640545492155067,0.3640545492155067,0,0
monthly_state_validated,2458,2021-03-12,2021-03-22,-0.0210550182560221,2021,2021-02-28,learned_market,20260911,0.27457561641477635,0.27457561641477635,0,0
monthly_state_validated,2463,2021-03-19,2021-03-29,0.0087572877565691,2021,2021-02-28,learned_market,20260911,0.5317095579141908,0.5317095579141908,1,1
monthly_state_validated,2468,2021-03-26,2021-04-06,0.0250145479448802,2021,2021-02-28,learned_market,20260911,0.48950965003399194,0.48950965003399194,0,1
monthly_state_ungated,2453,2021-03-05,2021-03-15,-0.0346560901469681,2021,2021-02-28,learned_market,20260911,0.3640545492155067,0.3640545492155067,0,0
monthly_state_ungated,2458,2021-03-12,2021-03-22,-0.0210550182560221,2021,2021-02-28,learned_market,20260911,0.27457561641477635,0.27457561641477635,0,0
monthly_state_ungated,2463,2021-03-19,2021-03-29,0.0087572877565691,2021,2021-02-28,learned_market,20260911,0.5317095579141908,0.5317095579141908,1,1
monthly_state_ungated,2468,2021-03-26,2021-04-06,0.0250145479448802,2021,2021-02-28,learned_market,20260911,0.48950965003399194,0.48950965003399194,0,1
monthly_state_validated,2453,2021-03-05,2021-03-15,-0.0346560901469681,2021,2021-02-28,learned_market,20260912,0.4912573433049491,0.4912573433049491,0,0
monthly_state_validated,2458,2021-03-12,2021-03-22,-0.0210550182560221,2021,2021-02-28,learned_market,20260912,0.4975950072849539,0.4975950072849539,0,0
monthly_state_validated,2463,2021-03-19,2021-03-29,0.0087572877565691,2021,2021-02-28,learned_market,20260912,0.4862560848839745,0.4862560848839745,0,1
monthly_state_validated,2468,2021-03-26,2021-04-06,0.0250145479448802,2021,2021-02-28,learned_market,20260912,0.5757817923341705,0.5757817923341705,1,1
monthly_state_ungated,2453,2021-03-05,2021-03-15,-0.0346560901469681,2021,2021-02-28,learned_market,20260912,0.4912573433049491,0.4912573433049491,0,0
monthly_state_ungated,2458,2021-03-12,2021-03-22,-0.0210550182560221,2021,2021-02-28,learned_market,20260912,0.4975950072849539,0.4975950072849539,0,0
monthly_state_ungated,2463,2021-03-19,2021-03-29,0.0087572877565691,2021,2021-02-28,learned_market,20260912,0.4862560848839745,0.4862560848839745,0,1
monthly_state_ungated,2468,2021-03-26,2021-04-06,0.0250145479448802,2021,2021-02-28,learned_market,20260912,0.5757817923341705,0.5757817923341705,1,1
monthly_state_validated,2453,2021-03-05,2021-03-15,-0.0346560901469681,2021,2021-02-28,learned_vol_interaction,20260910,0.4610266286466043,0.4610266286466043,0,0
monthly_state_validated,2458,2021-03-12,2021-03-22,-0.0210550182560221,2021,2021-02-28,learned_vol_interaction,20260910,0.48103471562569133,0.48103471562569133,0,0
monthly_state_validated,2463,2021-03-19,2021-03-29,0.0087572877565691,2021,2021-02-28,learned_vol_interaction,20260910,0.5872740166666267,0.5872740166666267,1,1
monthly_state_validated,2468,2021-03-26,2021-04-06,0.0250145479448802,2021,2021-02-28,learned_vol_interaction,20260910,0.5791980511717043,0.5791980511717043,1,1
monthly_state_ungated,2453,2021-03-05,2021-03-15,-0.0346560901469681,2021,2021-02-28,learned_vol_interaction,20260910,0.4610266286466043,0.4610266286466043,0,0
monthly_state_ungated,2458,2021-03-12,2021-03-22,-0.0210550182560221,2021,2021-02-28,learned_vol_interaction,20260910,0.48103471562569133,0.48103471562569133,0,0
monthly_state_ungated,2463,2021-03-19,2021-03-29,0.0087572877565691,2021,2021-02-28,learned_vol_interaction,20260910,0.5872740166666267,0.5872740166666267,1,1
monthly_state_ungated,2468,2021-03-26,2021-04-06,0.0250145479448802,2021,2021-02-28,learned_vol_interaction,20260910,0.5791980511717043,0.5791980511717043,1,1
monthly_state_validated,2453,2021-03-05,2021-03-15,-0.0346560901469681,2021,2021-02-28,learned_vol_interaction,20260911,0.3506881836542513,0.3506881836542513,0,0
monthly_state_validated,2458,2021-03-12,2021-03-22,-0.0210550182560221,2021,2021-02-28,learned_vol_interaction,20260911,0.23467895972096536,0.23467895972096536,0,0
monthly_state_validated,2463,2021-03-19,2021-03-29,0.0087572877565691,2021,2021-02-28,learned_vol_interaction,20260911,0.5417459151974428,0.5417459151974428,1,1
monthly_state_validated,2468,2021-03-26,2021-04-06,0.0250145479448802,2021,2021-02-28,learned_vol_interaction,20260911,0.48054571329537366,0.48054571329537366,0,1
monthly_state_ungated,2453,2021-03-05,2021-03-15,-0.0346560901469681,2021,2021-02-28,learned_vol_interaction,20260911,0.3506881836542513,0.3506881836542513,0,0
monthly_state_ungated,2458,2021-03-12,2021-03-22,-0.0210550182560221,2021,2021-02-28,learned_vol_interaction,20260911,0.23467895972096536,0.23467895972096536,0,0
monthly_state_ungated,2463,2021-03-19,2021-03-29,0.0087572877565691,2021,2021-02-28,learned_vol_interaction,20260911,0.5417459151974428,0.5417459151974428,1,1
monthly_state_ungated,2468,2021-03-26,2021-04-06,0.0250145479448802,2021,2021-02-28,learned_vol_interaction,20260911,0.48054571329537366,0.48054571329537366,0,1
monthly_state_validated,2453,2021-03-05,2021-03-15,-0.0346560901469681,2021,2021-02-28,learned_vol_interaction,20260912,0.4925362885158211,0.4925362885158211,0,0
monthly_state_validated,2458,2021-03-12,2021-03-22,-0.0210550182560221,2021,2021-02-28,learned_vol_interaction,20260912,0.5001941106115585,0.5001941106115585,1,0
monthly_state_validated,2463,2021-03-19,2021-03-29,0.0087572877565691,2021,2021-02-28,learned_vol_interaction,20260912,0.4917119078225818,0.4917119078225818,0,1
monthly_state_validated,2468,2021-03-26,2021-04-06,0.0250145479448802,2021,2021-02-28,learned_vol_interaction,20260912,0.5754614207160266,0.5754614207160266,1,1
monthly_state_ungated,2453,2021-03-05,2021-03-15,-0.0346560901469681,2021,2021-02-28,learned_vol_interaction,20260912,0.4925362885158211,0.4925362885158211,0,0
monthly_state_ungated,2458,2021-03-12,2021-03-22,-0.0210550182560221,2021,2021-02-28,learned_vol_interaction,20260912,0.5001941106115585,0.5001941106115585,1,0
monthly_state_ungated,2463,2021-03-19,2021-03-29,0.0087572877565691,2021,2021-02-28,learned_vol_interaction,20260912,0.4917119078225818,0.4917119078225818,0,1
monthly_state_ungated,2468,2021-03-26,2021-04-06,0.0250145479448802,2021,2021-02-28,learned_vol_interaction,20260912,0.5754614207160266,0.5754614207160266,1,1
monthly_state_validated,2453,2021-03-05,2021-03-15,-0.0346560901469681,2021,2021-02-28,learned_order_extension,20260910,0.45619563032762256,0.45619563032762256,0,0
monthly_state_validated,2458,2021-03-12,2021-03-22,-0.0210550182560221,2021,2021-02-28,learned_order_extension,20260910,0.47999849102949665,0.47999849102949665,0,0
monthly_state_validated,2463,2021-03-19,2021-03-29,0.0087572877565691,2021,2021-02-28,learned_order_extension,20260910,0.5898698686538169,0.5898698686538169,1,1
monthly_state_validated,2468,2021-03-26,2021-04-06,0.0250145479448802,2021,2021-02-28,learned_order_extension,20260910,0.5737573684172776,0.5737573684172776,1,1
monthly_state_ungated,2453,2021-03-05,2021-03-15,-0.0346560901469681,2021,2021-02-28,learned_order_extension,20260910,0.45619563032762256,0.45619563032762256,0,0
monthly_state_ungated,2458,2021-03-12,2021-03-22,-0.0210550182560221,2021,2021-02-28,learned_order_extension,20260910,0.47999849102949665,0.47999849102949665,0,0
monthly_state_ungated,2463,2021-03-19,2021-03-29,0.0087572877565691,2021,2021-02-28,learned_order_extension,20260910,0.5898698686538169,0.5898698686538169,1,1
monthly_state_ungated,2468,2021-03-26,2021-04-06,0.0250145479448802,2021,2021-02-28,learned_order_extension,20260910,0.5737573684172776,0.5737573684172776,1,1
monthly_state_validated,2453,2021-03-05,2021-03-15,-0.0346560901469681,2021,2021-02-28,learned_order_extension,20260911,0.3468677434509978,0.3468677434509978,0,0
monthly_state_validated,2458,2021-03-12,2021-03-22,-0.0210550182560221,2021,2021-02-28,learned_order_extension,20260911,0.2385842218483661,0.2385842218483661,0,0
monthly_state_validated,2463,2021-03-19,2021-03-29,0.0087572877565691,2021,2021-02-28,learned_order_extension,20260911,0.532998967015209,0.532998967015209,1,1
monthly_state_validated,2468,2021-03-26,2021-04-06,0.0250145479448802,2021,2021-02-28,learned_order_extension,20260911,0.48258967958160864,0.48258967958160864,0,1
monthly_state_ungated,2453,2021-03-05,2021-03-15,-0.0346560901469681,2021,2021-02-28,learned_order_extension,20260911,0.3468677434509978,0.3468677434509978,0,0
monthly_state_ungated,2458,2021-03-12,2021-03-22,-0.0210550182560221,2021,2021-02-28,learned_order_extension,20260911,0.2385842218483661,0.2385842218483661,0,0
monthly_state_ungated,2463,2021-03-19,2021-03-29,0.0087572877565691,2021,2021-02-28,learned_order_extension,20260911,0.532998967015209,0.532998967015209,1,1
monthly_state_ungated,2468,2021-03-26,2021-04-06,0.0250145479448802,2021,2021-02-28,learned_order_extension,20260911,0.48258967958160864,0.48258967958160864,0,1
monthly_state_validated,2453,2021-03-05,2021-03-15,-0.0346560901469681,2021,2021-02-28,learned_order_extension,20260912,0.4938099782773414,0.4938099782773414,0,0
monthly_state_validated,2458,2021-03-12,2021-03-22,-0.0210550182560221,2021,2021-02-28,learned_order_extension,20260912,0.5011342068332141,0.5011342068332141,1,0
monthly_state_validated,2463,2021-03-19,2021-03-29,0.0087572877565691,2021,2021-02-28,learned_order_extension,20260912,0.49318584601318854,0.49318584601318854,0,1
monthly_state_validated,2468,2021-03-26,2021-04-06,0.0250145479448802,2021,2021-02-28,learned_order_extension,20260912,0.5765372992952104,0.5765372992952104,1,1
monthly_state_ungated,2453,2021-03-05,2021-03-15,-0.0346560901469681,2021,2021-02-28,learned_order_extension,20260912,0.4938099782773414,0.4938099782773414,0,0
monthly_state_ungated,2458,2021-03-12,2021-03-22,-0.0210550182560221,2021,2021-02-28,learned_order_extension,20260912,0.5011342068332141,0.5011342068332141,1,0
monthly_state_ungated,2463,2021-03-19,2021-03-29,0.0087572877565691,2021,2021-02-28,learned_order_extension,20260912,0.49318584601318854,0.49318584601318854,0,1
monthly_state_ungated,2468,2021-03-26,2021-04-06,0.0250145479448802,2021,2021-02-28,learned_order_extension,20260912,0.5765372992952104,0.5765372992952104,1,1
monthly_state_validated,2453,2021-03-05,2021-03-15,-0.0346560901469681,2021,2021-02-28,learned_order_offset,20260910,0.4561872166710552,0.4561872166710552,0,0
monthly_state_validated,2458,2021-03-12,2021-03-22,-0.0210550182560221,2021,2021-02-28,learned_order_offset,20260910,0.48027551652013106,0.48027551652013106,0,0
monthly_state_validated,2463,2021-03-19,2021-03-29,0.0087572877565691,2021,2021-02-28,learned_order_offset,20260910,0.5905225656238325,0.5905225656238325,1,1
monthly_state_validated,2468,2021-03-26,2021-04-06,0.0250145479448802,2021,2021-02-28,learned_order_offset,20260910,0.5737282476957762,0.5737282476957762,1,1
monthly_state_ungated,2453,2021-03-05,2021-03-15,-0.0346560901469681,2021,2021-02-28,learned_order_offset,20260910,0.4561872166710552,0.4561872166710552,0,0
monthly_state_ungated,2458,2021-03-12,2021-03-22,-0.0210550182560221,2021,2021-02-28,learned_order_offset,20260910,0.48027551652013106,0.48027551652013106,0,0
monthly_state_ungated,2463,2021-03-19,2021-03-29,0.0087572877565691,2021,2021-02-28,learned_order_offset,20260910,0.5905225656238325,0.5905225656238325,1,1
monthly_state_ungated,2468,2021-03-26,2021-04-06,0.0250145479448802,2021,2021-02-28,learned_order_offset,20260910,0.5737282476957762,0.5737282476957762,1,1
monthly_state_validated,2453,2021-03-05,2021-03-15,-0.0346560901469681,2021,2021-02-28,learned_order_offset,20260911,0.34642186749779336,0.34642186749779336,0,0
monthly_state_validated,2458,2021-03-12,2021-03-22,-0.0210550182560221,2021,2021-02-28,learned_order_offset,20260911,0.23704081021871007,0.23704081021871007,0,0
monthly_state_validated,2463,2021-03-19,2021-03-29,0.0087572877565691,2021,2021-02-28,learned_order_offset,20260911,0.5312704874985703,0.5312704874985703,1,1
monthly_state_validated,2468,2021-03-26,2021-04-06,0.0250145479448802,2021,2021-02-28,learned_order_offset,20260911,0.48113132203479025,0.48113132203479025,0,1
monthly_state_ungated,2453,2021-03-05,2021-03-15,-0.0346560901469681,2021,2021-02-28,learned_order_offset,20260911,0.34642186749779336,0.34642186749779336,0,0
monthly_state_ungated,2458,2021-03-12,2021-03-22,-0.0210550182560221,2021,2021-02-28,learned_order_offset,20260911,0.23704081021871007,0.23704081021871007,0,0
monthly_state_ungated,2463,2021-03-19,2021-03-29,0.0087572877565691,2021,2021-02-28,learned_order_offset,20260911,0.5312704874985703,0.5312704874985703,1,1
monthly_state_ungated,2468,2021-03-26,2021-04-06,0.0250145479448802,2021,2021-02-28,learned_order_offset,20260911,0.48113132203479025,0.48113132203479025,0,1
monthly_state_validated,2453,2021-03-05,2021-03-15,-0.0346560901469681,2021,2021-02-28,learned_order_offset,20260912,0.49348358050186064,0.49348358050186064,0,0
monthly_state_validated,2458,2021-03-12,2021-03-22,-0.0210550182560221,2021,2021-02-28,learned_order_offset,20260912,0.500928953286114,0.500928953286114,1,0
monthly_state_validated,2463,2021-03-19,2021-03-29,0.0087572877565691,2021,2021-02-28,learned_order_offset,20260912,0.493170220106531,0.493170220106531,0,1
monthly_state_validated,2468,2021-03-26,2021-04-06,0.0250145479448802,2021,2021-02-28,learned_order_offset,20260912,0.5766144810517231,0.5766144810517231,1,1
monthly_state_ungated,2453,2021-03-05,2021-03-15,-0.0346560901469681,2021,2021-02-28,learned_order_offset,20260912,0.49348358050186064,0.49348358050186064,0,0
monthly_state_ungated,2458,2021-03-12,2021-03-22,-0.0210550182560221,2021,2021-02-28,learned_order_offset,20260912,0.500928953286114,0.500928953286114,1,0
monthly_state_ungated,2463,2021-03-19,2021-03-29,0.0087572877565691,2021,2021-02-28,learned_order_offset,20260912,0.493170220106531,0.493170220106531,0,1
monthly_state_ungated,2468,2021-03-26,2021-04-06,0.0250145479448802,2021,2021-02-28,learned_order_offset,20260912,0.5766144810517231,0.5766144810517231,1,1
monthly_state_validated,2473,2021-04-02,2021-04-12,-0.0292856811827044,2021,2021-03-31,learned_market,20260910,0.5183679897795258,0.5183679897795258,1,0
monthly_state_validated,2477,2021-04-09,2021-04-19,-0.0120489836840408,2021,2021-03-31,learned_market,20260910,0.6850249402938339,0.6850249402938339,1,0
monthly_state_validated,2482,2021-04-16,2021-04-26,0.0382932540809155,2021,2021-03-31,learned_market,20260910,0.609924220475271,0.609924220475271,1,1
monthly_state_validated,2487,2021-04-23,2021-05-06,-0.0112070185917437,2021,2021-03-31,learned_market,20260910,0.6788658728472401,0.6788658728472401,1,0
monthly_state_validated,2492,2021-04-30,2021-05-12,-0.0190946889464188,2021,2021-03-31,learned_market,20260910,0.6869387015648898,0.6869387015648898,1,0
monthly_state_ungated,2473,2021-04-02,2021-04-12,-0.0292856811827044,2021,2021-03-31,learned_market,20260910,0.5183679897795258,0.5183679897795258,1,0
monthly_state_ungated,2477,2021-04-09,2021-04-19,-0.0120489836840408,2021,2021-03-31,learned_market,20260910,0.6850249402938339,0.6850249402938339,1,0
monthly_state_ungated,2482,2021-04-16,2021-04-26,0.0382932540809155,2021,2021-03-31,learned_market,20260910,0.609924220475271,0.609924220475271,1,1
monthly_state_ungated,2487,2021-04-23,2021-05-06,-0.0112070185917437,2021,2021-03-31,learned_market,20260910,0.6788658728472401,0.6788658728472401,1,0
monthly_state_ungated,2492,2021-04-30,2021-05-12,-0.0190946889464188,2021,2021-03-31,learned_market,20260910,0.6869387015648898,0.6869387015648898,1,0
monthly_state_validated,2473,2021-04-02,2021-04-12,-0.0292856811827044,2021,2021-03-31,learned_market,20260911,0.6284072500994273,0.6284072500994273,1,0
monthly_state_validated,2477,2021-04-09,2021-04-19,-0.0120489836840408,2021,2021-03-31,learned_market,20260911,0.5279187640170273,0.5279187640170273,1,0
monthly_state_validated,2482,2021-04-16,2021-04-26,0.0382932540809155,2021,2021-03-31,learned_market,20260911,0.4865076820291842,0.4865076820291842,0,1
monthly_state_validated,2487,2021-04-23,2021-05-06,-0.0112070185917437,2021,2021-03-31,learned_market,20260911,0.5300805747669529,0.5300805747669529,1,0
monthly_state_validated,2492,2021-04-30,2021-05-12,-0.0190946889464188,2021,2021-03-31,learned_market,20260911,0.6951452745996383,0.6951452745996383,1,0
monthly_state_ungated,2473,2021-04-02,2021-04-12,-0.0292856811827044,2021,2021-03-31,learned_market,20260911,0.6284072500994273,0.6284072500994273,1,0
monthly_state_ungated,2477,2021-04-09,2021-04-19,-0.0120489836840408,2021,2021-03-31,learned_market,20260911,0.5279187640170273,0.5279187640170273,1,0
monthly_state_ungated,2482,2021-04-16,2021-04-26,0.0382932540809155,2021,2021-03-31,learned_market,20260911,0.4865076820291842,0.4865076820291842,0,1
monthly_state_ungated,2487,2021-04-23,2021-05-06,-0.0112070185917437,2021,2021-03-31,learned_market,20260911,0.5300805747669529,0.5300805747669529,1,0
monthly_state_ungated,2492,2021-04-30,2021-05-12,-0.0190946889464188,2021,2021-03-31,learned_market,20260911,0.6951452745996383,0.6951452745996383,1,0
monthly_state_validated,2473,2021-04-02,2021-04-12,-0.0292856811827044,2021,2021-03-31,learned_market,20260912,0.56297665502886,0.56297665502886,1,0
monthly_state_validated,2477,2021-04-09,2021-04-19,-0.0120489836840408,2021,2021-03-31,learned_market,20260912,0.6833728945724409,0.6833728945724409,1,0
monthly_state_validated,2482,2021-04-16,2021-04-26,0.0382932540809155,2021,2021-03-31,learned_market,20260912,0.6069844199651692,0.6069844199651692,1,1
monthly_state_validated,2487,2021-04-23,2021-05-06,-0.0112070185917437,2021,2021-03-31,learned_market,20260912,0.6957153692040717,0.6957153692040717,1,0
monthly_state_validated,2492,2021-04-30,2021-05-12,-0.0190946889464188,2021,2021-03-31,learned_market,20260912,0.49572812581073494,0.49572812581073494,0,0
monthly_state_ungated,2473,2021-04-02,2021-04-12,-0.0292856811827044,2021,2021-03-31,learned_market,20260912,0.56297665502886,0.56297665502886,1,0
monthly_state_ungated,2477,2021-04-09,2021-04-19,-0.0120489836840408,2021,2021-03-31,learned_market,20260912,0.6833728945724409,0.6833728945724409,1,0
monthly_state_ungated,2482,2021-04-16,2021-04-26,0.0382932540809155,2021,2021-03-31,learned_market,20260912,0.6069844199651692,0.6069844199651692,1,1
monthly_state_ungated,2487,2021-04-23,2021-05-06,-0.0112070185917437,2021,2021-03-31,learned_market,20260912,0.6957153692040717,0.6957153692040717,1,0
monthly_state_ungated,2492,2021-04-30,2021-05-12,-0.0190946889464188,2021,2021-03-31,learned_market,20260912,0.49572812581073494,0.49572812581073494,0,0
monthly_state_validated,2473,2021-04-02,2021-04-12,-0.0292856811827044,2021,2021-03-31,learned_vol_interaction,20260910,0.5665920928801257,0.5665920928801257,1,0
monthly_state_validated,2477,2021-04-09,2021-04-19,-0.0120489836840408,2021,2021-03-31,learned_vol_interaction,20260910,0.7108940398772539,0.7108940398772539,1,0
monthly_state_validated,2482,2021-04-16,2021-04-26,0.0382932540809155,2021,2021-03-31,learned_vol_interaction,20260910,0.6177612563202494,0.6177612563202494,1,1
monthly_state_validated,2487,2021-04-23,2021-05-06,-0.0112070185917437,2021,2021-03-31,learned_vol_interaction,20260910,0.7142122563040804,0.7142122563040804,1,0
monthly_state_validated,2492,2021-04-30,2021-05-12,-0.0190946889464188,2021,2021-03-31,learned_vol_interaction,20260910,0.6941591991721776,0.6941591991721776,1,0
monthly_state_ungated,2473,2021-04-02,2021-04-12,-0.0292856811827044,2021,2021-03-31,learned_vol_interaction,20260910,0.5665920928801257,0.5665920928801257,1,0
monthly_state_ungated,2477,2021-04-09,2021-04-19,-0.0120489836840408,2021,2021-03-31,learned_vol_interaction,20260910,0.7108940398772539,0.7108940398772539,1,0
monthly_state_ungated,2482,2021-04-16,2021-04-26,0.0382932540809155,2021,2021-03-31,learned_vol_interaction,20260910,0.6177612563202494,0.6177612563202494,1,1
monthly_state_ungated,2487,2021-04-23,2021-05-06,-0.0112070185917437,2021,2021-03-31,learned_vol_interaction,20260910,0.7142122563040804,0.7142122563040804,1,0
monthly_state_ungated,2492,2021-04-30,2021-05-12,-0.0190946889464188,2021,2021-03-31,learned_vol_interaction,20260910,0.6941591991721776,0.6941591991721776,1,0
monthly_state_validated,2473,2021-04-02,2021-04-12,-0.0292856811827044,2021,2021-03-31,learned_vol_interaction,20260911,0.6505026926141996,0.6505026926141996,1,0
monthly_state_validated,2477,2021-04-09,2021-04-19,-0.0120489836840408,2021,2021-03-31,learned_vol_interaction,20260911,0.5238037480083749,0.5238037480083749,1,0
monthly_state_validated,2482,2021-04-16,2021-04-26,0.0382932540809155,2021,2021-03-31,learned_vol_interaction,20260911,0.4746098723057128,0.4746098723057128,0,1
monthly_state_validated,2487,2021-04-23,2021-05-06,-0.0112070185917437,2021,2021-03-31,learned_vol_interaction,20260911,0.527013271372353,0.527013271372353,1,0
monthly_state_validated,2492,2021-04-30,2021-05-12,-0.0190946889464188,2021,2021-03-31,learned_vol_interaction,20260911,0.6901244469023494,0.6901244469023494,1,0
monthly_state_ungated,2473,2021-04-02,2021-04-12,-0.0292856811827044,2021,2021-03-31,learned_vol_interaction,20260911,0.6505026926141996,0.6505026926141996,1,0
monthly_state_ungated,2477,2021-04-09,2021-04-19,-0.0120489836840408,2021,2021-03-31,learned_vol_interaction,20260911,0.5238037480083749,0.5238037480083749,1,0
monthly_state_ungated,2482,2021-04-16,2021-04-26,0.0382932540809155,2021,2021-03-31,learned_vol_interaction,20260911,0.4746098723057128,0.4746098723057128,0,1
monthly_state_ungated,2487,2021-04-23,2021-05-06,-0.0112070185917437,2021,2021-03-31,learned_vol_interaction,20260911,0.527013271372353,0.527013271372353,1,0
monthly_state_ungated,2492,2021-04-30,2021-05-12,-0.0190946889464188,2021,2021-03-31,learned_vol_interaction,20260911,0.6901244469023494,0.6901244469023494,1,0
monthly_state_validated,2473,2021-04-02,2021-04-12,-0.0292856811827044,2021,2021-03-31,learned_vol_interaction,20260912,0.5647750064828143,0.5647750064828143,1,0
monthly_state_validated,2477,2021-04-09,2021-04-19,-0.0120489836840408,2021,2021-03-31,learned_vol_interaction,20260912,0.6851225390103307,0.6851225390103307,1,0
monthly_state_validated,2482,2021-04-16,2021-04-26,0.0382932540809155,2021,2021-03-31,learned_vol_interaction,20260912,0.6079794499510633,0.6079794499510633,1,1
monthly_state_validated,2487,2021-04-23,2021-05-06,-0.0112070185917437,2021,2021-03-31,learned_vol_interaction,20260912,0.6970440278111448,0.6970440278111448,1,0
monthly_state_validated,2492,2021-04-30,2021-05-12,-0.0190946889464188,2021,2021-03-31,learned_vol_interaction,20260912,0.49508455771909865,0.49508455771909865,0,0
monthly_state_ungated,2473,2021-04-02,2021-04-12,-0.0292856811827044,2021,2021-03-31,learned_vol_interaction,20260912,0.5647750064828143,0.5647750064828143,1,0
monthly_state_ungated,2477,2021-04-09,2021-04-19,-0.0120489836840408,2021,2021-03-31,learned_vol_interaction,20260912,0.6851225390103307,0.6851225390103307,1,0
monthly_state_ungated,2482,2021-04-16,2021-04-26,0.0382932540809155,2021,2021-03-31,learned_vol_interaction,20260912,0.6079794499510633,0.6079794499510633,1,1
monthly_state_ungated,2487,2021-04-23,2021-05-06,-0.0112070185917437,2021,2021-03-31,learned_vol_interaction,20260912,0.6970440278111448,0.6970440278111448,1,0
monthly_state_ungated,2492,2021-04-30,2021-05-12,-0.0190946889464188,2021,2021-03-31,learned_vol_interaction,20260912,0.49508455771909865,0.49508455771909865,0,0
monthly_state_validated,2473,2021-04-02,2021-04-12,-0.0292856811827044,2021,2021-03-31,learned_order_extension,20260910,0.5606987442866249,0.5606987442866249,1,0
monthly_state_validated,2477,2021-04-09,2021-04-19,-0.0120489836840408,2021,2021-03-31,learned_order_extension,20260910,0.7182274336525071,0.7182274336525071,1,0
monthly_state_validated,2482,2021-04-16,2021-04-26,0.0382932540809155,2021,2021-03-31,learned_order_extension,20260910,0.6304814445875302,0.6304814445875302,1,1
monthly_state_validated,2487,2021-04-23,2021-05-06,-0.0112070185917437,2021,2021-03-31,learned_order_extension,20260910,0.7209122130262224,0.7209122130262224,1,0
monthly_state_validated,2492,2021-04-30,2021-05-12,-0.0190946889464188,2021,2021-03-31,learned_order_extension,20260910,0.7079591515466482,0.7079591515466482,1,0
monthly_state_ungated,2473,2021-04-02,2021-04-12,-0.0292856811827044,2021,2021-03-31,learned_order_extension,20260910,0.5606987442866249,0.5606987442866249,1,0
monthly_state_ungated,2477,2021-04-09,2021-04-19,-0.0120489836840408,2021,2021-03-31,learned_order_extension,20260910,0.7182274336525071,0.7182274336525071,1,0
monthly_state_ungated,2482,2021-04-16,2021-04-26,0.0382932540809155,2021,2021-03-31,learned_order_extension,20260910,0.6304814445875302,0.6304814445875302,1,1
monthly_state_ungated,2487,2021-04-23,2021-05-06,-0.0112070185917437,2021,2021-03-31,learned_order_extension,20260910,0.7209122130262224,0.7209122130262224,1,0
monthly_state_ungated,2492,2021-04-30,2021-05-12,-0.0190946889464188,2021,2021-03-31,learned_order_extension,20260910,0.7079591515466482,0.7079591515466482,1,0
monthly_state_validated,2473,2021-04-02,2021-04-12,-0.0292856811827044,2021,2021-03-31,learned_order_extension,20260911,0.6435569143740099,0.6435569143740099,1,0
monthly_state_validated,2477,2021-04-09,2021-04-19,-0.0120489836840408,2021,2021-03-31,learned_order_extension,20260911,0.5172587608947022,0.5172587608947022,1,0
monthly_state_validated,2482,2021-04-16,2021-04-26,0.0382932540809155,2021,2021-03-31,learned_order_extension,20260911,0.45050831794964574,0.45050831794964574,0,1
monthly_state_validated,2487,2021-04-23,2021-05-06,-0.0112070185917437,2021,2021-03-31,learned_order_extension,20260911,0.50667980676185,0.50667980676185,1,0
monthly_state_validated,2492,2021-04-30,2021-05-12,-0.0190946889464188,2021,2021-03-31,learned_order_extension,20260911,0.7098069326540961,0.7098069326540961,1,0
monthly_state_ungated,2473,2021-04-02,2021-04-12,-0.0292856811827044,2021,2021-03-31,learned_order_extension,20260911,0.6435569143740099,0.6435569143740099,1,0
monthly_state_ungated,2477,2021-04-09,2021-04-19,-0.0120489836840408,2021,2021-03-31,learned_order_extension,20260911,0.5172587608947022,0.5172587608947022,1,0
monthly_state_ungated,2482,2021-04-16,2021-04-26,0.0382932540809155,2021,2021-03-31,learned_order_extension,20260911,0.45050831794964574,0.45050831794964574,0,1
monthly_state_ungated,2487,2021-04-23,2021-05-06,-0.0112070185917437,2021,2021-03-31,learned_order_extension,20260911,0.50667980676185,0.50667980676185,1,0
monthly_state_ungated,2492,2021-04-30,2021-05-12,-0.0190946889464188,2021,2021-03-31,learned_order_extension,20260911,0.7098069326540961,0.7098069326540961,1,0
monthly_state_validated,2473,2021-04-02,2021-04-12,-0.0292856811827044,2021,2021-03-31,learned_order_extension,20260912,0.5661836120897463,0.5661836120897463,1,0
monthly_state_validated,2477,2021-04-09,2021-04-19,-0.0120489836840408,2021,2021-03-31,learned_order_extension,20260912,0.687046194737299,0.687046194737299,1,0
monthly_state_validated,2482,2021-04-16,2021-04-26,0.0382932540809155,2021,2021-03-31,learned_order_extension,20260912,0.6079705501613304,0.6079705501613304,1,1
monthly_state_validated,2487,2021-04-23,2021-05-06,-0.0112070185917437,2021,2021-03-31,learned_order_extension,20260912,0.7001630679827717,0.7001630679827717,1,0
monthly_state_validated,2492,2021-04-30,2021-05-12,-0.0190946889464188,2021,2021-03-31,learned_order_extension,20260912,0.4918375430018398,0.4918375430018398,0,0
monthly_state_ungated,2473,2021-04-02,2021-04-12,-0.0292856811827044,2021,2021-03-31,learned_order_extension,20260912,0.5661836120897463,0.5661836120897463,1,0
monthly_state_ungated,2477,2021-04-09,2021-04-19,-0.0120489836840408,2021,2021-03-31,learned_order_extension,20260912,0.687046194737299,0.687046194737299,1,0
monthly_state_ungated,2482,2021-04-16,2021-04-26,0.0382932540809155,2021,2021-03-31,learned_order_extension,20260912,0.6079705501613304,0.6079705501613304,1,1
monthly_state_ungated,2487,2021-04-23,2021-05-06,-0.0112070185917437,2021,2021-03-31,learned_order_extension,20260912,0.7001630679827717,0.7001630679827717,1,0
monthly_state_ungated,2492,2021-04-30,2021-05-12,-0.0190946889464188,2021,2021-03-31,learned_order_extension,20260912,0.4918375430018398,0.4918375430018398,0,0
monthly_state_validated,2473,2021-04-02,2021-04-12,-0.0292856811827044,2021,2021-03-31,learned_order_offset,20260910,0.5601705309594638,0.5601705309594638,1,0
monthly_state_validated,2477,2021-04-09,2021-04-19,-0.0120489836840408,2021,2021-03-31,learned_order_offset,20260910,0.7179682807976931,0.7179682807976931,1,0
monthly_state_validated,2482,2021-04-16,2021-04-26,0.0382932540809155,2021,2021-03-31,learned_order_offset,20260910,0.6306810809758883,0.6306810809758883,1,1
monthly_state_validated,2487,2021-04-23,2021-05-06,-0.0112070185917437,2021,2021-03-31,learned_order_offset,20260910,0.7206078147510746,0.7206078147510746,1,0
monthly_state_validated,2492,2021-04-30,2021-05-12,-0.0190946889464188,2021,2021-03-31,learned_order_offset,20260910,0.7081889914509276,0.7081889914509276,1,0
monthly_state_ungated,2473,2021-04-02,2021-04-12,-0.0292856811827044,2021,2021-03-31,learned_order_offset,20260910,0.5601705309594638,0.5601705309594638,1,0
monthly_state_ungated,2477,2021-04-09,2021-04-19,-0.0120489836840408,2021,2021-03-31,learned_order_offset,20260910,0.7179682807976931,0.7179682807976931,1,0
monthly_state_ungated,2482,2021-04-16,2021-04-26,0.0382932540809155,2021,2021-03-31,learned_order_offset,20260910,0.6306810809758883,0.6306810809758883,1,1
monthly_state_ungated,2487,2021-04-23,2021-05-06,-0.0112070185917437,2021,2021-03-31,learned_order_offset,20260910,0.7206078147510746,0.7206078147510746,1,0
monthly_state_ungated,2492,2021-04-30,2021-05-12,-0.0190946889464188,2021,2021-03-31,learned_order_offset,20260910,0.7081889914509276,0.7081889914509276,1,0
monthly_state_validated,2473,2021-04-02,2021-04-12,-0.0292856811827044,2021,2021-03-31,learned_order_offset,20260911,0.6426571671723265,0.6426571671723265,1,0
monthly_state_validated,2477,2021-04-09,2021-04-19,-0.0120489836840408,2021,2021-03-31,learned_order_offset,20260911,0.5170676205088839,0.5170676205088839,1,0
monthly_state_validated,2482,2021-04-16,2021-04-26,0.0382932540809155,2021,2021-03-31,learned_order_offset,20260911,0.45037422792655746,0.45037422792655746,0,1
monthly_state_validated,2487,2021-04-23,2021-05-06,-0.0112070185917437,2021,2021-03-31,learned_order_offset,20260911,0.5047827959577951,0.5047827959577951,1,0
monthly_state_validated,2492,2021-04-30,2021-05-12,-0.0190946889464188,2021,2021-03-31,learned_order_offset,20260911,0.7084828106212467,0.7084828106212467,1,0
monthly_state_ungated,2473,2021-04-02,2021-04-12,-0.0292856811827044,2021,2021-03-31,learned_order_offset,20260911,0.6426571671723265,0.6426571671723265,1,0
monthly_state_ungated,2477,2021-04-09,2021-04-19,-0.0120489836840408,2021,2021-03-31,learned_order_offset,20260911,0.5170676205088839,0.5170676205088839,1,0
monthly_state_ungated,2482,2021-04-16,2021-04-26,0.0382932540809155,2021,2021-03-31,learned_order_offset,20260911,0.45037422792655746,0.45037422792655746,0,1
monthly_state_ungated,2487,2021-04-23,2021-05-06,-0.0112070185917437,2021,2021-03-31,learned_order_offset,20260911,0.5047827959577951,0.5047827959577951,1,0
monthly_state_ungated,2492,2021-04-30,2021-05-12,-0.0190946889464188,2021,2021-03-31,learned_order_offset,20260911,0.7084828106212467,0.7084828106212467,1,0
monthly_state_validated,2473,2021-04-02,2021-04-12,-0.0292856811827044,2021,2021-03-31,learned_order_offset,20260912,0.566102470284805,0.566102470284805,1,0
monthly_state_validated,2477,2021-04-09,2021-04-19,-0.0120489836840408,2021,2021-03-31,learned_order_offset,20260912,0.6869015293782829,0.6869015293782829,1,0
monthly_state_validated,2482,2021-04-16,2021-04-26,0.0382932540809155,2021,2021-03-31,learned_order_offset,20260912,0.6078000978596377,0.6078000978596377,1,1
monthly_state_validated,2487,2021-04-23,2021-05-06,-0.0112070185917437,2021,2021-03-31,learned_order_offset,20260912,0.6999268378054232,0.6999268378054232,1,0
monthly_state_validated,2492,2021-04-30,2021-05-12,-0.0190946889464188,2021,2021-03-31,learned_order_offset,20260912,0.49168441153382075,0.49168441153382075,0,0
monthly_state_ungated,2473,2021-04-02,2021-04-12,-0.0292856811827044,2021,2021-03-31,learned_order_offset,20260912,0.566102470284805,0.566102470284805,1,0
monthly_state_ungated,2477,2021-04-09,2021-04-19,-0.0120489836840408,2021,2021-03-31,learned_order_offset,20260912,0.6869015293782829,0.6869015293782829,1,0
monthly_state_ungated,2482,2021-04-16,2021-04-26,0.0382932540809155,2021,2021-03-31,learned_order_offset,20260912,0.6078000978596377,0.6078000978596377,1,1
monthly_state_ungated,2487,2021-04-23,2021-05-06,-0.0112070185917437,2021,2021-03-31,learned_order_offset,20260912,0.6999268378054232,0.6999268378054232,1,0
monthly_state_ungated,2492,2021-04-30,2021-05-12,-0.0190946889464188,2021,2021-03-31,learned_order_offset,20260912,0.49168441153382075,0.49168441153382075,0,0
monthly_state_validated,2494,2021-05-07,2021-05-17,0.0227674429764228,2021,2021-04-30,learned_market,20260910,0.707143295820497,0.707143295820497,1,1
monthly_state_validated,2499,2021-05-14,2021-05-24,0.0045940519733895,2021,2021-04-30,learned_market,20260910,0.6297830216175037,0.6297830216175037,1,1
monthly_state_validated,2504,2021-05-21,2021-05-31,0.0348855085126711,2021,2021-04-30,learned_market,20260910,0.6135561076345685,0.6135561076345685,1,1
monthly_state_validated,2509,2021-05-28,2021-06-07,-0.0062409741861724,2021,2021-04-30,learned_market,20260910,0.5954545940650008,0.5954545940650008,1,0
monthly_state_ungated,2494,2021-05-07,2021-05-17,0.0227674429764228,2021,2021-04-30,learned_market,20260910,0.707143295820497,0.707143295820497,1,1
monthly_state_ungated,2499,2021-05-14,2021-05-24,0.0045940519733895,2021,2021-04-30,learned_market,20260910,0.6297830216175037,0.6297830216175037,1,1
monthly_state_ungated,2504,2021-05-21,2021-05-31,0.0348855085126711,2021,2021-04-30,learned_market,20260910,0.6135561076345685,0.6135561076345685,1,1
monthly_state_ungated,2509,2021-05-28,2021-06-07,-0.0062409741861724,2021,2021-04-30,learned_market,20260910,0.5954545940650008,0.5954545940650008,1,0
monthly_state_validated,2494,2021-05-07,2021-05-17,0.0227674429764228,2021,2021-04-30,learned_market,20260911,0.7605988126578928,0.7605988126578928,1,1
monthly_state_validated,2499,2021-05-14,2021-05-24,0.0045940519733895,2021,2021-04-30,learned_market,20260911,0.431899455562366,0.431899455562366,0,1
monthly_state_validated,2504,2021-05-21,2021-05-31,0.0348855085126711,2021,2021-04-30,learned_market,20260911,0.6176291390559848,0.6176291390559848,1,1
monthly_state_validated,2509,2021-05-28,2021-06-07,-0.0062409741861724,2021,2021-04-30,learned_market,20260911,0.5529696066128726,0.5529696066128726,1,0
monthly_state_ungated,2494,2021-05-07,2021-05-17,0.0227674429764228,2021,2021-04-30,learned_market,20260911,0.7605988126578928,0.7605988126578928,1,1
monthly_state_ungated,2499,2021-05-14,2021-05-24,0.0045940519733895,2021,2021-04-30,learned_market,20260911,0.431899455562366,0.431899455562366,0,1
monthly_state_ungated,2504,2021-05-21,2021-05-31,0.0348855085126711,2021,2021-04-30,learned_market,20260911,0.6176291390559848,0.6176291390559848,1,1
monthly_state_ungated,2509,2021-05-28,2021-06-07,-0.0062409741861724,2021,2021-04-30,learned_market,20260911,0.5529696066128726,0.5529696066128726,1,0
monthly_state_validated,2494,2021-05-07,2021-05-17,0.0227674429764228,2021,2021-04-30,learned_market,20260912,0.5923668300862341,0.5923668300862341,1,1
monthly_state_validated,2499,2021-05-14,2021-05-24,0.0045940519733895,2021,2021-04-30,learned_market,20260912,0.5283594579480488,0.5283594579480488,1,1
monthly_state_validated,2504,2021-05-21,2021-05-31,0.0348855085126711,2021,2021-04-30,learned_market,20260912,0.6202700684440092,0.6202700684440092,1,1
monthly_state_validated,2509,2021-05-28,2021-06-07,-0.0062409741861724,2021,2021-04-30,learned_market,20260912,0.5014076959249572,0.5014076959249572,1,0
monthly_state_ungated,2494,2021-05-07,2021-05-17,0.0227674429764228,2021,2021-04-30,learned_market,20260912,0.5923668300862341,0.5923668300862341,1,1
monthly_state_ungated,2499,2021-05-14,2021-05-24,0.0045940519733895,2021,2021-04-30,learned_market,20260912,0.5283594579480488,0.5283594579480488,1,1
monthly_state_ungated,2504,2021-05-21,2021-05-31,0.0348855085126711,2021,2021-04-30,learned_market,20260912,0.6202700684440092,0.6202700684440092,1,1
monthly_state_ungated,2509,2021-05-28,2021-06-07,-0.0062409741861724,2021,2021-04-30,learned_market,20260912,0.5014076959249572,0.5014076959249572,1,0
monthly_state_validated,2494,2021-05-07,2021-05-17,0.0227674429764228,2021,2021-04-30,learned_vol_interaction,20260910,0.7158017585661451,0.7158017585661451,1,1
monthly_state_validated,2499,2021-05-14,2021-05-24,0.0045940519733895,2021,2021-04-30,learned_vol_interaction,20260910,0.6694091341375065,0.6694091341375065,1,1
monthly_state_validated,2504,2021-05-21,2021-05-31,0.0348855085126711,2021,2021-04-30,learned_vol_interaction,20260910,0.636918321286237,0.636918321286237,1,1
monthly_state_validated,2509,2021-05-28,2021-06-07,-0.0062409741861724,2021,2021-04-30,learned_vol_interaction,20260910,0.5964746009268665,0.5964746009268665,1,0
monthly_state_ungated,2494,2021-05-07,2021-05-17,0.0227674429764228,2021,2021-04-30,learned_vol_interaction,20260910,0.7158017585661451,0.7158017585661451,1,1
monthly_state_ungated,2499,2021-05-14,2021-05-24,0.0045940519733895,2021,2021-04-30,learned_vol_interaction,20260910,0.6694091341375065,0.6694091341375065,1,1
monthly_state_ungated,2504,2021-05-21,2021-05-31,0.0348855085126711,2021,2021-04-30,learned_vol_interaction,20260910,0.636918321286237,0.636918321286237,1,1
monthly_state_ungated,2509,2021-05-28,2021-06-07,-0.0062409741861724,2021,2021-04-30,learned_vol_interaction,20260910,0.5964746009268665,0.5964746009268665,1,0
monthly_state_validated,2494,2021-05-07,2021-05-17,0.0227674429764228,2021,2021-04-30,learned_vol_interaction,20260911,0.754839297520103,0.754839297520103,1,1
monthly_state_validated,2499,2021-05-14,2021-05-24,0.0045940519733895,2021,2021-04-30,learned_vol_interaction,20260911,0.43398865323186975,0.43398865323186975,0,1
monthly_state_validated,2504,2021-05-21,2021-05-31,0.0348855085126711,2021,2021-04-30,learned_vol_interaction,20260911,0.6023590417130459,0.6023590417130459,1,1
monthly_state_validated,2509,2021-05-28,2021-06-07,-0.0062409741861724,2021,2021-04-30,learned_vol_interaction,20260911,0.5524495113584302,0.5524495113584302,1,0
monthly_state_ungated,2494,2021-05-07,2021-05-17,0.0227674429764228,2021,2021-04-30,learned_vol_interaction,20260911,0.754839297520103,0.754839297520103,1,1
monthly_state_ungated,2499,2021-05-14,2021-05-24,0.0045940519733895,2021,2021-04-30,learned_vol_interaction,20260911,0.43398865323186975,0.43398865323186975,0,1
monthly_state_ungated,2504,2021-05-21,2021-05-31,0.0348855085126711,2021,2021-04-30,learned_vol_interaction,20260911,0.6023590417130459,0.6023590417130459,1,1
monthly_state_ungated,2509,2021-05-28,2021-06-07,-0.0062409741861724,2021,2021-04-30,learned_vol_interaction,20260911,0.5524495113584302,0.5524495113584302,1,0
monthly_state_validated,2494,2021-05-07,2021-05-17,0.0227674429764228,2021,2021-04-30,learned_vol_interaction,20260912,0.5936076847954643,0.5936076847954643,1,1
monthly_state_validated,2499,2021-05-14,2021-05-24,0.0045940519733895,2021,2021-04-30,learned_vol_interaction,20260912,0.5260594519724338,0.5260594519724338,1,1
monthly_state_validated,2504,2021-05-21,2021-05-31,0.0348855085126711,2021,2021-04-30,learned_vol_interaction,20260912,0.6194700609717307,0.6194700609717307,1,1
monthly_state_validated,2509,2021-05-28,2021-06-07,-0.0062409741861724,2021,2021-04-30,learned_vol_interaction,20260912,0.4999311238130264,0.4999311238130264,0,0
monthly_state_ungated,2494,2021-05-07,2021-05-17,0.0227674429764228,2021,2021-04-30,learned_vol_interaction,20260912,0.5936076847954643,0.5936076847954643,1,1
monthly_state_ungated,2499,2021-05-14,2021-05-24,0.0045940519733895,2021,2021-04-30,learned_vol_interaction,20260912,0.5260594519724338,0.5260594519724338,1,1
monthly_state_ungated,2504,2021-05-21,2021-05-31,0.0348855085126711,2021,2021-04-30,learned_vol_interaction,20260912,0.6194700609717307,0.6194700609717307,1,1
monthly_state_ungated,2509,2021-05-28,2021-06-07,-0.0062409741861724,2021,2021-04-30,learned_vol_interaction,20260912,0.4999311238130264,0.4999311238130264,0,0
monthly_state_validated,2494,2021-05-07,2021-05-17,0.0227674429764228,2021,2021-04-30,learned_order_extension,20260910,0.7249150404118895,0.7249150404118895,1,1
monthly_state_validated,2499,2021-05-14,2021-05-24,0.0045940519733895,2021,2021-04-30,learned_order_extension,20260910,0.6698431717025706,0.6698431717025706,1,1
monthly_state_validated,2504,2021-05-21,2021-05-31,0.0348855085126711,2021,2021-04-30,learned_order_extension,20260910,0.637226950963881,0.637226950963881,1,1
monthly_state_validated,2509,2021-05-28,2021-06-07,-0.0062409741861724,2021,2021-04-30,learned_order_extension,20260910,0.5886282988716269,0.5886282988716269,1,0
monthly_state_ungated,2494,2021-05-07,2021-05-17,0.0227674429764228,2021,2021-04-30,learned_order_extension,20260910,0.7249150404118895,0.7249150404118895,1,1
monthly_state_ungated,2499,2021-05-14,2021-05-24,0.0045940519733895,2021,2021-04-30,learned_order_extension,20260910,0.6698431717025706,0.6698431717025706,1,1
monthly_state_ungated,2504,2021-05-21,2021-05-31,0.0348855085126711,2021,2021-04-30,learned_order_extension,20260910,0.637226950963881,0.637226950963881,1,1
monthly_state_ungated,2509,2021-05-28,2021-06-07,-0.0062409741861724,2021,2021-04-30,learned_order_extension,20260910,0.5886282988716269,0.5886282988716269,1,0
monthly_state_validated,2494,2021-05-07,2021-05-17,0.0227674429764228,2021,2021-04-30,learned_order_extension,20260911,0.7808980561683019,0.7808980561683019,1,1
monthly_state_validated,2499,2021-05-14,2021-05-24,0.0045940519733895,2021,2021-04-30,learned_order_extension,20260911,0.39413011936164705,0.39413011936164705,0,1
monthly_state_validated,2504,2021-05-21,2021-05-31,0.0348855085126711,2021,2021-04-30,learned_order_extension,20260911,0.6034561668947356,0.6034561668947356,1,1
monthly_state_validated,2509,2021-05-28,2021-06-07,-0.0062409741861724,2021,2021-04-30,learned_order_extension,20260911,0.5608652950070303,0.5608652950070303,1,0
monthly_state_ungated,2494,2021-05-07,2021-05-17,0.0227674429764228,2021,2021-04-30,learned_order_extension,20260911,0.7808980561683019,0.7808980561683019,1,1
monthly_state_ungated,2499,2021-05-14,2021-05-24,0.0045940519733895,2021,2021-04-30,learned_order_extension,20260911,0.39413011936164705,0.39413011936164705,0,1
monthly_state_ungated,2504,2021-05-21,2021-05-31,0.0348855085126711,2021,2021-04-30,learned_order_extension,20260911,0.6034561668947356,0.6034561668947356,1,1
monthly_state_ungated,2509,2021-05-28,2021-06-07,-0.0062409741861724,2021,2021-04-30,learned_order_extension,20260911,0.5608652950070303,0.5608652950070303,1,0
monthly_state_validated,2494,2021-05-07,2021-05-17,0.0227674429764228,2021,2021-04-30,learned_order_extension,20260912,0.5924909504537539,0.5924909504537539,1,1
monthly_state_validated,2499,2021-05-14,2021-05-24,0.0045940519733895,2021,2021-04-30,learned_order_extension,20260912,0.5211782975246303,0.5211782975246303,1,1
monthly_state_validated,2504,2021-05-21,2021-05-31,0.0348855085126711,2021,2021-04-30,learned_order_extension,20260912,0.6201148626993727,0.6201148626993727,1,1
monthly_state_validated,2509,2021-05-28,2021-06-07,-0.0062409741861724,2021,2021-04-30,learned_order_extension,20260912,0.49912386449059004,0.49912386449059004,0,0
monthly_state_ungated,2494,2021-05-07,2021-05-17,0.0227674429764228,2021,2021-04-30,learned_order_extension,20260912,0.5924909504537539,0.5924909504537539,1,1
monthly_state_ungated,2499,2021-05-14,2021-05-24,0.0045940519733895,2021,2021-04-30,learned_order_extension,20260912,0.5211782975246303,0.5211782975246303,1,1
monthly_state_ungated,2504,2021-05-21,2021-05-31,0.0348855085126711,2021,2021-04-30,learned_order_extension,20260912,0.6201148626993727,0.6201148626993727,1,1
monthly_state_ungated,2509,2021-05-28,2021-06-07,-0.0062409741861724,2021,2021-04-30,learned_order_extension,20260912,0.49912386449059004,0.49912386449059004,0,0
monthly_state_validated,2494,2021-05-07,2021-05-17,0.0227674429764228,2021,2021-04-30,learned_order_offset,20260910,0.7251521525843039,0.7251521525843039,1,1
monthly_state_validated,2499,2021-05-14,2021-05-24,0.0045940519733895,2021,2021-04-30,learned_order_offset,20260910,0.6694154575019221,0.6694154575019221,1,1
monthly_state_validated,2504,2021-05-21,2021-05-31,0.0348855085126711,2021,2021-04-30,learned_order_offset,20260910,0.6371708245860618,0.6371708245860618,1,1
monthly_state_validated,2509,2021-05-28,2021-06-07,-0.0062409741861724,2021,2021-04-30,learned_order_offset,20260910,0.5888200734182478,0.5888200734182478,1,0
monthly_state_ungated,2494,2021-05-07,2021-05-17,0.0227674429764228,2021,2021-04-30,learned_order_offset,20260910,0.7251521525843039,0.7251521525843039,1,1
monthly_state_ungated,2499,2021-05-14,2021-05-24,0.0045940519733895,2021,2021-04-30,learned_order_offset,20260910,0.6694154575019221,0.6694154575019221,1,1
monthly_state_ungated,2504,2021-05-21,2021-05-31,0.0348855085126711,2021,2021-04-30,learned_order_offset,20260910,0.6371708245860618,0.6371708245860618,1,1
monthly_state_ungated,2509,2021-05-28,2021-06-07,-0.0062409741861724,2021,2021-04-30,learned_order_offset,20260910,0.5888200734182478,0.5888200734182478,1,0
monthly_state_validated,2494,2021-05-07,2021-05-17,0.0227674429764228,2021,2021-04-30,learned_order_offset,20260911,0.7798146116297984,0.7798146116297984,1,1
monthly_state_validated,2499,2021-05-14,2021-05-24,0.0045940519733895,2021,2021-04-30,learned_order_offset,20260911,0.39380849753299824,0.39380849753299824,0,1
monthly_state_validated,2504,2021-05-21,2021-05-31,0.0348855085126711,2021,2021-04-30,learned_order_offset,20260911,0.6027515999296177,0.6027515999296177,1,1
monthly_state_validated,2509,2021-05-28,2021-06-07,-0.0062409741861724,2021,2021-04-30,learned_order_offset,20260911,0.5597480832986254,0.5597480832986254,1,0
monthly_state_ungated,2494,2021-05-07,2021-05-17,0.0227674429764228,2021,2021-04-30,learned_order_offset,20260911,0.7798146116297984,0.7798146116297984,1,1
monthly_state_ungated,2499,2021-05-14,2021-05-24,0.0045940519733895,2021,2021-04-30,learned_order_offset,20260911,0.39380849753299824,0.39380849753299824,0,1
monthly_state_ungated,2504,2021-05-21,2021-05-31,0.0348855085126711,2021,2021-04-30,learned_order_offset,20260911,0.6027515999296177,0.6027515999296177,1,1
monthly_state_ungated,2509,2021-05-28,2021-06-07,-0.0062409741861724,2021,2021-04-30,learned_order_offset,20260911,0.5597480832986254,0.5597480832986254,1,0
monthly_state_validated,2494,2021-05-07,2021-05-17,0.0227674429764228,2021,2021-04-30,learned_order_offset,20260912,0.5919092456876717,0.5919092456876717,1,1
monthly_state_validated,2499,2021-05-14,2021-05-24,0.0045940519733895,2021,2021-04-30,learned_order_offset,20260912,0.5203594988625989,0.5203594988625989,1,1
monthly_state_validated,2504,2021-05-21,2021-05-31,0.0348855085126711,2021,2021-04-30,learned_order_offset,20260912,0.6196299438561572,0.6196299438561572,1,1
monthly_state_validated,2509,2021-05-28,2021-06-07,-0.0062409741861724,2021,2021-04-30,learned_order_offset,20260912,0.498513660109647,0.498513660109647,0,0
monthly_state_ungated,2494,2021-05-07,2021-05-17,0.0227674429764228,2021,2021-04-30,learned_order_offset,20260912,0.5919092456876717,0.5919092456876717,1,1
monthly_state_ungated,2499,2021-05-14,2021-05-24,0.0045940519733895,2021,2021-04-30,learned_order_offset,20260912,0.5203594988625989,0.5203594988625989,1,1
monthly_state_ungated,2504,2021-05-21,2021-05-31,0.0348855085126711,2021,2021-04-30,learned_order_offset,20260912,0.6196299438561572,0.6196299438561572,1,1
monthly_state_ungated,2509,2021-05-28,2021-06-07,-0.0062409741861724,2021,2021-04-30,learned_order_offset,20260912,0.498513660109647,0.498513660109647,0,0
monthly_state_validated,2514,2021-06-04,2021-06-15,-0.0125508761771767,2021,2021-05-31,learned_market,20260910,0.5021950734156202,0.5021950734156202,1,0
monthly_state_validated,2519,2021-06-11,2021-06-21,-0.0250011497424577,2021,2021-05-31,learned_market,20260910,0.35343278398049977,0.35343278398049977,0,0
monthly_state_validated,2523,2021-06-18,2021-06-28,0.0325308711127356,2021,2021-05-31,learned_market,20260910,0.3221586033468014,0.3221586033468014,0,1
monthly_state_validated,2528,2021-06-25,2021-07-05,-0.0342297962734196,2021,2021-05-31,learned_market,20260910,0.4336393441432385,0.4336393441432385,0,0
monthly_state_ungated,2514,2021-06-04,2021-06-15,-0.0125508761771767,2021,2021-05-31,learned_market,20260910,0.5021950734156202,0.5021950734156202,1,0
monthly_state_ungated,2519,2021-06-11,2021-06-21,-0.0250011497424577,2021,2021-05-31,learned_market,20260910,0.35343278398049977,0.35343278398049977,0,0
monthly_state_ungated,2523,2021-06-18,2021-06-28,0.0325308711127356,2021,2021-05-31,learned_market,20260910,0.3221586033468014,0.3221586033468014,0,1
monthly_state_ungated,2528,2021-06-25,2021-07-05,-0.0342297962734196,2021,2021-05-31,learned_market,20260910,0.4336393441432385,0.4336393441432385,0,0
monthly_state_validated,2514,2021-06-04,2021-06-15,-0.0125508761771767,2021,2021-05-31,learned_market,20260911,0.43021338956165145,0.43021338956165145,0,0
monthly_state_validated,2519,2021-06-11,2021-06-21,-0.0250011497424577,2021,2021-05-31,learned_market,20260911,0.23588261601608784,0.23588261601608784,0,0
monthly_state_validated,2523,2021-06-18,2021-06-28,0.0325308711127356,2021,2021-05-31,learned_market,20260911,0.4400528193036787,0.4400528193036787,0,1
monthly_state_validated,2528,2021-06-25,2021-07-05,-0.0342297962734196,2021,2021-05-31,learned_market,20260911,0.398327544114051,0.398327544114051,0,0
monthly_state_ungated,2514,2021-06-04,2021-06-15,-0.0125508761771767,2021,2021-05-31,learned_market,20260911,0.43021338956165145,0.43021338956165145,0,0
monthly_state_ungated,2519,2021-06-11,2021-06-21,-0.0250011497424577,2021,2021-05-31,learned_market,20260911,0.23588261601608784,0.23588261601608784,0,0
monthly_state_ungated,2523,2021-06-18,2021-06-28,0.0325308711127356,2021,2021-05-31,learned_market,20260911,0.4400528193036787,0.4400528193036787,0,1
monthly_state_ungated,2528,2021-06-25,2021-07-05,-0.0342297962734196,2021,2021-05-31,learned_market,20260911,0.398327544114051,0.398327544114051,0,0
monthly_state_validated,2514,2021-06-04,2021-06-15,-0.0125508761771767,2021,2021-05-31,learned_market,20260912,0.32971545266050545,0.32971545266050545,0,0
monthly_state_validated,2519,2021-06-11,2021-06-21,-0.0250011497424577,2021,2021-05-31,learned_market,20260912,0.4358470115181578,0.4358470115181578,0,0
monthly_state_validated,2523,2021-06-18,2021-06-28,0.0325308711127356,2021,2021-05-31,learned_market,20260912,0.39660974147357,0.39660974147357,0,1
monthly_state_validated,2528,2021-06-25,2021-07-05,-0.0342297962734196,2021,2021-05-31,learned_market,20260912,0.2996275446219084,0.2996275446219084,0,0
monthly_state_ungated,2514,2021-06-04,2021-06-15,-0.0125508761771767,2021,2021-05-31,learned_market,20260912,0.32971545266050545,0.32971545266050545,0,0
monthly_state_ungated,2519,2021-06-11,2021-06-21,-0.0250011497424577,2021,2021-05-31,learned_market,20260912,0.4358470115181578,0.4358470115181578,0,0
monthly_state_ungated,2523,2021-06-18,2021-06-28,0.0325308711127356,2021,2021-05-31,learned_market,20260912,0.39660974147357,0.39660974147357,0,1
monthly_state_ungated,2528,2021-06-25,2021-07-05,-0.0342297962734196,2021,2021-05-31,learned_market,20260912,0.2996275446219084,0.2996275446219084,0,0
monthly_state_validated,2514,2021-06-04,2021-06-15,-0.0125508761771767,2021,2021-05-31,learned_vol_interaction,20260910,0.4714551199386704,0.4714551199386704,0,0
monthly_state_validated,2519,2021-06-11,2021-06-21,-0.0250011497424577,2021,2021-05-31,learned_vol_interaction,20260910,0.2976695737938547,0.2976695737938547,0,0
monthly_state_validated,2523,2021-06-18,2021-06-28,0.0325308711127356,2021,2021-05-31,learned_vol_interaction,20260910,0.2852455047514334,0.2852455047514334,0,1
monthly_state_validated,2528,2021-06-25,2021-07-05,-0.0342297962734196,2021,2021-05-31,learned_vol_interaction,20260910,0.36967907658300214,0.36967907658300214,0,0
monthly_state_ungated,2514,2021-06-04,2021-06-15,-0.0125508761771767,2021,2021-05-31,learned_vol_interaction,20260910,0.4714551199386704,0.4714551199386704,0,0
monthly_state_ungated,2519,2021-06-11,2021-06-21,-0.0250011497424577,2021,2021-05-31,learned_vol_interaction,20260910,0.2976695737938547,0.2976695737938547,0,0
monthly_state_ungated,2523,2021-06-18,2021-06-28,0.0325308711127356,2021,2021-05-31,learned_vol_interaction,20260910,0.2852455047514334,0.2852455047514334,0,1
monthly_state_ungated,2528,2021-06-25,2021-07-05,-0.0342297962734196,2021,2021-05-31,learned_vol_interaction,20260910,0.36967907658300214,0.36967907658300214,0,0
monthly_state_validated,2514,2021-06-04,2021-06-15,-0.0125508761771767,2021,2021-05-31,learned_vol_interaction,20260911,0.4338741634973696,0.4338741634973696,0,0
monthly_state_validated,2519,2021-06-11,2021-06-21,-0.0250011497424577,2021,2021-05-31,learned_vol_interaction,20260911,0.243541607825957,0.243541607825957,0,0
monthly_state_validated,2523,2021-06-18,2021-06-28,0.0325308711127356,2021,2021-05-31,learned_vol_interaction,20260911,0.44439540821990653,0.44439540821990653,0,1
monthly_state_validated,2528,2021-06-25,2021-07-05,-0.0342297962734196,2021,2021-05-31,learned_vol_interaction,20260911,0.4173214962232166,0.4173214962232166,0,0
monthly_state_ungated,2514,2021-06-04,2021-06-15,-0.0125508761771767,2021,2021-05-31,learned_vol_interaction,20260911,0.4338741634973696,0.4338741634973696,0,0
monthly_state_ungated,2519,2021-06-11,2021-06-21,-0.0250011497424577,2021,2021-05-31,learned_vol_interaction,20260911,0.243541607825957,0.243541607825957,0,0
monthly_state_ungated,2523,2021-06-18,2021-06-28,0.0325308711127356,2021,2021-05-31,learned_vol_interaction,20260911,0.44439540821990653,0.44439540821990653,0,1
monthly_state_ungated,2528,2021-06-25,2021-07-05,-0.0342297962734196,2021,2021-05-31,learned_vol_interaction,20260911,0.4173214962232166,0.4173214962232166,0,0
monthly_state_validated,2514,2021-06-04,2021-06-15,-0.0125508761771767,2021,2021-05-31,learned_vol_interaction,20260912,0.32963442443266894,0.32963442443266894,0,0
monthly_state_validated,2519,2021-06-11,2021-06-21,-0.0250011497424577,2021,2021-05-31,learned_vol_interaction,20260912,0.43487798405591244,0.43487798405591244,0,0
monthly_state_validated,2523,2021-06-18,2021-06-28,0.0325308711127356,2021,2021-05-31,learned_vol_interaction,20260912,0.39563184997461803,0.39563184997461803,0,1
monthly_state_validated,2528,2021-06-25,2021-07-05,-0.0342297962734196,2021,2021-05-31,learned_vol_interaction,20260912,0.2936971410007611,0.2936971410007611,0,0
monthly_state_ungated,2514,2021-06-04,2021-06-15,-0.0125508761771767,2021,2021-05-31,learned_vol_interaction,20260912,0.32963442443266894,0.32963442443266894,0,0
monthly_state_ungated,2519,2021-06-11,2021-06-21,-0.0250011497424577,2021,2021-05-31,learned_vol_interaction,20260912,0.43487798405591244,0.43487798405591244,0,0
monthly_state_ungated,2523,2021-06-18,2021-06-28,0.0325308711127356,2021,2021-05-31,learned_vol_interaction,20260912,0.39563184997461803,0.39563184997461803,0,1
monthly_state_ungated,2528,2021-06-25,2021-07-05,-0.0342297962734196,2021,2021-05-31,learned_vol_interaction,20260912,0.2936971410007611,0.2936971410007611,0,0
monthly_state_validated,2514,2021-06-04,2021-06-15,-0.0125508761771767,2021,2021-05-31,learned_order_extension,20260910,0.45708512700896387,0.45708512700896387,0,0
monthly_state_validated,2519,2021-06-11,2021-06-21,-0.0250011497424577,2021,2021-05-31,learned_order_extension,20260910,0.2698925230706461,0.2698925230706461,0,0
monthly_state_validated,2523,2021-06-18,2021-06-28,0.0325308711127356,2021,2021-05-31,learned_order_extension,20260910,0.2635709565277681,0.2635709565277681,0,1
monthly_state_validated,2528,2021-06-25,2021-07-05,-0.0342297962734196,2021,2021-05-31,learned_order_extension,20260910,0.3555705506909634,0.3555705506909634,0,0
monthly_state_ungated,2514,2021-06-04,2021-06-15,-0.0125508761771767,2021,2021-05-31,learned_order_extension,20260910,0.45708512700896387,0.45708512700896387,0,0
monthly_state_ungated,2519,2021-06-11,2021-06-21,-0.0250011497424577,2021,2021-05-31,learned_order_extension,20260910,0.2698925230706461,0.2698925230706461,0,0
monthly_state_ungated,2523,2021-06-18,2021-06-28,0.0325308711127356,2021,2021-05-31,learned_order_extension,20260910,0.2635709565277681,0.2635709565277681,0,1
monthly_state_ungated,2528,2021-06-25,2021-07-05,-0.0342297962734196,2021,2021-05-31,learned_order_extension,20260910,0.3555705506909634,0.3555705506909634,0,0
monthly_state_validated,2514,2021-06-04,2021-06-15,-0.0125508761771767,2021,2021-05-31,learned_order_extension,20260911,0.41641551181704617,0.41641551181704617,0,0
monthly_state_validated,2519,2021-06-11,2021-06-21,-0.0250011497424577,2021,2021-05-31,learned_order_extension,20260911,0.1949333176792701,0.1949333176792701,0,0
monthly_state_validated,2523,2021-06-18,2021-06-28,0.0325308711127356,2021,2021-05-31,learned_order_extension,20260911,0.4247939305836327,0.4247939305836327,0,1
monthly_state_validated,2528,2021-06-25,2021-07-05,-0.0342297962734196,2021,2021-05-31,learned_order_extension,20260911,0.40325405625265054,0.40325405625265054,0,0
monthly_state_ungated,2514,2021-06-04,2021-06-15,-0.0125508761771767,2021,2021-05-31,learned_order_extension,20260911,0.41641551181704617,0.41641551181704617,0,0
monthly_state_ungated,2519,2021-06-11,2021-06-21,-0.0250011497424577,2021,2021-05-31,learned_order_extension,20260911,0.1949333176792701,0.1949333176792701,0,0
monthly_state_ungated,2523,2021-06-18,2021-06-28,0.0325308711127356,2021,2021-05-31,learned_order_extension,20260911,0.4247939305836327,0.4247939305836327,0,1
monthly_state_ungated,2528,2021-06-25,2021-07-05,-0.0342297962734196,2021,2021-05-31,learned_order_extension,20260911,0.40325405625265054,0.40325405625265054,0,0
monthly_state_validated,2514,2021-06-04,2021-06-15,-0.0125508761771767,2021,2021-05-31,learned_order_extension,20260912,0.3220408483503156,0.3220408483503156,0,0
monthly_state_validated,2519,2021-06-11,2021-06-21,-0.0250011497424577,2021,2021-05-31,learned_order_extension,20260912,0.4292917957601971,0.4292917957601971,0,0
monthly_state_validated,2523,2021-06-18,2021-06-28,0.0325308711127356,2021,2021-05-31,learned_order_extension,20260912,0.39019861803489025,0.39019861803489025,0,1
monthly_state_validated,2528,2021-06-25,2021-07-05,-0.0342297962734196,2021,2021-05-31,learned_order_extension,20260912,0.28601239769549003,0.28601239769549003,0,0
monthly_state_ungated,2514,2021-06-04,2021-06-15,-0.0125508761771767,2021,2021-05-31,learned_order_extension,20260912,0.3220408483503156,0.3220408483503156,0,0
monthly_state_ungated,2519,2021-06-11,2021-06-21,-0.0250011497424577,2021,2021-05-31,learned_order_extension,20260912,0.4292917957601971,0.4292917957601971,0,0
monthly_state_ungated,2523,2021-06-18,2021-06-28,0.0325308711127356,2021,2021-05-31,learned_order_extension,20260912,0.39019861803489025,0.39019861803489025,0,1
monthly_state_ungated,2528,2021-06-25,2021-07-05,-0.0342297962734196,2021,2021-05-31,learned_order_extension,20260912,0.28601239769549003,0.28601239769549003,0,0
monthly_state_validated,2514,2021-06-04,2021-06-15,-0.0125508761771767,2021,2021-05-31,learned_order_offset,20260910,0.45742240834197484,0.45742240834197484,0,0
monthly_state_validated,2519,2021-06-11,2021-06-21,-0.0250011497424577,2021,2021-05-31,learned_order_offset,20260910,0.2701660447902878,0.2701660447902878,0,0
monthly_state_validated,2523,2021-06-18,2021-06-28,0.0325308711127356,2021,2021-05-31,learned_order_offset,20260910,0.2637900504073793,0.2637900504073793,0,1
monthly_state_validated,2528,2021-06-25,2021-07-05,-0.0342297962734196,2021,2021-05-31,learned_order_offset,20260910,0.3559086153667759,0.3559086153667759,0,0
monthly_state_ungated,2514,2021-06-04,2021-06-15,-0.0125508761771767,2021,2021-05-31,learned_order_offset,20260910,0.45742240834197484,0.45742240834197484,0,0
monthly_state_ungated,2519,2021-06-11,2021-06-21,-0.0250011497424577,2021,2021-05-31,learned_order_offset,20260910,0.2701660447902878,0.2701660447902878,0,0
monthly_state_ungated,2523,2021-06-18,2021-06-28,0.0325308711127356,2021,2021-05-31,learned_order_offset,20260910,0.2637900504073793,0.2637900504073793,0,1
monthly_state_ungated,2528,2021-06-25,2021-07-05,-0.0342297962734196,2021,2021-05-31,learned_order_offset,20260910,0.3559086153667759,0.3559086153667759,0,0
monthly_state_validated,2514,2021-06-04,2021-06-15,-0.0125508761771767,2021,2021-05-31,learned_order_offset,20260911,0.41739120526524837,0.41739120526524837,0,0
monthly_state_validated,2519,2021-06-11,2021-06-21,-0.0250011497424577,2021,2021-05-31,learned_order_offset,20260911,0.1959833797723796,0.1959833797723796,0,0
monthly_state_validated,2523,2021-06-18,2021-06-28,0.0325308711127356,2021,2021-05-31,learned_order_offset,20260911,0.42516594768657723,0.42516594768657723,0,1
monthly_state_validated,2528,2021-06-25,2021-07-05,-0.0342297962734196,2021,2021-05-31,learned_order_offset,20260911,0.40512520197902574,0.40512520197902574,0,0
monthly_state_ungated,2514,2021-06-04,2021-06-15,-0.0125508761771767,2021,2021-05-31,learned_order_offset,20260911,0.41739120526524837,0.41739120526524837,0,0
monthly_state_ungated,2519,2021-06-11,2021-06-21,-0.0250011497424577,2021,2021-05-31,learned_order_offset,20260911,0.1959833797723796,0.1959833797723796,0,0
monthly_state_ungated,2523,2021-06-18,2021-06-28,0.0325308711127356,2021,2021-05-31,learned_order_offset,20260911,0.42516594768657723,0.42516594768657723,0,1
monthly_state_ungated,2528,2021-06-25,2021-07-05,-0.0342297962734196,2021,2021-05-31,learned_order_offset,20260911,0.40512520197902574,0.40512520197902574,0,0
monthly_state_validated,2514,2021-06-04,2021-06-15,-0.0125508761771767,2021,2021-05-31,learned_order_offset,20260912,0.32211543056065006,0.32211543056065006,0,0
monthly_state_validated,2519,2021-06-11,2021-06-21,-0.0250011497424577,2021,2021-05-31,learned_order_offset,20260912,0.4292652143972748,0.4292652143972748,0,0
monthly_state_validated,2523,2021-06-18,2021-06-28,0.0325308711127356,2021,2021-05-31,learned_order_offset,20260912,0.389839647004703,0.389839647004703,0,1
monthly_state_validated,2528,2021-06-25,2021-07-05,-0.0342297962734196,2021,2021-05-31,learned_order_offset,20260912,0.2857328768925556,0.2857328768925556,0,0
monthly_state_ungated,2514,2021-06-04,2021-06-15,-0.0125508761771767,2021,2021-05-31,learned_order_offset,20260912,0.32211543056065006,0.32211543056065006,0,0
monthly_state_ungated,2519,2021-06-11,2021-06-21,-0.0250011497424577,2021,2021-05-31,learned_order_offset,20260912,0.4292652143972748,0.4292652143972748,0,0
monthly_state_ungated,2523,2021-06-18,2021-06-28,0.0325308711127356,2021,2021-05-31,learned_order_offset,20260912,0.389839647004703,0.389839647004703,0,1
monthly_state_ungated,2528,2021-06-25,2021-07-05,-0.0342297962734196,2021,2021-05-31,learned_order_offset,20260912,0.2857328768925556,0.2857328768925556,0,0
monthly_state_validated,2533,2021-07-02,2021-07-12,0.0068193733271841,2021,2021-06-30,learned_market,20260910,0.3704733615248586,0.3704733615248586,0,1
monthly_state_validated,2538,2021-07-09,2021-07-19,-0.0048254045313779,2021,2021-06-30,learned_market,20260910,0.38743639841929484,0.38743639841929484,0,0
monthly_state_validated,2543,2021-07-16,2021-07-26,-0.0032299118953994,2021,2021-06-30,learned_market,20260910,0.3392496570286791,0.3392496570286791,0,0
monthly_state_validated,2548,2021-07-23,2021-08-02,-0.0537740931579083,2021,2021-06-30,learned_market,20260910,0.4242757327433418,0.4242757327433418,0,0
monthly_state_validated,2553,2021-07-30,2021-08-09,0.019904813945049,2021,2021-06-30,learned_market,20260910,0.44622832370349025,0.44622832370349025,0,1
monthly_state_ungated,2533,2021-07-02,2021-07-12,0.0068193733271841,2021,2021-06-30,learned_market,20260910,0.3704733615248586,0.3704733615248586,0,1
monthly_state_ungated,2538,2021-07-09,2021-07-19,-0.0048254045313779,2021,2021-06-30,learned_market,20260910,0.38743639841929484,0.38743639841929484,0,0
monthly_state_ungated,2543,2021-07-16,2021-07-26,-0.0032299118953994,2021,2021-06-30,learned_market,20260910,0.3392496570286791,0.3392496570286791,0,0
monthly_state_ungated,2548,2021-07-23,2021-08-02,-0.0537740931579083,2021,2021-06-30,learned_market,20260910,0.4242757327433418,0.4242757327433418,0,0
monthly_state_ungated,2553,2021-07-30,2021-08-09,0.019904813945049,2021,2021-06-30,learned_market,20260910,0.44622832370349025,0.44622832370349025,0,1
monthly_state_validated,2533,2021-07-02,2021-07-12,0.0068193733271841,2021,2021-06-30,learned_market,20260911,0.48682640109202396,0.48682640109202396,0,1
monthly_state_validated,2538,2021-07-09,2021-07-19,-0.0048254045313779,2021,2021-06-30,learned_market,20260911,0.24332467078520445,0.24332467078520445,0,0
monthly_state_validated,2543,2021-07-16,2021-07-26,-0.0032299118953994,2021,2021-06-30,learned_market,20260911,0.35925555662388703,0.35925555662388703,0,0
monthly_state_validated,2548,2021-07-23,2021-08-02,-0.0537740931579083,2021,2021-06-30,learned_market,20260911,0.39776512063817443,0.39776512063817443,0,0
monthly_state_validated,2553,2021-07-30,2021-08-09,0.019904813945049,2021,2021-06-30,learned_market,20260911,0.552232244409667,0.552232244409667,1,1
monthly_state_ungated,2533,2021-07-02,2021-07-12,0.0068193733271841,2021,2021-06-30,learned_market,20260911,0.48682640109202396,0.48682640109202396,0,1
monthly_state_ungated,2538,2021-07-09,2021-07-19,-0.0048254045313779,2021,2021-06-30,learned_market,20260911,0.24332467078520445,0.24332467078520445,0,0
monthly_state_ungated,2543,2021-07-16,2021-07-26,-0.0032299118953994,2021,2021-06-30,learned_market,20260911,0.35925555662388703,0.35925555662388703,0,0
monthly_state_ungated,2548,2021-07-23,2021-08-02,-0.0537740931579083,2021,2021-06-30,learned_market,20260911,0.39776512063817443,0.39776512063817443,0,0
monthly_state_ungated,2553,2021-07-30,2021-08-09,0.019904813945049,2021,2021-06-30,learned_market,20260911,0.552232244409667,0.552232244409667,1,1
monthly_state_validated,2533,2021-07-02,2021-07-12,0.0068193733271841,2021,2021-06-30,learned_market,20260912,0.5151635455277491,0.5151635455277491,1,1
monthly_state_validated,2538,2021-07-09,2021-07-19,-0.0048254045313779,2021,2021-06-30,learned_market,20260912,0.6207119283283139,0.6207119283283139,1,0
monthly_state_validated,2543,2021-07-16,2021-07-26,-0.0032299118953994,2021,2021-06-30,learned_market,20260912,0.49005551482262627,0.49005551482262627,0,0
monthly_state_validated,2548,2021-07-23,2021-08-02,-0.0537740931579083,2021,2021-06-30,learned_market,20260912,0.6154753433492549,0.6154753433492549,1,0
monthly_state_validated,2553,2021-07-30,2021-08-09,0.019904813945049,2021,2021-06-30,learned_market,20260912,0.5234204191777538,0.5234204191777538,1,1
monthly_state_ungated,2533,2021-07-02,2021-07-12,0.0068193733271841,2021,2021-06-30,learned_market,20260912,0.5151635455277491,0.5151635455277491,1,1
monthly_state_ungated,2538,2021-07-09,2021-07-19,-0.0048254045313779,2021,2021-06-30,learned_market,20260912,0.6207119283283139,0.6207119283283139,1,0
monthly_state_ungated,2543,2021-07-16,2021-07-26,-0.0032299118953994,2021,2021-06-30,learned_market,20260912,0.49005551482262627,0.49005551482262627,0,0
monthly_state_ungated,2548,2021-07-23,2021-08-02,-0.0537740931579083,2021,2021-06-30,learned_market,20260912,0.6154753433492549,0.6154753433492549,1,0
monthly_state_ungated,2553,2021-07-30,2021-08-09,0.019904813945049,2021,2021-06-30,learned_market,20260912,0.5234204191777538,0.5234204191777538,1,1
monthly_state_validated,2533,2021-07-02,2021-07-12,0.0068193733271841,2021,2021-06-30,learned_vol_interaction,20260910,0.33854643902626746,0.33854643902626746,0,1
monthly_state_validated,2538,2021-07-09,2021-07-19,-0.0048254045313779,2021,2021-06-30,learned_vol_interaction,20260910,0.33440628192539174,0.33440628192539174,0,0
monthly_state_validated,2543,2021-07-16,2021-07-26,-0.0032299118953994,2021,2021-06-30,learned_vol_interaction,20260910,0.2983054237457592,0.2983054237457592,0,0
monthly_state_validated,2548,2021-07-23,2021-08-02,-0.0537740931579083,2021,2021-06-30,learned_vol_interaction,20260910,0.3973707608981436,0.3973707608981436,0,0
monthly_state_validated,2553,2021-07-30,2021-08-09,0.019904813945049,2021,2021-06-30,learned_vol_interaction,20260910,0.45645753128071037,0.45645753128071037,0,1
monthly_state_ungated,2533,2021-07-02,2021-07-12,0.0068193733271841,2021,2021-06-30,learned_vol_interaction,20260910,0.33854643902626746,0.33854643902626746,0,1
monthly_state_ungated,2538,2021-07-09,2021-07-19,-0.0048254045313779,2021,2021-06-30,learned_vol_interaction,20260910,0.33440628192539174,0.33440628192539174,0,0
monthly_state_ungated,2543,2021-07-16,2021-07-26,-0.0032299118953994,2021,2021-06-30,learned_vol_interaction,20260910,0.2983054237457592,0.2983054237457592,0,0
monthly_state_ungated,2548,2021-07-23,2021-08-02,-0.0537740931579083,2021,2021-06-30,learned_vol_interaction,20260910,0.3973707608981436,0.3973707608981436,0,0
monthly_state_ungated,2553,2021-07-30,2021-08-09,0.019904813945049,2021,2021-06-30,learned_vol_interaction,20260910,0.45645753128071037,0.45645753128071037,0,1
monthly_state_validated,2533,2021-07-02,2021-07-12,0.0068193733271841,2021,2021-06-30,learned_vol_interaction,20260911,0.48991781025485154,0.48991781025485154,0,1
monthly_state_validated,2538,2021-07-09,2021-07-19,-0.0048254045313779,2021,2021-06-30,learned_vol_interaction,20260911,0.2599569018271382,0.2599569018271382,0,0
monthly_state_validated,2543,2021-07-16,2021-07-26,-0.0032299118953994,2021,2021-06-30,learned_vol_interaction,20260911,0.36450308143319354,0.36450308143319354,0,0
monthly_state_validated,2548,2021-07-23,2021-08-02,-0.0537740931579083,2021,2021-06-30,learned_vol_interaction,20260911,0.410758949240298,0.410758949240298,0,0
monthly_state_validated,2553,2021-07-30,2021-08-09,0.019904813945049,2021,2021-06-30,learned_vol_interaction,20260911,0.5670421120159365,0.5670421120159365,1,1
monthly_state_ungated,2533,2021-07-02,2021-07-12,0.0068193733271841,2021,2021-06-30,learned_vol_interaction,20260911,0.48991781025485154,0.48991781025485154,0,1
monthly_state_ungated,2538,2021-07-09,2021-07-19,-0.0048254045313779,2021,2021-06-30,learned_vol_interaction,20260911,0.2599569018271382,0.2599569018271382,0,0
monthly_state_ungated,2543,2021-07-16,2021-07-26,-0.0032299118953994,2021,2021-06-30,learned_vol_interaction,20260911,0.36450308143319354,0.36450308143319354,0,0
monthly_state_ungated,2548,2021-07-23,2021-08-02,-0.0537740931579083,2021,2021-06-30,learned_vol_interaction,20260911,0.410758949240298,0.410758949240298,0,0
monthly_state_ungated,2553,2021-07-30,2021-08-09,0.019904813945049,2021,2021-06-30,learned_vol_interaction,20260911,0.5670421120159365,0.5670421120159365,1,1
monthly_state_validated,2533,2021-07-02,2021-07-12,0.0068193733271841,2021,2021-06-30,learned_vol_interaction,20260912,0.5148668706411704,0.5148668706411704,1,1
monthly_state_validated,2538,2021-07-09,2021-07-19,-0.0048254045313779,2021,2021-06-30,learned_vol_interaction,20260912,0.6186903340218607,0.6186903340218607,1,0
monthly_state_validated,2543,2021-07-16,2021-07-26,-0.0032299118953994,2021,2021-06-30,learned_vol_interaction,20260912,0.4865946477628708,0.4865946477628708,0,0
monthly_state_validated,2548,2021-07-23,2021-08-02,-0.0537740931579083,2021,2021-06-30,learned_vol_interaction,20260912,0.6139762603963855,0.6139762603963855,1,0
monthly_state_validated,2553,2021-07-30,2021-08-09,0.019904813945049,2021,2021-06-30,learned_vol_interaction,20260912,0.5240194778238666,0.5240194778238666,1,1
monthly_state_ungated,2533,2021-07-02,2021-07-12,0.0068193733271841,2021,2021-06-30,learned_vol_interaction,20260912,0.5148668706411704,0.5148668706411704,1,1
monthly_state_ungated,2538,2021-07-09,2021-07-19,-0.0048254045313779,2021,2021-06-30,learned_vol_interaction,20260912,0.6186903340218607,0.6186903340218607,1,0
monthly_state_ungated,2543,2021-07-16,2021-07-26,-0.0032299118953994,2021,2021-06-30,learned_vol_interaction,20260912,0.4865946477628708,0.4865946477628708,0,0
monthly_state_ungated,2548,2021-07-23,2021-08-02,-0.0537740931579083,2021,2021-06-30,learned_vol_interaction,20260912,0.6139762603963855,0.6139762603963855,1,0
monthly_state_ungated,2553,2021-07-30,2021-08-09,0.019904813945049,2021,2021-06-30,learned_vol_interaction,20260912,0.5240194778238666,0.5240194778238666,1,1
monthly_state_validated,2533,2021-07-02,2021-07-12,0.0068193733271841,2021,2021-06-30,learned_order_extension,20260910,0.3215356208455046,0.3215356208455046,0,1
monthly_state_validated,2538,2021-07-09,2021-07-19,-0.0048254045313779,2021,2021-06-30,learned_order_extension,20260910,0.30960513014389496,0.30960513014389496,0,0
monthly_state_validated,2543,2021-07-16,2021-07-26,-0.0032299118953994,2021,2021-06-30,learned_order_extension,20260910,0.26346674807178416,0.26346674807178416,0,0
monthly_state_validated,2548,2021-07-23,2021-08-02,-0.0537740931579083,2021,2021-06-30,learned_order_extension,20260910,0.37768275856106887,0.37768275856106887,0,0
monthly_state_validated,2553,2021-07-30,2021-08-09,0.019904813945049,2021,2021-06-30,learned_order_extension,20260910,0.4428695355453456,0.4428695355453456,0,1
monthly_state_ungated,2533,2021-07-02,2021-07-12,0.0068193733271841,2021,2021-06-30,learned_order_extension,20260910,0.3215356208455046,0.3215356208455046,0,1
monthly_state_ungated,2538,2021-07-09,2021-07-19,-0.0048254045313779,2021,2021-06-30,learned_order_extension,20260910,0.30960513014389496,0.30960513014389496,0,0
monthly_state_ungated,2543,2021-07-16,2021-07-26,-0.0032299118953994,2021,2021-06-30,learned_order_extension,20260910,0.26346674807178416,0.26346674807178416,0,0
monthly_state_ungated,2548,2021-07-23,2021-08-02,-0.0537740931579083,2021,2021-06-30,learned_order_extension,20260910,0.37768275856106887,0.37768275856106887,0,0
monthly_state_ungated,2553,2021-07-30,2021-08-09,0.019904813945049,2021,2021-06-30,learned_order_extension,20260910,0.4428695355453456,0.4428695355453456,0,1
monthly_state_validated,2533,2021-07-02,2021-07-12,0.0068193733271841,2021,2021-06-30,learned_order_extension,20260911,0.4870314747634348,0.4870314747634348,0,1
monthly_state_validated,2538,2021-07-09,2021-07-19,-0.0048254045313779,2021,2021-06-30,learned_order_extension,20260911,0.18885603482317434,0.18885603482317434,0,0
monthly_state_validated,2543,2021-07-16,2021-07-26,-0.0032299118953994,2021,2021-06-30,learned_order_extension,20260911,0.3017342200602158,0.3017342200602158,0,0
monthly_state_validated,2548,2021-07-23,2021-08-02,-0.0537740931579083,2021,2021-06-30,learned_order_extension,20260911,0.36810694455242254,0.36810694455242254,0,0
monthly_state_validated,2553,2021-07-30,2021-08-09,0.019904813945049,2021,2021-06-30,learned_order_extension,20260911,0.551068322085785,0.551068322085785,1,1
monthly_state_ungated,2533,2021-07-02,2021-07-12,0.0068193733271841,2021,2021-06-30,learned_order_extension,20260911,0.4870314747634348,0.4870314747634348,0,1
monthly_state_ungated,2538,2021-07-09,2021-07-19,-0.0048254045313779,2021,2021-06-30,learned_order_extension,20260911,0.18885603482317434,0.18885603482317434,0,0
monthly_state_ungated,2543,2021-07-16,2021-07-26,-0.0032299118953994,2021,2021-06-30,learned_order_extension,20260911,0.3017342200602158,0.3017342200602158,0,0
monthly_state_ungated,2548,2021-07-23,2021-08-02,-0.0537740931579083,2021,2021-06-30,learned_order_extension,20260911,0.36810694455242254,0.36810694455242254,0,0
monthly_state_ungated,2553,2021-07-30,2021-08-09,0.019904813945049,2021,2021-06-30,learned_order_extension,20260911,0.551068322085785,0.551068322085785,1,1
monthly_state_validated,2533,2021-07-02,2021-07-12,0.0068193733271841,2021,2021-06-30,learned_order_extension,20260912,0.511988380684367,0.511988380684367,1,1
monthly_state_validated,2538,2021-07-09,2021-07-19,-0.0048254045313779,2021,2021-06-30,learned_order_extension,20260912,0.6213632916420614,0.6213632916420614,1,0
monthly_state_validated,2543,2021-07-16,2021-07-26,-0.0032299118953994,2021,2021-06-30,learned_order_extension,20260912,0.4783021837038135,0.4783021837038135,0,0
monthly_state_validated,2548,2021-07-23,2021-08-02,-0.0537740931579083,2021,2021-06-30,learned_order_extension,20260912,0.6124295217712632,0.6124295217712632,1,0
monthly_state_validated,2553,2021-07-30,2021-08-09,0.019904813945049,2021,2021-06-30,learned_order_extension,20260912,0.5183173735705874,0.5183173735705874,1,1
monthly_state_ungated,2533,2021-07-02,2021-07-12,0.0068193733271841,2021,2021-06-30,learned_order_extension,20260912,0.511988380684367,0.511988380684367,1,1
monthly_state_ungated,2538,2021-07-09,2021-07-19,-0.0048254045313779,2021,2021-06-30,learned_order_extension,20260912,0.6213632916420614,0.6213632916420614,1,0
monthly_state_ungated,2543,2021-07-16,2021-07-26,-0.0032299118953994,2021,2021-06-30,learned_order_extension,20260912,0.4783021837038135,0.4783021837038135,0,0
monthly_state_ungated,2548,2021-07-23,2021-08-02,-0.0537740931579083,2021,2021-06-30,learned_order_extension,20260912,0.6124295217712632,0.6124295217712632,1,0
monthly_state_ungated,2553,2021-07-30,2021-08-09,0.019904813945049,2021,2021-06-30,learned_order_extension,20260912,0.5183173735705874,0.5183173735705874,1,1
monthly_state_validated,2533,2021-07-02,2021-07-12,0.0068193733271841,2021,2021-06-30,learned_order_offset,20260910,0.3216916416287179,0.3216916416287179,0,1
monthly_state_validated,2538,2021-07-09,2021-07-19,-0.0048254045313779,2021,2021-06-30,learned_order_offset,20260910,0.3101145030268536,0.3101145030268536,0,0
monthly_state_validated,2543,2021-07-16,2021-07-26,-0.0032299118953994,2021,2021-06-30,learned_order_offset,20260910,0.26392360125279063,0.26392360125279063,0,0
monthly_state_validated,2548,2021-07-23,2021-08-02,-0.0537740931579083,2021,2021-06-30,learned_order_offset,20260910,0.3781019647861085,0.3781019647861085,0,0
monthly_state_validated,2553,2021-07-30,2021-08-09,0.019904813945049,2021,2021-06-30,learned_order_offset,20260910,0.443071770145631,0.443071770145631,0,1
monthly_state_ungated,2533,2021-07-02,2021-07-12,0.0068193733271841,2021,2021-06-30,learned_order_offset,20260910,0.3216916416287179,0.3216916416287179,0,1
monthly_state_ungated,2538,2021-07-09,2021-07-19,-0.0048254045313779,2021,2021-06-30,learned_order_offset,20260910,0.3101145030268536,0.3101145030268536,0,0
monthly_state_ungated,2543,2021-07-16,2021-07-26,-0.0032299118953994,2021,2021-06-30,learned_order_offset,20260910,0.26392360125279063,0.26392360125279063,0,0
monthly_state_ungated,2548,2021-07-23,2021-08-02,-0.0537740931579083,2021,2021-06-30,learned_order_offset,20260910,0.3781019647861085,0.3781019647861085,0,0
monthly_state_ungated,2553,2021-07-30,2021-08-09,0.019904813945049,2021,2021-06-30,learned_order_offset,20260910,0.443071770145631,0.443071770145631,0,1
monthly_state_validated,2533,2021-07-02,2021-07-12,0.0068193733271841,2021,2021-06-30,learned_order_offset,20260911,0.48834019247779775,0.48834019247779775,0,1
monthly_state_validated,2538,2021-07-09,2021-07-19,-0.0048254045313779,2021,2021-06-30,learned_order_offset,20260911,0.1899218857560688,0.1899218857560688,0,0
monthly_state_validated,2543,2021-07-16,2021-07-26,-0.0032299118953994,2021,2021-06-30,learned_order_offset,20260911,0.30227219210751677,0.30227219210751677,0,0
monthly_state_validated,2548,2021-07-23,2021-08-02,-0.0537740931579083,2021,2021-06-30,learned_order_offset,20260911,0.3682876710362575,0.3682876710362575,0,0
monthly_state_validated,2553,2021-07-30,2021-08-09,0.019904813945049,2021,2021-06-30,learned_order_offset,20260911,0.5493128567304749,0.5493128567304749,1,1
monthly_state_ungated,2533,2021-07-02,2021-07-12,0.0068193733271841,2021,2021-06-30,learned_order_offset,20260911,0.48834019247779775,0.48834019247779775,0,1
monthly_state_ungated,2538,2021-07-09,2021-07-19,-0.0048254045313779,2021,2021-06-30,learned_order_offset,20260911,0.1899218857560688,0.1899218857560688,0,0
monthly_state_ungated,2543,2021-07-16,2021-07-26,-0.0032299118953994,2021,2021-06-30,learned_order_offset,20260911,0.30227219210751677,0.30227219210751677,0,0
monthly_state_ungated,2548,2021-07-23,2021-08-02,-0.0537740931579083,2021,2021-06-30,learned_order_offset,20260911,0.3682876710362575,0.3682876710362575,0,0
monthly_state_ungated,2553,2021-07-30,2021-08-09,0.019904813945049,2021,2021-06-30,learned_order_offset,20260911,0.5493128567304749,0.5493128567304749,1,1
monthly_state_validated,2533,2021-07-02,2021-07-12,0.0068193733271841,2021,2021-06-30,learned_order_offset,20260912,0.5120272781444086,0.5120272781444086,1,1
monthly_state_validated,2538,2021-07-09,2021-07-19,-0.0048254045313779,2021,2021-06-30,learned_order_offset,20260912,0.6210298644444885,0.6210298644444885,1,0
monthly_state_validated,2543,2021-07-16,2021-07-26,-0.0032299118953994,2021,2021-06-30,learned_order_offset,20260912,0.47780664490085595,0.47780664490085595,0,0
monthly_state_validated,2548,2021-07-23,2021-08-02,-0.0537740931579083,2021,2021-06-30,learned_order_offset,20260912,0.6120939315881804,0.6120939315881804,1,0
monthly_state_validated,2553,2021-07-30,2021-08-09,0.019904813945049,2021,2021-06-30,learned_order_offset,20260912,0.5180210270033623,0.5180210270033623,1,1
monthly_state_ungated,2533,2021-07-02,2021-07-12,0.0068193733271841,2021,2021-06-30,learned_order_offset,20260912,0.5120272781444086,0.5120272781444086,1,1
monthly_state_ungated,2538,2021-07-09,2021-07-19,-0.0048254045313779,2021,2021-06-30,learned_order_offset,20260912,0.6210298644444885,0.6210298644444885,1,0
monthly_state_ungated,2543,2021-07-16,2021-07-26,-0.0032299118953994,2021,2021-06-30,learned_order_offset,20260912,0.47780664490085595,0.47780664490085595,0,0
monthly_state_ungated,2548,2021-07-23,2021-08-02,-0.0537740931579083,2021,2021-06-30,learned_order_offset,20260912,0.6120939315881804,0.6120939315881804,1,0
monthly_state_ungated,2553,2021-07-30,2021-08-09,0.019904813945049,2021,2021-06-30,learned_order_offset,20260912,0.5180210270033623,0.5180210270033623,1,1
monthly_state_validated,2558,2021-08-06,2021-08-16,0.0093369268709639,2021,2021-07-31,learned_market,20260910,0.40768230665718896,0.40768230665718896,0,1
monthly_state_validated,2563,2021-08-13,2021-08-23,-0.032048736608373,2021,2021-07-31,learned_market,20260910,0.4025918663246775,0.4025918663246775,0,0
monthly_state_validated,2568,2021-08-20,2021-08-30,0.0145047962107527,2021,2021-07-31,learned_market,20260910,0.5581931205458567,0.5581931205458567,1,1
monthly_state_validated,2573,2021-08-27,2021-09-06,-0.0012316820816045,2021,2021-07-31,learned_market,20260910,0.5652685808405962,0.5652685808405962,1,0
monthly_state_ungated,2558,2021-08-06,2021-08-16,0.0093369268709639,2021,2021-07-31,learned_market,20260910,0.40768230665718896,0.40768230665718896,0,1
monthly_state_ungated,2563,2021-08-13,2021-08-23,-0.032048736608373,2021,2021-07-31,learned_market,20260910,0.4025918663246775,0.4025918663246775,0,0
monthly_state_ungated,2568,2021-08-20,2021-08-30,0.0145047962107527,2021,2021-07-31,learned_market,20260910,0.5581931205458567,0.5581931205458567,1,1
monthly_state_ungated,2573,2021-08-27,2021-09-06,-0.0012316820816045,2021,2021-07-31,learned_market,20260910,0.5652685808405962,0.5652685808405962,1,0
monthly_state_validated,2558,2021-08-06,2021-08-16,0.0093369268709639,2021,2021-07-31,learned_market,20260911,0.6069177458010507,0.6069177458010507,1,1
monthly_state_validated,2563,2021-08-13,2021-08-23,-0.032048736608373,2021,2021-07-31,learned_market,20260911,0.6395330957156883,0.6395330957156883,1,0
monthly_state_validated,2568,2021-08-20,2021-08-30,0.0145047962107527,2021,2021-07-31,learned_market,20260911,0.49778467368571605,0.49778467368571605,0,1
monthly_state_validated,2573,2021-08-27,2021-09-06,-0.0012316820816045,2021,2021-07-31,learned_market,20260911,0.7992998823896141,0.7992998823896141,1,0
monthly_state_ungated,2558,2021-08-06,2021-08-16,0.0093369268709639,2021,2021-07-31,learned_market,20260911,0.6069177458010507,0.6069177458010507,1,1
monthly_state_ungated,2563,2021-08-13,2021-08-23,-0.032048736608373,2021,2021-07-31,learned_market,20260911,0.6395330957156883,0.6395330957156883,1,0
monthly_state_ungated,2568,2021-08-20,2021-08-30,0.0145047962107527,2021,2021-07-31,learned_market,20260911,0.49778467368571605,0.49778467368571605,0,1
monthly_state_ungated,2573,2021-08-27,2021-09-06,-0.0012316820816045,2021,2021-07-31,learned_market,20260911,0.7992998823896141,0.7992998823896141,1,0
monthly_state_validated,2558,2021-08-06,2021-08-16,0.0093369268709639,2021,2021-07-31,learned_market,20260912,0.5141172877385481,0.5141172877385481,1,1
monthly_state_validated,2563,2021-08-13,2021-08-23,-0.032048736608373,2021,2021-07-31,learned_market,20260912,0.799712207667327,0.799712207667327,1,0
monthly_state_validated,2568,2021-08-20,2021-08-30,0.0145047962107527,2021,2021-07-31,learned_market,20260912,0.6945524744678218,0.6945524744678218,1,1
monthly_state_validated,2573,2021-08-27,2021-09-06,-0.0012316820816045,2021,2021-07-31,learned_market,20260912,0.650209110265474,0.650209110265474,1,0
monthly_state_ungated,2558,2021-08-06,2021-08-16,0.0093369268709639,2021,2021-07-31,learned_market,20260912,0.5141172877385481,0.5141172877385481,1,1
monthly_state_ungated,2563,2021-08-13,2021-08-23,-0.032048736608373,2021,2021-07-31,learned_market,20260912,0.799712207667327,0.799712207667327,1,0
monthly_state_ungated,2568,2021-08-20,2021-08-30,0.0145047962107527,2021,2021-07-31,learned_market,20260912,0.6945524744678218,0.6945524744678218,1,1
monthly_state_ungated,2573,2021-08-27,2021-09-06,-0.0012316820816045,2021,2021-07-31,learned_market,20260912,0.650209110265474,0.650209110265474,1,0
monthly_state_validated,2558,2021-08-06,2021-08-16,0.0093369268709639,2021,2021-07-31,learned_vol_interaction,20260910,0.4414614197613605,0.4414614197613605,0,1
monthly_state_validated,2563,2021-08-13,2021-08-23,-0.032048736608373,2021,2021-07-31,learned_vol_interaction,20260910,0.454673473148584,0.454673473148584,0,0
monthly_state_validated,2568,2021-08-20,2021-08-30,0.0145047962107527,2021,2021-07-31,learned_vol_interaction,20260910,0.5753590432785457,0.5753590432785457,1,1
monthly_state_validated,2573,2021-08-27,2021-09-06,-0.0012316820816045,2021,2021-07-31,learned_vol_interaction,20260910,0.5964802029549509,0.5964802029549509,1,0
monthly_state_ungated,2558,2021-08-06,2021-08-16,0.0093369268709639,2021,2021-07-31,learned_vol_interaction,20260910,0.4414614197613605,0.4414614197613605,0,1
monthly_state_ungated,2563,2021-08-13,2021-08-23,-0.032048736608373,2021,2021-07-31,learned_vol_interaction,20260910,0.454673473148584,0.454673473148584,0,0
monthly_state_ungated,2568,2021-08-20,2021-08-30,0.0145047962107527,2021,2021-07-31,learned_vol_interaction,20260910,0.5753590432785457,0.5753590432785457,1,1
monthly_state_ungated,2573,2021-08-27,2021-09-06,-0.0012316820816045,2021,2021-07-31,learned_vol_interaction,20260910,0.5964802029549509,0.5964802029549509,1,0
monthly_state_validated,2558,2021-08-06,2021-08-16,0.0093369268709639,2021,2021-07-31,learned_vol_interaction,20260911,0.611366208230644,0.611366208230644,1,1
monthly_state_validated,2563,2021-08-13,2021-08-23,-0.032048736608373,2021,2021-07-31,learned_vol_interaction,20260911,0.6499874314301235,0.6499874314301235,1,0
monthly_state_validated,2568,2021-08-20,2021-08-30,0.0145047962107527,2021,2021-07-31,learned_vol_interaction,20260911,0.47410312241187347,0.47410312241187347,0,1
monthly_state_validated,2573,2021-08-27,2021-09-06,-0.0012316820816045,2021,2021-07-31,learned_vol_interaction,20260911,0.8077225877731411,0.8077225877731411,1,0
monthly_state_ungated,2558,2021-08-06,2021-08-16,0.0093369268709639,2021,2021-07-31,learned_vol_interaction,20260911,0.611366208230644,0.611366208230644,1,1
monthly_state_ungated,2563,2021-08-13,2021-08-23,-0.032048736608373,2021,2021-07-31,learned_vol_interaction,20260911,0.6499874314301235,0.6499874314301235,1,0
monthly_state_ungated,2568,2021-08-20,2021-08-30,0.0145047962107527,2021,2021-07-31,learned_vol_interaction,20260911,0.47410312241187347,0.47410312241187347,0,1
monthly_state_ungated,2573,2021-08-27,2021-09-06,-0.0012316820816045,2021,2021-07-31,learned_vol_interaction,20260911,0.8077225877731411,0.8077225877731411,1,0
monthly_state_validated,2558,2021-08-06,2021-08-16,0.0093369268709639,2021,2021-07-31,learned_vol_interaction,20260912,0.5136649464816024,0.5136649464816024,1,1
monthly_state_validated,2563,2021-08-13,2021-08-23,-0.032048736608373,2021,2021-07-31,learned_vol_interaction,20260912,0.7945167952306426,0.7945167952306426,1,0
monthly_state_validated,2568,2021-08-20,2021-08-30,0.0145047962107527,2021,2021-07-31,learned_vol_interaction,20260912,0.6928180790402312,0.6928180790402312,1,1
monthly_state_validated,2573,2021-08-27,2021-09-06,-0.0012316820816045,2021,2021-07-31,learned_vol_interaction,20260912,0.6501421001064899,0.6501421001064899,1,0
monthly_state_ungated,2558,2021-08-06,2021-08-16,0.0093369268709639,2021,2021-07-31,learned_vol_interaction,20260912,0.5136649464816024,0.5136649464816024,1,1
monthly_state_ungated,2563,2021-08-13,2021-08-23,-0.032048736608373,2021,2021-07-31,learned_vol_interaction,20260912,0.7945167952306426,0.7945167952306426,1,0
monthly_state_ungated,2568,2021-08-20,2021-08-30,0.0145047962107527,2021,2021-07-31,learned_vol_interaction,20260912,0.6928180790402312,0.6928180790402312,1,1
monthly_state_ungated,2573,2021-08-27,2021-09-06,-0.0012316820816045,2021,2021-07-31,learned_vol_interaction,20260912,0.6501421001064899,0.6501421001064899,1,0
monthly_state_validated,2558,2021-08-06,2021-08-16,0.0093369268709639,2021,2021-07-31,learned_order_extension,20260910,0.4229515556966854,0.4229515556966854,0,1
monthly_state_validated,2563,2021-08-13,2021-08-23,-0.032048736608373,2021,2021-07-31,learned_order_extension,20260910,0.4456618802062691,0.4456618802062691,0,0
monthly_state_validated,2568,2021-08-20,2021-08-30,0.0145047962107527,2021,2021-07-31,learned_order_extension,20260910,0.5729448112364248,0.5729448112364248,1,1
monthly_state_validated,2573,2021-08-27,2021-09-06,-0.0012316820816045,2021,2021-07-31,learned_order_extension,20260910,0.5932306473216634,0.5932306473216634,1,0
monthly_state_ungated,2558,2021-08-06,2021-08-16,0.0093369268709639,2021,2021-07-31,learned_order_extension,20260910,0.4229515556966854,0.4229515556966854,0,1
monthly_state_ungated,2563,2021-08-13,2021-08-23,-0.032048736608373,2021,2021-07-31,learned_order_extension,20260910,0.4456618802062691,0.4456618802062691,0,0
monthly_state_ungated,2568,2021-08-20,2021-08-30,0.0145047962107527,2021,2021-07-31,learned_order_extension,20260910,0.5729448112364248,0.5729448112364248,1,1
monthly_state_ungated,2573,2021-08-27,2021-09-06,-0.0012316820816045,2021,2021-07-31,learned_order_extension,20260910,0.5932306473216634,0.5932306473216634,1,0
monthly_state_validated,2558,2021-08-06,2021-08-16,0.0093369268709639,2021,2021-07-31,learned_order_extension,20260911,0.5976356202999715,0.5976356202999715,1,1
monthly_state_validated,2563,2021-08-13,2021-08-23,-0.032048736608373,2021,2021-07-31,learned_order_extension,20260911,0.6460173631921735,0.6460173631921735,1,0
monthly_state_validated,2568,2021-08-20,2021-08-30,0.0145047962107527,2021,2021-07-31,learned_order_extension,20260911,0.4599800330212217,0.4599800330212217,0,1
monthly_state_validated,2573,2021-08-27,2021-09-06,-0.0012316820816045,2021,2021-07-31,learned_order_extension,20260911,0.8227439473299855,0.8227439473299855,1,0
monthly_state_ungated,2558,2021-08-06,2021-08-16,0.0093369268709639,2021,2021-07-31,learned_order_extension,20260911,0.5976356202999715,0.5976356202999715,1,1
monthly_state_ungated,2563,2021-08-13,2021-08-23,-0.032048736608373,2021,2021-07-31,learned_order_extension,20260911,0.6460173631921735,0.6460173631921735,1,0
monthly_state_ungated,2568,2021-08-20,2021-08-30,0.0145047962107527,2021,2021-07-31,learned_order_extension,20260911,0.4599800330212217,0.4599800330212217,0,1
monthly_state_ungated,2573,2021-08-27,2021-09-06,-0.0012316820816045,2021,2021-07-31,learned_order_extension,20260911,0.8227439473299855,0.8227439473299855,1,0
monthly_state_validated,2558,2021-08-06,2021-08-16,0.0093369268709639,2021,2021-07-31,learned_order_extension,20260912,0.509509202348959,0.509509202348959,1,1
monthly_state_validated,2563,2021-08-13,2021-08-23,-0.032048736608373,2021,2021-07-31,learned_order_extension,20260912,0.7945715828017712,0.7945715828017712,1,0
monthly_state_validated,2568,2021-08-20,2021-08-30,0.0145047962107527,2021,2021-07-31,learned_order_extension,20260912,0.6924411435011819,0.6924411435011819,1,1
monthly_state_validated,2573,2021-08-27,2021-09-06,-0.0012316820816045,2021,2021-07-31,learned_order_extension,20260912,0.6485120883138071,0.6485120883138071,1,0
monthly_state_ungated,2558,2021-08-06,2021-08-16,0.0093369268709639,2021,2021-07-31,learned_order_extension,20260912,0.509509202348959,0.509509202348959,1,1
monthly_state_ungated,2563,2021-08-13,2021-08-23,-0.032048736608373,2021,2021-07-31,learned_order_extension,20260912,0.7945715828017712,0.7945715828017712,1,0
monthly_state_ungated,2568,2021-08-20,2021-08-30,0.0145047962107527,2021,2021-07-31,learned_order_extension,20260912,0.6924411435011819,0.6924411435011819,1,1
monthly_state_ungated,2573,2021-08-27,2021-09-06,-0.0012316820816045,2021,2021-07-31,learned_order_extension,20260912,0.6485120883138071,0.6485120883138071,1,0
monthly_state_validated,2558,2021-08-06,2021-08-16,0.0093369268709639,2021,2021-07-31,learned_order_offset,20260910,0.4229308279115627,0.4229308279115627,0,1
monthly_state_validated,2563,2021-08-13,2021-08-23,-0.032048736608373,2021,2021-07-31,learned_order_offset,20260910,0.4454769793108894,0.4454769793108894,0,0
monthly_state_validated,2568,2021-08-20,2021-08-30,0.0145047962107527,2021,2021-07-31,learned_order_offset,20260910,0.5730433431588372,0.5730433431588372,1,1
monthly_state_validated,2573,2021-08-27,2021-09-06,-0.0012316820816045,2021,2021-07-31,learned_order_offset,20260910,0.5924044756946784,0.5924044756946784,1,0
monthly_state_ungated,2558,2021-08-06,2021-08-16,0.0093369268709639,2021,2021-07-31,learned_order_offset,20260910,0.4229308279115627,0.4229308279115627,0,1
monthly_state_ungated,2563,2021-08-13,2021-08-23,-0.032048736608373,2021,2021-07-31,learned_order_offset,20260910,0.4454769793108894,0.4454769793108894,0,0
monthly_state_ungated,2568,2021-08-20,2021-08-30,0.0145047962107527,2021,2021-07-31,learned_order_offset,20260910,0.5730433431588372,0.5730433431588372,1,1
monthly_state_ungated,2573,2021-08-27,2021-09-06,-0.0012316820816045,2021,2021-07-31,learned_order_offset,20260910,0.5924044756946784,0.5924044756946784,1,0
monthly_state_validated,2558,2021-08-06,2021-08-16,0.0093369268709639,2021,2021-07-31,learned_order_offset,20260911,0.5952755431654839,0.5952755431654839,1,1
monthly_state_validated,2563,2021-08-13,2021-08-23,-0.032048736608373,2021,2021-07-31,learned_order_offset,20260911,0.6435678005185,0.6435678005185,1,0
monthly_state_validated,2568,2021-08-20,2021-08-30,0.0145047962107527,2021,2021-07-31,learned_order_offset,20260911,0.45941912601595664,0.45941912601595664,0,1
monthly_state_validated,2573,2021-08-27,2021-09-06,-0.0012316820816045,2021,2021-07-31,learned_order_offset,20260911,0.8199221886042931,0.8199221886042931,1,0
monthly_state_ungated,2558,2021-08-06,2021-08-16,0.0093369268709639,2021,2021-07-31,learned_order_offset,20260911,0.5952755431654839,0.5952755431654839,1,1
monthly_state_ungated,2563,2021-08-13,2021-08-23,-0.032048736608373,2021,2021-07-31,learned_order_offset,20260911,0.6435678005185,0.6435678005185,1,0
monthly_state_ungated,2568,2021-08-20,2021-08-30,0.0145047962107527,2021,2021-07-31,learned_order_offset,20260911,0.45941912601595664,0.45941912601595664,0,1
monthly_state_ungated,2573,2021-08-27,2021-09-06,-0.0012316820816045,2021,2021-07-31,learned_order_offset,20260911,0.8199221886042931,0.8199221886042931,1,0
monthly_state_validated,2558,2021-08-06,2021-08-16,0.0093369268709639,2021,2021-07-31,learned_order_offset,20260912,0.5092578634100278,0.5092578634100278,1,1
monthly_state_validated,2563,2021-08-13,2021-08-23,-0.032048736608373,2021,2021-07-31,learned_order_offset,20260912,0.7940343211531239,0.7940343211531239,1,0
monthly_state_validated,2568,2021-08-20,2021-08-30,0.0145047962107527,2021,2021-07-31,learned_order_offset,20260912,0.6920631539348041,0.6920631539348041,1,1
monthly_state_validated,2573,2021-08-27,2021-09-06,-0.0012316820816045,2021,2021-07-31,learned_order_offset,20260912,0.6483618872645227,0.6483618872645227,1,0
monthly_state_ungated,2558,2021-08-06,2021-08-16,0.0093369268709639,2021,2021-07-31,learned_order_offset,20260912,0.5092578634100278,0.5092578634100278,1,1
monthly_state_ungated,2563,2021-08-13,2021-08-23,-0.032048736608373,2021,2021-07-31,learned_order_offset,20260912,0.7940343211531239,0.7940343211531239,1,0
monthly_state_ungated,2568,2021-08-20,2021-08-30,0.0145047962107527,2021,2021-07-31,learned_order_offset,20260912,0.6920631539348041,0.6920631539348041,1,1
monthly_state_ungated,2573,2021-08-27,2021-09-06,-0.0012316820816045,2021,2021-07-31,learned_order_offset,20260912,0.6483618872645227,0.6483618872645227,1,0
monthly_state_validated,2578,2021-09-03,2021-09-13,0.0342301066295398,2021,2021-08-31,learned_market,20260910,0.7414364016645572,0.7414364016645572,1,1
monthly_state_validated,2583,2021-09-10,2021-09-22,-0.0471441667981554,2021,2021-08-31,learned_market,20260910,0.7365374093158319,0.7365374093158319,1,0
monthly_state_validated,2588,2021-09-17,2021-09-28,0.0209863060789441,2021,2021-08-31,learned_market,20260910,0.7129908769856873,0.7129908769856873,1,1
monthly_state_validated,2591,2021-09-24,2021-10-11,0.0144615416200457,2021,2021-08-31,learned_market,20260910,0.7494998617287155,0.7494998617287155,1,1
monthly_state_ungated,2578,2021-09-03,2021-09-13,0.0342301066295398,2021,2021-08-31,learned_market,20260910,0.7414364016645572,0.7414364016645572,1,1
monthly_state_ungated,2583,2021-09-10,2021-09-22,-0.0471441667981554,2021,2021-08-31,learned_market,20260910,0.7365374093158319,0.7365374093158319,1,0
monthly_state_ungated,2588,2021-09-17,2021-09-28,0.0209863060789441,2021,2021-08-31,learned_market,20260910,0.7129908769856873,0.7129908769856873,1,1
monthly_state_ungated,2591,2021-09-24,2021-10-11,0.0144615416200457,2021,2021-08-31,learned_market,20260910,0.7494998617287155,0.7494998617287155,1,1
monthly_state_validated,2578,2021-09-03,2021-09-13,0.0342301066295398,2021,2021-08-31,learned_market,20260911,0.7641264012677613,0.7641264012677613,1,1
monthly_state_validated,2583,2021-09-10,2021-09-22,-0.0471441667981554,2021,2021-08-31,learned_market,20260911,0.7188187190189923,0.7188187190189923,1,0
monthly_state_validated,2588,2021-09-17,2021-09-28,0.0209863060789441,2021,2021-08-31,learned_market,20260911,0.752347288149094,0.752347288149094,1,1
monthly_state_validated,2591,2021-09-24,2021-10-11,0.0144615416200457,2021,2021-08-31,learned_market,20260911,0.64950288661138,0.64950288661138,1,1
monthly_state_ungated,2578,2021-09-03,2021-09-13,0.0342301066295398,2021,2021-08-31,learned_market,20260911,0.7641264012677613,0.7641264012677613,1,1
monthly_state_ungated,2583,2021-09-10,2021-09-22,-0.0471441667981554,2021,2021-08-31,learned_market,20260911,0.7188187190189923,0.7188187190189923,1,0
monthly_state_ungated,2588,2021-09-17,2021-09-28,0.0209863060789441,2021,2021-08-31,learned_market,20260911,0.752347288149094,0.752347288149094,1,1
monthly_state_ungated,2591,2021-09-24,2021-10-11,0.0144615416200457,2021,2021-08-31,learned_market,20260911,0.64950288661138,0.64950288661138,1,1
monthly_state_validated,2578,2021-09-03,2021-09-13,0.0342301066295398,2021,2021-08-31,learned_market,20260912,0.5845335348210389,0.5845335348210389,1,1
monthly_state_validated,2583,2021-09-10,2021-09-22,-0.0471441667981554,2021,2021-08-31,learned_market,20260912,0.5978406592956743,0.5978406592956743,1,0
monthly_state_validated,2588,2021-09-17,2021-09-28,0.0209863060789441,2021,2021-08-31,learned_market,20260912,0.5426754501942058,0.5426754501942058,1,1
monthly_state_validated,2591,2021-09-24,2021-10-11,0.0144615416200457,2021,2021-08-31,learned_market,20260912,0.43126701380981713,0.43126701380981713,0,1
monthly_state_ungated,2578,2021-09-03,2021-09-13,0.0342301066295398,2021,2021-08-31,learned_market,20260912,0.5845335348210389,0.5845335348210389,1,1
monthly_state_ungated,2583,2021-09-10,2021-09-22,-0.0471441667981554,2021,2021-08-31,learned_market,20260912,0.5978406592956743,0.5978406592956743,1,0
monthly_state_ungated,2588,2021-09-17,2021-09-28,0.0209863060789441,2021,2021-08-31,learned_market,20260912,0.5426754501942058,0.5426754501942058,1,1
monthly_state_ungated,2591,2021-09-24,2021-10-11,0.0144615416200457,2021,2021-08-31,learned_market,20260912,0.43126701380981713,0.43126701380981713,0,1
monthly_state_validated,2578,2021-09-03,2021-09-13,0.0342301066295398,2021,2021-08-31,learned_vol_interaction,20260910,0.7511535519201762,0.7511535519201762,1,1
monthly_state_validated,2583,2021-09-10,2021-09-22,-0.0471441667981554,2021,2021-08-31,learned_vol_interaction,20260910,0.7354885736856006,0.7354885736856006,1,0
monthly_state_validated,2588,2021-09-17,2021-09-28,0.0209863060789441,2021,2021-08-31,learned_vol_interaction,20260910,0.742822186176108,0.742822186176108,1,1
monthly_state_validated,2591,2021-09-24,2021-10-11,0.0144615416200457,2021,2021-08-31,learned_vol_interaction,20260910,0.7830893595033332,0.7830893595033332,1,1
monthly_state_ungated,2578,2021-09-03,2021-09-13,0.0342301066295398,2021,2021-08-31,learned_vol_interaction,20260910,0.7511535519201762,0.7511535519201762,1,1
monthly_state_ungated,2583,2021-09-10,2021-09-22,-0.0471441667981554,2021,2021-08-31,learned_vol_interaction,20260910,0.7354885736856006,0.7354885736856006,1,0
monthly_state_ungated,2588,2021-09-17,2021-09-28,0.0209863060789441,2021,2021-08-31,learned_vol_interaction,20260910,0.742822186176108,0.742822186176108,1,1
monthly_state_ungated,2591,2021-09-24,2021-10-11,0.0144615416200457,2021,2021-08-31,learned_vol_interaction,20260910,0.7830893595033332,0.7830893595033332,1,1
monthly_state_validated,2578,2021-09-03,2021-09-13,0.0342301066295398,2021,2021-08-31,learned_vol_interaction,20260911,0.7569737160491476,0.7569737160491476,1,1
monthly_state_validated,2583,2021-09-10,2021-09-22,-0.0471441667981554,2021,2021-08-31,learned_vol_interaction,20260911,0.7237383960115724,0.7237383960115724,1,0
monthly_state_validated,2588,2021-09-17,2021-09-28,0.0209863060789441,2021,2021-08-31,learned_vol_interaction,20260911,0.7461756198869361,0.7461756198869361,1,1
monthly_state_validated,2591,2021-09-24,2021-10-11,0.0144615416200457,2021,2021-08-31,learned_vol_interaction,20260911,0.6456719612096069,0.6456719612096069,1,1
monthly_state_ungated,2578,2021-09-03,2021-09-13,0.0342301066295398,2021,2021-08-31,learned_vol_interaction,20260911,0.7569737160491476,0.7569737160491476,1,1
monthly_state_ungated,2583,2021-09-10,2021-09-22,-0.0471441667981554,2021,2021-08-31,learned_vol_interaction,20260911,0.7237383960115724,0.7237383960115724,1,0
monthly_state_ungated,2588,2021-09-17,2021-09-28,0.0209863060789441,2021,2021-08-31,learned_vol_interaction,20260911,0.7461756198869361,0.7461756198869361,1,1
monthly_state_ungated,2591,2021-09-24,2021-10-11,0.0144615416200457,2021,2021-08-31,learned_vol_interaction,20260911,0.6456719612096069,0.6456719612096069,1,1
monthly_state_validated,2578,2021-09-03,2021-09-13,0.0342301066295398,2021,2021-08-31,learned_vol_interaction,20260912,0.5834223088141877,0.5834223088141877,1,1
monthly_state_validated,2583,2021-09-10,2021-09-22,-0.0471441667981554,2021,2021-08-31,learned_vol_interaction,20260912,0.5980779969137336,0.5980779969137336,1,0
monthly_state_validated,2588,2021-09-17,2021-09-28,0.0209863060789441,2021,2021-08-31,learned_vol_interaction,20260912,0.5427243889928098,0.5427243889928098,1,1
monthly_state_validated,2591,2021-09-24,2021-10-11,0.0144615416200457,2021,2021-08-31,learned_vol_interaction,20260912,0.42884602217775675,0.42884602217775675,0,1
monthly_state_ungated,2578,2021-09-03,2021-09-13,0.0342301066295398,2021,2021-08-31,learned_vol_interaction,20260912,0.5834223088141877,0.5834223088141877,1,1
monthly_state_ungated,2583,2021-09-10,2021-09-22,-0.0471441667981554,2021,2021-08-31,learned_vol_interaction,20260912,0.5980779969137336,0.5980779969137336,1,0
monthly_state_ungated,2588,2021-09-17,2021-09-28,0.0209863060789441,2021,2021-08-31,learned_vol_interaction,20260912,0.5427243889928098,0.5427243889928098,1,1
monthly_state_ungated,2591,2021-09-24,2021-10-11,0.0144615416200457,2021,2021-08-31,learned_vol_interaction,20260912,0.42884602217775675,0.42884602217775675,0,1
monthly_state_validated,2578,2021-09-03,2021-09-13,0.0342301066295398,2021,2021-08-31,learned_order_extension,20260910,0.7530250371326861,0.7530250371326861,1,1
monthly_state_validated,2583,2021-09-10,2021-09-22,-0.0471441667981554,2021,2021-08-31,learned_order_extension,20260910,0.7486737724952331,0.7486737724952331,1,0
monthly_state_validated,2588,2021-09-17,2021-09-28,0.0209863060789441,2021,2021-08-31,learned_order_extension,20260910,0.7583098115704442,0.7583098115704442,1,1
monthly_state_validated,2591,2021-09-24,2021-10-11,0.0144615416200457,2021,2021-08-31,learned_order_extension,20260910,0.8103635906047445,0.8103635906047445,1,1
monthly_state_ungated,2578,2021-09-03,2021-09-13,0.0342301066295398,2021,2021-08-31,learned_order_extension,20260910,0.7530250371326861,0.7530250371326861,1,1
monthly_state_ungated,2583,2021-09-10,2021-09-22,-0.0471441667981554,2021,2021-08-31,learned_order_extension,20260910,0.7486737724952331,0.7486737724952331,1,0
monthly_state_ungated,2588,2021-09-17,2021-09-28,0.0209863060789441,2021,2021-08-31,learned_order_extension,20260910,0.7583098115704442,0.7583098115704442,1,1
monthly_state_ungated,2591,2021-09-24,2021-10-11,0.0144615416200457,2021,2021-08-31,learned_order_extension,20260910,0.8103635906047445,0.8103635906047445,1,1
monthly_state_validated,2578,2021-09-03,2021-09-13,0.0342301066295398,2021,2021-08-31,learned_order_extension,20260911,0.7764255721144454,0.7764255721144454,1,1
monthly_state_validated,2583,2021-09-10,2021-09-22,-0.0471441667981554,2021,2021-08-31,learned_order_extension,20260911,0.7513357425734236,0.7513357425734236,1,0
monthly_state_validated,2588,2021-09-17,2021-09-28,0.0209863060789441,2021,2021-08-31,learned_order_extension,20260911,0.7836614478285994,0.7836614478285994,1,1
monthly_state_validated,2591,2021-09-24,2021-10-11,0.0144615416200457,2021,2021-08-31,learned_order_extension,20260911,0.6693079201625165,0.6693079201625165,1,1
monthly_state_ungated,2578,2021-09-03,2021-09-13,0.0342301066295398,2021,2021-08-31,learned_order_extension,20260911,0.7764255721144454,0.7764255721144454,1,1
monthly_state_ungated,2583,2021-09-10,2021-09-22,-0.0471441667981554,2021,2021-08-31,learned_order_extension,20260911,0.7513357425734236,0.7513357425734236,1,0
monthly_state_ungated,2588,2021-09-17,2021-09-28,0.0209863060789441,2021,2021-08-31,learned_order_extension,20260911,0.7836614478285994,0.7836614478285994,1,1
monthly_state_ungated,2591,2021-09-24,2021-10-11,0.0144615416200457,2021,2021-08-31,learned_order_extension,20260911,0.6693079201625165,0.6693079201625165,1,1
monthly_state_validated,2578,2021-09-03,2021-09-13,0.0342301066295398,2021,2021-08-31,learned_order_extension,20260912,0.5805757513729569,0.5805757513729569,1,1
monthly_state_validated,2583,2021-09-10,2021-09-22,-0.0471441667981554,2021,2021-08-31,learned_order_extension,20260912,0.5978065821661347,0.5978065821661347,1,0
monthly_state_validated,2588,2021-09-17,2021-09-28,0.0209863060789441,2021,2021-08-31,learned_order_extension,20260912,0.5376103337187045,0.5376103337187045,1,1
monthly_state_validated,2591,2021-09-24,2021-10-11,0.0144615416200457,2021,2021-08-31,learned_order_extension,20260912,0.4159392588263915,0.4159392588263915,0,1
monthly_state_ungated,2578,2021-09-03,2021-09-13,0.0342301066295398,2021,2021-08-31,learned_order_extension,20260912,0.5805757513729569,0.5805757513729569,1,1
monthly_state_ungated,2583,2021-09-10,2021-09-22,-0.0471441667981554,2021,2021-08-31,learned_order_extension,20260912,0.5978065821661347,0.5978065821661347,1,0
monthly_state_ungated,2588,2021-09-17,2021-09-28,0.0209863060789441,2021,2021-08-31,learned_order_extension,20260912,0.5376103337187045,0.5376103337187045,1,1
monthly_state_ungated,2591,2021-09-24,2021-10-11,0.0144615416200457,2021,2021-08-31,learned_order_extension,20260912,0.4159392588263915,0.4159392588263915,0,1
monthly_state_validated,2578,2021-09-03,2021-09-13,0.0342301066295398,2021,2021-08-31,learned_order_offset,20260910,0.7533662187579737,0.7533662187579737,1,1
monthly_state_validated,2583,2021-09-10,2021-09-22,-0.0471441667981554,2021,2021-08-31,learned_order_offset,20260910,0.7490237805795243,0.7490237805795243,1,0
monthly_state_validated,2588,2021-09-17,2021-09-28,0.0209863060789441,2021,2021-08-31,learned_order_offset,20260910,0.7578019779876107,0.7578019779876107,1,1
monthly_state_validated,2591,2021-09-24,2021-10-11,0.0144615416200457,2021,2021-08-31,learned_order_offset,20260910,0.8099614624313016,0.8099614624313016,1,1
monthly_state_ungated,2578,2021-09-03,2021-09-13,0.0342301066295398,2021,2021-08-31,learned_order_offset,20260910,0.7533662187579737,0.7533662187579737,1,1
monthly_state_ungated,2583,2021-09-10,2021-09-22,-0.0471441667981554,2021,2021-08-31,learned_order_offset,20260910,0.7490237805795243,0.7490237805795243,1,0
monthly_state_ungated,2588,2021-09-17,2021-09-28,0.0209863060789441,2021,2021-08-31,learned_order_offset,20260910,0.7578019779876107,0.7578019779876107,1,1
monthly_state_ungated,2591,2021-09-24,2021-10-11,0.0144615416200457,2021,2021-08-31,learned_order_offset,20260910,0.8099614624313016,0.8099614624313016,1,1
monthly_state_validated,2578,2021-09-03,2021-09-13,0.0342301066295398,2021,2021-08-31,learned_order_offset,20260911,0.7736884948382853,0.7736884948382853,1,1
monthly_state_validated,2583,2021-09-10,2021-09-22,-0.0471441667981554,2021,2021-08-31,learned_order_offset,20260911,0.7486660391902702,0.7486660391902702,1,0
monthly_state_validated,2588,2021-09-17,2021-09-28,0.0209863060789441,2021,2021-08-31,learned_order_offset,20260911,0.7812035509395332,0.7812035509395332,1,1
monthly_state_validated,2591,2021-09-24,2021-10-11,0.0144615416200457,2021,2021-08-31,learned_order_offset,20260911,0.6670102925222845,0.6670102925222845,1,1
monthly_state_ungated,2578,2021-09-03,2021-09-13,0.0342301066295398,2021,2021-08-31,learned_order_offset,20260911,0.7736884948382853,0.7736884948382853,1,1
monthly_state_ungated,2583,2021-09-10,2021-09-22,-0.0471441667981554,2021,2021-08-31,learned_order_offset,20260911,0.7486660391902702,0.7486660391902702,1,0
monthly_state_ungated,2588,2021-09-17,2021-09-28,0.0209863060789441,2021,2021-08-31,learned_order_offset,20260911,0.7812035509395332,0.7812035509395332,1,1
monthly_state_ungated,2591,2021-09-24,2021-10-11,0.0144615416200457,2021,2021-08-31,learned_order_offset,20260911,0.6670102925222845,0.6670102925222845,1,1
monthly_state_validated,2578,2021-09-03,2021-09-13,0.0342301066295398,2021,2021-08-31,learned_order_offset,20260912,0.5804326441216299,0.5804326441216299,1,1
monthly_state_validated,2583,2021-09-10,2021-09-22,-0.0471441667981554,2021,2021-08-31,learned_order_offset,20260912,0.5974417197776336,0.5974417197776336,1,0
monthly_state_validated,2588,2021-09-17,2021-09-28,0.0209863060789441,2021,2021-08-31,learned_order_offset,20260912,0.5373217574451546,0.5373217574451546,1,1
monthly_state_validated,2591,2021-09-24,2021-10-11,0.0144615416200457,2021,2021-08-31,learned_order_offset,20260912,0.4161001339098918,0.4161001339098918,0,1
monthly_state_ungated,2578,2021-09-03,2021-09-13,0.0342301066295398,2021,2021-08-31,learned_order_offset,20260912,0.5804326441216299,0.5804326441216299,1,1
monthly_state_ungated,2583,2021-09-10,2021-09-22,-0.0471441667981554,2021,2021-08-31,learned_order_offset,20260912,0.5974417197776336,0.5974417197776336,1,0
monthly_state_ungated,2588,2021-09-17,2021-09-28,0.0209863060789441,2021,2021-08-31,learned_order_offset,20260912,0.5373217574451546,0.5373217574451546,1,1
monthly_state_ungated,2591,2021-09-24,2021-10-11,0.0144615416200457,2021,2021-08-31,learned_order_offset,20260912,0.4161001339098918,0.4161001339098918,0,1
monthly_state_validated,2596,2021-10-08,2021-10-18,-0.0038006269617851,2021,2021-09-30,learned_market,20260910,0.7103284017268151,0.7103284017268151,1,0
monthly_state_validated,2601,2021-10-15,2021-10-25,0.0037358989621147,2021,2021-09-30,learned_market,20260910,0.7054426847772952,0.7054426847772952,1,1
monthly_state_validated,2606,2021-10-22,2021-11-01,-0.0127041632091318,2021,2021-09-30,learned_market,20260910,0.561668990030631,0.561668990030631,1,0
monthly_state_validated,2611,2021-10-29,2021-11-08,-0.0075807737801166,2021,2021-09-30,learned_market,20260910,0.5778524508006477,0.5778524508006477,1,0
monthly_state_ungated,2596,2021-10-08,2021-10-18,-0.0038006269617851,2021,2021-09-30,learned_market,20260910,0.7103284017268151,0.7103284017268151,1,0
monthly_state_ungated,2601,2021-10-15,2021-10-25,0.0037358989621147,2021,2021-09-30,learned_market,20260910,0.7054426847772952,0.7054426847772952,1,1
monthly_state_ungated,2606,2021-10-22,2021-11-01,-0.0127041632091318,2021,2021-09-30,learned_market,20260910,0.561668990030631,0.561668990030631,1,0
monthly_state_ungated,2611,2021-10-29,2021-11-08,-0.0075807737801166,2021,2021-09-30,learned_market,20260910,0.5778524508006477,0.5778524508006477,1,0
monthly_state_validated,2596,2021-10-08,2021-10-18,-0.0038006269617851,2021,2021-09-30,learned_market,20260911,0.8841800832116901,0.8841800832116901,1,0
monthly_state_validated,2601,2021-10-15,2021-10-25,0.0037358989621147,2021,2021-09-30,learned_market,20260911,0.808000302780614,0.808000302780614,1,1
monthly_state_validated,2606,2021-10-22,2021-11-01,-0.0127041632091318,2021,2021-09-30,learned_market,20260911,0.6012191405144072,0.6012191405144072,1,0
monthly_state_validated,2611,2021-10-29,2021-11-08,-0.0075807737801166,2021,2021-09-30,learned_market,20260911,0.8459495803183871,0.8459495803183871,1,0
monthly_state_ungated,2596,2021-10-08,2021-10-18,-0.0038006269617851,2021,2021-09-30,learned_market,20260911,0.8841800832116901,0.8841800832116901,1,0
monthly_state_ungated,2601,2021-10-15,2021-10-25,0.0037358989621147,2021,2021-09-30,learned_market,20260911,0.808000302780614,0.808000302780614,1,1
monthly_state_ungated,2606,2021-10-22,2021-11-01,-0.0127041632091318,2021,2021-09-30,learned_market,20260911,0.6012191405144072,0.6012191405144072,1,0
monthly_state_ungated,2611,2021-10-29,2021-11-08,-0.0075807737801166,2021,2021-09-30,learned_market,20260911,0.8459495803183871,0.8459495803183871,1,0
monthly_state_validated,2596,2021-10-08,2021-10-18,-0.0038006269617851,2021,2021-09-30,learned_market,20260912,0.6941559587516039,0.6941559587516039,1,0
monthly_state_validated,2601,2021-10-15,2021-10-25,0.0037358989621147,2021,2021-09-30,learned_market,20260912,0.5572300046897983,0.5572300046897983,1,1
monthly_state_validated,2606,2021-10-22,2021-11-01,-0.0127041632091318,2021,2021-09-30,learned_market,20260912,0.6299600436601378,0.6299600436601378,1,0
monthly_state_validated,2611,2021-10-29,2021-11-08,-0.0075807737801166,2021,2021-09-30,learned_market,20260912,0.464512357293061,0.464512357293061,0,0
monthly_state_ungated,2596,2021-10-08,2021-10-18,-0.0038006269617851,2021,2021-09-30,learned_market,20260912,0.6941559587516039,0.6941559587516039,1,0
monthly_state_ungated,2601,2021-10-15,2021-10-25,0.0037358989621147,2021,2021-09-30,learned_market,20260912,0.5572300046897983,0.5572300046897983,1,1
monthly_state_ungated,2606,2021-10-22,2021-11-01,-0.0127041632091318,2021,2021-09-30,learned_market,20260912,0.6299600436601378,0.6299600436601378,1,0
monthly_state_ungated,2611,2021-10-29,2021-11-08,-0.0075807737801166,2021,2021-09-30,learned_market,20260912,0.464512357293061,0.464512357293061,0,0
monthly_state_validated,2596,2021-10-08,2021-10-18,-0.0038006269617851,2021,2021-09-30,learned_vol_interaction,20260910,0.7389350198038485,0.7389350198038485,1,0
monthly_state_validated,2601,2021-10-15,2021-10-25,0.0037358989621147,2021,2021-09-30,learned_vol_interaction,20260910,0.7518254704320237,0.7518254704320237,1,1
monthly_state_validated,2606,2021-10-22,2021-11-01,-0.0127041632091318,2021,2021-09-30,learned_vol_interaction,20260910,0.5667069692887503,0.5667069692887503,1,0
monthly_state_validated,2611,2021-10-29,2021-11-08,-0.0075807737801166,2021,2021-09-30,learned_vol_interaction,20260910,0.5978906470541093,0.5978906470541093,1,0
monthly_state_ungated,2596,2021-10-08,2021-10-18,-0.0038006269617851,2021,2021-09-30,learned_vol_interaction,20260910,0.7389350198038485,0.7389350198038485,1,0
monthly_state_ungated,2601,2021-10-15,2021-10-25,0.0037358989621147,2021,2021-09-30,learned_vol_interaction,20260910,0.7518254704320237,0.7518254704320237,1,1
monthly_state_ungated,2606,2021-10-22,2021-11-01,-0.0127041632091318,2021,2021-09-30,learned_vol_interaction,20260910,0.5667069692887503,0.5667069692887503,1,0
monthly_state_ungated,2611,2021-10-29,2021-11-08,-0.0075807737801166,2021,2021-09-30,learned_vol_interaction,20260910,0.5978906470541093,0.5978906470541093,1,0
monthly_state_validated,2596,2021-10-08,2021-10-18,-0.0038006269617851,2021,2021-09-30,learned_vol_interaction,20260911,0.875333160760423,0.875333160760423,1,0
monthly_state_validated,2601,2021-10-15,2021-10-25,0.0037358989621147,2021,2021-09-30,learned_vol_interaction,20260911,0.8004373767510682,0.8004373767510682,1,1
monthly_state_validated,2606,2021-10-22,2021-11-01,-0.0127041632091318,2021,2021-09-30,learned_vol_interaction,20260911,0.5995948918940573,0.5995948918940573,1,0
monthly_state_validated,2611,2021-10-29,2021-11-08,-0.0075807737801166,2021,2021-09-30,learned_vol_interaction,20260911,0.8299973805985322,0.8299973805985322,1,0
monthly_state_ungated,2596,2021-10-08,2021-10-18,-0.0038006269617851,2021,2021-09-30,learned_vol_interaction,20260911,0.875333160760423,0.875333160760423,1,0
monthly_state_ungated,2601,2021-10-15,2021-10-25,0.0037358989621147,2021,2021-09-30,learned_vol_interaction,20260911,0.8004373767510682,0.8004373767510682,1,1
monthly_state_ungated,2606,2021-10-22,2021-11-01,-0.0127041632091318,2021,2021-09-30,learned_vol_interaction,20260911,0.5995948918940573,0.5995948918940573,1,0
monthly_state_ungated,2611,2021-10-29,2021-11-08,-0.0075807737801166,2021,2021-09-30,learned_vol_interaction,20260911,0.8299973805985322,0.8299973805985322,1,0
monthly_state_validated,2596,2021-10-08,2021-10-18,-0.0038006269617851,2021,2021-09-30,learned_vol_interaction,20260912,0.695102696328134,0.695102696328134,1,0
monthly_state_validated,2601,2021-10-15,2021-10-25,0.0037358989621147,2021,2021-09-30,learned_vol_interaction,20260912,0.5555453048521898,0.5555453048521898,1,1
monthly_state_validated,2606,2021-10-22,2021-11-01,-0.0127041632091318,2021,2021-09-30,learned_vol_interaction,20260912,0.6315277731833727,0.6315277731833727,1,0
monthly_state_validated,2611,2021-10-29,2021-11-08,-0.0075807737801166,2021,2021-09-30,learned_vol_interaction,20260912,0.46060481961428473,0.46060481961428473,0,0
monthly_state_ungated,2596,2021-10-08,2021-10-18,-0.0038006269617851,2021,2021-09-30,learned_vol_interaction,20260912,0.695102696328134,0.695102696328134,1,0
monthly_state_ungated,2601,2021-10-15,2021-10-25,0.0037358989621147,2021,2021-09-30,learned_vol_interaction,20260912,0.5555453048521898,0.5555453048521898,1,1
monthly_state_ungated,2606,2021-10-22,2021-11-01,-0.0127041632091318,2021,2021-09-30,learned_vol_interaction,20260912,0.6315277731833727,0.6315277731833727,1,0
monthly_state_ungated,2611,2021-10-29,2021-11-08,-0.0075807737801166,2021,2021-09-30,learned_vol_interaction,20260912,0.46060481961428473,0.46060481961428473,0,0
monthly_state_validated,2596,2021-10-08,2021-10-18,-0.0038006269617851,2021,2021-09-30,learned_order_extension,20260910,0.7561808318033095,0.7561808318033095,1,0
monthly_state_validated,2601,2021-10-15,2021-10-25,0.0037358989621147,2021,2021-09-30,learned_order_extension,20260910,0.7694557887920218,0.7694557887920218,1,1
monthly_state_validated,2606,2021-10-22,2021-11-01,-0.0127041632091318,2021,2021-09-30,learned_order_extension,20260910,0.5615338980352494,0.5615338980352494,1,0
monthly_state_validated,2611,2021-10-29,2021-11-08,-0.0075807737801166,2021,2021-09-30,learned_order_extension,20260910,0.6036504395848563,0.6036504395848563,1,0
monthly_state_ungated,2596,2021-10-08,2021-10-18,-0.0038006269617851,2021,2021-09-30,learned_order_extension,20260910,0.7561808318033095,0.7561808318033095,1,0
monthly_state_ungated,2601,2021-10-15,2021-10-25,0.0037358989621147,2021,2021-09-30,learned_order_extension,20260910,0.7694557887920218,0.7694557887920218,1,1
monthly_state_ungated,2606,2021-10-22,2021-11-01,-0.0127041632091318,2021,2021-09-30,learned_order_extension,20260910,0.5615338980352494,0.5615338980352494,1,0
monthly_state_ungated,2611,2021-10-29,2021-11-08,-0.0075807737801166,2021,2021-09-30,learned_order_extension,20260910,0.6036504395848563,0.6036504395848563,1,0
monthly_state_validated,2596,2021-10-08,2021-10-18,-0.0038006269617851,2021,2021-09-30,learned_order_extension,20260911,0.9147819069976973,0.9147819069976973,1,0
monthly_state_validated,2601,2021-10-15,2021-10-25,0.0037358989621147,2021,2021-09-30,learned_order_extension,20260911,0.8517574469574731,0.8517574469574731,1,1
monthly_state_validated,2606,2021-10-22,2021-11-01,-0.0127041632091318,2021,2021-09-30,learned_order_extension,20260911,0.6154285400261708,0.6154285400261708,1,0
monthly_state_validated,2611,2021-10-29,2021-11-08,-0.0075807737801166,2021,2021-09-30,learned_order_extension,20260911,0.8907785475547534,0.8907785475547534,1,0
monthly_state_ungated,2596,2021-10-08,2021-10-18,-0.0038006269617851,2021,2021-09-30,learned_order_extension,20260911,0.9147819069976973,0.9147819069976973,1,0
monthly_state_ungated,2601,2021-10-15,2021-10-25,0.0037358989621147,2021,2021-09-30,learned_order_extension,20260911,0.8517574469574731,0.8517574469574731,1,1
monthly_state_ungated,2606,2021-10-22,2021-11-01,-0.0127041632091318,2021,2021-09-30,learned_order_extension,20260911,0.6154285400261708,0.6154285400261708,1,0
monthly_state_ungated,2611,2021-10-29,2021-11-08,-0.0075807737801166,2021,2021-09-30,learned_order_extension,20260911,0.8907785475547534,0.8907785475547534,1,0
monthly_state_validated,2596,2021-10-08,2021-10-18,-0.0038006269617851,2021,2021-09-30,learned_order_extension,20260912,0.6977983653498382,0.6977983653498382,1,0
monthly_state_validated,2601,2021-10-15,2021-10-25,0.0037358989621147,2021,2021-09-30,learned_order_extension,20260912,0.5511774737639048,0.5511774737639048,1,1
monthly_state_validated,2606,2021-10-22,2021-11-01,-0.0127041632091318,2021,2021-09-30,learned_order_extension,20260912,0.6314497295780248,0.6314497295780248,1,0
monthly_state_validated,2611,2021-10-29,2021-11-08,-0.0075807737801166,2021,2021-09-30,learned_order_extension,20260912,0.4555702872833959,0.4555702872833959,0,0
monthly_state_ungated,2596,2021-10-08,2021-10-18,-0.0038006269617851,2021,2021-09-30,learned_order_extension,20260912,0.6977983653498382,0.6977983653498382,1,0
monthly_state_ungated,2601,2021-10-15,2021-10-25,0.0037358989621147,2021,2021-09-30,learned_order_extension,20260912,0.5511774737639048,0.5511774737639048,1,1
monthly_state_ungated,2606,2021-10-22,2021-11-01,-0.0127041632091318,2021,2021-09-30,learned_order_extension,20260912,0.6314497295780248,0.6314497295780248,1,0
monthly_state_ungated,2611,2021-10-29,2021-11-08,-0.0075807737801166,2021,2021-09-30,learned_order_extension,20260912,0.4555702872833959,0.4555702872833959,0,0
monthly_state_validated,2596,2021-10-08,2021-10-18,-0.0038006269617851,2021,2021-09-30,learned_order_offset,20260910,0.7558117307103386,0.7558117307103386,1,0
monthly_state_validated,2601,2021-10-15,2021-10-25,0.0037358989621147,2021,2021-09-30,learned_order_offset,20260910,0.7689767891616536,0.7689767891616536,1,1
monthly_state_validated,2606,2021-10-22,2021-11-01,-0.0127041632091318,2021,2021-09-30,learned_order_offset,20260910,0.5615967587205846,0.5615967587205846,1,0
monthly_state_validated,2611,2021-10-29,2021-11-08,-0.0075807737801166,2021,2021-09-30,learned_order_offset,20260910,0.6034269345495461,0.6034269345495461,1,0
monthly_state_ungated,2596,2021-10-08,2021-10-18,-0.0038006269617851,2021,2021-09-30,learned_order_offset,20260910,0.7558117307103386,0.7558117307103386,1,0
monthly_state_ungated,2601,2021-10-15,2021-10-25,0.0037358989621147,2021,2021-09-30,learned_order_offset,20260910,0.7689767891616536,0.7689767891616536,1,1
monthly_state_ungated,2606,2021-10-22,2021-11-01,-0.0127041632091318,2021,2021-09-30,learned_order_offset,20260910,0.5615967587205846,0.5615967587205846,1,0
monthly_state_ungated,2611,2021-10-29,2021-11-08,-0.0075807737801166,2021,2021-09-30,learned_order_offset,20260910,0.6034269345495461,0.6034269345495461,1,0
monthly_state_validated,2596,2021-10-08,2021-10-18,-0.0038006269617851,2021,2021-09-30,learned_order_offset,20260911,0.9142972109372612,0.9142972109372612,1,0
monthly_state_validated,2601,2021-10-15,2021-10-25,0.0037358989621147,2021,2021-09-30,learned_order_offset,20260911,0.8514946837763709,0.8514946837763709,1,1
monthly_state_validated,2606,2021-10-22,2021-11-01,-0.0127041632091318,2021,2021-09-30,learned_order_offset,20260911,0.6153835261273471,0.6153835261273471,1,0
monthly_state_validated,2611,2021-10-29,2021-11-08,-0.0075807737801166,2021,2021-09-30,learned_order_offset,20260911,0.8905919911114152,0.8905919911114152,1,0
monthly_state_ungated,2596,2021-10-08,2021-10-18,-0.0038006269617851,2021,2021-09-30,learned_order_offset,20260911,0.9142972109372612,0.9142972109372612,1,0
monthly_state_ungated,2601,2021-10-15,2021-10-25,0.0037358989621147,2021,2021-09-30,learned_order_offset,20260911,0.8514946837763709,0.8514946837763709,1,1
monthly_state_ungated,2606,2021-10-22,2021-11-01,-0.0127041632091318,2021,2021-09-30,learned_order_offset,20260911,0.6153835261273471,0.6153835261273471,1,0
monthly_state_ungated,2611,2021-10-29,2021-11-08,-0.0075807737801166,2021,2021-09-30,learned_order_offset,20260911,0.8905919911114152,0.8905919911114152,1,0
monthly_state_validated,2596,2021-10-08,2021-10-18,-0.0038006269617851,2021,2021-09-30,learned_order_offset,20260912,0.6979478393130971,0.6979478393130971,1,0
monthly_state_validated,2601,2021-10-15,2021-10-25,0.0037358989621147,2021,2021-09-30,learned_order_offset,20260912,0.5509092482748328,0.5509092482748328,1,1
monthly_state_validated,2606,2021-10-22,2021-11-01,-0.0127041632091318,2021,2021-09-30,learned_order_offset,20260912,0.6314800730261438,0.6314800730261438,1,0
monthly_state_validated,2611,2021-10-29,2021-11-08,-0.0075807737801166,2021,2021-09-30,learned_order_offset,20260912,0.4556342209286503,0.4556342209286503,0,0
monthly_state_ungated,2596,2021-10-08,2021-10-18,-0.0038006269617851,2021,2021-09-30,learned_order_offset,20260912,0.6979478393130971,0.6979478393130971,1,0
monthly_state_ungated,2601,2021-10-15,2021-10-25,0.0037358989621147,2021,2021-09-30,learned_order_offset,20260912,0.5509092482748328,0.5509092482748328,1,1
monthly_state_ungated,2606,2021-10-22,2021-11-01,-0.0127041632091318,2021,2021-09-30,learned_order_offset,20260912,0.6314800730261438,0.6314800730261438,1,0
monthly_state_ungated,2611,2021-10-29,2021-11-08,-0.0075807737801166,2021,2021-09-30,learned_order_offset,20260912,0.4556342209286503,0.4556342209286503,0,0
monthly_state_validated,2616,2021-11-05,2021-11-15,0.0110015182343039,2021,2021-10-31,learned_market,20260910,0.6566176820686879,0.6566176820686879,1,1
monthly_state_validated,2621,2021-11-12,2021-11-22,0.0002002284238551,2021,2021-10-31,learned_market,20260910,0.7459419474434704,0.7459419474434704,1,1
monthly_state_validated,2626,2021-11-19,2021-11-29,-0.0153981603100059,2021,2021-10-31,learned_market,20260910,0.7859013728177604,0.7859013728177604,1,0
monthly_state_validated,2631,2021-11-26,2021-12-06,0.0185518287306458,2021,2021-10-31,learned_market,20260910,0.679954560670936,0.679954560670936,1,1
monthly_state_ungated,2616,2021-11-05,2021-11-15,0.0110015182343039,2021,2021-10-31,learned_market,20260910,0.6566176820686879,0.6566176820686879,1,1
monthly_state_ungated,2621,2021-11-12,2021-11-22,0.0002002284238551,2021,2021-10-31,learned_market,20260910,0.7459419474434704,0.7459419474434704,1,1
monthly_state_ungated,2626,2021-11-19,2021-11-29,-0.0153981603100059,2021,2021-10-31,learned_market,20260910,0.7859013728177604,0.7859013728177604,1,0
monthly_state_ungated,2631,2021-11-26,2021-12-06,0.0185518287306458,2021,2021-10-31,learned_market,20260910,0.679954560670936,0.679954560670936,1,1
monthly_state_validated,2616,2021-11-05,2021-11-15,0.0110015182343039,2021,2021-10-31,learned_market,20260911,0.7615166605786978,0.7615166605786978,1,1
monthly_state_validated,2621,2021-11-12,2021-11-22,0.0002002284238551,2021,2021-10-31,learned_market,20260911,0.8358507607737684,0.8358507607737684,1,1
monthly_state_validated,2626,2021-11-19,2021-11-29,-0.0153981603100059,2021,2021-10-31,learned_market,20260911,0.7375348414146127,0.7375348414146127,1,0
monthly_state_validated,2631,2021-11-26,2021-12-06,0.0185518287306458,2021,2021-10-31,learned_market,20260911,0.8422699714267883,0.8422699714267883,1,1
monthly_state_ungated,2616,2021-11-05,2021-11-15,0.0110015182343039,2021,2021-10-31,learned_market,20260911,0.7615166605786978,0.7615166605786978,1,1
monthly_state_ungated,2621,2021-11-12,2021-11-22,0.0002002284238551,2021,2021-10-31,learned_market,20260911,0.8358507607737684,0.8358507607737684,1,1
monthly_state_ungated,2626,2021-11-19,2021-11-29,-0.0153981603100059,2021,2021-10-31,learned_market,20260911,0.7375348414146127,0.7375348414146127,1,0
monthly_state_ungated,2631,2021-11-26,2021-12-06,0.0185518287306458,2021,2021-10-31,learned_market,20260911,0.8422699714267883,0.8422699714267883,1,1
monthly_state_validated,2616,2021-11-05,2021-11-15,0.0110015182343039,2021,2021-10-31,learned_market,20260912,0.508116852058366,0.508116852058366,1,1
monthly_state_validated,2621,2021-11-12,2021-11-22,0.0002002284238551,2021,2021-10-31,learned_market,20260912,0.6443350708781979,0.6443350708781979,1,1
monthly_state_validated,2626,2021-11-19,2021-11-29,-0.0153981603100059,2021,2021-10-31,learned_market,20260912,0.6693433688568049,0.6693433688568049,1,0
monthly_state_validated,2631,2021-11-26,2021-12-06,0.0185518287306458,2021,2021-10-31,learned_market,20260912,0.4564357929986235,0.4564357929986235,0,1
monthly_state_ungated,2616,2021-11-05,2021-11-15,0.0110015182343039,2021,2021-10-31,learned_market,20260912,0.508116852058366,0.508116852058366,1,1
monthly_state_ungated,2621,2021-11-12,2021-11-22,0.0002002284238551,2021,2021-10-31,learned_market,20260912,0.6443350708781979,0.6443350708781979,1,1
monthly_state_ungated,2626,2021-11-19,2021-11-29,-0.0153981603100059,2021,2021-10-31,learned_market,20260912,0.6693433688568049,0.6693433688568049,1,0
monthly_state_ungated,2631,2021-11-26,2021-12-06,0.0185518287306458,2021,2021-10-31,learned_market,20260912,0.4564357929986235,0.4564357929986235,0,1
monthly_state_validated,2616,2021-11-05,2021-11-15,0.0110015182343039,2021,2021-10-31,learned_vol_interaction,20260910,0.7049509607400938,0.7049509607400938,1,1
monthly_state_validated,2621,2021-11-12,2021-11-22,0.0002002284238551,2021,2021-10-31,learned_vol_interaction,20260910,0.7921347100152616,0.7921347100152616,1,1
monthly_state_validated,2626,2021-11-19,2021-11-29,-0.0153981603100059,2021,2021-10-31,learned_vol_interaction,20260910,0.8444124098063084,0.8444124098063084,1,0
monthly_state_validated,2631,2021-11-26,2021-12-06,0.0185518287306458,2021,2021-10-31,learned_vol_interaction,20260910,0.7462862952782527,0.7462862952782527,1,1
monthly_state_ungated,2616,2021-11-05,2021-11-15,0.0110015182343039,2021,2021-10-31,learned_vol_interaction,20260910,0.7049509607400938,0.7049509607400938,1,1
monthly_state_ungated,2621,2021-11-12,2021-11-22,0.0002002284238551,2021,2021-10-31,learned_vol_interaction,20260910,0.7921347100152616,0.7921347100152616,1,1
monthly_state_ungated,2626,2021-11-19,2021-11-29,-0.0153981603100059,2021,2021-10-31,learned_vol_interaction,20260910,0.8444124098063084,0.8444124098063084,1,0
monthly_state_ungated,2631,2021-11-26,2021-12-06,0.0185518287306458,2021,2021-10-31,learned_vol_interaction,20260910,0.7462862952782527,0.7462862952782527,1,1
monthly_state_validated,2616,2021-11-05,2021-11-15,0.0110015182343039,2021,2021-10-31,learned_vol_interaction,20260911,0.7454576562803179,0.7454576562803179,1,1
monthly_state_validated,2621,2021-11-12,2021-11-22,0.0002002284238551,2021,2021-10-31,learned_vol_interaction,20260911,0.8210682676498052,0.8210682676498052,1,1
monthly_state_validated,2626,2021-11-19,2021-11-29,-0.0153981603100059,2021,2021-10-31,learned_vol_interaction,20260911,0.7379015555048399,0.7379015555048399,1,0
monthly_state_validated,2631,2021-11-26,2021-12-06,0.0185518287306458,2021,2021-10-31,learned_vol_interaction,20260911,0.8181276512073538,0.8181276512073538,1,1
monthly_state_ungated,2616,2021-11-05,2021-11-15,0.0110015182343039,2021,2021-10-31,learned_vol_interaction,20260911,0.7454576562803179,0.7454576562803179,1,1
monthly_state_ungated,2621,2021-11-12,2021-11-22,0.0002002284238551,2021,2021-10-31,learned_vol_interaction,20260911,0.8210682676498052,0.8210682676498052,1,1
monthly_state_ungated,2626,2021-11-19,2021-11-29,-0.0153981603100059,2021,2021-10-31,learned_vol_interaction,20260911,0.7379015555048399,0.7379015555048399,1,0
monthly_state_ungated,2631,2021-11-26,2021-12-06,0.0185518287306458,2021,2021-10-31,learned_vol_interaction,20260911,0.8181276512073538,0.8181276512073538,1,1
monthly_state_validated,2616,2021-11-05,2021-11-15,0.0110015182343039,2021,2021-10-31,learned_vol_interaction,20260912,0.5028238020220486,0.5028238020220486,1,1
monthly_state_validated,2621,2021-11-12,2021-11-22,0.0002002284238551,2021,2021-10-31,learned_vol_interaction,20260912,0.6449850400218169,0.6449850400218169,1,1
monthly_state_validated,2626,2021-11-19,2021-11-29,-0.0153981603100059,2021,2021-10-31,learned_vol_interaction,20260912,0.6701888269993593,0.6701888269993593,1,0
monthly_state_validated,2631,2021-11-26,2021-12-06,0.0185518287306458,2021,2021-10-31,learned_vol_interaction,20260912,0.45043317964934776,0.45043317964934776,0,1
monthly_state_ungated,2616,2021-11-05,2021-11-15,0.0110015182343039,2021,2021-10-31,learned_vol_interaction,20260912,0.5028238020220486,0.5028238020220486,1,1
monthly_state_ungated,2621,2021-11-12,2021-11-22,0.0002002284238551,2021,2021-10-31,learned_vol_interaction,20260912,0.6449850400218169,0.6449850400218169,1,1
monthly_state_ungated,2626,2021-11-19,2021-11-29,-0.0153981603100059,2021,2021-10-31,learned_vol_interaction,20260912,0.6701888269993593,0.6701888269993593,1,0
monthly_state_ungated,2631,2021-11-26,2021-12-06,0.0185518287306458,2021,2021-10-31,learned_vol_interaction,20260912,0.45043317964934776,0.45043317964934776,0,1
monthly_state_validated,2616,2021-11-05,2021-11-15,0.0110015182343039,2021,2021-10-31,learned_order_extension,20260910,0.7240099906328699,0.7240099906328699,1,1
monthly_state_validated,2621,2021-11-12,2021-11-22,0.0002002284238551,2021,2021-10-31,learned_order_extension,20260910,0.8323347557675079,0.8323347557675079,1,1
monthly_state_validated,2626,2021-11-19,2021-11-29,-0.0153981603100059,2021,2021-10-31,learned_order_extension,20260910,0.8873632409726487,0.8873632409726487,1,0
monthly_state_validated,2631,2021-11-26,2021-12-06,0.0185518287306458,2021,2021-10-31,learned_order_extension,20260910,0.7750880996921731,0.7750880996921731,1,1
monthly_state_ungated,2616,2021-11-05,2021-11-15,0.0110015182343039,2021,2021-10-31,learned_order_extension,20260910,0.7240099906328699,0.7240099906328699,1,1
monthly_state_ungated,2621,2021-11-12,2021-11-22,0.0002002284238551,2021,2021-10-31,learned_order_extension,20260910,0.8323347557675079,0.8323347557675079,1,1
monthly_state_ungated,2626,2021-11-19,2021-11-29,-0.0153981603100059,2021,2021-10-31,learned_order_extension,20260910,0.8873632409726487,0.8873632409726487,1,0
monthly_state_ungated,2631,2021-11-26,2021-12-06,0.0185518287306458,2021,2021-10-31,learned_order_extension,20260910,0.7750880996921731,0.7750880996921731,1,1
monthly_state_validated,2616,2021-11-05,2021-11-15,0.0110015182343039,2021,2021-10-31,learned_order_extension,20260911,0.7990810555097849,0.7990810555097849,1,1
monthly_state_validated,2621,2021-11-12,2021-11-22,0.0002002284238551,2021,2021-10-31,learned_order_extension,20260911,0.8960874331639135,0.8960874331639135,1,1
monthly_state_validated,2626,2021-11-19,2021-11-29,-0.0153981603100059,2021,2021-10-31,learned_order_extension,20260911,0.8006062899104016,0.8006062899104016,1,0
monthly_state_validated,2631,2021-11-26,2021-12-06,0.0185518287306458,2021,2021-10-31,learned_order_extension,20260911,0.893587178645622,0.893587178645622,1,1
monthly_state_ungated,2616,2021-11-05,2021-11-15,0.0110015182343039,2021,2021-10-31,learned_order_extension,20260911,0.7990810555097849,0.7990810555097849,1,1
monthly_state_ungated,2621,2021-11-12,2021-11-22,0.0002002284238551,2021,2021-10-31,learned_order_extension,20260911,0.8960874331639135,0.8960874331639135,1,1
monthly_state_ungated,2626,2021-11-19,2021-11-29,-0.0153981603100059,2021,2021-10-31,learned_order_extension,20260911,0.8006062899104016,0.8006062899104016,1,0
monthly_state_ungated,2631,2021-11-26,2021-12-06,0.0185518287306458,2021,2021-10-31,learned_order_extension,20260911,0.893587178645622,0.893587178645622,1,1
monthly_state_validated,2616,2021-11-05,2021-11-15,0.0110015182343039,2021,2021-10-31,learned_order_extension,20260912,0.49440987235614653,0.49440987235614653,0,1
monthly_state_validated,2621,2021-11-12,2021-11-22,0.0002002284238551,2021,2021-10-31,learned_order_extension,20260912,0.6457846168027762,0.6457846168027762,1,1
monthly_state_validated,2626,2021-11-19,2021-11-29,-0.0153981603100059,2021,2021-10-31,learned_order_extension,20260912,0.6758557957877199,0.6758557957877199,1,0
monthly_state_validated,2631,2021-11-26,2021-12-06,0.0185518287306458,2021,2021-10-31,learned_order_extension,20260912,0.43384934218808535,0.43384934218808535,0,1
monthly_state_ungated,2616,2021-11-05,2021-11-15,0.0110015182343039,2021,2021-10-31,learned_order_extension,20260912,0.49440987235614653,0.49440987235614653,0,1
monthly_state_ungated,2621,2021-11-12,2021-11-22,0.0002002284238551,2021,2021-10-31,learned_order_extension,20260912,0.6457846168027762,0.6457846168027762,1,1
monthly_state_ungated,2626,2021-11-19,2021-11-29,-0.0153981603100059,2021,2021-10-31,learned_order_extension,20260912,0.6758557957877199,0.6758557957877199,1,0
monthly_state_ungated,2631,2021-11-26,2021-12-06,0.0185518287306458,2021,2021-10-31,learned_order_extension,20260912,0.43384934218808535,0.43384934218808535,0,1
monthly_state_validated,2616,2021-11-05,2021-11-15,0.0110015182343039,2021,2021-10-31,learned_order_offset,20260910,0.7234699294457386,0.7234699294457386,1,1
monthly_state_validated,2621,2021-11-12,2021-11-22,0.0002002284238551,2021,2021-10-31,learned_order_offset,20260910,0.8319926561058519,0.8319926561058519,1,1
monthly_state_validated,2626,2021-11-19,2021-11-29,-0.0153981603100059,2021,2021-10-31,learned_order_offset,20260910,0.887309504410544,0.887309504410544,1,0
monthly_state_validated,2631,2021-11-26,2021-12-06,0.0185518287306458,2021,2021-10-31,learned_order_offset,20260910,0.7746760492907543,0.7746760492907543,1,1
monthly_state_ungated,2616,2021-11-05,2021-11-15,0.0110015182343039,2021,2021-10-31,learned_order_offset,20260910,0.7234699294457386,0.7234699294457386,1,1
monthly_state_ungated,2621,2021-11-12,2021-11-22,0.0002002284238551,2021,2021-10-31,learned_order_offset,20260910,0.8319926561058519,0.8319926561058519,1,1
monthly_state_ungated,2626,2021-11-19,2021-11-29,-0.0153981603100059,2021,2021-10-31,learned_order_offset,20260910,0.887309504410544,0.887309504410544,1,0
monthly_state_ungated,2631,2021-11-26,2021-12-06,0.0185518287306458,2021,2021-10-31,learned_order_offset,20260910,0.7746760492907543,0.7746760492907543,1,1
monthly_state_validated,2616,2021-11-05,2021-11-15,0.0110015182343039,2021,2021-10-31,learned_order_offset,20260911,0.7978265534432464,0.7978265534432464,1,1
monthly_state_validated,2621,2021-11-12,2021-11-22,0.0002002284238551,2021,2021-10-31,learned_order_offset,20260911,0.8952774170529411,0.8952774170529411,1,1
monthly_state_validated,2626,2021-11-19,2021-11-29,-0.0153981603100059,2021,2021-10-31,learned_order_offset,20260911,0.7999840840098098,0.7999840840098098,1,0
monthly_state_validated,2631,2021-11-26,2021-12-06,0.0185518287306458,2021,2021-10-31,learned_order_offset,20260911,0.8929926071982257,0.8929926071982257,1,1
monthly_state_ungated,2616,2021-11-05,2021-11-15,0.0110015182343039,2021,2021-10-31,learned_order_offset,20260911,0.7978265534432464,0.7978265534432464,1,1
monthly_state_ungated,2621,2021-11-12,2021-11-22,0.0002002284238551,2021,2021-10-31,learned_order_offset,20260911,0.8952774170529411,0.8952774170529411,1,1
monthly_state_ungated,2626,2021-11-19,2021-11-29,-0.0153981603100059,2021,2021-10-31,learned_order_offset,20260911,0.7999840840098098,0.7999840840098098,1,0
monthly_state_ungated,2631,2021-11-26,2021-12-06,0.0185518287306458,2021,2021-10-31,learned_order_offset,20260911,0.8929926071982257,0.8929926071982257,1,1
monthly_state_validated,2616,2021-11-05,2021-11-15,0.0110015182343039,2021,2021-10-31,learned_order_offset,20260912,0.4943242193979672,0.4943242193979672,0,1
monthly_state_validated,2621,2021-11-12,2021-11-22,0.0002002284238551,2021,2021-10-31,learned_order_offset,20260912,0.6453907944726573,0.6453907944726573,1,1
monthly_state_validated,2626,2021-11-19,2021-11-29,-0.0153981603100059,2021,2021-10-31,learned_order_offset,20260912,0.6755480100450049,0.6755480100450049,1,0
monthly_state_validated,2631,2021-11-26,2021-12-06,0.0185518287306458,2021,2021-10-31,learned_order_offset,20260912,0.433749464940142,0.433749464940142,0,1
monthly_state_ungated,2616,2021-11-05,2021-11-15,0.0110015182343039,2021,2021-10-31,learned_order_offset,20260912,0.4943242193979672,0.4943242193979672,0,1
monthly_state_ungated,2621,2021-11-12,2021-11-22,0.0002002284238551,2021,2021-10-31,learned_order_offset,20260912,0.6453907944726573,0.6453907944726573,1,1
monthly_state_ungated,2626,2021-11-19,2021-11-29,-0.0153981603100059,2021,2021-10-31,learned_order_offset,20260912,0.6755480100450049,0.6755480100450049,1,0
monthly_state_ungated,2631,2021-11-26,2021-12-06,0.0185518287306458,2021,2021-10-31,learned_order_offset,20260912,0.433749464940142,0.433749464940142,0,1
monthly_state_validated,2636,2021-12-03,2021-12-13,0.0367843110096284,2021,2021-11-30,learned_market,20260910,0.6823399841098169,0.6823399841098169,1,1
monthly_state_validated,2641,2021-12-10,2021-12-20,-0.0304615698955996,2021,2021-11-30,learned_market,20260910,0.6068383170365979,0.6068383170365979,1,0
monthly_state_validated,2646,2021-12-17,2021-12-27,-0.0034083287233763,2021,2021-11-30,learned_market,20260910,0.7177286585161153,0.7177286585161153,1,0
monthly_state_validated,2651,2021-12-24,2022-01-04,0.0080985736506613,2021,2021-11-30,learned_market,20260910,0.7527245234710195,0.7527245234710195,1,1
monthly_state_validated,2656,2021-12-31,2022-01-10,-0.0293970528320001,2021,2021-11-30,learned_market,20260910,0.7407762805267725,0.7407762805267725,1,0
monthly_state_ungated,2636,2021-12-03,2021-12-13,0.0367843110096284,2021,2021-11-30,learned_market,20260910,0.6823399841098169,0.6823399841098169,1,1
monthly_state_ungated,2641,2021-12-10,2021-12-20,-0.0304615698955996,2021,2021-11-30,learned_market,20260910,0.6068383170365979,0.6068383170365979,1,0
monthly_state_ungated,2646,2021-12-17,2021-12-27,-0.0034083287233763,2021,2021-11-30,learned_market,20260910,0.7177286585161153,0.7177286585161153,1,0
monthly_state_ungated,2651,2021-12-24,2022-01-04,0.0080985736506613,2021,2021-11-30,learned_market,20260910,0.7527245234710195,0.7527245234710195,1,1
monthly_state_ungated,2656,2021-12-31,2022-01-10,-0.0293970528320001,2021,2021-11-30,learned_market,20260910,0.7407762805267725,0.7407762805267725,1,0
monthly_state_validated,2636,2021-12-03,2021-12-13,0.0367843110096284,2021,2021-11-30,learned_market,20260911,0.651184941553755,0.651184941553755,1,1
monthly_state_validated,2641,2021-12-10,2021-12-20,-0.0304615698955996,2021,2021-11-30,learned_market,20260911,0.65987980276308,0.65987980276308,1,0
monthly_state_validated,2646,2021-12-17,2021-12-27,-0.0034083287233763,2021,2021-11-30,learned_market,20260911,0.8092775433852759,0.8092775433852759,1,0
monthly_state_validated,2651,2021-12-24,2022-01-04,0.0080985736506613,2021,2021-11-30,learned_market,20260911,0.6585163511207842,0.6585163511207842,1,1
monthly_state_validated,2656,2021-12-31,2022-01-10,-0.0293970528320001,2021,2021-11-30,learned_market,20260911,0.8164002048089696,0.8164002048089696,1,0
monthly_state_ungated,2636,2021-12-03,2021-12-13,0.0367843110096284,2021,2021-11-30,learned_market,20260911,0.651184941553755,0.651184941553755,1,1
monthly_state_ungated,2641,2021-12-10,2021-12-20,-0.0304615698955996,2021,2021-11-30,learned_market,20260911,0.65987980276308,0.65987980276308,1,0
monthly_state_ungated,2646,2021-12-17,2021-12-27,-0.0034083287233763,2021,2021-11-30,learned_market,20260911,0.8092775433852759,0.8092775433852759,1,0
monthly_state_ungated,2651,2021-12-24,2022-01-04,0.0080985736506613,2021,2021-11-30,learned_market,20260911,0.6585163511207842,0.6585163511207842,1,1
monthly_state_ungated,2656,2021-12-31,2022-01-10,-0.0293970528320001,2021,2021-11-30,learned_market,20260911,0.8164002048089696,0.8164002048089696,1,0
monthly_state_validated,2636,2021-12-03,2021-12-13,0.0367843110096284,2021,2021-11-30,learned_market,20260912,0.41978771600214365,0.41978771600214365,0,1
monthly_state_validated,2641,2021-12-10,2021-12-20,-0.0304615698955996,2021,2021-11-30,learned_market,20260912,0.6271976821534841,0.6271976821534841,1,0
monthly_state_validated,2646,2021-12-17,2021-12-27,-0.0034083287233763,2021,2021-11-30,learned_market,20260912,0.6038032181672566,0.6038032181672566,1,0
monthly_state_validated,2651,2021-12-24,2022-01-04,0.0080985736506613,2021,2021-11-30,learned_market,20260912,0.46482306192949696,0.46482306192949696,0,1
monthly_state_validated,2656,2021-12-31,2022-01-10,-0.0293970528320001,2021,2021-11-30,learned_market,20260912,0.6466363276154498,0.6466363276154498,1,0
monthly_state_ungated,2636,2021-12-03,2021-12-13,0.0367843110096284,2021,2021-11-30,learned_market,20260912,0.41978771600214365,0.41978771600214365,0,1
monthly_state_ungated,2641,2021-12-10,2021-12-20,-0.0304615698955996,2021,2021-11-30,learned_market,20260912,0.6271976821534841,0.6271976821534841,1,0
monthly_state_ungated,2646,2021-12-17,2021-12-27,-0.0034083287233763,2021,2021-11-30,learned_market,20260912,0.6038032181672566,0.6038032181672566,1,0
monthly_state_ungated,2651,2021-12-24,2022-01-04,0.0080985736506613,2021,2021-11-30,learned_market,20260912,0.46482306192949696,0.46482306192949696,0,1
monthly_state_ungated,2656,2021-12-31,2022-01-10,-0.0293970528320001,2021,2021-11-30,learned_market,20260912,0.6466363276154498,0.6466363276154498,1,0
monthly_state_validated,2636,2021-12-03,2021-12-13,0.0367843110096284,2021,2021-11-30,learned_vol_interaction,20260910,0.7334407137174276,0.7334407137174276,1,1
monthly_state_validated,2641,2021-12-10,2021-12-20,-0.0304615698955996,2021,2021-11-30,learned_vol_interaction,20260910,0.6381604092645059,0.6381604092645059,1,0
monthly_state_validated,2646,2021-12-17,2021-12-27,-0.0034083287233763,2021,2021-11-30,learned_vol_interaction,20260910,0.7623862004352224,0.7623862004352224,1,0
monthly_state_validated,2651,2021-12-24,2022-01-04,0.0080985736506613,2021,2021-11-30,learned_vol_interaction,20260910,0.801892985798022,0.801892985798022,1,1
monthly_state_validated,2656,2021-12-31,2022-01-10,-0.0293970528320001,2021,2021-11-30,learned_vol_interaction,20260910,0.7781175029999812,0.7781175029999812,1,0
monthly_state_ungated,2636,2021-12-03,2021-12-13,0.0367843110096284,2021,2021-11-30,learned_vol_interaction,20260910,0.7334407137174276,0.7334407137174276,1,1
monthly_state_ungated,2641,2021-12-10,2021-12-20,-0.0304615698955996,2021,2021-11-30,learned_vol_interaction,20260910,0.6381604092645059,0.6381604092645059,1,0
monthly_state_ungated,2646,2021-12-17,2021-12-27,-0.0034083287233763,2021,2021-11-30,learned_vol_interaction,20260910,0.7623862004352224,0.7623862004352224,1,0
monthly_state_ungated,2651,2021-12-24,2022-01-04,0.0080985736506613,2021,2021-11-30,learned_vol_interaction,20260910,0.801892985798022,0.801892985798022,1,1
monthly_state_ungated,2656,2021-12-31,2022-01-10,-0.0293970528320001,2021,2021-11-30,learned_vol_interaction,20260910,0.7781175029999812,0.7781175029999812,1,0
monthly_state_validated,2636,2021-12-03,2021-12-13,0.0367843110096284,2021,2021-11-30,learned_vol_interaction,20260911,0.6331433744995425,0.6331433744995425,1,1
monthly_state_validated,2641,2021-12-10,2021-12-20,-0.0304615698955996,2021,2021-11-30,learned_vol_interaction,20260911,0.6422061841446076,0.6422061841446076,1,0
monthly_state_validated,2646,2021-12-17,2021-12-27,-0.0034083287233763,2021,2021-11-30,learned_vol_interaction,20260911,0.7937547176618065,0.7937547176618065,1,0
monthly_state_validated,2651,2021-12-24,2022-01-04,0.0080985736506613,2021,2021-11-30,learned_vol_interaction,20260911,0.6518706715070531,0.6518706715070531,1,1
monthly_state_validated,2656,2021-12-31,2022-01-10,-0.0293970528320001,2021,2021-11-30,learned_vol_interaction,20260911,0.8048743420145822,0.8048743420145822,1,0
monthly_state_ungated,2636,2021-12-03,2021-12-13,0.0367843110096284,2021,2021-11-30,learned_vol_interaction,20260911,0.6331433744995425,0.6331433744995425,1,1
monthly_state_ungated,2641,2021-12-10,2021-12-20,-0.0304615698955996,2021,2021-11-30,learned_vol_interaction,20260911,0.6422061841446076,0.6422061841446076,1,0
monthly_state_ungated,2646,2021-12-17,2021-12-27,-0.0034083287233763,2021,2021-11-30,learned_vol_interaction,20260911,0.7937547176618065,0.7937547176618065,1,0
monthly_state_ungated,2651,2021-12-24,2022-01-04,0.0080985736506613,2021,2021-11-30,learned_vol_interaction,20260911,0.6518706715070531,0.6518706715070531,1,1
monthly_state_ungated,2656,2021-12-31,2022-01-10,-0.0293970528320001,2021,2021-11-30,learned_vol_interaction,20260911,0.8048743420145822,0.8048743420145822,1,0
monthly_state_validated,2636,2021-12-03,2021-12-13,0.0367843110096284,2021,2021-11-30,learned_vol_interaction,20260912,0.41071461893066585,0.41071461893066585,0,1
monthly_state_validated,2641,2021-12-10,2021-12-20,-0.0304615698955996,2021,2021-11-30,learned_vol_interaction,20260912,0.6266555065384815,0.6266555065384815,1,0
monthly_state_validated,2646,2021-12-17,2021-12-27,-0.0034083287233763,2021,2021-11-30,learned_vol_interaction,20260912,0.6026505934203981,0.6026505934203981,1,0
monthly_state_validated,2651,2021-12-24,2022-01-04,0.0080985736506613,2021,2021-11-30,learned_vol_interaction,20260912,0.46036515762682995,0.46036515762682995,0,1
monthly_state_validated,2656,2021-12-31,2022-01-10,-0.0293970528320001,2021,2021-11-30,learned_vol_interaction,20260912,0.6445590390816363,0.6445590390816363,1,0
monthly_state_ungated,2636,2021-12-03,2021-12-13,0.0367843110096284,2021,2021-11-30,learned_vol_interaction,20260912,0.41071461893066585,0.41071461893066585,0,1
monthly_state_ungated,2641,2021-12-10,2021-12-20,-0.0304615698955996,2021,2021-11-30,learned_vol_interaction,20260912,0.6266555065384815,0.6266555065384815,1,0
monthly_state_ungated,2646,2021-12-17,2021-12-27,-0.0034083287233763,2021,2021-11-30,learned_vol_interaction,20260912,0.6026505934203981,0.6026505934203981,1,0
monthly_state_ungated,2651,2021-12-24,2022-01-04,0.0080985736506613,2021,2021-11-30,learned_vol_interaction,20260912,0.46036515762682995,0.46036515762682995,0,1
monthly_state_ungated,2656,2021-12-31,2022-01-10,-0.0293970528320001,2021,2021-11-30,learned_vol_interaction,20260912,0.6445590390816363,0.6445590390816363,1,0
monthly_state_validated,2636,2021-12-03,2021-12-13,0.0367843110096284,2021,2021-11-30,learned_order_extension,20260910,0.7534897898811092,0.7534897898811092,1,1
monthly_state_validated,2641,2021-12-10,2021-12-20,-0.0304615698955996,2021,2021-11-30,learned_order_extension,20260910,0.6528475687663766,0.6528475687663766,1,0
monthly_state_validated,2646,2021-12-17,2021-12-27,-0.0034083287233763,2021,2021-11-30,learned_order_extension,20260910,0.799691742557479,0.799691742557479,1,0
monthly_state_validated,2651,2021-12-24,2022-01-04,0.0080985736506613,2021,2021-11-30,learned_order_extension,20260910,0.8273154011733129,0.8273154011733129,1,1
monthly_state_validated,2656,2021-12-31,2022-01-10,-0.0293970528320001,2021,2021-11-30,learned_order_extension,20260910,0.8069727850322581,0.8069727850322581,1,0
monthly_state_ungated,2636,2021-12-03,2021-12-13,0.0367843110096284,2021,2021-11-30,learned_order_extension,20260910,0.7534897898811092,0.7534897898811092,1,1
monthly_state_ungated,2641,2021-12-10,2021-12-20,-0.0304615698955996,2021,2021-11-30,learned_order_extension,20260910,0.6528475687663766,0.6528475687663766,1,0
monthly_state_ungated,2646,2021-12-17,2021-12-27,-0.0034083287233763,2021,2021-11-30,learned_order_extension,20260910,0.799691742557479,0.799691742557479,1,0
monthly_state_ungated,2651,2021-12-24,2022-01-04,0.0080985736506613,2021,2021-11-30,learned_order_extension,20260910,0.8273154011733129,0.8273154011733129,1,1
monthly_state_ungated,2656,2021-12-31,2022-01-10,-0.0293970528320001,2021,2021-11-30,learned_order_extension,20260910,0.8069727850322581,0.8069727850322581,1,0
monthly_state_validated,2636,2021-12-03,2021-12-13,0.0367843110096284,2021,2021-11-30,learned_order_extension,20260911,0.6611268686227788,0.6611268686227788,1,1
monthly_state_validated,2641,2021-12-10,2021-12-20,-0.0304615698955996,2021,2021-11-30,learned_order_extension,20260911,0.6790175452231214,0.6790175452231214,1,0
monthly_state_validated,2646,2021-12-17,2021-12-27,-0.0034083287233763,2021,2021-11-30,learned_order_extension,20260911,0.8684853861974482,0.8684853861974482,1,0
monthly_state_validated,2651,2021-12-24,2022-01-04,0.0080985736506613,2021,2021-11-30,learned_order_extension,20260911,0.6637992247007115,0.6637992247007115,1,1
monthly_state_validated,2656,2021-12-31,2022-01-10,-0.0293970528320001,2021,2021-11-30,learned_order_extension,20260911,0.8513666174941731,0.8513666174941731,1,0
monthly_state_ungated,2636,2021-12-03,2021-12-13,0.0367843110096284,2021,2021-11-30,learned_order_extension,20260911,0.6611268686227788,0.6611268686227788,1,1
monthly_state_ungated,2641,2021-12-10,2021-12-20,-0.0304615698955996,2021,2021-11-30,learned_order_extension,20260911,0.6790175452231214,0.6790175452231214,1,0
monthly_state_ungated,2646,2021-12-17,2021-12-27,-0.0034083287233763,2021,2021-11-30,learned_order_extension,20260911,0.8684853861974482,0.8684853861974482,1,0
monthly_state_ungated,2651,2021-12-24,2022-01-04,0.0080985736506613,2021,2021-11-30,learned_order_extension,20260911,0.6637992247007115,0.6637992247007115,1,1
monthly_state_ungated,2656,2021-12-31,2022-01-10,-0.0293970528320001,2021,2021-11-30,learned_order_extension,20260911,0.8513666174941731,0.8513666174941731,1,0
monthly_state_validated,2636,2021-12-03,2021-12-13,0.0367843110096284,2021,2021-11-30,learned_order_extension,20260912,0.40088382776410036,0.40088382776410036,0,1
monthly_state_validated,2641,2021-12-10,2021-12-20,-0.0304615698955996,2021,2021-11-30,learned_order_extension,20260912,0.6273782384824466,0.6273782384824466,1,0
monthly_state_validated,2646,2021-12-17,2021-12-27,-0.0034083287233763,2021,2021-11-30,learned_order_extension,20260912,0.5990729401360653,0.5990729401360653,1,0
monthly_state_validated,2651,2021-12-24,2022-01-04,0.0080985736506613,2021,2021-11-30,learned_order_extension,20260912,0.44993121305292894,0.44993121305292894,0,1
monthly_state_validated,2656,2021-12-31,2022-01-10,-0.0293970528320001,2021,2021-11-30,learned_order_extension,20260912,0.6465331383092103,0.6465331383092103,1,0
monthly_state_ungated,2636,2021-12-03,2021-12-13,0.0367843110096284,2021,2021-11-30,learned_order_extension,20260912,0.40088382776410036,0.40088382776410036,0,1
monthly_state_ungated,2641,2021-12-10,2021-12-20,-0.0304615698955996,2021,2021-11-30,learned_order_extension,20260912,0.6273782384824466,0.6273782384824466,1,0
monthly_state_ungated,2646,2021-12-17,2021-12-27,-0.0034083287233763,2021,2021-11-30,learned_order_extension,20260912,0.5990729401360653,0.5990729401360653,1,0
monthly_state_ungated,2651,2021-12-24,2022-01-04,0.0080985736506613,2021,2021-11-30,learned_order_extension,20260912,0.44993121305292894,0.44993121305292894,0,1
monthly_state_ungated,2656,2021-12-31,2022-01-10,-0.0293970528320001,2021,2021-11-30,learned_order_extension,20260912,0.6465331383092103,0.6465331383092103,1,0
monthly_state_validated,2636,2021-12-03,2021-12-13,0.0367843110096284,2021,2021-11-30,learned_order_offset,20260910,0.7532912032975808,0.7532912032975808,1,1
monthly_state_validated,2641,2021-12-10,2021-12-20,-0.0304615698955996,2021,2021-11-30,learned_order_offset,20260910,0.6527672096530658,0.6527672096530658,1,0
monthly_state_validated,2646,2021-12-17,2021-12-27,-0.0034083287233763,2021,2021-11-30,learned_order_offset,20260910,0.7996262996967062,0.7996262996967062,1,0
monthly_state_validated,2651,2021-12-24,2022-01-04,0.0080985736506613,2021,2021-11-30,learned_order_offset,20260910,0.8271891503369482,0.8271891503369482,1,1
monthly_state_validated,2656,2021-12-31,2022-01-10,-0.0293970528320001,2021,2021-11-30,learned_order_offset,20260910,0.8067823326626401,0.8067823326626401,1,0
monthly_state_ungated,2636,2021-12-03,2021-12-13,0.0367843110096284,2021,2021-11-30,learned_order_offset,20260910,0.7532912032975808,0.7532912032975808,1,1
monthly_state_ungated,2641,2021-12-10,2021-12-20,-0.0304615698955996,2021,2021-11-30,learned_order_offset,20260910,0.6527672096530658,0.6527672096530658,1,0
monthly_state_ungated,2646,2021-12-17,2021-12-27,-0.0034083287233763,2021,2021-11-30,learned_order_offset,20260910,0.7996262996967062,0.7996262996967062,1,0
monthly_state_ungated,2651,2021-12-24,2022-01-04,0.0080985736506613,2021,2021-11-30,learned_order_offset,20260910,0.8271891503369482,0.8271891503369482,1,1
monthly_state_ungated,2656,2021-12-31,2022-01-10,-0.0293970528320001,2021,2021-11-30,learned_order_offset,20260910,0.8067823326626401,0.8067823326626401,1,0
monthly_state_validated,2636,2021-12-03,2021-12-13,0.0367843110096284,2021,2021-11-30,learned_order_offset,20260911,0.6617706981211336,0.6617706981211336,1,1
monthly_state_validated,2641,2021-12-10,2021-12-20,-0.0304615698955996,2021,2021-11-30,learned_order_offset,20260911,0.6793586467002075,0.6793586467002075,1,0
monthly_state_validated,2646,2021-12-17,2021-12-27,-0.0034083287233763,2021,2021-11-30,learned_order_offset,20260911,0.8677053304579374,0.8677053304579374,1,0
monthly_state_validated,2651,2021-12-24,2022-01-04,0.0080985736506613,2021,2021-11-30,learned_order_offset,20260911,0.6618536694473734,0.6618536694473734,1,1
monthly_state_validated,2656,2021-12-31,2022-01-10,-0.0293970528320001,2021,2021-11-30,learned_order_offset,20260911,0.8504487860668164,0.8504487860668164,1,0
monthly_state_ungated,2636,2021-12-03,2021-12-13,0.0367843110096284,2021,2021-11-30,learned_order_offset,20260911,0.6617706981211336,0.6617706981211336,1,1
monthly_state_ungated,2641,2021-12-10,2021-12-20,-0.0304615698955996,2021,2021-11-30,learned_order_offset,20260911,0.6793586467002075,0.6793586467002075,1,0
monthly_state_ungated,2646,2021-12-17,2021-12-27,-0.0034083287233763,2021,2021-11-30,learned_order_offset,20260911,0.8677053304579374,0.8677053304579374,1,0
monthly_state_ungated,2651,2021-12-24,2022-01-04,0.0080985736506613,2021,2021-11-30,learned_order_offset,20260911,0.6618536694473734,0.6618536694473734,1,1
monthly_state_ungated,2656,2021-12-31,2022-01-10,-0.0293970528320001,2021,2021-11-30,learned_order_offset,20260911,0.8504487860668164,0.8504487860668164,1,0
monthly_state_validated,2636,2021-12-03,2021-12-13,0.0367843110096284,2021,2021-11-30,learned_order_offset,20260912,0.40082929584196636,0.40082929584196636,0,1
monthly_state_validated,2641,2021-12-10,2021-12-20,-0.0304615698955996,2021,2021-11-30,learned_order_offset,20260912,0.6269777961806212,0.6269777961806212,1,0
monthly_state_validated,2646,2021-12-17,2021-12-27,-0.0034083287233763,2021,2021-11-30,learned_order_offset,20260912,0.5984618782434332,0.5984618782434332,1,0
monthly_state_validated,2651,2021-12-24,2022-01-04,0.0080985736506613,2021,2021-11-30,learned_order_offset,20260912,0.4493817362197275,0.4493817362197275,0,1
monthly_state_validated,2656,2021-12-31,2022-01-10,-0.0293970528320001,2021,2021-11-30,learned_order_offset,20260912,0.6464286773203256,0.6464286773203256,1,0
monthly_state_ungated,2636,2021-12-03,2021-12-13,0.0367843110096284,2021,2021-11-30,learned_order_offset,20260912,0.40082929584196636,0.40082929584196636,0,1
monthly_state_ungated,2641,2021-12-10,2021-12-20,-0.0304615698955996,2021,2021-11-30,learned_order_offset,20260912,0.6269777961806212,0.6269777961806212,1,0
monthly_state_ungated,2646,2021-12-17,2021-12-27,-0.0034083287233763,2021,2021-11-30,learned_order_offset,20260912,0.5984618782434332,0.5984618782434332,1,0
monthly_state_ungated,2651,2021-12-24,2022-01-04,0.0080985736506613,2021,2021-11-30,learned_order_offset,20260912,0.4493817362197275,0.4493817362197275,0,1
monthly_state_ungated,2656,2021-12-31,2022-01-10,-0.0293970528320001,2021,2021-11-30,learned_order_offset,20260912,0.6464286773203256,0.6464286773203256,1,0
monthly_state_validated,2660,2022-01-07,2022-01-17,-0.0173453887283024,2022,2021-12-31,learned_market,20260910,0.5688001187262542,0.5688001187262542,1,0
monthly_state_validated,2665,2022-01-14,2022-01-24,0.0053248631776616,2022,2021-12-31,learned_market,20260910,0.6536697221556952,0.6536697221556952,1,1
monthly_state_validated,2670,2022-01-21,2022-02-07,-0.0242661876254222,2022,2021-12-31,learned_market,20260910,0.667180452286777,0.667180452286777,1,0
monthly_state_validated,2675,2022-01-28,2022-02-14,-0.0127539031341488,2022,2021-12-31,learned_market,20260910,0.6821990081341186,0.6821990081341186,1,0
monthly_state_ungated,2660,2022-01-07,2022-01-17,-0.0173453887283024,2022,2021-12-31,learned_market,20260910,0.5688001187262542,0.5688001187262542,1,0
monthly_state_ungated,2665,2022-01-14,2022-01-24,0.0053248631776616,2022,2021-12-31,learned_market,20260910,0.6536697221556952,0.6536697221556952,1,1
monthly_state_ungated,2670,2022-01-21,2022-02-07,-0.0242661876254222,2022,2021-12-31,learned_market,20260910,0.667180452286777,0.667180452286777,1,0
monthly_state_ungated,2675,2022-01-28,2022-02-14,-0.0127539031341488,2022,2021-12-31,learned_market,20260910,0.6821990081341186,0.6821990081341186,1,0
monthly_state_validated,2660,2022-01-07,2022-01-17,-0.0173453887283024,2022,2021-12-31,learned_market,20260911,0.7294539059117436,0.7294539059117436,1,0
monthly_state_validated,2665,2022-01-14,2022-01-24,0.0053248631776616,2022,2021-12-31,learned_market,20260911,0.8407883156513567,0.8407883156513567,1,1
monthly_state_validated,2670,2022-01-21,2022-02-07,-0.0242661876254222,2022,2021-12-31,learned_market,20260911,0.6706767764059957,0.6706767764059957,1,0
monthly_state_validated,2675,2022-01-28,2022-02-14,-0.0127539031341488,2022,2021-12-31,learned_market,20260911,0.49396242770649035,0.49396242770649035,0,0
monthly_state_ungated,2660,2022-01-07,2022-01-17,-0.0173453887283024,2022,2021-12-31,learned_market,20260911,0.7294539059117436,0.7294539059117436,1,0
monthly_state_ungated,2665,2022-01-14,2022-01-24,0.0053248631776616,2022,2021-12-31,learned_market,20260911,0.8407883156513567,0.8407883156513567,1,1
monthly_state_ungated,2670,2022-01-21,2022-02-07,-0.0242661876254222,2022,2021-12-31,learned_market,20260911,0.6706767764059957,0.6706767764059957,1,0
monthly_state_ungated,2675,2022-01-28,2022-02-14,-0.0127539031341488,2022,2021-12-31,learned_market,20260911,0.49396242770649035,0.49396242770649035,0,0
monthly_state_validated,2660,2022-01-07,2022-01-17,-0.0173453887283024,2022,2021-12-31,learned_market,20260912,0.7009067848418016,0.7009067848418016,1,0
monthly_state_validated,2665,2022-01-14,2022-01-24,0.0053248631776616,2022,2021-12-31,learned_market,20260912,0.5203651032719439,0.5203651032719439,1,1
monthly_state_validated,2670,2022-01-21,2022-02-07,-0.0242661876254222,2022,2021-12-31,learned_market,20260912,0.7176249995689795,0.7176249995689795,1,0
monthly_state_validated,2675,2022-01-28,2022-02-14,-0.0127539031341488,2022,2021-12-31,learned_market,20260912,0.5468589290358572,0.5468589290358572,1,0
monthly_state_ungated,2660,2022-01-07,2022-01-17,-0.0173453887283024,2022,2021-12-31,learned_market,20260912,0.7009067848418016,0.7009067848418016,1,0
monthly_state_ungated,2665,2022-01-14,2022-01-24,0.0053248631776616,2022,2021-12-31,learned_market,20260912,0.5203651032719439,0.5203651032719439,1,1
monthly_state_ungated,2670,2022-01-21,2022-02-07,-0.0242661876254222,2022,2021-12-31,learned_market,20260912,0.7176249995689795,0.7176249995689795,1,0
monthly_state_ungated,2675,2022-01-28,2022-02-14,-0.0127539031341488,2022,2021-12-31,learned_market,20260912,0.5468589290358572,0.5468589290358572,1,0
monthly_state_validated,2660,2022-01-07,2022-01-17,-0.0173453887283024,2022,2021-12-31,learned_vol_interaction,20260910,0.5831076461801695,0.5831076461801695,1,0
monthly_state_validated,2665,2022-01-14,2022-01-24,0.0053248631776616,2022,2021-12-31,learned_vol_interaction,20260910,0.6744765119030697,0.6744765119030697,1,1
monthly_state_validated,2670,2022-01-21,2022-02-07,-0.0242661876254222,2022,2021-12-31,learned_vol_interaction,20260910,0.6652743592454685,0.6652743592454685,1,0
monthly_state_validated,2675,2022-01-28,2022-02-14,-0.0127539031341488,2022,2021-12-31,learned_vol_interaction,20260910,0.6916788990216658,0.6916788990216658,1,0
monthly_state_ungated,2660,2022-01-07,2022-01-17,-0.0173453887283024,2022,2021-12-31,learned_vol_interaction,20260910,0.5831076461801695,0.5831076461801695,1,0
monthly_state_ungated,2665,2022-01-14,2022-01-24,0.0053248631776616,2022,2021-12-31,learned_vol_interaction,20260910,0.6744765119030697,0.6744765119030697,1,1
monthly_state_ungated,2670,2022-01-21,2022-02-07,-0.0242661876254222,2022,2021-12-31,learned_vol_interaction,20260910,0.6652743592454685,0.6652743592454685,1,0
monthly_state_ungated,2675,2022-01-28,2022-02-14,-0.0127539031341488,2022,2021-12-31,learned_vol_interaction,20260910,0.6916788990216658,0.6916788990216658,1,0
monthly_state_validated,2660,2022-01-07,2022-01-17,-0.0173453887283024,2022,2021-12-31,learned_vol_interaction,20260911,0.7282516722944598,0.7282516722944598,1,0
monthly_state_validated,2665,2022-01-14,2022-01-24,0.0053248631776616,2022,2021-12-31,learned_vol_interaction,20260911,0.8368717958263094,0.8368717958263094,1,1
monthly_state_validated,2670,2022-01-21,2022-02-07,-0.0242661876254222,2022,2021-12-31,learned_vol_interaction,20260911,0.669613908132946,0.669613908132946,1,0
monthly_state_validated,2675,2022-01-28,2022-02-14,-0.0127539031341488,2022,2021-12-31,learned_vol_interaction,20260911,0.49771804856397844,0.49771804856397844,0,0
monthly_state_ungated,2660,2022-01-07,2022-01-17,-0.0173453887283024,2022,2021-12-31,learned_vol_interaction,20260911,0.7282516722944598,0.7282516722944598,1,0
monthly_state_ungated,2665,2022-01-14,2022-01-24,0.0053248631776616,2022,2021-12-31,learned_vol_interaction,20260911,0.8368717958263094,0.8368717958263094,1,1
monthly_state_ungated,2670,2022-01-21,2022-02-07,-0.0242661876254222,2022,2021-12-31,learned_vol_interaction,20260911,0.669613908132946,0.669613908132946,1,0
monthly_state_ungated,2675,2022-01-28,2022-02-14,-0.0127539031341488,2022,2021-12-31,learned_vol_interaction,20260911,0.49771804856397844,0.49771804856397844,0,0
monthly_state_validated,2660,2022-01-07,2022-01-17,-0.0173453887283024,2022,2021-12-31,learned_vol_interaction,20260912,0.7072606777672634,0.7072606777672634,1,0
monthly_state_validated,2665,2022-01-14,2022-01-24,0.0053248631776616,2022,2021-12-31,learned_vol_interaction,20260912,0.5232340507750105,0.5232340507750105,1,1
monthly_state_validated,2670,2022-01-21,2022-02-07,-0.0242661876254222,2022,2021-12-31,learned_vol_interaction,20260912,0.723517227135196,0.723517227135196,1,0
monthly_state_validated,2675,2022-01-28,2022-02-14,-0.0127539031341488,2022,2021-12-31,learned_vol_interaction,20260912,0.5573504263949657,0.5573504263949657,1,0
monthly_state_ungated,2660,2022-01-07,2022-01-17,-0.0173453887283024,2022,2021-12-31,learned_vol_interaction,20260912,0.7072606777672634,0.7072606777672634,1,0
monthly_state_ungated,2665,2022-01-14,2022-01-24,0.0053248631776616,2022,2021-12-31,learned_vol_interaction,20260912,0.5232340507750105,0.5232340507750105,1,1
monthly_state_ungated,2670,2022-01-21,2022-02-07,-0.0242661876254222,2022,2021-12-31,learned_vol_interaction,20260912,0.723517227135196,0.723517227135196,1,0
monthly_state_ungated,2675,2022-01-28,2022-02-14,-0.0127539031341488,2022,2021-12-31,learned_vol_interaction,20260912,0.5573504263949657,0.5573504263949657,1,0
monthly_state_validated,2660,2022-01-07,2022-01-17,-0.0173453887283024,2022,2021-12-31,learned_order_extension,20260910,0.566864392886939,0.566864392886939,1,0
monthly_state_validated,2665,2022-01-14,2022-01-24,0.0053248631776616,2022,2021-12-31,learned_order_extension,20260910,0.6690763940918765,0.6690763940918765,1,1
monthly_state_validated,2670,2022-01-21,2022-02-07,-0.0242661876254222,2022,2021-12-31,learned_order_extension,20260910,0.6566842946116621,0.6566842946116621,1,0
monthly_state_validated,2675,2022-01-28,2022-02-14,-0.0127539031341488,2022,2021-12-31,learned_order_extension,20260910,0.668769824144909,0.668769824144909,1,0
monthly_state_ungated,2660,2022-01-07,2022-01-17,-0.0173453887283024,2022,2021-12-31,learned_order_extension,20260910,0.566864392886939,0.566864392886939,1,0
monthly_state_ungated,2665,2022-01-14,2022-01-24,0.0053248631776616,2022,2021-12-31,learned_order_extension,20260910,0.6690763940918765,0.6690763940918765,1,1
monthly_state_ungated,2670,2022-01-21,2022-02-07,-0.0242661876254222,2022,2021-12-31,learned_order_extension,20260910,0.6566842946116621,0.6566842946116621,1,0
monthly_state_ungated,2675,2022-01-28,2022-02-14,-0.0127539031341488,2022,2021-12-31,learned_order_extension,20260910,0.668769824144909,0.668769824144909,1,0
monthly_state_validated,2660,2022-01-07,2022-01-17,-0.0173453887283024,2022,2021-12-31,learned_order_extension,20260911,0.7315565762281606,0.7315565762281606,1,0
monthly_state_validated,2665,2022-01-14,2022-01-24,0.0053248631776616,2022,2021-12-31,learned_order_extension,20260911,0.8308708352808971,0.8308708352808971,1,1
monthly_state_validated,2670,2022-01-21,2022-02-07,-0.0242661876254222,2022,2021-12-31,learned_order_extension,20260911,0.6953405747399578,0.6953405747399578,1,0
monthly_state_validated,2675,2022-01-28,2022-02-14,-0.0127539031341488,2022,2021-12-31,learned_order_extension,20260911,0.47011278529334005,0.47011278529334005,0,0
monthly_state_ungated,2660,2022-01-07,2022-01-17,-0.0173453887283024,2022,2021-12-31,learned_order_extension,20260911,0.7315565762281606,0.7315565762281606,1,0
monthly_state_ungated,2665,2022-01-14,2022-01-24,0.0053248631776616,2022,2021-12-31,learned_order_extension,20260911,0.8308708352808971,0.8308708352808971,1,1
monthly_state_ungated,2670,2022-01-21,2022-02-07,-0.0242661876254222,2022,2021-12-31,learned_order_extension,20260911,0.6953405747399578,0.6953405747399578,1,0
monthly_state_ungated,2675,2022-01-28,2022-02-14,-0.0127539031341488,2022,2021-12-31,learned_order_extension,20260911,0.47011278529334005,0.47011278529334005,0,0
monthly_state_validated,2660,2022-01-07,2022-01-17,-0.0173453887283024,2022,2021-12-31,learned_order_extension,20260912,0.7021249449389755,0.7021249449389755,1,0
monthly_state_validated,2665,2022-01-14,2022-01-24,0.0053248631776616,2022,2021-12-31,learned_order_extension,20260912,0.519422850065438,0.519422850065438,1,1
monthly_state_validated,2670,2022-01-21,2022-02-07,-0.0242661876254222,2022,2021-12-31,learned_order_extension,20260912,0.7149761694840576,0.7149761694840576,1,0
monthly_state_validated,2675,2022-01-28,2022-02-14,-0.0127539031341488,2022,2021-12-31,learned_order_extension,20260912,0.5563462821352916,0.5563462821352916,1,0
monthly_state_ungated,2660,2022-01-07,2022-01-17,-0.0173453887283024,2022,2021-12-31,learned_order_extension,20260912,0.7021249449389755,0.7021249449389755,1,0
monthly_state_ungated,2665,2022-01-14,2022-01-24,0.0053248631776616,2022,2021-12-31,learned_order_extension,20260912,0.519422850065438,0.519422850065438,1,1
monthly_state_ungated,2670,2022-01-21,2022-02-07,-0.0242661876254222,2022,2021-12-31,learned_order_extension,20260912,0.7149761694840576,0.7149761694840576,1,0
monthly_state_ungated,2675,2022-01-28,2022-02-14,-0.0127539031341488,2022,2021-12-31,learned_order_extension,20260912,0.5563462821352916,0.5563462821352916,1,0
monthly_state_validated,2660,2022-01-07,2022-01-17,-0.0173453887283024,2022,2021-12-31,learned_order_offset,20260910,0.5666647543526758,0.5666647543526758,1,0
monthly_state_validated,2665,2022-01-14,2022-01-24,0.0053248631776616,2022,2021-12-31,learned_order_offset,20260910,0.6685371525240916,0.6685371525240916,1,1
monthly_state_validated,2670,2022-01-21,2022-02-07,-0.0242661876254222,2022,2021-12-31,learned_order_offset,20260910,0.6567323025522784,0.6567323025522784,1,0
monthly_state_validated,2675,2022-01-28,2022-02-14,-0.0127539031341488,2022,2021-12-31,learned_order_offset,20260910,0.6683313210695451,0.6683313210695451,1,0
monthly_state_ungated,2660,2022-01-07,2022-01-17,-0.0173453887283024,2022,2021-12-31,learned_order_offset,20260910,0.5666647543526758,0.5666647543526758,1,0
monthly_state_ungated,2665,2022-01-14,2022-01-24,0.0053248631776616,2022,2021-12-31,learned_order_offset,20260910,0.6685371525240916,0.6685371525240916,1,1
monthly_state_ungated,2670,2022-01-21,2022-02-07,-0.0242661876254222,2022,2021-12-31,learned_order_offset,20260910,0.6567323025522784,0.6567323025522784,1,0
monthly_state_ungated,2675,2022-01-28,2022-02-14,-0.0127539031341488,2022,2021-12-31,learned_order_offset,20260910,0.6683313210695451,0.6683313210695451,1,0
monthly_state_validated,2660,2022-01-07,2022-01-17,-0.0173453887283024,2022,2021-12-31,learned_order_offset,20260911,0.7303915631000331,0.7303915631000331,1,0
monthly_state_validated,2665,2022-01-14,2022-01-24,0.0053248631776616,2022,2021-12-31,learned_order_offset,20260911,0.8287429062191539,0.8287429062191539,1,1
monthly_state_validated,2670,2022-01-21,2022-02-07,-0.0242661876254222,2022,2021-12-31,learned_order_offset,20260911,0.6946014374965778,0.6946014374965778,1,0
monthly_state_validated,2675,2022-01-28,2022-02-14,-0.0127539031341488,2022,2021-12-31,learned_order_offset,20260911,0.47036190476294487,0.47036190476294487,0,0
monthly_state_ungated,2660,2022-01-07,2022-01-17,-0.0173453887283024,2022,2021-12-31,learned_order_offset,20260911,0.7303915631000331,0.7303915631000331,1,0
monthly_state_ungated,2665,2022-01-14,2022-01-24,0.0053248631776616,2022,2021-12-31,learned_order_offset,20260911,0.8287429062191539,0.8287429062191539,1,1
monthly_state_ungated,2670,2022-01-21,2022-02-07,-0.0242661876254222,2022,2021-12-31,learned_order_offset,20260911,0.6946014374965778,0.6946014374965778,1,0
monthly_state_ungated,2675,2022-01-28,2022-02-14,-0.0127539031341488,2022,2021-12-31,learned_order_offset,20260911,0.47036190476294487,0.47036190476294487,0,0
monthly_state_validated,2660,2022-01-07,2022-01-17,-0.0173453887283024,2022,2021-12-31,learned_order_offset,20260912,0.7021002597589074,0.7021002597589074,1,0
monthly_state_validated,2665,2022-01-14,2022-01-24,0.0053248631776616,2022,2021-12-31,learned_order_offset,20260912,0.5194500670143739,0.5194500670143739,1,1
monthly_state_validated,2670,2022-01-21,2022-02-07,-0.0242661876254222,2022,2021-12-31,learned_order_offset,20260912,0.7150659531425939,0.7150659531425939,1,0
monthly_state_validated,2675,2022-01-28,2022-02-14,-0.0127539031341488,2022,2021-12-31,learned_order_offset,20260912,0.5563566039667686,0.5563566039667686,1,0
monthly_state_ungated,2660,2022-01-07,2022-01-17,-0.0173453887283024,2022,2021-12-31,learned_order_offset,20260912,0.7021002597589074,0.7021002597589074,1,0
monthly_state_ungated,2665,2022-01-14,2022-01-24,0.0053248631776616,2022,2021-12-31,learned_order_offset,20260912,0.5194500670143739,0.5194500670143739,1,1
monthly_state_ungated,2670,2022-01-21,2022-02-07,-0.0242661876254222,2022,2021-12-31,learned_order_offset,20260912,0.7150659531425939,0.7150659531425939,1,0
monthly_state_ungated,2675,2022-01-28,2022-02-14,-0.0127539031341488,2022,2021-12-31,learned_order_offset,20260912,0.5563566039667686,0.5563566039667686,1,0
monthly_state_validated,2680,2022-02-11,2022-02-21,0.0145498774954033,2022,2022-01-31,learned_market,20260910,0.6685932622029157,0.6685932622029157,1,1
monthly_state_validated,2685,2022-02-18,2022-02-28,-0.0177161244498015,2022,2022-01-31,learned_market,20260910,0.721020181747073,0.721020181747073,1,0
monthly_state_validated,2690,2022-02-25,2022-03-07,-0.0221791776043331,2022,2022-01-31,learned_market,20260910,0.6720256213340763,0.6720256213340763,1,0
monthly_state_ungated,2680,2022-02-11,2022-02-21,0.0145498774954033,2022,2022-01-31,learned_market,20260910,0.6685932622029157,0.6685932622029157,1,1
monthly_state_ungated,2685,2022-02-18,2022-02-28,-0.0177161244498015,2022,2022-01-31,learned_market,20260910,0.721020181747073,0.721020181747073,1,0
monthly_state_ungated,2690,2022-02-25,2022-03-07,-0.0221791776043331,2022,2022-01-31,learned_market,20260910,0.6720256213340763,0.6720256213340763,1,0
monthly_state_validated,2680,2022-02-11,2022-02-21,0.0145498774954033,2022,2022-01-31,learned_market,20260911,0.6718433913580089,0.6718433913580089,1,1
monthly_state_validated,2685,2022-02-18,2022-02-28,-0.0177161244498015,2022,2022-01-31,learned_market,20260911,0.5840107527473801,0.5840107527473801,1,0
monthly_state_validated,2690,2022-02-25,2022-03-07,-0.0221791776043331,2022,2022-01-31,learned_market,20260911,0.59915482742086,0.59915482742086,1,0
monthly_state_ungated,2680,2022-02-11,2022-02-21,0.0145498774954033,2022,2022-01-31,learned_market,20260911,0.6718433913580089,0.6718433913580089,1,1
monthly_state_ungated,2685,2022-02-18,2022-02-28,-0.0177161244498015,2022,2022-01-31,learned_market,20260911,0.5840107527473801,0.5840107527473801,1,0
monthly_state_ungated,2690,2022-02-25,2022-03-07,-0.0221791776043331,2022,2022-01-31,learned_market,20260911,0.59915482742086,0.59915482742086,1,0
monthly_state_validated,2680,2022-02-11,2022-02-21,0.0145498774954033,2022,2022-01-31,learned_market,20260912,0.6301827176961465,0.6301827176961465,1,1
monthly_state_validated,2685,2022-02-18,2022-02-28,-0.0177161244498015,2022,2022-01-31,learned_market,20260912,0.7133251277073638,0.7133251277073638,1,0
monthly_state_validated,2690,2022-02-25,2022-03-07,-0.0221791776043331,2022,2022-01-31,learned_market,20260912,0.7021196640037924,0.7021196640037924,1,0
monthly_state_ungated,2680,2022-02-11,2022-02-21,0.0145498774954033,2022,2022-01-31,learned_market,20260912,0.6301827176961465,0.6301827176961465,1,1
monthly_state_ungated,2685,2022-02-18,2022-02-28,-0.0177161244498015,2022,2022-01-31,learned_market,20260912,0.7133251277073638,0.7133251277073638,1,0
monthly_state_ungated,2690,2022-02-25,2022-03-07,-0.0221791776043331,2022,2022-01-31,learned_market,20260912,0.7021196640037924,0.7021196640037924,1,0
monthly_state_validated,2680,2022-02-11,2022-02-21,0.0145498774954033,2022,2022-01-31,learned_vol_interaction,20260910,0.6656475068815167,0.6656475068815167,1,1
monthly_state_validated,2685,2022-02-18,2022-02-28,-0.0177161244498015,2022,2022-01-31,learned_vol_interaction,20260910,0.7192657526415306,0.7192657526415306,1,0
monthly_state_validated,2690,2022-02-25,2022-03-07,-0.0221791776043331,2022,2022-01-31,learned_vol_interaction,20260910,0.665128795190077,0.665128795190077,1,0
monthly_state_ungated,2680,2022-02-11,2022-02-21,0.0145498774954033,2022,2022-01-31,learned_vol_interaction,20260910,0.6656475068815167,0.6656475068815167,1,1
monthly_state_ungated,2685,2022-02-18,2022-02-28,-0.0177161244498015,2022,2022-01-31,learned_vol_interaction,20260910,0.7192657526415306,0.7192657526415306,1,0
monthly_state_ungated,2690,2022-02-25,2022-03-07,-0.0221791776043331,2022,2022-01-31,learned_vol_interaction,20260910,0.665128795190077,0.665128795190077,1,0
monthly_state_validated,2680,2022-02-11,2022-02-21,0.0145498774954033,2022,2022-01-31,learned_vol_interaction,20260911,0.6694625883349451,0.6694625883349451,1,1
monthly_state_validated,2685,2022-02-18,2022-02-28,-0.0177161244498015,2022,2022-01-31,learned_vol_interaction,20260911,0.5867879452577756,0.5867879452577756,1,0
monthly_state_validated,2690,2022-02-25,2022-03-07,-0.0221791776043331,2022,2022-01-31,learned_vol_interaction,20260911,0.6015705830845076,0.6015705830845076,1,0
monthly_state_ungated,2680,2022-02-11,2022-02-21,0.0145498774954033,2022,2022-01-31,learned_vol_interaction,20260911,0.6694625883349451,0.6694625883349451,1,1
monthly_state_ungated,2685,2022-02-18,2022-02-28,-0.0177161244498015,2022,2022-01-31,learned_vol_interaction,20260911,0.5867879452577756,0.5867879452577756,1,0
monthly_state_ungated,2690,2022-02-25,2022-03-07,-0.0221791776043331,2022,2022-01-31,learned_vol_interaction,20260911,0.6015705830845076,0.6015705830845076,1,0
monthly_state_validated,2680,2022-02-11,2022-02-21,0.0145498774954033,2022,2022-01-31,learned_vol_interaction,20260912,0.6206875889696911,0.6206875889696911,1,1
monthly_state_validated,2685,2022-02-18,2022-02-28,-0.0177161244498015,2022,2022-01-31,learned_vol_interaction,20260912,0.7137718136904925,0.7137718136904925,1,0
monthly_state_validated,2690,2022-02-25,2022-03-07,-0.0221791776043331,2022,2022-01-31,learned_vol_interaction,20260912,0.6900080859244496,0.6900080859244496,1,0
monthly_state_ungated,2680,2022-02-11,2022-02-21,0.0145498774954033,2022,2022-01-31,learned_vol_interaction,20260912,0.6206875889696911,0.6206875889696911,1,1
monthly_state_ungated,2685,2022-02-18,2022-02-28,-0.0177161244498015,2022,2022-01-31,learned_vol_interaction,20260912,0.7137718136904925,0.7137718136904925,1,0
monthly_state_ungated,2690,2022-02-25,2022-03-07,-0.0221791776043331,2022,2022-01-31,learned_vol_interaction,20260912,0.6900080859244496,0.6900080859244496,1,0
monthly_state_validated,2680,2022-02-11,2022-02-21,0.0145498774954033,2022,2022-01-31,learned_order_extension,20260910,0.6554002636047295,0.6554002636047295,1,1
monthly_state_validated,2685,2022-02-18,2022-02-28,-0.0177161244498015,2022,2022-01-31,learned_order_extension,20260910,0.7136098531605942,0.7136098531605942,1,0
monthly_state_validated,2690,2022-02-25,2022-03-07,-0.0221791776043331,2022,2022-01-31,learned_order_extension,20260910,0.6487731912125562,0.6487731912125562,1,0
monthly_state_ungated,2680,2022-02-11,2022-02-21,0.0145498774954033,2022,2022-01-31,learned_order_extension,20260910,0.6554002636047295,0.6554002636047295,1,1
monthly_state_ungated,2685,2022-02-18,2022-02-28,-0.0177161244498015,2022,2022-01-31,learned_order_extension,20260910,0.7136098531605942,0.7136098531605942,1,0
monthly_state_ungated,2690,2022-02-25,2022-03-07,-0.0221791776043331,2022,2022-01-31,learned_order_extension,20260910,0.6487731912125562,0.6487731912125562,1,0
monthly_state_validated,2680,2022-02-11,2022-02-21,0.0145498774954033,2022,2022-01-31,learned_order_extension,20260911,0.6818533435255958,0.6818533435255958,1,1
monthly_state_validated,2685,2022-02-18,2022-02-28,-0.0177161244498015,2022,2022-01-31,learned_order_extension,20260911,0.5955146443753425,0.5955146443753425,1,0
monthly_state_validated,2690,2022-02-25,2022-03-07,-0.0221791776043331,2022,2022-01-31,learned_order_extension,20260911,0.609831009331646,0.609831009331646,1,0
monthly_state_ungated,2680,2022-02-11,2022-02-21,0.0145498774954033,2022,2022-01-31,learned_order_extension,20260911,0.6818533435255958,0.6818533435255958,1,1
monthly_state_ungated,2685,2022-02-18,2022-02-28,-0.0177161244498015,2022,2022-01-31,learned_order_extension,20260911,0.5955146443753425,0.5955146443753425,1,0
monthly_state_ungated,2690,2022-02-25,2022-03-07,-0.0221791776043331,2022,2022-01-31,learned_order_extension,20260911,0.609831009331646,0.609831009331646,1,0
monthly_state_validated,2680,2022-02-11,2022-02-21,0.0145498774954033,2022,2022-01-31,learned_order_extension,20260912,0.6112227291481532,0.6112227291481532,1,1
monthly_state_validated,2685,2022-02-18,2022-02-28,-0.0177161244498015,2022,2022-01-31,learned_order_extension,20260912,0.7082710857336353,0.7082710857336353,1,0
monthly_state_validated,2690,2022-02-25,2022-03-07,-0.0221791776043331,2022,2022-01-31,learned_order_extension,20260912,0.672646545498505,0.672646545498505,1,0
monthly_state_ungated,2680,2022-02-11,2022-02-21,0.0145498774954033,2022,2022-01-31,learned_order_extension,20260912,0.6112227291481532,0.6112227291481532,1,1
monthly_state_ungated,2685,2022-02-18,2022-02-28,-0.0177161244498015,2022,2022-01-31,learned_order_extension,20260912,0.7082710857336353,0.7082710857336353,1,0
monthly_state_ungated,2690,2022-02-25,2022-03-07,-0.0221791776043331,2022,2022-01-31,learned_order_extension,20260912,0.672646545498505,0.672646545498505,1,0
monthly_state_validated,2680,2022-02-11,2022-02-21,0.0145498774954033,2022,2022-01-31,learned_order_offset,20260910,0.6551608348224088,0.6551608348224088,1,1
monthly_state_validated,2685,2022-02-18,2022-02-28,-0.0177161244498015,2022,2022-01-31,learned_order_offset,20260910,0.713244067556852,0.713244067556852,1,0
monthly_state_validated,2690,2022-02-25,2022-03-07,-0.0221791776043331,2022,2022-01-31,learned_order_offset,20260910,0.6484724441889236,0.6484724441889236,1,0
monthly_state_ungated,2680,2022-02-11,2022-02-21,0.0145498774954033,2022,2022-01-31,learned_order_offset,20260910,0.6551608348224088,0.6551608348224088,1,1
monthly_state_ungated,2685,2022-02-18,2022-02-28,-0.0177161244498015,2022,2022-01-31,learned_order_offset,20260910,0.713244067556852,0.713244067556852,1,0
monthly_state_ungated,2690,2022-02-25,2022-03-07,-0.0221791776043331,2022,2022-01-31,learned_order_offset,20260910,0.6484724441889236,0.6484724441889236,1,0
monthly_state_validated,2680,2022-02-11,2022-02-21,0.0145498774954033,2022,2022-01-31,learned_order_offset,20260911,0.6802368405234962,0.6802368405234962,1,1
monthly_state_validated,2685,2022-02-18,2022-02-28,-0.0177161244498015,2022,2022-01-31,learned_order_offset,20260911,0.596796587857382,0.596796587857382,1,0
monthly_state_validated,2690,2022-02-25,2022-03-07,-0.0221791776043331,2022,2022-01-31,learned_order_offset,20260911,0.6102898323949857,0.6102898323949857,1,0
monthly_state_ungated,2680,2022-02-11,2022-02-21,0.0145498774954033,2022,2022-01-31,learned_order_offset,20260911,0.6802368405234962,0.6802368405234962,1,1
monthly_state_ungated,2685,2022-02-18,2022-02-28,-0.0177161244498015,2022,2022-01-31,learned_order_offset,20260911,0.596796587857382,0.596796587857382,1,0
monthly_state_ungated,2690,2022-02-25,2022-03-07,-0.0221791776043331,2022,2022-01-31,learned_order_offset,20260911,0.6102898323949857,0.6102898323949857,1,0
monthly_state_validated,2680,2022-02-11,2022-02-21,0.0145498774954033,2022,2022-01-31,learned_order_offset,20260912,0.6110482909835675,0.6110482909835675,1,1
monthly_state_validated,2685,2022-02-18,2022-02-28,-0.0177161244498015,2022,2022-01-31,learned_order_offset,20260912,0.7082662053268953,0.7082662053268953,1,0
monthly_state_validated,2690,2022-02-25,2022-03-07,-0.0221791776043331,2022,2022-01-31,learned_order_offset,20260912,0.6726443299723985,0.6726443299723985,1,0
monthly_state_ungated,2680,2022-02-11,2022-02-21,0.0145498774954033,2022,2022-01-31,learned_order_offset,20260912,0.6110482909835675,0.6110482909835675,1,1
monthly_state_ungated,2685,2022-02-18,2022-02-28,-0.0177161244498015,2022,2022-01-31,learned_order_offset,20260912,0.7082662053268953,0.7082662053268953,1,0
monthly_state_ungated,2690,2022-02-25,2022-03-07,-0.0221791776043331,2022,2022-01-31,learned_order_offset,20260912,0.6726443299723985,0.6726443299723985,1,0
monthly_state_validated,2695,2022-03-04,2022-03-14,-0.0480378799422749,2022,2022-02-28,learned_market,20260910,0.6491632424244927,0.6491632424244927,1,0
monthly_state_validated,2700,2022-03-11,2022-03-21,0.007530336734814,2022,2022-02-28,learned_market,20260910,0.7072260560701839,0.7072260560701839,1,1
monthly_state_validated,2705,2022-03-18,2022-03-28,-0.0353493110038457,2022,2022-02-28,learned_market,20260910,0.680562718896786,0.680562718896786,1,0
monthly_state_validated,2710,2022-03-25,2022-04-06,0.0314834190717003,2022,2022-02-28,learned_market,20260910,0.7149297850291989,0.7149297850291989,1,1
monthly_state_ungated,2695,2022-03-04,2022-03-14,-0.0480378799422749,2022,2022-02-28,learned_market,20260910,0.6491632424244927,0.6491632424244927,1,0
monthly_state_ungated,2700,2022-03-11,2022-03-21,0.007530336734814,2022,2022-02-28,learned_market,20260910,0.7072260560701839,0.7072260560701839,1,1
monthly_state_ungated,2705,2022-03-18,2022-03-28,-0.0353493110038457,2022,2022-02-28,learned_market,20260910,0.680562718896786,0.680562718896786,1,0
monthly_state_ungated,2710,2022-03-25,2022-04-06,0.0314834190717003,2022,2022-02-28,learned_market,20260910,0.7149297850291989,0.7149297850291989,1,1
monthly_state_validated,2695,2022-03-04,2022-03-14,-0.0480378799422749,2022,2022-02-28,learned_market,20260911,0.64751535974218,0.64751535974218,1,0
monthly_state_validated,2700,2022-03-11,2022-03-21,0.007530336734814,2022,2022-02-28,learned_market,20260911,0.6601858855959774,0.6601858855959774,1,1
monthly_state_validated,2705,2022-03-18,2022-03-28,-0.0353493110038457,2022,2022-02-28,learned_market,20260911,0.5676194322684474,0.5676194322684474,1,0
monthly_state_validated,2710,2022-03-25,2022-04-06,0.0314834190717003,2022,2022-02-28,learned_market,20260911,0.7331434681165004,0.7331434681165004,1,1
monthly_state_ungated,2695,2022-03-04,2022-03-14,-0.0480378799422749,2022,2022-02-28,learned_market,20260911,0.64751535974218,0.64751535974218,1,0
monthly_state_ungated,2700,2022-03-11,2022-03-21,0.007530336734814,2022,2022-02-28,learned_market,20260911,0.6601858855959774,0.6601858855959774,1,1
monthly_state_ungated,2705,2022-03-18,2022-03-28,-0.0353493110038457,2022,2022-02-28,learned_market,20260911,0.5676194322684474,0.5676194322684474,1,0
monthly_state_ungated,2710,2022-03-25,2022-04-06,0.0314834190717003,2022,2022-02-28,learned_market,20260911,0.7331434681165004,0.7331434681165004,1,1
monthly_state_validated,2695,2022-03-04,2022-03-14,-0.0480378799422749,2022,2022-02-28,learned_market,20260912,0.719986373445646,0.719986373445646,1,0
monthly_state_validated,2700,2022-03-11,2022-03-21,0.007530336734814,2022,2022-02-28,learned_market,20260912,0.6467498960464059,0.6467498960464059,1,1
monthly_state_validated,2705,2022-03-18,2022-03-28,-0.0353493110038457,2022,2022-02-28,learned_market,20260912,0.6307138428823564,0.6307138428823564,1,0
monthly_state_validated,2710,2022-03-25,2022-04-06,0.0314834190717003,2022,2022-02-28,learned_market,20260912,0.5581715372656506,0.5581715372656506,1,1
monthly_state_ungated,2695,2022-03-04,2022-03-14,-0.0480378799422749,2022,2022-02-28,learned_market,20260912,0.719986373445646,0.719986373445646,1,0
monthly_state_ungated,2700,2022-03-11,2022-03-21,0.007530336734814,2022,2022-02-28,learned_market,20260912,0.6467498960464059,0.6467498960464059,1,1
monthly_state_ungated,2705,2022-03-18,2022-03-28,-0.0353493110038457,2022,2022-02-28,learned_market,20260912,0.6307138428823564,0.6307138428823564,1,0
monthly_state_ungated,2710,2022-03-25,2022-04-06,0.0314834190717003,2022,2022-02-28,learned_market,20260912,0.5581715372656506,0.5581715372656506,1,1
monthly_state_validated,2695,2022-03-04,2022-03-14,-0.0480378799422749,2022,2022-02-28,learned_vol_interaction,20260910,0.6570221213989423,0.6570221213989423,1,0
monthly_state_validated,2700,2022-03-11,2022-03-21,0.007530336734814,2022,2022-02-28,learned_vol_interaction,20260910,0.7032750021899432,0.7032750021899432,1,1
monthly_state_validated,2705,2022-03-18,2022-03-28,-0.0353493110038457,2022,2022-02-28,learned_vol_interaction,20260910,0.6524086529307518,0.6524086529307518,1,0
monthly_state_validated,2710,2022-03-25,2022-04-06,0.0314834190717003,2022,2022-02-28,learned_vol_interaction,20260910,0.6942468524177501,0.6942468524177501,1,1
monthly_state_ungated,2695,2022-03-04,2022-03-14,-0.0480378799422749,2022,2022-02-28,learned_vol_interaction,20260910,0.6570221213989423,0.6570221213989423,1,0
monthly_state_ungated,2700,2022-03-11,2022-03-21,0.007530336734814,2022,2022-02-28,learned_vol_interaction,20260910,0.7032750021899432,0.7032750021899432,1,1
monthly_state_ungated,2705,2022-03-18,2022-03-28,-0.0353493110038457,2022,2022-02-28,learned_vol_interaction,20260910,0.6524086529307518,0.6524086529307518,1,0
monthly_state_ungated,2710,2022-03-25,2022-04-06,0.0314834190717003,2022,2022-02-28,learned_vol_interaction,20260910,0.6942468524177501,0.6942468524177501,1,1
monthly_state_validated,2695,2022-03-04,2022-03-14,-0.0480378799422749,2022,2022-02-28,learned_vol_interaction,20260911,0.6516108393132726,0.6516108393132726,1,0
monthly_state_validated,2700,2022-03-11,2022-03-21,0.007530336734814,2022,2022-02-28,learned_vol_interaction,20260911,0.6653311044961694,0.6653311044961694,1,1
monthly_state_validated,2705,2022-03-18,2022-03-28,-0.0353493110038457,2022,2022-02-28,learned_vol_interaction,20260911,0.567250973729041,0.567250973729041,1,0
monthly_state_validated,2710,2022-03-25,2022-04-06,0.0314834190717003,2022,2022-02-28,learned_vol_interaction,20260911,0.7397988804119464,0.7397988804119464,1,1
monthly_state_ungated,2695,2022-03-04,2022-03-14,-0.0480378799422749,2022,2022-02-28,learned_vol_interaction,20260911,0.6516108393132726,0.6516108393132726,1,0
monthly_state_ungated,2700,2022-03-11,2022-03-21,0.007530336734814,2022,2022-02-28,learned_vol_interaction,20260911,0.6653311044961694,0.6653311044961694,1,1
monthly_state_ungated,2705,2022-03-18,2022-03-28,-0.0353493110038457,2022,2022-02-28,learned_vol_interaction,20260911,0.567250973729041,0.567250973729041,1,0
monthly_state_ungated,2710,2022-03-25,2022-04-06,0.0314834190717003,2022,2022-02-28,learned_vol_interaction,20260911,0.7397988804119464,0.7397988804119464,1,1
monthly_state_validated,2695,2022-03-04,2022-03-14,-0.0480378799422749,2022,2022-02-28,learned_vol_interaction,20260912,0.7251850433232085,0.7251850433232085,1,0
monthly_state_validated,2700,2022-03-11,2022-03-21,0.007530336734814,2022,2022-02-28,learned_vol_interaction,20260912,0.6323197465308961,0.6323197465308961,1,1
monthly_state_validated,2705,2022-03-18,2022-03-28,-0.0353493110038457,2022,2022-02-28,learned_vol_interaction,20260912,0.5933343778810724,0.5933343778810724,1,0
monthly_state_validated,2710,2022-03-25,2022-04-06,0.0314834190717003,2022,2022-02-28,learned_vol_interaction,20260912,0.5562710543563346,0.5562710543563346,1,1
monthly_state_ungated,2695,2022-03-04,2022-03-14,-0.0480378799422749,2022,2022-02-28,learned_vol_interaction,20260912,0.7251850433232085,0.7251850433232085,1,0
monthly_state_ungated,2700,2022-03-11,2022-03-21,0.007530336734814,2022,2022-02-28,learned_vol_interaction,20260912,0.6323197465308961,0.6323197465308961,1,1
monthly_state_ungated,2705,2022-03-18,2022-03-28,-0.0353493110038457,2022,2022-02-28,learned_vol_interaction,20260912,0.5933343778810724,0.5933343778810724,1,0
monthly_state_ungated,2710,2022-03-25,2022-04-06,0.0314834190717003,2022,2022-02-28,learned_vol_interaction,20260912,0.5562710543563346,0.5562710543563346,1,1
monthly_state_validated,2695,2022-03-04,2022-03-14,-0.0480378799422749,2022,2022-02-28,learned_order_extension,20260910,0.6318792296674466,0.6318792296674466,1,0
monthly_state_validated,2700,2022-03-11,2022-03-21,0.007530336734814,2022,2022-02-28,learned_order_extension,20260910,0.6914869969738268,0.6914869969738268,1,1
monthly_state_validated,2705,2022-03-18,2022-03-28,-0.0353493110038457,2022,2022-02-28,learned_order_extension,20260910,0.6587542387705517,0.6587542387705517,1,0
monthly_state_validated,2710,2022-03-25,2022-04-06,0.0314834190717003,2022,2022-02-28,learned_order_extension,20260910,0.6972076913228429,0.6972076913228429,1,1
monthly_state_ungated,2695,2022-03-04,2022-03-14,-0.0480378799422749,2022,2022-02-28,learned_order_extension,20260910,0.6318792296674466,0.6318792296674466,1,0
monthly_state_ungated,2700,2022-03-11,2022-03-21,0.007530336734814,2022,2022-02-28,learned_order_extension,20260910,0.6914869969738268,0.6914869969738268,1,1
monthly_state_ungated,2705,2022-03-18,2022-03-28,-0.0353493110038457,2022,2022-02-28,learned_order_extension,20260910,0.6587542387705517,0.6587542387705517,1,0
monthly_state_ungated,2710,2022-03-25,2022-04-06,0.0314834190717003,2022,2022-02-28,learned_order_extension,20260910,0.6972076913228429,0.6972076913228429,1,1
monthly_state_validated,2695,2022-03-04,2022-03-14,-0.0480378799422749,2022,2022-02-28,learned_order_extension,20260911,0.6608881864634962,0.6608881864634962,1,0
monthly_state_validated,2700,2022-03-11,2022-03-21,0.007530336734814,2022,2022-02-28,learned_order_extension,20260911,0.667203580437131,0.667203580437131,1,1
monthly_state_validated,2705,2022-03-18,2022-03-28,-0.0353493110038457,2022,2022-02-28,learned_order_extension,20260911,0.5665388063290007,0.5665388063290007,1,0
monthly_state_validated,2710,2022-03-25,2022-04-06,0.0314834190717003,2022,2022-02-28,learned_order_extension,20260911,0.7315317518580224,0.7315317518580224,1,1
monthly_state_ungated,2695,2022-03-04,2022-03-14,-0.0480378799422749,2022,2022-02-28,learned_order_extension,20260911,0.6608881864634962,0.6608881864634962,1,0
monthly_state_ungated,2700,2022-03-11,2022-03-21,0.007530336734814,2022,2022-02-28,learned_order_extension,20260911,0.667203580437131,0.667203580437131,1,1
monthly_state_ungated,2705,2022-03-18,2022-03-28,-0.0353493110038457,2022,2022-02-28,learned_order_extension,20260911,0.5665388063290007,0.5665388063290007,1,0
monthly_state_ungated,2710,2022-03-25,2022-04-06,0.0314834190717003,2022,2022-02-28,learned_order_extension,20260911,0.7315317518580224,0.7315317518580224,1,1
monthly_state_validated,2695,2022-03-04,2022-03-14,-0.0480378799422749,2022,2022-02-28,learned_order_extension,20260912,0.7063888110552541,0.7063888110552541,1,0
monthly_state_validated,2700,2022-03-11,2022-03-21,0.007530336734814,2022,2022-02-28,learned_order_extension,20260912,0.6284040084971629,0.6284040084971629,1,1
monthly_state_validated,2705,2022-03-18,2022-03-28,-0.0353493110038457,2022,2022-02-28,learned_order_extension,20260912,0.5929220651203073,0.5929220651203073,1,0
monthly_state_validated,2710,2022-03-25,2022-04-06,0.0314834190717003,2022,2022-02-28,learned_order_extension,20260912,0.560900893741765,0.560900893741765,1,1
monthly_state_ungated,2695,2022-03-04,2022-03-14,-0.0480378799422749,2022,2022-02-28,learned_order_extension,20260912,0.7063888110552541,0.7063888110552541,1,0
monthly_state_ungated,2700,2022-03-11,2022-03-21,0.007530336734814,2022,2022-02-28,learned_order_extension,20260912,0.6284040084971629,0.6284040084971629,1,1
monthly_state_ungated,2705,2022-03-18,2022-03-28,-0.0353493110038457,2022,2022-02-28,learned_order_extension,20260912,0.5929220651203073,0.5929220651203073,1,0
monthly_state_ungated,2710,2022-03-25,2022-04-06,0.0314834190717003,2022,2022-02-28,learned_order_extension,20260912,0.560900893741765,0.560900893741765,1,1
monthly_state_validated,2695,2022-03-04,2022-03-14,-0.0480378799422749,2022,2022-02-28,learned_order_offset,20260910,0.6314504954417829,0.6314504954417829,1,0
monthly_state_validated,2700,2022-03-11,2022-03-21,0.007530336734814,2022,2022-02-28,learned_order_offset,20260910,0.691194443082509,0.691194443082509,1,1
monthly_state_validated,2705,2022-03-18,2022-03-28,-0.0353493110038457,2022,2022-02-28,learned_order_offset,20260910,0.6583803934930407,0.6583803934930407,1,0
monthly_state_validated,2710,2022-03-25,2022-04-06,0.0314834190717003,2022,2022-02-28,learned_order_offset,20260910,0.696855601595334,0.696855601595334,1,1
monthly_state_ungated,2695,2022-03-04,2022-03-14,-0.0480378799422749,2022,2022-02-28,learned_order_offset,20260910,0.6314504954417829,0.6314504954417829,1,0
monthly_state_ungated,2700,2022-03-11,2022-03-21,0.007530336734814,2022,2022-02-28,learned_order_offset,20260910,0.691194443082509,0.691194443082509,1,1
monthly_state_ungated,2705,2022-03-18,2022-03-28,-0.0353493110038457,2022,2022-02-28,learned_order_offset,20260910,0.6583803934930407,0.6583803934930407,1,0
monthly_state_ungated,2710,2022-03-25,2022-04-06,0.0314834190717003,2022,2022-02-28,learned_order_offset,20260910,0.696855601595334,0.696855601595334,1,1
monthly_state_validated,2695,2022-03-04,2022-03-14,-0.0480378799422749,2022,2022-02-28,learned_order_offset,20260911,0.6602950267381666,0.6602950267381666,1,0
monthly_state_validated,2700,2022-03-11,2022-03-21,0.007530336734814,2022,2022-02-28,learned_order_offset,20260911,0.6664417620027226,0.6664417620027226,1,1
monthly_state_validated,2705,2022-03-18,2022-03-28,-0.0353493110038457,2022,2022-02-28,learned_order_offset,20260911,0.5665934515797131,0.5665934515797131,1,0
monthly_state_validated,2710,2022-03-25,2022-04-06,0.0314834190717003,2022,2022-02-28,learned_order_offset,20260911,0.7312694881776368,0.7312694881776368,1,1
monthly_state_ungated,2695,2022-03-04,2022-03-14,-0.0480378799422749,2022,2022-02-28,learned_order_offset,20260911,0.6602950267381666,0.6602950267381666,1,0
monthly_state_ungated,2700,2022-03-11,2022-03-21,0.007530336734814,2022,2022-02-28,learned_order_offset,20260911,0.6664417620027226,0.6664417620027226,1,1
monthly_state_ungated,2705,2022-03-18,2022-03-28,-0.0353493110038457,2022,2022-02-28,learned_order_offset,20260911,0.5665934515797131,0.5665934515797131,1,0
monthly_state_ungated,2710,2022-03-25,2022-04-06,0.0314834190717003,2022,2022-02-28,learned_order_offset,20260911,0.7312694881776368,0.7312694881776368,1,1
monthly_state_validated,2695,2022-03-04,2022-03-14,-0.0480378799422749,2022,2022-02-28,learned_order_offset,20260912,0.7063540116439039,0.7063540116439039,1,0
monthly_state_validated,2700,2022-03-11,2022-03-21,0.007530336734814,2022,2022-02-28,learned_order_offset,20260912,0.6284302090313957,0.6284302090313957,1,1
monthly_state_validated,2705,2022-03-18,2022-03-28,-0.0353493110038457,2022,2022-02-28,learned_order_offset,20260912,0.5930408007656572,0.5930408007656572,1,0
monthly_state_validated,2710,2022-03-25,2022-04-06,0.0314834190717003,2022,2022-02-28,learned_order_offset,20260912,0.5609837979969954,0.5609837979969954,1,1
monthly_state_ungated,2695,2022-03-04,2022-03-14,-0.0480378799422749,2022,2022-02-28,learned_order_offset,20260912,0.7063540116439039,0.7063540116439039,1,0
monthly_state_ungated,2700,2022-03-11,2022-03-21,0.007530336734814,2022,2022-02-28,learned_order_offset,20260912,0.6284302090313957,0.6284302090313957,1,1
monthly_state_ungated,2705,2022-03-18,2022-03-28,-0.0353493110038457,2022,2022-02-28,learned_order_offset,20260912,0.5930408007656572,0.5930408007656572,1,0
monthly_state_ungated,2710,2022-03-25,2022-04-06,0.0314834190717003,2022,2022-02-28,learned_order_offset,20260912,0.5609837979969954,0.5609837979969954,1,1
monthly_state_validated,2715,2022-04-01,2022-04-12,-0.0129237372705649,2022,2022-03-31,learned_market,20260910,0.699650234779605,0.699650234779605,1,0
monthly_state_validated,2718,2022-04-08,2022-04-18,-0.0120986062576864,2022,2022-03-31,learned_market,20260910,0.7081466712193373,0.7081466712193373,1,0
monthly_state_validated,2723,2022-04-15,2022-04-25,-0.0528494340140576,2022,2022-03-31,learned_market,20260910,0.6903510287050534,0.6903510287050534,1,0
monthly_state_validated,2728,2022-04-22,2022-05-05,0.015736821365468,2022,2022-03-31,learned_market,20260910,0.6523274039170177,0.6523274039170177,1,1
monthly_state_validated,2733,2022-04-29,2022-05-11,-0.0278824133054675,2022,2022-03-31,learned_market,20260910,0.6356812320546283,0.6356812320546283,1,0
monthly_state_ungated,2715,2022-04-01,2022-04-12,-0.0129237372705649,2022,2022-03-31,learned_market,20260910,0.699650234779605,0.699650234779605,1,0
monthly_state_ungated,2718,2022-04-08,2022-04-18,-0.0120986062576864,2022,2022-03-31,learned_market,20260910,0.7081466712193373,0.7081466712193373,1,0
monthly_state_ungated,2723,2022-04-15,2022-04-25,-0.0528494340140576,2022,2022-03-31,learned_market,20260910,0.6903510287050534,0.6903510287050534,1,0
monthly_state_ungated,2728,2022-04-22,2022-05-05,0.015736821365468,2022,2022-03-31,learned_market,20260910,0.6523274039170177,0.6523274039170177,1,1
monthly_state_ungated,2733,2022-04-29,2022-05-11,-0.0278824133054675,2022,2022-03-31,learned_market,20260910,0.6356812320546283,0.6356812320546283,1,0
monthly_state_validated,2715,2022-04-01,2022-04-12,-0.0129237372705649,2022,2022-03-31,learned_market,20260911,0.7319064424968235,0.7319064424968235,1,0
monthly_state_validated,2718,2022-04-08,2022-04-18,-0.0120986062576864,2022,2022-03-31,learned_market,20260911,0.6054453974595707,0.6054453974595707,1,0
monthly_state_validated,2723,2022-04-15,2022-04-25,-0.0528494340140576,2022,2022-03-31,learned_market,20260911,0.780048801319433,0.780048801319433,1,0
monthly_state_validated,2728,2022-04-22,2022-05-05,0.015736821365468,2022,2022-03-31,learned_market,20260911,0.734465746968055,0.734465746968055,1,1
monthly_state_validated,2733,2022-04-29,2022-05-11,-0.0278824133054675,2022,2022-03-31,learned_market,20260911,0.5168257973739826,0.5168257973739826,1,0
monthly_state_ungated,2715,2022-04-01,2022-04-12,-0.0129237372705649,2022,2022-03-31,learned_market,20260911,0.7319064424968235,0.7319064424968235,1,0
monthly_state_ungated,2718,2022-04-08,2022-04-18,-0.0120986062576864,2022,2022-03-31,learned_market,20260911,0.6054453974595707,0.6054453974595707,1,0
monthly_state_ungated,2723,2022-04-15,2022-04-25,-0.0528494340140576,2022,2022-03-31,learned_market,20260911,0.780048801319433,0.780048801319433,1,0
monthly_state_ungated,2728,2022-04-22,2022-05-05,0.015736821365468,2022,2022-03-31,learned_market,20260911,0.734465746968055,0.734465746968055,1,1
monthly_state_ungated,2733,2022-04-29,2022-05-11,-0.0278824133054675,2022,2022-03-31,learned_market,20260911,0.5168257973739826,0.5168257973739826,1,0
monthly_state_validated,2715,2022-04-01,2022-04-12,-0.0129237372705649,2022,2022-03-31,learned_market,20260912,0.5905723686816398,0.5905723686816398,1,0
monthly_state_validated,2718,2022-04-08,2022-04-18,-0.0120986062576864,2022,2022-03-31,learned_market,20260912,0.5651619134469777,0.5651619134469777,1,0
monthly_state_validated,2723,2022-04-15,2022-04-25,-0.0528494340140576,2022,2022-03-31,learned_market,20260912,0.5782075738978683,0.5782075738978683,1,0
monthly_state_validated,2728,2022-04-22,2022-05-05,0.015736821365468,2022,2022-03-31,learned_market,20260912,0.5086735366407256,0.5086735366407256,1,1
monthly_state_validated,2733,2022-04-29,2022-05-11,-0.0278824133054675,2022,2022-03-31,learned_market,20260912,0.354488852979164,0.354488852979164,0,0
monthly_state_ungated,2715,2022-04-01,2022-04-12,-0.0129237372705649,2022,2022-03-31,learned_market,20260912,0.5905723686816398,0.5905723686816398,1,0
monthly_state_ungated,2718,2022-04-08,2022-04-18,-0.0120986062576864,2022,2022-03-31,learned_market,20260912,0.5651619134469777,0.5651619134469777,1,0
monthly_state_ungated,2723,2022-04-15,2022-04-25,-0.0528494340140576,2022,2022-03-31,learned_market,20260912,0.5782075738978683,0.5782075738978683,1,0
monthly_state_ungated,2728,2022-04-22,2022-05-05,0.015736821365468,2022,2022-03-31,learned_market,20260912,0.5086735366407256,0.5086735366407256,1,1
monthly_state_ungated,2733,2022-04-29,2022-05-11,-0.0278824133054675,2022,2022-03-31,learned_market,20260912,0.354488852979164,0.354488852979164,0,0
monthly_state_validated,2715,2022-04-01,2022-04-12,-0.0129237372705649,2022,2022-03-31,learned_vol_interaction,20260910,0.6692714430207383,0.6692714430207383,1,0
monthly_state_validated,2718,2022-04-08,2022-04-18,-0.0120986062576864,2022,2022-03-31,learned_vol_interaction,20260910,0.6870213134300237,0.6870213134300237,1,0
monthly_state_validated,2723,2022-04-15,2022-04-25,-0.0528494340140576,2022,2022-03-31,learned_vol_interaction,20260910,0.6863123370385322,0.6863123370385322,1,0
monthly_state_validated,2728,2022-04-22,2022-05-05,0.015736821365468,2022,2022-03-31,learned_vol_interaction,20260910,0.650740889856783,0.650740889856783,1,1
monthly_state_validated,2733,2022-04-29,2022-05-11,-0.0278824133054675,2022,2022-03-31,learned_vol_interaction,20260910,0.6202221031032191,0.6202221031032191,1,0
monthly_state_ungated,2715,2022-04-01,2022-04-12,-0.0129237372705649,2022,2022-03-31,learned_vol_interaction,20260910,0.6692714430207383,0.6692714430207383,1,0
monthly_state_ungated,2718,2022-04-08,2022-04-18,-0.0120986062576864,2022,2022-03-31,learned_vol_interaction,20260910,0.6870213134300237,0.6870213134300237,1,0
monthly_state_ungated,2723,2022-04-15,2022-04-25,-0.0528494340140576,2022,2022-03-31,learned_vol_interaction,20260910,0.6863123370385322,0.6863123370385322,1,0
monthly_state_ungated,2728,2022-04-22,2022-05-05,0.015736821365468,2022,2022-03-31,learned_vol_interaction,20260910,0.650740889856783,0.650740889856783,1,1
monthly_state_ungated,2733,2022-04-29,2022-05-11,-0.0278824133054675,2022,2022-03-31,learned_vol_interaction,20260910,0.6202221031032191,0.6202221031032191,1,0
monthly_state_validated,2715,2022-04-01,2022-04-12,-0.0129237372705649,2022,2022-03-31,learned_vol_interaction,20260911,0.7431810041436555,0.7431810041436555,1,0
monthly_state_validated,2718,2022-04-08,2022-04-18,-0.0120986062576864,2022,2022-03-31,learned_vol_interaction,20260911,0.601115184023622,0.601115184023622,1,0
monthly_state_validated,2723,2022-04-15,2022-04-25,-0.0528494340140576,2022,2022-03-31,learned_vol_interaction,20260911,0.7843896219441964,0.7843896219441964,1,0
monthly_state_validated,2728,2022-04-22,2022-05-05,0.015736821365468,2022,2022-03-31,learned_vol_interaction,20260911,0.7408337892127695,0.7408337892127695,1,1
monthly_state_validated,2733,2022-04-29,2022-05-11,-0.0278824133054675,2022,2022-03-31,learned_vol_interaction,20260911,0.5124458489532762,0.5124458489532762,1,0
monthly_state_ungated,2715,2022-04-01,2022-04-12,-0.0129237372705649,2022,2022-03-31,learned_vol_interaction,20260911,0.7431810041436555,0.7431810041436555,1,0
monthly_state_ungated,2718,2022-04-08,2022-04-18,-0.0120986062576864,2022,2022-03-31,learned_vol_interaction,20260911,0.601115184023622,0.601115184023622,1,0
monthly_state_ungated,2723,2022-04-15,2022-04-25,-0.0528494340140576,2022,2022-03-31,learned_vol_interaction,20260911,0.7843896219441964,0.7843896219441964,1,0
monthly_state_ungated,2728,2022-04-22,2022-05-05,0.015736821365468,2022,2022-03-31,learned_vol_interaction,20260911,0.7408337892127695,0.7408337892127695,1,1
monthly_state_ungated,2733,2022-04-29,2022-05-11,-0.0278824133054675,2022,2022-03-31,learned_vol_interaction,20260911,0.5124458489532762,0.5124458489532762,1,0
monthly_state_validated,2715,2022-04-01,2022-04-12,-0.0129237372705649,2022,2022-03-31,learned_vol_interaction,20260912,0.5637358072675225,0.5637358072675225,1,0
monthly_state_validated,2718,2022-04-08,2022-04-18,-0.0120986062576864,2022,2022-03-31,learned_vol_interaction,20260912,0.5628559944649006,0.5628559944649006,1,0
monthly_state_validated,2723,2022-04-15,2022-04-25,-0.0528494340140576,2022,2022-03-31,learned_vol_interaction,20260912,0.5747919255172403,0.5747919255172403,1,0
monthly_state_validated,2728,2022-04-22,2022-05-05,0.015736821365468,2022,2022-03-31,learned_vol_interaction,20260912,0.5170916019143975,0.5170916019143975,1,1
monthly_state_validated,2733,2022-04-29,2022-05-11,-0.0278824133054675,2022,2022-03-31,learned_vol_interaction,20260912,0.40387814010224393,0.40387814010224393,0,0
monthly_state_ungated,2715,2022-04-01,2022-04-12,-0.0129237372705649,2022,2022-03-31,learned_vol_interaction,20260912,0.5637358072675225,0.5637358072675225,1,0
monthly_state_ungated,2718,2022-04-08,2022-04-18,-0.0120986062576864,2022,2022-03-31,learned_vol_interaction,20260912,0.5628559944649006,0.5628559944649006,1,0
monthly_state_ungated,2723,2022-04-15,2022-04-25,-0.0528494340140576,2022,2022-03-31,learned_vol_interaction,20260912,0.5747919255172403,0.5747919255172403,1,0
monthly_state_ungated,2728,2022-04-22,2022-05-05,0.015736821365468,2022,2022-03-31,learned_vol_interaction,20260912,0.5170916019143975,0.5170916019143975,1,1
monthly_state_ungated,2733,2022-04-29,2022-05-11,-0.0278824133054675,2022,2022-03-31,learned_vol_interaction,20260912,0.40387814010224393,0.40387814010224393,0,0
monthly_state_validated,2715,2022-04-01,2022-04-12,-0.0129237372705649,2022,2022-03-31,learned_order_extension,20260910,0.6698700948387382,0.6698700948387382,1,0
monthly_state_validated,2718,2022-04-08,2022-04-18,-0.0120986062576864,2022,2022-03-31,learned_order_extension,20260910,0.6806371615463094,0.6806371615463094,1,0
monthly_state_validated,2723,2022-04-15,2022-04-25,-0.0528494340140576,2022,2022-03-31,learned_order_extension,20260910,0.6734562693191574,0.6734562693191574,1,0
monthly_state_validated,2728,2022-04-22,2022-05-05,0.015736821365468,2022,2022-03-31,learned_order_extension,20260910,0.6412880357294892,0.6412880357294892,1,1
monthly_state_validated,2733,2022-04-29,2022-05-11,-0.0278824133054675,2022,2022-03-31,learned_order_extension,20260910,0.6287985885797217,0.6287985885797217,1,0
monthly_state_ungated,2715,2022-04-01,2022-04-12,-0.0129237372705649,2022,2022-03-31,learned_order_extension,20260910,0.6698700948387382,0.6698700948387382,1,0
monthly_state_ungated,2718,2022-04-08,2022-04-18,-0.0120986062576864,2022,2022-03-31,learned_order_extension,20260910,0.6806371615463094,0.6806371615463094,1,0
monthly_state_ungated,2723,2022-04-15,2022-04-25,-0.0528494340140576,2022,2022-03-31,learned_order_extension,20260910,0.6734562693191574,0.6734562693191574,1,0
monthly_state_ungated,2728,2022-04-22,2022-05-05,0.015736821365468,2022,2022-03-31,learned_order_extension,20260910,0.6412880357294892,0.6412880357294892,1,1
monthly_state_ungated,2733,2022-04-29,2022-05-11,-0.0278824133054675,2022,2022-03-31,learned_order_extension,20260910,0.6287985885797217,0.6287985885797217,1,0
monthly_state_validated,2715,2022-04-01,2022-04-12,-0.0129237372705649,2022,2022-03-31,learned_order_extension,20260911,0.7324552613785594,0.7324552613785594,1,0
monthly_state_validated,2718,2022-04-08,2022-04-18,-0.0120986062576864,2022,2022-03-31,learned_order_extension,20260911,0.5757660544472725,0.5757660544472725,1,0
monthly_state_validated,2723,2022-04-15,2022-04-25,-0.0528494340140576,2022,2022-03-31,learned_order_extension,20260911,0.7914821695285316,0.7914821695285316,1,0
monthly_state_validated,2728,2022-04-22,2022-05-05,0.015736821365468,2022,2022-03-31,learned_order_extension,20260911,0.7445035554337466,0.7445035554337466,1,1
monthly_state_validated,2733,2022-04-29,2022-05-11,-0.0278824133054675,2022,2022-03-31,learned_order_extension,20260911,0.512691847329782,0.512691847329782,1,0
monthly_state_ungated,2715,2022-04-01,2022-04-12,-0.0129237372705649,2022,2022-03-31,learned_order_extension,20260911,0.7324552613785594,0.7324552613785594,1,0
monthly_state_ungated,2718,2022-04-08,2022-04-18,-0.0120986062576864,2022,2022-03-31,learned_order_extension,20260911,0.5757660544472725,0.5757660544472725,1,0
monthly_state_ungated,2723,2022-04-15,2022-04-25,-0.0528494340140576,2022,2022-03-31,learned_order_extension,20260911,0.7914821695285316,0.7914821695285316,1,0
monthly_state_ungated,2728,2022-04-22,2022-05-05,0.015736821365468,2022,2022-03-31,learned_order_extension,20260911,0.7445035554337466,0.7445035554337466,1,1
monthly_state_ungated,2733,2022-04-29,2022-05-11,-0.0278824133054675,2022,2022-03-31,learned_order_extension,20260911,0.512691847329782,0.512691847329782,1,0
monthly_state_validated,2715,2022-04-01,2022-04-12,-0.0129237372705649,2022,2022-03-31,learned_order_extension,20260912,0.5663838497464478,0.5663838497464478,1,0
monthly_state_validated,2718,2022-04-08,2022-04-18,-0.0120986062576864,2022,2022-03-31,learned_order_extension,20260912,0.5658097590213205,0.5658097590213205,1,0
monthly_state_validated,2723,2022-04-15,2022-04-25,-0.0528494340140576,2022,2022-03-31,learned_order_extension,20260912,0.5761777041401651,0.5761777041401651,1,0
monthly_state_validated,2728,2022-04-22,2022-05-05,0.015736821365468,2022,2022-03-31,learned_order_extension,20260912,0.5221611817410305,0.5221611817410305,1,1
monthly_state_validated,2733,2022-04-29,2022-05-11,-0.0278824133054675,2022,2022-03-31,learned_order_extension,20260912,0.4014543582757582,0.4014543582757582,0,0
monthly_state_ungated,2715,2022-04-01,2022-04-12,-0.0129237372705649,2022,2022-03-31,learned_order_extension,20260912,0.5663838497464478,0.5663838497464478,1,0
monthly_state_ungated,2718,2022-04-08,2022-04-18,-0.0120986062576864,2022,2022-03-31,learned_order_extension,20260912,0.5658097590213205,0.5658097590213205,1,0
monthly_state_ungated,2723,2022-04-15,2022-04-25,-0.0528494340140576,2022,2022-03-31,learned_order_extension,20260912,0.5761777041401651,0.5761777041401651,1,0
monthly_state_ungated,2728,2022-04-22,2022-05-05,0.015736821365468,2022,2022-03-31,learned_order_extension,20260912,0.5221611817410305,0.5221611817410305,1,1
monthly_state_ungated,2733,2022-04-29,2022-05-11,-0.0278824133054675,2022,2022-03-31,learned_order_extension,20260912,0.4014543582757582,0.4014543582757582,0,0
monthly_state_validated,2715,2022-04-01,2022-04-12,-0.0129237372705649,2022,2022-03-31,learned_order_offset,20260910,0.6694890325996018,0.6694890325996018,1,0
monthly_state_validated,2718,2022-04-08,2022-04-18,-0.0120986062576864,2022,2022-03-31,learned_order_offset,20260910,0.6803426001198963,0.6803426001198963,1,0
monthly_state_validated,2723,2022-04-15,2022-04-25,-0.0528494340140576,2022,2022-03-31,learned_order_offset,20260910,0.6731249980220481,0.6731249980220481,1,0
monthly_state_validated,2728,2022-04-22,2022-05-05,0.015736821365468,2022,2022-03-31,learned_order_offset,20260910,0.641097331377158,0.641097331377158,1,1
monthly_state_validated,2733,2022-04-29,2022-05-11,-0.0278824133054675,2022,2022-03-31,learned_order_offset,20260910,0.6286451625043376,0.6286451625043376,1,0
monthly_state_ungated,2715,2022-04-01,2022-04-12,-0.0129237372705649,2022,2022-03-31,learned_order_offset,20260910,0.6694890325996018,0.6694890325996018,1,0
monthly_state_ungated,2718,2022-04-08,2022-04-18,-0.0120986062576864,2022,2022-03-31,learned_order_offset,20260910,0.6803426001198963,0.6803426001198963,1,0
monthly_state_ungated,2723,2022-04-15,2022-04-25,-0.0528494340140576,2022,2022-03-31,learned_order_offset,20260910,0.6731249980220481,0.6731249980220481,1,0
monthly_state_ungated,2728,2022-04-22,2022-05-05,0.015736821365468,2022,2022-03-31,learned_order_offset,20260910,0.641097331377158,0.641097331377158,1,1
monthly_state_ungated,2733,2022-04-29,2022-05-11,-0.0278824133054675,2022,2022-03-31,learned_order_offset,20260910,0.6286451625043376,0.6286451625043376,1,0
monthly_state_validated,2715,2022-04-01,2022-04-12,-0.0129237372705649,2022,2022-03-31,learned_order_offset,20260911,0.7324670213429436,0.7324670213429436,1,0
monthly_state_validated,2718,2022-04-08,2022-04-18,-0.0120986062576864,2022,2022-03-31,learned_order_offset,20260911,0.5743123235952446,0.5743123235952446,1,0
monthly_state_validated,2723,2022-04-15,2022-04-25,-0.0528494340140576,2022,2022-03-31,learned_order_offset,20260911,0.789920397567569,0.789920397567569,1,0
monthly_state_validated,2728,2022-04-22,2022-05-05,0.015736821365468,2022,2022-03-31,learned_order_offset,20260911,0.7438162541041152,0.7438162541041152,1,1
monthly_state_validated,2733,2022-04-29,2022-05-11,-0.0278824133054675,2022,2022-03-31,learned_order_offset,20260911,0.5113015107739602,0.5113015107739602,1,0
monthly_state_ungated,2715,2022-04-01,2022-04-12,-0.0129237372705649,2022,2022-03-31,learned_order_offset,20260911,0.7324670213429436,0.7324670213429436,1,0
monthly_state_ungated,2718,2022-04-08,2022-04-18,-0.0120986062576864,2022,2022-03-31,learned_order_offset,20260911,0.5743123235952446,0.5743123235952446,1,0
monthly_state_ungated,2723,2022-04-15,2022-04-25,-0.0528494340140576,2022,2022-03-31,learned_order_offset,20260911,0.789920397567569,0.789920397567569,1,0
monthly_state_ungated,2728,2022-04-22,2022-05-05,0.015736821365468,2022,2022-03-31,learned_order_offset,20260911,0.7438162541041152,0.7438162541041152,1,1
monthly_state_ungated,2733,2022-04-29,2022-05-11,-0.0278824133054675,2022,2022-03-31,learned_order_offset,20260911,0.5113015107739602,0.5113015107739602,1,0
monthly_state_validated,2715,2022-04-01,2022-04-12,-0.0129237372705649,2022,2022-03-31,learned_order_offset,20260912,0.5664637136117925,0.5664637136117925,1,0
monthly_state_validated,2718,2022-04-08,2022-04-18,-0.0120986062576864,2022,2022-03-31,learned_order_offset,20260912,0.5658239286779201,0.5658239286779201,1,0
monthly_state_validated,2723,2022-04-15,2022-04-25,-0.0528494340140576,2022,2022-03-31,learned_order_offset,20260912,0.5762053845604607,0.5762053845604607,1,0
monthly_state_validated,2728,2022-04-22,2022-05-05,0.015736821365468,2022,2022-03-31,learned_order_offset,20260912,0.5222181583301384,0.5222181583301384,1,1
monthly_state_validated,2733,2022-04-29,2022-05-11,-0.0278824133054675,2022,2022-03-31,learned_order_offset,20260912,0.40156189565790024,0.40156189565790024,0,0
monthly_state_ungated,2715,2022-04-01,2022-04-12,-0.0129237372705649,2022,2022-03-31,learned_order_offset,20260912,0.5664637136117925,0.5664637136117925,1,0
monthly_state_ungated,2718,2022-04-08,2022-04-18,-0.0120986062576864,2022,2022-03-31,learned_order_offset,20260912,0.5658239286779201,0.5658239286779201,1,0
monthly_state_ungated,2723,2022-04-15,2022-04-25,-0.0528494340140576,2022,2022-03-31,learned_order_offset,20260912,0.5762053845604607,0.5762053845604607,1,0
monthly_state_ungated,2728,2022-04-22,2022-05-05,0.015736821365468,2022,2022-03-31,learned_order_offset,20260912,0.5222181583301384,0.5222181583301384,1,1
monthly_state_ungated,2733,2022-04-29,2022-05-11,-0.0278824133054675,2022,2022-03-31,learned_order_offset,20260912,0.40156189565790024,0.40156189565790024,0,0
monthly_state_validated,2735,2022-05-06,2022-05-16,0.033741423035827,2022,2022-04-30,learned_market,20260910,0.655223736292306,0.655223736292306,1,1
monthly_state_validated,2740,2022-05-13,2022-05-23,0.0164308841843088,2022,2022-04-30,learned_market,20260910,0.6496742007126685,0.6496742007126685,1,1
monthly_state_validated,2745,2022-05-20,2022-05-30,-0.0147293413085614,2022,2022-04-30,learned_market,20260910,0.5903492522212237,0.5903492522212237,1,0
monthly_state_validated,2750,2022-05-27,2022-06-13,0.0431748431927498,2022,2022-04-30,learned_market,20260910,0.5153438231225524,0.5153438231225524,1,1
monthly_state_ungated,2735,2022-05-06,2022-05-16,0.033741423035827,2022,2022-04-30,learned_market,20260910,0.655223736292306,0.655223736292306,1,1
monthly_state_ungated,2740,2022-05-13,2022-05-23,0.0164308841843088,2022,2022-04-30,learned_market,20260910,0.6496742007126685,0.6496742007126685,1,1
monthly_state_ungated,2745,2022-05-20,2022-05-30,-0.0147293413085614,2022,2022-04-30,learned_market,20260910,0.5903492522212237,0.5903492522212237,1,0
monthly_state_ungated,2750,2022-05-27,2022-06-13,0.0431748431927498,2022,2022-04-30,learned_market,20260910,0.5153438231225524,0.5153438231225524,1,1
monthly_state_validated,2735,2022-05-06,2022-05-16,0.033741423035827,2022,2022-04-30,learned_market,20260911,0.40189346381722363,0.40189346381722363,0,1
monthly_state_validated,2740,2022-05-13,2022-05-23,0.0164308841843088,2022,2022-04-30,learned_market,20260911,0.5083996095353812,0.5083996095353812,1,1
monthly_state_validated,2745,2022-05-20,2022-05-30,-0.0147293413085614,2022,2022-04-30,learned_market,20260911,0.554311952008104,0.554311952008104,1,0
monthly_state_validated,2750,2022-05-27,2022-06-13,0.0431748431927498,2022,2022-04-30,learned_market,20260911,0.6026682500069707,0.6026682500069707,1,1
monthly_state_ungated,2735,2022-05-06,2022-05-16,0.033741423035827,2022,2022-04-30,learned_market,20260911,0.40189346381722363,0.40189346381722363,0,1
monthly_state_ungated,2740,2022-05-13,2022-05-23,0.0164308841843088,2022,2022-04-30,learned_market,20260911,0.5083996095353812,0.5083996095353812,1,1
monthly_state_ungated,2745,2022-05-20,2022-05-30,-0.0147293413085614,2022,2022-04-30,learned_market,20260911,0.554311952008104,0.554311952008104,1,0
monthly_state_ungated,2750,2022-05-27,2022-06-13,0.0431748431927498,2022,2022-04-30,learned_market,20260911,0.6026682500069707,0.6026682500069707,1,1
monthly_state_validated,2735,2022-05-06,2022-05-16,0.033741423035827,2022,2022-04-30,learned_market,20260912,0.43196496938917867,0.43196496938917867,0,1
monthly_state_validated,2740,2022-05-13,2022-05-23,0.0164308841843088,2022,2022-04-30,learned_market,20260912,0.4392929502217229,0.4392929502217229,0,1
monthly_state_validated,2745,2022-05-20,2022-05-30,-0.0147293413085614,2022,2022-04-30,learned_market,20260912,0.4708416760329488,0.4708416760329488,0,0
monthly_state_validated,2750,2022-05-27,2022-06-13,0.0431748431927498,2022,2022-04-30,learned_market,20260912,0.4574571545139993,0.4574571545139993,0,1
monthly_state_ungated,2735,2022-05-06,2022-05-16,0.033741423035827,2022,2022-04-30,learned_market,20260912,0.43196496938917867,0.43196496938917867,0,1
monthly_state_ungated,2740,2022-05-13,2022-05-23,0.0164308841843088,2022,2022-04-30,learned_market,20260912,0.4392929502217229,0.4392929502217229,0,1
monthly_state_ungated,2745,2022-05-20,2022-05-30,-0.0147293413085614,2022,2022-04-30,learned_market,20260912,0.4708416760329488,0.4708416760329488,0,0
monthly_state_ungated,2750,2022-05-27,2022-06-13,0.0431748431927498,2022,2022-04-30,learned_market,20260912,0.4574571545139993,0.4574571545139993,0,1
monthly_state_validated,2735,2022-05-06,2022-05-16,0.033741423035827,2022,2022-04-30,learned_vol_interaction,20260910,0.6392496752711616,0.6392496752711616,1,1
monthly_state_validated,2740,2022-05-13,2022-05-23,0.0164308841843088,2022,2022-04-30,learned_vol_interaction,20260910,0.6413212557500495,0.6413212557500495,1,1
monthly_state_validated,2745,2022-05-20,2022-05-30,-0.0147293413085614,2022,2022-04-30,learned_vol_interaction,20260910,0.5814333950080588,0.5814333950080588,1,0
monthly_state_validated,2750,2022-05-27,2022-06-13,0.0431748431927498,2022,2022-04-30,learned_vol_interaction,20260910,0.5197460553923614,0.5197460553923614,1,1
monthly_state_ungated,2735,2022-05-06,2022-05-16,0.033741423035827,2022,2022-04-30,learned_vol_interaction,20260910,0.6392496752711616,0.6392496752711616,1,1
monthly_state_ungated,2740,2022-05-13,2022-05-23,0.0164308841843088,2022,2022-04-30,learned_vol_interaction,20260910,0.6413212557500495,0.6413212557500495,1,1
monthly_state_ungated,2745,2022-05-20,2022-05-30,-0.0147293413085614,2022,2022-04-30,learned_vol_interaction,20260910,0.5814333950080588,0.5814333950080588,1,0
monthly_state_ungated,2750,2022-05-27,2022-06-13,0.0431748431927498,2022,2022-04-30,learned_vol_interaction,20260910,0.5197460553923614,0.5197460553923614,1,1
monthly_state_validated,2735,2022-05-06,2022-05-16,0.033741423035827,2022,2022-04-30,learned_vol_interaction,20260911,0.38434598170774237,0.38434598170774237,0,1
monthly_state_validated,2740,2022-05-13,2022-05-23,0.0164308841843088,2022,2022-04-30,learned_vol_interaction,20260911,0.4962015474558973,0.4962015474558973,0,1
monthly_state_validated,2745,2022-05-20,2022-05-30,-0.0147293413085614,2022,2022-04-30,learned_vol_interaction,20260911,0.5536729513391327,0.5536729513391327,1,0
monthly_state_validated,2750,2022-05-27,2022-06-13,0.0431748431927498,2022,2022-04-30,learned_vol_interaction,20260911,0.6054554975797125,0.6054554975797125,1,1
monthly_state_ungated,2735,2022-05-06,2022-05-16,0.033741423035827,2022,2022-04-30,learned_vol_interaction,20260911,0.38434598170774237,0.38434598170774237,0,1
monthly_state_ungated,2740,2022-05-13,2022-05-23,0.0164308841843088,2022,2022-04-30,learned_vol_interaction,20260911,0.4962015474558973,0.4962015474558973,0,1
monthly_state_ungated,2745,2022-05-20,2022-05-30,-0.0147293413085614,2022,2022-04-30,learned_vol_interaction,20260911,0.5536729513391327,0.5536729513391327,1,0
monthly_state_ungated,2750,2022-05-27,2022-06-13,0.0431748431927498,2022,2022-04-30,learned_vol_interaction,20260911,0.6054554975797125,0.6054554975797125,1,1
monthly_state_validated,2735,2022-05-06,2022-05-16,0.033741423035827,2022,2022-04-30,learned_vol_interaction,20260912,0.4773185927787562,0.4773185927787562,0,1
monthly_state_validated,2740,2022-05-13,2022-05-23,0.0164308841843088,2022,2022-04-30,learned_vol_interaction,20260912,0.4698933454358381,0.4698933454358381,0,1
monthly_state_validated,2745,2022-05-20,2022-05-30,-0.0147293413085614,2022,2022-04-30,learned_vol_interaction,20260912,0.4802495124922596,0.4802495124922596,0,0
monthly_state_validated,2750,2022-05-27,2022-06-13,0.0431748431927498,2022,2022-04-30,learned_vol_interaction,20260912,0.4601952965187793,0.4601952965187793,0,1
monthly_state_ungated,2735,2022-05-06,2022-05-16,0.033741423035827,2022,2022-04-30,learned_vol_interaction,20260912,0.4773185927787562,0.4773185927787562,0,1
monthly_state_ungated,2740,2022-05-13,2022-05-23,0.0164308841843088,2022,2022-04-30,learned_vol_interaction,20260912,0.4698933454358381,0.4698933454358381,0,1
monthly_state_ungated,2745,2022-05-20,2022-05-30,-0.0147293413085614,2022,2022-04-30,learned_vol_interaction,20260912,0.4802495124922596,0.4802495124922596,0,0
monthly_state_ungated,2750,2022-05-27,2022-06-13,0.0431748431927498,2022,2022-04-30,learned_vol_interaction,20260912,0.4601952965187793,0.4601952965187793,0,1
monthly_state_validated,2735,2022-05-06,2022-05-16,0.033741423035827,2022,2022-04-30,learned_order_extension,20260910,0.6540416538097915,0.6540416538097915,1,1
monthly_state_validated,2740,2022-05-13,2022-05-23,0.0164308841843088,2022,2022-04-30,learned_order_extension,20260910,0.6547674512326901,0.6547674512326901,1,1
monthly_state_validated,2745,2022-05-20,2022-05-30,-0.0147293413085614,2022,2022-04-30,learned_order_extension,20260910,0.5882230547766246,0.5882230547766246,1,0
monthly_state_validated,2750,2022-05-27,2022-06-13,0.0431748431927498,2022,2022-04-30,learned_order_extension,20260910,0.508142218915277,0.508142218915277,1,1
monthly_state_ungated,2735,2022-05-06,2022-05-16,0.033741423035827,2022,2022-04-30,learned_order_extension,20260910,0.6540416538097915,0.6540416538097915,1,1
monthly_state_ungated,2740,2022-05-13,2022-05-23,0.0164308841843088,2022,2022-04-30,learned_order_extension,20260910,0.6547674512326901,0.6547674512326901,1,1
monthly_state_ungated,2745,2022-05-20,2022-05-30,-0.0147293413085614,2022,2022-04-30,learned_order_extension,20260910,0.5882230547766246,0.5882230547766246,1,0
monthly_state_ungated,2750,2022-05-27,2022-06-13,0.0431748431927498,2022,2022-04-30,learned_order_extension,20260910,0.508142218915277,0.508142218915277,1,1
monthly_state_validated,2735,2022-05-06,2022-05-16,0.033741423035827,2022,2022-04-30,learned_order_extension,20260911,0.39192947263156325,0.39192947263156325,0,1
monthly_state_validated,2740,2022-05-13,2022-05-23,0.0164308841843088,2022,2022-04-30,learned_order_extension,20260911,0.4923475901483292,0.4923475901483292,0,1
monthly_state_validated,2745,2022-05-20,2022-05-30,-0.0147293413085614,2022,2022-04-30,learned_order_extension,20260911,0.5453859955701774,0.5453859955701774,1,0
monthly_state_validated,2750,2022-05-27,2022-06-13,0.0431748431927498,2022,2022-04-30,learned_order_extension,20260911,0.606543809827078,0.606543809827078,1,1
monthly_state_ungated,2735,2022-05-06,2022-05-16,0.033741423035827,2022,2022-04-30,learned_order_extension,20260911,0.39192947263156325,0.39192947263156325,0,1
monthly_state_ungated,2740,2022-05-13,2022-05-23,0.0164308841843088,2022,2022-04-30,learned_order_extension,20260911,0.4923475901483292,0.4923475901483292,0,1
monthly_state_ungated,2745,2022-05-20,2022-05-30,-0.0147293413085614,2022,2022-04-30,learned_order_extension,20260911,0.5453859955701774,0.5453859955701774,1,0
monthly_state_ungated,2750,2022-05-27,2022-06-13,0.0431748431927498,2022,2022-04-30,learned_order_extension,20260911,0.606543809827078,0.606543809827078,1,1
monthly_state_validated,2735,2022-05-06,2022-05-16,0.033741423035827,2022,2022-04-30,learned_order_extension,20260912,0.47602162546573495,0.47602162546573495,0,1
monthly_state_validated,2740,2022-05-13,2022-05-23,0.0164308841843088,2022,2022-04-30,learned_order_extension,20260912,0.4674156580741896,0.4674156580741896,0,1
monthly_state_validated,2745,2022-05-20,2022-05-30,-0.0147293413085614,2022,2022-04-30,learned_order_extension,20260912,0.48286106588586175,0.48286106588586175,0,0
monthly_state_validated,2750,2022-05-27,2022-06-13,0.0431748431927498,2022,2022-04-30,learned_order_extension,20260912,0.4605980778391567,0.4605980778391567,0,1
monthly_state_ungated,2735,2022-05-06,2022-05-16,0.033741423035827,2022,2022-04-30,learned_order_extension,20260912,0.47602162546573495,0.47602162546573495,0,1
monthly_state_ungated,2740,2022-05-13,2022-05-23,0.0164308841843088,2022,2022-04-30,learned_order_extension,20260912,0.4674156580741896,0.4674156580741896,0,1
monthly_state_ungated,2745,2022-05-20,2022-05-30,-0.0147293413085614,2022,2022-04-30,learned_order_extension,20260912,0.48286106588586175,0.48286106588586175,0,0
monthly_state_ungated,2750,2022-05-27,2022-06-13,0.0431748431927498,2022,2022-04-30,learned_order_extension,20260912,0.4605980778391567,0.4605980778391567,0,1
monthly_state_validated,2735,2022-05-06,2022-05-16,0.033741423035827,2022,2022-04-30,learned_order_offset,20260910,0.6539023380631441,0.6539023380631441,1,1
monthly_state_validated,2740,2022-05-13,2022-05-23,0.0164308841843088,2022,2022-04-30,learned_order_offset,20260910,0.6546369622968728,0.6546369622968728,1,1
monthly_state_validated,2745,2022-05-20,2022-05-30,-0.0147293413085614,2022,2022-04-30,learned_order_offset,20260910,0.5880855347067084,0.5880855347067084,1,0
monthly_state_validated,2750,2022-05-27,2022-06-13,0.0431748431927498,2022,2022-04-30,learned_order_offset,20260910,0.5080704772787945,0.5080704772787945,1,1
monthly_state_ungated,2735,2022-05-06,2022-05-16,0.033741423035827,2022,2022-04-30,learned_order_offset,20260910,0.6539023380631441,0.6539023380631441,1,1
monthly_state_ungated,2740,2022-05-13,2022-05-23,0.0164308841843088,2022,2022-04-30,learned_order_offset,20260910,0.6546369622968728,0.6546369622968728,1,1
monthly_state_ungated,2745,2022-05-20,2022-05-30,-0.0147293413085614,2022,2022-04-30,learned_order_offset,20260910,0.5880855347067084,0.5880855347067084,1,0
monthly_state_ungated,2750,2022-05-27,2022-06-13,0.0431748431927498,2022,2022-04-30,learned_order_offset,20260910,0.5080704772787945,0.5080704772787945,1,1
monthly_state_validated,2735,2022-05-06,2022-05-16,0.033741423035827,2022,2022-04-30,learned_order_offset,20260911,0.3890720337526808,0.3890720337526808,0,1
monthly_state_validated,2740,2022-05-13,2022-05-23,0.0164308841843088,2022,2022-04-30,learned_order_offset,20260911,0.4890167561559044,0.4890167561559044,0,1
monthly_state_validated,2745,2022-05-20,2022-05-30,-0.0147293413085614,2022,2022-04-30,learned_order_offset,20260911,0.5443348672271099,0.5443348672271099,1,0
monthly_state_validated,2750,2022-05-27,2022-06-13,0.0431748431927498,2022,2022-04-30,learned_order_offset,20260911,0.6058889369805722,0.6058889369805722,1,1
monthly_state_ungated,2735,2022-05-06,2022-05-16,0.033741423035827,2022,2022-04-30,learned_order_offset,20260911,0.3890720337526808,0.3890720337526808,0,1
monthly_state_ungated,2740,2022-05-13,2022-05-23,0.0164308841843088,2022,2022-04-30,learned_order_offset,20260911,0.4890167561559044,0.4890167561559044,0,1
monthly_state_ungated,2745,2022-05-20,2022-05-30,-0.0147293413085614,2022,2022-04-30,learned_order_offset,20260911,0.5443348672271099,0.5443348672271099,1,0
monthly_state_ungated,2750,2022-05-27,2022-06-13,0.0431748431927498,2022,2022-04-30,learned_order_offset,20260911,0.6058889369805722,0.6058889369805722,1,1
monthly_state_validated,2735,2022-05-06,2022-05-16,0.033741423035827,2022,2022-04-30,learned_order_offset,20260912,0.4760551178307766,0.4760551178307766,0,1
monthly_state_validated,2740,2022-05-13,2022-05-23,0.0164308841843088,2022,2022-04-30,learned_order_offset,20260912,0.46741359959285833,0.46741359959285833,0,1
monthly_state_validated,2745,2022-05-20,2022-05-30,-0.0147293413085614,2022,2022-04-30,learned_order_offset,20260912,0.4829666670195881,0.4829666670195881,0,0
monthly_state_validated,2750,2022-05-27,2022-06-13,0.0431748431927498,2022,2022-04-30,learned_order_offset,20260912,0.4606339295692324,0.4606339295692324,0,1
monthly_state_ungated,2735,2022-05-06,2022-05-16,0.033741423035827,2022,2022-04-30,learned_order_offset,20260912,0.4760551178307766,0.4760551178307766,0,1
monthly_state_ungated,2740,2022-05-13,2022-05-23,0.0164308841843088,2022,2022-04-30,learned_order_offset,20260912,0.46741359959285833,0.46741359959285833,0,1
monthly_state_ungated,2745,2022-05-20,2022-05-30,-0.0147293413085614,2022,2022-04-30,learned_order_offset,20260912,0.4829666670195881,0.4829666670195881,0,0
monthly_state_ungated,2750,2022-05-27,2022-06-13,0.0431748431927498,2022,2022-04-30,learned_order_offset,20260912,0.4606339295692324,0.4606339295692324,0,1
monthly_state_validated,2759,2022-06-10,2022-06-20,0.0306046547112142,2022,2022-05-31,learned_market,20260910,0.5333027200840973,0.5333027200840973,1,1
monthly_state_validated,2764,2022-06-17,2022-06-27,0.0211666894141107,2022,2022-05-31,learned_market,20260910,0.48085394757640604,0.48085394757640604,0,1
monthly_state_validated,2769,2022-06-24,2022-07-04,0.0074507343130214,2022,2022-05-31,learned_market,20260910,0.48460550715379297,0.48460550715379297,0,1
monthly_state_ungated,2759,2022-06-10,2022-06-20,0.0306046547112142,2022,2022-05-31,learned_market,20260910,0.5333027200840973,0.5333027200840973,1,1
monthly_state_ungated,2764,2022-06-17,2022-06-27,0.0211666894141107,2022,2022-05-31,learned_market,20260910,0.46004237708665763,0.46004237708665763,0,1
monthly_state_ungated,2769,2022-06-24,2022-07-04,0.0074507343130214,2022,2022-05-31,learned_market,20260910,0.48460550715379297,0.48460550715379297,0,1
monthly_state_validated,2759,2022-06-10,2022-06-20,0.0306046547112142,2022,2022-05-31,learned_market,20260911,0.32489630701390565,0.32489630701390565,0,1
monthly_state_validated,2764,2022-06-17,2022-06-27,0.0211666894141107,2022,2022-05-31,learned_market,20260911,0.35966324404140343,0.35966324404140343,0,1
monthly_state_validated,2769,2022-06-24,2022-07-04,0.0074507343130214,2022,2022-05-31,learned_market,20260911,0.46809827445499036,0.46809827445499036,0,1
monthly_state_ungated,2759,2022-06-10,2022-06-20,0.0306046547112142,2022,2022-05-31,learned_market,20260911,0.32489630701390565,0.32489630701390565,0,1
monthly_state_ungated,2764,2022-06-17,2022-06-27,0.0211666894141107,2022,2022-05-31,learned_market,20260911,0.3456465452365905,0.3456465452365905,0,1
monthly_state_ungated,2769,2022-06-24,2022-07-04,0.0074507343130214,2022,2022-05-31,learned_market,20260911,0.46809827445499036,0.46809827445499036,0,1
monthly_state_validated,2759,2022-06-10,2022-06-20,0.0306046547112142,2022,2022-05-31,learned_market,20260912,0.3450914159370645,0.3450914159370645,0,1
monthly_state_validated,2764,2022-06-17,2022-06-27,0.0211666894141107,2022,2022-05-31,learned_market,20260912,0.3212471828605167,0.3212471828605167,0,1
monthly_state_validated,2769,2022-06-24,2022-07-04,0.0074507343130214,2022,2022-05-31,learned_market,20260912,0.4025755619428385,0.4025755619428385,0,1
monthly_state_ungated,2759,2022-06-10,2022-06-20,0.0306046547112142,2022,2022-05-31,learned_market,20260912,0.3450914159370645,0.3450914159370645,0,1
monthly_state_ungated,2764,2022-06-17,2022-06-27,0.0211666894141107,2022,2022-05-31,learned_market,20260912,0.2968674650445093,0.2968674650445093,0,1
monthly_state_ungated,2769,2022-06-24,2022-07-04,0.0074507343130214,2022,2022-05-31,learned_market,20260912,0.4025755619428385,0.4025755619428385,0,1
monthly_state_validated,2759,2022-06-10,2022-06-20,0.0306046547112142,2022,2022-05-31,learned_vol_interaction,20260910,0.5385759882805518,0.5385759882805518,1,1
monthly_state_validated,2764,2022-06-17,2022-06-27,0.0211666894141107,2022,2022-05-31,learned_vol_interaction,20260910,0.48255164210709656,0.48255164210709656,0,1
monthly_state_validated,2769,2022-06-24,2022-07-04,0.0074507343130214,2022,2022-05-31,learned_vol_interaction,20260910,0.4796566656164814,0.4796566656164814,0,1
monthly_state_ungated,2759,2022-06-10,2022-06-20,0.0306046547112142,2022,2022-05-31,learned_vol_interaction,20260910,0.5321376948565166,0.5321376948565166,1,1
monthly_state_ungated,2764,2022-06-17,2022-06-27,0.0211666894141107,2022,2022-05-31,learned_vol_interaction,20260910,0.4622904485165093,0.4622904485165093,0,1
monthly_state_ungated,2769,2022-06-24,2022-07-04,0.0074507343130214,2022,2022-05-31,learned_vol_interaction,20260910,0.4796566656164814,0.4796566656164814,0,1
monthly_state_validated,2759,2022-06-10,2022-06-20,0.0306046547112142,2022,2022-05-31,learned_vol_interaction,20260911,0.33012579252956525,0.33012579252956525,0,1
monthly_state_validated,2764,2022-06-17,2022-06-27,0.0211666894141107,2022,2022-05-31,learned_vol_interaction,20260911,0.36375167025478616,0.36375167025478616,0,1
monthly_state_validated,2769,2022-06-24,2022-07-04,0.0074507343130214,2022,2022-05-31,learned_vol_interaction,20260911,0.47411451496984686,0.47411451496984686,0,1
monthly_state_ungated,2759,2022-06-10,2022-06-20,0.0306046547112142,2022,2022-05-31,learned_vol_interaction,20260911,0.32601804181656535,0.32601804181656535,0,1
monthly_state_ungated,2764,2022-06-17,2022-06-27,0.0211666894141107,2022,2022-05-31,learned_vol_interaction,20260911,0.3502359167398511,0.3502359167398511,0,1
monthly_state_ungated,2769,2022-06-24,2022-07-04,0.0074507343130214,2022,2022-05-31,learned_vol_interaction,20260911,0.47411451496984686,0.47411451496984686,0,1
monthly_state_validated,2759,2022-06-10,2022-06-20,0.0306046547112142,2022,2022-05-31,learned_vol_interaction,20260912,0.32387572436005274,0.32387572436005274,0,1
monthly_state_validated,2764,2022-06-17,2022-06-27,0.0211666894141107,2022,2022-05-31,learned_vol_interaction,20260912,0.2947636043884615,0.2947636043884615,0,1
monthly_state_validated,2769,2022-06-24,2022-07-04,0.0074507343130214,2022,2022-05-31,learned_vol_interaction,20260912,0.374996784204944,0.374996784204944,0,1
monthly_state_ungated,2759,2022-06-10,2022-06-20,0.0306046547112142,2022,2022-05-31,learned_vol_interaction,20260912,0.32156672085254456,0.32156672085254456,0,1
monthly_state_ungated,2764,2022-06-17,2022-06-27,0.0211666894141107,2022,2022-05-31,learned_vol_interaction,20260912,0.2716256653805723,0.2716256653805723,0,1
monthly_state_ungated,2769,2022-06-24,2022-07-04,0.0074507343130214,2022,2022-05-31,learned_vol_interaction,20260912,0.374996784204944,0.374996784204944,0,1
monthly_state_validated,2759,2022-06-10,2022-06-20,0.0306046547112142,2022,2022-05-31,learned_order_extension,20260910,0.5262224823900267,0.5262224823900267,1,1
monthly_state_validated,2764,2022-06-17,2022-06-27,0.0211666894141107,2022,2022-05-31,learned_order_extension,20260910,0.4859253122353308,0.4859253122353308,0,1
monthly_state_validated,2769,2022-06-24,2022-07-04,0.0074507343130214,2022,2022-05-31,learned_order_extension,20260910,0.4875812841679665,0.4875812841679665,0,1
monthly_state_ungated,2759,2022-06-10,2022-06-20,0.0306046547112142,2022,2022-05-31,learned_order_extension,20260910,0.5262224823900267,0.5262224823900267,1,1
monthly_state_ungated,2764,2022-06-17,2022-06-27,0.0211666894141107,2022,2022-05-31,learned_order_extension,20260910,0.4669600883736561,0.4669600883736561,0,1
monthly_state_ungated,2769,2022-06-24,2022-07-04,0.0074507343130214,2022,2022-05-31,learned_order_extension,20260910,0.4875812841679665,0.4875812841679665,0,1
monthly_state_validated,2759,2022-06-10,2022-06-20,0.0306046547112142,2022,2022-05-31,learned_order_extension,20260911,0.31573542910822044,0.31573542910822044,0,1
monthly_state_validated,2764,2022-06-17,2022-06-27,0.0211666894141107,2022,2022-05-31,learned_order_extension,20260911,0.33808664733638566,0.33808664733638566,0,1
monthly_state_validated,2769,2022-06-24,2022-07-04,0.0074507343130214,2022,2022-05-31,learned_order_extension,20260911,0.4651372063002809,0.4651372063002809,0,1
monthly_state_ungated,2759,2022-06-10,2022-06-20,0.0306046547112142,2022,2022-05-31,learned_order_extension,20260911,0.31573542910822044,0.31573542910822044,0,1
monthly_state_ungated,2764,2022-06-17,2022-06-27,0.0211666894141107,2022,2022-05-31,learned_order_extension,20260911,0.32694117769561987,0.32694117769561987,0,1
monthly_state_ungated,2769,2022-06-24,2022-07-04,0.0074507343130214,2022,2022-05-31,learned_order_extension,20260911,0.4651372063002809,0.4651372063002809,0,1
monthly_state_validated,2759,2022-06-10,2022-06-20,0.0306046547112142,2022,2022-05-31,learned_order_extension,20260912,0.3286932472005183,0.3286932472005183,0,1
monthly_state_validated,2764,2022-06-17,2022-06-27,0.0211666894141107,2022,2022-05-31,learned_order_extension,20260912,0.312819666276213,0.312819666276213,0,1
monthly_state_validated,2769,2022-06-24,2022-07-04,0.0074507343130214,2022,2022-05-31,learned_order_extension,20260912,0.38479843885136705,0.38479843885136705,0,1
monthly_state_ungated,2759,2022-06-10,2022-06-20,0.0306046547112142,2022,2022-05-31,learned_order_extension,20260912,0.3286932472005183,0.3286932472005183,0,1
monthly_state_ungated,2764,2022-06-17,2022-06-27,0.0211666894141107,2022,2022-05-31,learned_order_extension,20260912,0.2889050837536847,0.2889050837536847,0,1
monthly_state_ungated,2769,2022-06-24,2022-07-04,0.0074507343130214,2022,2022-05-31,learned_order_extension,20260912,0.38479843885136705,0.38479843885136705,0,1
monthly_state_validated,2759,2022-06-10,2022-06-20,0.0306046547112142,2022,2022-05-31,learned_order_offset,20260910,0.5261493276212664,0.5261493276212664,1,1
monthly_state_validated,2764,2022-06-17,2022-06-27,0.0211666894141107,2022,2022-05-31,learned_order_offset,20260910,0.485730573138482,0.485730573138482,0,1
monthly_state_validated,2769,2022-06-24,2022-07-04,0.0074507343130214,2022,2022-05-31,learned_order_offset,20260910,0.48755264163513784,0.48755264163513784,0,1
monthly_state_ungated,2759,2022-06-10,2022-06-20,0.0306046547112142,2022,2022-05-31,learned_order_offset,20260910,0.5261493276212664,0.5261493276212664,1,1
monthly_state_ungated,2764,2022-06-17,2022-06-27,0.0211666894141107,2022,2022-05-31,learned_order_offset,20260910,0.46674342423727666,0.46674342423727666,0,1
monthly_state_ungated,2769,2022-06-24,2022-07-04,0.0074507343130214,2022,2022-05-31,learned_order_offset,20260910,0.48755264163513784,0.48755264163513784,0,1
monthly_state_validated,2759,2022-06-10,2022-06-20,0.0306046547112142,2022,2022-05-31,learned_order_offset,20260911,0.31689176081913195,0.31689176081913195,0,1
monthly_state_validated,2764,2022-06-17,2022-06-27,0.0211666894141107,2022,2022-05-31,learned_order_offset,20260911,0.3393918095171554,0.3393918095171554,0,1
monthly_state_validated,2769,2022-06-24,2022-07-04,0.0074507343130214,2022,2022-05-31,learned_order_offset,20260911,0.4655557857250781,0.4655557857250781,0,1
monthly_state_ungated,2759,2022-06-10,2022-06-20,0.0306046547112142,2022,2022-05-31,learned_order_offset,20260911,0.31689176081913195,0.31689176081913195,0,1
monthly_state_ungated,2764,2022-06-17,2022-06-27,0.0211666894141107,2022,2022-05-31,learned_order_offset,20260911,0.3282261448955358,0.3282261448955358,0,1
monthly_state_ungated,2769,2022-06-24,2022-07-04,0.0074507343130214,2022,2022-05-31,learned_order_offset,20260911,0.4655557857250781,0.4655557857250781,0,1
monthly_state_validated,2759,2022-06-10,2022-06-20,0.0306046547112142,2022,2022-05-31,learned_order_offset,20260912,0.32893460376209926,0.32893460376209926,0,1
monthly_state_validated,2764,2022-06-17,2022-06-27,0.0211666894141107,2022,2022-05-31,learned_order_offset,20260912,0.31302829433814716,0.31302829433814716,0,1
monthly_state_validated,2769,2022-06-24,2022-07-04,0.0074507343130214,2022,2022-05-31,learned_order_offset,20260912,0.38491716457946495,0.38491716457946495,0,1
monthly_state_ungated,2759,2022-06-10,2022-06-20,0.0306046547112142,2022,2022-05-31,learned_order_offset,20260912,0.32893460376209926,0.32893460376209926,0,1
monthly_state_ungated,2764,2022-06-17,2022-06-27,0.0211666894141107,2022,2022-05-31,learned_order_offset,20260912,0.28912556125970823,0.28912556125970823,0,1
monthly_state_ungated,2769,2022-06-24,2022-07-04,0.0074507343130214,2022,2022-05-31,learned_order_offset,20260912,0.38491716457946495,0.38491716457946495,0,1
monthly_state_validated,2774,2022-07-01,2022-07-11,-0.0092349827532707,2022,2022-06-30,learned_market,20260910,0.5770861008001591,0.5770861008001591,1,0
monthly_state_validated,2779,2022-07-08,2022-07-18,-0.0326815927737367,2022,2022-06-30,learned_market,20260910,0.5381607401143592,0.5381607401143592,1,0
monthly_state_validated,2784,2022-07-15,2022-07-25,-0.0066210715249344,2022,2022-06-30,learned_market,20260910,0.4788824704425519,0.4788824704425519,0,0
monthly_state_validated,2789,2022-07-22,2022-08-01,-0.0173077967751003,2022,2022-06-30,learned_market,20260910,0.567115820912824,0.567115820912824,1,0
monthly_state_validated,2794,2022-07-29,2022-08-08,-0.004456034513838,2022,2022-06-30,learned_market,20260910,0.7475455860840632,0.7475455860840632,1,0
monthly_state_ungated,2774,2022-07-01,2022-07-11,-0.0092349827532707,2022,2022-06-30,learned_market,20260910,0.5770861008001591,0.5770861008001591,1,0
monthly_state_ungated,2779,2022-07-08,2022-07-18,-0.0326815927737367,2022,2022-06-30,learned_market,20260910,0.5381607401143592,0.5381607401143592,1,0
monthly_state_ungated,2784,2022-07-15,2022-07-25,-0.0066210715249344,2022,2022-06-30,learned_market,20260910,0.4788824704425519,0.4788824704425519,0,0
monthly_state_ungated,2789,2022-07-22,2022-08-01,-0.0173077967751003,2022,2022-06-30,learned_market,20260910,0.567115820912824,0.567115820912824,1,0
monthly_state_ungated,2794,2022-07-29,2022-08-08,-0.004456034513838,2022,2022-06-30,learned_market,20260910,0.7475455860840632,0.7475455860840632,1,0
monthly_state_validated,2774,2022-07-01,2022-07-11,-0.0092349827532707,2022,2022-06-30,learned_market,20260911,0.5193349295186931,0.5193349295186931,1,0
monthly_state_validated,2779,2022-07-08,2022-07-18,-0.0326815927737367,2022,2022-06-30,learned_market,20260911,0.5210563697553774,0.5210563697553774,1,0
monthly_state_validated,2784,2022-07-15,2022-07-25,-0.0066210715249344,2022,2022-06-30,learned_market,20260911,0.276078528858952,0.276078528858952,0,0
monthly_state_validated,2789,2022-07-22,2022-08-01,-0.0173077967751003,2022,2022-06-30,learned_market,20260911,0.3174121093765397,0.3174121093765397,0,0
monthly_state_validated,2794,2022-07-29,2022-08-08,-0.004456034513838,2022,2022-06-30,learned_market,20260911,0.5558739451685917,0.5558739451685917,1,0
monthly_state_ungated,2774,2022-07-01,2022-07-11,-0.0092349827532707,2022,2022-06-30,learned_market,20260911,0.5193349295186931,0.5193349295186931,1,0
monthly_state_ungated,2779,2022-07-08,2022-07-18,-0.0326815927737367,2022,2022-06-30,learned_market,20260911,0.5210563697553774,0.5210563697553774,1,0
monthly_state_ungated,2784,2022-07-15,2022-07-25,-0.0066210715249344,2022,2022-06-30,learned_market,20260911,0.276078528858952,0.276078528858952,0,0
monthly_state_ungated,2789,2022-07-22,2022-08-01,-0.0173077967751003,2022,2022-06-30,learned_market,20260911,0.3174121093765397,0.3174121093765397,0,0
monthly_state_ungated,2794,2022-07-29,2022-08-08,-0.004456034513838,2022,2022-06-30,learned_market,20260911,0.5558739451685917,0.5558739451685917,1,0
monthly_state_validated,2774,2022-07-01,2022-07-11,-0.0092349827532707,2022,2022-06-30,learned_market,20260912,0.3925821543273538,0.3925821543273538,0,0
monthly_state_validated,2779,2022-07-08,2022-07-18,-0.0326815927737367,2022,2022-06-30,learned_market,20260912,0.4605216629741631,0.4605216629741631,0,0
monthly_state_validated,2784,2022-07-15,2022-07-25,-0.0066210715249344,2022,2022-06-30,learned_market,20260912,0.5098027754769087,0.5098027754769087,1,0
monthly_state_validated,2789,2022-07-22,2022-08-01,-0.0173077967751003,2022,2022-06-30,learned_market,20260912,0.5524679777609933,0.5524679777609933,1,0
monthly_state_validated,2794,2022-07-29,2022-08-08,-0.004456034513838,2022,2022-06-30,learned_market,20260912,0.7218475045000325,0.7218475045000325,1,0
monthly_state_ungated,2774,2022-07-01,2022-07-11,-0.0092349827532707,2022,2022-06-30,learned_market,20260912,0.3925821543273538,0.3925821543273538,0,0
monthly_state_ungated,2779,2022-07-08,2022-07-18,-0.0326815927737367,2022,2022-06-30,learned_market,20260912,0.4605216629741631,0.4605216629741631,0,0
monthly_state_ungated,2784,2022-07-15,2022-07-25,-0.0066210715249344,2022,2022-06-30,learned_market,20260912,0.5098027754769087,0.5098027754769087,1,0
monthly_state_ungated,2789,2022-07-22,2022-08-01,-0.0173077967751003,2022,2022-06-30,learned_market,20260912,0.5524679777609933,0.5524679777609933,1,0
monthly_state_ungated,2794,2022-07-29,2022-08-08,-0.004456034513838,2022,2022-06-30,learned_market,20260912,0.7218475045000325,0.7218475045000325,1,0
monthly_state_validated,2774,2022-07-01,2022-07-11,-0.0092349827532707,2022,2022-06-30,learned_vol_interaction,20260910,0.5729293041374858,0.5729293041374858,1,0
monthly_state_validated,2779,2022-07-08,2022-07-18,-0.0326815927737367,2022,2022-06-30,learned_vol_interaction,20260910,0.5302683386209299,0.5302683386209299,1,0
monthly_state_validated,2784,2022-07-15,2022-07-25,-0.0066210715249344,2022,2022-06-30,learned_vol_interaction,20260910,0.4744529012062564,0.4744529012062564,0,0
monthly_state_validated,2789,2022-07-22,2022-08-01,-0.0173077967751003,2022,2022-06-30,learned_vol_interaction,20260910,0.568735503293615,0.568735503293615,1,0
monthly_state_validated,2794,2022-07-29,2022-08-08,-0.004456034513838,2022,2022-06-30,learned_vol_interaction,20260910,0.7449112931956193,0.7449112931956193,1,0
monthly_state_ungated,2774,2022-07-01,2022-07-11,-0.0092349827532707,2022,2022-06-30,learned_vol_interaction,20260910,0.5729293041374858,0.5729293041374858,1,0
monthly_state_ungated,2779,2022-07-08,2022-07-18,-0.0326815927737367,2022,2022-06-30,learned_vol_interaction,20260910,0.5302683386209299,0.5302683386209299,1,0
monthly_state_ungated,2784,2022-07-15,2022-07-25,-0.0066210715249344,2022,2022-06-30,learned_vol_interaction,20260910,0.4744529012062564,0.4744529012062564,0,0
monthly_state_ungated,2789,2022-07-22,2022-08-01,-0.0173077967751003,2022,2022-06-30,learned_vol_interaction,20260910,0.568735503293615,0.568735503293615,1,0
monthly_state_ungated,2794,2022-07-29,2022-08-08,-0.004456034513838,2022,2022-06-30,learned_vol_interaction,20260910,0.7449112931956193,0.7449112931956193,1,0
monthly_state_validated,2774,2022-07-01,2022-07-11,-0.0092349827532707,2022,2022-06-30,learned_vol_interaction,20260911,0.5243593636282992,0.5243593636282992,1,0
monthly_state_validated,2779,2022-07-08,2022-07-18,-0.0326815927737367,2022,2022-06-30,learned_vol_interaction,20260911,0.5287137474480963,0.5287137474480963,1,0
monthly_state_validated,2784,2022-07-15,2022-07-25,-0.0066210715249344,2022,2022-06-30,learned_vol_interaction,20260911,0.28286663565549924,0.28286663565549924,0,0
monthly_state_validated,2789,2022-07-22,2022-08-01,-0.0173077967751003,2022,2022-06-30,learned_vol_interaction,20260911,0.32529843901510974,0.32529843901510974,0,0
monthly_state_validated,2794,2022-07-29,2022-08-08,-0.004456034513838,2022,2022-06-30,learned_vol_interaction,20260911,0.5568653358658677,0.5568653358658677,1,0
monthly_state_ungated,2774,2022-07-01,2022-07-11,-0.0092349827532707,2022,2022-06-30,learned_vol_interaction,20260911,0.5243593636282992,0.5243593636282992,1,0
monthly_state_ungated,2779,2022-07-08,2022-07-18,-0.0326815927737367,2022,2022-06-30,learned_vol_interaction,20260911,0.5287137474480963,0.5287137474480963,1,0
monthly_state_ungated,2784,2022-07-15,2022-07-25,-0.0066210715249344,2022,2022-06-30,learned_vol_interaction,20260911,0.28286663565549924,0.28286663565549924,0,0
monthly_state_ungated,2789,2022-07-22,2022-08-01,-0.0173077967751003,2022,2022-06-30,learned_vol_interaction,20260911,0.32529843901510974,0.32529843901510974,0,0
monthly_state_ungated,2794,2022-07-29,2022-08-08,-0.004456034513838,2022,2022-06-30,learned_vol_interaction,20260911,0.5568653358658677,0.5568653358658677,1,0
monthly_state_validated,2774,2022-07-01,2022-07-11,-0.0092349827532707,2022,2022-06-30,learned_vol_interaction,20260912,0.3627477495911205,0.3627477495911205,0,0
monthly_state_validated,2779,2022-07-08,2022-07-18,-0.0326815927737367,2022,2022-06-30,learned_vol_interaction,20260912,0.4386327346901708,0.4386327346901708,0,0
monthly_state_validated,2784,2022-07-15,2022-07-25,-0.0066210715249344,2022,2022-06-30,learned_vol_interaction,20260912,0.48961628460365914,0.48961628460365914,0,0
monthly_state_validated,2789,2022-07-22,2022-08-01,-0.0173077967751003,2022,2022-06-30,learned_vol_interaction,20260912,0.5476518151604005,0.5476518151604005,1,0
monthly_state_validated,2794,2022-07-29,2022-08-08,-0.004456034513838,2022,2022-06-30,learned_vol_interaction,20260912,0.7328326518032054,0.7328326518032054,1,0
monthly_state_ungated,2774,2022-07-01,2022-07-11,-0.0092349827532707,2022,2022-06-30,learned_vol_interaction,20260912,0.3627477495911205,0.3627477495911205,0,0
monthly_state_ungated,2779,2022-07-08,2022-07-18,-0.0326815927737367,2022,2022-06-30,learned_vol_interaction,20260912,0.4386327346901708,0.4386327346901708,0,0
monthly_state_ungated,2784,2022-07-15,2022-07-25,-0.0066210715249344,2022,2022-06-30,learned_vol_interaction,20260912,0.48961628460365914,0.48961628460365914,0,0
monthly_state_ungated,2789,2022-07-22,2022-08-01,-0.0173077967751003,2022,2022-06-30,learned_vol_interaction,20260912,0.5476518151604005,0.5476518151604005,1,0
monthly_state_ungated,2794,2022-07-29,2022-08-08,-0.004456034513838,2022,2022-06-30,learned_vol_interaction,20260912,0.7328326518032054,0.7328326518032054,1,0
monthly_state_validated,2774,2022-07-01,2022-07-11,-0.0092349827532707,2022,2022-06-30,learned_order_extension,20260910,0.5673900409205141,0.5673900409205141,1,0
monthly_state_validated,2779,2022-07-08,2022-07-18,-0.0326815927737367,2022,2022-06-30,learned_order_extension,20260910,0.5410131618864253,0.5410131618864253,1,0
monthly_state_validated,2784,2022-07-15,2022-07-25,-0.0066210715249344,2022,2022-06-30,learned_order_extension,20260910,0.47973859027832644,0.47973859027832644,0,0
monthly_state_validated,2789,2022-07-22,2022-08-01,-0.0173077967751003,2022,2022-06-30,learned_order_extension,20260910,0.5665009900782988,0.5665009900782988,1,0
monthly_state_validated,2794,2022-07-29,2022-08-08,-0.004456034513838,2022,2022-06-30,learned_order_extension,20260910,0.6826002369228839,0.6826002369228839,1,0
monthly_state_ungated,2774,2022-07-01,2022-07-11,-0.0092349827532707,2022,2022-06-30,learned_order_extension,20260910,0.5673900409205141,0.5673900409205141,1,0
monthly_state_ungated,2779,2022-07-08,2022-07-18,-0.0326815927737367,2022,2022-06-30,learned_order_extension,20260910,0.5410131618864253,0.5410131618864253,1,0
monthly_state_ungated,2784,2022-07-15,2022-07-25,-0.0066210715249344,2022,2022-06-30,learned_order_extension,20260910,0.47973859027832644,0.47973859027832644,0,0
monthly_state_ungated,2789,2022-07-22,2022-08-01,-0.0173077967751003,2022,2022-06-30,learned_order_extension,20260910,0.5665009900782988,0.5665009900782988,1,0
monthly_state_ungated,2794,2022-07-29,2022-08-08,-0.004456034513838,2022,2022-06-30,learned_order_extension,20260910,0.6826002369228839,0.6826002369228839,1,0
monthly_state_validated,2774,2022-07-01,2022-07-11,-0.0092349827532707,2022,2022-06-30,learned_order_extension,20260911,0.5074843163264047,0.5074843163264047,1,0
monthly_state_validated,2779,2022-07-08,2022-07-18,-0.0326815927737367,2022,2022-06-30,learned_order_extension,20260911,0.5121847716177591,0.5121847716177591,1,0
monthly_state_validated,2784,2022-07-15,2022-07-25,-0.0066210715249344,2022,2022-06-30,learned_order_extension,20260911,0.2684864364550306,0.2684864364550306,0,0
monthly_state_validated,2789,2022-07-22,2022-08-01,-0.0173077967751003,2022,2022-06-30,learned_order_extension,20260911,0.2677542813034704,0.2677542813034704,0,0
monthly_state_validated,2794,2022-07-29,2022-08-08,-0.004456034513838,2022,2022-06-30,learned_order_extension,20260911,0.5491944105847139,0.5491944105847139,1,0
monthly_state_ungated,2774,2022-07-01,2022-07-11,-0.0092349827532707,2022,2022-06-30,learned_order_extension,20260911,0.5074843163264047,0.5074843163264047,1,0
monthly_state_ungated,2779,2022-07-08,2022-07-18,-0.0326815927737367,2022,2022-06-30,learned_order_extension,20260911,0.5121847716177591,0.5121847716177591,1,0
monthly_state_ungated,2784,2022-07-15,2022-07-25,-0.0066210715249344,2022,2022-06-30,learned_order_extension,20260911,0.2684864364550306,0.2684864364550306,0,0
monthly_state_ungated,2789,2022-07-22,2022-08-01,-0.0173077967751003,2022,2022-06-30,learned_order_extension,20260911,0.2677542813034704,0.2677542813034704,0,0
monthly_state_ungated,2794,2022-07-29,2022-08-08,-0.004456034513838,2022,2022-06-30,learned_order_extension,20260911,0.5491944105847139,0.5491944105847139,1,0
monthly_state_validated,2774,2022-07-01,2022-07-11,-0.0092349827532707,2022,2022-06-30,learned_order_extension,20260912,0.374217053609673,0.374217053609673,0,0
monthly_state_validated,2779,2022-07-08,2022-07-18,-0.0326815927737367,2022,2022-06-30,learned_order_extension,20260912,0.4519894158378443,0.4519894158378443,0,0
monthly_state_validated,2784,2022-07-15,2022-07-25,-0.0066210715249344,2022,2022-06-30,learned_order_extension,20260912,0.4940204054336156,0.4940204054336156,0,0
monthly_state_validated,2789,2022-07-22,2022-08-01,-0.0173077967751003,2022,2022-06-30,learned_order_extension,20260912,0.5530846362953933,0.5530846362953933,1,0
monthly_state_validated,2794,2022-07-29,2022-08-08,-0.004456034513838,2022,2022-06-30,learned_order_extension,20260912,0.7003654415092999,0.7003654415092999,1,0
monthly_state_ungated,2774,2022-07-01,2022-07-11,-0.0092349827532707,2022,2022-06-30,learned_order_extension,20260912,0.374217053609673,0.374217053609673,0,0
monthly_state_ungated,2779,2022-07-08,2022-07-18,-0.0326815927737367,2022,2022-06-30,learned_order_extension,20260912,0.4519894158378443,0.4519894158378443,0,0
monthly_state_ungated,2784,2022-07-15,2022-07-25,-0.0066210715249344,2022,2022-06-30,learned_order_extension,20260912,0.4940204054336156,0.4940204054336156,0,0
monthly_state_ungated,2789,2022-07-22,2022-08-01,-0.0173077967751003,2022,2022-06-30,learned_order_extension,20260912,0.5530846362953933,0.5530846362953933,1,0
monthly_state_ungated,2794,2022-07-29,2022-08-08,-0.004456034513838,2022,2022-06-30,learned_order_extension,20260912,0.7003654415092999,0.7003654415092999,1,0
monthly_state_validated,2774,2022-07-01,2022-07-11,-0.0092349827532707,2022,2022-06-30,learned_order_offset,20260910,0.5672840355549256,0.5672840355549256,1,0
monthly_state_validated,2779,2022-07-08,2022-07-18,-0.0326815927737367,2022,2022-06-30,learned_order_offset,20260910,0.5409192694310424,0.5409192694310424,1,0
monthly_state_validated,2784,2022-07-15,2022-07-25,-0.0066210715249344,2022,2022-06-30,learned_order_offset,20260910,0.47961995538049773,0.47961995538049773,0,0
monthly_state_validated,2789,2022-07-22,2022-08-01,-0.0173077967751003,2022,2022-06-30,learned_order_offset,20260910,0.5660618100474655,0.5660618100474655,1,0
monthly_state_validated,2794,2022-07-29,2022-08-08,-0.004456034513838,2022,2022-06-30,learned_order_offset,20260910,0.6825374208841533,0.6825374208841533,1,0
monthly_state_ungated,2774,2022-07-01,2022-07-11,-0.0092349827532707,2022,2022-06-30,learned_order_offset,20260910,0.5672840355549256,0.5672840355549256,1,0
monthly_state_ungated,2779,2022-07-08,2022-07-18,-0.0326815927737367,2022,2022-06-30,learned_order_offset,20260910,0.5409192694310424,0.5409192694310424,1,0
monthly_state_ungated,2784,2022-07-15,2022-07-25,-0.0066210715249344,2022,2022-06-30,learned_order_offset,20260910,0.47961995538049773,0.47961995538049773,0,0
monthly_state_ungated,2789,2022-07-22,2022-08-01,-0.0173077967751003,2022,2022-06-30,learned_order_offset,20260910,0.5660618100474655,0.5660618100474655,1,0
monthly_state_ungated,2794,2022-07-29,2022-08-08,-0.004456034513838,2022,2022-06-30,learned_order_offset,20260910,0.6825374208841533,0.6825374208841533,1,0
monthly_state_validated,2774,2022-07-01,2022-07-11,-0.0092349827532707,2022,2022-06-30,learned_order_offset,20260911,0.5070250526739909,0.5070250526739909,1,0
monthly_state_validated,2779,2022-07-08,2022-07-18,-0.0326815927737367,2022,2022-06-30,learned_order_offset,20260911,0.5121244968373462,0.5121244968373462,1,0
monthly_state_validated,2784,2022-07-15,2022-07-25,-0.0066210715249344,2022,2022-06-30,learned_order_offset,20260911,0.27002224125244795,0.27002224125244795,0,0
monthly_state_validated,2789,2022-07-22,2022-08-01,-0.0173077967751003,2022,2022-06-30,learned_order_offset,20260911,0.2693979955700283,0.2693979955700283,0,0
monthly_state_validated,2794,2022-07-29,2022-08-08,-0.004456034513838,2022,2022-06-30,learned_order_offset,20260911,0.5493720737942515,0.5493720737942515,1,0
monthly_state_ungated,2774,2022-07-01,2022-07-11,-0.0092349827532707,2022,2022-06-30,learned_order_offset,20260911,0.5070250526739909,0.5070250526739909,1,0
monthly_state_ungated,2779,2022-07-08,2022-07-18,-0.0326815927737367,2022,2022-06-30,learned_order_offset,20260911,0.5121244968373462,0.5121244968373462,1,0
monthly_state_ungated,2784,2022-07-15,2022-07-25,-0.0066210715249344,2022,2022-06-30,learned_order_offset,20260911,0.27002224125244795,0.27002224125244795,0,0
monthly_state_ungated,2789,2022-07-22,2022-08-01,-0.0173077967751003,2022,2022-06-30,learned_order_offset,20260911,0.2693979955700283,0.2693979955700283,0,0
monthly_state_ungated,2794,2022-07-29,2022-08-08,-0.004456034513838,2022,2022-06-30,learned_order_offset,20260911,0.5493720737942515,0.5493720737942515,1,0
monthly_state_validated,2774,2022-07-01,2022-07-11,-0.0092349827532707,2022,2022-06-30,learned_order_offset,20260912,0.3742631378177632,0.3742631378177632,0,0
monthly_state_validated,2779,2022-07-08,2022-07-18,-0.0326815927737367,2022,2022-06-30,learned_order_offset,20260912,0.45196032259529306,0.45196032259529306,0,0
monthly_state_validated,2784,2022-07-15,2022-07-25,-0.0066210715249344,2022,2022-06-30,learned_order_offset,20260912,0.49395559112838827,0.49395559112838827,0,0
monthly_state_validated,2789,2022-07-22,2022-08-01,-0.0173077967751003,2022,2022-06-30,learned_order_offset,20260912,0.5530567140533315,0.5530567140533315,1,0
monthly_state_validated,2794,2022-07-29,2022-08-08,-0.004456034513838,2022,2022-06-30,learned_order_offset,20260912,0.7004287549044343,0.7004287549044343,1,0
monthly_state_ungated,2774,2022-07-01,2022-07-11,-0.0092349827532707,2022,2022-06-30,learned_order_offset,20260912,0.3742631378177632,0.3742631378177632,0,0
monthly_state_ungated,2779,2022-07-08,2022-07-18,-0.0326815927737367,2022,2022-06-30,learned_order_offset,20260912,0.45196032259529306,0.45196032259529306,0,0
monthly_state_ungated,2784,2022-07-15,2022-07-25,-0.0066210715249344,2022,2022-06-30,learned_order_offset,20260912,0.49395559112838827,0.49395559112838827,0,0
monthly_state_ungated,2789,2022-07-22,2022-08-01,-0.0173077967751003,2022,2022-06-30,learned_order_offset,20260912,0.5530567140533315,0.5530567140533315,1,0
monthly_state_ungated,2794,2022-07-29,2022-08-08,-0.004456034513838,2022,2022-06-30,learned_order_offset,20260912,0.7004287549044343,0.7004287549044343,1,0
monthly_state_validated,2799,2022-08-05,2022-08-15,0.0091475117753996,2022,2022-07-31,learned_market,20260910,0.6586912425838466,0.6586912425838466,1,1
monthly_state_validated,2804,2022-08-12,2022-08-22,-0.0107272727272728,2022,2022-07-31,learned_market,20260910,0.6453382465097172,0.6453382465097172,1,0
monthly_state_validated,2809,2022-08-19,2022-08-29,-0.0172375434082356,2022,2022-07-31,learned_market,20260910,0.674643796620323,0.674643796620323,1,0
monthly_state_validated,2814,2022-08-26,2022-09-05,-0.0131573766941938,2022,2022-07-31,learned_market,20260910,0.6396510058407642,0.6396510058407642,1,0
monthly_state_ungated,2799,2022-08-05,2022-08-15,0.0091475117753996,2022,2022-07-31,learned_market,20260910,0.6586912425838466,0.6586912425838466,1,1
monthly_state_ungated,2804,2022-08-12,2022-08-22,-0.0107272727272728,2022,2022-07-31,learned_market,20260910,0.6453382465097172,0.6453382465097172,1,0
monthly_state_ungated,2809,2022-08-19,2022-08-29,-0.0172375434082356,2022,2022-07-31,learned_market,20260910,0.674643796620323,0.674643796620323,1,0
monthly_state_ungated,2814,2022-08-26,2022-09-05,-0.0131573766941938,2022,2022-07-31,learned_market,20260910,0.6396510058407642,0.6396510058407642,1,0
monthly_state_validated,2799,2022-08-05,2022-08-15,0.0091475117753996,2022,2022-07-31,learned_market,20260911,0.7108208060891671,0.7108208060891671,1,1
monthly_state_validated,2804,2022-08-12,2022-08-22,-0.0107272727272728,2022,2022-07-31,learned_market,20260911,0.7273713339025305,0.7273713339025305,1,0
monthly_state_validated,2809,2022-08-19,2022-08-29,-0.0172375434082356,2022,2022-07-31,learned_market,20260911,0.6886147057688298,0.6886147057688298,1,0
monthly_state_validated,2814,2022-08-26,2022-09-05,-0.0131573766941938,2022,2022-07-31,learned_market,20260911,0.7346873214158656,0.7346873214158656,1,0
monthly_state_ungated,2799,2022-08-05,2022-08-15,0.0091475117753996,2022,2022-07-31,learned_market,20260911,0.7108208060891671,0.7108208060891671,1,1
monthly_state_ungated,2804,2022-08-12,2022-08-22,-0.0107272727272728,2022,2022-07-31,learned_market,20260911,0.7273713339025305,0.7273713339025305,1,0
monthly_state_ungated,2809,2022-08-19,2022-08-29,-0.0172375434082356,2022,2022-07-31,learned_market,20260911,0.6886147057688298,0.6886147057688298,1,0
monthly_state_ungated,2814,2022-08-26,2022-09-05,-0.0131573766941938,2022,2022-07-31,learned_market,20260911,0.7346873214158656,0.7346873214158656,1,0
monthly_state_validated,2799,2022-08-05,2022-08-15,0.0091475117753996,2022,2022-07-31,learned_market,20260912,0.6532039852224342,0.6532039852224342,1,1
monthly_state_validated,2804,2022-08-12,2022-08-22,-0.0107272727272728,2022,2022-07-31,learned_market,20260912,0.5709775205876944,0.5709775205876944,1,0
monthly_state_validated,2809,2022-08-19,2022-08-29,-0.0172375434082356,2022,2022-07-31,learned_market,20260912,0.5697718161826372,0.5697718161826372,1,0
monthly_state_validated,2814,2022-08-26,2022-09-05,-0.0131573766941938,2022,2022-07-31,learned_market,20260912,0.6007938734692848,0.6007938734692848,1,0
monthly_state_ungated,2799,2022-08-05,2022-08-15,0.0091475117753996,2022,2022-07-31,learned_market,20260912,0.6532039852224342,0.6532039852224342,1,1
monthly_state_ungated,2804,2022-08-12,2022-08-22,-0.0107272727272728,2022,2022-07-31,learned_market,20260912,0.5709775205876944,0.5709775205876944,1,0
monthly_state_ungated,2809,2022-08-19,2022-08-29,-0.0172375434082356,2022,2022-07-31,learned_market,20260912,0.5697718161826372,0.5697718161826372,1,0
monthly_state_ungated,2814,2022-08-26,2022-09-05,-0.0131573766941938,2022,2022-07-31,learned_market,20260912,0.6007938734692848,0.6007938734692848,1,0
monthly_state_validated,2799,2022-08-05,2022-08-15,0.0091475117753996,2022,2022-07-31,learned_vol_interaction,20260910,0.6690803670858058,0.6690803670858058,1,1
monthly_state_validated,2804,2022-08-12,2022-08-22,-0.0107272727272728,2022,2022-07-31,learned_vol_interaction,20260910,0.6571875580323422,0.6571875580323422,1,0
monthly_state_validated,2809,2022-08-19,2022-08-29,-0.0172375434082356,2022,2022-07-31,learned_vol_interaction,20260910,0.6670716563865554,0.6670716563865554,1,0
monthly_state_validated,2814,2022-08-26,2022-09-05,-0.0131573766941938,2022,2022-07-31,learned_vol_interaction,20260910,0.6419725542084096,0.6419725542084096,1,0
monthly_state_ungated,2799,2022-08-05,2022-08-15,0.0091475117753996,2022,2022-07-31,learned_vol_interaction,20260910,0.6690803670858058,0.6690803670858058,1,1
monthly_state_ungated,2804,2022-08-12,2022-08-22,-0.0107272727272728,2022,2022-07-31,learned_vol_interaction,20260910,0.6571875580323422,0.6571875580323422,1,0
monthly_state_ungated,2809,2022-08-19,2022-08-29,-0.0172375434082356,2022,2022-07-31,learned_vol_interaction,20260910,0.6670716563865554,0.6670716563865554,1,0
monthly_state_ungated,2814,2022-08-26,2022-09-05,-0.0131573766941938,2022,2022-07-31,learned_vol_interaction,20260910,0.6419725542084096,0.6419725542084096,1,0
monthly_state_validated,2799,2022-08-05,2022-08-15,0.0091475117753996,2022,2022-07-31,learned_vol_interaction,20260911,0.7117205557364277,0.7117205557364277,1,1
monthly_state_validated,2804,2022-08-12,2022-08-22,-0.0107272727272728,2022,2022-07-31,learned_vol_interaction,20260911,0.728089070877284,0.728089070877284,1,0
monthly_state_validated,2809,2022-08-19,2022-08-29,-0.0172375434082356,2022,2022-07-31,learned_vol_interaction,20260911,0.6906588614286806,0.6906588614286806,1,0
monthly_state_validated,2814,2022-08-26,2022-09-05,-0.0131573766941938,2022,2022-07-31,learned_vol_interaction,20260911,0.7374791554763223,0.7374791554763223,1,0
monthly_state_ungated,2799,2022-08-05,2022-08-15,0.0091475117753996,2022,2022-07-31,learned_vol_interaction,20260911,0.7117205557364277,0.7117205557364277,1,1
monthly_state_ungated,2804,2022-08-12,2022-08-22,-0.0107272727272728,2022,2022-07-31,learned_vol_interaction,20260911,0.728089070877284,0.728089070877284,1,0
monthly_state_ungated,2809,2022-08-19,2022-08-29,-0.0172375434082356,2022,2022-07-31,learned_vol_interaction,20260911,0.6906588614286806,0.6906588614286806,1,0
monthly_state_ungated,2814,2022-08-26,2022-09-05,-0.0131573766941938,2022,2022-07-31,learned_vol_interaction,20260911,0.7374791554763223,0.7374791554763223,1,0
monthly_state_validated,2799,2022-08-05,2022-08-15,0.0091475117753996,2022,2022-07-31,learned_vol_interaction,20260912,0.6561494296696646,0.6561494296696646,1,1
monthly_state_validated,2804,2022-08-12,2022-08-22,-0.0107272727272728,2022,2022-07-31,learned_vol_interaction,20260912,0.5667272646102238,0.5667272646102238,1,0
monthly_state_validated,2809,2022-08-19,2022-08-29,-0.0172375434082356,2022,2022-07-31,learned_vol_interaction,20260912,0.5755574714973257,0.5755574714973257,1,0
monthly_state_validated,2814,2022-08-26,2022-09-05,-0.0131573766941938,2022,2022-07-31,learned_vol_interaction,20260912,0.5992889777279924,0.5992889777279924,1,0
monthly_state_ungated,2799,2022-08-05,2022-08-15,0.0091475117753996,2022,2022-07-31,learned_vol_interaction,20260912,0.6561494296696646,0.6561494296696646,1,1
monthly_state_ungated,2804,2022-08-12,2022-08-22,-0.0107272727272728,2022,2022-07-31,learned_vol_interaction,20260912,0.5667272646102238,0.5667272646102238,1,0
monthly_state_ungated,2809,2022-08-19,2022-08-29,-0.0172375434082356,2022,2022-07-31,learned_vol_interaction,20260912,0.5755574714973257,0.5755574714973257,1,0
monthly_state_ungated,2814,2022-08-26,2022-09-05,-0.0131573766941938,2022,2022-07-31,learned_vol_interaction,20260912,0.5992889777279924,0.5992889777279924,1,0
monthly_state_validated,2799,2022-08-05,2022-08-15,0.0091475117753996,2022,2022-07-31,learned_order_extension,20260910,0.6264531350174127,0.6264531350174127,1,1
monthly_state_validated,2804,2022-08-12,2022-08-22,-0.0107272727272728,2022,2022-07-31,learned_order_extension,20260910,0.6234550049594982,0.6234550049594982,1,0
monthly_state_validated,2809,2022-08-19,2022-08-29,-0.0172375434082356,2022,2022-07-31,learned_order_extension,20260910,0.614312207680884,0.614312207680884,1,0
monthly_state_validated,2814,2022-08-26,2022-09-05,-0.0131573766941938,2022,2022-07-31,learned_order_extension,20260910,0.6167311395003157,0.6167311395003157,1,0
monthly_state_ungated,2799,2022-08-05,2022-08-15,0.0091475117753996,2022,2022-07-31,learned_order_extension,20260910,0.6264531350174127,0.6264531350174127,1,1
monthly_state_ungated,2804,2022-08-12,2022-08-22,-0.0107272727272728,2022,2022-07-31,learned_order_extension,20260910,0.6234550049594982,0.6234550049594982,1,0
monthly_state_ungated,2809,2022-08-19,2022-08-29,-0.0172375434082356,2022,2022-07-31,learned_order_extension,20260910,0.614312207680884,0.614312207680884,1,0
monthly_state_ungated,2814,2022-08-26,2022-09-05,-0.0131573766941938,2022,2022-07-31,learned_order_extension,20260910,0.6167311395003157,0.6167311395003157,1,0
monthly_state_validated,2799,2022-08-05,2022-08-15,0.0091475117753996,2022,2022-07-31,learned_order_extension,20260911,0.777138078827454,0.777138078827454,1,1
monthly_state_validated,2804,2022-08-12,2022-08-22,-0.0107272727272728,2022,2022-07-31,learned_order_extension,20260911,0.7974960640657842,0.7974960640657842,1,0
monthly_state_validated,2809,2022-08-19,2022-08-29,-0.0172375434082356,2022,2022-07-31,learned_order_extension,20260911,0.7637706546439285,0.7637706546439285,1,0
monthly_state_validated,2814,2022-08-26,2022-09-05,-0.0131573766941938,2022,2022-07-31,learned_order_extension,20260911,0.8226540126203189,0.8226540126203189,1,0
monthly_state_ungated,2799,2022-08-05,2022-08-15,0.0091475117753996,2022,2022-07-31,learned_order_extension,20260911,0.777138078827454,0.777138078827454,1,1
monthly_state_ungated,2804,2022-08-12,2022-08-22,-0.0107272727272728,2022,2022-07-31,learned_order_extension,20260911,0.7974960640657842,0.7974960640657842,1,0
monthly_state_ungated,2809,2022-08-19,2022-08-29,-0.0172375434082356,2022,2022-07-31,learned_order_extension,20260911,0.7637706546439285,0.7637706546439285,1,0
monthly_state_ungated,2814,2022-08-26,2022-09-05,-0.0131573766941938,2022,2022-07-31,learned_order_extension,20260911,0.8226540126203189,0.8226540126203189,1,0
monthly_state_validated,2799,2022-08-05,2022-08-15,0.0091475117753996,2022,2022-07-31,learned_order_extension,20260912,0.6341161655828421,0.6341161655828421,1,1
monthly_state_validated,2804,2022-08-12,2022-08-22,-0.0107272727272728,2022,2022-07-31,learned_order_extension,20260912,0.5691662323086379,0.5691662323086379,1,0
monthly_state_validated,2809,2022-08-19,2022-08-29,-0.0172375434082356,2022,2022-07-31,learned_order_extension,20260912,0.5696880836750867,0.5696880836750867,1,0
monthly_state_validated,2814,2022-08-26,2022-09-05,-0.0131573766941938,2022,2022-07-31,learned_order_extension,20260912,0.5878257984810045,0.5878257984810045,1,0
monthly_state_ungated,2799,2022-08-05,2022-08-15,0.0091475117753996,2022,2022-07-31,learned_order_extension,20260912,0.6341161655828421,0.6341161655828421,1,1
monthly_state_ungated,2804,2022-08-12,2022-08-22,-0.0107272727272728,2022,2022-07-31,learned_order_extension,20260912,0.5691662323086379,0.5691662323086379,1,0
monthly_state_ungated,2809,2022-08-19,2022-08-29,-0.0172375434082356,2022,2022-07-31,learned_order_extension,20260912,0.5696880836750867,0.5696880836750867,1,0
monthly_state_ungated,2814,2022-08-26,2022-09-05,-0.0131573766941938,2022,2022-07-31,learned_order_extension,20260912,0.5878257984810045,0.5878257984810045,1,0
monthly_state_validated,2799,2022-08-05,2022-08-15,0.0091475117753996,2022,2022-07-31,learned_order_offset,20260910,0.6262247306552385,0.6262247306552385,1,1
monthly_state_validated,2804,2022-08-12,2022-08-22,-0.0107272727272728,2022,2022-07-31,learned_order_offset,20260910,0.6232298710955773,0.6232298710955773,1,0
monthly_state_validated,2809,2022-08-19,2022-08-29,-0.0172375434082356,2022,2022-07-31,learned_order_offset,20260910,0.6145969170972031,0.6145969170972031,1,0
monthly_state_validated,2814,2022-08-26,2022-09-05,-0.0131573766941938,2022,2022-07-31,learned_order_offset,20260910,0.6165117624275381,0.6165117624275381,1,0
monthly_state_ungated,2799,2022-08-05,2022-08-15,0.0091475117753996,2022,2022-07-31,learned_order_offset,20260910,0.6262247306552385,0.6262247306552385,1,1
monthly_state_ungated,2804,2022-08-12,2022-08-22,-0.0107272727272728,2022,2022-07-31,learned_order_offset,20260910,0.6232298710955773,0.6232298710955773,1,0
monthly_state_ungated,2809,2022-08-19,2022-08-29,-0.0172375434082356,2022,2022-07-31,learned_order_offset,20260910,0.6145969170972031,0.6145969170972031,1,0
monthly_state_ungated,2814,2022-08-26,2022-09-05,-0.0131573766941938,2022,2022-07-31,learned_order_offset,20260910,0.6165117624275381,0.6165117624275381,1,0
monthly_state_validated,2799,2022-08-05,2022-08-15,0.0091475117753996,2022,2022-07-31,learned_order_offset,20260911,0.7763427204784161,0.7763427204784161,1,1
monthly_state_validated,2804,2022-08-12,2022-08-22,-0.0107272727272728,2022,2022-07-31,learned_order_offset,20260911,0.7964144422108967,0.7964144422108967,1,0
monthly_state_validated,2809,2022-08-19,2022-08-29,-0.0172375434082356,2022,2022-07-31,learned_order_offset,20260911,0.7629768652536982,0.7629768652536982,1,0
monthly_state_validated,2814,2022-08-26,2022-09-05,-0.0131573766941938,2022,2022-07-31,learned_order_offset,20260911,0.8221287067625676,0.8221287067625676,1,0
monthly_state_ungated,2799,2022-08-05,2022-08-15,0.0091475117753996,2022,2022-07-31,learned_order_offset,20260911,0.7763427204784161,0.7763427204784161,1,1
monthly_state_ungated,2804,2022-08-12,2022-08-22,-0.0107272727272728,2022,2022-07-31,learned_order_offset,20260911,0.7964144422108967,0.7964144422108967,1,0
monthly_state_ungated,2809,2022-08-19,2022-08-29,-0.0172375434082356,2022,2022-07-31,learned_order_offset,20260911,0.7629768652536982,0.7629768652536982,1,0
monthly_state_ungated,2814,2022-08-26,2022-09-05,-0.0131573766941938,2022,2022-07-31,learned_order_offset,20260911,0.8221287067625676,0.8221287067625676,1,0
monthly_state_validated,2799,2022-08-05,2022-08-15,0.0091475117753996,2022,2022-07-31,learned_order_offset,20260912,0.6341811795165448,0.6341811795165448,1,1
monthly_state_validated,2804,2022-08-12,2022-08-22,-0.0107272727272728,2022,2022-07-31,learned_order_offset,20260912,0.5692369708416735,0.5692369708416735,1,0
monthly_state_validated,2809,2022-08-19,2022-08-29,-0.0172375434082356,2022,2022-07-31,learned_order_offset,20260912,0.569797003520037,0.569797003520037,1,0
monthly_state_validated,2814,2022-08-26,2022-09-05,-0.0131573766941938,2022,2022-07-31,learned_order_offset,20260912,0.5879050437117161,0.5879050437117161,1,0
monthly_state_ungated,2799,2022-08-05,2022-08-15,0.0091475117753996,2022,2022-07-31,learned_order_offset,20260912,0.6341811795165448,0.6341811795165448,1,1
monthly_state_ungated,2804,2022-08-12,2022-08-22,-0.0107272727272728,2022,2022-07-31,learned_order_offset,20260912,0.5692369708416735,0.5692369708416735,1,0
monthly_state_ungated,2809,2022-08-19,2022-08-29,-0.0172375434082356,2022,2022-07-31,learned_order_offset,20260912,0.569797003520037,0.569797003520037,1,0
monthly_state_ungated,2814,2022-08-26,2022-09-05,-0.0131573766941938,2022,2022-07-31,learned_order_offset,20260912,0.5879050437117161,0.5879050437117161,1,0
monthly_state_validated,2819,2022-09-02,2022-09-13,0.0253340680878015,2022,2022-08-31,learned_market,20260910,0.6087605094365632,0.6087605094365632,1,1
monthly_state_validated,2824,2022-09-09,2022-09-19,-0.044647264962877,2022,2022-08-31,learned_market,20260910,0.7721790950630053,0.7721790950630053,1,0
monthly_state_validated,2828,2022-09-16,2022-09-26,-0.025155151434928,2022,2022-08-31,learned_market,20260910,0.5649186144863099,0.5649186144863099,1,0
monthly_state_validated,2833,2022-09-23,2022-10-10,-0.0060162941299352,2022,2022-08-31,learned_market,20260910,0.7324525583451496,0.7324525583451496,1,0
monthly_state_validated,2838,2022-09-30,2022-10-17,0.0041192047412885,2022,2022-08-31,learned_market,20260910,0.551594616292446,0.551594616292446,1,1
monthly_state_ungated,2819,2022-09-02,2022-09-13,0.0253340680878015,2022,2022-08-31,learned_market,20260910,0.5833614965424988,0.5833614965424988,1,1
monthly_state_ungated,2824,2022-09-09,2022-09-19,-0.044647264962877,2022,2022-08-31,learned_market,20260910,0.7530860769844581,0.7530860769844581,1,0
monthly_state_ungated,2828,2022-09-16,2022-09-26,-0.025155151434928,2022,2022-08-31,learned_market,20260910,0.5388295617909097,0.5388295617909097,1,0
monthly_state_ungated,2833,2022-09-23,2022-10-10,-0.0060162941299352,2022,2022-08-31,learned_market,20260910,0.7112750543318359,0.7112750543318359,1,0
monthly_state_ungated,2838,2022-09-30,2022-10-17,0.0041192047412885,2022,2022-08-31,learned_market,20260910,0.5253778587811716,0.5253778587811716,1,1
monthly_state_validated,2819,2022-09-02,2022-09-13,0.0253340680878015,2022,2022-08-31,learned_market,20260911,0.6710140552387813,0.6710140552387813,1,1
monthly_state_validated,2824,2022-09-09,2022-09-19,-0.044647264962877,2022,2022-08-31,learned_market,20260911,0.6038239271387368,0.6038239271387368,1,0
monthly_state_validated,2828,2022-09-16,2022-09-26,-0.025155151434928,2022,2022-08-31,learned_market,20260911,0.6255457939860786,0.6255457939860786,1,0
monthly_state_validated,2833,2022-09-23,2022-10-10,-0.0060162941299352,2022,2022-08-31,learned_market,20260911,0.7610381426054592,0.7610381426054592,1,0
monthly_state_validated,2838,2022-09-30,2022-10-17,0.0041192047412885,2022,2022-08-31,learned_market,20260911,0.6286054158457117,0.6286054158457117,1,1
monthly_state_ungated,2819,2022-09-02,2022-09-13,0.0253340680878015,2022,2022-08-31,learned_market,20260911,0.6379154442955632,0.6379154442955632,1,1
monthly_state_ungated,2824,2022-09-09,2022-09-19,-0.044647264962877,2022,2022-08-31,learned_market,20260911,0.5683142983265174,0.5683142983265174,1,0
monthly_state_ungated,2828,2022-09-16,2022-09-26,-0.025155151434928,2022,2022-08-31,learned_market,20260911,0.5906632636160866,0.5906632636160866,1,0
monthly_state_ungated,2833,2022-09-23,2022-10-10,-0.0060162941299352,2022,2022-08-31,learned_market,20260911,0.7333981634874768,0.7333981634874768,1,0
monthly_state_ungated,2838,2022-09-30,2022-10-17,0.0041192047412885,2022,2022-08-31,learned_market,20260911,0.5938228376949088,0.5938228376949088,1,1
monthly_state_validated,2819,2022-09-02,2022-09-13,0.0253340680878015,2022,2022-08-31,learned_market,20260912,0.6776668778650508,0.6776668778650508,1,1
monthly_state_validated,2824,2022-09-09,2022-09-19,-0.044647264962877,2022,2022-08-31,learned_market,20260912,0.7725381912044669,0.7725381912044669,1,0
monthly_state_validated,2828,2022-09-16,2022-09-26,-0.025155151434928,2022,2022-08-31,learned_market,20260912,0.7541769397244196,0.7541769397244196,1,0
monthly_state_validated,2833,2022-09-23,2022-10-10,-0.0060162941299352,2022,2022-08-31,learned_market,20260912,0.7274092875597576,0.7274092875597576,1,0
monthly_state_validated,2838,2022-09-30,2022-10-17,0.0041192047412885,2022,2022-08-31,learned_market,20260912,0.701145229530902,0.701145229530902,1,1
monthly_state_ungated,2819,2022-09-02,2022-09-13,0.0253340680878015,2022,2022-08-31,learned_market,20260912,0.6647050885397452,0.6647050885397452,1,1
monthly_state_ungated,2824,2022-09-09,2022-09-19,-0.044647264962877,2022,2022-08-31,learned_market,20260912,0.7620518489156071,0.7620518489156071,1,0
monthly_state_ungated,2828,2022-09-16,2022-09-26,-0.025155151434928,2022,2022-08-31,learned_market,20260912,0.7431255765790031,0.7431255765790031,1,0
monthly_state_ungated,2833,2022-09-23,2022-10-10,-0.0060162941299352,2022,2022-08-31,learned_market,20260912,0.7156083242895954,0.7156083242895954,1,0
monthly_state_ungated,2838,2022-09-30,2022-10-17,0.0041192047412885,2022,2022-08-31,learned_market,20260912,0.6886938515078427,0.6886938515078427,1,1
monthly_state_validated,2819,2022-09-02,2022-09-13,0.0253340680878015,2022,2022-08-31,learned_vol_interaction,20260910,0.6153521718981038,0.6153521718981038,1,1
monthly_state_validated,2824,2022-09-09,2022-09-19,-0.044647264962877,2022,2022-08-31,learned_vol_interaction,20260910,0.784077999023363,0.784077999023363,1,0
monthly_state_validated,2828,2022-09-16,2022-09-26,-0.025155151434928,2022,2022-08-31,learned_vol_interaction,20260910,0.5761867154144525,0.5761867154144525,1,0
monthly_state_validated,2833,2022-09-23,2022-10-10,-0.0060162941299352,2022,2022-08-31,learned_vol_interaction,20260910,0.7436633183671754,0.7436633183671754,1,0
monthly_state_validated,2838,2022-09-30,2022-10-17,0.0041192047412885,2022,2022-08-31,learned_vol_interaction,20260910,0.5600994269795847,0.5600994269795847,1,1
monthly_state_ungated,2819,2022-09-02,2022-09-13,0.0253340680878015,2022,2022-08-31,learned_vol_interaction,20260910,0.5856285551049538,0.5856285551049538,1,1
monthly_state_ungated,2824,2022-09-09,2022-09-19,-0.044647264962877,2022,2022-08-31,learned_vol_interaction,20260910,0.7623574076569153,0.7623574076569153,1,0
monthly_state_ungated,2828,2022-09-16,2022-09-26,-0.025155151434928,2022,2022-08-31,learned_vol_interaction,20260910,0.5456711325818637,0.5456711325818637,1,0
monthly_state_ungated,2833,2022-09-23,2022-10-10,-0.0060162941299352,2022,2022-08-31,learned_vol_interaction,20260910,0.7193325082293494,0.7193325082293494,1,0
monthly_state_ungated,2838,2022-09-30,2022-10-17,0.0041192047412885,2022,2022-08-31,learned_vol_interaction,20260910,0.5293716373377039,0.5293716373377039,1,1
monthly_state_validated,2819,2022-09-02,2022-09-13,0.0253340680878015,2022,2022-08-31,learned_vol_interaction,20260911,0.6762833071893946,0.6762833071893946,1,1
monthly_state_validated,2824,2022-09-09,2022-09-19,-0.044647264962877,2022,2022-08-31,learned_vol_interaction,20260911,0.6072920416996368,0.6072920416996368,1,0
monthly_state_validated,2828,2022-09-16,2022-09-26,-0.025155151434928,2022,2022-08-31,learned_vol_interaction,20260911,0.6281865846659338,0.6281865846659338,1,0
monthly_state_validated,2833,2022-09-23,2022-10-10,-0.0060162941299352,2022,2022-08-31,learned_vol_interaction,20260911,0.7572974806973762,0.7572974806973762,1,0
monthly_state_validated,2838,2022-09-30,2022-10-17,0.0041192047412885,2022,2022-08-31,learned_vol_interaction,20260911,0.6301564951939066,0.6301564951939066,1,1
monthly_state_ungated,2819,2022-09-02,2022-09-13,0.0253340680878015,2022,2022-08-31,learned_vol_interaction,20260911,0.644506085905568,0.644506085905568,1,1
monthly_state_ungated,2824,2022-09-09,2022-09-19,-0.044647264962877,2022,2022-08-31,learned_vol_interaction,20260911,0.5730182645810792,0.5730182645810792,1,0
monthly_state_ungated,2828,2022-09-16,2022-09-26,-0.025155151434928,2022,2022-08-31,learned_vol_interaction,20260911,0.5945188067605089,0.5945188067605089,1,0
monthly_state_ungated,2833,2022-09-23,2022-10-10,-0.0060162941299352,2022,2022-08-31,learned_vol_interaction,20260911,0.7303014299316979,0.7303014299316979,1,0
monthly_state_ungated,2838,2022-09-30,2022-10-17,0.0041192047412885,2022,2022-08-31,learned_vol_interaction,20260911,0.5965525327497772,0.5965525327497772,1,1
monthly_state_validated,2819,2022-09-02,2022-09-13,0.0253340680878015,2022,2022-08-31,learned_vol_interaction,20260912,0.6636201775005496,0.6636201775005496,1,1
monthly_state_validated,2824,2022-09-09,2022-09-19,-0.044647264962877,2022,2022-08-31,learned_vol_interaction,20260912,0.7803694380682105,0.7803694380682105,1,0
monthly_state_validated,2828,2022-09-16,2022-09-26,-0.025155151434928,2022,2022-08-31,learned_vol_interaction,20260912,0.7561873327161356,0.7561873327161356,1,0
monthly_state_validated,2833,2022-09-23,2022-10-10,-0.0060162941299352,2022,2022-08-31,learned_vol_interaction,20260912,0.741993522692739,0.741993522692739,1,0
monthly_state_validated,2838,2022-09-30,2022-10-17,0.0041192047412885,2022,2022-08-31,learned_vol_interaction,20260912,0.7050997161299666,0.7050997161299666,1,1
monthly_state_ungated,2819,2022-09-02,2022-09-13,0.0253340680878015,2022,2022-08-31,learned_vol_interaction,20260912,0.6503064389877249,0.6503064389877249,1,1
monthly_state_ungated,2824,2022-09-09,2022-09-19,-0.044647264962877,2022,2022-08-31,learned_vol_interaction,20260912,0.7700755804634496,0.7700755804634496,1,0
monthly_state_ungated,2828,2022-09-16,2022-09-26,-0.025155151434928,2022,2022-08-31,learned_vol_interaction,20260912,0.7451302516644043,0.7451302516644043,1,0
monthly_state_ungated,2833,2022-09-23,2022-10-10,-0.0060162941299352,2022,2022-08-31,learned_vol_interaction,20260912,0.7305221333631233,0.7305221333631233,1,0
monthly_state_ungated,2838,2022-09-30,2022-10-17,0.0041192047412885,2022,2022-08-31,learned_vol_interaction,20260912,0.6926674020878864,0.6926674020878864,1,1
monthly_state_validated,2819,2022-09-02,2022-09-13,0.0253340680878015,2022,2022-08-31,learned_order_extension,20260910,0.5957625148526239,0.5957625148526239,1,1
monthly_state_validated,2824,2022-09-09,2022-09-19,-0.044647264962877,2022,2022-08-31,learned_order_extension,20260910,0.6877495846105631,0.6877495846105631,1,0
monthly_state_validated,2828,2022-09-16,2022-09-26,-0.025155151434928,2022,2022-08-31,learned_order_extension,20260910,0.5682731902480352,0.5682731902480352,1,0
monthly_state_validated,2833,2022-09-23,2022-10-10,-0.0060162941299352,2022,2022-08-31,learned_order_extension,20260910,0.6781748015829271,0.6781748015829271,1,0
monthly_state_validated,2838,2022-09-30,2022-10-17,0.0041192047412885,2022,2022-08-31,learned_order_extension,20260910,0.5645710885067642,0.5645710885067642,1,1
monthly_state_ungated,2819,2022-09-02,2022-09-13,0.0253340680878015,2022,2022-08-31,learned_order_extension,20260910,0.5638757661284504,0.5638757661284504,1,1
monthly_state_ungated,2824,2022-09-09,2022-09-19,-0.044647264962877,2022,2022-08-31,learned_order_extension,20260910,0.6589652773645727,0.6589652773645727,1,0
monthly_state_ungated,2828,2022-09-16,2022-09-26,-0.025155151434928,2022,2022-08-31,learned_order_extension,20260910,0.5359072043911545,0.5359072043911545,1,0
monthly_state_ungated,2833,2022-09-23,2022-10-10,-0.0060162941299352,2022,2022-08-31,learned_order_extension,20260910,0.6489583739630976,0.6489583739630976,1,0
monthly_state_ungated,2838,2022-09-30,2022-10-17,0.0041192047412885,2022,2022-08-31,learned_order_extension,20260910,0.5321560535325791,0.5321560535325791,1,1
monthly_state_validated,2819,2022-09-02,2022-09-13,0.0253340680878015,2022,2022-08-31,learned_order_extension,20260911,0.7276803329800616,0.7276803329800616,1,1
monthly_state_validated,2824,2022-09-09,2022-09-19,-0.044647264962877,2022,2022-08-31,learned_order_extension,20260911,0.6403269116194389,0.6403269116194389,1,0
monthly_state_validated,2828,2022-09-16,2022-09-26,-0.025155151434928,2022,2022-08-31,learned_order_extension,20260911,0.672911792764146,0.672911792764146,1,0
monthly_state_validated,2833,2022-09-23,2022-10-10,-0.0060162941299352,2022,2022-08-31,learned_order_extension,20260911,0.8103058077398577,0.8103058077398577,1,0
monthly_state_validated,2838,2022-09-30,2022-10-17,0.0041192047412885,2022,2022-08-31,learned_order_extension,20260911,0.6385508768739941,0.6385508768739941,1,1
monthly_state_ungated,2819,2022-09-02,2022-09-13,0.0253340680878015,2022,2022-08-31,learned_order_extension,20260911,0.6941287099328394,0.6941287099328394,1,1
monthly_state_ungated,2824,2022-09-09,2022-09-19,-0.044647264962877,2022,2022-08-31,learned_order_extension,20260911,0.6019007215320453,0.6019007215320453,1,0
monthly_state_ungated,2828,2022-09-16,2022-09-26,-0.025155151434928,2022,2022-08-31,learned_order_extension,20260911,0.6359878375397101,0.6359878375397101,1,0
monthly_state_ungated,2833,2022-09-23,2022-10-10,-0.0060162941299352,2022,2022-08-31,learned_order_extension,20260911,0.7839111876163407,0.7839111876163407,1,0
monthly_state_ungated,2838,2022-09-30,2022-10-17,0.0041192047412885,2022,2022-08-31,learned_order_extension,20260911,0.6000534559441512,0.6000534559441512,1,1
monthly_state_validated,2819,2022-09-02,2022-09-13,0.0253340680878015,2022,2022-08-31,learned_order_extension,20260912,0.6379877793880597,0.6379877793880597,1,1
monthly_state_validated,2824,2022-09-09,2022-09-19,-0.044647264962877,2022,2022-08-31,learned_order_extension,20260912,0.7291911589139091,0.7291911589139091,1,0
monthly_state_validated,2828,2022-09-16,2022-09-26,-0.025155151434928,2022,2022-08-31,learned_order_extension,20260912,0.7111098702993732,0.7111098702993732,1,0
monthly_state_validated,2833,2022-09-23,2022-10-10,-0.0060162941299352,2022,2022-08-31,learned_order_extension,20260912,0.7077372458929503,0.7077372458929503,1,0
monthly_state_validated,2838,2022-09-30,2022-10-17,0.0041192047412885,2022,2022-08-31,learned_order_extension,20260912,0.6810391020203391,0.6810391020203391,1,1
monthly_state_ungated,2819,2022-09-02,2022-09-13,0.0253340680878015,2022,2022-08-31,learned_order_extension,20260912,0.6249642533738036,0.6249642533738036,1,1
monthly_state_ungated,2824,2022-09-09,2022-09-19,-0.044647264962877,2022,2022-08-31,learned_order_extension,20260912,0.7179984167795022,0.7179984167795022,1,0
monthly_state_ungated,2828,2022-09-16,2022-09-26,-0.025155151434928,2022,2022-08-31,learned_order_extension,20260912,0.699477805423075,0.699477805423075,1,0
monthly_state_ungated,2833,2022-09-23,2022-10-10,-0.0060162941299352,2022,2022-08-31,learned_order_extension,20260912,0.6960274317541743,0.6960274317541743,1,0
monthly_state_ungated,2838,2022-09-30,2022-10-17,0.0041192047412885,2022,2022-08-31,learned_order_extension,20260912,0.6687602415485557,0.6687602415485557,1,1
monthly_state_validated,2819,2022-09-02,2022-09-13,0.0253340680878015,2022,2022-08-31,learned_order_offset,20260910,0.5955551925854443,0.5955551925854443,1,1
monthly_state_validated,2824,2022-09-09,2022-09-19,-0.044647264962877,2022,2022-08-31,learned_order_offset,20260910,0.6875149953447156,0.6875149953447156,1,0
monthly_state_validated,2828,2022-09-16,2022-09-26,-0.025155151434928,2022,2022-08-31,learned_order_offset,20260910,0.5682727339716999,0.5682727339716999,1,0
monthly_state_validated,2833,2022-09-23,2022-10-10,-0.0060162941299352,2022,2022-08-31,learned_order_offset,20260910,0.6779775008589831,0.6779775008589831,1,0
monthly_state_validated,2838,2022-09-30,2022-10-17,0.0041192047412885,2022,2022-08-31,learned_order_offset,20260910,0.5645126654405718,0.5645126654405718,1,1
monthly_state_ungated,2819,2022-09-02,2022-09-13,0.0253340680878015,2022,2022-08-31,learned_order_offset,20260910,0.5637037766141294,0.5637037766141294,1,1
monthly_state_ungated,2824,2022-09-09,2022-09-19,-0.044647264962877,2022,2022-08-31,learned_order_offset,20260910,0.6587560894449416,0.6587560894449416,1,0
monthly_state_ungated,2828,2022-09-16,2022-09-26,-0.025155151434928,2022,2022-08-31,learned_order_offset,20260910,0.5359468973065709,0.5359468973065709,1,0
monthly_state_ungated,2833,2022-09-23,2022-10-10,-0.0060162941299352,2022,2022-08-31,learned_order_offset,20260910,0.6487892289844156,0.6487892289844156,1,0
monthly_state_ungated,2838,2022-09-30,2022-10-17,0.0041192047412885,2022,2022-08-31,learned_order_offset,20260910,0.5321370830906186,0.5321370830906186,1,1
monthly_state_validated,2819,2022-09-02,2022-09-13,0.0253340680878015,2022,2022-08-31,learned_order_offset,20260911,0.7281487114609698,0.7281487114609698,1,1
monthly_state_validated,2824,2022-09-09,2022-09-19,-0.044647264962877,2022,2022-08-31,learned_order_offset,20260911,0.6402873789680222,0.6402873789680222,1,0
monthly_state_validated,2828,2022-09-16,2022-09-26,-0.025155151434928,2022,2022-08-31,learned_order_offset,20260911,0.6729215132790227,0.6729215132790227,1,0
monthly_state_validated,2833,2022-09-23,2022-10-10,-0.0060162941299352,2022,2022-08-31,learned_order_offset,20260911,0.8081806233925085,0.8081806233925085,1,0
monthly_state_validated,2838,2022-09-30,2022-10-17,0.0041192047412885,2022,2022-08-31,learned_order_offset,20260911,0.6388405343021406,0.6388405343021406,1,1
monthly_state_ungated,2819,2022-09-02,2022-09-13,0.0253340680878015,2022,2022-08-31,learned_order_offset,20260911,0.694763171921916,0.694763171921916,1,1
monthly_state_ungated,2824,2022-09-09,2022-09-19,-0.044647264962877,2022,2022-08-31,learned_order_offset,20260911,0.6020093864839963,0.6020093864839963,1,0
monthly_state_ungated,2828,2022-09-16,2022-09-26,-0.025155151434928,2022,2022-08-31,learned_order_offset,20260911,0.6361427776804932,0.6361427776804932,1,0
monthly_state_ungated,2833,2022-09-23,2022-10-10,-0.0060162941299352,2022,2022-08-31,learned_order_offset,20260911,0.7816767183815406,0.7816767183815406,1,0
monthly_state_ungated,2838,2022-09-30,2022-10-17,0.0041192047412885,2022,2022-08-31,learned_order_offset,20260911,0.6005046412888521,0.6005046412888521,1,1
monthly_state_validated,2819,2022-09-02,2022-09-13,0.0253340680878015,2022,2022-08-31,learned_order_offset,20260912,0.6381022660159982,0.6381022660159982,1,1
monthly_state_validated,2824,2022-09-09,2022-09-19,-0.044647264962877,2022,2022-08-31,learned_order_offset,20260912,0.729222320192203,0.729222320192203,1,0
monthly_state_validated,2828,2022-09-16,2022-09-26,-0.025155151434928,2022,2022-08-31,learned_order_offset,20260912,0.7111932176188367,0.7111932176188367,1,0
monthly_state_validated,2833,2022-09-23,2022-10-10,-0.0060162941299352,2022,2022-08-31,learned_order_offset,20260912,0.7077217498942572,0.7077217498942572,1,0
monthly_state_validated,2838,2022-09-30,2022-10-17,0.0041192047412885,2022,2022-08-31,learned_order_offset,20260912,0.6810773659822338,0.6810773659822338,1,1
monthly_state_ungated,2819,2022-09-02,2022-09-13,0.0253340680878015,2022,2022-08-31,learned_order_offset,20260912,0.6250946505546009,0.6250946505546009,1,1
monthly_state_ungated,2824,2022-09-09,2022-09-19,-0.044647264962877,2022,2022-08-31,learned_order_offset,20260912,0.7180426460613363,0.7180426460613363,1,0
monthly_state_ungated,2828,2022-09-16,2022-09-26,-0.025155151434928,2022,2022-08-31,learned_order_offset,20260912,0.6995758366327418,0.6995758366327418,1,0
monthly_state_ungated,2833,2022-09-23,2022-10-10,-0.0060162941299352,2022,2022-08-31,learned_order_offset,20260912,0.6960244125615969,0.6960244125615969,1,0
monthly_state_ungated,2838,2022-09-30,2022-10-17,0.0041192047412885,2022,2022-08-31,learned_order_offset,20260912,0.6688126952297216,0.6688126952297216,1,1
monthly_state_validated,2843,2022-10-14,2022-10-24,-0.0246766294110258,2022,2022-09-30,learned_market,20260910,0.6403027330022243,0.6403027330022243,1,0
monthly_state_validated,2848,2022-10-21,2022-10-31,-0.059928861134359,2022,2022-09-30,learned_market,20260910,0.6606065161528551,0.6606065161528551,1,0
monthly_state_validated,2853,2022-10-28,2022-11-07,0.071339502526744,2022,2022-09-30,learned_market,20260910,0.48869287053926297,0.48869287053926297,0,1
monthly_state_ungated,2843,2022-10-14,2022-10-24,-0.0246766294110258,2022,2022-09-30,learned_market,20260910,0.6160116703452067,0.6160116703452067,1,0
monthly_state_ungated,2848,2022-10-21,2022-10-31,-0.059928861134359,2022,2022-09-30,learned_market,20260910,0.6369090792291283,0.6369090792291283,1,0
monthly_state_ungated,2853,2022-10-28,2022-11-07,0.071339502526744,2022,2022-09-30,learned_market,20260910,0.4627539205679562,0.4627539205679562,0,1
monthly_state_validated,2843,2022-10-14,2022-10-24,-0.0246766294110258,2022,2022-09-30,learned_market,20260911,0.6024904340723066,0.6024904340723066,1,0
monthly_state_validated,2848,2022-10-21,2022-10-31,-0.059928861134359,2022,2022-09-30,learned_market,20260911,0.7274642486524198,0.7274642486524198,1,0
monthly_state_validated,2853,2022-10-28,2022-11-07,0.071339502526744,2022,2022-09-30,learned_market,20260911,0.6162056186940947,0.6162056186940947,1,1
monthly_state_ungated,2843,2022-10-14,2022-10-24,-0.0246766294110258,2022,2022-09-30,learned_market,20260911,0.579859897635771,0.579859897635771,1,0
monthly_state_ungated,2848,2022-10-21,2022-10-31,-0.059928861134359,2022,2022-09-30,learned_market,20260911,0.7085062980960062,0.7085062980960062,1,0
monthly_state_ungated,2853,2022-10-28,2022-11-07,0.071339502526744,2022,2022-09-30,learned_market,20260911,0.5938295092513919,0.5938295092513919,1,1
monthly_state_validated,2843,2022-10-14,2022-10-24,-0.0246766294110258,2022,2022-09-30,learned_market,20260912,0.5970595273904789,0.5970595273904789,1,0
monthly_state_validated,2848,2022-10-21,2022-10-31,-0.059928861134359,2022,2022-09-30,learned_market,20260912,0.6553886906733675,0.6553886906733675,1,0
monthly_state_validated,2853,2022-10-28,2022-11-07,0.071339502526744,2022,2022-09-30,learned_market,20260912,0.536234004877414,0.536234004877414,1,1
monthly_state_ungated,2843,2022-10-14,2022-10-24,-0.0246766294110258,2022,2022-09-30,learned_market,20260912,0.5870232809615116,0.5870232809615116,1,0
monthly_state_ungated,2848,2022-10-21,2022-10-31,-0.059928861134359,2022,2022-09-30,learned_market,20260912,0.6459437480391867,0.6459437480391867,1,0
monthly_state_ungated,2853,2022-10-28,2022-11-07,0.071339502526744,2022,2022-09-30,learned_market,20260912,0.525885790028752,0.525885790028752,1,1
monthly_state_validated,2843,2022-10-14,2022-10-24,-0.0246766294110258,2022,2022-09-30,learned_vol_interaction,20260910,0.6357117591692524,0.6357117591692524,1,0
monthly_state_validated,2848,2022-10-21,2022-10-31,-0.059928861134359,2022,2022-09-30,learned_vol_interaction,20260910,0.6680943131119911,0.6680943131119911,1,0
monthly_state_validated,2853,2022-10-28,2022-11-07,0.071339502526744,2022,2022-09-30,learned_vol_interaction,20260910,0.4928902394481825,0.4928902394481825,0,1
monthly_state_ungated,2843,2022-10-14,2022-10-24,-0.0246766294110258,2022,2022-09-30,learned_vol_interaction,20260910,0.6113578768067753,0.6113578768067753,1,0
monthly_state_ungated,2848,2022-10-21,2022-10-31,-0.059928861134359,2022,2022-09-30,learned_vol_interaction,20260910,0.6446953417832237,0.6446953417832237,1,0
monthly_state_ungated,2853,2022-10-28,2022-11-07,0.071339502526744,2022,2022-09-30,learned_vol_interaction,20260910,0.4669937679361167,0.4669937679361167,0,1
monthly_state_validated,2843,2022-10-14,2022-10-24,-0.0246766294110258,2022,2022-09-30,learned_vol_interaction,20260911,0.6036044775658358,0.6036044775658358,1,0
monthly_state_validated,2848,2022-10-21,2022-10-31,-0.059928861134359,2022,2022-09-30,learned_vol_interaction,20260911,0.726257224907292,0.726257224907292,1,0
monthly_state_validated,2853,2022-10-28,2022-11-07,0.071339502526744,2022,2022-09-30,learned_vol_interaction,20260911,0.6194197152198353,0.6194197152198353,1,1
monthly_state_ungated,2843,2022-10-14,2022-10-24,-0.0246766294110258,2022,2022-09-30,learned_vol_interaction,20260911,0.5808443333598491,0.5808443333598491,1,0
monthly_state_ungated,2848,2022-10-21,2022-10-31,-0.059928861134359,2022,2022-09-30,learned_vol_interaction,20260911,0.7071224308710524,0.7071224308710524,1,0
monthly_state_ungated,2853,2022-10-28,2022-11-07,0.071339502526744,2022,2022-09-30,learned_vol_interaction,20260911,0.5969613064967532,0.5969613064967532,1,1
monthly_state_validated,2843,2022-10-14,2022-10-24,-0.0246766294110258,2022,2022-09-30,learned_vol_interaction,20260912,0.5871886836004885,0.5871886836004885,1,0
monthly_state_validated,2848,2022-10-21,2022-10-31,-0.059928861134359,2022,2022-09-30,learned_vol_interaction,20260912,0.6628098538254427,0.6628098538254427,1,0
monthly_state_validated,2853,2022-10-28,2022-11-07,0.071339502526744,2022,2022-09-30,learned_vol_interaction,20260912,0.534286880369217,0.534286880369217,1,1
monthly_state_ungated,2843,2022-10-14,2022-10-24,-0.0246766294110258,2022,2022-09-30,learned_vol_interaction,20260912,0.5769486393156404,0.5769486393156404,1,0
monthly_state_ungated,2848,2022-10-21,2022-10-31,-0.059928861134359,2022,2022-09-30,learned_vol_interaction,20260912,0.6533381957715828,0.6533381957715828,1,0
monthly_state_ungated,2853,2022-10-28,2022-11-07,0.071339502526744,2022,2022-09-30,learned_vol_interaction,20260912,0.523798798759174,0.523798798759174,1,1
monthly_state_validated,2843,2022-10-14,2022-10-24,-0.0246766294110258,2022,2022-09-30,learned_order_extension,20260910,0.6076423145030778,0.6076423145030778,1,0
monthly_state_validated,2848,2022-10-21,2022-10-31,-0.059928861134359,2022,2022-09-30,learned_order_extension,20260910,0.6557670364672438,0.6557670364672438,1,0
monthly_state_validated,2853,2022-10-28,2022-11-07,0.071339502526744,2022,2022-09-30,learned_order_extension,20260910,0.49762556857203943,0.49762556857203943,0,1
monthly_state_ungated,2843,2022-10-14,2022-10-24,-0.0246766294110258,2022,2022-09-30,learned_order_extension,20260910,0.5835760444140247,0.5835760444140247,1,0
monthly_state_ungated,2848,2022-10-21,2022-10-31,-0.059928861134359,2022,2022-09-30,learned_order_extension,20260910,0.6328691423461356,0.6328691423461356,1,0
monthly_state_ungated,2853,2022-10-28,2022-11-07,0.071339502526744,2022,2022-09-30,learned_order_extension,20260910,0.4726674201786503,0.4726674201786503,0,1
monthly_state_validated,2843,2022-10-14,2022-10-24,-0.0246766294110258,2022,2022-09-30,learned_order_extension,20260911,0.6040798099433027,0.6040798099433027,1,0
monthly_state_validated,2848,2022-10-21,2022-10-31,-0.059928861134359,2022,2022-09-30,learned_order_extension,20260911,0.7460757510851368,0.7460757510851368,1,0
monthly_state_validated,2853,2022-10-28,2022-11-07,0.071339502526744,2022,2022-09-30,learned_order_extension,20260911,0.617431468121719,0.617431468121719,1,1
monthly_state_ungated,2843,2022-10-14,2022-10-24,-0.0246766294110258,2022,2022-09-30,learned_order_extension,20260911,0.5811622593521583,0.5811622593521583,1,0
monthly_state_ungated,2848,2022-10-21,2022-10-31,-0.059928861134359,2022,2022-09-30,learned_order_extension,20260911,0.7276721390416009,0.7276721390416009,1,0
monthly_state_ungated,2853,2022-10-28,2022-11-07,0.071339502526744,2022,2022-09-30,learned_order_extension,20260911,0.5947683209516764,0.5947683209516764,1,1
monthly_state_validated,2843,2022-10-14,2022-10-24,-0.0246766294110258,2022,2022-09-30,learned_order_extension,20260912,0.5780452108695775,0.5780452108695775,1,0
monthly_state_validated,2848,2022-10-21,2022-10-31,-0.059928861134359,2022,2022-09-30,learned_order_extension,20260912,0.6522176427129165,0.6522176427129165,1,0
monthly_state_validated,2853,2022-10-28,2022-11-07,0.071339502526744,2022,2022-09-30,learned_order_extension,20260912,0.5335986065550459,0.5335986065550459,1,1
monthly_state_ungated,2843,2022-10-14,2022-10-24,-0.0246766294110258,2022,2022-09-30,learned_order_extension,20260912,0.56813147254879,0.56813147254879,1,0
monthly_state_ungated,2848,2022-10-21,2022-10-31,-0.059928861134359,2022,2022-09-30,learned_order_extension,20260912,0.642970212077217,0.642970212077217,1,0
monthly_state_ungated,2853,2022-10-28,2022-11-07,0.071339502526744,2022,2022-09-30,learned_order_extension,20260912,0.5235014198763608,0.5235014198763608,1,1
monthly_state_validated,2843,2022-10-14,2022-10-24,-0.0246766294110258,2022,2022-09-30,learned_order_offset,20260910,0.6075471196498429,0.6075471196498429,1,0
monthly_state_validated,2848,2022-10-21,2022-10-31,-0.059928861134359,2022,2022-09-30,learned_order_offset,20260910,0.6556958121122778,0.6556958121122778,1,0
monthly_state_validated,2853,2022-10-28,2022-11-07,0.071339502526744,2022,2022-09-30,learned_order_offset,20260910,0.4975115636558439,0.4975115636558439,0,1
monthly_state_ungated,2843,2022-10-14,2022-10-24,-0.0246766294110258,2022,2022-09-30,learned_order_offset,20260910,0.5835218370364073,0.5835218370364073,1,0
monthly_state_ungated,2848,2022-10-21,2022-10-31,-0.059928861134359,2022,2022-09-30,learned_order_offset,20260910,0.6328367774328134,0.6328367774328134,1,0
monthly_state_ungated,2853,2022-10-28,2022-11-07,0.071339502526744,2022,2022-09-30,learned_order_offset,20260910,0.47259767476005127,0.47259767476005127,0,1
monthly_state_validated,2843,2022-10-14,2022-10-24,-0.0246766294110258,2022,2022-09-30,learned_order_offset,20260911,0.6039684511962653,0.6039684511962653,1,0
monthly_state_validated,2848,2022-10-21,2022-10-31,-0.059928861134359,2022,2022-09-30,learned_order_offset,20260911,0.7450194088842416,0.7450194088842416,1,0
monthly_state_validated,2853,2022-10-28,2022-11-07,0.071339502526744,2022,2022-09-30,learned_order_offset,20260911,0.6172868621197211,0.6172868621197211,1,1
monthly_state_ungated,2843,2022-10-14,2022-10-24,-0.0246766294110258,2022,2022-09-30,learned_order_offset,20260911,0.58133927238819,0.58133927238819,1,0
monthly_state_ungated,2848,2022-10-21,2022-10-31,-0.059928861134359,2022,2022-09-30,learned_order_offset,20260911,0.7268042105092205,0.7268042105092205,1,0
monthly_state_ungated,2853,2022-10-28,2022-11-07,0.071339502526744,2022,2022-09-30,learned_order_offset,20260911,0.5949082718033126,0.5949082718033126,1,1
monthly_state_validated,2843,2022-10-14,2022-10-24,-0.0246766294110258,2022,2022-09-30,learned_order_offset,20260912,0.5780788256268797,0.5780788256268797,1,0
monthly_state_validated,2848,2022-10-21,2022-10-31,-0.059928861134359,2022,2022-09-30,learned_order_offset,20260912,0.6522206517177457,0.6522206517177457,1,0
monthly_state_validated,2853,2022-10-28,2022-11-07,0.071339502526744,2022,2022-09-30,learned_order_offset,20260912,0.5335953389035146,0.5335953389035146,1,1
monthly_state_ungated,2843,2022-10-14,2022-10-24,-0.0246766294110258,2022,2022-09-30,learned_order_offset,20260912,0.5681866174237433,0.5681866174237433,1,0
monthly_state_ungated,2848,2022-10-21,2022-10-31,-0.059928861134359,2022,2022-09-30,learned_order_offset,20260912,0.6429932143567977,0.6429932143567977,1,0
monthly_state_ungated,2853,2022-10-28,2022-11-07,0.071339502526744,2022,2022-09-30,learned_order_offset,20260912,0.5235198310435061,0.5235198310435061,1,1
monthly_state_validated,2858,2022-11-04,2022-11-14,0.0169449090696014,2022,2022-10-31,learned_market,20260910,0.6432135269489713,0.6432135269489713,1,1
monthly_state_validated,2863,2022-11-11,2022-11-21,-0.0127051391515239,2022,2022-10-31,learned_market,20260910,0.606337907594987,0.606337907594987,1,0
monthly_state_validated,2868,2022-11-18,2022-11-28,-0.0179672806084416,2022,2022-10-31,learned_market,20260910,0.6352060184234257,0.6352060184234257,1,0
monthly_state_validated,2873,2022-11-25,2022-12-05,0.0555768659337096,2022,2022-10-31,learned_market,20260910,0.5292964513377313,0.5292964513377313,1,1
monthly_state_ungated,2858,2022-11-04,2022-11-14,0.0169449090696014,2022,2022-10-31,learned_market,20260910,0.6241742753303189,0.6241742753303189,1,1
monthly_state_ungated,2863,2022-11-11,2022-11-21,-0.0127051391515239,2022,2022-10-31,learned_market,20260910,0.5865955951329419,0.5865955951329419,1,0
monthly_state_ungated,2868,2022-11-18,2022-11-28,-0.0179672806084416,2022,2022-10-31,learned_market,20260910,0.6159945671437058,0.6159945671437058,1,0
monthly_state_ungated,2873,2022-11-25,2022-12-05,0.0555768659337096,2022,2022-10-31,learned_market,20260910,0.5088203363184868,0.5088203363184868,1,1
monthly_state_validated,2858,2022-11-04,2022-11-14,0.0169449090696014,2022,2022-10-31,learned_market,20260911,0.2741800907264702,0.2741800907264702,0,1
monthly_state_validated,2863,2022-11-11,2022-11-21,-0.0127051391515239,2022,2022-10-31,learned_market,20260911,0.4034782500066313,0.4034782500066313,0,0
monthly_state_validated,2868,2022-11-18,2022-11-28,-0.0179672806084416,2022,2022-10-31,learned_market,20260911,0.28542469178379576,0.28542469178379576,0,0
monthly_state_validated,2873,2022-11-25,2022-12-05,0.0555768659337096,2022,2022-10-31,learned_market,20260911,0.47138114372847095,0.47138114372847095,0,1
monthly_state_ungated,2858,2022-11-04,2022-11-14,0.0169449090696014,2022,2022-10-31,learned_market,20260911,0.2598553249115486,0.2598553249115486,0,1
monthly_state_ungated,2863,2022-11-11,2022-11-21,-0.0127051391515239,2022,2022-10-31,learned_market,20260911,0.38599065423291085,0.38599065423291085,0,0
monthly_state_ungated,2868,2022-11-18,2022-11-28,-0.0179672806084416,2022,2022-10-31,learned_market,20260911,0.27073157442574763,0.27073157442574763,0,0
monthly_state_ungated,2873,2022-11-25,2022-12-05,0.0555768659337096,2022,2022-10-31,learned_market,20260911,0.4531863754573856,0.4531863754573856,0,1
monthly_state_validated,2858,2022-11-04,2022-11-14,0.0169449090696014,2022,2022-10-31,learned_market,20260912,0.4957647389493266,0.4957647389493266,0,1
monthly_state_validated,2863,2022-11-11,2022-11-21,-0.0127051391515239,2022,2022-10-31,learned_market,20260912,0.49717853346026714,0.49717853346026714,0,0
monthly_state_validated,2868,2022-11-18,2022-11-28,-0.0179672806084416,2022,2022-10-31,learned_market,20260912,0.39757537516440544,0.39757537516440544,0,0
monthly_state_validated,2873,2022-11-25,2022-12-05,0.0555768659337096,2022,2022-10-31,learned_market,20260912,0.4703283336277873,0.4703283336277873,0,1
monthly_state_ungated,2858,2022-11-04,2022-11-14,0.0169449090696014,2022,2022-10-31,learned_market,20260912,0.4900752755201254,0.4900752755201254,0,1
monthly_state_ungated,2863,2022-11-11,2022-11-21,-0.0127051391515239,2022,2022-10-31,learned_market,20260912,0.49148865988065443,0.49148865988065443,0,0
monthly_state_ungated,2868,2022-11-18,2022-11-28,-0.0179672806084416,2022,2022-10-31,learned_market,20260912,0.39213642343771393,0.39213642343771393,0,0
monthly_state_ungated,2873,2022-11-25,2022-12-05,0.0555768659337096,2022,2022-10-31,learned_market,20260912,0.4646617800595512,0.4646617800595512,0,1
monthly_state_validated,2858,2022-11-04,2022-11-14,0.0169449090696014,2022,2022-10-31,learned_vol_interaction,20260910,0.6146316194730053,0.6146316194730053,1,1
monthly_state_validated,2863,2022-11-11,2022-11-21,-0.0127051391515239,2022,2022-10-31,learned_vol_interaction,20260910,0.5902125996115632,0.5902125996115632,1,0
monthly_state_validated,2868,2022-11-18,2022-11-28,-0.0179672806084416,2022,2022-10-31,learned_vol_interaction,20260910,0.6226898926200907,0.6226898926200907,1,0
monthly_state_validated,2873,2022-11-25,2022-12-05,0.0555768659337096,2022,2022-10-31,learned_vol_interaction,20260910,0.5363930512088583,0.5363930512088583,1,1
monthly_state_ungated,2858,2022-11-04,2022-11-14,0.0169449090696014,2022,2022-10-31,learned_vol_interaction,20260910,0.5950906167214328,0.5950906167214328,1,1
monthly_state_ungated,2863,2022-11-11,2022-11-21,-0.0127051391515239,2022,2022-10-31,learned_vol_interaction,20260910,0.5702990396136596,0.5702990396136596,1,0
monthly_state_ungated,2868,2022-11-18,2022-11-28,-0.0179672806084416,2022,2022-10-31,learned_vol_interaction,20260910,0.6032937689495063,0.6032937689495063,1,0
monthly_state_ungated,2873,2022-11-25,2022-12-05,0.0555768659337096,2022,2022-10-31,learned_vol_interaction,20260910,0.5160088023638857,0.5160088023638857,1,1
monthly_state_validated,2858,2022-11-04,2022-11-14,0.0169449090696014,2022,2022-10-31,learned_vol_interaction,20260911,0.2623086047561504,0.2623086047561504,0,1
monthly_state_validated,2863,2022-11-11,2022-11-21,-0.0127051391515239,2022,2022-10-31,learned_vol_interaction,20260911,0.3957947302193098,0.3957947302193098,0,0
monthly_state_validated,2868,2022-11-18,2022-11-28,-0.0179672806084416,2022,2022-10-31,learned_vol_interaction,20260911,0.27002199366661744,0.27002199366661744,0,0
monthly_state_validated,2873,2022-11-25,2022-12-05,0.0555768659337096,2022,2022-10-31,learned_vol_interaction,20260911,0.4675758528871144,0.4675758528871144,0,1
monthly_state_ungated,2858,2022-11-04,2022-11-14,0.0169449090696014,2022,2022-10-31,learned_vol_interaction,20260911,0.2482764444545648,0.2482764444545648,0,1
monthly_state_ungated,2863,2022-11-11,2022-11-21,-0.0127051391515239,2022,2022-10-31,learned_vol_interaction,20260911,0.37828351725994935,0.37828351725994935,0,0
monthly_state_ungated,2868,2022-11-18,2022-11-28,-0.0179672806084416,2022,2022-10-31,learned_vol_interaction,20260911,0.2557202435033808,0.2557202435033808,0,0
monthly_state_ungated,2873,2022-11-25,2022-12-05,0.0555768659337096,2022,2022-10-31,learned_vol_interaction,20260911,0.4492501647586288,0.4492501647586288,0,1
monthly_state_validated,2858,2022-11-04,2022-11-14,0.0169449090696014,2022,2022-10-31,learned_vol_interaction,20260912,0.49519570030892074,0.49519570030892074,0,1
monthly_state_validated,2863,2022-11-11,2022-11-21,-0.0127051391515239,2022,2022-10-31,learned_vol_interaction,20260912,0.5081257076644325,0.5081257076644325,1,0
monthly_state_validated,2868,2022-11-18,2022-11-28,-0.0179672806084416,2022,2022-10-31,learned_vol_interaction,20260912,0.42590416475914467,0.42590416475914467,0,0
monthly_state_validated,2873,2022-11-25,2022-12-05,0.0555768659337096,2022,2022-10-31,learned_vol_interaction,20260912,0.47730469118095553,0.47730469118095553,0,1
monthly_state_ungated,2858,2022-11-04,2022-11-14,0.0169449090696014,2022,2022-10-31,learned_vol_interaction,20260912,0.48934865633060387,0.48934865633060387,0,1
monthly_state_ungated,2863,2022-11-11,2022-11-21,-0.0127051391515239,2022,2022-10-31,learned_vol_interaction,20260912,0.5022778996087256,0.5022778996087256,1,0
monthly_state_ungated,2868,2022-11-18,2022-11-28,-0.0179672806084416,2022,2022-10-31,learned_vol_interaction,20260912,0.4201942527056125,0.4201942527056125,0,0
monthly_state_ungated,2873,2022-11-25,2022-12-05,0.0555768659337096,2022,2022-10-31,learned_vol_interaction,20260912,0.4714715961625696,0.4714715961625696,0,1
monthly_state_validated,2858,2022-11-04,2022-11-14,0.0169449090696014,2022,2022-10-31,learned_order_extension,20260910,0.613159850832912,0.613159850832912,1,1
monthly_state_validated,2863,2022-11-11,2022-11-21,-0.0127051391515239,2022,2022-10-31,learned_order_extension,20260910,0.5964706436497149,0.5964706436497149,1,0
monthly_state_validated,2868,2022-11-18,2022-11-28,-0.0179672806084416,2022,2022-10-31,learned_order_extension,20260910,0.6322085568902898,0.6322085568902898,1,0
monthly_state_validated,2873,2022-11-25,2022-12-05,0.0555768659337096,2022,2022-10-31,learned_order_extension,20260910,0.5288535444594932,0.5288535444594932,1,1
monthly_state_ungated,2858,2022-11-04,2022-11-14,0.0169449090696014,2022,2022-10-31,learned_order_extension,20260910,0.5944556558864129,0.5944556558864129,1,1
monthly_state_ungated,2863,2022-11-11,2022-11-21,-0.0127051391515239,2022,2022-10-31,learned_order_extension,20260910,0.5775155120761921,0.5775155120761921,1,0
monthly_state_ungated,2868,2022-11-18,2022-11-28,-0.0179672806084416,2022,2022-10-31,learned_order_extension,20260910,0.6138453467670778,0.6138453467670778,1,0
monthly_state_ungated,2873,2022-11-25,2022-12-05,0.0555768659337096,2022,2022-10-31,learned_order_extension,20260910,0.5093349984670746,0.5093349984670746,1,1
monthly_state_validated,2858,2022-11-04,2022-11-14,0.0169449090696014,2022,2022-10-31,learned_order_extension,20260911,0.23004652965456976,0.23004652965456976,0,1
monthly_state_validated,2863,2022-11-11,2022-11-21,-0.0127051391515239,2022,2022-10-31,learned_order_extension,20260911,0.4001949641411597,0.4001949641411597,0,0
monthly_state_validated,2868,2022-11-18,2022-11-28,-0.0179672806084416,2022,2022-10-31,learned_order_extension,20260911,0.30403744962658297,0.30403744962658297,0,0
monthly_state_validated,2873,2022-11-25,2022-12-05,0.0555768659337096,2022,2022-10-31,learned_order_extension,20260911,0.4839806901293675,0.4839806901293675,0,1
monthly_state_ungated,2858,2022-11-04,2022-11-14,0.0169449090696014,2022,2022-10-31,learned_order_extension,20260911,0.21717815675832952,0.21717815675832952,0,1
monthly_state_ungated,2863,2022-11-11,2022-11-21,-0.0127051391515239,2022,2022-10-31,learned_order_extension,20260911,0.3825375464932916,0.3825375464932916,0,0
monthly_state_ungated,2868,2022-11-18,2022-11-28,-0.0179672806084416,2022,2022-10-31,learned_order_extension,20260911,0.28858144333766633,0.28858144333766633,0,0
monthly_state_ungated,2873,2022-11-25,2022-12-05,0.0555768659337096,2022,2022-10-31,learned_order_extension,20260911,0.4654954782070881,0.4654954782070881,0,1
monthly_state_validated,2858,2022-11-04,2022-11-14,0.0169449090696014,2022,2022-10-31,learned_order_extension,20260912,0.4987947331500217,0.4987947331500217,0,1
monthly_state_validated,2863,2022-11-11,2022-11-21,-0.0127051391515239,2022,2022-10-31,learned_order_extension,20260912,0.5087391037241329,0.5087391037241329,1,0
monthly_state_validated,2868,2022-11-18,2022-11-28,-0.0179672806084416,2022,2022-10-31,learned_order_extension,20260912,0.4198421144660997,0.4198421144660997,0,0
monthly_state_validated,2873,2022-11-25,2022-12-05,0.0555768659337096,2022,2022-10-31,learned_order_extension,20260912,0.46813125282876833,0.46813125282876833,0,1
monthly_state_ungated,2858,2022-11-04,2022-11-14,0.0169449090696014,2022,2022-10-31,learned_order_extension,20260912,0.49333382008100435,0.49333382008100435,0,1
monthly_state_ungated,2863,2022-11-11,2022-11-21,-0.0127051391515239,2022,2022-10-31,learned_order_extension,20260912,0.5032786410389205,0.5032786410389205,1,0
monthly_state_ungated,2868,2022-11-18,2022-11-28,-0.0179672806084416,2022,2022-10-31,learned_order_extension,20260912,0.41453068242829944,0.41453068242829944,0,0
monthly_state_ungated,2873,2022-11-25,2022-12-05,0.0555768659337096,2022,2022-10-31,learned_order_extension,20260912,0.46269613341968907,0.46269613341968907,0,1
monthly_state_validated,2858,2022-11-04,2022-11-14,0.0169449090696014,2022,2022-10-31,learned_order_offset,20260910,0.6129918071450171,0.6129918071450171,1,1
monthly_state_validated,2863,2022-11-11,2022-11-21,-0.0127051391515239,2022,2022-10-31,learned_order_offset,20260910,0.5961930236665007,0.5961930236665007,1,0
monthly_state_validated,2868,2022-11-18,2022-11-28,-0.0179672806084416,2022,2022-10-31,learned_order_offset,20260910,0.6320302130297768,0.6320302130297768,1,0
monthly_state_validated,2873,2022-11-25,2022-12-05,0.0555768659337096,2022,2022-10-31,learned_order_offset,20260910,0.5287341743413922,0.5287341743413922,1,1
monthly_state_ungated,2858,2022-11-04,2022-11-14,0.0169449090696014,2022,2022-10-31,learned_order_offset,20260910,0.594329328212302,0.594329328212302,1,1
monthly_state_ungated,2863,2022-11-11,2022-11-21,-0.0127051391515239,2022,2022-10-31,learned_order_offset,20260910,0.5772790987404538,0.5772790987404538,1,0
monthly_state_ungated,2868,2022-11-18,2022-11-28,-0.0179672806084416,2022,2022-10-31,learned_order_offset,20260910,0.6137072614899823,0.6137072614899823,1,0
monthly_state_ungated,2873,2022-11-25,2022-12-05,0.0555768659337096,2022,2022-10-31,learned_order_offset,20260910,0.5092613617468906,0.5092613617468906,1,1
monthly_state_validated,2858,2022-11-04,2022-11-14,0.0169449090696014,2022,2022-10-31,learned_order_offset,20260911,0.2288997396561917,0.2288997396561917,0,1
monthly_state_validated,2863,2022-11-11,2022-11-21,-0.0127051391515239,2022,2022-10-31,learned_order_offset,20260911,0.39873151134177104,0.39873151134177104,0,0
monthly_state_validated,2868,2022-11-18,2022-11-28,-0.0179672806084416,2022,2022-10-31,learned_order_offset,20260911,0.3021649857617269,0.3021649857617269,0,0
monthly_state_validated,2873,2022-11-25,2022-12-05,0.0555768659337096,2022,2022-10-31,learned_order_offset,20260911,0.4818279173695329,0.4818279173695329,0,1
monthly_state_ungated,2858,2022-11-04,2022-11-14,0.0169449090696014,2022,2022-10-31,learned_order_offset,20260911,0.2162731441899219,0.2162731441899219,0,1
monthly_state_ungated,2863,2022-11-11,2022-11-21,-0.0127051391515239,2022,2022-10-31,learned_order_offset,20260911,0.38136998986154597,0.38136998986154597,0,0
monthly_state_ungated,2868,2022-11-18,2022-11-28,-0.0179672806084416,2022,2022-10-31,learned_order_offset,20260911,0.28700114521105813,0.28700114521105813,0,0
monthly_state_ungated,2873,2022-11-25,2022-12-05,0.0555768659337096,2022,2022-10-31,learned_order_offset,20260911,0.46363819622033997,0.46363819622033997,0,1
monthly_state_validated,2858,2022-11-04,2022-11-14,0.0169449090696014,2022,2022-10-31,learned_order_offset,20260912,0.49899626271395653,0.49899626271395653,0,1
monthly_state_validated,2863,2022-11-11,2022-11-21,-0.0127051391515239,2022,2022-10-31,learned_order_offset,20260912,0.5087287832505283,0.5087287832505283,1,0
monthly_state_validated,2868,2022-11-18,2022-11-28,-0.0179672806084416,2022,2022-10-31,learned_order_offset,20260912,0.4199934200293093,0.4199934200293093,0,0
monthly_state_validated,2873,2022-11-25,2022-12-05,0.0555768659337096,2022,2022-10-31,learned_order_offset,20260912,0.4681523148388295,0.4681523148388295,0,1
monthly_state_ungated,2858,2022-11-04,2022-11-14,0.0169449090696014,2022,2022-10-31,learned_order_offset,20260912,0.49355131486513926,0.49355131486513926,0,1
monthly_state_ungated,2863,2022-11-11,2022-11-21,-0.0127051391515239,2022,2022-10-31,learned_order_offset,20260912,0.5032843188236978,0.5032843188236978,1,0
monthly_state_ungated,2868,2022-11-18,2022-11-28,-0.0179672806084416,2022,2022-10-31,learned_order_offset,20260912,0.4146969778366083,0.4146969778366083,0,0
monthly_state_ungated,2873,2022-11-25,2022-12-05,0.0555768659337096,2022,2022-10-31,learned_order_offset,20260912,0.4627330763573178,0.4627330763573178,0,1
monthly_state_validated,2878,2022-12-02,2022-12-12,0.0175374394775362,2022,2022-11-30,learned_market,20260910,0.4548499654173575,0.4548499654173575,0,1
monthly_state_validated,2883,2022-12-09,2022-12-19,-0.0058850602464181,2022,2022-11-30,learned_market,20260910,0.4024685924220634,0.4024685924220634,0,0
monthly_state_validated,2888,2022-12-16,2022-12-26,-0.0309150292073658,2022,2022-11-30,learned_market,20260910,0.606228916591695,0.606228916591695,1,0
monthly_state_validated,2893,2022-12-23,2023-01-03,0.0089464492229616,2022,2022-11-30,learned_market,20260910,0.47887598366843614,0.47887598366843614,0,1
monthly_state_validated,2898,2022-12-30,2023-01-09,0.0345913414268119,2022,2022-11-30,learned_market,20260910,0.5477899926075573,0.5477899926075573,1,1
monthly_state_ungated,2878,2022-12-02,2022-12-12,0.0175374394775362,2022,2022-11-30,learned_market,20260910,0.4548499654173575,0.4548499654173575,0,1
monthly_state_ungated,2883,2022-12-09,2022-12-19,-0.0058850602464181,2022,2022-11-30,learned_market,20260910,0.4024685924220634,0.4024685924220634,0,0
monthly_state_ungated,2888,2022-12-16,2022-12-26,-0.0309150292073658,2022,2022-11-30,learned_market,20260910,0.5786816358719838,0.5786816358719838,1,0
monthly_state_ungated,2893,2022-12-23,2023-01-03,0.0089464492229616,2022,2022-11-30,learned_market,20260910,0.47887598366843614,0.47887598366843614,0,1
monthly_state_ungated,2898,2022-12-30,2023-01-09,0.0345913414268119,2022,2022-11-30,learned_market,20260910,0.5193955339212201,0.5193955339212201,1,1
monthly_state_validated,2878,2022-12-02,2022-12-12,0.0175374394775362,2022,2022-11-30,learned_market,20260911,0.5967244994564657,0.5967244994564657,1,1
monthly_state_validated,2883,2022-12-09,2022-12-19,-0.0058850602464181,2022,2022-11-30,learned_market,20260911,0.5048483064015408,0.5048483064015408,1,0
monthly_state_validated,2888,2022-12-16,2022-12-26,-0.0309150292073658,2022,2022-11-30,learned_market,20260911,0.4732576186190321,0.4732576186190321,0,0
monthly_state_validated,2893,2022-12-23,2023-01-03,0.0089464492229616,2022,2022-11-30,learned_market,20260911,0.5820410171604917,0.5820410171604917,1,1
monthly_state_validated,2898,2022-12-30,2023-01-09,0.0345913414268119,2022,2022-11-30,learned_market,20260911,0.3076905762143074,0.3076905762143074,0,1
monthly_state_ungated,2878,2022-12-02,2022-12-12,0.0175374394775362,2022,2022-11-30,learned_market,20260911,0.5967244994564657,0.5967244994564657,1,1
monthly_state_ungated,2883,2022-12-09,2022-12-19,-0.0058850602464181,2022,2022-11-30,learned_market,20260911,0.5048483064015408,0.5048483064015408,1,0
monthly_state_ungated,2888,2022-12-16,2022-12-26,-0.0309150292073658,2022,2022-11-30,learned_market,20260911,0.4451919312892883,0.4451919312892883,0,0
monthly_state_ungated,2893,2022-12-23,2023-01-03,0.0089464492229616,2022,2022-11-30,learned_market,20260911,0.5820410171604917,0.5820410171604917,1,1
monthly_state_ungated,2898,2022-12-30,2023-01-09,0.0345913414268119,2022,2022-11-30,learned_market,20260911,0.2841469488436067,0.2841469488436067,0,1
monthly_state_validated,2878,2022-12-02,2022-12-12,0.0175374394775362,2022,2022-11-30,learned_market,20260912,0.4524524965689559,0.4524524965689559,0,1
monthly_state_validated,2883,2022-12-09,2022-12-19,-0.0058850602464181,2022,2022-11-30,learned_market,20260912,0.5034730876323661,0.5034730876323661,1,0
monthly_state_validated,2888,2022-12-16,2022-12-26,-0.0309150292073658,2022,2022-11-30,learned_market,20260912,0.6075433752083854,0.6075433752083854,1,0
monthly_state_validated,2893,2022-12-23,2023-01-03,0.0089464492229616,2022,2022-11-30,learned_market,20260912,0.4508618124089547,0.4508618124089547,0,1
monthly_state_validated,2898,2022-12-30,2023-01-09,0.0345913414268119,2022,2022-11-30,learned_market,20260912,0.4443371333138752,0.4443371333138752,0,1
monthly_state_ungated,2878,2022-12-02,2022-12-12,0.0175374394775362,2022,2022-11-30,learned_market,20260912,0.4524524965689559,0.4524524965689559,0,1
monthly_state_ungated,2883,2022-12-09,2022-12-19,-0.0058850602464181,2022,2022-11-30,learned_market,20260912,0.5034730876323661,0.5034730876323661,1,0
monthly_state_ungated,2888,2022-12-16,2022-12-26,-0.0309150292073658,2022,2022-11-30,learned_market,20260912,0.5908274284175402,0.5908274284175402,1,0
monthly_state_ungated,2893,2022-12-23,2023-01-03,0.0089464492229616,2022,2022-11-30,learned_market,20260912,0.4508618124089547,0.4508618124089547,0,1
monthly_state_ungated,2898,2022-12-30,2023-01-09,0.0345913414268119,2022,2022-11-30,learned_market,20260912,0.42722338810519367,0.42722338810519367,0,1
monthly_state_validated,2878,2022-12-02,2022-12-12,0.0175374394775362,2022,2022-11-30,learned_vol_interaction,20260910,0.4546444182613022,0.4546444182613022,0,1
monthly_state_validated,2883,2022-12-09,2022-12-19,-0.0058850602464181,2022,2022-11-30,learned_vol_interaction,20260910,0.3899216525142208,0.3899216525142208,0,0
monthly_state_validated,2888,2022-12-16,2022-12-26,-0.0309150292073658,2022,2022-11-30,learned_vol_interaction,20260910,0.605083809558607,0.605083809558607,1,0
monthly_state_validated,2893,2022-12-23,2023-01-03,0.0089464492229616,2022,2022-11-30,learned_vol_interaction,20260910,0.47209346451955037,0.47209346451955037,0,1
monthly_state_validated,2898,2022-12-30,2023-01-09,0.0345913414268119,2022,2022-11-30,learned_vol_interaction,20260910,0.5490024086475767,0.5490024086475767,1,1
monthly_state_ungated,2878,2022-12-02,2022-12-12,0.0175374394775362,2022,2022-11-30,learned_vol_interaction,20260910,0.4546444182613022,0.4546444182613022,0,1
monthly_state_ungated,2883,2022-12-09,2022-12-19,-0.0058850602464181,2022,2022-11-30,learned_vol_interaction,20260910,0.3899216525142208,0.3899216525142208,0,0
monthly_state_ungated,2888,2022-12-16,2022-12-26,-0.0309150292073658,2022,2022-11-30,learned_vol_interaction,20260910,0.574763488932629,0.574763488932629,1,0
monthly_state_ungated,2893,2022-12-23,2023-01-03,0.0089464492229616,2022,2022-11-30,learned_vol_interaction,20260910,0.47209346451955037,0.47209346451955037,0,1
monthly_state_ungated,2898,2022-12-30,2023-01-09,0.0345913414268119,2022,2022-11-30,learned_vol_interaction,20260910,0.5178076003352655,0.5178076003352655,1,1
monthly_state_validated,2878,2022-12-02,2022-12-12,0.0175374394775362,2022,2022-11-30,learned_vol_interaction,20260911,0.5954073612479371,0.5954073612479371,1,1
monthly_state_validated,2883,2022-12-09,2022-12-19,-0.0058850602464181,2022,2022-11-30,learned_vol_interaction,20260911,0.507183383522086,0.507183383522086,1,0
monthly_state_validated,2888,2022-12-16,2022-12-26,-0.0309150292073658,2022,2022-11-30,learned_vol_interaction,20260911,0.4750923081261837,0.4750923081261837,0,0
monthly_state_validated,2893,2022-12-23,2023-01-03,0.0089464492229616,2022,2022-11-30,learned_vol_interaction,20260911,0.5795867314037597,0.5795867314037597,1,1
monthly_state_validated,2898,2022-12-30,2023-01-09,0.0345913414268119,2022,2022-11-30,learned_vol_interaction,20260911,0.3155450399210081,0.3155450399210081,0,1
monthly_state_ungated,2878,2022-12-02,2022-12-12,0.0175374394775362,2022,2022-11-30,learned_vol_interaction,20260911,0.5954073612479371,0.5954073612479371,1,1
monthly_state_ungated,2883,2022-12-09,2022-12-19,-0.0058850602464181,2022,2022-11-30,learned_vol_interaction,20260911,0.507183383522086,0.507183383522086,1,0
monthly_state_ungated,2888,2022-12-16,2022-12-26,-0.0309150292073658,2022,2022-11-30,learned_vol_interaction,20260911,0.44784078505043373,0.44784078505043373,0,0
monthly_state_ungated,2893,2022-12-23,2023-01-03,0.0089464492229616,2022,2022-11-30,learned_vol_interaction,20260911,0.5795867314037597,0.5795867314037597,1,1
monthly_state_ungated,2898,2022-12-30,2023-01-09,0.0345913414268119,2022,2022-11-30,learned_vol_interaction,20260911,0.29234816663004787,0.29234816663004787,0,1
monthly_state_validated,2878,2022-12-02,2022-12-12,0.0175374394775362,2022,2022-11-30,learned_vol_interaction,20260912,0.4476294797250565,0.4476294797250565,0,1
monthly_state_validated,2883,2022-12-09,2022-12-19,-0.0058850602464181,2022,2022-11-30,learned_vol_interaction,20260912,0.5001249081079153,0.5001249081079153,1,0
monthly_state_validated,2888,2022-12-16,2022-12-26,-0.0309150292073658,2022,2022-11-30,learned_vol_interaction,20260912,0.6126209226288903,0.6126209226288903,1,0
monthly_state_validated,2893,2022-12-23,2023-01-03,0.0089464492229616,2022,2022-11-30,learned_vol_interaction,20260912,0.44203926719613434,0.44203926719613434,0,1
monthly_state_validated,2898,2022-12-30,2023-01-09,0.0345913414268119,2022,2022-11-30,learned_vol_interaction,20260912,0.42145340218542343,0.42145340218542343,0,1
monthly_state_ungated,2878,2022-12-02,2022-12-12,0.0175374394775362,2022,2022-11-30,learned_vol_interaction,20260912,0.4476294797250565,0.4476294797250565,0,1
monthly_state_ungated,2883,2022-12-09,2022-12-19,-0.0058850602464181,2022,2022-11-30,learned_vol_interaction,20260912,0.5001249081079153,0.5001249081079153,1,0
monthly_state_ungated,2888,2022-12-16,2022-12-26,-0.0309150292073658,2022,2022-11-30,learned_vol_interaction,20260912,0.5963945680784192,0.5963945680784192,1,0
monthly_state_ungated,2893,2022-12-23,2023-01-03,0.0089464492229616,2022,2022-11-30,learned_vol_interaction,20260912,0.44203926719613434,0.44203926719613434,0,1
monthly_state_ungated,2898,2022-12-30,2023-01-09,0.0345913414268119,2022,2022-11-30,learned_vol_interaction,20260912,0.40499676772263915,0.40499676772263915,0,1
monthly_state_validated,2878,2022-12-02,2022-12-12,0.0175374394775362,2022,2022-11-30,learned_order_extension,20260910,0.427841756162984,0.427841756162984,0,1
monthly_state_validated,2883,2022-12-09,2022-12-19,-0.0058850602464181,2022,2022-11-30,learned_order_extension,20260910,0.3611505881272917,0.3611505881272917,0,0
monthly_state_validated,2888,2022-12-16,2022-12-26,-0.0309150292073658,2022,2022-11-30,learned_order_extension,20260910,0.6088248587164643,0.6088248587164643,1,0
monthly_state_validated,2893,2022-12-23,2023-01-03,0.0089464492229616,2022,2022-11-30,learned_order_extension,20260910,0.4721625271855458,0.4721625271855458,0,1
monthly_state_validated,2898,2022-12-30,2023-01-09,0.0345913414268119,2022,2022-11-30,learned_order_extension,20260910,0.5535432643045607,0.5535432643045607,1,1
monthly_state_ungated,2878,2022-12-02,2022-12-12,0.0175374394775362,2022,2022-11-30,learned_order_extension,20260910,0.427841756162984,0.427841756162984,0,1
monthly_state_ungated,2883,2022-12-09,2022-12-19,-0.0058850602464181,2022,2022-11-30,learned_order_extension,20260910,0.3611505881272917,0.3611505881272917,0,0
monthly_state_ungated,2888,2022-12-16,2022-12-26,-0.0309150292073658,2022,2022-11-30,learned_order_extension,20260910,0.5781881638069829,0.5781881638069829,1,0
monthly_state_ungated,2893,2022-12-23,2023-01-03,0.0089464492229616,2022,2022-11-30,learned_order_extension,20260910,0.4721625271855458,0.4721625271855458,0,1
monthly_state_ungated,2898,2022-12-30,2023-01-09,0.0345913414268119,2022,2022-11-30,learned_order_extension,20260910,0.521976381445544,0.521976381445544,1,1
monthly_state_validated,2878,2022-12-02,2022-12-12,0.0175374394775362,2022,2022-11-30,learned_order_extension,20260911,0.5796343746972025,0.5796343746972025,1,1
monthly_state_validated,2883,2022-12-09,2022-12-19,-0.0058850602464181,2022,2022-11-30,learned_order_extension,20260911,0.5213385328385821,0.5213385328385821,1,0
monthly_state_validated,2888,2022-12-16,2022-12-26,-0.0309150292073658,2022,2022-11-30,learned_order_extension,20260911,0.4782827682771969,0.4782827682771969,0,0
monthly_state_validated,2893,2022-12-23,2023-01-03,0.0089464492229616,2022,2022-11-30,learned_order_extension,20260911,0.5636253252866401,0.5636253252866401,1,1
monthly_state_validated,2898,2022-12-30,2023-01-09,0.0345913414268119,2022,2022-11-30,learned_order_extension,20260911,0.3072064907465254,0.3072064907465254,0,1
monthly_state_ungated,2878,2022-12-02,2022-12-12,0.0175374394775362,2022,2022-11-30,learned_order_extension,20260911,0.5796343746972025,0.5796343746972025,1,1
monthly_state_ungated,2883,2022-12-09,2022-12-19,-0.0058850602464181,2022,2022-11-30,learned_order_extension,20260911,0.5213385328385821,0.5213385328385821,1,0
monthly_state_ungated,2888,2022-12-16,2022-12-26,-0.0309150292073658,2022,2022-11-30,learned_order_extension,20260911,0.44793209231719583,0.44793209231719583,0,0
monthly_state_ungated,2893,2022-12-23,2023-01-03,0.0089464492229616,2022,2022-11-30,learned_order_extension,20260911,0.5636253252866401,0.5636253252866401,1,1
monthly_state_ungated,2898,2022-12-30,2023-01-09,0.0345913414268119,2022,2022-11-30,learned_order_extension,20260911,0.2818471228640112,0.2818471228640112,0,1
monthly_state_validated,2878,2022-12-02,2022-12-12,0.0175374394775362,2022,2022-11-30,learned_order_extension,20260912,0.4393534039015836,0.4393534039015836,0,1
monthly_state_validated,2883,2022-12-09,2022-12-19,-0.0058850602464181,2022,2022-11-30,learned_order_extension,20260912,0.49759914991713067,0.49759914991713067,0,0
monthly_state_validated,2888,2022-12-16,2022-12-26,-0.0309150292073658,2022,2022-11-30,learned_order_extension,20260912,0.6174086923329795,0.6174086923329795,1,0
monthly_state_validated,2893,2022-12-23,2023-01-03,0.0089464492229616,2022,2022-11-30,learned_order_extension,20260912,0.4480680169218826,0.4480680169218826,0,1
monthly_state_validated,2898,2022-12-30,2023-01-09,0.0345913414268119,2022,2022-11-30,learned_order_extension,20260912,0.4265465221917634,0.4265465221917634,0,1
monthly_state_ungated,2878,2022-12-02,2022-12-12,0.0175374394775362,2022,2022-11-30,learned_order_extension,20260912,0.4393534039015836,0.4393534039015836,0,1
monthly_state_ungated,2883,2022-12-09,2022-12-19,-0.0058850602464181,2022,2022-11-30,learned_order_extension,20260912,0.49759914991713067,0.49759914991713067,0,0
monthly_state_ungated,2888,2022-12-16,2022-12-26,-0.0309150292073658,2022,2022-11-30,learned_order_extension,20260912,0.6019666909358125,0.6019666909358125,1,0
monthly_state_ungated,2893,2022-12-23,2023-01-03,0.0089464492229616,2022,2022-11-30,learned_order_extension,20260912,0.4480680169218826,0.4480680169218826,0,1
monthly_state_ungated,2898,2022-12-30,2023-01-09,0.0345913414268119,2022,2022-11-30,learned_order_extension,20260912,0.41075314120301826,0.41075314120301826,0,1
monthly_state_validated,2878,2022-12-02,2022-12-12,0.0175374394775362,2022,2022-11-30,learned_order_offset,20260910,0.4282217611941179,0.4282217611941179,0,1
monthly_state_validated,2883,2022-12-09,2022-12-19,-0.0058850602464181,2022,2022-11-30,learned_order_offset,20260910,0.3614118903095184,0.3614118903095184,0,0
monthly_state_validated,2888,2022-12-16,2022-12-26,-0.0309150292073658,2022,2022-11-30,learned_order_offset,20260910,0.6086215781798711,0.6086215781798711,1,0
monthly_state_validated,2893,2022-12-23,2023-01-03,0.0089464492229616,2022,2022-11-30,learned_order_offset,20260910,0.47231692657484503,0.47231692657484503,0,1
monthly_state_validated,2898,2022-12-30,2023-01-09,0.0345913414268119,2022,2022-11-30,learned_order_offset,20260910,0.5537040132227125,0.5537040132227125,1,1
monthly_state_ungated,2878,2022-12-02,2022-12-12,0.0175374394775362,2022,2022-11-30,learned_order_offset,20260910,0.4282217611941179,0.4282217611941179,0,1
monthly_state_ungated,2883,2022-12-09,2022-12-19,-0.0058850602464181,2022,2022-11-30,learned_order_offset,20260910,0.3614118903095184,0.3614118903095184,0,0
monthly_state_ungated,2888,2022-12-16,2022-12-26,-0.0309150292073658,2022,2022-11-30,learned_order_offset,20260910,0.5779988344046698,0.5779988344046698,1,0
monthly_state_ungated,2893,2022-12-23,2023-01-03,0.0089464492229616,2022,2022-11-30,learned_order_offset,20260910,0.47231692657484503,0.47231692657484503,0,1
monthly_state_ungated,2898,2022-12-30,2023-01-09,0.0345913414268119,2022,2022-11-30,learned_order_offset,20260910,0.52215795225339,0.52215795225339,1,1
monthly_state_validated,2878,2022-12-02,2022-12-12,0.0175374394775362,2022,2022-11-30,learned_order_offset,20260911,0.5778636090048805,0.5778636090048805,1,1
monthly_state_validated,2883,2022-12-09,2022-12-19,-0.0058850602464181,2022,2022-11-30,learned_order_offset,20260911,0.5216788144553719,0.5216788144553719,1,0
monthly_state_validated,2888,2022-12-16,2022-12-26,-0.0309150292073658,2022,2022-11-30,learned_order_offset,20260911,0.4788884926887394,0.4788884926887394,0,0
monthly_state_validated,2893,2022-12-23,2023-01-03,0.0089464492229616,2022,2022-11-30,learned_order_offset,20260911,0.5631368878964121,0.5631368878964121,1,1
monthly_state_validated,2898,2022-12-30,2023-01-09,0.0345913414268119,2022,2022-11-30,learned_order_offset,20260911,0.308675753062318,0.308675753062318,0,1
monthly_state_ungated,2878,2022-12-02,2022-12-12,0.0175374394775362,2022,2022-11-30,learned_order_offset,20260911,0.5778636090048805,0.5778636090048805,1,1
monthly_state_ungated,2883,2022-12-09,2022-12-19,-0.0058850602464181,2022,2022-11-30,learned_order_offset,20260911,0.5216788144553719,0.5216788144553719,1,0
monthly_state_ungated,2888,2022-12-16,2022-12-26,-0.0309150292073658,2022,2022-11-30,learned_order_offset,20260911,0.4485522440899517,0.4485522440899517,0,0
monthly_state_ungated,2893,2022-12-23,2023-01-03,0.0089464492229616,2022,2022-11-30,learned_order_offset,20260911,0.5631368878964121,0.5631368878964121,1,1
monthly_state_ungated,2898,2022-12-30,2023-01-09,0.0345913414268119,2022,2022-11-30,learned_order_offset,20260911,0.2832609540151488,0.2832609540151488,0,1
monthly_state_validated,2878,2022-12-02,2022-12-12,0.0175374394775362,2022,2022-11-30,learned_order_offset,20260912,0.439477994695678,0.439477994695678,0,1
monthly_state_validated,2883,2022-12-09,2022-12-19,-0.0058850602464181,2022,2022-11-30,learned_order_offset,20260912,0.49778185262456986,0.49778185262456986,0,0
monthly_state_validated,2888,2022-12-16,2022-12-26,-0.0309150292073658,2022,2022-11-30,learned_order_offset,20260912,0.617550495391565,0.617550495391565,1,0
monthly_state_validated,2893,2022-12-23,2023-01-03,0.0089464492229616,2022,2022-11-30,learned_order_offset,20260912,0.4482286098451407,0.4482286098451407,0,1
monthly_state_validated,2898,2022-12-30,2023-01-09,0.0345913414268119,2022,2022-11-30,learned_order_offset,20260912,0.42667020854201704,0.42667020854201704,0,1
monthly_state_ungated,2878,2022-12-02,2022-12-12,0.0175374394775362,2022,2022-11-30,learned_order_offset,20260912,0.439477994695678,0.439477994695678,0,1
monthly_state_ungated,2883,2022-12-09,2022-12-19,-0.0058850602464181,2022,2022-11-30,learned_order_offset,20260912,0.49778185262456986,0.49778185262456986,0,0
monthly_state_ungated,2888,2022-12-16,2022-12-26,-0.0309150292073658,2022,2022-11-30,learned_order_offset,20260912,0.6021260246191862,0.6021260246191862,1,0
monthly_state_ungated,2893,2022-12-23,2023-01-03,0.0089464492229616,2022,2022-11-30,learned_order_offset,20260912,0.4482286098451407,0.4482286098451407,0,1
monthly_state_ungated,2898,2022-12-30,2023-01-09,0.0345913414268119,2022,2022-11-30,learned_order_offset,20260912,0.4108911856908087,0.4108911856908087,0,1
monthly_state_validated,2902,2023-01-06,2023-01-16,0.0198447929614133,2023,2022-12-31,learned_market,20260910,0.2720748657753032,0.2720748657753032,0,1
monthly_state_validated,2907,2023-01-13,2023-01-30,0.0465290788350809,2023,2022-12-31,learned_market,20260910,0.47236248212800225,0.47236248212800225,0,1
monthly_state_validated,2912,2023-01-20,2023-02-06,-0.0383797057844887,2023,2022-12-31,learned_market,20260910,0.406664897579608,0.406664897579608,0,0
monthly_state_ungated,2902,2023-01-06,2023-01-16,0.0198447929614133,2023,2022-12-31,learned_market,20260910,0.2720748657753032,0.2720748657753032,0,1
monthly_state_ungated,2907,2023-01-13,2023-01-30,0.0465290788350809,2023,2022-12-31,learned_market,20260910,0.47236248212800225,0.47236248212800225,0,1
monthly_state_ungated,2912,2023-01-20,2023-02-06,-0.0383797057844887,2023,2022-12-31,learned_market,20260910,0.406664897579608,0.406664897579608,0,0
monthly_state_validated,2902,2023-01-06,2023-01-16,0.0198447929614133,2023,2022-12-31,learned_market,20260911,0.4109996836659653,0.4109996836659653,0,1
monthly_state_validated,2907,2023-01-13,2023-01-30,0.0465290788350809,2023,2022-12-31,learned_market,20260911,0.344318482304961,0.344318482304961,0,1
monthly_state_validated,2912,2023-01-20,2023-02-06,-0.0383797057844887,2023,2022-12-31,learned_market,20260911,0.6588589521771411,0.6588589521771411,1,0
monthly_state_ungated,2902,2023-01-06,2023-01-16,0.0198447929614133,2023,2022-12-31,learned_market,20260911,0.4109996836659653,0.4109996836659653,0,1
monthly_state_ungated,2907,2023-01-13,2023-01-30,0.0465290788350809,2023,2022-12-31,learned_market,20260911,0.344318482304961,0.344318482304961,0,1
monthly_state_ungated,2912,2023-01-20,2023-02-06,-0.0383797057844887,2023,2022-12-31,learned_market,20260911,0.6588589521771411,0.6588589521771411,1,0
monthly_state_validated,2902,2023-01-06,2023-01-16,0.0198447929614133,2023,2022-12-31,learned_market,20260912,0.30052885603711643,0.30052885603711643,0,1
monthly_state_validated,2907,2023-01-13,2023-01-30,0.0465290788350809,2023,2022-12-31,learned_market,20260912,0.25642703962175933,0.25642703962175933,0,1
monthly_state_validated,2912,2023-01-20,2023-02-06,-0.0383797057844887,2023,2022-12-31,learned_market,20260912,0.6884031394091166,0.6884031394091166,1,0
monthly_state_ungated,2902,2023-01-06,2023-01-16,0.0198447929614133,2023,2022-12-31,learned_market,20260912,0.30052885603711643,0.30052885603711643,0,1
monthly_state_ungated,2907,2023-01-13,2023-01-30,0.0465290788350809,2023,2022-12-31,learned_market,20260912,0.25642703962175933,0.25642703962175933,0,1
monthly_state_ungated,2912,2023-01-20,2023-02-06,-0.0383797057844887,2023,2022-12-31,learned_market,20260912,0.6884031394091166,0.6884031394091166,1,0
monthly_state_validated,2902,2023-01-06,2023-01-16,0.0198447929614133,2023,2022-12-31,learned_vol_interaction,20260910,0.2579229355480302,0.2579229355480302,0,1
monthly_state_validated,2907,2023-01-13,2023-01-30,0.0465290788350809,2023,2022-12-31,learned_vol_interaction,20260910,0.46834593067568,0.46834593067568,0,1
monthly_state_validated,2912,2023-01-20,2023-02-06,-0.0383797057844887,2023,2022-12-31,learned_vol_interaction,20260910,0.3968582316115995,0.3968582316115995,0,0
monthly_state_ungated,2902,2023-01-06,2023-01-16,0.0198447929614133,2023,2022-12-31,learned_vol_interaction,20260910,0.2579229355480302,0.2579229355480302,0,1
monthly_state_ungated,2907,2023-01-13,2023-01-30,0.0465290788350809,2023,2022-12-31,learned_vol_interaction,20260910,0.46834593067568,0.46834593067568,0,1
monthly_state_ungated,2912,2023-01-20,2023-02-06,-0.0383797057844887,2023,2022-12-31,learned_vol_interaction,20260910,0.3968582316115995,0.3968582316115995,0,0
monthly_state_validated,2902,2023-01-06,2023-01-16,0.0198447929614133,2023,2022-12-31,learned_vol_interaction,20260911,0.40969442309749926,0.40969442309749926,0,1
monthly_state_validated,2907,2023-01-13,2023-01-30,0.0465290788350809,2023,2022-12-31,learned_vol_interaction,20260911,0.36456829174456845,0.36456829174456845,0,1
monthly_state_validated,2912,2023-01-20,2023-02-06,-0.0383797057844887,2023,2022-12-31,learned_vol_interaction,20260911,0.5794436004575169,0.5794436004575169,1,0
monthly_state_ungated,2902,2023-01-06,2023-01-16,0.0198447929614133,2023,2022-12-31,learned_vol_interaction,20260911,0.40969442309749926,0.40969442309749926,0,1
monthly_state_ungated,2907,2023-01-13,2023-01-30,0.0465290788350809,2023,2022-12-31,learned_vol_interaction,20260911,0.36456829174456845,0.36456829174456845,0,1
monthly_state_ungated,2912,2023-01-20,2023-02-06,-0.0383797057844887,2023,2022-12-31,learned_vol_interaction,20260911,0.5794436004575169,0.5794436004575169,1,0
monthly_state_validated,2902,2023-01-06,2023-01-16,0.0198447929614133,2023,2022-12-31,learned_vol_interaction,20260912,0.28965659740268485,0.28965659740268485,0,1
monthly_state_validated,2907,2023-01-13,2023-01-30,0.0465290788350809,2023,2022-12-31,learned_vol_interaction,20260912,0.24376767561556023,0.24376767561556023,0,1
monthly_state_validated,2912,2023-01-20,2023-02-06,-0.0383797057844887,2023,2022-12-31,learned_vol_interaction,20260912,0.7144269683090918,0.7144269683090918,1,0
monthly_state_ungated,2902,2023-01-06,2023-01-16,0.0198447929614133,2023,2022-12-31,learned_vol_interaction,20260912,0.28965659740268485,0.28965659740268485,0,1
monthly_state_ungated,2907,2023-01-13,2023-01-30,0.0465290788350809,2023,2022-12-31,learned_vol_interaction,20260912,0.24376767561556023,0.24376767561556023,0,1
monthly_state_ungated,2912,2023-01-20,2023-02-06,-0.0383797057844887,2023,2022-12-31,learned_vol_interaction,20260912,0.7144269683090918,0.7144269683090918,1,0
monthly_state_validated,2902,2023-01-06,2023-01-16,0.0198447929614133,2023,2022-12-31,learned_order_extension,20260910,0.2943161630816726,0.2943161630816726,0,1
monthly_state_validated,2907,2023-01-13,2023-01-30,0.0465290788350809,2023,2022-12-31,learned_order_extension,20260910,0.46027187341536235,0.46027187341536235,0,1
monthly_state_validated,2912,2023-01-20,2023-02-06,-0.0383797057844887,2023,2022-12-31,learned_order_extension,20260910,0.3872152058090037,0.3872152058090037,0,0
monthly_state_ungated,2902,2023-01-06,2023-01-16,0.0198447929614133,2023,2022-12-31,learned_order_extension,20260910,0.2943161630816726,0.2943161630816726,0,1
monthly_state_ungated,2907,2023-01-13,2023-01-30,0.0465290788350809,2023,2022-12-31,learned_order_extension,20260910,0.46027187341536235,0.46027187341536235,0,1
monthly_state_ungated,2912,2023-01-20,2023-02-06,-0.0383797057844887,2023,2022-12-31,learned_order_extension,20260910,0.3872152058090037,0.3872152058090037,0,0
monthly_state_validated,2902,2023-01-06,2023-01-16,0.0198447929614133,2023,2022-12-31,learned_order_extension,20260911,0.4111458737354107,0.4111458737354107,0,1
monthly_state_validated,2907,2023-01-13,2023-01-30,0.0465290788350809,2023,2022-12-31,learned_order_extension,20260911,0.36472782557647304,0.36472782557647304,0,1
monthly_state_validated,2912,2023-01-20,2023-02-06,-0.0383797057844887,2023,2022-12-31,learned_order_extension,20260911,0.5780473136480286,0.5780473136480286,1,0
monthly_state_ungated,2902,2023-01-06,2023-01-16,0.0198447929614133,2023,2022-12-31,learned_order_extension,20260911,0.4111458737354107,0.4111458737354107,0,1
monthly_state_ungated,2907,2023-01-13,2023-01-30,0.0465290788350809,2023,2022-12-31,learned_order_extension,20260911,0.36472782557647304,0.36472782557647304,0,1
monthly_state_ungated,2912,2023-01-20,2023-02-06,-0.0383797057844887,2023,2022-12-31,learned_order_extension,20260911,0.5780473136480286,0.5780473136480286,1,0
monthly_state_validated,2902,2023-01-06,2023-01-16,0.0198447929614133,2023,2022-12-31,learned_order_extension,20260912,0.3320870087441045,0.3320870087441045,0,1
monthly_state_validated,2907,2023-01-13,2023-01-30,0.0465290788350809,2023,2022-12-31,learned_order_extension,20260912,0.27988954900977053,0.27988954900977053,0,1
monthly_state_validated,2912,2023-01-20,2023-02-06,-0.0383797057844887,2023,2022-12-31,learned_order_extension,20260912,0.6620064456911843,0.6620064456911843,1,0
monthly_state_ungated,2902,2023-01-06,2023-01-16,0.0198447929614133,2023,2022-12-31,learned_order_extension,20260912,0.3320870087441045,0.3320870087441045,0,1
monthly_state_ungated,2907,2023-01-13,2023-01-30,0.0465290788350809,2023,2022-12-31,learned_order_extension,20260912,0.27988954900977053,0.27988954900977053,0,1
monthly_state_ungated,2912,2023-01-20,2023-02-06,-0.0383797057844887,2023,2022-12-31,learned_order_extension,20260912,0.6620064456911843,0.6620064456911843,1,0
monthly_state_validated,2902,2023-01-06,2023-01-16,0.0198447929614133,2023,2022-12-31,learned_order_offset,20260910,0.29436491679511234,0.29436491679511234,0,1
monthly_state_validated,2907,2023-01-13,2023-01-30,0.0465290788350809,2023,2022-12-31,learned_order_offset,20260910,0.45922844261203544,0.45922844261203544,0,1
monthly_state_validated,2912,2023-01-20,2023-02-06,-0.0383797057844887,2023,2022-12-31,learned_order_offset,20260910,0.3863007910171924,0.3863007910171924,0,0
monthly_state_ungated,2902,2023-01-06,2023-01-16,0.0198447929614133,2023,2022-12-31,learned_order_offset,20260910,0.29436491679511234,0.29436491679511234,0,1
monthly_state_ungated,2907,2023-01-13,2023-01-30,0.0465290788350809,2023,2022-12-31,learned_order_offset,20260910,0.45922844261203544,0.45922844261203544,0,1
monthly_state_ungated,2912,2023-01-20,2023-02-06,-0.0383797057844887,2023,2022-12-31,learned_order_offset,20260910,0.3863007910171924,0.3863007910171924,0,0
monthly_state_validated,2902,2023-01-06,2023-01-16,0.0198447929614133,2023,2022-12-31,learned_order_offset,20260911,0.41117201615041793,0.41117201615041793,0,1
monthly_state_validated,2907,2023-01-13,2023-01-30,0.0465290788350809,2023,2022-12-31,learned_order_offset,20260911,0.364680620051655,0.364680620051655,0,1
monthly_state_validated,2912,2023-01-20,2023-02-06,-0.0383797057844887,2023,2022-12-31,learned_order_offset,20260911,0.578179649696222,0.578179649696222,1,0
monthly_state_ungated,2902,2023-01-06,2023-01-16,0.0198447929614133,2023,2022-12-31,learned_order_offset,20260911,0.41117201615041793,0.41117201615041793,0,1
monthly_state_ungated,2907,2023-01-13,2023-01-30,0.0465290788350809,2023,2022-12-31,learned_order_offset,20260911,0.364680620051655,0.364680620051655,0,1
monthly_state_ungated,2912,2023-01-20,2023-02-06,-0.0383797057844887,2023,2022-12-31,learned_order_offset,20260911,0.578179649696222,0.578179649696222,1,0
monthly_state_validated,2902,2023-01-06,2023-01-16,0.0198447929614133,2023,2022-12-31,learned_order_offset,20260912,0.33518639317613286,0.33518639317613286,0,1
monthly_state_validated,2907,2023-01-13,2023-01-30,0.0465290788350809,2023,2022-12-31,learned_order_offset,20260912,0.283926532884273,0.283926532884273,0,1
monthly_state_validated,2912,2023-01-20,2023-02-06,-0.0383797057844887,2023,2022-12-31,learned_order_offset,20260912,0.656265266213206,0.656265266213206,1,0
monthly_state_ungated,2902,2023-01-06,2023-01-16,0.0198447929614133,2023,2022-12-31,learned_order_offset,20260912,0.33518639317613286,0.33518639317613286,0,1
monthly_state_ungated,2907,2023-01-13,2023-01-30,0.0465290788350809,2023,2022-12-31,learned_order_offset,20260912,0.283926532884273,0.283926532884273,0,1
monthly_state_ungated,2912,2023-01-20,2023-02-06,-0.0383797057844887,2023,2022-12-31,learned_order_offset,20260912,0.656265266213206,0.656265266213206,1,0
monthly_state_validated,2917,2023-02-03,2023-02-13,-0.0012061903149008,2023,2023-01-31,learned_market,20260910,0.7077615943567296,0.7077615943567296,1,0
monthly_state_validated,2922,2023-02-10,2023-02-20,-0.0143746584432821,2023,2023-01-31,learned_market,20260910,0.3396729663973045,0.3396729663973045,0,0
monthly_state_validated,2927,2023-02-17,2023-02-27,0.0001237636016198,2023,2023-01-31,learned_market,20260910,0.3940367299508906,0.3940367299508906,0,1
monthly_state_validated,2932,2023-02-24,2023-03-06,0.0224454641303217,2023,2023-01-31,learned_market,20260910,0.6368517662464305,0.6368517662464305,1,1
monthly_state_ungated,2917,2023-02-03,2023-02-13,-0.0012061903149008,2023,2023-01-31,learned_market,20260910,0.7077615943567296,0.7077615943567296,1,0
monthly_state_ungated,2922,2023-02-10,2023-02-20,-0.0143746584432821,2023,2023-01-31,learned_market,20260910,0.3396729663973045,0.3396729663973045,0,0
monthly_state_ungated,2927,2023-02-17,2023-02-27,0.0001237636016198,2023,2023-01-31,learned_market,20260910,0.3940367299508906,0.3940367299508906,0,1
monthly_state_ungated,2932,2023-02-24,2023-03-06,0.0224454641303217,2023,2023-01-31,learned_market,20260910,0.6368517662464305,0.6368517662464305,1,1
monthly_state_validated,2917,2023-02-03,2023-02-13,-0.0012061903149008,2023,2023-01-31,learned_market,20260911,0.5846417083500102,0.5846417083500102,1,0
monthly_state_validated,2922,2023-02-10,2023-02-20,-0.0143746584432821,2023,2023-01-31,learned_market,20260911,0.37229435163057095,0.37229435163057095,0,0
monthly_state_validated,2927,2023-02-17,2023-02-27,0.0001237636016198,2023,2023-01-31,learned_market,20260911,0.4278917331001193,0.4278917331001193,0,1
monthly_state_validated,2932,2023-02-24,2023-03-06,0.0224454641303217,2023,2023-01-31,learned_market,20260911,0.6524353768671635,0.6524353768671635,1,1
monthly_state_ungated,2917,2023-02-03,2023-02-13,-0.0012061903149008,2023,2023-01-31,learned_market,20260911,0.5846417083500102,0.5846417083500102,1,0
monthly_state_ungated,2922,2023-02-10,2023-02-20,-0.0143746584432821,2023,2023-01-31,learned_market,20260911,0.37229435163057095,0.37229435163057095,0,0
monthly_state_ungated,2927,2023-02-17,2023-02-27,0.0001237636016198,2023,2023-01-31,learned_market,20260911,0.4278917331001193,0.4278917331001193,0,1
monthly_state_ungated,2932,2023-02-24,2023-03-06,0.0224454641303217,2023,2023-01-31,learned_market,20260911,0.6524353768671635,0.6524353768671635,1,1
monthly_state_validated,2917,2023-02-03,2023-02-13,-0.0012061903149008,2023,2023-01-31,learned_market,20260912,0.48719446040105807,0.48719446040105807,0,0
monthly_state_validated,2922,2023-02-10,2023-02-20,-0.0143746584432821,2023,2023-01-31,learned_market,20260912,0.25478983111842135,0.25478983111842135,0,0
monthly_state_validated,2927,2023-02-17,2023-02-27,0.0001237636016198,2023,2023-01-31,learned_market,20260912,0.4079835806267681,0.4079835806267681,0,1
monthly_state_validated,2932,2023-02-24,2023-03-06,0.0224454641303217,2023,2023-01-31,learned_market,20260912,0.7137242634797857,0.7137242634797857,1,1
monthly_state_ungated,2917,2023-02-03,2023-02-13,-0.0012061903149008,2023,2023-01-31,learned_market,20260912,0.48719446040105807,0.48719446040105807,0,0
monthly_state_ungated,2922,2023-02-10,2023-02-20,-0.0143746584432821,2023,2023-01-31,learned_market,20260912,0.25478983111842135,0.25478983111842135,0,0
monthly_state_ungated,2927,2023-02-17,2023-02-27,0.0001237636016198,2023,2023-01-31,learned_market,20260912,0.4079835806267681,0.4079835806267681,0,1
monthly_state_ungated,2932,2023-02-24,2023-03-06,0.0224454641303217,2023,2023-01-31,learned_market,20260912,0.7137242634797857,0.7137242634797857,1,1
monthly_state_validated,2917,2023-02-03,2023-02-13,-0.0012061903149008,2023,2023-01-31,learned_vol_interaction,20260910,0.7386639107975522,0.7386639107975522,1,0
monthly_state_validated,2922,2023-02-10,2023-02-20,-0.0143746584432821,2023,2023-01-31,learned_vol_interaction,20260910,0.3303769483660095,0.3303769483660095,0,0
monthly_state_validated,2927,2023-02-17,2023-02-27,0.0001237636016198,2023,2023-01-31,learned_vol_interaction,20260910,0.37895686267521006,0.37895686267521006,0,1
monthly_state_validated,2932,2023-02-24,2023-03-06,0.0224454641303217,2023,2023-01-31,learned_vol_interaction,20260910,0.6474147480213357,0.6474147480213357,1,1
monthly_state_ungated,2917,2023-02-03,2023-02-13,-0.0012061903149008,2023,2023-01-31,learned_vol_interaction,20260910,0.7386639107975522,0.7386639107975522,1,0
monthly_state_ungated,2922,2023-02-10,2023-02-20,-0.0143746584432821,2023,2023-01-31,learned_vol_interaction,20260910,0.3303769483660095,0.3303769483660095,0,0
monthly_state_ungated,2927,2023-02-17,2023-02-27,0.0001237636016198,2023,2023-01-31,learned_vol_interaction,20260910,0.37895686267521006,0.37895686267521006,0,1
monthly_state_ungated,2932,2023-02-24,2023-03-06,0.0224454641303217,2023,2023-01-31,learned_vol_interaction,20260910,0.6474147480213357,0.6474147480213357,1,1
monthly_state_validated,2917,2023-02-03,2023-02-13,-0.0012061903149008,2023,2023-01-31,learned_vol_interaction,20260911,0.5514968469417321,0.5514968469417321,1,0
monthly_state_validated,2922,2023-02-10,2023-02-20,-0.0143746584432821,2023,2023-01-31,learned_vol_interaction,20260911,0.3927055424872561,0.3927055424872561,0,0
monthly_state_validated,2927,2023-02-17,2023-02-27,0.0001237636016198,2023,2023-01-31,learned_vol_interaction,20260911,0.44774683758526995,0.44774683758526995,0,1
monthly_state_validated,2932,2023-02-24,2023-03-06,0.0224454641303217,2023,2023-01-31,learned_vol_interaction,20260911,0.619096546985403,0.619096546985403,1,1
monthly_state_ungated,2917,2023-02-03,2023-02-13,-0.0012061903149008,2023,2023-01-31,learned_vol_interaction,20260911,0.5514968469417321,0.5514968469417321,1,0
monthly_state_ungated,2922,2023-02-10,2023-02-20,-0.0143746584432821,2023,2023-01-31,learned_vol_interaction,20260911,0.3927055424872561,0.3927055424872561,0,0
monthly_state_ungated,2927,2023-02-17,2023-02-27,0.0001237636016198,2023,2023-01-31,learned_vol_interaction,20260911,0.44774683758526995,0.44774683758526995,0,1
monthly_state_ungated,2932,2023-02-24,2023-03-06,0.0224454641303217,2023,2023-01-31,learned_vol_interaction,20260911,0.619096546985403,0.619096546985403,1,1
monthly_state_validated,2917,2023-02-03,2023-02-13,-0.0012061903149008,2023,2023-01-31,learned_vol_interaction,20260912,0.48449097695552545,0.48449097695552545,0,0
monthly_state_validated,2922,2023-02-10,2023-02-20,-0.0143746584432821,2023,2023-01-31,learned_vol_interaction,20260912,0.24568395555451436,0.24568395555451436,0,0
monthly_state_validated,2927,2023-02-17,2023-02-27,0.0001237636016198,2023,2023-01-31,learned_vol_interaction,20260912,0.4043340500782045,0.4043340500782045,0,1
monthly_state_validated,2932,2023-02-24,2023-03-06,0.0224454641303217,2023,2023-01-31,learned_vol_interaction,20260912,0.7237644100552868,0.7237644100552868,1,1
monthly_state_ungated,2917,2023-02-03,2023-02-13,-0.0012061903149008,2023,2023-01-31,learned_vol_interaction,20260912,0.48449097695552545,0.48449097695552545,0,0
monthly_state_ungated,2922,2023-02-10,2023-02-20,-0.0143746584432821,2023,2023-01-31,learned_vol_interaction,20260912,0.24568395555451436,0.24568395555451436,0,0
monthly_state_ungated,2927,2023-02-17,2023-02-27,0.0001237636016198,2023,2023-01-31,learned_vol_interaction,20260912,0.4043340500782045,0.4043340500782045,0,1
monthly_state_ungated,2932,2023-02-24,2023-03-06,0.0224454641303217,2023,2023-01-31,learned_vol_interaction,20260912,0.7237644100552868,0.7237644100552868,1,1
monthly_state_validated,2917,2023-02-03,2023-02-13,-0.0012061903149008,2023,2023-01-31,learned_order_extension,20260910,0.7087431108814826,0.7087431108814826,1,0
monthly_state_validated,2922,2023-02-10,2023-02-20,-0.0143746584432821,2023,2023-01-31,learned_order_extension,20260910,0.33420380659580207,0.33420380659580207,0,0
monthly_state_validated,2927,2023-02-17,2023-02-27,0.0001237636016198,2023,2023-01-31,learned_order_extension,20260910,0.37695809393703467,0.37695809393703467,0,1
monthly_state_validated,2932,2023-02-24,2023-03-06,0.0224454641303217,2023,2023-01-31,learned_order_extension,20260910,0.6504979423759706,0.6504979423759706,1,1
monthly_state_ungated,2917,2023-02-03,2023-02-13,-0.0012061903149008,2023,2023-01-31,learned_order_extension,20260910,0.7087431108814826,0.7087431108814826,1,0
monthly_state_ungated,2922,2023-02-10,2023-02-20,-0.0143746584432821,2023,2023-01-31,learned_order_extension,20260910,0.33420380659580207,0.33420380659580207,0,0
monthly_state_ungated,2927,2023-02-17,2023-02-27,0.0001237636016198,2023,2023-01-31,learned_order_extension,20260910,0.37695809393703467,0.37695809393703467,0,1
monthly_state_ungated,2932,2023-02-24,2023-03-06,0.0224454641303217,2023,2023-01-31,learned_order_extension,20260910,0.6504979423759706,0.6504979423759706,1,1
monthly_state_validated,2917,2023-02-03,2023-02-13,-0.0012061903149008,2023,2023-01-31,learned_order_extension,20260911,0.5514322848293292,0.5514322848293292,1,0
monthly_state_validated,2922,2023-02-10,2023-02-20,-0.0143746584432821,2023,2023-01-31,learned_order_extension,20260911,0.3920291907474336,0.3920291907474336,0,0
monthly_state_validated,2927,2023-02-17,2023-02-27,0.0001237636016198,2023,2023-01-31,learned_order_extension,20260911,0.4473244932999703,0.4473244932999703,0,1
monthly_state_validated,2932,2023-02-24,2023-03-06,0.0224454641303217,2023,2023-01-31,learned_order_extension,20260911,0.6194433589464242,0.6194433589464242,1,1
monthly_state_ungated,2917,2023-02-03,2023-02-13,-0.0012061903149008,2023,2023-01-31,learned_order_extension,20260911,0.5514322848293292,0.5514322848293292,1,0
monthly_state_ungated,2922,2023-02-10,2023-02-20,-0.0143746584432821,2023,2023-01-31,learned_order_extension,20260911,0.3920291907474336,0.3920291907474336,0,0
monthly_state_ungated,2927,2023-02-17,2023-02-27,0.0001237636016198,2023,2023-01-31,learned_order_extension,20260911,0.4473244932999703,0.4473244932999703,0,1
monthly_state_ungated,2932,2023-02-24,2023-03-06,0.0224454641303217,2023,2023-01-31,learned_order_extension,20260911,0.6194433589464242,0.6194433589464242,1,1
monthly_state_validated,2917,2023-02-03,2023-02-13,-0.0012061903149008,2023,2023-01-31,learned_order_extension,20260912,0.47399209037220413,0.47399209037220413,0,0
monthly_state_validated,2922,2023-02-10,2023-02-20,-0.0143746584432821,2023,2023-01-31,learned_order_extension,20260912,0.24616016767148868,0.24616016767148868,0,0
monthly_state_validated,2927,2023-02-17,2023-02-27,0.0001237636016198,2023,2023-01-31,learned_order_extension,20260912,0.39614793530843245,0.39614793530843245,0,1
monthly_state_validated,2932,2023-02-24,2023-03-06,0.0224454641303217,2023,2023-01-31,learned_order_extension,20260912,0.7129289281429624,0.7129289281429624,1,1
monthly_state_ungated,2917,2023-02-03,2023-02-13,-0.0012061903149008,2023,2023-01-31,learned_order_extension,20260912,0.47399209037220413,0.47399209037220413,0,0
monthly_state_ungated,2922,2023-02-10,2023-02-20,-0.0143746584432821,2023,2023-01-31,learned_order_extension,20260912,0.24616016767148868,0.24616016767148868,0,0
monthly_state_ungated,2927,2023-02-17,2023-02-27,0.0001237636016198,2023,2023-01-31,learned_order_extension,20260912,0.39614793530843245,0.39614793530843245,0,1
monthly_state_ungated,2932,2023-02-24,2023-03-06,0.0224454641303217,2023,2023-01-31,learned_order_extension,20260912,0.7129289281429624,0.7129289281429624,1,1
monthly_state_validated,2917,2023-02-03,2023-02-13,-0.0012061903149008,2023,2023-01-31,learned_order_offset,20260910,0.708109906191393,0.708109906191393,1,0
monthly_state_validated,2922,2023-02-10,2023-02-20,-0.0143746584432821,2023,2023-01-31,learned_order_offset,20260910,0.3342356424663725,0.3342356424663725,0,0
monthly_state_validated,2927,2023-02-17,2023-02-27,0.0001237636016198,2023,2023-01-31,learned_order_offset,20260910,0.3768936129162209,0.3768936129162209,0,1
monthly_state_validated,2932,2023-02-24,2023-03-06,0.0224454641303217,2023,2023-01-31,learned_order_offset,20260910,0.650954614063496,0.650954614063496,1,1
monthly_state_ungated,2917,2023-02-03,2023-02-13,-0.0012061903149008,2023,2023-01-31,learned_order_offset,20260910,0.708109906191393,0.708109906191393,1,0
monthly_state_ungated,2922,2023-02-10,2023-02-20,-0.0143746584432821,2023,2023-01-31,learned_order_offset,20260910,0.3342356424663725,0.3342356424663725,0,0
monthly_state_ungated,2927,2023-02-17,2023-02-27,0.0001237636016198,2023,2023-01-31,learned_order_offset,20260910,0.3768936129162209,0.3768936129162209,0,1
monthly_state_ungated,2932,2023-02-24,2023-03-06,0.0224454641303217,2023,2023-01-31,learned_order_offset,20260910,0.650954614063496,0.650954614063496,1,1
monthly_state_validated,2917,2023-02-03,2023-02-13,-0.0012061903149008,2023,2023-01-31,learned_order_offset,20260911,0.5515128874638535,0.5515128874638535,1,0
monthly_state_validated,2922,2023-02-10,2023-02-20,-0.0143746584432821,2023,2023-01-31,learned_order_offset,20260911,0.39192014326711666,0.39192014326711666,0,0
monthly_state_validated,2927,2023-02-17,2023-02-27,0.0001237636016198,2023,2023-01-31,learned_order_offset,20260911,0.44735551730013157,0.44735551730013157,0,1
monthly_state_validated,2932,2023-02-24,2023-03-06,0.0224454641303217,2023,2023-01-31,learned_order_offset,20260911,0.6194755772192605,0.6194755772192605,1,1
monthly_state_ungated,2917,2023-02-03,2023-02-13,-0.0012061903149008,2023,2023-01-31,learned_order_offset,20260911,0.5515128874638535,0.5515128874638535,1,0
monthly_state_ungated,2922,2023-02-10,2023-02-20,-0.0143746584432821,2023,2023-01-31,learned_order_offset,20260911,0.39192014326711666,0.39192014326711666,0,0
monthly_state_ungated,2927,2023-02-17,2023-02-27,0.0001237636016198,2023,2023-01-31,learned_order_offset,20260911,0.44735551730013157,0.44735551730013157,0,1
monthly_state_ungated,2932,2023-02-24,2023-03-06,0.0224454641303217,2023,2023-01-31,learned_order_offset,20260911,0.6194755772192605,0.6194755772192605,1,1
monthly_state_validated,2917,2023-02-03,2023-02-13,-0.0012061903149008,2023,2023-01-31,learned_order_offset,20260912,0.47265762776020354,0.47265762776020354,0,0
monthly_state_validated,2922,2023-02-10,2023-02-20,-0.0143746584432821,2023,2023-01-31,learned_order_offset,20260912,0.2502577591654617,0.2502577591654617,0,0
monthly_state_validated,2927,2023-02-17,2023-02-27,0.0001237636016198,2023,2023-01-31,learned_order_offset,20260912,0.3981719184557722,0.3981719184557722,0,1
monthly_state_validated,2932,2023-02-24,2023-03-06,0.0224454641303217,2023,2023-01-31,learned_order_offset,20260912,0.7071114667508918,0.7071114667508918,1,1
monthly_state_ungated,2917,2023-02-03,2023-02-13,-0.0012061903149008,2023,2023-01-31,learned_order_offset,20260912,0.47265762776020354,0.47265762776020354,0,0
monthly_state_ungated,2922,2023-02-10,2023-02-20,-0.0143746584432821,2023,2023-01-31,learned_order_offset,20260912,0.2502577591654617,0.2502577591654617,0,0
monthly_state_ungated,2927,2023-02-17,2023-02-27,0.0001237636016198,2023,2023-01-31,learned_order_offset,20260912,0.3981719184557722,0.3981719184557722,0,1
monthly_state_ungated,2932,2023-02-24,2023-03-06,0.0224454641303217,2023,2023-01-31,learned_order_offset,20260912,0.7071114667508918,0.7071114667508918,1,1
monthly_state_validated,2937,2023-03-03,2023-03-13,-0.0407900947678007,2023,2023-02-28,learned_market,20260910,0.7365179717700991,0.7365179717700991,1,0
monthly_state_validated,2942,2023-03-10,2023-03-20,5.0471402903706775e-06,2023,2023-02-28,learned_market,20260910,0.5813776336748179,0.5813776336748179,1,1
monthly_state_validated,2947,2023-03-17,2023-03-27,0.015302852124583,2023,2023-02-28,learned_market,20260910,0.42485803758448765,0.42485803758448765,0,1
monthly_state_validated,2952,2023-03-24,2023-04-03,0.0090274153058433,2023,2023-02-28,learned_market,20260910,0.37090574302943613,0.37090574302943613,0,1
monthly_state_validated,2957,2023-03-31,2023-04-10,0.0178317182396383,2023,2023-02-28,learned_market,20260910,0.3924154635264961,0.3924154635264961,0,1
monthly_state_ungated,2937,2023-03-03,2023-03-13,-0.0407900947678007,2023,2023-02-28,learned_market,20260910,0.7365179717700991,0.7365179717700991,1,0
monthly_state_ungated,2942,2023-03-10,2023-03-20,5.0471402903706775e-06,2023,2023-02-28,learned_market,20260910,0.5813776336748179,0.5813776336748179,1,1
monthly_state_ungated,2947,2023-03-17,2023-03-27,0.015302852124583,2023,2023-02-28,learned_market,20260910,0.42485803758448765,0.42485803758448765,0,1
monthly_state_ungated,2952,2023-03-24,2023-04-03,0.0090274153058433,2023,2023-02-28,learned_market,20260910,0.37090574302943613,0.37090574302943613,0,1
monthly_state_ungated,2957,2023-03-31,2023-04-10,0.0178317182396383,2023,2023-02-28,learned_market,20260910,0.3924154635264961,0.3924154635264961,0,1
monthly_state_validated,2937,2023-03-03,2023-03-13,-0.0407900947678007,2023,2023-02-28,learned_market,20260911,0.767620468884498,0.767620468884498,1,0
monthly_state_validated,2942,2023-03-10,2023-03-20,5.0471402903706775e-06,2023,2023-02-28,learned_market,20260911,0.6078004132598206,0.6078004132598206,1,1
monthly_state_validated,2947,2023-03-17,2023-03-27,0.015302852124583,2023,2023-02-28,learned_market,20260911,0.41902195233093853,0.41902195233093853,0,1
monthly_state_validated,2952,2023-03-24,2023-04-03,0.0090274153058433,2023,2023-02-28,learned_market,20260911,0.4677158880927443,0.4677158880927443,0,1
monthly_state_validated,2957,2023-03-31,2023-04-10,0.0178317182396383,2023,2023-02-28,learned_market,20260911,0.5644297293997745,0.5644297293997745,1,1
monthly_state_ungated,2937,2023-03-03,2023-03-13,-0.0407900947678007,2023,2023-02-28,learned_market,20260911,0.767620468884498,0.767620468884498,1,0
monthly_state_ungated,2942,2023-03-10,2023-03-20,5.0471402903706775e-06,2023,2023-02-28,learned_market,20260911,0.6078004132598206,0.6078004132598206,1,1
monthly_state_ungated,2947,2023-03-17,2023-03-27,0.015302852124583,2023,2023-02-28,learned_market,20260911,0.41902195233093853,0.41902195233093853,0,1
monthly_state_ungated,2952,2023-03-24,2023-04-03,0.0090274153058433,2023,2023-02-28,learned_market,20260911,0.4677158880927443,0.4677158880927443,0,1
monthly_state_ungated,2957,2023-03-31,2023-04-10,0.0178317182396383,2023,2023-02-28,learned_market,20260911,0.5644297293997745,0.5644297293997745,1,1
monthly_state_validated,2937,2023-03-03,2023-03-13,-0.0407900947678007,2023,2023-02-28,learned_market,20260912,0.5807881322909977,0.5807881322909977,1,0
monthly_state_validated,2942,2023-03-10,2023-03-20,5.0471402903706775e-06,2023,2023-02-28,learned_market,20260912,0.41460120883303464,0.41460120883303464,0,1
monthly_state_validated,2947,2023-03-17,2023-03-27,0.015302852124583,2023,2023-02-28,learned_market,20260912,0.30490069121650976,0.30490069121650976,0,1
monthly_state_validated,2952,2023-03-24,2023-04-03,0.0090274153058433,2023,2023-02-28,learned_market,20260912,0.5481390563099999,0.5481390563099999,1,1
monthly_state_validated,2957,2023-03-31,2023-04-10,0.0178317182396383,2023,2023-02-28,learned_market,20260912,0.611788401190659,0.611788401190659,1,1
monthly_state_ungated,2937,2023-03-03,2023-03-13,-0.0407900947678007,2023,2023-02-28,learned_market,20260912,0.5807881322909977,0.5807881322909977,1,0
monthly_state_ungated,2942,2023-03-10,2023-03-20,5.0471402903706775e-06,2023,2023-02-28,learned_market,20260912,0.41460120883303464,0.41460120883303464,0,1
monthly_state_ungated,2947,2023-03-17,2023-03-27,0.015302852124583,2023,2023-02-28,learned_market,20260912,0.30490069121650976,0.30490069121650976,0,1
monthly_state_ungated,2952,2023-03-24,2023-04-03,0.0090274153058433,2023,2023-02-28,learned_market,20260912,0.5481390563099999,0.5481390563099999,1,1
monthly_state_ungated,2957,2023-03-31,2023-04-10,0.0178317182396383,2023,2023-02-28,learned_market,20260912,0.611788401190659,0.611788401190659,1,1
monthly_state_validated,2937,2023-03-03,2023-03-13,-0.0407900947678007,2023,2023-02-28,learned_vol_interaction,20260910,0.7530412308563522,0.7530412308563522,1,0
monthly_state_validated,2942,2023-03-10,2023-03-20,5.0471402903706775e-06,2023,2023-02-28,learned_vol_interaction,20260910,0.5873882519994295,0.5873882519994295,1,1
monthly_state_validated,2947,2023-03-17,2023-03-27,0.015302852124583,2023,2023-02-28,learned_vol_interaction,20260910,0.41458186592231894,0.41458186592231894,0,1
monthly_state_validated,2952,2023-03-24,2023-04-03,0.0090274153058433,2023,2023-02-28,learned_vol_interaction,20260910,0.35652402288788393,0.35652402288788393,0,1
monthly_state_validated,2957,2023-03-31,2023-04-10,0.0178317182396383,2023,2023-02-28,learned_vol_interaction,20260910,0.3863632737017367,0.3863632737017367,0,1
monthly_state_ungated,2937,2023-03-03,2023-03-13,-0.0407900947678007,2023,2023-02-28,learned_vol_interaction,20260910,0.7530412308563522,0.7530412308563522,1,0
monthly_state_ungated,2942,2023-03-10,2023-03-20,5.0471402903706775e-06,2023,2023-02-28,learned_vol_interaction,20260910,0.5873882519994295,0.5873882519994295,1,1
monthly_state_ungated,2947,2023-03-17,2023-03-27,0.015302852124583,2023,2023-02-28,learned_vol_interaction,20260910,0.41458186592231894,0.41458186592231894,0,1
monthly_state_ungated,2952,2023-03-24,2023-04-03,0.0090274153058433,2023,2023-02-28,learned_vol_interaction,20260910,0.35652402288788393,0.35652402288788393,0,1
monthly_state_ungated,2957,2023-03-31,2023-04-10,0.0178317182396383,2023,2023-02-28,learned_vol_interaction,20260910,0.3863632737017367,0.3863632737017367,0,1
monthly_state_validated,2937,2023-03-03,2023-03-13,-0.0407900947678007,2023,2023-02-28,learned_vol_interaction,20260911,0.7361671223361639,0.7361671223361639,1,0
monthly_state_validated,2942,2023-03-10,2023-03-20,5.0471402903706775e-06,2023,2023-02-28,learned_vol_interaction,20260911,0.5923713060138441,0.5923713060138441,1,1
monthly_state_validated,2947,2023-03-17,2023-03-27,0.015302852124583,2023,2023-02-28,learned_vol_interaction,20260911,0.44129297023126407,0.44129297023126407,0,1
monthly_state_validated,2952,2023-03-24,2023-04-03,0.0090274153058433,2023,2023-02-28,learned_vol_interaction,20260911,0.48118952805584325,0.48118952805584325,0,1
monthly_state_validated,2957,2023-03-31,2023-04-10,0.0178317182396383,2023,2023-02-28,learned_vol_interaction,20260911,0.5581984383579583,0.5581984383579583,1,1
monthly_state_ungated,2937,2023-03-03,2023-03-13,-0.0407900947678007,2023,2023-02-28,learned_vol_interaction,20260911,0.7361671223361639,0.7361671223361639,1,0
monthly_state_ungated,2942,2023-03-10,2023-03-20,5.0471402903706775e-06,2023,2023-02-28,learned_vol_interaction,20260911,0.5923713060138441,0.5923713060138441,1,1
monthly_state_ungated,2947,2023-03-17,2023-03-27,0.015302852124583,2023,2023-02-28,learned_vol_interaction,20260911,0.44129297023126407,0.44129297023126407,0,1
monthly_state_ungated,2952,2023-03-24,2023-04-03,0.0090274153058433,2023,2023-02-28,learned_vol_interaction,20260911,0.48118952805584325,0.48118952805584325,0,1
monthly_state_ungated,2957,2023-03-31,2023-04-10,0.0178317182396383,2023,2023-02-28,learned_vol_interaction,20260911,0.5581984383579583,0.5581984383579583,1,1
monthly_state_validated,2937,2023-03-03,2023-03-13,-0.0407900947678007,2023,2023-02-28,learned_vol_interaction,20260912,0.5909800662310533,0.5909800662310533,1,0
monthly_state_validated,2942,2023-03-10,2023-03-20,5.0471402903706775e-06,2023,2023-02-28,learned_vol_interaction,20260912,0.42073806711796297,0.42073806711796297,0,1
monthly_state_validated,2947,2023-03-17,2023-03-27,0.015302852124583,2023,2023-02-28,learned_vol_interaction,20260912,0.29115877511006416,0.29115877511006416,0,1
monthly_state_validated,2952,2023-03-24,2023-04-03,0.0090274153058433,2023,2023-02-28,learned_vol_interaction,20260912,0.5529999746105244,0.5529999746105244,1,1
monthly_state_validated,2957,2023-03-31,2023-04-10,0.0178317182396383,2023,2023-02-28,learned_vol_interaction,20260912,0.632100803954458,0.632100803954458,1,1
monthly_state_ungated,2937,2023-03-03,2023-03-13,-0.0407900947678007,2023,2023-02-28,learned_vol_interaction,20260912,0.5909800662310533,0.5909800662310533,1,0
monthly_state_ungated,2942,2023-03-10,2023-03-20,5.0471402903706775e-06,2023,2023-02-28,learned_vol_interaction,20260912,0.42073806711796297,0.42073806711796297,0,1
monthly_state_ungated,2947,2023-03-17,2023-03-27,0.015302852124583,2023,2023-02-28,learned_vol_interaction,20260912,0.29115877511006416,0.29115877511006416,0,1
monthly_state_ungated,2952,2023-03-24,2023-04-03,0.0090274153058433,2023,2023-02-28,learned_vol_interaction,20260912,0.5529999746105244,0.5529999746105244,1,1
monthly_state_ungated,2957,2023-03-31,2023-04-10,0.0178317182396383,2023,2023-02-28,learned_vol_interaction,20260912,0.632100803954458,0.632100803954458,1,1
monthly_state_validated,2937,2023-03-03,2023-03-13,-0.0407900947678007,2023,2023-02-28,learned_order_extension,20260910,0.7451391997229981,0.7451391997229981,1,0
monthly_state_validated,2942,2023-03-10,2023-03-20,5.0471402903706775e-06,2023,2023-02-28,learned_order_extension,20260910,0.5807717243209339,0.5807717243209339,1,1
monthly_state_validated,2947,2023-03-17,2023-03-27,0.015302852124583,2023,2023-02-28,learned_order_extension,20260910,0.4261400351912486,0.4261400351912486,0,1
monthly_state_validated,2952,2023-03-24,2023-04-03,0.0090274153058433,2023,2023-02-28,learned_order_extension,20260910,0.35549705087245137,0.35549705087245137,0,1
monthly_state_validated,2957,2023-03-31,2023-04-10,0.0178317182396383,2023,2023-02-28,learned_order_extension,20260910,0.38561638910546875,0.38561638910546875,0,1
monthly_state_ungated,2937,2023-03-03,2023-03-13,-0.0407900947678007,2023,2023-02-28,learned_order_extension,20260910,0.7451391997229981,0.7451391997229981,1,0
monthly_state_ungated,2942,2023-03-10,2023-03-20,5.0471402903706775e-06,2023,2023-02-28,learned_order_extension,20260910,0.5807717243209339,0.5807717243209339,1,1
monthly_state_ungated,2947,2023-03-17,2023-03-27,0.015302852124583,2023,2023-02-28,learned_order_extension,20260910,0.4261400351912486,0.4261400351912486,0,1
monthly_state_ungated,2952,2023-03-24,2023-04-03,0.0090274153058433,2023,2023-02-28,learned_order_extension,20260910,0.35549705087245137,0.35549705087245137,0,1
monthly_state_ungated,2957,2023-03-31,2023-04-10,0.0178317182396383,2023,2023-02-28,learned_order_extension,20260910,0.38561638910546875,0.38561638910546875,0,1
monthly_state_validated,2937,2023-03-03,2023-03-13,-0.0407900947678007,2023,2023-02-28,learned_order_extension,20260911,0.7367440693214489,0.7367440693214489,1,0
monthly_state_validated,2942,2023-03-10,2023-03-20,5.0471402903706775e-06,2023,2023-02-28,learned_order_extension,20260911,0.5926520405957385,0.5926520405957385,1,1
monthly_state_validated,2947,2023-03-17,2023-03-27,0.015302852124583,2023,2023-02-28,learned_order_extension,20260911,0.44150652320643097,0.44150652320643097,0,1
monthly_state_validated,2952,2023-03-24,2023-04-03,0.0090274153058433,2023,2023-02-28,learned_order_extension,20260911,0.4806406899115495,0.4806406899115495,0,1
monthly_state_validated,2957,2023-03-31,2023-04-10,0.0178317182396383,2023,2023-02-28,learned_order_extension,20260911,0.5564015664237618,0.5564015664237618,1,1
monthly_state_ungated,2937,2023-03-03,2023-03-13,-0.0407900947678007,2023,2023-02-28,learned_order_extension,20260911,0.7367440693214489,0.7367440693214489,1,0
monthly_state_ungated,2942,2023-03-10,2023-03-20,5.0471402903706775e-06,2023,2023-02-28,learned_order_extension,20260911,0.5926520405957385,0.5926520405957385,1,1
monthly_state_ungated,2947,2023-03-17,2023-03-27,0.015302852124583,2023,2023-02-28,learned_order_extension,20260911,0.44150652320643097,0.44150652320643097,0,1
monthly_state_ungated,2952,2023-03-24,2023-04-03,0.0090274153058433,2023,2023-02-28,learned_order_extension,20260911,0.4806406899115495,0.4806406899115495,0,1
monthly_state_ungated,2957,2023-03-31,2023-04-10,0.0178317182396383,2023,2023-02-28,learned_order_extension,20260911,0.5564015664237618,0.5564015664237618,1,1
monthly_state_validated,2937,2023-03-03,2023-03-13,-0.0407900947678007,2023,2023-02-28,learned_order_extension,20260912,0.5872179709776264,0.5872179709776264,1,0
monthly_state_validated,2942,2023-03-10,2023-03-20,5.0471402903706775e-06,2023,2023-02-28,learned_order_extension,20260912,0.45917963346836393,0.45917963346836393,0,1
monthly_state_validated,2947,2023-03-17,2023-03-27,0.015302852124583,2023,2023-02-28,learned_order_extension,20260912,0.3321757909492291,0.3321757909492291,0,1
monthly_state_validated,2952,2023-03-24,2023-04-03,0.0090274153058433,2023,2023-02-28,learned_order_extension,20260912,0.5428268381901444,0.5428268381901444,1,1
monthly_state_validated,2957,2023-03-31,2023-04-10,0.0178317182396383,2023,2023-02-28,learned_order_extension,20260912,0.5750765947333518,0.5750765947333518,1,1
monthly_state_ungated,2937,2023-03-03,2023-03-13,-0.0407900947678007,2023,2023-02-28,learned_order_extension,20260912,0.5872179709776264,0.5872179709776264,1,0
monthly_state_ungated,2942,2023-03-10,2023-03-20,5.0471402903706775e-06,2023,2023-02-28,learned_order_extension,20260912,0.45917963346836393,0.45917963346836393,0,1
monthly_state_ungated,2947,2023-03-17,2023-03-27,0.015302852124583,2023,2023-02-28,learned_order_extension,20260912,0.3321757909492291,0.3321757909492291,0,1
monthly_state_ungated,2952,2023-03-24,2023-04-03,0.0090274153058433,2023,2023-02-28,learned_order_extension,20260912,0.5428268381901444,0.5428268381901444,1,1
monthly_state_ungated,2957,2023-03-31,2023-04-10,0.0178317182396383,2023,2023-02-28,learned_order_extension,20260912,0.5750765947333518,0.5750765947333518,1,1
monthly_state_validated,2937,2023-03-03,2023-03-13,-0.0407900947678007,2023,2023-02-28,learned_order_offset,20260910,0.744213255918267,0.744213255918267,1,0
monthly_state_validated,2942,2023-03-10,2023-03-20,5.0471402903706775e-06,2023,2023-02-28,learned_order_offset,20260910,0.581402685223824,0.581402685223824,1,1
monthly_state_validated,2947,2023-03-17,2023-03-27,0.015302852124583,2023,2023-02-28,learned_order_offset,20260910,0.4267138677564879,0.4267138677564879,0,1
monthly_state_validated,2952,2023-03-24,2023-04-03,0.0090274153058433,2023,2023-02-28,learned_order_offset,20260910,0.3550974197538086,0.3550974197538086,0,1
monthly_state_validated,2957,2023-03-31,2023-04-10,0.0178317182396383,2023,2023-02-28,learned_order_offset,20260910,0.38476763491007665,0.38476763491007665,0,1
monthly_state_ungated,2937,2023-03-03,2023-03-13,-0.0407900947678007,2023,2023-02-28,learned_order_offset,20260910,0.744213255918267,0.744213255918267,1,0
monthly_state_ungated,2942,2023-03-10,2023-03-20,5.0471402903706775e-06,2023,2023-02-28,learned_order_offset,20260910,0.581402685223824,0.581402685223824,1,1
monthly_state_ungated,2947,2023-03-17,2023-03-27,0.015302852124583,2023,2023-02-28,learned_order_offset,20260910,0.4267138677564879,0.4267138677564879,0,1
monthly_state_ungated,2952,2023-03-24,2023-04-03,0.0090274153058433,2023,2023-02-28,learned_order_offset,20260910,0.3550974197538086,0.3550974197538086,0,1
monthly_state_ungated,2957,2023-03-31,2023-04-10,0.0178317182396383,2023,2023-02-28,learned_order_offset,20260910,0.38476763491007665,0.38476763491007665,0,1
monthly_state_validated,2937,2023-03-03,2023-03-13,-0.0407900947678007,2023,2023-02-28,learned_order_offset,20260911,0.7367890366176728,0.7367890366176728,1,0
monthly_state_validated,2942,2023-03-10,2023-03-20,5.0471402903706775e-06,2023,2023-02-28,learned_order_offset,20260911,0.5927141757173765,0.5927141757173765,1,1
monthly_state_validated,2947,2023-03-17,2023-03-27,0.015302852124583,2023,2023-02-28,learned_order_offset,20260911,0.44144992787218895,0.44144992787218895,0,1
monthly_state_validated,2952,2023-03-24,2023-04-03,0.0090274153058433,2023,2023-02-28,learned_order_offset,20260911,0.48064826466248156,0.48064826466248156,0,1
monthly_state_validated,2957,2023-03-31,2023-04-10,0.0178317182396383,2023,2023-02-28,learned_order_offset,20260911,0.556461403271004,0.556461403271004,1,1
monthly_state_ungated,2937,2023-03-03,2023-03-13,-0.0407900947678007,2023,2023-02-28,learned_order_offset,20260911,0.7367890366176728,0.7367890366176728,1,0
monthly_state_ungated,2942,2023-03-10,2023-03-20,5.0471402903706775e-06,2023,2023-02-28,learned_order_offset,20260911,0.5927141757173765,0.5927141757173765,1,1
monthly_state_ungated,2947,2023-03-17,2023-03-27,0.015302852124583,2023,2023-02-28,learned_order_offset,20260911,0.44144992787218895,0.44144992787218895,0,1
monthly_state_ungated,2952,2023-03-24,2023-04-03,0.0090274153058433,2023,2023-02-28,learned_order_offset,20260911,0.48064826466248156,0.48064826466248156,0,1
monthly_state_ungated,2957,2023-03-31,2023-04-10,0.0178317182396383,2023,2023-02-28,learned_order_offset,20260911,0.556461403271004,0.556461403271004,1,1
monthly_state_validated,2937,2023-03-03,2023-03-13,-0.0407900947678007,2023,2023-02-28,learned_order_offset,20260912,0.5854544425200702,0.5854544425200702,1,0
monthly_state_validated,2942,2023-03-10,2023-03-20,5.0471402903706775e-06,2023,2023-02-28,learned_order_offset,20260912,0.4623204109511431,0.4623204109511431,0,1
monthly_state_validated,2947,2023-03-17,2023-03-27,0.015302852124583,2023,2023-02-28,learned_order_offset,20260912,0.339217920591994,0.339217920591994,0,1
monthly_state_validated,2952,2023-03-24,2023-04-03,0.0090274153058433,2023,2023-02-28,learned_order_offset,20260912,0.5430909588293242,0.5430909588293242,1,1
monthly_state_validated,2957,2023-03-31,2023-04-10,0.0178317182396383,2023,2023-02-28,learned_order_offset,20260912,0.5725347377994414,0.5725347377994414,1,1
monthly_state_ungated,2937,2023-03-03,2023-03-13,-0.0407900947678007,2023,2023-02-28,learned_order_offset,20260912,0.5854544425200702,0.5854544425200702,1,0
monthly_state_ungated,2942,2023-03-10,2023-03-20,5.0471402903706775e-06,2023,2023-02-28,learned_order_offset,20260912,0.4623204109511431,0.4623204109511431,0,1
monthly_state_ungated,2947,2023-03-17,2023-03-27,0.015302852124583,2023,2023-02-28,learned_order_offset,20260912,0.339217920591994,0.339217920591994,0,1
monthly_state_ungated,2952,2023-03-24,2023-04-03,0.0090274153058433,2023,2023-02-28,learned_order_offset,20260912,0.5430909588293242,0.5430909588293242,1,1
monthly_state_ungated,2957,2023-03-31,2023-04-10,0.0178317182396383,2023,2023-02-28,learned_order_offset,20260912,0.5725347377994414,0.5725347377994414,1,1
monthly_state_validated,2961,2023-04-07,2023-04-17,-0.0101500238382772,2023,2023-03-31,learned_market,20260910,0.595589872428567,0.595589872428567,1,0
monthly_state_validated,2966,2023-04-14,2023-04-24,-0.014368947230732,2023,2023-03-31,learned_market,20260910,0.3348532730298861,0.3348532730298861,0,0
monthly_state_validated,2971,2023-04-21,2023-05-04,-0.0044228908788729,2023,2023-03-31,learned_market,20260910,0.4942947568375473,0.4942947568375473,0,0
monthly_state_validated,2976,2023-04-28,2023-05-10,0.0036477163153083,2023,2023-03-31,learned_market,20260910,0.3714756111943182,0.3714756111943182,0,1
monthly_state_ungated,2961,2023-04-07,2023-04-17,-0.0101500238382772,2023,2023-03-31,learned_market,20260910,0.5599740896794071,0.5599740896794071,1,0
monthly_state_ungated,2966,2023-04-14,2023-04-24,-0.014368947230732,2023,2023-03-31,learned_market,20260910,0.303141839292204,0.303141839292204,0,0
monthly_state_ungated,2971,2023-04-21,2023-05-04,-0.0044228908788729,2023,2023-03-31,learned_market,20260910,0.45838592986314897,0.45838592986314897,0,0
monthly_state_ungated,2976,2023-04-28,2023-05-10,0.0036477163153083,2023,2023-03-31,learned_market,20260910,0.33851657135903673,0.33851657135903673,0,1
monthly_state_validated,2961,2023-04-07,2023-04-17,-0.0101500238382772,2023,2023-03-31,learned_market,20260911,0.5123926969413866,0.5123926969413866,1,0
monthly_state_validated,2966,2023-04-14,2023-04-24,-0.014368947230732,2023,2023-03-31,learned_market,20260911,0.511707795083602,0.511707795083602,1,0
monthly_state_validated,2971,2023-04-21,2023-05-04,-0.0044228908788729,2023,2023-03-31,learned_market,20260911,0.37484009153446224,0.37484009153446224,0,0
monthly_state_validated,2976,2023-04-28,2023-05-10,0.0036477163153083,2023,2023-03-31,learned_market,20260911,0.35090610116443816,0.35090610116443816,0,1
monthly_state_ungated,2961,2023-04-07,2023-04-17,-0.0101500238382772,2023,2023-03-31,learned_market,20260911,0.4781422807596598,0.4781422807596598,0,0
monthly_state_ungated,2966,2023-04-14,2023-04-24,-0.014368947230732,2023,2023-03-31,learned_market,20260911,0.47745833179257335,0.47745833179257335,0,0
monthly_state_ungated,2971,2023-04-21,2023-05-04,-0.0044228908788729,2023,2023-03-31,learned_market,20260911,0.3362267306502826,0.3362267306502826,0,0
monthly_state_ungated,2976,2023-04-28,2023-05-10,0.0036477163153083,2023,2023-03-31,learned_market,20260911,0.31352178065062014,0.31352178065062014,0,1
monthly_state_validated,2961,2023-04-07,2023-04-17,-0.0101500238382772,2023,2023-03-31,learned_market,20260912,0.6373271507100488,0.6373271507100488,1,0
monthly_state_validated,2966,2023-04-14,2023-04-24,-0.014368947230732,2023,2023-03-31,learned_market,20260912,0.3845861584135212,0.3845861584135212,0,0
monthly_state_validated,2971,2023-04-21,2023-05-04,-0.0044228908788729,2023,2023-03-31,learned_market,20260912,0.3355239890755223,0.3355239890755223,0,0
monthly_state_validated,2976,2023-04-28,2023-05-10,0.0036477163153083,2023,2023-03-31,learned_market,20260912,0.4803897810444189,0.4803897810444189,0,1
monthly_state_ungated,2961,2023-04-07,2023-04-17,-0.0101500238382772,2023,2023-03-31,learned_market,20260912,0.6142069369669665,0.6142069369669665,1,0
monthly_state_ungated,2966,2023-04-14,2023-04-24,-0.014368947230732,2023,2023-03-31,learned_market,20260912,0.3614957037990223,0.3614957037990223,0,0
monthly_state_ungated,2971,2023-04-21,2023-05-04,-0.0044228908788729,2023,2023-03-31,learned_market,20260912,0.30236959996400375,0.30236959996400375,0,0
monthly_state_ungated,2976,2023-04-28,2023-05-10,0.0036477163153083,2023,2023-03-31,learned_market,20260912,0.44245236054448556,0.44245236054448556,0,1
monthly_state_validated,2961,2023-04-07,2023-04-17,-0.0101500238382772,2023,2023-03-31,learned_vol_interaction,20260910,0.6043529683218729,0.6043529683218729,1,0
monthly_state_validated,2966,2023-04-14,2023-04-24,-0.014368947230732,2023,2023-03-31,learned_vol_interaction,20260910,0.3144567628179821,0.3144567628179821,0,0
monthly_state_validated,2971,2023-04-21,2023-05-04,-0.0044228908788729,2023,2023-03-31,learned_vol_interaction,20260910,0.4875429689874716,0.4875429689874716,0,0
monthly_state_validated,2976,2023-04-28,2023-05-10,0.0036477163153083,2023,2023-03-31,learned_vol_interaction,20260910,0.3596297147597128,0.3596297147597128,0,1
monthly_state_ungated,2961,2023-04-07,2023-04-17,-0.0101500238382772,2023,2023-03-31,learned_vol_interaction,20260910,0.5663598505623397,0.5663598505623397,1,0
monthly_state_ungated,2966,2023-04-14,2023-04-24,-0.014368947230732,2023,2023-03-31,learned_vol_interaction,20260910,0.28171180328971707,0.28171180328971707,0,0
monthly_state_ungated,2971,2023-04-21,2023-05-04,-0.0044228908788729,2023,2023-03-31,learned_vol_interaction,20260910,0.4491677901392265,0.4491677901392265,0,0
monthly_state_ungated,2976,2023-04-28,2023-05-10,0.0036477163153083,2023,2023-03-31,learned_vol_interaction,20260910,0.32493870308348616,0.32493870308348616,0,1
monthly_state_validated,2961,2023-04-07,2023-04-17,-0.0101500238382772,2023,2023-03-31,learned_vol_interaction,20260911,0.505035431875157,0.505035431875157,1,0
monthly_state_validated,2966,2023-04-14,2023-04-24,-0.014368947230732,2023,2023-03-31,learned_vol_interaction,20260911,0.49347349841953947,0.49347349841953947,0,0
monthly_state_validated,2971,2023-04-21,2023-05-04,-0.0044228908788729,2023,2023-03-31,learned_vol_interaction,20260911,0.397890632401885,0.397890632401885,0,0
monthly_state_validated,2976,2023-04-28,2023-05-10,0.0036477163153083,2023,2023-03-31,learned_vol_interaction,20260911,0.3746539512039826,0.3746539512039826,0,1
monthly_state_ungated,2961,2023-04-07,2023-04-17,-0.0101500238382772,2023,2023-03-31,learned_vol_interaction,20260911,0.47141298683889366,0.47141298683889366,0,0
monthly_state_ungated,2966,2023-04-14,2023-04-24,-0.014368947230732,2023,2023-03-31,learned_vol_interaction,20260911,0.4599055743121418,0.4599055743121418,0,0
monthly_state_ungated,2971,2023-04-21,2023-05-04,-0.0044228908788729,2023,2023-03-31,learned_vol_interaction,20260911,0.35846477562712803,0.35846477562712803,0,0
monthly_state_ungated,2976,2023-04-28,2023-05-10,0.0036477163153083,2023,2023-03-31,learned_vol_interaction,20260911,0.3362447566219648,0.3362447566219648,0,1
monthly_state_validated,2961,2023-04-07,2023-04-17,-0.0101500238382772,2023,2023-03-31,learned_vol_interaction,20260912,0.6574524863442807,0.6574524863442807,1,0
monthly_state_validated,2966,2023-04-14,2023-04-24,-0.014368947230732,2023,2023-03-31,learned_vol_interaction,20260912,0.37636812323839336,0.37636812323839336,0,0
monthly_state_validated,2971,2023-04-21,2023-05-04,-0.0044228908788729,2023,2023-03-31,learned_vol_interaction,20260912,0.32843574732408615,0.32843574732408615,0,0
monthly_state_validated,2976,2023-04-28,2023-05-10,0.0036477163153083,2023,2023-03-31,learned_vol_interaction,20260912,0.47644399303156704,0.47644399303156704,0,1
monthly_state_ungated,2961,2023-04-07,2023-04-17,-0.0101500238382772,2023,2023-03-31,learned_vol_interaction,20260912,0.6352173904529266,0.6352173904529266,1,0
monthly_state_ungated,2966,2023-04-14,2023-04-24,-0.014368947230732,2023,2023-03-31,learned_vol_interaction,20260912,0.3538201907395114,0.3538201907395114,0,0
monthly_state_ungated,2971,2023-04-21,2023-05-04,-0.0044228908788729,2023,2023-03-31,learned_vol_interaction,20260912,0.2953717179928491,0.2953717179928491,0,0
monthly_state_ungated,2976,2023-04-28,2023-05-10,0.0036477163153083,2023,2023-03-31,learned_vol_interaction,20260912,0.43820230110570413,0.43820230110570413,0,1
monthly_state_validated,2961,2023-04-07,2023-04-17,-0.0101500238382772,2023,2023-03-31,learned_order_extension,20260910,0.5803253034213908,0.5803253034213908,1,0
monthly_state_validated,2966,2023-04-14,2023-04-24,-0.014368947230732,2023,2023-03-31,learned_order_extension,20260910,0.3132796546081912,0.3132796546081912,0,0
monthly_state_validated,2971,2023-04-21,2023-05-04,-0.0044228908788729,2023,2023-03-31,learned_order_extension,20260910,0.5129717529119044,0.5129717529119044,1,0
monthly_state_validated,2976,2023-04-28,2023-05-10,0.0036477163153083,2023,2023-03-31,learned_order_extension,20260910,0.3973579997453356,0.3973579997453356,0,1
monthly_state_ungated,2961,2023-04-07,2023-04-17,-0.0101500238382772,2023,2023-03-31,learned_order_extension,20260910,0.5424189993403035,0.5424189993403035,1,0
monthly_state_ungated,2966,2023-04-14,2023-04-24,-0.014368947230732,2023,2023-03-31,learned_order_extension,20260910,0.28113168999738347,0.28113168999738347,0,0
monthly_state_ungated,2971,2023-04-21,2023-05-04,-0.0044228908788729,2023,2023-03-31,learned_order_extension,20260910,0.47638695870337333,0.47638695870337333,0,0
monthly_state_ungated,2976,2023-04-28,2023-05-10,0.0036477163153083,2023,2023-03-31,learned_order_extension,20260910,0.3628751444576035,0.3628751444576035,0,1
monthly_state_validated,2961,2023-04-07,2023-04-17,-0.0101500238382772,2023,2023-03-31,learned_order_extension,20260911,0.5048460180326865,0.5048460180326865,1,0
monthly_state_validated,2966,2023-04-14,2023-04-24,-0.014368947230732,2023,2023-03-31,learned_order_extension,20260911,0.49439461564860404,0.49439461564860404,0,0
monthly_state_validated,2971,2023-04-21,2023-05-04,-0.0044228908788729,2023,2023-03-31,learned_order_extension,20260911,0.39936804356030803,0.39936804356030803,0,0
monthly_state_validated,2976,2023-04-28,2023-05-10,0.0036477163153083,2023,2023-03-31,learned_order_extension,20260911,0.37816937180792504,0.37816937180792504,0,1
monthly_state_ungated,2961,2023-04-07,2023-04-17,-0.0101500238382772,2023,2023-03-31,learned_order_extension,20260911,0.4671594222126166,0.4671594222126166,0,0
monthly_state_ungated,2966,2023-04-14,2023-04-24,-0.014368947230732,2023,2023-03-31,learned_order_extension,20260911,0.4567685022597124,0.4567685022597124,0,0
monthly_state_ungated,2971,2023-04-21,2023-05-04,-0.0044228908788729,2023,2023-03-31,learned_order_extension,20260911,0.3558576169420361,0.3558576169420361,0,0
monthly_state_ungated,2976,2023-04-28,2023-05-10,0.0036477163153083,2023,2023-03-31,learned_order_extension,20260911,0.3356777501820952,0.3356777501820952,0,1
monthly_state_validated,2961,2023-04-07,2023-04-17,-0.0101500238382772,2023,2023-03-31,learned_order_extension,20260912,0.637499787070465,0.637499787070465,1,0
monthly_state_validated,2966,2023-04-14,2023-04-24,-0.014368947230732,2023,2023-03-31,learned_order_extension,20260912,0.39981071424461395,0.39981071424461395,0,0
monthly_state_validated,2971,2023-04-21,2023-05-04,-0.0044228908788729,2023,2023-03-31,learned_order_extension,20260912,0.3696006256220921,0.3696006256220921,0,0
monthly_state_validated,2976,2023-04-28,2023-05-10,0.0036477163153083,2023,2023-03-31,learned_order_extension,20260912,0.4688564801514378,0.4688564801514378,0,1
monthly_state_ungated,2961,2023-04-07,2023-04-17,-0.0101500238382772,2023,2023-03-31,learned_order_extension,20260912,0.61541574193248,0.61541574193248,1,0
monthly_state_ungated,2966,2023-04-14,2023-04-24,-0.014368947230732,2023,2023-03-31,learned_order_extension,20260912,0.37738849212997144,0.37738849212997144,0,0
monthly_state_ungated,2971,2023-04-21,2023-05-04,-0.0044228908788729,2023,2023-03-31,learned_order_extension,20260912,0.33684153245614656,0.33684153245614656,0,0
monthly_state_ungated,2976,2023-04-28,2023-05-10,0.0036477163153083,2023,2023-03-31,learned_order_extension,20260912,0.43334746623978293,0.43334746623978293,0,1
monthly_state_validated,2961,2023-04-07,2023-04-17,-0.0101500238382772,2023,2023-03-31,learned_order_offset,20260910,0.5794010068026585,0.5794010068026585,1,0
monthly_state_validated,2966,2023-04-14,2023-04-24,-0.014368947230732,2023,2023-03-31,learned_order_offset,20260910,0.31197453771328737,0.31197453771328737,0,0
monthly_state_validated,2971,2023-04-21,2023-05-04,-0.0044228908788729,2023,2023-03-31,learned_order_offset,20260910,0.5149450703710334,0.5149450703710334,1,0
monthly_state_validated,2976,2023-04-28,2023-05-10,0.0036477163153083,2023,2023-03-31,learned_order_offset,20260910,0.39823395699918146,0.39823395699918146,0,1
monthly_state_ungated,2961,2023-04-07,2023-04-17,-0.0101500238382772,2023,2023-03-31,learned_order_offset,20260910,0.5414930598291906,0.5414930598291906,1,0
monthly_state_ungated,2966,2023-04-14,2023-04-24,-0.014368947230732,2023,2023-03-31,learned_order_offset,20260910,0.27991880374495937,0.27991880374495937,0,0
monthly_state_ungated,2971,2023-04-21,2023-05-04,-0.0044228908788729,2023,2023-03-31,learned_order_offset,20260910,0.4783843281898452,0.4783843281898452,0,0
monthly_state_ungated,2976,2023-04-28,2023-05-10,0.0036477163153083,2023,2023-03-31,learned_order_offset,20260910,0.3637455958345202,0.3637455958345202,0,1
monthly_state_validated,2961,2023-04-07,2023-04-17,-0.0101500238382772,2023,2023-03-31,learned_order_offset,20260911,0.504790898079976,0.504790898079976,1,0
monthly_state_validated,2966,2023-04-14,2023-04-24,-0.014368947230732,2023,2023-03-31,learned_order_offset,20260911,0.4942633891147542,0.4942633891147542,0,0
monthly_state_validated,2971,2023-04-21,2023-05-04,-0.0044228908788729,2023,2023-03-31,learned_order_offset,20260911,0.39928777128910625,0.39928777128910625,0,0
monthly_state_validated,2976,2023-04-28,2023-05-10,0.0036477163153083,2023,2023-03-31,learned_order_offset,20260911,0.37810919654324093,0.37810919654324093,0,1
monthly_state_ungated,2961,2023-04-07,2023-04-17,-0.0101500238382772,2023,2023-03-31,learned_order_offset,20260911,0.46714565072146913,0.46714565072146913,0,0
monthly_state_ungated,2966,2023-04-14,2023-04-24,-0.014368947230732,2023,2023-03-31,learned_order_offset,20260911,0.4566792265687529,0.4566792265687529,0,0
monthly_state_ungated,2971,2023-04-21,2023-05-04,-0.0044228908788729,2023,2023-03-31,learned_order_offset,20260911,0.35586378723352063,0.35586378723352063,0,0
monthly_state_ungated,2976,2023-04-28,2023-05-10,0.0036477163153083,2023,2023-03-31,learned_order_offset,20260911,0.3357013153457011,0.3357013153457011,0,1
monthly_state_validated,2961,2023-04-07,2023-04-17,-0.0101500238382772,2023,2023-03-31,learned_order_offset,20260912,0.6359786222461823,0.6359786222461823,1,0
monthly_state_validated,2966,2023-04-14,2023-04-24,-0.014368947230732,2023,2023-03-31,learned_order_offset,20260912,0.4040571614648592,0.4040571614648592,0,0
monthly_state_validated,2971,2023-04-21,2023-05-04,-0.0044228908788729,2023,2023-03-31,learned_order_offset,20260912,0.373753908234859,0.373753908234859,0,0
monthly_state_validated,2976,2023-04-28,2023-05-10,0.0036477163153083,2023,2023-03-31,learned_order_offset,20260912,0.4682938791565345,0.4682938791565345,0,1
monthly_state_ungated,2961,2023-04-07,2023-04-17,-0.0101500238382772,2023,2023-03-31,learned_order_offset,20260912,0.6138719969622112,0.6138719969622112,1,0
monthly_state_ungated,2966,2023-04-14,2023-04-24,-0.014368947230732,2023,2023-03-31,learned_order_offset,20260912,0.38156208094382615,0.38156208094382615,0,0
monthly_state_ungated,2971,2023-04-21,2023-05-04,-0.0044228908788729,2023,2023-03-31,learned_order_offset,20260912,0.34082668409679395,0.34082668409679395,0,0
monthly_state_ungated,2976,2023-04-28,2023-05-10,0.0036477163153083,2023,2023-03-31,learned_order_offset,20260912,0.4327938097389154,0.4327938097389154,0,1
monthly_state_validated,2978,2023-05-05,2023-05-15,-0.0221642407977935,2023,2023-04-30,learned_market,20260910,0.4497529451200874,0.4497529451200874,0,0
monthly_state_validated,2983,2023-05-12,2023-05-22,0.0005509250208819,2023,2023-04-30,learned_market,20260910,0.33357360179734663,0.33357360179734663,0,1
monthly_state_validated,2988,2023-05-19,2023-05-29,-0.0200253742704897,2023,2023-04-30,learned_market,20260910,0.5625170222669913,0.5625170222669913,1,0
monthly_state_validated,2993,2023-05-26,2023-06-05,-0.0003935703040848,2023,2023-04-30,learned_market,20260910,0.516241495805648,0.516241495805648,1,0
monthly_state_ungated,2978,2023-05-05,2023-05-15,-0.0221642407977935,2023,2023-04-30,learned_market,20260910,0.4497529451200874,0.4497529451200874,0,0
monthly_state_ungated,2983,2023-05-12,2023-05-22,0.0005509250208819,2023,2023-04-30,learned_market,20260910,0.33357360179734663,0.33357360179734663,0,1
monthly_state_ungated,2988,2023-05-19,2023-05-29,-0.0200253742704897,2023,2023-04-30,learned_market,20260910,0.5625170222669913,0.5625170222669913,1,0
monthly_state_ungated,2993,2023-05-26,2023-06-05,-0.0003935703040848,2023,2023-04-30,learned_market,20260910,0.516241495805648,0.516241495805648,1,0
monthly_state_validated,2978,2023-05-05,2023-05-15,-0.0221642407977935,2023,2023-04-30,learned_market,20260911,0.34027916805748615,0.34027916805748615,0,0
monthly_state_validated,2983,2023-05-12,2023-05-22,0.0005509250208819,2023,2023-04-30,learned_market,20260911,0.49754285644712,0.49754285644712,0,1
monthly_state_validated,2988,2023-05-19,2023-05-29,-0.0200253742704897,2023,2023-04-30,learned_market,20260911,0.7549084578883676,0.7549084578883676,1,0
monthly_state_validated,2993,2023-05-26,2023-06-05,-0.0003935703040848,2023,2023-04-30,learned_market,20260911,0.5039392773809649,0.5039392773809649,1,0
monthly_state_ungated,2978,2023-05-05,2023-05-15,-0.0221642407977935,2023,2023-04-30,learned_market,20260911,0.34027916805748615,0.34027916805748615,0,0
monthly_state_ungated,2983,2023-05-12,2023-05-22,0.0005509250208819,2023,2023-04-30,learned_market,20260911,0.49754285644712,0.49754285644712,0,1
monthly_state_ungated,2988,2023-05-19,2023-05-29,-0.0200253742704897,2023,2023-04-30,learned_market,20260911,0.7549084578883676,0.7549084578883676,1,0
monthly_state_ungated,2993,2023-05-26,2023-06-05,-0.0003935703040848,2023,2023-04-30,learned_market,20260911,0.5039392773809649,0.5039392773809649,1,0
monthly_state_validated,2978,2023-05-05,2023-05-15,-0.0221642407977935,2023,2023-04-30,learned_market,20260912,0.3214134174707162,0.3214134174707162,0,0
monthly_state_validated,2983,2023-05-12,2023-05-22,0.0005509250208819,2023,2023-04-30,learned_market,20260912,0.41963299671663734,0.41963299671663734,0,1
monthly_state_validated,2988,2023-05-19,2023-05-29,-0.0200253742704897,2023,2023-04-30,learned_market,20260912,0.663522806485192,0.663522806485192,1,0
monthly_state_validated,2993,2023-05-26,2023-06-05,-0.0003935703040848,2023,2023-04-30,learned_market,20260912,0.4734681491976751,0.4734681491976751,0,0
monthly_state_ungated,2978,2023-05-05,2023-05-15,-0.0221642407977935,2023,2023-04-30,learned_market,20260912,0.3214134174707162,0.3214134174707162,0,0
monthly_state_ungated,2983,2023-05-12,2023-05-22,0.0005509250208819,2023,2023-04-30,learned_market,20260912,0.41963299671663734,0.41963299671663734,0,1
monthly_state_ungated,2988,2023-05-19,2023-05-29,-0.0200253742704897,2023,2023-04-30,learned_market,20260912,0.663522806485192,0.663522806485192,1,0
monthly_state_ungated,2993,2023-05-26,2023-06-05,-0.0003935703040848,2023,2023-04-30,learned_market,20260912,0.4734681491976751,0.4734681491976751,0,0
monthly_state_validated,2978,2023-05-05,2023-05-15,-0.0221642407977935,2023,2023-04-30,learned_vol_interaction,20260910,0.44140831433605277,0.44140831433605277,0,0
monthly_state_validated,2983,2023-05-12,2023-05-22,0.0005509250208819,2023,2023-04-30,learned_vol_interaction,20260910,0.3241710306632204,0.3241710306632204,0,1
monthly_state_validated,2988,2023-05-19,2023-05-29,-0.0200253742704897,2023,2023-04-30,learned_vol_interaction,20260910,0.5771140415412856,0.5771140415412856,1,0
monthly_state_validated,2993,2023-05-26,2023-06-05,-0.0003935703040848,2023,2023-04-30,learned_vol_interaction,20260910,0.5170651713386136,0.5170651713386136,1,0
monthly_state_ungated,2978,2023-05-05,2023-05-15,-0.0221642407977935,2023,2023-04-30,learned_vol_interaction,20260910,0.44140831433605277,0.44140831433605277,0,0
monthly_state_ungated,2983,2023-05-12,2023-05-22,0.0005509250208819,2023,2023-04-30,learned_vol_interaction,20260910,0.3241710306632204,0.3241710306632204,0,1
monthly_state_ungated,2988,2023-05-19,2023-05-29,-0.0200253742704897,2023,2023-04-30,learned_vol_interaction,20260910,0.5771140415412856,0.5771140415412856,1,0
monthly_state_ungated,2993,2023-05-26,2023-06-05,-0.0003935703040848,2023,2023-04-30,learned_vol_interaction,20260910,0.5170651713386136,0.5170651713386136,1,0
monthly_state_validated,2978,2023-05-05,2023-05-15,-0.0221642407977935,2023,2023-04-30,learned_vol_interaction,20260911,0.3794183322213578,0.3794183322213578,0,0
monthly_state_validated,2983,2023-05-12,2023-05-22,0.0005509250208819,2023,2023-04-30,learned_vol_interaction,20260911,0.5207253080904825,0.5207253080904825,1,1
monthly_state_validated,2988,2023-05-19,2023-05-29,-0.0200253742704897,2023,2023-04-30,learned_vol_interaction,20260911,0.7158994131477658,0.7158994131477658,1,0
monthly_state_validated,2993,2023-05-26,2023-06-05,-0.0003935703040848,2023,2023-04-30,learned_vol_interaction,20260911,0.5106796239963189,0.5106796239963189,1,0
monthly_state_ungated,2978,2023-05-05,2023-05-15,-0.0221642407977935,2023,2023-04-30,learned_vol_interaction,20260911,0.3794183322213578,0.3794183322213578,0,0
monthly_state_ungated,2983,2023-05-12,2023-05-22,0.0005509250208819,2023,2023-04-30,learned_vol_interaction,20260911,0.5207253080904825,0.5207253080904825,1,1
monthly_state_ungated,2988,2023-05-19,2023-05-29,-0.0200253742704897,2023,2023-04-30,learned_vol_interaction,20260911,0.7158994131477658,0.7158994131477658,1,0
monthly_state_ungated,2993,2023-05-26,2023-06-05,-0.0003935703040848,2023,2023-04-30,learned_vol_interaction,20260911,0.5106796239963189,0.5106796239963189,1,0
monthly_state_validated,2978,2023-05-05,2023-05-15,-0.0221642407977935,2023,2023-04-30,learned_vol_interaction,20260912,0.30788719174740625,0.30788719174740625,0,0
monthly_state_validated,2983,2023-05-12,2023-05-22,0.0005509250208819,2023,2023-04-30,learned_vol_interaction,20260912,0.42598051823633404,0.42598051823633404,0,1
monthly_state_validated,2988,2023-05-19,2023-05-29,-0.0200253742704897,2023,2023-04-30,learned_vol_interaction,20260912,0.6767118241469199,0.6767118241469199,1,0
monthly_state_validated,2993,2023-05-26,2023-06-05,-0.0003935703040848,2023,2023-04-30,learned_vol_interaction,20260912,0.4883023609978598,0.4883023609978598,0,0
monthly_state_ungated,2978,2023-05-05,2023-05-15,-0.0221642407977935,2023,2023-04-30,learned_vol_interaction,20260912,0.30788719174740625,0.30788719174740625,0,0
monthly_state_ungated,2983,2023-05-12,2023-05-22,0.0005509250208819,2023,2023-04-30,learned_vol_interaction,20260912,0.42598051823633404,0.42598051823633404,0,1
monthly_state_ungated,2988,2023-05-19,2023-05-29,-0.0200253742704897,2023,2023-04-30,learned_vol_interaction,20260912,0.6767118241469199,0.6767118241469199,1,0
monthly_state_ungated,2993,2023-05-26,2023-06-05,-0.0003935703040848,2023,2023-04-30,learned_vol_interaction,20260912,0.4883023609978598,0.4883023609978598,0,0
monthly_state_validated,2978,2023-05-05,2023-05-15,-0.0221642407977935,2023,2023-04-30,learned_order_extension,20260910,0.4552249172640749,0.4552249172640749,0,0
monthly_state_validated,2983,2023-05-12,2023-05-22,0.0005509250208819,2023,2023-04-30,learned_order_extension,20260910,0.3862794729795211,0.3862794729795211,0,1
monthly_state_validated,2988,2023-05-19,2023-05-29,-0.0200253742704897,2023,2023-04-30,learned_order_extension,20260910,0.558285474010296,0.558285474010296,1,0
monthly_state_validated,2993,2023-05-26,2023-06-05,-0.0003935703040848,2023,2023-04-30,learned_order_extension,20260910,0.5195420946101187,0.5195420946101187,1,0
monthly_state_ungated,2978,2023-05-05,2023-05-15,-0.0221642407977935,2023,2023-04-30,learned_order_extension,20260910,0.4552249172640749,0.4552249172640749,0,0
monthly_state_ungated,2983,2023-05-12,2023-05-22,0.0005509250208819,2023,2023-04-30,learned_order_extension,20260910,0.3862794729795211,0.3862794729795211,0,1
monthly_state_ungated,2988,2023-05-19,2023-05-29,-0.0200253742704897,2023,2023-04-30,learned_order_extension,20260910,0.558285474010296,0.558285474010296,1,0
monthly_state_ungated,2993,2023-05-26,2023-06-05,-0.0003935703040848,2023,2023-04-30,learned_order_extension,20260910,0.5195420946101187,0.5195420946101187,1,0
monthly_state_validated,2978,2023-05-05,2023-05-15,-0.0221642407977935,2023,2023-04-30,learned_order_extension,20260911,0.3826637989359542,0.3826637989359542,0,0
monthly_state_validated,2983,2023-05-12,2023-05-22,0.0005509250208819,2023,2023-04-30,learned_order_extension,20260911,0.5207604762186022,0.5207604762186022,1,1
monthly_state_validated,2988,2023-05-19,2023-05-29,-0.0200253742704897,2023,2023-04-30,learned_order_extension,20260911,0.7111561389087265,0.7111561389087265,1,0
monthly_state_validated,2993,2023-05-26,2023-06-05,-0.0003935703040848,2023,2023-04-30,learned_order_extension,20260911,0.5113938646839422,0.5113938646839422,1,0
monthly_state_ungated,2978,2023-05-05,2023-05-15,-0.0221642407977935,2023,2023-04-30,learned_order_extension,20260911,0.3826637989359542,0.3826637989359542,0,0
monthly_state_ungated,2983,2023-05-12,2023-05-22,0.0005509250208819,2023,2023-04-30,learned_order_extension,20260911,0.5207604762186022,0.5207604762186022,1,1
monthly_state_ungated,2988,2023-05-19,2023-05-29,-0.0200253742704897,2023,2023-04-30,learned_order_extension,20260911,0.7111561389087265,0.7111561389087265,1,0
monthly_state_ungated,2993,2023-05-26,2023-06-05,-0.0003935703040848,2023,2023-04-30,learned_order_extension,20260911,0.5113938646839422,0.5113938646839422,1,0
monthly_state_validated,2978,2023-05-05,2023-05-15,-0.0221642407977935,2023,2023-04-30,learned_order_extension,20260912,0.35316398446807334,0.35316398446807334,0,0
monthly_state_validated,2983,2023-05-12,2023-05-22,0.0005509250208819,2023,2023-04-30,learned_order_extension,20260912,0.4594935783345266,0.4594935783345266,0,1
monthly_state_validated,2988,2023-05-19,2023-05-29,-0.0200253742704897,2023,2023-04-30,learned_order_extension,20260912,0.5613551046736279,0.5613551046736279,1,0
monthly_state_validated,2993,2023-05-26,2023-06-05,-0.0003935703040848,2023,2023-04-30,learned_order_extension,20260912,0.4825311640837267,0.4825311640837267,0,0
monthly_state_ungated,2978,2023-05-05,2023-05-15,-0.0221642407977935,2023,2023-04-30,learned_order_extension,20260912,0.35316398446807334,0.35316398446807334,0,0
monthly_state_ungated,2983,2023-05-12,2023-05-22,0.0005509250208819,2023,2023-04-30,learned_order_extension,20260912,0.4594935783345266,0.4594935783345266,0,1
monthly_state_ungated,2988,2023-05-19,2023-05-29,-0.0200253742704897,2023,2023-04-30,learned_order_extension,20260912,0.5613551046736279,0.5613551046736279,1,0
monthly_state_ungated,2993,2023-05-26,2023-06-05,-0.0003935703040848,2023,2023-04-30,learned_order_extension,20260912,0.4825311640837267,0.4825311640837267,0,0
monthly_state_validated,2978,2023-05-05,2023-05-15,-0.0221642407977935,2023,2023-04-30,learned_order_offset,20260910,0.4559542898668919,0.4559542898668919,0,0
monthly_state_validated,2983,2023-05-12,2023-05-22,0.0005509250208819,2023,2023-04-30,learned_order_offset,20260910,0.38735140673750457,0.38735140673750457,0,1
monthly_state_validated,2988,2023-05-19,2023-05-29,-0.0200253742704897,2023,2023-04-30,learned_order_offset,20260910,0.5583236766115218,0.5583236766115218,1,0
monthly_state_validated,2993,2023-05-26,2023-06-05,-0.0003935703040848,2023,2023-04-30,learned_order_offset,20260910,0.5196713253356512,0.5196713253356512,1,0
monthly_state_ungated,2978,2023-05-05,2023-05-15,-0.0221642407977935,2023,2023-04-30,learned_order_offset,20260910,0.4559542898668919,0.4559542898668919,0,0
monthly_state_ungated,2983,2023-05-12,2023-05-22,0.0005509250208819,2023,2023-04-30,learned_order_offset,20260910,0.38735140673750457,0.38735140673750457,0,1
monthly_state_ungated,2988,2023-05-19,2023-05-29,-0.0200253742704897,2023,2023-04-30,learned_order_offset,20260910,0.5583236766115218,0.5583236766115218,1,0
monthly_state_ungated,2993,2023-05-26,2023-06-05,-0.0003935703040848,2023,2023-04-30,learned_order_offset,20260910,0.5196713253356512,0.5196713253356512,1,0
monthly_state_validated,2978,2023-05-05,2023-05-15,-0.0221642407977935,2023,2023-04-30,learned_order_offset,20260911,0.3825900800128016,0.3825900800128016,0,0
monthly_state_validated,2983,2023-05-12,2023-05-22,0.0005509250208819,2023,2023-04-30,learned_order_offset,20260911,0.5206526224591033,0.5206526224591033,1,1
monthly_state_validated,2988,2023-05-19,2023-05-29,-0.0200253742704897,2023,2023-04-30,learned_order_offset,20260911,0.7111689672715988,0.7111689672715988,1,0
monthly_state_validated,2993,2023-05-26,2023-06-05,-0.0003935703040848,2023,2023-04-30,learned_order_offset,20260911,0.5113376197418289,0.5113376197418289,1,0
monthly_state_ungated,2978,2023-05-05,2023-05-15,-0.0221642407977935,2023,2023-04-30,learned_order_offset,20260911,0.3825900800128016,0.3825900800128016,0,0
monthly_state_ungated,2983,2023-05-12,2023-05-22,0.0005509250208819,2023,2023-04-30,learned_order_offset,20260911,0.5206526224591033,0.5206526224591033,1,1
monthly_state_ungated,2988,2023-05-19,2023-05-29,-0.0200253742704897,2023,2023-04-30,learned_order_offset,20260911,0.7111689672715988,0.7111689672715988,1,0
monthly_state_ungated,2993,2023-05-26,2023-06-05,-0.0003935703040848,2023,2023-04-30,learned_order_offset,20260911,0.5113376197418289,0.5113376197418289,1,0
monthly_state_validated,2978,2023-05-05,2023-05-15,-0.0221642407977935,2023,2023-04-30,learned_order_offset,20260912,0.35468620955831676,0.35468620955831676,0,0
monthly_state_validated,2983,2023-05-12,2023-05-22,0.0005509250208819,2023,2023-04-30,learned_order_offset,20260912,0.45944687309341087,0.45944687309341087,0,1
monthly_state_validated,2988,2023-05-19,2023-05-29,-0.0200253742704897,2023,2023-04-30,learned_order_offset,20260912,0.5528609060536627,0.5528609060536627,1,0
monthly_state_validated,2993,2023-05-26,2023-06-05,-0.0003935703040848,2023,2023-04-30,learned_order_offset,20260912,0.48081388523345875,0.48081388523345875,0,0
monthly_state_ungated,2978,2023-05-05,2023-05-15,-0.0221642407977935,2023,2023-04-30,learned_order_offset,20260912,0.35468620955831676,0.35468620955831676,0,0
monthly_state_ungated,2983,2023-05-12,2023-05-22,0.0005509250208819,2023,2023-04-30,learned_order_offset,20260912,0.45944687309341087,0.45944687309341087,0,1
monthly_state_ungated,2988,2023-05-19,2023-05-29,-0.0200253742704897,2023,2023-04-30,learned_order_offset,20260912,0.5528609060536627,0.5528609060536627,1,0
monthly_state_ungated,2993,2023-05-26,2023-06-05,-0.0003935703040848,2023,2023-04-30,learned_order_offset,20260912,0.48081388523345875,0.48081388523345875,0,0
monthly_state_validated,2998,2023-06-02,2023-06-12,-0.0086075595250429,2023,2023-05-31,learned_market,20260910,0.4611271604446467,0.4611271604446467,0,0
monthly_state_validated,3003,2023-06-09,2023-06-19,0.0338878539347273,2023,2023-05-31,learned_market,20260910,0.3966512245556026,0.3966512245556026,0,1
monthly_state_validated,3008,2023-06-16,2023-07-03,-0.026216632171098,2023,2023-05-31,learned_market,20260910,0.4023630749492596,0.4023630749492596,0,0
monthly_state_validated,3016,2023-06-30,2023-07-10,-0.0030441518806006,2023,2023-05-31,learned_market,20260910,0.4213657002217921,0.4213657002217921,0,0
monthly_state_ungated,2998,2023-06-02,2023-06-12,-0.0086075595250429,2023,2023-05-31,learned_market,20260910,0.4611271604446467,0.4611271604446467,0,0
monthly_state_ungated,3003,2023-06-09,2023-06-19,0.0338878539347273,2023,2023-05-31,learned_market,20260910,0.3966512245556026,0.3966512245556026,0,1
monthly_state_ungated,3008,2023-06-16,2023-07-03,-0.026216632171098,2023,2023-05-31,learned_market,20260910,0.3802794384271377,0.3802794384271377,0,0
monthly_state_ungated,3016,2023-06-30,2023-07-10,-0.0030441518806006,2023,2023-05-31,learned_market,20260910,0.4213657002217921,0.4213657002217921,0,0
monthly_state_validated,2998,2023-06-02,2023-06-12,-0.0086075595250429,2023,2023-05-31,learned_market,20260911,0.39899180688484476,0.39899180688484476,0,0
monthly_state_validated,3003,2023-06-09,2023-06-19,0.0338878539347273,2023,2023-05-31,learned_market,20260911,0.4684734509310129,0.4684734509310129,0,1
monthly_state_validated,3008,2023-06-16,2023-07-03,-0.026216632171098,2023,2023-05-31,learned_market,20260911,0.43999508820011124,0.43999508820011124,0,0
monthly_state_validated,3016,2023-06-30,2023-07-10,-0.0030441518806006,2023,2023-05-31,learned_market,20260911,0.494623114929346,0.494623114929346,0,0
monthly_state_ungated,2998,2023-06-02,2023-06-12,-0.0086075595250429,2023,2023-05-31,learned_market,20260911,0.39899180688484476,0.39899180688484476,0,0
monthly_state_ungated,3003,2023-06-09,2023-06-19,0.0338878539347273,2023,2023-05-31,learned_market,20260911,0.4684734509310129,0.4684734509310129,0,1
monthly_state_ungated,3008,2023-06-16,2023-07-03,-0.026216632171098,2023,2023-05-31,learned_market,20260911,0.42268942483709543,0.42268942483709543,0,0
monthly_state_ungated,3016,2023-06-30,2023-07-10,-0.0030441518806006,2023,2023-05-31,learned_market,20260911,0.494623114929346,0.494623114929346,0,0
monthly_state_validated,2998,2023-06-02,2023-06-12,-0.0086075595250429,2023,2023-05-31,learned_market,20260912,0.40456629164978614,0.40456629164978614,0,0
monthly_state_validated,3003,2023-06-09,2023-06-19,0.0338878539347273,2023,2023-05-31,learned_market,20260912,0.30238432481971794,0.30238432481971794,0,1
monthly_state_validated,3008,2023-06-16,2023-07-03,-0.026216632171098,2023,2023-05-31,learned_market,20260912,0.3205141256506379,0.3205141256506379,0,0
monthly_state_validated,3016,2023-06-30,2023-07-10,-0.0030441518806006,2023,2023-05-31,learned_market,20260912,0.6005178559534365,0.6005178559534365,1,0
monthly_state_ungated,2998,2023-06-02,2023-06-12,-0.0086075595250429,2023,2023-05-31,learned_market,20260912,0.40456629164978614,0.40456629164978614,0,0
monthly_state_ungated,3003,2023-06-09,2023-06-19,0.0338878539347273,2023,2023-05-31,learned_market,20260912,0.30238432481971794,0.30238432481971794,0,1
monthly_state_ungated,3008,2023-06-16,2023-07-03,-0.026216632171098,2023,2023-05-31,learned_market,20260912,0.30635411929093587,0.30635411929093587,0,0
monthly_state_ungated,3016,2023-06-30,2023-07-10,-0.0030441518806006,2023,2023-05-31,learned_market,20260912,0.6005178559534365,0.6005178559534365,1,0
monthly_state_validated,2998,2023-06-02,2023-06-12,-0.0086075595250429,2023,2023-05-31,learned_vol_interaction,20260910,0.45864589830252817,0.45864589830252817,0,0
monthly_state_validated,3003,2023-06-09,2023-06-19,0.0338878539347273,2023,2023-05-31,learned_vol_interaction,20260910,0.3918169460644426,0.3918169460644426,0,1
monthly_state_validated,3008,2023-06-16,2023-07-03,-0.026216632171098,2023,2023-05-31,learned_vol_interaction,20260910,0.39897150529552516,0.39897150529552516,0,0
monthly_state_validated,3016,2023-06-30,2023-07-10,-0.0030441518806006,2023,2023-05-31,learned_vol_interaction,20260910,0.4213702849064111,0.4213702849064111,0,0
monthly_state_ungated,2998,2023-06-02,2023-06-12,-0.0086075595250429,2023,2023-05-31,learned_vol_interaction,20260910,0.45864589830252817,0.45864589830252817,0,0
monthly_state_ungated,3003,2023-06-09,2023-06-19,0.0338878539347273,2023,2023-05-31,learned_vol_interaction,20260910,0.3918169460644426,0.3918169460644426,0,1
monthly_state_ungated,3008,2023-06-16,2023-07-03,-0.026216632171098,2023,2023-05-31,learned_vol_interaction,20260910,0.37690442873143337,0.37690442873143337,0,0
monthly_state_ungated,3016,2023-06-30,2023-07-10,-0.0030441518806006,2023,2023-05-31,learned_vol_interaction,20260910,0.4213702849064111,0.4213702849064111,0,0
monthly_state_validated,2998,2023-06-02,2023-06-12,-0.0086075595250429,2023,2023-05-31,learned_vol_interaction,20260911,0.41473330630809063,0.41473330630809063,0,0
monthly_state_validated,3003,2023-06-09,2023-06-19,0.0338878539347273,2023,2023-05-31,learned_vol_interaction,20260911,0.4862687443116524,0.4862687443116524,0,1
monthly_state_validated,3008,2023-06-16,2023-07-03,-0.026216632171098,2023,2023-05-31,learned_vol_interaction,20260911,0.4615744120462823,0.4615744120462823,0,0
monthly_state_validated,3016,2023-06-30,2023-07-10,-0.0030441518806006,2023,2023-05-31,learned_vol_interaction,20260911,0.5010023580261896,0.5010023580261896,1,0
monthly_state_ungated,2998,2023-06-02,2023-06-12,-0.0086075595250429,2023,2023-05-31,learned_vol_interaction,20260911,0.41473330630809063,0.41473330630809063,0,0
monthly_state_ungated,3003,2023-06-09,2023-06-19,0.0338878539347273,2023,2023-05-31,learned_vol_interaction,20260911,0.4862687443116524,0.4862687443116524,0,1
monthly_state_ungated,3008,2023-06-16,2023-07-03,-0.026216632171098,2023,2023-05-31,learned_vol_interaction,20260911,0.44460426187384317,0.44460426187384317,0,0
monthly_state_ungated,3016,2023-06-30,2023-07-10,-0.0030441518806006,2023,2023-05-31,learned_vol_interaction,20260911,0.5010023580261896,0.5010023580261896,1,0
monthly_state_validated,2998,2023-06-02,2023-06-12,-0.0086075595250429,2023,2023-05-31,learned_vol_interaction,20260912,0.3935432366359235,0.3935432366359235,0,0
monthly_state_validated,3003,2023-06-09,2023-06-19,0.0338878539347273,2023,2023-05-31,learned_vol_interaction,20260912,0.27933481732197507,0.27933481732197507,0,1
monthly_state_validated,3008,2023-06-16,2023-07-03,-0.026216632171098,2023,2023-05-31,learned_vol_interaction,20260912,0.29070233426464753,0.29070233426464753,0,0
monthly_state_validated,3016,2023-06-30,2023-07-10,-0.0030441518806006,2023,2023-05-31,learned_vol_interaction,20260912,0.6177370664994124,0.6177370664994124,1,0
monthly_state_ungated,2998,2023-06-02,2023-06-12,-0.0086075595250429,2023,2023-05-31,learned_vol_interaction,20260912,0.3935432366359235,0.3935432366359235,0,0
monthly_state_ungated,3003,2023-06-09,2023-06-19,0.0338878539347273,2023,2023-05-31,learned_vol_interaction,20260912,0.27933481732197507,0.27933481732197507,0,1
monthly_state_ungated,3008,2023-06-16,2023-07-03,-0.026216632171098,2023,2023-05-31,learned_vol_interaction,20260912,0.27768302375480963,0.27768302375480963,0,0
monthly_state_ungated,3016,2023-06-30,2023-07-10,-0.0030441518806006,2023,2023-05-31,learned_vol_interaction,20260912,0.6177370664994124,0.6177370664994124,1,0
monthly_state_validated,2998,2023-06-02,2023-06-12,-0.0086075595250429,2023,2023-05-31,learned_order_extension,20260910,0.4764646687624865,0.4764646687624865,0,0
monthly_state_validated,3003,2023-06-09,2023-06-19,0.0338878539347273,2023,2023-05-31,learned_order_extension,20260910,0.4399504044091518,0.4399504044091518,0,1
monthly_state_validated,3008,2023-06-16,2023-07-03,-0.026216632171098,2023,2023-05-31,learned_order_extension,20260910,0.4403657460993596,0.4403657460993596,0,0
monthly_state_validated,3016,2023-06-30,2023-07-10,-0.0030441518806006,2023,2023-05-31,learned_order_extension,20260910,0.44347540699034627,0.44347540699034627,0,0
monthly_state_ungated,2998,2023-06-02,2023-06-12,-0.0086075595250429,2023,2023-05-31,learned_order_extension,20260910,0.4764646687624865,0.4764646687624865,0,0
monthly_state_ungated,3003,2023-06-09,2023-06-19,0.0338878539347273,2023,2023-05-31,learned_order_extension,20260910,0.4399504044091518,0.4399504044091518,0,1
monthly_state_ungated,3008,2023-06-16,2023-07-03,-0.026216632171098,2023,2023-05-31,learned_order_extension,20260910,0.41963940184389753,0.41963940184389753,0,0
monthly_state_ungated,3016,2023-06-30,2023-07-10,-0.0030441518806006,2023,2023-05-31,learned_order_extension,20260910,0.44347540699034627,0.44347540699034627,0,0
monthly_state_validated,2998,2023-06-02,2023-06-12,-0.0086075595250429,2023,2023-05-31,learned_order_extension,20260911,0.4176728512227212,0.4176728512227212,0,0
monthly_state_validated,3003,2023-06-09,2023-06-19,0.0338878539347273,2023,2023-05-31,learned_order_extension,20260911,0.4874736850302981,0.4874736850302981,0,1
monthly_state_validated,3008,2023-06-16,2023-07-03,-0.026216632171098,2023,2023-05-31,learned_order_extension,20260911,0.4634868787327687,0.4634868787327687,0,0
monthly_state_validated,3016,2023-06-30,2023-07-10,-0.0030441518806006,2023,2023-05-31,learned_order_extension,20260911,0.4996986134035337,0.4996986134035337,0,0
monthly_state_ungated,2998,2023-06-02,2023-06-12,-0.0086075595250429,2023,2023-05-31,learned_order_extension,20260911,0.4176728512227212,0.4176728512227212,0,0
monthly_state_ungated,3003,2023-06-09,2023-06-19,0.0338878539347273,2023,2023-05-31,learned_order_extension,20260911,0.4874736850302981,0.4874736850302981,0,1
monthly_state_ungated,3008,2023-06-16,2023-07-03,-0.026216632171098,2023,2023-05-31,learned_order_extension,20260911,0.44502727708668754,0.44502727708668754,0,0
monthly_state_ungated,3016,2023-06-30,2023-07-10,-0.0030441518806006,2023,2023-05-31,learned_order_extension,20260911,0.4996986134035337,0.4996986134035337,0,0
monthly_state_validated,2998,2023-06-02,2023-06-12,-0.0086075595250429,2023,2023-05-31,learned_order_extension,20260912,0.43993698612115767,0.43993698612115767,0,0
monthly_state_validated,3003,2023-06-09,2023-06-19,0.0338878539347273,2023,2023-05-31,learned_order_extension,20260912,0.35568367267039286,0.35568367267039286,0,1
monthly_state_validated,3008,2023-06-16,2023-07-03,-0.026216632171098,2023,2023-05-31,learned_order_extension,20260912,0.39069608421932794,0.39069608421932794,0,0
monthly_state_validated,3016,2023-06-30,2023-07-10,-0.0030441518806006,2023,2023-05-31,learned_order_extension,20260912,0.5677359269311923,0.5677359269311923,1,0
monthly_state_ungated,2998,2023-06-02,2023-06-12,-0.0086075595250429,2023,2023-05-31,learned_order_extension,20260912,0.43993698612115767,0.43993698612115767,0,0
monthly_state_ungated,3003,2023-06-09,2023-06-19,0.0338878539347273,2023,2023-05-31,learned_order_extension,20260912,0.35568367267039286,0.35568367267039286,0,1
monthly_state_ungated,3008,2023-06-16,2023-07-03,-0.026216632171098,2023,2023-05-31,learned_order_extension,20260912,0.3757892005783806,0.3757892005783806,0,0
monthly_state_ungated,3016,2023-06-30,2023-07-10,-0.0030441518806006,2023,2023-05-31,learned_order_extension,20260912,0.5677359269311923,0.5677359269311923,1,0
monthly_state_validated,2998,2023-06-02,2023-06-12,-0.0086075595250429,2023,2023-05-31,learned_order_offset,20260910,0.4774002230107331,0.4774002230107331,0,0
monthly_state_validated,3003,2023-06-09,2023-06-19,0.0338878539347273,2023,2023-05-31,learned_order_offset,20260910,0.44203236200402185,0.44203236200402185,0,1
monthly_state_validated,3008,2023-06-16,2023-07-03,-0.026216632171098,2023,2023-05-31,learned_order_offset,20260910,0.44122158681927054,0.44122158681927054,0,0
monthly_state_validated,3016,2023-06-30,2023-07-10,-0.0030441518806006,2023,2023-05-31,learned_order_offset,20260910,0.4443353288773946,0.4443353288773946,0,0
monthly_state_ungated,2998,2023-06-02,2023-06-12,-0.0086075595250429,2023,2023-05-31,learned_order_offset,20260910,0.4774002230107331,0.4774002230107331,0,0
monthly_state_ungated,3003,2023-06-09,2023-06-19,0.0338878539347273,2023,2023-05-31,learned_order_offset,20260910,0.44203236200402185,0.44203236200402185,0,1
monthly_state_ungated,3008,2023-06-16,2023-07-03,-0.026216632171098,2023,2023-05-31,learned_order_offset,20260910,0.42051971940333877,0.42051971940333877,0,0
monthly_state_ungated,3016,2023-06-30,2023-07-10,-0.0030441518806006,2023,2023-05-31,learned_order_offset,20260910,0.4443353288773946,0.4443353288773946,0,0
monthly_state_validated,2998,2023-06-02,2023-06-12,-0.0086075595250429,2023,2023-05-31,learned_order_offset,20260911,0.4176331380681734,0.4176331380681734,0,0
monthly_state_validated,3003,2023-06-09,2023-06-19,0.0338878539347273,2023,2023-05-31,learned_order_offset,20260911,0.4874307767794157,0.4874307767794157,0,1
monthly_state_validated,3008,2023-06-16,2023-07-03,-0.026216632171098,2023,2023-05-31,learned_order_offset,20260911,0.46345232219332494,0.46345232219332494,0,0
monthly_state_validated,3016,2023-06-30,2023-07-10,-0.0030441518806006,2023,2023-05-31,learned_order_offset,20260911,0.4995175845112385,0.4995175845112385,0,0
monthly_state_ungated,2998,2023-06-02,2023-06-12,-0.0086075595250429,2023,2023-05-31,learned_order_offset,20260911,0.4176331380681734,0.4176331380681734,0,0
monthly_state_ungated,3003,2023-06-09,2023-06-19,0.0338878539347273,2023,2023-05-31,learned_order_offset,20260911,0.4874307767794157,0.4874307767794157,0,1
monthly_state_ungated,3008,2023-06-16,2023-07-03,-0.026216632171098,2023,2023-05-31,learned_order_offset,20260911,0.4449765982874392,0.4449765982874392,0,0
monthly_state_ungated,3016,2023-06-30,2023-07-10,-0.0030441518806006,2023,2023-05-31,learned_order_offset,20260911,0.4995175845112385,0.4995175845112385,0,0
monthly_state_validated,2998,2023-06-02,2023-06-12,-0.0086075595250429,2023,2023-05-31,learned_order_offset,20260912,0.4462826688282708,0.4462826688282708,0,0
monthly_state_validated,3003,2023-06-09,2023-06-19,0.0338878539347273,2023,2023-05-31,learned_order_offset,20260912,0.3657926874386867,0.3657926874386867,0,1
monthly_state_validated,3008,2023-06-16,2023-07-03,-0.026216632171098,2023,2023-05-31,learned_order_offset,20260912,0.3970710272316485,0.3970710272316485,0,0
monthly_state_validated,3016,2023-06-30,2023-07-10,-0.0030441518806006,2023,2023-05-31,learned_order_offset,20260912,0.5701260577969851,0.5701260577969851,1,0
monthly_state_ungated,2998,2023-06-02,2023-06-12,-0.0086075595250429,2023,2023-05-31,learned_order_offset,20260912,0.4462826688282708,0.4462826688282708,0,0
monthly_state_ungated,3003,2023-06-09,2023-06-19,0.0338878539347273,2023,2023-05-31,learned_order_offset,20260912,0.3657926874386867,0.3657926874386867,0,1
monthly_state_ungated,3008,2023-06-16,2023-07-03,-0.026216632171098,2023,2023-05-31,learned_order_offset,20260912,0.382028141232361,0.382028141232361,0,0
monthly_state_ungated,3016,2023-06-30,2023-07-10,-0.0030441518806006,2023,2023-05-31,learned_order_offset,20260912,0.5701260577969851,0.5701260577969851,1,0
monthly_state_validated,3021,2023-07-07,2023-07-17,0.0104280552692135,2023,2023-06-30,learned_market,20260910,0.4148371344756111,0.4148371344756111,0,1
monthly_state_validated,3026,2023-07-14,2023-07-24,-0.0201642613135752,2023,2023-06-30,learned_market,20260910,0.6799807480428174,0.6799807480428174,1,0
monthly_state_validated,3031,2023-07-21,2023-07-31,0.0566710925894278,2023,2023-06-30,learned_market,20260910,0.6185965077641518,0.6185965077641518,1,1
monthly_state_validated,3036,2023-07-28,2023-08-07,-0.0039612927947766,2023,2023-06-30,learned_market,20260910,0.4215659804761882,0.4215659804761882,0,0
monthly_state_ungated,3021,2023-07-07,2023-07-17,0.0104280552692135,2023,2023-06-30,learned_market,20260910,0.4148371344756111,0.4148371344756111,0,1
monthly_state_ungated,3026,2023-07-14,2023-07-24,-0.0201642613135752,2023,2023-06-30,learned_market,20260910,0.6799807480428174,0.6799807480428174,1,0
monthly_state_ungated,3031,2023-07-21,2023-07-31,0.0566710925894278,2023,2023-06-30,learned_market,20260910,0.6185965077641518,0.6185965077641518,1,1
monthly_state_ungated,3036,2023-07-28,2023-08-07,-0.0039612927947766,2023,2023-06-30,learned_market,20260910,0.4215659804761882,0.4215659804761882,0,0
monthly_state_validated,3021,2023-07-07,2023-07-17,0.0104280552692135,2023,2023-06-30,learned_market,20260911,0.4321304643658555,0.4321304643658555,0,1
monthly_state_validated,3026,2023-07-14,2023-07-24,-0.0201642613135752,2023,2023-06-30,learned_market,20260911,0.40871557780436546,0.40871557780436546,0,0
monthly_state_validated,3031,2023-07-21,2023-07-31,0.0566710925894278,2023,2023-06-30,learned_market,20260911,0.39545774353332364,0.39545774353332364,0,1
monthly_state_validated,3036,2023-07-28,2023-08-07,-0.0039612927947766,2023,2023-06-30,learned_market,20260911,0.42456681759896686,0.42456681759896686,0,0
monthly_state_ungated,3021,2023-07-07,2023-07-17,0.0104280552692135,2023,2023-06-30,learned_market,20260911,0.4321304643658555,0.4321304643658555,0,1
monthly_state_ungated,3026,2023-07-14,2023-07-24,-0.0201642613135752,2023,2023-06-30,learned_market,20260911,0.40871557780436546,0.40871557780436546,0,0
monthly_state_ungated,3031,2023-07-21,2023-07-31,0.0566710925894278,2023,2023-06-30,learned_market,20260911,0.39545774353332364,0.39545774353332364,0,1
monthly_state_ungated,3036,2023-07-28,2023-08-07,-0.0039612927947766,2023,2023-06-30,learned_market,20260911,0.42456681759896686,0.42456681759896686,0,0
monthly_state_validated,3021,2023-07-07,2023-07-17,0.0104280552692135,2023,2023-06-30,learned_market,20260912,0.5476174471948578,0.5476174471948578,1,1
monthly_state_validated,3026,2023-07-14,2023-07-24,-0.0201642613135752,2023,2023-06-30,learned_market,20260912,0.6522486120714398,0.6522486120714398,1,0
monthly_state_validated,3031,2023-07-21,2023-07-31,0.0566710925894278,2023,2023-06-30,learned_market,20260912,0.20700617431869667,0.20700617431869667,0,1
monthly_state_validated,3036,2023-07-28,2023-08-07,-0.0039612927947766,2023,2023-06-30,learned_market,20260912,0.5519262606194112,0.5519262606194112,1,0
monthly_state_ungated,3021,2023-07-07,2023-07-17,0.0104280552692135,2023,2023-06-30,learned_market,20260912,0.5476174471948578,0.5476174471948578,1,1
monthly_state_ungated,3026,2023-07-14,2023-07-24,-0.0201642613135752,2023,2023-06-30,learned_market,20260912,0.6522486120714398,0.6522486120714398,1,0
monthly_state_ungated,3031,2023-07-21,2023-07-31,0.0566710925894278,2023,2023-06-30,learned_market,20260912,0.20700617431869667,0.20700617431869667,0,1
monthly_state_ungated,3036,2023-07-28,2023-08-07,-0.0039612927947766,2023,2023-06-30,learned_market,20260912,0.5519262606194112,0.5519262606194112,1,0
monthly_state_validated,3021,2023-07-07,2023-07-17,0.0104280552692135,2023,2023-06-30,learned_vol_interaction,20260910,0.40513894935035405,0.40513894935035405,0,1
monthly_state_validated,3026,2023-07-14,2023-07-24,-0.0201642613135752,2023,2023-06-30,learned_vol_interaction,20260910,0.6982450832721806,0.6982450832721806,1,0
monthly_state_validated,3031,2023-07-21,2023-07-31,0.0566710925894278,2023,2023-06-30,learned_vol_interaction,20260910,0.6403583446603761,0.6403583446603761,1,1
monthly_state_validated,3036,2023-07-28,2023-08-07,-0.0039612927947766,2023,2023-06-30,learned_vol_interaction,20260910,0.41454143432883767,0.41454143432883767,0,0
monthly_state_ungated,3021,2023-07-07,2023-07-17,0.0104280552692135,2023,2023-06-30,learned_vol_interaction,20260910,0.40513894935035405,0.40513894935035405,0,1
monthly_state_ungated,3026,2023-07-14,2023-07-24,-0.0201642613135752,2023,2023-06-30,learned_vol_interaction,20260910,0.6982450832721806,0.6982450832721806,1,0
monthly_state_ungated,3031,2023-07-21,2023-07-31,0.0566710925894278,2023,2023-06-30,learned_vol_interaction,20260910,0.6403583446603761,0.6403583446603761,1,1
monthly_state_ungated,3036,2023-07-28,2023-08-07,-0.0039612927947766,2023,2023-06-30,learned_vol_interaction,20260910,0.41454143432883767,0.41454143432883767,0,0
monthly_state_validated,3021,2023-07-07,2023-07-17,0.0104280552692135,2023,2023-06-30,learned_vol_interaction,20260911,0.4535961698689514,0.4535961698689514,0,1
monthly_state_validated,3026,2023-07-14,2023-07-24,-0.0201642613135752,2023,2023-06-30,learned_vol_interaction,20260911,0.4201550783721589,0.4201550783721589,0,0
monthly_state_validated,3031,2023-07-21,2023-07-31,0.0566710925894278,2023,2023-06-30,learned_vol_interaction,20260911,0.41973638258801144,0.41973638258801144,0,1
monthly_state_validated,3036,2023-07-28,2023-08-07,-0.0039612927947766,2023,2023-06-30,learned_vol_interaction,20260911,0.4355598052653261,0.4355598052653261,0,0
monthly_state_ungated,3021,2023-07-07,2023-07-17,0.0104280552692135,2023,2023-06-30,learned_vol_interaction,20260911,0.4535961698689514,0.4535961698689514,0,1
monthly_state_ungated,3026,2023-07-14,2023-07-24,-0.0201642613135752,2023,2023-06-30,learned_vol_interaction,20260911,0.4201550783721589,0.4201550783721589,0,0
monthly_state_ungated,3031,2023-07-21,2023-07-31,0.0566710925894278,2023,2023-06-30,learned_vol_interaction,20260911,0.41973638258801144,0.41973638258801144,0,1
monthly_state_ungated,3036,2023-07-28,2023-08-07,-0.0039612927947766,2023,2023-06-30,learned_vol_interaction,20260911,0.4355598052653261,0.4355598052653261,0,0
monthly_state_validated,3021,2023-07-07,2023-07-17,0.0104280552692135,2023,2023-06-30,learned_vol_interaction,20260912,0.5594291110807199,0.5594291110807199,1,1
monthly_state_validated,3026,2023-07-14,2023-07-24,-0.0201642613135752,2023,2023-06-30,learned_vol_interaction,20260912,0.6679523881039575,0.6679523881039575,1,0
monthly_state_validated,3031,2023-07-21,2023-07-31,0.0566710925894278,2023,2023-06-30,learned_vol_interaction,20260912,0.18635602070763757,0.18635602070763757,0,1
monthly_state_validated,3036,2023-07-28,2023-08-07,-0.0039612927947766,2023,2023-06-30,learned_vol_interaction,20260912,0.5478407814968878,0.5478407814968878,1,0
monthly_state_ungated,3021,2023-07-07,2023-07-17,0.0104280552692135,2023,2023-06-30,learned_vol_interaction,20260912,0.5594291110807199,0.5594291110807199,1,1
monthly_state_ungated,3026,2023-07-14,2023-07-24,-0.0201642613135752,2023,2023-06-30,learned_vol_interaction,20260912,0.6679523881039575,0.6679523881039575,1,0
monthly_state_ungated,3031,2023-07-21,2023-07-31,0.0566710925894278,2023,2023-06-30,learned_vol_interaction,20260912,0.18635602070763757,0.18635602070763757,0,1
monthly_state_ungated,3036,2023-07-28,2023-08-07,-0.0039612927947766,2023,2023-06-30,learned_vol_interaction,20260912,0.5478407814968878,0.5478407814968878,1,0
monthly_state_validated,3021,2023-07-07,2023-07-17,0.0104280552692135,2023,2023-06-30,learned_order_extension,20260910,0.42525896977192723,0.42525896977192723,0,1
monthly_state_validated,3026,2023-07-14,2023-07-24,-0.0201642613135752,2023,2023-06-30,learned_order_extension,20260910,0.6244950957532646,0.6244950957532646,1,0
monthly_state_validated,3031,2023-07-21,2023-07-31,0.0566710925894278,2023,2023-06-30,learned_order_extension,20260910,0.591193586714307,0.591193586714307,1,1
monthly_state_validated,3036,2023-07-28,2023-08-07,-0.0039612927947766,2023,2023-06-30,learned_order_extension,20260910,0.4137031126689188,0.4137031126689188,0,0
monthly_state_ungated,3021,2023-07-07,2023-07-17,0.0104280552692135,2023,2023-06-30,learned_order_extension,20260910,0.42525896977192723,0.42525896977192723,0,1
monthly_state_ungated,3026,2023-07-14,2023-07-24,-0.0201642613135752,2023,2023-06-30,learned_order_extension,20260910,0.6244950957532646,0.6244950957532646,1,0
monthly_state_ungated,3031,2023-07-21,2023-07-31,0.0566710925894278,2023,2023-06-30,learned_order_extension,20260910,0.591193586714307,0.591193586714307,1,1
monthly_state_ungated,3036,2023-07-28,2023-08-07,-0.0039612927947766,2023,2023-06-30,learned_order_extension,20260910,0.4137031126689188,0.4137031126689188,0,0
monthly_state_validated,3021,2023-07-07,2023-07-17,0.0104280552692135,2023,2023-06-30,learned_order_extension,20260911,0.45538171676954997,0.45538171676954997,0,1
monthly_state_validated,3026,2023-07-14,2023-07-24,-0.0201642613135752,2023,2023-06-30,learned_order_extension,20260911,0.4205002443689337,0.4205002443689337,0,0
monthly_state_validated,3031,2023-07-21,2023-07-31,0.0566710925894278,2023,2023-06-30,learned_order_extension,20260911,0.4215274592494197,0.4215274592494197,0,1
monthly_state_validated,3036,2023-07-28,2023-08-07,-0.0039612927947766,2023,2023-06-30,learned_order_extension,20260911,0.4356725165305554,0.4356725165305554,0,0
monthly_state_ungated,3021,2023-07-07,2023-07-17,0.0104280552692135,2023,2023-06-30,learned_order_extension,20260911,0.45538171676954997,0.45538171676954997,0,1
monthly_state_ungated,3026,2023-07-14,2023-07-24,-0.0201642613135752,2023,2023-06-30,learned_order_extension,20260911,0.4205002443689337,0.4205002443689337,0,0
monthly_state_ungated,3031,2023-07-21,2023-07-31,0.0566710925894278,2023,2023-06-30,learned_order_extension,20260911,0.4215274592494197,0.4215274592494197,0,1
monthly_state_ungated,3036,2023-07-28,2023-08-07,-0.0039612927947766,2023,2023-06-30,learned_order_extension,20260911,0.4356725165305554,0.4356725165305554,0,0
monthly_state_validated,3021,2023-07-07,2023-07-17,0.0104280552692135,2023,2023-06-30,learned_order_extension,20260912,0.5454708742834323,0.5454708742834323,1,1
monthly_state_validated,3026,2023-07-14,2023-07-24,-0.0201642613135752,2023,2023-06-30,learned_order_extension,20260912,0.5829444980994714,0.5829444980994714,1,0
monthly_state_validated,3031,2023-07-21,2023-07-31,0.0566710925894278,2023,2023-06-30,learned_order_extension,20260912,0.2735077969075347,0.2735077969075347,0,1
monthly_state_validated,3036,2023-07-28,2023-08-07,-0.0039612927947766,2023,2023-06-30,learned_order_extension,20260912,0.5280526191390094,0.5280526191390094,1,0
monthly_state_ungated,3021,2023-07-07,2023-07-17,0.0104280552692135,2023,2023-06-30,learned_order_extension,20260912,0.5454708742834323,0.5454708742834323,1,1
monthly_state_ungated,3026,2023-07-14,2023-07-24,-0.0201642613135752,2023,2023-06-30,learned_order_extension,20260912,0.5829444980994714,0.5829444980994714,1,0
monthly_state_ungated,3031,2023-07-21,2023-07-31,0.0566710925894278,2023,2023-06-30,learned_order_extension,20260912,0.2735077969075347,0.2735077969075347,0,1
monthly_state_ungated,3036,2023-07-28,2023-08-07,-0.0039612927947766,2023,2023-06-30,learned_order_extension,20260912,0.5280526191390094,0.5280526191390094,1,0
monthly_state_validated,3021,2023-07-07,2023-07-17,0.0104280552692135,2023,2023-06-30,learned_order_offset,20260910,0.4256085180406109,0.4256085180406109,0,1
monthly_state_validated,3026,2023-07-14,2023-07-24,-0.0201642613135752,2023,2023-06-30,learned_order_offset,20260910,0.623906968031916,0.623906968031916,1,0
monthly_state_validated,3031,2023-07-21,2023-07-31,0.0566710925894278,2023,2023-06-30,learned_order_offset,20260910,0.5909164484602238,0.5909164484602238,1,1
monthly_state_validated,3036,2023-07-28,2023-08-07,-0.0039612927947766,2023,2023-06-30,learned_order_offset,20260910,0.4138182586819264,0.4138182586819264,0,0
monthly_state_ungated,3021,2023-07-07,2023-07-17,0.0104280552692135,2023,2023-06-30,learned_order_offset,20260910,0.4256085180406109,0.4256085180406109,0,1
monthly_state_ungated,3026,2023-07-14,2023-07-24,-0.0201642613135752,2023,2023-06-30,learned_order_offset,20260910,0.623906968031916,0.623906968031916,1,0
monthly_state_ungated,3031,2023-07-21,2023-07-31,0.0566710925894278,2023,2023-06-30,learned_order_offset,20260910,0.5909164484602238,0.5909164484602238,1,1
monthly_state_ungated,3036,2023-07-28,2023-08-07,-0.0039612927947766,2023,2023-06-30,learned_order_offset,20260910,0.4138182586819264,0.4138182586819264,0,0
monthly_state_validated,3021,2023-07-07,2023-07-17,0.0104280552692135,2023,2023-06-30,learned_order_offset,20260911,0.45528383097218506,0.45528383097218506,0,1
monthly_state_validated,3026,2023-07-14,2023-07-24,-0.0201642613135752,2023,2023-06-30,learned_order_offset,20260911,0.4203945553087095,0.4203945553087095,0,0
monthly_state_validated,3031,2023-07-21,2023-07-31,0.0566710925894278,2023,2023-06-30,learned_order_offset,20260911,0.42144143747309903,0.42144143747309903,0,1
monthly_state_validated,3036,2023-07-28,2023-08-07,-0.0039612927947766,2023,2023-06-30,learned_order_offset,20260911,0.43557039697383443,0.43557039697383443,0,0
monthly_state_ungated,3021,2023-07-07,2023-07-17,0.0104280552692135,2023,2023-06-30,learned_order_offset,20260911,0.45528383097218506,0.45528383097218506,0,1
monthly_state_ungated,3026,2023-07-14,2023-07-24,-0.0201642613135752,2023,2023-06-30,learned_order_offset,20260911,0.4203945553087095,0.4203945553087095,0,0
monthly_state_ungated,3031,2023-07-21,2023-07-31,0.0566710925894278,2023,2023-06-30,learned_order_offset,20260911,0.42144143747309903,0.42144143747309903,0,1
monthly_state_ungated,3036,2023-07-28,2023-08-07,-0.0039612927947766,2023,2023-06-30,learned_order_offset,20260911,0.43557039697383443,0.43557039697383443,0,0
monthly_state_validated,3021,2023-07-07,2023-07-17,0.0104280552692135,2023,2023-06-30,learned_order_offset,20260912,0.5489589265996276,0.5489589265996276,1,1
monthly_state_validated,3026,2023-07-14,2023-07-24,-0.0201642613135752,2023,2023-06-30,learned_order_offset,20260912,0.5824558395211001,0.5824558395211001,1,0
monthly_state_validated,3031,2023-07-21,2023-07-31,0.0566710925894278,2023,2023-06-30,learned_order_offset,20260912,0.27988978715458734,0.27988978715458734,0,1
monthly_state_validated,3036,2023-07-28,2023-08-07,-0.0039612927947766,2023,2023-06-30,learned_order_offset,20260912,0.5284081434359106,0.5284081434359106,1,0
monthly_state_ungated,3021,2023-07-07,2023-07-17,0.0104280552692135,2023,2023-06-30,learned_order_offset,20260912,0.5489589265996276,0.5489589265996276,1,1
monthly_state_ungated,3026,2023-07-14,2023-07-24,-0.0201642613135752,2023,2023-06-30,learned_order_offset,20260912,0.5824558395211001,0.5824558395211001,1,0
monthly_state_ungated,3031,2023-07-21,2023-07-31,0.0566710925894278,2023,2023-06-30,learned_order_offset,20260912,0.27988978715458734,0.27988978715458734,0,1
monthly_state_ungated,3036,2023-07-28,2023-08-07,-0.0039612927947766,2023,2023-06-30,learned_order_offset,20260912,0.5284081434359106,0.5284081434359106,1,0
monthly_state_validated,3041,2023-08-04,2023-08-14,-0.0404899362223548,2023,2023-07-31,learned_market,20260910,0.3422681158561934,0.3422681158561934,0,0
monthly_state_validated,3046,2023-08-11,2023-08-21,-0.0176157088591445,2023,2023-07-31,learned_market,20260910,0.26755143190839087,0.26755143190839087,0,0
monthly_state_validated,3051,2023-08-18,2023-08-28,0.0366582477081969,2023,2023-07-31,learned_market,20260910,0.6094913814194294,0.6094913814194294,1,1
monthly_state_validated,3056,2023-08-25,2023-09-04,-0.025197172476384,2023,2023-07-31,learned_market,20260910,0.292415818373573,0.292415818373573,0,0
monthly_state_ungated,3041,2023-08-04,2023-08-14,-0.0404899362223548,2023,2023-07-31,learned_market,20260910,0.33988712976324775,0.33988712976324775,0,0
monthly_state_ungated,3046,2023-08-11,2023-08-21,-0.0176157088591445,2023,2023-07-31,learned_market,20260910,0.26755143190839087,0.26755143190839087,0,0
monthly_state_ungated,3051,2023-08-18,2023-08-28,0.0366582477081969,2023,2023-07-31,learned_market,20260910,0.5934414935272057,0.5934414935272057,1,1
monthly_state_ungated,3056,2023-08-25,2023-09-04,-0.025197172476384,2023,2023-07-31,learned_market,20260910,0.292415818373573,0.292415818373573,0,0
monthly_state_validated,3041,2023-08-04,2023-08-14,-0.0404899362223548,2023,2023-07-31,learned_market,20260911,0.4091884265741096,0.4091884265741096,0,0
monthly_state_validated,3046,2023-08-11,2023-08-21,-0.0176157088591445,2023,2023-07-31,learned_market,20260911,0.6814136065435475,0.6814136065435475,1,0
monthly_state_validated,3051,2023-08-18,2023-08-28,0.0366582477081969,2023,2023-07-31,learned_market,20260911,0.47430326900984304,0.47430326900984304,0,1
monthly_state_validated,3056,2023-08-25,2023-09-04,-0.025197172476384,2023,2023-07-31,learned_market,20260911,0.5259209733581712,0.5259209733581712,1,0
monthly_state_ungated,3041,2023-08-04,2023-08-14,-0.0404899362223548,2023,2023-07-31,learned_market,20260911,0.40880344163544846,0.40880344163544846,0,0
monthly_state_ungated,3046,2023-08-11,2023-08-21,-0.0176157088591445,2023,2023-07-31,learned_market,20260911,0.6814136065435475,0.6814136065435475,1,0
monthly_state_ungated,3051,2023-08-18,2023-08-28,0.0366582477081969,2023,2023-07-31,learned_market,20260911,0.46795214488418635,0.46795214488418635,0,1
monthly_state_ungated,3056,2023-08-25,2023-09-04,-0.025197172476384,2023,2023-07-31,learned_market,20260911,0.5259209733581712,0.5259209733581712,1,0
monthly_state_validated,3041,2023-08-04,2023-08-14,-0.0404899362223548,2023,2023-07-31,learned_market,20260912,0.698021646037714,0.698021646037714,1,0
monthly_state_validated,3046,2023-08-11,2023-08-21,-0.0176157088591445,2023,2023-07-31,learned_market,20260912,0.8237624858039104,0.8237624858039104,1,0
monthly_state_validated,3051,2023-08-18,2023-08-28,0.0366582477081969,2023,2023-07-31,learned_market,20260912,0.41339516348274463,0.41339516348274463,0,1
monthly_state_validated,3056,2023-08-25,2023-09-04,-0.025197172476384,2023,2023-07-31,learned_market,20260912,0.3598651609059206,0.3598651609059206,0,0
monthly_state_ungated,3041,2023-08-04,2023-08-14,-0.0404899362223548,2023,2023-07-31,learned_market,20260912,0.7003168250498474,0.7003168250498474,1,0
monthly_state_ungated,3046,2023-08-11,2023-08-21,-0.0176157088591445,2023,2023-07-31,learned_market,20260912,0.8237624858039104,0.8237624858039104,1,0
monthly_state_ungated,3051,2023-08-18,2023-08-28,0.0366582477081969,2023,2023-07-31,learned_market,20260912,0.41929765002967356,0.41929765002967356,0,1
monthly_state_ungated,3056,2023-08-25,2023-09-04,-0.025197172476384,2023,2023-07-31,learned_market,20260912,0.3598651609059206,0.3598651609059206,0,0
monthly_state_validated,3041,2023-08-04,2023-08-14,-0.0404899362223548,2023,2023-07-31,learned_vol_interaction,20260910,0.3264187058912034,0.3264187058912034,0,0
monthly_state_validated,3046,2023-08-11,2023-08-21,-0.0176157088591445,2023,2023-07-31,learned_vol_interaction,20260910,0.2554527395532382,0.2554527395532382,0,0
monthly_state_validated,3051,2023-08-18,2023-08-28,0.0366582477081969,2023,2023-07-31,learned_vol_interaction,20260910,0.6149345833754644,0.6149345833754644,1,1
monthly_state_validated,3056,2023-08-25,2023-09-04,-0.025197172476384,2023,2023-07-31,learned_vol_interaction,20260910,0.2816747132417266,0.2816747132417266,0,0
monthly_state_ungated,3041,2023-08-04,2023-08-14,-0.0404899362223548,2023,2023-07-31,learned_vol_interaction,20260910,0.3241021716218392,0.3241021716218392,0,0
monthly_state_ungated,3046,2023-08-11,2023-08-21,-0.0176157088591445,2023,2023-07-31,learned_vol_interaction,20260910,0.2554527395532382,0.2554527395532382,0,0
monthly_state_ungated,3051,2023-08-18,2023-08-28,0.0366582477081969,2023,2023-07-31,learned_vol_interaction,20260910,0.6007518079333988,0.6007518079333988,1,1
monthly_state_ungated,3056,2023-08-25,2023-09-04,-0.025197172476384,2023,2023-07-31,learned_vol_interaction,20260910,0.2816747132417266,0.2816747132417266,0,0
monthly_state_validated,3041,2023-08-04,2023-08-14,-0.0404899362223548,2023,2023-07-31,learned_vol_interaction,20260911,0.4290686701601754,0.4290686701601754,0,0
monthly_state_validated,3046,2023-08-11,2023-08-21,-0.0176157088591445,2023,2023-07-31,learned_vol_interaction,20260911,0.6483499817470775,0.6483499817470775,1,0
monthly_state_validated,3051,2023-08-18,2023-08-28,0.0366582477081969,2023,2023-07-31,learned_vol_interaction,20260911,0.4685532098964361,0.4685532098964361,0,1
monthly_state_validated,3056,2023-08-25,2023-09-04,-0.025197172476384,2023,2023-07-31,learned_vol_interaction,20260911,0.5257411151596749,0.5257411151596749,1,0
monthly_state_ungated,3041,2023-08-04,2023-08-14,-0.0404899362223548,2023,2023-07-31,learned_vol_interaction,20260911,0.429497543343924,0.429497543343924,0,0
monthly_state_ungated,3046,2023-08-11,2023-08-21,-0.0176157088591445,2023,2023-07-31,learned_vol_interaction,20260911,0.6483499817470775,0.6483499817470775,1,0
monthly_state_ungated,3051,2023-08-18,2023-08-28,0.0366582477081969,2023,2023-07-31,learned_vol_interaction,20260911,0.4626359447363602,0.4626359447363602,0,1
monthly_state_ungated,3056,2023-08-25,2023-09-04,-0.025197172476384,2023,2023-07-31,learned_vol_interaction,20260911,0.5257411151596749,0.5257411151596749,1,0
monthly_state_validated,3041,2023-08-04,2023-08-14,-0.0404899362223548,2023,2023-07-31,learned_vol_interaction,20260912,0.7033947900566206,0.7033947900566206,1,0
monthly_state_validated,3046,2023-08-11,2023-08-21,-0.0176157088591445,2023,2023-07-31,learned_vol_interaction,20260912,0.8317318095324455,0.8317318095324455,1,0
monthly_state_validated,3051,2023-08-18,2023-08-28,0.0366582477081969,2023,2023-07-31,learned_vol_interaction,20260912,0.42483786987653466,0.42483786987653466,0,1
monthly_state_validated,3056,2023-08-25,2023-09-04,-0.025197172476384,2023,2023-07-31,learned_vol_interaction,20260912,0.3505140150291582,0.3505140150291582,0,0
monthly_state_ungated,3041,2023-08-04,2023-08-14,-0.0404899362223548,2023,2023-07-31,learned_vol_interaction,20260912,0.7055864339576357,0.7055864339576357,1,0
monthly_state_ungated,3046,2023-08-11,2023-08-21,-0.0176157088591445,2023,2023-07-31,learned_vol_interaction,20260912,0.8317318095324455,0.8317318095324455,1,0
monthly_state_ungated,3051,2023-08-18,2023-08-28,0.0366582477081969,2023,2023-07-31,learned_vol_interaction,20260912,0.4296816247461212,0.4296816247461212,0,1
monthly_state_ungated,3056,2023-08-25,2023-09-04,-0.025197172476384,2023,2023-07-31,learned_vol_interaction,20260912,0.3505140150291582,0.3505140150291582,0,0
monthly_state_validated,3041,2023-08-04,2023-08-14,-0.0404899362223548,2023,2023-07-31,learned_order_extension,20260910,0.34971805428457803,0.34971805428457803,0,0
monthly_state_validated,3046,2023-08-11,2023-08-21,-0.0176157088591445,2023,2023-07-31,learned_order_extension,20260910,0.2809005484837032,0.2809005484837032,0,0
monthly_state_validated,3051,2023-08-18,2023-08-28,0.0366582477081969,2023,2023-07-31,learned_order_extension,20260910,0.5809843846986696,0.5809843846986696,1,1
monthly_state_validated,3056,2023-08-25,2023-09-04,-0.025197172476384,2023,2023-07-31,learned_order_extension,20260910,0.31129405822030537,0.31129405822030537,0,0
monthly_state_ungated,3041,2023-08-04,2023-08-14,-0.0404899362223548,2023,2023-07-31,learned_order_extension,20260910,0.34927052209751525,0.34927052209751525,0,0
monthly_state_ungated,3046,2023-08-11,2023-08-21,-0.0176157088591445,2023,2023-07-31,learned_order_extension,20260910,0.2809005484837032,0.2809005484837032,0,0
monthly_state_ungated,3051,2023-08-18,2023-08-28,0.0366582477081969,2023,2023-07-31,learned_order_extension,20260910,0.5672859190139885,0.5672859190139885,1,1
monthly_state_ungated,3056,2023-08-25,2023-09-04,-0.025197172476384,2023,2023-07-31,learned_order_extension,20260910,0.31129405822030537,0.31129405822030537,0,0
monthly_state_validated,3041,2023-08-04,2023-08-14,-0.0404899362223548,2023,2023-07-31,learned_order_extension,20260911,0.4299948290683337,0.4299948290683337,0,0
monthly_state_validated,3046,2023-08-11,2023-08-21,-0.0176157088591445,2023,2023-07-31,learned_order_extension,20260911,0.6456500137103086,0.6456500137103086,1,0
monthly_state_validated,3051,2023-08-18,2023-08-28,0.0366582477081969,2023,2023-07-31,learned_order_extension,20260911,0.4693034993568277,0.4693034993568277,0,1
monthly_state_validated,3056,2023-08-25,2023-09-04,-0.025197172476384,2023,2023-07-31,learned_order_extension,20260911,0.5242955671160714,0.5242955671160714,1,0
monthly_state_ungated,3041,2023-08-04,2023-08-14,-0.0404899362223548,2023,2023-07-31,learned_order_extension,20260911,0.429175010319813,0.429175010319813,0,0
monthly_state_ungated,3046,2023-08-11,2023-08-21,-0.0176157088591445,2023,2023-07-31,learned_order_extension,20260911,0.6456500137103086,0.6456500137103086,1,0
monthly_state_ungated,3051,2023-08-18,2023-08-28,0.0366582477081969,2023,2023-07-31,learned_order_extension,20260911,0.4636207638032317,0.4636207638032317,0,1
monthly_state_ungated,3056,2023-08-25,2023-09-04,-0.025197172476384,2023,2023-07-31,learned_order_extension,20260911,0.5242955671160714,0.5242955671160714,1,0
monthly_state_validated,3041,2023-08-04,2023-08-14,-0.0404899362223548,2023,2023-07-31,learned_order_extension,20260912,0.6473763569680311,0.6473763569680311,1,0
monthly_state_validated,3046,2023-08-11,2023-08-21,-0.0176157088591445,2023,2023-07-31,learned_order_extension,20260912,0.7564070090465949,0.7564070090465949,1,0
monthly_state_validated,3051,2023-08-18,2023-08-28,0.0366582477081969,2023,2023-07-31,learned_order_extension,20260912,0.4265030263110565,0.4265030263110565,0,1
monthly_state_validated,3056,2023-08-25,2023-09-04,-0.025197172476384,2023,2023-07-31,learned_order_extension,20260912,0.3737136272862438,0.3737136272862438,0,0
monthly_state_ungated,3041,2023-08-04,2023-08-14,-0.0404899362223548,2023,2023-07-31,learned_order_extension,20260912,0.6501962929318947,0.6501962929318947,1,0
monthly_state_ungated,3046,2023-08-11,2023-08-21,-0.0176157088591445,2023,2023-07-31,learned_order_extension,20260912,0.7564070090465949,0.7564070090465949,1,0
monthly_state_ungated,3051,2023-08-18,2023-08-28,0.0366582477081969,2023,2023-07-31,learned_order_extension,20260912,0.4315162691418654,0.4315162691418654,0,1
monthly_state_ungated,3056,2023-08-25,2023-09-04,-0.025197172476384,2023,2023-07-31,learned_order_extension,20260912,0.3737136272862438,0.3737136272862438,0,0
monthly_state_validated,3041,2023-08-04,2023-08-14,-0.0404899362223548,2023,2023-07-31,learned_order_offset,20260910,0.3499694885504753,0.3499694885504753,0,0
monthly_state_validated,3046,2023-08-11,2023-08-21,-0.0176157088591445,2023,2023-07-31,learned_order_offset,20260910,0.28220374642564056,0.28220374642564056,0,0
monthly_state_validated,3051,2023-08-18,2023-08-28,0.0366582477081969,2023,2023-07-31,learned_order_offset,20260910,0.5800249132918106,0.5800249132918106,1,1
monthly_state_validated,3056,2023-08-25,2023-09-04,-0.025197172476384,2023,2023-07-31,learned_order_offset,20260910,0.311648784966294,0.311648784966294,0,0
monthly_state_ungated,3041,2023-08-04,2023-08-14,-0.0404899362223548,2023,2023-07-31,learned_order_offset,20260910,0.34956526456049924,0.34956526456049924,0,0
monthly_state_ungated,3046,2023-08-11,2023-08-21,-0.0176157088591445,2023,2023-07-31,learned_order_offset,20260910,0.28220374642564056,0.28220374642564056,0,0
monthly_state_ungated,3051,2023-08-18,2023-08-28,0.0366582477081969,2023,2023-07-31,learned_order_offset,20260910,0.5663448341127617,0.5663448341127617,1,1
monthly_state_ungated,3056,2023-08-25,2023-09-04,-0.025197172476384,2023,2023-07-31,learned_order_offset,20260910,0.311648784966294,0.311648784966294,0,0
monthly_state_validated,3041,2023-08-04,2023-08-14,-0.0404899362223548,2023,2023-07-31,learned_order_offset,20260911,0.4299283654009098,0.4299283654009098,0,0
monthly_state_validated,3046,2023-08-11,2023-08-21,-0.0176157088591445,2023,2023-07-31,learned_order_offset,20260911,0.6456581739098262,0.6456581739098262,1,0
monthly_state_validated,3051,2023-08-18,2023-08-28,0.0366582477081969,2023,2023-07-31,learned_order_offset,20260911,0.4691814705322716,0.4691814705322716,0,1
monthly_state_validated,3056,2023-08-25,2023-09-04,-0.025197172476384,2023,2023-07-31,learned_order_offset,20260911,0.5242305786306066,0.5242305786306066,1,0
monthly_state_ungated,3041,2023-08-04,2023-08-14,-0.0404899362223548,2023,2023-07-31,learned_order_offset,20260911,0.42909035592756245,0.42909035592756245,0,0
monthly_state_ungated,3046,2023-08-11,2023-08-21,-0.0176157088591445,2023,2023-07-31,learned_order_offset,20260911,0.6456581739098262,0.6456581739098262,1,0
monthly_state_ungated,3051,2023-08-18,2023-08-28,0.0366582477081969,2023,2023-07-31,learned_order_offset,20260911,0.4637307794329059,0.4637307794329059,0,1
monthly_state_ungated,3056,2023-08-25,2023-09-04,-0.025197172476384,2023,2023-07-31,learned_order_offset,20260911,0.5242305786306066,0.5242305786306066,1,0
monthly_state_validated,3041,2023-08-04,2023-08-14,-0.0404899362223548,2023,2023-07-31,learned_order_offset,20260912,0.6464705079150657,0.6464705079150657,1,0
monthly_state_validated,3046,2023-08-11,2023-08-21,-0.0176157088591445,2023,2023-07-31,learned_order_offset,20260912,0.7497865485741146,0.7497865485741146,1,0
monthly_state_validated,3051,2023-08-18,2023-08-28,0.0366582477081969,2023,2023-07-31,learned_order_offset,20260912,0.42522859880571334,0.42522859880571334,0,1
monthly_state_validated,3056,2023-08-25,2023-09-04,-0.025197172476384,2023,2023-07-31,learned_order_offset,20260912,0.37460809335848105,0.37460809335848105,0,0
monthly_state_ungated,3041,2023-08-04,2023-08-14,-0.0404899362223548,2023,2023-07-31,learned_order_offset,20260912,0.6492405565025157,0.6492405565025157,1,0
monthly_state_ungated,3046,2023-08-11,2023-08-21,-0.0176157088591445,2023,2023-07-31,learned_order_offset,20260912,0.7497865485741146,0.7497865485741146,1,0
monthly_state_ungated,3051,2023-08-18,2023-08-28,0.0366582477081969,2023,2023-07-31,learned_order_offset,20260912,0.4302229376366007,0.4302229376366007,0,1
monthly_state_ungated,3056,2023-08-25,2023-09-04,-0.025197172476384,2023,2023-07-31,learned_order_offset,20260912,0.37460809335848105,0.37460809335848105,0,0
monthly_state_validated,3061,2023-09-01,2023-09-11,-0.0189903461587886,2023,2023-08-31,learned_market,20260910,0.5727239862672711,0.5727239862672711,1,0
monthly_state_validated,3066,2023-09-08,2023-09-18,-0.0111346368744954,2023,2023-08-31,learned_market,20260910,0.6046775279486832,0.6046775279486832,1,0
monthly_state_validated,3071,2023-09-15,2023-09-25,0.0105787349314532,2023,2023-08-31,learned_market,20260910,0.6861367371884997,0.6861367371884997,1,1
monthly_state_validated,3076,2023-09-22,2023-10-16,-0.0198017153282719,2023,2023-08-31,learned_market,20260910,0.32435597972671854,0.32435597972671854,0,0
monthly_state_ungated,3061,2023-09-01,2023-09-11,-0.0189903461587886,2023,2023-08-31,learned_market,20260910,0.566873997333325,0.566873997333325,1,0
monthly_state_ungated,3066,2023-09-08,2023-09-18,-0.0111346368744954,2023,2023-08-31,learned_market,20260910,0.6046775279486832,0.6046775279486832,1,0
monthly_state_ungated,3071,2023-09-15,2023-09-25,0.0105787349314532,2023,2023-08-31,learned_market,20260910,0.6861367371884997,0.6861367371884997,1,1
monthly_state_ungated,3076,2023-09-22,2023-10-16,-0.0198017153282719,2023,2023-08-31,learned_market,20260910,0.32435597972671854,0.32435597972671854,0,0
monthly_state_validated,3061,2023-09-01,2023-09-11,-0.0189903461587886,2023,2023-08-31,learned_market,20260911,0.395595892092896,0.395595892092896,0,0
monthly_state_validated,3066,2023-09-08,2023-09-18,-0.0111346368744954,2023,2023-08-31,learned_market,20260911,0.5798161195333322,0.5798161195333322,1,0
monthly_state_validated,3071,2023-09-15,2023-09-25,0.0105787349314532,2023,2023-08-31,learned_market,20260911,0.7450189853974029,0.7450189853974029,1,1
monthly_state_validated,3076,2023-09-22,2023-10-16,-0.0198017153282719,2023,2023-08-31,learned_market,20260911,0.583578965260687,0.583578965260687,1,0
monthly_state_ungated,3061,2023-09-01,2023-09-11,-0.0189903461587886,2023,2023-08-31,learned_market,20260911,0.3903548331943514,0.3903548331943514,0,0
monthly_state_ungated,3066,2023-09-08,2023-09-18,-0.0111346368744954,2023,2023-08-31,learned_market,20260911,0.5798161195333322,0.5798161195333322,1,0
monthly_state_ungated,3071,2023-09-15,2023-09-25,0.0105787349314532,2023,2023-08-31,learned_market,20260911,0.7450189853974029,0.7450189853974029,1,1
monthly_state_ungated,3076,2023-09-22,2023-10-16,-0.0198017153282719,2023,2023-08-31,learned_market,20260911,0.583578965260687,0.583578965260687,1,0
monthly_state_validated,3061,2023-09-01,2023-09-11,-0.0189903461587886,2023,2023-08-31,learned_market,20260912,0.20617247589152174,0.20617247589152174,0,0
monthly_state_validated,3066,2023-09-08,2023-09-18,-0.0111346368744954,2023,2023-08-31,learned_market,20260912,0.5244948098725477,0.5244948098725477,1,0
monthly_state_validated,3071,2023-09-15,2023-09-25,0.0105787349314532,2023,2023-08-31,learned_market,20260912,0.42649757606540895,0.42649757606540895,0,1
monthly_state_validated,3076,2023-09-22,2023-10-16,-0.0198017153282719,2023,2023-08-31,learned_market,20260912,0.39337289072406006,0.39337289072406006,0,0
monthly_state_ungated,3061,2023-09-01,2023-09-11,-0.0189903461587886,2023,2023-08-31,learned_market,20260912,0.20542903926665282,0.20542903926665282,0,0
monthly_state_ungated,3066,2023-09-08,2023-09-18,-0.0111346368744954,2023,2023-08-31,learned_market,20260912,0.5244948098725477,0.5244948098725477,1,0
monthly_state_ungated,3071,2023-09-15,2023-09-25,0.0105787349314532,2023,2023-08-31,learned_market,20260912,0.42649757606540895,0.42649757606540895,0,1
monthly_state_ungated,3076,2023-09-22,2023-10-16,-0.0198017153282719,2023,2023-08-31,learned_market,20260912,0.39337289072406006,0.39337289072406006,0,0
monthly_state_validated,3061,2023-09-01,2023-09-11,-0.0189903461587886,2023,2023-08-31,learned_vol_interaction,20260910,0.586511889761913,0.586511889761913,1,0
monthly_state_validated,3066,2023-09-08,2023-09-18,-0.0111346368744954,2023,2023-08-31,learned_vol_interaction,20260910,0.6154558472253346,0.6154558472253346,1,0
monthly_state_validated,3071,2023-09-15,2023-09-25,0.0105787349314532,2023,2023-08-31,learned_vol_interaction,20260910,0.6977509115308642,0.6977509115308642,1,1
monthly_state_validated,3076,2023-09-22,2023-10-16,-0.0198017153282719,2023,2023-08-31,learned_vol_interaction,20260910,0.30811498908515295,0.30811498908515295,0,0
monthly_state_ungated,3061,2023-09-01,2023-09-11,-0.0189903461587886,2023,2023-08-31,learned_vol_interaction,20260910,0.580911962684233,0.580911962684233,1,0
monthly_state_ungated,3066,2023-09-08,2023-09-18,-0.0111346368744954,2023,2023-08-31,learned_vol_interaction,20260910,0.6154558472253346,0.6154558472253346,1,0
monthly_state_ungated,3071,2023-09-15,2023-09-25,0.0105787349314532,2023,2023-08-31,learned_vol_interaction,20260910,0.6977509115308642,0.6977509115308642,1,1
monthly_state_ungated,3076,2023-09-22,2023-10-16,-0.0198017153282719,2023,2023-08-31,learned_vol_interaction,20260910,0.30811498908515295,0.30811498908515295,0,0
monthly_state_validated,3061,2023-09-01,2023-09-11,-0.0189903461587886,2023,2023-08-31,learned_vol_interaction,20260911,0.41992779299148897,0.41992779299148897,0,0
monthly_state_validated,3066,2023-09-08,2023-09-18,-0.0111346368744954,2023,2023-08-31,learned_vol_interaction,20260911,0.5715992642380437,0.5715992642380437,1,0
monthly_state_validated,3071,2023-09-15,2023-09-25,0.0105787349314532,2023,2023-08-31,learned_vol_interaction,20260911,0.7246958473990663,0.7246958473990663,1,1
monthly_state_validated,3076,2023-09-22,2023-10-16,-0.0198017153282719,2023,2023-08-31,learned_vol_interaction,20260911,0.5741177426590414,0.5741177426590414,1,0
monthly_state_ungated,3061,2023-09-01,2023-09-11,-0.0189903461587886,2023,2023-08-31,learned_vol_interaction,20260911,0.41557937113095933,0.41557937113095933,0,0
monthly_state_ungated,3066,2023-09-08,2023-09-18,-0.0111346368744954,2023,2023-08-31,learned_vol_interaction,20260911,0.5715992642380437,0.5715992642380437,1,0
monthly_state_ungated,3071,2023-09-15,2023-09-25,0.0105787349314532,2023,2023-08-31,learned_vol_interaction,20260911,0.7246958473990663,0.7246958473990663,1,1
monthly_state_ungated,3076,2023-09-22,2023-10-16,-0.0198017153282719,2023,2023-08-31,learned_vol_interaction,20260911,0.5741177426590414,0.5741177426590414,1,0
monthly_state_validated,3061,2023-09-01,2023-09-11,-0.0189903461587886,2023,2023-08-31,learned_vol_interaction,20260912,0.18874661788961722,0.18874661788961722,0,0
monthly_state_validated,3066,2023-09-08,2023-09-18,-0.0111346368744954,2023,2023-08-31,learned_vol_interaction,20260912,0.5206780629644419,0.5206780629644419,1,0
monthly_state_validated,3071,2023-09-15,2023-09-25,0.0105787349314532,2023,2023-08-31,learned_vol_interaction,20260912,0.41117262447742026,0.41117262447742026,0,1
monthly_state_validated,3076,2023-09-22,2023-10-16,-0.0198017153282719,2023,2023-08-31,learned_vol_interaction,20260912,0.38889293355827786,0.38889293355827786,0,0
monthly_state_ungated,3061,2023-09-01,2023-09-11,-0.0189903461587886,2023,2023-08-31,learned_vol_interaction,20260912,0.18803701796164987,0.18803701796164987,0,0
monthly_state_ungated,3066,2023-09-08,2023-09-18,-0.0111346368744954,2023,2023-08-31,learned_vol_interaction,20260912,0.5206780629644419,0.5206780629644419,1,0
monthly_state_ungated,3071,2023-09-15,2023-09-25,0.0105787349314532,2023,2023-08-31,learned_vol_interaction,20260912,0.41117262447742026,0.41117262447742026,0,1
monthly_state_ungated,3076,2023-09-22,2023-10-16,-0.0198017153282719,2023,2023-08-31,learned_vol_interaction,20260912,0.38889293355827786,0.38889293355827786,0,0
monthly_state_validated,3061,2023-09-01,2023-09-11,-0.0189903461587886,2023,2023-08-31,learned_order_extension,20260910,0.5671782602532678,0.5671782602532678,1,0
monthly_state_validated,3066,2023-09-08,2023-09-18,-0.0111346368744954,2023,2023-08-31,learned_order_extension,20260910,0.5986378602457478,0.5986378602457478,1,0
monthly_state_validated,3071,2023-09-15,2023-09-25,0.0105787349314532,2023,2023-08-31,learned_order_extension,20260910,0.6895171394617714,0.6895171394617714,1,1
monthly_state_validated,3076,2023-09-22,2023-10-16,-0.0198017153282719,2023,2023-08-31,learned_order_extension,20260910,0.33512334993612697,0.33512334993612697,0,0
monthly_state_ungated,3061,2023-09-01,2023-09-11,-0.0189903461587886,2023,2023-08-31,learned_order_extension,20260910,0.5636307514909458,0.5636307514909458,1,0
monthly_state_ungated,3066,2023-09-08,2023-09-18,-0.0111346368744954,2023,2023-08-31,learned_order_extension,20260910,0.5986378602457478,0.5986378602457478,1,0
monthly_state_ungated,3071,2023-09-15,2023-09-25,0.0105787349314532,2023,2023-08-31,learned_order_extension,20260910,0.6895171394617714,0.6895171394617714,1,1
monthly_state_ungated,3076,2023-09-22,2023-10-16,-0.0198017153282719,2023,2023-08-31,learned_order_extension,20260910,0.33512334993612697,0.33512334993612697,0,0
monthly_state_validated,3061,2023-09-01,2023-09-11,-0.0189903461587886,2023,2023-08-31,learned_order_extension,20260911,0.42158907759995046,0.42158907759995046,0,0
monthly_state_validated,3066,2023-09-08,2023-09-18,-0.0111346368744954,2023,2023-08-31,learned_order_extension,20260911,0.5704903883683057,0.5704903883683057,1,0
monthly_state_validated,3071,2023-09-15,2023-09-25,0.0105787349314532,2023,2023-08-31,learned_order_extension,20260911,0.7245642790810853,0.7245642790810853,1,1
monthly_state_validated,3076,2023-09-22,2023-10-16,-0.0198017153282719,2023,2023-08-31,learned_order_extension,20260911,0.5739727811559294,0.5739727811559294,1,0
monthly_state_ungated,3061,2023-09-01,2023-09-11,-0.0189903461587886,2023,2023-08-31,learned_order_extension,20260911,0.4159764874320578,0.4159764874320578,0,0
monthly_state_ungated,3066,2023-09-08,2023-09-18,-0.0111346368744954,2023,2023-08-31,learned_order_extension,20260911,0.5704903883683057,0.5704903883683057,1,0
monthly_state_ungated,3071,2023-09-15,2023-09-25,0.0105787349314532,2023,2023-08-31,learned_order_extension,20260911,0.7245642790810853,0.7245642790810853,1,1
monthly_state_ungated,3076,2023-09-22,2023-10-16,-0.0198017153282719,2023,2023-08-31,learned_order_extension,20260911,0.5739727811559294,0.5739727811559294,1,0
monthly_state_validated,3061,2023-09-01,2023-09-11,-0.0189903461587886,2023,2023-08-31,learned_order_extension,20260912,0.2333986657354188,0.2333986657354188,0,0
monthly_state_validated,3066,2023-09-08,2023-09-18,-0.0111346368744954,2023,2023-08-31,learned_order_extension,20260912,0.4849329777395086,0.4849329777395086,0,0
monthly_state_validated,3071,2023-09-15,2023-09-25,0.0105787349314532,2023,2023-08-31,learned_order_extension,20260912,0.41318970667133637,0.41318970667133637,0,1
monthly_state_validated,3076,2023-09-22,2023-10-16,-0.0198017153282719,2023,2023-08-31,learned_order_extension,20260912,0.4108197709059615,0.4108197709059615,0,0
monthly_state_ungated,3061,2023-09-01,2023-09-11,-0.0189903461587886,2023,2023-08-31,learned_order_extension,20260912,0.23274223146720713,0.23274223146720713,0,0
monthly_state_ungated,3066,2023-09-08,2023-09-18,-0.0111346368744954,2023,2023-08-31,learned_order_extension,20260912,0.4849329777395086,0.4849329777395086,0,0
monthly_state_ungated,3071,2023-09-15,2023-09-25,0.0105787349314532,2023,2023-08-31,learned_order_extension,20260912,0.41318970667133637,0.41318970667133637,0,1
monthly_state_ungated,3076,2023-09-22,2023-10-16,-0.0198017153282719,2023,2023-08-31,learned_order_extension,20260912,0.4108197709059615,0.4108197709059615,0,0
monthly_state_validated,3061,2023-09-01,2023-09-11,-0.0189903461587886,2023,2023-08-31,learned_order_offset,20260910,0.566362837903968,0.566362837903968,1,0
monthly_state_validated,3066,2023-09-08,2023-09-18,-0.0111346368744954,2023,2023-08-31,learned_order_offset,20260910,0.5991422738205142,0.5991422738205142,1,0
monthly_state_validated,3071,2023-09-15,2023-09-25,0.0105787349314532,2023,2023-08-31,learned_order_offset,20260910,0.6890568513220626,0.6890568513220626,1,1
monthly_state_validated,3076,2023-09-22,2023-10-16,-0.0198017153282719,2023,2023-08-31,learned_order_offset,20260910,0.33653104179539023,0.33653104179539023,0,0
monthly_state_ungated,3061,2023-09-01,2023-09-11,-0.0189903461587886,2023,2023-08-31,learned_order_offset,20260910,0.5628731816061109,0.5628731816061109,1,0
monthly_state_ungated,3066,2023-09-08,2023-09-18,-0.0111346368744954,2023,2023-08-31,learned_order_offset,20260910,0.5991422738205142,0.5991422738205142,1,0
monthly_state_ungated,3071,2023-09-15,2023-09-25,0.0105787349314532,2023,2023-08-31,learned_order_offset,20260910,0.6890568513220626,0.6890568513220626,1,1
monthly_state_ungated,3076,2023-09-22,2023-10-16,-0.0198017153282719,2023,2023-08-31,learned_order_offset,20260910,0.33653104179539023,0.33653104179539023,0,0
monthly_state_validated,3061,2023-09-01,2023-09-11,-0.0189903461587886,2023,2023-08-31,learned_order_offset,20260911,0.42160328494796695,0.42160328494796695,0,0
monthly_state_validated,3066,2023-09-08,2023-09-18,-0.0111346368744954,2023,2023-08-31,learned_order_offset,20260911,0.5704835756699517,0.5704835756699517,1,0
monthly_state_validated,3071,2023-09-15,2023-09-25,0.0105787349314532,2023,2023-08-31,learned_order_offset,20260911,0.7245399993588199,0.7245399993588199,1,1
monthly_state_validated,3076,2023-09-22,2023-10-16,-0.0198017153282719,2023,2023-08-31,learned_order_offset,20260911,0.5739768927489775,0.5739768927489775,1,0
monthly_state_ungated,3061,2023-09-01,2023-09-11,-0.0189903461587886,2023,2023-08-31,learned_order_offset,20260911,0.4159745556451853,0.4159745556451853,0,0
monthly_state_ungated,3066,2023-09-08,2023-09-18,-0.0111346368744954,2023,2023-08-31,learned_order_offset,20260911,0.5704835756699517,0.5704835756699517,1,0
monthly_state_ungated,3071,2023-09-15,2023-09-25,0.0105787349314532,2023,2023-08-31,learned_order_offset,20260911,0.7245399993588199,0.7245399993588199,1,1
monthly_state_ungated,3076,2023-09-22,2023-10-16,-0.0198017153282719,2023,2023-08-31,learned_order_offset,20260911,0.5739768927489775,0.5739768927489775,1,0
monthly_state_validated,3061,2023-09-01,2023-09-11,-0.0189903461587886,2023,2023-08-31,learned_order_offset,20260912,0.23706180643728625,0.23706180643728625,0,0
monthly_state_validated,3066,2023-09-08,2023-09-18,-0.0111346368744954,2023,2023-08-31,learned_order_offset,20260912,0.48285979946132007,0.48285979946132007,0,0
monthly_state_validated,3071,2023-09-15,2023-09-25,0.0105787349314532,2023,2023-08-31,learned_order_offset,20260912,0.4157390136403382,0.4157390136403382,0,1
monthly_state_validated,3076,2023-09-22,2023-10-16,-0.0198017153282719,2023,2023-08-31,learned_order_offset,20260912,0.41199571148298614,0.41199571148298614,0,0
monthly_state_ungated,3061,2023-09-01,2023-09-11,-0.0189903461587886,2023,2023-08-31,learned_order_offset,20260912,0.23632748743012236,0.23632748743012236,0,0
monthly_state_ungated,3066,2023-09-08,2023-09-18,-0.0111346368744954,2023,2023-08-31,learned_order_offset,20260912,0.48285979946132007,0.48285979946132007,0,0
monthly_state_ungated,3071,2023-09-15,2023-09-25,0.0105787349314532,2023,2023-08-31,learned_order_offset,20260912,0.4157390136403382,0.4157390136403382,0,1
monthly_state_ungated,3076,2023-09-22,2023-10-16,-0.0198017153282719,2023,2023-08-31,learned_order_offset,20260912,0.41199571148298614,0.41199571148298614,0,0
monthly_state_validated,3085,2023-10-13,2023-10-23,-0.0447156690429144,2023,2023-09-30,learned_market,20260910,0.31338286587786224,0.31338286587786224,0,0
monthly_state_validated,3090,2023-10-20,2023-10-30,0.0154019770298841,2023,2023-09-30,learned_market,20260910,0.4528174061364645,0.4528174061364645,0,1
monthly_state_validated,3095,2023-10-27,2023-11-06,0.0152527637017425,2023,2023-09-30,learned_market,20260910,0.6138674785777836,0.6138674785777836,1,1
monthly_state_ungated,3085,2023-10-13,2023-10-23,-0.0447156690429144,2023,2023-09-30,learned_market,20260910,0.31338286587786224,0.31338286587786224,0,0
monthly_state_ungated,3090,2023-10-20,2023-10-30,0.0154019770298841,2023,2023-09-30,learned_market,20260910,0.4528174061364645,0.4528174061364645,0,1
monthly_state_ungated,3095,2023-10-27,2023-11-06,0.0152527637017425,2023,2023-09-30,learned_market,20260910,0.6138674785777836,0.6138674785777836,1,1
monthly_state_validated,3085,2023-10-13,2023-10-23,-0.0447156690429144,2023,2023-09-30,learned_market,20260911,0.3330200778237333,0.3330200778237333,0,0
monthly_state_validated,3090,2023-10-20,2023-10-30,0.0154019770298841,2023,2023-09-30,learned_market,20260911,0.3338313400899558,0.3338313400899558,0,1
monthly_state_validated,3095,2023-10-27,2023-11-06,0.0152527637017425,2023,2023-09-30,learned_market,20260911,0.42675871385558883,0.42675871385558883,0,1
monthly_state_ungated,3085,2023-10-13,2023-10-23,-0.0447156690429144,2023,2023-09-30,learned_market,20260911,0.3330200778237333,0.3330200778237333,0,0
monthly_state_ungated,3090,2023-10-20,2023-10-30,0.0154019770298841,2023,2023-09-30,learned_market,20260911,0.3338313400899558,0.3338313400899558,0,1
monthly_state_ungated,3095,2023-10-27,2023-11-06,0.0152527637017425,2023,2023-09-30,learned_market,20260911,0.42675871385558883,0.42675871385558883,0,1
monthly_state_validated,3085,2023-10-13,2023-10-23,-0.0447156690429144,2023,2023-09-30,learned_market,20260912,0.37643019830786606,0.37643019830786606,0,0
monthly_state_validated,3090,2023-10-20,2023-10-30,0.0154019770298841,2023,2023-09-30,learned_market,20260912,0.3986932524357183,0.3986932524357183,0,1
monthly_state_validated,3095,2023-10-27,2023-11-06,0.0152527637017425,2023,2023-09-30,learned_market,20260912,0.8058419776292387,0.8058419776292387,1,1
monthly_state_ungated,3085,2023-10-13,2023-10-23,-0.0447156690429144,2023,2023-09-30,learned_market,20260912,0.37643019830786606,0.37643019830786606,0,0
monthly_state_ungated,3090,2023-10-20,2023-10-30,0.0154019770298841,2023,2023-09-30,learned_market,20260912,0.3986932524357183,0.3986932524357183,0,1
monthly_state_ungated,3095,2023-10-27,2023-11-06,0.0152527637017425,2023,2023-09-30,learned_market,20260912,0.8058419776292387,0.8058419776292387,1,1
monthly_state_validated,3085,2023-10-13,2023-10-23,-0.0447156690429144,2023,2023-09-30,learned_vol_interaction,20260910,0.29579120748132687,0.29579120748132687,0,0
monthly_state_validated,3090,2023-10-20,2023-10-30,0.0154019770298841,2023,2023-09-30,learned_vol_interaction,20260910,0.44836447343128255,0.44836447343128255,0,1
monthly_state_validated,3095,2023-10-27,2023-11-06,0.0152527637017425,2023,2023-09-30,learned_vol_interaction,20260910,0.6262980004995115,0.6262980004995115,1,1
monthly_state_ungated,3085,2023-10-13,2023-10-23,-0.0447156690429144,2023,2023-09-30,learned_vol_interaction,20260910,0.29579120748132687,0.29579120748132687,0,0
monthly_state_ungated,3090,2023-10-20,2023-10-30,0.0154019770298841,2023,2023-09-30,learned_vol_interaction,20260910,0.44836447343128255,0.44836447343128255,0,1
monthly_state_ungated,3095,2023-10-27,2023-11-06,0.0152527637017425,2023,2023-09-30,learned_vol_interaction,20260910,0.6262980004995115,0.6262980004995115,1,1
monthly_state_validated,3085,2023-10-13,2023-10-23,-0.0447156690429144,2023,2023-09-30,learned_vol_interaction,20260911,0.3878282636839715,0.3878282636839715,0,0
monthly_state_validated,3090,2023-10-20,2023-10-30,0.0154019770298841,2023,2023-09-30,learned_vol_interaction,20260911,0.3689353615927076,0.3689353615927076,0,1
monthly_state_validated,3095,2023-10-27,2023-11-06,0.0152527637017425,2023,2023-09-30,learned_vol_interaction,20260911,0.42197520645747516,0.42197520645747516,0,1
monthly_state_ungated,3085,2023-10-13,2023-10-23,-0.0447156690429144,2023,2023-09-30,learned_vol_interaction,20260911,0.3878282636839715,0.3878282636839715,0,0
monthly_state_ungated,3090,2023-10-20,2023-10-30,0.0154019770298841,2023,2023-09-30,learned_vol_interaction,20260911,0.3689353615927076,0.3689353615927076,0,1
monthly_state_ungated,3095,2023-10-27,2023-11-06,0.0152527637017425,2023,2023-09-30,learned_vol_interaction,20260911,0.42197520645747516,0.42197520645747516,0,1
monthly_state_validated,3085,2023-10-13,2023-10-23,-0.0447156690429144,2023,2023-09-30,learned_vol_interaction,20260912,0.3685217263218604,0.3685217263218604,0,0
monthly_state_validated,3090,2023-10-20,2023-10-30,0.0154019770298841,2023,2023-09-30,learned_vol_interaction,20260912,0.40136581543495836,0.40136581543495836,0,1
monthly_state_validated,3095,2023-10-27,2023-11-06,0.0152527637017425,2023,2023-09-30,learned_vol_interaction,20260912,0.8213433951549646,0.8213433951549646,1,1
monthly_state_ungated,3085,2023-10-13,2023-10-23,-0.0447156690429144,2023,2023-09-30,learned_vol_interaction,20260912,0.3685217263218604,0.3685217263218604,0,0
monthly_state_ungated,3090,2023-10-20,2023-10-30,0.0154019770298841,2023,2023-09-30,learned_vol_interaction,20260912,0.40136581543495836,0.40136581543495836,0,1
monthly_state_ungated,3095,2023-10-27,2023-11-06,0.0152527637017425,2023,2023-09-30,learned_vol_interaction,20260912,0.8213433951549646,0.8213433951549646,1,1
monthly_state_validated,3085,2023-10-13,2023-10-23,-0.0447156690429144,2023,2023-09-30,learned_order_extension,20260910,0.28266571205336577,0.28266571205336577,0,0
monthly_state_validated,3090,2023-10-20,2023-10-30,0.0154019770298841,2023,2023-09-30,learned_order_extension,20260910,0.4505560341979058,0.4505560341979058,0,1
monthly_state_validated,3095,2023-10-27,2023-11-06,0.0152527637017425,2023,2023-09-30,learned_order_extension,20260910,0.602080620410181,0.602080620410181,1,1
monthly_state_ungated,3085,2023-10-13,2023-10-23,-0.0447156690429144,2023,2023-09-30,learned_order_extension,20260910,0.28266571205336577,0.28266571205336577,0,0
monthly_state_ungated,3090,2023-10-20,2023-10-30,0.0154019770298841,2023,2023-09-30,learned_order_extension,20260910,0.4505560341979058,0.4505560341979058,0,1
monthly_state_ungated,3095,2023-10-27,2023-11-06,0.0152527637017425,2023,2023-09-30,learned_order_extension,20260910,0.602080620410181,0.602080620410181,1,1
monthly_state_validated,3085,2023-10-13,2023-10-23,-0.0447156690429144,2023,2023-09-30,learned_order_extension,20260911,0.38431579589358295,0.38431579589358295,0,0
monthly_state_validated,3090,2023-10-20,2023-10-30,0.0154019770298841,2023,2023-09-30,learned_order_extension,20260911,0.36525738080952114,0.36525738080952114,0,1
monthly_state_validated,3095,2023-10-27,2023-11-06,0.0152527637017425,2023,2023-09-30,learned_order_extension,20260911,0.41982613160596854,0.41982613160596854,0,1
monthly_state_ungated,3085,2023-10-13,2023-10-23,-0.0447156690429144,2023,2023-09-30,learned_order_extension,20260911,0.38431579589358295,0.38431579589358295,0,0
monthly_state_ungated,3090,2023-10-20,2023-10-30,0.0154019770298841,2023,2023-09-30,learned_order_extension,20260911,0.36525738080952114,0.36525738080952114,0,1
monthly_state_ungated,3095,2023-10-27,2023-11-06,0.0152527637017425,2023,2023-09-30,learned_order_extension,20260911,0.41982613160596854,0.41982613160596854,0,1
monthly_state_validated,3085,2023-10-13,2023-10-23,-0.0447156690429144,2023,2023-09-30,learned_order_extension,20260912,0.3753227692069219,0.3753227692069219,0,0
monthly_state_validated,3090,2023-10-20,2023-10-30,0.0154019770298841,2023,2023-09-30,learned_order_extension,20260912,0.4176515220510733,0.4176515220510733,0,1
monthly_state_validated,3095,2023-10-27,2023-11-06,0.0152527637017425,2023,2023-09-30,learned_order_extension,20260912,0.7824723484530314,0.7824723484530314,1,1
monthly_state_ungated,3085,2023-10-13,2023-10-23,-0.0447156690429144,2023,2023-09-30,learned_order_extension,20260912,0.3753227692069219,0.3753227692069219,0,0
monthly_state_ungated,3090,2023-10-20,2023-10-30,0.0154019770298841,2023,2023-09-30,learned_order_extension,20260912,0.4176515220510733,0.4176515220510733,0,1
monthly_state_ungated,3095,2023-10-27,2023-11-06,0.0152527637017425,2023,2023-09-30,learned_order_extension,20260912,0.7824723484530314,0.7824723484530314,1,1
monthly_state_validated,3085,2023-10-13,2023-10-23,-0.0447156690429144,2023,2023-09-30,learned_order_offset,20260910,0.28255231347022824,0.28255231347022824,0,0
monthly_state_validated,3090,2023-10-20,2023-10-30,0.0154019770298841,2023,2023-09-30,learned_order_offset,20260910,0.4504725741487395,0.4504725741487395,0,1
monthly_state_validated,3095,2023-10-27,2023-11-06,0.0152527637017425,2023,2023-09-30,learned_order_offset,20260910,0.6015371110585281,0.6015371110585281,1,1
monthly_state_ungated,3085,2023-10-13,2023-10-23,-0.0447156690429144,2023,2023-09-30,learned_order_offset,20260910,0.28255231347022824,0.28255231347022824,0,0
monthly_state_ungated,3090,2023-10-20,2023-10-30,0.0154019770298841,2023,2023-09-30,learned_order_offset,20260910,0.4504725741487395,0.4504725741487395,0,1
monthly_state_ungated,3095,2023-10-27,2023-11-06,0.0152527637017425,2023,2023-09-30,learned_order_offset,20260910,0.6015371110585281,0.6015371110585281,1,1
monthly_state_validated,3085,2023-10-13,2023-10-23,-0.0447156690429144,2023,2023-09-30,learned_order_offset,20260911,0.3842851245120236,0.3842851245120236,0,0
monthly_state_validated,3090,2023-10-20,2023-10-30,0.0154019770298841,2023,2023-09-30,learned_order_offset,20260911,0.3651759670216453,0.3651759670216453,0,1
monthly_state_validated,3095,2023-10-27,2023-11-06,0.0152527637017425,2023,2023-09-30,learned_order_offset,20260911,0.419742459791474,0.419742459791474,0,1
monthly_state_ungated,3085,2023-10-13,2023-10-23,-0.0447156690429144,2023,2023-09-30,learned_order_offset,20260911,0.3842851245120236,0.3842851245120236,0,0
monthly_state_ungated,3090,2023-10-20,2023-10-30,0.0154019770298841,2023,2023-09-30,learned_order_offset,20260911,0.3651759670216453,0.3651759670216453,0,1
monthly_state_ungated,3095,2023-10-27,2023-11-06,0.0152527637017425,2023,2023-09-30,learned_order_offset,20260911,0.419742459791474,0.419742459791474,0,1
monthly_state_validated,3085,2023-10-13,2023-10-23,-0.0447156690429144,2023,2023-09-30,learned_order_offset,20260912,0.37867897184720883,0.37867897184720883,0,0
monthly_state_validated,3090,2023-10-20,2023-10-30,0.0154019770298841,2023,2023-09-30,learned_order_offset,20260912,0.42205197000412353,0.42205197000412353,0,1
monthly_state_validated,3095,2023-10-27,2023-11-06,0.0152527637017425,2023,2023-09-30,learned_order_offset,20260912,0.7782390494753945,0.7782390494753945,1,1
monthly_state_ungated,3085,2023-10-13,2023-10-23,-0.0447156690429144,2023,2023-09-30,learned_order_offset,20260912,0.37867897184720883,0.37867897184720883,0,0
monthly_state_ungated,3090,2023-10-20,2023-10-30,0.0154019770298841,2023,2023-09-30,learned_order_offset,20260912,0.42205197000412353,0.42205197000412353,0,1
monthly_state_ungated,3095,2023-10-27,2023-11-06,0.0152527637017425,2023,2023-09-30,learned_order_offset,20260912,0.7782390494753945,0.7782390494753945,1,1
monthly_state_validated,3100,2023-11-03,2023-11-13,-0.0039935482440582,2023,2023-10-31,learned_market,20260910,0.5941434623686958,0.5941434623686958,1,0
monthly_state_validated,3105,2023-11-10,2023-11-20,-0.0067280482816765,2023,2023-10-31,learned_market,20260910,0.33990011198816056,0.33990011198816056,0,0
monthly_state_validated,3110,2023-11-17,2023-11-27,-0.0098859017348651,2023,2023-10-31,learned_market,20260910,0.48740472607276264,0.48740472607276264,0,0
monthly_state_validated,3115,2023-11-24,2023-12-04,-0.0151084754586299,2023,2023-10-31,learned_market,20260910,0.5726987456092547,0.5726987456092547,1,0
monthly_state_ungated,3100,2023-11-03,2023-11-13,-0.0039935482440582,2023,2023-10-31,learned_market,20260910,0.5941434623686958,0.5941434623686958,1,0
monthly_state_ungated,3105,2023-11-10,2023-11-20,-0.0067280482816765,2023,2023-10-31,learned_market,20260910,0.33990011198816056,0.33990011198816056,0,0
monthly_state_ungated,3110,2023-11-17,2023-11-27,-0.0098859017348651,2023,2023-10-31,learned_market,20260910,0.48740472607276264,0.48740472607276264,0,0
monthly_state_ungated,3115,2023-11-24,2023-12-04,-0.0151084754586299,2023,2023-10-31,learned_market,20260910,0.5726987456092547,0.5726987456092547,1,0
monthly_state_validated,3100,2023-11-03,2023-11-13,-0.0039935482440582,2023,2023-10-31,learned_market,20260911,0.6201329228327723,0.6201329228327723,1,0
monthly_state_validated,3105,2023-11-10,2023-11-20,-0.0067280482816765,2023,2023-10-31,learned_market,20260911,0.4506853586692234,0.4506853586692234,0,0
monthly_state_validated,3110,2023-11-17,2023-11-27,-0.0098859017348651,2023,2023-10-31,learned_market,20260911,0.40813366745367935,0.40813366745367935,0,0
monthly_state_validated,3115,2023-11-24,2023-12-04,-0.0151084754586299,2023,2023-10-31,learned_market,20260911,0.46296905532425825,0.46296905532425825,0,0
monthly_state_ungated,3100,2023-11-03,2023-11-13,-0.0039935482440582,2023,2023-10-31,learned_market,20260911,0.6201329228327723,0.6201329228327723,1,0
monthly_state_ungated,3105,2023-11-10,2023-11-20,-0.0067280482816765,2023,2023-10-31,learned_market,20260911,0.4506853586692234,0.4506853586692234,0,0
monthly_state_ungated,3110,2023-11-17,2023-11-27,-0.0098859017348651,2023,2023-10-31,learned_market,20260911,0.40813366745367935,0.40813366745367935,0,0
monthly_state_ungated,3115,2023-11-24,2023-12-04,-0.0151084754586299,2023,2023-10-31,learned_market,20260911,0.46296905532425825,0.46296905532425825,0,0
monthly_state_validated,3100,2023-11-03,2023-11-13,-0.0039935482440582,2023,2023-10-31,learned_market,20260912,0.3125354863439417,0.3125354863439417,0,0
monthly_state_validated,3105,2023-11-10,2023-11-20,-0.0067280482816765,2023,2023-10-31,learned_market,20260912,0.2857638672459266,0.2857638672459266,0,0
monthly_state_validated,3110,2023-11-17,2023-11-27,-0.0098859017348651,2023,2023-10-31,learned_market,20260912,0.21117519139865115,0.21117519139865115,0,0
monthly_state_validated,3115,2023-11-24,2023-12-04,-0.0151084754586299,2023,2023-10-31,learned_market,20260912,0.527069754765131,0.527069754765131,1,0
monthly_state_ungated,3100,2023-11-03,2023-11-13,-0.0039935482440582,2023,2023-10-31,learned_market,20260912,0.3125354863439417,0.3125354863439417,0,0
monthly_state_ungated,3105,2023-11-10,2023-11-20,-0.0067280482816765,2023,2023-10-31,learned_market,20260912,0.2857638672459266,0.2857638672459266,0,0
monthly_state_ungated,3110,2023-11-17,2023-11-27,-0.0098859017348651,2023,2023-10-31,learned_market,20260912,0.21117519139865115,0.21117519139865115,0,0
monthly_state_ungated,3115,2023-11-24,2023-12-04,-0.0151084754586299,2023,2023-10-31,learned_market,20260912,0.527069754765131,0.527069754765131,1,0
monthly_state_validated,3100,2023-11-03,2023-11-13,-0.0039935482440582,2023,2023-10-31,learned_vol_interaction,20260910,0.6109542768925899,0.6109542768925899,1,0
monthly_state_validated,3105,2023-11-10,2023-11-20,-0.0067280482816765,2023,2023-10-31,learned_vol_interaction,20260910,0.3337629293276886,0.3337629293276886,0,0
monthly_state_validated,3110,2023-11-17,2023-11-27,-0.0098859017348651,2023,2023-10-31,learned_vol_interaction,20260910,0.49976556777526243,0.49976556777526243,0,0
monthly_state_validated,3115,2023-11-24,2023-12-04,-0.0151084754586299,2023,2023-10-31,learned_vol_interaction,20260910,0.5982543332464172,0.5982543332464172,1,0
monthly_state_ungated,3100,2023-11-03,2023-11-13,-0.0039935482440582,2023,2023-10-31,learned_vol_interaction,20260910,0.6109542768925899,0.6109542768925899,1,0
monthly_state_ungated,3105,2023-11-10,2023-11-20,-0.0067280482816765,2023,2023-10-31,learned_vol_interaction,20260910,0.3337629293276886,0.3337629293276886,0,0
monthly_state_ungated,3110,2023-11-17,2023-11-27,-0.0098859017348651,2023,2023-10-31,learned_vol_interaction,20260910,0.49976556777526243,0.49976556777526243,0,0
monthly_state_ungated,3115,2023-11-24,2023-12-04,-0.0151084754586299,2023,2023-10-31,learned_vol_interaction,20260910,0.5982543332464172,0.5982543332464172,1,0
monthly_state_validated,3100,2023-11-03,2023-11-13,-0.0039935482440582,2023,2023-10-31,learned_vol_interaction,20260911,0.5999534514945258,0.5999534514945258,1,0
monthly_state_validated,3105,2023-11-10,2023-11-20,-0.0067280482816765,2023,2023-10-31,learned_vol_interaction,20260911,0.4609712137215754,0.4609712137215754,0,0
monthly_state_validated,3110,2023-11-17,2023-11-27,-0.0098859017348651,2023,2023-10-31,learned_vol_interaction,20260911,0.44281826567801824,0.44281826567801824,0,0
monthly_state_validated,3115,2023-11-24,2023-12-04,-0.0151084754586299,2023,2023-10-31,learned_vol_interaction,20260911,0.46382406071701,0.46382406071701,0,0
monthly_state_ungated,3100,2023-11-03,2023-11-13,-0.0039935482440582,2023,2023-10-31,learned_vol_interaction,20260911,0.5999534514945258,0.5999534514945258,1,0
monthly_state_ungated,3105,2023-11-10,2023-11-20,-0.0067280482816765,2023,2023-10-31,learned_vol_interaction,20260911,0.4609712137215754,0.4609712137215754,0,0
monthly_state_ungated,3110,2023-11-17,2023-11-27,-0.0098859017348651,2023,2023-10-31,learned_vol_interaction,20260911,0.44281826567801824,0.44281826567801824,0,0
monthly_state_ungated,3115,2023-11-24,2023-12-04,-0.0151084754586299,2023,2023-10-31,learned_vol_interaction,20260911,0.46382406071701,0.46382406071701,0,0
monthly_state_validated,3100,2023-11-03,2023-11-13,-0.0039935482440582,2023,2023-10-31,learned_vol_interaction,20260912,0.30946259512828145,0.30946259512828145,0,0
monthly_state_validated,3105,2023-11-10,2023-11-20,-0.0067280482816765,2023,2023-10-31,learned_vol_interaction,20260912,0.2797481690708807,0.2797481690708807,0,0
monthly_state_validated,3110,2023-11-17,2023-11-27,-0.0098859017348651,2023,2023-10-31,learned_vol_interaction,20260912,0.1839856612273533,0.1839856612273533,0,0
monthly_state_validated,3115,2023-11-24,2023-12-04,-0.0151084754586299,2023,2023-10-31,learned_vol_interaction,20260912,0.5470888703961775,0.5470888703961775,1,0
monthly_state_ungated,3100,2023-11-03,2023-11-13,-0.0039935482440582,2023,2023-10-31,learned_vol_interaction,20260912,0.30946259512828145,0.30946259512828145,0,0
monthly_state_ungated,3105,2023-11-10,2023-11-20,-0.0067280482816765,2023,2023-10-31,learned_vol_interaction,20260912,0.2797481690708807,0.2797481690708807,0,0
monthly_state_ungated,3110,2023-11-17,2023-11-27,-0.0098859017348651,2023,2023-10-31,learned_vol_interaction,20260912,0.1839856612273533,0.1839856612273533,0,0
monthly_state_ungated,3115,2023-11-24,2023-12-04,-0.0151084754586299,2023,2023-10-31,learned_vol_interaction,20260912,0.5470888703961775,0.5470888703961775,1,0
monthly_state_validated,3100,2023-11-03,2023-11-13,-0.0039935482440582,2023,2023-10-31,learned_order_extension,20260910,0.5968378986195387,0.5968378986195387,1,0
monthly_state_validated,3105,2023-11-10,2023-11-20,-0.0067280482816765,2023,2023-10-31,learned_order_extension,20260910,0.3513144113970112,0.3513144113970112,0,0
monthly_state_validated,3110,2023-11-17,2023-11-27,-0.0098859017348651,2023,2023-10-31,learned_order_extension,20260910,0.5101674550218376,0.5101674550218376,1,0
monthly_state_validated,3115,2023-11-24,2023-12-04,-0.0151084754586299,2023,2023-10-31,learned_order_extension,20260910,0.5753034454784799,0.5753034454784799,1,0
monthly_state_ungated,3100,2023-11-03,2023-11-13,-0.0039935482440582,2023,2023-10-31,learned_order_extension,20260910,0.5968378986195387,0.5968378986195387,1,0
monthly_state_ungated,3105,2023-11-10,2023-11-20,-0.0067280482816765,2023,2023-10-31,learned_order_extension,20260910,0.3513144113970112,0.3513144113970112,0,0
monthly_state_ungated,3110,2023-11-17,2023-11-27,-0.0098859017348651,2023,2023-10-31,learned_order_extension,20260910,0.5101674550218376,0.5101674550218376,1,0
monthly_state_ungated,3115,2023-11-24,2023-12-04,-0.0151084754586299,2023,2023-10-31,learned_order_extension,20260910,0.5753034454784799,0.5753034454784799,1,0
monthly_state_validated,3100,2023-11-03,2023-11-13,-0.0039935482440582,2023,2023-10-31,learned_order_extension,20260911,0.5981092559888284,0.5981092559888284,1,0
monthly_state_validated,3105,2023-11-10,2023-11-20,-0.0067280482816765,2023,2023-10-31,learned_order_extension,20260911,0.45957623557036537,0.45957623557036537,0,0
monthly_state_validated,3110,2023-11-17,2023-11-27,-0.0098859017348651,2023,2023-10-31,learned_order_extension,20260911,0.44104727973900987,0.44104727973900987,0,0
monthly_state_validated,3115,2023-11-24,2023-12-04,-0.0151084754586299,2023,2023-10-31,learned_order_extension,20260911,0.4623671285537462,0.4623671285537462,0,0
monthly_state_ungated,3100,2023-11-03,2023-11-13,-0.0039935482440582,2023,2023-10-31,learned_order_extension,20260911,0.5981092559888284,0.5981092559888284,1,0
monthly_state_ungated,3105,2023-11-10,2023-11-20,-0.0067280482816765,2023,2023-10-31,learned_order_extension,20260911,0.45957623557036537,0.45957623557036537,0,0
monthly_state_ungated,3110,2023-11-17,2023-11-27,-0.0098859017348651,2023,2023-10-31,learned_order_extension,20260911,0.44104727973900987,0.44104727973900987,0,0
monthly_state_ungated,3115,2023-11-24,2023-12-04,-0.0151084754586299,2023,2023-10-31,learned_order_extension,20260911,0.4623671285537462,0.4623671285537462,0,0
monthly_state_validated,3100,2023-11-03,2023-11-13,-0.0039935482440582,2023,2023-10-31,learned_order_extension,20260912,0.3514530121680027,0.3514530121680027,0,0
monthly_state_validated,3105,2023-11-10,2023-11-20,-0.0067280482816765,2023,2023-10-31,learned_order_extension,20260912,0.29918008085163916,0.29918008085163916,0,0
monthly_state_validated,3110,2023-11-17,2023-11-27,-0.0098859017348651,2023,2023-10-31,learned_order_extension,20260912,0.2317377167540029,0.2317377167540029,0,0
monthly_state_validated,3115,2023-11-24,2023-12-04,-0.0151084754586299,2023,2023-10-31,learned_order_extension,20260912,0.5229210291402577,0.5229210291402577,1,0
monthly_state_ungated,3100,2023-11-03,2023-11-13,-0.0039935482440582,2023,2023-10-31,learned_order_extension,20260912,0.3514530121680027,0.3514530121680027,0,0
monthly_state_ungated,3105,2023-11-10,2023-11-20,-0.0067280482816765,2023,2023-10-31,learned_order_extension,20260912,0.29918008085163916,0.29918008085163916,0,0
monthly_state_ungated,3110,2023-11-17,2023-11-27,-0.0098859017348651,2023,2023-10-31,learned_order_extension,20260912,0.2317377167540029,0.2317377167540029,0,0
monthly_state_ungated,3115,2023-11-24,2023-12-04,-0.0151084754586299,2023,2023-10-31,learned_order_extension,20260912,0.5229210291402577,0.5229210291402577,1,0
monthly_state_validated,3100,2023-11-03,2023-11-13,-0.0039935482440582,2023,2023-10-31,learned_order_offset,20260910,0.596735774305691,0.596735774305691,1,0
monthly_state_validated,3105,2023-11-10,2023-11-20,-0.0067280482816765,2023,2023-10-31,learned_order_offset,20260910,0.35229580590219767,0.35229580590219767,0,0
monthly_state_validated,3110,2023-11-17,2023-11-27,-0.0098859017348651,2023,2023-10-31,learned_order_offset,20260910,0.5109912815760549,0.5109912815760549,1,0
monthly_state_validated,3115,2023-11-24,2023-12-04,-0.0151084754586299,2023,2023-10-31,learned_order_offset,20260910,0.5751623855973325,0.5751623855973325,1,0
monthly_state_ungated,3100,2023-11-03,2023-11-13,-0.0039935482440582,2023,2023-10-31,learned_order_offset,20260910,0.596735774305691,0.596735774305691,1,0
monthly_state_ungated,3105,2023-11-10,2023-11-20,-0.0067280482816765,2023,2023-10-31,learned_order_offset,20260910,0.35229580590219767,0.35229580590219767,0,0
monthly_state_ungated,3110,2023-11-17,2023-11-27,-0.0098859017348651,2023,2023-10-31,learned_order_offset,20260910,0.5109912815760549,0.5109912815760549,1,0
monthly_state_ungated,3115,2023-11-24,2023-12-04,-0.0151084754586299,2023,2023-10-31,learned_order_offset,20260910,0.5751623855973325,0.5751623855973325,1,0
monthly_state_validated,3100,2023-11-03,2023-11-13,-0.0039935482440582,2023,2023-10-31,learned_order_offset,20260911,0.5980829980268656,0.5980829980268656,1,0
monthly_state_validated,3105,2023-11-10,2023-11-20,-0.0067280482816765,2023,2023-10-31,learned_order_offset,20260911,0.45952350861203733,0.45952350861203733,0,0
monthly_state_validated,3110,2023-11-17,2023-11-27,-0.0098859017348651,2023,2023-10-31,learned_order_offset,20260911,0.44097806064428513,0.44097806064428513,0,0
monthly_state_validated,3115,2023-11-24,2023-12-04,-0.0151084754586299,2023,2023-10-31,learned_order_offset,20260911,0.4623454394457319,0.4623454394457319,0,0
monthly_state_ungated,3100,2023-11-03,2023-11-13,-0.0039935482440582,2023,2023-10-31,learned_order_offset,20260911,0.5980829980268656,0.5980829980268656,1,0
monthly_state_ungated,3105,2023-11-10,2023-11-20,-0.0067280482816765,2023,2023-10-31,learned_order_offset,20260911,0.45952350861203733,0.45952350861203733,0,0
monthly_state_ungated,3110,2023-11-17,2023-11-27,-0.0098859017348651,2023,2023-10-31,learned_order_offset,20260911,0.44097806064428513,0.44097806064428513,0,0
monthly_state_ungated,3115,2023-11-24,2023-12-04,-0.0151084754586299,2023,2023-10-31,learned_order_offset,20260911,0.4623454394457319,0.4623454394457319,0,0
monthly_state_validated,3100,2023-11-03,2023-11-13,-0.0039935482440582,2023,2023-10-31,learned_order_offset,20260912,0.35605406755741026,0.35605406755741026,0,0
monthly_state_validated,3105,2023-11-10,2023-11-20,-0.0067280482816765,2023,2023-10-31,learned_order_offset,20260912,0.3018489681095255,0.3018489681095255,0,0
monthly_state_validated,3110,2023-11-17,2023-11-27,-0.0098859017348651,2023,2023-10-31,learned_order_offset,20260912,0.23919838705203408,0.23919838705203408,0,0
monthly_state_validated,3115,2023-11-24,2023-12-04,-0.0151084754586299,2023,2023-10-31,learned_order_offset,20260912,0.5205648657678735,0.5205648657678735,1,0
monthly_state_ungated,3100,2023-11-03,2023-11-13,-0.0039935482440582,2023,2023-10-31,learned_order_offset,20260912,0.35605406755741026,0.35605406755741026,0,0
monthly_state_ungated,3105,2023-11-10,2023-11-20,-0.0067280482816765,2023,2023-10-31,learned_order_offset,20260912,0.3018489681095255,0.3018489681095255,0,0
monthly_state_ungated,3110,2023-11-17,2023-11-27,-0.0098859017348651,2023,2023-10-31,learned_order_offset,20260912,0.23919838705203408,0.23919838705203408,0,0
monthly_state_ungated,3115,2023-11-24,2023-12-04,-0.0151084754586299,2023,2023-10-31,learned_order_offset,20260912,0.5205648657678735,0.5205648657678735,1,0
monthly_state_validated,3120,2023-12-01,2023-12-11,-0.0295859857973478,2023,2023-11-30,learned_market,20260910,0.6043762054325994,0.6043762054325994,1,0
monthly_state_validated,3125,2023-12-08,2023-12-18,-0.0144639658974852,2023,2023-11-30,learned_market,20260910,0.6768579713542511,0.6768579713542511,1,0
monthly_state_validated,3130,2023-12-15,2023-12-25,0.0003424256350643,2023,2023-11-30,learned_market,20260910,0.4841946846054443,0.4841946846054443,0,1
monthly_state_validated,3135,2023-12-22,2024-01-02,0.0288079559683274,2023,2023-11-30,learned_market,20260910,0.31019796435441727,0.31019796435441727,0,1
monthly_state_validated,3140,2023-12-29,2024-01-08,-0.0302544749829989,2023,2023-11-30,learned_market,20260910,0.5622677012627398,0.5622677012627398,1,0
monthly_state_ungated,3120,2023-12-01,2023-12-11,-0.0295859857973478,2023,2023-11-30,learned_market,20260910,0.6043762054325994,0.6043762054325994,1,0
monthly_state_ungated,3125,2023-12-08,2023-12-18,-0.0144639658974852,2023,2023-11-30,learned_market,20260910,0.6768579713542511,0.6768579713542511,1,0
monthly_state_ungated,3130,2023-12-15,2023-12-25,0.0003424256350643,2023,2023-11-30,learned_market,20260910,0.4841946846054443,0.4841946846054443,0,1
monthly_state_ungated,3135,2023-12-22,2024-01-02,0.0288079559683274,2023,2023-11-30,learned_market,20260910,0.31019796435441727,0.31019796435441727,0,1
monthly_state_ungated,3140,2023-12-29,2024-01-08,-0.0302544749829989,2023,2023-11-30,learned_market,20260910,0.5622677012627398,0.5622677012627398,1,0
monthly_state_validated,3120,2023-12-01,2023-12-11,-0.0295859857973478,2023,2023-11-30,learned_market,20260911,0.5455574730086479,0.5455574730086479,1,0
monthly_state_validated,3125,2023-12-08,2023-12-18,-0.0144639658974852,2023,2023-11-30,learned_market,20260911,0.4281033886146116,0.4281033886146116,0,0
monthly_state_validated,3130,2023-12-15,2023-12-25,0.0003424256350643,2023,2023-11-30,learned_market,20260911,0.4318661161692416,0.4318661161692416,0,1
monthly_state_validated,3135,2023-12-22,2024-01-02,0.0288079559683274,2023,2023-11-30,learned_market,20260911,0.45200645295076003,0.45200645295076003,0,1
monthly_state_validated,3140,2023-12-29,2024-01-08,-0.0302544749829989,2023,2023-11-30,learned_market,20260911,0.5195555464366779,0.5195555464366779,1,0
monthly_state_ungated,3120,2023-12-01,2023-12-11,-0.0295859857973478,2023,2023-11-30,learned_market,20260911,0.5455574730086479,0.5455574730086479,1,0
monthly_state_ungated,3125,2023-12-08,2023-12-18,-0.0144639658974852,2023,2023-11-30,learned_market,20260911,0.4281033886146116,0.4281033886146116,0,0
monthly_state_ungated,3130,2023-12-15,2023-12-25,0.0003424256350643,2023,2023-11-30,learned_market,20260911,0.4318661161692416,0.4318661161692416,0,1
monthly_state_ungated,3135,2023-12-22,2024-01-02,0.0288079559683274,2023,2023-11-30,learned_market,20260911,0.45200645295076003,0.45200645295076003,0,1
monthly_state_ungated,3140,2023-12-29,2024-01-08,-0.0302544749829989,2023,2023-11-30,learned_market,20260911,0.5195555464366779,0.5195555464366779,1,0
monthly_state_validated,3120,2023-12-01,2023-12-11,-0.0295859857973478,2023,2023-11-30,learned_market,20260912,0.301531214837989,0.301531214837989,0,0
monthly_state_validated,3125,2023-12-08,2023-12-18,-0.0144639658974852,2023,2023-11-30,learned_market,20260912,0.3747111467449358,0.3747111467449358,0,0
monthly_state_validated,3130,2023-12-15,2023-12-25,0.0003424256350643,2023,2023-11-30,learned_market,20260912,0.42305625052509577,0.42305625052509577,0,1
monthly_state_validated,3135,2023-12-22,2024-01-02,0.0288079559683274,2023,2023-11-30,learned_market,20260912,0.31384598021026483,0.31384598021026483,0,1
monthly_state_validated,3140,2023-12-29,2024-01-08,-0.0302544749829989,2023,2023-11-30,learned_market,20260912,0.2579508516172819,0.2579508516172819,0,0
monthly_state_ungated,3120,2023-12-01,2023-12-11,-0.0295859857973478,2023,2023-11-30,learned_market,20260912,0.301531214837989,0.301531214837989,0,0
monthly_state_ungated,3125,2023-12-08,2023-12-18,-0.0144639658974852,2023,2023-11-30,learned_market,20260912,0.3747111467449358,0.3747111467449358,0,0
monthly_state_ungated,3130,2023-12-15,2023-12-25,0.0003424256350643,2023,2023-11-30,learned_market,20260912,0.42305625052509577,0.42305625052509577,0,1
monthly_state_ungated,3135,2023-12-22,2024-01-02,0.0288079559683274,2023,2023-11-30,learned_market,20260912,0.31384598021026483,0.31384598021026483,0,1
monthly_state_ungated,3140,2023-12-29,2024-01-08,-0.0302544749829989,2023,2023-11-30,learned_market,20260912,0.2579508516172819,0.2579508516172819,0,0
monthly_state_validated,3120,2023-12-01,2023-12-11,-0.0295859857973478,2023,2023-11-30,learned_vol_interaction,20260910,0.6319276792509089,0.6319276792509089,1,0
monthly_state_validated,3125,2023-12-08,2023-12-18,-0.0144639658974852,2023,2023-11-30,learned_vol_interaction,20260910,0.703588932571677,0.703588932571677,1,0
monthly_state_validated,3130,2023-12-15,2023-12-25,0.0003424256350643,2023,2023-11-30,learned_vol_interaction,20260910,0.48439777922740207,0.48439777922740207,0,1
monthly_state_validated,3135,2023-12-22,2024-01-02,0.0288079559683274,2023,2023-11-30,learned_vol_interaction,20260910,0.2901071214976435,0.2901071214976435,0,1
monthly_state_validated,3140,2023-12-29,2024-01-08,-0.0302544749829989,2023,2023-11-30,learned_vol_interaction,20260910,0.5756943090834912,0.5756943090834912,1,0
monthly_state_ungated,3120,2023-12-01,2023-12-11,-0.0295859857973478,2023,2023-11-30,learned_vol_interaction,20260910,0.6319276792509089,0.6319276792509089,1,0
monthly_state_ungated,3125,2023-12-08,2023-12-18,-0.0144639658974852,2023,2023-11-30,learned_vol_interaction,20260910,0.703588932571677,0.703588932571677,1,0
monthly_state_ungated,3130,2023-12-15,2023-12-25,0.0003424256350643,2023,2023-11-30,learned_vol_interaction,20260910,0.48439777922740207,0.48439777922740207,0,1
monthly_state_ungated,3135,2023-12-22,2024-01-02,0.0288079559683274,2023,2023-11-30,learned_vol_interaction,20260910,0.2901071214976435,0.2901071214976435,0,1
monthly_state_ungated,3140,2023-12-29,2024-01-08,-0.0302544749829989,2023,2023-11-30,learned_vol_interaction,20260910,0.5756943090834912,0.5756943090834912,1,0
monthly_state_validated,3120,2023-12-01,2023-12-11,-0.0295859857973478,2023,2023-11-30,learned_vol_interaction,20260911,0.528239492143248,0.528239492143248,1,0
monthly_state_validated,3125,2023-12-08,2023-12-18,-0.0144639658974852,2023,2023-11-30,learned_vol_interaction,20260911,0.47798652806084035,0.47798652806084035,0,0
monthly_state_validated,3130,2023-12-15,2023-12-25,0.0003424256350643,2023,2023-11-30,learned_vol_interaction,20260911,0.48386589441775374,0.48386589441775374,0,1
monthly_state_validated,3135,2023-12-22,2024-01-02,0.0288079559683274,2023,2023-11-30,learned_vol_interaction,20260911,0.48747909294050373,0.48747909294050373,0,1
monthly_state_validated,3140,2023-12-29,2024-01-08,-0.0302544749829989,2023,2023-11-30,learned_vol_interaction,20260911,0.5232114701706657,0.5232114701706657,1,0
monthly_state_ungated,3120,2023-12-01,2023-12-11,-0.0295859857973478,2023,2023-11-30,learned_vol_interaction,20260911,0.528239492143248,0.528239492143248,1,0
monthly_state_ungated,3125,2023-12-08,2023-12-18,-0.0144639658974852,2023,2023-11-30,learned_vol_interaction,20260911,0.47798652806084035,0.47798652806084035,0,0
monthly_state_ungated,3130,2023-12-15,2023-12-25,0.0003424256350643,2023,2023-11-30,learned_vol_interaction,20260911,0.48386589441775374,0.48386589441775374,0,1
monthly_state_ungated,3135,2023-12-22,2024-01-02,0.0288079559683274,2023,2023-11-30,learned_vol_interaction,20260911,0.48747909294050373,0.48747909294050373,0,1
monthly_state_ungated,3140,2023-12-29,2024-01-08,-0.0302544749829989,2023,2023-11-30,learned_vol_interaction,20260911,0.5232114701706657,0.5232114701706657,1,0
monthly_state_validated,3120,2023-12-01,2023-12-11,-0.0295859857973478,2023,2023-11-30,learned_vol_interaction,20260912,0.2841281371225216,0.2841281371225216,0,0
monthly_state_validated,3125,2023-12-08,2023-12-18,-0.0144639658974852,2023,2023-11-30,learned_vol_interaction,20260912,0.36460465213338006,0.36460465213338006,0,0
monthly_state_validated,3130,2023-12-15,2023-12-25,0.0003424256350643,2023,2023-11-30,learned_vol_interaction,20260912,0.41405682837493507,0.41405682837493507,0,1
monthly_state_validated,3135,2023-12-22,2024-01-02,0.0288079559683274,2023,2023-11-30,learned_vol_interaction,20260912,0.28947757088627896,0.28947757088627896,0,1
monthly_state_validated,3140,2023-12-29,2024-01-08,-0.0302544749829989,2023,2023-11-30,learned_vol_interaction,20260912,0.24682591302450096,0.24682591302450096,0,0
monthly_state_ungated,3120,2023-12-01,2023-12-11,-0.0295859857973478,2023,2023-11-30,learned_vol_interaction,20260912,0.2841281371225216,0.2841281371225216,0,0
monthly_state_ungated,3125,2023-12-08,2023-12-18,-0.0144639658974852,2023,2023-11-30,learned_vol_interaction,20260912,0.36460465213338006,0.36460465213338006,0,0
monthly_state_ungated,3130,2023-12-15,2023-12-25,0.0003424256350643,2023,2023-11-30,learned_vol_interaction,20260912,0.41405682837493507,0.41405682837493507,0,1
monthly_state_ungated,3135,2023-12-22,2024-01-02,0.0288079559683274,2023,2023-11-30,learned_vol_interaction,20260912,0.28947757088627896,0.28947757088627896,0,1
monthly_state_ungated,3140,2023-12-29,2024-01-08,-0.0302544749829989,2023,2023-11-30,learned_vol_interaction,20260912,0.24682591302450096,0.24682591302450096,0,0
monthly_state_validated,3120,2023-12-01,2023-12-11,-0.0295859857973478,2023,2023-11-30,learned_order_extension,20260910,0.614679407280923,0.614679407280923,1,0
monthly_state_validated,3125,2023-12-08,2023-12-18,-0.0144639658974852,2023,2023-11-30,learned_order_extension,20260910,0.7066144869148675,0.7066144869148675,1,0
monthly_state_validated,3130,2023-12-15,2023-12-25,0.0003424256350643,2023,2023-11-30,learned_order_extension,20260910,0.48310600966741857,0.48310600966741857,0,1
monthly_state_validated,3135,2023-12-22,2024-01-02,0.0288079559683274,2023,2023-11-30,learned_order_extension,20260910,0.3063099402486943,0.3063099402486943,0,1
monthly_state_validated,3140,2023-12-29,2024-01-08,-0.0302544749829989,2023,2023-11-30,learned_order_extension,20260910,0.5759512961993328,0.5759512961993328,1,0
monthly_state_ungated,3120,2023-12-01,2023-12-11,-0.0295859857973478,2023,2023-11-30,learned_order_extension,20260910,0.614679407280923,0.614679407280923,1,0
monthly_state_ungated,3125,2023-12-08,2023-12-18,-0.0144639658974852,2023,2023-11-30,learned_order_extension,20260910,0.7066144869148675,0.7066144869148675,1,0
monthly_state_ungated,3130,2023-12-15,2023-12-25,0.0003424256350643,2023,2023-11-30,learned_order_extension,20260910,0.48310600966741857,0.48310600966741857,0,1
monthly_state_ungated,3135,2023-12-22,2024-01-02,0.0288079559683274,2023,2023-11-30,learned_order_extension,20260910,0.3063099402486943,0.3063099402486943,0,1
monthly_state_ungated,3140,2023-12-29,2024-01-08,-0.0302544749829989,2023,2023-11-30,learned_order_extension,20260910,0.5759512961993328,0.5759512961993328,1,0
monthly_state_validated,3120,2023-12-01,2023-12-11,-0.0295859857973478,2023,2023-11-30,learned_order_extension,20260911,0.5265947295451954,0.5265947295451954,1,0
monthly_state_validated,3125,2023-12-08,2023-12-18,-0.0144639658974852,2023,2023-11-30,learned_order_extension,20260911,0.47538698245409866,0.47538698245409866,0,0
monthly_state_validated,3130,2023-12-15,2023-12-25,0.0003424256350643,2023,2023-11-30,learned_order_extension,20260911,0.4826274226119527,0.4826274226119527,0,1
monthly_state_validated,3135,2023-12-22,2024-01-02,0.0288079559683274,2023,2023-11-30,learned_order_extension,20260911,0.4867824256174284,0.4867824256174284,0,1
monthly_state_validated,3140,2023-12-29,2024-01-08,-0.0302544749829989,2023,2023-11-30,learned_order_extension,20260911,0.5209915043046731,0.5209915043046731,1,0
monthly_state_ungated,3120,2023-12-01,2023-12-11,-0.0295859857973478,2023,2023-11-30,learned_order_extension,20260911,0.5265947295451954,0.5265947295451954,1,0
monthly_state_ungated,3125,2023-12-08,2023-12-18,-0.0144639658974852,2023,2023-11-30,learned_order_extension,20260911,0.47538698245409866,0.47538698245409866,0,0
monthly_state_ungated,3130,2023-12-15,2023-12-25,0.0003424256350643,2023,2023-11-30,learned_order_extension,20260911,0.4826274226119527,0.4826274226119527,0,1
monthly_state_ungated,3135,2023-12-22,2024-01-02,0.0288079559683274,2023,2023-11-30,learned_order_extension,20260911,0.4867824256174284,0.4867824256174284,0,1
monthly_state_ungated,3140,2023-12-29,2024-01-08,-0.0302544749829989,2023,2023-11-30,learned_order_extension,20260911,0.5209915043046731,0.5209915043046731,1,0
monthly_state_validated,3120,2023-12-01,2023-12-11,-0.0295859857973478,2023,2023-11-30,learned_order_extension,20260912,0.3216682374026583,0.3216682374026583,0,0
monthly_state_validated,3125,2023-12-08,2023-12-18,-0.0144639658974852,2023,2023-11-30,learned_order_extension,20260912,0.37525907750235854,0.37525907750235854,0,0
monthly_state_validated,3130,2023-12-15,2023-12-25,0.0003424256350643,2023,2023-11-30,learned_order_extension,20260912,0.4378825985675941,0.4378825985675941,0,1
monthly_state_validated,3135,2023-12-22,2024-01-02,0.0288079559683274,2023,2023-11-30,learned_order_extension,20260912,0.312970678014259,0.312970678014259,0,1
monthly_state_validated,3140,2023-12-29,2024-01-08,-0.0302544749829989,2023,2023-11-30,learned_order_extension,20260912,0.30071706068844734,0.30071706068844734,0,0
monthly_state_ungated,3120,2023-12-01,2023-12-11,-0.0295859857973478,2023,2023-11-30,learned_order_extension,20260912,0.3216682374026583,0.3216682374026583,0,0
monthly_state_ungated,3125,2023-12-08,2023-12-18,-0.0144639658974852,2023,2023-11-30,learned_order_extension,20260912,0.37525907750235854,0.37525907750235854,0,0
monthly_state_ungated,3130,2023-12-15,2023-12-25,0.0003424256350643,2023,2023-11-30,learned_order_extension,20260912,0.4378825985675941,0.4378825985675941,0,1
monthly_state_ungated,3135,2023-12-22,2024-01-02,0.0288079559683274,2023,2023-11-30,learned_order_extension,20260912,0.312970678014259,0.312970678014259,0,1
monthly_state_ungated,3140,2023-12-29,2024-01-08,-0.0302544749829989,2023,2023-11-30,learned_order_extension,20260912,0.30071706068844734,0.30071706068844734,0,0
monthly_state_validated,3120,2023-12-01,2023-12-11,-0.0295859857973478,2023,2023-11-30,learned_order_offset,20260910,0.6147867632579535,0.6147867632579535,1,0
monthly_state_validated,3125,2023-12-08,2023-12-18,-0.0144639658974852,2023,2023-11-30,learned_order_offset,20260910,0.7067618476674246,0.7067618476674246,1,0
monthly_state_validated,3130,2023-12-15,2023-12-25,0.0003424256350643,2023,2023-11-30,learned_order_offset,20260910,0.4829677684852089,0.4829677684852089,0,1
monthly_state_validated,3135,2023-12-22,2024-01-02,0.0288079559683274,2023,2023-11-30,learned_order_offset,20260910,0.30667748076847123,0.30667748076847123,0,1
monthly_state_validated,3140,2023-12-29,2024-01-08,-0.0302544749829989,2023,2023-11-30,learned_order_offset,20260910,0.575816367815724,0.575816367815724,1,0
monthly_state_ungated,3120,2023-12-01,2023-12-11,-0.0295859857973478,2023,2023-11-30,learned_order_offset,20260910,0.6147867632579535,0.6147867632579535,1,0
monthly_state_ungated,3125,2023-12-08,2023-12-18,-0.0144639658974852,2023,2023-11-30,learned_order_offset,20260910,0.7067618476674246,0.7067618476674246,1,0
monthly_state_ungated,3130,2023-12-15,2023-12-25,0.0003424256350643,2023,2023-11-30,learned_order_offset,20260910,0.4829677684852089,0.4829677684852089,0,1
monthly_state_ungated,3135,2023-12-22,2024-01-02,0.0288079559683274,2023,2023-11-30,learned_order_offset,20260910,0.30667748076847123,0.30667748076847123,0,1
monthly_state_ungated,3140,2023-12-29,2024-01-08,-0.0302544749829989,2023,2023-11-30,learned_order_offset,20260910,0.575816367815724,0.575816367815724,1,0
monthly_state_validated,3120,2023-12-01,2023-12-11,-0.0295859857973478,2023,2023-11-30,learned_order_offset,20260911,0.5265823015646122,0.5265823015646122,1,0
monthly_state_validated,3125,2023-12-08,2023-12-18,-0.0144639658974852,2023,2023-11-30,learned_order_offset,20260911,0.4753160429301421,0.4753160429301421,0,0
monthly_state_validated,3130,2023-12-15,2023-12-25,0.0003424256350643,2023,2023-11-30,learned_order_offset,20260911,0.48257030017200153,0.48257030017200153,0,1
monthly_state_validated,3135,2023-12-22,2024-01-02,0.0288079559683274,2023,2023-11-30,learned_order_offset,20260911,0.48675309989435805,0.48675309989435805,0,1
monthly_state_validated,3140,2023-12-29,2024-01-08,-0.0302544749829989,2023,2023-11-30,learned_order_offset,20260911,0.5209588239194919,0.5209588239194919,1,0
monthly_state_ungated,3120,2023-12-01,2023-12-11,-0.0295859857973478,2023,2023-11-30,learned_order_offset,20260911,0.5265823015646122,0.5265823015646122,1,0
monthly_state_ungated,3125,2023-12-08,2023-12-18,-0.0144639658974852,2023,2023-11-30,learned_order_offset,20260911,0.4753160429301421,0.4753160429301421,0,0
monthly_state_ungated,3130,2023-12-15,2023-12-25,0.0003424256350643,2023,2023-11-30,learned_order_offset,20260911,0.48257030017200153,0.48257030017200153,0,1
monthly_state_ungated,3135,2023-12-22,2024-01-02,0.0288079559683274,2023,2023-11-30,learned_order_offset,20260911,0.48675309989435805,0.48675309989435805,0,1
monthly_state_ungated,3140,2023-12-29,2024-01-08,-0.0302544749829989,2023,2023-11-30,learned_order_offset,20260911,0.5209588239194919,0.5209588239194919,1,0
monthly_state_validated,3120,2023-12-01,2023-12-11,-0.0295859857973478,2023,2023-11-30,learned_order_offset,20260912,0.3277008795219615,0.3277008795219615,0,0
monthly_state_validated,3125,2023-12-08,2023-12-18,-0.0144639658974852,2023,2023-11-30,learned_order_offset,20260912,0.38033708626217483,0.38033708626217483,0,0
monthly_state_validated,3130,2023-12-15,2023-12-25,0.0003424256350643,2023,2023-11-30,learned_order_offset,20260912,0.4413920812037247,0.4413920812037247,0,1
monthly_state_validated,3135,2023-12-22,2024-01-02,0.0288079559683274,2023,2023-11-30,learned_order_offset,20260912,0.3183806925549233,0.3183806925549233,0,1
monthly_state_validated,3140,2023-12-29,2024-01-08,-0.0302544749829989,2023,2023-11-30,learned_order_offset,20260912,0.305245558654798,0.305245558654798,0,0
monthly_state_ungated,3120,2023-12-01,2023-12-11,-0.0295859857973478,2023,2023-11-30,learned_order_offset,20260912,0.3277008795219615,0.3277008795219615,0,0
monthly_state_ungated,3125,2023-12-08,2023-12-18,-0.0144639658974852,2023,2023-11-30,learned_order_offset,20260912,0.38033708626217483,0.38033708626217483,0,0
monthly_state_ungated,3130,2023-12-15,2023-12-25,0.0003424256350643,2023,2023-11-30,learned_order_offset,20260912,0.4413920812037247,0.4413920812037247,0,1
monthly_state_ungated,3135,2023-12-22,2024-01-02,0.0288079559683274,2023,2023-11-30,learned_order_offset,20260912,0.3183806925549233,0.3183806925549233,0,1
monthly_state_ungated,3140,2023-12-29,2024-01-08,-0.0302544749829989,2023,2023-11-30,learned_order_offset,20260912,0.305245558654798,0.305245558654798,0,0
monthly_state_validated,3144,2024-01-05,2024-01-15,-0.0158038409563566,2024,2023-12-31,learned_market,20260910,0.37911601118731636,0.37911601118731636,0,0
monthly_state_validated,3149,2024-01-12,2024-01-22,-0.002333261979756,2024,2023-12-31,learned_market,20260910,0.4589111880907024,0.4589111880907024,0,0
monthly_state_validated,3154,2024-01-19,2024-01-29,0.0223511633823452,2024,2023-12-31,learned_market,20260910,0.41956122213307734,0.41956122213307734,0,1
monthly_state_validated,3159,2024-01-26,2024-02-05,-0.0513103415192826,2024,2023-12-31,learned_market,20260910,0.4467918935376125,0.4467918935376125,0,0
monthly_state_ungated,3144,2024-01-05,2024-01-15,-0.0158038409563566,2024,2023-12-31,learned_market,20260910,0.37911601118731636,0.37911601118731636,0,0
monthly_state_ungated,3149,2024-01-12,2024-01-22,-0.002333261979756,2024,2023-12-31,learned_market,20260910,0.4589111880907024,0.4589111880907024,0,0
monthly_state_ungated,3154,2024-01-19,2024-01-29,0.0223511633823452,2024,2023-12-31,learned_market,20260910,0.41956122213307734,0.41956122213307734,0,1
monthly_state_ungated,3159,2024-01-26,2024-02-05,-0.0513103415192826,2024,2023-12-31,learned_market,20260910,0.4467918935376125,0.4467918935376125,0,0
monthly_state_validated,3144,2024-01-05,2024-01-15,-0.0158038409563566,2024,2023-12-31,learned_market,20260911,0.5054381986976906,0.5054381986976906,1,0
monthly_state_validated,3149,2024-01-12,2024-01-22,-0.002333261979756,2024,2023-12-31,learned_market,20260911,0.5344404908323787,0.5344404908323787,1,0
monthly_state_validated,3154,2024-01-19,2024-01-29,0.0223511633823452,2024,2023-12-31,learned_market,20260911,0.6056082203678326,0.6056082203678326,1,1
monthly_state_validated,3159,2024-01-26,2024-02-05,-0.0513103415192826,2024,2023-12-31,learned_market,20260911,0.536236284491504,0.536236284491504,1,0
monthly_state_ungated,3144,2024-01-05,2024-01-15,-0.0158038409563566,2024,2023-12-31,learned_market,20260911,0.5054381986976906,0.5054381986976906,1,0
monthly_state_ungated,3149,2024-01-12,2024-01-22,-0.002333261979756,2024,2023-12-31,learned_market,20260911,0.5344404908323787,0.5344404908323787,1,0
monthly_state_ungated,3154,2024-01-19,2024-01-29,0.0223511633823452,2024,2023-12-31,learned_market,20260911,0.6056082203678326,0.6056082203678326,1,1
monthly_state_ungated,3159,2024-01-26,2024-02-05,-0.0513103415192826,2024,2023-12-31,learned_market,20260911,0.536236284491504,0.536236284491504,1,0
monthly_state_validated,3144,2024-01-05,2024-01-15,-0.0158038409563566,2024,2023-12-31,learned_market,20260912,0.5011992069392154,0.5011992069392154,1,0
monthly_state_validated,3149,2024-01-12,2024-01-22,-0.002333261979756,2024,2023-12-31,learned_market,20260912,0.47277699760132935,0.47277699760132935,0,0
monthly_state_validated,3154,2024-01-19,2024-01-29,0.0223511633823452,2024,2023-12-31,learned_market,20260912,0.4519385169732587,0.4519385169732587,0,1
monthly_state_validated,3159,2024-01-26,2024-02-05,-0.0513103415192826,2024,2023-12-31,learned_market,20260912,0.5136187590656476,0.5136187590656476,1,0
monthly_state_ungated,3144,2024-01-05,2024-01-15,-0.0158038409563566,2024,2023-12-31,learned_market,20260912,0.5011992069392154,0.5011992069392154,1,0
monthly_state_ungated,3149,2024-01-12,2024-01-22,-0.002333261979756,2024,2023-12-31,learned_market,20260912,0.47277699760132935,0.47277699760132935,0,0
monthly_state_ungated,3154,2024-01-19,2024-01-29,0.0223511633823452,2024,2023-12-31,learned_market,20260912,0.4519385169732587,0.4519385169732587,0,1
monthly_state_ungated,3159,2024-01-26,2024-02-05,-0.0513103415192826,2024,2023-12-31,learned_market,20260912,0.5136187590656476,0.5136187590656476,1,0
monthly_state_validated,3144,2024-01-05,2024-01-15,-0.0158038409563566,2024,2023-12-31,learned_vol_interaction,20260910,0.375948748112503,0.375948748112503,0,0
monthly_state_validated,3149,2024-01-12,2024-01-22,-0.002333261979756,2024,2023-12-31,learned_vol_interaction,20260910,0.4653387886294592,0.4653387886294592,0,0
monthly_state_validated,3154,2024-01-19,2024-01-29,0.0223511633823452,2024,2023-12-31,learned_vol_interaction,20260910,0.409541362332266,0.409541362332266,0,1
monthly_state_validated,3159,2024-01-26,2024-02-05,-0.0513103415192826,2024,2023-12-31,learned_vol_interaction,20260910,0.4427031623961251,0.4427031623961251,0,0
monthly_state_ungated,3144,2024-01-05,2024-01-15,-0.0158038409563566,2024,2023-12-31,learned_vol_interaction,20260910,0.375948748112503,0.375948748112503,0,0
monthly_state_ungated,3149,2024-01-12,2024-01-22,-0.002333261979756,2024,2023-12-31,learned_vol_interaction,20260910,0.4653387886294592,0.4653387886294592,0,0
monthly_state_ungated,3154,2024-01-19,2024-01-29,0.0223511633823452,2024,2023-12-31,learned_vol_interaction,20260910,0.409541362332266,0.409541362332266,0,1
monthly_state_ungated,3159,2024-01-26,2024-02-05,-0.0513103415192826,2024,2023-12-31,learned_vol_interaction,20260910,0.4427031623961251,0.4427031623961251,0,0
monthly_state_validated,3144,2024-01-05,2024-01-15,-0.0158038409563566,2024,2023-12-31,learned_vol_interaction,20260911,0.5055907048902185,0.5055907048902185,1,0
monthly_state_validated,3149,2024-01-12,2024-01-22,-0.002333261979756,2024,2023-12-31,learned_vol_interaction,20260911,0.5345697430715253,0.5345697430715253,1,0
monthly_state_validated,3154,2024-01-19,2024-01-29,0.0223511633823452,2024,2023-12-31,learned_vol_interaction,20260911,0.6057144516952688,0.6057144516952688,1,1
monthly_state_validated,3159,2024-01-26,2024-02-05,-0.0513103415192826,2024,2023-12-31,learned_vol_interaction,20260911,0.5360497014286747,0.5360497014286747,1,0
monthly_state_ungated,3144,2024-01-05,2024-01-15,-0.0158038409563566,2024,2023-12-31,learned_vol_interaction,20260911,0.5055907048902185,0.5055907048902185,1,0
monthly_state_ungated,3149,2024-01-12,2024-01-22,-0.002333261979756,2024,2023-12-31,learned_vol_interaction,20260911,0.5345697430715253,0.5345697430715253,1,0
monthly_state_ungated,3154,2024-01-19,2024-01-29,0.0223511633823452,2024,2023-12-31,learned_vol_interaction,20260911,0.6057144516952688,0.6057144516952688,1,1
monthly_state_ungated,3159,2024-01-26,2024-02-05,-0.0513103415192826,2024,2023-12-31,learned_vol_interaction,20260911,0.5360497014286747,0.5360497014286747,1,0
monthly_state_validated,3144,2024-01-05,2024-01-15,-0.0158038409563566,2024,2023-12-31,learned_vol_interaction,20260912,0.4952442890139834,0.4952442890139834,0,0
monthly_state_validated,3149,2024-01-12,2024-01-22,-0.002333261979756,2024,2023-12-31,learned_vol_interaction,20260912,0.46734394081550534,0.46734394081550534,0,0
monthly_state_validated,3154,2024-01-19,2024-01-29,0.0223511633823452,2024,2023-12-31,learned_vol_interaction,20260912,0.4458542659590224,0.4458542659590224,0,1
monthly_state_validated,3159,2024-01-26,2024-02-05,-0.0513103415192826,2024,2023-12-31,learned_vol_interaction,20260912,0.5051200250772759,0.5051200250772759,1,0
monthly_state_ungated,3144,2024-01-05,2024-01-15,-0.0158038409563566,2024,2023-12-31,learned_vol_interaction,20260912,0.4952442890139834,0.4952442890139834,0,0
monthly_state_ungated,3149,2024-01-12,2024-01-22,-0.002333261979756,2024,2023-12-31,learned_vol_interaction,20260912,0.46734394081550534,0.46734394081550534,0,0
monthly_state_ungated,3154,2024-01-19,2024-01-29,0.0223511633823452,2024,2023-12-31,learned_vol_interaction,20260912,0.4458542659590224,0.4458542659590224,0,1
monthly_state_ungated,3159,2024-01-26,2024-02-05,-0.0513103415192826,2024,2023-12-31,learned_vol_interaction,20260912,0.5051200250772759,0.5051200250772759,1,0
monthly_state_validated,3144,2024-01-05,2024-01-15,-0.0158038409563566,2024,2023-12-31,learned_order_extension,20260910,0.4019000383386628,0.4019000383386628,0,0
monthly_state_validated,3149,2024-01-12,2024-01-22,-0.002333261979756,2024,2023-12-31,learned_order_extension,20260910,0.4536929976964038,0.4536929976964038,0,0
monthly_state_validated,3154,2024-01-19,2024-01-29,0.0223511633823452,2024,2023-12-31,learned_order_extension,20260910,0.4065097447533653,0.4065097447533653,0,1
monthly_state_validated,3159,2024-01-26,2024-02-05,-0.0513103415192826,2024,2023-12-31,learned_order_extension,20260910,0.4181108069924978,0.4181108069924978,0,0
monthly_state_ungated,3144,2024-01-05,2024-01-15,-0.0158038409563566,2024,2023-12-31,learned_order_extension,20260910,0.4019000383386628,0.4019000383386628,0,0
monthly_state_ungated,3149,2024-01-12,2024-01-22,-0.002333261979756,2024,2023-12-31,learned_order_extension,20260910,0.4536929976964038,0.4536929976964038,0,0
monthly_state_ungated,3154,2024-01-19,2024-01-29,0.0223511633823452,2024,2023-12-31,learned_order_extension,20260910,0.4065097447533653,0.4065097447533653,0,1
monthly_state_ungated,3159,2024-01-26,2024-02-05,-0.0513103415192826,2024,2023-12-31,learned_order_extension,20260910,0.4181108069924978,0.4181108069924978,0,0
monthly_state_validated,3144,2024-01-05,2024-01-15,-0.0158038409563566,2024,2023-12-31,learned_order_extension,20260911,0.5046246382575834,0.5046246382575834,1,0
monthly_state_validated,3149,2024-01-12,2024-01-22,-0.002333261979756,2024,2023-12-31,learned_order_extension,20260911,0.5273727883107168,0.5273727883107168,1,0
monthly_state_validated,3154,2024-01-19,2024-01-29,0.0223511633823452,2024,2023-12-31,learned_order_extension,20260911,0.6361976645125996,0.6361976645125996,1,1
monthly_state_validated,3159,2024-01-26,2024-02-05,-0.0513103415192826,2024,2023-12-31,learned_order_extension,20260911,0.5444608640891567,0.5444608640891567,1,0
monthly_state_ungated,3144,2024-01-05,2024-01-15,-0.0158038409563566,2024,2023-12-31,learned_order_extension,20260911,0.5046246382575834,0.5046246382575834,1,0
monthly_state_ungated,3149,2024-01-12,2024-01-22,-0.002333261979756,2024,2023-12-31,learned_order_extension,20260911,0.5273727883107168,0.5273727883107168,1,0
monthly_state_ungated,3154,2024-01-19,2024-01-29,0.0223511633823452,2024,2023-12-31,learned_order_extension,20260911,0.6361976645125996,0.6361976645125996,1,1
monthly_state_ungated,3159,2024-01-26,2024-02-05,-0.0513103415192826,2024,2023-12-31,learned_order_extension,20260911,0.5444608640891567,0.5444608640891567,1,0
monthly_state_validated,3144,2024-01-05,2024-01-15,-0.0158038409563566,2024,2023-12-31,learned_order_extension,20260912,0.5535119994762409,0.5535119994762409,1,0
monthly_state_validated,3149,2024-01-12,2024-01-22,-0.002333261979756,2024,2023-12-31,learned_order_extension,20260912,0.48736548091739423,0.48736548091739423,0,0
monthly_state_validated,3154,2024-01-19,2024-01-29,0.0223511633823452,2024,2023-12-31,learned_order_extension,20260912,0.4215435053964147,0.4215435053964147,0,1
monthly_state_validated,3159,2024-01-26,2024-02-05,-0.0513103415192826,2024,2023-12-31,learned_order_extension,20260912,0.48649269504735876,0.48649269504735876,0,0
monthly_state_ungated,3144,2024-01-05,2024-01-15,-0.0158038409563566,2024,2023-12-31,learned_order_extension,20260912,0.5535119994762409,0.5535119994762409,1,0
monthly_state_ungated,3149,2024-01-12,2024-01-22,-0.002333261979756,2024,2023-12-31,learned_order_extension,20260912,0.48736548091739423,0.48736548091739423,0,0
monthly_state_ungated,3154,2024-01-19,2024-01-29,0.0223511633823452,2024,2023-12-31,learned_order_extension,20260912,0.4215435053964147,0.4215435053964147,0,1
monthly_state_ungated,3159,2024-01-26,2024-02-05,-0.0513103415192826,2024,2023-12-31,learned_order_extension,20260912,0.48649269504735876,0.48649269504735876,0,0
monthly_state_validated,3144,2024-01-05,2024-01-15,-0.0158038409563566,2024,2023-12-31,learned_order_offset,20260910,0.40294607271257427,0.40294607271257427,0,0
monthly_state_validated,3149,2024-01-12,2024-01-22,-0.002333261979756,2024,2023-12-31,learned_order_offset,20260910,0.45320010017286466,0.45320010017286466,0,0
monthly_state_validated,3154,2024-01-19,2024-01-29,0.0223511633823452,2024,2023-12-31,learned_order_offset,20260910,0.40698948981731453,0.40698948981731453,0,1
monthly_state_validated,3159,2024-01-26,2024-02-05,-0.0513103415192826,2024,2023-12-31,learned_order_offset,20260910,0.4180998926398431,0.4180998926398431,0,0
monthly_state_ungated,3144,2024-01-05,2024-01-15,-0.0158038409563566,2024,2023-12-31,learned_order_offset,20260910,0.40294607271257427,0.40294607271257427,0,0
monthly_state_ungated,3149,2024-01-12,2024-01-22,-0.002333261979756,2024,2023-12-31,learned_order_offset,20260910,0.45320010017286466,0.45320010017286466,0,0
monthly_state_ungated,3154,2024-01-19,2024-01-29,0.0223511633823452,2024,2023-12-31,learned_order_offset,20260910,0.40698948981731453,0.40698948981731453,0,1
monthly_state_ungated,3159,2024-01-26,2024-02-05,-0.0513103415192826,2024,2023-12-31,learned_order_offset,20260910,0.4180998926398431,0.4180998926398431,0,0
monthly_state_validated,3144,2024-01-05,2024-01-15,-0.0158038409563566,2024,2023-12-31,learned_order_offset,20260911,0.5039028855862143,0.5039028855862143,1,0
monthly_state_validated,3149,2024-01-12,2024-01-22,-0.002333261979756,2024,2023-12-31,learned_order_offset,20260911,0.5267036688758374,0.5267036688758374,1,0
monthly_state_validated,3154,2024-01-19,2024-01-29,0.0223511633823452,2024,2023-12-31,learned_order_offset,20260911,0.6349472157761124,0.6349472157761124,1,1
monthly_state_validated,3159,2024-01-26,2024-02-05,-0.0513103415192826,2024,2023-12-31,learned_order_offset,20260911,0.5443793909861219,0.5443793909861219,1,0
monthly_state_ungated,3144,2024-01-05,2024-01-15,-0.0158038409563566,2024,2023-12-31,learned_order_offset,20260911,0.5039028855862143,0.5039028855862143,1,0
monthly_state_ungated,3149,2024-01-12,2024-01-22,-0.002333261979756,2024,2023-12-31,learned_order_offset,20260911,0.5267036688758374,0.5267036688758374,1,0
monthly_state_ungated,3154,2024-01-19,2024-01-29,0.0223511633823452,2024,2023-12-31,learned_order_offset,20260911,0.6349472157761124,0.6349472157761124,1,1
monthly_state_ungated,3159,2024-01-26,2024-02-05,-0.0513103415192826,2024,2023-12-31,learned_order_offset,20260911,0.5443793909861219,0.5443793909861219,1,0
monthly_state_validated,3144,2024-01-05,2024-01-15,-0.0158038409563566,2024,2023-12-31,learned_order_offset,20260912,0.555524023910941,0.555524023910941,1,0
monthly_state_validated,3149,2024-01-12,2024-01-22,-0.002333261979756,2024,2023-12-31,learned_order_offset,20260912,0.4886344435127239,0.4886344435127239,0,0
monthly_state_validated,3154,2024-01-19,2024-01-29,0.0223511633823452,2024,2023-12-31,learned_order_offset,20260912,0.4229445653552536,0.4229445653552536,0,1
monthly_state_validated,3159,2024-01-26,2024-02-05,-0.0513103415192826,2024,2023-12-31,learned_order_offset,20260912,0.4868819752675603,0.4868819752675603,0,0
monthly_state_ungated,3144,2024-01-05,2024-01-15,-0.0158038409563566,2024,2023-12-31,learned_order_offset,20260912,0.555524023910941,0.555524023910941,1,0
monthly_state_ungated,3149,2024-01-12,2024-01-22,-0.002333261979756,2024,2023-12-31,learned_order_offset,20260912,0.4886344435127239,0.4886344435127239,0,0
monthly_state_ungated,3154,2024-01-19,2024-01-29,0.0223511633823452,2024,2023-12-31,learned_order_offset,20260912,0.4229445653552536,0.4229445653552536,0,1
monthly_state_ungated,3159,2024-01-26,2024-02-05,-0.0513103415192826,2024,2023-12-31,learned_order_offset,20260912,0.4868819752675603,0.4868819752675603,0,0
monthly_state_validated,3164,2024-02-02,2024-02-26,0.1015374891364462,2024,2024-01-31,learned_market,20260910,0.6470923056808707,0.6470923056808707,1,1
monthly_state_validated,3173,2024-02-23,2024-03-04,0.0151569053862528,2024,2024-01-31,learned_market,20260910,0.6974540268702009,0.6974540268702009,1,1
monthly_state_ungated,3164,2024-02-02,2024-02-26,0.1015374891364462,2024,2024-01-31,learned_market,20260910,0.6470923056808707,0.6470923056808707,1,1
monthly_state_ungated,3173,2024-02-23,2024-03-04,0.0151569053862528,2024,2024-01-31,learned_market,20260910,0.6974540268702009,0.6974540268702009,1,1
monthly_state_validated,3164,2024-02-02,2024-02-26,0.1015374891364462,2024,2024-01-31,learned_market,20260911,0.5342416496354764,0.5342416496354764,1,1
monthly_state_validated,3173,2024-02-23,2024-03-04,0.0151569053862528,2024,2024-01-31,learned_market,20260911,0.636064859077555,0.636064859077555,1,1
monthly_state_ungated,3164,2024-02-02,2024-02-26,0.1015374891364462,2024,2024-01-31,learned_market,20260911,0.5342416496354764,0.5342416496354764,1,1
monthly_state_ungated,3173,2024-02-23,2024-03-04,0.0151569053862528,2024,2024-01-31,learned_market,20260911,0.636064859077555,0.636064859077555,1,1
monthly_state_validated,3164,2024-02-02,2024-02-26,0.1015374891364462,2024,2024-01-31,learned_market,20260912,0.5626550395617658,0.5626550395617658,1,1
monthly_state_validated,3173,2024-02-23,2024-03-04,0.0151569053862528,2024,2024-01-31,learned_market,20260912,0.4999534810647158,0.4999534810647158,0,1
monthly_state_ungated,3164,2024-02-02,2024-02-26,0.1015374891364462,2024,2024-01-31,learned_market,20260912,0.5626550395617658,0.5626550395617658,1,1
monthly_state_ungated,3173,2024-02-23,2024-03-04,0.0151569053862528,2024,2024-01-31,learned_market,20260912,0.4999534810647158,0.4999534810647158,0,1
monthly_state_validated,3164,2024-02-02,2024-02-26,0.1015374891364462,2024,2024-01-31,learned_vol_interaction,20260910,0.6537066574488869,0.6537066574488869,1,1
monthly_state_validated,3173,2024-02-23,2024-03-04,0.0151569053862528,2024,2024-01-31,learned_vol_interaction,20260910,0.689311779469667,0.689311779469667,1,1
monthly_state_ungated,3164,2024-02-02,2024-02-26,0.1015374891364462,2024,2024-01-31,learned_vol_interaction,20260910,0.6537066574488869,0.6537066574488869,1,1
monthly_state_ungated,3173,2024-02-23,2024-03-04,0.0151569053862528,2024,2024-01-31,learned_vol_interaction,20260910,0.689311779469667,0.689311779469667,1,1
monthly_state_validated,3164,2024-02-02,2024-02-26,0.1015374891364462,2024,2024-01-31,learned_vol_interaction,20260911,0.5340699292580867,0.5340699292580867,1,1
monthly_state_validated,3173,2024-02-23,2024-03-04,0.0151569053862528,2024,2024-01-31,learned_vol_interaction,20260911,0.635598842460853,0.635598842460853,1,1
monthly_state_ungated,3164,2024-02-02,2024-02-26,0.1015374891364462,2024,2024-01-31,learned_vol_interaction,20260911,0.5340699292580867,0.5340699292580867,1,1
monthly_state_ungated,3173,2024-02-23,2024-03-04,0.0151569053862528,2024,2024-01-31,learned_vol_interaction,20260911,0.635598842460853,0.635598842460853,1,1
monthly_state_validated,3164,2024-02-02,2024-02-26,0.1015374891364462,2024,2024-01-31,learned_vol_interaction,20260912,0.5544379606615297,0.5544379606615297,1,1
monthly_state_validated,3173,2024-02-23,2024-03-04,0.0151569053862528,2024,2024-01-31,learned_vol_interaction,20260912,0.4830624305901862,0.4830624305901862,0,1
monthly_state_ungated,3164,2024-02-02,2024-02-26,0.1015374891364462,2024,2024-01-31,learned_vol_interaction,20260912,0.5544379606615297,0.5544379606615297,1,1
monthly_state_ungated,3173,2024-02-23,2024-03-04,0.0151569053862528,2024,2024-01-31,learned_vol_interaction,20260912,0.4830624305901862,0.4830624305901862,0,1
monthly_state_validated,3164,2024-02-02,2024-02-26,0.1015374891364462,2024,2024-01-31,learned_order_extension,20260910,0.6639940867614434,0.6639940867614434,1,1
monthly_state_validated,3173,2024-02-23,2024-03-04,0.0151569053862528,2024,2024-01-31,learned_order_extension,20260910,0.6509742827223437,0.6509742827223437,1,1
monthly_state_ungated,3164,2024-02-02,2024-02-26,0.1015374891364462,2024,2024-01-31,learned_order_extension,20260910,0.6639940867614434,0.6639940867614434,1,1
monthly_state_ungated,3173,2024-02-23,2024-03-04,0.0151569053862528,2024,2024-01-31,learned_order_extension,20260910,0.6509742827223437,0.6509742827223437,1,1
monthly_state_validated,3164,2024-02-02,2024-02-26,0.1015374891364462,2024,2024-01-31,learned_order_extension,20260911,0.545031438848448,0.545031438848448,1,1
monthly_state_validated,3173,2024-02-23,2024-03-04,0.0151569053862528,2024,2024-01-31,learned_order_extension,20260911,0.6125199424254827,0.6125199424254827,1,1
monthly_state_ungated,3164,2024-02-02,2024-02-26,0.1015374891364462,2024,2024-01-31,learned_order_extension,20260911,0.545031438848448,0.545031438848448,1,1
monthly_state_ungated,3173,2024-02-23,2024-03-04,0.0151569053862528,2024,2024-01-31,learned_order_extension,20260911,0.6125199424254827,0.6125199424254827,1,1
monthly_state_validated,3164,2024-02-02,2024-02-26,0.1015374891364462,2024,2024-01-31,learned_order_extension,20260912,0.5496050819275686,0.5496050819275686,1,1
monthly_state_validated,3173,2024-02-23,2024-03-04,0.0151569053862528,2024,2024-01-31,learned_order_extension,20260912,0.4386082807089806,0.4386082807089806,0,1
monthly_state_ungated,3164,2024-02-02,2024-02-26,0.1015374891364462,2024,2024-01-31,learned_order_extension,20260912,0.5496050819275686,0.5496050819275686,1,1
monthly_state_ungated,3173,2024-02-23,2024-03-04,0.0151569053862528,2024,2024-01-31,learned_order_extension,20260912,0.4386082807089806,0.4386082807089806,0,1
monthly_state_validated,3164,2024-02-02,2024-02-26,0.1015374891364462,2024,2024-01-31,learned_order_offset,20260910,0.662467427882048,0.662467427882048,1,1
monthly_state_validated,3173,2024-02-23,2024-03-04,0.0151569053862528,2024,2024-01-31,learned_order_offset,20260910,0.6495192030104356,0.6495192030104356,1,1
monthly_state_ungated,3164,2024-02-02,2024-02-26,0.1015374891364462,2024,2024-01-31,learned_order_offset,20260910,0.662467427882048,0.662467427882048,1,1
monthly_state_ungated,3173,2024-02-23,2024-03-04,0.0151569053862528,2024,2024-01-31,learned_order_offset,20260910,0.6495192030104356,0.6495192030104356,1,1
monthly_state_validated,3164,2024-02-02,2024-02-26,0.1015374891364462,2024,2024-01-31,learned_order_offset,20260911,0.5451794882867483,0.5451794882867483,1,1
monthly_state_validated,3173,2024-02-23,2024-03-04,0.0151569053862528,2024,2024-01-31,learned_order_offset,20260911,0.6109679669122872,0.6109679669122872,1,1
monthly_state_ungated,3164,2024-02-02,2024-02-26,0.1015374891364462,2024,2024-01-31,learned_order_offset,20260911,0.5451794882867483,0.5451794882867483,1,1
monthly_state_ungated,3173,2024-02-23,2024-03-04,0.0151569053862528,2024,2024-01-31,learned_order_offset,20260911,0.6109679669122872,0.6109679669122872,1,1
monthly_state_validated,3164,2024-02-02,2024-02-26,0.1015374891364462,2024,2024-01-31,learned_order_offset,20260912,0.5512261346233363,0.5512261346233363,1,1
monthly_state_validated,3173,2024-02-23,2024-03-04,0.0151569053862528,2024,2024-01-31,learned_order_offset,20260912,0.4383060233141652,0.4383060233141652,0,1
monthly_state_ungated,3164,2024-02-02,2024-02-26,0.1015374891364462,2024,2024-01-31,learned_order_offset,20260912,0.5512261346233363,0.5512261346233363,1,1
monthly_state_ungated,3173,2024-02-23,2024-03-04,0.0151569053862528,2024,2024-01-31,learned_order_offset,20260912,0.4383060233141652,0.4383060233141652,0,1
monthly_state_validated,3178,2024-03-01,2024-03-11,0.0021394031715169,2024,2024-02-29,learned_market,20260910,0.6539310685581109,0.6539310685581109,1,1
monthly_state_validated,3183,2024-03-08,2024-03-18,0.0087762342284414,2024,2024-02-29,learned_market,20260910,0.651636534380962,0.651636534380962,1,1
monthly_state_validated,3188,2024-03-15,2024-03-25,-0.0112802133595746,2024,2024-02-29,learned_market,20260910,0.6184866579610433,0.6184866579610433,1,0
monthly_state_validated,3193,2024-03-22,2024-04-01,0.0042044725182444,2024,2024-02-29,learned_market,20260910,0.49537529534083324,0.49537529534083324,0,1
monthly_state_validated,3198,2024-03-29,2024-04-15,-0.0219845815102011,2024,2024-02-29,learned_market,20260910,0.4469684467331579,0.4469684467331579,0,0
monthly_state_ungated,3178,2024-03-01,2024-03-11,0.0021394031715169,2024,2024-02-29,learned_market,20260910,0.6539310685581109,0.6539310685581109,1,1
monthly_state_ungated,3183,2024-03-08,2024-03-18,0.0087762342284414,2024,2024-02-29,learned_market,20260910,0.651636534380962,0.651636534380962,1,1
monthly_state_ungated,3188,2024-03-15,2024-03-25,-0.0112802133595746,2024,2024-02-29,learned_market,20260910,0.6184866579610433,0.6184866579610433,1,0
monthly_state_ungated,3193,2024-03-22,2024-04-01,0.0042044725182444,2024,2024-02-29,learned_market,20260910,0.49537529534083324,0.49537529534083324,0,1
monthly_state_ungated,3198,2024-03-29,2024-04-15,-0.0219845815102011,2024,2024-02-29,learned_market,20260910,0.4469684467331579,0.4469684467331579,0,0
monthly_state_validated,3178,2024-03-01,2024-03-11,0.0021394031715169,2024,2024-02-29,learned_market,20260911,0.5744958412225454,0.5744958412225454,1,1
monthly_state_validated,3183,2024-03-08,2024-03-18,0.0087762342284414,2024,2024-02-29,learned_market,20260911,0.6235376359173743,0.6235376359173743,1,1
monthly_state_validated,3188,2024-03-15,2024-03-25,-0.0112802133595746,2024,2024-02-29,learned_market,20260911,0.5250838960153138,0.5250838960153138,1,0
monthly_state_validated,3193,2024-03-22,2024-04-01,0.0042044725182444,2024,2024-02-29,learned_market,20260911,0.5710939352608271,0.5710939352608271,1,1
monthly_state_validated,3198,2024-03-29,2024-04-15,-0.0219845815102011,2024,2024-02-29,learned_market,20260911,0.3834197760468657,0.3834197760468657,0,0
monthly_state_ungated,3178,2024-03-01,2024-03-11,0.0021394031715169,2024,2024-02-29,learned_market,20260911,0.5744958412225454,0.5744958412225454,1,1
monthly_state_ungated,3183,2024-03-08,2024-03-18,0.0087762342284414,2024,2024-02-29,learned_market,20260911,0.6235376359173743,0.6235376359173743,1,1
monthly_state_ungated,3188,2024-03-15,2024-03-25,-0.0112802133595746,2024,2024-02-29,learned_market,20260911,0.5250838960153138,0.5250838960153138,1,0
monthly_state_ungated,3193,2024-03-22,2024-04-01,0.0042044725182444,2024,2024-02-29,learned_market,20260911,0.5710939352608271,0.5710939352608271,1,1
monthly_state_ungated,3198,2024-03-29,2024-04-15,-0.0219845815102011,2024,2024-02-29,learned_market,20260911,0.3834197760468657,0.3834197760468657,0,0
monthly_state_validated,3178,2024-03-01,2024-03-11,0.0021394031715169,2024,2024-02-29,learned_market,20260912,0.5749313458355619,0.5749313458355619,1,1
monthly_state_validated,3183,2024-03-08,2024-03-18,0.0087762342284414,2024,2024-02-29,learned_market,20260912,0.5879570158742811,0.5879570158742811,1,1
monthly_state_validated,3188,2024-03-15,2024-03-25,-0.0112802133595746,2024,2024-02-29,learned_market,20260912,0.48185973058558346,0.48185973058558346,0,0
monthly_state_validated,3193,2024-03-22,2024-04-01,0.0042044725182444,2024,2024-02-29,learned_market,20260912,0.5819259306110321,0.5819259306110321,1,1
monthly_state_validated,3198,2024-03-29,2024-04-15,-0.0219845815102011,2024,2024-02-29,learned_market,20260912,0.5513216063045803,0.5513216063045803,1,0
monthly_state_ungated,3178,2024-03-01,2024-03-11,0.0021394031715169,2024,2024-02-29,learned_market,20260912,0.5749313458355619,0.5749313458355619,1,1
monthly_state_ungated,3183,2024-03-08,2024-03-18,0.0087762342284414,2024,2024-02-29,learned_market,20260912,0.5879570158742811,0.5879570158742811,1,1
monthly_state_ungated,3188,2024-03-15,2024-03-25,-0.0112802133595746,2024,2024-02-29,learned_market,20260912,0.48185973058558346,0.48185973058558346,0,0
monthly_state_ungated,3193,2024-03-22,2024-04-01,0.0042044725182444,2024,2024-02-29,learned_market,20260912,0.5819259306110321,0.5819259306110321,1,1
monthly_state_ungated,3198,2024-03-29,2024-04-15,-0.0219845815102011,2024,2024-02-29,learned_market,20260912,0.5513216063045803,0.5513216063045803,1,0
monthly_state_validated,3178,2024-03-01,2024-03-11,0.0021394031715169,2024,2024-02-29,learned_vol_interaction,20260910,0.6480049647794901,0.6480049647794901,1,1
monthly_state_validated,3183,2024-03-08,2024-03-18,0.0087762342284414,2024,2024-02-29,learned_vol_interaction,20260910,0.6491293260006892,0.6491293260006892,1,1
monthly_state_validated,3188,2024-03-15,2024-03-25,-0.0112802133595746,2024,2024-02-29,learned_vol_interaction,20260910,0.6390487602979349,0.6390487602979349,1,0
monthly_state_validated,3193,2024-03-22,2024-04-01,0.0042044725182444,2024,2024-02-29,learned_vol_interaction,20260910,0.502579297882782,0.502579297882782,1,1
monthly_state_validated,3198,2024-03-29,2024-04-15,-0.0219845815102011,2024,2024-02-29,learned_vol_interaction,20260910,0.4621147966680959,0.4621147966680959,0,0
monthly_state_ungated,3178,2024-03-01,2024-03-11,0.0021394031715169,2024,2024-02-29,learned_vol_interaction,20260910,0.6480049647794901,0.6480049647794901,1,1
monthly_state_ungated,3183,2024-03-08,2024-03-18,0.0087762342284414,2024,2024-02-29,learned_vol_interaction,20260910,0.6491293260006892,0.6491293260006892,1,1
monthly_state_ungated,3188,2024-03-15,2024-03-25,-0.0112802133595746,2024,2024-02-29,learned_vol_interaction,20260910,0.6390487602979349,0.6390487602979349,1,0
monthly_state_ungated,3193,2024-03-22,2024-04-01,0.0042044725182444,2024,2024-02-29,learned_vol_interaction,20260910,0.502579297882782,0.502579297882782,1,1
monthly_state_ungated,3198,2024-03-29,2024-04-15,-0.0219845815102011,2024,2024-02-29,learned_vol_interaction,20260910,0.4621147966680959,0.4621147966680959,0,0
monthly_state_validated,3178,2024-03-01,2024-03-11,0.0021394031715169,2024,2024-02-29,learned_vol_interaction,20260911,0.5740233508322927,0.5740233508322927,1,1
monthly_state_validated,3183,2024-03-08,2024-03-18,0.0087762342284414,2024,2024-02-29,learned_vol_interaction,20260911,0.6228491427098055,0.6228491427098055,1,1
monthly_state_validated,3188,2024-03-15,2024-03-25,-0.0112802133595746,2024,2024-02-29,learned_vol_interaction,20260911,0.5244855050624243,0.5244855050624243,1,0
monthly_state_validated,3193,2024-03-22,2024-04-01,0.0042044725182444,2024,2024-02-29,learned_vol_interaction,20260911,0.5705279783235351,0.5705279783235351,1,1
monthly_state_validated,3198,2024-03-29,2024-04-15,-0.0219845815102011,2024,2024-02-29,learned_vol_interaction,20260911,0.38271605688876176,0.38271605688876176,0,0
monthly_state_ungated,3178,2024-03-01,2024-03-11,0.0021394031715169,2024,2024-02-29,learned_vol_interaction,20260911,0.5740233508322927,0.5740233508322927,1,1
monthly_state_ungated,3183,2024-03-08,2024-03-18,0.0087762342284414,2024,2024-02-29,learned_vol_interaction,20260911,0.6228491427098055,0.6228491427098055,1,1
monthly_state_ungated,3188,2024-03-15,2024-03-25,-0.0112802133595746,2024,2024-02-29,learned_vol_interaction,20260911,0.5244855050624243,0.5244855050624243,1,0
monthly_state_ungated,3193,2024-03-22,2024-04-01,0.0042044725182444,2024,2024-02-29,learned_vol_interaction,20260911,0.5705279783235351,0.5705279783235351,1,1
monthly_state_ungated,3198,2024-03-29,2024-04-15,-0.0219845815102011,2024,2024-02-29,learned_vol_interaction,20260911,0.38271605688876176,0.38271605688876176,0,0
monthly_state_validated,3178,2024-03-01,2024-03-11,0.0021394031715169,2024,2024-02-29,learned_vol_interaction,20260912,0.5592748903954966,0.5592748903954966,1,1
monthly_state_validated,3183,2024-03-08,2024-03-18,0.0087762342284414,2024,2024-02-29,learned_vol_interaction,20260912,0.5740363843191351,0.5740363843191351,1,1
monthly_state_validated,3188,2024-03-15,2024-03-25,-0.0112802133595746,2024,2024-02-29,learned_vol_interaction,20260912,0.4809004633653104,0.4809004633653104,0,0
monthly_state_validated,3193,2024-03-22,2024-04-01,0.0042044725182444,2024,2024-02-29,learned_vol_interaction,20260912,0.5933081539859947,0.5933081539859947,1,1
monthly_state_validated,3198,2024-03-29,2024-04-15,-0.0219845815102011,2024,2024-02-29,learned_vol_interaction,20260912,0.5653073701837698,0.5653073701837698,1,0
monthly_state_ungated,3178,2024-03-01,2024-03-11,0.0021394031715169,2024,2024-02-29,learned_vol_interaction,20260912,0.5592748903954966,0.5592748903954966,1,1
monthly_state_ungated,3183,2024-03-08,2024-03-18,0.0087762342284414,2024,2024-02-29,learned_vol_interaction,20260912,0.5740363843191351,0.5740363843191351,1,1
monthly_state_ungated,3188,2024-03-15,2024-03-25,-0.0112802133595746,2024,2024-02-29,learned_vol_interaction,20260912,0.4809004633653104,0.4809004633653104,0,0
monthly_state_ungated,3193,2024-03-22,2024-04-01,0.0042044725182444,2024,2024-02-29,learned_vol_interaction,20260912,0.5933081539859947,0.5933081539859947,1,1
monthly_state_ungated,3198,2024-03-29,2024-04-15,-0.0219845815102011,2024,2024-02-29,learned_vol_interaction,20260912,0.5653073701837698,0.5653073701837698,1,0
monthly_state_validated,3178,2024-03-01,2024-03-11,0.0021394031715169,2024,2024-02-29,learned_order_extension,20260910,0.596427953854031,0.596427953854031,1,1
monthly_state_validated,3183,2024-03-08,2024-03-18,0.0087762342284414,2024,2024-02-29,learned_order_extension,20260910,0.5823638998065179,0.5823638998065179,1,1
monthly_state_validated,3188,2024-03-15,2024-03-25,-0.0112802133595746,2024,2024-02-29,learned_order_extension,20260910,0.5649258035498114,0.5649258035498114,1,0
monthly_state_validated,3193,2024-03-22,2024-04-01,0.0042044725182444,2024,2024-02-29,learned_order_extension,20260910,0.4756478826315535,0.4756478826315535,0,1
monthly_state_validated,3198,2024-03-29,2024-04-15,-0.0219845815102011,2024,2024-02-29,learned_order_extension,20260910,0.44826023295447676,0.44826023295447676,0,0
monthly_state_ungated,3178,2024-03-01,2024-03-11,0.0021394031715169,2024,2024-02-29,learned_order_extension,20260910,0.596427953854031,0.596427953854031,1,1
monthly_state_ungated,3183,2024-03-08,2024-03-18,0.0087762342284414,2024,2024-02-29,learned_order_extension,20260910,0.5823638998065179,0.5823638998065179,1,1
monthly_state_ungated,3188,2024-03-15,2024-03-25,-0.0112802133595746,2024,2024-02-29,learned_order_extension,20260910,0.5649258035498114,0.5649258035498114,1,0
monthly_state_ungated,3193,2024-03-22,2024-04-01,0.0042044725182444,2024,2024-02-29,learned_order_extension,20260910,0.4756478826315535,0.4756478826315535,0,1
monthly_state_ungated,3198,2024-03-29,2024-04-15,-0.0219845815102011,2024,2024-02-29,learned_order_extension,20260910,0.44826023295447676,0.44826023295447676,0,0
monthly_state_validated,3178,2024-03-01,2024-03-11,0.0021394031715169,2024,2024-02-29,learned_order_extension,20260911,0.5496769035930799,0.5496769035930799,1,1
monthly_state_validated,3183,2024-03-08,2024-03-18,0.0087762342284414,2024,2024-02-29,learned_order_extension,20260911,0.5653384521782018,0.5653384521782018,1,1
monthly_state_validated,3188,2024-03-15,2024-03-25,-0.0112802133595746,2024,2024-02-29,learned_order_extension,20260911,0.4741066250462846,0.4741066250462846,0,0
monthly_state_validated,3193,2024-03-22,2024-04-01,0.0042044725182444,2024,2024-02-29,learned_order_extension,20260911,0.5034201205076809,0.5034201205076809,1,1
monthly_state_validated,3198,2024-03-29,2024-04-15,-0.0219845815102011,2024,2024-02-29,learned_order_extension,20260911,0.3647496103237538,0.3647496103237538,0,0
monthly_state_ungated,3178,2024-03-01,2024-03-11,0.0021394031715169,2024,2024-02-29,learned_order_extension,20260911,0.5496769035930799,0.5496769035930799,1,1
monthly_state_ungated,3183,2024-03-08,2024-03-18,0.0087762342284414,2024,2024-02-29,learned_order_extension,20260911,0.5653384521782018,0.5653384521782018,1,1
monthly_state_ungated,3188,2024-03-15,2024-03-25,-0.0112802133595746,2024,2024-02-29,learned_order_extension,20260911,0.4741066250462846,0.4741066250462846,0,0
monthly_state_ungated,3193,2024-03-22,2024-04-01,0.0042044725182444,2024,2024-02-29,learned_order_extension,20260911,0.5034201205076809,0.5034201205076809,1,1
monthly_state_ungated,3198,2024-03-29,2024-04-15,-0.0219845815102011,2024,2024-02-29,learned_order_extension,20260911,0.3647496103237538,0.3647496103237538,0,0
monthly_state_validated,3178,2024-03-01,2024-03-11,0.0021394031715169,2024,2024-02-29,learned_order_extension,20260912,0.46924981751922445,0.46924981751922445,0,1
monthly_state_validated,3183,2024-03-08,2024-03-18,0.0087762342284414,2024,2024-02-29,learned_order_extension,20260912,0.4701956287186797,0.4701956287186797,0,1
monthly_state_validated,3188,2024-03-15,2024-03-25,-0.0112802133595746,2024,2024-02-29,learned_order_extension,20260912,0.41374971985365583,0.41374971985365583,0,0
monthly_state_validated,3193,2024-03-22,2024-04-01,0.0042044725182444,2024,2024-02-29,learned_order_extension,20260912,0.4779698312307604,0.4779698312307604,0,1
monthly_state_validated,3198,2024-03-29,2024-04-15,-0.0219845815102011,2024,2024-02-29,learned_order_extension,20260912,0.47494867441409877,0.47494867441409877,0,0
monthly_state_ungated,3178,2024-03-01,2024-03-11,0.0021394031715169,2024,2024-02-29,learned_order_extension,20260912,0.46924981751922445,0.46924981751922445,0,1
monthly_state_ungated,3183,2024-03-08,2024-03-18,0.0087762342284414,2024,2024-02-29,learned_order_extension,20260912,0.4701956287186797,0.4701956287186797,0,1
monthly_state_ungated,3188,2024-03-15,2024-03-25,-0.0112802133595746,2024,2024-02-29,learned_order_extension,20260912,0.41374971985365583,0.41374971985365583,0,0
monthly_state_ungated,3193,2024-03-22,2024-04-01,0.0042044725182444,2024,2024-02-29,learned_order_extension,20260912,0.4779698312307604,0.4779698312307604,0,1
monthly_state_ungated,3198,2024-03-29,2024-04-15,-0.0219845815102011,2024,2024-02-29,learned_order_extension,20260912,0.47494867441409877,0.47494867441409877,0,0
monthly_state_validated,3178,2024-03-01,2024-03-11,0.0021394031715169,2024,2024-02-29,learned_order_offset,20260910,0.5953483627631191,0.5953483627631191,1,1
monthly_state_validated,3183,2024-03-08,2024-03-18,0.0087762342284414,2024,2024-02-29,learned_order_offset,20260910,0.5813453143574694,0.5813453143574694,1,1
monthly_state_validated,3188,2024-03-15,2024-03-25,-0.0112802133595746,2024,2024-02-29,learned_order_offset,20260910,0.5629285714576356,0.5629285714576356,1,0
monthly_state_validated,3193,2024-03-22,2024-04-01,0.0042044725182444,2024,2024-02-29,learned_order_offset,20260910,0.4746800194029474,0.4746800194029474,0,1
monthly_state_validated,3198,2024-03-29,2024-04-15,-0.0219845815102011,2024,2024-02-29,learned_order_offset,20260910,0.4474975970181041,0.4474975970181041,0,0
monthly_state_ungated,3178,2024-03-01,2024-03-11,0.0021394031715169,2024,2024-02-29,learned_order_offset,20260910,0.5953483627631191,0.5953483627631191,1,1
monthly_state_ungated,3183,2024-03-08,2024-03-18,0.0087762342284414,2024,2024-02-29,learned_order_offset,20260910,0.5813453143574694,0.5813453143574694,1,1
monthly_state_ungated,3188,2024-03-15,2024-03-25,-0.0112802133595746,2024,2024-02-29,learned_order_offset,20260910,0.5629285714576356,0.5629285714576356,1,0
monthly_state_ungated,3193,2024-03-22,2024-04-01,0.0042044725182444,2024,2024-02-29,learned_order_offset,20260910,0.4746800194029474,0.4746800194029474,0,1
monthly_state_ungated,3198,2024-03-29,2024-04-15,-0.0219845815102011,2024,2024-02-29,learned_order_offset,20260910,0.4474975970181041,0.4474975970181041,0,0
monthly_state_validated,3178,2024-03-01,2024-03-11,0.0021394031715169,2024,2024-02-29,learned_order_offset,20260911,0.5481247094966736,0.5481247094966736,1,1
monthly_state_validated,3183,2024-03-08,2024-03-18,0.0087762342284414,2024,2024-02-29,learned_order_offset,20260911,0.5633395909983205,0.5633395909983205,1,1
monthly_state_validated,3188,2024-03-15,2024-03-25,-0.0112802133595746,2024,2024-02-29,learned_order_offset,20260911,0.47094256842793375,0.47094256842793375,0,0
monthly_state_validated,3193,2024-03-22,2024-04-01,0.0042044725182444,2024,2024-02-29,learned_order_offset,20260911,0.4995363819528175,0.4995363819528175,0,1
monthly_state_validated,3198,2024-03-29,2024-04-15,-0.0219845815102011,2024,2024-02-29,learned_order_offset,20260911,0.3626011592845029,0.3626011592845029,0,0
monthly_state_ungated,3178,2024-03-01,2024-03-11,0.0021394031715169,2024,2024-02-29,learned_order_offset,20260911,0.5481247094966736,0.5481247094966736,1,1
monthly_state_ungated,3183,2024-03-08,2024-03-18,0.0087762342284414,2024,2024-02-29,learned_order_offset,20260911,0.5633395909983205,0.5633395909983205,1,1
monthly_state_ungated,3188,2024-03-15,2024-03-25,-0.0112802133595746,2024,2024-02-29,learned_order_offset,20260911,0.47094256842793375,0.47094256842793375,0,0
monthly_state_ungated,3193,2024-03-22,2024-04-01,0.0042044725182444,2024,2024-02-29,learned_order_offset,20260911,0.4995363819528175,0.4995363819528175,0,1
monthly_state_ungated,3198,2024-03-29,2024-04-15,-0.0219845815102011,2024,2024-02-29,learned_order_offset,20260911,0.3626011592845029,0.3626011592845029,0,0
monthly_state_validated,3178,2024-03-01,2024-03-11,0.0021394031715169,2024,2024-02-29,learned_order_offset,20260912,0.4671863792327489,0.4671863792327489,0,1
monthly_state_validated,3183,2024-03-08,2024-03-18,0.0087762342284414,2024,2024-02-29,learned_order_offset,20260912,0.4682690873666851,0.4682690873666851,0,1
monthly_state_validated,3188,2024-03-15,2024-03-25,-0.0112802133595746,2024,2024-02-29,learned_order_offset,20260912,0.410883959095752,0.410883959095752,0,0
monthly_state_validated,3193,2024-03-22,2024-04-01,0.0042044725182444,2024,2024-02-29,learned_order_offset,20260912,0.4736922823747903,0.4736922823747903,0,1
monthly_state_validated,3198,2024-03-29,2024-04-15,-0.0219845815102011,2024,2024-02-29,learned_order_offset,20260912,0.4721761686206615,0.4721761686206615,0,0
monthly_state_ungated,3178,2024-03-01,2024-03-11,0.0021394031715169,2024,2024-02-29,learned_order_offset,20260912,0.4671863792327489,0.4671863792327489,0,1
monthly_state_ungated,3183,2024-03-08,2024-03-18,0.0087762342284414,2024,2024-02-29,learned_order_offset,20260912,0.4682690873666851,0.4682690873666851,0,1
monthly_state_ungated,3188,2024-03-15,2024-03-25,-0.0112802133595746,2024,2024-02-29,learned_order_offset,20260912,0.410883959095752,0.410883959095752,0,0
monthly_state_ungated,3193,2024-03-22,2024-04-01,0.0042044725182444,2024,2024-02-29,learned_order_offset,20260912,0.4736922823747903,0.4736922823747903,0,1
monthly_state_ungated,3198,2024-03-29,2024-04-15,-0.0219845815102011,2024,2024-02-29,learned_order_offset,20260912,0.4721761686206615,0.4721761686206615,0,0
monthly_state_validated,3206,2024-04-12,2024-04-22,0.018045199366633,2024,2024-03-31,learned_market,20260910,0.40607560893230144,0.40607560893230144,0,1
monthly_state_validated,3211,2024-04-19,2024-04-29,0.0136757744232476,2024,2024-03-31,learned_market,20260910,0.3892776100417879,0.3892776100417879,0,1
monthly_state_validated,3216,2024-04-26,2024-05-13,0.0172434956786644,2024,2024-03-31,learned_market,20260910,0.3282744753478747,0.3282744753478747,0,1
monthly_state_ungated,3206,2024-04-12,2024-04-22,0.018045199366633,2024,2024-03-31,learned_market,20260910,0.40471920935297784,0.40471920935297784,0,1
monthly_state_ungated,3211,2024-04-19,2024-04-29,0.0136757744232476,2024,2024-03-31,learned_market,20260910,0.38794067033664487,0.38794067033664487,0,1
monthly_state_ungated,3216,2024-04-26,2024-05-13,0.0172434956786644,2024,2024-03-31,learned_market,20260910,0.32703485538702215,0.32703485538702215,0,1
monthly_state_validated,3206,2024-04-12,2024-04-22,0.018045199366633,2024,2024-03-31,learned_market,20260911,0.4010137779932345,0.4010137779932345,0,1
monthly_state_validated,3211,2024-04-19,2024-04-29,0.0136757744232476,2024,2024-03-31,learned_market,20260911,0.6881239388416772,0.6881239388416772,1,1
monthly_state_validated,3216,2024-04-26,2024-05-13,0.0172434956786644,2024,2024-03-31,learned_market,20260911,0.7017626392504613,0.7017626392504613,1,1
monthly_state_ungated,3206,2024-04-12,2024-04-22,0.018045199366633,2024,2024-03-31,learned_market,20260911,0.3978016474951871,0.3978016474951871,0,1
monthly_state_ungated,3211,2024-04-19,2024-04-29,0.0136757744232476,2024,2024-03-31,learned_market,20260911,0.6852429842768001,0.6852429842768001,1,1
monthly_state_ungated,3216,2024-04-26,2024-05-13,0.0172434956786644,2024,2024-03-31,learned_market,20260911,0.6989525538788174,0.6989525538788174,1,1
monthly_state_validated,3206,2024-04-12,2024-04-22,0.018045199366633,2024,2024-03-31,learned_market,20260912,0.5884547036684491,0.5884547036684491,1,1
monthly_state_validated,3211,2024-04-19,2024-04-29,0.0136757744232476,2024,2024-03-31,learned_market,20260912,0.6010925671138769,0.6010925671138769,1,1
monthly_state_validated,3216,2024-04-26,2024-05-13,0.0172434956786644,2024,2024-03-31,learned_market,20260912,0.44046614548943686,0.44046614548943686,0,1
monthly_state_ungated,3206,2024-04-12,2024-04-22,0.018045199366633,2024,2024-03-31,learned_market,20260912,0.5897756645757769,0.5897756645757769,1,1
monthly_state_ungated,3211,2024-04-19,2024-04-29,0.0136757744232476,2024,2024-03-31,learned_market,20260912,0.6024003716337166,0.6024003716337166,1,1
monthly_state_ungated,3216,2024-04-26,2024-05-13,0.0172434956786644,2024,2024-03-31,learned_market,20260912,0.4418115376594799,0.4418115376594799,0,1
monthly_state_validated,3206,2024-04-12,2024-04-22,0.018045199366633,2024,2024-03-31,learned_vol_interaction,20260910,0.3996858180028398,0.3996858180028398,0,1
monthly_state_validated,3211,2024-04-19,2024-04-29,0.0136757744232476,2024,2024-03-31,learned_vol_interaction,20260910,0.37319633634071175,0.37319633634071175,0,1
monthly_state_validated,3216,2024-04-26,2024-05-13,0.0172434956786644,2024,2024-03-31,learned_vol_interaction,20260910,0.3146645175119406,0.3146645175119406,0,1
monthly_state_ungated,3206,2024-04-12,2024-04-22,0.018045199366633,2024,2024-03-31,learned_vol_interaction,20260910,0.3986882022357075,0.3986882022357075,0,1
monthly_state_ungated,3211,2024-04-19,2024-04-29,0.0136757744232476,2024,2024-03-31,learned_vol_interaction,20260910,0.372223842116829,0.372223842116829,0,1
monthly_state_ungated,3216,2024-04-26,2024-05-13,0.0172434956786644,2024,2024-03-31,learned_vol_interaction,20260910,0.31376819675074913,0.31376819675074913,0,1
monthly_state_validated,3206,2024-04-12,2024-04-22,0.018045199366633,2024,2024-03-31,learned_vol_interaction,20260911,0.4005671244257861,0.4005671244257861,0,1
monthly_state_validated,3211,2024-04-19,2024-04-29,0.0136757744232476,2024,2024-03-31,learned_vol_interaction,20260911,0.6887193746097363,0.6887193746097363,1,1
monthly_state_validated,3216,2024-04-26,2024-05-13,0.0172434956786644,2024,2024-03-31,learned_vol_interaction,20260911,0.7022970676469774,0.7022970676469774,1,1
monthly_state_ungated,3206,2024-04-12,2024-04-22,0.018045199366633,2024,2024-03-31,learned_vol_interaction,20260911,0.39789505259489616,0.39789505259489616,0,1
monthly_state_ungated,3211,2024-04-19,2024-04-29,0.0136757744232476,2024,2024-03-31,learned_vol_interaction,20260911,0.6863259401716751,0.6863259401716751,1,1
monthly_state_ungated,3216,2024-04-26,2024-05-13,0.0172434956786644,2024,2024-03-31,learned_vol_interaction,20260911,0.6999625511384415,0.6999625511384415,1,1
monthly_state_validated,3206,2024-04-12,2024-04-22,0.018045199366633,2024,2024-03-31,learned_vol_interaction,20260912,0.6033137229015121,0.6033137229015121,1,1
monthly_state_validated,3211,2024-04-19,2024-04-29,0.0136757744232476,2024,2024-03-31,learned_vol_interaction,20260912,0.6013392386798665,0.6013392386798665,1,1
monthly_state_validated,3216,2024-04-26,2024-05-13,0.0172434956786644,2024,2024-03-31,learned_vol_interaction,20260912,0.43642493305163865,0.43642493305163865,0,1
monthly_state_ungated,3206,2024-04-12,2024-04-22,0.018045199366633,2024,2024-03-31,learned_vol_interaction,20260912,0.6048502428702556,0.6048502428702556,1,1
monthly_state_ungated,3211,2024-04-19,2024-04-29,0.0136757744232476,2024,2024-03-31,learned_vol_interaction,20260912,0.6028783724555558,0.6028783724555558,1,1
monthly_state_ungated,3216,2024-04-26,2024-05-13,0.0172434956786644,2024,2024-03-31,learned_vol_interaction,20260912,0.4380057250573224,0.4380057250573224,0,1
monthly_state_validated,3206,2024-04-12,2024-04-22,0.018045199366633,2024,2024-03-31,learned_order_extension,20260910,0.3886483454535768,0.3886483454535768,0,1
monthly_state_validated,3211,2024-04-19,2024-04-29,0.0136757744232476,2024,2024-03-31,learned_order_extension,20260910,0.3831378513745901,0.3831378513745901,0,1
monthly_state_validated,3216,2024-04-26,2024-05-13,0.0172434956786644,2024,2024-03-31,learned_order_extension,20260910,0.37424697076859526,0.37424697076859526,0,1
monthly_state_ungated,3206,2024-04-12,2024-04-22,0.018045199366633,2024,2024-03-31,learned_order_extension,20260910,0.38749361246500663,0.38749361246500663,0,1
monthly_state_ungated,3211,2024-04-19,2024-04-29,0.0136757744232476,2024,2024-03-31,learned_order_extension,20260910,0.3819892609036303,0.3819892609036303,0,1
monthly_state_ungated,3216,2024-04-26,2024-05-13,0.0172434956786644,2024,2024-03-31,learned_order_extension,20260910,0.3731089124515168,0.3731089124515168,0,1
monthly_state_validated,3206,2024-04-12,2024-04-22,0.018045199366633,2024,2024-03-31,learned_order_extension,20260911,0.3866844940005672,0.3866844940005672,0,1
monthly_state_validated,3211,2024-04-19,2024-04-29,0.0136757744232476,2024,2024-03-31,learned_order_extension,20260911,0.5343459488053159,0.5343459488053159,1,1
monthly_state_validated,3216,2024-04-26,2024-05-13,0.0172434956786644,2024,2024-03-31,learned_order_extension,20260911,0.513240014593565,0.513240014593565,1,1
monthly_state_ungated,3206,2024-04-12,2024-04-22,0.018045199366633,2024,2024-03-31,learned_order_extension,20260911,0.38406271535926834,0.38406271535926834,0,1
monthly_state_ungated,3211,2024-04-19,2024-04-29,0.0136757744232476,2024,2024-03-31,learned_order_extension,20260911,0.5315907639619691,0.5315907639619691,1,1
monthly_state_ungated,3216,2024-04-26,2024-05-13,0.0172434956786644,2024,2024-03-31,learned_order_extension,20260911,0.510474354987113,0.510474354987113,1,1
monthly_state_validated,3206,2024-04-12,2024-04-22,0.018045199366633,2024,2024-03-31,learned_order_extension,20260912,0.4521631675666491,0.4521631675666491,0,1
monthly_state_validated,3211,2024-04-19,2024-04-29,0.0136757744232476,2024,2024-03-31,learned_order_extension,20260912,0.46878386183965415,0.46878386183965415,0,1
monthly_state_validated,3216,2024-04-26,2024-05-13,0.0172434956786644,2024,2024-03-31,learned_order_extension,20260912,0.43436499150897173,0.43436499150897173,0,1
monthly_state_ungated,3206,2024-04-12,2024-04-22,0.018045199366633,2024,2024-03-31,learned_order_extension,20260912,0.4526476153427465,0.4526476153427465,0,1
monthly_state_ungated,3211,2024-04-19,2024-04-29,0.0136757744232476,2024,2024-03-31,learned_order_extension,20260912,0.4692708633999114,0.4692708633999114,0,1
monthly_state_ungated,3216,2024-04-26,2024-05-13,0.0172434956786644,2024,2024-03-31,learned_order_extension,20260912,0.4348455063102972,0.4348455063102972,0,1
monthly_state_validated,3206,2024-04-12,2024-04-22,0.018045199366633,2024,2024-03-31,learned_order_offset,20260910,0.38808228102297715,0.38808228102297715,0,1
monthly_state_validated,3211,2024-04-19,2024-04-29,0.0136757744232476,2024,2024-03-31,learned_order_offset,20260910,0.3836585040753394,0.3836585040753394,0,1
monthly_state_validated,3216,2024-04-26,2024-05-13,0.0172434956786644,2024,2024-03-31,learned_order_offset,20260910,0.3751323735259505,0.3751323735259505,0,1
monthly_state_ungated,3206,2024-04-12,2024-04-22,0.018045199366633,2024,2024-03-31,learned_order_offset,20260910,0.38697745200120387,0.38697745200120387,0,1
monthly_state_ungated,3211,2024-04-19,2024-04-29,0.0136757744232476,2024,2024-03-31,learned_order_offset,20260910,0.38255839555192034,0.38255839555192034,0,1
monthly_state_ungated,3216,2024-04-26,2024-05-13,0.0172434956786644,2024,2024-03-31,learned_order_offset,20260910,0.3740418761226076,0.3740418761226076,0,1
monthly_state_validated,3206,2024-04-12,2024-04-22,0.018045199366633,2024,2024-03-31,learned_order_offset,20260911,0.38475750018966987,0.38475750018966987,0,1
monthly_state_validated,3211,2024-04-19,2024-04-29,0.0136757744232476,2024,2024-03-31,learned_order_offset,20260911,0.5305043269791333,0.5305043269791333,1,1
monthly_state_validated,3216,2024-04-26,2024-05-13,0.0172434956786644,2024,2024-03-31,learned_order_offset,20260911,0.5107638404545624,0.5107638404545624,1,1
monthly_state_ungated,3206,2024-04-12,2024-04-22,0.018045199366633,2024,2024-03-31,learned_order_offset,20260911,0.38212083980049566,0.38212083980049566,0,1
monthly_state_ungated,3211,2024-04-19,2024-04-29,0.0136757744232476,2024,2024-03-31,learned_order_offset,20260911,0.5277255934962725,0.5277255934962725,1,1
monthly_state_ungated,3216,2024-04-26,2024-05-13,0.0172434956786644,2024,2024-03-31,learned_order_offset,20260911,0.5079766321589761,0.5079766321589761,1,1
monthly_state_validated,3206,2024-04-12,2024-04-22,0.018045199366633,2024,2024-03-31,learned_order_offset,20260912,0.44900290436109536,0.44900290436109536,0,1
monthly_state_validated,3211,2024-04-19,2024-04-29,0.0136757744232476,2024,2024-03-31,learned_order_offset,20260912,0.4666007685534335,0.4666007685534335,0,1
monthly_state_validated,3216,2024-04-26,2024-05-13,0.0172434956786644,2024,2024-03-31,learned_order_offset,20260912,0.4343770329705723,0.4343770329705723,0,1
monthly_state_ungated,3206,2024-04-12,2024-04-22,0.018045199366633,2024,2024-03-31,learned_order_offset,20260912,0.44929705658328956,0.44929705658328956,0,1
monthly_state_ungated,3211,2024-04-19,2024-04-29,0.0136757744232476,2024,2024-03-31,learned_order_offset,20260912,0.4668966804478378,0.4668966804478378,0,1
monthly_state_ungated,3216,2024-04-26,2024-05-13,0.0172434956786644,2024,2024-03-31,learned_order_offset,20260912,0.43466916226937313,0.43466916226937313,0,1
monthly_state_validated,3223,2024-05-10,2024-05-20,0.0097933549988344,2024,2024-04-30,learned_market,20260910,0.3990687988287244,0.3990687988287244,0,1
monthly_state_validated,3228,2024-05-17,2024-05-27,-0.0204803832637164,2024,2024-04-30,learned_market,20260910,0.3897084593157539,0.3897084593157539,0,0
monthly_state_validated,3233,2024-05-24,2024-06-03,-0.0081155643048258,2024,2024-04-30,learned_market,20260910,0.43186519496988945,0.43186519496988945,0,0
monthly_state_validated,3238,2024-05-31,2024-06-11,-0.0060267570121149,2024,2024-04-30,learned_market,20260910,0.4565336986968196,0.4565336986968196,0,0
monthly_state_ungated,3223,2024-05-10,2024-05-20,0.0097933549988344,2024,2024-04-30,learned_market,20260910,0.39772013100934056,0.39772013100934056,0,1
monthly_state_ungated,3228,2024-05-17,2024-05-27,-0.0204803832637164,2024,2024-04-30,learned_market,20260910,0.38837098087733,0.38837098087733,0,0
monthly_state_ungated,3233,2024-05-24,2024-06-03,-0.0081155643048258,2024,2024-04-30,learned_market,20260910,0.43048508981801636,0.43048508981801636,0,0
monthly_state_ungated,3238,2024-05-31,2024-06-11,-0.0060267570121149,2024,2024-04-30,learned_market,20260910,0.4551379144179547,0.4551379144179547,0,0
monthly_state_validated,3223,2024-05-10,2024-05-20,0.0097933549988344,2024,2024-04-30,learned_market,20260911,0.34643372246634235,0.34643372246634235,0,1
monthly_state_validated,3228,2024-05-17,2024-05-27,-0.0204803832637164,2024,2024-04-30,learned_market,20260911,0.4431227189539159,0.4431227189539159,0,0
monthly_state_validated,3233,2024-05-24,2024-06-03,-0.0081155643048258,2024,2024-04-30,learned_market,20260911,0.37604335071722716,0.37604335071722716,0,0
monthly_state_validated,3238,2024-05-31,2024-06-11,-0.0060267570121149,2024,2024-04-30,learned_market,20260911,0.4623695985721365,0.4623695985721365,0,0
monthly_state_ungated,3223,2024-05-10,2024-05-20,0.0097933549988344,2024,2024-04-30,learned_market,20260911,0.343408133116354,0.343408133116354,0,1
monthly_state_ungated,3228,2024-05-17,2024-05-27,-0.0204803832637164,2024,2024-04-30,learned_market,20260911,0.43982096129120807,0.43982096129120807,0,0
monthly_state_ungated,3233,2024-05-24,2024-06-03,-0.0081155643048258,2024,2024-04-30,learned_market,20260911,0.3729067127924651,0.3729067127924651,0,0
monthly_state_ungated,3238,2024-05-31,2024-06-11,-0.0060267570121149,2024,2024-04-30,learned_market,20260911,0.45904264589351973,0.45904264589351973,0,0
monthly_state_validated,3223,2024-05-10,2024-05-20,0.0097933549988344,2024,2024-04-30,learned_market,20260912,0.26259823398744064,0.26259823398744064,0,1
monthly_state_validated,3228,2024-05-17,2024-05-27,-0.0204803832637164,2024,2024-04-30,learned_market,20260912,0.25562213134474004,0.25562213134474004,0,0
monthly_state_validated,3233,2024-05-24,2024-06-03,-0.0081155643048258,2024,2024-04-30,learned_market,20260912,0.29490360620746897,0.29490360620746897,0,0
monthly_state_validated,3238,2024-05-31,2024-06-11,-0.0060267570121149,2024,2024-04-30,learned_market,20260912,0.3110520233043453,0.3110520233043453,0,0
monthly_state_ungated,3223,2024-05-10,2024-05-20,0.0097933549988344,2024,2024-04-30,learned_market,20260912,0.26365633678178124,0.26365633678178124,0,1
monthly_state_ungated,3228,2024-05-17,2024-05-27,-0.0204803832637164,2024,2024-04-30,learned_market,20260912,0.25666190867932936,0.25666190867932936,0,0
monthly_state_ungated,3233,2024-05-24,2024-06-03,-0.0081155643048258,2024,2024-04-30,learned_market,20260912,0.296039620529175,0.296039620529175,0,0
monthly_state_ungated,3238,2024-05-31,2024-06-11,-0.0060267570121149,2024,2024-04-30,learned_market,20260912,0.3122226983907367,0.3122226983907367,0,0
monthly_state_validated,3223,2024-05-10,2024-05-20,0.0097933549988344,2024,2024-04-30,learned_vol_interaction,20260910,0.37518028476500903,0.37518028476500903,0,1
monthly_state_validated,3228,2024-05-17,2024-05-27,-0.0204803832637164,2024,2024-04-30,learned_vol_interaction,20260910,0.3743945093004113,0.3743945093004113,0,0
monthly_state_validated,3233,2024-05-24,2024-06-03,-0.0081155643048258,2024,2024-04-30,learned_vol_interaction,20260910,0.41682706486348087,0.41682706486348087,0,0
monthly_state_validated,3238,2024-05-31,2024-06-11,-0.0060267570121149,2024,2024-04-30,learned_vol_interaction,20260910,0.4492331097002634,0.4492331097002634,0,0
monthly_state_ungated,3223,2024-05-10,2024-05-20,0.0097933549988344,2024,2024-04-30,learned_vol_interaction,20260910,0.374205707113861,0.374205707113861,0,1
monthly_state_ungated,3228,2024-05-17,2024-05-27,-0.0204803832637164,2024,2024-04-30,learned_vol_interaction,20260910,0.37342075291491517,0.37342075291491517,0,0
monthly_state_ungated,3233,2024-05-24,2024-06-03,-0.0081155643048258,2024,2024-04-30,learned_vol_interaction,20260910,0.4158162998834458,0.4158162998834458,0,0
monthly_state_ungated,3238,2024-05-31,2024-06-11,-0.0060267570121149,2024,2024-04-30,learned_vol_interaction,20260910,0.44820415792161394,0.44820415792161394,0,0
monthly_state_validated,3223,2024-05-10,2024-05-20,0.0097933549988344,2024,2024-04-30,learned_vol_interaction,20260911,0.3455594321474703,0.3455594321474703,0,1
monthly_state_validated,3228,2024-05-17,2024-05-27,-0.0204803832637164,2024,2024-04-30,learned_vol_interaction,20260911,0.44349832999365935,0.44349832999365935,0,0
monthly_state_validated,3233,2024-05-24,2024-06-03,-0.0081155643048258,2024,2024-04-30,learned_vol_interaction,20260911,0.37584176621168797,0.37584176621168797,0,0
monthly_state_validated,3238,2024-05-31,2024-06-11,-0.0060267570121149,2024,2024-04-30,learned_vol_interaction,20260911,0.462679170258509,0.462679170258509,0,0
monthly_state_ungated,3223,2024-05-10,2024-05-20,0.0097933549988344,2024,2024-04-30,learned_vol_interaction,20260911,0.34304430779764794,0.34304430779764794,0,1
monthly_state_ungated,3228,2024-05-17,2024-05-27,-0.0204803832637164,2024,2024-04-30,learned_vol_interaction,20260911,0.44075044681957803,0.44075044681957803,0,0
monthly_state_ungated,3233,2024-05-24,2024-06-03,-0.0081155643048258,2024,2024-04-30,learned_vol_interaction,20260911,0.37323193433551616,0.37323193433551616,0,0
monthly_state_ungated,3238,2024-05-31,2024-06-11,-0.0060267570121149,2024,2024-04-30,learned_vol_interaction,20260911,0.4599106597010075,0.4599106597010075,0,0
monthly_state_validated,3223,2024-05-10,2024-05-20,0.0097933549988344,2024,2024-04-30,learned_vol_interaction,20260912,0.26616465038111153,0.26616465038111153,0,1
monthly_state_validated,3228,2024-05-17,2024-05-27,-0.0204803832637164,2024,2024-04-30,learned_vol_interaction,20260912,0.2488786215709529,0.2488786215709529,0,0
monthly_state_validated,3233,2024-05-24,2024-06-03,-0.0081155643048258,2024,2024-04-30,learned_vol_interaction,20260912,0.28744477926146755,0.28744477926146755,0,0
monthly_state_validated,3238,2024-05-31,2024-06-11,-0.0060267570121149,2024,2024-04-30,learned_vol_interaction,20260912,0.3030632705456588,0.3030632705456588,0,0
monthly_state_ungated,3223,2024-05-10,2024-05-20,0.0097933549988344,2024,2024-04-30,learned_vol_interaction,20260912,0.2674213685907735,0.2674213685907735,0,1
monthly_state_ungated,3228,2024-05-17,2024-05-27,-0.0204803832637164,2024,2024-04-30,learned_vol_interaction,20260912,0.2500815365272157,0.2500815365272157,0,0
monthly_state_ungated,3233,2024-05-24,2024-06-03,-0.0081155643048258,2024,2024-04-30,learned_vol_interaction,20260912,0.28876243633064197,0.28876243633064197,0,0
monthly_state_ungated,3238,2024-05-31,2024-06-11,-0.0060267570121149,2024,2024-04-30,learned_vol_interaction,20260912,0.304421935798982,0.304421935798982,0,0
monthly_state_validated,3223,2024-05-10,2024-05-20,0.0097933549988344,2024,2024-04-30,learned_order_extension,20260910,0.3903039016654425,0.3903039016654425,0,1
monthly_state_validated,3228,2024-05-17,2024-05-27,-0.0204803832637164,2024,2024-04-30,learned_order_extension,20260910,0.40843859964633433,0.40843859964633433,0,0
monthly_state_validated,3233,2024-05-24,2024-06-03,-0.0081155643048258,2024,2024-04-30,learned_order_extension,20260910,0.43309876347512,0.43309876347512,0,0
monthly_state_validated,3238,2024-05-31,2024-06-11,-0.0060267570121149,2024,2024-04-30,learned_order_extension,20260910,0.446586280617722,0.446586280617722,0,0
monthly_state_ungated,3223,2024-05-10,2024-05-20,0.0097933549988344,2024,2024-04-30,learned_order_extension,20260910,0.3891473808313273,0.3891473808313273,0,1
monthly_state_ungated,3228,2024-05-17,2024-05-27,-0.0204803832637164,2024,2024-04-30,learned_order_extension,20260910,0.40726423751835034,0.40726423751835034,0,0
monthly_state_ungated,3233,2024-05-24,2024-06-03,-0.0081155643048258,2024,2024-04-30,learned_order_extension,20260910,0.4319052650899073,0.4319052650899073,0,0
monthly_state_ungated,3238,2024-05-31,2024-06-11,-0.0060267570121149,2024,2024-04-30,learned_order_extension,20260910,0.4453848152389104,0.4453848152389104,0,0
monthly_state_validated,3223,2024-05-10,2024-05-20,0.0097933549988344,2024,2024-04-30,learned_order_extension,20260911,0.3965400007837658,0.3965400007837658,0,1
monthly_state_validated,3228,2024-05-17,2024-05-27,-0.0204803832637164,2024,2024-04-30,learned_order_extension,20260911,0.45967482999568354,0.45967482999568354,0,0
monthly_state_validated,3233,2024-05-24,2024-06-03,-0.0081155643048258,2024,2024-04-30,learned_order_extension,20260911,0.4103835614322711,0.4103835614322711,0,0
monthly_state_validated,3238,2024-05-31,2024-06-11,-0.0060267570121149,2024,2024-04-30,learned_order_extension,20260911,0.483584132532498,0.483584132532498,0,0
monthly_state_ungated,3223,2024-05-10,2024-05-20,0.0097933549988344,2024,2024-04-30,learned_order_extension,20260911,0.39389431581596135,0.39389431581596135,0,1
monthly_state_ungated,3228,2024-05-17,2024-05-27,-0.0204803832637164,2024,2024-04-30,learned_order_extension,20260911,0.4569268610759868,0.4569268610759868,0,0
monthly_state_ungated,3233,2024-05-24,2024-06-03,-0.0081155643048258,2024,2024-04-30,learned_order_extension,20260911,0.4077079154275088,0.4077079154275088,0,0
monthly_state_ungated,3238,2024-05-31,2024-06-11,-0.0060267570121149,2024,2024-04-30,learned_order_extension,20260911,0.4808204228992868,0.4808204228992868,0,0
monthly_state_validated,3223,2024-05-10,2024-05-20,0.0097933549988344,2024,2024-04-30,learned_order_extension,20260912,0.38174358105162726,0.38174358105162726,0,1
monthly_state_validated,3228,2024-05-17,2024-05-27,-0.0204803832637164,2024,2024-04-30,learned_order_extension,20260912,0.35464216087181455,0.35464216087181455,0,0
monthly_state_validated,3233,2024-05-24,2024-06-03,-0.0081155643048258,2024,2024-04-30,learned_order_extension,20260912,0.3707564745857874,0.3707564745857874,0,0
monthly_state_validated,3238,2024-05-31,2024-06-11,-0.0060267570121149,2024,2024-04-30,learned_order_extension,20260912,0.3486366599267159,0.3486366599267159,0,0
monthly_state_ungated,3223,2024-05-10,2024-05-20,0.0097933549988344,2024,2024-04-30,learned_order_extension,20260912,0.3822052181986972,0.3822052181986972,0,1
monthly_state_ungated,3228,2024-05-17,2024-05-27,-0.0204803832637164,2024,2024-04-30,learned_order_extension,20260912,0.3550898477318734,0.3550898477318734,0,0
monthly_state_ungated,3233,2024-05-24,2024-06-03,-0.0081155643048258,2024,2024-04-30,learned_order_extension,20260912,0.37121280267644524,0.37121280267644524,0,0
monthly_state_ungated,3238,2024-05-31,2024-06-11,-0.0060267570121149,2024,2024-04-30,learned_order_extension,20260912,0.34908086637578256,0.34908086637578256,0,0
monthly_state_validated,3223,2024-05-10,2024-05-20,0.0097933549988344,2024,2024-04-30,learned_order_offset,20260910,0.39075291038896165,0.39075291038896165,0,1
monthly_state_validated,3228,2024-05-17,2024-05-27,-0.0204803832637164,2024,2024-04-30,learned_order_offset,20260910,0.4087832887536437,0.4087832887536437,0,0
monthly_state_validated,3233,2024-05-24,2024-06-03,-0.0081155643048258,2024,2024-04-30,learned_order_offset,20260910,0.4331137649724263,0.4331137649724263,0,0
monthly_state_validated,3238,2024-05-31,2024-06-11,-0.0060267570121149,2024,2024-04-30,learned_order_offset,20260910,0.44619955765953745,0.44619955765953745,0,0
monthly_state_ungated,3223,2024-05-10,2024-05-20,0.0097933549988344,2024,2024-04-30,learned_order_offset,20260910,0.3896453196615399,0.3896453196615399,0,1
monthly_state_ungated,3228,2024-05-17,2024-05-27,-0.0204803832637164,2024,2024-04-30,learned_order_offset,20260910,0.4076587876296016,0.4076587876296016,0,0
monthly_state_ungated,3233,2024-05-24,2024-06-03,-0.0081155643048258,2024,2024-04-30,learned_order_offset,20260910,0.43197123625436157,0.43197123625436157,0,0
monthly_state_ungated,3238,2024-05-31,2024-06-11,-0.0060267570121149,2024,2024-04-30,learned_order_offset,20260910,0.4450496099115427,0.4450496099115427,0,0
monthly_state_validated,3223,2024-05-10,2024-05-20,0.0097933549988344,2024,2024-04-30,learned_order_offset,20260911,0.3967922716976589,0.3967922716976589,0,1
monthly_state_validated,3228,2024-05-17,2024-05-27,-0.0204803832637164,2024,2024-04-30,learned_order_offset,20260911,0.459025127987619,0.459025127987619,0,0
monthly_state_validated,3233,2024-05-24,2024-06-03,-0.0081155643048258,2024,2024-04-30,learned_order_offset,20260911,0.40953378651570865,0.40953378651570865,0,0
monthly_state_validated,3238,2024-05-31,2024-06-11,-0.0060267570121149,2024,2024-04-30,learned_order_offset,20260911,0.48223477976059065,0.48223477976059065,0,0
monthly_state_ungated,3223,2024-05-10,2024-05-20,0.0097933549988344,2024,2024-04-30,learned_order_offset,20260911,0.39412597119725523,0.39412597119725523,0,1
monthly_state_ungated,3228,2024-05-17,2024-05-27,-0.0204803832637164,2024,2024-04-30,learned_order_offset,20260911,0.4562569517858297,0.4562569517858297,0,0
monthly_state_ungated,3233,2024-05-24,2024-06-03,-0.0081155643048258,2024,2024-04-30,learned_order_offset,20260911,0.4068396138296627,0.4068396138296627,0,0
monthly_state_ungated,3238,2024-05-31,2024-06-11,-0.0060267570121149,2024,2024-04-30,learned_order_offset,20260911,0.47945068533218077,0.47945068533218077,0,0
monthly_state_validated,3223,2024-05-10,2024-05-20,0.0097933549988344,2024,2024-04-30,learned_order_offset,20260912,0.3824496760888333,0.3824496760888333,0,1
monthly_state_validated,3228,2024-05-17,2024-05-27,-0.0204803832637164,2024,2024-04-30,learned_order_offset,20260912,0.35711137240492025,0.35711137240492025,0,0
monthly_state_validated,3233,2024-05-24,2024-06-03,-0.0081155643048258,2024,2024-04-30,learned_order_offset,20260912,0.3737645520851825,0.3737645520851825,0,0
monthly_state_validated,3238,2024-05-31,2024-06-11,-0.0060267570121149,2024,2024-04-30,learned_order_offset,20260912,0.3510285369082652,0.3510285369082652,0,0
monthly_state_ungated,3223,2024-05-10,2024-05-20,0.0097933549988344,2024,2024-04-30,learned_order_offset,20260912,0.3827305133262568,0.3827305133262568,0,1
monthly_state_ungated,3228,2024-05-17,2024-05-27,-0.0204803832637164,2024,2024-04-30,learned_order_offset,20260912,0.3573843710868201,0.3573843710868201,0,0
monthly_state_ungated,3233,2024-05-24,2024-06-03,-0.0081155643048258,2024,2024-04-30,learned_order_offset,20260912,0.3740428745639241,0.3740428745639241,0,0
monthly_state_ungated,3238,2024-05-31,2024-06-11,-0.0060267570121149,2024,2024-04-30,learned_order_offset,20260912,0.35129942648306484,0.35129942648306484,0,0
monthly_state_validated,3243,2024-06-07,2024-06-17,-0.0096686558937179,2024,2024-05-31,learned_market,20260910,0.615175369691823,0.615175369691823,1,0
monthly_state_validated,3247,2024-06-14,2024-06-24,-0.013573992457631,2024,2024-05-31,learned_market,20260910,0.6713582427300896,0.6713582427300896,1,0
monthly_state_validated,3252,2024-06-21,2024-07-01,-0.004427632109257,2024,2024-05-31,learned_market,20260910,0.4416184455773017,0.4416184455773017,0,0
monthly_state_validated,3257,2024-06-28,2024-07-08,-0.0108320369203009,2024,2024-05-31,learned_market,20260910,0.5341806270801527,0.5341806270801527,1,0
monthly_state_ungated,3243,2024-06-07,2024-06-17,-0.0096686558937179,2024,2024-05-31,learned_market,20260910,0.615175369691823,0.615175369691823,1,0
monthly_state_ungated,3247,2024-06-14,2024-06-24,-0.013573992457631,2024,2024-05-31,learned_market,20260910,0.6261947075378399,0.6261947075378399,1,0
monthly_state_ungated,3252,2024-06-21,2024-07-01,-0.004427632109257,2024,2024-05-31,learned_market,20260910,0.3934090979304604,0.3934090979304604,0,0
monthly_state_ungated,3257,2024-06-28,2024-07-08,-0.0108320369203009,2024,2024-05-31,learned_market,20260910,0.4846367817964244,0.4846367817964244,0,0
monthly_state_validated,3243,2024-06-07,2024-06-17,-0.0096686558937179,2024,2024-05-31,learned_market,20260911,0.45975417595533286,0.45975417595533286,0,0
monthly_state_validated,3247,2024-06-14,2024-06-24,-0.013573992457631,2024,2024-05-31,learned_market,20260911,0.547653314525006,0.547653314525006,1,0
monthly_state_validated,3252,2024-06-21,2024-07-01,-0.004427632109257,2024,2024-05-31,learned_market,20260911,0.47189161681005365,0.47189161681005365,0,0
monthly_state_validated,3257,2024-06-28,2024-07-08,-0.0108320369203009,2024,2024-05-31,learned_market,20260911,0.5123469688343429,0.5123469688343429,1,0
monthly_state_ungated,3243,2024-06-07,2024-06-17,-0.0096686558937179,2024,2024-05-31,learned_market,20260911,0.45975417595533286,0.45975417595533286,0,0
monthly_state_ungated,3247,2024-06-14,2024-06-24,-0.013573992457631,2024,2024-05-31,learned_market,20260911,0.4961318443943315,0.4961318443943315,0,0
monthly_state_ungated,3252,2024-06-21,2024-07-01,-0.004427632109257,2024,2024-05-31,learned_market,20260911,0.4208661706202958,0.4208661706202958,0,0
monthly_state_ungated,3257,2024-06-28,2024-07-08,-0.0108320369203009,2024,2024-05-31,learned_market,20260911,0.46076369398281214,0.46076369398281214,0,0
monthly_state_validated,3243,2024-06-07,2024-06-17,-0.0096686558937179,2024,2024-05-31,learned_market,20260912,0.3916089034208243,0.3916089034208243,0,0
monthly_state_validated,3247,2024-06-14,2024-06-24,-0.013573992457631,2024,2024-05-31,learned_market,20260912,0.4060511684917983,0.4060511684917983,0,0
monthly_state_validated,3252,2024-06-21,2024-07-01,-0.004427632109257,2024,2024-05-31,learned_market,20260912,0.44936005072663476,0.44936005072663476,0,0
monthly_state_validated,3257,2024-06-28,2024-07-08,-0.0108320369203009,2024,2024-05-31,learned_market,20260912,0.43297494254632307,0.43297494254632307,0,0
monthly_state_ungated,3243,2024-06-07,2024-06-17,-0.0096686558937179,2024,2024-05-31,learned_market,20260912,0.3916089034208243,0.3916089034208243,0,0
monthly_state_ungated,3247,2024-06-14,2024-06-24,-0.013573992457631,2024,2024-05-31,learned_market,20260912,0.36810316022153533,0.36810316022153533,0,0
monthly_state_ungated,3252,2024-06-21,2024-07-01,-0.004427632109257,2024,2024-05-31,learned_market,20260912,0.41015960451418454,0.41015960451418454,0,0
monthly_state_ungated,3257,2024-06-28,2024-07-08,-0.0108320369203009,2024,2024-05-31,learned_market,20260912,0.3941806398797687,0.3941806398797687,0,0
monthly_state_validated,3243,2024-06-07,2024-06-17,-0.0096686558937179,2024,2024-05-31,learned_vol_interaction,20260910,0.6516997709829666,0.6516997709829666,1,0
monthly_state_validated,3247,2024-06-14,2024-06-24,-0.013573992457631,2024,2024-05-31,learned_vol_interaction,20260910,0.728816996452314,0.728816996452314,1,0
monthly_state_validated,3252,2024-06-21,2024-07-01,-0.004427632109257,2024,2024-05-31,learned_vol_interaction,20260910,0.45786386069259544,0.45786386069259544,0,0
monthly_state_validated,3257,2024-06-28,2024-07-08,-0.0108320369203009,2024,2024-05-31,learned_vol_interaction,20260910,0.5781155623946855,0.5781155623946855,1,0
monthly_state_ungated,3243,2024-06-07,2024-06-17,-0.0096686558937179,2024,2024-05-31,learned_vol_interaction,20260910,0.6516997709829666,0.6516997709829666,1,0
monthly_state_ungated,3247,2024-06-14,2024-06-24,-0.013573992457631,2024,2024-05-31,learned_vol_interaction,20260910,0.6871958185090739,0.6871958185090739,1,0
monthly_state_ungated,3252,2024-06-21,2024-07-01,-0.004427632109257,2024,2024-05-31,learned_vol_interaction,20260910,0.40841244607347893,0.40841244607347893,0,0
monthly_state_ungated,3257,2024-06-28,2024-07-08,-0.0108320369203009,2024,2024-05-31,learned_vol_interaction,20260910,0.528333483026384,0.528333483026384,1,0
monthly_state_validated,3243,2024-06-07,2024-06-17,-0.0096686558937179,2024,2024-05-31,learned_vol_interaction,20260911,0.4599715795342789,0.4599715795342789,0,0
monthly_state_validated,3247,2024-06-14,2024-06-24,-0.013573992457631,2024,2024-05-31,learned_vol_interaction,20260911,0.5487064397258339,0.5487064397258339,1,0
monthly_state_validated,3252,2024-06-21,2024-07-01,-0.004427632109257,2024,2024-05-31,learned_vol_interaction,20260911,0.4727875387503036,0.4727875387503036,0,0
monthly_state_validated,3257,2024-06-28,2024-07-08,-0.0108320369203009,2024,2024-05-31,learned_vol_interaction,20260911,0.5132044653177142,0.5132044653177142,1,0
monthly_state_ungated,3243,2024-06-07,2024-06-17,-0.0096686558937179,2024,2024-05-31,learned_vol_interaction,20260911,0.4599715795342789,0.4599715795342789,0,0
monthly_state_ungated,3247,2024-06-14,2024-06-24,-0.013573992457631,2024,2024-05-31,learned_vol_interaction,20260911,0.4940945542005862,0.4940945542005862,0,0
monthly_state_ungated,3252,2024-06-21,2024-07-01,-0.004427632109257,2024,2024-05-31,learned_vol_interaction,20260911,0.41872102104201947,0.41872102104201947,0,0
monthly_state_ungated,3257,2024-06-28,2024-07-08,-0.0108320369203009,2024,2024-05-31,learned_vol_interaction,20260911,0.4585358752445029,0.4585358752445029,0,0
monthly_state_validated,3243,2024-06-07,2024-06-17,-0.0096686558937179,2024,2024-05-31,learned_vol_interaction,20260912,0.38291053832614097,0.38291053832614097,0,0
monthly_state_validated,3247,2024-06-14,2024-06-24,-0.013573992457631,2024,2024-05-31,learned_vol_interaction,20260912,0.397914021804278,0.397914021804278,0,0
monthly_state_validated,3252,2024-06-21,2024-07-01,-0.004427632109257,2024,2024-05-31,learned_vol_interaction,20260912,0.45060839168891526,0.45060839168891526,0,0
monthly_state_validated,3257,2024-06-28,2024-07-08,-0.0108320369203009,2024,2024-05-31,learned_vol_interaction,20260912,0.42556707786565773,0.42556707786565773,0,0
monthly_state_ungated,3243,2024-06-07,2024-06-17,-0.0096686558937179,2024,2024-05-31,learned_vol_interaction,20260912,0.38291053832614097,0.38291053832614097,0,0
monthly_state_ungated,3247,2024-06-14,2024-06-24,-0.013573992457631,2024,2024-05-31,learned_vol_interaction,20260912,0.36116622567882356,0.36116622567882356,0,0
monthly_state_ungated,3252,2024-06-21,2024-07-01,-0.004427632109257,2024,2024-05-31,learned_vol_interaction,20260912,0.4123268602735532,0.4123268602735532,0,0
monthly_state_ungated,3257,2024-06-28,2024-07-08,-0.0108320369203009,2024,2024-05-31,learned_vol_interaction,20260912,0.38791084283329536,0.38791084283329536,0,0
monthly_state_validated,3243,2024-06-07,2024-06-17,-0.0096686558937179,2024,2024-05-31,learned_order_extension,20260910,0.6315337681305133,0.6315337681305133,1,0
monthly_state_validated,3247,2024-06-14,2024-06-24,-0.013573992457631,2024,2024-05-31,learned_order_extension,20260910,0.7178883635744532,0.7178883635744532,1,0
monthly_state_validated,3252,2024-06-21,2024-07-01,-0.004427632109257,2024,2024-05-31,learned_order_extension,20260910,0.4529899421679954,0.4529899421679954,0,0
monthly_state_validated,3257,2024-06-28,2024-07-08,-0.0108320369203009,2024,2024-05-31,learned_order_extension,20260910,0.5695267559005048,0.5695267559005048,1,0
monthly_state_ungated,3243,2024-06-07,2024-06-17,-0.0096686558937179,2024,2024-05-31,learned_order_extension,20260910,0.6315337681305133,0.6315337681305133,1,0
monthly_state_ungated,3247,2024-06-14,2024-06-24,-0.013573992457631,2024,2024-05-31,learned_order_extension,20260910,0.6745320370915936,0.6745320370915936,1,0
monthly_state_ungated,3252,2024-06-21,2024-07-01,-0.004427632109257,2024,2024-05-31,learned_order_extension,20260910,0.4027900337961483,0.4027900337961483,0,0
monthly_state_ungated,3257,2024-06-28,2024-07-08,-0.0108320369203009,2024,2024-05-31,learned_order_extension,20260910,0.5186574640507237,0.5186574640507237,1,0
monthly_state_validated,3243,2024-06-07,2024-06-17,-0.0096686558937179,2024,2024-05-31,learned_order_extension,20260911,0.4597864660462069,0.4597864660462069,0,0
monthly_state_validated,3247,2024-06-14,2024-06-24,-0.013573992457631,2024,2024-05-31,learned_order_extension,20260911,0.5515041025200125,0.5515041025200125,1,0
monthly_state_validated,3252,2024-06-21,2024-07-01,-0.004427632109257,2024,2024-05-31,learned_order_extension,20260911,0.4894889896317385,0.4894889896317385,0,0
monthly_state_validated,3257,2024-06-28,2024-07-08,-0.0108320369203009,2024,2024-05-31,learned_order_extension,20260911,0.5121801875037945,0.5121801875037945,1,0
monthly_state_ungated,3243,2024-06-07,2024-06-17,-0.0096686558937179,2024,2024-05-31,learned_order_extension,20260911,0.4597864660462069,0.4597864660462069,0,0
monthly_state_ungated,3247,2024-06-14,2024-06-24,-0.013573992457631,2024,2024-05-31,learned_order_extension,20260911,0.49694071964783104,0.49694071964783104,0,0
monthly_state_ungated,3252,2024-06-21,2024-07-01,-0.004427632109257,2024,2024-05-31,learned_order_extension,20260911,0.4351087453234303,0.4351087453234303,0,0
monthly_state_ungated,3257,2024-06-28,2024-07-08,-0.0108320369203009,2024,2024-05-31,learned_order_extension,20260911,0.45753836460121816,0.45753836460121816,0,0
monthly_state_validated,3243,2024-06-07,2024-06-17,-0.0096686558937179,2024,2024-05-31,learned_order_extension,20260912,0.41013625244852603,0.41013625244852603,0,0
monthly_state_validated,3247,2024-06-14,2024-06-24,-0.013573992457631,2024,2024-05-31,learned_order_extension,20260912,0.4129717305667233,0.4129717305667233,0,0
monthly_state_validated,3252,2024-06-21,2024-07-01,-0.004427632109257,2024,2024-05-31,learned_order_extension,20260912,0.4595021392734005,0.4595021392734005,0,0
monthly_state_validated,3257,2024-06-28,2024-07-08,-0.0108320369203009,2024,2024-05-31,learned_order_extension,20260912,0.4553896778333283,0.4553896778333283,0,0
monthly_state_ungated,3243,2024-06-07,2024-06-17,-0.0096686558937179,2024,2024-05-31,learned_order_extension,20260912,0.41013625244852603,0.41013625244852603,0,0
monthly_state_ungated,3247,2024-06-14,2024-06-24,-0.013573992457631,2024,2024-05-31,learned_order_extension,20260912,0.37392957470528143,0.37392957470528143,0,0
monthly_state_ungated,3252,2024-06-21,2024-07-01,-0.004427632109257,2024,2024-05-31,learned_order_extension,20260912,0.41920236083401025,0.41920236083401025,0,0
monthly_state_ungated,3257,2024-06-28,2024-07-08,-0.0108320369203009,2024,2024-05-31,learned_order_extension,20260912,0.41517352867801316,0.41517352867801316,0,0
monthly_state_validated,3243,2024-06-07,2024-06-17,-0.0096686558937179,2024,2024-05-31,learned_order_offset,20260910,0.6302325702091429,0.6302325702091429,1,0
monthly_state_validated,3247,2024-06-14,2024-06-24,-0.013573992457631,2024,2024-05-31,learned_order_offset,20260910,0.71648459870885,0.71648459870885,1,0
monthly_state_validated,3252,2024-06-21,2024-07-01,-0.004427632109257,2024,2024-05-31,learned_order_offset,20260910,0.4526436242684473,0.4526436242684473,0,0
monthly_state_validated,3257,2024-06-28,2024-07-08,-0.0108320369203009,2024,2024-05-31,learned_order_offset,20260910,0.5689843527024087,0.5689843527024087,1,0
monthly_state_ungated,3243,2024-06-07,2024-06-17,-0.0096686558937179,2024,2024-05-31,learned_order_offset,20260910,0.6302325702091429,0.6302325702091429,1,0
monthly_state_ungated,3247,2024-06-14,2024-06-24,-0.013573992457631,2024,2024-05-31,learned_order_offset,20260910,0.6729042256861785,0.6729042256861785,1,0
monthly_state_ungated,3252,2024-06-21,2024-07-01,-0.004427632109257,2024,2024-05-31,learned_order_offset,20260910,0.4023374107621612,0.4023374107621612,0,0
monthly_state_ungated,3257,2024-06-28,2024-07-08,-0.0108320369203009,2024,2024-05-31,learned_order_offset,20260910,0.5179842956985939,0.5179842956985939,1,0
monthly_state_validated,3243,2024-06-07,2024-06-17,-0.0096686558937179,2024,2024-05-31,learned_order_offset,20260911,0.4583615609861426,0.4583615609861426,0,0
monthly_state_validated,3247,2024-06-14,2024-06-24,-0.013573992457631,2024,2024-05-31,learned_order_offset,20260911,0.5504043507355747,0.5504043507355747,1,0
monthly_state_validated,3252,2024-06-21,2024-07-01,-0.004427632109257,2024,2024-05-31,learned_order_offset,20260911,0.48936496243955907,0.48936496243955907,0,0
monthly_state_validated,3257,2024-06-28,2024-07-08,-0.0108320369203009,2024,2024-05-31,learned_order_offset,20260911,0.51219411188397,0.51219411188397,1,0
monthly_state_ungated,3243,2024-06-07,2024-06-17,-0.0096686558937179,2024,2024-05-31,learned_order_offset,20260911,0.4583615609861426,0.4583615609861426,0,0
monthly_state_ungated,3247,2024-06-14,2024-06-24,-0.013573992457631,2024,2024-05-31,learned_order_offset,20260911,0.49585924390586894,0.49585924390586894,0,0
monthly_state_ungated,3252,2024-06-21,2024-07-01,-0.004427632109257,2024,2024-05-31,learned_order_offset,20260911,0.43501601479424973,0.43501601479424973,0,0
monthly_state_ungated,3257,2024-06-28,2024-07-08,-0.0108320369203009,2024,2024-05-31,learned_order_offset,20260911,0.4575817436347014,0.4575817436347014,0,0
monthly_state_validated,3243,2024-06-07,2024-06-17,-0.0096686558937179,2024,2024-05-31,learned_order_offset,20260912,0.4117275130552849,0.4117275130552849,0,0
monthly_state_validated,3247,2024-06-14,2024-06-24,-0.013573992457631,2024,2024-05-31,learned_order_offset,20260912,0.41450780904711865,0.41450780904711865,0,0
monthly_state_validated,3252,2024-06-21,2024-07-01,-0.004427632109257,2024,2024-05-31,learned_order_offset,20260912,0.46004587730144675,0.46004587730144675,0,0
monthly_state_validated,3257,2024-06-28,2024-07-08,-0.0108320369203009,2024,2024-05-31,learned_order_offset,20260912,0.4589655459892309,0.4589655459892309,0,0
monthly_state_ungated,3243,2024-06-07,2024-06-17,-0.0096686558937179,2024,2024-05-31,learned_order_offset,20260912,0.4117275130552849,0.4117275130552849,0,0
monthly_state_ungated,3247,2024-06-14,2024-06-24,-0.013573992457631,2024,2024-05-31,learned_order_offset,20260912,0.3748855466277955,0.3748855466277955,0,0
monthly_state_ungated,3252,2024-06-21,2024-07-01,-0.004427632109257,2024,2024-05-31,learned_order_offset,20260912,0.41918719681893435,0.41918719681893435,0,0
monthly_state_ungated,3257,2024-06-28,2024-07-08,-0.0108320369203009,2024,2024-05-31,learned_order_offset,20260912,0.4181285137114941,0.4181285137114941,0,0
monthly_state_validated,3262,2024-07-05,2024-07-15,0.0122222871842843,2024,2024-06-30,learned_market,20260910,0.5312099723736838,0.5312099723736838,1,1
monthly_state_validated,3267,2024-07-12,2024-07-22,0.0218881133018156,2024,2024-06-30,learned_market,20260910,0.4706196251419226,0.4706196251419226,0,1
monthly_state_validated,3272,2024-07-19,2024-07-29,-0.0378787022382998,2024,2024-06-30,learned_market,20260910,0.4973915575015714,0.4973915575015714,0,0
monthly_state_validated,3277,2024-07-26,2024-08-05,-0.0124134568216732,2024,2024-06-30,learned_market,20260910,0.5168087974043634,0.5168087974043634,1,0
monthly_state_ungated,3262,2024-07-05,2024-07-15,0.0122222871842843,2024,2024-06-30,learned_market,20260910,0.4873305147430974,0.4873305147430974,0,1
monthly_state_ungated,3267,2024-07-12,2024-07-22,0.0218881133018156,2024,2024-06-30,learned_market,20260910,0.4271843614099693,0.4271843614099693,0,1
monthly_state_ungated,3272,2024-07-19,2024-07-29,-0.0378787022382998,2024,2024-06-30,learned_market,20260910,0.4973915575015714,0.4973915575015714,0,0
monthly_state_ungated,3277,2024-07-26,2024-08-05,-0.0124134568216732,2024,2024-06-30,learned_market,20260910,0.47291886264881566,0.47291886264881566,0,0
monthly_state_validated,3262,2024-07-05,2024-07-15,0.0122222871842843,2024,2024-06-30,learned_market,20260911,0.45126286241747676,0.45126286241747676,0,1
monthly_state_validated,3267,2024-07-12,2024-07-22,0.0218881133018156,2024,2024-06-30,learned_market,20260911,0.5332769498693494,0.5332769498693494,1,1
monthly_state_validated,3272,2024-07-19,2024-07-29,-0.0378787022382998,2024,2024-06-30,learned_market,20260911,0.38926259240421873,0.38926259240421873,0,0
monthly_state_validated,3277,2024-07-26,2024-08-05,-0.0124134568216732,2024,2024-06-30,learned_market,20260911,0.478355530473102,0.478355530473102,0,0
monthly_state_ungated,3262,2024-07-05,2024-07-15,0.0122222871842843,2024,2024-06-30,learned_market,20260911,0.4046245795182071,0.4046245795182071,0,1
monthly_state_ungated,3267,2024-07-12,2024-07-22,0.0218881133018156,2024,2024-06-30,learned_market,20260911,0.48566439825870994,0.48566439825870994,0,1
monthly_state_ungated,3272,2024-07-19,2024-07-29,-0.0378787022382998,2024,2024-06-30,learned_market,20260911,0.38926259240421873,0.38926259240421873,0,0
monthly_state_ungated,3277,2024-07-26,2024-08-05,-0.0124134568216732,2024,2024-06-30,learned_market,20260911,0.4311170671634385,0.4311170671634385,0,0
monthly_state_validated,3262,2024-07-05,2024-07-15,0.0122222871842843,2024,2024-06-30,learned_market,20260912,0.6034793238713074,0.6034793238713074,1,1
monthly_state_validated,3267,2024-07-12,2024-07-22,0.0218881133018156,2024,2024-06-30,learned_market,20260912,0.5610794385801106,0.5610794385801106,1,1
monthly_state_validated,3272,2024-07-19,2024-07-29,-0.0378787022382998,2024,2024-06-30,learned_market,20260912,0.4616551320371918,0.4616551320371918,0,0
monthly_state_validated,3277,2024-07-26,2024-08-05,-0.0124134568216732,2024,2024-06-30,learned_market,20260912,0.6067866221715498,0.6067866221715498,1,0
monthly_state_ungated,3262,2024-07-05,2024-07-15,0.0122222871842843,2024,2024-06-30,learned_market,20260912,0.5698986081142723,0.5698986081142723,1,1
monthly_state_ungated,3267,2024-07-12,2024-07-22,0.0218881133018156,2024,2024-06-30,learned_market,20260912,0.5267239962440231,0.5267239962440231,1,1
monthly_state_ungated,3272,2024-07-19,2024-07-29,-0.0378787022382998,2024,2024-06-30,learned_market,20260912,0.4616551320371918,0.4616551320371918,0,0
monthly_state_ungated,3277,2024-07-26,2024-08-05,-0.0124134568216732,2024,2024-06-30,learned_market,20260912,0.5732879485476803,0.5732879485476803,1,0
monthly_state_validated,3262,2024-07-05,2024-07-15,0.0122222871842843,2024,2024-06-30,learned_vol_interaction,20260910,0.5756856823794781,0.5756856823794781,1,1
monthly_state_validated,3267,2024-07-12,2024-07-22,0.0218881133018156,2024,2024-06-30,learned_vol_interaction,20260910,0.4866386539421122,0.4866386539421122,0,1
monthly_state_validated,3272,2024-07-19,2024-07-29,-0.0378787022382998,2024,2024-06-30,learned_vol_interaction,20260910,0.5259531848768862,0.5259531848768862,1,0
monthly_state_validated,3277,2024-07-26,2024-08-05,-0.0124134568216732,2024,2024-06-30,learned_vol_interaction,20260910,0.5302304235904278,0.5302304235904278,1,0
monthly_state_ungated,3262,2024-07-05,2024-07-15,0.0122222871842843,2024,2024-06-30,learned_vol_interaction,20260910,0.5316257437210626,0.5316257437210626,1,1
monthly_state_ungated,3267,2024-07-12,2024-07-22,0.0218881133018156,2024,2024-06-30,learned_vol_interaction,20260910,0.44228999619486675,0.44228999619486675,0,1
monthly_state_ungated,3272,2024-07-19,2024-07-29,-0.0378787022382998,2024,2024-06-30,learned_vol_interaction,20260910,0.5259531848768862,0.5259531848768862,1,0
monthly_state_ungated,3277,2024-07-26,2024-08-05,-0.0124134568216732,2024,2024-06-30,learned_vol_interaction,20260910,0.48566745746306794,0.48566745746306794,0,0
monthly_state_validated,3262,2024-07-05,2024-07-15,0.0122222871842843,2024,2024-06-30,learned_vol_interaction,20260911,0.4522611437941403,0.4522611437941403,0,1
monthly_state_validated,3267,2024-07-12,2024-07-22,0.0218881133018156,2024,2024-06-30,learned_vol_interaction,20260911,0.534956256393257,0.534956256393257,1,1
monthly_state_validated,3272,2024-07-19,2024-07-29,-0.0378787022382998,2024,2024-06-30,learned_vol_interaction,20260911,0.39068590291730854,0.39068590291730854,0,0
monthly_state_validated,3277,2024-07-26,2024-08-05,-0.0124134568216732,2024,2024-06-30,learned_vol_interaction,20260911,0.47904891822544815,0.47904891822544815,0,0
monthly_state_ungated,3262,2024-07-05,2024-07-15,0.0122222871842843,2024,2024-06-30,learned_vol_interaction,20260911,0.4026156273571012,0.4026156273571012,0,1
monthly_state_ungated,3267,2024-07-12,2024-07-22,0.0218881133018156,2024,2024-06-30,learned_vol_interaction,20260911,0.4842586931014835,0.4842586931014835,0,1
monthly_state_ungated,3272,2024-07-19,2024-07-29,-0.0378787022382998,2024,2024-06-30,learned_vol_interaction,20260911,0.39068590291730854,0.39068590291730854,0,0
monthly_state_ungated,3277,2024-07-26,2024-08-05,-0.0124134568216732,2024,2024-06-30,learned_vol_interaction,20260911,0.4287646876684947,0.4287646876684947,0,0
monthly_state_validated,3262,2024-07-05,2024-07-15,0.0122222871842843,2024,2024-06-30,learned_vol_interaction,20260912,0.6195668960408595,0.6195668960408595,1,1
monthly_state_validated,3267,2024-07-12,2024-07-22,0.0218881133018156,2024,2024-06-30,learned_vol_interaction,20260912,0.5647279382660869,0.5647279382660869,1,1
monthly_state_validated,3272,2024-07-19,2024-07-29,-0.0378787022382998,2024,2024-06-30,learned_vol_interaction,20260912,0.45394809082926424,0.45394809082926424,0,0
monthly_state_validated,3277,2024-07-26,2024-08-05,-0.0124134568216732,2024,2024-06-30,learned_vol_interaction,20260912,0.6123160507995845,0.6123160507995845,1,0
monthly_state_ungated,3262,2024-07-05,2024-07-15,0.0122222871842843,2024,2024-06-30,learned_vol_interaction,20260912,0.5874282730310066,0.5874282730310066,1,1
monthly_state_ungated,3267,2024-07-12,2024-07-22,0.0218881133018156,2024,2024-06-30,learned_vol_interaction,20260912,0.5314600282530515,0.5314600282530515,1,1
monthly_state_ungated,3272,2024-07-19,2024-07-29,-0.0378787022382998,2024,2024-06-30,learned_vol_interaction,20260912,0.45394809082926424,0.45394809082926424,0,0
monthly_state_ungated,3277,2024-07-26,2024-08-05,-0.0124134568216732,2024,2024-06-30,learned_vol_interaction,20260912,0.5799801425098264,0.5799801425098264,1,0
monthly_state_validated,3262,2024-07-05,2024-07-15,0.0122222871842843,2024,2024-06-30,learned_order_extension,20260910,0.5846151349808663,0.5846151349808663,1,1
monthly_state_validated,3267,2024-07-12,2024-07-22,0.0218881133018156,2024,2024-06-30,learned_order_extension,20260910,0.4936385751696033,0.4936385751696033,0,1
monthly_state_validated,3272,2024-07-19,2024-07-29,-0.0378787022382998,2024,2024-06-30,learned_order_extension,20260910,0.5296682623864001,0.5296682623864001,1,0
monthly_state_validated,3277,2024-07-26,2024-08-05,-0.0124134568216732,2024,2024-06-30,learned_order_extension,20260910,0.5342552376814222,0.5342552376814222,1,0
monthly_state_ungated,3262,2024-07-05,2024-07-15,0.0122222871842843,2024,2024-06-30,learned_order_extension,20260910,0.5398331797799885,0.5398331797799885,1,1
monthly_state_ungated,3267,2024-07-12,2024-07-22,0.0218881133018156,2024,2024-06-30,learned_order_extension,20260910,0.44830433318729634,0.44830433318729634,0,1
monthly_state_ungated,3272,2024-07-19,2024-07-29,-0.0378787022382998,2024,2024-06-30,learned_order_extension,20260910,0.5168836341510606,0.5168836341510606,1,0
monthly_state_ungated,3277,2024-07-26,2024-08-05,-0.0124134568216732,2024,2024-06-30,learned_order_extension,20260910,0.4887915674351244,0.4887915674351244,0,0
monthly_state_validated,3262,2024-07-05,2024-07-15,0.0122222871842843,2024,2024-06-30,learned_order_extension,20260911,0.45115521138622566,0.45115521138622566,0,1
monthly_state_validated,3267,2024-07-12,2024-07-22,0.0218881133018156,2024,2024-06-30,learned_order_extension,20260911,0.5531026546000134,0.5531026546000134,1,1
monthly_state_validated,3272,2024-07-19,2024-07-29,-0.0378787022382998,2024,2024-06-30,learned_order_extension,20260911,0.43829998086615624,0.43829998086615624,0,0
monthly_state_validated,3277,2024-07-26,2024-08-05,-0.0124134568216732,2024,2024-06-30,learned_order_extension,20260911,0.5141057686767685,0.5141057686767685,1,0
monthly_state_ungated,3262,2024-07-05,2024-07-15,0.0122222871842843,2024,2024-06-30,learned_order_extension,20260911,0.4012879627764031,0.4012879627764031,0,1
monthly_state_ungated,3267,2024-07-12,2024-07-22,0.0218881133018156,2024,2024-06-30,learned_order_extension,20260911,0.5022793576566797,0.5022793576566797,1,1
monthly_state_ungated,3272,2024-07-19,2024-07-29,-0.0378787022382998,2024,2024-06-30,learned_order_extension,20260911,0.42056535736415324,0.42056535736415324,0,0
monthly_state_ungated,3277,2024-07-26,2024-08-05,-0.0124134568216732,2024,2024-06-30,learned_order_extension,20260911,0.4631521368562966,0.4631521368562966,0,0
monthly_state_validated,3262,2024-07-05,2024-07-15,0.0122222871842843,2024,2024-06-30,learned_order_extension,20260912,0.6482583591356186,0.6482583591356186,1,1
monthly_state_validated,3267,2024-07-12,2024-07-22,0.0218881133018156,2024,2024-06-30,learned_order_extension,20260912,0.5768939392068954,0.5768939392068954,1,1
monthly_state_validated,3272,2024-07-19,2024-07-29,-0.0378787022382998,2024,2024-06-30,learned_order_extension,20260912,0.5138214723605654,0.5138214723605654,1,0
monthly_state_validated,3277,2024-07-26,2024-08-05,-0.0124134568216732,2024,2024-06-30,learned_order_extension,20260912,0.6251892673443031,0.6251892673443031,1,0
monthly_state_ungated,3262,2024-07-05,2024-07-15,0.0122222871842843,2024,2024-06-30,learned_order_extension,20260912,0.6154114940293723,0.6154114940293723,1,1
monthly_state_ungated,3267,2024-07-12,2024-07-22,0.0218881133018156,2024,2024-06-30,learned_order_extension,20260912,0.5420902425278105,0.5420902425278105,1,1
monthly_state_ungated,3272,2024-07-19,2024-07-29,-0.0378787022382998,2024,2024-06-30,learned_order_extension,20260912,0.49998639269539896,0.49998639269539896,0,0
monthly_state_ungated,3277,2024-07-26,2024-08-05,-0.0124134568216732,2024,2024-06-30,learned_order_extension,20260912,0.5915454933528697,0.5915454933528697,1,0
monthly_state_validated,3262,2024-07-05,2024-07-15,0.0122222871842843,2024,2024-06-30,learned_order_offset,20260910,0.5842448716823806,0.5842448716823806,1,1
monthly_state_validated,3267,2024-07-12,2024-07-22,0.0218881133018156,2024,2024-06-30,learned_order_offset,20260910,0.4936392396364766,0.4936392396364766,0,1
monthly_state_validated,3272,2024-07-19,2024-07-29,-0.0378787022382998,2024,2024-06-30,learned_order_offset,20260910,0.5295267723966676,0.5295267723966676,1,0
monthly_state_validated,3277,2024-07-26,2024-08-05,-0.0124134568216732,2024,2024-06-30,learned_order_offset,20260910,0.534747071252778,0.534747071252778,1,0
monthly_state_ungated,3262,2024-07-05,2024-07-15,0.0122222871842843,2024,2024-06-30,learned_order_offset,20260910,0.5393302860936053,0.5393302860936053,1,1
monthly_state_ungated,3267,2024-07-12,2024-07-22,0.0218881133018156,2024,2024-06-30,learned_order_offset,20260910,0.44818139493917797,0.44818139493917797,0,1
monthly_state_ungated,3272,2024-07-19,2024-07-29,-0.0378787022382998,2024,2024-06-30,learned_order_offset,20260910,0.5167847220883539,0.5167847220883539,1,0
monthly_state_ungated,3277,2024-07-26,2024-08-05,-0.0124134568216732,2024,2024-06-30,learned_order_offset,20260910,0.4891606401149313,0.4891606401149313,0,0
monthly_state_validated,3262,2024-07-05,2024-07-15,0.0122222871842843,2024,2024-06-30,learned_order_offset,20260911,0.4508497655906378,0.4508497655906378,0,1
monthly_state_validated,3267,2024-07-12,2024-07-22,0.0218881133018156,2024,2024-06-30,learned_order_offset,20260911,0.5509513713756881,0.5509513713756881,1,1
monthly_state_validated,3272,2024-07-19,2024-07-29,-0.0378787022382998,2024,2024-06-30,learned_order_offset,20260911,0.4378580673825642,0.4378580673825642,0,0
monthly_state_validated,3277,2024-07-26,2024-08-05,-0.0124134568216732,2024,2024-06-30,learned_order_offset,20260911,0.5143054270726866,0.5143054270726866,1,0
monthly_state_ungated,3262,2024-07-05,2024-07-15,0.0122222871842843,2024,2024-06-30,learned_order_offset,20260911,0.4010312539914923,0.4010312539914923,0,1
monthly_state_ungated,3267,2024-07-12,2024-07-22,0.0218881133018156,2024,2024-06-30,learned_order_offset,20260911,0.500145798381807,0.500145798381807,1,1
monthly_state_ungated,3272,2024-07-19,2024-07-29,-0.0378787022382998,2024,2024-06-30,learned_order_offset,20260911,0.42012774313928397,0.42012774313928397,0,0
monthly_state_ungated,3277,2024-07-26,2024-08-05,-0.0124134568216732,2024,2024-06-30,learned_order_offset,20260911,0.4633919148543581,0.4633919148543581,0,0
monthly_state_validated,3262,2024-07-05,2024-07-15,0.0122222871842843,2024,2024-06-30,learned_order_offset,20260912,0.6488790466154806,0.6488790466154806,1,1
monthly_state_validated,3267,2024-07-12,2024-07-22,0.0218881133018156,2024,2024-06-30,learned_order_offset,20260912,0.5774913316908258,0.5774913316908258,1,1
monthly_state_validated,3272,2024-07-19,2024-07-29,-0.0378787022382998,2024,2024-06-30,learned_order_offset,20260912,0.5157601153269719,0.5157601153269719,1,0
monthly_state_validated,3277,2024-07-26,2024-08-05,-0.0124134568216732,2024,2024-06-30,learned_order_offset,20260912,0.6244882450131677,0.6244882450131677,1,0
monthly_state_ungated,3262,2024-07-05,2024-07-15,0.0122222871842843,2024,2024-06-30,learned_order_offset,20260912,0.6155103046685209,0.6155103046685209,1,1
monthly_state_ungated,3267,2024-07-12,2024-07-22,0.0218881133018156,2024,2024-06-30,learned_order_offset,20260912,0.5421255503295558,0.5421255503295558,1,1
monthly_state_ungated,3272,2024-07-19,2024-07-29,-0.0378787022382998,2024,2024-06-30,learned_order_offset,20260912,0.501815679447355,0.501815679447355,1,0
monthly_state_ungated,3277,2024-07-26,2024-08-05,-0.0124134568216732,2024,2024-06-30,learned_order_offset,20260912,0.5902652129727978,0.5902652129727978,1,0
monthly_state_validated,3282,2024-08-02,2024-08-12,-0.0102762848330364,2024,2024-07-31,learned_market,20260910,0.5103969021168359,0.5103969021168359,1,0
monthly_state_validated,3287,2024-08-09,2024-08-19,0.0050186923751938,2024,2024-07-31,learned_market,20260910,0.5738642832331972,0.5738642832331972,1,1
monthly_state_validated,3292,2024-08-16,2024-08-26,-0.0040487282687352,2024,2024-07-31,learned_market,20260910,0.3949171401752265,0.3949171401752265,0,0
monthly_state_validated,3297,2024-08-23,2024-09-02,-0.0069594562136714,2024,2024-07-31,learned_market,20260910,0.29072042976701107,0.29072042976701107,0,0
monthly_state_validated,3302,2024-08-30,2024-09-09,-0.0280389655151561,2024,2024-07-31,learned_market,20260910,0.2698525733496452,0.2698525733496452,0,0
monthly_state_ungated,3282,2024-08-02,2024-08-12,-0.0102762848330364,2024,2024-07-31,learned_market,20260910,0.46652574839942057,0.46652574839942057,0,0
monthly_state_ungated,3287,2024-08-09,2024-08-19,0.0050186923751938,2024,2024-07-31,learned_market,20260910,0.530448241078941,0.530448241078941,1,1
monthly_state_ungated,3292,2024-08-16,2024-08-26,-0.0040487282687352,2024,2024-07-31,learned_market,20260910,0.35379923160845117,0.35379923160845117,0,0
monthly_state_ungated,3297,2024-08-23,2024-09-02,-0.0069594562136714,2024,2024-07-31,learned_market,20260910,0.2558637870661782,0.2558637870661782,0,0
monthly_state_ungated,3302,2024-08-30,2024-09-09,-0.0280389655151561,2024,2024-07-31,learned_market,20260910,0.23666309818818052,0.23666309818818052,0,0
monthly_state_validated,3282,2024-08-02,2024-08-12,-0.0102762848330364,2024,2024-07-31,learned_market,20260911,0.3834188816798506,0.3834188816798506,0,0
monthly_state_validated,3287,2024-08-09,2024-08-19,0.0050186923751938,2024,2024-07-31,learned_market,20260911,0.42469973553977347,0.42469973553977347,0,1
monthly_state_validated,3292,2024-08-16,2024-08-26,-0.0040487282687352,2024,2024-07-31,learned_market,20260911,0.29687018071515625,0.29687018071515625,0,0
monthly_state_validated,3297,2024-08-23,2024-09-02,-0.0069594562136714,2024,2024-07-31,learned_market,20260911,0.34723831026140495,0.34723831026140495,0,0
monthly_state_validated,3302,2024-08-30,2024-09-09,-0.0280389655151561,2024,2024-07-31,learned_market,20260911,0.338131357699674,0.338131357699674,0,0
monthly_state_ungated,3282,2024-08-02,2024-08-12,-0.0102762848330364,2024,2024-07-31,learned_market,20260911,0.33945479040777976,0.33945479040777976,0,0
monthly_state_ungated,3287,2024-08-09,2024-08-19,0.0050186923751938,2024,2024-07-31,learned_market,20260911,0.3789110870867758,0.3789110870867758,0,1
monthly_state_ungated,3292,2024-08-16,2024-08-26,-0.0040487282687352,2024,2024-07-31,learned_market,20260911,0.2586667733046259,0.2586667733046259,0,0
monthly_state_ungated,3297,2024-08-23,2024-09-02,-0.0069594562136714,2024,2024-07-31,learned_market,20260911,0.3053681745318721,0.3053681745318721,0,0
monthly_state_ungated,3302,2024-08-30,2024-09-09,-0.0280389655151561,2024,2024-07-31,learned_market,20260911,0.2968599440426361,0.2968599440426361,0,0
monthly_state_validated,3282,2024-08-02,2024-08-12,-0.0102762848330364,2024,2024-07-31,learned_market,20260912,0.5988840805331399,0.5988840805331399,1,0
monthly_state_validated,3287,2024-08-09,2024-08-19,0.0050186923751938,2024,2024-07-31,learned_market,20260912,0.49990964765168316,0.49990964765168316,0,1
monthly_state_validated,3292,2024-08-16,2024-08-26,-0.0040487282687352,2024,2024-07-31,learned_market,20260912,0.386114932843502,0.386114932843502,0,0
monthly_state_validated,3297,2024-08-23,2024-09-02,-0.0069594562136714,2024,2024-07-31,learned_market,20260912,0.29793160550776904,0.29793160550776904,0,0
monthly_state_validated,3302,2024-08-30,2024-09-09,-0.0280389655151561,2024,2024-07-31,learned_market,20260912,0.3333966760605091,0.3333966760605091,0,0
monthly_state_ungated,3282,2024-08-02,2024-08-12,-0.0102762848330364,2024,2024-07-31,learned_market,20260912,0.565194592514518,0.565194592514518,1,0
monthly_state_ungated,3287,2024-08-09,2024-08-19,0.0050186923751938,2024,2024-07-31,learned_market,20260912,0.4653288527209273,0.4653288527209273,0,1
monthly_state_ungated,3292,2024-08-16,2024-08-26,-0.0040487282687352,2024,2024-07-31,learned_market,20260912,0.3538362430134232,0.3538362430134232,0,0
monthly_state_ungated,3297,2024-08-23,2024-09-02,-0.0069594562136714,2024,2024-07-31,learned_market,20260912,0.2697851343964678,0.2697851343964678,0,0
monthly_state_ungated,3302,2024-08-30,2024-09-09,-0.0280389655151561,2024,2024-07-31,learned_market,20260912,0.3033473840953953,0.3033473840953953,0,0
monthly_state_validated,3282,2024-08-02,2024-08-12,-0.0102762848330364,2024,2024-07-31,learned_vol_interaction,20260910,0.4769823715035661,0.4769823715035661,0,0
monthly_state_validated,3287,2024-08-09,2024-08-19,0.0050186923751938,2024,2024-07-31,learned_vol_interaction,20260910,0.5417147378221362,0.5417147378221362,1,1
monthly_state_validated,3292,2024-08-16,2024-08-26,-0.0040487282687352,2024,2024-07-31,learned_vol_interaction,20260910,0.33693364892576966,0.33693364892576966,0,0
monthly_state_validated,3297,2024-08-23,2024-09-02,-0.0069594562136714,2024,2024-07-31,learned_vol_interaction,20260910,0.22248268406871663,0.22248268406871663,0,0
monthly_state_validated,3302,2024-08-30,2024-09-09,-0.0280389655151561,2024,2024-07-31,learned_vol_interaction,20260910,0.2035385984626921,0.2035385984626921,0,0
monthly_state_ungated,3282,2024-08-02,2024-08-12,-0.0102762848330364,2024,2024-07-31,learned_vol_interaction,20260910,0.4769823715035661,0.4769823715035661,0,0
monthly_state_ungated,3287,2024-08-09,2024-08-19,0.0050186923751938,2024,2024-07-31,learned_vol_interaction,20260910,0.5417147378221362,0.5417147378221362,1,1
monthly_state_ungated,3292,2024-08-16,2024-08-26,-0.0040487282687352,2024,2024-07-31,learned_vol_interaction,20260910,0.33693364892576966,0.33693364892576966,0,0
monthly_state_ungated,3297,2024-08-23,2024-09-02,-0.0069594562136714,2024,2024-07-31,learned_vol_interaction,20260910,0.22248268406871663,0.22248268406871663,0,0
monthly_state_ungated,3302,2024-08-30,2024-09-09,-0.0280389655151561,2024,2024-07-31,learned_vol_interaction,20260910,0.2035385984626921,0.2035385984626921,0,0
monthly_state_validated,3282,2024-08-02,2024-08-12,-0.0102762848330364,2024,2024-07-31,learned_vol_interaction,20260911,0.33679063458614295,0.33679063458614295,0,0
monthly_state_validated,3287,2024-08-09,2024-08-19,0.0050186923751938,2024,2024-07-31,learned_vol_interaction,20260911,0.3755042770631494,0.3755042770631494,0,1
monthly_state_validated,3292,2024-08-16,2024-08-26,-0.0040487282687352,2024,2024-07-31,learned_vol_interaction,20260911,0.25518703876826476,0.25518703876826476,0,0
monthly_state_validated,3297,2024-08-23,2024-09-02,-0.0069594562136714,2024,2024-07-31,learned_vol_interaction,20260911,0.30161076370309925,0.30161076370309925,0,0
monthly_state_validated,3302,2024-08-30,2024-09-09,-0.0280389655151561,2024,2024-07-31,learned_vol_interaction,20260911,0.29378414729560837,0.29378414729560837,0,0
monthly_state_ungated,3282,2024-08-02,2024-08-12,-0.0102762848330364,2024,2024-07-31,learned_vol_interaction,20260911,0.33679063458614295,0.33679063458614295,0,0
monthly_state_ungated,3287,2024-08-09,2024-08-19,0.0050186923751938,2024,2024-07-31,learned_vol_interaction,20260911,0.3755042770631494,0.3755042770631494,0,1
monthly_state_ungated,3292,2024-08-16,2024-08-26,-0.0040487282687352,2024,2024-07-31,learned_vol_interaction,20260911,0.25518703876826476,0.25518703876826476,0,0
monthly_state_ungated,3297,2024-08-23,2024-09-02,-0.0069594562136714,2024,2024-07-31,learned_vol_interaction,20260911,0.30161076370309925,0.30161076370309925,0,0
monthly_state_ungated,3302,2024-08-30,2024-09-09,-0.0280389655151561,2024,2024-07-31,learned_vol_interaction,20260911,0.29378414729560837,0.29378414729560837,0,0
monthly_state_validated,3282,2024-08-02,2024-08-12,-0.0102762848330364,2024,2024-07-31,learned_vol_interaction,20260912,0.5666495943912819,0.5666495943912819,1,0
monthly_state_validated,3287,2024-08-09,2024-08-19,0.0050186923751938,2024,2024-07-31,learned_vol_interaction,20260912,0.45936711130549746,0.45936711130549746,0,1
monthly_state_validated,3292,2024-08-16,2024-08-26,-0.0040487282687352,2024,2024-07-31,learned_vol_interaction,20260912,0.34326034021554125,0.34326034021554125,0,0
monthly_state_validated,3297,2024-08-23,2024-09-02,-0.0069594562136714,2024,2024-07-31,learned_vol_interaction,20260912,0.25142624052088797,0.25142624052088797,0,0
monthly_state_validated,3302,2024-08-30,2024-09-09,-0.0280389655151561,2024,2024-07-31,learned_vol_interaction,20260912,0.27663400725175247,0.27663400725175247,0,0
monthly_state_ungated,3282,2024-08-02,2024-08-12,-0.0102762848330364,2024,2024-07-31,learned_vol_interaction,20260912,0.5666495943912819,0.5666495943912819,1,0
monthly_state_ungated,3287,2024-08-09,2024-08-19,0.0050186923751938,2024,2024-07-31,learned_vol_interaction,20260912,0.45936711130549746,0.45936711130549746,0,1
monthly_state_ungated,3292,2024-08-16,2024-08-26,-0.0040487282687352,2024,2024-07-31,learned_vol_interaction,20260912,0.34326034021554125,0.34326034021554125,0,0
monthly_state_ungated,3297,2024-08-23,2024-09-02,-0.0069594562136714,2024,2024-07-31,learned_vol_interaction,20260912,0.25142624052088797,0.25142624052088797,0,0
monthly_state_ungated,3302,2024-08-30,2024-09-09,-0.0280389655151561,2024,2024-07-31,learned_vol_interaction,20260912,0.27663400725175247,0.27663400725175247,0,0
monthly_state_validated,3282,2024-08-02,2024-08-12,-0.0102762848330364,2024,2024-07-31,learned_order_extension,20260910,0.4837554333319871,0.4837554333319871,0,0
monthly_state_validated,3287,2024-08-09,2024-08-19,0.0050186923751938,2024,2024-07-31,learned_order_extension,20260910,0.5309279124219071,0.5309279124219071,1,1
monthly_state_validated,3292,2024-08-16,2024-08-26,-0.0040487282687352,2024,2024-07-31,learned_order_extension,20260910,0.348469348576259,0.348469348576259,0,0
monthly_state_validated,3297,2024-08-23,2024-09-02,-0.0069594562136714,2024,2024-07-31,learned_order_extension,20260910,0.262185071352558,0.262185071352558,0,0
monthly_state_validated,3302,2024-08-30,2024-09-09,-0.0280389655151561,2024,2024-07-31,learned_order_extension,20260910,0.23441458896353315,0.23441458896353315,0,0
monthly_state_ungated,3282,2024-08-02,2024-08-12,-0.0102762848330364,2024,2024-07-31,learned_order_extension,20260910,0.4837554333319871,0.4837554333319871,0,0
monthly_state_ungated,3287,2024-08-09,2024-08-19,0.0050186923751938,2024,2024-07-31,learned_order_extension,20260910,0.5309279124219071,0.5309279124219071,1,1
monthly_state_ungated,3292,2024-08-16,2024-08-26,-0.0040487282687352,2024,2024-07-31,learned_order_extension,20260910,0.348469348576259,0.348469348576259,0,0
monthly_state_ungated,3297,2024-08-23,2024-09-02,-0.0069594562136714,2024,2024-07-31,learned_order_extension,20260910,0.262185071352558,0.262185071352558,0,0
monthly_state_ungated,3302,2024-08-30,2024-09-09,-0.0280389655151561,2024,2024-07-31,learned_order_extension,20260910,0.23441458896353315,0.23441458896353315,0,0
monthly_state_validated,3282,2024-08-02,2024-08-12,-0.0102762848330364,2024,2024-07-31,learned_order_extension,20260911,0.36921836746136655,0.36921836746136655,0,0
monthly_state_validated,3287,2024-08-09,2024-08-19,0.0050186923751938,2024,2024-07-31,learned_order_extension,20260911,0.41102121722975066,0.41102121722975066,0,1
monthly_state_validated,3292,2024-08-16,2024-08-26,-0.0040487282687352,2024,2024-07-31,learned_order_extension,20260911,0.30734999754188436,0.30734999754188436,0,0
monthly_state_validated,3297,2024-08-23,2024-09-02,-0.0069594562136714,2024,2024-07-31,learned_order_extension,20260911,0.33369557103799774,0.33369557103799774,0,0
monthly_state_validated,3302,2024-08-30,2024-09-09,-0.0280389655151561,2024,2024-07-31,learned_order_extension,20260911,0.33037535233138626,0.33037535233138626,0,0
monthly_state_ungated,3282,2024-08-02,2024-08-12,-0.0102762848330364,2024,2024-07-31,learned_order_extension,20260911,0.36921836746136655,0.36921836746136655,0,0
monthly_state_ungated,3287,2024-08-09,2024-08-19,0.0050186923751938,2024,2024-07-31,learned_order_extension,20260911,0.41102121722975066,0.41102121722975066,0,1
monthly_state_ungated,3292,2024-08-16,2024-08-26,-0.0040487282687352,2024,2024-07-31,learned_order_extension,20260911,0.30734999754188436,0.30734999754188436,0,0
monthly_state_ungated,3297,2024-08-23,2024-09-02,-0.0069594562136714,2024,2024-07-31,learned_order_extension,20260911,0.33369557103799774,0.33369557103799774,0,0
monthly_state_ungated,3302,2024-08-30,2024-09-09,-0.0280389655151561,2024,2024-07-31,learned_order_extension,20260911,0.33037535233138626,0.33037535233138626,0,0
monthly_state_validated,3282,2024-08-02,2024-08-12,-0.0102762848330364,2024,2024-07-31,learned_order_extension,20260912,0.5939615047204178,0.5939615047204178,1,0
monthly_state_validated,3287,2024-08-09,2024-08-19,0.0050186923751938,2024,2024-07-31,learned_order_extension,20260912,0.5007076515323622,0.5007076515323622,1,1
monthly_state_validated,3292,2024-08-16,2024-08-26,-0.0040487282687352,2024,2024-07-31,learned_order_extension,20260912,0.38614606636257087,0.38614606636257087,0,0
monthly_state_validated,3297,2024-08-23,2024-09-02,-0.0069594562136714,2024,2024-07-31,learned_order_extension,20260912,0.34993768248344737,0.34993768248344737,0,0
monthly_state_validated,3302,2024-08-30,2024-09-09,-0.0280389655151561,2024,2024-07-31,learned_order_extension,20260912,0.3686395272986238,0.3686395272986238,0,0
monthly_state_ungated,3282,2024-08-02,2024-08-12,-0.0102762848330364,2024,2024-07-31,learned_order_extension,20260912,0.5939615047204178,0.5939615047204178,1,0
monthly_state_ungated,3287,2024-08-09,2024-08-19,0.0050186923751938,2024,2024-07-31,learned_order_extension,20260912,0.5007076515323622,0.5007076515323622,1,1
monthly_state_ungated,3292,2024-08-16,2024-08-26,-0.0040487282687352,2024,2024-07-31,learned_order_extension,20260912,0.38614606636257087,0.38614606636257087,0,0
monthly_state_ungated,3297,2024-08-23,2024-09-02,-0.0069594562136714,2024,2024-07-31,learned_order_extension,20260912,0.34993768248344737,0.34993768248344737,0,0
monthly_state_ungated,3302,2024-08-30,2024-09-09,-0.0280389655151561,2024,2024-07-31,learned_order_extension,20260912,0.3686395272986238,0.3686395272986238,0,0
monthly_state_validated,3282,2024-08-02,2024-08-12,-0.0102762848330364,2024,2024-07-31,learned_order_offset,20260910,0.4836906315896497,0.4836906315896497,0,0
monthly_state_validated,3287,2024-08-09,2024-08-19,0.0050186923751938,2024,2024-07-31,learned_order_offset,20260910,0.5299663022900036,0.5299663022900036,1,1
monthly_state_validated,3292,2024-08-16,2024-08-26,-0.0040487282687352,2024,2024-07-31,learned_order_offset,20260910,0.3493125680642602,0.3493125680642602,0,0
monthly_state_validated,3297,2024-08-23,2024-09-02,-0.0069594562136714,2024,2024-07-31,learned_order_offset,20260910,0.2635074542291824,0.2635074542291824,0,0
monthly_state_validated,3302,2024-08-30,2024-09-09,-0.0280389655151561,2024,2024-07-31,learned_order_offset,20260910,0.2360508015176841,0.2360508015176841,0,0
monthly_state_ungated,3282,2024-08-02,2024-08-12,-0.0102762848330364,2024,2024-07-31,learned_order_offset,20260910,0.4836906315896497,0.4836906315896497,0,0
monthly_state_ungated,3287,2024-08-09,2024-08-19,0.0050186923751938,2024,2024-07-31,learned_order_offset,20260910,0.5299663022900036,0.5299663022900036,1,1
monthly_state_ungated,3292,2024-08-16,2024-08-26,-0.0040487282687352,2024,2024-07-31,learned_order_offset,20260910,0.3493125680642602,0.3493125680642602,0,0
monthly_state_ungated,3297,2024-08-23,2024-09-02,-0.0069594562136714,2024,2024-07-31,learned_order_offset,20260910,0.2635074542291824,0.2635074542291824,0,0
monthly_state_ungated,3302,2024-08-30,2024-09-09,-0.0280389655151561,2024,2024-07-31,learned_order_offset,20260910,0.2360508015176841,0.2360508015176841,0,0
monthly_state_validated,3282,2024-08-02,2024-08-12,-0.0102762848330364,2024,2024-07-31,learned_order_offset,20260911,0.3700922005797819,0.3700922005797819,0,0
monthly_state_validated,3287,2024-08-09,2024-08-19,0.0050186923751938,2024,2024-07-31,learned_order_offset,20260911,0.4126025203748944,0.4126025203748944,0,1
monthly_state_validated,3292,2024-08-16,2024-08-26,-0.0040487282687352,2024,2024-07-31,learned_order_offset,20260911,0.31091349446759803,0.31091349446759803,0,0
monthly_state_validated,3297,2024-08-23,2024-09-02,-0.0069594562136714,2024,2024-07-31,learned_order_offset,20260911,0.3365437944886569,0.3365437944886569,0,0
monthly_state_validated,3302,2024-08-30,2024-09-09,-0.0280389655151561,2024,2024-07-31,learned_order_offset,20260911,0.33287397250168405,0.33287397250168405,0,0
monthly_state_ungated,3282,2024-08-02,2024-08-12,-0.0102762848330364,2024,2024-07-31,learned_order_offset,20260911,0.3700922005797819,0.3700922005797819,0,0
monthly_state_ungated,3287,2024-08-09,2024-08-19,0.0050186923751938,2024,2024-07-31,learned_order_offset,20260911,0.4126025203748944,0.4126025203748944,0,1
monthly_state_ungated,3292,2024-08-16,2024-08-26,-0.0040487282687352,2024,2024-07-31,learned_order_offset,20260911,0.31091349446759803,0.31091349446759803,0,0
monthly_state_ungated,3297,2024-08-23,2024-09-02,-0.0069594562136714,2024,2024-07-31,learned_order_offset,20260911,0.3365437944886569,0.3365437944886569,0,0
monthly_state_ungated,3302,2024-08-30,2024-09-09,-0.0280389655151561,2024,2024-07-31,learned_order_offset,20260911,0.33287397250168405,0.33287397250168405,0,0
monthly_state_validated,3282,2024-08-02,2024-08-12,-0.0102762848330364,2024,2024-07-31,learned_order_offset,20260912,0.5929263469581462,0.5929263469581462,1,0
monthly_state_validated,3287,2024-08-09,2024-08-19,0.0050186923751938,2024,2024-07-31,learned_order_offset,20260912,0.5019323697504732,0.5019323697504732,1,1
monthly_state_validated,3292,2024-08-16,2024-08-26,-0.0040487282687352,2024,2024-07-31,learned_order_offset,20260912,0.38820018656374455,0.38820018656374455,0,0
monthly_state_validated,3297,2024-08-23,2024-09-02,-0.0069594562136714,2024,2024-07-31,learned_order_offset,20260912,0.3529265703554308,0.3529265703554308,0,0
monthly_state_validated,3302,2024-08-30,2024-09-09,-0.0280389655151561,2024,2024-07-31,learned_order_offset,20260912,0.37215369645168056,0.37215369645168056,0,0
monthly_state_ungated,3282,2024-08-02,2024-08-12,-0.0102762848330364,2024,2024-07-31,learned_order_offset,20260912,0.5929263469581462,0.5929263469581462,1,0
monthly_state_ungated,3287,2024-08-09,2024-08-19,0.0050186923751938,2024,2024-07-31,learned_order_offset,20260912,0.5019323697504732,0.5019323697504732,1,1
monthly_state_ungated,3292,2024-08-16,2024-08-26,-0.0040487282687352,2024,2024-07-31,learned_order_offset,20260912,0.38820018656374455,0.38820018656374455,0,0
monthly_state_ungated,3297,2024-08-23,2024-09-02,-0.0069594562136714,2024,2024-07-31,learned_order_offset,20260912,0.3529265703554308,0.3529265703554308,0,0
monthly_state_ungated,3302,2024-08-30,2024-09-09,-0.0280389655151561,2024,2024-07-31,learned_order_offset,20260912,0.37215369645168056,0.37215369645168056,0,0
monthly_state_validated,3307,2024-09-06,2024-09-18,-0.0174132138857783,2024,2024-08-31,learned_market,20260910,0.28624372995779085,0.28624372995779085,0,0
monthly_state_validated,3312,2024-09-13,2024-09-24,0.0133119329369826,2024,2024-08-31,learned_market,20260910,0.3257397725885097,0.3257397725885097,0,1
monthly_state_validated,3315,2024-09-20,2024-09-30,0.2017513988384409,2024,2024-08-31,learned_market,20260910,0.30329361432845675,0.30329361432845675,0,1
monthly_state_validated,3320,2024-09-27,2024-10-14,0.0178259004588408,2024,2024-08-31,learned_market,20260910,0.5539828044064032,0.5539828044064032,1,1
monthly_state_ungated,3307,2024-09-06,2024-09-18,-0.0174132138857783,2024,2024-08-31,learned_market,20260910,0.2517333338529338,0.2517333338529338,0,0
monthly_state_ungated,3312,2024-09-13,2024-09-24,0.0133119329369826,2024,2024-08-31,learned_market,20260910,0.28839159448587837,0.28839159448587837,0,1
monthly_state_ungated,3315,2024-09-20,2024-09-30,0.2017513988384409,2024,2024-08-31,learned_market,20260910,0.2674980152372541,0.2674980152372541,0,1
monthly_state_ungated,3320,2024-09-27,2024-10-14,0.0178259004588408,2024,2024-08-31,learned_market,20260910,0.5539828044064032,0.5539828044064032,1,1
monthly_state_validated,3307,2024-09-06,2024-09-18,-0.0174132138857783,2024,2024-08-31,learned_market,20260911,0.3981701161949381,0.3981701161949381,0,0
monthly_state_validated,3312,2024-09-13,2024-09-24,0.0133119329369826,2024,2024-08-31,learned_market,20260911,0.4602703023881774,0.4602703023881774,0,1
monthly_state_validated,3315,2024-09-20,2024-09-30,0.2017513988384409,2024,2024-08-31,learned_market,20260911,0.48844687615774224,0.48844687615774224,0,1
monthly_state_validated,3320,2024-09-27,2024-10-14,0.0178259004588408,2024,2024-08-31,learned_market,20260911,0.6935862325010999,0.6935862325010999,1,1
monthly_state_ungated,3307,2024-09-06,2024-09-18,-0.0174132138857783,2024,2024-08-31,learned_market,20260911,0.3534842889276982,0.3534842889276982,0,0
monthly_state_ungated,3312,2024-09-13,2024-09-24,0.0133119329369826,2024,2024-08-31,learned_market,20260911,0.41340242620352124,0.41340242620352124,0,1
monthly_state_ungated,3315,2024-09-20,2024-09-30,0.2017513988384409,2024,2024-08-31,learned_market,20260911,0.4410544554120386,0.4410544554120386,0,1
monthly_state_ungated,3320,2024-09-27,2024-10-14,0.0178259004588408,2024,2024-08-31,learned_market,20260911,0.6935862325010999,0.6935862325010999,1,1
monthly_state_validated,3307,2024-09-06,2024-09-18,-0.0174132138857783,2024,2024-08-31,learned_market,20260912,0.4055616172512009,0.4055616172512009,0,0
monthly_state_validated,3312,2024-09-13,2024-09-24,0.0133119329369826,2024,2024-08-31,learned_market,20260912,0.38664422840881285,0.38664422840881285,0,1
monthly_state_validated,3315,2024-09-20,2024-09-30,0.2017513988384409,2024,2024-08-31,learned_market,20260912,0.4117180714207147,0.4117180714207147,0,1
monthly_state_validated,3320,2024-09-27,2024-10-14,0.0178259004588408,2024,2024-08-31,learned_market,20260912,0.42243022170956096,0.42243022170956096,0,1
monthly_state_ungated,3307,2024-09-06,2024-09-18,-0.0174132138857783,2024,2024-08-31,learned_market,20260912,0.3726440626717438,0.3726440626717438,0,0
monthly_state_ungated,3312,2024-09-13,2024-09-24,0.0133119329369826,2024,2024-08-31,learned_market,20260912,0.3543468312475414,0.3543468312475414,0,1
monthly_state_ungated,3315,2024-09-20,2024-09-30,0.2017513988384409,2024,2024-08-31,learned_market,20260912,0.3786190970028124,0.3786190970028124,0,1
monthly_state_ungated,3320,2024-09-27,2024-10-14,0.0178259004588408,2024,2024-08-31,learned_market,20260912,0.42243022170956096,0.42243022170956096,0,1
monthly_state_validated,3307,2024-09-06,2024-09-18,-0.0174132138857783,2024,2024-08-31,learned_vol_interaction,20260910,0.2244982950157329,0.2244982950157329,0,0
monthly_state_validated,3312,2024-09-13,2024-09-24,0.0133119329369826,2024,2024-08-31,learned_vol_interaction,20260910,0.27176723505030387,0.27176723505030387,0,1
monthly_state_validated,3315,2024-09-20,2024-09-30,0.2017513988384409,2024,2024-08-31,learned_vol_interaction,20260910,0.242468444457586,0.242468444457586,0,1
monthly_state_validated,3320,2024-09-27,2024-10-14,0.0178259004588408,2024,2024-08-31,learned_vol_interaction,20260910,0.539577352579499,0.539577352579499,1,1
monthly_state_ungated,3307,2024-09-06,2024-09-18,-0.0174132138857783,2024,2024-08-31,learned_vol_interaction,20260910,0.2244982950157329,0.2244982950157329,0,0
monthly_state_ungated,3312,2024-09-13,2024-09-24,0.0133119329369826,2024,2024-08-31,learned_vol_interaction,20260910,0.27176723505030387,0.27176723505030387,0,1
monthly_state_ungated,3315,2024-09-20,2024-09-30,0.2017513988384409,2024,2024-08-31,learned_vol_interaction,20260910,0.242468444457586,0.242468444457586,0,1
monthly_state_ungated,3320,2024-09-27,2024-10-14,0.0178259004588408,2024,2024-08-31,learned_vol_interaction,20260910,0.539577352579499,0.539577352579499,1,1
monthly_state_validated,3307,2024-09-06,2024-09-18,-0.0174132138857783,2024,2024-08-31,learned_vol_interaction,20260911,0.3504758254853274,0.3504758254853274,0,0
monthly_state_validated,3312,2024-09-13,2024-09-24,0.0133119329369826,2024,2024-08-31,learned_vol_interaction,20260911,0.41144871146117223,0.41144871146117223,0,1
monthly_state_validated,3315,2024-09-20,2024-09-30,0.2017513988384409,2024,2024-08-31,learned_vol_interaction,20260911,0.43817184242231033,0.43817184242231033,0,1
monthly_state_validated,3320,2024-09-27,2024-10-14,0.0178259004588408,2024,2024-08-31,learned_vol_interaction,20260911,0.6918366307791042,0.6918366307791042,1,1
monthly_state_ungated,3307,2024-09-06,2024-09-18,-0.0174132138857783,2024,2024-08-31,learned_vol_interaction,20260911,0.3504758254853274,0.3504758254853274,0,0
monthly_state_ungated,3312,2024-09-13,2024-09-24,0.0133119329369826,2024,2024-08-31,learned_vol_interaction,20260911,0.41144871146117223,0.41144871146117223,0,1
monthly_state_ungated,3315,2024-09-20,2024-09-30,0.2017513988384409,2024,2024-08-31,learned_vol_interaction,20260911,0.43817184242231033,0.43817184242231033,0,1
monthly_state_ungated,3320,2024-09-27,2024-10-14,0.0178259004588408,2024,2024-08-31,learned_vol_interaction,20260911,0.6918366307791042,0.6918366307791042,1,1
monthly_state_validated,3307,2024-09-06,2024-09-18,-0.0174132138857783,2024,2024-08-31,learned_vol_interaction,20260912,0.35962073849180637,0.35962073849180637,0,0
monthly_state_validated,3312,2024-09-13,2024-09-24,0.0133119329369826,2024,2024-08-31,learned_vol_interaction,20260912,0.33627207409858206,0.33627207409858206,0,1
monthly_state_validated,3315,2024-09-20,2024-09-30,0.2017513988384409,2024,2024-08-31,learned_vol_interaction,20260912,0.36117852515944576,0.36117852515944576,0,1
monthly_state_validated,3320,2024-09-27,2024-10-14,0.0178259004588408,2024,2024-08-31,learned_vol_interaction,20260912,0.4442843434187072,0.4442843434187072,0,1
monthly_state_ungated,3307,2024-09-06,2024-09-18,-0.0174132138857783,2024,2024-08-31,learned_vol_interaction,20260912,0.35962073849180637,0.35962073849180637,0,0
monthly_state_ungated,3312,2024-09-13,2024-09-24,0.0133119329369826,2024,2024-08-31,learned_vol_interaction,20260912,0.33627207409858206,0.33627207409858206,0,1
monthly_state_ungated,3315,2024-09-20,2024-09-30,0.2017513988384409,2024,2024-08-31,learned_vol_interaction,20260912,0.36117852515944576,0.36117852515944576,0,1
monthly_state_ungated,3320,2024-09-27,2024-10-14,0.0178259004588408,2024,2024-08-31,learned_vol_interaction,20260912,0.4442843434187072,0.4442843434187072,0,1
monthly_state_validated,3307,2024-09-06,2024-09-18,-0.0174132138857783,2024,2024-08-31,learned_order_extension,20260910,0.25256720637490643,0.25256720637490643,0,0
monthly_state_validated,3312,2024-09-13,2024-09-24,0.0133119329369826,2024,2024-08-31,learned_order_extension,20260910,0.29166385434605097,0.29166385434605097,0,1
monthly_state_validated,3315,2024-09-20,2024-09-30,0.2017513988384409,2024,2024-08-31,learned_order_extension,20260910,0.2705007088174093,0.2705007088174093,0,1
monthly_state_validated,3320,2024-09-27,2024-10-14,0.0178259004588408,2024,2024-08-31,learned_order_extension,20260910,0.5428289525080278,0.5428289525080278,1,1
monthly_state_ungated,3307,2024-09-06,2024-09-18,-0.0174132138857783,2024,2024-08-31,learned_order_extension,20260910,0.25256720637490643,0.25256720637490643,0,0
monthly_state_ungated,3312,2024-09-13,2024-09-24,0.0133119329369826,2024,2024-08-31,learned_order_extension,20260910,0.29166385434605097,0.29166385434605097,0,1
monthly_state_ungated,3315,2024-09-20,2024-09-30,0.2017513988384409,2024,2024-08-31,learned_order_extension,20260910,0.2705007088174093,0.2705007088174093,0,1
monthly_state_ungated,3320,2024-09-27,2024-10-14,0.0178259004588408,2024,2024-08-31,learned_order_extension,20260910,0.5428289525080278,0.5428289525080278,1,1
monthly_state_validated,3307,2024-09-06,2024-09-18,-0.0174132138857783,2024,2024-08-31,learned_order_extension,20260911,0.38833113789703955,0.38833113789703955,0,0
monthly_state_validated,3312,2024-09-13,2024-09-24,0.0133119329369826,2024,2024-08-31,learned_order_extension,20260911,0.42585414576409897,0.42585414576409897,0,1
monthly_state_validated,3315,2024-09-20,2024-09-30,0.2017513988384409,2024,2024-08-31,learned_order_extension,20260911,0.42367348585042064,0.42367348585042064,0,1
monthly_state_validated,3320,2024-09-27,2024-10-14,0.0178259004588408,2024,2024-08-31,learned_order_extension,20260911,0.6045687657277363,0.6045687657277363,1,1
monthly_state_ungated,3307,2024-09-06,2024-09-18,-0.0174132138857783,2024,2024-08-31,learned_order_extension,20260911,0.38833113789703955,0.38833113789703955,0,0
monthly_state_ungated,3312,2024-09-13,2024-09-24,0.0133119329369826,2024,2024-08-31,learned_order_extension,20260911,0.42585414576409897,0.42585414576409897,0,1
monthly_state_ungated,3315,2024-09-20,2024-09-30,0.2017513988384409,2024,2024-08-31,learned_order_extension,20260911,0.42367348585042064,0.42367348585042064,0,1
monthly_state_ungated,3320,2024-09-27,2024-10-14,0.0178259004588408,2024,2024-08-31,learned_order_extension,20260911,0.6045687657277363,0.6045687657277363,1,1
monthly_state_validated,3307,2024-09-06,2024-09-18,-0.0174132138857783,2024,2024-08-31,learned_order_extension,20260912,0.4168218884500653,0.4168218884500653,0,0
monthly_state_validated,3312,2024-09-13,2024-09-24,0.0133119329369826,2024,2024-08-31,learned_order_extension,20260912,0.3818914155158403,0.3818914155158403,0,1
monthly_state_validated,3315,2024-09-20,2024-09-30,0.2017513988384409,2024,2024-08-31,learned_order_extension,20260912,0.4453849329691468,0.4453849329691468,0,1
monthly_state_validated,3320,2024-09-27,2024-10-14,0.0178259004588408,2024,2024-08-31,learned_order_extension,20260912,0.576228156163883,0.576228156163883,1,1
monthly_state_ungated,3307,2024-09-06,2024-09-18,-0.0174132138857783,2024,2024-08-31,learned_order_extension,20260912,0.4168218884500653,0.4168218884500653,0,0
monthly_state_ungated,3312,2024-09-13,2024-09-24,0.0133119329369826,2024,2024-08-31,learned_order_extension,20260912,0.3818914155158403,0.3818914155158403,0,1
monthly_state_ungated,3315,2024-09-20,2024-09-30,0.2017513988384409,2024,2024-08-31,learned_order_extension,20260912,0.4453849329691468,0.4453849329691468,0,1
monthly_state_ungated,3320,2024-09-27,2024-10-14,0.0178259004588408,2024,2024-08-31,learned_order_extension,20260912,0.576228156163883,0.576228156163883,1,1
monthly_state_validated,3307,2024-09-06,2024-09-18,-0.0174132138857783,2024,2024-08-31,learned_order_offset,20260910,0.25374112604740146,0.25374112604740146,0,0
monthly_state_validated,3312,2024-09-13,2024-09-24,0.0133119329369826,2024,2024-08-31,learned_order_offset,20260910,0.29230670634632533,0.29230670634632533,0,1
monthly_state_validated,3315,2024-09-20,2024-09-30,0.2017513988384409,2024,2024-08-31,learned_order_offset,20260910,0.271341608930015,0.271341608930015,0,1
monthly_state_validated,3320,2024-09-27,2024-10-14,0.0178259004588408,2024,2024-08-31,learned_order_offset,20260910,0.5430894109936676,0.5430894109936676,1,1
monthly_state_ungated,3307,2024-09-06,2024-09-18,-0.0174132138857783,2024,2024-08-31,learned_order_offset,20260910,0.25374112604740146,0.25374112604740146,0,0
monthly_state_ungated,3312,2024-09-13,2024-09-24,0.0133119329369826,2024,2024-08-31,learned_order_offset,20260910,0.29230670634632533,0.29230670634632533,0,1
monthly_state_ungated,3315,2024-09-20,2024-09-30,0.2017513988384409,2024,2024-08-31,learned_order_offset,20260910,0.271341608930015,0.271341608930015,0,1
monthly_state_ungated,3320,2024-09-27,2024-10-14,0.0178259004588408,2024,2024-08-31,learned_order_offset,20260910,0.5430894109936676,0.5430894109936676,1,1
monthly_state_validated,3307,2024-09-06,2024-09-18,-0.0174132138857783,2024,2024-08-31,learned_order_offset,20260911,0.3905070401149841,0.3905070401149841,0,0
monthly_state_validated,3312,2024-09-13,2024-09-24,0.0133119329369826,2024,2024-08-31,learned_order_offset,20260911,0.42589367546626794,0.42589367546626794,0,1
monthly_state_validated,3315,2024-09-20,2024-09-30,0.2017513988384409,2024,2024-08-31,learned_order_offset,20260911,0.4234082489312801,0.4234082489312801,0,1
monthly_state_validated,3320,2024-09-27,2024-10-14,0.0178259004588408,2024,2024-08-31,learned_order_offset,20260911,0.6050544676220191,0.6050544676220191,1,1
monthly_state_ungated,3307,2024-09-06,2024-09-18,-0.0174132138857783,2024,2024-08-31,learned_order_offset,20260911,0.3905070401149841,0.3905070401149841,0,0
monthly_state_ungated,3312,2024-09-13,2024-09-24,0.0133119329369826,2024,2024-08-31,learned_order_offset,20260911,0.42589367546626794,0.42589367546626794,0,1
monthly_state_ungated,3315,2024-09-20,2024-09-30,0.2017513988384409,2024,2024-08-31,learned_order_offset,20260911,0.4234082489312801,0.4234082489312801,0,1
monthly_state_ungated,3320,2024-09-27,2024-10-14,0.0178259004588408,2024,2024-08-31,learned_order_offset,20260911,0.6050544676220191,0.6050544676220191,1,1
monthly_state_validated,3307,2024-09-06,2024-09-18,-0.0174132138857783,2024,2024-08-31,learned_order_offset,20260912,0.4191779122806651,0.4191779122806651,0,0
monthly_state_validated,3312,2024-09-13,2024-09-24,0.0133119329369826,2024,2024-08-31,learned_order_offset,20260912,0.38495636879345013,0.38495636879345013,0,1
monthly_state_validated,3315,2024-09-20,2024-09-30,0.2017513988384409,2024,2024-08-31,learned_order_offset,20260912,0.44876746136213275,0.44876746136213275,0,1
monthly_state_validated,3320,2024-09-27,2024-10-14,0.0178259004588408,2024,2024-08-31,learned_order_offset,20260912,0.5746740950620535,0.5746740950620535,1,1
monthly_state_ungated,3307,2024-09-06,2024-09-18,-0.0174132138857783,2024,2024-08-31,learned_order_offset,20260912,0.4191779122806651,0.4191779122806651,0,0
monthly_state_ungated,3312,2024-09-13,2024-09-24,0.0133119329369826,2024,2024-08-31,learned_order_offset,20260912,0.38495636879345013,0.38495636879345013,0,1
monthly_state_ungated,3315,2024-09-20,2024-09-30,0.2017513988384409,2024,2024-08-31,learned_order_offset,20260912,0.44876746136213275,0.44876746136213275,0,1
monthly_state_ungated,3320,2024-09-27,2024-10-14,0.0178259004588408,2024,2024-08-31,learned_order_offset,20260912,0.5746740950620535,0.5746740950620535,1,1
monthly_state_validated,3325,2024-10-11,2024-10-21,0.0080914993282625,2024,2024-09-30,learned_market,20260910,0.5869953939238736,0.5869953939238736,1,1
monthly_state_validated,3330,2024-10-18,2024-10-28,0.0015733867085561,2024,2024-09-30,learned_market,20260910,0.461607129389693,0.461607129389693,0,1
monthly_state_validated,3335,2024-10-25,2024-11-04,-0.0140142824257356,2024,2024-09-30,learned_market,20260910,0.4436454565513719,0.4436454565513719,0,0
monthly_state_ungated,3325,2024-10-11,2024-10-21,0.0080914993282625,2024,2024-09-30,learned_market,20260910,0.5869953939238736,0.5869953939238736,1,1
monthly_state_ungated,3330,2024-10-18,2024-10-28,0.0015733867085561,2024,2024-09-30,learned_market,20260910,0.461607129389693,0.461607129389693,0,1
monthly_state_ungated,3335,2024-10-25,2024-11-04,-0.0140142824257356,2024,2024-09-30,learned_market,20260910,0.4436454565513719,0.4436454565513719,0,0
monthly_state_validated,3325,2024-10-11,2024-10-21,0.0080914993282625,2024,2024-09-30,learned_market,20260911,0.7037035552786773,0.7037035552786773,1,1
monthly_state_validated,3330,2024-10-18,2024-10-28,0.0015733867085561,2024,2024-09-30,learned_market,20260911,0.6276974127279125,0.6276974127279125,1,1
monthly_state_validated,3335,2024-10-25,2024-11-04,-0.0140142824257356,2024,2024-09-30,learned_market,20260911,0.45809633325380006,0.45809633325380006,0,0
monthly_state_ungated,3325,2024-10-11,2024-10-21,0.0080914993282625,2024,2024-09-30,learned_market,20260911,0.7037035552786773,0.7037035552786773,1,1
monthly_state_ungated,3330,2024-10-18,2024-10-28,0.0015733867085561,2024,2024-09-30,learned_market,20260911,0.6276974127279125,0.6276974127279125,1,1
monthly_state_ungated,3335,2024-10-25,2024-11-04,-0.0140142824257356,2024,2024-09-30,learned_market,20260911,0.45809633325380006,0.45809633325380006,0,0
monthly_state_validated,3325,2024-10-11,2024-10-21,0.0080914993282625,2024,2024-09-30,learned_market,20260912,0.6391238419546599,0.6391238419546599,1,1
monthly_state_validated,3330,2024-10-18,2024-10-28,0.0015733867085561,2024,2024-09-30,learned_market,20260912,0.7479133612500116,0.7479133612500116,1,1
monthly_state_validated,3335,2024-10-25,2024-11-04,-0.0140142824257356,2024,2024-09-30,learned_market,20260912,0.7047213785907145,0.7047213785907145,1,0
monthly_state_ungated,3325,2024-10-11,2024-10-21,0.0080914993282625,2024,2024-09-30,learned_market,20260912,0.6391238419546599,0.6391238419546599,1,1
monthly_state_ungated,3330,2024-10-18,2024-10-28,0.0015733867085561,2024,2024-09-30,learned_market,20260912,0.7479133612500116,0.7479133612500116,1,1
monthly_state_ungated,3335,2024-10-25,2024-11-04,-0.0140142824257356,2024,2024-09-30,learned_market,20260912,0.7047213785907145,0.7047213785907145,1,0
monthly_state_validated,3325,2024-10-11,2024-10-21,0.0080914993282625,2024,2024-09-30,learned_vol_interaction,20260910,0.5707045524539156,0.5707045524539156,1,1
monthly_state_validated,3330,2024-10-18,2024-10-28,0.0015733867085561,2024,2024-09-30,learned_vol_interaction,20260910,0.5457998125542788,0.5457998125542788,1,1
monthly_state_validated,3335,2024-10-25,2024-11-04,-0.0140142824257356,2024,2024-09-30,learned_vol_interaction,20260910,0.5480447349870543,0.5480447349870543,1,0
monthly_state_ungated,3325,2024-10-11,2024-10-21,0.0080914993282625,2024,2024-09-30,learned_vol_interaction,20260910,0.5707045524539156,0.5707045524539156,1,1
monthly_state_ungated,3330,2024-10-18,2024-10-28,0.0015733867085561,2024,2024-09-30,learned_vol_interaction,20260910,0.5457998125542788,0.5457998125542788,1,1
monthly_state_ungated,3335,2024-10-25,2024-11-04,-0.0140142824257356,2024,2024-09-30,learned_vol_interaction,20260910,0.5480447349870543,0.5480447349870543,1,0
monthly_state_validated,3325,2024-10-11,2024-10-21,0.0080914993282625,2024,2024-09-30,learned_vol_interaction,20260911,0.7018703597644868,0.7018703597644868,1,1
monthly_state_validated,3330,2024-10-18,2024-10-28,0.0015733867085561,2024,2024-09-30,learned_vol_interaction,20260911,0.6274387204351971,0.6274387204351971,1,1
monthly_state_validated,3335,2024-10-25,2024-11-04,-0.0140142824257356,2024,2024-09-30,learned_vol_interaction,20260911,0.4612473434817257,0.4612473434817257,0,0
monthly_state_ungated,3325,2024-10-11,2024-10-21,0.0080914993282625,2024,2024-09-30,learned_vol_interaction,20260911,0.7018703597644868,0.7018703597644868,1,1
monthly_state_ungated,3330,2024-10-18,2024-10-28,0.0015733867085561,2024,2024-09-30,learned_vol_interaction,20260911,0.6274387204351971,0.6274387204351971,1,1
monthly_state_ungated,3335,2024-10-25,2024-11-04,-0.0140142824257356,2024,2024-09-30,learned_vol_interaction,20260911,0.4612473434817257,0.4612473434817257,0,0
monthly_state_validated,3325,2024-10-11,2024-10-21,0.0080914993282625,2024,2024-09-30,learned_vol_interaction,20260912,0.6154592441744525,0.6154592441744525,1,1
monthly_state_validated,3330,2024-10-18,2024-10-28,0.0015733867085561,2024,2024-09-30,learned_vol_interaction,20260912,0.6984112732542341,0.6984112732542341,1,1
monthly_state_validated,3335,2024-10-25,2024-11-04,-0.0140142824257356,2024,2024-09-30,learned_vol_interaction,20260912,0.6614014700577392,0.6614014700577392,1,0
monthly_state_ungated,3325,2024-10-11,2024-10-21,0.0080914993282625,2024,2024-09-30,learned_vol_interaction,20260912,0.6154592441744525,0.6154592441744525,1,1
monthly_state_ungated,3330,2024-10-18,2024-10-28,0.0015733867085561,2024,2024-09-30,learned_vol_interaction,20260912,0.6984112732542341,0.6984112732542341,1,1
monthly_state_ungated,3335,2024-10-25,2024-11-04,-0.0140142824257356,2024,2024-09-30,learned_vol_interaction,20260912,0.6614014700577392,0.6614014700577392,1,0
monthly_state_validated,3325,2024-10-11,2024-10-21,0.0080914993282625,2024,2024-09-30,learned_order_extension,20260910,0.5822023275306868,0.5822023275306868,1,1
monthly_state_validated,3330,2024-10-18,2024-10-28,0.0015733867085561,2024,2024-09-30,learned_order_extension,20260910,0.5714046015164417,0.5714046015164417,1,1
monthly_state_validated,3335,2024-10-25,2024-11-04,-0.0140142824257356,2024,2024-09-30,learned_order_extension,20260910,0.5699380979169686,0.5699380979169686,1,0
monthly_state_ungated,3325,2024-10-11,2024-10-21,0.0080914993282625,2024,2024-09-30,learned_order_extension,20260910,0.5822023275306868,0.5822023275306868,1,1
monthly_state_ungated,3330,2024-10-18,2024-10-28,0.0015733867085561,2024,2024-09-30,learned_order_extension,20260910,0.5714046015164417,0.5714046015164417,1,1
monthly_state_ungated,3335,2024-10-25,2024-11-04,-0.0140142824257356,2024,2024-09-30,learned_order_extension,20260910,0.5699380979169686,0.5699380979169686,1,0
monthly_state_validated,3325,2024-10-11,2024-10-21,0.0080914993282625,2024,2024-09-30,learned_order_extension,20260911,0.6645766250551,0.6645766250551,1,1
monthly_state_validated,3330,2024-10-18,2024-10-28,0.0015733867085561,2024,2024-09-30,learned_order_extension,20260911,0.6217401283532429,0.6217401283532429,1,1
monthly_state_validated,3335,2024-10-25,2024-11-04,-0.0140142824257356,2024,2024-09-30,learned_order_extension,20260911,0.516035023904667,0.516035023904667,1,0
monthly_state_ungated,3325,2024-10-11,2024-10-21,0.0080914993282625,2024,2024-09-30,learned_order_extension,20260911,0.6645766250551,0.6645766250551,1,1
monthly_state_ungated,3330,2024-10-18,2024-10-28,0.0015733867085561,2024,2024-09-30,learned_order_extension,20260911,0.6217401283532429,0.6217401283532429,1,1
monthly_state_ungated,3335,2024-10-25,2024-11-04,-0.0140142824257356,2024,2024-09-30,learned_order_extension,20260911,0.516035023904667,0.516035023904667,1,0
monthly_state_validated,3325,2024-10-11,2024-10-21,0.0080914993282625,2024,2024-09-30,learned_order_extension,20260912,0.5860467122529138,0.5860467122529138,1,1
monthly_state_validated,3330,2024-10-18,2024-10-28,0.0015733867085561,2024,2024-09-30,learned_order_extension,20260912,0.612479916640697,0.612479916640697,1,1
monthly_state_validated,3335,2024-10-25,2024-11-04,-0.0140142824257356,2024,2024-09-30,learned_order_extension,20260912,0.5803945500365179,0.5803945500365179,1,0
monthly_state_ungated,3325,2024-10-11,2024-10-21,0.0080914993282625,2024,2024-09-30,learned_order_extension,20260912,0.5860467122529138,0.5860467122529138,1,1
monthly_state_ungated,3330,2024-10-18,2024-10-28,0.0015733867085561,2024,2024-09-30,learned_order_extension,20260912,0.612479916640697,0.612479916640697,1,1
monthly_state_ungated,3335,2024-10-25,2024-11-04,-0.0140142824257356,2024,2024-09-30,learned_order_extension,20260912,0.5803945500365179,0.5803945500365179,1,0
monthly_state_validated,3325,2024-10-11,2024-10-21,0.0080914993282625,2024,2024-09-30,learned_order_offset,20260910,0.5826381124149342,0.5826381124149342,1,1
monthly_state_validated,3330,2024-10-18,2024-10-28,0.0015733867085561,2024,2024-09-30,learned_order_offset,20260910,0.5719329439518137,0.5719329439518137,1,1
monthly_state_validated,3335,2024-10-25,2024-11-04,-0.0140142824257356,2024,2024-09-30,learned_order_offset,20260910,0.5699230458006388,0.5699230458006388,1,0
monthly_state_ungated,3325,2024-10-11,2024-10-21,0.0080914993282625,2024,2024-09-30,learned_order_offset,20260910,0.5826381124149342,0.5826381124149342,1,1
monthly_state_ungated,3330,2024-10-18,2024-10-28,0.0015733867085561,2024,2024-09-30,learned_order_offset,20260910,0.5719329439518137,0.5719329439518137,1,1
monthly_state_ungated,3335,2024-10-25,2024-11-04,-0.0140142824257356,2024,2024-09-30,learned_order_offset,20260910,0.5699230458006388,0.5699230458006388,1,0
monthly_state_validated,3325,2024-10-11,2024-10-21,0.0080914993282625,2024,2024-09-30,learned_order_offset,20260911,0.6643779049639545,0.6643779049639545,1,1
monthly_state_validated,3330,2024-10-18,2024-10-28,0.0015733867085561,2024,2024-09-30,learned_order_offset,20260911,0.6227872251882844,0.6227872251882844,1,1
monthly_state_validated,3335,2024-10-25,2024-11-04,-0.0140142824257356,2024,2024-09-30,learned_order_offset,20260911,0.5165538018073565,0.5165538018073565,1,0
monthly_state_ungated,3325,2024-10-11,2024-10-21,0.0080914993282625,2024,2024-09-30,learned_order_offset,20260911,0.6643779049639545,0.6643779049639545,1,1
monthly_state_ungated,3330,2024-10-18,2024-10-28,0.0015733867085561,2024,2024-09-30,learned_order_offset,20260911,0.6227872251882844,0.6227872251882844,1,1
monthly_state_ungated,3335,2024-10-25,2024-11-04,-0.0140142824257356,2024,2024-09-30,learned_order_offset,20260911,0.5165538018073565,0.5165538018073565,1,0
monthly_state_validated,3325,2024-10-11,2024-10-21,0.0080914993282625,2024,2024-09-30,learned_order_offset,20260912,0.5862386145900477,0.5862386145900477,1,1
monthly_state_validated,3330,2024-10-18,2024-10-28,0.0015733867085561,2024,2024-09-30,learned_order_offset,20260912,0.6125407697732707,0.6125407697732707,1,1
monthly_state_validated,3335,2024-10-25,2024-11-04,-0.0140142824257356,2024,2024-09-30,learned_order_offset,20260912,0.5782982032930605,0.5782982032930605,1,0
monthly_state_ungated,3325,2024-10-11,2024-10-21,0.0080914993282625,2024,2024-09-30,learned_order_offset,20260912,0.5862386145900477,0.5862386145900477,1,1
monthly_state_ungated,3330,2024-10-18,2024-10-28,0.0015733867085561,2024,2024-09-30,learned_order_offset,20260912,0.6125407697732707,0.6125407697732707,1,1
monthly_state_ungated,3335,2024-10-25,2024-11-04,-0.0140142824257356,2024,2024-09-30,learned_order_offset,20260912,0.5782982032930605,0.5782982032930605,1,0
monthly_state_validated,3340,2024-11-01,2024-11-11,0.0434152361258277,2024,2024-10-31,learned_market,20260910,0.4265577715457495,0.4265577715457495,0,1
monthly_state_validated,3345,2024-11-08,2024-11-18,-0.0208584853931589,2024,2024-10-31,learned_market,20260910,0.3988216599252063,0.3988216599252063,0,0
monthly_state_validated,3350,2024-11-15,2024-11-25,-0.0267421712161923,2024,2024-10-31,learned_market,20260910,0.4128285607379882,0.4128285607379882,0,0
monthly_state_validated,3355,2024-11-22,2024-12-02,0.0087960346887328,2024,2024-10-31,learned_market,20260910,0.5498480838757407,0.5498480838757407,1,1
monthly_state_validated,3360,2024-11-29,2024-12-09,0.0155919891551781,2024,2024-10-31,learned_market,20260910,0.5787371739371491,0.5787371739371491,1,1
monthly_state_ungated,3340,2024-11-01,2024-11-11,0.0434152361258277,2024,2024-10-31,learned_market,20260910,0.4265577715457495,0.4265577715457495,0,1
monthly_state_ungated,3345,2024-11-08,2024-11-18,-0.0208584853931589,2024,2024-10-31,learned_market,20260910,0.3988216599252063,0.3988216599252063,0,0
monthly_state_ungated,3350,2024-11-15,2024-11-25,-0.0267421712161923,2024,2024-10-31,learned_market,20260910,0.4128285607379882,0.4128285607379882,0,0
monthly_state_ungated,3355,2024-11-22,2024-12-02,0.0087960346887328,2024,2024-10-31,learned_market,20260910,0.5498480838757407,0.5498480838757407,1,1
monthly_state_ungated,3360,2024-11-29,2024-12-09,0.0155919891551781,2024,2024-10-31,learned_market,20260910,0.5787371739371491,0.5787371739371491,1,1
monthly_state_validated,3340,2024-11-01,2024-11-11,0.0434152361258277,2024,2024-10-31,learned_market,20260911,0.4000970572378428,0.4000970572378428,0,1
monthly_state_validated,3345,2024-11-08,2024-11-18,-0.0208584853931589,2024,2024-10-31,learned_market,20260911,0.40593736915879713,0.40593736915879713,0,0
monthly_state_validated,3350,2024-11-15,2024-11-25,-0.0267421712161923,2024,2024-10-31,learned_market,20260911,0.455730074665633,0.455730074665633,0,0
monthly_state_validated,3355,2024-11-22,2024-12-02,0.0087960346887328,2024,2024-10-31,learned_market,20260911,0.3896395612224614,0.3896395612224614,0,1
monthly_state_validated,3360,2024-11-29,2024-12-09,0.0155919891551781,2024,2024-10-31,learned_market,20260911,0.5648004239815676,0.5648004239815676,1,1
monthly_state_ungated,3340,2024-11-01,2024-11-11,0.0434152361258277,2024,2024-10-31,learned_market,20260911,0.4000970572378428,0.4000970572378428,0,1
monthly_state_ungated,3345,2024-11-08,2024-11-18,-0.0208584853931589,2024,2024-10-31,learned_market,20260911,0.40593736915879713,0.40593736915879713,0,0
monthly_state_ungated,3350,2024-11-15,2024-11-25,-0.0267421712161923,2024,2024-10-31,learned_market,20260911,0.455730074665633,0.455730074665633,0,0
monthly_state_ungated,3355,2024-11-22,2024-12-02,0.0087960346887328,2024,2024-10-31,learned_market,20260911,0.3896395612224614,0.3896395612224614,0,1
monthly_state_ungated,3360,2024-11-29,2024-12-09,0.0155919891551781,2024,2024-10-31,learned_market,20260911,0.5648004239815676,0.5648004239815676,1,1
monthly_state_validated,3340,2024-11-01,2024-11-11,0.0434152361258277,2024,2024-10-31,learned_market,20260912,0.7564382143782475,0.7564382143782475,1,1
monthly_state_validated,3345,2024-11-08,2024-11-18,-0.0208584853931589,2024,2024-10-31,learned_market,20260912,0.6534693612294474,0.6534693612294474,1,0
monthly_state_validated,3350,2024-11-15,2024-11-25,-0.0267421712161923,2024,2024-10-31,learned_market,20260912,0.6053975436260323,0.6053975436260323,1,0
monthly_state_validated,3355,2024-11-22,2024-12-02,0.0087960346887328,2024,2024-10-31,learned_market,20260912,0.6365936876664182,0.6365936876664182,1,1
monthly_state_validated,3360,2024-11-29,2024-12-09,0.0155919891551781,2024,2024-10-31,learned_market,20260912,0.5579955410836633,0.5579955410836633,1,1
monthly_state_ungated,3340,2024-11-01,2024-11-11,0.0434152361258277,2024,2024-10-31,learned_market,20260912,0.7564382143782475,0.7564382143782475,1,1
monthly_state_ungated,3345,2024-11-08,2024-11-18,-0.0208584853931589,2024,2024-10-31,learned_market,20260912,0.6534693612294474,0.6534693612294474,1,0
monthly_state_ungated,3350,2024-11-15,2024-11-25,-0.0267421712161923,2024,2024-10-31,learned_market,20260912,0.6053975436260323,0.6053975436260323,1,0
monthly_state_ungated,3355,2024-11-22,2024-12-02,0.0087960346887328,2024,2024-10-31,learned_market,20260912,0.6365936876664182,0.6365936876664182,1,1
monthly_state_ungated,3360,2024-11-29,2024-12-09,0.0155919891551781,2024,2024-10-31,learned_market,20260912,0.5579955410836633,0.5579955410836633,1,1
monthly_state_validated,3340,2024-11-01,2024-11-11,0.0434152361258277,2024,2024-10-31,learned_vol_interaction,20260910,0.5424556290324919,0.5424556290324919,1,1
monthly_state_validated,3345,2024-11-08,2024-11-18,-0.0208584853931589,2024,2024-10-31,learned_vol_interaction,20260910,0.41385174274995,0.41385174274995,0,0
monthly_state_validated,3350,2024-11-15,2024-11-25,-0.0267421712161923,2024,2024-10-31,learned_vol_interaction,20260910,0.40978407838391767,0.40978407838391767,0,0
monthly_state_validated,3355,2024-11-22,2024-12-02,0.0087960346887328,2024,2024-10-31,learned_vol_interaction,20260910,0.5313658042769484,0.5313658042769484,1,1
monthly_state_validated,3360,2024-11-29,2024-12-09,0.0155919891551781,2024,2024-10-31,learned_vol_interaction,20260910,0.5550717836556399,0.5550717836556399,1,1
monthly_state_ungated,3340,2024-11-01,2024-11-11,0.0434152361258277,2024,2024-10-31,learned_vol_interaction,20260910,0.5424556290324919,0.5424556290324919,1,1
monthly_state_ungated,3345,2024-11-08,2024-11-18,-0.0208584853931589,2024,2024-10-31,learned_vol_interaction,20260910,0.41385174274995,0.41385174274995,0,0
monthly_state_ungated,3350,2024-11-15,2024-11-25,-0.0267421712161923,2024,2024-10-31,learned_vol_interaction,20260910,0.40978407838391767,0.40978407838391767,0,0
monthly_state_ungated,3355,2024-11-22,2024-12-02,0.0087960346887328,2024,2024-10-31,learned_vol_interaction,20260910,0.5313658042769484,0.5313658042769484,1,1
monthly_state_ungated,3360,2024-11-29,2024-12-09,0.0155919891551781,2024,2024-10-31,learned_vol_interaction,20260910,0.5550717836556399,0.5550717836556399,1,1
monthly_state_validated,3340,2024-11-01,2024-11-11,0.0434152361258277,2024,2024-10-31,learned_vol_interaction,20260911,0.40396264616491484,0.40396264616491484,0,1
monthly_state_validated,3345,2024-11-08,2024-11-18,-0.0208584853931589,2024,2024-10-31,learned_vol_interaction,20260911,0.4058838104038455,0.4058838104038455,0,0
monthly_state_validated,3350,2024-11-15,2024-11-25,-0.0267421712161923,2024,2024-10-31,learned_vol_interaction,20260911,0.4556461044457154,0.4556461044457154,0,0
monthly_state_validated,3355,2024-11-22,2024-12-02,0.0087960346887328,2024,2024-10-31,learned_vol_interaction,20260911,0.3897555680643098,0.3897555680643098,0,1
monthly_state_validated,3360,2024-11-29,2024-12-09,0.0155919891551781,2024,2024-10-31,learned_vol_interaction,20260911,0.5639943448578677,0.5639943448578677,1,1
monthly_state_ungated,3340,2024-11-01,2024-11-11,0.0434152361258277,2024,2024-10-31,learned_vol_interaction,20260911,0.40396264616491484,0.40396264616491484,0,1
monthly_state_ungated,3345,2024-11-08,2024-11-18,-0.0208584853931589,2024,2024-10-31,learned_vol_interaction,20260911,0.4058838104038455,0.4058838104038455,0,0
monthly_state_ungated,3350,2024-11-15,2024-11-25,-0.0267421712161923,2024,2024-10-31,learned_vol_interaction,20260911,0.4556461044457154,0.4556461044457154,0,0
monthly_state_ungated,3355,2024-11-22,2024-12-02,0.0087960346887328,2024,2024-10-31,learned_vol_interaction,20260911,0.3897555680643098,0.3897555680643098,0,1
monthly_state_ungated,3360,2024-11-29,2024-12-09,0.0155919891551781,2024,2024-10-31,learned_vol_interaction,20260911,0.5639943448578677,0.5639943448578677,1,1
monthly_state_validated,3340,2024-11-01,2024-11-11,0.0434152361258277,2024,2024-10-31,learned_vol_interaction,20260912,0.6960317071765945,0.6960317071765945,1,1
monthly_state_validated,3345,2024-11-08,2024-11-18,-0.0208584853931589,2024,2024-10-31,learned_vol_interaction,20260912,0.627992228455405,0.627992228455405,1,0
monthly_state_validated,3350,2024-11-15,2024-11-25,-0.0267421712161923,2024,2024-10-31,learned_vol_interaction,20260912,0.600402896142829,0.600402896142829,1,0
monthly_state_validated,3355,2024-11-22,2024-12-02,0.0087960346887328,2024,2024-10-31,learned_vol_interaction,20260912,0.6257055825822537,0.6257055825822537,1,1
monthly_state_validated,3360,2024-11-29,2024-12-09,0.0155919891551781,2024,2024-10-31,learned_vol_interaction,20260912,0.5403979506938085,0.5403979506938085,1,1
monthly_state_ungated,3340,2024-11-01,2024-11-11,0.0434152361258277,2024,2024-10-31,learned_vol_interaction,20260912,0.6960317071765945,0.6960317071765945,1,1
monthly_state_ungated,3345,2024-11-08,2024-11-18,-0.0208584853931589,2024,2024-10-31,learned_vol_interaction,20260912,0.627992228455405,0.627992228455405,1,0
monthly_state_ungated,3350,2024-11-15,2024-11-25,-0.0267421712161923,2024,2024-10-31,learned_vol_interaction,20260912,0.600402896142829,0.600402896142829,1,0
monthly_state_ungated,3355,2024-11-22,2024-12-02,0.0087960346887328,2024,2024-10-31,learned_vol_interaction,20260912,0.6257055825822537,0.6257055825822537,1,1
monthly_state_ungated,3360,2024-11-29,2024-12-09,0.0155919891551781,2024,2024-10-31,learned_vol_interaction,20260912,0.5403979506938085,0.5403979506938085,1,1
monthly_state_validated,3340,2024-11-01,2024-11-11,0.0434152361258277,2024,2024-10-31,learned_order_extension,20260910,0.5940299307722281,0.5940299307722281,1,1
monthly_state_validated,3345,2024-11-08,2024-11-18,-0.0208584853931589,2024,2024-10-31,learned_order_extension,20260910,0.411107283779769,0.411107283779769,0,0
monthly_state_validated,3350,2024-11-15,2024-11-25,-0.0267421712161923,2024,2024-10-31,learned_order_extension,20260910,0.39605543665647713,0.39605543665647713,0,0
monthly_state_validated,3355,2024-11-22,2024-12-02,0.0087960346887328,2024,2024-10-31,learned_order_extension,20260910,0.5115475257965196,0.5115475257965196,1,1
monthly_state_validated,3360,2024-11-29,2024-12-09,0.0155919891551781,2024,2024-10-31,learned_order_extension,20260910,0.5440391301685066,0.5440391301685066,1,1
monthly_state_ungated,3340,2024-11-01,2024-11-11,0.0434152361258277,2024,2024-10-31,learned_order_extension,20260910,0.5940299307722281,0.5940299307722281,1,1
monthly_state_ungated,3345,2024-11-08,2024-11-18,-0.0208584853931589,2024,2024-10-31,learned_order_extension,20260910,0.411107283779769,0.411107283779769,0,0
monthly_state_ungated,3350,2024-11-15,2024-11-25,-0.0267421712161923,2024,2024-10-31,learned_order_extension,20260910,0.39605543665647713,0.39605543665647713,0,0
monthly_state_ungated,3355,2024-11-22,2024-12-02,0.0087960346887328,2024,2024-10-31,learned_order_extension,20260910,0.5115475257965196,0.5115475257965196,1,1
monthly_state_ungated,3360,2024-11-29,2024-12-09,0.0155919891551781,2024,2024-10-31,learned_order_extension,20260910,0.5440391301685066,0.5440391301685066,1,1
monthly_state_validated,3340,2024-11-01,2024-11-11,0.0434152361258277,2024,2024-10-31,learned_order_extension,20260911,0.5005097124804287,0.5005097124804287,1,1
monthly_state_validated,3345,2024-11-08,2024-11-18,-0.0208584853931589,2024,2024-10-31,learned_order_extension,20260911,0.3862789521746162,0.3862789521746162,0,0
monthly_state_validated,3350,2024-11-15,2024-11-25,-0.0267421712161923,2024,2024-10-31,learned_order_extension,20260911,0.42164042720008793,0.42164042720008793,0,0
monthly_state_validated,3355,2024-11-22,2024-12-02,0.0087960346887328,2024,2024-10-31,learned_order_extension,20260911,0.3587358053522859,0.3587358053522859,0,1
monthly_state_validated,3360,2024-11-29,2024-12-09,0.0155919891551781,2024,2024-10-31,learned_order_extension,20260911,0.5668511595937642,0.5668511595937642,1,1
monthly_state_ungated,3340,2024-11-01,2024-11-11,0.0434152361258277,2024,2024-10-31,learned_order_extension,20260911,0.5005097124804287,0.5005097124804287,1,1
monthly_state_ungated,3345,2024-11-08,2024-11-18,-0.0208584853931589,2024,2024-10-31,learned_order_extension,20260911,0.3862789521746162,0.3862789521746162,0,0
monthly_state_ungated,3350,2024-11-15,2024-11-25,-0.0267421712161923,2024,2024-10-31,learned_order_extension,20260911,0.42164042720008793,0.42164042720008793,0,0
monthly_state_ungated,3355,2024-11-22,2024-12-02,0.0087960346887328,2024,2024-10-31,learned_order_extension,20260911,0.3587358053522859,0.3587358053522859,0,1
monthly_state_ungated,3360,2024-11-29,2024-12-09,0.0155919891551781,2024,2024-10-31,learned_order_extension,20260911,0.5668511595937642,0.5668511595937642,1,1
monthly_state_validated,3340,2024-11-01,2024-11-11,0.0434152361258277,2024,2024-10-31,learned_order_extension,20260912,0.5735861212793831,0.5735861212793831,1,1
monthly_state_validated,3345,2024-11-08,2024-11-18,-0.0208584853931589,2024,2024-10-31,learned_order_extension,20260912,0.5817441245707554,0.5817441245707554,1,0
monthly_state_validated,3350,2024-11-15,2024-11-25,-0.0267421712161923,2024,2024-10-31,learned_order_extension,20260912,0.566996458597694,0.566996458597694,1,0
monthly_state_validated,3355,2024-11-22,2024-12-02,0.0087960346887328,2024,2024-10-31,learned_order_extension,20260912,0.6308649379708478,0.6308649379708478,1,1
monthly_state_validated,3360,2024-11-29,2024-12-09,0.0155919891551781,2024,2024-10-31,learned_order_extension,20260912,0.5481166154807285,0.5481166154807285,1,1
monthly_state_ungated,3340,2024-11-01,2024-11-11,0.0434152361258277,2024,2024-10-31,learned_order_extension,20260912,0.5735861212793831,0.5735861212793831,1,1
monthly_state_ungated,3345,2024-11-08,2024-11-18,-0.0208584853931589,2024,2024-10-31,learned_order_extension,20260912,0.5817441245707554,0.5817441245707554,1,0
monthly_state_ungated,3350,2024-11-15,2024-11-25,-0.0267421712161923,2024,2024-10-31,learned_order_extension,20260912,0.566996458597694,0.566996458597694,1,0
monthly_state_ungated,3355,2024-11-22,2024-12-02,0.0087960346887328,2024,2024-10-31,learned_order_extension,20260912,0.6308649379708478,0.6308649379708478,1,1
monthly_state_ungated,3360,2024-11-29,2024-12-09,0.0155919891551781,2024,2024-10-31,learned_order_extension,20260912,0.5481166154807285,0.5481166154807285,1,1
monthly_state_validated,3340,2024-11-01,2024-11-11,0.0434152361258277,2024,2024-10-31,learned_order_offset,20260910,0.5943872844245232,0.5943872844245232,1,1
monthly_state_validated,3345,2024-11-08,2024-11-18,-0.0208584853931589,2024,2024-10-31,learned_order_offset,20260910,0.4117587061424781,0.4117587061424781,0,0
monthly_state_validated,3350,2024-11-15,2024-11-25,-0.0267421712161923,2024,2024-10-31,learned_order_offset,20260910,0.39692557218174884,0.39692557218174884,0,0
monthly_state_validated,3355,2024-11-22,2024-12-02,0.0087960346887328,2024,2024-10-31,learned_order_offset,20260910,0.5105432513675927,0.5105432513675927,1,1
monthly_state_validated,3360,2024-11-29,2024-12-09,0.0155919891551781,2024,2024-10-31,learned_order_offset,20260910,0.5431521172921228,0.5431521172921228,1,1
monthly_state_ungated,3340,2024-11-01,2024-11-11,0.0434152361258277,2024,2024-10-31,learned_order_offset,20260910,0.5943872844245232,0.5943872844245232,1,1
monthly_state_ungated,3345,2024-11-08,2024-11-18,-0.0208584853931589,2024,2024-10-31,learned_order_offset,20260910,0.4117587061424781,0.4117587061424781,0,0
monthly_state_ungated,3350,2024-11-15,2024-11-25,-0.0267421712161923,2024,2024-10-31,learned_order_offset,20260910,0.39692557218174884,0.39692557218174884,0,0
monthly_state_ungated,3355,2024-11-22,2024-12-02,0.0087960346887328,2024,2024-10-31,learned_order_offset,20260910,0.5105432513675927,0.5105432513675927,1,1
monthly_state_ungated,3360,2024-11-29,2024-12-09,0.0155919891551781,2024,2024-10-31,learned_order_offset,20260910,0.5431521172921228,0.5431521172921228,1,1
monthly_state_validated,3340,2024-11-01,2024-11-11,0.0434152361258277,2024,2024-10-31,learned_order_offset,20260911,0.5002268984226751,0.5002268984226751,1,1
monthly_state_validated,3345,2024-11-08,2024-11-18,-0.0208584853931589,2024,2024-10-31,learned_order_offset,20260911,0.3875660008845143,0.3875660008845143,0,0
monthly_state_validated,3350,2024-11-15,2024-11-25,-0.0267421712161923,2024,2024-10-31,learned_order_offset,20260911,0.42067738369660546,0.42067738369660546,0,0
monthly_state_validated,3355,2024-11-22,2024-12-02,0.0087960346887328,2024,2024-10-31,learned_order_offset,20260911,0.359617784320977,0.359617784320977,0,1
monthly_state_validated,3360,2024-11-29,2024-12-09,0.0155919891551781,2024,2024-10-31,learned_order_offset,20260911,0.5668993585118391,0.5668993585118391,1,1
monthly_state_ungated,3340,2024-11-01,2024-11-11,0.0434152361258277,2024,2024-10-31,learned_order_offset,20260911,0.5002268984226751,0.5002268984226751,1,1
monthly_state_ungated,3345,2024-11-08,2024-11-18,-0.0208584853931589,2024,2024-10-31,learned_order_offset,20260911,0.3875660008845143,0.3875660008845143,0,0
monthly_state_ungated,3350,2024-11-15,2024-11-25,-0.0267421712161923,2024,2024-10-31,learned_order_offset,20260911,0.42067738369660546,0.42067738369660546,0,0
monthly_state_ungated,3355,2024-11-22,2024-12-02,0.0087960346887328,2024,2024-10-31,learned_order_offset,20260911,0.359617784320977,0.359617784320977,0,1
monthly_state_ungated,3360,2024-11-29,2024-12-09,0.0155919891551781,2024,2024-10-31,learned_order_offset,20260911,0.5668993585118391,0.5668993585118391,1,1
monthly_state_validated,3340,2024-11-01,2024-11-11,0.0434152361258277,2024,2024-10-31,learned_order_offset,20260912,0.5719000509394175,0.5719000509394175,1,1
monthly_state_validated,3345,2024-11-08,2024-11-18,-0.0208584853931589,2024,2024-10-31,learned_order_offset,20260912,0.5792076167183184,0.5792076167183184,1,0
monthly_state_validated,3350,2024-11-15,2024-11-25,-0.0267421712161923,2024,2024-10-31,learned_order_offset,20260912,0.5639088935846646,0.5639088935846646,1,0
monthly_state_validated,3355,2024-11-22,2024-12-02,0.0087960346887328,2024,2024-10-31,learned_order_offset,20260912,0.6291616290547493,0.6291616290547493,1,1
monthly_state_validated,3360,2024-11-29,2024-12-09,0.0155919891551781,2024,2024-10-31,learned_order_offset,20260912,0.5470802465571543,0.5470802465571543,1,1
monthly_state_ungated,3340,2024-11-01,2024-11-11,0.0434152361258277,2024,2024-10-31,learned_order_offset,20260912,0.5719000509394175,0.5719000509394175,1,1
monthly_state_ungated,3345,2024-11-08,2024-11-18,-0.0208584853931589,2024,2024-10-31,learned_order_offset,20260912,0.5792076167183184,0.5792076167183184,1,0
monthly_state_ungated,3350,2024-11-15,2024-11-25,-0.0267421712161923,2024,2024-10-31,learned_order_offset,20260912,0.5639088935846646,0.5639088935846646,1,0
monthly_state_ungated,3355,2024-11-22,2024-12-02,0.0087960346887328,2024,2024-10-31,learned_order_offset,20260912,0.6291616290547493,0.6291616290547493,1,1
monthly_state_ungated,3360,2024-11-29,2024-12-09,0.0155919891551781,2024,2024-10-31,learned_order_offset,20260912,0.5470802465571543,0.5470802465571543,1,1
monthly_state_validated,3365,2024-12-06,2024-12-16,-0.0100436703218104,2024,2024-11-30,learned_market,20260910,0.5274145252381006,0.5274145252381006,1,0
monthly_state_validated,3370,2024-12-13,2024-12-23,-0.0006690784017421,2024,2024-11-30,learned_market,20260910,0.44138037595664,0.44138037595664,0,0
monthly_state_validated,3375,2024-12-20,2024-12-30,0.0123595076562756,2024,2024-11-30,learned_market,20260910,0.4027666853457167,0.4027666853457167,0,1
monthly_state_validated,3380,2024-12-27,2025-01-06,-0.0504714964669198,2024,2024-11-30,learned_market,20260910,0.38910693571889354,0.38910693571889354,0,0
monthly_state_ungated,3365,2024-12-06,2024-12-16,-0.0100436703218104,2024,2024-11-30,learned_market,20260910,0.5274145252381006,0.5274145252381006,1,0
monthly_state_ungated,3370,2024-12-13,2024-12-23,-0.0006690784017421,2024,2024-11-30,learned_market,20260910,0.44138037595664,0.44138037595664,0,0
monthly_state_ungated,3375,2024-12-20,2024-12-30,0.0123595076562756,2024,2024-11-30,learned_market,20260910,0.38845578755741506,0.38845578755741506,0,1
monthly_state_ungated,3380,2024-12-27,2025-01-06,-0.0504714964669198,2024,2024-11-30,learned_market,20260910,0.3749766583428269,0.3749766583428269,0,0
monthly_state_validated,3365,2024-12-06,2024-12-16,-0.0100436703218104,2024,2024-11-30,learned_market,20260911,0.4339892041348209,0.4339892041348209,0,0
monthly_state_validated,3370,2024-12-13,2024-12-23,-0.0006690784017421,2024,2024-11-30,learned_market,20260911,0.31485157623264104,0.31485157623264104,0,0
monthly_state_validated,3375,2024-12-20,2024-12-30,0.0123595076562756,2024,2024-11-30,learned_market,20260911,0.30917200008354345,0.30917200008354345,0,1
monthly_state_validated,3380,2024-12-27,2025-01-06,-0.0504714964669198,2024,2024-11-30,learned_market,20260911,0.5719698356929027,0.5719698356929027,1,0
monthly_state_ungated,3365,2024-12-06,2024-12-16,-0.0100436703218104,2024,2024-11-30,learned_market,20260911,0.4339892041348209,0.4339892041348209,0,0
monthly_state_ungated,3370,2024-12-13,2024-12-23,-0.0006690784017421,2024,2024-11-30,learned_market,20260911,0.31485157623264104,0.31485157623264104,0,0
monthly_state_ungated,3375,2024-12-20,2024-12-30,0.0123595076562756,2024,2024-11-30,learned_market,20260911,0.29498506303132466,0.29498506303132466,0,1
monthly_state_ungated,3380,2024-12-27,2025-01-06,-0.0504714964669198,2024,2024-11-30,learned_market,20260911,0.5554192270185154,0.5554192270185154,1,0
monthly_state_validated,3365,2024-12-06,2024-12-16,-0.0100436703218104,2024,2024-11-30,learned_market,20260912,0.541404145848568,0.541404145848568,1,0
monthly_state_validated,3370,2024-12-13,2024-12-23,-0.0006690784017421,2024,2024-11-30,learned_market,20260912,0.39882455300182545,0.39882455300182545,0,0
monthly_state_validated,3375,2024-12-20,2024-12-30,0.0123595076562756,2024,2024-11-30,learned_market,20260912,0.3151494536061462,0.3151494536061462,0,1
monthly_state_validated,3380,2024-12-27,2025-01-06,-0.0504714964669198,2024,2024-11-30,learned_market,20260912,0.28110990925447626,0.28110990925447626,0,0
monthly_state_ungated,3365,2024-12-06,2024-12-16,-0.0100436703218104,2024,2024-11-30,learned_market,20260912,0.541404145848568,0.541404145848568,1,0
monthly_state_ungated,3370,2024-12-13,2024-12-23,-0.0006690784017421,2024,2024-11-30,learned_market,20260912,0.39882455300182545,0.39882455300182545,0,0
monthly_state_ungated,3375,2024-12-20,2024-12-30,0.0123595076562756,2024,2024-11-30,learned_market,20260912,0.30467416613532916,0.30467416613532916,0,1
monthly_state_ungated,3380,2024-12-27,2025-01-06,-0.0504714964669198,2024,2024-11-30,learned_market,20260912,0.27131782075990296,0.27131782075990296,0,0
monthly_state_validated,3365,2024-12-06,2024-12-16,-0.0100436703218104,2024,2024-11-30,learned_vol_interaction,20260910,0.5155855931739847,0.5155855931739847,1,0
monthly_state_validated,3370,2024-12-13,2024-12-23,-0.0006690784017421,2024,2024-11-30,learned_vol_interaction,20260910,0.4374261593980381,0.4374261593980381,0,0
monthly_state_validated,3375,2024-12-20,2024-12-30,0.0123595076562756,2024,2024-11-30,learned_vol_interaction,20260910,0.38028593735367683,0.38028593735367683,0,1
monthly_state_validated,3380,2024-12-27,2025-01-06,-0.0504714964669198,2024,2024-11-30,learned_vol_interaction,20260910,0.35616480654444505,0.35616480654444505,0,0
monthly_state_ungated,3365,2024-12-06,2024-12-16,-0.0100436703218104,2024,2024-11-30,learned_vol_interaction,20260910,0.5155855931739847,0.5155855931739847,1,0
monthly_state_ungated,3370,2024-12-13,2024-12-23,-0.0006690784017421,2024,2024-11-30,learned_vol_interaction,20260910,0.4374261593980381,0.4374261593980381,0,0
monthly_state_ungated,3375,2024-12-20,2024-12-30,0.0123595076562756,2024,2024-11-30,learned_vol_interaction,20260910,0.366178701696784,0.366178701696784,0,1
monthly_state_ungated,3380,2024-12-27,2025-01-06,-0.0504714964669198,2024,2024-11-30,learned_vol_interaction,20260910,0.3424579018429609,0.3424579018429609,0,0
monthly_state_validated,3365,2024-12-06,2024-12-16,-0.0100436703218104,2024,2024-11-30,learned_vol_interaction,20260911,0.43406190636390596,0.43406190636390596,0,0
monthly_state_validated,3370,2024-12-13,2024-12-23,-0.0006690784017421,2024,2024-11-30,learned_vol_interaction,20260911,0.31406271260453134,0.31406271260453134,0,0
monthly_state_validated,3375,2024-12-20,2024-12-30,0.0123595076562756,2024,2024-11-30,learned_vol_interaction,20260911,0.3085226494455729,0.3085226494455729,0,1
monthly_state_validated,3380,2024-12-27,2025-01-06,-0.0504714964669198,2024,2024-11-30,learned_vol_interaction,20260911,0.5726178987535363,0.5726178987535363,1,0
monthly_state_ungated,3365,2024-12-06,2024-12-16,-0.0100436703218104,2024,2024-11-30,learned_vol_interaction,20260911,0.43406190636390596,0.43406190636390596,0,0
monthly_state_ungated,3370,2024-12-13,2024-12-23,-0.0006690784017421,2024,2024-11-30,learned_vol_interaction,20260911,0.31406271260453134,0.31406271260453134,0,0
monthly_state_ungated,3375,2024-12-20,2024-12-30,0.0123595076562756,2024,2024-11-30,learned_vol_interaction,20260911,0.29397587903513756,0.29397587903513756,0,1
monthly_state_ungated,3380,2024-12-27,2025-01-06,-0.0504714964669198,2024,2024-11-30,learned_vol_interaction,20260911,0.5556247127437568,0.5556247127437568,1,0
monthly_state_validated,3365,2024-12-06,2024-12-16,-0.0100436703218104,2024,2024-11-30,learned_vol_interaction,20260912,0.5359614220710596,0.5359614220710596,1,0
monthly_state_validated,3370,2024-12-13,2024-12-23,-0.0006690784017421,2024,2024-11-30,learned_vol_interaction,20260912,0.4004266447398538,0.4004266447398538,0,0
monthly_state_validated,3375,2024-12-20,2024-12-30,0.0123595076562756,2024,2024-11-30,learned_vol_interaction,20260912,0.3173047617142704,0.3173047617142704,0,1
monthly_state_validated,3380,2024-12-27,2025-01-06,-0.0504714964669198,2024,2024-11-30,learned_vol_interaction,20260912,0.27582764169478674,0.27582764169478674,0,0
monthly_state_ungated,3365,2024-12-06,2024-12-16,-0.0100436703218104,2024,2024-11-30,learned_vol_interaction,20260912,0.5359614220710596,0.5359614220710596,1,0
monthly_state_ungated,3370,2024-12-13,2024-12-23,-0.0006690784017421,2024,2024-11-30,learned_vol_interaction,20260912,0.4004266447398538,0.4004266447398538,0,0
monthly_state_ungated,3375,2024-12-20,2024-12-30,0.0123595076562756,2024,2024-11-30,learned_vol_interaction,20260912,0.30688362139732167,0.30688362139732167,0,1
monthly_state_ungated,3380,2024-12-27,2025-01-06,-0.0504714964669198,2024,2024-11-30,learned_vol_interaction,20260912,0.26623748282531384,0.26623748282531384,0,0
monthly_state_validated,3365,2024-12-06,2024-12-16,-0.0100436703218104,2024,2024-11-30,learned_order_extension,20260910,0.49467283869914347,0.49467283869914347,0,0
monthly_state_validated,3370,2024-12-13,2024-12-23,-0.0006690784017421,2024,2024-11-30,learned_order_extension,20260910,0.41586894239738387,0.41586894239738387,0,0
monthly_state_validated,3375,2024-12-20,2024-12-30,0.0123595076562756,2024,2024-11-30,learned_order_extension,20260910,0.35397540001038474,0.35397540001038474,0,1
monthly_state_validated,3380,2024-12-27,2025-01-06,-0.0504714964669198,2024,2024-11-30,learned_order_extension,20260910,0.3176586272754358,0.3176586272754358,0,0
monthly_state_ungated,3365,2024-12-06,2024-12-16,-0.0100436703218104,2024,2024-11-30,learned_order_extension,20260910,0.49467283869914347,0.49467283869914347,0,0
monthly_state_ungated,3370,2024-12-13,2024-12-23,-0.0006690784017421,2024,2024-11-30,learned_order_extension,20260910,0.41586894239738387,0.41586894239738387,0,0
monthly_state_ungated,3375,2024-12-20,2024-12-30,0.0123595076562756,2024,2024-11-30,learned_order_extension,20260910,0.3405269675687145,0.3405269675687145,0,1
monthly_state_ungated,3380,2024-12-27,2025-01-06,-0.0504714964669198,2024,2024-11-30,learned_order_extension,20260910,0.3049386797591832,0.3049386797591832,0,0
monthly_state_validated,3365,2024-12-06,2024-12-16,-0.0100436703218104,2024,2024-11-30,learned_order_extension,20260911,0.4286991101928549,0.4286991101928549,0,0
monthly_state_validated,3370,2024-12-13,2024-12-23,-0.0006690784017421,2024,2024-11-30,learned_order_extension,20260911,0.2761154663058125,0.2761154663058125,0,0
monthly_state_validated,3375,2024-12-20,2024-12-30,0.0123595076562756,2024,2024-11-30,learned_order_extension,20260911,0.2681467130129062,0.2681467130129062,0,1
monthly_state_validated,3380,2024-12-27,2025-01-06,-0.0504714964669198,2024,2024-11-30,learned_order_extension,20260911,0.6253462942157451,0.6253462942157451,1,0
monthly_state_ungated,3365,2024-12-06,2024-12-16,-0.0100436703218104,2024,2024-11-30,learned_order_extension,20260911,0.4286991101928549,0.4286991101928549,0,0
monthly_state_ungated,3370,2024-12-13,2024-12-23,-0.0006690784017421,2024,2024-11-30,learned_order_extension,20260911,0.2761154663058125,0.2761154663058125,0,0
monthly_state_ungated,3375,2024-12-20,2024-12-30,0.0123595076562756,2024,2024-11-30,learned_order_extension,20260911,0.2576042564645464,0.2576042564645464,0,1
monthly_state_ungated,3380,2024-12-27,2025-01-06,-0.0504714964669198,2024,2024-11-30,learned_order_extension,20260911,0.6125138118486255,0.6125138118486255,1,0
monthly_state_validated,3365,2024-12-06,2024-12-16,-0.0100436703218104,2024,2024-11-30,learned_order_extension,20260912,0.5160872470925407,0.5160872470925407,1,0
monthly_state_validated,3370,2024-12-13,2024-12-23,-0.0006690784017421,2024,2024-11-30,learned_order_extension,20260912,0.3979505994458215,0.3979505994458215,0,0
monthly_state_validated,3375,2024-12-20,2024-12-30,0.0123595076562756,2024,2024-11-30,learned_order_extension,20260912,0.2883934543425278,0.2883934543425278,0,1
monthly_state_validated,3380,2024-12-27,2025-01-06,-0.0504714964669198,2024,2024-11-30,learned_order_extension,20260912,0.2139925614407288,0.2139925614407288,0,0
monthly_state_ungated,3365,2024-12-06,2024-12-16,-0.0100436703218104,2024,2024-11-30,learned_order_extension,20260912,0.5160872470925407,0.5160872470925407,1,0
monthly_state_ungated,3370,2024-12-13,2024-12-23,-0.0006690784017421,2024,2024-11-30,learned_order_extension,20260912,0.3979505994458215,0.3979505994458215,0,0
monthly_state_ungated,3375,2024-12-20,2024-12-30,0.0123595076562756,2024,2024-11-30,learned_order_extension,20260912,0.2798740900434303,0.2798740900434303,0,1
monthly_state_ungated,3380,2024-12-27,2025-01-06,-0.0504714964669198,2024,2024-11-30,learned_order_extension,20260912,0.2070316212852553,0.2070316212852553,0,0
monthly_state_validated,3365,2024-12-06,2024-12-16,-0.0100436703218104,2024,2024-11-30,learned_order_offset,20260910,0.4931973928594116,0.4931973928594116,0,0
monthly_state_validated,3370,2024-12-13,2024-12-23,-0.0006690784017421,2024,2024-11-30,learned_order_offset,20260910,0.4157930804208651,0.4157930804208651,0,0
monthly_state_validated,3375,2024-12-20,2024-12-30,0.0123595076562756,2024,2024-11-30,learned_order_offset,20260910,0.35365572271165413,0.35365572271165413,0,1
monthly_state_validated,3380,2024-12-27,2025-01-06,-0.0504714964669198,2024,2024-11-30,learned_order_offset,20260910,0.3182149884773887,0.3182149884773887,0,0
monthly_state_ungated,3365,2024-12-06,2024-12-16,-0.0100436703218104,2024,2024-11-30,learned_order_offset,20260910,0.4931973928594116,0.4931973928594116,0,0
monthly_state_ungated,3370,2024-12-13,2024-12-23,-0.0006690784017421,2024,2024-11-30,learned_order_offset,20260910,0.4157930804208651,0.4157930804208651,0,0
monthly_state_ungated,3375,2024-12-20,2024-12-30,0.0123595076562756,2024,2024-11-30,learned_order_offset,20260910,0.34025706891489316,0.34025706891489316,0,1
monthly_state_ungated,3380,2024-12-27,2025-01-06,-0.0504714964669198,2024,2024-11-30,learned_order_offset,20260910,0.3055243526082243,0.3055243526082243,0,0
monthly_state_validated,3365,2024-12-06,2024-12-16,-0.0100436703218104,2024,2024-11-30,learned_order_offset,20260911,0.4285689114501956,0.4285689114501956,0,0
monthly_state_validated,3370,2024-12-13,2024-12-23,-0.0006690784017421,2024,2024-11-30,learned_order_offset,20260911,0.277133608311407,0.277133608311407,0,0
monthly_state_validated,3375,2024-12-20,2024-12-30,0.0123595076562756,2024,2024-11-30,learned_order_offset,20260911,0.26960863109736993,0.26960863109736993,0,1
monthly_state_validated,3380,2024-12-27,2025-01-06,-0.0504714964669198,2024,2024-11-30,learned_order_offset,20260911,0.6241226842198904,0.6241226842198904,1,0
monthly_state_ungated,3365,2024-12-06,2024-12-16,-0.0100436703218104,2024,2024-11-30,learned_order_offset,20260911,0.4285689114501956,0.4285689114501956,0,0
monthly_state_ungated,3370,2024-12-13,2024-12-23,-0.0006690784017421,2024,2024-11-30,learned_order_offset,20260911,0.277133608311407,0.277133608311407,0,0
monthly_state_ungated,3375,2024-12-20,2024-12-30,0.0123595076562756,2024,2024-11-30,learned_order_offset,20260911,0.25920830414705265,0.25920830414705265,0,1
monthly_state_ungated,3380,2024-12-27,2025-01-06,-0.0504714964669198,2024,2024-11-30,learned_order_offset,20260911,0.6114962031875889,0.6114962031875889,1,0
monthly_state_validated,3365,2024-12-06,2024-12-16,-0.0100436703218104,2024,2024-11-30,learned_order_offset,20260912,0.5150626516103205,0.5150626516103205,1,0
monthly_state_validated,3370,2024-12-13,2024-12-23,-0.0006690784017421,2024,2024-11-30,learned_order_offset,20260912,0.3987822872324129,0.3987822872324129,0,0
monthly_state_validated,3375,2024-12-20,2024-12-30,0.0123595076562756,2024,2024-11-30,learned_order_offset,20260912,0.2901534172352464,0.2901534172352464,0,1
monthly_state_validated,3380,2024-12-27,2025-01-06,-0.0504714964669198,2024,2024-11-30,learned_order_offset,20260912,0.2168218722083948,0.2168218722083948,0,0
monthly_state_ungated,3365,2024-12-06,2024-12-16,-0.0100436703218104,2024,2024-11-30,learned_order_offset,20260912,0.5150626516103205,0.5150626516103205,1,0
monthly_state_ungated,3370,2024-12-13,2024-12-23,-0.0006690784017421,2024,2024-11-30,learned_order_offset,20260912,0.3987822872324129,0.3987822872324129,0,0
monthly_state_ungated,3375,2024-12-20,2024-12-30,0.0123595076562756,2024,2024-11-30,learned_order_offset,20260912,0.2816056725937353,0.2816056725937353,0,1
monthly_state_ungated,3380,2024-12-27,2025-01-06,-0.0504714964669198,2024,2024-11-30,learned_order_offset,20260912,0.20979595065816964,0.20979595065816964,0,0
monthly_state_validated,3384,2025-01-03,2025-01-13,-0.0189486730632231,2025,2024-12-31,learned_market,20260910,0.38233645545210077,0.38233645545210077,0,0
monthly_state_validated,3389,2025-01-10,2025-01-20,0.0353251773547418,2025,2024-12-31,learned_market,20260910,0.3910227915849612,0.3910227915849612,0,1
monthly_state_validated,3394,2025-01-17,2025-01-27,0.000432821422053,2025,2024-12-31,learned_market,20260910,0.49015728346105064,0.49015728346105064,0,1
monthly_state_validated,3399,2025-01-24,2025-02-10,0.0159344898044284,2025,2024-12-31,learned_market,20260910,0.43779872313730184,0.43779872313730184,0,1
monthly_state_ungated,3384,2025-01-03,2025-01-13,-0.0189486730632231,2025,2024-12-31,learned_market,20260910,0.38233645545210077,0.38233645545210077,0,0
monthly_state_ungated,3389,2025-01-10,2025-01-20,0.0353251773547418,2025,2024-12-31,learned_market,20260910,0.3910227915849612,0.3910227915849612,0,1
monthly_state_ungated,3394,2025-01-17,2025-01-27,0.000432821422053,2025,2024-12-31,learned_market,20260910,0.49015728346105064,0.49015728346105064,0,1
monthly_state_ungated,3399,2025-01-24,2025-02-10,0.0159344898044284,2025,2024-12-31,learned_market,20260910,0.43779872313730184,0.43779872313730184,0,1
monthly_state_validated,3384,2025-01-03,2025-01-13,-0.0189486730632231,2025,2024-12-31,learned_market,20260911,0.42821132783780086,0.42821132783780086,0,0
monthly_state_validated,3389,2025-01-10,2025-01-20,0.0353251773547418,2025,2024-12-31,learned_market,20260911,0.3899957296673264,0.3899957296673264,0,1
monthly_state_validated,3394,2025-01-17,2025-01-27,0.000432821422053,2025,2024-12-31,learned_market,20260911,0.5369659260153571,0.5369659260153571,1,1
monthly_state_validated,3399,2025-01-24,2025-02-10,0.0159344898044284,2025,2024-12-31,learned_market,20260911,0.579417237715051,0.579417237715051,1,1
monthly_state_ungated,3384,2025-01-03,2025-01-13,-0.0189486730632231,2025,2024-12-31,learned_market,20260911,0.42821132783780086,0.42821132783780086,0,0
monthly_state_ungated,3389,2025-01-10,2025-01-20,0.0353251773547418,2025,2024-12-31,learned_market,20260911,0.3899957296673264,0.3899957296673264,0,1
monthly_state_ungated,3394,2025-01-17,2025-01-27,0.000432821422053,2025,2024-12-31,learned_market,20260911,0.5369659260153571,0.5369659260153571,1,1
monthly_state_ungated,3399,2025-01-24,2025-02-10,0.0159344898044284,2025,2024-12-31,learned_market,20260911,0.579417237715051,0.579417237715051,1,1
monthly_state_validated,3384,2025-01-03,2025-01-13,-0.0189486730632231,2025,2024-12-31,learned_market,20260912,0.42089025641362,0.42089025641362,0,0
monthly_state_validated,3389,2025-01-10,2025-01-20,0.0353251773547418,2025,2024-12-31,learned_market,20260912,0.6539720773420672,0.6539720773420672,1,1
monthly_state_validated,3394,2025-01-17,2025-01-27,0.000432821422053,2025,2024-12-31,learned_market,20260912,0.5597316894392553,0.5597316894392553,1,1
monthly_state_validated,3399,2025-01-24,2025-02-10,0.0159344898044284,2025,2024-12-31,learned_market,20260912,0.7143346906245566,0.7143346906245566,1,1
monthly_state_ungated,3384,2025-01-03,2025-01-13,-0.0189486730632231,2025,2024-12-31,learned_market,20260912,0.42089025641362,0.42089025641362,0,0
monthly_state_ungated,3389,2025-01-10,2025-01-20,0.0353251773547418,2025,2024-12-31,learned_market,20260912,0.6539720773420672,0.6539720773420672,1,1
monthly_state_ungated,3394,2025-01-17,2025-01-27,0.000432821422053,2025,2024-12-31,learned_market,20260912,0.5597316894392553,0.5597316894392553,1,1
monthly_state_ungated,3399,2025-01-24,2025-02-10,0.0159344898044284,2025,2024-12-31,learned_market,20260912,0.7143346906245566,0.7143346906245566,1,1
monthly_state_validated,3384,2025-01-03,2025-01-13,-0.0189486730632231,2025,2024-12-31,learned_vol_interaction,20260910,0.38666219011730185,0.38666219011730185,0,0
monthly_state_validated,3389,2025-01-10,2025-01-20,0.0353251773547418,2025,2024-12-31,learned_vol_interaction,20260910,0.3791321657754841,0.3791321657754841,0,1
monthly_state_validated,3394,2025-01-17,2025-01-27,0.000432821422053,2025,2024-12-31,learned_vol_interaction,20260910,0.4768105126561029,0.4768105126561029,0,1
monthly_state_validated,3399,2025-01-24,2025-02-10,0.0159344898044284,2025,2024-12-31,learned_vol_interaction,20260910,0.46081361135637805,0.46081361135637805,0,1
monthly_state_ungated,3384,2025-01-03,2025-01-13,-0.0189486730632231,2025,2024-12-31,learned_vol_interaction,20260910,0.38666219011730185,0.38666219011730185,0,0
monthly_state_ungated,3389,2025-01-10,2025-01-20,0.0353251773547418,2025,2024-12-31,learned_vol_interaction,20260910,0.3791321657754841,0.3791321657754841,0,1
monthly_state_ungated,3394,2025-01-17,2025-01-27,0.000432821422053,2025,2024-12-31,learned_vol_interaction,20260910,0.4768105126561029,0.4768105126561029,0,1
monthly_state_ungated,3399,2025-01-24,2025-02-10,0.0159344898044284,2025,2024-12-31,learned_vol_interaction,20260910,0.46081361135637805,0.46081361135637805,0,1
monthly_state_validated,3384,2025-01-03,2025-01-13,-0.0189486730632231,2025,2024-12-31,learned_vol_interaction,20260911,0.4305231359543153,0.4305231359543153,0,0
monthly_state_validated,3389,2025-01-10,2025-01-20,0.0353251773547418,2025,2024-12-31,learned_vol_interaction,20260911,0.38884089510088987,0.38884089510088987,0,1
monthly_state_validated,3394,2025-01-17,2025-01-27,0.000432821422053,2025,2024-12-31,learned_vol_interaction,20260911,0.5344292773183893,0.5344292773183893,1,1
monthly_state_validated,3399,2025-01-24,2025-02-10,0.0159344898044284,2025,2024-12-31,learned_vol_interaction,20260911,0.5733087009015438,0.5733087009015438,1,1
monthly_state_ungated,3384,2025-01-03,2025-01-13,-0.0189486730632231,2025,2024-12-31,learned_vol_interaction,20260911,0.4305231359543153,0.4305231359543153,0,0
monthly_state_ungated,3389,2025-01-10,2025-01-20,0.0353251773547418,2025,2024-12-31,learned_vol_interaction,20260911,0.38884089510088987,0.38884089510088987,0,1
monthly_state_ungated,3394,2025-01-17,2025-01-27,0.000432821422053,2025,2024-12-31,learned_vol_interaction,20260911,0.5344292773183893,0.5344292773183893,1,1
monthly_state_ungated,3399,2025-01-24,2025-02-10,0.0159344898044284,2025,2024-12-31,learned_vol_interaction,20260911,0.5733087009015438,0.5733087009015438,1,1
monthly_state_validated,3384,2025-01-03,2025-01-13,-0.0189486730632231,2025,2024-12-31,learned_vol_interaction,20260912,0.4216991098514313,0.4216991098514313,0,0
monthly_state_validated,3389,2025-01-10,2025-01-20,0.0353251773547418,2025,2024-12-31,learned_vol_interaction,20260912,0.6572683815072808,0.6572683815072808,1,1
monthly_state_validated,3394,2025-01-17,2025-01-27,0.000432821422053,2025,2024-12-31,learned_vol_interaction,20260912,0.5624117839252505,0.5624117839252505,1,1
monthly_state_validated,3399,2025-01-24,2025-02-10,0.0159344898044284,2025,2024-12-31,learned_vol_interaction,20260912,0.7143566519320824,0.7143566519320824,1,1
monthly_state_ungated,3384,2025-01-03,2025-01-13,-0.0189486730632231,2025,2024-12-31,learned_vol_interaction,20260912,0.4216991098514313,0.4216991098514313,0,0
monthly_state_ungated,3389,2025-01-10,2025-01-20,0.0353251773547418,2025,2024-12-31,learned_vol_interaction,20260912,0.6572683815072808,0.6572683815072808,1,1
monthly_state_ungated,3394,2025-01-17,2025-01-27,0.000432821422053,2025,2024-12-31,learned_vol_interaction,20260912,0.5624117839252505,0.5624117839252505,1,1
monthly_state_ungated,3399,2025-01-24,2025-02-10,0.0159344898044284,2025,2024-12-31,learned_vol_interaction,20260912,0.7143566519320824,0.7143566519320824,1,1
monthly_state_validated,3384,2025-01-03,2025-01-13,-0.0189486730632231,2025,2024-12-31,learned_order_extension,20260910,0.36600157937330885,0.36600157937330885,0,0
monthly_state_validated,3389,2025-01-10,2025-01-20,0.0353251773547418,2025,2024-12-31,learned_order_extension,20260910,0.35256611690823136,0.35256611690823136,0,1
monthly_state_validated,3394,2025-01-17,2025-01-27,0.000432821422053,2025,2024-12-31,learned_order_extension,20260910,0.48744472138871614,0.48744472138871614,0,1
monthly_state_validated,3399,2025-01-24,2025-02-10,0.0159344898044284,2025,2024-12-31,learned_order_extension,20260910,0.4710830358173244,0.4710830358173244,0,1
monthly_state_ungated,3384,2025-01-03,2025-01-13,-0.0189486730632231,2025,2024-12-31,learned_order_extension,20260910,0.36600157937330885,0.36600157937330885,0,0
monthly_state_ungated,3389,2025-01-10,2025-01-20,0.0353251773547418,2025,2024-12-31,learned_order_extension,20260910,0.35256611690823136,0.35256611690823136,0,1
monthly_state_ungated,3394,2025-01-17,2025-01-27,0.000432821422053,2025,2024-12-31,learned_order_extension,20260910,0.48744472138871614,0.48744472138871614,0,1
monthly_state_ungated,3399,2025-01-24,2025-02-10,0.0159344898044284,2025,2024-12-31,learned_order_extension,20260910,0.4710830358173244,0.4710830358173244,0,1
monthly_state_validated,3384,2025-01-03,2025-01-13,-0.0189486730632231,2025,2024-12-31,learned_order_extension,20260911,0.43065388292304235,0.43065388292304235,0,0
monthly_state_validated,3389,2025-01-10,2025-01-20,0.0353251773547418,2025,2024-12-31,learned_order_extension,20260911,0.3891931634884253,0.3891931634884253,0,1
monthly_state_validated,3394,2025-01-17,2025-01-27,0.000432821422053,2025,2024-12-31,learned_order_extension,20260911,0.5293310636016386,0.5293310636016386,1,1
monthly_state_validated,3399,2025-01-24,2025-02-10,0.0159344898044284,2025,2024-12-31,learned_order_extension,20260911,0.5678795814188538,0.5678795814188538,1,1
monthly_state_ungated,3384,2025-01-03,2025-01-13,-0.0189486730632231,2025,2024-12-31,learned_order_extension,20260911,0.43065388292304235,0.43065388292304235,0,0
monthly_state_ungated,3389,2025-01-10,2025-01-20,0.0353251773547418,2025,2024-12-31,learned_order_extension,20260911,0.3891931634884253,0.3891931634884253,0,1
monthly_state_ungated,3394,2025-01-17,2025-01-27,0.000432821422053,2025,2024-12-31,learned_order_extension,20260911,0.5293310636016386,0.5293310636016386,1,1
monthly_state_ungated,3399,2025-01-24,2025-02-10,0.0159344898044284,2025,2024-12-31,learned_order_extension,20260911,0.5678795814188538,0.5678795814188538,1,1
monthly_state_validated,3384,2025-01-03,2025-01-13,-0.0189486730632231,2025,2024-12-31,learned_order_extension,20260912,0.43188465804609494,0.43188465804609494,0,0
monthly_state_validated,3389,2025-01-10,2025-01-20,0.0353251773547418,2025,2024-12-31,learned_order_extension,20260912,0.7180313467789317,0.7180313467789317,1,1
monthly_state_validated,3394,2025-01-17,2025-01-27,0.000432821422053,2025,2024-12-31,learned_order_extension,20260912,0.6186516338053223,0.6186516338053223,1,1
monthly_state_validated,3399,2025-01-24,2025-02-10,0.0159344898044284,2025,2024-12-31,learned_order_extension,20260912,0.7832822932916682,0.7832822932916682,1,1
monthly_state_ungated,3384,2025-01-03,2025-01-13,-0.0189486730632231,2025,2024-12-31,learned_order_extension,20260912,0.43188465804609494,0.43188465804609494,0,0
monthly_state_ungated,3389,2025-01-10,2025-01-20,0.0353251773547418,2025,2024-12-31,learned_order_extension,20260912,0.7180313467789317,0.7180313467789317,1,1
monthly_state_ungated,3394,2025-01-17,2025-01-27,0.000432821422053,2025,2024-12-31,learned_order_extension,20260912,0.6186516338053223,0.6186516338053223,1,1
monthly_state_ungated,3399,2025-01-24,2025-02-10,0.0159344898044284,2025,2024-12-31,learned_order_extension,20260912,0.7832822932916682,0.7832822932916682,1,1
monthly_state_validated,3384,2025-01-03,2025-01-13,-0.0189486730632231,2025,2024-12-31,learned_order_offset,20260910,0.36669421956338505,0.36669421956338505,0,0
monthly_state_validated,3389,2025-01-10,2025-01-20,0.0353251773547418,2025,2024-12-31,learned_order_offset,20260910,0.35282059228350937,0.35282059228350937,0,1
monthly_state_validated,3394,2025-01-17,2025-01-27,0.000432821422053,2025,2024-12-31,learned_order_offset,20260910,0.48807314138283653,0.48807314138283653,0,1
monthly_state_validated,3399,2025-01-24,2025-02-10,0.0159344898044284,2025,2024-12-31,learned_order_offset,20260910,0.4717801139449288,0.4717801139449288,0,1
monthly_state_ungated,3384,2025-01-03,2025-01-13,-0.0189486730632231,2025,2024-12-31,learned_order_offset,20260910,0.36669421956338505,0.36669421956338505,0,0
monthly_state_ungated,3389,2025-01-10,2025-01-20,0.0353251773547418,2025,2024-12-31,learned_order_offset,20260910,0.35282059228350937,0.35282059228350937,0,1
monthly_state_ungated,3394,2025-01-17,2025-01-27,0.000432821422053,2025,2024-12-31,learned_order_offset,20260910,0.48807314138283653,0.48807314138283653,0,1
monthly_state_ungated,3399,2025-01-24,2025-02-10,0.0159344898044284,2025,2024-12-31,learned_order_offset,20260910,0.4717801139449288,0.4717801139449288,0,1
monthly_state_validated,3384,2025-01-03,2025-01-13,-0.0189486730632231,2025,2024-12-31,learned_order_offset,20260911,0.430743812553328,0.430743812553328,0,0
monthly_state_validated,3389,2025-01-10,2025-01-20,0.0353251773547418,2025,2024-12-31,learned_order_offset,20260911,0.3892930545383684,0.3892930545383684,0,1
monthly_state_validated,3394,2025-01-17,2025-01-27,0.000432821422053,2025,2024-12-31,learned_order_offset,20260911,0.52934454260111,0.52934454260111,1,1
monthly_state_validated,3399,2025-01-24,2025-02-10,0.0159344898044284,2025,2024-12-31,learned_order_offset,20260911,0.5679288793949586,0.5679288793949586,1,1
monthly_state_ungated,3384,2025-01-03,2025-01-13,-0.0189486730632231,2025,2024-12-31,learned_order_offset,20260911,0.430743812553328,0.430743812553328,0,0
monthly_state_ungated,3389,2025-01-10,2025-01-20,0.0353251773547418,2025,2024-12-31,learned_order_offset,20260911,0.3892930545383684,0.3892930545383684,0,1
monthly_state_ungated,3394,2025-01-17,2025-01-27,0.000432821422053,2025,2024-12-31,learned_order_offset,20260911,0.52934454260111,0.52934454260111,1,1
monthly_state_ungated,3399,2025-01-24,2025-02-10,0.0159344898044284,2025,2024-12-31,learned_order_offset,20260911,0.5679288793949586,0.5679288793949586,1,1
monthly_state_validated,3384,2025-01-03,2025-01-13,-0.0189486730632231,2025,2024-12-31,learned_order_offset,20260912,0.4326309825835323,0.4326309825835323,0,0
monthly_state_validated,3389,2025-01-10,2025-01-20,0.0353251773547418,2025,2024-12-31,learned_order_offset,20260912,0.7155096866522207,0.7155096866522207,1,1
monthly_state_validated,3394,2025-01-17,2025-01-27,0.000432821422053,2025,2024-12-31,learned_order_offset,20260912,0.6172483281551261,0.6172483281551261,1,1
monthly_state_validated,3399,2025-01-24,2025-02-10,0.0159344898044284,2025,2024-12-31,learned_order_offset,20260912,0.7808632543831274,0.7808632543831274,1,1
monthly_state_ungated,3384,2025-01-03,2025-01-13,-0.0189486730632231,2025,2024-12-31,learned_order_offset,20260912,0.4326309825835323,0.4326309825835323,0,0
monthly_state_ungated,3389,2025-01-10,2025-01-20,0.0353251773547418,2025,2024-12-31,learned_order_offset,20260912,0.7155096866522207,0.7155096866522207,1,1
monthly_state_ungated,3394,2025-01-17,2025-01-27,0.000432821422053,2025,2024-12-31,learned_order_offset,20260912,0.6172483281551261,0.6172483281551261,1,1
monthly_state_ungated,3399,2025-01-24,2025-02-10,0.0159344898044284,2025,2024-12-31,learned_order_offset,20260912,0.7808632543831274,0.7808632543831274,1,1
monthly_state_validated,3403,2025-02-07,2025-02-17,0.0144454990892999,2025,2025-01-31,learned_market,20260910,0.5065763414140139,0.5065763414140139,1,1
monthly_state_validated,3408,2025-02-14,2025-02-24,0.0045695818086644,2025,2025-01-31,learned_market,20260910,0.5698063647751795,0.5698063647751795,1,1
monthly_state_validated,3413,2025-02-21,2025-03-03,-0.0183210488158531,2025,2025-01-31,learned_market,20260910,0.5387747536285505,0.5387747536285505,1,0
monthly_state_validated,3418,2025-02-28,2025-03-10,0.0117650075646844,2025,2025-01-31,learned_market,20260910,0.4812656782302869,0.4812656782302869,0,1
monthly_state_ungated,3403,2025-02-07,2025-02-17,0.0144454990892999,2025,2025-01-31,learned_market,20260910,0.5065763414140139,0.5065763414140139,1,1
monthly_state_ungated,3408,2025-02-14,2025-02-24,0.0045695818086644,2025,2025-01-31,learned_market,20260910,0.5698063647751795,0.5698063647751795,1,1
monthly_state_ungated,3413,2025-02-21,2025-03-03,-0.0183210488158531,2025,2025-01-31,learned_market,20260910,0.5387747536285505,0.5387747536285505,1,0
monthly_state_ungated,3418,2025-02-28,2025-03-10,0.0117650075646844,2025,2025-01-31,learned_market,20260910,0.4812656782302869,0.4812656782302869,0,1
monthly_state_validated,3403,2025-02-07,2025-02-17,0.0144454990892999,2025,2025-01-31,learned_market,20260911,0.6179638900480853,0.6179638900480853,1,1
monthly_state_validated,3408,2025-02-14,2025-02-24,0.0045695818086644,2025,2025-01-31,learned_market,20260911,0.616114705527485,0.616114705527485,1,1
monthly_state_validated,3413,2025-02-21,2025-03-03,-0.0183210488158531,2025,2025-01-31,learned_market,20260911,0.562117179520429,0.562117179520429,1,0
monthly_state_validated,3418,2025-02-28,2025-03-10,0.0117650075646844,2025,2025-01-31,learned_market,20260911,0.5285781284571346,0.5285781284571346,1,1
monthly_state_ungated,3403,2025-02-07,2025-02-17,0.0144454990892999,2025,2025-01-31,learned_market,20260911,0.6179638900480853,0.6179638900480853,1,1
monthly_state_ungated,3408,2025-02-14,2025-02-24,0.0045695818086644,2025,2025-01-31,learned_market,20260911,0.616114705527485,0.616114705527485,1,1
monthly_state_ungated,3413,2025-02-21,2025-03-03,-0.0183210488158531,2025,2025-01-31,learned_market,20260911,0.562117179520429,0.562117179520429,1,0
monthly_state_ungated,3418,2025-02-28,2025-03-10,0.0117650075646844,2025,2025-01-31,learned_market,20260911,0.5285781284571346,0.5285781284571346,1,1
monthly_state_validated,3403,2025-02-07,2025-02-17,0.0144454990892999,2025,2025-01-31,learned_market,20260912,0.6628191037923492,0.6628191037923492,1,1
monthly_state_validated,3408,2025-02-14,2025-02-24,0.0045695818086644,2025,2025-01-31,learned_market,20260912,0.6357468977060057,0.6357468977060057,1,1
monthly_state_validated,3413,2025-02-21,2025-03-03,-0.0183210488158531,2025,2025-01-31,learned_market,20260912,0.3807729420629625,0.3807729420629625,0,0
monthly_state_validated,3418,2025-02-28,2025-03-10,0.0117650075646844,2025,2025-01-31,learned_market,20260912,0.5714127704615375,0.5714127704615375,1,1
monthly_state_ungated,3403,2025-02-07,2025-02-17,0.0144454990892999,2025,2025-01-31,learned_market,20260912,0.6628191037923492,0.6628191037923492,1,1
monthly_state_ungated,3408,2025-02-14,2025-02-24,0.0045695818086644,2025,2025-01-31,learned_market,20260912,0.6357468977060057,0.6357468977060057,1,1
monthly_state_ungated,3413,2025-02-21,2025-03-03,-0.0183210488158531,2025,2025-01-31,learned_market,20260912,0.3807729420629625,0.3807729420629625,0,0
monthly_state_ungated,3418,2025-02-28,2025-03-10,0.0117650075646844,2025,2025-01-31,learned_market,20260912,0.5714127704615375,0.5714127704615375,1,1
monthly_state_validated,3403,2025-02-07,2025-02-17,0.0144454990892999,2025,2025-01-31,learned_vol_interaction,20260910,0.5021249737202294,0.5021249737202294,1,1
monthly_state_validated,3408,2025-02-14,2025-02-24,0.0045695818086644,2025,2025-01-31,learned_vol_interaction,20260910,0.5796741457129003,0.5796741457129003,1,1
monthly_state_validated,3413,2025-02-21,2025-03-03,-0.0183210488158531,2025,2025-01-31,learned_vol_interaction,20260910,0.5894724308913238,0.5894724308913238,1,0
monthly_state_validated,3418,2025-02-28,2025-03-10,0.0117650075646844,2025,2025-01-31,learned_vol_interaction,20260910,0.5038224926529957,0.5038224926529957,1,1
monthly_state_ungated,3403,2025-02-07,2025-02-17,0.0144454990892999,2025,2025-01-31,learned_vol_interaction,20260910,0.5021249737202294,0.5021249737202294,1,1
monthly_state_ungated,3408,2025-02-14,2025-02-24,0.0045695818086644,2025,2025-01-31,learned_vol_interaction,20260910,0.5796741457129003,0.5796741457129003,1,1
monthly_state_ungated,3413,2025-02-21,2025-03-03,-0.0183210488158531,2025,2025-01-31,learned_vol_interaction,20260910,0.5894724308913238,0.5894724308913238,1,0
monthly_state_ungated,3418,2025-02-28,2025-03-10,0.0117650075646844,2025,2025-01-31,learned_vol_interaction,20260910,0.5038224926529957,0.5038224926529957,1,1
monthly_state_validated,3403,2025-02-07,2025-02-17,0.0144454990892999,2025,2025-01-31,learned_vol_interaction,20260911,0.6229730094392066,0.6229730094392066,1,1
monthly_state_validated,3408,2025-02-14,2025-02-24,0.0045695818086644,2025,2025-01-31,learned_vol_interaction,20260911,0.6249392220388966,0.6249392220388966,1,1
monthly_state_validated,3413,2025-02-21,2025-03-03,-0.0183210488158531,2025,2025-01-31,learned_vol_interaction,20260911,0.5770853748295083,0.5770853748295083,1,0
monthly_state_validated,3418,2025-02-28,2025-03-10,0.0117650075646844,2025,2025-01-31,learned_vol_interaction,20260911,0.5320196258694382,0.5320196258694382,1,1
monthly_state_ungated,3403,2025-02-07,2025-02-17,0.0144454990892999,2025,2025-01-31,learned_vol_interaction,20260911,0.6229730094392066,0.6229730094392066,1,1
monthly_state_ungated,3408,2025-02-14,2025-02-24,0.0045695818086644,2025,2025-01-31,learned_vol_interaction,20260911,0.6249392220388966,0.6249392220388966,1,1
monthly_state_ungated,3413,2025-02-21,2025-03-03,-0.0183210488158531,2025,2025-01-31,learned_vol_interaction,20260911,0.5770853748295083,0.5770853748295083,1,0
monthly_state_ungated,3418,2025-02-28,2025-03-10,0.0117650075646844,2025,2025-01-31,learned_vol_interaction,20260911,0.5320196258694382,0.5320196258694382,1,1
monthly_state_validated,3403,2025-02-07,2025-02-17,0.0144454990892999,2025,2025-01-31,learned_vol_interaction,20260912,0.6656753647706254,0.6656753647706254,1,1
monthly_state_validated,3408,2025-02-14,2025-02-24,0.0045695818086644,2025,2025-01-31,learned_vol_interaction,20260912,0.6366748986711647,0.6366748986711647,1,1
monthly_state_validated,3413,2025-02-21,2025-03-03,-0.0183210488158531,2025,2025-01-31,learned_vol_interaction,20260912,0.3758479309011285,0.3758479309011285,0,0
monthly_state_validated,3418,2025-02-28,2025-03-10,0.0117650075646844,2025,2025-01-31,learned_vol_interaction,20260912,0.5709205167438731,0.5709205167438731,1,1
monthly_state_ungated,3403,2025-02-07,2025-02-17,0.0144454990892999,2025,2025-01-31,learned_vol_interaction,20260912,0.6656753647706254,0.6656753647706254,1,1
monthly_state_ungated,3408,2025-02-14,2025-02-24,0.0045695818086644,2025,2025-01-31,learned_vol_interaction,20260912,0.6366748986711647,0.6366748986711647,1,1
monthly_state_ungated,3413,2025-02-21,2025-03-03,-0.0183210488158531,2025,2025-01-31,learned_vol_interaction,20260912,0.3758479309011285,0.3758479309011285,0,0
monthly_state_ungated,3418,2025-02-28,2025-03-10,0.0117650075646844,2025,2025-01-31,learned_vol_interaction,20260912,0.5709205167438731,0.5709205167438731,1,1
monthly_state_validated,3403,2025-02-07,2025-02-17,0.0144454990892999,2025,2025-01-31,learned_order_extension,20260910,0.5229042647242248,0.5229042647242248,1,1
monthly_state_validated,3408,2025-02-14,2025-02-24,0.0045695818086644,2025,2025-01-31,learned_order_extension,20260910,0.5778482952092869,0.5778482952092869,1,1
monthly_state_validated,3413,2025-02-21,2025-03-03,-0.0183210488158531,2025,2025-01-31,learned_order_extension,20260910,0.6398652110146743,0.6398652110146743,1,0
monthly_state_validated,3418,2025-02-28,2025-03-10,0.0117650075646844,2025,2025-01-31,learned_order_extension,20260910,0.5091435465758709,0.5091435465758709,1,1
monthly_state_ungated,3403,2025-02-07,2025-02-17,0.0144454990892999,2025,2025-01-31,learned_order_extension,20260910,0.5229042647242248,0.5229042647242248,1,1
monthly_state_ungated,3408,2025-02-14,2025-02-24,0.0045695818086644,2025,2025-01-31,learned_order_extension,20260910,0.5778482952092869,0.5778482952092869,1,1
monthly_state_ungated,3413,2025-02-21,2025-03-03,-0.0183210488158531,2025,2025-01-31,learned_order_extension,20260910,0.6398652110146743,0.6398652110146743,1,0
monthly_state_ungated,3418,2025-02-28,2025-03-10,0.0117650075646844,2025,2025-01-31,learned_order_extension,20260910,0.5091435465758709,0.5091435465758709,1,1
monthly_state_validated,3403,2025-02-07,2025-02-17,0.0144454990892999,2025,2025-01-31,learned_order_extension,20260911,0.6181569415812861,0.6181569415812861,1,1
monthly_state_validated,3408,2025-02-14,2025-02-24,0.0045695818086644,2025,2025-01-31,learned_order_extension,20260911,0.623244763024503,0.623244763024503,1,1
monthly_state_validated,3413,2025-02-21,2025-03-03,-0.0183210488158531,2025,2025-01-31,learned_order_extension,20260911,0.5698307059548449,0.5698307059548449,1,0
monthly_state_validated,3418,2025-02-28,2025-03-10,0.0117650075646844,2025,2025-01-31,learned_order_extension,20260911,0.5277004284689892,0.5277004284689892,1,1
monthly_state_ungated,3403,2025-02-07,2025-02-17,0.0144454990892999,2025,2025-01-31,learned_order_extension,20260911,0.6181569415812861,0.6181569415812861,1,1
monthly_state_ungated,3408,2025-02-14,2025-02-24,0.0045695818086644,2025,2025-01-31,learned_order_extension,20260911,0.623244763024503,0.623244763024503,1,1
monthly_state_ungated,3413,2025-02-21,2025-03-03,-0.0183210488158531,2025,2025-01-31,learned_order_extension,20260911,0.5698307059548449,0.5698307059548449,1,0
monthly_state_ungated,3418,2025-02-28,2025-03-10,0.0117650075646844,2025,2025-01-31,learned_order_extension,20260911,0.5277004284689892,0.5277004284689892,1,1
monthly_state_validated,3403,2025-02-07,2025-02-17,0.0144454990892999,2025,2025-01-31,learned_order_extension,20260912,0.7098765758367355,0.7098765758367355,1,1
monthly_state_validated,3408,2025-02-14,2025-02-24,0.0045695818086644,2025,2025-01-31,learned_order_extension,20260912,0.6855283540318028,0.6855283540318028,1,1
monthly_state_validated,3413,2025-02-21,2025-03-03,-0.0183210488158531,2025,2025-01-31,learned_order_extension,20260912,0.40938066472725215,0.40938066472725215,0,0
monthly_state_validated,3418,2025-02-28,2025-03-10,0.0117650075646844,2025,2025-01-31,learned_order_extension,20260912,0.6433684681685069,0.6433684681685069,1,1
monthly_state_ungated,3403,2025-02-07,2025-02-17,0.0144454990892999,2025,2025-01-31,learned_order_extension,20260912,0.7098765758367355,0.7098765758367355,1,1
monthly_state_ungated,3408,2025-02-14,2025-02-24,0.0045695818086644,2025,2025-01-31,learned_order_extension,20260912,0.6855283540318028,0.6855283540318028,1,1
monthly_state_ungated,3413,2025-02-21,2025-03-03,-0.0183210488158531,2025,2025-01-31,learned_order_extension,20260912,0.40938066472725215,0.40938066472725215,0,0
monthly_state_ungated,3418,2025-02-28,2025-03-10,0.0117650075646844,2025,2025-01-31,learned_order_extension,20260912,0.6433684681685069,0.6433684681685069,1,1
monthly_state_validated,3403,2025-02-07,2025-02-17,0.0144454990892999,2025,2025-01-31,learned_order_offset,20260910,0.524022842955718,0.524022842955718,1,1
monthly_state_validated,3408,2025-02-14,2025-02-24,0.0045695818086644,2025,2025-01-31,learned_order_offset,20260910,0.5772818750748553,0.5772818750748553,1,1
monthly_state_validated,3413,2025-02-21,2025-03-03,-0.0183210488158531,2025,2025-01-31,learned_order_offset,20260910,0.6395827908381064,0.6395827908381064,1,0
monthly_state_validated,3418,2025-02-28,2025-03-10,0.0117650075646844,2025,2025-01-31,learned_order_offset,20260910,0.5071295431195366,0.5071295431195366,1,1
monthly_state_ungated,3403,2025-02-07,2025-02-17,0.0144454990892999,2025,2025-01-31,learned_order_offset,20260910,0.524022842955718,0.524022842955718,1,1
monthly_state_ungated,3408,2025-02-14,2025-02-24,0.0045695818086644,2025,2025-01-31,learned_order_offset,20260910,0.5772818750748553,0.5772818750748553,1,1
monthly_state_ungated,3413,2025-02-21,2025-03-03,-0.0183210488158531,2025,2025-01-31,learned_order_offset,20260910,0.6395827908381064,0.6395827908381064,1,0
monthly_state_ungated,3418,2025-02-28,2025-03-10,0.0117650075646844,2025,2025-01-31,learned_order_offset,20260910,0.5071295431195366,0.5071295431195366,1,1
monthly_state_validated,3403,2025-02-07,2025-02-17,0.0144454990892999,2025,2025-01-31,learned_order_offset,20260911,0.6181544426401614,0.6181544426401614,1,1
monthly_state_validated,3408,2025-02-14,2025-02-24,0.0045695818086644,2025,2025-01-31,learned_order_offset,20260911,0.6233447631977894,0.6233447631977894,1,1
monthly_state_validated,3413,2025-02-21,2025-03-03,-0.0183210488158531,2025,2025-01-31,learned_order_offset,20260911,0.5699444546955538,0.5699444546955538,1,0
monthly_state_validated,3418,2025-02-28,2025-03-10,0.0117650075646844,2025,2025-01-31,learned_order_offset,20260911,0.5277660121776485,0.5277660121776485,1,1
monthly_state_ungated,3403,2025-02-07,2025-02-17,0.0144454990892999,2025,2025-01-31,learned_order_offset,20260911,0.6181544426401614,0.6181544426401614,1,1
monthly_state_ungated,3408,2025-02-14,2025-02-24,0.0045695818086644,2025,2025-01-31,learned_order_offset,20260911,0.6233447631977894,0.6233447631977894,1,1
monthly_state_ungated,3413,2025-02-21,2025-03-03,-0.0183210488158531,2025,2025-01-31,learned_order_offset,20260911,0.5699444546955538,0.5699444546955538,1,0
monthly_state_ungated,3418,2025-02-28,2025-03-10,0.0117650075646844,2025,2025-01-31,learned_order_offset,20260911,0.5277660121776485,0.5277660121776485,1,1
monthly_state_validated,3403,2025-02-07,2025-02-17,0.0144454990892999,2025,2025-01-31,learned_order_offset,20260912,0.7081726942730068,0.7081726942730068,1,1
monthly_state_validated,3408,2025-02-14,2025-02-24,0.0045695818086644,2025,2025-01-31,learned_order_offset,20260912,0.6832841057647039,0.6832841057647039,1,1
monthly_state_validated,3413,2025-02-21,2025-03-03,-0.0183210488158531,2025,2025-01-31,learned_order_offset,20260912,0.4117646835265383,0.4117646835265383,0,0
monthly_state_validated,3418,2025-02-28,2025-03-10,0.0117650075646844,2025,2025-01-31,learned_order_offset,20260912,0.6412881777301309,0.6412881777301309,1,1
monthly_state_ungated,3403,2025-02-07,2025-02-17,0.0144454990892999,2025,2025-01-31,learned_order_offset,20260912,0.7081726942730068,0.7081726942730068,1,1
monthly_state_ungated,3408,2025-02-14,2025-02-24,0.0045695818086644,2025,2025-01-31,learned_order_offset,20260912,0.6832841057647039,0.6832841057647039,1,1
monthly_state_ungated,3413,2025-02-21,2025-03-03,-0.0183210488158531,2025,2025-01-31,learned_order_offset,20260912,0.4117646835265383,0.4117646835265383,0,0
monthly_state_ungated,3418,2025-02-28,2025-03-10,0.0117650075646844,2025,2025-01-31,learned_order_offset,20260912,0.6412881777301309,0.6412881777301309,1,1
monthly_state_validated,3423,2025-03-07,2025-03-17,0.019023819058288,2025,2025-02-28,learned_market,20260910,0.6111767156385011,0.6111767156385011,1,1
monthly_state_validated,3428,2025-03-14,2025-03-24,-0.0259983485216283,2025,2025-02-28,learned_market,20260910,0.44730435644814126,0.44730435644814126,0,0
monthly_state_validated,3433,2025-03-21,2025-03-31,-0.0025867506275359,2025,2025-02-28,learned_market,20260910,0.5315675954271929,0.5315675954271929,1,0
monthly_state_validated,3438,2025-03-28,2025-04-14,-0.0342910101946246,2025,2025-02-28,learned_market,20260910,0.7166635184412673,0.7166635184412673,1,0
monthly_state_ungated,3423,2025-03-07,2025-03-17,0.019023819058288,2025,2025-02-28,learned_market,20260910,0.6111767156385011,0.6111767156385011,1,1
monthly_state_ungated,3428,2025-03-14,2025-03-24,-0.0259983485216283,2025,2025-02-28,learned_market,20260910,0.44730435644814126,0.44730435644814126,0,0
monthly_state_ungated,3433,2025-03-21,2025-03-31,-0.0025867506275359,2025,2025-02-28,learned_market,20260910,0.5315675954271929,0.5315675954271929,1,0
monthly_state_ungated,3438,2025-03-28,2025-04-14,-0.0342910101946246,2025,2025-02-28,learned_market,20260910,0.7166635184412673,0.7166635184412673,1,0
monthly_state_validated,3423,2025-03-07,2025-03-17,0.019023819058288,2025,2025-02-28,learned_market,20260911,0.4669000809915797,0.4669000809915797,0,1
monthly_state_validated,3428,2025-03-14,2025-03-24,-0.0259983485216283,2025,2025-02-28,learned_market,20260911,0.5699083421091582,0.5699083421091582,1,0
monthly_state_validated,3433,2025-03-21,2025-03-31,-0.0025867506275359,2025,2025-02-28,learned_market,20260911,0.41241409635776066,0.41241409635776066,0,0
monthly_state_validated,3438,2025-03-28,2025-04-14,-0.0342910101946246,2025,2025-02-28,learned_market,20260911,0.48277123146752016,0.48277123146752016,0,0
monthly_state_ungated,3423,2025-03-07,2025-03-17,0.019023819058288,2025,2025-02-28,learned_market,20260911,0.4669000809915797,0.4669000809915797,0,1
monthly_state_ungated,3428,2025-03-14,2025-03-24,-0.0259983485216283,2025,2025-02-28,learned_market,20260911,0.5699083421091582,0.5699083421091582,1,0
monthly_state_ungated,3433,2025-03-21,2025-03-31,-0.0025867506275359,2025,2025-02-28,learned_market,20260911,0.41241409635776066,0.41241409635776066,0,0
monthly_state_ungated,3438,2025-03-28,2025-04-14,-0.0342910101946246,2025,2025-02-28,learned_market,20260911,0.48277123146752016,0.48277123146752016,0,0
monthly_state_validated,3423,2025-03-07,2025-03-17,0.019023819058288,2025,2025-02-28,learned_market,20260912,0.2731298059228326,0.2731298059228326,0,1
monthly_state_validated,3428,2025-03-14,2025-03-24,-0.0259983485216283,2025,2025-02-28,learned_market,20260912,0.696672234818679,0.696672234818679,1,0
monthly_state_validated,3433,2025-03-21,2025-03-31,-0.0025867506275359,2025,2025-02-28,learned_market,20260912,0.5676267142547179,0.5676267142547179,1,0
monthly_state_validated,3438,2025-03-28,2025-04-14,-0.0342910101946246,2025,2025-02-28,learned_market,20260912,0.560911448173473,0.560911448173473,1,0
monthly_state_ungated,3423,2025-03-07,2025-03-17,0.019023819058288,2025,2025-02-28,learned_market,20260912,0.2731298059228326,0.2731298059228326,0,1
monthly_state_ungated,3428,2025-03-14,2025-03-24,-0.0259983485216283,2025,2025-02-28,learned_market,20260912,0.696672234818679,0.696672234818679,1,0
monthly_state_ungated,3433,2025-03-21,2025-03-31,-0.0025867506275359,2025,2025-02-28,learned_market,20260912,0.5676267142547179,0.5676267142547179,1,0
monthly_state_ungated,3438,2025-03-28,2025-04-14,-0.0342910101946246,2025,2025-02-28,learned_market,20260912,0.560911448173473,0.560911448173473,1,0
monthly_state_validated,3423,2025-03-07,2025-03-17,0.019023819058288,2025,2025-02-28,learned_vol_interaction,20260910,0.6257731101792092,0.6257731101792092,1,1
monthly_state_validated,3428,2025-03-14,2025-03-24,-0.0259983485216283,2025,2025-02-28,learned_vol_interaction,20260910,0.44102075881393793,0.44102075881393793,0,0
monthly_state_validated,3433,2025-03-21,2025-03-31,-0.0025867506275359,2025,2025-02-28,learned_vol_interaction,20260910,0.5122265111637169,0.5122265111637169,1,0
monthly_state_validated,3438,2025-03-28,2025-04-14,-0.0342910101946246,2025,2025-02-28,learned_vol_interaction,20260910,0.7509067743034049,0.7509067743034049,1,0
monthly_state_ungated,3423,2025-03-07,2025-03-17,0.019023819058288,2025,2025-02-28,learned_vol_interaction,20260910,0.6257731101792092,0.6257731101792092,1,1
monthly_state_ungated,3428,2025-03-14,2025-03-24,-0.0259983485216283,2025,2025-02-28,learned_vol_interaction,20260910,0.44102075881393793,0.44102075881393793,0,0
monthly_state_ungated,3433,2025-03-21,2025-03-31,-0.0025867506275359,2025,2025-02-28,learned_vol_interaction,20260910,0.5122265111637169,0.5122265111637169,1,0
monthly_state_ungated,3438,2025-03-28,2025-04-14,-0.0342910101946246,2025,2025-02-28,learned_vol_interaction,20260910,0.7509067743034049,0.7509067743034049,1,0
monthly_state_validated,3423,2025-03-07,2025-03-17,0.019023819058288,2025,2025-02-28,learned_vol_interaction,20260911,0.4709950343968562,0.4709950343968562,0,1
monthly_state_validated,3428,2025-03-14,2025-03-24,-0.0259983485216283,2025,2025-02-28,learned_vol_interaction,20260911,0.5689479286300063,0.5689479286300063,1,0
monthly_state_validated,3433,2025-03-21,2025-03-31,-0.0025867506275359,2025,2025-02-28,learned_vol_interaction,20260911,0.4073280883173269,0.4073280883173269,0,0
monthly_state_validated,3438,2025-03-28,2025-04-14,-0.0342910101946246,2025,2025-02-28,learned_vol_interaction,20260911,0.4833458290624725,0.4833458290624725,0,0
monthly_state_ungated,3423,2025-03-07,2025-03-17,0.019023819058288,2025,2025-02-28,learned_vol_interaction,20260911,0.4709950343968562,0.4709950343968562,0,1
monthly_state_ungated,3428,2025-03-14,2025-03-24,-0.0259983485216283,2025,2025-02-28,learned_vol_interaction,20260911,0.5689479286300063,0.5689479286300063,1,0
monthly_state_ungated,3433,2025-03-21,2025-03-31,-0.0025867506275359,2025,2025-02-28,learned_vol_interaction,20260911,0.4073280883173269,0.4073280883173269,0,0
monthly_state_ungated,3438,2025-03-28,2025-04-14,-0.0342910101946246,2025,2025-02-28,learned_vol_interaction,20260911,0.4833458290624725,0.4833458290624725,0,0
monthly_state_validated,3423,2025-03-07,2025-03-17,0.019023819058288,2025,2025-02-28,learned_vol_interaction,20260912,0.2697314685006311,0.2697314685006311,0,1
monthly_state_validated,3428,2025-03-14,2025-03-24,-0.0259983485216283,2025,2025-02-28,learned_vol_interaction,20260912,0.6971511109958376,0.6971511109958376,1,0
monthly_state_validated,3433,2025-03-21,2025-03-31,-0.0025867506275359,2025,2025-02-28,learned_vol_interaction,20260912,0.5692380331101397,0.5692380331101397,1,0
monthly_state_validated,3438,2025-03-28,2025-04-14,-0.0342910101946246,2025,2025-02-28,learned_vol_interaction,20260912,0.5653548865619433,0.5653548865619433,1,0
monthly_state_ungated,3423,2025-03-07,2025-03-17,0.019023819058288,2025,2025-02-28,learned_vol_interaction,20260912,0.2697314685006311,0.2697314685006311,0,1
monthly_state_ungated,3428,2025-03-14,2025-03-24,-0.0259983485216283,2025,2025-02-28,learned_vol_interaction,20260912,0.6971511109958376,0.6971511109958376,1,0
monthly_state_ungated,3433,2025-03-21,2025-03-31,-0.0025867506275359,2025,2025-02-28,learned_vol_interaction,20260912,0.5692380331101397,0.5692380331101397,1,0
monthly_state_ungated,3438,2025-03-28,2025-04-14,-0.0342910101946246,2025,2025-02-28,learned_vol_interaction,20260912,0.5653548865619433,0.5653548865619433,1,0
monthly_state_validated,3423,2025-03-07,2025-03-17,0.019023819058288,2025,2025-02-28,learned_order_extension,20260910,0.6768915881499589,0.6768915881499589,1,1
monthly_state_validated,3428,2025-03-14,2025-03-24,-0.0259983485216283,2025,2025-02-28,learned_order_extension,20260910,0.45607712059245215,0.45607712059245215,0,0
monthly_state_validated,3433,2025-03-21,2025-03-31,-0.0025867506275359,2025,2025-02-28,learned_order_extension,20260910,0.5368074346463041,0.5368074346463041,1,0
monthly_state_validated,3438,2025-03-28,2025-04-14,-0.0342910101946246,2025,2025-02-28,learned_order_extension,20260910,0.8368647681799748,0.8368647681799748,1,0
monthly_state_ungated,3423,2025-03-07,2025-03-17,0.019023819058288,2025,2025-02-28,learned_order_extension,20260910,0.6768915881499589,0.6768915881499589,1,1
monthly_state_ungated,3428,2025-03-14,2025-03-24,-0.0259983485216283,2025,2025-02-28,learned_order_extension,20260910,0.45607712059245215,0.45607712059245215,0,0
monthly_state_ungated,3433,2025-03-21,2025-03-31,-0.0025867506275359,2025,2025-02-28,learned_order_extension,20260910,0.5368074346463041,0.5368074346463041,1,0
monthly_state_ungated,3438,2025-03-28,2025-04-14,-0.0342910101946246,2025,2025-02-28,learned_order_extension,20260910,0.8368647681799748,0.8368647681799748,1,0
monthly_state_validated,3423,2025-03-07,2025-03-17,0.019023819058288,2025,2025-02-28,learned_order_extension,20260911,0.4694347191401159,0.4694347191401159,0,1
monthly_state_validated,3428,2025-03-14,2025-03-24,-0.0259983485216283,2025,2025-02-28,learned_order_extension,20260911,0.5654667556034778,0.5654667556034778,1,0
monthly_state_validated,3433,2025-03-21,2025-03-31,-0.0025867506275359,2025,2025-02-28,learned_order_extension,20260911,0.40561065982780425,0.40561065982780425,0,0
monthly_state_validated,3438,2025-03-28,2025-04-14,-0.0342910101946246,2025,2025-02-28,learned_order_extension,20260911,0.47795042275731253,0.47795042275731253,0,0
monthly_state_ungated,3423,2025-03-07,2025-03-17,0.019023819058288,2025,2025-02-28,learned_order_extension,20260911,0.4694347191401159,0.4694347191401159,0,1
monthly_state_ungated,3428,2025-03-14,2025-03-24,-0.0259983485216283,2025,2025-02-28,learned_order_extension,20260911,0.5654667556034778,0.5654667556034778,1,0
monthly_state_ungated,3433,2025-03-21,2025-03-31,-0.0025867506275359,2025,2025-02-28,learned_order_extension,20260911,0.40561065982780425,0.40561065982780425,0,0
monthly_state_ungated,3438,2025-03-28,2025-04-14,-0.0342910101946246,2025,2025-02-28,learned_order_extension,20260911,0.47795042275731253,0.47795042275731253,0,0
monthly_state_validated,3423,2025-03-07,2025-03-17,0.019023819058288,2025,2025-02-28,learned_order_extension,20260912,0.25002023502263354,0.25002023502263354,0,1
monthly_state_validated,3428,2025-03-14,2025-03-24,-0.0259983485216283,2025,2025-02-28,learned_order_extension,20260912,0.7238176657049011,0.7238176657049011,1,0
monthly_state_validated,3433,2025-03-21,2025-03-31,-0.0025867506275359,2025,2025-02-28,learned_order_extension,20260912,0.5988742871040955,0.5988742871040955,1,0
monthly_state_validated,3438,2025-03-28,2025-04-14,-0.0342910101946246,2025,2025-02-28,learned_order_extension,20260912,0.6204095542696454,0.6204095542696454,1,0
monthly_state_ungated,3423,2025-03-07,2025-03-17,0.019023819058288,2025,2025-02-28,learned_order_extension,20260912,0.25002023502263354,0.25002023502263354,0,1
monthly_state_ungated,3428,2025-03-14,2025-03-24,-0.0259983485216283,2025,2025-02-28,learned_order_extension,20260912,0.7238176657049011,0.7238176657049011,1,0
monthly_state_ungated,3433,2025-03-21,2025-03-31,-0.0025867506275359,2025,2025-02-28,learned_order_extension,20260912,0.5988742871040955,0.5988742871040955,1,0
monthly_state_ungated,3438,2025-03-28,2025-04-14,-0.0342910101946246,2025,2025-02-28,learned_order_extension,20260912,0.6204095542696454,0.6204095542696454,1,0
monthly_state_validated,3423,2025-03-07,2025-03-17,0.019023819058288,2025,2025-02-28,learned_order_offset,20260910,0.6756470892929178,0.6756470892929178,1,1
monthly_state_validated,3428,2025-03-14,2025-03-24,-0.0259983485216283,2025,2025-02-28,learned_order_offset,20260910,0.455714753994421,0.455714753994421,0,0
monthly_state_validated,3433,2025-03-21,2025-03-31,-0.0025867506275359,2025,2025-02-28,learned_order_offset,20260910,0.5359223493617127,0.5359223493617127,1,0
monthly_state_validated,3438,2025-03-28,2025-04-14,-0.0342910101946246,2025,2025-02-28,learned_order_offset,20260910,0.834993269183481,0.834993269183481,1,0
monthly_state_ungated,3423,2025-03-07,2025-03-17,0.019023819058288,2025,2025-02-28,learned_order_offset,20260910,0.6756470892929178,0.6756470892929178,1,1
monthly_state_ungated,3428,2025-03-14,2025-03-24,-0.0259983485216283,2025,2025-02-28,learned_order_offset,20260910,0.455714753994421,0.455714753994421,0,0
monthly_state_ungated,3433,2025-03-21,2025-03-31,-0.0025867506275359,2025,2025-02-28,learned_order_offset,20260910,0.5359223493617127,0.5359223493617127,1,0
monthly_state_ungated,3438,2025-03-28,2025-04-14,-0.0342910101946246,2025,2025-02-28,learned_order_offset,20260910,0.834993269183481,0.834993269183481,1,0
monthly_state_validated,3423,2025-03-07,2025-03-17,0.019023819058288,2025,2025-02-28,learned_order_offset,20260911,0.46953630716328854,0.46953630716328854,0,1
monthly_state_validated,3428,2025-03-14,2025-03-24,-0.0259983485216283,2025,2025-02-28,learned_order_offset,20260911,0.5655482902240324,0.5655482902240324,1,0
monthly_state_validated,3433,2025-03-21,2025-03-31,-0.0025867506275359,2025,2025-02-28,learned_order_offset,20260911,0.4056793971990091,0.4056793971990091,0,0
monthly_state_validated,3438,2025-03-28,2025-04-14,-0.0342910101946246,2025,2025-02-28,learned_order_offset,20260911,0.4779797038173516,0.4779797038173516,0,0
monthly_state_ungated,3423,2025-03-07,2025-03-17,0.019023819058288,2025,2025-02-28,learned_order_offset,20260911,0.46953630716328854,0.46953630716328854,0,1
monthly_state_ungated,3428,2025-03-14,2025-03-24,-0.0259983485216283,2025,2025-02-28,learned_order_offset,20260911,0.5655482902240324,0.5655482902240324,1,0
monthly_state_ungated,3433,2025-03-21,2025-03-31,-0.0025867506275359,2025,2025-02-28,learned_order_offset,20260911,0.4056793971990091,0.4056793971990091,0,0
monthly_state_ungated,3438,2025-03-28,2025-04-14,-0.0342910101946246,2025,2025-02-28,learned_order_offset,20260911,0.4779797038173516,0.4779797038173516,0,0
monthly_state_validated,3423,2025-03-07,2025-03-17,0.019023819058288,2025,2025-02-28,learned_order_offset,20260912,0.25180315037211576,0.25180315037211576,0,1
monthly_state_validated,3428,2025-03-14,2025-03-24,-0.0259983485216283,2025,2025-02-28,learned_order_offset,20260912,0.7172777696525664,0.7172777696525664,1,0
monthly_state_validated,3433,2025-03-21,2025-03-31,-0.0025867506275359,2025,2025-02-28,learned_order_offset,20260912,0.5938462138293957,0.5938462138293957,1,0
monthly_state_validated,3438,2025-03-28,2025-04-14,-0.0342910101946246,2025,2025-02-28,learned_order_offset,20260912,0.6157709090258536,0.6157709090258536,1,0
monthly_state_ungated,3423,2025-03-07,2025-03-17,0.019023819058288,2025,2025-02-28,learned_order_offset,20260912,0.25180315037211576,0.25180315037211576,0,1
monthly_state_ungated,3428,2025-03-14,2025-03-24,-0.0259983485216283,2025,2025-02-28,learned_order_offset,20260912,0.7172777696525664,0.7172777696525664,1,0
monthly_state_ungated,3433,2025-03-21,2025-03-31,-0.0025867506275359,2025,2025-02-28,learned_order_offset,20260912,0.5938462138293957,0.5938462138293957,1,0
monthly_state_ungated,3438,2025-03-28,2025-04-14,-0.0342910101946246,2025,2025-02-28,learned_order_offset,20260912,0.6157709090258536,0.6157709090258536,1,0
monthly_state_validated,3447,2025-04-11,2025-04-21,-0.0010339232881941,2025,2025-03-31,learned_market,20260910,0.5214083358108379,0.5214083358108379,1,0
monthly_state_validated,3452,2025-04-18,2025-04-28,0.0048432383085554,2025,2025-03-31,learned_market,20260910,0.7734052582999416,0.7734052582999416,1,1
monthly_state_validated,3457,2025-04-25,2025-05-12,0.02116527880118,2025,2025-03-31,learned_market,20260910,0.4558498073052,0.4558498073052,0,1
monthly_state_ungated,3447,2025-04-11,2025-04-21,-0.0010339232881941,2025,2025-03-31,learned_market,20260910,0.5214083358108379,0.5214083358108379,1,0
monthly_state_ungated,3452,2025-04-18,2025-04-28,0.0048432383085554,2025,2025-03-31,learned_market,20260910,0.7734052582999416,0.7734052582999416,1,1
monthly_state_ungated,3457,2025-04-25,2025-05-12,0.02116527880118,2025,2025-03-31,learned_market,20260910,0.4558498073052,0.4558498073052,0,1
monthly_state_validated,3447,2025-04-11,2025-04-21,-0.0010339232881941,2025,2025-03-31,learned_market,20260911,0.5805268836119362,0.5805268836119362,1,0
monthly_state_validated,3452,2025-04-18,2025-04-28,0.0048432383085554,2025,2025-03-31,learned_market,20260911,0.5688872565915271,0.5688872565915271,1,1
monthly_state_validated,3457,2025-04-25,2025-05-12,0.02116527880118,2025,2025-03-31,learned_market,20260911,0.46122086100259085,0.46122086100259085,0,1
monthly_state_ungated,3447,2025-04-11,2025-04-21,-0.0010339232881941,2025,2025-03-31,learned_market,20260911,0.5805268836119362,0.5805268836119362,1,0
monthly_state_ungated,3452,2025-04-18,2025-04-28,0.0048432383085554,2025,2025-03-31,learned_market,20260911,0.5688872565915271,0.5688872565915271,1,1
monthly_state_ungated,3457,2025-04-25,2025-05-12,0.02116527880118,2025,2025-03-31,learned_market,20260911,0.46122086100259085,0.46122086100259085,0,1
monthly_state_validated,3447,2025-04-11,2025-04-21,-0.0010339232881941,2025,2025-03-31,learned_market,20260912,0.5215906360273727,0.5215906360273727,1,0
monthly_state_validated,3452,2025-04-18,2025-04-28,0.0048432383085554,2025,2025-03-31,learned_market,20260912,0.6471632189538753,0.6471632189538753,1,1
monthly_state_validated,3457,2025-04-25,2025-05-12,0.02116527880118,2025,2025-03-31,learned_market,20260912,0.4695696106758965,0.4695696106758965,0,1
monthly_state_ungated,3447,2025-04-11,2025-04-21,-0.0010339232881941,2025,2025-03-31,learned_market,20260912,0.5215906360273727,0.5215906360273727,1,0
monthly_state_ungated,3452,2025-04-18,2025-04-28,0.0048432383085554,2025,2025-03-31,learned_market,20260912,0.6471632189538753,0.6471632189538753,1,1
monthly_state_ungated,3457,2025-04-25,2025-05-12,0.02116527880118,2025,2025-03-31,learned_market,20260912,0.4695696106758965,0.4695696106758965,0,1
monthly_state_validated,3447,2025-04-11,2025-04-21,-0.0010339232881941,2025,2025-03-31,learned_vol_interaction,20260910,0.5594314824149098,0.5594314824149098,1,0
monthly_state_validated,3452,2025-04-18,2025-04-28,0.0048432383085554,2025,2025-03-31,learned_vol_interaction,20260910,0.6161803550192988,0.6161803550192988,1,1
monthly_state_validated,3457,2025-04-25,2025-05-12,0.02116527880118,2025,2025-03-31,learned_vol_interaction,20260910,0.5129504837776576,0.5129504837776576,1,1
monthly_state_ungated,3447,2025-04-11,2025-04-21,-0.0010339232881941,2025,2025-03-31,learned_vol_interaction,20260910,0.5594314824149098,0.5594314824149098,1,0
monthly_state_ungated,3452,2025-04-18,2025-04-28,0.0048432383085554,2025,2025-03-31,learned_vol_interaction,20260910,0.6161803550192988,0.6161803550192988,1,1
monthly_state_ungated,3457,2025-04-25,2025-05-12,0.02116527880118,2025,2025-03-31,learned_vol_interaction,20260910,0.5129504837776576,0.5129504837776576,1,1
monthly_state_validated,3447,2025-04-11,2025-04-21,-0.0010339232881941,2025,2025-03-31,learned_vol_interaction,20260911,0.5558462748112867,0.5558462748112867,1,0
monthly_state_validated,3452,2025-04-18,2025-04-28,0.0048432383085554,2025,2025-03-31,learned_vol_interaction,20260911,0.5512669000081979,0.5512669000081979,1,1
monthly_state_validated,3457,2025-04-25,2025-05-12,0.02116527880118,2025,2025-03-31,learned_vol_interaction,20260911,0.46126589698872084,0.46126589698872084,0,1
monthly_state_ungated,3447,2025-04-11,2025-04-21,-0.0010339232881941,2025,2025-03-31,learned_vol_interaction,20260911,0.5558462748112867,0.5558462748112867,1,0
monthly_state_ungated,3452,2025-04-18,2025-04-28,0.0048432383085554,2025,2025-03-31,learned_vol_interaction,20260911,0.5512669000081979,0.5512669000081979,1,1
monthly_state_ungated,3457,2025-04-25,2025-05-12,0.02116527880118,2025,2025-03-31,learned_vol_interaction,20260911,0.46126589698872084,0.46126589698872084,0,1
monthly_state_validated,3447,2025-04-11,2025-04-21,-0.0010339232881941,2025,2025-03-31,learned_vol_interaction,20260912,0.5182124590150238,0.5182124590150238,1,0
monthly_state_validated,3452,2025-04-18,2025-04-28,0.0048432383085554,2025,2025-03-31,learned_vol_interaction,20260912,0.6373210111342115,0.6373210111342115,1,1
monthly_state_validated,3457,2025-04-25,2025-05-12,0.02116527880118,2025,2025-03-31,learned_vol_interaction,20260912,0.4715989287340677,0.4715989287340677,0,1
monthly_state_ungated,3447,2025-04-11,2025-04-21,-0.0010339232881941,2025,2025-03-31,learned_vol_interaction,20260912,0.5182124590150238,0.5182124590150238,1,0
monthly_state_ungated,3452,2025-04-18,2025-04-28,0.0048432383085554,2025,2025-03-31,learned_vol_interaction,20260912,0.6373210111342115,0.6373210111342115,1,1
monthly_state_ungated,3457,2025-04-25,2025-05-12,0.02116527880118,2025,2025-03-31,learned_vol_interaction,20260912,0.4715989287340677,0.4715989287340677,0,1
monthly_state_validated,3447,2025-04-11,2025-04-21,-0.0010339232881941,2025,2025-03-31,learned_order_extension,20260910,0.567649834278569,0.567649834278569,1,0
monthly_state_validated,3452,2025-04-18,2025-04-28,0.0048432383085554,2025,2025-03-31,learned_order_extension,20260910,0.681410394058545,0.681410394058545,1,1
monthly_state_validated,3457,2025-04-25,2025-05-12,0.02116527880118,2025,2025-03-31,learned_order_extension,20260910,0.5052829053147527,0.5052829053147527,1,1
monthly_state_ungated,3447,2025-04-11,2025-04-21,-0.0010339232881941,2025,2025-03-31,learned_order_extension,20260910,0.567649834278569,0.567649834278569,1,0
monthly_state_ungated,3452,2025-04-18,2025-04-28,0.0048432383085554,2025,2025-03-31,learned_order_extension,20260910,0.681410394058545,0.681410394058545,1,1
monthly_state_ungated,3457,2025-04-25,2025-05-12,0.02116527880118,2025,2025-03-31,learned_order_extension,20260910,0.5052829053147527,0.5052829053147527,1,1
monthly_state_validated,3447,2025-04-11,2025-04-21,-0.0010339232881941,2025,2025-03-31,learned_order_extension,20260911,0.5534048068203342,0.5534048068203342,1,0
monthly_state_validated,3452,2025-04-18,2025-04-28,0.0048432383085554,2025,2025-03-31,learned_order_extension,20260911,0.5527203776973565,0.5527203776973565,1,1
monthly_state_validated,3457,2025-04-25,2025-05-12,0.02116527880118,2025,2025-03-31,learned_order_extension,20260911,0.46353892920875955,0.46353892920875955,0,1
monthly_state_ungated,3447,2025-04-11,2025-04-21,-0.0010339232881941,2025,2025-03-31,learned_order_extension,20260911,0.5534048068203342,0.5534048068203342,1,0
monthly_state_ungated,3452,2025-04-18,2025-04-28,0.0048432383085554,2025,2025-03-31,learned_order_extension,20260911,0.5527203776973565,0.5527203776973565,1,1
monthly_state_ungated,3457,2025-04-25,2025-05-12,0.02116527880118,2025,2025-03-31,learned_order_extension,20260911,0.46353892920875955,0.46353892920875955,0,1
monthly_state_validated,3447,2025-04-11,2025-04-21,-0.0010339232881941,2025,2025-03-31,learned_order_extension,20260912,0.5146965896009417,0.5146965896009417,1,0
monthly_state_validated,3452,2025-04-18,2025-04-28,0.0048432383085554,2025,2025-03-31,learned_order_extension,20260912,0.6661309990671398,0.6661309990671398,1,1
monthly_state_validated,3457,2025-04-25,2025-05-12,0.02116527880118,2025,2025-03-31,learned_order_extension,20260912,0.4604952035655177,0.4604952035655177,0,1
monthly_state_ungated,3447,2025-04-11,2025-04-21,-0.0010339232881941,2025,2025-03-31,learned_order_extension,20260912,0.5146965896009417,0.5146965896009417,1,0
monthly_state_ungated,3452,2025-04-18,2025-04-28,0.0048432383085554,2025,2025-03-31,learned_order_extension,20260912,0.6661309990671398,0.6661309990671398,1,1
monthly_state_ungated,3457,2025-04-25,2025-05-12,0.02116527880118,2025,2025-03-31,learned_order_extension,20260912,0.4604952035655177,0.4604952035655177,0,1
monthly_state_validated,3447,2025-04-11,2025-04-21,-0.0010339232881941,2025,2025-03-31,learned_order_offset,20260910,0.5649605883931398,0.5649605883931398,1,0
monthly_state_validated,3452,2025-04-18,2025-04-28,0.0048432383085554,2025,2025-03-31,learned_order_offset,20260910,0.6812464486051237,0.6812464486051237,1,1
monthly_state_validated,3457,2025-04-25,2025-05-12,0.02116527880118,2025,2025-03-31,learned_order_offset,20260910,0.5051445248644001,0.5051445248644001,1,1
monthly_state_ungated,3447,2025-04-11,2025-04-21,-0.0010339232881941,2025,2025-03-31,learned_order_offset,20260910,0.5649605883931398,0.5649605883931398,1,0
monthly_state_ungated,3452,2025-04-18,2025-04-28,0.0048432383085554,2025,2025-03-31,learned_order_offset,20260910,0.6812464486051237,0.6812464486051237,1,1
monthly_state_ungated,3457,2025-04-25,2025-05-12,0.02116527880118,2025,2025-03-31,learned_order_offset,20260910,0.5051445248644001,0.5051445248644001,1,1
monthly_state_validated,3447,2025-04-11,2025-04-21,-0.0010339232881941,2025,2025-03-31,learned_order_offset,20260911,0.5534156127217199,0.5534156127217199,1,0
monthly_state_validated,3452,2025-04-18,2025-04-28,0.0048432383085554,2025,2025-03-31,learned_order_offset,20260911,0.5527711816702962,0.5527711816702962,1,1
monthly_state_validated,3457,2025-04-25,2025-05-12,0.02116527880118,2025,2025-03-31,learned_order_offset,20260911,0.4636520171330569,0.4636520171330569,0,1
monthly_state_ungated,3447,2025-04-11,2025-04-21,-0.0010339232881941,2025,2025-03-31,learned_order_offset,20260911,0.5534156127217199,0.5534156127217199,1,0
monthly_state_ungated,3452,2025-04-18,2025-04-28,0.0048432383085554,2025,2025-03-31,learned_order_offset,20260911,0.5527711816702962,0.5527711816702962,1,1
monthly_state_ungated,3457,2025-04-25,2025-05-12,0.02116527880118,2025,2025-03-31,learned_order_offset,20260911,0.4636520171330569,0.4636520171330569,0,1
monthly_state_validated,3447,2025-04-11,2025-04-21,-0.0010339232881941,2025,2025-03-31,learned_order_offset,20260912,0.5120728879925767,0.5120728879925767,1,0
monthly_state_validated,3452,2025-04-18,2025-04-28,0.0048432383085554,2025,2025-03-31,learned_order_offset,20260912,0.6635249152228766,0.6635249152228766,1,1
monthly_state_validated,3457,2025-04-25,2025-05-12,0.02116527880118,2025,2025-03-31,learned_order_offset,20260912,0.46286812448480785,0.46286812448480785,0,1
monthly_state_ungated,3447,2025-04-11,2025-04-21,-0.0010339232881941,2025,2025-03-31,learned_order_offset,20260912,0.5120728879925767,0.5120728879925767,1,0
monthly_state_ungated,3452,2025-04-18,2025-04-28,0.0048432383085554,2025,2025-03-31,learned_order_offset,20260912,0.6635249152228766,0.6635249152228766,1,1
monthly_state_ungated,3457,2025-04-25,2025-05-12,0.02116527880118,2025,2025-03-31,learned_order_offset,20260912,0.46286812448480785,0.46286812448480785,0,1
monthly_state_validated,3464,2025-05-09,2025-05-19,0.0041484224873464,2025,2025-04-30,learned_market,20260910,0.3523147726530921,0.3523147726530921,0,1
monthly_state_validated,3469,2025-05-16,2025-05-26,-0.0017462660042188,2025,2025-04-30,learned_market,20260910,0.31613112525206455,0.31613112525206455,0,0
monthly_state_validated,3474,2025-05-23,2025-06-03,-0.0109216443615366,2025,2025-04-30,learned_market,20260910,0.41483918640234824,0.41483918640234824,0,0
monthly_state_validated,3479,2025-05-30,2025-06-09,0.011566574321892,2025,2025-04-30,learned_market,20260910,0.34688399080389654,0.34688399080389654,0,1
monthly_state_ungated,3464,2025-05-09,2025-05-19,0.0041484224873464,2025,2025-04-30,learned_market,20260910,0.3523147726530921,0.3523147726530921,0,1
monthly_state_ungated,3469,2025-05-16,2025-05-26,-0.0017462660042188,2025,2025-04-30,learned_market,20260910,0.31613112525206455,0.31613112525206455,0,0
monthly_state_ungated,3474,2025-05-23,2025-06-03,-0.0109216443615366,2025,2025-04-30,learned_market,20260910,0.41483918640234824,0.41483918640234824,0,0
monthly_state_ungated,3479,2025-05-30,2025-06-09,0.011566574321892,2025,2025-04-30,learned_market,20260910,0.34688399080389654,0.34688399080389654,0,1
monthly_state_validated,3464,2025-05-09,2025-05-19,0.0041484224873464,2025,2025-04-30,learned_market,20260911,0.34422178655874824,0.34422178655874824,0,1
monthly_state_validated,3469,2025-05-16,2025-05-26,-0.0017462660042188,2025,2025-04-30,learned_market,20260911,0.17418561276292863,0.17418561276292863,0,0
monthly_state_validated,3474,2025-05-23,2025-06-03,-0.0109216443615366,2025,2025-04-30,learned_market,20260911,0.3133768796150234,0.3133768796150234,0,0
monthly_state_validated,3479,2025-05-30,2025-06-09,0.011566574321892,2025,2025-04-30,learned_market,20260911,0.25281934531182526,0.25281934531182526,0,1
monthly_state_ungated,3464,2025-05-09,2025-05-19,0.0041484224873464,2025,2025-04-30,learned_market,20260911,0.34422178655874824,0.34422178655874824,0,1
monthly_state_ungated,3469,2025-05-16,2025-05-26,-0.0017462660042188,2025,2025-04-30,learned_market,20260911,0.17418561276292863,0.17418561276292863,0,0
monthly_state_ungated,3474,2025-05-23,2025-06-03,-0.0109216443615366,2025,2025-04-30,learned_market,20260911,0.3133768796150234,0.3133768796150234,0,0
monthly_state_ungated,3479,2025-05-30,2025-06-09,0.011566574321892,2025,2025-04-30,learned_market,20260911,0.25281934531182526,0.25281934531182526,0,1
monthly_state_validated,3464,2025-05-09,2025-05-19,0.0041484224873464,2025,2025-04-30,learned_market,20260912,0.2142742232715394,0.2142742232715394,0,1
monthly_state_validated,3469,2025-05-16,2025-05-26,-0.0017462660042188,2025,2025-04-30,learned_market,20260912,0.29985200432572173,0.29985200432572173,0,0
monthly_state_validated,3474,2025-05-23,2025-06-03,-0.0109216443615366,2025,2025-04-30,learned_market,20260912,0.18964856271285935,0.18964856271285935,0,0
monthly_state_validated,3479,2025-05-30,2025-06-09,0.011566574321892,2025,2025-04-30,learned_market,20260912,0.14811141993036436,0.14811141993036436,0,1
monthly_state_ungated,3464,2025-05-09,2025-05-19,0.0041484224873464,2025,2025-04-30,learned_market,20260912,0.2142742232715394,0.2142742232715394,0,1
monthly_state_ungated,3469,2025-05-16,2025-05-26,-0.0017462660042188,2025,2025-04-30,learned_market,20260912,0.29985200432572173,0.29985200432572173,0,0
monthly_state_ungated,3474,2025-05-23,2025-06-03,-0.0109216443615366,2025,2025-04-30,learned_market,20260912,0.18964856271285935,0.18964856271285935,0,0
monthly_state_ungated,3479,2025-05-30,2025-06-09,0.011566574321892,2025,2025-04-30,learned_market,20260912,0.14811141993036436,0.14811141993036436,0,1
monthly_state_validated,3464,2025-05-09,2025-05-19,0.0041484224873464,2025,2025-04-30,learned_vol_interaction,20260910,0.3200797945040684,0.3200797945040684,0,1
monthly_state_validated,3469,2025-05-16,2025-05-26,-0.0017462660042188,2025,2025-04-30,learned_vol_interaction,20260910,0.2871941968266558,0.2871941968266558,0,0
monthly_state_validated,3474,2025-05-23,2025-06-03,-0.0109216443615366,2025,2025-04-30,learned_vol_interaction,20260910,0.4170781557787939,0.4170781557787939,0,0
monthly_state_validated,3479,2025-05-30,2025-06-09,0.011566574321892,2025,2025-04-30,learned_vol_interaction,20260910,0.34423698671874764,0.34423698671874764,0,1
monthly_state_ungated,3464,2025-05-09,2025-05-19,0.0041484224873464,2025,2025-04-30,learned_vol_interaction,20260910,0.3200797945040684,0.3200797945040684,0,1
monthly_state_ungated,3469,2025-05-16,2025-05-26,-0.0017462660042188,2025,2025-04-30,learned_vol_interaction,20260910,0.2871941968266558,0.2871941968266558,0,0
monthly_state_ungated,3474,2025-05-23,2025-06-03,-0.0109216443615366,2025,2025-04-30,learned_vol_interaction,20260910,0.4170781557787939,0.4170781557787939,0,0
monthly_state_ungated,3479,2025-05-30,2025-06-09,0.011566574321892,2025,2025-04-30,learned_vol_interaction,20260910,0.34423698671874764,0.34423698671874764,0,1
monthly_state_validated,3464,2025-05-09,2025-05-19,0.0041484224873464,2025,2025-04-30,learned_vol_interaction,20260911,0.3440770326982158,0.3440770326982158,0,1
monthly_state_validated,3469,2025-05-16,2025-05-26,-0.0017462660042188,2025,2025-04-30,learned_vol_interaction,20260911,0.15708415693631408,0.15708415693631408,0,0
monthly_state_validated,3474,2025-05-23,2025-06-03,-0.0109216443615366,2025,2025-04-30,learned_vol_interaction,20260911,0.3129141751799449,0.3129141751799449,0,0
monthly_state_validated,3479,2025-05-30,2025-06-09,0.011566574321892,2025,2025-04-30,learned_vol_interaction,20260911,0.24172513013127842,0.24172513013127842,0,1
monthly_state_ungated,3464,2025-05-09,2025-05-19,0.0041484224873464,2025,2025-04-30,learned_vol_interaction,20260911,0.3440770326982158,0.3440770326982158,0,1
monthly_state_ungated,3469,2025-05-16,2025-05-26,-0.0017462660042188,2025,2025-04-30,learned_vol_interaction,20260911,0.15708415693631408,0.15708415693631408,0,0
monthly_state_ungated,3474,2025-05-23,2025-06-03,-0.0109216443615366,2025,2025-04-30,learned_vol_interaction,20260911,0.3129141751799449,0.3129141751799449,0,0
monthly_state_ungated,3479,2025-05-30,2025-06-09,0.011566574321892,2025,2025-04-30,learned_vol_interaction,20260911,0.24172513013127842,0.24172513013127842,0,1
monthly_state_validated,3464,2025-05-09,2025-05-19,0.0041484224873464,2025,2025-04-30,learned_vol_interaction,20260912,0.2101544098270596,0.2101544098270596,0,1
monthly_state_validated,3469,2025-05-16,2025-05-26,-0.0017462660042188,2025,2025-04-30,learned_vol_interaction,20260912,0.29805872622892515,0.29805872622892515,0,0
monthly_state_validated,3474,2025-05-23,2025-06-03,-0.0109216443615366,2025,2025-04-30,learned_vol_interaction,20260912,0.1862452321236867,0.1862452321236867,0,0
monthly_state_validated,3479,2025-05-30,2025-06-09,0.011566574321892,2025,2025-04-30,learned_vol_interaction,20260912,0.14419638192548384,0.14419638192548384,0,1
monthly_state_ungated,3464,2025-05-09,2025-05-19,0.0041484224873464,2025,2025-04-30,learned_vol_interaction,20260912,0.2101544098270596,0.2101544098270596,0,1
monthly_state_ungated,3469,2025-05-16,2025-05-26,-0.0017462660042188,2025,2025-04-30,learned_vol_interaction,20260912,0.29805872622892515,0.29805872622892515,0,0
monthly_state_ungated,3474,2025-05-23,2025-06-03,-0.0109216443615366,2025,2025-04-30,learned_vol_interaction,20260912,0.1862452321236867,0.1862452321236867,0,0
monthly_state_ungated,3479,2025-05-30,2025-06-09,0.011566574321892,2025,2025-04-30,learned_vol_interaction,20260912,0.14419638192548384,0.14419638192548384,0,1
monthly_state_validated,3464,2025-05-09,2025-05-19,0.0041484224873464,2025,2025-04-30,learned_order_extension,20260910,0.3072593086437894,0.3072593086437894,0,1
monthly_state_validated,3469,2025-05-16,2025-05-26,-0.0017462660042188,2025,2025-04-30,learned_order_extension,20260910,0.2841487036737628,0.2841487036737628,0,0
monthly_state_validated,3474,2025-05-23,2025-06-03,-0.0109216443615366,2025,2025-04-30,learned_order_extension,20260910,0.4207093759623844,0.4207093759623844,0,0
monthly_state_validated,3479,2025-05-30,2025-06-09,0.011566574321892,2025,2025-04-30,learned_order_extension,20260910,0.36661087579078333,0.36661087579078333,0,1
monthly_state_ungated,3464,2025-05-09,2025-05-19,0.0041484224873464,2025,2025-04-30,learned_order_extension,20260910,0.3072593086437894,0.3072593086437894,0,1
monthly_state_ungated,3469,2025-05-16,2025-05-26,-0.0017462660042188,2025,2025-04-30,learned_order_extension,20260910,0.2841487036737628,0.2841487036737628,0,0
monthly_state_ungated,3474,2025-05-23,2025-06-03,-0.0109216443615366,2025,2025-04-30,learned_order_extension,20260910,0.4207093759623844,0.4207093759623844,0,0
monthly_state_ungated,3479,2025-05-30,2025-06-09,0.011566574321892,2025,2025-04-30,learned_order_extension,20260910,0.36661087579078333,0.36661087579078333,0,1
monthly_state_validated,3464,2025-05-09,2025-05-19,0.0041484224873464,2025,2025-04-30,learned_order_extension,20260911,0.34031929959754853,0.34031929959754853,0,1
monthly_state_validated,3469,2025-05-16,2025-05-26,-0.0017462660042188,2025,2025-04-30,learned_order_extension,20260911,0.15709792545803983,0.15709792545803983,0,0
monthly_state_validated,3474,2025-05-23,2025-06-03,-0.0109216443615366,2025,2025-04-30,learned_order_extension,20260911,0.3063125594871174,0.3063125594871174,0,0
monthly_state_validated,3479,2025-05-30,2025-06-09,0.011566574321892,2025,2025-04-30,learned_order_extension,20260911,0.23641664065241727,0.23641664065241727,0,1
monthly_state_ungated,3464,2025-05-09,2025-05-19,0.0041484224873464,2025,2025-04-30,learned_order_extension,20260911,0.34031929959754853,0.34031929959754853,0,1
monthly_state_ungated,3469,2025-05-16,2025-05-26,-0.0017462660042188,2025,2025-04-30,learned_order_extension,20260911,0.15709792545803983,0.15709792545803983,0,0
monthly_state_ungated,3474,2025-05-23,2025-06-03,-0.0109216443615366,2025,2025-04-30,learned_order_extension,20260911,0.3063125594871174,0.3063125594871174,0,0
monthly_state_ungated,3479,2025-05-30,2025-06-09,0.011566574321892,2025,2025-04-30,learned_order_extension,20260911,0.23641664065241727,0.23641664065241727,0,1
monthly_state_validated,3464,2025-05-09,2025-05-19,0.0041484224873464,2025,2025-04-30,learned_order_extension,20260912,0.20065602474517458,0.20065602474517458,0,1
monthly_state_validated,3469,2025-05-16,2025-05-26,-0.0017462660042188,2025,2025-04-30,learned_order_extension,20260912,0.3087098606837302,0.3087098606837302,0,0
monthly_state_validated,3474,2025-05-23,2025-06-03,-0.0109216443615366,2025,2025-04-30,learned_order_extension,20260912,0.21033839292028866,0.21033839292028866,0,0
monthly_state_validated,3479,2025-05-30,2025-06-09,0.011566574321892,2025,2025-04-30,learned_order_extension,20260912,0.18840861323061106,0.18840861323061106,0,1
monthly_state_ungated,3464,2025-05-09,2025-05-19,0.0041484224873464,2025,2025-04-30,learned_order_extension,20260912,0.20065602474517458,0.20065602474517458,0,1
monthly_state_ungated,3469,2025-05-16,2025-05-26,-0.0017462660042188,2025,2025-04-30,learned_order_extension,20260912,0.3087098606837302,0.3087098606837302,0,0
monthly_state_ungated,3474,2025-05-23,2025-06-03,-0.0109216443615366,2025,2025-04-30,learned_order_extension,20260912,0.21033839292028866,0.21033839292028866,0,0
monthly_state_ungated,3479,2025-05-30,2025-06-09,0.011566574321892,2025,2025-04-30,learned_order_extension,20260912,0.18840861323061106,0.18840861323061106,0,1
monthly_state_validated,3464,2025-05-09,2025-05-19,0.0041484224873464,2025,2025-04-30,learned_order_offset,20260910,0.30797147798838415,0.30797147798838415,0,1
monthly_state_validated,3469,2025-05-16,2025-05-26,-0.0017462660042188,2025,2025-04-30,learned_order_offset,20260910,0.28437273069885327,0.28437273069885327,0,0
monthly_state_validated,3474,2025-05-23,2025-06-03,-0.0109216443615366,2025,2025-04-30,learned_order_offset,20260910,0.4212089027622125,0.4212089027622125,0,0
monthly_state_validated,3479,2025-05-30,2025-06-09,0.011566574321892,2025,2025-04-30,learned_order_offset,20260910,0.36688120389346207,0.36688120389346207,0,1
monthly_state_ungated,3464,2025-05-09,2025-05-19,0.0041484224873464,2025,2025-04-30,learned_order_offset,20260910,0.30797147798838415,0.30797147798838415,0,1
monthly_state_ungated,3469,2025-05-16,2025-05-26,-0.0017462660042188,2025,2025-04-30,learned_order_offset,20260910,0.28437273069885327,0.28437273069885327,0,0
monthly_state_ungated,3474,2025-05-23,2025-06-03,-0.0109216443615366,2025,2025-04-30,learned_order_offset,20260910,0.4212089027622125,0.4212089027622125,0,0
monthly_state_ungated,3479,2025-05-30,2025-06-09,0.011566574321892,2025,2025-04-30,learned_order_offset,20260910,0.36688120389346207,0.36688120389346207,0,1
monthly_state_validated,3464,2025-05-09,2025-05-19,0.0041484224873464,2025,2025-04-30,learned_order_offset,20260911,0.3402964813680482,0.3402964813680482,0,1
monthly_state_validated,3469,2025-05-16,2025-05-26,-0.0017462660042188,2025,2025-04-30,learned_order_offset,20260911,0.15711473180581975,0.15711473180581975,0,0
monthly_state_validated,3474,2025-05-23,2025-06-03,-0.0109216443615366,2025,2025-04-30,learned_order_offset,20260911,0.3063412438428447,0.3063412438428447,0,0
monthly_state_validated,3479,2025-05-30,2025-06-09,0.011566574321892,2025,2025-04-30,learned_order_offset,20260911,0.23639706495645438,0.23639706495645438,0,1
monthly_state_ungated,3464,2025-05-09,2025-05-19,0.0041484224873464,2025,2025-04-30,learned_order_offset,20260911,0.3402964813680482,0.3402964813680482,0,1
monthly_state_ungated,3469,2025-05-16,2025-05-26,-0.0017462660042188,2025,2025-04-30,learned_order_offset,20260911,0.15711473180581975,0.15711473180581975,0,0
monthly_state_ungated,3474,2025-05-23,2025-06-03,-0.0109216443615366,2025,2025-04-30,learned_order_offset,20260911,0.3063412438428447,0.3063412438428447,0,0
monthly_state_ungated,3479,2025-05-30,2025-06-09,0.011566574321892,2025,2025-04-30,learned_order_offset,20260911,0.23639706495645438,0.23639706495645438,0,1
monthly_state_validated,3464,2025-05-09,2025-05-19,0.0041484224873464,2025,2025-04-30,learned_order_offset,20260912,0.20455223051358004,0.20455223051358004,0,1
monthly_state_validated,3469,2025-05-16,2025-05-26,-0.0017462660042188,2025,2025-04-30,learned_order_offset,20260912,0.31173015568826534,0.31173015568826534,0,0
monthly_state_validated,3474,2025-05-23,2025-06-03,-0.0109216443615366,2025,2025-04-30,learned_order_offset,20260912,0.2148513812563758,0.2148513812563758,0,0
monthly_state_validated,3479,2025-05-30,2025-06-09,0.011566574321892,2025,2025-04-30,learned_order_offset,20260912,0.19317897916762164,0.19317897916762164,0,1
monthly_state_ungated,3464,2025-05-09,2025-05-19,0.0041484224873464,2025,2025-04-30,learned_order_offset,20260912,0.20455223051358004,0.20455223051358004,0,1
monthly_state_ungated,3469,2025-05-16,2025-05-26,-0.0017462660042188,2025,2025-04-30,learned_order_offset,20260912,0.31173015568826534,0.31173015568826534,0,0
monthly_state_ungated,3474,2025-05-23,2025-06-03,-0.0109216443615366,2025,2025-04-30,learned_order_offset,20260912,0.2148513812563758,0.2148513812563758,0,0
monthly_state_ungated,3479,2025-05-30,2025-06-09,0.011566574321892,2025,2025-04-30,learned_order_offset,20260912,0.19317897916762164,0.19317897916762164,0,1
monthly_state_validated,3483,2025-06-06,2025-06-16,-0.0062354943524679,2025,2025-05-31,learned_market,20260910,0.4008337518523243,0.4008337518523243,0,0
monthly_state_validated,3488,2025-06-13,2025-06-23,-0.005825691168304,2025,2025-05-31,learned_market,20260910,0.39810789776620636,0.39810789776620636,0,0
monthly_state_validated,3493,2025-06-20,2025-06-30,0.0232670437490374,2025,2025-05-31,learned_market,20260910,0.4122689448247892,0.4122689448247892,0,1
monthly_state_validated,3498,2025-06-27,2025-07-07,0.0145345648685946,2025,2025-05-31,learned_market,20260910,0.3732862575696102,0.3732862575696102,0,1
monthly_state_ungated,3483,2025-06-06,2025-06-16,-0.0062354943524679,2025,2025-05-31,learned_market,20260910,0.38815251460651395,0.38815251460651395,0,0
monthly_state_ungated,3488,2025-06-13,2025-06-23,-0.005825691168304,2025,2025-05-31,learned_market,20260910,0.3854574197228654,0.3854574197228654,0,0
monthly_state_ungated,3493,2025-06-20,2025-06-30,0.0232670437490374,2025,2025-05-31,learned_market,20260910,0.3994671291420889,0.3994671291420889,0,1
monthly_state_ungated,3498,2025-06-27,2025-07-07,0.0145345648685946,2025,2025-05-31,learned_market,20260910,0.370540539828294,0.370540539828294,0,1
monthly_state_validated,3483,2025-06-06,2025-06-16,-0.0062354943524679,2025,2025-05-31,learned_market,20260911,0.5350200825873069,0.5350200825873069,1,0
monthly_state_validated,3488,2025-06-13,2025-06-23,-0.005825691168304,2025,2025-05-31,learned_market,20260911,0.46140451244920655,0.46140451244920655,0,0
monthly_state_validated,3493,2025-06-20,2025-06-30,0.0232670437490374,2025,2025-05-31,learned_market,20260911,0.5232923093031243,0.5232923093031243,1,1
monthly_state_validated,3498,2025-06-27,2025-07-07,0.0145345648685946,2025,2025-05-31,learned_market,20260911,0.5610127223665392,0.5610127223665392,1,1
monthly_state_ungated,3483,2025-06-06,2025-06-16,-0.0062354943524679,2025,2025-05-31,learned_market,20260911,0.5168439069794951,0.5168439069794951,1,0
monthly_state_ungated,3488,2025-06-13,2025-06-23,-0.005825691168304,2025,2025-05-31,learned_market,20260911,0.4433447036437449,0.4433447036437449,0,0
monthly_state_ungated,3493,2025-06-20,2025-06-30,0.0232670437490374,2025,2025-05-31,learned_market,20260911,0.5050817717101158,0.5050817717101158,1,1
monthly_state_ungated,3498,2025-06-27,2025-07-07,0.0145345648685946,2025,2025-05-31,learned_market,20260911,0.5541792748090724,0.5541792748090724,1,1
monthly_state_validated,3483,2025-06-06,2025-06-16,-0.0062354943524679,2025,2025-05-31,learned_market,20260912,0.37428363998955994,0.37428363998955994,0,0
monthly_state_validated,3488,2025-06-13,2025-06-23,-0.005825691168304,2025,2025-05-31,learned_market,20260912,0.2863959921610815,0.2863959921610815,0,0
monthly_state_validated,3493,2025-06-20,2025-06-30,0.0232670437490374,2025,2025-05-31,learned_market,20260912,0.41408451859112755,0.41408451859112755,0,1
monthly_state_validated,3498,2025-06-27,2025-07-07,0.0145345648685946,2025,2025-05-31,learned_market,20260912,0.5266011272495493,0.5266011272495493,1,1
monthly_state_ungated,3483,2025-06-06,2025-06-16,-0.0062354943524679,2025,2025-05-31,learned_market,20260912,0.36078439467762846,0.36078439467762846,0,0
monthly_state_ungated,3488,2025-06-13,2025-06-23,-0.005825691168304,2025,2025-05-31,learned_market,20260912,0.27467509646492066,0.27467509646492066,0,0
monthly_state_ungated,3493,2025-06-20,2025-06-30,0.0232670437490374,2025,2025-05-31,learned_market,20260912,0.40006759880900483,0.40006759880900483,0,1
monthly_state_ungated,3498,2025-06-27,2025-07-07,0.0145345648685946,2025,2025-05-31,learned_market,20260912,0.5284835178448929,0.5284835178448929,1,1
monthly_state_validated,3483,2025-06-06,2025-06-16,-0.0062354943524679,2025,2025-05-31,learned_vol_interaction,20260910,0.39394803233936054,0.39394803233936054,0,0
monthly_state_validated,3488,2025-06-13,2025-06-23,-0.005825691168304,2025,2025-05-31,learned_vol_interaction,20260910,0.3901672438709687,0.3901672438709687,0,0
monthly_state_validated,3493,2025-06-20,2025-06-30,0.0232670437490374,2025,2025-05-31,learned_vol_interaction,20260910,0.422539141417078,0.422539141417078,0,1
monthly_state_validated,3498,2025-06-27,2025-07-07,0.0145345648685946,2025,2025-05-31,learned_vol_interaction,20260910,0.38892299865015934,0.38892299865015934,0,1
monthly_state_ungated,3483,2025-06-06,2025-06-16,-0.0062354943524679,2025,2025-05-31,learned_vol_interaction,20260910,0.3809076324421958,0.3809076324421958,0,0
monthly_state_ungated,3488,2025-06-13,2025-06-23,-0.005825691168304,2025,2025-05-31,learned_vol_interaction,20260910,0.37717410773422005,0.37717410773422005,0,0
monthly_state_ungated,3493,2025-06-20,2025-06-30,0.0232670437490374,2025,2025-05-31,learned_vol_interaction,20260910,0.4091913215916232,0.4091913215916232,0,1
monthly_state_ungated,3498,2025-06-27,2025-07-07,0.0145345648685946,2025,2025-05-31,learned_vol_interaction,20260910,0.38658897588605845,0.38658897588605845,0,1
monthly_state_validated,3483,2025-06-06,2025-06-16,-0.0062354943524679,2025,2025-05-31,learned_vol_interaction,20260911,0.5526607674508816,0.5526607674508816,1,0
monthly_state_validated,3488,2025-06-13,2025-06-23,-0.005825691168304,2025,2025-05-31,learned_vol_interaction,20260911,0.47804200570352084,0.47804200570352084,0,0
monthly_state_validated,3493,2025-06-20,2025-06-30,0.0232670437490374,2025,2025-05-31,learned_vol_interaction,20260911,0.5462388483085826,0.5462388483085826,1,1
monthly_state_validated,3498,2025-06-27,2025-07-07,0.0145345648685946,2025,2025-05-31,learned_vol_interaction,20260911,0.578261270104434,0.578261270104434,1,1
monthly_state_ungated,3483,2025-06-06,2025-06-16,-0.0062354943524679,2025,2025-05-31,learned_vol_interaction,20260911,0.534094924489935,0.534094924489935,1,0
monthly_state_ungated,3488,2025-06-13,2025-06-23,-0.005825691168304,2025,2025-05-31,learned_vol_interaction,20260911,0.4594085312267579,0.4594085312267579,0,0
monthly_state_ungated,3493,2025-06-20,2025-06-30,0.0232670437490374,2025,2025-05-31,learned_vol_interaction,20260911,0.5276342820216998,0.5276342820216998,1,1
monthly_state_ungated,3498,2025-06-27,2025-07-07,0.0145345648685946,2025,2025-05-31,learned_vol_interaction,20260911,0.5715054621691228,0.5715054621691228,1,1
monthly_state_validated,3483,2025-06-06,2025-06-16,-0.0062354943524679,2025,2025-05-31,learned_vol_interaction,20260912,0.37427363804780367,0.37427363804780367,0,0
monthly_state_validated,3488,2025-06-13,2025-06-23,-0.005825691168304,2025,2025-05-31,learned_vol_interaction,20260912,0.28249272154558186,0.28249272154558186,0,0
monthly_state_validated,3493,2025-06-20,2025-06-30,0.0232670437490374,2025,2025-05-31,learned_vol_interaction,20260912,0.41432413530429735,0.41432413530429735,0,1
monthly_state_validated,3498,2025-06-27,2025-07-07,0.0145345648685946,2025,2025-05-31,learned_vol_interaction,20260912,0.527574063118162,0.527574063118162,1,1
monthly_state_ungated,3483,2025-06-06,2025-06-16,-0.0062354943524679,2025,2025-05-31,learned_vol_interaction,20260912,0.3622981355128901,0.3622981355128901,0,0
monthly_state_ungated,3488,2025-06-13,2025-06-23,-0.005825691168304,2025,2025-05-31,learned_vol_interaction,20260912,0.2721765120959567,0.2721765120959567,0,0
monthly_state_ungated,3493,2025-06-20,2025-06-30,0.0232670437490374,2025,2025-05-31,learned_vol_interaction,20260912,0.4018902184413251,0.4018902184413251,0,1
monthly_state_ungated,3498,2025-06-27,2025-07-07,0.0145345648685946,2025,2025-05-31,learned_vol_interaction,20260912,0.5294867992183522,0.5294867992183522,1,1
monthly_state_validated,3483,2025-06-06,2025-06-16,-0.0062354943524679,2025,2025-05-31,learned_order_extension,20260910,0.3936564236882862,0.3936564236882862,0,0
monthly_state_validated,3488,2025-06-13,2025-06-23,-0.005825691168304,2025,2025-05-31,learned_order_extension,20260910,0.3843243252425731,0.3843243252425731,0,0
monthly_state_validated,3493,2025-06-20,2025-06-30,0.0232670437490374,2025,2025-05-31,learned_order_extension,20260910,0.41985667642019336,0.41985667642019336,0,1
monthly_state_validated,3498,2025-06-27,2025-07-07,0.0145345648685946,2025,2025-05-31,learned_order_extension,20260910,0.40978431801033516,0.40978431801033516,0,1
monthly_state_ungated,3483,2025-06-06,2025-06-16,-0.0062354943524679,2025,2025-05-31,learned_order_extension,20260910,0.3936564236882862,0.3936564236882862,0,0
monthly_state_ungated,3488,2025-06-13,2025-06-23,-0.005825691168304,2025,2025-05-31,learned_order_extension,20260910,0.3843243252425731,0.3843243252425731,0,0
monthly_state_ungated,3493,2025-06-20,2025-06-30,0.0232670437490374,2025,2025-05-31,learned_order_extension,20260910,0.41985667642019336,0.41985667642019336,0,1
monthly_state_ungated,3498,2025-06-27,2025-07-07,0.0145345648685946,2025,2025-05-31,learned_order_extension,20260910,0.40832054219573655,0.40832054219573655,0,1
monthly_state_validated,3483,2025-06-06,2025-06-16,-0.0062354943524679,2025,2025-05-31,learned_order_extension,20260911,0.5313225578335309,0.5313225578335309,1,0
monthly_state_validated,3488,2025-06-13,2025-06-23,-0.005825691168304,2025,2025-05-31,learned_order_extension,20260911,0.45211806356950096,0.45211806356950096,0,0
monthly_state_validated,3493,2025-06-20,2025-06-30,0.0232670437490374,2025,2025-05-31,learned_order_extension,20260911,0.5221950782399937,0.5221950782399937,1,1
monthly_state_validated,3498,2025-06-27,2025-07-07,0.0145345648685946,2025,2025-05-31,learned_order_extension,20260911,0.5789884729243365,0.5789884729243365,1,1
monthly_state_ungated,3483,2025-06-06,2025-06-16,-0.0062354943524679,2025,2025-05-31,learned_order_extension,20260911,0.5313225578335309,0.5313225578335309,1,0
monthly_state_ungated,3488,2025-06-13,2025-06-23,-0.005825691168304,2025,2025-05-31,learned_order_extension,20260911,0.45211806356950096,0.45211806356950096,0,0
monthly_state_ungated,3493,2025-06-20,2025-06-30,0.0232670437490374,2025,2025-05-31,learned_order_extension,20260911,0.5221950782399937,0.5221950782399937,1,1
monthly_state_ungated,3498,2025-06-27,2025-07-07,0.0145345648685946,2025,2025-05-31,learned_order_extension,20260911,0.5756867151218843,0.5756867151218843,1,1
monthly_state_validated,3483,2025-06-06,2025-06-16,-0.0062354943524679,2025,2025-05-31,learned_order_extension,20260912,0.38745098395675837,0.38745098395675837,0,0
monthly_state_validated,3488,2025-06-13,2025-06-23,-0.005825691168304,2025,2025-05-31,learned_order_extension,20260912,0.28141278251871976,0.28141278251871976,0,0
monthly_state_validated,3493,2025-06-20,2025-06-30,0.0232670437490374,2025,2025-05-31,learned_order_extension,20260912,0.4175806548653716,0.4175806548653716,0,1
monthly_state_validated,3498,2025-06-27,2025-07-07,0.0145345648685946,2025,2025-05-31,learned_order_extension,20260912,0.5181270090222981,0.5181270090222981,1,1
monthly_state_ungated,3483,2025-06-06,2025-06-16,-0.0062354943524679,2025,2025-05-31,learned_order_extension,20260912,0.38745098395675837,0.38745098395675837,0,0
monthly_state_ungated,3488,2025-06-13,2025-06-23,-0.005825691168304,2025,2025-05-31,learned_order_extension,20260912,0.28141278251871976,0.28141278251871976,0,0
monthly_state_ungated,3493,2025-06-20,2025-06-30,0.0232670437490374,2025,2025-05-31,learned_order_extension,20260912,0.4175806548653716,0.4175806548653716,0,1
monthly_state_ungated,3498,2025-06-27,2025-07-07,0.0145345648685946,2025,2025-05-31,learned_order_extension,20260912,0.5224431763162795,0.5224431763162795,1,1
monthly_state_validated,3483,2025-06-06,2025-06-16,-0.0062354943524679,2025,2025-05-31,learned_order_offset,20260910,0.3945389295863826,0.3945389295863826,0,0
monthly_state_validated,3488,2025-06-13,2025-06-23,-0.005825691168304,2025,2025-05-31,learned_order_offset,20260910,0.3848445474964842,0.3848445474964842,0,0
monthly_state_validated,3493,2025-06-20,2025-06-30,0.0232670437490374,2025,2025-05-31,learned_order_offset,20260910,0.4199280197344549,0.4199280197344549,0,1
monthly_state_validated,3498,2025-06-27,2025-07-07,0.0145345648685946,2025,2025-05-31,learned_order_offset,20260910,0.4097128200210753,0.4097128200210753,0,1
monthly_state_ungated,3483,2025-06-06,2025-06-16,-0.0062354943524679,2025,2025-05-31,learned_order_offset,20260910,0.3945389295863826,0.3945389295863826,0,0
monthly_state_ungated,3488,2025-06-13,2025-06-23,-0.005825691168304,2025,2025-05-31,learned_order_offset,20260910,0.3848445474964842,0.3848445474964842,0,0
monthly_state_ungated,3493,2025-06-20,2025-06-30,0.0232670437490374,2025,2025-05-31,learned_order_offset,20260910,0.4199280197344549,0.4199280197344549,0,1
monthly_state_ungated,3498,2025-06-27,2025-07-07,0.0145345648685946,2025,2025-05-31,learned_order_offset,20260910,0.40828772853344164,0.40828772853344164,0,1
monthly_state_validated,3483,2025-06-06,2025-06-16,-0.0062354943524679,2025,2025-05-31,learned_order_offset,20260911,0.5311560973700079,0.5311560973700079,1,0
monthly_state_validated,3488,2025-06-13,2025-06-23,-0.005825691168304,2025,2025-05-31,learned_order_offset,20260911,0.4520376123468076,0.4520376123468076,0,0
monthly_state_validated,3493,2025-06-20,2025-06-30,0.0232670437490374,2025,2025-05-31,learned_order_offset,20260911,0.5221295360161994,0.5221295360161994,1,1
monthly_state_validated,3498,2025-06-27,2025-07-07,0.0145345648685946,2025,2025-05-31,learned_order_offset,20260911,0.578950056434683,0.578950056434683,1,1
monthly_state_ungated,3483,2025-06-06,2025-06-16,-0.0062354943524679,2025,2025-05-31,learned_order_offset,20260911,0.5311560973700079,0.5311560973700079,1,0
monthly_state_ungated,3488,2025-06-13,2025-06-23,-0.005825691168304,2025,2025-05-31,learned_order_offset,20260911,0.4520376123468076,0.4520376123468076,0,0
monthly_state_ungated,3493,2025-06-20,2025-06-30,0.0232670437490374,2025,2025-05-31,learned_order_offset,20260911,0.5221295360161994,0.5221295360161994,1,1
monthly_state_ungated,3498,2025-06-27,2025-07-07,0.0145345648685946,2025,2025-05-31,learned_order_offset,20260911,0.5758744870443031,0.5758744870443031,1,1
monthly_state_validated,3483,2025-06-06,2025-06-16,-0.0062354943524679,2025,2025-05-31,learned_order_offset,20260912,0.39064107842726914,0.39064107842726914,0,0
monthly_state_validated,3488,2025-06-13,2025-06-23,-0.005825691168304,2025,2025-05-31,learned_order_offset,20260912,0.2815796479438379,0.2815796479438379,0,0
monthly_state_validated,3493,2025-06-20,2025-06-30,0.0232670437490374,2025,2025-05-31,learned_order_offset,20260912,0.41708667392927007,0.41708667392927007,0,1
monthly_state_validated,3498,2025-06-27,2025-07-07,0.0145345648685946,2025,2025-05-31,learned_order_offset,20260912,0.51621490195825,0.51621490195825,1,1
monthly_state_ungated,3483,2025-06-06,2025-06-16,-0.0062354943524679,2025,2025-05-31,learned_order_offset,20260912,0.39064107842726914,0.39064107842726914,0,0
monthly_state_ungated,3488,2025-06-13,2025-06-23,-0.005825691168304,2025,2025-05-31,learned_order_offset,20260912,0.2815796479438379,0.2815796479438379,0,0
monthly_state_ungated,3493,2025-06-20,2025-06-30,0.0232670437490374,2025,2025-05-31,learned_order_offset,20260912,0.41708667392927007,0.41708667392927007,0,1
monthly_state_ungated,3498,2025-06-27,2025-07-07,0.0145345648685946,2025,2025-05-31,learned_order_offset,20260912,0.5205142036178447,0.5205142036178447,1,1
monthly_state_validated,3503,2025-07-04,2025-07-14,0.0110426949002964,2025,2025-06-30,learned_market,20260910,0.7015823439777326,0.7015823439777326,1,1
monthly_state_validated,3508,2025-07-11,2025-07-21,0.0120759671840067,2025,2025-06-30,learned_market,20260910,0.7139989728727871,0.7139989728727871,1,1
monthly_state_validated,3513,2025-07-18,2025-07-28,0.0143570766898375,2025,2025-06-30,learned_market,20260910,0.4034517865000961,0.4034517865000961,0,1
monthly_state_validated,3518,2025-07-25,2025-08-04,-0.0218642507630443,2025,2025-06-30,learned_market,20260910,0.48275696040931965,0.48275696040931965,0,0
monthly_state_ungated,3503,2025-07-04,2025-07-14,0.0110426949002964,2025,2025-06-30,learned_market,20260910,0.6991155978868965,0.6991155978868965,1,1
monthly_state_ungated,3508,2025-07-11,2025-07-21,0.0120759671840067,2025,2025-06-30,learned_market,20260910,0.7115926715946488,0.7115926715946488,1,1
monthly_state_ungated,3513,2025-07-18,2025-07-28,0.0143570766898375,2025,2025-06-30,learned_market,20260910,0.4006260240579036,0.4006260240579036,0,1
monthly_state_ungated,3518,2025-07-25,2025-08-04,-0.0218642507630443,2025,2025-06-30,learned_market,20260910,0.4798225137543219,0.4798225137543219,0,0
monthly_state_validated,3503,2025-07-04,2025-07-14,0.0110426949002964,2025,2025-06-30,learned_market,20260911,0.6568898114490267,0.6568898114490267,1,1
monthly_state_validated,3508,2025-07-11,2025-07-21,0.0120759671840067,2025,2025-06-30,learned_market,20260911,0.43798275099067796,0.43798275099067796,0,1
monthly_state_validated,3513,2025-07-18,2025-07-28,0.0143570766898375,2025,2025-06-30,learned_market,20260911,0.45123982610211855,0.45123982610211855,0,1
monthly_state_validated,3518,2025-07-25,2025-08-04,-0.0218642507630443,2025,2025-06-30,learned_market,20260911,0.37704556959575936,0.37704556959575936,0,0
monthly_state_ungated,3503,2025-07-04,2025-07-14,0.0110426949002964,2025,2025-06-30,learned_market,20260911,0.6506193680250095,0.6506193680250095,1,1
monthly_state_ungated,3508,2025-07-11,2025-07-21,0.0120759671840067,2025,2025-06-30,learned_market,20260911,0.4311759689463358,0.4311759689463358,0,1
monthly_state_ungated,3513,2025-07-18,2025-07-28,0.0143570766898375,2025,2025-06-30,learned_market,20260911,0.44438992282833717,0.44438992282833717,0,1
monthly_state_ungated,3518,2025-07-25,2025-08-04,-0.0218642507630443,2025,2025-06-30,learned_market,20260911,0.37056140376159064,0.37056140376159064,0,0
monthly_state_validated,3503,2025-07-04,2025-07-14,0.0110426949002964,2025,2025-06-30,learned_market,20260912,0.44691982418443277,0.44691982418443277,0,1
monthly_state_validated,3508,2025-07-11,2025-07-21,0.0120759671840067,2025,2025-06-30,learned_market,20260912,0.5272263603973415,0.5272263603973415,1,1
monthly_state_validated,3513,2025-07-18,2025-07-28,0.0143570766898375,2025,2025-06-30,learned_market,20260912,0.7010339582730474,0.7010339582730474,1,1
monthly_state_validated,3518,2025-07-25,2025-08-04,-0.0218642507630443,2025,2025-06-30,learned_market,20260912,0.5207227531667084,0.5207227531667084,1,0
monthly_state_ungated,3503,2025-07-04,2025-07-14,0.0110426949002964,2025,2025-06-30,learned_market,20260912,0.448787406839636,0.448787406839636,0,1
monthly_state_ungated,3508,2025-07-11,2025-07-21,0.0120759671840067,2025,2025-06-30,learned_market,20260912,0.5291084879823018,0.5291084879823018,1,1
monthly_state_ungated,3513,2025-07-18,2025-07-28,0.0143570766898375,2025,2025-06-30,learned_market,20260912,0.7026144419376007,0.7026144419376007,1,1
monthly_state_ungated,3518,2025-07-25,2025-08-04,-0.0218642507630443,2025,2025-06-30,learned_market,20260912,0.5226073279886541,0.5226073279886541,1,0
monthly_state_validated,3503,2025-07-04,2025-07-14,0.0110426949002964,2025,2025-06-30,learned_vol_interaction,20260910,0.7804471157978421,0.7804471157978421,1,1
monthly_state_validated,3508,2025-07-11,2025-07-21,0.0120759671840067,2025,2025-06-30,learned_vol_interaction,20260910,0.8059006088843718,0.8059006088843718,1,1
monthly_state_validated,3513,2025-07-18,2025-07-28,0.0143570766898375,2025,2025-06-30,learned_vol_interaction,20260910,0.4022202754416644,0.4022202754416644,0,1
monthly_state_validated,3518,2025-07-25,2025-08-04,-0.0218642507630443,2025,2025-06-30,learned_vol_interaction,20260910,0.4655503807560464,0.4655503807560464,0,0
monthly_state_ungated,3503,2025-07-04,2025-07-14,0.0110426949002964,2025,2025-06-30,learned_vol_interaction,20260910,0.7787578372759177,0.7787578372759177,1,1
monthly_state_ungated,3508,2025-07-11,2025-07-21,0.0120759671840067,2025,2025-06-30,learned_vol_interaction,20260910,0.8043580800708648,0.8043580800708648,1,1
monthly_state_ungated,3513,2025-07-18,2025-07-28,0.0143570766898375,2025,2025-06-30,learned_vol_interaction,20260910,0.39985866978296714,0.39985866978296714,0,1
monthly_state_ungated,3518,2025-07-25,2025-08-04,-0.0218642507630443,2025,2025-06-30,learned_vol_interaction,20260910,0.46310500316427083,0.46310500316427083,0,0
monthly_state_validated,3503,2025-07-04,2025-07-14,0.0110426949002964,2025,2025-06-30,learned_vol_interaction,20260911,0.6743637676475238,0.6743637676475238,1,1
monthly_state_validated,3508,2025-07-11,2025-07-21,0.0120759671840067,2025,2025-06-30,learned_vol_interaction,20260911,0.44186685371591494,0.44186685371591494,0,1
monthly_state_validated,3513,2025-07-18,2025-07-28,0.0143570766898375,2025,2025-06-30,learned_vol_interaction,20260911,0.4541727142574433,0.4541727142574433,0,1
monthly_state_validated,3518,2025-07-25,2025-08-04,-0.0218642507630443,2025,2025-06-30,learned_vol_interaction,20260911,0.3697066493096656,0.3697066493096656,0,0
monthly_state_ungated,3503,2025-07-04,2025-07-14,0.0110426949002964,2025,2025-06-30,learned_vol_interaction,20260911,0.6682642655817393,0.6682642655817393,1,1
monthly_state_ungated,3508,2025-07-11,2025-07-21,0.0120759671840067,2025,2025-06-30,learned_vol_interaction,20260911,0.4350607102000675,0.4350607102000675,0,1
monthly_state_ungated,3513,2025-07-18,2025-07-28,0.0143570766898375,2025,2025-06-30,learned_vol_interaction,20260911,0.4473289402321254,0.4473289402321254,0,1
monthly_state_ungated,3518,2025-07-25,2025-08-04,-0.0218642507630443,2025,2025-06-30,learned_vol_interaction,20260911,0.3632885292946003,0.3632885292946003,0,0
monthly_state_validated,3503,2025-07-04,2025-07-14,0.0110426949002964,2025,2025-06-30,learned_vol_interaction,20260912,0.4460138413271689,0.4460138413271689,0,1
monthly_state_validated,3508,2025-07-11,2025-07-21,0.0120759671840067,2025,2025-06-30,learned_vol_interaction,20260912,0.5313131532633956,0.5313131532633956,1,1
monthly_state_validated,3513,2025-07-18,2025-07-28,0.0143570766898375,2025,2025-06-30,learned_vol_interaction,20260912,0.7086416116210668,0.7086416116210668,1,1
monthly_state_validated,3518,2025-07-25,2025-08-04,-0.0218642507630443,2025,2025-06-30,learned_vol_interaction,20260912,0.5244618144098299,0.5244618144098299,1,0
monthly_state_ungated,3503,2025-07-04,2025-07-14,0.0110426949002964,2025,2025-06-30,learned_vol_interaction,20260912,0.44791123327400945,0.44791123327400945,0,1
monthly_state_ungated,3508,2025-07-11,2025-07-21,0.0120759671840067,2025,2025-06-30,learned_vol_interaction,20260912,0.5332241447686843,0.5332241447686843,1,1
monthly_state_ungated,3513,2025-07-18,2025-07-28,0.0143570766898375,2025,2025-06-30,learned_vol_interaction,20260912,0.7102239122513407,0.7102239122513407,1,1
monthly_state_ungated,3518,2025-07-25,2025-08-04,-0.0218642507630443,2025,2025-06-30,learned_vol_interaction,20260912,0.5263758390646691,0.5263758390646691,1,0
monthly_state_validated,3503,2025-07-04,2025-07-14,0.0110426949002964,2025,2025-06-30,learned_order_extension,20260910,0.7176321167186754,0.7176321167186754,1,1
monthly_state_validated,3508,2025-07-11,2025-07-21,0.0120759671840067,2025,2025-06-30,learned_order_extension,20260910,0.8326931438759837,0.8326931438759837,1,1
monthly_state_validated,3513,2025-07-18,2025-07-28,0.0143570766898375,2025,2025-06-30,learned_order_extension,20260910,0.39152870941681295,0.39152870941681295,0,1
monthly_state_validated,3518,2025-07-25,2025-08-04,-0.0218642507630443,2025,2025-06-30,learned_order_extension,20260910,0.44803558799905846,0.44803558799905846,0,0
monthly_state_ungated,3503,2025-07-04,2025-07-14,0.0110426949002964,2025,2025-06-30,learned_order_extension,20260910,0.7164034458606656,0.7164034458606656,1,1
monthly_state_ungated,3508,2025-07-11,2025-07-21,0.0120759671840067,2025,2025-06-30,learned_order_extension,20260910,0.831847825680018,0.831847825680018,1,1
monthly_state_ungated,3513,2025-07-18,2025-07-28,0.0143570766898375,2025,2025-06-30,learned_order_extension,20260910,0.39008704489024065,0.39008704489024065,0,1
monthly_state_ungated,3518,2025-07-25,2025-08-04,-0.0218642507630443,2025,2025-06-30,learned_order_extension,20260910,0.446538550671857,0.446538550671857,0,0
monthly_state_validated,3503,2025-07-04,2025-07-14,0.0110426949002964,2025,2025-06-30,learned_order_extension,20260911,0.6783853641950703,0.6783853641950703,1,1
monthly_state_validated,3508,2025-07-11,2025-07-21,0.0120759671840067,2025,2025-06-30,learned_order_extension,20260911,0.44194145653903777,0.44194145653903777,0,1
monthly_state_validated,3513,2025-07-18,2025-07-28,0.0143570766898375,2025,2025-06-30,learned_order_extension,20260911,0.4542765697501973,0.4542765697501973,0,1
monthly_state_validated,3518,2025-07-25,2025-08-04,-0.0218642507630443,2025,2025-06-30,learned_order_extension,20260911,0.3705804310840424,0.3705804310840424,0,0
monthly_state_ungated,3503,2025-07-04,2025-07-14,0.0110426949002964,2025,2025-06-30,learned_order_extension,20260911,0.67542613445137,0.67542613445137,1,1
monthly_state_ungated,3508,2025-07-11,2025-07-21,0.0120759671840067,2025,2025-06-30,learned_order_extension,20260911,0.4386070359881475,0.4386070359881475,0,1
monthly_state_ungated,3513,2025-07-18,2025-07-28,0.0143570766898375,2025,2025-06-30,learned_order_extension,20260911,0.45092428237411125,0.45092428237411125,0,1
monthly_state_ungated,3518,2025-07-25,2025-08-04,-0.0218642507630443,2025,2025-06-30,learned_order_extension,20260911,0.3674299288754345,0.3674299288754345,0,0
monthly_state_validated,3503,2025-07-04,2025-07-14,0.0110426949002964,2025,2025-06-30,learned_order_extension,20260912,0.44975661840836995,0.44975661840836995,0,1
monthly_state_validated,3508,2025-07-11,2025-07-21,0.0120759671840067,2025,2025-06-30,learned_order_extension,20260912,0.5396775320772306,0.5396775320772306,1,1
monthly_state_validated,3513,2025-07-18,2025-07-28,0.0143570766898375,2025,2025-06-30,learned_order_extension,20260912,0.7181896217551942,0.7181896217551942,1,1
monthly_state_validated,3518,2025-07-25,2025-08-04,-0.0218642507630443,2025,2025-06-30,learned_order_extension,20260912,0.4788967000353738,0.4788967000353738,0,0
monthly_state_ungated,3503,2025-07-04,2025-07-14,0.0110426949002964,2025,2025-06-30,learned_order_extension,20260912,0.4540398884873748,0.4540398884873748,0,1
monthly_state_ungated,3508,2025-07-11,2025-07-21,0.0120759671840067,2025,2025-06-30,learned_order_extension,20260912,0.5439705647762332,0.5439705647762332,1,1
monthly_state_ungated,3513,2025-07-18,2025-07-28,0.0143570766898375,2025,2025-06-30,learned_order_extension,20260912,0.7216764143783001,0.7216764143783001,1,1
monthly_state_ungated,3518,2025-07-25,2025-08-04,-0.0218642507630443,2025,2025-06-30,learned_order_extension,20260912,0.4832137766363619,0.4832137766363619,0,0
monthly_state_validated,3503,2025-07-04,2025-07-14,0.0110426949002964,2025,2025-06-30,learned_order_offset,20260910,0.7138049429629315,0.7138049429629315,1,1
monthly_state_validated,3508,2025-07-11,2025-07-21,0.0120759671840067,2025,2025-06-30,learned_order_offset,20260910,0.8295391005206344,0.8295391005206344,1,1
monthly_state_validated,3513,2025-07-18,2025-07-28,0.0143570766898375,2025,2025-06-30,learned_order_offset,20260910,0.3912754070593162,0.3912754070593162,0,1
monthly_state_validated,3518,2025-07-25,2025-08-04,-0.0218642507630443,2025,2025-06-30,learned_order_offset,20260910,0.4472338795260976,0.4472338795260976,0,0
monthly_state_ungated,3503,2025-07-04,2025-07-14,0.0110426949002964,2025,2025-06-30,learned_order_offset,20260910,0.7125990176376796,0.7125990176376796,1,1
monthly_state_ungated,3508,2025-07-11,2025-07-21,0.0120759671840067,2025,2025-06-30,learned_order_offset,20260910,0.8287038107180775,0.8287038107180775,1,1
monthly_state_ungated,3513,2025-07-18,2025-07-28,0.0143570766898375,2025,2025-06-30,learned_order_offset,20260910,0.38987208917188726,0.38987208917188726,0,1
monthly_state_ungated,3518,2025-07-25,2025-08-04,-0.0218642507630443,2025,2025-06-30,learned_order_offset,20260910,0.4457768378176457,0.4457768378176457,0,0
monthly_state_validated,3503,2025-07-04,2025-07-14,0.0110426949002964,2025,2025-06-30,learned_order_offset,20260911,0.678441879183803,0.678441879183803,1,1
monthly_state_validated,3508,2025-07-11,2025-07-21,0.0120759671840067,2025,2025-06-30,learned_order_offset,20260911,0.44212080116495506,0.44212080116495506,0,1
monthly_state_validated,3513,2025-07-18,2025-07-28,0.0143570766898375,2025,2025-06-30,learned_order_offset,20260911,0.4543231137369766,0.4543231137369766,0,1
monthly_state_validated,3518,2025-07-25,2025-08-04,-0.0218642507630443,2025,2025-06-30,learned_order_offset,20260911,0.370682013137504,0.370682013137504,0,0
monthly_state_ungated,3503,2025-07-04,2025-07-14,0.0110426949002964,2025,2025-06-30,learned_order_offset,20260911,0.6756859475055929,0.6756859475055929,1,1
monthly_state_ungated,3508,2025-07-11,2025-07-21,0.0120759671840067,2025,2025-06-30,learned_order_offset,20260911,0.43901421908113236,0.43901421908113236,0,1
monthly_state_ungated,3513,2025-07-18,2025-07-28,0.0143570766898375,2025,2025-06-30,learned_order_offset,20260911,0.451200136214033,0.451200136214033,0,1
monthly_state_ungated,3518,2025-07-25,2025-08-04,-0.0218642507630443,2025,2025-06-30,learned_order_offset,20260911,0.36774650843268386,0.36774650843268386,0,0
monthly_state_validated,3503,2025-07-04,2025-07-14,0.0110426949002964,2025,2025-06-30,learned_order_offset,20260912,0.4492168708376479,0.4492168708376479,0,1
monthly_state_validated,3508,2025-07-11,2025-07-21,0.0120759671840067,2025,2025-06-30,learned_order_offset,20260912,0.5370542470526525,0.5370542470526525,1,1
monthly_state_validated,3513,2025-07-18,2025-07-28,0.0143570766898375,2025,2025-06-30,learned_order_offset,20260912,0.7112619395712232,0.7112619395712232,1,1
monthly_state_validated,3518,2025-07-25,2025-08-04,-0.0218642507630443,2025,2025-06-30,learned_order_offset,20260912,0.4726001591921405,0.4726001591921405,0,0
monthly_state_ungated,3503,2025-07-04,2025-07-14,0.0110426949002964,2025,2025-06-30,learned_order_offset,20260912,0.4534812202470587,0.4534812202470587,0,1
monthly_state_ungated,3508,2025-07-11,2025-07-21,0.0120759671840067,2025,2025-06-30,learned_order_offset,20260912,0.541332903101995,0.541332903101995,1,1
monthly_state_ungated,3513,2025-07-18,2025-07-28,0.0143570766898375,2025,2025-06-30,learned_order_offset,20260912,0.7147855888045592,0.7147855888045592,1,1
monthly_state_ungated,3518,2025-07-25,2025-08-04,-0.0218642507630443,2025,2025-06-30,learned_order_offset,20260912,0.47689428694549935,0.47689428694549935,0,0
monthly_state_validated,3523,2025-08-01,2025-08-11,0.0179175520190988,2025,2025-07-31,learned_market,20260910,0.5124883538124961,0.5124883538124961,1,1
monthly_state_validated,3528,2025-08-08,2025-08-18,0.026265786598999,2025,2025-07-31,learned_market,20260910,0.337061662660508,0.337061662660508,0,1
monthly_state_validated,3533,2025-08-15,2025-08-25,0.0469483790671487,2025,2025-07-31,learned_market,20260910,0.4403874641150846,0.4403874641150846,0,1
monthly_state_validated,3538,2025-08-22,2025-09-01,0.0227770368340847,2025,2025-07-31,learned_market,20260910,0.4148027182610919,0.4148027182610919,0,1
monthly_state_validated,3543,2025-08-29,2025-09-08,-0.0110053842475337,2025,2025-07-31,learned_market,20260910,0.44547018940253946,0.44547018940253946,0,0
monthly_state_ungated,3523,2025-08-01,2025-08-11,0.0179175520190988,2025,2025-07-31,learned_market,20260910,0.5089981651621871,0.5089981651621871,1,1
monthly_state_ungated,3528,2025-08-08,2025-08-18,0.026265786598999,2025,2025-07-31,learned_market,20260910,0.33394780029962,0.33394780029962,0,1
monthly_state_ungated,3533,2025-08-15,2025-08-25,0.0469483790671487,2025,2025-07-31,learned_market,20260910,0.436948203528616,0.436948203528616,0,1
monthly_state_ungated,3538,2025-08-22,2025-09-01,0.0227770368340847,2025,2025-07-31,learned_market,20260910,0.4114163704782776,0.4114163704782776,0,1
monthly_state_ungated,3543,2025-08-29,2025-09-08,-0.0110053842475337,2025,2025-07-31,learned_market,20260910,0.44202258798096294,0.44202258798096294,0,0
monthly_state_validated,3523,2025-08-01,2025-08-11,0.0179175520190988,2025,2025-07-31,learned_market,20260911,0.3633584459405606,0.3633584459405606,0,1
monthly_state_validated,3528,2025-08-08,2025-08-18,0.026265786598999,2025,2025-07-31,learned_market,20260911,0.25506671682854865,0.25506671682854865,0,1
monthly_state_validated,3533,2025-08-15,2025-08-25,0.0469483790671487,2025,2025-07-31,learned_market,20260911,0.43449755283990127,0.43449755283990127,0,1
monthly_state_validated,3538,2025-08-22,2025-09-01,0.0227770368340847,2025,2025-07-31,learned_market,20260911,0.2874119167958537,0.2874119167958537,0,1
monthly_state_validated,3543,2025-08-29,2025-09-08,-0.0110053842475337,2025,2025-07-31,learned_market,20260911,0.4144480705711107,0.4144480705711107,0,0
monthly_state_ungated,3523,2025-08-01,2025-08-11,0.0179175520190988,2025,2025-07-31,learned_market,20260911,0.356751741593271,0.356751741593271,0,1
monthly_state_ungated,3528,2025-08-08,2025-08-18,0.026265786598999,2025,2025-07-31,learned_market,20260911,0.24965687341732734,0.24965687341732734,0,1
monthly_state_ungated,3533,2025-08-15,2025-08-25,0.0469483790671487,2025,2025-07-31,learned_market,20260911,0.42746586285589283,0.42746586285589283,0,1
monthly_state_ungated,3538,2025-08-22,2025-09-01,0.0227770368340847,2025,2025-07-31,learned_market,20260911,0.28157535636875713,0.28157535636875713,0,1
monthly_state_ungated,3543,2025-08-29,2025-09-08,-0.0110053842475337,2025,2025-07-31,learned_market,20260911,0.40750703428667395,0.40750703428667395,0,0
monthly_state_validated,3523,2025-08-01,2025-08-11,0.0179175520190988,2025,2025-07-31,learned_market,20260912,0.5533128799487951,0.5533128799487951,1,1
monthly_state_validated,3528,2025-08-08,2025-08-18,0.026265786598999,2025,2025-07-31,learned_market,20260912,0.2654483154600339,0.2654483154600339,0,1
monthly_state_validated,3533,2025-08-15,2025-08-25,0.0469483790671487,2025,2025-07-31,learned_market,20260912,0.430346000343231,0.430346000343231,0,1
monthly_state_validated,3538,2025-08-22,2025-09-01,0.0227770368340847,2025,2025-07-31,learned_market,20260912,0.3374740410180076,0.3374740410180076,0,1
monthly_state_validated,3543,2025-08-29,2025-09-08,-0.0110053842475337,2025,2025-07-31,learned_market,20260912,0.6668290394265773,0.6668290394265773,1,0
monthly_state_ungated,3523,2025-08-01,2025-08-11,0.0179175520190988,2025,2025-07-31,learned_market,20260912,0.5554624530933068,0.5554624530933068,1,1
monthly_state_ungated,3528,2025-08-08,2025-08-18,0.026265786598999,2025,2025-07-31,learned_market,20260912,0.26714839412304536,0.26714839412304536,0,1
monthly_state_ungated,3533,2025-08-15,2025-08-25,0.0469483790671487,2025,2025-07-31,learned_market,20260912,0.432480379890572,0.432480379890572,0,1
monthly_state_ungated,3538,2025-08-22,2025-09-01,0.0227770368340847,2025,2025-07-31,learned_market,20260912,0.3394222579225437,0.3394222579225437,0,1
monthly_state_ungated,3543,2025-08-29,2025-09-08,-0.0110053842475337,2025,2025-07-31,learned_market,20260912,0.6687593674210965,0.6687593674210965,1,0
monthly_state_validated,3523,2025-08-01,2025-08-11,0.0179175520190988,2025,2025-07-31,learned_vol_interaction,20260910,0.5131744614899625,0.5131744614899625,1,1
monthly_state_validated,3528,2025-08-08,2025-08-18,0.026265786598999,2025,2025-07-31,learned_vol_interaction,20260910,0.26813484576790564,0.26813484576790564,0,1
monthly_state_validated,3533,2025-08-15,2025-08-25,0.0469483790671487,2025,2025-07-31,learned_vol_interaction,20260910,0.3957918177235022,0.3957918177235022,0,1
monthly_state_validated,3538,2025-08-22,2025-09-01,0.0227770368340847,2025,2025-07-31,learned_vol_interaction,20260910,0.3814946408024303,0.3814946408024303,0,1
monthly_state_validated,3543,2025-08-29,2025-09-08,-0.0110053842475337,2025,2025-07-31,learned_vol_interaction,20260910,0.4238694970722328,0.4238694970722328,0,0
monthly_state_ungated,3523,2025-08-01,2025-08-11,0.0179175520190988,2025,2025-07-31,learned_vol_interaction,20260910,0.510066209025514,0.510066209025514,1,1
monthly_state_ungated,3528,2025-08-08,2025-08-18,0.026265786598999,2025,2025-07-31,learned_vol_interaction,20260910,0.26570073572977687,0.26570073572977687,0,1
monthly_state_ungated,3533,2025-08-15,2025-08-25,0.0469483790671487,2025,2025-07-31,learned_vol_interaction,20260910,0.39282085285077406,0.39282085285077406,0,1
monthly_state_ungated,3538,2025-08-22,2025-09-01,0.0227770368340847,2025,2025-07-31,learned_vol_interaction,20260910,0.37856375512621054,0.37856375512621054,0,1
monthly_state_ungated,3543,2025-08-29,2025-09-08,-0.0110053842475337,2025,2025-07-31,learned_vol_interaction,20260910,0.4208345672355078,0.4208345672355078,0,0
monthly_state_validated,3523,2025-08-01,2025-08-11,0.0179175520190988,2025,2025-07-31,learned_vol_interaction,20260911,0.3568661377683452,0.3568661377683452,0,1
monthly_state_validated,3528,2025-08-08,2025-08-18,0.026265786598999,2025,2025-07-31,learned_vol_interaction,20260911,0.24449969015279646,0.24449969015279646,0,1
monthly_state_validated,3533,2025-08-15,2025-08-25,0.0469483790671487,2025,2025-07-31,learned_vol_interaction,20260911,0.4318144455464327,0.4318144455464327,0,1
monthly_state_validated,3538,2025-08-22,2025-09-01,0.0227770368340847,2025,2025-07-31,learned_vol_interaction,20260911,0.27370668176480956,0.27370668176480956,0,1
monthly_state_validated,3543,2025-08-29,2025-09-08,-0.0110053842475337,2025,2025-07-31,learned_vol_interaction,20260911,0.40151160251610146,0.40151160251610146,0,0
monthly_state_ungated,3523,2025-08-01,2025-08-11,0.0179175520190988,2025,2025-07-31,learned_vol_interaction,20260911,0.3502955803131715,0.3502955803131715,0,1
monthly_state_ungated,3528,2025-08-08,2025-08-18,0.026265786598999,2025,2025-07-31,learned_vol_interaction,20260911,0.23922843986657374,0.23922843986657374,0,1
monthly_state_ungated,3533,2025-08-15,2025-08-25,0.0469483790671487,2025,2025-07-31,learned_vol_interaction,20260911,0.42477536886150313,0.42477536886150313,0,1
monthly_state_ungated,3538,2025-08-22,2025-09-01,0.0227770368340847,2025,2025-07-31,learned_vol_interaction,20260911,0.2680291411932122,0.2680291411932122,0,1
monthly_state_ungated,3543,2025-08-29,2025-09-08,-0.0110053842475337,2025,2025-07-31,learned_vol_interaction,20260911,0.394623418001549,0.394623418001549,0,0
monthly_state_validated,3523,2025-08-01,2025-08-11,0.0179175520190988,2025,2025-07-31,learned_vol_interaction,20260912,0.5580312472539825,0.5580312472539825,1,1
monthly_state_validated,3528,2025-08-08,2025-08-18,0.026265786598999,2025,2025-07-31,learned_vol_interaction,20260912,0.25990682624063666,0.25990682624063666,0,1
monthly_state_validated,3533,2025-08-15,2025-08-25,0.0469483790671487,2025,2025-07-31,learned_vol_interaction,20260912,0.4307306379319456,0.4307306379319456,0,1
monthly_state_validated,3538,2025-08-22,2025-09-01,0.0227770368340847,2025,2025-07-31,learned_vol_interaction,20260912,0.3345407523434467,0.3345407523434467,0,1
monthly_state_validated,3543,2025-08-29,2025-09-08,-0.0110053842475337,2025,2025-07-31,learned_vol_interaction,20260912,0.6696935042280467,0.6696935042280467,1,0
monthly_state_ungated,3523,2025-08-01,2025-08-11,0.0179175520190988,2025,2025-07-31,learned_vol_interaction,20260912,0.5602369544297165,0.5602369544297165,1,1
monthly_state_ungated,3528,2025-08-08,2025-08-18,0.026265786598999,2025,2025-07-31,learned_vol_interaction,20260912,0.2616317159291924,0.2616317159291924,0,1
monthly_state_ungated,3533,2025-08-15,2025-08-25,0.0469483790671487,2025,2025-07-31,learned_vol_interaction,20260912,0.4329260501040426,0.4329260501040426,0,1
monthly_state_ungated,3538,2025-08-22,2025-09-01,0.0227770368340847,2025,2025-07-31,learned_vol_interaction,20260912,0.33653572605644283,0.33653572605644283,0,1
monthly_state_ungated,3543,2025-08-29,2025-09-08,-0.0110053842475337,2025,2025-07-31,learned_vol_interaction,20260912,0.671669825251344,0.671669825251344,1,0
monthly_state_validated,3523,2025-08-01,2025-08-11,0.0179175520190988,2025,2025-07-31,learned_order_extension,20260910,0.4974977283652398,0.4974977283652398,0,1
monthly_state_validated,3528,2025-08-08,2025-08-18,0.026265786598999,2025,2025-07-31,learned_order_extension,20260910,0.28923456244235046,0.28923456244235046,0,1
monthly_state_validated,3533,2025-08-15,2025-08-25,0.0469483790671487,2025,2025-07-31,learned_order_extension,20260910,0.37567196821432247,0.37567196821432247,0,1
monthly_state_validated,3538,2025-08-22,2025-09-01,0.0227770368340847,2025,2025-07-31,learned_order_extension,20260910,0.35309160588380617,0.35309160588380617,0,1
monthly_state_validated,3543,2025-08-29,2025-09-08,-0.0110053842475337,2025,2025-07-31,learned_order_extension,20260910,0.414950573852872,0.414950573852872,0,0
monthly_state_ungated,3523,2025-08-01,2025-08-11,0.0179175520190988,2025,2025-07-31,learned_order_extension,20260910,0.494617886315217,0.494617886315217,0,1
monthly_state_ungated,3528,2025-08-08,2025-08-18,0.026265786598999,2025,2025-07-31,learned_order_extension,20260910,0.2868720432242584,0.2868720432242584,0,1
monthly_state_ungated,3533,2025-08-15,2025-08-25,0.0469483790671487,2025,2025-07-31,learned_order_extension,20260910,0.3729739050998492,0.3729739050998492,0,1
monthly_state_ungated,3538,2025-08-22,2025-09-01,0.0227770368340847,2025,2025-07-31,learned_order_extension,20260910,0.3504646797299529,0.3504646797299529,0,1
monthly_state_ungated,3543,2025-08-29,2025-09-08,-0.0110053842475337,2025,2025-07-31,learned_order_extension,20260910,0.41215664280589775,0.41215664280589775,0,0
monthly_state_validated,3523,2025-08-01,2025-08-11,0.0179175520190988,2025,2025-07-31,learned_order_extension,20260911,0.35640700933897784,0.35640700933897784,0,1
monthly_state_validated,3528,2025-08-08,2025-08-18,0.026265786598999,2025,2025-07-31,learned_order_extension,20260911,0.2417717229228953,0.2417717229228953,0,1
monthly_state_validated,3533,2025-08-15,2025-08-25,0.0469483790671487,2025,2025-07-31,learned_order_extension,20260911,0.43183334017409475,0.43183334017409475,0,1
monthly_state_validated,3538,2025-08-22,2025-09-01,0.0227770368340847,2025,2025-07-31,learned_order_extension,20260911,0.27716170555763187,0.27716170555763187,0,1
monthly_state_validated,3543,2025-08-29,2025-09-08,-0.0110053842475337,2025,2025-07-31,learned_order_extension,20260911,0.4016632874897146,0.4016632874897146,0,0
monthly_state_ungated,3523,2025-08-01,2025-08-11,0.0179175520190988,2025,2025-07-31,learned_order_extension,20260911,0.3530393389926777,0.3530393389926777,0,1
monthly_state_ungated,3528,2025-08-08,2025-08-18,0.026265786598999,2025,2025-07-31,learned_order_extension,20260911,0.23908484955206022,0.23908484955206022,0,1
monthly_state_ungated,3533,2025-08-15,2025-08-25,0.0469483790671487,2025,2025-07-31,learned_order_extension,20260911,0.42822717894860474,0.42822717894860474,0,1
monthly_state_ungated,3538,2025-08-22,2025-09-01,0.0227770368340847,2025,2025-07-31,learned_order_extension,20260911,0.274223775688409,0.274223775688409,0,1
monthly_state_ungated,3543,2025-08-29,2025-09-08,-0.0110053842475337,2025,2025-07-31,learned_order_extension,20260911,0.3981325252333689,0.3981325252333689,0,0
monthly_state_validated,3523,2025-08-01,2025-08-11,0.0179175520190988,2025,2025-07-31,learned_order_extension,20260912,0.5048920607412078,0.5048920607412078,1,1
monthly_state_validated,3528,2025-08-08,2025-08-18,0.026265786598999,2025,2025-07-31,learned_order_extension,20260912,0.2671707254058088,0.2671707254058088,0,1
monthly_state_validated,3533,2025-08-15,2025-08-25,0.0469483790671487,2025,2025-07-31,learned_order_extension,20260912,0.42899078082677655,0.42899078082677655,0,1
monthly_state_validated,3538,2025-08-22,2025-09-01,0.0227770368340847,2025,2025-07-31,learned_order_extension,20260912,0.3149107808618338,0.3149107808618338,0,1
monthly_state_validated,3543,2025-08-29,2025-09-08,-0.0110053842475337,2025,2025-07-31,learned_order_extension,20260912,0.6822563563025544,0.6822563563025544,1,0
monthly_state_ungated,3523,2025-08-01,2025-08-11,0.0179175520190988,2025,2025-07-31,learned_order_extension,20260912,0.50941995626765,0.50941995626765,1,1
monthly_state_ungated,3528,2025-08-08,2025-08-18,0.026265786598999,2025,2025-07-31,learned_order_extension,20260912,0.27073247776704534,0.27073247776704534,0,1
monthly_state_ungated,3533,2025-08-15,2025-08-25,0.0469483790671487,2025,2025-07-31,learned_order_extension,20260912,0.4334338853915765,0.4334338853915765,0,1
monthly_state_ungated,3538,2025-08-22,2025-09-01,0.0227770368340847,2025,2025-07-31,learned_order_extension,20260912,0.31883207748433623,0.31883207748433623,0,1
monthly_state_ungated,3543,2025-08-29,2025-09-08,-0.0110053842475337,2025,2025-07-31,learned_order_extension,20260912,0.6861704338461089,0.6861704338461089,1,0
monthly_state_validated,3523,2025-08-01,2025-08-11,0.0179175520190988,2025,2025-07-31,learned_order_offset,20260910,0.49738369791735854,0.49738369791735854,0,1
monthly_state_validated,3528,2025-08-08,2025-08-18,0.026265786598999,2025,2025-07-31,learned_order_offset,20260910,0.29021186818668443,0.29021186818668443,0,1
monthly_state_validated,3533,2025-08-15,2025-08-25,0.0469483790671487,2025,2025-07-31,learned_order_offset,20260910,0.3765210913585545,0.3765210913585545,0,1
monthly_state_validated,3538,2025-08-22,2025-09-01,0.0227770368340847,2025,2025-07-31,learned_order_offset,20260910,0.3535124963113698,0.3535124963113698,0,1
monthly_state_validated,3543,2025-08-29,2025-09-08,-0.0110053842475337,2025,2025-07-31,learned_order_offset,20260910,0.4155611592025284,0.4155611592025284,0,0
monthly_state_ungated,3523,2025-08-01,2025-08-11,0.0179175520190988,2025,2025-07-31,learned_order_offset,20260910,0.49455999784611626,0.49455999784611626,0,1
monthly_state_ungated,3528,2025-08-08,2025-08-18,0.026265786598999,2025,2025-07-31,learned_order_offset,20260910,0.28789063230493783,0.28789063230493783,0,1
monthly_state_ungated,3533,2025-08-15,2025-08-25,0.0469483790671487,2025,2025-07-31,learned_order_offset,20260910,0.37387314582860615,0.37387314582860615,0,1
monthly_state_ungated,3538,2025-08-22,2025-09-01,0.0227770368340847,2025,2025-07-31,learned_order_offset,20260910,0.3509352841106385,0.3509352841106385,0,1
monthly_state_ungated,3543,2025-08-29,2025-09-08,-0.0110053842475337,2025,2025-07-31,learned_order_offset,20260910,0.4128204479692084,0.4128204479692084,0,0
monthly_state_validated,3523,2025-08-01,2025-08-11,0.0179175520190988,2025,2025-07-31,learned_order_offset,20260911,0.35640730086727934,0.35640730086727934,0,1
monthly_state_validated,3528,2025-08-08,2025-08-18,0.026265786598999,2025,2025-07-31,learned_order_offset,20260911,0.2417753577493673,0.2417753577493673,0,1
monthly_state_validated,3533,2025-08-15,2025-08-25,0.0469483790671487,2025,2025-07-31,learned_order_offset,20260911,0.4318249881848226,0.4318249881848226,0,1
monthly_state_validated,3538,2025-08-22,2025-09-01,0.0227770368340847,2025,2025-07-31,learned_order_offset,20260911,0.2771710881877151,0.2771710881877151,0,1
monthly_state_validated,3543,2025-08-29,2025-09-08,-0.0110053842475337,2025,2025-07-31,learned_order_offset,20260911,0.4015498956176379,0.4015498956176379,0,0
monthly_state_ungated,3523,2025-08-01,2025-08-11,0.0179175520190988,2025,2025-07-31,learned_order_offset,20260911,0.35324509195357695,0.35324509195357695,0,1
monthly_state_ungated,3528,2025-08-08,2025-08-18,0.026265786598999,2025,2025-07-31,learned_order_offset,20260911,0.2392521267296344,0.2392521267296344,0,1
monthly_state_ungated,3533,2025-08-15,2025-08-25,0.0469483790671487,2025,2025-07-31,learned_order_offset,20260911,0.4284390850760988,0.4284390850760988,0,1
monthly_state_ungated,3538,2025-08-22,2025-09-01,0.0227770368340847,2025,2025-07-31,learned_order_offset,20260911,0.2744121487768119,0.2744121487768119,0,1
monthly_state_ungated,3543,2025-08-29,2025-09-08,-0.0110053842475337,2025,2025-07-31,learned_order_offset,20260911,0.3982349937216138,0.3982349937216138,0,0
monthly_state_validated,3523,2025-08-01,2025-08-11,0.0179175520190988,2025,2025-07-31,learned_order_offset,20260912,0.5020957913429207,0.5020957913429207,1,1
monthly_state_validated,3528,2025-08-08,2025-08-18,0.026265786598999,2025,2025-07-31,learned_order_offset,20260912,0.2658596532709608,0.2658596532709608,0,1
monthly_state_validated,3533,2025-08-15,2025-08-25,0.0469483790671487,2025,2025-07-31,learned_order_offset,20260912,0.4277797400971979,0.4277797400971979,0,1
monthly_state_validated,3538,2025-08-22,2025-09-01,0.0227770368340847,2025,2025-07-31,learned_order_offset,20260912,0.31588824917538333,0.31588824917538333,0,1
monthly_state_validated,3543,2025-08-29,2025-09-08,-0.0110053842475337,2025,2025-07-31,learned_order_offset,20260912,0.6781481763268534,0.6781481763268534,1,0
monthly_state_ungated,3523,2025-08-01,2025-08-11,0.0179175520190988,2025,2025-07-31,learned_order_offset,20260912,0.5066558590686742,0.5066558590686742,1,1
monthly_state_ungated,3528,2025-08-08,2025-08-18,0.026265786598999,2025,2025-07-31,learned_order_offset,20260912,0.2694352283148188,0.2694352283148188,0,1
monthly_state_ungated,3533,2025-08-15,2025-08-25,0.0469483790671487,2025,2025-07-31,learned_order_offset,20260912,0.43225081012930594,0.43225081012930594,0,1
monthly_state_ungated,3538,2025-08-22,2025-09-01,0.0227770368340847,2025,2025-07-31,learned_order_offset,20260912,0.3198435274427097,0.3198435274427097,0,1
monthly_state_ungated,3543,2025-08-29,2025-09-08,-0.0110053842475337,2025,2025-07-31,learned_order_offset,20260912,0.6821166826058036,0.6821166826058036,1,0
monthly_state_validated,3548,2025-09-05,2025-09-15,0.0151594857594405,2025,2025-08-31,learned_market,20260910,0.439099196508694,0.439099196508694,0,1
monthly_state_validated,3553,2025-09-12,2025-09-22,-0.0050409160971932,2025,2025-08-31,learned_market,20260910,0.47404842126415475,0.47404842126415475,0,0
monthly_state_validated,3558,2025-09-19,2025-09-29,0.0095300784790881,2025,2025-08-31,learned_market,20260910,0.46350428274903427,0.46350428274903427,0,1
monthly_state_validated,3563,2025-09-26,2025-10-13,-0.0140855274279203,2025,2025-08-31,learned_market,20260910,0.47329908698714157,0.47329908698714157,0,0
monthly_state_ungated,3548,2025-09-05,2025-09-15,0.0151594857594405,2025,2025-08-31,learned_market,20260910,0.4458172637608898,0.4458172637608898,0,1
monthly_state_ungated,3553,2025-09-12,2025-09-22,-0.0050409160971932,2025,2025-08-31,learned_market,20260910,0.4808428084350045,0.4808428084350045,0,0
monthly_state_ungated,3558,2025-09-19,2025-09-29,0.0095300784790881,2025,2025-08-31,learned_market,20260910,0.47028267413328045,0.47028267413328045,0,1
monthly_state_ungated,3563,2025-09-26,2025-10-13,-0.0140855274279203,2025,2025-08-31,learned_market,20260910,0.48009253771274074,0.48009253771274074,0,0
monthly_state_validated,3548,2025-09-05,2025-09-15,0.0151594857594405,2025,2025-08-31,learned_market,20260911,0.3838102273043383,0.3838102273043383,0,1
monthly_state_validated,3553,2025-09-12,2025-09-22,-0.0050409160971932,2025,2025-08-31,learned_market,20260911,0.5124875202553011,0.5124875202553011,1,0
monthly_state_validated,3558,2025-09-19,2025-09-29,0.0095300784790881,2025,2025-08-31,learned_market,20260911,0.3928507736042907,0.3928507736042907,0,1
monthly_state_validated,3563,2025-09-26,2025-10-13,-0.0140855274279203,2025,2025-08-31,learned_market,20260911,0.41332433429860765,0.41332433429860765,0,0
monthly_state_ungated,3548,2025-09-05,2025-09-15,0.0151594857594405,2025,2025-08-31,learned_market,20260911,0.3896072502689573,0.3896072502689573,0,1
monthly_state_ungated,3553,2025-09-12,2025-09-22,-0.0050409160971932,2025,2025-08-31,learned_market,20260911,0.5185923754889724,0.5185923754889724,1,0
monthly_state_ungated,3558,2025-09-19,2025-09-29,0.0095300784790881,2025,2025-08-31,learned_market,20260911,0.3986959930695761,0.3986959930695761,0,1
monthly_state_ungated,3563,2025-09-26,2025-10-13,-0.0140855274279203,2025,2025-08-31,learned_market,20260911,0.41926382174106186,0.41926382174106186,0,0
monthly_state_validated,3548,2025-09-05,2025-09-15,0.0151594857594405,2025,2025-08-31,learned_market,20260912,0.4151247806853778,0.4151247806853778,0,1
monthly_state_validated,3553,2025-09-12,2025-09-22,-0.0050409160971932,2025,2025-08-31,learned_market,20260912,0.616582283637926,0.616582283637926,1,0
monthly_state_validated,3558,2025-09-19,2025-09-29,0.0095300784790881,2025,2025-08-31,learned_market,20260912,0.346159438667962,0.346159438667962,0,1
monthly_state_validated,3563,2025-09-26,2025-10-13,-0.0140855274279203,2025,2025-08-31,learned_market,20260912,0.49779557172832706,0.49779557172832706,0,0
monthly_state_ungated,3548,2025-09-05,2025-09-15,0.0151594857594405,2025,2025-08-31,learned_market,20260912,0.40797272143621993,0.40797272143621993,0,1
monthly_state_ungated,3553,2025-09-12,2025-09-22,-0.0050409160971932,2025,2025-08-31,learned_market,20260912,0.6095768121217126,0.6095768121217126,1,0
monthly_state_ungated,3558,2025-09-19,2025-09-29,0.0095300784790881,2025,2025-08-31,learned_market,20260912,0.3395058510677549,0.3395058510677549,0,1
monthly_state_ungated,3563,2025-09-26,2025-10-13,-0.0140855274279203,2025,2025-08-31,learned_market,20260912,0.4904134757020899,0.4904134757020899,0,0
monthly_state_validated,3548,2025-09-05,2025-09-15,0.0151594857594405,2025,2025-08-31,learned_vol_interaction,20260910,0.43903974814462976,0.43903974814462976,0,1
monthly_state_validated,3553,2025-09-12,2025-09-22,-0.0050409160971932,2025,2025-08-31,learned_vol_interaction,20260910,0.47422353562658653,0.47422353562658653,0,0
monthly_state_validated,3558,2025-09-19,2025-09-29,0.0095300784790881,2025,2025-08-31,learned_vol_interaction,20260910,0.458739778875352,0.458739778875352,0,1
monthly_state_validated,3563,2025-09-26,2025-10-13,-0.0140855274279203,2025,2025-08-31,learned_vol_interaction,20260910,0.45076701170720995,0.45076701170720995,0,0
monthly_state_ungated,3548,2025-09-05,2025-09-15,0.0151594857594405,2025,2025-08-31,learned_vol_interaction,20260910,0.4432765878975032,0.4432765878975032,0,1
monthly_state_ungated,3553,2025-09-12,2025-09-22,-0.0050409160971932,2025,2025-08-31,learned_vol_interaction,20260910,0.47851027982213107,0.47851027982213107,0,0
monthly_state_ungated,3558,2025-09-19,2025-09-29,0.0095300784790881,2025,2025-08-31,learned_vol_interaction,20260910,0.4630098141418721,0.4630098141418721,0,1
monthly_state_ungated,3563,2025-09-26,2025-10-13,-0.0140855274279203,2025,2025-08-31,learned_vol_interaction,20260910,0.4550252233231034,0.4550252233231034,0,0
monthly_state_validated,3548,2025-09-05,2025-09-15,0.0151594857594405,2025,2025-08-31,learned_vol_interaction,20260911,0.3754866622737605,0.3754866622737605,0,1
monthly_state_validated,3553,2025-09-12,2025-09-22,-0.0050409160971932,2025,2025-08-31,learned_vol_interaction,20260911,0.5014167977109265,0.5014167977109265,1,0
monthly_state_validated,3558,2025-09-19,2025-09-29,0.0095300784790881,2025,2025-08-31,learned_vol_interaction,20260911,0.38974705652523406,0.38974705652523406,0,1
monthly_state_validated,3563,2025-09-26,2025-10-13,-0.0140855274279203,2025,2025-08-31,learned_vol_interaction,20260911,0.40553483605344315,0.40553483605344315,0,0
monthly_state_ungated,3548,2025-09-05,2025-09-15,0.0151594857594405,2025,2025-08-31,learned_vol_interaction,20260911,0.38121811782849524,0.38121811782849524,0,1
monthly_state_ungated,3553,2025-09-12,2025-09-22,-0.0050409160971932,2025,2025-08-31,learned_vol_interaction,20260911,0.507508386008037,0.507508386008037,1,0
monthly_state_ungated,3558,2025-09-19,2025-09-29,0.0095300784790881,2025,2025-08-31,learned_vol_interaction,20260911,0.39555831346089654,0.39555831346089654,0,1
monthly_state_ungated,3563,2025-09-26,2025-10-13,-0.0140855274279203,2025,2025-08-31,learned_vol_interaction,20260911,0.41142279039064183,0.41142279039064183,0,0
monthly_state_validated,3548,2025-09-05,2025-09-15,0.0151594857594405,2025,2025-08-31,learned_vol_interaction,20260912,0.4127840561217513,0.4127840561217513,0,1
monthly_state_validated,3553,2025-09-12,2025-09-22,-0.0050409160971932,2025,2025-08-31,learned_vol_interaction,20260912,0.6132751573531933,0.6132751573531933,1,0
monthly_state_validated,3558,2025-09-19,2025-09-29,0.0095300784790881,2025,2025-08-31,learned_vol_interaction,20260912,0.3454408676898515,0.3454408676898515,0,1
monthly_state_validated,3563,2025-09-26,2025-10-13,-0.0140855274279203,2025,2025-08-31,learned_vol_interaction,20260912,0.49682258462544754,0.49682258462544754,0,0
monthly_state_ungated,3548,2025-09-05,2025-09-15,0.0151594857594405,2025,2025-08-31,learned_vol_interaction,20260912,0.4079993448810076,0.4079993448810076,0,1
monthly_state_ungated,3553,2025-09-12,2025-09-22,-0.0050409160971932,2025,2025-08-31,learned_vol_interaction,20260912,0.6085749762655408,0.6085749762655408,1,0
monthly_state_ungated,3558,2025-09-19,2025-09-29,0.0095300784790881,2025,2025-08-31,learned_vol_interaction,20260912,0.34098347752481784,0.34098347752481784,0,1
monthly_state_ungated,3563,2025-09-26,2025-10-13,-0.0140855274279203,2025,2025-08-31,learned_vol_interaction,20260912,0.4918797225990548,0.4918797225990548,0,0
monthly_state_validated,3548,2025-09-05,2025-09-15,0.0151594857594405,2025,2025-08-31,learned_order_extension,20260910,0.44419609703054896,0.44419609703054896,0,1
monthly_state_validated,3553,2025-09-12,2025-09-22,-0.0050409160971932,2025,2025-08-31,learned_order_extension,20260910,0.48911647755360804,0.48911647755360804,0,0
monthly_state_validated,3558,2025-09-19,2025-09-29,0.0095300784790881,2025,2025-08-31,learned_order_extension,20260910,0.4484611229876225,0.4484611229876225,0,1
monthly_state_validated,3563,2025-09-26,2025-10-13,-0.0140855274279203,2025,2025-08-31,learned_order_extension,20260910,0.4329956852716207,0.4329956852716207,0,0
monthly_state_ungated,3548,2025-09-05,2025-09-15,0.0151594857594405,2025,2025-08-31,learned_order_extension,20260910,0.44818458388367644,0.44818458388367644,0,1
monthly_state_ungated,3553,2025-09-12,2025-09-22,-0.0050409160971932,2025,2025-08-31,learned_order_extension,20260910,0.49315043183578905,0.49315043183578905,0,0
monthly_state_ungated,3558,2025-09-19,2025-09-29,0.0095300784790881,2025,2025-08-31,learned_order_extension,20260910,0.45245673069523923,0.45245673069523923,0,1
monthly_state_ungated,3563,2025-09-26,2025-10-13,-0.0140855274279203,2025,2025-08-31,learned_order_extension,20260910,0.43696266843537274,0.43696266843537274,0,0
monthly_state_validated,3548,2025-09-05,2025-09-15,0.0151594857594405,2025,2025-08-31,learned_order_extension,20260911,0.37420831674124977,0.37420831674124977,0,1
monthly_state_validated,3553,2025-09-12,2025-09-22,-0.0050409160971932,2025,2025-08-31,learned_order_extension,20260911,0.503147055984005,0.503147055984005,1,0
monthly_state_validated,3558,2025-09-19,2025-09-29,0.0095300784790881,2025,2025-08-31,learned_order_extension,20260911,0.39333913585245617,0.39333913585245617,0,1
monthly_state_validated,3563,2025-09-26,2025-10-13,-0.0140855274279203,2025,2025-08-31,learned_order_extension,20260911,0.4081318148640021,0.4081318148640021,0,0
monthly_state_ungated,3548,2025-09-05,2025-09-15,0.0151594857594405,2025,2025-08-31,learned_order_extension,20260911,0.3810121352844111,0.3810121352844111,0,1
monthly_state_ungated,3553,2025-09-12,2025-09-22,-0.0050409160971932,2025,2025-08-31,learned_order_extension,20260911,0.5103832196645478,0.5103832196645478,1,0
monthly_state_ungated,3558,2025-09-19,2025-09-29,0.0095300784790881,2025,2025-08-31,learned_order_extension,20260911,0.40026830736592256,0.40026830736592256,0,1
monthly_state_ungated,3563,2025-09-26,2025-10-13,-0.0140855274279203,2025,2025-08-31,learned_order_extension,20260911,0.4151432530103145,0.4151432530103145,0,0
monthly_state_validated,3548,2025-09-05,2025-09-15,0.0151594857594405,2025,2025-08-31,learned_order_extension,20260912,0.413546101176203,0.413546101176203,0,1
monthly_state_validated,3553,2025-09-12,2025-09-22,-0.0050409160971932,2025,2025-08-31,learned_order_extension,20260912,0.5955127190576712,0.5955127190576712,1,0
monthly_state_validated,3558,2025-09-19,2025-09-29,0.0095300784790881,2025,2025-08-31,learned_order_extension,20260912,0.3203365822384075,0.3203365822384075,0,1
monthly_state_validated,3563,2025-09-26,2025-10-13,-0.0140855274279203,2025,2025-08-31,learned_order_extension,20260912,0.49370493999167486,0.49370493999167486,0,0
monthly_state_ungated,3548,2025-09-05,2025-09-15,0.0151594857594405,2025,2025-08-31,learned_order_extension,20260912,0.41172349420807053,0.41172349420807053,0,1
monthly_state_ungated,3553,2025-09-12,2025-09-22,-0.0050409160971932,2025,2025-08-31,learned_order_extension,20260912,0.5937000211528304,0.5937000211528304,1,0
monthly_state_ungated,3558,2025-09-19,2025-09-29,0.0095300784790881,2025,2025-08-31,learned_order_extension,20260912,0.31870153033895005,0.31870153033895005,0,1
monthly_state_ungated,3563,2025-09-26,2025-10-13,-0.0140855274279203,2025,2025-08-31,learned_order_extension,20260912,0.49182532855336686,0.49182532855336686,0,0
monthly_state_validated,3548,2025-09-05,2025-09-15,0.0151594857594405,2025,2025-08-31,learned_order_offset,20260910,0.44480586026466634,0.44480586026466634,0,1
monthly_state_validated,3553,2025-09-12,2025-09-22,-0.0050409160971932,2025,2025-08-31,learned_order_offset,20260910,0.4900756775013041,0.4900756775013041,0,0
monthly_state_validated,3558,2025-09-19,2025-09-29,0.0095300784790881,2025,2025-08-31,learned_order_offset,20260910,0.4492520954551793,0.4492520954551793,0,1
monthly_state_validated,3563,2025-09-26,2025-10-13,-0.0140855274279203,2025,2025-08-31,learned_order_offset,20260910,0.4335073624553348,0.4335073624553348,0,0
monthly_state_ungated,3548,2025-09-05,2025-09-15,0.0151594857594405,2025,2025-08-31,learned_order_offset,20260910,0.44879923859507803,0.44879923859507803,0,1
monthly_state_ungated,3553,2025-09-12,2025-09-22,-0.0050409160971932,2025,2025-08-31,learned_order_offset,20260910,0.494113769004589,0.494113769004589,0,0
monthly_state_ungated,3558,2025-09-19,2025-09-29,0.0095300784790881,2025,2025-08-31,learned_order_offset,20260910,0.45325280317570776,0.45325280317570776,0,1
monthly_state_ungated,3563,2025-09-26,2025-10-13,-0.0140855274279203,2025,2025-08-31,learned_order_offset,20260910,0.4374792339138409,0.4374792339138409,0,0
monthly_state_validated,3548,2025-09-05,2025-09-15,0.0151594857594405,2025,2025-08-31,learned_order_offset,20260911,0.37420565733546446,0.37420565733546446,0,1
monthly_state_validated,3553,2025-09-12,2025-09-22,-0.0050409160971932,2025,2025-08-31,learned_order_offset,20260911,0.5031042607505921,0.5031042607505921,1,0
monthly_state_validated,3558,2025-09-19,2025-09-29,0.0095300784790881,2025,2025-08-31,learned_order_offset,20260911,0.39333063714085875,0.39333063714085875,0,1
monthly_state_validated,3563,2025-09-26,2025-10-13,-0.0140855274279203,2025,2025-08-31,learned_order_offset,20260911,0.40808585003619935,0.40808585003619935,0,0
monthly_state_ungated,3548,2025-09-05,2025-09-15,0.0151594857594405,2025,2025-08-31,learned_order_offset,20260911,0.3809705715795469,0.3809705715795469,0,1
monthly_state_ungated,3553,2025-09-12,2025-09-22,-0.0050409160971932,2025,2025-08-31,learned_order_offset,20260911,0.5102992380168676,0.5102992380168676,1,0
monthly_state_ungated,3558,2025-09-19,2025-09-29,0.0095300784790881,2025,2025-08-31,learned_order_offset,20260911,0.4002201779591267,0.4002201779591267,0,1
monthly_state_ungated,3563,2025-09-26,2025-10-13,-0.0140855274279203,2025,2025-08-31,learned_order_offset,20260911,0.4150570207795523,0.4150570207795523,0,0
monthly_state_validated,3548,2025-09-05,2025-09-15,0.0151594857594405,2025,2025-08-31,learned_order_offset,20260912,0.41515740085251923,0.41515740085251923,0,1
monthly_state_validated,3553,2025-09-12,2025-09-22,-0.0050409160971932,2025,2025-08-31,learned_order_offset,20260912,0.595827474959161,0.595827474959161,1,0
monthly_state_validated,3558,2025-09-19,2025-09-29,0.0095300784790881,2025,2025-08-31,learned_order_offset,20260912,0.32359209816667756,0.32359209816667756,0,1
monthly_state_validated,3563,2025-09-26,2025-10-13,-0.0140855274279203,2025,2025-08-31,learned_order_offset,20260912,0.4955932405531918,0.4955932405531918,0,0
monthly_state_ungated,3548,2025-09-05,2025-09-15,0.0151594857594405,2025,2025-08-31,learned_order_offset,20260912,0.4134787579462244,0.4134787579462244,0,1
monthly_state_ungated,3553,2025-09-12,2025-09-22,-0.0050409160971932,2025,2025-08-31,learned_order_offset,20260912,0.5941604708872255,0.5941604708872255,1,0
monthly_state_ungated,3558,2025-09-19,2025-09-29,0.0095300784790881,2025,2025-08-31,learned_order_offset,20260912,0.32207979704501727,0.32207979704501727,0,1
monthly_state_ungated,3563,2025-09-26,2025-10-13,-0.0140855274279203,2025,2025-08-31,learned_order_offset,20260912,0.49386400407255043,0.49386400407255043,0,0
monthly_state_validated,3567,2025-10-10,2025-10-20,0.015001547584321,2025,2025-09-30,learned_market,20260910,0.4508331585950284,0.4508331585950284,0,1
monthly_state_validated,3572,2025-10-17,2025-10-27,0.0309637052897611,2025,2025-09-30,learned_market,20260910,0.4380873622035425,0.4380873622035425,0,1
monthly_state_validated,3577,2025-10-24,2025-11-03,-0.013331545863497,2025,2025-09-30,learned_market,20260910,0.45478895664449515,0.45478895664449515,0,0
monthly_state_validated,3582,2025-10-31,2025-11-10,0.0110832418536339,2025,2025-09-30,learned_market,20260910,0.45629729111767653,0.45629729111767653,0,1
monthly_state_ungated,3567,2025-10-10,2025-10-20,0.015001547584321,2025,2025-09-30,learned_market,20260910,0.457584294008605,0.457584294008605,0,1
monthly_state_ungated,3572,2025-10-17,2025-10-27,0.0309637052897611,2025,2025-09-30,learned_market,20260910,0.4448022251647837,0.4448022251647837,0,1
monthly_state_ungated,3577,2025-10-24,2025-11-03,-0.013331545863497,2025,2025-09-30,learned_market,20260910,0.4615495431204816,0.4615495431204816,0,0
monthly_state_ungated,3582,2025-10-31,2025-11-10,0.0110832418536339,2025,2025-09-30,learned_market,20260910,0.46306125601583337,0.46306125601583337,0,1
monthly_state_validated,3567,2025-10-10,2025-10-20,0.015001547584321,2025,2025-09-30,learned_market,20260911,0.39652535500617797,0.39652535500617797,0,1
monthly_state_validated,3572,2025-10-17,2025-10-27,0.0309637052897611,2025,2025-09-30,learned_market,20260911,0.42439454752251166,0.42439454752251166,0,1
monthly_state_validated,3577,2025-10-24,2025-11-03,-0.013331545863497,2025,2025-09-30,learned_market,20260911,0.4963236766187404,0.4963236766187404,0,0
monthly_state_validated,3582,2025-10-31,2025-11-10,0.0110832418536339,2025,2025-09-30,learned_market,20260911,0.4730427794043573,0.4730427794043573,0,1
monthly_state_ungated,3567,2025-10-10,2025-10-20,0.015001547584321,2025,2025-09-30,learned_market,20260911,0.40238901321012,0.40238901321012,0,1
monthly_state_ungated,3572,2025-10-17,2025-10-27,0.0309637052897611,2025,2025-09-30,learned_market,20260911,0.4303764161208758,0.4303764161208758,0,1
monthly_state_ungated,3577,2025-10-24,2025-11-03,-0.013331545863497,2025,2025-09-30,learned_market,20260911,0.5024344253950846,0.5024344253950846,1,0
monthly_state_ungated,3582,2025-10-31,2025-11-10,0.0110832418536339,2025,2025-09-30,learned_market,20260911,0.4791395646640993,0.4791395646640993,0,1
monthly_state_validated,3567,2025-10-10,2025-10-20,0.015001547584321,2025,2025-09-30,learned_market,20260912,0.3895908035061002,0.3895908035061002,0,1
monthly_state_validated,3572,2025-10-17,2025-10-27,0.0309637052897611,2025,2025-09-30,learned_market,20260912,0.3177445291528448,0.3177445291528448,0,1
monthly_state_validated,3577,2025-10-24,2025-11-03,-0.013331545863497,2025,2025-09-30,learned_market,20260912,0.42278957435073633,0.42278957435073633,0,0
monthly_state_validated,3582,2025-10-31,2025-11-10,0.0110832418536339,2025,2025-09-30,learned_market,20260912,0.3919874136237784,0.3919874136237784,0,1
monthly_state_ungated,3567,2025-10-10,2025-10-20,0.015001547584321,2025,2025-09-30,learned_market,20260912,0.3825908935439555,0.3825908935439555,0,1
monthly_state_ungated,3572,2025-10-17,2025-10-27,0.0309637052897611,2025,2025-09-30,learned_market,20260912,0.31137700902394216,0.31137700902394216,0,1
monthly_state_ungated,3577,2025-10-24,2025-11-03,-0.013331545863497,2025,2025-09-30,learned_market,20260912,0.415599295611896,0.415599295611896,0,0
monthly_state_ungated,3582,2025-10-31,2025-11-10,0.0110832418536339,2025,2025-09-30,learned_market,20260912,0.3849716003919976,0.3849716003919976,0,1
monthly_state_validated,3567,2025-10-10,2025-10-20,0.015001547584321,2025,2025-09-30,learned_vol_interaction,20260910,0.44722373023939194,0.44722373023939194,0,1
monthly_state_validated,3572,2025-10-17,2025-10-27,0.0309637052897611,2025,2025-09-30,learned_vol_interaction,20260910,0.4295343873662784,0.4295343873662784,0,1
monthly_state_validated,3577,2025-10-24,2025-11-03,-0.013331545863497,2025,2025-09-30,learned_vol_interaction,20260910,0.44980770107691576,0.44980770107691576,0,0
monthly_state_validated,3582,2025-10-31,2025-11-10,0.0110832418536339,2025,2025-09-30,learned_vol_interaction,20260910,0.4681567893812729,0.4681567893812729,0,1
monthly_state_ungated,3567,2025-10-10,2025-10-20,0.015001547584321,2025,2025-09-30,learned_vol_interaction,20260910,0.45147598424574226,0.45147598424574226,0,1
monthly_state_ungated,3572,2025-10-17,2025-10-27,0.0309637052897611,2025,2025-09-30,learned_vol_interaction,20260910,0.43375042558466775,0.43375042558466775,0,1
monthly_state_ungated,3577,2025-10-24,2025-11-03,-0.013331545863497,2025,2025-09-30,learned_vol_interaction,20260910,0.4540643424325221,0.4540643424325221,0,0
monthly_state_ungated,3582,2025-10-31,2025-11-10,0.0110832418536339,2025,2025-09-30,learned_vol_interaction,20260910,0.4724379701817182,0.4724379701817182,0,1
monthly_state_validated,3567,2025-10-10,2025-10-20,0.015001547584321,2025,2025-09-30,learned_vol_interaction,20260911,0.39263370477182047,0.39263370477182047,0,1
monthly_state_validated,3572,2025-10-17,2025-10-27,0.0309637052897611,2025,2025-09-30,learned_vol_interaction,20260911,0.42128573794261726,0.42128573794261726,0,1
monthly_state_validated,3577,2025-10-24,2025-11-03,-0.013331545863497,2025,2025-09-30,learned_vol_interaction,20260911,0.49112931362620926,0.49112931362620926,0,0
monthly_state_validated,3582,2025-10-31,2025-11-10,0.0110832418536339,2025,2025-09-30,learned_vol_interaction,20260911,0.46985105287253015,0.46985105287253015,0,1
monthly_state_ungated,3567,2025-10-10,2025-10-20,0.015001547584321,2025,2025-09-30,learned_vol_interaction,20260911,0.398459899379146,0.398459899379146,0,1
monthly_state_ungated,3572,2025-10-17,2025-10-27,0.0309637052897611,2025,2025-09-30,learned_vol_interaction,20260911,0.42723802353816936,0.42723802353816936,0,1
monthly_state_ungated,3577,2025-10-24,2025-11-03,-0.013331545863497,2025,2025-09-30,learned_vol_interaction,20260911,0.4972205603492061,0.4972205603492061,0,0
monthly_state_ungated,3582,2025-10-31,2025-11-10,0.0110832418536339,2025,2025-09-30,learned_vol_interaction,20260911,0.4759252138171626,0.4759252138171626,0,1
monthly_state_validated,3567,2025-10-10,2025-10-20,0.015001547584321,2025,2025-09-30,learned_vol_interaction,20260912,0.38708416794246603,0.38708416794246603,0,1
monthly_state_validated,3572,2025-10-17,2025-10-27,0.0309637052897611,2025,2025-09-30,learned_vol_interaction,20260912,0.3157098671172643,0.3157098671172643,0,1
monthly_state_validated,3577,2025-10-24,2025-11-03,-0.013331545863497,2025,2025-09-30,learned_vol_interaction,20260912,0.4208911959584494,0.4208911959584494,0,0
monthly_state_validated,3582,2025-10-31,2025-11-10,0.0110832418536339,2025,2025-09-30,learned_vol_interaction,20260912,0.3900158389526887,0.3900158389526887,0,1
monthly_state_ungated,3567,2025-10-10,2025-10-20,0.015001547584321,2025,2025-09-30,learned_vol_interaction,20260912,0.38240335844961115,0.38240335844961115,0,1
monthly_state_ungated,3572,2025-10-17,2025-10-27,0.0309637052897611,2025,2025-09-30,learned_vol_interaction,20260912,0.3114535692021335,0.3114535692021335,0,1
monthly_state_ungated,3577,2025-10-24,2025-11-03,-0.013331545863497,2025,2025-09-30,learned_vol_interaction,20260912,0.4160790976100794,0.4160790976100794,0,0
monthly_state_ungated,3582,2025-10-31,2025-11-10,0.0110832418536339,2025,2025-09-30,learned_vol_interaction,20260912,0.3853218653743087,0.3853218653743087,0,1
monthly_state_validated,3567,2025-10-10,2025-10-20,0.015001547584321,2025,2025-09-30,learned_order_extension,20260910,0.4374250973987012,0.4374250973987012,0,1
monthly_state_validated,3572,2025-10-17,2025-10-27,0.0309637052897611,2025,2025-09-30,learned_order_extension,20260910,0.42175299872804267,0.42175299872804267,0,1
monthly_state_validated,3577,2025-10-24,2025-11-03,-0.013331545863497,2025,2025-09-30,learned_order_extension,20260910,0.4366552310757828,0.4366552310757828,0,0
monthly_state_validated,3582,2025-10-31,2025-11-10,0.0110832418536339,2025,2025-09-30,learned_order_extension,20260910,0.44422704458498696,0.44422704458498696,0,1
monthly_state_ungated,3567,2025-10-10,2025-10-20,0.015001547584321,2025,2025-09-30,learned_order_extension,20260910,0.44140107010047414,0.44140107010047414,0,1
monthly_state_ungated,3572,2025-10-17,2025-10-27,0.0309637052897611,2025,2025-09-30,learned_order_extension,20260910,0.42569431144464653,0.42569431144464653,0,1
monthly_state_ungated,3577,2025-10-24,2025-11-03,-0.013331545863497,2025,2025-09-30,learned_order_extension,20260910,0.44062968693874793,0.44062968693874793,0,0
monthly_state_ungated,3582,2025-10-31,2025-11-10,0.0110832418536339,2025,2025-09-30,learned_order_extension,20260910,0.44821558522833016,0.44821558522833016,0,1
monthly_state_validated,3567,2025-10-10,2025-10-20,0.015001547584321,2025,2025-09-30,learned_order_extension,20260911,0.39565615038452323,0.39565615038452323,0,1
monthly_state_validated,3572,2025-10-17,2025-10-27,0.0309637052897611,2025,2025-09-30,learned_order_extension,20260911,0.42255179794346875,0.42255179794346875,0,1
monthly_state_validated,3577,2025-10-24,2025-11-03,-0.013331545863497,2025,2025-09-30,learned_order_extension,20260911,0.49361418515659217,0.49361418515659217,0,0
monthly_state_validated,3582,2025-10-31,2025-11-10,0.0110832418536339,2025,2025-09-30,learned_order_extension,20260911,0.4726211474285555,0.4726211474285555,0,1
monthly_state_ungated,3567,2025-10-10,2025-10-20,0.015001547584321,2025,2025-09-30,learned_order_extension,20260911,0.4025990515228265,0.4025990515228265,0,1
monthly_state_ungated,3572,2025-10-17,2025-10-27,0.0309637052897611,2025,2025-09-30,learned_order_extension,20260911,0.4296311402587836,0.4296311402587836,0,1
monthly_state_ungated,3577,2025-10-24,2025-11-03,-0.013331545863497,2025,2025-09-30,learned_order_extension,20260911,0.5008514521718248,0.5008514521718248,1,0
monthly_state_ungated,3582,2025-10-31,2025-11-10,0.0110832418536339,2025,2025-09-30,learned_order_extension,20260911,0.47984228053979366,0.47984228053979366,0,1
monthly_state_validated,3567,2025-10-10,2025-10-20,0.015001547584321,2025,2025-09-30,learned_order_extension,20260912,0.3618256973057808,0.3618256973057808,0,1
monthly_state_validated,3572,2025-10-17,2025-10-27,0.0309637052897611,2025,2025-09-30,learned_order_extension,20260912,0.312619869218582,0.312619869218582,0,1
monthly_state_validated,3577,2025-10-24,2025-11-03,-0.013331545863497,2025,2025-09-30,learned_order_extension,20260912,0.40985370086401507,0.40985370086401507,0,0
monthly_state_validated,3582,2025-10-31,2025-11-10,0.0110832418536339,2025,2025-09-30,learned_order_extension,20260912,0.3627331529148393,0.3627331529148393,0,1
monthly_state_ungated,3567,2025-10-10,2025-10-20,0.015001547584321,2025,2025-09-30,learned_order_extension,20260912,0.3600910740393808,0.3600910740393808,0,1
monthly_state_ungated,3572,2025-10-17,2025-10-27,0.0309637052897611,2025,2025-09-30,learned_order_extension,20260912,0.3110061814988165,0.3110061814988165,0,1
monthly_state_ungated,3577,2025-10-24,2025-11-03,-0.013331545863497,2025,2025-09-30,learned_order_extension,20260912,0.4080360447748366,0.4080360447748366,0,0
monthly_state_ungated,3582,2025-10-31,2025-11-10,0.0110832418536339,2025,2025-09-30,learned_order_extension,20260912,0.3609966401346554,0.3609966401346554,0,1
monthly_state_validated,3567,2025-10-10,2025-10-20,0.015001547584321,2025,2025-09-30,learned_order_offset,20260910,0.4383291264578575,0.4383291264578575,0,1
monthly_state_validated,3572,2025-10-17,2025-10-27,0.0309637052897611,2025,2025-09-30,learned_order_offset,20260910,0.42244156693704515,0.42244156693704515,0,1
monthly_state_validated,3577,2025-10-24,2025-11-03,-0.013331545863497,2025,2025-09-30,learned_order_offset,20260910,0.4373772094377323,0.4373772094377323,0,0
monthly_state_validated,3582,2025-10-31,2025-11-10,0.0110832418536339,2025,2025-09-30,learned_order_offset,20260910,0.4448868201240668,0.4448868201240668,0,1
monthly_state_ungated,3567,2025-10-10,2025-10-20,0.015001547584321,2025,2025-09-30,learned_order_offset,20260910,0.44231068223079073,0.44231068223079073,0,1
monthly_state_ungated,3572,2025-10-17,2025-10-27,0.0309637052897611,2025,2025-09-30,learned_order_offset,20260910,0.4263883635387117,0.4263883635387117,0,1
monthly_state_ungated,3577,2025-10-24,2025-11-03,-0.013331545863497,2025,2025-09-30,learned_order_offset,20260910,0.44135691302002394,0.44135691302002394,0,0
monthly_state_ungated,3582,2025-10-31,2025-11-10,0.0110832418536339,2025,2025-09-30,learned_order_offset,20260910,0.4488803376369289,0.4488803376369289,0,1
monthly_state_validated,3567,2025-10-10,2025-10-20,0.015001547584321,2025,2025-09-30,learned_order_offset,20260911,0.3957431714352963,0.3957431714352963,0,1
monthly_state_validated,3572,2025-10-17,2025-10-27,0.0309637052897611,2025,2025-09-30,learned_order_offset,20260911,0.42266319973139616,0.42266319973139616,0,1
monthly_state_validated,3577,2025-10-24,2025-11-03,-0.013331545863497,2025,2025-09-30,learned_order_offset,20260911,0.49371915485702594,0.49371915485702594,0,0
monthly_state_validated,3582,2025-10-31,2025-11-10,0.0110832418536339,2025,2025-09-30,learned_order_offset,20260911,0.47277881290406026,0.47277881290406026,0,1
monthly_state_ungated,3567,2025-10-10,2025-10-20,0.015001547584321,2025,2025-09-30,learned_order_offset,20260911,0.40264692349016445,0.40264692349016445,0,1
monthly_state_ungated,3572,2025-10-17,2025-10-27,0.0309637052897611,2025,2025-09-30,learned_order_offset,20260911,0.4297026131074149,0.4297026131074149,0,1
monthly_state_ungated,3577,2025-10-24,2025-11-03,-0.013331545863497,2025,2025-09-30,learned_order_offset,20260911,0.5009152178363426,0.5009152178363426,1,0
monthly_state_ungated,3582,2025-10-31,2025-11-10,0.0110832418536339,2025,2025-09-30,learned_order_offset,20260911,0.4799590078373289,0.4799590078373289,0,1
monthly_state_validated,3567,2025-10-10,2025-10-20,0.015001547584321,2025,2025-09-30,learned_order_offset,20260912,0.3626841037082148,0.3626841037082148,0,1
monthly_state_validated,3572,2025-10-17,2025-10-27,0.0309637052897611,2025,2025-09-30,learned_order_offset,20260912,0.3155072074467302,0.3155072074467302,0,1
monthly_state_validated,3577,2025-10-24,2025-11-03,-0.013331545863497,2025,2025-09-30,learned_order_offset,20260912,0.41018847226300936,0.41018847226300936,0,0
monthly_state_validated,3582,2025-10-31,2025-11-10,0.0110832418536339,2025,2025-09-30,learned_order_offset,20260912,0.36389960460436116,0.36389960460436116,0,1
monthly_state_ungated,3567,2025-10-10,2025-10-20,0.015001547584321,2025,2025-09-30,learned_order_offset,20260912,0.3610866352809567,0.3610866352809567,0,1
monthly_state_ungated,3572,2025-10-17,2025-10-27,0.0309637052897611,2025,2025-09-30,learned_order_offset,20260912,0.31401514981337186,0.31401514981337186,0,1
monthly_state_ungated,3577,2025-10-24,2025-11-03,-0.013331545863497,2025,2025-09-30,learned_order_offset,20260912,0.4085158867727398,0.4085158867727398,0,0
monthly_state_ungated,3582,2025-10-31,2025-11-10,0.0110832418536339,2025,2025-09-30,learned_order_offset,20260912,0.36229982590908,0.36229982590908,0,1
monthly_state_validated,3587,2025-11-07,2025-11-17,-0.0152107881197579,2025,2025-10-31,learned_market,20260910,0.4663727128641221,0.4663727128641221,0,0
monthly_state_validated,3592,2025-11-14,2025-11-24,-0.031114557454173,2025,2025-10-31,learned_market,20260910,0.421919095541908,0.421919095541908,0,0
monthly_state_validated,3597,2025-11-21,2025-12-01,0.0147613767448515,2025,2025-10-31,learned_market,20260910,0.39828635420248887,0.39828635420248887,0,1
monthly_state_validated,3602,2025-11-28,2025-12-08,0.0118853804313106,2025,2025-10-31,learned_market,20260910,0.391495718394583,0.391495718394583,0,1
monthly_state_ungated,3587,2025-11-07,2025-11-17,-0.0152107881197579,2025,2025-10-31,learned_market,20260910,0.4663727128641221,0.4663727128641221,0,0
monthly_state_ungated,3592,2025-11-14,2025-11-24,-0.031114557454173,2025,2025-10-31,learned_market,20260910,0.421919095541908,0.421919095541908,0,0
monthly_state_ungated,3597,2025-11-21,2025-12-01,0.0147613767448515,2025,2025-10-31,learned_market,20260910,0.39828635420248887,0.39828635420248887,0,1
monthly_state_ungated,3602,2025-11-28,2025-12-08,0.0118853804313106,2025,2025-10-31,learned_market,20260910,0.391495718394583,0.391495718394583,0,1
monthly_state_validated,3587,2025-11-07,2025-11-17,-0.0152107881197579,2025,2025-10-31,learned_market,20260911,0.44970047127908547,0.44970047127908547,0,0
monthly_state_validated,3592,2025-11-14,2025-11-24,-0.031114557454173,2025,2025-10-31,learned_market,20260911,0.3630011295793128,0.3630011295793128,0,0
monthly_state_validated,3597,2025-11-21,2025-12-01,0.0147613767448515,2025,2025-10-31,learned_market,20260911,0.43852583963091735,0.43852583963091735,0,1
monthly_state_validated,3602,2025-11-28,2025-12-08,0.0118853804313106,2025,2025-10-31,learned_market,20260911,0.4434066953212215,0.4434066953212215,0,1
monthly_state_ungated,3587,2025-11-07,2025-11-17,-0.0152107881197579,2025,2025-10-31,learned_market,20260911,0.44970047127908547,0.44970047127908547,0,0
monthly_state_ungated,3592,2025-11-14,2025-11-24,-0.031114557454173,2025,2025-10-31,learned_market,20260911,0.3630011295793128,0.3630011295793128,0,0
monthly_state_ungated,3597,2025-11-21,2025-12-01,0.0147613767448515,2025,2025-10-31,learned_market,20260911,0.43852583963091735,0.43852583963091735,0,1
monthly_state_ungated,3602,2025-11-28,2025-12-08,0.0118853804313106,2025,2025-10-31,learned_market,20260911,0.4434066953212215,0.4434066953212215,0,1
monthly_state_validated,3587,2025-11-07,2025-11-17,-0.0152107881197579,2025,2025-10-31,learned_market,20260912,0.6543006439700711,0.6543006439700711,1,0
monthly_state_validated,3592,2025-11-14,2025-11-24,-0.031114557454173,2025,2025-10-31,learned_market,20260912,0.3466593681574228,0.3466593681574228,0,0
monthly_state_validated,3597,2025-11-21,2025-12-01,0.0147613767448515,2025,2025-10-31,learned_market,20260912,0.4764357654957996,0.4764357654957996,0,1
monthly_state_validated,3602,2025-11-28,2025-12-08,0.0118853804313106,2025,2025-10-31,learned_market,20260912,0.414545745424932,0.414545745424932,0,1
monthly_state_ungated,3587,2025-11-07,2025-11-17,-0.0152107881197579,2025,2025-10-31,learned_market,20260912,0.6543006439700711,0.6543006439700711,1,0
monthly_state_ungated,3592,2025-11-14,2025-11-24,-0.031114557454173,2025,2025-10-31,learned_market,20260912,0.3466593681574228,0.3466593681574228,0,0
monthly_state_ungated,3597,2025-11-21,2025-12-01,0.0147613767448515,2025,2025-10-31,learned_market,20260912,0.4764357654957996,0.4764357654957996,0,1
monthly_state_ungated,3602,2025-11-28,2025-12-08,0.0118853804313106,2025,2025-10-31,learned_market,20260912,0.414545745424932,0.414545745424932,0,1
monthly_state_validated,3587,2025-11-07,2025-11-17,-0.0152107881197579,2025,2025-10-31,learned_vol_interaction,20260910,0.45217233264921736,0.45217233264921736,0,0
monthly_state_validated,3592,2025-11-14,2025-11-24,-0.031114557454173,2025,2025-10-31,learned_vol_interaction,20260910,0.4196138900791056,0.4196138900791056,0,0
monthly_state_validated,3597,2025-11-21,2025-12-01,0.0147613767448515,2025,2025-10-31,learned_vol_interaction,20260910,0.4025021955755618,0.4025021955755618,0,1
monthly_state_validated,3602,2025-11-28,2025-12-08,0.0118853804313106,2025,2025-10-31,learned_vol_interaction,20260910,0.3714344427967257,0.3714344427967257,0,1
monthly_state_ungated,3587,2025-11-07,2025-11-17,-0.0152107881197579,2025,2025-10-31,learned_vol_interaction,20260910,0.45217233264921736,0.45217233264921736,0,0
monthly_state_ungated,3592,2025-11-14,2025-11-24,-0.031114557454173,2025,2025-10-31,learned_vol_interaction,20260910,0.4196138900791056,0.4196138900791056,0,0
monthly_state_ungated,3597,2025-11-21,2025-12-01,0.0147613767448515,2025,2025-10-31,learned_vol_interaction,20260910,0.4025021955755618,0.4025021955755618,0,1
monthly_state_ungated,3602,2025-11-28,2025-12-08,0.0118853804313106,2025,2025-10-31,learned_vol_interaction,20260910,0.3714344427967257,0.3714344427967257,0,1
monthly_state_validated,3587,2025-11-07,2025-11-17,-0.0152107881197579,2025,2025-10-31,learned_vol_interaction,20260911,0.44406934055585867,0.44406934055585867,0,0
monthly_state_validated,3592,2025-11-14,2025-11-24,-0.031114557454173,2025,2025-10-31,learned_vol_interaction,20260911,0.3608128995476907,0.3608128995476907,0,0
monthly_state_validated,3597,2025-11-21,2025-12-01,0.0147613767448515,2025,2025-10-31,learned_vol_interaction,20260911,0.4364374703451676,0.4364374703451676,0,1
monthly_state_validated,3602,2025-11-28,2025-12-08,0.0118853804313106,2025,2025-10-31,learned_vol_interaction,20260911,0.44305774903695255,0.44305774903695255,0,1
monthly_state_ungated,3587,2025-11-07,2025-11-17,-0.0152107881197579,2025,2025-10-31,learned_vol_interaction,20260911,0.44406934055585867,0.44406934055585867,0,0
monthly_state_ungated,3592,2025-11-14,2025-11-24,-0.031114557454173,2025,2025-10-31,learned_vol_interaction,20260911,0.3608128995476907,0.3608128995476907,0,0
monthly_state_ungated,3597,2025-11-21,2025-12-01,0.0147613767448515,2025,2025-10-31,learned_vol_interaction,20260911,0.4364374703451676,0.4364374703451676,0,1
monthly_state_ungated,3602,2025-11-28,2025-12-08,0.0118853804313106,2025,2025-10-31,learned_vol_interaction,20260911,0.44305774903695255,0.44305774903695255,0,1
monthly_state_validated,3587,2025-11-07,2025-11-17,-0.0152107881197579,2025,2025-10-31,learned_vol_interaction,20260912,0.6551691354245661,0.6551691354245661,1,0
monthly_state_validated,3592,2025-11-14,2025-11-24,-0.031114557454173,2025,2025-10-31,learned_vol_interaction,20260912,0.34326605537210186,0.34326605537210186,0,0
monthly_state_validated,3597,2025-11-21,2025-12-01,0.0147613767448515,2025,2025-10-31,learned_vol_interaction,20260912,0.47820955342813665,0.47820955342813665,0,1
monthly_state_validated,3602,2025-11-28,2025-12-08,0.0118853804313106,2025,2025-10-31,learned_vol_interaction,20260912,0.41500219502025004,0.41500219502025004,0,1
monthly_state_ungated,3587,2025-11-07,2025-11-17,-0.0152107881197579,2025,2025-10-31,learned_vol_interaction,20260912,0.6551691354245661,0.6551691354245661,1,0
monthly_state_ungated,3592,2025-11-14,2025-11-24,-0.031114557454173,2025,2025-10-31,learned_vol_interaction,20260912,0.34326605537210186,0.34326605537210186,0,0
monthly_state_ungated,3597,2025-11-21,2025-12-01,0.0147613767448515,2025,2025-10-31,learned_vol_interaction,20260912,0.47820955342813665,0.47820955342813665,0,1
monthly_state_ungated,3602,2025-11-28,2025-12-08,0.0118853804313106,2025,2025-10-31,learned_vol_interaction,20260912,0.41500219502025004,0.41500219502025004,0,1
monthly_state_validated,3587,2025-11-07,2025-11-17,-0.0152107881197579,2025,2025-10-31,learned_order_extension,20260910,0.4160984244839013,0.4160984244839013,0,0
monthly_state_validated,3592,2025-11-14,2025-11-24,-0.031114557454173,2025,2025-10-31,learned_order_extension,20260910,0.3834394392569858,0.3834394392569858,0,0
monthly_state_validated,3597,2025-11-21,2025-12-01,0.0147613767448515,2025,2025-10-31,learned_order_extension,20260910,0.37267551966282286,0.37267551966282286,0,1
monthly_state_validated,3602,2025-11-28,2025-12-08,0.0118853804313106,2025,2025-10-31,learned_order_extension,20260910,0.32234639686295663,0.32234639686295663,0,1
monthly_state_ungated,3587,2025-11-07,2025-11-17,-0.0152107881197579,2025,2025-10-31,learned_order_extension,20260910,0.4160984244839013,0.4160984244839013,0,0
monthly_state_ungated,3592,2025-11-14,2025-11-24,-0.031114557454173,2025,2025-10-31,learned_order_extension,20260910,0.3834394392569858,0.3834394392569858,0,0
monthly_state_ungated,3597,2025-11-21,2025-12-01,0.0147613767448515,2025,2025-10-31,learned_order_extension,20260910,0.37267551966282286,0.37267551966282286,0,1
monthly_state_ungated,3602,2025-11-28,2025-12-08,0.0118853804313106,2025,2025-10-31,learned_order_extension,20260910,0.32234639686295663,0.32234639686295663,0,1
monthly_state_validated,3587,2025-11-07,2025-11-17,-0.0152107881197579,2025,2025-10-31,learned_order_extension,20260911,0.4487993853630595,0.4487993853630595,0,0
monthly_state_validated,3592,2025-11-14,2025-11-24,-0.031114557454173,2025,2025-10-31,learned_order_extension,20260911,0.3660465218959073,0.3660465218959073,0,0
monthly_state_validated,3597,2025-11-21,2025-12-01,0.0147613767448515,2025,2025-10-31,learned_order_extension,20260911,0.4373300918610601,0.4373300918610601,0,1
monthly_state_validated,3602,2025-11-28,2025-12-08,0.0118853804313106,2025,2025-10-31,learned_order_extension,20260911,0.44090841427684524,0.44090841427684524,0,1
monthly_state_ungated,3587,2025-11-07,2025-11-17,-0.0152107881197579,2025,2025-10-31,learned_order_extension,20260911,0.4487993853630595,0.4487993853630595,0,0
monthly_state_ungated,3592,2025-11-14,2025-11-24,-0.031114557454173,2025,2025-10-31,learned_order_extension,20260911,0.3660465218959073,0.3660465218959073,0,0
monthly_state_ungated,3597,2025-11-21,2025-12-01,0.0147613767448515,2025,2025-10-31,learned_order_extension,20260911,0.4373300918610601,0.4373300918610601,0,1
monthly_state_ungated,3602,2025-11-28,2025-12-08,0.0118853804313106,2025,2025-10-31,learned_order_extension,20260911,0.44090841427684524,0.44090841427684524,0,1
monthly_state_validated,3587,2025-11-07,2025-11-17,-0.0152107881197579,2025,2025-10-31,learned_order_extension,20260912,0.7173635072377715,0.7173635072377715,1,0
monthly_state_validated,3592,2025-11-14,2025-11-24,-0.031114557454173,2025,2025-10-31,learned_order_extension,20260912,0.30698939617400184,0.30698939617400184,0,0
monthly_state_validated,3597,2025-11-21,2025-12-01,0.0147613767448515,2025,2025-10-31,learned_order_extension,20260912,0.5163391755409109,0.5163391755409109,1,1
monthly_state_validated,3602,2025-11-28,2025-12-08,0.0118853804313106,2025,2025-10-31,learned_order_extension,20260912,0.4275392206065502,0.4275392206065502,0,1
monthly_state_ungated,3587,2025-11-07,2025-11-17,-0.0152107881197579,2025,2025-10-31,learned_order_extension,20260912,0.7173635072377715,0.7173635072377715,1,0
monthly_state_ungated,3592,2025-11-14,2025-11-24,-0.031114557454173,2025,2025-10-31,learned_order_extension,20260912,0.30698939617400184,0.30698939617400184,0,0
monthly_state_ungated,3597,2025-11-21,2025-12-01,0.0147613767448515,2025,2025-10-31,learned_order_extension,20260912,0.5163391755409109,0.5163391755409109,1,1
monthly_state_ungated,3602,2025-11-28,2025-12-08,0.0118853804313106,2025,2025-10-31,learned_order_extension,20260912,0.4275392206065502,0.4275392206065502,0,1
monthly_state_validated,3587,2025-11-07,2025-11-17,-0.0152107881197579,2025,2025-10-31,learned_order_offset,20260910,0.41675770245653837,0.41675770245653837,0,0
monthly_state_validated,3592,2025-11-14,2025-11-24,-0.031114557454173,2025,2025-10-31,learned_order_offset,20260910,0.3842630437962762,0.3842630437962762,0,0
monthly_state_validated,3597,2025-11-21,2025-12-01,0.0147613767448515,2025,2025-10-31,learned_order_offset,20260910,0.3736862278878248,0.3736862278878248,0,1
monthly_state_validated,3602,2025-11-28,2025-12-08,0.0118853804313106,2025,2025-10-31,learned_order_offset,20260910,0.3228815407821598,0.3228815407821598,0,1
monthly_state_ungated,3587,2025-11-07,2025-11-17,-0.0152107881197579,2025,2025-10-31,learned_order_offset,20260910,0.41675770245653837,0.41675770245653837,0,0
monthly_state_ungated,3592,2025-11-14,2025-11-24,-0.031114557454173,2025,2025-10-31,learned_order_offset,20260910,0.3842630437962762,0.3842630437962762,0,0
monthly_state_ungated,3597,2025-11-21,2025-12-01,0.0147613767448515,2025,2025-10-31,learned_order_offset,20260910,0.3736862278878248,0.3736862278878248,0,1
monthly_state_ungated,3602,2025-11-28,2025-12-08,0.0118853804313106,2025,2025-10-31,learned_order_offset,20260910,0.3228815407821598,0.3228815407821598,0,1
monthly_state_validated,3587,2025-11-07,2025-11-17,-0.0152107881197579,2025,2025-10-31,learned_order_offset,20260911,0.4488402985470584,0.4488402985470584,0,0
monthly_state_validated,3592,2025-11-14,2025-11-24,-0.031114557454173,2025,2025-10-31,learned_order_offset,20260911,0.3662030345617859,0.3662030345617859,0,0
monthly_state_validated,3597,2025-11-21,2025-12-01,0.0147613767448515,2025,2025-10-31,learned_order_offset,20260911,0.437375173123585,0.437375173123585,0,1
monthly_state_validated,3602,2025-11-28,2025-12-08,0.0118853804313106,2025,2025-10-31,learned_order_offset,20260911,0.4410215325004137,0.4410215325004137,0,1
monthly_state_ungated,3587,2025-11-07,2025-11-17,-0.0152107881197579,2025,2025-10-31,learned_order_offset,20260911,0.4488402985470584,0.4488402985470584,0,0
monthly_state_ungated,3592,2025-11-14,2025-11-24,-0.031114557454173,2025,2025-10-31,learned_order_offset,20260911,0.3662030345617859,0.3662030345617859,0,0
monthly_state_ungated,3597,2025-11-21,2025-12-01,0.0147613767448515,2025,2025-10-31,learned_order_offset,20260911,0.437375173123585,0.437375173123585,0,1
monthly_state_ungated,3602,2025-11-28,2025-12-08,0.0118853804313106,2025,2025-10-31,learned_order_offset,20260911,0.4410215325004137,0.4410215325004137,0,1
monthly_state_validated,3587,2025-11-07,2025-11-17,-0.0152107881197579,2025,2025-10-31,learned_order_offset,20260912,0.7144814406827747,0.7144814406827747,1,0
monthly_state_validated,3592,2025-11-14,2025-11-24,-0.031114557454173,2025,2025-10-31,learned_order_offset,20260912,0.30770955732411853,0.30770955732411853,0,0
monthly_state_validated,3597,2025-11-21,2025-12-01,0.0147613767448515,2025,2025-10-31,learned_order_offset,20260912,0.5174144228033992,0.5174144228033992,1,1
monthly_state_validated,3602,2025-11-28,2025-12-08,0.0118853804313106,2025,2025-10-31,learned_order_offset,20260912,0.42732723868442246,0.42732723868442246,0,1
monthly_state_ungated,3587,2025-11-07,2025-11-17,-0.0152107881197579,2025,2025-10-31,learned_order_offset,20260912,0.7144814406827747,0.7144814406827747,1,0
monthly_state_ungated,3592,2025-11-14,2025-11-24,-0.031114557454173,2025,2025-10-31,learned_order_offset,20260912,0.30770955732411853,0.30770955732411853,0,0
monthly_state_ungated,3597,2025-11-21,2025-12-01,0.0147613767448515,2025,2025-10-31,learned_order_offset,20260912,0.5174144228033992,0.5174144228033992,1,1
monthly_state_ungated,3602,2025-11-28,2025-12-08,0.0118853804313106,2025,2025-10-31,learned_order_offset,20260912,0.42732723868442246,0.42732723868442246,0,1
monthly_state_validated,3607,2025-12-05,2025-12-15,-0.0093922675990717,2025,2025-11-30,learned_market,20260910,0.391998136773391,0.391998136773391,0,0
monthly_state_validated,3612,2025-12-12,2025-12-22,0.0082791208791208,2025,2025-11-30,learned_market,20260910,0.414619478732369,0.414619478732369,0,1
monthly_state_validated,3617,2025-12-19,2025-12-29,0.0153890755001995,2025,2025-11-30,learned_market,20260910,0.584196917516146,0.584196917516146,1,1
monthly_state_validated,3622,2025-12-26,2026-01-12,0.0239101640737868,2025,2025-11-30,learned_market,20260910,0.3188740450267267,0.3188740450267267,0,1
monthly_state_ungated,3607,2025-12-05,2025-12-15,-0.0093922675990717,2025,2025-11-30,learned_market,20260910,0.4074068318365551,0.4074068318365551,0,0
monthly_state_ungated,3612,2025-12-12,2025-12-22,0.0082791208791208,2025,2025-11-30,learned_market,20260910,0.43028807986723405,0.43028807986723405,0,1
monthly_state_ungated,3617,2025-12-19,2025-12-29,0.0153890755001995,2025,2025-11-30,learned_market,20260910,0.5997086629901033,0.5997086629901033,1,1
monthly_state_ungated,3622,2025-12-26,2026-01-12,0.0239101640737868,2025,2025-11-30,learned_market,20260910,0.33298256872700405,0.33298256872700405,0,1
monthly_state_validated,3607,2025-12-05,2025-12-15,-0.0093922675990717,2025,2025-11-30,learned_market,20260911,0.47126486204905454,0.47126486204905454,0,0
monthly_state_validated,3612,2025-12-12,2025-12-22,0.0082791208791208,2025,2025-11-30,learned_market,20260911,0.466174156942272,0.466174156942272,0,1
monthly_state_validated,3617,2025-12-19,2025-12-29,0.0153890755001995,2025,2025-11-30,learned_market,20260911,0.5523517140626968,0.5523517140626968,1,1
monthly_state_validated,3622,2025-12-26,2026-01-12,0.0239101640737868,2025,2025-11-30,learned_market,20260911,0.533323234860134,0.533323234860134,1,1
monthly_state_ungated,3607,2025-12-05,2025-12-15,-0.0093922675990717,2025,2025-11-30,learned_market,20260911,0.49141753380388054,0.49141753380388054,0,0
monthly_state_ungated,3612,2025-12-12,2025-12-22,0.0082791208791208,2025,2025-11-30,learned_market,20260911,0.48630936094002175,0.48630936094002175,0,1
monthly_state_ungated,3617,2025-12-19,2025-12-29,0.0153890755001995,2025,2025-11-30,learned_market,20260911,0.5722192117285327,0.5722192117285327,1,1
monthly_state_ungated,3622,2025-12-26,2026-01-12,0.0239101640737868,2025,2025-11-30,learned_market,20260911,0.5533523492505066,0.5533523492505066,1,1
monthly_state_validated,3607,2025-12-05,2025-12-15,-0.0093922675990717,2025,2025-11-30,learned_market,20260912,0.4072710676381864,0.4072710676381864,0,0
monthly_state_validated,3612,2025-12-12,2025-12-22,0.0082791208791208,2025,2025-11-30,learned_market,20260912,0.6119699471537875,0.6119699471537875,1,1
monthly_state_validated,3617,2025-12-19,2025-12-29,0.0153890755001995,2025,2025-11-30,learned_market,20260912,0.6182896063570782,0.6182896063570782,1,1
monthly_state_validated,3622,2025-12-26,2026-01-12,0.0239101640737868,2025,2025-11-30,learned_market,20260912,0.5300571832747044,0.5300571832747044,1,1
monthly_state_ungated,3607,2025-12-05,2025-12-15,-0.0093922675990717,2025,2025-11-30,learned_market,20260912,0.4254209318140258,0.4254209318140258,0,0
monthly_state_ungated,3612,2025-12-12,2025-12-22,0.0082791208791208,2025,2025-11-30,learned_market,20260912,0.6295530740361113,0.6295530740361113,1,1
monthly_state_ungated,3617,2025-12-19,2025-12-29,0.0153890755001995,2025,2025-11-30,learned_market,20260912,0.6357568108751515,0.6357568108751515,1,1
monthly_state_ungated,3622,2025-12-26,2026-01-12,0.0239101640737868,2025,2025-11-30,learned_market,20260912,0.5486143016788222,0.5486143016788222,1,1
monthly_state_validated,3607,2025-12-05,2025-12-15,-0.0093922675990717,2025,2025-11-30,learned_vol_interaction,20260910,0.39417455635477106,0.39417455635477106,0,0
monthly_state_validated,3612,2025-12-12,2025-12-22,0.0082791208791208,2025,2025-11-30,learned_vol_interaction,20260910,0.4149719916251764,0.4149719916251764,0,1
monthly_state_validated,3617,2025-12-19,2025-12-29,0.0153890755001995,2025,2025-11-30,learned_vol_interaction,20260910,0.6003183983490965,0.6003183983490965,1,1
monthly_state_validated,3622,2025-12-26,2026-01-12,0.0239101640737868,2025,2025-11-30,learned_vol_interaction,20260910,0.30192881781235653,0.30192881781235653,0,1
monthly_state_ungated,3607,2025-12-05,2025-12-15,-0.0093922675990717,2025,2025-11-30,learned_vol_interaction,20260910,0.40807144692273234,0.40807144692273234,0,0
monthly_state_ungated,3612,2025-12-12,2025-12-22,0.0082791208791208,2025,2025-11-30,learned_vol_interaction,20260910,0.4290827929805504,0.4290827929805504,0,1
monthly_state_ungated,3617,2025-12-19,2025-12-29,0.0153890755001995,2025,2025-11-30,learned_vol_interaction,20260910,0.6141158338580261,0.6141158338580261,1,1
monthly_state_ungated,3622,2025-12-26,2026-01-12,0.0239101640737868,2025,2025-11-30,learned_vol_interaction,20260910,0.3142605326318245,0.3142605326318245,0,1
monthly_state_validated,3607,2025-12-05,2025-12-15,-0.0093922675990717,2025,2025-11-30,learned_vol_interaction,20260911,0.47164710073246285,0.47164710073246285,0,0
monthly_state_validated,3612,2025-12-12,2025-12-22,0.0082791208791208,2025,2025-11-30,learned_vol_interaction,20260911,0.46870417547105653,0.46870417547105653,0,1
monthly_state_validated,3617,2025-12-19,2025-12-29,0.0153890755001995,2025,2025-11-30,learned_vol_interaction,20260911,0.5642517372007931,0.5642517372007931,1,1
monthly_state_validated,3622,2025-12-26,2026-01-12,0.0239101640737868,2025,2025-11-30,learned_vol_interaction,20260911,0.5419304727663321,0.5419304727663321,1,1
monthly_state_ungated,3607,2025-12-05,2025-12-15,-0.0093922675990717,2025,2025-11-30,learned_vol_interaction,20260911,0.4914644435163992,0.4914644435163992,0,0
monthly_state_ungated,3612,2025-12-12,2025-12-22,0.0082791208791208,2025,2025-11-30,learned_vol_interaction,20260911,0.4885121940801788,0.4885121940801788,0,1
monthly_state_ungated,3617,2025-12-19,2025-12-29,0.0153890755001995,2025,2025-11-30,learned_vol_interaction,20260911,0.5836617638333137,0.5836617638333137,1,1
monthly_state_ungated,3622,2025-12-26,2026-01-12,0.0239101640737868,2025,2025-11-30,learned_vol_interaction,20260911,0.5615621990984921,0.5615621990984921,1,1
monthly_state_validated,3607,2025-12-05,2025-12-15,-0.0093922675990717,2025,2025-11-30,learned_vol_interaction,20260912,0.4068651499818389,0.4068651499818389,0,0
monthly_state_validated,3612,2025-12-12,2025-12-22,0.0082791208791208,2025,2025-11-30,learned_vol_interaction,20260912,0.616228716247792,0.616228716247792,1,1
monthly_state_validated,3617,2025-12-19,2025-12-29,0.0153890755001995,2025,2025-11-30,learned_vol_interaction,20260912,0.623898158108595,0.623898158108595,1,1
monthly_state_validated,3622,2025-12-26,2026-01-12,0.0239101640737868,2025,2025-11-30,learned_vol_interaction,20260912,0.5313345497973928,0.5313345497973928,1,1
monthly_state_ungated,3607,2025-12-05,2025-12-15,-0.0093922675990717,2025,2025-11-30,learned_vol_interaction,20260912,0.4249440480518416,0.4249440480518416,0,0
monthly_state_ungated,3612,2025-12-12,2025-12-22,0.0082791208791208,2025,2025-11-30,learned_vol_interaction,20260912,0.6336718145650255,0.6336718145650255,1,1
monthly_state_ungated,3617,2025-12-19,2025-12-29,0.0153890755001995,2025,2025-11-30,learned_vol_interaction,20260912,0.6411956358952111,0.6411956358952111,1,1
monthly_state_ungated,3622,2025-12-26,2026-01-12,0.0239101640737868,2025,2025-11-30,learned_vol_interaction,20260912,0.5498173664529652,0.5498173664529652,1,1
monthly_state_validated,3607,2025-12-05,2025-12-15,-0.0093922675990717,2025,2025-11-30,learned_order_extension,20260910,0.3536741737892265,0.3536741737892265,0,0
monthly_state_validated,3612,2025-12-12,2025-12-22,0.0082791208791208,2025,2025-11-30,learned_order_extension,20260910,0.4084124508900537,0.4084124508900537,0,1
monthly_state_validated,3617,2025-12-19,2025-12-29,0.0153890755001995,2025,2025-11-30,learned_order_extension,20260910,0.6626830721040038,0.6626830721040038,1,1
monthly_state_validated,3622,2025-12-26,2026-01-12,0.0239101640737868,2025,2025-11-30,learned_order_extension,20260910,0.29817910640968603,0.29817910640968603,0,1
monthly_state_ungated,3607,2025-12-05,2025-12-15,-0.0093922675990717,2025,2025-11-30,learned_order_extension,20260910,0.3677107337144158,0.3677107337144158,0,0
monthly_state_ungated,3612,2025-12-12,2025-12-22,0.0082791208791208,2025,2025-11-30,learned_order_extension,20260910,0.4231989892215635,0.4231989892215635,0,1
monthly_state_ungated,3617,2025-12-19,2025-12-29,0.0153890755001995,2025,2025-11-30,learned_order_extension,20260910,0.6761536554495815,0.6761536554495815,1,1
monthly_state_ungated,3622,2025-12-26,2026-01-12,0.0239101640737868,2025,2025-11-30,learned_order_extension,20260910,0.31107322907109075,0.31107322907109075,0,1
monthly_state_validated,3607,2025-12-05,2025-12-15,-0.0093922675990717,2025,2025-11-30,learned_order_extension,20260911,0.46850888999820245,0.46850888999820245,0,0
monthly_state_validated,3612,2025-12-12,2025-12-22,0.0082791208791208,2025,2025-11-30,learned_order_extension,20260911,0.46414163121931723,0.46414163121931723,0,1
monthly_state_validated,3617,2025-12-19,2025-12-29,0.0153890755001995,2025,2025-11-30,learned_order_extension,20260911,0.5579043003982375,0.5579043003982375,1,1
monthly_state_validated,3622,2025-12-26,2026-01-12,0.0239101640737868,2025,2025-11-30,learned_order_extension,20260911,0.5396185574902365,0.5396185574902365,1,1
monthly_state_ungated,3607,2025-12-05,2025-12-15,-0.0093922675990717,2025,2025-11-30,learned_order_extension,20260911,0.4878635324261311,0.4878635324261311,0,0
monthly_state_ungated,3612,2025-12-12,2025-12-22,0.0082791208791208,2025,2025-11-30,learned_order_extension,20260911,0.4834799761017906,0.4834799761017906,0,1
monthly_state_ungated,3617,2025-12-19,2025-12-29,0.0153890755001995,2025,2025-11-30,learned_order_extension,20260911,0.5769431228078763,0.5769431228078763,1,1
monthly_state_ungated,3622,2025-12-26,2026-01-12,0.0239101640737868,2025,2025-11-30,learned_order_extension,20260911,0.5588221376778012,0.5588221376778012,1,1
monthly_state_validated,3607,2025-12-05,2025-12-15,-0.0093922675990717,2025,2025-11-30,learned_order_extension,20260912,0.4221602938281845,0.4221602938281845,0,0
monthly_state_validated,3612,2025-12-12,2025-12-22,0.0082791208791208,2025,2025-11-30,learned_order_extension,20260912,0.686955951008886,0.686955951008886,1,1
monthly_state_validated,3617,2025-12-19,2025-12-29,0.0153890755001995,2025,2025-11-30,learned_order_extension,20260912,0.6978439415509934,0.6978439415509934,1,1
monthly_state_validated,3622,2025-12-26,2026-01-12,0.0239101640737868,2025,2025-11-30,learned_order_extension,20260912,0.5576069048924787,0.5576069048924787,1,1
monthly_state_ungated,3607,2025-12-05,2025-12-15,-0.0093922675990717,2025,2025-11-30,learned_order_extension,20260912,0.44182610283971746,0.44182610283971746,0,0
monthly_state_ungated,3612,2025-12-12,2025-12-22,0.0082791208791208,2025,2025-11-30,learned_order_extension,20260912,0.7039301017717106,0.7039301017717106,1,1
monthly_state_ungated,3617,2025-12-19,2025-12-29,0.0153890755001995,2025,2025-11-30,learned_order_extension,20260912,0.7144730993434852,0.7144730993434852,1,1
monthly_state_ungated,3622,2025-12-26,2026-01-12,0.0239101640737868,2025,2025-11-30,learned_order_extension,20260912,0.5772788381953174,0.5772788381953174,1,1
monthly_state_validated,3607,2025-12-05,2025-12-15,-0.0093922675990717,2025,2025-11-30,learned_order_offset,20260910,0.3542499269143583,0.3542499269143583,0,0
monthly_state_validated,3612,2025-12-12,2025-12-22,0.0082791208791208,2025,2025-11-30,learned_order_offset,20260910,0.4080196331095147,0.4080196331095147,0,1
monthly_state_validated,3617,2025-12-19,2025-12-29,0.0153890755001995,2025,2025-11-30,learned_order_offset,20260910,0.6618244415513685,0.6618244415513685,1,1
monthly_state_validated,3622,2025-12-26,2026-01-12,0.0239101640737868,2025,2025-11-30,learned_order_offset,20260910,0.2985952086190204,0.2985952086190204,0,1
monthly_state_ungated,3607,2025-12-05,2025-12-15,-0.0093922675990717,2025,2025-11-30,learned_order_offset,20260910,0.3683944207253181,0.3683944207253181,0,0
monthly_state_ungated,3612,2025-12-12,2025-12-22,0.0082791208791208,2025,2025-11-30,learned_order_offset,20260910,0.4229050171087672,0.4229050171087672,0,1
monthly_state_ungated,3617,2025-12-19,2025-12-29,0.0153890755001995,2025,2025-11-30,learned_order_offset,20260910,0.6754049604277885,0.6754049604277885,1,1
monthly_state_ungated,3622,2025-12-26,2026-01-12,0.0239101640737868,2025,2025-11-30,learned_order_offset,20260910,0.3115897761117819,0.3115897761117819,0,1
monthly_state_validated,3607,2025-12-05,2025-12-15,-0.0093922675990717,2025,2025-11-30,learned_order_offset,20260911,0.46862239506081244,0.46862239506081244,0,0
monthly_state_validated,3612,2025-12-12,2025-12-22,0.0082791208791208,2025,2025-11-30,learned_order_offset,20260911,0.4642603203194423,0.4642603203194423,0,1
monthly_state_validated,3617,2025-12-19,2025-12-29,0.0153890755001995,2025,2025-11-30,learned_order_offset,20260911,0.557967937341776,0.557967937341776,1,1
monthly_state_validated,3622,2025-12-26,2026-01-12,0.0239101640737868,2025,2025-11-30,learned_order_offset,20260911,0.5397728826316699,0.5397728826316699,1,1
monthly_state_ungated,3607,2025-12-05,2025-12-15,-0.0093922675990717,2025,2025-11-30,learned_order_offset,20260911,0.4879729952315544,0.4879729952315544,0,0
monthly_state_ungated,3612,2025-12-12,2025-12-22,0.0082791208791208,2025,2025-11-30,learned_order_offset,20260911,0.4835947235271531,0.4835947235271531,0,1
monthly_state_ungated,3617,2025-12-19,2025-12-29,0.0153890755001995,2025,2025-11-30,learned_order_offset,20260911,0.5770017733770394,0.5770017733770394,1,1
monthly_state_ungated,3622,2025-12-26,2026-01-12,0.0239101640737868,2025,2025-11-30,learned_order_offset,20260911,0.5589709195612781,0.5589709195612781,1,1
monthly_state_validated,3607,2025-12-05,2025-12-15,-0.0093922675990717,2025,2025-11-30,learned_order_offset,20260912,0.42170161654928456,0.42170161654928456,0,0
monthly_state_validated,3612,2025-12-12,2025-12-22,0.0082791208791208,2025,2025-11-30,learned_order_offset,20260912,0.6839209467759624,0.6839209467759624,1,1
monthly_state_validated,3617,2025-12-19,2025-12-29,0.0153890755001995,2025,2025-11-30,learned_order_offset,20260912,0.6937306559843779,0.6937306559843779,1,1
monthly_state_validated,3622,2025-12-26,2026-01-12,0.0239101640737868,2025,2025-11-30,learned_order_offset,20260912,0.556765310818863,0.556765310818863,1,1
monthly_state_ungated,3607,2025-12-05,2025-12-15,-0.0093922675990717,2025,2025-11-30,learned_order_offset,20260912,0.44156624404143346,0.44156624404143346,0,0
monthly_state_ungated,3612,2025-12-12,2025-12-22,0.0082791208791208,2025,2025-11-30,learned_order_offset,20260912,0.7011613030557571,0.7011613030557571,1,1
monthly_state_ungated,3617,2025-12-19,2025-12-29,0.0153890755001995,2025,2025-11-30,learned_order_offset,20260912,0.710662310293141,0.710662310293141,1,1
monthly_state_ungated,3622,2025-12-26,2026-01-12,0.0239101640737868,2025,2025-11-30,learned_order_offset,20260912,0.5766480943802034,0.5766480943802034,1,1
monthly_state_validated,3630,2026-01-09,2026-01-19,-0.0103697336282536,2026,2025-12-31,learned_market,20260910,0.5209270458842004,0.5209270458842004,1,0
monthly_state_validated,3635,2026-01-16,2026-01-26,-0.0010190267764643,2026,2025-12-31,learned_market,20260910,0.5197139065453521,0.5197139065453521,1,0
monthly_state_validated,3640,2026-01-23,2026-02-02,-0.0087161586128796,2026,2025-12-31,learned_market,20260910,0.2755814653004309,0.2755814653004309,0,0
monthly_state_validated,3645,2026-01-30,2026-02-09,0.0041482324550519,2026,2025-12-31,learned_market,20260910,0.41561123934774186,0.41561123934774186,0,1
monthly_state_ungated,3630,2026-01-09,2026-01-19,-0.0103697336282536,2026,2025-12-31,learned_market,20260910,0.5209270458842004,0.5209270458842004,1,0
monthly_state_ungated,3635,2026-01-16,2026-01-26,-0.0010190267764643,2026,2025-12-31,learned_market,20260910,0.5197139065453521,0.5197139065453521,1,0
monthly_state_ungated,3640,2026-01-23,2026-02-02,-0.0087161586128796,2026,2025-12-31,learned_market,20260910,0.2755814653004309,0.2755814653004309,0,0
monthly_state_ungated,3645,2026-01-30,2026-02-09,0.0041482324550519,2026,2025-12-31,learned_market,20260910,0.41561123934774186,0.41561123934774186,0,1
monthly_state_validated,3630,2026-01-09,2026-01-19,-0.0103697336282536,2026,2025-12-31,learned_market,20260911,0.5413510609744506,0.5413510609744506,1,0
monthly_state_validated,3635,2026-01-16,2026-01-26,-0.0010190267764643,2026,2025-12-31,learned_market,20260911,0.5314359715780813,0.5314359715780813,1,0
monthly_state_validated,3640,2026-01-23,2026-02-02,-0.0087161586128796,2026,2025-12-31,learned_market,20260911,0.5322660389568398,0.5322660389568398,1,0
monthly_state_validated,3645,2026-01-30,2026-02-09,0.0041482324550519,2026,2025-12-31,learned_market,20260911,0.45886324630014486,0.45886324630014486,0,1
monthly_state_ungated,3630,2026-01-09,2026-01-19,-0.0103697336282536,2026,2025-12-31,learned_market,20260911,0.5413510609744506,0.5413510609744506,1,0
monthly_state_ungated,3635,2026-01-16,2026-01-26,-0.0010190267764643,2026,2025-12-31,learned_market,20260911,0.5314359715780813,0.5314359715780813,1,0
monthly_state_ungated,3640,2026-01-23,2026-02-02,-0.0087161586128796,2026,2025-12-31,learned_market,20260911,0.5322660389568398,0.5322660389568398,1,0
monthly_state_ungated,3645,2026-01-30,2026-02-09,0.0041482324550519,2026,2025-12-31,learned_market,20260911,0.45886324630014486,0.45886324630014486,0,1
monthly_state_validated,3630,2026-01-09,2026-01-19,-0.0103697336282536,2026,2025-12-31,learned_market,20260912,0.5119803822427041,0.5119803822427041,1,0
monthly_state_validated,3635,2026-01-16,2026-01-26,-0.0010190267764643,2026,2025-12-31,learned_market,20260912,0.5563532391014436,0.5563532391014436,1,0
monthly_state_validated,3640,2026-01-23,2026-02-02,-0.0087161586128796,2026,2025-12-31,learned_market,20260912,0.47986345901765604,0.47986345901765604,0,0
monthly_state_validated,3645,2026-01-30,2026-02-09,0.0041482324550519,2026,2025-12-31,learned_market,20260912,0.5030177692550698,0.5030177692550698,1,1
monthly_state_ungated,3630,2026-01-09,2026-01-19,-0.0103697336282536,2026,2025-12-31,learned_market,20260912,0.5119803822427041,0.5119803822427041,1,0
monthly_state_ungated,3635,2026-01-16,2026-01-26,-0.0010190267764643,2026,2025-12-31,learned_market,20260912,0.5563532391014436,0.5563532391014436,1,0
monthly_state_ungated,3640,2026-01-23,2026-02-02,-0.0087161586128796,2026,2025-12-31,learned_market,20260912,0.47986345901765604,0.47986345901765604,0,0
monthly_state_ungated,3645,2026-01-30,2026-02-09,0.0041482324550519,2026,2025-12-31,learned_market,20260912,0.5030177692550698,0.5030177692550698,1,1
monthly_state_validated,3630,2026-01-09,2026-01-19,-0.0103697336282536,2026,2025-12-31,learned_vol_interaction,20260910,0.5249822005515526,0.5249822005515526,1,0
monthly_state_validated,3635,2026-01-16,2026-01-26,-0.0010190267764643,2026,2025-12-31,learned_vol_interaction,20260910,0.5217999415123397,0.5217999415123397,1,0
monthly_state_validated,3640,2026-01-23,2026-02-02,-0.0087161586128796,2026,2025-12-31,learned_vol_interaction,20260910,0.2703686171181188,0.2703686171181188,0,0
monthly_state_validated,3645,2026-01-30,2026-02-09,0.0041482324550519,2026,2025-12-31,learned_vol_interaction,20260910,0.4125281641526105,0.4125281641526105,0,1
monthly_state_ungated,3630,2026-01-09,2026-01-19,-0.0103697336282536,2026,2025-12-31,learned_vol_interaction,20260910,0.5249822005515526,0.5249822005515526,1,0
monthly_state_ungated,3635,2026-01-16,2026-01-26,-0.0010190267764643,2026,2025-12-31,learned_vol_interaction,20260910,0.5217999415123397,0.5217999415123397,1,0
monthly_state_ungated,3640,2026-01-23,2026-02-02,-0.0087161586128796,2026,2025-12-31,learned_vol_interaction,20260910,0.2703686171181188,0.2703686171181188,0,0
monthly_state_ungated,3645,2026-01-30,2026-02-09,0.0041482324550519,2026,2025-12-31,learned_vol_interaction,20260910,0.4125281641526105,0.4125281641526105,0,1
monthly_state_validated,3630,2026-01-09,2026-01-19,-0.0103697336282536,2026,2025-12-31,learned_vol_interaction,20260911,0.5419308229071979,0.5419308229071979,1,0
monthly_state_validated,3635,2026-01-16,2026-01-26,-0.0010190267764643,2026,2025-12-31,learned_vol_interaction,20260911,0.5357337652448725,0.5357337652448725,1,0
monthly_state_validated,3640,2026-01-23,2026-02-02,-0.0087161586128796,2026,2025-12-31,learned_vol_interaction,20260911,0.5371665022159147,0.5371665022159147,1,0
monthly_state_validated,3645,2026-01-30,2026-02-09,0.0041482324550519,2026,2025-12-31,learned_vol_interaction,20260911,0.4536669400564477,0.4536669400564477,0,1
monthly_state_ungated,3630,2026-01-09,2026-01-19,-0.0103697336282536,2026,2025-12-31,learned_vol_interaction,20260911,0.5419308229071979,0.5419308229071979,1,0
monthly_state_ungated,3635,2026-01-16,2026-01-26,-0.0010190267764643,2026,2025-12-31,learned_vol_interaction,20260911,0.5357337652448725,0.5357337652448725,1,0
monthly_state_ungated,3640,2026-01-23,2026-02-02,-0.0087161586128796,2026,2025-12-31,learned_vol_interaction,20260911,0.5371665022159147,0.5371665022159147,1,0
monthly_state_ungated,3645,2026-01-30,2026-02-09,0.0041482324550519,2026,2025-12-31,learned_vol_interaction,20260911,0.4536669400564477,0.4536669400564477,0,1
monthly_state_validated,3630,2026-01-09,2026-01-19,-0.0103697336282536,2026,2025-12-31,learned_vol_interaction,20260912,0.5113420632666249,0.5113420632666249,1,0
monthly_state_validated,3635,2026-01-16,2026-01-26,-0.0010190267764643,2026,2025-12-31,learned_vol_interaction,20260912,0.5720485316988371,0.5720485316988371,1,0
monthly_state_validated,3640,2026-01-23,2026-02-02,-0.0087161586128796,2026,2025-12-31,learned_vol_interaction,20260912,0.46450523759698337,0.46450523759698337,0,0
monthly_state_validated,3645,2026-01-30,2026-02-09,0.0041482324550519,2026,2025-12-31,learned_vol_interaction,20260912,0.5055364466448413,0.5055364466448413,1,1
monthly_state_ungated,3630,2026-01-09,2026-01-19,-0.0103697336282536,2026,2025-12-31,learned_vol_interaction,20260912,0.5113420632666249,0.5113420632666249,1,0
monthly_state_ungated,3635,2026-01-16,2026-01-26,-0.0010190267764643,2026,2025-12-31,learned_vol_interaction,20260912,0.5720485316988371,0.5720485316988371,1,0
monthly_state_ungated,3640,2026-01-23,2026-02-02,-0.0087161586128796,2026,2025-12-31,learned_vol_interaction,20260912,0.46450523759698337,0.46450523759698337,0,0
monthly_state_ungated,3645,2026-01-30,2026-02-09,0.0041482324550519,2026,2025-12-31,learned_vol_interaction,20260912,0.5055364466448413,0.5055364466448413,1,1
monthly_state_validated,3630,2026-01-09,2026-01-19,-0.0103697336282536,2026,2025-12-31,learned_order_extension,20260910,0.5118603699776423,0.5118603699776423,1,0
monthly_state_validated,3635,2026-01-16,2026-01-26,-0.0010190267764643,2026,2025-12-31,learned_order_extension,20260910,0.5121161981098539,0.5121161981098539,1,0
monthly_state_validated,3640,2026-01-23,2026-02-02,-0.0087161586128796,2026,2025-12-31,learned_order_extension,20260910,0.2938325386236829,0.2938325386236829,0,0
monthly_state_validated,3645,2026-01-30,2026-02-09,0.0041482324550519,2026,2025-12-31,learned_order_extension,20260910,0.43621861720931454,0.43621861720931454,0,1
monthly_state_ungated,3630,2026-01-09,2026-01-19,-0.0103697336282536,2026,2025-12-31,learned_order_extension,20260910,0.5118603699776423,0.5118603699776423,1,0
monthly_state_ungated,3635,2026-01-16,2026-01-26,-0.0010190267764643,2026,2025-12-31,learned_order_extension,20260910,0.5121161981098539,0.5121161981098539,1,0
monthly_state_ungated,3640,2026-01-23,2026-02-02,-0.0087161586128796,2026,2025-12-31,learned_order_extension,20260910,0.2938325386236829,0.2938325386236829,0,0
monthly_state_ungated,3645,2026-01-30,2026-02-09,0.0041482324550519,2026,2025-12-31,learned_order_extension,20260910,0.43621861720931454,0.43621861720931454,0,1
monthly_state_validated,3630,2026-01-09,2026-01-19,-0.0103697336282536,2026,2025-12-31,learned_order_extension,20260911,0.5459060256811782,0.5459060256811782,1,0
monthly_state_validated,3635,2026-01-16,2026-01-26,-0.0010190267764643,2026,2025-12-31,learned_order_extension,20260911,0.5315584772037104,0.5315584772037104,1,0
monthly_state_validated,3640,2026-01-23,2026-02-02,-0.0087161586128796,2026,2025-12-31,learned_order_extension,20260911,0.5380779045961513,0.5380779045961513,1,0
monthly_state_validated,3645,2026-01-30,2026-02-09,0.0041482324550519,2026,2025-12-31,learned_order_extension,20260911,0.43274829616923166,0.43274829616923166,0,1
monthly_state_ungated,3630,2026-01-09,2026-01-19,-0.0103697336282536,2026,2025-12-31,learned_order_extension,20260911,0.5459060256811782,0.5459060256811782,1,0
monthly_state_ungated,3635,2026-01-16,2026-01-26,-0.0010190267764643,2026,2025-12-31,learned_order_extension,20260911,0.5315584772037104,0.5315584772037104,1,0
monthly_state_ungated,3640,2026-01-23,2026-02-02,-0.0087161586128796,2026,2025-12-31,learned_order_extension,20260911,0.5380779045961513,0.5380779045961513,1,0
monthly_state_ungated,3645,2026-01-30,2026-02-09,0.0041482324550519,2026,2025-12-31,learned_order_extension,20260911,0.43274829616923166,0.43274829616923166,0,1
monthly_state_validated,3630,2026-01-09,2026-01-19,-0.0103697336282536,2026,2025-12-31,learned_order_extension,20260912,0.5234527600872158,0.5234527600872158,1,0
monthly_state_validated,3635,2026-01-16,2026-01-26,-0.0010190267764643,2026,2025-12-31,learned_order_extension,20260912,0.5847075352595175,0.5847075352595175,1,0
monthly_state_validated,3640,2026-01-23,2026-02-02,-0.0087161586128796,2026,2025-12-31,learned_order_extension,20260912,0.4700767353741261,0.4700767353741261,0,0
monthly_state_validated,3645,2026-01-30,2026-02-09,0.0041482324550519,2026,2025-12-31,learned_order_extension,20260912,0.5148835278265028,0.5148835278265028,1,1
monthly_state_ungated,3630,2026-01-09,2026-01-19,-0.0103697336282536,2026,2025-12-31,learned_order_extension,20260912,0.5234527600872158,0.5234527600872158,1,0
monthly_state_ungated,3635,2026-01-16,2026-01-26,-0.0010190267764643,2026,2025-12-31,learned_order_extension,20260912,0.5847075352595175,0.5847075352595175,1,0
monthly_state_ungated,3640,2026-01-23,2026-02-02,-0.0087161586128796,2026,2025-12-31,learned_order_extension,20260912,0.4700767353741261,0.4700767353741261,0,0
monthly_state_ungated,3645,2026-01-30,2026-02-09,0.0041482324550519,2026,2025-12-31,learned_order_extension,20260912,0.5148835278265028,0.5148835278265028,1,1
monthly_state_validated,3630,2026-01-09,2026-01-19,-0.0103697336282536,2026,2025-12-31,learned_order_offset,20260910,0.5108025931769093,0.5108025931769093,1,0
monthly_state_validated,3635,2026-01-16,2026-01-26,-0.0010190267764643,2026,2025-12-31,learned_order_offset,20260910,0.5113982623384066,0.5113982623384066,1,0
monthly_state_validated,3640,2026-01-23,2026-02-02,-0.0087161586128796,2026,2025-12-31,learned_order_offset,20260910,0.2944555803643879,0.2944555803643879,0,0
monthly_state_validated,3645,2026-01-30,2026-02-09,0.0041482324550519,2026,2025-12-31,learned_order_offset,20260910,0.43663121014690576,0.43663121014690576,0,1
monthly_state_ungated,3630,2026-01-09,2026-01-19,-0.0103697336282536,2026,2025-12-31,learned_order_offset,20260910,0.5108025931769093,0.5108025931769093,1,0
monthly_state_ungated,3635,2026-01-16,2026-01-26,-0.0010190267764643,2026,2025-12-31,learned_order_offset,20260910,0.5113982623384066,0.5113982623384066,1,0
monthly_state_ungated,3640,2026-01-23,2026-02-02,-0.0087161586128796,2026,2025-12-31,learned_order_offset,20260910,0.2944555803643879,0.2944555803643879,0,0
monthly_state_ungated,3645,2026-01-30,2026-02-09,0.0041482324550519,2026,2025-12-31,learned_order_offset,20260910,0.43663121014690576,0.43663121014690576,0,1
monthly_state_validated,3630,2026-01-09,2026-01-19,-0.0103697336282536,2026,2025-12-31,learned_order_offset,20260911,0.545843670764125,0.545843670764125,1,0
monthly_state_validated,3635,2026-01-16,2026-01-26,-0.0010190267764643,2026,2025-12-31,learned_order_offset,20260911,0.5315791456859873,0.5315791456859873,1,0
monthly_state_validated,3640,2026-01-23,2026-02-02,-0.0087161586128796,2026,2025-12-31,learned_order_offset,20260911,0.5378362799693707,0.5378362799693707,1,0
monthly_state_validated,3645,2026-01-30,2026-02-09,0.0041482324550519,2026,2025-12-31,learned_order_offset,20260911,0.43267035311859725,0.43267035311859725,0,1
monthly_state_ungated,3630,2026-01-09,2026-01-19,-0.0103697336282536,2026,2025-12-31,learned_order_offset,20260911,0.545843670764125,0.545843670764125,1,0
monthly_state_ungated,3635,2026-01-16,2026-01-26,-0.0010190267764643,2026,2025-12-31,learned_order_offset,20260911,0.5315791456859873,0.5315791456859873,1,0
monthly_state_ungated,3640,2026-01-23,2026-02-02,-0.0087161586128796,2026,2025-12-31,learned_order_offset,20260911,0.5378362799693707,0.5378362799693707,1,0
monthly_state_ungated,3645,2026-01-30,2026-02-09,0.0041482324550519,2026,2025-12-31,learned_order_offset,20260911,0.43267035311859725,0.43267035311859725,0,1
monthly_state_validated,3630,2026-01-09,2026-01-19,-0.0103697336282536,2026,2025-12-31,learned_order_offset,20260912,0.5234772415055928,0.5234772415055928,1,0
monthly_state_validated,3635,2026-01-16,2026-01-26,-0.0010190267764643,2026,2025-12-31,learned_order_offset,20260912,0.5844150879103954,0.5844150879103954,1,0
monthly_state_validated,3640,2026-01-23,2026-02-02,-0.0087161586128796,2026,2025-12-31,learned_order_offset,20260912,0.46996206356235715,0.46996206356235715,0,0
monthly_state_validated,3645,2026-01-30,2026-02-09,0.0041482324550519,2026,2025-12-31,learned_order_offset,20260912,0.514701020079869,0.514701020079869,1,1
monthly_state_ungated,3630,2026-01-09,2026-01-19,-0.0103697336282536,2026,2025-12-31,learned_order_offset,20260912,0.5234772415055928,0.5234772415055928,1,0
monthly_state_ungated,3635,2026-01-16,2026-01-26,-0.0010190267764643,2026,2025-12-31,learned_order_offset,20260912,0.5844150879103954,0.5844150879103954,1,0
monthly_state_ungated,3640,2026-01-23,2026-02-02,-0.0087161586128796,2026,2025-12-31,learned_order_offset,20260912,0.46996206356235715,0.46996206356235715,0,0
monthly_state_ungated,3645,2026-01-30,2026-02-09,0.0041482324550519,2026,2025-12-31,learned_order_offset,20260912,0.514701020079869,0.514701020079869,1,1
monthly_state_validated,3650,2026-02-06,2026-02-24,0.0071649689901505,2026,2026-01-31,learned_market,20260910,0.5571228245636697,0.5571228245636697,1,1
monthly_state_validated,3655,2026-02-13,2026-03-02,-0.0097920588919678,2026,2026-01-31,learned_market,20260910,0.4304939364707622,0.4304939364707622,0,0
monthly_state_validated,3659,2026-02-27,2026-03-09,-0.0172526869201304,2026,2026-01-31,learned_market,20260910,0.5160143853208942,0.5160143853208942,1,0
monthly_state_ungated,3650,2026-02-06,2026-02-24,0.0071649689901505,2026,2026-01-31,learned_market,20260910,0.5571228245636697,0.5571228245636697,1,1
monthly_state_ungated,3655,2026-02-13,2026-03-02,-0.0097920588919678,2026,2026-01-31,learned_market,20260910,0.4304939364707622,0.4304939364707622,0,0
monthly_state_ungated,3659,2026-02-27,2026-03-09,-0.0172526869201304,2026,2026-01-31,learned_market,20260910,0.5160143853208942,0.5160143853208942,1,0
monthly_state_validated,3650,2026-02-06,2026-02-24,0.0071649689901505,2026,2026-01-31,learned_market,20260911,0.5329149888621901,0.5329149888621901,1,1
monthly_state_validated,3655,2026-02-13,2026-03-02,-0.0097920588919678,2026,2026-01-31,learned_market,20260911,0.5096151640594386,0.5096151640594386,1,0
monthly_state_validated,3659,2026-02-27,2026-03-09,-0.0172526869201304,2026,2026-01-31,learned_market,20260911,0.5369210179709557,0.5369210179709557,1,0
monthly_state_ungated,3650,2026-02-06,2026-02-24,0.0071649689901505,2026,2026-01-31,learned_market,20260911,0.5329149888621901,0.5329149888621901,1,1
monthly_state_ungated,3655,2026-02-13,2026-03-02,-0.0097920588919678,2026,2026-01-31,learned_market,20260911,0.5096151640594386,0.5096151640594386,1,0
monthly_state_ungated,3659,2026-02-27,2026-03-09,-0.0172526869201304,2026,2026-01-31,learned_market,20260911,0.5369210179709557,0.5369210179709557,1,0
monthly_state_validated,3650,2026-02-06,2026-02-24,0.0071649689901505,2026,2026-01-31,learned_market,20260912,0.43906676808287387,0.43906676808287387,0,1
monthly_state_validated,3655,2026-02-13,2026-03-02,-0.0097920588919678,2026,2026-01-31,learned_market,20260912,0.431368044613122,0.431368044613122,0,0
monthly_state_validated,3659,2026-02-27,2026-03-09,-0.0172526869201304,2026,2026-01-31,learned_market,20260912,0.48137527566018024,0.48137527566018024,0,0
monthly_state_ungated,3650,2026-02-06,2026-02-24,0.0071649689901505,2026,2026-01-31,learned_market,20260912,0.43906676808287387,0.43906676808287387,0,1
monthly_state_ungated,3655,2026-02-13,2026-03-02,-0.0097920588919678,2026,2026-01-31,learned_market,20260912,0.431368044613122,0.431368044613122,0,0
monthly_state_ungated,3659,2026-02-27,2026-03-09,-0.0172526869201304,2026,2026-01-31,learned_market,20260912,0.48137527566018024,0.48137527566018024,0,0
monthly_state_validated,3650,2026-02-06,2026-02-24,0.0071649689901505,2026,2026-01-31,learned_vol_interaction,20260910,0.5560675092745206,0.5560675092745206,1,1
monthly_state_validated,3655,2026-02-13,2026-03-02,-0.0097920588919678,2026,2026-01-31,learned_vol_interaction,20260910,0.4244643603856174,0.4244643603856174,0,0
monthly_state_validated,3659,2026-02-27,2026-03-09,-0.0172526869201304,2026,2026-01-31,learned_vol_interaction,20260910,0.5169468531475478,0.5169468531475478,1,0
monthly_state_ungated,3650,2026-02-06,2026-02-24,0.0071649689901505,2026,2026-01-31,learned_vol_interaction,20260910,0.5560675092745206,0.5560675092745206,1,1
monthly_state_ungated,3655,2026-02-13,2026-03-02,-0.0097920588919678,2026,2026-01-31,learned_vol_interaction,20260910,0.4244643603856174,0.4244643603856174,0,0
monthly_state_ungated,3659,2026-02-27,2026-03-09,-0.0172526869201304,2026,2026-01-31,learned_vol_interaction,20260910,0.5169468531475478,0.5169468531475478,1,0
monthly_state_validated,3650,2026-02-06,2026-02-24,0.0071649689901505,2026,2026-01-31,learned_vol_interaction,20260911,0.535655258471591,0.535655258471591,1,1
monthly_state_validated,3655,2026-02-13,2026-03-02,-0.0097920588919678,2026,2026-01-31,learned_vol_interaction,20260911,0.5053590625088199,0.5053590625088199,1,0
monthly_state_validated,3659,2026-02-27,2026-03-09,-0.0172526869201304,2026,2026-01-31,learned_vol_interaction,20260911,0.5322976681186429,0.5322976681186429,1,0
monthly_state_ungated,3650,2026-02-06,2026-02-24,0.0071649689901505,2026,2026-01-31,learned_vol_interaction,20260911,0.535655258471591,0.535655258471591,1,1
monthly_state_ungated,3655,2026-02-13,2026-03-02,-0.0097920588919678,2026,2026-01-31,learned_vol_interaction,20260911,0.5053590625088199,0.5053590625088199,1,0
monthly_state_ungated,3659,2026-02-27,2026-03-09,-0.0172526869201304,2026,2026-01-31,learned_vol_interaction,20260911,0.5322976681186429,0.5322976681186429,1,0
monthly_state_validated,3650,2026-02-06,2026-02-24,0.0071649689901505,2026,2026-01-31,learned_vol_interaction,20260912,0.42116451389141074,0.42116451389141074,0,1
monthly_state_validated,3655,2026-02-13,2026-03-02,-0.0097920588919678,2026,2026-01-31,learned_vol_interaction,20260912,0.4216952789502379,0.4216952789502379,0,0
monthly_state_validated,3659,2026-02-27,2026-03-09,-0.0172526869201304,2026,2026-01-31,learned_vol_interaction,20260912,0.46280074037648433,0.46280074037648433,0,0
monthly_state_ungated,3650,2026-02-06,2026-02-24,0.0071649689901505,2026,2026-01-31,learned_vol_interaction,20260912,0.42116451389141074,0.42116451389141074,0,1
monthly_state_ungated,3655,2026-02-13,2026-03-02,-0.0097920588919678,2026,2026-01-31,learned_vol_interaction,20260912,0.4216952789502379,0.4216952789502379,0,0
monthly_state_ungated,3659,2026-02-27,2026-03-09,-0.0172526869201304,2026,2026-01-31,learned_vol_interaction,20260912,0.46280074037648433,0.46280074037648433,0,0
monthly_state_validated,3650,2026-02-06,2026-02-24,0.0071649689901505,2026,2026-01-31,learned_order_extension,20260910,0.5517322930511716,0.5517322930511716,1,1
monthly_state_validated,3655,2026-02-13,2026-03-02,-0.0097920588919678,2026,2026-01-31,learned_order_extension,20260910,0.4214021419664105,0.4214021419664105,0,0
monthly_state_validated,3659,2026-02-27,2026-03-09,-0.0172526869201304,2026,2026-01-31,learned_order_extension,20260910,0.5148692090014166,0.5148692090014166,1,0
monthly_state_ungated,3650,2026-02-06,2026-02-24,0.0071649689901505,2026,2026-01-31,learned_order_extension,20260910,0.5517322930511716,0.5517322930511716,1,1
monthly_state_ungated,3655,2026-02-13,2026-03-02,-0.0097920588919678,2026,2026-01-31,learned_order_extension,20260910,0.4214021419664105,0.4214021419664105,0,0
monthly_state_ungated,3659,2026-02-27,2026-03-09,-0.0172526869201304,2026,2026-01-31,learned_order_extension,20260910,0.5148692090014166,0.5148692090014166,1,0
monthly_state_validated,3650,2026-02-06,2026-02-24,0.0071649689901505,2026,2026-01-31,learned_order_extension,20260911,0.5358238036456818,0.5358238036456818,1,1
monthly_state_validated,3655,2026-02-13,2026-03-02,-0.0097920588919678,2026,2026-01-31,learned_order_extension,20260911,0.5188075700840837,0.5188075700840837,1,0
monthly_state_validated,3659,2026-02-27,2026-03-09,-0.0172526869201304,2026,2026-01-31,learned_order_extension,20260911,0.5395237482049954,0.5395237482049954,1,0
monthly_state_ungated,3650,2026-02-06,2026-02-24,0.0071649689901505,2026,2026-01-31,learned_order_extension,20260911,0.5358238036456818,0.5358238036456818,1,1
monthly_state_ungated,3655,2026-02-13,2026-03-02,-0.0097920588919678,2026,2026-01-31,learned_order_extension,20260911,0.5188075700840837,0.5188075700840837,1,0
monthly_state_ungated,3659,2026-02-27,2026-03-09,-0.0172526869201304,2026,2026-01-31,learned_order_extension,20260911,0.5395237482049954,0.5395237482049954,1,0
monthly_state_validated,3650,2026-02-06,2026-02-24,0.0071649689901505,2026,2026-01-31,learned_order_extension,20260912,0.4220765070574473,0.4220765070574473,0,1
monthly_state_validated,3655,2026-02-13,2026-03-02,-0.0097920588919678,2026,2026-01-31,learned_order_extension,20260912,0.41397752179190594,0.41397752179190594,0,0
monthly_state_validated,3659,2026-02-27,2026-03-09,-0.0172526869201304,2026,2026-01-31,learned_order_extension,20260912,0.45946498078572456,0.45946498078572456,0,0
monthly_state_ungated,3650,2026-02-06,2026-02-24,0.0071649689901505,2026,2026-01-31,learned_order_extension,20260912,0.4220765070574473,0.4220765070574473,0,1
monthly_state_ungated,3655,2026-02-13,2026-03-02,-0.0097920588919678,2026,2026-01-31,learned_order_extension,20260912,0.41397752179190594,0.41397752179190594,0,0
monthly_state_ungated,3659,2026-02-27,2026-03-09,-0.0172526869201304,2026,2026-01-31,learned_order_extension,20260912,0.45946498078572456,0.45946498078572456,0,0
monthly_state_validated,3650,2026-02-06,2026-02-24,0.0071649689901505,2026,2026-01-31,learned_order_offset,20260910,0.5521384139661094,0.5521384139661094,1,1
monthly_state_validated,3655,2026-02-13,2026-03-02,-0.0097920588919678,2026,2026-01-31,learned_order_offset,20260910,0.42280069136931375,0.42280069136931375,0,0
monthly_state_validated,3659,2026-02-27,2026-03-09,-0.0172526869201304,2026,2026-01-31,learned_order_offset,20260910,0.5153156845902671,0.5153156845902671,1,0
monthly_state_ungated,3650,2026-02-06,2026-02-24,0.0071649689901505,2026,2026-01-31,learned_order_offset,20260910,0.5521384139661094,0.5521384139661094,1,1
monthly_state_ungated,3655,2026-02-13,2026-03-02,-0.0097920588919678,2026,2026-01-31,learned_order_offset,20260910,0.42280069136931375,0.42280069136931375,0,0
monthly_state_ungated,3659,2026-02-27,2026-03-09,-0.0172526869201304,2026,2026-01-31,learned_order_offset,20260910,0.5153156845902671,0.5153156845902671,1,0
monthly_state_validated,3650,2026-02-06,2026-02-24,0.0071649689901505,2026,2026-01-31,learned_order_offset,20260911,0.5355468761174008,0.5355468761174008,1,1
monthly_state_validated,3655,2026-02-13,2026-03-02,-0.0097920588919678,2026,2026-01-31,learned_order_offset,20260911,0.5185004295200895,0.5185004295200895,1,0
monthly_state_validated,3659,2026-02-27,2026-03-09,-0.0172526869201304,2026,2026-01-31,learned_order_offset,20260911,0.5394279755034715,0.5394279755034715,1,0
monthly_state_ungated,3650,2026-02-06,2026-02-24,0.0071649689901505,2026,2026-01-31,learned_order_offset,20260911,0.5355468761174008,0.5355468761174008,1,1
monthly_state_ungated,3655,2026-02-13,2026-03-02,-0.0097920588919678,2026,2026-01-31,learned_order_offset,20260911,0.5185004295200895,0.5185004295200895,1,0
monthly_state_ungated,3659,2026-02-27,2026-03-09,-0.0172526869201304,2026,2026-01-31,learned_order_offset,20260911,0.5394279755034715,0.5394279755034715,1,0
monthly_state_validated,3650,2026-02-06,2026-02-24,0.0071649689901505,2026,2026-01-31,learned_order_offset,20260912,0.42213589824970216,0.42213589824970216,0,1
monthly_state_validated,3655,2026-02-13,2026-03-02,-0.0097920588919678,2026,2026-01-31,learned_order_offset,20260912,0.4139092534456115,0.4139092534456115,0,0
monthly_state_validated,3659,2026-02-27,2026-03-09,-0.0172526869201304,2026,2026-01-31,learned_order_offset,20260912,0.4590491088219428,0.4590491088219428,0,0
monthly_state_ungated,3650,2026-02-06,2026-02-24,0.0071649689901505,2026,2026-01-31,learned_order_offset,20260912,0.42213589824970216,0.42213589824970216,0,1
monthly_state_ungated,3655,2026-02-13,2026-03-02,-0.0097920588919678,2026,2026-01-31,learned_order_offset,20260912,0.4139092534456115,0.4139092534456115,0,0
monthly_state_ungated,3659,2026-02-27,2026-03-09,-0.0172526869201304,2026,2026-01-31,learned_order_offset,20260912,0.4590491088219428,0.4590491088219428,0,0
monthly_state_validated,3664,2026-03-06,2026-03-16,0.0149926634422041,2026,2026-02-28,learned_market,20260910,0.4236869357819852,0.4236869357819852,0,1
monthly_state_validated,3669,2026-03-13,2026-03-23,-0.0364343509194254,2026,2026-02-28,learned_market,20260910,0.40086366037455606,0.40086366037455606,0,0
monthly_state_validated,3674,2026-03-20,2026-03-30,-0.0083038829988221,2026,2026-02-28,learned_market,20260910,0.43855196230093557,0.43855196230093557,0,0
monthly_state_validated,3679,2026-03-27,2026-04-07,-0.0035591495694504,2026,2026-02-28,learned_market,20260910,0.5651756750942187,0.5651756750942187,1,0
monthly_state_ungated,3664,2026-03-06,2026-03-16,0.0149926634422041,2026,2026-02-28,learned_market,20260910,0.4236869357819852,0.4236869357819852,0,1
monthly_state_ungated,3669,2026-03-13,2026-03-23,-0.0364343509194254,2026,2026-02-28,learned_market,20260910,0.40086366037455606,0.40086366037455606,0,0
monthly_state_ungated,3674,2026-03-20,2026-03-30,-0.0083038829988221,2026,2026-02-28,learned_market,20260910,0.43855196230093557,0.43855196230093557,0,0
monthly_state_ungated,3679,2026-03-27,2026-04-07,-0.0035591495694504,2026,2026-02-28,learned_market,20260910,0.5651756750942187,0.5651756750942187,1,0
monthly_state_validated,3664,2026-03-06,2026-03-16,0.0149926634422041,2026,2026-02-28,learned_market,20260911,0.6237121770434778,0.6237121770434778,1,1
monthly_state_validated,3669,2026-03-13,2026-03-23,-0.0364343509194254,2026,2026-02-28,learned_market,20260911,0.45542191984179375,0.45542191984179375,0,0
monthly_state_validated,3674,2026-03-20,2026-03-30,-0.0083038829988221,2026,2026-02-28,learned_market,20260911,0.46187353471109566,0.46187353471109566,0,0
monthly_state_validated,3679,2026-03-27,2026-04-07,-0.0035591495694504,2026,2026-02-28,learned_market,20260911,0.4403313235638202,0.4403313235638202,0,0
monthly_state_ungated,3664,2026-03-06,2026-03-16,0.0149926634422041,2026,2026-02-28,learned_market,20260911,0.6237121770434778,0.6237121770434778,1,1
monthly_state_ungated,3669,2026-03-13,2026-03-23,-0.0364343509194254,2026,2026-02-28,learned_market,20260911,0.45542191984179375,0.45542191984179375,0,0
monthly_state_ungated,3674,2026-03-20,2026-03-30,-0.0083038829988221,2026,2026-02-28,learned_market,20260911,0.46187353471109566,0.46187353471109566,0,0
monthly_state_ungated,3679,2026-03-27,2026-04-07,-0.0035591495694504,2026,2026-02-28,learned_market,20260911,0.4403313235638202,0.4403313235638202,0,0
monthly_state_validated,3664,2026-03-06,2026-03-16,0.0149926634422041,2026,2026-02-28,learned_market,20260912,0.46731902499821354,0.46731902499821354,0,1
monthly_state_validated,3669,2026-03-13,2026-03-23,-0.0364343509194254,2026,2026-02-28,learned_market,20260912,0.5227160800792146,0.5227160800792146,1,0
monthly_state_validated,3674,2026-03-20,2026-03-30,-0.0083038829988221,2026,2026-02-28,learned_market,20260912,0.4464645109091068,0.4464645109091068,0,0
monthly_state_validated,3679,2026-03-27,2026-04-07,-0.0035591495694504,2026,2026-02-28,learned_market,20260912,0.39113208857052434,0.39113208857052434,0,0
monthly_state_ungated,3664,2026-03-06,2026-03-16,0.0149926634422041,2026,2026-02-28,learned_market,20260912,0.46731902499821354,0.46731902499821354,0,1
monthly_state_ungated,3669,2026-03-13,2026-03-23,-0.0364343509194254,2026,2026-02-28,learned_market,20260912,0.5227160800792146,0.5227160800792146,1,0
monthly_state_ungated,3674,2026-03-20,2026-03-30,-0.0083038829988221,2026,2026-02-28,learned_market,20260912,0.4464645109091068,0.4464645109091068,0,0
monthly_state_ungated,3679,2026-03-27,2026-04-07,-0.0035591495694504,2026,2026-02-28,learned_market,20260912,0.39113208857052434,0.39113208857052434,0,0
monthly_state_validated,3664,2026-03-06,2026-03-16,0.0149926634422041,2026,2026-02-28,learned_vol_interaction,20260910,0.42392001130005047,0.42392001130005047,0,1
monthly_state_validated,3669,2026-03-13,2026-03-23,-0.0364343509194254,2026,2026-02-28,learned_vol_interaction,20260910,0.3996582436829412,0.3996582436829412,0,0
monthly_state_validated,3674,2026-03-20,2026-03-30,-0.0083038829988221,2026,2026-02-28,learned_vol_interaction,20260910,0.4401239045442557,0.4401239045442557,0,0
monthly_state_validated,3679,2026-03-27,2026-04-07,-0.0035591495694504,2026,2026-02-28,learned_vol_interaction,20260910,0.5634266232389387,0.5634266232389387,1,0
monthly_state_ungated,3664,2026-03-06,2026-03-16,0.0149926634422041,2026,2026-02-28,learned_vol_interaction,20260910,0.42392001130005047,0.42392001130005047,0,1
monthly_state_ungated,3669,2026-03-13,2026-03-23,-0.0364343509194254,2026,2026-02-28,learned_vol_interaction,20260910,0.3996582436829412,0.3996582436829412,0,0
monthly_state_ungated,3674,2026-03-20,2026-03-30,-0.0083038829988221,2026,2026-02-28,learned_vol_interaction,20260910,0.4401239045442557,0.4401239045442557,0,0
monthly_state_ungated,3679,2026-03-27,2026-04-07,-0.0035591495694504,2026,2026-02-28,learned_vol_interaction,20260910,0.5634266232389387,0.5634266232389387,1,0
monthly_state_validated,3664,2026-03-06,2026-03-16,0.0149926634422041,2026,2026-02-28,learned_vol_interaction,20260911,0.6174856955773433,0.6174856955773433,1,1
monthly_state_validated,3669,2026-03-13,2026-03-23,-0.0364343509194254,2026,2026-02-28,learned_vol_interaction,20260911,0.44896092371547813,0.44896092371547813,0,0
monthly_state_validated,3674,2026-03-20,2026-03-30,-0.0083038829988221,2026,2026-02-28,learned_vol_interaction,20260911,0.45425867209133697,0.45425867209133697,0,0
monthly_state_validated,3679,2026-03-27,2026-04-07,-0.0035591495694504,2026,2026-02-28,learned_vol_interaction,20260911,0.43340188452247674,0.43340188452247674,0,0
monthly_state_ungated,3664,2026-03-06,2026-03-16,0.0149926634422041,2026,2026-02-28,learned_vol_interaction,20260911,0.6174856955773433,0.6174856955773433,1,1
monthly_state_ungated,3669,2026-03-13,2026-03-23,-0.0364343509194254,2026,2026-02-28,learned_vol_interaction,20260911,0.44896092371547813,0.44896092371547813,0,0
monthly_state_ungated,3674,2026-03-20,2026-03-30,-0.0083038829988221,2026,2026-02-28,learned_vol_interaction,20260911,0.45425867209133697,0.45425867209133697,0,0
monthly_state_ungated,3679,2026-03-27,2026-04-07,-0.0035591495694504,2026,2026-02-28,learned_vol_interaction,20260911,0.43340188452247674,0.43340188452247674,0,0
monthly_state_validated,3664,2026-03-06,2026-03-16,0.0149926634422041,2026,2026-02-28,learned_vol_interaction,20260912,0.4454734654507731,0.4454734654507731,0,1
monthly_state_validated,3669,2026-03-13,2026-03-23,-0.0364343509194254,2026,2026-02-28,learned_vol_interaction,20260912,0.5162800418391823,0.5162800418391823,1,0
monthly_state_validated,3674,2026-03-20,2026-03-30,-0.0083038829988221,2026,2026-02-28,learned_vol_interaction,20260912,0.44815597826032155,0.44815597826032155,0,0
monthly_state_validated,3679,2026-03-27,2026-04-07,-0.0035591495694504,2026,2026-02-28,learned_vol_interaction,20260912,0.41145491799092687,0.41145491799092687,0,0
monthly_state_ungated,3664,2026-03-06,2026-03-16,0.0149926634422041,2026,2026-02-28,learned_vol_interaction,20260912,0.4454734654507731,0.4454734654507731,0,1
monthly_state_ungated,3669,2026-03-13,2026-03-23,-0.0364343509194254,2026,2026-02-28,learned_vol_interaction,20260912,0.5162800418391823,0.5162800418391823,1,0
monthly_state_ungated,3674,2026-03-20,2026-03-30,-0.0083038829988221,2026,2026-02-28,learned_vol_interaction,20260912,0.44815597826032155,0.44815597826032155,0,0
monthly_state_ungated,3679,2026-03-27,2026-04-07,-0.0035591495694504,2026,2026-02-28,learned_vol_interaction,20260912,0.41145491799092687,0.41145491799092687,0,0
monthly_state_validated,3664,2026-03-06,2026-03-16,0.0149926634422041,2026,2026-02-28,learned_order_extension,20260910,0.43198850893548346,0.43198850893548346,0,1
monthly_state_validated,3669,2026-03-13,2026-03-23,-0.0364343509194254,2026,2026-02-28,learned_order_extension,20260910,0.42629911883001154,0.42629911883001154,0,0
monthly_state_validated,3674,2026-03-20,2026-03-30,-0.0083038829988221,2026,2026-02-28,learned_order_extension,20260910,0.4749564207401761,0.4749564207401761,0,0
monthly_state_validated,3679,2026-03-27,2026-04-07,-0.0035591495694504,2026,2026-02-28,learned_order_extension,20260910,0.5307522668879032,0.5307522668879032,1,0
monthly_state_ungated,3664,2026-03-06,2026-03-16,0.0149926634422041,2026,2026-02-28,learned_order_extension,20260910,0.43198850893548346,0.43198850893548346,0,1
monthly_state_ungated,3669,2026-03-13,2026-03-23,-0.0364343509194254,2026,2026-02-28,learned_order_extension,20260910,0.42629911883001154,0.42629911883001154,0,0
monthly_state_ungated,3674,2026-03-20,2026-03-30,-0.0083038829988221,2026,2026-02-28,learned_order_extension,20260910,0.4749564207401761,0.4749564207401761,0,0
monthly_state_ungated,3679,2026-03-27,2026-04-07,-0.0035591495694504,2026,2026-02-28,learned_order_extension,20260910,0.5307522668879032,0.5307522668879032,1,0
monthly_state_validated,3664,2026-03-06,2026-03-16,0.0149926634422041,2026,2026-02-28,learned_order_extension,20260911,0.6721134681647395,0.6721134681647395,1,1
monthly_state_validated,3669,2026-03-13,2026-03-23,-0.0364343509194254,2026,2026-02-28,learned_order_extension,20260911,0.44254310728173424,0.44254310728173424,0,0
monthly_state_validated,3674,2026-03-20,2026-03-30,-0.0083038829988221,2026,2026-02-28,learned_order_extension,20260911,0.4378410999680901,0.4378410999680901,0,0
monthly_state_validated,3679,2026-03-27,2026-04-07,-0.0035591495694504,2026,2026-02-28,learned_order_extension,20260911,0.4159760364157841,0.4159760364157841,0,0
monthly_state_ungated,3664,2026-03-06,2026-03-16,0.0149926634422041,2026,2026-02-28,learned_order_extension,20260911,0.6721134681647395,0.6721134681647395,1,1
monthly_state_ungated,3669,2026-03-13,2026-03-23,-0.0364343509194254,2026,2026-02-28,learned_order_extension,20260911,0.44254310728173424,0.44254310728173424,0,0
monthly_state_ungated,3674,2026-03-20,2026-03-30,-0.0083038829988221,2026,2026-02-28,learned_order_extension,20260911,0.4378410999680901,0.4378410999680901,0,0
monthly_state_ungated,3679,2026-03-27,2026-04-07,-0.0035591495694504,2026,2026-02-28,learned_order_extension,20260911,0.4159760364157841,0.4159760364157841,0,0
monthly_state_validated,3664,2026-03-06,2026-03-16,0.0149926634422041,2026,2026-02-28,learned_order_extension,20260912,0.44635455978232025,0.44635455978232025,0,1
monthly_state_validated,3669,2026-03-13,2026-03-23,-0.0364343509194254,2026,2026-02-28,learned_order_extension,20260912,0.5383866937008707,0.5383866937008707,1,0
monthly_state_validated,3674,2026-03-20,2026-03-30,-0.0083038829988221,2026,2026-02-28,learned_order_extension,20260912,0.43243079892634145,0.43243079892634145,0,0
monthly_state_validated,3679,2026-03-27,2026-04-07,-0.0035591495694504,2026,2026-02-28,learned_order_extension,20260912,0.3847558274890985,0.3847558274890985,0,0
monthly_state_ungated,3664,2026-03-06,2026-03-16,0.0149926634422041,2026,2026-02-28,learned_order_extension,20260912,0.44635455978232025,0.44635455978232025,0,1
monthly_state_ungated,3669,2026-03-13,2026-03-23,-0.0364343509194254,2026,2026-02-28,learned_order_extension,20260912,0.5383866937008707,0.5383866937008707,1,0
monthly_state_ungated,3674,2026-03-20,2026-03-30,-0.0083038829988221,2026,2026-02-28,learned_order_extension,20260912,0.43243079892634145,0.43243079892634145,0,0
monthly_state_ungated,3679,2026-03-27,2026-04-07,-0.0035591495694504,2026,2026-02-28,learned_order_extension,20260912,0.3847558274890985,0.3847558274890985,0,0
monthly_state_validated,3664,2026-03-06,2026-03-16,0.0149926634422041,2026,2026-02-28,learned_order_offset,20260910,0.43177972341367155,0.43177972341367155,0,1
monthly_state_validated,3669,2026-03-13,2026-03-23,-0.0364343509194254,2026,2026-02-28,learned_order_offset,20260910,0.4256062271162684,0.4256062271162684,0,0
monthly_state_validated,3674,2026-03-20,2026-03-30,-0.0083038829988221,2026,2026-02-28,learned_order_offset,20260910,0.47357009046646403,0.47357009046646403,0,0
monthly_state_validated,3679,2026-03-27,2026-04-07,-0.0035591495694504,2026,2026-02-28,learned_order_offset,20260910,0.5299745221118999,0.5299745221118999,1,0
monthly_state_ungated,3664,2026-03-06,2026-03-16,0.0149926634422041,2026,2026-02-28,learned_order_offset,20260910,0.43177972341367155,0.43177972341367155,0,1
monthly_state_ungated,3669,2026-03-13,2026-03-23,-0.0364343509194254,2026,2026-02-28,learned_order_offset,20260910,0.4256062271162684,0.4256062271162684,0,0
monthly_state_ungated,3674,2026-03-20,2026-03-30,-0.0083038829988221,2026,2026-02-28,learned_order_offset,20260910,0.47357009046646403,0.47357009046646403,0,0
monthly_state_ungated,3679,2026-03-27,2026-04-07,-0.0035591495694504,2026,2026-02-28,learned_order_offset,20260910,0.5299745221118999,0.5299745221118999,1,0
monthly_state_validated,3664,2026-03-06,2026-03-16,0.0149926634422041,2026,2026-02-28,learned_order_offset,20260911,0.6720878025271129,0.6720878025271129,1,1
monthly_state_validated,3669,2026-03-13,2026-03-23,-0.0364343509194254,2026,2026-02-28,learned_order_offset,20260911,0.44301866763301645,0.44301866763301645,0,0
monthly_state_validated,3674,2026-03-20,2026-03-30,-0.0083038829988221,2026,2026-02-28,learned_order_offset,20260911,0.4379475907087764,0.4379475907087764,0,0
monthly_state_validated,3679,2026-03-27,2026-04-07,-0.0035591495694504,2026,2026-02-28,learned_order_offset,20260911,0.4162726411546184,0.4162726411546184,0,0
monthly_state_ungated,3664,2026-03-06,2026-03-16,0.0149926634422041,2026,2026-02-28,learned_order_offset,20260911,0.6720878025271129,0.6720878025271129,1,1
monthly_state_ungated,3669,2026-03-13,2026-03-23,-0.0364343509194254,2026,2026-02-28,learned_order_offset,20260911,0.44301866763301645,0.44301866763301645,0,0
monthly_state_ungated,3674,2026-03-20,2026-03-30,-0.0083038829988221,2026,2026-02-28,learned_order_offset,20260911,0.4379475907087764,0.4379475907087764,0,0
monthly_state_ungated,3679,2026-03-27,2026-04-07,-0.0035591495694504,2026,2026-02-28,learned_order_offset,20260911,0.4162726411546184,0.4162726411546184,0,0
monthly_state_validated,3664,2026-03-06,2026-03-16,0.0149926634422041,2026,2026-02-28,learned_order_offset,20260912,0.4464707132363767,0.4464707132363767,0,1
monthly_state_validated,3669,2026-03-13,2026-03-23,-0.0364343509194254,2026,2026-02-28,learned_order_offset,20260912,0.5384561051408137,0.5384561051408137,1,0
monthly_state_validated,3674,2026-03-20,2026-03-30,-0.0083038829988221,2026,2026-02-28,learned_order_offset,20260912,0.43269622737784763,0.43269622737784763,0,0
monthly_state_validated,3679,2026-03-27,2026-04-07,-0.0035591495694504,2026,2026-02-28,learned_order_offset,20260912,0.3852504154330894,0.3852504154330894,0,0
monthly_state_ungated,3664,2026-03-06,2026-03-16,0.0149926634422041,2026,2026-02-28,learned_order_offset,20260912,0.4464707132363767,0.4464707132363767,0,1
monthly_state_ungated,3669,2026-03-13,2026-03-23,-0.0364343509194254,2026,2026-02-28,learned_order_offset,20260912,0.5384561051408137,0.5384561051408137,1,0
monthly_state_ungated,3674,2026-03-20,2026-03-30,-0.0083038829988221,2026,2026-02-28,learned_order_offset,20260912,0.43269622737784763,0.43269622737784763,0,0
monthly_state_ungated,3679,2026-03-27,2026-04-07,-0.0035591495694504,2026,2026-02-28,learned_order_offset,20260912,0.3852504154330894,0.3852504154330894,0,0
monthly_state_validated,3684,2026-04-03,2026-04-13,0.0380736235508991,2026,2026-03-31,learned_market,20260910,0.5135356772227653,0.5135356772227653,1,1
monthly_state_validated,3688,2026-04-10,2026-04-20,0.0242766725964382,2026,2026-03-31,learned_market,20260910,0.4414243711182377,0.4414243711182377,0,1
monthly_state_validated,3693,2026-04-17,2026-04-27,0.010401572188011,2026,2026-03-31,learned_market,20260910,0.5274890760934624,0.5274890760934624,1,1
monthly_state_validated,3698,2026-04-24,2026-05-11,0.0263674696524953,2026,2026-03-31,learned_market,20260910,0.5599058490281199,0.5599058490281199,1,1
monthly_state_ungated,3684,2026-04-03,2026-04-13,0.0380736235508991,2026,2026-03-31,learned_market,20260910,0.5135356772227653,0.5135356772227653,1,1
monthly_state_ungated,3688,2026-04-10,2026-04-20,0.0242766725964382,2026,2026-03-31,learned_market,20260910,0.4414243711182377,0.4414243711182377,0,1
monthly_state_ungated,3693,2026-04-17,2026-04-27,0.010401572188011,2026,2026-03-31,learned_market,20260910,0.5274890760934624,0.5274890760934624,1,1
monthly_state_ungated,3698,2026-04-24,2026-05-11,0.0263674696524953,2026,2026-03-31,learned_market,20260910,0.5659649308579363,0.5659649308579363,1,1
monthly_state_validated,3684,2026-04-03,2026-04-13,0.0380736235508991,2026,2026-03-31,learned_market,20260911,0.4917583888579656,0.4917583888579656,0,1
monthly_state_validated,3688,2026-04-10,2026-04-20,0.0242766725964382,2026,2026-03-31,learned_market,20260911,0.42353463813148706,0.42353463813148706,0,1
monthly_state_validated,3693,2026-04-17,2026-04-27,0.010401572188011,2026,2026-03-31,learned_market,20260911,0.47814615742976047,0.47814615742976047,0,1
monthly_state_validated,3698,2026-04-24,2026-05-11,0.0263674696524953,2026,2026-03-31,learned_market,20260911,0.397009215522116,0.397009215522116,0,1
monthly_state_ungated,3684,2026-04-03,2026-04-13,0.0380736235508991,2026,2026-03-31,learned_market,20260911,0.4917583888579656,0.4917583888579656,0,1
monthly_state_ungated,3688,2026-04-10,2026-04-20,0.0242766725964382,2026,2026-03-31,learned_market,20260911,0.42353463813148706,0.42353463813148706,0,1
monthly_state_ungated,3693,2026-04-17,2026-04-27,0.010401572188011,2026,2026-03-31,learned_market,20260911,0.47814615742976047,0.47814615742976047,0,1
monthly_state_ungated,3698,2026-04-24,2026-05-11,0.0263674696524953,2026,2026-03-31,learned_market,20260911,0.40774112962288467,0.40774112962288467,0,1
monthly_state_validated,3684,2026-04-03,2026-04-13,0.0380736235508991,2026,2026-03-31,learned_market,20260912,0.42407385697810146,0.42407385697810146,0,1
monthly_state_validated,3688,2026-04-10,2026-04-20,0.0242766725964382,2026,2026-03-31,learned_market,20260912,0.4843345016251858,0.4843345016251858,0,1
monthly_state_validated,3693,2026-04-17,2026-04-27,0.010401572188011,2026,2026-03-31,learned_market,20260912,0.42352930830164365,0.42352930830164365,0,1
monthly_state_validated,3698,2026-04-24,2026-05-11,0.0263674696524953,2026,2026-03-31,learned_market,20260912,0.43134778732263795,0.43134778732263795,0,1
monthly_state_ungated,3684,2026-04-03,2026-04-13,0.0380736235508991,2026,2026-03-31,learned_market,20260912,0.42407385697810146,0.42407385697810146,0,1
monthly_state_ungated,3688,2026-04-10,2026-04-20,0.0242766725964382,2026,2026-03-31,learned_market,20260912,0.4843345016251858,0.4843345016251858,0,1
monthly_state_ungated,3693,2026-04-17,2026-04-27,0.010401572188011,2026,2026-03-31,learned_market,20260912,0.42352930830164365,0.42352930830164365,0,1
monthly_state_ungated,3698,2026-04-24,2026-05-11,0.0263674696524953,2026,2026-03-31,learned_market,20260912,0.4320053349911882,0.4320053349911882,0,1
monthly_state_validated,3684,2026-04-03,2026-04-13,0.0380736235508991,2026,2026-03-31,learned_vol_interaction,20260910,0.515659416956686,0.515659416956686,1,1
monthly_state_validated,3688,2026-04-10,2026-04-20,0.0242766725964382,2026,2026-03-31,learned_vol_interaction,20260910,0.4493722448458667,0.4493722448458667,0,1
monthly_state_validated,3693,2026-04-17,2026-04-27,0.010401572188011,2026,2026-03-31,learned_vol_interaction,20260910,0.5273621904757047,0.5273621904757047,1,1
monthly_state_validated,3698,2026-04-24,2026-05-11,0.0263674696524953,2026,2026-03-31,learned_vol_interaction,20260910,0.562569101111175,0.562569101111175,1,1
monthly_state_ungated,3684,2026-04-03,2026-04-13,0.0380736235508991,2026,2026-03-31,learned_vol_interaction,20260910,0.515659416956686,0.515659416956686,1,1
monthly_state_ungated,3688,2026-04-10,2026-04-20,0.0242766725964382,2026,2026-03-31,learned_vol_interaction,20260910,0.4493722448458667,0.4493722448458667,0,1
monthly_state_ungated,3693,2026-04-17,2026-04-27,0.010401572188011,2026,2026-03-31,learned_vol_interaction,20260910,0.5273621904757047,0.5273621904757047,1,1
monthly_state_ungated,3698,2026-04-24,2026-05-11,0.0263674696524953,2026,2026-03-31,learned_vol_interaction,20260910,0.5694734847342307,0.5694734847342307,1,1
monthly_state_validated,3684,2026-04-03,2026-04-13,0.0380736235508991,2026,2026-03-31,learned_vol_interaction,20260911,0.4940578595412546,0.4940578595412546,0,1
monthly_state_validated,3688,2026-04-10,2026-04-20,0.0242766725964382,2026,2026-03-31,learned_vol_interaction,20260911,0.4337471397432452,0.4337471397432452,0,1
monthly_state_validated,3693,2026-04-17,2026-04-27,0.010401572188011,2026,2026-03-31,learned_vol_interaction,20260911,0.4850032907922162,0.4850032907922162,0,1
monthly_state_validated,3698,2026-04-24,2026-05-11,0.0263674696524953,2026,2026-03-31,learned_vol_interaction,20260911,0.4058893273550579,0.4058893273550579,0,1
monthly_state_ungated,3684,2026-04-03,2026-04-13,0.0380736235508991,2026,2026-03-31,learned_vol_interaction,20260911,0.4940578595412546,0.4940578595412546,0,1
monthly_state_ungated,3688,2026-04-10,2026-04-20,0.0242766725964382,2026,2026-03-31,learned_vol_interaction,20260911,0.4337471397432452,0.4337471397432452,0,1
monthly_state_ungated,3693,2026-04-17,2026-04-27,0.010401572188011,2026,2026-03-31,learned_vol_interaction,20260911,0.4850032907922162,0.4850032907922162,0,1
monthly_state_ungated,3698,2026-04-24,2026-05-11,0.0263674696524953,2026,2026-03-31,learned_vol_interaction,20260911,0.41725653360546794,0.41725653360546794,0,1
monthly_state_validated,3684,2026-04-03,2026-04-13,0.0380736235508991,2026,2026-03-31,learned_vol_interaction,20260912,0.44194013633414186,0.44194013633414186,0,1
monthly_state_validated,3688,2026-04-10,2026-04-20,0.0242766725964382,2026,2026-03-31,learned_vol_interaction,20260912,0.474602811789107,0.474602811789107,0,1
monthly_state_validated,3693,2026-04-17,2026-04-27,0.010401572188011,2026,2026-03-31,learned_vol_interaction,20260912,0.4655670623093444,0.4655670623093444,0,1
monthly_state_validated,3698,2026-04-24,2026-05-11,0.0263674696524953,2026,2026-03-31,learned_vol_interaction,20260912,0.42735120615774097,0.42735120615774097,0,1
monthly_state_ungated,3684,2026-04-03,2026-04-13,0.0380736235508991,2026,2026-03-31,learned_vol_interaction,20260912,0.44194013633414186,0.44194013633414186,0,1
monthly_state_ungated,3688,2026-04-10,2026-04-20,0.0242766725964382,2026,2026-03-31,learned_vol_interaction,20260912,0.474602811789107,0.474602811789107,0,1
monthly_state_ungated,3693,2026-04-17,2026-04-27,0.010401572188011,2026,2026-03-31,learned_vol_interaction,20260912,0.4655670623093444,0.4655670623093444,0,1
monthly_state_ungated,3698,2026-04-24,2026-05-11,0.0263674696524953,2026,2026-03-31,learned_vol_interaction,20260912,0.42883521120555174,0.42883521120555174,0,1
monthly_state_validated,3684,2026-04-03,2026-04-13,0.0380736235508991,2026,2026-03-31,learned_order_extension,20260910,0.4794368120870296,0.4794368120870296,0,1
monthly_state_validated,3688,2026-04-10,2026-04-20,0.0242766725964382,2026,2026-03-31,learned_order_extension,20260910,0.46167487445755256,0.46167487445755256,0,1
monthly_state_validated,3693,2026-04-17,2026-04-27,0.010401572188011,2026,2026-03-31,learned_order_extension,20260910,0.48915840397780913,0.48915840397780913,0,1
monthly_state_validated,3698,2026-04-24,2026-05-11,0.0263674696524953,2026,2026-03-31,learned_order_extension,20260910,0.5334939283024217,0.5334939283024217,1,1
monthly_state_ungated,3684,2026-04-03,2026-04-13,0.0380736235508991,2026,2026-03-31,learned_order_extension,20260910,0.4794368120870296,0.4794368120870296,0,1
monthly_state_ungated,3688,2026-04-10,2026-04-20,0.0242766725964382,2026,2026-03-31,learned_order_extension,20260910,0.46167487445755256,0.46167487445755256,0,1
monthly_state_ungated,3693,2026-04-17,2026-04-27,0.010401572188011,2026,2026-03-31,learned_order_extension,20260910,0.48915840397780913,0.48915840397780913,0,1
monthly_state_ungated,3698,2026-04-24,2026-05-11,0.0263674696524953,2026,2026-03-31,learned_order_extension,20260910,0.5427467905055061,0.5427467905055061,1,1
monthly_state_validated,3684,2026-04-03,2026-04-13,0.0380736235508991,2026,2026-03-31,learned_order_extension,20260911,0.5225865555186127,0.5225865555186127,1,1
monthly_state_validated,3688,2026-04-10,2026-04-20,0.0242766725964382,2026,2026-03-31,learned_order_extension,20260911,0.3902218447958239,0.3902218447958239,0,1
monthly_state_validated,3693,2026-04-17,2026-04-27,0.010401572188011,2026,2026-03-31,learned_order_extension,20260911,0.47502129653057895,0.47502129653057895,0,1
monthly_state_validated,3698,2026-04-24,2026-05-11,0.0263674696524953,2026,2026-03-31,learned_order_extension,20260911,0.3615628091350967,0.3615628091350967,0,1
monthly_state_ungated,3684,2026-04-03,2026-04-13,0.0380736235508991,2026,2026-03-31,learned_order_extension,20260911,0.5225865555186127,0.5225865555186127,1,1
monthly_state_ungated,3688,2026-04-10,2026-04-20,0.0242766725964382,2026,2026-03-31,learned_order_extension,20260911,0.3902218447958239,0.3902218447958239,0,1
monthly_state_ungated,3693,2026-04-17,2026-04-27,0.010401572188011,2026,2026-03-31,learned_order_extension,20260911,0.47502129653057895,0.47502129653057895,0,1
monthly_state_ungated,3698,2026-04-24,2026-05-11,0.0263674696524953,2026,2026-03-31,learned_order_extension,20260911,0.37351470870322984,0.37351470870322984,0,1
monthly_state_validated,3684,2026-04-03,2026-04-13,0.0380736235508991,2026,2026-03-31,learned_order_extension,20260912,0.4144033852774401,0.4144033852774401,0,1
monthly_state_validated,3688,2026-04-10,2026-04-20,0.0242766725964382,2026,2026-03-31,learned_order_extension,20260912,0.47938167585700264,0.47938167585700264,0,1
monthly_state_validated,3693,2026-04-17,2026-04-27,0.010401572188011,2026,2026-03-31,learned_order_extension,20260912,0.4174512738947204,0.4174512738947204,0,1
monthly_state_validated,3698,2026-04-24,2026-05-11,0.0263674696524953,2026,2026-03-31,learned_order_extension,20260912,0.40789835430240917,0.40789835430240917,0,1
monthly_state_ungated,3684,2026-04-03,2026-04-13,0.0380736235508991,2026,2026-03-31,learned_order_extension,20260912,0.4144033852774401,0.4144033852774401,0,1
monthly_state_ungated,3688,2026-04-10,2026-04-20,0.0242766725964382,2026,2026-03-31,learned_order_extension,20260912,0.47938167585700264,0.47938167585700264,0,1
monthly_state_ungated,3693,2026-04-17,2026-04-27,0.010401572188011,2026,2026-03-31,learned_order_extension,20260912,0.4174512738947204,0.4174512738947204,0,1
monthly_state_ungated,3698,2026-04-24,2026-05-11,0.0263674696524953,2026,2026-03-31,learned_order_extension,20260912,0.41044999116207714,0.41044999116207714,0,1
monthly_state_validated,3684,2026-04-03,2026-04-13,0.0380736235508991,2026,2026-03-31,learned_order_offset,20260910,0.4782165227179181,0.4782165227179181,0,1
monthly_state_validated,3688,2026-04-10,2026-04-20,0.0242766725964382,2026,2026-03-31,learned_order_offset,20260910,0.4615862587370742,0.4615862587370742,0,1
monthly_state_validated,3693,2026-04-17,2026-04-27,0.010401572188011,2026,2026-03-31,learned_order_offset,20260910,0.48781762002384393,0.48781762002384393,0,1
monthly_state_validated,3698,2026-04-24,2026-05-11,0.0263674696524953,2026,2026-03-31,learned_order_offset,20260910,0.5331761180129994,0.5331761180129994,1,1
monthly_state_ungated,3684,2026-04-03,2026-04-13,0.0380736235508991,2026,2026-03-31,learned_order_offset,20260910,0.4782165227179181,0.4782165227179181,0,1
monthly_state_ungated,3688,2026-04-10,2026-04-20,0.0242766725964382,2026,2026-03-31,learned_order_offset,20260910,0.4615862587370742,0.4615862587370742,0,1
monthly_state_ungated,3693,2026-04-17,2026-04-27,0.010401572188011,2026,2026-03-31,learned_order_offset,20260910,0.48781762002384393,0.48781762002384393,0,1
monthly_state_ungated,3698,2026-04-24,2026-05-11,0.0263674696524953,2026,2026-03-31,learned_order_offset,20260910,0.5423714918488053,0.5423714918488053,1,1
monthly_state_validated,3684,2026-04-03,2026-04-13,0.0380736235508991,2026,2026-03-31,learned_order_offset,20260911,0.5224823337812894,0.5224823337812894,1,1
monthly_state_validated,3688,2026-04-10,2026-04-20,0.0242766725964382,2026,2026-03-31,learned_order_offset,20260911,0.3902357573397548,0.3902357573397548,0,1
monthly_state_validated,3693,2026-04-17,2026-04-27,0.010401572188011,2026,2026-03-31,learned_order_offset,20260911,0.47553685695761877,0.47553685695761877,0,1
monthly_state_validated,3698,2026-04-24,2026-05-11,0.0263674696524953,2026,2026-03-31,learned_order_offset,20260911,0.3620463682387632,0.3620463682387632,0,1
monthly_state_ungated,3684,2026-04-03,2026-04-13,0.0380736235508991,2026,2026-03-31,learned_order_offset,20260911,0.5224823337812894,0.5224823337812894,1,1
monthly_state_ungated,3688,2026-04-10,2026-04-20,0.0242766725964382,2026,2026-03-31,learned_order_offset,20260911,0.3902357573397548,0.3902357573397548,0,1
monthly_state_ungated,3693,2026-04-17,2026-04-27,0.010401572188011,2026,2026-03-31,learned_order_offset,20260911,0.47553685695761877,0.47553685695761877,0,1
monthly_state_ungated,3698,2026-04-24,2026-05-11,0.0263674696524953,2026,2026-03-31,learned_order_offset,20260911,0.3739782681571358,0.3739782681571358,0,1
monthly_state_validated,3684,2026-04-03,2026-04-13,0.0380736235508991,2026,2026-03-31,learned_order_offset,20260912,0.41463312595207424,0.41463312595207424,0,1
monthly_state_validated,3688,2026-04-10,2026-04-20,0.0242766725964382,2026,2026-03-31,learned_order_offset,20260912,0.47957887458862364,0.47957887458862364,0,1
monthly_state_validated,3693,2026-04-17,2026-04-27,0.010401572188011,2026,2026-03-31,learned_order_offset,20260912,0.4174462723853696,0.4174462723853696,0,1
monthly_state_validated,3698,2026-04-24,2026-05-11,0.0263674696524953,2026,2026-03-31,learned_order_offset,20260912,0.4078121898572776,0.4078121898572776,0,1
monthly_state_ungated,3684,2026-04-03,2026-04-13,0.0380736235508991,2026,2026-03-31,learned_order_offset,20260912,0.41463312595207424,0.41463312595207424,0,1
monthly_state_ungated,3688,2026-04-10,2026-04-20,0.0242766725964382,2026,2026-03-31,learned_order_offset,20260912,0.47957887458862364,0.47957887458862364,0,1
monthly_state_ungated,3693,2026-04-17,2026-04-27,0.010401572188011,2026,2026-03-31,learned_order_offset,20260912,0.4174462723853696,0.4174462723853696,0,1
monthly_state_ungated,3698,2026-04-24,2026-05-11,0.0263674696524953,2026,2026-03-31,learned_order_offset,20260912,0.4103458407639705,0.4103458407639705,0,1
monthly_state_validated,3705,2026-05-08,2026-05-18,-0.0134529239455926,2026,2026-04-30,learned_market,20260910,0.7550729207988254,0.7550729207988254,1,0
monthly_state_validated,3710,2026-05-15,2026-05-25,0.0076235492615268,2026,2026-04-30,learned_market,20260910,0.804363668790624,0.804363668790624,1,1
monthly_state_validated,3715,2026-05-22,2026-06-01,0.005068538126898,2026,2026-04-30,learned_market,20260910,0.34489025597783224,0.34489025597783224,0,1
monthly_state_validated,3720,2026-05-29,2026-06-08,-0.039635353927193,2026,2026-04-30,learned_market,20260910,0.4051698015001944,0.4051698015001944,0,0
monthly_state_ungated,3705,2026-05-08,2026-05-18,-0.0134529239455926,2026,2026-04-30,learned_market,20260910,0.7593141240652079,0.7593141240652079,1,0
monthly_state_ungated,3710,2026-05-15,2026-05-25,0.0076235492615268,2026,2026-04-30,learned_market,20260910,0.8330928447757527,0.8330928447757527,1,1
monthly_state_ungated,3715,2026-05-22,2026-06-01,0.005068538126898,2026,2026-04-30,learned_market,20260910,0.38991652429844986,0.38991652429844986,0,1
monthly_state_ungated,3720,2026-05-29,2026-06-08,-0.039635353927193,2026,2026-04-30,learned_market,20260910,0.4107415623172904,0.4107415623172904,0,0
monthly_state_validated,3705,2026-05-08,2026-05-18,-0.0134529239455926,2026,2026-04-30,learned_market,20260911,0.41986421610847413,0.41986421610847413,0,0
monthly_state_validated,3710,2026-05-15,2026-05-25,0.0076235492615268,2026,2026-04-30,learned_market,20260911,0.49182407037984965,0.49182407037984965,0,1
monthly_state_validated,3715,2026-05-22,2026-06-01,0.005068538126898,2026,2026-04-30,learned_market,20260911,0.5675464106677375,0.5675464106677375,1,1
monthly_state_validated,3720,2026-05-29,2026-06-08,-0.039635353927193,2026,2026-04-30,learned_market,20260911,0.5335990500389893,0.5335990500389893,1,0
monthly_state_ungated,3705,2026-05-08,2026-05-18,-0.0134529239455926,2026,2026-04-30,learned_market,20260911,0.4292712321134959,0.4292712321134959,0,0
monthly_state_ungated,3710,2026-05-15,2026-05-25,0.0076235492615268,2026,2026-04-30,learned_market,20260911,0.5423237770908763,0.5423237770908763,1,1
monthly_state_ungated,3715,2026-05-22,2026-06-01,0.005068538126898,2026,2026-04-30,learned_market,20260911,0.6163904445157842,0.6163904445157842,1,1
monthly_state_ungated,3720,2026-05-29,2026-06-08,-0.039635353927193,2026,2026-04-30,learned_market,20260911,0.5431684432533493,0.5431684432533493,1,0
monthly_state_validated,3705,2026-05-08,2026-05-18,-0.0134529239455926,2026,2026-04-30,learned_market,20260912,0.47804055860260325,0.47804055860260325,0,0
monthly_state_validated,3710,2026-05-15,2026-05-25,0.0076235492615268,2026,2026-04-30,learned_market,20260912,0.5242439932504063,0.5242439932504063,1,1
monthly_state_validated,3715,2026-05-22,2026-06-01,0.005068538126898,2026,2026-04-30,learned_market,20260912,0.5118662537721262,0.5118662537721262,1,1
monthly_state_validated,3720,2026-05-29,2026-06-08,-0.039635353927193,2026,2026-04-30,learned_market,20260912,0.47332917945413594,0.47332917945413594,0,0
monthly_state_ungated,3705,2026-05-08,2026-05-18,-0.0134529239455926,2026,2026-04-30,learned_market,20260912,0.48368955550225956,0.48368955550225956,0,0
monthly_state_ungated,3710,2026-05-15,2026-05-25,0.0076235492615268,2026,2026-04-30,learned_market,20260912,0.5698176779909301,0.5698176779909301,1,1
monthly_state_ungated,3715,2026-05-22,2026-06-01,0.005068538126898,2026,2026-04-30,learned_market,20260912,0.5576251030158864,0.5576251030158864,1,1
monthly_state_ungated,3720,2026-05-29,2026-06-08,-0.039635353927193,2026,2026-04-30,learned_market,20260912,0.4789735913108369,0.4789735913108369,0,0
monthly_state_validated,3705,2026-05-08,2026-05-18,-0.0134529239455926,2026,2026-04-30,learned_vol_interaction,20260910,0.7583539673291619,0.7583539673291619,1,0
monthly_state_validated,3710,2026-05-15,2026-05-25,0.0076235492615268,2026,2026-04-30,learned_vol_interaction,20260910,0.808954967014337,0.808954967014337,1,1
monthly_state_validated,3715,2026-05-22,2026-06-01,0.005068538126898,2026,2026-04-30,learned_vol_interaction,20260910,0.3451660204622861,0.3451660204622861,0,1
monthly_state_validated,3720,2026-05-29,2026-06-08,-0.039635353927193,2026,2026-04-30,learned_vol_interaction,20260910,0.40602485778719405,0.40602485778719405,0,0
monthly_state_ungated,3705,2026-05-08,2026-05-18,-0.0134529239455926,2026,2026-04-30,learned_vol_interaction,20260910,0.7629768375592731,0.7629768375592731,1,0
monthly_state_ungated,3710,2026-05-15,2026-05-25,0.0076235492615268,2026,2026-04-30,learned_vol_interaction,20260910,0.8376810855202174,0.8376810855202174,1,1
monthly_state_ungated,3715,2026-05-22,2026-06-01,0.005068538126898,2026,2026-04-30,learned_vol_interaction,20260910,0.3911416587944335,0.3911416587944335,0,1
monthly_state_ungated,3720,2026-05-29,2026-06-08,-0.039635353927193,2026,2026-04-30,learned_vol_interaction,20260910,0.4121633013806896,0.4121633013806896,0,0
monthly_state_validated,3705,2026-05-08,2026-05-18,-0.0134529239455926,2026,2026-04-30,learned_vol_interaction,20260911,0.42973836440374286,0.42973836440374286,0,0
monthly_state_validated,3710,2026-05-15,2026-05-25,0.0076235492615268,2026,2026-04-30,learned_vol_interaction,20260911,0.4949230127164896,0.4949230127164896,0,1
monthly_state_validated,3715,2026-05-22,2026-06-01,0.005068538126898,2026,2026-04-30,learned_vol_interaction,20260911,0.5688910502105043,0.5688910502105043,1,1
monthly_state_validated,3720,2026-05-29,2026-06-08,-0.039635353927193,2026,2026-04-30,learned_vol_interaction,20260911,0.5277526974219006,0.5277526974219006,1,0
monthly_state_ungated,3705,2026-05-08,2026-05-18,-0.0134529239455926,2026,2026-04-30,learned_vol_interaction,20260911,0.4397827909661691,0.4397827909661691,0,0
monthly_state_ungated,3710,2026-05-15,2026-05-25,0.0076235492615268,2026,2026-04-30,learned_vol_interaction,20260911,0.5453388295644652,0.5453388295644652,1,1
monthly_state_ungated,3715,2026-05-22,2026-06-01,0.005068538126898,2026,2026-04-30,learned_vol_interaction,20260911,0.6176278142120548,0.6176278142120548,1,1
monthly_state_ungated,3720,2026-05-29,2026-06-08,-0.039635353927193,2026,2026-04-30,learned_vol_interaction,20260911,0.5379270224806553,0.5379270224806553,1,0
monthly_state_validated,3705,2026-05-08,2026-05-18,-0.0134529239455926,2026,2026-04-30,learned_vol_interaction,20260912,0.45536406167315674,0.45536406167315674,0,0
monthly_state_validated,3710,2026-05-15,2026-05-25,0.0076235492615268,2026,2026-04-30,learned_vol_interaction,20260912,0.5065051153684339,0.5065051153684339,1,1
monthly_state_validated,3715,2026-05-22,2026-06-01,0.005068538126898,2026,2026-04-30,learned_vol_interaction,20260912,0.49203695640068734,0.49203695640068734,0,1
monthly_state_validated,3720,2026-05-29,2026-06-08,-0.039635353927193,2026,2026-04-30,learned_vol_interaction,20260912,0.47113595890062737,0.47113595890062737,0,0
monthly_state_ungated,3705,2026-05-08,2026-05-18,-0.0134529239455926,2026,2026-04-30,learned_vol_interaction,20260912,0.46121649640935614,0.46121649640935614,0,0
monthly_state_ungated,3710,2026-05-15,2026-05-25,0.0076235492615268,2026,2026-04-30,learned_vol_interaction,20260912,0.5521886013371922,0.5521886013371922,1,1
monthly_state_ungated,3715,2026-05-22,2026-06-01,0.005068538126898,2026,2026-04-30,learned_vol_interaction,20260912,0.5378376967965353,0.5378376967965353,1,1
monthly_state_ungated,3720,2026-05-29,2026-06-08,-0.039635353927193,2026,2026-04-30,learned_vol_interaction,20260912,0.47701356147437457,0.47701356147437457,0,0
monthly_state_validated,3705,2026-05-08,2026-05-18,-0.0134529239455926,2026,2026-04-30,learned_order_extension,20260910,0.6608729457947353,0.6608729457947353,1,0
monthly_state_validated,3710,2026-05-15,2026-05-25,0.0076235492615268,2026,2026-04-30,learned_order_extension,20260910,0.6621456099988644,0.6621456099988644,1,1
monthly_state_validated,3715,2026-05-22,2026-06-01,0.005068538126898,2026,2026-04-30,learned_order_extension,20260910,0.40802462143294466,0.40802462143294466,0,1
monthly_state_validated,3720,2026-05-29,2026-06-08,-0.039635353927193,2026,2026-04-30,learned_order_extension,20260910,0.4710367249905899,0.4710367249905899,0,0
monthly_state_ungated,3705,2026-05-08,2026-05-18,-0.0134529239455926,2026,2026-04-30,learned_order_extension,20260910,0.6681935413992375,0.6681935413992375,1,0
monthly_state_ungated,3710,2026-05-15,2026-05-25,0.0076235492615268,2026,2026-04-30,learned_order_extension,20260910,0.7064226977959291,0.7064226977959291,1,1
monthly_state_ungated,3715,2026-05-22,2026-06-01,0.005068538126898,2026,2026-04-30,learned_order_extension,20260910,0.45836284530097066,0.45836284530097066,0,1
monthly_state_ungated,3720,2026-05-29,2026-06-08,-0.039635353927193,2026,2026-04-30,learned_order_extension,20260910,0.47922604111518424,0.47922604111518424,0,0
monthly_state_validated,3705,2026-05-08,2026-05-18,-0.0134529239455926,2026,2026-04-30,learned_order_extension,20260911,0.37473317599903294,0.37473317599903294,0,0
monthly_state_validated,3710,2026-05-15,2026-05-25,0.0076235492615268,2026,2026-04-30,learned_order_extension,20260911,0.48789190366124763,0.48789190366124763,0,1
monthly_state_validated,3715,2026-05-22,2026-06-01,0.005068538126898,2026,2026-04-30,learned_order_extension,20260911,0.6050079630522534,0.6050079630522534,1,1
monthly_state_validated,3720,2026-05-29,2026-06-08,-0.039635353927193,2026,2026-04-30,learned_order_extension,20260911,0.5389218116035444,0.5389218116035444,1,0
monthly_state_ungated,3705,2026-05-08,2026-05-18,-0.0134529239455926,2026,2026-04-30,learned_order_extension,20260911,0.38461000447154764,0.38461000447154764,0,0
monthly_state_ungated,3710,2026-05-15,2026-05-25,0.0076235492615268,2026,2026-04-30,learned_order_extension,20260911,0.538407285258772,0.538407285258772,1,1
monthly_state_ungated,3715,2026-05-22,2026-06-01,0.005068538126898,2026,2026-04-30,learned_order_extension,20260911,0.6522060307521954,0.6522060307521954,1,1
monthly_state_ungated,3720,2026-05-29,2026-06-08,-0.039635353927193,2026,2026-04-30,learned_order_extension,20260911,0.5493242437885432,0.5493242437885432,1,0
monthly_state_validated,3705,2026-05-08,2026-05-18,-0.0134529239455926,2026,2026-04-30,learned_order_extension,20260912,0.4584298418185969,0.4584298418185969,0,0
monthly_state_validated,3710,2026-05-15,2026-05-25,0.0076235492615268,2026,2026-04-30,learned_order_extension,20260912,0.5410895291105667,0.5410895291105667,1,1
monthly_state_validated,3715,2026-05-22,2026-06-01,0.005068538126898,2026,2026-04-30,learned_order_extension,20260912,0.5021226383630596,0.5021226383630596,1,1
monthly_state_validated,3720,2026-05-29,2026-06-08,-0.039635353927193,2026,2026-04-30,learned_order_extension,20260912,0.4573299409387087,0.4573299409387087,0,0
monthly_state_ungated,3705,2026-05-08,2026-05-18,-0.0134529239455926,2026,2026-04-30,learned_order_extension,20260912,0.46473401983499535,0.46473401983499535,0,0
monthly_state_ungated,3710,2026-05-15,2026-05-25,0.0076235492615268,2026,2026-04-30,learned_order_extension,20260912,0.5865111727388274,0.5865111727388274,1,1
monthly_state_ungated,3715,2026-05-22,2026-06-01,0.005068538126898,2026,2026-04-30,learned_order_extension,20260912,0.5481805903357073,0.5481805903357073,1,1
monthly_state_ungated,3720,2026-05-29,2026-06-08,-0.039635353927193,2026,2026-04-30,learned_order_extension,20260912,0.4636319422235586,0.4636319422235586,0,0
monthly_state_validated,3705,2026-05-08,2026-05-18,-0.0134529239455926,2026,2026-04-30,learned_order_offset,20260910,0.6596035363014215,0.6596035363014215,1,0
monthly_state_validated,3710,2026-05-15,2026-05-25,0.0076235492615268,2026,2026-04-30,learned_order_offset,20260910,0.6598534157480438,0.6598534157480438,1,1
monthly_state_validated,3715,2026-05-22,2026-06-01,0.005068538126898,2026,2026-04-30,learned_order_offset,20260910,0.4084421988760729,0.4084421988760729,0,1
monthly_state_validated,3720,2026-05-29,2026-06-08,-0.039635353927193,2026,2026-04-30,learned_order_offset,20260910,0.4707708671158844,0.4707708671158844,0,0
monthly_state_ungated,3705,2026-05-08,2026-05-18,-0.0134529239455926,2026,2026-04-30,learned_order_offset,20260910,0.6668798334466376,0.6668798334466376,1,0
monthly_state_ungated,3710,2026-05-15,2026-05-25,0.0076235492615268,2026,2026-04-30,learned_order_offset,20260910,0.7043343475928471,0.7043343475928471,1,1
monthly_state_ungated,3715,2026-05-22,2026-06-01,0.005068538126898,2026,2026-04-30,learned_order_offset,20260910,0.4588368405544499,0.4588368405544499,0,1
monthly_state_ungated,3720,2026-05-29,2026-06-08,-0.039635353927193,2026,2026-04-30,learned_order_offset,20260910,0.4788947113210227,0.4788947113210227,0,0
monthly_state_validated,3705,2026-05-08,2026-05-18,-0.0134529239455926,2026,2026-04-30,learned_order_offset,20260911,0.37506110199237114,0.37506110199237114,0,0
monthly_state_validated,3710,2026-05-15,2026-05-25,0.0076235492615268,2026,2026-04-30,learned_order_offset,20260911,0.4883726515758041,0.4883726515758041,0,1
monthly_state_validated,3715,2026-05-22,2026-06-01,0.005068538126898,2026,2026-04-30,learned_order_offset,20260911,0.604795171228401,0.604795171228401,1,1
monthly_state_validated,3720,2026-05-29,2026-06-08,-0.039635353927193,2026,2026-04-30,learned_order_offset,20260911,0.539117103351593,0.539117103351593,1,0
monthly_state_ungated,3705,2026-05-08,2026-05-18,-0.0134529239455926,2026,2026-04-30,learned_order_offset,20260911,0.3849264051536152,0.3849264051536152,0,0
monthly_state_ungated,3710,2026-05-15,2026-05-25,0.0076235492615268,2026,2026-04-30,learned_order_offset,20260911,0.5388695315608997,0.5388695315608997,1,1
monthly_state_ungated,3715,2026-05-22,2026-06-01,0.005068538126898,2026,2026-04-30,learned_order_offset,20260911,0.6519895229689077,0.6519895229689077,1,1
monthly_state_ungated,3720,2026-05-29,2026-06-08,-0.039635353927193,2026,2026-04-30,learned_order_offset,20260911,0.5495032885472483,0.5495032885472483,1,0
monthly_state_validated,3705,2026-05-08,2026-05-18,-0.0134529239455926,2026,2026-04-30,learned_order_offset,20260912,0.45820168742787637,0.45820168742787637,0,0
monthly_state_validated,3710,2026-05-15,2026-05-25,0.0076235492615268,2026,2026-04-30,learned_order_offset,20260912,0.5408516437983437,0.5408516437983437,1,1
monthly_state_validated,3715,2026-05-22,2026-06-01,0.005068538126898,2026,2026-04-30,learned_order_offset,20260912,0.5018942264488259,0.5018942264488259,1,1
monthly_state_validated,3720,2026-05-29,2026-06-08,-0.039635353927193,2026,2026-04-30,learned_order_offset,20260912,0.4571886722395474,0.4571886722395474,0,0
monthly_state_ungated,3705,2026-05-08,2026-05-18,-0.0134529239455926,2026,2026-04-30,learned_order_offset,20260912,0.4643946037122585,0.4643946037122585,0,0
monthly_state_ungated,3710,2026-05-15,2026-05-25,0.0076235492615268,2026,2026-04-30,learned_order_offset,20260912,0.5865981075878637,0.5865981075878637,1,1
monthly_state_ungated,3715,2026-05-22,2026-06-01,0.005068538126898,2026,2026-04-30,learned_order_offset,20260912,0.5482803516144643,0.5482803516144643,1,1
monthly_state_ungated,3720,2026-05-29,2026-06-08,-0.039635353927193,2026,2026-04-30,learned_order_offset,20260912,0.4633796068303422,0.4633796068303422,0,0
monthly_state_validated,3725,2026-06-05,2026-06-15,0.0266849782195981,2026,2026-05-31,learned_market,20260910,0.43325058670455674,0.43325058670455674,0,1
monthly_state_validated,3730,2026-06-12,2026-06-29,0.0076098142791176,2026,2026-05-31,learned_market,20260910,0.4284564728112197,0.4284564728112197,0,1
monthly_state_validated,3739,2026-06-26,2026-07-06,0.0005137647861506,2026,2026-05-31,learned_market,20260910,0.5031202151919982,0.5031202151919982,1,1
monthly_state_ungated,3725,2026-06-05,2026-06-15,0.0266849782195981,2026,2026-05-31,learned_market,20260910,0.4496892076849771,0.4496892076849771,0,1
monthly_state_ungated,3730,2026-06-12,2026-06-29,0.0076098142791176,2026,2026-05-31,learned_market,20260910,0.4448559715410399,0.4448559715410399,0,1
monthly_state_ungated,3739,2026-06-26,2026-07-06,0.0005137647861506,2026,2026-05-31,learned_market,20260910,0.5197785473462504,0.5197785473462504,1,1
monthly_state_validated,3725,2026-06-05,2026-06-15,0.0266849782195981,2026,2026-05-31,learned_market,20260911,0.3985532767602021,0.3985532767602021,0,1
monthly_state_validated,3730,2026-06-12,2026-06-29,0.0076098142791176,2026,2026-05-31,learned_market,20260911,0.3056186128589413,0.3056186128589413,0,1
monthly_state_validated,3739,2026-06-26,2026-07-06,0.0005137647861506,2026,2026-05-31,learned_market,20260911,0.47152715176422977,0.47152715176422977,0,1
monthly_state_ungated,3725,2026-06-05,2026-06-15,0.0266849782195981,2026,2026-05-31,learned_market,20260911,0.4160884455469749,0.4160884455469749,0,1
monthly_state_ungated,3730,2026-06-12,2026-06-29,0.0076098142791176,2026,2026-05-31,learned_market,20260911,0.3212488960436929,0.3212488960436929,0,1
monthly_state_ungated,3739,2026-06-26,2026-07-06,0.0005137647861506,2026,2026-05-31,learned_market,20260911,0.489659064019353,0.489659064019353,0,1
monthly_state_validated,3725,2026-06-05,2026-06-15,0.0266849782195981,2026,2026-05-31,learned_market,20260912,0.46849386998390014,0.46849386998390014,0,1
monthly_state_validated,3730,2026-06-12,2026-06-29,0.0076098142791176,2026,2026-05-31,learned_market,20260912,0.4497314325369085,0.4497314325369085,0,1
monthly_state_validated,3739,2026-06-26,2026-07-06,0.0005137647861506,2026,2026-05-31,learned_market,20260912,0.5338580433420232,0.5338580433420232,1,1
monthly_state_ungated,3725,2026-06-05,2026-06-15,0.0266849782195981,2026,2026-05-31,learned_market,20260912,0.4847431393096333,0.4847431393096333,0,1
monthly_state_ungated,3730,2026-06-12,2026-06-29,0.0076098142791176,2026,2026-05-31,learned_market,20260912,0.4659003764746445,0.4659003764746445,0,1
monthly_state_ungated,3739,2026-06-26,2026-07-06,0.0005137647861506,2026,2026-05-31,learned_market,20260912,0.5500283078692557,0.5500283078692557,1,1
monthly_state_validated,3725,2026-06-05,2026-06-15,0.0266849782195981,2026,2026-05-31,learned_vol_interaction,20260910,0.432960289448338,0.432960289448338,0,1
monthly_state_validated,3730,2026-06-12,2026-06-29,0.0076098142791176,2026,2026-05-31,learned_vol_interaction,20260910,0.4280160370991171,0.4280160370991171,0,1
monthly_state_validated,3739,2026-06-26,2026-07-06,0.0005137647861506,2026,2026-05-31,learned_vol_interaction,20260910,0.5090642838694552,0.5090642838694552,1,1
monthly_state_ungated,3725,2026-06-05,2026-06-15,0.0266849782195981,2026,2026-05-31,learned_vol_interaction,20260910,0.44981157733201316,0.44981157733201316,0,1
monthly_state_ungated,3730,2026-06-12,2026-06-29,0.0076098142791176,2026,2026-05-31,learned_vol_interaction,20260910,0.4448258493851811,0.4448258493851811,0,1
monthly_state_ungated,3739,2026-06-26,2026-07-06,0.0005137647861506,2026,2026-05-31,learned_vol_interaction,20260910,0.5261292759756658,0.5261292759756658,1,1
monthly_state_validated,3725,2026-06-05,2026-06-15,0.0266849782195981,2026,2026-05-31,learned_vol_interaction,20260911,0.3941068335829671,0.3941068335829671,0,1
monthly_state_validated,3730,2026-06-12,2026-06-29,0.0076098142791176,2026,2026-05-31,learned_vol_interaction,20260911,0.3023086014266972,0.3023086014266972,0,1
monthly_state_validated,3739,2026-06-26,2026-07-06,0.0005137647861506,2026,2026-05-31,learned_vol_interaction,20260911,0.4831146486882105,0.4831146486882105,0,1
monthly_state_ungated,3725,2026-06-05,2026-06-15,0.0266849782195981,2026,2026-05-31,learned_vol_interaction,20260911,0.41215985945129524,0.41215985945129524,0,1
monthly_state_ungated,3730,2026-06-12,2026-06-29,0.0076098142791176,2026,2026-05-31,learned_vol_interaction,20260911,0.31836612145371657,0.31836612145371657,0,1
monthly_state_ungated,3739,2026-06-26,2026-07-06,0.0005137647861506,2026,2026-05-31,learned_vol_interaction,20260911,0.5018676903479753,0.5018676903479753,1,1
monthly_state_validated,3725,2026-06-05,2026-06-15,0.0266849782195981,2026,2026-05-31,learned_vol_interaction,20260912,0.45682558024935527,0.45682558024935527,0,1
monthly_state_validated,3730,2026-06-12,2026-06-29,0.0076098142791176,2026,2026-05-31,learned_vol_interaction,20260912,0.442975733059148,0.442975733059148,0,1
monthly_state_validated,3739,2026-06-26,2026-07-06,0.0005137647861506,2026,2026-05-31,learned_vol_interaction,20260912,0.5201528170131723,0.5201528170131723,1,1
monthly_state_ungated,3725,2026-06-05,2026-06-15,0.0266849782195981,2026,2026-05-31,learned_vol_interaction,20260912,0.47322885028300415,0.47322885028300415,0,1
monthly_state_ungated,3730,2026-06-12,2026-06-29,0.0076098142791176,2026,2026-05-31,learned_vol_interaction,20260912,0.459302213253094,0.459302213253094,0,1
monthly_state_ungated,3739,2026-06-26,2026-07-06,0.0005137647861506,2026,2026-05-31,learned_vol_interaction,20260912,0.5365836779265872,0.5365836779265872,1,1
monthly_state_validated,3725,2026-06-05,2026-06-15,0.0266849782195981,2026,2026-05-31,learned_order_extension,20260910,0.4787674603567685,0.4787674603567685,0,1
monthly_state_validated,3730,2026-06-12,2026-06-29,0.0076098142791176,2026,2026-05-31,learned_order_extension,20260910,0.46726942898894935,0.46726942898894935,0,1
monthly_state_validated,3739,2026-06-26,2026-07-06,0.0005137647861506,2026,2026-05-31,learned_order_extension,20260910,0.50390759823315,0.50390759823315,1,1
monthly_state_ungated,3725,2026-06-05,2026-06-15,0.0266849782195981,2026,2026-05-31,learned_order_extension,20260910,0.4972786713965029,0.4972786713965029,0,1
monthly_state_ungated,3730,2026-06-12,2026-06-29,0.0076098142791176,2026,2026-05-31,learned_order_extension,20260910,0.4857503770091965,0.4857503770091965,0,1
monthly_state_ungated,3739,2026-06-26,2026-07-06,0.0005137647861506,2026,2026-05-31,learned_order_extension,20260910,0.5224166011633706,0.5224166011633706,1,1
monthly_state_validated,3725,2026-06-05,2026-06-15,0.0266849782195981,2026,2026-05-31,learned_order_extension,20260911,0.3259340934446785,0.3259340934446785,0,1
monthly_state_validated,3730,2026-06-12,2026-06-29,0.0076098142791176,2026,2026-05-31,learned_order_extension,20260911,0.20659956001017632,0.20659956001017632,0,1
monthly_state_validated,3739,2026-06-26,2026-07-06,0.0005137647861506,2026,2026-05-31,learned_order_extension,20260911,0.43462554431806527,0.43462554431806527,0,1
monthly_state_ungated,3725,2026-06-05,2026-06-15,0.0266849782195981,2026,2026-05-31,learned_order_extension,20260911,0.34243281333710907,0.34243281333710907,0,1
monthly_state_ungated,3730,2026-06-12,2026-06-29,0.0076098142791176,2026,2026-05-31,learned_order_extension,20260911,0.2190203560837838,0.2190203560837838,0,1
monthly_state_ungated,3739,2026-06-26,2026-07-06,0.0005137647861506,2026,2026-05-31,learned_order_extension,20260911,0.4529292517919523,0.4529292517919523,0,1
monthly_state_validated,3725,2026-06-05,2026-06-15,0.0266849782195981,2026,2026-05-31,learned_order_extension,20260912,0.4366421559336363,0.4366421559336363,0,1
monthly_state_validated,3730,2026-06-12,2026-06-29,0.0076098142791176,2026,2026-05-31,learned_order_extension,20260912,0.4102842493878904,0.4102842493878904,0,1
monthly_state_validated,3739,2026-06-26,2026-07-06,0.0005137647861506,2026,2026-05-31,learned_order_extension,20260912,0.5188140124051438,0.5188140124051438,1,1
monthly_state_ungated,3725,2026-06-05,2026-06-15,0.0266849782195981,2026,2026-05-31,learned_order_extension,20260912,0.45315108598697784,0.45315108598697784,0,1
monthly_state_ungated,3730,2026-06-12,2026-06-29,0.0076098142791176,2026,2026-05-31,learned_order_extension,20260912,0.426551172897901,0.426551172897901,0,1
monthly_state_ungated,3739,2026-06-26,2026-07-06,0.0005137647861506,2026,2026-05-31,learned_order_extension,20260912,0.5354767021767568,0.5354767021767568,1,1
monthly_state_validated,3725,2026-06-05,2026-06-15,0.0266849782195981,2026,2026-05-31,learned_order_offset,20260910,0.47868630672112744,0.47868630672112744,0,1
monthly_state_validated,3730,2026-06-12,2026-06-29,0.0076098142791176,2026,2026-05-31,learned_order_offset,20260910,0.46795283108360136,0.46795283108360136,0,1
monthly_state_validated,3739,2026-06-26,2026-07-06,0.0005137647861506,2026,2026-05-31,learned_order_offset,20260910,0.502351064392109,0.502351064392109,1,1
monthly_state_ungated,3725,2026-06-05,2026-06-15,0.0266849782195981,2026,2026-05-31,learned_order_offset,20260910,0.4971131853914703,0.4971131853914703,0,1
monthly_state_ungated,3730,2026-06-12,2026-06-29,0.0076098142791176,2026,2026-05-31,learned_order_offset,20260910,0.4863519998848498,0.4863519998848498,0,1
monthly_state_ungated,3739,2026-06-26,2026-07-06,0.0005137647861506,2026,2026-05-31,learned_order_offset,20260910,0.5207788776237935,0.5207788776237935,1,1
monthly_state_validated,3725,2026-06-05,2026-06-15,0.0266849782195981,2026,2026-05-31,learned_order_offset,20260911,0.32656706271307595,0.32656706271307595,0,1
monthly_state_validated,3730,2026-06-12,2026-06-29,0.0076098142791176,2026,2026-05-31,learned_order_offset,20260911,0.20714161696112363,0.20714161696112363,0,1
monthly_state_validated,3739,2026-06-26,2026-07-06,0.0005137647861506,2026,2026-05-31,learned_order_offset,20260911,0.4347302511570772,0.4347302511570772,0,1
monthly_state_ungated,3725,2026-06-05,2026-06-15,0.0266849782195981,2026,2026-05-31,learned_order_offset,20260911,0.34307618321124317,0.34307618321124317,0,1
monthly_state_ungated,3730,2026-06-12,2026-06-29,0.0076098142791176,2026,2026-05-31,learned_order_offset,20260911,0.21958192773804078,0.21958192773804078,0,1
monthly_state_ungated,3739,2026-06-26,2026-07-06,0.0005137647861506,2026,2026-05-31,learned_order_offset,20260911,0.4530289721370139,0.4530289721370139,0,1
monthly_state_validated,3725,2026-06-05,2026-06-15,0.0266849782195981,2026,2026-05-31,learned_order_offset,20260912,0.43649391290109524,0.43649391290109524,0,1
monthly_state_validated,3730,2026-06-12,2026-06-29,0.0076098142791176,2026,2026-05-31,learned_order_offset,20260912,0.4101169616257996,0.4101169616257996,0,1
monthly_state_validated,3739,2026-06-26,2026-07-06,0.0005137647861506,2026,2026-05-31,learned_order_offset,20260912,0.5185047287941408,0.5185047287941408,1,1
monthly_state_ungated,3725,2026-06-05,2026-06-15,0.0266849782195981,2026,2026-05-31,learned_order_offset,20260912,0.45288497885588774,0.45288497885588774,0,1
monthly_state_ungated,3730,2026-06-12,2026-06-29,0.0076098142791176,2026,2026-05-31,learned_order_offset,20260912,0.42626679639219395,0.42626679639219395,0,1
monthly_state_ungated,3739,2026-06-26,2026-07-06,0.0005137647861506,2026,2026-05-31,learned_order_offset,20260912,0.5350513042053543,0.5350513042053543,1,1
monthly_state_validated,3744,2026-07-03,2026-07-13,-0.0252847876365399,2026,2026-06-30,learned_market,20260910,0.5041345950811301,0.5041345950811301,1,0
monthly_state_validated,3749,2026-07-10,2026-07-20,-0.035775397012711,2026,2026-06-30,learned_market,20260910,0.6119366262275986,0.6119366262275986,1,0
monthly_state_validated,3754,2026-07-17,2026-07-27,0.01756245533441,2026,2026-06-30,learned_market,20260910,0.5449511844259397,0.5449511844259397,1,1
monthly_state_validated,3759,2026-07-24,2026-08-03,-0.0202339761556519,2026,2026-06-30,learned_market,20260910,0.5453196593301617,0.5453196593301617,1,0
monthly_state_validated,3764,2026-07-31,2026-08-10,0.0300318732435738,2026,2026-06-30,learned_market,20260910,0.2767208007713581,0.2767208007713581,0,1
monthly_state_ungated,3744,2026-07-03,2026-07-13,-0.0252847876365399,2026,2026-06-30,learned_market,20260910,0.5041345950811301,0.5041345950811301,1,0
monthly_state_ungated,3749,2026-07-10,2026-07-20,-0.035775397012711,2026,2026-06-30,learned_market,20260910,0.6119366262275986,0.6119366262275986,1,0
monthly_state_ungated,3754,2026-07-17,2026-07-27,0.01756245533441,2026,2026-06-30,learned_market,20260910,0.5449511844259397,0.5449511844259397,1,1
monthly_state_ungated,3759,2026-07-24,2026-08-03,-0.0202339761556519,2026,2026-06-30,learned_market,20260910,0.5453196593301617,0.5453196593301617,1,0
monthly_state_ungated,3764,2026-07-31,2026-08-10,0.0300318732435738,2026,2026-06-30,learned_market,20260910,0.2767208007713581,0.2767208007713581,0,1
monthly_state_validated,3744,2026-07-03,2026-07-13,-0.0252847876365399,2026,2026-06-30,learned_market,20260911,0.49503989230685247,0.49503989230685247,0,0
monthly_state_validated,3749,2026-07-10,2026-07-20,-0.035775397012711,2026,2026-06-30,learned_market,20260911,0.4346654416584668,0.4346654416584668,0,0
monthly_state_validated,3754,2026-07-17,2026-07-27,0.01756245533441,2026,2026-06-30,learned_market,20260911,0.4469468298475024,0.4469468298475024,0,1
monthly_state_validated,3759,2026-07-24,2026-08-03,-0.0202339761556519,2026,2026-06-30,learned_market,20260911,0.4523286144237616,0.4523286144237616,0,0
monthly_state_validated,3764,2026-07-31,2026-08-10,0.0300318732435738,2026,2026-06-30,learned_market,20260911,0.43916052641204817,0.43916052641204817,0,1
monthly_state_ungated,3744,2026-07-03,2026-07-13,-0.0252847876365399,2026,2026-06-30,learned_market,20260911,0.49503989230685247,0.49503989230685247,0,0
monthly_state_ungated,3749,2026-07-10,2026-07-20,-0.035775397012711,2026,2026-06-30,learned_market,20260911,0.4346654416584668,0.4346654416584668,0,0
monthly_state_ungated,3754,2026-07-17,2026-07-27,0.01756245533441,2026,2026-06-30,learned_market,20260911,0.4469468298475024,0.4469468298475024,0,1
monthly_state_ungated,3759,2026-07-24,2026-08-03,-0.0202339761556519,2026,2026-06-30,learned_market,20260911,0.4523286144237616,0.4523286144237616,0,0
monthly_state_ungated,3764,2026-07-31,2026-08-10,0.0300318732435738,2026,2026-06-30,learned_market,20260911,0.43916052641204817,0.43916052641204817,0,1
monthly_state_validated,3744,2026-07-03,2026-07-13,-0.0252847876365399,2026,2026-06-30,learned_market,20260912,0.5207498822011845,0.5207498822011845,1,0
monthly_state_validated,3749,2026-07-10,2026-07-20,-0.035775397012711,2026,2026-06-30,learned_market,20260912,0.5369848042926907,0.5369848042926907,1,0
monthly_state_validated,3754,2026-07-17,2026-07-27,0.01756245533441,2026,2026-06-30,learned_market,20260912,0.4491236951454709,0.4491236951454709,0,1
monthly_state_validated,3759,2026-07-24,2026-08-03,-0.0202339761556519,2026,2026-06-30,learned_market,20260912,0.45912056712344607,0.45912056712344607,0,0
monthly_state_validated,3764,2026-07-31,2026-08-10,0.0300318732435738,2026,2026-06-30,learned_market,20260912,0.4747199415260046,0.4747199415260046,0,1
monthly_state_ungated,3744,2026-07-03,2026-07-13,-0.0252847876365399,2026,2026-06-30,learned_market,20260912,0.5207498822011845,0.5207498822011845,1,0
monthly_state_ungated,3749,2026-07-10,2026-07-20,-0.035775397012711,2026,2026-06-30,learned_market,20260912,0.5369848042926907,0.5369848042926907,1,0
monthly_state_ungated,3754,2026-07-17,2026-07-27,0.01756245533441,2026,2026-06-30,learned_market,20260912,0.4491236951454709,0.4491236951454709,0,1
monthly_state_ungated,3759,2026-07-24,2026-08-03,-0.0202339761556519,2026,2026-06-30,learned_market,20260912,0.45912056712344607,0.45912056712344607,0,0
monthly_state_ungated,3764,2026-07-31,2026-08-10,0.0300318732435738,2026,2026-06-30,learned_market,20260912,0.4747199415260046,0.4747199415260046,0,1
monthly_state_validated,3744,2026-07-03,2026-07-13,-0.0252847876365399,2026,2026-06-30,learned_vol_interaction,20260910,0.5130191978252561,0.5130191978252561,1,0
monthly_state_validated,3749,2026-07-10,2026-07-20,-0.035775397012711,2026,2026-06-30,learned_vol_interaction,20260910,0.6084297195506533,0.6084297195506533,1,0
monthly_state_validated,3754,2026-07-17,2026-07-27,0.01756245533441,2026,2026-06-30,learned_vol_interaction,20260910,0.5400320366057051,0.5400320366057051,1,1
monthly_state_validated,3759,2026-07-24,2026-08-03,-0.0202339761556519,2026,2026-06-30,learned_vol_interaction,20260910,0.5452135003498544,0.5452135003498544,1,0
monthly_state_validated,3764,2026-07-31,2026-08-10,0.0300318732435738,2026,2026-06-30,learned_vol_interaction,20260910,0.2927729237284659,0.2927729237284659,0,1
monthly_state_ungated,3744,2026-07-03,2026-07-13,-0.0252847876365399,2026,2026-06-30,learned_vol_interaction,20260910,0.5130191978252561,0.5130191978252561,1,0
monthly_state_ungated,3749,2026-07-10,2026-07-20,-0.035775397012711,2026,2026-06-30,learned_vol_interaction,20260910,0.6084297195506533,0.6084297195506533,1,0
monthly_state_ungated,3754,2026-07-17,2026-07-27,0.01756245533441,2026,2026-06-30,learned_vol_interaction,20260910,0.5400320366057051,0.5400320366057051,1,1
monthly_state_ungated,3759,2026-07-24,2026-08-03,-0.0202339761556519,2026,2026-06-30,learned_vol_interaction,20260910,0.5452135003498544,0.5452135003498544,1,0
monthly_state_ungated,3764,2026-07-31,2026-08-10,0.0300318732435738,2026,2026-06-30,learned_vol_interaction,20260910,0.2927729237284659,0.2927729237284659,0,1
monthly_state_validated,3744,2026-07-03,2026-07-13,-0.0252847876365399,2026,2026-06-30,learned_vol_interaction,20260911,0.5177335159245099,0.5177335159245099,1,0
monthly_state_validated,3749,2026-07-10,2026-07-20,-0.035775397012711,2026,2026-06-30,learned_vol_interaction,20260911,0.46119813517066643,0.46119813517066643,0,0
monthly_state_validated,3754,2026-07-17,2026-07-27,0.01756245533441,2026,2026-06-30,learned_vol_interaction,20260911,0.4550925466085049,0.4550925466085049,0,1
monthly_state_validated,3759,2026-07-24,2026-08-03,-0.0202339761556519,2026,2026-06-30,learned_vol_interaction,20260911,0.46430649386915596,0.46430649386915596,0,0
monthly_state_validated,3764,2026-07-31,2026-08-10,0.0300318732435738,2026,2026-06-30,learned_vol_interaction,20260911,0.4507338855746796,0.4507338855746796,0,1
monthly_state_ungated,3744,2026-07-03,2026-07-13,-0.0252847876365399,2026,2026-06-30,learned_vol_interaction,20260911,0.5177335159245099,0.5177335159245099,1,0
monthly_state_ungated,3749,2026-07-10,2026-07-20,-0.035775397012711,2026,2026-06-30,learned_vol_interaction,20260911,0.46119813517066643,0.46119813517066643,0,0
monthly_state_ungated,3754,2026-07-17,2026-07-27,0.01756245533441,2026,2026-06-30,learned_vol_interaction,20260911,0.4550925466085049,0.4550925466085049,0,1
monthly_state_ungated,3759,2026-07-24,2026-08-03,-0.0202339761556519,2026,2026-06-30,learned_vol_interaction,20260911,0.46430649386915596,0.46430649386915596,0,0
monthly_state_ungated,3764,2026-07-31,2026-08-10,0.0300318732435738,2026,2026-06-30,learned_vol_interaction,20260911,0.4507338855746796,0.4507338855746796,0,1
monthly_state_validated,3744,2026-07-03,2026-07-13,-0.0252847876365399,2026,2026-06-30,learned_vol_interaction,20260912,0.5331865381192447,0.5331865381192447,1,0
monthly_state_validated,3749,2026-07-10,2026-07-20,-0.035775397012711,2026,2026-06-30,learned_vol_interaction,20260912,0.5405128774170224,0.5405128774170224,1,0
monthly_state_validated,3754,2026-07-17,2026-07-27,0.01756245533441,2026,2026-06-30,learned_vol_interaction,20260912,0.5152580314937659,0.5152580314937659,1,1
monthly_state_validated,3759,2026-07-24,2026-08-03,-0.0202339761556519,2026,2026-06-30,learned_vol_interaction,20260912,0.5102837642282361,0.5102837642282361,1,0
monthly_state_validated,3764,2026-07-31,2026-08-10,0.0300318732435738,2026,2026-06-30,learned_vol_interaction,20260912,0.49813339636912884,0.49813339636912884,0,1
monthly_state_ungated,3744,2026-07-03,2026-07-13,-0.0252847876365399,2026,2026-06-30,learned_vol_interaction,20260912,0.5331865381192447,0.5331865381192447,1,0
monthly_state_ungated,3749,2026-07-10,2026-07-20,-0.035775397012711,2026,2026-06-30,learned_vol_interaction,20260912,0.5405128774170224,0.5405128774170224,1,0
monthly_state_ungated,3754,2026-07-17,2026-07-27,0.01756245533441,2026,2026-06-30,learned_vol_interaction,20260912,0.5152580314937659,0.5152580314937659,1,1
monthly_state_ungated,3759,2026-07-24,2026-08-03,-0.0202339761556519,2026,2026-06-30,learned_vol_interaction,20260912,0.5102837642282361,0.5102837642282361,1,0
monthly_state_ungated,3764,2026-07-31,2026-08-10,0.0300318732435738,2026,2026-06-30,learned_vol_interaction,20260912,0.49813339636912884,0.49813339636912884,0,1
monthly_state_validated,3744,2026-07-03,2026-07-13,-0.0252847876365399,2026,2026-06-30,learned_order_extension,20260910,0.5209645843255333,0.5209645843255333,1,0
monthly_state_validated,3749,2026-07-10,2026-07-20,-0.035775397012711,2026,2026-06-30,learned_order_extension,20260910,0.5454797914275038,0.5454797914275038,1,0
monthly_state_validated,3754,2026-07-17,2026-07-27,0.01756245533441,2026,2026-06-30,learned_order_extension,20260910,0.509635762223466,0.509635762223466,1,1
monthly_state_validated,3759,2026-07-24,2026-08-03,-0.0202339761556519,2026,2026-06-30,learned_order_extension,20260910,0.518520792881256,0.518520792881256,1,0
monthly_state_validated,3764,2026-07-31,2026-08-10,0.0300318732435738,2026,2026-06-30,learned_order_extension,20260910,0.36135032927063787,0.36135032927063787,0,1
monthly_state_ungated,3744,2026-07-03,2026-07-13,-0.0252847876365399,2026,2026-06-30,learned_order_extension,20260910,0.5394188698970606,0.5394188698970606,1,0
monthly_state_ungated,3749,2026-07-10,2026-07-20,-0.035775397012711,2026,2026-06-30,learned_order_extension,20260910,0.5637804486959651,0.5637804486959651,1,0
monthly_state_ungated,3754,2026-07-17,2026-07-27,0.01756245533441,2026,2026-06-30,learned_order_extension,20260910,0.509635762223466,0.509635762223466,1,1
monthly_state_ungated,3759,2026-07-24,2026-08-03,-0.0202339761556519,2026,2026-06-30,learned_order_extension,20260910,0.518520792881256,0.518520792881256,1,0
monthly_state_ungated,3764,2026-07-31,2026-08-10,0.0300318732435738,2026,2026-06-30,learned_order_extension,20260910,0.36135032927063787,0.36135032927063787,0,1
monthly_state_validated,3744,2026-07-03,2026-07-13,-0.0252847876365399,2026,2026-06-30,learned_order_extension,20260911,0.4506693788167256,0.4506693788167256,0,0
monthly_state_validated,3749,2026-07-10,2026-07-20,-0.035775397012711,2026,2026-06-30,learned_order_extension,20260911,0.3824829838916093,0.3824829838916093,0,0
monthly_state_validated,3754,2026-07-17,2026-07-27,0.01756245533441,2026,2026-06-30,learned_order_extension,20260911,0.43688665591392856,0.43688665591392856,0,1
monthly_state_validated,3759,2026-07-24,2026-08-03,-0.0202339761556519,2026,2026-06-30,learned_order_extension,20260911,0.44905597298529143,0.44905597298529143,0,0
monthly_state_validated,3764,2026-07-31,2026-08-10,0.0300318732435738,2026,2026-06-30,learned_order_extension,20260911,0.4331657943702479,0.4331657943702479,0,1
monthly_state_ungated,3744,2026-07-03,2026-07-13,-0.0252847876365399,2026,2026-06-30,learned_order_extension,20260911,0.4690881558121391,0.4690881558121391,0,0
monthly_state_ungated,3749,2026-07-10,2026-07-20,-0.035775397012711,2026,2026-06-30,learned_order_extension,20260911,0.4001449387870103,0.4001449387870103,0,0
monthly_state_ungated,3754,2026-07-17,2026-07-27,0.01756245533441,2026,2026-06-30,learned_order_extension,20260911,0.43688665591392856,0.43688665591392856,0,1
monthly_state_ungated,3759,2026-07-24,2026-08-03,-0.0202339761556519,2026,2026-06-30,learned_order_extension,20260911,0.44905597298529143,0.44905597298529143,0,0
monthly_state_ungated,3764,2026-07-31,2026-08-10,0.0300318732435738,2026,2026-06-30,learned_order_extension,20260911,0.4331657943702479,0.4331657943702479,0,1
monthly_state_validated,3744,2026-07-03,2026-07-13,-0.0252847876365399,2026,2026-06-30,learned_order_extension,20260912,0.4989429054386354,0.4989429054386354,0,0
monthly_state_validated,3749,2026-07-10,2026-07-20,-0.035775397012711,2026,2026-06-30,learned_order_extension,20260912,0.5236629920895812,0.5236629920895812,1,0
monthly_state_validated,3754,2026-07-17,2026-07-27,0.01756245533441,2026,2026-06-30,learned_order_extension,20260912,0.5032118538805617,0.5032118538805617,1,1
monthly_state_validated,3759,2026-07-24,2026-08-03,-0.0202339761556519,2026,2026-06-30,learned_order_extension,20260912,0.4921460637997216,0.4921460637997216,0,0
monthly_state_validated,3764,2026-07-31,2026-08-10,0.0300318732435738,2026,2026-06-30,learned_order_extension,20260912,0.4818553927993659,0.4818553927993659,0,1
monthly_state_ungated,3744,2026-07-03,2026-07-13,-0.0252847876365399,2026,2026-06-30,learned_order_extension,20260912,0.5156513066398392,0.5156513066398392,1,0
monthly_state_ungated,3749,2026-07-10,2026-07-20,-0.035775397012711,2026,2026-06-30,learned_order_extension,20260912,0.5403065477037174,0.5403065477037174,1,0
monthly_state_ungated,3754,2026-07-17,2026-07-27,0.01756245533441,2026,2026-06-30,learned_order_extension,20260912,0.5032118538805617,0.5032118538805617,1,1
monthly_state_ungated,3759,2026-07-24,2026-08-03,-0.0202339761556519,2026,2026-06-30,learned_order_extension,20260912,0.4921460637997216,0.4921460637997216,0,0
monthly_state_ungated,3764,2026-07-31,2026-08-10,0.0300318732435738,2026,2026-06-30,learned_order_extension,20260912,0.4818553927993659,0.4818553927993659,0,1
monthly_state_validated,3744,2026-07-03,2026-07-13,-0.0252847876365399,2026,2026-06-30,learned_order_offset,20260910,0.5200345973909772,0.5200345973909772,1,0
monthly_state_validated,3749,2026-07-10,2026-07-20,-0.035775397012711,2026,2026-06-30,learned_order_offset,20260910,0.5436950585124818,0.5436950585124818,1,0
monthly_state_validated,3754,2026-07-17,2026-07-27,0.01756245533441,2026,2026-06-30,learned_order_offset,20260910,0.508054785466941,0.508054785466941,1,1
monthly_state_validated,3759,2026-07-24,2026-08-03,-0.0202339761556519,2026,2026-06-30,learned_order_offset,20260910,0.5169961256143539,0.5169961256143539,1,0
monthly_state_validated,3764,2026-07-31,2026-08-10,0.0300318732435738,2026,2026-06-30,learned_order_offset,20260910,0.3614644685354211,0.3614644685354211,0,1
monthly_state_ungated,3744,2026-07-03,2026-07-13,-0.0252847876365399,2026,2026-06-30,learned_order_offset,20260910,0.538409279343653,0.538409279343653,1,0
monthly_state_ungated,3749,2026-07-10,2026-07-20,-0.035775397012711,2026,2026-06-30,learned_order_offset,20260910,0.561926978944124,0.561926978944124,1,0
monthly_state_ungated,3754,2026-07-17,2026-07-27,0.01756245533441,2026,2026-06-30,learned_order_offset,20260910,0.508054785466941,0.508054785466941,1,1
monthly_state_ungated,3759,2026-07-24,2026-08-03,-0.0202339761556519,2026,2026-06-30,learned_order_offset,20260910,0.5169961256143539,0.5169961256143539,1,0
monthly_state_ungated,3764,2026-07-31,2026-08-10,0.0300318732435738,2026,2026-06-30,learned_order_offset,20260910,0.3614644685354211,0.3614644685354211,0,1
monthly_state_validated,3744,2026-07-03,2026-07-13,-0.0252847876365399,2026,2026-06-30,learned_order_offset,20260911,0.4511056441001019,0.4511056441001019,0,0
monthly_state_validated,3749,2026-07-10,2026-07-20,-0.035775397012711,2026,2026-06-30,learned_order_offset,20260911,0.3827592265438766,0.3827592265438766,0,0
monthly_state_validated,3754,2026-07-17,2026-07-27,0.01756245533441,2026,2026-06-30,learned_order_offset,20260911,0.43716941946487026,0.43716941946487026,0,1
monthly_state_validated,3759,2026-07-24,2026-08-03,-0.0202339761556519,2026,2026-06-30,learned_order_offset,20260911,0.44889763247147363,0.44889763247147363,0,0
monthly_state_validated,3764,2026-07-31,2026-08-10,0.0300318732435738,2026,2026-06-30,learned_order_offset,20260911,0.43353434012232234,0.43353434012232234,0,1
monthly_state_ungated,3744,2026-07-03,2026-07-13,-0.0252847876365399,2026,2026-06-30,learned_order_offset,20260911,0.46952111845118405,0.46952111845118405,0,0
monthly_state_ungated,3749,2026-07-10,2026-07-20,-0.035775397012711,2026,2026-06-30,learned_order_offset,20260911,0.4004199856346284,0.4004199856346284,0,0
monthly_state_ungated,3754,2026-07-17,2026-07-27,0.01756245533441,2026,2026-06-30,learned_order_offset,20260911,0.43716941946487026,0.43716941946487026,0,1
monthly_state_ungated,3759,2026-07-24,2026-08-03,-0.0202339761556519,2026,2026-06-30,learned_order_offset,20260911,0.44889763247147363,0.44889763247147363,0,0
monthly_state_ungated,3764,2026-07-31,2026-08-10,0.0300318732435738,2026,2026-06-30,learned_order_offset,20260911,0.43353434012232234,0.43353434012232234,0,1
monthly_state_validated,3744,2026-07-03,2026-07-13,-0.0252847876365399,2026,2026-06-30,learned_order_offset,20260912,0.4988441113201745,0.4988441113201745,0,0
monthly_state_validated,3749,2026-07-10,2026-07-20,-0.035775397012711,2026,2026-06-30,learned_order_offset,20260912,0.523535406519861,0.523535406519861,1,0
monthly_state_validated,3754,2026-07-17,2026-07-27,0.01756245533441,2026,2026-06-30,learned_order_offset,20260912,0.5033052897147685,0.5033052897147685,1,1
monthly_state_validated,3759,2026-07-24,2026-08-03,-0.0202339761556519,2026,2026-06-30,learned_order_offset,20260912,0.4922428591218114,0.4922428591218114,0,0
monthly_state_validated,3764,2026-07-31,2026-08-10,0.0300318732435738,2026,2026-06-30,learned_order_offset,20260912,0.4819029511308941,0.4819029511308941,0,1
monthly_state_ungated,3744,2026-07-03,2026-07-13,-0.0252847876365399,2026,2026-06-30,learned_order_offset,20260912,0.5154349117237577,0.5154349117237577,1,0
monthly_state_ungated,3749,2026-07-10,2026-07-20,-0.035775397012711,2026,2026-06-30,learned_order_offset,20260912,0.5400624545406386,0.5400624545406386,1,0
monthly_state_ungated,3754,2026-07-17,2026-07-27,0.01756245533441,2026,2026-06-30,learned_order_offset,20260912,0.5033052897147685,0.5033052897147685,1,1
monthly_state_ungated,3759,2026-07-24,2026-08-03,-0.0202339761556519,2026,2026-06-30,learned_order_offset,20260912,0.4922428591218114,0.4922428591218114,0,0
monthly_state_ungated,3764,2026-07-31,2026-08-10,0.0300318732435738,2026,2026-06-30,learned_order_offset,20260912,0.4819029511308941,0.4819029511308941,0,1
monthly_state_validated,3769,2026-08-07,2026-08-17,-0.0056482265760339,2026,2026-07-31,learned_market,20260910,0.5027122241666967,0.5027122241666967,1,0
monthly_state_validated,3774,2026-08-14,2026-08-24,-0.0109860710402629,2026,2026-07-31,learned_market,20260910,0.5310817605680674,0.5310817605680674,1,0
monthly_state_validated,3779,2026-08-21,2026-08-31,-0.0127592811002066,2026,2026-07-31,learned_market,20260910,0.6651537896005871,0.6651537896005871,1,0
monthly_state_ungated,3769,2026-08-07,2026-08-17,-0.0056482265760339,2026,2026-07-31,learned_market,20260910,0.5027122241666967,0.5027122241666967,1,0
monthly_state_ungated,3774,2026-08-14,2026-08-24,-0.0109860710402629,2026,2026-07-31,learned_market,20260910,0.5310817605680674,0.5310817605680674,1,0
monthly_state_ungated,3779,2026-08-21,2026-08-31,-0.0127592811002066,2026,2026-07-31,learned_market,20260910,0.6651537896005871,0.6651537896005871,1,0
monthly_state_validated,3769,2026-08-07,2026-08-17,-0.0056482265760339,2026,2026-07-31,learned_market,20260911,0.33016870403212256,0.33016870403212256,0,0
monthly_state_validated,3774,2026-08-14,2026-08-24,-0.0109860710402629,2026,2026-07-31,learned_market,20260911,0.459964206845313,0.459964206845313,0,0
monthly_state_validated,3779,2026-08-21,2026-08-31,-0.0127592811002066,2026,2026-07-31,learned_market,20260911,0.4343413838297144,0.4343413838297144,0,0
monthly_state_ungated,3769,2026-08-07,2026-08-17,-0.0056482265760339,2026,2026-07-31,learned_market,20260911,0.33016870403212256,0.33016870403212256,0,0
monthly_state_ungated,3774,2026-08-14,2026-08-24,-0.0109860710402629,2026,2026-07-31,learned_market,20260911,0.459964206845313,0.459964206845313,0,0
monthly_state_ungated,3779,2026-08-21,2026-08-31,-0.0127592811002066,2026,2026-07-31,learned_market,20260911,0.4343413838297144,0.4343413838297144,0,0
monthly_state_validated,3769,2026-08-07,2026-08-17,-0.0056482265760339,2026,2026-07-31,learned_market,20260912,0.5169922363203473,0.5169922363203473,1,0
monthly_state_validated,3774,2026-08-14,2026-08-24,-0.0109860710402629,2026,2026-07-31,learned_market,20260912,0.47409296619698144,0.47409296619698144,0,0
monthly_state_validated,3779,2026-08-21,2026-08-31,-0.0127592811002066,2026,2026-07-31,learned_market,20260912,0.4643846053465112,0.4643846053465112,0,0
monthly_state_ungated,3769,2026-08-07,2026-08-17,-0.0056482265760339,2026,2026-07-31,learned_market,20260912,0.5169922363203473,0.5169922363203473,1,0
monthly_state_ungated,3774,2026-08-14,2026-08-24,-0.0109860710402629,2026,2026-07-31,learned_market,20260912,0.47409296619698144,0.47409296619698144,0,0
monthly_state_ungated,3779,2026-08-21,2026-08-31,-0.0127592811002066,2026,2026-07-31,learned_market,20260912,0.4643846053465112,0.4643846053465112,0,0
monthly_state_validated,3769,2026-08-07,2026-08-17,-0.0056482265760339,2026,2026-07-31,learned_vol_interaction,20260910,0.5018241632757133,0.5018241632757133,1,0
monthly_state_validated,3774,2026-08-14,2026-08-24,-0.0109860710402629,2026,2026-07-31,learned_vol_interaction,20260910,0.5283667849838735,0.5283667849838735,1,0
monthly_state_validated,3779,2026-08-21,2026-08-31,-0.0127592811002066,2026,2026-07-31,learned_vol_interaction,20260910,0.6645868105074454,0.6645868105074454,1,0
monthly_state_ungated,3769,2026-08-07,2026-08-17,-0.0056482265760339,2026,2026-07-31,learned_vol_interaction,20260910,0.5018241632757133,0.5018241632757133,1,0
monthly_state_ungated,3774,2026-08-14,2026-08-24,-0.0109860710402629,2026,2026-07-31,learned_vol_interaction,20260910,0.5283667849838735,0.5283667849838735,1,0
monthly_state_ungated,3779,2026-08-21,2026-08-31,-0.0127592811002066,2026,2026-07-31,learned_vol_interaction,20260910,0.6645868105074454,0.6645868105074454,1,0
monthly_state_validated,3769,2026-08-07,2026-08-17,-0.0056482265760339,2026,2026-07-31,learned_vol_interaction,20260911,0.3598878838643001,0.3598878838643001,0,0
monthly_state_validated,3774,2026-08-14,2026-08-24,-0.0109860710402629,2026,2026-07-31,learned_vol_interaction,20260911,0.4653583842913121,0.4653583842913121,0,0
monthly_state_validated,3779,2026-08-21,2026-08-31,-0.0127592811002066,2026,2026-07-31,learned_vol_interaction,20260911,0.4414273259619546,0.4414273259619546,0,0
monthly_state_ungated,3769,2026-08-07,2026-08-17,-0.0056482265760339,2026,2026-07-31,learned_vol_interaction,20260911,0.3598878838643001,0.3598878838643001,0,0
monthly_state_ungated,3774,2026-08-14,2026-08-24,-0.0109860710402629,2026,2026-07-31,learned_vol_interaction,20260911,0.4653583842913121,0.4653583842913121,0,0
monthly_state_ungated,3779,2026-08-21,2026-08-31,-0.0127592811002066,2026,2026-07-31,learned_vol_interaction,20260911,0.4414273259619546,0.4414273259619546,0,0
monthly_state_validated,3769,2026-08-07,2026-08-17,-0.0056482265760339,2026,2026-07-31,learned_vol_interaction,20260912,0.4913068589563322,0.4913068589563322,0,0
monthly_state_validated,3774,2026-08-14,2026-08-24,-0.0109860710402629,2026,2026-07-31,learned_vol_interaction,20260912,0.46547315716272203,0.46547315716272203,0,0
monthly_state_validated,3779,2026-08-21,2026-08-31,-0.0127592811002066,2026,2026-07-31,learned_vol_interaction,20260912,0.4565503959943362,0.4565503959943362,0,0
monthly_state_ungated,3769,2026-08-07,2026-08-17,-0.0056482265760339,2026,2026-07-31,learned_vol_interaction,20260912,0.4913068589563322,0.4913068589563322,0,0
monthly_state_ungated,3774,2026-08-14,2026-08-24,-0.0109860710402629,2026,2026-07-31,learned_vol_interaction,20260912,0.46547315716272203,0.46547315716272203,0,0
monthly_state_ungated,3779,2026-08-21,2026-08-31,-0.0127592811002066,2026,2026-07-31,learned_vol_interaction,20260912,0.4565503959943362,0.4565503959943362,0,0
monthly_state_validated,3769,2026-08-07,2026-08-17,-0.0056482265760339,2026,2026-07-31,learned_order_extension,20260910,0.4821947855603083,0.4821947855603083,0,0
monthly_state_validated,3774,2026-08-14,2026-08-24,-0.0109860710402629,2026,2026-07-31,learned_order_extension,20260910,0.49567013865267634,0.49567013865267634,0,0
monthly_state_validated,3779,2026-08-21,2026-08-31,-0.0127592811002066,2026,2026-07-31,learned_order_extension,20260910,0.5942017644460034,0.5942017644460034,1,0
monthly_state_ungated,3769,2026-08-07,2026-08-17,-0.0056482265760339,2026,2026-07-31,learned_order_extension,20260910,0.4821947855603083,0.4821947855603083,0,0
monthly_state_ungated,3774,2026-08-14,2026-08-24,-0.0109860710402629,2026,2026-07-31,learned_order_extension,20260910,0.49567013865267634,0.49567013865267634,0,0
monthly_state_ungated,3779,2026-08-21,2026-08-31,-0.0127592811002066,2026,2026-07-31,learned_order_extension,20260910,0.5942017644460034,0.5942017644460034,1,0
monthly_state_validated,3769,2026-08-07,2026-08-17,-0.0056482265760339,2026,2026-07-31,learned_order_extension,20260911,0.2872017560126486,0.2872017560126486,0,0
monthly_state_validated,3774,2026-08-14,2026-08-24,-0.0109860710402629,2026,2026-07-31,learned_order_extension,20260911,0.46907910630736294,0.46907910630736294,0,0
monthly_state_validated,3779,2026-08-21,2026-08-31,-0.0127592811002066,2026,2026-07-31,learned_order_extension,20260911,0.44303971633290073,0.44303971633290073,0,0
monthly_state_ungated,3769,2026-08-07,2026-08-17,-0.0056482265760339,2026,2026-07-31,learned_order_extension,20260911,0.2872017560126486,0.2872017560126486,0,0
monthly_state_ungated,3774,2026-08-14,2026-08-24,-0.0109860710402629,2026,2026-07-31,learned_order_extension,20260911,0.46907910630736294,0.46907910630736294,0,0
monthly_state_ungated,3779,2026-08-21,2026-08-31,-0.0127592811002066,2026,2026-07-31,learned_order_extension,20260911,0.44303971633290073,0.44303971633290073,0,0
monthly_state_validated,3769,2026-08-07,2026-08-17,-0.0056482265760339,2026,2026-07-31,learned_order_extension,20260912,0.5028354128920006,0.5028354128920006,1,0
monthly_state_validated,3774,2026-08-14,2026-08-24,-0.0109860710402629,2026,2026-07-31,learned_order_extension,20260912,0.4725810214103995,0.4725810214103995,0,0
monthly_state_validated,3779,2026-08-21,2026-08-31,-0.0127592811002066,2026,2026-07-31,learned_order_extension,20260912,0.46653070967261673,0.46653070967261673,0,0
monthly_state_ungated,3769,2026-08-07,2026-08-17,-0.0056482265760339,2026,2026-07-31,learned_order_extension,20260912,0.5028354128920006,0.5028354128920006,1,0
monthly_state_ungated,3774,2026-08-14,2026-08-24,-0.0109860710402629,2026,2026-07-31,learned_order_extension,20260912,0.4725810214103995,0.4725810214103995,0,0
monthly_state_ungated,3779,2026-08-21,2026-08-31,-0.0127592811002066,2026,2026-07-31,learned_order_extension,20260912,0.46653070967261673,0.46653070967261673,0,0
monthly_state_validated,3769,2026-08-07,2026-08-17,-0.0056482265760339,2026,2026-07-31,learned_order_offset,20260910,0.48135180455157167,0.48135180455157167,0,0
monthly_state_validated,3774,2026-08-14,2026-08-24,-0.0109860710402629,2026,2026-07-31,learned_order_offset,20260910,0.49538994348876286,0.49538994348876286,0,0
monthly_state_validated,3779,2026-08-21,2026-08-31,-0.0127592811002066,2026,2026-07-31,learned_order_offset,20260910,0.593020025927001,0.593020025927001,1,0
monthly_state_ungated,3769,2026-08-07,2026-08-17,-0.0056482265760339,2026,2026-07-31,learned_order_offset,20260910,0.48135180455157167,0.48135180455157167,0,0
monthly_state_ungated,3774,2026-08-14,2026-08-24,-0.0109860710402629,2026,2026-07-31,learned_order_offset,20260910,0.49538994348876286,0.49538994348876286,0,0
monthly_state_ungated,3779,2026-08-21,2026-08-31,-0.0127592811002066,2026,2026-07-31,learned_order_offset,20260910,0.593020025927001,0.593020025927001,1,0
monthly_state_validated,3769,2026-08-07,2026-08-17,-0.0056482265760339,2026,2026-07-31,learned_order_offset,20260911,0.2875992386914778,0.2875992386914778,0,0
monthly_state_validated,3774,2026-08-14,2026-08-24,-0.0109860710402629,2026,2026-07-31,learned_order_offset,20260911,0.46970929218369795,0.46970929218369795,0,0
monthly_state_validated,3779,2026-08-21,2026-08-31,-0.0127592811002066,2026,2026-07-31,learned_order_offset,20260911,0.44364661674139716,0.44364661674139716,0,0
monthly_state_ungated,3769,2026-08-07,2026-08-17,-0.0056482265760339,2026,2026-07-31,learned_order_offset,20260911,0.2875992386914778,0.2875992386914778,0,0
monthly_state_ungated,3774,2026-08-14,2026-08-24,-0.0109860710402629,2026,2026-07-31,learned_order_offset,20260911,0.46970929218369795,0.46970929218369795,0,0
monthly_state_ungated,3779,2026-08-21,2026-08-31,-0.0127592811002066,2026,2026-07-31,learned_order_offset,20260911,0.44364661674139716,0.44364661674139716,0,0
monthly_state_validated,3769,2026-08-07,2026-08-17,-0.0056482265760339,2026,2026-07-31,learned_order_offset,20260912,0.5027660682169325,0.5027660682169325,1,0
monthly_state_validated,3774,2026-08-14,2026-08-24,-0.0109860710402629,2026,2026-07-31,learned_order_offset,20260912,0.4725999925469034,0.4725999925469034,0,0
monthly_state_validated,3779,2026-08-21,2026-08-31,-0.0127592811002066,2026,2026-07-31,learned_order_offset,20260912,0.4665968127191565,0.4665968127191565,0,0
monthly_state_ungated,3769,2026-08-07,2026-08-17,-0.0056482265760339,2026,2026-07-31,learned_order_offset,20260912,0.5027660682169325,0.5027660682169325,1,0
monthly_state_ungated,3774,2026-08-14,2026-08-24,-0.0109860710402629,2026,2026-07-31,learned_order_offset,20260912,0.4725999925469034,0.4725999925469034,0,0
monthly_state_ungated,3779,2026-08-21,2026-08-31,-0.0127592811002066,2026,2026-07-31,learned_order_offset,20260912,0.4665968127191565,0.4665968127191565,0,0
monthly_state_validated,2418,2021-01-08,2021-01-18,-0.0120052904669853,2021,2020-12-31,native_mse,20260910,-0.00016719672473286887,,0,0
monthly_state_validated,2423,2021-01-15,2021-01-25,0.0231622460538123,2021,2020-12-31,native_mse,20260910,-0.0024576018862454926,,0,1
monthly_state_validated,2428,2021-01-22,2021-02-01,-0.0372511735907923,2021,2020-12-31,native_mse,20260910,-0.003647746896638798,,0,0
monthly_state_validated,2433,2021-01-29,2021-02-08,0.0278689901714626,2021,2020-12-31,native_mse,20260910,-0.0025472735860022446,,0,1
monthly_state_validated,2438,2021-02-05,2021-02-22,0.0507379035040882,2021,2020-12-31,native_mse,20260910,-0.0030793775400414984,,0,1
monthly_state_validated,2443,2021-02-19,2021-03-01,-0.0684918010685315,2021,2020-12-31,native_mse,20260910,-0.0023490676188242655,,0,0
monthly_state_validated,2448,2021-02-26,2021-03-08,-0.0165997123904068,2021,2020-12-31,native_mse,20260910,-0.0023665663755005908,,0,0
monthly_state_validated,2453,2021-03-05,2021-03-15,-0.0346560901469681,2021,2020-12-31,native_mse,20260910,-0.0014253865572098575,,0,0
monthly_state_validated,2458,2021-03-12,2021-03-22,-0.0210550182560221,2021,2020-12-31,native_mse,20260910,-0.0005000901973691782,,0,0
monthly_state_validated,2463,2021-03-19,2021-03-29,0.0087572877565691,2021,2020-12-31,native_mse,20260910,0.006023340982564988,,1,1
monthly_state_validated,2468,2021-03-26,2021-04-06,0.0250145479448802,2021,2020-12-31,native_mse,20260910,0.005598392317839315,,1,1
monthly_state_validated,2473,2021-04-02,2021-04-12,-0.0292856811827044,2021,2020-12-31,native_mse,20260910,0.0036485752776130036,,1,0
monthly_state_validated,2477,2021-04-09,2021-04-19,-0.0120489836840408,2021,2020-12-31,native_mse,20260910,0.007350243400305611,,1,0
monthly_state_validated,2482,2021-04-16,2021-04-26,0.0382932540809155,2021,2020-12-31,native_mse,20260910,0.002900059176571625,,1,1
monthly_state_validated,2487,2021-04-23,2021-05-06,-0.0112070185917437,2021,2020-12-31,native_mse,20260910,0.007596625467989239,,1,0
monthly_state_validated,2492,2021-04-30,2021-05-12,-0.0190946889464188,2021,2020-12-31,native_mse,20260910,0.007105998256782256,,1,0
monthly_state_validated,2494,2021-05-07,2021-05-17,0.0227674429764228,2021,2020-12-31,native_mse,20260910,0.0072995237328683515,,1,1
monthly_state_validated,2499,2021-05-14,2021-05-24,0.0045940519733895,2021,2020-12-31,native_mse,20260910,0.006906583839110419,,1,1
monthly_state_validated,2504,2021-05-21,2021-05-31,0.0348855085126711,2021,2020-12-31,native_mse,20260910,0.0039949465805707365,,1,1
monthly_state_validated,2509,2021-05-28,2021-06-07,-0.0062409741861724,2021,2020-12-31,native_mse,20260910,0.004302626766656515,,1,0
monthly_state_validated,2514,2021-06-04,2021-06-15,-0.0125508761771767,2021,2020-12-31,native_mse,20260910,0.0018010688105476373,,1,0
monthly_state_validated,2519,2021-06-11,2021-06-21,-0.0250011497424577,2021,2020-12-31,native_mse,20260910,-0.0027939130847951473,,0,0
monthly_state_validated,2523,2021-06-18,2021-06-28,0.0325308711127356,2021,2020-12-31,native_mse,20260910,-0.0024054667576293687,,0,1
monthly_state_validated,2528,2021-06-25,2021-07-05,-0.0342297962734196,2021,2020-12-31,native_mse,20260910,-0.0021641013171994155,,0,0
monthly_state_validated,2533,2021-07-02,2021-07-12,0.0068193733271841,2021,2020-12-31,native_mse,20260910,-0.002740282150259048,,0,1
monthly_state_validated,2538,2021-07-09,2021-07-19,-0.0048254045313779,2021,2020-12-31,native_mse,20260910,-0.0025804416168060183,,0,0
monthly_state_validated,2543,2021-07-16,2021-07-26,-0.0032299118953994,2021,2020-12-31,native_mse,20260910,-0.0035112489700114967,,0,0
monthly_state_validated,2548,2021-07-23,2021-08-02,-0.0537740931579083,2021,2020-12-31,native_mse,20260910,-0.002252148085559406,,0,0
monthly_state_validated,2553,2021-07-30,2021-08-09,0.019904813945049,2021,2020-12-31,native_mse,20260910,-0.0013935392955686378,,0,1
monthly_state_validated,2558,2021-08-06,2021-08-16,0.0093369268709639,2021,2020-12-31,native_mse,20260910,-0.0008547058545780883,,0,1
monthly_state_validated,2563,2021-08-13,2021-08-23,-0.032048736608373,2021,2020-12-31,native_mse,20260910,-0.0010996712313164061,,0,0
monthly_state_validated,2568,2021-08-20,2021-08-30,0.0145047962107527,2021,2020-12-31,native_mse,20260910,0.0014984460902095808,,1,1
monthly_state_validated,2573,2021-08-27,2021-09-06,-0.0012316820816045,2021,2020-12-31,native_mse,20260910,0.006590900742918945,,1,0
monthly_state_validated,2578,2021-09-03,2021-09-13,0.0342301066295398,2021,2020-12-31,native_mse,20260910,0.009486980636077728,,1,1
monthly_state_validated,2583,2021-09-10,2021-09-22,-0.0471441667981554,2021,2020-12-31,native_mse,20260910,0.009371153033789907,,1,0
monthly_state_validated,2588,2021-09-17,2021-09-28,0.0209863060789441,2021,2020-12-31,native_mse,20260910,0.009603132896707183,,1,1
monthly_state_validated,2591,2021-09-24,2021-10-11,0.0144615416200457,2021,2020-12-31,native_mse,20260910,0.009682760274058575,,1,1
monthly_state_validated,2596,2021-10-08,2021-10-18,-0.0038006269617851,2021,2020-12-31,native_mse,20260910,0.009091248352644028,,1,0
monthly_state_validated,2601,2021-10-15,2021-10-25,0.0037358989621147,2021,2020-12-31,native_mse,20260910,0.008469619450977196,,1,1
monthly_state_validated,2606,2021-10-22,2021-11-01,-0.0127041632091318,2021,2020-12-31,native_mse,20260910,0.0008933657456787875,,1,0
monthly_state_validated,2611,2021-10-29,2021-11-08,-0.0075807737801166,2021,2020-12-31,native_mse,20260910,0.002406790555140204,,1,0
monthly_state_validated,2616,2021-11-05,2021-11-15,0.0110015182343039,2021,2020-12-31,native_mse,20260910,0.004495816516502967,,1,1
monthly_state_validated,2621,2021-11-12,2021-11-22,0.0002002284238551,2021,2020-12-31,native_mse,20260910,0.008345328596010884,,1,1
monthly_state_validated,2626,2021-11-19,2021-11-29,-0.0153981603100059,2021,2020-12-31,native_mse,20260910,0.006936498727743483,,1,0
monthly_state_validated,2631,2021-11-26,2021-12-06,0.0185518287306458,2021,2020-12-31,native_mse,20260910,0.0043122154605937865,,1,1
monthly_state_validated,2636,2021-12-03,2021-12-13,0.0367843110096284,2021,2020-12-31,native_mse,20260910,0.003903132217743633,,1,1
monthly_state_validated,2641,2021-12-10,2021-12-20,-0.0304615698955996,2021,2020-12-31,native_mse,20260910,0.0011584734670292821,,1,0
monthly_state_validated,2646,2021-12-17,2021-12-27,-0.0034083287233763,2021,2020-12-31,native_mse,20260910,0.008060168302998738,,1,0
monthly_state_validated,2651,2021-12-24,2022-01-04,0.0080985736506613,2021,2020-12-31,native_mse,20260910,0.0074924187486900135,,1,1
monthly_state_validated,2656,2021-12-31,2022-01-10,-0.0293970528320001,2021,2020-12-31,native_mse,20260910,0.008334791957105143,,1,0
monthly_state_validated,2418,2021-01-08,2021-01-18,-0.0120052904669853,2021,2020-12-31,training_frequency,-1,0.5577557755775577,0.5577557755775577,1,0
monthly_state_validated,2423,2021-01-15,2021-01-25,0.0231622460538123,2021,2020-12-31,training_frequency,-1,0.5577557755775577,0.5577557755775577,1,1
monthly_state_validated,2428,2021-01-22,2021-02-01,-0.0372511735907923,2021,2020-12-31,training_frequency,-1,0.5577557755775577,0.5577557755775577,1,0
monthly_state_validated,2433,2021-01-29,2021-02-08,0.0278689901714626,2021,2020-12-31,training_frequency,-1,0.5577557755775577,0.5577557755775577,1,1
monthly_state_validated,2438,2021-02-05,2021-02-22,0.0507379035040882,2021,2020-12-31,training_frequency,-1,0.5577557755775577,0.5577557755775577,1,1
monthly_state_validated,2443,2021-02-19,2021-03-01,-0.0684918010685315,2021,2020-12-31,training_frequency,-1,0.5577557755775577,0.5577557755775577,1,0
monthly_state_validated,2448,2021-02-26,2021-03-08,-0.0165997123904068,2021,2020-12-31,training_frequency,-1,0.5577557755775577,0.5577557755775577,1,0
monthly_state_validated,2453,2021-03-05,2021-03-15,-0.0346560901469681,2021,2020-12-31,training_frequency,-1,0.5577557755775577,0.5577557755775577,1,0
monthly_state_validated,2458,2021-03-12,2021-03-22,-0.0210550182560221,2021,2020-12-31,training_frequency,-1,0.5577557755775577,0.5577557755775577,1,0
monthly_state_validated,2463,2021-03-19,2021-03-29,0.0087572877565691,2021,2020-12-31,training_frequency,-1,0.5577557755775577,0.5577557755775577,1,1
monthly_state_validated,2468,2021-03-26,2021-04-06,0.0250145479448802,2021,2020-12-31,training_frequency,-1,0.5577557755775577,0.5577557755775577,1,1
monthly_state_validated,2473,2021-04-02,2021-04-12,-0.0292856811827044,2021,2020-12-31,training_frequency,-1,0.5577557755775577,0.5577557755775577,1,0
monthly_state_validated,2477,2021-04-09,2021-04-19,-0.0120489836840408,2021,2020-12-31,training_frequency,-1,0.5577557755775577,0.5577557755775577,1,0
monthly_state_validated,2482,2021-04-16,2021-04-26,0.0382932540809155,2021,2020-12-31,training_frequency,-1,0.5577557755775577,0.5577557755775577,1,1
monthly_state_validated,2487,2021-04-23,2021-05-06,-0.0112070185917437,2021,2020-12-31,training_frequency,-1,0.5577557755775577,0.5577557755775577,1,0
monthly_state_validated,2492,2021-04-30,2021-05-12,-0.0190946889464188,2021,2020-12-31,training_frequency,-1,0.5577557755775577,0.5577557755775577,1,0
monthly_state_validated,2494,2021-05-07,2021-05-17,0.0227674429764228,2021,2020-12-31,training_frequency,-1,0.5577557755775577,0.5577557755775577,1,1
monthly_state_validated,2499,2021-05-14,2021-05-24,0.0045940519733895,2021,2020-12-31,training_frequency,-1,0.5577557755775577,0.5577557755775577,1,1
monthly_state_validated,2504,2021-05-21,2021-05-31,0.0348855085126711,2021,2020-12-31,training_frequency,-1,0.5577557755775577,0.5577557755775577,1,1
monthly_state_validated,2509,2021-05-28,2021-06-07,-0.0062409741861724,2021,2020-12-31,training_frequency,-1,0.5577557755775577,0.5577557755775577,1,0
monthly_state_validated,2514,2021-06-04,2021-06-15,-0.0125508761771767,2021,2020-12-31,training_frequency,-1,0.5577557755775577,0.5577557755775577,1,0
monthly_state_validated,2519,2021-06-11,2021-06-21,-0.0250011497424577,2021,2020-12-31,training_frequency,-1,0.5577557755775577,0.5577557755775577,1,0
monthly_state_validated,2523,2021-06-18,2021-06-28,0.0325308711127356,2021,2020-12-31,training_frequency,-1,0.5577557755775577,0.5577557755775577,1,1
monthly_state_validated,2528,2021-06-25,2021-07-05,-0.0342297962734196,2021,2020-12-31,training_frequency,-1,0.5577557755775577,0.5577557755775577,1,0
monthly_state_validated,2533,2021-07-02,2021-07-12,0.0068193733271841,2021,2020-12-31,training_frequency,-1,0.5577557755775577,0.5577557755775577,1,1
monthly_state_validated,2538,2021-07-09,2021-07-19,-0.0048254045313779,2021,2020-12-31,training_frequency,-1,0.5577557755775577,0.5577557755775577,1,0
monthly_state_validated,2543,2021-07-16,2021-07-26,-0.0032299118953994,2021,2020-12-31,training_frequency,-1,0.5577557755775577,0.5577557755775577,1,0
monthly_state_validated,2548,2021-07-23,2021-08-02,-0.0537740931579083,2021,2020-12-31,training_frequency,-1,0.5577557755775577,0.5577557755775577,1,0
monthly_state_validated,2553,2021-07-30,2021-08-09,0.019904813945049,2021,2020-12-31,training_frequency,-1,0.5577557755775577,0.5577557755775577,1,1
monthly_state_validated,2558,2021-08-06,2021-08-16,0.0093369268709639,2021,2020-12-31,training_frequency,-1,0.5577557755775577,0.5577557755775577,1,1
monthly_state_validated,2563,2021-08-13,2021-08-23,-0.032048736608373,2021,2020-12-31,training_frequency,-1,0.5577557755775577,0.5577557755775577,1,0
monthly_state_validated,2568,2021-08-20,2021-08-30,0.0145047962107527,2021,2020-12-31,training_frequency,-1,0.5577557755775577,0.5577557755775577,1,1
monthly_state_validated,2573,2021-08-27,2021-09-06,-0.0012316820816045,2021,2020-12-31,training_frequency,-1,0.5577557755775577,0.5577557755775577,1,0
monthly_state_validated,2578,2021-09-03,2021-09-13,0.0342301066295398,2021,2020-12-31,training_frequency,-1,0.5577557755775577,0.5577557755775577,1,1
monthly_state_validated,2583,2021-09-10,2021-09-22,-0.0471441667981554,2021,2020-12-31,training_frequency,-1,0.5577557755775577,0.5577557755775577,1,0
monthly_state_validated,2588,2021-09-17,2021-09-28,0.0209863060789441,2021,2020-12-31,training_frequency,-1,0.5577557755775577,0.5577557755775577,1,1
monthly_state_validated,2591,2021-09-24,2021-10-11,0.0144615416200457,2021,2020-12-31,training_frequency,-1,0.5577557755775577,0.5577557755775577,1,1
monthly_state_validated,2596,2021-10-08,2021-10-18,-0.0038006269617851,2021,2020-12-31,training_frequency,-1,0.5577557755775577,0.5577557755775577,1,0
monthly_state_validated,2601,2021-10-15,2021-10-25,0.0037358989621147,2021,2020-12-31,training_frequency,-1,0.5577557755775577,0.5577557755775577,1,1
monthly_state_validated,2606,2021-10-22,2021-11-01,-0.0127041632091318,2021,2020-12-31,training_frequency,-1,0.5577557755775577,0.5577557755775577,1,0
monthly_state_validated,2611,2021-10-29,2021-11-08,-0.0075807737801166,2021,2020-12-31,training_frequency,-1,0.5577557755775577,0.5577557755775577,1,0
monthly_state_validated,2616,2021-11-05,2021-11-15,0.0110015182343039,2021,2020-12-31,training_frequency,-1,0.5577557755775577,0.5577557755775577,1,1
monthly_state_validated,2621,2021-11-12,2021-11-22,0.0002002284238551,2021,2020-12-31,training_frequency,-1,0.5577557755775577,0.5577557755775577,1,1
monthly_state_validated,2626,2021-11-19,2021-11-29,-0.0153981603100059,2021,2020-12-31,training_frequency,-1,0.5577557755775577,0.5577557755775577,1,0
monthly_state_validated,2631,2021-11-26,2021-12-06,0.0185518287306458,2021,2020-12-31,training_frequency,-1,0.5577557755775577,0.5577557755775577,1,1
monthly_state_validated,2636,2021-12-03,2021-12-13,0.0367843110096284,2021,2020-12-31,training_frequency,-1,0.5577557755775577,0.5577557755775577,1,1
monthly_state_validated,2641,2021-12-10,2021-12-20,-0.0304615698955996,2021,2020-12-31,training_frequency,-1,0.5577557755775577,0.5577557755775577,1,0
monthly_state_validated,2646,2021-12-17,2021-12-27,-0.0034083287233763,2021,2020-12-31,training_frequency,-1,0.5577557755775577,0.5577557755775577,1,0
monthly_state_validated,2651,2021-12-24,2022-01-04,0.0080985736506613,2021,2020-12-31,training_frequency,-1,0.5577557755775577,0.5577557755775577,1,1
monthly_state_validated,2656,2021-12-31,2022-01-10,-0.0293970528320001,2021,2020-12-31,training_frequency,-1,0.5577557755775577,0.5577557755775577,1,0
monthly_state_validated,2418,2021-01-08,2021-01-18,-0.0120052904669853,2021,2020-12-31,native_mse,20260911,0.008552411017393067,,1,0
monthly_state_validated,2423,2021-01-15,2021-01-25,0.0231622460538123,2021,2020-12-31,native_mse,20260911,0.004218820233000888,,1,1
monthly_state_validated,2428,2021-01-22,2021-02-01,-0.0372511735907923,2021,2020-12-31,native_mse,20260911,0.004959951689017089,,1,0
monthly_state_validated,2433,2021-01-29,2021-02-08,0.0278689901714626,2021,2020-12-31,native_mse,20260911,-0.006242641410233065,,0,1
monthly_state_validated,2438,2021-02-05,2021-02-22,0.0507379035040882,2021,2020-12-31,native_mse,20260911,0.0007951359987466982,,1,1
monthly_state_validated,2443,2021-02-19,2021-03-01,-0.0684918010685315,2021,2020-12-31,native_mse,20260911,-0.0016330918552967294,,0,0
monthly_state_validated,2448,2021-02-26,2021-03-08,-0.0165997123904068,2021,2020-12-31,native_mse,20260911,-0.00533638880364651,,0,0
monthly_state_validated,2453,2021-03-05,2021-03-15,-0.0346560901469681,2021,2020-12-31,native_mse,20260911,-0.011674592766508288,,0,0
monthly_state_validated,2458,2021-03-12,2021-03-22,-0.0210550182560221,2021,2020-12-31,native_mse,20260911,-0.007847066861436623,,0,0
monthly_state_validated,2463,2021-03-19,2021-03-29,0.0087572877565691,2021,2020-12-31,native_mse,20260911,-0.0039060339233599494,,0,1
monthly_state_validated,2468,2021-03-26,2021-04-06,0.0250145479448802,2021,2020-12-31,native_mse,20260911,0.0009273635613917179,,1,1
monthly_state_validated,2473,2021-04-02,2021-04-12,-0.0292856811827044,2021,2020-12-31,native_mse,20260911,-0.0027355840325147787,,0,0
monthly_state_validated,2477,2021-04-09,2021-04-19,-0.0120489836840408,2021,2020-12-31,native_mse,20260911,-0.0036343506408249315,,0,0
monthly_state_validated,2482,2021-04-16,2021-04-26,0.0382932540809155,2021,2020-12-31,native_mse,20260911,-0.0006724515978878938,,0,1
monthly_state_validated,2487,2021-04-23,2021-05-06,-0.0112070185917437,2021,2020-12-31,native_mse,20260911,0.0055289088739753755,,1,0
monthly_state_validated,2492,2021-04-30,2021-05-12,-0.0190946889464188,2021,2020-12-31,native_mse,20260911,0.0033327575219957396,,1,0
monthly_state_validated,2494,2021-05-07,2021-05-17,0.0227674429764228,2021,2020-12-31,native_mse,20260911,0.0021669511395786133,,1,1
monthly_state_validated,2499,2021-05-14,2021-05-24,0.0045940519733895,2021,2020-12-31,native_mse,20260911,0.0011114542693073139,,1,1
monthly_state_validated,2504,2021-05-21,2021-05-31,0.0348855085126711,2021,2020-12-31,native_mse,20260911,0.008400289317996804,,1,1
monthly_state_validated,2509,2021-05-28,2021-06-07,-0.0062409741861724,2021,2020-12-31,native_mse,20260911,0.0007953145198423817,,1,0
monthly_state_validated,2514,2021-06-04,2021-06-15,-0.0125508761771767,2021,2020-12-31,native_mse,20260911,-0.007020166164517651,,0,0
monthly_state_validated,2519,2021-06-11,2021-06-21,-0.0250011497424577,2021,2020-12-31,native_mse,20260911,-0.008619872591947365,,0,0
monthly_state_validated,2523,2021-06-18,2021-06-28,0.0325308711127356,2021,2020-12-31,native_mse,20260911,-0.008791375820448139,,0,1
monthly_state_validated,2528,2021-06-25,2021-07-05,-0.0342297962734196,2021,2020-12-31,native_mse,20260911,-0.008045520831514462,,0,0
monthly_state_validated,2533,2021-07-02,2021-07-12,0.0068193733271841,2021,2020-12-31,native_mse,20260911,-0.007174844548354277,,0,1
monthly_state_validated,2538,2021-07-09,2021-07-19,-0.0048254045313779,2021,2020-12-31,native_mse,20260911,-0.015340492927170088,,0,0
monthly_state_validated,2543,2021-07-16,2021-07-26,-0.0032299118953994,2021,2020-12-31,native_mse,20260911,-0.005208717730643443,,0,0
monthly_state_validated,2548,2021-07-23,2021-08-02,-0.0537740931579083,2021,2020-12-31,native_mse,20260911,-0.005850917345567664,,0,0
monthly_state_validated,2553,2021-07-30,2021-08-09,0.019904813945049,2021,2020-12-31,native_mse,20260911,-0.0028205260505218244,,0,1
monthly_state_validated,2558,2021-08-06,2021-08-16,0.0093369268709639,2021,2020-12-31,native_mse,20260911,0.0007831311211854701,,1,1
monthly_state_validated,2563,2021-08-13,2021-08-23,-0.032048736608373,2021,2020-12-31,native_mse,20260911,-0.0005906639308137641,,0,0
monthly_state_validated,2568,2021-08-20,2021-08-30,0.0145047962107527,2021,2020-12-31,native_mse,20260911,-0.004641917146108556,,0,1
monthly_state_validated,2573,2021-08-27,2021-09-06,-0.0012316820816045,2021,2020-12-31,native_mse,20260911,0.014579973106645959,,1,0
monthly_state_validated,2578,2021-09-03,2021-09-13,0.0342301066295398,2021,2020-12-31,native_mse,20260911,0.008593989010996025,,1,1
monthly_state_validated,2583,2021-09-10,2021-09-22,-0.0471441667981554,2021,2020-12-31,native_mse,20260911,0.008313547741757724,,1,0
monthly_state_validated,2588,2021-09-17,2021-09-28,0.0209863060789441,2021,2020-12-31,native_mse,20260911,0.01165935650344279,,1,1
monthly_state_validated,2591,2021-09-24,2021-10-11,0.0144615416200457,2021,2020-12-31,native_mse,20260911,0.005518532924551857,,1,1
monthly_state_validated,2596,2021-10-08,2021-10-18,-0.0038006269617851,2021,2020-12-31,native_mse,20260911,0.012263523541426666,,1,0
monthly_state_validated,2601,2021-10-15,2021-10-25,0.0037358989621147,2021,2020-12-31,native_mse,20260911,0.005744974739242532,,1,1
monthly_state_validated,2606,2021-10-22,2021-11-01,-0.0127041632091318,2021,2020-12-31,native_mse,20260911,-0.002876912071818175,,0,0
monthly_state_validated,2611,2021-10-29,2021-11-08,-0.0075807737801166,2021,2020-12-31,native_mse,20260911,0.007299876265916085,,1,0
monthly_state_validated,2616,2021-11-05,2021-11-15,0.0110015182343039,2021,2020-12-31,native_mse,20260911,0.01509194783358179,,1,1
monthly_state_validated,2621,2021-11-12,2021-11-22,0.0002002284238551,2021,2020-12-31,native_mse,20260911,0.015091062401740971,,1,1
monthly_state_validated,2626,2021-11-19,2021-11-29,-0.0153981603100059,2021,2020-12-31,native_mse,20260911,0.0038828482450291406,,1,0
monthly_state_validated,2631,2021-11-26,2021-12-06,0.0185518287306458,2021,2020-12-31,native_mse,20260911,0.012319022901115752,,1,1
monthly_state_validated,2636,2021-12-03,2021-12-13,0.0367843110096284,2021,2020-12-31,native_mse,20260911,-0.0032795392457900994,,0,1
monthly_state_validated,2641,2021-12-10,2021-12-20,-0.0304615698955996,2021,2020-12-31,native_mse,20260911,0.0011267436480836153,,1,0
monthly_state_validated,2646,2021-12-17,2021-12-27,-0.0034083287233763,2021,2020-12-31,native_mse,20260911,0.009051863032613542,,1,0
monthly_state_validated,2651,2021-12-24,2022-01-04,0.0080985736506613,2021,2020-12-31,native_mse,20260911,0.011692479032888078,,1,1
monthly_state_validated,2656,2021-12-31,2022-01-10,-0.0293970528320001,2021,2020-12-31,native_mse,20260911,0.0061027978323025915,,1,0
monthly_state_validated,2418,2021-01-08,2021-01-18,-0.0120052904669853,2021,2020-12-31,native_mse,20260912,0.001397497585867654,,1,0
monthly_state_validated,2423,2021-01-15,2021-01-25,0.0231622460538123,2021,2020-12-31,native_mse,20260912,0.0006715229500529757,,1,1
monthly_state_validated,2428,2021-01-22,2021-02-01,-0.0372511735907923,2021,2020-12-31,native_mse,20260912,0.0008989216255188498,,1,0
monthly_state_validated,2433,2021-01-29,2021-02-08,0.0278689901714626,2021,2020-12-31,native_mse,20260912,0.0007959764416317159,,1,1
monthly_state_validated,2438,2021-02-05,2021-02-22,0.0507379035040882,2021,2020-12-31,native_mse,20260912,0.0012803740659475327,,1,1
monthly_state_validated,2443,2021-02-19,2021-03-01,-0.0684918010685315,2021,2020-12-31,native_mse,20260912,0.0009133829615551264,,1,0
monthly_state_validated,2448,2021-02-26,2021-03-08,-0.0165997123904068,2021,2020-12-31,native_mse,20260912,0.0013704992420810927,,1,0
monthly_state_validated,2453,2021-03-05,2021-03-15,-0.0346560901469681,2021,2020-12-31,native_mse,20260912,0.0008756814992302536,,1,0
monthly_state_validated,2458,2021-03-12,2021-03-22,-0.0210550182560221,2021,2020-12-31,native_mse,20260912,0.0011757184818956695,,1,0
monthly_state_validated,2463,2021-03-19,2021-03-29,0.0087572877565691,2021,2020-12-31,native_mse,20260912,0.0010792053864410744,,1,1
monthly_state_validated,2468,2021-03-26,2021-04-06,0.0250145479448802,2021,2020-12-31,native_mse,20260912,0.0011499309968955886,,1,1
monthly_state_validated,2473,2021-04-02,2021-04-12,-0.0292856811827044,2021,2020-12-31,native_mse,20260912,0.0010410156043567688,,1,0
monthly_state_validated,2477,2021-04-09,2021-04-19,-0.0120489836840408,2021,2020-12-31,native_mse,20260912,0.0015346227958627386,,1,0
monthly_state_validated,2482,2021-04-16,2021-04-26,0.0382932540809155,2021,2020-12-31,native_mse,20260912,0.001333459240383137,,1,1
monthly_state_validated,2487,2021-04-23,2021-05-06,-0.0112070185917437,2021,2020-12-31,native_mse,20260912,0.0016691075435783544,,1,0
monthly_state_validated,2492,2021-04-30,2021-05-12,-0.0190946889464188,2021,2020-12-31,native_mse,20260912,0.0008697905080337705,,1,0
monthly_state_validated,2494,2021-05-07,2021-05-17,0.0227674429764228,2021,2020-12-31,native_mse,20260912,0.0011496090030479206,,1,1
monthly_state_validated,2499,2021-05-14,2021-05-24,0.0045940519733895,2021,2020-12-31,native_mse,20260912,0.0010483063772099349,,1,1
monthly_state_validated,2504,2021-05-21,2021-05-31,0.0348855085126711,2021,2020-12-31,native_mse,20260912,0.0011439525898009322,,1,1
monthly_state_validated,2509,2021-05-28,2021-06-07,-0.0062409741861724,2021,2020-12-31,native_mse,20260912,0.0011525125328662067,,1,0
monthly_state_validated,2514,2021-06-04,2021-06-15,-0.0125508761771767,2021,2020-12-31,native_mse,20260912,0.0007128828650729158,,1,0
monthly_state_validated,2519,2021-06-11,2021-06-21,-0.0250011497424577,2021,2020-12-31,native_mse,20260912,0.0008407535701623152,,1,0
monthly_state_validated,2523,2021-06-18,2021-06-28,0.0325308711127356,2021,2020-12-31,native_mse,20260912,0.0005295128002944305,,1,1
monthly_state_validated,2528,2021-06-25,2021-07-05,-0.0342297962734196,2021,2020-12-31,native_mse,20260912,0.0004392776625445282,,1,0
monthly_state_validated,2533,2021-07-02,2021-07-12,0.0068193733271841,2021,2020-12-31,native_mse,20260912,0.0008802423955353033,,1,1
monthly_state_validated,2538,2021-07-09,2021-07-19,-0.0048254045313779,2021,2020-12-31,native_mse,20260912,0.001025036941487719,,1,0
monthly_state_validated,2543,2021-07-16,2021-07-26,-0.0032299118953994,2021,2020-12-31,native_mse,20260912,0.0009848540154367372,,1,0
monthly_state_validated,2548,2021-07-23,2021-08-02,-0.0537740931579083,2021,2020-12-31,native_mse,20260912,0.0010837390229232473,,1,0
monthly_state_validated,2553,2021-07-30,2021-08-09,0.019904813945049,2021,2020-12-31,native_mse,20260912,0.0007753634039124927,,1,1
monthly_state_validated,2558,2021-08-06,2021-08-16,0.0093369268709639,2021,2020-12-31,native_mse,20260912,0.0010686946751112278,,1,1
monthly_state_validated,2563,2021-08-13,2021-08-23,-0.032048736608373,2021,2020-12-31,native_mse,20260912,0.0016819071064647707,,1,0
monthly_state_validated,2568,2021-08-20,2021-08-30,0.0145047962107527,2021,2020-12-31,native_mse,20260912,0.0015674609930577542,,1,1
monthly_state_validated,2573,2021-08-27,2021-09-06,-0.0012316820816045,2021,2020-12-31,native_mse,20260912,0.0015518786224257932,,1,0
monthly_state_validated,2578,2021-09-03,2021-09-13,0.0342301066295398,2021,2020-12-31,native_mse,20260912,0.0015775578367383941,,1,1
monthly_state_validated,2583,2021-09-10,2021-09-22,-0.0471441667981554,2021,2020-12-31,native_mse,20260912,0.00097730888589041,,1,0
monthly_state_validated,2588,2021-09-17,2021-09-28,0.0209863060789441,2021,2020-12-31,native_mse,20260912,0.0010514539644274003,,1,1
monthly_state_validated,2591,2021-09-24,2021-10-11,0.0144615416200457,2021,2020-12-31,native_mse,20260912,0.0009736007301348337,,1,1
monthly_state_validated,2596,2021-10-08,2021-10-18,-0.0038006269617851,2021,2020-12-31,native_mse,20260912,0.0017059097904301645,,1,0
monthly_state_validated,2601,2021-10-15,2021-10-25,0.0037358989621147,2021,2020-12-31,native_mse,20260912,0.0013112113818953192,,1,1
monthly_state_validated,2606,2021-10-22,2021-11-01,-0.0127041632091318,2021,2020-12-31,native_mse,20260912,0.001166627382206441,,1,0
monthly_state_validated,2611,2021-10-29,2021-11-08,-0.0075807737801166,2021,2020-12-31,native_mse,20260912,0.0010497018546840582,,1,0
monthly_state_validated,2616,2021-11-05,2021-11-15,0.0110015182343039,2021,2020-12-31,native_mse,20260912,0.0009666279543883876,,1,1
monthly_state_validated,2621,2021-11-12,2021-11-22,0.0002002284238551,2021,2020-12-31,native_mse,20260912,0.00100753152357648,,1,1
monthly_state_validated,2626,2021-11-19,2021-11-29,-0.0153981603100059,2021,2020-12-31,native_mse,20260912,0.0011440904261233744,,1,0
monthly_state_validated,2631,2021-11-26,2021-12-06,0.0185518287306458,2021,2020-12-31,native_mse,20260912,0.0008222023383696463,,1,1
monthly_state_validated,2636,2021-12-03,2021-12-13,0.0367843110096284,2021,2020-12-31,native_mse,20260912,0.000663622110562264,,1,1
monthly_state_validated,2641,2021-12-10,2021-12-20,-0.0304615698955996,2021,2020-12-31,native_mse,20260912,0.0012207854253852776,,1,0
monthly_state_validated,2646,2021-12-17,2021-12-27,-0.0034083287233763,2021,2020-12-31,native_mse,20260912,0.0012339786672550855,,1,0
monthly_state_validated,2651,2021-12-24,2022-01-04,0.0080985736506613,2021,2020-12-31,native_mse,20260912,0.0010451229218044734,,1,1
monthly_state_validated,2656,2021-12-31,2022-01-10,-0.0293970528320001,2021,2020-12-31,native_mse,20260912,0.001214204791414166,,1,0
monthly_state_validated,2660,2022-01-07,2022-01-17,-0.0173453887283024,2022,2021-12-31,native_mse,20260910,-0.0034182510339292468,,0,0
monthly_state_validated,2665,2022-01-14,2022-01-24,0.0053248631776616,2022,2021-12-31,native_mse,20260910,0.004761167720503064,,1,1
monthly_state_validated,2670,2022-01-21,2022-02-07,-0.0242661876254222,2022,2021-12-31,native_mse,20260910,0.013137367547165641,,1,0
monthly_state_validated,2675,2022-01-28,2022-02-14,-0.0127539031341488,2022,2021-12-31,native_mse,20260910,0.010886081661597602,,1,0
monthly_state_validated,2680,2022-02-11,2022-02-21,0.0145498774954033,2022,2021-12-31,native_mse,20260910,0.008879219089809445,,1,1
monthly_state_validated,2685,2022-02-18,2022-02-28,-0.0177161244498015,2022,2021-12-31,native_mse,20260910,0.009476567447344621,,1,0
monthly_state_validated,2690,2022-02-25,2022-03-07,-0.0221791776043331,2022,2021-12-31,native_mse,20260910,0.01051598647298397,,1,0
monthly_state_validated,2695,2022-03-04,2022-03-14,-0.0480378799422749,2022,2021-12-31,native_mse,20260910,0.007053677912636015,,1,0
monthly_state_validated,2700,2022-03-11,2022-03-21,0.007530336734814,2022,2021-12-31,native_mse,20260910,0.010804442451387935,,1,1
monthly_state_validated,2705,2022-03-18,2022-03-28,-0.0353493110038457,2022,2021-12-31,native_mse,20260910,0.0072982657258971444,,1,0
monthly_state_validated,2710,2022-03-25,2022-04-06,0.0314834190717003,2022,2021-12-31,native_mse,20260910,0.007546796616275884,,1,1
monthly_state_validated,2715,2022-04-01,2022-04-12,-0.0129237372705649,2022,2021-12-31,native_mse,20260910,0.006781430452769677,,1,0
monthly_state_validated,2718,2022-04-08,2022-04-18,-0.0120986062576864,2022,2021-12-31,native_mse,20260910,0.00652895075643567,,1,0
monthly_state_validated,2723,2022-04-15,2022-04-25,-0.0528494340140576,2022,2021-12-31,native_mse,20260910,0.006385447465197085,,1,0
monthly_state_validated,2728,2022-04-22,2022-05-05,0.015736821365468,2022,2021-12-31,native_mse,20260910,0.005099274511858865,,1,1
monthly_state_validated,2733,2022-04-29,2022-05-11,-0.0278824133054675,2022,2021-12-31,native_mse,20260910,0.004344044298975658,,1,0
monthly_state_validated,2735,2022-05-06,2022-05-16,0.033741423035827,2022,2021-12-31,native_mse,20260910,0.0035518248227642247,,1,1
monthly_state_validated,2740,2022-05-13,2022-05-23,0.0164308841843088,2022,2021-12-31,native_mse,20260910,0.002890441768532801,,1,1
monthly_state_validated,2745,2022-05-20,2022-05-30,-0.0147293413085614,2022,2021-12-31,native_mse,20260910,0.002556802191789734,,1,0
monthly_state_validated,2750,2022-05-27,2022-06-13,0.0431748431927498,2022,2021-12-31,native_mse,20260910,-0.006714076298392413,,0,1
monthly_state_validated,2759,2022-06-10,2022-06-20,0.0306046547112142,2022,2021-12-31,native_mse,20260910,-0.0017160693271902699,,0,1
monthly_state_validated,2764,2022-06-17,2022-06-27,0.0211666894141107,2022,2021-12-31,native_mse,20260910,-0.005554400786314341,,0,1
monthly_state_validated,2769,2022-06-24,2022-07-04,0.0074507343130214,2022,2021-12-31,native_mse,20260910,-0.006611900023593844,,0,1
monthly_state_validated,2774,2022-07-01,2022-07-11,-0.0092349827532707,2022,2021-12-31,native_mse,20260910,-0.001849659274069034,,0,0
monthly_state_validated,2779,2022-07-08,2022-07-18,-0.0326815927737367,2022,2021-12-31,native_mse,20260910,-0.0036295526636022737,,0,0
monthly_state_validated,2784,2022-07-15,2022-07-25,-0.0066210715249344,2022,2021-12-31,native_mse,20260910,-0.00726704662423343,,0,0
monthly_state_validated,2789,2022-07-22,2022-08-01,-0.0173077967751003,2022,2021-12-31,native_mse,20260910,-0.005304375487712945,,0,0
monthly_state_validated,2794,2022-07-29,2022-08-08,-0.004456034513838,2022,2021-12-31,native_mse,20260910,0.012166125781651363,,1,0
monthly_state_validated,2799,2022-08-05,2022-08-15,0.0091475117753996,2022,2021-12-31,native_mse,20260910,0.004077391662883762,,1,1
monthly_state_validated,2804,2022-08-12,2022-08-22,-0.0107272727272728,2022,2021-12-31,native_mse,20260910,0.0035826870942200968,,1,0
monthly_state_validated,2809,2022-08-19,2022-08-29,-0.0172375434082356,2022,2021-12-31,native_mse,20260910,0.012796192349441387,,1,0
monthly_state_validated,2814,2022-08-26,2022-09-05,-0.0131573766941938,2022,2021-12-31,native_mse,20260910,0.0045980644388349074,,1,0
monthly_state_validated,2819,2022-09-02,2022-09-13,0.0253340680878015,2022,2021-12-31,native_mse,20260910,0.0016393163861851791,,1,1
monthly_state_validated,2824,2022-09-09,2022-09-19,-0.044647264962877,2022,2021-12-31,native_mse,20260910,0.011024491197755238,,1,0
monthly_state_validated,2828,2022-09-16,2022-09-26,-0.025155151434928,2022,2021-12-31,native_mse,20260910,0.0006249539921165778,,1,0
monthly_state_validated,2833,2022-09-23,2022-10-10,-0.0060162941299352,2022,2021-12-31,native_mse,20260910,0.00941379002591237,,1,0
monthly_state_validated,2838,2022-09-30,2022-10-17,0.0041192047412885,2022,2021-12-31,native_mse,20260910,-0.003455449604433236,,0,1
monthly_state_validated,2843,2022-10-14,2022-10-24,-0.0246766294110258,2022,2021-12-31,native_mse,20260910,0.004982119577206458,,1,0
monthly_state_validated,2848,2022-10-21,2022-10-31,-0.059928861134359,2022,2021-12-31,native_mse,20260910,0.004400428951388619,,1,0
monthly_state_validated,2853,2022-10-28,2022-11-07,0.071339502526744,2022,2021-12-31,native_mse,20260910,-0.004533662272660886,,0,1
monthly_state_validated,2858,2022-11-04,2022-11-14,0.0169449090696014,2022,2021-12-31,native_mse,20260910,0.009145763900992613,,1,1
monthly_state_validated,2863,2022-11-11,2022-11-21,-0.0127051391515239,2022,2021-12-31,native_mse,20260910,0.005105981957746508,,1,0
monthly_state_validated,2868,2022-11-18,2022-11-28,-0.0179672806084416,2022,2021-12-31,native_mse,20260910,0.004390010241707061,,1,0
monthly_state_validated,2873,2022-11-25,2022-12-05,0.0555768659337096,2022,2021-12-31,native_mse,20260910,-0.0021694749097981593,,0,1
monthly_state_validated,2878,2022-12-02,2022-12-12,0.0175374394775362,2022,2021-12-31,native_mse,20260910,-0.008963509314181651,,0,1
monthly_state_validated,2883,2022-12-09,2022-12-19,-0.0058850602464181,2022,2021-12-31,native_mse,20260910,-0.008742160121666592,,0,0
monthly_state_validated,2888,2022-12-16,2022-12-26,-0.0309150292073658,2022,2021-12-31,native_mse,20260910,0.00021070675399415396,,1,0
monthly_state_validated,2893,2022-12-23,2023-01-03,0.0089464492229616,2022,2021-12-31,native_mse,20260910,-0.006931659189351796,,0,1
monthly_state_validated,2898,2022-12-30,2023-01-09,0.0345913414268119,2022,2021-12-31,native_mse,20260910,-0.004005139352311209,,0,1
monthly_state_validated,2660,2022-01-07,2022-01-17,-0.0173453887283024,2022,2021-12-31,training_frequency,-1,0.5458298926507019,0.5458298926507019,1,0
monthly_state_validated,2665,2022-01-14,2022-01-24,0.0053248631776616,2022,2021-12-31,training_frequency,-1,0.5458298926507019,0.5458298926507019,1,1
monthly_state_validated,2670,2022-01-21,2022-02-07,-0.0242661876254222,2022,2021-12-31,training_frequency,-1,0.5458298926507019,0.5458298926507019,1,0
monthly_state_validated,2675,2022-01-28,2022-02-14,-0.0127539031341488,2022,2021-12-31,training_frequency,-1,0.5458298926507019,0.5458298926507019,1,0
monthly_state_validated,2680,2022-02-11,2022-02-21,0.0145498774954033,2022,2021-12-31,training_frequency,-1,0.5458298926507019,0.5458298926507019,1,1
monthly_state_validated,2685,2022-02-18,2022-02-28,-0.0177161244498015,2022,2021-12-31,training_frequency,-1,0.5458298926507019,0.5458298926507019,1,0
monthly_state_validated,2690,2022-02-25,2022-03-07,-0.0221791776043331,2022,2021-12-31,training_frequency,-1,0.5458298926507019,0.5458298926507019,1,0
monthly_state_validated,2695,2022-03-04,2022-03-14,-0.0480378799422749,2022,2021-12-31,training_frequency,-1,0.5458298926507019,0.5458298926507019,1,0
monthly_state_validated,2700,2022-03-11,2022-03-21,0.007530336734814,2022,2021-12-31,training_frequency,-1,0.5458298926507019,0.5458298926507019,1,1
monthly_state_validated,2705,2022-03-18,2022-03-28,-0.0353493110038457,2022,2021-12-31,training_frequency,-1,0.5458298926507019,0.5458298926507019,1,0
monthly_state_validated,2710,2022-03-25,2022-04-06,0.0314834190717003,2022,2021-12-31,training_frequency,-1,0.5458298926507019,0.5458298926507019,1,1
monthly_state_validated,2715,2022-04-01,2022-04-12,-0.0129237372705649,2022,2021-12-31,training_frequency,-1,0.5458298926507019,0.5458298926507019,1,0
monthly_state_validated,2718,2022-04-08,2022-04-18,-0.0120986062576864,2022,2021-12-31,training_frequency,-1,0.5458298926507019,0.5458298926507019,1,0
monthly_state_validated,2723,2022-04-15,2022-04-25,-0.0528494340140576,2022,2021-12-31,training_frequency,-1,0.5458298926507019,0.5458298926507019,1,0
monthly_state_validated,2728,2022-04-22,2022-05-05,0.015736821365468,2022,2021-12-31,training_frequency,-1,0.5458298926507019,0.5458298926507019,1,1
monthly_state_validated,2733,2022-04-29,2022-05-11,-0.0278824133054675,2022,2021-12-31,training_frequency,-1,0.5458298926507019,0.5458298926507019,1,0
monthly_state_validated,2735,2022-05-06,2022-05-16,0.033741423035827,2022,2021-12-31,training_frequency,-1,0.5458298926507019,0.5458298926507019,1,1
monthly_state_validated,2740,2022-05-13,2022-05-23,0.0164308841843088,2022,2021-12-31,training_frequency,-1,0.5458298926507019,0.5458298926507019,1,1
monthly_state_validated,2745,2022-05-20,2022-05-30,-0.0147293413085614,2022,2021-12-31,training_frequency,-1,0.5458298926507019,0.5458298926507019,1,0
monthly_state_validated,2750,2022-05-27,2022-06-13,0.0431748431927498,2022,2021-12-31,training_frequency,-1,0.5458298926507019,0.5458298926507019,1,1
monthly_state_validated,2759,2022-06-10,2022-06-20,0.0306046547112142,2022,2021-12-31,training_frequency,-1,0.5458298926507019,0.5458298926507019,1,1
monthly_state_validated,2764,2022-06-17,2022-06-27,0.0211666894141107,2022,2021-12-31,training_frequency,-1,0.5458298926507019,0.5458298926507019,1,1
monthly_state_validated,2769,2022-06-24,2022-07-04,0.0074507343130214,2022,2021-12-31,training_frequency,-1,0.5458298926507019,0.5458298926507019,1,1
monthly_state_validated,2774,2022-07-01,2022-07-11,-0.0092349827532707,2022,2021-12-31,training_frequency,-1,0.5458298926507019,0.5458298926507019,1,0
monthly_state_validated,2779,2022-07-08,2022-07-18,-0.0326815927737367,2022,2021-12-31,training_frequency,-1,0.5458298926507019,0.5458298926507019,1,0
monthly_state_validated,2784,2022-07-15,2022-07-25,-0.0066210715249344,2022,2021-12-31,training_frequency,-1,0.5458298926507019,0.5458298926507019,1,0
monthly_state_validated,2789,2022-07-22,2022-08-01,-0.0173077967751003,2022,2021-12-31,training_frequency,-1,0.5458298926507019,0.5458298926507019,1,0
monthly_state_validated,2794,2022-07-29,2022-08-08,-0.004456034513838,2022,2021-12-31,training_frequency,-1,0.5458298926507019,0.5458298926507019,1,0
monthly_state_validated,2799,2022-08-05,2022-08-15,0.0091475117753996,2022,2021-12-31,training_frequency,-1,0.5458298926507019,0.5458298926507019,1,1
monthly_state_validated,2804,2022-08-12,2022-08-22,-0.0107272727272728,2022,2021-12-31,training_frequency,-1,0.5458298926507019,0.5458298926507019,1,0
monthly_state_validated,2809,2022-08-19,2022-08-29,-0.0172375434082356,2022,2021-12-31,training_frequency,-1,0.5458298926507019,0.5458298926507019,1,0
monthly_state_validated,2814,2022-08-26,2022-09-05,-0.0131573766941938,2022,2021-12-31,training_frequency,-1,0.5458298926507019,0.5458298926507019,1,0
monthly_state_validated,2819,2022-09-02,2022-09-13,0.0253340680878015,2022,2021-12-31,training_frequency,-1,0.5458298926507019,0.5458298926507019,1,1
monthly_state_validated,2824,2022-09-09,2022-09-19,-0.044647264962877,2022,2021-12-31,training_frequency,-1,0.5458298926507019,0.5458298926507019,1,0
monthly_state_validated,2828,2022-09-16,2022-09-26,-0.025155151434928,2022,2021-12-31,training_frequency,-1,0.5458298926507019,0.5458298926507019,1,0
monthly_state_validated,2833,2022-09-23,2022-10-10,-0.0060162941299352,2022,2021-12-31,training_frequency,-1,0.5458298926507019,0.5458298926507019,1,0
monthly_state_validated,2838,2022-09-30,2022-10-17,0.0041192047412885,2022,2021-12-31,training_frequency,-1,0.5458298926507019,0.5458298926507019,1,1
monthly_state_validated,2843,2022-10-14,2022-10-24,-0.0246766294110258,2022,2021-12-31,training_frequency,-1,0.5458298926507019,0.5458298926507019,1,0
monthly_state_validated,2848,2022-10-21,2022-10-31,-0.059928861134359,2022,2021-12-31,training_frequency,-1,0.5458298926507019,0.5458298926507019,1,0
monthly_state_validated,2853,2022-10-28,2022-11-07,0.071339502526744,2022,2021-12-31,training_frequency,-1,0.5458298926507019,0.5458298926507019,1,1
monthly_state_validated,2858,2022-11-04,2022-11-14,0.0169449090696014,2022,2021-12-31,training_frequency,-1,0.5458298926507019,0.5458298926507019,1,1
monthly_state_validated,2863,2022-11-11,2022-11-21,-0.0127051391515239,2022,2021-12-31,training_frequency,-1,0.5458298926507019,0.5458298926507019,1,0
monthly_state_validated,2868,2022-11-18,2022-11-28,-0.0179672806084416,2022,2021-12-31,training_frequency,-1,0.5458298926507019,0.5458298926507019,1,0
monthly_state_validated,2873,2022-11-25,2022-12-05,0.0555768659337096,2022,2021-12-31,training_frequency,-1,0.5458298926507019,0.5458298926507019,1,1
monthly_state_validated,2878,2022-12-02,2022-12-12,0.0175374394775362,2022,2021-12-31,training_frequency,-1,0.5458298926507019,0.5458298926507019,1,1
monthly_state_validated,2883,2022-12-09,2022-12-19,-0.0058850602464181,2022,2021-12-31,training_frequency,-1,0.5458298926507019,0.5458298926507019,1,0
monthly_state_validated,2888,2022-12-16,2022-12-26,-0.0309150292073658,2022,2021-12-31,training_frequency,-1,0.5458298926507019,0.5458298926507019,1,0
monthly_state_validated,2893,2022-12-23,2023-01-03,0.0089464492229616,2022,2021-12-31,training_frequency,-1,0.5458298926507019,0.5458298926507019,1,1
monthly_state_validated,2898,2022-12-30,2023-01-09,0.0345913414268119,2022,2021-12-31,training_frequency,-1,0.5458298926507019,0.5458298926507019,1,1
monthly_state_validated,2660,2022-01-07,2022-01-17,-0.0173453887283024,2022,2021-12-31,native_mse,20260911,0.007330315708159769,,1,0
monthly_state_validated,2665,2022-01-14,2022-01-24,0.0053248631776616,2022,2021-12-31,native_mse,20260911,0.015471274729398543,,1,1
monthly_state_validated,2670,2022-01-21,2022-02-07,-0.0242661876254222,2022,2021-12-31,native_mse,20260911,0.009873111042602054,,1,0
monthly_state_validated,2675,2022-01-28,2022-02-14,-0.0127539031341488,2022,2021-12-31,native_mse,20260911,0.0025503118790792955,,1,0
monthly_state_validated,2680,2022-02-11,2022-02-21,0.0145498774954033,2022,2021-12-31,native_mse,20260911,0.0063949393307865515,,1,1
monthly_state_validated,2685,2022-02-18,2022-02-28,-0.0177161244498015,2022,2021-12-31,native_mse,20260911,0.004306186298337274,,1,0
monthly_state_validated,2690,2022-02-25,2022-03-07,-0.0221791776043331,2022,2021-12-31,native_mse,20260911,0.00884306439536679,,1,0
monthly_state_validated,2695,2022-03-04,2022-03-14,-0.0480378799422749,2022,2021-12-31,native_mse,20260911,0.008878575004775912,,1,0
monthly_state_validated,2700,2022-03-11,2022-03-21,0.007530336734814,2022,2021-12-31,native_mse,20260911,0.008804997087552644,,1,1
monthly_state_validated,2705,2022-03-18,2022-03-28,-0.0353493110038457,2022,2021-12-31,native_mse,20260911,0.0029149751065889705,,1,0
monthly_state_validated,2710,2022-03-25,2022-04-06,0.0314834190717003,2022,2021-12-31,native_mse,20260911,0.009608904415587632,,1,1
monthly_state_validated,2715,2022-04-01,2022-04-12,-0.0129237372705649,2022,2021-12-31,native_mse,20260911,0.013290024702572031,,1,0
monthly_state_validated,2718,2022-04-08,2022-04-18,-0.0120986062576864,2022,2021-12-31,native_mse,20260911,0.0032429576095984285,,1,0
monthly_state_validated,2723,2022-04-15,2022-04-25,-0.0528494340140576,2022,2021-12-31,native_mse,20260911,0.016983479995433693,,1,0
monthly_state_validated,2728,2022-04-22,2022-05-05,0.015736821365468,2022,2021-12-31,native_mse,20260911,0.011987542362233185,,1,1
monthly_state_validated,2733,2022-04-29,2022-05-11,-0.0278824133054675,2022,2021-12-31,native_mse,20260911,0.0046606294840712235,,1,0
monthly_state_validated,2735,2022-05-06,2022-05-16,0.033741423035827,2022,2021-12-31,native_mse,20260911,-0.002196005566182584,,0,1
monthly_state_validated,2740,2022-05-13,2022-05-23,0.0164308841843088,2022,2021-12-31,native_mse,20260911,0.0038854901281264037,,1,1
monthly_state_validated,2745,2022-05-20,2022-05-30,-0.0147293413085614,2022,2021-12-31,native_mse,20260911,0.005767086549547615,,1,0
monthly_state_validated,2750,2022-05-27,2022-06-13,0.0431748431927498,2022,2021-12-31,native_mse,20260911,0.001263767062796844,,1,1
monthly_state_validated,2759,2022-06-10,2022-06-20,0.0306046547112142,2022,2021-12-31,native_mse,20260911,-0.0024637080117748144,,0,1
monthly_state_validated,2764,2022-06-17,2022-06-27,0.0211666894141107,2022,2021-12-31,native_mse,20260911,-0.0034192691302211337,,0,1
monthly_state_validated,2769,2022-06-24,2022-07-04,0.0074507343130214,2022,2021-12-31,native_mse,20260911,0.0007173637240202417,,1,1
monthly_state_validated,2774,2022-07-01,2022-07-11,-0.0092349827532707,2022,2021-12-31,native_mse,20260911,0.00019356382111467723,,1,0
monthly_state_validated,2779,2022-07-08,2022-07-18,-0.0326815927737367,2022,2021-12-31,native_mse,20260911,-0.002705313965036355,,0,0
monthly_state_validated,2784,2022-07-15,2022-07-25,-0.0066210715249344,2022,2021-12-31,native_mse,20260911,-0.01432584048846508,,0,0
monthly_state_validated,2789,2022-07-22,2022-08-01,-0.0173077967751003,2022,2021-12-31,native_mse,20260911,-0.01380965748442494,,0,0
monthly_state_validated,2794,2022-07-29,2022-08-08,-0.004456034513838,2022,2021-12-31,native_mse,20260911,-0.0005052222003642227,,0,0
monthly_state_validated,2799,2022-08-05,2022-08-15,0.0091475117753996,2022,2021-12-31,native_mse,20260911,0.011525493600414192,,1,1
monthly_state_validated,2804,2022-08-12,2022-08-22,-0.0107272727272728,2022,2021-12-31,native_mse,20260911,0.011216024245490553,,1,0
monthly_state_validated,2809,2022-08-19,2022-08-29,-0.0172375434082356,2022,2021-12-31,native_mse,20260911,0.011754323018096325,,1,0
monthly_state_validated,2814,2022-08-26,2022-09-05,-0.0131573766941938,2022,2021-12-31,native_mse,20260911,0.015594603509631271,,1,0
monthly_state_validated,2819,2022-09-02,2022-09-13,0.0253340680878015,2022,2021-12-31,native_mse,20260911,0.010900596081000016,,1,1
monthly_state_validated,2824,2022-09-09,2022-09-19,-0.044647264962877,2022,2021-12-31,native_mse,20260911,0.009845699372826781,,1,0
monthly_state_validated,2828,2022-09-16,2022-09-26,-0.025155151434928,2022,2021-12-31,native_mse,20260911,0.008491582609497948,,1,0
monthly_state_validated,2833,2022-09-23,2022-10-10,-0.0060162941299352,2022,2021-12-31,native_mse,20260911,0.016496050845990925,,1,0
monthly_state_validated,2838,2022-09-30,2022-10-17,0.0041192047412885,2022,2021-12-31,native_mse,20260911,0.0066528810646222045,,1,1
monthly_state_validated,2843,2022-10-14,2022-10-24,-0.0246766294110258,2022,2021-12-31,native_mse,20260911,0.007009044538463505,,1,0
monthly_state_validated,2848,2022-10-21,2022-10-31,-0.059928861134359,2022,2021-12-31,native_mse,20260911,0.010852556503638734,,1,0
monthly_state_validated,2853,2022-10-28,2022-11-07,0.071339502526744,2022,2021-12-31,native_mse,20260911,0.006842543646863063,,1,1
monthly_state_validated,2858,2022-11-04,2022-11-14,0.0169449090696014,2022,2021-12-31,native_mse,20260911,-0.008549410923537592,,0,1
monthly_state_validated,2863,2022-11-11,2022-11-21,-0.0127051391515239,2022,2021-12-31,native_mse,20260911,-0.005215109557773304,,0,0
monthly_state_validated,2868,2022-11-18,2022-11-28,-0.0179672806084416,2022,2021-12-31,native_mse,20260911,-0.010307087880643545,,0,0
monthly_state_validated,2873,2022-11-25,2022-12-05,0.0555768659337096,2022,2021-12-31,native_mse,20260911,0.0013951717650121252,,1,1
monthly_state_validated,2878,2022-12-02,2022-12-12,0.0175374394775362,2022,2021-12-31,native_mse,20260911,0.009832549235191711,,1,1
monthly_state_validated,2883,2022-12-09,2022-12-19,-0.0058850602464181,2022,2021-12-31,native_mse,20260911,0.003809464155812216,,1,0
monthly_state_validated,2888,2022-12-16,2022-12-26,-0.0309150292073658,2022,2021-12-31,native_mse,20260911,-0.00026475301217457076,,0,0
monthly_state_validated,2893,2022-12-23,2023-01-03,0.0089464492229616,2022,2021-12-31,native_mse,20260911,0.0011212783896272817,,1,1
monthly_state_validated,2898,2022-12-30,2023-01-09,0.0345913414268119,2022,2021-12-31,native_mse,20260911,-0.013209134532423342,,0,1
monthly_state_validated,2660,2022-01-07,2022-01-17,-0.0173453887283024,2022,2021-12-31,native_mse,20260912,0.001814179283598589,,1,0
monthly_state_validated,2665,2022-01-14,2022-01-24,0.0053248631776616,2022,2021-12-31,native_mse,20260912,0.0008133505012356114,,1,1
monthly_state_validated,2670,2022-01-21,2022-02-07,-0.0242661876254222,2022,2021-12-31,native_mse,20260912,0.003394922189452561,,1,0
monthly_state_validated,2675,2022-01-28,2022-02-14,-0.0127539031341488,2022,2021-12-31,native_mse,20260912,0.001858669558311765,,1,0
monthly_state_validated,2680,2022-02-11,2022-02-21,0.0145498774954033,2022,2021-12-31,native_mse,20260912,0.003479305001395758,,1,1
monthly_state_validated,2685,2022-02-18,2022-02-28,-0.0177161244498015,2022,2021-12-31,native_mse,20260912,0.00484344917433416,,1,0
monthly_state_validated,2690,2022-02-25,2022-03-07,-0.0221791776043331,2022,2021-12-31,native_mse,20260912,0.004930593592929232,,1,0
monthly_state_validated,2695,2022-03-04,2022-03-14,-0.0480378799422749,2022,2021-12-31,native_mse,20260912,0.004780982951547397,,1,0
monthly_state_validated,2700,2022-03-11,2022-03-21,0.007530336734814,2022,2021-12-31,native_mse,20260912,0.004193854635787947,,1,1
monthly_state_validated,2705,2022-03-18,2022-03-28,-0.0353493110038457,2022,2021-12-31,native_mse,20260912,0.004396502651581285,,1,0
monthly_state_validated,2710,2022-03-25,2022-04-06,0.0314834190717003,2022,2021-12-31,native_mse,20260912,0.0036897334948297125,,1,1
monthly_state_validated,2715,2022-04-01,2022-04-12,-0.0129237372705649,2022,2021-12-31,native_mse,20260912,0.003704448832752752,,1,0
monthly_state_validated,2718,2022-04-08,2022-04-18,-0.0120986062576864,2022,2021-12-31,native_mse,20260912,0.0033120503584409514,,1,0
monthly_state_validated,2723,2022-04-15,2022-04-25,-0.0528494340140576,2022,2021-12-31,native_mse,20260912,0.0030085181253416615,,1,0
monthly_state_validated,2728,2022-04-22,2022-05-05,0.015736821365468,2022,2021-12-31,native_mse,20260912,0.0026567146550084044,,1,1
monthly_state_validated,2733,2022-04-29,2022-05-11,-0.0278824133054675,2022,2021-12-31,native_mse,20260912,0.0018367479372410052,,1,0
monthly_state_validated,2735,2022-05-06,2022-05-16,0.033741423035827,2022,2021-12-31,native_mse,20260912,0.0020912186604119124,,1,1
monthly_state_validated,2740,2022-05-13,2022-05-23,0.0164308841843088,2022,2021-12-31,native_mse,20260912,0.0018493178254621319,,1,1
monthly_state_validated,2745,2022-05-20,2022-05-30,-0.0147293413085614,2022,2021-12-31,native_mse,20260912,0.0016372108848958446,,1,0
monthly_state_validated,2750,2022-05-27,2022-06-13,0.0431748431927498,2022,2021-12-31,native_mse,20260912,0.0012702553294938346,,1,1
monthly_state_validated,2759,2022-06-10,2022-06-20,0.0306046547112142,2022,2021-12-31,native_mse,20260912,-0.00018870985334741705,,0,1
monthly_state_validated,2764,2022-06-17,2022-06-27,0.0211666894141107,2022,2021-12-31,native_mse,20260912,-0.0009698518035469311,,0,1
monthly_state_validated,2769,2022-06-24,2022-07-04,0.0074507343130214,2022,2021-12-31,native_mse,20260912,-0.00016157705520515077,,0,1
monthly_state_validated,2774,2022-07-01,2022-07-11,-0.0092349827532707,2022,2021-12-31,native_mse,20260912,0.00012114906253678204,,1,0
monthly_state_validated,2779,2022-07-08,2022-07-18,-0.0326815927737367,2022,2021-12-31,native_mse,20260912,0.0009385572149118832,,1,0
monthly_state_validated,2784,2022-07-15,2022-07-25,-0.0066210715249344,2022,2021-12-31,native_mse,20260912,0.0008465033870475552,,1,0
monthly_state_validated,2789,2022-07-22,2022-08-01,-0.0173077967751003,2022,2021-12-31,native_mse,20260912,0.001749105544547778,,1,0
monthly_state_validated,2794,2022-07-29,2022-08-08,-0.004456034513838,2022,2021-12-31,native_mse,20260912,0.0022855909610094674,,1,0
monthly_state_validated,2799,2022-08-05,2022-08-15,0.0091475117753996,2022,2021-12-31,native_mse,20260912,0.0023275813973101045,,1,1
monthly_state_validated,2804,2022-08-12,2022-08-22,-0.0107272727272728,2022,2021-12-31,native_mse,20260912,0.00116828161002665,,1,0
monthly_state_validated,2809,2022-08-19,2022-08-29,-0.0172375434082356,2022,2021-12-31,native_mse,20260912,0.002641518401624336,,1,0
monthly_state_validated,2814,2022-08-26,2022-09-05,-0.0131573766941938,2022,2021-12-31,native_mse,20260912,0.00258122146459616,,1,0
monthly_state_validated,2819,2022-09-02,2022-09-13,0.0253340680878015,2022,2021-12-31,native_mse,20260912,0.003426320209529877,,1,1
monthly_state_validated,2824,2022-09-09,2022-09-19,-0.044647264962877,2022,2021-12-31,native_mse,20260912,0.004071954177543495,,1,0
monthly_state_validated,2828,2022-09-16,2022-09-26,-0.025155151434928,2022,2021-12-31,native_mse,20260912,0.004321372628556118,,1,0
monthly_state_validated,2833,2022-09-23,2022-10-10,-0.0060162941299352,2022,2021-12-31,native_mse,20260912,0.0034216908995016978,,1,0
monthly_state_validated,2838,2022-09-30,2022-10-17,0.0041192047412885,2022,2021-12-31,native_mse,20260912,0.003515450079575204,,1,1
monthly_state_validated,2843,2022-10-14,2022-10-24,-0.0246766294110258,2022,2021-12-31,native_mse,20260912,0.002607809358206801,,1,0
monthly_state_validated,2848,2022-10-21,2022-10-31,-0.059928861134359,2022,2021-12-31,native_mse,20260912,0.003699251753992663,,1,0
monthly_state_validated,2853,2022-10-28,2022-11-07,0.071339502526744,2022,2021-12-31,native_mse,20260912,0.0018115173178016464,,1,1
monthly_state_validated,2858,2022-11-04,2022-11-14,0.0169449090696014,2022,2021-12-31,native_mse,20260912,0.0023418219066621243,,1,1
monthly_state_validated,2863,2022-11-11,2022-11-21,-0.0127051391515239,2022,2021-12-31,native_mse,20260912,0.0018573604038192703,,1,0
monthly_state_validated,2868,2022-11-18,2022-11-28,-0.0179672806084416,2022,2021-12-31,native_mse,20260912,0.0016249204309614228,,1,0
monthly_state_validated,2873,2022-11-25,2022-12-05,0.0555768659337096,2022,2021-12-31,native_mse,20260912,0.0016075771422150188,,1,1
monthly_state_validated,2878,2022-12-02,2022-12-12,0.0175374394775362,2022,2021-12-31,native_mse,20260912,0.0015010231403169106,,1,1
monthly_state_validated,2883,2022-12-09,2022-12-19,-0.0058850602464181,2022,2021-12-31,native_mse,20260912,0.001187317105345827,,1,0
monthly_state_validated,2888,2022-12-16,2022-12-26,-0.0309150292073658,2022,2021-12-31,native_mse,20260912,0.0019485697779955545,,1,0
monthly_state_validated,2893,2022-12-23,2023-01-03,0.0089464492229616,2022,2021-12-31,native_mse,20260912,0.0001928217320369698,,1,1
monthly_state_validated,2898,2022-12-30,2023-01-09,0.0345913414268119,2022,2021-12-31,native_mse,20260912,0.00047968928790032895,,1,1
monthly_state_validated,2902,2023-01-06,2023-01-16,0.0198447929614133,2023,2022-12-31,native_mse,20260910,-0.0025267983391307767,,0,1
monthly_state_validated,2907,2023-01-13,2023-01-30,0.0465290788350809,2023,2022-12-31,native_mse,20260910,-0.0004635399148201708,,0,1
monthly_state_validated,2912,2023-01-20,2023-02-06,-0.0383797057844887,2023,2022-12-31,native_mse,20260910,7.519190422555292e-05,,1,0
monthly_state_validated,2917,2023-02-03,2023-02-13,-0.0012061903149008,2023,2022-12-31,native_mse,20260910,0.0016271329266920357,,1,0
monthly_state_validated,2922,2023-02-10,2023-02-20,-0.0143746584432821,2023,2022-12-31,native_mse,20260910,-0.0011564163814400644,,0,0
monthly_state_validated,2927,2023-02-17,2023-02-27,0.0001237636016198,2023,2022-12-31,native_mse,20260910,-0.0016426518503498255,,0,1
monthly_state_validated,2932,2023-02-24,2023-03-06,0.0224454641303217,2023,2022-12-31,native_mse,20260910,0.0015810555880606469,,1,1
monthly_state_validated,2937,2023-03-03,2023-03-13,-0.0407900947678007,2023,2022-12-31,native_mse,20260910,0.0007073892257839969,,1,0
monthly_state_validated,2942,2023-03-10,2023-03-20,5.0471402903706775e-06,2023,2022-12-31,native_mse,20260910,-0.0001794060398361263,,0,1
monthly_state_validated,2947,2023-03-17,2023-03-27,0.015302852124583,2023,2022-12-31,native_mse,20260910,-0.0018976163672993884,,0,1
monthly_state_validated,2952,2023-03-24,2023-04-03,0.0090274153058433,2023,2022-12-31,native_mse,20260910,-0.001832954139676603,,0,1
monthly_state_validated,2957,2023-03-31,2023-04-10,0.0178317182396383,2023,2022-12-31,native_mse,20260910,-0.00172129069982479,,0,1
monthly_state_validated,2961,2023-04-07,2023-04-17,-0.0101500238382772,2023,2022-12-31,native_mse,20260910,-0.00033641886926452733,,0,0
monthly_state_validated,2966,2023-04-14,2023-04-24,-0.014368947230732,2023,2022-12-31,native_mse,20260910,-0.0013230092163269815,,0,0
monthly_state_validated,2971,2023-04-21,2023-05-04,-0.0044228908788729,2023,2022-12-31,native_mse,20260910,-0.0007286066396655064,,0,0
monthly_state_validated,2976,2023-04-28,2023-05-10,0.0036477163153083,2023,2022-12-31,native_mse,20260910,-0.00030575704561793394,,0,1
monthly_state_validated,2978,2023-05-05,2023-05-15,-0.0221642407977935,2023,2022-12-31,native_mse,20260910,-0.00011486613921578474,,0,0
monthly_state_validated,2983,2023-05-12,2023-05-22,0.0005509250208819,2023,2022-12-31,native_mse,20260910,-0.0001792163459168561,,0,1
monthly_state_validated,2988,2023-05-19,2023-05-29,-0.0200253742704897,2023,2022-12-31,native_mse,20260910,0.0009439667644663131,,1,0
monthly_state_validated,2993,2023-05-26,2023-06-05,-0.0003935703040848,2023,2022-12-31,native_mse,20260910,0.000557122093874036,,1,0
monthly_state_validated,2998,2023-06-02,2023-06-12,-0.0086075595250429,2023,2022-12-31,native_mse,20260910,-0.001180815938657947,,0,0
monthly_state_validated,3003,2023-06-09,2023-06-19,0.0338878539347273,2023,2022-12-31,native_mse,20260910,-0.0014426234760102343,,0,1
monthly_state_validated,3008,2023-06-16,2023-07-03,-0.026216632171098,2023,2022-12-31,native_mse,20260910,-0.0010042817493535598,,0,0
monthly_state_validated,3016,2023-06-30,2023-07-10,-0.0030441518806006,2023,2022-12-31,native_mse,20260910,-0.0011931588855691256,,0,0
monthly_state_validated,3021,2023-07-07,2023-07-17,0.0104280552692135,2023,2022-12-31,native_mse,20260910,-0.001925244639091561,,0,1
monthly_state_validated,3026,2023-07-14,2023-07-24,-0.0201642613135752,2023,2022-12-31,native_mse,20260910,0.00072512762062503,,1,0
monthly_state_validated,3031,2023-07-21,2023-07-31,0.0566710925894278,2023,2022-12-31,native_mse,20260910,0.0009939160139214966,,1,1
monthly_state_validated,3036,2023-07-28,2023-08-07,-0.0039612927947766,2023,2022-12-31,native_mse,20260910,-0.0005682320215149167,,0,0
monthly_state_validated,3041,2023-08-04,2023-08-14,-0.0404899362223548,2023,2022-12-31,native_mse,20260910,-0.0009301134947241365,,0,0
monthly_state_validated,3046,2023-08-11,2023-08-21,-0.0176157088591445,2023,2022-12-31,native_mse,20260910,-0.000726777176221484,,0,0
monthly_state_validated,3051,2023-08-18,2023-08-28,0.0366582477081969,2023,2022-12-31,native_mse,20260910,0.0008756120897448488,,1,1
monthly_state_validated,3056,2023-08-25,2023-09-04,-0.025197172476384,2023,2022-12-31,native_mse,20260910,-0.0006648239910763075,,0,0
monthly_state_validated,3061,2023-09-01,2023-09-11,-0.0189903461587886,2023,2022-12-31,native_mse,20260910,0.00015839660362514175,,1,0
monthly_state_validated,3066,2023-09-08,2023-09-18,-0.0111346368744954,2023,2022-12-31,native_mse,20260910,0.001744965500114605,,1,0
monthly_state_validated,3071,2023-09-15,2023-09-25,0.0105787349314532,2023,2022-12-31,native_mse,20260910,0.0006876575211446893,,1,1
monthly_state_validated,3076,2023-09-22,2023-10-16,-0.0198017153282719,2023,2022-12-31,native_mse,20260910,-0.00243132015475,,0,0
monthly_state_validated,3085,2023-10-13,2023-10-23,-0.0447156690429144,2023,2022-12-31,native_mse,20260910,-0.0021908711949872265,,0,0
monthly_state_validated,3090,2023-10-20,2023-10-30,0.0154019770298841,2023,2022-12-31,native_mse,20260910,-0.0005611083237640583,,0,1
monthly_state_validated,3095,2023-10-27,2023-11-06,0.0152527637017425,2023,2022-12-31,native_mse,20260910,0.0010289915405626282,,1,1
monthly_state_validated,3100,2023-11-03,2023-11-13,-0.0039935482440582,2023,2022-12-31,native_mse,20260910,0.001023319006735779,,1,0
monthly_state_validated,3105,2023-11-10,2023-11-20,-0.0067280482816765,2023,2022-12-31,native_mse,20260910,-0.0009564130384265961,,0,0
monthly_state_validated,3110,2023-11-17,2023-11-27,-0.0098859017348651,2023,2022-12-31,native_mse,20260910,0.00023192130830153903,,1,0
monthly_state_validated,3115,2023-11-24,2023-12-04,-0.0151084754586299,2023,2022-12-31,native_mse,20260910,0.0008732338960994725,,1,0
monthly_state_validated,3120,2023-12-01,2023-12-11,-0.0295859857973478,2023,2022-12-31,native_mse,20260910,0.000837366835393595,,1,0
monthly_state_validated,3125,2023-12-08,2023-12-18,-0.0144639658974852,2023,2022-12-31,native_mse,20260910,0.0006391538307731006,,1,0
monthly_state_validated,3130,2023-12-15,2023-12-25,0.0003424256350643,2023,2022-12-31,native_mse,20260910,0.000382991564868559,,1,1
monthly_state_validated,3135,2023-12-22,2024-01-02,0.0288079559683274,2023,2022-12-31,native_mse,20260910,-0.0008222024683218445,,0,1
monthly_state_validated,3140,2023-12-29,2024-01-08,-0.0302544749829989,2023,2022-12-31,native_mse,20260910,0.0008212539531046094,,1,0
monthly_state_validated,2902,2023-01-06,2023-01-16,0.0198447929614133,2023,2022-12-31,training_frequency,-1,0.5028949545078577,0.5028949545078577,1,1
monthly_state_validated,2907,2023-01-13,2023-01-30,0.0465290788350809,2023,2022-12-31,training_frequency,-1,0.5028949545078577,0.5028949545078577,1,1
monthly_state_validated,2912,2023-01-20,2023-02-06,-0.0383797057844887,2023,2022-12-31,training_frequency,-1,0.5028949545078577,0.5028949545078577,1,0
monthly_state_validated,2917,2023-02-03,2023-02-13,-0.0012061903149008,2023,2022-12-31,training_frequency,-1,0.5028949545078577,0.5028949545078577,1,0
monthly_state_validated,2922,2023-02-10,2023-02-20,-0.0143746584432821,2023,2022-12-31,training_frequency,-1,0.5028949545078577,0.5028949545078577,1,0
monthly_state_validated,2927,2023-02-17,2023-02-27,0.0001237636016198,2023,2022-12-31,training_frequency,-1,0.5028949545078577,0.5028949545078577,1,1
monthly_state_validated,2932,2023-02-24,2023-03-06,0.0224454641303217,2023,2022-12-31,training_frequency,-1,0.5028949545078577,0.5028949545078577,1,1
monthly_state_validated,2937,2023-03-03,2023-03-13,-0.0407900947678007,2023,2022-12-31,training_frequency,-1,0.5028949545078577,0.5028949545078577,1,0
monthly_state_validated,2942,2023-03-10,2023-03-20,5.0471402903706775e-06,2023,2022-12-31,training_frequency,-1,0.5028949545078577,0.5028949545078577,1,1
monthly_state_validated,2947,2023-03-17,2023-03-27,0.015302852124583,2023,2022-12-31,training_frequency,-1,0.5028949545078577,0.5028949545078577,1,1
monthly_state_validated,2952,2023-03-24,2023-04-03,0.0090274153058433,2023,2022-12-31,training_frequency,-1,0.5028949545078577,0.5028949545078577,1,1
monthly_state_validated,2957,2023-03-31,2023-04-10,0.0178317182396383,2023,2022-12-31,training_frequency,-1,0.5028949545078577,0.5028949545078577,1,1
monthly_state_validated,2961,2023-04-07,2023-04-17,-0.0101500238382772,2023,2022-12-31,training_frequency,-1,0.5028949545078577,0.5028949545078577,1,0
monthly_state_validated,2966,2023-04-14,2023-04-24,-0.014368947230732,2023,2022-12-31,training_frequency,-1,0.5028949545078577,0.5028949545078577,1,0
monthly_state_validated,2971,2023-04-21,2023-05-04,-0.0044228908788729,2023,2022-12-31,training_frequency,-1,0.5028949545078577,0.5028949545078577,1,0
monthly_state_validated,2976,2023-04-28,2023-05-10,0.0036477163153083,2023,2022-12-31,training_frequency,-1,0.5028949545078577,0.5028949545078577,1,1
monthly_state_validated,2978,2023-05-05,2023-05-15,-0.0221642407977935,2023,2022-12-31,training_frequency,-1,0.5028949545078577,0.5028949545078577,1,0
monthly_state_validated,2983,2023-05-12,2023-05-22,0.0005509250208819,2023,2022-12-31,training_frequency,-1,0.5028949545078577,0.5028949545078577,1,1
monthly_state_validated,2988,2023-05-19,2023-05-29,-0.0200253742704897,2023,2022-12-31,training_frequency,-1,0.5028949545078577,0.5028949545078577,1,0
monthly_state_validated,2993,2023-05-26,2023-06-05,-0.0003935703040848,2023,2022-12-31,training_frequency,-1,0.5028949545078577,0.5028949545078577,1,0
monthly_state_validated,2998,2023-06-02,2023-06-12,-0.0086075595250429,2023,2022-12-31,training_frequency,-1,0.5028949545078577,0.5028949545078577,1,0
monthly_state_validated,3003,2023-06-09,2023-06-19,0.0338878539347273,2023,2022-12-31,training_frequency,-1,0.5028949545078577,0.5028949545078577,1,1
monthly_state_validated,3008,2023-06-16,2023-07-03,-0.026216632171098,2023,2022-12-31,training_frequency,-1,0.5028949545078577,0.5028949545078577,1,0
monthly_state_validated,3016,2023-06-30,2023-07-10,-0.0030441518806006,2023,2022-12-31,training_frequency,-1,0.5028949545078577,0.5028949545078577,1,0
monthly_state_validated,3021,2023-07-07,2023-07-17,0.0104280552692135,2023,2022-12-31,training_frequency,-1,0.5028949545078577,0.5028949545078577,1,1
monthly_state_validated,3026,2023-07-14,2023-07-24,-0.0201642613135752,2023,2022-12-31,training_frequency,-1,0.5028949545078577,0.5028949545078577,1,0
monthly_state_validated,3031,2023-07-21,2023-07-31,0.0566710925894278,2023,2022-12-31,training_frequency,-1,0.5028949545078577,0.5028949545078577,1,1
monthly_state_validated,3036,2023-07-28,2023-08-07,-0.0039612927947766,2023,2022-12-31,training_frequency,-1,0.5028949545078577,0.5028949545078577,1,0
monthly_state_validated,3041,2023-08-04,2023-08-14,-0.0404899362223548,2023,2022-12-31,training_frequency,-1,0.5028949545078577,0.5028949545078577,1,0
monthly_state_validated,3046,2023-08-11,2023-08-21,-0.0176157088591445,2023,2022-12-31,training_frequency,-1,0.5028949545078577,0.5028949545078577,1,0
monthly_state_validated,3051,2023-08-18,2023-08-28,0.0366582477081969,2023,2022-12-31,training_frequency,-1,0.5028949545078577,0.5028949545078577,1,1
monthly_state_validated,3056,2023-08-25,2023-09-04,-0.025197172476384,2023,2022-12-31,training_frequency,-1,0.5028949545078577,0.5028949545078577,1,0
monthly_state_validated,3061,2023-09-01,2023-09-11,-0.0189903461587886,2023,2022-12-31,training_frequency,-1,0.5028949545078577,0.5028949545078577,1,0
monthly_state_validated,3066,2023-09-08,2023-09-18,-0.0111346368744954,2023,2022-12-31,training_frequency,-1,0.5028949545078577,0.5028949545078577,1,0
monthly_state_validated,3071,2023-09-15,2023-09-25,0.0105787349314532,2023,2022-12-31,training_frequency,-1,0.5028949545078577,0.5028949545078577,1,1
monthly_state_validated,3076,2023-09-22,2023-10-16,-0.0198017153282719,2023,2022-12-31,training_frequency,-1,0.5028949545078577,0.5028949545078577,1,0
monthly_state_validated,3085,2023-10-13,2023-10-23,-0.0447156690429144,2023,2022-12-31,training_frequency,-1,0.5028949545078577,0.5028949545078577,1,0
monthly_state_validated,3090,2023-10-20,2023-10-30,0.0154019770298841,2023,2022-12-31,training_frequency,-1,0.5028949545078577,0.5028949545078577,1,1
monthly_state_validated,3095,2023-10-27,2023-11-06,0.0152527637017425,2023,2022-12-31,training_frequency,-1,0.5028949545078577,0.5028949545078577,1,1
monthly_state_validated,3100,2023-11-03,2023-11-13,-0.0039935482440582,2023,2022-12-31,training_frequency,-1,0.5028949545078577,0.5028949545078577,1,0
monthly_state_validated,3105,2023-11-10,2023-11-20,-0.0067280482816765,2023,2022-12-31,training_frequency,-1,0.5028949545078577,0.5028949545078577,1,0
monthly_state_validated,3110,2023-11-17,2023-11-27,-0.0098859017348651,2023,2022-12-31,training_frequency,-1,0.5028949545078577,0.5028949545078577,1,0
monthly_state_validated,3115,2023-11-24,2023-12-04,-0.0151084754586299,2023,2022-12-31,training_frequency,-1,0.5028949545078577,0.5028949545078577,1,0
monthly_state_validated,3120,2023-12-01,2023-12-11,-0.0295859857973478,2023,2022-12-31,training_frequency,-1,0.5028949545078577,0.5028949545078577,1,0
monthly_state_validated,3125,2023-12-08,2023-12-18,-0.0144639658974852,2023,2022-12-31,training_frequency,-1,0.5028949545078577,0.5028949545078577,1,0
monthly_state_validated,3130,2023-12-15,2023-12-25,0.0003424256350643,2023,2022-12-31,training_frequency,-1,0.5028949545078577,0.5028949545078577,1,1
monthly_state_validated,3135,2023-12-22,2024-01-02,0.0288079559683274,2023,2022-12-31,training_frequency,-1,0.5028949545078577,0.5028949545078577,1,1
monthly_state_validated,3140,2023-12-29,2024-01-08,-0.0302544749829989,2023,2022-12-31,training_frequency,-1,0.5028949545078577,0.5028949545078577,1,0
monthly_state_validated,2902,2023-01-06,2023-01-16,0.0198447929614133,2023,2022-12-31,native_mse,20260911,-0.0028881799476405084,,0,1
monthly_state_validated,2907,2023-01-13,2023-01-30,0.0465290788350809,2023,2022-12-31,native_mse,20260911,0.002600529697082545,,1,1
monthly_state_validated,2912,2023-01-20,2023-02-06,-0.0383797057844887,2023,2022-12-31,native_mse,20260911,0.009824735187562814,,1,0
monthly_state_validated,2917,2023-02-03,2023-02-13,-0.0012061903149008,2023,2022-12-31,native_mse,20260911,0.001758336799202022,,1,0
monthly_state_validated,2922,2023-02-10,2023-02-20,-0.0143746584432821,2023,2022-12-31,native_mse,20260911,-0.004455423490420713,,0,0
monthly_state_validated,2927,2023-02-17,2023-02-27,0.0001237636016198,2023,2022-12-31,native_mse,20260911,-0.004320463721841919,,0,1
monthly_state_validated,2932,2023-02-24,2023-03-06,0.0224454641303217,2023,2022-12-31,native_mse,20260911,0.007109894584169036,,1,1
monthly_state_validated,2937,2023-03-03,2023-03-13,-0.0407900947678007,2023,2022-12-31,native_mse,20260911,0.012121075090535267,,1,0
monthly_state_validated,2942,2023-03-10,2023-03-20,5.0471402903706775e-06,2023,2022-12-31,native_mse,20260911,-0.0015684618293498606,,0,1
monthly_state_validated,2947,2023-03-17,2023-03-27,0.015302852124583,2023,2022-12-31,native_mse,20260911,-0.00455123687690783,,0,1
monthly_state_validated,2952,2023-03-24,2023-04-03,0.0090274153058433,2023,2022-12-31,native_mse,20260911,-0.0032713642765306557,,0,1
monthly_state_validated,2957,2023-03-31,2023-04-10,0.0178317182396383,2023,2022-12-31,native_mse,20260911,0.009972413917103892,,1,1
monthly_state_validated,2961,2023-04-07,2023-04-17,-0.0101500238382772,2023,2022-12-31,native_mse,20260911,0.007806808930188104,,1,0
monthly_state_validated,2966,2023-04-14,2023-04-24,-0.014368947230732,2023,2022-12-31,native_mse,20260911,0.007226249329863683,,1,0
monthly_state_validated,2971,2023-04-21,2023-05-04,-0.0044228908788729,2023,2022-12-31,native_mse,20260911,-0.0024232716039148286,,0,0
monthly_state_validated,2976,2023-04-28,2023-05-10,0.0036477163153083,2023,2022-12-31,native_mse,20260911,-0.003907239624967295,,0,1
monthly_state_validated,2978,2023-05-05,2023-05-15,-0.0221642407977935,2023,2022-12-31,native_mse,20260911,-0.0031947009428460477,,0,0
monthly_state_validated,2983,2023-05-12,2023-05-22,0.0005509250208819,2023,2022-12-31,native_mse,20260911,0.003981441571850173,,1,1
monthly_state_validated,2988,2023-05-19,2023-05-29,-0.0200253742704897,2023,2022-12-31,native_mse,20260911,0.01107004322684732,,1,0
monthly_state_validated,2993,2023-05-26,2023-06-05,-0.0003935703040848,2023,2022-12-31,native_mse,20260911,0.004560043069480671,,1,0
monthly_state_validated,2998,2023-06-02,2023-06-12,-0.0086075595250429,2023,2022-12-31,native_mse,20260911,-0.0048559678058000275,,0,0
monthly_state_validated,3003,2023-06-09,2023-06-19,0.0338878539347273,2023,2022-12-31,native_mse,20260911,-0.0042897134995229635,,0,1
monthly_state_validated,3008,2023-06-16,2023-07-03,-0.026216632171098,2023,2022-12-31,native_mse,20260911,-0.004761761648113702,,0,0
monthly_state_validated,3016,2023-06-30,2023-07-10,-0.0030441518806006,2023,2022-12-31,native_mse,20260911,0.001449000541630631,,1,0
monthly_state_validated,3021,2023-07-07,2023-07-17,0.0104280552692135,2023,2022-12-31,native_mse,20260911,-0.005015012063383114,,0,1
monthly_state_validated,3026,2023-07-14,2023-07-24,-0.0201642613135752,2023,2022-12-31,native_mse,20260911,-0.002212730290267345,,0,0
monthly_state_validated,3031,2023-07-21,2023-07-31,0.0566710925894278,2023,2022-12-31,native_mse,20260911,-0.005112763962830667,,0,1
monthly_state_validated,3036,2023-07-28,2023-08-07,-0.0039612927947766,2023,2022-12-31,native_mse,20260911,-0.0052814272148835025,,0,0
monthly_state_validated,3041,2023-08-04,2023-08-14,-0.0404899362223548,2023,2022-12-31,native_mse,20260911,-0.004618211999064367,,0,0
monthly_state_validated,3046,2023-08-11,2023-08-21,-0.0176157088591445,2023,2022-12-31,native_mse,20260911,0.009053312378542757,,1,0
monthly_state_validated,3051,2023-08-18,2023-08-28,0.0366582477081969,2023,2022-12-31,native_mse,20260911,0.004561021250172811,,1,1
monthly_state_validated,3056,2023-08-25,2023-09-04,-0.025197172476384,2023,2022-12-31,native_mse,20260911,-0.0025275908526821967,,0,0
monthly_state_validated,3061,2023-09-01,2023-09-11,-0.0189903461587886,2023,2022-12-31,native_mse,20260911,-0.0049631793698849645,,0,0
monthly_state_validated,3066,2023-09-08,2023-09-18,-0.0111346368744954,2023,2022-12-31,native_mse,20260911,0.00680202581529956,,1,0
monthly_state_validated,3071,2023-09-15,2023-09-25,0.0105787349314532,2023,2022-12-31,native_mse,20260911,0.008596091481564963,,1,1
monthly_state_validated,3076,2023-09-22,2023-10-16,-0.0198017153282719,2023,2022-12-31,native_mse,20260911,-0.0031471179155324424,,0,0
monthly_state_validated,3085,2023-10-13,2023-10-23,-0.0447156690429144,2023,2022-12-31,native_mse,20260911,-0.004148291730857776,,0,0
monthly_state_validated,3090,2023-10-20,2023-10-30,0.0154019770298841,2023,2022-12-31,native_mse,20260911,-0.005712800982170543,,0,1
monthly_state_validated,3095,2023-10-27,2023-11-06,0.0152527637017425,2023,2022-12-31,native_mse,20260911,-0.0033253387808900993,,0,1
monthly_state_validated,3100,2023-11-03,2023-11-13,-0.0039935482440582,2023,2022-12-31,native_mse,20260911,-0.0006739370262628165,,0,0
monthly_state_validated,3105,2023-11-10,2023-11-20,-0.0067280482816765,2023,2022-12-31,native_mse,20260911,-0.004003258050664914,,0,0
monthly_state_validated,3110,2023-11-17,2023-11-27,-0.0098859017348651,2023,2022-12-31,native_mse,20260911,-0.003231557067429336,,0,0
monthly_state_validated,3115,2023-11-24,2023-12-04,-0.0151084754586299,2023,2022-12-31,native_mse,20260911,-0.003968465813336381,,0,0
monthly_state_validated,3120,2023-12-01,2023-12-11,-0.0295859857973478,2023,2022-12-31,native_mse,20260911,-0.004170192617569334,,0,0
monthly_state_validated,3125,2023-12-08,2023-12-18,-0.0144639658974852,2023,2022-12-31,native_mse,20260911,-0.004708072283208354,,0,0
monthly_state_validated,3130,2023-12-15,2023-12-25,0.0003424256350643,2023,2022-12-31,native_mse,20260911,-0.005014383450601872,,0,1
monthly_state_validated,3135,2023-12-22,2024-01-02,0.0288079559683274,2023,2022-12-31,native_mse,20260911,-0.005140476035149425,,0,1
monthly_state_validated,3140,2023-12-29,2024-01-08,-0.0302544749829989,2023,2022-12-31,native_mse,20260911,-0.0034098597743402285,,0,0
monthly_state_validated,2902,2023-01-06,2023-01-16,0.0198447929614133,2023,2022-12-31,native_mse,20260912,0.0004281627694943007,,1,1
monthly_state_validated,2907,2023-01-13,2023-01-30,0.0465290788350809,2023,2022-12-31,native_mse,20260912,4.2102919401855305e-05,,1,1
monthly_state_validated,2912,2023-01-20,2023-02-06,-0.0383797057844887,2023,2022-12-31,native_mse,20260912,0.0010967633118809882,,1,0
monthly_state_validated,2917,2023-02-03,2023-02-13,-0.0012061903149008,2023,2022-12-31,native_mse,20260912,0.0008747039967658528,,1,0
monthly_state_validated,2922,2023-02-10,2023-02-20,-0.0143746584432821,2023,2022-12-31,native_mse,20260912,0.0001818132935792269,,1,0
monthly_state_validated,2927,2023-02-17,2023-02-27,0.0001237636016198,2023,2022-12-31,native_mse,20260912,0.00010126624081480557,,1,1
monthly_state_validated,2932,2023-02-24,2023-03-06,0.0224454641303217,2023,2022-12-31,native_mse,20260912,0.000782385799644381,,1,1
monthly_state_validated,2937,2023-03-03,2023-03-13,-0.0407900947678007,2023,2022-12-31,native_mse,20260912,0.00040350503591383166,,1,0
monthly_state_validated,2942,2023-03-10,2023-03-20,5.0471402903706775e-06,2023,2022-12-31,native_mse,20260912,0.00023517524465769396,,1,1
monthly_state_validated,2947,2023-03-17,2023-03-27,0.015302852124583,2023,2022-12-31,native_mse,20260912,-0.0005550490015326846,,0,1
monthly_state_validated,2952,2023-03-24,2023-04-03,0.0090274153058433,2023,2022-12-31,native_mse,20260912,0.0004555071806066471,,1,1
monthly_state_validated,2957,2023-03-31,2023-04-10,0.0178317182396383,2023,2022-12-31,native_mse,20260912,0.0006137448037054246,,1,1
monthly_state_validated,2961,2023-04-07,2023-04-17,-0.0101500238382772,2023,2022-12-31,native_mse,20260912,0.0007714668086940345,,1,0
monthly_state_validated,2966,2023-04-14,2023-04-24,-0.014368947230732,2023,2022-12-31,native_mse,20260912,0.0006120128536014287,,1,0
monthly_state_validated,2971,2023-04-21,2023-05-04,-0.0044228908788729,2023,2022-12-31,native_mse,20260912,0.0004168718728952876,,1,0
monthly_state_validated,2976,2023-04-28,2023-05-10,0.0036477163153083,2023,2022-12-31,native_mse,20260912,0.0007975995131662927,,1,1
monthly_state_validated,2978,2023-05-05,2023-05-15,-0.0221642407977935,2023,2022-12-31,native_mse,20260912,3.748499343571029e-05,,1,0
monthly_state_validated,2983,2023-05-12,2023-05-22,0.0005509250208819,2023,2022-12-31,native_mse,20260912,0.00013564688457888487,,1,1
monthly_state_validated,2988,2023-05-19,2023-05-29,-0.0200253742704897,2023,2022-12-31,native_mse,20260912,0.0006049797039520234,,1,0
monthly_state_validated,2993,2023-05-26,2023-06-05,-0.0003935703040848,2023,2022-12-31,native_mse,20260912,5.080512794837295e-05,,1,0
monthly_state_validated,2998,2023-06-02,2023-06-12,-0.0086075595250429,2023,2022-12-31,native_mse,20260912,-0.0003527596454530836,,0,0
monthly_state_validated,3003,2023-06-09,2023-06-19,0.0338878539347273,2023,2022-12-31,native_mse,20260912,-0.0004629538008774116,,0,1
monthly_state_validated,3008,2023-06-16,2023-07-03,-0.026216632171098,2023,2022-12-31,native_mse,20260912,-0.0003413110242915335,,0,0
monthly_state_validated,3016,2023-06-30,2023-07-10,-0.0030441518806006,2023,2022-12-31,native_mse,20260912,0.0003431408638381007,,1,0
monthly_state_validated,3021,2023-07-07,2023-07-17,0.0104280552692135,2023,2022-12-31,native_mse,20260912,0.000814771057302496,,1,1
monthly_state_validated,3026,2023-07-14,2023-07-24,-0.0201642613135752,2023,2022-12-31,native_mse,20260912,0.0006501402430561996,,1,0
monthly_state_validated,3031,2023-07-21,2023-07-31,0.0566710925894278,2023,2022-12-31,native_mse,20260912,2.5045124957704355e-05,,1,1
monthly_state_validated,3036,2023-07-28,2023-08-07,-0.0039612927947766,2023,2022-12-31,native_mse,20260912,0.00047471401642830695,,1,0
monthly_state_validated,3041,2023-08-04,2023-08-14,-0.0404899362223548,2023,2022-12-31,native_mse,20260912,0.0008553072765691807,,1,0
monthly_state_validated,3046,2023-08-11,2023-08-21,-0.0176157088591445,2023,2022-12-31,native_mse,20260912,0.0015027086256146451,,1,0
monthly_state_validated,3051,2023-08-18,2023-08-28,0.0366582477081969,2023,2022-12-31,native_mse,20260912,0.0006099353623650846,,1,1
monthly_state_validated,3056,2023-08-25,2023-09-04,-0.025197172476384,2023,2022-12-31,native_mse,20260912,0.00044421971221099443,,1,0
monthly_state_validated,3061,2023-09-01,2023-09-11,-0.0189903461587886,2023,2022-12-31,native_mse,20260912,-0.0002025361551160587,,0,0
monthly_state_validated,3066,2023-09-08,2023-09-18,-0.0111346368744954,2023,2022-12-31,native_mse,20260912,0.00041052847232038274,,1,0
monthly_state_validated,3071,2023-09-15,2023-09-25,0.0105787349314532,2023,2022-12-31,native_mse,20260912,0.0001624781603077036,,1,1
monthly_state_validated,3076,2023-09-22,2023-10-16,-0.0198017153282719,2023,2022-12-31,native_mse,20260912,-2.0047557486308507e-05,,0,0
monthly_state_validated,3085,2023-10-13,2023-10-23,-0.0447156690429144,2023,2022-12-31,native_mse,20260912,-7.666747850147154e-05,,0,0
monthly_state_validated,3090,2023-10-20,2023-10-30,0.0154019770298841,2023,2022-12-31,native_mse,20260912,0.00029732197364893017,,1,1
monthly_state_validated,3095,2023-10-27,2023-11-06,0.0152527637017425,2023,2022-12-31,native_mse,20260912,0.0012245039371740986,,1,1
monthly_state_validated,3100,2023-11-03,2023-11-13,-0.0039935482440582,2023,2022-12-31,native_mse,20260912,0.00041856415378897153,,1,0
monthly_state_validated,3105,2023-11-10,2023-11-20,-0.0067280482816765,2023,2022-12-31,native_mse,20260912,0.00022000524072862617,,1,0
monthly_state_validated,3110,2023-11-17,2023-11-27,-0.0098859017348651,2023,2022-12-31,native_mse,20260912,-0.00011003873914113989,,0,0
monthly_state_validated,3115,2023-11-24,2023-12-04,-0.0151084754586299,2023,2022-12-31,native_mse,20260912,0.0006004861455855604,,1,0
monthly_state_validated,3120,2023-12-01,2023-12-11,-0.0295859857973478,2023,2022-12-31,native_mse,20260912,9.164477722239853e-05,,1,0
monthly_state_validated,3125,2023-12-08,2023-12-18,-0.0144639658974852,2023,2022-12-31,native_mse,20260912,0.0003716320497864135,,1,0
monthly_state_validated,3130,2023-12-15,2023-12-25,0.0003424256350643,2023,2022-12-31,native_mse,20260912,0.0007186720416179463,,1,1
monthly_state_validated,3135,2023-12-22,2024-01-02,0.0288079559683274,2023,2022-12-31,native_mse,20260912,0.00031752353260434155,,1,1
monthly_state_validated,3140,2023-12-29,2024-01-08,-0.0302544749829989,2023,2022-12-31,native_mse,20260912,-5.293223214677527e-06,,0,0
monthly_state_validated,3144,2024-01-05,2024-01-15,-0.0158038409563566,2024,2023-12-31,native_mse,20260910,0.000251131835275678,,1,0
monthly_state_validated,3149,2024-01-12,2024-01-22,-0.002333261979756,2024,2023-12-31,native_mse,20260910,0.0007362057214049004,,1,0
monthly_state_validated,3154,2024-01-19,2024-01-29,0.0223511633823452,2024,2023-12-31,native_mse,20260910,-0.00023540604600351487,,0,1
monthly_state_validated,3159,2024-01-26,2024-02-05,-0.0513103415192826,2024,2023-12-31,native_mse,20260910,-0.001531436704987099,,0,0
monthly_state_validated,3164,2024-02-02,2024-02-26,0.1015374891364462,2024,2023-12-31,native_mse,20260910,0.004796229141878599,,1,1
monthly_state_validated,3173,2024-02-23,2024-03-04,0.0151569053862528,2024,2023-12-31,native_mse,20260910,0.005981439448417525,,1,1
monthly_state_validated,3178,2024-03-01,2024-03-11,0.0021394031715169,2024,2023-12-31,native_mse,20260910,0.002923079585146593,,1,1
monthly_state_validated,3183,2024-03-08,2024-03-18,0.0087762342284414,2024,2023-12-31,native_mse,20260910,0.004534858645957669,,1,1
monthly_state_validated,3188,2024-03-15,2024-03-25,-0.0112802133595746,2024,2023-12-31,native_mse,20260910,0.004141952477981538,,1,0
monthly_state_validated,3193,2024-03-22,2024-04-01,0.0042044725182444,2024,2023-12-31,native_mse,20260910,0.0018727898596620025,,1,1
monthly_state_validated,3198,2024-03-29,2024-04-15,-0.0219845815102011,2024,2023-12-31,native_mse,20260910,0.0003645787473085561,,1,0
monthly_state_validated,3206,2024-04-12,2024-04-22,0.018045199366633,2024,2023-12-31,native_mse,20260910,-0.00021832918624461518,,0,1
monthly_state_validated,3211,2024-04-19,2024-04-29,0.0136757744232476,2024,2023-12-31,native_mse,20260910,0.0005323002819172812,,1,1
monthly_state_validated,3216,2024-04-26,2024-05-13,0.0172434956786644,2024,2023-12-31,native_mse,20260910,-0.00014728683736751251,,0,1
monthly_state_validated,3223,2024-05-10,2024-05-20,0.0097933549988344,2024,2023-12-31,native_mse,20260910,0.0004133340837300701,,1,1
monthly_state_validated,3228,2024-05-17,2024-05-27,-0.0204803832637164,2024,2023-12-31,native_mse,20260910,0.0036262081384896457,,1,0
monthly_state_validated,3233,2024-05-24,2024-06-03,-0.0081155643048258,2024,2023-12-31,native_mse,20260910,0.0049904247327292855,,1,0
monthly_state_validated,3238,2024-05-31,2024-06-11,-0.0060267570121149,2024,2023-12-31,native_mse,20260910,0.0040244113389711345,,1,0
monthly_state_validated,3243,2024-06-07,2024-06-17,-0.0096686558937179,2024,2023-12-31,native_mse,20260910,0.008609928356971403,,1,0
monthly_state_validated,3247,2024-06-14,2024-06-24,-0.013573992457631,2024,2023-12-31,native_mse,20260910,0.008961501129694911,,1,0
monthly_state_validated,3252,2024-06-21,2024-07-01,-0.004427632109257,2024,2023-12-31,native_mse,20260910,0.0009177608055072099,,1,0
monthly_state_validated,3257,2024-06-28,2024-07-08,-0.0108320369203009,2024,2023-12-31,native_mse,20260910,0.0030020981914033497,,1,0
monthly_state_validated,3262,2024-07-05,2024-07-15,0.0122222871842843,2024,2023-12-31,native_mse,20260910,0.00336049012064386,,1,1
monthly_state_validated,3267,2024-07-12,2024-07-22,0.0218881133018156,2024,2023-12-31,native_mse,20260910,-0.0006421845267103974,,0,1
monthly_state_validated,3272,2024-07-19,2024-07-29,-0.0378787022382998,2024,2023-12-31,native_mse,20260910,0.0004540341648428114,,1,0
monthly_state_validated,3277,2024-07-26,2024-08-05,-0.0124134568216732,2024,2023-12-31,native_mse,20260910,0.0013231998081271626,,1,0
monthly_state_validated,3282,2024-08-02,2024-08-12,-0.0102762848330364,2024,2023-12-31,native_mse,20260910,0.001303372172405589,,1,0
monthly_state_validated,3287,2024-08-09,2024-08-19,0.0050186923751938,2024,2023-12-31,native_mse,20260910,0.00011119162293128984,,1,1
monthly_state_validated,3292,2024-08-16,2024-08-26,-0.0040487282687352,2024,2023-12-31,native_mse,20260910,0.0014903087569155989,,1,0
monthly_state_validated,3297,2024-08-23,2024-09-02,-0.0069594562136714,2024,2023-12-31,native_mse,20260910,-0.0030751570665977007,,0,0
monthly_state_validated,3302,2024-08-30,2024-09-09,-0.0280389655151561,2024,2023-12-31,native_mse,20260910,-0.003508085985855703,,0,0
monthly_state_validated,3307,2024-09-06,2024-09-18,-0.0174132138857783,2024,2023-12-31,native_mse,20260910,-0.0025693655960970898,,0,0
monthly_state_validated,3312,2024-09-13,2024-09-24,0.0133119329369826,2024,2023-12-31,native_mse,20260910,0.00017194356388446877,,1,1
monthly_state_validated,3315,2024-09-20,2024-09-30,0.2017513988384409,2024,2023-12-31,native_mse,20260910,0.0007791555801138394,,1,1
monthly_state_validated,3320,2024-09-27,2024-10-14,0.0178259004588408,2024,2023-12-31,native_mse,20260910,0.0007616530796663938,,1,1
monthly_state_validated,3325,2024-10-11,2024-10-21,0.0080914993282625,2024,2023-12-31,native_mse,20260910,-0.0026429925872939004,,0,1
monthly_state_validated,3330,2024-10-18,2024-10-28,0.0015733867085561,2024,2023-12-31,native_mse,20260910,-0.004083051697418182,,0,1
monthly_state_validated,3335,2024-10-25,2024-11-04,-0.0140142824257356,2024,2023-12-31,native_mse,20260910,-0.003618447449131282,,0,0
monthly_state_validated,3340,2024-11-01,2024-11-11,0.0434152361258277,2024,2023-12-31,native_mse,20260910,-0.0042863223001300965,,0,1
monthly_state_validated,3345,2024-11-08,2024-11-18,-0.0208584853931589,2024,2023-12-31,native_mse,20260910,-0.0028591792362593097,,0,0
monthly_state_validated,3350,2024-11-15,2024-11-25,-0.0267421712161923,2024,2023-12-31,native_mse,20260910,-0.0017028092388012967,,0,0
monthly_state_validated,3355,2024-11-22,2024-12-02,0.0087960346887328,2024,2023-12-31,native_mse,20260910,-0.0009456406767515755,,0,1
monthly_state_validated,3360,2024-11-29,2024-12-09,0.0155919891551781,2024,2023-12-31,native_mse,20260910,-0.0002599534945060551,,0,1
monthly_state_validated,3365,2024-12-06,2024-12-16,-0.0100436703218104,2024,2023-12-31,native_mse,20260910,0.0007542474780432574,,1,0
monthly_state_validated,3370,2024-12-13,2024-12-23,-0.0006690784017421,2024,2023-12-31,native_mse,20260910,-0.0007125951992407705,,0,0
monthly_state_validated,3375,2024-12-20,2024-12-30,0.0123595076562756,2024,2023-12-31,native_mse,20260910,-0.0012475930255920083,,0,1
monthly_state_validated,3380,2024-12-27,2025-01-06,-0.0504714964669198,2024,2023-12-31,native_mse,20260910,-0.00024548952899875387,,0,0
monthly_state_validated,3144,2024-01-05,2024-01-15,-0.0158038409563566,2024,2023-12-31,training_frequency,-1,0.5024834437086093,0.5024834437086093,1,0
monthly_state_validated,3149,2024-01-12,2024-01-22,-0.002333261979756,2024,2023-12-31,training_frequency,-1,0.5024834437086093,0.5024834437086093,1,0
monthly_state_validated,3154,2024-01-19,2024-01-29,0.0223511633823452,2024,2023-12-31,training_frequency,-1,0.5024834437086093,0.5024834437086093,1,1
monthly_state_validated,3159,2024-01-26,2024-02-05,-0.0513103415192826,2024,2023-12-31,training_frequency,-1,0.5024834437086093,0.5024834437086093,1,0
monthly_state_validated,3164,2024-02-02,2024-02-26,0.1015374891364462,2024,2023-12-31,training_frequency,-1,0.5024834437086093,0.5024834437086093,1,1
monthly_state_validated,3173,2024-02-23,2024-03-04,0.0151569053862528,2024,2023-12-31,training_frequency,-1,0.5024834437086093,0.5024834437086093,1,1
monthly_state_validated,3178,2024-03-01,2024-03-11,0.0021394031715169,2024,2023-12-31,training_frequency,-1,0.5024834437086093,0.5024834437086093,1,1
monthly_state_validated,3183,2024-03-08,2024-03-18,0.0087762342284414,2024,2023-12-31,training_frequency,-1,0.5024834437086093,0.5024834437086093,1,1
monthly_state_validated,3188,2024-03-15,2024-03-25,-0.0112802133595746,2024,2023-12-31,training_frequency,-1,0.5024834437086093,0.5024834437086093,1,0
monthly_state_validated,3193,2024-03-22,2024-04-01,0.0042044725182444,2024,2023-12-31,training_frequency,-1,0.5024834437086093,0.5024834437086093,1,1
monthly_state_validated,3198,2024-03-29,2024-04-15,-0.0219845815102011,2024,2023-12-31,training_frequency,-1,0.5024834437086093,0.5024834437086093,1,0
monthly_state_validated,3206,2024-04-12,2024-04-22,0.018045199366633,2024,2023-12-31,training_frequency,-1,0.5024834437086093,0.5024834437086093,1,1
monthly_state_validated,3211,2024-04-19,2024-04-29,0.0136757744232476,2024,2023-12-31,training_frequency,-1,0.5024834437086093,0.5024834437086093,1,1
monthly_state_validated,3216,2024-04-26,2024-05-13,0.0172434956786644,2024,2023-12-31,training_frequency,-1,0.5024834437086093,0.5024834437086093,1,1
monthly_state_validated,3223,2024-05-10,2024-05-20,0.0097933549988344,2024,2023-12-31,training_frequency,-1,0.5024834437086093,0.5024834437086093,1,1
monthly_state_validated,3228,2024-05-17,2024-05-27,-0.0204803832637164,2024,2023-12-31,training_frequency,-1,0.5024834437086093,0.5024834437086093,1,0
monthly_state_validated,3233,2024-05-24,2024-06-03,-0.0081155643048258,2024,2023-12-31,training_frequency,-1,0.5024834437086093,0.5024834437086093,1,0
monthly_state_validated,3238,2024-05-31,2024-06-11,-0.0060267570121149,2024,2023-12-31,training_frequency,-1,0.5024834437086093,0.5024834437086093,1,0
monthly_state_validated,3243,2024-06-07,2024-06-17,-0.0096686558937179,2024,2023-12-31,training_frequency,-1,0.5024834437086093,0.5024834437086093,1,0
monthly_state_validated,3247,2024-06-14,2024-06-24,-0.013573992457631,2024,2023-12-31,training_frequency,-1,0.5024834437086093,0.5024834437086093,1,0
monthly_state_validated,3252,2024-06-21,2024-07-01,-0.004427632109257,2024,2023-12-31,training_frequency,-1,0.5024834437086093,0.5024834437086093,1,0
monthly_state_validated,3257,2024-06-28,2024-07-08,-0.0108320369203009,2024,2023-12-31,training_frequency,-1,0.5024834437086093,0.5024834437086093,1,0
monthly_state_validated,3262,2024-07-05,2024-07-15,0.0122222871842843,2024,2023-12-31,training_frequency,-1,0.5024834437086093,0.5024834437086093,1,1
monthly_state_validated,3267,2024-07-12,2024-07-22,0.0218881133018156,2024,2023-12-31,training_frequency,-1,0.5024834437086093,0.5024834437086093,1,1
monthly_state_validated,3272,2024-07-19,2024-07-29,-0.0378787022382998,2024,2023-12-31,training_frequency,-1,0.5024834437086093,0.5024834437086093,1,0
monthly_state_validated,3277,2024-07-26,2024-08-05,-0.0124134568216732,2024,2023-12-31,training_frequency,-1,0.5024834437086093,0.5024834437086093,1,0
monthly_state_validated,3282,2024-08-02,2024-08-12,-0.0102762848330364,2024,2023-12-31,training_frequency,-1,0.5024834437086093,0.5024834437086093,1,0
monthly_state_validated,3287,2024-08-09,2024-08-19,0.0050186923751938,2024,2023-12-31,training_frequency,-1,0.5024834437086093,0.5024834437086093,1,1
monthly_state_validated,3292,2024-08-16,2024-08-26,-0.0040487282687352,2024,2023-12-31,training_frequency,-1,0.5024834437086093,0.5024834437086093,1,0
monthly_state_validated,3297,2024-08-23,2024-09-02,-0.0069594562136714,2024,2023-12-31,training_frequency,-1,0.5024834437086093,0.5024834437086093,1,0
monthly_state_validated,3302,2024-08-30,2024-09-09,-0.0280389655151561,2024,2023-12-31,training_frequency,-1,0.5024834437086093,0.5024834437086093,1,0
monthly_state_validated,3307,2024-09-06,2024-09-18,-0.0174132138857783,2024,2023-12-31,training_frequency,-1,0.5024834437086093,0.5024834437086093,1,0
monthly_state_validated,3312,2024-09-13,2024-09-24,0.0133119329369826,2024,2023-12-31,training_frequency,-1,0.5024834437086093,0.5024834437086093,1,1
monthly_state_validated,3315,2024-09-20,2024-09-30,0.2017513988384409,2024,2023-12-31,training_frequency,-1,0.5024834437086093,0.5024834437086093,1,1
monthly_state_validated,3320,2024-09-27,2024-10-14,0.0178259004588408,2024,2023-12-31,training_frequency,-1,0.5024834437086093,0.5024834437086093,1,1
monthly_state_validated,3325,2024-10-11,2024-10-21,0.0080914993282625,2024,2023-12-31,training_frequency,-1,0.5024834437086093,0.5024834437086093,1,1
monthly_state_validated,3330,2024-10-18,2024-10-28,0.0015733867085561,2024,2023-12-31,training_frequency,-1,0.5024834437086093,0.5024834437086093,1,1
monthly_state_validated,3335,2024-10-25,2024-11-04,-0.0140142824257356,2024,2023-12-31,training_frequency,-1,0.5024834437086093,0.5024834437086093,1,0
monthly_state_validated,3340,2024-11-01,2024-11-11,0.0434152361258277,2024,2023-12-31,training_frequency,-1,0.5024834437086093,0.5024834437086093,1,1
monthly_state_validated,3345,2024-11-08,2024-11-18,-0.0208584853931589,2024,2023-12-31,training_frequency,-1,0.5024834437086093,0.5024834437086093,1,0
monthly_state_validated,3350,2024-11-15,2024-11-25,-0.0267421712161923,2024,2023-12-31,training_frequency,-1,0.5024834437086093,0.5024834437086093,1,0
monthly_state_validated,3355,2024-11-22,2024-12-02,0.0087960346887328,2024,2023-12-31,training_frequency,-1,0.5024834437086093,0.5024834437086093,1,1
monthly_state_validated,3360,2024-11-29,2024-12-09,0.0155919891551781,2024,2023-12-31,training_frequency,-1,0.5024834437086093,0.5024834437086093,1,1
monthly_state_validated,3365,2024-12-06,2024-12-16,-0.0100436703218104,2024,2023-12-31,training_frequency,-1,0.5024834437086093,0.5024834437086093,1,0
monthly_state_validated,3370,2024-12-13,2024-12-23,-0.0006690784017421,2024,2023-12-31,training_frequency,-1,0.5024834437086093,0.5024834437086093,1,0
monthly_state_validated,3375,2024-12-20,2024-12-30,0.0123595076562756,2024,2023-12-31,training_frequency,-1,0.5024834437086093,0.5024834437086093,1,1
monthly_state_validated,3380,2024-12-27,2025-01-06,-0.0504714964669198,2024,2023-12-31,training_frequency,-1,0.5024834437086093,0.5024834437086093,1,0
monthly_state_validated,3144,2024-01-05,2024-01-15,-0.0158038409563566,2024,2023-12-31,native_mse,20260911,0.006524465736805172,,1,0
monthly_state_validated,3149,2024-01-12,2024-01-22,-0.002333261979756,2024,2023-12-31,native_mse,20260911,0.008213225375018137,,1,0
monthly_state_validated,3154,2024-01-19,2024-01-29,0.0223511633823452,2024,2023-12-31,native_mse,20260911,0.009988969845384454,,1,1
monthly_state_validated,3159,2024-01-26,2024-02-05,-0.0513103415192826,2024,2023-12-31,native_mse,20260911,0.007709942184731473,,1,0
monthly_state_validated,3164,2024-02-02,2024-02-26,0.1015374891364462,2024,2023-12-31,native_mse,20260911,0.006449485928463916,,1,1
monthly_state_validated,3173,2024-02-23,2024-03-04,0.0151569053862528,2024,2023-12-31,native_mse,20260911,0.010256530380527457,,1,1
monthly_state_validated,3178,2024-03-01,2024-03-11,0.0021394031715169,2024,2023-12-31,native_mse,20260911,0.00705766649461919,,1,1
monthly_state_validated,3183,2024-03-08,2024-03-18,0.0087762342284414,2024,2023-12-31,native_mse,20260911,0.008632918878357794,,1,1
monthly_state_validated,3188,2024-03-15,2024-03-25,-0.0112802133595746,2024,2023-12-31,native_mse,20260911,0.004101422624994645,,1,0
monthly_state_validated,3193,2024-03-22,2024-04-01,0.0042044725182444,2024,2023-12-31,native_mse,20260911,0.0049895841353934664,,1,1
monthly_state_validated,3198,2024-03-29,2024-04-15,-0.0219845815102011,2024,2023-12-31,native_mse,20260911,0.0016010611409444046,,1,0
monthly_state_validated,3206,2024-04-12,2024-04-22,0.018045199366633,2024,2023-12-31,native_mse,20260911,0.001857502186560773,,1,1
monthly_state_validated,3211,2024-04-19,2024-04-29,0.0136757744232476,2024,2023-12-31,native_mse,20260911,0.009651811290201222,,1,1
monthly_state_validated,3216,2024-04-26,2024-05-13,0.0172434956786644,2024,2023-12-31,native_mse,20260911,0.005960111287081512,,1,1
monthly_state_validated,3223,2024-05-10,2024-05-20,0.0097933549988344,2024,2023-12-31,native_mse,20260911,-0.004933376296222066,,0,1
monthly_state_validated,3228,2024-05-17,2024-05-27,-0.0204803832637164,2024,2023-12-31,native_mse,20260911,-0.003099362011607103,,0,0
monthly_state_validated,3233,2024-05-24,2024-06-03,-0.0081155643048258,2024,2023-12-31,native_mse,20260911,-0.0038744398417857777,,0,0
monthly_state_validated,3238,2024-05-31,2024-06-11,-0.0060267570121149,2024,2023-12-31,native_mse,20260911,-0.0020292253039693184,,0,0
monthly_state_validated,3243,2024-06-07,2024-06-17,-0.0096686558937179,2024,2023-12-31,native_mse,20260911,5.7354393489387904e-05,,1,0
monthly_state_validated,3247,2024-06-14,2024-06-24,-0.013573992457631,2024,2023-12-31,native_mse,20260911,0.0016373878025280563,,1,0
monthly_state_validated,3252,2024-06-21,2024-07-01,-0.004427632109257,2024,2023-12-31,native_mse,20260911,0.0027588932782398315,,1,0
monthly_state_validated,3257,2024-06-28,2024-07-08,-0.0108320369203009,2024,2023-12-31,native_mse,20260911,0.0032470747873102144,,1,0
monthly_state_validated,3262,2024-07-05,2024-07-15,0.0122222871842843,2024,2023-12-31,native_mse,20260911,0.002652089101692747,,1,1
monthly_state_validated,3267,2024-07-12,2024-07-22,0.0218881133018156,2024,2023-12-31,native_mse,20260911,0.004450330503533944,,1,1
monthly_state_validated,3272,2024-07-19,2024-07-29,-0.0378787022382998,2024,2023-12-31,native_mse,20260911,-0.0012744559041647184,,0,0
monthly_state_validated,3277,2024-07-26,2024-08-05,-0.0124134568216732,2024,2023-12-31,native_mse,20260911,-0.001291795834448832,,0,0
monthly_state_validated,3282,2024-08-02,2024-08-12,-0.0102762848330364,2024,2023-12-31,native_mse,20260911,-0.002458562952290899,,0,0
monthly_state_validated,3287,2024-08-09,2024-08-19,0.0050186923751938,2024,2023-12-31,native_mse,20260911,-0.0009352769264030156,,0,1
monthly_state_validated,3292,2024-08-16,2024-08-26,-0.0040487282687352,2024,2023-12-31,native_mse,20260911,-0.0034014636043486098,,0,0
monthly_state_validated,3297,2024-08-23,2024-09-02,-0.0069594562136714,2024,2023-12-31,native_mse,20260911,-0.0018665564124188876,,0,0
monthly_state_validated,3302,2024-08-30,2024-09-09,-0.0280389655151561,2024,2023-12-31,native_mse,20260911,2.766314850337684e-05,,1,0
monthly_state_validated,3307,2024-09-06,2024-09-18,-0.0174132138857783,2024,2023-12-31,native_mse,20260911,0.0015093996928045017,,1,0
monthly_state_validated,3312,2024-09-13,2024-09-24,0.0133119329369826,2024,2023-12-31,native_mse,20260911,0.005047902673988417,,1,1
monthly_state_validated,3315,2024-09-20,2024-09-30,0.2017513988384409,2024,2023-12-31,native_mse,20260911,0.006841795120835749,,1,1
monthly_state_validated,3320,2024-09-27,2024-10-14,0.0178259004588408,2024,2023-12-31,native_mse,20260911,0.011643607701046107,,1,1
monthly_state_validated,3325,2024-10-11,2024-10-21,0.0080914993282625,2024,2023-12-31,native_mse,20260911,0.006958055096152153,,1,1
monthly_state_validated,3330,2024-10-18,2024-10-28,0.0015733867085561,2024,2023-12-31,native_mse,20260911,0.0035488889473533555,,1,1
monthly_state_validated,3335,2024-10-25,2024-11-04,-0.0140142824257356,2024,2023-12-31,native_mse,20260911,-0.004087166652715301,,0,0
monthly_state_validated,3340,2024-11-01,2024-11-11,0.0434152361258277,2024,2023-12-31,native_mse,20260911,-0.008879815780234165,,0,1
monthly_state_validated,3345,2024-11-08,2024-11-18,-0.0208584853931589,2024,2023-12-31,native_mse,20260911,-0.0016665405141504353,,0,0
monthly_state_validated,3350,2024-11-15,2024-11-25,-0.0267421712161923,2024,2023-12-31,native_mse,20260911,-0.0014397200836903515,,0,0
monthly_state_validated,3355,2024-11-22,2024-12-02,0.0087960346887328,2024,2023-12-31,native_mse,20260911,-0.00394305191034785,,0,1
monthly_state_validated,3360,2024-11-29,2024-12-09,0.0155919891551781,2024,2023-12-31,native_mse,20260911,-0.003787046789689023,,0,1
monthly_state_validated,3365,2024-12-06,2024-12-16,-0.0100436703218104,2024,2023-12-31,native_mse,20260911,-0.0013163950781598383,,0,0
monthly_state_validated,3370,2024-12-13,2024-12-23,-0.0006690784017421,2024,2023-12-31,native_mse,20260911,-0.007731413237017607,,0,0
monthly_state_validated,3375,2024-12-20,2024-12-30,0.0123595076562756,2024,2023-12-31,native_mse,20260911,-0.005503589541502588,,0,1
monthly_state_validated,3380,2024-12-27,2025-01-06,-0.0504714964669198,2024,2023-12-31,native_mse,20260911,0.006049137218951889,,1,0
monthly_state_validated,3144,2024-01-05,2024-01-15,-0.0158038409563566,2024,2023-12-31,native_mse,20260912,0.001652613648937757,,1,0
monthly_state_validated,3149,2024-01-12,2024-01-22,-0.002333261979756,2024,2023-12-31,native_mse,20260912,0.0017566823014709063,,1,0
monthly_state_validated,3154,2024-01-19,2024-01-29,0.0223511633823452,2024,2023-12-31,native_mse,20260912,0.0017349357863463528,,1,1
monthly_state_validated,3159,2024-01-26,2024-02-05,-0.0513103415192826,2024,2023-12-31,native_mse,20260912,0.0017756045446650414,,1,0
monthly_state_validated,3164,2024-02-02,2024-02-26,0.1015374891364462,2024,2023-12-31,native_mse,20260912,0.0017702651342618495,,1,1
monthly_state_validated,3173,2024-02-23,2024-03-04,0.0151569053862528,2024,2023-12-31,native_mse,20260912,0.0018705013508167863,,1,1
monthly_state_validated,3178,2024-03-01,2024-03-11,0.0021394031715169,2024,2023-12-31,native_mse,20260912,0.0020966839632058165,,1,1
monthly_state_validated,3183,2024-03-08,2024-03-18,0.0087762342284414,2024,2023-12-31,native_mse,20260912,0.0021229030867072935,,1,1
monthly_state_validated,3188,2024-03-15,2024-03-25,-0.0112802133595746,2024,2023-12-31,native_mse,20260912,0.002169492364912302,,1,0
monthly_state_validated,3193,2024-03-22,2024-04-01,0.0042044725182444,2024,2023-12-31,native_mse,20260912,0.0021346683785466035,,1,1
monthly_state_validated,3198,2024-03-29,2024-04-15,-0.0219845815102011,2024,2023-12-31,native_mse,20260912,0.001970104765042201,,1,0
monthly_state_validated,3206,2024-04-12,2024-04-22,0.018045199366633,2024,2023-12-31,native_mse,20260912,0.0018950666103198662,,1,1
monthly_state_validated,3211,2024-04-19,2024-04-29,0.0136757744232476,2024,2023-12-31,native_mse,20260912,0.0014826942470986316,,1,1
monthly_state_validated,3216,2024-04-26,2024-05-13,0.0172434956786644,2024,2023-12-31,native_mse,20260912,0.0010502698704938512,,1,1
monthly_state_validated,3223,2024-05-10,2024-05-20,0.0097933549988344,2024,2023-12-31,native_mse,20260912,0.0008603132721811119,,1,1
monthly_state_validated,3228,2024-05-17,2024-05-27,-0.0204803832637164,2024,2023-12-31,native_mse,20260912,0.000598359363630433,,1,0
monthly_state_validated,3233,2024-05-24,2024-06-03,-0.0081155643048258,2024,2023-12-31,native_mse,20260912,0.0005736014331172037,,1,0
monthly_state_validated,3238,2024-05-31,2024-06-11,-0.0060267570121149,2024,2023-12-31,native_mse,20260912,0.0005483327414548749,,1,0
monthly_state_validated,3243,2024-06-07,2024-06-17,-0.0096686558937179,2024,2023-12-31,native_mse,20260912,0.000585176229140396,,1,0
monthly_state_validated,3247,2024-06-14,2024-06-24,-0.013573992457631,2024,2023-12-31,native_mse,20260912,0.000605835607878555,,1,0
monthly_state_validated,3252,2024-06-21,2024-07-01,-0.004427632109257,2024,2023-12-31,native_mse,20260912,0.0006286050015987623,,1,0
monthly_state_validated,3257,2024-06-28,2024-07-08,-0.0108320369203009,2024,2023-12-31,native_mse,20260912,0.00064228262166844,,1,0
monthly_state_validated,3262,2024-07-05,2024-07-15,0.0122222871842843,2024,2023-12-31,native_mse,20260912,0.000721007461573622,,1,1
monthly_state_validated,3267,2024-07-12,2024-07-22,0.0218881133018156,2024,2023-12-31,native_mse,20260912,0.000821435978076197,,1,1
monthly_state_validated,3272,2024-07-19,2024-07-29,-0.0378787022382998,2024,2023-12-31,native_mse,20260912,0.0008418861287390497,,1,0
monthly_state_validated,3277,2024-07-26,2024-08-05,-0.0124134568216732,2024,2023-12-31,native_mse,20260912,0.0012675510770958798,,1,0
monthly_state_validated,3282,2024-08-02,2024-08-12,-0.0102762848330364,2024,2023-12-31,native_mse,20260912,0.0015249857513458085,,1,0
monthly_state_validated,3287,2024-08-09,2024-08-19,0.0050186923751938,2024,2023-12-31,native_mse,20260912,0.0015779514189250905,,1,1
monthly_state_validated,3292,2024-08-16,2024-08-26,-0.0040487282687352,2024,2023-12-31,native_mse,20260912,0.0013998325080271312,,1,0
monthly_state_validated,3297,2024-08-23,2024-09-02,-0.0069594562136714,2024,2023-12-31,native_mse,20260912,0.0014255873683507452,,1,0
monthly_state_validated,3302,2024-08-30,2024-09-09,-0.0280389655151561,2024,2023-12-31,native_mse,20260912,0.0015330401621674865,,1,0
monthly_state_validated,3307,2024-09-06,2024-09-18,-0.0174132138857783,2024,2023-12-31,native_mse,20260912,0.0015627932338450265,,1,0
monthly_state_validated,3312,2024-09-13,2024-09-24,0.0133119329369826,2024,2023-12-31,native_mse,20260912,0.0015103830852308555,,1,1
monthly_state_validated,3315,2024-09-20,2024-09-30,0.2017513988384409,2024,2023-12-31,native_mse,20260912,0.0015343284400254939,,1,1
monthly_state_validated,3320,2024-09-27,2024-10-14,0.0178259004588408,2024,2023-12-31,native_mse,20260912,0.0015725051425186597,,1,1
monthly_state_validated,3325,2024-10-11,2024-10-21,0.0080914993282625,2024,2023-12-31,native_mse,20260912,0.0019394229622847915,,1,1
monthly_state_validated,3330,2024-10-18,2024-10-28,0.0015733867085561,2024,2023-12-31,native_mse,20260912,0.0021210173726156634,,1,1
monthly_state_validated,3335,2024-10-25,2024-11-04,-0.0140142824257356,2024,2023-12-31,native_mse,20260912,0.0021565584052961957,,1,0
monthly_state_validated,3340,2024-11-01,2024-11-11,0.0434152361258277,2024,2023-12-31,native_mse,20260912,0.002066143931918221,,1,1
monthly_state_validated,3345,2024-11-08,2024-11-18,-0.0208584853931589,2024,2023-12-31,native_mse,20260912,0.0019328021834634566,,1,0
monthly_state_validated,3350,2024-11-15,2024-11-25,-0.0267421712161923,2024,2023-12-31,native_mse,20260912,0.0016078398644429398,,1,0
monthly_state_validated,3355,2024-11-22,2024-12-02,0.0087960346887328,2024,2023-12-31,native_mse,20260912,0.0014387624930086427,,1,1
monthly_state_validated,3360,2024-11-29,2024-12-09,0.0155919891551781,2024,2023-12-31,native_mse,20260912,0.001055672591838617,,1,1
monthly_state_validated,3365,2024-12-06,2024-12-16,-0.0100436703218104,2024,2023-12-31,native_mse,20260912,0.0009332123922739673,,1,0
monthly_state_validated,3370,2024-12-13,2024-12-23,-0.0006690784017421,2024,2023-12-31,native_mse,20260912,0.0007303535282016855,,1,0
monthly_state_validated,3375,2024-12-20,2024-12-30,0.0123595076562756,2024,2023-12-31,native_mse,20260912,0.0006347143027364932,,1,1
monthly_state_validated,3380,2024-12-27,2025-01-06,-0.0504714964669198,2024,2023-12-31,native_mse,20260912,0.0004962445983289108,,1,0
monthly_state_validated,3384,2025-01-03,2025-01-13,-0.0189486730632231,2025,2024-12-31,native_mse,20260910,-0.0042551962797835255,,0,0
monthly_state_validated,3389,2025-01-10,2025-01-20,0.0353251773547418,2025,2024-12-31,native_mse,20260910,-0.004346017102457373,,0,1
monthly_state_validated,3394,2025-01-17,2025-01-27,0.000432821422053,2025,2024-12-31,native_mse,20260910,-0.0019110835117753682,,0,1
monthly_state_validated,3399,2025-01-24,2025-02-10,0.0159344898044284,2025,2024-12-31,native_mse,20260910,-0.0018767518511483509,,0,1
monthly_state_validated,3403,2025-02-07,2025-02-17,0.0144454990892999,2025,2024-12-31,native_mse,20260910,-0.0005243581714439598,,0,1
monthly_state_validated,3408,2025-02-14,2025-02-24,0.0045695818086644,2025,2024-12-31,native_mse,20260910,0.0018166916350322408,,1,1
monthly_state_validated,3413,2025-02-21,2025-03-03,-0.0183210488158531,2025,2024-12-31,native_mse,20260910,-0.0017910693651536675,,0,0
monthly_state_validated,3418,2025-02-28,2025-03-10,0.0117650075646844,2025,2024-12-31,native_mse,20260910,8.039864129989814e-05,,1,1
monthly_state_validated,3423,2025-03-07,2025-03-17,0.019023819058288,2025,2024-12-31,native_mse,20260910,0.00045020548490624885,,1,1
monthly_state_validated,3428,2025-03-14,2025-03-24,-0.0259983485216283,2025,2024-12-31,native_mse,20260910,0.004030585426274574,,1,0
monthly_state_validated,3433,2025-03-21,2025-03-31,-0.0025867506275359,2025,2024-12-31,native_mse,20260910,0.0025467178052053364,,1,0
monthly_state_validated,3438,2025-03-28,2025-04-14,-0.0342910101946246,2025,2024-12-31,native_mse,20260910,0.007880897711304511,,1,0
monthly_state_validated,3447,2025-04-11,2025-04-21,-0.0010339232881941,2025,2024-12-31,native_mse,20260910,5.880823721327009e-05,,1,0
monthly_state_validated,3452,2025-04-18,2025-04-28,0.0048432383085554,2025,2024-12-31,native_mse,20260910,0.005609692399565023,,1,1
monthly_state_validated,3457,2025-04-25,2025-05-12,0.02116527880118,2025,2024-12-31,native_mse,20260910,-0.000987643148635555,,0,1
monthly_state_validated,3464,2025-05-09,2025-05-19,0.0041484224873464,2025,2024-12-31,native_mse,20260910,-0.0013747677302766792,,0,1
monthly_state_validated,3469,2025-05-16,2025-05-26,-0.0017462660042188,2025,2024-12-31,native_mse,20260910,-0.0004666942525332647,,0,0
monthly_state_validated,3474,2025-05-23,2025-06-03,-0.0109216443615366,2025,2024-12-31,native_mse,20260910,-0.0003784346347167226,,0,0
monthly_state_validated,3479,2025-05-30,2025-06-09,0.011566574321892,2025,2024-12-31,native_mse,20260910,0.0010175785321809984,,1,1
monthly_state_validated,3483,2025-06-06,2025-06-16,-0.0062354943524679,2025,2024-12-31,native_mse,20260910,-0.0001914645603575384,,0,0
monthly_state_validated,3488,2025-06-13,2025-06-23,-0.005825691168304,2025,2024-12-31,native_mse,20260910,1.1665969000571627e-05,,1,0
monthly_state_validated,3493,2025-06-20,2025-06-30,0.0232670437490374,2025,2024-12-31,native_mse,20260910,0.0007044968618821799,,1,1
monthly_state_validated,3498,2025-06-27,2025-07-07,0.0145345648685946,2025,2024-12-31,native_mse,20260910,-0.003232334991441291,,0,1
monthly_state_validated,3503,2025-07-04,2025-07-14,0.0110426949002964,2025,2024-12-31,native_mse,20260910,0.003419117861495023,,1,1
monthly_state_validated,3508,2025-07-11,2025-07-21,0.0120759671840067,2025,2024-12-31,native_mse,20260910,0.011140680775400312,,1,1
monthly_state_validated,3513,2025-07-18,2025-07-28,0.0143570766898375,2025,2024-12-31,native_mse,20260910,-0.002127522022613997,,0,1
monthly_state_validated,3518,2025-07-25,2025-08-04,-0.0218642507630443,2025,2024-12-31,native_mse,20260910,-0.001869242573817923,,0,0
monthly_state_validated,3523,2025-08-01,2025-08-11,0.0179175520190988,2025,2024-12-31,native_mse,20260910,2.2319590068522338e-05,,1,1
monthly_state_validated,3528,2025-08-08,2025-08-18,0.026265786598999,2025,2024-12-31,native_mse,20260910,-0.004614466433741538,,0,1
monthly_state_validated,3533,2025-08-15,2025-08-25,0.0469483790671487,2025,2024-12-31,native_mse,20260910,-0.0013489789955213162,,0,1
monthly_state_validated,3538,2025-08-22,2025-09-01,0.0227770368340847,2025,2024-12-31,native_mse,20260910,-0.004341013056443359,,0,1
monthly_state_validated,3543,2025-08-29,2025-09-08,-0.0110053842475337,2025,2024-12-31,native_mse,20260910,-0.004924417538845909,,0,0
monthly_state_validated,3548,2025-09-05,2025-09-15,0.0151594857594405,2025,2024-12-31,native_mse,20260910,-0.004519124644784283,,0,1
monthly_state_validated,3553,2025-09-12,2025-09-22,-0.0050409160971932,2025,2024-12-31,native_mse,20260910,-0.004114428954602145,,0,0
monthly_state_validated,3558,2025-09-19,2025-09-29,0.0095300784790881,2025,2024-12-31,native_mse,20260910,-0.0047590961051182015,,0,1
monthly_state_validated,3563,2025-09-26,2025-10-13,-0.0140855274279203,2025,2024-12-31,native_mse,20260910,-0.004219803127072934,,0,0
monthly_state_validated,3567,2025-10-10,2025-10-20,0.015001547584321,2025,2024-12-31,native_mse,20260910,-0.003823350500415441,,0,1
monthly_state_validated,3572,2025-10-17,2025-10-27,0.0309637052897611,2025,2024-12-31,native_mse,20260910,-0.003866623261027931,,0,1
monthly_state_validated,3577,2025-10-24,2025-11-03,-0.013331545863497,2025,2024-12-31,native_mse,20260910,-0.0036382658807448576,,0,0
monthly_state_validated,3582,2025-10-31,2025-11-10,0.0110832418536339,2025,2024-12-31,native_mse,20260910,-0.003790641327688186,,0,1
monthly_state_validated,3587,2025-11-07,2025-11-17,-0.0152107881197579,2025,2024-12-31,native_mse,20260910,-0.003538974204578519,,0,0
monthly_state_validated,3592,2025-11-14,2025-11-24,-0.031114557454173,2025,2024-12-31,native_mse,20260910,-0.003282621345580935,,0,0
monthly_state_validated,3597,2025-11-21,2025-12-01,0.0147613767448515,2025,2024-12-31,native_mse,20260910,-0.0034884891644206416,,0,1
monthly_state_validated,3602,2025-11-28,2025-12-08,0.0118853804313106,2025,2024-12-31,native_mse,20260910,-0.003806133337151431,,0,1
monthly_state_validated,3607,2025-12-05,2025-12-15,-0.0093922675990717,2025,2024-12-31,native_mse,20260910,-0.003208553856296927,,0,0
monthly_state_validated,3612,2025-12-12,2025-12-22,0.0082791208791208,2025,2024-12-31,native_mse,20260910,0.0022387132272507658,,1,1
monthly_state_validated,3617,2025-12-19,2025-12-29,0.0153890755001995,2025,2024-12-31,native_mse,20260910,0.006486312528548796,,1,1
monthly_state_validated,3622,2025-12-26,2026-01-12,0.0239101640737868,2025,2024-12-31,native_mse,20260910,-0.0003728277129905187,,0,1
monthly_state_validated,3384,2025-01-03,2025-01-13,-0.0189486730632231,2025,2024-12-31,training_frequency,-1,0.472636815920398,0.472636815920398,0,0
monthly_state_validated,3389,2025-01-10,2025-01-20,0.0353251773547418,2025,2024-12-31,training_frequency,-1,0.472636815920398,0.472636815920398,0,1
monthly_state_validated,3394,2025-01-17,2025-01-27,0.000432821422053,2025,2024-12-31,training_frequency,-1,0.472636815920398,0.472636815920398,0,1
monthly_state_validated,3399,2025-01-24,2025-02-10,0.0159344898044284,2025,2024-12-31,training_frequency,-1,0.472636815920398,0.472636815920398,0,1
monthly_state_validated,3403,2025-02-07,2025-02-17,0.0144454990892999,2025,2024-12-31,training_frequency,-1,0.472636815920398,0.472636815920398,0,1
monthly_state_validated,3408,2025-02-14,2025-02-24,0.0045695818086644,2025,2024-12-31,training_frequency,-1,0.472636815920398,0.472636815920398,0,1
monthly_state_validated,3413,2025-02-21,2025-03-03,-0.0183210488158531,2025,2024-12-31,training_frequency,-1,0.472636815920398,0.472636815920398,0,0
monthly_state_validated,3418,2025-02-28,2025-03-10,0.0117650075646844,2025,2024-12-31,training_frequency,-1,0.472636815920398,0.472636815920398,0,1
monthly_state_validated,3423,2025-03-07,2025-03-17,0.019023819058288,2025,2024-12-31,training_frequency,-1,0.472636815920398,0.472636815920398,0,1
monthly_state_validated,3428,2025-03-14,2025-03-24,-0.0259983485216283,2025,2024-12-31,training_frequency,-1,0.472636815920398,0.472636815920398,0,0
monthly_state_validated,3433,2025-03-21,2025-03-31,-0.0025867506275359,2025,2024-12-31,training_frequency,-1,0.472636815920398,0.472636815920398,0,0
monthly_state_validated,3438,2025-03-28,2025-04-14,-0.0342910101946246,2025,2024-12-31,training_frequency,-1,0.472636815920398,0.472636815920398,0,0
monthly_state_validated,3447,2025-04-11,2025-04-21,-0.0010339232881941,2025,2024-12-31,training_frequency,-1,0.472636815920398,0.472636815920398,0,0
monthly_state_validated,3452,2025-04-18,2025-04-28,0.0048432383085554,2025,2024-12-31,training_frequency,-1,0.472636815920398,0.472636815920398,0,1
monthly_state_validated,3457,2025-04-25,2025-05-12,0.02116527880118,2025,2024-12-31,training_frequency,-1,0.472636815920398,0.472636815920398,0,1
monthly_state_validated,3464,2025-05-09,2025-05-19,0.0041484224873464,2025,2024-12-31,training_frequency,-1,0.472636815920398,0.472636815920398,0,1
monthly_state_validated,3469,2025-05-16,2025-05-26,-0.0017462660042188,2025,2024-12-31,training_frequency,-1,0.472636815920398,0.472636815920398,0,0
monthly_state_validated,3474,2025-05-23,2025-06-03,-0.0109216443615366,2025,2024-12-31,training_frequency,-1,0.472636815920398,0.472636815920398,0,0
monthly_state_validated,3479,2025-05-30,2025-06-09,0.011566574321892,2025,2024-12-31,training_frequency,-1,0.472636815920398,0.472636815920398,0,1
monthly_state_validated,3483,2025-06-06,2025-06-16,-0.0062354943524679,2025,2024-12-31,training_frequency,-1,0.472636815920398,0.472636815920398,0,0
monthly_state_validated,3488,2025-06-13,2025-06-23,-0.005825691168304,2025,2024-12-31,training_frequency,-1,0.472636815920398,0.472636815920398,0,0
monthly_state_validated,3493,2025-06-20,2025-06-30,0.0232670437490374,2025,2024-12-31,training_frequency,-1,0.472636815920398,0.472636815920398,0,1
monthly_state_validated,3498,2025-06-27,2025-07-07,0.0145345648685946,2025,2024-12-31,training_frequency,-1,0.472636815920398,0.472636815920398,0,1
monthly_state_validated,3503,2025-07-04,2025-07-14,0.0110426949002964,2025,2024-12-31,training_frequency,-1,0.472636815920398,0.472636815920398,0,1
monthly_state_validated,3508,2025-07-11,2025-07-21,0.0120759671840067,2025,2024-12-31,training_frequency,-1,0.472636815920398,0.472636815920398,0,1
monthly_state_validated,3513,2025-07-18,2025-07-28,0.0143570766898375,2025,2024-12-31,training_frequency,-1,0.472636815920398,0.472636815920398,0,1
monthly_state_validated,3518,2025-07-25,2025-08-04,-0.0218642507630443,2025,2024-12-31,training_frequency,-1,0.472636815920398,0.472636815920398,0,0
monthly_state_validated,3523,2025-08-01,2025-08-11,0.0179175520190988,2025,2024-12-31,training_frequency,-1,0.472636815920398,0.472636815920398,0,1
monthly_state_validated,3528,2025-08-08,2025-08-18,0.026265786598999,2025,2024-12-31,training_frequency,-1,0.472636815920398,0.472636815920398,0,1
monthly_state_validated,3533,2025-08-15,2025-08-25,0.0469483790671487,2025,2024-12-31,training_frequency,-1,0.472636815920398,0.472636815920398,0,1
monthly_state_validated,3538,2025-08-22,2025-09-01,0.0227770368340847,2025,2024-12-31,training_frequency,-1,0.472636815920398,0.472636815920398,0,1
monthly_state_validated,3543,2025-08-29,2025-09-08,-0.0110053842475337,2025,2024-12-31,training_frequency,-1,0.472636815920398,0.472636815920398,0,0
monthly_state_validated,3548,2025-09-05,2025-09-15,0.0151594857594405,2025,2024-12-31,training_frequency,-1,0.472636815920398,0.472636815920398,0,1
monthly_state_validated,3553,2025-09-12,2025-09-22,-0.0050409160971932,2025,2024-12-31,training_frequency,-1,0.472636815920398,0.472636815920398,0,0
monthly_state_validated,3558,2025-09-19,2025-09-29,0.0095300784790881,2025,2024-12-31,training_frequency,-1,0.472636815920398,0.472636815920398,0,1
monthly_state_validated,3563,2025-09-26,2025-10-13,-0.0140855274279203,2025,2024-12-31,training_frequency,-1,0.472636815920398,0.472636815920398,0,0
monthly_state_validated,3567,2025-10-10,2025-10-20,0.015001547584321,2025,2024-12-31,training_frequency,-1,0.472636815920398,0.472636815920398,0,1
monthly_state_validated,3572,2025-10-17,2025-10-27,0.0309637052897611,2025,2024-12-31,training_frequency,-1,0.472636815920398,0.472636815920398,0,1
monthly_state_validated,3577,2025-10-24,2025-11-03,-0.013331545863497,2025,2024-12-31,training_frequency,-1,0.472636815920398,0.472636815920398,0,0
monthly_state_validated,3582,2025-10-31,2025-11-10,0.0110832418536339,2025,2024-12-31,training_frequency,-1,0.472636815920398,0.472636815920398,0,1
monthly_state_validated,3587,2025-11-07,2025-11-17,-0.0152107881197579,2025,2024-12-31,training_frequency,-1,0.472636815920398,0.472636815920398,0,0
monthly_state_validated,3592,2025-11-14,2025-11-24,-0.031114557454173,2025,2024-12-31,training_frequency,-1,0.472636815920398,0.472636815920398,0,0
monthly_state_validated,3597,2025-11-21,2025-12-01,0.0147613767448515,2025,2024-12-31,training_frequency,-1,0.472636815920398,0.472636815920398,0,1
monthly_state_validated,3602,2025-11-28,2025-12-08,0.0118853804313106,2025,2024-12-31,training_frequency,-1,0.472636815920398,0.472636815920398,0,1
monthly_state_validated,3607,2025-12-05,2025-12-15,-0.0093922675990717,2025,2024-12-31,training_frequency,-1,0.472636815920398,0.472636815920398,0,0
monthly_state_validated,3612,2025-12-12,2025-12-22,0.0082791208791208,2025,2024-12-31,training_frequency,-1,0.472636815920398,0.472636815920398,0,1
monthly_state_validated,3617,2025-12-19,2025-12-29,0.0153890755001995,2025,2024-12-31,training_frequency,-1,0.472636815920398,0.472636815920398,0,1
monthly_state_validated,3622,2025-12-26,2026-01-12,0.0239101640737868,2025,2024-12-31,training_frequency,-1,0.472636815920398,0.472636815920398,0,1
monthly_state_validated,3384,2025-01-03,2025-01-13,-0.0189486730632231,2025,2024-12-31,native_mse,20260911,-0.002243633031677963,,0,0
monthly_state_validated,3389,2025-01-10,2025-01-20,0.0353251773547418,2025,2024-12-31,native_mse,20260911,-0.0018394813791051527,,0,1
monthly_state_validated,3394,2025-01-17,2025-01-27,0.000432821422053,2025,2024-12-31,native_mse,20260911,-0.0014393263633927758,,0,1
monthly_state_validated,3399,2025-01-24,2025-02-10,0.0159344898044284,2025,2024-12-31,native_mse,20260911,-0.0005732481089145066,,0,1
monthly_state_validated,3403,2025-02-07,2025-02-17,0.0144454990892999,2025,2024-12-31,native_mse,20260911,-0.0003493640286036611,,0,1
monthly_state_validated,3408,2025-02-14,2025-02-24,0.0045695818086644,2025,2024-12-31,native_mse,20260911,-6.571465300264602e-06,,0,1
monthly_state_validated,3413,2025-02-21,2025-03-03,-0.0183210488158531,2025,2024-12-31,native_mse,20260911,0.00010564573035517886,,1,0
monthly_state_validated,3418,2025-02-28,2025-03-10,0.0117650075646844,2025,2024-12-31,native_mse,20260911,0.00030938900384146466,,1,1
monthly_state_validated,3423,2025-03-07,2025-03-17,0.019023819058288,2025,2024-12-31,native_mse,20260911,0.0003527669941379203,,1,1
monthly_state_validated,3428,2025-03-14,2025-03-24,-0.0259983485216283,2025,2024-12-31,native_mse,20260911,0.0004719065040533454,,1,0
monthly_state_validated,3433,2025-03-21,2025-03-31,-0.0025867506275359,2025,2024-12-31,native_mse,20260911,0.0001374212134311476,,1,0
monthly_state_validated,3438,2025-03-28,2025-04-14,-0.0342910101946246,2025,2024-12-31,native_mse,20260911,0.0003460895283123176,,1,0
monthly_state_validated,3447,2025-04-11,2025-04-21,-0.0010339232881941,2025,2024-12-31,native_mse,20260911,0.000247650617921614,,1,0
monthly_state_validated,3452,2025-04-18,2025-04-28,0.0048432383085554,2025,2024-12-31,native_mse,20260911,0.0005399418130639047,,1,1
monthly_state_validated,3457,2025-04-25,2025-05-12,0.02116527880118,2025,2024-12-31,native_mse,20260911,0.00041859235087992534,,1,1
monthly_state_validated,3464,2025-05-09,2025-05-19,0.0041484224873464,2025,2024-12-31,native_mse,20260911,-0.00023324757687195213,,0,1
monthly_state_validated,3469,2025-05-16,2025-05-26,-0.0017462660042188,2025,2024-12-31,native_mse,20260911,-0.0007053097438131018,,0,0
monthly_state_validated,3474,2025-05-23,2025-06-03,-0.0109216443615366,2025,2024-12-31,native_mse,20260911,-0.0004283154814639044,,0,0
monthly_state_validated,3479,2025-05-30,2025-06-09,0.011566574321892,2025,2024-12-31,native_mse,20260911,-0.0007435280421209072,,0,1
monthly_state_validated,3483,2025-06-06,2025-06-16,-0.0062354943524679,2025,2024-12-31,native_mse,20260911,0.00031992663879525335,,1,0
monthly_state_validated,3488,2025-06-13,2025-06-23,-0.005825691168304,2025,2024-12-31,native_mse,20260911,-0.00012583521126832513,,0,0
monthly_state_validated,3493,2025-06-20,2025-06-30,0.0232670437490374,2025,2024-12-31,native_mse,20260911,0.0004804870845920942,,1,1
monthly_state_validated,3498,2025-06-27,2025-07-07,0.0145345648685946,2025,2024-12-31,native_mse,20260911,0.0003559800730399111,,1,1
monthly_state_validated,3503,2025-07-04,2025-07-14,0.0110426949002964,2025,2024-12-31,native_mse,20260911,0.0001003436982822433,,1,1
monthly_state_validated,3508,2025-07-11,2025-07-21,0.0120759671840067,2025,2024-12-31,native_mse,20260911,0.00011930674045287023,,1,1
monthly_state_validated,3513,2025-07-18,2025-07-28,0.0143570766898375,2025,2024-12-31,native_mse,20260911,-0.00014021210404791933,,0,1
monthly_state_validated,3518,2025-07-25,2025-08-04,-0.0218642507630443,2025,2024-12-31,native_mse,20260911,-0.0010675431152552786,,0,0
monthly_state_validated,3523,2025-08-01,2025-08-11,0.0179175520190988,2025,2024-12-31,native_mse,20260911,-0.0011114652147751107,,0,1
monthly_state_validated,3528,2025-08-08,2025-08-18,0.026265786598999,2025,2024-12-31,native_mse,20260911,-0.0011821175732785794,,0,1
monthly_state_validated,3533,2025-08-15,2025-08-25,0.0469483790671487,2025,2024-12-31,native_mse,20260911,-0.001692750035902398,,0,1
monthly_state_validated,3538,2025-08-22,2025-09-01,0.0227770368340847,2025,2024-12-31,native_mse,20260911,-0.0020785336587941633,,0,1
monthly_state_validated,3543,2025-08-29,2025-09-08,-0.0110053842475337,2025,2024-12-31,native_mse,20260911,-0.0022958519339049935,,0,0
monthly_state_validated,3548,2025-09-05,2025-09-15,0.0151594857594405,2025,2024-12-31,native_mse,20260911,-0.002811169444921857,,0,1
monthly_state_validated,3553,2025-09-12,2025-09-22,-0.0050409160971932,2025,2024-12-31,native_mse,20260911,-0.0028821755195373713,,0,0
monthly_state_validated,3558,2025-09-19,2025-09-29,0.0095300784790881,2025,2024-12-31,native_mse,20260911,-0.0027270038017814854,,0,1
monthly_state_validated,3563,2025-09-26,2025-10-13,-0.0140855274279203,2025,2024-12-31,native_mse,20260911,-0.002671446424452231,,0,0
monthly_state_validated,3567,2025-10-10,2025-10-20,0.015001547584321,2025,2024-12-31,native_mse,20260911,-0.002875353278749809,,0,1
monthly_state_validated,3572,2025-10-17,2025-10-27,0.0309637052897611,2025,2024-12-31,native_mse,20260911,-0.0026759293493526775,,0,1
monthly_state_validated,3577,2025-10-24,2025-11-03,-0.013331545863497,2025,2024-12-31,native_mse,20260911,-0.0024118634853773644,,0,0
monthly_state_validated,3582,2025-10-31,2025-11-10,0.0110832418536339,2025,2024-12-31,native_mse,20260911,-0.0024513790865101073,,0,1
monthly_state_validated,3587,2025-11-07,2025-11-17,-0.0152107881197579,2025,2024-12-31,native_mse,20260911,-0.0023441841984512364,,0,0
monthly_state_validated,3592,2025-11-14,2025-11-24,-0.031114557454173,2025,2024-12-31,native_mse,20260911,-0.0023326617843834286,,0,0
monthly_state_validated,3597,2025-11-21,2025-12-01,0.0147613767448515,2025,2024-12-31,native_mse,20260911,-0.0021695162719280723,,0,1
monthly_state_validated,3602,2025-11-28,2025-12-08,0.0118853804313106,2025,2024-12-31,native_mse,20260911,-0.0021230276394656705,,0,1
monthly_state_validated,3607,2025-12-05,2025-12-15,-0.0093922675990717,2025,2024-12-31,native_mse,20260911,-0.0018508009821854902,,0,0
monthly_state_validated,3612,2025-12-12,2025-12-22,0.0082791208791208,2025,2024-12-31,native_mse,20260911,-0.0014574936445709685,,0,1
monthly_state_validated,3617,2025-12-19,2025-12-29,0.0153890755001995,2025,2024-12-31,native_mse,20260911,-0.001196551069802699,,0,1
monthly_state_validated,3622,2025-12-26,2026-01-12,0.0239101640737868,2025,2024-12-31,native_mse,20260911,-0.0009424910062058391,,0,1
monthly_state_validated,3384,2025-01-03,2025-01-13,-0.0189486730632231,2025,2024-12-31,native_mse,20260912,-0.003930728949605344,,0,0
monthly_state_validated,3389,2025-01-10,2025-01-20,0.0353251773547418,2025,2024-12-31,native_mse,20260912,0.004608697114816542,,1,1
monthly_state_validated,3394,2025-01-17,2025-01-27,0.000432821422053,2025,2024-12-31,native_mse,20260912,-0.0013781107886780553,,0,1
monthly_state_validated,3399,2025-01-24,2025-02-10,0.0159344898044284,2025,2024-12-31,native_mse,20260912,0.008065382377116114,,1,1
monthly_state_validated,3403,2025-02-07,2025-02-17,0.0144454990892999,2025,2024-12-31,native_mse,20260912,0.0020560919017093573,,1,1
monthly_state_validated,3408,2025-02-14,2025-02-24,0.0045695818086644,2025,2024-12-31,native_mse,20260912,0.0004574229206631815,,1,1
monthly_state_validated,3413,2025-02-21,2025-03-03,-0.0183210488158531,2025,2024-12-31,native_mse,20260912,-0.004487069050516085,,0,0
monthly_state_validated,3418,2025-02-28,2025-03-10,0.0117650075646844,2025,2024-12-31,native_mse,20260912,0.007907777385840498,,1,1
monthly_state_validated,3423,2025-03-07,2025-03-17,0.019023819058288,2025,2024-12-31,native_mse,20260912,-0.007080334543719193,,0,1
monthly_state_validated,3428,2025-03-14,2025-03-24,-0.0259983485216283,2025,2024-12-31,native_mse,20260912,0.005416181842733637,,1,0
monthly_state_validated,3433,2025-03-21,2025-03-31,-0.0025867506275359,2025,2024-12-31,native_mse,20260912,0.0028174386195491687,,1,0
monthly_state_validated,3438,2025-03-28,2025-04-14,-0.0342910101946246,2025,2024-12-31,native_mse,20260912,0.0006099430279859906,,1,0
monthly_state_validated,3447,2025-04-11,2025-04-21,-0.0010339232881941,2025,2024-12-31,native_mse,20260912,-0.0038314464400373087,,0,0
monthly_state_validated,3452,2025-04-18,2025-04-28,0.0048432383085554,2025,2024-12-31,native_mse,20260912,-0.002239070357372274,,0,1
monthly_state_validated,3457,2025-04-25,2025-05-12,0.02116527880118,2025,2024-12-31,native_mse,20260912,-0.0030291142570267483,,0,1
monthly_state_validated,3464,2025-05-09,2025-05-19,0.0041484224873464,2025,2024-12-31,native_mse,20260912,-0.006797100864360832,,0,1
monthly_state_validated,3469,2025-05-16,2025-05-26,-0.0017462660042188,2025,2024-12-31,native_mse,20260912,0.0011635229802106158,,1,0
monthly_state_validated,3474,2025-05-23,2025-06-03,-0.0109216443615366,2025,2024-12-31,native_mse,20260912,-0.0015437185640202761,,0,0
monthly_state_validated,3479,2025-05-30,2025-06-09,0.011566574321892,2025,2024-12-31,native_mse,20260912,-0.007042284452490261,,0,1
monthly_state_validated,3483,2025-06-06,2025-06-16,-0.0062354943524679,2025,2024-12-31,native_mse,20260912,0.00028466611619904517,,1,0
monthly_state_validated,3488,2025-06-13,2025-06-23,-0.005825691168304,2025,2024-12-31,native_mse,20260912,-0.006674179072757184,,0,0
monthly_state_validated,3493,2025-06-20,2025-06-30,0.0232670437490374,2025,2024-12-31,native_mse,20260912,-0.0026285119113171485,,0,1
monthly_state_validated,3498,2025-06-27,2025-07-07,0.0145345648685946,2025,2024-12-31,native_mse,20260912,-0.001664357643481335,,0,1
monthly_state_validated,3503,2025-07-04,2025-07-14,0.0110426949002964,2025,2024-12-31,native_mse,20260912,0.0037107408116209707,,1,1
monthly_state_validated,3508,2025-07-11,2025-07-21,0.0120759671840067,2025,2024-12-31,native_mse,20260912,0.002218014475368515,,1,1
monthly_state_validated,3513,2025-07-18,2025-07-28,0.0143570766898375,2025,2024-12-31,native_mse,20260912,0.009911597608358887,,1,1
monthly_state_validated,3518,2025-07-25,2025-08-04,-0.0218642507630443,2025,2024-12-31,native_mse,20260912,-0.0013540938427923275,,0,0
monthly_state_validated,3523,2025-08-01,2025-08-11,0.0179175520190988,2025,2024-12-31,native_mse,20260912,0.002501110312004882,,1,1
monthly_state_validated,3528,2025-08-08,2025-08-18,0.026265786598999,2025,2024-12-31,native_mse,20260912,-0.006121881900028309,,0,1
monthly_state_validated,3533,2025-08-15,2025-08-25,0.0469483790671487,2025,2024-12-31,native_mse,20260912,-0.0031833828356847573,,0,1
monthly_state_validated,3538,2025-08-22,2025-09-01,0.0227770368340847,2025,2024-12-31,native_mse,20260912,-0.005229739970136804,,0,1
monthly_state_validated,3543,2025-08-29,2025-09-08,-0.0110053842475337,2025,2024-12-31,native_mse,20260912,0.0017396293034999204,,1,0
monthly_state_validated,3548,2025-09-05,2025-09-15,0.0151594857594405,2025,2024-12-31,native_mse,20260912,-0.006315423164964012,,0,1
monthly_state_validated,3553,2025-09-12,2025-09-22,-0.0050409160971932,2025,2024-12-31,native_mse,20260912,0.0036445584301978444,,1,0
monthly_state_validated,3558,2025-09-19,2025-09-29,0.0095300784790881,2025,2024-12-31,native_mse,20260912,-0.007907179585583714,,0,1
monthly_state_validated,3563,2025-09-26,2025-10-13,-0.0140855274279203,2025,2024-12-31,native_mse,20260912,-0.0016751946251609804,,0,0
monthly_state_validated,3567,2025-10-10,2025-10-20,0.015001547584321,2025,2024-12-31,native_mse,20260912,-0.006402638764524997,,0,1
monthly_state_validated,3572,2025-10-17,2025-10-27,0.0309637052897611,2025,2024-12-31,native_mse,20260912,-0.00870396964325983,,0,1
monthly_state_validated,3577,2025-10-24,2025-11-03,-0.013331545863497,2025,2024-12-31,native_mse,20260912,-0.005475122015119508,,0,0
monthly_state_validated,3582,2025-10-31,2025-11-10,0.0110832418536339,2025,2024-12-31,native_mse,20260912,-0.006949842516906396,,0,1
monthly_state_validated,3587,2025-11-07,2025-11-17,-0.0152107881197579,2025,2024-12-31,native_mse,20260912,0.005808210669049744,,1,0
monthly_state_validated,3592,2025-11-14,2025-11-24,-0.031114557454173,2025,2024-12-31,native_mse,20260912,-0.005729952989633713,,0,0
monthly_state_validated,3597,2025-11-21,2025-12-01,0.0147613767448515,2025,2024-12-31,native_mse,20260912,-0.0015450315646448089,,0,1
monthly_state_validated,3602,2025-11-28,2025-12-08,0.0118853804313106,2025,2024-12-31,native_mse,20260912,-0.0032204954130721736,,0,1
monthly_state_validated,3607,2025-12-05,2025-12-15,-0.0093922675990717,2025,2024-12-31,native_mse,20260912,-0.0047114270439592345,,0,0
monthly_state_validated,3612,2025-12-12,2025-12-22,0.0082791208791208,2025,2024-12-31,native_mse,20260912,0.0035042182684974187,,1,1
monthly_state_validated,3617,2025-12-19,2025-12-29,0.0153890755001995,2025,2024-12-31,native_mse,20260912,-0.0005370407904008248,,0,1
monthly_state_validated,3622,2025-12-26,2026-01-12,0.0239101640737868,2025,2024-12-31,native_mse,20260912,0.002315041428841435,,1,1
monthly_state_validated,3630,2026-01-09,2026-01-19,-0.0103697336282536,2026,2025-12-31,native_mse,20260910,-0.002855102612462861,,0,0
monthly_state_validated,3635,2026-01-16,2026-01-26,-0.0010190267764643,2026,2025-12-31,native_mse,20260910,-0.00015744638603756636,,0,0
monthly_state_validated,3640,2026-01-23,2026-02-02,-0.0087161586128796,2026,2025-12-31,native_mse,20260910,-0.006105688647517694,,0,0
monthly_state_validated,3645,2026-01-30,2026-02-09,0.0041482324550519,2026,2025-12-31,native_mse,20260910,-0.0019649521887390433,,0,1
monthly_state_validated,3650,2026-02-06,2026-02-24,0.0071649689901505,2026,2025-12-31,native_mse,20260910,0.0047027542719540035,,1,1
monthly_state_validated,3655,2026-02-13,2026-03-02,-0.0097920588919678,2026,2025-12-31,native_mse,20260910,0.0004179826835146159,,1,0
monthly_state_validated,3659,2026-02-27,2026-03-09,-0.0172526869201304,2026,2025-12-31,native_mse,20260910,0.0022625269962182996,,1,0
monthly_state_validated,3664,2026-03-06,2026-03-16,0.0149926634422041,2026,2025-12-31,native_mse,20260910,-0.003806878947664824,,0,1
monthly_state_validated,3669,2026-03-13,2026-03-23,-0.0364343509194254,2026,2025-12-31,native_mse,20260910,-0.006468904470141985,,0,0
monthly_state_validated,3674,2026-03-20,2026-03-30,-0.0083038829988221,2026,2025-12-31,native_mse,20260910,-0.006677801015318794,,0,0
monthly_state_validated,3679,2026-03-27,2026-04-07,-0.0035591495694504,2026,2025-12-31,native_mse,20260910,-0.0012459609623288559,,0,0
monthly_state_validated,3684,2026-04-03,2026-04-13,0.0380736235508991,2026,2025-12-31,native_mse,20260910,-0.0002708764126667155,,0,1
monthly_state_validated,3688,2026-04-10,2026-04-20,0.0242766725964382,2026,2025-12-31,native_mse,20260910,-0.0014516073248232214,,0,1
monthly_state_validated,3693,2026-04-17,2026-04-27,0.010401572188011,2026,2025-12-31,native_mse,20260910,-0.00019243492513075974,,0,1
monthly_state_validated,3698,2026-04-24,2026-05-11,0.0263674696524953,2026,2025-12-31,native_mse,20260910,0.00044530537803680217,,1,1
monthly_state_validated,3705,2026-05-08,2026-05-18,-0.0134529239455926,2026,2025-12-31,native_mse,20260910,0.00821158666179363,,1,0
monthly_state_validated,3710,2026-05-15,2026-05-25,0.0076235492615268,2026,2025-12-31,native_mse,20260910,0.009209478129531542,,1,1
monthly_state_validated,3715,2026-05-22,2026-06-01,0.005068538126898,2026,2025-12-31,native_mse,20260910,-0.0037899662548005076,,0,1
monthly_state_validated,3720,2026-05-29,2026-06-08,-0.039635353927193,2026,2025-12-31,native_mse,20260910,-0.005878390043911763,,0,0
monthly_state_validated,3725,2026-06-05,2026-06-15,0.0266849782195981,2026,2025-12-31,native_mse,20260910,-0.005079831260852612,,0,1
monthly_state_validated,3730,2026-06-12,2026-06-29,0.0076098142791176,2026,2025-12-31,native_mse,20260910,-0.0013875397965599067,,0,1
monthly_state_validated,3739,2026-06-26,2026-07-06,0.0005137647861506,2026,2025-12-31,native_mse,20260910,-0.002031043716013942,,0,1
monthly_state_validated,3744,2026-07-03,2026-07-13,-0.0252847876365399,2026,2025-12-31,native_mse,20260910,-0.003966417206833292,,0,0
monthly_state_validated,3749,2026-07-10,2026-07-20,-0.035775397012711,2026,2025-12-31,native_mse,20260910,-0.000224192482655729,,0,0
monthly_state_validated,3754,2026-07-17,2026-07-27,0.01756245533441,2026,2025-12-31,native_mse,20260910,-0.001279240964054163,,0,1
monthly_state_validated,3759,2026-07-24,2026-08-03,-0.0202339761556519,2026,2025-12-31,native_mse,20260910,-0.0020989123929827714,,0,0
monthly_state_validated,3764,2026-07-31,2026-08-10,0.0300318732435738,2026,2025-12-31,native_mse,20260910,-0.005698998401180227,,0,1
monthly_state_validated,3769,2026-08-07,2026-08-17,-0.0056482265760339,2026,2025-12-31,native_mse,20260910,-0.000843785639629233,,0,0
monthly_state_validated,3774,2026-08-14,2026-08-24,-0.0109860710402629,2026,2025-12-31,native_mse,20260910,0.001103287661206875,,1,0
monthly_state_validated,3779,2026-08-21,2026-08-31,-0.0127592811002066,2026,2025-12-31,native_mse,20260910,0.005195736341319573,,1,0
monthly_state_validated,3630,2026-01-09,2026-01-19,-0.0103697336282536,2026,2025-12-31,training_frequency,-1,0.4792703150912106,0.4792703150912106,0,0
monthly_state_validated,3635,2026-01-16,2026-01-26,-0.0010190267764643,2026,2025-12-31,training_frequency,-1,0.4792703150912106,0.4792703150912106,0,0
monthly_state_validated,3640,2026-01-23,2026-02-02,-0.0087161586128796,2026,2025-12-31,training_frequency,-1,0.4792703150912106,0.4792703150912106,0,0
monthly_state_validated,3645,2026-01-30,2026-02-09,0.0041482324550519,2026,2025-12-31,training_frequency,-1,0.4792703150912106,0.4792703150912106,0,1
monthly_state_validated,3650,2026-02-06,2026-02-24,0.0071649689901505,2026,2025-12-31,training_frequency,-1,0.4792703150912106,0.4792703150912106,0,1
monthly_state_validated,3655,2026-02-13,2026-03-02,-0.0097920588919678,2026,2025-12-31,training_frequency,-1,0.4792703150912106,0.4792703150912106,0,0
monthly_state_validated,3659,2026-02-27,2026-03-09,-0.0172526869201304,2026,2025-12-31,training_frequency,-1,0.4792703150912106,0.4792703150912106,0,0
monthly_state_validated,3664,2026-03-06,2026-03-16,0.0149926634422041,2026,2025-12-31,training_frequency,-1,0.4792703150912106,0.4792703150912106,0,1
monthly_state_validated,3669,2026-03-13,2026-03-23,-0.0364343509194254,2026,2025-12-31,training_frequency,-1,0.4792703150912106,0.4792703150912106,0,0
monthly_state_validated,3674,2026-03-20,2026-03-30,-0.0083038829988221,2026,2025-12-31,training_frequency,-1,0.4792703150912106,0.4792703150912106,0,0
monthly_state_validated,3679,2026-03-27,2026-04-07,-0.0035591495694504,2026,2025-12-31,training_frequency,-1,0.4792703150912106,0.4792703150912106,0,0
monthly_state_validated,3684,2026-04-03,2026-04-13,0.0380736235508991,2026,2025-12-31,training_frequency,-1,0.4792703150912106,0.4792703150912106,0,1
monthly_state_validated,3688,2026-04-10,2026-04-20,0.0242766725964382,2026,2025-12-31,training_frequency,-1,0.4792703150912106,0.4792703150912106,0,1
monthly_state_validated,3693,2026-04-17,2026-04-27,0.010401572188011,2026,2025-12-31,training_frequency,-1,0.4792703150912106,0.4792703150912106,0,1
monthly_state_validated,3698,2026-04-24,2026-05-11,0.0263674696524953,2026,2025-12-31,training_frequency,-1,0.4792703150912106,0.4792703150912106,0,1
monthly_state_validated,3705,2026-05-08,2026-05-18,-0.0134529239455926,2026,2025-12-31,training_frequency,-1,0.4792703150912106,0.4792703150912106,0,0
monthly_state_validated,3710,2026-05-15,2026-05-25,0.0076235492615268,2026,2025-12-31,training_frequency,-1,0.4792703150912106,0.4792703150912106,0,1
monthly_state_validated,3715,2026-05-22,2026-06-01,0.005068538126898,2026,2025-12-31,training_frequency,-1,0.4792703150912106,0.4792703150912106,0,1
monthly_state_validated,3720,2026-05-29,2026-06-08,-0.039635353927193,2026,2025-12-31,training_frequency,-1,0.4792703150912106,0.4792703150912106,0,0
monthly_state_validated,3725,2026-06-05,2026-06-15,0.0266849782195981,2026,2025-12-31,training_frequency,-1,0.4792703150912106,0.4792703150912106,0,1
monthly_state_validated,3730,2026-06-12,2026-06-29,0.0076098142791176,2026,2025-12-31,training_frequency,-1,0.4792703150912106,0.4792703150912106,0,1
monthly_state_validated,3739,2026-06-26,2026-07-06,0.0005137647861506,2026,2025-12-31,training_frequency,-1,0.4792703150912106,0.4792703150912106,0,1
monthly_state_validated,3744,2026-07-03,2026-07-13,-0.0252847876365399,2026,2025-12-31,training_frequency,-1,0.4792703150912106,0.4792703150912106,0,0
monthly_state_validated,3749,2026-07-10,2026-07-20,-0.035775397012711,2026,2025-12-31,training_frequency,-1,0.4792703150912106,0.4792703150912106,0,0
monthly_state_validated,3754,2026-07-17,2026-07-27,0.01756245533441,2026,2025-12-31,training_frequency,-1,0.4792703150912106,0.4792703150912106,0,1
monthly_state_validated,3759,2026-07-24,2026-08-03,-0.0202339761556519,2026,2025-12-31,training_frequency,-1,0.4792703150912106,0.4792703150912106,0,0
monthly_state_validated,3764,2026-07-31,2026-08-10,0.0300318732435738,2026,2025-12-31,training_frequency,-1,0.4792703150912106,0.4792703150912106,0,1
monthly_state_validated,3769,2026-08-07,2026-08-17,-0.0056482265760339,2026,2025-12-31,training_frequency,-1,0.4792703150912106,0.4792703150912106,0,0
monthly_state_validated,3774,2026-08-14,2026-08-24,-0.0109860710402629,2026,2025-12-31,training_frequency,-1,0.4792703150912106,0.4792703150912106,0,0
monthly_state_validated,3779,2026-08-21,2026-08-31,-0.0127592811002066,2026,2025-12-31,training_frequency,-1,0.4792703150912106,0.4792703150912106,0,0
monthly_state_validated,3630,2026-01-09,2026-01-19,-0.0103697336282536,2026,2025-12-31,native_mse,20260911,-0.0030890692487675277,,0,0
monthly_state_validated,3635,2026-01-16,2026-01-26,-0.0010190267764643,2026,2025-12-31,native_mse,20260911,-0.0029844245717806552,,0,0
monthly_state_validated,3640,2026-01-23,2026-02-02,-0.0087161586128796,2026,2025-12-31,native_mse,20260911,-0.0018485669736654138,,0,0
monthly_state_validated,3645,2026-01-30,2026-02-09,0.0041482324550519,2026,2025-12-31,native_mse,20260911,-0.002659061252019485,,0,1
monthly_state_validated,3650,2026-02-06,2026-02-24,0.0071649689901505,2026,2025-12-31,native_mse,20260911,-0.0015567976959256278,,0,1
monthly_state_validated,3655,2026-02-13,2026-03-02,-0.0097920588919678,2026,2025-12-31,native_mse,20260911,-0.0015389707922718095,,0,0
monthly_state_validated,3659,2026-02-27,2026-03-09,-0.0172526869201304,2026,2025-12-31,native_mse,20260911,-0.0019681718770543553,,0,0
monthly_state_validated,3664,2026-03-06,2026-03-16,0.0149926634422041,2026,2025-12-31,native_mse,20260911,0.00014521785716820214,,1,1
monthly_state_validated,3669,2026-03-13,2026-03-23,-0.0364343509194254,2026,2025-12-31,native_mse,20260911,-0.0022671453715006956,,0,0
monthly_state_validated,3674,2026-03-20,2026-03-30,-0.0083038829988221,2026,2025-12-31,native_mse,20260911,-0.001986856137592856,,0,0
monthly_state_validated,3679,2026-03-27,2026-04-07,-0.0035591495694504,2026,2025-12-31,native_mse,20260911,-0.002218520604235266,,0,0
monthly_state_validated,3684,2026-04-03,2026-04-13,0.0380736235508991,2026,2025-12-31,native_mse,20260911,-0.002090390096021022,,0,1
monthly_state_validated,3688,2026-04-10,2026-04-20,0.0242766725964382,2026,2025-12-31,native_mse,20260911,-0.0024408235069100508,,0,1
monthly_state_validated,3693,2026-04-17,2026-04-27,0.010401572188011,2026,2025-12-31,native_mse,20260911,-0.0029629470272129906,,0,1
monthly_state_validated,3698,2026-04-24,2026-05-11,0.0263674696524953,2026,2025-12-31,native_mse,20260911,-0.003359926419865766,,0,1
monthly_state_validated,3705,2026-05-08,2026-05-18,-0.0134529239455926,2026,2025-12-31,native_mse,20260911,-0.002535154678821143,,0,0
monthly_state_validated,3710,2026-05-15,2026-05-25,0.0076235492615268,2026,2025-12-31,native_mse,20260911,-0.002260058894062486,,0,1
monthly_state_validated,3715,2026-05-22,2026-06-01,0.005068538126898,2026,2025-12-31,native_mse,20260911,-0.0015057276938992676,,0,1
monthly_state_validated,3720,2026-05-29,2026-06-08,-0.039635353927193,2026,2025-12-31,native_mse,20260911,-0.002635162144589442,,0,0
monthly_state_validated,3725,2026-06-05,2026-06-15,0.0266849782195981,2026,2025-12-31,native_mse,20260911,-0.003913781241526722,,0,1
monthly_state_validated,3730,2026-06-12,2026-06-29,0.0076098142791176,2026,2025-12-31,native_mse,20260911,-0.0036857925348870147,,0,1
monthly_state_validated,3739,2026-06-26,2026-07-06,0.0005137647861506,2026,2025-12-31,native_mse,20260911,-0.0021369319429553274,,0,1
monthly_state_validated,3744,2026-07-03,2026-07-13,-0.0252847876365399,2026,2025-12-31,native_mse,20260911,-0.0022933277317483012,,0,0
monthly_state_validated,3749,2026-07-10,2026-07-20,-0.035775397012711,2026,2025-12-31,native_mse,20260911,-0.0023056933526758674,,0,0
monthly_state_validated,3754,2026-07-17,2026-07-27,0.01756245533441,2026,2025-12-31,native_mse,20260911,-0.0024493044555773855,,0,1
monthly_state_validated,3759,2026-07-24,2026-08-03,-0.0202339761556519,2026,2025-12-31,native_mse,20260911,-0.0026633393533010696,,0,0
monthly_state_validated,3764,2026-07-31,2026-08-10,0.0300318732435738,2026,2025-12-31,native_mse,20260911,-0.0024432171596736993,,0,1
monthly_state_validated,3769,2026-08-07,2026-08-17,-0.0056482265760339,2026,2025-12-31,native_mse,20260911,-0.0034017483589926685,,0,0
monthly_state_validated,3774,2026-08-14,2026-08-24,-0.0109860710402629,2026,2025-12-31,native_mse,20260911,-0.002813706354026954,,0,0
monthly_state_validated,3779,2026-08-21,2026-08-31,-0.0127592811002066,2026,2025-12-31,native_mse,20260911,-0.0019809857134933735,,0,0
monthly_state_validated,3630,2026-01-09,2026-01-19,-0.0103697336282536,2026,2025-12-31,native_mse,20260912,-0.0012654744629118373,,0,0
monthly_state_validated,3635,2026-01-16,2026-01-26,-0.0010190267764643,2026,2025-12-31,native_mse,20260912,-0.0009824454910161004,,0,0
monthly_state_validated,3640,2026-01-23,2026-02-02,-0.0087161586128796,2026,2025-12-31,native_mse,20260912,-0.0014318861524315442,,0,0
monthly_state_validated,3645,2026-01-30,2026-02-09,0.0041482324550519,2026,2025-12-31,native_mse,20260912,-0.0015519331724585116,,0,1
monthly_state_validated,3650,2026-02-06,2026-02-24,0.0071649689901505,2026,2025-12-31,native_mse,20260912,-0.0016869022750859507,,0,1
monthly_state_validated,3655,2026-02-13,2026-03-02,-0.0097920588919678,2026,2025-12-31,native_mse,20260912,-0.0011765097827620523,,0,0
monthly_state_validated,3659,2026-02-27,2026-03-09,-0.0172526869201304,2026,2025-12-31,native_mse,20260912,-0.0007085124719817442,,0,0
monthly_state_validated,3664,2026-03-06,2026-03-16,0.0149926634422041,2026,2025-12-31,native_mse,20260912,-0.0009899154221996353,,0,1
monthly_state_validated,3669,2026-03-13,2026-03-23,-0.0364343509194254,2026,2025-12-31,native_mse,20260912,-0.0011266305599294578,,0,0
monthly_state_validated,3674,2026-03-20,2026-03-30,-0.0083038829988221,2026,2025-12-31,native_mse,20260912,-0.001524311581453077,,0,0
monthly_state_validated,3679,2026-03-27,2026-04-07,-0.0035591495694504,2026,2025-12-31,native_mse,20260912,-0.0019205134194293897,,0,0
monthly_state_validated,3684,2026-04-03,2026-04-13,0.0380736235508991,2026,2025-12-31,native_mse,20260912,-0.0011376256916386593,,0,1
monthly_state_validated,3688,2026-04-10,2026-04-20,0.0242766725964382,2026,2025-12-31,native_mse,20260912,-0.0013216896399536517,,0,1
monthly_state_validated,3693,2026-04-17,2026-04-27,0.010401572188011,2026,2025-12-31,native_mse,20260912,-0.0015028502660909705,,0,1
monthly_state_validated,3698,2026-04-24,2026-05-11,0.0263674696524953,2026,2025-12-31,native_mse,20260912,-0.0012568015547876838,,0,1
monthly_state_validated,3705,2026-05-08,2026-05-18,-0.0134529239455926,2026,2025-12-31,native_mse,20260912,-0.0004371239494575972,,0,0
monthly_state_validated,3710,2026-05-15,2026-05-25,0.0076235492615268,2026,2025-12-31,native_mse,20260912,6.163719011948235e-05,,1,1
monthly_state_validated,3715,2026-05-22,2026-06-01,0.005068538126898,2026,2025-12-31,native_mse,20260912,7.730204085298746e-06,,1,1
monthly_state_validated,3720,2026-05-29,2026-06-08,-0.039635353927193,2026,2025-12-31,native_mse,20260912,-0.00019569943758148556,,0,0
monthly_state_validated,3725,2026-06-05,2026-06-15,0.0266849782195981,2026,2025-12-31,native_mse,20260912,-0.00010540438898025962,,0,1
monthly_state_validated,3730,2026-06-12,2026-06-29,0.0076098142791176,2026,2025-12-31,native_mse,20260912,-0.0007095936265099443,,0,1
monthly_state_validated,3739,2026-06-26,2026-07-06,0.0005137647861506,2026,2025-12-31,native_mse,20260912,-0.00033128119271872585,,0,1
monthly_state_validated,3744,2026-07-03,2026-07-13,-0.0252847876365399,2026,2025-12-31,native_mse,20260912,-0.0011443460816151978,,0,0
monthly_state_validated,3749,2026-07-10,2026-07-20,-0.035775397012711,2026,2025-12-31,native_mse,20260912,-0.0017039989678604111,,0,0
monthly_state_validated,3754,2026-07-17,2026-07-27,0.01756245533441,2026,2025-12-31,native_mse,20260912,-0.0017003094595498154,,0,1
monthly_state_validated,3759,2026-07-24,2026-08-03,-0.0202339761556519,2026,2025-12-31,native_mse,20260912,-0.0018633248001663242,,0,0
monthly_state_validated,3764,2026-07-31,2026-08-10,0.0300318732435738,2026,2025-12-31,native_mse,20260912,-0.0013665112944695823,,0,1
monthly_state_validated,3769,2026-08-07,2026-08-17,-0.0056482265760339,2026,2025-12-31,native_mse,20260912,-0.0010726869031266657,,0,0
monthly_state_validated,3774,2026-08-14,2026-08-24,-0.0109860710402629,2026,2025-12-31,native_mse,20260912,-0.0012030503226100222,,0,0
monthly_state_validated,3779,2026-08-21,2026-08-31,-0.0127592811002066,2026,2025-12-31,native_mse,20260912,-0.0005090624873602664,,0,0
monthly_state_ungated,2418,2021-01-08,2021-01-18,-0.0120052904669853,2021,2020-12-31,native_mse,20260910,-0.00016719672473286887,,0,0
monthly_state_ungated,2423,2021-01-15,2021-01-25,0.0231622460538123,2021,2020-12-31,native_mse,20260910,-0.0024576018862454926,,0,1
monthly_state_ungated,2428,2021-01-22,2021-02-01,-0.0372511735907923,2021,2020-12-31,native_mse,20260910,-0.003647746896638798,,0,0
monthly_state_ungated,2433,2021-01-29,2021-02-08,0.0278689901714626,2021,2020-12-31,native_mse,20260910,-0.0025472735860022446,,0,1
monthly_state_ungated,2438,2021-02-05,2021-02-22,0.0507379035040882,2021,2020-12-31,native_mse,20260910,-0.0030793775400414984,,0,1
monthly_state_ungated,2443,2021-02-19,2021-03-01,-0.0684918010685315,2021,2020-12-31,native_mse,20260910,-0.0023490676188242655,,0,0
monthly_state_ungated,2448,2021-02-26,2021-03-08,-0.0165997123904068,2021,2020-12-31,native_mse,20260910,-0.0023665663755005908,,0,0
monthly_state_ungated,2453,2021-03-05,2021-03-15,-0.0346560901469681,2021,2020-12-31,native_mse,20260910,-0.0014253865572098575,,0,0
monthly_state_ungated,2458,2021-03-12,2021-03-22,-0.0210550182560221,2021,2020-12-31,native_mse,20260910,-0.0005000901973691782,,0,0
monthly_state_ungated,2463,2021-03-19,2021-03-29,0.0087572877565691,2021,2020-12-31,native_mse,20260910,0.006023340982564988,,1,1
monthly_state_ungated,2468,2021-03-26,2021-04-06,0.0250145479448802,2021,2020-12-31,native_mse,20260910,0.005598392317839315,,1,1
monthly_state_ungated,2473,2021-04-02,2021-04-12,-0.0292856811827044,2021,2020-12-31,native_mse,20260910,0.0036485752776130036,,1,0
monthly_state_ungated,2477,2021-04-09,2021-04-19,-0.0120489836840408,2021,2020-12-31,native_mse,20260910,0.007350243400305611,,1,0
monthly_state_ungated,2482,2021-04-16,2021-04-26,0.0382932540809155,2021,2020-12-31,native_mse,20260910,0.002900059176571625,,1,1
monthly_state_ungated,2487,2021-04-23,2021-05-06,-0.0112070185917437,2021,2020-12-31,native_mse,20260910,0.007596625467989239,,1,0
monthly_state_ungated,2492,2021-04-30,2021-05-12,-0.0190946889464188,2021,2020-12-31,native_mse,20260910,0.007105998256782256,,1,0
monthly_state_ungated,2494,2021-05-07,2021-05-17,0.0227674429764228,2021,2020-12-31,native_mse,20260910,0.0072995237328683515,,1,1
monthly_state_ungated,2499,2021-05-14,2021-05-24,0.0045940519733895,2021,2020-12-31,native_mse,20260910,0.006906583839110419,,1,1
monthly_state_ungated,2504,2021-05-21,2021-05-31,0.0348855085126711,2021,2020-12-31,native_mse,20260910,0.0039949465805707365,,1,1
monthly_state_ungated,2509,2021-05-28,2021-06-07,-0.0062409741861724,2021,2020-12-31,native_mse,20260910,0.004302626766656515,,1,0
monthly_state_ungated,2514,2021-06-04,2021-06-15,-0.0125508761771767,2021,2020-12-31,native_mse,20260910,0.0018010688105476373,,1,0
monthly_state_ungated,2519,2021-06-11,2021-06-21,-0.0250011497424577,2021,2020-12-31,native_mse,20260910,-0.0027939130847951473,,0,0
monthly_state_ungated,2523,2021-06-18,2021-06-28,0.0325308711127356,2021,2020-12-31,native_mse,20260910,-0.0024054667576293687,,0,1
monthly_state_ungated,2528,2021-06-25,2021-07-05,-0.0342297962734196,2021,2020-12-31,native_mse,20260910,-0.0021641013171994155,,0,0
monthly_state_ungated,2533,2021-07-02,2021-07-12,0.0068193733271841,2021,2020-12-31,native_mse,20260910,-0.002740282150259048,,0,1
monthly_state_ungated,2538,2021-07-09,2021-07-19,-0.0048254045313779,2021,2020-12-31,native_mse,20260910,-0.0025804416168060183,,0,0
monthly_state_ungated,2543,2021-07-16,2021-07-26,-0.0032299118953994,2021,2020-12-31,native_mse,20260910,-0.0035112489700114967,,0,0
monthly_state_ungated,2548,2021-07-23,2021-08-02,-0.0537740931579083,2021,2020-12-31,native_mse,20260910,-0.002252148085559406,,0,0
monthly_state_ungated,2553,2021-07-30,2021-08-09,0.019904813945049,2021,2020-12-31,native_mse,20260910,-0.0013935392955686378,,0,1
monthly_state_ungated,2558,2021-08-06,2021-08-16,0.0093369268709639,2021,2020-12-31,native_mse,20260910,-0.0008547058545780883,,0,1
monthly_state_ungated,2563,2021-08-13,2021-08-23,-0.032048736608373,2021,2020-12-31,native_mse,20260910,-0.0010996712313164061,,0,0
monthly_state_ungated,2568,2021-08-20,2021-08-30,0.0145047962107527,2021,2020-12-31,native_mse,20260910,0.0014984460902095808,,1,1
monthly_state_ungated,2573,2021-08-27,2021-09-06,-0.0012316820816045,2021,2020-12-31,native_mse,20260910,0.006590900742918945,,1,0
monthly_state_ungated,2578,2021-09-03,2021-09-13,0.0342301066295398,2021,2020-12-31,native_mse,20260910,0.009486980636077728,,1,1
monthly_state_ungated,2583,2021-09-10,2021-09-22,-0.0471441667981554,2021,2020-12-31,native_mse,20260910,0.009371153033789907,,1,0
monthly_state_ungated,2588,2021-09-17,2021-09-28,0.0209863060789441,2021,2020-12-31,native_mse,20260910,0.009603132896707183,,1,1
monthly_state_ungated,2591,2021-09-24,2021-10-11,0.0144615416200457,2021,2020-12-31,native_mse,20260910,0.009682760274058575,,1,1
monthly_state_ungated,2596,2021-10-08,2021-10-18,-0.0038006269617851,2021,2020-12-31,native_mse,20260910,0.009091248352644028,,1,0
monthly_state_ungated,2601,2021-10-15,2021-10-25,0.0037358989621147,2021,2020-12-31,native_mse,20260910,0.008469619450977196,,1,1
monthly_state_ungated,2606,2021-10-22,2021-11-01,-0.0127041632091318,2021,2020-12-31,native_mse,20260910,0.0008933657456787875,,1,0
monthly_state_ungated,2611,2021-10-29,2021-11-08,-0.0075807737801166,2021,2020-12-31,native_mse,20260910,0.002406790555140204,,1,0
monthly_state_ungated,2616,2021-11-05,2021-11-15,0.0110015182343039,2021,2020-12-31,native_mse,20260910,0.004495816516502967,,1,1
monthly_state_ungated,2621,2021-11-12,2021-11-22,0.0002002284238551,2021,2020-12-31,native_mse,20260910,0.008345328596010884,,1,1
monthly_state_ungated,2626,2021-11-19,2021-11-29,-0.0153981603100059,2021,2020-12-31,native_mse,20260910,0.006936498727743483,,1,0
monthly_state_ungated,2631,2021-11-26,2021-12-06,0.0185518287306458,2021,2020-12-31,native_mse,20260910,0.0043122154605937865,,1,1
monthly_state_ungated,2636,2021-12-03,2021-12-13,0.0367843110096284,2021,2020-12-31,native_mse,20260910,0.003903132217743633,,1,1
monthly_state_ungated,2641,2021-12-10,2021-12-20,-0.0304615698955996,2021,2020-12-31,native_mse,20260910,0.0011584734670292821,,1,0
monthly_state_ungated,2646,2021-12-17,2021-12-27,-0.0034083287233763,2021,2020-12-31,native_mse,20260910,0.008060168302998738,,1,0
monthly_state_ungated,2651,2021-12-24,2022-01-04,0.0080985736506613,2021,2020-12-31,native_mse,20260910,0.0074924187486900135,,1,1
monthly_state_ungated,2656,2021-12-31,2022-01-10,-0.0293970528320001,2021,2020-12-31,native_mse,20260910,0.008334791957105143,,1,0
monthly_state_ungated,2418,2021-01-08,2021-01-18,-0.0120052904669853,2021,2020-12-31,training_frequency,-1,0.5577557755775577,0.5577557755775577,1,0
monthly_state_ungated,2423,2021-01-15,2021-01-25,0.0231622460538123,2021,2020-12-31,training_frequency,-1,0.5577557755775577,0.5577557755775577,1,1
monthly_state_ungated,2428,2021-01-22,2021-02-01,-0.0372511735907923,2021,2020-12-31,training_frequency,-1,0.5577557755775577,0.5577557755775577,1,0
monthly_state_ungated,2433,2021-01-29,2021-02-08,0.0278689901714626,2021,2020-12-31,training_frequency,-1,0.5577557755775577,0.5577557755775577,1,1
monthly_state_ungated,2438,2021-02-05,2021-02-22,0.0507379035040882,2021,2020-12-31,training_frequency,-1,0.5577557755775577,0.5577557755775577,1,1
monthly_state_ungated,2443,2021-02-19,2021-03-01,-0.0684918010685315,2021,2020-12-31,training_frequency,-1,0.5577557755775577,0.5577557755775577,1,0
monthly_state_ungated,2448,2021-02-26,2021-03-08,-0.0165997123904068,2021,2020-12-31,training_frequency,-1,0.5577557755775577,0.5577557755775577,1,0
monthly_state_ungated,2453,2021-03-05,2021-03-15,-0.0346560901469681,2021,2020-12-31,training_frequency,-1,0.5577557755775577,0.5577557755775577,1,0
monthly_state_ungated,2458,2021-03-12,2021-03-22,-0.0210550182560221,2021,2020-12-31,training_frequency,-1,0.5577557755775577,0.5577557755775577,1,0
monthly_state_ungated,2463,2021-03-19,2021-03-29,0.0087572877565691,2021,2020-12-31,training_frequency,-1,0.5577557755775577,0.5577557755775577,1,1
monthly_state_ungated,2468,2021-03-26,2021-04-06,0.0250145479448802,2021,2020-12-31,training_frequency,-1,0.5577557755775577,0.5577557755775577,1,1
monthly_state_ungated,2473,2021-04-02,2021-04-12,-0.0292856811827044,2021,2020-12-31,training_frequency,-1,0.5577557755775577,0.5577557755775577,1,0
monthly_state_ungated,2477,2021-04-09,2021-04-19,-0.0120489836840408,2021,2020-12-31,training_frequency,-1,0.5577557755775577,0.5577557755775577,1,0
monthly_state_ungated,2482,2021-04-16,2021-04-26,0.0382932540809155,2021,2020-12-31,training_frequency,-1,0.5577557755775577,0.5577557755775577,1,1
monthly_state_ungated,2487,2021-04-23,2021-05-06,-0.0112070185917437,2021,2020-12-31,training_frequency,-1,0.5577557755775577,0.5577557755775577,1,0
monthly_state_ungated,2492,2021-04-30,2021-05-12,-0.0190946889464188,2021,2020-12-31,training_frequency,-1,0.5577557755775577,0.5577557755775577,1,0
monthly_state_ungated,2494,2021-05-07,2021-05-17,0.0227674429764228,2021,2020-12-31,training_frequency,-1,0.5577557755775577,0.5577557755775577,1,1
monthly_state_ungated,2499,2021-05-14,2021-05-24,0.0045940519733895,2021,2020-12-31,training_frequency,-1,0.5577557755775577,0.5577557755775577,1,1
monthly_state_ungated,2504,2021-05-21,2021-05-31,0.0348855085126711,2021,2020-12-31,training_frequency,-1,0.5577557755775577,0.5577557755775577,1,1
monthly_state_ungated,2509,2021-05-28,2021-06-07,-0.0062409741861724,2021,2020-12-31,training_frequency,-1,0.5577557755775577,0.5577557755775577,1,0
monthly_state_ungated,2514,2021-06-04,2021-06-15,-0.0125508761771767,2021,2020-12-31,training_frequency,-1,0.5577557755775577,0.5577557755775577,1,0
monthly_state_ungated,2519,2021-06-11,2021-06-21,-0.0250011497424577,2021,2020-12-31,training_frequency,-1,0.5577557755775577,0.5577557755775577,1,0
monthly_state_ungated,2523,2021-06-18,2021-06-28,0.0325308711127356,2021,2020-12-31,training_frequency,-1,0.5577557755775577,0.5577557755775577,1,1
monthly_state_ungated,2528,2021-06-25,2021-07-05,-0.0342297962734196,2021,2020-12-31,training_frequency,-1,0.5577557755775577,0.5577557755775577,1,0
monthly_state_ungated,2533,2021-07-02,2021-07-12,0.0068193733271841,2021,2020-12-31,training_frequency,-1,0.5577557755775577,0.5577557755775577,1,1
monthly_state_ungated,2538,2021-07-09,2021-07-19,-0.0048254045313779,2021,2020-12-31,training_frequency,-1,0.5577557755775577,0.5577557755775577,1,0
monthly_state_ungated,2543,2021-07-16,2021-07-26,-0.0032299118953994,2021,2020-12-31,training_frequency,-1,0.5577557755775577,0.5577557755775577,1,0
monthly_state_ungated,2548,2021-07-23,2021-08-02,-0.0537740931579083,2021,2020-12-31,training_frequency,-1,0.5577557755775577,0.5577557755775577,1,0
monthly_state_ungated,2553,2021-07-30,2021-08-09,0.019904813945049,2021,2020-12-31,training_frequency,-1,0.5577557755775577,0.5577557755775577,1,1
monthly_state_ungated,2558,2021-08-06,2021-08-16,0.0093369268709639,2021,2020-12-31,training_frequency,-1,0.5577557755775577,0.5577557755775577,1,1
monthly_state_ungated,2563,2021-08-13,2021-08-23,-0.032048736608373,2021,2020-12-31,training_frequency,-1,0.5577557755775577,0.5577557755775577,1,0
monthly_state_ungated,2568,2021-08-20,2021-08-30,0.0145047962107527,2021,2020-12-31,training_frequency,-1,0.5577557755775577,0.5577557755775577,1,1
monthly_state_ungated,2573,2021-08-27,2021-09-06,-0.0012316820816045,2021,2020-12-31,training_frequency,-1,0.5577557755775577,0.5577557755775577,1,0
monthly_state_ungated,2578,2021-09-03,2021-09-13,0.0342301066295398,2021,2020-12-31,training_frequency,-1,0.5577557755775577,0.5577557755775577,1,1
monthly_state_ungated,2583,2021-09-10,2021-09-22,-0.0471441667981554,2021,2020-12-31,training_frequency,-1,0.5577557755775577,0.5577557755775577,1,0
monthly_state_ungated,2588,2021-09-17,2021-09-28,0.0209863060789441,2021,2020-12-31,training_frequency,-1,0.5577557755775577,0.5577557755775577,1,1
monthly_state_ungated,2591,2021-09-24,2021-10-11,0.0144615416200457,2021,2020-12-31,training_frequency,-1,0.5577557755775577,0.5577557755775577,1,1
monthly_state_ungated,2596,2021-10-08,2021-10-18,-0.0038006269617851,2021,2020-12-31,training_frequency,-1,0.5577557755775577,0.5577557755775577,1,0
monthly_state_ungated,2601,2021-10-15,2021-10-25,0.0037358989621147,2021,2020-12-31,training_frequency,-1,0.5577557755775577,0.5577557755775577,1,1
monthly_state_ungated,2606,2021-10-22,2021-11-01,-0.0127041632091318,2021,2020-12-31,training_frequency,-1,0.5577557755775577,0.5577557755775577,1,0
monthly_state_ungated,2611,2021-10-29,2021-11-08,-0.0075807737801166,2021,2020-12-31,training_frequency,-1,0.5577557755775577,0.5577557755775577,1,0
monthly_state_ungated,2616,2021-11-05,2021-11-15,0.0110015182343039,2021,2020-12-31,training_frequency,-1,0.5577557755775577,0.5577557755775577,1,1
monthly_state_ungated,2621,2021-11-12,2021-11-22,0.0002002284238551,2021,2020-12-31,training_frequency,-1,0.5577557755775577,0.5577557755775577,1,1
monthly_state_ungated,2626,2021-11-19,2021-11-29,-0.0153981603100059,2021,2020-12-31,training_frequency,-1,0.5577557755775577,0.5577557755775577,1,0
monthly_state_ungated,2631,2021-11-26,2021-12-06,0.0185518287306458,2021,2020-12-31,training_frequency,-1,0.5577557755775577,0.5577557755775577,1,1
monthly_state_ungated,2636,2021-12-03,2021-12-13,0.0367843110096284,2021,2020-12-31,training_frequency,-1,0.5577557755775577,0.5577557755775577,1,1
monthly_state_ungated,2641,2021-12-10,2021-12-20,-0.0304615698955996,2021,2020-12-31,training_frequency,-1,0.5577557755775577,0.5577557755775577,1,0
monthly_state_ungated,2646,2021-12-17,2021-12-27,-0.0034083287233763,2021,2020-12-31,training_frequency,-1,0.5577557755775577,0.5577557755775577,1,0
monthly_state_ungated,2651,2021-12-24,2022-01-04,0.0080985736506613,2021,2020-12-31,training_frequency,-1,0.5577557755775577,0.5577557755775577,1,1
monthly_state_ungated,2656,2021-12-31,2022-01-10,-0.0293970528320001,2021,2020-12-31,training_frequency,-1,0.5577557755775577,0.5577557755775577,1,0
monthly_state_ungated,2418,2021-01-08,2021-01-18,-0.0120052904669853,2021,2020-12-31,native_mse,20260911,0.008552411017393067,,1,0
monthly_state_ungated,2423,2021-01-15,2021-01-25,0.0231622460538123,2021,2020-12-31,native_mse,20260911,0.004218820233000888,,1,1
monthly_state_ungated,2428,2021-01-22,2021-02-01,-0.0372511735907923,2021,2020-12-31,native_mse,20260911,0.004959951689017089,,1,0
monthly_state_ungated,2433,2021-01-29,2021-02-08,0.0278689901714626,2021,2020-12-31,native_mse,20260911,-0.006242641410233065,,0,1
monthly_state_ungated,2438,2021-02-05,2021-02-22,0.0507379035040882,2021,2020-12-31,native_mse,20260911,0.0007951359987466982,,1,1
monthly_state_ungated,2443,2021-02-19,2021-03-01,-0.0684918010685315,2021,2020-12-31,native_mse,20260911,-0.0016330918552967294,,0,0
monthly_state_ungated,2448,2021-02-26,2021-03-08,-0.0165997123904068,2021,2020-12-31,native_mse,20260911,-0.00533638880364651,,0,0
monthly_state_ungated,2453,2021-03-05,2021-03-15,-0.0346560901469681,2021,2020-12-31,native_mse,20260911,-0.011674592766508288,,0,0
monthly_state_ungated,2458,2021-03-12,2021-03-22,-0.0210550182560221,2021,2020-12-31,native_mse,20260911,-0.007847066861436623,,0,0
monthly_state_ungated,2463,2021-03-19,2021-03-29,0.0087572877565691,2021,2020-12-31,native_mse,20260911,-0.0039060339233599494,,0,1
monthly_state_ungated,2468,2021-03-26,2021-04-06,0.0250145479448802,2021,2020-12-31,native_mse,20260911,0.0009273635613917179,,1,1
monthly_state_ungated,2473,2021-04-02,2021-04-12,-0.0292856811827044,2021,2020-12-31,native_mse,20260911,-0.0027355840325147787,,0,0
monthly_state_ungated,2477,2021-04-09,2021-04-19,-0.0120489836840408,2021,2020-12-31,native_mse,20260911,-0.0036343506408249315,,0,0
monthly_state_ungated,2482,2021-04-16,2021-04-26,0.0382932540809155,2021,2020-12-31,native_mse,20260911,-0.0006724515978878938,,0,1
monthly_state_ungated,2487,2021-04-23,2021-05-06,-0.0112070185917437,2021,2020-12-31,native_mse,20260911,0.0055289088739753755,,1,0
monthly_state_ungated,2492,2021-04-30,2021-05-12,-0.0190946889464188,2021,2020-12-31,native_mse,20260911,0.0033327575219957396,,1,0
monthly_state_ungated,2494,2021-05-07,2021-05-17,0.0227674429764228,2021,2020-12-31,native_mse,20260911,0.0021669511395786133,,1,1
monthly_state_ungated,2499,2021-05-14,2021-05-24,0.0045940519733895,2021,2020-12-31,native_mse,20260911,0.0011114542693073139,,1,1
monthly_state_ungated,2504,2021-05-21,2021-05-31,0.0348855085126711,2021,2020-12-31,native_mse,20260911,0.008400289317996804,,1,1
monthly_state_ungated,2509,2021-05-28,2021-06-07,-0.0062409741861724,2021,2020-12-31,native_mse,20260911,0.0007953145198423817,,1,0
monthly_state_ungated,2514,2021-06-04,2021-06-15,-0.0125508761771767,2021,2020-12-31,native_mse,20260911,-0.007020166164517651,,0,0
monthly_state_ungated,2519,2021-06-11,2021-06-21,-0.0250011497424577,2021,2020-12-31,native_mse,20260911,-0.008619872591947365,,0,0
monthly_state_ungated,2523,2021-06-18,2021-06-28,0.0325308711127356,2021,2020-12-31,native_mse,20260911,-0.008791375820448139,,0,1
monthly_state_ungated,2528,2021-06-25,2021-07-05,-0.0342297962734196,2021,2020-12-31,native_mse,20260911,-0.008045520831514462,,0,0
monthly_state_ungated,2533,2021-07-02,2021-07-12,0.0068193733271841,2021,2020-12-31,native_mse,20260911,-0.007174844548354277,,0,1
monthly_state_ungated,2538,2021-07-09,2021-07-19,-0.0048254045313779,2021,2020-12-31,native_mse,20260911,-0.015340492927170088,,0,0
monthly_state_ungated,2543,2021-07-16,2021-07-26,-0.0032299118953994,2021,2020-12-31,native_mse,20260911,-0.005208717730643443,,0,0
monthly_state_ungated,2548,2021-07-23,2021-08-02,-0.0537740931579083,2021,2020-12-31,native_mse,20260911,-0.005850917345567664,,0,0
monthly_state_ungated,2553,2021-07-30,2021-08-09,0.019904813945049,2021,2020-12-31,native_mse,20260911,-0.0028205260505218244,,0,1
monthly_state_ungated,2558,2021-08-06,2021-08-16,0.0093369268709639,2021,2020-12-31,native_mse,20260911,0.0007831311211854701,,1,1
monthly_state_ungated,2563,2021-08-13,2021-08-23,-0.032048736608373,2021,2020-12-31,native_mse,20260911,-0.0005906639308137641,,0,0
monthly_state_ungated,2568,2021-08-20,2021-08-30,0.0145047962107527,2021,2020-12-31,native_mse,20260911,-0.004641917146108556,,0,1
monthly_state_ungated,2573,2021-08-27,2021-09-06,-0.0012316820816045,2021,2020-12-31,native_mse,20260911,0.014579973106645959,,1,0
monthly_state_ungated,2578,2021-09-03,2021-09-13,0.0342301066295398,2021,2020-12-31,native_mse,20260911,0.008593989010996025,,1,1
monthly_state_ungated,2583,2021-09-10,2021-09-22,-0.0471441667981554,2021,2020-12-31,native_mse,20260911,0.008313547741757724,,1,0
monthly_state_ungated,2588,2021-09-17,2021-09-28,0.0209863060789441,2021,2020-12-31,native_mse,20260911,0.01165935650344279,,1,1
monthly_state_ungated,2591,2021-09-24,2021-10-11,0.0144615416200457,2021,2020-12-31,native_mse,20260911,0.005518532924551857,,1,1
monthly_state_ungated,2596,2021-10-08,2021-10-18,-0.0038006269617851,2021,2020-12-31,native_mse,20260911,0.012263523541426666,,1,0
monthly_state_ungated,2601,2021-10-15,2021-10-25,0.0037358989621147,2021,2020-12-31,native_mse,20260911,0.005744974739242532,,1,1
monthly_state_ungated,2606,2021-10-22,2021-11-01,-0.0127041632091318,2021,2020-12-31,native_mse,20260911,-0.002876912071818175,,0,0
monthly_state_ungated,2611,2021-10-29,2021-11-08,-0.0075807737801166,2021,2020-12-31,native_mse,20260911,0.007299876265916085,,1,0
monthly_state_ungated,2616,2021-11-05,2021-11-15,0.0110015182343039,2021,2020-12-31,native_mse,20260911,0.01509194783358179,,1,1
monthly_state_ungated,2621,2021-11-12,2021-11-22,0.0002002284238551,2021,2020-12-31,native_mse,20260911,0.015091062401740971,,1,1
monthly_state_ungated,2626,2021-11-19,2021-11-29,-0.0153981603100059,2021,2020-12-31,native_mse,20260911,0.0038828482450291406,,1,0
monthly_state_ungated,2631,2021-11-26,2021-12-06,0.0185518287306458,2021,2020-12-31,native_mse,20260911,0.012319022901115752,,1,1
monthly_state_ungated,2636,2021-12-03,2021-12-13,0.0367843110096284,2021,2020-12-31,native_mse,20260911,-0.0032795392457900994,,0,1
monthly_state_ungated,2641,2021-12-10,2021-12-20,-0.0304615698955996,2021,2020-12-31,native_mse,20260911,0.0011267436480836153,,1,0
monthly_state_ungated,2646,2021-12-17,2021-12-27,-0.0034083287233763,2021,2020-12-31,native_mse,20260911,0.009051863032613542,,1,0
monthly_state_ungated,2651,2021-12-24,2022-01-04,0.0080985736506613,2021,2020-12-31,native_mse,20260911,0.011692479032888078,,1,1
monthly_state_ungated,2656,2021-12-31,2022-01-10,-0.0293970528320001,2021,2020-12-31,native_mse,20260911,0.0061027978323025915,,1,0
monthly_state_ungated,2418,2021-01-08,2021-01-18,-0.0120052904669853,2021,2020-12-31,native_mse,20260912,0.001397497585867654,,1,0
monthly_state_ungated,2423,2021-01-15,2021-01-25,0.0231622460538123,2021,2020-12-31,native_mse,20260912,0.0006715229500529757,,1,1
monthly_state_ungated,2428,2021-01-22,2021-02-01,-0.0372511735907923,2021,2020-12-31,native_mse,20260912,0.0008989216255188498,,1,0
monthly_state_ungated,2433,2021-01-29,2021-02-08,0.0278689901714626,2021,2020-12-31,native_mse,20260912,0.0007959764416317159,,1,1
monthly_state_ungated,2438,2021-02-05,2021-02-22,0.0507379035040882,2021,2020-12-31,native_mse,20260912,0.0012803740659475327,,1,1
monthly_state_ungated,2443,2021-02-19,2021-03-01,-0.0684918010685315,2021,2020-12-31,native_mse,20260912,0.0009133829615551264,,1,0
monthly_state_ungated,2448,2021-02-26,2021-03-08,-0.0165997123904068,2021,2020-12-31,native_mse,20260912,0.0013704992420810927,,1,0
monthly_state_ungated,2453,2021-03-05,2021-03-15,-0.0346560901469681,2021,2020-12-31,native_mse,20260912,0.0008756814992302536,,1,0
monthly_state_ungated,2458,2021-03-12,2021-03-22,-0.0210550182560221,2021,2020-12-31,native_mse,20260912,0.0011757184818956695,,1,0
monthly_state_ungated,2463,2021-03-19,2021-03-29,0.0087572877565691,2021,2020-12-31,native_mse,20260912,0.0010792053864410744,,1,1
monthly_state_ungated,2468,2021-03-26,2021-04-06,0.0250145479448802,2021,2020-12-31,native_mse,20260912,0.0011499309968955886,,1,1
monthly_state_ungated,2473,2021-04-02,2021-04-12,-0.0292856811827044,2021,2020-12-31,native_mse,20260912,0.0010410156043567688,,1,0
monthly_state_ungated,2477,2021-04-09,2021-04-19,-0.0120489836840408,2021,2020-12-31,native_mse,20260912,0.0015346227958627386,,1,0
monthly_state_ungated,2482,2021-04-16,2021-04-26,0.0382932540809155,2021,2020-12-31,native_mse,20260912,0.001333459240383137,,1,1
monthly_state_ungated,2487,2021-04-23,2021-05-06,-0.0112070185917437,2021,2020-12-31,native_mse,20260912,0.0016691075435783544,,1,0
monthly_state_ungated,2492,2021-04-30,2021-05-12,-0.0190946889464188,2021,2020-12-31,native_mse,20260912,0.0008697905080337705,,1,0
monthly_state_ungated,2494,2021-05-07,2021-05-17,0.0227674429764228,2021,2020-12-31,native_mse,20260912,0.0011496090030479206,,1,1
monthly_state_ungated,2499,2021-05-14,2021-05-24,0.0045940519733895,2021,2020-12-31,native_mse,20260912,0.0010483063772099349,,1,1
monthly_state_ungated,2504,2021-05-21,2021-05-31,0.0348855085126711,2021,2020-12-31,native_mse,20260912,0.0011439525898009322,,1,1
monthly_state_ungated,2509,2021-05-28,2021-06-07,-0.0062409741861724,2021,2020-12-31,native_mse,20260912,0.0011525125328662067,,1,0
monthly_state_ungated,2514,2021-06-04,2021-06-15,-0.0125508761771767,2021,2020-12-31,native_mse,20260912,0.0007128828650729158,,1,0
monthly_state_ungated,2519,2021-06-11,2021-06-21,-0.0250011497424577,2021,2020-12-31,native_mse,20260912,0.0008407535701623152,,1,0
monthly_state_ungated,2523,2021-06-18,2021-06-28,0.0325308711127356,2021,2020-12-31,native_mse,20260912,0.0005295128002944305,,1,1
monthly_state_ungated,2528,2021-06-25,2021-07-05,-0.0342297962734196,2021,2020-12-31,native_mse,20260912,0.0004392776625445282,,1,0
monthly_state_ungated,2533,2021-07-02,2021-07-12,0.0068193733271841,2021,2020-12-31,native_mse,20260912,0.0008802423955353033,,1,1
monthly_state_ungated,2538,2021-07-09,2021-07-19,-0.0048254045313779,2021,2020-12-31,native_mse,20260912,0.001025036941487719,,1,0
monthly_state_ungated,2543,2021-07-16,2021-07-26,-0.0032299118953994,2021,2020-12-31,native_mse,20260912,0.0009848540154367372,,1,0
monthly_state_ungated,2548,2021-07-23,2021-08-02,-0.0537740931579083,2021,2020-12-31,native_mse,20260912,0.0010837390229232473,,1,0
monthly_state_ungated,2553,2021-07-30,2021-08-09,0.019904813945049,2021,2020-12-31,native_mse,20260912,0.0007753634039124927,,1,1
monthly_state_ungated,2558,2021-08-06,2021-08-16,0.0093369268709639,2021,2020-12-31,native_mse,20260912,0.0010686946751112278,,1,1
monthly_state_ungated,2563,2021-08-13,2021-08-23,-0.032048736608373,2021,2020-12-31,native_mse,20260912,0.0016819071064647707,,1,0
monthly_state_ungated,2568,2021-08-20,2021-08-30,0.0145047962107527,2021,2020-12-31,native_mse,20260912,0.0015674609930577542,,1,1
monthly_state_ungated,2573,2021-08-27,2021-09-06,-0.0012316820816045,2021,2020-12-31,native_mse,20260912,0.0015518786224257932,,1,0
monthly_state_ungated,2578,2021-09-03,2021-09-13,0.0342301066295398,2021,2020-12-31,native_mse,20260912,0.0015775578367383941,,1,1
monthly_state_ungated,2583,2021-09-10,2021-09-22,-0.0471441667981554,2021,2020-12-31,native_mse,20260912,0.00097730888589041,,1,0
monthly_state_ungated,2588,2021-09-17,2021-09-28,0.0209863060789441,2021,2020-12-31,native_mse,20260912,0.0010514539644274003,,1,1
monthly_state_ungated,2591,2021-09-24,2021-10-11,0.0144615416200457,2021,2020-12-31,native_mse,20260912,0.0009736007301348337,,1,1
monthly_state_ungated,2596,2021-10-08,2021-10-18,-0.0038006269617851,2021,2020-12-31,native_mse,20260912,0.0017059097904301645,,1,0
monthly_state_ungated,2601,2021-10-15,2021-10-25,0.0037358989621147,2021,2020-12-31,native_mse,20260912,0.0013112113818953192,,1,1
monthly_state_ungated,2606,2021-10-22,2021-11-01,-0.0127041632091318,2021,2020-12-31,native_mse,20260912,0.001166627382206441,,1,0
monthly_state_ungated,2611,2021-10-29,2021-11-08,-0.0075807737801166,2021,2020-12-31,native_mse,20260912,0.0010497018546840582,,1,0
monthly_state_ungated,2616,2021-11-05,2021-11-15,0.0110015182343039,2021,2020-12-31,native_mse,20260912,0.0009666279543883876,,1,1
monthly_state_ungated,2621,2021-11-12,2021-11-22,0.0002002284238551,2021,2020-12-31,native_mse,20260912,0.00100753152357648,,1,1
monthly_state_ungated,2626,2021-11-19,2021-11-29,-0.0153981603100059,2021,2020-12-31,native_mse,20260912,0.0011440904261233744,,1,0
monthly_state_ungated,2631,2021-11-26,2021-12-06,0.0185518287306458,2021,2020-12-31,native_mse,20260912,0.0008222023383696463,,1,1
monthly_state_ungated,2636,2021-12-03,2021-12-13,0.0367843110096284,2021,2020-12-31,native_mse,20260912,0.000663622110562264,,1,1
monthly_state_ungated,2641,2021-12-10,2021-12-20,-0.0304615698955996,2021,2020-12-31,native_mse,20260912,0.0012207854253852776,,1,0
monthly_state_ungated,2646,2021-12-17,2021-12-27,-0.0034083287233763,2021,2020-12-31,native_mse,20260912,0.0012339786672550855,,1,0
monthly_state_ungated,2651,2021-12-24,2022-01-04,0.0080985736506613,2021,2020-12-31,native_mse,20260912,0.0010451229218044734,,1,1
monthly_state_ungated,2656,2021-12-31,2022-01-10,-0.0293970528320001,2021,2020-12-31,native_mse,20260912,0.001214204791414166,,1,0
monthly_state_ungated,2660,2022-01-07,2022-01-17,-0.0173453887283024,2022,2021-12-31,native_mse,20260910,-0.0034182510339292468,,0,0
monthly_state_ungated,2665,2022-01-14,2022-01-24,0.0053248631776616,2022,2021-12-31,native_mse,20260910,0.004761167720503064,,1,1
monthly_state_ungated,2670,2022-01-21,2022-02-07,-0.0242661876254222,2022,2021-12-31,native_mse,20260910,0.013137367547165641,,1,0
monthly_state_ungated,2675,2022-01-28,2022-02-14,-0.0127539031341488,2022,2021-12-31,native_mse,20260910,0.010886081661597602,,1,0
monthly_state_ungated,2680,2022-02-11,2022-02-21,0.0145498774954033,2022,2021-12-31,native_mse,20260910,0.008879219089809445,,1,1
monthly_state_ungated,2685,2022-02-18,2022-02-28,-0.0177161244498015,2022,2021-12-31,native_mse,20260910,0.009476567447344621,,1,0
monthly_state_ungated,2690,2022-02-25,2022-03-07,-0.0221791776043331,2022,2021-12-31,native_mse,20260910,0.01051598647298397,,1,0
monthly_state_ungated,2695,2022-03-04,2022-03-14,-0.0480378799422749,2022,2021-12-31,native_mse,20260910,0.007053677912636015,,1,0
monthly_state_ungated,2700,2022-03-11,2022-03-21,0.007530336734814,2022,2021-12-31,native_mse,20260910,0.010804442451387935,,1,1
monthly_state_ungated,2705,2022-03-18,2022-03-28,-0.0353493110038457,2022,2021-12-31,native_mse,20260910,0.0072982657258971444,,1,0
monthly_state_ungated,2710,2022-03-25,2022-04-06,0.0314834190717003,2022,2021-12-31,native_mse,20260910,0.007546796616275884,,1,1
monthly_state_ungated,2715,2022-04-01,2022-04-12,-0.0129237372705649,2022,2021-12-31,native_mse,20260910,0.006781430452769677,,1,0
monthly_state_ungated,2718,2022-04-08,2022-04-18,-0.0120986062576864,2022,2021-12-31,native_mse,20260910,0.00652895075643567,,1,0
monthly_state_ungated,2723,2022-04-15,2022-04-25,-0.0528494340140576,2022,2021-12-31,native_mse,20260910,0.006385447465197085,,1,0
monthly_state_ungated,2728,2022-04-22,2022-05-05,0.015736821365468,2022,2021-12-31,native_mse,20260910,0.005099274511858865,,1,1
monthly_state_ungated,2733,2022-04-29,2022-05-11,-0.0278824133054675,2022,2021-12-31,native_mse,20260910,0.004344044298975658,,1,0
monthly_state_ungated,2735,2022-05-06,2022-05-16,0.033741423035827,2022,2021-12-31,native_mse,20260910,0.0035518248227642247,,1,1
monthly_state_ungated,2740,2022-05-13,2022-05-23,0.0164308841843088,2022,2021-12-31,native_mse,20260910,0.002890441768532801,,1,1
monthly_state_ungated,2745,2022-05-20,2022-05-30,-0.0147293413085614,2022,2021-12-31,native_mse,20260910,0.002556802191789734,,1,0
monthly_state_ungated,2750,2022-05-27,2022-06-13,0.0431748431927498,2022,2021-12-31,native_mse,20260910,-0.006714076298392413,,0,1
monthly_state_ungated,2759,2022-06-10,2022-06-20,0.0306046547112142,2022,2021-12-31,native_mse,20260910,-0.0017160693271902699,,0,1
monthly_state_ungated,2764,2022-06-17,2022-06-27,0.0211666894141107,2022,2021-12-31,native_mse,20260910,-0.005554400786314341,,0,1
monthly_state_ungated,2769,2022-06-24,2022-07-04,0.0074507343130214,2022,2021-12-31,native_mse,20260910,-0.006611900023593844,,0,1
monthly_state_ungated,2774,2022-07-01,2022-07-11,-0.0092349827532707,2022,2021-12-31,native_mse,20260910,-0.001849659274069034,,0,0
monthly_state_ungated,2779,2022-07-08,2022-07-18,-0.0326815927737367,2022,2021-12-31,native_mse,20260910,-0.0036295526636022737,,0,0
monthly_state_ungated,2784,2022-07-15,2022-07-25,-0.0066210715249344,2022,2021-12-31,native_mse,20260910,-0.00726704662423343,,0,0
monthly_state_ungated,2789,2022-07-22,2022-08-01,-0.0173077967751003,2022,2021-12-31,native_mse,20260910,-0.005304375487712945,,0,0
monthly_state_ungated,2794,2022-07-29,2022-08-08,-0.004456034513838,2022,2021-12-31,native_mse,20260910,0.012166125781651363,,1,0
monthly_state_ungated,2799,2022-08-05,2022-08-15,0.0091475117753996,2022,2021-12-31,native_mse,20260910,0.004077391662883762,,1,1
monthly_state_ungated,2804,2022-08-12,2022-08-22,-0.0107272727272728,2022,2021-12-31,native_mse,20260910,0.0035826870942200968,,1,0
monthly_state_ungated,2809,2022-08-19,2022-08-29,-0.0172375434082356,2022,2021-12-31,native_mse,20260910,0.012796192349441387,,1,0
monthly_state_ungated,2814,2022-08-26,2022-09-05,-0.0131573766941938,2022,2021-12-31,native_mse,20260910,0.0045980644388349074,,1,0
monthly_state_ungated,2819,2022-09-02,2022-09-13,0.0253340680878015,2022,2021-12-31,native_mse,20260910,0.0016393163861851791,,1,1
monthly_state_ungated,2824,2022-09-09,2022-09-19,-0.044647264962877,2022,2021-12-31,native_mse,20260910,0.011024491197755238,,1,0
monthly_state_ungated,2828,2022-09-16,2022-09-26,-0.025155151434928,2022,2021-12-31,native_mse,20260910,0.0006249539921165778,,1,0
monthly_state_ungated,2833,2022-09-23,2022-10-10,-0.0060162941299352,2022,2021-12-31,native_mse,20260910,0.00941379002591237,,1,0
monthly_state_ungated,2838,2022-09-30,2022-10-17,0.0041192047412885,2022,2021-12-31,native_mse,20260910,-0.003455449604433236,,0,1
monthly_state_ungated,2843,2022-10-14,2022-10-24,-0.0246766294110258,2022,2021-12-31,native_mse,20260910,0.004982119577206458,,1,0
monthly_state_ungated,2848,2022-10-21,2022-10-31,-0.059928861134359,2022,2021-12-31,native_mse,20260910,0.004400428951388619,,1,0
monthly_state_ungated,2853,2022-10-28,2022-11-07,0.071339502526744,2022,2021-12-31,native_mse,20260910,-0.004533662272660886,,0,1
monthly_state_ungated,2858,2022-11-04,2022-11-14,0.0169449090696014,2022,2021-12-31,native_mse,20260910,0.009145763900992613,,1,1
monthly_state_ungated,2863,2022-11-11,2022-11-21,-0.0127051391515239,2022,2021-12-31,native_mse,20260910,0.005105981957746508,,1,0
monthly_state_ungated,2868,2022-11-18,2022-11-28,-0.0179672806084416,2022,2021-12-31,native_mse,20260910,0.004390010241707061,,1,0
monthly_state_ungated,2873,2022-11-25,2022-12-05,0.0555768659337096,2022,2021-12-31,native_mse,20260910,-0.0021694749097981593,,0,1
monthly_state_ungated,2878,2022-12-02,2022-12-12,0.0175374394775362,2022,2021-12-31,native_mse,20260910,-0.008963509314181651,,0,1
monthly_state_ungated,2883,2022-12-09,2022-12-19,-0.0058850602464181,2022,2021-12-31,native_mse,20260910,-0.008742160121666592,,0,0
monthly_state_ungated,2888,2022-12-16,2022-12-26,-0.0309150292073658,2022,2021-12-31,native_mse,20260910,0.00021070675399415396,,1,0
monthly_state_ungated,2893,2022-12-23,2023-01-03,0.0089464492229616,2022,2021-12-31,native_mse,20260910,-0.006931659189351796,,0,1
monthly_state_ungated,2898,2022-12-30,2023-01-09,0.0345913414268119,2022,2021-12-31,native_mse,20260910,-0.004005139352311209,,0,1
monthly_state_ungated,2660,2022-01-07,2022-01-17,-0.0173453887283024,2022,2021-12-31,training_frequency,-1,0.5458298926507019,0.5458298926507019,1,0
monthly_state_ungated,2665,2022-01-14,2022-01-24,0.0053248631776616,2022,2021-12-31,training_frequency,-1,0.5458298926507019,0.5458298926507019,1,1
monthly_state_ungated,2670,2022-01-21,2022-02-07,-0.0242661876254222,2022,2021-12-31,training_frequency,-1,0.5458298926507019,0.5458298926507019,1,0
monthly_state_ungated,2675,2022-01-28,2022-02-14,-0.0127539031341488,2022,2021-12-31,training_frequency,-1,0.5458298926507019,0.5458298926507019,1,0
monthly_state_ungated,2680,2022-02-11,2022-02-21,0.0145498774954033,2022,2021-12-31,training_frequency,-1,0.5458298926507019,0.5458298926507019,1,1
monthly_state_ungated,2685,2022-02-18,2022-02-28,-0.0177161244498015,2022,2021-12-31,training_frequency,-1,0.5458298926507019,0.5458298926507019,1,0
monthly_state_ungated,2690,2022-02-25,2022-03-07,-0.0221791776043331,2022,2021-12-31,training_frequency,-1,0.5458298926507019,0.5458298926507019,1,0
monthly_state_ungated,2695,2022-03-04,2022-03-14,-0.0480378799422749,2022,2021-12-31,training_frequency,-1,0.5458298926507019,0.5458298926507019,1,0
monthly_state_ungated,2700,2022-03-11,2022-03-21,0.007530336734814,2022,2021-12-31,training_frequency,-1,0.5458298926507019,0.5458298926507019,1,1
monthly_state_ungated,2705,2022-03-18,2022-03-28,-0.0353493110038457,2022,2021-12-31,training_frequency,-1,0.5458298926507019,0.5458298926507019,1,0
monthly_state_ungated,2710,2022-03-25,2022-04-06,0.0314834190717003,2022,2021-12-31,training_frequency,-1,0.5458298926507019,0.5458298926507019,1,1
monthly_state_ungated,2715,2022-04-01,2022-04-12,-0.0129237372705649,2022,2021-12-31,training_frequency,-1,0.5458298926507019,0.5458298926507019,1,0
monthly_state_ungated,2718,2022-04-08,2022-04-18,-0.0120986062576864,2022,2021-12-31,training_frequency,-1,0.5458298926507019,0.5458298926507019,1,0
monthly_state_ungated,2723,2022-04-15,2022-04-25,-0.0528494340140576,2022,2021-12-31,training_frequency,-1,0.5458298926507019,0.5458298926507019,1,0
monthly_state_ungated,2728,2022-04-22,2022-05-05,0.015736821365468,2022,2021-12-31,training_frequency,-1,0.5458298926507019,0.5458298926507019,1,1
monthly_state_ungated,2733,2022-04-29,2022-05-11,-0.0278824133054675,2022,2021-12-31,training_frequency,-1,0.5458298926507019,0.5458298926507019,1,0
monthly_state_ungated,2735,2022-05-06,2022-05-16,0.033741423035827,2022,2021-12-31,training_frequency,-1,0.5458298926507019,0.5458298926507019,1,1
monthly_state_ungated,2740,2022-05-13,2022-05-23,0.0164308841843088,2022,2021-12-31,training_frequency,-1,0.5458298926507019,0.5458298926507019,1,1
monthly_state_ungated,2745,2022-05-20,2022-05-30,-0.0147293413085614,2022,2021-12-31,training_frequency,-1,0.5458298926507019,0.5458298926507019,1,0
monthly_state_ungated,2750,2022-05-27,2022-06-13,0.0431748431927498,2022,2021-12-31,training_frequency,-1,0.5458298926507019,0.5458298926507019,1,1
monthly_state_ungated,2759,2022-06-10,2022-06-20,0.0306046547112142,2022,2021-12-31,training_frequency,-1,0.5458298926507019,0.5458298926507019,1,1
monthly_state_ungated,2764,2022-06-17,2022-06-27,0.0211666894141107,2022,2021-12-31,training_frequency,-1,0.5458298926507019,0.5458298926507019,1,1
monthly_state_ungated,2769,2022-06-24,2022-07-04,0.0074507343130214,2022,2021-12-31,training_frequency,-1,0.5458298926507019,0.5458298926507019,1,1
monthly_state_ungated,2774,2022-07-01,2022-07-11,-0.0092349827532707,2022,2021-12-31,training_frequency,-1,0.5458298926507019,0.5458298926507019,1,0
monthly_state_ungated,2779,2022-07-08,2022-07-18,-0.0326815927737367,2022,2021-12-31,training_frequency,-1,0.5458298926507019,0.5458298926507019,1,0
monthly_state_ungated,2784,2022-07-15,2022-07-25,-0.0066210715249344,2022,2021-12-31,training_frequency,-1,0.5458298926507019,0.5458298926507019,1,0
monthly_state_ungated,2789,2022-07-22,2022-08-01,-0.0173077967751003,2022,2021-12-31,training_frequency,-1,0.5458298926507019,0.5458298926507019,1,0
monthly_state_ungated,2794,2022-07-29,2022-08-08,-0.004456034513838,2022,2021-12-31,training_frequency,-1,0.5458298926507019,0.5458298926507019,1,0
monthly_state_ungated,2799,2022-08-05,2022-08-15,0.0091475117753996,2022,2021-12-31,training_frequency,-1,0.5458298926507019,0.5458298926507019,1,1
monthly_state_ungated,2804,2022-08-12,2022-08-22,-0.0107272727272728,2022,2021-12-31,training_frequency,-1,0.5458298926507019,0.5458298926507019,1,0
monthly_state_ungated,2809,2022-08-19,2022-08-29,-0.0172375434082356,2022,2021-12-31,training_frequency,-1,0.5458298926507019,0.5458298926507019,1,0
monthly_state_ungated,2814,2022-08-26,2022-09-05,-0.0131573766941938,2022,2021-12-31,training_frequency,-1,0.5458298926507019,0.5458298926507019,1,0
monthly_state_ungated,2819,2022-09-02,2022-09-13,0.0253340680878015,2022,2021-12-31,training_frequency,-1,0.5458298926507019,0.5458298926507019,1,1
monthly_state_ungated,2824,2022-09-09,2022-09-19,-0.044647264962877,2022,2021-12-31,training_frequency,-1,0.5458298926507019,0.5458298926507019,1,0
monthly_state_ungated,2828,2022-09-16,2022-09-26,-0.025155151434928,2022,2021-12-31,training_frequency,-1,0.5458298926507019,0.5458298926507019,1,0
monthly_state_ungated,2833,2022-09-23,2022-10-10,-0.0060162941299352,2022,2021-12-31,training_frequency,-1,0.5458298926507019,0.5458298926507019,1,0
monthly_state_ungated,2838,2022-09-30,2022-10-17,0.0041192047412885,2022,2021-12-31,training_frequency,-1,0.5458298926507019,0.5458298926507019,1,1
monthly_state_ungated,2843,2022-10-14,2022-10-24,-0.0246766294110258,2022,2021-12-31,training_frequency,-1,0.5458298926507019,0.5458298926507019,1,0
monthly_state_ungated,2848,2022-10-21,2022-10-31,-0.059928861134359,2022,2021-12-31,training_frequency,-1,0.5458298926507019,0.5458298926507019,1,0
monthly_state_ungated,2853,2022-10-28,2022-11-07,0.071339502526744,2022,2021-12-31,training_frequency,-1,0.5458298926507019,0.5458298926507019,1,1
monthly_state_ungated,2858,2022-11-04,2022-11-14,0.0169449090696014,2022,2021-12-31,training_frequency,-1,0.5458298926507019,0.5458298926507019,1,1
monthly_state_ungated,2863,2022-11-11,2022-11-21,-0.0127051391515239,2022,2021-12-31,training_frequency,-1,0.5458298926507019,0.5458298926507019,1,0
monthly_state_ungated,2868,2022-11-18,2022-11-28,-0.0179672806084416,2022,2021-12-31,training_frequency,-1,0.5458298926507019,0.5458298926507019,1,0
monthly_state_ungated,2873,2022-11-25,2022-12-05,0.0555768659337096,2022,2021-12-31,training_frequency,-1,0.5458298926507019,0.5458298926507019,1,1
monthly_state_ungated,2878,2022-12-02,2022-12-12,0.0175374394775362,2022,2021-12-31,training_frequency,-1,0.5458298926507019,0.5458298926507019,1,1
monthly_state_ungated,2883,2022-12-09,2022-12-19,-0.0058850602464181,2022,2021-12-31,training_frequency,-1,0.5458298926507019,0.5458298926507019,1,0
monthly_state_ungated,2888,2022-12-16,2022-12-26,-0.0309150292073658,2022,2021-12-31,training_frequency,-1,0.5458298926507019,0.5458298926507019,1,0
monthly_state_ungated,2893,2022-12-23,2023-01-03,0.0089464492229616,2022,2021-12-31,training_frequency,-1,0.5458298926507019,0.5458298926507019,1,1
monthly_state_ungated,2898,2022-12-30,2023-01-09,0.0345913414268119,2022,2021-12-31,training_frequency,-1,0.5458298926507019,0.5458298926507019,1,1
monthly_state_ungated,2660,2022-01-07,2022-01-17,-0.0173453887283024,2022,2021-12-31,native_mse,20260911,0.007330315708159769,,1,0
monthly_state_ungated,2665,2022-01-14,2022-01-24,0.0053248631776616,2022,2021-12-31,native_mse,20260911,0.015471274729398543,,1,1
monthly_state_ungated,2670,2022-01-21,2022-02-07,-0.0242661876254222,2022,2021-12-31,native_mse,20260911,0.009873111042602054,,1,0
monthly_state_ungated,2675,2022-01-28,2022-02-14,-0.0127539031341488,2022,2021-12-31,native_mse,20260911,0.0025503118790792955,,1,0
monthly_state_ungated,2680,2022-02-11,2022-02-21,0.0145498774954033,2022,2021-12-31,native_mse,20260911,0.0063949393307865515,,1,1
monthly_state_ungated,2685,2022-02-18,2022-02-28,-0.0177161244498015,2022,2021-12-31,native_mse,20260911,0.004306186298337274,,1,0
monthly_state_ungated,2690,2022-02-25,2022-03-07,-0.0221791776043331,2022,2021-12-31,native_mse,20260911,0.00884306439536679,,1,0
monthly_state_ungated,2695,2022-03-04,2022-03-14,-0.0480378799422749,2022,2021-12-31,native_mse,20260911,0.008878575004775912,,1,0
monthly_state_ungated,2700,2022-03-11,2022-03-21,0.007530336734814,2022,2021-12-31,native_mse,20260911,0.008804997087552644,,1,1
monthly_state_ungated,2705,2022-03-18,2022-03-28,-0.0353493110038457,2022,2021-12-31,native_mse,20260911,0.0029149751065889705,,1,0
monthly_state_ungated,2710,2022-03-25,2022-04-06,0.0314834190717003,2022,2021-12-31,native_mse,20260911,0.009608904415587632,,1,1
monthly_state_ungated,2715,2022-04-01,2022-04-12,-0.0129237372705649,2022,2021-12-31,native_mse,20260911,0.013290024702572031,,1,0
monthly_state_ungated,2718,2022-04-08,2022-04-18,-0.0120986062576864,2022,2021-12-31,native_mse,20260911,0.0032429576095984285,,1,0
monthly_state_ungated,2723,2022-04-15,2022-04-25,-0.0528494340140576,2022,2021-12-31,native_mse,20260911,0.016983479995433693,,1,0
monthly_state_ungated,2728,2022-04-22,2022-05-05,0.015736821365468,2022,2021-12-31,native_mse,20260911,0.011987542362233185,,1,1
monthly_state_ungated,2733,2022-04-29,2022-05-11,-0.0278824133054675,2022,2021-12-31,native_mse,20260911,0.0046606294840712235,,1,0
monthly_state_ungated,2735,2022-05-06,2022-05-16,0.033741423035827,2022,2021-12-31,native_mse,20260911,-0.002196005566182584,,0,1
monthly_state_ungated,2740,2022-05-13,2022-05-23,0.0164308841843088,2022,2021-12-31,native_mse,20260911,0.0038854901281264037,,1,1
monthly_state_ungated,2745,2022-05-20,2022-05-30,-0.0147293413085614,2022,2021-12-31,native_mse,20260911,0.005767086549547615,,1,0
monthly_state_ungated,2750,2022-05-27,2022-06-13,0.0431748431927498,2022,2021-12-31,native_mse,20260911,0.001263767062796844,,1,1
monthly_state_ungated,2759,2022-06-10,2022-06-20,0.0306046547112142,2022,2021-12-31,native_mse,20260911,-0.0024637080117748144,,0,1
monthly_state_ungated,2764,2022-06-17,2022-06-27,0.0211666894141107,2022,2021-12-31,native_mse,20260911,-0.0034192691302211337,,0,1
monthly_state_ungated,2769,2022-06-24,2022-07-04,0.0074507343130214,2022,2021-12-31,native_mse,20260911,0.0007173637240202417,,1,1
monthly_state_ungated,2774,2022-07-01,2022-07-11,-0.0092349827532707,2022,2021-12-31,native_mse,20260911,0.00019356382111467723,,1,0
monthly_state_ungated,2779,2022-07-08,2022-07-18,-0.0326815927737367,2022,2021-12-31,native_mse,20260911,-0.002705313965036355,,0,0
monthly_state_ungated,2784,2022-07-15,2022-07-25,-0.0066210715249344,2022,2021-12-31,native_mse,20260911,-0.01432584048846508,,0,0
monthly_state_ungated,2789,2022-07-22,2022-08-01,-0.0173077967751003,2022,2021-12-31,native_mse,20260911,-0.01380965748442494,,0,0
monthly_state_ungated,2794,2022-07-29,2022-08-08,-0.004456034513838,2022,2021-12-31,native_mse,20260911,-0.0005052222003642227,,0,0
monthly_state_ungated,2799,2022-08-05,2022-08-15,0.0091475117753996,2022,2021-12-31,native_mse,20260911,0.011525493600414192,,1,1
monthly_state_ungated,2804,2022-08-12,2022-08-22,-0.0107272727272728,2022,2021-12-31,native_mse,20260911,0.011216024245490553,,1,0
monthly_state_ungated,2809,2022-08-19,2022-08-29,-0.0172375434082356,2022,2021-12-31,native_mse,20260911,0.011754323018096325,,1,0
monthly_state_ungated,2814,2022-08-26,2022-09-05,-0.0131573766941938,2022,2021-12-31,native_mse,20260911,0.015594603509631271,,1,0
monthly_state_ungated,2819,2022-09-02,2022-09-13,0.0253340680878015,2022,2021-12-31,native_mse,20260911,0.010900596081000016,,1,1
monthly_state_ungated,2824,2022-09-09,2022-09-19,-0.044647264962877,2022,2021-12-31,native_mse,20260911,0.009845699372826781,,1,0
monthly_state_ungated,2828,2022-09-16,2022-09-26,-0.025155151434928,2022,2021-12-31,native_mse,20260911,0.008491582609497948,,1,0
monthly_state_ungated,2833,2022-09-23,2022-10-10,-0.0060162941299352,2022,2021-12-31,native_mse,20260911,0.016496050845990925,,1,0
monthly_state_ungated,2838,2022-09-30,2022-10-17,0.0041192047412885,2022,2021-12-31,native_mse,20260911,0.0066528810646222045,,1,1
monthly_state_ungated,2843,2022-10-14,2022-10-24,-0.0246766294110258,2022,2021-12-31,native_mse,20260911,0.007009044538463505,,1,0
monthly_state_ungated,2848,2022-10-21,2022-10-31,-0.059928861134359,2022,2021-12-31,native_mse,20260911,0.010852556503638734,,1,0
monthly_state_ungated,2853,2022-10-28,2022-11-07,0.071339502526744,2022,2021-12-31,native_mse,20260911,0.006842543646863063,,1,1
monthly_state_ungated,2858,2022-11-04,2022-11-14,0.0169449090696014,2022,2021-12-31,native_mse,20260911,-0.008549410923537592,,0,1
monthly_state_ungated,2863,2022-11-11,2022-11-21,-0.0127051391515239,2022,2021-12-31,native_mse,20260911,-0.005215109557773304,,0,0
monthly_state_ungated,2868,2022-11-18,2022-11-28,-0.0179672806084416,2022,2021-12-31,native_mse,20260911,-0.010307087880643545,,0,0
monthly_state_ungated,2873,2022-11-25,2022-12-05,0.0555768659337096,2022,2021-12-31,native_mse,20260911,0.0013951717650121252,,1,1
monthly_state_ungated,2878,2022-12-02,2022-12-12,0.0175374394775362,2022,2021-12-31,native_mse,20260911,0.009832549235191711,,1,1
monthly_state_ungated,2883,2022-12-09,2022-12-19,-0.0058850602464181,2022,2021-12-31,native_mse,20260911,0.003809464155812216,,1,0
monthly_state_ungated,2888,2022-12-16,2022-12-26,-0.0309150292073658,2022,2021-12-31,native_mse,20260911,-0.00026475301217457076,,0,0
monthly_state_ungated,2893,2022-12-23,2023-01-03,0.0089464492229616,2022,2021-12-31,native_mse,20260911,0.0011212783896272817,,1,1
monthly_state_ungated,2898,2022-12-30,2023-01-09,0.0345913414268119,2022,2021-12-31,native_mse,20260911,-0.013209134532423342,,0,1
monthly_state_ungated,2660,2022-01-07,2022-01-17,-0.0173453887283024,2022,2021-12-31,native_mse,20260912,0.001814179283598589,,1,0
monthly_state_ungated,2665,2022-01-14,2022-01-24,0.0053248631776616,2022,2021-12-31,native_mse,20260912,0.0008133505012356114,,1,1
monthly_state_ungated,2670,2022-01-21,2022-02-07,-0.0242661876254222,2022,2021-12-31,native_mse,20260912,0.003394922189452561,,1,0
monthly_state_ungated,2675,2022-01-28,2022-02-14,-0.0127539031341488,2022,2021-12-31,native_mse,20260912,0.001858669558311765,,1,0
monthly_state_ungated,2680,2022-02-11,2022-02-21,0.0145498774954033,2022,2021-12-31,native_mse,20260912,0.003479305001395758,,1,1
monthly_state_ungated,2685,2022-02-18,2022-02-28,-0.0177161244498015,2022,2021-12-31,native_mse,20260912,0.00484344917433416,,1,0
monthly_state_ungated,2690,2022-02-25,2022-03-07,-0.0221791776043331,2022,2021-12-31,native_mse,20260912,0.004930593592929232,,1,0
monthly_state_ungated,2695,2022-03-04,2022-03-14,-0.0480378799422749,2022,2021-12-31,native_mse,20260912,0.004780982951547397,,1,0
monthly_state_ungated,2700,2022-03-11,2022-03-21,0.007530336734814,2022,2021-12-31,native_mse,20260912,0.004193854635787947,,1,1
monthly_state_ungated,2705,2022-03-18,2022-03-28,-0.0353493110038457,2022,2021-12-31,native_mse,20260912,0.004396502651581285,,1,0
monthly_state_ungated,2710,2022-03-25,2022-04-06,0.0314834190717003,2022,2021-12-31,native_mse,20260912,0.0036897334948297125,,1,1
monthly_state_ungated,2715,2022-04-01,2022-04-12,-0.0129237372705649,2022,2021-12-31,native_mse,20260912,0.003704448832752752,,1,0
monthly_state_ungated,2718,2022-04-08,2022-04-18,-0.0120986062576864,2022,2021-12-31,native_mse,20260912,0.0033120503584409514,,1,0
monthly_state_ungated,2723,2022-04-15,2022-04-25,-0.0528494340140576,2022,2021-12-31,native_mse,20260912,0.0030085181253416615,,1,0
monthly_state_ungated,2728,2022-04-22,2022-05-05,0.015736821365468,2022,2021-12-31,native_mse,20260912,0.0026567146550084044,,1,1
monthly_state_ungated,2733,2022-04-29,2022-05-11,-0.0278824133054675,2022,2021-12-31,native_mse,20260912,0.0018367479372410052,,1,0
monthly_state_ungated,2735,2022-05-06,2022-05-16,0.033741423035827,2022,2021-12-31,native_mse,20260912,0.0020912186604119124,,1,1
monthly_state_ungated,2740,2022-05-13,2022-05-23,0.0164308841843088,2022,2021-12-31,native_mse,20260912,0.0018493178254621319,,1,1
monthly_state_ungated,2745,2022-05-20,2022-05-30,-0.0147293413085614,2022,2021-12-31,native_mse,20260912,0.0016372108848958446,,1,0
monthly_state_ungated,2750,2022-05-27,2022-06-13,0.0431748431927498,2022,2021-12-31,native_mse,20260912,0.0012702553294938346,,1,1
monthly_state_ungated,2759,2022-06-10,2022-06-20,0.0306046547112142,2022,2021-12-31,native_mse,20260912,-0.00018870985334741705,,0,1
monthly_state_ungated,2764,2022-06-17,2022-06-27,0.0211666894141107,2022,2021-12-31,native_mse,20260912,-0.0009698518035469311,,0,1
monthly_state_ungated,2769,2022-06-24,2022-07-04,0.0074507343130214,2022,2021-12-31,native_mse,20260912,-0.00016157705520515077,,0,1
monthly_state_ungated,2774,2022-07-01,2022-07-11,-0.0092349827532707,2022,2021-12-31,native_mse,20260912,0.00012114906253678204,,1,0
monthly_state_ungated,2779,2022-07-08,2022-07-18,-0.0326815927737367,2022,2021-12-31,native_mse,20260912,0.0009385572149118832,,1,0
monthly_state_ungated,2784,2022-07-15,2022-07-25,-0.0066210715249344,2022,2021-12-31,native_mse,20260912,0.0008465033870475552,,1,0
monthly_state_ungated,2789,2022-07-22,2022-08-01,-0.0173077967751003,2022,2021-12-31,native_mse,20260912,0.001749105544547778,,1,0
monthly_state_ungated,2794,2022-07-29,2022-08-08,-0.004456034513838,2022,2021-12-31,native_mse,20260912,0.0022855909610094674,,1,0
monthly_state_ungated,2799,2022-08-05,2022-08-15,0.0091475117753996,2022,2021-12-31,native_mse,20260912,0.0023275813973101045,,1,1
monthly_state_ungated,2804,2022-08-12,2022-08-22,-0.0107272727272728,2022,2021-12-31,native_mse,20260912,0.00116828161002665,,1,0
monthly_state_ungated,2809,2022-08-19,2022-08-29,-0.0172375434082356,2022,2021-12-31,native_mse,20260912,0.002641518401624336,,1,0
monthly_state_ungated,2814,2022-08-26,2022-09-05,-0.0131573766941938,2022,2021-12-31,native_mse,20260912,0.00258122146459616,,1,0
monthly_state_ungated,2819,2022-09-02,2022-09-13,0.0253340680878015,2022,2021-12-31,native_mse,20260912,0.003426320209529877,,1,1
monthly_state_ungated,2824,2022-09-09,2022-09-19,-0.044647264962877,2022,2021-12-31,native_mse,20260912,0.004071954177543495,,1,0
monthly_state_ungated,2828,2022-09-16,2022-09-26,-0.025155151434928,2022,2021-12-31,native_mse,20260912,0.004321372628556118,,1,0
monthly_state_ungated,2833,2022-09-23,2022-10-10,-0.0060162941299352,2022,2021-12-31,native_mse,20260912,0.0034216908995016978,,1,0
monthly_state_ungated,2838,2022-09-30,2022-10-17,0.0041192047412885,2022,2021-12-31,native_mse,20260912,0.003515450079575204,,1,1
monthly_state_ungated,2843,2022-10-14,2022-10-24,-0.0246766294110258,2022,2021-12-31,native_mse,20260912,0.002607809358206801,,1,0
monthly_state_ungated,2848,2022-10-21,2022-10-31,-0.059928861134359,2022,2021-12-31,native_mse,20260912,0.003699251753992663,,1,0
monthly_state_ungated,2853,2022-10-28,2022-11-07,0.071339502526744,2022,2021-12-31,native_mse,20260912,0.0018115173178016464,,1,1
monthly_state_ungated,2858,2022-11-04,2022-11-14,0.0169449090696014,2022,2021-12-31,native_mse,20260912,0.0023418219066621243,,1,1
monthly_state_ungated,2863,2022-11-11,2022-11-21,-0.0127051391515239,2022,2021-12-31,native_mse,20260912,0.0018573604038192703,,1,0
monthly_state_ungated,2868,2022-11-18,2022-11-28,-0.0179672806084416,2022,2021-12-31,native_mse,20260912,0.0016249204309614228,,1,0
monthly_state_ungated,2873,2022-11-25,2022-12-05,0.0555768659337096,2022,2021-12-31,native_mse,20260912,0.0016075771422150188,,1,1
monthly_state_ungated,2878,2022-12-02,2022-12-12,0.0175374394775362,2022,2021-12-31,native_mse,20260912,0.0015010231403169106,,1,1
monthly_state_ungated,2883,2022-12-09,2022-12-19,-0.0058850602464181,2022,2021-12-31,native_mse,20260912,0.001187317105345827,,1,0
monthly_state_ungated,2888,2022-12-16,2022-12-26,-0.0309150292073658,2022,2021-12-31,native_mse,20260912,0.0019485697779955545,,1,0
monthly_state_ungated,2893,2022-12-23,2023-01-03,0.0089464492229616,2022,2021-12-31,native_mse,20260912,0.0001928217320369698,,1,1
monthly_state_ungated,2898,2022-12-30,2023-01-09,0.0345913414268119,2022,2021-12-31,native_mse,20260912,0.00047968928790032895,,1,1
monthly_state_ungated,2902,2023-01-06,2023-01-16,0.0198447929614133,2023,2022-12-31,native_mse,20260910,-0.0025267983391307767,,0,1
monthly_state_ungated,2907,2023-01-13,2023-01-30,0.0465290788350809,2023,2022-12-31,native_mse,20260910,-0.0004635399148201708,,0,1
monthly_state_ungated,2912,2023-01-20,2023-02-06,-0.0383797057844887,2023,2022-12-31,native_mse,20260910,7.519190422555292e-05,,1,0
monthly_state_ungated,2917,2023-02-03,2023-02-13,-0.0012061903149008,2023,2022-12-31,native_mse,20260910,0.0016271329266920357,,1,0
monthly_state_ungated,2922,2023-02-10,2023-02-20,-0.0143746584432821,2023,2022-12-31,native_mse,20260910,-0.0011564163814400644,,0,0
monthly_state_ungated,2927,2023-02-17,2023-02-27,0.0001237636016198,2023,2022-12-31,native_mse,20260910,-0.0016426518503498255,,0,1
monthly_state_ungated,2932,2023-02-24,2023-03-06,0.0224454641303217,2023,2022-12-31,native_mse,20260910,0.0015810555880606469,,1,1
monthly_state_ungated,2937,2023-03-03,2023-03-13,-0.0407900947678007,2023,2022-12-31,native_mse,20260910,0.0007073892257839969,,1,0
monthly_state_ungated,2942,2023-03-10,2023-03-20,5.0471402903706775e-06,2023,2022-12-31,native_mse,20260910,-0.0001794060398361263,,0,1
monthly_state_ungated,2947,2023-03-17,2023-03-27,0.015302852124583,2023,2022-12-31,native_mse,20260910,-0.0018976163672993884,,0,1
monthly_state_ungated,2952,2023-03-24,2023-04-03,0.0090274153058433,2023,2022-12-31,native_mse,20260910,-0.001832954139676603,,0,1
monthly_state_ungated,2957,2023-03-31,2023-04-10,0.0178317182396383,2023,2022-12-31,native_mse,20260910,-0.00172129069982479,,0,1
monthly_state_ungated,2961,2023-04-07,2023-04-17,-0.0101500238382772,2023,2022-12-31,native_mse,20260910,-0.00033641886926452733,,0,0
monthly_state_ungated,2966,2023-04-14,2023-04-24,-0.014368947230732,2023,2022-12-31,native_mse,20260910,-0.0013230092163269815,,0,0
monthly_state_ungated,2971,2023-04-21,2023-05-04,-0.0044228908788729,2023,2022-12-31,native_mse,20260910,-0.0007286066396655064,,0,0
monthly_state_ungated,2976,2023-04-28,2023-05-10,0.0036477163153083,2023,2022-12-31,native_mse,20260910,-0.00030575704561793394,,0,1
monthly_state_ungated,2978,2023-05-05,2023-05-15,-0.0221642407977935,2023,2022-12-31,native_mse,20260910,-0.00011486613921578474,,0,0
monthly_state_ungated,2983,2023-05-12,2023-05-22,0.0005509250208819,2023,2022-12-31,native_mse,20260910,-0.0001792163459168561,,0,1
monthly_state_ungated,2988,2023-05-19,2023-05-29,-0.0200253742704897,2023,2022-12-31,native_mse,20260910,0.0009439667644663131,,1,0
monthly_state_ungated,2993,2023-05-26,2023-06-05,-0.0003935703040848,2023,2022-12-31,native_mse,20260910,0.000557122093874036,,1,0
monthly_state_ungated,2998,2023-06-02,2023-06-12,-0.0086075595250429,2023,2022-12-31,native_mse,20260910,-0.001180815938657947,,0,0
monthly_state_ungated,3003,2023-06-09,2023-06-19,0.0338878539347273,2023,2022-12-31,native_mse,20260910,-0.0014426234760102343,,0,1
monthly_state_ungated,3008,2023-06-16,2023-07-03,-0.026216632171098,2023,2022-12-31,native_mse,20260910,-0.0010042817493535598,,0,0
monthly_state_ungated,3016,2023-06-30,2023-07-10,-0.0030441518806006,2023,2022-12-31,native_mse,20260910,-0.0011931588855691256,,0,0
monthly_state_ungated,3021,2023-07-07,2023-07-17,0.0104280552692135,2023,2022-12-31,native_mse,20260910,-0.001925244639091561,,0,1
monthly_state_ungated,3026,2023-07-14,2023-07-24,-0.0201642613135752,2023,2022-12-31,native_mse,20260910,0.00072512762062503,,1,0
monthly_state_ungated,3031,2023-07-21,2023-07-31,0.0566710925894278,2023,2022-12-31,native_mse,20260910,0.0009939160139214966,,1,1
monthly_state_ungated,3036,2023-07-28,2023-08-07,-0.0039612927947766,2023,2022-12-31,native_mse,20260910,-0.0005682320215149167,,0,0
monthly_state_ungated,3041,2023-08-04,2023-08-14,-0.0404899362223548,2023,2022-12-31,native_mse,20260910,-0.0009301134947241365,,0,0
monthly_state_ungated,3046,2023-08-11,2023-08-21,-0.0176157088591445,2023,2022-12-31,native_mse,20260910,-0.000726777176221484,,0,0
monthly_state_ungated,3051,2023-08-18,2023-08-28,0.0366582477081969,2023,2022-12-31,native_mse,20260910,0.0008756120897448488,,1,1
monthly_state_ungated,3056,2023-08-25,2023-09-04,-0.025197172476384,2023,2022-12-31,native_mse,20260910,-0.0006648239910763075,,0,0
monthly_state_ungated,3061,2023-09-01,2023-09-11,-0.0189903461587886,2023,2022-12-31,native_mse,20260910,0.00015839660362514175,,1,0
monthly_state_ungated,3066,2023-09-08,2023-09-18,-0.0111346368744954,2023,2022-12-31,native_mse,20260910,0.001744965500114605,,1,0
monthly_state_ungated,3071,2023-09-15,2023-09-25,0.0105787349314532,2023,2022-12-31,native_mse,20260910,0.0006876575211446893,,1,1
monthly_state_ungated,3076,2023-09-22,2023-10-16,-0.0198017153282719,2023,2022-12-31,native_mse,20260910,-0.00243132015475,,0,0
monthly_state_ungated,3085,2023-10-13,2023-10-23,-0.0447156690429144,2023,2022-12-31,native_mse,20260910,-0.0021908711949872265,,0,0
monthly_state_ungated,3090,2023-10-20,2023-10-30,0.0154019770298841,2023,2022-12-31,native_mse,20260910,-0.0005611083237640583,,0,1
monthly_state_ungated,3095,2023-10-27,2023-11-06,0.0152527637017425,2023,2022-12-31,native_mse,20260910,0.0010289915405626282,,1,1
monthly_state_ungated,3100,2023-11-03,2023-11-13,-0.0039935482440582,2023,2022-12-31,native_mse,20260910,0.001023319006735779,,1,0
monthly_state_ungated,3105,2023-11-10,2023-11-20,-0.0067280482816765,2023,2022-12-31,native_mse,20260910,-0.0009564130384265961,,0,0
monthly_state_ungated,3110,2023-11-17,2023-11-27,-0.0098859017348651,2023,2022-12-31,native_mse,20260910,0.00023192130830153903,,1,0
monthly_state_ungated,3115,2023-11-24,2023-12-04,-0.0151084754586299,2023,2022-12-31,native_mse,20260910,0.0008732338960994725,,1,0
monthly_state_ungated,3120,2023-12-01,2023-12-11,-0.0295859857973478,2023,2022-12-31,native_mse,20260910,0.000837366835393595,,1,0
monthly_state_ungated,3125,2023-12-08,2023-12-18,-0.0144639658974852,2023,2022-12-31,native_mse,20260910,0.0006391538307731006,,1,0
monthly_state_ungated,3130,2023-12-15,2023-12-25,0.0003424256350643,2023,2022-12-31,native_mse,20260910,0.000382991564868559,,1,1
monthly_state_ungated,3135,2023-12-22,2024-01-02,0.0288079559683274,2023,2022-12-31,native_mse,20260910,-0.0008222024683218445,,0,1
monthly_state_ungated,3140,2023-12-29,2024-01-08,-0.0302544749829989,2023,2022-12-31,native_mse,20260910,0.0008212539531046094,,1,0
monthly_state_ungated,2902,2023-01-06,2023-01-16,0.0198447929614133,2023,2022-12-31,training_frequency,-1,0.5028949545078577,0.5028949545078577,1,1
monthly_state_ungated,2907,2023-01-13,2023-01-30,0.0465290788350809,2023,2022-12-31,training_frequency,-1,0.5028949545078577,0.5028949545078577,1,1
monthly_state_ungated,2912,2023-01-20,2023-02-06,-0.0383797057844887,2023,2022-12-31,training_frequency,-1,0.5028949545078577,0.5028949545078577,1,0
monthly_state_ungated,2917,2023-02-03,2023-02-13,-0.0012061903149008,2023,2022-12-31,training_frequency,-1,0.5028949545078577,0.5028949545078577,1,0
monthly_state_ungated,2922,2023-02-10,2023-02-20,-0.0143746584432821,2023,2022-12-31,training_frequency,-1,0.5028949545078577,0.5028949545078577,1,0
monthly_state_ungated,2927,2023-02-17,2023-02-27,0.0001237636016198,2023,2022-12-31,training_frequency,-1,0.5028949545078577,0.5028949545078577,1,1
monthly_state_ungated,2932,2023-02-24,2023-03-06,0.0224454641303217,2023,2022-12-31,training_frequency,-1,0.5028949545078577,0.5028949545078577,1,1
monthly_state_ungated,2937,2023-03-03,2023-03-13,-0.0407900947678007,2023,2022-12-31,training_frequency,-1,0.5028949545078577,0.5028949545078577,1,0
monthly_state_ungated,2942,2023-03-10,2023-03-20,5.0471402903706775e-06,2023,2022-12-31,training_frequency,-1,0.5028949545078577,0.5028949545078577,1,1
monthly_state_ungated,2947,2023-03-17,2023-03-27,0.015302852124583,2023,2022-12-31,training_frequency,-1,0.5028949545078577,0.5028949545078577,1,1
monthly_state_ungated,2952,2023-03-24,2023-04-03,0.0090274153058433,2023,2022-12-31,training_frequency,-1,0.5028949545078577,0.5028949545078577,1,1
monthly_state_ungated,2957,2023-03-31,2023-04-10,0.0178317182396383,2023,2022-12-31,training_frequency,-1,0.5028949545078577,0.5028949545078577,1,1
monthly_state_ungated,2961,2023-04-07,2023-04-17,-0.0101500238382772,2023,2022-12-31,training_frequency,-1,0.5028949545078577,0.5028949545078577,1,0
monthly_state_ungated,2966,2023-04-14,2023-04-24,-0.014368947230732,2023,2022-12-31,training_frequency,-1,0.5028949545078577,0.5028949545078577,1,0
monthly_state_ungated,2971,2023-04-21,2023-05-04,-0.0044228908788729,2023,2022-12-31,training_frequency,-1,0.5028949545078577,0.5028949545078577,1,0
monthly_state_ungated,2976,2023-04-28,2023-05-10,0.0036477163153083,2023,2022-12-31,training_frequency,-1,0.5028949545078577,0.5028949545078577,1,1
monthly_state_ungated,2978,2023-05-05,2023-05-15,-0.0221642407977935,2023,2022-12-31,training_frequency,-1,0.5028949545078577,0.5028949545078577,1,0
monthly_state_ungated,2983,2023-05-12,2023-05-22,0.0005509250208819,2023,2022-12-31,training_frequency,-1,0.5028949545078577,0.5028949545078577,1,1
monthly_state_ungated,2988,2023-05-19,2023-05-29,-0.0200253742704897,2023,2022-12-31,training_frequency,-1,0.5028949545078577,0.5028949545078577,1,0
monthly_state_ungated,2993,2023-05-26,2023-06-05,-0.0003935703040848,2023,2022-12-31,training_frequency,-1,0.5028949545078577,0.5028949545078577,1,0
monthly_state_ungated,2998,2023-06-02,2023-06-12,-0.0086075595250429,2023,2022-12-31,training_frequency,-1,0.5028949545078577,0.5028949545078577,1,0
monthly_state_ungated,3003,2023-06-09,2023-06-19,0.0338878539347273,2023,2022-12-31,training_frequency,-1,0.5028949545078577,0.5028949545078577,1,1
monthly_state_ungated,3008,2023-06-16,2023-07-03,-0.026216632171098,2023,2022-12-31,training_frequency,-1,0.5028949545078577,0.5028949545078577,1,0
monthly_state_ungated,3016,2023-06-30,2023-07-10,-0.0030441518806006,2023,2022-12-31,training_frequency,-1,0.5028949545078577,0.5028949545078577,1,0
monthly_state_ungated,3021,2023-07-07,2023-07-17,0.0104280552692135,2023,2022-12-31,training_frequency,-1,0.5028949545078577,0.5028949545078577,1,1
monthly_state_ungated,3026,2023-07-14,2023-07-24,-0.0201642613135752,2023,2022-12-31,training_frequency,-1,0.5028949545078577,0.5028949545078577,1,0
monthly_state_ungated,3031,2023-07-21,2023-07-31,0.0566710925894278,2023,2022-12-31,training_frequency,-1,0.5028949545078577,0.5028949545078577,1,1
monthly_state_ungated,3036,2023-07-28,2023-08-07,-0.0039612927947766,2023,2022-12-31,training_frequency,-1,0.5028949545078577,0.5028949545078577,1,0
monthly_state_ungated,3041,2023-08-04,2023-08-14,-0.0404899362223548,2023,2022-12-31,training_frequency,-1,0.5028949545078577,0.5028949545078577,1,0
monthly_state_ungated,3046,2023-08-11,2023-08-21,-0.0176157088591445,2023,2022-12-31,training_frequency,-1,0.5028949545078577,0.5028949545078577,1,0
monthly_state_ungated,3051,2023-08-18,2023-08-28,0.0366582477081969,2023,2022-12-31,training_frequency,-1,0.5028949545078577,0.5028949545078577,1,1
monthly_state_ungated,3056,2023-08-25,2023-09-04,-0.025197172476384,2023,2022-12-31,training_frequency,-1,0.5028949545078577,0.5028949545078577,1,0
monthly_state_ungated,3061,2023-09-01,2023-09-11,-0.0189903461587886,2023,2022-12-31,training_frequency,-1,0.5028949545078577,0.5028949545078577,1,0
monthly_state_ungated,3066,2023-09-08,2023-09-18,-0.0111346368744954,2023,2022-12-31,training_frequency,-1,0.5028949545078577,0.5028949545078577,1,0
monthly_state_ungated,3071,2023-09-15,2023-09-25,0.0105787349314532,2023,2022-12-31,training_frequency,-1,0.5028949545078577,0.5028949545078577,1,1
monthly_state_ungated,3076,2023-09-22,2023-10-16,-0.0198017153282719,2023,2022-12-31,training_frequency,-1,0.5028949545078577,0.5028949545078577,1,0
monthly_state_ungated,3085,2023-10-13,2023-10-23,-0.0447156690429144,2023,2022-12-31,training_frequency,-1,0.5028949545078577,0.5028949545078577,1,0
monthly_state_ungated,3090,2023-10-20,2023-10-30,0.0154019770298841,2023,2022-12-31,training_frequency,-1,0.5028949545078577,0.5028949545078577,1,1
monthly_state_ungated,3095,2023-10-27,2023-11-06,0.0152527637017425,2023,2022-12-31,training_frequency,-1,0.5028949545078577,0.5028949545078577,1,1
monthly_state_ungated,3100,2023-11-03,2023-11-13,-0.0039935482440582,2023,2022-12-31,training_frequency,-1,0.5028949545078577,0.5028949545078577,1,0
monthly_state_ungated,3105,2023-11-10,2023-11-20,-0.0067280482816765,2023,2022-12-31,training_frequency,-1,0.5028949545078577,0.5028949545078577,1,0
monthly_state_ungated,3110,2023-11-17,2023-11-27,-0.0098859017348651,2023,2022-12-31,training_frequency,-1,0.5028949545078577,0.5028949545078577,1,0
monthly_state_ungated,3115,2023-11-24,2023-12-04,-0.0151084754586299,2023,2022-12-31,training_frequency,-1,0.5028949545078577,0.5028949545078577,1,0
monthly_state_ungated,3120,2023-12-01,2023-12-11,-0.0295859857973478,2023,2022-12-31,training_frequency,-1,0.5028949545078577,0.5028949545078577,1,0
monthly_state_ungated,3125,2023-12-08,2023-12-18,-0.0144639658974852,2023,2022-12-31,training_frequency,-1,0.5028949545078577,0.5028949545078577,1,0
monthly_state_ungated,3130,2023-12-15,2023-12-25,0.0003424256350643,2023,2022-12-31,training_frequency,-1,0.5028949545078577,0.5028949545078577,1,1
monthly_state_ungated,3135,2023-12-22,2024-01-02,0.0288079559683274,2023,2022-12-31,training_frequency,-1,0.5028949545078577,0.5028949545078577,1,1
monthly_state_ungated,3140,2023-12-29,2024-01-08,-0.0302544749829989,2023,2022-12-31,training_frequency,-1,0.5028949545078577,0.5028949545078577,1,0
monthly_state_ungated,2902,2023-01-06,2023-01-16,0.0198447929614133,2023,2022-12-31,native_mse,20260911,-0.0028881799476405084,,0,1
monthly_state_ungated,2907,2023-01-13,2023-01-30,0.0465290788350809,2023,2022-12-31,native_mse,20260911,0.002600529697082545,,1,1
monthly_state_ungated,2912,2023-01-20,2023-02-06,-0.0383797057844887,2023,2022-12-31,native_mse,20260911,0.009824735187562814,,1,0
monthly_state_ungated,2917,2023-02-03,2023-02-13,-0.0012061903149008,2023,2022-12-31,native_mse,20260911,0.001758336799202022,,1,0
monthly_state_ungated,2922,2023-02-10,2023-02-20,-0.0143746584432821,2023,2022-12-31,native_mse,20260911,-0.004455423490420713,,0,0
monthly_state_ungated,2927,2023-02-17,2023-02-27,0.0001237636016198,2023,2022-12-31,native_mse,20260911,-0.004320463721841919,,0,1
monthly_state_ungated,2932,2023-02-24,2023-03-06,0.0224454641303217,2023,2022-12-31,native_mse,20260911,0.007109894584169036,,1,1
monthly_state_ungated,2937,2023-03-03,2023-03-13,-0.0407900947678007,2023,2022-12-31,native_mse,20260911,0.012121075090535267,,1,0
monthly_state_ungated,2942,2023-03-10,2023-03-20,5.0471402903706775e-06,2023,2022-12-31,native_mse,20260911,-0.0015684618293498606,,0,1
monthly_state_ungated,2947,2023-03-17,2023-03-27,0.015302852124583,2023,2022-12-31,native_mse,20260911,-0.00455123687690783,,0,1
monthly_state_ungated,2952,2023-03-24,2023-04-03,0.0090274153058433,2023,2022-12-31,native_mse,20260911,-0.0032713642765306557,,0,1
monthly_state_ungated,2957,2023-03-31,2023-04-10,0.0178317182396383,2023,2022-12-31,native_mse,20260911,0.009972413917103892,,1,1
monthly_state_ungated,2961,2023-04-07,2023-04-17,-0.0101500238382772,2023,2022-12-31,native_mse,20260911,0.007806808930188104,,1,0
monthly_state_ungated,2966,2023-04-14,2023-04-24,-0.014368947230732,2023,2022-12-31,native_mse,20260911,0.007226249329863683,,1,0
monthly_state_ungated,2971,2023-04-21,2023-05-04,-0.0044228908788729,2023,2022-12-31,native_mse,20260911,-0.0024232716039148286,,0,0
monthly_state_ungated,2976,2023-04-28,2023-05-10,0.0036477163153083,2023,2022-12-31,native_mse,20260911,-0.003907239624967295,,0,1
monthly_state_ungated,2978,2023-05-05,2023-05-15,-0.0221642407977935,2023,2022-12-31,native_mse,20260911,-0.0031947009428460477,,0,0
monthly_state_ungated,2983,2023-05-12,2023-05-22,0.0005509250208819,2023,2022-12-31,native_mse,20260911,0.003981441571850173,,1,1
monthly_state_ungated,2988,2023-05-19,2023-05-29,-0.0200253742704897,2023,2022-12-31,native_mse,20260911,0.01107004322684732,,1,0
monthly_state_ungated,2993,2023-05-26,2023-06-05,-0.0003935703040848,2023,2022-12-31,native_mse,20260911,0.004560043069480671,,1,0
monthly_state_ungated,2998,2023-06-02,2023-06-12,-0.0086075595250429,2023,2022-12-31,native_mse,20260911,-0.0048559678058000275,,0,0
monthly_state_ungated,3003,2023-06-09,2023-06-19,0.0338878539347273,2023,2022-12-31,native_mse,20260911,-0.0042897134995229635,,0,1
monthly_state_ungated,3008,2023-06-16,2023-07-03,-0.026216632171098,2023,2022-12-31,native_mse,20260911,-0.004761761648113702,,0,0
monthly_state_ungated,3016,2023-06-30,2023-07-10,-0.0030441518806006,2023,2022-12-31,native_mse,20260911,0.001449000541630631,,1,0
monthly_state_ungated,3021,2023-07-07,2023-07-17,0.0104280552692135,2023,2022-12-31,native_mse,20260911,-0.005015012063383114,,0,1
monthly_state_ungated,3026,2023-07-14,2023-07-24,-0.0201642613135752,2023,2022-12-31,native_mse,20260911,-0.002212730290267345,,0,0
monthly_state_ungated,3031,2023-07-21,2023-07-31,0.0566710925894278,2023,2022-12-31,native_mse,20260911,-0.005112763962830667,,0,1
monthly_state_ungated,3036,2023-07-28,2023-08-07,-0.0039612927947766,2023,2022-12-31,native_mse,20260911,-0.0052814272148835025,,0,0
monthly_state_ungated,3041,2023-08-04,2023-08-14,-0.0404899362223548,2023,2022-12-31,native_mse,20260911,-0.004618211999064367,,0,0
monthly_state_ungated,3046,2023-08-11,2023-08-21,-0.0176157088591445,2023,2022-12-31,native_mse,20260911,0.009053312378542757,,1,0
monthly_state_ungated,3051,2023-08-18,2023-08-28,0.0366582477081969,2023,2022-12-31,native_mse,20260911,0.004561021250172811,,1,1
monthly_state_ungated,3056,2023-08-25,2023-09-04,-0.025197172476384,2023,2022-12-31,native_mse,20260911,-0.0025275908526821967,,0,0
monthly_state_ungated,3061,2023-09-01,2023-09-11,-0.0189903461587886,2023,2022-12-31,native_mse,20260911,-0.0049631793698849645,,0,0
monthly_state_ungated,3066,2023-09-08,2023-09-18,-0.0111346368744954,2023,2022-12-31,native_mse,20260911,0.00680202581529956,,1,0
monthly_state_ungated,3071,2023-09-15,2023-09-25,0.0105787349314532,2023,2022-12-31,native_mse,20260911,0.008596091481564963,,1,1
monthly_state_ungated,3076,2023-09-22,2023-10-16,-0.0198017153282719,2023,2022-12-31,native_mse,20260911,-0.0031471179155324424,,0,0
monthly_state_ungated,3085,2023-10-13,2023-10-23,-0.0447156690429144,2023,2022-12-31,native_mse,20260911,-0.004148291730857776,,0,0
monthly_state_ungated,3090,2023-10-20,2023-10-30,0.0154019770298841,2023,2022-12-31,native_mse,20260911,-0.005712800982170543,,0,1
monthly_state_ungated,3095,2023-10-27,2023-11-06,0.0152527637017425,2023,2022-12-31,native_mse,20260911,-0.0033253387808900993,,0,1
monthly_state_ungated,3100,2023-11-03,2023-11-13,-0.0039935482440582,2023,2022-12-31,native_mse,20260911,-0.0006739370262628165,,0,0
monthly_state_ungated,3105,2023-11-10,2023-11-20,-0.0067280482816765,2023,2022-12-31,native_mse,20260911,-0.004003258050664914,,0,0
monthly_state_ungated,3110,2023-11-17,2023-11-27,-0.0098859017348651,2023,2022-12-31,native_mse,20260911,-0.003231557067429336,,0,0
monthly_state_ungated,3115,2023-11-24,2023-12-04,-0.0151084754586299,2023,2022-12-31,native_mse,20260911,-0.003968465813336381,,0,0
monthly_state_ungated,3120,2023-12-01,2023-12-11,-0.0295859857973478,2023,2022-12-31,native_mse,20260911,-0.004170192617569334,,0,0
monthly_state_ungated,3125,2023-12-08,2023-12-18,-0.0144639658974852,2023,2022-12-31,native_mse,20260911,-0.004708072283208354,,0,0
monthly_state_ungated,3130,2023-12-15,2023-12-25,0.0003424256350643,2023,2022-12-31,native_mse,20260911,-0.005014383450601872,,0,1
monthly_state_ungated,3135,2023-12-22,2024-01-02,0.0288079559683274,2023,2022-12-31,native_mse,20260911,-0.005140476035149425,,0,1
monthly_state_ungated,3140,2023-12-29,2024-01-08,-0.0302544749829989,2023,2022-12-31,native_mse,20260911,-0.0034098597743402285,,0,0
monthly_state_ungated,2902,2023-01-06,2023-01-16,0.0198447929614133,2023,2022-12-31,native_mse,20260912,0.0004281627694943007,,1,1
monthly_state_ungated,2907,2023-01-13,2023-01-30,0.0465290788350809,2023,2022-12-31,native_mse,20260912,4.2102919401855305e-05,,1,1
monthly_state_ungated,2912,2023-01-20,2023-02-06,-0.0383797057844887,2023,2022-12-31,native_mse,20260912,0.0010967633118809882,,1,0
monthly_state_ungated,2917,2023-02-03,2023-02-13,-0.0012061903149008,2023,2022-12-31,native_mse,20260912,0.0008747039967658528,,1,0
monthly_state_ungated,2922,2023-02-10,2023-02-20,-0.0143746584432821,2023,2022-12-31,native_mse,20260912,0.0001818132935792269,,1,0
monthly_state_ungated,2927,2023-02-17,2023-02-27,0.0001237636016198,2023,2022-12-31,native_mse,20260912,0.00010126624081480557,,1,1
monthly_state_ungated,2932,2023-02-24,2023-03-06,0.0224454641303217,2023,2022-12-31,native_mse,20260912,0.000782385799644381,,1,1
monthly_state_ungated,2937,2023-03-03,2023-03-13,-0.0407900947678007,2023,2022-12-31,native_mse,20260912,0.00040350503591383166,,1,0
monthly_state_ungated,2942,2023-03-10,2023-03-20,5.0471402903706775e-06,2023,2022-12-31,native_mse,20260912,0.00023517524465769396,,1,1
monthly_state_ungated,2947,2023-03-17,2023-03-27,0.015302852124583,2023,2022-12-31,native_mse,20260912,-0.0005550490015326846,,0,1
monthly_state_ungated,2952,2023-03-24,2023-04-03,0.0090274153058433,2023,2022-12-31,native_mse,20260912,0.0004555071806066471,,1,1
monthly_state_ungated,2957,2023-03-31,2023-04-10,0.0178317182396383,2023,2022-12-31,native_mse,20260912,0.0006137448037054246,,1,1
monthly_state_ungated,2961,2023-04-07,2023-04-17,-0.0101500238382772,2023,2022-12-31,native_mse,20260912,0.0007714668086940345,,1,0
monthly_state_ungated,2966,2023-04-14,2023-04-24,-0.014368947230732,2023,2022-12-31,native_mse,20260912,0.0006120128536014287,,1,0
monthly_state_ungated,2971,2023-04-21,2023-05-04,-0.0044228908788729,2023,2022-12-31,native_mse,20260912,0.0004168718728952876,,1,0
monthly_state_ungated,2976,2023-04-28,2023-05-10,0.0036477163153083,2023,2022-12-31,native_mse,20260912,0.0007975995131662927,,1,1
monthly_state_ungated,2978,2023-05-05,2023-05-15,-0.0221642407977935,2023,2022-12-31,native_mse,20260912,3.748499343571029e-05,,1,0
monthly_state_ungated,2983,2023-05-12,2023-05-22,0.0005509250208819,2023,2022-12-31,native_mse,20260912,0.00013564688457888487,,1,1
monthly_state_ungated,2988,2023-05-19,2023-05-29,-0.0200253742704897,2023,2022-12-31,native_mse,20260912,0.0006049797039520234,,1,0
monthly_state_ungated,2993,2023-05-26,2023-06-05,-0.0003935703040848,2023,2022-12-31,native_mse,20260912,5.080512794837295e-05,,1,0
monthly_state_ungated,2998,2023-06-02,2023-06-12,-0.0086075595250429,2023,2022-12-31,native_mse,20260912,-0.0003527596454530836,,0,0
monthly_state_ungated,3003,2023-06-09,2023-06-19,0.0338878539347273,2023,2022-12-31,native_mse,20260912,-0.0004629538008774116,,0,1
monthly_state_ungated,3008,2023-06-16,2023-07-03,-0.026216632171098,2023,2022-12-31,native_mse,20260912,-0.0003413110242915335,,0,0
monthly_state_ungated,3016,2023-06-30,2023-07-10,-0.0030441518806006,2023,2022-12-31,native_mse,20260912,0.0003431408638381007,,1,0
monthly_state_ungated,3021,2023-07-07,2023-07-17,0.0104280552692135,2023,2022-12-31,native_mse,20260912,0.000814771057302496,,1,1
monthly_state_ungated,3026,2023-07-14,2023-07-24,-0.0201642613135752,2023,2022-12-31,native_mse,20260912,0.0006501402430561996,,1,0
monthly_state_ungated,3031,2023-07-21,2023-07-31,0.0566710925894278,2023,2022-12-31,native_mse,20260912,2.5045124957704355e-05,,1,1
monthly_state_ungated,3036,2023-07-28,2023-08-07,-0.0039612927947766,2023,2022-12-31,native_mse,20260912,0.00047471401642830695,,1,0
monthly_state_ungated,3041,2023-08-04,2023-08-14,-0.0404899362223548,2023,2022-12-31,native_mse,20260912,0.0008553072765691807,,1,0
monthly_state_ungated,3046,2023-08-11,2023-08-21,-0.0176157088591445,2023,2022-12-31,native_mse,20260912,0.0015027086256146451,,1,0
monthly_state_ungated,3051,2023-08-18,2023-08-28,0.0366582477081969,2023,2022-12-31,native_mse,20260912,0.0006099353623650846,,1,1
monthly_state_ungated,3056,2023-08-25,2023-09-04,-0.025197172476384,2023,2022-12-31,native_mse,20260912,0.00044421971221099443,,1,0
monthly_state_ungated,3061,2023-09-01,2023-09-11,-0.0189903461587886,2023,2022-12-31,native_mse,20260912,-0.0002025361551160587,,0,0
monthly_state_ungated,3066,2023-09-08,2023-09-18,-0.0111346368744954,2023,2022-12-31,native_mse,20260912,0.00041052847232038274,,1,0
monthly_state_ungated,3071,2023-09-15,2023-09-25,0.0105787349314532,2023,2022-12-31,native_mse,20260912,0.0001624781603077036,,1,1
monthly_state_ungated,3076,2023-09-22,2023-10-16,-0.0198017153282719,2023,2022-12-31,native_mse,20260912,-2.0047557486308507e-05,,0,0
monthly_state_ungated,3085,2023-10-13,2023-10-23,-0.0447156690429144,2023,2022-12-31,native_mse,20260912,-7.666747850147154e-05,,0,0
monthly_state_ungated,3090,2023-10-20,2023-10-30,0.0154019770298841,2023,2022-12-31,native_mse,20260912,0.00029732197364893017,,1,1
monthly_state_ungated,3095,2023-10-27,2023-11-06,0.0152527637017425,2023,2022-12-31,native_mse,20260912,0.0012245039371740986,,1,1
monthly_state_ungated,3100,2023-11-03,2023-11-13,-0.0039935482440582,2023,2022-12-31,native_mse,20260912,0.00041856415378897153,,1,0
monthly_state_ungated,3105,2023-11-10,2023-11-20,-0.0067280482816765,2023,2022-12-31,native_mse,20260912,0.00022000524072862617,,1,0
monthly_state_ungated,3110,2023-11-17,2023-11-27,-0.0098859017348651,2023,2022-12-31,native_mse,20260912,-0.00011003873914113989,,0,0
monthly_state_ungated,3115,2023-11-24,2023-12-04,-0.0151084754586299,2023,2022-12-31,native_mse,20260912,0.0006004861455855604,,1,0
monthly_state_ungated,3120,2023-12-01,2023-12-11,-0.0295859857973478,2023,2022-12-31,native_mse,20260912,9.164477722239853e-05,,1,0
monthly_state_ungated,3125,2023-12-08,2023-12-18,-0.0144639658974852,2023,2022-12-31,native_mse,20260912,0.0003716320497864135,,1,0
monthly_state_ungated,3130,2023-12-15,2023-12-25,0.0003424256350643,2023,2022-12-31,native_mse,20260912,0.0007186720416179463,,1,1
monthly_state_ungated,3135,2023-12-22,2024-01-02,0.0288079559683274,2023,2022-12-31,native_mse,20260912,0.00031752353260434155,,1,1
monthly_state_ungated,3140,2023-12-29,2024-01-08,-0.0302544749829989,2023,2022-12-31,native_mse,20260912,-5.293223214677527e-06,,0,0
monthly_state_ungated,3144,2024-01-05,2024-01-15,-0.0158038409563566,2024,2023-12-31,native_mse,20260910,0.000251131835275678,,1,0
monthly_state_ungated,3149,2024-01-12,2024-01-22,-0.002333261979756,2024,2023-12-31,native_mse,20260910,0.0007362057214049004,,1,0
monthly_state_ungated,3154,2024-01-19,2024-01-29,0.0223511633823452,2024,2023-12-31,native_mse,20260910,-0.00023540604600351487,,0,1
monthly_state_ungated,3159,2024-01-26,2024-02-05,-0.0513103415192826,2024,2023-12-31,native_mse,20260910,-0.001531436704987099,,0,0
monthly_state_ungated,3164,2024-02-02,2024-02-26,0.1015374891364462,2024,2023-12-31,native_mse,20260910,0.004796229141878599,,1,1
monthly_state_ungated,3173,2024-02-23,2024-03-04,0.0151569053862528,2024,2023-12-31,native_mse,20260910,0.005981439448417525,,1,1
monthly_state_ungated,3178,2024-03-01,2024-03-11,0.0021394031715169,2024,2023-12-31,native_mse,20260910,0.002923079585146593,,1,1
monthly_state_ungated,3183,2024-03-08,2024-03-18,0.0087762342284414,2024,2023-12-31,native_mse,20260910,0.004534858645957669,,1,1
monthly_state_ungated,3188,2024-03-15,2024-03-25,-0.0112802133595746,2024,2023-12-31,native_mse,20260910,0.004141952477981538,,1,0
monthly_state_ungated,3193,2024-03-22,2024-04-01,0.0042044725182444,2024,2023-12-31,native_mse,20260910,0.0018727898596620025,,1,1
monthly_state_ungated,3198,2024-03-29,2024-04-15,-0.0219845815102011,2024,2023-12-31,native_mse,20260910,0.0003645787473085561,,1,0
monthly_state_ungated,3206,2024-04-12,2024-04-22,0.018045199366633,2024,2023-12-31,native_mse,20260910,-0.00021832918624461518,,0,1
monthly_state_ungated,3211,2024-04-19,2024-04-29,0.0136757744232476,2024,2023-12-31,native_mse,20260910,0.0005323002819172812,,1,1
monthly_state_ungated,3216,2024-04-26,2024-05-13,0.0172434956786644,2024,2023-12-31,native_mse,20260910,-0.00014728683736751251,,0,1
monthly_state_ungated,3223,2024-05-10,2024-05-20,0.0097933549988344,2024,2023-12-31,native_mse,20260910,0.0004133340837300701,,1,1
monthly_state_ungated,3228,2024-05-17,2024-05-27,-0.0204803832637164,2024,2023-12-31,native_mse,20260910,0.0036262081384896457,,1,0
monthly_state_ungated,3233,2024-05-24,2024-06-03,-0.0081155643048258,2024,2023-12-31,native_mse,20260910,0.0049904247327292855,,1,0
monthly_state_ungated,3238,2024-05-31,2024-06-11,-0.0060267570121149,2024,2023-12-31,native_mse,20260910,0.0040244113389711345,,1,0
monthly_state_ungated,3243,2024-06-07,2024-06-17,-0.0096686558937179,2024,2023-12-31,native_mse,20260910,0.008609928356971403,,1,0
monthly_state_ungated,3247,2024-06-14,2024-06-24,-0.013573992457631,2024,2023-12-31,native_mse,20260910,0.008961501129694911,,1,0
monthly_state_ungated,3252,2024-06-21,2024-07-01,-0.004427632109257,2024,2023-12-31,native_mse,20260910,0.0009177608055072099,,1,0
monthly_state_ungated,3257,2024-06-28,2024-07-08,-0.0108320369203009,2024,2023-12-31,native_mse,20260910,0.0030020981914033497,,1,0
monthly_state_ungated,3262,2024-07-05,2024-07-15,0.0122222871842843,2024,2023-12-31,native_mse,20260910,0.00336049012064386,,1,1
monthly_state_ungated,3267,2024-07-12,2024-07-22,0.0218881133018156,2024,2023-12-31,native_mse,20260910,-0.0006421845267103974,,0,1
monthly_state_ungated,3272,2024-07-19,2024-07-29,-0.0378787022382998,2024,2023-12-31,native_mse,20260910,0.0004540341648428114,,1,0
monthly_state_ungated,3277,2024-07-26,2024-08-05,-0.0124134568216732,2024,2023-12-31,native_mse,20260910,0.0013231998081271626,,1,0
monthly_state_ungated,3282,2024-08-02,2024-08-12,-0.0102762848330364,2024,2023-12-31,native_mse,20260910,0.001303372172405589,,1,0
monthly_state_ungated,3287,2024-08-09,2024-08-19,0.0050186923751938,2024,2023-12-31,native_mse,20260910,0.00011119162293128984,,1,1
monthly_state_ungated,3292,2024-08-16,2024-08-26,-0.0040487282687352,2024,2023-12-31,native_mse,20260910,0.0014903087569155989,,1,0
monthly_state_ungated,3297,2024-08-23,2024-09-02,-0.0069594562136714,2024,2023-12-31,native_mse,20260910,-0.0030751570665977007,,0,0
monthly_state_ungated,3302,2024-08-30,2024-09-09,-0.0280389655151561,2024,2023-12-31,native_mse,20260910,-0.003508085985855703,,0,0
monthly_state_ungated,3307,2024-09-06,2024-09-18,-0.0174132138857783,2024,2023-12-31,native_mse,20260910,-0.0025693655960970898,,0,0
monthly_state_ungated,3312,2024-09-13,2024-09-24,0.0133119329369826,2024,2023-12-31,native_mse,20260910,0.00017194356388446877,,1,1
monthly_state_ungated,3315,2024-09-20,2024-09-30,0.2017513988384409,2024,2023-12-31,native_mse,20260910,0.0007791555801138394,,1,1
monthly_state_ungated,3320,2024-09-27,2024-10-14,0.0178259004588408,2024,2023-12-31,native_mse,20260910,0.0007616530796663938,,1,1
monthly_state_ungated,3325,2024-10-11,2024-10-21,0.0080914993282625,2024,2023-12-31,native_mse,20260910,-0.0026429925872939004,,0,1
monthly_state_ungated,3330,2024-10-18,2024-10-28,0.0015733867085561,2024,2023-12-31,native_mse,20260910,-0.004083051697418182,,0,1
monthly_state_ungated,3335,2024-10-25,2024-11-04,-0.0140142824257356,2024,2023-12-31,native_mse,20260910,-0.003618447449131282,,0,0
monthly_state_ungated,3340,2024-11-01,2024-11-11,0.0434152361258277,2024,2023-12-31,native_mse,20260910,-0.0042863223001300965,,0,1
monthly_state_ungated,3345,2024-11-08,2024-11-18,-0.0208584853931589,2024,2023-12-31,native_mse,20260910,-0.0028591792362593097,,0,0
monthly_state_ungated,3350,2024-11-15,2024-11-25,-0.0267421712161923,2024,2023-12-31,native_mse,20260910,-0.0017028092388012967,,0,0
monthly_state_ungated,3355,2024-11-22,2024-12-02,0.0087960346887328,2024,2023-12-31,native_mse,20260910,-0.0009456406767515755,,0,1
monthly_state_ungated,3360,2024-11-29,2024-12-09,0.0155919891551781,2024,2023-12-31,native_mse,20260910,-0.0002599534945060551,,0,1
monthly_state_ungated,3365,2024-12-06,2024-12-16,-0.0100436703218104,2024,2023-12-31,native_mse,20260910,0.0007542474780432574,,1,0
monthly_state_ungated,3370,2024-12-13,2024-12-23,-0.0006690784017421,2024,2023-12-31,native_mse,20260910,-0.0007125951992407705,,0,0
monthly_state_ungated,3375,2024-12-20,2024-12-30,0.0123595076562756,2024,2023-12-31,native_mse,20260910,-0.0012475930255920083,,0,1
monthly_state_ungated,3380,2024-12-27,2025-01-06,-0.0504714964669198,2024,2023-12-31,native_mse,20260910,-0.00024548952899875387,,0,0
monthly_state_ungated,3144,2024-01-05,2024-01-15,-0.0158038409563566,2024,2023-12-31,training_frequency,-1,0.5024834437086093,0.5024834437086093,1,0
monthly_state_ungated,3149,2024-01-12,2024-01-22,-0.002333261979756,2024,2023-12-31,training_frequency,-1,0.5024834437086093,0.5024834437086093,1,0
monthly_state_ungated,3154,2024-01-19,2024-01-29,0.0223511633823452,2024,2023-12-31,training_frequency,-1,0.5024834437086093,0.5024834437086093,1,1
monthly_state_ungated,3159,2024-01-26,2024-02-05,-0.0513103415192826,2024,2023-12-31,training_frequency,-1,0.5024834437086093,0.5024834437086093,1,0
monthly_state_ungated,3164,2024-02-02,2024-02-26,0.1015374891364462,2024,2023-12-31,training_frequency,-1,0.5024834437086093,0.5024834437086093,1,1
monthly_state_ungated,3173,2024-02-23,2024-03-04,0.0151569053862528,2024,2023-12-31,training_frequency,-1,0.5024834437086093,0.5024834437086093,1,1
monthly_state_ungated,3178,2024-03-01,2024-03-11,0.0021394031715169,2024,2023-12-31,training_frequency,-1,0.5024834437086093,0.5024834437086093,1,1
monthly_state_ungated,3183,2024-03-08,2024-03-18,0.0087762342284414,2024,2023-12-31,training_frequency,-1,0.5024834437086093,0.5024834437086093,1,1
monthly_state_ungated,3188,2024-03-15,2024-03-25,-0.0112802133595746,2024,2023-12-31,training_frequency,-1,0.5024834437086093,0.5024834437086093,1,0
monthly_state_ungated,3193,2024-03-22,2024-04-01,0.0042044725182444,2024,2023-12-31,training_frequency,-1,0.5024834437086093,0.5024834437086093,1,1
monthly_state_ungated,3198,2024-03-29,2024-04-15,-0.0219845815102011,2024,2023-12-31,training_frequency,-1,0.5024834437086093,0.5024834437086093,1,0
monthly_state_ungated,3206,2024-04-12,2024-04-22,0.018045199366633,2024,2023-12-31,training_frequency,-1,0.5024834437086093,0.5024834437086093,1,1
monthly_state_ungated,3211,2024-04-19,2024-04-29,0.0136757744232476,2024,2023-12-31,training_frequency,-1,0.5024834437086093,0.5024834437086093,1,1
monthly_state_ungated,3216,2024-04-26,2024-05-13,0.0172434956786644,2024,2023-12-31,training_frequency,-1,0.5024834437086093,0.5024834437086093,1,1
monthly_state_ungated,3223,2024-05-10,2024-05-20,0.0097933549988344,2024,2023-12-31,training_frequency,-1,0.5024834437086093,0.5024834437086093,1,1
monthly_state_ungated,3228,2024-05-17,2024-05-27,-0.0204803832637164,2024,2023-12-31,training_frequency,-1,0.5024834437086093,0.5024834437086093,1,0
monthly_state_ungated,3233,2024-05-24,2024-06-03,-0.0081155643048258,2024,2023-12-31,training_frequency,-1,0.5024834437086093,0.5024834437086093,1,0
monthly_state_ungated,3238,2024-05-31,2024-06-11,-0.0060267570121149,2024,2023-12-31,training_frequency,-1,0.5024834437086093,0.5024834437086093,1,0
monthly_state_ungated,3243,2024-06-07,2024-06-17,-0.0096686558937179,2024,2023-12-31,training_frequency,-1,0.5024834437086093,0.5024834437086093,1,0
monthly_state_ungated,3247,2024-06-14,2024-06-24,-0.013573992457631,2024,2023-12-31,training_frequency,-1,0.5024834437086093,0.5024834437086093,1,0
monthly_state_ungated,3252,2024-06-21,2024-07-01,-0.004427632109257,2024,2023-12-31,training_frequency,-1,0.5024834437086093,0.5024834437086093,1,0
monthly_state_ungated,3257,2024-06-28,2024-07-08,-0.0108320369203009,2024,2023-12-31,training_frequency,-1,0.5024834437086093,0.5024834437086093,1,0
monthly_state_ungated,3262,2024-07-05,2024-07-15,0.0122222871842843,2024,2023-12-31,training_frequency,-1,0.5024834437086093,0.5024834437086093,1,1
monthly_state_ungated,3267,2024-07-12,2024-07-22,0.0218881133018156,2024,2023-12-31,training_frequency,-1,0.5024834437086093,0.5024834437086093,1,1
monthly_state_ungated,3272,2024-07-19,2024-07-29,-0.0378787022382998,2024,2023-12-31,training_frequency,-1,0.5024834437086093,0.5024834437086093,1,0
monthly_state_ungated,3277,2024-07-26,2024-08-05,-0.0124134568216732,2024,2023-12-31,training_frequency,-1,0.5024834437086093,0.5024834437086093,1,0
monthly_state_ungated,3282,2024-08-02,2024-08-12,-0.0102762848330364,2024,2023-12-31,training_frequency,-1,0.5024834437086093,0.5024834437086093,1,0
monthly_state_ungated,3287,2024-08-09,2024-08-19,0.0050186923751938,2024,2023-12-31,training_frequency,-1,0.5024834437086093,0.5024834437086093,1,1
monthly_state_ungated,3292,2024-08-16,2024-08-26,-0.0040487282687352,2024,2023-12-31,training_frequency,-1,0.5024834437086093,0.5024834437086093,1,0
monthly_state_ungated,3297,2024-08-23,2024-09-02,-0.0069594562136714,2024,2023-12-31,training_frequency,-1,0.5024834437086093,0.5024834437086093,1,0
monthly_state_ungated,3302,2024-08-30,2024-09-09,-0.0280389655151561,2024,2023-12-31,training_frequency,-1,0.5024834437086093,0.5024834437086093,1,0
monthly_state_ungated,3307,2024-09-06,2024-09-18,-0.0174132138857783,2024,2023-12-31,training_frequency,-1,0.5024834437086093,0.5024834437086093,1,0
monthly_state_ungated,3312,2024-09-13,2024-09-24,0.0133119329369826,2024,2023-12-31,training_frequency,-1,0.5024834437086093,0.5024834437086093,1,1
monthly_state_ungated,3315,2024-09-20,2024-09-30,0.2017513988384409,2024,2023-12-31,training_frequency,-1,0.5024834437086093,0.5024834437086093,1,1
monthly_state_ungated,3320,2024-09-27,2024-10-14,0.0178259004588408,2024,2023-12-31,training_frequency,-1,0.5024834437086093,0.5024834437086093,1,1
monthly_state_ungated,3325,2024-10-11,2024-10-21,0.0080914993282625,2024,2023-12-31,training_frequency,-1,0.5024834437086093,0.5024834437086093,1,1
monthly_state_ungated,3330,2024-10-18,2024-10-28,0.0015733867085561,2024,2023-12-31,training_frequency,-1,0.5024834437086093,0.5024834437086093,1,1
monthly_state_ungated,3335,2024-10-25,2024-11-04,-0.0140142824257356,2024,2023-12-31,training_frequency,-1,0.5024834437086093,0.5024834437086093,1,0
monthly_state_ungated,3340,2024-11-01,2024-11-11,0.0434152361258277,2024,2023-12-31,training_frequency,-1,0.5024834437086093,0.5024834437086093,1,1
monthly_state_ungated,3345,2024-11-08,2024-11-18,-0.0208584853931589,2024,2023-12-31,training_frequency,-1,0.5024834437086093,0.5024834437086093,1,0
monthly_state_ungated,3350,2024-11-15,2024-11-25,-0.0267421712161923,2024,2023-12-31,training_frequency,-1,0.5024834437086093,0.5024834437086093,1,0
monthly_state_ungated,3355,2024-11-22,2024-12-02,0.0087960346887328,2024,2023-12-31,training_frequency,-1,0.5024834437086093,0.5024834437086093,1,1
monthly_state_ungated,3360,2024-11-29,2024-12-09,0.0155919891551781,2024,2023-12-31,training_frequency,-1,0.5024834437086093,0.5024834437086093,1,1
monthly_state_ungated,3365,2024-12-06,2024-12-16,-0.0100436703218104,2024,2023-12-31,training_frequency,-1,0.5024834437086093,0.5024834437086093,1,0
monthly_state_ungated,3370,2024-12-13,2024-12-23,-0.0006690784017421,2024,2023-12-31,training_frequency,-1,0.5024834437086093,0.5024834437086093,1,0
monthly_state_ungated,3375,2024-12-20,2024-12-30,0.0123595076562756,2024,2023-12-31,training_frequency,-1,0.5024834437086093,0.5024834437086093,1,1
monthly_state_ungated,3380,2024-12-27,2025-01-06,-0.0504714964669198,2024,2023-12-31,training_frequency,-1,0.5024834437086093,0.5024834437086093,1,0
monthly_state_ungated,3144,2024-01-05,2024-01-15,-0.0158038409563566,2024,2023-12-31,native_mse,20260911,0.006524465736805172,,1,0
monthly_state_ungated,3149,2024-01-12,2024-01-22,-0.002333261979756,2024,2023-12-31,native_mse,20260911,0.008213225375018137,,1,0
monthly_state_ungated,3154,2024-01-19,2024-01-29,0.0223511633823452,2024,2023-12-31,native_mse,20260911,0.009988969845384454,,1,1
monthly_state_ungated,3159,2024-01-26,2024-02-05,-0.0513103415192826,2024,2023-12-31,native_mse,20260911,0.007709942184731473,,1,0
monthly_state_ungated,3164,2024-02-02,2024-02-26,0.1015374891364462,2024,2023-12-31,native_mse,20260911,0.006449485928463916,,1,1
monthly_state_ungated,3173,2024-02-23,2024-03-04,0.0151569053862528,2024,2023-12-31,native_mse,20260911,0.010256530380527457,,1,1
monthly_state_ungated,3178,2024-03-01,2024-03-11,0.0021394031715169,2024,2023-12-31,native_mse,20260911,0.00705766649461919,,1,1
monthly_state_ungated,3183,2024-03-08,2024-03-18,0.0087762342284414,2024,2023-12-31,native_mse,20260911,0.008632918878357794,,1,1
monthly_state_ungated,3188,2024-03-15,2024-03-25,-0.0112802133595746,2024,2023-12-31,native_mse,20260911,0.004101422624994645,,1,0
monthly_state_ungated,3193,2024-03-22,2024-04-01,0.0042044725182444,2024,2023-12-31,native_mse,20260911,0.0049895841353934664,,1,1
monthly_state_ungated,3198,2024-03-29,2024-04-15,-0.0219845815102011,2024,2023-12-31,native_mse,20260911,0.0016010611409444046,,1,0
monthly_state_ungated,3206,2024-04-12,2024-04-22,0.018045199366633,2024,2023-12-31,native_mse,20260911,0.001857502186560773,,1,1
monthly_state_ungated,3211,2024-04-19,2024-04-29,0.0136757744232476,2024,2023-12-31,native_mse,20260911,0.009651811290201222,,1,1
monthly_state_ungated,3216,2024-04-26,2024-05-13,0.0172434956786644,2024,2023-12-31,native_mse,20260911,0.005960111287081512,,1,1
monthly_state_ungated,3223,2024-05-10,2024-05-20,0.0097933549988344,2024,2023-12-31,native_mse,20260911,-0.004933376296222066,,0,1
monthly_state_ungated,3228,2024-05-17,2024-05-27,-0.0204803832637164,2024,2023-12-31,native_mse,20260911,-0.003099362011607103,,0,0
monthly_state_ungated,3233,2024-05-24,2024-06-03,-0.0081155643048258,2024,2023-12-31,native_mse,20260911,-0.0038744398417857777,,0,0
monthly_state_ungated,3238,2024-05-31,2024-06-11,-0.0060267570121149,2024,2023-12-31,native_mse,20260911,-0.0020292253039693184,,0,0
monthly_state_ungated,3243,2024-06-07,2024-06-17,-0.0096686558937179,2024,2023-12-31,native_mse,20260911,5.7354393489387904e-05,,1,0
monthly_state_ungated,3247,2024-06-14,2024-06-24,-0.013573992457631,2024,2023-12-31,native_mse,20260911,0.0016373878025280563,,1,0
monthly_state_ungated,3252,2024-06-21,2024-07-01,-0.004427632109257,2024,2023-12-31,native_mse,20260911,0.0027588932782398315,,1,0
monthly_state_ungated,3257,2024-06-28,2024-07-08,-0.0108320369203009,2024,2023-12-31,native_mse,20260911,0.0032470747873102144,,1,0
monthly_state_ungated,3262,2024-07-05,2024-07-15,0.0122222871842843,2024,2023-12-31,native_mse,20260911,0.002652089101692747,,1,1
monthly_state_ungated,3267,2024-07-12,2024-07-22,0.0218881133018156,2024,2023-12-31,native_mse,20260911,0.004450330503533944,,1,1
monthly_state_ungated,3272,2024-07-19,2024-07-29,-0.0378787022382998,2024,2023-12-31,native_mse,20260911,-0.0012744559041647184,,0,0
monthly_state_ungated,3277,2024-07-26,2024-08-05,-0.0124134568216732,2024,2023-12-31,native_mse,20260911,-0.001291795834448832,,0,0
monthly_state_ungated,3282,2024-08-02,2024-08-12,-0.0102762848330364,2024,2023-12-31,native_mse,20260911,-0.002458562952290899,,0,0
monthly_state_ungated,3287,2024-08-09,2024-08-19,0.0050186923751938,2024,2023-12-31,native_mse,20260911,-0.0009352769264030156,,0,1
monthly_state_ungated,3292,2024-08-16,2024-08-26,-0.0040487282687352,2024,2023-12-31,native_mse,20260911,-0.0034014636043486098,,0,0
monthly_state_ungated,3297,2024-08-23,2024-09-02,-0.0069594562136714,2024,2023-12-31,native_mse,20260911,-0.0018665564124188876,,0,0
monthly_state_ungated,3302,2024-08-30,2024-09-09,-0.0280389655151561,2024,2023-12-31,native_mse,20260911,2.766314850337684e-05,,1,0
monthly_state_ungated,3307,2024-09-06,2024-09-18,-0.0174132138857783,2024,2023-12-31,native_mse,20260911,0.0015093996928045017,,1,0
monthly_state_ungated,3312,2024-09-13,2024-09-24,0.0133119329369826,2024,2023-12-31,native_mse,20260911,0.005047902673988417,,1,1
monthly_state_ungated,3315,2024-09-20,2024-09-30,0.2017513988384409,2024,2023-12-31,native_mse,20260911,0.006841795120835749,,1,1
monthly_state_ungated,3320,2024-09-27,2024-10-14,0.0178259004588408,2024,2023-12-31,native_mse,20260911,0.011643607701046107,,1,1
monthly_state_ungated,3325,2024-10-11,2024-10-21,0.0080914993282625,2024,2023-12-31,native_mse,20260911,0.006958055096152153,,1,1
monthly_state_ungated,3330,2024-10-18,2024-10-28,0.0015733867085561,2024,2023-12-31,native_mse,20260911,0.0035488889473533555,,1,1
monthly_state_ungated,3335,2024-10-25,2024-11-04,-0.0140142824257356,2024,2023-12-31,native_mse,20260911,-0.004087166652715301,,0,0
monthly_state_ungated,3340,2024-11-01,2024-11-11,0.0434152361258277,2024,2023-12-31,native_mse,20260911,-0.008879815780234165,,0,1
monthly_state_ungated,3345,2024-11-08,2024-11-18,-0.0208584853931589,2024,2023-12-31,native_mse,20260911,-0.0016665405141504353,,0,0
monthly_state_ungated,3350,2024-11-15,2024-11-25,-0.0267421712161923,2024,2023-12-31,native_mse,20260911,-0.0014397200836903515,,0,0
monthly_state_ungated,3355,2024-11-22,2024-12-02,0.0087960346887328,2024,2023-12-31,native_mse,20260911,-0.00394305191034785,,0,1
monthly_state_ungated,3360,2024-11-29,2024-12-09,0.0155919891551781,2024,2023-12-31,native_mse,20260911,-0.003787046789689023,,0,1
monthly_state_ungated,3365,2024-12-06,2024-12-16,-0.0100436703218104,2024,2023-12-31,native_mse,20260911,-0.0013163950781598383,,0,0
monthly_state_ungated,3370,2024-12-13,2024-12-23,-0.0006690784017421,2024,2023-12-31,native_mse,20260911,-0.007731413237017607,,0,0
monthly_state_ungated,3375,2024-12-20,2024-12-30,0.0123595076562756,2024,2023-12-31,native_mse,20260911,-0.005503589541502588,,0,1
monthly_state_ungated,3380,2024-12-27,2025-01-06,-0.0504714964669198,2024,2023-12-31,native_mse,20260911,0.006049137218951889,,1,0
monthly_state_ungated,3144,2024-01-05,2024-01-15,-0.0158038409563566,2024,2023-12-31,native_mse,20260912,0.001652613648937757,,1,0
monthly_state_ungated,3149,2024-01-12,2024-01-22,-0.002333261979756,2024,2023-12-31,native_mse,20260912,0.0017566823014709063,,1,0
monthly_state_ungated,3154,2024-01-19,2024-01-29,0.0223511633823452,2024,2023-12-31,native_mse,20260912,0.0017349357863463528,,1,1
monthly_state_ungated,3159,2024-01-26,2024-02-05,-0.0513103415192826,2024,2023-12-31,native_mse,20260912,0.0017756045446650414,,1,0
monthly_state_ungated,3164,2024-02-02,2024-02-26,0.1015374891364462,2024,2023-12-31,native_mse,20260912,0.0017702651342618495,,1,1
monthly_state_ungated,3173,2024-02-23,2024-03-04,0.0151569053862528,2024,2023-12-31,native_mse,20260912,0.0018705013508167863,,1,1
monthly_state_ungated,3178,2024-03-01,2024-03-11,0.0021394031715169,2024,2023-12-31,native_mse,20260912,0.0020966839632058165,,1,1
monthly_state_ungated,3183,2024-03-08,2024-03-18,0.0087762342284414,2024,2023-12-31,native_mse,20260912,0.0021229030867072935,,1,1
monthly_state_ungated,3188,2024-03-15,2024-03-25,-0.0112802133595746,2024,2023-12-31,native_mse,20260912,0.002169492364912302,,1,0
monthly_state_ungated,3193,2024-03-22,2024-04-01,0.0042044725182444,2024,2023-12-31,native_mse,20260912,0.0021346683785466035,,1,1
monthly_state_ungated,3198,2024-03-29,2024-04-15,-0.0219845815102011,2024,2023-12-31,native_mse,20260912,0.001970104765042201,,1,0
monthly_state_ungated,3206,2024-04-12,2024-04-22,0.018045199366633,2024,2023-12-31,native_mse,20260912,0.0018950666103198662,,1,1
monthly_state_ungated,3211,2024-04-19,2024-04-29,0.0136757744232476,2024,2023-12-31,native_mse,20260912,0.0014826942470986316,,1,1
monthly_state_ungated,3216,2024-04-26,2024-05-13,0.0172434956786644,2024,2023-12-31,native_mse,20260912,0.0010502698704938512,,1,1
monthly_state_ungated,3223,2024-05-10,2024-05-20,0.0097933549988344,2024,2023-12-31,native_mse,20260912,0.0008603132721811119,,1,1
monthly_state_ungated,3228,2024-05-17,2024-05-27,-0.0204803832637164,2024,2023-12-31,native_mse,20260912,0.000598359363630433,,1,0
monthly_state_ungated,3233,2024-05-24,2024-06-03,-0.0081155643048258,2024,2023-12-31,native_mse,20260912,0.0005736014331172037,,1,0
monthly_state_ungated,3238,2024-05-31,2024-06-11,-0.0060267570121149,2024,2023-12-31,native_mse,20260912,0.0005483327414548749,,1,0
monthly_state_ungated,3243,2024-06-07,2024-06-17,-0.0096686558937179,2024,2023-12-31,native_mse,20260912,0.000585176229140396,,1,0
monthly_state_ungated,3247,2024-06-14,2024-06-24,-0.013573992457631,2024,2023-12-31,native_mse,20260912,0.000605835607878555,,1,0
monthly_state_ungated,3252,2024-06-21,2024-07-01,-0.004427632109257,2024,2023-12-31,native_mse,20260912,0.0006286050015987623,,1,0
monthly_state_ungated,3257,2024-06-28,2024-07-08,-0.0108320369203009,2024,2023-12-31,native_mse,20260912,0.00064228262166844,,1,0
monthly_state_ungated,3262,2024-07-05,2024-07-15,0.0122222871842843,2024,2023-12-31,native_mse,20260912,0.000721007461573622,,1,1
monthly_state_ungated,3267,2024-07-12,2024-07-22,0.0218881133018156,2024,2023-12-31,native_mse,20260912,0.000821435978076197,,1,1
monthly_state_ungated,3272,2024-07-19,2024-07-29,-0.0378787022382998,2024,2023-12-31,native_mse,20260912,0.0008418861287390497,,1,0
monthly_state_ungated,3277,2024-07-26,2024-08-05,-0.0124134568216732,2024,2023-12-31,native_mse,20260912,0.0012675510770958798,,1,0
monthly_state_ungated,3282,2024-08-02,2024-08-12,-0.0102762848330364,2024,2023-12-31,native_mse,20260912,0.0015249857513458085,,1,0
monthly_state_ungated,3287,2024-08-09,2024-08-19,0.0050186923751938,2024,2023-12-31,native_mse,20260912,0.0015779514189250905,,1,1
monthly_state_ungated,3292,2024-08-16,2024-08-26,-0.0040487282687352,2024,2023-12-31,native_mse,20260912,0.0013998325080271312,,1,0
monthly_state_ungated,3297,2024-08-23,2024-09-02,-0.0069594562136714,2024,2023-12-31,native_mse,20260912,0.0014255873683507452,,1,0
monthly_state_ungated,3302,2024-08-30,2024-09-09,-0.0280389655151561,2024,2023-12-31,native_mse,20260912,0.0015330401621674865,,1,0
monthly_state_ungated,3307,2024-09-06,2024-09-18,-0.0174132138857783,2024,2023-12-31,native_mse,20260912,0.0015627932338450265,,1,0
monthly_state_ungated,3312,2024-09-13,2024-09-24,0.0133119329369826,2024,2023-12-31,native_mse,20260912,0.0015103830852308555,,1,1
monthly_state_ungated,3315,2024-09-20,2024-09-30,0.2017513988384409,2024,2023-12-31,native_mse,20260912,0.0015343284400254939,,1,1
monthly_state_ungated,3320,2024-09-27,2024-10-14,0.0178259004588408,2024,2023-12-31,native_mse,20260912,0.0015725051425186597,,1,1
monthly_state_ungated,3325,2024-10-11,2024-10-21,0.0080914993282625,2024,2023-12-31,native_mse,20260912,0.0019394229622847915,,1,1
monthly_state_ungated,3330,2024-10-18,2024-10-28,0.0015733867085561,2024,2023-12-31,native_mse,20260912,0.0021210173726156634,,1,1
monthly_state_ungated,3335,2024-10-25,2024-11-04,-0.0140142824257356,2024,2023-12-31,native_mse,20260912,0.0021565584052961957,,1,0
monthly_state_ungated,3340,2024-11-01,2024-11-11,0.0434152361258277,2024,2023-12-31,native_mse,20260912,0.002066143931918221,,1,1
monthly_state_ungated,3345,2024-11-08,2024-11-18,-0.0208584853931589,2024,2023-12-31,native_mse,20260912,0.0019328021834634566,,1,0
monthly_state_ungated,3350,2024-11-15,2024-11-25,-0.0267421712161923,2024,2023-12-31,native_mse,20260912,0.0016078398644429398,,1,0
monthly_state_ungated,3355,2024-11-22,2024-12-02,0.0087960346887328,2024,2023-12-31,native_mse,20260912,0.0014387624930086427,,1,1
monthly_state_ungated,3360,2024-11-29,2024-12-09,0.0155919891551781,2024,2023-12-31,native_mse,20260912,0.001055672591838617,,1,1
monthly_state_ungated,3365,2024-12-06,2024-12-16,-0.0100436703218104,2024,2023-12-31,native_mse,20260912,0.0009332123922739673,,1,0
monthly_state_ungated,3370,2024-12-13,2024-12-23,-0.0006690784017421,2024,2023-12-31,native_mse,20260912,0.0007303535282016855,,1,0
monthly_state_ungated,3375,2024-12-20,2024-12-30,0.0123595076562756,2024,2023-12-31,native_mse,20260912,0.0006347143027364932,,1,1
monthly_state_ungated,3380,2024-12-27,2025-01-06,-0.0504714964669198,2024,2023-12-31,native_mse,20260912,0.0004962445983289108,,1,0
monthly_state_ungated,3384,2025-01-03,2025-01-13,-0.0189486730632231,2025,2024-12-31,native_mse,20260910,-0.0042551962797835255,,0,0
monthly_state_ungated,3389,2025-01-10,2025-01-20,0.0353251773547418,2025,2024-12-31,native_mse,20260910,-0.004346017102457373,,0,1
monthly_state_ungated,3394,2025-01-17,2025-01-27,0.000432821422053,2025,2024-12-31,native_mse,20260910,-0.0019110835117753682,,0,1
monthly_state_ungated,3399,2025-01-24,2025-02-10,0.0159344898044284,2025,2024-12-31,native_mse,20260910,-0.0018767518511483509,,0,1
monthly_state_ungated,3403,2025-02-07,2025-02-17,0.0144454990892999,2025,2024-12-31,native_mse,20260910,-0.0005243581714439598,,0,1
monthly_state_ungated,3408,2025-02-14,2025-02-24,0.0045695818086644,2025,2024-12-31,native_mse,20260910,0.0018166916350322408,,1,1
monthly_state_ungated,3413,2025-02-21,2025-03-03,-0.0183210488158531,2025,2024-12-31,native_mse,20260910,-0.0017910693651536675,,0,0
monthly_state_ungated,3418,2025-02-28,2025-03-10,0.0117650075646844,2025,2024-12-31,native_mse,20260910,8.039864129989814e-05,,1,1
monthly_state_ungated,3423,2025-03-07,2025-03-17,0.019023819058288,2025,2024-12-31,native_mse,20260910,0.00045020548490624885,,1,1
monthly_state_ungated,3428,2025-03-14,2025-03-24,-0.0259983485216283,2025,2024-12-31,native_mse,20260910,0.004030585426274574,,1,0
monthly_state_ungated,3433,2025-03-21,2025-03-31,-0.0025867506275359,2025,2024-12-31,native_mse,20260910,0.0025467178052053364,,1,0
monthly_state_ungated,3438,2025-03-28,2025-04-14,-0.0342910101946246,2025,2024-12-31,native_mse,20260910,0.007880897711304511,,1,0
monthly_state_ungated,3447,2025-04-11,2025-04-21,-0.0010339232881941,2025,2024-12-31,native_mse,20260910,5.880823721327009e-05,,1,0
monthly_state_ungated,3452,2025-04-18,2025-04-28,0.0048432383085554,2025,2024-12-31,native_mse,20260910,0.005609692399565023,,1,1
monthly_state_ungated,3457,2025-04-25,2025-05-12,0.02116527880118,2025,2024-12-31,native_mse,20260910,-0.000987643148635555,,0,1
monthly_state_ungated,3464,2025-05-09,2025-05-19,0.0041484224873464,2025,2024-12-31,native_mse,20260910,-0.0013747677302766792,,0,1
monthly_state_ungated,3469,2025-05-16,2025-05-26,-0.0017462660042188,2025,2024-12-31,native_mse,20260910,-0.0004666942525332647,,0,0
monthly_state_ungated,3474,2025-05-23,2025-06-03,-0.0109216443615366,2025,2024-12-31,native_mse,20260910,-0.0003784346347167226,,0,0
monthly_state_ungated,3479,2025-05-30,2025-06-09,0.011566574321892,2025,2024-12-31,native_mse,20260910,0.0010175785321809984,,1,1
monthly_state_ungated,3483,2025-06-06,2025-06-16,-0.0062354943524679,2025,2024-12-31,native_mse,20260910,-0.0001914645603575384,,0,0
monthly_state_ungated,3488,2025-06-13,2025-06-23,-0.005825691168304,2025,2024-12-31,native_mse,20260910,1.1665969000571627e-05,,1,0
monthly_state_ungated,3493,2025-06-20,2025-06-30,0.0232670437490374,2025,2024-12-31,native_mse,20260910,0.0007044968618821799,,1,1
monthly_state_ungated,3498,2025-06-27,2025-07-07,0.0145345648685946,2025,2024-12-31,native_mse,20260910,-0.003232334991441291,,0,1
monthly_state_ungated,3503,2025-07-04,2025-07-14,0.0110426949002964,2025,2024-12-31,native_mse,20260910,0.003419117861495023,,1,1
monthly_state_ungated,3508,2025-07-11,2025-07-21,0.0120759671840067,2025,2024-12-31,native_mse,20260910,0.011140680775400312,,1,1
monthly_state_ungated,3513,2025-07-18,2025-07-28,0.0143570766898375,2025,2024-12-31,native_mse,20260910,-0.002127522022613997,,0,1
monthly_state_ungated,3518,2025-07-25,2025-08-04,-0.0218642507630443,2025,2024-12-31,native_mse,20260910,-0.001869242573817923,,0,0
monthly_state_ungated,3523,2025-08-01,2025-08-11,0.0179175520190988,2025,2024-12-31,native_mse,20260910,2.2319590068522338e-05,,1,1
monthly_state_ungated,3528,2025-08-08,2025-08-18,0.026265786598999,2025,2024-12-31,native_mse,20260910,-0.004614466433741538,,0,1
monthly_state_ungated,3533,2025-08-15,2025-08-25,0.0469483790671487,2025,2024-12-31,native_mse,20260910,-0.0013489789955213162,,0,1
monthly_state_ungated,3538,2025-08-22,2025-09-01,0.0227770368340847,2025,2024-12-31,native_mse,20260910,-0.004341013056443359,,0,1
monthly_state_ungated,3543,2025-08-29,2025-09-08,-0.0110053842475337,2025,2024-12-31,native_mse,20260910,-0.004924417538845909,,0,0
monthly_state_ungated,3548,2025-09-05,2025-09-15,0.0151594857594405,2025,2024-12-31,native_mse,20260910,-0.004519124644784283,,0,1
monthly_state_ungated,3553,2025-09-12,2025-09-22,-0.0050409160971932,2025,2024-12-31,native_mse,20260910,-0.004114428954602145,,0,0
monthly_state_ungated,3558,2025-09-19,2025-09-29,0.0095300784790881,2025,2024-12-31,native_mse,20260910,-0.0047590961051182015,,0,1
monthly_state_ungated,3563,2025-09-26,2025-10-13,-0.0140855274279203,2025,2024-12-31,native_mse,20260910,-0.004219803127072934,,0,0
monthly_state_ungated,3567,2025-10-10,2025-10-20,0.015001547584321,2025,2024-12-31,native_mse,20260910,-0.003823350500415441,,0,1
monthly_state_ungated,3572,2025-10-17,2025-10-27,0.0309637052897611,2025,2024-12-31,native_mse,20260910,-0.003866623261027931,,0,1
monthly_state_ungated,3577,2025-10-24,2025-11-03,-0.013331545863497,2025,2024-12-31,native_mse,20260910,-0.0036382658807448576,,0,0
monthly_state_ungated,3582,2025-10-31,2025-11-10,0.0110832418536339,2025,2024-12-31,native_mse,20260910,-0.003790641327688186,,0,1
monthly_state_ungated,3587,2025-11-07,2025-11-17,-0.0152107881197579,2025,2024-12-31,native_mse,20260910,-0.003538974204578519,,0,0
monthly_state_ungated,3592,2025-11-14,2025-11-24,-0.031114557454173,2025,2024-12-31,native_mse,20260910,-0.003282621345580935,,0,0
monthly_state_ungated,3597,2025-11-21,2025-12-01,0.0147613767448515,2025,2024-12-31,native_mse,20260910,-0.0034884891644206416,,0,1
monthly_state_ungated,3602,2025-11-28,2025-12-08,0.0118853804313106,2025,2024-12-31,native_mse,20260910,-0.003806133337151431,,0,1
monthly_state_ungated,3607,2025-12-05,2025-12-15,-0.0093922675990717,2025,2024-12-31,native_mse,20260910,-0.003208553856296927,,0,0
monthly_state_ungated,3612,2025-12-12,2025-12-22,0.0082791208791208,2025,2024-12-31,native_mse,20260910,0.0022387132272507658,,1,1
monthly_state_ungated,3617,2025-12-19,2025-12-29,0.0153890755001995,2025,2024-12-31,native_mse,20260910,0.006486312528548796,,1,1
monthly_state_ungated,3622,2025-12-26,2026-01-12,0.0239101640737868,2025,2024-12-31,native_mse,20260910,-0.0003728277129905187,,0,1
monthly_state_ungated,3384,2025-01-03,2025-01-13,-0.0189486730632231,2025,2024-12-31,training_frequency,-1,0.472636815920398,0.472636815920398,0,0
monthly_state_ungated,3389,2025-01-10,2025-01-20,0.0353251773547418,2025,2024-12-31,training_frequency,-1,0.472636815920398,0.472636815920398,0,1
monthly_state_ungated,3394,2025-01-17,2025-01-27,0.000432821422053,2025,2024-12-31,training_frequency,-1,0.472636815920398,0.472636815920398,0,1
monthly_state_ungated,3399,2025-01-24,2025-02-10,0.0159344898044284,2025,2024-12-31,training_frequency,-1,0.472636815920398,0.472636815920398,0,1
monthly_state_ungated,3403,2025-02-07,2025-02-17,0.0144454990892999,2025,2024-12-31,training_frequency,-1,0.472636815920398,0.472636815920398,0,1
monthly_state_ungated,3408,2025-02-14,2025-02-24,0.0045695818086644,2025,2024-12-31,training_frequency,-1,0.472636815920398,0.472636815920398,0,1
monthly_state_ungated,3413,2025-02-21,2025-03-03,-0.0183210488158531,2025,2024-12-31,training_frequency,-1,0.472636815920398,0.472636815920398,0,0
monthly_state_ungated,3418,2025-02-28,2025-03-10,0.0117650075646844,2025,2024-12-31,training_frequency,-1,0.472636815920398,0.472636815920398,0,1
monthly_state_ungated,3423,2025-03-07,2025-03-17,0.019023819058288,2025,2024-12-31,training_frequency,-1,0.472636815920398,0.472636815920398,0,1
monthly_state_ungated,3428,2025-03-14,2025-03-24,-0.0259983485216283,2025,2024-12-31,training_frequency,-1,0.472636815920398,0.472636815920398,0,0
monthly_state_ungated,3433,2025-03-21,2025-03-31,-0.0025867506275359,2025,2024-12-31,training_frequency,-1,0.472636815920398,0.472636815920398,0,0
monthly_state_ungated,3438,2025-03-28,2025-04-14,-0.0342910101946246,2025,2024-12-31,training_frequency,-1,0.472636815920398,0.472636815920398,0,0
monthly_state_ungated,3447,2025-04-11,2025-04-21,-0.0010339232881941,2025,2024-12-31,training_frequency,-1,0.472636815920398,0.472636815920398,0,0
monthly_state_ungated,3452,2025-04-18,2025-04-28,0.0048432383085554,2025,2024-12-31,training_frequency,-1,0.472636815920398,0.472636815920398,0,1
monthly_state_ungated,3457,2025-04-25,2025-05-12,0.02116527880118,2025,2024-12-31,training_frequency,-1,0.472636815920398,0.472636815920398,0,1
monthly_state_ungated,3464,2025-05-09,2025-05-19,0.0041484224873464,2025,2024-12-31,training_frequency,-1,0.472636815920398,0.472636815920398,0,1
monthly_state_ungated,3469,2025-05-16,2025-05-26,-0.0017462660042188,2025,2024-12-31,training_frequency,-1,0.472636815920398,0.472636815920398,0,0
monthly_state_ungated,3474,2025-05-23,2025-06-03,-0.0109216443615366,2025,2024-12-31,training_frequency,-1,0.472636815920398,0.472636815920398,0,0
monthly_state_ungated,3479,2025-05-30,2025-06-09,0.011566574321892,2025,2024-12-31,training_frequency,-1,0.472636815920398,0.472636815920398,0,1
monthly_state_ungated,3483,2025-06-06,2025-06-16,-0.0062354943524679,2025,2024-12-31,training_frequency,-1,0.472636815920398,0.472636815920398,0,0
monthly_state_ungated,3488,2025-06-13,2025-06-23,-0.005825691168304,2025,2024-12-31,training_frequency,-1,0.472636815920398,0.472636815920398,0,0
monthly_state_ungated,3493,2025-06-20,2025-06-30,0.0232670437490374,2025,2024-12-31,training_frequency,-1,0.472636815920398,0.472636815920398,0,1
monthly_state_ungated,3498,2025-06-27,2025-07-07,0.0145345648685946,2025,2024-12-31,training_frequency,-1,0.472636815920398,0.472636815920398,0,1
monthly_state_ungated,3503,2025-07-04,2025-07-14,0.0110426949002964,2025,2024-12-31,training_frequency,-1,0.472636815920398,0.472636815920398,0,1
monthly_state_ungated,3508,2025-07-11,2025-07-21,0.0120759671840067,2025,2024-12-31,training_frequency,-1,0.472636815920398,0.472636815920398,0,1
monthly_state_ungated,3513,2025-07-18,2025-07-28,0.0143570766898375,2025,2024-12-31,training_frequency,-1,0.472636815920398,0.472636815920398,0,1
monthly_state_ungated,3518,2025-07-25,2025-08-04,-0.0218642507630443,2025,2024-12-31,training_frequency,-1,0.472636815920398,0.472636815920398,0,0
monthly_state_ungated,3523,2025-08-01,2025-08-11,0.0179175520190988,2025,2024-12-31,training_frequency,-1,0.472636815920398,0.472636815920398,0,1
monthly_state_ungated,3528,2025-08-08,2025-08-18,0.026265786598999,2025,2024-12-31,training_frequency,-1,0.472636815920398,0.472636815920398,0,1
monthly_state_ungated,3533,2025-08-15,2025-08-25,0.0469483790671487,2025,2024-12-31,training_frequency,-1,0.472636815920398,0.472636815920398,0,1
monthly_state_ungated,3538,2025-08-22,2025-09-01,0.0227770368340847,2025,2024-12-31,training_frequency,-1,0.472636815920398,0.472636815920398,0,1
monthly_state_ungated,3543,2025-08-29,2025-09-08,-0.0110053842475337,2025,2024-12-31,training_frequency,-1,0.472636815920398,0.472636815920398,0,0
monthly_state_ungated,3548,2025-09-05,2025-09-15,0.0151594857594405,2025,2024-12-31,training_frequency,-1,0.472636815920398,0.472636815920398,0,1
monthly_state_ungated,3553,2025-09-12,2025-09-22,-0.0050409160971932,2025,2024-12-31,training_frequency,-1,0.472636815920398,0.472636815920398,0,0
monthly_state_ungated,3558,2025-09-19,2025-09-29,0.0095300784790881,2025,2024-12-31,training_frequency,-1,0.472636815920398,0.472636815920398,0,1
monthly_state_ungated,3563,2025-09-26,2025-10-13,-0.0140855274279203,2025,2024-12-31,training_frequency,-1,0.472636815920398,0.472636815920398,0,0
monthly_state_ungated,3567,2025-10-10,2025-10-20,0.015001547584321,2025,2024-12-31,training_frequency,-1,0.472636815920398,0.472636815920398,0,1
monthly_state_ungated,3572,2025-10-17,2025-10-27,0.0309637052897611,2025,2024-12-31,training_frequency,-1,0.472636815920398,0.472636815920398,0,1
monthly_state_ungated,3577,2025-10-24,2025-11-03,-0.013331545863497,2025,2024-12-31,training_frequency,-1,0.472636815920398,0.472636815920398,0,0
monthly_state_ungated,3582,2025-10-31,2025-11-10,0.0110832418536339,2025,2024-12-31,training_frequency,-1,0.472636815920398,0.472636815920398,0,1
monthly_state_ungated,3587,2025-11-07,2025-11-17,-0.0152107881197579,2025,2024-12-31,training_frequency,-1,0.472636815920398,0.472636815920398,0,0
monthly_state_ungated,3592,2025-11-14,2025-11-24,-0.031114557454173,2025,2024-12-31,training_frequency,-1,0.472636815920398,0.472636815920398,0,0
monthly_state_ungated,3597,2025-11-21,2025-12-01,0.0147613767448515,2025,2024-12-31,training_frequency,-1,0.472636815920398,0.472636815920398,0,1
monthly_state_ungated,3602,2025-11-28,2025-12-08,0.0118853804313106,2025,2024-12-31,training_frequency,-1,0.472636815920398,0.472636815920398,0,1
monthly_state_ungated,3607,2025-12-05,2025-12-15,-0.0093922675990717,2025,2024-12-31,training_frequency,-1,0.472636815920398,0.472636815920398,0,0
monthly_state_ungated,3612,2025-12-12,2025-12-22,0.0082791208791208,2025,2024-12-31,training_frequency,-1,0.472636815920398,0.472636815920398,0,1
monthly_state_ungated,3617,2025-12-19,2025-12-29,0.0153890755001995,2025,2024-12-31,training_frequency,-1,0.472636815920398,0.472636815920398,0,1
monthly_state_ungated,3622,2025-12-26,2026-01-12,0.0239101640737868,2025,2024-12-31,training_frequency,-1,0.472636815920398,0.472636815920398,0,1
monthly_state_ungated,3384,2025-01-03,2025-01-13,-0.0189486730632231,2025,2024-12-31,native_mse,20260911,-0.002243633031677963,,0,0
monthly_state_ungated,3389,2025-01-10,2025-01-20,0.0353251773547418,2025,2024-12-31,native_mse,20260911,-0.0018394813791051527,,0,1
monthly_state_ungated,3394,2025-01-17,2025-01-27,0.000432821422053,2025,2024-12-31,native_mse,20260911,-0.0014393263633927758,,0,1
monthly_state_ungated,3399,2025-01-24,2025-02-10,0.0159344898044284,2025,2024-12-31,native_mse,20260911,-0.0005732481089145066,,0,1
monthly_state_ungated,3403,2025-02-07,2025-02-17,0.0144454990892999,2025,2024-12-31,native_mse,20260911,-0.0003493640286036611,,0,1
monthly_state_ungated,3408,2025-02-14,2025-02-24,0.0045695818086644,2025,2024-12-31,native_mse,20260911,-6.571465300264602e-06,,0,1
monthly_state_ungated,3413,2025-02-21,2025-03-03,-0.0183210488158531,2025,2024-12-31,native_mse,20260911,0.00010564573035517886,,1,0
monthly_state_ungated,3418,2025-02-28,2025-03-10,0.0117650075646844,2025,2024-12-31,native_mse,20260911,0.00030938900384146466,,1,1
monthly_state_ungated,3423,2025-03-07,2025-03-17,0.019023819058288,2025,2024-12-31,native_mse,20260911,0.0003527669941379203,,1,1
monthly_state_ungated,3428,2025-03-14,2025-03-24,-0.0259983485216283,2025,2024-12-31,native_mse,20260911,0.0004719065040533454,,1,0
monthly_state_ungated,3433,2025-03-21,2025-03-31,-0.0025867506275359,2025,2024-12-31,native_mse,20260911,0.0001374212134311476,,1,0
monthly_state_ungated,3438,2025-03-28,2025-04-14,-0.0342910101946246,2025,2024-12-31,native_mse,20260911,0.0003460895283123176,,1,0
monthly_state_ungated,3447,2025-04-11,2025-04-21,-0.0010339232881941,2025,2024-12-31,native_mse,20260911,0.000247650617921614,,1,0
monthly_state_ungated,3452,2025-04-18,2025-04-28,0.0048432383085554,2025,2024-12-31,native_mse,20260911,0.0005399418130639047,,1,1
monthly_state_ungated,3457,2025-04-25,2025-05-12,0.02116527880118,2025,2024-12-31,native_mse,20260911,0.00041859235087992534,,1,1
monthly_state_ungated,3464,2025-05-09,2025-05-19,0.0041484224873464,2025,2024-12-31,native_mse,20260911,-0.00023324757687195213,,0,1
monthly_state_ungated,3469,2025-05-16,2025-05-26,-0.0017462660042188,2025,2024-12-31,native_mse,20260911,-0.0007053097438131018,,0,0
monthly_state_ungated,3474,2025-05-23,2025-06-03,-0.0109216443615366,2025,2024-12-31,native_mse,20260911,-0.0004283154814639044,,0,0
monthly_state_ungated,3479,2025-05-30,2025-06-09,0.011566574321892,2025,2024-12-31,native_mse,20260911,-0.0007435280421209072,,0,1
monthly_state_ungated,3483,2025-06-06,2025-06-16,-0.0062354943524679,2025,2024-12-31,native_mse,20260911,0.00031992663879525335,,1,0
monthly_state_ungated,3488,2025-06-13,2025-06-23,-0.005825691168304,2025,2024-12-31,native_mse,20260911,-0.00012583521126832513,,0,0
monthly_state_ungated,3493,2025-06-20,2025-06-30,0.0232670437490374,2025,2024-12-31,native_mse,20260911,0.0004804870845920942,,1,1
monthly_state_ungated,3498,2025-06-27,2025-07-07,0.0145345648685946,2025,2024-12-31,native_mse,20260911,0.0003559800730399111,,1,1
monthly_state_ungated,3503,2025-07-04,2025-07-14,0.0110426949002964,2025,2024-12-31,native_mse,20260911,0.0001003436982822433,,1,1
monthly_state_ungated,3508,2025-07-11,2025-07-21,0.0120759671840067,2025,2024-12-31,native_mse,20260911,0.00011930674045287023,,1,1
monthly_state_ungated,3513,2025-07-18,2025-07-28,0.0143570766898375,2025,2024-12-31,native_mse,20260911,-0.00014021210404791933,,0,1
monthly_state_ungated,3518,2025-07-25,2025-08-04,-0.0218642507630443,2025,2024-12-31,native_mse,20260911,-0.0010675431152552786,,0,0
monthly_state_ungated,3523,2025-08-01,2025-08-11,0.0179175520190988,2025,2024-12-31,native_mse,20260911,-0.0011114652147751107,,0,1
monthly_state_ungated,3528,2025-08-08,2025-08-18,0.026265786598999,2025,2024-12-31,native_mse,20260911,-0.0011821175732785794,,0,1
monthly_state_ungated,3533,2025-08-15,2025-08-25,0.0469483790671487,2025,2024-12-31,native_mse,20260911,-0.001692750035902398,,0,1
monthly_state_ungated,3538,2025-08-22,2025-09-01,0.0227770368340847,2025,2024-12-31,native_mse,20260911,-0.0020785336587941633,,0,1
monthly_state_ungated,3543,2025-08-29,2025-09-08,-0.0110053842475337,2025,2024-12-31,native_mse,20260911,-0.0022958519339049935,,0,0
monthly_state_ungated,3548,2025-09-05,2025-09-15,0.0151594857594405,2025,2024-12-31,native_mse,20260911,-0.002811169444921857,,0,1
monthly_state_ungated,3553,2025-09-12,2025-09-22,-0.0050409160971932,2025,2024-12-31,native_mse,20260911,-0.0028821755195373713,,0,0
monthly_state_ungated,3558,2025-09-19,2025-09-29,0.0095300784790881,2025,2024-12-31,native_mse,20260911,-0.0027270038017814854,,0,1
monthly_state_ungated,3563,2025-09-26,2025-10-13,-0.0140855274279203,2025,2024-12-31,native_mse,20260911,-0.002671446424452231,,0,0
monthly_state_ungated,3567,2025-10-10,2025-10-20,0.015001547584321,2025,2024-12-31,native_mse,20260911,-0.002875353278749809,,0,1
monthly_state_ungated,3572,2025-10-17,2025-10-27,0.0309637052897611,2025,2024-12-31,native_mse,20260911,-0.0026759293493526775,,0,1
monthly_state_ungated,3577,2025-10-24,2025-11-03,-0.013331545863497,2025,2024-12-31,native_mse,20260911,-0.0024118634853773644,,0,0
monthly_state_ungated,3582,2025-10-31,2025-11-10,0.0110832418536339,2025,2024-12-31,native_mse,20260911,-0.0024513790865101073,,0,1
monthly_state_ungated,3587,2025-11-07,2025-11-17,-0.0152107881197579,2025,2024-12-31,native_mse,20260911,-0.0023441841984512364,,0,0
monthly_state_ungated,3592,2025-11-14,2025-11-24,-0.031114557454173,2025,2024-12-31,native_mse,20260911,-0.0023326617843834286,,0,0
monthly_state_ungated,3597,2025-11-21,2025-12-01,0.0147613767448515,2025,2024-12-31,native_mse,20260911,-0.0021695162719280723,,0,1
monthly_state_ungated,3602,2025-11-28,2025-12-08,0.0118853804313106,2025,2024-12-31,native_mse,20260911,-0.0021230276394656705,,0,1
monthly_state_ungated,3607,2025-12-05,2025-12-15,-0.0093922675990717,2025,2024-12-31,native_mse,20260911,-0.0018508009821854902,,0,0
monthly_state_ungated,3612,2025-12-12,2025-12-22,0.0082791208791208,2025,2024-12-31,native_mse,20260911,-0.0014574936445709685,,0,1
monthly_state_ungated,3617,2025-12-19,2025-12-29,0.0153890755001995,2025,2024-12-31,native_mse,20260911,-0.001196551069802699,,0,1
monthly_state_ungated,3622,2025-12-26,2026-01-12,0.0239101640737868,2025,2024-12-31,native_mse,20260911,-0.0009424910062058391,,0,1
monthly_state_ungated,3384,2025-01-03,2025-01-13,-0.0189486730632231,2025,2024-12-31,native_mse,20260912,-0.003930728949605344,,0,0
monthly_state_ungated,3389,2025-01-10,2025-01-20,0.0353251773547418,2025,2024-12-31,native_mse,20260912,0.004608697114816542,,1,1
monthly_state_ungated,3394,2025-01-17,2025-01-27,0.000432821422053,2025,2024-12-31,native_mse,20260912,-0.0013781107886780553,,0,1
monthly_state_ungated,3399,2025-01-24,2025-02-10,0.0159344898044284,2025,2024-12-31,native_mse,20260912,0.008065382377116114,,1,1
monthly_state_ungated,3403,2025-02-07,2025-02-17,0.0144454990892999,2025,2024-12-31,native_mse,20260912,0.0020560919017093573,,1,1
monthly_state_ungated,3408,2025-02-14,2025-02-24,0.0045695818086644,2025,2024-12-31,native_mse,20260912,0.0004574229206631815,,1,1
monthly_state_ungated,3413,2025-02-21,2025-03-03,-0.0183210488158531,2025,2024-12-31,native_mse,20260912,-0.004487069050516085,,0,0
monthly_state_ungated,3418,2025-02-28,2025-03-10,0.0117650075646844,2025,2024-12-31,native_mse,20260912,0.007907777385840498,,1,1
monthly_state_ungated,3423,2025-03-07,2025-03-17,0.019023819058288,2025,2024-12-31,native_mse,20260912,-0.007080334543719193,,0,1
monthly_state_ungated,3428,2025-03-14,2025-03-24,-0.0259983485216283,2025,2024-12-31,native_mse,20260912,0.005416181842733637,,1,0
monthly_state_ungated,3433,2025-03-21,2025-03-31,-0.0025867506275359,2025,2024-12-31,native_mse,20260912,0.0028174386195491687,,1,0
monthly_state_ungated,3438,2025-03-28,2025-04-14,-0.0342910101946246,2025,2024-12-31,native_mse,20260912,0.0006099430279859906,,1,0
monthly_state_ungated,3447,2025-04-11,2025-04-21,-0.0010339232881941,2025,2024-12-31,native_mse,20260912,-0.0038314464400373087,,0,0
monthly_state_ungated,3452,2025-04-18,2025-04-28,0.0048432383085554,2025,2024-12-31,native_mse,20260912,-0.002239070357372274,,0,1
monthly_state_ungated,3457,2025-04-25,2025-05-12,0.02116527880118,2025,2024-12-31,native_mse,20260912,-0.0030291142570267483,,0,1
monthly_state_ungated,3464,2025-05-09,2025-05-19,0.0041484224873464,2025,2024-12-31,native_mse,20260912,-0.006797100864360832,,0,1
monthly_state_ungated,3469,2025-05-16,2025-05-26,-0.0017462660042188,2025,2024-12-31,native_mse,20260912,0.0011635229802106158,,1,0
monthly_state_ungated,3474,2025-05-23,2025-06-03,-0.0109216443615366,2025,2024-12-31,native_mse,20260912,-0.0015437185640202761,,0,0
monthly_state_ungated,3479,2025-05-30,2025-06-09,0.011566574321892,2025,2024-12-31,native_mse,20260912,-0.007042284452490261,,0,1
monthly_state_ungated,3483,2025-06-06,2025-06-16,-0.0062354943524679,2025,2024-12-31,native_mse,20260912,0.00028466611619904517,,1,0
monthly_state_ungated,3488,2025-06-13,2025-06-23,-0.005825691168304,2025,2024-12-31,native_mse,20260912,-0.006674179072757184,,0,0
monthly_state_ungated,3493,2025-06-20,2025-06-30,0.0232670437490374,2025,2024-12-31,native_mse,20260912,-0.0026285119113171485,,0,1
monthly_state_ungated,3498,2025-06-27,2025-07-07,0.0145345648685946,2025,2024-12-31,native_mse,20260912,-0.001664357643481335,,0,1
monthly_state_ungated,3503,2025-07-04,2025-07-14,0.0110426949002964,2025,2024-12-31,native_mse,20260912,0.0037107408116209707,,1,1
monthly_state_ungated,3508,2025-07-11,2025-07-21,0.0120759671840067,2025,2024-12-31,native_mse,20260912,0.002218014475368515,,1,1
monthly_state_ungated,3513,2025-07-18,2025-07-28,0.0143570766898375,2025,2024-12-31,native_mse,20260912,0.009911597608358887,,1,1
monthly_state_ungated,3518,2025-07-25,2025-08-04,-0.0218642507630443,2025,2024-12-31,native_mse,20260912,-0.0013540938427923275,,0,0
monthly_state_ungated,3523,2025-08-01,2025-08-11,0.0179175520190988,2025,2024-12-31,native_mse,20260912,0.002501110312004882,,1,1
monthly_state_ungated,3528,2025-08-08,2025-08-18,0.026265786598999,2025,2024-12-31,native_mse,20260912,-0.006121881900028309,,0,1
monthly_state_ungated,3533,2025-08-15,2025-08-25,0.0469483790671487,2025,2024-12-31,native_mse,20260912,-0.0031833828356847573,,0,1
monthly_state_ungated,3538,2025-08-22,2025-09-01,0.0227770368340847,2025,2024-12-31,native_mse,20260912,-0.005229739970136804,,0,1
monthly_state_ungated,3543,2025-08-29,2025-09-08,-0.0110053842475337,2025,2024-12-31,native_mse,20260912,0.0017396293034999204,,1,0
monthly_state_ungated,3548,2025-09-05,2025-09-15,0.0151594857594405,2025,2024-12-31,native_mse,20260912,-0.006315423164964012,,0,1
monthly_state_ungated,3553,2025-09-12,2025-09-22,-0.0050409160971932,2025,2024-12-31,native_mse,20260912,0.0036445584301978444,,1,0
monthly_state_ungated,3558,2025-09-19,2025-09-29,0.0095300784790881,2025,2024-12-31,native_mse,20260912,-0.007907179585583714,,0,1
monthly_state_ungated,3563,2025-09-26,2025-10-13,-0.0140855274279203,2025,2024-12-31,native_mse,20260912,-0.0016751946251609804,,0,0
monthly_state_ungated,3567,2025-10-10,2025-10-20,0.015001547584321,2025,2024-12-31,native_mse,20260912,-0.006402638764524997,,0,1
monthly_state_ungated,3572,2025-10-17,2025-10-27,0.0309637052897611,2025,2024-12-31,native_mse,20260912,-0.00870396964325983,,0,1
monthly_state_ungated,3577,2025-10-24,2025-11-03,-0.013331545863497,2025,2024-12-31,native_mse,20260912,-0.005475122015119508,,0,0
monthly_state_ungated,3582,2025-10-31,2025-11-10,0.0110832418536339,2025,2024-12-31,native_mse,20260912,-0.006949842516906396,,0,1
monthly_state_ungated,3587,2025-11-07,2025-11-17,-0.0152107881197579,2025,2024-12-31,native_mse,20260912,0.005808210669049744,,1,0
monthly_state_ungated,3592,2025-11-14,2025-11-24,-0.031114557454173,2025,2024-12-31,native_mse,20260912,-0.005729952989633713,,0,0
monthly_state_ungated,3597,2025-11-21,2025-12-01,0.0147613767448515,2025,2024-12-31,native_mse,20260912,-0.0015450315646448089,,0,1
monthly_state_ungated,3602,2025-11-28,2025-12-08,0.0118853804313106,2025,2024-12-31,native_mse,20260912,-0.0032204954130721736,,0,1
monthly_state_ungated,3607,2025-12-05,2025-12-15,-0.0093922675990717,2025,2024-12-31,native_mse,20260912,-0.0047114270439592345,,0,0
monthly_state_ungated,3612,2025-12-12,2025-12-22,0.0082791208791208,2025,2024-12-31,native_mse,20260912,0.0035042182684974187,,1,1
monthly_state_ungated,3617,2025-12-19,2025-12-29,0.0153890755001995,2025,2024-12-31,native_mse,20260912,-0.0005370407904008248,,0,1
monthly_state_ungated,3622,2025-12-26,2026-01-12,0.0239101640737868,2025,2024-12-31,native_mse,20260912,0.002315041428841435,,1,1
monthly_state_ungated,3630,2026-01-09,2026-01-19,-0.0103697336282536,2026,2025-12-31,native_mse,20260910,-0.002855102612462861,,0,0
monthly_state_ungated,3635,2026-01-16,2026-01-26,-0.0010190267764643,2026,2025-12-31,native_mse,20260910,-0.00015744638603756636,,0,0
monthly_state_ungated,3640,2026-01-23,2026-02-02,-0.0087161586128796,2026,2025-12-31,native_mse,20260910,-0.006105688647517694,,0,0
monthly_state_ungated,3645,2026-01-30,2026-02-09,0.0041482324550519,2026,2025-12-31,native_mse,20260910,-0.0019649521887390433,,0,1
monthly_state_ungated,3650,2026-02-06,2026-02-24,0.0071649689901505,2026,2025-12-31,native_mse,20260910,0.0047027542719540035,,1,1
monthly_state_ungated,3655,2026-02-13,2026-03-02,-0.0097920588919678,2026,2025-12-31,native_mse,20260910,0.0004179826835146159,,1,0
monthly_state_ungated,3659,2026-02-27,2026-03-09,-0.0172526869201304,2026,2025-12-31,native_mse,20260910,0.0022625269962182996,,1,0
monthly_state_ungated,3664,2026-03-06,2026-03-16,0.0149926634422041,2026,2025-12-31,native_mse,20260910,-0.003806878947664824,,0,1
monthly_state_ungated,3669,2026-03-13,2026-03-23,-0.0364343509194254,2026,2025-12-31,native_mse,20260910,-0.006468904470141985,,0,0
monthly_state_ungated,3674,2026-03-20,2026-03-30,-0.0083038829988221,2026,2025-12-31,native_mse,20260910,-0.006677801015318794,,0,0
monthly_state_ungated,3679,2026-03-27,2026-04-07,-0.0035591495694504,2026,2025-12-31,native_mse,20260910,-0.0012459609623288559,,0,0
monthly_state_ungated,3684,2026-04-03,2026-04-13,0.0380736235508991,2026,2025-12-31,native_mse,20260910,-0.0002708764126667155,,0,1
monthly_state_ungated,3688,2026-04-10,2026-04-20,0.0242766725964382,2026,2025-12-31,native_mse,20260910,-0.0014516073248232214,,0,1
monthly_state_ungated,3693,2026-04-17,2026-04-27,0.010401572188011,2026,2025-12-31,native_mse,20260910,-0.00019243492513075974,,0,1
monthly_state_ungated,3698,2026-04-24,2026-05-11,0.0263674696524953,2026,2025-12-31,native_mse,20260910,0.00044530537803680217,,1,1
monthly_state_ungated,3705,2026-05-08,2026-05-18,-0.0134529239455926,2026,2025-12-31,native_mse,20260910,0.00821158666179363,,1,0
monthly_state_ungated,3710,2026-05-15,2026-05-25,0.0076235492615268,2026,2025-12-31,native_mse,20260910,0.009209478129531542,,1,1
monthly_state_ungated,3715,2026-05-22,2026-06-01,0.005068538126898,2026,2025-12-31,native_mse,20260910,-0.0037899662548005076,,0,1
monthly_state_ungated,3720,2026-05-29,2026-06-08,-0.039635353927193,2026,2025-12-31,native_mse,20260910,-0.005878390043911763,,0,0
monthly_state_ungated,3725,2026-06-05,2026-06-15,0.0266849782195981,2026,2025-12-31,native_mse,20260910,-0.005079831260852612,,0,1
monthly_state_ungated,3730,2026-06-12,2026-06-29,0.0076098142791176,2026,2025-12-31,native_mse,20260910,-0.0013875397965599067,,0,1
monthly_state_ungated,3739,2026-06-26,2026-07-06,0.0005137647861506,2026,2025-12-31,native_mse,20260910,-0.002031043716013942,,0,1
monthly_state_ungated,3744,2026-07-03,2026-07-13,-0.0252847876365399,2026,2025-12-31,native_mse,20260910,-0.003966417206833292,,0,0
monthly_state_ungated,3749,2026-07-10,2026-07-20,-0.035775397012711,2026,2025-12-31,native_mse,20260910,-0.000224192482655729,,0,0
monthly_state_ungated,3754,2026-07-17,2026-07-27,0.01756245533441,2026,2025-12-31,native_mse,20260910,-0.001279240964054163,,0,1
monthly_state_ungated,3759,2026-07-24,2026-08-03,-0.0202339761556519,2026,2025-12-31,native_mse,20260910,-0.0020989123929827714,,0,0
monthly_state_ungated,3764,2026-07-31,2026-08-10,0.0300318732435738,2026,2025-12-31,native_mse,20260910,-0.005698998401180227,,0,1
monthly_state_ungated,3769,2026-08-07,2026-08-17,-0.0056482265760339,2026,2025-12-31,native_mse,20260910,-0.000843785639629233,,0,0
monthly_state_ungated,3774,2026-08-14,2026-08-24,-0.0109860710402629,2026,2025-12-31,native_mse,20260910,0.001103287661206875,,1,0
monthly_state_ungated,3779,2026-08-21,2026-08-31,-0.0127592811002066,2026,2025-12-31,native_mse,20260910,0.005195736341319573,,1,0
monthly_state_ungated,3630,2026-01-09,2026-01-19,-0.0103697336282536,2026,2025-12-31,training_frequency,-1,0.4792703150912106,0.4792703150912106,0,0
monthly_state_ungated,3635,2026-01-16,2026-01-26,-0.0010190267764643,2026,2025-12-31,training_frequency,-1,0.4792703150912106,0.4792703150912106,0,0
monthly_state_ungated,3640,2026-01-23,2026-02-02,-0.0087161586128796,2026,2025-12-31,training_frequency,-1,0.4792703150912106,0.4792703150912106,0,0
monthly_state_ungated,3645,2026-01-30,2026-02-09,0.0041482324550519,2026,2025-12-31,training_frequency,-1,0.4792703150912106,0.4792703150912106,0,1
monthly_state_ungated,3650,2026-02-06,2026-02-24,0.0071649689901505,2026,2025-12-31,training_frequency,-1,0.4792703150912106,0.4792703150912106,0,1
monthly_state_ungated,3655,2026-02-13,2026-03-02,-0.0097920588919678,2026,2025-12-31,training_frequency,-1,0.4792703150912106,0.4792703150912106,0,0
monthly_state_ungated,3659,2026-02-27,2026-03-09,-0.0172526869201304,2026,2025-12-31,training_frequency,-1,0.4792703150912106,0.4792703150912106,0,0
monthly_state_ungated,3664,2026-03-06,2026-03-16,0.0149926634422041,2026,2025-12-31,training_frequency,-1,0.4792703150912106,0.4792703150912106,0,1
monthly_state_ungated,3669,2026-03-13,2026-03-23,-0.0364343509194254,2026,2025-12-31,training_frequency,-1,0.4792703150912106,0.4792703150912106,0,0
monthly_state_ungated,3674,2026-03-20,2026-03-30,-0.0083038829988221,2026,2025-12-31,training_frequency,-1,0.4792703150912106,0.4792703150912106,0,0
monthly_state_ungated,3679,2026-03-27,2026-04-07,-0.0035591495694504,2026,2025-12-31,training_frequency,-1,0.4792703150912106,0.4792703150912106,0,0
monthly_state_ungated,3684,2026-04-03,2026-04-13,0.0380736235508991,2026,2025-12-31,training_frequency,-1,0.4792703150912106,0.4792703150912106,0,1
monthly_state_ungated,3688,2026-04-10,2026-04-20,0.0242766725964382,2026,2025-12-31,training_frequency,-1,0.4792703150912106,0.4792703150912106,0,1
monthly_state_ungated,3693,2026-04-17,2026-04-27,0.010401572188011,2026,2025-12-31,training_frequency,-1,0.4792703150912106,0.4792703150912106,0,1
monthly_state_ungated,3698,2026-04-24,2026-05-11,0.0263674696524953,2026,2025-12-31,training_frequency,-1,0.4792703150912106,0.4792703150912106,0,1
monthly_state_ungated,3705,2026-05-08,2026-05-18,-0.0134529239455926,2026,2025-12-31,training_frequency,-1,0.4792703150912106,0.4792703150912106,0,0
monthly_state_ungated,3710,2026-05-15,2026-05-25,0.0076235492615268,2026,2025-12-31,training_frequency,-1,0.4792703150912106,0.4792703150912106,0,1
monthly_state_ungated,3715,2026-05-22,2026-06-01,0.005068538126898,2026,2025-12-31,training_frequency,-1,0.4792703150912106,0.4792703150912106,0,1
monthly_state_ungated,3720,2026-05-29,2026-06-08,-0.039635353927193,2026,2025-12-31,training_frequency,-1,0.4792703150912106,0.4792703150912106,0,0
monthly_state_ungated,3725,2026-06-05,2026-06-15,0.0266849782195981,2026,2025-12-31,training_frequency,-1,0.4792703150912106,0.4792703150912106,0,1
monthly_state_ungated,3730,2026-06-12,2026-06-29,0.0076098142791176,2026,2025-12-31,training_frequency,-1,0.4792703150912106,0.4792703150912106,0,1
monthly_state_ungated,3739,2026-06-26,2026-07-06,0.0005137647861506,2026,2025-12-31,training_frequency,-1,0.4792703150912106,0.4792703150912106,0,1
monthly_state_ungated,3744,2026-07-03,2026-07-13,-0.0252847876365399,2026,2025-12-31,training_frequency,-1,0.4792703150912106,0.4792703150912106,0,0
monthly_state_ungated,3749,2026-07-10,2026-07-20,-0.035775397012711,2026,2025-12-31,training_frequency,-1,0.4792703150912106,0.4792703150912106,0,0
monthly_state_ungated,3754,2026-07-17,2026-07-27,0.01756245533441,2026,2025-12-31,training_frequency,-1,0.4792703150912106,0.4792703150912106,0,1
monthly_state_ungated,3759,2026-07-24,2026-08-03,-0.0202339761556519,2026,2025-12-31,training_frequency,-1,0.4792703150912106,0.4792703150912106,0,0
monthly_state_ungated,3764,2026-07-31,2026-08-10,0.0300318732435738,2026,2025-12-31,training_frequency,-1,0.4792703150912106,0.4792703150912106,0,1
monthly_state_ungated,3769,2026-08-07,2026-08-17,-0.0056482265760339,2026,2025-12-31,training_frequency,-1,0.4792703150912106,0.4792703150912106,0,0
monthly_state_ungated,3774,2026-08-14,2026-08-24,-0.0109860710402629,2026,2025-12-31,training_frequency,-1,0.4792703150912106,0.4792703150912106,0,0
monthly_state_ungated,3779,2026-08-21,2026-08-31,-0.0127592811002066,2026,2025-12-31,training_frequency,-1,0.4792703150912106,0.4792703150912106,0,0
monthly_state_ungated,3630,2026-01-09,2026-01-19,-0.0103697336282536,2026,2025-12-31,native_mse,20260911,-0.0030890692487675277,,0,0
monthly_state_ungated,3635,2026-01-16,2026-01-26,-0.0010190267764643,2026,2025-12-31,native_mse,20260911,-0.0029844245717806552,,0,0
monthly_state_ungated,3640,2026-01-23,2026-02-02,-0.0087161586128796,2026,2025-12-31,native_mse,20260911,-0.0018485669736654138,,0,0
monthly_state_ungated,3645,2026-01-30,2026-02-09,0.0041482324550519,2026,2025-12-31,native_mse,20260911,-0.002659061252019485,,0,1
monthly_state_ungated,3650,2026-02-06,2026-02-24,0.0071649689901505,2026,2025-12-31,native_mse,20260911,-0.0015567976959256278,,0,1
monthly_state_ungated,3655,2026-02-13,2026-03-02,-0.0097920588919678,2026,2025-12-31,native_mse,20260911,-0.0015389707922718095,,0,0
monthly_state_ungated,3659,2026-02-27,2026-03-09,-0.0172526869201304,2026,2025-12-31,native_mse,20260911,-0.0019681718770543553,,0,0
monthly_state_ungated,3664,2026-03-06,2026-03-16,0.0149926634422041,2026,2025-12-31,native_mse,20260911,0.00014521785716820214,,1,1
monthly_state_ungated,3669,2026-03-13,2026-03-23,-0.0364343509194254,2026,2025-12-31,native_mse,20260911,-0.0022671453715006956,,0,0
monthly_state_ungated,3674,2026-03-20,2026-03-30,-0.0083038829988221,2026,2025-12-31,native_mse,20260911,-0.001986856137592856,,0,0
monthly_state_ungated,3679,2026-03-27,2026-04-07,-0.0035591495694504,2026,2025-12-31,native_mse,20260911,-0.002218520604235266,,0,0
monthly_state_ungated,3684,2026-04-03,2026-04-13,0.0380736235508991,2026,2025-12-31,native_mse,20260911,-0.002090390096021022,,0,1
monthly_state_ungated,3688,2026-04-10,2026-04-20,0.0242766725964382,2026,2025-12-31,native_mse,20260911,-0.0024408235069100508,,0,1
monthly_state_ungated,3693,2026-04-17,2026-04-27,0.010401572188011,2026,2025-12-31,native_mse,20260911,-0.0029629470272129906,,0,1
monthly_state_ungated,3698,2026-04-24,2026-05-11,0.0263674696524953,2026,2025-12-31,native_mse,20260911,-0.003359926419865766,,0,1
monthly_state_ungated,3705,2026-05-08,2026-05-18,-0.0134529239455926,2026,2025-12-31,native_mse,20260911,-0.002535154678821143,,0,0
monthly_state_ungated,3710,2026-05-15,2026-05-25,0.0076235492615268,2026,2025-12-31,native_mse,20260911,-0.002260058894062486,,0,1
monthly_state_ungated,3715,2026-05-22,2026-06-01,0.005068538126898,2026,2025-12-31,native_mse,20260911,-0.0015057276938992676,,0,1
monthly_state_ungated,3720,2026-05-29,2026-06-08,-0.039635353927193,2026,2025-12-31,native_mse,20260911,-0.002635162144589442,,0,0
monthly_state_ungated,3725,2026-06-05,2026-06-15,0.0266849782195981,2026,2025-12-31,native_mse,20260911,-0.003913781241526722,,0,1
monthly_state_ungated,3730,2026-06-12,2026-06-29,0.0076098142791176,2026,2025-12-31,native_mse,20260911,-0.0036857925348870147,,0,1
monthly_state_ungated,3739,2026-06-26,2026-07-06,0.0005137647861506,2026,2025-12-31,native_mse,20260911,-0.0021369319429553274,,0,1
monthly_state_ungated,3744,2026-07-03,2026-07-13,-0.0252847876365399,2026,2025-12-31,native_mse,20260911,-0.0022933277317483012,,0,0
monthly_state_ungated,3749,2026-07-10,2026-07-20,-0.035775397012711,2026,2025-12-31,native_mse,20260911,-0.0023056933526758674,,0,0
monthly_state_ungated,3754,2026-07-17,2026-07-27,0.01756245533441,2026,2025-12-31,native_mse,20260911,-0.0024493044555773855,,0,1
monthly_state_ungated,3759,2026-07-24,2026-08-03,-0.0202339761556519,2026,2025-12-31,native_mse,20260911,-0.0026633393533010696,,0,0
monthly_state_ungated,3764,2026-07-31,2026-08-10,0.0300318732435738,2026,2025-12-31,native_mse,20260911,-0.0024432171596736993,,0,1
monthly_state_ungated,3769,2026-08-07,2026-08-17,-0.0056482265760339,2026,2025-12-31,native_mse,20260911,-0.0034017483589926685,,0,0
monthly_state_ungated,3774,2026-08-14,2026-08-24,-0.0109860710402629,2026,2025-12-31,native_mse,20260911,-0.002813706354026954,,0,0
monthly_state_ungated,3779,2026-08-21,2026-08-31,-0.0127592811002066,2026,2025-12-31,native_mse,20260911,-0.0019809857134933735,,0,0
monthly_state_ungated,3630,2026-01-09,2026-01-19,-0.0103697336282536,2026,2025-12-31,native_mse,20260912,-0.0012654744629118373,,0,0
monthly_state_ungated,3635,2026-01-16,2026-01-26,-0.0010190267764643,2026,2025-12-31,native_mse,20260912,-0.0009824454910161004,,0,0
monthly_state_ungated,3640,2026-01-23,2026-02-02,-0.0087161586128796,2026,2025-12-31,native_mse,20260912,-0.0014318861524315442,,0,0
monthly_state_ungated,3645,2026-01-30,2026-02-09,0.0041482324550519,2026,2025-12-31,native_mse,20260912,-0.0015519331724585116,,0,1
monthly_state_ungated,3650,2026-02-06,2026-02-24,0.0071649689901505,2026,2025-12-31,native_mse,20260912,-0.0016869022750859507,,0,1
monthly_state_ungated,3655,2026-02-13,2026-03-02,-0.0097920588919678,2026,2025-12-31,native_mse,20260912,-0.0011765097827620523,,0,0
monthly_state_ungated,3659,2026-02-27,2026-03-09,-0.0172526869201304,2026,2025-12-31,native_mse,20260912,-0.0007085124719817442,,0,0
monthly_state_ungated,3664,2026-03-06,2026-03-16,0.0149926634422041,2026,2025-12-31,native_mse,20260912,-0.0009899154221996353,,0,1
monthly_state_ungated,3669,2026-03-13,2026-03-23,-0.0364343509194254,2026,2025-12-31,native_mse,20260912,-0.0011266305599294578,,0,0
monthly_state_ungated,3674,2026-03-20,2026-03-30,-0.0083038829988221,2026,2025-12-31,native_mse,20260912,-0.001524311581453077,,0,0
monthly_state_ungated,3679,2026-03-27,2026-04-07,-0.0035591495694504,2026,2025-12-31,native_mse,20260912,-0.0019205134194293897,,0,0
monthly_state_ungated,3684,2026-04-03,2026-04-13,0.0380736235508991,2026,2025-12-31,native_mse,20260912,-0.0011376256916386593,,0,1
monthly_state_ungated,3688,2026-04-10,2026-04-20,0.0242766725964382,2026,2025-12-31,native_mse,20260912,-0.0013216896399536517,,0,1
monthly_state_ungated,3693,2026-04-17,2026-04-27,0.010401572188011,2026,2025-12-31,native_mse,20260912,-0.0015028502660909705,,0,1
monthly_state_ungated,3698,2026-04-24,2026-05-11,0.0263674696524953,2026,2025-12-31,native_mse,20260912,-0.0012568015547876838,,0,1
monthly_state_ungated,3705,2026-05-08,2026-05-18,-0.0134529239455926,2026,2025-12-31,native_mse,20260912,-0.0004371239494575972,,0,0
monthly_state_ungated,3710,2026-05-15,2026-05-25,0.0076235492615268,2026,2025-12-31,native_mse,20260912,6.163719011948235e-05,,1,1
monthly_state_ungated,3715,2026-05-22,2026-06-01,0.005068538126898,2026,2025-12-31,native_mse,20260912,7.730204085298746e-06,,1,1
monthly_state_ungated,3720,2026-05-29,2026-06-08,-0.039635353927193,2026,2025-12-31,native_mse,20260912,-0.00019569943758148556,,0,0
monthly_state_ungated,3725,2026-06-05,2026-06-15,0.0266849782195981,2026,2025-12-31,native_mse,20260912,-0.00010540438898025962,,0,1
monthly_state_ungated,3730,2026-06-12,2026-06-29,0.0076098142791176,2026,2025-12-31,native_mse,20260912,-0.0007095936265099443,,0,1
monthly_state_ungated,3739,2026-06-26,2026-07-06,0.0005137647861506,2026,2025-12-31,native_mse,20260912,-0.00033128119271872585,,0,1
monthly_state_ungated,3744,2026-07-03,2026-07-13,-0.0252847876365399,2026,2025-12-31,native_mse,20260912,-0.0011443460816151978,,0,0
monthly_state_ungated,3749,2026-07-10,2026-07-20,-0.035775397012711,2026,2025-12-31,native_mse,20260912,-0.0017039989678604111,,0,0
monthly_state_ungated,3754,2026-07-17,2026-07-27,0.01756245533441,2026,2025-12-31,native_mse,20260912,-0.0017003094595498154,,0,1
monthly_state_ungated,3759,2026-07-24,2026-08-03,-0.0202339761556519,2026,2025-12-31,native_mse,20260912,-0.0018633248001663242,,0,0
monthly_state_ungated,3764,2026-07-31,2026-08-10,0.0300318732435738,2026,2025-12-31,native_mse,20260912,-0.0013665112944695823,,0,1
monthly_state_ungated,3769,2026-08-07,2026-08-17,-0.0056482265760339,2026,2025-12-31,native_mse,20260912,-0.0010726869031266657,,0,0
monthly_state_ungated,3774,2026-08-14,2026-08-24,-0.0109860710402629,2026,2025-12-31,native_mse,20260912,-0.0012030503226100222,,0,0
monthly_state_ungated,3779,2026-08-21,2026-08-31,-0.0127592811002066,2026,2025-12-31,native_mse,20260912,-0.0005090624873602664,,0,0
monthly_state_retained,2418,2021-01-08,2021-01-18,-0.0120052904669853,2021,2020-12-31,learned_market,20260910,0.5528369602637446,0.5528369602637446,1,0
monthly_state_retained,2423,2021-01-15,2021-01-25,0.0231622460538123,2021,2020-12-31,learned_market,20260910,0.49674166213102977,0.49674166213102977,0,1
monthly_state_retained,2428,2021-01-22,2021-02-01,-0.0372511735907923,2021,2020-12-31,learned_market,20260910,0.3933637003220593,0.3933637003220593,0,0
monthly_state_retained,2433,2021-01-29,2021-02-08,0.0278689901714626,2021,2020-12-31,learned_market,20260910,0.4313547922375263,0.4313547922375263,0,1
monthly_state_retained,2418,2021-01-08,2021-01-18,-0.0120052904669853,2021,2020-12-31,learned_market,20260911,0.47359422145655633,0.47359422145655633,0,0
monthly_state_retained,2423,2021-01-15,2021-01-25,0.0231622460538123,2021,2020-12-31,learned_market,20260911,0.29529449998072343,0.29529449998072343,0,1
monthly_state_retained,2428,2021-01-22,2021-02-01,-0.0372511735907923,2021,2020-12-31,learned_market,20260911,0.47394332492431446,0.47394332492431446,0,0
monthly_state_retained,2433,2021-01-29,2021-02-08,0.0278689901714626,2021,2020-12-31,learned_market,20260911,0.34860128575085947,0.34860128575085947,0,1
monthly_state_retained,2418,2021-01-08,2021-01-18,-0.0120052904669853,2021,2020-12-31,learned_market,20260912,0.49622809203697066,0.49622809203697066,0,0
monthly_state_retained,2423,2021-01-15,2021-01-25,0.0231622460538123,2021,2020-12-31,learned_market,20260912,0.30299511780142024,0.30299511780142024,0,1
monthly_state_retained,2428,2021-01-22,2021-02-01,-0.0372511735907923,2021,2020-12-31,learned_market,20260912,0.2926269390741677,0.2926269390741677,0,0
monthly_state_retained,2433,2021-01-29,2021-02-08,0.0278689901714626,2021,2020-12-31,learned_market,20260912,0.4834854236532544,0.4834854236532544,0,1
monthly_state_retained,2418,2021-01-08,2021-01-18,-0.0120052904669853,2021,2020-12-31,learned_vol_interaction,20260910,0.5286701081389081,0.5286701081389081,1,0
monthly_state_retained,2423,2021-01-15,2021-01-25,0.0231622460538123,2021,2020-12-31,learned_vol_interaction,20260910,0.47178291125549215,0.47178291125549215,0,1
monthly_state_retained,2428,2021-01-22,2021-02-01,-0.0372511735907923,2021,2020-12-31,learned_vol_interaction,20260910,0.3671123538576221,0.3671123538576221,0,0
monthly_state_retained,2433,2021-01-29,2021-02-08,0.0278689901714626,2021,2020-12-31,learned_vol_interaction,20260910,0.434482531700876,0.434482531700876,0,1
monthly_state_retained,2418,2021-01-08,2021-01-18,-0.0120052904669853,2021,2020-12-31,learned_vol_interaction,20260911,0.4754556903392312,0.4754556903392312,0,0
monthly_state_retained,2423,2021-01-15,2021-01-25,0.0231622460538123,2021,2020-12-31,learned_vol_interaction,20260911,0.2910478720938869,0.2910478720938869,0,1
monthly_state_retained,2428,2021-01-22,2021-02-01,-0.0372511735907923,2021,2020-12-31,learned_vol_interaction,20260911,0.4793404787070586,0.4793404787070586,0,0
monthly_state_retained,2433,2021-01-29,2021-02-08,0.0278689901714626,2021,2020-12-31,learned_vol_interaction,20260911,0.3407014751351651,0.3407014751351651,0,1
monthly_state_retained,2418,2021-01-08,2021-01-18,-0.0120052904669853,2021,2020-12-31,learned_vol_interaction,20260912,0.49620713842529096,0.49620713842529096,0,0
monthly_state_retained,2423,2021-01-15,2021-01-25,0.0231622460538123,2021,2020-12-31,learned_vol_interaction,20260912,0.30370534508378266,0.30370534508378266,0,1
monthly_state_retained,2428,2021-01-22,2021-02-01,-0.0372511735907923,2021,2020-12-31,learned_vol_interaction,20260912,0.2931342483584557,0.2931342483584557,0,0
monthly_state_retained,2433,2021-01-29,2021-02-08,0.0278689901714626,2021,2020-12-31,learned_vol_interaction,20260912,0.4851476188516167,0.4851476188516167,0,1
monthly_state_retained,2418,2021-01-08,2021-01-18,-0.0120052904669853,2021,2020-12-31,learned_order_extension,20260910,0.5330538496767134,0.5330538496767134,1,0
monthly_state_retained,2423,2021-01-15,2021-01-25,0.0231622460538123,2021,2020-12-31,learned_order_extension,20260910,0.479592338912861,0.479592338912861,0,1
monthly_state_retained,2428,2021-01-22,2021-02-01,-0.0372511735907923,2021,2020-12-31,learned_order_extension,20260910,0.3707727762571325,0.3707727762571325,0,0
monthly_state_retained,2433,2021-01-29,2021-02-08,0.0278689901714626,2021,2020-12-31,learned_order_extension,20260910,0.43176970986504826,0.43176970986504826,0,1
monthly_state_retained,2418,2021-01-08,2021-01-18,-0.0120052904669853,2021,2020-12-31,learned_order_extension,20260911,0.4707924056292956,0.4707924056292956,0,0
monthly_state_retained,2423,2021-01-15,2021-01-25,0.0231622460538123,2021,2020-12-31,learned_order_extension,20260911,0.30199104403875826,0.30199104403875826,0,1
monthly_state_retained,2428,2021-01-22,2021-02-01,-0.0372511735907923,2021,2020-12-31,learned_order_extension,20260911,0.4727671753713422,0.4727671753713422,0,0
monthly_state_retained,2433,2021-01-29,2021-02-08,0.0278689901714626,2021,2020-12-31,learned_order_extension,20260911,0.33076330033756096,0.33076330033756096,0,1
monthly_state_retained,2418,2021-01-08,2021-01-18,-0.0120052904669853,2021,2020-12-31,learned_order_extension,20260912,0.4980709373270918,0.4980709373270918,0,0
monthly_state_retained,2423,2021-01-15,2021-01-25,0.0231622460538123,2021,2020-12-31,learned_order_extension,20260912,0.3077801048995167,0.3077801048995167,0,1
monthly_state_retained,2428,2021-01-22,2021-02-01,-0.0372511735907923,2021,2020-12-31,learned_order_extension,20260912,0.2945790953929349,0.2945790953929349,0,0
monthly_state_retained,2433,2021-01-29,2021-02-08,0.0278689901714626,2021,2020-12-31,learned_order_extension,20260912,0.4869306132003812,0.4869306132003812,0,1
monthly_state_retained,2418,2021-01-08,2021-01-18,-0.0120052904669853,2021,2020-12-31,learned_order_offset,20260910,0.5336151486659025,0.5336151486659025,1,0
monthly_state_retained,2423,2021-01-15,2021-01-25,0.0231622460538123,2021,2020-12-31,learned_order_offset,20260910,0.48002913839274924,0.48002913839274924,0,1
monthly_state_retained,2428,2021-01-22,2021-02-01,-0.0372511735907923,2021,2020-12-31,learned_order_offset,20260910,0.37113237990157133,0.37113237990157133,0,0
monthly_state_retained,2433,2021-01-29,2021-02-08,0.0278689901714626,2021,2020-12-31,learned_order_offset,20260910,0.43182028534515077,0.43182028534515077,0,1
monthly_state_retained,2418,2021-01-08,2021-01-18,-0.0120052904669853,2021,2020-12-31,learned_order_offset,20260911,0.46966493933917947,0.46966493933917947,0,0
monthly_state_retained,2423,2021-01-15,2021-01-25,0.0231622460538123,2021,2020-12-31,learned_order_offset,20260911,0.30026263179565904,0.30026263179565904,0,1
monthly_state_retained,2428,2021-01-22,2021-02-01,-0.0372511735907923,2021,2020-12-31,learned_order_offset,20260911,0.47083079059127375,0.47083079059127375,0,0
monthly_state_retained,2433,2021-01-29,2021-02-08,0.0278689901714626,2021,2020-12-31,learned_order_offset,20260911,0.3308151678188049,0.3308151678188049,0,1
monthly_state_retained,2418,2021-01-08,2021-01-18,-0.0120052904669853,2021,2020-12-31,learned_order_offset,20260912,0.4978619856473434,0.4978619856473434,0,0
monthly_state_retained,2423,2021-01-15,2021-01-25,0.0231622460538123,2021,2020-12-31,learned_order_offset,20260912,0.30753172112864313,0.30753172112864313,0,1
monthly_state_retained,2428,2021-01-22,2021-02-01,-0.0372511735907923,2021,2020-12-31,learned_order_offset,20260912,0.29417599189344534,0.29417599189344534,0,0
monthly_state_retained,2433,2021-01-29,2021-02-08,0.0278689901714626,2021,2020-12-31,learned_order_offset,20260912,0.48673077860534075,0.48673077860534075,0,1
monthly_state_retained,2438,2021-02-05,2021-02-22,0.0507379035040882,2021,2021-01-31,learned_market,20260910,0.40357928349119826,0.40357928349119826,0,1
monthly_state_retained,2443,2021-02-19,2021-03-01,-0.0684918010685315,2021,2021-01-31,learned_market,20260910,0.49513830982070434,0.49513830982070434,0,0
monthly_state_retained,2448,2021-02-26,2021-03-08,-0.0165997123904068,2021,2021-01-31,learned_market,20260910,0.43315180971386896,0.43315180971386896,0,0
monthly_state_retained,2438,2021-02-05,2021-02-22,0.0507379035040882,2021,2021-01-31,learned_market,20260911,0.5472341429725764,0.5472341429725764,1,1
monthly_state_retained,2443,2021-02-19,2021-03-01,-0.0684918010685315,2021,2021-01-31,learned_market,20260911,0.4390527856170199,0.4390527856170199,0,0
monthly_state_retained,2448,2021-02-26,2021-03-08,-0.0165997123904068,2021,2021-01-31,learned_market,20260911,0.4901857818012489,0.4901857818012489,0,0
monthly_state_retained,2438,2021-02-05,2021-02-22,0.0507379035040882,2021,2021-01-31,learned_market,20260912,0.5449307431156443,0.5449307431156443,1,1
monthly_state_retained,2443,2021-02-19,2021-03-01,-0.0684918010685315,2021,2021-01-31,learned_market,20260912,0.37156624296606255,0.37156624296606255,0,0
monthly_state_retained,2448,2021-02-26,2021-03-08,-0.0165997123904068,2021,2021-01-31,learned_market,20260912,0.5679579035959068,0.5679579035959068,1,0
monthly_state_retained,2438,2021-02-05,2021-02-22,0.0507379035040882,2021,2021-01-31,learned_vol_interaction,20260910,0.42570726310777396,0.42570726310777396,0,1
monthly_state_retained,2443,2021-02-19,2021-03-01,-0.0684918010685315,2021,2021-01-31,learned_vol_interaction,20260910,0.4791771552633417,0.4791771552633417,0,0
monthly_state_retained,2448,2021-02-26,2021-03-08,-0.0165997123904068,2021,2021-01-31,learned_vol_interaction,20260910,0.4783928105694597,0.4783928105694597,0,0
monthly_state_retained,2438,2021-02-05,2021-02-22,0.0507379035040882,2021,2021-01-31,learned_vol_interaction,20260911,0.5419487770679454,0.5419487770679454,1,1
monthly_state_retained,2443,2021-02-19,2021-03-01,-0.0684918010685315,2021,2021-01-31,learned_vol_interaction,20260911,0.42680484014134457,0.42680484014134457,0,0
monthly_state_retained,2448,2021-02-26,2021-03-08,-0.0165997123904068,2021,2021-01-31,learned_vol_interaction,20260911,0.48165522036766006,0.48165522036766006,0,0
monthly_state_retained,2438,2021-02-05,2021-02-22,0.0507379035040882,2021,2021-01-31,learned_vol_interaction,20260912,0.5455559755252699,0.5455559755252699,1,1
monthly_state_retained,2443,2021-02-19,2021-03-01,-0.0684918010685315,2021,2021-01-31,learned_vol_interaction,20260912,0.37201410439640853,0.37201410439640853,0,0
monthly_state_retained,2448,2021-02-26,2021-03-08,-0.0165997123904068,2021,2021-01-31,learned_vol_interaction,20260912,0.5647303221106473,0.5647303221106473,1,0
monthly_state_retained,2438,2021-02-05,2021-02-22,0.0507379035040882,2021,2021-01-31,learned_order_extension,20260910,0.41923333650784145,0.41923333650784145,0,1
monthly_state_retained,2443,2021-02-19,2021-03-01,-0.0684918010685315,2021,2021-01-31,learned_order_extension,20260910,0.47927687031403743,0.47927687031403743,0,0
monthly_state_retained,2448,2021-02-26,2021-03-08,-0.0165997123904068,2021,2021-01-31,learned_order_extension,20260910,0.4709068161644563,0.4709068161644563,0,0
monthly_state_retained,2438,2021-02-05,2021-02-22,0.0507379035040882,2021,2021-01-31,learned_order_extension,20260911,0.5463864019131583,0.5463864019131583,1,1
monthly_state_retained,2443,2021-02-19,2021-03-01,-0.0684918010685315,2021,2021-01-31,learned_order_extension,20260911,0.423629668613555,0.423629668613555,0,0
monthly_state_retained,2448,2021-02-26,2021-03-08,-0.0165997123904068,2021,2021-01-31,learned_order_extension,20260911,0.4833188959367285,0.4833188959367285,0,0
monthly_state_retained,2438,2021-02-05,2021-02-22,0.0507379035040882,2021,2021-01-31,learned_order_extension,20260912,0.5470942643821933,0.5470942643821933,1,1
monthly_state_retained,2443,2021-02-19,2021-03-01,-0.0684918010685315,2021,2021-01-31,learned_order_extension,20260912,0.37256373051610003,0.37256373051610003,0,0
monthly_state_retained,2448,2021-02-26,2021-03-08,-0.0165997123904068,2021,2021-01-31,learned_order_extension,20260912,0.5652884202407723,0.5652884202407723,1,0
monthly_state_retained,2438,2021-02-05,2021-02-22,0.0507379035040882,2021,2021-01-31,learned_order_offset,20260910,0.4191495029175148,0.4191495029175148,0,1
monthly_state_retained,2443,2021-02-19,2021-03-01,-0.0684918010685315,2021,2021-01-31,learned_order_offset,20260910,0.479618495019198,0.479618495019198,0,0
monthly_state_retained,2448,2021-02-26,2021-03-08,-0.0165997123904068,2021,2021-01-31,learned_order_offset,20260910,0.47073396029682846,0.47073396029682846,0,0
monthly_state_retained,2438,2021-02-05,2021-02-22,0.0507379035040882,2021,2021-01-31,learned_order_offset,20260911,0.5458888183275549,0.5458888183275549,1,1
monthly_state_retained,2443,2021-02-19,2021-03-01,-0.0684918010685315,2021,2021-01-31,learned_order_offset,20260911,0.4238553224614908,0.4238553224614908,0,0
monthly_state_retained,2448,2021-02-26,2021-03-08,-0.0165997123904068,2021,2021-01-31,learned_order_offset,20260911,0.4840844360242453,0.4840844360242453,0,0
monthly_state_retained,2438,2021-02-05,2021-02-22,0.0507379035040882,2021,2021-01-31,learned_order_offset,20260912,0.5468628858044645,0.5468628858044645,1,1
monthly_state_retained,2443,2021-02-19,2021-03-01,-0.0684918010685315,2021,2021-01-31,learned_order_offset,20260912,0.37253784220409425,0.37253784220409425,0,0
monthly_state_retained,2448,2021-02-26,2021-03-08,-0.0165997123904068,2021,2021-01-31,learned_order_offset,20260912,0.5649799919042372,0.5649799919042372,1,0
monthly_state_retained,2453,2021-03-05,2021-03-15,-0.0346560901469681,2021,2021-02-28,learned_market,20260910,0.40131415281599914,0.40131415281599914,0,0
monthly_state_retained,2458,2021-03-12,2021-03-22,-0.0210550182560221,2021,2021-02-28,learned_market,20260910,0.47295990993929365,0.47295990993929365,0,0
monthly_state_retained,2463,2021-03-19,2021-03-29,0.0087572877565691,2021,2021-02-28,learned_market,20260910,0.6783048076904669,0.6783048076904669,1,1
monthly_state_retained,2468,2021-03-26,2021-04-06,0.0250145479448802,2021,2021-02-28,learned_market,20260910,0.6020041018019381,0.6020041018019381,1,1
monthly_state_retained,2453,2021-03-05,2021-03-15,-0.0346560901469681,2021,2021-02-28,learned_market,20260911,0.3640545492155067,0.3640545492155067,0,0
monthly_state_retained,2458,2021-03-12,2021-03-22,-0.0210550182560221,2021,2021-02-28,learned_market,20260911,0.27457561641477635,0.27457561641477635,0,0
monthly_state_retained,2463,2021-03-19,2021-03-29,0.0087572877565691,2021,2021-02-28,learned_market,20260911,0.5317095579141908,0.5317095579141908,1,1
monthly_state_retained,2468,2021-03-26,2021-04-06,0.0250145479448802,2021,2021-02-28,learned_market,20260911,0.48950965003399194,0.48950965003399194,0,1
monthly_state_retained,2453,2021-03-05,2021-03-15,-0.0346560901469681,2021,2021-02-28,learned_market,20260912,0.4912573433049491,0.4912573433049491,0,0
monthly_state_retained,2458,2021-03-12,2021-03-22,-0.0210550182560221,2021,2021-02-28,learned_market,20260912,0.4975950072849539,0.4975950072849539,0,0
monthly_state_retained,2463,2021-03-19,2021-03-29,0.0087572877565691,2021,2021-02-28,learned_market,20260912,0.4862560848839745,0.4862560848839745,0,1
monthly_state_retained,2468,2021-03-26,2021-04-06,0.0250145479448802,2021,2021-02-28,learned_market,20260912,0.5757817923341705,0.5757817923341705,1,1
monthly_state_retained,2453,2021-03-05,2021-03-15,-0.0346560901469681,2021,2021-02-28,learned_vol_interaction,20260910,0.4610266286466043,0.4610266286466043,0,0
monthly_state_retained,2458,2021-03-12,2021-03-22,-0.0210550182560221,2021,2021-02-28,learned_vol_interaction,20260910,0.48103471562569133,0.48103471562569133,0,0
monthly_state_retained,2463,2021-03-19,2021-03-29,0.0087572877565691,2021,2021-02-28,learned_vol_interaction,20260910,0.5872740166666267,0.5872740166666267,1,1
monthly_state_retained,2468,2021-03-26,2021-04-06,0.0250145479448802,2021,2021-02-28,learned_vol_interaction,20260910,0.5791980511717043,0.5791980511717043,1,1
monthly_state_retained,2453,2021-03-05,2021-03-15,-0.0346560901469681,2021,2021-02-28,learned_vol_interaction,20260911,0.3506881836542513,0.3506881836542513,0,0
monthly_state_retained,2458,2021-03-12,2021-03-22,-0.0210550182560221,2021,2021-02-28,learned_vol_interaction,20260911,0.23467895972096536,0.23467895972096536,0,0
monthly_state_retained,2463,2021-03-19,2021-03-29,0.0087572877565691,2021,2021-02-28,learned_vol_interaction,20260911,0.5417459151974428,0.5417459151974428,1,1
monthly_state_retained,2468,2021-03-26,2021-04-06,0.0250145479448802,2021,2021-02-28,learned_vol_interaction,20260911,0.48054571329537366,0.48054571329537366,0,1
monthly_state_retained,2453,2021-03-05,2021-03-15,-0.0346560901469681,2021,2021-02-28,learned_vol_interaction,20260912,0.4925362885158211,0.4925362885158211,0,0
monthly_state_retained,2458,2021-03-12,2021-03-22,-0.0210550182560221,2021,2021-02-28,learned_vol_interaction,20260912,0.5001941106115585,0.5001941106115585,1,0
monthly_state_retained,2463,2021-03-19,2021-03-29,0.0087572877565691,2021,2021-02-28,learned_vol_interaction,20260912,0.4917119078225818,0.4917119078225818,0,1
monthly_state_retained,2468,2021-03-26,2021-04-06,0.0250145479448802,2021,2021-02-28,learned_vol_interaction,20260912,0.5754614207160266,0.5754614207160266,1,1
monthly_state_retained,2453,2021-03-05,2021-03-15,-0.0346560901469681,2021,2021-02-28,learned_order_extension,20260910,0.45619563032762256,0.45619563032762256,0,0
monthly_state_retained,2458,2021-03-12,2021-03-22,-0.0210550182560221,2021,2021-02-28,learned_order_extension,20260910,0.47999849102949665,0.47999849102949665,0,0
monthly_state_retained,2463,2021-03-19,2021-03-29,0.0087572877565691,2021,2021-02-28,learned_order_extension,20260910,0.5898698686538169,0.5898698686538169,1,1
monthly_state_retained,2468,2021-03-26,2021-04-06,0.0250145479448802,2021,2021-02-28,learned_order_extension,20260910,0.5737573684172776,0.5737573684172776,1,1
monthly_state_retained,2453,2021-03-05,2021-03-15,-0.0346560901469681,2021,2021-02-28,learned_order_extension,20260911,0.3468677434509978,0.3468677434509978,0,0
monthly_state_retained,2458,2021-03-12,2021-03-22,-0.0210550182560221,2021,2021-02-28,learned_order_extension,20260911,0.2385842218483661,0.2385842218483661,0,0
monthly_state_retained,2463,2021-03-19,2021-03-29,0.0087572877565691,2021,2021-02-28,learned_order_extension,20260911,0.532998967015209,0.532998967015209,1,1
monthly_state_retained,2468,2021-03-26,2021-04-06,0.0250145479448802,2021,2021-02-28,learned_order_extension,20260911,0.48258967958160864,0.48258967958160864,0,1
monthly_state_retained,2453,2021-03-05,2021-03-15,-0.0346560901469681,2021,2021-02-28,learned_order_extension,20260912,0.4938099782773414,0.4938099782773414,0,0
monthly_state_retained,2458,2021-03-12,2021-03-22,-0.0210550182560221,2021,2021-02-28,learned_order_extension,20260912,0.5011342068332141,0.5011342068332141,1,0
monthly_state_retained,2463,2021-03-19,2021-03-29,0.0087572877565691,2021,2021-02-28,learned_order_extension,20260912,0.49318584601318854,0.49318584601318854,0,1
monthly_state_retained,2468,2021-03-26,2021-04-06,0.0250145479448802,2021,2021-02-28,learned_order_extension,20260912,0.5765372992952104,0.5765372992952104,1,1
monthly_state_retained,2453,2021-03-05,2021-03-15,-0.0346560901469681,2021,2021-02-28,learned_order_offset,20260910,0.4561872166710552,0.4561872166710552,0,0
monthly_state_retained,2458,2021-03-12,2021-03-22,-0.0210550182560221,2021,2021-02-28,learned_order_offset,20260910,0.48027551652013106,0.48027551652013106,0,0
monthly_state_retained,2463,2021-03-19,2021-03-29,0.0087572877565691,2021,2021-02-28,learned_order_offset,20260910,0.5905225656238325,0.5905225656238325,1,1
monthly_state_retained,2468,2021-03-26,2021-04-06,0.0250145479448802,2021,2021-02-28,learned_order_offset,20260910,0.5737282476957762,0.5737282476957762,1,1
monthly_state_retained,2453,2021-03-05,2021-03-15,-0.0346560901469681,2021,2021-02-28,learned_order_offset,20260911,0.34642186749779336,0.34642186749779336,0,0
monthly_state_retained,2458,2021-03-12,2021-03-22,-0.0210550182560221,2021,2021-02-28,learned_order_offset,20260911,0.23704081021871007,0.23704081021871007,0,0
monthly_state_retained,2463,2021-03-19,2021-03-29,0.0087572877565691,2021,2021-02-28,learned_order_offset,20260911,0.5312704874985703,0.5312704874985703,1,1
monthly_state_retained,2468,2021-03-26,2021-04-06,0.0250145479448802,2021,2021-02-28,learned_order_offset,20260911,0.48113132203479025,0.48113132203479025,0,1
monthly_state_retained,2453,2021-03-05,2021-03-15,-0.0346560901469681,2021,2021-02-28,learned_order_offset,20260912,0.49348358050186064,0.49348358050186064,0,0
monthly_state_retained,2458,2021-03-12,2021-03-22,-0.0210550182560221,2021,2021-02-28,learned_order_offset,20260912,0.500928953286114,0.500928953286114,1,0
monthly_state_retained,2463,2021-03-19,2021-03-29,0.0087572877565691,2021,2021-02-28,learned_order_offset,20260912,0.493170220106531,0.493170220106531,0,1
monthly_state_retained,2468,2021-03-26,2021-04-06,0.0250145479448802,2021,2021-02-28,learned_order_offset,20260912,0.5766144810517231,0.5766144810517231,1,1
monthly_state_retained,2473,2021-04-02,2021-04-12,-0.0292856811827044,2021,2021-03-31,learned_market,20260910,0.5183679897795258,0.5183679897795258,1,0
monthly_state_retained,2477,2021-04-09,2021-04-19,-0.0120489836840408,2021,2021-03-31,learned_market,20260910,0.6850249402938339,0.6850249402938339,1,0
monthly_state_retained,2482,2021-04-16,2021-04-26,0.0382932540809155,2021,2021-03-31,learned_market,20260910,0.609924220475271,0.609924220475271,1,1
monthly_state_retained,2487,2021-04-23,2021-05-06,-0.0112070185917437,2021,2021-03-31,learned_market,20260910,0.6788658728472401,0.6788658728472401,1,0
monthly_state_retained,2492,2021-04-30,2021-05-12,-0.0190946889464188,2021,2021-03-31,learned_market,20260910,0.6869387015648898,0.6869387015648898,1,0
monthly_state_retained,2473,2021-04-02,2021-04-12,-0.0292856811827044,2021,2021-03-31,learned_market,20260911,0.6284072500994273,0.6284072500994273,1,0
monthly_state_retained,2477,2021-04-09,2021-04-19,-0.0120489836840408,2021,2021-03-31,learned_market,20260911,0.5279187640170273,0.5279187640170273,1,0
monthly_state_retained,2482,2021-04-16,2021-04-26,0.0382932540809155,2021,2021-03-31,learned_market,20260911,0.4865076820291842,0.4865076820291842,0,1
monthly_state_retained,2487,2021-04-23,2021-05-06,-0.0112070185917437,2021,2021-03-31,learned_market,20260911,0.5300805747669529,0.5300805747669529,1,0
monthly_state_retained,2492,2021-04-30,2021-05-12,-0.0190946889464188,2021,2021-03-31,learned_market,20260911,0.6951452745996383,0.6951452745996383,1,0
monthly_state_retained,2473,2021-04-02,2021-04-12,-0.0292856811827044,2021,2021-03-31,learned_market,20260912,0.56297665502886,0.56297665502886,1,0
monthly_state_retained,2477,2021-04-09,2021-04-19,-0.0120489836840408,2021,2021-03-31,learned_market,20260912,0.6833728945724409,0.6833728945724409,1,0
monthly_state_retained,2482,2021-04-16,2021-04-26,0.0382932540809155,2021,2021-03-31,learned_market,20260912,0.6069844199651692,0.6069844199651692,1,1
monthly_state_retained,2487,2021-04-23,2021-05-06,-0.0112070185917437,2021,2021-03-31,learned_market,20260912,0.6957153692040717,0.6957153692040717,1,0
monthly_state_retained,2492,2021-04-30,2021-05-12,-0.0190946889464188,2021,2021-03-31,learned_market,20260912,0.49572812581073494,0.49572812581073494,0,0
monthly_state_retained,2473,2021-04-02,2021-04-12,-0.0292856811827044,2021,2021-03-31,learned_vol_interaction,20260910,0.5665920928801257,0.5665920928801257,1,0
monthly_state_retained,2477,2021-04-09,2021-04-19,-0.0120489836840408,2021,2021-03-31,learned_vol_interaction,20260910,0.7108940398772539,0.7108940398772539,1,0
monthly_state_retained,2482,2021-04-16,2021-04-26,0.0382932540809155,2021,2021-03-31,learned_vol_interaction,20260910,0.6177612563202494,0.6177612563202494,1,1
monthly_state_retained,2487,2021-04-23,2021-05-06,-0.0112070185917437,2021,2021-03-31,learned_vol_interaction,20260910,0.7142122563040804,0.7142122563040804,1,0
monthly_state_retained,2492,2021-04-30,2021-05-12,-0.0190946889464188,2021,2021-03-31,learned_vol_interaction,20260910,0.6941591991721776,0.6941591991721776,1,0
monthly_state_retained,2473,2021-04-02,2021-04-12,-0.0292856811827044,2021,2021-03-31,learned_vol_interaction,20260911,0.6505026926141996,0.6505026926141996,1,0
monthly_state_retained,2477,2021-04-09,2021-04-19,-0.0120489836840408,2021,2021-03-31,learned_vol_interaction,20260911,0.5238037480083749,0.5238037480083749,1,0
monthly_state_retained,2482,2021-04-16,2021-04-26,0.0382932540809155,2021,2021-03-31,learned_vol_interaction,20260911,0.4746098723057128,0.4746098723057128,0,1
monthly_state_retained,2487,2021-04-23,2021-05-06,-0.0112070185917437,2021,2021-03-31,learned_vol_interaction,20260911,0.527013271372353,0.527013271372353,1,0
monthly_state_retained,2492,2021-04-30,2021-05-12,-0.0190946889464188,2021,2021-03-31,learned_vol_interaction,20260911,0.6901244469023494,0.6901244469023494,1,0
monthly_state_retained,2473,2021-04-02,2021-04-12,-0.0292856811827044,2021,2021-03-31,learned_vol_interaction,20260912,0.5647750064828143,0.5647750064828143,1,0
monthly_state_retained,2477,2021-04-09,2021-04-19,-0.0120489836840408,2021,2021-03-31,learned_vol_interaction,20260912,0.6851225390103307,0.6851225390103307,1,0
monthly_state_retained,2482,2021-04-16,2021-04-26,0.0382932540809155,2021,2021-03-31,learned_vol_interaction,20260912,0.6079794499510633,0.6079794499510633,1,1
monthly_state_retained,2487,2021-04-23,2021-05-06,-0.0112070185917437,2021,2021-03-31,learned_vol_interaction,20260912,0.6970440278111448,0.6970440278111448,1,0
monthly_state_retained,2492,2021-04-30,2021-05-12,-0.0190946889464188,2021,2021-03-31,learned_vol_interaction,20260912,0.49508455771909865,0.49508455771909865,0,0
monthly_state_retained,2473,2021-04-02,2021-04-12,-0.0292856811827044,2021,2021-03-31,learned_order_extension,20260910,0.5606987442866249,0.5606987442866249,1,0
monthly_state_retained,2477,2021-04-09,2021-04-19,-0.0120489836840408,2021,2021-03-31,learned_order_extension,20260910,0.7182274336525071,0.7182274336525071,1,0
monthly_state_retained,2482,2021-04-16,2021-04-26,0.0382932540809155,2021,2021-03-31,learned_order_extension,20260910,0.6304814445875302,0.6304814445875302,1,1
monthly_state_retained,2487,2021-04-23,2021-05-06,-0.0112070185917437,2021,2021-03-31,learned_order_extension,20260910,0.7209122130262224,0.7209122130262224,1,0
monthly_state_retained,2492,2021-04-30,2021-05-12,-0.0190946889464188,2021,2021-03-31,learned_order_extension,20260910,0.7079591515466482,0.7079591515466482,1,0
monthly_state_retained,2473,2021-04-02,2021-04-12,-0.0292856811827044,2021,2021-03-31,learned_order_extension,20260911,0.6435569143740099,0.6435569143740099,1,0
monthly_state_retained,2477,2021-04-09,2021-04-19,-0.0120489836840408,2021,2021-03-31,learned_order_extension,20260911,0.5172587608947022,0.5172587608947022,1,0
monthly_state_retained,2482,2021-04-16,2021-04-26,0.0382932540809155,2021,2021-03-31,learned_order_extension,20260911,0.45050831794964574,0.45050831794964574,0,1
monthly_state_retained,2487,2021-04-23,2021-05-06,-0.0112070185917437,2021,2021-03-31,learned_order_extension,20260911,0.50667980676185,0.50667980676185,1,0
monthly_state_retained,2492,2021-04-30,2021-05-12,-0.0190946889464188,2021,2021-03-31,learned_order_extension,20260911,0.7098069326540961,0.7098069326540961,1,0
monthly_state_retained,2473,2021-04-02,2021-04-12,-0.0292856811827044,2021,2021-03-31,learned_order_extension,20260912,0.5661836120897463,0.5661836120897463,1,0
monthly_state_retained,2477,2021-04-09,2021-04-19,-0.0120489836840408,2021,2021-03-31,learned_order_extension,20260912,0.687046194737299,0.687046194737299,1,0
monthly_state_retained,2482,2021-04-16,2021-04-26,0.0382932540809155,2021,2021-03-31,learned_order_extension,20260912,0.6079705501613304,0.6079705501613304,1,1
monthly_state_retained,2487,2021-04-23,2021-05-06,-0.0112070185917437,2021,2021-03-31,learned_order_extension,20260912,0.7001630679827717,0.7001630679827717,1,0
monthly_state_retained,2492,2021-04-30,2021-05-12,-0.0190946889464188,2021,2021-03-31,learned_order_extension,20260912,0.4918375430018398,0.4918375430018398,0,0
monthly_state_retained,2473,2021-04-02,2021-04-12,-0.0292856811827044,2021,2021-03-31,learned_order_offset,20260910,0.5601705309594638,0.5601705309594638,1,0
monthly_state_retained,2477,2021-04-09,2021-04-19,-0.0120489836840408,2021,2021-03-31,learned_order_offset,20260910,0.7179682807976931,0.7179682807976931,1,0
monthly_state_retained,2482,2021-04-16,2021-04-26,0.0382932540809155,2021,2021-03-31,learned_order_offset,20260910,0.6306810809758883,0.6306810809758883,1,1
monthly_state_retained,2487,2021-04-23,2021-05-06,-0.0112070185917437,2021,2021-03-31,learned_order_offset,20260910,0.7206078147510746,0.7206078147510746,1,0
monthly_state_retained,2492,2021-04-30,2021-05-12,-0.0190946889464188,2021,2021-03-31,learned_order_offset,20260910,0.7081889914509276,0.7081889914509276,1,0
monthly_state_retained,2473,2021-04-02,2021-04-12,-0.0292856811827044,2021,2021-03-31,learned_order_offset,20260911,0.6426571671723265,0.6426571671723265,1,0
monthly_state_retained,2477,2021-04-09,2021-04-19,-0.0120489836840408,2021,2021-03-31,learned_order_offset,20260911,0.5170676205088839,0.5170676205088839,1,0
monthly_state_retained,2482,2021-04-16,2021-04-26,0.0382932540809155,2021,2021-03-31,learned_order_offset,20260911,0.45037422792655746,0.45037422792655746,0,1
monthly_state_retained,2487,2021-04-23,2021-05-06,-0.0112070185917437,2021,2021-03-31,learned_order_offset,20260911,0.5047827959577951,0.5047827959577951,1,0
monthly_state_retained,2492,2021-04-30,2021-05-12,-0.0190946889464188,2021,2021-03-31,learned_order_offset,20260911,0.7084828106212467,0.7084828106212467,1,0
monthly_state_retained,2473,2021-04-02,2021-04-12,-0.0292856811827044,2021,2021-03-31,learned_order_offset,20260912,0.566102470284805,0.566102470284805,1,0
monthly_state_retained,2477,2021-04-09,2021-04-19,-0.0120489836840408,2021,2021-03-31,learned_order_offset,20260912,0.6869015293782829,0.6869015293782829,1,0
monthly_state_retained,2482,2021-04-16,2021-04-26,0.0382932540809155,2021,2021-03-31,learned_order_offset,20260912,0.6078000978596377,0.6078000978596377,1,1
monthly_state_retained,2487,2021-04-23,2021-05-06,-0.0112070185917437,2021,2021-03-31,learned_order_offset,20260912,0.6999268378054232,0.6999268378054232,1,0
monthly_state_retained,2492,2021-04-30,2021-05-12,-0.0190946889464188,2021,2021-03-31,learned_order_offset,20260912,0.49168441153382075,0.49168441153382075,0,0
monthly_state_retained,2494,2021-05-07,2021-05-17,0.0227674429764228,2021,2021-04-30,learned_market,20260910,0.707143295820497,0.707143295820497,1,1
monthly_state_retained,2499,2021-05-14,2021-05-24,0.0045940519733895,2021,2021-04-30,learned_market,20260910,0.6297830216175037,0.6297830216175037,1,1
monthly_state_retained,2504,2021-05-21,2021-05-31,0.0348855085126711,2021,2021-04-30,learned_market,20260910,0.6135561076345685,0.6135561076345685,1,1
monthly_state_retained,2509,2021-05-28,2021-06-07,-0.0062409741861724,2021,2021-04-30,learned_market,20260910,0.5954545940650008,0.5954545940650008,1,0
monthly_state_retained,2494,2021-05-07,2021-05-17,0.0227674429764228,2021,2021-04-30,learned_market,20260911,0.7605988126578928,0.7605988126578928,1,1
monthly_state_retained,2499,2021-05-14,2021-05-24,0.0045940519733895,2021,2021-04-30,learned_market,20260911,0.431899455562366,0.431899455562366,0,1
monthly_state_retained,2504,2021-05-21,2021-05-31,0.0348855085126711,2021,2021-04-30,learned_market,20260911,0.6176291390559848,0.6176291390559848,1,1
monthly_state_retained,2509,2021-05-28,2021-06-07,-0.0062409741861724,2021,2021-04-30,learned_market,20260911,0.5529696066128726,0.5529696066128726,1,0
monthly_state_retained,2494,2021-05-07,2021-05-17,0.0227674429764228,2021,2021-04-30,learned_market,20260912,0.5923668300862341,0.5923668300862341,1,1
monthly_state_retained,2499,2021-05-14,2021-05-24,0.0045940519733895,2021,2021-04-30,learned_market,20260912,0.5283594579480488,0.5283594579480488,1,1
monthly_state_retained,2504,2021-05-21,2021-05-31,0.0348855085126711,2021,2021-04-30,learned_market,20260912,0.6202700684440092,0.6202700684440092,1,1
monthly_state_retained,2509,2021-05-28,2021-06-07,-0.0062409741861724,2021,2021-04-30,learned_market,20260912,0.5014076959249572,0.5014076959249572,1,0
monthly_state_retained,2494,2021-05-07,2021-05-17,0.0227674429764228,2021,2021-04-30,learned_vol_interaction,20260910,0.7158017585661451,0.7158017585661451,1,1
monthly_state_retained,2499,2021-05-14,2021-05-24,0.0045940519733895,2021,2021-04-30,learned_vol_interaction,20260910,0.6694091341375065,0.6694091341375065,1,1
monthly_state_retained,2504,2021-05-21,2021-05-31,0.0348855085126711,2021,2021-04-30,learned_vol_interaction,20260910,0.636918321286237,0.636918321286237,1,1
monthly_state_retained,2509,2021-05-28,2021-06-07,-0.0062409741861724,2021,2021-04-30,learned_vol_interaction,20260910,0.5964746009268665,0.5964746009268665,1,0
monthly_state_retained,2494,2021-05-07,2021-05-17,0.0227674429764228,2021,2021-04-30,learned_vol_interaction,20260911,0.754839297520103,0.754839297520103,1,1
monthly_state_retained,2499,2021-05-14,2021-05-24,0.0045940519733895,2021,2021-04-30,learned_vol_interaction,20260911,0.43398865323186975,0.43398865323186975,0,1
monthly_state_retained,2504,2021-05-21,2021-05-31,0.0348855085126711,2021,2021-04-30,learned_vol_interaction,20260911,0.6023590417130459,0.6023590417130459,1,1
monthly_state_retained,2509,2021-05-28,2021-06-07,-0.0062409741861724,2021,2021-04-30,learned_vol_interaction,20260911,0.5524495113584302,0.5524495113584302,1,0
monthly_state_retained,2494,2021-05-07,2021-05-17,0.0227674429764228,2021,2021-04-30,learned_vol_interaction,20260912,0.5936076847954643,0.5936076847954643,1,1
monthly_state_retained,2499,2021-05-14,2021-05-24,0.0045940519733895,2021,2021-04-30,learned_vol_interaction,20260912,0.5260594519724338,0.5260594519724338,1,1
monthly_state_retained,2504,2021-05-21,2021-05-31,0.0348855085126711,2021,2021-04-30,learned_vol_interaction,20260912,0.6194700609717307,0.6194700609717307,1,1
monthly_state_retained,2509,2021-05-28,2021-06-07,-0.0062409741861724,2021,2021-04-30,learned_vol_interaction,20260912,0.4999311238130264,0.4999311238130264,0,0
monthly_state_retained,2494,2021-05-07,2021-05-17,0.0227674429764228,2021,2021-04-30,learned_order_extension,20260910,0.7249150404118895,0.7249150404118895,1,1
monthly_state_retained,2499,2021-05-14,2021-05-24,0.0045940519733895,2021,2021-04-30,learned_order_extension,20260910,0.6698431717025706,0.6698431717025706,1,1
monthly_state_retained,2504,2021-05-21,2021-05-31,0.0348855085126711,2021,2021-04-30,learned_order_extension,20260910,0.637226950963881,0.637226950963881,1,1
monthly_state_retained,2509,2021-05-28,2021-06-07,-0.0062409741861724,2021,2021-04-30,learned_order_extension,20260910,0.5886282988716269,0.5886282988716269,1,0
monthly_state_retained,2494,2021-05-07,2021-05-17,0.0227674429764228,2021,2021-04-30,learned_order_extension,20260911,0.7808980561683019,0.7808980561683019,1,1
monthly_state_retained,2499,2021-05-14,2021-05-24,0.0045940519733895,2021,2021-04-30,learned_order_extension,20260911,0.39413011936164705,0.39413011936164705,0,1
monthly_state_retained,2504,2021-05-21,2021-05-31,0.0348855085126711,2021,2021-04-30,learned_order_extension,20260911,0.6034561668947356,0.6034561668947356,1,1
monthly_state_retained,2509,2021-05-28,2021-06-07,-0.0062409741861724,2021,2021-04-30,learned_order_extension,20260911,0.5608652950070303,0.5608652950070303,1,0
monthly_state_retained,2494,2021-05-07,2021-05-17,0.0227674429764228,2021,2021-04-30,learned_order_extension,20260912,0.5924909504537539,0.5924909504537539,1,1
monthly_state_retained,2499,2021-05-14,2021-05-24,0.0045940519733895,2021,2021-04-30,learned_order_extension,20260912,0.5211782975246303,0.5211782975246303,1,1
monthly_state_retained,2504,2021-05-21,2021-05-31,0.0348855085126711,2021,2021-04-30,learned_order_extension,20260912,0.6201148626993727,0.6201148626993727,1,1
monthly_state_retained,2509,2021-05-28,2021-06-07,-0.0062409741861724,2021,2021-04-30,learned_order_extension,20260912,0.49912386449059004,0.49912386449059004,0,0
monthly_state_retained,2494,2021-05-07,2021-05-17,0.0227674429764228,2021,2021-04-30,learned_order_offset,20260910,0.7251521525843039,0.7251521525843039,1,1
monthly_state_retained,2499,2021-05-14,2021-05-24,0.0045940519733895,2021,2021-04-30,learned_order_offset,20260910,0.6694154575019221,0.6694154575019221,1,1
monthly_state_retained,2504,2021-05-21,2021-05-31,0.0348855085126711,2021,2021-04-30,learned_order_offset,20260910,0.6371708245860618,0.6371708245860618,1,1
monthly_state_retained,2509,2021-05-28,2021-06-07,-0.0062409741861724,2021,2021-04-30,learned_order_offset,20260910,0.5888200734182478,0.5888200734182478,1,0
monthly_state_retained,2494,2021-05-07,2021-05-17,0.0227674429764228,2021,2021-04-30,learned_order_offset,20260911,0.7798146116297984,0.7798146116297984,1,1
monthly_state_retained,2499,2021-05-14,2021-05-24,0.0045940519733895,2021,2021-04-30,learned_order_offset,20260911,0.39380849753299824,0.39380849753299824,0,1
monthly_state_retained,2504,2021-05-21,2021-05-31,0.0348855085126711,2021,2021-04-30,learned_order_offset,20260911,0.6027515999296177,0.6027515999296177,1,1
monthly_state_retained,2509,2021-05-28,2021-06-07,-0.0062409741861724,2021,2021-04-30,learned_order_offset,20260911,0.5597480832986254,0.5597480832986254,1,0
monthly_state_retained,2494,2021-05-07,2021-05-17,0.0227674429764228,2021,2021-04-30,learned_order_offset,20260912,0.5919092456876717,0.5919092456876717,1,1
monthly_state_retained,2499,2021-05-14,2021-05-24,0.0045940519733895,2021,2021-04-30,learned_order_offset,20260912,0.5203594988625989,0.5203594988625989,1,1
monthly_state_retained,2504,2021-05-21,2021-05-31,0.0348855085126711,2021,2021-04-30,learned_order_offset,20260912,0.6196299438561572,0.6196299438561572,1,1
monthly_state_retained,2509,2021-05-28,2021-06-07,-0.0062409741861724,2021,2021-04-30,learned_order_offset,20260912,0.498513660109647,0.498513660109647,0,0
monthly_state_retained,2514,2021-06-04,2021-06-15,-0.0125508761771767,2021,2021-05-31,learned_market,20260910,0.5021950734156202,0.5021950734156202,1,0
monthly_state_retained,2519,2021-06-11,2021-06-21,-0.0250011497424577,2021,2021-05-31,learned_market,20260910,0.35343278398049977,0.35343278398049977,0,0
monthly_state_retained,2523,2021-06-18,2021-06-28,0.0325308711127356,2021,2021-05-31,learned_market,20260910,0.3221586033468014,0.3221586033468014,0,1
monthly_state_retained,2528,2021-06-25,2021-07-05,-0.0342297962734196,2021,2021-05-31,learned_market,20260910,0.4336393441432385,0.4336393441432385,0,0
monthly_state_retained,2514,2021-06-04,2021-06-15,-0.0125508761771767,2021,2021-05-31,learned_market,20260911,0.43021338956165145,0.43021338956165145,0,0
monthly_state_retained,2519,2021-06-11,2021-06-21,-0.0250011497424577,2021,2021-05-31,learned_market,20260911,0.23588261601608784,0.23588261601608784,0,0
monthly_state_retained,2523,2021-06-18,2021-06-28,0.0325308711127356,2021,2021-05-31,learned_market,20260911,0.4400528193036787,0.4400528193036787,0,1
monthly_state_retained,2528,2021-06-25,2021-07-05,-0.0342297962734196,2021,2021-05-31,learned_market,20260911,0.398327544114051,0.398327544114051,0,0
monthly_state_retained,2514,2021-06-04,2021-06-15,-0.0125508761771767,2021,2021-05-31,learned_market,20260912,0.32971545266050545,0.32971545266050545,0,0
monthly_state_retained,2519,2021-06-11,2021-06-21,-0.0250011497424577,2021,2021-05-31,learned_market,20260912,0.4358470115181578,0.4358470115181578,0,0
monthly_state_retained,2523,2021-06-18,2021-06-28,0.0325308711127356,2021,2021-05-31,learned_market,20260912,0.39660974147357,0.39660974147357,0,1
monthly_state_retained,2528,2021-06-25,2021-07-05,-0.0342297962734196,2021,2021-05-31,learned_market,20260912,0.2996275446219084,0.2996275446219084,0,0
monthly_state_retained,2514,2021-06-04,2021-06-15,-0.0125508761771767,2021,2021-05-31,learned_vol_interaction,20260910,0.4714551199386704,0.4714551199386704,0,0
monthly_state_retained,2519,2021-06-11,2021-06-21,-0.0250011497424577,2021,2021-05-31,learned_vol_interaction,20260910,0.2976695737938547,0.2976695737938547,0,0
monthly_state_retained,2523,2021-06-18,2021-06-28,0.0325308711127356,2021,2021-05-31,learned_vol_interaction,20260910,0.2852455047514334,0.2852455047514334,0,1
monthly_state_retained,2528,2021-06-25,2021-07-05,-0.0342297962734196,2021,2021-05-31,learned_vol_interaction,20260910,0.36967907658300214,0.36967907658300214,0,0
monthly_state_retained,2514,2021-06-04,2021-06-15,-0.0125508761771767,2021,2021-05-31,learned_vol_interaction,20260911,0.4338741634973696,0.4338741634973696,0,0
monthly_state_retained,2519,2021-06-11,2021-06-21,-0.0250011497424577,2021,2021-05-31,learned_vol_interaction,20260911,0.243541607825957,0.243541607825957,0,0
monthly_state_retained,2523,2021-06-18,2021-06-28,0.0325308711127356,2021,2021-05-31,learned_vol_interaction,20260911,0.44439540821990653,0.44439540821990653,0,1
monthly_state_retained,2528,2021-06-25,2021-07-05,-0.0342297962734196,2021,2021-05-31,learned_vol_interaction,20260911,0.4173214962232166,0.4173214962232166,0,0
monthly_state_retained,2514,2021-06-04,2021-06-15,-0.0125508761771767,2021,2021-05-31,learned_vol_interaction,20260912,0.32963442443266894,0.32963442443266894,0,0
monthly_state_retained,2519,2021-06-11,2021-06-21,-0.0250011497424577,2021,2021-05-31,learned_vol_interaction,20260912,0.43487798405591244,0.43487798405591244,0,0
monthly_state_retained,2523,2021-06-18,2021-06-28,0.0325308711127356,2021,2021-05-31,learned_vol_interaction,20260912,0.39563184997461803,0.39563184997461803,0,1
monthly_state_retained,2528,2021-06-25,2021-07-05,-0.0342297962734196,2021,2021-05-31,learned_vol_interaction,20260912,0.2936971410007611,0.2936971410007611,0,0
monthly_state_retained,2514,2021-06-04,2021-06-15,-0.0125508761771767,2021,2021-05-31,learned_order_extension,20260910,0.45708512700896387,0.45708512700896387,0,0
monthly_state_retained,2519,2021-06-11,2021-06-21,-0.0250011497424577,2021,2021-05-31,learned_order_extension,20260910,0.2698925230706461,0.2698925230706461,0,0
monthly_state_retained,2523,2021-06-18,2021-06-28,0.0325308711127356,2021,2021-05-31,learned_order_extension,20260910,0.2635709565277681,0.2635709565277681,0,1
monthly_state_retained,2528,2021-06-25,2021-07-05,-0.0342297962734196,2021,2021-05-31,learned_order_extension,20260910,0.3555705506909634,0.3555705506909634,0,0
monthly_state_retained,2514,2021-06-04,2021-06-15,-0.0125508761771767,2021,2021-05-31,learned_order_extension,20260911,0.41641551181704617,0.41641551181704617,0,0
monthly_state_retained,2519,2021-06-11,2021-06-21,-0.0250011497424577,2021,2021-05-31,learned_order_extension,20260911,0.1949333176792701,0.1949333176792701,0,0
monthly_state_retained,2523,2021-06-18,2021-06-28,0.0325308711127356,2021,2021-05-31,learned_order_extension,20260911,0.4247939305836327,0.4247939305836327,0,1
monthly_state_retained,2528,2021-06-25,2021-07-05,-0.0342297962734196,2021,2021-05-31,learned_order_extension,20260911,0.40325405625265054,0.40325405625265054,0,0
monthly_state_retained,2514,2021-06-04,2021-06-15,-0.0125508761771767,2021,2021-05-31,learned_order_extension,20260912,0.3220408483503156,0.3220408483503156,0,0
monthly_state_retained,2519,2021-06-11,2021-06-21,-0.0250011497424577,2021,2021-05-31,learned_order_extension,20260912,0.4292917957601971,0.4292917957601971,0,0
monthly_state_retained,2523,2021-06-18,2021-06-28,0.0325308711127356,2021,2021-05-31,learned_order_extension,20260912,0.39019861803489025,0.39019861803489025,0,1
monthly_state_retained,2528,2021-06-25,2021-07-05,-0.0342297962734196,2021,2021-05-31,learned_order_extension,20260912,0.28601239769549003,0.28601239769549003,0,0
monthly_state_retained,2514,2021-06-04,2021-06-15,-0.0125508761771767,2021,2021-05-31,learned_order_offset,20260910,0.45742240834197484,0.45742240834197484,0,0
monthly_state_retained,2519,2021-06-11,2021-06-21,-0.0250011497424577,2021,2021-05-31,learned_order_offset,20260910,0.2701660447902878,0.2701660447902878,0,0
monthly_state_retained,2523,2021-06-18,2021-06-28,0.0325308711127356,2021,2021-05-31,learned_order_offset,20260910,0.2637900504073793,0.2637900504073793,0,1
monthly_state_retained,2528,2021-06-25,2021-07-05,-0.0342297962734196,2021,2021-05-31,learned_order_offset,20260910,0.3559086153667759,0.3559086153667759,0,0
monthly_state_retained,2514,2021-06-04,2021-06-15,-0.0125508761771767,2021,2021-05-31,learned_order_offset,20260911,0.41739120526524837,0.41739120526524837,0,0
monthly_state_retained,2519,2021-06-11,2021-06-21,-0.0250011497424577,2021,2021-05-31,learned_order_offset,20260911,0.1959833797723796,0.1959833797723796,0,0
monthly_state_retained,2523,2021-06-18,2021-06-28,0.0325308711127356,2021,2021-05-31,learned_order_offset,20260911,0.42516594768657723,0.42516594768657723,0,1
monthly_state_retained,2528,2021-06-25,2021-07-05,-0.0342297962734196,2021,2021-05-31,learned_order_offset,20260911,0.40512520197902574,0.40512520197902574,0,0
monthly_state_retained,2514,2021-06-04,2021-06-15,-0.0125508761771767,2021,2021-05-31,learned_order_offset,20260912,0.32211543056065006,0.32211543056065006,0,0
monthly_state_retained,2519,2021-06-11,2021-06-21,-0.0250011497424577,2021,2021-05-31,learned_order_offset,20260912,0.4292652143972748,0.4292652143972748,0,0
monthly_state_retained,2523,2021-06-18,2021-06-28,0.0325308711127356,2021,2021-05-31,learned_order_offset,20260912,0.389839647004703,0.389839647004703,0,1
monthly_state_retained,2528,2021-06-25,2021-07-05,-0.0342297962734196,2021,2021-05-31,learned_order_offset,20260912,0.2857328768925556,0.2857328768925556,0,0
monthly_state_retained,2533,2021-07-02,2021-07-12,0.0068193733271841,2021,2021-06-30,learned_market,20260910,0.3704733615248586,0.3704733615248586,0,1
monthly_state_retained,2538,2021-07-09,2021-07-19,-0.0048254045313779,2021,2021-06-30,learned_market,20260910,0.38743639841929484,0.38743639841929484,0,0
monthly_state_retained,2543,2021-07-16,2021-07-26,-0.0032299118953994,2021,2021-06-30,learned_market,20260910,0.3392496570286791,0.3392496570286791,0,0
monthly_state_retained,2548,2021-07-23,2021-08-02,-0.0537740931579083,2021,2021-06-30,learned_market,20260910,0.4242757327433418,0.4242757327433418,0,0
monthly_state_retained,2553,2021-07-30,2021-08-09,0.019904813945049,2021,2021-06-30,learned_market,20260910,0.44622832370349025,0.44622832370349025,0,1
monthly_state_retained,2533,2021-07-02,2021-07-12,0.0068193733271841,2021,2021-06-30,learned_market,20260911,0.48682640109202396,0.48682640109202396,0,1
monthly_state_retained,2538,2021-07-09,2021-07-19,-0.0048254045313779,2021,2021-06-30,learned_market,20260911,0.24332467078520445,0.24332467078520445,0,0
monthly_state_retained,2543,2021-07-16,2021-07-26,-0.0032299118953994,2021,2021-06-30,learned_market,20260911,0.35925555662388703,0.35925555662388703,0,0
monthly_state_retained,2548,2021-07-23,2021-08-02,-0.0537740931579083,2021,2021-06-30,learned_market,20260911,0.39776512063817443,0.39776512063817443,0,0
monthly_state_retained,2553,2021-07-30,2021-08-09,0.019904813945049,2021,2021-06-30,learned_market,20260911,0.552232244409667,0.552232244409667,1,1
monthly_state_retained,2533,2021-07-02,2021-07-12,0.0068193733271841,2021,2021-06-30,learned_market,20260912,0.5151635455277491,0.5151635455277491,1,1
monthly_state_retained,2538,2021-07-09,2021-07-19,-0.0048254045313779,2021,2021-06-30,learned_market,20260912,0.6207119283283139,0.6207119283283139,1,0
monthly_state_retained,2543,2021-07-16,2021-07-26,-0.0032299118953994,2021,2021-06-30,learned_market,20260912,0.49005551482262627,0.49005551482262627,0,0
monthly_state_retained,2548,2021-07-23,2021-08-02,-0.0537740931579083,2021,2021-06-30,learned_market,20260912,0.6154753433492549,0.6154753433492549,1,0
monthly_state_retained,2553,2021-07-30,2021-08-09,0.019904813945049,2021,2021-06-30,learned_market,20260912,0.5234204191777538,0.5234204191777538,1,1
monthly_state_retained,2533,2021-07-02,2021-07-12,0.0068193733271841,2021,2021-06-30,learned_vol_interaction,20260910,0.33854643902626746,0.33854643902626746,0,1
monthly_state_retained,2538,2021-07-09,2021-07-19,-0.0048254045313779,2021,2021-06-30,learned_vol_interaction,20260910,0.33440628192539174,0.33440628192539174,0,0
monthly_state_retained,2543,2021-07-16,2021-07-26,-0.0032299118953994,2021,2021-06-30,learned_vol_interaction,20260910,0.2983054237457592,0.2983054237457592,0,0
monthly_state_retained,2548,2021-07-23,2021-08-02,-0.0537740931579083,2021,2021-06-30,learned_vol_interaction,20260910,0.3973707608981436,0.3973707608981436,0,0
monthly_state_retained,2553,2021-07-30,2021-08-09,0.019904813945049,2021,2021-06-30,learned_vol_interaction,20260910,0.45645753128071037,0.45645753128071037,0,1
monthly_state_retained,2533,2021-07-02,2021-07-12,0.0068193733271841,2021,2021-06-30,learned_vol_interaction,20260911,0.48991781025485154,0.48991781025485154,0,1
monthly_state_retained,2538,2021-07-09,2021-07-19,-0.0048254045313779,2021,2021-06-30,learned_vol_interaction,20260911,0.2599569018271382,0.2599569018271382,0,0
monthly_state_retained,2543,2021-07-16,2021-07-26,-0.0032299118953994,2021,2021-06-30,learned_vol_interaction,20260911,0.36450308143319354,0.36450308143319354,0,0
monthly_state_retained,2548,2021-07-23,2021-08-02,-0.0537740931579083,2021,2021-06-30,learned_vol_interaction,20260911,0.410758949240298,0.410758949240298,0,0
monthly_state_retained,2553,2021-07-30,2021-08-09,0.019904813945049,2021,2021-06-30,learned_vol_interaction,20260911,0.5670421120159365,0.5670421120159365,1,1
monthly_state_retained,2533,2021-07-02,2021-07-12,0.0068193733271841,2021,2021-06-30,learned_vol_interaction,20260912,0.5148668706411704,0.5148668706411704,1,1
monthly_state_retained,2538,2021-07-09,2021-07-19,-0.0048254045313779,2021,2021-06-30,learned_vol_interaction,20260912,0.6186903340218607,0.6186903340218607,1,0
monthly_state_retained,2543,2021-07-16,2021-07-26,-0.0032299118953994,2021,2021-06-30,learned_vol_interaction,20260912,0.4865946477628708,0.4865946477628708,0,0
monthly_state_retained,2548,2021-07-23,2021-08-02,-0.0537740931579083,2021,2021-06-30,learned_vol_interaction,20260912,0.6139762603963855,0.6139762603963855,1,0
monthly_state_retained,2553,2021-07-30,2021-08-09,0.019904813945049,2021,2021-06-30,learned_vol_interaction,20260912,0.5240194778238666,0.5240194778238666,1,1
monthly_state_retained,2533,2021-07-02,2021-07-12,0.0068193733271841,2021,2021-06-30,learned_order_extension,20260910,0.3215356208455046,0.3215356208455046,0,1
monthly_state_retained,2538,2021-07-09,2021-07-19,-0.0048254045313779,2021,2021-06-30,learned_order_extension,20260910,0.30960513014389496,0.30960513014389496,0,0
monthly_state_retained,2543,2021-07-16,2021-07-26,-0.0032299118953994,2021,2021-06-30,learned_order_extension,20260910,0.26346674807178416,0.26346674807178416,0,0
monthly_state_retained,2548,2021-07-23,2021-08-02,-0.0537740931579083,2021,2021-06-30,learned_order_extension,20260910,0.37768275856106887,0.37768275856106887,0,0
monthly_state_retained,2553,2021-07-30,2021-08-09,0.019904813945049,2021,2021-06-30,learned_order_extension,20260910,0.4428695355453456,0.4428695355453456,0,1
monthly_state_retained,2533,2021-07-02,2021-07-12,0.0068193733271841,2021,2021-06-30,learned_order_extension,20260911,0.4870314747634348,0.4870314747634348,0,1
monthly_state_retained,2538,2021-07-09,2021-07-19,-0.0048254045313779,2021,2021-06-30,learned_order_extension,20260911,0.18885603482317434,0.18885603482317434,0,0
monthly_state_retained,2543,2021-07-16,2021-07-26,-0.0032299118953994,2021,2021-06-30,learned_order_extension,20260911,0.3017342200602158,0.3017342200602158,0,0
monthly_state_retained,2548,2021-07-23,2021-08-02,-0.0537740931579083,2021,2021-06-30,learned_order_extension,20260911,0.36810694455242254,0.36810694455242254,0,0
monthly_state_retained,2553,2021-07-30,2021-08-09,0.019904813945049,2021,2021-06-30,learned_order_extension,20260911,0.551068322085785,0.551068322085785,1,1
monthly_state_retained,2533,2021-07-02,2021-07-12,0.0068193733271841,2021,2021-06-30,learned_order_extension,20260912,0.511988380684367,0.511988380684367,1,1
monthly_state_retained,2538,2021-07-09,2021-07-19,-0.0048254045313779,2021,2021-06-30,learned_order_extension,20260912,0.6213632916420614,0.6213632916420614,1,0
monthly_state_retained,2543,2021-07-16,2021-07-26,-0.0032299118953994,2021,2021-06-30,learned_order_extension,20260912,0.4783021837038135,0.4783021837038135,0,0
monthly_state_retained,2548,2021-07-23,2021-08-02,-0.0537740931579083,2021,2021-06-30,learned_order_extension,20260912,0.6124295217712632,0.6124295217712632,1,0
monthly_state_retained,2553,2021-07-30,2021-08-09,0.019904813945049,2021,2021-06-30,learned_order_extension,20260912,0.5183173735705874,0.5183173735705874,1,1
monthly_state_retained,2533,2021-07-02,2021-07-12,0.0068193733271841,2021,2021-06-30,learned_order_offset,20260910,0.3216916416287179,0.3216916416287179,0,1
monthly_state_retained,2538,2021-07-09,2021-07-19,-0.0048254045313779,2021,2021-06-30,learned_order_offset,20260910,0.3101145030268536,0.3101145030268536,0,0
monthly_state_retained,2543,2021-07-16,2021-07-26,-0.0032299118953994,2021,2021-06-30,learned_order_offset,20260910,0.26392360125279063,0.26392360125279063,0,0
monthly_state_retained,2548,2021-07-23,2021-08-02,-0.0537740931579083,2021,2021-06-30,learned_order_offset,20260910,0.3781019647861085,0.3781019647861085,0,0
monthly_state_retained,2553,2021-07-30,2021-08-09,0.019904813945049,2021,2021-06-30,learned_order_offset,20260910,0.443071770145631,0.443071770145631,0,1
monthly_state_retained,2533,2021-07-02,2021-07-12,0.0068193733271841,2021,2021-06-30,learned_order_offset,20260911,0.48834019247779775,0.48834019247779775,0,1
monthly_state_retained,2538,2021-07-09,2021-07-19,-0.0048254045313779,2021,2021-06-30,learned_order_offset,20260911,0.1899218857560688,0.1899218857560688,0,0
monthly_state_retained,2543,2021-07-16,2021-07-26,-0.0032299118953994,2021,2021-06-30,learned_order_offset,20260911,0.30227219210751677,0.30227219210751677,0,0
monthly_state_retained,2548,2021-07-23,2021-08-02,-0.0537740931579083,2021,2021-06-30,learned_order_offset,20260911,0.3682876710362575,0.3682876710362575,0,0
monthly_state_retained,2553,2021-07-30,2021-08-09,0.019904813945049,2021,2021-06-30,learned_order_offset,20260911,0.5493128567304749,0.5493128567304749,1,1
monthly_state_retained,2533,2021-07-02,2021-07-12,0.0068193733271841,2021,2021-06-30,learned_order_offset,20260912,0.5120272781444086,0.5120272781444086,1,1
monthly_state_retained,2538,2021-07-09,2021-07-19,-0.0048254045313779,2021,2021-06-30,learned_order_offset,20260912,0.6210298644444885,0.6210298644444885,1,0
monthly_state_retained,2543,2021-07-16,2021-07-26,-0.0032299118953994,2021,2021-06-30,learned_order_offset,20260912,0.47780664490085595,0.47780664490085595,0,0
monthly_state_retained,2548,2021-07-23,2021-08-02,-0.0537740931579083,2021,2021-06-30,learned_order_offset,20260912,0.6120939315881804,0.6120939315881804,1,0
monthly_state_retained,2553,2021-07-30,2021-08-09,0.019904813945049,2021,2021-06-30,learned_order_offset,20260912,0.5180210270033623,0.5180210270033623,1,1
monthly_state_retained,2558,2021-08-06,2021-08-16,0.0093369268709639,2021,2021-07-31,learned_market,20260910,0.40768230665718896,0.40768230665718896,0,1
monthly_state_retained,2563,2021-08-13,2021-08-23,-0.032048736608373,2021,2021-07-31,learned_market,20260910,0.4025918663246775,0.4025918663246775,0,0
monthly_state_retained,2568,2021-08-20,2021-08-30,0.0145047962107527,2021,2021-07-31,learned_market,20260910,0.5581931205458567,0.5581931205458567,1,1
monthly_state_retained,2573,2021-08-27,2021-09-06,-0.0012316820816045,2021,2021-07-31,learned_market,20260910,0.5652685808405962,0.5652685808405962,1,0
monthly_state_retained,2558,2021-08-06,2021-08-16,0.0093369268709639,2021,2021-07-31,learned_market,20260911,0.6069177458010507,0.6069177458010507,1,1
monthly_state_retained,2563,2021-08-13,2021-08-23,-0.032048736608373,2021,2021-07-31,learned_market,20260911,0.6395330957156883,0.6395330957156883,1,0
monthly_state_retained,2568,2021-08-20,2021-08-30,0.0145047962107527,2021,2021-07-31,learned_market,20260911,0.49778467368571605,0.49778467368571605,0,1
monthly_state_retained,2573,2021-08-27,2021-09-06,-0.0012316820816045,2021,2021-07-31,learned_market,20260911,0.7992998823896141,0.7992998823896141,1,0
monthly_state_retained,2558,2021-08-06,2021-08-16,0.0093369268709639,2021,2021-07-31,learned_market,20260912,0.5141172877385481,0.5141172877385481,1,1
monthly_state_retained,2563,2021-08-13,2021-08-23,-0.032048736608373,2021,2021-07-31,learned_market,20260912,0.799712207667327,0.799712207667327,1,0
monthly_state_retained,2568,2021-08-20,2021-08-30,0.0145047962107527,2021,2021-07-31,learned_market,20260912,0.6945524744678218,0.6945524744678218,1,1
monthly_state_retained,2573,2021-08-27,2021-09-06,-0.0012316820816045,2021,2021-07-31,learned_market,20260912,0.650209110265474,0.650209110265474,1,0
monthly_state_retained,2558,2021-08-06,2021-08-16,0.0093369268709639,2021,2021-07-31,learned_vol_interaction,20260910,0.4414614197613605,0.4414614197613605,0,1
monthly_state_retained,2563,2021-08-13,2021-08-23,-0.032048736608373,2021,2021-07-31,learned_vol_interaction,20260910,0.454673473148584,0.454673473148584,0,0
monthly_state_retained,2568,2021-08-20,2021-08-30,0.0145047962107527,2021,2021-07-31,learned_vol_interaction,20260910,0.5753590432785457,0.5753590432785457,1,1
monthly_state_retained,2573,2021-08-27,2021-09-06,-0.0012316820816045,2021,2021-07-31,learned_vol_interaction,20260910,0.5964802029549509,0.5964802029549509,1,0
monthly_state_retained,2558,2021-08-06,2021-08-16,0.0093369268709639,2021,2021-07-31,learned_vol_interaction,20260911,0.611366208230644,0.611366208230644,1,1
monthly_state_retained,2563,2021-08-13,2021-08-23,-0.032048736608373,2021,2021-07-31,learned_vol_interaction,20260911,0.6499874314301235,0.6499874314301235,1,0
monthly_state_retained,2568,2021-08-20,2021-08-30,0.0145047962107527,2021,2021-07-31,learned_vol_interaction,20260911,0.47410312241187347,0.47410312241187347,0,1
monthly_state_retained,2573,2021-08-27,2021-09-06,-0.0012316820816045,2021,2021-07-31,learned_vol_interaction,20260911,0.8077225877731411,0.8077225877731411,1,0
monthly_state_retained,2558,2021-08-06,2021-08-16,0.0093369268709639,2021,2021-07-31,learned_vol_interaction,20260912,0.5136649464816024,0.5136649464816024,1,1
monthly_state_retained,2563,2021-08-13,2021-08-23,-0.032048736608373,2021,2021-07-31,learned_vol_interaction,20260912,0.7945167952306426,0.7945167952306426,1,0
monthly_state_retained,2568,2021-08-20,2021-08-30,0.0145047962107527,2021,2021-07-31,learned_vol_interaction,20260912,0.6928180790402312,0.6928180790402312,1,1
monthly_state_retained,2573,2021-08-27,2021-09-06,-0.0012316820816045,2021,2021-07-31,learned_vol_interaction,20260912,0.6501421001064899,0.6501421001064899,1,0
monthly_state_retained,2558,2021-08-06,2021-08-16,0.0093369268709639,2021,2021-07-31,learned_order_extension,20260910,0.4229515556966854,0.4229515556966854,0,1
monthly_state_retained,2563,2021-08-13,2021-08-23,-0.032048736608373,2021,2021-07-31,learned_order_extension,20260910,0.4456618802062691,0.4456618802062691,0,0
monthly_state_retained,2568,2021-08-20,2021-08-30,0.0145047962107527,2021,2021-07-31,learned_order_extension,20260910,0.5729448112364248,0.5729448112364248,1,1
monthly_state_retained,2573,2021-08-27,2021-09-06,-0.0012316820816045,2021,2021-07-31,learned_order_extension,20260910,0.5932306473216634,0.5932306473216634,1,0
monthly_state_retained,2558,2021-08-06,2021-08-16,0.0093369268709639,2021,2021-07-31,learned_order_extension,20260911,0.5976356202999715,0.5976356202999715,1,1
monthly_state_retained,2563,2021-08-13,2021-08-23,-0.032048736608373,2021,2021-07-31,learned_order_extension,20260911,0.6460173631921735,0.6460173631921735,1,0
monthly_state_retained,2568,2021-08-20,2021-08-30,0.0145047962107527,2021,2021-07-31,learned_order_extension,20260911,0.4599800330212217,0.4599800330212217,0,1
monthly_state_retained,2573,2021-08-27,2021-09-06,-0.0012316820816045,2021,2021-07-31,learned_order_extension,20260911,0.8227439473299855,0.8227439473299855,1,0
monthly_state_retained,2558,2021-08-06,2021-08-16,0.0093369268709639,2021,2021-07-31,learned_order_extension,20260912,0.509509202348959,0.509509202348959,1,1
monthly_state_retained,2563,2021-08-13,2021-08-23,-0.032048736608373,2021,2021-07-31,learned_order_extension,20260912,0.7945715828017712,0.7945715828017712,1,0
monthly_state_retained,2568,2021-08-20,2021-08-30,0.0145047962107527,2021,2021-07-31,learned_order_extension,20260912,0.6924411435011819,0.6924411435011819,1,1
monthly_state_retained,2573,2021-08-27,2021-09-06,-0.0012316820816045,2021,2021-07-31,learned_order_extension,20260912,0.6485120883138071,0.6485120883138071,1,0
monthly_state_retained,2558,2021-08-06,2021-08-16,0.0093369268709639,2021,2021-07-31,learned_order_offset,20260910,0.4229308279115627,0.4229308279115627,0,1
monthly_state_retained,2563,2021-08-13,2021-08-23,-0.032048736608373,2021,2021-07-31,learned_order_offset,20260910,0.4454769793108894,0.4454769793108894,0,0
monthly_state_retained,2568,2021-08-20,2021-08-30,0.0145047962107527,2021,2021-07-31,learned_order_offset,20260910,0.5730433431588372,0.5730433431588372,1,1
monthly_state_retained,2573,2021-08-27,2021-09-06,-0.0012316820816045,2021,2021-07-31,learned_order_offset,20260910,0.5924044756946784,0.5924044756946784,1,0
monthly_state_retained,2558,2021-08-06,2021-08-16,0.0093369268709639,2021,2021-07-31,learned_order_offset,20260911,0.5952755431654839,0.5952755431654839,1,1
monthly_state_retained,2563,2021-08-13,2021-08-23,-0.032048736608373,2021,2021-07-31,learned_order_offset,20260911,0.6435678005185,0.6435678005185,1,0
monthly_state_retained,2568,2021-08-20,2021-08-30,0.0145047962107527,2021,2021-07-31,learned_order_offset,20260911,0.45941912601595664,0.45941912601595664,0,1
monthly_state_retained,2573,2021-08-27,2021-09-06,-0.0012316820816045,2021,2021-07-31,learned_order_offset,20260911,0.8199221886042931,0.8199221886042931,1,0
monthly_state_retained,2558,2021-08-06,2021-08-16,0.0093369268709639,2021,2021-07-31,learned_order_offset,20260912,0.5092578634100278,0.5092578634100278,1,1
monthly_state_retained,2563,2021-08-13,2021-08-23,-0.032048736608373,2021,2021-07-31,learned_order_offset,20260912,0.7940343211531239,0.7940343211531239,1,0
monthly_state_retained,2568,2021-08-20,2021-08-30,0.0145047962107527,2021,2021-07-31,learned_order_offset,20260912,0.6920631539348041,0.6920631539348041,1,1
monthly_state_retained,2573,2021-08-27,2021-09-06,-0.0012316820816045,2021,2021-07-31,learned_order_offset,20260912,0.6483618872645227,0.6483618872645227,1,0
monthly_state_retained,2578,2021-09-03,2021-09-13,0.0342301066295398,2021,2021-08-31,learned_market,20260910,0.7414364016645572,0.7414364016645572,1,1
monthly_state_retained,2583,2021-09-10,2021-09-22,-0.0471441667981554,2021,2021-08-31,learned_market,20260910,0.7365374093158319,0.7365374093158319,1,0
monthly_state_retained,2588,2021-09-17,2021-09-28,0.0209863060789441,2021,2021-08-31,learned_market,20260910,0.7129908769856873,0.7129908769856873,1,1
monthly_state_retained,2591,2021-09-24,2021-10-11,0.0144615416200457,2021,2021-08-31,learned_market,20260910,0.7494998617287155,0.7494998617287155,1,1
monthly_state_retained,2578,2021-09-03,2021-09-13,0.0342301066295398,2021,2021-08-31,learned_market,20260911,0.7641264012677613,0.7641264012677613,1,1
monthly_state_retained,2583,2021-09-10,2021-09-22,-0.0471441667981554,2021,2021-08-31,learned_market,20260911,0.7188187190189923,0.7188187190189923,1,0
monthly_state_retained,2588,2021-09-17,2021-09-28,0.0209863060789441,2021,2021-08-31,learned_market,20260911,0.752347288149094,0.752347288149094,1,1
monthly_state_retained,2591,2021-09-24,2021-10-11,0.0144615416200457,2021,2021-08-31,learned_market,20260911,0.64950288661138,0.64950288661138,1,1
monthly_state_retained,2578,2021-09-03,2021-09-13,0.0342301066295398,2021,2021-08-31,learned_market,20260912,0.5845335348210389,0.5845335348210389,1,1
monthly_state_retained,2583,2021-09-10,2021-09-22,-0.0471441667981554,2021,2021-08-31,learned_market,20260912,0.5978406592956743,0.5978406592956743,1,0
monthly_state_retained,2588,2021-09-17,2021-09-28,0.0209863060789441,2021,2021-08-31,learned_market,20260912,0.5426754501942058,0.5426754501942058,1,1
monthly_state_retained,2591,2021-09-24,2021-10-11,0.0144615416200457,2021,2021-08-31,learned_market,20260912,0.43126701380981713,0.43126701380981713,0,1
monthly_state_retained,2578,2021-09-03,2021-09-13,0.0342301066295398,2021,2021-08-31,learned_vol_interaction,20260910,0.7511535519201762,0.7511535519201762,1,1
monthly_state_retained,2583,2021-09-10,2021-09-22,-0.0471441667981554,2021,2021-08-31,learned_vol_interaction,20260910,0.7354885736856006,0.7354885736856006,1,0
monthly_state_retained,2588,2021-09-17,2021-09-28,0.0209863060789441,2021,2021-08-31,learned_vol_interaction,20260910,0.742822186176108,0.742822186176108,1,1
monthly_state_retained,2591,2021-09-24,2021-10-11,0.0144615416200457,2021,2021-08-31,learned_vol_interaction,20260910,0.7830893595033332,0.7830893595033332,1,1
monthly_state_retained,2578,2021-09-03,2021-09-13,0.0342301066295398,2021,2021-08-31,learned_vol_interaction,20260911,0.7569737160491476,0.7569737160491476,1,1
monthly_state_retained,2583,2021-09-10,2021-09-22,-0.0471441667981554,2021,2021-08-31,learned_vol_interaction,20260911,0.7237383960115724,0.7237383960115724,1,0
monthly_state_retained,2588,2021-09-17,2021-09-28,0.0209863060789441,2021,2021-08-31,learned_vol_interaction,20260911,0.7461756198869361,0.7461756198869361,1,1
monthly_state_retained,2591,2021-09-24,2021-10-11,0.0144615416200457,2021,2021-08-31,learned_vol_interaction,20260911,0.6456719612096069,0.6456719612096069,1,1
monthly_state_retained,2578,2021-09-03,2021-09-13,0.0342301066295398,2021,2021-08-31,learned_vol_interaction,20260912,0.5834223088141877,0.5834223088141877,1,1
monthly_state_retained,2583,2021-09-10,2021-09-22,-0.0471441667981554,2021,2021-08-31,learned_vol_interaction,20260912,0.5980779969137336,0.5980779969137336,1,0
monthly_state_retained,2588,2021-09-17,2021-09-28,0.0209863060789441,2021,2021-08-31,learned_vol_interaction,20260912,0.5427243889928098,0.5427243889928098,1,1
monthly_state_retained,2591,2021-09-24,2021-10-11,0.0144615416200457,2021,2021-08-31,learned_vol_interaction,20260912,0.42884602217775675,0.42884602217775675,0,1
monthly_state_retained,2578,2021-09-03,2021-09-13,0.0342301066295398,2021,2021-08-31,learned_order_extension,20260910,0.7530250371326861,0.7530250371326861,1,1
monthly_state_retained,2583,2021-09-10,2021-09-22,-0.0471441667981554,2021,2021-08-31,learned_order_extension,20260910,0.7486737724952331,0.7486737724952331,1,0
monthly_state_retained,2588,2021-09-17,2021-09-28,0.0209863060789441,2021,2021-08-31,learned_order_extension,20260910,0.7583098115704442,0.7583098115704442,1,1
monthly_state_retained,2591,2021-09-24,2021-10-11,0.0144615416200457,2021,2021-08-31,learned_order_extension,20260910,0.8103635906047445,0.8103635906047445,1,1
monthly_state_retained,2578,2021-09-03,2021-09-13,0.0342301066295398,2021,2021-08-31,learned_order_extension,20260911,0.7764255721144454,0.7764255721144454,1,1
monthly_state_retained,2583,2021-09-10,2021-09-22,-0.0471441667981554,2021,2021-08-31,learned_order_extension,20260911,0.7513357425734236,0.7513357425734236,1,0
monthly_state_retained,2588,2021-09-17,2021-09-28,0.0209863060789441,2021,2021-08-31,learned_order_extension,20260911,0.7836614478285994,0.7836614478285994,1,1
monthly_state_retained,2591,2021-09-24,2021-10-11,0.0144615416200457,2021,2021-08-31,learned_order_extension,20260911,0.6693079201625165,0.6693079201625165,1,1
monthly_state_retained,2578,2021-09-03,2021-09-13,0.0342301066295398,2021,2021-08-31,learned_order_extension,20260912,0.5805757513729569,0.5805757513729569,1,1
monthly_state_retained,2583,2021-09-10,2021-09-22,-0.0471441667981554,2021,2021-08-31,learned_order_extension,20260912,0.5978065821661347,0.5978065821661347,1,0
monthly_state_retained,2588,2021-09-17,2021-09-28,0.0209863060789441,2021,2021-08-31,learned_order_extension,20260912,0.5376103337187045,0.5376103337187045,1,1
monthly_state_retained,2591,2021-09-24,2021-10-11,0.0144615416200457,2021,2021-08-31,learned_order_extension,20260912,0.4159392588263915,0.4159392588263915,0,1
monthly_state_retained,2578,2021-09-03,2021-09-13,0.0342301066295398,2021,2021-08-31,learned_order_offset,20260910,0.7533662187579737,0.7533662187579737,1,1
monthly_state_retained,2583,2021-09-10,2021-09-22,-0.0471441667981554,2021,2021-08-31,learned_order_offset,20260910,0.7490237805795243,0.7490237805795243,1,0
monthly_state_retained,2588,2021-09-17,2021-09-28,0.0209863060789441,2021,2021-08-31,learned_order_offset,20260910,0.7578019779876107,0.7578019779876107,1,1
monthly_state_retained,2591,2021-09-24,2021-10-11,0.0144615416200457,2021,2021-08-31,learned_order_offset,20260910,0.8099614624313016,0.8099614624313016,1,1
monthly_state_retained,2578,2021-09-03,2021-09-13,0.0342301066295398,2021,2021-08-31,learned_order_offset,20260911,0.7736884948382853,0.7736884948382853,1,1
monthly_state_retained,2583,2021-09-10,2021-09-22,-0.0471441667981554,2021,2021-08-31,learned_order_offset,20260911,0.7486660391902702,0.7486660391902702,1,0
monthly_state_retained,2588,2021-09-17,2021-09-28,0.0209863060789441,2021,2021-08-31,learned_order_offset,20260911,0.7812035509395332,0.7812035509395332,1,1
monthly_state_retained,2591,2021-09-24,2021-10-11,0.0144615416200457,2021,2021-08-31,learned_order_offset,20260911,0.6670102925222845,0.6670102925222845,1,1
monthly_state_retained,2578,2021-09-03,2021-09-13,0.0342301066295398,2021,2021-08-31,learned_order_offset,20260912,0.5804326441216299,0.5804326441216299,1,1
monthly_state_retained,2583,2021-09-10,2021-09-22,-0.0471441667981554,2021,2021-08-31,learned_order_offset,20260912,0.5974417197776336,0.5974417197776336,1,0
monthly_state_retained,2588,2021-09-17,2021-09-28,0.0209863060789441,2021,2021-08-31,learned_order_offset,20260912,0.5373217574451546,0.5373217574451546,1,1
monthly_state_retained,2591,2021-09-24,2021-10-11,0.0144615416200457,2021,2021-08-31,learned_order_offset,20260912,0.4161001339098918,0.4161001339098918,0,1
monthly_state_retained,2596,2021-10-08,2021-10-18,-0.0038006269617851,2021,2021-09-30,learned_market,20260910,0.7103284017268151,0.7103284017268151,1,0
monthly_state_retained,2601,2021-10-15,2021-10-25,0.0037358989621147,2021,2021-09-30,learned_market,20260910,0.7054426847772952,0.7054426847772952,1,1
monthly_state_retained,2606,2021-10-22,2021-11-01,-0.0127041632091318,2021,2021-09-30,learned_market,20260910,0.561668990030631,0.561668990030631,1,0
monthly_state_retained,2611,2021-10-29,2021-11-08,-0.0075807737801166,2021,2021-09-30,learned_market,20260910,0.5778524508006477,0.5778524508006477,1,0
monthly_state_retained,2596,2021-10-08,2021-10-18,-0.0038006269617851,2021,2021-09-30,learned_market,20260911,0.8841800832116901,0.8841800832116901,1,0
monthly_state_retained,2601,2021-10-15,2021-10-25,0.0037358989621147,2021,2021-09-30,learned_market,20260911,0.808000302780614,0.808000302780614,1,1
monthly_state_retained,2606,2021-10-22,2021-11-01,-0.0127041632091318,2021,2021-09-30,learned_market,20260911,0.6012191405144072,0.6012191405144072,1,0
monthly_state_retained,2611,2021-10-29,2021-11-08,-0.0075807737801166,2021,2021-09-30,learned_market,20260911,0.8459495803183871,0.8459495803183871,1,0
monthly_state_retained,2596,2021-10-08,2021-10-18,-0.0038006269617851,2021,2021-09-30,learned_market,20260912,0.6941559587516039,0.6941559587516039,1,0
monthly_state_retained,2601,2021-10-15,2021-10-25,0.0037358989621147,2021,2021-09-30,learned_market,20260912,0.5572300046897983,0.5572300046897983,1,1
monthly_state_retained,2606,2021-10-22,2021-11-01,-0.0127041632091318,2021,2021-09-30,learned_market,20260912,0.6299600436601378,0.6299600436601378,1,0
monthly_state_retained,2611,2021-10-29,2021-11-08,-0.0075807737801166,2021,2021-09-30,learned_market,20260912,0.464512357293061,0.464512357293061,0,0
monthly_state_retained,2596,2021-10-08,2021-10-18,-0.0038006269617851,2021,2021-09-30,learned_vol_interaction,20260910,0.7389350198038485,0.7389350198038485,1,0
monthly_state_retained,2601,2021-10-15,2021-10-25,0.0037358989621147,2021,2021-09-30,learned_vol_interaction,20260910,0.7518254704320237,0.7518254704320237,1,1
monthly_state_retained,2606,2021-10-22,2021-11-01,-0.0127041632091318,2021,2021-09-30,learned_vol_interaction,20260910,0.5667069692887503,0.5667069692887503,1,0
monthly_state_retained,2611,2021-10-29,2021-11-08,-0.0075807737801166,2021,2021-09-30,learned_vol_interaction,20260910,0.5978906470541093,0.5978906470541093,1,0
monthly_state_retained,2596,2021-10-08,2021-10-18,-0.0038006269617851,2021,2021-09-30,learned_vol_interaction,20260911,0.875333160760423,0.875333160760423,1,0
monthly_state_retained,2601,2021-10-15,2021-10-25,0.0037358989621147,2021,2021-09-30,learned_vol_interaction,20260911,0.8004373767510682,0.8004373767510682,1,1
monthly_state_retained,2606,2021-10-22,2021-11-01,-0.0127041632091318,2021,2021-09-30,learned_vol_interaction,20260911,0.5995948918940573,0.5995948918940573,1,0
monthly_state_retained,2611,2021-10-29,2021-11-08,-0.0075807737801166,2021,2021-09-30,learned_vol_interaction,20260911,0.8299973805985322,0.8299973805985322,1,0
monthly_state_retained,2596,2021-10-08,2021-10-18,-0.0038006269617851,2021,2021-09-30,learned_vol_interaction,20260912,0.695102696328134,0.695102696328134,1,0
monthly_state_retained,2601,2021-10-15,2021-10-25,0.0037358989621147,2021,2021-09-30,learned_vol_interaction,20260912,0.5555453048521898,0.5555453048521898,1,1
monthly_state_retained,2606,2021-10-22,2021-11-01,-0.0127041632091318,2021,2021-09-30,learned_vol_interaction,20260912,0.6315277731833727,0.6315277731833727,1,0
monthly_state_retained,2611,2021-10-29,2021-11-08,-0.0075807737801166,2021,2021-09-30,learned_vol_interaction,20260912,0.46060481961428473,0.46060481961428473,0,0
monthly_state_retained,2596,2021-10-08,2021-10-18,-0.0038006269617851,2021,2021-09-30,learned_order_extension,20260910,0.7561808318033095,0.7561808318033095,1,0
monthly_state_retained,2601,2021-10-15,2021-10-25,0.0037358989621147,2021,2021-09-30,learned_order_extension,20260910,0.7694557887920218,0.7694557887920218,1,1
monthly_state_retained,2606,2021-10-22,2021-11-01,-0.0127041632091318,2021,2021-09-30,learned_order_extension,20260910,0.5615338980352494,0.5615338980352494,1,0
monthly_state_retained,2611,2021-10-29,2021-11-08,-0.0075807737801166,2021,2021-09-30,learned_order_extension,20260910,0.6036504395848563,0.6036504395848563,1,0
monthly_state_retained,2596,2021-10-08,2021-10-18,-0.0038006269617851,2021,2021-09-30,learned_order_extension,20260911,0.9147819069976973,0.9147819069976973,1,0
monthly_state_retained,2601,2021-10-15,2021-10-25,0.0037358989621147,2021,2021-09-30,learned_order_extension,20260911,0.8517574469574731,0.8517574469574731,1,1
monthly_state_retained,2606,2021-10-22,2021-11-01,-0.0127041632091318,2021,2021-09-30,learned_order_extension,20260911,0.6154285400261708,0.6154285400261708,1,0
monthly_state_retained,2611,2021-10-29,2021-11-08,-0.0075807737801166,2021,2021-09-30,learned_order_extension,20260911,0.8907785475547534,0.8907785475547534,1,0
monthly_state_retained,2596,2021-10-08,2021-10-18,-0.0038006269617851,2021,2021-09-30,learned_order_extension,20260912,0.6977983653498382,0.6977983653498382,1,0
monthly_state_retained,2601,2021-10-15,2021-10-25,0.0037358989621147,2021,2021-09-30,learned_order_extension,20260912,0.5511774737639048,0.5511774737639048,1,1
monthly_state_retained,2606,2021-10-22,2021-11-01,-0.0127041632091318,2021,2021-09-30,learned_order_extension,20260912,0.6314497295780248,0.6314497295780248,1,0
monthly_state_retained,2611,2021-10-29,2021-11-08,-0.0075807737801166,2021,2021-09-30,learned_order_extension,20260912,0.4555702872833959,0.4555702872833959,0,0
monthly_state_retained,2596,2021-10-08,2021-10-18,-0.0038006269617851,2021,2021-09-30,learned_order_offset,20260910,0.7558117307103386,0.7558117307103386,1,0
monthly_state_retained,2601,2021-10-15,2021-10-25,0.0037358989621147,2021,2021-09-30,learned_order_offset,20260910,0.7689767891616536,0.7689767891616536,1,1
monthly_state_retained,2606,2021-10-22,2021-11-01,-0.0127041632091318,2021,2021-09-30,learned_order_offset,20260910,0.5615967587205846,0.5615967587205846,1,0
monthly_state_retained,2611,2021-10-29,2021-11-08,-0.0075807737801166,2021,2021-09-30,learned_order_offset,20260910,0.6034269345495461,0.6034269345495461,1,0
monthly_state_retained,2596,2021-10-08,2021-10-18,-0.0038006269617851,2021,2021-09-30,learned_order_offset,20260911,0.9142972109372612,0.9142972109372612,1,0
monthly_state_retained,2601,2021-10-15,2021-10-25,0.0037358989621147,2021,2021-09-30,learned_order_offset,20260911,0.8514946837763709,0.8514946837763709,1,1
monthly_state_retained,2606,2021-10-22,2021-11-01,-0.0127041632091318,2021,2021-09-30,learned_order_offset,20260911,0.6153835261273471,0.6153835261273471,1,0
monthly_state_retained,2611,2021-10-29,2021-11-08,-0.0075807737801166,2021,2021-09-30,learned_order_offset,20260911,0.8905919911114152,0.8905919911114152,1,0
monthly_state_retained,2596,2021-10-08,2021-10-18,-0.0038006269617851,2021,2021-09-30,learned_order_offset,20260912,0.6979478393130971,0.6979478393130971,1,0
monthly_state_retained,2601,2021-10-15,2021-10-25,0.0037358989621147,2021,2021-09-30,learned_order_offset,20260912,0.5509092482748328,0.5509092482748328,1,1
monthly_state_retained,2606,2021-10-22,2021-11-01,-0.0127041632091318,2021,2021-09-30,learned_order_offset,20260912,0.6314800730261438,0.6314800730261438,1,0
monthly_state_retained,2611,2021-10-29,2021-11-08,-0.0075807737801166,2021,2021-09-30,learned_order_offset,20260912,0.4556342209286503,0.4556342209286503,0,0
monthly_state_retained,2616,2021-11-05,2021-11-15,0.0110015182343039,2021,2021-10-31,learned_market,20260910,0.6566176820686879,0.6566176820686879,1,1
monthly_state_retained,2621,2021-11-12,2021-11-22,0.0002002284238551,2021,2021-10-31,learned_market,20260910,0.7459419474434704,0.7459419474434704,1,1
monthly_state_retained,2626,2021-11-19,2021-11-29,-0.0153981603100059,2021,2021-10-31,learned_market,20260910,0.7859013728177604,0.7859013728177604,1,0
monthly_state_retained,2631,2021-11-26,2021-12-06,0.0185518287306458,2021,2021-10-31,learned_market,20260910,0.679954560670936,0.679954560670936,1,1
monthly_state_retained,2616,2021-11-05,2021-11-15,0.0110015182343039,2021,2021-10-31,learned_market,20260911,0.7615166605786978,0.7615166605786978,1,1
monthly_state_retained,2621,2021-11-12,2021-11-22,0.0002002284238551,2021,2021-10-31,learned_market,20260911,0.8358507607737684,0.8358507607737684,1,1
monthly_state_retained,2626,2021-11-19,2021-11-29,-0.0153981603100059,2021,2021-10-31,learned_market,20260911,0.7375348414146127,0.7375348414146127,1,0
monthly_state_retained,2631,2021-11-26,2021-12-06,0.0185518287306458,2021,2021-10-31,learned_market,20260911,0.8422699714267883,0.8422699714267883,1,1
monthly_state_retained,2616,2021-11-05,2021-11-15,0.0110015182343039,2021,2021-10-31,learned_market,20260912,0.508116852058366,0.508116852058366,1,1
monthly_state_retained,2621,2021-11-12,2021-11-22,0.0002002284238551,2021,2021-10-31,learned_market,20260912,0.6443350708781979,0.6443350708781979,1,1
monthly_state_retained,2626,2021-11-19,2021-11-29,-0.0153981603100059,2021,2021-10-31,learned_market,20260912,0.6693433688568049,0.6693433688568049,1,0
monthly_state_retained,2631,2021-11-26,2021-12-06,0.0185518287306458,2021,2021-10-31,learned_market,20260912,0.4564357929986235,0.4564357929986235,0,1
monthly_state_retained,2616,2021-11-05,2021-11-15,0.0110015182343039,2021,2021-10-31,learned_vol_interaction,20260910,0.7049509607400938,0.7049509607400938,1,1
monthly_state_retained,2621,2021-11-12,2021-11-22,0.0002002284238551,2021,2021-10-31,learned_vol_interaction,20260910,0.7921347100152616,0.7921347100152616,1,1
monthly_state_retained,2626,2021-11-19,2021-11-29,-0.0153981603100059,2021,2021-10-31,learned_vol_interaction,20260910,0.8444124098063084,0.8444124098063084,1,0
monthly_state_retained,2631,2021-11-26,2021-12-06,0.0185518287306458,2021,2021-10-31,learned_vol_interaction,20260910,0.7462862952782527,0.7462862952782527,1,1
monthly_state_retained,2616,2021-11-05,2021-11-15,0.0110015182343039,2021,2021-10-31,learned_vol_interaction,20260911,0.7454576562803179,0.7454576562803179,1,1
monthly_state_retained,2621,2021-11-12,2021-11-22,0.0002002284238551,2021,2021-10-31,learned_vol_interaction,20260911,0.8210682676498052,0.8210682676498052,1,1
monthly_state_retained,2626,2021-11-19,2021-11-29,-0.0153981603100059,2021,2021-10-31,learned_vol_interaction,20260911,0.7379015555048399,0.7379015555048399,1,0
monthly_state_retained,2631,2021-11-26,2021-12-06,0.0185518287306458,2021,2021-10-31,learned_vol_interaction,20260911,0.8181276512073538,0.8181276512073538,1,1
monthly_state_retained,2616,2021-11-05,2021-11-15,0.0110015182343039,2021,2021-10-31,learned_vol_interaction,20260912,0.5028238020220486,0.5028238020220486,1,1
monthly_state_retained,2621,2021-11-12,2021-11-22,0.0002002284238551,2021,2021-10-31,learned_vol_interaction,20260912,0.6449850400218169,0.6449850400218169,1,1
monthly_state_retained,2626,2021-11-19,2021-11-29,-0.0153981603100059,2021,2021-10-31,learned_vol_interaction,20260912,0.6701888269993593,0.6701888269993593,1,0
monthly_state_retained,2631,2021-11-26,2021-12-06,0.0185518287306458,2021,2021-10-31,learned_vol_interaction,20260912,0.45043317964934776,0.45043317964934776,0,1
monthly_state_retained,2616,2021-11-05,2021-11-15,0.0110015182343039,2021,2021-10-31,learned_order_extension,20260910,0.7240099906328699,0.7240099906328699,1,1
monthly_state_retained,2621,2021-11-12,2021-11-22,0.0002002284238551,2021,2021-10-31,learned_order_extension,20260910,0.8323347557675079,0.8323347557675079,1,1
monthly_state_retained,2626,2021-11-19,2021-11-29,-0.0153981603100059,2021,2021-10-31,learned_order_extension,20260910,0.8873632409726487,0.8873632409726487,1,0
monthly_state_retained,2631,2021-11-26,2021-12-06,0.0185518287306458,2021,2021-10-31,learned_order_extension,20260910,0.7750880996921731,0.7750880996921731,1,1
monthly_state_retained,2616,2021-11-05,2021-11-15,0.0110015182343039,2021,2021-10-31,learned_order_extension,20260911,0.7990810555097849,0.7990810555097849,1,1
monthly_state_retained,2621,2021-11-12,2021-11-22,0.0002002284238551,2021,2021-10-31,learned_order_extension,20260911,0.8960874331639135,0.8960874331639135,1,1
monthly_state_retained,2626,2021-11-19,2021-11-29,-0.0153981603100059,2021,2021-10-31,learned_order_extension,20260911,0.8006062899104016,0.8006062899104016,1,0
monthly_state_retained,2631,2021-11-26,2021-12-06,0.0185518287306458,2021,2021-10-31,learned_order_extension,20260911,0.893587178645622,0.893587178645622,1,1
monthly_state_retained,2616,2021-11-05,2021-11-15,0.0110015182343039,2021,2021-10-31,learned_order_extension,20260912,0.49440987235614653,0.49440987235614653,0,1
monthly_state_retained,2621,2021-11-12,2021-11-22,0.0002002284238551,2021,2021-10-31,learned_order_extension,20260912,0.6457846168027762,0.6457846168027762,1,1
monthly_state_retained,2626,2021-11-19,2021-11-29,-0.0153981603100059,2021,2021-10-31,learned_order_extension,20260912,0.6758557957877199,0.6758557957877199,1,0
monthly_state_retained,2631,2021-11-26,2021-12-06,0.0185518287306458,2021,2021-10-31,learned_order_extension,20260912,0.43384934218808535,0.43384934218808535,0,1
monthly_state_retained,2616,2021-11-05,2021-11-15,0.0110015182343039,2021,2021-10-31,learned_order_offset,20260910,0.7234699294457386,0.7234699294457386,1,1
monthly_state_retained,2621,2021-11-12,2021-11-22,0.0002002284238551,2021,2021-10-31,learned_order_offset,20260910,0.8319926561058519,0.8319926561058519,1,1
monthly_state_retained,2626,2021-11-19,2021-11-29,-0.0153981603100059,2021,2021-10-31,learned_order_offset,20260910,0.887309504410544,0.887309504410544,1,0
monthly_state_retained,2631,2021-11-26,2021-12-06,0.0185518287306458,2021,2021-10-31,learned_order_offset,20260910,0.7746760492907543,0.7746760492907543,1,1
monthly_state_retained,2616,2021-11-05,2021-11-15,0.0110015182343039,2021,2021-10-31,learned_order_offset,20260911,0.7978265534432464,0.7978265534432464,1,1
monthly_state_retained,2621,2021-11-12,2021-11-22,0.0002002284238551,2021,2021-10-31,learned_order_offset,20260911,0.8952774170529411,0.8952774170529411,1,1
monthly_state_retained,2626,2021-11-19,2021-11-29,-0.0153981603100059,2021,2021-10-31,learned_order_offset,20260911,0.7999840840098098,0.7999840840098098,1,0
monthly_state_retained,2631,2021-11-26,2021-12-06,0.0185518287306458,2021,2021-10-31,learned_order_offset,20260911,0.8929926071982257,0.8929926071982257,1,1
monthly_state_retained,2616,2021-11-05,2021-11-15,0.0110015182343039,2021,2021-10-31,learned_order_offset,20260912,0.4943242193979672,0.4943242193979672,0,1
monthly_state_retained,2621,2021-11-12,2021-11-22,0.0002002284238551,2021,2021-10-31,learned_order_offset,20260912,0.6453907944726573,0.6453907944726573,1,1
monthly_state_retained,2626,2021-11-19,2021-11-29,-0.0153981603100059,2021,2021-10-31,learned_order_offset,20260912,0.6755480100450049,0.6755480100450049,1,0
monthly_state_retained,2631,2021-11-26,2021-12-06,0.0185518287306458,2021,2021-10-31,learned_order_offset,20260912,0.433749464940142,0.433749464940142,0,1
monthly_state_retained,2636,2021-12-03,2021-12-13,0.0367843110096284,2021,2021-11-30,learned_market,20260910,0.6823399841098169,0.6823399841098169,1,1
monthly_state_retained,2641,2021-12-10,2021-12-20,-0.0304615698955996,2021,2021-11-30,learned_market,20260910,0.6068383170365979,0.6068383170365979,1,0
monthly_state_retained,2646,2021-12-17,2021-12-27,-0.0034083287233763,2021,2021-11-30,learned_market,20260910,0.7177286585161153,0.7177286585161153,1,0
monthly_state_retained,2651,2021-12-24,2022-01-04,0.0080985736506613,2021,2021-11-30,learned_market,20260910,0.7527245234710195,0.7527245234710195,1,1
monthly_state_retained,2656,2021-12-31,2022-01-10,-0.0293970528320001,2021,2021-11-30,learned_market,20260910,0.7407762805267725,0.7407762805267725,1,0
monthly_state_retained,2636,2021-12-03,2021-12-13,0.0367843110096284,2021,2021-11-30,learned_market,20260911,0.651184941553755,0.651184941553755,1,1
monthly_state_retained,2641,2021-12-10,2021-12-20,-0.0304615698955996,2021,2021-11-30,learned_market,20260911,0.65987980276308,0.65987980276308,1,0
monthly_state_retained,2646,2021-12-17,2021-12-27,-0.0034083287233763,2021,2021-11-30,learned_market,20260911,0.8092775433852759,0.8092775433852759,1,0
monthly_state_retained,2651,2021-12-24,2022-01-04,0.0080985736506613,2021,2021-11-30,learned_market,20260911,0.6585163511207842,0.6585163511207842,1,1
monthly_state_retained,2656,2021-12-31,2022-01-10,-0.0293970528320001,2021,2021-11-30,learned_market,20260911,0.8164002048089696,0.8164002048089696,1,0
monthly_state_retained,2636,2021-12-03,2021-12-13,0.0367843110096284,2021,2021-11-30,learned_market,20260912,0.41978771600214365,0.41978771600214365,0,1
monthly_state_retained,2641,2021-12-10,2021-12-20,-0.0304615698955996,2021,2021-11-30,learned_market,20260912,0.6271976821534841,0.6271976821534841,1,0
monthly_state_retained,2646,2021-12-17,2021-12-27,-0.0034083287233763,2021,2021-11-30,learned_market,20260912,0.6038032181672566,0.6038032181672566,1,0
monthly_state_retained,2651,2021-12-24,2022-01-04,0.0080985736506613,2021,2021-11-30,learned_market,20260912,0.46482306192949696,0.46482306192949696,0,1
monthly_state_retained,2656,2021-12-31,2022-01-10,-0.0293970528320001,2021,2021-11-30,learned_market,20260912,0.6466363276154498,0.6466363276154498,1,0
monthly_state_retained,2636,2021-12-03,2021-12-13,0.0367843110096284,2021,2021-11-30,learned_vol_interaction,20260910,0.7334407137174276,0.7334407137174276,1,1
monthly_state_retained,2641,2021-12-10,2021-12-20,-0.0304615698955996,2021,2021-11-30,learned_vol_interaction,20260910,0.6381604092645059,0.6381604092645059,1,0
monthly_state_retained,2646,2021-12-17,2021-12-27,-0.0034083287233763,2021,2021-11-30,learned_vol_interaction,20260910,0.7623862004352224,0.7623862004352224,1,0
monthly_state_retained,2651,2021-12-24,2022-01-04,0.0080985736506613,2021,2021-11-30,learned_vol_interaction,20260910,0.801892985798022,0.801892985798022,1,1
monthly_state_retained,2656,2021-12-31,2022-01-10,-0.0293970528320001,2021,2021-11-30,learned_vol_interaction,20260910,0.7781175029999812,0.7781175029999812,1,0
monthly_state_retained,2636,2021-12-03,2021-12-13,0.0367843110096284,2021,2021-11-30,learned_vol_interaction,20260911,0.6331433744995425,0.6331433744995425,1,1
monthly_state_retained,2641,2021-12-10,2021-12-20,-0.0304615698955996,2021,2021-11-30,learned_vol_interaction,20260911,0.6422061841446076,0.6422061841446076,1,0
monthly_state_retained,2646,2021-12-17,2021-12-27,-0.0034083287233763,2021,2021-11-30,learned_vol_interaction,20260911,0.7937547176618065,0.7937547176618065,1,0
monthly_state_retained,2651,2021-12-24,2022-01-04,0.0080985736506613,2021,2021-11-30,learned_vol_interaction,20260911,0.6518706715070531,0.6518706715070531,1,1
monthly_state_retained,2656,2021-12-31,2022-01-10,-0.0293970528320001,2021,2021-11-30,learned_vol_interaction,20260911,0.8048743420145822,0.8048743420145822,1,0
monthly_state_retained,2636,2021-12-03,2021-12-13,0.0367843110096284,2021,2021-11-30,learned_vol_interaction,20260912,0.41071461893066585,0.41071461893066585,0,1
monthly_state_retained,2641,2021-12-10,2021-12-20,-0.0304615698955996,2021,2021-11-30,learned_vol_interaction,20260912,0.6266555065384815,0.6266555065384815,1,0
monthly_state_retained,2646,2021-12-17,2021-12-27,-0.0034083287233763,2021,2021-11-30,learned_vol_interaction,20260912,0.6026505934203981,0.6026505934203981,1,0
monthly_state_retained,2651,2021-12-24,2022-01-04,0.0080985736506613,2021,2021-11-30,learned_vol_interaction,20260912,0.46036515762682995,0.46036515762682995,0,1
monthly_state_retained,2656,2021-12-31,2022-01-10,-0.0293970528320001,2021,2021-11-30,learned_vol_interaction,20260912,0.6445590390816363,0.6445590390816363,1,0
monthly_state_retained,2636,2021-12-03,2021-12-13,0.0367843110096284,2021,2021-11-30,learned_order_extension,20260910,0.7534897898811092,0.7534897898811092,1,1
monthly_state_retained,2641,2021-12-10,2021-12-20,-0.0304615698955996,2021,2021-11-30,learned_order_extension,20260910,0.6528475687663766,0.6528475687663766,1,0
monthly_state_retained,2646,2021-12-17,2021-12-27,-0.0034083287233763,2021,2021-11-30,learned_order_extension,20260910,0.799691742557479,0.799691742557479,1,0
monthly_state_retained,2651,2021-12-24,2022-01-04,0.0080985736506613,2021,2021-11-30,learned_order_extension,20260910,0.8273154011733129,0.8273154011733129,1,1
monthly_state_retained,2656,2021-12-31,2022-01-10,-0.0293970528320001,2021,2021-11-30,learned_order_extension,20260910,0.8069727850322581,0.8069727850322581,1,0
monthly_state_retained,2636,2021-12-03,2021-12-13,0.0367843110096284,2021,2021-11-30,learned_order_extension,20260911,0.6611268686227788,0.6611268686227788,1,1
monthly_state_retained,2641,2021-12-10,2021-12-20,-0.0304615698955996,2021,2021-11-30,learned_order_extension,20260911,0.6790175452231214,0.6790175452231214,1,0
monthly_state_retained,2646,2021-12-17,2021-12-27,-0.0034083287233763,2021,2021-11-30,learned_order_extension,20260911,0.8684853861974482,0.8684853861974482,1,0
monthly_state_retained,2651,2021-12-24,2022-01-04,0.0080985736506613,2021,2021-11-30,learned_order_extension,20260911,0.6637992247007115,0.6637992247007115,1,1
monthly_state_retained,2656,2021-12-31,2022-01-10,-0.0293970528320001,2021,2021-11-30,learned_order_extension,20260911,0.8513666174941731,0.8513666174941731,1,0
monthly_state_retained,2636,2021-12-03,2021-12-13,0.0367843110096284,2021,2021-11-30,learned_order_extension,20260912,0.40088382776410036,0.40088382776410036,0,1
monthly_state_retained,2641,2021-12-10,2021-12-20,-0.0304615698955996,2021,2021-11-30,learned_order_extension,20260912,0.6273782384824466,0.6273782384824466,1,0
monthly_state_retained,2646,2021-12-17,2021-12-27,-0.0034083287233763,2021,2021-11-30,learned_order_extension,20260912,0.5990729401360653,0.5990729401360653,1,0
monthly_state_retained,2651,2021-12-24,2022-01-04,0.0080985736506613,2021,2021-11-30,learned_order_extension,20260912,0.44993121305292894,0.44993121305292894,0,1
monthly_state_retained,2656,2021-12-31,2022-01-10,-0.0293970528320001,2021,2021-11-30,learned_order_extension,20260912,0.6465331383092103,0.6465331383092103,1,0
monthly_state_retained,2636,2021-12-03,2021-12-13,0.0367843110096284,2021,2021-11-30,learned_order_offset,20260910,0.7532912032975808,0.7532912032975808,1,1
monthly_state_retained,2641,2021-12-10,2021-12-20,-0.0304615698955996,2021,2021-11-30,learned_order_offset,20260910,0.6527672096530658,0.6527672096530658,1,0
monthly_state_retained,2646,2021-12-17,2021-12-27,-0.0034083287233763,2021,2021-11-30,learned_order_offset,20260910,0.7996262996967062,0.7996262996967062,1,0
monthly_state_retained,2651,2021-12-24,2022-01-04,0.0080985736506613,2021,2021-11-30,learned_order_offset,20260910,0.8271891503369482,0.8271891503369482,1,1
monthly_state_retained,2656,2021-12-31,2022-01-10,-0.0293970528320001,2021,2021-11-30,learned_order_offset,20260910,0.8067823326626401,0.8067823326626401,1,0
monthly_state_retained,2636,2021-12-03,2021-12-13,0.0367843110096284,2021,2021-11-30,learned_order_offset,20260911,0.6617706981211336,0.6617706981211336,1,1
monthly_state_retained,2641,2021-12-10,2021-12-20,-0.0304615698955996,2021,2021-11-30,learned_order_offset,20260911,0.6793586467002075,0.6793586467002075,1,0
monthly_state_retained,2646,2021-12-17,2021-12-27,-0.0034083287233763,2021,2021-11-30,learned_order_offset,20260911,0.8677053304579374,0.8677053304579374,1,0
monthly_state_retained,2651,2021-12-24,2022-01-04,0.0080985736506613,2021,2021-11-30,learned_order_offset,20260911,0.6618536694473734,0.6618536694473734,1,1
monthly_state_retained,2656,2021-12-31,2022-01-10,-0.0293970528320001,2021,2021-11-30,learned_order_offset,20260911,0.8504487860668164,0.8504487860668164,1,0
monthly_state_retained,2636,2021-12-03,2021-12-13,0.0367843110096284,2021,2021-11-30,learned_order_offset,20260912,0.40082929584196636,0.40082929584196636,0,1
monthly_state_retained,2641,2021-12-10,2021-12-20,-0.0304615698955996,2021,2021-11-30,learned_order_offset,20260912,0.6269777961806212,0.6269777961806212,1,0
monthly_state_retained,2646,2021-12-17,2021-12-27,-0.0034083287233763,2021,2021-11-30,learned_order_offset,20260912,0.5984618782434332,0.5984618782434332,1,0
monthly_state_retained,2651,2021-12-24,2022-01-04,0.0080985736506613,2021,2021-11-30,learned_order_offset,20260912,0.4493817362197275,0.4493817362197275,0,1
monthly_state_retained,2656,2021-12-31,2022-01-10,-0.0293970528320001,2021,2021-11-30,learned_order_offset,20260912,0.6464286773203256,0.6464286773203256,1,0
monthly_state_retained,2660,2022-01-07,2022-01-17,-0.0173453887283024,2022,2021-12-31,learned_market,20260910,0.5688001187262542,0.5688001187262542,1,0
monthly_state_retained,2665,2022-01-14,2022-01-24,0.0053248631776616,2022,2021-12-31,learned_market,20260910,0.6536697221556952,0.6536697221556952,1,1
monthly_state_retained,2670,2022-01-21,2022-02-07,-0.0242661876254222,2022,2021-12-31,learned_market,20260910,0.667180452286777,0.667180452286777,1,0
monthly_state_retained,2675,2022-01-28,2022-02-14,-0.0127539031341488,2022,2021-12-31,learned_market,20260910,0.6821990081341186,0.6821990081341186,1,0
monthly_state_retained,2660,2022-01-07,2022-01-17,-0.0173453887283024,2022,2021-12-31,learned_market,20260911,0.7294539059117436,0.7294539059117436,1,0
monthly_state_retained,2665,2022-01-14,2022-01-24,0.0053248631776616,2022,2021-12-31,learned_market,20260911,0.8407883156513567,0.8407883156513567,1,1
monthly_state_retained,2670,2022-01-21,2022-02-07,-0.0242661876254222,2022,2021-12-31,learned_market,20260911,0.6706767764059957,0.6706767764059957,1,0
monthly_state_retained,2675,2022-01-28,2022-02-14,-0.0127539031341488,2022,2021-12-31,learned_market,20260911,0.49396242770649035,0.49396242770649035,0,0
monthly_state_retained,2660,2022-01-07,2022-01-17,-0.0173453887283024,2022,2021-12-31,learned_market,20260912,0.7009067848418016,0.7009067848418016,1,0
monthly_state_retained,2665,2022-01-14,2022-01-24,0.0053248631776616,2022,2021-12-31,learned_market,20260912,0.5203651032719439,0.5203651032719439,1,1
monthly_state_retained,2670,2022-01-21,2022-02-07,-0.0242661876254222,2022,2021-12-31,learned_market,20260912,0.7176249995689795,0.7176249995689795,1,0
monthly_state_retained,2675,2022-01-28,2022-02-14,-0.0127539031341488,2022,2021-12-31,learned_market,20260912,0.5468589290358572,0.5468589290358572,1,0
monthly_state_retained,2660,2022-01-07,2022-01-17,-0.0173453887283024,2022,2021-12-31,learned_vol_interaction,20260910,0.5831076461801695,0.5831076461801695,1,0
monthly_state_retained,2665,2022-01-14,2022-01-24,0.0053248631776616,2022,2021-12-31,learned_vol_interaction,20260910,0.6744765119030697,0.6744765119030697,1,1
monthly_state_retained,2670,2022-01-21,2022-02-07,-0.0242661876254222,2022,2021-12-31,learned_vol_interaction,20260910,0.6652743592454685,0.6652743592454685,1,0
monthly_state_retained,2675,2022-01-28,2022-02-14,-0.0127539031341488,2022,2021-12-31,learned_vol_interaction,20260910,0.6916788990216658,0.6916788990216658,1,0
monthly_state_retained,2660,2022-01-07,2022-01-17,-0.0173453887283024,2022,2021-12-31,learned_vol_interaction,20260911,0.7282516722944598,0.7282516722944598,1,0
monthly_state_retained,2665,2022-01-14,2022-01-24,0.0053248631776616,2022,2021-12-31,learned_vol_interaction,20260911,0.8368717958263094,0.8368717958263094,1,1
monthly_state_retained,2670,2022-01-21,2022-02-07,-0.0242661876254222,2022,2021-12-31,learned_vol_interaction,20260911,0.669613908132946,0.669613908132946,1,0
monthly_state_retained,2675,2022-01-28,2022-02-14,-0.0127539031341488,2022,2021-12-31,learned_vol_interaction,20260911,0.49771804856397844,0.49771804856397844,0,0
monthly_state_retained,2660,2022-01-07,2022-01-17,-0.0173453887283024,2022,2021-12-31,learned_vol_interaction,20260912,0.7072606777672634,0.7072606777672634,1,0
monthly_state_retained,2665,2022-01-14,2022-01-24,0.0053248631776616,2022,2021-12-31,learned_vol_interaction,20260912,0.5232340507750105,0.5232340507750105,1,1
monthly_state_retained,2670,2022-01-21,2022-02-07,-0.0242661876254222,2022,2021-12-31,learned_vol_interaction,20260912,0.723517227135196,0.723517227135196,1,0
monthly_state_retained,2675,2022-01-28,2022-02-14,-0.0127539031341488,2022,2021-12-31,learned_vol_interaction,20260912,0.5573504263949657,0.5573504263949657,1,0
monthly_state_retained,2660,2022-01-07,2022-01-17,-0.0173453887283024,2022,2021-12-31,learned_order_extension,20260910,0.566864392886939,0.566864392886939,1,0
monthly_state_retained,2665,2022-01-14,2022-01-24,0.0053248631776616,2022,2021-12-31,learned_order_extension,20260910,0.6690763940918765,0.6690763940918765,1,1
monthly_state_retained,2670,2022-01-21,2022-02-07,-0.0242661876254222,2022,2021-12-31,learned_order_extension,20260910,0.6566842946116621,0.6566842946116621,1,0
monthly_state_retained,2675,2022-01-28,2022-02-14,-0.0127539031341488,2022,2021-12-31,learned_order_extension,20260910,0.668769824144909,0.668769824144909,1,0
monthly_state_retained,2660,2022-01-07,2022-01-17,-0.0173453887283024,2022,2021-12-31,learned_order_extension,20260911,0.7315565762281606,0.7315565762281606,1,0
monthly_state_retained,2665,2022-01-14,2022-01-24,0.0053248631776616,2022,2021-12-31,learned_order_extension,20260911,0.8308708352808971,0.8308708352808971,1,1
monthly_state_retained,2670,2022-01-21,2022-02-07,-0.0242661876254222,2022,2021-12-31,learned_order_extension,20260911,0.6953405747399578,0.6953405747399578,1,0
monthly_state_retained,2675,2022-01-28,2022-02-14,-0.0127539031341488,2022,2021-12-31,learned_order_extension,20260911,0.47011278529334005,0.47011278529334005,0,0
monthly_state_retained,2660,2022-01-07,2022-01-17,-0.0173453887283024,2022,2021-12-31,learned_order_extension,20260912,0.7021249449389755,0.7021249449389755,1,0
monthly_state_retained,2665,2022-01-14,2022-01-24,0.0053248631776616,2022,2021-12-31,learned_order_extension,20260912,0.519422850065438,0.519422850065438,1,1
monthly_state_retained,2670,2022-01-21,2022-02-07,-0.0242661876254222,2022,2021-12-31,learned_order_extension,20260912,0.7149761694840576,0.7149761694840576,1,0
monthly_state_retained,2675,2022-01-28,2022-02-14,-0.0127539031341488,2022,2021-12-31,learned_order_extension,20260912,0.5563462821352916,0.5563462821352916,1,0
monthly_state_retained,2660,2022-01-07,2022-01-17,-0.0173453887283024,2022,2021-12-31,learned_order_offset,20260910,0.5666647543526758,0.5666647543526758,1,0
monthly_state_retained,2665,2022-01-14,2022-01-24,0.0053248631776616,2022,2021-12-31,learned_order_offset,20260910,0.6685371525240916,0.6685371525240916,1,1
monthly_state_retained,2670,2022-01-21,2022-02-07,-0.0242661876254222,2022,2021-12-31,learned_order_offset,20260910,0.6567323025522784,0.6567323025522784,1,0
monthly_state_retained,2675,2022-01-28,2022-02-14,-0.0127539031341488,2022,2021-12-31,learned_order_offset,20260910,0.6683313210695451,0.6683313210695451,1,0
monthly_state_retained,2660,2022-01-07,2022-01-17,-0.0173453887283024,2022,2021-12-31,learned_order_offset,20260911,0.7303915631000331,0.7303915631000331,1,0
monthly_state_retained,2665,2022-01-14,2022-01-24,0.0053248631776616,2022,2021-12-31,learned_order_offset,20260911,0.8287429062191539,0.8287429062191539,1,1
monthly_state_retained,2670,2022-01-21,2022-02-07,-0.0242661876254222,2022,2021-12-31,learned_order_offset,20260911,0.6946014374965778,0.6946014374965778,1,0
monthly_state_retained,2675,2022-01-28,2022-02-14,-0.0127539031341488,2022,2021-12-31,learned_order_offset,20260911,0.47036190476294487,0.47036190476294487,0,0
monthly_state_retained,2660,2022-01-07,2022-01-17,-0.0173453887283024,2022,2021-12-31,learned_order_offset,20260912,0.7021002597589074,0.7021002597589074,1,0
monthly_state_retained,2665,2022-01-14,2022-01-24,0.0053248631776616,2022,2021-12-31,learned_order_offset,20260912,0.5194500670143739,0.5194500670143739,1,1
monthly_state_retained,2670,2022-01-21,2022-02-07,-0.0242661876254222,2022,2021-12-31,learned_order_offset,20260912,0.7150659531425939,0.7150659531425939,1,0
monthly_state_retained,2675,2022-01-28,2022-02-14,-0.0127539031341488,2022,2021-12-31,learned_order_offset,20260912,0.5563566039667686,0.5563566039667686,1,0
monthly_state_retained,2680,2022-02-11,2022-02-21,0.0145498774954033,2022,2022-01-31,learned_market,20260910,0.6685932622029157,0.6685932622029157,1,1
monthly_state_retained,2685,2022-02-18,2022-02-28,-0.0177161244498015,2022,2022-01-31,learned_market,20260910,0.721020181747073,0.721020181747073,1,0
monthly_state_retained,2690,2022-02-25,2022-03-07,-0.0221791776043331,2022,2022-01-31,learned_market,20260910,0.6720256213340763,0.6720256213340763,1,0
monthly_state_retained,2680,2022-02-11,2022-02-21,0.0145498774954033,2022,2022-01-31,learned_market,20260911,0.6718433913580089,0.6718433913580089,1,1
monthly_state_retained,2685,2022-02-18,2022-02-28,-0.0177161244498015,2022,2022-01-31,learned_market,20260911,0.5840107527473801,0.5840107527473801,1,0
monthly_state_retained,2690,2022-02-25,2022-03-07,-0.0221791776043331,2022,2022-01-31,learned_market,20260911,0.59915482742086,0.59915482742086,1,0
monthly_state_retained,2680,2022-02-11,2022-02-21,0.0145498774954033,2022,2022-01-31,learned_market,20260912,0.6301827176961465,0.6301827176961465,1,1
monthly_state_retained,2685,2022-02-18,2022-02-28,-0.0177161244498015,2022,2022-01-31,learned_market,20260912,0.7133251277073638,0.7133251277073638,1,0
monthly_state_retained,2690,2022-02-25,2022-03-07,-0.0221791776043331,2022,2022-01-31,learned_market,20260912,0.7021196640037924,0.7021196640037924,1,0
monthly_state_retained,2680,2022-02-11,2022-02-21,0.0145498774954033,2022,2022-01-31,learned_vol_interaction,20260910,0.6656475068815167,0.6656475068815167,1,1
monthly_state_retained,2685,2022-02-18,2022-02-28,-0.0177161244498015,2022,2022-01-31,learned_vol_interaction,20260910,0.7192657526415306,0.7192657526415306,1,0
monthly_state_retained,2690,2022-02-25,2022-03-07,-0.0221791776043331,2022,2022-01-31,learned_vol_interaction,20260910,0.665128795190077,0.665128795190077,1,0
monthly_state_retained,2680,2022-02-11,2022-02-21,0.0145498774954033,2022,2022-01-31,learned_vol_interaction,20260911,0.6694625883349451,0.6694625883349451,1,1
monthly_state_retained,2685,2022-02-18,2022-02-28,-0.0177161244498015,2022,2022-01-31,learned_vol_interaction,20260911,0.5867879452577756,0.5867879452577756,1,0
monthly_state_retained,2690,2022-02-25,2022-03-07,-0.0221791776043331,2022,2022-01-31,learned_vol_interaction,20260911,0.6015705830845076,0.6015705830845076,1,0
monthly_state_retained,2680,2022-02-11,2022-02-21,0.0145498774954033,2022,2022-01-31,learned_vol_interaction,20260912,0.6206875889696911,0.6206875889696911,1,1
monthly_state_retained,2685,2022-02-18,2022-02-28,-0.0177161244498015,2022,2022-01-31,learned_vol_interaction,20260912,0.7137718136904925,0.7137718136904925,1,0
monthly_state_retained,2690,2022-02-25,2022-03-07,-0.0221791776043331,2022,2022-01-31,learned_vol_interaction,20260912,0.6900080859244496,0.6900080859244496,1,0
monthly_state_retained,2680,2022-02-11,2022-02-21,0.0145498774954033,2022,2022-01-31,learned_order_extension,20260910,0.6554002636047295,0.6554002636047295,1,1
monthly_state_retained,2685,2022-02-18,2022-02-28,-0.0177161244498015,2022,2022-01-31,learned_order_extension,20260910,0.7136098531605942,0.7136098531605942,1,0
monthly_state_retained,2690,2022-02-25,2022-03-07,-0.0221791776043331,2022,2022-01-31,learned_order_extension,20260910,0.6487731912125562,0.6487731912125562,1,0
monthly_state_retained,2680,2022-02-11,2022-02-21,0.0145498774954033,2022,2022-01-31,learned_order_extension,20260911,0.6818533435255958,0.6818533435255958,1,1
monthly_state_retained,2685,2022-02-18,2022-02-28,-0.0177161244498015,2022,2022-01-31,learned_order_extension,20260911,0.5955146443753425,0.5955146443753425,1,0
monthly_state_retained,2690,2022-02-25,2022-03-07,-0.0221791776043331,2022,2022-01-31,learned_order_extension,20260911,0.609831009331646,0.609831009331646,1,0
monthly_state_retained,2680,2022-02-11,2022-02-21,0.0145498774954033,2022,2022-01-31,learned_order_extension,20260912,0.6112227291481532,0.6112227291481532,1,1
monthly_state_retained,2685,2022-02-18,2022-02-28,-0.0177161244498015,2022,2022-01-31,learned_order_extension,20260912,0.7082710857336353,0.7082710857336353,1,0
monthly_state_retained,2690,2022-02-25,2022-03-07,-0.0221791776043331,2022,2022-01-31,learned_order_extension,20260912,0.672646545498505,0.672646545498505,1,0
monthly_state_retained,2680,2022-02-11,2022-02-21,0.0145498774954033,2022,2022-01-31,learned_order_offset,20260910,0.6551608348224088,0.6551608348224088,1,1
monthly_state_retained,2685,2022-02-18,2022-02-28,-0.0177161244498015,2022,2022-01-31,learned_order_offset,20260910,0.713244067556852,0.713244067556852,1,0
monthly_state_retained,2690,2022-02-25,2022-03-07,-0.0221791776043331,2022,2022-01-31,learned_order_offset,20260910,0.6484724441889236,0.6484724441889236,1,0
monthly_state_retained,2680,2022-02-11,2022-02-21,0.0145498774954033,2022,2022-01-31,learned_order_offset,20260911,0.6802368405234962,0.6802368405234962,1,1
monthly_state_retained,2685,2022-02-18,2022-02-28,-0.0177161244498015,2022,2022-01-31,learned_order_offset,20260911,0.596796587857382,0.596796587857382,1,0
monthly_state_retained,2690,2022-02-25,2022-03-07,-0.0221791776043331,2022,2022-01-31,learned_order_offset,20260911,0.6102898323949857,0.6102898323949857,1,0
monthly_state_retained,2680,2022-02-11,2022-02-21,0.0145498774954033,2022,2022-01-31,learned_order_offset,20260912,0.6110482909835675,0.6110482909835675,1,1
monthly_state_retained,2685,2022-02-18,2022-02-28,-0.0177161244498015,2022,2022-01-31,learned_order_offset,20260912,0.7082662053268953,0.7082662053268953,1,0
monthly_state_retained,2690,2022-02-25,2022-03-07,-0.0221791776043331,2022,2022-01-31,learned_order_offset,20260912,0.6726443299723985,0.6726443299723985,1,0
monthly_state_retained,2695,2022-03-04,2022-03-14,-0.0480378799422749,2022,2022-02-28,learned_market,20260910,0.6491632424244927,0.6491632424244927,1,0
monthly_state_retained,2700,2022-03-11,2022-03-21,0.007530336734814,2022,2022-02-28,learned_market,20260910,0.7072260560701839,0.7072260560701839,1,1
monthly_state_retained,2705,2022-03-18,2022-03-28,-0.0353493110038457,2022,2022-02-28,learned_market,20260910,0.680562718896786,0.680562718896786,1,0
monthly_state_retained,2710,2022-03-25,2022-04-06,0.0314834190717003,2022,2022-02-28,learned_market,20260910,0.7149297850291989,0.7149297850291989,1,1
monthly_state_retained,2695,2022-03-04,2022-03-14,-0.0480378799422749,2022,2022-02-28,learned_market,20260911,0.64751535974218,0.64751535974218,1,0
monthly_state_retained,2700,2022-03-11,2022-03-21,0.007530336734814,2022,2022-02-28,learned_market,20260911,0.6601858855959774,0.6601858855959774,1,1
monthly_state_retained,2705,2022-03-18,2022-03-28,-0.0353493110038457,2022,2022-02-28,learned_market,20260911,0.5676194322684474,0.5676194322684474,1,0
monthly_state_retained,2710,2022-03-25,2022-04-06,0.0314834190717003,2022,2022-02-28,learned_market,20260911,0.7331434681165004,0.7331434681165004,1,1
monthly_state_retained,2695,2022-03-04,2022-03-14,-0.0480378799422749,2022,2022-02-28,learned_market,20260912,0.719986373445646,0.719986373445646,1,0
monthly_state_retained,2700,2022-03-11,2022-03-21,0.007530336734814,2022,2022-02-28,learned_market,20260912,0.6467498960464059,0.6467498960464059,1,1
monthly_state_retained,2705,2022-03-18,2022-03-28,-0.0353493110038457,2022,2022-02-28,learned_market,20260912,0.6307138428823564,0.6307138428823564,1,0
monthly_state_retained,2710,2022-03-25,2022-04-06,0.0314834190717003,2022,2022-02-28,learned_market,20260912,0.5581715372656506,0.5581715372656506,1,1
monthly_state_retained,2695,2022-03-04,2022-03-14,-0.0480378799422749,2022,2022-02-28,learned_vol_interaction,20260910,0.6570221213989423,0.6570221213989423,1,0
monthly_state_retained,2700,2022-03-11,2022-03-21,0.007530336734814,2022,2022-02-28,learned_vol_interaction,20260910,0.7032750021899432,0.7032750021899432,1,1
monthly_state_retained,2705,2022-03-18,2022-03-28,-0.0353493110038457,2022,2022-02-28,learned_vol_interaction,20260910,0.6524086529307518,0.6524086529307518,1,0
monthly_state_retained,2710,2022-03-25,2022-04-06,0.0314834190717003,2022,2022-02-28,learned_vol_interaction,20260910,0.6942468524177501,0.6942468524177501,1,1
monthly_state_retained,2695,2022-03-04,2022-03-14,-0.0480378799422749,2022,2022-02-28,learned_vol_interaction,20260911,0.6516108393132726,0.6516108393132726,1,0
monthly_state_retained,2700,2022-03-11,2022-03-21,0.007530336734814,2022,2022-02-28,learned_vol_interaction,20260911,0.6653311044961694,0.6653311044961694,1,1
monthly_state_retained,2705,2022-03-18,2022-03-28,-0.0353493110038457,2022,2022-02-28,learned_vol_interaction,20260911,0.567250973729041,0.567250973729041,1,0
monthly_state_retained,2710,2022-03-25,2022-04-06,0.0314834190717003,2022,2022-02-28,learned_vol_interaction,20260911,0.7397988804119464,0.7397988804119464,1,1
monthly_state_retained,2695,2022-03-04,2022-03-14,-0.0480378799422749,2022,2022-02-28,learned_vol_interaction,20260912,0.7251850433232085,0.7251850433232085,1,0
monthly_state_retained,2700,2022-03-11,2022-03-21,0.007530336734814,2022,2022-02-28,learned_vol_interaction,20260912,0.6323197465308961,0.6323197465308961,1,1
monthly_state_retained,2705,2022-03-18,2022-03-28,-0.0353493110038457,2022,2022-02-28,learned_vol_interaction,20260912,0.5933343778810724,0.5933343778810724,1,0
monthly_state_retained,2710,2022-03-25,2022-04-06,0.0314834190717003,2022,2022-02-28,learned_vol_interaction,20260912,0.5562710543563346,0.5562710543563346,1,1
monthly_state_retained,2695,2022-03-04,2022-03-14,-0.0480378799422749,2022,2022-02-28,learned_order_extension,20260910,0.6318792296674466,0.6318792296674466,1,0
monthly_state_retained,2700,2022-03-11,2022-03-21,0.007530336734814,2022,2022-02-28,learned_order_extension,20260910,0.6914869969738268,0.6914869969738268,1,1
monthly_state_retained,2705,2022-03-18,2022-03-28,-0.0353493110038457,2022,2022-02-28,learned_order_extension,20260910,0.6587542387705517,0.6587542387705517,1,0
monthly_state_retained,2710,2022-03-25,2022-04-06,0.0314834190717003,2022,2022-02-28,learned_order_extension,20260910,0.6972076913228429,0.6972076913228429,1,1
monthly_state_retained,2695,2022-03-04,2022-03-14,-0.0480378799422749,2022,2022-02-28,learned_order_extension,20260911,0.6608881864634962,0.6608881864634962,1,0
monthly_state_retained,2700,2022-03-11,2022-03-21,0.007530336734814,2022,2022-02-28,learned_order_extension,20260911,0.667203580437131,0.667203580437131,1,1
monthly_state_retained,2705,2022-03-18,2022-03-28,-0.0353493110038457,2022,2022-02-28,learned_order_extension,20260911,0.5665388063290007,0.5665388063290007,1,0
monthly_state_retained,2710,2022-03-25,2022-04-06,0.0314834190717003,2022,2022-02-28,learned_order_extension,20260911,0.7315317518580224,0.7315317518580224,1,1
monthly_state_retained,2695,2022-03-04,2022-03-14,-0.0480378799422749,2022,2022-02-28,learned_order_extension,20260912,0.7063888110552541,0.7063888110552541,1,0
monthly_state_retained,2700,2022-03-11,2022-03-21,0.007530336734814,2022,2022-02-28,learned_order_extension,20260912,0.6284040084971629,0.6284040084971629,1,1
monthly_state_retained,2705,2022-03-18,2022-03-28,-0.0353493110038457,2022,2022-02-28,learned_order_extension,20260912,0.5929220651203073,0.5929220651203073,1,0
monthly_state_retained,2710,2022-03-25,2022-04-06,0.0314834190717003,2022,2022-02-28,learned_order_extension,20260912,0.560900893741765,0.560900893741765,1,1
monthly_state_retained,2695,2022-03-04,2022-03-14,-0.0480378799422749,2022,2022-02-28,learned_order_offset,20260910,0.6314504954417829,0.6314504954417829,1,0
monthly_state_retained,2700,2022-03-11,2022-03-21,0.007530336734814,2022,2022-02-28,learned_order_offset,20260910,0.691194443082509,0.691194443082509,1,1
monthly_state_retained,2705,2022-03-18,2022-03-28,-0.0353493110038457,2022,2022-02-28,learned_order_offset,20260910,0.6583803934930407,0.6583803934930407,1,0
monthly_state_retained,2710,2022-03-25,2022-04-06,0.0314834190717003,2022,2022-02-28,learned_order_offset,20260910,0.696855601595334,0.696855601595334,1,1
monthly_state_retained,2695,2022-03-04,2022-03-14,-0.0480378799422749,2022,2022-02-28,learned_order_offset,20260911,0.6602950267381666,0.6602950267381666,1,0
monthly_state_retained,2700,2022-03-11,2022-03-21,0.007530336734814,2022,2022-02-28,learned_order_offset,20260911,0.6664417620027226,0.6664417620027226,1,1
monthly_state_retained,2705,2022-03-18,2022-03-28,-0.0353493110038457,2022,2022-02-28,learned_order_offset,20260911,0.5665934515797131,0.5665934515797131,1,0
monthly_state_retained,2710,2022-03-25,2022-04-06,0.0314834190717003,2022,2022-02-28,learned_order_offset,20260911,0.7312694881776368,0.7312694881776368,1,1
monthly_state_retained,2695,2022-03-04,2022-03-14,-0.0480378799422749,2022,2022-02-28,learned_order_offset,20260912,0.7063540116439039,0.7063540116439039,1,0
monthly_state_retained,2700,2022-03-11,2022-03-21,0.007530336734814,2022,2022-02-28,learned_order_offset,20260912,0.6284302090313957,0.6284302090313957,1,1
monthly_state_retained,2705,2022-03-18,2022-03-28,-0.0353493110038457,2022,2022-02-28,learned_order_offset,20260912,0.5930408007656572,0.5930408007656572,1,0
monthly_state_retained,2710,2022-03-25,2022-04-06,0.0314834190717003,2022,2022-02-28,learned_order_offset,20260912,0.5609837979969954,0.5609837979969954,1,1
monthly_state_retained,2715,2022-04-01,2022-04-12,-0.0129237372705649,2022,2022-03-31,learned_market,20260910,0.699650234779605,0.699650234779605,1,0
monthly_state_retained,2718,2022-04-08,2022-04-18,-0.0120986062576864,2022,2022-03-31,learned_market,20260910,0.7081466712193373,0.7081466712193373,1,0
monthly_state_retained,2723,2022-04-15,2022-04-25,-0.0528494340140576,2022,2022-03-31,learned_market,20260910,0.6903510287050534,0.6903510287050534,1,0
monthly_state_retained,2728,2022-04-22,2022-05-05,0.015736821365468,2022,2022-03-31,learned_market,20260910,0.6523274039170177,0.6523274039170177,1,1
monthly_state_retained,2733,2022-04-29,2022-05-11,-0.0278824133054675,2022,2022-03-31,learned_market,20260910,0.6356812320546283,0.6356812320546283,1,0
monthly_state_retained,2715,2022-04-01,2022-04-12,-0.0129237372705649,2022,2022-03-31,learned_market,20260911,0.7319064424968235,0.7319064424968235,1,0
monthly_state_retained,2718,2022-04-08,2022-04-18,-0.0120986062576864,2022,2022-03-31,learned_market,20260911,0.6054453974595707,0.6054453974595707,1,0
monthly_state_retained,2723,2022-04-15,2022-04-25,-0.0528494340140576,2022,2022-03-31,learned_market,20260911,0.780048801319433,0.780048801319433,1,0
monthly_state_retained,2728,2022-04-22,2022-05-05,0.015736821365468,2022,2022-03-31,learned_market,20260911,0.734465746968055,0.734465746968055,1,1
monthly_state_retained,2733,2022-04-29,2022-05-11,-0.0278824133054675,2022,2022-03-31,learned_market,20260911,0.5168257973739826,0.5168257973739826,1,0
monthly_state_retained,2715,2022-04-01,2022-04-12,-0.0129237372705649,2022,2022-03-31,learned_market,20260912,0.5905723686816398,0.5905723686816398,1,0
monthly_state_retained,2718,2022-04-08,2022-04-18,-0.0120986062576864,2022,2022-03-31,learned_market,20260912,0.5651619134469777,0.5651619134469777,1,0
monthly_state_retained,2723,2022-04-15,2022-04-25,-0.0528494340140576,2022,2022-03-31,learned_market,20260912,0.5782075738978683,0.5782075738978683,1,0
monthly_state_retained,2728,2022-04-22,2022-05-05,0.015736821365468,2022,2022-03-31,learned_market,20260912,0.5086735366407256,0.5086735366407256,1,1
monthly_state_retained,2733,2022-04-29,2022-05-11,-0.0278824133054675,2022,2022-03-31,learned_market,20260912,0.354488852979164,0.354488852979164,0,0
monthly_state_retained,2715,2022-04-01,2022-04-12,-0.0129237372705649,2022,2022-03-31,learned_vol_interaction,20260910,0.6692714430207383,0.6692714430207383,1,0
monthly_state_retained,2718,2022-04-08,2022-04-18,-0.0120986062576864,2022,2022-03-31,learned_vol_interaction,20260910,0.6870213134300237,0.6870213134300237,1,0
monthly_state_retained,2723,2022-04-15,2022-04-25,-0.0528494340140576,2022,2022-03-31,learned_vol_interaction,20260910,0.6863123370385322,0.6863123370385322,1,0
monthly_state_retained,2728,2022-04-22,2022-05-05,0.015736821365468,2022,2022-03-31,learned_vol_interaction,20260910,0.650740889856783,0.650740889856783,1,1
monthly_state_retained,2733,2022-04-29,2022-05-11,-0.0278824133054675,2022,2022-03-31,learned_vol_interaction,20260910,0.6202221031032191,0.6202221031032191,1,0
monthly_state_retained,2715,2022-04-01,2022-04-12,-0.0129237372705649,2022,2022-03-31,learned_vol_interaction,20260911,0.7431810041436555,0.7431810041436555,1,0
monthly_state_retained,2718,2022-04-08,2022-04-18,-0.0120986062576864,2022,2022-03-31,learned_vol_interaction,20260911,0.601115184023622,0.601115184023622,1,0
monthly_state_retained,2723,2022-04-15,2022-04-25,-0.0528494340140576,2022,2022-03-31,learned_vol_interaction,20260911,0.7843896219441964,0.7843896219441964,1,0
monthly_state_retained,2728,2022-04-22,2022-05-05,0.015736821365468,2022,2022-03-31,learned_vol_interaction,20260911,0.7408337892127695,0.7408337892127695,1,1
monthly_state_retained,2733,2022-04-29,2022-05-11,-0.0278824133054675,2022,2022-03-31,learned_vol_interaction,20260911,0.5124458489532762,0.5124458489532762,1,0
monthly_state_retained,2715,2022-04-01,2022-04-12,-0.0129237372705649,2022,2022-03-31,learned_vol_interaction,20260912,0.5637358072675225,0.5637358072675225,1,0
monthly_state_retained,2718,2022-04-08,2022-04-18,-0.0120986062576864,2022,2022-03-31,learned_vol_interaction,20260912,0.5628559944649006,0.5628559944649006,1,0
monthly_state_retained,2723,2022-04-15,2022-04-25,-0.0528494340140576,2022,2022-03-31,learned_vol_interaction,20260912,0.5747919255172403,0.5747919255172403,1,0
monthly_state_retained,2728,2022-04-22,2022-05-05,0.015736821365468,2022,2022-03-31,learned_vol_interaction,20260912,0.5170916019143975,0.5170916019143975,1,1
monthly_state_retained,2733,2022-04-29,2022-05-11,-0.0278824133054675,2022,2022-03-31,learned_vol_interaction,20260912,0.40387814010224393,0.40387814010224393,0,0
monthly_state_retained,2715,2022-04-01,2022-04-12,-0.0129237372705649,2022,2022-03-31,learned_order_extension,20260910,0.6698700948387382,0.6698700948387382,1,0
monthly_state_retained,2718,2022-04-08,2022-04-18,-0.0120986062576864,2022,2022-03-31,learned_order_extension,20260910,0.6806371615463094,0.6806371615463094,1,0
monthly_state_retained,2723,2022-04-15,2022-04-25,-0.0528494340140576,2022,2022-03-31,learned_order_extension,20260910,0.6734562693191574,0.6734562693191574,1,0
monthly_state_retained,2728,2022-04-22,2022-05-05,0.015736821365468,2022,2022-03-31,learned_order_extension,20260910,0.6412880357294892,0.6412880357294892,1,1
monthly_state_retained,2733,2022-04-29,2022-05-11,-0.0278824133054675,2022,2022-03-31,learned_order_extension,20260910,0.6287985885797217,0.6287985885797217,1,0
monthly_state_retained,2715,2022-04-01,2022-04-12,-0.0129237372705649,2022,2022-03-31,learned_order_extension,20260911,0.7324552613785594,0.7324552613785594,1,0
monthly_state_retained,2718,2022-04-08,2022-04-18,-0.0120986062576864,2022,2022-03-31,learned_order_extension,20260911,0.5757660544472725,0.5757660544472725,1,0
monthly_state_retained,2723,2022-04-15,2022-04-25,-0.0528494340140576,2022,2022-03-31,learned_order_extension,20260911,0.7914821695285316,0.7914821695285316,1,0
monthly_state_retained,2728,2022-04-22,2022-05-05,0.015736821365468,2022,2022-03-31,learned_order_extension,20260911,0.7445035554337466,0.7445035554337466,1,1
monthly_state_retained,2733,2022-04-29,2022-05-11,-0.0278824133054675,2022,2022-03-31,learned_order_extension,20260911,0.512691847329782,0.512691847329782,1,0
monthly_state_retained,2715,2022-04-01,2022-04-12,-0.0129237372705649,2022,2022-03-31,learned_order_extension,20260912,0.5663838497464478,0.5663838497464478,1,0
monthly_state_retained,2718,2022-04-08,2022-04-18,-0.0120986062576864,2022,2022-03-31,learned_order_extension,20260912,0.5658097590213205,0.5658097590213205,1,0
monthly_state_retained,2723,2022-04-15,2022-04-25,-0.0528494340140576,2022,2022-03-31,learned_order_extension,20260912,0.5761777041401651,0.5761777041401651,1,0
monthly_state_retained,2728,2022-04-22,2022-05-05,0.015736821365468,2022,2022-03-31,learned_order_extension,20260912,0.5221611817410305,0.5221611817410305,1,1
monthly_state_retained,2733,2022-04-29,2022-05-11,-0.0278824133054675,2022,2022-03-31,learned_order_extension,20260912,0.4014543582757582,0.4014543582757582,0,0
monthly_state_retained,2715,2022-04-01,2022-04-12,-0.0129237372705649,2022,2022-03-31,learned_order_offset,20260910,0.6694890325996018,0.6694890325996018,1,0
monthly_state_retained,2718,2022-04-08,2022-04-18,-0.0120986062576864,2022,2022-03-31,learned_order_offset,20260910,0.6803426001198963,0.6803426001198963,1,0
monthly_state_retained,2723,2022-04-15,2022-04-25,-0.0528494340140576,2022,2022-03-31,learned_order_offset,20260910,0.6731249980220481,0.6731249980220481,1,0
monthly_state_retained,2728,2022-04-22,2022-05-05,0.015736821365468,2022,2022-03-31,learned_order_offset,20260910,0.641097331377158,0.641097331377158,1,1
monthly_state_retained,2733,2022-04-29,2022-05-11,-0.0278824133054675,2022,2022-03-31,learned_order_offset,20260910,0.6286451625043376,0.6286451625043376,1,0
monthly_state_retained,2715,2022-04-01,2022-04-12,-0.0129237372705649,2022,2022-03-31,learned_order_offset,20260911,0.7324670213429436,0.7324670213429436,1,0
monthly_state_retained,2718,2022-04-08,2022-04-18,-0.0120986062576864,2022,2022-03-31,learned_order_offset,20260911,0.5743123235952446,0.5743123235952446,1,0
monthly_state_retained,2723,2022-04-15,2022-04-25,-0.0528494340140576,2022,2022-03-31,learned_order_offset,20260911,0.789920397567569,0.789920397567569,1,0
monthly_state_retained,2728,2022-04-22,2022-05-05,0.015736821365468,2022,2022-03-31,learned_order_offset,20260911,0.7438162541041152,0.7438162541041152,1,1
monthly_state_retained,2733,2022-04-29,2022-05-11,-0.0278824133054675,2022,2022-03-31,learned_order_offset,20260911,0.5113015107739602,0.5113015107739602,1,0
monthly_state_retained,2715,2022-04-01,2022-04-12,-0.0129237372705649,2022,2022-03-31,learned_order_offset,20260912,0.5664637136117925,0.5664637136117925,1,0
monthly_state_retained,2718,2022-04-08,2022-04-18,-0.0120986062576864,2022,2022-03-31,learned_order_offset,20260912,0.5658239286779201,0.5658239286779201,1,0
monthly_state_retained,2723,2022-04-15,2022-04-25,-0.0528494340140576,2022,2022-03-31,learned_order_offset,20260912,0.5762053845604607,0.5762053845604607,1,0
monthly_state_retained,2728,2022-04-22,2022-05-05,0.015736821365468,2022,2022-03-31,learned_order_offset,20260912,0.5222181583301384,0.5222181583301384,1,1
monthly_state_retained,2733,2022-04-29,2022-05-11,-0.0278824133054675,2022,2022-03-31,learned_order_offset,20260912,0.40156189565790024,0.40156189565790024,0,0
monthly_state_retained,2735,2022-05-06,2022-05-16,0.033741423035827,2022,2022-04-30,learned_market,20260910,0.655223736292306,0.655223736292306,1,1
monthly_state_retained,2740,2022-05-13,2022-05-23,0.0164308841843088,2022,2022-04-30,learned_market,20260910,0.6496742007126685,0.6496742007126685,1,1
monthly_state_retained,2745,2022-05-20,2022-05-30,-0.0147293413085614,2022,2022-04-30,learned_market,20260910,0.5903492522212237,0.5903492522212237,1,0
monthly_state_retained,2750,2022-05-27,2022-06-13,0.0431748431927498,2022,2022-04-30,learned_market,20260910,0.5153438231225524,0.5153438231225524,1,1
monthly_state_retained,2735,2022-05-06,2022-05-16,0.033741423035827,2022,2022-04-30,learned_market,20260911,0.40189346381722363,0.40189346381722363,0,1
monthly_state_retained,2740,2022-05-13,2022-05-23,0.0164308841843088,2022,2022-04-30,learned_market,20260911,0.5083996095353812,0.5083996095353812,1,1
monthly_state_retained,2745,2022-05-20,2022-05-30,-0.0147293413085614,2022,2022-04-30,learned_market,20260911,0.554311952008104,0.554311952008104,1,0
monthly_state_retained,2750,2022-05-27,2022-06-13,0.0431748431927498,2022,2022-04-30,learned_market,20260911,0.6026682500069707,0.6026682500069707,1,1
monthly_state_retained,2735,2022-05-06,2022-05-16,0.033741423035827,2022,2022-04-30,learned_market,20260912,0.43196496938917867,0.43196496938917867,0,1
monthly_state_retained,2740,2022-05-13,2022-05-23,0.0164308841843088,2022,2022-04-30,learned_market,20260912,0.4392929502217229,0.4392929502217229,0,1
monthly_state_retained,2745,2022-05-20,2022-05-30,-0.0147293413085614,2022,2022-04-30,learned_market,20260912,0.4708416760329488,0.4708416760329488,0,0
monthly_state_retained,2750,2022-05-27,2022-06-13,0.0431748431927498,2022,2022-04-30,learned_market,20260912,0.4574571545139993,0.4574571545139993,0,1
monthly_state_retained,2735,2022-05-06,2022-05-16,0.033741423035827,2022,2022-04-30,learned_vol_interaction,20260910,0.6392496752711616,0.6392496752711616,1,1
monthly_state_retained,2740,2022-05-13,2022-05-23,0.0164308841843088,2022,2022-04-30,learned_vol_interaction,20260910,0.6413212557500495,0.6413212557500495,1,1
monthly_state_retained,2745,2022-05-20,2022-05-30,-0.0147293413085614,2022,2022-04-30,learned_vol_interaction,20260910,0.5814333950080588,0.5814333950080588,1,0
monthly_state_retained,2750,2022-05-27,2022-06-13,0.0431748431927498,2022,2022-04-30,learned_vol_interaction,20260910,0.5197460553923614,0.5197460553923614,1,1
monthly_state_retained,2735,2022-05-06,2022-05-16,0.033741423035827,2022,2022-04-30,learned_vol_interaction,20260911,0.38434598170774237,0.38434598170774237,0,1
monthly_state_retained,2740,2022-05-13,2022-05-23,0.0164308841843088,2022,2022-04-30,learned_vol_interaction,20260911,0.4962015474558973,0.4962015474558973,0,1
monthly_state_retained,2745,2022-05-20,2022-05-30,-0.0147293413085614,2022,2022-04-30,learned_vol_interaction,20260911,0.5536729513391327,0.5536729513391327,1,0
monthly_state_retained,2750,2022-05-27,2022-06-13,0.0431748431927498,2022,2022-04-30,learned_vol_interaction,20260911,0.6054554975797125,0.6054554975797125,1,1
monthly_state_retained,2735,2022-05-06,2022-05-16,0.033741423035827,2022,2022-04-30,learned_vol_interaction,20260912,0.4773185927787562,0.4773185927787562,0,1
monthly_state_retained,2740,2022-05-13,2022-05-23,0.0164308841843088,2022,2022-04-30,learned_vol_interaction,20260912,0.4698933454358381,0.4698933454358381,0,1
monthly_state_retained,2745,2022-05-20,2022-05-30,-0.0147293413085614,2022,2022-04-30,learned_vol_interaction,20260912,0.4802495124922596,0.4802495124922596,0,0
monthly_state_retained,2750,2022-05-27,2022-06-13,0.0431748431927498,2022,2022-04-30,learned_vol_interaction,20260912,0.4601952965187793,0.4601952965187793,0,1
monthly_state_retained,2735,2022-05-06,2022-05-16,0.033741423035827,2022,2022-04-30,learned_order_extension,20260910,0.6540416538097915,0.6540416538097915,1,1
monthly_state_retained,2740,2022-05-13,2022-05-23,0.0164308841843088,2022,2022-04-30,learned_order_extension,20260910,0.6547674512326901,0.6547674512326901,1,1
monthly_state_retained,2745,2022-05-20,2022-05-30,-0.0147293413085614,2022,2022-04-30,learned_order_extension,20260910,0.5882230547766246,0.5882230547766246,1,0
monthly_state_retained,2750,2022-05-27,2022-06-13,0.0431748431927498,2022,2022-04-30,learned_order_extension,20260910,0.508142218915277,0.508142218915277,1,1
monthly_state_retained,2735,2022-05-06,2022-05-16,0.033741423035827,2022,2022-04-30,learned_order_extension,20260911,0.39192947263156325,0.39192947263156325,0,1
monthly_state_retained,2740,2022-05-13,2022-05-23,0.0164308841843088,2022,2022-04-30,learned_order_extension,20260911,0.4923475901483292,0.4923475901483292,0,1
monthly_state_retained,2745,2022-05-20,2022-05-30,-0.0147293413085614,2022,2022-04-30,learned_order_extension,20260911,0.5453859955701774,0.5453859955701774,1,0
monthly_state_retained,2750,2022-05-27,2022-06-13,0.0431748431927498,2022,2022-04-30,learned_order_extension,20260911,0.606543809827078,0.606543809827078,1,1
monthly_state_retained,2735,2022-05-06,2022-05-16,0.033741423035827,2022,2022-04-30,learned_order_extension,20260912,0.47602162546573495,0.47602162546573495,0,1
monthly_state_retained,2740,2022-05-13,2022-05-23,0.0164308841843088,2022,2022-04-30,learned_order_extension,20260912,0.4674156580741896,0.4674156580741896,0,1
monthly_state_retained,2745,2022-05-20,2022-05-30,-0.0147293413085614,2022,2022-04-30,learned_order_extension,20260912,0.48286106588586175,0.48286106588586175,0,0
monthly_state_retained,2750,2022-05-27,2022-06-13,0.0431748431927498,2022,2022-04-30,learned_order_extension,20260912,0.4605980778391567,0.4605980778391567,0,1
monthly_state_retained,2735,2022-05-06,2022-05-16,0.033741423035827,2022,2022-04-30,learned_order_offset,20260910,0.6539023380631441,0.6539023380631441,1,1
monthly_state_retained,2740,2022-05-13,2022-05-23,0.0164308841843088,2022,2022-04-30,learned_order_offset,20260910,0.6546369622968728,0.6546369622968728,1,1
monthly_state_retained,2745,2022-05-20,2022-05-30,-0.0147293413085614,2022,2022-04-30,learned_order_offset,20260910,0.5880855347067084,0.5880855347067084,1,0
monthly_state_retained,2750,2022-05-27,2022-06-13,0.0431748431927498,2022,2022-04-30,learned_order_offset,20260910,0.5080704772787945,0.5080704772787945,1,1
monthly_state_retained,2735,2022-05-06,2022-05-16,0.033741423035827,2022,2022-04-30,learned_order_offset,20260911,0.3890720337526808,0.3890720337526808,0,1
monthly_state_retained,2740,2022-05-13,2022-05-23,0.0164308841843088,2022,2022-04-30,learned_order_offset,20260911,0.4890167561559044,0.4890167561559044,0,1
monthly_state_retained,2745,2022-05-20,2022-05-30,-0.0147293413085614,2022,2022-04-30,learned_order_offset,20260911,0.5443348672271099,0.5443348672271099,1,0
monthly_state_retained,2750,2022-05-27,2022-06-13,0.0431748431927498,2022,2022-04-30,learned_order_offset,20260911,0.6058889369805722,0.6058889369805722,1,1
monthly_state_retained,2735,2022-05-06,2022-05-16,0.033741423035827,2022,2022-04-30,learned_order_offset,20260912,0.4760551178307766,0.4760551178307766,0,1
monthly_state_retained,2740,2022-05-13,2022-05-23,0.0164308841843088,2022,2022-04-30,learned_order_offset,20260912,0.46741359959285833,0.46741359959285833,0,1
monthly_state_retained,2745,2022-05-20,2022-05-30,-0.0147293413085614,2022,2022-04-30,learned_order_offset,20260912,0.4829666670195881,0.4829666670195881,0,0
monthly_state_retained,2750,2022-05-27,2022-06-13,0.0431748431927498,2022,2022-04-30,learned_order_offset,20260912,0.4606339295692324,0.4606339295692324,0,1
monthly_state_retained,2759,2022-06-10,2022-06-20,0.0306046547112142,2022,2022-05-31,learned_market,20260910,0.5333027200840973,0.5333027200840973,1,1
monthly_state_retained,2764,2022-06-17,2022-06-27,0.0211666894141107,2022,2022-05-31,learned_market,20260910,0.48085394757640604,0.48085394757640604,0,1
monthly_state_retained,2769,2022-06-24,2022-07-04,0.0074507343130214,2022,2022-05-31,learned_market,20260910,0.48460550715379297,0.48460550715379297,0,1
monthly_state_retained,2759,2022-06-10,2022-06-20,0.0306046547112142,2022,2022-05-31,learned_market,20260911,0.32489630701390565,0.32489630701390565,0,1
monthly_state_retained,2764,2022-06-17,2022-06-27,0.0211666894141107,2022,2022-05-31,learned_market,20260911,0.35966324404140343,0.35966324404140343,0,1
monthly_state_retained,2769,2022-06-24,2022-07-04,0.0074507343130214,2022,2022-05-31,learned_market,20260911,0.46809827445499036,0.46809827445499036,0,1
monthly_state_retained,2759,2022-06-10,2022-06-20,0.0306046547112142,2022,2022-05-31,learned_market,20260912,0.3450914159370645,0.3450914159370645,0,1
monthly_state_retained,2764,2022-06-17,2022-06-27,0.0211666894141107,2022,2022-05-31,learned_market,20260912,0.3212471828605167,0.3212471828605167,0,1
monthly_state_retained,2769,2022-06-24,2022-07-04,0.0074507343130214,2022,2022-05-31,learned_market,20260912,0.4025755619428385,0.4025755619428385,0,1
monthly_state_retained,2759,2022-06-10,2022-06-20,0.0306046547112142,2022,2022-05-31,learned_vol_interaction,20260910,0.5385759882805518,0.5385759882805518,1,1
monthly_state_retained,2764,2022-06-17,2022-06-27,0.0211666894141107,2022,2022-05-31,learned_vol_interaction,20260910,0.48255164210709656,0.48255164210709656,0,1
monthly_state_retained,2769,2022-06-24,2022-07-04,0.0074507343130214,2022,2022-05-31,learned_vol_interaction,20260910,0.4796566656164814,0.4796566656164814,0,1
monthly_state_retained,2759,2022-06-10,2022-06-20,0.0306046547112142,2022,2022-05-31,learned_vol_interaction,20260911,0.33012579252956525,0.33012579252956525,0,1
monthly_state_retained,2764,2022-06-17,2022-06-27,0.0211666894141107,2022,2022-05-31,learned_vol_interaction,20260911,0.36375167025478616,0.36375167025478616,0,1
monthly_state_retained,2769,2022-06-24,2022-07-04,0.0074507343130214,2022,2022-05-31,learned_vol_interaction,20260911,0.47411451496984686,0.47411451496984686,0,1
monthly_state_retained,2759,2022-06-10,2022-06-20,0.0306046547112142,2022,2022-05-31,learned_vol_interaction,20260912,0.32387572436005274,0.32387572436005274,0,1
monthly_state_retained,2764,2022-06-17,2022-06-27,0.0211666894141107,2022,2022-05-31,learned_vol_interaction,20260912,0.2947636043884615,0.2947636043884615,0,1
monthly_state_retained,2769,2022-06-24,2022-07-04,0.0074507343130214,2022,2022-05-31,learned_vol_interaction,20260912,0.374996784204944,0.374996784204944,0,1
monthly_state_retained,2759,2022-06-10,2022-06-20,0.0306046547112142,2022,2022-05-31,learned_order_extension,20260910,0.5262224823900267,0.5262224823900267,1,1
monthly_state_retained,2764,2022-06-17,2022-06-27,0.0211666894141107,2022,2022-05-31,learned_order_extension,20260910,0.4859253122353308,0.4859253122353308,0,1
monthly_state_retained,2769,2022-06-24,2022-07-04,0.0074507343130214,2022,2022-05-31,learned_order_extension,20260910,0.4875812841679665,0.4875812841679665,0,1
monthly_state_retained,2759,2022-06-10,2022-06-20,0.0306046547112142,2022,2022-05-31,learned_order_extension,20260911,0.31573542910822044,0.31573542910822044,0,1
monthly_state_retained,2764,2022-06-17,2022-06-27,0.0211666894141107,2022,2022-05-31,learned_order_extension,20260911,0.33808664733638566,0.33808664733638566,0,1
monthly_state_retained,2769,2022-06-24,2022-07-04,0.0074507343130214,2022,2022-05-31,learned_order_extension,20260911,0.4651372063002809,0.4651372063002809,0,1
monthly_state_retained,2759,2022-06-10,2022-06-20,0.0306046547112142,2022,2022-05-31,learned_order_extension,20260912,0.3286932472005183,0.3286932472005183,0,1
monthly_state_retained,2764,2022-06-17,2022-06-27,0.0211666894141107,2022,2022-05-31,learned_order_extension,20260912,0.312819666276213,0.312819666276213,0,1
monthly_state_retained,2769,2022-06-24,2022-07-04,0.0074507343130214,2022,2022-05-31,learned_order_extension,20260912,0.38479843885136705,0.38479843885136705,0,1
monthly_state_retained,2759,2022-06-10,2022-06-20,0.0306046547112142,2022,2022-05-31,learned_order_offset,20260910,0.5261493276212664,0.5261493276212664,1,1
monthly_state_retained,2764,2022-06-17,2022-06-27,0.0211666894141107,2022,2022-05-31,learned_order_offset,20260910,0.485730573138482,0.485730573138482,0,1
monthly_state_retained,2769,2022-06-24,2022-07-04,0.0074507343130214,2022,2022-05-31,learned_order_offset,20260910,0.48755264163513784,0.48755264163513784,0,1
monthly_state_retained,2759,2022-06-10,2022-06-20,0.0306046547112142,2022,2022-05-31,learned_order_offset,20260911,0.31689176081913195,0.31689176081913195,0,1
monthly_state_retained,2764,2022-06-17,2022-06-27,0.0211666894141107,2022,2022-05-31,learned_order_offset,20260911,0.3393918095171554,0.3393918095171554,0,1
monthly_state_retained,2769,2022-06-24,2022-07-04,0.0074507343130214,2022,2022-05-31,learned_order_offset,20260911,0.4655557857250781,0.4655557857250781,0,1
monthly_state_retained,2759,2022-06-10,2022-06-20,0.0306046547112142,2022,2022-05-31,learned_order_offset,20260912,0.32893460376209926,0.32893460376209926,0,1
monthly_state_retained,2764,2022-06-17,2022-06-27,0.0211666894141107,2022,2022-05-31,learned_order_offset,20260912,0.31302829433814716,0.31302829433814716,0,1
monthly_state_retained,2769,2022-06-24,2022-07-04,0.0074507343130214,2022,2022-05-31,learned_order_offset,20260912,0.38491716457946495,0.38491716457946495,0,1
monthly_state_retained,2774,2022-07-01,2022-07-11,-0.0092349827532707,2022,2022-06-30,learned_market,20260910,0.5770861008001591,0.5770861008001591,1,0
monthly_state_retained,2779,2022-07-08,2022-07-18,-0.0326815927737367,2022,2022-06-30,learned_market,20260910,0.5381607401143592,0.5381607401143592,1,0
monthly_state_retained,2784,2022-07-15,2022-07-25,-0.0066210715249344,2022,2022-06-30,learned_market,20260910,0.4788824704425519,0.4788824704425519,0,0
monthly_state_retained,2789,2022-07-22,2022-08-01,-0.0173077967751003,2022,2022-06-30,learned_market,20260910,0.567115820912824,0.567115820912824,1,0
monthly_state_retained,2794,2022-07-29,2022-08-08,-0.004456034513838,2022,2022-06-30,learned_market,20260910,0.7475455860840632,0.7475455860840632,1,0
monthly_state_retained,2774,2022-07-01,2022-07-11,-0.0092349827532707,2022,2022-06-30,learned_market,20260911,0.5193349295186931,0.5193349295186931,1,0
monthly_state_retained,2779,2022-07-08,2022-07-18,-0.0326815927737367,2022,2022-06-30,learned_market,20260911,0.5210563697553774,0.5210563697553774,1,0
monthly_state_retained,2784,2022-07-15,2022-07-25,-0.0066210715249344,2022,2022-06-30,learned_market,20260911,0.276078528858952,0.276078528858952,0,0
monthly_state_retained,2789,2022-07-22,2022-08-01,-0.0173077967751003,2022,2022-06-30,learned_market,20260911,0.3174121093765397,0.3174121093765397,0,0
monthly_state_retained,2794,2022-07-29,2022-08-08,-0.004456034513838,2022,2022-06-30,learned_market,20260911,0.5558739451685917,0.5558739451685917,1,0
monthly_state_retained,2774,2022-07-01,2022-07-11,-0.0092349827532707,2022,2022-06-30,learned_market,20260912,0.3925821543273538,0.3925821543273538,0,0
monthly_state_retained,2779,2022-07-08,2022-07-18,-0.0326815927737367,2022,2022-06-30,learned_market,20260912,0.4605216629741631,0.4605216629741631,0,0
monthly_state_retained,2784,2022-07-15,2022-07-25,-0.0066210715249344,2022,2022-06-30,learned_market,20260912,0.5098027754769087,0.5098027754769087,1,0
monthly_state_retained,2789,2022-07-22,2022-08-01,-0.0173077967751003,2022,2022-06-30,learned_market,20260912,0.5524679777609933,0.5524679777609933,1,0
monthly_state_retained,2794,2022-07-29,2022-08-08,-0.004456034513838,2022,2022-06-30,learned_market,20260912,0.7218475045000325,0.7218475045000325,1,0
monthly_state_retained,2774,2022-07-01,2022-07-11,-0.0092349827532707,2022,2022-06-30,learned_vol_interaction,20260910,0.5729293041374858,0.5729293041374858,1,0
monthly_state_retained,2779,2022-07-08,2022-07-18,-0.0326815927737367,2022,2022-06-30,learned_vol_interaction,20260910,0.5302683386209299,0.5302683386209299,1,0
monthly_state_retained,2784,2022-07-15,2022-07-25,-0.0066210715249344,2022,2022-06-30,learned_vol_interaction,20260910,0.4744529012062564,0.4744529012062564,0,0
monthly_state_retained,2789,2022-07-22,2022-08-01,-0.0173077967751003,2022,2022-06-30,learned_vol_interaction,20260910,0.568735503293615,0.568735503293615,1,0
monthly_state_retained,2794,2022-07-29,2022-08-08,-0.004456034513838,2022,2022-06-30,learned_vol_interaction,20260910,0.7449112931956193,0.7449112931956193,1,0
monthly_state_retained,2774,2022-07-01,2022-07-11,-0.0092349827532707,2022,2022-06-30,learned_vol_interaction,20260911,0.5243593636282992,0.5243593636282992,1,0
monthly_state_retained,2779,2022-07-08,2022-07-18,-0.0326815927737367,2022,2022-06-30,learned_vol_interaction,20260911,0.5287137474480963,0.5287137474480963,1,0
monthly_state_retained,2784,2022-07-15,2022-07-25,-0.0066210715249344,2022,2022-06-30,learned_vol_interaction,20260911,0.28286663565549924,0.28286663565549924,0,0
monthly_state_retained,2789,2022-07-22,2022-08-01,-0.0173077967751003,2022,2022-06-30,learned_vol_interaction,20260911,0.32529843901510974,0.32529843901510974,0,0
monthly_state_retained,2794,2022-07-29,2022-08-08,-0.004456034513838,2022,2022-06-30,learned_vol_interaction,20260911,0.5568653358658677,0.5568653358658677,1,0
monthly_state_retained,2774,2022-07-01,2022-07-11,-0.0092349827532707,2022,2022-06-30,learned_vol_interaction,20260912,0.3627477495911205,0.3627477495911205,0,0
monthly_state_retained,2779,2022-07-08,2022-07-18,-0.0326815927737367,2022,2022-06-30,learned_vol_interaction,20260912,0.4386327346901708,0.4386327346901708,0,0
monthly_state_retained,2784,2022-07-15,2022-07-25,-0.0066210715249344,2022,2022-06-30,learned_vol_interaction,20260912,0.48961628460365914,0.48961628460365914,0,0
monthly_state_retained,2789,2022-07-22,2022-08-01,-0.0173077967751003,2022,2022-06-30,learned_vol_interaction,20260912,0.5476518151604005,0.5476518151604005,1,0
monthly_state_retained,2794,2022-07-29,2022-08-08,-0.004456034513838,2022,2022-06-30,learned_vol_interaction,20260912,0.7328326518032054,0.7328326518032054,1,0
monthly_state_retained,2774,2022-07-01,2022-07-11,-0.0092349827532707,2022,2022-06-30,learned_order_extension,20260910,0.5673900409205141,0.5673900409205141,1,0
monthly_state_retained,2779,2022-07-08,2022-07-18,-0.0326815927737367,2022,2022-06-30,learned_order_extension,20260910,0.5410131618864253,0.5410131618864253,1,0
monthly_state_retained,2784,2022-07-15,2022-07-25,-0.0066210715249344,2022,2022-06-30,learned_order_extension,20260910,0.47973859027832644,0.47973859027832644,0,0
monthly_state_retained,2789,2022-07-22,2022-08-01,-0.0173077967751003,2022,2022-06-30,learned_order_extension,20260910,0.5665009900782988,0.5665009900782988,1,0
monthly_state_retained,2794,2022-07-29,2022-08-08,-0.004456034513838,2022,2022-06-30,learned_order_extension,20260910,0.6826002369228839,0.6826002369228839,1,0
monthly_state_retained,2774,2022-07-01,2022-07-11,-0.0092349827532707,2022,2022-06-30,learned_order_extension,20260911,0.5074843163264047,0.5074843163264047,1,0
monthly_state_retained,2779,2022-07-08,2022-07-18,-0.0326815927737367,2022,2022-06-30,learned_order_extension,20260911,0.5121847716177591,0.5121847716177591,1,0
monthly_state_retained,2784,2022-07-15,2022-07-25,-0.0066210715249344,2022,2022-06-30,learned_order_extension,20260911,0.2684864364550306,0.2684864364550306,0,0
monthly_state_retained,2789,2022-07-22,2022-08-01,-0.0173077967751003,2022,2022-06-30,learned_order_extension,20260911,0.2677542813034704,0.2677542813034704,0,0
monthly_state_retained,2794,2022-07-29,2022-08-08,-0.004456034513838,2022,2022-06-30,learned_order_extension,20260911,0.5491944105847139,0.5491944105847139,1,0
monthly_state_retained,2774,2022-07-01,2022-07-11,-0.0092349827532707,2022,2022-06-30,learned_order_extension,20260912,0.374217053609673,0.374217053609673,0,0
monthly_state_retained,2779,2022-07-08,2022-07-18,-0.0326815927737367,2022,2022-06-30,learned_order_extension,20260912,0.4519894158378443,0.4519894158378443,0,0
monthly_state_retained,2784,2022-07-15,2022-07-25,-0.0066210715249344,2022,2022-06-30,learned_order_extension,20260912,0.4940204054336156,0.4940204054336156,0,0
monthly_state_retained,2789,2022-07-22,2022-08-01,-0.0173077967751003,2022,2022-06-30,learned_order_extension,20260912,0.5530846362953933,0.5530846362953933,1,0
monthly_state_retained,2794,2022-07-29,2022-08-08,-0.004456034513838,2022,2022-06-30,learned_order_extension,20260912,0.7003654415092999,0.7003654415092999,1,0
monthly_state_retained,2774,2022-07-01,2022-07-11,-0.0092349827532707,2022,2022-06-30,learned_order_offset,20260910,0.5672840355549256,0.5672840355549256,1,0
monthly_state_retained,2779,2022-07-08,2022-07-18,-0.0326815927737367,2022,2022-06-30,learned_order_offset,20260910,0.5409192694310424,0.5409192694310424,1,0
monthly_state_retained,2784,2022-07-15,2022-07-25,-0.0066210715249344,2022,2022-06-30,learned_order_offset,20260910,0.47961995538049773,0.47961995538049773,0,0
monthly_state_retained,2789,2022-07-22,2022-08-01,-0.0173077967751003,2022,2022-06-30,learned_order_offset,20260910,0.5660618100474655,0.5660618100474655,1,0
monthly_state_retained,2794,2022-07-29,2022-08-08,-0.004456034513838,2022,2022-06-30,learned_order_offset,20260910,0.6825374208841533,0.6825374208841533,1,0
monthly_state_retained,2774,2022-07-01,2022-07-11,-0.0092349827532707,2022,2022-06-30,learned_order_offset,20260911,0.5070250526739909,0.5070250526739909,1,0
monthly_state_retained,2779,2022-07-08,2022-07-18,-0.0326815927737367,2022,2022-06-30,learned_order_offset,20260911,0.5121244968373462,0.5121244968373462,1,0
monthly_state_retained,2784,2022-07-15,2022-07-25,-0.0066210715249344,2022,2022-06-30,learned_order_offset,20260911,0.27002224125244795,0.27002224125244795,0,0
monthly_state_retained,2789,2022-07-22,2022-08-01,-0.0173077967751003,2022,2022-06-30,learned_order_offset,20260911,0.2693979955700283,0.2693979955700283,0,0
monthly_state_retained,2794,2022-07-29,2022-08-08,-0.004456034513838,2022,2022-06-30,learned_order_offset,20260911,0.5493720737942515,0.5493720737942515,1,0
monthly_state_retained,2774,2022-07-01,2022-07-11,-0.0092349827532707,2022,2022-06-30,learned_order_offset,20260912,0.3742631378177632,0.3742631378177632,0,0
monthly_state_retained,2779,2022-07-08,2022-07-18,-0.0326815927737367,2022,2022-06-30,learned_order_offset,20260912,0.45196032259529306,0.45196032259529306,0,0
monthly_state_retained,2784,2022-07-15,2022-07-25,-0.0066210715249344,2022,2022-06-30,learned_order_offset,20260912,0.49395559112838827,0.49395559112838827,0,0
monthly_state_retained,2789,2022-07-22,2022-08-01,-0.0173077967751003,2022,2022-06-30,learned_order_offset,20260912,0.5530567140533315,0.5530567140533315,1,0
monthly_state_retained,2794,2022-07-29,2022-08-08,-0.004456034513838,2022,2022-06-30,learned_order_offset,20260912,0.7004287549044343,0.7004287549044343,1,0
monthly_state_retained,2799,2022-08-05,2022-08-15,0.0091475117753996,2022,2022-07-31,learned_market,20260910,0.6586912425838466,0.6586912425838466,1,1
monthly_state_retained,2804,2022-08-12,2022-08-22,-0.0107272727272728,2022,2022-07-31,learned_market,20260910,0.6453382465097172,0.6453382465097172,1,0
monthly_state_retained,2809,2022-08-19,2022-08-29,-0.0172375434082356,2022,2022-07-31,learned_market,20260910,0.674643796620323,0.674643796620323,1,0
monthly_state_retained,2814,2022-08-26,2022-09-05,-0.0131573766941938,2022,2022-07-31,learned_market,20260910,0.6396510058407642,0.6396510058407642,1,0
monthly_state_retained,2799,2022-08-05,2022-08-15,0.0091475117753996,2022,2022-07-31,learned_market,20260911,0.7108208060891671,0.7108208060891671,1,1
monthly_state_retained,2804,2022-08-12,2022-08-22,-0.0107272727272728,2022,2022-07-31,learned_market,20260911,0.7273713339025305,0.7273713339025305,1,0
monthly_state_retained,2809,2022-08-19,2022-08-29,-0.0172375434082356,2022,2022-07-31,learned_market,20260911,0.6886147057688298,0.6886147057688298,1,0
monthly_state_retained,2814,2022-08-26,2022-09-05,-0.0131573766941938,2022,2022-07-31,learned_market,20260911,0.7346873214158656,0.7346873214158656,1,0
monthly_state_retained,2799,2022-08-05,2022-08-15,0.0091475117753996,2022,2022-07-31,learned_market,20260912,0.6532039852224342,0.6532039852224342,1,1
monthly_state_retained,2804,2022-08-12,2022-08-22,-0.0107272727272728,2022,2022-07-31,learned_market,20260912,0.5709775205876944,0.5709775205876944,1,0
monthly_state_retained,2809,2022-08-19,2022-08-29,-0.0172375434082356,2022,2022-07-31,learned_market,20260912,0.5697718161826372,0.5697718161826372,1,0
monthly_state_retained,2814,2022-08-26,2022-09-05,-0.0131573766941938,2022,2022-07-31,learned_market,20260912,0.6007938734692848,0.6007938734692848,1,0
monthly_state_retained,2799,2022-08-05,2022-08-15,0.0091475117753996,2022,2022-07-31,learned_vol_interaction,20260910,0.6690803670858058,0.6690803670858058,1,1
monthly_state_retained,2804,2022-08-12,2022-08-22,-0.0107272727272728,2022,2022-07-31,learned_vol_interaction,20260910,0.6571875580323422,0.6571875580323422,1,0
monthly_state_retained,2809,2022-08-19,2022-08-29,-0.0172375434082356,2022,2022-07-31,learned_vol_interaction,20260910,0.6670716563865554,0.6670716563865554,1,0
monthly_state_retained,2814,2022-08-26,2022-09-05,-0.0131573766941938,2022,2022-07-31,learned_vol_interaction,20260910,0.6419725542084096,0.6419725542084096,1,0
monthly_state_retained,2799,2022-08-05,2022-08-15,0.0091475117753996,2022,2022-07-31,learned_vol_interaction,20260911,0.7117205557364277,0.7117205557364277,1,1
monthly_state_retained,2804,2022-08-12,2022-08-22,-0.0107272727272728,2022,2022-07-31,learned_vol_interaction,20260911,0.728089070877284,0.728089070877284,1,0
monthly_state_retained,2809,2022-08-19,2022-08-29,-0.0172375434082356,2022,2022-07-31,learned_vol_interaction,20260911,0.6906588614286806,0.6906588614286806,1,0
monthly_state_retained,2814,2022-08-26,2022-09-05,-0.0131573766941938,2022,2022-07-31,learned_vol_interaction,20260911,0.7374791554763223,0.7374791554763223,1,0
monthly_state_retained,2799,2022-08-05,2022-08-15,0.0091475117753996,2022,2022-07-31,learned_vol_interaction,20260912,0.6561494296696646,0.6561494296696646,1,1
monthly_state_retained,2804,2022-08-12,2022-08-22,-0.0107272727272728,2022,2022-07-31,learned_vol_interaction,20260912,0.5667272646102238,0.5667272646102238,1,0
monthly_state_retained,2809,2022-08-19,2022-08-29,-0.0172375434082356,2022,2022-07-31,learned_vol_interaction,20260912,0.5755574714973257,0.5755574714973257,1,0
monthly_state_retained,2814,2022-08-26,2022-09-05,-0.0131573766941938,2022,2022-07-31,learned_vol_interaction,20260912,0.5992889777279924,0.5992889777279924,1,0
monthly_state_retained,2799,2022-08-05,2022-08-15,0.0091475117753996,2022,2022-07-31,learned_order_extension,20260910,0.6264531350174127,0.6264531350174127,1,1
monthly_state_retained,2804,2022-08-12,2022-08-22,-0.0107272727272728,2022,2022-07-31,learned_order_extension,20260910,0.6234550049594982,0.6234550049594982,1,0
monthly_state_retained,2809,2022-08-19,2022-08-29,-0.0172375434082356,2022,2022-07-31,learned_order_extension,20260910,0.614312207680884,0.614312207680884,1,0
monthly_state_retained,2814,2022-08-26,2022-09-05,-0.0131573766941938,2022,2022-07-31,learned_order_extension,20260910,0.6167311395003157,0.6167311395003157,1,0
monthly_state_retained,2799,2022-08-05,2022-08-15,0.0091475117753996,2022,2022-07-31,learned_order_extension,20260911,0.777138078827454,0.777138078827454,1,1
monthly_state_retained,2804,2022-08-12,2022-08-22,-0.0107272727272728,2022,2022-07-31,learned_order_extension,20260911,0.7974960640657842,0.7974960640657842,1,0
monthly_state_retained,2809,2022-08-19,2022-08-29,-0.0172375434082356,2022,2022-07-31,learned_order_extension,20260911,0.7637706546439285,0.7637706546439285,1,0
monthly_state_retained,2814,2022-08-26,2022-09-05,-0.0131573766941938,2022,2022-07-31,learned_order_extension,20260911,0.8226540126203189,0.8226540126203189,1,0
monthly_state_retained,2799,2022-08-05,2022-08-15,0.0091475117753996,2022,2022-07-31,learned_order_extension,20260912,0.6341161655828421,0.6341161655828421,1,1
monthly_state_retained,2804,2022-08-12,2022-08-22,-0.0107272727272728,2022,2022-07-31,learned_order_extension,20260912,0.5691662323086379,0.5691662323086379,1,0
monthly_state_retained,2809,2022-08-19,2022-08-29,-0.0172375434082356,2022,2022-07-31,learned_order_extension,20260912,0.5696880836750867,0.5696880836750867,1,0
monthly_state_retained,2814,2022-08-26,2022-09-05,-0.0131573766941938,2022,2022-07-31,learned_order_extension,20260912,0.5878257984810045,0.5878257984810045,1,0
monthly_state_retained,2799,2022-08-05,2022-08-15,0.0091475117753996,2022,2022-07-31,learned_order_offset,20260910,0.6262247306552385,0.6262247306552385,1,1
monthly_state_retained,2804,2022-08-12,2022-08-22,-0.0107272727272728,2022,2022-07-31,learned_order_offset,20260910,0.6232298710955773,0.6232298710955773,1,0
monthly_state_retained,2809,2022-08-19,2022-08-29,-0.0172375434082356,2022,2022-07-31,learned_order_offset,20260910,0.6145969170972031,0.6145969170972031,1,0
monthly_state_retained,2814,2022-08-26,2022-09-05,-0.0131573766941938,2022,2022-07-31,learned_order_offset,20260910,0.6165117624275381,0.6165117624275381,1,0
monthly_state_retained,2799,2022-08-05,2022-08-15,0.0091475117753996,2022,2022-07-31,learned_order_offset,20260911,0.7763427204784161,0.7763427204784161,1,1
monthly_state_retained,2804,2022-08-12,2022-08-22,-0.0107272727272728,2022,2022-07-31,learned_order_offset,20260911,0.7964144422108967,0.7964144422108967,1,0
monthly_state_retained,2809,2022-08-19,2022-08-29,-0.0172375434082356,2022,2022-07-31,learned_order_offset,20260911,0.7629768652536982,0.7629768652536982,1,0
monthly_state_retained,2814,2022-08-26,2022-09-05,-0.0131573766941938,2022,2022-07-31,learned_order_offset,20260911,0.8221287067625676,0.8221287067625676,1,0
monthly_state_retained,2799,2022-08-05,2022-08-15,0.0091475117753996,2022,2022-07-31,learned_order_offset,20260912,0.6341811795165448,0.6341811795165448,1,1
monthly_state_retained,2804,2022-08-12,2022-08-22,-0.0107272727272728,2022,2022-07-31,learned_order_offset,20260912,0.5692369708416735,0.5692369708416735,1,0
monthly_state_retained,2809,2022-08-19,2022-08-29,-0.0172375434082356,2022,2022-07-31,learned_order_offset,20260912,0.569797003520037,0.569797003520037,1,0
monthly_state_retained,2814,2022-08-26,2022-09-05,-0.0131573766941938,2022,2022-07-31,learned_order_offset,20260912,0.5879050437117161,0.5879050437117161,1,0
monthly_state_retained,2819,2022-09-02,2022-09-13,0.0253340680878015,2022,2022-08-31,learned_market,20260910,0.6087605094365632,0.6087605094365632,1,1
monthly_state_retained,2824,2022-09-09,2022-09-19,-0.044647264962877,2022,2022-08-31,learned_market,20260910,0.7721790950630053,0.7721790950630053,1,0
monthly_state_retained,2828,2022-09-16,2022-09-26,-0.025155151434928,2022,2022-08-31,learned_market,20260910,0.5649186144863099,0.5649186144863099,1,0
monthly_state_retained,2833,2022-09-23,2022-10-10,-0.0060162941299352,2022,2022-08-31,learned_market,20260910,0.7324525583451496,0.7324525583451496,1,0
monthly_state_retained,2838,2022-09-30,2022-10-17,0.0041192047412885,2022,2022-08-31,learned_market,20260910,0.551594616292446,0.551594616292446,1,1
monthly_state_retained,2819,2022-09-02,2022-09-13,0.0253340680878015,2022,2022-08-31,learned_market,20260911,0.6710140552387813,0.6710140552387813,1,1
monthly_state_retained,2824,2022-09-09,2022-09-19,-0.044647264962877,2022,2022-08-31,learned_market,20260911,0.6038239271387368,0.6038239271387368,1,0
monthly_state_retained,2828,2022-09-16,2022-09-26,-0.025155151434928,2022,2022-08-31,learned_market,20260911,0.6255457939860786,0.6255457939860786,1,0
monthly_state_retained,2833,2022-09-23,2022-10-10,-0.0060162941299352,2022,2022-08-31,learned_market,20260911,0.7610381426054592,0.7610381426054592,1,0
monthly_state_retained,2838,2022-09-30,2022-10-17,0.0041192047412885,2022,2022-08-31,learned_market,20260911,0.6286054158457117,0.6286054158457117,1,1
monthly_state_retained,2819,2022-09-02,2022-09-13,0.0253340680878015,2022,2022-08-31,learned_market,20260912,0.6776668778650508,0.6776668778650508,1,1
monthly_state_retained,2824,2022-09-09,2022-09-19,-0.044647264962877,2022,2022-08-31,learned_market,20260912,0.7725381912044669,0.7725381912044669,1,0
monthly_state_retained,2828,2022-09-16,2022-09-26,-0.025155151434928,2022,2022-08-31,learned_market,20260912,0.7541769397244196,0.7541769397244196,1,0
monthly_state_retained,2833,2022-09-23,2022-10-10,-0.0060162941299352,2022,2022-08-31,learned_market,20260912,0.7274092875597576,0.7274092875597576,1,0
monthly_state_retained,2838,2022-09-30,2022-10-17,0.0041192047412885,2022,2022-08-31,learned_market,20260912,0.701145229530902,0.701145229530902,1,1
monthly_state_retained,2819,2022-09-02,2022-09-13,0.0253340680878015,2022,2022-08-31,learned_vol_interaction,20260910,0.6153521718981038,0.6153521718981038,1,1
monthly_state_retained,2824,2022-09-09,2022-09-19,-0.044647264962877,2022,2022-08-31,learned_vol_interaction,20260910,0.784077999023363,0.784077999023363,1,0
monthly_state_retained,2828,2022-09-16,2022-09-26,-0.025155151434928,2022,2022-08-31,learned_vol_interaction,20260910,0.5761867154144525,0.5761867154144525,1,0
monthly_state_retained,2833,2022-09-23,2022-10-10,-0.0060162941299352,2022,2022-08-31,learned_vol_interaction,20260910,0.7436633183671754,0.7436633183671754,1,0
monthly_state_retained,2838,2022-09-30,2022-10-17,0.0041192047412885,2022,2022-08-31,learned_vol_interaction,20260910,0.5600994269795847,0.5600994269795847,1,1
monthly_state_retained,2819,2022-09-02,2022-09-13,0.0253340680878015,2022,2022-08-31,learned_vol_interaction,20260911,0.6762833071893946,0.6762833071893946,1,1
monthly_state_retained,2824,2022-09-09,2022-09-19,-0.044647264962877,2022,2022-08-31,learned_vol_interaction,20260911,0.6072920416996368,0.6072920416996368,1,0
monthly_state_retained,2828,2022-09-16,2022-09-26,-0.025155151434928,2022,2022-08-31,learned_vol_interaction,20260911,0.6281865846659338,0.6281865846659338,1,0
monthly_state_retained,2833,2022-09-23,2022-10-10,-0.0060162941299352,2022,2022-08-31,learned_vol_interaction,20260911,0.7572974806973762,0.7572974806973762,1,0
monthly_state_retained,2838,2022-09-30,2022-10-17,0.0041192047412885,2022,2022-08-31,learned_vol_interaction,20260911,0.6301564951939066,0.6301564951939066,1,1
monthly_state_retained,2819,2022-09-02,2022-09-13,0.0253340680878015,2022,2022-08-31,learned_vol_interaction,20260912,0.6636201775005496,0.6636201775005496,1,1
monthly_state_retained,2824,2022-09-09,2022-09-19,-0.044647264962877,2022,2022-08-31,learned_vol_interaction,20260912,0.7803694380682105,0.7803694380682105,1,0
monthly_state_retained,2828,2022-09-16,2022-09-26,-0.025155151434928,2022,2022-08-31,learned_vol_interaction,20260912,0.7561873327161356,0.7561873327161356,1,0
monthly_state_retained,2833,2022-09-23,2022-10-10,-0.0060162941299352,2022,2022-08-31,learned_vol_interaction,20260912,0.741993522692739,0.741993522692739,1,0
monthly_state_retained,2838,2022-09-30,2022-10-17,0.0041192047412885,2022,2022-08-31,learned_vol_interaction,20260912,0.7050997161299666,0.7050997161299666,1,1
monthly_state_retained,2819,2022-09-02,2022-09-13,0.0253340680878015,2022,2022-08-31,learned_order_extension,20260910,0.5957625148526239,0.5957625148526239,1,1
monthly_state_retained,2824,2022-09-09,2022-09-19,-0.044647264962877,2022,2022-08-31,learned_order_extension,20260910,0.6877495846105631,0.6877495846105631,1,0
monthly_state_retained,2828,2022-09-16,2022-09-26,-0.025155151434928,2022,2022-08-31,learned_order_extension,20260910,0.5682731902480352,0.5682731902480352,1,0
monthly_state_retained,2833,2022-09-23,2022-10-10,-0.0060162941299352,2022,2022-08-31,learned_order_extension,20260910,0.6781748015829271,0.6781748015829271,1,0
monthly_state_retained,2838,2022-09-30,2022-10-17,0.0041192047412885,2022,2022-08-31,learned_order_extension,20260910,0.5645710885067642,0.5645710885067642,1,1
monthly_state_retained,2819,2022-09-02,2022-09-13,0.0253340680878015,2022,2022-08-31,learned_order_extension,20260911,0.7276803329800616,0.7276803329800616,1,1
monthly_state_retained,2824,2022-09-09,2022-09-19,-0.044647264962877,2022,2022-08-31,learned_order_extension,20260911,0.6403269116194389,0.6403269116194389,1,0
monthly_state_retained,2828,2022-09-16,2022-09-26,-0.025155151434928,2022,2022-08-31,learned_order_extension,20260911,0.672911792764146,0.672911792764146,1,0
monthly_state_retained,2833,2022-09-23,2022-10-10,-0.0060162941299352,2022,2022-08-31,learned_order_extension,20260911,0.8103058077398577,0.8103058077398577,1,0
monthly_state_retained,2838,2022-09-30,2022-10-17,0.0041192047412885,2022,2022-08-31,learned_order_extension,20260911,0.6385508768739941,0.6385508768739941,1,1
monthly_state_retained,2819,2022-09-02,2022-09-13,0.0253340680878015,2022,2022-08-31,learned_order_extension,20260912,0.6379877793880597,0.6379877793880597,1,1
monthly_state_retained,2824,2022-09-09,2022-09-19,-0.044647264962877,2022,2022-08-31,learned_order_extension,20260912,0.7291911589139091,0.7291911589139091,1,0
monthly_state_retained,2828,2022-09-16,2022-09-26,-0.025155151434928,2022,2022-08-31,learned_order_extension,20260912,0.7111098702993732,0.7111098702993732,1,0
monthly_state_retained,2833,2022-09-23,2022-10-10,-0.0060162941299352,2022,2022-08-31,learned_order_extension,20260912,0.7077372458929503,0.7077372458929503,1,0
monthly_state_retained,2838,2022-09-30,2022-10-17,0.0041192047412885,2022,2022-08-31,learned_order_extension,20260912,0.6810391020203391,0.6810391020203391,1,1
monthly_state_retained,2819,2022-09-02,2022-09-13,0.0253340680878015,2022,2022-08-31,learned_order_offset,20260910,0.5955551925854443,0.5955551925854443,1,1
monthly_state_retained,2824,2022-09-09,2022-09-19,-0.044647264962877,2022,2022-08-31,learned_order_offset,20260910,0.6875149953447156,0.6875149953447156,1,0
monthly_state_retained,2828,2022-09-16,2022-09-26,-0.025155151434928,2022,2022-08-31,learned_order_offset,20260910,0.5682727339716999,0.5682727339716999,1,0
monthly_state_retained,2833,2022-09-23,2022-10-10,-0.0060162941299352,2022,2022-08-31,learned_order_offset,20260910,0.6779775008589831,0.6779775008589831,1,0
monthly_state_retained,2838,2022-09-30,2022-10-17,0.0041192047412885,2022,2022-08-31,learned_order_offset,20260910,0.5645126654405718,0.5645126654405718,1,1
monthly_state_retained,2819,2022-09-02,2022-09-13,0.0253340680878015,2022,2022-08-31,learned_order_offset,20260911,0.7281487114609698,0.7281487114609698,1,1
monthly_state_retained,2824,2022-09-09,2022-09-19,-0.044647264962877,2022,2022-08-31,learned_order_offset,20260911,0.6402873789680222,0.6402873789680222,1,0
monthly_state_retained,2828,2022-09-16,2022-09-26,-0.025155151434928,2022,2022-08-31,learned_order_offset,20260911,0.6729215132790227,0.6729215132790227,1,0
monthly_state_retained,2833,2022-09-23,2022-10-10,-0.0060162941299352,2022,2022-08-31,learned_order_offset,20260911,0.8081806233925085,0.8081806233925085,1,0
monthly_state_retained,2838,2022-09-30,2022-10-17,0.0041192047412885,2022,2022-08-31,learned_order_offset,20260911,0.6388405343021406,0.6388405343021406,1,1
monthly_state_retained,2819,2022-09-02,2022-09-13,0.0253340680878015,2022,2022-08-31,learned_order_offset,20260912,0.6381022660159982,0.6381022660159982,1,1
monthly_state_retained,2824,2022-09-09,2022-09-19,-0.044647264962877,2022,2022-08-31,learned_order_offset,20260912,0.729222320192203,0.729222320192203,1,0
monthly_state_retained,2828,2022-09-16,2022-09-26,-0.025155151434928,2022,2022-08-31,learned_order_offset,20260912,0.7111932176188367,0.7111932176188367,1,0
monthly_state_retained,2833,2022-09-23,2022-10-10,-0.0060162941299352,2022,2022-08-31,learned_order_offset,20260912,0.7077217498942572,0.7077217498942572,1,0
monthly_state_retained,2838,2022-09-30,2022-10-17,0.0041192047412885,2022,2022-08-31,learned_order_offset,20260912,0.6810773659822338,0.6810773659822338,1,1
monthly_state_retained,2843,2022-10-14,2022-10-24,-0.0246766294110258,2022,2022-09-30,learned_market,20260910,0.6403027330022243,0.6403027330022243,1,0
monthly_state_retained,2848,2022-10-21,2022-10-31,-0.059928861134359,2022,2022-09-30,learned_market,20260910,0.6606065161528551,0.6606065161528551,1,0
monthly_state_retained,2853,2022-10-28,2022-11-07,0.071339502526744,2022,2022-09-30,learned_market,20260910,0.48869287053926297,0.48869287053926297,0,1
monthly_state_retained,2843,2022-10-14,2022-10-24,-0.0246766294110258,2022,2022-09-30,learned_market,20260911,0.6024904340723066,0.6024904340723066,1,0
monthly_state_retained,2848,2022-10-21,2022-10-31,-0.059928861134359,2022,2022-09-30,learned_market,20260911,0.7274642486524198,0.7274642486524198,1,0
monthly_state_retained,2853,2022-10-28,2022-11-07,0.071339502526744,2022,2022-09-30,learned_market,20260911,0.6162056186940947,0.6162056186940947,1,1
monthly_state_retained,2843,2022-10-14,2022-10-24,-0.0246766294110258,2022,2022-09-30,learned_market,20260912,0.5970595273904789,0.5970595273904789,1,0
monthly_state_retained,2848,2022-10-21,2022-10-31,-0.059928861134359,2022,2022-09-30,learned_market,20260912,0.6553886906733675,0.6553886906733675,1,0
monthly_state_retained,2853,2022-10-28,2022-11-07,0.071339502526744,2022,2022-09-30,learned_market,20260912,0.536234004877414,0.536234004877414,1,1
monthly_state_retained,2843,2022-10-14,2022-10-24,-0.0246766294110258,2022,2022-09-30,learned_vol_interaction,20260910,0.6357117591692524,0.6357117591692524,1,0
monthly_state_retained,2848,2022-10-21,2022-10-31,-0.059928861134359,2022,2022-09-30,learned_vol_interaction,20260910,0.6680943131119911,0.6680943131119911,1,0
monthly_state_retained,2853,2022-10-28,2022-11-07,0.071339502526744,2022,2022-09-30,learned_vol_interaction,20260910,0.4928902394481825,0.4928902394481825,0,1
monthly_state_retained,2843,2022-10-14,2022-10-24,-0.0246766294110258,2022,2022-09-30,learned_vol_interaction,20260911,0.6036044775658358,0.6036044775658358,1,0
monthly_state_retained,2848,2022-10-21,2022-10-31,-0.059928861134359,2022,2022-09-30,learned_vol_interaction,20260911,0.726257224907292,0.726257224907292,1,0
monthly_state_retained,2853,2022-10-28,2022-11-07,0.071339502526744,2022,2022-09-30,learned_vol_interaction,20260911,0.6194197152198353,0.6194197152198353,1,1
monthly_state_retained,2843,2022-10-14,2022-10-24,-0.0246766294110258,2022,2022-09-30,learned_vol_interaction,20260912,0.5871886836004885,0.5871886836004885,1,0
monthly_state_retained,2848,2022-10-21,2022-10-31,-0.059928861134359,2022,2022-09-30,learned_vol_interaction,20260912,0.6628098538254427,0.6628098538254427,1,0
monthly_state_retained,2853,2022-10-28,2022-11-07,0.071339502526744,2022,2022-09-30,learned_vol_interaction,20260912,0.534286880369217,0.534286880369217,1,1
monthly_state_retained,2843,2022-10-14,2022-10-24,-0.0246766294110258,2022,2022-09-30,learned_order_extension,20260910,0.6076423145030778,0.6076423145030778,1,0
monthly_state_retained,2848,2022-10-21,2022-10-31,-0.059928861134359,2022,2022-09-30,learned_order_extension,20260910,0.6557670364672438,0.6557670364672438,1,0
monthly_state_retained,2853,2022-10-28,2022-11-07,0.071339502526744,2022,2022-09-30,learned_order_extension,20260910,0.49762556857203943,0.49762556857203943,0,1
monthly_state_retained,2843,2022-10-14,2022-10-24,-0.0246766294110258,2022,2022-09-30,learned_order_extension,20260911,0.6040798099433027,0.6040798099433027,1,0
monthly_state_retained,2848,2022-10-21,2022-10-31,-0.059928861134359,2022,2022-09-30,learned_order_extension,20260911,0.7460757510851368,0.7460757510851368,1,0
monthly_state_retained,2853,2022-10-28,2022-11-07,0.071339502526744,2022,2022-09-30,learned_order_extension,20260911,0.617431468121719,0.617431468121719,1,1
monthly_state_retained,2843,2022-10-14,2022-10-24,-0.0246766294110258,2022,2022-09-30,learned_order_extension,20260912,0.5780452108695775,0.5780452108695775,1,0
monthly_state_retained,2848,2022-10-21,2022-10-31,-0.059928861134359,2022,2022-09-30,learned_order_extension,20260912,0.6522176427129165,0.6522176427129165,1,0
monthly_state_retained,2853,2022-10-28,2022-11-07,0.071339502526744,2022,2022-09-30,learned_order_extension,20260912,0.5335986065550459,0.5335986065550459,1,1
monthly_state_retained,2843,2022-10-14,2022-10-24,-0.0246766294110258,2022,2022-09-30,learned_order_offset,20260910,0.6075471196498429,0.6075471196498429,1,0
monthly_state_retained,2848,2022-10-21,2022-10-31,-0.059928861134359,2022,2022-09-30,learned_order_offset,20260910,0.6556958121122778,0.6556958121122778,1,0
monthly_state_retained,2853,2022-10-28,2022-11-07,0.071339502526744,2022,2022-09-30,learned_order_offset,20260910,0.4975115636558439,0.4975115636558439,0,1
monthly_state_retained,2843,2022-10-14,2022-10-24,-0.0246766294110258,2022,2022-09-30,learned_order_offset,20260911,0.6039684511962653,0.6039684511962653,1,0
monthly_state_retained,2848,2022-10-21,2022-10-31,-0.059928861134359,2022,2022-09-30,learned_order_offset,20260911,0.7450194088842416,0.7450194088842416,1,0
monthly_state_retained,2853,2022-10-28,2022-11-07,0.071339502526744,2022,2022-09-30,learned_order_offset,20260911,0.6172868621197211,0.6172868621197211,1,1
monthly_state_retained,2843,2022-10-14,2022-10-24,-0.0246766294110258,2022,2022-09-30,learned_order_offset,20260912,0.5780788256268797,0.5780788256268797,1,0
monthly_state_retained,2848,2022-10-21,2022-10-31,-0.059928861134359,2022,2022-09-30,learned_order_offset,20260912,0.6522206517177457,0.6522206517177457,1,0
monthly_state_retained,2853,2022-10-28,2022-11-07,0.071339502526744,2022,2022-09-30,learned_order_offset,20260912,0.5335953389035146,0.5335953389035146,1,1
monthly_state_retained,2858,2022-11-04,2022-11-14,0.0169449090696014,2022,2022-10-31,learned_market,20260910,0.6432135269489713,0.6432135269489713,1,1
monthly_state_retained,2863,2022-11-11,2022-11-21,-0.0127051391515239,2022,2022-10-31,learned_market,20260910,0.606337907594987,0.606337907594987,1,0
monthly_state_retained,2868,2022-11-18,2022-11-28,-0.0179672806084416,2022,2022-10-31,learned_market,20260910,0.6352060184234257,0.6352060184234257,1,0
monthly_state_retained,2873,2022-11-25,2022-12-05,0.0555768659337096,2022,2022-10-31,learned_market,20260910,0.5292964513377313,0.5292964513377313,1,1
monthly_state_retained,2858,2022-11-04,2022-11-14,0.0169449090696014,2022,2022-10-31,learned_market,20260911,0.2741800907264702,0.2741800907264702,0,1
monthly_state_retained,2863,2022-11-11,2022-11-21,-0.0127051391515239,2022,2022-10-31,learned_market,20260911,0.4034782500066313,0.4034782500066313,0,0
monthly_state_retained,2868,2022-11-18,2022-11-28,-0.0179672806084416,2022,2022-10-31,learned_market,20260911,0.28542469178379576,0.28542469178379576,0,0
monthly_state_retained,2873,2022-11-25,2022-12-05,0.0555768659337096,2022,2022-10-31,learned_market,20260911,0.47138114372847095,0.47138114372847095,0,1
monthly_state_retained,2858,2022-11-04,2022-11-14,0.0169449090696014,2022,2022-10-31,learned_market,20260912,0.4957647389493266,0.4957647389493266,0,1
monthly_state_retained,2863,2022-11-11,2022-11-21,-0.0127051391515239,2022,2022-10-31,learned_market,20260912,0.49717853346026714,0.49717853346026714,0,0
monthly_state_retained,2868,2022-11-18,2022-11-28,-0.0179672806084416,2022,2022-10-31,learned_market,20260912,0.39757537516440544,0.39757537516440544,0,0
monthly_state_retained,2873,2022-11-25,2022-12-05,0.0555768659337096,2022,2022-10-31,learned_market,20260912,0.4703283336277873,0.4703283336277873,0,1
monthly_state_retained,2858,2022-11-04,2022-11-14,0.0169449090696014,2022,2022-10-31,learned_vol_interaction,20260910,0.6146316194730053,0.6146316194730053,1,1
monthly_state_retained,2863,2022-11-11,2022-11-21,-0.0127051391515239,2022,2022-10-31,learned_vol_interaction,20260910,0.5902125996115632,0.5902125996115632,1,0
monthly_state_retained,2868,2022-11-18,2022-11-28,-0.0179672806084416,2022,2022-10-31,learned_vol_interaction,20260910,0.6226898926200907,0.6226898926200907,1,0
monthly_state_retained,2873,2022-11-25,2022-12-05,0.0555768659337096,2022,2022-10-31,learned_vol_interaction,20260910,0.5363930512088583,0.5363930512088583,1,1
monthly_state_retained,2858,2022-11-04,2022-11-14,0.0169449090696014,2022,2022-10-31,learned_vol_interaction,20260911,0.2623086047561504,0.2623086047561504,0,1
monthly_state_retained,2863,2022-11-11,2022-11-21,-0.0127051391515239,2022,2022-10-31,learned_vol_interaction,20260911,0.3957947302193098,0.3957947302193098,0,0
monthly_state_retained,2868,2022-11-18,2022-11-28,-0.0179672806084416,2022,2022-10-31,learned_vol_interaction,20260911,0.27002199366661744,0.27002199366661744,0,0
monthly_state_retained,2873,2022-11-25,2022-12-05,0.0555768659337096,2022,2022-10-31,learned_vol_interaction,20260911,0.4675758528871144,0.4675758528871144,0,1
monthly_state_retained,2858,2022-11-04,2022-11-14,0.0169449090696014,2022,2022-10-31,learned_vol_interaction,20260912,0.49519570030892074,0.49519570030892074,0,1
monthly_state_retained,2863,2022-11-11,2022-11-21,-0.0127051391515239,2022,2022-10-31,learned_vol_interaction,20260912,0.5081257076644325,0.5081257076644325,1,0
monthly_state_retained,2868,2022-11-18,2022-11-28,-0.0179672806084416,2022,2022-10-31,learned_vol_interaction,20260912,0.42590416475914467,0.42590416475914467,0,0
monthly_state_retained,2873,2022-11-25,2022-12-05,0.0555768659337096,2022,2022-10-31,learned_vol_interaction,20260912,0.47730469118095553,0.47730469118095553,0,1
monthly_state_retained,2858,2022-11-04,2022-11-14,0.0169449090696014,2022,2022-10-31,learned_order_extension,20260910,0.613159850832912,0.613159850832912,1,1
monthly_state_retained,2863,2022-11-11,2022-11-21,-0.0127051391515239,2022,2022-10-31,learned_order_extension,20260910,0.5964706436497149,0.5964706436497149,1,0
monthly_state_retained,2868,2022-11-18,2022-11-28,-0.0179672806084416,2022,2022-10-31,learned_order_extension,20260910,0.6322085568902898,0.6322085568902898,1,0
monthly_state_retained,2873,2022-11-25,2022-12-05,0.0555768659337096,2022,2022-10-31,learned_order_extension,20260910,0.5288535444594932,0.5288535444594932,1,1
monthly_state_retained,2858,2022-11-04,2022-11-14,0.0169449090696014,2022,2022-10-31,learned_order_extension,20260911,0.23004652965456976,0.23004652965456976,0,1
monthly_state_retained,2863,2022-11-11,2022-11-21,-0.0127051391515239,2022,2022-10-31,learned_order_extension,20260911,0.4001949641411597,0.4001949641411597,0,0
monthly_state_retained,2868,2022-11-18,2022-11-28,-0.0179672806084416,2022,2022-10-31,learned_order_extension,20260911,0.30403744962658297,0.30403744962658297,0,0
monthly_state_retained,2873,2022-11-25,2022-12-05,0.0555768659337096,2022,2022-10-31,learned_order_extension,20260911,0.4839806901293675,0.4839806901293675,0,1
monthly_state_retained,2858,2022-11-04,2022-11-14,0.0169449090696014,2022,2022-10-31,learned_order_extension,20260912,0.4987947331500217,0.4987947331500217,0,1
monthly_state_retained,2863,2022-11-11,2022-11-21,-0.0127051391515239,2022,2022-10-31,learned_order_extension,20260912,0.5087391037241329,0.5087391037241329,1,0
monthly_state_retained,2868,2022-11-18,2022-11-28,-0.0179672806084416,2022,2022-10-31,learned_order_extension,20260912,0.4198421144660997,0.4198421144660997,0,0
monthly_state_retained,2873,2022-11-25,2022-12-05,0.0555768659337096,2022,2022-10-31,learned_order_extension,20260912,0.46813125282876833,0.46813125282876833,0,1
monthly_state_retained,2858,2022-11-04,2022-11-14,0.0169449090696014,2022,2022-10-31,learned_order_offset,20260910,0.6129918071450171,0.6129918071450171,1,1
monthly_state_retained,2863,2022-11-11,2022-11-21,-0.0127051391515239,2022,2022-10-31,learned_order_offset,20260910,0.5961930236665007,0.5961930236665007,1,0
monthly_state_retained,2868,2022-11-18,2022-11-28,-0.0179672806084416,2022,2022-10-31,learned_order_offset,20260910,0.6320302130297768,0.6320302130297768,1,0
monthly_state_retained,2873,2022-11-25,2022-12-05,0.0555768659337096,2022,2022-10-31,learned_order_offset,20260910,0.5287341743413922,0.5287341743413922,1,1
monthly_state_retained,2858,2022-11-04,2022-11-14,0.0169449090696014,2022,2022-10-31,learned_order_offset,20260911,0.2288997396561917,0.2288997396561917,0,1
monthly_state_retained,2863,2022-11-11,2022-11-21,-0.0127051391515239,2022,2022-10-31,learned_order_offset,20260911,0.39873151134177104,0.39873151134177104,0,0
monthly_state_retained,2868,2022-11-18,2022-11-28,-0.0179672806084416,2022,2022-10-31,learned_order_offset,20260911,0.3021649857617269,0.3021649857617269,0,0
monthly_state_retained,2873,2022-11-25,2022-12-05,0.0555768659337096,2022,2022-10-31,learned_order_offset,20260911,0.4818279173695329,0.4818279173695329,0,1
monthly_state_retained,2858,2022-11-04,2022-11-14,0.0169449090696014,2022,2022-10-31,learned_order_offset,20260912,0.49899626271395653,0.49899626271395653,0,1
monthly_state_retained,2863,2022-11-11,2022-11-21,-0.0127051391515239,2022,2022-10-31,learned_order_offset,20260912,0.5087287832505283,0.5087287832505283,1,0
monthly_state_retained,2868,2022-11-18,2022-11-28,-0.0179672806084416,2022,2022-10-31,learned_order_offset,20260912,0.4199934200293093,0.4199934200293093,0,0
monthly_state_retained,2873,2022-11-25,2022-12-05,0.0555768659337096,2022,2022-10-31,learned_order_offset,20260912,0.4681523148388295,0.4681523148388295,0,1
monthly_state_retained,2878,2022-12-02,2022-12-12,0.0175374394775362,2022,2022-11-30,learned_market,20260910,0.4548499654173575,0.4548499654173575,0,1
monthly_state_retained,2883,2022-12-09,2022-12-19,-0.0058850602464181,2022,2022-11-30,learned_market,20260910,0.4024685924220634,0.4024685924220634,0,0
monthly_state_retained,2888,2022-12-16,2022-12-26,-0.0309150292073658,2022,2022-11-30,learned_market,20260910,0.606228916591695,0.606228916591695,1,0
monthly_state_retained,2893,2022-12-23,2023-01-03,0.0089464492229616,2022,2022-11-30,learned_market,20260910,0.47887598366843614,0.47887598366843614,0,1
monthly_state_retained,2898,2022-12-30,2023-01-09,0.0345913414268119,2022,2022-11-30,learned_market,20260910,0.5477899926075573,0.5477899926075573,1,1
monthly_state_retained,2878,2022-12-02,2022-12-12,0.0175374394775362,2022,2022-11-30,learned_market,20260911,0.5967244994564657,0.5967244994564657,1,1
monthly_state_retained,2883,2022-12-09,2022-12-19,-0.0058850602464181,2022,2022-11-30,learned_market,20260911,0.5048483064015408,0.5048483064015408,1,0
monthly_state_retained,2888,2022-12-16,2022-12-26,-0.0309150292073658,2022,2022-11-30,learned_market,20260911,0.4732576186190321,0.4732576186190321,0,0
monthly_state_retained,2893,2022-12-23,2023-01-03,0.0089464492229616,2022,2022-11-30,learned_market,20260911,0.5820410171604917,0.5820410171604917,1,1
monthly_state_retained,2898,2022-12-30,2023-01-09,0.0345913414268119,2022,2022-11-30,learned_market,20260911,0.3076905762143074,0.3076905762143074,0,1
monthly_state_retained,2878,2022-12-02,2022-12-12,0.0175374394775362,2022,2022-11-30,learned_market,20260912,0.4524524965689559,0.4524524965689559,0,1
monthly_state_retained,2883,2022-12-09,2022-12-19,-0.0058850602464181,2022,2022-11-30,learned_market,20260912,0.5034730876323661,0.5034730876323661,1,0
monthly_state_retained,2888,2022-12-16,2022-12-26,-0.0309150292073658,2022,2022-11-30,learned_market,20260912,0.6075433752083854,0.6075433752083854,1,0
monthly_state_retained,2893,2022-12-23,2023-01-03,0.0089464492229616,2022,2022-11-30,learned_market,20260912,0.4508618124089547,0.4508618124089547,0,1
monthly_state_retained,2898,2022-12-30,2023-01-09,0.0345913414268119,2022,2022-11-30,learned_market,20260912,0.4443371333138752,0.4443371333138752,0,1
monthly_state_retained,2878,2022-12-02,2022-12-12,0.0175374394775362,2022,2022-11-30,learned_vol_interaction,20260910,0.4546444182613022,0.4546444182613022,0,1
monthly_state_retained,2883,2022-12-09,2022-12-19,-0.0058850602464181,2022,2022-11-30,learned_vol_interaction,20260910,0.3899216525142208,0.3899216525142208,0,0
monthly_state_retained,2888,2022-12-16,2022-12-26,-0.0309150292073658,2022,2022-11-30,learned_vol_interaction,20260910,0.605083809558607,0.605083809558607,1,0
monthly_state_retained,2893,2022-12-23,2023-01-03,0.0089464492229616,2022,2022-11-30,learned_vol_interaction,20260910,0.47209346451955037,0.47209346451955037,0,1
monthly_state_retained,2898,2022-12-30,2023-01-09,0.0345913414268119,2022,2022-11-30,learned_vol_interaction,20260910,0.5490024086475767,0.5490024086475767,1,1
monthly_state_retained,2878,2022-12-02,2022-12-12,0.0175374394775362,2022,2022-11-30,learned_vol_interaction,20260911,0.5954073612479371,0.5954073612479371,1,1
monthly_state_retained,2883,2022-12-09,2022-12-19,-0.0058850602464181,2022,2022-11-30,learned_vol_interaction,20260911,0.507183383522086,0.507183383522086,1,0
monthly_state_retained,2888,2022-12-16,2022-12-26,-0.0309150292073658,2022,2022-11-30,learned_vol_interaction,20260911,0.4750923081261837,0.4750923081261837,0,0
monthly_state_retained,2893,2022-12-23,2023-01-03,0.0089464492229616,2022,2022-11-30,learned_vol_interaction,20260911,0.5795867314037597,0.5795867314037597,1,1
monthly_state_retained,2898,2022-12-30,2023-01-09,0.0345913414268119,2022,2022-11-30,learned_vol_interaction,20260911,0.3155450399210081,0.3155450399210081,0,1
monthly_state_retained,2878,2022-12-02,2022-12-12,0.0175374394775362,2022,2022-11-30,learned_vol_interaction,20260912,0.4476294797250565,0.4476294797250565,0,1
monthly_state_retained,2883,2022-12-09,2022-12-19,-0.0058850602464181,2022,2022-11-30,learned_vol_interaction,20260912,0.5001249081079153,0.5001249081079153,1,0
monthly_state_retained,2888,2022-12-16,2022-12-26,-0.0309150292073658,2022,2022-11-30,learned_vol_interaction,20260912,0.6126209226288903,0.6126209226288903,1,0
monthly_state_retained,2893,2022-12-23,2023-01-03,0.0089464492229616,2022,2022-11-30,learned_vol_interaction,20260912,0.44203926719613434,0.44203926719613434,0,1
monthly_state_retained,2898,2022-12-30,2023-01-09,0.0345913414268119,2022,2022-11-30,learned_vol_interaction,20260912,0.42145340218542343,0.42145340218542343,0,1
monthly_state_retained,2878,2022-12-02,2022-12-12,0.0175374394775362,2022,2022-11-30,learned_order_extension,20260910,0.427841756162984,0.427841756162984,0,1
monthly_state_retained,2883,2022-12-09,2022-12-19,-0.0058850602464181,2022,2022-11-30,learned_order_extension,20260910,0.3611505881272917,0.3611505881272917,0,0
monthly_state_retained,2888,2022-12-16,2022-12-26,-0.0309150292073658,2022,2022-11-30,learned_order_extension,20260910,0.6088248587164643,0.6088248587164643,1,0
monthly_state_retained,2893,2022-12-23,2023-01-03,0.0089464492229616,2022,2022-11-30,learned_order_extension,20260910,0.4721625271855458,0.4721625271855458,0,1
monthly_state_retained,2898,2022-12-30,2023-01-09,0.0345913414268119,2022,2022-11-30,learned_order_extension,20260910,0.5535432643045607,0.5535432643045607,1,1
monthly_state_retained,2878,2022-12-02,2022-12-12,0.0175374394775362,2022,2022-11-30,learned_order_extension,20260911,0.5796343746972025,0.5796343746972025,1,1
monthly_state_retained,2883,2022-12-09,2022-12-19,-0.0058850602464181,2022,2022-11-30,learned_order_extension,20260911,0.5213385328385821,0.5213385328385821,1,0
monthly_state_retained,2888,2022-12-16,2022-12-26,-0.0309150292073658,2022,2022-11-30,learned_order_extension,20260911,0.4782827682771969,0.4782827682771969,0,0
monthly_state_retained,2893,2022-12-23,2023-01-03,0.0089464492229616,2022,2022-11-30,learned_order_extension,20260911,0.5636253252866401,0.5636253252866401,1,1
monthly_state_retained,2898,2022-12-30,2023-01-09,0.0345913414268119,2022,2022-11-30,learned_order_extension,20260911,0.3072064907465254,0.3072064907465254,0,1
monthly_state_retained,2878,2022-12-02,2022-12-12,0.0175374394775362,2022,2022-11-30,learned_order_extension,20260912,0.4393534039015836,0.4393534039015836,0,1
monthly_state_retained,2883,2022-12-09,2022-12-19,-0.0058850602464181,2022,2022-11-30,learned_order_extension,20260912,0.49759914991713067,0.49759914991713067,0,0
monthly_state_retained,2888,2022-12-16,2022-12-26,-0.0309150292073658,2022,2022-11-30,learned_order_extension,20260912,0.6174086923329795,0.6174086923329795,1,0
monthly_state_retained,2893,2022-12-23,2023-01-03,0.0089464492229616,2022,2022-11-30,learned_order_extension,20260912,0.4480680169218826,0.4480680169218826,0,1
monthly_state_retained,2898,2022-12-30,2023-01-09,0.0345913414268119,2022,2022-11-30,learned_order_extension,20260912,0.4265465221917634,0.4265465221917634,0,1
monthly_state_retained,2878,2022-12-02,2022-12-12,0.0175374394775362,2022,2022-11-30,learned_order_offset,20260910,0.4282217611941179,0.4282217611941179,0,1
monthly_state_retained,2883,2022-12-09,2022-12-19,-0.0058850602464181,2022,2022-11-30,learned_order_offset,20260910,0.3614118903095184,0.3614118903095184,0,0
monthly_state_retained,2888,2022-12-16,2022-12-26,-0.0309150292073658,2022,2022-11-30,learned_order_offset,20260910,0.6086215781798711,0.6086215781798711,1,0
monthly_state_retained,2893,2022-12-23,2023-01-03,0.0089464492229616,2022,2022-11-30,learned_order_offset,20260910,0.47231692657484503,0.47231692657484503,0,1
monthly_state_retained,2898,2022-12-30,2023-01-09,0.0345913414268119,2022,2022-11-30,learned_order_offset,20260910,0.5537040132227125,0.5537040132227125,1,1
monthly_state_retained,2878,2022-12-02,2022-12-12,0.0175374394775362,2022,2022-11-30,learned_order_offset,20260911,0.5778636090048805,0.5778636090048805,1,1
monthly_state_retained,2883,2022-12-09,2022-12-19,-0.0058850602464181,2022,2022-11-30,learned_order_offset,20260911,0.5216788144553719,0.5216788144553719,1,0
monthly_state_retained,2888,2022-12-16,2022-12-26,-0.0309150292073658,2022,2022-11-30,learned_order_offset,20260911,0.4788884926887394,0.4788884926887394,0,0
monthly_state_retained,2893,2022-12-23,2023-01-03,0.0089464492229616,2022,2022-11-30,learned_order_offset,20260911,0.5631368878964121,0.5631368878964121,1,1
monthly_state_retained,2898,2022-12-30,2023-01-09,0.0345913414268119,2022,2022-11-30,learned_order_offset,20260911,0.308675753062318,0.308675753062318,0,1
monthly_state_retained,2878,2022-12-02,2022-12-12,0.0175374394775362,2022,2022-11-30,learned_order_offset,20260912,0.439477994695678,0.439477994695678,0,1
monthly_state_retained,2883,2022-12-09,2022-12-19,-0.0058850602464181,2022,2022-11-30,learned_order_offset,20260912,0.49778185262456986,0.49778185262456986,0,0
monthly_state_retained,2888,2022-12-16,2022-12-26,-0.0309150292073658,2022,2022-11-30,learned_order_offset,20260912,0.617550495391565,0.617550495391565,1,0
monthly_state_retained,2893,2022-12-23,2023-01-03,0.0089464492229616,2022,2022-11-30,learned_order_offset,20260912,0.4482286098451407,0.4482286098451407,0,1
monthly_state_retained,2898,2022-12-30,2023-01-09,0.0345913414268119,2022,2022-11-30,learned_order_offset,20260912,0.42667020854201704,0.42667020854201704,0,1
monthly_state_retained,2902,2023-01-06,2023-01-16,0.0198447929614133,2023,2022-12-31,learned_market,20260910,0.2720748657753032,0.2720748657753032,0,1
monthly_state_retained,2907,2023-01-13,2023-01-30,0.0465290788350809,2023,2022-12-31,learned_market,20260910,0.47236248212800225,0.47236248212800225,0,1
monthly_state_retained,2912,2023-01-20,2023-02-06,-0.0383797057844887,2023,2022-12-31,learned_market,20260910,0.406664897579608,0.406664897579608,0,0
monthly_state_retained,2902,2023-01-06,2023-01-16,0.0198447929614133,2023,2022-12-31,learned_market,20260911,0.4109996836659653,0.4109996836659653,0,1
monthly_state_retained,2907,2023-01-13,2023-01-30,0.0465290788350809,2023,2022-12-31,learned_market,20260911,0.344318482304961,0.344318482304961,0,1
monthly_state_retained,2912,2023-01-20,2023-02-06,-0.0383797057844887,2023,2022-12-31,learned_market,20260911,0.6588589521771411,0.6588589521771411,1,0
monthly_state_retained,2902,2023-01-06,2023-01-16,0.0198447929614133,2023,2022-12-31,learned_market,20260912,0.30052885603711643,0.30052885603711643,0,1
monthly_state_retained,2907,2023-01-13,2023-01-30,0.0465290788350809,2023,2022-12-31,learned_market,20260912,0.25642703962175933,0.25642703962175933,0,1
monthly_state_retained,2912,2023-01-20,2023-02-06,-0.0383797057844887,2023,2022-12-31,learned_market,20260912,0.6884031394091166,0.6884031394091166,1,0
monthly_state_retained,2902,2023-01-06,2023-01-16,0.0198447929614133,2023,2022-12-31,learned_vol_interaction,20260910,0.2579229355480302,0.2579229355480302,0,1
monthly_state_retained,2907,2023-01-13,2023-01-30,0.0465290788350809,2023,2022-12-31,learned_vol_interaction,20260910,0.46834593067568,0.46834593067568,0,1
monthly_state_retained,2912,2023-01-20,2023-02-06,-0.0383797057844887,2023,2022-12-31,learned_vol_interaction,20260910,0.3968582316115995,0.3968582316115995,0,0
monthly_state_retained,2902,2023-01-06,2023-01-16,0.0198447929614133,2023,2022-12-31,learned_vol_interaction,20260911,0.40969442309749926,0.40969442309749926,0,1
monthly_state_retained,2907,2023-01-13,2023-01-30,0.0465290788350809,2023,2022-12-31,learned_vol_interaction,20260911,0.36456829174456845,0.36456829174456845,0,1
monthly_state_retained,2912,2023-01-20,2023-02-06,-0.0383797057844887,2023,2022-12-31,learned_vol_interaction,20260911,0.5794436004575169,0.5794436004575169,1,0
monthly_state_retained,2902,2023-01-06,2023-01-16,0.0198447929614133,2023,2022-12-31,learned_vol_interaction,20260912,0.28965659740268485,0.28965659740268485,0,1
monthly_state_retained,2907,2023-01-13,2023-01-30,0.0465290788350809,2023,2022-12-31,learned_vol_interaction,20260912,0.24376767561556023,0.24376767561556023,0,1
monthly_state_retained,2912,2023-01-20,2023-02-06,-0.0383797057844887,2023,2022-12-31,learned_vol_interaction,20260912,0.7144269683090918,0.7144269683090918,1,0
monthly_state_retained,2902,2023-01-06,2023-01-16,0.0198447929614133,2023,2022-12-31,learned_order_extension,20260910,0.2943161630816726,0.2943161630816726,0,1
monthly_state_retained,2907,2023-01-13,2023-01-30,0.0465290788350809,2023,2022-12-31,learned_order_extension,20260910,0.46027187341536235,0.46027187341536235,0,1
monthly_state_retained,2912,2023-01-20,2023-02-06,-0.0383797057844887,2023,2022-12-31,learned_order_extension,20260910,0.3872152058090037,0.3872152058090037,0,0
monthly_state_retained,2902,2023-01-06,2023-01-16,0.0198447929614133,2023,2022-12-31,learned_order_extension,20260911,0.4111458737354107,0.4111458737354107,0,1
monthly_state_retained,2907,2023-01-13,2023-01-30,0.0465290788350809,2023,2022-12-31,learned_order_extension,20260911,0.36472782557647304,0.36472782557647304,0,1
monthly_state_retained,2912,2023-01-20,2023-02-06,-0.0383797057844887,2023,2022-12-31,learned_order_extension,20260911,0.5780473136480286,0.5780473136480286,1,0
monthly_state_retained,2902,2023-01-06,2023-01-16,0.0198447929614133,2023,2022-12-31,learned_order_extension,20260912,0.3320870087441045,0.3320870087441045,0,1
monthly_state_retained,2907,2023-01-13,2023-01-30,0.0465290788350809,2023,2022-12-31,learned_order_extension,20260912,0.27988954900977053,0.27988954900977053,0,1
monthly_state_retained,2912,2023-01-20,2023-02-06,-0.0383797057844887,2023,2022-12-31,learned_order_extension,20260912,0.6620064456911843,0.6620064456911843,1,0
monthly_state_retained,2902,2023-01-06,2023-01-16,0.0198447929614133,2023,2022-12-31,learned_order_offset,20260910,0.29436491679511234,0.29436491679511234,0,1
monthly_state_retained,2907,2023-01-13,2023-01-30,0.0465290788350809,2023,2022-12-31,learned_order_offset,20260910,0.45922844261203544,0.45922844261203544,0,1
monthly_state_retained,2912,2023-01-20,2023-02-06,-0.0383797057844887,2023,2022-12-31,learned_order_offset,20260910,0.3863007910171924,0.3863007910171924,0,0
monthly_state_retained,2902,2023-01-06,2023-01-16,0.0198447929614133,2023,2022-12-31,learned_order_offset,20260911,0.41117201615041793,0.41117201615041793,0,1
monthly_state_retained,2907,2023-01-13,2023-01-30,0.0465290788350809,2023,2022-12-31,learned_order_offset,20260911,0.364680620051655,0.364680620051655,0,1
monthly_state_retained,2912,2023-01-20,2023-02-06,-0.0383797057844887,2023,2022-12-31,learned_order_offset,20260911,0.578179649696222,0.578179649696222,1,0
monthly_state_retained,2902,2023-01-06,2023-01-16,0.0198447929614133,2023,2022-12-31,learned_order_offset,20260912,0.33518639317613286,0.33518639317613286,0,1
monthly_state_retained,2907,2023-01-13,2023-01-30,0.0465290788350809,2023,2022-12-31,learned_order_offset,20260912,0.283926532884273,0.283926532884273,0,1
monthly_state_retained,2912,2023-01-20,2023-02-06,-0.0383797057844887,2023,2022-12-31,learned_order_offset,20260912,0.656265266213206,0.656265266213206,1,0
monthly_state_retained,2917,2023-02-03,2023-02-13,-0.0012061903149008,2023,2023-01-31,learned_market,20260910,0.7077615943567296,0.7077615943567296,1,0
monthly_state_retained,2922,2023-02-10,2023-02-20,-0.0143746584432821,2023,2023-01-31,learned_market,20260910,0.3396729663973045,0.3396729663973045,0,0
monthly_state_retained,2927,2023-02-17,2023-02-27,0.0001237636016198,2023,2023-01-31,learned_market,20260910,0.3940367299508906,0.3940367299508906,0,1
monthly_state_retained,2932,2023-02-24,2023-03-06,0.0224454641303217,2023,2023-01-31,learned_market,20260910,0.6368517662464305,0.6368517662464305,1,1
monthly_state_retained,2917,2023-02-03,2023-02-13,-0.0012061903149008,2023,2023-01-31,learned_market,20260911,0.5846417083500102,0.5846417083500102,1,0
monthly_state_retained,2922,2023-02-10,2023-02-20,-0.0143746584432821,2023,2023-01-31,learned_market,20260911,0.37229435163057095,0.37229435163057095,0,0
monthly_state_retained,2927,2023-02-17,2023-02-27,0.0001237636016198,2023,2023-01-31,learned_market,20260911,0.4278917331001193,0.4278917331001193,0,1
monthly_state_retained,2932,2023-02-24,2023-03-06,0.0224454641303217,2023,2023-01-31,learned_market,20260911,0.6524353768671635,0.6524353768671635,1,1
monthly_state_retained,2917,2023-02-03,2023-02-13,-0.0012061903149008,2023,2023-01-31,learned_market,20260912,0.48719446040105807,0.48719446040105807,0,0
monthly_state_retained,2922,2023-02-10,2023-02-20,-0.0143746584432821,2023,2023-01-31,learned_market,20260912,0.25478983111842135,0.25478983111842135,0,0
monthly_state_retained,2927,2023-02-17,2023-02-27,0.0001237636016198,2023,2023-01-31,learned_market,20260912,0.4079835806267681,0.4079835806267681,0,1
monthly_state_retained,2932,2023-02-24,2023-03-06,0.0224454641303217,2023,2023-01-31,learned_market,20260912,0.7137242634797857,0.7137242634797857,1,1
monthly_state_retained,2917,2023-02-03,2023-02-13,-0.0012061903149008,2023,2023-01-31,learned_vol_interaction,20260910,0.7386639107975522,0.7386639107975522,1,0
monthly_state_retained,2922,2023-02-10,2023-02-20,-0.0143746584432821,2023,2023-01-31,learned_vol_interaction,20260910,0.3303769483660095,0.3303769483660095,0,0
monthly_state_retained,2927,2023-02-17,2023-02-27,0.0001237636016198,2023,2023-01-31,learned_vol_interaction,20260910,0.37895686267521006,0.37895686267521006,0,1
monthly_state_retained,2932,2023-02-24,2023-03-06,0.0224454641303217,2023,2023-01-31,learned_vol_interaction,20260910,0.6474147480213357,0.6474147480213357,1,1
monthly_state_retained,2917,2023-02-03,2023-02-13,-0.0012061903149008,2023,2023-01-31,learned_vol_interaction,20260911,0.5514968469417321,0.5514968469417321,1,0
monthly_state_retained,2922,2023-02-10,2023-02-20,-0.0143746584432821,2023,2023-01-31,learned_vol_interaction,20260911,0.3927055424872561,0.3927055424872561,0,0
monthly_state_retained,2927,2023-02-17,2023-02-27,0.0001237636016198,2023,2023-01-31,learned_vol_interaction,20260911,0.44774683758526995,0.44774683758526995,0,1
monthly_state_retained,2932,2023-02-24,2023-03-06,0.0224454641303217,2023,2023-01-31,learned_vol_interaction,20260911,0.619096546985403,0.619096546985403,1,1
monthly_state_retained,2917,2023-02-03,2023-02-13,-0.0012061903149008,2023,2023-01-31,learned_vol_interaction,20260912,0.48449097695552545,0.48449097695552545,0,0
monthly_state_retained,2922,2023-02-10,2023-02-20,-0.0143746584432821,2023,2023-01-31,learned_vol_interaction,20260912,0.24568395555451436,0.24568395555451436,0,0
monthly_state_retained,2927,2023-02-17,2023-02-27,0.0001237636016198,2023,2023-01-31,learned_vol_interaction,20260912,0.4043340500782045,0.4043340500782045,0,1
monthly_state_retained,2932,2023-02-24,2023-03-06,0.0224454641303217,2023,2023-01-31,learned_vol_interaction,20260912,0.7237644100552868,0.7237644100552868,1,1
monthly_state_retained,2917,2023-02-03,2023-02-13,-0.0012061903149008,2023,2023-01-31,learned_order_extension,20260910,0.7087431108814826,0.7087431108814826,1,0
monthly_state_retained,2922,2023-02-10,2023-02-20,-0.0143746584432821,2023,2023-01-31,learned_order_extension,20260910,0.33420380659580207,0.33420380659580207,0,0
monthly_state_retained,2927,2023-02-17,2023-02-27,0.0001237636016198,2023,2023-01-31,learned_order_extension,20260910,0.37695809393703467,0.37695809393703467,0,1
monthly_state_retained,2932,2023-02-24,2023-03-06,0.0224454641303217,2023,2023-01-31,learned_order_extension,20260910,0.6504979423759706,0.6504979423759706,1,1
monthly_state_retained,2917,2023-02-03,2023-02-13,-0.0012061903149008,2023,2023-01-31,learned_order_extension,20260911,0.5514322848293292,0.5514322848293292,1,0
monthly_state_retained,2922,2023-02-10,2023-02-20,-0.0143746584432821,2023,2023-01-31,learned_order_extension,20260911,0.3920291907474336,0.3920291907474336,0,0
monthly_state_retained,2927,2023-02-17,2023-02-27,0.0001237636016198,2023,2023-01-31,learned_order_extension,20260911,0.4473244932999703,0.4473244932999703,0,1
monthly_state_retained,2932,2023-02-24,2023-03-06,0.0224454641303217,2023,2023-01-31,learned_order_extension,20260911,0.6194433589464242,0.6194433589464242,1,1
monthly_state_retained,2917,2023-02-03,2023-02-13,-0.0012061903149008,2023,2023-01-31,learned_order_extension,20260912,0.47399209037220413,0.47399209037220413,0,0
monthly_state_retained,2922,2023-02-10,2023-02-20,-0.0143746584432821,2023,2023-01-31,learned_order_extension,20260912,0.24616016767148868,0.24616016767148868,0,0
monthly_state_retained,2927,2023-02-17,2023-02-27,0.0001237636016198,2023,2023-01-31,learned_order_extension,20260912,0.39614793530843245,0.39614793530843245,0,1
monthly_state_retained,2932,2023-02-24,2023-03-06,0.0224454641303217,2023,2023-01-31,learned_order_extension,20260912,0.7129289281429624,0.7129289281429624,1,1
monthly_state_retained,2917,2023-02-03,2023-02-13,-0.0012061903149008,2023,2023-01-31,learned_order_offset,20260910,0.708109906191393,0.708109906191393,1,0
monthly_state_retained,2922,2023-02-10,2023-02-20,-0.0143746584432821,2023,2023-01-31,learned_order_offset,20260910,0.3342356424663725,0.3342356424663725,0,0
monthly_state_retained,2927,2023-02-17,2023-02-27,0.0001237636016198,2023,2023-01-31,learned_order_offset,20260910,0.3768936129162209,0.3768936129162209,0,1
monthly_state_retained,2932,2023-02-24,2023-03-06,0.0224454641303217,2023,2023-01-31,learned_order_offset,20260910,0.650954614063496,0.650954614063496,1,1
monthly_state_retained,2917,2023-02-03,2023-02-13,-0.0012061903149008,2023,2023-01-31,learned_order_offset,20260911,0.5515128874638535,0.5515128874638535,1,0
monthly_state_retained,2922,2023-02-10,2023-02-20,-0.0143746584432821,2023,2023-01-31,learned_order_offset,20260911,0.39192014326711666,0.39192014326711666,0,0
monthly_state_retained,2927,2023-02-17,2023-02-27,0.0001237636016198,2023,2023-01-31,learned_order_offset,20260911,0.44735551730013157,0.44735551730013157,0,1
monthly_state_retained,2932,2023-02-24,2023-03-06,0.0224454641303217,2023,2023-01-31,learned_order_offset,20260911,0.6194755772192605,0.6194755772192605,1,1
monthly_state_retained,2917,2023-02-03,2023-02-13,-0.0012061903149008,2023,2023-01-31,learned_order_offset,20260912,0.47265762776020354,0.47265762776020354,0,0
monthly_state_retained,2922,2023-02-10,2023-02-20,-0.0143746584432821,2023,2023-01-31,learned_order_offset,20260912,0.2502577591654617,0.2502577591654617,0,0
monthly_state_retained,2927,2023-02-17,2023-02-27,0.0001237636016198,2023,2023-01-31,learned_order_offset,20260912,0.3981719184557722,0.3981719184557722,0,1
monthly_state_retained,2932,2023-02-24,2023-03-06,0.0224454641303217,2023,2023-01-31,learned_order_offset,20260912,0.7071114667508918,0.7071114667508918,1,1
monthly_state_retained,2937,2023-03-03,2023-03-13,-0.0407900947678007,2023,2023-02-28,learned_market,20260910,0.7365179717700991,0.7365179717700991,1,0
monthly_state_retained,2942,2023-03-10,2023-03-20,5.0471402903706775e-06,2023,2023-02-28,learned_market,20260910,0.5813776336748179,0.5813776336748179,1,1
monthly_state_retained,2947,2023-03-17,2023-03-27,0.015302852124583,2023,2023-02-28,learned_market,20260910,0.42485803758448765,0.42485803758448765,0,1
monthly_state_retained,2952,2023-03-24,2023-04-03,0.0090274153058433,2023,2023-02-28,learned_market,20260910,0.37090574302943613,0.37090574302943613,0,1
monthly_state_retained,2957,2023-03-31,2023-04-10,0.0178317182396383,2023,2023-02-28,learned_market,20260910,0.3924154635264961,0.3924154635264961,0,1
monthly_state_retained,2937,2023-03-03,2023-03-13,-0.0407900947678007,2023,2023-02-28,learned_market,20260911,0.767620468884498,0.767620468884498,1,0
monthly_state_retained,2942,2023-03-10,2023-03-20,5.0471402903706775e-06,2023,2023-02-28,learned_market,20260911,0.6078004132598206,0.6078004132598206,1,1
monthly_state_retained,2947,2023-03-17,2023-03-27,0.015302852124583,2023,2023-02-28,learned_market,20260911,0.41902195233093853,0.41902195233093853,0,1
monthly_state_retained,2952,2023-03-24,2023-04-03,0.0090274153058433,2023,2023-02-28,learned_market,20260911,0.4677158880927443,0.4677158880927443,0,1
monthly_state_retained,2957,2023-03-31,2023-04-10,0.0178317182396383,2023,2023-02-28,learned_market,20260911,0.5644297293997745,0.5644297293997745,1,1
monthly_state_retained,2937,2023-03-03,2023-03-13,-0.0407900947678007,2023,2023-02-28,learned_market,20260912,0.5807881322909977,0.5807881322909977,1,0
monthly_state_retained,2942,2023-03-10,2023-03-20,5.0471402903706775e-06,2023,2023-02-28,learned_market,20260912,0.41460120883303464,0.41460120883303464,0,1
monthly_state_retained,2947,2023-03-17,2023-03-27,0.015302852124583,2023,2023-02-28,learned_market,20260912,0.30490069121650976,0.30490069121650976,0,1
monthly_state_retained,2952,2023-03-24,2023-04-03,0.0090274153058433,2023,2023-02-28,learned_market,20260912,0.5481390563099999,0.5481390563099999,1,1
monthly_state_retained,2957,2023-03-31,2023-04-10,0.0178317182396383,2023,2023-02-28,learned_market,20260912,0.611788401190659,0.611788401190659,1,1
monthly_state_retained,2937,2023-03-03,2023-03-13,-0.0407900947678007,2023,2023-02-28,learned_vol_interaction,20260910,0.7530412308563522,0.7530412308563522,1,0
monthly_state_retained,2942,2023-03-10,2023-03-20,5.0471402903706775e-06,2023,2023-02-28,learned_vol_interaction,20260910,0.5873882519994295,0.5873882519994295,1,1
monthly_state_retained,2947,2023-03-17,2023-03-27,0.015302852124583,2023,2023-02-28,learned_vol_interaction,20260910,0.41458186592231894,0.41458186592231894,0,1
monthly_state_retained,2952,2023-03-24,2023-04-03,0.0090274153058433,2023,2023-02-28,learned_vol_interaction,20260910,0.35652402288788393,0.35652402288788393,0,1
monthly_state_retained,2957,2023-03-31,2023-04-10,0.0178317182396383,2023,2023-02-28,learned_vol_interaction,20260910,0.3863632737017367,0.3863632737017367,0,1
monthly_state_retained,2937,2023-03-03,2023-03-13,-0.0407900947678007,2023,2023-02-28,learned_vol_interaction,20260911,0.7361671223361639,0.7361671223361639,1,0
monthly_state_retained,2942,2023-03-10,2023-03-20,5.0471402903706775e-06,2023,2023-02-28,learned_vol_interaction,20260911,0.5923713060138441,0.5923713060138441,1,1
monthly_state_retained,2947,2023-03-17,2023-03-27,0.015302852124583,2023,2023-02-28,learned_vol_interaction,20260911,0.44129297023126407,0.44129297023126407,0,1
monthly_state_retained,2952,2023-03-24,2023-04-03,0.0090274153058433,2023,2023-02-28,learned_vol_interaction,20260911,0.48118952805584325,0.48118952805584325,0,1
monthly_state_retained,2957,2023-03-31,2023-04-10,0.0178317182396383,2023,2023-02-28,learned_vol_interaction,20260911,0.5581984383579583,0.5581984383579583,1,1
monthly_state_retained,2937,2023-03-03,2023-03-13,-0.0407900947678007,2023,2023-02-28,learned_vol_interaction,20260912,0.5909800662310533,0.5909800662310533,1,0
monthly_state_retained,2942,2023-03-10,2023-03-20,5.0471402903706775e-06,2023,2023-02-28,learned_vol_interaction,20260912,0.42073806711796297,0.42073806711796297,0,1
monthly_state_retained,2947,2023-03-17,2023-03-27,0.015302852124583,2023,2023-02-28,learned_vol_interaction,20260912,0.29115877511006416,0.29115877511006416,0,1
monthly_state_retained,2952,2023-03-24,2023-04-03,0.0090274153058433,2023,2023-02-28,learned_vol_interaction,20260912,0.5529999746105244,0.5529999746105244,1,1
monthly_state_retained,2957,2023-03-31,2023-04-10,0.0178317182396383,2023,2023-02-28,learned_vol_interaction,20260912,0.632100803954458,0.632100803954458,1,1
monthly_state_retained,2937,2023-03-03,2023-03-13,-0.0407900947678007,2023,2023-02-28,learned_order_extension,20260910,0.7451391997229981,0.7451391997229981,1,0
monthly_state_retained,2942,2023-03-10,2023-03-20,5.0471402903706775e-06,2023,2023-02-28,learned_order_extension,20260910,0.5807717243209339,0.5807717243209339,1,1
monthly_state_retained,2947,2023-03-17,2023-03-27,0.015302852124583,2023,2023-02-28,learned_order_extension,20260910,0.4261400351912486,0.4261400351912486,0,1
monthly_state_retained,2952,2023-03-24,2023-04-03,0.0090274153058433,2023,2023-02-28,learned_order_extension,20260910,0.35549705087245137,0.35549705087245137,0,1
monthly_state_retained,2957,2023-03-31,2023-04-10,0.0178317182396383,2023,2023-02-28,learned_order_extension,20260910,0.38561638910546875,0.38561638910546875,0,1
monthly_state_retained,2937,2023-03-03,2023-03-13,-0.0407900947678007,2023,2023-02-28,learned_order_extension,20260911,0.7367440693214489,0.7367440693214489,1,0
monthly_state_retained,2942,2023-03-10,2023-03-20,5.0471402903706775e-06,2023,2023-02-28,learned_order_extension,20260911,0.5926520405957385,0.5926520405957385,1,1
monthly_state_retained,2947,2023-03-17,2023-03-27,0.015302852124583,2023,2023-02-28,learned_order_extension,20260911,0.44150652320643097,0.44150652320643097,0,1
monthly_state_retained,2952,2023-03-24,2023-04-03,0.0090274153058433,2023,2023-02-28,learned_order_extension,20260911,0.4806406899115495,0.4806406899115495,0,1
monthly_state_retained,2957,2023-03-31,2023-04-10,0.0178317182396383,2023,2023-02-28,learned_order_extension,20260911,0.5564015664237618,0.5564015664237618,1,1
monthly_state_retained,2937,2023-03-03,2023-03-13,-0.0407900947678007,2023,2023-02-28,learned_order_extension,20260912,0.5872179709776264,0.5872179709776264,1,0
monthly_state_retained,2942,2023-03-10,2023-03-20,5.0471402903706775e-06,2023,2023-02-28,learned_order_extension,20260912,0.45917963346836393,0.45917963346836393,0,1
monthly_state_retained,2947,2023-03-17,2023-03-27,0.015302852124583,2023,2023-02-28,learned_order_extension,20260912,0.3321757909492291,0.3321757909492291,0,1
monthly_state_retained,2952,2023-03-24,2023-04-03,0.0090274153058433,2023,2023-02-28,learned_order_extension,20260912,0.5428268381901444,0.5428268381901444,1,1
monthly_state_retained,2957,2023-03-31,2023-04-10,0.0178317182396383,2023,2023-02-28,learned_order_extension,20260912,0.5750765947333518,0.5750765947333518,1,1
monthly_state_retained,2937,2023-03-03,2023-03-13,-0.0407900947678007,2023,2023-02-28,learned_order_offset,20260910,0.744213255918267,0.744213255918267,1,0
monthly_state_retained,2942,2023-03-10,2023-03-20,5.0471402903706775e-06,2023,2023-02-28,learned_order_offset,20260910,0.581402685223824,0.581402685223824,1,1
monthly_state_retained,2947,2023-03-17,2023-03-27,0.015302852124583,2023,2023-02-28,learned_order_offset,20260910,0.4267138677564879,0.4267138677564879,0,1
monthly_state_retained,2952,2023-03-24,2023-04-03,0.0090274153058433,2023,2023-02-28,learned_order_offset,20260910,0.3550974197538086,0.3550974197538086,0,1
monthly_state_retained,2957,2023-03-31,2023-04-10,0.0178317182396383,2023,2023-02-28,learned_order_offset,20260910,0.38476763491007665,0.38476763491007665,0,1
monthly_state_retained,2937,2023-03-03,2023-03-13,-0.0407900947678007,2023,2023-02-28,learned_order_offset,20260911,0.7367890366176728,0.7367890366176728,1,0
monthly_state_retained,2942,2023-03-10,2023-03-20,5.0471402903706775e-06,2023,2023-02-28,learned_order_offset,20260911,0.5927141757173765,0.5927141757173765,1,1
monthly_state_retained,2947,2023-03-17,2023-03-27,0.015302852124583,2023,2023-02-28,learned_order_offset,20260911,0.44144992787218895,0.44144992787218895,0,1
monthly_state_retained,2952,2023-03-24,2023-04-03,0.0090274153058433,2023,2023-02-28,learned_order_offset,20260911,0.48064826466248156,0.48064826466248156,0,1
monthly_state_retained,2957,2023-03-31,2023-04-10,0.0178317182396383,2023,2023-02-28,learned_order_offset,20260911,0.556461403271004,0.556461403271004,1,1
monthly_state_retained,2937,2023-03-03,2023-03-13,-0.0407900947678007,2023,2023-02-28,learned_order_offset,20260912,0.5854544425200702,0.5854544425200702,1,0
monthly_state_retained,2942,2023-03-10,2023-03-20,5.0471402903706775e-06,2023,2023-02-28,learned_order_offset,20260912,0.4623204109511431,0.4623204109511431,0,1
monthly_state_retained,2947,2023-03-17,2023-03-27,0.015302852124583,2023,2023-02-28,learned_order_offset,20260912,0.339217920591994,0.339217920591994,0,1
monthly_state_retained,2952,2023-03-24,2023-04-03,0.0090274153058433,2023,2023-02-28,learned_order_offset,20260912,0.5430909588293242,0.5430909588293242,1,1
monthly_state_retained,2957,2023-03-31,2023-04-10,0.0178317182396383,2023,2023-02-28,learned_order_offset,20260912,0.5725347377994414,0.5725347377994414,1,1
monthly_state_retained,2961,2023-04-07,2023-04-17,-0.0101500238382772,2023,2023-03-31,learned_market,20260910,0.595589872428567,0.595589872428567,1,0
monthly_state_retained,2966,2023-04-14,2023-04-24,-0.014368947230732,2023,2023-03-31,learned_market,20260910,0.3348532730298861,0.3348532730298861,0,0
monthly_state_retained,2971,2023-04-21,2023-05-04,-0.0044228908788729,2023,2023-03-31,learned_market,20260910,0.4942947568375473,0.4942947568375473,0,0
monthly_state_retained,2976,2023-04-28,2023-05-10,0.0036477163153083,2023,2023-03-31,learned_market,20260910,0.3714756111943182,0.3714756111943182,0,1
monthly_state_retained,2961,2023-04-07,2023-04-17,-0.0101500238382772,2023,2023-03-31,learned_market,20260911,0.5123926969413866,0.5123926969413866,1,0
monthly_state_retained,2966,2023-04-14,2023-04-24,-0.014368947230732,2023,2023-03-31,learned_market,20260911,0.511707795083602,0.511707795083602,1,0
monthly_state_retained,2971,2023-04-21,2023-05-04,-0.0044228908788729,2023,2023-03-31,learned_market,20260911,0.37484009153446224,0.37484009153446224,0,0
monthly_state_retained,2976,2023-04-28,2023-05-10,0.0036477163153083,2023,2023-03-31,learned_market,20260911,0.35090610116443816,0.35090610116443816,0,1
monthly_state_retained,2961,2023-04-07,2023-04-17,-0.0101500238382772,2023,2023-03-31,learned_market,20260912,0.6373271507100488,0.6373271507100488,1,0
monthly_state_retained,2966,2023-04-14,2023-04-24,-0.014368947230732,2023,2023-03-31,learned_market,20260912,0.3845861584135212,0.3845861584135212,0,0
monthly_state_retained,2971,2023-04-21,2023-05-04,-0.0044228908788729,2023,2023-03-31,learned_market,20260912,0.3355239890755223,0.3355239890755223,0,0
monthly_state_retained,2976,2023-04-28,2023-05-10,0.0036477163153083,2023,2023-03-31,learned_market,20260912,0.4803897810444189,0.4803897810444189,0,1
monthly_state_retained,2961,2023-04-07,2023-04-17,-0.0101500238382772,2023,2023-03-31,learned_vol_interaction,20260910,0.6043529683218729,0.6043529683218729,1,0
monthly_state_retained,2966,2023-04-14,2023-04-24,-0.014368947230732,2023,2023-03-31,learned_vol_interaction,20260910,0.3144567628179821,0.3144567628179821,0,0
monthly_state_retained,2971,2023-04-21,2023-05-04,-0.0044228908788729,2023,2023-03-31,learned_vol_interaction,20260910,0.4875429689874716,0.4875429689874716,0,0
monthly_state_retained,2976,2023-04-28,2023-05-10,0.0036477163153083,2023,2023-03-31,learned_vol_interaction,20260910,0.3596297147597128,0.3596297147597128,0,1
monthly_state_retained,2961,2023-04-07,2023-04-17,-0.0101500238382772,2023,2023-03-31,learned_vol_interaction,20260911,0.505035431875157,0.505035431875157,1,0
monthly_state_retained,2966,2023-04-14,2023-04-24,-0.014368947230732,2023,2023-03-31,learned_vol_interaction,20260911,0.49347349841953947,0.49347349841953947,0,0
monthly_state_retained,2971,2023-04-21,2023-05-04,-0.0044228908788729,2023,2023-03-31,learned_vol_interaction,20260911,0.397890632401885,0.397890632401885,0,0
monthly_state_retained,2976,2023-04-28,2023-05-10,0.0036477163153083,2023,2023-03-31,learned_vol_interaction,20260911,0.3746539512039826,0.3746539512039826,0,1
monthly_state_retained,2961,2023-04-07,2023-04-17,-0.0101500238382772,2023,2023-03-31,learned_vol_interaction,20260912,0.6574524863442807,0.6574524863442807,1,0
monthly_state_retained,2966,2023-04-14,2023-04-24,-0.014368947230732,2023,2023-03-31,learned_vol_interaction,20260912,0.37636812323839336,0.37636812323839336,0,0
monthly_state_retained,2971,2023-04-21,2023-05-04,-0.0044228908788729,2023,2023-03-31,learned_vol_interaction,20260912,0.32843574732408615,0.32843574732408615,0,0
monthly_state_retained,2976,2023-04-28,2023-05-10,0.0036477163153083,2023,2023-03-31,learned_vol_interaction,20260912,0.47644399303156704,0.47644399303156704,0,1
monthly_state_retained,2961,2023-04-07,2023-04-17,-0.0101500238382772,2023,2023-03-31,learned_order_extension,20260910,0.5803253034213908,0.5803253034213908,1,0
monthly_state_retained,2966,2023-04-14,2023-04-24,-0.014368947230732,2023,2023-03-31,learned_order_extension,20260910,0.3132796546081912,0.3132796546081912,0,0
monthly_state_retained,2971,2023-04-21,2023-05-04,-0.0044228908788729,2023,2023-03-31,learned_order_extension,20260910,0.5129717529119044,0.5129717529119044,1,0
monthly_state_retained,2976,2023-04-28,2023-05-10,0.0036477163153083,2023,2023-03-31,learned_order_extension,20260910,0.3973579997453356,0.3973579997453356,0,1
monthly_state_retained,2961,2023-04-07,2023-04-17,-0.0101500238382772,2023,2023-03-31,learned_order_extension,20260911,0.5048460180326865,0.5048460180326865,1,0
monthly_state_retained,2966,2023-04-14,2023-04-24,-0.014368947230732,2023,2023-03-31,learned_order_extension,20260911,0.49439461564860404,0.49439461564860404,0,0
monthly_state_retained,2971,2023-04-21,2023-05-04,-0.0044228908788729,2023,2023-03-31,learned_order_extension,20260911,0.39936804356030803,0.39936804356030803,0,0
monthly_state_retained,2976,2023-04-28,2023-05-10,0.0036477163153083,2023,2023-03-31,learned_order_extension,20260911,0.37816937180792504,0.37816937180792504,0,1
monthly_state_retained,2961,2023-04-07,2023-04-17,-0.0101500238382772,2023,2023-03-31,learned_order_extension,20260912,0.637499787070465,0.637499787070465,1,0
monthly_state_retained,2966,2023-04-14,2023-04-24,-0.014368947230732,2023,2023-03-31,learned_order_extension,20260912,0.39981071424461395,0.39981071424461395,0,0
monthly_state_retained,2971,2023-04-21,2023-05-04,-0.0044228908788729,2023,2023-03-31,learned_order_extension,20260912,0.3696006256220921,0.3696006256220921,0,0
monthly_state_retained,2976,2023-04-28,2023-05-10,0.0036477163153083,2023,2023-03-31,learned_order_extension,20260912,0.4688564801514378,0.4688564801514378,0,1
monthly_state_retained,2961,2023-04-07,2023-04-17,-0.0101500238382772,2023,2023-03-31,learned_order_offset,20260910,0.5794010068026585,0.5794010068026585,1,0
monthly_state_retained,2966,2023-04-14,2023-04-24,-0.014368947230732,2023,2023-03-31,learned_order_offset,20260910,0.31197453771328737,0.31197453771328737,0,0
monthly_state_retained,2971,2023-04-21,2023-05-04,-0.0044228908788729,2023,2023-03-31,learned_order_offset,20260910,0.5149450703710334,0.5149450703710334,1,0
monthly_state_retained,2976,2023-04-28,2023-05-10,0.0036477163153083,2023,2023-03-31,learned_order_offset,20260910,0.39823395699918146,0.39823395699918146,0,1
monthly_state_retained,2961,2023-04-07,2023-04-17,-0.0101500238382772,2023,2023-03-31,learned_order_offset,20260911,0.504790898079976,0.504790898079976,1,0
monthly_state_retained,2966,2023-04-14,2023-04-24,-0.014368947230732,2023,2023-03-31,learned_order_offset,20260911,0.4942633891147542,0.4942633891147542,0,0
monthly_state_retained,2971,2023-04-21,2023-05-04,-0.0044228908788729,2023,2023-03-31,learned_order_offset,20260911,0.39928777128910625,0.39928777128910625,0,0
monthly_state_retained,2976,2023-04-28,2023-05-10,0.0036477163153083,2023,2023-03-31,learned_order_offset,20260911,0.37810919654324093,0.37810919654324093,0,1
monthly_state_retained,2961,2023-04-07,2023-04-17,-0.0101500238382772,2023,2023-03-31,learned_order_offset,20260912,0.6359786222461823,0.6359786222461823,1,0
monthly_state_retained,2966,2023-04-14,2023-04-24,-0.014368947230732,2023,2023-03-31,learned_order_offset,20260912,0.4040571614648592,0.4040571614648592,0,0
monthly_state_retained,2971,2023-04-21,2023-05-04,-0.0044228908788729,2023,2023-03-31,learned_order_offset,20260912,0.373753908234859,0.373753908234859,0,0
monthly_state_retained,2976,2023-04-28,2023-05-10,0.0036477163153083,2023,2023-03-31,learned_order_offset,20260912,0.4682938791565345,0.4682938791565345,0,1
monthly_state_retained,2978,2023-05-05,2023-05-15,-0.0221642407977935,2023,2023-04-30,learned_market,20260910,0.4497529451200874,0.4497529451200874,0,0
monthly_state_retained,2983,2023-05-12,2023-05-22,0.0005509250208819,2023,2023-04-30,learned_market,20260910,0.33357360179734663,0.33357360179734663,0,1
monthly_state_retained,2988,2023-05-19,2023-05-29,-0.0200253742704897,2023,2023-04-30,learned_market,20260910,0.5625170222669913,0.5625170222669913,1,0
monthly_state_retained,2993,2023-05-26,2023-06-05,-0.0003935703040848,2023,2023-04-30,learned_market,20260910,0.516241495805648,0.516241495805648,1,0
monthly_state_retained,2978,2023-05-05,2023-05-15,-0.0221642407977935,2023,2023-04-30,learned_market,20260911,0.34027916805748615,0.34027916805748615,0,0
monthly_state_retained,2983,2023-05-12,2023-05-22,0.0005509250208819,2023,2023-04-30,learned_market,20260911,0.49754285644712,0.49754285644712,0,1
monthly_state_retained,2988,2023-05-19,2023-05-29,-0.0200253742704897,2023,2023-04-30,learned_market,20260911,0.7549084578883676,0.7549084578883676,1,0
monthly_state_retained,2993,2023-05-26,2023-06-05,-0.0003935703040848,2023,2023-04-30,learned_market,20260911,0.5039392773809649,0.5039392773809649,1,0
monthly_state_retained,2978,2023-05-05,2023-05-15,-0.0221642407977935,2023,2023-04-30,learned_market,20260912,0.3214134174707162,0.3214134174707162,0,0
monthly_state_retained,2983,2023-05-12,2023-05-22,0.0005509250208819,2023,2023-04-30,learned_market,20260912,0.41963299671663734,0.41963299671663734,0,1
monthly_state_retained,2988,2023-05-19,2023-05-29,-0.0200253742704897,2023,2023-04-30,learned_market,20260912,0.663522806485192,0.663522806485192,1,0
monthly_state_retained,2993,2023-05-26,2023-06-05,-0.0003935703040848,2023,2023-04-30,learned_market,20260912,0.4734681491976751,0.4734681491976751,0,0
monthly_state_retained,2978,2023-05-05,2023-05-15,-0.0221642407977935,2023,2023-04-30,learned_vol_interaction,20260910,0.44140831433605277,0.44140831433605277,0,0
monthly_state_retained,2983,2023-05-12,2023-05-22,0.0005509250208819,2023,2023-04-30,learned_vol_interaction,20260910,0.3241710306632204,0.3241710306632204,0,1
monthly_state_retained,2988,2023-05-19,2023-05-29,-0.0200253742704897,2023,2023-04-30,learned_vol_interaction,20260910,0.5771140415412856,0.5771140415412856,1,0
monthly_state_retained,2993,2023-05-26,2023-06-05,-0.0003935703040848,2023,2023-04-30,learned_vol_interaction,20260910,0.5170651713386136,0.5170651713386136,1,0
monthly_state_retained,2978,2023-05-05,2023-05-15,-0.0221642407977935,2023,2023-04-30,learned_vol_interaction,20260911,0.3794183322213578,0.3794183322213578,0,0
monthly_state_retained,2983,2023-05-12,2023-05-22,0.0005509250208819,2023,2023-04-30,learned_vol_interaction,20260911,0.5207253080904825,0.5207253080904825,1,1
monthly_state_retained,2988,2023-05-19,2023-05-29,-0.0200253742704897,2023,2023-04-30,learned_vol_interaction,20260911,0.7158994131477658,0.7158994131477658,1,0
monthly_state_retained,2993,2023-05-26,2023-06-05,-0.0003935703040848,2023,2023-04-30,learned_vol_interaction,20260911,0.5106796239963189,0.5106796239963189,1,0
monthly_state_retained,2978,2023-05-05,2023-05-15,-0.0221642407977935,2023,2023-04-30,learned_vol_interaction,20260912,0.30788719174740625,0.30788719174740625,0,0
monthly_state_retained,2983,2023-05-12,2023-05-22,0.0005509250208819,2023,2023-04-30,learned_vol_interaction,20260912,0.42598051823633404,0.42598051823633404,0,1
monthly_state_retained,2988,2023-05-19,2023-05-29,-0.0200253742704897,2023,2023-04-30,learned_vol_interaction,20260912,0.6767118241469199,0.6767118241469199,1,0
monthly_state_retained,2993,2023-05-26,2023-06-05,-0.0003935703040848,2023,2023-04-30,learned_vol_interaction,20260912,0.4883023609978598,0.4883023609978598,0,0
monthly_state_retained,2978,2023-05-05,2023-05-15,-0.0221642407977935,2023,2023-04-30,learned_order_extension,20260910,0.4552249172640749,0.4552249172640749,0,0
monthly_state_retained,2983,2023-05-12,2023-05-22,0.0005509250208819,2023,2023-04-30,learned_order_extension,20260910,0.3862794729795211,0.3862794729795211,0,1
monthly_state_retained,2988,2023-05-19,2023-05-29,-0.0200253742704897,2023,2023-04-30,learned_order_extension,20260910,0.558285474010296,0.558285474010296,1,0
monthly_state_retained,2993,2023-05-26,2023-06-05,-0.0003935703040848,2023,2023-04-30,learned_order_extension,20260910,0.5195420946101187,0.5195420946101187,1,0
monthly_state_retained,2978,2023-05-05,2023-05-15,-0.0221642407977935,2023,2023-04-30,learned_order_extension,20260911,0.3826637989359542,0.3826637989359542,0,0
monthly_state_retained,2983,2023-05-12,2023-05-22,0.0005509250208819,2023,2023-04-30,learned_order_extension,20260911,0.5207604762186022,0.5207604762186022,1,1
monthly_state_retained,2988,2023-05-19,2023-05-29,-0.0200253742704897,2023,2023-04-30,learned_order_extension,20260911,0.7111561389087265,0.7111561389087265,1,0
monthly_state_retained,2993,2023-05-26,2023-06-05,-0.0003935703040848,2023,2023-04-30,learned_order_extension,20260911,0.5113938646839422,0.5113938646839422,1,0
monthly_state_retained,2978,2023-05-05,2023-05-15,-0.0221642407977935,2023,2023-04-30,learned_order_extension,20260912,0.35316398446807334,0.35316398446807334,0,0
monthly_state_retained,2983,2023-05-12,2023-05-22,0.0005509250208819,2023,2023-04-30,learned_order_extension,20260912,0.4594935783345266,0.4594935783345266,0,1
monthly_state_retained,2988,2023-05-19,2023-05-29,-0.0200253742704897,2023,2023-04-30,learned_order_extension,20260912,0.5613551046736279,0.5613551046736279,1,0
monthly_state_retained,2993,2023-05-26,2023-06-05,-0.0003935703040848,2023,2023-04-30,learned_order_extension,20260912,0.4825311640837267,0.4825311640837267,0,0
monthly_state_retained,2978,2023-05-05,2023-05-15,-0.0221642407977935,2023,2023-04-30,learned_order_offset,20260910,0.4559542898668919,0.4559542898668919,0,0
monthly_state_retained,2983,2023-05-12,2023-05-22,0.0005509250208819,2023,2023-04-30,learned_order_offset,20260910,0.38735140673750457,0.38735140673750457,0,1
monthly_state_retained,2988,2023-05-19,2023-05-29,-0.0200253742704897,2023,2023-04-30,learned_order_offset,20260910,0.5583236766115218,0.5583236766115218,1,0
monthly_state_retained,2993,2023-05-26,2023-06-05,-0.0003935703040848,2023,2023-04-30,learned_order_offset,20260910,0.5196713253356512,0.5196713253356512,1,0
monthly_state_retained,2978,2023-05-05,2023-05-15,-0.0221642407977935,2023,2023-04-30,learned_order_offset,20260911,0.3825900800128016,0.3825900800128016,0,0
monthly_state_retained,2983,2023-05-12,2023-05-22,0.0005509250208819,2023,2023-04-30,learned_order_offset,20260911,0.5206526224591033,0.5206526224591033,1,1
monthly_state_retained,2988,2023-05-19,2023-05-29,-0.0200253742704897,2023,2023-04-30,learned_order_offset,20260911,0.7111689672715988,0.7111689672715988,1,0
monthly_state_retained,2993,2023-05-26,2023-06-05,-0.0003935703040848,2023,2023-04-30,learned_order_offset,20260911,0.5113376197418289,0.5113376197418289,1,0
monthly_state_retained,2978,2023-05-05,2023-05-15,-0.0221642407977935,2023,2023-04-30,learned_order_offset,20260912,0.35468620955831676,0.35468620955831676,0,0
monthly_state_retained,2983,2023-05-12,2023-05-22,0.0005509250208819,2023,2023-04-30,learned_order_offset,20260912,0.45944687309341087,0.45944687309341087,0,1
monthly_state_retained,2988,2023-05-19,2023-05-29,-0.0200253742704897,2023,2023-04-30,learned_order_offset,20260912,0.5528609060536627,0.5528609060536627,1,0
monthly_state_retained,2993,2023-05-26,2023-06-05,-0.0003935703040848,2023,2023-04-30,learned_order_offset,20260912,0.48081388523345875,0.48081388523345875,0,0
monthly_state_retained,2998,2023-06-02,2023-06-12,-0.0086075595250429,2023,2023-05-31,learned_market,20260910,0.4611271604446467,0.4611271604446467,0,0
monthly_state_retained,3003,2023-06-09,2023-06-19,0.0338878539347273,2023,2023-05-31,learned_market,20260910,0.3966512245556026,0.3966512245556026,0,1
monthly_state_retained,3008,2023-06-16,2023-07-03,-0.026216632171098,2023,2023-05-31,learned_market,20260910,0.4023630749492596,0.4023630749492596,0,0
monthly_state_retained,3016,2023-06-30,2023-07-10,-0.0030441518806006,2023,2023-05-31,learned_market,20260910,0.4213657002217921,0.4213657002217921,0,0
monthly_state_retained,2998,2023-06-02,2023-06-12,-0.0086075595250429,2023,2023-05-31,learned_market,20260911,0.39899180688484476,0.39899180688484476,0,0
monthly_state_retained,3003,2023-06-09,2023-06-19,0.0338878539347273,2023,2023-05-31,learned_market,20260911,0.4684734509310129,0.4684734509310129,0,1
monthly_state_retained,3008,2023-06-16,2023-07-03,-0.026216632171098,2023,2023-05-31,learned_market,20260911,0.43999508820011124,0.43999508820011124,0,0
monthly_state_retained,3016,2023-06-30,2023-07-10,-0.0030441518806006,2023,2023-05-31,learned_market,20260911,0.494623114929346,0.494623114929346,0,0
monthly_state_retained,2998,2023-06-02,2023-06-12,-0.0086075595250429,2023,2023-05-31,learned_market,20260912,0.40456629164978614,0.40456629164978614,0,0
monthly_state_retained,3003,2023-06-09,2023-06-19,0.0338878539347273,2023,2023-05-31,learned_market,20260912,0.30238432481971794,0.30238432481971794,0,1
monthly_state_retained,3008,2023-06-16,2023-07-03,-0.026216632171098,2023,2023-05-31,learned_market,20260912,0.3205141256506379,0.3205141256506379,0,0
monthly_state_retained,3016,2023-06-30,2023-07-10,-0.0030441518806006,2023,2023-05-31,learned_market,20260912,0.6005178559534365,0.6005178559534365,1,0
monthly_state_retained,2998,2023-06-02,2023-06-12,-0.0086075595250429,2023,2023-05-31,learned_vol_interaction,20260910,0.45864589830252817,0.45864589830252817,0,0
monthly_state_retained,3003,2023-06-09,2023-06-19,0.0338878539347273,2023,2023-05-31,learned_vol_interaction,20260910,0.3918169460644426,0.3918169460644426,0,1
monthly_state_retained,3008,2023-06-16,2023-07-03,-0.026216632171098,2023,2023-05-31,learned_vol_interaction,20260910,0.39897150529552516,0.39897150529552516,0,0
monthly_state_retained,3016,2023-06-30,2023-07-10,-0.0030441518806006,2023,2023-05-31,learned_vol_interaction,20260910,0.4213702849064111,0.4213702849064111,0,0
monthly_state_retained,2998,2023-06-02,2023-06-12,-0.0086075595250429,2023,2023-05-31,learned_vol_interaction,20260911,0.41473330630809063,0.41473330630809063,0,0
monthly_state_retained,3003,2023-06-09,2023-06-19,0.0338878539347273,2023,2023-05-31,learned_vol_interaction,20260911,0.4862687443116524,0.4862687443116524,0,1
monthly_state_retained,3008,2023-06-16,2023-07-03,-0.026216632171098,2023,2023-05-31,learned_vol_interaction,20260911,0.4615744120462823,0.4615744120462823,0,0
monthly_state_retained,3016,2023-06-30,2023-07-10,-0.0030441518806006,2023,2023-05-31,learned_vol_interaction,20260911,0.5010023580261896,0.5010023580261896,1,0
monthly_state_retained,2998,2023-06-02,2023-06-12,-0.0086075595250429,2023,2023-05-31,learned_vol_interaction,20260912,0.3935432366359235,0.3935432366359235,0,0
monthly_state_retained,3003,2023-06-09,2023-06-19,0.0338878539347273,2023,2023-05-31,learned_vol_interaction,20260912,0.27933481732197507,0.27933481732197507,0,1
monthly_state_retained,3008,2023-06-16,2023-07-03,-0.026216632171098,2023,2023-05-31,learned_vol_interaction,20260912,0.29070233426464753,0.29070233426464753,0,0
monthly_state_retained,3016,2023-06-30,2023-07-10,-0.0030441518806006,2023,2023-05-31,learned_vol_interaction,20260912,0.6177370664994124,0.6177370664994124,1,0
monthly_state_retained,2998,2023-06-02,2023-06-12,-0.0086075595250429,2023,2023-05-31,learned_order_extension,20260910,0.4764646687624865,0.4764646687624865,0,0
monthly_state_retained,3003,2023-06-09,2023-06-19,0.0338878539347273,2023,2023-05-31,learned_order_extension,20260910,0.4399504044091518,0.4399504044091518,0,1
monthly_state_retained,3008,2023-06-16,2023-07-03,-0.026216632171098,2023,2023-05-31,learned_order_extension,20260910,0.4403657460993596,0.4403657460993596,0,0
monthly_state_retained,3016,2023-06-30,2023-07-10,-0.0030441518806006,2023,2023-05-31,learned_order_extension,20260910,0.44347540699034627,0.44347540699034627,0,0
monthly_state_retained,2998,2023-06-02,2023-06-12,-0.0086075595250429,2023,2023-05-31,learned_order_extension,20260911,0.4176728512227212,0.4176728512227212,0,0
monthly_state_retained,3003,2023-06-09,2023-06-19,0.0338878539347273,2023,2023-05-31,learned_order_extension,20260911,0.4874736850302981,0.4874736850302981,0,1
monthly_state_retained,3008,2023-06-16,2023-07-03,-0.026216632171098,2023,2023-05-31,learned_order_extension,20260911,0.4634868787327687,0.4634868787327687,0,0
monthly_state_retained,3016,2023-06-30,2023-07-10,-0.0030441518806006,2023,2023-05-31,learned_order_extension,20260911,0.4996986134035337,0.4996986134035337,0,0
monthly_state_retained,2998,2023-06-02,2023-06-12,-0.0086075595250429,2023,2023-05-31,learned_order_extension,20260912,0.43993698612115767,0.43993698612115767,0,0
monthly_state_retained,3003,2023-06-09,2023-06-19,0.0338878539347273,2023,2023-05-31,learned_order_extension,20260912,0.35568367267039286,0.35568367267039286,0,1
monthly_state_retained,3008,2023-06-16,2023-07-03,-0.026216632171098,2023,2023-05-31,learned_order_extension,20260912,0.39069608421932794,0.39069608421932794,0,0
monthly_state_retained,3016,2023-06-30,2023-07-10,-0.0030441518806006,2023,2023-05-31,learned_order_extension,20260912,0.5677359269311923,0.5677359269311923,1,0
monthly_state_retained,2998,2023-06-02,2023-06-12,-0.0086075595250429,2023,2023-05-31,learned_order_offset,20260910,0.4774002230107331,0.4774002230107331,0,0
monthly_state_retained,3003,2023-06-09,2023-06-19,0.0338878539347273,2023,2023-05-31,learned_order_offset,20260910,0.44203236200402185,0.44203236200402185,0,1
monthly_state_retained,3008,2023-06-16,2023-07-03,-0.026216632171098,2023,2023-05-31,learned_order_offset,20260910,0.44122158681927054,0.44122158681927054,0,0
monthly_state_retained,3016,2023-06-30,2023-07-10,-0.0030441518806006,2023,2023-05-31,learned_order_offset,20260910,0.4443353288773946,0.4443353288773946,0,0
monthly_state_retained,2998,2023-06-02,2023-06-12,-0.0086075595250429,2023,2023-05-31,learned_order_offset,20260911,0.4176331380681734,0.4176331380681734,0,0
monthly_state_retained,3003,2023-06-09,2023-06-19,0.0338878539347273,2023,2023-05-31,learned_order_offset,20260911,0.4874307767794157,0.4874307767794157,0,1
monthly_state_retained,3008,2023-06-16,2023-07-03,-0.026216632171098,2023,2023-05-31,learned_order_offset,20260911,0.46345232219332494,0.46345232219332494,0,0
monthly_state_retained,3016,2023-06-30,2023-07-10,-0.0030441518806006,2023,2023-05-31,learned_order_offset,20260911,0.4995175845112385,0.4995175845112385,0,0
monthly_state_retained,2998,2023-06-02,2023-06-12,-0.0086075595250429,2023,2023-05-31,learned_order_offset,20260912,0.4462826688282708,0.4462826688282708,0,0
monthly_state_retained,3003,2023-06-09,2023-06-19,0.0338878539347273,2023,2023-05-31,learned_order_offset,20260912,0.3657926874386867,0.3657926874386867,0,1
monthly_state_retained,3008,2023-06-16,2023-07-03,-0.026216632171098,2023,2023-05-31,learned_order_offset,20260912,0.3970710272316485,0.3970710272316485,0,0
monthly_state_retained,3016,2023-06-30,2023-07-10,-0.0030441518806006,2023,2023-05-31,learned_order_offset,20260912,0.5701260577969851,0.5701260577969851,1,0
monthly_state_retained,3021,2023-07-07,2023-07-17,0.0104280552692135,2023,2023-06-30,learned_market,20260910,0.4148371344756111,0.4148371344756111,0,1
monthly_state_retained,3026,2023-07-14,2023-07-24,-0.0201642613135752,2023,2023-06-30,learned_market,20260910,0.6799807480428174,0.6799807480428174,1,0
monthly_state_retained,3031,2023-07-21,2023-07-31,0.0566710925894278,2023,2023-06-30,learned_market,20260910,0.6185965077641518,0.6185965077641518,1,1
monthly_state_retained,3036,2023-07-28,2023-08-07,-0.0039612927947766,2023,2023-06-30,learned_market,20260910,0.4215659804761882,0.4215659804761882,0,0
monthly_state_retained,3021,2023-07-07,2023-07-17,0.0104280552692135,2023,2023-06-30,learned_market,20260911,0.4321304643658555,0.4321304643658555,0,1
monthly_state_retained,3026,2023-07-14,2023-07-24,-0.0201642613135752,2023,2023-06-30,learned_market,20260911,0.40871557780436546,0.40871557780436546,0,0
monthly_state_retained,3031,2023-07-21,2023-07-31,0.0566710925894278,2023,2023-06-30,learned_market,20260911,0.39545774353332364,0.39545774353332364,0,1
monthly_state_retained,3036,2023-07-28,2023-08-07,-0.0039612927947766,2023,2023-06-30,learned_market,20260911,0.42456681759896686,0.42456681759896686,0,0
monthly_state_retained,3021,2023-07-07,2023-07-17,0.0104280552692135,2023,2023-06-30,learned_market,20260912,0.5476174471948578,0.5476174471948578,1,1
monthly_state_retained,3026,2023-07-14,2023-07-24,-0.0201642613135752,2023,2023-06-30,learned_market,20260912,0.6522486120714398,0.6522486120714398,1,0
monthly_state_retained,3031,2023-07-21,2023-07-31,0.0566710925894278,2023,2023-06-30,learned_market,20260912,0.20700617431869667,0.20700617431869667,0,1
monthly_state_retained,3036,2023-07-28,2023-08-07,-0.0039612927947766,2023,2023-06-30,learned_market,20260912,0.5519262606194112,0.5519262606194112,1,0
monthly_state_retained,3021,2023-07-07,2023-07-17,0.0104280552692135,2023,2023-06-30,learned_vol_interaction,20260910,0.40513894935035405,0.40513894935035405,0,1
monthly_state_retained,3026,2023-07-14,2023-07-24,-0.0201642613135752,2023,2023-06-30,learned_vol_interaction,20260910,0.6982450832721806,0.6982450832721806,1,0
monthly_state_retained,3031,2023-07-21,2023-07-31,0.0566710925894278,2023,2023-06-30,learned_vol_interaction,20260910,0.6403583446603761,0.6403583446603761,1,1
monthly_state_retained,3036,2023-07-28,2023-08-07,-0.0039612927947766,2023,2023-06-30,learned_vol_interaction,20260910,0.41454143432883767,0.41454143432883767,0,0
monthly_state_retained,3021,2023-07-07,2023-07-17,0.0104280552692135,2023,2023-06-30,learned_vol_interaction,20260911,0.4535961698689514,0.4535961698689514,0,1
monthly_state_retained,3026,2023-07-14,2023-07-24,-0.0201642613135752,2023,2023-06-30,learned_vol_interaction,20260911,0.4201550783721589,0.4201550783721589,0,0
monthly_state_retained,3031,2023-07-21,2023-07-31,0.0566710925894278,2023,2023-06-30,learned_vol_interaction,20260911,0.41973638258801144,0.41973638258801144,0,1
monthly_state_retained,3036,2023-07-28,2023-08-07,-0.0039612927947766,2023,2023-06-30,learned_vol_interaction,20260911,0.4355598052653261,0.4355598052653261,0,0
monthly_state_retained,3021,2023-07-07,2023-07-17,0.0104280552692135,2023,2023-06-30,learned_vol_interaction,20260912,0.5594291110807199,0.5594291110807199,1,1
monthly_state_retained,3026,2023-07-14,2023-07-24,-0.0201642613135752,2023,2023-06-30,learned_vol_interaction,20260912,0.6679523881039575,0.6679523881039575,1,0
monthly_state_retained,3031,2023-07-21,2023-07-31,0.0566710925894278,2023,2023-06-30,learned_vol_interaction,20260912,0.18635602070763757,0.18635602070763757,0,1
monthly_state_retained,3036,2023-07-28,2023-08-07,-0.0039612927947766,2023,2023-06-30,learned_vol_interaction,20260912,0.5478407814968878,0.5478407814968878,1,0
monthly_state_retained,3021,2023-07-07,2023-07-17,0.0104280552692135,2023,2023-06-30,learned_order_extension,20260910,0.42525896977192723,0.42525896977192723,0,1
monthly_state_retained,3026,2023-07-14,2023-07-24,-0.0201642613135752,2023,2023-06-30,learned_order_extension,20260910,0.6244950957532646,0.6244950957532646,1,0
monthly_state_retained,3031,2023-07-21,2023-07-31,0.0566710925894278,2023,2023-06-30,learned_order_extension,20260910,0.591193586714307,0.591193586714307,1,1
monthly_state_retained,3036,2023-07-28,2023-08-07,-0.0039612927947766,2023,2023-06-30,learned_order_extension,20260910,0.4137031126689188,0.4137031126689188,0,0
monthly_state_retained,3021,2023-07-07,2023-07-17,0.0104280552692135,2023,2023-06-30,learned_order_extension,20260911,0.45538171676954997,0.45538171676954997,0,1
monthly_state_retained,3026,2023-07-14,2023-07-24,-0.0201642613135752,2023,2023-06-30,learned_order_extension,20260911,0.4205002443689337,0.4205002443689337,0,0
monthly_state_retained,3031,2023-07-21,2023-07-31,0.0566710925894278,2023,2023-06-30,learned_order_extension,20260911,0.4215274592494197,0.4215274592494197,0,1
monthly_state_retained,3036,2023-07-28,2023-08-07,-0.0039612927947766,2023,2023-06-30,learned_order_extension,20260911,0.4356725165305554,0.4356725165305554,0,0
monthly_state_retained,3021,2023-07-07,2023-07-17,0.0104280552692135,2023,2023-06-30,learned_order_extension,20260912,0.5454708742834323,0.5454708742834323,1,1
monthly_state_retained,3026,2023-07-14,2023-07-24,-0.0201642613135752,2023,2023-06-30,learned_order_extension,20260912,0.5829444980994714,0.5829444980994714,1,0
monthly_state_retained,3031,2023-07-21,2023-07-31,0.0566710925894278,2023,2023-06-30,learned_order_extension,20260912,0.2735077969075347,0.2735077969075347,0,1
monthly_state_retained,3036,2023-07-28,2023-08-07,-0.0039612927947766,2023,2023-06-30,learned_order_extension,20260912,0.5280526191390094,0.5280526191390094,1,0
monthly_state_retained,3021,2023-07-07,2023-07-17,0.0104280552692135,2023,2023-06-30,learned_order_offset,20260910,0.4256085180406109,0.4256085180406109,0,1
monthly_state_retained,3026,2023-07-14,2023-07-24,-0.0201642613135752,2023,2023-06-30,learned_order_offset,20260910,0.623906968031916,0.623906968031916,1,0
monthly_state_retained,3031,2023-07-21,2023-07-31,0.0566710925894278,2023,2023-06-30,learned_order_offset,20260910,0.5909164484602238,0.5909164484602238,1,1
monthly_state_retained,3036,2023-07-28,2023-08-07,-0.0039612927947766,2023,2023-06-30,learned_order_offset,20260910,0.4138182586819264,0.4138182586819264,0,0
monthly_state_retained,3021,2023-07-07,2023-07-17,0.0104280552692135,2023,2023-06-30,learned_order_offset,20260911,0.45528383097218506,0.45528383097218506,0,1
monthly_state_retained,3026,2023-07-14,2023-07-24,-0.0201642613135752,2023,2023-06-30,learned_order_offset,20260911,0.4203945553087095,0.4203945553087095,0,0
monthly_state_retained,3031,2023-07-21,2023-07-31,0.0566710925894278,2023,2023-06-30,learned_order_offset,20260911,0.42144143747309903,0.42144143747309903,0,1
monthly_state_retained,3036,2023-07-28,2023-08-07,-0.0039612927947766,2023,2023-06-30,learned_order_offset,20260911,0.43557039697383443,0.43557039697383443,0,0
monthly_state_retained,3021,2023-07-07,2023-07-17,0.0104280552692135,2023,2023-06-30,learned_order_offset,20260912,0.5489589265996276,0.5489589265996276,1,1
monthly_state_retained,3026,2023-07-14,2023-07-24,-0.0201642613135752,2023,2023-06-30,learned_order_offset,20260912,0.5824558395211001,0.5824558395211001,1,0
monthly_state_retained,3031,2023-07-21,2023-07-31,0.0566710925894278,2023,2023-06-30,learned_order_offset,20260912,0.27988978715458734,0.27988978715458734,0,1
monthly_state_retained,3036,2023-07-28,2023-08-07,-0.0039612927947766,2023,2023-06-30,learned_order_offset,20260912,0.5284081434359106,0.5284081434359106,1,0
monthly_state_retained,3041,2023-08-04,2023-08-14,-0.0404899362223548,2023,2023-07-31,learned_market,20260910,0.3422681158561934,0.3422681158561934,0,0
monthly_state_retained,3046,2023-08-11,2023-08-21,-0.0176157088591445,2023,2023-07-31,learned_market,20260910,0.26755143190839087,0.26755143190839087,0,0
monthly_state_retained,3051,2023-08-18,2023-08-28,0.0366582477081969,2023,2023-07-31,learned_market,20260910,0.6094913814194294,0.6094913814194294,1,1
monthly_state_retained,3056,2023-08-25,2023-09-04,-0.025197172476384,2023,2023-07-31,learned_market,20260910,0.292415818373573,0.292415818373573,0,0
monthly_state_retained,3041,2023-08-04,2023-08-14,-0.0404899362223548,2023,2023-07-31,learned_market,20260911,0.4091884265741096,0.4091884265741096,0,0
monthly_state_retained,3046,2023-08-11,2023-08-21,-0.0176157088591445,2023,2023-07-31,learned_market,20260911,0.6814136065435475,0.6814136065435475,1,0
monthly_state_retained,3051,2023-08-18,2023-08-28,0.0366582477081969,2023,2023-07-31,learned_market,20260911,0.47430326900984304,0.47430326900984304,0,1
monthly_state_retained,3056,2023-08-25,2023-09-04,-0.025197172476384,2023,2023-07-31,learned_market,20260911,0.5259209733581712,0.5259209733581712,1,0
monthly_state_retained,3041,2023-08-04,2023-08-14,-0.0404899362223548,2023,2023-07-31,learned_market,20260912,0.698021646037714,0.698021646037714,1,0
monthly_state_retained,3046,2023-08-11,2023-08-21,-0.0176157088591445,2023,2023-07-31,learned_market,20260912,0.8237624858039104,0.8237624858039104,1,0
monthly_state_retained,3051,2023-08-18,2023-08-28,0.0366582477081969,2023,2023-07-31,learned_market,20260912,0.41339516348274463,0.41339516348274463,0,1
monthly_state_retained,3056,2023-08-25,2023-09-04,-0.025197172476384,2023,2023-07-31,learned_market,20260912,0.3598651609059206,0.3598651609059206,0,0
monthly_state_retained,3041,2023-08-04,2023-08-14,-0.0404899362223548,2023,2023-07-31,learned_vol_interaction,20260910,0.3264187058912034,0.3264187058912034,0,0
monthly_state_retained,3046,2023-08-11,2023-08-21,-0.0176157088591445,2023,2023-07-31,learned_vol_interaction,20260910,0.2554527395532382,0.2554527395532382,0,0
monthly_state_retained,3051,2023-08-18,2023-08-28,0.0366582477081969,2023,2023-07-31,learned_vol_interaction,20260910,0.6149345833754644,0.6149345833754644,1,1
monthly_state_retained,3056,2023-08-25,2023-09-04,-0.025197172476384,2023,2023-07-31,learned_vol_interaction,20260910,0.2816747132417266,0.2816747132417266,0,0
monthly_state_retained,3041,2023-08-04,2023-08-14,-0.0404899362223548,2023,2023-07-31,learned_vol_interaction,20260911,0.4290686701601754,0.4290686701601754,0,0
monthly_state_retained,3046,2023-08-11,2023-08-21,-0.0176157088591445,2023,2023-07-31,learned_vol_interaction,20260911,0.6483499817470775,0.6483499817470775,1,0
monthly_state_retained,3051,2023-08-18,2023-08-28,0.0366582477081969,2023,2023-07-31,learned_vol_interaction,20260911,0.4685532098964361,0.4685532098964361,0,1
monthly_state_retained,3056,2023-08-25,2023-09-04,-0.025197172476384,2023,2023-07-31,learned_vol_interaction,20260911,0.5257411151596749,0.5257411151596749,1,0
monthly_state_retained,3041,2023-08-04,2023-08-14,-0.0404899362223548,2023,2023-07-31,learned_vol_interaction,20260912,0.7033947900566206,0.7033947900566206,1,0
monthly_state_retained,3046,2023-08-11,2023-08-21,-0.0176157088591445,2023,2023-07-31,learned_vol_interaction,20260912,0.8317318095324455,0.8317318095324455,1,0
monthly_state_retained,3051,2023-08-18,2023-08-28,0.0366582477081969,2023,2023-07-31,learned_vol_interaction,20260912,0.42483786987653466,0.42483786987653466,0,1
monthly_state_retained,3056,2023-08-25,2023-09-04,-0.025197172476384,2023,2023-07-31,learned_vol_interaction,20260912,0.3505140150291582,0.3505140150291582,0,0
monthly_state_retained,3041,2023-08-04,2023-08-14,-0.0404899362223548,2023,2023-07-31,learned_order_extension,20260910,0.34971805428457803,0.34971805428457803,0,0
monthly_state_retained,3046,2023-08-11,2023-08-21,-0.0176157088591445,2023,2023-07-31,learned_order_extension,20260910,0.2809005484837032,0.2809005484837032,0,0
monthly_state_retained,3051,2023-08-18,2023-08-28,0.0366582477081969,2023,2023-07-31,learned_order_extension,20260910,0.5809843846986696,0.5809843846986696,1,1
monthly_state_retained,3056,2023-08-25,2023-09-04,-0.025197172476384,2023,2023-07-31,learned_order_extension,20260910,0.31129405822030537,0.31129405822030537,0,0
monthly_state_retained,3041,2023-08-04,2023-08-14,-0.0404899362223548,2023,2023-07-31,learned_order_extension,20260911,0.4299948290683337,0.4299948290683337,0,0
monthly_state_retained,3046,2023-08-11,2023-08-21,-0.0176157088591445,2023,2023-07-31,learned_order_extension,20260911,0.6456500137103086,0.6456500137103086,1,0
monthly_state_retained,3051,2023-08-18,2023-08-28,0.0366582477081969,2023,2023-07-31,learned_order_extension,20260911,0.4693034993568277,0.4693034993568277,0,1
monthly_state_retained,3056,2023-08-25,2023-09-04,-0.025197172476384,2023,2023-07-31,learned_order_extension,20260911,0.5242955671160714,0.5242955671160714,1,0
monthly_state_retained,3041,2023-08-04,2023-08-14,-0.0404899362223548,2023,2023-07-31,learned_order_extension,20260912,0.6473763569680311,0.6473763569680311,1,0
monthly_state_retained,3046,2023-08-11,2023-08-21,-0.0176157088591445,2023,2023-07-31,learned_order_extension,20260912,0.7564070090465949,0.7564070090465949,1,0
monthly_state_retained,3051,2023-08-18,2023-08-28,0.0366582477081969,2023,2023-07-31,learned_order_extension,20260912,0.4265030263110565,0.4265030263110565,0,1
monthly_state_retained,3056,2023-08-25,2023-09-04,-0.025197172476384,2023,2023-07-31,learned_order_extension,20260912,0.3737136272862438,0.3737136272862438,0,0
monthly_state_retained,3041,2023-08-04,2023-08-14,-0.0404899362223548,2023,2023-07-31,learned_order_offset,20260910,0.3499694885504753,0.3499694885504753,0,0
monthly_state_retained,3046,2023-08-11,2023-08-21,-0.0176157088591445,2023,2023-07-31,learned_order_offset,20260910,0.28220374642564056,0.28220374642564056,0,0
monthly_state_retained,3051,2023-08-18,2023-08-28,0.0366582477081969,2023,2023-07-31,learned_order_offset,20260910,0.5800249132918106,0.5800249132918106,1,1
monthly_state_retained,3056,2023-08-25,2023-09-04,-0.025197172476384,2023,2023-07-31,learned_order_offset,20260910,0.311648784966294,0.311648784966294,0,0
monthly_state_retained,3041,2023-08-04,2023-08-14,-0.0404899362223548,2023,2023-07-31,learned_order_offset,20260911,0.4299283654009098,0.4299283654009098,0,0
monthly_state_retained,3046,2023-08-11,2023-08-21,-0.0176157088591445,2023,2023-07-31,learned_order_offset,20260911,0.6456581739098262,0.6456581739098262,1,0
monthly_state_retained,3051,2023-08-18,2023-08-28,0.0366582477081969,2023,2023-07-31,learned_order_offset,20260911,0.4691814705322716,0.4691814705322716,0,1
monthly_state_retained,3056,2023-08-25,2023-09-04,-0.025197172476384,2023,2023-07-31,learned_order_offset,20260911,0.5242305786306066,0.5242305786306066,1,0
monthly_state_retained,3041,2023-08-04,2023-08-14,-0.0404899362223548,2023,2023-07-31,learned_order_offset,20260912,0.6464705079150657,0.6464705079150657,1,0
monthly_state_retained,3046,2023-08-11,2023-08-21,-0.0176157088591445,2023,2023-07-31,learned_order_offset,20260912,0.7497865485741146,0.7497865485741146,1,0
monthly_state_retained,3051,2023-08-18,2023-08-28,0.0366582477081969,2023,2023-07-31,learned_order_offset,20260912,0.42522859880571334,0.42522859880571334,0,1
monthly_state_retained,3056,2023-08-25,2023-09-04,-0.025197172476384,2023,2023-07-31,learned_order_offset,20260912,0.37460809335848105,0.37460809335848105,0,0
monthly_state_retained,3061,2023-09-01,2023-09-11,-0.0189903461587886,2023,2023-08-31,learned_market,20260910,0.5727239862672711,0.5727239862672711,1,0
monthly_state_retained,3066,2023-09-08,2023-09-18,-0.0111346368744954,2023,2023-08-31,learned_market,20260910,0.6046775279486832,0.6046775279486832,1,0
monthly_state_retained,3071,2023-09-15,2023-09-25,0.0105787349314532,2023,2023-08-31,learned_market,20260910,0.6861367371884997,0.6861367371884997,1,1
monthly_state_retained,3076,2023-09-22,2023-10-16,-0.0198017153282719,2023,2023-08-31,learned_market,20260910,0.32435597972671854,0.32435597972671854,0,0
monthly_state_retained,3061,2023-09-01,2023-09-11,-0.0189903461587886,2023,2023-08-31,learned_market,20260911,0.395595892092896,0.395595892092896,0,0
monthly_state_retained,3066,2023-09-08,2023-09-18,-0.0111346368744954,2023,2023-08-31,learned_market,20260911,0.5798161195333322,0.5798161195333322,1,0
monthly_state_retained,3071,2023-09-15,2023-09-25,0.0105787349314532,2023,2023-08-31,learned_market,20260911,0.7450189853974029,0.7450189853974029,1,1
monthly_state_retained,3076,2023-09-22,2023-10-16,-0.0198017153282719,2023,2023-08-31,learned_market,20260911,0.583578965260687,0.583578965260687,1,0
monthly_state_retained,3061,2023-09-01,2023-09-11,-0.0189903461587886,2023,2023-08-31,learned_market,20260912,0.20617247589152174,0.20617247589152174,0,0
monthly_state_retained,3066,2023-09-08,2023-09-18,-0.0111346368744954,2023,2023-08-31,learned_market,20260912,0.5244948098725477,0.5244948098725477,1,0
monthly_state_retained,3071,2023-09-15,2023-09-25,0.0105787349314532,2023,2023-08-31,learned_market,20260912,0.42649757606540895,0.42649757606540895,0,1
monthly_state_retained,3076,2023-09-22,2023-10-16,-0.0198017153282719,2023,2023-08-31,learned_market,20260912,0.39337289072406006,0.39337289072406006,0,0
monthly_state_retained,3061,2023-09-01,2023-09-11,-0.0189903461587886,2023,2023-08-31,learned_vol_interaction,20260910,0.586511889761913,0.586511889761913,1,0
monthly_state_retained,3066,2023-09-08,2023-09-18,-0.0111346368744954,2023,2023-08-31,learned_vol_interaction,20260910,0.6154558472253346,0.6154558472253346,1,0
monthly_state_retained,3071,2023-09-15,2023-09-25,0.0105787349314532,2023,2023-08-31,learned_vol_interaction,20260910,0.6977509115308642,0.6977509115308642,1,1
monthly_state_retained,3076,2023-09-22,2023-10-16,-0.0198017153282719,2023,2023-08-31,learned_vol_interaction,20260910,0.30811498908515295,0.30811498908515295,0,0
monthly_state_retained,3061,2023-09-01,2023-09-11,-0.0189903461587886,2023,2023-08-31,learned_vol_interaction,20260911,0.41992779299148897,0.41992779299148897,0,0
monthly_state_retained,3066,2023-09-08,2023-09-18,-0.0111346368744954,2023,2023-08-31,learned_vol_interaction,20260911,0.5715992642380437,0.5715992642380437,1,0
monthly_state_retained,3071,2023-09-15,2023-09-25,0.0105787349314532,2023,2023-08-31,learned_vol_interaction,20260911,0.7246958473990663,0.7246958473990663,1,1
monthly_state_retained,3076,2023-09-22,2023-10-16,-0.0198017153282719,2023,2023-08-31,learned_vol_interaction,20260911,0.5741177426590414,0.5741177426590414,1,0
monthly_state_retained,3061,2023-09-01,2023-09-11,-0.0189903461587886,2023,2023-08-31,learned_vol_interaction,20260912,0.18874661788961722,0.18874661788961722,0,0
monthly_state_retained,3066,2023-09-08,2023-09-18,-0.0111346368744954,2023,2023-08-31,learned_vol_interaction,20260912,0.5206780629644419,0.5206780629644419,1,0
monthly_state_retained,3071,2023-09-15,2023-09-25,0.0105787349314532,2023,2023-08-31,learned_vol_interaction,20260912,0.41117262447742026,0.41117262447742026,0,1
monthly_state_retained,3076,2023-09-22,2023-10-16,-0.0198017153282719,2023,2023-08-31,learned_vol_interaction,20260912,0.38889293355827786,0.38889293355827786,0,0
monthly_state_retained,3061,2023-09-01,2023-09-11,-0.0189903461587886,2023,2023-08-31,learned_order_extension,20260910,0.5671782602532678,0.5671782602532678,1,0
monthly_state_retained,3066,2023-09-08,2023-09-18,-0.0111346368744954,2023,2023-08-31,learned_order_extension,20260910,0.5986378602457478,0.5986378602457478,1,0
monthly_state_retained,3071,2023-09-15,2023-09-25,0.0105787349314532,2023,2023-08-31,learned_order_extension,20260910,0.6895171394617714,0.6895171394617714,1,1
monthly_state_retained,3076,2023-09-22,2023-10-16,-0.0198017153282719,2023,2023-08-31,learned_order_extension,20260910,0.33512334993612697,0.33512334993612697,0,0
monthly_state_retained,3061,2023-09-01,2023-09-11,-0.0189903461587886,2023,2023-08-31,learned_order_extension,20260911,0.42158907759995046,0.42158907759995046,0,0
monthly_state_retained,3066,2023-09-08,2023-09-18,-0.0111346368744954,2023,2023-08-31,learned_order_extension,20260911,0.5704903883683057,0.5704903883683057,1,0
monthly_state_retained,3071,2023-09-15,2023-09-25,0.0105787349314532,2023,2023-08-31,learned_order_extension,20260911,0.7245642790810853,0.7245642790810853,1,1
monthly_state_retained,3076,2023-09-22,2023-10-16,-0.0198017153282719,2023,2023-08-31,learned_order_extension,20260911,0.5739727811559294,0.5739727811559294,1,0
monthly_state_retained,3061,2023-09-01,2023-09-11,-0.0189903461587886,2023,2023-08-31,learned_order_extension,20260912,0.2333986657354188,0.2333986657354188,0,0
monthly_state_retained,3066,2023-09-08,2023-09-18,-0.0111346368744954,2023,2023-08-31,learned_order_extension,20260912,0.4849329777395086,0.4849329777395086,0,0
monthly_state_retained,3071,2023-09-15,2023-09-25,0.0105787349314532,2023,2023-08-31,learned_order_extension,20260912,0.41318970667133637,0.41318970667133637,0,1
monthly_state_retained,3076,2023-09-22,2023-10-16,-0.0198017153282719,2023,2023-08-31,learned_order_extension,20260912,0.4108197709059615,0.4108197709059615,0,0
monthly_state_retained,3061,2023-09-01,2023-09-11,-0.0189903461587886,2023,2023-08-31,learned_order_offset,20260910,0.566362837903968,0.566362837903968,1,0
monthly_state_retained,3066,2023-09-08,2023-09-18,-0.0111346368744954,2023,2023-08-31,learned_order_offset,20260910,0.5991422738205142,0.5991422738205142,1,0
monthly_state_retained,3071,2023-09-15,2023-09-25,0.0105787349314532,2023,2023-08-31,learned_order_offset,20260910,0.6890568513220626,0.6890568513220626,1,1
monthly_state_retained,3076,2023-09-22,2023-10-16,-0.0198017153282719,2023,2023-08-31,learned_order_offset,20260910,0.33653104179539023,0.33653104179539023,0,0
monthly_state_retained,3061,2023-09-01,2023-09-11,-0.0189903461587886,2023,2023-08-31,learned_order_offset,20260911,0.42160328494796695,0.42160328494796695,0,0
monthly_state_retained,3066,2023-09-08,2023-09-18,-0.0111346368744954,2023,2023-08-31,learned_order_offset,20260911,0.5704835756699517,0.5704835756699517,1,0
monthly_state_retained,3071,2023-09-15,2023-09-25,0.0105787349314532,2023,2023-08-31,learned_order_offset,20260911,0.7245399993588199,0.7245399993588199,1,1
monthly_state_retained,3076,2023-09-22,2023-10-16,-0.0198017153282719,2023,2023-08-31,learned_order_offset,20260911,0.5739768927489775,0.5739768927489775,1,0
monthly_state_retained,3061,2023-09-01,2023-09-11,-0.0189903461587886,2023,2023-08-31,learned_order_offset,20260912,0.23706180643728625,0.23706180643728625,0,0
monthly_state_retained,3066,2023-09-08,2023-09-18,-0.0111346368744954,2023,2023-08-31,learned_order_offset,20260912,0.48285979946132007,0.48285979946132007,0,0
monthly_state_retained,3071,2023-09-15,2023-09-25,0.0105787349314532,2023,2023-08-31,learned_order_offset,20260912,0.4157390136403382,0.4157390136403382,0,1
monthly_state_retained,3076,2023-09-22,2023-10-16,-0.0198017153282719,2023,2023-08-31,learned_order_offset,20260912,0.41199571148298614,0.41199571148298614,0,0
monthly_state_retained,3085,2023-10-13,2023-10-23,-0.0447156690429144,2023,2023-09-30,learned_market,20260910,0.31338286587786224,0.31338286587786224,0,0
monthly_state_retained,3090,2023-10-20,2023-10-30,0.0154019770298841,2023,2023-09-30,learned_market,20260910,0.4528174061364645,0.4528174061364645,0,1
monthly_state_retained,3095,2023-10-27,2023-11-06,0.0152527637017425,2023,2023-09-30,learned_market,20260910,0.6138674785777836,0.6138674785777836,1,1
monthly_state_retained,3085,2023-10-13,2023-10-23,-0.0447156690429144,2023,2023-09-30,learned_market,20260911,0.3330200778237333,0.3330200778237333,0,0
monthly_state_retained,3090,2023-10-20,2023-10-30,0.0154019770298841,2023,2023-09-30,learned_market,20260911,0.3338313400899558,0.3338313400899558,0,1
monthly_state_retained,3095,2023-10-27,2023-11-06,0.0152527637017425,2023,2023-09-30,learned_market,20260911,0.42675871385558883,0.42675871385558883,0,1
monthly_state_retained,3085,2023-10-13,2023-10-23,-0.0447156690429144,2023,2023-09-30,learned_market,20260912,0.37643019830786606,0.37643019830786606,0,0
monthly_state_retained,3090,2023-10-20,2023-10-30,0.0154019770298841,2023,2023-09-30,learned_market,20260912,0.3986932524357183,0.3986932524357183,0,1
monthly_state_retained,3095,2023-10-27,2023-11-06,0.0152527637017425,2023,2023-09-30,learned_market,20260912,0.8058419776292387,0.8058419776292387,1,1
monthly_state_retained,3085,2023-10-13,2023-10-23,-0.0447156690429144,2023,2023-09-30,learned_vol_interaction,20260910,0.29579120748132687,0.29579120748132687,0,0
monthly_state_retained,3090,2023-10-20,2023-10-30,0.0154019770298841,2023,2023-09-30,learned_vol_interaction,20260910,0.44836447343128255,0.44836447343128255,0,1
monthly_state_retained,3095,2023-10-27,2023-11-06,0.0152527637017425,2023,2023-09-30,learned_vol_interaction,20260910,0.6262980004995115,0.6262980004995115,1,1
monthly_state_retained,3085,2023-10-13,2023-10-23,-0.0447156690429144,2023,2023-09-30,learned_vol_interaction,20260911,0.3878282636839715,0.3878282636839715,0,0
monthly_state_retained,3090,2023-10-20,2023-10-30,0.0154019770298841,2023,2023-09-30,learned_vol_interaction,20260911,0.3689353615927076,0.3689353615927076,0,1
monthly_state_retained,3095,2023-10-27,2023-11-06,0.0152527637017425,2023,2023-09-30,learned_vol_interaction,20260911,0.42197520645747516,0.42197520645747516,0,1
monthly_state_retained,3085,2023-10-13,2023-10-23,-0.0447156690429144,2023,2023-09-30,learned_vol_interaction,20260912,0.3685217263218604,0.3685217263218604,0,0
monthly_state_retained,3090,2023-10-20,2023-10-30,0.0154019770298841,2023,2023-09-30,learned_vol_interaction,20260912,0.40136581543495836,0.40136581543495836,0,1
monthly_state_retained,3095,2023-10-27,2023-11-06,0.0152527637017425,2023,2023-09-30,learned_vol_interaction,20260912,0.8213433951549646,0.8213433951549646,1,1
monthly_state_retained,3085,2023-10-13,2023-10-23,-0.0447156690429144,2023,2023-09-30,learned_order_extension,20260910,0.28266571205336577,0.28266571205336577,0,0
monthly_state_retained,3090,2023-10-20,2023-10-30,0.0154019770298841,2023,2023-09-30,learned_order_extension,20260910,0.4505560341979058,0.4505560341979058,0,1
monthly_state_retained,3095,2023-10-27,2023-11-06,0.0152527637017425,2023,2023-09-30,learned_order_extension,20260910,0.602080620410181,0.602080620410181,1,1
monthly_state_retained,3085,2023-10-13,2023-10-23,-0.0447156690429144,2023,2023-09-30,learned_order_extension,20260911,0.38431579589358295,0.38431579589358295,0,0
monthly_state_retained,3090,2023-10-20,2023-10-30,0.0154019770298841,2023,2023-09-30,learned_order_extension,20260911,0.36525738080952114,0.36525738080952114,0,1
monthly_state_retained,3095,2023-10-27,2023-11-06,0.0152527637017425,2023,2023-09-30,learned_order_extension,20260911,0.41982613160596854,0.41982613160596854,0,1
monthly_state_retained,3085,2023-10-13,2023-10-23,-0.0447156690429144,2023,2023-09-30,learned_order_extension,20260912,0.3753227692069219,0.3753227692069219,0,0
monthly_state_retained,3090,2023-10-20,2023-10-30,0.0154019770298841,2023,2023-09-30,learned_order_extension,20260912,0.4176515220510733,0.4176515220510733,0,1
monthly_state_retained,3095,2023-10-27,2023-11-06,0.0152527637017425,2023,2023-09-30,learned_order_extension,20260912,0.7824723484530314,0.7824723484530314,1,1
monthly_state_retained,3085,2023-10-13,2023-10-23,-0.0447156690429144,2023,2023-09-30,learned_order_offset,20260910,0.28255231347022824,0.28255231347022824,0,0
monthly_state_retained,3090,2023-10-20,2023-10-30,0.0154019770298841,2023,2023-09-30,learned_order_offset,20260910,0.4504725741487395,0.4504725741487395,0,1
monthly_state_retained,3095,2023-10-27,2023-11-06,0.0152527637017425,2023,2023-09-30,learned_order_offset,20260910,0.6015371110585281,0.6015371110585281,1,1
monthly_state_retained,3085,2023-10-13,2023-10-23,-0.0447156690429144,2023,2023-09-30,learned_order_offset,20260911,0.3842851245120236,0.3842851245120236,0,0
monthly_state_retained,3090,2023-10-20,2023-10-30,0.0154019770298841,2023,2023-09-30,learned_order_offset,20260911,0.3651759670216453,0.3651759670216453,0,1
monthly_state_retained,3095,2023-10-27,2023-11-06,0.0152527637017425,2023,2023-09-30,learned_order_offset,20260911,0.419742459791474,0.419742459791474,0,1
monthly_state_retained,3085,2023-10-13,2023-10-23,-0.0447156690429144,2023,2023-09-30,learned_order_offset,20260912,0.37867897184720883,0.37867897184720883,0,0
monthly_state_retained,3090,2023-10-20,2023-10-30,0.0154019770298841,2023,2023-09-30,learned_order_offset,20260912,0.42205197000412353,0.42205197000412353,0,1
monthly_state_retained,3095,2023-10-27,2023-11-06,0.0152527637017425,2023,2023-09-30,learned_order_offset,20260912,0.7782390494753945,0.7782390494753945,1,1
monthly_state_retained,3100,2023-11-03,2023-11-13,-0.0039935482440582,2023,2023-10-31,learned_market,20260910,0.5941434623686958,0.5941434623686958,1,0
monthly_state_retained,3105,2023-11-10,2023-11-20,-0.0067280482816765,2023,2023-10-31,learned_market,20260910,0.33990011198816056,0.33990011198816056,0,0
monthly_state_retained,3110,2023-11-17,2023-11-27,-0.0098859017348651,2023,2023-10-31,learned_market,20260910,0.48740472607276264,0.48740472607276264,0,0
monthly_state_retained,3115,2023-11-24,2023-12-04,-0.0151084754586299,2023,2023-10-31,learned_market,20260910,0.5726987456092547,0.5726987456092547,1,0
monthly_state_retained,3100,2023-11-03,2023-11-13,-0.0039935482440582,2023,2023-10-31,learned_market,20260911,0.6201329228327723,0.6201329228327723,1,0
monthly_state_retained,3105,2023-11-10,2023-11-20,-0.0067280482816765,2023,2023-10-31,learned_market,20260911,0.4506853586692234,0.4506853586692234,0,0
monthly_state_retained,3110,2023-11-17,2023-11-27,-0.0098859017348651,2023,2023-10-31,learned_market,20260911,0.40813366745367935,0.40813366745367935,0,0
monthly_state_retained,3115,2023-11-24,2023-12-04,-0.0151084754586299,2023,2023-10-31,learned_market,20260911,0.46296905532425825,0.46296905532425825,0,0
monthly_state_retained,3100,2023-11-03,2023-11-13,-0.0039935482440582,2023,2023-10-31,learned_market,20260912,0.3125354863439417,0.3125354863439417,0,0
monthly_state_retained,3105,2023-11-10,2023-11-20,-0.0067280482816765,2023,2023-10-31,learned_market,20260912,0.2857638672459266,0.2857638672459266,0,0
monthly_state_retained,3110,2023-11-17,2023-11-27,-0.0098859017348651,2023,2023-10-31,learned_market,20260912,0.21117519139865115,0.21117519139865115,0,0
monthly_state_retained,3115,2023-11-24,2023-12-04,-0.0151084754586299,2023,2023-10-31,learned_market,20260912,0.527069754765131,0.527069754765131,1,0
monthly_state_retained,3100,2023-11-03,2023-11-13,-0.0039935482440582,2023,2023-10-31,learned_vol_interaction,20260910,0.6109542768925899,0.6109542768925899,1,0
monthly_state_retained,3105,2023-11-10,2023-11-20,-0.0067280482816765,2023,2023-10-31,learned_vol_interaction,20260910,0.3337629293276886,0.3337629293276886,0,0
monthly_state_retained,3110,2023-11-17,2023-11-27,-0.0098859017348651,2023,2023-10-31,learned_vol_interaction,20260910,0.49976556777526243,0.49976556777526243,0,0
monthly_state_retained,3115,2023-11-24,2023-12-04,-0.0151084754586299,2023,2023-10-31,learned_vol_interaction,20260910,0.5982543332464172,0.5982543332464172,1,0
monthly_state_retained,3100,2023-11-03,2023-11-13,-0.0039935482440582,2023,2023-10-31,learned_vol_interaction,20260911,0.5999534514945258,0.5999534514945258,1,0
monthly_state_retained,3105,2023-11-10,2023-11-20,-0.0067280482816765,2023,2023-10-31,learned_vol_interaction,20260911,0.4609712137215754,0.4609712137215754,0,0
monthly_state_retained,3110,2023-11-17,2023-11-27,-0.0098859017348651,2023,2023-10-31,learned_vol_interaction,20260911,0.44281826567801824,0.44281826567801824,0,0
monthly_state_retained,3115,2023-11-24,2023-12-04,-0.0151084754586299,2023,2023-10-31,learned_vol_interaction,20260911,0.46382406071701,0.46382406071701,0,0
monthly_state_retained,3100,2023-11-03,2023-11-13,-0.0039935482440582,2023,2023-10-31,learned_vol_interaction,20260912,0.30946259512828145,0.30946259512828145,0,0
monthly_state_retained,3105,2023-11-10,2023-11-20,-0.0067280482816765,2023,2023-10-31,learned_vol_interaction,20260912,0.2797481690708807,0.2797481690708807,0,0
monthly_state_retained,3110,2023-11-17,2023-11-27,-0.0098859017348651,2023,2023-10-31,learned_vol_interaction,20260912,0.1839856612273533,0.1839856612273533,0,0
monthly_state_retained,3115,2023-11-24,2023-12-04,-0.0151084754586299,2023,2023-10-31,learned_vol_interaction,20260912,0.5470888703961775,0.5470888703961775,1,0
monthly_state_retained,3100,2023-11-03,2023-11-13,-0.0039935482440582,2023,2023-10-31,learned_order_extension,20260910,0.5968378986195387,0.5968378986195387,1,0
monthly_state_retained,3105,2023-11-10,2023-11-20,-0.0067280482816765,2023,2023-10-31,learned_order_extension,20260910,0.3513144113970112,0.3513144113970112,0,0
monthly_state_retained,3110,2023-11-17,2023-11-27,-0.0098859017348651,2023,2023-10-31,learned_order_extension,20260910,0.5101674550218376,0.5101674550218376,1,0
monthly_state_retained,3115,2023-11-24,2023-12-04,-0.0151084754586299,2023,2023-10-31,learned_order_extension,20260910,0.5753034454784799,0.5753034454784799,1,0
monthly_state_retained,3100,2023-11-03,2023-11-13,-0.0039935482440582,2023,2023-10-31,learned_order_extension,20260911,0.5981092559888284,0.5981092559888284,1,0
monthly_state_retained,3105,2023-11-10,2023-11-20,-0.0067280482816765,2023,2023-10-31,learned_order_extension,20260911,0.45957623557036537,0.45957623557036537,0,0
monthly_state_retained,3110,2023-11-17,2023-11-27,-0.0098859017348651,2023,2023-10-31,learned_order_extension,20260911,0.44104727973900987,0.44104727973900987,0,0
monthly_state_retained,3115,2023-11-24,2023-12-04,-0.0151084754586299,2023,2023-10-31,learned_order_extension,20260911,0.4623671285537462,0.4623671285537462,0,0
monthly_state_retained,3100,2023-11-03,2023-11-13,-0.0039935482440582,2023,2023-10-31,learned_order_extension,20260912,0.3514530121680027,0.3514530121680027,0,0
monthly_state_retained,3105,2023-11-10,2023-11-20,-0.0067280482816765,2023,2023-10-31,learned_order_extension,20260912,0.29918008085163916,0.29918008085163916,0,0
monthly_state_retained,3110,2023-11-17,2023-11-27,-0.0098859017348651,2023,2023-10-31,learned_order_extension,20260912,0.2317377167540029,0.2317377167540029,0,0
monthly_state_retained,3115,2023-11-24,2023-12-04,-0.0151084754586299,2023,2023-10-31,learned_order_extension,20260912,0.5229210291402577,0.5229210291402577,1,0
monthly_state_retained,3100,2023-11-03,2023-11-13,-0.0039935482440582,2023,2023-10-31,learned_order_offset,20260910,0.596735774305691,0.596735774305691,1,0
monthly_state_retained,3105,2023-11-10,2023-11-20,-0.0067280482816765,2023,2023-10-31,learned_order_offset,20260910,0.35229580590219767,0.35229580590219767,0,0
monthly_state_retained,3110,2023-11-17,2023-11-27,-0.0098859017348651,2023,2023-10-31,learned_order_offset,20260910,0.5109912815760549,0.5109912815760549,1,0
monthly_state_retained,3115,2023-11-24,2023-12-04,-0.0151084754586299,2023,2023-10-31,learned_order_offset,20260910,0.5751623855973325,0.5751623855973325,1,0
monthly_state_retained,3100,2023-11-03,2023-11-13,-0.0039935482440582,2023,2023-10-31,learned_order_offset,20260911,0.5980829980268656,0.5980829980268656,1,0
monthly_state_retained,3105,2023-11-10,2023-11-20,-0.0067280482816765,2023,2023-10-31,learned_order_offset,20260911,0.45952350861203733,0.45952350861203733,0,0
monthly_state_retained,3110,2023-11-17,2023-11-27,-0.0098859017348651,2023,2023-10-31,learned_order_offset,20260911,0.44097806064428513,0.44097806064428513,0,0
monthly_state_retained,3115,2023-11-24,2023-12-04,-0.0151084754586299,2023,2023-10-31,learned_order_offset,20260911,0.4623454394457319,0.4623454394457319,0,0
monthly_state_retained,3100,2023-11-03,2023-11-13,-0.0039935482440582,2023,2023-10-31,learned_order_offset,20260912,0.35605406755741026,0.35605406755741026,0,0
monthly_state_retained,3105,2023-11-10,2023-11-20,-0.0067280482816765,2023,2023-10-31,learned_order_offset,20260912,0.3018489681095255,0.3018489681095255,0,0
monthly_state_retained,3110,2023-11-17,2023-11-27,-0.0098859017348651,2023,2023-10-31,learned_order_offset,20260912,0.23919838705203408,0.23919838705203408,0,0
monthly_state_retained,3115,2023-11-24,2023-12-04,-0.0151084754586299,2023,2023-10-31,learned_order_offset,20260912,0.5205648657678735,0.5205648657678735,1,0
monthly_state_retained,3120,2023-12-01,2023-12-11,-0.0295859857973478,2023,2023-11-30,learned_market,20260910,0.6043762054325994,0.6043762054325994,1,0
monthly_state_retained,3125,2023-12-08,2023-12-18,-0.0144639658974852,2023,2023-11-30,learned_market,20260910,0.6768579713542511,0.6768579713542511,1,0
monthly_state_retained,3130,2023-12-15,2023-12-25,0.0003424256350643,2023,2023-11-30,learned_market,20260910,0.4841946846054443,0.4841946846054443,0,1
monthly_state_retained,3135,2023-12-22,2024-01-02,0.0288079559683274,2023,2023-11-30,learned_market,20260910,0.31019796435441727,0.31019796435441727,0,1
monthly_state_retained,3140,2023-12-29,2024-01-08,-0.0302544749829989,2023,2023-11-30,learned_market,20260910,0.5622677012627398,0.5622677012627398,1,0
monthly_state_retained,3120,2023-12-01,2023-12-11,-0.0295859857973478,2023,2023-11-30,learned_market,20260911,0.5455574730086479,0.5455574730086479,1,0
monthly_state_retained,3125,2023-12-08,2023-12-18,-0.0144639658974852,2023,2023-11-30,learned_market,20260911,0.4281033886146116,0.4281033886146116,0,0
monthly_state_retained,3130,2023-12-15,2023-12-25,0.0003424256350643,2023,2023-11-30,learned_market,20260911,0.4318661161692416,0.4318661161692416,0,1
monthly_state_retained,3135,2023-12-22,2024-01-02,0.0288079559683274,2023,2023-11-30,learned_market,20260911,0.45200645295076003,0.45200645295076003,0,1
monthly_state_retained,3140,2023-12-29,2024-01-08,-0.0302544749829989,2023,2023-11-30,learned_market,20260911,0.5195555464366779,0.5195555464366779,1,0
monthly_state_retained,3120,2023-12-01,2023-12-11,-0.0295859857973478,2023,2023-11-30,learned_market,20260912,0.301531214837989,0.301531214837989,0,0
monthly_state_retained,3125,2023-12-08,2023-12-18,-0.0144639658974852,2023,2023-11-30,learned_market,20260912,0.3747111467449358,0.3747111467449358,0,0
monthly_state_retained,3130,2023-12-15,2023-12-25,0.0003424256350643,2023,2023-11-30,learned_market,20260912,0.42305625052509577,0.42305625052509577,0,1
monthly_state_retained,3135,2023-12-22,2024-01-02,0.0288079559683274,2023,2023-11-30,learned_market,20260912,0.31384598021026483,0.31384598021026483,0,1
monthly_state_retained,3140,2023-12-29,2024-01-08,-0.0302544749829989,2023,2023-11-30,learned_market,20260912,0.2579508516172819,0.2579508516172819,0,0
monthly_state_retained,3120,2023-12-01,2023-12-11,-0.0295859857973478,2023,2023-11-30,learned_vol_interaction,20260910,0.6319276792509089,0.6319276792509089,1,0
monthly_state_retained,3125,2023-12-08,2023-12-18,-0.0144639658974852,2023,2023-11-30,learned_vol_interaction,20260910,0.703588932571677,0.703588932571677,1,0
monthly_state_retained,3130,2023-12-15,2023-12-25,0.0003424256350643,2023,2023-11-30,learned_vol_interaction,20260910,0.48439777922740207,0.48439777922740207,0,1
monthly_state_retained,3135,2023-12-22,2024-01-02,0.0288079559683274,2023,2023-11-30,learned_vol_interaction,20260910,0.2901071214976435,0.2901071214976435,0,1
monthly_state_retained,3140,2023-12-29,2024-01-08,-0.0302544749829989,2023,2023-11-30,learned_vol_interaction,20260910,0.5756943090834912,0.5756943090834912,1,0
monthly_state_retained,3120,2023-12-01,2023-12-11,-0.0295859857973478,2023,2023-11-30,learned_vol_interaction,20260911,0.528239492143248,0.528239492143248,1,0
monthly_state_retained,3125,2023-12-08,2023-12-18,-0.0144639658974852,2023,2023-11-30,learned_vol_interaction,20260911,0.47798652806084035,0.47798652806084035,0,0
monthly_state_retained,3130,2023-12-15,2023-12-25,0.0003424256350643,2023,2023-11-30,learned_vol_interaction,20260911,0.48386589441775374,0.48386589441775374,0,1
monthly_state_retained,3135,2023-12-22,2024-01-02,0.0288079559683274,2023,2023-11-30,learned_vol_interaction,20260911,0.48747909294050373,0.48747909294050373,0,1
monthly_state_retained,3140,2023-12-29,2024-01-08,-0.0302544749829989,2023,2023-11-30,learned_vol_interaction,20260911,0.5232114701706657,0.5232114701706657,1,0
monthly_state_retained,3120,2023-12-01,2023-12-11,-0.0295859857973478,2023,2023-11-30,learned_vol_interaction,20260912,0.2841281371225216,0.2841281371225216,0,0
monthly_state_retained,3125,2023-12-08,2023-12-18,-0.0144639658974852,2023,2023-11-30,learned_vol_interaction,20260912,0.36460465213338006,0.36460465213338006,0,0
monthly_state_retained,3130,2023-12-15,2023-12-25,0.0003424256350643,2023,2023-11-30,learned_vol_interaction,20260912,0.41405682837493507,0.41405682837493507,0,1
monthly_state_retained,3135,2023-12-22,2024-01-02,0.0288079559683274,2023,2023-11-30,learned_vol_interaction,20260912,0.28947757088627896,0.28947757088627896,0,1
monthly_state_retained,3140,2023-12-29,2024-01-08,-0.0302544749829989,2023,2023-11-30,learned_vol_interaction,20260912,0.24682591302450096,0.24682591302450096,0,0
monthly_state_retained,3120,2023-12-01,2023-12-11,-0.0295859857973478,2023,2023-11-30,learned_order_extension,20260910,0.614679407280923,0.614679407280923,1,0
monthly_state_retained,3125,2023-12-08,2023-12-18,-0.0144639658974852,2023,2023-11-30,learned_order_extension,20260910,0.7066144869148675,0.7066144869148675,1,0
monthly_state_retained,3130,2023-12-15,2023-12-25,0.0003424256350643,2023,2023-11-30,learned_order_extension,20260910,0.48310600966741857,0.48310600966741857,0,1
monthly_state_retained,3135,2023-12-22,2024-01-02,0.0288079559683274,2023,2023-11-30,learned_order_extension,20260910,0.3063099402486943,0.3063099402486943,0,1
monthly_state_retained,3140,2023-12-29,2024-01-08,-0.0302544749829989,2023,2023-11-30,learned_order_extension,20260910,0.5759512961993328,0.5759512961993328,1,0
monthly_state_retained,3120,2023-12-01,2023-12-11,-0.0295859857973478,2023,2023-11-30,learned_order_extension,20260911,0.5265947295451954,0.5265947295451954,1,0
monthly_state_retained,3125,2023-12-08,2023-12-18,-0.0144639658974852,2023,2023-11-30,learned_order_extension,20260911,0.47538698245409866,0.47538698245409866,0,0
monthly_state_retained,3130,2023-12-15,2023-12-25,0.0003424256350643,2023,2023-11-30,learned_order_extension,20260911,0.4826274226119527,0.4826274226119527,0,1
monthly_state_retained,3135,2023-12-22,2024-01-02,0.0288079559683274,2023,2023-11-30,learned_order_extension,20260911,0.4867824256174284,0.4867824256174284,0,1
monthly_state_retained,3140,2023-12-29,2024-01-08,-0.0302544749829989,2023,2023-11-30,learned_order_extension,20260911,0.5209915043046731,0.5209915043046731,1,0
monthly_state_retained,3120,2023-12-01,2023-12-11,-0.0295859857973478,2023,2023-11-30,learned_order_extension,20260912,0.3216682374026583,0.3216682374026583,0,0
monthly_state_retained,3125,2023-12-08,2023-12-18,-0.0144639658974852,2023,2023-11-30,learned_order_extension,20260912,0.37525907750235854,0.37525907750235854,0,0
monthly_state_retained,3130,2023-12-15,2023-12-25,0.0003424256350643,2023,2023-11-30,learned_order_extension,20260912,0.4378825985675941,0.4378825985675941,0,1
monthly_state_retained,3135,2023-12-22,2024-01-02,0.0288079559683274,2023,2023-11-30,learned_order_extension,20260912,0.312970678014259,0.312970678014259,0,1
monthly_state_retained,3140,2023-12-29,2024-01-08,-0.0302544749829989,2023,2023-11-30,learned_order_extension,20260912,0.30071706068844734,0.30071706068844734,0,0
monthly_state_retained,3120,2023-12-01,2023-12-11,-0.0295859857973478,2023,2023-11-30,learned_order_offset,20260910,0.6147867632579535,0.6147867632579535,1,0
monthly_state_retained,3125,2023-12-08,2023-12-18,-0.0144639658974852,2023,2023-11-30,learned_order_offset,20260910,0.7067618476674246,0.7067618476674246,1,0
monthly_state_retained,3130,2023-12-15,2023-12-25,0.0003424256350643,2023,2023-11-30,learned_order_offset,20260910,0.4829677684852089,0.4829677684852089,0,1
monthly_state_retained,3135,2023-12-22,2024-01-02,0.0288079559683274,2023,2023-11-30,learned_order_offset,20260910,0.30667748076847123,0.30667748076847123,0,1
monthly_state_retained,3140,2023-12-29,2024-01-08,-0.0302544749829989,2023,2023-11-30,learned_order_offset,20260910,0.575816367815724,0.575816367815724,1,0
monthly_state_retained,3120,2023-12-01,2023-12-11,-0.0295859857973478,2023,2023-11-30,learned_order_offset,20260911,0.5265823015646122,0.5265823015646122,1,0
monthly_state_retained,3125,2023-12-08,2023-12-18,-0.0144639658974852,2023,2023-11-30,learned_order_offset,20260911,0.4753160429301421,0.4753160429301421,0,0
monthly_state_retained,3130,2023-12-15,2023-12-25,0.0003424256350643,2023,2023-11-30,learned_order_offset,20260911,0.48257030017200153,0.48257030017200153,0,1
monthly_state_retained,3135,2023-12-22,2024-01-02,0.0288079559683274,2023,2023-11-30,learned_order_offset,20260911,0.48675309989435805,0.48675309989435805,0,1
monthly_state_retained,3140,2023-12-29,2024-01-08,-0.0302544749829989,2023,2023-11-30,learned_order_offset,20260911,0.5209588239194919,0.5209588239194919,1,0
monthly_state_retained,3120,2023-12-01,2023-12-11,-0.0295859857973478,2023,2023-11-30,learned_order_offset,20260912,0.3277008795219615,0.3277008795219615,0,0
monthly_state_retained,3125,2023-12-08,2023-12-18,-0.0144639658974852,2023,2023-11-30,learned_order_offset,20260912,0.38033708626217483,0.38033708626217483,0,0
monthly_state_retained,3130,2023-12-15,2023-12-25,0.0003424256350643,2023,2023-11-30,learned_order_offset,20260912,0.4413920812037247,0.4413920812037247,0,1
monthly_state_retained,3135,2023-12-22,2024-01-02,0.0288079559683274,2023,2023-11-30,learned_order_offset,20260912,0.3183806925549233,0.3183806925549233,0,1
monthly_state_retained,3140,2023-12-29,2024-01-08,-0.0302544749829989,2023,2023-11-30,learned_order_offset,20260912,0.305245558654798,0.305245558654798,0,0
monthly_state_retained,3144,2024-01-05,2024-01-15,-0.0158038409563566,2024,2023-12-31,learned_market,20260910,0.37911601118731636,0.37911601118731636,0,0
monthly_state_retained,3149,2024-01-12,2024-01-22,-0.002333261979756,2024,2023-12-31,learned_market,20260910,0.4589111880907024,0.4589111880907024,0,0
monthly_state_retained,3154,2024-01-19,2024-01-29,0.0223511633823452,2024,2023-12-31,learned_market,20260910,0.41956122213307734,0.41956122213307734,0,1
monthly_state_retained,3159,2024-01-26,2024-02-05,-0.0513103415192826,2024,2023-12-31,learned_market,20260910,0.4467918935376125,0.4467918935376125,0,0
monthly_state_retained,3144,2024-01-05,2024-01-15,-0.0158038409563566,2024,2023-12-31,learned_market,20260911,0.5054381986976906,0.5054381986976906,1,0
monthly_state_retained,3149,2024-01-12,2024-01-22,-0.002333261979756,2024,2023-12-31,learned_market,20260911,0.5344404908323787,0.5344404908323787,1,0
monthly_state_retained,3154,2024-01-19,2024-01-29,0.0223511633823452,2024,2023-12-31,learned_market,20260911,0.6056082203678326,0.6056082203678326,1,1
monthly_state_retained,3159,2024-01-26,2024-02-05,-0.0513103415192826,2024,2023-12-31,learned_market,20260911,0.536236284491504,0.536236284491504,1,0
monthly_state_retained,3144,2024-01-05,2024-01-15,-0.0158038409563566,2024,2023-12-31,learned_market,20260912,0.5011992069392154,0.5011992069392154,1,0
monthly_state_retained,3149,2024-01-12,2024-01-22,-0.002333261979756,2024,2023-12-31,learned_market,20260912,0.47277699760132935,0.47277699760132935,0,0
monthly_state_retained,3154,2024-01-19,2024-01-29,0.0223511633823452,2024,2023-12-31,learned_market,20260912,0.4519385169732587,0.4519385169732587,0,1
monthly_state_retained,3159,2024-01-26,2024-02-05,-0.0513103415192826,2024,2023-12-31,learned_market,20260912,0.5136187590656476,0.5136187590656476,1,0
monthly_state_retained,3144,2024-01-05,2024-01-15,-0.0158038409563566,2024,2023-12-31,learned_vol_interaction,20260910,0.375948748112503,0.375948748112503,0,0
monthly_state_retained,3149,2024-01-12,2024-01-22,-0.002333261979756,2024,2023-12-31,learned_vol_interaction,20260910,0.4653387886294592,0.4653387886294592,0,0
monthly_state_retained,3154,2024-01-19,2024-01-29,0.0223511633823452,2024,2023-12-31,learned_vol_interaction,20260910,0.409541362332266,0.409541362332266,0,1
monthly_state_retained,3159,2024-01-26,2024-02-05,-0.0513103415192826,2024,2023-12-31,learned_vol_interaction,20260910,0.4427031623961251,0.4427031623961251,0,0
monthly_state_retained,3144,2024-01-05,2024-01-15,-0.0158038409563566,2024,2023-12-31,learned_vol_interaction,20260911,0.5055907048902185,0.5055907048902185,1,0
monthly_state_retained,3149,2024-01-12,2024-01-22,-0.002333261979756,2024,2023-12-31,learned_vol_interaction,20260911,0.5345697430715253,0.5345697430715253,1,0
monthly_state_retained,3154,2024-01-19,2024-01-29,0.0223511633823452,2024,2023-12-31,learned_vol_interaction,20260911,0.6057144516952688,0.6057144516952688,1,1
monthly_state_retained,3159,2024-01-26,2024-02-05,-0.0513103415192826,2024,2023-12-31,learned_vol_interaction,20260911,0.5360497014286747,0.5360497014286747,1,0
monthly_state_retained,3144,2024-01-05,2024-01-15,-0.0158038409563566,2024,2023-12-31,learned_vol_interaction,20260912,0.4952442890139834,0.4952442890139834,0,0
monthly_state_retained,3149,2024-01-12,2024-01-22,-0.002333261979756,2024,2023-12-31,learned_vol_interaction,20260912,0.46734394081550534,0.46734394081550534,0,0
monthly_state_retained,3154,2024-01-19,2024-01-29,0.0223511633823452,2024,2023-12-31,learned_vol_interaction,20260912,0.4458542659590224,0.4458542659590224,0,1
monthly_state_retained,3159,2024-01-26,2024-02-05,-0.0513103415192826,2024,2023-12-31,learned_vol_interaction,20260912,0.5051200250772759,0.5051200250772759,1,0
monthly_state_retained,3144,2024-01-05,2024-01-15,-0.0158038409563566,2024,2023-12-31,learned_order_extension,20260910,0.4019000383386628,0.4019000383386628,0,0
monthly_state_retained,3149,2024-01-12,2024-01-22,-0.002333261979756,2024,2023-12-31,learned_order_extension,20260910,0.4536929976964038,0.4536929976964038,0,0
monthly_state_retained,3154,2024-01-19,2024-01-29,0.0223511633823452,2024,2023-12-31,learned_order_extension,20260910,0.4065097447533653,0.4065097447533653,0,1
monthly_state_retained,3159,2024-01-26,2024-02-05,-0.0513103415192826,2024,2023-12-31,learned_order_extension,20260910,0.4181108069924978,0.4181108069924978,0,0
monthly_state_retained,3144,2024-01-05,2024-01-15,-0.0158038409563566,2024,2023-12-31,learned_order_extension,20260911,0.5046246382575834,0.5046246382575834,1,0
monthly_state_retained,3149,2024-01-12,2024-01-22,-0.002333261979756,2024,2023-12-31,learned_order_extension,20260911,0.5273727883107168,0.5273727883107168,1,0
monthly_state_retained,3154,2024-01-19,2024-01-29,0.0223511633823452,2024,2023-12-31,learned_order_extension,20260911,0.6361976645125996,0.6361976645125996,1,1
monthly_state_retained,3159,2024-01-26,2024-02-05,-0.0513103415192826,2024,2023-12-31,learned_order_extension,20260911,0.5444608640891567,0.5444608640891567,1,0
monthly_state_retained,3144,2024-01-05,2024-01-15,-0.0158038409563566,2024,2023-12-31,learned_order_extension,20260912,0.5535119994762409,0.5535119994762409,1,0
monthly_state_retained,3149,2024-01-12,2024-01-22,-0.002333261979756,2024,2023-12-31,learned_order_extension,20260912,0.48736548091739423,0.48736548091739423,0,0
monthly_state_retained,3154,2024-01-19,2024-01-29,0.0223511633823452,2024,2023-12-31,learned_order_extension,20260912,0.4215435053964147,0.4215435053964147,0,1
monthly_state_retained,3159,2024-01-26,2024-02-05,-0.0513103415192826,2024,2023-12-31,learned_order_extension,20260912,0.48649269504735876,0.48649269504735876,0,0
monthly_state_retained,3144,2024-01-05,2024-01-15,-0.0158038409563566,2024,2023-12-31,learned_order_offset,20260910,0.40294607271257427,0.40294607271257427,0,0
monthly_state_retained,3149,2024-01-12,2024-01-22,-0.002333261979756,2024,2023-12-31,learned_order_offset,20260910,0.45320010017286466,0.45320010017286466,0,0
monthly_state_retained,3154,2024-01-19,2024-01-29,0.0223511633823452,2024,2023-12-31,learned_order_offset,20260910,0.40698948981731453,0.40698948981731453,0,1
monthly_state_retained,3159,2024-01-26,2024-02-05,-0.0513103415192826,2024,2023-12-31,learned_order_offset,20260910,0.4180998926398431,0.4180998926398431,0,0
monthly_state_retained,3144,2024-01-05,2024-01-15,-0.0158038409563566,2024,2023-12-31,learned_order_offset,20260911,0.5039028855862143,0.5039028855862143,1,0
monthly_state_retained,3149,2024-01-12,2024-01-22,-0.002333261979756,2024,2023-12-31,learned_order_offset,20260911,0.5267036688758374,0.5267036688758374,1,0
monthly_state_retained,3154,2024-01-19,2024-01-29,0.0223511633823452,2024,2023-12-31,learned_order_offset,20260911,0.6349472157761124,0.6349472157761124,1,1
monthly_state_retained,3159,2024-01-26,2024-02-05,-0.0513103415192826,2024,2023-12-31,learned_order_offset,20260911,0.5443793909861219,0.5443793909861219,1,0
monthly_state_retained,3144,2024-01-05,2024-01-15,-0.0158038409563566,2024,2023-12-31,learned_order_offset,20260912,0.555524023910941,0.555524023910941,1,0
monthly_state_retained,3149,2024-01-12,2024-01-22,-0.002333261979756,2024,2023-12-31,learned_order_offset,20260912,0.4886344435127239,0.4886344435127239,0,0
monthly_state_retained,3154,2024-01-19,2024-01-29,0.0223511633823452,2024,2023-12-31,learned_order_offset,20260912,0.4229445653552536,0.4229445653552536,0,1
monthly_state_retained,3159,2024-01-26,2024-02-05,-0.0513103415192826,2024,2023-12-31,learned_order_offset,20260912,0.4868819752675603,0.4868819752675603,0,0
monthly_state_retained,3164,2024-02-02,2024-02-26,0.1015374891364462,2024,2024-01-31,learned_market,20260910,0.6470923056808707,0.6470923056808707,1,1
monthly_state_retained,3173,2024-02-23,2024-03-04,0.0151569053862528,2024,2024-01-31,learned_market,20260910,0.6974540268702009,0.6974540268702009,1,1
monthly_state_retained,3164,2024-02-02,2024-02-26,0.1015374891364462,2024,2024-01-31,learned_market,20260911,0.5342416496354764,0.5342416496354764,1,1
monthly_state_retained,3173,2024-02-23,2024-03-04,0.0151569053862528,2024,2024-01-31,learned_market,20260911,0.636064859077555,0.636064859077555,1,1
monthly_state_retained,3164,2024-02-02,2024-02-26,0.1015374891364462,2024,2024-01-31,learned_market,20260912,0.5626550395617658,0.5626550395617658,1,1
monthly_state_retained,3173,2024-02-23,2024-03-04,0.0151569053862528,2024,2024-01-31,learned_market,20260912,0.4999534810647158,0.4999534810647158,0,1
monthly_state_retained,3164,2024-02-02,2024-02-26,0.1015374891364462,2024,2024-01-31,learned_vol_interaction,20260910,0.6537066574488869,0.6537066574488869,1,1
monthly_state_retained,3173,2024-02-23,2024-03-04,0.0151569053862528,2024,2024-01-31,learned_vol_interaction,20260910,0.689311779469667,0.689311779469667,1,1
monthly_state_retained,3164,2024-02-02,2024-02-26,0.1015374891364462,2024,2024-01-31,learned_vol_interaction,20260911,0.5340699292580867,0.5340699292580867,1,1
monthly_state_retained,3173,2024-02-23,2024-03-04,0.0151569053862528,2024,2024-01-31,learned_vol_interaction,20260911,0.635598842460853,0.635598842460853,1,1
monthly_state_retained,3164,2024-02-02,2024-02-26,0.1015374891364462,2024,2024-01-31,learned_vol_interaction,20260912,0.5544379606615297,0.5544379606615297,1,1
monthly_state_retained,3173,2024-02-23,2024-03-04,0.0151569053862528,2024,2024-01-31,learned_vol_interaction,20260912,0.4830624305901862,0.4830624305901862,0,1
monthly_state_retained,3164,2024-02-02,2024-02-26,0.1015374891364462,2024,2024-01-31,learned_order_extension,20260910,0.6639940867614434,0.6639940867614434,1,1
monthly_state_retained,3173,2024-02-23,2024-03-04,0.0151569053862528,2024,2024-01-31,learned_order_extension,20260910,0.6509742827223437,0.6509742827223437,1,1
monthly_state_retained,3164,2024-02-02,2024-02-26,0.1015374891364462,2024,2024-01-31,learned_order_extension,20260911,0.545031438848448,0.545031438848448,1,1
monthly_state_retained,3173,2024-02-23,2024-03-04,0.0151569053862528,2024,2024-01-31,learned_order_extension,20260911,0.6125199424254827,0.6125199424254827,1,1
monthly_state_retained,3164,2024-02-02,2024-02-26,0.1015374891364462,2024,2024-01-31,learned_order_extension,20260912,0.5496050819275686,0.5496050819275686,1,1
monthly_state_retained,3173,2024-02-23,2024-03-04,0.0151569053862528,2024,2024-01-31,learned_order_extension,20260912,0.4386082807089806,0.4386082807089806,0,1
monthly_state_retained,3164,2024-02-02,2024-02-26,0.1015374891364462,2024,2024-01-31,learned_order_offset,20260910,0.662467427882048,0.662467427882048,1,1
monthly_state_retained,3173,2024-02-23,2024-03-04,0.0151569053862528,2024,2024-01-31,learned_order_offset,20260910,0.6495192030104356,0.6495192030104356,1,1
monthly_state_retained,3164,2024-02-02,2024-02-26,0.1015374891364462,2024,2024-01-31,learned_order_offset,20260911,0.5451794882867483,0.5451794882867483,1,1
monthly_state_retained,3173,2024-02-23,2024-03-04,0.0151569053862528,2024,2024-01-31,learned_order_offset,20260911,0.6109679669122872,0.6109679669122872,1,1
monthly_state_retained,3164,2024-02-02,2024-02-26,0.1015374891364462,2024,2024-01-31,learned_order_offset,20260912,0.5512261346233363,0.5512261346233363,1,1
monthly_state_retained,3173,2024-02-23,2024-03-04,0.0151569053862528,2024,2024-01-31,learned_order_offset,20260912,0.4383060233141652,0.4383060233141652,0,1
monthly_state_retained,3178,2024-03-01,2024-03-11,0.0021394031715169,2024,2024-02-29,learned_market,20260910,0.6539310685581109,0.6539310685581109,1,1
monthly_state_retained,3183,2024-03-08,2024-03-18,0.0087762342284414,2024,2024-02-29,learned_market,20260910,0.651636534380962,0.651636534380962,1,1
monthly_state_retained,3188,2024-03-15,2024-03-25,-0.0112802133595746,2024,2024-02-29,learned_market,20260910,0.6184866579610433,0.6184866579610433,1,0
monthly_state_retained,3193,2024-03-22,2024-04-01,0.0042044725182444,2024,2024-02-29,learned_market,20260910,0.49537529534083324,0.49537529534083324,0,1
monthly_state_retained,3198,2024-03-29,2024-04-15,-0.0219845815102011,2024,2024-02-29,learned_market,20260910,0.4469684467331579,0.4469684467331579,0,0
monthly_state_retained,3178,2024-03-01,2024-03-11,0.0021394031715169,2024,2024-02-29,learned_market,20260911,0.5744958412225454,0.5744958412225454,1,1
monthly_state_retained,3183,2024-03-08,2024-03-18,0.0087762342284414,2024,2024-02-29,learned_market,20260911,0.6235376359173743,0.6235376359173743,1,1
monthly_state_retained,3188,2024-03-15,2024-03-25,-0.0112802133595746,2024,2024-02-29,learned_market,20260911,0.5250838960153138,0.5250838960153138,1,0
monthly_state_retained,3193,2024-03-22,2024-04-01,0.0042044725182444,2024,2024-02-29,learned_market,20260911,0.5710939352608271,0.5710939352608271,1,1
monthly_state_retained,3198,2024-03-29,2024-04-15,-0.0219845815102011,2024,2024-02-29,learned_market,20260911,0.3834197760468657,0.3834197760468657,0,0
monthly_state_retained,3178,2024-03-01,2024-03-11,0.0021394031715169,2024,2024-02-29,learned_market,20260912,0.5749313458355619,0.5749313458355619,1,1
monthly_state_retained,3183,2024-03-08,2024-03-18,0.0087762342284414,2024,2024-02-29,learned_market,20260912,0.5879570158742811,0.5879570158742811,1,1
monthly_state_retained,3188,2024-03-15,2024-03-25,-0.0112802133595746,2024,2024-02-29,learned_market,20260912,0.48185973058558346,0.48185973058558346,0,0
monthly_state_retained,3193,2024-03-22,2024-04-01,0.0042044725182444,2024,2024-02-29,learned_market,20260912,0.5819259306110321,0.5819259306110321,1,1
monthly_state_retained,3198,2024-03-29,2024-04-15,-0.0219845815102011,2024,2024-02-29,learned_market,20260912,0.5513216063045803,0.5513216063045803,1,0
monthly_state_retained,3178,2024-03-01,2024-03-11,0.0021394031715169,2024,2024-02-29,learned_vol_interaction,20260910,0.6480049647794901,0.6480049647794901,1,1
monthly_state_retained,3183,2024-03-08,2024-03-18,0.0087762342284414,2024,2024-02-29,learned_vol_interaction,20260910,0.6491293260006892,0.6491293260006892,1,1
monthly_state_retained,3188,2024-03-15,2024-03-25,-0.0112802133595746,2024,2024-02-29,learned_vol_interaction,20260910,0.6390487602979349,0.6390487602979349,1,0
monthly_state_retained,3193,2024-03-22,2024-04-01,0.0042044725182444,2024,2024-02-29,learned_vol_interaction,20260910,0.502579297882782,0.502579297882782,1,1
monthly_state_retained,3198,2024-03-29,2024-04-15,-0.0219845815102011,2024,2024-02-29,learned_vol_interaction,20260910,0.4621147966680959,0.4621147966680959,0,0
monthly_state_retained,3178,2024-03-01,2024-03-11,0.0021394031715169,2024,2024-02-29,learned_vol_interaction,20260911,0.5740233508322927,0.5740233508322927,1,1
monthly_state_retained,3183,2024-03-08,2024-03-18,0.0087762342284414,2024,2024-02-29,learned_vol_interaction,20260911,0.6228491427098055,0.6228491427098055,1,1
monthly_state_retained,3188,2024-03-15,2024-03-25,-0.0112802133595746,2024,2024-02-29,learned_vol_interaction,20260911,0.5244855050624243,0.5244855050624243,1,0
monthly_state_retained,3193,2024-03-22,2024-04-01,0.0042044725182444,2024,2024-02-29,learned_vol_interaction,20260911,0.5705279783235351,0.5705279783235351,1,1
monthly_state_retained,3198,2024-03-29,2024-04-15,-0.0219845815102011,2024,2024-02-29,learned_vol_interaction,20260911,0.38271605688876176,0.38271605688876176,0,0
monthly_state_retained,3178,2024-03-01,2024-03-11,0.0021394031715169,2024,2024-02-29,learned_vol_interaction,20260912,0.5592748903954966,0.5592748903954966,1,1
monthly_state_retained,3183,2024-03-08,2024-03-18,0.0087762342284414,2024,2024-02-29,learned_vol_interaction,20260912,0.5740363843191351,0.5740363843191351,1,1
monthly_state_retained,3188,2024-03-15,2024-03-25,-0.0112802133595746,2024,2024-02-29,learned_vol_interaction,20260912,0.4809004633653104,0.4809004633653104,0,0
monthly_state_retained,3193,2024-03-22,2024-04-01,0.0042044725182444,2024,2024-02-29,learned_vol_interaction,20260912,0.5933081539859947,0.5933081539859947,1,1
monthly_state_retained,3198,2024-03-29,2024-04-15,-0.0219845815102011,2024,2024-02-29,learned_vol_interaction,20260912,0.5653073701837698,0.5653073701837698,1,0
monthly_state_retained,3178,2024-03-01,2024-03-11,0.0021394031715169,2024,2024-02-29,learned_order_extension,20260910,0.596427953854031,0.596427953854031,1,1
monthly_state_retained,3183,2024-03-08,2024-03-18,0.0087762342284414,2024,2024-02-29,learned_order_extension,20260910,0.5823638998065179,0.5823638998065179,1,1
monthly_state_retained,3188,2024-03-15,2024-03-25,-0.0112802133595746,2024,2024-02-29,learned_order_extension,20260910,0.5649258035498114,0.5649258035498114,1,0
monthly_state_retained,3193,2024-03-22,2024-04-01,0.0042044725182444,2024,2024-02-29,learned_order_extension,20260910,0.4756478826315535,0.4756478826315535,0,1
monthly_state_retained,3198,2024-03-29,2024-04-15,-0.0219845815102011,2024,2024-02-29,learned_order_extension,20260910,0.44826023295447676,0.44826023295447676,0,0
monthly_state_retained,3178,2024-03-01,2024-03-11,0.0021394031715169,2024,2024-02-29,learned_order_extension,20260911,0.5496769035930799,0.5496769035930799,1,1
monthly_state_retained,3183,2024-03-08,2024-03-18,0.0087762342284414,2024,2024-02-29,learned_order_extension,20260911,0.5653384521782018,0.5653384521782018,1,1
monthly_state_retained,3188,2024-03-15,2024-03-25,-0.0112802133595746,2024,2024-02-29,learned_order_extension,20260911,0.4741066250462846,0.4741066250462846,0,0
monthly_state_retained,3193,2024-03-22,2024-04-01,0.0042044725182444,2024,2024-02-29,learned_order_extension,20260911,0.5034201205076809,0.5034201205076809,1,1
monthly_state_retained,3198,2024-03-29,2024-04-15,-0.0219845815102011,2024,2024-02-29,learned_order_extension,20260911,0.3647496103237538,0.3647496103237538,0,0
monthly_state_retained,3178,2024-03-01,2024-03-11,0.0021394031715169,2024,2024-02-29,learned_order_extension,20260912,0.46924981751922445,0.46924981751922445,0,1
monthly_state_retained,3183,2024-03-08,2024-03-18,0.0087762342284414,2024,2024-02-29,learned_order_extension,20260912,0.4701956287186797,0.4701956287186797,0,1
monthly_state_retained,3188,2024-03-15,2024-03-25,-0.0112802133595746,2024,2024-02-29,learned_order_extension,20260912,0.41374971985365583,0.41374971985365583,0,0
monthly_state_retained,3193,2024-03-22,2024-04-01,0.0042044725182444,2024,2024-02-29,learned_order_extension,20260912,0.4779698312307604,0.4779698312307604,0,1
monthly_state_retained,3198,2024-03-29,2024-04-15,-0.0219845815102011,2024,2024-02-29,learned_order_extension,20260912,0.47494867441409877,0.47494867441409877,0,0
monthly_state_retained,3178,2024-03-01,2024-03-11,0.0021394031715169,2024,2024-02-29,learned_order_offset,20260910,0.5953483627631191,0.5953483627631191,1,1
monthly_state_retained,3183,2024-03-08,2024-03-18,0.0087762342284414,2024,2024-02-29,learned_order_offset,20260910,0.5813453143574694,0.5813453143574694,1,1
monthly_state_retained,3188,2024-03-15,2024-03-25,-0.0112802133595746,2024,2024-02-29,learned_order_offset,20260910,0.5629285714576356,0.5629285714576356,1,0
monthly_state_retained,3193,2024-03-22,2024-04-01,0.0042044725182444,2024,2024-02-29,learned_order_offset,20260910,0.4746800194029474,0.4746800194029474,0,1
monthly_state_retained,3198,2024-03-29,2024-04-15,-0.0219845815102011,2024,2024-02-29,learned_order_offset,20260910,0.4474975970181041,0.4474975970181041,0,0
monthly_state_retained,3178,2024-03-01,2024-03-11,0.0021394031715169,2024,2024-02-29,learned_order_offset,20260911,0.5481247094966736,0.5481247094966736,1,1
monthly_state_retained,3183,2024-03-08,2024-03-18,0.0087762342284414,2024,2024-02-29,learned_order_offset,20260911,0.5633395909983205,0.5633395909983205,1,1
monthly_state_retained,3188,2024-03-15,2024-03-25,-0.0112802133595746,2024,2024-02-29,learned_order_offset,20260911,0.47094256842793375,0.47094256842793375,0,0
monthly_state_retained,3193,2024-03-22,2024-04-01,0.0042044725182444,2024,2024-02-29,learned_order_offset,20260911,0.4995363819528175,0.4995363819528175,0,1
monthly_state_retained,3198,2024-03-29,2024-04-15,-0.0219845815102011,2024,2024-02-29,learned_order_offset,20260911,0.3626011592845029,0.3626011592845029,0,0
monthly_state_retained,3178,2024-03-01,2024-03-11,0.0021394031715169,2024,2024-02-29,learned_order_offset,20260912,0.4671863792327489,0.4671863792327489,0,1
monthly_state_retained,3183,2024-03-08,2024-03-18,0.0087762342284414,2024,2024-02-29,learned_order_offset,20260912,0.4682690873666851,0.4682690873666851,0,1
monthly_state_retained,3188,2024-03-15,2024-03-25,-0.0112802133595746,2024,2024-02-29,learned_order_offset,20260912,0.410883959095752,0.410883959095752,0,0
monthly_state_retained,3193,2024-03-22,2024-04-01,0.0042044725182444,2024,2024-02-29,learned_order_offset,20260912,0.4736922823747903,0.4736922823747903,0,1
monthly_state_retained,3198,2024-03-29,2024-04-15,-0.0219845815102011,2024,2024-02-29,learned_order_offset,20260912,0.4721761686206615,0.4721761686206615,0,0
monthly_state_retained,3206,2024-04-12,2024-04-22,0.018045199366633,2024,2024-03-31,learned_market,20260910,0.40607560893230144,0.40607560893230144,0,1
monthly_state_retained,3211,2024-04-19,2024-04-29,0.0136757744232476,2024,2024-03-31,learned_market,20260910,0.3892776100417879,0.3892776100417879,0,1
monthly_state_retained,3216,2024-04-26,2024-05-13,0.0172434956786644,2024,2024-03-31,learned_market,20260910,0.3282744753478747,0.3282744753478747,0,1
monthly_state_retained,3206,2024-04-12,2024-04-22,0.018045199366633,2024,2024-03-31,learned_market,20260911,0.4010137779932345,0.4010137779932345,0,1
monthly_state_retained,3211,2024-04-19,2024-04-29,0.0136757744232476,2024,2024-03-31,learned_market,20260911,0.6881239388416772,0.6881239388416772,1,1
monthly_state_retained,3216,2024-04-26,2024-05-13,0.0172434956786644,2024,2024-03-31,learned_market,20260911,0.7017626392504613,0.7017626392504613,1,1
monthly_state_retained,3206,2024-04-12,2024-04-22,0.018045199366633,2024,2024-03-31,learned_market,20260912,0.5884547036684491,0.5884547036684491,1,1
monthly_state_retained,3211,2024-04-19,2024-04-29,0.0136757744232476,2024,2024-03-31,learned_market,20260912,0.6010925671138769,0.6010925671138769,1,1
monthly_state_retained,3216,2024-04-26,2024-05-13,0.0172434956786644,2024,2024-03-31,learned_market,20260912,0.44046614548943686,0.44046614548943686,0,1
monthly_state_retained,3206,2024-04-12,2024-04-22,0.018045199366633,2024,2024-03-31,learned_vol_interaction,20260910,0.3996858180028398,0.3996858180028398,0,1
monthly_state_retained,3211,2024-04-19,2024-04-29,0.0136757744232476,2024,2024-03-31,learned_vol_interaction,20260910,0.37319633634071175,0.37319633634071175,0,1
monthly_state_retained,3216,2024-04-26,2024-05-13,0.0172434956786644,2024,2024-03-31,learned_vol_interaction,20260910,0.3146645175119406,0.3146645175119406,0,1
monthly_state_retained,3206,2024-04-12,2024-04-22,0.018045199366633,2024,2024-03-31,learned_vol_interaction,20260911,0.4005671244257861,0.4005671244257861,0,1
monthly_state_retained,3211,2024-04-19,2024-04-29,0.0136757744232476,2024,2024-03-31,learned_vol_interaction,20260911,0.6887193746097363,0.6887193746097363,1,1
monthly_state_retained,3216,2024-04-26,2024-05-13,0.0172434956786644,2024,2024-03-31,learned_vol_interaction,20260911,0.7022970676469774,0.7022970676469774,1,1
monthly_state_retained,3206,2024-04-12,2024-04-22,0.018045199366633,2024,2024-03-31,learned_vol_interaction,20260912,0.6033137229015121,0.6033137229015121,1,1
monthly_state_retained,3211,2024-04-19,2024-04-29,0.0136757744232476,2024,2024-03-31,learned_vol_interaction,20260912,0.6013392386798665,0.6013392386798665,1,1
monthly_state_retained,3216,2024-04-26,2024-05-13,0.0172434956786644,2024,2024-03-31,learned_vol_interaction,20260912,0.43642493305163865,0.43642493305163865,0,1
monthly_state_retained,3206,2024-04-12,2024-04-22,0.018045199366633,2024,2024-03-31,learned_order_extension,20260910,0.3886483454535768,0.3886483454535768,0,1
monthly_state_retained,3211,2024-04-19,2024-04-29,0.0136757744232476,2024,2024-03-31,learned_order_extension,20260910,0.3831378513745901,0.3831378513745901,0,1
monthly_state_retained,3216,2024-04-26,2024-05-13,0.0172434956786644,2024,2024-03-31,learned_order_extension,20260910,0.37424697076859526,0.37424697076859526,0,1
monthly_state_retained,3206,2024-04-12,2024-04-22,0.018045199366633,2024,2024-03-31,learned_order_extension,20260911,0.3866844940005672,0.3866844940005672,0,1
monthly_state_retained,3211,2024-04-19,2024-04-29,0.0136757744232476,2024,2024-03-31,learned_order_extension,20260911,0.5343459488053159,0.5343459488053159,1,1
monthly_state_retained,3216,2024-04-26,2024-05-13,0.0172434956786644,2024,2024-03-31,learned_order_extension,20260911,0.513240014593565,0.513240014593565,1,1
monthly_state_retained,3206,2024-04-12,2024-04-22,0.018045199366633,2024,2024-03-31,learned_order_extension,20260912,0.4521631675666491,0.4521631675666491,0,1
monthly_state_retained,3211,2024-04-19,2024-04-29,0.0136757744232476,2024,2024-03-31,learned_order_extension,20260912,0.46878386183965415,0.46878386183965415,0,1
monthly_state_retained,3216,2024-04-26,2024-05-13,0.0172434956786644,2024,2024-03-31,learned_order_extension,20260912,0.43436499150897173,0.43436499150897173,0,1
monthly_state_retained,3206,2024-04-12,2024-04-22,0.018045199366633,2024,2024-03-31,learned_order_offset,20260910,0.38808228102297715,0.38808228102297715,0,1
monthly_state_retained,3211,2024-04-19,2024-04-29,0.0136757744232476,2024,2024-03-31,learned_order_offset,20260910,0.3836585040753394,0.3836585040753394,0,1
monthly_state_retained,3216,2024-04-26,2024-05-13,0.0172434956786644,2024,2024-03-31,learned_order_offset,20260910,0.3751323735259505,0.3751323735259505,0,1
monthly_state_retained,3206,2024-04-12,2024-04-22,0.018045199366633,2024,2024-03-31,learned_order_offset,20260911,0.38475750018966987,0.38475750018966987,0,1
monthly_state_retained,3211,2024-04-19,2024-04-29,0.0136757744232476,2024,2024-03-31,learned_order_offset,20260911,0.5305043269791333,0.5305043269791333,1,1
monthly_state_retained,3216,2024-04-26,2024-05-13,0.0172434956786644,2024,2024-03-31,learned_order_offset,20260911,0.5107638404545624,0.5107638404545624,1,1
monthly_state_retained,3206,2024-04-12,2024-04-22,0.018045199366633,2024,2024-03-31,learned_order_offset,20260912,0.44900290436109536,0.44900290436109536,0,1
monthly_state_retained,3211,2024-04-19,2024-04-29,0.0136757744232476,2024,2024-03-31,learned_order_offset,20260912,0.4666007685534335,0.4666007685534335,0,1
monthly_state_retained,3216,2024-04-26,2024-05-13,0.0172434956786644,2024,2024-03-31,learned_order_offset,20260912,0.4343770329705723,0.4343770329705723,0,1
monthly_state_retained,3223,2024-05-10,2024-05-20,0.0097933549988344,2024,2024-04-30,learned_market,20260910,0.3990687988287244,0.3990687988287244,0,1
monthly_state_retained,3228,2024-05-17,2024-05-27,-0.0204803832637164,2024,2024-04-30,learned_market,20260910,0.3897084593157539,0.3897084593157539,0,0
monthly_state_retained,3233,2024-05-24,2024-06-03,-0.0081155643048258,2024,2024-04-30,learned_market,20260910,0.43186519496988945,0.43186519496988945,0,0
monthly_state_retained,3238,2024-05-31,2024-06-11,-0.0060267570121149,2024,2024-04-30,learned_market,20260910,0.4565336986968196,0.4565336986968196,0,0
monthly_state_retained,3223,2024-05-10,2024-05-20,0.0097933549988344,2024,2024-04-30,learned_market,20260911,0.34643372246634235,0.34643372246634235,0,1
monthly_state_retained,3228,2024-05-17,2024-05-27,-0.0204803832637164,2024,2024-04-30,learned_market,20260911,0.4431227189539159,0.4431227189539159,0,0
monthly_state_retained,3233,2024-05-24,2024-06-03,-0.0081155643048258,2024,2024-04-30,learned_market,20260911,0.37604335071722716,0.37604335071722716,0,0
monthly_state_retained,3238,2024-05-31,2024-06-11,-0.0060267570121149,2024,2024-04-30,learned_market,20260911,0.4623695985721365,0.4623695985721365,0,0
monthly_state_retained,3223,2024-05-10,2024-05-20,0.0097933549988344,2024,2024-04-30,learned_market,20260912,0.26259823398744064,0.26259823398744064,0,1
monthly_state_retained,3228,2024-05-17,2024-05-27,-0.0204803832637164,2024,2024-04-30,learned_market,20260912,0.25562213134474004,0.25562213134474004,0,0
monthly_state_retained,3233,2024-05-24,2024-06-03,-0.0081155643048258,2024,2024-04-30,learned_market,20260912,0.29490360620746897,0.29490360620746897,0,0
monthly_state_retained,3238,2024-05-31,2024-06-11,-0.0060267570121149,2024,2024-04-30,learned_market,20260912,0.3110520233043453,0.3110520233043453,0,0
monthly_state_retained,3223,2024-05-10,2024-05-20,0.0097933549988344,2024,2024-04-30,learned_vol_interaction,20260910,0.37518028476500903,0.37518028476500903,0,1
monthly_state_retained,3228,2024-05-17,2024-05-27,-0.0204803832637164,2024,2024-04-30,learned_vol_interaction,20260910,0.3743945093004113,0.3743945093004113,0,0
monthly_state_retained,3233,2024-05-24,2024-06-03,-0.0081155643048258,2024,2024-04-30,learned_vol_interaction,20260910,0.41682706486348087,0.41682706486348087,0,0
monthly_state_retained,3238,2024-05-31,2024-06-11,-0.0060267570121149,2024,2024-04-30,learned_vol_interaction,20260910,0.4492331097002634,0.4492331097002634,0,0
monthly_state_retained,3223,2024-05-10,2024-05-20,0.0097933549988344,2024,2024-04-30,learned_vol_interaction,20260911,0.3455594321474703,0.3455594321474703,0,1
monthly_state_retained,3228,2024-05-17,2024-05-27,-0.0204803832637164,2024,2024-04-30,learned_vol_interaction,20260911,0.44349832999365935,0.44349832999365935,0,0
monthly_state_retained,3233,2024-05-24,2024-06-03,-0.0081155643048258,2024,2024-04-30,learned_vol_interaction,20260911,0.37584176621168797,0.37584176621168797,0,0
monthly_state_retained,3238,2024-05-31,2024-06-11,-0.0060267570121149,2024,2024-04-30,learned_vol_interaction,20260911,0.462679170258509,0.462679170258509,0,0
monthly_state_retained,3223,2024-05-10,2024-05-20,0.0097933549988344,2024,2024-04-30,learned_vol_interaction,20260912,0.26616465038111153,0.26616465038111153,0,1
monthly_state_retained,3228,2024-05-17,2024-05-27,-0.0204803832637164,2024,2024-04-30,learned_vol_interaction,20260912,0.2488786215709529,0.2488786215709529,0,0
monthly_state_retained,3233,2024-05-24,2024-06-03,-0.0081155643048258,2024,2024-04-30,learned_vol_interaction,20260912,0.28744477926146755,0.28744477926146755,0,0
monthly_state_retained,3238,2024-05-31,2024-06-11,-0.0060267570121149,2024,2024-04-30,learned_vol_interaction,20260912,0.3030632705456588,0.3030632705456588,0,0
monthly_state_retained,3223,2024-05-10,2024-05-20,0.0097933549988344,2024,2024-04-30,learned_order_extension,20260910,0.3903039016654425,0.3903039016654425,0,1
monthly_state_retained,3228,2024-05-17,2024-05-27,-0.0204803832637164,2024,2024-04-30,learned_order_extension,20260910,0.40843859964633433,0.40843859964633433,0,0
monthly_state_retained,3233,2024-05-24,2024-06-03,-0.0081155643048258,2024,2024-04-30,learned_order_extension,20260910,0.43309876347512,0.43309876347512,0,0
monthly_state_retained,3238,2024-05-31,2024-06-11,-0.0060267570121149,2024,2024-04-30,learned_order_extension,20260910,0.446586280617722,0.446586280617722,0,0
monthly_state_retained,3223,2024-05-10,2024-05-20,0.0097933549988344,2024,2024-04-30,learned_order_extension,20260911,0.3965400007837658,0.3965400007837658,0,1
monthly_state_retained,3228,2024-05-17,2024-05-27,-0.0204803832637164,2024,2024-04-30,learned_order_extension,20260911,0.45967482999568354,0.45967482999568354,0,0
monthly_state_retained,3233,2024-05-24,2024-06-03,-0.0081155643048258,2024,2024-04-30,learned_order_extension,20260911,0.4103835614322711,0.4103835614322711,0,0
monthly_state_retained,3238,2024-05-31,2024-06-11,-0.0060267570121149,2024,2024-04-30,learned_order_extension,20260911,0.483584132532498,0.483584132532498,0,0
monthly_state_retained,3223,2024-05-10,2024-05-20,0.0097933549988344,2024,2024-04-30,learned_order_extension,20260912,0.38174358105162726,0.38174358105162726,0,1
monthly_state_retained,3228,2024-05-17,2024-05-27,-0.0204803832637164,2024,2024-04-30,learned_order_extension,20260912,0.35464216087181455,0.35464216087181455,0,0
monthly_state_retained,3233,2024-05-24,2024-06-03,-0.0081155643048258,2024,2024-04-30,learned_order_extension,20260912,0.3707564745857874,0.3707564745857874,0,0
monthly_state_retained,3238,2024-05-31,2024-06-11,-0.0060267570121149,2024,2024-04-30,learned_order_extension,20260912,0.3486366599267159,0.3486366599267159,0,0
monthly_state_retained,3223,2024-05-10,2024-05-20,0.0097933549988344,2024,2024-04-30,learned_order_offset,20260910,0.39075291038896165,0.39075291038896165,0,1
monthly_state_retained,3228,2024-05-17,2024-05-27,-0.0204803832637164,2024,2024-04-30,learned_order_offset,20260910,0.4087832887536437,0.4087832887536437,0,0
monthly_state_retained,3233,2024-05-24,2024-06-03,-0.0081155643048258,2024,2024-04-30,learned_order_offset,20260910,0.4331137649724263,0.4331137649724263,0,0
monthly_state_retained,3238,2024-05-31,2024-06-11,-0.0060267570121149,2024,2024-04-30,learned_order_offset,20260910,0.44619955765953745,0.44619955765953745,0,0
monthly_state_retained,3223,2024-05-10,2024-05-20,0.0097933549988344,2024,2024-04-30,learned_order_offset,20260911,0.3967922716976589,0.3967922716976589,0,1
monthly_state_retained,3228,2024-05-17,2024-05-27,-0.0204803832637164,2024,2024-04-30,learned_order_offset,20260911,0.459025127987619,0.459025127987619,0,0
monthly_state_retained,3233,2024-05-24,2024-06-03,-0.0081155643048258,2024,2024-04-30,learned_order_offset,20260911,0.40953378651570865,0.40953378651570865,0,0
monthly_state_retained,3238,2024-05-31,2024-06-11,-0.0060267570121149,2024,2024-04-30,learned_order_offset,20260911,0.48223477976059065,0.48223477976059065,0,0
monthly_state_retained,3223,2024-05-10,2024-05-20,0.0097933549988344,2024,2024-04-30,learned_order_offset,20260912,0.3824496760888333,0.3824496760888333,0,1
monthly_state_retained,3228,2024-05-17,2024-05-27,-0.0204803832637164,2024,2024-04-30,learned_order_offset,20260912,0.35711137240492025,0.35711137240492025,0,0
monthly_state_retained,3233,2024-05-24,2024-06-03,-0.0081155643048258,2024,2024-04-30,learned_order_offset,20260912,0.3737645520851825,0.3737645520851825,0,0
monthly_state_retained,3238,2024-05-31,2024-06-11,-0.0060267570121149,2024,2024-04-30,learned_order_offset,20260912,0.3510285369082652,0.3510285369082652,0,0
monthly_state_retained,3243,2024-06-07,2024-06-17,-0.0096686558937179,2024,2024-05-31,learned_market,20260910,0.615175369691823,0.615175369691823,1,0
monthly_state_retained,3247,2024-06-14,2024-06-24,-0.013573992457631,2024,2024-05-31,learned_market,20260910,0.6376020219394098,0.6376020219394098,1,0
monthly_state_retained,3252,2024-06-21,2024-07-01,-0.004427632109257,2024,2024-05-31,learned_market,20260910,0.4051722542920373,0.4051722542920373,0,0
monthly_state_retained,3257,2024-06-28,2024-07-08,-0.0108320369203009,2024,2024-05-31,learned_market,20260910,0.4968932341901334,0.4968932341901334,0,0
monthly_state_retained,3243,2024-06-07,2024-06-17,-0.0096686558937179,2024,2024-05-31,learned_market,20260911,0.45975417595533286,0.45975417595533286,0,0
monthly_state_retained,3247,2024-06-14,2024-06-24,-0.013573992457631,2024,2024-05-31,learned_market,20260911,0.5074392493998723,0.5074392493998723,1,0
monthly_state_retained,3252,2024-06-21,2024-07-01,-0.004427632109257,2024,2024-05-31,learned_market,20260911,0.43192866182173273,0.43192866182173273,0,0
monthly_state_retained,3257,2024-06-28,2024-07-08,-0.0108320369203009,2024,2024-05-31,learned_market,20260911,0.47202014906495937,0.47202014906495937,0,0
monthly_state_retained,3243,2024-06-07,2024-06-17,-0.0096686558937179,2024,2024-05-31,learned_market,20260912,0.3916089034208243,0.3916089034208243,0,0
monthly_state_retained,3247,2024-06-14,2024-06-24,-0.013573992457631,2024,2024-05-31,learned_market,20260912,0.37276002437746025,0.37276002437746025,0,0
monthly_state_retained,3252,2024-06-21,2024-07-01,-0.004427632109257,2024,2024-05-31,learned_market,20260912,0.414999095855871,0.414999095855871,0,0
monthly_state_retained,3257,2024-06-28,2024-07-08,-0.0108320369203009,2024,2024-05-31,learned_market,20260912,0.39895911795336797,0.39895911795336797,0,0
monthly_state_retained,3243,2024-06-07,2024-06-17,-0.0096686558937179,2024,2024-05-31,learned_vol_interaction,20260910,0.6516997709829666,0.6516997709829666,1,0
monthly_state_retained,3247,2024-06-14,2024-06-24,-0.013573992457631,2024,2024-05-31,learned_vol_interaction,20260910,0.6980851046198824,0.6980851046198824,1,0
monthly_state_retained,3252,2024-06-21,2024-07-01,-0.004427632109257,2024,2024-05-31,learned_vol_interaction,20260910,0.4208272943376722,0.4208272943376722,0,0
monthly_state_retained,3257,2024-06-28,2024-07-08,-0.0108320369203009,2024,2024-05-31,learned_vol_interaction,20260910,0.541059681958703,0.541059681958703,1,0
monthly_state_retained,3243,2024-06-07,2024-06-17,-0.0096686558937179,2024,2024-05-31,learned_vol_interaction,20260911,0.4599715795342789,0.4599715795342789,0,0
monthly_state_retained,3247,2024-06-14,2024-06-24,-0.013573992457631,2024,2024-05-31,learned_vol_interaction,20260911,0.5064104921443796,0.5064104921443796,1,0
monthly_state_retained,3252,2024-06-21,2024-07-01,-0.004427632109257,2024,2024-05-31,learned_vol_interaction,20260911,0.43075788340227716,0.43075788340227716,0,0
monthly_state_retained,3257,2024-06-28,2024-07-08,-0.0108320369203009,2024,2024-05-31,learned_vol_interaction,20260911,0.4707902914965178,0.4707902914965178,0,0
monthly_state_retained,3243,2024-06-07,2024-06-17,-0.0096686558937179,2024,2024-05-31,learned_vol_interaction,20260912,0.38291053832614097,0.38291053832614097,0,0
monthly_state_retained,3247,2024-06-14,2024-06-24,-0.013573992457631,2024,2024-05-31,learned_vol_interaction,20260912,0.36511601565748103,0.36511601565748103,0,0
monthly_state_retained,3252,2024-06-21,2024-07-01,-0.004427632109257,2024,2024-05-31,learned_vol_interaction,20260912,0.4164713996979496,0.4164713996979496,0,0
monthly_state_retained,3257,2024-06-28,2024-07-08,-0.0108320369203009,2024,2024-05-31,learned_vol_interaction,20260912,0.39197365567983866,0.39197365567983866,0,0
monthly_state_retained,3243,2024-06-07,2024-06-17,-0.0096686558937179,2024,2024-05-31,learned_order_extension,20260910,0.6315337681305133,0.6315337681305133,1,0
monthly_state_retained,3247,2024-06-14,2024-06-24,-0.013573992457631,2024,2024-05-31,learned_order_extension,20260910,0.6856247826873152,0.6856247826873152,1,0
monthly_state_retained,3252,2024-06-21,2024-07-01,-0.004427632109257,2024,2024-05-31,learned_order_extension,20260910,0.41511365573970355,0.41511365573970355,0,0
monthly_state_retained,3257,2024-06-28,2024-07-08,-0.0108320369203009,2024,2024-05-31,learned_order_extension,20260910,0.5313719008284723,0.5313719008284723,1,0
monthly_state_retained,3243,2024-06-07,2024-06-17,-0.0096686558937179,2024,2024-05-31,learned_order_extension,20260911,0.4597864660462069,0.4597864660462069,0,0
monthly_state_retained,3247,2024-06-14,2024-06-24,-0.013573992457631,2024,2024-05-31,learned_order_extension,20260911,0.5091985316997628,0.5091985316997628,1,0
monthly_state_retained,3252,2024-06-21,2024-07-01,-0.004427632109257,2024,2024-05-31,learned_order_extension,20260911,0.4471971940103299,0.4471971940103299,0,0
monthly_state_retained,3257,2024-06-28,2024-07-08,-0.0108320369203009,2024,2024-05-31,learned_order_extension,20260911,0.46973178730406395,0.46973178730406395,0,0
monthly_state_retained,3243,2024-06-07,2024-06-17,-0.0096686558937179,2024,2024-05-31,learned_order_extension,20260912,0.41013625244852603,0.41013625244852603,0,0
monthly_state_retained,3247,2024-06-14,2024-06-24,-0.013573992457631,2024,2024-05-31,learned_order_extension,20260912,0.3797640877703575,0.3797640877703575,0,0
monthly_state_retained,3252,2024-06-21,2024-07-01,-0.004427632109257,2024,2024-05-31,learned_order_extension,20260912,0.4252634466284464,0.4252634466284464,0,0
monthly_state_retained,3257,2024-06-28,2024-07-08,-0.0108320369203009,2024,2024-05-31,learned_order_extension,20260912,0.42121860942875144,0.42121860942875144,0,0
monthly_state_retained,3243,2024-06-07,2024-06-17,-0.0096686558937179,2024,2024-05-31,learned_order_offset,20260910,0.6302325702091429,0.6302325702091429,1,0
monthly_state_retained,3247,2024-06-14,2024-06-24,-0.013573992457631,2024,2024-05-31,learned_order_offset,20260910,0.684028627035403,0.684028627035403,1,0
monthly_state_retained,3252,2024-06-21,2024-07-01,-0.004427632109257,2024,2024-05-31,learned_order_offset,20260910,0.41465923039086805,0.41465923039086805,0,0
monthly_state_retained,3257,2024-06-28,2024-07-08,-0.0108320369203009,2024,2024-05-31,learned_order_offset,20260910,0.5307029189278551,0.5307029189278551,1,0
monthly_state_retained,3243,2024-06-07,2024-06-17,-0.0096686558937179,2024,2024-05-31,learned_order_offset,20260911,0.4583615609861426,0.4583615609861426,0,0
monthly_state_retained,3247,2024-06-14,2024-06-24,-0.013573992457631,2024,2024-05-31,learned_order_offset,20260911,0.5081029165309477,0.5081029165309477,1,0
monthly_state_retained,3252,2024-06-21,2024-07-01,-0.004427632109257,2024,2024-05-31,learned_order_offset,20260911,0.4470896761886356,0.4470896761886356,0,0
monthly_state_retained,3257,2024-06-28,2024-07-08,-0.0108320369203009,2024,2024-05-31,learned_order_offset,20260911,0.4697609624905356,0.4697609624905356,0,0
monthly_state_retained,3243,2024-06-07,2024-06-17,-0.0096686558937179,2024,2024-05-31,learned_order_offset,20260912,0.4117275130552849,0.4117275130552849,0,0
monthly_state_retained,3247,2024-06-14,2024-06-24,-0.013573992457631,2024,2024-05-31,learned_order_offset,20260912,0.3809479569311972,0.3809479569311972,0,0
monthly_state_retained,3252,2024-06-21,2024-07-01,-0.004427632109257,2024,2024-05-31,learned_order_offset,20260912,0.4254784018244928,0.4254784018244928,0,0
monthly_state_retained,3257,2024-06-28,2024-07-08,-0.0108320369203009,2024,2024-05-31,learned_order_offset,20260912,0.42441544028089423,0.42441544028089423,0,0
monthly_state_retained,3262,2024-07-05,2024-07-15,0.0122222871842843,2024,2024-06-30,learned_market,20260910,0.5312099723736838,0.5312099723736838,1,1
monthly_state_retained,3267,2024-07-12,2024-07-22,0.0218881133018156,2024,2024-06-30,learned_market,20260910,0.4706196251419226,0.4706196251419226,0,1
monthly_state_retained,3272,2024-07-19,2024-07-29,-0.0378787022382998,2024,2024-06-30,learned_market,20260910,0.4973915575015714,0.4973915575015714,0,0
monthly_state_retained,3277,2024-07-26,2024-08-05,-0.0124134568216732,2024,2024-06-30,learned_market,20260910,0.5168087974043634,0.5168087974043634,1,0
monthly_state_retained,3262,2024-07-05,2024-07-15,0.0122222871842843,2024,2024-06-30,learned_market,20260911,0.45126286241747676,0.45126286241747676,0,1
monthly_state_retained,3267,2024-07-12,2024-07-22,0.0218881133018156,2024,2024-06-30,learned_market,20260911,0.5332769498693494,0.5332769498693494,1,1
monthly_state_retained,3272,2024-07-19,2024-07-29,-0.0378787022382998,2024,2024-06-30,learned_market,20260911,0.38926259240421873,0.38926259240421873,0,0
monthly_state_retained,3277,2024-07-26,2024-08-05,-0.0124134568216732,2024,2024-06-30,learned_market,20260911,0.478355530473102,0.478355530473102,0,0
monthly_state_retained,3262,2024-07-05,2024-07-15,0.0122222871842843,2024,2024-06-30,learned_market,20260912,0.6034793238713074,0.6034793238713074,1,1
monthly_state_retained,3267,2024-07-12,2024-07-22,0.0218881133018156,2024,2024-06-30,learned_market,20260912,0.5610794385801106,0.5610794385801106,1,1
monthly_state_retained,3272,2024-07-19,2024-07-29,-0.0378787022382998,2024,2024-06-30,learned_market,20260912,0.4616551320371918,0.4616551320371918,0,0
monthly_state_retained,3277,2024-07-26,2024-08-05,-0.0124134568216732,2024,2024-06-30,learned_market,20260912,0.6067866221715498,0.6067866221715498,1,0
monthly_state_retained,3262,2024-07-05,2024-07-15,0.0122222871842843,2024,2024-06-30,learned_vol_interaction,20260910,0.5756856823794781,0.5756856823794781,1,1
monthly_state_retained,3267,2024-07-12,2024-07-22,0.0218881133018156,2024,2024-06-30,learned_vol_interaction,20260910,0.4866386539421122,0.4866386539421122,0,1
monthly_state_retained,3272,2024-07-19,2024-07-29,-0.0378787022382998,2024,2024-06-30,learned_vol_interaction,20260910,0.5259531848768862,0.5259531848768862,1,0
monthly_state_retained,3277,2024-07-26,2024-08-05,-0.0124134568216732,2024,2024-06-30,learned_vol_interaction,20260910,0.5302304235904278,0.5302304235904278,1,0
monthly_state_retained,3262,2024-07-05,2024-07-15,0.0122222871842843,2024,2024-06-30,learned_vol_interaction,20260911,0.4522611437941403,0.4522611437941403,0,1
monthly_state_retained,3267,2024-07-12,2024-07-22,0.0218881133018156,2024,2024-06-30,learned_vol_interaction,20260911,0.534956256393257,0.534956256393257,1,1
monthly_state_retained,3272,2024-07-19,2024-07-29,-0.0378787022382998,2024,2024-06-30,learned_vol_interaction,20260911,0.39068590291730854,0.39068590291730854,0,0
monthly_state_retained,3277,2024-07-26,2024-08-05,-0.0124134568216732,2024,2024-06-30,learned_vol_interaction,20260911,0.47904891822544815,0.47904891822544815,0,0
monthly_state_retained,3262,2024-07-05,2024-07-15,0.0122222871842843,2024,2024-06-30,learned_vol_interaction,20260912,0.6195668960408595,0.6195668960408595,1,1
monthly_state_retained,3267,2024-07-12,2024-07-22,0.0218881133018156,2024,2024-06-30,learned_vol_interaction,20260912,0.5647279382660869,0.5647279382660869,1,1
monthly_state_retained,3272,2024-07-19,2024-07-29,-0.0378787022382998,2024,2024-06-30,learned_vol_interaction,20260912,0.45394809082926424,0.45394809082926424,0,0
monthly_state_retained,3277,2024-07-26,2024-08-05,-0.0124134568216732,2024,2024-06-30,learned_vol_interaction,20260912,0.6123160507995845,0.6123160507995845,1,0
monthly_state_retained,3262,2024-07-05,2024-07-15,0.0122222871842843,2024,2024-06-30,learned_order_extension,20260910,0.5846151349808663,0.5846151349808663,1,1
monthly_state_retained,3267,2024-07-12,2024-07-22,0.0218881133018156,2024,2024-06-30,learned_order_extension,20260910,0.4936385751696033,0.4936385751696033,0,1
monthly_state_retained,3272,2024-07-19,2024-07-29,-0.0378787022382998,2024,2024-06-30,learned_order_extension,20260910,0.5296682623864001,0.5296682623864001,1,0
monthly_state_retained,3277,2024-07-26,2024-08-05,-0.0124134568216732,2024,2024-06-30,learned_order_extension,20260910,0.5342552376814222,0.5342552376814222,1,0
monthly_state_retained,3262,2024-07-05,2024-07-15,0.0122222871842843,2024,2024-06-30,learned_order_extension,20260911,0.45115521138622566,0.45115521138622566,0,1
monthly_state_retained,3267,2024-07-12,2024-07-22,0.0218881133018156,2024,2024-06-30,learned_order_extension,20260911,0.5531026546000134,0.5531026546000134,1,1
monthly_state_retained,3272,2024-07-19,2024-07-29,-0.0378787022382998,2024,2024-06-30,learned_order_extension,20260911,0.43829998086615624,0.43829998086615624,0,0
monthly_state_retained,3277,2024-07-26,2024-08-05,-0.0124134568216732,2024,2024-06-30,learned_order_extension,20260911,0.5141057686767685,0.5141057686767685,1,0
monthly_state_retained,3262,2024-07-05,2024-07-15,0.0122222871842843,2024,2024-06-30,learned_order_extension,20260912,0.6482583591356186,0.6482583591356186,1,1
monthly_state_retained,3267,2024-07-12,2024-07-22,0.0218881133018156,2024,2024-06-30,learned_order_extension,20260912,0.5768939392068954,0.5768939392068954,1,1
monthly_state_retained,3272,2024-07-19,2024-07-29,-0.0378787022382998,2024,2024-06-30,learned_order_extension,20260912,0.5138214723605654,0.5138214723605654,1,0
monthly_state_retained,3277,2024-07-26,2024-08-05,-0.0124134568216732,2024,2024-06-30,learned_order_extension,20260912,0.6251892673443031,0.6251892673443031,1,0
monthly_state_retained,3262,2024-07-05,2024-07-15,0.0122222871842843,2024,2024-06-30,learned_order_offset,20260910,0.5842448716823806,0.5842448716823806,1,1
monthly_state_retained,3267,2024-07-12,2024-07-22,0.0218881133018156,2024,2024-06-30,learned_order_offset,20260910,0.4936392396364766,0.4936392396364766,0,1
monthly_state_retained,3272,2024-07-19,2024-07-29,-0.0378787022382998,2024,2024-06-30,learned_order_offset,20260910,0.5295267723966676,0.5295267723966676,1,0
monthly_state_retained,3277,2024-07-26,2024-08-05,-0.0124134568216732,2024,2024-06-30,learned_order_offset,20260910,0.534747071252778,0.534747071252778,1,0
monthly_state_retained,3262,2024-07-05,2024-07-15,0.0122222871842843,2024,2024-06-30,learned_order_offset,20260911,0.4508497655906378,0.4508497655906378,0,1
monthly_state_retained,3267,2024-07-12,2024-07-22,0.0218881133018156,2024,2024-06-30,learned_order_offset,20260911,0.5509513713756881,0.5509513713756881,1,1
monthly_state_retained,3272,2024-07-19,2024-07-29,-0.0378787022382998,2024,2024-06-30,learned_order_offset,20260911,0.4378580673825642,0.4378580673825642,0,0
monthly_state_retained,3277,2024-07-26,2024-08-05,-0.0124134568216732,2024,2024-06-30,learned_order_offset,20260911,0.5143054270726866,0.5143054270726866,1,0
monthly_state_retained,3262,2024-07-05,2024-07-15,0.0122222871842843,2024,2024-06-30,learned_order_offset,20260912,0.6488790466154806,0.6488790466154806,1,1
monthly_state_retained,3267,2024-07-12,2024-07-22,0.0218881133018156,2024,2024-06-30,learned_order_offset,20260912,0.5774913316908258,0.5774913316908258,1,1
monthly_state_retained,3272,2024-07-19,2024-07-29,-0.0378787022382998,2024,2024-06-30,learned_order_offset,20260912,0.5157601153269719,0.5157601153269719,1,0
monthly_state_retained,3277,2024-07-26,2024-08-05,-0.0124134568216732,2024,2024-06-30,learned_order_offset,20260912,0.6244882450131677,0.6244882450131677,1,0
monthly_state_retained,3282,2024-08-02,2024-08-12,-0.0102762848330364,2024,2024-07-31,learned_market,20260910,0.5103969021168359,0.5103969021168359,1,0
monthly_state_retained,3287,2024-08-09,2024-08-19,0.0050186923751938,2024,2024-07-31,learned_market,20260910,0.5738642832331972,0.5738642832331972,1,1
monthly_state_retained,3292,2024-08-16,2024-08-26,-0.0040487282687352,2024,2024-07-31,learned_market,20260910,0.3949171401752265,0.3949171401752265,0,0
monthly_state_retained,3297,2024-08-23,2024-09-02,-0.0069594562136714,2024,2024-07-31,learned_market,20260910,0.29072042976701107,0.29072042976701107,0,0
monthly_state_retained,3302,2024-08-30,2024-09-09,-0.0280389655151561,2024,2024-07-31,learned_market,20260910,0.2698525733496452,0.2698525733496452,0,0
monthly_state_retained,3282,2024-08-02,2024-08-12,-0.0102762848330364,2024,2024-07-31,learned_market,20260911,0.3834188816798506,0.3834188816798506,0,0
monthly_state_retained,3287,2024-08-09,2024-08-19,0.0050186923751938,2024,2024-07-31,learned_market,20260911,0.42469973553977347,0.42469973553977347,0,1
monthly_state_retained,3292,2024-08-16,2024-08-26,-0.0040487282687352,2024,2024-07-31,learned_market,20260911,0.29687018071515625,0.29687018071515625,0,0
monthly_state_retained,3297,2024-08-23,2024-09-02,-0.0069594562136714,2024,2024-07-31,learned_market,20260911,0.34723831026140495,0.34723831026140495,0,0
monthly_state_retained,3302,2024-08-30,2024-09-09,-0.0280389655151561,2024,2024-07-31,learned_market,20260911,0.338131357699674,0.338131357699674,0,0
monthly_state_retained,3282,2024-08-02,2024-08-12,-0.0102762848330364,2024,2024-07-31,learned_market,20260912,0.5988840805331399,0.5988840805331399,1,0
monthly_state_retained,3287,2024-08-09,2024-08-19,0.0050186923751938,2024,2024-07-31,learned_market,20260912,0.49990964765168316,0.49990964765168316,0,1
monthly_state_retained,3292,2024-08-16,2024-08-26,-0.0040487282687352,2024,2024-07-31,learned_market,20260912,0.386114932843502,0.386114932843502,0,0
monthly_state_retained,3297,2024-08-23,2024-09-02,-0.0069594562136714,2024,2024-07-31,learned_market,20260912,0.29793160550776904,0.29793160550776904,0,0
monthly_state_retained,3302,2024-08-30,2024-09-09,-0.0280389655151561,2024,2024-07-31,learned_market,20260912,0.3333966760605091,0.3333966760605091,0,0
monthly_state_retained,3282,2024-08-02,2024-08-12,-0.0102762848330364,2024,2024-07-31,learned_vol_interaction,20260910,0.4769823715035661,0.4769823715035661,0,0
monthly_state_retained,3287,2024-08-09,2024-08-19,0.0050186923751938,2024,2024-07-31,learned_vol_interaction,20260910,0.5417147378221362,0.5417147378221362,1,1
monthly_state_retained,3292,2024-08-16,2024-08-26,-0.0040487282687352,2024,2024-07-31,learned_vol_interaction,20260910,0.33693364892576966,0.33693364892576966,0,0
monthly_state_retained,3297,2024-08-23,2024-09-02,-0.0069594562136714,2024,2024-07-31,learned_vol_interaction,20260910,0.22248268406871663,0.22248268406871663,0,0
monthly_state_retained,3302,2024-08-30,2024-09-09,-0.0280389655151561,2024,2024-07-31,learned_vol_interaction,20260910,0.2035385984626921,0.2035385984626921,0,0
monthly_state_retained,3282,2024-08-02,2024-08-12,-0.0102762848330364,2024,2024-07-31,learned_vol_interaction,20260911,0.33679063458614295,0.33679063458614295,0,0
monthly_state_retained,3287,2024-08-09,2024-08-19,0.0050186923751938,2024,2024-07-31,learned_vol_interaction,20260911,0.3755042770631494,0.3755042770631494,0,1
monthly_state_retained,3292,2024-08-16,2024-08-26,-0.0040487282687352,2024,2024-07-31,learned_vol_interaction,20260911,0.25518703876826476,0.25518703876826476,0,0
monthly_state_retained,3297,2024-08-23,2024-09-02,-0.0069594562136714,2024,2024-07-31,learned_vol_interaction,20260911,0.30161076370309925,0.30161076370309925,0,0
monthly_state_retained,3302,2024-08-30,2024-09-09,-0.0280389655151561,2024,2024-07-31,learned_vol_interaction,20260911,0.29378414729560837,0.29378414729560837,0,0
monthly_state_retained,3282,2024-08-02,2024-08-12,-0.0102762848330364,2024,2024-07-31,learned_vol_interaction,20260912,0.5666495943912819,0.5666495943912819,1,0
monthly_state_retained,3287,2024-08-09,2024-08-19,0.0050186923751938,2024,2024-07-31,learned_vol_interaction,20260912,0.45936711130549746,0.45936711130549746,0,1
monthly_state_retained,3292,2024-08-16,2024-08-26,-0.0040487282687352,2024,2024-07-31,learned_vol_interaction,20260912,0.34326034021554125,0.34326034021554125,0,0
monthly_state_retained,3297,2024-08-23,2024-09-02,-0.0069594562136714,2024,2024-07-31,learned_vol_interaction,20260912,0.25142624052088797,0.25142624052088797,0,0
monthly_state_retained,3302,2024-08-30,2024-09-09,-0.0280389655151561,2024,2024-07-31,learned_vol_interaction,20260912,0.27663400725175247,0.27663400725175247,0,0
monthly_state_retained,3282,2024-08-02,2024-08-12,-0.0102762848330364,2024,2024-07-31,learned_order_extension,20260910,0.4837554333319871,0.4837554333319871,0,0
monthly_state_retained,3287,2024-08-09,2024-08-19,0.0050186923751938,2024,2024-07-31,learned_order_extension,20260910,0.5309279124219071,0.5309279124219071,1,1
monthly_state_retained,3292,2024-08-16,2024-08-26,-0.0040487282687352,2024,2024-07-31,learned_order_extension,20260910,0.348469348576259,0.348469348576259,0,0
monthly_state_retained,3297,2024-08-23,2024-09-02,-0.0069594562136714,2024,2024-07-31,learned_order_extension,20260910,0.262185071352558,0.262185071352558,0,0
monthly_state_retained,3302,2024-08-30,2024-09-09,-0.0280389655151561,2024,2024-07-31,learned_order_extension,20260910,0.23441458896353315,0.23441458896353315,0,0
monthly_state_retained,3282,2024-08-02,2024-08-12,-0.0102762848330364,2024,2024-07-31,learned_order_extension,20260911,0.36921836746136655,0.36921836746136655,0,0
monthly_state_retained,3287,2024-08-09,2024-08-19,0.0050186923751938,2024,2024-07-31,learned_order_extension,20260911,0.41102121722975066,0.41102121722975066,0,1
monthly_state_retained,3292,2024-08-16,2024-08-26,-0.0040487282687352,2024,2024-07-31,learned_order_extension,20260911,0.30734999754188436,0.30734999754188436,0,0
monthly_state_retained,3297,2024-08-23,2024-09-02,-0.0069594562136714,2024,2024-07-31,learned_order_extension,20260911,0.33369557103799774,0.33369557103799774,0,0
monthly_state_retained,3302,2024-08-30,2024-09-09,-0.0280389655151561,2024,2024-07-31,learned_order_extension,20260911,0.33037535233138626,0.33037535233138626,0,0
monthly_state_retained,3282,2024-08-02,2024-08-12,-0.0102762848330364,2024,2024-07-31,learned_order_extension,20260912,0.5939615047204178,0.5939615047204178,1,0
monthly_state_retained,3287,2024-08-09,2024-08-19,0.0050186923751938,2024,2024-07-31,learned_order_extension,20260912,0.5007076515323622,0.5007076515323622,1,1
monthly_state_retained,3292,2024-08-16,2024-08-26,-0.0040487282687352,2024,2024-07-31,learned_order_extension,20260912,0.38614606636257087,0.38614606636257087,0,0
monthly_state_retained,3297,2024-08-23,2024-09-02,-0.0069594562136714,2024,2024-07-31,learned_order_extension,20260912,0.34993768248344737,0.34993768248344737,0,0
monthly_state_retained,3302,2024-08-30,2024-09-09,-0.0280389655151561,2024,2024-07-31,learned_order_extension,20260912,0.3686395272986238,0.3686395272986238,0,0
monthly_state_retained,3282,2024-08-02,2024-08-12,-0.0102762848330364,2024,2024-07-31,learned_order_offset,20260910,0.4836906315896497,0.4836906315896497,0,0
monthly_state_retained,3287,2024-08-09,2024-08-19,0.0050186923751938,2024,2024-07-31,learned_order_offset,20260910,0.5299663022900036,0.5299663022900036,1,1
monthly_state_retained,3292,2024-08-16,2024-08-26,-0.0040487282687352,2024,2024-07-31,learned_order_offset,20260910,0.3493125680642602,0.3493125680642602,0,0
monthly_state_retained,3297,2024-08-23,2024-09-02,-0.0069594562136714,2024,2024-07-31,learned_order_offset,20260910,0.2635074542291824,0.2635074542291824,0,0
monthly_state_retained,3302,2024-08-30,2024-09-09,-0.0280389655151561,2024,2024-07-31,learned_order_offset,20260910,0.2360508015176841,0.2360508015176841,0,0
monthly_state_retained,3282,2024-08-02,2024-08-12,-0.0102762848330364,2024,2024-07-31,learned_order_offset,20260911,0.3700922005797819,0.3700922005797819,0,0
monthly_state_retained,3287,2024-08-09,2024-08-19,0.0050186923751938,2024,2024-07-31,learned_order_offset,20260911,0.4126025203748944,0.4126025203748944,0,1
monthly_state_retained,3292,2024-08-16,2024-08-26,-0.0040487282687352,2024,2024-07-31,learned_order_offset,20260911,0.31091349446759803,0.31091349446759803,0,0
monthly_state_retained,3297,2024-08-23,2024-09-02,-0.0069594562136714,2024,2024-07-31,learned_order_offset,20260911,0.3365437944886569,0.3365437944886569,0,0
monthly_state_retained,3302,2024-08-30,2024-09-09,-0.0280389655151561,2024,2024-07-31,learned_order_offset,20260911,0.33287397250168405,0.33287397250168405,0,0
monthly_state_retained,3282,2024-08-02,2024-08-12,-0.0102762848330364,2024,2024-07-31,learned_order_offset,20260912,0.5929263469581462,0.5929263469581462,1,0
monthly_state_retained,3287,2024-08-09,2024-08-19,0.0050186923751938,2024,2024-07-31,learned_order_offset,20260912,0.5019323697504732,0.5019323697504732,1,1
monthly_state_retained,3292,2024-08-16,2024-08-26,-0.0040487282687352,2024,2024-07-31,learned_order_offset,20260912,0.38820018656374455,0.38820018656374455,0,0
monthly_state_retained,3297,2024-08-23,2024-09-02,-0.0069594562136714,2024,2024-07-31,learned_order_offset,20260912,0.3529265703554308,0.3529265703554308,0,0
monthly_state_retained,3302,2024-08-30,2024-09-09,-0.0280389655151561,2024,2024-07-31,learned_order_offset,20260912,0.37215369645168056,0.37215369645168056,0,0
monthly_state_retained,3307,2024-09-06,2024-09-18,-0.0174132138857783,2024,2024-08-31,learned_market,20260910,0.28624372995779085,0.28624372995779085,0,0
monthly_state_retained,3312,2024-09-13,2024-09-24,0.0133119329369826,2024,2024-08-31,learned_market,20260910,0.3257397725885097,0.3257397725885097,0,1
monthly_state_retained,3315,2024-09-20,2024-09-30,0.2017513988384409,2024,2024-08-31,learned_market,20260910,0.30329361432845675,0.30329361432845675,0,1
monthly_state_retained,3320,2024-09-27,2024-10-14,0.0178259004588408,2024,2024-08-31,learned_market,20260910,0.5539828044064032,0.5539828044064032,1,1
monthly_state_retained,3307,2024-09-06,2024-09-18,-0.0174132138857783,2024,2024-08-31,learned_market,20260911,0.3981701161949381,0.3981701161949381,0,0
monthly_state_retained,3312,2024-09-13,2024-09-24,0.0133119329369826,2024,2024-08-31,learned_market,20260911,0.4602703023881774,0.4602703023881774,0,1
monthly_state_retained,3315,2024-09-20,2024-09-30,0.2017513988384409,2024,2024-08-31,learned_market,20260911,0.48844687615774224,0.48844687615774224,0,1
monthly_state_retained,3320,2024-09-27,2024-10-14,0.0178259004588408,2024,2024-08-31,learned_market,20260911,0.6935862325010999,0.6935862325010999,1,1
monthly_state_retained,3307,2024-09-06,2024-09-18,-0.0174132138857783,2024,2024-08-31,learned_market,20260912,0.4055616172512009,0.4055616172512009,0,0
monthly_state_retained,3312,2024-09-13,2024-09-24,0.0133119329369826,2024,2024-08-31,learned_market,20260912,0.38664422840881285,0.38664422840881285,0,1
monthly_state_retained,3315,2024-09-20,2024-09-30,0.2017513988384409,2024,2024-08-31,learned_market,20260912,0.4117180714207147,0.4117180714207147,0,1
monthly_state_retained,3320,2024-09-27,2024-10-14,0.0178259004588408,2024,2024-08-31,learned_market,20260912,0.42243022170956096,0.42243022170956096,0,1
monthly_state_retained,3307,2024-09-06,2024-09-18,-0.0174132138857783,2024,2024-08-31,learned_vol_interaction,20260910,0.2244982950157329,0.2244982950157329,0,0
monthly_state_retained,3312,2024-09-13,2024-09-24,0.0133119329369826,2024,2024-08-31,learned_vol_interaction,20260910,0.27176723505030387,0.27176723505030387,0,1
monthly_state_retained,3315,2024-09-20,2024-09-30,0.2017513988384409,2024,2024-08-31,learned_vol_interaction,20260910,0.242468444457586,0.242468444457586,0,1
monthly_state_retained,3320,2024-09-27,2024-10-14,0.0178259004588408,2024,2024-08-31,learned_vol_interaction,20260910,0.539577352579499,0.539577352579499,1,1
monthly_state_retained,3307,2024-09-06,2024-09-18,-0.0174132138857783,2024,2024-08-31,learned_vol_interaction,20260911,0.3504758254853274,0.3504758254853274,0,0
monthly_state_retained,3312,2024-09-13,2024-09-24,0.0133119329369826,2024,2024-08-31,learned_vol_interaction,20260911,0.41144871146117223,0.41144871146117223,0,1
monthly_state_retained,3315,2024-09-20,2024-09-30,0.2017513988384409,2024,2024-08-31,learned_vol_interaction,20260911,0.43817184242231033,0.43817184242231033,0,1
monthly_state_retained,3320,2024-09-27,2024-10-14,0.0178259004588408,2024,2024-08-31,learned_vol_interaction,20260911,0.6918366307791042,0.6918366307791042,1,1
monthly_state_retained,3307,2024-09-06,2024-09-18,-0.0174132138857783,2024,2024-08-31,learned_vol_interaction,20260912,0.35962073849180637,0.35962073849180637,0,0
monthly_state_retained,3312,2024-09-13,2024-09-24,0.0133119329369826,2024,2024-08-31,learned_vol_interaction,20260912,0.33627207409858206,0.33627207409858206,0,1
monthly_state_retained,3315,2024-09-20,2024-09-30,0.2017513988384409,2024,2024-08-31,learned_vol_interaction,20260912,0.36117852515944576,0.36117852515944576,0,1
monthly_state_retained,3320,2024-09-27,2024-10-14,0.0178259004588408,2024,2024-08-31,learned_vol_interaction,20260912,0.4442843434187072,0.4442843434187072,0,1
monthly_state_retained,3307,2024-09-06,2024-09-18,-0.0174132138857783,2024,2024-08-31,learned_order_extension,20260910,0.25256720637490643,0.25256720637490643,0,0
monthly_state_retained,3312,2024-09-13,2024-09-24,0.0133119329369826,2024,2024-08-31,learned_order_extension,20260910,0.29166385434605097,0.29166385434605097,0,1
monthly_state_retained,3315,2024-09-20,2024-09-30,0.2017513988384409,2024,2024-08-31,learned_order_extension,20260910,0.2705007088174093,0.2705007088174093,0,1
monthly_state_retained,3320,2024-09-27,2024-10-14,0.0178259004588408,2024,2024-08-31,learned_order_extension,20260910,0.5428289525080278,0.5428289525080278,1,1
monthly_state_retained,3307,2024-09-06,2024-09-18,-0.0174132138857783,2024,2024-08-31,learned_order_extension,20260911,0.38833113789703955,0.38833113789703955,0,0
monthly_state_retained,3312,2024-09-13,2024-09-24,0.0133119329369826,2024,2024-08-31,learned_order_extension,20260911,0.42585414576409897,0.42585414576409897,0,1
monthly_state_retained,3315,2024-09-20,2024-09-30,0.2017513988384409,2024,2024-08-31,learned_order_extension,20260911,0.42367348585042064,0.42367348585042064,0,1
monthly_state_retained,3320,2024-09-27,2024-10-14,0.0178259004588408,2024,2024-08-31,learned_order_extension,20260911,0.6045687657277363,0.6045687657277363,1,1
monthly_state_retained,3307,2024-09-06,2024-09-18,-0.0174132138857783,2024,2024-08-31,learned_order_extension,20260912,0.4168218884500653,0.4168218884500653,0,0
monthly_state_retained,3312,2024-09-13,2024-09-24,0.0133119329369826,2024,2024-08-31,learned_order_extension,20260912,0.3818914155158403,0.3818914155158403,0,1
monthly_state_retained,3315,2024-09-20,2024-09-30,0.2017513988384409,2024,2024-08-31,learned_order_extension,20260912,0.4453849329691468,0.4453849329691468,0,1
monthly_state_retained,3320,2024-09-27,2024-10-14,0.0178259004588408,2024,2024-08-31,learned_order_extension,20260912,0.576228156163883,0.576228156163883,1,1
monthly_state_retained,3307,2024-09-06,2024-09-18,-0.0174132138857783,2024,2024-08-31,learned_order_offset,20260910,0.25374112604740146,0.25374112604740146,0,0
monthly_state_retained,3312,2024-09-13,2024-09-24,0.0133119329369826,2024,2024-08-31,learned_order_offset,20260910,0.29230670634632533,0.29230670634632533,0,1
monthly_state_retained,3315,2024-09-20,2024-09-30,0.2017513988384409,2024,2024-08-31,learned_order_offset,20260910,0.271341608930015,0.271341608930015,0,1
monthly_state_retained,3320,2024-09-27,2024-10-14,0.0178259004588408,2024,2024-08-31,learned_order_offset,20260910,0.5430894109936676,0.5430894109936676,1,1
monthly_state_retained,3307,2024-09-06,2024-09-18,-0.0174132138857783,2024,2024-08-31,learned_order_offset,20260911,0.3905070401149841,0.3905070401149841,0,0
monthly_state_retained,3312,2024-09-13,2024-09-24,0.0133119329369826,2024,2024-08-31,learned_order_offset,20260911,0.42589367546626794,0.42589367546626794,0,1
monthly_state_retained,3315,2024-09-20,2024-09-30,0.2017513988384409,2024,2024-08-31,learned_order_offset,20260911,0.4234082489312801,0.4234082489312801,0,1
monthly_state_retained,3320,2024-09-27,2024-10-14,0.0178259004588408,2024,2024-08-31,learned_order_offset,20260911,0.6050544676220191,0.6050544676220191,1,1
monthly_state_retained,3307,2024-09-06,2024-09-18,-0.0174132138857783,2024,2024-08-31,learned_order_offset,20260912,0.4191779122806651,0.4191779122806651,0,0
monthly_state_retained,3312,2024-09-13,2024-09-24,0.0133119329369826,2024,2024-08-31,learned_order_offset,20260912,0.38495636879345013,0.38495636879345013,0,1
monthly_state_retained,3315,2024-09-20,2024-09-30,0.2017513988384409,2024,2024-08-31,learned_order_offset,20260912,0.44876746136213275,0.44876746136213275,0,1
monthly_state_retained,3320,2024-09-27,2024-10-14,0.0178259004588408,2024,2024-08-31,learned_order_offset,20260912,0.5746740950620535,0.5746740950620535,1,1
monthly_state_retained,3325,2024-10-11,2024-10-21,0.0080914993282625,2024,2024-09-30,learned_market,20260910,0.5869953939238736,0.5869953939238736,1,1
monthly_state_retained,3330,2024-10-18,2024-10-28,0.0015733867085561,2024,2024-09-30,learned_market,20260910,0.461607129389693,0.461607129389693,0,1
monthly_state_retained,3335,2024-10-25,2024-11-04,-0.0140142824257356,2024,2024-09-30,learned_market,20260910,0.4436454565513719,0.4436454565513719,0,0
monthly_state_retained,3325,2024-10-11,2024-10-21,0.0080914993282625,2024,2024-09-30,learned_market,20260911,0.7037035552786773,0.7037035552786773,1,1
monthly_state_retained,3330,2024-10-18,2024-10-28,0.0015733867085561,2024,2024-09-30,learned_market,20260911,0.6276974127279125,0.6276974127279125,1,1
monthly_state_retained,3335,2024-10-25,2024-11-04,-0.0140142824257356,2024,2024-09-30,learned_market,20260911,0.45809633325380006,0.45809633325380006,0,0
monthly_state_retained,3325,2024-10-11,2024-10-21,0.0080914993282625,2024,2024-09-30,learned_market,20260912,0.6391238419546599,0.6391238419546599,1,1
monthly_state_retained,3330,2024-10-18,2024-10-28,0.0015733867085561,2024,2024-09-30,learned_market,20260912,0.7479133612500116,0.7479133612500116,1,1
monthly_state_retained,3335,2024-10-25,2024-11-04,-0.0140142824257356,2024,2024-09-30,learned_market,20260912,0.7047213785907145,0.7047213785907145,1,0
monthly_state_retained,3325,2024-10-11,2024-10-21,0.0080914993282625,2024,2024-09-30,learned_vol_interaction,20260910,0.5707045524539156,0.5707045524539156,1,1
monthly_state_retained,3330,2024-10-18,2024-10-28,0.0015733867085561,2024,2024-09-30,learned_vol_interaction,20260910,0.5457998125542788,0.5457998125542788,1,1
monthly_state_retained,3335,2024-10-25,2024-11-04,-0.0140142824257356,2024,2024-09-30,learned_vol_interaction,20260910,0.5480447349870543,0.5480447349870543,1,0
monthly_state_retained,3325,2024-10-11,2024-10-21,0.0080914993282625,2024,2024-09-30,learned_vol_interaction,20260911,0.7018703597644868,0.7018703597644868,1,1
monthly_state_retained,3330,2024-10-18,2024-10-28,0.0015733867085561,2024,2024-09-30,learned_vol_interaction,20260911,0.6274387204351971,0.6274387204351971,1,1
monthly_state_retained,3335,2024-10-25,2024-11-04,-0.0140142824257356,2024,2024-09-30,learned_vol_interaction,20260911,0.4612473434817257,0.4612473434817257,0,0
monthly_state_retained,3325,2024-10-11,2024-10-21,0.0080914993282625,2024,2024-09-30,learned_vol_interaction,20260912,0.6154592441744525,0.6154592441744525,1,1
monthly_state_retained,3330,2024-10-18,2024-10-28,0.0015733867085561,2024,2024-09-30,learned_vol_interaction,20260912,0.6984112732542341,0.6984112732542341,1,1
monthly_state_retained,3335,2024-10-25,2024-11-04,-0.0140142824257356,2024,2024-09-30,learned_vol_interaction,20260912,0.6614014700577392,0.6614014700577392,1,0
monthly_state_retained,3325,2024-10-11,2024-10-21,0.0080914993282625,2024,2024-09-30,learned_order_extension,20260910,0.5822023275306868,0.5822023275306868,1,1
monthly_state_retained,3330,2024-10-18,2024-10-28,0.0015733867085561,2024,2024-09-30,learned_order_extension,20260910,0.5714046015164417,0.5714046015164417,1,1
monthly_state_retained,3335,2024-10-25,2024-11-04,-0.0140142824257356,2024,2024-09-30,learned_order_extension,20260910,0.5699380979169686,0.5699380979169686,1,0
monthly_state_retained,3325,2024-10-11,2024-10-21,0.0080914993282625,2024,2024-09-30,learned_order_extension,20260911,0.6645766250551,0.6645766250551,1,1
monthly_state_retained,3330,2024-10-18,2024-10-28,0.0015733867085561,2024,2024-09-30,learned_order_extension,20260911,0.6217401283532429,0.6217401283532429,1,1
monthly_state_retained,3335,2024-10-25,2024-11-04,-0.0140142824257356,2024,2024-09-30,learned_order_extension,20260911,0.516035023904667,0.516035023904667,1,0
monthly_state_retained,3325,2024-10-11,2024-10-21,0.0080914993282625,2024,2024-09-30,learned_order_extension,20260912,0.5860467122529138,0.5860467122529138,1,1
monthly_state_retained,3330,2024-10-18,2024-10-28,0.0015733867085561,2024,2024-09-30,learned_order_extension,20260912,0.612479916640697,0.612479916640697,1,1
monthly_state_retained,3335,2024-10-25,2024-11-04,-0.0140142824257356,2024,2024-09-30,learned_order_extension,20260912,0.5803945500365179,0.5803945500365179,1,0
monthly_state_retained,3325,2024-10-11,2024-10-21,0.0080914993282625,2024,2024-09-30,learned_order_offset,20260910,0.5826381124149342,0.5826381124149342,1,1
monthly_state_retained,3330,2024-10-18,2024-10-28,0.0015733867085561,2024,2024-09-30,learned_order_offset,20260910,0.5719329439518137,0.5719329439518137,1,1
monthly_state_retained,3335,2024-10-25,2024-11-04,-0.0140142824257356,2024,2024-09-30,learned_order_offset,20260910,0.5699230458006388,0.5699230458006388,1,0
monthly_state_retained,3325,2024-10-11,2024-10-21,0.0080914993282625,2024,2024-09-30,learned_order_offset,20260911,0.6643779049639545,0.6643779049639545,1,1
monthly_state_retained,3330,2024-10-18,2024-10-28,0.0015733867085561,2024,2024-09-30,learned_order_offset,20260911,0.6227872251882844,0.6227872251882844,1,1
monthly_state_retained,3335,2024-10-25,2024-11-04,-0.0140142824257356,2024,2024-09-30,learned_order_offset,20260911,0.5165538018073565,0.5165538018073565,1,0
monthly_state_retained,3325,2024-10-11,2024-10-21,0.0080914993282625,2024,2024-09-30,learned_order_offset,20260912,0.5862386145900477,0.5862386145900477,1,1
monthly_state_retained,3330,2024-10-18,2024-10-28,0.0015733867085561,2024,2024-09-30,learned_order_offset,20260912,0.6125407697732707,0.6125407697732707,1,1
monthly_state_retained,3335,2024-10-25,2024-11-04,-0.0140142824257356,2024,2024-09-30,learned_order_offset,20260912,0.5782982032930605,0.5782982032930605,1,0
monthly_state_retained,3340,2024-11-01,2024-11-11,0.0434152361258277,2024,2024-10-31,learned_market,20260910,0.4265577715457495,0.4265577715457495,0,1
monthly_state_retained,3345,2024-11-08,2024-11-18,-0.0208584853931589,2024,2024-10-31,learned_market,20260910,0.3988216599252063,0.3988216599252063,0,0
monthly_state_retained,3350,2024-11-15,2024-11-25,-0.0267421712161923,2024,2024-10-31,learned_market,20260910,0.4128285607379882,0.4128285607379882,0,0
monthly_state_retained,3355,2024-11-22,2024-12-02,0.0087960346887328,2024,2024-10-31,learned_market,20260910,0.5498480838757407,0.5498480838757407,1,1
monthly_state_retained,3360,2024-11-29,2024-12-09,0.0155919891551781,2024,2024-10-31,learned_market,20260910,0.5787371739371491,0.5787371739371491,1,1
monthly_state_retained,3340,2024-11-01,2024-11-11,0.0434152361258277,2024,2024-10-31,learned_market,20260911,0.4000970572378428,0.4000970572378428,0,1
monthly_state_retained,3345,2024-11-08,2024-11-18,-0.0208584853931589,2024,2024-10-31,learned_market,20260911,0.40593736915879713,0.40593736915879713,0,0
monthly_state_retained,3350,2024-11-15,2024-11-25,-0.0267421712161923,2024,2024-10-31,learned_market,20260911,0.455730074665633,0.455730074665633,0,0
monthly_state_retained,3355,2024-11-22,2024-12-02,0.0087960346887328,2024,2024-10-31,learned_market,20260911,0.3896395612224614,0.3896395612224614,0,1
monthly_state_retained,3360,2024-11-29,2024-12-09,0.0155919891551781,2024,2024-10-31,learned_market,20260911,0.5648004239815676,0.5648004239815676,1,1
monthly_state_retained,3340,2024-11-01,2024-11-11,0.0434152361258277,2024,2024-10-31,learned_market,20260912,0.7564382143782475,0.7564382143782475,1,1
monthly_state_retained,3345,2024-11-08,2024-11-18,-0.0208584853931589,2024,2024-10-31,learned_market,20260912,0.6534693612294474,0.6534693612294474,1,0
monthly_state_retained,3350,2024-11-15,2024-11-25,-0.0267421712161923,2024,2024-10-31,learned_market,20260912,0.6053975436260323,0.6053975436260323,1,0
monthly_state_retained,3355,2024-11-22,2024-12-02,0.0087960346887328,2024,2024-10-31,learned_market,20260912,0.6365936876664182,0.6365936876664182,1,1
monthly_state_retained,3360,2024-11-29,2024-12-09,0.0155919891551781,2024,2024-10-31,learned_market,20260912,0.5579955410836633,0.5579955410836633,1,1
monthly_state_retained,3340,2024-11-01,2024-11-11,0.0434152361258277,2024,2024-10-31,learned_vol_interaction,20260910,0.5424556290324919,0.5424556290324919,1,1
monthly_state_retained,3345,2024-11-08,2024-11-18,-0.0208584853931589,2024,2024-10-31,learned_vol_interaction,20260910,0.41385174274995,0.41385174274995,0,0
monthly_state_retained,3350,2024-11-15,2024-11-25,-0.0267421712161923,2024,2024-10-31,learned_vol_interaction,20260910,0.40978407838391767,0.40978407838391767,0,0
monthly_state_retained,3355,2024-11-22,2024-12-02,0.0087960346887328,2024,2024-10-31,learned_vol_interaction,20260910,0.5313658042769484,0.5313658042769484,1,1
monthly_state_retained,3360,2024-11-29,2024-12-09,0.0155919891551781,2024,2024-10-31,learned_vol_interaction,20260910,0.5550717836556399,0.5550717836556399,1,1
monthly_state_retained,3340,2024-11-01,2024-11-11,0.0434152361258277,2024,2024-10-31,learned_vol_interaction,20260911,0.40396264616491484,0.40396264616491484,0,1
monthly_state_retained,3345,2024-11-08,2024-11-18,-0.0208584853931589,2024,2024-10-31,learned_vol_interaction,20260911,0.4058838104038455,0.4058838104038455,0,0
monthly_state_retained,3350,2024-11-15,2024-11-25,-0.0267421712161923,2024,2024-10-31,learned_vol_interaction,20260911,0.4556461044457154,0.4556461044457154,0,0
monthly_state_retained,3355,2024-11-22,2024-12-02,0.0087960346887328,2024,2024-10-31,learned_vol_interaction,20260911,0.3897555680643098,0.3897555680643098,0,1
monthly_state_retained,3360,2024-11-29,2024-12-09,0.0155919891551781,2024,2024-10-31,learned_vol_interaction,20260911,0.5639943448578677,0.5639943448578677,1,1
monthly_state_retained,3340,2024-11-01,2024-11-11,0.0434152361258277,2024,2024-10-31,learned_vol_interaction,20260912,0.6960317071765945,0.6960317071765945,1,1
monthly_state_retained,3345,2024-11-08,2024-11-18,-0.0208584853931589,2024,2024-10-31,learned_vol_interaction,20260912,0.627992228455405,0.627992228455405,1,0
monthly_state_retained,3350,2024-11-15,2024-11-25,-0.0267421712161923,2024,2024-10-31,learned_vol_interaction,20260912,0.600402896142829,0.600402896142829,1,0
monthly_state_retained,3355,2024-11-22,2024-12-02,0.0087960346887328,2024,2024-10-31,learned_vol_interaction,20260912,0.6257055825822537,0.6257055825822537,1,1
monthly_state_retained,3360,2024-11-29,2024-12-09,0.0155919891551781,2024,2024-10-31,learned_vol_interaction,20260912,0.5403979506938085,0.5403979506938085,1,1
monthly_state_retained,3340,2024-11-01,2024-11-11,0.0434152361258277,2024,2024-10-31,learned_order_extension,20260910,0.5940299307722281,0.5940299307722281,1,1
monthly_state_retained,3345,2024-11-08,2024-11-18,-0.0208584853931589,2024,2024-10-31,learned_order_extension,20260910,0.411107283779769,0.411107283779769,0,0
monthly_state_retained,3350,2024-11-15,2024-11-25,-0.0267421712161923,2024,2024-10-31,learned_order_extension,20260910,0.39605543665647713,0.39605543665647713,0,0
monthly_state_retained,3355,2024-11-22,2024-12-02,0.0087960346887328,2024,2024-10-31,learned_order_extension,20260910,0.5115475257965196,0.5115475257965196,1,1
monthly_state_retained,3360,2024-11-29,2024-12-09,0.0155919891551781,2024,2024-10-31,learned_order_extension,20260910,0.5440391301685066,0.5440391301685066,1,1
monthly_state_retained,3340,2024-11-01,2024-11-11,0.0434152361258277,2024,2024-10-31,learned_order_extension,20260911,0.5005097124804287,0.5005097124804287,1,1
monthly_state_retained,3345,2024-11-08,2024-11-18,-0.0208584853931589,2024,2024-10-31,learned_order_extension,20260911,0.3862789521746162,0.3862789521746162,0,0
monthly_state_retained,3350,2024-11-15,2024-11-25,-0.0267421712161923,2024,2024-10-31,learned_order_extension,20260911,0.42164042720008793,0.42164042720008793,0,0
monthly_state_retained,3355,2024-11-22,2024-12-02,0.0087960346887328,2024,2024-10-31,learned_order_extension,20260911,0.3587358053522859,0.3587358053522859,0,1
monthly_state_retained,3360,2024-11-29,2024-12-09,0.0155919891551781,2024,2024-10-31,learned_order_extension,20260911,0.5668511595937642,0.5668511595937642,1,1
monthly_state_retained,3340,2024-11-01,2024-11-11,0.0434152361258277,2024,2024-10-31,learned_order_extension,20260912,0.5735861212793831,0.5735861212793831,1,1
monthly_state_retained,3345,2024-11-08,2024-11-18,-0.0208584853931589,2024,2024-10-31,learned_order_extension,20260912,0.5817441245707554,0.5817441245707554,1,0
monthly_state_retained,3350,2024-11-15,2024-11-25,-0.0267421712161923,2024,2024-10-31,learned_order_extension,20260912,0.566996458597694,0.566996458597694,1,0
monthly_state_retained,3355,2024-11-22,2024-12-02,0.0087960346887328,2024,2024-10-31,learned_order_extension,20260912,0.6308649379708478,0.6308649379708478,1,1
monthly_state_retained,3360,2024-11-29,2024-12-09,0.0155919891551781,2024,2024-10-31,learned_order_extension,20260912,0.5481166154807285,0.5481166154807285,1,1
monthly_state_retained,3340,2024-11-01,2024-11-11,0.0434152361258277,2024,2024-10-31,learned_order_offset,20260910,0.5943872844245232,0.5943872844245232,1,1
monthly_state_retained,3345,2024-11-08,2024-11-18,-0.0208584853931589,2024,2024-10-31,learned_order_offset,20260910,0.4117587061424781,0.4117587061424781,0,0
monthly_state_retained,3350,2024-11-15,2024-11-25,-0.0267421712161923,2024,2024-10-31,learned_order_offset,20260910,0.39692557218174884,0.39692557218174884,0,0
monthly_state_retained,3355,2024-11-22,2024-12-02,0.0087960346887328,2024,2024-10-31,learned_order_offset,20260910,0.5105432513675927,0.5105432513675927,1,1
monthly_state_retained,3360,2024-11-29,2024-12-09,0.0155919891551781,2024,2024-10-31,learned_order_offset,20260910,0.5431521172921228,0.5431521172921228,1,1
monthly_state_retained,3340,2024-11-01,2024-11-11,0.0434152361258277,2024,2024-10-31,learned_order_offset,20260911,0.5002268984226751,0.5002268984226751,1,1
monthly_state_retained,3345,2024-11-08,2024-11-18,-0.0208584853931589,2024,2024-10-31,learned_order_offset,20260911,0.3875660008845143,0.3875660008845143,0,0
monthly_state_retained,3350,2024-11-15,2024-11-25,-0.0267421712161923,2024,2024-10-31,learned_order_offset,20260911,0.42067738369660546,0.42067738369660546,0,0
monthly_state_retained,3355,2024-11-22,2024-12-02,0.0087960346887328,2024,2024-10-31,learned_order_offset,20260911,0.359617784320977,0.359617784320977,0,1
monthly_state_retained,3360,2024-11-29,2024-12-09,0.0155919891551781,2024,2024-10-31,learned_order_offset,20260911,0.5668993585118391,0.5668993585118391,1,1
monthly_state_retained,3340,2024-11-01,2024-11-11,0.0434152361258277,2024,2024-10-31,learned_order_offset,20260912,0.5719000509394175,0.5719000509394175,1,1
monthly_state_retained,3345,2024-11-08,2024-11-18,-0.0208584853931589,2024,2024-10-31,learned_order_offset,20260912,0.5792076167183184,0.5792076167183184,1,0
monthly_state_retained,3350,2024-11-15,2024-11-25,-0.0267421712161923,2024,2024-10-31,learned_order_offset,20260912,0.5639088935846646,0.5639088935846646,1,0
monthly_state_retained,3355,2024-11-22,2024-12-02,0.0087960346887328,2024,2024-10-31,learned_order_offset,20260912,0.6291616290547493,0.6291616290547493,1,1
monthly_state_retained,3360,2024-11-29,2024-12-09,0.0155919891551781,2024,2024-10-31,learned_order_offset,20260912,0.5470802465571543,0.5470802465571543,1,1
monthly_state_retained,3365,2024-12-06,2024-12-16,-0.0100436703218104,2024,2024-11-30,learned_market,20260910,0.5274145252381006,0.5274145252381006,1,0
monthly_state_retained,3370,2024-12-13,2024-12-23,-0.0006690784017421,2024,2024-11-30,learned_market,20260910,0.44138037595664,0.44138037595664,0,0
monthly_state_retained,3375,2024-12-20,2024-12-30,0.0123595076562756,2024,2024-11-30,learned_market,20260910,0.4027666853457167,0.4027666853457167,0,1
monthly_state_retained,3380,2024-12-27,2025-01-06,-0.0504714964669198,2024,2024-11-30,learned_market,20260910,0.38910693571889354,0.38910693571889354,0,0
monthly_state_retained,3365,2024-12-06,2024-12-16,-0.0100436703218104,2024,2024-11-30,learned_market,20260911,0.4339892041348209,0.4339892041348209,0,0
monthly_state_retained,3370,2024-12-13,2024-12-23,-0.0006690784017421,2024,2024-11-30,learned_market,20260911,0.31485157623264104,0.31485157623264104,0,0
monthly_state_retained,3375,2024-12-20,2024-12-30,0.0123595076562756,2024,2024-11-30,learned_market,20260911,0.30917200008354345,0.30917200008354345,0,1
monthly_state_retained,3380,2024-12-27,2025-01-06,-0.0504714964669198,2024,2024-11-30,learned_market,20260911,0.5719698356929027,0.5719698356929027,1,0
monthly_state_retained,3365,2024-12-06,2024-12-16,-0.0100436703218104,2024,2024-11-30,learned_market,20260912,0.541404145848568,0.541404145848568,1,0
monthly_state_retained,3370,2024-12-13,2024-12-23,-0.0006690784017421,2024,2024-11-30,learned_market,20260912,0.39882455300182545,0.39882455300182545,0,0
monthly_state_retained,3375,2024-12-20,2024-12-30,0.0123595076562756,2024,2024-11-30,learned_market,20260912,0.3151494536061462,0.3151494536061462,0,1
monthly_state_retained,3380,2024-12-27,2025-01-06,-0.0504714964669198,2024,2024-11-30,learned_market,20260912,0.28110990925447626,0.28110990925447626,0,0
monthly_state_retained,3365,2024-12-06,2024-12-16,-0.0100436703218104,2024,2024-11-30,learned_vol_interaction,20260910,0.5155855931739847,0.5155855931739847,1,0
monthly_state_retained,3370,2024-12-13,2024-12-23,-0.0006690784017421,2024,2024-11-30,learned_vol_interaction,20260910,0.4374261593980381,0.4374261593980381,0,0
monthly_state_retained,3375,2024-12-20,2024-12-30,0.0123595076562756,2024,2024-11-30,learned_vol_interaction,20260910,0.38028593735367683,0.38028593735367683,0,1
monthly_state_retained,3380,2024-12-27,2025-01-06,-0.0504714964669198,2024,2024-11-30,learned_vol_interaction,20260910,0.35616480654444505,0.35616480654444505,0,0
monthly_state_retained,3365,2024-12-06,2024-12-16,-0.0100436703218104,2024,2024-11-30,learned_vol_interaction,20260911,0.43406190636390596,0.43406190636390596,0,0
monthly_state_retained,3370,2024-12-13,2024-12-23,-0.0006690784017421,2024,2024-11-30,learned_vol_interaction,20260911,0.31406271260453134,0.31406271260453134,0,0
monthly_state_retained,3375,2024-12-20,2024-12-30,0.0123595076562756,2024,2024-11-30,learned_vol_interaction,20260911,0.3085226494455729,0.3085226494455729,0,1
monthly_state_retained,3380,2024-12-27,2025-01-06,-0.0504714964669198,2024,2024-11-30,learned_vol_interaction,20260911,0.5726178987535363,0.5726178987535363,1,0
monthly_state_retained,3365,2024-12-06,2024-12-16,-0.0100436703218104,2024,2024-11-30,learned_vol_interaction,20260912,0.5359614220710596,0.5359614220710596,1,0
monthly_state_retained,3370,2024-12-13,2024-12-23,-0.0006690784017421,2024,2024-11-30,learned_vol_interaction,20260912,0.4004266447398538,0.4004266447398538,0,0
monthly_state_retained,3375,2024-12-20,2024-12-30,0.0123595076562756,2024,2024-11-30,learned_vol_interaction,20260912,0.3173047617142704,0.3173047617142704,0,1
monthly_state_retained,3380,2024-12-27,2025-01-06,-0.0504714964669198,2024,2024-11-30,learned_vol_interaction,20260912,0.27582764169478674,0.27582764169478674,0,0
monthly_state_retained,3365,2024-12-06,2024-12-16,-0.0100436703218104,2024,2024-11-30,learned_order_extension,20260910,0.49467283869914347,0.49467283869914347,0,0
monthly_state_retained,3370,2024-12-13,2024-12-23,-0.0006690784017421,2024,2024-11-30,learned_order_extension,20260910,0.41586894239738387,0.41586894239738387,0,0
monthly_state_retained,3375,2024-12-20,2024-12-30,0.0123595076562756,2024,2024-11-30,learned_order_extension,20260910,0.35397540001038474,0.35397540001038474,0,1
monthly_state_retained,3380,2024-12-27,2025-01-06,-0.0504714964669198,2024,2024-11-30,learned_order_extension,20260910,0.3176586272754358,0.3176586272754358,0,0
monthly_state_retained,3365,2024-12-06,2024-12-16,-0.0100436703218104,2024,2024-11-30,learned_order_extension,20260911,0.4286991101928549,0.4286991101928549,0,0
monthly_state_retained,3370,2024-12-13,2024-12-23,-0.0006690784017421,2024,2024-11-30,learned_order_extension,20260911,0.2761154663058125,0.2761154663058125,0,0
monthly_state_retained,3375,2024-12-20,2024-12-30,0.0123595076562756,2024,2024-11-30,learned_order_extension,20260911,0.2681467130129062,0.2681467130129062,0,1
monthly_state_retained,3380,2024-12-27,2025-01-06,-0.0504714964669198,2024,2024-11-30,learned_order_extension,20260911,0.6253462942157451,0.6253462942157451,1,0
monthly_state_retained,3365,2024-12-06,2024-12-16,-0.0100436703218104,2024,2024-11-30,learned_order_extension,20260912,0.5160872470925407,0.5160872470925407,1,0
monthly_state_retained,3370,2024-12-13,2024-12-23,-0.0006690784017421,2024,2024-11-30,learned_order_extension,20260912,0.3979505994458215,0.3979505994458215,0,0
monthly_state_retained,3375,2024-12-20,2024-12-30,0.0123595076562756,2024,2024-11-30,learned_order_extension,20260912,0.2883934543425278,0.2883934543425278,0,1
monthly_state_retained,3380,2024-12-27,2025-01-06,-0.0504714964669198,2024,2024-11-30,learned_order_extension,20260912,0.2139925614407288,0.2139925614407288,0,0
monthly_state_retained,3365,2024-12-06,2024-12-16,-0.0100436703218104,2024,2024-11-30,learned_order_offset,20260910,0.4931973928594116,0.4931973928594116,0,0
monthly_state_retained,3370,2024-12-13,2024-12-23,-0.0006690784017421,2024,2024-11-30,learned_order_offset,20260910,0.4157930804208651,0.4157930804208651,0,0
monthly_state_retained,3375,2024-12-20,2024-12-30,0.0123595076562756,2024,2024-11-30,learned_order_offset,20260910,0.35365572271165413,0.35365572271165413,0,1
monthly_state_retained,3380,2024-12-27,2025-01-06,-0.0504714964669198,2024,2024-11-30,learned_order_offset,20260910,0.3182149884773887,0.3182149884773887,0,0
monthly_state_retained,3365,2024-12-06,2024-12-16,-0.0100436703218104,2024,2024-11-30,learned_order_offset,20260911,0.4285689114501956,0.4285689114501956,0,0
monthly_state_retained,3370,2024-12-13,2024-12-23,-0.0006690784017421,2024,2024-11-30,learned_order_offset,20260911,0.277133608311407,0.277133608311407,0,0
monthly_state_retained,3375,2024-12-20,2024-12-30,0.0123595076562756,2024,2024-11-30,learned_order_offset,20260911,0.26960863109736993,0.26960863109736993,0,1
monthly_state_retained,3380,2024-12-27,2025-01-06,-0.0504714964669198,2024,2024-11-30,learned_order_offset,20260911,0.6241226842198904,0.6241226842198904,1,0
monthly_state_retained,3365,2024-12-06,2024-12-16,-0.0100436703218104,2024,2024-11-30,learned_order_offset,20260912,0.5150626516103205,0.5150626516103205,1,0
monthly_state_retained,3370,2024-12-13,2024-12-23,-0.0006690784017421,2024,2024-11-30,learned_order_offset,20260912,0.3987822872324129,0.3987822872324129,0,0
monthly_state_retained,3375,2024-12-20,2024-12-30,0.0123595076562756,2024,2024-11-30,learned_order_offset,20260912,0.2901534172352464,0.2901534172352464,0,1
monthly_state_retained,3380,2024-12-27,2025-01-06,-0.0504714964669198,2024,2024-11-30,learned_order_offset,20260912,0.2168218722083948,0.2168218722083948,0,0
monthly_state_retained,3384,2025-01-03,2025-01-13,-0.0189486730632231,2025,2024-12-31,learned_market,20260910,0.38233645545210077,0.38233645545210077,0,0
monthly_state_retained,3389,2025-01-10,2025-01-20,0.0353251773547418,2025,2024-12-31,learned_market,20260910,0.3910227915849612,0.3910227915849612,0,1
monthly_state_retained,3394,2025-01-17,2025-01-27,0.000432821422053,2025,2024-12-31,learned_market,20260910,0.49015728346105064,0.49015728346105064,0,1
monthly_state_retained,3399,2025-01-24,2025-02-10,0.0159344898044284,2025,2024-12-31,learned_market,20260910,0.43779872313730184,0.43779872313730184,0,1
monthly_state_retained,3384,2025-01-03,2025-01-13,-0.0189486730632231,2025,2024-12-31,learned_market,20260911,0.42821132783780086,0.42821132783780086,0,0
monthly_state_retained,3389,2025-01-10,2025-01-20,0.0353251773547418,2025,2024-12-31,learned_market,20260911,0.3899957296673264,0.3899957296673264,0,1
monthly_state_retained,3394,2025-01-17,2025-01-27,0.000432821422053,2025,2024-12-31,learned_market,20260911,0.5369659260153571,0.5369659260153571,1,1
monthly_state_retained,3399,2025-01-24,2025-02-10,0.0159344898044284,2025,2024-12-31,learned_market,20260911,0.579417237715051,0.579417237715051,1,1
monthly_state_retained,3384,2025-01-03,2025-01-13,-0.0189486730632231,2025,2024-12-31,learned_market,20260912,0.42089025641362,0.42089025641362,0,0
monthly_state_retained,3389,2025-01-10,2025-01-20,0.0353251773547418,2025,2024-12-31,learned_market,20260912,0.6539720773420672,0.6539720773420672,1,1
monthly_state_retained,3394,2025-01-17,2025-01-27,0.000432821422053,2025,2024-12-31,learned_market,20260912,0.5597316894392553,0.5597316894392553,1,1
monthly_state_retained,3399,2025-01-24,2025-02-10,0.0159344898044284,2025,2024-12-31,learned_market,20260912,0.7143346906245566,0.7143346906245566,1,1
monthly_state_retained,3384,2025-01-03,2025-01-13,-0.0189486730632231,2025,2024-12-31,learned_vol_interaction,20260910,0.38666219011730185,0.38666219011730185,0,0
monthly_state_retained,3389,2025-01-10,2025-01-20,0.0353251773547418,2025,2024-12-31,learned_vol_interaction,20260910,0.3791321657754841,0.3791321657754841,0,1
monthly_state_retained,3394,2025-01-17,2025-01-27,0.000432821422053,2025,2024-12-31,learned_vol_interaction,20260910,0.4768105126561029,0.4768105126561029,0,1
monthly_state_retained,3399,2025-01-24,2025-02-10,0.0159344898044284,2025,2024-12-31,learned_vol_interaction,20260910,0.46081361135637805,0.46081361135637805,0,1
monthly_state_retained,3384,2025-01-03,2025-01-13,-0.0189486730632231,2025,2024-12-31,learned_vol_interaction,20260911,0.4305231359543153,0.4305231359543153,0,0
monthly_state_retained,3389,2025-01-10,2025-01-20,0.0353251773547418,2025,2024-12-31,learned_vol_interaction,20260911,0.38884089510088987,0.38884089510088987,0,1
monthly_state_retained,3394,2025-01-17,2025-01-27,0.000432821422053,2025,2024-12-31,learned_vol_interaction,20260911,0.5344292773183893,0.5344292773183893,1,1
monthly_state_retained,3399,2025-01-24,2025-02-10,0.0159344898044284,2025,2024-12-31,learned_vol_interaction,20260911,0.5733087009015438,0.5733087009015438,1,1
monthly_state_retained,3384,2025-01-03,2025-01-13,-0.0189486730632231,2025,2024-12-31,learned_vol_interaction,20260912,0.4216991098514313,0.4216991098514313,0,0
monthly_state_retained,3389,2025-01-10,2025-01-20,0.0353251773547418,2025,2024-12-31,learned_vol_interaction,20260912,0.6572683815072808,0.6572683815072808,1,1
monthly_state_retained,3394,2025-01-17,2025-01-27,0.000432821422053,2025,2024-12-31,learned_vol_interaction,20260912,0.5624117839252505,0.5624117839252505,1,1
monthly_state_retained,3399,2025-01-24,2025-02-10,0.0159344898044284,2025,2024-12-31,learned_vol_interaction,20260912,0.7143566519320824,0.7143566519320824,1,1
monthly_state_retained,3384,2025-01-03,2025-01-13,-0.0189486730632231,2025,2024-12-31,learned_order_extension,20260910,0.36600157937330885,0.36600157937330885,0,0
monthly_state_retained,3389,2025-01-10,2025-01-20,0.0353251773547418,2025,2024-12-31,learned_order_extension,20260910,0.35256611690823136,0.35256611690823136,0,1
monthly_state_retained,3394,2025-01-17,2025-01-27,0.000432821422053,2025,2024-12-31,learned_order_extension,20260910,0.48744472138871614,0.48744472138871614,0,1
monthly_state_retained,3399,2025-01-24,2025-02-10,0.0159344898044284,2025,2024-12-31,learned_order_extension,20260910,0.4710830358173244,0.4710830358173244,0,1
monthly_state_retained,3384,2025-01-03,2025-01-13,-0.0189486730632231,2025,2024-12-31,learned_order_extension,20260911,0.43065388292304235,0.43065388292304235,0,0
monthly_state_retained,3389,2025-01-10,2025-01-20,0.0353251773547418,2025,2024-12-31,learned_order_extension,20260911,0.3891931634884253,0.3891931634884253,0,1
monthly_state_retained,3394,2025-01-17,2025-01-27,0.000432821422053,2025,2024-12-31,learned_order_extension,20260911,0.5293310636016386,0.5293310636016386,1,1
monthly_state_retained,3399,2025-01-24,2025-02-10,0.0159344898044284,2025,2024-12-31,learned_order_extension,20260911,0.5678795814188538,0.5678795814188538,1,1
monthly_state_retained,3384,2025-01-03,2025-01-13,-0.0189486730632231,2025,2024-12-31,learned_order_extension,20260912,0.43188465804609494,0.43188465804609494,0,0
monthly_state_retained,3389,2025-01-10,2025-01-20,0.0353251773547418,2025,2024-12-31,learned_order_extension,20260912,0.7180313467789317,0.7180313467789317,1,1
monthly_state_retained,3394,2025-01-17,2025-01-27,0.000432821422053,2025,2024-12-31,learned_order_extension,20260912,0.6186516338053223,0.6186516338053223,1,1
monthly_state_retained,3399,2025-01-24,2025-02-10,0.0159344898044284,2025,2024-12-31,learned_order_extension,20260912,0.7832822932916682,0.7832822932916682,1,1
monthly_state_retained,3384,2025-01-03,2025-01-13,-0.0189486730632231,2025,2024-12-31,learned_order_offset,20260910,0.36669421956338505,0.36669421956338505,0,0
monthly_state_retained,3389,2025-01-10,2025-01-20,0.0353251773547418,2025,2024-12-31,learned_order_offset,20260910,0.35282059228350937,0.35282059228350937,0,1
monthly_state_retained,3394,2025-01-17,2025-01-27,0.000432821422053,2025,2024-12-31,learned_order_offset,20260910,0.48807314138283653,0.48807314138283653,0,1
monthly_state_retained,3399,2025-01-24,2025-02-10,0.0159344898044284,2025,2024-12-31,learned_order_offset,20260910,0.4717801139449288,0.4717801139449288,0,1
monthly_state_retained,3384,2025-01-03,2025-01-13,-0.0189486730632231,2025,2024-12-31,learned_order_offset,20260911,0.430743812553328,0.430743812553328,0,0
monthly_state_retained,3389,2025-01-10,2025-01-20,0.0353251773547418,2025,2024-12-31,learned_order_offset,20260911,0.3892930545383684,0.3892930545383684,0,1
monthly_state_retained,3394,2025-01-17,2025-01-27,0.000432821422053,2025,2024-12-31,learned_order_offset,20260911,0.52934454260111,0.52934454260111,1,1
monthly_state_retained,3399,2025-01-24,2025-02-10,0.0159344898044284,2025,2024-12-31,learned_order_offset,20260911,0.5679288793949586,0.5679288793949586,1,1
monthly_state_retained,3384,2025-01-03,2025-01-13,-0.0189486730632231,2025,2024-12-31,learned_order_offset,20260912,0.4326309825835323,0.4326309825835323,0,0
monthly_state_retained,3389,2025-01-10,2025-01-20,0.0353251773547418,2025,2024-12-31,learned_order_offset,20260912,0.7155096866522207,0.7155096866522207,1,1
monthly_state_retained,3394,2025-01-17,2025-01-27,0.000432821422053,2025,2024-12-31,learned_order_offset,20260912,0.6172483281551261,0.6172483281551261,1,1
monthly_state_retained,3399,2025-01-24,2025-02-10,0.0159344898044284,2025,2024-12-31,learned_order_offset,20260912,0.7808632543831274,0.7808632543831274,1,1
monthly_state_retained,3403,2025-02-07,2025-02-17,0.0144454990892999,2025,2025-01-31,learned_market,20260910,0.5065763414140139,0.5065763414140139,1,1
monthly_state_retained,3408,2025-02-14,2025-02-24,0.0045695818086644,2025,2025-01-31,learned_market,20260910,0.5698063647751795,0.5698063647751795,1,1
monthly_state_retained,3413,2025-02-21,2025-03-03,-0.0183210488158531,2025,2025-01-31,learned_market,20260910,0.5387747536285505,0.5387747536285505,1,0
monthly_state_retained,3418,2025-02-28,2025-03-10,0.0117650075646844,2025,2025-01-31,learned_market,20260910,0.4812656782302869,0.4812656782302869,0,1
monthly_state_retained,3403,2025-02-07,2025-02-17,0.0144454990892999,2025,2025-01-31,learned_market,20260911,0.6179638900480853,0.6179638900480853,1,1
monthly_state_retained,3408,2025-02-14,2025-02-24,0.0045695818086644,2025,2025-01-31,learned_market,20260911,0.616114705527485,0.616114705527485,1,1
monthly_state_retained,3413,2025-02-21,2025-03-03,-0.0183210488158531,2025,2025-01-31,learned_market,20260911,0.562117179520429,0.562117179520429,1,0
monthly_state_retained,3418,2025-02-28,2025-03-10,0.0117650075646844,2025,2025-01-31,learned_market,20260911,0.5285781284571346,0.5285781284571346,1,1
monthly_state_retained,3403,2025-02-07,2025-02-17,0.0144454990892999,2025,2025-01-31,learned_market,20260912,0.6628191037923492,0.6628191037923492,1,1
monthly_state_retained,3408,2025-02-14,2025-02-24,0.0045695818086644,2025,2025-01-31,learned_market,20260912,0.6357468977060057,0.6357468977060057,1,1
monthly_state_retained,3413,2025-02-21,2025-03-03,-0.0183210488158531,2025,2025-01-31,learned_market,20260912,0.3807729420629625,0.3807729420629625,0,0
monthly_state_retained,3418,2025-02-28,2025-03-10,0.0117650075646844,2025,2025-01-31,learned_market,20260912,0.5714127704615375,0.5714127704615375,1,1
monthly_state_retained,3403,2025-02-07,2025-02-17,0.0144454990892999,2025,2025-01-31,learned_vol_interaction,20260910,0.5021249737202294,0.5021249737202294,1,1
monthly_state_retained,3408,2025-02-14,2025-02-24,0.0045695818086644,2025,2025-01-31,learned_vol_interaction,20260910,0.5796741457129003,0.5796741457129003,1,1
monthly_state_retained,3413,2025-02-21,2025-03-03,-0.0183210488158531,2025,2025-01-31,learned_vol_interaction,20260910,0.5894724308913238,0.5894724308913238,1,0
monthly_state_retained,3418,2025-02-28,2025-03-10,0.0117650075646844,2025,2025-01-31,learned_vol_interaction,20260910,0.5038224926529957,0.5038224926529957,1,1
monthly_state_retained,3403,2025-02-07,2025-02-17,0.0144454990892999,2025,2025-01-31,learned_vol_interaction,20260911,0.6229730094392066,0.6229730094392066,1,1
monthly_state_retained,3408,2025-02-14,2025-02-24,0.0045695818086644,2025,2025-01-31,learned_vol_interaction,20260911,0.6249392220388966,0.6249392220388966,1,1
monthly_state_retained,3413,2025-02-21,2025-03-03,-0.0183210488158531,2025,2025-01-31,learned_vol_interaction,20260911,0.5770853748295083,0.5770853748295083,1,0
monthly_state_retained,3418,2025-02-28,2025-03-10,0.0117650075646844,2025,2025-01-31,learned_vol_interaction,20260911,0.5320196258694382,0.5320196258694382,1,1
monthly_state_retained,3403,2025-02-07,2025-02-17,0.0144454990892999,2025,2025-01-31,learned_vol_interaction,20260912,0.6656753647706254,0.6656753647706254,1,1
monthly_state_retained,3408,2025-02-14,2025-02-24,0.0045695818086644,2025,2025-01-31,learned_vol_interaction,20260912,0.6366748986711647,0.6366748986711647,1,1
monthly_state_retained,3413,2025-02-21,2025-03-03,-0.0183210488158531,2025,2025-01-31,learned_vol_interaction,20260912,0.3758479309011285,0.3758479309011285,0,0
monthly_state_retained,3418,2025-02-28,2025-03-10,0.0117650075646844,2025,2025-01-31,learned_vol_interaction,20260912,0.5709205167438731,0.5709205167438731,1,1
monthly_state_retained,3403,2025-02-07,2025-02-17,0.0144454990892999,2025,2025-01-31,learned_order_extension,20260910,0.5229042647242248,0.5229042647242248,1,1
monthly_state_retained,3408,2025-02-14,2025-02-24,0.0045695818086644,2025,2025-01-31,learned_order_extension,20260910,0.5778482952092869,0.5778482952092869,1,1
monthly_state_retained,3413,2025-02-21,2025-03-03,-0.0183210488158531,2025,2025-01-31,learned_order_extension,20260910,0.6398652110146743,0.6398652110146743,1,0
monthly_state_retained,3418,2025-02-28,2025-03-10,0.0117650075646844,2025,2025-01-31,learned_order_extension,20260910,0.5091435465758709,0.5091435465758709,1,1
monthly_state_retained,3403,2025-02-07,2025-02-17,0.0144454990892999,2025,2025-01-31,learned_order_extension,20260911,0.6181569415812861,0.6181569415812861,1,1
monthly_state_retained,3408,2025-02-14,2025-02-24,0.0045695818086644,2025,2025-01-31,learned_order_extension,20260911,0.623244763024503,0.623244763024503,1,1
monthly_state_retained,3413,2025-02-21,2025-03-03,-0.0183210488158531,2025,2025-01-31,learned_order_extension,20260911,0.5698307059548449,0.5698307059548449,1,0
monthly_state_retained,3418,2025-02-28,2025-03-10,0.0117650075646844,2025,2025-01-31,learned_order_extension,20260911,0.5277004284689892,0.5277004284689892,1,1
monthly_state_retained,3403,2025-02-07,2025-02-17,0.0144454990892999,2025,2025-01-31,learned_order_extension,20260912,0.7098765758367355,0.7098765758367355,1,1
monthly_state_retained,3408,2025-02-14,2025-02-24,0.0045695818086644,2025,2025-01-31,learned_order_extension,20260912,0.6855283540318028,0.6855283540318028,1,1
monthly_state_retained,3413,2025-02-21,2025-03-03,-0.0183210488158531,2025,2025-01-31,learned_order_extension,20260912,0.40938066472725215,0.40938066472725215,0,0
monthly_state_retained,3418,2025-02-28,2025-03-10,0.0117650075646844,2025,2025-01-31,learned_order_extension,20260912,0.6433684681685069,0.6433684681685069,1,1
monthly_state_retained,3403,2025-02-07,2025-02-17,0.0144454990892999,2025,2025-01-31,learned_order_offset,20260910,0.524022842955718,0.524022842955718,1,1
monthly_state_retained,3408,2025-02-14,2025-02-24,0.0045695818086644,2025,2025-01-31,learned_order_offset,20260910,0.5772818750748553,0.5772818750748553,1,1
monthly_state_retained,3413,2025-02-21,2025-03-03,-0.0183210488158531,2025,2025-01-31,learned_order_offset,20260910,0.6395827908381064,0.6395827908381064,1,0
monthly_state_retained,3418,2025-02-28,2025-03-10,0.0117650075646844,2025,2025-01-31,learned_order_offset,20260910,0.5071295431195366,0.5071295431195366,1,1
monthly_state_retained,3403,2025-02-07,2025-02-17,0.0144454990892999,2025,2025-01-31,learned_order_offset,20260911,0.6181544426401614,0.6181544426401614,1,1
monthly_state_retained,3408,2025-02-14,2025-02-24,0.0045695818086644,2025,2025-01-31,learned_order_offset,20260911,0.6233447631977894,0.6233447631977894,1,1
monthly_state_retained,3413,2025-02-21,2025-03-03,-0.0183210488158531,2025,2025-01-31,learned_order_offset,20260911,0.5699444546955538,0.5699444546955538,1,0
monthly_state_retained,3418,2025-02-28,2025-03-10,0.0117650075646844,2025,2025-01-31,learned_order_offset,20260911,0.5277660121776485,0.5277660121776485,1,1
monthly_state_retained,3403,2025-02-07,2025-02-17,0.0144454990892999,2025,2025-01-31,learned_order_offset,20260912,0.7081726942730068,0.7081726942730068,1,1
monthly_state_retained,3408,2025-02-14,2025-02-24,0.0045695818086644,2025,2025-01-31,learned_order_offset,20260912,0.6832841057647039,0.6832841057647039,1,1
monthly_state_retained,3413,2025-02-21,2025-03-03,-0.0183210488158531,2025,2025-01-31,learned_order_offset,20260912,0.4117646835265383,0.4117646835265383,0,0
monthly_state_retained,3418,2025-02-28,2025-03-10,0.0117650075646844,2025,2025-01-31,learned_order_offset,20260912,0.6412881777301309,0.6412881777301309,1,1
monthly_state_retained,3423,2025-03-07,2025-03-17,0.019023819058288,2025,2025-02-28,learned_market,20260910,0.6111767156385011,0.6111767156385011,1,1
monthly_state_retained,3428,2025-03-14,2025-03-24,-0.0259983485216283,2025,2025-02-28,learned_market,20260910,0.44730435644814126,0.44730435644814126,0,0
monthly_state_retained,3433,2025-03-21,2025-03-31,-0.0025867506275359,2025,2025-02-28,learned_market,20260910,0.5315675954271929,0.5315675954271929,1,0
monthly_state_retained,3438,2025-03-28,2025-04-14,-0.0342910101946246,2025,2025-02-28,learned_market,20260910,0.7166635184412673,0.7166635184412673,1,0
monthly_state_retained,3423,2025-03-07,2025-03-17,0.019023819058288,2025,2025-02-28,learned_market,20260911,0.4669000809915797,0.4669000809915797,0,1
monthly_state_retained,3428,2025-03-14,2025-03-24,-0.0259983485216283,2025,2025-02-28,learned_market,20260911,0.5699083421091582,0.5699083421091582,1,0
monthly_state_retained,3433,2025-03-21,2025-03-31,-0.0025867506275359,2025,2025-02-28,learned_market,20260911,0.41241409635776066,0.41241409635776066,0,0
monthly_state_retained,3438,2025-03-28,2025-04-14,-0.0342910101946246,2025,2025-02-28,learned_market,20260911,0.48277123146752016,0.48277123146752016,0,0
monthly_state_retained,3423,2025-03-07,2025-03-17,0.019023819058288,2025,2025-02-28,learned_market,20260912,0.2731298059228326,0.2731298059228326,0,1
monthly_state_retained,3428,2025-03-14,2025-03-24,-0.0259983485216283,2025,2025-02-28,learned_market,20260912,0.696672234818679,0.696672234818679,1,0
monthly_state_retained,3433,2025-03-21,2025-03-31,-0.0025867506275359,2025,2025-02-28,learned_market,20260912,0.5676267142547179,0.5676267142547179,1,0
monthly_state_retained,3438,2025-03-28,2025-04-14,-0.0342910101946246,2025,2025-02-28,learned_market,20260912,0.560911448173473,0.560911448173473,1,0
monthly_state_retained,3423,2025-03-07,2025-03-17,0.019023819058288,2025,2025-02-28,learned_vol_interaction,20260910,0.6257731101792092,0.6257731101792092,1,1
monthly_state_retained,3428,2025-03-14,2025-03-24,-0.0259983485216283,2025,2025-02-28,learned_vol_interaction,20260910,0.44102075881393793,0.44102075881393793,0,0
monthly_state_retained,3433,2025-03-21,2025-03-31,-0.0025867506275359,2025,2025-02-28,learned_vol_interaction,20260910,0.5122265111637169,0.5122265111637169,1,0
monthly_state_retained,3438,2025-03-28,2025-04-14,-0.0342910101946246,2025,2025-02-28,learned_vol_interaction,20260910,0.7509067743034049,0.7509067743034049,1,0
monthly_state_retained,3423,2025-03-07,2025-03-17,0.019023819058288,2025,2025-02-28,learned_vol_interaction,20260911,0.4709950343968562,0.4709950343968562,0,1
monthly_state_retained,3428,2025-03-14,2025-03-24,-0.0259983485216283,2025,2025-02-28,learned_vol_interaction,20260911,0.5689479286300063,0.5689479286300063,1,0
monthly_state_retained,3433,2025-03-21,2025-03-31,-0.0025867506275359,2025,2025-02-28,learned_vol_interaction,20260911,0.4073280883173269,0.4073280883173269,0,0
monthly_state_retained,3438,2025-03-28,2025-04-14,-0.0342910101946246,2025,2025-02-28,learned_vol_interaction,20260911,0.4833458290624725,0.4833458290624725,0,0
monthly_state_retained,3423,2025-03-07,2025-03-17,0.019023819058288,2025,2025-02-28,learned_vol_interaction,20260912,0.2697314685006311,0.2697314685006311,0,1
monthly_state_retained,3428,2025-03-14,2025-03-24,-0.0259983485216283,2025,2025-02-28,learned_vol_interaction,20260912,0.6971511109958376,0.6971511109958376,1,0
monthly_state_retained,3433,2025-03-21,2025-03-31,-0.0025867506275359,2025,2025-02-28,learned_vol_interaction,20260912,0.5692380331101397,0.5692380331101397,1,0
monthly_state_retained,3438,2025-03-28,2025-04-14,-0.0342910101946246,2025,2025-02-28,learned_vol_interaction,20260912,0.5653548865619433,0.5653548865619433,1,0
monthly_state_retained,3423,2025-03-07,2025-03-17,0.019023819058288,2025,2025-02-28,learned_order_extension,20260910,0.6768915881499589,0.6768915881499589,1,1
monthly_state_retained,3428,2025-03-14,2025-03-24,-0.0259983485216283,2025,2025-02-28,learned_order_extension,20260910,0.45607712059245215,0.45607712059245215,0,0
monthly_state_retained,3433,2025-03-21,2025-03-31,-0.0025867506275359,2025,2025-02-28,learned_order_extension,20260910,0.5368074346463041,0.5368074346463041,1,0
monthly_state_retained,3438,2025-03-28,2025-04-14,-0.0342910101946246,2025,2025-02-28,learned_order_extension,20260910,0.8368647681799748,0.8368647681799748,1,0
monthly_state_retained,3423,2025-03-07,2025-03-17,0.019023819058288,2025,2025-02-28,learned_order_extension,20260911,0.4694347191401159,0.4694347191401159,0,1
monthly_state_retained,3428,2025-03-14,2025-03-24,-0.0259983485216283,2025,2025-02-28,learned_order_extension,20260911,0.5654667556034778,0.5654667556034778,1,0
monthly_state_retained,3433,2025-03-21,2025-03-31,-0.0025867506275359,2025,2025-02-28,learned_order_extension,20260911,0.40561065982780425,0.40561065982780425,0,0
monthly_state_retained,3438,2025-03-28,2025-04-14,-0.0342910101946246,2025,2025-02-28,learned_order_extension,20260911,0.47795042275731253,0.47795042275731253,0,0
monthly_state_retained,3423,2025-03-07,2025-03-17,0.019023819058288,2025,2025-02-28,learned_order_extension,20260912,0.25002023502263354,0.25002023502263354,0,1
monthly_state_retained,3428,2025-03-14,2025-03-24,-0.0259983485216283,2025,2025-02-28,learned_order_extension,20260912,0.7238176657049011,0.7238176657049011,1,0
monthly_state_retained,3433,2025-03-21,2025-03-31,-0.0025867506275359,2025,2025-02-28,learned_order_extension,20260912,0.5988742871040955,0.5988742871040955,1,0
monthly_state_retained,3438,2025-03-28,2025-04-14,-0.0342910101946246,2025,2025-02-28,learned_order_extension,20260912,0.6204095542696454,0.6204095542696454,1,0
monthly_state_retained,3423,2025-03-07,2025-03-17,0.019023819058288,2025,2025-02-28,learned_order_offset,20260910,0.6756470892929178,0.6756470892929178,1,1
monthly_state_retained,3428,2025-03-14,2025-03-24,-0.0259983485216283,2025,2025-02-28,learned_order_offset,20260910,0.455714753994421,0.455714753994421,0,0
monthly_state_retained,3433,2025-03-21,2025-03-31,-0.0025867506275359,2025,2025-02-28,learned_order_offset,20260910,0.5359223493617127,0.5359223493617127,1,0
monthly_state_retained,3438,2025-03-28,2025-04-14,-0.0342910101946246,2025,2025-02-28,learned_order_offset,20260910,0.834993269183481,0.834993269183481,1,0
monthly_state_retained,3423,2025-03-07,2025-03-17,0.019023819058288,2025,2025-02-28,learned_order_offset,20260911,0.46953630716328854,0.46953630716328854,0,1
monthly_state_retained,3428,2025-03-14,2025-03-24,-0.0259983485216283,2025,2025-02-28,learned_order_offset,20260911,0.5655482902240324,0.5655482902240324,1,0
monthly_state_retained,3433,2025-03-21,2025-03-31,-0.0025867506275359,2025,2025-02-28,learned_order_offset,20260911,0.4056793971990091,0.4056793971990091,0,0
monthly_state_retained,3438,2025-03-28,2025-04-14,-0.0342910101946246,2025,2025-02-28,learned_order_offset,20260911,0.4779797038173516,0.4779797038173516,0,0
monthly_state_retained,3423,2025-03-07,2025-03-17,0.019023819058288,2025,2025-02-28,learned_order_offset,20260912,0.25180315037211576,0.25180315037211576,0,1
monthly_state_retained,3428,2025-03-14,2025-03-24,-0.0259983485216283,2025,2025-02-28,learned_order_offset,20260912,0.7172777696525664,0.7172777696525664,1,0
monthly_state_retained,3433,2025-03-21,2025-03-31,-0.0025867506275359,2025,2025-02-28,learned_order_offset,20260912,0.5938462138293957,0.5938462138293957,1,0
monthly_state_retained,3438,2025-03-28,2025-04-14,-0.0342910101946246,2025,2025-02-28,learned_order_offset,20260912,0.6157709090258536,0.6157709090258536,1,0
monthly_state_retained,3447,2025-04-11,2025-04-21,-0.0010339232881941,2025,2025-03-31,learned_market,20260910,0.5214083358108379,0.5214083358108379,1,0
monthly_state_retained,3452,2025-04-18,2025-04-28,0.0048432383085554,2025,2025-03-31,learned_market,20260910,0.7734052582999416,0.7734052582999416,1,1
monthly_state_retained,3457,2025-04-25,2025-05-12,0.02116527880118,2025,2025-03-31,learned_market,20260910,0.4558498073052,0.4558498073052,0,1
monthly_state_retained,3447,2025-04-11,2025-04-21,-0.0010339232881941,2025,2025-03-31,learned_market,20260911,0.5805268836119362,0.5805268836119362,1,0
monthly_state_retained,3452,2025-04-18,2025-04-28,0.0048432383085554,2025,2025-03-31,learned_market,20260911,0.5688872565915271,0.5688872565915271,1,1
monthly_state_retained,3457,2025-04-25,2025-05-12,0.02116527880118,2025,2025-03-31,learned_market,20260911,0.46122086100259085,0.46122086100259085,0,1
monthly_state_retained,3447,2025-04-11,2025-04-21,-0.0010339232881941,2025,2025-03-31,learned_market,20260912,0.5215906360273727,0.5215906360273727,1,0
monthly_state_retained,3452,2025-04-18,2025-04-28,0.0048432383085554,2025,2025-03-31,learned_market,20260912,0.6471632189538753,0.6471632189538753,1,1
monthly_state_retained,3457,2025-04-25,2025-05-12,0.02116527880118,2025,2025-03-31,learned_market,20260912,0.4695696106758965,0.4695696106758965,0,1
monthly_state_retained,3447,2025-04-11,2025-04-21,-0.0010339232881941,2025,2025-03-31,learned_vol_interaction,20260910,0.5594314824149098,0.5594314824149098,1,0
monthly_state_retained,3452,2025-04-18,2025-04-28,0.0048432383085554,2025,2025-03-31,learned_vol_interaction,20260910,0.6161803550192988,0.6161803550192988,1,1
monthly_state_retained,3457,2025-04-25,2025-05-12,0.02116527880118,2025,2025-03-31,learned_vol_interaction,20260910,0.5129504837776576,0.5129504837776576,1,1
monthly_state_retained,3447,2025-04-11,2025-04-21,-0.0010339232881941,2025,2025-03-31,learned_vol_interaction,20260911,0.5558462748112867,0.5558462748112867,1,0
monthly_state_retained,3452,2025-04-18,2025-04-28,0.0048432383085554,2025,2025-03-31,learned_vol_interaction,20260911,0.5512669000081979,0.5512669000081979,1,1
monthly_state_retained,3457,2025-04-25,2025-05-12,0.02116527880118,2025,2025-03-31,learned_vol_interaction,20260911,0.46126589698872084,0.46126589698872084,0,1
monthly_state_retained,3447,2025-04-11,2025-04-21,-0.0010339232881941,2025,2025-03-31,learned_vol_interaction,20260912,0.5182124590150238,0.5182124590150238,1,0
monthly_state_retained,3452,2025-04-18,2025-04-28,0.0048432383085554,2025,2025-03-31,learned_vol_interaction,20260912,0.6373210111342115,0.6373210111342115,1,1
monthly_state_retained,3457,2025-04-25,2025-05-12,0.02116527880118,2025,2025-03-31,learned_vol_interaction,20260912,0.4715989287340677,0.4715989287340677,0,1
monthly_state_retained,3447,2025-04-11,2025-04-21,-0.0010339232881941,2025,2025-03-31,learned_order_extension,20260910,0.567649834278569,0.567649834278569,1,0
monthly_state_retained,3452,2025-04-18,2025-04-28,0.0048432383085554,2025,2025-03-31,learned_order_extension,20260910,0.681410394058545,0.681410394058545,1,1
monthly_state_retained,3457,2025-04-25,2025-05-12,0.02116527880118,2025,2025-03-31,learned_order_extension,20260910,0.5052829053147527,0.5052829053147527,1,1
monthly_state_retained,3447,2025-04-11,2025-04-21,-0.0010339232881941,2025,2025-03-31,learned_order_extension,20260911,0.5534048068203342,0.5534048068203342,1,0
monthly_state_retained,3452,2025-04-18,2025-04-28,0.0048432383085554,2025,2025-03-31,learned_order_extension,20260911,0.5527203776973565,0.5527203776973565,1,1
monthly_state_retained,3457,2025-04-25,2025-05-12,0.02116527880118,2025,2025-03-31,learned_order_extension,20260911,0.46353892920875955,0.46353892920875955,0,1
monthly_state_retained,3447,2025-04-11,2025-04-21,-0.0010339232881941,2025,2025-03-31,learned_order_extension,20260912,0.5146965896009417,0.5146965896009417,1,0
monthly_state_retained,3452,2025-04-18,2025-04-28,0.0048432383085554,2025,2025-03-31,learned_order_extension,20260912,0.6661309990671398,0.6661309990671398,1,1
monthly_state_retained,3457,2025-04-25,2025-05-12,0.02116527880118,2025,2025-03-31,learned_order_extension,20260912,0.4604952035655177,0.4604952035655177,0,1
monthly_state_retained,3447,2025-04-11,2025-04-21,-0.0010339232881941,2025,2025-03-31,learned_order_offset,20260910,0.5649605883931398,0.5649605883931398,1,0
monthly_state_retained,3452,2025-04-18,2025-04-28,0.0048432383085554,2025,2025-03-31,learned_order_offset,20260910,0.6812464486051237,0.6812464486051237,1,1
monthly_state_retained,3457,2025-04-25,2025-05-12,0.02116527880118,2025,2025-03-31,learned_order_offset,20260910,0.5051445248644001,0.5051445248644001,1,1
monthly_state_retained,3447,2025-04-11,2025-04-21,-0.0010339232881941,2025,2025-03-31,learned_order_offset,20260911,0.5534156127217199,0.5534156127217199,1,0
monthly_state_retained,3452,2025-04-18,2025-04-28,0.0048432383085554,2025,2025-03-31,learned_order_offset,20260911,0.5527711816702962,0.5527711816702962,1,1
monthly_state_retained,3457,2025-04-25,2025-05-12,0.02116527880118,2025,2025-03-31,learned_order_offset,20260911,0.4636520171330569,0.4636520171330569,0,1
monthly_state_retained,3447,2025-04-11,2025-04-21,-0.0010339232881941,2025,2025-03-31,learned_order_offset,20260912,0.5120728879925767,0.5120728879925767,1,0
monthly_state_retained,3452,2025-04-18,2025-04-28,0.0048432383085554,2025,2025-03-31,learned_order_offset,20260912,0.6635249152228766,0.6635249152228766,1,1
monthly_state_retained,3457,2025-04-25,2025-05-12,0.02116527880118,2025,2025-03-31,learned_order_offset,20260912,0.46286812448480785,0.46286812448480785,0,1
monthly_state_retained,3464,2025-05-09,2025-05-19,0.0041484224873464,2025,2025-04-30,learned_market,20260910,0.3523147726530921,0.3523147726530921,0,1
monthly_state_retained,3469,2025-05-16,2025-05-26,-0.0017462660042188,2025,2025-04-30,learned_market,20260910,0.31613112525206455,0.31613112525206455,0,0
monthly_state_retained,3474,2025-05-23,2025-06-03,-0.0109216443615366,2025,2025-04-30,learned_market,20260910,0.41483918640234824,0.41483918640234824,0,0
monthly_state_retained,3479,2025-05-30,2025-06-09,0.011566574321892,2025,2025-04-30,learned_market,20260910,0.34688399080389654,0.34688399080389654,0,1
monthly_state_retained,3464,2025-05-09,2025-05-19,0.0041484224873464,2025,2025-04-30,learned_market,20260911,0.34422178655874824,0.34422178655874824,0,1
monthly_state_retained,3469,2025-05-16,2025-05-26,-0.0017462660042188,2025,2025-04-30,learned_market,20260911,0.17418561276292863,0.17418561276292863,0,0
monthly_state_retained,3474,2025-05-23,2025-06-03,-0.0109216443615366,2025,2025-04-30,learned_market,20260911,0.3133768796150234,0.3133768796150234,0,0
monthly_state_retained,3479,2025-05-30,2025-06-09,0.011566574321892,2025,2025-04-30,learned_market,20260911,0.25281934531182526,0.25281934531182526,0,1
monthly_state_retained,3464,2025-05-09,2025-05-19,0.0041484224873464,2025,2025-04-30,learned_market,20260912,0.2142742232715394,0.2142742232715394,0,1
monthly_state_retained,3469,2025-05-16,2025-05-26,-0.0017462660042188,2025,2025-04-30,learned_market,20260912,0.29985200432572173,0.29985200432572173,0,0
monthly_state_retained,3474,2025-05-23,2025-06-03,-0.0109216443615366,2025,2025-04-30,learned_market,20260912,0.18964856271285935,0.18964856271285935,0,0
monthly_state_retained,3479,2025-05-30,2025-06-09,0.011566574321892,2025,2025-04-30,learned_market,20260912,0.14811141993036436,0.14811141993036436,0,1
monthly_state_retained,3464,2025-05-09,2025-05-19,0.0041484224873464,2025,2025-04-30,learned_vol_interaction,20260910,0.3200797945040684,0.3200797945040684,0,1
monthly_state_retained,3469,2025-05-16,2025-05-26,-0.0017462660042188,2025,2025-04-30,learned_vol_interaction,20260910,0.2871941968266558,0.2871941968266558,0,0
monthly_state_retained,3474,2025-05-23,2025-06-03,-0.0109216443615366,2025,2025-04-30,learned_vol_interaction,20260910,0.4170781557787939,0.4170781557787939,0,0
monthly_state_retained,3479,2025-05-30,2025-06-09,0.011566574321892,2025,2025-04-30,learned_vol_interaction,20260910,0.34423698671874764,0.34423698671874764,0,1
monthly_state_retained,3464,2025-05-09,2025-05-19,0.0041484224873464,2025,2025-04-30,learned_vol_interaction,20260911,0.3440770326982158,0.3440770326982158,0,1
monthly_state_retained,3469,2025-05-16,2025-05-26,-0.0017462660042188,2025,2025-04-30,learned_vol_interaction,20260911,0.15708415693631408,0.15708415693631408,0,0
monthly_state_retained,3474,2025-05-23,2025-06-03,-0.0109216443615366,2025,2025-04-30,learned_vol_interaction,20260911,0.3129141751799449,0.3129141751799449,0,0
monthly_state_retained,3479,2025-05-30,2025-06-09,0.011566574321892,2025,2025-04-30,learned_vol_interaction,20260911,0.24172513013127842,0.24172513013127842,0,1
monthly_state_retained,3464,2025-05-09,2025-05-19,0.0041484224873464,2025,2025-04-30,learned_vol_interaction,20260912,0.2101544098270596,0.2101544098270596,0,1
monthly_state_retained,3469,2025-05-16,2025-05-26,-0.0017462660042188,2025,2025-04-30,learned_vol_interaction,20260912,0.29805872622892515,0.29805872622892515,0,0
monthly_state_retained,3474,2025-05-23,2025-06-03,-0.0109216443615366,2025,2025-04-30,learned_vol_interaction,20260912,0.1862452321236867,0.1862452321236867,0,0
monthly_state_retained,3479,2025-05-30,2025-06-09,0.011566574321892,2025,2025-04-30,learned_vol_interaction,20260912,0.14419638192548384,0.14419638192548384,0,1
monthly_state_retained,3464,2025-05-09,2025-05-19,0.0041484224873464,2025,2025-04-30,learned_order_extension,20260910,0.3072593086437894,0.3072593086437894,0,1
monthly_state_retained,3469,2025-05-16,2025-05-26,-0.0017462660042188,2025,2025-04-30,learned_order_extension,20260910,0.2841487036737628,0.2841487036737628,0,0
monthly_state_retained,3474,2025-05-23,2025-06-03,-0.0109216443615366,2025,2025-04-30,learned_order_extension,20260910,0.4207093759623844,0.4207093759623844,0,0
monthly_state_retained,3479,2025-05-30,2025-06-09,0.011566574321892,2025,2025-04-30,learned_order_extension,20260910,0.36661087579078333,0.36661087579078333,0,1
monthly_state_retained,3464,2025-05-09,2025-05-19,0.0041484224873464,2025,2025-04-30,learned_order_extension,20260911,0.34031929959754853,0.34031929959754853,0,1
monthly_state_retained,3469,2025-05-16,2025-05-26,-0.0017462660042188,2025,2025-04-30,learned_order_extension,20260911,0.15709792545803983,0.15709792545803983,0,0
monthly_state_retained,3474,2025-05-23,2025-06-03,-0.0109216443615366,2025,2025-04-30,learned_order_extension,20260911,0.3063125594871174,0.3063125594871174,0,0
monthly_state_retained,3479,2025-05-30,2025-06-09,0.011566574321892,2025,2025-04-30,learned_order_extension,20260911,0.23641664065241727,0.23641664065241727,0,1
monthly_state_retained,3464,2025-05-09,2025-05-19,0.0041484224873464,2025,2025-04-30,learned_order_extension,20260912,0.20065602474517458,0.20065602474517458,0,1
monthly_state_retained,3469,2025-05-16,2025-05-26,-0.0017462660042188,2025,2025-04-30,learned_order_extension,20260912,0.3087098606837302,0.3087098606837302,0,0
monthly_state_retained,3474,2025-05-23,2025-06-03,-0.0109216443615366,2025,2025-04-30,learned_order_extension,20260912,0.21033839292028866,0.21033839292028866,0,0
monthly_state_retained,3479,2025-05-30,2025-06-09,0.011566574321892,2025,2025-04-30,learned_order_extension,20260912,0.18840861323061106,0.18840861323061106,0,1
monthly_state_retained,3464,2025-05-09,2025-05-19,0.0041484224873464,2025,2025-04-30,learned_order_offset,20260910,0.30797147798838415,0.30797147798838415,0,1
monthly_state_retained,3469,2025-05-16,2025-05-26,-0.0017462660042188,2025,2025-04-30,learned_order_offset,20260910,0.28437273069885327,0.28437273069885327,0,0
monthly_state_retained,3474,2025-05-23,2025-06-03,-0.0109216443615366,2025,2025-04-30,learned_order_offset,20260910,0.4212089027622125,0.4212089027622125,0,0
monthly_state_retained,3479,2025-05-30,2025-06-09,0.011566574321892,2025,2025-04-30,learned_order_offset,20260910,0.36688120389346207,0.36688120389346207,0,1
monthly_state_retained,3464,2025-05-09,2025-05-19,0.0041484224873464,2025,2025-04-30,learned_order_offset,20260911,0.3402964813680482,0.3402964813680482,0,1
monthly_state_retained,3469,2025-05-16,2025-05-26,-0.0017462660042188,2025,2025-04-30,learned_order_offset,20260911,0.15711473180581975,0.15711473180581975,0,0
monthly_state_retained,3474,2025-05-23,2025-06-03,-0.0109216443615366,2025,2025-04-30,learned_order_offset,20260911,0.3063412438428447,0.3063412438428447,0,0
monthly_state_retained,3479,2025-05-30,2025-06-09,0.011566574321892,2025,2025-04-30,learned_order_offset,20260911,0.23639706495645438,0.23639706495645438,0,1
monthly_state_retained,3464,2025-05-09,2025-05-19,0.0041484224873464,2025,2025-04-30,learned_order_offset,20260912,0.20455223051358004,0.20455223051358004,0,1
monthly_state_retained,3469,2025-05-16,2025-05-26,-0.0017462660042188,2025,2025-04-30,learned_order_offset,20260912,0.31173015568826534,0.31173015568826534,0,0
monthly_state_retained,3474,2025-05-23,2025-06-03,-0.0109216443615366,2025,2025-04-30,learned_order_offset,20260912,0.2148513812563758,0.2148513812563758,0,0
monthly_state_retained,3479,2025-05-30,2025-06-09,0.011566574321892,2025,2025-04-30,learned_order_offset,20260912,0.19317897916762164,0.19317897916762164,0,1
monthly_state_retained,3483,2025-06-06,2025-06-16,-0.0062354943524679,2025,2025-05-31,learned_market,20260910,0.4008337518523243,0.4008337518523243,0,0
monthly_state_retained,3488,2025-06-13,2025-06-23,-0.005825691168304,2025,2025-05-31,learned_market,20260910,0.39810789776620636,0.39810789776620636,0,0
monthly_state_retained,3493,2025-06-20,2025-06-30,0.0232670437490374,2025,2025-05-31,learned_market,20260910,0.4122689448247892,0.4122689448247892,0,1
monthly_state_retained,3498,2025-06-27,2025-07-07,0.0145345648685946,2025,2025-05-31,learned_market,20260910,0.3732862575696102,0.3732862575696102,0,1
monthly_state_retained,3483,2025-06-06,2025-06-16,-0.0062354943524679,2025,2025-05-31,learned_market,20260911,0.5350200825873069,0.5350200825873069,1,0
monthly_state_retained,3488,2025-06-13,2025-06-23,-0.005825691168304,2025,2025-05-31,learned_market,20260911,0.46140451244920655,0.46140451244920655,0,0
monthly_state_retained,3493,2025-06-20,2025-06-30,0.0232670437490374,2025,2025-05-31,learned_market,20260911,0.5232923093031243,0.5232923093031243,1,1
monthly_state_retained,3498,2025-06-27,2025-07-07,0.0145345648685946,2025,2025-05-31,learned_market,20260911,0.5610127223665392,0.5610127223665392,1,1
monthly_state_retained,3483,2025-06-06,2025-06-16,-0.0062354943524679,2025,2025-05-31,learned_market,20260912,0.37428363998955994,0.37428363998955994,0,0
monthly_state_retained,3488,2025-06-13,2025-06-23,-0.005825691168304,2025,2025-05-31,learned_market,20260912,0.2863959921610815,0.2863959921610815,0,0
monthly_state_retained,3493,2025-06-20,2025-06-30,0.0232670437490374,2025,2025-05-31,learned_market,20260912,0.41408451859112755,0.41408451859112755,0,1
monthly_state_retained,3498,2025-06-27,2025-07-07,0.0145345648685946,2025,2025-05-31,learned_market,20260912,0.5266011272495493,0.5266011272495493,1,1
monthly_state_retained,3483,2025-06-06,2025-06-16,-0.0062354943524679,2025,2025-05-31,learned_vol_interaction,20260910,0.39394803233936054,0.39394803233936054,0,0
monthly_state_retained,3488,2025-06-13,2025-06-23,-0.005825691168304,2025,2025-05-31,learned_vol_interaction,20260910,0.3901672438709687,0.3901672438709687,0,0
monthly_state_retained,3493,2025-06-20,2025-06-30,0.0232670437490374,2025,2025-05-31,learned_vol_interaction,20260910,0.422539141417078,0.422539141417078,0,1
monthly_state_retained,3498,2025-06-27,2025-07-07,0.0145345648685946,2025,2025-05-31,learned_vol_interaction,20260910,0.38892299865015934,0.38892299865015934,0,1
monthly_state_retained,3483,2025-06-06,2025-06-16,-0.0062354943524679,2025,2025-05-31,learned_vol_interaction,20260911,0.5526607674508816,0.5526607674508816,1,0
monthly_state_retained,3488,2025-06-13,2025-06-23,-0.005825691168304,2025,2025-05-31,learned_vol_interaction,20260911,0.47804200570352084,0.47804200570352084,0,0
monthly_state_retained,3493,2025-06-20,2025-06-30,0.0232670437490374,2025,2025-05-31,learned_vol_interaction,20260911,0.5462388483085826,0.5462388483085826,1,1
monthly_state_retained,3498,2025-06-27,2025-07-07,0.0145345648685946,2025,2025-05-31,learned_vol_interaction,20260911,0.578261270104434,0.578261270104434,1,1
monthly_state_retained,3483,2025-06-06,2025-06-16,-0.0062354943524679,2025,2025-05-31,learned_vol_interaction,20260912,0.37427363804780367,0.37427363804780367,0,0
monthly_state_retained,3488,2025-06-13,2025-06-23,-0.005825691168304,2025,2025-05-31,learned_vol_interaction,20260912,0.28249272154558186,0.28249272154558186,0,0
monthly_state_retained,3493,2025-06-20,2025-06-30,0.0232670437490374,2025,2025-05-31,learned_vol_interaction,20260912,0.41432413530429735,0.41432413530429735,0,1
monthly_state_retained,3498,2025-06-27,2025-07-07,0.0145345648685946,2025,2025-05-31,learned_vol_interaction,20260912,0.527574063118162,0.527574063118162,1,1
monthly_state_retained,3483,2025-06-06,2025-06-16,-0.0062354943524679,2025,2025-05-31,learned_order_extension,20260910,0.3936564236882862,0.3936564236882862,0,0
monthly_state_retained,3488,2025-06-13,2025-06-23,-0.005825691168304,2025,2025-05-31,learned_order_extension,20260910,0.3843243252425731,0.3843243252425731,0,0
monthly_state_retained,3493,2025-06-20,2025-06-30,0.0232670437490374,2025,2025-05-31,learned_order_extension,20260910,0.41985667642019336,0.41985667642019336,0,1
monthly_state_retained,3498,2025-06-27,2025-07-07,0.0145345648685946,2025,2025-05-31,learned_order_extension,20260910,0.40978431801033516,0.40978431801033516,0,1
monthly_state_retained,3483,2025-06-06,2025-06-16,-0.0062354943524679,2025,2025-05-31,learned_order_extension,20260911,0.5313225578335309,0.5313225578335309,1,0
monthly_state_retained,3488,2025-06-13,2025-06-23,-0.005825691168304,2025,2025-05-31,learned_order_extension,20260911,0.45211806356950096,0.45211806356950096,0,0
monthly_state_retained,3493,2025-06-20,2025-06-30,0.0232670437490374,2025,2025-05-31,learned_order_extension,20260911,0.5221950782399937,0.5221950782399937,1,1
monthly_state_retained,3498,2025-06-27,2025-07-07,0.0145345648685946,2025,2025-05-31,learned_order_extension,20260911,0.5789884729243365,0.5789884729243365,1,1
monthly_state_retained,3483,2025-06-06,2025-06-16,-0.0062354943524679,2025,2025-05-31,learned_order_extension,20260912,0.38745098395675837,0.38745098395675837,0,0
monthly_state_retained,3488,2025-06-13,2025-06-23,-0.005825691168304,2025,2025-05-31,learned_order_extension,20260912,0.28141278251871976,0.28141278251871976,0,0
monthly_state_retained,3493,2025-06-20,2025-06-30,0.0232670437490374,2025,2025-05-31,learned_order_extension,20260912,0.4175806548653716,0.4175806548653716,0,1
monthly_state_retained,3498,2025-06-27,2025-07-07,0.0145345648685946,2025,2025-05-31,learned_order_extension,20260912,0.5181270090222981,0.5181270090222981,1,1
monthly_state_retained,3483,2025-06-06,2025-06-16,-0.0062354943524679,2025,2025-05-31,learned_order_offset,20260910,0.3945389295863826,0.3945389295863826,0,0
monthly_state_retained,3488,2025-06-13,2025-06-23,-0.005825691168304,2025,2025-05-31,learned_order_offset,20260910,0.3848445474964842,0.3848445474964842,0,0
monthly_state_retained,3493,2025-06-20,2025-06-30,0.0232670437490374,2025,2025-05-31,learned_order_offset,20260910,0.4199280197344549,0.4199280197344549,0,1
monthly_state_retained,3498,2025-06-27,2025-07-07,0.0145345648685946,2025,2025-05-31,learned_order_offset,20260910,0.4097128200210753,0.4097128200210753,0,1
monthly_state_retained,3483,2025-06-06,2025-06-16,-0.0062354943524679,2025,2025-05-31,learned_order_offset,20260911,0.5311560973700079,0.5311560973700079,1,0
monthly_state_retained,3488,2025-06-13,2025-06-23,-0.005825691168304,2025,2025-05-31,learned_order_offset,20260911,0.4520376123468076,0.4520376123468076,0,0
monthly_state_retained,3493,2025-06-20,2025-06-30,0.0232670437490374,2025,2025-05-31,learned_order_offset,20260911,0.5221295360161994,0.5221295360161994,1,1
monthly_state_retained,3498,2025-06-27,2025-07-07,0.0145345648685946,2025,2025-05-31,learned_order_offset,20260911,0.578950056434683,0.578950056434683,1,1
monthly_state_retained,3483,2025-06-06,2025-06-16,-0.0062354943524679,2025,2025-05-31,learned_order_offset,20260912,0.39064107842726914,0.39064107842726914,0,0
monthly_state_retained,3488,2025-06-13,2025-06-23,-0.005825691168304,2025,2025-05-31,learned_order_offset,20260912,0.2815796479438379,0.2815796479438379,0,0
monthly_state_retained,3493,2025-06-20,2025-06-30,0.0232670437490374,2025,2025-05-31,learned_order_offset,20260912,0.41708667392927007,0.41708667392927007,0,1
monthly_state_retained,3498,2025-06-27,2025-07-07,0.0145345648685946,2025,2025-05-31,learned_order_offset,20260912,0.51621490195825,0.51621490195825,1,1
monthly_state_retained,3503,2025-07-04,2025-07-14,0.0110426949002964,2025,2025-06-30,learned_market,20260910,0.7015823439777326,0.7015823439777326,1,1
monthly_state_retained,3508,2025-07-11,2025-07-21,0.0120759671840067,2025,2025-06-30,learned_market,20260910,0.7139989728727871,0.7139989728727871,1,1
monthly_state_retained,3513,2025-07-18,2025-07-28,0.0143570766898375,2025,2025-06-30,learned_market,20260910,0.4034517865000961,0.4034517865000961,0,1
monthly_state_retained,3518,2025-07-25,2025-08-04,-0.0218642507630443,2025,2025-06-30,learned_market,20260910,0.48275696040931965,0.48275696040931965,0,0
monthly_state_retained,3503,2025-07-04,2025-07-14,0.0110426949002964,2025,2025-06-30,learned_market,20260911,0.6568898114490267,0.6568898114490267,1,1
monthly_state_retained,3508,2025-07-11,2025-07-21,0.0120759671840067,2025,2025-06-30,learned_market,20260911,0.43798275099067796,0.43798275099067796,0,1
monthly_state_retained,3513,2025-07-18,2025-07-28,0.0143570766898375,2025,2025-06-30,learned_market,20260911,0.45123982610211855,0.45123982610211855,0,1
monthly_state_retained,3518,2025-07-25,2025-08-04,-0.0218642507630443,2025,2025-06-30,learned_market,20260911,0.37704556959575936,0.37704556959575936,0,0
monthly_state_retained,3503,2025-07-04,2025-07-14,0.0110426949002964,2025,2025-06-30,learned_market,20260912,0.44691982418443277,0.44691982418443277,0,1
monthly_state_retained,3508,2025-07-11,2025-07-21,0.0120759671840067,2025,2025-06-30,learned_market,20260912,0.5272263603973415,0.5272263603973415,1,1
monthly_state_retained,3513,2025-07-18,2025-07-28,0.0143570766898375,2025,2025-06-30,learned_market,20260912,0.7010339582730474,0.7010339582730474,1,1
monthly_state_retained,3518,2025-07-25,2025-08-04,-0.0218642507630443,2025,2025-06-30,learned_market,20260912,0.5207227531667084,0.5207227531667084,1,0
monthly_state_retained,3503,2025-07-04,2025-07-14,0.0110426949002964,2025,2025-06-30,learned_vol_interaction,20260910,0.7804471157978421,0.7804471157978421,1,1
monthly_state_retained,3508,2025-07-11,2025-07-21,0.0120759671840067,2025,2025-06-30,learned_vol_interaction,20260910,0.8059006088843718,0.8059006088843718,1,1
monthly_state_retained,3513,2025-07-18,2025-07-28,0.0143570766898375,2025,2025-06-30,learned_vol_interaction,20260910,0.4022202754416644,0.4022202754416644,0,1
monthly_state_retained,3518,2025-07-25,2025-08-04,-0.0218642507630443,2025,2025-06-30,learned_vol_interaction,20260910,0.4655503807560464,0.4655503807560464,0,0
monthly_state_retained,3503,2025-07-04,2025-07-14,0.0110426949002964,2025,2025-06-30,learned_vol_interaction,20260911,0.6743637676475238,0.6743637676475238,1,1
monthly_state_retained,3508,2025-07-11,2025-07-21,0.0120759671840067,2025,2025-06-30,learned_vol_interaction,20260911,0.44186685371591494,0.44186685371591494,0,1
monthly_state_retained,3513,2025-07-18,2025-07-28,0.0143570766898375,2025,2025-06-30,learned_vol_interaction,20260911,0.4541727142574433,0.4541727142574433,0,1
monthly_state_retained,3518,2025-07-25,2025-08-04,-0.0218642507630443,2025,2025-06-30,learned_vol_interaction,20260911,0.3697066493096656,0.3697066493096656,0,0
monthly_state_retained,3503,2025-07-04,2025-07-14,0.0110426949002964,2025,2025-06-30,learned_vol_interaction,20260912,0.4460138413271689,0.4460138413271689,0,1
monthly_state_retained,3508,2025-07-11,2025-07-21,0.0120759671840067,2025,2025-06-30,learned_vol_interaction,20260912,0.5313131532633956,0.5313131532633956,1,1
monthly_state_retained,3513,2025-07-18,2025-07-28,0.0143570766898375,2025,2025-06-30,learned_vol_interaction,20260912,0.7086416116210668,0.7086416116210668,1,1
monthly_state_retained,3518,2025-07-25,2025-08-04,-0.0218642507630443,2025,2025-06-30,learned_vol_interaction,20260912,0.5244618144098299,0.5244618144098299,1,0
monthly_state_retained,3503,2025-07-04,2025-07-14,0.0110426949002964,2025,2025-06-30,learned_order_extension,20260910,0.7176321167186754,0.7176321167186754,1,1
monthly_state_retained,3508,2025-07-11,2025-07-21,0.0120759671840067,2025,2025-06-30,learned_order_extension,20260910,0.8326931438759837,0.8326931438759837,1,1
monthly_state_retained,3513,2025-07-18,2025-07-28,0.0143570766898375,2025,2025-06-30,learned_order_extension,20260910,0.39152870941681295,0.39152870941681295,0,1
monthly_state_retained,3518,2025-07-25,2025-08-04,-0.0218642507630443,2025,2025-06-30,learned_order_extension,20260910,0.44803558799905846,0.44803558799905846,0,0
monthly_state_retained,3503,2025-07-04,2025-07-14,0.0110426949002964,2025,2025-06-30,learned_order_extension,20260911,0.6783853641950703,0.6783853641950703,1,1
monthly_state_retained,3508,2025-07-11,2025-07-21,0.0120759671840067,2025,2025-06-30,learned_order_extension,20260911,0.44194145653903777,0.44194145653903777,0,1
monthly_state_retained,3513,2025-07-18,2025-07-28,0.0143570766898375,2025,2025-06-30,learned_order_extension,20260911,0.4542765697501973,0.4542765697501973,0,1
monthly_state_retained,3518,2025-07-25,2025-08-04,-0.0218642507630443,2025,2025-06-30,learned_order_extension,20260911,0.3705804310840424,0.3705804310840424,0,0
monthly_state_retained,3503,2025-07-04,2025-07-14,0.0110426949002964,2025,2025-06-30,learned_order_extension,20260912,0.44975661840836995,0.44975661840836995,0,1
monthly_state_retained,3508,2025-07-11,2025-07-21,0.0120759671840067,2025,2025-06-30,learned_order_extension,20260912,0.5396775320772306,0.5396775320772306,1,1
monthly_state_retained,3513,2025-07-18,2025-07-28,0.0143570766898375,2025,2025-06-30,learned_order_extension,20260912,0.7181896217551942,0.7181896217551942,1,1
monthly_state_retained,3518,2025-07-25,2025-08-04,-0.0218642507630443,2025,2025-06-30,learned_order_extension,20260912,0.4788967000353738,0.4788967000353738,0,0
monthly_state_retained,3503,2025-07-04,2025-07-14,0.0110426949002964,2025,2025-06-30,learned_order_offset,20260910,0.7138049429629315,0.7138049429629315,1,1
monthly_state_retained,3508,2025-07-11,2025-07-21,0.0120759671840067,2025,2025-06-30,learned_order_offset,20260910,0.8295391005206344,0.8295391005206344,1,1
monthly_state_retained,3513,2025-07-18,2025-07-28,0.0143570766898375,2025,2025-06-30,learned_order_offset,20260910,0.3912754070593162,0.3912754070593162,0,1
monthly_state_retained,3518,2025-07-25,2025-08-04,-0.0218642507630443,2025,2025-06-30,learned_order_offset,20260910,0.4472338795260976,0.4472338795260976,0,0
monthly_state_retained,3503,2025-07-04,2025-07-14,0.0110426949002964,2025,2025-06-30,learned_order_offset,20260911,0.678441879183803,0.678441879183803,1,1
monthly_state_retained,3508,2025-07-11,2025-07-21,0.0120759671840067,2025,2025-06-30,learned_order_offset,20260911,0.44212080116495506,0.44212080116495506,0,1
monthly_state_retained,3513,2025-07-18,2025-07-28,0.0143570766898375,2025,2025-06-30,learned_order_offset,20260911,0.4543231137369766,0.4543231137369766,0,1
monthly_state_retained,3518,2025-07-25,2025-08-04,-0.0218642507630443,2025,2025-06-30,learned_order_offset,20260911,0.370682013137504,0.370682013137504,0,0
monthly_state_retained,3503,2025-07-04,2025-07-14,0.0110426949002964,2025,2025-06-30,learned_order_offset,20260912,0.4492168708376479,0.4492168708376479,0,1
monthly_state_retained,3508,2025-07-11,2025-07-21,0.0120759671840067,2025,2025-06-30,learned_order_offset,20260912,0.5370542470526525,0.5370542470526525,1,1
monthly_state_retained,3513,2025-07-18,2025-07-28,0.0143570766898375,2025,2025-06-30,learned_order_offset,20260912,0.7112619395712232,0.7112619395712232,1,1
monthly_state_retained,3518,2025-07-25,2025-08-04,-0.0218642507630443,2025,2025-06-30,learned_order_offset,20260912,0.4726001591921405,0.4726001591921405,0,0
monthly_state_retained,3523,2025-08-01,2025-08-11,0.0179175520190988,2025,2025-07-31,learned_market,20260910,0.5124883538124961,0.5124883538124961,1,1
monthly_state_retained,3528,2025-08-08,2025-08-18,0.026265786598999,2025,2025-07-31,learned_market,20260910,0.337061662660508,0.337061662660508,0,1
monthly_state_retained,3533,2025-08-15,2025-08-25,0.0469483790671487,2025,2025-07-31,learned_market,20260910,0.4403874641150846,0.4403874641150846,0,1
monthly_state_retained,3538,2025-08-22,2025-09-01,0.0227770368340847,2025,2025-07-31,learned_market,20260910,0.4148027182610919,0.4148027182610919,0,1
monthly_state_retained,3543,2025-08-29,2025-09-08,-0.0110053842475337,2025,2025-07-31,learned_market,20260910,0.44547018940253946,0.44547018940253946,0,0
monthly_state_retained,3523,2025-08-01,2025-08-11,0.0179175520190988,2025,2025-07-31,learned_market,20260911,0.3633584459405606,0.3633584459405606,0,1
monthly_state_retained,3528,2025-08-08,2025-08-18,0.026265786598999,2025,2025-07-31,learned_market,20260911,0.25506671682854865,0.25506671682854865,0,1
monthly_state_retained,3533,2025-08-15,2025-08-25,0.0469483790671487,2025,2025-07-31,learned_market,20260911,0.43449755283990127,0.43449755283990127,0,1
monthly_state_retained,3538,2025-08-22,2025-09-01,0.0227770368340847,2025,2025-07-31,learned_market,20260911,0.2874119167958537,0.2874119167958537,0,1
monthly_state_retained,3543,2025-08-29,2025-09-08,-0.0110053842475337,2025,2025-07-31,learned_market,20260911,0.4144480705711107,0.4144480705711107,0,0
monthly_state_retained,3523,2025-08-01,2025-08-11,0.0179175520190988,2025,2025-07-31,learned_market,20260912,0.5533128799487951,0.5533128799487951,1,1
monthly_state_retained,3528,2025-08-08,2025-08-18,0.026265786598999,2025,2025-07-31,learned_market,20260912,0.2654483154600339,0.2654483154600339,0,1
monthly_state_retained,3533,2025-08-15,2025-08-25,0.0469483790671487,2025,2025-07-31,learned_market,20260912,0.430346000343231,0.430346000343231,0,1
monthly_state_retained,3538,2025-08-22,2025-09-01,0.0227770368340847,2025,2025-07-31,learned_market,20260912,0.3374740410180076,0.3374740410180076,0,1
monthly_state_retained,3543,2025-08-29,2025-09-08,-0.0110053842475337,2025,2025-07-31,learned_market,20260912,0.6668290394265773,0.6668290394265773,1,0
monthly_state_retained,3523,2025-08-01,2025-08-11,0.0179175520190988,2025,2025-07-31,learned_vol_interaction,20260910,0.5131744614899625,0.5131744614899625,1,1
monthly_state_retained,3528,2025-08-08,2025-08-18,0.026265786598999,2025,2025-07-31,learned_vol_interaction,20260910,0.26813484576790564,0.26813484576790564,0,1
monthly_state_retained,3533,2025-08-15,2025-08-25,0.0469483790671487,2025,2025-07-31,learned_vol_interaction,20260910,0.3957918177235022,0.3957918177235022,0,1
monthly_state_retained,3538,2025-08-22,2025-09-01,0.0227770368340847,2025,2025-07-31,learned_vol_interaction,20260910,0.3814946408024303,0.3814946408024303,0,1
monthly_state_retained,3543,2025-08-29,2025-09-08,-0.0110053842475337,2025,2025-07-31,learned_vol_interaction,20260910,0.4238694970722328,0.4238694970722328,0,0
monthly_state_retained,3523,2025-08-01,2025-08-11,0.0179175520190988,2025,2025-07-31,learned_vol_interaction,20260911,0.3568661377683452,0.3568661377683452,0,1
monthly_state_retained,3528,2025-08-08,2025-08-18,0.026265786598999,2025,2025-07-31,learned_vol_interaction,20260911,0.24449969015279646,0.24449969015279646,0,1
monthly_state_retained,3533,2025-08-15,2025-08-25,0.0469483790671487,2025,2025-07-31,learned_vol_interaction,20260911,0.4318144455464327,0.4318144455464327,0,1
monthly_state_retained,3538,2025-08-22,2025-09-01,0.0227770368340847,2025,2025-07-31,learned_vol_interaction,20260911,0.27370668176480956,0.27370668176480956,0,1
monthly_state_retained,3543,2025-08-29,2025-09-08,-0.0110053842475337,2025,2025-07-31,learned_vol_interaction,20260911,0.40151160251610146,0.40151160251610146,0,0
monthly_state_retained,3523,2025-08-01,2025-08-11,0.0179175520190988,2025,2025-07-31,learned_vol_interaction,20260912,0.5580312472539825,0.5580312472539825,1,1
monthly_state_retained,3528,2025-08-08,2025-08-18,0.026265786598999,2025,2025-07-31,learned_vol_interaction,20260912,0.25990682624063666,0.25990682624063666,0,1
monthly_state_retained,3533,2025-08-15,2025-08-25,0.0469483790671487,2025,2025-07-31,learned_vol_interaction,20260912,0.4307306379319456,0.4307306379319456,0,1
monthly_state_retained,3538,2025-08-22,2025-09-01,0.0227770368340847,2025,2025-07-31,learned_vol_interaction,20260912,0.3345407523434467,0.3345407523434467,0,1
monthly_state_retained,3543,2025-08-29,2025-09-08,-0.0110053842475337,2025,2025-07-31,learned_vol_interaction,20260912,0.6696935042280467,0.6696935042280467,1,0
monthly_state_retained,3523,2025-08-01,2025-08-11,0.0179175520190988,2025,2025-07-31,learned_order_extension,20260910,0.4974977283652398,0.4974977283652398,0,1
monthly_state_retained,3528,2025-08-08,2025-08-18,0.026265786598999,2025,2025-07-31,learned_order_extension,20260910,0.28923456244235046,0.28923456244235046,0,1
monthly_state_retained,3533,2025-08-15,2025-08-25,0.0469483790671487,2025,2025-07-31,learned_order_extension,20260910,0.37567196821432247,0.37567196821432247,0,1
monthly_state_retained,3538,2025-08-22,2025-09-01,0.0227770368340847,2025,2025-07-31,learned_order_extension,20260910,0.35309160588380617,0.35309160588380617,0,1
monthly_state_retained,3543,2025-08-29,2025-09-08,-0.0110053842475337,2025,2025-07-31,learned_order_extension,20260910,0.414950573852872,0.414950573852872,0,0
monthly_state_retained,3523,2025-08-01,2025-08-11,0.0179175520190988,2025,2025-07-31,learned_order_extension,20260911,0.35640700933897784,0.35640700933897784,0,1
monthly_state_retained,3528,2025-08-08,2025-08-18,0.026265786598999,2025,2025-07-31,learned_order_extension,20260911,0.2417717229228953,0.2417717229228953,0,1
monthly_state_retained,3533,2025-08-15,2025-08-25,0.0469483790671487,2025,2025-07-31,learned_order_extension,20260911,0.43183334017409475,0.43183334017409475,0,1
monthly_state_retained,3538,2025-08-22,2025-09-01,0.0227770368340847,2025,2025-07-31,learned_order_extension,20260911,0.27716170555763187,0.27716170555763187,0,1
monthly_state_retained,3543,2025-08-29,2025-09-08,-0.0110053842475337,2025,2025-07-31,learned_order_extension,20260911,0.4016632874897146,0.4016632874897146,0,0
monthly_state_retained,3523,2025-08-01,2025-08-11,0.0179175520190988,2025,2025-07-31,learned_order_extension,20260912,0.5048920607412078,0.5048920607412078,1,1
monthly_state_retained,3528,2025-08-08,2025-08-18,0.026265786598999,2025,2025-07-31,learned_order_extension,20260912,0.2671707254058088,0.2671707254058088,0,1
monthly_state_retained,3533,2025-08-15,2025-08-25,0.0469483790671487,2025,2025-07-31,learned_order_extension,20260912,0.42899078082677655,0.42899078082677655,0,1
monthly_state_retained,3538,2025-08-22,2025-09-01,0.0227770368340847,2025,2025-07-31,learned_order_extension,20260912,0.3149107808618338,0.3149107808618338,0,1
monthly_state_retained,3543,2025-08-29,2025-09-08,-0.0110053842475337,2025,2025-07-31,learned_order_extension,20260912,0.6822563563025544,0.6822563563025544,1,0
monthly_state_retained,3523,2025-08-01,2025-08-11,0.0179175520190988,2025,2025-07-31,learned_order_offset,20260910,0.49738369791735854,0.49738369791735854,0,1
monthly_state_retained,3528,2025-08-08,2025-08-18,0.026265786598999,2025,2025-07-31,learned_order_offset,20260910,0.29021186818668443,0.29021186818668443,0,1
monthly_state_retained,3533,2025-08-15,2025-08-25,0.0469483790671487,2025,2025-07-31,learned_order_offset,20260910,0.3765210913585545,0.3765210913585545,0,1
monthly_state_retained,3538,2025-08-22,2025-09-01,0.0227770368340847,2025,2025-07-31,learned_order_offset,20260910,0.3535124963113698,0.3535124963113698,0,1
monthly_state_retained,3543,2025-08-29,2025-09-08,-0.0110053842475337,2025,2025-07-31,learned_order_offset,20260910,0.4155611592025284,0.4155611592025284,0,0
monthly_state_retained,3523,2025-08-01,2025-08-11,0.0179175520190988,2025,2025-07-31,learned_order_offset,20260911,0.35640730086727934,0.35640730086727934,0,1
monthly_state_retained,3528,2025-08-08,2025-08-18,0.026265786598999,2025,2025-07-31,learned_order_offset,20260911,0.2417753577493673,0.2417753577493673,0,1
monthly_state_retained,3533,2025-08-15,2025-08-25,0.0469483790671487,2025,2025-07-31,learned_order_offset,20260911,0.4318249881848226,0.4318249881848226,0,1
monthly_state_retained,3538,2025-08-22,2025-09-01,0.0227770368340847,2025,2025-07-31,learned_order_offset,20260911,0.2771710881877151,0.2771710881877151,0,1
monthly_state_retained,3543,2025-08-29,2025-09-08,-0.0110053842475337,2025,2025-07-31,learned_order_offset,20260911,0.4015498956176379,0.4015498956176379,0,0
monthly_state_retained,3523,2025-08-01,2025-08-11,0.0179175520190988,2025,2025-07-31,learned_order_offset,20260912,0.5020957913429207,0.5020957913429207,1,1
monthly_state_retained,3528,2025-08-08,2025-08-18,0.026265786598999,2025,2025-07-31,learned_order_offset,20260912,0.2658596532709608,0.2658596532709608,0,1
monthly_state_retained,3533,2025-08-15,2025-08-25,0.0469483790671487,2025,2025-07-31,learned_order_offset,20260912,0.4277797400971979,0.4277797400971979,0,1
monthly_state_retained,3538,2025-08-22,2025-09-01,0.0227770368340847,2025,2025-07-31,learned_order_offset,20260912,0.31588824917538333,0.31588824917538333,0,1
monthly_state_retained,3543,2025-08-29,2025-09-08,-0.0110053842475337,2025,2025-07-31,learned_order_offset,20260912,0.6781481763268534,0.6781481763268534,1,0
monthly_state_retained,3548,2025-09-05,2025-09-15,0.0151594857594405,2025,2025-08-31,learned_market,20260910,0.439099196508694,0.439099196508694,0,1
monthly_state_retained,3553,2025-09-12,2025-09-22,-0.0050409160971932,2025,2025-08-31,learned_market,20260910,0.47404842126415475,0.47404842126415475,0,0
monthly_state_retained,3558,2025-09-19,2025-09-29,0.0095300784790881,2025,2025-08-31,learned_market,20260910,0.46350428274903427,0.46350428274903427,0,1
monthly_state_retained,3563,2025-09-26,2025-10-13,-0.0140855274279203,2025,2025-08-31,learned_market,20260910,0.47329908698714157,0.47329908698714157,0,0
monthly_state_retained,3548,2025-09-05,2025-09-15,0.0151594857594405,2025,2025-08-31,learned_market,20260911,0.3838102273043383,0.3838102273043383,0,1
monthly_state_retained,3553,2025-09-12,2025-09-22,-0.0050409160971932,2025,2025-08-31,learned_market,20260911,0.5124875202553011,0.5124875202553011,1,0
monthly_state_retained,3558,2025-09-19,2025-09-29,0.0095300784790881,2025,2025-08-31,learned_market,20260911,0.3928507736042907,0.3928507736042907,0,1
monthly_state_retained,3563,2025-09-26,2025-10-13,-0.0140855274279203,2025,2025-08-31,learned_market,20260911,0.41332433429860765,0.41332433429860765,0,0
monthly_state_retained,3548,2025-09-05,2025-09-15,0.0151594857594405,2025,2025-08-31,learned_market,20260912,0.4151247806853778,0.4151247806853778,0,1
monthly_state_retained,3553,2025-09-12,2025-09-22,-0.0050409160971932,2025,2025-08-31,learned_market,20260912,0.616582283637926,0.616582283637926,1,0
monthly_state_retained,3558,2025-09-19,2025-09-29,0.0095300784790881,2025,2025-08-31,learned_market,20260912,0.346159438667962,0.346159438667962,0,1
monthly_state_retained,3563,2025-09-26,2025-10-13,-0.0140855274279203,2025,2025-08-31,learned_market,20260912,0.49779557172832706,0.49779557172832706,0,0
monthly_state_retained,3548,2025-09-05,2025-09-15,0.0151594857594405,2025,2025-08-31,learned_vol_interaction,20260910,0.43903974814462976,0.43903974814462976,0,1
monthly_state_retained,3553,2025-09-12,2025-09-22,-0.0050409160971932,2025,2025-08-31,learned_vol_interaction,20260910,0.47422353562658653,0.47422353562658653,0,0
monthly_state_retained,3558,2025-09-19,2025-09-29,0.0095300784790881,2025,2025-08-31,learned_vol_interaction,20260910,0.458739778875352,0.458739778875352,0,1
monthly_state_retained,3563,2025-09-26,2025-10-13,-0.0140855274279203,2025,2025-08-31,learned_vol_interaction,20260910,0.45076701170720995,0.45076701170720995,0,0
monthly_state_retained,3548,2025-09-05,2025-09-15,0.0151594857594405,2025,2025-08-31,learned_vol_interaction,20260911,0.3754866622737605,0.3754866622737605,0,1
monthly_state_retained,3553,2025-09-12,2025-09-22,-0.0050409160971932,2025,2025-08-31,learned_vol_interaction,20260911,0.5014167977109265,0.5014167977109265,1,0
monthly_state_retained,3558,2025-09-19,2025-09-29,0.0095300784790881,2025,2025-08-31,learned_vol_interaction,20260911,0.38974705652523406,0.38974705652523406,0,1
monthly_state_retained,3563,2025-09-26,2025-10-13,-0.0140855274279203,2025,2025-08-31,learned_vol_interaction,20260911,0.40553483605344315,0.40553483605344315,0,0
monthly_state_retained,3548,2025-09-05,2025-09-15,0.0151594857594405,2025,2025-08-31,learned_vol_interaction,20260912,0.4127840561217513,0.4127840561217513,0,1
monthly_state_retained,3553,2025-09-12,2025-09-22,-0.0050409160971932,2025,2025-08-31,learned_vol_interaction,20260912,0.6132751573531933,0.6132751573531933,1,0
monthly_state_retained,3558,2025-09-19,2025-09-29,0.0095300784790881,2025,2025-08-31,learned_vol_interaction,20260912,0.3454408676898515,0.3454408676898515,0,1
monthly_state_retained,3563,2025-09-26,2025-10-13,-0.0140855274279203,2025,2025-08-31,learned_vol_interaction,20260912,0.49682258462544754,0.49682258462544754,0,0
monthly_state_retained,3548,2025-09-05,2025-09-15,0.0151594857594405,2025,2025-08-31,learned_order_extension,20260910,0.44419609703054896,0.44419609703054896,0,1
monthly_state_retained,3553,2025-09-12,2025-09-22,-0.0050409160971932,2025,2025-08-31,learned_order_extension,20260910,0.48911647755360804,0.48911647755360804,0,0
monthly_state_retained,3558,2025-09-19,2025-09-29,0.0095300784790881,2025,2025-08-31,learned_order_extension,20260910,0.4484611229876225,0.4484611229876225,0,1
monthly_state_retained,3563,2025-09-26,2025-10-13,-0.0140855274279203,2025,2025-08-31,learned_order_extension,20260910,0.4329956852716207,0.4329956852716207,0,0
monthly_state_retained,3548,2025-09-05,2025-09-15,0.0151594857594405,2025,2025-08-31,learned_order_extension,20260911,0.37420831674124977,0.37420831674124977,0,1
monthly_state_retained,3553,2025-09-12,2025-09-22,-0.0050409160971932,2025,2025-08-31,learned_order_extension,20260911,0.503147055984005,0.503147055984005,1,0
monthly_state_retained,3558,2025-09-19,2025-09-29,0.0095300784790881,2025,2025-08-31,learned_order_extension,20260911,0.39333913585245617,0.39333913585245617,0,1
monthly_state_retained,3563,2025-09-26,2025-10-13,-0.0140855274279203,2025,2025-08-31,learned_order_extension,20260911,0.4081318148640021,0.4081318148640021,0,0
monthly_state_retained,3548,2025-09-05,2025-09-15,0.0151594857594405,2025,2025-08-31,learned_order_extension,20260912,0.413546101176203,0.413546101176203,0,1
monthly_state_retained,3553,2025-09-12,2025-09-22,-0.0050409160971932,2025,2025-08-31,learned_order_extension,20260912,0.5955127190576712,0.5955127190576712,1,0
monthly_state_retained,3558,2025-09-19,2025-09-29,0.0095300784790881,2025,2025-08-31,learned_order_extension,20260912,0.3203365822384075,0.3203365822384075,0,1
monthly_state_retained,3563,2025-09-26,2025-10-13,-0.0140855274279203,2025,2025-08-31,learned_order_extension,20260912,0.49370493999167486,0.49370493999167486,0,0
monthly_state_retained,3548,2025-09-05,2025-09-15,0.0151594857594405,2025,2025-08-31,learned_order_offset,20260910,0.44480586026466634,0.44480586026466634,0,1
monthly_state_retained,3553,2025-09-12,2025-09-22,-0.0050409160971932,2025,2025-08-31,learned_order_offset,20260910,0.4900756775013041,0.4900756775013041,0,0
monthly_state_retained,3558,2025-09-19,2025-09-29,0.0095300784790881,2025,2025-08-31,learned_order_offset,20260910,0.4492520954551793,0.4492520954551793,0,1
monthly_state_retained,3563,2025-09-26,2025-10-13,-0.0140855274279203,2025,2025-08-31,learned_order_offset,20260910,0.4335073624553348,0.4335073624553348,0,0
monthly_state_retained,3548,2025-09-05,2025-09-15,0.0151594857594405,2025,2025-08-31,learned_order_offset,20260911,0.37420565733546446,0.37420565733546446,0,1
monthly_state_retained,3553,2025-09-12,2025-09-22,-0.0050409160971932,2025,2025-08-31,learned_order_offset,20260911,0.5031042607505921,0.5031042607505921,1,0
monthly_state_retained,3558,2025-09-19,2025-09-29,0.0095300784790881,2025,2025-08-31,learned_order_offset,20260911,0.39333063714085875,0.39333063714085875,0,1
monthly_state_retained,3563,2025-09-26,2025-10-13,-0.0140855274279203,2025,2025-08-31,learned_order_offset,20260911,0.40808585003619935,0.40808585003619935,0,0
monthly_state_retained,3548,2025-09-05,2025-09-15,0.0151594857594405,2025,2025-08-31,learned_order_offset,20260912,0.41515740085251923,0.41515740085251923,0,1
monthly_state_retained,3553,2025-09-12,2025-09-22,-0.0050409160971932,2025,2025-08-31,learned_order_offset,20260912,0.595827474959161,0.595827474959161,1,0
monthly_state_retained,3558,2025-09-19,2025-09-29,0.0095300784790881,2025,2025-08-31,learned_order_offset,20260912,0.32359209816667756,0.32359209816667756,0,1
monthly_state_retained,3563,2025-09-26,2025-10-13,-0.0140855274279203,2025,2025-08-31,learned_order_offset,20260912,0.4955932405531918,0.4955932405531918,0,0
monthly_state_retained,3567,2025-10-10,2025-10-20,0.015001547584321,2025,2025-09-30,learned_market,20260910,0.4508331585950284,0.4508331585950284,0,1
monthly_state_retained,3572,2025-10-17,2025-10-27,0.0309637052897611,2025,2025-09-30,learned_market,20260910,0.4380873622035425,0.4380873622035425,0,1
monthly_state_retained,3577,2025-10-24,2025-11-03,-0.013331545863497,2025,2025-09-30,learned_market,20260910,0.45478895664449515,0.45478895664449515,0,0
monthly_state_retained,3582,2025-10-31,2025-11-10,0.0110832418536339,2025,2025-09-30,learned_market,20260910,0.45629729111767653,0.45629729111767653,0,1
monthly_state_retained,3567,2025-10-10,2025-10-20,0.015001547584321,2025,2025-09-30,learned_market,20260911,0.39652535500617797,0.39652535500617797,0,1
monthly_state_retained,3572,2025-10-17,2025-10-27,0.0309637052897611,2025,2025-09-30,learned_market,20260911,0.42439454752251166,0.42439454752251166,0,1
monthly_state_retained,3577,2025-10-24,2025-11-03,-0.013331545863497,2025,2025-09-30,learned_market,20260911,0.4963236766187404,0.4963236766187404,0,0
monthly_state_retained,3582,2025-10-31,2025-11-10,0.0110832418536339,2025,2025-09-30,learned_market,20260911,0.4730427794043573,0.4730427794043573,0,1
monthly_state_retained,3567,2025-10-10,2025-10-20,0.015001547584321,2025,2025-09-30,learned_market,20260912,0.3895908035061002,0.3895908035061002,0,1
monthly_state_retained,3572,2025-10-17,2025-10-27,0.0309637052897611,2025,2025-09-30,learned_market,20260912,0.3177445291528448,0.3177445291528448,0,1
monthly_state_retained,3577,2025-10-24,2025-11-03,-0.013331545863497,2025,2025-09-30,learned_market,20260912,0.42278957435073633,0.42278957435073633,0,0
monthly_state_retained,3582,2025-10-31,2025-11-10,0.0110832418536339,2025,2025-09-30,learned_market,20260912,0.3919874136237784,0.3919874136237784,0,1
monthly_state_retained,3567,2025-10-10,2025-10-20,0.015001547584321,2025,2025-09-30,learned_vol_interaction,20260910,0.44722373023939194,0.44722373023939194,0,1
monthly_state_retained,3572,2025-10-17,2025-10-27,0.0309637052897611,2025,2025-09-30,learned_vol_interaction,20260910,0.4295343873662784,0.4295343873662784,0,1
monthly_state_retained,3577,2025-10-24,2025-11-03,-0.013331545863497,2025,2025-09-30,learned_vol_interaction,20260910,0.44980770107691576,0.44980770107691576,0,0
monthly_state_retained,3582,2025-10-31,2025-11-10,0.0110832418536339,2025,2025-09-30,learned_vol_interaction,20260910,0.4681567893812729,0.4681567893812729,0,1
monthly_state_retained,3567,2025-10-10,2025-10-20,0.015001547584321,2025,2025-09-30,learned_vol_interaction,20260911,0.39263370477182047,0.39263370477182047,0,1
monthly_state_retained,3572,2025-10-17,2025-10-27,0.0309637052897611,2025,2025-09-30,learned_vol_interaction,20260911,0.42128573794261726,0.42128573794261726,0,1
monthly_state_retained,3577,2025-10-24,2025-11-03,-0.013331545863497,2025,2025-09-30,learned_vol_interaction,20260911,0.49112931362620926,0.49112931362620926,0,0
monthly_state_retained,3582,2025-10-31,2025-11-10,0.0110832418536339,2025,2025-09-30,learned_vol_interaction,20260911,0.46985105287253015,0.46985105287253015,0,1
monthly_state_retained,3567,2025-10-10,2025-10-20,0.015001547584321,2025,2025-09-30,learned_vol_interaction,20260912,0.38708416794246603,0.38708416794246603,0,1
monthly_state_retained,3572,2025-10-17,2025-10-27,0.0309637052897611,2025,2025-09-30,learned_vol_interaction,20260912,0.3157098671172643,0.3157098671172643,0,1
monthly_state_retained,3577,2025-10-24,2025-11-03,-0.013331545863497,2025,2025-09-30,learned_vol_interaction,20260912,0.4208911959584494,0.4208911959584494,0,0
monthly_state_retained,3582,2025-10-31,2025-11-10,0.0110832418536339,2025,2025-09-30,learned_vol_interaction,20260912,0.3900158389526887,0.3900158389526887,0,1
monthly_state_retained,3567,2025-10-10,2025-10-20,0.015001547584321,2025,2025-09-30,learned_order_extension,20260910,0.4374250973987012,0.4374250973987012,0,1
monthly_state_retained,3572,2025-10-17,2025-10-27,0.0309637052897611,2025,2025-09-30,learned_order_extension,20260910,0.42175299872804267,0.42175299872804267,0,1
monthly_state_retained,3577,2025-10-24,2025-11-03,-0.013331545863497,2025,2025-09-30,learned_order_extension,20260910,0.4366552310757828,0.4366552310757828,0,0
monthly_state_retained,3582,2025-10-31,2025-11-10,0.0110832418536339,2025,2025-09-30,learned_order_extension,20260910,0.44422704458498696,0.44422704458498696,0,1
monthly_state_retained,3567,2025-10-10,2025-10-20,0.015001547584321,2025,2025-09-30,learned_order_extension,20260911,0.39565615038452323,0.39565615038452323,0,1
monthly_state_retained,3572,2025-10-17,2025-10-27,0.0309637052897611,2025,2025-09-30,learned_order_extension,20260911,0.42255179794346875,0.42255179794346875,0,1
monthly_state_retained,3577,2025-10-24,2025-11-03,-0.013331545863497,2025,2025-09-30,learned_order_extension,20260911,0.49361418515659217,0.49361418515659217,0,0
monthly_state_retained,3582,2025-10-31,2025-11-10,0.0110832418536339,2025,2025-09-30,learned_order_extension,20260911,0.4726211474285555,0.4726211474285555,0,1
monthly_state_retained,3567,2025-10-10,2025-10-20,0.015001547584321,2025,2025-09-30,learned_order_extension,20260912,0.3618256973057808,0.3618256973057808,0,1
monthly_state_retained,3572,2025-10-17,2025-10-27,0.0309637052897611,2025,2025-09-30,learned_order_extension,20260912,0.312619869218582,0.312619869218582,0,1
monthly_state_retained,3577,2025-10-24,2025-11-03,-0.013331545863497,2025,2025-09-30,learned_order_extension,20260912,0.40985370086401507,0.40985370086401507,0,0
monthly_state_retained,3582,2025-10-31,2025-11-10,0.0110832418536339,2025,2025-09-30,learned_order_extension,20260912,0.3627331529148393,0.3627331529148393,0,1
monthly_state_retained,3567,2025-10-10,2025-10-20,0.015001547584321,2025,2025-09-30,learned_order_offset,20260910,0.4383291264578575,0.4383291264578575,0,1
monthly_state_retained,3572,2025-10-17,2025-10-27,0.0309637052897611,2025,2025-09-30,learned_order_offset,20260910,0.42244156693704515,0.42244156693704515,0,1
monthly_state_retained,3577,2025-10-24,2025-11-03,-0.013331545863497,2025,2025-09-30,learned_order_offset,20260910,0.4373772094377323,0.4373772094377323,0,0
monthly_state_retained,3582,2025-10-31,2025-11-10,0.0110832418536339,2025,2025-09-30,learned_order_offset,20260910,0.4448868201240668,0.4448868201240668,0,1
monthly_state_retained,3567,2025-10-10,2025-10-20,0.015001547584321,2025,2025-09-30,learned_order_offset,20260911,0.3957431714352963,0.3957431714352963,0,1
monthly_state_retained,3572,2025-10-17,2025-10-27,0.0309637052897611,2025,2025-09-30,learned_order_offset,20260911,0.42266319973139616,0.42266319973139616,0,1
monthly_state_retained,3577,2025-10-24,2025-11-03,-0.013331545863497,2025,2025-09-30,learned_order_offset,20260911,0.49371915485702594,0.49371915485702594,0,0
monthly_state_retained,3582,2025-10-31,2025-11-10,0.0110832418536339,2025,2025-09-30,learned_order_offset,20260911,0.47277881290406026,0.47277881290406026,0,1
monthly_state_retained,3567,2025-10-10,2025-10-20,0.015001547584321,2025,2025-09-30,learned_order_offset,20260912,0.3626841037082148,0.3626841037082148,0,1
monthly_state_retained,3572,2025-10-17,2025-10-27,0.0309637052897611,2025,2025-09-30,learned_order_offset,20260912,0.3155072074467302,0.3155072074467302,0,1
monthly_state_retained,3577,2025-10-24,2025-11-03,-0.013331545863497,2025,2025-09-30,learned_order_offset,20260912,0.41018847226300936,0.41018847226300936,0,0
monthly_state_retained,3582,2025-10-31,2025-11-10,0.0110832418536339,2025,2025-09-30,learned_order_offset,20260912,0.36389960460436116,0.36389960460436116,0,1
monthly_state_retained,3587,2025-11-07,2025-11-17,-0.0152107881197579,2025,2025-10-31,learned_market,20260910,0.4663727128641221,0.4663727128641221,0,0
monthly_state_retained,3592,2025-11-14,2025-11-24,-0.031114557454173,2025,2025-10-31,learned_market,20260910,0.421919095541908,0.421919095541908,0,0
monthly_state_retained,3597,2025-11-21,2025-12-01,0.0147613767448515,2025,2025-10-31,learned_market,20260910,0.39828635420248887,0.39828635420248887,0,1
monthly_state_retained,3602,2025-11-28,2025-12-08,0.0118853804313106,2025,2025-10-31,learned_market,20260910,0.391495718394583,0.391495718394583,0,1
monthly_state_retained,3587,2025-11-07,2025-11-17,-0.0152107881197579,2025,2025-10-31,learned_market,20260911,0.44970047127908547,0.44970047127908547,0,0
monthly_state_retained,3592,2025-11-14,2025-11-24,-0.031114557454173,2025,2025-10-31,learned_market,20260911,0.3630011295793128,0.3630011295793128,0,0
monthly_state_retained,3597,2025-11-21,2025-12-01,0.0147613767448515,2025,2025-10-31,learned_market,20260911,0.43852583963091735,0.43852583963091735,0,1
monthly_state_retained,3602,2025-11-28,2025-12-08,0.0118853804313106,2025,2025-10-31,learned_market,20260911,0.4434066953212215,0.4434066953212215,0,1
monthly_state_retained,3587,2025-11-07,2025-11-17,-0.0152107881197579,2025,2025-10-31,learned_market,20260912,0.6543006439700711,0.6543006439700711,1,0
monthly_state_retained,3592,2025-11-14,2025-11-24,-0.031114557454173,2025,2025-10-31,learned_market,20260912,0.3466593681574228,0.3466593681574228,0,0
monthly_state_retained,3597,2025-11-21,2025-12-01,0.0147613767448515,2025,2025-10-31,learned_market,20260912,0.4764357654957996,0.4764357654957996,0,1
monthly_state_retained,3602,2025-11-28,2025-12-08,0.0118853804313106,2025,2025-10-31,learned_market,20260912,0.414545745424932,0.414545745424932,0,1
monthly_state_retained,3587,2025-11-07,2025-11-17,-0.0152107881197579,2025,2025-10-31,learned_vol_interaction,20260910,0.45217233264921736,0.45217233264921736,0,0
monthly_state_retained,3592,2025-11-14,2025-11-24,-0.031114557454173,2025,2025-10-31,learned_vol_interaction,20260910,0.4196138900791056,0.4196138900791056,0,0
monthly_state_retained,3597,2025-11-21,2025-12-01,0.0147613767448515,2025,2025-10-31,learned_vol_interaction,20260910,0.4025021955755618,0.4025021955755618,0,1
monthly_state_retained,3602,2025-11-28,2025-12-08,0.0118853804313106,2025,2025-10-31,learned_vol_interaction,20260910,0.3714344427967257,0.3714344427967257,0,1
monthly_state_retained,3587,2025-11-07,2025-11-17,-0.0152107881197579,2025,2025-10-31,learned_vol_interaction,20260911,0.44406934055585867,0.44406934055585867,0,0
monthly_state_retained,3592,2025-11-14,2025-11-24,-0.031114557454173,2025,2025-10-31,learned_vol_interaction,20260911,0.3608128995476907,0.3608128995476907,0,0
monthly_state_retained,3597,2025-11-21,2025-12-01,0.0147613767448515,2025,2025-10-31,learned_vol_interaction,20260911,0.4364374703451676,0.4364374703451676,0,1
monthly_state_retained,3602,2025-11-28,2025-12-08,0.0118853804313106,2025,2025-10-31,learned_vol_interaction,20260911,0.44305774903695255,0.44305774903695255,0,1
monthly_state_retained,3587,2025-11-07,2025-11-17,-0.0152107881197579,2025,2025-10-31,learned_vol_interaction,20260912,0.6551691354245661,0.6551691354245661,1,0
monthly_state_retained,3592,2025-11-14,2025-11-24,-0.031114557454173,2025,2025-10-31,learned_vol_interaction,20260912,0.34326605537210186,0.34326605537210186,0,0
monthly_state_retained,3597,2025-11-21,2025-12-01,0.0147613767448515,2025,2025-10-31,learned_vol_interaction,20260912,0.47820955342813665,0.47820955342813665,0,1
monthly_state_retained,3602,2025-11-28,2025-12-08,0.0118853804313106,2025,2025-10-31,learned_vol_interaction,20260912,0.41500219502025004,0.41500219502025004,0,1
monthly_state_retained,3587,2025-11-07,2025-11-17,-0.0152107881197579,2025,2025-10-31,learned_order_extension,20260910,0.4160984244839013,0.4160984244839013,0,0
monthly_state_retained,3592,2025-11-14,2025-11-24,-0.031114557454173,2025,2025-10-31,learned_order_extension,20260910,0.3834394392569858,0.3834394392569858,0,0
monthly_state_retained,3597,2025-11-21,2025-12-01,0.0147613767448515,2025,2025-10-31,learned_order_extension,20260910,0.37267551966282286,0.37267551966282286,0,1
monthly_state_retained,3602,2025-11-28,2025-12-08,0.0118853804313106,2025,2025-10-31,learned_order_extension,20260910,0.32234639686295663,0.32234639686295663,0,1
monthly_state_retained,3587,2025-11-07,2025-11-17,-0.0152107881197579,2025,2025-10-31,learned_order_extension,20260911,0.4487993853630595,0.4487993853630595,0,0
monthly_state_retained,3592,2025-11-14,2025-11-24,-0.031114557454173,2025,2025-10-31,learned_order_extension,20260911,0.3660465218959073,0.3660465218959073,0,0
monthly_state_retained,3597,2025-11-21,2025-12-01,0.0147613767448515,2025,2025-10-31,learned_order_extension,20260911,0.4373300918610601,0.4373300918610601,0,1
monthly_state_retained,3602,2025-11-28,2025-12-08,0.0118853804313106,2025,2025-10-31,learned_order_extension,20260911,0.44090841427684524,0.44090841427684524,0,1
monthly_state_retained,3587,2025-11-07,2025-11-17,-0.0152107881197579,2025,2025-10-31,learned_order_extension,20260912,0.7173635072377715,0.7173635072377715,1,0
monthly_state_retained,3592,2025-11-14,2025-11-24,-0.031114557454173,2025,2025-10-31,learned_order_extension,20260912,0.30698939617400184,0.30698939617400184,0,0
monthly_state_retained,3597,2025-11-21,2025-12-01,0.0147613767448515,2025,2025-10-31,learned_order_extension,20260912,0.5163391755409109,0.5163391755409109,1,1
monthly_state_retained,3602,2025-11-28,2025-12-08,0.0118853804313106,2025,2025-10-31,learned_order_extension,20260912,0.4275392206065502,0.4275392206065502,0,1
monthly_state_retained,3587,2025-11-07,2025-11-17,-0.0152107881197579,2025,2025-10-31,learned_order_offset,20260910,0.41675770245653837,0.41675770245653837,0,0
monthly_state_retained,3592,2025-11-14,2025-11-24,-0.031114557454173,2025,2025-10-31,learned_order_offset,20260910,0.3842630437962762,0.3842630437962762,0,0
monthly_state_retained,3597,2025-11-21,2025-12-01,0.0147613767448515,2025,2025-10-31,learned_order_offset,20260910,0.3736862278878248,0.3736862278878248,0,1
monthly_state_retained,3602,2025-11-28,2025-12-08,0.0118853804313106,2025,2025-10-31,learned_order_offset,20260910,0.3228815407821598,0.3228815407821598,0,1
monthly_state_retained,3587,2025-11-07,2025-11-17,-0.0152107881197579,2025,2025-10-31,learned_order_offset,20260911,0.4488402985470584,0.4488402985470584,0,0
monthly_state_retained,3592,2025-11-14,2025-11-24,-0.031114557454173,2025,2025-10-31,learned_order_offset,20260911,0.3662030345617859,0.3662030345617859,0,0
monthly_state_retained,3597,2025-11-21,2025-12-01,0.0147613767448515,2025,2025-10-31,learned_order_offset,20260911,0.437375173123585,0.437375173123585,0,1
monthly_state_retained,3602,2025-11-28,2025-12-08,0.0118853804313106,2025,2025-10-31,learned_order_offset,20260911,0.4410215325004137,0.4410215325004137,0,1
monthly_state_retained,3587,2025-11-07,2025-11-17,-0.0152107881197579,2025,2025-10-31,learned_order_offset,20260912,0.7144814406827747,0.7144814406827747,1,0
monthly_state_retained,3592,2025-11-14,2025-11-24,-0.031114557454173,2025,2025-10-31,learned_order_offset,20260912,0.30770955732411853,0.30770955732411853,0,0
monthly_state_retained,3597,2025-11-21,2025-12-01,0.0147613767448515,2025,2025-10-31,learned_order_offset,20260912,0.5174144228033992,0.5174144228033992,1,1
monthly_state_retained,3602,2025-11-28,2025-12-08,0.0118853804313106,2025,2025-10-31,learned_order_offset,20260912,0.42732723868442246,0.42732723868442246,0,1
monthly_state_retained,3607,2025-12-05,2025-12-15,-0.0093922675990717,2025,2025-11-30,learned_market,20260910,0.391998136773391,0.391998136773391,0,0
monthly_state_retained,3612,2025-12-12,2025-12-22,0.0082791208791208,2025,2025-11-30,learned_market,20260910,0.414619478732369,0.414619478732369,0,1
monthly_state_retained,3617,2025-12-19,2025-12-29,0.0153890755001995,2025,2025-11-30,learned_market,20260910,0.584196917516146,0.584196917516146,1,1
monthly_state_retained,3622,2025-12-26,2026-01-12,0.0239101640737868,2025,2025-11-30,learned_market,20260910,0.3188740450267267,0.3188740450267267,0,1
monthly_state_retained,3607,2025-12-05,2025-12-15,-0.0093922675990717,2025,2025-11-30,learned_market,20260911,0.47126486204905454,0.47126486204905454,0,0
monthly_state_retained,3612,2025-12-12,2025-12-22,0.0082791208791208,2025,2025-11-30,learned_market,20260911,0.466174156942272,0.466174156942272,0,1
monthly_state_retained,3617,2025-12-19,2025-12-29,0.0153890755001995,2025,2025-11-30,learned_market,20260911,0.5523517140626968,0.5523517140626968,1,1
monthly_state_retained,3622,2025-12-26,2026-01-12,0.0239101640737868,2025,2025-11-30,learned_market,20260911,0.533323234860134,0.533323234860134,1,1
monthly_state_retained,3607,2025-12-05,2025-12-15,-0.0093922675990717,2025,2025-11-30,learned_market,20260912,0.4072710676381864,0.4072710676381864,0,0
monthly_state_retained,3612,2025-12-12,2025-12-22,0.0082791208791208,2025,2025-11-30,learned_market,20260912,0.6119699471537875,0.6119699471537875,1,1
monthly_state_retained,3617,2025-12-19,2025-12-29,0.0153890755001995,2025,2025-11-30,learned_market,20260912,0.6182896063570782,0.6182896063570782,1,1
monthly_state_retained,3622,2025-12-26,2026-01-12,0.0239101640737868,2025,2025-11-30,learned_market,20260912,0.5300571832747044,0.5300571832747044,1,1
monthly_state_retained,3607,2025-12-05,2025-12-15,-0.0093922675990717,2025,2025-11-30,learned_vol_interaction,20260910,0.39417455635477106,0.39417455635477106,0,0
monthly_state_retained,3612,2025-12-12,2025-12-22,0.0082791208791208,2025,2025-11-30,learned_vol_interaction,20260910,0.4149719916251764,0.4149719916251764,0,1
monthly_state_retained,3617,2025-12-19,2025-12-29,0.0153890755001995,2025,2025-11-30,learned_vol_interaction,20260910,0.6003183983490965,0.6003183983490965,1,1
monthly_state_retained,3622,2025-12-26,2026-01-12,0.0239101640737868,2025,2025-11-30,learned_vol_interaction,20260910,0.30192881781235653,0.30192881781235653,0,1
monthly_state_retained,3607,2025-12-05,2025-12-15,-0.0093922675990717,2025,2025-11-30,learned_vol_interaction,20260911,0.47164710073246285,0.47164710073246285,0,0
monthly_state_retained,3612,2025-12-12,2025-12-22,0.0082791208791208,2025,2025-11-30,learned_vol_interaction,20260911,0.46870417547105653,0.46870417547105653,0,1
monthly_state_retained,3617,2025-12-19,2025-12-29,0.0153890755001995,2025,2025-11-30,learned_vol_interaction,20260911,0.5642517372007931,0.5642517372007931,1,1
monthly_state_retained,3622,2025-12-26,2026-01-12,0.0239101640737868,2025,2025-11-30,learned_vol_interaction,20260911,0.5419304727663321,0.5419304727663321,1,1
monthly_state_retained,3607,2025-12-05,2025-12-15,-0.0093922675990717,2025,2025-11-30,learned_vol_interaction,20260912,0.4068651499818389,0.4068651499818389,0,0
monthly_state_retained,3612,2025-12-12,2025-12-22,0.0082791208791208,2025,2025-11-30,learned_vol_interaction,20260912,0.616228716247792,0.616228716247792,1,1
monthly_state_retained,3617,2025-12-19,2025-12-29,0.0153890755001995,2025,2025-11-30,learned_vol_interaction,20260912,0.623898158108595,0.623898158108595,1,1
monthly_state_retained,3622,2025-12-26,2026-01-12,0.0239101640737868,2025,2025-11-30,learned_vol_interaction,20260912,0.5313345497973928,0.5313345497973928,1,1
monthly_state_retained,3607,2025-12-05,2025-12-15,-0.0093922675990717,2025,2025-11-30,learned_order_extension,20260910,0.3536741737892265,0.3536741737892265,0,0
monthly_state_retained,3612,2025-12-12,2025-12-22,0.0082791208791208,2025,2025-11-30,learned_order_extension,20260910,0.4084124508900537,0.4084124508900537,0,1
monthly_state_retained,3617,2025-12-19,2025-12-29,0.0153890755001995,2025,2025-11-30,learned_order_extension,20260910,0.6626830721040038,0.6626830721040038,1,1
monthly_state_retained,3622,2025-12-26,2026-01-12,0.0239101640737868,2025,2025-11-30,learned_order_extension,20260910,0.29817910640968603,0.29817910640968603,0,1
monthly_state_retained,3607,2025-12-05,2025-12-15,-0.0093922675990717,2025,2025-11-30,learned_order_extension,20260911,0.46850888999820245,0.46850888999820245,0,0
monthly_state_retained,3612,2025-12-12,2025-12-22,0.0082791208791208,2025,2025-11-30,learned_order_extension,20260911,0.46414163121931723,0.46414163121931723,0,1
monthly_state_retained,3617,2025-12-19,2025-12-29,0.0153890755001995,2025,2025-11-30,learned_order_extension,20260911,0.5579043003982375,0.5579043003982375,1,1
monthly_state_retained,3622,2025-12-26,2026-01-12,0.0239101640737868,2025,2025-11-30,learned_order_extension,20260911,0.5396185574902365,0.5396185574902365,1,1
monthly_state_retained,3607,2025-12-05,2025-12-15,-0.0093922675990717,2025,2025-11-30,learned_order_extension,20260912,0.4221602938281845,0.4221602938281845,0,0
monthly_state_retained,3612,2025-12-12,2025-12-22,0.0082791208791208,2025,2025-11-30,learned_order_extension,20260912,0.686955951008886,0.686955951008886,1,1
monthly_state_retained,3617,2025-12-19,2025-12-29,0.0153890755001995,2025,2025-11-30,learned_order_extension,20260912,0.6978439415509934,0.6978439415509934,1,1
monthly_state_retained,3622,2025-12-26,2026-01-12,0.0239101640737868,2025,2025-11-30,learned_order_extension,20260912,0.5576069048924787,0.5576069048924787,1,1
monthly_state_retained,3607,2025-12-05,2025-12-15,-0.0093922675990717,2025,2025-11-30,learned_order_offset,20260910,0.3542499269143583,0.3542499269143583,0,0
monthly_state_retained,3612,2025-12-12,2025-12-22,0.0082791208791208,2025,2025-11-30,learned_order_offset,20260910,0.4080196331095147,0.4080196331095147,0,1
monthly_state_retained,3617,2025-12-19,2025-12-29,0.0153890755001995,2025,2025-11-30,learned_order_offset,20260910,0.6618244415513685,0.6618244415513685,1,1
monthly_state_retained,3622,2025-12-26,2026-01-12,0.0239101640737868,2025,2025-11-30,learned_order_offset,20260910,0.2985952086190204,0.2985952086190204,0,1
monthly_state_retained,3607,2025-12-05,2025-12-15,-0.0093922675990717,2025,2025-11-30,learned_order_offset,20260911,0.46862239506081244,0.46862239506081244,0,0
monthly_state_retained,3612,2025-12-12,2025-12-22,0.0082791208791208,2025,2025-11-30,learned_order_offset,20260911,0.4642603203194423,0.4642603203194423,0,1
monthly_state_retained,3617,2025-12-19,2025-12-29,0.0153890755001995,2025,2025-11-30,learned_order_offset,20260911,0.557967937341776,0.557967937341776,1,1
monthly_state_retained,3622,2025-12-26,2026-01-12,0.0239101640737868,2025,2025-11-30,learned_order_offset,20260911,0.5397728826316699,0.5397728826316699,1,1
monthly_state_retained,3607,2025-12-05,2025-12-15,-0.0093922675990717,2025,2025-11-30,learned_order_offset,20260912,0.42170161654928456,0.42170161654928456,0,0
monthly_state_retained,3612,2025-12-12,2025-12-22,0.0082791208791208,2025,2025-11-30,learned_order_offset,20260912,0.6839209467759624,0.6839209467759624,1,1
monthly_state_retained,3617,2025-12-19,2025-12-29,0.0153890755001995,2025,2025-11-30,learned_order_offset,20260912,0.6937306559843779,0.6937306559843779,1,1
monthly_state_retained,3622,2025-12-26,2026-01-12,0.0239101640737868,2025,2025-11-30,learned_order_offset,20260912,0.556765310818863,0.556765310818863,1,1
monthly_state_retained,3630,2026-01-09,2026-01-19,-0.0103697336282536,2026,2025-12-31,learned_market,20260910,0.5209270458842004,0.5209270458842004,1,0
monthly_state_retained,3635,2026-01-16,2026-01-26,-0.0010190267764643,2026,2025-12-31,learned_market,20260910,0.5197139065453521,0.5197139065453521,1,0
monthly_state_retained,3640,2026-01-23,2026-02-02,-0.0087161586128796,2026,2025-12-31,learned_market,20260910,0.2755814653004309,0.2755814653004309,0,0
monthly_state_retained,3645,2026-01-30,2026-02-09,0.0041482324550519,2026,2025-12-31,learned_market,20260910,0.41561123934774186,0.41561123934774186,0,1
monthly_state_retained,3630,2026-01-09,2026-01-19,-0.0103697336282536,2026,2025-12-31,learned_market,20260911,0.5413510609744506,0.5413510609744506,1,0
monthly_state_retained,3635,2026-01-16,2026-01-26,-0.0010190267764643,2026,2025-12-31,learned_market,20260911,0.5314359715780813,0.5314359715780813,1,0
monthly_state_retained,3640,2026-01-23,2026-02-02,-0.0087161586128796,2026,2025-12-31,learned_market,20260911,0.5322660389568398,0.5322660389568398,1,0
monthly_state_retained,3645,2026-01-30,2026-02-09,0.0041482324550519,2026,2025-12-31,learned_market,20260911,0.45886324630014486,0.45886324630014486,0,1
monthly_state_retained,3630,2026-01-09,2026-01-19,-0.0103697336282536,2026,2025-12-31,learned_market,20260912,0.5119803822427041,0.5119803822427041,1,0
monthly_state_retained,3635,2026-01-16,2026-01-26,-0.0010190267764643,2026,2025-12-31,learned_market,20260912,0.5563532391014436,0.5563532391014436,1,0
monthly_state_retained,3640,2026-01-23,2026-02-02,-0.0087161586128796,2026,2025-12-31,learned_market,20260912,0.47986345901765604,0.47986345901765604,0,0
monthly_state_retained,3645,2026-01-30,2026-02-09,0.0041482324550519,2026,2025-12-31,learned_market,20260912,0.5030177692550698,0.5030177692550698,1,1
monthly_state_retained,3630,2026-01-09,2026-01-19,-0.0103697336282536,2026,2025-12-31,learned_vol_interaction,20260910,0.5249822005515526,0.5249822005515526,1,0
monthly_state_retained,3635,2026-01-16,2026-01-26,-0.0010190267764643,2026,2025-12-31,learned_vol_interaction,20260910,0.5217999415123397,0.5217999415123397,1,0
monthly_state_retained,3640,2026-01-23,2026-02-02,-0.0087161586128796,2026,2025-12-31,learned_vol_interaction,20260910,0.2703686171181188,0.2703686171181188,0,0
monthly_state_retained,3645,2026-01-30,2026-02-09,0.0041482324550519,2026,2025-12-31,learned_vol_interaction,20260910,0.4125281641526105,0.4125281641526105,0,1
monthly_state_retained,3630,2026-01-09,2026-01-19,-0.0103697336282536,2026,2025-12-31,learned_vol_interaction,20260911,0.5419308229071979,0.5419308229071979,1,0
monthly_state_retained,3635,2026-01-16,2026-01-26,-0.0010190267764643,2026,2025-12-31,learned_vol_interaction,20260911,0.5357337652448725,0.5357337652448725,1,0
monthly_state_retained,3640,2026-01-23,2026-02-02,-0.0087161586128796,2026,2025-12-31,learned_vol_interaction,20260911,0.5371665022159147,0.5371665022159147,1,0
monthly_state_retained,3645,2026-01-30,2026-02-09,0.0041482324550519,2026,2025-12-31,learned_vol_interaction,20260911,0.4536669400564477,0.4536669400564477,0,1
monthly_state_retained,3630,2026-01-09,2026-01-19,-0.0103697336282536,2026,2025-12-31,learned_vol_interaction,20260912,0.5113420632666249,0.5113420632666249,1,0
monthly_state_retained,3635,2026-01-16,2026-01-26,-0.0010190267764643,2026,2025-12-31,learned_vol_interaction,20260912,0.5720485316988371,0.5720485316988371,1,0
monthly_state_retained,3640,2026-01-23,2026-02-02,-0.0087161586128796,2026,2025-12-31,learned_vol_interaction,20260912,0.46450523759698337,0.46450523759698337,0,0
monthly_state_retained,3645,2026-01-30,2026-02-09,0.0041482324550519,2026,2025-12-31,learned_vol_interaction,20260912,0.5055364466448413,0.5055364466448413,1,1
monthly_state_retained,3630,2026-01-09,2026-01-19,-0.0103697336282536,2026,2025-12-31,learned_order_extension,20260910,0.5118603699776423,0.5118603699776423,1,0
monthly_state_retained,3635,2026-01-16,2026-01-26,-0.0010190267764643,2026,2025-12-31,learned_order_extension,20260910,0.5121161981098539,0.5121161981098539,1,0
monthly_state_retained,3640,2026-01-23,2026-02-02,-0.0087161586128796,2026,2025-12-31,learned_order_extension,20260910,0.2938325386236829,0.2938325386236829,0,0
monthly_state_retained,3645,2026-01-30,2026-02-09,0.0041482324550519,2026,2025-12-31,learned_order_extension,20260910,0.43621861720931454,0.43621861720931454,0,1
monthly_state_retained,3630,2026-01-09,2026-01-19,-0.0103697336282536,2026,2025-12-31,learned_order_extension,20260911,0.5459060256811782,0.5459060256811782,1,0
monthly_state_retained,3635,2026-01-16,2026-01-26,-0.0010190267764643,2026,2025-12-31,learned_order_extension,20260911,0.5315584772037104,0.5315584772037104,1,0
monthly_state_retained,3640,2026-01-23,2026-02-02,-0.0087161586128796,2026,2025-12-31,learned_order_extension,20260911,0.5380779045961513,0.5380779045961513,1,0
monthly_state_retained,3645,2026-01-30,2026-02-09,0.0041482324550519,2026,2025-12-31,learned_order_extension,20260911,0.43274829616923166,0.43274829616923166,0,1
monthly_state_retained,3630,2026-01-09,2026-01-19,-0.0103697336282536,2026,2025-12-31,learned_order_extension,20260912,0.5234527600872158,0.5234527600872158,1,0
monthly_state_retained,3635,2026-01-16,2026-01-26,-0.0010190267764643,2026,2025-12-31,learned_order_extension,20260912,0.5847075352595175,0.5847075352595175,1,0
monthly_state_retained,3640,2026-01-23,2026-02-02,-0.0087161586128796,2026,2025-12-31,learned_order_extension,20260912,0.4700767353741261,0.4700767353741261,0,0
monthly_state_retained,3645,2026-01-30,2026-02-09,0.0041482324550519,2026,2025-12-31,learned_order_extension,20260912,0.5148835278265028,0.5148835278265028,1,1
monthly_state_retained,3630,2026-01-09,2026-01-19,-0.0103697336282536,2026,2025-12-31,learned_order_offset,20260910,0.5108025931769093,0.5108025931769093,1,0
monthly_state_retained,3635,2026-01-16,2026-01-26,-0.0010190267764643,2026,2025-12-31,learned_order_offset,20260910,0.5113982623384066,0.5113982623384066,1,0
monthly_state_retained,3640,2026-01-23,2026-02-02,-0.0087161586128796,2026,2025-12-31,learned_order_offset,20260910,0.2944555803643879,0.2944555803643879,0,0
monthly_state_retained,3645,2026-01-30,2026-02-09,0.0041482324550519,2026,2025-12-31,learned_order_offset,20260910,0.43663121014690576,0.43663121014690576,0,1
monthly_state_retained,3630,2026-01-09,2026-01-19,-0.0103697336282536,2026,2025-12-31,learned_order_offset,20260911,0.545843670764125,0.545843670764125,1,0
monthly_state_retained,3635,2026-01-16,2026-01-26,-0.0010190267764643,2026,2025-12-31,learned_order_offset,20260911,0.5315791456859873,0.5315791456859873,1,0
monthly_state_retained,3640,2026-01-23,2026-02-02,-0.0087161586128796,2026,2025-12-31,learned_order_offset,20260911,0.5378362799693707,0.5378362799693707,1,0
monthly_state_retained,3645,2026-01-30,2026-02-09,0.0041482324550519,2026,2025-12-31,learned_order_offset,20260911,0.43267035311859725,0.43267035311859725,0,1
monthly_state_retained,3630,2026-01-09,2026-01-19,-0.0103697336282536,2026,2025-12-31,learned_order_offset,20260912,0.5234772415055928,0.5234772415055928,1,0
monthly_state_retained,3635,2026-01-16,2026-01-26,-0.0010190267764643,2026,2025-12-31,learned_order_offset,20260912,0.5844150879103954,0.5844150879103954,1,0
monthly_state_retained,3640,2026-01-23,2026-02-02,-0.0087161586128796,2026,2025-12-31,learned_order_offset,20260912,0.46996206356235715,0.46996206356235715,0,0
monthly_state_retained,3645,2026-01-30,2026-02-09,0.0041482324550519,2026,2025-12-31,learned_order_offset,20260912,0.514701020079869,0.514701020079869,1,1
monthly_state_retained,3650,2026-02-06,2026-02-24,0.0071649689901505,2026,2026-01-31,learned_market,20260910,0.5571228245636697,0.5571228245636697,1,1
monthly_state_retained,3655,2026-02-13,2026-03-02,-0.0097920588919678,2026,2026-01-31,learned_market,20260910,0.4304939364707622,0.4304939364707622,0,0
monthly_state_retained,3659,2026-02-27,2026-03-09,-0.0172526869201304,2026,2026-01-31,learned_market,20260910,0.5160143853208942,0.5160143853208942,1,0
monthly_state_retained,3650,2026-02-06,2026-02-24,0.0071649689901505,2026,2026-01-31,learned_market,20260911,0.5329149888621901,0.5329149888621901,1,1
monthly_state_retained,3655,2026-02-13,2026-03-02,-0.0097920588919678,2026,2026-01-31,learned_market,20260911,0.5096151640594386,0.5096151640594386,1,0
monthly_state_retained,3659,2026-02-27,2026-03-09,-0.0172526869201304,2026,2026-01-31,learned_market,20260911,0.5369210179709557,0.5369210179709557,1,0
monthly_state_retained,3650,2026-02-06,2026-02-24,0.0071649689901505,2026,2026-01-31,learned_market,20260912,0.43906676808287387,0.43906676808287387,0,1
monthly_state_retained,3655,2026-02-13,2026-03-02,-0.0097920588919678,2026,2026-01-31,learned_market,20260912,0.431368044613122,0.431368044613122,0,0
monthly_state_retained,3659,2026-02-27,2026-03-09,-0.0172526869201304,2026,2026-01-31,learned_market,20260912,0.48137527566018024,0.48137527566018024,0,0
monthly_state_retained,3650,2026-02-06,2026-02-24,0.0071649689901505,2026,2026-01-31,learned_vol_interaction,20260910,0.5560675092745206,0.5560675092745206,1,1
monthly_state_retained,3655,2026-02-13,2026-03-02,-0.0097920588919678,2026,2026-01-31,learned_vol_interaction,20260910,0.4244643603856174,0.4244643603856174,0,0
monthly_state_retained,3659,2026-02-27,2026-03-09,-0.0172526869201304,2026,2026-01-31,learned_vol_interaction,20260910,0.5169468531475478,0.5169468531475478,1,0
monthly_state_retained,3650,2026-02-06,2026-02-24,0.0071649689901505,2026,2026-01-31,learned_vol_interaction,20260911,0.535655258471591,0.535655258471591,1,1
monthly_state_retained,3655,2026-02-13,2026-03-02,-0.0097920588919678,2026,2026-01-31,learned_vol_interaction,20260911,0.5053590625088199,0.5053590625088199,1,0
monthly_state_retained,3659,2026-02-27,2026-03-09,-0.0172526869201304,2026,2026-01-31,learned_vol_interaction,20260911,0.5322976681186429,0.5322976681186429,1,0
monthly_state_retained,3650,2026-02-06,2026-02-24,0.0071649689901505,2026,2026-01-31,learned_vol_interaction,20260912,0.42116451389141074,0.42116451389141074,0,1
monthly_state_retained,3655,2026-02-13,2026-03-02,-0.0097920588919678,2026,2026-01-31,learned_vol_interaction,20260912,0.4216952789502379,0.4216952789502379,0,0
monthly_state_retained,3659,2026-02-27,2026-03-09,-0.0172526869201304,2026,2026-01-31,learned_vol_interaction,20260912,0.46280074037648433,0.46280074037648433,0,0
monthly_state_retained,3650,2026-02-06,2026-02-24,0.0071649689901505,2026,2026-01-31,learned_order_extension,20260910,0.5517322930511716,0.5517322930511716,1,1
monthly_state_retained,3655,2026-02-13,2026-03-02,-0.0097920588919678,2026,2026-01-31,learned_order_extension,20260910,0.4214021419664105,0.4214021419664105,0,0
monthly_state_retained,3659,2026-02-27,2026-03-09,-0.0172526869201304,2026,2026-01-31,learned_order_extension,20260910,0.5148692090014166,0.5148692090014166,1,0
monthly_state_retained,3650,2026-02-06,2026-02-24,0.0071649689901505,2026,2026-01-31,learned_order_extension,20260911,0.5358238036456818,0.5358238036456818,1,1
monthly_state_retained,3655,2026-02-13,2026-03-02,-0.0097920588919678,2026,2026-01-31,learned_order_extension,20260911,0.5188075700840837,0.5188075700840837,1,0
monthly_state_retained,3659,2026-02-27,2026-03-09,-0.0172526869201304,2026,2026-01-31,learned_order_extension,20260911,0.5395237482049954,0.5395237482049954,1,0
monthly_state_retained,3650,2026-02-06,2026-02-24,0.0071649689901505,2026,2026-01-31,learned_order_extension,20260912,0.4220765070574473,0.4220765070574473,0,1
monthly_state_retained,3655,2026-02-13,2026-03-02,-0.0097920588919678,2026,2026-01-31,learned_order_extension,20260912,0.41397752179190594,0.41397752179190594,0,0
monthly_state_retained,3659,2026-02-27,2026-03-09,-0.0172526869201304,2026,2026-01-31,learned_order_extension,20260912,0.45946498078572456,0.45946498078572456,0,0
monthly_state_retained,3650,2026-02-06,2026-02-24,0.0071649689901505,2026,2026-01-31,learned_order_offset,20260910,0.5521384139661094,0.5521384139661094,1,1
monthly_state_retained,3655,2026-02-13,2026-03-02,-0.0097920588919678,2026,2026-01-31,learned_order_offset,20260910,0.42280069136931375,0.42280069136931375,0,0
monthly_state_retained,3659,2026-02-27,2026-03-09,-0.0172526869201304,2026,2026-01-31,learned_order_offset,20260910,0.5153156845902671,0.5153156845902671,1,0
monthly_state_retained,3650,2026-02-06,2026-02-24,0.0071649689901505,2026,2026-01-31,learned_order_offset,20260911,0.5355468761174008,0.5355468761174008,1,1
monthly_state_retained,3655,2026-02-13,2026-03-02,-0.0097920588919678,2026,2026-01-31,learned_order_offset,20260911,0.5185004295200895,0.5185004295200895,1,0
monthly_state_retained,3659,2026-02-27,2026-03-09,-0.0172526869201304,2026,2026-01-31,learned_order_offset,20260911,0.5394279755034715,0.5394279755034715,1,0
monthly_state_retained,3650,2026-02-06,2026-02-24,0.0071649689901505,2026,2026-01-31,learned_order_offset,20260912,0.42213589824970216,0.42213589824970216,0,1
monthly_state_retained,3655,2026-02-13,2026-03-02,-0.0097920588919678,2026,2026-01-31,learned_order_offset,20260912,0.4139092534456115,0.4139092534456115,0,0
monthly_state_retained,3659,2026-02-27,2026-03-09,-0.0172526869201304,2026,2026-01-31,learned_order_offset,20260912,0.4590491088219428,0.4590491088219428,0,0
monthly_state_retained,3664,2026-03-06,2026-03-16,0.0149926634422041,2026,2026-02-28,learned_market,20260910,0.4236869357819852,0.4236869357819852,0,1
monthly_state_retained,3669,2026-03-13,2026-03-23,-0.0364343509194254,2026,2026-02-28,learned_market,20260910,0.40086366037455606,0.40086366037455606,0,0
monthly_state_retained,3674,2026-03-20,2026-03-30,-0.0083038829988221,2026,2026-02-28,learned_market,20260910,0.43855196230093557,0.43855196230093557,0,0
monthly_state_retained,3679,2026-03-27,2026-04-07,-0.0035591495694504,2026,2026-02-28,learned_market,20260910,0.5651756750942187,0.5651756750942187,1,0
monthly_state_retained,3664,2026-03-06,2026-03-16,0.0149926634422041,2026,2026-02-28,learned_market,20260911,0.6237121770434778,0.6237121770434778,1,1
monthly_state_retained,3669,2026-03-13,2026-03-23,-0.0364343509194254,2026,2026-02-28,learned_market,20260911,0.45542191984179375,0.45542191984179375,0,0
monthly_state_retained,3674,2026-03-20,2026-03-30,-0.0083038829988221,2026,2026-02-28,learned_market,20260911,0.46187353471109566,0.46187353471109566,0,0
monthly_state_retained,3679,2026-03-27,2026-04-07,-0.0035591495694504,2026,2026-02-28,learned_market,20260911,0.4403313235638202,0.4403313235638202,0,0
monthly_state_retained,3664,2026-03-06,2026-03-16,0.0149926634422041,2026,2026-02-28,learned_market,20260912,0.46731902499821354,0.46731902499821354,0,1
monthly_state_retained,3669,2026-03-13,2026-03-23,-0.0364343509194254,2026,2026-02-28,learned_market,20260912,0.5227160800792146,0.5227160800792146,1,0
monthly_state_retained,3674,2026-03-20,2026-03-30,-0.0083038829988221,2026,2026-02-28,learned_market,20260912,0.4464645109091068,0.4464645109091068,0,0
monthly_state_retained,3679,2026-03-27,2026-04-07,-0.0035591495694504,2026,2026-02-28,learned_market,20260912,0.39113208857052434,0.39113208857052434,0,0
monthly_state_retained,3664,2026-03-06,2026-03-16,0.0149926634422041,2026,2026-02-28,learned_vol_interaction,20260910,0.42392001130005047,0.42392001130005047,0,1
monthly_state_retained,3669,2026-03-13,2026-03-23,-0.0364343509194254,2026,2026-02-28,learned_vol_interaction,20260910,0.3996582436829412,0.3996582436829412,0,0
monthly_state_retained,3674,2026-03-20,2026-03-30,-0.0083038829988221,2026,2026-02-28,learned_vol_interaction,20260910,0.4401239045442557,0.4401239045442557,0,0
monthly_state_retained,3679,2026-03-27,2026-04-07,-0.0035591495694504,2026,2026-02-28,learned_vol_interaction,20260910,0.5634266232389387,0.5634266232389387,1,0
monthly_state_retained,3664,2026-03-06,2026-03-16,0.0149926634422041,2026,2026-02-28,learned_vol_interaction,20260911,0.6174856955773433,0.6174856955773433,1,1
monthly_state_retained,3669,2026-03-13,2026-03-23,-0.0364343509194254,2026,2026-02-28,learned_vol_interaction,20260911,0.44896092371547813,0.44896092371547813,0,0
monthly_state_retained,3674,2026-03-20,2026-03-30,-0.0083038829988221,2026,2026-02-28,learned_vol_interaction,20260911,0.45425867209133697,0.45425867209133697,0,0
monthly_state_retained,3679,2026-03-27,2026-04-07,-0.0035591495694504,2026,2026-02-28,learned_vol_interaction,20260911,0.43340188452247674,0.43340188452247674,0,0
monthly_state_retained,3664,2026-03-06,2026-03-16,0.0149926634422041,2026,2026-02-28,learned_vol_interaction,20260912,0.4454734654507731,0.4454734654507731,0,1
monthly_state_retained,3669,2026-03-13,2026-03-23,-0.0364343509194254,2026,2026-02-28,learned_vol_interaction,20260912,0.5162800418391823,0.5162800418391823,1,0
monthly_state_retained,3674,2026-03-20,2026-03-30,-0.0083038829988221,2026,2026-02-28,learned_vol_interaction,20260912,0.44815597826032155,0.44815597826032155,0,0
monthly_state_retained,3679,2026-03-27,2026-04-07,-0.0035591495694504,2026,2026-02-28,learned_vol_interaction,20260912,0.41145491799092687,0.41145491799092687,0,0
monthly_state_retained,3664,2026-03-06,2026-03-16,0.0149926634422041,2026,2026-02-28,learned_order_extension,20260910,0.43198850893548346,0.43198850893548346,0,1
monthly_state_retained,3669,2026-03-13,2026-03-23,-0.0364343509194254,2026,2026-02-28,learned_order_extension,20260910,0.42629911883001154,0.42629911883001154,0,0
monthly_state_retained,3674,2026-03-20,2026-03-30,-0.0083038829988221,2026,2026-02-28,learned_order_extension,20260910,0.4749564207401761,0.4749564207401761,0,0
monthly_state_retained,3679,2026-03-27,2026-04-07,-0.0035591495694504,2026,2026-02-28,learned_order_extension,20260910,0.5307522668879032,0.5307522668879032,1,0
monthly_state_retained,3664,2026-03-06,2026-03-16,0.0149926634422041,2026,2026-02-28,learned_order_extension,20260911,0.6721134681647395,0.6721134681647395,1,1
monthly_state_retained,3669,2026-03-13,2026-03-23,-0.0364343509194254,2026,2026-02-28,learned_order_extension,20260911,0.44254310728173424,0.44254310728173424,0,0
monthly_state_retained,3674,2026-03-20,2026-03-30,-0.0083038829988221,2026,2026-02-28,learned_order_extension,20260911,0.4378410999680901,0.4378410999680901,0,0
monthly_state_retained,3679,2026-03-27,2026-04-07,-0.0035591495694504,2026,2026-02-28,learned_order_extension,20260911,0.4159760364157841,0.4159760364157841,0,0
monthly_state_retained,3664,2026-03-06,2026-03-16,0.0149926634422041,2026,2026-02-28,learned_order_extension,20260912,0.44635455978232025,0.44635455978232025,0,1
monthly_state_retained,3669,2026-03-13,2026-03-23,-0.0364343509194254,2026,2026-02-28,learned_order_extension,20260912,0.5383866937008707,0.5383866937008707,1,0
monthly_state_retained,3674,2026-03-20,2026-03-30,-0.0083038829988221,2026,2026-02-28,learned_order_extension,20260912,0.43243079892634145,0.43243079892634145,0,0
monthly_state_retained,3679,2026-03-27,2026-04-07,-0.0035591495694504,2026,2026-02-28,learned_order_extension,20260912,0.3847558274890985,0.3847558274890985,0,0
monthly_state_retained,3664,2026-03-06,2026-03-16,0.0149926634422041,2026,2026-02-28,learned_order_offset,20260910,0.43177972341367155,0.43177972341367155,0,1
monthly_state_retained,3669,2026-03-13,2026-03-23,-0.0364343509194254,2026,2026-02-28,learned_order_offset,20260910,0.4256062271162684,0.4256062271162684,0,0
monthly_state_retained,3674,2026-03-20,2026-03-30,-0.0083038829988221,2026,2026-02-28,learned_order_offset,20260910,0.47357009046646403,0.47357009046646403,0,0
monthly_state_retained,3679,2026-03-27,2026-04-07,-0.0035591495694504,2026,2026-02-28,learned_order_offset,20260910,0.5299745221118999,0.5299745221118999,1,0
monthly_state_retained,3664,2026-03-06,2026-03-16,0.0149926634422041,2026,2026-02-28,learned_order_offset,20260911,0.6720878025271129,0.6720878025271129,1,1
monthly_state_retained,3669,2026-03-13,2026-03-23,-0.0364343509194254,2026,2026-02-28,learned_order_offset,20260911,0.44301866763301645,0.44301866763301645,0,0
monthly_state_retained,3674,2026-03-20,2026-03-30,-0.0083038829988221,2026,2026-02-28,learned_order_offset,20260911,0.4379475907087764,0.4379475907087764,0,0
monthly_state_retained,3679,2026-03-27,2026-04-07,-0.0035591495694504,2026,2026-02-28,learned_order_offset,20260911,0.4162726411546184,0.4162726411546184,0,0
monthly_state_retained,3664,2026-03-06,2026-03-16,0.0149926634422041,2026,2026-02-28,learned_order_offset,20260912,0.4464707132363767,0.4464707132363767,0,1
monthly_state_retained,3669,2026-03-13,2026-03-23,-0.0364343509194254,2026,2026-02-28,learned_order_offset,20260912,0.5384561051408137,0.5384561051408137,1,0
monthly_state_retained,3674,2026-03-20,2026-03-30,-0.0083038829988221,2026,2026-02-28,learned_order_offset,20260912,0.43269622737784763,0.43269622737784763,0,0
monthly_state_retained,3679,2026-03-27,2026-04-07,-0.0035591495694504,2026,2026-02-28,learned_order_offset,20260912,0.3852504154330894,0.3852504154330894,0,0
monthly_state_retained,3684,2026-04-03,2026-04-13,0.0380736235508991,2026,2026-03-31,learned_market,20260910,0.5135356772227653,0.5135356772227653,1,1
monthly_state_retained,3688,2026-04-10,2026-04-20,0.0242766725964382,2026,2026-03-31,learned_market,20260910,0.4414243711182377,0.4414243711182377,0,1
monthly_state_retained,3693,2026-04-17,2026-04-27,0.010401572188011,2026,2026-03-31,learned_market,20260910,0.5274890760934624,0.5274890760934624,1,1
monthly_state_retained,3698,2026-04-24,2026-05-11,0.0263674696524953,2026,2026-03-31,learned_market,20260910,0.5599058490281199,0.5599058490281199,1,1
monthly_state_retained,3684,2026-04-03,2026-04-13,0.0380736235508991,2026,2026-03-31,learned_market,20260911,0.4917583888579656,0.4917583888579656,0,1
monthly_state_retained,3688,2026-04-10,2026-04-20,0.0242766725964382,2026,2026-03-31,learned_market,20260911,0.42353463813148706,0.42353463813148706,0,1
monthly_state_retained,3693,2026-04-17,2026-04-27,0.010401572188011,2026,2026-03-31,learned_market,20260911,0.47814615742976047,0.47814615742976047,0,1
monthly_state_retained,3698,2026-04-24,2026-05-11,0.0263674696524953,2026,2026-03-31,learned_market,20260911,0.397009215522116,0.397009215522116,0,1
monthly_state_retained,3684,2026-04-03,2026-04-13,0.0380736235508991,2026,2026-03-31,learned_market,20260912,0.42407385697810146,0.42407385697810146,0,1
monthly_state_retained,3688,2026-04-10,2026-04-20,0.0242766725964382,2026,2026-03-31,learned_market,20260912,0.4843345016251858,0.4843345016251858,0,1
monthly_state_retained,3693,2026-04-17,2026-04-27,0.010401572188011,2026,2026-03-31,learned_market,20260912,0.42352930830164365,0.42352930830164365,0,1
monthly_state_retained,3698,2026-04-24,2026-05-11,0.0263674696524953,2026,2026-03-31,learned_market,20260912,0.43134778732263795,0.43134778732263795,0,1
monthly_state_retained,3684,2026-04-03,2026-04-13,0.0380736235508991,2026,2026-03-31,learned_vol_interaction,20260910,0.515659416956686,0.515659416956686,1,1
monthly_state_retained,3688,2026-04-10,2026-04-20,0.0242766725964382,2026,2026-03-31,learned_vol_interaction,20260910,0.4493722448458667,0.4493722448458667,0,1
monthly_state_retained,3693,2026-04-17,2026-04-27,0.010401572188011,2026,2026-03-31,learned_vol_interaction,20260910,0.5273621904757047,0.5273621904757047,1,1
monthly_state_retained,3698,2026-04-24,2026-05-11,0.0263674696524953,2026,2026-03-31,learned_vol_interaction,20260910,0.562569101111175,0.562569101111175,1,1
monthly_state_retained,3684,2026-04-03,2026-04-13,0.0380736235508991,2026,2026-03-31,learned_vol_interaction,20260911,0.4940578595412546,0.4940578595412546,0,1
monthly_state_retained,3688,2026-04-10,2026-04-20,0.0242766725964382,2026,2026-03-31,learned_vol_interaction,20260911,0.4337471397432452,0.4337471397432452,0,1
monthly_state_retained,3693,2026-04-17,2026-04-27,0.010401572188011,2026,2026-03-31,learned_vol_interaction,20260911,0.4850032907922162,0.4850032907922162,0,1
monthly_state_retained,3698,2026-04-24,2026-05-11,0.0263674696524953,2026,2026-03-31,learned_vol_interaction,20260911,0.4058893273550579,0.4058893273550579,0,1
monthly_state_retained,3684,2026-04-03,2026-04-13,0.0380736235508991,2026,2026-03-31,learned_vol_interaction,20260912,0.44194013633414186,0.44194013633414186,0,1
monthly_state_retained,3688,2026-04-10,2026-04-20,0.0242766725964382,2026,2026-03-31,learned_vol_interaction,20260912,0.474602811789107,0.474602811789107,0,1
monthly_state_retained,3693,2026-04-17,2026-04-27,0.010401572188011,2026,2026-03-31,learned_vol_interaction,20260912,0.4655670623093444,0.4655670623093444,0,1
monthly_state_retained,3698,2026-04-24,2026-05-11,0.0263674696524953,2026,2026-03-31,learned_vol_interaction,20260912,0.42735120615774097,0.42735120615774097,0,1
monthly_state_retained,3684,2026-04-03,2026-04-13,0.0380736235508991,2026,2026-03-31,learned_order_extension,20260910,0.4794368120870296,0.4794368120870296,0,1
monthly_state_retained,3688,2026-04-10,2026-04-20,0.0242766725964382,2026,2026-03-31,learned_order_extension,20260910,0.46167487445755256,0.46167487445755256,0,1
monthly_state_retained,3693,2026-04-17,2026-04-27,0.010401572188011,2026,2026-03-31,learned_order_extension,20260910,0.48915840397780913,0.48915840397780913,0,1
monthly_state_retained,3698,2026-04-24,2026-05-11,0.0263674696524953,2026,2026-03-31,learned_order_extension,20260910,0.5334939283024217,0.5334939283024217,1,1
monthly_state_retained,3684,2026-04-03,2026-04-13,0.0380736235508991,2026,2026-03-31,learned_order_extension,20260911,0.5225865555186127,0.5225865555186127,1,1
monthly_state_retained,3688,2026-04-10,2026-04-20,0.0242766725964382,2026,2026-03-31,learned_order_extension,20260911,0.3902218447958239,0.3902218447958239,0,1
monthly_state_retained,3693,2026-04-17,2026-04-27,0.010401572188011,2026,2026-03-31,learned_order_extension,20260911,0.47502129653057895,0.47502129653057895,0,1
monthly_state_retained,3698,2026-04-24,2026-05-11,0.0263674696524953,2026,2026-03-31,learned_order_extension,20260911,0.3615628091350967,0.3615628091350967,0,1
monthly_state_retained,3684,2026-04-03,2026-04-13,0.0380736235508991,2026,2026-03-31,learned_order_extension,20260912,0.4144033852774401,0.4144033852774401,0,1
monthly_state_retained,3688,2026-04-10,2026-04-20,0.0242766725964382,2026,2026-03-31,learned_order_extension,20260912,0.47938167585700264,0.47938167585700264,0,1
monthly_state_retained,3693,2026-04-17,2026-04-27,0.010401572188011,2026,2026-03-31,learned_order_extension,20260912,0.4174512738947204,0.4174512738947204,0,1
monthly_state_retained,3698,2026-04-24,2026-05-11,0.0263674696524953,2026,2026-03-31,learned_order_extension,20260912,0.40789835430240917,0.40789835430240917,0,1
monthly_state_retained,3684,2026-04-03,2026-04-13,0.0380736235508991,2026,2026-03-31,learned_order_offset,20260910,0.4782165227179181,0.4782165227179181,0,1
monthly_state_retained,3688,2026-04-10,2026-04-20,0.0242766725964382,2026,2026-03-31,learned_order_offset,20260910,0.4615862587370742,0.4615862587370742,0,1
monthly_state_retained,3693,2026-04-17,2026-04-27,0.010401572188011,2026,2026-03-31,learned_order_offset,20260910,0.48781762002384393,0.48781762002384393,0,1
monthly_state_retained,3698,2026-04-24,2026-05-11,0.0263674696524953,2026,2026-03-31,learned_order_offset,20260910,0.5331761180129994,0.5331761180129994,1,1
monthly_state_retained,3684,2026-04-03,2026-04-13,0.0380736235508991,2026,2026-03-31,learned_order_offset,20260911,0.5224823337812894,0.5224823337812894,1,1
monthly_state_retained,3688,2026-04-10,2026-04-20,0.0242766725964382,2026,2026-03-31,learned_order_offset,20260911,0.3902357573397548,0.3902357573397548,0,1
monthly_state_retained,3693,2026-04-17,2026-04-27,0.010401572188011,2026,2026-03-31,learned_order_offset,20260911,0.47553685695761877,0.47553685695761877,0,1
monthly_state_retained,3698,2026-04-24,2026-05-11,0.0263674696524953,2026,2026-03-31,learned_order_offset,20260911,0.3620463682387632,0.3620463682387632,0,1
monthly_state_retained,3684,2026-04-03,2026-04-13,0.0380736235508991,2026,2026-03-31,learned_order_offset,20260912,0.41463312595207424,0.41463312595207424,0,1
monthly_state_retained,3688,2026-04-10,2026-04-20,0.0242766725964382,2026,2026-03-31,learned_order_offset,20260912,0.47957887458862364,0.47957887458862364,0,1
monthly_state_retained,3693,2026-04-17,2026-04-27,0.010401572188011,2026,2026-03-31,learned_order_offset,20260912,0.4174462723853696,0.4174462723853696,0,1
monthly_state_retained,3698,2026-04-24,2026-05-11,0.0263674696524953,2026,2026-03-31,learned_order_offset,20260912,0.4078121898572776,0.4078121898572776,0,1
monthly_state_retained,3705,2026-05-08,2026-05-18,-0.0134529239455926,2026,2026-04-30,learned_market,20260910,0.7550729207988254,0.7550729207988254,1,0
monthly_state_retained,3710,2026-05-15,2026-05-25,0.0076235492615268,2026,2026-04-30,learned_market,20260910,0.804363668790624,0.804363668790624,1,1
monthly_state_retained,3715,2026-05-22,2026-06-01,0.005068538126898,2026,2026-04-30,learned_market,20260910,0.34489025597783224,0.34489025597783224,0,1
monthly_state_retained,3720,2026-05-29,2026-06-08,-0.039635353927193,2026,2026-04-30,learned_market,20260910,0.4051698015001944,0.4051698015001944,0,0
monthly_state_retained,3705,2026-05-08,2026-05-18,-0.0134529239455926,2026,2026-04-30,learned_market,20260911,0.41986421610847413,0.41986421610847413,0,0
monthly_state_retained,3710,2026-05-15,2026-05-25,0.0076235492615268,2026,2026-04-30,learned_market,20260911,0.49182407037984965,0.49182407037984965,0,1
monthly_state_retained,3715,2026-05-22,2026-06-01,0.005068538126898,2026,2026-04-30,learned_market,20260911,0.5675464106677375,0.5675464106677375,1,1
monthly_state_retained,3720,2026-05-29,2026-06-08,-0.039635353927193,2026,2026-04-30,learned_market,20260911,0.5335990500389893,0.5335990500389893,1,0
monthly_state_retained,3705,2026-05-08,2026-05-18,-0.0134529239455926,2026,2026-04-30,learned_market,20260912,0.47804055860260325,0.47804055860260325,0,0
monthly_state_retained,3710,2026-05-15,2026-05-25,0.0076235492615268,2026,2026-04-30,learned_market,20260912,0.5242439932504063,0.5242439932504063,1,1
monthly_state_retained,3715,2026-05-22,2026-06-01,0.005068538126898,2026,2026-04-30,learned_market,20260912,0.5118662537721262,0.5118662537721262,1,1
monthly_state_retained,3720,2026-05-29,2026-06-08,-0.039635353927193,2026,2026-04-30,learned_market,20260912,0.47332917945413594,0.47332917945413594,0,0
monthly_state_retained,3705,2026-05-08,2026-05-18,-0.0134529239455926,2026,2026-04-30,learned_vol_interaction,20260910,0.7583539673291619,0.7583539673291619,1,0
monthly_state_retained,3710,2026-05-15,2026-05-25,0.0076235492615268,2026,2026-04-30,learned_vol_interaction,20260910,0.808954967014337,0.808954967014337,1,1
monthly_state_retained,3715,2026-05-22,2026-06-01,0.005068538126898,2026,2026-04-30,learned_vol_interaction,20260910,0.3451660204622861,0.3451660204622861,0,1
monthly_state_retained,3720,2026-05-29,2026-06-08,-0.039635353927193,2026,2026-04-30,learned_vol_interaction,20260910,0.40602485778719405,0.40602485778719405,0,0
monthly_state_retained,3705,2026-05-08,2026-05-18,-0.0134529239455926,2026,2026-04-30,learned_vol_interaction,20260911,0.42973836440374286,0.42973836440374286,0,0
monthly_state_retained,3710,2026-05-15,2026-05-25,0.0076235492615268,2026,2026-04-30,learned_vol_interaction,20260911,0.4949230127164896,0.4949230127164896,0,1
monthly_state_retained,3715,2026-05-22,2026-06-01,0.005068538126898,2026,2026-04-30,learned_vol_interaction,20260911,0.5688910502105043,0.5688910502105043,1,1
monthly_state_retained,3720,2026-05-29,2026-06-08,-0.039635353927193,2026,2026-04-30,learned_vol_interaction,20260911,0.5277526974219006,0.5277526974219006,1,0
monthly_state_retained,3705,2026-05-08,2026-05-18,-0.0134529239455926,2026,2026-04-30,learned_vol_interaction,20260912,0.45536406167315674,0.45536406167315674,0,0
monthly_state_retained,3710,2026-05-15,2026-05-25,0.0076235492615268,2026,2026-04-30,learned_vol_interaction,20260912,0.5065051153684339,0.5065051153684339,1,1
monthly_state_retained,3715,2026-05-22,2026-06-01,0.005068538126898,2026,2026-04-30,learned_vol_interaction,20260912,0.49203695640068734,0.49203695640068734,0,1
monthly_state_retained,3720,2026-05-29,2026-06-08,-0.039635353927193,2026,2026-04-30,learned_vol_interaction,20260912,0.47113595890062737,0.47113595890062737,0,0
monthly_state_retained,3705,2026-05-08,2026-05-18,-0.0134529239455926,2026,2026-04-30,learned_order_extension,20260910,0.6608729457947353,0.6608729457947353,1,0
monthly_state_retained,3710,2026-05-15,2026-05-25,0.0076235492615268,2026,2026-04-30,learned_order_extension,20260910,0.6621456099988644,0.6621456099988644,1,1
monthly_state_retained,3715,2026-05-22,2026-06-01,0.005068538126898,2026,2026-04-30,learned_order_extension,20260910,0.40802462143294466,0.40802462143294466,0,1
monthly_state_retained,3720,2026-05-29,2026-06-08,-0.039635353927193,2026,2026-04-30,learned_order_extension,20260910,0.4710367249905899,0.4710367249905899,0,0
monthly_state_retained,3705,2026-05-08,2026-05-18,-0.0134529239455926,2026,2026-04-30,learned_order_extension,20260911,0.37473317599903294,0.37473317599903294,0,0
monthly_state_retained,3710,2026-05-15,2026-05-25,0.0076235492615268,2026,2026-04-30,learned_order_extension,20260911,0.48789190366124763,0.48789190366124763,0,1
monthly_state_retained,3715,2026-05-22,2026-06-01,0.005068538126898,2026,2026-04-30,learned_order_extension,20260911,0.6050079630522534,0.6050079630522534,1,1
monthly_state_retained,3720,2026-05-29,2026-06-08,-0.039635353927193,2026,2026-04-30,learned_order_extension,20260911,0.5389218116035444,0.5389218116035444,1,0
monthly_state_retained,3705,2026-05-08,2026-05-18,-0.0134529239455926,2026,2026-04-30,learned_order_extension,20260912,0.4584298418185969,0.4584298418185969,0,0
monthly_state_retained,3710,2026-05-15,2026-05-25,0.0076235492615268,2026,2026-04-30,learned_order_extension,20260912,0.5410895291105667,0.5410895291105667,1,1
monthly_state_retained,3715,2026-05-22,2026-06-01,0.005068538126898,2026,2026-04-30,learned_order_extension,20260912,0.5021226383630596,0.5021226383630596,1,1
monthly_state_retained,3720,2026-05-29,2026-06-08,-0.039635353927193,2026,2026-04-30,learned_order_extension,20260912,0.4573299409387087,0.4573299409387087,0,0
monthly_state_retained,3705,2026-05-08,2026-05-18,-0.0134529239455926,2026,2026-04-30,learned_order_offset,20260910,0.6596035363014215,0.6596035363014215,1,0
monthly_state_retained,3710,2026-05-15,2026-05-25,0.0076235492615268,2026,2026-04-30,learned_order_offset,20260910,0.6598534157480438,0.6598534157480438,1,1
monthly_state_retained,3715,2026-05-22,2026-06-01,0.005068538126898,2026,2026-04-30,learned_order_offset,20260910,0.4084421988760729,0.4084421988760729,0,1
monthly_state_retained,3720,2026-05-29,2026-06-08,-0.039635353927193,2026,2026-04-30,learned_order_offset,20260910,0.4707708671158844,0.4707708671158844,0,0
monthly_state_retained,3705,2026-05-08,2026-05-18,-0.0134529239455926,2026,2026-04-30,learned_order_offset,20260911,0.37506110199237114,0.37506110199237114,0,0
monthly_state_retained,3710,2026-05-15,2026-05-25,0.0076235492615268,2026,2026-04-30,learned_order_offset,20260911,0.4883726515758041,0.4883726515758041,0,1
monthly_state_retained,3715,2026-05-22,2026-06-01,0.005068538126898,2026,2026-04-30,learned_order_offset,20260911,0.604795171228401,0.604795171228401,1,1
monthly_state_retained,3720,2026-05-29,2026-06-08,-0.039635353927193,2026,2026-04-30,learned_order_offset,20260911,0.539117103351593,0.539117103351593,1,0
monthly_state_retained,3705,2026-05-08,2026-05-18,-0.0134529239455926,2026,2026-04-30,learned_order_offset,20260912,0.45820168742787637,0.45820168742787637,0,0
monthly_state_retained,3710,2026-05-15,2026-05-25,0.0076235492615268,2026,2026-04-30,learned_order_offset,20260912,0.5408516437983437,0.5408516437983437,1,1
monthly_state_retained,3715,2026-05-22,2026-06-01,0.005068538126898,2026,2026-04-30,learned_order_offset,20260912,0.5018942264488259,0.5018942264488259,1,1
monthly_state_retained,3720,2026-05-29,2026-06-08,-0.039635353927193,2026,2026-04-30,learned_order_offset,20260912,0.4571886722395474,0.4571886722395474,0,0
monthly_state_retained,3725,2026-06-05,2026-06-15,0.0266849782195981,2026,2026-05-31,learned_market,20260910,0.43325058670455674,0.43325058670455674,0,1
monthly_state_retained,3730,2026-06-12,2026-06-29,0.0076098142791176,2026,2026-05-31,learned_market,20260910,0.4284564728112197,0.4284564728112197,0,1
monthly_state_retained,3739,2026-06-26,2026-07-06,0.0005137647861506,2026,2026-05-31,learned_market,20260910,0.5031202151919982,0.5031202151919982,1,1
monthly_state_retained,3725,2026-06-05,2026-06-15,0.0266849782195981,2026,2026-05-31,learned_market,20260911,0.3985532767602021,0.3985532767602021,0,1
monthly_state_retained,3730,2026-06-12,2026-06-29,0.0076098142791176,2026,2026-05-31,learned_market,20260911,0.3056186128589413,0.3056186128589413,0,1
monthly_state_retained,3739,2026-06-26,2026-07-06,0.0005137647861506,2026,2026-05-31,learned_market,20260911,0.47152715176422977,0.47152715176422977,0,1
monthly_state_retained,3725,2026-06-05,2026-06-15,0.0266849782195981,2026,2026-05-31,learned_market,20260912,0.46849386998390014,0.46849386998390014,0,1
monthly_state_retained,3730,2026-06-12,2026-06-29,0.0076098142791176,2026,2026-05-31,learned_market,20260912,0.4497314325369085,0.4497314325369085,0,1
monthly_state_retained,3739,2026-06-26,2026-07-06,0.0005137647861506,2026,2026-05-31,learned_market,20260912,0.5338580433420232,0.5338580433420232,1,1
monthly_state_retained,3725,2026-06-05,2026-06-15,0.0266849782195981,2026,2026-05-31,learned_vol_interaction,20260910,0.432960289448338,0.432960289448338,0,1
monthly_state_retained,3730,2026-06-12,2026-06-29,0.0076098142791176,2026,2026-05-31,learned_vol_interaction,20260910,0.4280160370991171,0.4280160370991171,0,1
monthly_state_retained,3739,2026-06-26,2026-07-06,0.0005137647861506,2026,2026-05-31,learned_vol_interaction,20260910,0.5090642838694552,0.5090642838694552,1,1
monthly_state_retained,3725,2026-06-05,2026-06-15,0.0266849782195981,2026,2026-05-31,learned_vol_interaction,20260911,0.3941068335829671,0.3941068335829671,0,1
monthly_state_retained,3730,2026-06-12,2026-06-29,0.0076098142791176,2026,2026-05-31,learned_vol_interaction,20260911,0.3023086014266972,0.3023086014266972,0,1
monthly_state_retained,3739,2026-06-26,2026-07-06,0.0005137647861506,2026,2026-05-31,learned_vol_interaction,20260911,0.4831146486882105,0.4831146486882105,0,1
monthly_state_retained,3725,2026-06-05,2026-06-15,0.0266849782195981,2026,2026-05-31,learned_vol_interaction,20260912,0.45682558024935527,0.45682558024935527,0,1
monthly_state_retained,3730,2026-06-12,2026-06-29,0.0076098142791176,2026,2026-05-31,learned_vol_interaction,20260912,0.442975733059148,0.442975733059148,0,1
monthly_state_retained,3739,2026-06-26,2026-07-06,0.0005137647861506,2026,2026-05-31,learned_vol_interaction,20260912,0.5201528170131723,0.5201528170131723,1,1
monthly_state_retained,3725,2026-06-05,2026-06-15,0.0266849782195981,2026,2026-05-31,learned_order_extension,20260910,0.4787674603567685,0.4787674603567685,0,1
monthly_state_retained,3730,2026-06-12,2026-06-29,0.0076098142791176,2026,2026-05-31,learned_order_extension,20260910,0.46726942898894935,0.46726942898894935,0,1
monthly_state_retained,3739,2026-06-26,2026-07-06,0.0005137647861506,2026,2026-05-31,learned_order_extension,20260910,0.50390759823315,0.50390759823315,1,1
monthly_state_retained,3725,2026-06-05,2026-06-15,0.0266849782195981,2026,2026-05-31,learned_order_extension,20260911,0.3259340934446785,0.3259340934446785,0,1
monthly_state_retained,3730,2026-06-12,2026-06-29,0.0076098142791176,2026,2026-05-31,learned_order_extension,20260911,0.20659956001017632,0.20659956001017632,0,1
monthly_state_retained,3739,2026-06-26,2026-07-06,0.0005137647861506,2026,2026-05-31,learned_order_extension,20260911,0.43462554431806527,0.43462554431806527,0,1
monthly_state_retained,3725,2026-06-05,2026-06-15,0.0266849782195981,2026,2026-05-31,learned_order_extension,20260912,0.4366421559336363,0.4366421559336363,0,1
monthly_state_retained,3730,2026-06-12,2026-06-29,0.0076098142791176,2026,2026-05-31,learned_order_extension,20260912,0.4102842493878904,0.4102842493878904,0,1
monthly_state_retained,3739,2026-06-26,2026-07-06,0.0005137647861506,2026,2026-05-31,learned_order_extension,20260912,0.5188140124051438,0.5188140124051438,1,1
monthly_state_retained,3725,2026-06-05,2026-06-15,0.0266849782195981,2026,2026-05-31,learned_order_offset,20260910,0.47868630672112744,0.47868630672112744,0,1
monthly_state_retained,3730,2026-06-12,2026-06-29,0.0076098142791176,2026,2026-05-31,learned_order_offset,20260910,0.46795283108360136,0.46795283108360136,0,1
monthly_state_retained,3739,2026-06-26,2026-07-06,0.0005137647861506,2026,2026-05-31,learned_order_offset,20260910,0.502351064392109,0.502351064392109,1,1
monthly_state_retained,3725,2026-06-05,2026-06-15,0.0266849782195981,2026,2026-05-31,learned_order_offset,20260911,0.32656706271307595,0.32656706271307595,0,1
monthly_state_retained,3730,2026-06-12,2026-06-29,0.0076098142791176,2026,2026-05-31,learned_order_offset,20260911,0.20714161696112363,0.20714161696112363,0,1
monthly_state_retained,3739,2026-06-26,2026-07-06,0.0005137647861506,2026,2026-05-31,learned_order_offset,20260911,0.4347302511570772,0.4347302511570772,0,1
monthly_state_retained,3725,2026-06-05,2026-06-15,0.0266849782195981,2026,2026-05-31,learned_order_offset,20260912,0.43649391290109524,0.43649391290109524,0,1
monthly_state_retained,3730,2026-06-12,2026-06-29,0.0076098142791176,2026,2026-05-31,learned_order_offset,20260912,0.4101169616257996,0.4101169616257996,0,1
monthly_state_retained,3739,2026-06-26,2026-07-06,0.0005137647861506,2026,2026-05-31,learned_order_offset,20260912,0.5185047287941408,0.5185047287941408,1,1
monthly_state_retained,3744,2026-07-03,2026-07-13,-0.0252847876365399,2026,2026-06-30,learned_market,20260910,0.5041345950811301,0.5041345950811301,1,0
monthly_state_retained,3749,2026-07-10,2026-07-20,-0.035775397012711,2026,2026-06-30,learned_market,20260910,0.6119366262275986,0.6119366262275986,1,0
monthly_state_retained,3754,2026-07-17,2026-07-27,0.01756245533441,2026,2026-06-30,learned_market,20260910,0.5449511844259397,0.5449511844259397,1,1
monthly_state_retained,3759,2026-07-24,2026-08-03,-0.0202339761556519,2026,2026-06-30,learned_market,20260910,0.5453196593301617,0.5453196593301617,1,0
monthly_state_retained,3764,2026-07-31,2026-08-10,0.0300318732435738,2026,2026-06-30,learned_market,20260910,0.2767208007713581,0.2767208007713581,0,1
monthly_state_retained,3744,2026-07-03,2026-07-13,-0.0252847876365399,2026,2026-06-30,learned_market,20260911,0.49503989230685247,0.49503989230685247,0,0
monthly_state_retained,3749,2026-07-10,2026-07-20,-0.035775397012711,2026,2026-06-30,learned_market,20260911,0.4346654416584668,0.4346654416584668,0,0
monthly_state_retained,3754,2026-07-17,2026-07-27,0.01756245533441,2026,2026-06-30,learned_market,20260911,0.4469468298475024,0.4469468298475024,0,1
monthly_state_retained,3759,2026-07-24,2026-08-03,-0.0202339761556519,2026,2026-06-30,learned_market,20260911,0.4523286144237616,0.4523286144237616,0,0
monthly_state_retained,3764,2026-07-31,2026-08-10,0.0300318732435738,2026,2026-06-30,learned_market,20260911,0.43916052641204817,0.43916052641204817,0,1
monthly_state_retained,3744,2026-07-03,2026-07-13,-0.0252847876365399,2026,2026-06-30,learned_market,20260912,0.5207498822011845,0.5207498822011845,1,0
monthly_state_retained,3749,2026-07-10,2026-07-20,-0.035775397012711,2026,2026-06-30,learned_market,20260912,0.5369848042926907,0.5369848042926907,1,0
monthly_state_retained,3754,2026-07-17,2026-07-27,0.01756245533441,2026,2026-06-30,learned_market,20260912,0.4491236951454709,0.4491236951454709,0,1
monthly_state_retained,3759,2026-07-24,2026-08-03,-0.0202339761556519,2026,2026-06-30,learned_market,20260912,0.45912056712344607,0.45912056712344607,0,0
monthly_state_retained,3764,2026-07-31,2026-08-10,0.0300318732435738,2026,2026-06-30,learned_market,20260912,0.4747199415260046,0.4747199415260046,0,1
monthly_state_retained,3744,2026-07-03,2026-07-13,-0.0252847876365399,2026,2026-06-30,learned_vol_interaction,20260910,0.5130191978252561,0.5130191978252561,1,0
monthly_state_retained,3749,2026-07-10,2026-07-20,-0.035775397012711,2026,2026-06-30,learned_vol_interaction,20260910,0.6084297195506533,0.6084297195506533,1,0
monthly_state_retained,3754,2026-07-17,2026-07-27,0.01756245533441,2026,2026-06-30,learned_vol_interaction,20260910,0.5400320366057051,0.5400320366057051,1,1
monthly_state_retained,3759,2026-07-24,2026-08-03,-0.0202339761556519,2026,2026-06-30,learned_vol_interaction,20260910,0.5452135003498544,0.5452135003498544,1,0
monthly_state_retained,3764,2026-07-31,2026-08-10,0.0300318732435738,2026,2026-06-30,learned_vol_interaction,20260910,0.2927729237284659,0.2927729237284659,0,1
monthly_state_retained,3744,2026-07-03,2026-07-13,-0.0252847876365399,2026,2026-06-30,learned_vol_interaction,20260911,0.5177335159245099,0.5177335159245099,1,0
monthly_state_retained,3749,2026-07-10,2026-07-20,-0.035775397012711,2026,2026-06-30,learned_vol_interaction,20260911,0.46119813517066643,0.46119813517066643,0,0
monthly_state_retained,3754,2026-07-17,2026-07-27,0.01756245533441,2026,2026-06-30,learned_vol_interaction,20260911,0.4550925466085049,0.4550925466085049,0,1
monthly_state_retained,3759,2026-07-24,2026-08-03,-0.0202339761556519,2026,2026-06-30,learned_vol_interaction,20260911,0.46430649386915596,0.46430649386915596,0,0
monthly_state_retained,3764,2026-07-31,2026-08-10,0.0300318732435738,2026,2026-06-30,learned_vol_interaction,20260911,0.4507338855746796,0.4507338855746796,0,1
monthly_state_retained,3744,2026-07-03,2026-07-13,-0.0252847876365399,2026,2026-06-30,learned_vol_interaction,20260912,0.5331865381192447,0.5331865381192447,1,0
monthly_state_retained,3749,2026-07-10,2026-07-20,-0.035775397012711,2026,2026-06-30,learned_vol_interaction,20260912,0.5405128774170224,0.5405128774170224,1,0
monthly_state_retained,3754,2026-07-17,2026-07-27,0.01756245533441,2026,2026-06-30,learned_vol_interaction,20260912,0.5152580314937659,0.5152580314937659,1,1
monthly_state_retained,3759,2026-07-24,2026-08-03,-0.0202339761556519,2026,2026-06-30,learned_vol_interaction,20260912,0.5102837642282361,0.5102837642282361,1,0
monthly_state_retained,3764,2026-07-31,2026-08-10,0.0300318732435738,2026,2026-06-30,learned_vol_interaction,20260912,0.49813339636912884,0.49813339636912884,0,1
monthly_state_retained,3744,2026-07-03,2026-07-13,-0.0252847876365399,2026,2026-06-30,learned_order_extension,20260910,0.5209645843255333,0.5209645843255333,1,0
monthly_state_retained,3749,2026-07-10,2026-07-20,-0.035775397012711,2026,2026-06-30,learned_order_extension,20260910,0.5454797914275038,0.5454797914275038,1,0
monthly_state_retained,3754,2026-07-17,2026-07-27,0.01756245533441,2026,2026-06-30,learned_order_extension,20260910,0.509635762223466,0.509635762223466,1,1
monthly_state_retained,3759,2026-07-24,2026-08-03,-0.0202339761556519,2026,2026-06-30,learned_order_extension,20260910,0.518520792881256,0.518520792881256,1,0
monthly_state_retained,3764,2026-07-31,2026-08-10,0.0300318732435738,2026,2026-06-30,learned_order_extension,20260910,0.36135032927063787,0.36135032927063787,0,1
monthly_state_retained,3744,2026-07-03,2026-07-13,-0.0252847876365399,2026,2026-06-30,learned_order_extension,20260911,0.4506693788167256,0.4506693788167256,0,0
monthly_state_retained,3749,2026-07-10,2026-07-20,-0.035775397012711,2026,2026-06-30,learned_order_extension,20260911,0.3824829838916093,0.3824829838916093,0,0
monthly_state_retained,3754,2026-07-17,2026-07-27,0.01756245533441,2026,2026-06-30,learned_order_extension,20260911,0.43688665591392856,0.43688665591392856,0,1
monthly_state_retained,3759,2026-07-24,2026-08-03,-0.0202339761556519,2026,2026-06-30,learned_order_extension,20260911,0.44905597298529143,0.44905597298529143,0,0
monthly_state_retained,3764,2026-07-31,2026-08-10,0.0300318732435738,2026,2026-06-30,learned_order_extension,20260911,0.4331657943702479,0.4331657943702479,0,1
monthly_state_retained,3744,2026-07-03,2026-07-13,-0.0252847876365399,2026,2026-06-30,learned_order_extension,20260912,0.4989429054386354,0.4989429054386354,0,0
monthly_state_retained,3749,2026-07-10,2026-07-20,-0.035775397012711,2026,2026-06-30,learned_order_extension,20260912,0.5236629920895812,0.5236629920895812,1,0
monthly_state_retained,3754,2026-07-17,2026-07-27,0.01756245533441,2026,2026-06-30,learned_order_extension,20260912,0.5032118538805617,0.5032118538805617,1,1
monthly_state_retained,3759,2026-07-24,2026-08-03,-0.0202339761556519,2026,2026-06-30,learned_order_extension,20260912,0.4921460637997216,0.4921460637997216,0,0
monthly_state_retained,3764,2026-07-31,2026-08-10,0.0300318732435738,2026,2026-06-30,learned_order_extension,20260912,0.4818553927993659,0.4818553927993659,0,1
monthly_state_retained,3744,2026-07-03,2026-07-13,-0.0252847876365399,2026,2026-06-30,learned_order_offset,20260910,0.5200345973909772,0.5200345973909772,1,0
monthly_state_retained,3749,2026-07-10,2026-07-20,-0.035775397012711,2026,2026-06-30,learned_order_offset,20260910,0.5436950585124818,0.5436950585124818,1,0
monthly_state_retained,3754,2026-07-17,2026-07-27,0.01756245533441,2026,2026-06-30,learned_order_offset,20260910,0.508054785466941,0.508054785466941,1,1
monthly_state_retained,3759,2026-07-24,2026-08-03,-0.0202339761556519,2026,2026-06-30,learned_order_offset,20260910,0.5169961256143539,0.5169961256143539,1,0
monthly_state_retained,3764,2026-07-31,2026-08-10,0.0300318732435738,2026,2026-06-30,learned_order_offset,20260910,0.3614644685354211,0.3614644685354211,0,1
monthly_state_retained,3744,2026-07-03,2026-07-13,-0.0252847876365399,2026,2026-06-30,learned_order_offset,20260911,0.4511056441001019,0.4511056441001019,0,0
monthly_state_retained,3749,2026-07-10,2026-07-20,-0.035775397012711,2026,2026-06-30,learned_order_offset,20260911,0.3827592265438766,0.3827592265438766,0,0
monthly_state_retained,3754,2026-07-17,2026-07-27,0.01756245533441,2026,2026-06-30,learned_order_offset,20260911,0.43716941946487026,0.43716941946487026,0,1
monthly_state_retained,3759,2026-07-24,2026-08-03,-0.0202339761556519,2026,2026-06-30,learned_order_offset,20260911,0.44889763247147363,0.44889763247147363,0,0
monthly_state_retained,3764,2026-07-31,2026-08-10,0.0300318732435738,2026,2026-06-30,learned_order_offset,20260911,0.43353434012232234,0.43353434012232234,0,1
monthly_state_retained,3744,2026-07-03,2026-07-13,-0.0252847876365399,2026,2026-06-30,learned_order_offset,20260912,0.4988441113201745,0.4988441113201745,0,0
monthly_state_retained,3749,2026-07-10,2026-07-20,-0.035775397012711,2026,2026-06-30,learned_order_offset,20260912,0.523535406519861,0.523535406519861,1,0
monthly_state_retained,3754,2026-07-17,2026-07-27,0.01756245533441,2026,2026-06-30,learned_order_offset,20260912,0.5033052897147685,0.5033052897147685,1,1
monthly_state_retained,3759,2026-07-24,2026-08-03,-0.0202339761556519,2026,2026-06-30,learned_order_offset,20260912,0.4922428591218114,0.4922428591218114,0,0
monthly_state_retained,3764,2026-07-31,2026-08-10,0.0300318732435738,2026,2026-06-30,learned_order_offset,20260912,0.4819029511308941,0.4819029511308941,0,1
monthly_state_retained,3769,2026-08-07,2026-08-17,-0.0056482265760339,2026,2026-07-31,learned_market,20260910,0.5027122241666967,0.5027122241666967,1,0
monthly_state_retained,3774,2026-08-14,2026-08-24,-0.0109860710402629,2026,2026-07-31,learned_market,20260910,0.5310817605680674,0.5310817605680674,1,0
monthly_state_retained,3779,2026-08-21,2026-08-31,-0.0127592811002066,2026,2026-07-31,learned_market,20260910,0.6651537896005871,0.6651537896005871,1,0
monthly_state_retained,3769,2026-08-07,2026-08-17,-0.0056482265760339,2026,2026-07-31,learned_market,20260911,0.33016870403212256,0.33016870403212256,0,0
monthly_state_retained,3774,2026-08-14,2026-08-24,-0.0109860710402629,2026,2026-07-31,learned_market,20260911,0.459964206845313,0.459964206845313,0,0
monthly_state_retained,3779,2026-08-21,2026-08-31,-0.0127592811002066,2026,2026-07-31,learned_market,20260911,0.4343413838297144,0.4343413838297144,0,0
monthly_state_retained,3769,2026-08-07,2026-08-17,-0.0056482265760339,2026,2026-07-31,learned_market,20260912,0.5169922363203473,0.5169922363203473,1,0
monthly_state_retained,3774,2026-08-14,2026-08-24,-0.0109860710402629,2026,2026-07-31,learned_market,20260912,0.47409296619698144,0.47409296619698144,0,0
monthly_state_retained,3779,2026-08-21,2026-08-31,-0.0127592811002066,2026,2026-07-31,learned_market,20260912,0.4643846053465112,0.4643846053465112,0,0
monthly_state_retained,3769,2026-08-07,2026-08-17,-0.0056482265760339,2026,2026-07-31,learned_vol_interaction,20260910,0.5018241632757133,0.5018241632757133,1,0
monthly_state_retained,3774,2026-08-14,2026-08-24,-0.0109860710402629,2026,2026-07-31,learned_vol_interaction,20260910,0.5283667849838735,0.5283667849838735,1,0
monthly_state_retained,3779,2026-08-21,2026-08-31,-0.0127592811002066,2026,2026-07-31,learned_vol_interaction,20260910,0.6645868105074454,0.6645868105074454,1,0
monthly_state_retained,3769,2026-08-07,2026-08-17,-0.0056482265760339,2026,2026-07-31,learned_vol_interaction,20260911,0.3598878838643001,0.3598878838643001,0,0
monthly_state_retained,3774,2026-08-14,2026-08-24,-0.0109860710402629,2026,2026-07-31,learned_vol_interaction,20260911,0.4653583842913121,0.4653583842913121,0,0
monthly_state_retained,3779,2026-08-21,2026-08-31,-0.0127592811002066,2026,2026-07-31,learned_vol_interaction,20260911,0.4414273259619546,0.4414273259619546,0,0
monthly_state_retained,3769,2026-08-07,2026-08-17,-0.0056482265760339,2026,2026-07-31,learned_vol_interaction,20260912,0.4913068589563322,0.4913068589563322,0,0
monthly_state_retained,3774,2026-08-14,2026-08-24,-0.0109860710402629,2026,2026-07-31,learned_vol_interaction,20260912,0.46547315716272203,0.46547315716272203,0,0
monthly_state_retained,3779,2026-08-21,2026-08-31,-0.0127592811002066,2026,2026-07-31,learned_vol_interaction,20260912,0.4565503959943362,0.4565503959943362,0,0
monthly_state_retained,3769,2026-08-07,2026-08-17,-0.0056482265760339,2026,2026-07-31,learned_order_extension,20260910,0.4821947855603083,0.4821947855603083,0,0
monthly_state_retained,3774,2026-08-14,2026-08-24,-0.0109860710402629,2026,2026-07-31,learned_order_extension,20260910,0.49567013865267634,0.49567013865267634,0,0
monthly_state_retained,3779,2026-08-21,2026-08-31,-0.0127592811002066,2026,2026-07-31,learned_order_extension,20260910,0.5942017644460034,0.5942017644460034,1,0
monthly_state_retained,3769,2026-08-07,2026-08-17,-0.0056482265760339,2026,2026-07-31,learned_order_extension,20260911,0.2872017560126486,0.2872017560126486,0,0
monthly_state_retained,3774,2026-08-14,2026-08-24,-0.0109860710402629,2026,2026-07-31,learned_order_extension,20260911,0.46907910630736294,0.46907910630736294,0,0
monthly_state_retained,3779,2026-08-21,2026-08-31,-0.0127592811002066,2026,2026-07-31,learned_order_extension,20260911,0.44303971633290073,0.44303971633290073,0,0
monthly_state_retained,3769,2026-08-07,2026-08-17,-0.0056482265760339,2026,2026-07-31,learned_order_extension,20260912,0.5028354128920006,0.5028354128920006,1,0
monthly_state_retained,3774,2026-08-14,2026-08-24,-0.0109860710402629,2026,2026-07-31,learned_order_extension,20260912,0.4725810214103995,0.4725810214103995,0,0
monthly_state_retained,3779,2026-08-21,2026-08-31,-0.0127592811002066,2026,2026-07-31,learned_order_extension,20260912,0.46653070967261673,0.46653070967261673,0,0
monthly_state_retained,3769,2026-08-07,2026-08-17,-0.0056482265760339,2026,2026-07-31,learned_order_offset,20260910,0.48135180455157167,0.48135180455157167,0,0
monthly_state_retained,3774,2026-08-14,2026-08-24,-0.0109860710402629,2026,2026-07-31,learned_order_offset,20260910,0.49538994348876286,0.49538994348876286,0,0
monthly_state_retained,3779,2026-08-21,2026-08-31,-0.0127592811002066,2026,2026-07-31,learned_order_offset,20260910,0.593020025927001,0.593020025927001,1,0
monthly_state_retained,3769,2026-08-07,2026-08-17,-0.0056482265760339,2026,2026-07-31,learned_order_offset,20260911,0.2875992386914778,0.2875992386914778,0,0
monthly_state_retained,3774,2026-08-14,2026-08-24,-0.0109860710402629,2026,2026-07-31,learned_order_offset,20260911,0.46970929218369795,0.46970929218369795,0,0
monthly_state_retained,3779,2026-08-21,2026-08-31,-0.0127592811002066,2026,2026-07-31,learned_order_offset,20260911,0.44364661674139716,0.44364661674139716,0,0
monthly_state_retained,3769,2026-08-07,2026-08-17,-0.0056482265760339,2026,2026-07-31,learned_order_offset,20260912,0.5027660682169325,0.5027660682169325,1,0
monthly_state_retained,3774,2026-08-14,2026-08-24,-0.0109860710402629,2026,2026-07-31,learned_order_offset,20260912,0.4725999925469034,0.4725999925469034,0,0
monthly_state_retained,3779,2026-08-21,2026-08-31,-0.0127592811002066,2026,2026-07-31,learned_order_offset,20260912,0.4665968127191565,0.4665968127191565,0,0
monthly_state_retained,2418,2021-01-08,2021-01-18,-0.0120052904669853,2021,2020-12-31,native_mse,20260910,-0.00016719672473286887,,0,0
monthly_state_retained,2423,2021-01-15,2021-01-25,0.0231622460538123,2021,2020-12-31,native_mse,20260910,-0.0024576018862454926,,0,1
monthly_state_retained,2428,2021-01-22,2021-02-01,-0.0372511735907923,2021,2020-12-31,native_mse,20260910,-0.003647746896638798,,0,0
monthly_state_retained,2433,2021-01-29,2021-02-08,0.0278689901714626,2021,2020-12-31,native_mse,20260910,-0.0025472735860022446,,0,1
monthly_state_retained,2438,2021-02-05,2021-02-22,0.0507379035040882,2021,2020-12-31,native_mse,20260910,-0.0030793775400414984,,0,1
monthly_state_retained,2443,2021-02-19,2021-03-01,-0.0684918010685315,2021,2020-12-31,native_mse,20260910,-0.0023490676188242655,,0,0
monthly_state_retained,2448,2021-02-26,2021-03-08,-0.0165997123904068,2021,2020-12-31,native_mse,20260910,-0.0023665663755005908,,0,0
monthly_state_retained,2453,2021-03-05,2021-03-15,-0.0346560901469681,2021,2020-12-31,native_mse,20260910,-0.0014253865572098575,,0,0
monthly_state_retained,2458,2021-03-12,2021-03-22,-0.0210550182560221,2021,2020-12-31,native_mse,20260910,-0.0005000901973691782,,0,0
monthly_state_retained,2463,2021-03-19,2021-03-29,0.0087572877565691,2021,2020-12-31,native_mse,20260910,0.006023340982564988,,1,1
monthly_state_retained,2468,2021-03-26,2021-04-06,0.0250145479448802,2021,2020-12-31,native_mse,20260910,0.005598392317839315,,1,1
monthly_state_retained,2473,2021-04-02,2021-04-12,-0.0292856811827044,2021,2020-12-31,native_mse,20260910,0.0036485752776130036,,1,0
monthly_state_retained,2477,2021-04-09,2021-04-19,-0.0120489836840408,2021,2020-12-31,native_mse,20260910,0.007350243400305611,,1,0
monthly_state_retained,2482,2021-04-16,2021-04-26,0.0382932540809155,2021,2020-12-31,native_mse,20260910,0.002900059176571625,,1,1
monthly_state_retained,2487,2021-04-23,2021-05-06,-0.0112070185917437,2021,2020-12-31,native_mse,20260910,0.007596625467989239,,1,0
monthly_state_retained,2492,2021-04-30,2021-05-12,-0.0190946889464188,2021,2020-12-31,native_mse,20260910,0.007105998256782256,,1,0
monthly_state_retained,2494,2021-05-07,2021-05-17,0.0227674429764228,2021,2020-12-31,native_mse,20260910,0.0072995237328683515,,1,1
monthly_state_retained,2499,2021-05-14,2021-05-24,0.0045940519733895,2021,2020-12-31,native_mse,20260910,0.006906583839110419,,1,1
monthly_state_retained,2504,2021-05-21,2021-05-31,0.0348855085126711,2021,2020-12-31,native_mse,20260910,0.0039949465805707365,,1,1
monthly_state_retained,2509,2021-05-28,2021-06-07,-0.0062409741861724,2021,2020-12-31,native_mse,20260910,0.004302626766656515,,1,0
monthly_state_retained,2514,2021-06-04,2021-06-15,-0.0125508761771767,2021,2020-12-31,native_mse,20260910,0.0018010688105476373,,1,0
monthly_state_retained,2519,2021-06-11,2021-06-21,-0.0250011497424577,2021,2020-12-31,native_mse,20260910,-0.0027939130847951473,,0,0
monthly_state_retained,2523,2021-06-18,2021-06-28,0.0325308711127356,2021,2020-12-31,native_mse,20260910,-0.0024054667576293687,,0,1
monthly_state_retained,2528,2021-06-25,2021-07-05,-0.0342297962734196,2021,2020-12-31,native_mse,20260910,-0.0021641013171994155,,0,0
monthly_state_retained,2533,2021-07-02,2021-07-12,0.0068193733271841,2021,2020-12-31,native_mse,20260910,-0.002740282150259048,,0,1
monthly_state_retained,2538,2021-07-09,2021-07-19,-0.0048254045313779,2021,2020-12-31,native_mse,20260910,-0.0025804416168060183,,0,0
monthly_state_retained,2543,2021-07-16,2021-07-26,-0.0032299118953994,2021,2020-12-31,native_mse,20260910,-0.0035112489700114967,,0,0
monthly_state_retained,2548,2021-07-23,2021-08-02,-0.0537740931579083,2021,2020-12-31,native_mse,20260910,-0.002252148085559406,,0,0
monthly_state_retained,2553,2021-07-30,2021-08-09,0.019904813945049,2021,2020-12-31,native_mse,20260910,-0.0013935392955686378,,0,1
monthly_state_retained,2558,2021-08-06,2021-08-16,0.0093369268709639,2021,2020-12-31,native_mse,20260910,-0.0008547058545780883,,0,1
monthly_state_retained,2563,2021-08-13,2021-08-23,-0.032048736608373,2021,2020-12-31,native_mse,20260910,-0.0010996712313164061,,0,0
monthly_state_retained,2568,2021-08-20,2021-08-30,0.0145047962107527,2021,2020-12-31,native_mse,20260910,0.0014984460902095808,,1,1
monthly_state_retained,2573,2021-08-27,2021-09-06,-0.0012316820816045,2021,2020-12-31,native_mse,20260910,0.006590900742918945,,1,0
monthly_state_retained,2578,2021-09-03,2021-09-13,0.0342301066295398,2021,2020-12-31,native_mse,20260910,0.009486980636077728,,1,1
monthly_state_retained,2583,2021-09-10,2021-09-22,-0.0471441667981554,2021,2020-12-31,native_mse,20260910,0.009371153033789907,,1,0
monthly_state_retained,2588,2021-09-17,2021-09-28,0.0209863060789441,2021,2020-12-31,native_mse,20260910,0.009603132896707183,,1,1
monthly_state_retained,2591,2021-09-24,2021-10-11,0.0144615416200457,2021,2020-12-31,native_mse,20260910,0.009682760274058575,,1,1
monthly_state_retained,2596,2021-10-08,2021-10-18,-0.0038006269617851,2021,2020-12-31,native_mse,20260910,0.009091248352644028,,1,0
monthly_state_retained,2601,2021-10-15,2021-10-25,0.0037358989621147,2021,2020-12-31,native_mse,20260910,0.008469619450977196,,1,1
monthly_state_retained,2606,2021-10-22,2021-11-01,-0.0127041632091318,2021,2020-12-31,native_mse,20260910,0.0008933657456787875,,1,0
monthly_state_retained,2611,2021-10-29,2021-11-08,-0.0075807737801166,2021,2020-12-31,native_mse,20260910,0.002406790555140204,,1,0
monthly_state_retained,2616,2021-11-05,2021-11-15,0.0110015182343039,2021,2020-12-31,native_mse,20260910,0.004495816516502967,,1,1
monthly_state_retained,2621,2021-11-12,2021-11-22,0.0002002284238551,2021,2020-12-31,native_mse,20260910,0.008345328596010884,,1,1
monthly_state_retained,2626,2021-11-19,2021-11-29,-0.0153981603100059,2021,2020-12-31,native_mse,20260910,0.006936498727743483,,1,0
monthly_state_retained,2631,2021-11-26,2021-12-06,0.0185518287306458,2021,2020-12-31,native_mse,20260910,0.0043122154605937865,,1,1
monthly_state_retained,2636,2021-12-03,2021-12-13,0.0367843110096284,2021,2020-12-31,native_mse,20260910,0.003903132217743633,,1,1
monthly_state_retained,2641,2021-12-10,2021-12-20,-0.0304615698955996,2021,2020-12-31,native_mse,20260910,0.0011584734670292821,,1,0
monthly_state_retained,2646,2021-12-17,2021-12-27,-0.0034083287233763,2021,2020-12-31,native_mse,20260910,0.008060168302998738,,1,0
monthly_state_retained,2651,2021-12-24,2022-01-04,0.0080985736506613,2021,2020-12-31,native_mse,20260910,0.0074924187486900135,,1,1
monthly_state_retained,2656,2021-12-31,2022-01-10,-0.0293970528320001,2021,2020-12-31,native_mse,20260910,0.008334791957105143,,1,0
monthly_state_retained,2418,2021-01-08,2021-01-18,-0.0120052904669853,2021,2020-12-31,training_frequency,-1,0.5577557755775577,0.5577557755775577,1,0
monthly_state_retained,2423,2021-01-15,2021-01-25,0.0231622460538123,2021,2020-12-31,training_frequency,-1,0.5577557755775577,0.5577557755775577,1,1
monthly_state_retained,2428,2021-01-22,2021-02-01,-0.0372511735907923,2021,2020-12-31,training_frequency,-1,0.5577557755775577,0.5577557755775577,1,0
monthly_state_retained,2433,2021-01-29,2021-02-08,0.0278689901714626,2021,2020-12-31,training_frequency,-1,0.5577557755775577,0.5577557755775577,1,1
monthly_state_retained,2438,2021-02-05,2021-02-22,0.0507379035040882,2021,2020-12-31,training_frequency,-1,0.5577557755775577,0.5577557755775577,1,1
monthly_state_retained,2443,2021-02-19,2021-03-01,-0.0684918010685315,2021,2020-12-31,training_frequency,-1,0.5577557755775577,0.5577557755775577,1,0
monthly_state_retained,2448,2021-02-26,2021-03-08,-0.0165997123904068,2021,2020-12-31,training_frequency,-1,0.5577557755775577,0.5577557755775577,1,0
monthly_state_retained,2453,2021-03-05,2021-03-15,-0.0346560901469681,2021,2020-12-31,training_frequency,-1,0.5577557755775577,0.5577557755775577,1,0
monthly_state_retained,2458,2021-03-12,2021-03-22,-0.0210550182560221,2021,2020-12-31,training_frequency,-1,0.5577557755775577,0.5577557755775577,1,0
monthly_state_retained,2463,2021-03-19,2021-03-29,0.0087572877565691,2021,2020-12-31,training_frequency,-1,0.5577557755775577,0.5577557755775577,1,1
monthly_state_retained,2468,2021-03-26,2021-04-06,0.0250145479448802,2021,2020-12-31,training_frequency,-1,0.5577557755775577,0.5577557755775577,1,1
monthly_state_retained,2473,2021-04-02,2021-04-12,-0.0292856811827044,2021,2020-12-31,training_frequency,-1,0.5577557755775577,0.5577557755775577,1,0
monthly_state_retained,2477,2021-04-09,2021-04-19,-0.0120489836840408,2021,2020-12-31,training_frequency,-1,0.5577557755775577,0.5577557755775577,1,0
monthly_state_retained,2482,2021-04-16,2021-04-26,0.0382932540809155,2021,2020-12-31,training_frequency,-1,0.5577557755775577,0.5577557755775577,1,1
monthly_state_retained,2487,2021-04-23,2021-05-06,-0.0112070185917437,2021,2020-12-31,training_frequency,-1,0.5577557755775577,0.5577557755775577,1,0
monthly_state_retained,2492,2021-04-30,2021-05-12,-0.0190946889464188,2021,2020-12-31,training_frequency,-1,0.5577557755775577,0.5577557755775577,1,0
monthly_state_retained,2494,2021-05-07,2021-05-17,0.0227674429764228,2021,2020-12-31,training_frequency,-1,0.5577557755775577,0.5577557755775577,1,1
monthly_state_retained,2499,2021-05-14,2021-05-24,0.0045940519733895,2021,2020-12-31,training_frequency,-1,0.5577557755775577,0.5577557755775577,1,1
monthly_state_retained,2504,2021-05-21,2021-05-31,0.0348855085126711,2021,2020-12-31,training_frequency,-1,0.5577557755775577,0.5577557755775577,1,1
monthly_state_retained,2509,2021-05-28,2021-06-07,-0.0062409741861724,2021,2020-12-31,training_frequency,-1,0.5577557755775577,0.5577557755775577,1,0
monthly_state_retained,2514,2021-06-04,2021-06-15,-0.0125508761771767,2021,2020-12-31,training_frequency,-1,0.5577557755775577,0.5577557755775577,1,0
monthly_state_retained,2519,2021-06-11,2021-06-21,-0.0250011497424577,2021,2020-12-31,training_frequency,-1,0.5577557755775577,0.5577557755775577,1,0
monthly_state_retained,2523,2021-06-18,2021-06-28,0.0325308711127356,2021,2020-12-31,training_frequency,-1,0.5577557755775577,0.5577557755775577,1,1
monthly_state_retained,2528,2021-06-25,2021-07-05,-0.0342297962734196,2021,2020-12-31,training_frequency,-1,0.5577557755775577,0.5577557755775577,1,0
monthly_state_retained,2533,2021-07-02,2021-07-12,0.0068193733271841,2021,2020-12-31,training_frequency,-1,0.5577557755775577,0.5577557755775577,1,1
monthly_state_retained,2538,2021-07-09,2021-07-19,-0.0048254045313779,2021,2020-12-31,training_frequency,-1,0.5577557755775577,0.5577557755775577,1,0
monthly_state_retained,2543,2021-07-16,2021-07-26,-0.0032299118953994,2021,2020-12-31,training_frequency,-1,0.5577557755775577,0.5577557755775577,1,0
monthly_state_retained,2548,2021-07-23,2021-08-02,-0.0537740931579083,2021,2020-12-31,training_frequency,-1,0.5577557755775577,0.5577557755775577,1,0
monthly_state_retained,2553,2021-07-30,2021-08-09,0.019904813945049,2021,2020-12-31,training_frequency,-1,0.5577557755775577,0.5577557755775577,1,1
monthly_state_retained,2558,2021-08-06,2021-08-16,0.0093369268709639,2021,2020-12-31,training_frequency,-1,0.5577557755775577,0.5577557755775577,1,1
monthly_state_retained,2563,2021-08-13,2021-08-23,-0.032048736608373,2021,2020-12-31,training_frequency,-1,0.5577557755775577,0.5577557755775577,1,0
monthly_state_retained,2568,2021-08-20,2021-08-30,0.0145047962107527,2021,2020-12-31,training_frequency,-1,0.5577557755775577,0.5577557755775577,1,1
monthly_state_retained,2573,2021-08-27,2021-09-06,-0.0012316820816045,2021,2020-12-31,training_frequency,-1,0.5577557755775577,0.5577557755775577,1,0
monthly_state_retained,2578,2021-09-03,2021-09-13,0.0342301066295398,2021,2020-12-31,training_frequency,-1,0.5577557755775577,0.5577557755775577,1,1
monthly_state_retained,2583,2021-09-10,2021-09-22,-0.0471441667981554,2021,2020-12-31,training_frequency,-1,0.5577557755775577,0.5577557755775577,1,0
monthly_state_retained,2588,2021-09-17,2021-09-28,0.0209863060789441,2021,2020-12-31,training_frequency,-1,0.5577557755775577,0.5577557755775577,1,1
monthly_state_retained,2591,2021-09-24,2021-10-11,0.0144615416200457,2021,2020-12-31,training_frequency,-1,0.5577557755775577,0.5577557755775577,1,1
monthly_state_retained,2596,2021-10-08,2021-10-18,-0.0038006269617851,2021,2020-12-31,training_frequency,-1,0.5577557755775577,0.5577557755775577,1,0
monthly_state_retained,2601,2021-10-15,2021-10-25,0.0037358989621147,2021,2020-12-31,training_frequency,-1,0.5577557755775577,0.5577557755775577,1,1
monthly_state_retained,2606,2021-10-22,2021-11-01,-0.0127041632091318,2021,2020-12-31,training_frequency,-1,0.5577557755775577,0.5577557755775577,1,0
monthly_state_retained,2611,2021-10-29,2021-11-08,-0.0075807737801166,2021,2020-12-31,training_frequency,-1,0.5577557755775577,0.5577557755775577,1,0
monthly_state_retained,2616,2021-11-05,2021-11-15,0.0110015182343039,2021,2020-12-31,training_frequency,-1,0.5577557755775577,0.5577557755775577,1,1
monthly_state_retained,2621,2021-11-12,2021-11-22,0.0002002284238551,2021,2020-12-31,training_frequency,-1,0.5577557755775577,0.5577557755775577,1,1
monthly_state_retained,2626,2021-11-19,2021-11-29,-0.0153981603100059,2021,2020-12-31,training_frequency,-1,0.5577557755775577,0.5577557755775577,1,0
monthly_state_retained,2631,2021-11-26,2021-12-06,0.0185518287306458,2021,2020-12-31,training_frequency,-1,0.5577557755775577,0.5577557755775577,1,1
monthly_state_retained,2636,2021-12-03,2021-12-13,0.0367843110096284,2021,2020-12-31,training_frequency,-1,0.5577557755775577,0.5577557755775577,1,1
monthly_state_retained,2641,2021-12-10,2021-12-20,-0.0304615698955996,2021,2020-12-31,training_frequency,-1,0.5577557755775577,0.5577557755775577,1,0
monthly_state_retained,2646,2021-12-17,2021-12-27,-0.0034083287233763,2021,2020-12-31,training_frequency,-1,0.5577557755775577,0.5577557755775577,1,0
monthly_state_retained,2651,2021-12-24,2022-01-04,0.0080985736506613,2021,2020-12-31,training_frequency,-1,0.5577557755775577,0.5577557755775577,1,1
monthly_state_retained,2656,2021-12-31,2022-01-10,-0.0293970528320001,2021,2020-12-31,training_frequency,-1,0.5577557755775577,0.5577557755775577,1,0
monthly_state_retained,2418,2021-01-08,2021-01-18,-0.0120052904669853,2021,2020-12-31,native_mse,20260911,0.008552411017393067,,1,0
monthly_state_retained,2423,2021-01-15,2021-01-25,0.0231622460538123,2021,2020-12-31,native_mse,20260911,0.004218820233000888,,1,1
monthly_state_retained,2428,2021-01-22,2021-02-01,-0.0372511735907923,2021,2020-12-31,native_mse,20260911,0.004959951689017089,,1,0
monthly_state_retained,2433,2021-01-29,2021-02-08,0.0278689901714626,2021,2020-12-31,native_mse,20260911,-0.006242641410233065,,0,1
monthly_state_retained,2438,2021-02-05,2021-02-22,0.0507379035040882,2021,2020-12-31,native_mse,20260911,0.0007951359987466982,,1,1
monthly_state_retained,2443,2021-02-19,2021-03-01,-0.0684918010685315,2021,2020-12-31,native_mse,20260911,-0.0016330918552967294,,0,0
monthly_state_retained,2448,2021-02-26,2021-03-08,-0.0165997123904068,2021,2020-12-31,native_mse,20260911,-0.00533638880364651,,0,0
monthly_state_retained,2453,2021-03-05,2021-03-15,-0.0346560901469681,2021,2020-12-31,native_mse,20260911,-0.011674592766508288,,0,0
monthly_state_retained,2458,2021-03-12,2021-03-22,-0.0210550182560221,2021,2020-12-31,native_mse,20260911,-0.007847066861436623,,0,0
monthly_state_retained,2463,2021-03-19,2021-03-29,0.0087572877565691,2021,2020-12-31,native_mse,20260911,-0.0039060339233599494,,0,1
monthly_state_retained,2468,2021-03-26,2021-04-06,0.0250145479448802,2021,2020-12-31,native_mse,20260911,0.0009273635613917179,,1,1
monthly_state_retained,2473,2021-04-02,2021-04-12,-0.0292856811827044,2021,2020-12-31,native_mse,20260911,-0.0027355840325147787,,0,0
monthly_state_retained,2477,2021-04-09,2021-04-19,-0.0120489836840408,2021,2020-12-31,native_mse,20260911,-0.0036343506408249315,,0,0
monthly_state_retained,2482,2021-04-16,2021-04-26,0.0382932540809155,2021,2020-12-31,native_mse,20260911,-0.0006724515978878938,,0,1
monthly_state_retained,2487,2021-04-23,2021-05-06,-0.0112070185917437,2021,2020-12-31,native_mse,20260911,0.0055289088739753755,,1,0
monthly_state_retained,2492,2021-04-30,2021-05-12,-0.0190946889464188,2021,2020-12-31,native_mse,20260911,0.0033327575219957396,,1,0
monthly_state_retained,2494,2021-05-07,2021-05-17,0.0227674429764228,2021,2020-12-31,native_mse,20260911,0.0021669511395786133,,1,1
monthly_state_retained,2499,2021-05-14,2021-05-24,0.0045940519733895,2021,2020-12-31,native_mse,20260911,0.0011114542693073139,,1,1
monthly_state_retained,2504,2021-05-21,2021-05-31,0.0348855085126711,2021,2020-12-31,native_mse,20260911,0.008400289317996804,,1,1
monthly_state_retained,2509,2021-05-28,2021-06-07,-0.0062409741861724,2021,2020-12-31,native_mse,20260911,0.0007953145198423817,,1,0
monthly_state_retained,2514,2021-06-04,2021-06-15,-0.0125508761771767,2021,2020-12-31,native_mse,20260911,-0.007020166164517651,,0,0
monthly_state_retained,2519,2021-06-11,2021-06-21,-0.0250011497424577,2021,2020-12-31,native_mse,20260911,-0.008619872591947365,,0,0
monthly_state_retained,2523,2021-06-18,2021-06-28,0.0325308711127356,2021,2020-12-31,native_mse,20260911,-0.008791375820448139,,0,1
monthly_state_retained,2528,2021-06-25,2021-07-05,-0.0342297962734196,2021,2020-12-31,native_mse,20260911,-0.008045520831514462,,0,0
monthly_state_retained,2533,2021-07-02,2021-07-12,0.0068193733271841,2021,2020-12-31,native_mse,20260911,-0.007174844548354277,,0,1
monthly_state_retained,2538,2021-07-09,2021-07-19,-0.0048254045313779,2021,2020-12-31,native_mse,20260911,-0.015340492927170088,,0,0
monthly_state_retained,2543,2021-07-16,2021-07-26,-0.0032299118953994,2021,2020-12-31,native_mse,20260911,-0.005208717730643443,,0,0
monthly_state_retained,2548,2021-07-23,2021-08-02,-0.0537740931579083,2021,2020-12-31,native_mse,20260911,-0.005850917345567664,,0,0
monthly_state_retained,2553,2021-07-30,2021-08-09,0.019904813945049,2021,2020-12-31,native_mse,20260911,-0.0028205260505218244,,0,1
monthly_state_retained,2558,2021-08-06,2021-08-16,0.0093369268709639,2021,2020-12-31,native_mse,20260911,0.0007831311211854701,,1,1
monthly_state_retained,2563,2021-08-13,2021-08-23,-0.032048736608373,2021,2020-12-31,native_mse,20260911,-0.0005906639308137641,,0,0
monthly_state_retained,2568,2021-08-20,2021-08-30,0.0145047962107527,2021,2020-12-31,native_mse,20260911,-0.004641917146108556,,0,1
monthly_state_retained,2573,2021-08-27,2021-09-06,-0.0012316820816045,2021,2020-12-31,native_mse,20260911,0.014579973106645959,,1,0
monthly_state_retained,2578,2021-09-03,2021-09-13,0.0342301066295398,2021,2020-12-31,native_mse,20260911,0.008593989010996025,,1,1
monthly_state_retained,2583,2021-09-10,2021-09-22,-0.0471441667981554,2021,2020-12-31,native_mse,20260911,0.008313547741757724,,1,0
monthly_state_retained,2588,2021-09-17,2021-09-28,0.0209863060789441,2021,2020-12-31,native_mse,20260911,0.01165935650344279,,1,1
monthly_state_retained,2591,2021-09-24,2021-10-11,0.0144615416200457,2021,2020-12-31,native_mse,20260911,0.005518532924551857,,1,1
monthly_state_retained,2596,2021-10-08,2021-10-18,-0.0038006269617851,2021,2020-12-31,native_mse,20260911,0.012263523541426666,,1,0
monthly_state_retained,2601,2021-10-15,2021-10-25,0.0037358989621147,2021,2020-12-31,native_mse,20260911,0.005744974739242532,,1,1
monthly_state_retained,2606,2021-10-22,2021-11-01,-0.0127041632091318,2021,2020-12-31,native_mse,20260911,-0.002876912071818175,,0,0
monthly_state_retained,2611,2021-10-29,2021-11-08,-0.0075807737801166,2021,2020-12-31,native_mse,20260911,0.007299876265916085,,1,0
monthly_state_retained,2616,2021-11-05,2021-11-15,0.0110015182343039,2021,2020-12-31,native_mse,20260911,0.01509194783358179,,1,1
monthly_state_retained,2621,2021-11-12,2021-11-22,0.0002002284238551,2021,2020-12-31,native_mse,20260911,0.015091062401740971,,1,1
monthly_state_retained,2626,2021-11-19,2021-11-29,-0.0153981603100059,2021,2020-12-31,native_mse,20260911,0.0038828482450291406,,1,0
monthly_state_retained,2631,2021-11-26,2021-12-06,0.0185518287306458,2021,2020-12-31,native_mse,20260911,0.012319022901115752,,1,1
monthly_state_retained,2636,2021-12-03,2021-12-13,0.0367843110096284,2021,2020-12-31,native_mse,20260911,-0.0032795392457900994,,0,1
monthly_state_retained,2641,2021-12-10,2021-12-20,-0.0304615698955996,2021,2020-12-31,native_mse,20260911,0.0011267436480836153,,1,0
monthly_state_retained,2646,2021-12-17,2021-12-27,-0.0034083287233763,2021,2020-12-31,native_mse,20260911,0.009051863032613542,,1,0
monthly_state_retained,2651,2021-12-24,2022-01-04,0.0080985736506613,2021,2020-12-31,native_mse,20260911,0.011692479032888078,,1,1
monthly_state_retained,2656,2021-12-31,2022-01-10,-0.0293970528320001,2021,2020-12-31,native_mse,20260911,0.0061027978323025915,,1,0
monthly_state_retained,2418,2021-01-08,2021-01-18,-0.0120052904669853,2021,2020-12-31,native_mse,20260912,0.001397497585867654,,1,0
monthly_state_retained,2423,2021-01-15,2021-01-25,0.0231622460538123,2021,2020-12-31,native_mse,20260912,0.0006715229500529757,,1,1
monthly_state_retained,2428,2021-01-22,2021-02-01,-0.0372511735907923,2021,2020-12-31,native_mse,20260912,0.0008989216255188498,,1,0
monthly_state_retained,2433,2021-01-29,2021-02-08,0.0278689901714626,2021,2020-12-31,native_mse,20260912,0.0007959764416317159,,1,1
monthly_state_retained,2438,2021-02-05,2021-02-22,0.0507379035040882,2021,2020-12-31,native_mse,20260912,0.0012803740659475327,,1,1
monthly_state_retained,2443,2021-02-19,2021-03-01,-0.0684918010685315,2021,2020-12-31,native_mse,20260912,0.0009133829615551264,,1,0
monthly_state_retained,2448,2021-02-26,2021-03-08,-0.0165997123904068,2021,2020-12-31,native_mse,20260912,0.0013704992420810927,,1,0
monthly_state_retained,2453,2021-03-05,2021-03-15,-0.0346560901469681,2021,2020-12-31,native_mse,20260912,0.0008756814992302536,,1,0
monthly_state_retained,2458,2021-03-12,2021-03-22,-0.0210550182560221,2021,2020-12-31,native_mse,20260912,0.0011757184818956695,,1,0
monthly_state_retained,2463,2021-03-19,2021-03-29,0.0087572877565691,2021,2020-12-31,native_mse,20260912,0.0010792053864410744,,1,1
monthly_state_retained,2468,2021-03-26,2021-04-06,0.0250145479448802,2021,2020-12-31,native_mse,20260912,0.0011499309968955886,,1,1
monthly_state_retained,2473,2021-04-02,2021-04-12,-0.0292856811827044,2021,2020-12-31,native_mse,20260912,0.0010410156043567688,,1,0
monthly_state_retained,2477,2021-04-09,2021-04-19,-0.0120489836840408,2021,2020-12-31,native_mse,20260912,0.0015346227958627386,,1,0
monthly_state_retained,2482,2021-04-16,2021-04-26,0.0382932540809155,2021,2020-12-31,native_mse,20260912,0.001333459240383137,,1,1
monthly_state_retained,2487,2021-04-23,2021-05-06,-0.0112070185917437,2021,2020-12-31,native_mse,20260912,0.0016691075435783544,,1,0
monthly_state_retained,2492,2021-04-30,2021-05-12,-0.0190946889464188,2021,2020-12-31,native_mse,20260912,0.0008697905080337705,,1,0
monthly_state_retained,2494,2021-05-07,2021-05-17,0.0227674429764228,2021,2020-12-31,native_mse,20260912,0.0011496090030479206,,1,1
monthly_state_retained,2499,2021-05-14,2021-05-24,0.0045940519733895,2021,2020-12-31,native_mse,20260912,0.0010483063772099349,,1,1
monthly_state_retained,2504,2021-05-21,2021-05-31,0.0348855085126711,2021,2020-12-31,native_mse,20260912,0.0011439525898009322,,1,1
monthly_state_retained,2509,2021-05-28,2021-06-07,-0.0062409741861724,2021,2020-12-31,native_mse,20260912,0.0011525125328662067,,1,0
monthly_state_retained,2514,2021-06-04,2021-06-15,-0.0125508761771767,2021,2020-12-31,native_mse,20260912,0.0007128828650729158,,1,0
monthly_state_retained,2519,2021-06-11,2021-06-21,-0.0250011497424577,2021,2020-12-31,native_mse,20260912,0.0008407535701623152,,1,0
monthly_state_retained,2523,2021-06-18,2021-06-28,0.0325308711127356,2021,2020-12-31,native_mse,20260912,0.0005295128002944305,,1,1
monthly_state_retained,2528,2021-06-25,2021-07-05,-0.0342297962734196,2021,2020-12-31,native_mse,20260912,0.0004392776625445282,,1,0
monthly_state_retained,2533,2021-07-02,2021-07-12,0.0068193733271841,2021,2020-12-31,native_mse,20260912,0.0008802423955353033,,1,1
monthly_state_retained,2538,2021-07-09,2021-07-19,-0.0048254045313779,2021,2020-12-31,native_mse,20260912,0.001025036941487719,,1,0
monthly_state_retained,2543,2021-07-16,2021-07-26,-0.0032299118953994,2021,2020-12-31,native_mse,20260912,0.0009848540154367372,,1,0
monthly_state_retained,2548,2021-07-23,2021-08-02,-0.0537740931579083,2021,2020-12-31,native_mse,20260912,0.0010837390229232473,,1,0
monthly_state_retained,2553,2021-07-30,2021-08-09,0.019904813945049,2021,2020-12-31,native_mse,20260912,0.0007753634039124927,,1,1
monthly_state_retained,2558,2021-08-06,2021-08-16,0.0093369268709639,2021,2020-12-31,native_mse,20260912,0.0010686946751112278,,1,1
monthly_state_retained,2563,2021-08-13,2021-08-23,-0.032048736608373,2021,2020-12-31,native_mse,20260912,0.0016819071064647707,,1,0
monthly_state_retained,2568,2021-08-20,2021-08-30,0.0145047962107527,2021,2020-12-31,native_mse,20260912,0.0015674609930577542,,1,1
monthly_state_retained,2573,2021-08-27,2021-09-06,-0.0012316820816045,2021,2020-12-31,native_mse,20260912,0.0015518786224257932,,1,0
monthly_state_retained,2578,2021-09-03,2021-09-13,0.0342301066295398,2021,2020-12-31,native_mse,20260912,0.0015775578367383941,,1,1
monthly_state_retained,2583,2021-09-10,2021-09-22,-0.0471441667981554,2021,2020-12-31,native_mse,20260912,0.00097730888589041,,1,0
monthly_state_retained,2588,2021-09-17,2021-09-28,0.0209863060789441,2021,2020-12-31,native_mse,20260912,0.0010514539644274003,,1,1
monthly_state_retained,2591,2021-09-24,2021-10-11,0.0144615416200457,2021,2020-12-31,native_mse,20260912,0.0009736007301348337,,1,1
monthly_state_retained,2596,2021-10-08,2021-10-18,-0.0038006269617851,2021,2020-12-31,native_mse,20260912,0.0017059097904301645,,1,0
monthly_state_retained,2601,2021-10-15,2021-10-25,0.0037358989621147,2021,2020-12-31,native_mse,20260912,0.0013112113818953192,,1,1
monthly_state_retained,2606,2021-10-22,2021-11-01,-0.0127041632091318,2021,2020-12-31,native_mse,20260912,0.001166627382206441,,1,0
monthly_state_retained,2611,2021-10-29,2021-11-08,-0.0075807737801166,2021,2020-12-31,native_mse,20260912,0.0010497018546840582,,1,0
monthly_state_retained,2616,2021-11-05,2021-11-15,0.0110015182343039,2021,2020-12-31,native_mse,20260912,0.0009666279543883876,,1,1
monthly_state_retained,2621,2021-11-12,2021-11-22,0.0002002284238551,2021,2020-12-31,native_mse,20260912,0.00100753152357648,,1,1
monthly_state_retained,2626,2021-11-19,2021-11-29,-0.0153981603100059,2021,2020-12-31,native_mse,20260912,0.0011440904261233744,,1,0
monthly_state_retained,2631,2021-11-26,2021-12-06,0.0185518287306458,2021,2020-12-31,native_mse,20260912,0.0008222023383696463,,1,1
monthly_state_retained,2636,2021-12-03,2021-12-13,0.0367843110096284,2021,2020-12-31,native_mse,20260912,0.000663622110562264,,1,1
monthly_state_retained,2641,2021-12-10,2021-12-20,-0.0304615698955996,2021,2020-12-31,native_mse,20260912,0.0012207854253852776,,1,0
monthly_state_retained,2646,2021-12-17,2021-12-27,-0.0034083287233763,2021,2020-12-31,native_mse,20260912,0.0012339786672550855,,1,0
monthly_state_retained,2651,2021-12-24,2022-01-04,0.0080985736506613,2021,2020-12-31,native_mse,20260912,0.0010451229218044734,,1,1
monthly_state_retained,2656,2021-12-31,2022-01-10,-0.0293970528320001,2021,2020-12-31,native_mse,20260912,0.001214204791414166,,1,0
monthly_state_retained,2660,2022-01-07,2022-01-17,-0.0173453887283024,2022,2021-12-31,native_mse,20260910,-0.0034182510339292468,,0,0
monthly_state_retained,2665,2022-01-14,2022-01-24,0.0053248631776616,2022,2021-12-31,native_mse,20260910,0.004761167720503064,,1,1
monthly_state_retained,2670,2022-01-21,2022-02-07,-0.0242661876254222,2022,2021-12-31,native_mse,20260910,0.013137367547165641,,1,0
monthly_state_retained,2675,2022-01-28,2022-02-14,-0.0127539031341488,2022,2021-12-31,native_mse,20260910,0.010886081661597602,,1,0
monthly_state_retained,2680,2022-02-11,2022-02-21,0.0145498774954033,2022,2021-12-31,native_mse,20260910,0.008879219089809445,,1,1
monthly_state_retained,2685,2022-02-18,2022-02-28,-0.0177161244498015,2022,2021-12-31,native_mse,20260910,0.009476567447344621,,1,0
monthly_state_retained,2690,2022-02-25,2022-03-07,-0.0221791776043331,2022,2021-12-31,native_mse,20260910,0.01051598647298397,,1,0
monthly_state_retained,2695,2022-03-04,2022-03-14,-0.0480378799422749,2022,2021-12-31,native_mse,20260910,0.007053677912636015,,1,0
monthly_state_retained,2700,2022-03-11,2022-03-21,0.007530336734814,2022,2021-12-31,native_mse,20260910,0.010804442451387935,,1,1
monthly_state_retained,2705,2022-03-18,2022-03-28,-0.0353493110038457,2022,2021-12-31,native_mse,20260910,0.0072982657258971444,,1,0
monthly_state_retained,2710,2022-03-25,2022-04-06,0.0314834190717003,2022,2021-12-31,native_mse,20260910,0.007546796616275884,,1,1
monthly_state_retained,2715,2022-04-01,2022-04-12,-0.0129237372705649,2022,2021-12-31,native_mse,20260910,0.006781430452769677,,1,0
monthly_state_retained,2718,2022-04-08,2022-04-18,-0.0120986062576864,2022,2021-12-31,native_mse,20260910,0.00652895075643567,,1,0
monthly_state_retained,2723,2022-04-15,2022-04-25,-0.0528494340140576,2022,2021-12-31,native_mse,20260910,0.006385447465197085,,1,0
monthly_state_retained,2728,2022-04-22,2022-05-05,0.015736821365468,2022,2021-12-31,native_mse,20260910,0.005099274511858865,,1,1
monthly_state_retained,2733,2022-04-29,2022-05-11,-0.0278824133054675,2022,2021-12-31,native_mse,20260910,0.004344044298975658,,1,0
monthly_state_retained,2735,2022-05-06,2022-05-16,0.033741423035827,2022,2021-12-31,native_mse,20260910,0.0035518248227642247,,1,1
monthly_state_retained,2740,2022-05-13,2022-05-23,0.0164308841843088,2022,2021-12-31,native_mse,20260910,0.002890441768532801,,1,1
monthly_state_retained,2745,2022-05-20,2022-05-30,-0.0147293413085614,2022,2021-12-31,native_mse,20260910,0.002556802191789734,,1,0
monthly_state_retained,2750,2022-05-27,2022-06-13,0.0431748431927498,2022,2021-12-31,native_mse,20260910,-0.006714076298392413,,0,1
monthly_state_retained,2759,2022-06-10,2022-06-20,0.0306046547112142,2022,2021-12-31,native_mse,20260910,-0.0017160693271902699,,0,1
monthly_state_retained,2764,2022-06-17,2022-06-27,0.0211666894141107,2022,2021-12-31,native_mse,20260910,-0.005554400786314341,,0,1
monthly_state_retained,2769,2022-06-24,2022-07-04,0.0074507343130214,2022,2021-12-31,native_mse,20260910,-0.006611900023593844,,0,1
monthly_state_retained,2774,2022-07-01,2022-07-11,-0.0092349827532707,2022,2021-12-31,native_mse,20260910,-0.001849659274069034,,0,0
monthly_state_retained,2779,2022-07-08,2022-07-18,-0.0326815927737367,2022,2021-12-31,native_mse,20260910,-0.0036295526636022737,,0,0
monthly_state_retained,2784,2022-07-15,2022-07-25,-0.0066210715249344,2022,2021-12-31,native_mse,20260910,-0.00726704662423343,,0,0
monthly_state_retained,2789,2022-07-22,2022-08-01,-0.0173077967751003,2022,2021-12-31,native_mse,20260910,-0.005304375487712945,,0,0
monthly_state_retained,2794,2022-07-29,2022-08-08,-0.004456034513838,2022,2021-12-31,native_mse,20260910,0.012166125781651363,,1,0
monthly_state_retained,2799,2022-08-05,2022-08-15,0.0091475117753996,2022,2021-12-31,native_mse,20260910,0.004077391662883762,,1,1
monthly_state_retained,2804,2022-08-12,2022-08-22,-0.0107272727272728,2022,2021-12-31,native_mse,20260910,0.0035826870942200968,,1,0
monthly_state_retained,2809,2022-08-19,2022-08-29,-0.0172375434082356,2022,2021-12-31,native_mse,20260910,0.012796192349441387,,1,0
monthly_state_retained,2814,2022-08-26,2022-09-05,-0.0131573766941938,2022,2021-12-31,native_mse,20260910,0.0045980644388349074,,1,0
monthly_state_retained,2819,2022-09-02,2022-09-13,0.0253340680878015,2022,2021-12-31,native_mse,20260910,0.0016393163861851791,,1,1
monthly_state_retained,2824,2022-09-09,2022-09-19,-0.044647264962877,2022,2021-12-31,native_mse,20260910,0.011024491197755238,,1,0
monthly_state_retained,2828,2022-09-16,2022-09-26,-0.025155151434928,2022,2021-12-31,native_mse,20260910,0.0006249539921165778,,1,0
monthly_state_retained,2833,2022-09-23,2022-10-10,-0.0060162941299352,2022,2021-12-31,native_mse,20260910,0.00941379002591237,,1,0
monthly_state_retained,2838,2022-09-30,2022-10-17,0.0041192047412885,2022,2021-12-31,native_mse,20260910,-0.003455449604433236,,0,1
monthly_state_retained,2843,2022-10-14,2022-10-24,-0.0246766294110258,2022,2021-12-31,native_mse,20260910,0.004982119577206458,,1,0
monthly_state_retained,2848,2022-10-21,2022-10-31,-0.059928861134359,2022,2021-12-31,native_mse,20260910,0.004400428951388619,,1,0
monthly_state_retained,2853,2022-10-28,2022-11-07,0.071339502526744,2022,2021-12-31,native_mse,20260910,-0.004533662272660886,,0,1
monthly_state_retained,2858,2022-11-04,2022-11-14,0.0169449090696014,2022,2021-12-31,native_mse,20260910,0.009145763900992613,,1,1
monthly_state_retained,2863,2022-11-11,2022-11-21,-0.0127051391515239,2022,2021-12-31,native_mse,20260910,0.005105981957746508,,1,0
monthly_state_retained,2868,2022-11-18,2022-11-28,-0.0179672806084416,2022,2021-12-31,native_mse,20260910,0.004390010241707061,,1,0
monthly_state_retained,2873,2022-11-25,2022-12-05,0.0555768659337096,2022,2021-12-31,native_mse,20260910,-0.0021694749097981593,,0,1
monthly_state_retained,2878,2022-12-02,2022-12-12,0.0175374394775362,2022,2021-12-31,native_mse,20260910,-0.008963509314181651,,0,1
monthly_state_retained,2883,2022-12-09,2022-12-19,-0.0058850602464181,2022,2021-12-31,native_mse,20260910,-0.008742160121666592,,0,0
monthly_state_retained,2888,2022-12-16,2022-12-26,-0.0309150292073658,2022,2021-12-31,native_mse,20260910,0.00021070675399415396,,1,0
monthly_state_retained,2893,2022-12-23,2023-01-03,0.0089464492229616,2022,2021-12-31,native_mse,20260910,-0.006931659189351796,,0,1
monthly_state_retained,2898,2022-12-30,2023-01-09,0.0345913414268119,2022,2021-12-31,native_mse,20260910,-0.004005139352311209,,0,1
monthly_state_retained,2660,2022-01-07,2022-01-17,-0.0173453887283024,2022,2021-12-31,training_frequency,-1,0.5458298926507019,0.5458298926507019,1,0
monthly_state_retained,2665,2022-01-14,2022-01-24,0.0053248631776616,2022,2021-12-31,training_frequency,-1,0.5458298926507019,0.5458298926507019,1,1
monthly_state_retained,2670,2022-01-21,2022-02-07,-0.0242661876254222,2022,2021-12-31,training_frequency,-1,0.5458298926507019,0.5458298926507019,1,0
monthly_state_retained,2675,2022-01-28,2022-02-14,-0.0127539031341488,2022,2021-12-31,training_frequency,-1,0.5458298926507019,0.5458298926507019,1,0
monthly_state_retained,2680,2022-02-11,2022-02-21,0.0145498774954033,2022,2021-12-31,training_frequency,-1,0.5458298926507019,0.5458298926507019,1,1
monthly_state_retained,2685,2022-02-18,2022-02-28,-0.0177161244498015,2022,2021-12-31,training_frequency,-1,0.5458298926507019,0.5458298926507019,1,0
monthly_state_retained,2690,2022-02-25,2022-03-07,-0.0221791776043331,2022,2021-12-31,training_frequency,-1,0.5458298926507019,0.5458298926507019,1,0
monthly_state_retained,2695,2022-03-04,2022-03-14,-0.0480378799422749,2022,2021-12-31,training_frequency,-1,0.5458298926507019,0.5458298926507019,1,0
monthly_state_retained,2700,2022-03-11,2022-03-21,0.007530336734814,2022,2021-12-31,training_frequency,-1,0.5458298926507019,0.5458298926507019,1,1
monthly_state_retained,2705,2022-03-18,2022-03-28,-0.0353493110038457,2022,2021-12-31,training_frequency,-1,0.5458298926507019,0.5458298926507019,1,0
monthly_state_retained,2710,2022-03-25,2022-04-06,0.0314834190717003,2022,2021-12-31,training_frequency,-1,0.5458298926507019,0.5458298926507019,1,1
monthly_state_retained,2715,2022-04-01,2022-04-12,-0.0129237372705649,2022,2021-12-31,training_frequency,-1,0.5458298926507019,0.5458298926507019,1,0
monthly_state_retained,2718,2022-04-08,2022-04-18,-0.0120986062576864,2022,2021-12-31,training_frequency,-1,0.5458298926507019,0.5458298926507019,1,0
monthly_state_retained,2723,2022-04-15,2022-04-25,-0.0528494340140576,2022,2021-12-31,training_frequency,-1,0.5458298926507019,0.5458298926507019,1,0
monthly_state_retained,2728,2022-04-22,2022-05-05,0.015736821365468,2022,2021-12-31,training_frequency,-1,0.5458298926507019,0.5458298926507019,1,1
monthly_state_retained,2733,2022-04-29,2022-05-11,-0.0278824133054675,2022,2021-12-31,training_frequency,-1,0.5458298926507019,0.5458298926507019,1,0
monthly_state_retained,2735,2022-05-06,2022-05-16,0.033741423035827,2022,2021-12-31,training_frequency,-1,0.5458298926507019,0.5458298926507019,1,1
monthly_state_retained,2740,2022-05-13,2022-05-23,0.0164308841843088,2022,2021-12-31,training_frequency,-1,0.5458298926507019,0.5458298926507019,1,1
monthly_state_retained,2745,2022-05-20,2022-05-30,-0.0147293413085614,2022,2021-12-31,training_frequency,-1,0.5458298926507019,0.5458298926507019,1,0
monthly_state_retained,2750,2022-05-27,2022-06-13,0.0431748431927498,2022,2021-12-31,training_frequency,-1,0.5458298926507019,0.5458298926507019,1,1
monthly_state_retained,2759,2022-06-10,2022-06-20,0.0306046547112142,2022,2021-12-31,training_frequency,-1,0.5458298926507019,0.5458298926507019,1,1
monthly_state_retained,2764,2022-06-17,2022-06-27,0.0211666894141107,2022,2021-12-31,training_frequency,-1,0.5458298926507019,0.5458298926507019,1,1
monthly_state_retained,2769,2022-06-24,2022-07-04,0.0074507343130214,2022,2021-12-31,training_frequency,-1,0.5458298926507019,0.5458298926507019,1,1
monthly_state_retained,2774,2022-07-01,2022-07-11,-0.0092349827532707,2022,2021-12-31,training_frequency,-1,0.5458298926507019,0.5458298926507019,1,0
monthly_state_retained,2779,2022-07-08,2022-07-18,-0.0326815927737367,2022,2021-12-31,training_frequency,-1,0.5458298926507019,0.5458298926507019,1,0
monthly_state_retained,2784,2022-07-15,2022-07-25,-0.0066210715249344,2022,2021-12-31,training_frequency,-1,0.5458298926507019,0.5458298926507019,1,0
monthly_state_retained,2789,2022-07-22,2022-08-01,-0.0173077967751003,2022,2021-12-31,training_frequency,-1,0.5458298926507019,0.5458298926507019,1,0
monthly_state_retained,2794,2022-07-29,2022-08-08,-0.004456034513838,2022,2021-12-31,training_frequency,-1,0.5458298926507019,0.5458298926507019,1,0
monthly_state_retained,2799,2022-08-05,2022-08-15,0.0091475117753996,2022,2021-12-31,training_frequency,-1,0.5458298926507019,0.5458298926507019,1,1
monthly_state_retained,2804,2022-08-12,2022-08-22,-0.0107272727272728,2022,2021-12-31,training_frequency,-1,0.5458298926507019,0.5458298926507019,1,0
monthly_state_retained,2809,2022-08-19,2022-08-29,-0.0172375434082356,2022,2021-12-31,training_frequency,-1,0.5458298926507019,0.5458298926507019,1,0
monthly_state_retained,2814,2022-08-26,2022-09-05,-0.0131573766941938,2022,2021-12-31,training_frequency,-1,0.5458298926507019,0.5458298926507019,1,0
monthly_state_retained,2819,2022-09-02,2022-09-13,0.0253340680878015,2022,2021-12-31,training_frequency,-1,0.5458298926507019,0.5458298926507019,1,1
monthly_state_retained,2824,2022-09-09,2022-09-19,-0.044647264962877,2022,2021-12-31,training_frequency,-1,0.5458298926507019,0.5458298926507019,1,0
monthly_state_retained,2828,2022-09-16,2022-09-26,-0.025155151434928,2022,2021-12-31,training_frequency,-1,0.5458298926507019,0.5458298926507019,1,0
monthly_state_retained,2833,2022-09-23,2022-10-10,-0.0060162941299352,2022,2021-12-31,training_frequency,-1,0.5458298926507019,0.5458298926507019,1,0
monthly_state_retained,2838,2022-09-30,2022-10-17,0.0041192047412885,2022,2021-12-31,training_frequency,-1,0.5458298926507019,0.5458298926507019,1,1
monthly_state_retained,2843,2022-10-14,2022-10-24,-0.0246766294110258,2022,2021-12-31,training_frequency,-1,0.5458298926507019,0.5458298926507019,1,0
monthly_state_retained,2848,2022-10-21,2022-10-31,-0.059928861134359,2022,2021-12-31,training_frequency,-1,0.5458298926507019,0.5458298926507019,1,0
monthly_state_retained,2853,2022-10-28,2022-11-07,0.071339502526744,2022,2021-12-31,training_frequency,-1,0.5458298926507019,0.5458298926507019,1,1
monthly_state_retained,2858,2022-11-04,2022-11-14,0.0169449090696014,2022,2021-12-31,training_frequency,-1,0.5458298926507019,0.5458298926507019,1,1
monthly_state_retained,2863,2022-11-11,2022-11-21,-0.0127051391515239,2022,2021-12-31,training_frequency,-1,0.5458298926507019,0.5458298926507019,1,0
monthly_state_retained,2868,2022-11-18,2022-11-28,-0.0179672806084416,2022,2021-12-31,training_frequency,-1,0.5458298926507019,0.5458298926507019,1,0
monthly_state_retained,2873,2022-11-25,2022-12-05,0.0555768659337096,2022,2021-12-31,training_frequency,-1,0.5458298926507019,0.5458298926507019,1,1
monthly_state_retained,2878,2022-12-02,2022-12-12,0.0175374394775362,2022,2021-12-31,training_frequency,-1,0.5458298926507019,0.5458298926507019,1,1
monthly_state_retained,2883,2022-12-09,2022-12-19,-0.0058850602464181,2022,2021-12-31,training_frequency,-1,0.5458298926507019,0.5458298926507019,1,0
monthly_state_retained,2888,2022-12-16,2022-12-26,-0.0309150292073658,2022,2021-12-31,training_frequency,-1,0.5458298926507019,0.5458298926507019,1,0
monthly_state_retained,2893,2022-12-23,2023-01-03,0.0089464492229616,2022,2021-12-31,training_frequency,-1,0.5458298926507019,0.5458298926507019,1,1
monthly_state_retained,2898,2022-12-30,2023-01-09,0.0345913414268119,2022,2021-12-31,training_frequency,-1,0.5458298926507019,0.5458298926507019,1,1
monthly_state_retained,2660,2022-01-07,2022-01-17,-0.0173453887283024,2022,2021-12-31,native_mse,20260911,0.007330315708159769,,1,0
monthly_state_retained,2665,2022-01-14,2022-01-24,0.0053248631776616,2022,2021-12-31,native_mse,20260911,0.015471274729398543,,1,1
monthly_state_retained,2670,2022-01-21,2022-02-07,-0.0242661876254222,2022,2021-12-31,native_mse,20260911,0.009873111042602054,,1,0
monthly_state_retained,2675,2022-01-28,2022-02-14,-0.0127539031341488,2022,2021-12-31,native_mse,20260911,0.0025503118790792955,,1,0
monthly_state_retained,2680,2022-02-11,2022-02-21,0.0145498774954033,2022,2021-12-31,native_mse,20260911,0.0063949393307865515,,1,1
monthly_state_retained,2685,2022-02-18,2022-02-28,-0.0177161244498015,2022,2021-12-31,native_mse,20260911,0.004306186298337274,,1,0
monthly_state_retained,2690,2022-02-25,2022-03-07,-0.0221791776043331,2022,2021-12-31,native_mse,20260911,0.00884306439536679,,1,0
monthly_state_retained,2695,2022-03-04,2022-03-14,-0.0480378799422749,2022,2021-12-31,native_mse,20260911,0.008878575004775912,,1,0
monthly_state_retained,2700,2022-03-11,2022-03-21,0.007530336734814,2022,2021-12-31,native_mse,20260911,0.008804997087552644,,1,1
monthly_state_retained,2705,2022-03-18,2022-03-28,-0.0353493110038457,2022,2021-12-31,native_mse,20260911,0.0029149751065889705,,1,0
monthly_state_retained,2710,2022-03-25,2022-04-06,0.0314834190717003,2022,2021-12-31,native_mse,20260911,0.009608904415587632,,1,1
monthly_state_retained,2715,2022-04-01,2022-04-12,-0.0129237372705649,2022,2021-12-31,native_mse,20260911,0.013290024702572031,,1,0
monthly_state_retained,2718,2022-04-08,2022-04-18,-0.0120986062576864,2022,2021-12-31,native_mse,20260911,0.0032429576095984285,,1,0
monthly_state_retained,2723,2022-04-15,2022-04-25,-0.0528494340140576,2022,2021-12-31,native_mse,20260911,0.016983479995433693,,1,0
monthly_state_retained,2728,2022-04-22,2022-05-05,0.015736821365468,2022,2021-12-31,native_mse,20260911,0.011987542362233185,,1,1
monthly_state_retained,2733,2022-04-29,2022-05-11,-0.0278824133054675,2022,2021-12-31,native_mse,20260911,0.0046606294840712235,,1,0
monthly_state_retained,2735,2022-05-06,2022-05-16,0.033741423035827,2022,2021-12-31,native_mse,20260911,-0.002196005566182584,,0,1
monthly_state_retained,2740,2022-05-13,2022-05-23,0.0164308841843088,2022,2021-12-31,native_mse,20260911,0.0038854901281264037,,1,1
monthly_state_retained,2745,2022-05-20,2022-05-30,-0.0147293413085614,2022,2021-12-31,native_mse,20260911,0.005767086549547615,,1,0
monthly_state_retained,2750,2022-05-27,2022-06-13,0.0431748431927498,2022,2021-12-31,native_mse,20260911,0.001263767062796844,,1,1
monthly_state_retained,2759,2022-06-10,2022-06-20,0.0306046547112142,2022,2021-12-31,native_mse,20260911,-0.0024637080117748144,,0,1
monthly_state_retained,2764,2022-06-17,2022-06-27,0.0211666894141107,2022,2021-12-31,native_mse,20260911,-0.0034192691302211337,,0,1
monthly_state_retained,2769,2022-06-24,2022-07-04,0.0074507343130214,2022,2021-12-31,native_mse,20260911,0.0007173637240202417,,1,1
monthly_state_retained,2774,2022-07-01,2022-07-11,-0.0092349827532707,2022,2021-12-31,native_mse,20260911,0.00019356382111467723,,1,0
monthly_state_retained,2779,2022-07-08,2022-07-18,-0.0326815927737367,2022,2021-12-31,native_mse,20260911,-0.002705313965036355,,0,0
monthly_state_retained,2784,2022-07-15,2022-07-25,-0.0066210715249344,2022,2021-12-31,native_mse,20260911,-0.01432584048846508,,0,0
monthly_state_retained,2789,2022-07-22,2022-08-01,-0.0173077967751003,2022,2021-12-31,native_mse,20260911,-0.01380965748442494,,0,0
monthly_state_retained,2794,2022-07-29,2022-08-08,-0.004456034513838,2022,2021-12-31,native_mse,20260911,-0.0005052222003642227,,0,0
monthly_state_retained,2799,2022-08-05,2022-08-15,0.0091475117753996,2022,2021-12-31,native_mse,20260911,0.011525493600414192,,1,1
monthly_state_retained,2804,2022-08-12,2022-08-22,-0.0107272727272728,2022,2021-12-31,native_mse,20260911,0.011216024245490553,,1,0
monthly_state_retained,2809,2022-08-19,2022-08-29,-0.0172375434082356,2022,2021-12-31,native_mse,20260911,0.011754323018096325,,1,0
monthly_state_retained,2814,2022-08-26,2022-09-05,-0.0131573766941938,2022,2021-12-31,native_mse,20260911,0.015594603509631271,,1,0
monthly_state_retained,2819,2022-09-02,2022-09-13,0.0253340680878015,2022,2021-12-31,native_mse,20260911,0.010900596081000016,,1,1
monthly_state_retained,2824,2022-09-09,2022-09-19,-0.044647264962877,2022,2021-12-31,native_mse,20260911,0.009845699372826781,,1,0
monthly_state_retained,2828,2022-09-16,2022-09-26,-0.025155151434928,2022,2021-12-31,native_mse,20260911,0.008491582609497948,,1,0
monthly_state_retained,2833,2022-09-23,2022-10-10,-0.0060162941299352,2022,2021-12-31,native_mse,20260911,0.016496050845990925,,1,0
monthly_state_retained,2838,2022-09-30,2022-10-17,0.0041192047412885,2022,2021-12-31,native_mse,20260911,0.0066528810646222045,,1,1
monthly_state_retained,2843,2022-10-14,2022-10-24,-0.0246766294110258,2022,2021-12-31,native_mse,20260911,0.007009044538463505,,1,0
monthly_state_retained,2848,2022-10-21,2022-10-31,-0.059928861134359,2022,2021-12-31,native_mse,20260911,0.010852556503638734,,1,0
monthly_state_retained,2853,2022-10-28,2022-11-07,0.071339502526744,2022,2021-12-31,native_mse,20260911,0.006842543646863063,,1,1
monthly_state_retained,2858,2022-11-04,2022-11-14,0.0169449090696014,2022,2021-12-31,native_mse,20260911,-0.008549410923537592,,0,1
monthly_state_retained,2863,2022-11-11,2022-11-21,-0.0127051391515239,2022,2021-12-31,native_mse,20260911,-0.005215109557773304,,0,0
monthly_state_retained,2868,2022-11-18,2022-11-28,-0.0179672806084416,2022,2021-12-31,native_mse,20260911,-0.010307087880643545,,0,0
monthly_state_retained,2873,2022-11-25,2022-12-05,0.0555768659337096,2022,2021-12-31,native_mse,20260911,0.0013951717650121252,,1,1
monthly_state_retained,2878,2022-12-02,2022-12-12,0.0175374394775362,2022,2021-12-31,native_mse,20260911,0.009832549235191711,,1,1
monthly_state_retained,2883,2022-12-09,2022-12-19,-0.0058850602464181,2022,2021-12-31,native_mse,20260911,0.003809464155812216,,1,0
monthly_state_retained,2888,2022-12-16,2022-12-26,-0.0309150292073658,2022,2021-12-31,native_mse,20260911,-0.00026475301217457076,,0,0
monthly_state_retained,2893,2022-12-23,2023-01-03,0.0089464492229616,2022,2021-12-31,native_mse,20260911,0.0011212783896272817,,1,1
monthly_state_retained,2898,2022-12-30,2023-01-09,0.0345913414268119,2022,2021-12-31,native_mse,20260911,-0.013209134532423342,,0,1
monthly_state_retained,2660,2022-01-07,2022-01-17,-0.0173453887283024,2022,2021-12-31,native_mse,20260912,0.001814179283598589,,1,0
monthly_state_retained,2665,2022-01-14,2022-01-24,0.0053248631776616,2022,2021-12-31,native_mse,20260912,0.0008133505012356114,,1,1
monthly_state_retained,2670,2022-01-21,2022-02-07,-0.0242661876254222,2022,2021-12-31,native_mse,20260912,0.003394922189452561,,1,0
monthly_state_retained,2675,2022-01-28,2022-02-14,-0.0127539031341488,2022,2021-12-31,native_mse,20260912,0.001858669558311765,,1,0
monthly_state_retained,2680,2022-02-11,2022-02-21,0.0145498774954033,2022,2021-12-31,native_mse,20260912,0.003479305001395758,,1,1
monthly_state_retained,2685,2022-02-18,2022-02-28,-0.0177161244498015,2022,2021-12-31,native_mse,20260912,0.00484344917433416,,1,0
monthly_state_retained,2690,2022-02-25,2022-03-07,-0.0221791776043331,2022,2021-12-31,native_mse,20260912,0.004930593592929232,,1,0
monthly_state_retained,2695,2022-03-04,2022-03-14,-0.0480378799422749,2022,2021-12-31,native_mse,20260912,0.004780982951547397,,1,0
monthly_state_retained,2700,2022-03-11,2022-03-21,0.007530336734814,2022,2021-12-31,native_mse,20260912,0.004193854635787947,,1,1
monthly_state_retained,2705,2022-03-18,2022-03-28,-0.0353493110038457,2022,2021-12-31,native_mse,20260912,0.004396502651581285,,1,0
monthly_state_retained,2710,2022-03-25,2022-04-06,0.0314834190717003,2022,2021-12-31,native_mse,20260912,0.0036897334948297125,,1,1
monthly_state_retained,2715,2022-04-01,2022-04-12,-0.0129237372705649,2022,2021-12-31,native_mse,20260912,0.003704448832752752,,1,0
monthly_state_retained,2718,2022-04-08,2022-04-18,-0.0120986062576864,2022,2021-12-31,native_mse,20260912,0.0033120503584409514,,1,0
monthly_state_retained,2723,2022-04-15,2022-04-25,-0.0528494340140576,2022,2021-12-31,native_mse,20260912,0.0030085181253416615,,1,0
monthly_state_retained,2728,2022-04-22,2022-05-05,0.015736821365468,2022,2021-12-31,native_mse,20260912,0.0026567146550084044,,1,1
monthly_state_retained,2733,2022-04-29,2022-05-11,-0.0278824133054675,2022,2021-12-31,native_mse,20260912,0.0018367479372410052,,1,0
monthly_state_retained,2735,2022-05-06,2022-05-16,0.033741423035827,2022,2021-12-31,native_mse,20260912,0.0020912186604119124,,1,1
monthly_state_retained,2740,2022-05-13,2022-05-23,0.0164308841843088,2022,2021-12-31,native_mse,20260912,0.0018493178254621319,,1,1
monthly_state_retained,2745,2022-05-20,2022-05-30,-0.0147293413085614,2022,2021-12-31,native_mse,20260912,0.0016372108848958446,,1,0
monthly_state_retained,2750,2022-05-27,2022-06-13,0.0431748431927498,2022,2021-12-31,native_mse,20260912,0.0012702553294938346,,1,1
monthly_state_retained,2759,2022-06-10,2022-06-20,0.0306046547112142,2022,2021-12-31,native_mse,20260912,-0.00018870985334741705,,0,1
monthly_state_retained,2764,2022-06-17,2022-06-27,0.0211666894141107,2022,2021-12-31,native_mse,20260912,-0.0009698518035469311,,0,1
monthly_state_retained,2769,2022-06-24,2022-07-04,0.0074507343130214,2022,2021-12-31,native_mse,20260912,-0.00016157705520515077,,0,1
monthly_state_retained,2774,2022-07-01,2022-07-11,-0.0092349827532707,2022,2021-12-31,native_mse,20260912,0.00012114906253678204,,1,0
monthly_state_retained,2779,2022-07-08,2022-07-18,-0.0326815927737367,2022,2021-12-31,native_mse,20260912,0.0009385572149118832,,1,0
monthly_state_retained,2784,2022-07-15,2022-07-25,-0.0066210715249344,2022,2021-12-31,native_mse,20260912,0.0008465033870475552,,1,0
monthly_state_retained,2789,2022-07-22,2022-08-01,-0.0173077967751003,2022,2021-12-31,native_mse,20260912,0.001749105544547778,,1,0
monthly_state_retained,2794,2022-07-29,2022-08-08,-0.004456034513838,2022,2021-12-31,native_mse,20260912,0.0022855909610094674,,1,0
monthly_state_retained,2799,2022-08-05,2022-08-15,0.0091475117753996,2022,2021-12-31,native_mse,20260912,0.0023275813973101045,,1,1
monthly_state_retained,2804,2022-08-12,2022-08-22,-0.0107272727272728,2022,2021-12-31,native_mse,20260912,0.00116828161002665,,1,0
monthly_state_retained,2809,2022-08-19,2022-08-29,-0.0172375434082356,2022,2021-12-31,native_mse,20260912,0.002641518401624336,,1,0
monthly_state_retained,2814,2022-08-26,2022-09-05,-0.0131573766941938,2022,2021-12-31,native_mse,20260912,0.00258122146459616,,1,0
monthly_state_retained,2819,2022-09-02,2022-09-13,0.0253340680878015,2022,2021-12-31,native_mse,20260912,0.003426320209529877,,1,1
monthly_state_retained,2824,2022-09-09,2022-09-19,-0.044647264962877,2022,2021-12-31,native_mse,20260912,0.004071954177543495,,1,0
monthly_state_retained,2828,2022-09-16,2022-09-26,-0.025155151434928,2022,2021-12-31,native_mse,20260912,0.004321372628556118,,1,0
monthly_state_retained,2833,2022-09-23,2022-10-10,-0.0060162941299352,2022,2021-12-31,native_mse,20260912,0.0034216908995016978,,1,0
monthly_state_retained,2838,2022-09-30,2022-10-17,0.0041192047412885,2022,2021-12-31,native_mse,20260912,0.003515450079575204,,1,1
monthly_state_retained,2843,2022-10-14,2022-10-24,-0.0246766294110258,2022,2021-12-31,native_mse,20260912,0.002607809358206801,,1,0
monthly_state_retained,2848,2022-10-21,2022-10-31,-0.059928861134359,2022,2021-12-31,native_mse,20260912,0.003699251753992663,,1,0
monthly_state_retained,2853,2022-10-28,2022-11-07,0.071339502526744,2022,2021-12-31,native_mse,20260912,0.0018115173178016464,,1,1
monthly_state_retained,2858,2022-11-04,2022-11-14,0.0169449090696014,2022,2021-12-31,native_mse,20260912,0.0023418219066621243,,1,1
monthly_state_retained,2863,2022-11-11,2022-11-21,-0.0127051391515239,2022,2021-12-31,native_mse,20260912,0.0018573604038192703,,1,0
monthly_state_retained,2868,2022-11-18,2022-11-28,-0.0179672806084416,2022,2021-12-31,native_mse,20260912,0.0016249204309614228,,1,0
monthly_state_retained,2873,2022-11-25,2022-12-05,0.0555768659337096,2022,2021-12-31,native_mse,20260912,0.0016075771422150188,,1,1
monthly_state_retained,2878,2022-12-02,2022-12-12,0.0175374394775362,2022,2021-12-31,native_mse,20260912,0.0015010231403169106,,1,1
monthly_state_retained,2883,2022-12-09,2022-12-19,-0.0058850602464181,2022,2021-12-31,native_mse,20260912,0.001187317105345827,,1,0
monthly_state_retained,2888,2022-12-16,2022-12-26,-0.0309150292073658,2022,2021-12-31,native_mse,20260912,0.0019485697779955545,,1,0
monthly_state_retained,2893,2022-12-23,2023-01-03,0.0089464492229616,2022,2021-12-31,native_mse,20260912,0.0001928217320369698,,1,1
monthly_state_retained,2898,2022-12-30,2023-01-09,0.0345913414268119,2022,2021-12-31,native_mse,20260912,0.00047968928790032895,,1,1
monthly_state_retained,2902,2023-01-06,2023-01-16,0.0198447929614133,2023,2022-12-31,native_mse,20260910,-0.0025267983391307767,,0,1
monthly_state_retained,2907,2023-01-13,2023-01-30,0.0465290788350809,2023,2022-12-31,native_mse,20260910,-0.0004635399148201708,,0,1
monthly_state_retained,2912,2023-01-20,2023-02-06,-0.0383797057844887,2023,2022-12-31,native_mse,20260910,7.519190422555292e-05,,1,0
monthly_state_retained,2917,2023-02-03,2023-02-13,-0.0012061903149008,2023,2022-12-31,native_mse,20260910,0.0016271329266920357,,1,0
monthly_state_retained,2922,2023-02-10,2023-02-20,-0.0143746584432821,2023,2022-12-31,native_mse,20260910,-0.0011564163814400644,,0,0
monthly_state_retained,2927,2023-02-17,2023-02-27,0.0001237636016198,2023,2022-12-31,native_mse,20260910,-0.0016426518503498255,,0,1
monthly_state_retained,2932,2023-02-24,2023-03-06,0.0224454641303217,2023,2022-12-31,native_mse,20260910,0.0015810555880606469,,1,1
monthly_state_retained,2937,2023-03-03,2023-03-13,-0.0407900947678007,2023,2022-12-31,native_mse,20260910,0.0007073892257839969,,1,0
monthly_state_retained,2942,2023-03-10,2023-03-20,5.0471402903706775e-06,2023,2022-12-31,native_mse,20260910,-0.0001794060398361263,,0,1
monthly_state_retained,2947,2023-03-17,2023-03-27,0.015302852124583,2023,2022-12-31,native_mse,20260910,-0.0018976163672993884,,0,1
monthly_state_retained,2952,2023-03-24,2023-04-03,0.0090274153058433,2023,2022-12-31,native_mse,20260910,-0.001832954139676603,,0,1
monthly_state_retained,2957,2023-03-31,2023-04-10,0.0178317182396383,2023,2022-12-31,native_mse,20260910,-0.00172129069982479,,0,1
monthly_state_retained,2961,2023-04-07,2023-04-17,-0.0101500238382772,2023,2022-12-31,native_mse,20260910,-0.00033641886926452733,,0,0
monthly_state_retained,2966,2023-04-14,2023-04-24,-0.014368947230732,2023,2022-12-31,native_mse,20260910,-0.0013230092163269815,,0,0
monthly_state_retained,2971,2023-04-21,2023-05-04,-0.0044228908788729,2023,2022-12-31,native_mse,20260910,-0.0007286066396655064,,0,0
monthly_state_retained,2976,2023-04-28,2023-05-10,0.0036477163153083,2023,2022-12-31,native_mse,20260910,-0.00030575704561793394,,0,1
monthly_state_retained,2978,2023-05-05,2023-05-15,-0.0221642407977935,2023,2022-12-31,native_mse,20260910,-0.00011486613921578474,,0,0
monthly_state_retained,2983,2023-05-12,2023-05-22,0.0005509250208819,2023,2022-12-31,native_mse,20260910,-0.0001792163459168561,,0,1
monthly_state_retained,2988,2023-05-19,2023-05-29,-0.0200253742704897,2023,2022-12-31,native_mse,20260910,0.0009439667644663131,,1,0
monthly_state_retained,2993,2023-05-26,2023-06-05,-0.0003935703040848,2023,2022-12-31,native_mse,20260910,0.000557122093874036,,1,0
monthly_state_retained,2998,2023-06-02,2023-06-12,-0.0086075595250429,2023,2022-12-31,native_mse,20260910,-0.001180815938657947,,0,0
monthly_state_retained,3003,2023-06-09,2023-06-19,0.0338878539347273,2023,2022-12-31,native_mse,20260910,-0.0014426234760102343,,0,1
monthly_state_retained,3008,2023-06-16,2023-07-03,-0.026216632171098,2023,2022-12-31,native_mse,20260910,-0.0010042817493535598,,0,0
monthly_state_retained,3016,2023-06-30,2023-07-10,-0.0030441518806006,2023,2022-12-31,native_mse,20260910,-0.0011931588855691256,,0,0
monthly_state_retained,3021,2023-07-07,2023-07-17,0.0104280552692135,2023,2022-12-31,native_mse,20260910,-0.001925244639091561,,0,1
monthly_state_retained,3026,2023-07-14,2023-07-24,-0.0201642613135752,2023,2022-12-31,native_mse,20260910,0.00072512762062503,,1,0
monthly_state_retained,3031,2023-07-21,2023-07-31,0.0566710925894278,2023,2022-12-31,native_mse,20260910,0.0009939160139214966,,1,1
monthly_state_retained,3036,2023-07-28,2023-08-07,-0.0039612927947766,2023,2022-12-31,native_mse,20260910,-0.0005682320215149167,,0,0
monthly_state_retained,3041,2023-08-04,2023-08-14,-0.0404899362223548,2023,2022-12-31,native_mse,20260910,-0.0009301134947241365,,0,0
monthly_state_retained,3046,2023-08-11,2023-08-21,-0.0176157088591445,2023,2022-12-31,native_mse,20260910,-0.000726777176221484,,0,0
monthly_state_retained,3051,2023-08-18,2023-08-28,0.0366582477081969,2023,2022-12-31,native_mse,20260910,0.0008756120897448488,,1,1
monthly_state_retained,3056,2023-08-25,2023-09-04,-0.025197172476384,2023,2022-12-31,native_mse,20260910,-0.0006648239910763075,,0,0
monthly_state_retained,3061,2023-09-01,2023-09-11,-0.0189903461587886,2023,2022-12-31,native_mse,20260910,0.00015839660362514175,,1,0
monthly_state_retained,3066,2023-09-08,2023-09-18,-0.0111346368744954,2023,2022-12-31,native_mse,20260910,0.001744965500114605,,1,0
monthly_state_retained,3071,2023-09-15,2023-09-25,0.0105787349314532,2023,2022-12-31,native_mse,20260910,0.0006876575211446893,,1,1
monthly_state_retained,3076,2023-09-22,2023-10-16,-0.0198017153282719,2023,2022-12-31,native_mse,20260910,-0.00243132015475,,0,0
monthly_state_retained,3085,2023-10-13,2023-10-23,-0.0447156690429144,2023,2022-12-31,native_mse,20260910,-0.0021908711949872265,,0,0
monthly_state_retained,3090,2023-10-20,2023-10-30,0.0154019770298841,2023,2022-12-31,native_mse,20260910,-0.0005611083237640583,,0,1
monthly_state_retained,3095,2023-10-27,2023-11-06,0.0152527637017425,2023,2022-12-31,native_mse,20260910,0.0010289915405626282,,1,1
monthly_state_retained,3100,2023-11-03,2023-11-13,-0.0039935482440582,2023,2022-12-31,native_mse,20260910,0.001023319006735779,,1,0
monthly_state_retained,3105,2023-11-10,2023-11-20,-0.0067280482816765,2023,2022-12-31,native_mse,20260910,-0.0009564130384265961,,0,0
monthly_state_retained,3110,2023-11-17,2023-11-27,-0.0098859017348651,2023,2022-12-31,native_mse,20260910,0.00023192130830153903,,1,0
monthly_state_retained,3115,2023-11-24,2023-12-04,-0.0151084754586299,2023,2022-12-31,native_mse,20260910,0.0008732338960994725,,1,0
monthly_state_retained,3120,2023-12-01,2023-12-11,-0.0295859857973478,2023,2022-12-31,native_mse,20260910,0.000837366835393595,,1,0
monthly_state_retained,3125,2023-12-08,2023-12-18,-0.0144639658974852,2023,2022-12-31,native_mse,20260910,0.0006391538307731006,,1,0
monthly_state_retained,3130,2023-12-15,2023-12-25,0.0003424256350643,2023,2022-12-31,native_mse,20260910,0.000382991564868559,,1,1
monthly_state_retained,3135,2023-12-22,2024-01-02,0.0288079559683274,2023,2022-12-31,native_mse,20260910,-0.0008222024683218445,,0,1
monthly_state_retained,3140,2023-12-29,2024-01-08,-0.0302544749829989,2023,2022-12-31,native_mse,20260910,0.0008212539531046094,,1,0
monthly_state_retained,2902,2023-01-06,2023-01-16,0.0198447929614133,2023,2022-12-31,training_frequency,-1,0.5028949545078577,0.5028949545078577,1,1
monthly_state_retained,2907,2023-01-13,2023-01-30,0.0465290788350809,2023,2022-12-31,training_frequency,-1,0.5028949545078577,0.5028949545078577,1,1
monthly_state_retained,2912,2023-01-20,2023-02-06,-0.0383797057844887,2023,2022-12-31,training_frequency,-1,0.5028949545078577,0.5028949545078577,1,0
monthly_state_retained,2917,2023-02-03,2023-02-13,-0.0012061903149008,2023,2022-12-31,training_frequency,-1,0.5028949545078577,0.5028949545078577,1,0
monthly_state_retained,2922,2023-02-10,2023-02-20,-0.0143746584432821,2023,2022-12-31,training_frequency,-1,0.5028949545078577,0.5028949545078577,1,0
monthly_state_retained,2927,2023-02-17,2023-02-27,0.0001237636016198,2023,2022-12-31,training_frequency,-1,0.5028949545078577,0.5028949545078577,1,1
monthly_state_retained,2932,2023-02-24,2023-03-06,0.0224454641303217,2023,2022-12-31,training_frequency,-1,0.5028949545078577,0.5028949545078577,1,1
monthly_state_retained,2937,2023-03-03,2023-03-13,-0.0407900947678007,2023,2022-12-31,training_frequency,-1,0.5028949545078577,0.5028949545078577,1,0
monthly_state_retained,2942,2023-03-10,2023-03-20,5.0471402903706775e-06,2023,2022-12-31,training_frequency,-1,0.5028949545078577,0.5028949545078577,1,1
monthly_state_retained,2947,2023-03-17,2023-03-27,0.015302852124583,2023,2022-12-31,training_frequency,-1,0.5028949545078577,0.5028949545078577,1,1
monthly_state_retained,2952,2023-03-24,2023-04-03,0.0090274153058433,2023,2022-12-31,training_frequency,-1,0.5028949545078577,0.5028949545078577,1,1
monthly_state_retained,2957,2023-03-31,2023-04-10,0.0178317182396383,2023,2022-12-31,training_frequency,-1,0.5028949545078577,0.5028949545078577,1,1
monthly_state_retained,2961,2023-04-07,2023-04-17,-0.0101500238382772,2023,2022-12-31,training_frequency,-1,0.5028949545078577,0.5028949545078577,1,0
monthly_state_retained,2966,2023-04-14,2023-04-24,-0.014368947230732,2023,2022-12-31,training_frequency,-1,0.5028949545078577,0.5028949545078577,1,0
monthly_state_retained,2971,2023-04-21,2023-05-04,-0.0044228908788729,2023,2022-12-31,training_frequency,-1,0.5028949545078577,0.5028949545078577,1,0
monthly_state_retained,2976,2023-04-28,2023-05-10,0.0036477163153083,2023,2022-12-31,training_frequency,-1,0.5028949545078577,0.5028949545078577,1,1
monthly_state_retained,2978,2023-05-05,2023-05-15,-0.0221642407977935,2023,2022-12-31,training_frequency,-1,0.5028949545078577,0.5028949545078577,1,0
monthly_state_retained,2983,2023-05-12,2023-05-22,0.0005509250208819,2023,2022-12-31,training_frequency,-1,0.5028949545078577,0.5028949545078577,1,1
monthly_state_retained,2988,2023-05-19,2023-05-29,-0.0200253742704897,2023,2022-12-31,training_frequency,-1,0.5028949545078577,0.5028949545078577,1,0
monthly_state_retained,2993,2023-05-26,2023-06-05,-0.0003935703040848,2023,2022-12-31,training_frequency,-1,0.5028949545078577,0.5028949545078577,1,0
monthly_state_retained,2998,2023-06-02,2023-06-12,-0.0086075595250429,2023,2022-12-31,training_frequency,-1,0.5028949545078577,0.5028949545078577,1,0
monthly_state_retained,3003,2023-06-09,2023-06-19,0.0338878539347273,2023,2022-12-31,training_frequency,-1,0.5028949545078577,0.5028949545078577,1,1
monthly_state_retained,3008,2023-06-16,2023-07-03,-0.026216632171098,2023,2022-12-31,training_frequency,-1,0.5028949545078577,0.5028949545078577,1,0
monthly_state_retained,3016,2023-06-30,2023-07-10,-0.0030441518806006,2023,2022-12-31,training_frequency,-1,0.5028949545078577,0.5028949545078577,1,0
monthly_state_retained,3021,2023-07-07,2023-07-17,0.0104280552692135,2023,2022-12-31,training_frequency,-1,0.5028949545078577,0.5028949545078577,1,1
monthly_state_retained,3026,2023-07-14,2023-07-24,-0.0201642613135752,2023,2022-12-31,training_frequency,-1,0.5028949545078577,0.5028949545078577,1,0
monthly_state_retained,3031,2023-07-21,2023-07-31,0.0566710925894278,2023,2022-12-31,training_frequency,-1,0.5028949545078577,0.5028949545078577,1,1
monthly_state_retained,3036,2023-07-28,2023-08-07,-0.0039612927947766,2023,2022-12-31,training_frequency,-1,0.5028949545078577,0.5028949545078577,1,0
monthly_state_retained,3041,2023-08-04,2023-08-14,-0.0404899362223548,2023,2022-12-31,training_frequency,-1,0.5028949545078577,0.5028949545078577,1,0
monthly_state_retained,3046,2023-08-11,2023-08-21,-0.0176157088591445,2023,2022-12-31,training_frequency,-1,0.5028949545078577,0.5028949545078577,1,0
monthly_state_retained,3051,2023-08-18,2023-08-28,0.0366582477081969,2023,2022-12-31,training_frequency,-1,0.5028949545078577,0.5028949545078577,1,1
monthly_state_retained,3056,2023-08-25,2023-09-04,-0.025197172476384,2023,2022-12-31,training_frequency,-1,0.5028949545078577,0.5028949545078577,1,0
monthly_state_retained,3061,2023-09-01,2023-09-11,-0.0189903461587886,2023,2022-12-31,training_frequency,-1,0.5028949545078577,0.5028949545078577,1,0
monthly_state_retained,3066,2023-09-08,2023-09-18,-0.0111346368744954,2023,2022-12-31,training_frequency,-1,0.5028949545078577,0.5028949545078577,1,0
monthly_state_retained,3071,2023-09-15,2023-09-25,0.0105787349314532,2023,2022-12-31,training_frequency,-1,0.5028949545078577,0.5028949545078577,1,1
monthly_state_retained,3076,2023-09-22,2023-10-16,-0.0198017153282719,2023,2022-12-31,training_frequency,-1,0.5028949545078577,0.5028949545078577,1,0
monthly_state_retained,3085,2023-10-13,2023-10-23,-0.0447156690429144,2023,2022-12-31,training_frequency,-1,0.5028949545078577,0.5028949545078577,1,0
monthly_state_retained,3090,2023-10-20,2023-10-30,0.0154019770298841,2023,2022-12-31,training_frequency,-1,0.5028949545078577,0.5028949545078577,1,1
monthly_state_retained,3095,2023-10-27,2023-11-06,0.0152527637017425,2023,2022-12-31,training_frequency,-1,0.5028949545078577,0.5028949545078577,1,1
monthly_state_retained,3100,2023-11-03,2023-11-13,-0.0039935482440582,2023,2022-12-31,training_frequency,-1,0.5028949545078577,0.5028949545078577,1,0
monthly_state_retained,3105,2023-11-10,2023-11-20,-0.0067280482816765,2023,2022-12-31,training_frequency,-1,0.5028949545078577,0.5028949545078577,1,0
monthly_state_retained,3110,2023-11-17,2023-11-27,-0.0098859017348651,2023,2022-12-31,training_frequency,-1,0.5028949545078577,0.5028949545078577,1,0
monthly_state_retained,3115,2023-11-24,2023-12-04,-0.0151084754586299,2023,2022-12-31,training_frequency,-1,0.5028949545078577,0.5028949545078577,1,0
monthly_state_retained,3120,2023-12-01,2023-12-11,-0.0295859857973478,2023,2022-12-31,training_frequency,-1,0.5028949545078577,0.5028949545078577,1,0
monthly_state_retained,3125,2023-12-08,2023-12-18,-0.0144639658974852,2023,2022-12-31,training_frequency,-1,0.5028949545078577,0.5028949545078577,1,0
monthly_state_retained,3130,2023-12-15,2023-12-25,0.0003424256350643,2023,2022-12-31,training_frequency,-1,0.5028949545078577,0.5028949545078577,1,1
monthly_state_retained,3135,2023-12-22,2024-01-02,0.0288079559683274,2023,2022-12-31,training_frequency,-1,0.5028949545078577,0.5028949545078577,1,1
monthly_state_retained,3140,2023-12-29,2024-01-08,-0.0302544749829989,2023,2022-12-31,training_frequency,-1,0.5028949545078577,0.5028949545078577,1,0
monthly_state_retained,2902,2023-01-06,2023-01-16,0.0198447929614133,2023,2022-12-31,native_mse,20260911,-0.0028881799476405084,,0,1
monthly_state_retained,2907,2023-01-13,2023-01-30,0.0465290788350809,2023,2022-12-31,native_mse,20260911,0.002600529697082545,,1,1
monthly_state_retained,2912,2023-01-20,2023-02-06,-0.0383797057844887,2023,2022-12-31,native_mse,20260911,0.009824735187562814,,1,0
monthly_state_retained,2917,2023-02-03,2023-02-13,-0.0012061903149008,2023,2022-12-31,native_mse,20260911,0.001758336799202022,,1,0
monthly_state_retained,2922,2023-02-10,2023-02-20,-0.0143746584432821,2023,2022-12-31,native_mse,20260911,-0.004455423490420713,,0,0
monthly_state_retained,2927,2023-02-17,2023-02-27,0.0001237636016198,2023,2022-12-31,native_mse,20260911,-0.004320463721841919,,0,1
monthly_state_retained,2932,2023-02-24,2023-03-06,0.0224454641303217,2023,2022-12-31,native_mse,20260911,0.007109894584169036,,1,1
monthly_state_retained,2937,2023-03-03,2023-03-13,-0.0407900947678007,2023,2022-12-31,native_mse,20260911,0.012121075090535267,,1,0
monthly_state_retained,2942,2023-03-10,2023-03-20,5.0471402903706775e-06,2023,2022-12-31,native_mse,20260911,-0.0015684618293498606,,0,1
monthly_state_retained,2947,2023-03-17,2023-03-27,0.015302852124583,2023,2022-12-31,native_mse,20260911,-0.00455123687690783,,0,1
monthly_state_retained,2952,2023-03-24,2023-04-03,0.0090274153058433,2023,2022-12-31,native_mse,20260911,-0.0032713642765306557,,0,1
monthly_state_retained,2957,2023-03-31,2023-04-10,0.0178317182396383,2023,2022-12-31,native_mse,20260911,0.009972413917103892,,1,1
monthly_state_retained,2961,2023-04-07,2023-04-17,-0.0101500238382772,2023,2022-12-31,native_mse,20260911,0.007806808930188104,,1,0
monthly_state_retained,2966,2023-04-14,2023-04-24,-0.014368947230732,2023,2022-12-31,native_mse,20260911,0.007226249329863683,,1,0
monthly_state_retained,2971,2023-04-21,2023-05-04,-0.0044228908788729,2023,2022-12-31,native_mse,20260911,-0.0024232716039148286,,0,0
monthly_state_retained,2976,2023-04-28,2023-05-10,0.0036477163153083,2023,2022-12-31,native_mse,20260911,-0.003907239624967295,,0,1
monthly_state_retained,2978,2023-05-05,2023-05-15,-0.0221642407977935,2023,2022-12-31,native_mse,20260911,-0.0031947009428460477,,0,0
monthly_state_retained,2983,2023-05-12,2023-05-22,0.0005509250208819,2023,2022-12-31,native_mse,20260911,0.003981441571850173,,1,1
monthly_state_retained,2988,2023-05-19,2023-05-29,-0.0200253742704897,2023,2022-12-31,native_mse,20260911,0.01107004322684732,,1,0
monthly_state_retained,2993,2023-05-26,2023-06-05,-0.0003935703040848,2023,2022-12-31,native_mse,20260911,0.004560043069480671,,1,0
monthly_state_retained,2998,2023-06-02,2023-06-12,-0.0086075595250429,2023,2022-12-31,native_mse,20260911,-0.0048559678058000275,,0,0
monthly_state_retained,3003,2023-06-09,2023-06-19,0.0338878539347273,2023,2022-12-31,native_mse,20260911,-0.0042897134995229635,,0,1
monthly_state_retained,3008,2023-06-16,2023-07-03,-0.026216632171098,2023,2022-12-31,native_mse,20260911,-0.004761761648113702,,0,0
monthly_state_retained,3016,2023-06-30,2023-07-10,-0.0030441518806006,2023,2022-12-31,native_mse,20260911,0.001449000541630631,,1,0
monthly_state_retained,3021,2023-07-07,2023-07-17,0.0104280552692135,2023,2022-12-31,native_mse,20260911,-0.005015012063383114,,0,1
monthly_state_retained,3026,2023-07-14,2023-07-24,-0.0201642613135752,2023,2022-12-31,native_mse,20260911,-0.002212730290267345,,0,0
monthly_state_retained,3031,2023-07-21,2023-07-31,0.0566710925894278,2023,2022-12-31,native_mse,20260911,-0.005112763962830667,,0,1
monthly_state_retained,3036,2023-07-28,2023-08-07,-0.0039612927947766,2023,2022-12-31,native_mse,20260911,-0.0052814272148835025,,0,0
monthly_state_retained,3041,2023-08-04,2023-08-14,-0.0404899362223548,2023,2022-12-31,native_mse,20260911,-0.004618211999064367,,0,0
monthly_state_retained,3046,2023-08-11,2023-08-21,-0.0176157088591445,2023,2022-12-31,native_mse,20260911,0.009053312378542757,,1,0
monthly_state_retained,3051,2023-08-18,2023-08-28,0.0366582477081969,2023,2022-12-31,native_mse,20260911,0.004561021250172811,,1,1
monthly_state_retained,3056,2023-08-25,2023-09-04,-0.025197172476384,2023,2022-12-31,native_mse,20260911,-0.0025275908526821967,,0,0
monthly_state_retained,3061,2023-09-01,2023-09-11,-0.0189903461587886,2023,2022-12-31,native_mse,20260911,-0.0049631793698849645,,0,0
monthly_state_retained,3066,2023-09-08,2023-09-18,-0.0111346368744954,2023,2022-12-31,native_mse,20260911,0.00680202581529956,,1,0
monthly_state_retained,3071,2023-09-15,2023-09-25,0.0105787349314532,2023,2022-12-31,native_mse,20260911,0.008596091481564963,,1,1
monthly_state_retained,3076,2023-09-22,2023-10-16,-0.0198017153282719,2023,2022-12-31,native_mse,20260911,-0.0031471179155324424,,0,0
monthly_state_retained,3085,2023-10-13,2023-10-23,-0.0447156690429144,2023,2022-12-31,native_mse,20260911,-0.004148291730857776,,0,0
monthly_state_retained,3090,2023-10-20,2023-10-30,0.0154019770298841,2023,2022-12-31,native_mse,20260911,-0.005712800982170543,,0,1
monthly_state_retained,3095,2023-10-27,2023-11-06,0.0152527637017425,2023,2022-12-31,native_mse,20260911,-0.0033253387808900993,,0,1
monthly_state_retained,3100,2023-11-03,2023-11-13,-0.0039935482440582,2023,2022-12-31,native_mse,20260911,-0.0006739370262628165,,0,0
monthly_state_retained,3105,2023-11-10,2023-11-20,-0.0067280482816765,2023,2022-12-31,native_mse,20260911,-0.004003258050664914,,0,0
monthly_state_retained,3110,2023-11-17,2023-11-27,-0.0098859017348651,2023,2022-12-31,native_mse,20260911,-0.003231557067429336,,0,0
monthly_state_retained,3115,2023-11-24,2023-12-04,-0.0151084754586299,2023,2022-12-31,native_mse,20260911,-0.003968465813336381,,0,0
monthly_state_retained,3120,2023-12-01,2023-12-11,-0.0295859857973478,2023,2022-12-31,native_mse,20260911,-0.004170192617569334,,0,0
monthly_state_retained,3125,2023-12-08,2023-12-18,-0.0144639658974852,2023,2022-12-31,native_mse,20260911,-0.004708072283208354,,0,0
monthly_state_retained,3130,2023-12-15,2023-12-25,0.0003424256350643,2023,2022-12-31,native_mse,20260911,-0.005014383450601872,,0,1
monthly_state_retained,3135,2023-12-22,2024-01-02,0.0288079559683274,2023,2022-12-31,native_mse,20260911,-0.005140476035149425,,0,1
monthly_state_retained,3140,2023-12-29,2024-01-08,-0.0302544749829989,2023,2022-12-31,native_mse,20260911,-0.0034098597743402285,,0,0
monthly_state_retained,2902,2023-01-06,2023-01-16,0.0198447929614133,2023,2022-12-31,native_mse,20260912,0.0004281627694943007,,1,1
monthly_state_retained,2907,2023-01-13,2023-01-30,0.0465290788350809,2023,2022-12-31,native_mse,20260912,4.2102919401855305e-05,,1,1
monthly_state_retained,2912,2023-01-20,2023-02-06,-0.0383797057844887,2023,2022-12-31,native_mse,20260912,0.0010967633118809882,,1,0
monthly_state_retained,2917,2023-02-03,2023-02-13,-0.0012061903149008,2023,2022-12-31,native_mse,20260912,0.0008747039967658528,,1,0
monthly_state_retained,2922,2023-02-10,2023-02-20,-0.0143746584432821,2023,2022-12-31,native_mse,20260912,0.0001818132935792269,,1,0
monthly_state_retained,2927,2023-02-17,2023-02-27,0.0001237636016198,2023,2022-12-31,native_mse,20260912,0.00010126624081480557,,1,1
monthly_state_retained,2932,2023-02-24,2023-03-06,0.0224454641303217,2023,2022-12-31,native_mse,20260912,0.000782385799644381,,1,1
monthly_state_retained,2937,2023-03-03,2023-03-13,-0.0407900947678007,2023,2022-12-31,native_mse,20260912,0.00040350503591383166,,1,0
monthly_state_retained,2942,2023-03-10,2023-03-20,5.0471402903706775e-06,2023,2022-12-31,native_mse,20260912,0.00023517524465769396,,1,1
monthly_state_retained,2947,2023-03-17,2023-03-27,0.015302852124583,2023,2022-12-31,native_mse,20260912,-0.0005550490015326846,,0,1
monthly_state_retained,2952,2023-03-24,2023-04-03,0.0090274153058433,2023,2022-12-31,native_mse,20260912,0.0004555071806066471,,1,1
monthly_state_retained,2957,2023-03-31,2023-04-10,0.0178317182396383,2023,2022-12-31,native_mse,20260912,0.0006137448037054246,,1,1
monthly_state_retained,2961,2023-04-07,2023-04-17,-0.0101500238382772,2023,2022-12-31,native_mse,20260912,0.0007714668086940345,,1,0
monthly_state_retained,2966,2023-04-14,2023-04-24,-0.014368947230732,2023,2022-12-31,native_mse,20260912,0.0006120128536014287,,1,0
monthly_state_retained,2971,2023-04-21,2023-05-04,-0.0044228908788729,2023,2022-12-31,native_mse,20260912,0.0004168718728952876,,1,0
monthly_state_retained,2976,2023-04-28,2023-05-10,0.0036477163153083,2023,2022-12-31,native_mse,20260912,0.0007975995131662927,,1,1
monthly_state_retained,2978,2023-05-05,2023-05-15,-0.0221642407977935,2023,2022-12-31,native_mse,20260912,3.748499343571029e-05,,1,0
monthly_state_retained,2983,2023-05-12,2023-05-22,0.0005509250208819,2023,2022-12-31,native_mse,20260912,0.00013564688457888487,,1,1
monthly_state_retained,2988,2023-05-19,2023-05-29,-0.0200253742704897,2023,2022-12-31,native_mse,20260912,0.0006049797039520234,,1,0
monthly_state_retained,2993,2023-05-26,2023-06-05,-0.0003935703040848,2023,2022-12-31,native_mse,20260912,5.080512794837295e-05,,1,0
monthly_state_retained,2998,2023-06-02,2023-06-12,-0.0086075595250429,2023,2022-12-31,native_mse,20260912,-0.0003527596454530836,,0,0
monthly_state_retained,3003,2023-06-09,2023-06-19,0.0338878539347273,2023,2022-12-31,native_mse,20260912,-0.0004629538008774116,,0,1
monthly_state_retained,3008,2023-06-16,2023-07-03,-0.026216632171098,2023,2022-12-31,native_mse,20260912,-0.0003413110242915335,,0,0
monthly_state_retained,3016,2023-06-30,2023-07-10,-0.0030441518806006,2023,2022-12-31,native_mse,20260912,0.0003431408638381007,,1,0
monthly_state_retained,3021,2023-07-07,2023-07-17,0.0104280552692135,2023,2022-12-31,native_mse,20260912,0.000814771057302496,,1,1
monthly_state_retained,3026,2023-07-14,2023-07-24,-0.0201642613135752,2023,2022-12-31,native_mse,20260912,0.0006501402430561996,,1,0
monthly_state_retained,3031,2023-07-21,2023-07-31,0.0566710925894278,2023,2022-12-31,native_mse,20260912,2.5045124957704355e-05,,1,1
monthly_state_retained,3036,2023-07-28,2023-08-07,-0.0039612927947766,2023,2022-12-31,native_mse,20260912,0.00047471401642830695,,1,0
monthly_state_retained,3041,2023-08-04,2023-08-14,-0.0404899362223548,2023,2022-12-31,native_mse,20260912,0.0008553072765691807,,1,0
monthly_state_retained,3046,2023-08-11,2023-08-21,-0.0176157088591445,2023,2022-12-31,native_mse,20260912,0.0015027086256146451,,1,0
monthly_state_retained,3051,2023-08-18,2023-08-28,0.0366582477081969,2023,2022-12-31,native_mse,20260912,0.0006099353623650846,,1,1
monthly_state_retained,3056,2023-08-25,2023-09-04,-0.025197172476384,2023,2022-12-31,native_mse,20260912,0.00044421971221099443,,1,0
monthly_state_retained,3061,2023-09-01,2023-09-11,-0.0189903461587886,2023,2022-12-31,native_mse,20260912,-0.0002025361551160587,,0,0
monthly_state_retained,3066,2023-09-08,2023-09-18,-0.0111346368744954,2023,2022-12-31,native_mse,20260912,0.00041052847232038274,,1,0
monthly_state_retained,3071,2023-09-15,2023-09-25,0.0105787349314532,2023,2022-12-31,native_mse,20260912,0.0001624781603077036,,1,1
monthly_state_retained,3076,2023-09-22,2023-10-16,-0.0198017153282719,2023,2022-12-31,native_mse,20260912,-2.0047557486308507e-05,,0,0
monthly_state_retained,3085,2023-10-13,2023-10-23,-0.0447156690429144,2023,2022-12-31,native_mse,20260912,-7.666747850147154e-05,,0,0
monthly_state_retained,3090,2023-10-20,2023-10-30,0.0154019770298841,2023,2022-12-31,native_mse,20260912,0.00029732197364893017,,1,1
monthly_state_retained,3095,2023-10-27,2023-11-06,0.0152527637017425,2023,2022-12-31,native_mse,20260912,0.0012245039371740986,,1,1
monthly_state_retained,3100,2023-11-03,2023-11-13,-0.0039935482440582,2023,2022-12-31,native_mse,20260912,0.00041856415378897153,,1,0
monthly_state_retained,3105,2023-11-10,2023-11-20,-0.0067280482816765,2023,2022-12-31,native_mse,20260912,0.00022000524072862617,,1,0
monthly_state_retained,3110,2023-11-17,2023-11-27,-0.0098859017348651,2023,2022-12-31,native_mse,20260912,-0.00011003873914113989,,0,0
monthly_state_retained,3115,2023-11-24,2023-12-04,-0.0151084754586299,2023,2022-12-31,native_mse,20260912,0.0006004861455855604,,1,0
monthly_state_retained,3120,2023-12-01,2023-12-11,-0.0295859857973478,2023,2022-12-31,native_mse,20260912,9.164477722239853e-05,,1,0
monthly_state_retained,3125,2023-12-08,2023-12-18,-0.0144639658974852,2023,2022-12-31,native_mse,20260912,0.0003716320497864135,,1,0
monthly_state_retained,3130,2023-12-15,2023-12-25,0.0003424256350643,2023,2022-12-31,native_mse,20260912,0.0007186720416179463,,1,1
monthly_state_retained,3135,2023-12-22,2024-01-02,0.0288079559683274,2023,2022-12-31,native_mse,20260912,0.00031752353260434155,,1,1
monthly_state_retained,3140,2023-12-29,2024-01-08,-0.0302544749829989,2023,2022-12-31,native_mse,20260912,-5.293223214677527e-06,,0,0
monthly_state_retained,3144,2024-01-05,2024-01-15,-0.0158038409563566,2024,2023-12-31,native_mse,20260910,0.000251131835275678,,1,0
monthly_state_retained,3149,2024-01-12,2024-01-22,-0.002333261979756,2024,2023-12-31,native_mse,20260910,0.0007362057214049004,,1,0
monthly_state_retained,3154,2024-01-19,2024-01-29,0.0223511633823452,2024,2023-12-31,native_mse,20260910,-0.00023540604600351487,,0,1
monthly_state_retained,3159,2024-01-26,2024-02-05,-0.0513103415192826,2024,2023-12-31,native_mse,20260910,-0.001531436704987099,,0,0
monthly_state_retained,3164,2024-02-02,2024-02-26,0.1015374891364462,2024,2023-12-31,native_mse,20260910,0.004796229141878599,,1,1
monthly_state_retained,3173,2024-02-23,2024-03-04,0.0151569053862528,2024,2023-12-31,native_mse,20260910,0.005981439448417525,,1,1
monthly_state_retained,3178,2024-03-01,2024-03-11,0.0021394031715169,2024,2023-12-31,native_mse,20260910,0.002923079585146593,,1,1
monthly_state_retained,3183,2024-03-08,2024-03-18,0.0087762342284414,2024,2023-12-31,native_mse,20260910,0.004534858645957669,,1,1
monthly_state_retained,3188,2024-03-15,2024-03-25,-0.0112802133595746,2024,2023-12-31,native_mse,20260910,0.004141952477981538,,1,0
monthly_state_retained,3193,2024-03-22,2024-04-01,0.0042044725182444,2024,2023-12-31,native_mse,20260910,0.0018727898596620025,,1,1
monthly_state_retained,3198,2024-03-29,2024-04-15,-0.0219845815102011,2024,2023-12-31,native_mse,20260910,0.0003645787473085561,,1,0
monthly_state_retained,3206,2024-04-12,2024-04-22,0.018045199366633,2024,2023-12-31,native_mse,20260910,-0.00021832918624461518,,0,1
monthly_state_retained,3211,2024-04-19,2024-04-29,0.0136757744232476,2024,2023-12-31,native_mse,20260910,0.0005323002819172812,,1,1
monthly_state_retained,3216,2024-04-26,2024-05-13,0.0172434956786644,2024,2023-12-31,native_mse,20260910,-0.00014728683736751251,,0,1
monthly_state_retained,3223,2024-05-10,2024-05-20,0.0097933549988344,2024,2023-12-31,native_mse,20260910,0.0004133340837300701,,1,1
monthly_state_retained,3228,2024-05-17,2024-05-27,-0.0204803832637164,2024,2023-12-31,native_mse,20260910,0.0036262081384896457,,1,0
monthly_state_retained,3233,2024-05-24,2024-06-03,-0.0081155643048258,2024,2023-12-31,native_mse,20260910,0.0049904247327292855,,1,0
monthly_state_retained,3238,2024-05-31,2024-06-11,-0.0060267570121149,2024,2023-12-31,native_mse,20260910,0.0040244113389711345,,1,0
monthly_state_retained,3243,2024-06-07,2024-06-17,-0.0096686558937179,2024,2023-12-31,native_mse,20260910,0.008609928356971403,,1,0
monthly_state_retained,3247,2024-06-14,2024-06-24,-0.013573992457631,2024,2023-12-31,native_mse,20260910,0.008961501129694911,,1,0
monthly_state_retained,3252,2024-06-21,2024-07-01,-0.004427632109257,2024,2023-12-31,native_mse,20260910,0.0009177608055072099,,1,0
monthly_state_retained,3257,2024-06-28,2024-07-08,-0.0108320369203009,2024,2023-12-31,native_mse,20260910,0.0030020981914033497,,1,0
monthly_state_retained,3262,2024-07-05,2024-07-15,0.0122222871842843,2024,2023-12-31,native_mse,20260910,0.00336049012064386,,1,1
monthly_state_retained,3267,2024-07-12,2024-07-22,0.0218881133018156,2024,2023-12-31,native_mse,20260910,-0.0006421845267103974,,0,1
monthly_state_retained,3272,2024-07-19,2024-07-29,-0.0378787022382998,2024,2023-12-31,native_mse,20260910,0.0004540341648428114,,1,0
monthly_state_retained,3277,2024-07-26,2024-08-05,-0.0124134568216732,2024,2023-12-31,native_mse,20260910,0.0013231998081271626,,1,0
monthly_state_retained,3282,2024-08-02,2024-08-12,-0.0102762848330364,2024,2023-12-31,native_mse,20260910,0.001303372172405589,,1,0
monthly_state_retained,3287,2024-08-09,2024-08-19,0.0050186923751938,2024,2023-12-31,native_mse,20260910,0.00011119162293128984,,1,1
monthly_state_retained,3292,2024-08-16,2024-08-26,-0.0040487282687352,2024,2023-12-31,native_mse,20260910,0.0014903087569155989,,1,0
monthly_state_retained,3297,2024-08-23,2024-09-02,-0.0069594562136714,2024,2023-12-31,native_mse,20260910,-0.0030751570665977007,,0,0
monthly_state_retained,3302,2024-08-30,2024-09-09,-0.0280389655151561,2024,2023-12-31,native_mse,20260910,-0.003508085985855703,,0,0
monthly_state_retained,3307,2024-09-06,2024-09-18,-0.0174132138857783,2024,2023-12-31,native_mse,20260910,-0.0025693655960970898,,0,0
monthly_state_retained,3312,2024-09-13,2024-09-24,0.0133119329369826,2024,2023-12-31,native_mse,20260910,0.00017194356388446877,,1,1
monthly_state_retained,3315,2024-09-20,2024-09-30,0.2017513988384409,2024,2023-12-31,native_mse,20260910,0.0007791555801138394,,1,1
monthly_state_retained,3320,2024-09-27,2024-10-14,0.0178259004588408,2024,2023-12-31,native_mse,20260910,0.0007616530796663938,,1,1
monthly_state_retained,3325,2024-10-11,2024-10-21,0.0080914993282625,2024,2023-12-31,native_mse,20260910,-0.0026429925872939004,,0,1
monthly_state_retained,3330,2024-10-18,2024-10-28,0.0015733867085561,2024,2023-12-31,native_mse,20260910,-0.004083051697418182,,0,1
monthly_state_retained,3335,2024-10-25,2024-11-04,-0.0140142824257356,2024,2023-12-31,native_mse,20260910,-0.003618447449131282,,0,0
monthly_state_retained,3340,2024-11-01,2024-11-11,0.0434152361258277,2024,2023-12-31,native_mse,20260910,-0.0042863223001300965,,0,1
monthly_state_retained,3345,2024-11-08,2024-11-18,-0.0208584853931589,2024,2023-12-31,native_mse,20260910,-0.0028591792362593097,,0,0
monthly_state_retained,3350,2024-11-15,2024-11-25,-0.0267421712161923,2024,2023-12-31,native_mse,20260910,-0.0017028092388012967,,0,0
monthly_state_retained,3355,2024-11-22,2024-12-02,0.0087960346887328,2024,2023-12-31,native_mse,20260910,-0.0009456406767515755,,0,1
monthly_state_retained,3360,2024-11-29,2024-12-09,0.0155919891551781,2024,2023-12-31,native_mse,20260910,-0.0002599534945060551,,0,1
monthly_state_retained,3365,2024-12-06,2024-12-16,-0.0100436703218104,2024,2023-12-31,native_mse,20260910,0.0007542474780432574,,1,0
monthly_state_retained,3370,2024-12-13,2024-12-23,-0.0006690784017421,2024,2023-12-31,native_mse,20260910,-0.0007125951992407705,,0,0
monthly_state_retained,3375,2024-12-20,2024-12-30,0.0123595076562756,2024,2023-12-31,native_mse,20260910,-0.0012475930255920083,,0,1
monthly_state_retained,3380,2024-12-27,2025-01-06,-0.0504714964669198,2024,2023-12-31,native_mse,20260910,-0.00024548952899875387,,0,0
monthly_state_retained,3144,2024-01-05,2024-01-15,-0.0158038409563566,2024,2023-12-31,training_frequency,-1,0.5024834437086093,0.5024834437086093,1,0
monthly_state_retained,3149,2024-01-12,2024-01-22,-0.002333261979756,2024,2023-12-31,training_frequency,-1,0.5024834437086093,0.5024834437086093,1,0
monthly_state_retained,3154,2024-01-19,2024-01-29,0.0223511633823452,2024,2023-12-31,training_frequency,-1,0.5024834437086093,0.5024834437086093,1,1
monthly_state_retained,3159,2024-01-26,2024-02-05,-0.0513103415192826,2024,2023-12-31,training_frequency,-1,0.5024834437086093,0.5024834437086093,1,0
monthly_state_retained,3164,2024-02-02,2024-02-26,0.1015374891364462,2024,2023-12-31,training_frequency,-1,0.5024834437086093,0.5024834437086093,1,1
monthly_state_retained,3173,2024-02-23,2024-03-04,0.0151569053862528,2024,2023-12-31,training_frequency,-1,0.5024834437086093,0.5024834437086093,1,1
monthly_state_retained,3178,2024-03-01,2024-03-11,0.0021394031715169,2024,2023-12-31,training_frequency,-1,0.5024834437086093,0.5024834437086093,1,1
monthly_state_retained,3183,2024-03-08,2024-03-18,0.0087762342284414,2024,2023-12-31,training_frequency,-1,0.5024834437086093,0.5024834437086093,1,1
monthly_state_retained,3188,2024-03-15,2024-03-25,-0.0112802133595746,2024,2023-12-31,training_frequency,-1,0.5024834437086093,0.5024834437086093,1,0
monthly_state_retained,3193,2024-03-22,2024-04-01,0.0042044725182444,2024,2023-12-31,training_frequency,-1,0.5024834437086093,0.5024834437086093,1,1
monthly_state_retained,3198,2024-03-29,2024-04-15,-0.0219845815102011,2024,2023-12-31,training_frequency,-1,0.5024834437086093,0.5024834437086093,1,0
monthly_state_retained,3206,2024-04-12,2024-04-22,0.018045199366633,2024,2023-12-31,training_frequency,-1,0.5024834437086093,0.5024834437086093,1,1
monthly_state_retained,3211,2024-04-19,2024-04-29,0.0136757744232476,2024,2023-12-31,training_frequency,-1,0.5024834437086093,0.5024834437086093,1,1
monthly_state_retained,3216,2024-04-26,2024-05-13,0.0172434956786644,2024,2023-12-31,training_frequency,-1,0.5024834437086093,0.5024834437086093,1,1
monthly_state_retained,3223,2024-05-10,2024-05-20,0.0097933549988344,2024,2023-12-31,training_frequency,-1,0.5024834437086093,0.5024834437086093,1,1
monthly_state_retained,3228,2024-05-17,2024-05-27,-0.0204803832637164,2024,2023-12-31,training_frequency,-1,0.5024834437086093,0.5024834437086093,1,0
monthly_state_retained,3233,2024-05-24,2024-06-03,-0.0081155643048258,2024,2023-12-31,training_frequency,-1,0.5024834437086093,0.5024834437086093,1,0
monthly_state_retained,3238,2024-05-31,2024-06-11,-0.0060267570121149,2024,2023-12-31,training_frequency,-1,0.5024834437086093,0.5024834437086093,1,0
monthly_state_retained,3243,2024-06-07,2024-06-17,-0.0096686558937179,2024,2023-12-31,training_frequency,-1,0.5024834437086093,0.5024834437086093,1,0
monthly_state_retained,3247,2024-06-14,2024-06-24,-0.013573992457631,2024,2023-12-31,training_frequency,-1,0.5024834437086093,0.5024834437086093,1,0
monthly_state_retained,3252,2024-06-21,2024-07-01,-0.004427632109257,2024,2023-12-31,training_frequency,-1,0.5024834437086093,0.5024834437086093,1,0
monthly_state_retained,3257,2024-06-28,2024-07-08,-0.0108320369203009,2024,2023-12-31,training_frequency,-1,0.5024834437086093,0.5024834437086093,1,0
monthly_state_retained,3262,2024-07-05,2024-07-15,0.0122222871842843,2024,2023-12-31,training_frequency,-1,0.5024834437086093,0.5024834437086093,1,1
monthly_state_retained,3267,2024-07-12,2024-07-22,0.0218881133018156,2024,2023-12-31,training_frequency,-1,0.5024834437086093,0.5024834437086093,1,1
monthly_state_retained,3272,2024-07-19,2024-07-29,-0.0378787022382998,2024,2023-12-31,training_frequency,-1,0.5024834437086093,0.5024834437086093,1,0
monthly_state_retained,3277,2024-07-26,2024-08-05,-0.0124134568216732,2024,2023-12-31,training_frequency,-1,0.5024834437086093,0.5024834437086093,1,0
monthly_state_retained,3282,2024-08-02,2024-08-12,-0.0102762848330364,2024,2023-12-31,training_frequency,-1,0.5024834437086093,0.5024834437086093,1,0
monthly_state_retained,3287,2024-08-09,2024-08-19,0.0050186923751938,2024,2023-12-31,training_frequency,-1,0.5024834437086093,0.5024834437086093,1,1
monthly_state_retained,3292,2024-08-16,2024-08-26,-0.0040487282687352,2024,2023-12-31,training_frequency,-1,0.5024834437086093,0.5024834437086093,1,0
monthly_state_retained,3297,2024-08-23,2024-09-02,-0.0069594562136714,2024,2023-12-31,training_frequency,-1,0.5024834437086093,0.5024834437086093,1,0
monthly_state_retained,3302,2024-08-30,2024-09-09,-0.0280389655151561,2024,2023-12-31,training_frequency,-1,0.5024834437086093,0.5024834437086093,1,0
monthly_state_retained,3307,2024-09-06,2024-09-18,-0.0174132138857783,2024,2023-12-31,training_frequency,-1,0.5024834437086093,0.5024834437086093,1,0
monthly_state_retained,3312,2024-09-13,2024-09-24,0.0133119329369826,2024,2023-12-31,training_frequency,-1,0.5024834437086093,0.5024834437086093,1,1
monthly_state_retained,3315,2024-09-20,2024-09-30,0.2017513988384409,2024,2023-12-31,training_frequency,-1,0.5024834437086093,0.5024834437086093,1,1
monthly_state_retained,3320,2024-09-27,2024-10-14,0.0178259004588408,2024,2023-12-31,training_frequency,-1,0.5024834437086093,0.5024834437086093,1,1
monthly_state_retained,3325,2024-10-11,2024-10-21,0.0080914993282625,2024,2023-12-31,training_frequency,-1,0.5024834437086093,0.5024834437086093,1,1
monthly_state_retained,3330,2024-10-18,2024-10-28,0.0015733867085561,2024,2023-12-31,training_frequency,-1,0.5024834437086093,0.5024834437086093,1,1
monthly_state_retained,3335,2024-10-25,2024-11-04,-0.0140142824257356,2024,2023-12-31,training_frequency,-1,0.5024834437086093,0.5024834437086093,1,0
monthly_state_retained,3340,2024-11-01,2024-11-11,0.0434152361258277,2024,2023-12-31,training_frequency,-1,0.5024834437086093,0.5024834437086093,1,1
monthly_state_retained,3345,2024-11-08,2024-11-18,-0.0208584853931589,2024,2023-12-31,training_frequency,-1,0.5024834437086093,0.5024834437086093,1,0
monthly_state_retained,3350,2024-11-15,2024-11-25,-0.0267421712161923,2024,2023-12-31,training_frequency,-1,0.5024834437086093,0.5024834437086093,1,0
monthly_state_retained,3355,2024-11-22,2024-12-02,0.0087960346887328,2024,2023-12-31,training_frequency,-1,0.5024834437086093,0.5024834437086093,1,1
monthly_state_retained,3360,2024-11-29,2024-12-09,0.0155919891551781,2024,2023-12-31,training_frequency,-1,0.5024834437086093,0.5024834437086093,1,1
monthly_state_retained,3365,2024-12-06,2024-12-16,-0.0100436703218104,2024,2023-12-31,training_frequency,-1,0.5024834437086093,0.5024834437086093,1,0
monthly_state_retained,3370,2024-12-13,2024-12-23,-0.0006690784017421,2024,2023-12-31,training_frequency,-1,0.5024834437086093,0.5024834437086093,1,0
monthly_state_retained,3375,2024-12-20,2024-12-30,0.0123595076562756,2024,2023-12-31,training_frequency,-1,0.5024834437086093,0.5024834437086093,1,1
monthly_state_retained,3380,2024-12-27,2025-01-06,-0.0504714964669198,2024,2023-12-31,training_frequency,-1,0.5024834437086093,0.5024834437086093,1,0
monthly_state_retained,3144,2024-01-05,2024-01-15,-0.0158038409563566,2024,2023-12-31,native_mse,20260911,0.006524465736805172,,1,0
monthly_state_retained,3149,2024-01-12,2024-01-22,-0.002333261979756,2024,2023-12-31,native_mse,20260911,0.008213225375018137,,1,0
monthly_state_retained,3154,2024-01-19,2024-01-29,0.0223511633823452,2024,2023-12-31,native_mse,20260911,0.009988969845384454,,1,1
monthly_state_retained,3159,2024-01-26,2024-02-05,-0.0513103415192826,2024,2023-12-31,native_mse,20260911,0.007709942184731473,,1,0
monthly_state_retained,3164,2024-02-02,2024-02-26,0.1015374891364462,2024,2023-12-31,native_mse,20260911,0.006449485928463916,,1,1
monthly_state_retained,3173,2024-02-23,2024-03-04,0.0151569053862528,2024,2023-12-31,native_mse,20260911,0.010256530380527457,,1,1
monthly_state_retained,3178,2024-03-01,2024-03-11,0.0021394031715169,2024,2023-12-31,native_mse,20260911,0.00705766649461919,,1,1
monthly_state_retained,3183,2024-03-08,2024-03-18,0.0087762342284414,2024,2023-12-31,native_mse,20260911,0.008632918878357794,,1,1
monthly_state_retained,3188,2024-03-15,2024-03-25,-0.0112802133595746,2024,2023-12-31,native_mse,20260911,0.004101422624994645,,1,0
monthly_state_retained,3193,2024-03-22,2024-04-01,0.0042044725182444,2024,2023-12-31,native_mse,20260911,0.0049895841353934664,,1,1
monthly_state_retained,3198,2024-03-29,2024-04-15,-0.0219845815102011,2024,2023-12-31,native_mse,20260911,0.0016010611409444046,,1,0
monthly_state_retained,3206,2024-04-12,2024-04-22,0.018045199366633,2024,2023-12-31,native_mse,20260911,0.001857502186560773,,1,1
monthly_state_retained,3211,2024-04-19,2024-04-29,0.0136757744232476,2024,2023-12-31,native_mse,20260911,0.009651811290201222,,1,1
monthly_state_retained,3216,2024-04-26,2024-05-13,0.0172434956786644,2024,2023-12-31,native_mse,20260911,0.005960111287081512,,1,1
monthly_state_retained,3223,2024-05-10,2024-05-20,0.0097933549988344,2024,2023-12-31,native_mse,20260911,-0.004933376296222066,,0,1
monthly_state_retained,3228,2024-05-17,2024-05-27,-0.0204803832637164,2024,2023-12-31,native_mse,20260911,-0.003099362011607103,,0,0
monthly_state_retained,3233,2024-05-24,2024-06-03,-0.0081155643048258,2024,2023-12-31,native_mse,20260911,-0.0038744398417857777,,0,0
monthly_state_retained,3238,2024-05-31,2024-06-11,-0.0060267570121149,2024,2023-12-31,native_mse,20260911,-0.0020292253039693184,,0,0
monthly_state_retained,3243,2024-06-07,2024-06-17,-0.0096686558937179,2024,2023-12-31,native_mse,20260911,5.7354393489387904e-05,,1,0
monthly_state_retained,3247,2024-06-14,2024-06-24,-0.013573992457631,2024,2023-12-31,native_mse,20260911,0.0016373878025280563,,1,0
monthly_state_retained,3252,2024-06-21,2024-07-01,-0.004427632109257,2024,2023-12-31,native_mse,20260911,0.0027588932782398315,,1,0
monthly_state_retained,3257,2024-06-28,2024-07-08,-0.0108320369203009,2024,2023-12-31,native_mse,20260911,0.0032470747873102144,,1,0
monthly_state_retained,3262,2024-07-05,2024-07-15,0.0122222871842843,2024,2023-12-31,native_mse,20260911,0.002652089101692747,,1,1
monthly_state_retained,3267,2024-07-12,2024-07-22,0.0218881133018156,2024,2023-12-31,native_mse,20260911,0.004450330503533944,,1,1
monthly_state_retained,3272,2024-07-19,2024-07-29,-0.0378787022382998,2024,2023-12-31,native_mse,20260911,-0.0012744559041647184,,0,0
monthly_state_retained,3277,2024-07-26,2024-08-05,-0.0124134568216732,2024,2023-12-31,native_mse,20260911,-0.001291795834448832,,0,0
monthly_state_retained,3282,2024-08-02,2024-08-12,-0.0102762848330364,2024,2023-12-31,native_mse,20260911,-0.002458562952290899,,0,0
monthly_state_retained,3287,2024-08-09,2024-08-19,0.0050186923751938,2024,2023-12-31,native_mse,20260911,-0.0009352769264030156,,0,1
monthly_state_retained,3292,2024-08-16,2024-08-26,-0.0040487282687352,2024,2023-12-31,native_mse,20260911,-0.0034014636043486098,,0,0
monthly_state_retained,3297,2024-08-23,2024-09-02,-0.0069594562136714,2024,2023-12-31,native_mse,20260911,-0.0018665564124188876,,0,0
monthly_state_retained,3302,2024-08-30,2024-09-09,-0.0280389655151561,2024,2023-12-31,native_mse,20260911,2.766314850337684e-05,,1,0
monthly_state_retained,3307,2024-09-06,2024-09-18,-0.0174132138857783,2024,2023-12-31,native_mse,20260911,0.0015093996928045017,,1,0
monthly_state_retained,3312,2024-09-13,2024-09-24,0.0133119329369826,2024,2023-12-31,native_mse,20260911,0.005047902673988417,,1,1
monthly_state_retained,3315,2024-09-20,2024-09-30,0.2017513988384409,2024,2023-12-31,native_mse,20260911,0.006841795120835749,,1,1
monthly_state_retained,3320,2024-09-27,2024-10-14,0.0178259004588408,2024,2023-12-31,native_mse,20260911,0.011643607701046107,,1,1
monthly_state_retained,3325,2024-10-11,2024-10-21,0.0080914993282625,2024,2023-12-31,native_mse,20260911,0.006958055096152153,,1,1
monthly_state_retained,3330,2024-10-18,2024-10-28,0.0015733867085561,2024,2023-12-31,native_mse,20260911,0.0035488889473533555,,1,1
monthly_state_retained,3335,2024-10-25,2024-11-04,-0.0140142824257356,2024,2023-12-31,native_mse,20260911,-0.004087166652715301,,0,0
monthly_state_retained,3340,2024-11-01,2024-11-11,0.0434152361258277,2024,2023-12-31,native_mse,20260911,-0.008879815780234165,,0,1
monthly_state_retained,3345,2024-11-08,2024-11-18,-0.0208584853931589,2024,2023-12-31,native_mse,20260911,-0.0016665405141504353,,0,0
monthly_state_retained,3350,2024-11-15,2024-11-25,-0.0267421712161923,2024,2023-12-31,native_mse,20260911,-0.0014397200836903515,,0,0
monthly_state_retained,3355,2024-11-22,2024-12-02,0.0087960346887328,2024,2023-12-31,native_mse,20260911,-0.00394305191034785,,0,1
monthly_state_retained,3360,2024-11-29,2024-12-09,0.0155919891551781,2024,2023-12-31,native_mse,20260911,-0.003787046789689023,,0,1
monthly_state_retained,3365,2024-12-06,2024-12-16,-0.0100436703218104,2024,2023-12-31,native_mse,20260911,-0.0013163950781598383,,0,0
monthly_state_retained,3370,2024-12-13,2024-12-23,-0.0006690784017421,2024,2023-12-31,native_mse,20260911,-0.007731413237017607,,0,0
monthly_state_retained,3375,2024-12-20,2024-12-30,0.0123595076562756,2024,2023-12-31,native_mse,20260911,-0.005503589541502588,,0,1
monthly_state_retained,3380,2024-12-27,2025-01-06,-0.0504714964669198,2024,2023-12-31,native_mse,20260911,0.006049137218951889,,1,0
monthly_state_retained,3144,2024-01-05,2024-01-15,-0.0158038409563566,2024,2023-12-31,native_mse,20260912,0.001652613648937757,,1,0
monthly_state_retained,3149,2024-01-12,2024-01-22,-0.002333261979756,2024,2023-12-31,native_mse,20260912,0.0017566823014709063,,1,0
monthly_state_retained,3154,2024-01-19,2024-01-29,0.0223511633823452,2024,2023-12-31,native_mse,20260912,0.0017349357863463528,,1,1
monthly_state_retained,3159,2024-01-26,2024-02-05,-0.0513103415192826,2024,2023-12-31,native_mse,20260912,0.0017756045446650414,,1,0
monthly_state_retained,3164,2024-02-02,2024-02-26,0.1015374891364462,2024,2023-12-31,native_mse,20260912,0.0017702651342618495,,1,1
monthly_state_retained,3173,2024-02-23,2024-03-04,0.0151569053862528,2024,2023-12-31,native_mse,20260912,0.0018705013508167863,,1,1
monthly_state_retained,3178,2024-03-01,2024-03-11,0.0021394031715169,2024,2023-12-31,native_mse,20260912,0.0020966839632058165,,1,1
monthly_state_retained,3183,2024-03-08,2024-03-18,0.0087762342284414,2024,2023-12-31,native_mse,20260912,0.0021229030867072935,,1,1
monthly_state_retained,3188,2024-03-15,2024-03-25,-0.0112802133595746,2024,2023-12-31,native_mse,20260912,0.002169492364912302,,1,0
monthly_state_retained,3193,2024-03-22,2024-04-01,0.0042044725182444,2024,2023-12-31,native_mse,20260912,0.0021346683785466035,,1,1
monthly_state_retained,3198,2024-03-29,2024-04-15,-0.0219845815102011,2024,2023-12-31,native_mse,20260912,0.001970104765042201,,1,0
monthly_state_retained,3206,2024-04-12,2024-04-22,0.018045199366633,2024,2023-12-31,native_mse,20260912,0.0018950666103198662,,1,1
monthly_state_retained,3211,2024-04-19,2024-04-29,0.0136757744232476,2024,2023-12-31,native_mse,20260912,0.0014826942470986316,,1,1
monthly_state_retained,3216,2024-04-26,2024-05-13,0.0172434956786644,2024,2023-12-31,native_mse,20260912,0.0010502698704938512,,1,1
monthly_state_retained,3223,2024-05-10,2024-05-20,0.0097933549988344,2024,2023-12-31,native_mse,20260912,0.0008603132721811119,,1,1
monthly_state_retained,3228,2024-05-17,2024-05-27,-0.0204803832637164,2024,2023-12-31,native_mse,20260912,0.000598359363630433,,1,0
monthly_state_retained,3233,2024-05-24,2024-06-03,-0.0081155643048258,2024,2023-12-31,native_mse,20260912,0.0005736014331172037,,1,0
monthly_state_retained,3238,2024-05-31,2024-06-11,-0.0060267570121149,2024,2023-12-31,native_mse,20260912,0.0005483327414548749,,1,0
monthly_state_retained,3243,2024-06-07,2024-06-17,-0.0096686558937179,2024,2023-12-31,native_mse,20260912,0.000585176229140396,,1,0
monthly_state_retained,3247,2024-06-14,2024-06-24,-0.013573992457631,2024,2023-12-31,native_mse,20260912,0.000605835607878555,,1,0
monthly_state_retained,3252,2024-06-21,2024-07-01,-0.004427632109257,2024,2023-12-31,native_mse,20260912,0.0006286050015987623,,1,0
monthly_state_retained,3257,2024-06-28,2024-07-08,-0.0108320369203009,2024,2023-12-31,native_mse,20260912,0.00064228262166844,,1,0
monthly_state_retained,3262,2024-07-05,2024-07-15,0.0122222871842843,2024,2023-12-31,native_mse,20260912,0.000721007461573622,,1,1
monthly_state_retained,3267,2024-07-12,2024-07-22,0.0218881133018156,2024,2023-12-31,native_mse,20260912,0.000821435978076197,,1,1
monthly_state_retained,3272,2024-07-19,2024-07-29,-0.0378787022382998,2024,2023-12-31,native_mse,20260912,0.0008418861287390497,,1,0
monthly_state_retained,3277,2024-07-26,2024-08-05,-0.0124134568216732,2024,2023-12-31,native_mse,20260912,0.0012675510770958798,,1,0
monthly_state_retained,3282,2024-08-02,2024-08-12,-0.0102762848330364,2024,2023-12-31,native_mse,20260912,0.0015249857513458085,,1,0
monthly_state_retained,3287,2024-08-09,2024-08-19,0.0050186923751938,2024,2023-12-31,native_mse,20260912,0.0015779514189250905,,1,1
monthly_state_retained,3292,2024-08-16,2024-08-26,-0.0040487282687352,2024,2023-12-31,native_mse,20260912,0.0013998325080271312,,1,0
monthly_state_retained,3297,2024-08-23,2024-09-02,-0.0069594562136714,2024,2023-12-31,native_mse,20260912,0.0014255873683507452,,1,0
monthly_state_retained,3302,2024-08-30,2024-09-09,-0.0280389655151561,2024,2023-12-31,native_mse,20260912,0.0015330401621674865,,1,0
monthly_state_retained,3307,2024-09-06,2024-09-18,-0.0174132138857783,2024,2023-12-31,native_mse,20260912,0.0015627932338450265,,1,0
monthly_state_retained,3312,2024-09-13,2024-09-24,0.0133119329369826,2024,2023-12-31,native_mse,20260912,0.0015103830852308555,,1,1
monthly_state_retained,3315,2024-09-20,2024-09-30,0.2017513988384409,2024,2023-12-31,native_mse,20260912,0.0015343284400254939,,1,1
monthly_state_retained,3320,2024-09-27,2024-10-14,0.0178259004588408,2024,2023-12-31,native_mse,20260912,0.0015725051425186597,,1,1
monthly_state_retained,3325,2024-10-11,2024-10-21,0.0080914993282625,2024,2023-12-31,native_mse,20260912,0.0019394229622847915,,1,1
monthly_state_retained,3330,2024-10-18,2024-10-28,0.0015733867085561,2024,2023-12-31,native_mse,20260912,0.0021210173726156634,,1,1
monthly_state_retained,3335,2024-10-25,2024-11-04,-0.0140142824257356,2024,2023-12-31,native_mse,20260912,0.0021565584052961957,,1,0
monthly_state_retained,3340,2024-11-01,2024-11-11,0.0434152361258277,2024,2023-12-31,native_mse,20260912,0.002066143931918221,,1,1
monthly_state_retained,3345,2024-11-08,2024-11-18,-0.0208584853931589,2024,2023-12-31,native_mse,20260912,0.0019328021834634566,,1,0
monthly_state_retained,3350,2024-11-15,2024-11-25,-0.0267421712161923,2024,2023-12-31,native_mse,20260912,0.0016078398644429398,,1,0
monthly_state_retained,3355,2024-11-22,2024-12-02,0.0087960346887328,2024,2023-12-31,native_mse,20260912,0.0014387624930086427,,1,1
monthly_state_retained,3360,2024-11-29,2024-12-09,0.0155919891551781,2024,2023-12-31,native_mse,20260912,0.001055672591838617,,1,1
monthly_state_retained,3365,2024-12-06,2024-12-16,-0.0100436703218104,2024,2023-12-31,native_mse,20260912,0.0009332123922739673,,1,0
monthly_state_retained,3370,2024-12-13,2024-12-23,-0.0006690784017421,2024,2023-12-31,native_mse,20260912,0.0007303535282016855,,1,0
monthly_state_retained,3375,2024-12-20,2024-12-30,0.0123595076562756,2024,2023-12-31,native_mse,20260912,0.0006347143027364932,,1,1
monthly_state_retained,3380,2024-12-27,2025-01-06,-0.0504714964669198,2024,2023-12-31,native_mse,20260912,0.0004962445983289108,,1,0
monthly_state_retained,3384,2025-01-03,2025-01-13,-0.0189486730632231,2025,2024-12-31,native_mse,20260910,-0.0042551962797835255,,0,0
monthly_state_retained,3389,2025-01-10,2025-01-20,0.0353251773547418,2025,2024-12-31,native_mse,20260910,-0.004346017102457373,,0,1
monthly_state_retained,3394,2025-01-17,2025-01-27,0.000432821422053,2025,2024-12-31,native_mse,20260910,-0.0019110835117753682,,0,1
monthly_state_retained,3399,2025-01-24,2025-02-10,0.0159344898044284,2025,2024-12-31,native_mse,20260910,-0.0018767518511483509,,0,1
monthly_state_retained,3403,2025-02-07,2025-02-17,0.0144454990892999,2025,2024-12-31,native_mse,20260910,-0.0005243581714439598,,0,1
monthly_state_retained,3408,2025-02-14,2025-02-24,0.0045695818086644,2025,2024-12-31,native_mse,20260910,0.0018166916350322408,,1,1
monthly_state_retained,3413,2025-02-21,2025-03-03,-0.0183210488158531,2025,2024-12-31,native_mse,20260910,-0.0017910693651536675,,0,0
monthly_state_retained,3418,2025-02-28,2025-03-10,0.0117650075646844,2025,2024-12-31,native_mse,20260910,8.039864129989814e-05,,1,1
monthly_state_retained,3423,2025-03-07,2025-03-17,0.019023819058288,2025,2024-12-31,native_mse,20260910,0.00045020548490624885,,1,1
monthly_state_retained,3428,2025-03-14,2025-03-24,-0.0259983485216283,2025,2024-12-31,native_mse,20260910,0.004030585426274574,,1,0
monthly_state_retained,3433,2025-03-21,2025-03-31,-0.0025867506275359,2025,2024-12-31,native_mse,20260910,0.0025467178052053364,,1,0
monthly_state_retained,3438,2025-03-28,2025-04-14,-0.0342910101946246,2025,2024-12-31,native_mse,20260910,0.007880897711304511,,1,0
monthly_state_retained,3447,2025-04-11,2025-04-21,-0.0010339232881941,2025,2024-12-31,native_mse,20260910,5.880823721327009e-05,,1,0
monthly_state_retained,3452,2025-04-18,2025-04-28,0.0048432383085554,2025,2024-12-31,native_mse,20260910,0.005609692399565023,,1,1
monthly_state_retained,3457,2025-04-25,2025-05-12,0.02116527880118,2025,2024-12-31,native_mse,20260910,-0.000987643148635555,,0,1
monthly_state_retained,3464,2025-05-09,2025-05-19,0.0041484224873464,2025,2024-12-31,native_mse,20260910,-0.0013747677302766792,,0,1
monthly_state_retained,3469,2025-05-16,2025-05-26,-0.0017462660042188,2025,2024-12-31,native_mse,20260910,-0.0004666942525332647,,0,0
monthly_state_retained,3474,2025-05-23,2025-06-03,-0.0109216443615366,2025,2024-12-31,native_mse,20260910,-0.0003784346347167226,,0,0
monthly_state_retained,3479,2025-05-30,2025-06-09,0.011566574321892,2025,2024-12-31,native_mse,20260910,0.0010175785321809984,,1,1
monthly_state_retained,3483,2025-06-06,2025-06-16,-0.0062354943524679,2025,2024-12-31,native_mse,20260910,-0.0001914645603575384,,0,0
monthly_state_retained,3488,2025-06-13,2025-06-23,-0.005825691168304,2025,2024-12-31,native_mse,20260910,1.1665969000571627e-05,,1,0
monthly_state_retained,3493,2025-06-20,2025-06-30,0.0232670437490374,2025,2024-12-31,native_mse,20260910,0.0007044968618821799,,1,1
monthly_state_retained,3498,2025-06-27,2025-07-07,0.0145345648685946,2025,2024-12-31,native_mse,20260910,-0.003232334991441291,,0,1
monthly_state_retained,3503,2025-07-04,2025-07-14,0.0110426949002964,2025,2024-12-31,native_mse,20260910,0.003419117861495023,,1,1
monthly_state_retained,3508,2025-07-11,2025-07-21,0.0120759671840067,2025,2024-12-31,native_mse,20260910,0.011140680775400312,,1,1
monthly_state_retained,3513,2025-07-18,2025-07-28,0.0143570766898375,2025,2024-12-31,native_mse,20260910,-0.002127522022613997,,0,1
monthly_state_retained,3518,2025-07-25,2025-08-04,-0.0218642507630443,2025,2024-12-31,native_mse,20260910,-0.001869242573817923,,0,0
monthly_state_retained,3523,2025-08-01,2025-08-11,0.0179175520190988,2025,2024-12-31,native_mse,20260910,2.2319590068522338e-05,,1,1
monthly_state_retained,3528,2025-08-08,2025-08-18,0.026265786598999,2025,2024-12-31,native_mse,20260910,-0.004614466433741538,,0,1
monthly_state_retained,3533,2025-08-15,2025-08-25,0.0469483790671487,2025,2024-12-31,native_mse,20260910,-0.0013489789955213162,,0,1
monthly_state_retained,3538,2025-08-22,2025-09-01,0.0227770368340847,2025,2024-12-31,native_mse,20260910,-0.004341013056443359,,0,1
monthly_state_retained,3543,2025-08-29,2025-09-08,-0.0110053842475337,2025,2024-12-31,native_mse,20260910,-0.004924417538845909,,0,0
monthly_state_retained,3548,2025-09-05,2025-09-15,0.0151594857594405,2025,2024-12-31,native_mse,20260910,-0.004519124644784283,,0,1
monthly_state_retained,3553,2025-09-12,2025-09-22,-0.0050409160971932,2025,2024-12-31,native_mse,20260910,-0.004114428954602145,,0,0
monthly_state_retained,3558,2025-09-19,2025-09-29,0.0095300784790881,2025,2024-12-31,native_mse,20260910,-0.0047590961051182015,,0,1
monthly_state_retained,3563,2025-09-26,2025-10-13,-0.0140855274279203,2025,2024-12-31,native_mse,20260910,-0.004219803127072934,,0,0
monthly_state_retained,3567,2025-10-10,2025-10-20,0.015001547584321,2025,2024-12-31,native_mse,20260910,-0.003823350500415441,,0,1
monthly_state_retained,3572,2025-10-17,2025-10-27,0.0309637052897611,2025,2024-12-31,native_mse,20260910,-0.003866623261027931,,0,1
monthly_state_retained,3577,2025-10-24,2025-11-03,-0.013331545863497,2025,2024-12-31,native_mse,20260910,-0.0036382658807448576,,0,0
monthly_state_retained,3582,2025-10-31,2025-11-10,0.0110832418536339,2025,2024-12-31,native_mse,20260910,-0.003790641327688186,,0,1
monthly_state_retained,3587,2025-11-07,2025-11-17,-0.0152107881197579,2025,2024-12-31,native_mse,20260910,-0.003538974204578519,,0,0
monthly_state_retained,3592,2025-11-14,2025-11-24,-0.031114557454173,2025,2024-12-31,native_mse,20260910,-0.003282621345580935,,0,0
monthly_state_retained,3597,2025-11-21,2025-12-01,0.0147613767448515,2025,2024-12-31,native_mse,20260910,-0.0034884891644206416,,0,1
monthly_state_retained,3602,2025-11-28,2025-12-08,0.0118853804313106,2025,2024-12-31,native_mse,20260910,-0.003806133337151431,,0,1
monthly_state_retained,3607,2025-12-05,2025-12-15,-0.0093922675990717,2025,2024-12-31,native_mse,20260910,-0.003208553856296927,,0,0
monthly_state_retained,3612,2025-12-12,2025-12-22,0.0082791208791208,2025,2024-12-31,native_mse,20260910,0.0022387132272507658,,1,1
monthly_state_retained,3617,2025-12-19,2025-12-29,0.0153890755001995,2025,2024-12-31,native_mse,20260910,0.006486312528548796,,1,1
monthly_state_retained,3622,2025-12-26,2026-01-12,0.0239101640737868,2025,2024-12-31,native_mse,20260910,-0.0003728277129905187,,0,1
monthly_state_retained,3384,2025-01-03,2025-01-13,-0.0189486730632231,2025,2024-12-31,training_frequency,-1,0.472636815920398,0.472636815920398,0,0
monthly_state_retained,3389,2025-01-10,2025-01-20,0.0353251773547418,2025,2024-12-31,training_frequency,-1,0.472636815920398,0.472636815920398,0,1
monthly_state_retained,3394,2025-01-17,2025-01-27,0.000432821422053,2025,2024-12-31,training_frequency,-1,0.472636815920398,0.472636815920398,0,1
monthly_state_retained,3399,2025-01-24,2025-02-10,0.0159344898044284,2025,2024-12-31,training_frequency,-1,0.472636815920398,0.472636815920398,0,1
monthly_state_retained,3403,2025-02-07,2025-02-17,0.0144454990892999,2025,2024-12-31,training_frequency,-1,0.472636815920398,0.472636815920398,0,1
monthly_state_retained,3408,2025-02-14,2025-02-24,0.0045695818086644,2025,2024-12-31,training_frequency,-1,0.472636815920398,0.472636815920398,0,1
monthly_state_retained,3413,2025-02-21,2025-03-03,-0.0183210488158531,2025,2024-12-31,training_frequency,-1,0.472636815920398,0.472636815920398,0,0
monthly_state_retained,3418,2025-02-28,2025-03-10,0.0117650075646844,2025,2024-12-31,training_frequency,-1,0.472636815920398,0.472636815920398,0,1
monthly_state_retained,3423,2025-03-07,2025-03-17,0.019023819058288,2025,2024-12-31,training_frequency,-1,0.472636815920398,0.472636815920398,0,1
monthly_state_retained,3428,2025-03-14,2025-03-24,-0.0259983485216283,2025,2024-12-31,training_frequency,-1,0.472636815920398,0.472636815920398,0,0
monthly_state_retained,3433,2025-03-21,2025-03-31,-0.0025867506275359,2025,2024-12-31,training_frequency,-1,0.472636815920398,0.472636815920398,0,0
monthly_state_retained,3438,2025-03-28,2025-04-14,-0.0342910101946246,2025,2024-12-31,training_frequency,-1,0.472636815920398,0.472636815920398,0,0
monthly_state_retained,3447,2025-04-11,2025-04-21,-0.0010339232881941,2025,2024-12-31,training_frequency,-1,0.472636815920398,0.472636815920398,0,0
monthly_state_retained,3452,2025-04-18,2025-04-28,0.0048432383085554,2025,2024-12-31,training_frequency,-1,0.472636815920398,0.472636815920398,0,1
monthly_state_retained,3457,2025-04-25,2025-05-12,0.02116527880118,2025,2024-12-31,training_frequency,-1,0.472636815920398,0.472636815920398,0,1
monthly_state_retained,3464,2025-05-09,2025-05-19,0.0041484224873464,2025,2024-12-31,training_frequency,-1,0.472636815920398,0.472636815920398,0,1
monthly_state_retained,3469,2025-05-16,2025-05-26,-0.0017462660042188,2025,2024-12-31,training_frequency,-1,0.472636815920398,0.472636815920398,0,0
monthly_state_retained,3474,2025-05-23,2025-06-03,-0.0109216443615366,2025,2024-12-31,training_frequency,-1,0.472636815920398,0.472636815920398,0,0
monthly_state_retained,3479,2025-05-30,2025-06-09,0.011566574321892,2025,2024-12-31,training_frequency,-1,0.472636815920398,0.472636815920398,0,1
monthly_state_retained,3483,2025-06-06,2025-06-16,-0.0062354943524679,2025,2024-12-31,training_frequency,-1,0.472636815920398,0.472636815920398,0,0
monthly_state_retained,3488,2025-06-13,2025-06-23,-0.005825691168304,2025,2024-12-31,training_frequency,-1,0.472636815920398,0.472636815920398,0,0
monthly_state_retained,3493,2025-06-20,2025-06-30,0.0232670437490374,2025,2024-12-31,training_frequency,-1,0.472636815920398,0.472636815920398,0,1
monthly_state_retained,3498,2025-06-27,2025-07-07,0.0145345648685946,2025,2024-12-31,training_frequency,-1,0.472636815920398,0.472636815920398,0,1
monthly_state_retained,3503,2025-07-04,2025-07-14,0.0110426949002964,2025,2024-12-31,training_frequency,-1,0.472636815920398,0.472636815920398,0,1
monthly_state_retained,3508,2025-07-11,2025-07-21,0.0120759671840067,2025,2024-12-31,training_frequency,-1,0.472636815920398,0.472636815920398,0,1
monthly_state_retained,3513,2025-07-18,2025-07-28,0.0143570766898375,2025,2024-12-31,training_frequency,-1,0.472636815920398,0.472636815920398,0,1
monthly_state_retained,3518,2025-07-25,2025-08-04,-0.0218642507630443,2025,2024-12-31,training_frequency,-1,0.472636815920398,0.472636815920398,0,0
monthly_state_retained,3523,2025-08-01,2025-08-11,0.0179175520190988,2025,2024-12-31,training_frequency,-1,0.472636815920398,0.472636815920398,0,1
monthly_state_retained,3528,2025-08-08,2025-08-18,0.026265786598999,2025,2024-12-31,training_frequency,-1,0.472636815920398,0.472636815920398,0,1
monthly_state_retained,3533,2025-08-15,2025-08-25,0.0469483790671487,2025,2024-12-31,training_frequency,-1,0.472636815920398,0.472636815920398,0,1
monthly_state_retained,3538,2025-08-22,2025-09-01,0.0227770368340847,2025,2024-12-31,training_frequency,-1,0.472636815920398,0.472636815920398,0,1
monthly_state_retained,3543,2025-08-29,2025-09-08,-0.0110053842475337,2025,2024-12-31,training_frequency,-1,0.472636815920398,0.472636815920398,0,0
monthly_state_retained,3548,2025-09-05,2025-09-15,0.0151594857594405,2025,2024-12-31,training_frequency,-1,0.472636815920398,0.472636815920398,0,1
monthly_state_retained,3553,2025-09-12,2025-09-22,-0.0050409160971932,2025,2024-12-31,training_frequency,-1,0.472636815920398,0.472636815920398,0,0
monthly_state_retained,3558,2025-09-19,2025-09-29,0.0095300784790881,2025,2024-12-31,training_frequency,-1,0.472636815920398,0.472636815920398,0,1
monthly_state_retained,3563,2025-09-26,2025-10-13,-0.0140855274279203,2025,2024-12-31,training_frequency,-1,0.472636815920398,0.472636815920398,0,0
monthly_state_retained,3567,2025-10-10,2025-10-20,0.015001547584321,2025,2024-12-31,training_frequency,-1,0.472636815920398,0.472636815920398,0,1
monthly_state_retained,3572,2025-10-17,2025-10-27,0.0309637052897611,2025,2024-12-31,training_frequency,-1,0.472636815920398,0.472636815920398,0,1
monthly_state_retained,3577,2025-10-24,2025-11-03,-0.013331545863497,2025,2024-12-31,training_frequency,-1,0.472636815920398,0.472636815920398,0,0
monthly_state_retained,3582,2025-10-31,2025-11-10,0.0110832418536339,2025,2024-12-31,training_frequency,-1,0.472636815920398,0.472636815920398,0,1
monthly_state_retained,3587,2025-11-07,2025-11-17,-0.0152107881197579,2025,2024-12-31,training_frequency,-1,0.472636815920398,0.472636815920398,0,0
monthly_state_retained,3592,2025-11-14,2025-11-24,-0.031114557454173,2025,2024-12-31,training_frequency,-1,0.472636815920398,0.472636815920398,0,0
monthly_state_retained,3597,2025-11-21,2025-12-01,0.0147613767448515,2025,2024-12-31,training_frequency,-1,0.472636815920398,0.472636815920398,0,1
monthly_state_retained,3602,2025-11-28,2025-12-08,0.0118853804313106,2025,2024-12-31,training_frequency,-1,0.472636815920398,0.472636815920398,0,1
monthly_state_retained,3607,2025-12-05,2025-12-15,-0.0093922675990717,2025,2024-12-31,training_frequency,-1,0.472636815920398,0.472636815920398,0,0
monthly_state_retained,3612,2025-12-12,2025-12-22,0.0082791208791208,2025,2024-12-31,training_frequency,-1,0.472636815920398,0.472636815920398,0,1
monthly_state_retained,3617,2025-12-19,2025-12-29,0.0153890755001995,2025,2024-12-31,training_frequency,-1,0.472636815920398,0.472636815920398,0,1
monthly_state_retained,3622,2025-12-26,2026-01-12,0.0239101640737868,2025,2024-12-31,training_frequency,-1,0.472636815920398,0.472636815920398,0,1
monthly_state_retained,3384,2025-01-03,2025-01-13,-0.0189486730632231,2025,2024-12-31,native_mse,20260911,-0.002243633031677963,,0,0
monthly_state_retained,3389,2025-01-10,2025-01-20,0.0353251773547418,2025,2024-12-31,native_mse,20260911,-0.0018394813791051527,,0,1
monthly_state_retained,3394,2025-01-17,2025-01-27,0.000432821422053,2025,2024-12-31,native_mse,20260911,-0.0014393263633927758,,0,1
monthly_state_retained,3399,2025-01-24,2025-02-10,0.0159344898044284,2025,2024-12-31,native_mse,20260911,-0.0005732481089145066,,0,1
monthly_state_retained,3403,2025-02-07,2025-02-17,0.0144454990892999,2025,2024-12-31,native_mse,20260911,-0.0003493640286036611,,0,1
monthly_state_retained,3408,2025-02-14,2025-02-24,0.0045695818086644,2025,2024-12-31,native_mse,20260911,-6.571465300264602e-06,,0,1
monthly_state_retained,3413,2025-02-21,2025-03-03,-0.0183210488158531,2025,2024-12-31,native_mse,20260911,0.00010564573035517886,,1,0
monthly_state_retained,3418,2025-02-28,2025-03-10,0.0117650075646844,2025,2024-12-31,native_mse,20260911,0.00030938900384146466,,1,1
monthly_state_retained,3423,2025-03-07,2025-03-17,0.019023819058288,2025,2024-12-31,native_mse,20260911,0.0003527669941379203,,1,1
monthly_state_retained,3428,2025-03-14,2025-03-24,-0.0259983485216283,2025,2024-12-31,native_mse,20260911,0.0004719065040533454,,1,0
monthly_state_retained,3433,2025-03-21,2025-03-31,-0.0025867506275359,2025,2024-12-31,native_mse,20260911,0.0001374212134311476,,1,0
monthly_state_retained,3438,2025-03-28,2025-04-14,-0.0342910101946246,2025,2024-12-31,native_mse,20260911,0.0003460895283123176,,1,0
monthly_state_retained,3447,2025-04-11,2025-04-21,-0.0010339232881941,2025,2024-12-31,native_mse,20260911,0.000247650617921614,,1,0
monthly_state_retained,3452,2025-04-18,2025-04-28,0.0048432383085554,2025,2024-12-31,native_mse,20260911,0.0005399418130639047,,1,1
monthly_state_retained,3457,2025-04-25,2025-05-12,0.02116527880118,2025,2024-12-31,native_mse,20260911,0.00041859235087992534,,1,1
monthly_state_retained,3464,2025-05-09,2025-05-19,0.0041484224873464,2025,2024-12-31,native_mse,20260911,-0.00023324757687195213,,0,1
monthly_state_retained,3469,2025-05-16,2025-05-26,-0.0017462660042188,2025,2024-12-31,native_mse,20260911,-0.0007053097438131018,,0,0
monthly_state_retained,3474,2025-05-23,2025-06-03,-0.0109216443615366,2025,2024-12-31,native_mse,20260911,-0.0004283154814639044,,0,0
monthly_state_retained,3479,2025-05-30,2025-06-09,0.011566574321892,2025,2024-12-31,native_mse,20260911,-0.0007435280421209072,,0,1
monthly_state_retained,3483,2025-06-06,2025-06-16,-0.0062354943524679,2025,2024-12-31,native_mse,20260911,0.00031992663879525335,,1,0
monthly_state_retained,3488,2025-06-13,2025-06-23,-0.005825691168304,2025,2024-12-31,native_mse,20260911,-0.00012583521126832513,,0,0
monthly_state_retained,3493,2025-06-20,2025-06-30,0.0232670437490374,2025,2024-12-31,native_mse,20260911,0.0004804870845920942,,1,1
monthly_state_retained,3498,2025-06-27,2025-07-07,0.0145345648685946,2025,2024-12-31,native_mse,20260911,0.0003559800730399111,,1,1
monthly_state_retained,3503,2025-07-04,2025-07-14,0.0110426949002964,2025,2024-12-31,native_mse,20260911,0.0001003436982822433,,1,1
monthly_state_retained,3508,2025-07-11,2025-07-21,0.0120759671840067,2025,2024-12-31,native_mse,20260911,0.00011930674045287023,,1,1
monthly_state_retained,3513,2025-07-18,2025-07-28,0.0143570766898375,2025,2024-12-31,native_mse,20260911,-0.00014021210404791933,,0,1
monthly_state_retained,3518,2025-07-25,2025-08-04,-0.0218642507630443,2025,2024-12-31,native_mse,20260911,-0.0010675431152552786,,0,0
monthly_state_retained,3523,2025-08-01,2025-08-11,0.0179175520190988,2025,2024-12-31,native_mse,20260911,-0.0011114652147751107,,0,1
monthly_state_retained,3528,2025-08-08,2025-08-18,0.026265786598999,2025,2024-12-31,native_mse,20260911,-0.0011821175732785794,,0,1
monthly_state_retained,3533,2025-08-15,2025-08-25,0.0469483790671487,2025,2024-12-31,native_mse,20260911,-0.001692750035902398,,0,1
monthly_state_retained,3538,2025-08-22,2025-09-01,0.0227770368340847,2025,2024-12-31,native_mse,20260911,-0.0020785336587941633,,0,1
monthly_state_retained,3543,2025-08-29,2025-09-08,-0.0110053842475337,2025,2024-12-31,native_mse,20260911,-0.0022958519339049935,,0,0
monthly_state_retained,3548,2025-09-05,2025-09-15,0.0151594857594405,2025,2024-12-31,native_mse,20260911,-0.002811169444921857,,0,1
monthly_state_retained,3553,2025-09-12,2025-09-22,-0.0050409160971932,2025,2024-12-31,native_mse,20260911,-0.0028821755195373713,,0,0
monthly_state_retained,3558,2025-09-19,2025-09-29,0.0095300784790881,2025,2024-12-31,native_mse,20260911,-0.0027270038017814854,,0,1
monthly_state_retained,3563,2025-09-26,2025-10-13,-0.0140855274279203,2025,2024-12-31,native_mse,20260911,-0.002671446424452231,,0,0
monthly_state_retained,3567,2025-10-10,2025-10-20,0.015001547584321,2025,2024-12-31,native_mse,20260911,-0.002875353278749809,,0,1
monthly_state_retained,3572,2025-10-17,2025-10-27,0.0309637052897611,2025,2024-12-31,native_mse,20260911,-0.0026759293493526775,,0,1
monthly_state_retained,3577,2025-10-24,2025-11-03,-0.013331545863497,2025,2024-12-31,native_mse,20260911,-0.0024118634853773644,,0,0
monthly_state_retained,3582,2025-10-31,2025-11-10,0.0110832418536339,2025,2024-12-31,native_mse,20260911,-0.0024513790865101073,,0,1
monthly_state_retained,3587,2025-11-07,2025-11-17,-0.0152107881197579,2025,2024-12-31,native_mse,20260911,-0.0023441841984512364,,0,0
monthly_state_retained,3592,2025-11-14,2025-11-24,-0.031114557454173,2025,2024-12-31,native_mse,20260911,-0.0023326617843834286,,0,0
monthly_state_retained,3597,2025-11-21,2025-12-01,0.0147613767448515,2025,2024-12-31,native_mse,20260911,-0.0021695162719280723,,0,1
monthly_state_retained,3602,2025-11-28,2025-12-08,0.0118853804313106,2025,2024-12-31,native_mse,20260911,-0.0021230276394656705,,0,1
monthly_state_retained,3607,2025-12-05,2025-12-15,-0.0093922675990717,2025,2024-12-31,native_mse,20260911,-0.0018508009821854902,,0,0
monthly_state_retained,3612,2025-12-12,2025-12-22,0.0082791208791208,2025,2024-12-31,native_mse,20260911,-0.0014574936445709685,,0,1
monthly_state_retained,3617,2025-12-19,2025-12-29,0.0153890755001995,2025,2024-12-31,native_mse,20260911,-0.001196551069802699,,0,1
monthly_state_retained,3622,2025-12-26,2026-01-12,0.0239101640737868,2025,2024-12-31,native_mse,20260911,-0.0009424910062058391,,0,1
monthly_state_retained,3384,2025-01-03,2025-01-13,-0.0189486730632231,2025,2024-12-31,native_mse,20260912,-0.003930728949605344,,0,0
monthly_state_retained,3389,2025-01-10,2025-01-20,0.0353251773547418,2025,2024-12-31,native_mse,20260912,0.004608697114816542,,1,1
monthly_state_retained,3394,2025-01-17,2025-01-27,0.000432821422053,2025,2024-12-31,native_mse,20260912,-0.0013781107886780553,,0,1
monthly_state_retained,3399,2025-01-24,2025-02-10,0.0159344898044284,2025,2024-12-31,native_mse,20260912,0.008065382377116114,,1,1
monthly_state_retained,3403,2025-02-07,2025-02-17,0.0144454990892999,2025,2024-12-31,native_mse,20260912,0.0020560919017093573,,1,1
monthly_state_retained,3408,2025-02-14,2025-02-24,0.0045695818086644,2025,2024-12-31,native_mse,20260912,0.0004574229206631815,,1,1
monthly_state_retained,3413,2025-02-21,2025-03-03,-0.0183210488158531,2025,2024-12-31,native_mse,20260912,-0.004487069050516085,,0,0
monthly_state_retained,3418,2025-02-28,2025-03-10,0.0117650075646844,2025,2024-12-31,native_mse,20260912,0.007907777385840498,,1,1
monthly_state_retained,3423,2025-03-07,2025-03-17,0.019023819058288,2025,2024-12-31,native_mse,20260912,-0.007080334543719193,,0,1
monthly_state_retained,3428,2025-03-14,2025-03-24,-0.0259983485216283,2025,2024-12-31,native_mse,20260912,0.005416181842733637,,1,0
monthly_state_retained,3433,2025-03-21,2025-03-31,-0.0025867506275359,2025,2024-12-31,native_mse,20260912,0.0028174386195491687,,1,0
monthly_state_retained,3438,2025-03-28,2025-04-14,-0.0342910101946246,2025,2024-12-31,native_mse,20260912,0.0006099430279859906,,1,0
monthly_state_retained,3447,2025-04-11,2025-04-21,-0.0010339232881941,2025,2024-12-31,native_mse,20260912,-0.0038314464400373087,,0,0
monthly_state_retained,3452,2025-04-18,2025-04-28,0.0048432383085554,2025,2024-12-31,native_mse,20260912,-0.002239070357372274,,0,1
monthly_state_retained,3457,2025-04-25,2025-05-12,0.02116527880118,2025,2024-12-31,native_mse,20260912,-0.0030291142570267483,,0,1
monthly_state_retained,3464,2025-05-09,2025-05-19,0.0041484224873464,2025,2024-12-31,native_mse,20260912,-0.006797100864360832,,0,1
monthly_state_retained,3469,2025-05-16,2025-05-26,-0.0017462660042188,2025,2024-12-31,native_mse,20260912,0.0011635229802106158,,1,0
monthly_state_retained,3474,2025-05-23,2025-06-03,-0.0109216443615366,2025,2024-12-31,native_mse,20260912,-0.0015437185640202761,,0,0
monthly_state_retained,3479,2025-05-30,2025-06-09,0.011566574321892,2025,2024-12-31,native_mse,20260912,-0.007042284452490261,,0,1
monthly_state_retained,3483,2025-06-06,2025-06-16,-0.0062354943524679,2025,2024-12-31,native_mse,20260912,0.00028466611619904517,,1,0
monthly_state_retained,3488,2025-06-13,2025-06-23,-0.005825691168304,2025,2024-12-31,native_mse,20260912,-0.006674179072757184,,0,0
monthly_state_retained,3493,2025-06-20,2025-06-30,0.0232670437490374,2025,2024-12-31,native_mse,20260912,-0.0026285119113171485,,0,1
monthly_state_retained,3498,2025-06-27,2025-07-07,0.0145345648685946,2025,2024-12-31,native_mse,20260912,-0.001664357643481335,,0,1
monthly_state_retained,3503,2025-07-04,2025-07-14,0.0110426949002964,2025,2024-12-31,native_mse,20260912,0.0037107408116209707,,1,1
monthly_state_retained,3508,2025-07-11,2025-07-21,0.0120759671840067,2025,2024-12-31,native_mse,20260912,0.002218014475368515,,1,1
monthly_state_retained,3513,2025-07-18,2025-07-28,0.0143570766898375,2025,2024-12-31,native_mse,20260912,0.009911597608358887,,1,1
monthly_state_retained,3518,2025-07-25,2025-08-04,-0.0218642507630443,2025,2024-12-31,native_mse,20260912,-0.0013540938427923275,,0,0
monthly_state_retained,3523,2025-08-01,2025-08-11,0.0179175520190988,2025,2024-12-31,native_mse,20260912,0.002501110312004882,,1,1
monthly_state_retained,3528,2025-08-08,2025-08-18,0.026265786598999,2025,2024-12-31,native_mse,20260912,-0.006121881900028309,,0,1
monthly_state_retained,3533,2025-08-15,2025-08-25,0.0469483790671487,2025,2024-12-31,native_mse,20260912,-0.0031833828356847573,,0,1
monthly_state_retained,3538,2025-08-22,2025-09-01,0.0227770368340847,2025,2024-12-31,native_mse,20260912,-0.005229739970136804,,0,1
monthly_state_retained,3543,2025-08-29,2025-09-08,-0.0110053842475337,2025,2024-12-31,native_mse,20260912,0.0017396293034999204,,1,0
monthly_state_retained,3548,2025-09-05,2025-09-15,0.0151594857594405,2025,2024-12-31,native_mse,20260912,-0.006315423164964012,,0,1
monthly_state_retained,3553,2025-09-12,2025-09-22,-0.0050409160971932,2025,2024-12-31,native_mse,20260912,0.0036445584301978444,,1,0
monthly_state_retained,3558,2025-09-19,2025-09-29,0.0095300784790881,2025,2024-12-31,native_mse,20260912,-0.007907179585583714,,0,1
monthly_state_retained,3563,2025-09-26,2025-10-13,-0.0140855274279203,2025,2024-12-31,native_mse,20260912,-0.0016751946251609804,,0,0
monthly_state_retained,3567,2025-10-10,2025-10-20,0.015001547584321,2025,2024-12-31,native_mse,20260912,-0.006402638764524997,,0,1
monthly_state_retained,3572,2025-10-17,2025-10-27,0.0309637052897611,2025,2024-12-31,native_mse,20260912,-0.00870396964325983,,0,1
monthly_state_retained,3577,2025-10-24,2025-11-03,-0.013331545863497,2025,2024-12-31,native_mse,20260912,-0.005475122015119508,,0,0
monthly_state_retained,3582,2025-10-31,2025-11-10,0.0110832418536339,2025,2024-12-31,native_mse,20260912,-0.006949842516906396,,0,1
monthly_state_retained,3587,2025-11-07,2025-11-17,-0.0152107881197579,2025,2024-12-31,native_mse,20260912,0.005808210669049744,,1,0
monthly_state_retained,3592,2025-11-14,2025-11-24,-0.031114557454173,2025,2024-12-31,native_mse,20260912,-0.005729952989633713,,0,0
monthly_state_retained,3597,2025-11-21,2025-12-01,0.0147613767448515,2025,2024-12-31,native_mse,20260912,-0.0015450315646448089,,0,1
monthly_state_retained,3602,2025-11-28,2025-12-08,0.0118853804313106,2025,2024-12-31,native_mse,20260912,-0.0032204954130721736,,0,1
monthly_state_retained,3607,2025-12-05,2025-12-15,-0.0093922675990717,2025,2024-12-31,native_mse,20260912,-0.0047114270439592345,,0,0
monthly_state_retained,3612,2025-12-12,2025-12-22,0.0082791208791208,2025,2024-12-31,native_mse,20260912,0.0035042182684974187,,1,1
monthly_state_retained,3617,2025-12-19,2025-12-29,0.0153890755001995,2025,2024-12-31,native_mse,20260912,-0.0005370407904008248,,0,1
monthly_state_retained,3622,2025-12-26,2026-01-12,0.0239101640737868,2025,2024-12-31,native_mse,20260912,0.002315041428841435,,1,1
monthly_state_retained,3630,2026-01-09,2026-01-19,-0.0103697336282536,2026,2025-12-31,native_mse,20260910,-0.002855102612462861,,0,0
monthly_state_retained,3635,2026-01-16,2026-01-26,-0.0010190267764643,2026,2025-12-31,native_mse,20260910,-0.00015744638603756636,,0,0
monthly_state_retained,3640,2026-01-23,2026-02-02,-0.0087161586128796,2026,2025-12-31,native_mse,20260910,-0.006105688647517694,,0,0
monthly_state_retained,3645,2026-01-30,2026-02-09,0.0041482324550519,2026,2025-12-31,native_mse,20260910,-0.0019649521887390433,,0,1
monthly_state_retained,3650,2026-02-06,2026-02-24,0.0071649689901505,2026,2025-12-31,native_mse,20260910,0.0047027542719540035,,1,1
monthly_state_retained,3655,2026-02-13,2026-03-02,-0.0097920588919678,2026,2025-12-31,native_mse,20260910,0.0004179826835146159,,1,0
monthly_state_retained,3659,2026-02-27,2026-03-09,-0.0172526869201304,2026,2025-12-31,native_mse,20260910,0.0022625269962182996,,1,0
monthly_state_retained,3664,2026-03-06,2026-03-16,0.0149926634422041,2026,2025-12-31,native_mse,20260910,-0.003806878947664824,,0,1
monthly_state_retained,3669,2026-03-13,2026-03-23,-0.0364343509194254,2026,2025-12-31,native_mse,20260910,-0.006468904470141985,,0,0
monthly_state_retained,3674,2026-03-20,2026-03-30,-0.0083038829988221,2026,2025-12-31,native_mse,20260910,-0.006677801015318794,,0,0
monthly_state_retained,3679,2026-03-27,2026-04-07,-0.0035591495694504,2026,2025-12-31,native_mse,20260910,-0.0012459609623288559,,0,0
monthly_state_retained,3684,2026-04-03,2026-04-13,0.0380736235508991,2026,2025-12-31,native_mse,20260910,-0.0002708764126667155,,0,1
monthly_state_retained,3688,2026-04-10,2026-04-20,0.0242766725964382,2026,2025-12-31,native_mse,20260910,-0.0014516073248232214,,0,1
monthly_state_retained,3693,2026-04-17,2026-04-27,0.010401572188011,2026,2025-12-31,native_mse,20260910,-0.00019243492513075974,,0,1
monthly_state_retained,3698,2026-04-24,2026-05-11,0.0263674696524953,2026,2025-12-31,native_mse,20260910,0.00044530537803680217,,1,1
monthly_state_retained,3705,2026-05-08,2026-05-18,-0.0134529239455926,2026,2025-12-31,native_mse,20260910,0.00821158666179363,,1,0
monthly_state_retained,3710,2026-05-15,2026-05-25,0.0076235492615268,2026,2025-12-31,native_mse,20260910,0.009209478129531542,,1,1
monthly_state_retained,3715,2026-05-22,2026-06-01,0.005068538126898,2026,2025-12-31,native_mse,20260910,-0.0037899662548005076,,0,1
monthly_state_retained,3720,2026-05-29,2026-06-08,-0.039635353927193,2026,2025-12-31,native_mse,20260910,-0.005878390043911763,,0,0
monthly_state_retained,3725,2026-06-05,2026-06-15,0.0266849782195981,2026,2025-12-31,native_mse,20260910,-0.005079831260852612,,0,1
monthly_state_retained,3730,2026-06-12,2026-06-29,0.0076098142791176,2026,2025-12-31,native_mse,20260910,-0.0013875397965599067,,0,1
monthly_state_retained,3739,2026-06-26,2026-07-06,0.0005137647861506,2026,2025-12-31,native_mse,20260910,-0.002031043716013942,,0,1
monthly_state_retained,3744,2026-07-03,2026-07-13,-0.0252847876365399,2026,2025-12-31,native_mse,20260910,-0.003966417206833292,,0,0
monthly_state_retained,3749,2026-07-10,2026-07-20,-0.035775397012711,2026,2025-12-31,native_mse,20260910,-0.000224192482655729,,0,0
monthly_state_retained,3754,2026-07-17,2026-07-27,0.01756245533441,2026,2025-12-31,native_mse,20260910,-0.001279240964054163,,0,1
monthly_state_retained,3759,2026-07-24,2026-08-03,-0.0202339761556519,2026,2025-12-31,native_mse,20260910,-0.0020989123929827714,,0,0
monthly_state_retained,3764,2026-07-31,2026-08-10,0.0300318732435738,2026,2025-12-31,native_mse,20260910,-0.005698998401180227,,0,1
monthly_state_retained,3769,2026-08-07,2026-08-17,-0.0056482265760339,2026,2025-12-31,native_mse,20260910,-0.000843785639629233,,0,0
monthly_state_retained,3774,2026-08-14,2026-08-24,-0.0109860710402629,2026,2025-12-31,native_mse,20260910,0.001103287661206875,,1,0
monthly_state_retained,3779,2026-08-21,2026-08-31,-0.0127592811002066,2026,2025-12-31,native_mse,20260910,0.005195736341319573,,1,0
monthly_state_retained,3630,2026-01-09,2026-01-19,-0.0103697336282536,2026,2025-12-31,training_frequency,-1,0.4792703150912106,0.4792703150912106,0,0
monthly_state_retained,3635,2026-01-16,2026-01-26,-0.0010190267764643,2026,2025-12-31,training_frequency,-1,0.4792703150912106,0.4792703150912106,0,0
monthly_state_retained,3640,2026-01-23,2026-02-02,-0.0087161586128796,2026,2025-12-31,training_frequency,-1,0.4792703150912106,0.4792703150912106,0,0
monthly_state_retained,3645,2026-01-30,2026-02-09,0.0041482324550519,2026,2025-12-31,training_frequency,-1,0.4792703150912106,0.4792703150912106,0,1
monthly_state_retained,3650,2026-02-06,2026-02-24,0.0071649689901505,2026,2025-12-31,training_frequency,-1,0.4792703150912106,0.4792703150912106,0,1
monthly_state_retained,3655,2026-02-13,2026-03-02,-0.0097920588919678,2026,2025-12-31,training_frequency,-1,0.4792703150912106,0.4792703150912106,0,0
monthly_state_retained,3659,2026-02-27,2026-03-09,-0.0172526869201304,2026,2025-12-31,training_frequency,-1,0.4792703150912106,0.4792703150912106,0,0
monthly_state_retained,3664,2026-03-06,2026-03-16,0.0149926634422041,2026,2025-12-31,training_frequency,-1,0.4792703150912106,0.4792703150912106,0,1
monthly_state_retained,3669,2026-03-13,2026-03-23,-0.0364343509194254,2026,2025-12-31,training_frequency,-1,0.4792703150912106,0.4792703150912106,0,0
monthly_state_retained,3674,2026-03-20,2026-03-30,-0.0083038829988221,2026,2025-12-31,training_frequency,-1,0.4792703150912106,0.4792703150912106,0,0
monthly_state_retained,3679,2026-03-27,2026-04-07,-0.0035591495694504,2026,2025-12-31,training_frequency,-1,0.4792703150912106,0.4792703150912106,0,0
monthly_state_retained,3684,2026-04-03,2026-04-13,0.0380736235508991,2026,2025-12-31,training_frequency,-1,0.4792703150912106,0.4792703150912106,0,1
monthly_state_retained,3688,2026-04-10,2026-04-20,0.0242766725964382,2026,2025-12-31,training_frequency,-1,0.4792703150912106,0.4792703150912106,0,1
monthly_state_retained,3693,2026-04-17,2026-04-27,0.010401572188011,2026,2025-12-31,training_frequency,-1,0.4792703150912106,0.4792703150912106,0,1
monthly_state_retained,3698,2026-04-24,2026-05-11,0.0263674696524953,2026,2025-12-31,training_frequency,-1,0.4792703150912106,0.4792703150912106,0,1
monthly_state_retained,3705,2026-05-08,2026-05-18,-0.0134529239455926,2026,2025-12-31,training_frequency,-1,0.4792703150912106,0.4792703150912106,0,0
monthly_state_retained,3710,2026-05-15,2026-05-25,0.0076235492615268,2026,2025-12-31,training_frequency,-1,0.4792703150912106,0.4792703150912106,0,1
monthly_state_retained,3715,2026-05-22,2026-06-01,0.005068538126898,2026,2025-12-31,training_frequency,-1,0.4792703150912106,0.4792703150912106,0,1
monthly_state_retained,3720,2026-05-29,2026-06-08,-0.039635353927193,2026,2025-12-31,training_frequency,-1,0.4792703150912106,0.4792703150912106,0,0
monthly_state_retained,3725,2026-06-05,2026-06-15,0.0266849782195981,2026,2025-12-31,training_frequency,-1,0.4792703150912106,0.4792703150912106,0,1
monthly_state_retained,3730,2026-06-12,2026-06-29,0.0076098142791176,2026,2025-12-31,training_frequency,-1,0.4792703150912106,0.4792703150912106,0,1
monthly_state_retained,3739,2026-06-26,2026-07-06,0.0005137647861506,2026,2025-12-31,training_frequency,-1,0.4792703150912106,0.4792703150912106,0,1
monthly_state_retained,3744,2026-07-03,2026-07-13,-0.0252847876365399,2026,2025-12-31,training_frequency,-1,0.4792703150912106,0.4792703150912106,0,0
monthly_state_retained,3749,2026-07-10,2026-07-20,-0.035775397012711,2026,2025-12-31,training_frequency,-1,0.4792703150912106,0.4792703150912106,0,0
monthly_state_retained,3754,2026-07-17,2026-07-27,0.01756245533441,2026,2025-12-31,training_frequency,-1,0.4792703150912106,0.4792703150912106,0,1
monthly_state_retained,3759,2026-07-24,2026-08-03,-0.0202339761556519,2026,2025-12-31,training_frequency,-1,0.4792703150912106,0.4792703150912106,0,0
monthly_state_retained,3764,2026-07-31,2026-08-10,0.0300318732435738,2026,2025-12-31,training_frequency,-1,0.4792703150912106,0.4792703150912106,0,1
monthly_state_retained,3769,2026-08-07,2026-08-17,-0.0056482265760339,2026,2025-12-31,training_frequency,-1,0.4792703150912106,0.4792703150912106,0,0
monthly_state_retained,3774,2026-08-14,2026-08-24,-0.0109860710402629,2026,2025-12-31,training_frequency,-1,0.4792703150912106,0.4792703150912106,0,0
monthly_state_retained,3779,2026-08-21,2026-08-31,-0.0127592811002066,2026,2025-12-31,training_frequency,-1,0.4792703150912106,0.4792703150912106,0,0
monthly_state_retained,3630,2026-01-09,2026-01-19,-0.0103697336282536,2026,2025-12-31,native_mse,20260911,-0.0030890692487675277,,0,0
monthly_state_retained,3635,2026-01-16,2026-01-26,-0.0010190267764643,2026,2025-12-31,native_mse,20260911,-0.0029844245717806552,,0,0
monthly_state_retained,3640,2026-01-23,2026-02-02,-0.0087161586128796,2026,2025-12-31,native_mse,20260911,-0.0018485669736654138,,0,0
monthly_state_retained,3645,2026-01-30,2026-02-09,0.0041482324550519,2026,2025-12-31,native_mse,20260911,-0.002659061252019485,,0,1
monthly_state_retained,3650,2026-02-06,2026-02-24,0.0071649689901505,2026,2025-12-31,native_mse,20260911,-0.0015567976959256278,,0,1
monthly_state_retained,3655,2026-02-13,2026-03-02,-0.0097920588919678,2026,2025-12-31,native_mse,20260911,-0.0015389707922718095,,0,0
monthly_state_retained,3659,2026-02-27,2026-03-09,-0.0172526869201304,2026,2025-12-31,native_mse,20260911,-0.0019681718770543553,,0,0
monthly_state_retained,3664,2026-03-06,2026-03-16,0.0149926634422041,2026,2025-12-31,native_mse,20260911,0.00014521785716820214,,1,1
monthly_state_retained,3669,2026-03-13,2026-03-23,-0.0364343509194254,2026,2025-12-31,native_mse,20260911,-0.0022671453715006956,,0,0
monthly_state_retained,3674,2026-03-20,2026-03-30,-0.0083038829988221,2026,2025-12-31,native_mse,20260911,-0.001986856137592856,,0,0
monthly_state_retained,3679,2026-03-27,2026-04-07,-0.0035591495694504,2026,2025-12-31,native_mse,20260911,-0.002218520604235266,,0,0
monthly_state_retained,3684,2026-04-03,2026-04-13,0.0380736235508991,2026,2025-12-31,native_mse,20260911,-0.002090390096021022,,0,1
monthly_state_retained,3688,2026-04-10,2026-04-20,0.0242766725964382,2026,2025-12-31,native_mse,20260911,-0.0024408235069100508,,0,1
monthly_state_retained,3693,2026-04-17,2026-04-27,0.010401572188011,2026,2025-12-31,native_mse,20260911,-0.0029629470272129906,,0,1
monthly_state_retained,3698,2026-04-24,2026-05-11,0.0263674696524953,2026,2025-12-31,native_mse,20260911,-0.003359926419865766,,0,1
monthly_state_retained,3705,2026-05-08,2026-05-18,-0.0134529239455926,2026,2025-12-31,native_mse,20260911,-0.002535154678821143,,0,0
monthly_state_retained,3710,2026-05-15,2026-05-25,0.0076235492615268,2026,2025-12-31,native_mse,20260911,-0.002260058894062486,,0,1
monthly_state_retained,3715,2026-05-22,2026-06-01,0.005068538126898,2026,2025-12-31,native_mse,20260911,-0.0015057276938992676,,0,1
monthly_state_retained,3720,2026-05-29,2026-06-08,-0.039635353927193,2026,2025-12-31,native_mse,20260911,-0.002635162144589442,,0,0
monthly_state_retained,3725,2026-06-05,2026-06-15,0.0266849782195981,2026,2025-12-31,native_mse,20260911,-0.003913781241526722,,0,1
monthly_state_retained,3730,2026-06-12,2026-06-29,0.0076098142791176,2026,2025-12-31,native_mse,20260911,-0.0036857925348870147,,0,1
monthly_state_retained,3739,2026-06-26,2026-07-06,0.0005137647861506,2026,2025-12-31,native_mse,20260911,-0.0021369319429553274,,0,1
monthly_state_retained,3744,2026-07-03,2026-07-13,-0.0252847876365399,2026,2025-12-31,native_mse,20260911,-0.0022933277317483012,,0,0
monthly_state_retained,3749,2026-07-10,2026-07-20,-0.035775397012711,2026,2025-12-31,native_mse,20260911,-0.0023056933526758674,,0,0
monthly_state_retained,3754,2026-07-17,2026-07-27,0.01756245533441,2026,2025-12-31,native_mse,20260911,-0.0024493044555773855,,0,1
monthly_state_retained,3759,2026-07-24,2026-08-03,-0.0202339761556519,2026,2025-12-31,native_mse,20260911,-0.0026633393533010696,,0,0
monthly_state_retained,3764,2026-07-31,2026-08-10,0.0300318732435738,2026,2025-12-31,native_mse,20260911,-0.0024432171596736993,,0,1
monthly_state_retained,3769,2026-08-07,2026-08-17,-0.0056482265760339,2026,2025-12-31,native_mse,20260911,-0.0034017483589926685,,0,0
monthly_state_retained,3774,2026-08-14,2026-08-24,-0.0109860710402629,2026,2025-12-31,native_mse,20260911,-0.002813706354026954,,0,0
monthly_state_retained,3779,2026-08-21,2026-08-31,-0.0127592811002066,2026,2025-12-31,native_mse,20260911,-0.0019809857134933735,,0,0
monthly_state_retained,3630,2026-01-09,2026-01-19,-0.0103697336282536,2026,2025-12-31,native_mse,20260912,-0.0012654744629118373,,0,0
monthly_state_retained,3635,2026-01-16,2026-01-26,-0.0010190267764643,2026,2025-12-31,native_mse,20260912,-0.0009824454910161004,,0,0
monthly_state_retained,3640,2026-01-23,2026-02-02,-0.0087161586128796,2026,2025-12-31,native_mse,20260912,-0.0014318861524315442,,0,0
monthly_state_retained,3645,2026-01-30,2026-02-09,0.0041482324550519,2026,2025-12-31,native_mse,20260912,-0.0015519331724585116,,0,1
monthly_state_retained,3650,2026-02-06,2026-02-24,0.0071649689901505,2026,2025-12-31,native_mse,20260912,-0.0016869022750859507,,0,1
monthly_state_retained,3655,2026-02-13,2026-03-02,-0.0097920588919678,2026,2025-12-31,native_mse,20260912,-0.0011765097827620523,,0,0
monthly_state_retained,3659,2026-02-27,2026-03-09,-0.0172526869201304,2026,2025-12-31,native_mse,20260912,-0.0007085124719817442,,0,0
monthly_state_retained,3664,2026-03-06,2026-03-16,0.0149926634422041,2026,2025-12-31,native_mse,20260912,-0.0009899154221996353,,0,1
monthly_state_retained,3669,2026-03-13,2026-03-23,-0.0364343509194254,2026,2025-12-31,native_mse,20260912,-0.0011266305599294578,,0,0
monthly_state_retained,3674,2026-03-20,2026-03-30,-0.0083038829988221,2026,2025-12-31,native_mse,20260912,-0.001524311581453077,,0,0
monthly_state_retained,3679,2026-03-27,2026-04-07,-0.0035591495694504,2026,2025-12-31,native_mse,20260912,-0.0019205134194293897,,0,0
monthly_state_retained,3684,2026-04-03,2026-04-13,0.0380736235508991,2026,2025-12-31,native_mse,20260912,-0.0011376256916386593,,0,1
monthly_state_retained,3688,2026-04-10,2026-04-20,0.0242766725964382,2026,2025-12-31,native_mse,20260912,-0.0013216896399536517,,0,1
monthly_state_retained,3693,2026-04-17,2026-04-27,0.010401572188011,2026,2025-12-31,native_mse,20260912,-0.0015028502660909705,,0,1
monthly_state_retained,3698,2026-04-24,2026-05-11,0.0263674696524953,2026,2025-12-31,native_mse,20260912,-0.0012568015547876838,,0,1
monthly_state_retained,3705,2026-05-08,2026-05-18,-0.0134529239455926,2026,2025-12-31,native_mse,20260912,-0.0004371239494575972,,0,0
monthly_state_retained,3710,2026-05-15,2026-05-25,0.0076235492615268,2026,2025-12-31,native_mse,20260912,6.163719011948235e-05,,1,1
monthly_state_retained,3715,2026-05-22,2026-06-01,0.005068538126898,2026,2025-12-31,native_mse,20260912,7.730204085298746e-06,,1,1
monthly_state_retained,3720,2026-05-29,2026-06-08,-0.039635353927193,2026,2025-12-31,native_mse,20260912,-0.00019569943758148556,,0,0
monthly_state_retained,3725,2026-06-05,2026-06-15,0.0266849782195981,2026,2025-12-31,native_mse,20260912,-0.00010540438898025962,,0,1
monthly_state_retained,3730,2026-06-12,2026-06-29,0.0076098142791176,2026,2025-12-31,native_mse,20260912,-0.0007095936265099443,,0,1
monthly_state_retained,3739,2026-06-26,2026-07-06,0.0005137647861506,2026,2025-12-31,native_mse,20260912,-0.00033128119271872585,,0,1
monthly_state_retained,3744,2026-07-03,2026-07-13,-0.0252847876365399,2026,2025-12-31,native_mse,20260912,-0.0011443460816151978,,0,0
monthly_state_retained,3749,2026-07-10,2026-07-20,-0.035775397012711,2026,2025-12-31,native_mse,20260912,-0.0017039989678604111,,0,0
monthly_state_retained,3754,2026-07-17,2026-07-27,0.01756245533441,2026,2025-12-31,native_mse,20260912,-0.0017003094595498154,,0,1
monthly_state_retained,3759,2026-07-24,2026-08-03,-0.0202339761556519,2026,2025-12-31,native_mse,20260912,-0.0018633248001663242,,0,0
monthly_state_retained,3764,2026-07-31,2026-08-10,0.0300318732435738,2026,2025-12-31,native_mse,20260912,-0.0013665112944695823,,0,1
monthly_state_retained,3769,2026-08-07,2026-08-17,-0.0056482265760339,2026,2025-12-31,native_mse,20260912,-0.0010726869031266657,,0,0
monthly_state_retained,3774,2026-08-14,2026-08-24,-0.0109860710402629,2026,2025-12-31,native_mse,20260912,-0.0012030503226100222,,0,0
monthly_state_retained,3779,2026-08-21,2026-08-31,-0.0127592811002066,2026,2025-12-31,native_mse,20260912,-0.0005090624873602664,,0,0
quarter_trend2_validated,2418,2021-01-08,2021-01-18,-0.0120052904669853,2021,2020-12-31,learned_market,20260910,0.5528369602637446,0.5528369602637446,1,0
quarter_volatility2_validated,2418,2021-01-08,2021-01-18,-0.0120052904669853,2021,2020-12-31,learned_market,20260910,0.5528369602637446,0.5528369602637446,1,0
quarter_trend2_validated,2423,2021-01-15,2021-01-25,0.0231622460538123,2021,2020-12-31,learned_market,20260910,0.49674166213102977,0.49674166213102977,0,1
quarter_volatility2_validated,2423,2021-01-15,2021-01-25,0.0231622460538123,2021,2020-12-31,learned_market,20260910,0.49674166213102977,0.49674166213102977,0,1
quarter_trend2_validated,2428,2021-01-22,2021-02-01,-0.0372511735907923,2021,2020-12-31,learned_market,20260910,0.3933637003220593,0.3933637003220593,0,0
quarter_volatility2_validated,2428,2021-01-22,2021-02-01,-0.0372511735907923,2021,2020-12-31,learned_market,20260910,0.3933637003220593,0.3933637003220593,0,0
quarter_trend2_validated,2433,2021-01-29,2021-02-08,0.0278689901714626,2021,2020-12-31,learned_market,20260910,0.4313547922375263,0.4313547922375263,0,1
quarter_volatility2_validated,2433,2021-01-29,2021-02-08,0.0278689901714626,2021,2020-12-31,learned_market,20260910,0.4313547922375263,0.4313547922375263,0,1
quarter_trend2_validated,2438,2021-02-05,2021-02-22,0.0507379035040882,2021,2020-12-31,learned_market,20260910,0.40357928349119826,0.40357928349119826,0,1
quarter_volatility2_validated,2438,2021-02-05,2021-02-22,0.0507379035040882,2021,2020-12-31,learned_market,20260910,0.40357928349119826,0.40357928349119826,0,1
quarter_trend2_validated,2443,2021-02-19,2021-03-01,-0.0684918010685315,2021,2020-12-31,learned_market,20260910,0.49513830982070434,0.49513830982070434,0,0
quarter_volatility2_validated,2443,2021-02-19,2021-03-01,-0.0684918010685315,2021,2020-12-31,learned_market,20260910,0.49513830982070434,0.49513830982070434,0,0
quarter_trend2_validated,2448,2021-02-26,2021-03-08,-0.0165997123904068,2021,2020-12-31,learned_market,20260910,0.43315180971386896,0.43315180971386896,0,0
quarter_volatility2_validated,2448,2021-02-26,2021-03-08,-0.0165997123904068,2021,2020-12-31,learned_market,20260910,0.43315180971386896,0.43315180971386896,0,0
quarter_trend2_validated,2453,2021-03-05,2021-03-15,-0.0346560901469681,2021,2020-12-31,learned_market,20260910,0.40131415281599914,0.40131415281599914,0,0
quarter_volatility2_validated,2453,2021-03-05,2021-03-15,-0.0346560901469681,2021,2020-12-31,learned_market,20260910,0.40131415281599914,0.40131415281599914,0,0
quarter_trend2_validated,2458,2021-03-12,2021-03-22,-0.0210550182560221,2021,2020-12-31,learned_market,20260910,0.47295990993929365,0.47295990993929365,0,0
quarter_volatility2_validated,2458,2021-03-12,2021-03-22,-0.0210550182560221,2021,2020-12-31,learned_market,20260910,0.47295990993929365,0.47295990993929365,0,0
quarter_trend2_validated,2463,2021-03-19,2021-03-29,0.0087572877565691,2021,2020-12-31,learned_market,20260910,0.6783048076904669,0.6783048076904669,1,1
quarter_volatility2_validated,2463,2021-03-19,2021-03-29,0.0087572877565691,2021,2020-12-31,learned_market,20260910,0.6783048076904669,0.6783048076904669,1,1
quarter_trend2_validated,2468,2021-03-26,2021-04-06,0.0250145479448802,2021,2020-12-31,learned_market,20260910,0.6020041018019381,0.6020041018019381,1,1
quarter_volatility2_validated,2468,2021-03-26,2021-04-06,0.0250145479448802,2021,2020-12-31,learned_market,20260910,0.6020041018019381,0.6020041018019381,1,1
quarter_trend2_validated,2473,2021-04-02,2021-04-12,-0.0292856811827044,2021,2021-03-31,learned_market,20260910,0.5183679897795258,0.5183679897795258,1,0
quarter_volatility2_validated,2473,2021-04-02,2021-04-12,-0.0292856811827044,2021,2021-03-31,learned_market,20260910,0.5183679897795258,0.5183679897795258,1,0
quarter_trend2_validated,2477,2021-04-09,2021-04-19,-0.0120489836840408,2021,2021-03-31,learned_market,20260910,0.6850249402938339,0.6850249402938339,1,0
quarter_volatility2_validated,2477,2021-04-09,2021-04-19,-0.0120489836840408,2021,2021-03-31,learned_market,20260910,0.6850249402938339,0.6850249402938339,1,0
quarter_trend2_validated,2482,2021-04-16,2021-04-26,0.0382932540809155,2021,2021-03-31,learned_market,20260910,0.609924220475271,0.609924220475271,1,1
quarter_volatility2_validated,2482,2021-04-16,2021-04-26,0.0382932540809155,2021,2021-03-31,learned_market,20260910,0.609924220475271,0.609924220475271,1,1
quarter_trend2_validated,2487,2021-04-23,2021-05-06,-0.0112070185917437,2021,2021-03-31,learned_market,20260910,0.6788658728472401,0.6788658728472401,1,0
quarter_volatility2_validated,2487,2021-04-23,2021-05-06,-0.0112070185917437,2021,2021-03-31,learned_market,20260910,0.6788658728472401,0.6788658728472401,1,0
quarter_trend2_validated,2492,2021-04-30,2021-05-12,-0.0190946889464188,2021,2021-03-31,learned_market,20260910,0.6869387015648898,0.6869387015648898,1,0
quarter_volatility2_validated,2492,2021-04-30,2021-05-12,-0.0190946889464188,2021,2021-03-31,learned_market,20260910,0.6869387015648898,0.6869387015648898,1,0
quarter_trend2_validated,2494,2021-05-07,2021-05-17,0.0227674429764228,2021,2021-03-31,learned_market,20260910,0.707143295820497,0.707143295820497,1,1
quarter_volatility2_validated,2494,2021-05-07,2021-05-17,0.0227674429764228,2021,2021-03-31,learned_market,20260910,0.707143295820497,0.707143295820497,1,1
quarter_trend2_validated,2499,2021-05-14,2021-05-24,0.0045940519733895,2021,2021-03-31,learned_market,20260910,0.6297830216175037,0.6297830216175037,1,1
quarter_volatility2_validated,2499,2021-05-14,2021-05-24,0.0045940519733895,2021,2021-03-31,learned_market,20260910,0.6297830216175037,0.6297830216175037,1,1
quarter_trend2_validated,2504,2021-05-21,2021-05-31,0.0348855085126711,2021,2021-03-31,learned_market,20260910,0.6135561076345685,0.6135561076345685,1,1
quarter_volatility2_validated,2504,2021-05-21,2021-05-31,0.0348855085126711,2021,2021-03-31,learned_market,20260910,0.6135561076345685,0.6135561076345685,1,1
quarter_trend2_validated,2509,2021-05-28,2021-06-07,-0.0062409741861724,2021,2021-03-31,learned_market,20260910,0.5954545940650008,0.5954545940650008,1,0
quarter_volatility2_validated,2509,2021-05-28,2021-06-07,-0.0062409741861724,2021,2021-03-31,learned_market,20260910,0.5954545940650008,0.5954545940650008,1,0
quarter_trend2_validated,2514,2021-06-04,2021-06-15,-0.0125508761771767,2021,2021-03-31,learned_market,20260910,0.5021950734156202,0.5021950734156202,1,0
quarter_volatility2_validated,2514,2021-06-04,2021-06-15,-0.0125508761771767,2021,2021-03-31,learned_market,20260910,0.5021950734156202,0.5021950734156202,1,0
quarter_trend2_validated,2519,2021-06-11,2021-06-21,-0.0250011497424577,2021,2021-03-31,learned_market,20260910,0.35343278398049977,0.35343278398049977,0,0
quarter_volatility2_validated,2519,2021-06-11,2021-06-21,-0.0250011497424577,2021,2021-03-31,learned_market,20260910,0.35343278398049977,0.35343278398049977,0,0
quarter_trend2_validated,2523,2021-06-18,2021-06-28,0.0325308711127356,2021,2021-03-31,learned_market,20260910,0.3221586033468014,0.3221586033468014,0,1
quarter_volatility2_validated,2523,2021-06-18,2021-06-28,0.0325308711127356,2021,2021-03-31,learned_market,20260910,0.3221586033468014,0.3221586033468014,0,1
quarter_trend2_validated,2528,2021-06-25,2021-07-05,-0.0342297962734196,2021,2021-03-31,learned_market,20260910,0.4336393441432385,0.4336393441432385,0,0
quarter_volatility2_validated,2528,2021-06-25,2021-07-05,-0.0342297962734196,2021,2021-03-31,learned_market,20260910,0.4336393441432385,0.4336393441432385,0,0
quarter_trend2_validated,2533,2021-07-02,2021-07-12,0.0068193733271841,2021,2021-06-30,learned_market,20260910,0.3704733615248586,0.3704733615248586,0,1
quarter_volatility2_validated,2533,2021-07-02,2021-07-12,0.0068193733271841,2021,2021-06-30,learned_market,20260910,0.3704733615248586,0.3704733615248586,0,1
quarter_trend2_validated,2538,2021-07-09,2021-07-19,-0.0048254045313779,2021,2021-06-30,learned_market,20260910,0.38743639841929484,0.38743639841929484,0,0
quarter_volatility2_validated,2538,2021-07-09,2021-07-19,-0.0048254045313779,2021,2021-06-30,learned_market,20260910,0.38743639841929484,0.38743639841929484,0,0
quarter_trend2_validated,2543,2021-07-16,2021-07-26,-0.0032299118953994,2021,2021-06-30,learned_market,20260910,0.3392496570286791,0.3392496570286791,0,0
quarter_volatility2_validated,2543,2021-07-16,2021-07-26,-0.0032299118953994,2021,2021-06-30,learned_market,20260910,0.3392496570286791,0.3392496570286791,0,0
quarter_trend2_validated,2548,2021-07-23,2021-08-02,-0.0537740931579083,2021,2021-06-30,learned_market,20260910,0.4242757327433418,0.4242757327433418,0,0
quarter_volatility2_validated,2548,2021-07-23,2021-08-02,-0.0537740931579083,2021,2021-06-30,learned_market,20260910,0.4242757327433418,0.4242757327433418,0,0
quarter_trend2_validated,2553,2021-07-30,2021-08-09,0.019904813945049,2021,2021-06-30,learned_market,20260910,0.44622832370349025,0.44622832370349025,0,1
quarter_volatility2_validated,2553,2021-07-30,2021-08-09,0.019904813945049,2021,2021-06-30,learned_market,20260910,0.44622832370349025,0.44622832370349025,0,1
quarter_trend2_validated,2558,2021-08-06,2021-08-16,0.0093369268709639,2021,2021-06-30,learned_market,20260910,0.40768230665718896,0.40768230665718896,0,1
quarter_volatility2_validated,2558,2021-08-06,2021-08-16,0.0093369268709639,2021,2021-06-30,learned_market,20260910,0.40768230665718896,0.40768230665718896,0,1
quarter_trend2_validated,2563,2021-08-13,2021-08-23,-0.032048736608373,2021,2021-06-30,learned_market,20260910,0.4025918663246775,0.4025918663246775,0,0
quarter_volatility2_validated,2563,2021-08-13,2021-08-23,-0.032048736608373,2021,2021-06-30,learned_market,20260910,0.4025918663246775,0.4025918663246775,0,0
quarter_trend2_validated,2568,2021-08-20,2021-08-30,0.0145047962107527,2021,2021-06-30,learned_market,20260910,0.5581931205458567,0.5581931205458567,1,1
quarter_volatility2_validated,2568,2021-08-20,2021-08-30,0.0145047962107527,2021,2021-06-30,learned_market,20260910,0.5581931205458567,0.5581931205458567,1,1
quarter_trend2_validated,2573,2021-08-27,2021-09-06,-0.0012316820816045,2021,2021-06-30,learned_market,20260910,0.5652685808405962,0.5652685808405962,1,0
quarter_volatility2_validated,2573,2021-08-27,2021-09-06,-0.0012316820816045,2021,2021-06-30,learned_market,20260910,0.5652685808405962,0.5652685808405962,1,0
quarter_trend2_validated,2578,2021-09-03,2021-09-13,0.0342301066295398,2021,2021-06-30,learned_market,20260910,0.7414364016645572,0.7414364016645572,1,1
quarter_volatility2_validated,2578,2021-09-03,2021-09-13,0.0342301066295398,2021,2021-06-30,learned_market,20260910,0.7414364016645572,0.7414364016645572,1,1
quarter_trend2_validated,2583,2021-09-10,2021-09-22,-0.0471441667981554,2021,2021-06-30,learned_market,20260910,0.7365374093158319,0.7365374093158319,1,0
quarter_volatility2_validated,2583,2021-09-10,2021-09-22,-0.0471441667981554,2021,2021-06-30,learned_market,20260910,0.7365374093158319,0.7365374093158319,1,0
quarter_trend2_validated,2588,2021-09-17,2021-09-28,0.0209863060789441,2021,2021-06-30,learned_market,20260910,0.7129908769856873,0.7129908769856873,1,1
quarter_volatility2_validated,2588,2021-09-17,2021-09-28,0.0209863060789441,2021,2021-06-30,learned_market,20260910,0.7129908769856873,0.7129908769856873,1,1
quarter_trend2_validated,2591,2021-09-24,2021-10-11,0.0144615416200457,2021,2021-06-30,learned_market,20260910,0.7494998617287155,0.7494998617287155,1,1
quarter_volatility2_validated,2591,2021-09-24,2021-10-11,0.0144615416200457,2021,2021-06-30,learned_market,20260910,0.7494998617287155,0.7494998617287155,1,1
quarter_trend2_validated,2596,2021-10-08,2021-10-18,-0.0038006269617851,2021,2021-09-30,learned_market,20260910,0.7103284017268151,0.7103284017268151,1,0
quarter_volatility2_validated,2596,2021-10-08,2021-10-18,-0.0038006269617851,2021,2021-09-30,learned_market,20260910,0.7103284017268151,0.7103284017268151,1,0
quarter_trend2_validated,2601,2021-10-15,2021-10-25,0.0037358989621147,2021,2021-09-30,learned_market,20260910,0.7054426847772952,0.7054426847772952,1,1
quarter_volatility2_validated,2601,2021-10-15,2021-10-25,0.0037358989621147,2021,2021-09-30,learned_market,20260910,0.7054426847772952,0.7054426847772952,1,1
quarter_trend2_validated,2606,2021-10-22,2021-11-01,-0.0127041632091318,2021,2021-09-30,learned_market,20260910,0.561668990030631,0.561668990030631,1,0
quarter_volatility2_validated,2606,2021-10-22,2021-11-01,-0.0127041632091318,2021,2021-09-30,learned_market,20260910,0.561668990030631,0.561668990030631,1,0
quarter_trend2_validated,2611,2021-10-29,2021-11-08,-0.0075807737801166,2021,2021-09-30,learned_market,20260910,0.5778524508006477,0.5778524508006477,1,0
quarter_volatility2_validated,2611,2021-10-29,2021-11-08,-0.0075807737801166,2021,2021-09-30,learned_market,20260910,0.5778524508006477,0.5778524508006477,1,0
quarter_trend2_validated,2616,2021-11-05,2021-11-15,0.0110015182343039,2021,2021-09-30,learned_market,20260910,0.6566176820686879,0.6566176820686879,1,1
quarter_volatility2_validated,2616,2021-11-05,2021-11-15,0.0110015182343039,2021,2021-09-30,learned_market,20260910,0.6566176820686879,0.6566176820686879,1,1
quarter_trend2_validated,2621,2021-11-12,2021-11-22,0.0002002284238551,2021,2021-09-30,learned_market,20260910,0.7459419474434704,0.7459419474434704,1,1
quarter_volatility2_validated,2621,2021-11-12,2021-11-22,0.0002002284238551,2021,2021-09-30,learned_market,20260910,0.7459419474434704,0.7459419474434704,1,1
quarter_trend2_validated,2626,2021-11-19,2021-11-29,-0.0153981603100059,2021,2021-09-30,learned_market,20260910,0.7859013728177604,0.7859013728177604,1,0
quarter_volatility2_validated,2626,2021-11-19,2021-11-29,-0.0153981603100059,2021,2021-09-30,learned_market,20260910,0.7859013728177604,0.7859013728177604,1,0
quarter_trend2_validated,2631,2021-11-26,2021-12-06,0.0185518287306458,2021,2021-09-30,learned_market,20260910,0.679954560670936,0.679954560670936,1,1
quarter_volatility2_validated,2631,2021-11-26,2021-12-06,0.0185518287306458,2021,2021-09-30,learned_market,20260910,0.679954560670936,0.679954560670936,1,1
quarter_trend2_validated,2636,2021-12-03,2021-12-13,0.0367843110096284,2021,2021-09-30,learned_market,20260910,0.6823399841098169,0.6823399841098169,1,1
quarter_volatility2_validated,2636,2021-12-03,2021-12-13,0.0367843110096284,2021,2021-09-30,learned_market,20260910,0.6823399841098169,0.6823399841098169,1,1
quarter_trend2_validated,2641,2021-12-10,2021-12-20,-0.0304615698955996,2021,2021-09-30,learned_market,20260910,0.6068383170365979,0.6068383170365979,1,0
quarter_volatility2_validated,2641,2021-12-10,2021-12-20,-0.0304615698955996,2021,2021-09-30,learned_market,20260910,0.6068383170365979,0.6068383170365979,1,0
quarter_trend2_validated,2646,2021-12-17,2021-12-27,-0.0034083287233763,2021,2021-09-30,learned_market,20260910,0.7177286585161153,0.7177286585161153,1,0
quarter_volatility2_validated,2646,2021-12-17,2021-12-27,-0.0034083287233763,2021,2021-09-30,learned_market,20260910,0.7177286585161153,0.7177286585161153,1,0
quarter_trend2_validated,2651,2021-12-24,2022-01-04,0.0080985736506613,2021,2021-09-30,learned_market,20260910,0.7527245234710195,0.7527245234710195,1,1
quarter_volatility2_validated,2651,2021-12-24,2022-01-04,0.0080985736506613,2021,2021-09-30,learned_market,20260910,0.7527245234710195,0.7527245234710195,1,1
quarter_trend2_validated,2656,2021-12-31,2022-01-10,-0.0293970528320001,2021,2021-09-30,learned_market,20260910,0.7407762805267725,0.7407762805267725,1,0
quarter_volatility2_validated,2656,2021-12-31,2022-01-10,-0.0293970528320001,2021,2021-09-30,learned_market,20260910,0.7407762805267725,0.7407762805267725,1,0
quarter_trend2_validated,2418,2021-01-08,2021-01-18,-0.0120052904669853,2021,2020-12-31,learned_vol_interaction,20260910,0.5286701081389081,0.5286701081389081,1,0
quarter_volatility2_validated,2418,2021-01-08,2021-01-18,-0.0120052904669853,2021,2020-12-31,learned_vol_interaction,20260910,0.5286701081389081,0.5286701081389081,1,0
quarter_trend2_validated,2423,2021-01-15,2021-01-25,0.0231622460538123,2021,2020-12-31,learned_vol_interaction,20260910,0.47178291125549215,0.47178291125549215,0,1
quarter_volatility2_validated,2423,2021-01-15,2021-01-25,0.0231622460538123,2021,2020-12-31,learned_vol_interaction,20260910,0.47178291125549215,0.47178291125549215,0,1
quarter_trend2_validated,2428,2021-01-22,2021-02-01,-0.0372511735907923,2021,2020-12-31,learned_vol_interaction,20260910,0.3671123538576221,0.3671123538576221,0,0
quarter_volatility2_validated,2428,2021-01-22,2021-02-01,-0.0372511735907923,2021,2020-12-31,learned_vol_interaction,20260910,0.3671123538576221,0.3671123538576221,0,0
quarter_trend2_validated,2433,2021-01-29,2021-02-08,0.0278689901714626,2021,2020-12-31,learned_vol_interaction,20260910,0.434482531700876,0.434482531700876,0,1
quarter_volatility2_validated,2433,2021-01-29,2021-02-08,0.0278689901714626,2021,2020-12-31,learned_vol_interaction,20260910,0.434482531700876,0.434482531700876,0,1
quarter_trend2_validated,2438,2021-02-05,2021-02-22,0.0507379035040882,2021,2020-12-31,learned_vol_interaction,20260910,0.42570726310777396,0.42570726310777396,0,1
quarter_volatility2_validated,2438,2021-02-05,2021-02-22,0.0507379035040882,2021,2020-12-31,learned_vol_interaction,20260910,0.42570726310777396,0.42570726310777396,0,1
quarter_trend2_validated,2443,2021-02-19,2021-03-01,-0.0684918010685315,2021,2020-12-31,learned_vol_interaction,20260910,0.4791771552633417,0.4791771552633417,0,0
quarter_volatility2_validated,2443,2021-02-19,2021-03-01,-0.0684918010685315,2021,2020-12-31,learned_vol_interaction,20260910,0.4791771552633417,0.4791771552633417,0,0
quarter_trend2_validated,2448,2021-02-26,2021-03-08,-0.0165997123904068,2021,2020-12-31,learned_vol_interaction,20260910,0.4783928105694597,0.4783928105694597,0,0
quarter_volatility2_validated,2448,2021-02-26,2021-03-08,-0.0165997123904068,2021,2020-12-31,learned_vol_interaction,20260910,0.4783928105694597,0.4783928105694597,0,0
quarter_trend2_validated,2453,2021-03-05,2021-03-15,-0.0346560901469681,2021,2020-12-31,learned_vol_interaction,20260910,0.4610266286466043,0.4610266286466043,0,0
quarter_volatility2_validated,2453,2021-03-05,2021-03-15,-0.0346560901469681,2021,2020-12-31,learned_vol_interaction,20260910,0.4610266286466043,0.4610266286466043,0,0
quarter_trend2_validated,2458,2021-03-12,2021-03-22,-0.0210550182560221,2021,2020-12-31,learned_vol_interaction,20260910,0.48103471562569133,0.48103471562569133,0,0
quarter_volatility2_validated,2458,2021-03-12,2021-03-22,-0.0210550182560221,2021,2020-12-31,learned_vol_interaction,20260910,0.48103471562569133,0.48103471562569133,0,0
quarter_trend2_validated,2463,2021-03-19,2021-03-29,0.0087572877565691,2021,2020-12-31,learned_vol_interaction,20260910,0.5872740166666267,0.5872740166666267,1,1
quarter_volatility2_validated,2463,2021-03-19,2021-03-29,0.0087572877565691,2021,2020-12-31,learned_vol_interaction,20260910,0.5872740166666267,0.5872740166666267,1,1
quarter_trend2_validated,2468,2021-03-26,2021-04-06,0.0250145479448802,2021,2020-12-31,learned_vol_interaction,20260910,0.5791980511717043,0.5791980511717043,1,1
quarter_volatility2_validated,2468,2021-03-26,2021-04-06,0.0250145479448802,2021,2020-12-31,learned_vol_interaction,20260910,0.5791980511717043,0.5791980511717043,1,1
quarter_trend2_validated,2473,2021-04-02,2021-04-12,-0.0292856811827044,2021,2021-03-31,learned_vol_interaction,20260910,0.5665920928801257,0.5665920928801257,1,0
quarter_volatility2_validated,2473,2021-04-02,2021-04-12,-0.0292856811827044,2021,2021-03-31,learned_vol_interaction,20260910,0.5665920928801257,0.5665920928801257,1,0
quarter_trend2_validated,2477,2021-04-09,2021-04-19,-0.0120489836840408,2021,2021-03-31,learned_vol_interaction,20260910,0.7108940398772539,0.7108940398772539,1,0
quarter_volatility2_validated,2477,2021-04-09,2021-04-19,-0.0120489836840408,2021,2021-03-31,learned_vol_interaction,20260910,0.7108940398772539,0.7108940398772539,1,0
quarter_trend2_validated,2482,2021-04-16,2021-04-26,0.0382932540809155,2021,2021-03-31,learned_vol_interaction,20260910,0.6177612563202494,0.6177612563202494,1,1
quarter_volatility2_validated,2482,2021-04-16,2021-04-26,0.0382932540809155,2021,2021-03-31,learned_vol_interaction,20260910,0.6177612563202494,0.6177612563202494,1,1
quarter_trend2_validated,2487,2021-04-23,2021-05-06,-0.0112070185917437,2021,2021-03-31,learned_vol_interaction,20260910,0.7142122563040804,0.7142122563040804,1,0
quarter_volatility2_validated,2487,2021-04-23,2021-05-06,-0.0112070185917437,2021,2021-03-31,learned_vol_interaction,20260910,0.7142122563040804,0.7142122563040804,1,0
quarter_trend2_validated,2492,2021-04-30,2021-05-12,-0.0190946889464188,2021,2021-03-31,learned_vol_interaction,20260910,0.6941591991721776,0.6941591991721776,1,0
quarter_volatility2_validated,2492,2021-04-30,2021-05-12,-0.0190946889464188,2021,2021-03-31,learned_vol_interaction,20260910,0.6941591991721776,0.6941591991721776,1,0
quarter_trend2_validated,2494,2021-05-07,2021-05-17,0.0227674429764228,2021,2021-03-31,learned_vol_interaction,20260910,0.7158017585661451,0.7158017585661451,1,1
quarter_volatility2_validated,2494,2021-05-07,2021-05-17,0.0227674429764228,2021,2021-03-31,learned_vol_interaction,20260910,0.7158017585661451,0.7158017585661451,1,1
quarter_trend2_validated,2499,2021-05-14,2021-05-24,0.0045940519733895,2021,2021-03-31,learned_vol_interaction,20260910,0.6694091341375065,0.6694091341375065,1,1
quarter_volatility2_validated,2499,2021-05-14,2021-05-24,0.0045940519733895,2021,2021-03-31,learned_vol_interaction,20260910,0.6694091341375065,0.6694091341375065,1,1
quarter_trend2_validated,2504,2021-05-21,2021-05-31,0.0348855085126711,2021,2021-03-31,learned_vol_interaction,20260910,0.636918321286237,0.636918321286237,1,1
quarter_volatility2_validated,2504,2021-05-21,2021-05-31,0.0348855085126711,2021,2021-03-31,learned_vol_interaction,20260910,0.636918321286237,0.636918321286237,1,1
quarter_trend2_validated,2509,2021-05-28,2021-06-07,-0.0062409741861724,2021,2021-03-31,learned_vol_interaction,20260910,0.5964746009268665,0.5964746009268665,1,0
quarter_volatility2_validated,2509,2021-05-28,2021-06-07,-0.0062409741861724,2021,2021-03-31,learned_vol_interaction,20260910,0.5964746009268665,0.5964746009268665,1,0
quarter_trend2_validated,2514,2021-06-04,2021-06-15,-0.0125508761771767,2021,2021-03-31,learned_vol_interaction,20260910,0.4714551199386704,0.4714551199386704,0,0
quarter_volatility2_validated,2514,2021-06-04,2021-06-15,-0.0125508761771767,2021,2021-03-31,learned_vol_interaction,20260910,0.4714551199386704,0.4714551199386704,0,0
quarter_trend2_validated,2519,2021-06-11,2021-06-21,-0.0250011497424577,2021,2021-03-31,learned_vol_interaction,20260910,0.2976695737938547,0.2976695737938547,0,0
quarter_volatility2_validated,2519,2021-06-11,2021-06-21,-0.0250011497424577,2021,2021-03-31,learned_vol_interaction,20260910,0.2976695737938547,0.2976695737938547,0,0
quarter_trend2_validated,2523,2021-06-18,2021-06-28,0.0325308711127356,2021,2021-03-31,learned_vol_interaction,20260910,0.2852455047514334,0.2852455047514334,0,1
quarter_volatility2_validated,2523,2021-06-18,2021-06-28,0.0325308711127356,2021,2021-03-31,learned_vol_interaction,20260910,0.2852455047514334,0.2852455047514334,0,1
quarter_trend2_validated,2528,2021-06-25,2021-07-05,-0.0342297962734196,2021,2021-03-31,learned_vol_interaction,20260910,0.36967907658300214,0.36967907658300214,0,0
quarter_volatility2_validated,2528,2021-06-25,2021-07-05,-0.0342297962734196,2021,2021-03-31,learned_vol_interaction,20260910,0.36967907658300214,0.36967907658300214,0,0
quarter_trend2_validated,2533,2021-07-02,2021-07-12,0.0068193733271841,2021,2021-06-30,learned_vol_interaction,20260910,0.33854643902626746,0.33854643902626746,0,1
quarter_volatility2_validated,2533,2021-07-02,2021-07-12,0.0068193733271841,2021,2021-06-30,learned_vol_interaction,20260910,0.33854643902626746,0.33854643902626746,0,1
quarter_trend2_validated,2538,2021-07-09,2021-07-19,-0.0048254045313779,2021,2021-06-30,learned_vol_interaction,20260910,0.33440628192539174,0.33440628192539174,0,0
quarter_volatility2_validated,2538,2021-07-09,2021-07-19,-0.0048254045313779,2021,2021-06-30,learned_vol_interaction,20260910,0.33440628192539174,0.33440628192539174,0,0
quarter_trend2_validated,2543,2021-07-16,2021-07-26,-0.0032299118953994,2021,2021-06-30,learned_vol_interaction,20260910,0.2983054237457592,0.2983054237457592,0,0
quarter_volatility2_validated,2543,2021-07-16,2021-07-26,-0.0032299118953994,2021,2021-06-30,learned_vol_interaction,20260910,0.2983054237457592,0.2983054237457592,0,0
quarter_trend2_validated,2548,2021-07-23,2021-08-02,-0.0537740931579083,2021,2021-06-30,learned_vol_interaction,20260910,0.3973707608981436,0.3973707608981436,0,0
quarter_volatility2_validated,2548,2021-07-23,2021-08-02,-0.0537740931579083,2021,2021-06-30,learned_vol_interaction,20260910,0.3973707608981436,0.3973707608981436,0,0
quarter_trend2_validated,2553,2021-07-30,2021-08-09,0.019904813945049,2021,2021-06-30,learned_vol_interaction,20260910,0.45645753128071037,0.45645753128071037,0,1
quarter_volatility2_validated,2553,2021-07-30,2021-08-09,0.019904813945049,2021,2021-06-30,learned_vol_interaction,20260910,0.45645753128071037,0.45645753128071037,0,1
quarter_trend2_validated,2558,2021-08-06,2021-08-16,0.0093369268709639,2021,2021-06-30,learned_vol_interaction,20260910,0.4414614197613605,0.4414614197613605,0,1
quarter_volatility2_validated,2558,2021-08-06,2021-08-16,0.0093369268709639,2021,2021-06-30,learned_vol_interaction,20260910,0.4414614197613605,0.4414614197613605,0,1
quarter_trend2_validated,2563,2021-08-13,2021-08-23,-0.032048736608373,2021,2021-06-30,learned_vol_interaction,20260910,0.454673473148584,0.454673473148584,0,0
quarter_volatility2_validated,2563,2021-08-13,2021-08-23,-0.032048736608373,2021,2021-06-30,learned_vol_interaction,20260910,0.454673473148584,0.454673473148584,0,0
quarter_trend2_validated,2568,2021-08-20,2021-08-30,0.0145047962107527,2021,2021-06-30,learned_vol_interaction,20260910,0.5753590432785457,0.5753590432785457,1,1
quarter_volatility2_validated,2568,2021-08-20,2021-08-30,0.0145047962107527,2021,2021-06-30,learned_vol_interaction,20260910,0.5753590432785457,0.5753590432785457,1,1
quarter_trend2_validated,2573,2021-08-27,2021-09-06,-0.0012316820816045,2021,2021-06-30,learned_vol_interaction,20260910,0.5964802029549509,0.5964802029549509,1,0
quarter_volatility2_validated,2573,2021-08-27,2021-09-06,-0.0012316820816045,2021,2021-06-30,learned_vol_interaction,20260910,0.5964802029549509,0.5964802029549509,1,0
quarter_trend2_validated,2578,2021-09-03,2021-09-13,0.0342301066295398,2021,2021-06-30,learned_vol_interaction,20260910,0.7511535519201762,0.7511535519201762,1,1
quarter_volatility2_validated,2578,2021-09-03,2021-09-13,0.0342301066295398,2021,2021-06-30,learned_vol_interaction,20260910,0.7511535519201762,0.7511535519201762,1,1
quarter_trend2_validated,2583,2021-09-10,2021-09-22,-0.0471441667981554,2021,2021-06-30,learned_vol_interaction,20260910,0.7354885736856006,0.7354885736856006,1,0
quarter_volatility2_validated,2583,2021-09-10,2021-09-22,-0.0471441667981554,2021,2021-06-30,learned_vol_interaction,20260910,0.7354885736856006,0.7354885736856006,1,0
quarter_trend2_validated,2588,2021-09-17,2021-09-28,0.0209863060789441,2021,2021-06-30,learned_vol_interaction,20260910,0.742822186176108,0.742822186176108,1,1
quarter_volatility2_validated,2588,2021-09-17,2021-09-28,0.0209863060789441,2021,2021-06-30,learned_vol_interaction,20260910,0.742822186176108,0.742822186176108,1,1
quarter_trend2_validated,2591,2021-09-24,2021-10-11,0.0144615416200457,2021,2021-06-30,learned_vol_interaction,20260910,0.7830893595033332,0.7830893595033332,1,1
quarter_volatility2_validated,2591,2021-09-24,2021-10-11,0.0144615416200457,2021,2021-06-30,learned_vol_interaction,20260910,0.7830893595033332,0.7830893595033332,1,1
quarter_trend2_validated,2596,2021-10-08,2021-10-18,-0.0038006269617851,2021,2021-09-30,learned_vol_interaction,20260910,0.7389350198038485,0.7389350198038485,1,0
quarter_volatility2_validated,2596,2021-10-08,2021-10-18,-0.0038006269617851,2021,2021-09-30,learned_vol_interaction,20260910,0.7389350198038485,0.7389350198038485,1,0
quarter_trend2_validated,2601,2021-10-15,2021-10-25,0.0037358989621147,2021,2021-09-30,learned_vol_interaction,20260910,0.7518254704320237,0.7518254704320237,1,1
quarter_volatility2_validated,2601,2021-10-15,2021-10-25,0.0037358989621147,2021,2021-09-30,learned_vol_interaction,20260910,0.7518254704320237,0.7518254704320237,1,1
quarter_trend2_validated,2606,2021-10-22,2021-11-01,-0.0127041632091318,2021,2021-09-30,learned_vol_interaction,20260910,0.5667069692887503,0.5667069692887503,1,0
quarter_volatility2_validated,2606,2021-10-22,2021-11-01,-0.0127041632091318,2021,2021-09-30,learned_vol_interaction,20260910,0.5667069692887503,0.5667069692887503,1,0
quarter_trend2_validated,2611,2021-10-29,2021-11-08,-0.0075807737801166,2021,2021-09-30,learned_vol_interaction,20260910,0.5978906470541093,0.5978906470541093,1,0
quarter_volatility2_validated,2611,2021-10-29,2021-11-08,-0.0075807737801166,2021,2021-09-30,learned_vol_interaction,20260910,0.5978906470541093,0.5978906470541093,1,0
quarter_trend2_validated,2616,2021-11-05,2021-11-15,0.0110015182343039,2021,2021-09-30,learned_vol_interaction,20260910,0.7049509607400938,0.7049509607400938,1,1
quarter_volatility2_validated,2616,2021-11-05,2021-11-15,0.0110015182343039,2021,2021-09-30,learned_vol_interaction,20260910,0.7049509607400938,0.7049509607400938,1,1
quarter_trend2_validated,2621,2021-11-12,2021-11-22,0.0002002284238551,2021,2021-09-30,learned_vol_interaction,20260910,0.7921347100152616,0.7921347100152616,1,1
quarter_volatility2_validated,2621,2021-11-12,2021-11-22,0.0002002284238551,2021,2021-09-30,learned_vol_interaction,20260910,0.7921347100152616,0.7921347100152616,1,1
quarter_trend2_validated,2626,2021-11-19,2021-11-29,-0.0153981603100059,2021,2021-09-30,learned_vol_interaction,20260910,0.8444124098063084,0.8444124098063084,1,0
quarter_volatility2_validated,2626,2021-11-19,2021-11-29,-0.0153981603100059,2021,2021-09-30,learned_vol_interaction,20260910,0.8444124098063084,0.8444124098063084,1,0
quarter_trend2_validated,2631,2021-11-26,2021-12-06,0.0185518287306458,2021,2021-09-30,learned_vol_interaction,20260910,0.7462862952782527,0.7462862952782527,1,1
quarter_volatility2_validated,2631,2021-11-26,2021-12-06,0.0185518287306458,2021,2021-09-30,learned_vol_interaction,20260910,0.7462862952782527,0.7462862952782527,1,1
quarter_trend2_validated,2636,2021-12-03,2021-12-13,0.0367843110096284,2021,2021-09-30,learned_vol_interaction,20260910,0.7334407137174276,0.7334407137174276,1,1
quarter_volatility2_validated,2636,2021-12-03,2021-12-13,0.0367843110096284,2021,2021-09-30,learned_vol_interaction,20260910,0.7334407137174276,0.7334407137174276,1,1
quarter_trend2_validated,2641,2021-12-10,2021-12-20,-0.0304615698955996,2021,2021-09-30,learned_vol_interaction,20260910,0.6381604092645059,0.6381604092645059,1,0
quarter_volatility2_validated,2641,2021-12-10,2021-12-20,-0.0304615698955996,2021,2021-09-30,learned_vol_interaction,20260910,0.6381604092645059,0.6381604092645059,1,0
quarter_trend2_validated,2646,2021-12-17,2021-12-27,-0.0034083287233763,2021,2021-09-30,learned_vol_interaction,20260910,0.7623862004352224,0.7623862004352224,1,0
quarter_volatility2_validated,2646,2021-12-17,2021-12-27,-0.0034083287233763,2021,2021-09-30,learned_vol_interaction,20260910,0.7623862004352224,0.7623862004352224,1,0
quarter_trend2_validated,2651,2021-12-24,2022-01-04,0.0080985736506613,2021,2021-09-30,learned_vol_interaction,20260910,0.801892985798022,0.801892985798022,1,1
quarter_volatility2_validated,2651,2021-12-24,2022-01-04,0.0080985736506613,2021,2021-09-30,learned_vol_interaction,20260910,0.801892985798022,0.801892985798022,1,1
quarter_trend2_validated,2656,2021-12-31,2022-01-10,-0.0293970528320001,2021,2021-09-30,learned_vol_interaction,20260910,0.7781175029999812,0.7781175029999812,1,0
quarter_volatility2_validated,2656,2021-12-31,2022-01-10,-0.0293970528320001,2021,2021-09-30,learned_vol_interaction,20260910,0.7781175029999812,0.7781175029999812,1,0
quarter_trend2_validated,2418,2021-01-08,2021-01-18,-0.0120052904669853,2021,2020-12-31,learned_order_extension,20260910,0.5330538496767134,0.5330538496767134,1,0
quarter_volatility2_validated,2418,2021-01-08,2021-01-18,-0.0120052904669853,2021,2020-12-31,learned_order_extension,20260910,0.5330538496767134,0.5330538496767134,1,0
quarter_trend2_validated,2423,2021-01-15,2021-01-25,0.0231622460538123,2021,2020-12-31,learned_order_extension,20260910,0.479592338912861,0.479592338912861,0,1
quarter_volatility2_validated,2423,2021-01-15,2021-01-25,0.0231622460538123,2021,2020-12-31,learned_order_extension,20260910,0.479592338912861,0.479592338912861,0,1
quarter_trend2_validated,2428,2021-01-22,2021-02-01,-0.0372511735907923,2021,2020-12-31,learned_order_extension,20260910,0.3707727762571325,0.3707727762571325,0,0
quarter_volatility2_validated,2428,2021-01-22,2021-02-01,-0.0372511735907923,2021,2020-12-31,learned_order_extension,20260910,0.3707727762571325,0.3707727762571325,0,0
quarter_trend2_validated,2433,2021-01-29,2021-02-08,0.0278689901714626,2021,2020-12-31,learned_order_extension,20260910,0.43176970986504826,0.43176970986504826,0,1
quarter_volatility2_validated,2433,2021-01-29,2021-02-08,0.0278689901714626,2021,2020-12-31,learned_order_extension,20260910,0.43176970986504826,0.43176970986504826,0,1
quarter_trend2_validated,2438,2021-02-05,2021-02-22,0.0507379035040882,2021,2020-12-31,learned_order_extension,20260910,0.41923333650784145,0.41923333650784145,0,1
quarter_volatility2_validated,2438,2021-02-05,2021-02-22,0.0507379035040882,2021,2020-12-31,learned_order_extension,20260910,0.41923333650784145,0.41923333650784145,0,1
quarter_trend2_validated,2443,2021-02-19,2021-03-01,-0.0684918010685315,2021,2020-12-31,learned_order_extension,20260910,0.47927687031403743,0.47927687031403743,0,0
quarter_volatility2_validated,2443,2021-02-19,2021-03-01,-0.0684918010685315,2021,2020-12-31,learned_order_extension,20260910,0.47927687031403743,0.47927687031403743,0,0
quarter_trend2_validated,2448,2021-02-26,2021-03-08,-0.0165997123904068,2021,2020-12-31,learned_order_extension,20260910,0.4709068161644563,0.4709068161644563,0,0
quarter_volatility2_validated,2448,2021-02-26,2021-03-08,-0.0165997123904068,2021,2020-12-31,learned_order_extension,20260910,0.4709068161644563,0.4709068161644563,0,0
quarter_trend2_validated,2453,2021-03-05,2021-03-15,-0.0346560901469681,2021,2020-12-31,learned_order_extension,20260910,0.45619563032762256,0.45619563032762256,0,0
quarter_volatility2_validated,2453,2021-03-05,2021-03-15,-0.0346560901469681,2021,2020-12-31,learned_order_extension,20260910,0.45619563032762256,0.45619563032762256,0,0
quarter_trend2_validated,2458,2021-03-12,2021-03-22,-0.0210550182560221,2021,2020-12-31,learned_order_extension,20260910,0.47999849102949665,0.47999849102949665,0,0
quarter_volatility2_validated,2458,2021-03-12,2021-03-22,-0.0210550182560221,2021,2020-12-31,learned_order_extension,20260910,0.47999849102949665,0.47999849102949665,0,0
quarter_trend2_validated,2463,2021-03-19,2021-03-29,0.0087572877565691,2021,2020-12-31,learned_order_extension,20260910,0.5898698686538169,0.5898698686538169,1,1
quarter_volatility2_validated,2463,2021-03-19,2021-03-29,0.0087572877565691,2021,2020-12-31,learned_order_extension,20260910,0.5898698686538169,0.5898698686538169,1,1
quarter_trend2_validated,2468,2021-03-26,2021-04-06,0.0250145479448802,2021,2020-12-31,learned_order_extension,20260910,0.5737573684172776,0.5737573684172776,1,1
quarter_volatility2_validated,2468,2021-03-26,2021-04-06,0.0250145479448802,2021,2020-12-31,learned_order_extension,20260910,0.5737573684172776,0.5737573684172776,1,1
quarter_trend2_validated,2473,2021-04-02,2021-04-12,-0.0292856811827044,2021,2021-03-31,learned_order_extension,20260910,0.5606987442866249,0.5606987442866249,1,0
quarter_volatility2_validated,2473,2021-04-02,2021-04-12,-0.0292856811827044,2021,2021-03-31,learned_order_extension,20260910,0.5606987442866249,0.5606987442866249,1,0
quarter_trend2_validated,2477,2021-04-09,2021-04-19,-0.0120489836840408,2021,2021-03-31,learned_order_extension,20260910,0.7182274336525071,0.7182274336525071,1,0
quarter_volatility2_validated,2477,2021-04-09,2021-04-19,-0.0120489836840408,2021,2021-03-31,learned_order_extension,20260910,0.7182274336525071,0.7182274336525071,1,0
quarter_trend2_validated,2482,2021-04-16,2021-04-26,0.0382932540809155,2021,2021-03-31,learned_order_extension,20260910,0.6304814445875302,0.6304814445875302,1,1
quarter_volatility2_validated,2482,2021-04-16,2021-04-26,0.0382932540809155,2021,2021-03-31,learned_order_extension,20260910,0.6304814445875302,0.6304814445875302,1,1
quarter_trend2_validated,2487,2021-04-23,2021-05-06,-0.0112070185917437,2021,2021-03-31,learned_order_extension,20260910,0.7209122130262224,0.7209122130262224,1,0
quarter_volatility2_validated,2487,2021-04-23,2021-05-06,-0.0112070185917437,2021,2021-03-31,learned_order_extension,20260910,0.7209122130262224,0.7209122130262224,1,0
quarter_trend2_validated,2492,2021-04-30,2021-05-12,-0.0190946889464188,2021,2021-03-31,learned_order_extension,20260910,0.7079591515466482,0.7079591515466482,1,0
quarter_volatility2_validated,2492,2021-04-30,2021-05-12,-0.0190946889464188,2021,2021-03-31,learned_order_extension,20260910,0.7079591515466482,0.7079591515466482,1,0
quarter_trend2_validated,2494,2021-05-07,2021-05-17,0.0227674429764228,2021,2021-03-31,learned_order_extension,20260910,0.7249150404118895,0.7249150404118895,1,1
quarter_volatility2_validated,2494,2021-05-07,2021-05-17,0.0227674429764228,2021,2021-03-31,learned_order_extension,20260910,0.7249150404118895,0.7249150404118895,1,1
quarter_trend2_validated,2499,2021-05-14,2021-05-24,0.0045940519733895,2021,2021-03-31,learned_order_extension,20260910,0.6698431717025706,0.6698431717025706,1,1
quarter_volatility2_validated,2499,2021-05-14,2021-05-24,0.0045940519733895,2021,2021-03-31,learned_order_extension,20260910,0.6698431717025706,0.6698431717025706,1,1
quarter_trend2_validated,2504,2021-05-21,2021-05-31,0.0348855085126711,2021,2021-03-31,learned_order_extension,20260910,0.637226950963881,0.637226950963881,1,1
quarter_volatility2_validated,2504,2021-05-21,2021-05-31,0.0348855085126711,2021,2021-03-31,learned_order_extension,20260910,0.637226950963881,0.637226950963881,1,1
quarter_trend2_validated,2509,2021-05-28,2021-06-07,-0.0062409741861724,2021,2021-03-31,learned_order_extension,20260910,0.5886282988716269,0.5886282988716269,1,0
quarter_volatility2_validated,2509,2021-05-28,2021-06-07,-0.0062409741861724,2021,2021-03-31,learned_order_extension,20260910,0.5886282988716269,0.5886282988716269,1,0
quarter_trend2_validated,2514,2021-06-04,2021-06-15,-0.0125508761771767,2021,2021-03-31,learned_order_extension,20260910,0.45708512700896387,0.45708512700896387,0,0
quarter_volatility2_validated,2514,2021-06-04,2021-06-15,-0.0125508761771767,2021,2021-03-31,learned_order_extension,20260910,0.45708512700896387,0.45708512700896387,0,0
quarter_trend2_validated,2519,2021-06-11,2021-06-21,-0.0250011497424577,2021,2021-03-31,learned_order_extension,20260910,0.2698925230706461,0.2698925230706461,0,0
quarter_volatility2_validated,2519,2021-06-11,2021-06-21,-0.0250011497424577,2021,2021-03-31,learned_order_extension,20260910,0.2698925230706461,0.2698925230706461,0,0
quarter_trend2_validated,2523,2021-06-18,2021-06-28,0.0325308711127356,2021,2021-03-31,learned_order_extension,20260910,0.2635709565277681,0.2635709565277681,0,1
quarter_volatility2_validated,2523,2021-06-18,2021-06-28,0.0325308711127356,2021,2021-03-31,learned_order_extension,20260910,0.2635709565277681,0.2635709565277681,0,1
quarter_trend2_validated,2528,2021-06-25,2021-07-05,-0.0342297962734196,2021,2021-03-31,learned_order_extension,20260910,0.3555705506909634,0.3555705506909634,0,0
quarter_volatility2_validated,2528,2021-06-25,2021-07-05,-0.0342297962734196,2021,2021-03-31,learned_order_extension,20260910,0.3555705506909634,0.3555705506909634,0,0
quarter_trend2_validated,2533,2021-07-02,2021-07-12,0.0068193733271841,2021,2021-06-30,learned_order_extension,20260910,0.3215356208455046,0.3215356208455046,0,1
quarter_volatility2_validated,2533,2021-07-02,2021-07-12,0.0068193733271841,2021,2021-06-30,learned_order_extension,20260910,0.3215356208455046,0.3215356208455046,0,1
quarter_trend2_validated,2538,2021-07-09,2021-07-19,-0.0048254045313779,2021,2021-06-30,learned_order_extension,20260910,0.30960513014389496,0.30960513014389496,0,0
quarter_volatility2_validated,2538,2021-07-09,2021-07-19,-0.0048254045313779,2021,2021-06-30,learned_order_extension,20260910,0.30960513014389496,0.30960513014389496,0,0
quarter_trend2_validated,2543,2021-07-16,2021-07-26,-0.0032299118953994,2021,2021-06-30,learned_order_extension,20260910,0.26346674807178416,0.26346674807178416,0,0
quarter_volatility2_validated,2543,2021-07-16,2021-07-26,-0.0032299118953994,2021,2021-06-30,learned_order_extension,20260910,0.26346674807178416,0.26346674807178416,0,0
quarter_trend2_validated,2548,2021-07-23,2021-08-02,-0.0537740931579083,2021,2021-06-30,learned_order_extension,20260910,0.37768275856106887,0.37768275856106887,0,0
quarter_volatility2_validated,2548,2021-07-23,2021-08-02,-0.0537740931579083,2021,2021-06-30,learned_order_extension,20260910,0.37768275856106887,0.37768275856106887,0,0
quarter_trend2_validated,2553,2021-07-30,2021-08-09,0.019904813945049,2021,2021-06-30,learned_order_extension,20260910,0.4428695355453456,0.4428695355453456,0,1
quarter_volatility2_validated,2553,2021-07-30,2021-08-09,0.019904813945049,2021,2021-06-30,learned_order_extension,20260910,0.4428695355453456,0.4428695355453456,0,1
quarter_trend2_validated,2558,2021-08-06,2021-08-16,0.0093369268709639,2021,2021-06-30,learned_order_extension,20260910,0.4229515556966854,0.4229515556966854,0,1
quarter_volatility2_validated,2558,2021-08-06,2021-08-16,0.0093369268709639,2021,2021-06-30,learned_order_extension,20260910,0.4229515556966854,0.4229515556966854,0,1
quarter_trend2_validated,2563,2021-08-13,2021-08-23,-0.032048736608373,2021,2021-06-30,learned_order_extension,20260910,0.4456618802062691,0.4456618802062691,0,0
quarter_volatility2_validated,2563,2021-08-13,2021-08-23,-0.032048736608373,2021,2021-06-30,learned_order_extension,20260910,0.4456618802062691,0.4456618802062691,0,0
quarter_trend2_validated,2568,2021-08-20,2021-08-30,0.0145047962107527,2021,2021-06-30,learned_order_extension,20260910,0.5729448112364248,0.5729448112364248,1,1
quarter_volatility2_validated,2568,2021-08-20,2021-08-30,0.0145047962107527,2021,2021-06-30,learned_order_extension,20260910,0.5729448112364248,0.5729448112364248,1,1
quarter_trend2_validated,2573,2021-08-27,2021-09-06,-0.0012316820816045,2021,2021-06-30,learned_order_extension,20260910,0.5932306473216634,0.5932306473216634,1,0
quarter_volatility2_validated,2573,2021-08-27,2021-09-06,-0.0012316820816045,2021,2021-06-30,learned_order_extension,20260910,0.5932306473216634,0.5932306473216634,1,0
quarter_trend2_validated,2578,2021-09-03,2021-09-13,0.0342301066295398,2021,2021-06-30,learned_order_extension,20260910,0.7530250371326861,0.7530250371326861,1,1
quarter_volatility2_validated,2578,2021-09-03,2021-09-13,0.0342301066295398,2021,2021-06-30,learned_order_extension,20260910,0.7530250371326861,0.7530250371326861,1,1
quarter_trend2_validated,2583,2021-09-10,2021-09-22,-0.0471441667981554,2021,2021-06-30,learned_order_extension,20260910,0.7486737724952331,0.7486737724952331,1,0
quarter_volatility2_validated,2583,2021-09-10,2021-09-22,-0.0471441667981554,2021,2021-06-30,learned_order_extension,20260910,0.7486737724952331,0.7486737724952331,1,0
quarter_trend2_validated,2588,2021-09-17,2021-09-28,0.0209863060789441,2021,2021-06-30,learned_order_extension,20260910,0.7583098115704442,0.7583098115704442,1,1
quarter_volatility2_validated,2588,2021-09-17,2021-09-28,0.0209863060789441,2021,2021-06-30,learned_order_extension,20260910,0.7583098115704442,0.7583098115704442,1,1
quarter_trend2_validated,2591,2021-09-24,2021-10-11,0.0144615416200457,2021,2021-06-30,learned_order_extension,20260910,0.8103635906047445,0.8103635906047445,1,1
quarter_volatility2_validated,2591,2021-09-24,2021-10-11,0.0144615416200457,2021,2021-06-30,learned_order_extension,20260910,0.8103635906047445,0.8103635906047445,1,1
quarter_trend2_validated,2596,2021-10-08,2021-10-18,-0.0038006269617851,2021,2021-09-30,learned_order_extension,20260910,0.7561808318033095,0.7561808318033095,1,0
quarter_volatility2_validated,2596,2021-10-08,2021-10-18,-0.0038006269617851,2021,2021-09-30,learned_order_extension,20260910,0.7561808318033095,0.7561808318033095,1,0
quarter_trend2_validated,2601,2021-10-15,2021-10-25,0.0037358989621147,2021,2021-09-30,learned_order_extension,20260910,0.7694557887920218,0.7694557887920218,1,1
quarter_volatility2_validated,2601,2021-10-15,2021-10-25,0.0037358989621147,2021,2021-09-30,learned_order_extension,20260910,0.7694557887920218,0.7694557887920218,1,1
quarter_trend2_validated,2606,2021-10-22,2021-11-01,-0.0127041632091318,2021,2021-09-30,learned_order_extension,20260910,0.5615338980352494,0.5615338980352494,1,0
quarter_volatility2_validated,2606,2021-10-22,2021-11-01,-0.0127041632091318,2021,2021-09-30,learned_order_extension,20260910,0.5615338980352494,0.5615338980352494,1,0
quarter_trend2_validated,2611,2021-10-29,2021-11-08,-0.0075807737801166,2021,2021-09-30,learned_order_extension,20260910,0.6036504395848563,0.6036504395848563,1,0
quarter_volatility2_validated,2611,2021-10-29,2021-11-08,-0.0075807737801166,2021,2021-09-30,learned_order_extension,20260910,0.6036504395848563,0.6036504395848563,1,0
quarter_trend2_validated,2616,2021-11-05,2021-11-15,0.0110015182343039,2021,2021-09-30,learned_order_extension,20260910,0.7240099906328699,0.7240099906328699,1,1
quarter_volatility2_validated,2616,2021-11-05,2021-11-15,0.0110015182343039,2021,2021-09-30,learned_order_extension,20260910,0.7240099906328699,0.7240099906328699,1,1
quarter_trend2_validated,2621,2021-11-12,2021-11-22,0.0002002284238551,2021,2021-09-30,learned_order_extension,20260910,0.8323347557675079,0.8323347557675079,1,1
quarter_volatility2_validated,2621,2021-11-12,2021-11-22,0.0002002284238551,2021,2021-09-30,learned_order_extension,20260910,0.8323347557675079,0.8323347557675079,1,1
quarter_trend2_validated,2626,2021-11-19,2021-11-29,-0.0153981603100059,2021,2021-09-30,learned_order_extension,20260910,0.8873632409726487,0.8873632409726487,1,0
quarter_volatility2_validated,2626,2021-11-19,2021-11-29,-0.0153981603100059,2021,2021-09-30,learned_order_extension,20260910,0.8873632409726487,0.8873632409726487,1,0
quarter_trend2_validated,2631,2021-11-26,2021-12-06,0.0185518287306458,2021,2021-09-30,learned_order_extension,20260910,0.7750880996921731,0.7750880996921731,1,1
quarter_volatility2_validated,2631,2021-11-26,2021-12-06,0.0185518287306458,2021,2021-09-30,learned_order_extension,20260910,0.7750880996921731,0.7750880996921731,1,1
quarter_trend2_validated,2636,2021-12-03,2021-12-13,0.0367843110096284,2021,2021-09-30,learned_order_extension,20260910,0.7534897898811092,0.7534897898811092,1,1
quarter_volatility2_validated,2636,2021-12-03,2021-12-13,0.0367843110096284,2021,2021-09-30,learned_order_extension,20260910,0.7534897898811092,0.7534897898811092,1,1
quarter_trend2_validated,2641,2021-12-10,2021-12-20,-0.0304615698955996,2021,2021-09-30,learned_order_extension,20260910,0.6528475687663766,0.6528475687663766,1,0
quarter_volatility2_validated,2641,2021-12-10,2021-12-20,-0.0304615698955996,2021,2021-09-30,learned_order_extension,20260910,0.6528475687663766,0.6528475687663766,1,0
quarter_trend2_validated,2646,2021-12-17,2021-12-27,-0.0034083287233763,2021,2021-09-30,learned_order_extension,20260910,0.799691742557479,0.799691742557479,1,0
quarter_volatility2_validated,2646,2021-12-17,2021-12-27,-0.0034083287233763,2021,2021-09-30,learned_order_extension,20260910,0.799691742557479,0.799691742557479,1,0
quarter_trend2_validated,2651,2021-12-24,2022-01-04,0.0080985736506613,2021,2021-09-30,learned_order_extension,20260910,0.8273154011733129,0.8273154011733129,1,1
quarter_volatility2_validated,2651,2021-12-24,2022-01-04,0.0080985736506613,2021,2021-09-30,learned_order_extension,20260910,0.8273154011733129,0.8273154011733129,1,1
quarter_trend2_validated,2656,2021-12-31,2022-01-10,-0.0293970528320001,2021,2021-09-30,learned_order_extension,20260910,0.8069727850322581,0.8069727850322581,1,0
quarter_volatility2_validated,2656,2021-12-31,2022-01-10,-0.0293970528320001,2021,2021-09-30,learned_order_extension,20260910,0.8069727850322581,0.8069727850322581,1,0
quarter_trend2_validated,2418,2021-01-08,2021-01-18,-0.0120052904669853,2021,2020-12-31,learned_order_offset,20260910,0.5336151486659025,0.5336151486659025,1,0
quarter_volatility2_validated,2418,2021-01-08,2021-01-18,-0.0120052904669853,2021,2020-12-31,learned_order_offset,20260910,0.5336151486659025,0.5336151486659025,1,0
quarter_trend2_validated,2423,2021-01-15,2021-01-25,0.0231622460538123,2021,2020-12-31,learned_order_offset,20260910,0.48002913839274924,0.48002913839274924,0,1
quarter_volatility2_validated,2423,2021-01-15,2021-01-25,0.0231622460538123,2021,2020-12-31,learned_order_offset,20260910,0.48002913839274924,0.48002913839274924,0,1
quarter_trend2_validated,2428,2021-01-22,2021-02-01,-0.0372511735907923,2021,2020-12-31,learned_order_offset,20260910,0.37113237990157133,0.37113237990157133,0,0
quarter_volatility2_validated,2428,2021-01-22,2021-02-01,-0.0372511735907923,2021,2020-12-31,learned_order_offset,20260910,0.37113237990157133,0.37113237990157133,0,0
quarter_trend2_validated,2433,2021-01-29,2021-02-08,0.0278689901714626,2021,2020-12-31,learned_order_offset,20260910,0.43182028534515077,0.43182028534515077,0,1
quarter_volatility2_validated,2433,2021-01-29,2021-02-08,0.0278689901714626,2021,2020-12-31,learned_order_offset,20260910,0.43182028534515077,0.43182028534515077,0,1
quarter_trend2_validated,2438,2021-02-05,2021-02-22,0.0507379035040882,2021,2020-12-31,learned_order_offset,20260910,0.4191495029175148,0.4191495029175148,0,1
quarter_volatility2_validated,2438,2021-02-05,2021-02-22,0.0507379035040882,2021,2020-12-31,learned_order_offset,20260910,0.4191495029175148,0.4191495029175148,0,1
quarter_trend2_validated,2443,2021-02-19,2021-03-01,-0.0684918010685315,2021,2020-12-31,learned_order_offset,20260910,0.479618495019198,0.479618495019198,0,0
quarter_volatility2_validated,2443,2021-02-19,2021-03-01,-0.0684918010685315,2021,2020-12-31,learned_order_offset,20260910,0.479618495019198,0.479618495019198,0,0
quarter_trend2_validated,2448,2021-02-26,2021-03-08,-0.0165997123904068,2021,2020-12-31,learned_order_offset,20260910,0.47073396029682846,0.47073396029682846,0,0
quarter_volatility2_validated,2448,2021-02-26,2021-03-08,-0.0165997123904068,2021,2020-12-31,learned_order_offset,20260910,0.47073396029682846,0.47073396029682846,0,0
quarter_trend2_validated,2453,2021-03-05,2021-03-15,-0.0346560901469681,2021,2020-12-31,learned_order_offset,20260910,0.4561872166710552,0.4561872166710552,0,0
quarter_volatility2_validated,2453,2021-03-05,2021-03-15,-0.0346560901469681,2021,2020-12-31,learned_order_offset,20260910,0.4561872166710552,0.4561872166710552,0,0
quarter_trend2_validated,2458,2021-03-12,2021-03-22,-0.0210550182560221,2021,2020-12-31,learned_order_offset,20260910,0.48027551652013106,0.48027551652013106,0,0
quarter_volatility2_validated,2458,2021-03-12,2021-03-22,-0.0210550182560221,2021,2020-12-31,learned_order_offset,20260910,0.48027551652013106,0.48027551652013106,0,0
quarter_trend2_validated,2463,2021-03-19,2021-03-29,0.0087572877565691,2021,2020-12-31,learned_order_offset,20260910,0.5905225656238325,0.5905225656238325,1,1
quarter_volatility2_validated,2463,2021-03-19,2021-03-29,0.0087572877565691,2021,2020-12-31,learned_order_offset,20260910,0.5905225656238325,0.5905225656238325,1,1
quarter_trend2_validated,2468,2021-03-26,2021-04-06,0.0250145479448802,2021,2020-12-31,learned_order_offset,20260910,0.5737282476957762,0.5737282476957762,1,1
quarter_volatility2_validated,2468,2021-03-26,2021-04-06,0.0250145479448802,2021,2020-12-31,learned_order_offset,20260910,0.5737282476957762,0.5737282476957762,1,1
quarter_trend2_validated,2473,2021-04-02,2021-04-12,-0.0292856811827044,2021,2021-03-31,learned_order_offset,20260910,0.5601705309594638,0.5601705309594638,1,0
quarter_volatility2_validated,2473,2021-04-02,2021-04-12,-0.0292856811827044,2021,2021-03-31,learned_order_offset,20260910,0.5601705309594638,0.5601705309594638,1,0
quarter_trend2_validated,2477,2021-04-09,2021-04-19,-0.0120489836840408,2021,2021-03-31,learned_order_offset,20260910,0.7179682807976931,0.7179682807976931,1,0
quarter_volatility2_validated,2477,2021-04-09,2021-04-19,-0.0120489836840408,2021,2021-03-31,learned_order_offset,20260910,0.7179682807976931,0.7179682807976931,1,0
quarter_trend2_validated,2482,2021-04-16,2021-04-26,0.0382932540809155,2021,2021-03-31,learned_order_offset,20260910,0.6306810809758883,0.6306810809758883,1,1
quarter_volatility2_validated,2482,2021-04-16,2021-04-26,0.0382932540809155,2021,2021-03-31,learned_order_offset,20260910,0.6306810809758883,0.6306810809758883,1,1
quarter_trend2_validated,2487,2021-04-23,2021-05-06,-0.0112070185917437,2021,2021-03-31,learned_order_offset,20260910,0.7206078147510746,0.7206078147510746,1,0
quarter_volatility2_validated,2487,2021-04-23,2021-05-06,-0.0112070185917437,2021,2021-03-31,learned_order_offset,20260910,0.7206078147510746,0.7206078147510746,1,0
quarter_trend2_validated,2492,2021-04-30,2021-05-12,-0.0190946889464188,2021,2021-03-31,learned_order_offset,20260910,0.7081889914509276,0.7081889914509276,1,0
quarter_volatility2_validated,2492,2021-04-30,2021-05-12,-0.0190946889464188,2021,2021-03-31,learned_order_offset,20260910,0.7081889914509276,0.7081889914509276,1,0
quarter_trend2_validated,2494,2021-05-07,2021-05-17,0.0227674429764228,2021,2021-03-31,learned_order_offset,20260910,0.7251521525843039,0.7251521525843039,1,1
quarter_volatility2_validated,2494,2021-05-07,2021-05-17,0.0227674429764228,2021,2021-03-31,learned_order_offset,20260910,0.7251521525843039,0.7251521525843039,1,1
quarter_trend2_validated,2499,2021-05-14,2021-05-24,0.0045940519733895,2021,2021-03-31,learned_order_offset,20260910,0.6694154575019221,0.6694154575019221,1,1
quarter_volatility2_validated,2499,2021-05-14,2021-05-24,0.0045940519733895,2021,2021-03-31,learned_order_offset,20260910,0.6694154575019221,0.6694154575019221,1,1
quarter_trend2_validated,2504,2021-05-21,2021-05-31,0.0348855085126711,2021,2021-03-31,learned_order_offset,20260910,0.6371708245860618,0.6371708245860618,1,1
quarter_volatility2_validated,2504,2021-05-21,2021-05-31,0.0348855085126711,2021,2021-03-31,learned_order_offset,20260910,0.6371708245860618,0.6371708245860618,1,1
quarter_trend2_validated,2509,2021-05-28,2021-06-07,-0.0062409741861724,2021,2021-03-31,learned_order_offset,20260910,0.5888200734182478,0.5888200734182478,1,0
quarter_volatility2_validated,2509,2021-05-28,2021-06-07,-0.0062409741861724,2021,2021-03-31,learned_order_offset,20260910,0.5888200734182478,0.5888200734182478,1,0
quarter_trend2_validated,2514,2021-06-04,2021-06-15,-0.0125508761771767,2021,2021-03-31,learned_order_offset,20260910,0.45742240834197484,0.45742240834197484,0,0
quarter_volatility2_validated,2514,2021-06-04,2021-06-15,-0.0125508761771767,2021,2021-03-31,learned_order_offset,20260910,0.45742240834197484,0.45742240834197484,0,0
quarter_trend2_validated,2519,2021-06-11,2021-06-21,-0.0250011497424577,2021,2021-03-31,learned_order_offset,20260910,0.2701660447902878,0.2701660447902878,0,0
quarter_volatility2_validated,2519,2021-06-11,2021-06-21,-0.0250011497424577,2021,2021-03-31,learned_order_offset,20260910,0.2701660447902878,0.2701660447902878,0,0
quarter_trend2_validated,2523,2021-06-18,2021-06-28,0.0325308711127356,2021,2021-03-31,learned_order_offset,20260910,0.2637900504073793,0.2637900504073793,0,1
quarter_volatility2_validated,2523,2021-06-18,2021-06-28,0.0325308711127356,2021,2021-03-31,learned_order_offset,20260910,0.2637900504073793,0.2637900504073793,0,1
quarter_trend2_validated,2528,2021-06-25,2021-07-05,-0.0342297962734196,2021,2021-03-31,learned_order_offset,20260910,0.3559086153667759,0.3559086153667759,0,0
quarter_volatility2_validated,2528,2021-06-25,2021-07-05,-0.0342297962734196,2021,2021-03-31,learned_order_offset,20260910,0.3559086153667759,0.3559086153667759,0,0
quarter_trend2_validated,2533,2021-07-02,2021-07-12,0.0068193733271841,2021,2021-06-30,learned_order_offset,20260910,0.3216916416287179,0.3216916416287179,0,1
quarter_volatility2_validated,2533,2021-07-02,2021-07-12,0.0068193733271841,2021,2021-06-30,learned_order_offset,20260910,0.3216916416287179,0.3216916416287179,0,1
quarter_trend2_validated,2538,2021-07-09,2021-07-19,-0.0048254045313779,2021,2021-06-30,learned_order_offset,20260910,0.3101145030268536,0.3101145030268536,0,0
quarter_volatility2_validated,2538,2021-07-09,2021-07-19,-0.0048254045313779,2021,2021-06-30,learned_order_offset,20260910,0.3101145030268536,0.3101145030268536,0,0
quarter_trend2_validated,2543,2021-07-16,2021-07-26,-0.0032299118953994,2021,2021-06-30,learned_order_offset,20260910,0.26392360125279063,0.26392360125279063,0,0
quarter_volatility2_validated,2543,2021-07-16,2021-07-26,-0.0032299118953994,2021,2021-06-30,learned_order_offset,20260910,0.26392360125279063,0.26392360125279063,0,0
quarter_trend2_validated,2548,2021-07-23,2021-08-02,-0.0537740931579083,2021,2021-06-30,learned_order_offset,20260910,0.3781019647861085,0.3781019647861085,0,0
quarter_volatility2_validated,2548,2021-07-23,2021-08-02,-0.0537740931579083,2021,2021-06-30,learned_order_offset,20260910,0.3781019647861085,0.3781019647861085,0,0
quarter_trend2_validated,2553,2021-07-30,2021-08-09,0.019904813945049,2021,2021-06-30,learned_order_offset,20260910,0.443071770145631,0.443071770145631,0,1
quarter_volatility2_validated,2553,2021-07-30,2021-08-09,0.019904813945049,2021,2021-06-30,learned_order_offset,20260910,0.443071770145631,0.443071770145631,0,1
quarter_trend2_validated,2558,2021-08-06,2021-08-16,0.0093369268709639,2021,2021-06-30,learned_order_offset,20260910,0.4229308279115627,0.4229308279115627,0,1
quarter_volatility2_validated,2558,2021-08-06,2021-08-16,0.0093369268709639,2021,2021-06-30,learned_order_offset,20260910,0.4229308279115627,0.4229308279115627,0,1
quarter_trend2_validated,2563,2021-08-13,2021-08-23,-0.032048736608373,2021,2021-06-30,learned_order_offset,20260910,0.4454769793108894,0.4454769793108894,0,0
quarter_volatility2_validated,2563,2021-08-13,2021-08-23,-0.032048736608373,2021,2021-06-30,learned_order_offset,20260910,0.4454769793108894,0.4454769793108894,0,0
quarter_trend2_validated,2568,2021-08-20,2021-08-30,0.0145047962107527,2021,2021-06-30,learned_order_offset,20260910,0.5730433431588372,0.5730433431588372,1,1
quarter_volatility2_validated,2568,2021-08-20,2021-08-30,0.0145047962107527,2021,2021-06-30,learned_order_offset,20260910,0.5730433431588372,0.5730433431588372,1,1
quarter_trend2_validated,2573,2021-08-27,2021-09-06,-0.0012316820816045,2021,2021-06-30,learned_order_offset,20260910,0.5924044756946784,0.5924044756946784,1,0
quarter_volatility2_validated,2573,2021-08-27,2021-09-06,-0.0012316820816045,2021,2021-06-30,learned_order_offset,20260910,0.5924044756946784,0.5924044756946784,1,0
quarter_trend2_validated,2578,2021-09-03,2021-09-13,0.0342301066295398,2021,2021-06-30,learned_order_offset,20260910,0.7533662187579737,0.7533662187579737,1,1
quarter_volatility2_validated,2578,2021-09-03,2021-09-13,0.0342301066295398,2021,2021-06-30,learned_order_offset,20260910,0.7533662187579737,0.7533662187579737,1,1
quarter_trend2_validated,2583,2021-09-10,2021-09-22,-0.0471441667981554,2021,2021-06-30,learned_order_offset,20260910,0.7490237805795243,0.7490237805795243,1,0
quarter_volatility2_validated,2583,2021-09-10,2021-09-22,-0.0471441667981554,2021,2021-06-30,learned_order_offset,20260910,0.7490237805795243,0.7490237805795243,1,0
quarter_trend2_validated,2588,2021-09-17,2021-09-28,0.0209863060789441,2021,2021-06-30,learned_order_offset,20260910,0.7578019779876107,0.7578019779876107,1,1
quarter_volatility2_validated,2588,2021-09-17,2021-09-28,0.0209863060789441,2021,2021-06-30,learned_order_offset,20260910,0.7578019779876107,0.7578019779876107,1,1
quarter_trend2_validated,2591,2021-09-24,2021-10-11,0.0144615416200457,2021,2021-06-30,learned_order_offset,20260910,0.8099614624313016,0.8099614624313016,1,1
quarter_volatility2_validated,2591,2021-09-24,2021-10-11,0.0144615416200457,2021,2021-06-30,learned_order_offset,20260910,0.8099614624313016,0.8099614624313016,1,1
quarter_trend2_validated,2596,2021-10-08,2021-10-18,-0.0038006269617851,2021,2021-09-30,learned_order_offset,20260910,0.7558117307103386,0.7558117307103386,1,0
quarter_volatility2_validated,2596,2021-10-08,2021-10-18,-0.0038006269617851,2021,2021-09-30,learned_order_offset,20260910,0.7558117307103386,0.7558117307103386,1,0
quarter_trend2_validated,2601,2021-10-15,2021-10-25,0.0037358989621147,2021,2021-09-30,learned_order_offset,20260910,0.7689767891616536,0.7689767891616536,1,1
quarter_volatility2_validated,2601,2021-10-15,2021-10-25,0.0037358989621147,2021,2021-09-30,learned_order_offset,20260910,0.7689767891616536,0.7689767891616536,1,1
quarter_trend2_validated,2606,2021-10-22,2021-11-01,-0.0127041632091318,2021,2021-09-30,learned_order_offset,20260910,0.5615967587205846,0.5615967587205846,1,0
quarter_volatility2_validated,2606,2021-10-22,2021-11-01,-0.0127041632091318,2021,2021-09-30,learned_order_offset,20260910,0.5615967587205846,0.5615967587205846,1,0
quarter_trend2_validated,2611,2021-10-29,2021-11-08,-0.0075807737801166,2021,2021-09-30,learned_order_offset,20260910,0.6034269345495461,0.6034269345495461,1,0
quarter_volatility2_validated,2611,2021-10-29,2021-11-08,-0.0075807737801166,2021,2021-09-30,learned_order_offset,20260910,0.6034269345495461,0.6034269345495461,1,0
quarter_trend2_validated,2616,2021-11-05,2021-11-15,0.0110015182343039,2021,2021-09-30,learned_order_offset,20260910,0.7234699294457386,0.7234699294457386,1,1
quarter_volatility2_validated,2616,2021-11-05,2021-11-15,0.0110015182343039,2021,2021-09-30,learned_order_offset,20260910,0.7234699294457386,0.7234699294457386,1,1
quarter_trend2_validated,2621,2021-11-12,2021-11-22,0.0002002284238551,2021,2021-09-30,learned_order_offset,20260910,0.8319926561058519,0.8319926561058519,1,1
quarter_volatility2_validated,2621,2021-11-12,2021-11-22,0.0002002284238551,2021,2021-09-30,learned_order_offset,20260910,0.8319926561058519,0.8319926561058519,1,1
quarter_trend2_validated,2626,2021-11-19,2021-11-29,-0.0153981603100059,2021,2021-09-30,learned_order_offset,20260910,0.887309504410544,0.887309504410544,1,0
quarter_volatility2_validated,2626,2021-11-19,2021-11-29,-0.0153981603100059,2021,2021-09-30,learned_order_offset,20260910,0.887309504410544,0.887309504410544,1,0
quarter_trend2_validated,2631,2021-11-26,2021-12-06,0.0185518287306458,2021,2021-09-30,learned_order_offset,20260910,0.7746760492907543,0.7746760492907543,1,1
quarter_volatility2_validated,2631,2021-11-26,2021-12-06,0.0185518287306458,2021,2021-09-30,learned_order_offset,20260910,0.7746760492907543,0.7746760492907543,1,1
quarter_trend2_validated,2636,2021-12-03,2021-12-13,0.0367843110096284,2021,2021-09-30,learned_order_offset,20260910,0.7532912032975808,0.7532912032975808,1,1
quarter_volatility2_validated,2636,2021-12-03,2021-12-13,0.0367843110096284,2021,2021-09-30,learned_order_offset,20260910,0.7532912032975808,0.7532912032975808,1,1
quarter_trend2_validated,2641,2021-12-10,2021-12-20,-0.0304615698955996,2021,2021-09-30,learned_order_offset,20260910,0.6527672096530658,0.6527672096530658,1,0
quarter_volatility2_validated,2641,2021-12-10,2021-12-20,-0.0304615698955996,2021,2021-09-30,learned_order_offset,20260910,0.6527672096530658,0.6527672096530658,1,0
quarter_trend2_validated,2646,2021-12-17,2021-12-27,-0.0034083287233763,2021,2021-09-30,learned_order_offset,20260910,0.7996262996967062,0.7996262996967062,1,0
quarter_volatility2_validated,2646,2021-12-17,2021-12-27,-0.0034083287233763,2021,2021-09-30,learned_order_offset,20260910,0.7996262996967062,0.7996262996967062,1,0
quarter_trend2_validated,2651,2021-12-24,2022-01-04,0.0080985736506613,2021,2021-09-30,learned_order_offset,20260910,0.8271891503369482,0.8271891503369482,1,1
quarter_volatility2_validated,2651,2021-12-24,2022-01-04,0.0080985736506613,2021,2021-09-30,learned_order_offset,20260910,0.8271891503369482,0.8271891503369482,1,1
quarter_trend2_validated,2656,2021-12-31,2022-01-10,-0.0293970528320001,2021,2021-09-30,learned_order_offset,20260910,0.8067823326626401,0.8067823326626401,1,0
quarter_volatility2_validated,2656,2021-12-31,2022-01-10,-0.0293970528320001,2021,2021-09-30,learned_order_offset,20260910,0.8067823326626401,0.8067823326626401,1,0
quarter_trend2_validated,2418,2021-01-08,2021-01-18,-0.0120052904669853,2021,2020-12-31,learned_market,20260911,0.47359422145655633,0.47359422145655633,0,0
quarter_volatility2_validated,2418,2021-01-08,2021-01-18,-0.0120052904669853,2021,2020-12-31,learned_market,20260911,0.47359422145655633,0.47359422145655633,0,0
quarter_trend2_validated,2423,2021-01-15,2021-01-25,0.0231622460538123,2021,2020-12-31,learned_market,20260911,0.29529449998072343,0.29529449998072343,0,1
quarter_volatility2_validated,2423,2021-01-15,2021-01-25,0.0231622460538123,2021,2020-12-31,learned_market,20260911,0.29529449998072343,0.29529449998072343,0,1
quarter_trend2_validated,2428,2021-01-22,2021-02-01,-0.0372511735907923,2021,2020-12-31,learned_market,20260911,0.47394332492431446,0.47394332492431446,0,0
quarter_volatility2_validated,2428,2021-01-22,2021-02-01,-0.0372511735907923,2021,2020-12-31,learned_market,20260911,0.47394332492431446,0.47394332492431446,0,0
quarter_trend2_validated,2433,2021-01-29,2021-02-08,0.0278689901714626,2021,2020-12-31,learned_market,20260911,0.34860128575085947,0.34860128575085947,0,1
quarter_volatility2_validated,2433,2021-01-29,2021-02-08,0.0278689901714626,2021,2020-12-31,learned_market,20260911,0.34860128575085947,0.34860128575085947,0,1
quarter_trend2_validated,2438,2021-02-05,2021-02-22,0.0507379035040882,2021,2020-12-31,learned_market,20260911,0.5472341429725764,0.5472341429725764,1,1
quarter_volatility2_validated,2438,2021-02-05,2021-02-22,0.0507379035040882,2021,2020-12-31,learned_market,20260911,0.5472341429725764,0.5472341429725764,1,1
quarter_trend2_validated,2443,2021-02-19,2021-03-01,-0.0684918010685315,2021,2020-12-31,learned_market,20260911,0.4390527856170199,0.4390527856170199,0,0
quarter_volatility2_validated,2443,2021-02-19,2021-03-01,-0.0684918010685315,2021,2020-12-31,learned_market,20260911,0.4390527856170199,0.4390527856170199,0,0
quarter_trend2_validated,2448,2021-02-26,2021-03-08,-0.0165997123904068,2021,2020-12-31,learned_market,20260911,0.4901857818012489,0.4901857818012489,0,0
quarter_volatility2_validated,2448,2021-02-26,2021-03-08,-0.0165997123904068,2021,2020-12-31,learned_market,20260911,0.4901857818012489,0.4901857818012489,0,0
quarter_trend2_validated,2453,2021-03-05,2021-03-15,-0.0346560901469681,2021,2020-12-31,learned_market,20260911,0.3640545492155067,0.3640545492155067,0,0
quarter_volatility2_validated,2453,2021-03-05,2021-03-15,-0.0346560901469681,2021,2020-12-31,learned_market,20260911,0.3640545492155067,0.3640545492155067,0,0
quarter_trend2_validated,2458,2021-03-12,2021-03-22,-0.0210550182560221,2021,2020-12-31,learned_market,20260911,0.27457561641477635,0.27457561641477635,0,0
quarter_volatility2_validated,2458,2021-03-12,2021-03-22,-0.0210550182560221,2021,2020-12-31,learned_market,20260911,0.27457561641477635,0.27457561641477635,0,0
quarter_trend2_validated,2463,2021-03-19,2021-03-29,0.0087572877565691,2021,2020-12-31,learned_market,20260911,0.5317095579141908,0.5317095579141908,1,1
quarter_volatility2_validated,2463,2021-03-19,2021-03-29,0.0087572877565691,2021,2020-12-31,learned_market,20260911,0.5317095579141908,0.5317095579141908,1,1
quarter_trend2_validated,2468,2021-03-26,2021-04-06,0.0250145479448802,2021,2020-12-31,learned_market,20260911,0.48950965003399194,0.48950965003399194,0,1
quarter_volatility2_validated,2468,2021-03-26,2021-04-06,0.0250145479448802,2021,2020-12-31,learned_market,20260911,0.48950965003399194,0.48950965003399194,0,1
quarter_trend2_validated,2473,2021-04-02,2021-04-12,-0.0292856811827044,2021,2021-03-31,learned_market,20260911,0.6284072500994273,0.6284072500994273,1,0
quarter_volatility2_validated,2473,2021-04-02,2021-04-12,-0.0292856811827044,2021,2021-03-31,learned_market,20260911,0.6284072500994273,0.6284072500994273,1,0
quarter_trend2_validated,2477,2021-04-09,2021-04-19,-0.0120489836840408,2021,2021-03-31,learned_market,20260911,0.5279187640170273,0.5279187640170273,1,0
quarter_volatility2_validated,2477,2021-04-09,2021-04-19,-0.0120489836840408,2021,2021-03-31,learned_market,20260911,0.5279187640170273,0.5279187640170273,1,0
quarter_trend2_validated,2482,2021-04-16,2021-04-26,0.0382932540809155,2021,2021-03-31,learned_market,20260911,0.4865076820291842,0.4865076820291842,0,1
quarter_volatility2_validated,2482,2021-04-16,2021-04-26,0.0382932540809155,2021,2021-03-31,learned_market,20260911,0.4865076820291842,0.4865076820291842,0,1
quarter_trend2_validated,2487,2021-04-23,2021-05-06,-0.0112070185917437,2021,2021-03-31,learned_market,20260911,0.5300805747669529,0.5300805747669529,1,0
quarter_volatility2_validated,2487,2021-04-23,2021-05-06,-0.0112070185917437,2021,2021-03-31,learned_market,20260911,0.5300805747669529,0.5300805747669529,1,0
quarter_trend2_validated,2492,2021-04-30,2021-05-12,-0.0190946889464188,2021,2021-03-31,learned_market,20260911,0.6951452745996383,0.6951452745996383,1,0
quarter_volatility2_validated,2492,2021-04-30,2021-05-12,-0.0190946889464188,2021,2021-03-31,learned_market,20260911,0.6951452745996383,0.6951452745996383,1,0
quarter_trend2_validated,2494,2021-05-07,2021-05-17,0.0227674429764228,2021,2021-03-31,learned_market,20260911,0.7605988126578928,0.7605988126578928,1,1
quarter_volatility2_validated,2494,2021-05-07,2021-05-17,0.0227674429764228,2021,2021-03-31,learned_market,20260911,0.7605988126578928,0.7605988126578928,1,1
quarter_trend2_validated,2499,2021-05-14,2021-05-24,0.0045940519733895,2021,2021-03-31,learned_market,20260911,0.431899455562366,0.431899455562366,0,1
quarter_volatility2_validated,2499,2021-05-14,2021-05-24,0.0045940519733895,2021,2021-03-31,learned_market,20260911,0.431899455562366,0.431899455562366,0,1
quarter_trend2_validated,2504,2021-05-21,2021-05-31,0.0348855085126711,2021,2021-03-31,learned_market,20260911,0.6176291390559848,0.6176291390559848,1,1
quarter_volatility2_validated,2504,2021-05-21,2021-05-31,0.0348855085126711,2021,2021-03-31,learned_market,20260911,0.6176291390559848,0.6176291390559848,1,1
quarter_trend2_validated,2509,2021-05-28,2021-06-07,-0.0062409741861724,2021,2021-03-31,learned_market,20260911,0.5529696066128726,0.5529696066128726,1,0
quarter_volatility2_validated,2509,2021-05-28,2021-06-07,-0.0062409741861724,2021,2021-03-31,learned_market,20260911,0.5529696066128726,0.5529696066128726,1,0
quarter_trend2_validated,2514,2021-06-04,2021-06-15,-0.0125508761771767,2021,2021-03-31,learned_market,20260911,0.43021338956165145,0.43021338956165145,0,0
quarter_volatility2_validated,2514,2021-06-04,2021-06-15,-0.0125508761771767,2021,2021-03-31,learned_market,20260911,0.43021338956165145,0.43021338956165145,0,0
quarter_trend2_validated,2519,2021-06-11,2021-06-21,-0.0250011497424577,2021,2021-03-31,learned_market,20260911,0.23588261601608784,0.23588261601608784,0,0
quarter_volatility2_validated,2519,2021-06-11,2021-06-21,-0.0250011497424577,2021,2021-03-31,learned_market,20260911,0.23588261601608784,0.23588261601608784,0,0
quarter_trend2_validated,2523,2021-06-18,2021-06-28,0.0325308711127356,2021,2021-03-31,learned_market,20260911,0.4400528193036787,0.4400528193036787,0,1
quarter_volatility2_validated,2523,2021-06-18,2021-06-28,0.0325308711127356,2021,2021-03-31,learned_market,20260911,0.4400528193036787,0.4400528193036787,0,1
quarter_trend2_validated,2528,2021-06-25,2021-07-05,-0.0342297962734196,2021,2021-03-31,learned_market,20260911,0.398327544114051,0.398327544114051,0,0
quarter_volatility2_validated,2528,2021-06-25,2021-07-05,-0.0342297962734196,2021,2021-03-31,learned_market,20260911,0.398327544114051,0.398327544114051,0,0
quarter_trend2_validated,2533,2021-07-02,2021-07-12,0.0068193733271841,2021,2021-06-30,learned_market,20260911,0.48682640109202396,0.48682640109202396,0,1
quarter_volatility2_validated,2533,2021-07-02,2021-07-12,0.0068193733271841,2021,2021-06-30,learned_market,20260911,0.48682640109202396,0.48682640109202396,0,1
quarter_trend2_validated,2538,2021-07-09,2021-07-19,-0.0048254045313779,2021,2021-06-30,learned_market,20260911,0.24332467078520445,0.24332467078520445,0,0
quarter_volatility2_validated,2538,2021-07-09,2021-07-19,-0.0048254045313779,2021,2021-06-30,learned_market,20260911,0.24332467078520445,0.24332467078520445,0,0
quarter_trend2_validated,2543,2021-07-16,2021-07-26,-0.0032299118953994,2021,2021-06-30,learned_market,20260911,0.35925555662388703,0.35925555662388703,0,0
quarter_volatility2_validated,2543,2021-07-16,2021-07-26,-0.0032299118953994,2021,2021-06-30,learned_market,20260911,0.35925555662388703,0.35925555662388703,0,0
quarter_trend2_validated,2548,2021-07-23,2021-08-02,-0.0537740931579083,2021,2021-06-30,learned_market,20260911,0.39776512063817443,0.39776512063817443,0,0
quarter_volatility2_validated,2548,2021-07-23,2021-08-02,-0.0537740931579083,2021,2021-06-30,learned_market,20260911,0.39776512063817443,0.39776512063817443,0,0
quarter_trend2_validated,2553,2021-07-30,2021-08-09,0.019904813945049,2021,2021-06-30,learned_market,20260911,0.552232244409667,0.552232244409667,1,1
quarter_volatility2_validated,2553,2021-07-30,2021-08-09,0.019904813945049,2021,2021-06-30,learned_market,20260911,0.552232244409667,0.552232244409667,1,1
quarter_trend2_validated,2558,2021-08-06,2021-08-16,0.0093369268709639,2021,2021-06-30,learned_market,20260911,0.6069177458010507,0.6069177458010507,1,1
quarter_volatility2_validated,2558,2021-08-06,2021-08-16,0.0093369268709639,2021,2021-06-30,learned_market,20260911,0.6069177458010507,0.6069177458010507,1,1
quarter_trend2_validated,2563,2021-08-13,2021-08-23,-0.032048736608373,2021,2021-06-30,learned_market,20260911,0.6395330957156883,0.6395330957156883,1,0
quarter_volatility2_validated,2563,2021-08-13,2021-08-23,-0.032048736608373,2021,2021-06-30,learned_market,20260911,0.6395330957156883,0.6395330957156883,1,0
quarter_trend2_validated,2568,2021-08-20,2021-08-30,0.0145047962107527,2021,2021-06-30,learned_market,20260911,0.49778467368571605,0.49778467368571605,0,1
quarter_volatility2_validated,2568,2021-08-20,2021-08-30,0.0145047962107527,2021,2021-06-30,learned_market,20260911,0.49778467368571605,0.49778467368571605,0,1
quarter_trend2_validated,2573,2021-08-27,2021-09-06,-0.0012316820816045,2021,2021-06-30,learned_market,20260911,0.7992998823896141,0.7992998823896141,1,0
quarter_volatility2_validated,2573,2021-08-27,2021-09-06,-0.0012316820816045,2021,2021-06-30,learned_market,20260911,0.7992998823896141,0.7992998823896141,1,0
quarter_trend2_validated,2578,2021-09-03,2021-09-13,0.0342301066295398,2021,2021-06-30,learned_market,20260911,0.7641264012677613,0.7641264012677613,1,1
quarter_volatility2_validated,2578,2021-09-03,2021-09-13,0.0342301066295398,2021,2021-06-30,learned_market,20260911,0.7641264012677613,0.7641264012677613,1,1
quarter_trend2_validated,2583,2021-09-10,2021-09-22,-0.0471441667981554,2021,2021-06-30,learned_market,20260911,0.7188187190189923,0.7188187190189923,1,0
quarter_volatility2_validated,2583,2021-09-10,2021-09-22,-0.0471441667981554,2021,2021-06-30,learned_market,20260911,0.7188187190189923,0.7188187190189923,1,0
quarter_trend2_validated,2588,2021-09-17,2021-09-28,0.0209863060789441,2021,2021-06-30,learned_market,20260911,0.752347288149094,0.752347288149094,1,1
quarter_volatility2_validated,2588,2021-09-17,2021-09-28,0.0209863060789441,2021,2021-06-30,learned_market,20260911,0.752347288149094,0.752347288149094,1,1
quarter_trend2_validated,2591,2021-09-24,2021-10-11,0.0144615416200457,2021,2021-06-30,learned_market,20260911,0.64950288661138,0.64950288661138,1,1
quarter_volatility2_validated,2591,2021-09-24,2021-10-11,0.0144615416200457,2021,2021-06-30,learned_market,20260911,0.64950288661138,0.64950288661138,1,1
quarter_trend2_validated,2596,2021-10-08,2021-10-18,-0.0038006269617851,2021,2021-09-30,learned_market,20260911,0.8841800832116901,0.8841800832116901,1,0
quarter_volatility2_validated,2596,2021-10-08,2021-10-18,-0.0038006269617851,2021,2021-09-30,learned_market,20260911,0.8841800832116901,0.8841800832116901,1,0
quarter_trend2_validated,2601,2021-10-15,2021-10-25,0.0037358989621147,2021,2021-09-30,learned_market,20260911,0.808000302780614,0.808000302780614,1,1
quarter_volatility2_validated,2601,2021-10-15,2021-10-25,0.0037358989621147,2021,2021-09-30,learned_market,20260911,0.808000302780614,0.808000302780614,1,1
quarter_trend2_validated,2606,2021-10-22,2021-11-01,-0.0127041632091318,2021,2021-09-30,learned_market,20260911,0.6012191405144072,0.6012191405144072,1,0
quarter_volatility2_validated,2606,2021-10-22,2021-11-01,-0.0127041632091318,2021,2021-09-30,learned_market,20260911,0.6012191405144072,0.6012191405144072,1,0
quarter_trend2_validated,2611,2021-10-29,2021-11-08,-0.0075807737801166,2021,2021-09-30,learned_market,20260911,0.8459495803183871,0.8459495803183871,1,0
quarter_volatility2_validated,2611,2021-10-29,2021-11-08,-0.0075807737801166,2021,2021-09-30,learned_market,20260911,0.8459495803183871,0.8459495803183871,1,0
quarter_trend2_validated,2616,2021-11-05,2021-11-15,0.0110015182343039,2021,2021-09-30,learned_market,20260911,0.7615166605786978,0.7615166605786978,1,1
quarter_volatility2_validated,2616,2021-11-05,2021-11-15,0.0110015182343039,2021,2021-09-30,learned_market,20260911,0.7615166605786978,0.7615166605786978,1,1
quarter_trend2_validated,2621,2021-11-12,2021-11-22,0.0002002284238551,2021,2021-09-30,learned_market,20260911,0.8358507607737684,0.8358507607737684,1,1
quarter_volatility2_validated,2621,2021-11-12,2021-11-22,0.0002002284238551,2021,2021-09-30,learned_market,20260911,0.8358507607737684,0.8358507607737684,1,1
quarter_trend2_validated,2626,2021-11-19,2021-11-29,-0.0153981603100059,2021,2021-09-30,learned_market,20260911,0.7375348414146127,0.7375348414146127,1,0
quarter_volatility2_validated,2626,2021-11-19,2021-11-29,-0.0153981603100059,2021,2021-09-30,learned_market,20260911,0.7375348414146127,0.7375348414146127,1,0
quarter_trend2_validated,2631,2021-11-26,2021-12-06,0.0185518287306458,2021,2021-09-30,learned_market,20260911,0.8422699714267883,0.8422699714267883,1,1
quarter_volatility2_validated,2631,2021-11-26,2021-12-06,0.0185518287306458,2021,2021-09-30,learned_market,20260911,0.8422699714267883,0.8422699714267883,1,1
quarter_trend2_validated,2636,2021-12-03,2021-12-13,0.0367843110096284,2021,2021-09-30,learned_market,20260911,0.651184941553755,0.651184941553755,1,1
quarter_volatility2_validated,2636,2021-12-03,2021-12-13,0.0367843110096284,2021,2021-09-30,learned_market,20260911,0.651184941553755,0.651184941553755,1,1
quarter_trend2_validated,2641,2021-12-10,2021-12-20,-0.0304615698955996,2021,2021-09-30,learned_market,20260911,0.65987980276308,0.65987980276308,1,0
quarter_volatility2_validated,2641,2021-12-10,2021-12-20,-0.0304615698955996,2021,2021-09-30,learned_market,20260911,0.65987980276308,0.65987980276308,1,0
quarter_trend2_validated,2646,2021-12-17,2021-12-27,-0.0034083287233763,2021,2021-09-30,learned_market,20260911,0.8092775433852759,0.8092775433852759,1,0
quarter_volatility2_validated,2646,2021-12-17,2021-12-27,-0.0034083287233763,2021,2021-09-30,learned_market,20260911,0.8092775433852759,0.8092775433852759,1,0
quarter_trend2_validated,2651,2021-12-24,2022-01-04,0.0080985736506613,2021,2021-09-30,learned_market,20260911,0.6585163511207842,0.6585163511207842,1,1
quarter_volatility2_validated,2651,2021-12-24,2022-01-04,0.0080985736506613,2021,2021-09-30,learned_market,20260911,0.6585163511207842,0.6585163511207842,1,1
quarter_trend2_validated,2656,2021-12-31,2022-01-10,-0.0293970528320001,2021,2021-09-30,learned_market,20260911,0.8164002048089696,0.8164002048089696,1,0
quarter_volatility2_validated,2656,2021-12-31,2022-01-10,-0.0293970528320001,2021,2021-09-30,learned_market,20260911,0.8164002048089696,0.8164002048089696,1,0
quarter_trend2_validated,2418,2021-01-08,2021-01-18,-0.0120052904669853,2021,2020-12-31,learned_vol_interaction,20260911,0.4754556903392312,0.4754556903392312,0,0
quarter_volatility2_validated,2418,2021-01-08,2021-01-18,-0.0120052904669853,2021,2020-12-31,learned_vol_interaction,20260911,0.4754556903392312,0.4754556903392312,0,0
quarter_trend2_validated,2423,2021-01-15,2021-01-25,0.0231622460538123,2021,2020-12-31,learned_vol_interaction,20260911,0.2910478720938869,0.2910478720938869,0,1
quarter_volatility2_validated,2423,2021-01-15,2021-01-25,0.0231622460538123,2021,2020-12-31,learned_vol_interaction,20260911,0.2910478720938869,0.2910478720938869,0,1
quarter_trend2_validated,2428,2021-01-22,2021-02-01,-0.0372511735907923,2021,2020-12-31,learned_vol_interaction,20260911,0.4793404787070586,0.4793404787070586,0,0
quarter_volatility2_validated,2428,2021-01-22,2021-02-01,-0.0372511735907923,2021,2020-12-31,learned_vol_interaction,20260911,0.4793404787070586,0.4793404787070586,0,0
quarter_trend2_validated,2433,2021-01-29,2021-02-08,0.0278689901714626,2021,2020-12-31,learned_vol_interaction,20260911,0.3407014751351651,0.3407014751351651,0,1
quarter_volatility2_validated,2433,2021-01-29,2021-02-08,0.0278689901714626,2021,2020-12-31,learned_vol_interaction,20260911,0.3407014751351651,0.3407014751351651,0,1
quarter_trend2_validated,2438,2021-02-05,2021-02-22,0.0507379035040882,2021,2020-12-31,learned_vol_interaction,20260911,0.5419487770679454,0.5419487770679454,1,1
quarter_volatility2_validated,2438,2021-02-05,2021-02-22,0.0507379035040882,2021,2020-12-31,learned_vol_interaction,20260911,0.5419487770679454,0.5419487770679454,1,1
quarter_trend2_validated,2443,2021-02-19,2021-03-01,-0.0684918010685315,2021,2020-12-31,learned_vol_interaction,20260911,0.42680484014134457,0.42680484014134457,0,0
quarter_volatility2_validated,2443,2021-02-19,2021-03-01,-0.0684918010685315,2021,2020-12-31,learned_vol_interaction,20260911,0.42680484014134457,0.42680484014134457,0,0
quarter_trend2_validated,2448,2021-02-26,2021-03-08,-0.0165997123904068,2021,2020-12-31,learned_vol_interaction,20260911,0.48165522036766006,0.48165522036766006,0,0
quarter_volatility2_validated,2448,2021-02-26,2021-03-08,-0.0165997123904068,2021,2020-12-31,learned_vol_interaction,20260911,0.48165522036766006,0.48165522036766006,0,0
quarter_trend2_validated,2453,2021-03-05,2021-03-15,-0.0346560901469681,2021,2020-12-31,learned_vol_interaction,20260911,0.3506881836542513,0.3506881836542513,0,0
quarter_volatility2_validated,2453,2021-03-05,2021-03-15,-0.0346560901469681,2021,2020-12-31,learned_vol_interaction,20260911,0.3506881836542513,0.3506881836542513,0,0
quarter_trend2_validated,2458,2021-03-12,2021-03-22,-0.0210550182560221,2021,2020-12-31,learned_vol_interaction,20260911,0.23467895972096536,0.23467895972096536,0,0
quarter_volatility2_validated,2458,2021-03-12,2021-03-22,-0.0210550182560221,2021,2020-12-31,learned_vol_interaction,20260911,0.23467895972096536,0.23467895972096536,0,0
quarter_trend2_validated,2463,2021-03-19,2021-03-29,0.0087572877565691,2021,2020-12-31,learned_vol_interaction,20260911,0.5417459151974428,0.5417459151974428,1,1
quarter_volatility2_validated,2463,2021-03-19,2021-03-29,0.0087572877565691,2021,2020-12-31,learned_vol_interaction,20260911,0.5417459151974428,0.5417459151974428,1,1
quarter_trend2_validated,2468,2021-03-26,2021-04-06,0.0250145479448802,2021,2020-12-31,learned_vol_interaction,20260911,0.48054571329537366,0.48054571329537366,0,1
quarter_volatility2_validated,2468,2021-03-26,2021-04-06,0.0250145479448802,2021,2020-12-31,learned_vol_interaction,20260911,0.48054571329537366,0.48054571329537366,0,1
quarter_trend2_validated,2473,2021-04-02,2021-04-12,-0.0292856811827044,2021,2021-03-31,learned_vol_interaction,20260911,0.6505026926141996,0.6505026926141996,1,0
quarter_volatility2_validated,2473,2021-04-02,2021-04-12,-0.0292856811827044,2021,2021-03-31,learned_vol_interaction,20260911,0.6505026926141996,0.6505026926141996,1,0
quarter_trend2_validated,2477,2021-04-09,2021-04-19,-0.0120489836840408,2021,2021-03-31,learned_vol_interaction,20260911,0.5238037480083749,0.5238037480083749,1,0
quarter_volatility2_validated,2477,2021-04-09,2021-04-19,-0.0120489836840408,2021,2021-03-31,learned_vol_interaction,20260911,0.5238037480083749,0.5238037480083749,1,0
quarter_trend2_validated,2482,2021-04-16,2021-04-26,0.0382932540809155,2021,2021-03-31,learned_vol_interaction,20260911,0.4746098723057128,0.4746098723057128,0,1
quarter_volatility2_validated,2482,2021-04-16,2021-04-26,0.0382932540809155,2021,2021-03-31,learned_vol_interaction,20260911,0.4746098723057128,0.4746098723057128,0,1
quarter_trend2_validated,2487,2021-04-23,2021-05-06,-0.0112070185917437,2021,2021-03-31,learned_vol_interaction,20260911,0.527013271372353,0.527013271372353,1,0
quarter_volatility2_validated,2487,2021-04-23,2021-05-06,-0.0112070185917437,2021,2021-03-31,learned_vol_interaction,20260911,0.527013271372353,0.527013271372353,1,0
quarter_trend2_validated,2492,2021-04-30,2021-05-12,-0.0190946889464188,2021,2021-03-31,learned_vol_interaction,20260911,0.6901244469023494,0.6901244469023494,1,0
quarter_volatility2_validated,2492,2021-04-30,2021-05-12,-0.0190946889464188,2021,2021-03-31,learned_vol_interaction,20260911,0.6901244469023494,0.6901244469023494,1,0
quarter_trend2_validated,2494,2021-05-07,2021-05-17,0.0227674429764228,2021,2021-03-31,learned_vol_interaction,20260911,0.754839297520103,0.754839297520103,1,1
quarter_volatility2_validated,2494,2021-05-07,2021-05-17,0.0227674429764228,2021,2021-03-31,learned_vol_interaction,20260911,0.754839297520103,0.754839297520103,1,1
quarter_trend2_validated,2499,2021-05-14,2021-05-24,0.0045940519733895,2021,2021-03-31,learned_vol_interaction,20260911,0.43398865323186975,0.43398865323186975,0,1
quarter_volatility2_validated,2499,2021-05-14,2021-05-24,0.0045940519733895,2021,2021-03-31,learned_vol_interaction,20260911,0.43398865323186975,0.43398865323186975,0,1
quarter_trend2_validated,2504,2021-05-21,2021-05-31,0.0348855085126711,2021,2021-03-31,learned_vol_interaction,20260911,0.6023590417130459,0.6023590417130459,1,1
quarter_volatility2_validated,2504,2021-05-21,2021-05-31,0.0348855085126711,2021,2021-03-31,learned_vol_interaction,20260911,0.6023590417130459,0.6023590417130459,1,1
quarter_trend2_validated,2509,2021-05-28,2021-06-07,-0.0062409741861724,2021,2021-03-31,learned_vol_interaction,20260911,0.5524495113584302,0.5524495113584302,1,0
quarter_volatility2_validated,2509,2021-05-28,2021-06-07,-0.0062409741861724,2021,2021-03-31,learned_vol_interaction,20260911,0.5524495113584302,0.5524495113584302,1,0
quarter_trend2_validated,2514,2021-06-04,2021-06-15,-0.0125508761771767,2021,2021-03-31,learned_vol_interaction,20260911,0.4338741634973696,0.4338741634973696,0,0
quarter_volatility2_validated,2514,2021-06-04,2021-06-15,-0.0125508761771767,2021,2021-03-31,learned_vol_interaction,20260911,0.4338741634973696,0.4338741634973696,0,0
quarter_trend2_validated,2519,2021-06-11,2021-06-21,-0.0250011497424577,2021,2021-03-31,learned_vol_interaction,20260911,0.243541607825957,0.243541607825957,0,0
quarter_volatility2_validated,2519,2021-06-11,2021-06-21,-0.0250011497424577,2021,2021-03-31,learned_vol_interaction,20260911,0.243541607825957,0.243541607825957,0,0
quarter_trend2_validated,2523,2021-06-18,2021-06-28,0.0325308711127356,2021,2021-03-31,learned_vol_interaction,20260911,0.44439540821990653,0.44439540821990653,0,1
quarter_volatility2_validated,2523,2021-06-18,2021-06-28,0.0325308711127356,2021,2021-03-31,learned_vol_interaction,20260911,0.44439540821990653,0.44439540821990653,0,1
quarter_trend2_validated,2528,2021-06-25,2021-07-05,-0.0342297962734196,2021,2021-03-31,learned_vol_interaction,20260911,0.4173214962232166,0.4173214962232166,0,0
quarter_volatility2_validated,2528,2021-06-25,2021-07-05,-0.0342297962734196,2021,2021-03-31,learned_vol_interaction,20260911,0.4173214962232166,0.4173214962232166,0,0
quarter_trend2_validated,2533,2021-07-02,2021-07-12,0.0068193733271841,2021,2021-06-30,learned_vol_interaction,20260911,0.48991781025485154,0.48991781025485154,0,1
quarter_volatility2_validated,2533,2021-07-02,2021-07-12,0.0068193733271841,2021,2021-06-30,learned_vol_interaction,20260911,0.48991781025485154,0.48991781025485154,0,1
quarter_trend2_validated,2538,2021-07-09,2021-07-19,-0.0048254045313779,2021,2021-06-30,learned_vol_interaction,20260911,0.2599569018271382,0.2599569018271382,0,0
quarter_volatility2_validated,2538,2021-07-09,2021-07-19,-0.0048254045313779,2021,2021-06-30,learned_vol_interaction,20260911,0.2599569018271382,0.2599569018271382,0,0
quarter_trend2_validated,2543,2021-07-16,2021-07-26,-0.0032299118953994,2021,2021-06-30,learned_vol_interaction,20260911,0.36450308143319354,0.36450308143319354,0,0
quarter_volatility2_validated,2543,2021-07-16,2021-07-26,-0.0032299118953994,2021,2021-06-30,learned_vol_interaction,20260911,0.36450308143319354,0.36450308143319354,0,0
quarter_trend2_validated,2548,2021-07-23,2021-08-02,-0.0537740931579083,2021,2021-06-30,learned_vol_interaction,20260911,0.410758949240298,0.410758949240298,0,0
quarter_volatility2_validated,2548,2021-07-23,2021-08-02,-0.0537740931579083,2021,2021-06-30,learned_vol_interaction,20260911,0.410758949240298,0.410758949240298,0,0
quarter_trend2_validated,2553,2021-07-30,2021-08-09,0.019904813945049,2021,2021-06-30,learned_vol_interaction,20260911,0.5670421120159365,0.5670421120159365,1,1
quarter_volatility2_validated,2553,2021-07-30,2021-08-09,0.019904813945049,2021,2021-06-30,learned_vol_interaction,20260911,0.5670421120159365,0.5670421120159365,1,1
quarter_trend2_validated,2558,2021-08-06,2021-08-16,0.0093369268709639,2021,2021-06-30,learned_vol_interaction,20260911,0.611366208230644,0.611366208230644,1,1
quarter_volatility2_validated,2558,2021-08-06,2021-08-16,0.0093369268709639,2021,2021-06-30,learned_vol_interaction,20260911,0.611366208230644,0.611366208230644,1,1
quarter_trend2_validated,2563,2021-08-13,2021-08-23,-0.032048736608373,2021,2021-06-30,learned_vol_interaction,20260911,0.6499874314301235,0.6499874314301235,1,0
quarter_volatility2_validated,2563,2021-08-13,2021-08-23,-0.032048736608373,2021,2021-06-30,learned_vol_interaction,20260911,0.6499874314301235,0.6499874314301235,1,0
quarter_trend2_validated,2568,2021-08-20,2021-08-30,0.0145047962107527,2021,2021-06-30,learned_vol_interaction,20260911,0.47410312241187347,0.47410312241187347,0,1
quarter_volatility2_validated,2568,2021-08-20,2021-08-30,0.0145047962107527,2021,2021-06-30,learned_vol_interaction,20260911,0.47410312241187347,0.47410312241187347,0,1
quarter_trend2_validated,2573,2021-08-27,2021-09-06,-0.0012316820816045,2021,2021-06-30,learned_vol_interaction,20260911,0.8077225877731411,0.8077225877731411,1,0
quarter_volatility2_validated,2573,2021-08-27,2021-09-06,-0.0012316820816045,2021,2021-06-30,learned_vol_interaction,20260911,0.8077225877731411,0.8077225877731411,1,0
quarter_trend2_validated,2578,2021-09-03,2021-09-13,0.0342301066295398,2021,2021-06-30,learned_vol_interaction,20260911,0.7569737160491476,0.7569737160491476,1,1
quarter_volatility2_validated,2578,2021-09-03,2021-09-13,0.0342301066295398,2021,2021-06-30,learned_vol_interaction,20260911,0.7569737160491476,0.7569737160491476,1,1
quarter_trend2_validated,2583,2021-09-10,2021-09-22,-0.0471441667981554,2021,2021-06-30,learned_vol_interaction,20260911,0.7237383960115724,0.7237383960115724,1,0
quarter_volatility2_validated,2583,2021-09-10,2021-09-22,-0.0471441667981554,2021,2021-06-30,learned_vol_interaction,20260911,0.7237383960115724,0.7237383960115724,1,0
quarter_trend2_validated,2588,2021-09-17,2021-09-28,0.0209863060789441,2021,2021-06-30,learned_vol_interaction,20260911,0.7461756198869361,0.7461756198869361,1,1
quarter_volatility2_validated,2588,2021-09-17,2021-09-28,0.0209863060789441,2021,2021-06-30,learned_vol_interaction,20260911,0.7461756198869361,0.7461756198869361,1,1
quarter_trend2_validated,2591,2021-09-24,2021-10-11,0.0144615416200457,2021,2021-06-30,learned_vol_interaction,20260911,0.6456719612096069,0.6456719612096069,1,1
quarter_volatility2_validated,2591,2021-09-24,2021-10-11,0.0144615416200457,2021,2021-06-30,learned_vol_interaction,20260911,0.6456719612096069,0.6456719612096069,1,1
quarter_trend2_validated,2596,2021-10-08,2021-10-18,-0.0038006269617851,2021,2021-09-30,learned_vol_interaction,20260911,0.875333160760423,0.875333160760423,1,0
quarter_volatility2_validated,2596,2021-10-08,2021-10-18,-0.0038006269617851,2021,2021-09-30,learned_vol_interaction,20260911,0.875333160760423,0.875333160760423,1,0
quarter_trend2_validated,2601,2021-10-15,2021-10-25,0.0037358989621147,2021,2021-09-30,learned_vol_interaction,20260911,0.8004373767510682,0.8004373767510682,1,1
quarter_volatility2_validated,2601,2021-10-15,2021-10-25,0.0037358989621147,2021,2021-09-30,learned_vol_interaction,20260911,0.8004373767510682,0.8004373767510682,1,1
quarter_trend2_validated,2606,2021-10-22,2021-11-01,-0.0127041632091318,2021,2021-09-30,learned_vol_interaction,20260911,0.5995948918940573,0.5995948918940573,1,0
quarter_volatility2_validated,2606,2021-10-22,2021-11-01,-0.0127041632091318,2021,2021-09-30,learned_vol_interaction,20260911,0.5995948918940573,0.5995948918940573,1,0
quarter_trend2_validated,2611,2021-10-29,2021-11-08,-0.0075807737801166,2021,2021-09-30,learned_vol_interaction,20260911,0.8299973805985322,0.8299973805985322,1,0
quarter_volatility2_validated,2611,2021-10-29,2021-11-08,-0.0075807737801166,2021,2021-09-30,learned_vol_interaction,20260911,0.8299973805985322,0.8299973805985322,1,0
quarter_trend2_validated,2616,2021-11-05,2021-11-15,0.0110015182343039,2021,2021-09-30,learned_vol_interaction,20260911,0.7454576562803179,0.7454576562803179,1,1
quarter_volatility2_validated,2616,2021-11-05,2021-11-15,0.0110015182343039,2021,2021-09-30,learned_vol_interaction,20260911,0.7454576562803179,0.7454576562803179,1,1
quarter_trend2_validated,2621,2021-11-12,2021-11-22,0.0002002284238551,2021,2021-09-30,learned_vol_interaction,20260911,0.8210682676498052,0.8210682676498052,1,1
quarter_volatility2_validated,2621,2021-11-12,2021-11-22,0.0002002284238551,2021,2021-09-30,learned_vol_interaction,20260911,0.8210682676498052,0.8210682676498052,1,1
quarter_trend2_validated,2626,2021-11-19,2021-11-29,-0.0153981603100059,2021,2021-09-30,learned_vol_interaction,20260911,0.7379015555048399,0.7379015555048399,1,0
quarter_volatility2_validated,2626,2021-11-19,2021-11-29,-0.0153981603100059,2021,2021-09-30,learned_vol_interaction,20260911,0.7379015555048399,0.7379015555048399,1,0
quarter_trend2_validated,2631,2021-11-26,2021-12-06,0.0185518287306458,2021,2021-09-30,learned_vol_interaction,20260911,0.8181276512073538,0.8181276512073538,1,1
quarter_volatility2_validated,2631,2021-11-26,2021-12-06,0.0185518287306458,2021,2021-09-30,learned_vol_interaction,20260911,0.8181276512073538,0.8181276512073538,1,1
quarter_trend2_validated,2636,2021-12-03,2021-12-13,0.0367843110096284,2021,2021-09-30,learned_vol_interaction,20260911,0.6331433744995425,0.6331433744995425,1,1
quarter_volatility2_validated,2636,2021-12-03,2021-12-13,0.0367843110096284,2021,2021-09-30,learned_vol_interaction,20260911,0.6331433744995425,0.6331433744995425,1,1
quarter_trend2_validated,2641,2021-12-10,2021-12-20,-0.0304615698955996,2021,2021-09-30,learned_vol_interaction,20260911,0.6422061841446076,0.6422061841446076,1,0
quarter_volatility2_validated,2641,2021-12-10,2021-12-20,-0.0304615698955996,2021,2021-09-30,learned_vol_interaction,20260911,0.6422061841446076,0.6422061841446076,1,0
quarter_trend2_validated,2646,2021-12-17,2021-12-27,-0.0034083287233763,2021,2021-09-30,learned_vol_interaction,20260911,0.7937547176618065,0.7937547176618065,1,0
quarter_volatility2_validated,2646,2021-12-17,2021-12-27,-0.0034083287233763,2021,2021-09-30,learned_vol_interaction,20260911,0.7937547176618065,0.7937547176618065,1,0
quarter_trend2_validated,2651,2021-12-24,2022-01-04,0.0080985736506613,2021,2021-09-30,learned_vol_interaction,20260911,0.6518706715070531,0.6518706715070531,1,1
quarter_volatility2_validated,2651,2021-12-24,2022-01-04,0.0080985736506613,2021,2021-09-30,learned_vol_interaction,20260911,0.6518706715070531,0.6518706715070531,1,1
quarter_trend2_validated,2656,2021-12-31,2022-01-10,-0.0293970528320001,2021,2021-09-30,learned_vol_interaction,20260911,0.8048743420145822,0.8048743420145822,1,0
quarter_volatility2_validated,2656,2021-12-31,2022-01-10,-0.0293970528320001,2021,2021-09-30,learned_vol_interaction,20260911,0.8048743420145822,0.8048743420145822,1,0
quarter_trend2_validated,2418,2021-01-08,2021-01-18,-0.0120052904669853,2021,2020-12-31,learned_order_extension,20260911,0.4707924056292956,0.4707924056292956,0,0
quarter_volatility2_validated,2418,2021-01-08,2021-01-18,-0.0120052904669853,2021,2020-12-31,learned_order_extension,20260911,0.4707924056292956,0.4707924056292956,0,0
quarter_trend2_validated,2423,2021-01-15,2021-01-25,0.0231622460538123,2021,2020-12-31,learned_order_extension,20260911,0.30199104403875826,0.30199104403875826,0,1
quarter_volatility2_validated,2423,2021-01-15,2021-01-25,0.0231622460538123,2021,2020-12-31,learned_order_extension,20260911,0.30199104403875826,0.30199104403875826,0,1
quarter_trend2_validated,2428,2021-01-22,2021-02-01,-0.0372511735907923,2021,2020-12-31,learned_order_extension,20260911,0.4727671753713422,0.4727671753713422,0,0
quarter_volatility2_validated,2428,2021-01-22,2021-02-01,-0.0372511735907923,2021,2020-12-31,learned_order_extension,20260911,0.4727671753713422,0.4727671753713422,0,0
quarter_trend2_validated,2433,2021-01-29,2021-02-08,0.0278689901714626,2021,2020-12-31,learned_order_extension,20260911,0.33076330033756096,0.33076330033756096,0,1
quarter_volatility2_validated,2433,2021-01-29,2021-02-08,0.0278689901714626,2021,2020-12-31,learned_order_extension,20260911,0.33076330033756096,0.33076330033756096,0,1
quarter_trend2_validated,2438,2021-02-05,2021-02-22,0.0507379035040882,2021,2020-12-31,learned_order_extension,20260911,0.5463864019131583,0.5463864019131583,1,1
quarter_volatility2_validated,2438,2021-02-05,2021-02-22,0.0507379035040882,2021,2020-12-31,learned_order_extension,20260911,0.5463864019131583,0.5463864019131583,1,1
quarter_trend2_validated,2443,2021-02-19,2021-03-01,-0.0684918010685315,2021,2020-12-31,learned_order_extension,20260911,0.423629668613555,0.423629668613555,0,0
quarter_volatility2_validated,2443,2021-02-19,2021-03-01,-0.0684918010685315,2021,2020-12-31,learned_order_extension,20260911,0.423629668613555,0.423629668613555,0,0
quarter_trend2_validated,2448,2021-02-26,2021-03-08,-0.0165997123904068,2021,2020-12-31,learned_order_extension,20260911,0.4833188959367285,0.4833188959367285,0,0
quarter_volatility2_validated,2448,2021-02-26,2021-03-08,-0.0165997123904068,2021,2020-12-31,learned_order_extension,20260911,0.4833188959367285,0.4833188959367285,0,0
quarter_trend2_validated,2453,2021-03-05,2021-03-15,-0.0346560901469681,2021,2020-12-31,learned_order_extension,20260911,0.3468677434509978,0.3468677434509978,0,0
quarter_volatility2_validated,2453,2021-03-05,2021-03-15,-0.0346560901469681,2021,2020-12-31,learned_order_extension,20260911,0.3468677434509978,0.3468677434509978,0,0
quarter_trend2_validated,2458,2021-03-12,2021-03-22,-0.0210550182560221,2021,2020-12-31,learned_order_extension,20260911,0.2385842218483661,0.2385842218483661,0,0
quarter_volatility2_validated,2458,2021-03-12,2021-03-22,-0.0210550182560221,2021,2020-12-31,learned_order_extension,20260911,0.2385842218483661,0.2385842218483661,0,0
quarter_trend2_validated,2463,2021-03-19,2021-03-29,0.0087572877565691,2021,2020-12-31,learned_order_extension,20260911,0.532998967015209,0.532998967015209,1,1
quarter_volatility2_validated,2463,2021-03-19,2021-03-29,0.0087572877565691,2021,2020-12-31,learned_order_extension,20260911,0.532998967015209,0.532998967015209,1,1
quarter_trend2_validated,2468,2021-03-26,2021-04-06,0.0250145479448802,2021,2020-12-31,learned_order_extension,20260911,0.48258967958160864,0.48258967958160864,0,1
quarter_volatility2_validated,2468,2021-03-26,2021-04-06,0.0250145479448802,2021,2020-12-31,learned_order_extension,20260911,0.48258967958160864,0.48258967958160864,0,1
quarter_trend2_validated,2473,2021-04-02,2021-04-12,-0.0292856811827044,2021,2021-03-31,learned_order_extension,20260911,0.6435569143740099,0.6435569143740099,1,0
quarter_volatility2_validated,2473,2021-04-02,2021-04-12,-0.0292856811827044,2021,2021-03-31,learned_order_extension,20260911,0.6435569143740099,0.6435569143740099,1,0
quarter_trend2_validated,2477,2021-04-09,2021-04-19,-0.0120489836840408,2021,2021-03-31,learned_order_extension,20260911,0.5172587608947022,0.5172587608947022,1,0
quarter_volatility2_validated,2477,2021-04-09,2021-04-19,-0.0120489836840408,2021,2021-03-31,learned_order_extension,20260911,0.5172587608947022,0.5172587608947022,1,0
quarter_trend2_validated,2482,2021-04-16,2021-04-26,0.0382932540809155,2021,2021-03-31,learned_order_extension,20260911,0.45050831794964574,0.45050831794964574,0,1
quarter_volatility2_validated,2482,2021-04-16,2021-04-26,0.0382932540809155,2021,2021-03-31,learned_order_extension,20260911,0.45050831794964574,0.45050831794964574,0,1
quarter_trend2_validated,2487,2021-04-23,2021-05-06,-0.0112070185917437,2021,2021-03-31,learned_order_extension,20260911,0.50667980676185,0.50667980676185,1,0
quarter_volatility2_validated,2487,2021-04-23,2021-05-06,-0.0112070185917437,2021,2021-03-31,learned_order_extension,20260911,0.50667980676185,0.50667980676185,1,0
quarter_trend2_validated,2492,2021-04-30,2021-05-12,-0.0190946889464188,2021,2021-03-31,learned_order_extension,20260911,0.7098069326540961,0.7098069326540961,1,0
quarter_volatility2_validated,2492,2021-04-30,2021-05-12,-0.0190946889464188,2021,2021-03-31,learned_order_extension,20260911,0.7098069326540961,0.7098069326540961,1,0
quarter_trend2_validated,2494,2021-05-07,2021-05-17,0.0227674429764228,2021,2021-03-31,learned_order_extension,20260911,0.7808980561683019,0.7808980561683019,1,1
quarter_volatility2_validated,2494,2021-05-07,2021-05-17,0.0227674429764228,2021,2021-03-31,learned_order_extension,20260911,0.7808980561683019,0.7808980561683019,1,1
quarter_trend2_validated,2499,2021-05-14,2021-05-24,0.0045940519733895,2021,2021-03-31,learned_order_extension,20260911,0.39413011936164705,0.39413011936164705,0,1
quarter_volatility2_validated,2499,2021-05-14,2021-05-24,0.0045940519733895,2021,2021-03-31,learned_order_extension,20260911,0.39413011936164705,0.39413011936164705,0,1
quarter_trend2_validated,2504,2021-05-21,2021-05-31,0.0348855085126711,2021,2021-03-31,learned_order_extension,20260911,0.6034561668947356,0.6034561668947356,1,1
quarter_volatility2_validated,2504,2021-05-21,2021-05-31,0.0348855085126711,2021,2021-03-31,learned_order_extension,20260911,0.6034561668947356,0.6034561668947356,1,1
quarter_trend2_validated,2509,2021-05-28,2021-06-07,-0.0062409741861724,2021,2021-03-31,learned_order_extension,20260911,0.5608652950070303,0.5608652950070303,1,0
quarter_volatility2_validated,2509,2021-05-28,2021-06-07,-0.0062409741861724,2021,2021-03-31,learned_order_extension,20260911,0.5608652950070303,0.5608652950070303,1,0
quarter_trend2_validated,2514,2021-06-04,2021-06-15,-0.0125508761771767,2021,2021-03-31,learned_order_extension,20260911,0.41641551181704617,0.41641551181704617,0,0
quarter_volatility2_validated,2514,2021-06-04,2021-06-15,-0.0125508761771767,2021,2021-03-31,learned_order_extension,20260911,0.41641551181704617,0.41641551181704617,0,0
quarter_trend2_validated,2519,2021-06-11,2021-06-21,-0.0250011497424577,2021,2021-03-31,learned_order_extension,20260911,0.1949333176792701,0.1949333176792701,0,0
quarter_volatility2_validated,2519,2021-06-11,2021-06-21,-0.0250011497424577,2021,2021-03-31,learned_order_extension,20260911,0.1949333176792701,0.1949333176792701,0,0
quarter_trend2_validated,2523,2021-06-18,2021-06-28,0.0325308711127356,2021,2021-03-31,learned_order_extension,20260911,0.4247939305836327,0.4247939305836327,0,1
quarter_volatility2_validated,2523,2021-06-18,2021-06-28,0.0325308711127356,2021,2021-03-31,learned_order_extension,20260911,0.4247939305836327,0.4247939305836327,0,1
quarter_trend2_validated,2528,2021-06-25,2021-07-05,-0.0342297962734196,2021,2021-03-31,learned_order_extension,20260911,0.40325405625265054,0.40325405625265054,0,0
quarter_volatility2_validated,2528,2021-06-25,2021-07-05,-0.0342297962734196,2021,2021-03-31,learned_order_extension,20260911,0.40325405625265054,0.40325405625265054,0,0
quarter_trend2_validated,2533,2021-07-02,2021-07-12,0.0068193733271841,2021,2021-06-30,learned_order_extension,20260911,0.4870314747634348,0.4870314747634348,0,1
quarter_volatility2_validated,2533,2021-07-02,2021-07-12,0.0068193733271841,2021,2021-06-30,learned_order_extension,20260911,0.4870314747634348,0.4870314747634348,0,1
quarter_trend2_validated,2538,2021-07-09,2021-07-19,-0.0048254045313779,2021,2021-06-30,learned_order_extension,20260911,0.18885603482317434,0.18885603482317434,0,0
quarter_volatility2_validated,2538,2021-07-09,2021-07-19,-0.0048254045313779,2021,2021-06-30,learned_order_extension,20260911,0.18885603482317434,0.18885603482317434,0,0
quarter_trend2_validated,2543,2021-07-16,2021-07-26,-0.0032299118953994,2021,2021-06-30,learned_order_extension,20260911,0.3017342200602158,0.3017342200602158,0,0
quarter_volatility2_validated,2543,2021-07-16,2021-07-26,-0.0032299118953994,2021,2021-06-30,learned_order_extension,20260911,0.3017342200602158,0.3017342200602158,0,0
quarter_trend2_validated,2548,2021-07-23,2021-08-02,-0.0537740931579083,2021,2021-06-30,learned_order_extension,20260911,0.36810694455242254,0.36810694455242254,0,0
quarter_volatility2_validated,2548,2021-07-23,2021-08-02,-0.0537740931579083,2021,2021-06-30,learned_order_extension,20260911,0.36810694455242254,0.36810694455242254,0,0
quarter_trend2_validated,2553,2021-07-30,2021-08-09,0.019904813945049,2021,2021-06-30,learned_order_extension,20260911,0.551068322085785,0.551068322085785,1,1
quarter_volatility2_validated,2553,2021-07-30,2021-08-09,0.019904813945049,2021,2021-06-30,learned_order_extension,20260911,0.551068322085785,0.551068322085785,1,1
quarter_trend2_validated,2558,2021-08-06,2021-08-16,0.0093369268709639,2021,2021-06-30,learned_order_extension,20260911,0.5976356202999715,0.5976356202999715,1,1
quarter_volatility2_validated,2558,2021-08-06,2021-08-16,0.0093369268709639,2021,2021-06-30,learned_order_extension,20260911,0.5976356202999715,0.5976356202999715,1,1
quarter_trend2_validated,2563,2021-08-13,2021-08-23,-0.032048736608373,2021,2021-06-30,learned_order_extension,20260911,0.6460173631921735,0.6460173631921735,1,0
quarter_volatility2_validated,2563,2021-08-13,2021-08-23,-0.032048736608373,2021,2021-06-30,learned_order_extension,20260911,0.6460173631921735,0.6460173631921735,1,0
quarter_trend2_validated,2568,2021-08-20,2021-08-30,0.0145047962107527,2021,2021-06-30,learned_order_extension,20260911,0.4599800330212217,0.4599800330212217,0,1
quarter_volatility2_validated,2568,2021-08-20,2021-08-30,0.0145047962107527,2021,2021-06-30,learned_order_extension,20260911,0.4599800330212217,0.4599800330212217,0,1
quarter_trend2_validated,2573,2021-08-27,2021-09-06,-0.0012316820816045,2021,2021-06-30,learned_order_extension,20260911,0.8227439473299855,0.8227439473299855,1,0
quarter_volatility2_validated,2573,2021-08-27,2021-09-06,-0.0012316820816045,2021,2021-06-30,learned_order_extension,20260911,0.8227439473299855,0.8227439473299855,1,0
quarter_trend2_validated,2578,2021-09-03,2021-09-13,0.0342301066295398,2021,2021-06-30,learned_order_extension,20260911,0.7764255721144454,0.7764255721144454,1,1
quarter_volatility2_validated,2578,2021-09-03,2021-09-13,0.0342301066295398,2021,2021-06-30,learned_order_extension,20260911,0.7764255721144454,0.7764255721144454,1,1
quarter_trend2_validated,2583,2021-09-10,2021-09-22,-0.0471441667981554,2021,2021-06-30,learned_order_extension,20260911,0.7513357425734236,0.7513357425734236,1,0
quarter_volatility2_validated,2583,2021-09-10,2021-09-22,-0.0471441667981554,2021,2021-06-30,learned_order_extension,20260911,0.7513357425734236,0.7513357425734236,1,0
quarter_trend2_validated,2588,2021-09-17,2021-09-28,0.0209863060789441,2021,2021-06-30,learned_order_extension,20260911,0.7836614478285994,0.7836614478285994,1,1
quarter_volatility2_validated,2588,2021-09-17,2021-09-28,0.0209863060789441,2021,2021-06-30,learned_order_extension,20260911,0.7836614478285994,0.7836614478285994,1,1
quarter_trend2_validated,2591,2021-09-24,2021-10-11,0.0144615416200457,2021,2021-06-30,learned_order_extension,20260911,0.6693079201625165,0.6693079201625165,1,1
quarter_volatility2_validated,2591,2021-09-24,2021-10-11,0.0144615416200457,2021,2021-06-30,learned_order_extension,20260911,0.6693079201625165,0.6693079201625165,1,1
quarter_trend2_validated,2596,2021-10-08,2021-10-18,-0.0038006269617851,2021,2021-09-30,learned_order_extension,20260911,0.9147819069976973,0.9147819069976973,1,0
quarter_volatility2_validated,2596,2021-10-08,2021-10-18,-0.0038006269617851,2021,2021-09-30,learned_order_extension,20260911,0.9147819069976973,0.9147819069976973,1,0
quarter_trend2_validated,2601,2021-10-15,2021-10-25,0.0037358989621147,2021,2021-09-30,learned_order_extension,20260911,0.8517574469574731,0.8517574469574731,1,1
quarter_volatility2_validated,2601,2021-10-15,2021-10-25,0.0037358989621147,2021,2021-09-30,learned_order_extension,20260911,0.8517574469574731,0.8517574469574731,1,1
quarter_trend2_validated,2606,2021-10-22,2021-11-01,-0.0127041632091318,2021,2021-09-30,learned_order_extension,20260911,0.6154285400261708,0.6154285400261708,1,0
quarter_volatility2_validated,2606,2021-10-22,2021-11-01,-0.0127041632091318,2021,2021-09-30,learned_order_extension,20260911,0.6154285400261708,0.6154285400261708,1,0
quarter_trend2_validated,2611,2021-10-29,2021-11-08,-0.0075807737801166,2021,2021-09-30,learned_order_extension,20260911,0.8907785475547534,0.8907785475547534,1,0
quarter_volatility2_validated,2611,2021-10-29,2021-11-08,-0.0075807737801166,2021,2021-09-30,learned_order_extension,20260911,0.8907785475547534,0.8907785475547534,1,0
quarter_trend2_validated,2616,2021-11-05,2021-11-15,0.0110015182343039,2021,2021-09-30,learned_order_extension,20260911,0.7990810555097849,0.7990810555097849,1,1
quarter_volatility2_validated,2616,2021-11-05,2021-11-15,0.0110015182343039,2021,2021-09-30,learned_order_extension,20260911,0.7990810555097849,0.7990810555097849,1,1
quarter_trend2_validated,2621,2021-11-12,2021-11-22,0.0002002284238551,2021,2021-09-30,learned_order_extension,20260911,0.8960874331639135,0.8960874331639135,1,1
quarter_volatility2_validated,2621,2021-11-12,2021-11-22,0.0002002284238551,2021,2021-09-30,learned_order_extension,20260911,0.8960874331639135,0.8960874331639135,1,1
quarter_trend2_validated,2626,2021-11-19,2021-11-29,-0.0153981603100059,2021,2021-09-30,learned_order_extension,20260911,0.8006062899104016,0.8006062899104016,1,0
quarter_volatility2_validated,2626,2021-11-19,2021-11-29,-0.0153981603100059,2021,2021-09-30,learned_order_extension,20260911,0.8006062899104016,0.8006062899104016,1,0
quarter_trend2_validated,2631,2021-11-26,2021-12-06,0.0185518287306458,2021,2021-09-30,learned_order_extension,20260911,0.893587178645622,0.893587178645622,1,1
quarter_volatility2_validated,2631,2021-11-26,2021-12-06,0.0185518287306458,2021,2021-09-30,learned_order_extension,20260911,0.893587178645622,0.893587178645622,1,1
quarter_trend2_validated,2636,2021-12-03,2021-12-13,0.0367843110096284,2021,2021-09-30,learned_order_extension,20260911,0.6611268686227788,0.6611268686227788,1,1
quarter_volatility2_validated,2636,2021-12-03,2021-12-13,0.0367843110096284,2021,2021-09-30,learned_order_extension,20260911,0.6611268686227788,0.6611268686227788,1,1
quarter_trend2_validated,2641,2021-12-10,2021-12-20,-0.0304615698955996,2021,2021-09-30,learned_order_extension,20260911,0.6790175452231214,0.6790175452231214,1,0
quarter_volatility2_validated,2641,2021-12-10,2021-12-20,-0.0304615698955996,2021,2021-09-30,learned_order_extension,20260911,0.6790175452231214,0.6790175452231214,1,0
quarter_trend2_validated,2646,2021-12-17,2021-12-27,-0.0034083287233763,2021,2021-09-30,learned_order_extension,20260911,0.8684853861974482,0.8684853861974482,1,0
quarter_volatility2_validated,2646,2021-12-17,2021-12-27,-0.0034083287233763,2021,2021-09-30,learned_order_extension,20260911,0.8684853861974482,0.8684853861974482,1,0
quarter_trend2_validated,2651,2021-12-24,2022-01-04,0.0080985736506613,2021,2021-09-30,learned_order_extension,20260911,0.6637992247007115,0.6637992247007115,1,1
quarter_volatility2_validated,2651,2021-12-24,2022-01-04,0.0080985736506613,2021,2021-09-30,learned_order_extension,20260911,0.6637992247007115,0.6637992247007115,1,1
quarter_trend2_validated,2656,2021-12-31,2022-01-10,-0.0293970528320001,2021,2021-09-30,learned_order_extension,20260911,0.8513666174941731,0.8513666174941731,1,0
quarter_volatility2_validated,2656,2021-12-31,2022-01-10,-0.0293970528320001,2021,2021-09-30,learned_order_extension,20260911,0.8513666174941731,0.8513666174941731,1,0
quarter_trend2_validated,2418,2021-01-08,2021-01-18,-0.0120052904669853,2021,2020-12-31,learned_order_offset,20260911,0.46966493933917947,0.46966493933917947,0,0
quarter_volatility2_validated,2418,2021-01-08,2021-01-18,-0.0120052904669853,2021,2020-12-31,learned_order_offset,20260911,0.46966493933917947,0.46966493933917947,0,0
quarter_trend2_validated,2423,2021-01-15,2021-01-25,0.0231622460538123,2021,2020-12-31,learned_order_offset,20260911,0.30026263179565904,0.30026263179565904,0,1
quarter_volatility2_validated,2423,2021-01-15,2021-01-25,0.0231622460538123,2021,2020-12-31,learned_order_offset,20260911,0.30026263179565904,0.30026263179565904,0,1
quarter_trend2_validated,2428,2021-01-22,2021-02-01,-0.0372511735907923,2021,2020-12-31,learned_order_offset,20260911,0.47083079059127375,0.47083079059127375,0,0
quarter_volatility2_validated,2428,2021-01-22,2021-02-01,-0.0372511735907923,2021,2020-12-31,learned_order_offset,20260911,0.47083079059127375,0.47083079059127375,0,0
quarter_trend2_validated,2433,2021-01-29,2021-02-08,0.0278689901714626,2021,2020-12-31,learned_order_offset,20260911,0.3308151678188049,0.3308151678188049,0,1
quarter_volatility2_validated,2433,2021-01-29,2021-02-08,0.0278689901714626,2021,2020-12-31,learned_order_offset,20260911,0.3308151678188049,0.3308151678188049,0,1
quarter_trend2_validated,2438,2021-02-05,2021-02-22,0.0507379035040882,2021,2020-12-31,learned_order_offset,20260911,0.5458888183275549,0.5458888183275549,1,1
quarter_volatility2_validated,2438,2021-02-05,2021-02-22,0.0507379035040882,2021,2020-12-31,learned_order_offset,20260911,0.5458888183275549,0.5458888183275549,1,1
quarter_trend2_validated,2443,2021-02-19,2021-03-01,-0.0684918010685315,2021,2020-12-31,learned_order_offset,20260911,0.4238553224614908,0.4238553224614908,0,0
quarter_volatility2_validated,2443,2021-02-19,2021-03-01,-0.0684918010685315,2021,2020-12-31,learned_order_offset,20260911,0.4238553224614908,0.4238553224614908,0,0
quarter_trend2_validated,2448,2021-02-26,2021-03-08,-0.0165997123904068,2021,2020-12-31,learned_order_offset,20260911,0.4840844360242453,0.4840844360242453,0,0
quarter_volatility2_validated,2448,2021-02-26,2021-03-08,-0.0165997123904068,2021,2020-12-31,learned_order_offset,20260911,0.4840844360242453,0.4840844360242453,0,0
quarter_trend2_validated,2453,2021-03-05,2021-03-15,-0.0346560901469681,2021,2020-12-31,learned_order_offset,20260911,0.34642186749779336,0.34642186749779336,0,0
quarter_volatility2_validated,2453,2021-03-05,2021-03-15,-0.0346560901469681,2021,2020-12-31,learned_order_offset,20260911,0.34642186749779336,0.34642186749779336,0,0
quarter_trend2_validated,2458,2021-03-12,2021-03-22,-0.0210550182560221,2021,2020-12-31,learned_order_offset,20260911,0.23704081021871007,0.23704081021871007,0,0
quarter_volatility2_validated,2458,2021-03-12,2021-03-22,-0.0210550182560221,2021,2020-12-31,learned_order_offset,20260911,0.23704081021871007,0.23704081021871007,0,0
quarter_trend2_validated,2463,2021-03-19,2021-03-29,0.0087572877565691,2021,2020-12-31,learned_order_offset,20260911,0.5312704874985703,0.5312704874985703,1,1
quarter_volatility2_validated,2463,2021-03-19,2021-03-29,0.0087572877565691,2021,2020-12-31,learned_order_offset,20260911,0.5312704874985703,0.5312704874985703,1,1
quarter_trend2_validated,2468,2021-03-26,2021-04-06,0.0250145479448802,2021,2020-12-31,learned_order_offset,20260911,0.48113132203479025,0.48113132203479025,0,1
quarter_volatility2_validated,2468,2021-03-26,2021-04-06,0.0250145479448802,2021,2020-12-31,learned_order_offset,20260911,0.48113132203479025,0.48113132203479025,0,1
quarter_trend2_validated,2473,2021-04-02,2021-04-12,-0.0292856811827044,2021,2021-03-31,learned_order_offset,20260911,0.6426571671723265,0.6426571671723265,1,0
quarter_volatility2_validated,2473,2021-04-02,2021-04-12,-0.0292856811827044,2021,2021-03-31,learned_order_offset,20260911,0.6426571671723265,0.6426571671723265,1,0
quarter_trend2_validated,2477,2021-04-09,2021-04-19,-0.0120489836840408,2021,2021-03-31,learned_order_offset,20260911,0.5170676205088839,0.5170676205088839,1,0
quarter_volatility2_validated,2477,2021-04-09,2021-04-19,-0.0120489836840408,2021,2021-03-31,learned_order_offset,20260911,0.5170676205088839,0.5170676205088839,1,0
quarter_trend2_validated,2482,2021-04-16,2021-04-26,0.0382932540809155,2021,2021-03-31,learned_order_offset,20260911,0.45037422792655746,0.45037422792655746,0,1
quarter_volatility2_validated,2482,2021-04-16,2021-04-26,0.0382932540809155,2021,2021-03-31,learned_order_offset,20260911,0.45037422792655746,0.45037422792655746,0,1
quarter_trend2_validated,2487,2021-04-23,2021-05-06,-0.0112070185917437,2021,2021-03-31,learned_order_offset,20260911,0.5047827959577951,0.5047827959577951,1,0
quarter_volatility2_validated,2487,2021-04-23,2021-05-06,-0.0112070185917437,2021,2021-03-31,learned_order_offset,20260911,0.5047827959577951,0.5047827959577951,1,0
quarter_trend2_validated,2492,2021-04-30,2021-05-12,-0.0190946889464188,2021,2021-03-31,learned_order_offset,20260911,0.7084828106212467,0.7084828106212467,1,0
quarter_volatility2_validated,2492,2021-04-30,2021-05-12,-0.0190946889464188,2021,2021-03-31,learned_order_offset,20260911,0.7084828106212467,0.7084828106212467,1,0
quarter_trend2_validated,2494,2021-05-07,2021-05-17,0.0227674429764228,2021,2021-03-31,learned_order_offset,20260911,0.7798146116297984,0.7798146116297984,1,1
quarter_volatility2_validated,2494,2021-05-07,2021-05-17,0.0227674429764228,2021,2021-03-31,learned_order_offset,20260911,0.7798146116297984,0.7798146116297984,1,1
quarter_trend2_validated,2499,2021-05-14,2021-05-24,0.0045940519733895,2021,2021-03-31,learned_order_offset,20260911,0.39380849753299824,0.39380849753299824,0,1
quarter_volatility2_validated,2499,2021-05-14,2021-05-24,0.0045940519733895,2021,2021-03-31,learned_order_offset,20260911,0.39380849753299824,0.39380849753299824,0,1
quarter_trend2_validated,2504,2021-05-21,2021-05-31,0.0348855085126711,2021,2021-03-31,learned_order_offset,20260911,0.6027515999296177,0.6027515999296177,1,1
quarter_volatility2_validated,2504,2021-05-21,2021-05-31,0.0348855085126711,2021,2021-03-31,learned_order_offset,20260911,0.6027515999296177,0.6027515999296177,1,1
quarter_trend2_validated,2509,2021-05-28,2021-06-07,-0.0062409741861724,2021,2021-03-31,learned_order_offset,20260911,0.5597480832986254,0.5597480832986254,1,0
quarter_volatility2_validated,2509,2021-05-28,2021-06-07,-0.0062409741861724,2021,2021-03-31,learned_order_offset,20260911,0.5597480832986254,0.5597480832986254,1,0
quarter_trend2_validated,2514,2021-06-04,2021-06-15,-0.0125508761771767,2021,2021-03-31,learned_order_offset,20260911,0.41739120526524837,0.41739120526524837,0,0
quarter_volatility2_validated,2514,2021-06-04,2021-06-15,-0.0125508761771767,2021,2021-03-31,learned_order_offset,20260911,0.41739120526524837,0.41739120526524837,0,0
quarter_trend2_validated,2519,2021-06-11,2021-06-21,-0.0250011497424577,2021,2021-03-31,learned_order_offset,20260911,0.1959833797723796,0.1959833797723796,0,0
quarter_volatility2_validated,2519,2021-06-11,2021-06-21,-0.0250011497424577,2021,2021-03-31,learned_order_offset,20260911,0.1959833797723796,0.1959833797723796,0,0
quarter_trend2_validated,2523,2021-06-18,2021-06-28,0.0325308711127356,2021,2021-03-31,learned_order_offset,20260911,0.42516594768657723,0.42516594768657723,0,1
quarter_volatility2_validated,2523,2021-06-18,2021-06-28,0.0325308711127356,2021,2021-03-31,learned_order_offset,20260911,0.42516594768657723,0.42516594768657723,0,1
quarter_trend2_validated,2528,2021-06-25,2021-07-05,-0.0342297962734196,2021,2021-03-31,learned_order_offset,20260911,0.40512520197902574,0.40512520197902574,0,0
quarter_volatility2_validated,2528,2021-06-25,2021-07-05,-0.0342297962734196,2021,2021-03-31,learned_order_offset,20260911,0.40512520197902574,0.40512520197902574,0,0
quarter_trend2_validated,2533,2021-07-02,2021-07-12,0.0068193733271841,2021,2021-06-30,learned_order_offset,20260911,0.48834019247779775,0.48834019247779775,0,1
quarter_volatility2_validated,2533,2021-07-02,2021-07-12,0.0068193733271841,2021,2021-06-30,learned_order_offset,20260911,0.48834019247779775,0.48834019247779775,0,1
quarter_trend2_validated,2538,2021-07-09,2021-07-19,-0.0048254045313779,2021,2021-06-30,learned_order_offset,20260911,0.1899218857560688,0.1899218857560688,0,0
quarter_volatility2_validated,2538,2021-07-09,2021-07-19,-0.0048254045313779,2021,2021-06-30,learned_order_offset,20260911,0.1899218857560688,0.1899218857560688,0,0
quarter_trend2_validated,2543,2021-07-16,2021-07-26,-0.0032299118953994,2021,2021-06-30,learned_order_offset,20260911,0.30227219210751677,0.30227219210751677,0,0
quarter_volatility2_validated,2543,2021-07-16,2021-07-26,-0.0032299118953994,2021,2021-06-30,learned_order_offset,20260911,0.30227219210751677,0.30227219210751677,0,0
quarter_trend2_validated,2548,2021-07-23,2021-08-02,-0.0537740931579083,2021,2021-06-30,learned_order_offset,20260911,0.3682876710362575,0.3682876710362575,0,0
quarter_volatility2_validated,2548,2021-07-23,2021-08-02,-0.0537740931579083,2021,2021-06-30,learned_order_offset,20260911,0.3682876710362575,0.3682876710362575,0,0
quarter_trend2_validated,2553,2021-07-30,2021-08-09,0.019904813945049,2021,2021-06-30,learned_order_offset,20260911,0.5493128567304749,0.5493128567304749,1,1
quarter_volatility2_validated,2553,2021-07-30,2021-08-09,0.019904813945049,2021,2021-06-30,learned_order_offset,20260911,0.5493128567304749,0.5493128567304749,1,1
quarter_trend2_validated,2558,2021-08-06,2021-08-16,0.0093369268709639,2021,2021-06-30,learned_order_offset,20260911,0.5952755431654839,0.5952755431654839,1,1
quarter_volatility2_validated,2558,2021-08-06,2021-08-16,0.0093369268709639,2021,2021-06-30,learned_order_offset,20260911,0.5952755431654839,0.5952755431654839,1,1
quarter_trend2_validated,2563,2021-08-13,2021-08-23,-0.032048736608373,2021,2021-06-30,learned_order_offset,20260911,0.6435678005185,0.6435678005185,1,0
quarter_volatility2_validated,2563,2021-08-13,2021-08-23,-0.032048736608373,2021,2021-06-30,learned_order_offset,20260911,0.6435678005185,0.6435678005185,1,0
quarter_trend2_validated,2568,2021-08-20,2021-08-30,0.0145047962107527,2021,2021-06-30,learned_order_offset,20260911,0.45941912601595664,0.45941912601595664,0,1
quarter_volatility2_validated,2568,2021-08-20,2021-08-30,0.0145047962107527,2021,2021-06-30,learned_order_offset,20260911,0.45941912601595664,0.45941912601595664,0,1
quarter_trend2_validated,2573,2021-08-27,2021-09-06,-0.0012316820816045,2021,2021-06-30,learned_order_offset,20260911,0.8199221886042931,0.8199221886042931,1,0
quarter_volatility2_validated,2573,2021-08-27,2021-09-06,-0.0012316820816045,2021,2021-06-30,learned_order_offset,20260911,0.8199221886042931,0.8199221886042931,1,0
quarter_trend2_validated,2578,2021-09-03,2021-09-13,0.0342301066295398,2021,2021-06-30,learned_order_offset,20260911,0.7736884948382853,0.7736884948382853,1,1
quarter_volatility2_validated,2578,2021-09-03,2021-09-13,0.0342301066295398,2021,2021-06-30,learned_order_offset,20260911,0.7736884948382853,0.7736884948382853,1,1
quarter_trend2_validated,2583,2021-09-10,2021-09-22,-0.0471441667981554,2021,2021-06-30,learned_order_offset,20260911,0.7486660391902702,0.7486660391902702,1,0
quarter_volatility2_validated,2583,2021-09-10,2021-09-22,-0.0471441667981554,2021,2021-06-30,learned_order_offset,20260911,0.7486660391902702,0.7486660391902702,1,0
quarter_trend2_validated,2588,2021-09-17,2021-09-28,0.0209863060789441,2021,2021-06-30,learned_order_offset,20260911,0.7812035509395332,0.7812035509395332,1,1
quarter_volatility2_validated,2588,2021-09-17,2021-09-28,0.0209863060789441,2021,2021-06-30,learned_order_offset,20260911,0.7812035509395332,0.7812035509395332,1,1
quarter_trend2_validated,2591,2021-09-24,2021-10-11,0.0144615416200457,2021,2021-06-30,learned_order_offset,20260911,0.6670102925222845,0.6670102925222845,1,1
quarter_volatility2_validated,2591,2021-09-24,2021-10-11,0.0144615416200457,2021,2021-06-30,learned_order_offset,20260911,0.6670102925222845,0.6670102925222845,1,1
quarter_trend2_validated,2596,2021-10-08,2021-10-18,-0.0038006269617851,2021,2021-09-30,learned_order_offset,20260911,0.9142972109372612,0.9142972109372612,1,0
quarter_volatility2_validated,2596,2021-10-08,2021-10-18,-0.0038006269617851,2021,2021-09-30,learned_order_offset,20260911,0.9142972109372612,0.9142972109372612,1,0
quarter_trend2_validated,2601,2021-10-15,2021-10-25,0.0037358989621147,2021,2021-09-30,learned_order_offset,20260911,0.8514946837763709,0.8514946837763709,1,1
quarter_volatility2_validated,2601,2021-10-15,2021-10-25,0.0037358989621147,2021,2021-09-30,learned_order_offset,20260911,0.8514946837763709,0.8514946837763709,1,1
quarter_trend2_validated,2606,2021-10-22,2021-11-01,-0.0127041632091318,2021,2021-09-30,learned_order_offset,20260911,0.6153835261273471,0.6153835261273471,1,0
quarter_volatility2_validated,2606,2021-10-22,2021-11-01,-0.0127041632091318,2021,2021-09-30,learned_order_offset,20260911,0.6153835261273471,0.6153835261273471,1,0
quarter_trend2_validated,2611,2021-10-29,2021-11-08,-0.0075807737801166,2021,2021-09-30,learned_order_offset,20260911,0.8905919911114152,0.8905919911114152,1,0
quarter_volatility2_validated,2611,2021-10-29,2021-11-08,-0.0075807737801166,2021,2021-09-30,learned_order_offset,20260911,0.8905919911114152,0.8905919911114152,1,0
quarter_trend2_validated,2616,2021-11-05,2021-11-15,0.0110015182343039,2021,2021-09-30,learned_order_offset,20260911,0.7978265534432464,0.7978265534432464,1,1
quarter_volatility2_validated,2616,2021-11-05,2021-11-15,0.0110015182343039,2021,2021-09-30,learned_order_offset,20260911,0.7978265534432464,0.7978265534432464,1,1
quarter_trend2_validated,2621,2021-11-12,2021-11-22,0.0002002284238551,2021,2021-09-30,learned_order_offset,20260911,0.8952774170529411,0.8952774170529411,1,1
quarter_volatility2_validated,2621,2021-11-12,2021-11-22,0.0002002284238551,2021,2021-09-30,learned_order_offset,20260911,0.8952774170529411,0.8952774170529411,1,1
quarter_trend2_validated,2626,2021-11-19,2021-11-29,-0.0153981603100059,2021,2021-09-30,learned_order_offset,20260911,0.7999840840098098,0.7999840840098098,1,0
quarter_volatility2_validated,2626,2021-11-19,2021-11-29,-0.0153981603100059,2021,2021-09-30,learned_order_offset,20260911,0.7999840840098098,0.7999840840098098,1,0
quarter_trend2_validated,2631,2021-11-26,2021-12-06,0.0185518287306458,2021,2021-09-30,learned_order_offset,20260911,0.8929926071982257,0.8929926071982257,1,1
quarter_volatility2_validated,2631,2021-11-26,2021-12-06,0.0185518287306458,2021,2021-09-30,learned_order_offset,20260911,0.8929926071982257,0.8929926071982257,1,1
quarter_trend2_validated,2636,2021-12-03,2021-12-13,0.0367843110096284,2021,2021-09-30,learned_order_offset,20260911,0.6617706981211336,0.6617706981211336,1,1
quarter_volatility2_validated,2636,2021-12-03,2021-12-13,0.0367843110096284,2021,2021-09-30,learned_order_offset,20260911,0.6617706981211336,0.6617706981211336,1,1
quarter_trend2_validated,2641,2021-12-10,2021-12-20,-0.0304615698955996,2021,2021-09-30,learned_order_offset,20260911,0.6793586467002075,0.6793586467002075,1,0
quarter_volatility2_validated,2641,2021-12-10,2021-12-20,-0.0304615698955996,2021,2021-09-30,learned_order_offset,20260911,0.6793586467002075,0.6793586467002075,1,0
quarter_trend2_validated,2646,2021-12-17,2021-12-27,-0.0034083287233763,2021,2021-09-30,learned_order_offset,20260911,0.8677053304579374,0.8677053304579374,1,0
quarter_volatility2_validated,2646,2021-12-17,2021-12-27,-0.0034083287233763,2021,2021-09-30,learned_order_offset,20260911,0.8677053304579374,0.8677053304579374,1,0
quarter_trend2_validated,2651,2021-12-24,2022-01-04,0.0080985736506613,2021,2021-09-30,learned_order_offset,20260911,0.6618536694473734,0.6618536694473734,1,1
quarter_volatility2_validated,2651,2021-12-24,2022-01-04,0.0080985736506613,2021,2021-09-30,learned_order_offset,20260911,0.6618536694473734,0.6618536694473734,1,1
quarter_trend2_validated,2656,2021-12-31,2022-01-10,-0.0293970528320001,2021,2021-09-30,learned_order_offset,20260911,0.8504487860668164,0.8504487860668164,1,0
quarter_volatility2_validated,2656,2021-12-31,2022-01-10,-0.0293970528320001,2021,2021-09-30,learned_order_offset,20260911,0.8504487860668164,0.8504487860668164,1,0
quarter_trend2_validated,2418,2021-01-08,2021-01-18,-0.0120052904669853,2021,2020-12-31,learned_market,20260912,0.49622809203697066,0.49622809203697066,0,0
quarter_volatility2_validated,2418,2021-01-08,2021-01-18,-0.0120052904669853,2021,2020-12-31,learned_market,20260912,0.49622809203697066,0.49622809203697066,0,0
quarter_trend2_validated,2423,2021-01-15,2021-01-25,0.0231622460538123,2021,2020-12-31,learned_market,20260912,0.30299511780142024,0.30299511780142024,0,1
quarter_volatility2_validated,2423,2021-01-15,2021-01-25,0.0231622460538123,2021,2020-12-31,learned_market,20260912,0.30299511780142024,0.30299511780142024,0,1
quarter_trend2_validated,2428,2021-01-22,2021-02-01,-0.0372511735907923,2021,2020-12-31,learned_market,20260912,0.2926269390741677,0.2926269390741677,0,0
quarter_volatility2_validated,2428,2021-01-22,2021-02-01,-0.0372511735907923,2021,2020-12-31,learned_market,20260912,0.2926269390741677,0.2926269390741677,0,0
quarter_trend2_validated,2433,2021-01-29,2021-02-08,0.0278689901714626,2021,2020-12-31,learned_market,20260912,0.4834854236532544,0.4834854236532544,0,1
quarter_volatility2_validated,2433,2021-01-29,2021-02-08,0.0278689901714626,2021,2020-12-31,learned_market,20260912,0.4834854236532544,0.4834854236532544,0,1
quarter_trend2_validated,2438,2021-02-05,2021-02-22,0.0507379035040882,2021,2020-12-31,learned_market,20260912,0.5449307431156443,0.5449307431156443,1,1
quarter_volatility2_validated,2438,2021-02-05,2021-02-22,0.0507379035040882,2021,2020-12-31,learned_market,20260912,0.5449307431156443,0.5449307431156443,1,1
quarter_trend2_validated,2443,2021-02-19,2021-03-01,-0.0684918010685315,2021,2020-12-31,learned_market,20260912,0.37156624296606255,0.37156624296606255,0,0
quarter_volatility2_validated,2443,2021-02-19,2021-03-01,-0.0684918010685315,2021,2020-12-31,learned_market,20260912,0.37156624296606255,0.37156624296606255,0,0
quarter_trend2_validated,2448,2021-02-26,2021-03-08,-0.0165997123904068,2021,2020-12-31,learned_market,20260912,0.5679579035959068,0.5679579035959068,1,0
quarter_volatility2_validated,2448,2021-02-26,2021-03-08,-0.0165997123904068,2021,2020-12-31,learned_market,20260912,0.5679579035959068,0.5679579035959068,1,0
quarter_trend2_validated,2453,2021-03-05,2021-03-15,-0.0346560901469681,2021,2020-12-31,learned_market,20260912,0.4912573433049491,0.4912573433049491,0,0
quarter_volatility2_validated,2453,2021-03-05,2021-03-15,-0.0346560901469681,2021,2020-12-31,learned_market,20260912,0.4912573433049491,0.4912573433049491,0,0
quarter_trend2_validated,2458,2021-03-12,2021-03-22,-0.0210550182560221,2021,2020-12-31,learned_market,20260912,0.4975950072849539,0.4975950072849539,0,0
quarter_volatility2_validated,2458,2021-03-12,2021-03-22,-0.0210550182560221,2021,2020-12-31,learned_market,20260912,0.4975950072849539,0.4975950072849539,0,0
quarter_trend2_validated,2463,2021-03-19,2021-03-29,0.0087572877565691,2021,2020-12-31,learned_market,20260912,0.4862560848839745,0.4862560848839745,0,1
quarter_volatility2_validated,2463,2021-03-19,2021-03-29,0.0087572877565691,2021,2020-12-31,learned_market,20260912,0.4862560848839745,0.4862560848839745,0,1
quarter_trend2_validated,2468,2021-03-26,2021-04-06,0.0250145479448802,2021,2020-12-31,learned_market,20260912,0.5757817923341705,0.5757817923341705,1,1
quarter_volatility2_validated,2468,2021-03-26,2021-04-06,0.0250145479448802,2021,2020-12-31,learned_market,20260912,0.5757817923341705,0.5757817923341705,1,1
quarter_trend2_validated,2473,2021-04-02,2021-04-12,-0.0292856811827044,2021,2021-03-31,learned_market,20260912,0.56297665502886,0.56297665502886,1,0
quarter_volatility2_validated,2473,2021-04-02,2021-04-12,-0.0292856811827044,2021,2021-03-31,learned_market,20260912,0.56297665502886,0.56297665502886,1,0
quarter_trend2_validated,2477,2021-04-09,2021-04-19,-0.0120489836840408,2021,2021-03-31,learned_market,20260912,0.6833728945724409,0.6833728945724409,1,0
quarter_volatility2_validated,2477,2021-04-09,2021-04-19,-0.0120489836840408,2021,2021-03-31,learned_market,20260912,0.6833728945724409,0.6833728945724409,1,0
quarter_trend2_validated,2482,2021-04-16,2021-04-26,0.0382932540809155,2021,2021-03-31,learned_market,20260912,0.6069844199651692,0.6069844199651692,1,1
quarter_volatility2_validated,2482,2021-04-16,2021-04-26,0.0382932540809155,2021,2021-03-31,learned_market,20260912,0.6069844199651692,0.6069844199651692,1,1
quarter_trend2_validated,2487,2021-04-23,2021-05-06,-0.0112070185917437,2021,2021-03-31,learned_market,20260912,0.6957153692040717,0.6957153692040717,1,0
quarter_volatility2_validated,2487,2021-04-23,2021-05-06,-0.0112070185917437,2021,2021-03-31,learned_market,20260912,0.6957153692040717,0.6957153692040717,1,0
quarter_trend2_validated,2492,2021-04-30,2021-05-12,-0.0190946889464188,2021,2021-03-31,learned_market,20260912,0.49572812581073494,0.49572812581073494,0,0
quarter_volatility2_validated,2492,2021-04-30,2021-05-12,-0.0190946889464188,2021,2021-03-31,learned_market,20260912,0.49572812581073494,0.49572812581073494,0,0
quarter_trend2_validated,2494,2021-05-07,2021-05-17,0.0227674429764228,2021,2021-03-31,learned_market,20260912,0.5923668300862341,0.5923668300862341,1,1
quarter_volatility2_validated,2494,2021-05-07,2021-05-17,0.0227674429764228,2021,2021-03-31,learned_market,20260912,0.5923668300862341,0.5923668300862341,1,1
quarter_trend2_validated,2499,2021-05-14,2021-05-24,0.0045940519733895,2021,2021-03-31,learned_market,20260912,0.5283594579480488,0.5283594579480488,1,1
quarter_volatility2_validated,2499,2021-05-14,2021-05-24,0.0045940519733895,2021,2021-03-31,learned_market,20260912,0.5283594579480488,0.5283594579480488,1,1
quarter_trend2_validated,2504,2021-05-21,2021-05-31,0.0348855085126711,2021,2021-03-31,learned_market,20260912,0.6202700684440092,0.6202700684440092,1,1
quarter_volatility2_validated,2504,2021-05-21,2021-05-31,0.0348855085126711,2021,2021-03-31,learned_market,20260912,0.6202700684440092,0.6202700684440092,1,1
quarter_trend2_validated,2509,2021-05-28,2021-06-07,-0.0062409741861724,2021,2021-03-31,learned_market,20260912,0.5014076959249572,0.5014076959249572,1,0
quarter_volatility2_validated,2509,2021-05-28,2021-06-07,-0.0062409741861724,2021,2021-03-31,learned_market,20260912,0.5014076959249572,0.5014076959249572,1,0
quarter_trend2_validated,2514,2021-06-04,2021-06-15,-0.0125508761771767,2021,2021-03-31,learned_market,20260912,0.32971545266050545,0.32971545266050545,0,0
quarter_volatility2_validated,2514,2021-06-04,2021-06-15,-0.0125508761771767,2021,2021-03-31,learned_market,20260912,0.32971545266050545,0.32971545266050545,0,0
quarter_trend2_validated,2519,2021-06-11,2021-06-21,-0.0250011497424577,2021,2021-03-31,learned_market,20260912,0.4358470115181578,0.4358470115181578,0,0
quarter_volatility2_validated,2519,2021-06-11,2021-06-21,-0.0250011497424577,2021,2021-03-31,learned_market,20260912,0.4358470115181578,0.4358470115181578,0,0
quarter_trend2_validated,2523,2021-06-18,2021-06-28,0.0325308711127356,2021,2021-03-31,learned_market,20260912,0.39660974147357,0.39660974147357,0,1
quarter_volatility2_validated,2523,2021-06-18,2021-06-28,0.0325308711127356,2021,2021-03-31,learned_market,20260912,0.39660974147357,0.39660974147357,0,1
quarter_trend2_validated,2528,2021-06-25,2021-07-05,-0.0342297962734196,2021,2021-03-31,learned_market,20260912,0.2996275446219084,0.2996275446219084,0,0
quarter_volatility2_validated,2528,2021-06-25,2021-07-05,-0.0342297962734196,2021,2021-03-31,learned_market,20260912,0.2996275446219084,0.2996275446219084,0,0
quarter_trend2_validated,2533,2021-07-02,2021-07-12,0.0068193733271841,2021,2021-06-30,learned_market,20260912,0.5151635455277491,0.5151635455277491,1,1
quarter_volatility2_validated,2533,2021-07-02,2021-07-12,0.0068193733271841,2021,2021-06-30,learned_market,20260912,0.5151635455277491,0.5151635455277491,1,1
quarter_trend2_validated,2538,2021-07-09,2021-07-19,-0.0048254045313779,2021,2021-06-30,learned_market,20260912,0.6207119283283139,0.6207119283283139,1,0
quarter_volatility2_validated,2538,2021-07-09,2021-07-19,-0.0048254045313779,2021,2021-06-30,learned_market,20260912,0.6207119283283139,0.6207119283283139,1,0
quarter_trend2_validated,2543,2021-07-16,2021-07-26,-0.0032299118953994,2021,2021-06-30,learned_market,20260912,0.49005551482262627,0.49005551482262627,0,0
quarter_volatility2_validated,2543,2021-07-16,2021-07-26,-0.0032299118953994,2021,2021-06-30,learned_market,20260912,0.49005551482262627,0.49005551482262627,0,0
quarter_trend2_validated,2548,2021-07-23,2021-08-02,-0.0537740931579083,2021,2021-06-30,learned_market,20260912,0.6154753433492549,0.6154753433492549,1,0
quarter_volatility2_validated,2548,2021-07-23,2021-08-02,-0.0537740931579083,2021,2021-06-30,learned_market,20260912,0.6154753433492549,0.6154753433492549,1,0
quarter_trend2_validated,2553,2021-07-30,2021-08-09,0.019904813945049,2021,2021-06-30,learned_market,20260912,0.5234204191777538,0.5234204191777538,1,1
quarter_volatility2_validated,2553,2021-07-30,2021-08-09,0.019904813945049,2021,2021-06-30,learned_market,20260912,0.5234204191777538,0.5234204191777538,1,1
quarter_trend2_validated,2558,2021-08-06,2021-08-16,0.0093369268709639,2021,2021-06-30,learned_market,20260912,0.5141172877385481,0.5141172877385481,1,1
quarter_volatility2_validated,2558,2021-08-06,2021-08-16,0.0093369268709639,2021,2021-06-30,learned_market,20260912,0.5141172877385481,0.5141172877385481,1,1
quarter_trend2_validated,2563,2021-08-13,2021-08-23,-0.032048736608373,2021,2021-06-30,learned_market,20260912,0.799712207667327,0.799712207667327,1,0
quarter_volatility2_validated,2563,2021-08-13,2021-08-23,-0.032048736608373,2021,2021-06-30,learned_market,20260912,0.799712207667327,0.799712207667327,1,0
quarter_trend2_validated,2568,2021-08-20,2021-08-30,0.0145047962107527,2021,2021-06-30,learned_market,20260912,0.6945524744678218,0.6945524744678218,1,1
quarter_volatility2_validated,2568,2021-08-20,2021-08-30,0.0145047962107527,2021,2021-06-30,learned_market,20260912,0.6945524744678218,0.6945524744678218,1,1
quarter_trend2_validated,2573,2021-08-27,2021-09-06,-0.0012316820816045,2021,2021-06-30,learned_market,20260912,0.650209110265474,0.650209110265474,1,0
quarter_volatility2_validated,2573,2021-08-27,2021-09-06,-0.0012316820816045,2021,2021-06-30,learned_market,20260912,0.650209110265474,0.650209110265474,1,0
quarter_trend2_validated,2578,2021-09-03,2021-09-13,0.0342301066295398,2021,2021-06-30,learned_market,20260912,0.5845335348210389,0.5845335348210389,1,1
quarter_volatility2_validated,2578,2021-09-03,2021-09-13,0.0342301066295398,2021,2021-06-30,learned_market,20260912,0.5845335348210389,0.5845335348210389,1,1
quarter_trend2_validated,2583,2021-09-10,2021-09-22,-0.0471441667981554,2021,2021-06-30,learned_market,20260912,0.5978406592956743,0.5978406592956743,1,0
quarter_volatility2_validated,2583,2021-09-10,2021-09-22,-0.0471441667981554,2021,2021-06-30,learned_market,20260912,0.5978406592956743,0.5978406592956743,1,0
quarter_trend2_validated,2588,2021-09-17,2021-09-28,0.0209863060789441,2021,2021-06-30,learned_market,20260912,0.5426754501942058,0.5426754501942058,1,1
quarter_volatility2_validated,2588,2021-09-17,2021-09-28,0.0209863060789441,2021,2021-06-30,learned_market,20260912,0.5426754501942058,0.5426754501942058,1,1
quarter_trend2_validated,2591,2021-09-24,2021-10-11,0.0144615416200457,2021,2021-06-30,learned_market,20260912,0.43126701380981713,0.43126701380981713,0,1
quarter_volatility2_validated,2591,2021-09-24,2021-10-11,0.0144615416200457,2021,2021-06-30,learned_market,20260912,0.43126701380981713,0.43126701380981713,0,1
quarter_trend2_validated,2596,2021-10-08,2021-10-18,-0.0038006269617851,2021,2021-09-30,learned_market,20260912,0.6941559587516039,0.6941559587516039,1,0
quarter_volatility2_validated,2596,2021-10-08,2021-10-18,-0.0038006269617851,2021,2021-09-30,learned_market,20260912,0.6941559587516039,0.6941559587516039,1,0
quarter_trend2_validated,2601,2021-10-15,2021-10-25,0.0037358989621147,2021,2021-09-30,learned_market,20260912,0.5572300046897983,0.5572300046897983,1,1
quarter_volatility2_validated,2601,2021-10-15,2021-10-25,0.0037358989621147,2021,2021-09-30,learned_market,20260912,0.5572300046897983,0.5572300046897983,1,1
quarter_trend2_validated,2606,2021-10-22,2021-11-01,-0.0127041632091318,2021,2021-09-30,learned_market,20260912,0.6299600436601378,0.6299600436601378,1,0
quarter_volatility2_validated,2606,2021-10-22,2021-11-01,-0.0127041632091318,2021,2021-09-30,learned_market,20260912,0.6299600436601378,0.6299600436601378,1,0
quarter_trend2_validated,2611,2021-10-29,2021-11-08,-0.0075807737801166,2021,2021-09-30,learned_market,20260912,0.464512357293061,0.464512357293061,0,0
quarter_volatility2_validated,2611,2021-10-29,2021-11-08,-0.0075807737801166,2021,2021-09-30,learned_market,20260912,0.464512357293061,0.464512357293061,0,0
quarter_trend2_validated,2616,2021-11-05,2021-11-15,0.0110015182343039,2021,2021-09-30,learned_market,20260912,0.508116852058366,0.508116852058366,1,1
quarter_volatility2_validated,2616,2021-11-05,2021-11-15,0.0110015182343039,2021,2021-09-30,learned_market,20260912,0.508116852058366,0.508116852058366,1,1
quarter_trend2_validated,2621,2021-11-12,2021-11-22,0.0002002284238551,2021,2021-09-30,learned_market,20260912,0.6443350708781979,0.6443350708781979,1,1
quarter_volatility2_validated,2621,2021-11-12,2021-11-22,0.0002002284238551,2021,2021-09-30,learned_market,20260912,0.6443350708781979,0.6443350708781979,1,1
quarter_trend2_validated,2626,2021-11-19,2021-11-29,-0.0153981603100059,2021,2021-09-30,learned_market,20260912,0.6693433688568049,0.6693433688568049,1,0
quarter_volatility2_validated,2626,2021-11-19,2021-11-29,-0.0153981603100059,2021,2021-09-30,learned_market,20260912,0.6693433688568049,0.6693433688568049,1,0
quarter_trend2_validated,2631,2021-11-26,2021-12-06,0.0185518287306458,2021,2021-09-30,learned_market,20260912,0.4564357929986235,0.4564357929986235,0,1
quarter_volatility2_validated,2631,2021-11-26,2021-12-06,0.0185518287306458,2021,2021-09-30,learned_market,20260912,0.4564357929986235,0.4564357929986235,0,1
quarter_trend2_validated,2636,2021-12-03,2021-12-13,0.0367843110096284,2021,2021-09-30,learned_market,20260912,0.41978771600214365,0.41978771600214365,0,1
quarter_volatility2_validated,2636,2021-12-03,2021-12-13,0.0367843110096284,2021,2021-09-30,learned_market,20260912,0.41978771600214365,0.41978771600214365,0,1
quarter_trend2_validated,2641,2021-12-10,2021-12-20,-0.0304615698955996,2021,2021-09-30,learned_market,20260912,0.6271976821534841,0.6271976821534841,1,0
quarter_volatility2_validated,2641,2021-12-10,2021-12-20,-0.0304615698955996,2021,2021-09-30,learned_market,20260912,0.6271976821534841,0.6271976821534841,1,0
quarter_trend2_validated,2646,2021-12-17,2021-12-27,-0.0034083287233763,2021,2021-09-30,learned_market,20260912,0.6038032181672566,0.6038032181672566,1,0
quarter_volatility2_validated,2646,2021-12-17,2021-12-27,-0.0034083287233763,2021,2021-09-30,learned_market,20260912,0.6038032181672566,0.6038032181672566,1,0
quarter_trend2_validated,2651,2021-12-24,2022-01-04,0.0080985736506613,2021,2021-09-30,learned_market,20260912,0.46482306192949696,0.46482306192949696,0,1
quarter_volatility2_validated,2651,2021-12-24,2022-01-04,0.0080985736506613,2021,2021-09-30,learned_market,20260912,0.46482306192949696,0.46482306192949696,0,1
quarter_trend2_validated,2656,2021-12-31,2022-01-10,-0.0293970528320001,2021,2021-09-30,learned_market,20260912,0.6466363276154498,0.6466363276154498,1,0
quarter_volatility2_validated,2656,2021-12-31,2022-01-10,-0.0293970528320001,2021,2021-09-30,learned_market,20260912,0.6466363276154498,0.6466363276154498,1,0
quarter_trend2_validated,2418,2021-01-08,2021-01-18,-0.0120052904669853,2021,2020-12-31,learned_vol_interaction,20260912,0.49620713842529096,0.49620713842529096,0,0
quarter_volatility2_validated,2418,2021-01-08,2021-01-18,-0.0120052904669853,2021,2020-12-31,learned_vol_interaction,20260912,0.49620713842529096,0.49620713842529096,0,0
quarter_trend2_validated,2423,2021-01-15,2021-01-25,0.0231622460538123,2021,2020-12-31,learned_vol_interaction,20260912,0.30370534508378266,0.30370534508378266,0,1
quarter_volatility2_validated,2423,2021-01-15,2021-01-25,0.0231622460538123,2021,2020-12-31,learned_vol_interaction,20260912,0.30370534508378266,0.30370534508378266,0,1
quarter_trend2_validated,2428,2021-01-22,2021-02-01,-0.0372511735907923,2021,2020-12-31,learned_vol_interaction,20260912,0.2931342483584557,0.2931342483584557,0,0
quarter_volatility2_validated,2428,2021-01-22,2021-02-01,-0.0372511735907923,2021,2020-12-31,learned_vol_interaction,20260912,0.2931342483584557,0.2931342483584557,0,0
quarter_trend2_validated,2433,2021-01-29,2021-02-08,0.0278689901714626,2021,2020-12-31,learned_vol_interaction,20260912,0.4851476188516167,0.4851476188516167,0,1
quarter_volatility2_validated,2433,2021-01-29,2021-02-08,0.0278689901714626,2021,2020-12-31,learned_vol_interaction,20260912,0.4851476188516167,0.4851476188516167,0,1
quarter_trend2_validated,2438,2021-02-05,2021-02-22,0.0507379035040882,2021,2020-12-31,learned_vol_interaction,20260912,0.5455559755252699,0.5455559755252699,1,1
quarter_volatility2_validated,2438,2021-02-05,2021-02-22,0.0507379035040882,2021,2020-12-31,learned_vol_interaction,20260912,0.5455559755252699,0.5455559755252699,1,1
quarter_trend2_validated,2443,2021-02-19,2021-03-01,-0.0684918010685315,2021,2020-12-31,learned_vol_interaction,20260912,0.37201410439640853,0.37201410439640853,0,0
quarter_volatility2_validated,2443,2021-02-19,2021-03-01,-0.0684918010685315,2021,2020-12-31,learned_vol_interaction,20260912,0.37201410439640853,0.37201410439640853,0,0
quarter_trend2_validated,2448,2021-02-26,2021-03-08,-0.0165997123904068,2021,2020-12-31,learned_vol_interaction,20260912,0.5647303221106473,0.5647303221106473,1,0
quarter_volatility2_validated,2448,2021-02-26,2021-03-08,-0.0165997123904068,2021,2020-12-31,learned_vol_interaction,20260912,0.5647303221106473,0.5647303221106473,1,0
quarter_trend2_validated,2453,2021-03-05,2021-03-15,-0.0346560901469681,2021,2020-12-31,learned_vol_interaction,20260912,0.4925362885158211,0.4925362885158211,0,0
quarter_volatility2_validated,2453,2021-03-05,2021-03-15,-0.0346560901469681,2021,2020-12-31,learned_vol_interaction,20260912,0.4925362885158211,0.4925362885158211,0,0
quarter_trend2_validated,2458,2021-03-12,2021-03-22,-0.0210550182560221,2021,2020-12-31,learned_vol_interaction,20260912,0.5001941106115585,0.5001941106115585,1,0
quarter_volatility2_validated,2458,2021-03-12,2021-03-22,-0.0210550182560221,2021,2020-12-31,learned_vol_interaction,20260912,0.5001941106115585,0.5001941106115585,1,0
quarter_trend2_validated,2463,2021-03-19,2021-03-29,0.0087572877565691,2021,2020-12-31,learned_vol_interaction,20260912,0.4917119078225818,0.4917119078225818,0,1
quarter_volatility2_validated,2463,2021-03-19,2021-03-29,0.0087572877565691,2021,2020-12-31,learned_vol_interaction,20260912,0.4917119078225818,0.4917119078225818,0,1
quarter_trend2_validated,2468,2021-03-26,2021-04-06,0.0250145479448802,2021,2020-12-31,learned_vol_interaction,20260912,0.5754614207160266,0.5754614207160266,1,1
quarter_volatility2_validated,2468,2021-03-26,2021-04-06,0.0250145479448802,2021,2020-12-31,learned_vol_interaction,20260912,0.5754614207160266,0.5754614207160266,1,1
quarter_trend2_validated,2473,2021-04-02,2021-04-12,-0.0292856811827044,2021,2021-03-31,learned_vol_interaction,20260912,0.5647750064828143,0.5647750064828143,1,0
quarter_volatility2_validated,2473,2021-04-02,2021-04-12,-0.0292856811827044,2021,2021-03-31,learned_vol_interaction,20260912,0.5647750064828143,0.5647750064828143,1,0
quarter_trend2_validated,2477,2021-04-09,2021-04-19,-0.0120489836840408,2021,2021-03-31,learned_vol_interaction,20260912,0.6851225390103307,0.6851225390103307,1,0
quarter_volatility2_validated,2477,2021-04-09,2021-04-19,-0.0120489836840408,2021,2021-03-31,learned_vol_interaction,20260912,0.6851225390103307,0.6851225390103307,1,0
quarter_trend2_validated,2482,2021-04-16,2021-04-26,0.0382932540809155,2021,2021-03-31,learned_vol_interaction,20260912,0.6079794499510633,0.6079794499510633,1,1
quarter_volatility2_validated,2482,2021-04-16,2021-04-26,0.0382932540809155,2021,2021-03-31,learned_vol_interaction,20260912,0.6079794499510633,0.6079794499510633,1,1
quarter_trend2_validated,2487,2021-04-23,2021-05-06,-0.0112070185917437,2021,2021-03-31,learned_vol_interaction,20260912,0.6970440278111448,0.6970440278111448,1,0
quarter_volatility2_validated,2487,2021-04-23,2021-05-06,-0.0112070185917437,2021,2021-03-31,learned_vol_interaction,20260912,0.6970440278111448,0.6970440278111448,1,0
quarter_trend2_validated,2492,2021-04-30,2021-05-12,-0.0190946889464188,2021,2021-03-31,learned_vol_interaction,20260912,0.49508455771909865,0.49508455771909865,0,0
quarter_volatility2_validated,2492,2021-04-30,2021-05-12,-0.0190946889464188,2021,2021-03-31,learned_vol_interaction,20260912,0.49508455771909865,0.49508455771909865,0,0
quarter_trend2_validated,2494,2021-05-07,2021-05-17,0.0227674429764228,2021,2021-03-31,learned_vol_interaction,20260912,0.5936076847954643,0.5936076847954643,1,1
quarter_volatility2_validated,2494,2021-05-07,2021-05-17,0.0227674429764228,2021,2021-03-31,learned_vol_interaction,20260912,0.5936076847954643,0.5936076847954643,1,1
quarter_trend2_validated,2499,2021-05-14,2021-05-24,0.0045940519733895,2021,2021-03-31,learned_vol_interaction,20260912,0.5260594519724338,0.5260594519724338,1,1
quarter_volatility2_validated,2499,2021-05-14,2021-05-24,0.0045940519733895,2021,2021-03-31,learned_vol_interaction,20260912,0.5260594519724338,0.5260594519724338,1,1
quarter_trend2_validated,2504,2021-05-21,2021-05-31,0.0348855085126711,2021,2021-03-31,learned_vol_interaction,20260912,0.6194700609717307,0.6194700609717307,1,1
quarter_volatility2_validated,2504,2021-05-21,2021-05-31,0.0348855085126711,2021,2021-03-31,learned_vol_interaction,20260912,0.6194700609717307,0.6194700609717307,1,1
quarter_trend2_validated,2509,2021-05-28,2021-06-07,-0.0062409741861724,2021,2021-03-31,learned_vol_interaction,20260912,0.4999311238130264,0.4999311238130264,0,0
quarter_volatility2_validated,2509,2021-05-28,2021-06-07,-0.0062409741861724,2021,2021-03-31,learned_vol_interaction,20260912,0.4999311238130264,0.4999311238130264,0,0
quarter_trend2_validated,2514,2021-06-04,2021-06-15,-0.0125508761771767,2021,2021-03-31,learned_vol_interaction,20260912,0.32963442443266894,0.32963442443266894,0,0
quarter_volatility2_validated,2514,2021-06-04,2021-06-15,-0.0125508761771767,2021,2021-03-31,learned_vol_interaction,20260912,0.32963442443266894,0.32963442443266894,0,0
quarter_trend2_validated,2519,2021-06-11,2021-06-21,-0.0250011497424577,2021,2021-03-31,learned_vol_interaction,20260912,0.43487798405591244,0.43487798405591244,0,0
quarter_volatility2_validated,2519,2021-06-11,2021-06-21,-0.0250011497424577,2021,2021-03-31,learned_vol_interaction,20260912,0.43487798405591244,0.43487798405591244,0,0
quarter_trend2_validated,2523,2021-06-18,2021-06-28,0.0325308711127356,2021,2021-03-31,learned_vol_interaction,20260912,0.39563184997461803,0.39563184997461803,0,1
quarter_volatility2_validated,2523,2021-06-18,2021-06-28,0.0325308711127356,2021,2021-03-31,learned_vol_interaction,20260912,0.39563184997461803,0.39563184997461803,0,1
quarter_trend2_validated,2528,2021-06-25,2021-07-05,-0.0342297962734196,2021,2021-03-31,learned_vol_interaction,20260912,0.2936971410007611,0.2936971410007611,0,0
quarter_volatility2_validated,2528,2021-06-25,2021-07-05,-0.0342297962734196,2021,2021-03-31,learned_vol_interaction,20260912,0.2936971410007611,0.2936971410007611,0,0
quarter_trend2_validated,2533,2021-07-02,2021-07-12,0.0068193733271841,2021,2021-06-30,learned_vol_interaction,20260912,0.5148668706411704,0.5148668706411704,1,1
quarter_volatility2_validated,2533,2021-07-02,2021-07-12,0.0068193733271841,2021,2021-06-30,learned_vol_interaction,20260912,0.5148668706411704,0.5148668706411704,1,1
quarter_trend2_validated,2538,2021-07-09,2021-07-19,-0.0048254045313779,2021,2021-06-30,learned_vol_interaction,20260912,0.6186903340218607,0.6186903340218607,1,0
quarter_volatility2_validated,2538,2021-07-09,2021-07-19,-0.0048254045313779,2021,2021-06-30,learned_vol_interaction,20260912,0.6186903340218607,0.6186903340218607,1,0
quarter_trend2_validated,2543,2021-07-16,2021-07-26,-0.0032299118953994,2021,2021-06-30,learned_vol_interaction,20260912,0.4865946477628708,0.4865946477628708,0,0
quarter_volatility2_validated,2543,2021-07-16,2021-07-26,-0.0032299118953994,2021,2021-06-30,learned_vol_interaction,20260912,0.4865946477628708,0.4865946477628708,0,0
quarter_trend2_validated,2548,2021-07-23,2021-08-02,-0.0537740931579083,2021,2021-06-30,learned_vol_interaction,20260912,0.6139762603963855,0.6139762603963855,1,0
quarter_volatility2_validated,2548,2021-07-23,2021-08-02,-0.0537740931579083,2021,2021-06-30,learned_vol_interaction,20260912,0.6139762603963855,0.6139762603963855,1,0
quarter_trend2_validated,2553,2021-07-30,2021-08-09,0.019904813945049,2021,2021-06-30,learned_vol_interaction,20260912,0.5240194778238666,0.5240194778238666,1,1
quarter_volatility2_validated,2553,2021-07-30,2021-08-09,0.019904813945049,2021,2021-06-30,learned_vol_interaction,20260912,0.5240194778238666,0.5240194778238666,1,1
quarter_trend2_validated,2558,2021-08-06,2021-08-16,0.0093369268709639,2021,2021-06-30,learned_vol_interaction,20260912,0.5136649464816024,0.5136649464816024,1,1
quarter_volatility2_validated,2558,2021-08-06,2021-08-16,0.0093369268709639,2021,2021-06-30,learned_vol_interaction,20260912,0.5136649464816024,0.5136649464816024,1,1
quarter_trend2_validated,2563,2021-08-13,2021-08-23,-0.032048736608373,2021,2021-06-30,learned_vol_interaction,20260912,0.7945167952306426,0.7945167952306426,1,0
quarter_volatility2_validated,2563,2021-08-13,2021-08-23,-0.032048736608373,2021,2021-06-30,learned_vol_interaction,20260912,0.7945167952306426,0.7945167952306426,1,0
quarter_trend2_validated,2568,2021-08-20,2021-08-30,0.0145047962107527,2021,2021-06-30,learned_vol_interaction,20260912,0.6928180790402312,0.6928180790402312,1,1
quarter_volatility2_validated,2568,2021-08-20,2021-08-30,0.0145047962107527,2021,2021-06-30,learned_vol_interaction,20260912,0.6928180790402312,0.6928180790402312,1,1
quarter_trend2_validated,2573,2021-08-27,2021-09-06,-0.0012316820816045,2021,2021-06-30,learned_vol_interaction,20260912,0.6501421001064899,0.6501421001064899,1,0
quarter_volatility2_validated,2573,2021-08-27,2021-09-06,-0.0012316820816045,2021,2021-06-30,learned_vol_interaction,20260912,0.6501421001064899,0.6501421001064899,1,0
quarter_trend2_validated,2578,2021-09-03,2021-09-13,0.0342301066295398,2021,2021-06-30,learned_vol_interaction,20260912,0.5834223088141877,0.5834223088141877,1,1
quarter_volatility2_validated,2578,2021-09-03,2021-09-13,0.0342301066295398,2021,2021-06-30,learned_vol_interaction,20260912,0.5834223088141877,0.5834223088141877,1,1
quarter_trend2_validated,2583,2021-09-10,2021-09-22,-0.0471441667981554,2021,2021-06-30,learned_vol_interaction,20260912,0.5980779969137336,0.5980779969137336,1,0
quarter_volatility2_validated,2583,2021-09-10,2021-09-22,-0.0471441667981554,2021,2021-06-30,learned_vol_interaction,20260912,0.5980779969137336,0.5980779969137336,1,0
quarter_trend2_validated,2588,2021-09-17,2021-09-28,0.0209863060789441,2021,2021-06-30,learned_vol_interaction,20260912,0.5427243889928098,0.5427243889928098,1,1
quarter_volatility2_validated,2588,2021-09-17,2021-09-28,0.0209863060789441,2021,2021-06-30,learned_vol_interaction,20260912,0.5427243889928098,0.5427243889928098,1,1
quarter_trend2_validated,2591,2021-09-24,2021-10-11,0.0144615416200457,2021,2021-06-30,learned_vol_interaction,20260912,0.42884602217775675,0.42884602217775675,0,1
quarter_volatility2_validated,2591,2021-09-24,2021-10-11,0.0144615416200457,2021,2021-06-30,learned_vol_interaction,20260912,0.42884602217775675,0.42884602217775675,0,1
quarter_trend2_validated,2596,2021-10-08,2021-10-18,-0.0038006269617851,2021,2021-09-30,learned_vol_interaction,20260912,0.695102696328134,0.695102696328134,1,0
quarter_volatility2_validated,2596,2021-10-08,2021-10-18,-0.0038006269617851,2021,2021-09-30,learned_vol_interaction,20260912,0.695102696328134,0.695102696328134,1,0
quarter_trend2_validated,2601,2021-10-15,2021-10-25,0.0037358989621147,2021,2021-09-30,learned_vol_interaction,20260912,0.5555453048521898,0.5555453048521898,1,1
quarter_volatility2_validated,2601,2021-10-15,2021-10-25,0.0037358989621147,2021,2021-09-30,learned_vol_interaction,20260912,0.5555453048521898,0.5555453048521898,1,1
quarter_trend2_validated,2606,2021-10-22,2021-11-01,-0.0127041632091318,2021,2021-09-30,learned_vol_interaction,20260912,0.6315277731833727,0.6315277731833727,1,0
quarter_volatility2_validated,2606,2021-10-22,2021-11-01,-0.0127041632091318,2021,2021-09-30,learned_vol_interaction,20260912,0.6315277731833727,0.6315277731833727,1,0
quarter_trend2_validated,2611,2021-10-29,2021-11-08,-0.0075807737801166,2021,2021-09-30,learned_vol_interaction,20260912,0.46060481961428473,0.46060481961428473,0,0
quarter_volatility2_validated,2611,2021-10-29,2021-11-08,-0.0075807737801166,2021,2021-09-30,learned_vol_interaction,20260912,0.46060481961428473,0.46060481961428473,0,0
quarter_trend2_validated,2616,2021-11-05,2021-11-15,0.0110015182343039,2021,2021-09-30,learned_vol_interaction,20260912,0.5028238020220486,0.5028238020220486,1,1
quarter_volatility2_validated,2616,2021-11-05,2021-11-15,0.0110015182343039,2021,2021-09-30,learned_vol_interaction,20260912,0.5028238020220486,0.5028238020220486,1,1
quarter_trend2_validated,2621,2021-11-12,2021-11-22,0.0002002284238551,2021,2021-09-30,learned_vol_interaction,20260912,0.6449850400218169,0.6449850400218169,1,1
quarter_volatility2_validated,2621,2021-11-12,2021-11-22,0.0002002284238551,2021,2021-09-30,learned_vol_interaction,20260912,0.6449850400218169,0.6449850400218169,1,1
quarter_trend2_validated,2626,2021-11-19,2021-11-29,-0.0153981603100059,2021,2021-09-30,learned_vol_interaction,20260912,0.6701888269993593,0.6701888269993593,1,0
quarter_volatility2_validated,2626,2021-11-19,2021-11-29,-0.0153981603100059,2021,2021-09-30,learned_vol_interaction,20260912,0.6701888269993593,0.6701888269993593,1,0
quarter_trend2_validated,2631,2021-11-26,2021-12-06,0.0185518287306458,2021,2021-09-30,learned_vol_interaction,20260912,0.45043317964934776,0.45043317964934776,0,1
quarter_volatility2_validated,2631,2021-11-26,2021-12-06,0.0185518287306458,2021,2021-09-30,learned_vol_interaction,20260912,0.45043317964934776,0.45043317964934776,0,1
quarter_trend2_validated,2636,2021-12-03,2021-12-13,0.0367843110096284,2021,2021-09-30,learned_vol_interaction,20260912,0.41071461893066585,0.41071461893066585,0,1
quarter_volatility2_validated,2636,2021-12-03,2021-12-13,0.0367843110096284,2021,2021-09-30,learned_vol_interaction,20260912,0.41071461893066585,0.41071461893066585,0,1
quarter_trend2_validated,2641,2021-12-10,2021-12-20,-0.0304615698955996,2021,2021-09-30,learned_vol_interaction,20260912,0.6266555065384815,0.6266555065384815,1,0
quarter_volatility2_validated,2641,2021-12-10,2021-12-20,-0.0304615698955996,2021,2021-09-30,learned_vol_interaction,20260912,0.6266555065384815,0.6266555065384815,1,0
quarter_trend2_validated,2646,2021-12-17,2021-12-27,-0.0034083287233763,2021,2021-09-30,learned_vol_interaction,20260912,0.6026505934203981,0.6026505934203981,1,0
quarter_volatility2_validated,2646,2021-12-17,2021-12-27,-0.0034083287233763,2021,2021-09-30,learned_vol_interaction,20260912,0.6026505934203981,0.6026505934203981,1,0
quarter_trend2_validated,2651,2021-12-24,2022-01-04,0.0080985736506613,2021,2021-09-30,learned_vol_interaction,20260912,0.46036515762682995,0.46036515762682995,0,1
quarter_volatility2_validated,2651,2021-12-24,2022-01-04,0.0080985736506613,2021,2021-09-30,learned_vol_interaction,20260912,0.46036515762682995,0.46036515762682995,0,1
quarter_trend2_validated,2656,2021-12-31,2022-01-10,-0.0293970528320001,2021,2021-09-30,learned_vol_interaction,20260912,0.6445590390816363,0.6445590390816363,1,0
quarter_volatility2_validated,2656,2021-12-31,2022-01-10,-0.0293970528320001,2021,2021-09-30,learned_vol_interaction,20260912,0.6445590390816363,0.6445590390816363,1,0
quarter_trend2_validated,2418,2021-01-08,2021-01-18,-0.0120052904669853,2021,2020-12-31,learned_order_extension,20260912,0.4980709373270918,0.4980709373270918,0,0
quarter_volatility2_validated,2418,2021-01-08,2021-01-18,-0.0120052904669853,2021,2020-12-31,learned_order_extension,20260912,0.4980709373270918,0.4980709373270918,0,0
quarter_trend2_validated,2423,2021-01-15,2021-01-25,0.0231622460538123,2021,2020-12-31,learned_order_extension,20260912,0.3077801048995167,0.3077801048995167,0,1
quarter_volatility2_validated,2423,2021-01-15,2021-01-25,0.0231622460538123,2021,2020-12-31,learned_order_extension,20260912,0.3077801048995167,0.3077801048995167,0,1
quarter_trend2_validated,2428,2021-01-22,2021-02-01,-0.0372511735907923,2021,2020-12-31,learned_order_extension,20260912,0.2945790953929349,0.2945790953929349,0,0
quarter_volatility2_validated,2428,2021-01-22,2021-02-01,-0.0372511735907923,2021,2020-12-31,learned_order_extension,20260912,0.2945790953929349,0.2945790953929349,0,0
quarter_trend2_validated,2433,2021-01-29,2021-02-08,0.0278689901714626,2021,2020-12-31,learned_order_extension,20260912,0.4869306132003812,0.4869306132003812,0,1
quarter_volatility2_validated,2433,2021-01-29,2021-02-08,0.0278689901714626,2021,2020-12-31,learned_order_extension,20260912,0.4869306132003812,0.4869306132003812,0,1
quarter_trend2_validated,2438,2021-02-05,2021-02-22,0.0507379035040882,2021,2020-12-31,learned_order_extension,20260912,0.5470942643821933,0.5470942643821933,1,1
quarter_volatility2_validated,2438,2021-02-05,2021-02-22,0.0507379035040882,2021,2020-12-31,learned_order_extension,20260912,0.5470942643821933,0.5470942643821933,1,1
quarter_trend2_validated,2443,2021-02-19,2021-03-01,-0.0684918010685315,2021,2020-12-31,learned_order_extension,20260912,0.37256373051610003,0.37256373051610003,0,0
quarter_volatility2_validated,2443,2021-02-19,2021-03-01,-0.0684918010685315,2021,2020-12-31,learned_order_extension,20260912,0.37256373051610003,0.37256373051610003,0,0
quarter_trend2_validated,2448,2021-02-26,2021-03-08,-0.0165997123904068,2021,2020-12-31,learned_order_extension,20260912,0.5652884202407723,0.5652884202407723,1,0
quarter_volatility2_validated,2448,2021-02-26,2021-03-08,-0.0165997123904068,2021,2020-12-31,learned_order_extension,20260912,0.5652884202407723,0.5652884202407723,1,0
quarter_trend2_validated,2453,2021-03-05,2021-03-15,-0.0346560901469681,2021,2020-12-31,learned_order_extension,20260912,0.4938099782773414,0.4938099782773414,0,0
quarter_volatility2_validated,2453,2021-03-05,2021-03-15,-0.0346560901469681,2021,2020-12-31,learned_order_extension,20260912,0.4938099782773414,0.4938099782773414,0,0
quarter_trend2_validated,2458,2021-03-12,2021-03-22,-0.0210550182560221,2021,2020-12-31,learned_order_extension,20260912,0.5011342068332141,0.5011342068332141,1,0
quarter_volatility2_validated,2458,2021-03-12,2021-03-22,-0.0210550182560221,2021,2020-12-31,learned_order_extension,20260912,0.5011342068332141,0.5011342068332141,1,0
quarter_trend2_validated,2463,2021-03-19,2021-03-29,0.0087572877565691,2021,2020-12-31,learned_order_extension,20260912,0.49318584601318854,0.49318584601318854,0,1
quarter_volatility2_validated,2463,2021-03-19,2021-03-29,0.0087572877565691,2021,2020-12-31,learned_order_extension,20260912,0.49318584601318854,0.49318584601318854,0,1
quarter_trend2_validated,2468,2021-03-26,2021-04-06,0.0250145479448802,2021,2020-12-31,learned_order_extension,20260912,0.5765372992952104,0.5765372992952104,1,1
quarter_volatility2_validated,2468,2021-03-26,2021-04-06,0.0250145479448802,2021,2020-12-31,learned_order_extension,20260912,0.5765372992952104,0.5765372992952104,1,1
quarter_trend2_validated,2473,2021-04-02,2021-04-12,-0.0292856811827044,2021,2021-03-31,learned_order_extension,20260912,0.5661836120897463,0.5661836120897463,1,0
quarter_volatility2_validated,2473,2021-04-02,2021-04-12,-0.0292856811827044,2021,2021-03-31,learned_order_extension,20260912,0.5661836120897463,0.5661836120897463,1,0
quarter_trend2_validated,2477,2021-04-09,2021-04-19,-0.0120489836840408,2021,2021-03-31,learned_order_extension,20260912,0.687046194737299,0.687046194737299,1,0
quarter_volatility2_validated,2477,2021-04-09,2021-04-19,-0.0120489836840408,2021,2021-03-31,learned_order_extension,20260912,0.687046194737299,0.687046194737299,1,0
quarter_trend2_validated,2482,2021-04-16,2021-04-26,0.0382932540809155,2021,2021-03-31,learned_order_extension,20260912,0.6079705501613304,0.6079705501613304,1,1
quarter_volatility2_validated,2482,2021-04-16,2021-04-26,0.0382932540809155,2021,2021-03-31,learned_order_extension,20260912,0.6079705501613304,0.6079705501613304,1,1
quarter_trend2_validated,2487,2021-04-23,2021-05-06,-0.0112070185917437,2021,2021-03-31,learned_order_extension,20260912,0.7001630679827717,0.7001630679827717,1,0
quarter_volatility2_validated,2487,2021-04-23,2021-05-06,-0.0112070185917437,2021,2021-03-31,learned_order_extension,20260912,0.7001630679827717,0.7001630679827717,1,0
quarter_trend2_validated,2492,2021-04-30,2021-05-12,-0.0190946889464188,2021,2021-03-31,learned_order_extension,20260912,0.4918375430018398,0.4918375430018398,0,0
quarter_volatility2_validated,2492,2021-04-30,2021-05-12,-0.0190946889464188,2021,2021-03-31,learned_order_extension,20260912,0.4918375430018398,0.4918375430018398,0,0
quarter_trend2_validated,2494,2021-05-07,2021-05-17,0.0227674429764228,2021,2021-03-31,learned_order_extension,20260912,0.5924909504537539,0.5924909504537539,1,1
quarter_volatility2_validated,2494,2021-05-07,2021-05-17,0.0227674429764228,2021,2021-03-31,learned_order_extension,20260912,0.5924909504537539,0.5924909504537539,1,1
quarter_trend2_validated,2499,2021-05-14,2021-05-24,0.0045940519733895,2021,2021-03-31,learned_order_extension,20260912,0.5211782975246303,0.5211782975246303,1,1
quarter_volatility2_validated,2499,2021-05-14,2021-05-24,0.0045940519733895,2021,2021-03-31,learned_order_extension,20260912,0.5211782975246303,0.5211782975246303,1,1
quarter_trend2_validated,2504,2021-05-21,2021-05-31,0.0348855085126711,2021,2021-03-31,learned_order_extension,20260912,0.6201148626993727,0.6201148626993727,1,1
quarter_volatility2_validated,2504,2021-05-21,2021-05-31,0.0348855085126711,2021,2021-03-31,learned_order_extension,20260912,0.6201148626993727,0.6201148626993727,1,1
quarter_trend2_validated,2509,2021-05-28,2021-06-07,-0.0062409741861724,2021,2021-03-31,learned_order_extension,20260912,0.49912386449059004,0.49912386449059004,0,0
quarter_volatility2_validated,2509,2021-05-28,2021-06-07,-0.0062409741861724,2021,2021-03-31,learned_order_extension,20260912,0.49912386449059004,0.49912386449059004,0,0
quarter_trend2_validated,2514,2021-06-04,2021-06-15,-0.0125508761771767,2021,2021-03-31,learned_order_extension,20260912,0.3220408483503156,0.3220408483503156,0,0
quarter_volatility2_validated,2514,2021-06-04,2021-06-15,-0.0125508761771767,2021,2021-03-31,learned_order_extension,20260912,0.3220408483503156,0.3220408483503156,0,0
quarter_trend2_validated,2519,2021-06-11,2021-06-21,-0.0250011497424577,2021,2021-03-31,learned_order_extension,20260912,0.4292917957601971,0.4292917957601971,0,0
quarter_volatility2_validated,2519,2021-06-11,2021-06-21,-0.0250011497424577,2021,2021-03-31,learned_order_extension,20260912,0.4292917957601971,0.4292917957601971,0,0
quarter_trend2_validated,2523,2021-06-18,2021-06-28,0.0325308711127356,2021,2021-03-31,learned_order_extension,20260912,0.39019861803489025,0.39019861803489025,0,1
quarter_volatility2_validated,2523,2021-06-18,2021-06-28,0.0325308711127356,2021,2021-03-31,learned_order_extension,20260912,0.39019861803489025,0.39019861803489025,0,1
quarter_trend2_validated,2528,2021-06-25,2021-07-05,-0.0342297962734196,2021,2021-03-31,learned_order_extension,20260912,0.28601239769549003,0.28601239769549003,0,0
quarter_volatility2_validated,2528,2021-06-25,2021-07-05,-0.0342297962734196,2021,2021-03-31,learned_order_extension,20260912,0.28601239769549003,0.28601239769549003,0,0
quarter_trend2_validated,2533,2021-07-02,2021-07-12,0.0068193733271841,2021,2021-06-30,learned_order_extension,20260912,0.511988380684367,0.511988380684367,1,1
quarter_volatility2_validated,2533,2021-07-02,2021-07-12,0.0068193733271841,2021,2021-06-30,learned_order_extension,20260912,0.511988380684367,0.511988380684367,1,1
quarter_trend2_validated,2538,2021-07-09,2021-07-19,-0.0048254045313779,2021,2021-06-30,learned_order_extension,20260912,0.6213632916420614,0.6213632916420614,1,0
quarter_volatility2_validated,2538,2021-07-09,2021-07-19,-0.0048254045313779,2021,2021-06-30,learned_order_extension,20260912,0.6213632916420614,0.6213632916420614,1,0
quarter_trend2_validated,2543,2021-07-16,2021-07-26,-0.0032299118953994,2021,2021-06-30,learned_order_extension,20260912,0.4783021837038135,0.4783021837038135,0,0
quarter_volatility2_validated,2543,2021-07-16,2021-07-26,-0.0032299118953994,2021,2021-06-30,learned_order_extension,20260912,0.4783021837038135,0.4783021837038135,0,0
quarter_trend2_validated,2548,2021-07-23,2021-08-02,-0.0537740931579083,2021,2021-06-30,learned_order_extension,20260912,0.6124295217712632,0.6124295217712632,1,0
quarter_volatility2_validated,2548,2021-07-23,2021-08-02,-0.0537740931579083,2021,2021-06-30,learned_order_extension,20260912,0.6124295217712632,0.6124295217712632,1,0
quarter_trend2_validated,2553,2021-07-30,2021-08-09,0.019904813945049,2021,2021-06-30,learned_order_extension,20260912,0.5183173735705874,0.5183173735705874,1,1
quarter_volatility2_validated,2553,2021-07-30,2021-08-09,0.019904813945049,2021,2021-06-30,learned_order_extension,20260912,0.5183173735705874,0.5183173735705874,1,1
quarter_trend2_validated,2558,2021-08-06,2021-08-16,0.0093369268709639,2021,2021-06-30,learned_order_extension,20260912,0.509509202348959,0.509509202348959,1,1
quarter_volatility2_validated,2558,2021-08-06,2021-08-16,0.0093369268709639,2021,2021-06-30,learned_order_extension,20260912,0.509509202348959,0.509509202348959,1,1
quarter_trend2_validated,2563,2021-08-13,2021-08-23,-0.032048736608373,2021,2021-06-30,learned_order_extension,20260912,0.7945715828017712,0.7945715828017712,1,0
quarter_volatility2_validated,2563,2021-08-13,2021-08-23,-0.032048736608373,2021,2021-06-30,learned_order_extension,20260912,0.7945715828017712,0.7945715828017712,1,0
quarter_trend2_validated,2568,2021-08-20,2021-08-30,0.0145047962107527,2021,2021-06-30,learned_order_extension,20260912,0.6924411435011819,0.6924411435011819,1,1
quarter_volatility2_validated,2568,2021-08-20,2021-08-30,0.0145047962107527,2021,2021-06-30,learned_order_extension,20260912,0.6924411435011819,0.6924411435011819,1,1
quarter_trend2_validated,2573,2021-08-27,2021-09-06,-0.0012316820816045,2021,2021-06-30,learned_order_extension,20260912,0.6485120883138071,0.6485120883138071,1,0
quarter_volatility2_validated,2573,2021-08-27,2021-09-06,-0.0012316820816045,2021,2021-06-30,learned_order_extension,20260912,0.6485120883138071,0.6485120883138071,1,0
quarter_trend2_validated,2578,2021-09-03,2021-09-13,0.0342301066295398,2021,2021-06-30,learned_order_extension,20260912,0.5805757513729569,0.5805757513729569,1,1
quarter_volatility2_validated,2578,2021-09-03,2021-09-13,0.0342301066295398,2021,2021-06-30,learned_order_extension,20260912,0.5805757513729569,0.5805757513729569,1,1
quarter_trend2_validated,2583,2021-09-10,2021-09-22,-0.0471441667981554,2021,2021-06-30,learned_order_extension,20260912,0.5978065821661347,0.5978065821661347,1,0
quarter_volatility2_validated,2583,2021-09-10,2021-09-22,-0.0471441667981554,2021,2021-06-30,learned_order_extension,20260912,0.5978065821661347,0.5978065821661347,1,0
quarter_trend2_validated,2588,2021-09-17,2021-09-28,0.0209863060789441,2021,2021-06-30,learned_order_extension,20260912,0.5376103337187045,0.5376103337187045,1,1
quarter_volatility2_validated,2588,2021-09-17,2021-09-28,0.0209863060789441,2021,2021-06-30,learned_order_extension,20260912,0.5376103337187045,0.5376103337187045,1,1
quarter_trend2_validated,2591,2021-09-24,2021-10-11,0.0144615416200457,2021,2021-06-30,learned_order_extension,20260912,0.4159392588263915,0.4159392588263915,0,1
quarter_volatility2_validated,2591,2021-09-24,2021-10-11,0.0144615416200457,2021,2021-06-30,learned_order_extension,20260912,0.4159392588263915,0.4159392588263915,0,1
quarter_trend2_validated,2596,2021-10-08,2021-10-18,-0.0038006269617851,2021,2021-09-30,learned_order_extension,20260912,0.6977983653498382,0.6977983653498382,1,0
quarter_volatility2_validated,2596,2021-10-08,2021-10-18,-0.0038006269617851,2021,2021-09-30,learned_order_extension,20260912,0.6977983653498382,0.6977983653498382,1,0
quarter_trend2_validated,2601,2021-10-15,2021-10-25,0.0037358989621147,2021,2021-09-30,learned_order_extension,20260912,0.5511774737639048,0.5511774737639048,1,1
quarter_volatility2_validated,2601,2021-10-15,2021-10-25,0.0037358989621147,2021,2021-09-30,learned_order_extension,20260912,0.5511774737639048,0.5511774737639048,1,1
quarter_trend2_validated,2606,2021-10-22,2021-11-01,-0.0127041632091318,2021,2021-09-30,learned_order_extension,20260912,0.6314497295780248,0.6314497295780248,1,0
quarter_volatility2_validated,2606,2021-10-22,2021-11-01,-0.0127041632091318,2021,2021-09-30,learned_order_extension,20260912,0.6314497295780248,0.6314497295780248,1,0
quarter_trend2_validated,2611,2021-10-29,2021-11-08,-0.0075807737801166,2021,2021-09-30,learned_order_extension,20260912,0.4555702872833959,0.4555702872833959,0,0
quarter_volatility2_validated,2611,2021-10-29,2021-11-08,-0.0075807737801166,2021,2021-09-30,learned_order_extension,20260912,0.4555702872833959,0.4555702872833959,0,0
quarter_trend2_validated,2616,2021-11-05,2021-11-15,0.0110015182343039,2021,2021-09-30,learned_order_extension,20260912,0.49440987235614653,0.49440987235614653,0,1
quarter_volatility2_validated,2616,2021-11-05,2021-11-15,0.0110015182343039,2021,2021-09-30,learned_order_extension,20260912,0.49440987235614653,0.49440987235614653,0,1
quarter_trend2_validated,2621,2021-11-12,2021-11-22,0.0002002284238551,2021,2021-09-30,learned_order_extension,20260912,0.6457846168027762,0.6457846168027762,1,1
quarter_volatility2_validated,2621,2021-11-12,2021-11-22,0.0002002284238551,2021,2021-09-30,learned_order_extension,20260912,0.6457846168027762,0.6457846168027762,1,1
quarter_trend2_validated,2626,2021-11-19,2021-11-29,-0.0153981603100059,2021,2021-09-30,learned_order_extension,20260912,0.6758557957877199,0.6758557957877199,1,0
quarter_volatility2_validated,2626,2021-11-19,2021-11-29,-0.0153981603100059,2021,2021-09-30,learned_order_extension,20260912,0.6758557957877199,0.6758557957877199,1,0
quarter_trend2_validated,2631,2021-11-26,2021-12-06,0.0185518287306458,2021,2021-09-30,learned_order_extension,20260912,0.43384934218808535,0.43384934218808535,0,1
quarter_volatility2_validated,2631,2021-11-26,2021-12-06,0.0185518287306458,2021,2021-09-30,learned_order_extension,20260912,0.43384934218808535,0.43384934218808535,0,1
quarter_trend2_validated,2636,2021-12-03,2021-12-13,0.0367843110096284,2021,2021-09-30,learned_order_extension,20260912,0.40088382776410036,0.40088382776410036,0,1
quarter_volatility2_validated,2636,2021-12-03,2021-12-13,0.0367843110096284,2021,2021-09-30,learned_order_extension,20260912,0.40088382776410036,0.40088382776410036,0,1
quarter_trend2_validated,2641,2021-12-10,2021-12-20,-0.0304615698955996,2021,2021-09-30,learned_order_extension,20260912,0.6273782384824466,0.6273782384824466,1,0
quarter_volatility2_validated,2641,2021-12-10,2021-12-20,-0.0304615698955996,2021,2021-09-30,learned_order_extension,20260912,0.6273782384824466,0.6273782384824466,1,0
quarter_trend2_validated,2646,2021-12-17,2021-12-27,-0.0034083287233763,2021,2021-09-30,learned_order_extension,20260912,0.5990729401360653,0.5990729401360653,1,0
quarter_volatility2_validated,2646,2021-12-17,2021-12-27,-0.0034083287233763,2021,2021-09-30,learned_order_extension,20260912,0.5990729401360653,0.5990729401360653,1,0
quarter_trend2_validated,2651,2021-12-24,2022-01-04,0.0080985736506613,2021,2021-09-30,learned_order_extension,20260912,0.44993121305292894,0.44993121305292894,0,1
quarter_volatility2_validated,2651,2021-12-24,2022-01-04,0.0080985736506613,2021,2021-09-30,learned_order_extension,20260912,0.44993121305292894,0.44993121305292894,0,1
quarter_trend2_validated,2656,2021-12-31,2022-01-10,-0.0293970528320001,2021,2021-09-30,learned_order_extension,20260912,0.6465331383092103,0.6465331383092103,1,0
quarter_volatility2_validated,2656,2021-12-31,2022-01-10,-0.0293970528320001,2021,2021-09-30,learned_order_extension,20260912,0.6465331383092103,0.6465331383092103,1,0
quarter_trend2_validated,2418,2021-01-08,2021-01-18,-0.0120052904669853,2021,2020-12-31,learned_order_offset,20260912,0.4978619856473434,0.4978619856473434,0,0
quarter_volatility2_validated,2418,2021-01-08,2021-01-18,-0.0120052904669853,2021,2020-12-31,learned_order_offset,20260912,0.4978619856473434,0.4978619856473434,0,0
quarter_trend2_validated,2423,2021-01-15,2021-01-25,0.0231622460538123,2021,2020-12-31,learned_order_offset,20260912,0.30753172112864313,0.30753172112864313,0,1
quarter_volatility2_validated,2423,2021-01-15,2021-01-25,0.0231622460538123,2021,2020-12-31,learned_order_offset,20260912,0.30753172112864313,0.30753172112864313,0,1
quarter_trend2_validated,2428,2021-01-22,2021-02-01,-0.0372511735907923,2021,2020-12-31,learned_order_offset,20260912,0.29417599189344534,0.29417599189344534,0,0
quarter_volatility2_validated,2428,2021-01-22,2021-02-01,-0.0372511735907923,2021,2020-12-31,learned_order_offset,20260912,0.29417599189344534,0.29417599189344534,0,0
quarter_trend2_validated,2433,2021-01-29,2021-02-08,0.0278689901714626,2021,2020-12-31,learned_order_offset,20260912,0.48673077860534075,0.48673077860534075,0,1
quarter_volatility2_validated,2433,2021-01-29,2021-02-08,0.0278689901714626,2021,2020-12-31,learned_order_offset,20260912,0.48673077860534075,0.48673077860534075,0,1
quarter_trend2_validated,2438,2021-02-05,2021-02-22,0.0507379035040882,2021,2020-12-31,learned_order_offset,20260912,0.5468628858044645,0.5468628858044645,1,1
quarter_volatility2_validated,2438,2021-02-05,2021-02-22,0.0507379035040882,2021,2020-12-31,learned_order_offset,20260912,0.5468628858044645,0.5468628858044645,1,1
quarter_trend2_validated,2443,2021-02-19,2021-03-01,-0.0684918010685315,2021,2020-12-31,learned_order_offset,20260912,0.37253784220409425,0.37253784220409425,0,0
quarter_volatility2_validated,2443,2021-02-19,2021-03-01,-0.0684918010685315,2021,2020-12-31,learned_order_offset,20260912,0.37253784220409425,0.37253784220409425,0,0
quarter_trend2_validated,2448,2021-02-26,2021-03-08,-0.0165997123904068,2021,2020-12-31,learned_order_offset,20260912,0.5649799919042372,0.5649799919042372,1,0
quarter_volatility2_validated,2448,2021-02-26,2021-03-08,-0.0165997123904068,2021,2020-12-31,learned_order_offset,20260912,0.5649799919042372,0.5649799919042372,1,0
quarter_trend2_validated,2453,2021-03-05,2021-03-15,-0.0346560901469681,2021,2020-12-31,learned_order_offset,20260912,0.49348358050186064,0.49348358050186064,0,0
quarter_volatility2_validated,2453,2021-03-05,2021-03-15,-0.0346560901469681,2021,2020-12-31,learned_order_offset,20260912,0.49348358050186064,0.49348358050186064,0,0
quarter_trend2_validated,2458,2021-03-12,2021-03-22,-0.0210550182560221,2021,2020-12-31,learned_order_offset,20260912,0.500928953286114,0.500928953286114,1,0
quarter_volatility2_validated,2458,2021-03-12,2021-03-22,-0.0210550182560221,2021,2020-12-31,learned_order_offset,20260912,0.500928953286114,0.500928953286114,1,0
quarter_trend2_validated,2463,2021-03-19,2021-03-29,0.0087572877565691,2021,2020-12-31,learned_order_offset,20260912,0.493170220106531,0.493170220106531,0,1
quarter_volatility2_validated,2463,2021-03-19,2021-03-29,0.0087572877565691,2021,2020-12-31,learned_order_offset,20260912,0.493170220106531,0.493170220106531,0,1
quarter_trend2_validated,2468,2021-03-26,2021-04-06,0.0250145479448802,2021,2020-12-31,learned_order_offset,20260912,0.5766144810517231,0.5766144810517231,1,1
quarter_volatility2_validated,2468,2021-03-26,2021-04-06,0.0250145479448802,2021,2020-12-31,learned_order_offset,20260912,0.5766144810517231,0.5766144810517231,1,1
quarter_trend2_validated,2473,2021-04-02,2021-04-12,-0.0292856811827044,2021,2021-03-31,learned_order_offset,20260912,0.566102470284805,0.566102470284805,1,0
quarter_volatility2_validated,2473,2021-04-02,2021-04-12,-0.0292856811827044,2021,2021-03-31,learned_order_offset,20260912,0.566102470284805,0.566102470284805,1,0
quarter_trend2_validated,2477,2021-04-09,2021-04-19,-0.0120489836840408,2021,2021-03-31,learned_order_offset,20260912,0.6869015293782829,0.6869015293782829,1,0
quarter_volatility2_validated,2477,2021-04-09,2021-04-19,-0.0120489836840408,2021,2021-03-31,learned_order_offset,20260912,0.6869015293782829,0.6869015293782829,1,0
quarter_trend2_validated,2482,2021-04-16,2021-04-26,0.0382932540809155,2021,2021-03-31,learned_order_offset,20260912,0.6078000978596377,0.6078000978596377,1,1
quarter_volatility2_validated,2482,2021-04-16,2021-04-26,0.0382932540809155,2021,2021-03-31,learned_order_offset,20260912,0.6078000978596377,0.6078000978596377,1,1
quarter_trend2_validated,2487,2021-04-23,2021-05-06,-0.0112070185917437,2021,2021-03-31,learned_order_offset,20260912,0.6999268378054232,0.6999268378054232,1,0
quarter_volatility2_validated,2487,2021-04-23,2021-05-06,-0.0112070185917437,2021,2021-03-31,learned_order_offset,20260912,0.6999268378054232,0.6999268378054232,1,0
quarter_trend2_validated,2492,2021-04-30,2021-05-12,-0.0190946889464188,2021,2021-03-31,learned_order_offset,20260912,0.49168441153382075,0.49168441153382075,0,0
quarter_volatility2_validated,2492,2021-04-30,2021-05-12,-0.0190946889464188,2021,2021-03-31,learned_order_offset,20260912,0.49168441153382075,0.49168441153382075,0,0
quarter_trend2_validated,2494,2021-05-07,2021-05-17,0.0227674429764228,2021,2021-03-31,learned_order_offset,20260912,0.5919092456876717,0.5919092456876717,1,1
quarter_volatility2_validated,2494,2021-05-07,2021-05-17,0.0227674429764228,2021,2021-03-31,learned_order_offset,20260912,0.5919092456876717,0.5919092456876717,1,1
quarter_trend2_validated,2499,2021-05-14,2021-05-24,0.0045940519733895,2021,2021-03-31,learned_order_offset,20260912,0.5203594988625989,0.5203594988625989,1,1
quarter_volatility2_validated,2499,2021-05-14,2021-05-24,0.0045940519733895,2021,2021-03-31,learned_order_offset,20260912,0.5203594988625989,0.5203594988625989,1,1
quarter_trend2_validated,2504,2021-05-21,2021-05-31,0.0348855085126711,2021,2021-03-31,learned_order_offset,20260912,0.6196299438561572,0.6196299438561572,1,1
quarter_volatility2_validated,2504,2021-05-21,2021-05-31,0.0348855085126711,2021,2021-03-31,learned_order_offset,20260912,0.6196299438561572,0.6196299438561572,1,1
quarter_trend2_validated,2509,2021-05-28,2021-06-07,-0.0062409741861724,2021,2021-03-31,learned_order_offset,20260912,0.498513660109647,0.498513660109647,0,0
quarter_volatility2_validated,2509,2021-05-28,2021-06-07,-0.0062409741861724,2021,2021-03-31,learned_order_offset,20260912,0.498513660109647,0.498513660109647,0,0
quarter_trend2_validated,2514,2021-06-04,2021-06-15,-0.0125508761771767,2021,2021-03-31,learned_order_offset,20260912,0.32211543056065006,0.32211543056065006,0,0
quarter_volatility2_validated,2514,2021-06-04,2021-06-15,-0.0125508761771767,2021,2021-03-31,learned_order_offset,20260912,0.32211543056065006,0.32211543056065006,0,0
quarter_trend2_validated,2519,2021-06-11,2021-06-21,-0.0250011497424577,2021,2021-03-31,learned_order_offset,20260912,0.4292652143972748,0.4292652143972748,0,0
quarter_volatility2_validated,2519,2021-06-11,2021-06-21,-0.0250011497424577,2021,2021-03-31,learned_order_offset,20260912,0.4292652143972748,0.4292652143972748,0,0
quarter_trend2_validated,2523,2021-06-18,2021-06-28,0.0325308711127356,2021,2021-03-31,learned_order_offset,20260912,0.389839647004703,0.389839647004703,0,1
quarter_volatility2_validated,2523,2021-06-18,2021-06-28,0.0325308711127356,2021,2021-03-31,learned_order_offset,20260912,0.389839647004703,0.389839647004703,0,1
quarter_trend2_validated,2528,2021-06-25,2021-07-05,-0.0342297962734196,2021,2021-03-31,learned_order_offset,20260912,0.2857328768925556,0.2857328768925556,0,0
quarter_volatility2_validated,2528,2021-06-25,2021-07-05,-0.0342297962734196,2021,2021-03-31,learned_order_offset,20260912,0.2857328768925556,0.2857328768925556,0,0
quarter_trend2_validated,2533,2021-07-02,2021-07-12,0.0068193733271841,2021,2021-06-30,learned_order_offset,20260912,0.5120272781444086,0.5120272781444086,1,1
quarter_volatility2_validated,2533,2021-07-02,2021-07-12,0.0068193733271841,2021,2021-06-30,learned_order_offset,20260912,0.5120272781444086,0.5120272781444086,1,1
quarter_trend2_validated,2538,2021-07-09,2021-07-19,-0.0048254045313779,2021,2021-06-30,learned_order_offset,20260912,0.6210298644444885,0.6210298644444885,1,0
quarter_volatility2_validated,2538,2021-07-09,2021-07-19,-0.0048254045313779,2021,2021-06-30,learned_order_offset,20260912,0.6210298644444885,0.6210298644444885,1,0
quarter_trend2_validated,2543,2021-07-16,2021-07-26,-0.0032299118953994,2021,2021-06-30,learned_order_offset,20260912,0.47780664490085595,0.47780664490085595,0,0
quarter_volatility2_validated,2543,2021-07-16,2021-07-26,-0.0032299118953994,2021,2021-06-30,learned_order_offset,20260912,0.47780664490085595,0.47780664490085595,0,0
quarter_trend2_validated,2548,2021-07-23,2021-08-02,-0.0537740931579083,2021,2021-06-30,learned_order_offset,20260912,0.6120939315881804,0.6120939315881804,1,0
quarter_volatility2_validated,2548,2021-07-23,2021-08-02,-0.0537740931579083,2021,2021-06-30,learned_order_offset,20260912,0.6120939315881804,0.6120939315881804,1,0
quarter_trend2_validated,2553,2021-07-30,2021-08-09,0.019904813945049,2021,2021-06-30,learned_order_offset,20260912,0.5180210270033623,0.5180210270033623,1,1
quarter_volatility2_validated,2553,2021-07-30,2021-08-09,0.019904813945049,2021,2021-06-30,learned_order_offset,20260912,0.5180210270033623,0.5180210270033623,1,1
quarter_trend2_validated,2558,2021-08-06,2021-08-16,0.0093369268709639,2021,2021-06-30,learned_order_offset,20260912,0.5092578634100278,0.5092578634100278,1,1
quarter_volatility2_validated,2558,2021-08-06,2021-08-16,0.0093369268709639,2021,2021-06-30,learned_order_offset,20260912,0.5092578634100278,0.5092578634100278,1,1
quarter_trend2_validated,2563,2021-08-13,2021-08-23,-0.032048736608373,2021,2021-06-30,learned_order_offset,20260912,0.7940343211531239,0.7940343211531239,1,0
quarter_volatility2_validated,2563,2021-08-13,2021-08-23,-0.032048736608373,2021,2021-06-30,learned_order_offset,20260912,0.7940343211531239,0.7940343211531239,1,0
quarter_trend2_validated,2568,2021-08-20,2021-08-30,0.0145047962107527,2021,2021-06-30,learned_order_offset,20260912,0.6920631539348041,0.6920631539348041,1,1
quarter_volatility2_validated,2568,2021-08-20,2021-08-30,0.0145047962107527,2021,2021-06-30,learned_order_offset,20260912,0.6920631539348041,0.6920631539348041,1,1
quarter_trend2_validated,2573,2021-08-27,2021-09-06,-0.0012316820816045,2021,2021-06-30,learned_order_offset,20260912,0.6483618872645227,0.6483618872645227,1,0
quarter_volatility2_validated,2573,2021-08-27,2021-09-06,-0.0012316820816045,2021,2021-06-30,learned_order_offset,20260912,0.6483618872645227,0.6483618872645227,1,0
quarter_trend2_validated,2578,2021-09-03,2021-09-13,0.0342301066295398,2021,2021-06-30,learned_order_offset,20260912,0.5804326441216299,0.5804326441216299,1,1
quarter_volatility2_validated,2578,2021-09-03,2021-09-13,0.0342301066295398,2021,2021-06-30,learned_order_offset,20260912,0.5804326441216299,0.5804326441216299,1,1
quarter_trend2_validated,2583,2021-09-10,2021-09-22,-0.0471441667981554,2021,2021-06-30,learned_order_offset,20260912,0.5974417197776336,0.5974417197776336,1,0
quarter_volatility2_validated,2583,2021-09-10,2021-09-22,-0.0471441667981554,2021,2021-06-30,learned_order_offset,20260912,0.5974417197776336,0.5974417197776336,1,0
quarter_trend2_validated,2588,2021-09-17,2021-09-28,0.0209863060789441,2021,2021-06-30,learned_order_offset,20260912,0.5373217574451546,0.5373217574451546,1,1
quarter_volatility2_validated,2588,2021-09-17,2021-09-28,0.0209863060789441,2021,2021-06-30,learned_order_offset,20260912,0.5373217574451546,0.5373217574451546,1,1
quarter_trend2_validated,2591,2021-09-24,2021-10-11,0.0144615416200457,2021,2021-06-30,learned_order_offset,20260912,0.4161001339098918,0.4161001339098918,0,1
quarter_volatility2_validated,2591,2021-09-24,2021-10-11,0.0144615416200457,2021,2021-06-30,learned_order_offset,20260912,0.4161001339098918,0.4161001339098918,0,1
quarter_trend2_validated,2596,2021-10-08,2021-10-18,-0.0038006269617851,2021,2021-09-30,learned_order_offset,20260912,0.6979478393130971,0.6979478393130971,1,0
quarter_volatility2_validated,2596,2021-10-08,2021-10-18,-0.0038006269617851,2021,2021-09-30,learned_order_offset,20260912,0.6979478393130971,0.6979478393130971,1,0
quarter_trend2_validated,2601,2021-10-15,2021-10-25,0.0037358989621147,2021,2021-09-30,learned_order_offset,20260912,0.5509092482748328,0.5509092482748328,1,1
quarter_volatility2_validated,2601,2021-10-15,2021-10-25,0.0037358989621147,2021,2021-09-30,learned_order_offset,20260912,0.5509092482748328,0.5509092482748328,1,1
quarter_trend2_validated,2606,2021-10-22,2021-11-01,-0.0127041632091318,2021,2021-09-30,learned_order_offset,20260912,0.6314800730261438,0.6314800730261438,1,0
quarter_volatility2_validated,2606,2021-10-22,2021-11-01,-0.0127041632091318,2021,2021-09-30,learned_order_offset,20260912,0.6314800730261438,0.6314800730261438,1,0
quarter_trend2_validated,2611,2021-10-29,2021-11-08,-0.0075807737801166,2021,2021-09-30,learned_order_offset,20260912,0.4556342209286503,0.4556342209286503,0,0
quarter_volatility2_validated,2611,2021-10-29,2021-11-08,-0.0075807737801166,2021,2021-09-30,learned_order_offset,20260912,0.4556342209286503,0.4556342209286503,0,0
quarter_trend2_validated,2616,2021-11-05,2021-11-15,0.0110015182343039,2021,2021-09-30,learned_order_offset,20260912,0.4943242193979672,0.4943242193979672,0,1
quarter_volatility2_validated,2616,2021-11-05,2021-11-15,0.0110015182343039,2021,2021-09-30,learned_order_offset,20260912,0.4943242193979672,0.4943242193979672,0,1
quarter_trend2_validated,2621,2021-11-12,2021-11-22,0.0002002284238551,2021,2021-09-30,learned_order_offset,20260912,0.6453907944726573,0.6453907944726573,1,1
quarter_volatility2_validated,2621,2021-11-12,2021-11-22,0.0002002284238551,2021,2021-09-30,learned_order_offset,20260912,0.6453907944726573,0.6453907944726573,1,1
quarter_trend2_validated,2626,2021-11-19,2021-11-29,-0.0153981603100059,2021,2021-09-30,learned_order_offset,20260912,0.6755480100450049,0.6755480100450049,1,0
quarter_volatility2_validated,2626,2021-11-19,2021-11-29,-0.0153981603100059,2021,2021-09-30,learned_order_offset,20260912,0.6755480100450049,0.6755480100450049,1,0
quarter_trend2_validated,2631,2021-11-26,2021-12-06,0.0185518287306458,2021,2021-09-30,learned_order_offset,20260912,0.433749464940142,0.433749464940142,0,1
quarter_volatility2_validated,2631,2021-11-26,2021-12-06,0.0185518287306458,2021,2021-09-30,learned_order_offset,20260912,0.433749464940142,0.433749464940142,0,1
quarter_trend2_validated,2636,2021-12-03,2021-12-13,0.0367843110096284,2021,2021-09-30,learned_order_offset,20260912,0.40082929584196636,0.40082929584196636,0,1
quarter_volatility2_validated,2636,2021-12-03,2021-12-13,0.0367843110096284,2021,2021-09-30,learned_order_offset,20260912,0.40082929584196636,0.40082929584196636,0,1
quarter_trend2_validated,2641,2021-12-10,2021-12-20,-0.0304615698955996,2021,2021-09-30,learned_order_offset,20260912,0.6269777961806212,0.6269777961806212,1,0
quarter_volatility2_validated,2641,2021-12-10,2021-12-20,-0.0304615698955996,2021,2021-09-30,learned_order_offset,20260912,0.6269777961806212,0.6269777961806212,1,0
quarter_trend2_validated,2646,2021-12-17,2021-12-27,-0.0034083287233763,2021,2021-09-30,learned_order_offset,20260912,0.5984618782434332,0.5984618782434332,1,0
quarter_volatility2_validated,2646,2021-12-17,2021-12-27,-0.0034083287233763,2021,2021-09-30,learned_order_offset,20260912,0.5984618782434332,0.5984618782434332,1,0
quarter_trend2_validated,2651,2021-12-24,2022-01-04,0.0080985736506613,2021,2021-09-30,learned_order_offset,20260912,0.4493817362197275,0.4493817362197275,0,1
quarter_volatility2_validated,2651,2021-12-24,2022-01-04,0.0080985736506613,2021,2021-09-30,learned_order_offset,20260912,0.4493817362197275,0.4493817362197275,0,1
quarter_trend2_validated,2656,2021-12-31,2022-01-10,-0.0293970528320001,2021,2021-09-30,learned_order_offset,20260912,0.6464286773203256,0.6464286773203256,1,0
quarter_volatility2_validated,2656,2021-12-31,2022-01-10,-0.0293970528320001,2021,2021-09-30,learned_order_offset,20260912,0.6464286773203256,0.6464286773203256,1,0
quarter_trend2_validated,2660,2022-01-07,2022-01-17,-0.0173453887283024,2022,2021-12-31,learned_market,20260910,0.5688001187262542,0.5688001187262542,1,0
quarter_volatility2_validated,2660,2022-01-07,2022-01-17,-0.0173453887283024,2022,2021-12-31,learned_market,20260910,0.5688001187262542,0.5688001187262542,1,0
quarter_trend2_validated,2665,2022-01-14,2022-01-24,0.0053248631776616,2022,2021-12-31,learned_market,20260910,0.6536697221556952,0.6536697221556952,1,1
quarter_volatility2_validated,2665,2022-01-14,2022-01-24,0.0053248631776616,2022,2021-12-31,learned_market,20260910,0.6536697221556952,0.6536697221556952,1,1
quarter_trend2_validated,2670,2022-01-21,2022-02-07,-0.0242661876254222,2022,2021-12-31,learned_market,20260910,0.667180452286777,0.667180452286777,1,0
quarter_volatility2_validated,2670,2022-01-21,2022-02-07,-0.0242661876254222,2022,2021-12-31,learned_market,20260910,0.667180452286777,0.667180452286777,1,0
quarter_trend2_validated,2675,2022-01-28,2022-02-14,-0.0127539031341488,2022,2021-12-31,learned_market,20260910,0.6821990081341186,0.6821990081341186,1,0
quarter_volatility2_validated,2675,2022-01-28,2022-02-14,-0.0127539031341488,2022,2021-12-31,learned_market,20260910,0.6821990081341186,0.6821990081341186,1,0
quarter_trend2_validated,2680,2022-02-11,2022-02-21,0.0145498774954033,2022,2021-12-31,learned_market,20260910,0.6685932622029157,0.6685932622029157,1,1
quarter_volatility2_validated,2680,2022-02-11,2022-02-21,0.0145498774954033,2022,2021-12-31,learned_market,20260910,0.6685932622029157,0.6685932622029157,1,1
quarter_trend2_validated,2685,2022-02-18,2022-02-28,-0.0177161244498015,2022,2021-12-31,learned_market,20260910,0.721020181747073,0.721020181747073,1,0
quarter_volatility2_validated,2685,2022-02-18,2022-02-28,-0.0177161244498015,2022,2021-12-31,learned_market,20260910,0.721020181747073,0.721020181747073,1,0
quarter_trend2_validated,2690,2022-02-25,2022-03-07,-0.0221791776043331,2022,2021-12-31,learned_market,20260910,0.6720256213340763,0.6720256213340763,1,0
quarter_volatility2_validated,2690,2022-02-25,2022-03-07,-0.0221791776043331,2022,2021-12-31,learned_market,20260910,0.6720256213340763,0.6720256213340763,1,0
quarter_trend2_validated,2695,2022-03-04,2022-03-14,-0.0480378799422749,2022,2021-12-31,learned_market,20260910,0.6491632424244927,0.6491632424244927,1,0
quarter_volatility2_validated,2695,2022-03-04,2022-03-14,-0.0480378799422749,2022,2021-12-31,learned_market,20260910,0.6491632424244927,0.6491632424244927,1,0
quarter_trend2_validated,2700,2022-03-11,2022-03-21,0.007530336734814,2022,2021-12-31,learned_market,20260910,0.7072260560701839,0.7072260560701839,1,1
quarter_volatility2_validated,2700,2022-03-11,2022-03-21,0.007530336734814,2022,2021-12-31,learned_market,20260910,0.7072260560701839,0.7072260560701839,1,1
quarter_trend2_validated,2705,2022-03-18,2022-03-28,-0.0353493110038457,2022,2021-12-31,learned_market,20260910,0.680562718896786,0.680562718896786,1,0
quarter_volatility2_validated,2705,2022-03-18,2022-03-28,-0.0353493110038457,2022,2021-12-31,learned_market,20260910,0.680562718896786,0.680562718896786,1,0
quarter_trend2_validated,2710,2022-03-25,2022-04-06,0.0314834190717003,2022,2021-12-31,learned_market,20260910,0.7149297850291989,0.7149297850291989,1,1
quarter_volatility2_validated,2710,2022-03-25,2022-04-06,0.0314834190717003,2022,2021-12-31,learned_market,20260910,0.7149297850291989,0.7149297850291989,1,1
quarter_trend2_validated,2715,2022-04-01,2022-04-12,-0.0129237372705649,2022,2022-03-31,learned_market,20260910,0.699650234779605,0.699650234779605,1,0
quarter_volatility2_validated,2715,2022-04-01,2022-04-12,-0.0129237372705649,2022,2022-03-31,learned_market,20260910,0.699650234779605,0.699650234779605,1,0
quarter_trend2_validated,2718,2022-04-08,2022-04-18,-0.0120986062576864,2022,2022-03-31,learned_market,20260910,0.7081466712193373,0.7081466712193373,1,0
quarter_volatility2_validated,2718,2022-04-08,2022-04-18,-0.0120986062576864,2022,2022-03-31,learned_market,20260910,0.7081466712193373,0.7081466712193373,1,0
quarter_trend2_validated,2723,2022-04-15,2022-04-25,-0.0528494340140576,2022,2022-03-31,learned_market,20260910,0.6903510287050534,0.6903510287050534,1,0
quarter_volatility2_validated,2723,2022-04-15,2022-04-25,-0.0528494340140576,2022,2022-03-31,learned_market,20260910,0.6903510287050534,0.6903510287050534,1,0
quarter_trend2_validated,2728,2022-04-22,2022-05-05,0.015736821365468,2022,2022-03-31,learned_market,20260910,0.6523274039170177,0.6523274039170177,1,1
quarter_volatility2_validated,2728,2022-04-22,2022-05-05,0.015736821365468,2022,2022-03-31,learned_market,20260910,0.6523274039170177,0.6523274039170177,1,1
quarter_trend2_validated,2733,2022-04-29,2022-05-11,-0.0278824133054675,2022,2022-03-31,learned_market,20260910,0.6356812320546283,0.6356812320546283,1,0
quarter_volatility2_validated,2733,2022-04-29,2022-05-11,-0.0278824133054675,2022,2022-03-31,learned_market,20260910,0.6356812320546283,0.6356812320546283,1,0
quarter_trend2_validated,2735,2022-05-06,2022-05-16,0.033741423035827,2022,2022-03-31,learned_market,20260910,0.655223736292306,0.655223736292306,1,1
quarter_volatility2_validated,2735,2022-05-06,2022-05-16,0.033741423035827,2022,2022-03-31,learned_market,20260910,0.655223736292306,0.655223736292306,1,1
quarter_trend2_validated,2740,2022-05-13,2022-05-23,0.0164308841843088,2022,2022-03-31,learned_market,20260910,0.6496742007126685,0.6496742007126685,1,1
quarter_volatility2_validated,2740,2022-05-13,2022-05-23,0.0164308841843088,2022,2022-03-31,learned_market,20260910,0.6496742007126685,0.6496742007126685,1,1
quarter_trend2_validated,2745,2022-05-20,2022-05-30,-0.0147293413085614,2022,2022-03-31,learned_market,20260910,0.5903492522212237,0.5903492522212237,1,0
quarter_volatility2_validated,2745,2022-05-20,2022-05-30,-0.0147293413085614,2022,2022-03-31,learned_market,20260910,0.5903492522212237,0.5903492522212237,1,0
quarter_trend2_validated,2750,2022-05-27,2022-06-13,0.0431748431927498,2022,2022-03-31,learned_market,20260910,0.5153438231225524,0.5153438231225524,1,1
quarter_volatility2_validated,2750,2022-05-27,2022-06-13,0.0431748431927498,2022,2022-03-31,learned_market,20260910,0.5153438231225524,0.5153438231225524,1,1
quarter_trend2_validated,2759,2022-06-10,2022-06-20,0.0306046547112142,2022,2022-03-31,learned_market,20260910,0.5373450933252282,0.5373450933252282,1,1
quarter_volatility2_validated,2759,2022-06-10,2022-06-20,0.0306046547112142,2022,2022-03-31,learned_market,20260910,0.5373450933252282,0.5373450933252282,1,1
quarter_trend2_validated,2764,2022-06-17,2022-06-27,0.0211666894141107,2022,2022-03-31,learned_market,20260910,0.48085394757640604,0.48085394757640604,0,1
quarter_volatility2_validated,2764,2022-06-17,2022-06-27,0.0211666894141107,2022,2022-03-31,learned_market,20260910,0.48085394757640604,0.48085394757640604,0,1
quarter_trend2_validated,2769,2022-06-24,2022-07-04,0.0074507343130214,2022,2022-03-31,learned_market,20260910,0.48460550715379297,0.48460550715379297,0,1
quarter_volatility2_validated,2769,2022-06-24,2022-07-04,0.0074507343130214,2022,2022-03-31,learned_market,20260910,0.48460550715379297,0.48460550715379297,0,1
quarter_trend2_validated,2774,2022-07-01,2022-07-11,-0.0092349827532707,2022,2022-06-30,learned_market,20260910,0.5770861008001591,0.5770861008001591,1,0
quarter_volatility2_validated,2774,2022-07-01,2022-07-11,-0.0092349827532707,2022,2022-06-30,learned_market,20260910,0.5369109542446318,0.5369109542446318,1,0
quarter_trend2_validated,2779,2022-07-08,2022-07-18,-0.0326815927737367,2022,2022-06-30,learned_market,20260910,0.5381607401143592,0.5381607401143592,1,0
quarter_volatility2_validated,2779,2022-07-08,2022-07-18,-0.0326815927737367,2022,2022-06-30,learned_market,20260910,0.49750762443936614,0.49750762443936614,0,0
quarter_trend2_validated,2784,2022-07-15,2022-07-25,-0.0066210715249344,2022,2022-06-30,learned_market,20260910,0.4788824704425519,0.4788824704425519,0,0
quarter_volatility2_validated,2784,2022-07-15,2022-07-25,-0.0066210715249344,2022,2022-06-30,learned_market,20260910,0.43845607493733935,0.43845607493733935,0,0
quarter_trend2_validated,2789,2022-07-22,2022-08-01,-0.0173077967751003,2022,2022-06-30,learned_market,20260910,0.567115820912824,0.567115820912824,1,0
quarter_volatility2_validated,2789,2022-07-22,2022-08-01,-0.0173077967751003,2022,2022-06-30,learned_market,20260910,0.567115820912824,0.567115820912824,1,0
quarter_trend2_validated,2794,2022-07-29,2022-08-08,-0.004456034513838,2022,2022-06-30,learned_market,20260910,0.7475455860840632,0.7475455860840632,1,0
quarter_volatility2_validated,2794,2022-07-29,2022-08-08,-0.004456034513838,2022,2022-06-30,learned_market,20260910,0.7475455860840632,0.7475455860840632,1,0
quarter_trend2_validated,2799,2022-08-05,2022-08-15,0.0091475117753996,2022,2022-06-30,learned_market,20260910,0.6586912425838466,0.6586912425838466,1,1
quarter_volatility2_validated,2799,2022-08-05,2022-08-15,0.0091475117753996,2022,2022-06-30,learned_market,20260910,0.6586912425838466,0.6586912425838466,1,1
quarter_trend2_validated,2804,2022-08-12,2022-08-22,-0.0107272727272728,2022,2022-06-30,learned_market,20260910,0.6453382465097172,0.6453382465097172,1,0
quarter_volatility2_validated,2804,2022-08-12,2022-08-22,-0.0107272727272728,2022,2022-06-30,learned_market,20260910,0.6453382465097172,0.6453382465097172,1,0
quarter_trend2_validated,2809,2022-08-19,2022-08-29,-0.0172375434082356,2022,2022-06-30,learned_market,20260910,0.674643796620323,0.674643796620323,1,0
quarter_volatility2_validated,2809,2022-08-19,2022-08-29,-0.0172375434082356,2022,2022-06-30,learned_market,20260910,0.674643796620323,0.674643796620323,1,0
quarter_trend2_validated,2814,2022-08-26,2022-09-05,-0.0131573766941938,2022,2022-06-30,learned_market,20260910,0.6396510058407642,0.6396510058407642,1,0
quarter_volatility2_validated,2814,2022-08-26,2022-09-05,-0.0131573766941938,2022,2022-06-30,learned_market,20260910,0.6013131963042341,0.6013131963042341,1,0
quarter_trend2_validated,2819,2022-09-02,2022-09-13,0.0253340680878015,2022,2022-06-30,learned_market,20260910,0.6087605094365632,0.6087605094365632,1,1
quarter_volatility2_validated,2819,2022-09-02,2022-09-13,0.0253340680878015,2022,2022-06-30,learned_market,20260910,0.6087605094365632,0.6087605094365632,1,1
quarter_trend2_validated,2824,2022-09-09,2022-09-19,-0.044647264962877,2022,2022-06-30,learned_market,20260910,0.7721790950630053,0.7721790950630053,1,0
quarter_volatility2_validated,2824,2022-09-09,2022-09-19,-0.044647264962877,2022,2022-06-30,learned_market,20260910,0.7721790950630053,0.7721790950630053,1,0
quarter_trend2_validated,2828,2022-09-16,2022-09-26,-0.025155151434928,2022,2022-06-30,learned_market,20260910,0.5649186144863099,0.5649186144863099,1,0
quarter_volatility2_validated,2828,2022-09-16,2022-09-26,-0.025155151434928,2022,2022-06-30,learned_market,20260910,0.5649186144863099,0.5649186144863099,1,0
quarter_trend2_validated,2833,2022-09-23,2022-10-10,-0.0060162941299352,2022,2022-06-30,learned_market,20260910,0.7324525583451496,0.7324525583451496,1,0
quarter_volatility2_validated,2833,2022-09-23,2022-10-10,-0.0060162941299352,2022,2022-06-30,learned_market,20260910,0.7324525583451496,0.7324525583451496,1,0
quarter_trend2_validated,2838,2022-09-30,2022-10-17,0.0041192047412885,2022,2022-06-30,learned_market,20260910,0.551594616292446,0.551594616292446,1,1
quarter_volatility2_validated,2838,2022-09-30,2022-10-17,0.0041192047412885,2022,2022-06-30,learned_market,20260910,0.551594616292446,0.551594616292446,1,1
quarter_trend2_validated,2843,2022-10-14,2022-10-24,-0.0246766294110258,2022,2022-09-30,learned_market,20260910,0.6403027330022243,0.6403027330022243,1,0
quarter_volatility2_validated,2843,2022-10-14,2022-10-24,-0.0246766294110258,2022,2022-09-30,learned_market,20260910,0.6403027330022243,0.6403027330022243,1,0
quarter_trend2_validated,2848,2022-10-21,2022-10-31,-0.059928861134359,2022,2022-09-30,learned_market,20260910,0.6606065161528551,0.6606065161528551,1,0
quarter_volatility2_validated,2848,2022-10-21,2022-10-31,-0.059928861134359,2022,2022-09-30,learned_market,20260910,0.6606065161528551,0.6606065161528551,1,0
quarter_trend2_validated,2853,2022-10-28,2022-11-07,0.071339502526744,2022,2022-09-30,learned_market,20260910,0.48869287053926297,0.48869287053926297,0,1
quarter_volatility2_validated,2853,2022-10-28,2022-11-07,0.071339502526744,2022,2022-09-30,learned_market,20260910,0.48869287053926297,0.48869287053926297,0,1
quarter_trend2_validated,2858,2022-11-04,2022-11-14,0.0169449090696014,2022,2022-09-30,learned_market,20260910,0.6432135269489713,0.6432135269489713,1,1
quarter_volatility2_validated,2858,2022-11-04,2022-11-14,0.0169449090696014,2022,2022-09-30,learned_market,20260910,0.6432135269489713,0.6432135269489713,1,1
quarter_trend2_validated,2863,2022-11-11,2022-11-21,-0.0127051391515239,2022,2022-09-30,learned_market,20260910,0.606337907594987,0.606337907594987,1,0
quarter_volatility2_validated,2863,2022-11-11,2022-11-21,-0.0127051391515239,2022,2022-09-30,learned_market,20260910,0.606337907594987,0.606337907594987,1,0
quarter_trend2_validated,2868,2022-11-18,2022-11-28,-0.0179672806084416,2022,2022-09-30,learned_market,20260910,0.6352060184234257,0.6352060184234257,1,0
quarter_volatility2_validated,2868,2022-11-18,2022-11-28,-0.0179672806084416,2022,2022-09-30,learned_market,20260910,0.6352060184234257,0.6352060184234257,1,0
quarter_trend2_validated,2873,2022-11-25,2022-12-05,0.0555768659337096,2022,2022-09-30,learned_market,20260910,0.5292964513377313,0.5292964513377313,1,1
quarter_volatility2_validated,2873,2022-11-25,2022-12-05,0.0555768659337096,2022,2022-09-30,learned_market,20260910,0.5292964513377313,0.5292964513377313,1,1
quarter_trend2_validated,2878,2022-12-02,2022-12-12,0.0175374394775362,2022,2022-09-30,learned_market,20260910,0.481550712810143,0.481550712810143,0,1
quarter_volatility2_validated,2878,2022-12-02,2022-12-12,0.0175374394775362,2022,2022-09-30,learned_market,20260910,0.481550712810143,0.481550712810143,0,1
quarter_trend2_validated,2883,2022-12-09,2022-12-19,-0.0058850602464181,2022,2022-09-30,learned_market,20260910,0.4285114421333059,0.4285114421333059,0,0
quarter_volatility2_validated,2883,2022-12-09,2022-12-19,-0.0058850602464181,2022,2022-09-30,learned_market,20260910,0.4285114421333059,0.4285114421333059,0,0
quarter_trend2_validated,2888,2022-12-16,2022-12-26,-0.0309150292073658,2022,2022-09-30,learned_market,20260910,0.5656213454551493,0.5656213454551493,1,0
quarter_volatility2_validated,2888,2022-12-16,2022-12-26,-0.0309150292073658,2022,2022-09-30,learned_market,20260910,0.5636678969060237,0.5636678969060237,1,0
quarter_trend2_validated,2893,2022-12-23,2023-01-03,0.0089464492229616,2022,2022-09-30,learned_market,20260910,0.5056788487987638,0.5056788487987638,1,1
quarter_volatility2_validated,2893,2022-12-23,2023-01-03,0.0089464492229616,2022,2022-09-30,learned_market,20260910,0.5056788487987638,0.5056788487987638,1,1
quarter_trend2_validated,2898,2022-12-30,2023-01-09,0.0345913414268119,2022,2022-09-30,learned_market,20260910,0.5060661000972502,0.5060661000972502,1,1
quarter_volatility2_validated,2898,2022-12-30,2023-01-09,0.0345913414268119,2022,2022-09-30,learned_market,20260910,0.5040796475393235,0.5040796475393235,1,1
quarter_trend2_validated,2660,2022-01-07,2022-01-17,-0.0173453887283024,2022,2021-12-31,learned_vol_interaction,20260910,0.5831076461801695,0.5831076461801695,1,0
quarter_volatility2_validated,2660,2022-01-07,2022-01-17,-0.0173453887283024,2022,2021-12-31,learned_vol_interaction,20260910,0.5831076461801695,0.5831076461801695,1,0
quarter_trend2_validated,2665,2022-01-14,2022-01-24,0.0053248631776616,2022,2021-12-31,learned_vol_interaction,20260910,0.6744765119030697,0.6744765119030697,1,1
quarter_volatility2_validated,2665,2022-01-14,2022-01-24,0.0053248631776616,2022,2021-12-31,learned_vol_interaction,20260910,0.6744765119030697,0.6744765119030697,1,1
quarter_trend2_validated,2670,2022-01-21,2022-02-07,-0.0242661876254222,2022,2021-12-31,learned_vol_interaction,20260910,0.6652743592454685,0.6652743592454685,1,0
quarter_volatility2_validated,2670,2022-01-21,2022-02-07,-0.0242661876254222,2022,2021-12-31,learned_vol_interaction,20260910,0.6652743592454685,0.6652743592454685,1,0
quarter_trend2_validated,2675,2022-01-28,2022-02-14,-0.0127539031341488,2022,2021-12-31,learned_vol_interaction,20260910,0.6916788990216658,0.6916788990216658,1,0
quarter_volatility2_validated,2675,2022-01-28,2022-02-14,-0.0127539031341488,2022,2021-12-31,learned_vol_interaction,20260910,0.6916788990216658,0.6916788990216658,1,0
quarter_trend2_validated,2680,2022-02-11,2022-02-21,0.0145498774954033,2022,2021-12-31,learned_vol_interaction,20260910,0.6656475068815167,0.6656475068815167,1,1
quarter_volatility2_validated,2680,2022-02-11,2022-02-21,0.0145498774954033,2022,2021-12-31,learned_vol_interaction,20260910,0.6656475068815167,0.6656475068815167,1,1
quarter_trend2_validated,2685,2022-02-18,2022-02-28,-0.0177161244498015,2022,2021-12-31,learned_vol_interaction,20260910,0.7192657526415306,0.7192657526415306,1,0
quarter_volatility2_validated,2685,2022-02-18,2022-02-28,-0.0177161244498015,2022,2021-12-31,learned_vol_interaction,20260910,0.7192657526415306,0.7192657526415306,1,0
quarter_trend2_validated,2690,2022-02-25,2022-03-07,-0.0221791776043331,2022,2021-12-31,learned_vol_interaction,20260910,0.665128795190077,0.665128795190077,1,0
quarter_volatility2_validated,2690,2022-02-25,2022-03-07,-0.0221791776043331,2022,2021-12-31,learned_vol_interaction,20260910,0.665128795190077,0.665128795190077,1,0
quarter_trend2_validated,2695,2022-03-04,2022-03-14,-0.0480378799422749,2022,2021-12-31,learned_vol_interaction,20260910,0.6570221213989423,0.6570221213989423,1,0
quarter_volatility2_validated,2695,2022-03-04,2022-03-14,-0.0480378799422749,2022,2021-12-31,learned_vol_interaction,20260910,0.6570221213989423,0.6570221213989423,1,0
quarter_trend2_validated,2700,2022-03-11,2022-03-21,0.007530336734814,2022,2021-12-31,learned_vol_interaction,20260910,0.7032750021899432,0.7032750021899432,1,1
quarter_volatility2_validated,2700,2022-03-11,2022-03-21,0.007530336734814,2022,2021-12-31,learned_vol_interaction,20260910,0.7032750021899432,0.7032750021899432,1,1
quarter_trend2_validated,2705,2022-03-18,2022-03-28,-0.0353493110038457,2022,2021-12-31,learned_vol_interaction,20260910,0.6524086529307518,0.6524086529307518,1,0
quarter_volatility2_validated,2705,2022-03-18,2022-03-28,-0.0353493110038457,2022,2021-12-31,learned_vol_interaction,20260910,0.6524086529307518,0.6524086529307518,1,0
quarter_trend2_validated,2710,2022-03-25,2022-04-06,0.0314834190717003,2022,2021-12-31,learned_vol_interaction,20260910,0.6942468524177501,0.6942468524177501,1,1
quarter_volatility2_validated,2710,2022-03-25,2022-04-06,0.0314834190717003,2022,2021-12-31,learned_vol_interaction,20260910,0.6942468524177501,0.6942468524177501,1,1
quarter_trend2_validated,2715,2022-04-01,2022-04-12,-0.0129237372705649,2022,2022-03-31,learned_vol_interaction,20260910,0.6692714430207383,0.6692714430207383,1,0
quarter_volatility2_validated,2715,2022-04-01,2022-04-12,-0.0129237372705649,2022,2022-03-31,learned_vol_interaction,20260910,0.6692714430207383,0.6692714430207383,1,0
quarter_trend2_validated,2718,2022-04-08,2022-04-18,-0.0120986062576864,2022,2022-03-31,learned_vol_interaction,20260910,0.6870213134300237,0.6870213134300237,1,0
quarter_volatility2_validated,2718,2022-04-08,2022-04-18,-0.0120986062576864,2022,2022-03-31,learned_vol_interaction,20260910,0.6870213134300237,0.6870213134300237,1,0
quarter_trend2_validated,2723,2022-04-15,2022-04-25,-0.0528494340140576,2022,2022-03-31,learned_vol_interaction,20260910,0.6863123370385322,0.6863123370385322,1,0
quarter_volatility2_validated,2723,2022-04-15,2022-04-25,-0.0528494340140576,2022,2022-03-31,learned_vol_interaction,20260910,0.6863123370385322,0.6863123370385322,1,0
quarter_trend2_validated,2728,2022-04-22,2022-05-05,0.015736821365468,2022,2022-03-31,learned_vol_interaction,20260910,0.650740889856783,0.650740889856783,1,1
quarter_volatility2_validated,2728,2022-04-22,2022-05-05,0.015736821365468,2022,2022-03-31,learned_vol_interaction,20260910,0.650740889856783,0.650740889856783,1,1
quarter_trend2_validated,2733,2022-04-29,2022-05-11,-0.0278824133054675,2022,2022-03-31,learned_vol_interaction,20260910,0.6202221031032191,0.6202221031032191,1,0
quarter_volatility2_validated,2733,2022-04-29,2022-05-11,-0.0278824133054675,2022,2022-03-31,learned_vol_interaction,20260910,0.6202221031032191,0.6202221031032191,1,0
quarter_trend2_validated,2735,2022-05-06,2022-05-16,0.033741423035827,2022,2022-03-31,learned_vol_interaction,20260910,0.6392496752711616,0.6392496752711616,1,1
quarter_volatility2_validated,2735,2022-05-06,2022-05-16,0.033741423035827,2022,2022-03-31,learned_vol_interaction,20260910,0.6392496752711616,0.6392496752711616,1,1
quarter_trend2_validated,2740,2022-05-13,2022-05-23,0.0164308841843088,2022,2022-03-31,learned_vol_interaction,20260910,0.6413212557500495,0.6413212557500495,1,1
quarter_volatility2_validated,2740,2022-05-13,2022-05-23,0.0164308841843088,2022,2022-03-31,learned_vol_interaction,20260910,0.6413212557500495,0.6413212557500495,1,1
quarter_trend2_validated,2745,2022-05-20,2022-05-30,-0.0147293413085614,2022,2022-03-31,learned_vol_interaction,20260910,0.5814333950080588,0.5814333950080588,1,0
quarter_volatility2_validated,2745,2022-05-20,2022-05-30,-0.0147293413085614,2022,2022-03-31,learned_vol_interaction,20260910,0.5814333950080588,0.5814333950080588,1,0
quarter_trend2_validated,2750,2022-05-27,2022-06-13,0.0431748431927498,2022,2022-03-31,learned_vol_interaction,20260910,0.5197460553923614,0.5197460553923614,1,1
quarter_volatility2_validated,2750,2022-05-27,2022-06-13,0.0431748431927498,2022,2022-03-31,learned_vol_interaction,20260910,0.5197460553923614,0.5197460553923614,1,1
quarter_trend2_validated,2759,2022-06-10,2022-06-20,0.0306046547112142,2022,2022-03-31,learned_vol_interaction,20260910,0.5385759882805518,0.5385759882805518,1,1
quarter_volatility2_validated,2759,2022-06-10,2022-06-20,0.0306046547112142,2022,2022-03-31,learned_vol_interaction,20260910,0.5385759882805518,0.5385759882805518,1,1
quarter_trend2_validated,2764,2022-06-17,2022-06-27,0.0211666894141107,2022,2022-03-31,learned_vol_interaction,20260910,0.48255164210709656,0.48255164210709656,0,1
quarter_volatility2_validated,2764,2022-06-17,2022-06-27,0.0211666894141107,2022,2022-03-31,learned_vol_interaction,20260910,0.48255164210709656,0.48255164210709656,0,1
quarter_trend2_validated,2769,2022-06-24,2022-07-04,0.0074507343130214,2022,2022-03-31,learned_vol_interaction,20260910,0.4796566656164814,0.4796566656164814,0,1
quarter_volatility2_validated,2769,2022-06-24,2022-07-04,0.0074507343130214,2022,2022-03-31,learned_vol_interaction,20260910,0.4796566656164814,0.4796566656164814,0,1
quarter_trend2_validated,2774,2022-07-01,2022-07-11,-0.0092349827532707,2022,2022-06-30,learned_vol_interaction,20260910,0.5729293041374858,0.5729293041374858,1,0
quarter_volatility2_validated,2774,2022-07-01,2022-07-11,-0.0092349827532707,2022,2022-06-30,learned_vol_interaction,20260910,0.5729293041374858,0.5729293041374858,1,0
quarter_trend2_validated,2779,2022-07-08,2022-07-18,-0.0326815927737367,2022,2022-06-30,learned_vol_interaction,20260910,0.5302683386209299,0.5302683386209299,1,0
quarter_volatility2_validated,2779,2022-07-08,2022-07-18,-0.0326815927737367,2022,2022-06-30,learned_vol_interaction,20260910,0.5302683386209299,0.5302683386209299,1,0
quarter_trend2_validated,2784,2022-07-15,2022-07-25,-0.0066210715249344,2022,2022-06-30,learned_vol_interaction,20260910,0.4744529012062564,0.4744529012062564,0,0
quarter_volatility2_validated,2784,2022-07-15,2022-07-25,-0.0066210715249344,2022,2022-06-30,learned_vol_interaction,20260910,0.4744529012062564,0.4744529012062564,0,0
quarter_trend2_validated,2789,2022-07-22,2022-08-01,-0.0173077967751003,2022,2022-06-30,learned_vol_interaction,20260910,0.568735503293615,0.568735503293615,1,0
quarter_volatility2_validated,2789,2022-07-22,2022-08-01,-0.0173077967751003,2022,2022-06-30,learned_vol_interaction,20260910,0.568735503293615,0.568735503293615,1,0
quarter_trend2_validated,2794,2022-07-29,2022-08-08,-0.004456034513838,2022,2022-06-30,learned_vol_interaction,20260910,0.7449112931956193,0.7449112931956193,1,0
quarter_volatility2_validated,2794,2022-07-29,2022-08-08,-0.004456034513838,2022,2022-06-30,learned_vol_interaction,20260910,0.7449112931956193,0.7449112931956193,1,0
quarter_trend2_validated,2799,2022-08-05,2022-08-15,0.0091475117753996,2022,2022-06-30,learned_vol_interaction,20260910,0.6690803670858058,0.6690803670858058,1,1
quarter_volatility2_validated,2799,2022-08-05,2022-08-15,0.0091475117753996,2022,2022-06-30,learned_vol_interaction,20260910,0.6690803670858058,0.6690803670858058,1,1
quarter_trend2_validated,2804,2022-08-12,2022-08-22,-0.0107272727272728,2022,2022-06-30,learned_vol_interaction,20260910,0.6571875580323422,0.6571875580323422,1,0
quarter_volatility2_validated,2804,2022-08-12,2022-08-22,-0.0107272727272728,2022,2022-06-30,learned_vol_interaction,20260910,0.6571875580323422,0.6571875580323422,1,0
quarter_trend2_validated,2809,2022-08-19,2022-08-29,-0.0172375434082356,2022,2022-06-30,learned_vol_interaction,20260910,0.6670716563865554,0.6670716563865554,1,0
quarter_volatility2_validated,2809,2022-08-19,2022-08-29,-0.0172375434082356,2022,2022-06-30,learned_vol_interaction,20260910,0.6670716563865554,0.6670716563865554,1,0
quarter_trend2_validated,2814,2022-08-26,2022-09-05,-0.0131573766941938,2022,2022-06-30,learned_vol_interaction,20260910,0.6419725542084096,0.6419725542084096,1,0
quarter_volatility2_validated,2814,2022-08-26,2022-09-05,-0.0131573766941938,2022,2022-06-30,learned_vol_interaction,20260910,0.6419725542084096,0.6419725542084096,1,0
quarter_trend2_validated,2819,2022-09-02,2022-09-13,0.0253340680878015,2022,2022-06-30,learned_vol_interaction,20260910,0.6153521718981038,0.6153521718981038,1,1
quarter_volatility2_validated,2819,2022-09-02,2022-09-13,0.0253340680878015,2022,2022-06-30,learned_vol_interaction,20260910,0.6153521718981038,0.6153521718981038,1,1
quarter_trend2_validated,2824,2022-09-09,2022-09-19,-0.044647264962877,2022,2022-06-30,learned_vol_interaction,20260910,0.784077999023363,0.784077999023363,1,0
quarter_volatility2_validated,2824,2022-09-09,2022-09-19,-0.044647264962877,2022,2022-06-30,learned_vol_interaction,20260910,0.784077999023363,0.784077999023363,1,0
quarter_trend2_validated,2828,2022-09-16,2022-09-26,-0.025155151434928,2022,2022-06-30,learned_vol_interaction,20260910,0.5761867154144525,0.5761867154144525,1,0
quarter_volatility2_validated,2828,2022-09-16,2022-09-26,-0.025155151434928,2022,2022-06-30,learned_vol_interaction,20260910,0.5761867154144525,0.5761867154144525,1,0
quarter_trend2_validated,2833,2022-09-23,2022-10-10,-0.0060162941299352,2022,2022-06-30,learned_vol_interaction,20260910,0.7436633183671754,0.7436633183671754,1,0
quarter_volatility2_validated,2833,2022-09-23,2022-10-10,-0.0060162941299352,2022,2022-06-30,learned_vol_interaction,20260910,0.7436633183671754,0.7436633183671754,1,0
quarter_trend2_validated,2838,2022-09-30,2022-10-17,0.0041192047412885,2022,2022-06-30,learned_vol_interaction,20260910,0.5600994269795847,0.5600994269795847,1,1
quarter_volatility2_validated,2838,2022-09-30,2022-10-17,0.0041192047412885,2022,2022-06-30,learned_vol_interaction,20260910,0.5600994269795847,0.5600994269795847,1,1
quarter_trend2_validated,2843,2022-10-14,2022-10-24,-0.0246766294110258,2022,2022-09-30,learned_vol_interaction,20260910,0.6357117591692524,0.6357117591692524,1,0
quarter_volatility2_validated,2843,2022-10-14,2022-10-24,-0.0246766294110258,2022,2022-09-30,learned_vol_interaction,20260910,0.6357117591692524,0.6357117591692524,1,0
quarter_trend2_validated,2848,2022-10-21,2022-10-31,-0.059928861134359,2022,2022-09-30,learned_vol_interaction,20260910,0.6680943131119911,0.6680943131119911,1,0
quarter_volatility2_validated,2848,2022-10-21,2022-10-31,-0.059928861134359,2022,2022-09-30,learned_vol_interaction,20260910,0.6680943131119911,0.6680943131119911,1,0
quarter_trend2_validated,2853,2022-10-28,2022-11-07,0.071339502526744,2022,2022-09-30,learned_vol_interaction,20260910,0.4928902394481825,0.4928902394481825,0,1
quarter_volatility2_validated,2853,2022-10-28,2022-11-07,0.071339502526744,2022,2022-09-30,learned_vol_interaction,20260910,0.4928902394481825,0.4928902394481825,0,1
quarter_trend2_validated,2858,2022-11-04,2022-11-14,0.0169449090696014,2022,2022-09-30,learned_vol_interaction,20260910,0.6146316194730053,0.6146316194730053,1,1
quarter_volatility2_validated,2858,2022-11-04,2022-11-14,0.0169449090696014,2022,2022-09-30,learned_vol_interaction,20260910,0.6146316194730053,0.6146316194730053,1,1
quarter_trend2_validated,2863,2022-11-11,2022-11-21,-0.0127051391515239,2022,2022-09-30,learned_vol_interaction,20260910,0.5902125996115632,0.5902125996115632,1,0
quarter_volatility2_validated,2863,2022-11-11,2022-11-21,-0.0127051391515239,2022,2022-09-30,learned_vol_interaction,20260910,0.5902125996115632,0.5902125996115632,1,0
quarter_trend2_validated,2868,2022-11-18,2022-11-28,-0.0179672806084416,2022,2022-09-30,learned_vol_interaction,20260910,0.6226898926200907,0.6226898926200907,1,0
quarter_volatility2_validated,2868,2022-11-18,2022-11-28,-0.0179672806084416,2022,2022-09-30,learned_vol_interaction,20260910,0.6226898926200907,0.6226898926200907,1,0
quarter_trend2_validated,2873,2022-11-25,2022-12-05,0.0555768659337096,2022,2022-09-30,learned_vol_interaction,20260910,0.5363930512088583,0.5363930512088583,1,1
quarter_volatility2_validated,2873,2022-11-25,2022-12-05,0.0555768659337096,2022,2022-09-30,learned_vol_interaction,20260910,0.5363930512088583,0.5363930512088583,1,1
quarter_trend2_validated,2878,2022-12-02,2022-12-12,0.0175374394775362,2022,2022-09-30,learned_vol_interaction,20260910,0.4815686247668643,0.4815686247668643,0,1
quarter_volatility2_validated,2878,2022-12-02,2022-12-12,0.0175374394775362,2022,2022-09-30,learned_vol_interaction,20260910,0.4815686247668643,0.4815686247668643,0,1
quarter_trend2_validated,2883,2022-12-09,2022-12-19,-0.0058850602464181,2022,2022-09-30,learned_vol_interaction,20260910,0.4159362652943189,0.4159362652943189,0,0
quarter_volatility2_validated,2883,2022-12-09,2022-12-19,-0.0058850602464181,2022,2022-09-30,learned_vol_interaction,20260910,0.4159362652943189,0.4159362652943189,0,0
quarter_trend2_validated,2888,2022-12-16,2022-12-26,-0.0309150292073658,2022,2022-09-30,learned_vol_interaction,20260910,0.5649115428921381,0.5649115428921381,1,0
quarter_volatility2_validated,2888,2022-12-16,2022-12-26,-0.0309150292073658,2022,2022-09-30,learned_vol_interaction,20260910,0.557388215666631,0.557388215666631,1,0
quarter_trend2_validated,2893,2022-12-23,2023-01-03,0.0089464492229616,2022,2022-09-30,learned_vol_interaction,20260910,0.4991053059678844,0.4991053059678844,0,1
quarter_volatility2_validated,2893,2022-12-23,2023-01-03,0.0089464492229616,2022,2022-09-30,learned_vol_interaction,20260910,0.4991053059678844,0.4991053059678844,0,1
quarter_trend2_validated,2898,2022-12-30,2023-01-09,0.0345913414268119,2022,2022-09-30,learned_vol_interaction,20260910,0.5077661796772586,0.5077661796772586,1,1
quarter_volatility2_validated,2898,2022-12-30,2023-01-09,0.0345913414268119,2022,2022-09-30,learned_vol_interaction,20260910,0.5001290850958526,0.5001290850958526,1,1
quarter_trend2_validated,2660,2022-01-07,2022-01-17,-0.0173453887283024,2022,2021-12-31,learned_order_extension,20260910,0.566864392886939,0.566864392886939,1,0
quarter_volatility2_validated,2660,2022-01-07,2022-01-17,-0.0173453887283024,2022,2021-12-31,learned_order_extension,20260910,0.566864392886939,0.566864392886939,1,0
quarter_trend2_validated,2665,2022-01-14,2022-01-24,0.0053248631776616,2022,2021-12-31,learned_order_extension,20260910,0.6690763940918765,0.6690763940918765,1,1
quarter_volatility2_validated,2665,2022-01-14,2022-01-24,0.0053248631776616,2022,2021-12-31,learned_order_extension,20260910,0.6690763940918765,0.6690763940918765,1,1
quarter_trend2_validated,2670,2022-01-21,2022-02-07,-0.0242661876254222,2022,2021-12-31,learned_order_extension,20260910,0.6566842946116621,0.6566842946116621,1,0
quarter_volatility2_validated,2670,2022-01-21,2022-02-07,-0.0242661876254222,2022,2021-12-31,learned_order_extension,20260910,0.6566842946116621,0.6566842946116621,1,0
quarter_trend2_validated,2675,2022-01-28,2022-02-14,-0.0127539031341488,2022,2021-12-31,learned_order_extension,20260910,0.668769824144909,0.668769824144909,1,0
quarter_volatility2_validated,2675,2022-01-28,2022-02-14,-0.0127539031341488,2022,2021-12-31,learned_order_extension,20260910,0.668769824144909,0.668769824144909,1,0
quarter_trend2_validated,2680,2022-02-11,2022-02-21,0.0145498774954033,2022,2021-12-31,learned_order_extension,20260910,0.6554002636047295,0.6554002636047295,1,1
quarter_volatility2_validated,2680,2022-02-11,2022-02-21,0.0145498774954033,2022,2021-12-31,learned_order_extension,20260910,0.6554002636047295,0.6554002636047295,1,1
quarter_trend2_validated,2685,2022-02-18,2022-02-28,-0.0177161244498015,2022,2021-12-31,learned_order_extension,20260910,0.7136098531605942,0.7136098531605942,1,0
quarter_volatility2_validated,2685,2022-02-18,2022-02-28,-0.0177161244498015,2022,2021-12-31,learned_order_extension,20260910,0.7136098531605942,0.7136098531605942,1,0
quarter_trend2_validated,2690,2022-02-25,2022-03-07,-0.0221791776043331,2022,2021-12-31,learned_order_extension,20260910,0.6487731912125562,0.6487731912125562,1,0
quarter_volatility2_validated,2690,2022-02-25,2022-03-07,-0.0221791776043331,2022,2021-12-31,learned_order_extension,20260910,0.6487731912125562,0.6487731912125562,1,0
quarter_trend2_validated,2695,2022-03-04,2022-03-14,-0.0480378799422749,2022,2021-12-31,learned_order_extension,20260910,0.6318792296674466,0.6318792296674466,1,0
quarter_volatility2_validated,2695,2022-03-04,2022-03-14,-0.0480378799422749,2022,2021-12-31,learned_order_extension,20260910,0.6318792296674466,0.6318792296674466,1,0
quarter_trend2_validated,2700,2022-03-11,2022-03-21,0.007530336734814,2022,2021-12-31,learned_order_extension,20260910,0.6914869969738268,0.6914869969738268,1,1
quarter_volatility2_validated,2700,2022-03-11,2022-03-21,0.007530336734814,2022,2021-12-31,learned_order_extension,20260910,0.6914869969738268,0.6914869969738268,1,1
quarter_trend2_validated,2705,2022-03-18,2022-03-28,-0.0353493110038457,2022,2021-12-31,learned_order_extension,20260910,0.6587542387705517,0.6587542387705517,1,0
quarter_volatility2_validated,2705,2022-03-18,2022-03-28,-0.0353493110038457,2022,2021-12-31,learned_order_extension,20260910,0.6587542387705517,0.6587542387705517,1,0
quarter_trend2_validated,2710,2022-03-25,2022-04-06,0.0314834190717003,2022,2021-12-31,learned_order_extension,20260910,0.6972076913228429,0.6972076913228429,1,1
quarter_volatility2_validated,2710,2022-03-25,2022-04-06,0.0314834190717003,2022,2021-12-31,learned_order_extension,20260910,0.6972076913228429,0.6972076913228429,1,1
quarter_trend2_validated,2715,2022-04-01,2022-04-12,-0.0129237372705649,2022,2022-03-31,learned_order_extension,20260910,0.6698700948387382,0.6698700948387382,1,0
quarter_volatility2_validated,2715,2022-04-01,2022-04-12,-0.0129237372705649,2022,2022-03-31,learned_order_extension,20260910,0.6698700948387382,0.6698700948387382,1,0
quarter_trend2_validated,2718,2022-04-08,2022-04-18,-0.0120986062576864,2022,2022-03-31,learned_order_extension,20260910,0.6806371615463094,0.6806371615463094,1,0
quarter_volatility2_validated,2718,2022-04-08,2022-04-18,-0.0120986062576864,2022,2022-03-31,learned_order_extension,20260910,0.6806371615463094,0.6806371615463094,1,0
quarter_trend2_validated,2723,2022-04-15,2022-04-25,-0.0528494340140576,2022,2022-03-31,learned_order_extension,20260910,0.6734562693191574,0.6734562693191574,1,0
quarter_volatility2_validated,2723,2022-04-15,2022-04-25,-0.0528494340140576,2022,2022-03-31,learned_order_extension,20260910,0.6734562693191574,0.6734562693191574,1,0
quarter_trend2_validated,2728,2022-04-22,2022-05-05,0.015736821365468,2022,2022-03-31,learned_order_extension,20260910,0.6412880357294892,0.6412880357294892,1,1
quarter_volatility2_validated,2728,2022-04-22,2022-05-05,0.015736821365468,2022,2022-03-31,learned_order_extension,20260910,0.6412880357294892,0.6412880357294892,1,1
quarter_trend2_validated,2733,2022-04-29,2022-05-11,-0.0278824133054675,2022,2022-03-31,learned_order_extension,20260910,0.6287985885797217,0.6287985885797217,1,0
quarter_volatility2_validated,2733,2022-04-29,2022-05-11,-0.0278824133054675,2022,2022-03-31,learned_order_extension,20260910,0.6287985885797217,0.6287985885797217,1,0
quarter_trend2_validated,2735,2022-05-06,2022-05-16,0.033741423035827,2022,2022-03-31,learned_order_extension,20260910,0.6540416538097915,0.6540416538097915,1,1
quarter_volatility2_validated,2735,2022-05-06,2022-05-16,0.033741423035827,2022,2022-03-31,learned_order_extension,20260910,0.6540416538097915,0.6540416538097915,1,1
quarter_trend2_validated,2740,2022-05-13,2022-05-23,0.0164308841843088,2022,2022-03-31,learned_order_extension,20260910,0.6547674512326901,0.6547674512326901,1,1
quarter_volatility2_validated,2740,2022-05-13,2022-05-23,0.0164308841843088,2022,2022-03-31,learned_order_extension,20260910,0.6547674512326901,0.6547674512326901,1,1
quarter_trend2_validated,2745,2022-05-20,2022-05-30,-0.0147293413085614,2022,2022-03-31,learned_order_extension,20260910,0.5882230547766246,0.5882230547766246,1,0
quarter_volatility2_validated,2745,2022-05-20,2022-05-30,-0.0147293413085614,2022,2022-03-31,learned_order_extension,20260910,0.5882230547766246,0.5882230547766246,1,0
quarter_trend2_validated,2750,2022-05-27,2022-06-13,0.0431748431927498,2022,2022-03-31,learned_order_extension,20260910,0.508142218915277,0.508142218915277,1,1
quarter_volatility2_validated,2750,2022-05-27,2022-06-13,0.0431748431927498,2022,2022-03-31,learned_order_extension,20260910,0.508142218915277,0.508142218915277,1,1
quarter_trend2_validated,2759,2022-06-10,2022-06-20,0.0306046547112142,2022,2022-03-31,learned_order_extension,20260910,0.5322541068789998,0.5322541068789998,1,1
quarter_volatility2_validated,2759,2022-06-10,2022-06-20,0.0306046547112142,2022,2022-03-31,learned_order_extension,20260910,0.5322541068789998,0.5322541068789998,1,1
quarter_trend2_validated,2764,2022-06-17,2022-06-27,0.0211666894141107,2022,2022-03-31,learned_order_extension,20260910,0.4859253122353308,0.4859253122353308,0,1
quarter_volatility2_validated,2764,2022-06-17,2022-06-27,0.0211666894141107,2022,2022-03-31,learned_order_extension,20260910,0.4859253122353308,0.4859253122353308,0,1
quarter_trend2_validated,2769,2022-06-24,2022-07-04,0.0074507343130214,2022,2022-03-31,learned_order_extension,20260910,0.4875812841679665,0.4875812841679665,0,1
quarter_volatility2_validated,2769,2022-06-24,2022-07-04,0.0074507343130214,2022,2022-03-31,learned_order_extension,20260910,0.4875812841679665,0.4875812841679665,0,1
quarter_trend2_validated,2774,2022-07-01,2022-07-11,-0.0092349827532707,2022,2022-06-30,learned_order_extension,20260910,0.5673900409205141,0.5673900409205141,1,0
quarter_volatility2_validated,2774,2022-07-01,2022-07-11,-0.0092349827532707,2022,2022-06-30,learned_order_extension,20260910,0.5270040868076292,0.5270040868076292,1,0
quarter_trend2_validated,2779,2022-07-08,2022-07-18,-0.0326815927737367,2022,2022-06-30,learned_order_extension,20260910,0.5410131618864253,0.5410131618864253,1,0
quarter_volatility2_validated,2779,2022-07-08,2022-07-18,-0.0326815927737367,2022,2022-06-30,learned_order_extension,20260910,0.5003332980896026,0.5003332980896026,1,0
quarter_trend2_validated,2784,2022-07-15,2022-07-25,-0.0066210715249344,2022,2022-06-30,learned_order_extension,20260910,0.47973859027832644,0.47973859027832644,0,0
quarter_volatility2_validated,2784,2022-07-15,2022-07-25,-0.0066210715249344,2022,2022-06-30,learned_order_extension,20260910,0.4392567788772341,0.4392567788772341,0,0
quarter_trend2_validated,2789,2022-07-22,2022-08-01,-0.0173077967751003,2022,2022-06-30,learned_order_extension,20260910,0.5665009900782988,0.5665009900782988,1,0
quarter_volatility2_validated,2789,2022-07-22,2022-08-01,-0.0173077967751003,2022,2022-06-30,learned_order_extension,20260910,0.5665009900782988,0.5665009900782988,1,0
quarter_trend2_validated,2794,2022-07-29,2022-08-08,-0.004456034513838,2022,2022-06-30,learned_order_extension,20260910,0.6826002369228839,0.6826002369228839,1,0
quarter_volatility2_validated,2794,2022-07-29,2022-08-08,-0.004456034513838,2022,2022-06-30,learned_order_extension,20260910,0.6826002369228839,0.6826002369228839,1,0
quarter_trend2_validated,2799,2022-08-05,2022-08-15,0.0091475117753996,2022,2022-06-30,learned_order_extension,20260910,0.6264531350174127,0.6264531350174127,1,1
quarter_volatility2_validated,2799,2022-08-05,2022-08-15,0.0091475117753996,2022,2022-06-30,learned_order_extension,20260910,0.6264531350174127,0.6264531350174127,1,1
quarter_trend2_validated,2804,2022-08-12,2022-08-22,-0.0107272727272728,2022,2022-06-30,learned_order_extension,20260910,0.6234550049594982,0.6234550049594982,1,0
quarter_volatility2_validated,2804,2022-08-12,2022-08-22,-0.0107272727272728,2022,2022-06-30,learned_order_extension,20260910,0.6234550049594982,0.6234550049594982,1,0
quarter_trend2_validated,2809,2022-08-19,2022-08-29,-0.0172375434082356,2022,2022-06-30,learned_order_extension,20260910,0.614312207680884,0.614312207680884,1,0
quarter_volatility2_validated,2809,2022-08-19,2022-08-29,-0.0172375434082356,2022,2022-06-30,learned_order_extension,20260910,0.614312207680884,0.614312207680884,1,0
quarter_trend2_validated,2814,2022-08-26,2022-09-05,-0.0131573766941938,2022,2022-06-30,learned_order_extension,20260910,0.6167311395003157,0.6167311395003157,1,0
quarter_volatility2_validated,2814,2022-08-26,2022-09-05,-0.0131573766941938,2022,2022-06-30,learned_order_extension,20260910,0.5775216103901023,0.5775216103901023,1,0
quarter_trend2_validated,2819,2022-09-02,2022-09-13,0.0253340680878015,2022,2022-06-30,learned_order_extension,20260910,0.5957625148526239,0.5957625148526239,1,1
quarter_volatility2_validated,2819,2022-09-02,2022-09-13,0.0253340680878015,2022,2022-06-30,learned_order_extension,20260910,0.5957625148526239,0.5957625148526239,1,1
quarter_trend2_validated,2824,2022-09-09,2022-09-19,-0.044647264962877,2022,2022-06-30,learned_order_extension,20260910,0.6877495846105631,0.6877495846105631,1,0
quarter_volatility2_validated,2824,2022-09-09,2022-09-19,-0.044647264962877,2022,2022-06-30,learned_order_extension,20260910,0.6877495846105631,0.6877495846105631,1,0
quarter_trend2_validated,2828,2022-09-16,2022-09-26,-0.025155151434928,2022,2022-06-30,learned_order_extension,20260910,0.5682731902480352,0.5682731902480352,1,0
quarter_volatility2_validated,2828,2022-09-16,2022-09-26,-0.025155151434928,2022,2022-06-30,learned_order_extension,20260910,0.5682731902480352,0.5682731902480352,1,0
quarter_trend2_validated,2833,2022-09-23,2022-10-10,-0.0060162941299352,2022,2022-06-30,learned_order_extension,20260910,0.6781748015829271,0.6781748015829271,1,0
quarter_volatility2_validated,2833,2022-09-23,2022-10-10,-0.0060162941299352,2022,2022-06-30,learned_order_extension,20260910,0.6781748015829271,0.6781748015829271,1,0
quarter_trend2_validated,2838,2022-09-30,2022-10-17,0.0041192047412885,2022,2022-06-30,learned_order_extension,20260910,0.5645710885067642,0.5645710885067642,1,1
quarter_volatility2_validated,2838,2022-09-30,2022-10-17,0.0041192047412885,2022,2022-06-30,learned_order_extension,20260910,0.5645710885067642,0.5645710885067642,1,1
quarter_trend2_validated,2843,2022-10-14,2022-10-24,-0.0246766294110258,2022,2022-09-30,learned_order_extension,20260910,0.6076423145030778,0.6076423145030778,1,0
quarter_volatility2_validated,2843,2022-10-14,2022-10-24,-0.0246766294110258,2022,2022-09-30,learned_order_extension,20260910,0.6076423145030778,0.6076423145030778,1,0
quarter_trend2_validated,2848,2022-10-21,2022-10-31,-0.059928861134359,2022,2022-09-30,learned_order_extension,20260910,0.6557670364672438,0.6557670364672438,1,0
quarter_volatility2_validated,2848,2022-10-21,2022-10-31,-0.059928861134359,2022,2022-09-30,learned_order_extension,20260910,0.6557670364672438,0.6557670364672438,1,0
quarter_trend2_validated,2853,2022-10-28,2022-11-07,0.071339502526744,2022,2022-09-30,learned_order_extension,20260910,0.49762556857203943,0.49762556857203943,0,1
quarter_volatility2_validated,2853,2022-10-28,2022-11-07,0.071339502526744,2022,2022-09-30,learned_order_extension,20260910,0.49762556857203943,0.49762556857203943,0,1
quarter_trend2_validated,2858,2022-11-04,2022-11-14,0.0169449090696014,2022,2022-09-30,learned_order_extension,20260910,0.613159850832912,0.613159850832912,1,1
quarter_volatility2_validated,2858,2022-11-04,2022-11-14,0.0169449090696014,2022,2022-09-30,learned_order_extension,20260910,0.613159850832912,0.613159850832912,1,1
quarter_trend2_validated,2863,2022-11-11,2022-11-21,-0.0127051391515239,2022,2022-09-30,learned_order_extension,20260910,0.5964706436497149,0.5964706436497149,1,0
quarter_volatility2_validated,2863,2022-11-11,2022-11-21,-0.0127051391515239,2022,2022-09-30,learned_order_extension,20260910,0.5964706436497149,0.5964706436497149,1,0
quarter_trend2_validated,2868,2022-11-18,2022-11-28,-0.0179672806084416,2022,2022-09-30,learned_order_extension,20260910,0.6322085568902898,0.6322085568902898,1,0
quarter_volatility2_validated,2868,2022-11-18,2022-11-28,-0.0179672806084416,2022,2022-09-30,learned_order_extension,20260910,0.6322085568902898,0.6322085568902898,1,0
quarter_trend2_validated,2873,2022-11-25,2022-12-05,0.0555768659337096,2022,2022-09-30,learned_order_extension,20260910,0.5288535444594932,0.5288535444594932,1,1
quarter_volatility2_validated,2873,2022-11-25,2022-12-05,0.0555768659337096,2022,2022-09-30,learned_order_extension,20260910,0.5288535444594932,0.5288535444594932,1,1
quarter_trend2_validated,2878,2022-12-02,2022-12-12,0.0175374394775362,2022,2022-09-30,learned_order_extension,20260910,0.45376890427100824,0.45376890427100824,0,1
quarter_volatility2_validated,2878,2022-12-02,2022-12-12,0.0175374394775362,2022,2022-09-30,learned_order_extension,20260910,0.45376890427100824,0.45376890427100824,0,1
quarter_trend2_validated,2883,2022-12-09,2022-12-19,-0.0058850602464181,2022,2022-09-30,learned_order_extension,20260910,0.3857611085657667,0.3857611085657667,0,0
quarter_volatility2_validated,2883,2022-12-09,2022-12-19,-0.0058850602464181,2022,2022-09-30,learned_order_extension,20260910,0.3857611085657667,0.3857611085657667,0,0
quarter_trend2_validated,2888,2022-12-16,2022-12-26,-0.0309150292073658,2022,2022-09-30,learned_order_extension,20260910,0.5688076530419494,0.5688076530419494,1,0
quarter_volatility2_validated,2888,2022-12-16,2022-12-26,-0.0309150292073658,2022,2022-09-30,learned_order_extension,20260910,0.5588193277725292,0.5588193277725292,1,0
quarter_trend2_validated,2893,2022-12-23,2023-01-03,0.0089464492229616,2022,2022-09-30,learned_order_extension,20260910,0.4984357443577794,0.4984357443577794,0,1
quarter_volatility2_validated,2893,2022-12-23,2023-01-03,0.0089464492229616,2022,2022-09-30,learned_order_extension,20260910,0.4984357443577794,0.4984357443577794,0,1
quarter_trend2_validated,2898,2022-12-30,2023-01-09,0.0345913414268119,2022,2022-09-30,learned_order_extension,20260910,0.5124000144420653,0.5124000144420653,1,1
quarter_volatility2_validated,2898,2022-12-30,2023-01-09,0.0345913414268119,2022,2022-09-30,learned_order_extension,20260910,0.5022484608294173,0.5022484608294173,1,1
quarter_trend2_validated,2660,2022-01-07,2022-01-17,-0.0173453887283024,2022,2021-12-31,learned_order_offset,20260910,0.5666647543526758,0.5666647543526758,1,0
quarter_volatility2_validated,2660,2022-01-07,2022-01-17,-0.0173453887283024,2022,2021-12-31,learned_order_offset,20260910,0.5666647543526758,0.5666647543526758,1,0
quarter_trend2_validated,2665,2022-01-14,2022-01-24,0.0053248631776616,2022,2021-12-31,learned_order_offset,20260910,0.6685371525240916,0.6685371525240916,1,1
quarter_volatility2_validated,2665,2022-01-14,2022-01-24,0.0053248631776616,2022,2021-12-31,learned_order_offset,20260910,0.6685371525240916,0.6685371525240916,1,1
quarter_trend2_validated,2670,2022-01-21,2022-02-07,-0.0242661876254222,2022,2021-12-31,learned_order_offset,20260910,0.6567323025522784,0.6567323025522784,1,0
quarter_volatility2_validated,2670,2022-01-21,2022-02-07,-0.0242661876254222,2022,2021-12-31,learned_order_offset,20260910,0.6567323025522784,0.6567323025522784,1,0
quarter_trend2_validated,2675,2022-01-28,2022-02-14,-0.0127539031341488,2022,2021-12-31,learned_order_offset,20260910,0.6683313210695451,0.6683313210695451,1,0
quarter_volatility2_validated,2675,2022-01-28,2022-02-14,-0.0127539031341488,2022,2021-12-31,learned_order_offset,20260910,0.6683313210695451,0.6683313210695451,1,0
quarter_trend2_validated,2680,2022-02-11,2022-02-21,0.0145498774954033,2022,2021-12-31,learned_order_offset,20260910,0.6551608348224088,0.6551608348224088,1,1
quarter_volatility2_validated,2680,2022-02-11,2022-02-21,0.0145498774954033,2022,2021-12-31,learned_order_offset,20260910,0.6551608348224088,0.6551608348224088,1,1
quarter_trend2_validated,2685,2022-02-18,2022-02-28,-0.0177161244498015,2022,2021-12-31,learned_order_offset,20260910,0.713244067556852,0.713244067556852,1,0
quarter_volatility2_validated,2685,2022-02-18,2022-02-28,-0.0177161244498015,2022,2021-12-31,learned_order_offset,20260910,0.713244067556852,0.713244067556852,1,0
quarter_trend2_validated,2690,2022-02-25,2022-03-07,-0.0221791776043331,2022,2021-12-31,learned_order_offset,20260910,0.6484724441889236,0.6484724441889236,1,0
quarter_volatility2_validated,2690,2022-02-25,2022-03-07,-0.0221791776043331,2022,2021-12-31,learned_order_offset,20260910,0.6484724441889236,0.6484724441889236,1,0
quarter_trend2_validated,2695,2022-03-04,2022-03-14,-0.0480378799422749,2022,2021-12-31,learned_order_offset,20260910,0.6314504954417829,0.6314504954417829,1,0
quarter_volatility2_validated,2695,2022-03-04,2022-03-14,-0.0480378799422749,2022,2021-12-31,learned_order_offset,20260910,0.6314504954417829,0.6314504954417829,1,0
quarter_trend2_validated,2700,2022-03-11,2022-03-21,0.007530336734814,2022,2021-12-31,learned_order_offset,20260910,0.691194443082509,0.691194443082509,1,1
quarter_volatility2_validated,2700,2022-03-11,2022-03-21,0.007530336734814,2022,2021-12-31,learned_order_offset,20260910,0.691194443082509,0.691194443082509,1,1
quarter_trend2_validated,2705,2022-03-18,2022-03-28,-0.0353493110038457,2022,2021-12-31,learned_order_offset,20260910,0.6583803934930407,0.6583803934930407,1,0
quarter_volatility2_validated,2705,2022-03-18,2022-03-28,-0.0353493110038457,2022,2021-12-31,learned_order_offset,20260910,0.6583803934930407,0.6583803934930407,1,0
quarter_trend2_validated,2710,2022-03-25,2022-04-06,0.0314834190717003,2022,2021-12-31,learned_order_offset,20260910,0.696855601595334,0.696855601595334,1,1
quarter_volatility2_validated,2710,2022-03-25,2022-04-06,0.0314834190717003,2022,2021-12-31,learned_order_offset,20260910,0.696855601595334,0.696855601595334,1,1
quarter_trend2_validated,2715,2022-04-01,2022-04-12,-0.0129237372705649,2022,2022-03-31,learned_order_offset,20260910,0.6694890325996018,0.6694890325996018,1,0
quarter_volatility2_validated,2715,2022-04-01,2022-04-12,-0.0129237372705649,2022,2022-03-31,learned_order_offset,20260910,0.6694890325996018,0.6694890325996018,1,0
quarter_trend2_validated,2718,2022-04-08,2022-04-18,-0.0120986062576864,2022,2022-03-31,learned_order_offset,20260910,0.6803426001198963,0.6803426001198963,1,0
quarter_volatility2_validated,2718,2022-04-08,2022-04-18,-0.0120986062576864,2022,2022-03-31,learned_order_offset,20260910,0.6803426001198963,0.6803426001198963,1,0
quarter_trend2_validated,2723,2022-04-15,2022-04-25,-0.0528494340140576,2022,2022-03-31,learned_order_offset,20260910,0.6731249980220481,0.6731249980220481,1,0
quarter_volatility2_validated,2723,2022-04-15,2022-04-25,-0.0528494340140576,2022,2022-03-31,learned_order_offset,20260910,0.6731249980220481,0.6731249980220481,1,0
quarter_trend2_validated,2728,2022-04-22,2022-05-05,0.015736821365468,2022,2022-03-31,learned_order_offset,20260910,0.641097331377158,0.641097331377158,1,1
quarter_volatility2_validated,2728,2022-04-22,2022-05-05,0.015736821365468,2022,2022-03-31,learned_order_offset,20260910,0.641097331377158,0.641097331377158,1,1
quarter_trend2_validated,2733,2022-04-29,2022-05-11,-0.0278824133054675,2022,2022-03-31,learned_order_offset,20260910,0.6286451625043376,0.6286451625043376,1,0
quarter_volatility2_validated,2733,2022-04-29,2022-05-11,-0.0278824133054675,2022,2022-03-31,learned_order_offset,20260910,0.6286451625043376,0.6286451625043376,1,0
quarter_trend2_validated,2735,2022-05-06,2022-05-16,0.033741423035827,2022,2022-03-31,learned_order_offset,20260910,0.6539023380631441,0.6539023380631441,1,1
quarter_volatility2_validated,2735,2022-05-06,2022-05-16,0.033741423035827,2022,2022-03-31,learned_order_offset,20260910,0.6539023380631441,0.6539023380631441,1,1
quarter_trend2_validated,2740,2022-05-13,2022-05-23,0.0164308841843088,2022,2022-03-31,learned_order_offset,20260910,0.6546369622968728,0.6546369622968728,1,1
quarter_volatility2_validated,2740,2022-05-13,2022-05-23,0.0164308841843088,2022,2022-03-31,learned_order_offset,20260910,0.6546369622968728,0.6546369622968728,1,1
quarter_trend2_validated,2745,2022-05-20,2022-05-30,-0.0147293413085614,2022,2022-03-31,learned_order_offset,20260910,0.5880855347067084,0.5880855347067084,1,0
quarter_volatility2_validated,2745,2022-05-20,2022-05-30,-0.0147293413085614,2022,2022-03-31,learned_order_offset,20260910,0.5880855347067084,0.5880855347067084,1,0
quarter_trend2_validated,2750,2022-05-27,2022-06-13,0.0431748431927498,2022,2022-03-31,learned_order_offset,20260910,0.5080704772787945,0.5080704772787945,1,1
quarter_volatility2_validated,2750,2022-05-27,2022-06-13,0.0431748431927498,2022,2022-03-31,learned_order_offset,20260910,0.5080704772787945,0.5080704772787945,1,1
quarter_trend2_validated,2759,2022-06-10,2022-06-20,0.0306046547112142,2022,2022-03-31,learned_order_offset,20260910,0.5321675139264588,0.5321675139264588,1,1
quarter_volatility2_validated,2759,2022-06-10,2022-06-20,0.0306046547112142,2022,2022-03-31,learned_order_offset,20260910,0.5321675139264588,0.5321675139264588,1,1
quarter_trend2_validated,2764,2022-06-17,2022-06-27,0.0211666894141107,2022,2022-03-31,learned_order_offset,20260910,0.485730573138482,0.485730573138482,0,1
quarter_volatility2_validated,2764,2022-06-17,2022-06-27,0.0211666894141107,2022,2022-03-31,learned_order_offset,20260910,0.485730573138482,0.485730573138482,0,1
quarter_trend2_validated,2769,2022-06-24,2022-07-04,0.0074507343130214,2022,2022-03-31,learned_order_offset,20260910,0.48755264163513784,0.48755264163513784,0,1
quarter_volatility2_validated,2769,2022-06-24,2022-07-04,0.0074507343130214,2022,2022-03-31,learned_order_offset,20260910,0.48755264163513784,0.48755264163513784,0,1
quarter_trend2_validated,2774,2022-07-01,2022-07-11,-0.0092349827532707,2022,2022-06-30,learned_order_offset,20260910,0.5672840355549256,0.5672840355549256,1,0
quarter_volatility2_validated,2774,2022-07-01,2022-07-11,-0.0092349827532707,2022,2022-06-30,learned_order_offset,20260910,0.5672840355549256,0.5672840355549256,1,0
quarter_trend2_validated,2779,2022-07-08,2022-07-18,-0.0326815927737367,2022,2022-06-30,learned_order_offset,20260910,0.5409192694310424,0.5409192694310424,1,0
quarter_volatility2_validated,2779,2022-07-08,2022-07-18,-0.0326815927737367,2022,2022-06-30,learned_order_offset,20260910,0.5409192694310424,0.5409192694310424,1,0
quarter_trend2_validated,2784,2022-07-15,2022-07-25,-0.0066210715249344,2022,2022-06-30,learned_order_offset,20260910,0.47961995538049773,0.47961995538049773,0,0
quarter_volatility2_validated,2784,2022-07-15,2022-07-25,-0.0066210715249344,2022,2022-06-30,learned_order_offset,20260910,0.47961995538049773,0.47961995538049773,0,0
quarter_trend2_validated,2789,2022-07-22,2022-08-01,-0.0173077967751003,2022,2022-06-30,learned_order_offset,20260910,0.5660618100474655,0.5660618100474655,1,0
quarter_volatility2_validated,2789,2022-07-22,2022-08-01,-0.0173077967751003,2022,2022-06-30,learned_order_offset,20260910,0.5660618100474655,0.5660618100474655,1,0
quarter_trend2_validated,2794,2022-07-29,2022-08-08,-0.004456034513838,2022,2022-06-30,learned_order_offset,20260910,0.6825374208841533,0.6825374208841533,1,0
quarter_volatility2_validated,2794,2022-07-29,2022-08-08,-0.004456034513838,2022,2022-06-30,learned_order_offset,20260910,0.6825374208841533,0.6825374208841533,1,0
quarter_trend2_validated,2799,2022-08-05,2022-08-15,0.0091475117753996,2022,2022-06-30,learned_order_offset,20260910,0.6262247306552385,0.6262247306552385,1,1
quarter_volatility2_validated,2799,2022-08-05,2022-08-15,0.0091475117753996,2022,2022-06-30,learned_order_offset,20260910,0.6262247306552385,0.6262247306552385,1,1
quarter_trend2_validated,2804,2022-08-12,2022-08-22,-0.0107272727272728,2022,2022-06-30,learned_order_offset,20260910,0.6232298710955773,0.6232298710955773,1,0
quarter_volatility2_validated,2804,2022-08-12,2022-08-22,-0.0107272727272728,2022,2022-06-30,learned_order_offset,20260910,0.6232298710955773,0.6232298710955773,1,0
quarter_trend2_validated,2809,2022-08-19,2022-08-29,-0.0172375434082356,2022,2022-06-30,learned_order_offset,20260910,0.6145969170972031,0.6145969170972031,1,0
quarter_volatility2_validated,2809,2022-08-19,2022-08-29,-0.0172375434082356,2022,2022-06-30,learned_order_offset,20260910,0.6145969170972031,0.6145969170972031,1,0
quarter_trend2_validated,2814,2022-08-26,2022-09-05,-0.0131573766941938,2022,2022-06-30,learned_order_offset,20260910,0.6165117624275381,0.6165117624275381,1,0
quarter_volatility2_validated,2814,2022-08-26,2022-09-05,-0.0131573766941938,2022,2022-06-30,learned_order_offset,20260910,0.6165117624275381,0.6165117624275381,1,0
quarter_trend2_validated,2819,2022-09-02,2022-09-13,0.0253340680878015,2022,2022-06-30,learned_order_offset,20260910,0.5955551925854443,0.5955551925854443,1,1
quarter_volatility2_validated,2819,2022-09-02,2022-09-13,0.0253340680878015,2022,2022-06-30,learned_order_offset,20260910,0.5955551925854443,0.5955551925854443,1,1
quarter_trend2_validated,2824,2022-09-09,2022-09-19,-0.044647264962877,2022,2022-06-30,learned_order_offset,20260910,0.6875149953447156,0.6875149953447156,1,0
quarter_volatility2_validated,2824,2022-09-09,2022-09-19,-0.044647264962877,2022,2022-06-30,learned_order_offset,20260910,0.6875149953447156,0.6875149953447156,1,0
quarter_trend2_validated,2828,2022-09-16,2022-09-26,-0.025155151434928,2022,2022-06-30,learned_order_offset,20260910,0.5682727339716999,0.5682727339716999,1,0
quarter_volatility2_validated,2828,2022-09-16,2022-09-26,-0.025155151434928,2022,2022-06-30,learned_order_offset,20260910,0.5682727339716999,0.5682727339716999,1,0
quarter_trend2_validated,2833,2022-09-23,2022-10-10,-0.0060162941299352,2022,2022-06-30,learned_order_offset,20260910,0.6779775008589831,0.6779775008589831,1,0
quarter_volatility2_validated,2833,2022-09-23,2022-10-10,-0.0060162941299352,2022,2022-06-30,learned_order_offset,20260910,0.6779775008589831,0.6779775008589831,1,0
quarter_trend2_validated,2838,2022-09-30,2022-10-17,0.0041192047412885,2022,2022-06-30,learned_order_offset,20260910,0.5645126654405718,0.5645126654405718,1,1
quarter_volatility2_validated,2838,2022-09-30,2022-10-17,0.0041192047412885,2022,2022-06-30,learned_order_offset,20260910,0.5645126654405718,0.5645126654405718,1,1
quarter_trend2_validated,2843,2022-10-14,2022-10-24,-0.0246766294110258,2022,2022-09-30,learned_order_offset,20260910,0.6075471196498429,0.6075471196498429,1,0
quarter_volatility2_validated,2843,2022-10-14,2022-10-24,-0.0246766294110258,2022,2022-09-30,learned_order_offset,20260910,0.6075471196498429,0.6075471196498429,1,0
quarter_trend2_validated,2848,2022-10-21,2022-10-31,-0.059928861134359,2022,2022-09-30,learned_order_offset,20260910,0.6556958121122778,0.6556958121122778,1,0
quarter_volatility2_validated,2848,2022-10-21,2022-10-31,-0.059928861134359,2022,2022-09-30,learned_order_offset,20260910,0.6556958121122778,0.6556958121122778,1,0
quarter_trend2_validated,2853,2022-10-28,2022-11-07,0.071339502526744,2022,2022-09-30,learned_order_offset,20260910,0.4975115636558439,0.4975115636558439,0,1
quarter_volatility2_validated,2853,2022-10-28,2022-11-07,0.071339502526744,2022,2022-09-30,learned_order_offset,20260910,0.4975115636558439,0.4975115636558439,0,1
quarter_trend2_validated,2858,2022-11-04,2022-11-14,0.0169449090696014,2022,2022-09-30,learned_order_offset,20260910,0.6129918071450171,0.6129918071450171,1,1
quarter_volatility2_validated,2858,2022-11-04,2022-11-14,0.0169449090696014,2022,2022-09-30,learned_order_offset,20260910,0.6129918071450171,0.6129918071450171,1,1
quarter_trend2_validated,2863,2022-11-11,2022-11-21,-0.0127051391515239,2022,2022-09-30,learned_order_offset,20260910,0.5961930236665007,0.5961930236665007,1,0
quarter_volatility2_validated,2863,2022-11-11,2022-11-21,-0.0127051391515239,2022,2022-09-30,learned_order_offset,20260910,0.5961930236665007,0.5961930236665007,1,0
quarter_trend2_validated,2868,2022-11-18,2022-11-28,-0.0179672806084416,2022,2022-09-30,learned_order_offset,20260910,0.6320302130297768,0.6320302130297768,1,0
quarter_volatility2_validated,2868,2022-11-18,2022-11-28,-0.0179672806084416,2022,2022-09-30,learned_order_offset,20260910,0.6320302130297768,0.6320302130297768,1,0
quarter_trend2_validated,2873,2022-11-25,2022-12-05,0.0555768659337096,2022,2022-09-30,learned_order_offset,20260910,0.5287341743413922,0.5287341743413922,1,1
quarter_volatility2_validated,2873,2022-11-25,2022-12-05,0.0555768659337096,2022,2022-09-30,learned_order_offset,20260910,0.5287341743413922,0.5287341743413922,1,1
quarter_trend2_validated,2878,2022-12-02,2022-12-12,0.0175374394775362,2022,2022-09-30,learned_order_offset,20260910,0.4541058300911641,0.4541058300911641,0,1
quarter_volatility2_validated,2878,2022-12-02,2022-12-12,0.0175374394775362,2022,2022-09-30,learned_order_offset,20260910,0.4541058300911641,0.4541058300911641,0,1
quarter_trend2_validated,2883,2022-12-09,2022-12-19,-0.0058850602464181,2022,2022-09-30,learned_order_offset,20260910,0.3859837300056836,0.3859837300056836,0,0
quarter_volatility2_validated,2883,2022-12-09,2022-12-19,-0.0058850602464181,2022,2022-09-30,learned_order_offset,20260910,0.3859837300056836,0.3859837300056836,0,0
quarter_trend2_validated,2888,2022-12-16,2022-12-26,-0.0309150292073658,2022,2022-09-30,learned_order_offset,20260910,0.5685825857796593,0.5685825857796593,1,0
quarter_volatility2_validated,2888,2022-12-16,2022-12-26,-0.0309150292073658,2022,2022-09-30,learned_order_offset,20260910,0.5586516490045839,0.5586516490045839,1,0
quarter_trend2_validated,2893,2022-12-23,2023-01-03,0.0089464492229616,2022,2022-09-30,learned_order_offset,20260910,0.49854238556394687,0.49854238556394687,0,1
quarter_volatility2_validated,2893,2022-12-23,2023-01-03,0.0089464492229616,2022,2022-09-30,learned_order_offset,20260910,0.49854238556394687,0.49854238556394687,0,1
quarter_trend2_validated,2898,2022-12-30,2023-01-09,0.0345913414268119,2022,2022-09-30,learned_order_offset,20260910,0.5125465144568531,0.5125465144568531,1,1
quarter_volatility2_validated,2898,2022-12-30,2023-01-09,0.0345913414268119,2022,2022-09-30,learned_order_offset,20260910,0.5024544198864411,0.5024544198864411,1,1
quarter_trend2_validated,2660,2022-01-07,2022-01-17,-0.0173453887283024,2022,2021-12-31,learned_market,20260911,0.7294539059117436,0.7294539059117436,1,0
quarter_volatility2_validated,2660,2022-01-07,2022-01-17,-0.0173453887283024,2022,2021-12-31,learned_market,20260911,0.7294539059117436,0.7294539059117436,1,0
quarter_trend2_validated,2665,2022-01-14,2022-01-24,0.0053248631776616,2022,2021-12-31,learned_market,20260911,0.8407883156513567,0.8407883156513567,1,1
quarter_volatility2_validated,2665,2022-01-14,2022-01-24,0.0053248631776616,2022,2021-12-31,learned_market,20260911,0.8407883156513567,0.8407883156513567,1,1
quarter_trend2_validated,2670,2022-01-21,2022-02-07,-0.0242661876254222,2022,2021-12-31,learned_market,20260911,0.6706767764059957,0.6706767764059957,1,0
quarter_volatility2_validated,2670,2022-01-21,2022-02-07,-0.0242661876254222,2022,2021-12-31,learned_market,20260911,0.6706767764059957,0.6706767764059957,1,0
quarter_trend2_validated,2675,2022-01-28,2022-02-14,-0.0127539031341488,2022,2021-12-31,learned_market,20260911,0.49396242770649035,0.49396242770649035,0,0
quarter_volatility2_validated,2675,2022-01-28,2022-02-14,-0.0127539031341488,2022,2021-12-31,learned_market,20260911,0.49396242770649035,0.49396242770649035,0,0
quarter_trend2_validated,2680,2022-02-11,2022-02-21,0.0145498774954033,2022,2021-12-31,learned_market,20260911,0.6718433913580089,0.6718433913580089,1,1
quarter_volatility2_validated,2680,2022-02-11,2022-02-21,0.0145498774954033,2022,2021-12-31,learned_market,20260911,0.6718433913580089,0.6718433913580089,1,1
quarter_trend2_validated,2685,2022-02-18,2022-02-28,-0.0177161244498015,2022,2021-12-31,learned_market,20260911,0.5840107527473801,0.5840107527473801,1,0
quarter_volatility2_validated,2685,2022-02-18,2022-02-28,-0.0177161244498015,2022,2021-12-31,learned_market,20260911,0.5840107527473801,0.5840107527473801,1,0
quarter_trend2_validated,2690,2022-02-25,2022-03-07,-0.0221791776043331,2022,2021-12-31,learned_market,20260911,0.59915482742086,0.59915482742086,1,0
quarter_volatility2_validated,2690,2022-02-25,2022-03-07,-0.0221791776043331,2022,2021-12-31,learned_market,20260911,0.59915482742086,0.59915482742086,1,0
quarter_trend2_validated,2695,2022-03-04,2022-03-14,-0.0480378799422749,2022,2021-12-31,learned_market,20260911,0.64751535974218,0.64751535974218,1,0
quarter_volatility2_validated,2695,2022-03-04,2022-03-14,-0.0480378799422749,2022,2021-12-31,learned_market,20260911,0.64751535974218,0.64751535974218,1,0
quarter_trend2_validated,2700,2022-03-11,2022-03-21,0.007530336734814,2022,2021-12-31,learned_market,20260911,0.6601858855959774,0.6601858855959774,1,1
quarter_volatility2_validated,2700,2022-03-11,2022-03-21,0.007530336734814,2022,2021-12-31,learned_market,20260911,0.6601858855959774,0.6601858855959774,1,1
quarter_trend2_validated,2705,2022-03-18,2022-03-28,-0.0353493110038457,2022,2021-12-31,learned_market,20260911,0.5676194322684474,0.5676194322684474,1,0
quarter_volatility2_validated,2705,2022-03-18,2022-03-28,-0.0353493110038457,2022,2021-12-31,learned_market,20260911,0.5676194322684474,0.5676194322684474,1,0
quarter_trend2_validated,2710,2022-03-25,2022-04-06,0.0314834190717003,2022,2021-12-31,learned_market,20260911,0.7331434681165004,0.7331434681165004,1,1
quarter_volatility2_validated,2710,2022-03-25,2022-04-06,0.0314834190717003,2022,2021-12-31,learned_market,20260911,0.7331434681165004,0.7331434681165004,1,1
quarter_trend2_validated,2715,2022-04-01,2022-04-12,-0.0129237372705649,2022,2022-03-31,learned_market,20260911,0.7319064424968235,0.7319064424968235,1,0
quarter_volatility2_validated,2715,2022-04-01,2022-04-12,-0.0129237372705649,2022,2022-03-31,learned_market,20260911,0.7319064424968235,0.7319064424968235,1,0
quarter_trend2_validated,2718,2022-04-08,2022-04-18,-0.0120986062576864,2022,2022-03-31,learned_market,20260911,0.6054453974595707,0.6054453974595707,1,0
quarter_volatility2_validated,2718,2022-04-08,2022-04-18,-0.0120986062576864,2022,2022-03-31,learned_market,20260911,0.6054453974595707,0.6054453974595707,1,0
quarter_trend2_validated,2723,2022-04-15,2022-04-25,-0.0528494340140576,2022,2022-03-31,learned_market,20260911,0.780048801319433,0.780048801319433,1,0
quarter_volatility2_validated,2723,2022-04-15,2022-04-25,-0.0528494340140576,2022,2022-03-31,learned_market,20260911,0.780048801319433,0.780048801319433,1,0
quarter_trend2_validated,2728,2022-04-22,2022-05-05,0.015736821365468,2022,2022-03-31,learned_market,20260911,0.734465746968055,0.734465746968055,1,1
quarter_volatility2_validated,2728,2022-04-22,2022-05-05,0.015736821365468,2022,2022-03-31,learned_market,20260911,0.734465746968055,0.734465746968055,1,1
quarter_trend2_validated,2733,2022-04-29,2022-05-11,-0.0278824133054675,2022,2022-03-31,learned_market,20260911,0.5168257973739826,0.5168257973739826,1,0
quarter_volatility2_validated,2733,2022-04-29,2022-05-11,-0.0278824133054675,2022,2022-03-31,learned_market,20260911,0.5168257973739826,0.5168257973739826,1,0
quarter_trend2_validated,2735,2022-05-06,2022-05-16,0.033741423035827,2022,2022-03-31,learned_market,20260911,0.40189346381722363,0.40189346381722363,0,1
quarter_volatility2_validated,2735,2022-05-06,2022-05-16,0.033741423035827,2022,2022-03-31,learned_market,20260911,0.40189346381722363,0.40189346381722363,0,1
quarter_trend2_validated,2740,2022-05-13,2022-05-23,0.0164308841843088,2022,2022-03-31,learned_market,20260911,0.5083996095353812,0.5083996095353812,1,1
quarter_volatility2_validated,2740,2022-05-13,2022-05-23,0.0164308841843088,2022,2022-03-31,learned_market,20260911,0.5083996095353812,0.5083996095353812,1,1
quarter_trend2_validated,2745,2022-05-20,2022-05-30,-0.0147293413085614,2022,2022-03-31,learned_market,20260911,0.554311952008104,0.554311952008104,1,0
quarter_volatility2_validated,2745,2022-05-20,2022-05-30,-0.0147293413085614,2022,2022-03-31,learned_market,20260911,0.554311952008104,0.554311952008104,1,0
quarter_trend2_validated,2750,2022-05-27,2022-06-13,0.0431748431927498,2022,2022-03-31,learned_market,20260911,0.6026682500069707,0.6026682500069707,1,1
quarter_volatility2_validated,2750,2022-05-27,2022-06-13,0.0431748431927498,2022,2022-03-31,learned_market,20260911,0.6026682500069707,0.6026682500069707,1,1
quarter_trend2_validated,2759,2022-06-10,2022-06-20,0.0306046547112142,2022,2022-03-31,learned_market,20260911,0.32881944420528136,0.32881944420528136,0,1
quarter_volatility2_validated,2759,2022-06-10,2022-06-20,0.0306046547112142,2022,2022-03-31,learned_market,20260911,0.32881944420528136,0.32881944420528136,0,1
quarter_trend2_validated,2764,2022-06-17,2022-06-27,0.0211666894141107,2022,2022-03-31,learned_market,20260911,0.35966324404140343,0.35966324404140343,0,1
quarter_volatility2_validated,2764,2022-06-17,2022-06-27,0.0211666894141107,2022,2022-03-31,learned_market,20260911,0.35966324404140343,0.35966324404140343,0,1
quarter_trend2_validated,2769,2022-06-24,2022-07-04,0.0074507343130214,2022,2022-03-31,learned_market,20260911,0.46809827445499036,0.46809827445499036,0,1
quarter_volatility2_validated,2769,2022-06-24,2022-07-04,0.0074507343130214,2022,2022-03-31,learned_market,20260911,0.46809827445499036,0.46809827445499036,0,1
quarter_trend2_validated,2774,2022-07-01,2022-07-11,-0.0092349827532707,2022,2022-06-30,learned_market,20260911,0.5193349295186931,0.5193349295186931,1,0
quarter_volatility2_validated,2774,2022-07-01,2022-07-11,-0.0092349827532707,2022,2022-06-30,learned_market,20260911,0.4849684428997355,0.4849684428997355,0,0
quarter_trend2_validated,2779,2022-07-08,2022-07-18,-0.0326815927737367,2022,2022-06-30,learned_market,20260911,0.5210563697553774,0.5210563697553774,1,0
quarter_volatility2_validated,2779,2022-07-08,2022-07-18,-0.0326815927737367,2022,2022-06-30,learned_market,20260911,0.48669131131814763,0.48669131131814763,0,0
quarter_trend2_validated,2784,2022-07-15,2022-07-25,-0.0066210715249344,2022,2022-06-30,learned_market,20260911,0.276078528858952,0.276078528858952,0,0
quarter_volatility2_validated,2784,2022-07-15,2022-07-25,-0.0066210715249344,2022,2022-06-30,learned_market,20260911,0.24945515820836642,0.24945515820836642,0,0
quarter_trend2_validated,2789,2022-07-22,2022-08-01,-0.0173077967751003,2022,2022-06-30,learned_market,20260911,0.3174121093765397,0.3174121093765397,0,0
quarter_volatility2_validated,2789,2022-07-22,2022-08-01,-0.0173077967751003,2022,2022-06-30,learned_market,20260911,0.3174121093765397,0.3174121093765397,0,0
quarter_trend2_validated,2794,2022-07-29,2022-08-08,-0.004456034513838,2022,2022-06-30,learned_market,20260911,0.5558739451685917,0.5558739451685917,1,0
quarter_volatility2_validated,2794,2022-07-29,2022-08-08,-0.004456034513838,2022,2022-06-30,learned_market,20260911,0.5558739451685917,0.5558739451685917,1,0
quarter_trend2_validated,2799,2022-08-05,2022-08-15,0.0091475117753996,2022,2022-06-30,learned_market,20260911,0.7108208060891671,0.7108208060891671,1,1
quarter_volatility2_validated,2799,2022-08-05,2022-08-15,0.0091475117753996,2022,2022-06-30,learned_market,20260911,0.7108208060891671,0.7108208060891671,1,1
quarter_trend2_validated,2804,2022-08-12,2022-08-22,-0.0107272727272728,2022,2022-06-30,learned_market,20260911,0.7273713339025305,0.7273713339025305,1,0
quarter_volatility2_validated,2804,2022-08-12,2022-08-22,-0.0107272727272728,2022,2022-06-30,learned_market,20260911,0.7273713339025305,0.7273713339025305,1,0
quarter_trend2_validated,2809,2022-08-19,2022-08-29,-0.0172375434082356,2022,2022-06-30,learned_market,20260911,0.6886147057688298,0.6886147057688298,1,0
quarter_volatility2_validated,2809,2022-08-19,2022-08-29,-0.0172375434082356,2022,2022-06-30,learned_market,20260911,0.6886147057688298,0.6886147057688298,1,0
quarter_trend2_validated,2814,2022-08-26,2022-09-05,-0.0131573766941938,2022,2022-06-30,learned_market,20260911,0.7346873214158656,0.7346873214158656,1,0
quarter_volatility2_validated,2814,2022-08-26,2022-09-05,-0.0131573766941938,2022,2022-06-30,learned_market,20260911,0.7070321558869964,0.7070321558869964,1,0
quarter_trend2_validated,2819,2022-09-02,2022-09-13,0.0253340680878015,2022,2022-06-30,learned_market,20260911,0.6710140552387813,0.6710140552387813,1,1
quarter_volatility2_validated,2819,2022-09-02,2022-09-13,0.0253340680878015,2022,2022-06-30,learned_market,20260911,0.6710140552387813,0.6710140552387813,1,1
quarter_trend2_validated,2824,2022-09-09,2022-09-19,-0.044647264962877,2022,2022-06-30,learned_market,20260911,0.6038239271387368,0.6038239271387368,1,0
quarter_volatility2_validated,2824,2022-09-09,2022-09-19,-0.044647264962877,2022,2022-06-30,learned_market,20260911,0.6038239271387368,0.6038239271387368,1,0
quarter_trend2_validated,2828,2022-09-16,2022-09-26,-0.025155151434928,2022,2022-06-30,learned_market,20260911,0.6255457939860786,0.6255457939860786,1,0
quarter_volatility2_validated,2828,2022-09-16,2022-09-26,-0.025155151434928,2022,2022-06-30,learned_market,20260911,0.6255457939860786,0.6255457939860786,1,0
quarter_trend2_validated,2833,2022-09-23,2022-10-10,-0.0060162941299352,2022,2022-06-30,learned_market,20260911,0.7610381426054592,0.7610381426054592,1,0
quarter_volatility2_validated,2833,2022-09-23,2022-10-10,-0.0060162941299352,2022,2022-06-30,learned_market,20260911,0.7610381426054592,0.7610381426054592,1,0
quarter_trend2_validated,2838,2022-09-30,2022-10-17,0.0041192047412885,2022,2022-06-30,learned_market,20260911,0.6286054158457117,0.6286054158457117,1,1
quarter_volatility2_validated,2838,2022-09-30,2022-10-17,0.0041192047412885,2022,2022-06-30,learned_market,20260911,0.6286054158457117,0.6286054158457117,1,1
quarter_trend2_validated,2843,2022-10-14,2022-10-24,-0.0246766294110258,2022,2022-09-30,learned_market,20260911,0.6024904340723066,0.6024904340723066,1,0
quarter_volatility2_validated,2843,2022-10-14,2022-10-24,-0.0246766294110258,2022,2022-09-30,learned_market,20260911,0.6024904340723066,0.6024904340723066,1,0
quarter_trend2_validated,2848,2022-10-21,2022-10-31,-0.059928861134359,2022,2022-09-30,learned_market,20260911,0.7274642486524198,0.7274642486524198,1,0
quarter_volatility2_validated,2848,2022-10-21,2022-10-31,-0.059928861134359,2022,2022-09-30,learned_market,20260911,0.7274642486524198,0.7274642486524198,1,0
quarter_trend2_validated,2853,2022-10-28,2022-11-07,0.071339502526744,2022,2022-09-30,learned_market,20260911,0.6162056186940947,0.6162056186940947,1,1
quarter_volatility2_validated,2853,2022-10-28,2022-11-07,0.071339502526744,2022,2022-09-30,learned_market,20260911,0.6162056186940947,0.6162056186940947,1,1
quarter_trend2_validated,2858,2022-11-04,2022-11-14,0.0169449090696014,2022,2022-09-30,learned_market,20260911,0.2741800907264702,0.2741800907264702,0,1
quarter_volatility2_validated,2858,2022-11-04,2022-11-14,0.0169449090696014,2022,2022-09-30,learned_market,20260911,0.2741800907264702,0.2741800907264702,0,1
quarter_trend2_validated,2863,2022-11-11,2022-11-21,-0.0127051391515239,2022,2022-09-30,learned_market,20260911,0.4034782500066313,0.4034782500066313,0,0
quarter_volatility2_validated,2863,2022-11-11,2022-11-21,-0.0127051391515239,2022,2022-09-30,learned_market,20260911,0.4034782500066313,0.4034782500066313,0,0
quarter_trend2_validated,2868,2022-11-18,2022-11-28,-0.0179672806084416,2022,2022-09-30,learned_market,20260911,0.28542469178379576,0.28542469178379576,0,0
quarter_volatility2_validated,2868,2022-11-18,2022-11-28,-0.0179672806084416,2022,2022-09-30,learned_market,20260911,0.28542469178379576,0.28542469178379576,0,0
quarter_trend2_validated,2873,2022-11-25,2022-12-05,0.0555768659337096,2022,2022-09-30,learned_market,20260911,0.47138114372847095,0.47138114372847095,0,1
quarter_volatility2_validated,2873,2022-11-25,2022-12-05,0.0555768659337096,2022,2022-09-30,learned_market,20260911,0.47138114372847095,0.47138114372847095,0,1
quarter_trend2_validated,2878,2022-12-02,2022-12-12,0.0175374394775362,2022,2022-09-30,learned_market,20260911,0.619105964448534,0.619105964448534,1,1
quarter_volatility2_validated,2878,2022-12-02,2022-12-12,0.0175374394775362,2022,2022-09-30,learned_market,20260911,0.619105964448534,0.619105964448534,1,1
quarter_trend2_validated,2883,2022-12-09,2022-12-19,-0.0058850602464181,2022,2022-09-30,learned_market,20260911,0.5282980986624768,0.5282980986624768,1,0
quarter_volatility2_validated,2883,2022-12-09,2022-12-19,-0.0058850602464181,2022,2022-09-30,learned_market,20260911,0.5282980986624768,0.5282980986624768,1,0
quarter_trend2_validated,2888,2022-12-16,2022-12-26,-0.0309150292073658,2022,2022-09-30,learned_market,20260911,0.4301926554455083,0.4301926554455083,0,0
quarter_volatility2_validated,2888,2022-12-16,2022-12-26,-0.0309150292073658,2022,2022-09-30,learned_market,20260911,0.41664437488452655,0.41664437488452655,0,0
quarter_trend2_validated,2893,2022-12-23,2023-01-03,0.0089464492229616,2022,2022-09-30,learned_market,20260911,0.6046975557386036,0.6046975557386036,1,1
quarter_volatility2_validated,2893,2022-12-23,2023-01-03,0.0089464492229616,2022,2022-09-30,learned_market,20260911,0.6046975557386036,0.6046975557386036,1,1
quarter_trend2_validated,2898,2022-12-30,2023-01-09,0.0345913414268119,2022,2022-09-30,learned_market,20260911,0.27191430131099414,0.27191430131099414,0,1
quarter_volatility2_validated,2898,2022-12-30,2023-01-09,0.0345913414268119,2022,2022-09-30,learned_market,20260911,0.2610669186779478,0.2610669186779478,0,1
quarter_trend2_validated,2660,2022-01-07,2022-01-17,-0.0173453887283024,2022,2021-12-31,learned_vol_interaction,20260911,0.7282516722944598,0.7282516722944598,1,0
quarter_volatility2_validated,2660,2022-01-07,2022-01-17,-0.0173453887283024,2022,2021-12-31,learned_vol_interaction,20260911,0.7282516722944598,0.7282516722944598,1,0
quarter_trend2_validated,2665,2022-01-14,2022-01-24,0.0053248631776616,2022,2021-12-31,learned_vol_interaction,20260911,0.8368717958263094,0.8368717958263094,1,1
quarter_volatility2_validated,2665,2022-01-14,2022-01-24,0.0053248631776616,2022,2021-12-31,learned_vol_interaction,20260911,0.8368717958263094,0.8368717958263094,1,1
quarter_trend2_validated,2670,2022-01-21,2022-02-07,-0.0242661876254222,2022,2021-12-31,learned_vol_interaction,20260911,0.669613908132946,0.669613908132946,1,0
quarter_volatility2_validated,2670,2022-01-21,2022-02-07,-0.0242661876254222,2022,2021-12-31,learned_vol_interaction,20260911,0.669613908132946,0.669613908132946,1,0
quarter_trend2_validated,2675,2022-01-28,2022-02-14,-0.0127539031341488,2022,2021-12-31,learned_vol_interaction,20260911,0.49771804856397844,0.49771804856397844,0,0
quarter_volatility2_validated,2675,2022-01-28,2022-02-14,-0.0127539031341488,2022,2021-12-31,learned_vol_interaction,20260911,0.49771804856397844,0.49771804856397844,0,0
quarter_trend2_validated,2680,2022-02-11,2022-02-21,0.0145498774954033,2022,2021-12-31,learned_vol_interaction,20260911,0.6694625883349451,0.6694625883349451,1,1
quarter_volatility2_validated,2680,2022-02-11,2022-02-21,0.0145498774954033,2022,2021-12-31,learned_vol_interaction,20260911,0.6694625883349451,0.6694625883349451,1,1
quarter_trend2_validated,2685,2022-02-18,2022-02-28,-0.0177161244498015,2022,2021-12-31,learned_vol_interaction,20260911,0.5867879452577756,0.5867879452577756,1,0
quarter_volatility2_validated,2685,2022-02-18,2022-02-28,-0.0177161244498015,2022,2021-12-31,learned_vol_interaction,20260911,0.5867879452577756,0.5867879452577756,1,0
quarter_trend2_validated,2690,2022-02-25,2022-03-07,-0.0221791776043331,2022,2021-12-31,learned_vol_interaction,20260911,0.6015705830845076,0.6015705830845076,1,0
quarter_volatility2_validated,2690,2022-02-25,2022-03-07,-0.0221791776043331,2022,2021-12-31,learned_vol_interaction,20260911,0.6015705830845076,0.6015705830845076,1,0
quarter_trend2_validated,2695,2022-03-04,2022-03-14,-0.0480378799422749,2022,2021-12-31,learned_vol_interaction,20260911,0.6516108393132726,0.6516108393132726,1,0
quarter_volatility2_validated,2695,2022-03-04,2022-03-14,-0.0480378799422749,2022,2021-12-31,learned_vol_interaction,20260911,0.6516108393132726,0.6516108393132726,1,0
quarter_trend2_validated,2700,2022-03-11,2022-03-21,0.007530336734814,2022,2021-12-31,learned_vol_interaction,20260911,0.6653311044961694,0.6653311044961694,1,1
quarter_volatility2_validated,2700,2022-03-11,2022-03-21,0.007530336734814,2022,2021-12-31,learned_vol_interaction,20260911,0.6653311044961694,0.6653311044961694,1,1
quarter_trend2_validated,2705,2022-03-18,2022-03-28,-0.0353493110038457,2022,2021-12-31,learned_vol_interaction,20260911,0.567250973729041,0.567250973729041,1,0
quarter_volatility2_validated,2705,2022-03-18,2022-03-28,-0.0353493110038457,2022,2021-12-31,learned_vol_interaction,20260911,0.567250973729041,0.567250973729041,1,0
quarter_trend2_validated,2710,2022-03-25,2022-04-06,0.0314834190717003,2022,2021-12-31,learned_vol_interaction,20260911,0.7397988804119464,0.7397988804119464,1,1
quarter_volatility2_validated,2710,2022-03-25,2022-04-06,0.0314834190717003,2022,2021-12-31,learned_vol_interaction,20260911,0.7397988804119464,0.7397988804119464,1,1
quarter_trend2_validated,2715,2022-04-01,2022-04-12,-0.0129237372705649,2022,2022-03-31,learned_vol_interaction,20260911,0.7431810041436555,0.7431810041436555,1,0
quarter_volatility2_validated,2715,2022-04-01,2022-04-12,-0.0129237372705649,2022,2022-03-31,learned_vol_interaction,20260911,0.7431810041436555,0.7431810041436555,1,0
quarter_trend2_validated,2718,2022-04-08,2022-04-18,-0.0120986062576864,2022,2022-03-31,learned_vol_interaction,20260911,0.601115184023622,0.601115184023622,1,0
quarter_volatility2_validated,2718,2022-04-08,2022-04-18,-0.0120986062576864,2022,2022-03-31,learned_vol_interaction,20260911,0.601115184023622,0.601115184023622,1,0
quarter_trend2_validated,2723,2022-04-15,2022-04-25,-0.0528494340140576,2022,2022-03-31,learned_vol_interaction,20260911,0.7843896219441964,0.7843896219441964,1,0
quarter_volatility2_validated,2723,2022-04-15,2022-04-25,-0.0528494340140576,2022,2022-03-31,learned_vol_interaction,20260911,0.7843896219441964,0.7843896219441964,1,0
quarter_trend2_validated,2728,2022-04-22,2022-05-05,0.015736821365468,2022,2022-03-31,learned_vol_interaction,20260911,0.7408337892127695,0.7408337892127695,1,1
quarter_volatility2_validated,2728,2022-04-22,2022-05-05,0.015736821365468,2022,2022-03-31,learned_vol_interaction,20260911,0.7408337892127695,0.7408337892127695,1,1
quarter_trend2_validated,2733,2022-04-29,2022-05-11,-0.0278824133054675,2022,2022-03-31,learned_vol_interaction,20260911,0.5124458489532762,0.5124458489532762,1,0
quarter_volatility2_validated,2733,2022-04-29,2022-05-11,-0.0278824133054675,2022,2022-03-31,learned_vol_interaction,20260911,0.5124458489532762,0.5124458489532762,1,0
quarter_trend2_validated,2735,2022-05-06,2022-05-16,0.033741423035827,2022,2022-03-31,learned_vol_interaction,20260911,0.38434598170774237,0.38434598170774237,0,1
quarter_volatility2_validated,2735,2022-05-06,2022-05-16,0.033741423035827,2022,2022-03-31,learned_vol_interaction,20260911,0.38434598170774237,0.38434598170774237,0,1
quarter_trend2_validated,2740,2022-05-13,2022-05-23,0.0164308841843088,2022,2022-03-31,learned_vol_interaction,20260911,0.4962015474558973,0.4962015474558973,0,1
quarter_volatility2_validated,2740,2022-05-13,2022-05-23,0.0164308841843088,2022,2022-03-31,learned_vol_interaction,20260911,0.4962015474558973,0.4962015474558973,0,1
quarter_trend2_validated,2745,2022-05-20,2022-05-30,-0.0147293413085614,2022,2022-03-31,learned_vol_interaction,20260911,0.5536729513391327,0.5536729513391327,1,0
quarter_volatility2_validated,2745,2022-05-20,2022-05-30,-0.0147293413085614,2022,2022-03-31,learned_vol_interaction,20260911,0.5536729513391327,0.5536729513391327,1,0
quarter_trend2_validated,2750,2022-05-27,2022-06-13,0.0431748431927498,2022,2022-03-31,learned_vol_interaction,20260911,0.6054554975797125,0.6054554975797125,1,1
quarter_volatility2_validated,2750,2022-05-27,2022-06-13,0.0431748431927498,2022,2022-03-31,learned_vol_interaction,20260911,0.6054554975797125,0.6054554975797125,1,1
quarter_trend2_validated,2759,2022-06-10,2022-06-20,0.0306046547112142,2022,2022-03-31,learned_vol_interaction,20260911,0.33012579252956525,0.33012579252956525,0,1
quarter_volatility2_validated,2759,2022-06-10,2022-06-20,0.0306046547112142,2022,2022-03-31,learned_vol_interaction,20260911,0.33012579252956525,0.33012579252956525,0,1
quarter_trend2_validated,2764,2022-06-17,2022-06-27,0.0211666894141107,2022,2022-03-31,learned_vol_interaction,20260911,0.36375167025478616,0.36375167025478616,0,1
quarter_volatility2_validated,2764,2022-06-17,2022-06-27,0.0211666894141107,2022,2022-03-31,learned_vol_interaction,20260911,0.36375167025478616,0.36375167025478616,0,1
quarter_trend2_validated,2769,2022-06-24,2022-07-04,0.0074507343130214,2022,2022-03-31,learned_vol_interaction,20260911,0.47411451496984686,0.47411451496984686,0,1
quarter_volatility2_validated,2769,2022-06-24,2022-07-04,0.0074507343130214,2022,2022-03-31,learned_vol_interaction,20260911,0.47411451496984686,0.47411451496984686,0,1
quarter_trend2_validated,2774,2022-07-01,2022-07-11,-0.0092349827532707,2022,2022-06-30,learned_vol_interaction,20260911,0.5243593636282992,0.5243593636282992,1,0
quarter_volatility2_validated,2774,2022-07-01,2022-07-11,-0.0092349827532707,2022,2022-06-30,learned_vol_interaction,20260911,0.5243593636282992,0.5243593636282992,1,0
quarter_trend2_validated,2779,2022-07-08,2022-07-18,-0.0326815927737367,2022,2022-06-30,learned_vol_interaction,20260911,0.5287137474480963,0.5287137474480963,1,0
quarter_volatility2_validated,2779,2022-07-08,2022-07-18,-0.0326815927737367,2022,2022-06-30,learned_vol_interaction,20260911,0.5287137474480963,0.5287137474480963,1,0
quarter_trend2_validated,2784,2022-07-15,2022-07-25,-0.0066210715249344,2022,2022-06-30,learned_vol_interaction,20260911,0.28286663565549924,0.28286663565549924,0,0
quarter_volatility2_validated,2784,2022-07-15,2022-07-25,-0.0066210715249344,2022,2022-06-30,learned_vol_interaction,20260911,0.28286663565549924,0.28286663565549924,0,0
quarter_trend2_validated,2789,2022-07-22,2022-08-01,-0.0173077967751003,2022,2022-06-30,learned_vol_interaction,20260911,0.32529843901510974,0.32529843901510974,0,0
quarter_volatility2_validated,2789,2022-07-22,2022-08-01,-0.0173077967751003,2022,2022-06-30,learned_vol_interaction,20260911,0.32529843901510974,0.32529843901510974,0,0
quarter_trend2_validated,2794,2022-07-29,2022-08-08,-0.004456034513838,2022,2022-06-30,learned_vol_interaction,20260911,0.5568653358658677,0.5568653358658677,1,0
quarter_volatility2_validated,2794,2022-07-29,2022-08-08,-0.004456034513838,2022,2022-06-30,learned_vol_interaction,20260911,0.5568653358658677,0.5568653358658677,1,0
quarter_trend2_validated,2799,2022-08-05,2022-08-15,0.0091475117753996,2022,2022-06-30,learned_vol_interaction,20260911,0.7117205557364277,0.7117205557364277,1,1
quarter_volatility2_validated,2799,2022-08-05,2022-08-15,0.0091475117753996,2022,2022-06-30,learned_vol_interaction,20260911,0.7117205557364277,0.7117205557364277,1,1
quarter_trend2_validated,2804,2022-08-12,2022-08-22,-0.0107272727272728,2022,2022-06-30,learned_vol_interaction,20260911,0.728089070877284,0.728089070877284,1,0
quarter_volatility2_validated,2804,2022-08-12,2022-08-22,-0.0107272727272728,2022,2022-06-30,learned_vol_interaction,20260911,0.728089070877284,0.728089070877284,1,0
quarter_trend2_validated,2809,2022-08-19,2022-08-29,-0.0172375434082356,2022,2022-06-30,learned_vol_interaction,20260911,0.6906588614286806,0.6906588614286806,1,0
quarter_volatility2_validated,2809,2022-08-19,2022-08-29,-0.0172375434082356,2022,2022-06-30,learned_vol_interaction,20260911,0.6906588614286806,0.6906588614286806,1,0
quarter_trend2_validated,2814,2022-08-26,2022-09-05,-0.0131573766941938,2022,2022-06-30,learned_vol_interaction,20260911,0.7374791554763223,0.7374791554763223,1,0
quarter_volatility2_validated,2814,2022-08-26,2022-09-05,-0.0131573766941938,2022,2022-06-30,learned_vol_interaction,20260911,0.7374791554763223,0.7374791554763223,1,0
quarter_trend2_validated,2819,2022-09-02,2022-09-13,0.0253340680878015,2022,2022-06-30,learned_vol_interaction,20260911,0.6762833071893946,0.6762833071893946,1,1
quarter_volatility2_validated,2819,2022-09-02,2022-09-13,0.0253340680878015,2022,2022-06-30,learned_vol_interaction,20260911,0.6762833071893946,0.6762833071893946,1,1
quarter_trend2_validated,2824,2022-09-09,2022-09-19,-0.044647264962877,2022,2022-06-30,learned_vol_interaction,20260911,0.6072920416996368,0.6072920416996368,1,0
quarter_volatility2_validated,2824,2022-09-09,2022-09-19,-0.044647264962877,2022,2022-06-30,learned_vol_interaction,20260911,0.6072920416996368,0.6072920416996368,1,0
quarter_trend2_validated,2828,2022-09-16,2022-09-26,-0.025155151434928,2022,2022-06-30,learned_vol_interaction,20260911,0.6281865846659338,0.6281865846659338,1,0
quarter_volatility2_validated,2828,2022-09-16,2022-09-26,-0.025155151434928,2022,2022-06-30,learned_vol_interaction,20260911,0.6281865846659338,0.6281865846659338,1,0
quarter_trend2_validated,2833,2022-09-23,2022-10-10,-0.0060162941299352,2022,2022-06-30,learned_vol_interaction,20260911,0.7572974806973762,0.7572974806973762,1,0
quarter_volatility2_validated,2833,2022-09-23,2022-10-10,-0.0060162941299352,2022,2022-06-30,learned_vol_interaction,20260911,0.7572974806973762,0.7572974806973762,1,0
quarter_trend2_validated,2838,2022-09-30,2022-10-17,0.0041192047412885,2022,2022-06-30,learned_vol_interaction,20260911,0.6301564951939066,0.6301564951939066,1,1
quarter_volatility2_validated,2838,2022-09-30,2022-10-17,0.0041192047412885,2022,2022-06-30,learned_vol_interaction,20260911,0.6301564951939066,0.6301564951939066,1,1
quarter_trend2_validated,2843,2022-10-14,2022-10-24,-0.0246766294110258,2022,2022-09-30,learned_vol_interaction,20260911,0.6036044775658358,0.6036044775658358,1,0
quarter_volatility2_validated,2843,2022-10-14,2022-10-24,-0.0246766294110258,2022,2022-09-30,learned_vol_interaction,20260911,0.6036044775658358,0.6036044775658358,1,0
quarter_trend2_validated,2848,2022-10-21,2022-10-31,-0.059928861134359,2022,2022-09-30,learned_vol_interaction,20260911,0.726257224907292,0.726257224907292,1,0
quarter_volatility2_validated,2848,2022-10-21,2022-10-31,-0.059928861134359,2022,2022-09-30,learned_vol_interaction,20260911,0.726257224907292,0.726257224907292,1,0
quarter_trend2_validated,2853,2022-10-28,2022-11-07,0.071339502526744,2022,2022-09-30,learned_vol_interaction,20260911,0.6194197152198353,0.6194197152198353,1,1
quarter_volatility2_validated,2853,2022-10-28,2022-11-07,0.071339502526744,2022,2022-09-30,learned_vol_interaction,20260911,0.6194197152198353,0.6194197152198353,1,1
quarter_trend2_validated,2858,2022-11-04,2022-11-14,0.0169449090696014,2022,2022-09-30,learned_vol_interaction,20260911,0.2623086047561504,0.2623086047561504,0,1
quarter_volatility2_validated,2858,2022-11-04,2022-11-14,0.0169449090696014,2022,2022-09-30,learned_vol_interaction,20260911,0.2623086047561504,0.2623086047561504,0,1
quarter_trend2_validated,2863,2022-11-11,2022-11-21,-0.0127051391515239,2022,2022-09-30,learned_vol_interaction,20260911,0.3957947302193098,0.3957947302193098,0,0
quarter_volatility2_validated,2863,2022-11-11,2022-11-21,-0.0127051391515239,2022,2022-09-30,learned_vol_interaction,20260911,0.3957947302193098,0.3957947302193098,0,0
quarter_trend2_validated,2868,2022-11-18,2022-11-28,-0.0179672806084416,2022,2022-09-30,learned_vol_interaction,20260911,0.27002199366661744,0.27002199366661744,0,0
quarter_volatility2_validated,2868,2022-11-18,2022-11-28,-0.0179672806084416,2022,2022-09-30,learned_vol_interaction,20260911,0.27002199366661744,0.27002199366661744,0,0
quarter_trend2_validated,2873,2022-11-25,2022-12-05,0.0555768659337096,2022,2022-09-30,learned_vol_interaction,20260911,0.4675758528871144,0.4675758528871144,0,1
quarter_volatility2_validated,2873,2022-11-25,2022-12-05,0.0555768659337096,2022,2022-09-30,learned_vol_interaction,20260911,0.4675758528871144,0.4675758528871144,0,1
quarter_trend2_validated,2878,2022-12-02,2022-12-12,0.0175374394775362,2022,2022-09-30,learned_vol_interaction,20260911,0.6179388855194429,0.6179388855194429,1,1
quarter_volatility2_validated,2878,2022-12-02,2022-12-12,0.0175374394775362,2022,2022-09-30,learned_vol_interaction,20260911,0.6179388855194429,0.6179388855194429,1,1
quarter_trend2_validated,2883,2022-12-09,2022-12-19,-0.0058850602464181,2022,2022-09-30,learned_vol_interaction,20260911,0.5307559736215643,0.5307559736215643,1,0
quarter_volatility2_validated,2883,2022-12-09,2022-12-19,-0.0058850602464181,2022,2022-09-30,learned_vol_interaction,20260911,0.5307559736215643,0.5307559736215643,1,0
quarter_trend2_validated,2888,2022-12-16,2022-12-26,-0.0309150292073658,2022,2022-09-30,learned_vol_interaction,20260911,0.43228304618267005,0.43228304618267005,0,0
quarter_volatility2_validated,2888,2022-12-16,2022-12-26,-0.0309150292073658,2022,2022-09-30,learned_vol_interaction,20260911,0.41998812010213965,0.41998812010213965,0,0
quarter_trend2_validated,2893,2022-12-23,2023-01-03,0.0089464492229616,2022,2022-09-30,learned_vol_interaction,20260911,0.6024109731884131,0.6024109731884131,1,1
quarter_volatility2_validated,2893,2022-12-23,2023-01-03,0.0089464492229616,2022,2022-09-30,learned_vol_interaction,20260911,0.6024109731884131,0.6024109731884131,1,1
quarter_trend2_validated,2898,2022-12-30,2023-01-09,0.0345913414268119,2022,2022-09-30,learned_vol_interaction,20260911,0.2794582382841528,0.2794582382841528,0,1
quarter_volatility2_validated,2898,2022-12-30,2023-01-09,0.0345913414268119,2022,2022-09-30,learned_vol_interaction,20260911,0.26944696080705705,0.26944696080705705,0,1
quarter_trend2_validated,2660,2022-01-07,2022-01-17,-0.0173453887283024,2022,2021-12-31,learned_order_extension,20260911,0.7315565762281606,0.7315565762281606,1,0
quarter_volatility2_validated,2660,2022-01-07,2022-01-17,-0.0173453887283024,2022,2021-12-31,learned_order_extension,20260911,0.7315565762281606,0.7315565762281606,1,0
quarter_trend2_validated,2665,2022-01-14,2022-01-24,0.0053248631776616,2022,2021-12-31,learned_order_extension,20260911,0.8308708352808971,0.8308708352808971,1,1
quarter_volatility2_validated,2665,2022-01-14,2022-01-24,0.0053248631776616,2022,2021-12-31,learned_order_extension,20260911,0.8308708352808971,0.8308708352808971,1,1
quarter_trend2_validated,2670,2022-01-21,2022-02-07,-0.0242661876254222,2022,2021-12-31,learned_order_extension,20260911,0.6953405747399578,0.6953405747399578,1,0
quarter_volatility2_validated,2670,2022-01-21,2022-02-07,-0.0242661876254222,2022,2021-12-31,learned_order_extension,20260911,0.6953405747399578,0.6953405747399578,1,0
quarter_trend2_validated,2675,2022-01-28,2022-02-14,-0.0127539031341488,2022,2021-12-31,learned_order_extension,20260911,0.47011278529334005,0.47011278529334005,0,0
quarter_volatility2_validated,2675,2022-01-28,2022-02-14,-0.0127539031341488,2022,2021-12-31,learned_order_extension,20260911,0.47011278529334005,0.47011278529334005,0,0
quarter_trend2_validated,2680,2022-02-11,2022-02-21,0.0145498774954033,2022,2021-12-31,learned_order_extension,20260911,0.6818533435255958,0.6818533435255958,1,1
quarter_volatility2_validated,2680,2022-02-11,2022-02-21,0.0145498774954033,2022,2021-12-31,learned_order_extension,20260911,0.6818533435255958,0.6818533435255958,1,1
quarter_trend2_validated,2685,2022-02-18,2022-02-28,-0.0177161244498015,2022,2021-12-31,learned_order_extension,20260911,0.5955146443753425,0.5955146443753425,1,0
quarter_volatility2_validated,2685,2022-02-18,2022-02-28,-0.0177161244498015,2022,2021-12-31,learned_order_extension,20260911,0.5955146443753425,0.5955146443753425,1,0
quarter_trend2_validated,2690,2022-02-25,2022-03-07,-0.0221791776043331,2022,2021-12-31,learned_order_extension,20260911,0.609831009331646,0.609831009331646,1,0
quarter_volatility2_validated,2690,2022-02-25,2022-03-07,-0.0221791776043331,2022,2021-12-31,learned_order_extension,20260911,0.609831009331646,0.609831009331646,1,0
quarter_trend2_validated,2695,2022-03-04,2022-03-14,-0.0480378799422749,2022,2021-12-31,learned_order_extension,20260911,0.6608881864634962,0.6608881864634962,1,0
quarter_volatility2_validated,2695,2022-03-04,2022-03-14,-0.0480378799422749,2022,2021-12-31,learned_order_extension,20260911,0.6608881864634962,0.6608881864634962,1,0
quarter_trend2_validated,2700,2022-03-11,2022-03-21,0.007530336734814,2022,2021-12-31,learned_order_extension,20260911,0.667203580437131,0.667203580437131,1,1
quarter_volatility2_validated,2700,2022-03-11,2022-03-21,0.007530336734814,2022,2021-12-31,learned_order_extension,20260911,0.667203580437131,0.667203580437131,1,1
quarter_trend2_validated,2705,2022-03-18,2022-03-28,-0.0353493110038457,2022,2021-12-31,learned_order_extension,20260911,0.5665388063290007,0.5665388063290007,1,0
quarter_volatility2_validated,2705,2022-03-18,2022-03-28,-0.0353493110038457,2022,2021-12-31,learned_order_extension,20260911,0.5665388063290007,0.5665388063290007,1,0
quarter_trend2_validated,2710,2022-03-25,2022-04-06,0.0314834190717003,2022,2021-12-31,learned_order_extension,20260911,0.7315317518580224,0.7315317518580224,1,1
quarter_volatility2_validated,2710,2022-03-25,2022-04-06,0.0314834190717003,2022,2021-12-31,learned_order_extension,20260911,0.7315317518580224,0.7315317518580224,1,1
quarter_trend2_validated,2715,2022-04-01,2022-04-12,-0.0129237372705649,2022,2022-03-31,learned_order_extension,20260911,0.7324552613785594,0.7324552613785594,1,0
quarter_volatility2_validated,2715,2022-04-01,2022-04-12,-0.0129237372705649,2022,2022-03-31,learned_order_extension,20260911,0.7324552613785594,0.7324552613785594,1,0
quarter_trend2_validated,2718,2022-04-08,2022-04-18,-0.0120986062576864,2022,2022-03-31,learned_order_extension,20260911,0.5757660544472725,0.5757660544472725,1,0
quarter_volatility2_validated,2718,2022-04-08,2022-04-18,-0.0120986062576864,2022,2022-03-31,learned_order_extension,20260911,0.5757660544472725,0.5757660544472725,1,0
quarter_trend2_validated,2723,2022-04-15,2022-04-25,-0.0528494340140576,2022,2022-03-31,learned_order_extension,20260911,0.7914821695285316,0.7914821695285316,1,0
quarter_volatility2_validated,2723,2022-04-15,2022-04-25,-0.0528494340140576,2022,2022-03-31,learned_order_extension,20260911,0.7914821695285316,0.7914821695285316,1,0
quarter_trend2_validated,2728,2022-04-22,2022-05-05,0.015736821365468,2022,2022-03-31,learned_order_extension,20260911,0.7445035554337466,0.7445035554337466,1,1
quarter_volatility2_validated,2728,2022-04-22,2022-05-05,0.015736821365468,2022,2022-03-31,learned_order_extension,20260911,0.7445035554337466,0.7445035554337466,1,1
quarter_trend2_validated,2733,2022-04-29,2022-05-11,-0.0278824133054675,2022,2022-03-31,learned_order_extension,20260911,0.512691847329782,0.512691847329782,1,0
quarter_volatility2_validated,2733,2022-04-29,2022-05-11,-0.0278824133054675,2022,2022-03-31,learned_order_extension,20260911,0.512691847329782,0.512691847329782,1,0
quarter_trend2_validated,2735,2022-05-06,2022-05-16,0.033741423035827,2022,2022-03-31,learned_order_extension,20260911,0.39192947263156325,0.39192947263156325,0,1
quarter_volatility2_validated,2735,2022-05-06,2022-05-16,0.033741423035827,2022,2022-03-31,learned_order_extension,20260911,0.39192947263156325,0.39192947263156325,0,1
quarter_trend2_validated,2740,2022-05-13,2022-05-23,0.0164308841843088,2022,2022-03-31,learned_order_extension,20260911,0.4923475901483292,0.4923475901483292,0,1
quarter_volatility2_validated,2740,2022-05-13,2022-05-23,0.0164308841843088,2022,2022-03-31,learned_order_extension,20260911,0.4923475901483292,0.4923475901483292,0,1
quarter_trend2_validated,2745,2022-05-20,2022-05-30,-0.0147293413085614,2022,2022-03-31,learned_order_extension,20260911,0.5453859955701774,0.5453859955701774,1,0
quarter_volatility2_validated,2745,2022-05-20,2022-05-30,-0.0147293413085614,2022,2022-03-31,learned_order_extension,20260911,0.5453859955701774,0.5453859955701774,1,0
quarter_trend2_validated,2750,2022-05-27,2022-06-13,0.0431748431927498,2022,2022-03-31,learned_order_extension,20260911,0.606543809827078,0.606543809827078,1,1
quarter_volatility2_validated,2750,2022-05-27,2022-06-13,0.0431748431927498,2022,2022-03-31,learned_order_extension,20260911,0.606543809827078,0.606543809827078,1,1
quarter_trend2_validated,2759,2022-06-10,2022-06-20,0.0306046547112142,2022,2022-03-31,learned_order_extension,20260911,0.3194430778691506,0.3194430778691506,0,1
quarter_volatility2_validated,2759,2022-06-10,2022-06-20,0.0306046547112142,2022,2022-03-31,learned_order_extension,20260911,0.3194430778691506,0.3194430778691506,0,1
quarter_trend2_validated,2764,2022-06-17,2022-06-27,0.0211666894141107,2022,2022-03-31,learned_order_extension,20260911,0.33808664733638566,0.33808664733638566,0,1
quarter_volatility2_validated,2764,2022-06-17,2022-06-27,0.0211666894141107,2022,2022-03-31,learned_order_extension,20260911,0.33808664733638566,0.33808664733638566,0,1
quarter_trend2_validated,2769,2022-06-24,2022-07-04,0.0074507343130214,2022,2022-03-31,learned_order_extension,20260911,0.4651372063002809,0.4651372063002809,0,1
quarter_volatility2_validated,2769,2022-06-24,2022-07-04,0.0074507343130214,2022,2022-03-31,learned_order_extension,20260911,0.4651372063002809,0.4651372063002809,0,1
quarter_trend2_validated,2774,2022-07-01,2022-07-11,-0.0092349827532707,2022,2022-06-30,learned_order_extension,20260911,0.5074843163264047,0.5074843163264047,1,0
quarter_volatility2_validated,2774,2022-07-01,2022-07-11,-0.0092349827532707,2022,2022-06-30,learned_order_extension,20260911,0.4749657744045676,0.4749657744045676,0,0
quarter_trend2_validated,2779,2022-07-08,2022-07-18,-0.0326815927737367,2022,2022-06-30,learned_order_extension,20260911,0.5121847716177591,0.5121847716177591,1,0
quarter_volatility2_validated,2779,2022-07-08,2022-07-18,-0.0326815927737367,2022,2022-06-30,learned_order_extension,20260911,0.47965836687027136,0.47965836687027136,0,0
quarter_trend2_validated,2784,2022-07-15,2022-07-25,-0.0066210715249344,2022,2022-06-30,learned_order_extension,20260911,0.2684864364550306,0.2684864364550306,0,0
quarter_volatility2_validated,2784,2022-07-15,2022-07-25,-0.0066210715249344,2022,2022-06-30,learned_order_extension,20260911,0.24370453230698946,0.24370453230698946,0,0
quarter_trend2_validated,2789,2022-07-22,2022-08-01,-0.0173077967751003,2022,2022-06-30,learned_order_extension,20260911,0.2677542813034704,0.2677542813034704,0,0
quarter_volatility2_validated,2789,2022-07-22,2022-08-01,-0.0173077967751003,2022,2022-06-30,learned_order_extension,20260911,0.2677542813034704,0.2677542813034704,0,0
quarter_trend2_validated,2794,2022-07-29,2022-08-08,-0.004456034513838,2022,2022-06-30,learned_order_extension,20260911,0.5491944105847139,0.5491944105847139,1,0
quarter_volatility2_validated,2794,2022-07-29,2022-08-08,-0.004456034513838,2022,2022-06-30,learned_order_extension,20260911,0.5491944105847139,0.5491944105847139,1,0
quarter_trend2_validated,2799,2022-08-05,2022-08-15,0.0091475117753996,2022,2022-06-30,learned_order_extension,20260911,0.777138078827454,0.777138078827454,1,1
quarter_volatility2_validated,2799,2022-08-05,2022-08-15,0.0091475117753996,2022,2022-06-30,learned_order_extension,20260911,0.777138078827454,0.777138078827454,1,1
quarter_trend2_validated,2804,2022-08-12,2022-08-22,-0.0107272727272728,2022,2022-06-30,learned_order_extension,20260911,0.7974960640657842,0.7974960640657842,1,0
quarter_volatility2_validated,2804,2022-08-12,2022-08-22,-0.0107272727272728,2022,2022-06-30,learned_order_extension,20260911,0.7974960640657842,0.7974960640657842,1,0
quarter_trend2_validated,2809,2022-08-19,2022-08-29,-0.0172375434082356,2022,2022-06-30,learned_order_extension,20260911,0.7637706546439285,0.7637706546439285,1,0
quarter_volatility2_validated,2809,2022-08-19,2022-08-29,-0.0172375434082356,2022,2022-06-30,learned_order_extension,20260911,0.7637706546439285,0.7637706546439285,1,0
quarter_trend2_validated,2814,2022-08-26,2022-09-05,-0.0131573766941938,2022,2022-06-30,learned_order_extension,20260911,0.8226540126203189,0.8226540126203189,1,0
quarter_volatility2_validated,2814,2022-08-26,2022-09-05,-0.0131573766941938,2022,2022-06-30,learned_order_extension,20260911,0.802861066240828,0.802861066240828,1,0
quarter_trend2_validated,2819,2022-09-02,2022-09-13,0.0253340680878015,2022,2022-06-30,learned_order_extension,20260911,0.7276803329800616,0.7276803329800616,1,1
quarter_volatility2_validated,2819,2022-09-02,2022-09-13,0.0253340680878015,2022,2022-06-30,learned_order_extension,20260911,0.7276803329800616,0.7276803329800616,1,1
quarter_trend2_validated,2824,2022-09-09,2022-09-19,-0.044647264962877,2022,2022-06-30,learned_order_extension,20260911,0.6403269116194389,0.6403269116194389,1,0
quarter_volatility2_validated,2824,2022-09-09,2022-09-19,-0.044647264962877,2022,2022-06-30,learned_order_extension,20260911,0.6403269116194389,0.6403269116194389,1,0
quarter_trend2_validated,2828,2022-09-16,2022-09-26,-0.025155151434928,2022,2022-06-30,learned_order_extension,20260911,0.672911792764146,0.672911792764146,1,0
quarter_volatility2_validated,2828,2022-09-16,2022-09-26,-0.025155151434928,2022,2022-06-30,learned_order_extension,20260911,0.672911792764146,0.672911792764146,1,0
quarter_trend2_validated,2833,2022-09-23,2022-10-10,-0.0060162941299352,2022,2022-06-30,learned_order_extension,20260911,0.8103058077398577,0.8103058077398577,1,0
quarter_volatility2_validated,2833,2022-09-23,2022-10-10,-0.0060162941299352,2022,2022-06-30,learned_order_extension,20260911,0.8103058077398577,0.8103058077398577,1,0
quarter_trend2_validated,2838,2022-09-30,2022-10-17,0.0041192047412885,2022,2022-06-30,learned_order_extension,20260911,0.6385508768739941,0.6385508768739941,1,1
quarter_volatility2_validated,2838,2022-09-30,2022-10-17,0.0041192047412885,2022,2022-06-30,learned_order_extension,20260911,0.6385508768739941,0.6385508768739941,1,1
quarter_trend2_validated,2843,2022-10-14,2022-10-24,-0.0246766294110258,2022,2022-09-30,learned_order_extension,20260911,0.6040798099433027,0.6040798099433027,1,0
quarter_volatility2_validated,2843,2022-10-14,2022-10-24,-0.0246766294110258,2022,2022-09-30,learned_order_extension,20260911,0.6040798099433027,0.6040798099433027,1,0
quarter_trend2_validated,2848,2022-10-21,2022-10-31,-0.059928861134359,2022,2022-09-30,learned_order_extension,20260911,0.7460757510851368,0.7460757510851368,1,0
quarter_volatility2_validated,2848,2022-10-21,2022-10-31,-0.059928861134359,2022,2022-09-30,learned_order_extension,20260911,0.7460757510851368,0.7460757510851368,1,0
quarter_trend2_validated,2853,2022-10-28,2022-11-07,0.071339502526744,2022,2022-09-30,learned_order_extension,20260911,0.617431468121719,0.617431468121719,1,1
quarter_volatility2_validated,2853,2022-10-28,2022-11-07,0.071339502526744,2022,2022-09-30,learned_order_extension,20260911,0.617431468121719,0.617431468121719,1,1
quarter_trend2_validated,2858,2022-11-04,2022-11-14,0.0169449090696014,2022,2022-09-30,learned_order_extension,20260911,0.23004652965456976,0.23004652965456976,0,1
quarter_volatility2_validated,2858,2022-11-04,2022-11-14,0.0169449090696014,2022,2022-09-30,learned_order_extension,20260911,0.23004652965456976,0.23004652965456976,0,1
quarter_trend2_validated,2863,2022-11-11,2022-11-21,-0.0127051391515239,2022,2022-09-30,learned_order_extension,20260911,0.4001949641411597,0.4001949641411597,0,0
quarter_volatility2_validated,2863,2022-11-11,2022-11-21,-0.0127051391515239,2022,2022-09-30,learned_order_extension,20260911,0.4001949641411597,0.4001949641411597,0,0
quarter_trend2_validated,2868,2022-11-18,2022-11-28,-0.0179672806084416,2022,2022-09-30,learned_order_extension,20260911,0.30403744962658297,0.30403744962658297,0,0
quarter_volatility2_validated,2868,2022-11-18,2022-11-28,-0.0179672806084416,2022,2022-09-30,learned_order_extension,20260911,0.30403744962658297,0.30403744962658297,0,0
quarter_trend2_validated,2873,2022-11-25,2022-12-05,0.0555768659337096,2022,2022-09-30,learned_order_extension,20260911,0.4839806901293675,0.4839806901293675,0,1
quarter_volatility2_validated,2873,2022-11-25,2022-12-05,0.0555768659337096,2022,2022-09-30,learned_order_extension,20260911,0.4839806901293675,0.4839806901293675,0,1
quarter_trend2_validated,2878,2022-12-02,2022-12-12,0.0175374394775362,2022,2022-09-30,learned_order_extension,20260911,0.6025716211552316,0.6025716211552316,1,1
quarter_volatility2_validated,2878,2022-12-02,2022-12-12,0.0175374394775362,2022,2022-09-30,learned_order_extension,20260911,0.6025716211552316,0.6025716211552316,1,1
quarter_trend2_validated,2883,2022-12-09,2022-12-19,-0.0058850602464181,2022,2022-09-30,learned_order_extension,20260911,0.544959524525394,0.544959524525394,1,0
quarter_volatility2_validated,2883,2022-12-09,2022-12-19,-0.0058850602464181,2022,2022-09-30,learned_order_extension,20260911,0.544959524525394,0.544959524525394,1,0
quarter_trend2_validated,2888,2022-12-16,2022-12-26,-0.0309150292073658,2022,2022-09-30,learned_order_extension,20260911,0.43512960465950284,0.43512960465950284,0,0
quarter_volatility2_validated,2888,2022-12-16,2022-12-26,-0.0309150292073658,2022,2022-09-30,learned_order_extension,20260911,0.41592754697591605,0.41592754697591605,0,0
quarter_trend2_validated,2893,2022-12-23,2023-01-03,0.0089464492229616,2022,2022-09-30,learned_order_extension,20260911,0.5868134156375693,0.5868134156375693,1,1
quarter_volatility2_validated,2893,2022-12-23,2023-01-03,0.0089464492229616,2022,2022-09-30,learned_order_extension,20260911,0.5868134156375693,0.5868134156375693,1,1
quarter_trend2_validated,2898,2022-12-30,2023-01-09,0.0345913414268119,2022,2022-09-30,learned_order_extension,20260911,0.271457449345853,0.271457449345853,0,1
quarter_volatility2_validated,2898,2022-12-30,2023-01-09,0.0345913414268119,2022,2022-09-30,learned_order_extension,20260911,0.2562022087129817,0.2562022087129817,0,1
quarter_trend2_validated,2660,2022-01-07,2022-01-17,-0.0173453887283024,2022,2021-12-31,learned_order_offset,20260911,0.7303915631000331,0.7303915631000331,1,0
quarter_volatility2_validated,2660,2022-01-07,2022-01-17,-0.0173453887283024,2022,2021-12-31,learned_order_offset,20260911,0.7303915631000331,0.7303915631000331,1,0
quarter_trend2_validated,2665,2022-01-14,2022-01-24,0.0053248631776616,2022,2021-12-31,learned_order_offset,20260911,0.8287429062191539,0.8287429062191539,1,1
quarter_volatility2_validated,2665,2022-01-14,2022-01-24,0.0053248631776616,2022,2021-12-31,learned_order_offset,20260911,0.8287429062191539,0.8287429062191539,1,1
quarter_trend2_validated,2670,2022-01-21,2022-02-07,-0.0242661876254222,2022,2021-12-31,learned_order_offset,20260911,0.6946014374965778,0.6946014374965778,1,0
quarter_volatility2_validated,2670,2022-01-21,2022-02-07,-0.0242661876254222,2022,2021-12-31,learned_order_offset,20260911,0.6946014374965778,0.6946014374965778,1,0
quarter_trend2_validated,2675,2022-01-28,2022-02-14,-0.0127539031341488,2022,2021-12-31,learned_order_offset,20260911,0.47036190476294487,0.47036190476294487,0,0
quarter_volatility2_validated,2675,2022-01-28,2022-02-14,-0.0127539031341488,2022,2021-12-31,learned_order_offset,20260911,0.47036190476294487,0.47036190476294487,0,0
quarter_trend2_validated,2680,2022-02-11,2022-02-21,0.0145498774954033,2022,2021-12-31,learned_order_offset,20260911,0.6802368405234962,0.6802368405234962,1,1
quarter_volatility2_validated,2680,2022-02-11,2022-02-21,0.0145498774954033,2022,2021-12-31,learned_order_offset,20260911,0.6802368405234962,0.6802368405234962,1,1
quarter_trend2_validated,2685,2022-02-18,2022-02-28,-0.0177161244498015,2022,2021-12-31,learned_order_offset,20260911,0.596796587857382,0.596796587857382,1,0
quarter_volatility2_validated,2685,2022-02-18,2022-02-28,-0.0177161244498015,2022,2021-12-31,learned_order_offset,20260911,0.596796587857382,0.596796587857382,1,0
quarter_trend2_validated,2690,2022-02-25,2022-03-07,-0.0221791776043331,2022,2021-12-31,learned_order_offset,20260911,0.6102898323949857,0.6102898323949857,1,0
quarter_volatility2_validated,2690,2022-02-25,2022-03-07,-0.0221791776043331,2022,2021-12-31,learned_order_offset,20260911,0.6102898323949857,0.6102898323949857,1,0
quarter_trend2_validated,2695,2022-03-04,2022-03-14,-0.0480378799422749,2022,2021-12-31,learned_order_offset,20260911,0.6602950267381666,0.6602950267381666,1,0
quarter_volatility2_validated,2695,2022-03-04,2022-03-14,-0.0480378799422749,2022,2021-12-31,learned_order_offset,20260911,0.6602950267381666,0.6602950267381666,1,0
quarter_trend2_validated,2700,2022-03-11,2022-03-21,0.007530336734814,2022,2021-12-31,learned_order_offset,20260911,0.6664417620027226,0.6664417620027226,1,1
quarter_volatility2_validated,2700,2022-03-11,2022-03-21,0.007530336734814,2022,2021-12-31,learned_order_offset,20260911,0.6664417620027226,0.6664417620027226,1,1
quarter_trend2_validated,2705,2022-03-18,2022-03-28,-0.0353493110038457,2022,2021-12-31,learned_order_offset,20260911,0.5665934515797131,0.5665934515797131,1,0
quarter_volatility2_validated,2705,2022-03-18,2022-03-28,-0.0353493110038457,2022,2021-12-31,learned_order_offset,20260911,0.5665934515797131,0.5665934515797131,1,0
quarter_trend2_validated,2710,2022-03-25,2022-04-06,0.0314834190717003,2022,2021-12-31,learned_order_offset,20260911,0.7312694881776368,0.7312694881776368,1,1
quarter_volatility2_validated,2710,2022-03-25,2022-04-06,0.0314834190717003,2022,2021-12-31,learned_order_offset,20260911,0.7312694881776368,0.7312694881776368,1,1
quarter_trend2_validated,2715,2022-04-01,2022-04-12,-0.0129237372705649,2022,2022-03-31,learned_order_offset,20260911,0.7324670213429436,0.7324670213429436,1,0
quarter_volatility2_validated,2715,2022-04-01,2022-04-12,-0.0129237372705649,2022,2022-03-31,learned_order_offset,20260911,0.7324670213429436,0.7324670213429436,1,0
quarter_trend2_validated,2718,2022-04-08,2022-04-18,-0.0120986062576864,2022,2022-03-31,learned_order_offset,20260911,0.5743123235952446,0.5743123235952446,1,0
quarter_volatility2_validated,2718,2022-04-08,2022-04-18,-0.0120986062576864,2022,2022-03-31,learned_order_offset,20260911,0.5743123235952446,0.5743123235952446,1,0
quarter_trend2_validated,2723,2022-04-15,2022-04-25,-0.0528494340140576,2022,2022-03-31,learned_order_offset,20260911,0.789920397567569,0.789920397567569,1,0
quarter_volatility2_validated,2723,2022-04-15,2022-04-25,-0.0528494340140576,2022,2022-03-31,learned_order_offset,20260911,0.789920397567569,0.789920397567569,1,0
quarter_trend2_validated,2728,2022-04-22,2022-05-05,0.015736821365468,2022,2022-03-31,learned_order_offset,20260911,0.7438162541041152,0.7438162541041152,1,1
quarter_volatility2_validated,2728,2022-04-22,2022-05-05,0.015736821365468,2022,2022-03-31,learned_order_offset,20260911,0.7438162541041152,0.7438162541041152,1,1
quarter_trend2_validated,2733,2022-04-29,2022-05-11,-0.0278824133054675,2022,2022-03-31,learned_order_offset,20260911,0.5113015107739602,0.5113015107739602,1,0
quarter_volatility2_validated,2733,2022-04-29,2022-05-11,-0.0278824133054675,2022,2022-03-31,learned_order_offset,20260911,0.5113015107739602,0.5113015107739602,1,0
quarter_trend2_validated,2735,2022-05-06,2022-05-16,0.033741423035827,2022,2022-03-31,learned_order_offset,20260911,0.3890720337526808,0.3890720337526808,0,1
quarter_volatility2_validated,2735,2022-05-06,2022-05-16,0.033741423035827,2022,2022-03-31,learned_order_offset,20260911,0.3890720337526808,0.3890720337526808,0,1
quarter_trend2_validated,2740,2022-05-13,2022-05-23,0.0164308841843088,2022,2022-03-31,learned_order_offset,20260911,0.4890167561559044,0.4890167561559044,0,1
quarter_volatility2_validated,2740,2022-05-13,2022-05-23,0.0164308841843088,2022,2022-03-31,learned_order_offset,20260911,0.4890167561559044,0.4890167561559044,0,1
quarter_trend2_validated,2745,2022-05-20,2022-05-30,-0.0147293413085614,2022,2022-03-31,learned_order_offset,20260911,0.5443348672271099,0.5443348672271099,1,0
quarter_volatility2_validated,2745,2022-05-20,2022-05-30,-0.0147293413085614,2022,2022-03-31,learned_order_offset,20260911,0.5443348672271099,0.5443348672271099,1,0
quarter_trend2_validated,2750,2022-05-27,2022-06-13,0.0431748431927498,2022,2022-03-31,learned_order_offset,20260911,0.6058889369805722,0.6058889369805722,1,1
quarter_volatility2_validated,2750,2022-05-27,2022-06-13,0.0431748431927498,2022,2022-03-31,learned_order_offset,20260911,0.6058889369805722,0.6058889369805722,1,1
quarter_trend2_validated,2759,2022-06-10,2022-06-20,0.0306046547112142,2022,2022-03-31,learned_order_offset,20260911,0.3203786258296504,0.3203786258296504,0,1
quarter_volatility2_validated,2759,2022-06-10,2022-06-20,0.0306046547112142,2022,2022-03-31,learned_order_offset,20260911,0.3203786258296504,0.3203786258296504,0,1
quarter_trend2_validated,2764,2022-06-17,2022-06-27,0.0211666894141107,2022,2022-03-31,learned_order_offset,20260911,0.3393918095171554,0.3393918095171554,0,1
quarter_volatility2_validated,2764,2022-06-17,2022-06-27,0.0211666894141107,2022,2022-03-31,learned_order_offset,20260911,0.3393918095171554,0.3393918095171554,0,1
quarter_trend2_validated,2769,2022-06-24,2022-07-04,0.0074507343130214,2022,2022-03-31,learned_order_offset,20260911,0.4655557857250781,0.4655557857250781,0,1
quarter_volatility2_validated,2769,2022-06-24,2022-07-04,0.0074507343130214,2022,2022-03-31,learned_order_offset,20260911,0.4655557857250781,0.4655557857250781,0,1
quarter_trend2_validated,2774,2022-07-01,2022-07-11,-0.0092349827532707,2022,2022-06-30,learned_order_offset,20260911,0.5070250526739909,0.5070250526739909,1,0
quarter_volatility2_validated,2774,2022-07-01,2022-07-11,-0.0092349827532707,2022,2022-06-30,learned_order_offset,20260911,0.5070250526739909,0.5070250526739909,1,0
quarter_trend2_validated,2779,2022-07-08,2022-07-18,-0.0326815927737367,2022,2022-06-30,learned_order_offset,20260911,0.5121244968373462,0.5121244968373462,1,0
quarter_volatility2_validated,2779,2022-07-08,2022-07-18,-0.0326815927737367,2022,2022-06-30,learned_order_offset,20260911,0.5121244968373462,0.5121244968373462,1,0
quarter_trend2_validated,2784,2022-07-15,2022-07-25,-0.0066210715249344,2022,2022-06-30,learned_order_offset,20260911,0.27002224125244795,0.27002224125244795,0,0
quarter_volatility2_validated,2784,2022-07-15,2022-07-25,-0.0066210715249344,2022,2022-06-30,learned_order_offset,20260911,0.27002224125244795,0.27002224125244795,0,0
quarter_trend2_validated,2789,2022-07-22,2022-08-01,-0.0173077967751003,2022,2022-06-30,learned_order_offset,20260911,0.2693979955700283,0.2693979955700283,0,0
quarter_volatility2_validated,2789,2022-07-22,2022-08-01,-0.0173077967751003,2022,2022-06-30,learned_order_offset,20260911,0.2693979955700283,0.2693979955700283,0,0
quarter_trend2_validated,2794,2022-07-29,2022-08-08,-0.004456034513838,2022,2022-06-30,learned_order_offset,20260911,0.5493720737942515,0.5493720737942515,1,0
quarter_volatility2_validated,2794,2022-07-29,2022-08-08,-0.004456034513838,2022,2022-06-30,learned_order_offset,20260911,0.5493720737942515,0.5493720737942515,1,0
quarter_trend2_validated,2799,2022-08-05,2022-08-15,0.0091475117753996,2022,2022-06-30,learned_order_offset,20260911,0.7763427204784161,0.7763427204784161,1,1
quarter_volatility2_validated,2799,2022-08-05,2022-08-15,0.0091475117753996,2022,2022-06-30,learned_order_offset,20260911,0.7763427204784161,0.7763427204784161,1,1
quarter_trend2_validated,2804,2022-08-12,2022-08-22,-0.0107272727272728,2022,2022-06-30,learned_order_offset,20260911,0.7964144422108967,0.7964144422108967,1,0
quarter_volatility2_validated,2804,2022-08-12,2022-08-22,-0.0107272727272728,2022,2022-06-30,learned_order_offset,20260911,0.7964144422108967,0.7964144422108967,1,0
quarter_trend2_validated,2809,2022-08-19,2022-08-29,-0.0172375434082356,2022,2022-06-30,learned_order_offset,20260911,0.7629768652536982,0.7629768652536982,1,0
quarter_volatility2_validated,2809,2022-08-19,2022-08-29,-0.0172375434082356,2022,2022-06-30,learned_order_offset,20260911,0.7629768652536982,0.7629768652536982,1,0
quarter_trend2_validated,2814,2022-08-26,2022-09-05,-0.0131573766941938,2022,2022-06-30,learned_order_offset,20260911,0.8221287067625676,0.8221287067625676,1,0
quarter_volatility2_validated,2814,2022-08-26,2022-09-05,-0.0131573766941938,2022,2022-06-30,learned_order_offset,20260911,0.8221287067625676,0.8221287067625676,1,0
quarter_trend2_validated,2819,2022-09-02,2022-09-13,0.0253340680878015,2022,2022-06-30,learned_order_offset,20260911,0.7281487114609698,0.7281487114609698,1,1
quarter_volatility2_validated,2819,2022-09-02,2022-09-13,0.0253340680878015,2022,2022-06-30,learned_order_offset,20260911,0.7281487114609698,0.7281487114609698,1,1
quarter_trend2_validated,2824,2022-09-09,2022-09-19,-0.044647264962877,2022,2022-06-30,learned_order_offset,20260911,0.6402873789680222,0.6402873789680222,1,0
quarter_volatility2_validated,2824,2022-09-09,2022-09-19,-0.044647264962877,2022,2022-06-30,learned_order_offset,20260911,0.6402873789680222,0.6402873789680222,1,0
quarter_trend2_validated,2828,2022-09-16,2022-09-26,-0.025155151434928,2022,2022-06-30,learned_order_offset,20260911,0.6729215132790227,0.6729215132790227,1,0
quarter_volatility2_validated,2828,2022-09-16,2022-09-26,-0.025155151434928,2022,2022-06-30,learned_order_offset,20260911,0.6729215132790227,0.6729215132790227,1,0
quarter_trend2_validated,2833,2022-09-23,2022-10-10,-0.0060162941299352,2022,2022-06-30,learned_order_offset,20260911,0.8081806233925085,0.8081806233925085,1,0
quarter_volatility2_validated,2833,2022-09-23,2022-10-10,-0.0060162941299352,2022,2022-06-30,learned_order_offset,20260911,0.8081806233925085,0.8081806233925085,1,0
quarter_trend2_validated,2838,2022-09-30,2022-10-17,0.0041192047412885,2022,2022-06-30,learned_order_offset,20260911,0.6388405343021406,0.6388405343021406,1,1
quarter_volatility2_validated,2838,2022-09-30,2022-10-17,0.0041192047412885,2022,2022-06-30,learned_order_offset,20260911,0.6388405343021406,0.6388405343021406,1,1
quarter_trend2_validated,2843,2022-10-14,2022-10-24,-0.0246766294110258,2022,2022-09-30,learned_order_offset,20260911,0.6039684511962653,0.6039684511962653,1,0
quarter_volatility2_validated,2843,2022-10-14,2022-10-24,-0.0246766294110258,2022,2022-09-30,learned_order_offset,20260911,0.6039684511962653,0.6039684511962653,1,0
quarter_trend2_validated,2848,2022-10-21,2022-10-31,-0.059928861134359,2022,2022-09-30,learned_order_offset,20260911,0.7450194088842416,0.7450194088842416,1,0
quarter_volatility2_validated,2848,2022-10-21,2022-10-31,-0.059928861134359,2022,2022-09-30,learned_order_offset,20260911,0.7450194088842416,0.7450194088842416,1,0
quarter_trend2_validated,2853,2022-10-28,2022-11-07,0.071339502526744,2022,2022-09-30,learned_order_offset,20260911,0.6172868621197211,0.6172868621197211,1,1
quarter_volatility2_validated,2853,2022-10-28,2022-11-07,0.071339502526744,2022,2022-09-30,learned_order_offset,20260911,0.6172868621197211,0.6172868621197211,1,1
quarter_trend2_validated,2858,2022-11-04,2022-11-14,0.0169449090696014,2022,2022-09-30,learned_order_offset,20260911,0.2288997396561917,0.2288997396561917,0,1
quarter_volatility2_validated,2858,2022-11-04,2022-11-14,0.0169449090696014,2022,2022-09-30,learned_order_offset,20260911,0.2288997396561917,0.2288997396561917,0,1
quarter_trend2_validated,2863,2022-11-11,2022-11-21,-0.0127051391515239,2022,2022-09-30,learned_order_offset,20260911,0.39873151134177104,0.39873151134177104,0,0
quarter_volatility2_validated,2863,2022-11-11,2022-11-21,-0.0127051391515239,2022,2022-09-30,learned_order_offset,20260911,0.39873151134177104,0.39873151134177104,0,0
quarter_trend2_validated,2868,2022-11-18,2022-11-28,-0.0179672806084416,2022,2022-09-30,learned_order_offset,20260911,0.3021649857617269,0.3021649857617269,0,0
quarter_volatility2_validated,2868,2022-11-18,2022-11-28,-0.0179672806084416,2022,2022-09-30,learned_order_offset,20260911,0.3021649857617269,0.3021649857617269,0,0
quarter_trend2_validated,2873,2022-11-25,2022-12-05,0.0555768659337096,2022,2022-09-30,learned_order_offset,20260911,0.4818279173695329,0.4818279173695329,0,1
quarter_volatility2_validated,2873,2022-11-25,2022-12-05,0.0555768659337096,2022,2022-09-30,learned_order_offset,20260911,0.4818279173695329,0.4818279173695329,0,1
quarter_trend2_validated,2878,2022-12-02,2022-12-12,0.0175374394775362,2022,2022-09-30,learned_order_offset,20260911,0.6005376182272921,0.6005376182272921,1,1
quarter_volatility2_validated,2878,2022-12-02,2022-12-12,0.0175374394775362,2022,2022-09-30,learned_order_offset,20260911,0.6005376182272921,0.6005376182272921,1,1
quarter_trend2_validated,2883,2022-12-09,2022-12-19,-0.0058850602464181,2022,2022-09-30,learned_order_offset,20260911,0.5449944358245183,0.5449944358245183,1,0
quarter_volatility2_validated,2883,2022-12-09,2022-12-19,-0.0058850602464181,2022,2022-09-30,learned_order_offset,20260911,0.5449944358245183,0.5449944358245183,1,0
quarter_trend2_validated,2888,2022-12-16,2022-12-26,-0.0309150292073658,2022,2022-09-30,learned_order_offset,20260911,0.43569872817189575,0.43569872817189575,0,0
quarter_volatility2_validated,2888,2022-12-16,2022-12-26,-0.0309150292073658,2022,2022-09-30,learned_order_offset,20260911,0.41664723179396335,0.41664723179396335,0,0
quarter_trend2_validated,2893,2022-12-23,2023-01-03,0.0089464492229616,2022,2022-09-30,learned_order_offset,20260911,0.5860352502699303,0.5860352502699303,1,1
quarter_volatility2_validated,2893,2022-12-23,2023-01-03,0.0089464492229616,2022,2022-09-30,learned_order_offset,20260911,0.5860352502699303,0.5860352502699303,1,1
quarter_trend2_validated,2898,2022-12-30,2023-01-09,0.0345913414268119,2022,2022-09-30,learned_order_offset,20260911,0.2728008023535456,0.2728008023535456,0,1
quarter_volatility2_validated,2898,2022-12-30,2023-01-09,0.0345913414268119,2022,2022-09-30,learned_order_offset,20260911,0.2576204025959873,0.2576204025959873,0,1
quarter_trend2_validated,2660,2022-01-07,2022-01-17,-0.0173453887283024,2022,2021-12-31,learned_market,20260912,0.7009067848418016,0.7009067848418016,1,0
quarter_volatility2_validated,2660,2022-01-07,2022-01-17,-0.0173453887283024,2022,2021-12-31,learned_market,20260912,0.7009067848418016,0.7009067848418016,1,0
quarter_trend2_validated,2665,2022-01-14,2022-01-24,0.0053248631776616,2022,2021-12-31,learned_market,20260912,0.5203651032719439,0.5203651032719439,1,1
quarter_volatility2_validated,2665,2022-01-14,2022-01-24,0.0053248631776616,2022,2021-12-31,learned_market,20260912,0.5203651032719439,0.5203651032719439,1,1
quarter_trend2_validated,2670,2022-01-21,2022-02-07,-0.0242661876254222,2022,2021-12-31,learned_market,20260912,0.7176249995689795,0.7176249995689795,1,0
quarter_volatility2_validated,2670,2022-01-21,2022-02-07,-0.0242661876254222,2022,2021-12-31,learned_market,20260912,0.7176249995689795,0.7176249995689795,1,0
quarter_trend2_validated,2675,2022-01-28,2022-02-14,-0.0127539031341488,2022,2021-12-31,learned_market,20260912,0.5468589290358572,0.5468589290358572,1,0
quarter_volatility2_validated,2675,2022-01-28,2022-02-14,-0.0127539031341488,2022,2021-12-31,learned_market,20260912,0.5468589290358572,0.5468589290358572,1,0
quarter_trend2_validated,2680,2022-02-11,2022-02-21,0.0145498774954033,2022,2021-12-31,learned_market,20260912,0.6301827176961465,0.6301827176961465,1,1
quarter_volatility2_validated,2680,2022-02-11,2022-02-21,0.0145498774954033,2022,2021-12-31,learned_market,20260912,0.6301827176961465,0.6301827176961465,1,1
quarter_trend2_validated,2685,2022-02-18,2022-02-28,-0.0177161244498015,2022,2021-12-31,learned_market,20260912,0.7133251277073638,0.7133251277073638,1,0
quarter_volatility2_validated,2685,2022-02-18,2022-02-28,-0.0177161244498015,2022,2021-12-31,learned_market,20260912,0.7133251277073638,0.7133251277073638,1,0
quarter_trend2_validated,2690,2022-02-25,2022-03-07,-0.0221791776043331,2022,2021-12-31,learned_market,20260912,0.7021196640037924,0.7021196640037924,1,0
quarter_volatility2_validated,2690,2022-02-25,2022-03-07,-0.0221791776043331,2022,2021-12-31,learned_market,20260912,0.7021196640037924,0.7021196640037924,1,0
quarter_trend2_validated,2695,2022-03-04,2022-03-14,-0.0480378799422749,2022,2021-12-31,learned_market,20260912,0.719986373445646,0.719986373445646,1,0
quarter_volatility2_validated,2695,2022-03-04,2022-03-14,-0.0480378799422749,2022,2021-12-31,learned_market,20260912,0.719986373445646,0.719986373445646,1,0
quarter_trend2_validated,2700,2022-03-11,2022-03-21,0.007530336734814,2022,2021-12-31,learned_market,20260912,0.6467498960464059,0.6467498960464059,1,1
quarter_volatility2_validated,2700,2022-03-11,2022-03-21,0.007530336734814,2022,2021-12-31,learned_market,20260912,0.6467498960464059,0.6467498960464059,1,1
quarter_trend2_validated,2705,2022-03-18,2022-03-28,-0.0353493110038457,2022,2021-12-31,learned_market,20260912,0.6307138428823564,0.6307138428823564,1,0
quarter_volatility2_validated,2705,2022-03-18,2022-03-28,-0.0353493110038457,2022,2021-12-31,learned_market,20260912,0.6307138428823564,0.6307138428823564,1,0
quarter_trend2_validated,2710,2022-03-25,2022-04-06,0.0314834190717003,2022,2021-12-31,learned_market,20260912,0.5581715372656506,0.5581715372656506,1,1
quarter_volatility2_validated,2710,2022-03-25,2022-04-06,0.0314834190717003,2022,2021-12-31,learned_market,20260912,0.5581715372656506,0.5581715372656506,1,1
quarter_trend2_validated,2715,2022-04-01,2022-04-12,-0.0129237372705649,2022,2022-03-31,learned_market,20260912,0.5905723686816398,0.5905723686816398,1,0
quarter_volatility2_validated,2715,2022-04-01,2022-04-12,-0.0129237372705649,2022,2022-03-31,learned_market,20260912,0.5905723686816398,0.5905723686816398,1,0
quarter_trend2_validated,2718,2022-04-08,2022-04-18,-0.0120986062576864,2022,2022-03-31,learned_market,20260912,0.5651619134469777,0.5651619134469777,1,0
quarter_volatility2_validated,2718,2022-04-08,2022-04-18,-0.0120986062576864,2022,2022-03-31,learned_market,20260912,0.5651619134469777,0.5651619134469777,1,0
quarter_trend2_validated,2723,2022-04-15,2022-04-25,-0.0528494340140576,2022,2022-03-31,learned_market,20260912,0.5782075738978683,0.5782075738978683,1,0
quarter_volatility2_validated,2723,2022-04-15,2022-04-25,-0.0528494340140576,2022,2022-03-31,learned_market,20260912,0.5782075738978683,0.5782075738978683,1,0
quarter_trend2_validated,2728,2022-04-22,2022-05-05,0.015736821365468,2022,2022-03-31,learned_market,20260912,0.5086735366407256,0.5086735366407256,1,1
quarter_volatility2_validated,2728,2022-04-22,2022-05-05,0.015736821365468,2022,2022-03-31,learned_market,20260912,0.5086735366407256,0.5086735366407256,1,1
quarter_trend2_validated,2733,2022-04-29,2022-05-11,-0.0278824133054675,2022,2022-03-31,learned_market,20260912,0.354488852979164,0.354488852979164,0,0
quarter_volatility2_validated,2733,2022-04-29,2022-05-11,-0.0278824133054675,2022,2022-03-31,learned_market,20260912,0.354488852979164,0.354488852979164,0,0
quarter_trend2_validated,2735,2022-05-06,2022-05-16,0.033741423035827,2022,2022-03-31,learned_market,20260912,0.43196496938917867,0.43196496938917867,0,1
quarter_volatility2_validated,2735,2022-05-06,2022-05-16,0.033741423035827,2022,2022-03-31,learned_market,20260912,0.43196496938917867,0.43196496938917867,0,1
quarter_trend2_validated,2740,2022-05-13,2022-05-23,0.0164308841843088,2022,2022-03-31,learned_market,20260912,0.4392929502217229,0.4392929502217229,0,1
quarter_volatility2_validated,2740,2022-05-13,2022-05-23,0.0164308841843088,2022,2022-03-31,learned_market,20260912,0.4392929502217229,0.4392929502217229,0,1
quarter_trend2_validated,2745,2022-05-20,2022-05-30,-0.0147293413085614,2022,2022-03-31,learned_market,20260912,0.4708416760329488,0.4708416760329488,0,0
quarter_volatility2_validated,2745,2022-05-20,2022-05-30,-0.0147293413085614,2022,2022-03-31,learned_market,20260912,0.4708416760329488,0.4708416760329488,0,0
quarter_trend2_validated,2750,2022-05-27,2022-06-13,0.0431748431927498,2022,2022-03-31,learned_market,20260912,0.4574571545139993,0.4574571545139993,0,1
quarter_volatility2_validated,2750,2022-05-27,2022-06-13,0.0431748431927498,2022,2022-03-31,learned_market,20260912,0.4574571545139993,0.4574571545139993,0,1
quarter_trend2_validated,2759,2022-06-10,2022-06-20,0.0306046547112142,2022,2022-03-31,learned_market,20260912,0.3474663460356004,0.3474663460356004,0,1
quarter_volatility2_validated,2759,2022-06-10,2022-06-20,0.0306046547112142,2022,2022-03-31,learned_market,20260912,0.3474663460356004,0.3474663460356004,0,1
quarter_trend2_validated,2764,2022-06-17,2022-06-27,0.0211666894141107,2022,2022-03-31,learned_market,20260912,0.3212471828605167,0.3212471828605167,0,1
quarter_volatility2_validated,2764,2022-06-17,2022-06-27,0.0211666894141107,2022,2022-03-31,learned_market,20260912,0.3212471828605167,0.3212471828605167,0,1
quarter_trend2_validated,2769,2022-06-24,2022-07-04,0.0074507343130214,2022,2022-03-31,learned_market,20260912,0.4025755619428385,0.4025755619428385,0,1
quarter_volatility2_validated,2769,2022-06-24,2022-07-04,0.0074507343130214,2022,2022-03-31,learned_market,20260912,0.4025755619428385,0.4025755619428385,0,1
quarter_trend2_validated,2774,2022-07-01,2022-07-11,-0.0092349827532707,2022,2022-06-30,learned_market,20260912,0.3925821543273538,0.3925821543273538,0,0
quarter_volatility2_validated,2774,2022-07-01,2022-07-11,-0.0092349827532707,2022,2022-06-30,learned_market,20260912,0.3504073714641457,0.3504073714641457,0,0
quarter_trend2_validated,2779,2022-07-08,2022-07-18,-0.0326815927737367,2022,2022-06-30,learned_market,20260912,0.4605216629741631,0.4605216629741631,0,0
quarter_volatility2_validated,2779,2022-07-08,2022-07-18,-0.0326815927737367,2022,2022-06-30,learned_market,20260912,0.4160473873170676,0.4160473873170676,0,0
quarter_trend2_validated,2784,2022-07-15,2022-07-25,-0.0066210715249344,2022,2022-06-30,learned_market,20260912,0.5098027754769087,0.5098027754769087,1,0
quarter_volatility2_validated,2784,2022-07-15,2022-07-25,-0.0066210715249344,2022,2022-06-30,learned_market,20260912,0.4646685303509285,0.4646685303509285,0,0
quarter_trend2_validated,2789,2022-07-22,2022-08-01,-0.0173077967751003,2022,2022-06-30,learned_market,20260912,0.5524679777609933,0.5524679777609933,1,0
quarter_volatility2_validated,2789,2022-07-22,2022-08-01,-0.0173077967751003,2022,2022-06-30,learned_market,20260912,0.5524679777609933,0.5524679777609933,1,0
quarter_trend2_validated,2794,2022-07-29,2022-08-08,-0.004456034513838,2022,2022-06-30,learned_market,20260912,0.7218475045000325,0.7218475045000325,1,0
quarter_volatility2_validated,2794,2022-07-29,2022-08-08,-0.004456034513838,2022,2022-06-30,learned_market,20260912,0.7218475045000325,0.7218475045000325,1,0
quarter_trend2_validated,2799,2022-08-05,2022-08-15,0.0091475117753996,2022,2022-06-30,learned_market,20260912,0.6532039852224342,0.6532039852224342,1,1
quarter_volatility2_validated,2799,2022-08-05,2022-08-15,0.0091475117753996,2022,2022-06-30,learned_market,20260912,0.6532039852224342,0.6532039852224342,1,1
quarter_trend2_validated,2804,2022-08-12,2022-08-22,-0.0107272727272728,2022,2022-06-30,learned_market,20260912,0.5709775205876944,0.5709775205876944,1,0
quarter_volatility2_validated,2804,2022-08-12,2022-08-22,-0.0107272727272728,2022,2022-06-30,learned_market,20260912,0.5709775205876944,0.5709775205876944,1,0
quarter_trend2_validated,2809,2022-08-19,2022-08-29,-0.0172375434082356,2022,2022-06-30,learned_market,20260912,0.5697718161826372,0.5697718161826372,1,0
quarter_volatility2_validated,2809,2022-08-19,2022-08-29,-0.0172375434082356,2022,2022-06-30,learned_market,20260912,0.5697718161826372,0.5697718161826372,1,0
quarter_trend2_validated,2814,2022-08-26,2022-09-05,-0.0131573766941938,2022,2022-06-30,learned_market,20260912,0.6007938734692848,0.6007938734692848,1,0
quarter_volatility2_validated,2814,2022-08-26,2022-09-05,-0.0131573766941938,2022,2022-06-30,learned_market,20260912,0.5567533839667769,0.5567533839667769,1,0
quarter_trend2_validated,2819,2022-09-02,2022-09-13,0.0253340680878015,2022,2022-06-30,learned_market,20260912,0.6776668778650508,0.6776668778650508,1,1
quarter_volatility2_validated,2819,2022-09-02,2022-09-13,0.0253340680878015,2022,2022-06-30,learned_market,20260912,0.6776668778650508,0.6776668778650508,1,1
quarter_trend2_validated,2824,2022-09-09,2022-09-19,-0.044647264962877,2022,2022-06-30,learned_market,20260912,0.7725381912044669,0.7725381912044669,1,0
quarter_volatility2_validated,2824,2022-09-09,2022-09-19,-0.044647264962877,2022,2022-06-30,learned_market,20260912,0.7725381912044669,0.7725381912044669,1,0
quarter_trend2_validated,2828,2022-09-16,2022-09-26,-0.025155151434928,2022,2022-06-30,learned_market,20260912,0.7541769397244196,0.7541769397244196,1,0
quarter_volatility2_validated,2828,2022-09-16,2022-09-26,-0.025155151434928,2022,2022-06-30,learned_market,20260912,0.7541769397244196,0.7541769397244196,1,0
quarter_trend2_validated,2833,2022-09-23,2022-10-10,-0.0060162941299352,2022,2022-06-30,learned_market,20260912,0.7274092875597576,0.7274092875597576,1,0
quarter_volatility2_validated,2833,2022-09-23,2022-10-10,-0.0060162941299352,2022,2022-06-30,learned_market,20260912,0.7274092875597576,0.7274092875597576,1,0
quarter_trend2_validated,2838,2022-09-30,2022-10-17,0.0041192047412885,2022,2022-06-30,learned_market,20260912,0.701145229530902,0.701145229530902,1,1
quarter_volatility2_validated,2838,2022-09-30,2022-10-17,0.0041192047412885,2022,2022-06-30,learned_market,20260912,0.701145229530902,0.701145229530902,1,1
quarter_trend2_validated,2843,2022-10-14,2022-10-24,-0.0246766294110258,2022,2022-09-30,learned_market,20260912,0.5970595273904789,0.5970595273904789,1,0
quarter_volatility2_validated,2843,2022-10-14,2022-10-24,-0.0246766294110258,2022,2022-09-30,learned_market,20260912,0.5970595273904789,0.5970595273904789,1,0
quarter_trend2_validated,2848,2022-10-21,2022-10-31,-0.059928861134359,2022,2022-09-30,learned_market,20260912,0.6553886906733675,0.6553886906733675,1,0
quarter_volatility2_validated,2848,2022-10-21,2022-10-31,-0.059928861134359,2022,2022-09-30,learned_market,20260912,0.6553886906733675,0.6553886906733675,1,0
quarter_trend2_validated,2853,2022-10-28,2022-11-07,0.071339502526744,2022,2022-09-30,learned_market,20260912,0.536234004877414,0.536234004877414,1,1
quarter_volatility2_validated,2853,2022-10-28,2022-11-07,0.071339502526744,2022,2022-09-30,learned_market,20260912,0.536234004877414,0.536234004877414,1,1
quarter_trend2_validated,2858,2022-11-04,2022-11-14,0.0169449090696014,2022,2022-09-30,learned_market,20260912,0.4957647389493266,0.4957647389493266,0,1
quarter_volatility2_validated,2858,2022-11-04,2022-11-14,0.0169449090696014,2022,2022-09-30,learned_market,20260912,0.4957647389493266,0.4957647389493266,0,1
quarter_trend2_validated,2863,2022-11-11,2022-11-21,-0.0127051391515239,2022,2022-09-30,learned_market,20260912,0.49717853346026714,0.49717853346026714,0,0
quarter_volatility2_validated,2863,2022-11-11,2022-11-21,-0.0127051391515239,2022,2022-09-30,learned_market,20260912,0.49717853346026714,0.49717853346026714,0,0
quarter_trend2_validated,2868,2022-11-18,2022-11-28,-0.0179672806084416,2022,2022-09-30,learned_market,20260912,0.39757537516440544,0.39757537516440544,0,0
quarter_volatility2_validated,2868,2022-11-18,2022-11-28,-0.0179672806084416,2022,2022-09-30,learned_market,20260912,0.39757537516440544,0.39757537516440544,0,0
quarter_trend2_validated,2873,2022-11-25,2022-12-05,0.0555768659337096,2022,2022-09-30,learned_market,20260912,0.4703283336277873,0.4703283336277873,0,1
quarter_volatility2_validated,2873,2022-11-25,2022-12-05,0.0555768659337096,2022,2022-09-30,learned_market,20260912,0.4703283336277873,0.4703283336277873,0,1
quarter_trend2_validated,2878,2022-12-02,2022-12-12,0.0175374394775362,2022,2022-09-30,learned_market,20260912,0.46280647087624205,0.46280647087624205,0,1
quarter_volatility2_validated,2878,2022-12-02,2022-12-12,0.0175374394775362,2022,2022-09-30,learned_market,20260912,0.46280647087624205,0.46280647087624205,0,1
quarter_trend2_validated,2883,2022-12-09,2022-12-19,-0.0058850602464181,2022,2022-09-30,learned_market,20260912,0.5138988126075588,0.5138988126075588,1,0
quarter_volatility2_validated,2883,2022-12-09,2022-12-19,-0.0058850602464181,2022,2022-09-30,learned_market,20260912,0.5138988126075588,0.5138988126075588,1,0
quarter_trend2_validated,2888,2022-12-16,2022-12-26,-0.0309150292073658,2022,2022-09-30,learned_market,20260912,0.5717515375406788,0.5717515375406788,1,0
quarter_volatility2_validated,2888,2022-12-16,2022-12-26,-0.0309150292073658,2022,2022-09-30,learned_market,20260912,0.5823114252894239,0.5823114252894239,1,0
quarter_trend2_validated,2893,2022-12-23,2023-01-03,0.0089464492229616,2022,2022-09-30,learned_market,20260912,0.4612100469329253,0.4612100469329253,0,1
quarter_volatility2_validated,2893,2022-12-23,2023-01-03,0.0089464492229616,2022,2022-09-30,learned_market,20260912,0.4612100469329253,0.4612100469329253,0,1
quarter_trend2_validated,2898,2022-12-30,2023-01-09,0.0345913414268119,2022,2022-09-30,learned_market,20260912,0.4081605618364336,0.4081605618364336,0,1
quarter_volatility2_validated,2898,2022-12-30,2023-01-09,0.0345913414268119,2022,2022-09-30,learned_market,20260912,0.4186527489467644,0.4186527489467644,0,1
quarter_trend2_validated,2660,2022-01-07,2022-01-17,-0.0173453887283024,2022,2021-12-31,learned_vol_interaction,20260912,0.7072606777672634,0.7072606777672634,1,0
quarter_volatility2_validated,2660,2022-01-07,2022-01-17,-0.0173453887283024,2022,2021-12-31,learned_vol_interaction,20260912,0.7072606777672634,0.7072606777672634,1,0
quarter_trend2_validated,2665,2022-01-14,2022-01-24,0.0053248631776616,2022,2021-12-31,learned_vol_interaction,20260912,0.5232340507750105,0.5232340507750105,1,1
quarter_volatility2_validated,2665,2022-01-14,2022-01-24,0.0053248631776616,2022,2021-12-31,learned_vol_interaction,20260912,0.5232340507750105,0.5232340507750105,1,1
quarter_trend2_validated,2670,2022-01-21,2022-02-07,-0.0242661876254222,2022,2021-12-31,learned_vol_interaction,20260912,0.723517227135196,0.723517227135196,1,0
quarter_volatility2_validated,2670,2022-01-21,2022-02-07,-0.0242661876254222,2022,2021-12-31,learned_vol_interaction,20260912,0.723517227135196,0.723517227135196,1,0
quarter_trend2_validated,2675,2022-01-28,2022-02-14,-0.0127539031341488,2022,2021-12-31,learned_vol_interaction,20260912,0.5573504263949657,0.5573504263949657,1,0
quarter_volatility2_validated,2675,2022-01-28,2022-02-14,-0.0127539031341488,2022,2021-12-31,learned_vol_interaction,20260912,0.5573504263949657,0.5573504263949657,1,0
quarter_trend2_validated,2680,2022-02-11,2022-02-21,0.0145498774954033,2022,2021-12-31,learned_vol_interaction,20260912,0.6206875889696911,0.6206875889696911,1,1
quarter_volatility2_validated,2680,2022-02-11,2022-02-21,0.0145498774954033,2022,2021-12-31,learned_vol_interaction,20260912,0.6206875889696911,0.6206875889696911,1,1
quarter_trend2_validated,2685,2022-02-18,2022-02-28,-0.0177161244498015,2022,2021-12-31,learned_vol_interaction,20260912,0.7137718136904925,0.7137718136904925,1,0
quarter_volatility2_validated,2685,2022-02-18,2022-02-28,-0.0177161244498015,2022,2021-12-31,learned_vol_interaction,20260912,0.7137718136904925,0.7137718136904925,1,0
quarter_trend2_validated,2690,2022-02-25,2022-03-07,-0.0221791776043331,2022,2021-12-31,learned_vol_interaction,20260912,0.6900080859244496,0.6900080859244496,1,0
quarter_volatility2_validated,2690,2022-02-25,2022-03-07,-0.0221791776043331,2022,2021-12-31,learned_vol_interaction,20260912,0.6900080859244496,0.6900080859244496,1,0
quarter_trend2_validated,2695,2022-03-04,2022-03-14,-0.0480378799422749,2022,2021-12-31,learned_vol_interaction,20260912,0.7251850433232085,0.7251850433232085,1,0
quarter_volatility2_validated,2695,2022-03-04,2022-03-14,-0.0480378799422749,2022,2021-12-31,learned_vol_interaction,20260912,0.7251850433232085,0.7251850433232085,1,0
quarter_trend2_validated,2700,2022-03-11,2022-03-21,0.007530336734814,2022,2021-12-31,learned_vol_interaction,20260912,0.6323197465308961,0.6323197465308961,1,1
quarter_volatility2_validated,2700,2022-03-11,2022-03-21,0.007530336734814,2022,2021-12-31,learned_vol_interaction,20260912,0.6323197465308961,0.6323197465308961,1,1
quarter_trend2_validated,2705,2022-03-18,2022-03-28,-0.0353493110038457,2022,2021-12-31,learned_vol_interaction,20260912,0.5933343778810724,0.5933343778810724,1,0
quarter_volatility2_validated,2705,2022-03-18,2022-03-28,-0.0353493110038457,2022,2021-12-31,learned_vol_interaction,20260912,0.5933343778810724,0.5933343778810724,1,0
quarter_trend2_validated,2710,2022-03-25,2022-04-06,0.0314834190717003,2022,2021-12-31,learned_vol_interaction,20260912,0.5562710543563346,0.5562710543563346,1,1
quarter_volatility2_validated,2710,2022-03-25,2022-04-06,0.0314834190717003,2022,2021-12-31,learned_vol_interaction,20260912,0.5562710543563346,0.5562710543563346,1,1
quarter_trend2_validated,2715,2022-04-01,2022-04-12,-0.0129237372705649,2022,2022-03-31,learned_vol_interaction,20260912,0.5637358072675225,0.5637358072675225,1,0
quarter_volatility2_validated,2715,2022-04-01,2022-04-12,-0.0129237372705649,2022,2022-03-31,learned_vol_interaction,20260912,0.5637358072675225,0.5637358072675225,1,0
quarter_trend2_validated,2718,2022-04-08,2022-04-18,-0.0120986062576864,2022,2022-03-31,learned_vol_interaction,20260912,0.5628559944649006,0.5628559944649006,1,0
quarter_volatility2_validated,2718,2022-04-08,2022-04-18,-0.0120986062576864,2022,2022-03-31,learned_vol_interaction,20260912,0.5628559944649006,0.5628559944649006,1,0
quarter_trend2_validated,2723,2022-04-15,2022-04-25,-0.0528494340140576,2022,2022-03-31,learned_vol_interaction,20260912,0.5747919255172403,0.5747919255172403,1,0
quarter_volatility2_validated,2723,2022-04-15,2022-04-25,-0.0528494340140576,2022,2022-03-31,learned_vol_interaction,20260912,0.5747919255172403,0.5747919255172403,1,0
quarter_trend2_validated,2728,2022-04-22,2022-05-05,0.015736821365468,2022,2022-03-31,learned_vol_interaction,20260912,0.5170916019143975,0.5170916019143975,1,1
quarter_volatility2_validated,2728,2022-04-22,2022-05-05,0.015736821365468,2022,2022-03-31,learned_vol_interaction,20260912,0.5170916019143975,0.5170916019143975,1,1
quarter_trend2_validated,2733,2022-04-29,2022-05-11,-0.0278824133054675,2022,2022-03-31,learned_vol_interaction,20260912,0.40387814010224393,0.40387814010224393,0,0
quarter_volatility2_validated,2733,2022-04-29,2022-05-11,-0.0278824133054675,2022,2022-03-31,learned_vol_interaction,20260912,0.40387814010224393,0.40387814010224393,0,0
quarter_trend2_validated,2735,2022-05-06,2022-05-16,0.033741423035827,2022,2022-03-31,learned_vol_interaction,20260912,0.4773185927787562,0.4773185927787562,0,1
quarter_volatility2_validated,2735,2022-05-06,2022-05-16,0.033741423035827,2022,2022-03-31,learned_vol_interaction,20260912,0.4773185927787562,0.4773185927787562,0,1
quarter_trend2_validated,2740,2022-05-13,2022-05-23,0.0164308841843088,2022,2022-03-31,learned_vol_interaction,20260912,0.4698933454358381,0.4698933454358381,0,1
quarter_volatility2_validated,2740,2022-05-13,2022-05-23,0.0164308841843088,2022,2022-03-31,learned_vol_interaction,20260912,0.4698933454358381,0.4698933454358381,0,1
quarter_trend2_validated,2745,2022-05-20,2022-05-30,-0.0147293413085614,2022,2022-03-31,learned_vol_interaction,20260912,0.4802495124922596,0.4802495124922596,0,0
quarter_volatility2_validated,2745,2022-05-20,2022-05-30,-0.0147293413085614,2022,2022-03-31,learned_vol_interaction,20260912,0.4802495124922596,0.4802495124922596,0,0
quarter_trend2_validated,2750,2022-05-27,2022-06-13,0.0431748431927498,2022,2022-03-31,learned_vol_interaction,20260912,0.4601952965187793,0.4601952965187793,0,1
quarter_volatility2_validated,2750,2022-05-27,2022-06-13,0.0431748431927498,2022,2022-03-31,learned_vol_interaction,20260912,0.4601952965187793,0.4601952965187793,0,1
quarter_trend2_validated,2759,2022-06-10,2022-06-20,0.0306046547112142,2022,2022-03-31,learned_vol_interaction,20260912,0.32387572436005274,0.32387572436005274,0,1
quarter_volatility2_validated,2759,2022-06-10,2022-06-20,0.0306046547112142,2022,2022-03-31,learned_vol_interaction,20260912,0.32387572436005274,0.32387572436005274,0,1
quarter_trend2_validated,2764,2022-06-17,2022-06-27,0.0211666894141107,2022,2022-03-31,learned_vol_interaction,20260912,0.2947636043884615,0.2947636043884615,0,1
quarter_volatility2_validated,2764,2022-06-17,2022-06-27,0.0211666894141107,2022,2022-03-31,learned_vol_interaction,20260912,0.2947636043884615,0.2947636043884615,0,1
quarter_trend2_validated,2769,2022-06-24,2022-07-04,0.0074507343130214,2022,2022-03-31,learned_vol_interaction,20260912,0.374996784204944,0.374996784204944,0,1
quarter_volatility2_validated,2769,2022-06-24,2022-07-04,0.0074507343130214,2022,2022-03-31,learned_vol_interaction,20260912,0.374996784204944,0.374996784204944,0,1
quarter_trend2_validated,2774,2022-07-01,2022-07-11,-0.0092349827532707,2022,2022-06-30,learned_vol_interaction,20260912,0.3627477495911205,0.3627477495911205,0,0
quarter_volatility2_validated,2774,2022-07-01,2022-07-11,-0.0092349827532707,2022,2022-06-30,learned_vol_interaction,20260912,0.3627477495911205,0.3627477495911205,0,0
quarter_trend2_validated,2779,2022-07-08,2022-07-18,-0.0326815927737367,2022,2022-06-30,learned_vol_interaction,20260912,0.4386327346901708,0.4386327346901708,0,0
quarter_volatility2_validated,2779,2022-07-08,2022-07-18,-0.0326815927737367,2022,2022-06-30,learned_vol_interaction,20260912,0.4386327346901708,0.4386327346901708,0,0
quarter_trend2_validated,2784,2022-07-15,2022-07-25,-0.0066210715249344,2022,2022-06-30,learned_vol_interaction,20260912,0.48961628460365914,0.48961628460365914,0,0
quarter_volatility2_validated,2784,2022-07-15,2022-07-25,-0.0066210715249344,2022,2022-06-30,learned_vol_interaction,20260912,0.48961628460365914,0.48961628460365914,0,0
quarter_trend2_validated,2789,2022-07-22,2022-08-01,-0.0173077967751003,2022,2022-06-30,learned_vol_interaction,20260912,0.5476518151604005,0.5476518151604005,1,0
quarter_volatility2_validated,2789,2022-07-22,2022-08-01,-0.0173077967751003,2022,2022-06-30,learned_vol_interaction,20260912,0.5476518151604005,0.5476518151604005,1,0
quarter_trend2_validated,2794,2022-07-29,2022-08-08,-0.004456034513838,2022,2022-06-30,learned_vol_interaction,20260912,0.7328326518032054,0.7328326518032054,1,0
quarter_volatility2_validated,2794,2022-07-29,2022-08-08,-0.004456034513838,2022,2022-06-30,learned_vol_interaction,20260912,0.7328326518032054,0.7328326518032054,1,0
quarter_trend2_validated,2799,2022-08-05,2022-08-15,0.0091475117753996,2022,2022-06-30,learned_vol_interaction,20260912,0.6561494296696646,0.6561494296696646,1,1
quarter_volatility2_validated,2799,2022-08-05,2022-08-15,0.0091475117753996,2022,2022-06-30,learned_vol_interaction,20260912,0.6561494296696646,0.6561494296696646,1,1
quarter_trend2_validated,2804,2022-08-12,2022-08-22,-0.0107272727272728,2022,2022-06-30,learned_vol_interaction,20260912,0.5667272646102238,0.5667272646102238,1,0
quarter_volatility2_validated,2804,2022-08-12,2022-08-22,-0.0107272727272728,2022,2022-06-30,learned_vol_interaction,20260912,0.5667272646102238,0.5667272646102238,1,0
quarter_trend2_validated,2809,2022-08-19,2022-08-29,-0.0172375434082356,2022,2022-06-30,learned_vol_interaction,20260912,0.5755574714973257,0.5755574714973257,1,0
quarter_volatility2_validated,2809,2022-08-19,2022-08-29,-0.0172375434082356,2022,2022-06-30,learned_vol_interaction,20260912,0.5755574714973257,0.5755574714973257,1,0
quarter_trend2_validated,2814,2022-08-26,2022-09-05,-0.0131573766941938,2022,2022-06-30,learned_vol_interaction,20260912,0.5992889777279924,0.5992889777279924,1,0
quarter_volatility2_validated,2814,2022-08-26,2022-09-05,-0.0131573766941938,2022,2022-06-30,learned_vol_interaction,20260912,0.5992889777279924,0.5992889777279924,1,0
quarter_trend2_validated,2819,2022-09-02,2022-09-13,0.0253340680878015,2022,2022-06-30,learned_vol_interaction,20260912,0.6636201775005496,0.6636201775005496,1,1
quarter_volatility2_validated,2819,2022-09-02,2022-09-13,0.0253340680878015,2022,2022-06-30,learned_vol_interaction,20260912,0.6636201775005496,0.6636201775005496,1,1
quarter_trend2_validated,2824,2022-09-09,2022-09-19,-0.044647264962877,2022,2022-06-30,learned_vol_interaction,20260912,0.7803694380682105,0.7803694380682105,1,0
quarter_volatility2_validated,2824,2022-09-09,2022-09-19,-0.044647264962877,2022,2022-06-30,learned_vol_interaction,20260912,0.7803694380682105,0.7803694380682105,1,0
quarter_trend2_validated,2828,2022-09-16,2022-09-26,-0.025155151434928,2022,2022-06-30,learned_vol_interaction,20260912,0.7561873327161356,0.7561873327161356,1,0
quarter_volatility2_validated,2828,2022-09-16,2022-09-26,-0.025155151434928,2022,2022-06-30,learned_vol_interaction,20260912,0.7561873327161356,0.7561873327161356,1,0
quarter_trend2_validated,2833,2022-09-23,2022-10-10,-0.0060162941299352,2022,2022-06-30,learned_vol_interaction,20260912,0.741993522692739,0.741993522692739,1,0
quarter_volatility2_validated,2833,2022-09-23,2022-10-10,-0.0060162941299352,2022,2022-06-30,learned_vol_interaction,20260912,0.741993522692739,0.741993522692739,1,0
quarter_trend2_validated,2838,2022-09-30,2022-10-17,0.0041192047412885,2022,2022-06-30,learned_vol_interaction,20260912,0.7050997161299666,0.7050997161299666,1,1
quarter_volatility2_validated,2838,2022-09-30,2022-10-17,0.0041192047412885,2022,2022-06-30,learned_vol_interaction,20260912,0.7050997161299666,0.7050997161299666,1,1
quarter_trend2_validated,2843,2022-10-14,2022-10-24,-0.0246766294110258,2022,2022-09-30,learned_vol_interaction,20260912,0.5871886836004885,0.5871886836004885,1,0
quarter_volatility2_validated,2843,2022-10-14,2022-10-24,-0.0246766294110258,2022,2022-09-30,learned_vol_interaction,20260912,0.5871886836004885,0.5871886836004885,1,0
quarter_trend2_validated,2848,2022-10-21,2022-10-31,-0.059928861134359,2022,2022-09-30,learned_vol_interaction,20260912,0.6628098538254427,0.6628098538254427,1,0
quarter_volatility2_validated,2848,2022-10-21,2022-10-31,-0.059928861134359,2022,2022-09-30,learned_vol_interaction,20260912,0.6628098538254427,0.6628098538254427,1,0
quarter_trend2_validated,2853,2022-10-28,2022-11-07,0.071339502526744,2022,2022-09-30,learned_vol_interaction,20260912,0.534286880369217,0.534286880369217,1,1
quarter_volatility2_validated,2853,2022-10-28,2022-11-07,0.071339502526744,2022,2022-09-30,learned_vol_interaction,20260912,0.534286880369217,0.534286880369217,1,1
quarter_trend2_validated,2858,2022-11-04,2022-11-14,0.0169449090696014,2022,2022-09-30,learned_vol_interaction,20260912,0.49519570030892074,0.49519570030892074,0,1
quarter_volatility2_validated,2858,2022-11-04,2022-11-14,0.0169449090696014,2022,2022-09-30,learned_vol_interaction,20260912,0.49519570030892074,0.49519570030892074,0,1
quarter_trend2_validated,2863,2022-11-11,2022-11-21,-0.0127051391515239,2022,2022-09-30,learned_vol_interaction,20260912,0.5081257076644325,0.5081257076644325,1,0
quarter_volatility2_validated,2863,2022-11-11,2022-11-21,-0.0127051391515239,2022,2022-09-30,learned_vol_interaction,20260912,0.5081257076644325,0.5081257076644325,1,0
quarter_trend2_validated,2868,2022-11-18,2022-11-28,-0.0179672806084416,2022,2022-09-30,learned_vol_interaction,20260912,0.42590416475914467,0.42590416475914467,0,0
quarter_volatility2_validated,2868,2022-11-18,2022-11-28,-0.0179672806084416,2022,2022-09-30,learned_vol_interaction,20260912,0.42590416475914467,0.42590416475914467,0,0
quarter_trend2_validated,2873,2022-11-25,2022-12-05,0.0555768659337096,2022,2022-09-30,learned_vol_interaction,20260912,0.47730469118095553,0.47730469118095553,0,1
quarter_volatility2_validated,2873,2022-11-25,2022-12-05,0.0555768659337096,2022,2022-09-30,learned_vol_interaction,20260912,0.47730469118095553,0.47730469118095553,0,1
quarter_trend2_validated,2878,2022-12-02,2022-12-12,0.0175374394775362,2022,2022-09-30,learned_vol_interaction,20260912,0.4581192490056767,0.4581192490056767,0,1
quarter_volatility2_validated,2878,2022-12-02,2022-12-12,0.0175374394775362,2022,2022-09-30,learned_vol_interaction,20260912,0.4581192490056767,0.4581192490056767,0,1
quarter_trend2_validated,2883,2022-12-09,2022-12-19,-0.0058850602464181,2022,2022-09-30,learned_vol_interaction,20260912,0.5107074648650665,0.5107074648650665,1,0
quarter_volatility2_validated,2883,2022-12-09,2022-12-19,-0.0058850602464181,2022,2022-09-30,learned_vol_interaction,20260912,0.5107074648650665,0.5107074648650665,1,0
quarter_trend2_validated,2888,2022-12-16,2022-12-26,-0.0309150292073658,2022,2022-09-30,learned_vol_interaction,20260912,0.577345601785579,0.577345601785579,1,0
quarter_volatility2_validated,2888,2022-12-16,2022-12-26,-0.0309150292073658,2022,2022-09-30,learned_vol_interaction,20260912,0.5876755797044,0.5876755797044,1,0
quarter_trend2_validated,2893,2022-12-23,2023-01-03,0.0089464492229616,2022,2022-09-30,learned_vol_interaction,20260912,0.4525053522549514,0.4525053522549514,0,1
quarter_volatility2_validated,2893,2022-12-23,2023-01-03,0.0089464492229616,2022,2022-09-30,learned_vol_interaction,20260912,0.4525053522549514,0.4525053522549514,0,1
quarter_trend2_validated,2898,2022-12-30,2023-01-09,0.0345913414268119,2022,2022-09-30,learned_vol_interaction,20260912,0.38621126543898443,0.38621126543898443,0,1
quarter_volatility2_validated,2898,2022-12-30,2023-01-09,0.0345913414268119,2022,2022-09-30,learned_vol_interaction,20260912,0.3963282311544579,0.3963282311544579,0,1
quarter_trend2_validated,2660,2022-01-07,2022-01-17,-0.0173453887283024,2022,2021-12-31,learned_order_extension,20260912,0.7021249449389755,0.7021249449389755,1,0
quarter_volatility2_validated,2660,2022-01-07,2022-01-17,-0.0173453887283024,2022,2021-12-31,learned_order_extension,20260912,0.7021249449389755,0.7021249449389755,1,0
quarter_trend2_validated,2665,2022-01-14,2022-01-24,0.0053248631776616,2022,2021-12-31,learned_order_extension,20260912,0.519422850065438,0.519422850065438,1,1
quarter_volatility2_validated,2665,2022-01-14,2022-01-24,0.0053248631776616,2022,2021-12-31,learned_order_extension,20260912,0.519422850065438,0.519422850065438,1,1
quarter_trend2_validated,2670,2022-01-21,2022-02-07,-0.0242661876254222,2022,2021-12-31,learned_order_extension,20260912,0.7149761694840576,0.7149761694840576,1,0
quarter_volatility2_validated,2670,2022-01-21,2022-02-07,-0.0242661876254222,2022,2021-12-31,learned_order_extension,20260912,0.7149761694840576,0.7149761694840576,1,0
quarter_trend2_validated,2675,2022-01-28,2022-02-14,-0.0127539031341488,2022,2021-12-31,learned_order_extension,20260912,0.5563462821352916,0.5563462821352916,1,0
quarter_volatility2_validated,2675,2022-01-28,2022-02-14,-0.0127539031341488,2022,2021-12-31,learned_order_extension,20260912,0.5563462821352916,0.5563462821352916,1,0
quarter_trend2_validated,2680,2022-02-11,2022-02-21,0.0145498774954033,2022,2021-12-31,learned_order_extension,20260912,0.6112227291481532,0.6112227291481532,1,1
quarter_volatility2_validated,2680,2022-02-11,2022-02-21,0.0145498774954033,2022,2021-12-31,learned_order_extension,20260912,0.6112227291481532,0.6112227291481532,1,1
quarter_trend2_validated,2685,2022-02-18,2022-02-28,-0.0177161244498015,2022,2021-12-31,learned_order_extension,20260912,0.7082710857336353,0.7082710857336353,1,0
quarter_volatility2_validated,2685,2022-02-18,2022-02-28,-0.0177161244498015,2022,2021-12-31,learned_order_extension,20260912,0.7082710857336353,0.7082710857336353,1,0
quarter_trend2_validated,2690,2022-02-25,2022-03-07,-0.0221791776043331,2022,2021-12-31,learned_order_extension,20260912,0.672646545498505,0.672646545498505,1,0
quarter_volatility2_validated,2690,2022-02-25,2022-03-07,-0.0221791776043331,2022,2021-12-31,learned_order_extension,20260912,0.672646545498505,0.672646545498505,1,0
quarter_trend2_validated,2695,2022-03-04,2022-03-14,-0.0480378799422749,2022,2021-12-31,learned_order_extension,20260912,0.7063888110552541,0.7063888110552541,1,0
quarter_volatility2_validated,2695,2022-03-04,2022-03-14,-0.0480378799422749,2022,2021-12-31,learned_order_extension,20260912,0.7063888110552541,0.7063888110552541,1,0
quarter_trend2_validated,2700,2022-03-11,2022-03-21,0.007530336734814,2022,2021-12-31,learned_order_extension,20260912,0.6284040084971629,0.6284040084971629,1,1
quarter_volatility2_validated,2700,2022-03-11,2022-03-21,0.007530336734814,2022,2021-12-31,learned_order_extension,20260912,0.6284040084971629,0.6284040084971629,1,1
quarter_trend2_validated,2705,2022-03-18,2022-03-28,-0.0353493110038457,2022,2021-12-31,learned_order_extension,20260912,0.5929220651203073,0.5929220651203073,1,0
quarter_volatility2_validated,2705,2022-03-18,2022-03-28,-0.0353493110038457,2022,2021-12-31,learned_order_extension,20260912,0.5929220651203073,0.5929220651203073,1,0
quarter_trend2_validated,2710,2022-03-25,2022-04-06,0.0314834190717003,2022,2021-12-31,learned_order_extension,20260912,0.560900893741765,0.560900893741765,1,1
quarter_volatility2_validated,2710,2022-03-25,2022-04-06,0.0314834190717003,2022,2021-12-31,learned_order_extension,20260912,0.560900893741765,0.560900893741765,1,1
quarter_trend2_validated,2715,2022-04-01,2022-04-12,-0.0129237372705649,2022,2022-03-31,learned_order_extension,20260912,0.5663838497464478,0.5663838497464478,1,0
quarter_volatility2_validated,2715,2022-04-01,2022-04-12,-0.0129237372705649,2022,2022-03-31,learned_order_extension,20260912,0.5663838497464478,0.5663838497464478,1,0
quarter_trend2_validated,2718,2022-04-08,2022-04-18,-0.0120986062576864,2022,2022-03-31,learned_order_extension,20260912,0.5658097590213205,0.5658097590213205,1,0
quarter_volatility2_validated,2718,2022-04-08,2022-04-18,-0.0120986062576864,2022,2022-03-31,learned_order_extension,20260912,0.5658097590213205,0.5658097590213205,1,0
quarter_trend2_validated,2723,2022-04-15,2022-04-25,-0.0528494340140576,2022,2022-03-31,learned_order_extension,20260912,0.5761777041401651,0.5761777041401651,1,0
quarter_volatility2_validated,2723,2022-04-15,2022-04-25,-0.0528494340140576,2022,2022-03-31,learned_order_extension,20260912,0.5761777041401651,0.5761777041401651,1,0
quarter_trend2_validated,2728,2022-04-22,2022-05-05,0.015736821365468,2022,2022-03-31,learned_order_extension,20260912,0.5221611817410305,0.5221611817410305,1,1
quarter_volatility2_validated,2728,2022-04-22,2022-05-05,0.015736821365468,2022,2022-03-31,learned_order_extension,20260912,0.5221611817410305,0.5221611817410305,1,1
quarter_trend2_validated,2733,2022-04-29,2022-05-11,-0.0278824133054675,2022,2022-03-31,learned_order_extension,20260912,0.4014543582757582,0.4014543582757582,0,0
quarter_volatility2_validated,2733,2022-04-29,2022-05-11,-0.0278824133054675,2022,2022-03-31,learned_order_extension,20260912,0.4014543582757582,0.4014543582757582,0,0
quarter_trend2_validated,2735,2022-05-06,2022-05-16,0.033741423035827,2022,2022-03-31,learned_order_extension,20260912,0.47602162546573495,0.47602162546573495,0,1
quarter_volatility2_validated,2735,2022-05-06,2022-05-16,0.033741423035827,2022,2022-03-31,learned_order_extension,20260912,0.47602162546573495,0.47602162546573495,0,1
quarter_trend2_validated,2740,2022-05-13,2022-05-23,0.0164308841843088,2022,2022-03-31,learned_order_extension,20260912,0.4674156580741896,0.4674156580741896,0,1
quarter_volatility2_validated,2740,2022-05-13,2022-05-23,0.0164308841843088,2022,2022-03-31,learned_order_extension,20260912,0.4674156580741896,0.4674156580741896,0,1
quarter_trend2_validated,2745,2022-05-20,2022-05-30,-0.0147293413085614,2022,2022-03-31,learned_order_extension,20260912,0.48286106588586175,0.48286106588586175,0,0
quarter_volatility2_validated,2745,2022-05-20,2022-05-30,-0.0147293413085614,2022,2022-03-31,learned_order_extension,20260912,0.48286106588586175,0.48286106588586175,0,0
quarter_trend2_validated,2750,2022-05-27,2022-06-13,0.0431748431927498,2022,2022-03-31,learned_order_extension,20260912,0.4605980778391567,0.4605980778391567,0,1
quarter_volatility2_validated,2750,2022-05-27,2022-06-13,0.0431748431927498,2022,2022-03-31,learned_order_extension,20260912,0.4605980778391567,0.4605980778391567,0,1
quarter_trend2_validated,2759,2022-06-10,2022-06-20,0.0306046547112142,2022,2022-03-31,learned_order_extension,20260912,0.3307362612743242,0.3307362612743242,0,1
quarter_volatility2_validated,2759,2022-06-10,2022-06-20,0.0306046547112142,2022,2022-03-31,learned_order_extension,20260912,0.3307362612743242,0.3307362612743242,0,1
quarter_trend2_validated,2764,2022-06-17,2022-06-27,0.0211666894141107,2022,2022-03-31,learned_order_extension,20260912,0.312819666276213,0.312819666276213,0,1
quarter_volatility2_validated,2764,2022-06-17,2022-06-27,0.0211666894141107,2022,2022-03-31,learned_order_extension,20260912,0.312819666276213,0.312819666276213,0,1
quarter_trend2_validated,2769,2022-06-24,2022-07-04,0.0074507343130214,2022,2022-03-31,learned_order_extension,20260912,0.38479843885136705,0.38479843885136705,0,1
quarter_volatility2_validated,2769,2022-06-24,2022-07-04,0.0074507343130214,2022,2022-03-31,learned_order_extension,20260912,0.38479843885136705,0.38479843885136705,0,1
quarter_trend2_validated,2774,2022-07-01,2022-07-11,-0.0092349827532707,2022,2022-06-30,learned_order_extension,20260912,0.374217053609673,0.374217053609673,0,0
quarter_volatility2_validated,2774,2022-07-01,2022-07-11,-0.0092349827532707,2022,2022-06-30,learned_order_extension,20260912,0.3336363426134916,0.3336363426134916,0,0
quarter_trend2_validated,2779,2022-07-08,2022-07-18,-0.0326815927737367,2022,2022-06-30,learned_order_extension,20260912,0.4519894158378443,0.4519894158378443,0,0
quarter_volatility2_validated,2779,2022-07-08,2022-07-18,-0.0326815927737367,2022,2022-06-30,learned_order_extension,20260912,0.40848008439900824,0.40848008439900824,0,0
quarter_trend2_validated,2784,2022-07-15,2022-07-25,-0.0066210715249344,2022,2022-06-30,learned_order_extension,20260912,0.4940204054336156,0.4940204054336156,0,0
quarter_volatility2_validated,2784,2022-07-15,2022-07-25,-0.0066210715249344,2022,2022-06-30,learned_order_extension,20260912,0.44978587773884865,0.44978587773884865,0,0
quarter_trend2_validated,2789,2022-07-22,2022-08-01,-0.0173077967751003,2022,2022-06-30,learned_order_extension,20260912,0.5530846362953933,0.5530846362953933,1,0
quarter_volatility2_validated,2789,2022-07-22,2022-08-01,-0.0173077967751003,2022,2022-06-30,learned_order_extension,20260912,0.5530846362953933,0.5530846362953933,1,0
quarter_trend2_validated,2794,2022-07-29,2022-08-08,-0.004456034513838,2022,2022-06-30,learned_order_extension,20260912,0.7003654415092999,0.7003654415092999,1,0
quarter_volatility2_validated,2794,2022-07-29,2022-08-08,-0.004456034513838,2022,2022-06-30,learned_order_extension,20260912,0.7003654415092999,0.7003654415092999,1,0
quarter_trend2_validated,2799,2022-08-05,2022-08-15,0.0091475117753996,2022,2022-06-30,learned_order_extension,20260912,0.6341161655828421,0.6341161655828421,1,1
quarter_volatility2_validated,2799,2022-08-05,2022-08-15,0.0091475117753996,2022,2022-06-30,learned_order_extension,20260912,0.6341161655828421,0.6341161655828421,1,1
quarter_trend2_validated,2804,2022-08-12,2022-08-22,-0.0107272727272728,2022,2022-06-30,learned_order_extension,20260912,0.5691662323086379,0.5691662323086379,1,0
quarter_volatility2_validated,2804,2022-08-12,2022-08-22,-0.0107272727272728,2022,2022-06-30,learned_order_extension,20260912,0.5691662323086379,0.5691662323086379,1,0
quarter_trend2_validated,2809,2022-08-19,2022-08-29,-0.0172375434082356,2022,2022-06-30,learned_order_extension,20260912,0.5696880836750867,0.5696880836750867,1,0
quarter_volatility2_validated,2809,2022-08-19,2022-08-29,-0.0172375434082356,2022,2022-06-30,learned_order_extension,20260912,0.5696880836750867,0.5696880836750867,1,0
quarter_trend2_validated,2814,2022-08-26,2022-09-05,-0.0131573766941938,2022,2022-06-30,learned_order_extension,20260912,0.5878257984810045,0.5878257984810045,1,0
quarter_volatility2_validated,2814,2022-08-26,2022-09-05,-0.0131573766941938,2022,2022-06-30,learned_order_extension,20260912,0.5442261686281344,0.5442261686281344,1,0
quarter_trend2_validated,2819,2022-09-02,2022-09-13,0.0253340680878015,2022,2022-06-30,learned_order_extension,20260912,0.6379877793880597,0.6379877793880597,1,1
quarter_volatility2_validated,2819,2022-09-02,2022-09-13,0.0253340680878015,2022,2022-06-30,learned_order_extension,20260912,0.6379877793880597,0.6379877793880597,1,1
quarter_trend2_validated,2824,2022-09-09,2022-09-19,-0.044647264962877,2022,2022-06-30,learned_order_extension,20260912,0.7291911589139091,0.7291911589139091,1,0
quarter_volatility2_validated,2824,2022-09-09,2022-09-19,-0.044647264962877,2022,2022-06-30,learned_order_extension,20260912,0.7291911589139091,0.7291911589139091,1,0
quarter_trend2_validated,2828,2022-09-16,2022-09-26,-0.025155151434928,2022,2022-06-30,learned_order_extension,20260912,0.7111098702993732,0.7111098702993732,1,0
quarter_volatility2_validated,2828,2022-09-16,2022-09-26,-0.025155151434928,2022,2022-06-30,learned_order_extension,20260912,0.7111098702993732,0.7111098702993732,1,0
quarter_trend2_validated,2833,2022-09-23,2022-10-10,-0.0060162941299352,2022,2022-06-30,learned_order_extension,20260912,0.7077372458929503,0.7077372458929503,1,0
quarter_volatility2_validated,2833,2022-09-23,2022-10-10,-0.0060162941299352,2022,2022-06-30,learned_order_extension,20260912,0.7077372458929503,0.7077372458929503,1,0
quarter_trend2_validated,2838,2022-09-30,2022-10-17,0.0041192047412885,2022,2022-06-30,learned_order_extension,20260912,0.6810391020203391,0.6810391020203391,1,1
quarter_volatility2_validated,2838,2022-09-30,2022-10-17,0.0041192047412885,2022,2022-06-30,learned_order_extension,20260912,0.6810391020203391,0.6810391020203391,1,1
quarter_trend2_validated,2843,2022-10-14,2022-10-24,-0.0246766294110258,2022,2022-09-30,learned_order_extension,20260912,0.5780452108695775,0.5780452108695775,1,0
quarter_volatility2_validated,2843,2022-10-14,2022-10-24,-0.0246766294110258,2022,2022-09-30,learned_order_extension,20260912,0.5780452108695775,0.5780452108695775,1,0
quarter_trend2_validated,2848,2022-10-21,2022-10-31,-0.059928861134359,2022,2022-09-30,learned_order_extension,20260912,0.6522176427129165,0.6522176427129165,1,0
quarter_volatility2_validated,2848,2022-10-21,2022-10-31,-0.059928861134359,2022,2022-09-30,learned_order_extension,20260912,0.6522176427129165,0.6522176427129165,1,0
quarter_trend2_validated,2853,2022-10-28,2022-11-07,0.071339502526744,2022,2022-09-30,learned_order_extension,20260912,0.5335986065550459,0.5335986065550459,1,1
quarter_volatility2_validated,2853,2022-10-28,2022-11-07,0.071339502526744,2022,2022-09-30,learned_order_extension,20260912,0.5335986065550459,0.5335986065550459,1,1
quarter_trend2_validated,2858,2022-11-04,2022-11-14,0.0169449090696014,2022,2022-09-30,learned_order_extension,20260912,0.4987947331500217,0.4987947331500217,0,1
quarter_volatility2_validated,2858,2022-11-04,2022-11-14,0.0169449090696014,2022,2022-09-30,learned_order_extension,20260912,0.4987947331500217,0.4987947331500217,0,1
quarter_trend2_validated,2863,2022-11-11,2022-11-21,-0.0127051391515239,2022,2022-09-30,learned_order_extension,20260912,0.5087391037241329,0.5087391037241329,1,0
quarter_volatility2_validated,2863,2022-11-11,2022-11-21,-0.0127051391515239,2022,2022-09-30,learned_order_extension,20260912,0.5087391037241329,0.5087391037241329,1,0
quarter_trend2_validated,2868,2022-11-18,2022-11-28,-0.0179672806084416,2022,2022-09-30,learned_order_extension,20260912,0.4198421144660997,0.4198421144660997,0,0
quarter_volatility2_validated,2868,2022-11-18,2022-11-28,-0.0179672806084416,2022,2022-09-30,learned_order_extension,20260912,0.4198421144660997,0.4198421144660997,0,0
quarter_trend2_validated,2873,2022-11-25,2022-12-05,0.0555768659337096,2022,2022-09-30,learned_order_extension,20260912,0.46813125282876833,0.46813125282876833,0,1
quarter_volatility2_validated,2873,2022-11-25,2022-12-05,0.0555768659337096,2022,2022-09-30,learned_order_extension,20260912,0.46813125282876833,0.46813125282876833,0,1
quarter_trend2_validated,2878,2022-12-02,2022-12-12,0.0175374394775362,2022,2022-09-30,learned_order_extension,20260912,0.4494453870275048,0.4494453870275048,0,1
quarter_volatility2_validated,2878,2022-12-02,2022-12-12,0.0175374394775362,2022,2022-09-30,learned_order_extension,20260912,0.4494453870275048,0.4494453870275048,0,1
quarter_trend2_validated,2883,2022-12-09,2022-12-19,-0.0058850602464181,2022,2022-09-30,learned_order_extension,20260912,0.5078172034516703,0.5078172034516703,1,0
quarter_volatility2_validated,2883,2022-12-09,2022-12-19,-0.0058850602464181,2022,2022-09-30,learned_order_extension,20260912,0.5078172034516703,0.5078172034516703,1,0
quarter_trend2_validated,2888,2022-12-16,2022-12-26,-0.0309150292073658,2022,2022-09-30,learned_order_extension,20260912,0.5828808234167271,0.5828808234167271,1,0
quarter_volatility2_validated,2888,2022-12-16,2022-12-26,-0.0309150292073658,2022,2022-09-30,learned_order_extension,20260912,0.5936713773108185,0.5936713773108185,1,0
quarter_trend2_validated,2893,2022-12-23,2023-01-03,0.0089464492229616,2022,2022-09-30,learned_order_extension,20260912,0.45819657918619455,0.45819657918619455,0,1
quarter_volatility2_validated,2893,2022-12-23,2023-01-03,0.0089464492229616,2022,2022-09-30,learned_order_extension,20260912,0.45819657918619455,0.45819657918619455,0,1
quarter_trend2_validated,2898,2022-12-30,2023-01-09,0.0345913414268119,2022,2022-09-30,learned_order_extension,20260912,0.39176278233566636,0.39176278233566636,0,1
quarter_volatility2_validated,2898,2022-12-30,2023-01-09,0.0345913414268119,2022,2022-09-30,learned_order_extension,20260912,0.4024287297851957,0.4024287297851957,0,1
quarter_trend2_validated,2660,2022-01-07,2022-01-17,-0.0173453887283024,2022,2021-12-31,learned_order_offset,20260912,0.7021002597589074,0.7021002597589074,1,0
quarter_volatility2_validated,2660,2022-01-07,2022-01-17,-0.0173453887283024,2022,2021-12-31,learned_order_offset,20260912,0.7021002597589074,0.7021002597589074,1,0
quarter_trend2_validated,2665,2022-01-14,2022-01-24,0.0053248631776616,2022,2021-12-31,learned_order_offset,20260912,0.5194500670143739,0.5194500670143739,1,1
quarter_volatility2_validated,2665,2022-01-14,2022-01-24,0.0053248631776616,2022,2021-12-31,learned_order_offset,20260912,0.5194500670143739,0.5194500670143739,1,1
quarter_trend2_validated,2670,2022-01-21,2022-02-07,-0.0242661876254222,2022,2021-12-31,learned_order_offset,20260912,0.7150659531425939,0.7150659531425939,1,0
quarter_volatility2_validated,2670,2022-01-21,2022-02-07,-0.0242661876254222,2022,2021-12-31,learned_order_offset,20260912,0.7150659531425939,0.7150659531425939,1,0
quarter_trend2_validated,2675,2022-01-28,2022-02-14,-0.0127539031341488,2022,2021-12-31,learned_order_offset,20260912,0.5563566039667686,0.5563566039667686,1,0
quarter_volatility2_validated,2675,2022-01-28,2022-02-14,-0.0127539031341488,2022,2021-12-31,learned_order_offset,20260912,0.5563566039667686,0.5563566039667686,1,0
quarter_trend2_validated,2680,2022-02-11,2022-02-21,0.0145498774954033,2022,2021-12-31,learned_order_offset,20260912,0.6110482909835675,0.6110482909835675,1,1
quarter_volatility2_validated,2680,2022-02-11,2022-02-21,0.0145498774954033,2022,2021-12-31,learned_order_offset,20260912,0.6110482909835675,0.6110482909835675,1,1
quarter_trend2_validated,2685,2022-02-18,2022-02-28,-0.0177161244498015,2022,2021-12-31,learned_order_offset,20260912,0.7082662053268953,0.7082662053268953,1,0
quarter_volatility2_validated,2685,2022-02-18,2022-02-28,-0.0177161244498015,2022,2021-12-31,learned_order_offset,20260912,0.7082662053268953,0.7082662053268953,1,0
quarter_trend2_validated,2690,2022-02-25,2022-03-07,-0.0221791776043331,2022,2021-12-31,learned_order_offset,20260912,0.6726443299723985,0.6726443299723985,1,0
quarter_volatility2_validated,2690,2022-02-25,2022-03-07,-0.0221791776043331,2022,2021-12-31,learned_order_offset,20260912,0.6726443299723985,0.6726443299723985,1,0
quarter_trend2_validated,2695,2022-03-04,2022-03-14,-0.0480378799422749,2022,2021-12-31,learned_order_offset,20260912,0.7063540116439039,0.7063540116439039,1,0
quarter_volatility2_validated,2695,2022-03-04,2022-03-14,-0.0480378799422749,2022,2021-12-31,learned_order_offset,20260912,0.7063540116439039,0.7063540116439039,1,0
quarter_trend2_validated,2700,2022-03-11,2022-03-21,0.007530336734814,2022,2021-12-31,learned_order_offset,20260912,0.6284302090313957,0.6284302090313957,1,1
quarter_volatility2_validated,2700,2022-03-11,2022-03-21,0.007530336734814,2022,2021-12-31,learned_order_offset,20260912,0.6284302090313957,0.6284302090313957,1,1
quarter_trend2_validated,2705,2022-03-18,2022-03-28,-0.0353493110038457,2022,2021-12-31,learned_order_offset,20260912,0.5930408007656572,0.5930408007656572,1,0
quarter_volatility2_validated,2705,2022-03-18,2022-03-28,-0.0353493110038457,2022,2021-12-31,learned_order_offset,20260912,0.5930408007656572,0.5930408007656572,1,0
quarter_trend2_validated,2710,2022-03-25,2022-04-06,0.0314834190717003,2022,2021-12-31,learned_order_offset,20260912,0.5609837979969954,0.5609837979969954,1,1
quarter_volatility2_validated,2710,2022-03-25,2022-04-06,0.0314834190717003,2022,2021-12-31,learned_order_offset,20260912,0.5609837979969954,0.5609837979969954,1,1
quarter_trend2_validated,2715,2022-04-01,2022-04-12,-0.0129237372705649,2022,2022-03-31,learned_order_offset,20260912,0.5664637136117925,0.5664637136117925,1,0
quarter_volatility2_validated,2715,2022-04-01,2022-04-12,-0.0129237372705649,2022,2022-03-31,learned_order_offset,20260912,0.5664637136117925,0.5664637136117925,1,0
quarter_trend2_validated,2718,2022-04-08,2022-04-18,-0.0120986062576864,2022,2022-03-31,learned_order_offset,20260912,0.5658239286779201,0.5658239286779201,1,0
quarter_volatility2_validated,2718,2022-04-08,2022-04-18,-0.0120986062576864,2022,2022-03-31,learned_order_offset,20260912,0.5658239286779201,0.5658239286779201,1,0
quarter_trend2_validated,2723,2022-04-15,2022-04-25,-0.0528494340140576,2022,2022-03-31,learned_order_offset,20260912,0.5762053845604607,0.5762053845604607,1,0
quarter_volatility2_validated,2723,2022-04-15,2022-04-25,-0.0528494340140576,2022,2022-03-31,learned_order_offset,20260912,0.5762053845604607,0.5762053845604607,1,0
quarter_trend2_validated,2728,2022-04-22,2022-05-05,0.015736821365468,2022,2022-03-31,learned_order_offset,20260912,0.5222181583301384,0.5222181583301384,1,1
quarter_volatility2_validated,2728,2022-04-22,2022-05-05,0.015736821365468,2022,2022-03-31,learned_order_offset,20260912,0.5222181583301384,0.5222181583301384,1,1
quarter_trend2_validated,2733,2022-04-29,2022-05-11,-0.0278824133054675,2022,2022-03-31,learned_order_offset,20260912,0.40156189565790024,0.40156189565790024,0,0
quarter_volatility2_validated,2733,2022-04-29,2022-05-11,-0.0278824133054675,2022,2022-03-31,learned_order_offset,20260912,0.40156189565790024,0.40156189565790024,0,0
quarter_trend2_validated,2735,2022-05-06,2022-05-16,0.033741423035827,2022,2022-03-31,learned_order_offset,20260912,0.4760551178307766,0.4760551178307766,0,1
quarter_volatility2_validated,2735,2022-05-06,2022-05-16,0.033741423035827,2022,2022-03-31,learned_order_offset,20260912,0.4760551178307766,0.4760551178307766,0,1
quarter_trend2_validated,2740,2022-05-13,2022-05-23,0.0164308841843088,2022,2022-03-31,learned_order_offset,20260912,0.46741359959285833,0.46741359959285833,0,1
quarter_volatility2_validated,2740,2022-05-13,2022-05-23,0.0164308841843088,2022,2022-03-31,learned_order_offset,20260912,0.46741359959285833,0.46741359959285833,0,1
quarter_trend2_validated,2745,2022-05-20,2022-05-30,-0.0147293413085614,2022,2022-03-31,learned_order_offset,20260912,0.4829666670195881,0.4829666670195881,0,0
quarter_volatility2_validated,2745,2022-05-20,2022-05-30,-0.0147293413085614,2022,2022-03-31,learned_order_offset,20260912,0.4829666670195881,0.4829666670195881,0,0
quarter_trend2_validated,2750,2022-05-27,2022-06-13,0.0431748431927498,2022,2022-03-31,learned_order_offset,20260912,0.4606339295692324,0.4606339295692324,0,1
quarter_volatility2_validated,2750,2022-05-27,2022-06-13,0.0431748431927498,2022,2022-03-31,learned_order_offset,20260912,0.4606339295692324,0.4606339295692324,0,1
quarter_trend2_validated,2759,2022-06-10,2022-06-20,0.0306046547112142,2022,2022-03-31,learned_order_offset,20260912,0.3309313135172127,0.3309313135172127,0,1
quarter_volatility2_validated,2759,2022-06-10,2022-06-20,0.0306046547112142,2022,2022-03-31,learned_order_offset,20260912,0.3309313135172127,0.3309313135172127,0,1
quarter_trend2_validated,2764,2022-06-17,2022-06-27,0.0211666894141107,2022,2022-03-31,learned_order_offset,20260912,0.31302829433814716,0.31302829433814716,0,1
quarter_volatility2_validated,2764,2022-06-17,2022-06-27,0.0211666894141107,2022,2022-03-31,learned_order_offset,20260912,0.31302829433814716,0.31302829433814716,0,1
quarter_trend2_validated,2769,2022-06-24,2022-07-04,0.0074507343130214,2022,2022-03-31,learned_order_offset,20260912,0.38491716457946495,0.38491716457946495,0,1
quarter_volatility2_validated,2769,2022-06-24,2022-07-04,0.0074507343130214,2022,2022-03-31,learned_order_offset,20260912,0.38491716457946495,0.38491716457946495,0,1
quarter_trend2_validated,2774,2022-07-01,2022-07-11,-0.0092349827532707,2022,2022-06-30,learned_order_offset,20260912,0.3742631378177632,0.3742631378177632,0,0
quarter_volatility2_validated,2774,2022-07-01,2022-07-11,-0.0092349827532707,2022,2022-06-30,learned_order_offset,20260912,0.3742631378177632,0.3742631378177632,0,0
quarter_trend2_validated,2779,2022-07-08,2022-07-18,-0.0326815927737367,2022,2022-06-30,learned_order_offset,20260912,0.45196032259529306,0.45196032259529306,0,0
quarter_volatility2_validated,2779,2022-07-08,2022-07-18,-0.0326815927737367,2022,2022-06-30,learned_order_offset,20260912,0.45196032259529306,0.45196032259529306,0,0
quarter_trend2_validated,2784,2022-07-15,2022-07-25,-0.0066210715249344,2022,2022-06-30,learned_order_offset,20260912,0.49395559112838827,0.49395559112838827,0,0
quarter_volatility2_validated,2784,2022-07-15,2022-07-25,-0.0066210715249344,2022,2022-06-30,learned_order_offset,20260912,0.49395559112838827,0.49395559112838827,0,0
quarter_trend2_validated,2789,2022-07-22,2022-08-01,-0.0173077967751003,2022,2022-06-30,learned_order_offset,20260912,0.5530567140533315,0.5530567140533315,1,0
quarter_volatility2_validated,2789,2022-07-22,2022-08-01,-0.0173077967751003,2022,2022-06-30,learned_order_offset,20260912,0.5530567140533315,0.5530567140533315,1,0
quarter_trend2_validated,2794,2022-07-29,2022-08-08,-0.004456034513838,2022,2022-06-30,learned_order_offset,20260912,0.7004287549044343,0.7004287549044343,1,0
quarter_volatility2_validated,2794,2022-07-29,2022-08-08,-0.004456034513838,2022,2022-06-30,learned_order_offset,20260912,0.7004287549044343,0.7004287549044343,1,0
quarter_trend2_validated,2799,2022-08-05,2022-08-15,0.0091475117753996,2022,2022-06-30,learned_order_offset,20260912,0.6341811795165448,0.6341811795165448,1,1
quarter_volatility2_validated,2799,2022-08-05,2022-08-15,0.0091475117753996,2022,2022-06-30,learned_order_offset,20260912,0.6341811795165448,0.6341811795165448,1,1
quarter_trend2_validated,2804,2022-08-12,2022-08-22,-0.0107272727272728,2022,2022-06-30,learned_order_offset,20260912,0.5692369708416735,0.5692369708416735,1,0
quarter_volatility2_validated,2804,2022-08-12,2022-08-22,-0.0107272727272728,2022,2022-06-30,learned_order_offset,20260912,0.5692369708416735,0.5692369708416735,1,0
quarter_trend2_validated,2809,2022-08-19,2022-08-29,-0.0172375434082356,2022,2022-06-30,learned_order_offset,20260912,0.569797003520037,0.569797003520037,1,0
quarter_volatility2_validated,2809,2022-08-19,2022-08-29,-0.0172375434082356,2022,2022-06-30,learned_order_offset,20260912,0.569797003520037,0.569797003520037,1,0
quarter_trend2_validated,2814,2022-08-26,2022-09-05,-0.0131573766941938,2022,2022-06-30,learned_order_offset,20260912,0.5879050437117161,0.5879050437117161,1,0
quarter_volatility2_validated,2814,2022-08-26,2022-09-05,-0.0131573766941938,2022,2022-06-30,learned_order_offset,20260912,0.5879050437117161,0.5879050437117161,1,0
quarter_trend2_validated,2819,2022-09-02,2022-09-13,0.0253340680878015,2022,2022-06-30,learned_order_offset,20260912,0.6381022660159982,0.6381022660159982,1,1
quarter_volatility2_validated,2819,2022-09-02,2022-09-13,0.0253340680878015,2022,2022-06-30,learned_order_offset,20260912,0.6381022660159982,0.6381022660159982,1,1
quarter_trend2_validated,2824,2022-09-09,2022-09-19,-0.044647264962877,2022,2022-06-30,learned_order_offset,20260912,0.729222320192203,0.729222320192203,1,0
quarter_volatility2_validated,2824,2022-09-09,2022-09-19,-0.044647264962877,2022,2022-06-30,learned_order_offset,20260912,0.729222320192203,0.729222320192203,1,0
quarter_trend2_validated,2828,2022-09-16,2022-09-26,-0.025155151434928,2022,2022-06-30,learned_order_offset,20260912,0.7111932176188367,0.7111932176188367,1,0
quarter_volatility2_validated,2828,2022-09-16,2022-09-26,-0.025155151434928,2022,2022-06-30,learned_order_offset,20260912,0.7111932176188367,0.7111932176188367,1,0
quarter_trend2_validated,2833,2022-09-23,2022-10-10,-0.0060162941299352,2022,2022-06-30,learned_order_offset,20260912,0.7077217498942572,0.7077217498942572,1,0
quarter_volatility2_validated,2833,2022-09-23,2022-10-10,-0.0060162941299352,2022,2022-06-30,learned_order_offset,20260912,0.7077217498942572,0.7077217498942572,1,0
quarter_trend2_validated,2838,2022-09-30,2022-10-17,0.0041192047412885,2022,2022-06-30,learned_order_offset,20260912,0.6810773659822338,0.6810773659822338,1,1
quarter_volatility2_validated,2838,2022-09-30,2022-10-17,0.0041192047412885,2022,2022-06-30,learned_order_offset,20260912,0.6810773659822338,0.6810773659822338,1,1
quarter_trend2_validated,2843,2022-10-14,2022-10-24,-0.0246766294110258,2022,2022-09-30,learned_order_offset,20260912,0.5780788256268797,0.5780788256268797,1,0
quarter_volatility2_validated,2843,2022-10-14,2022-10-24,-0.0246766294110258,2022,2022-09-30,learned_order_offset,20260912,0.5780788256268797,0.5780788256268797,1,0
quarter_trend2_validated,2848,2022-10-21,2022-10-31,-0.059928861134359,2022,2022-09-30,learned_order_offset,20260912,0.6522206517177457,0.6522206517177457,1,0
quarter_volatility2_validated,2848,2022-10-21,2022-10-31,-0.059928861134359,2022,2022-09-30,learned_order_offset,20260912,0.6522206517177457,0.6522206517177457,1,0
quarter_trend2_validated,2853,2022-10-28,2022-11-07,0.071339502526744,2022,2022-09-30,learned_order_offset,20260912,0.5335953389035146,0.5335953389035146,1,1
quarter_volatility2_validated,2853,2022-10-28,2022-11-07,0.071339502526744,2022,2022-09-30,learned_order_offset,20260912,0.5335953389035146,0.5335953389035146,1,1
quarter_trend2_validated,2858,2022-11-04,2022-11-14,0.0169449090696014,2022,2022-09-30,learned_order_offset,20260912,0.49899626271395653,0.49899626271395653,0,1
quarter_volatility2_validated,2858,2022-11-04,2022-11-14,0.0169449090696014,2022,2022-09-30,learned_order_offset,20260912,0.49899626271395653,0.49899626271395653,0,1
quarter_trend2_validated,2863,2022-11-11,2022-11-21,-0.0127051391515239,2022,2022-09-30,learned_order_offset,20260912,0.5087287832505283,0.5087287832505283,1,0
quarter_volatility2_validated,2863,2022-11-11,2022-11-21,-0.0127051391515239,2022,2022-09-30,learned_order_offset,20260912,0.5087287832505283,0.5087287832505283,1,0
quarter_trend2_validated,2868,2022-11-18,2022-11-28,-0.0179672806084416,2022,2022-09-30,learned_order_offset,20260912,0.4199934200293093,0.4199934200293093,0,0
quarter_volatility2_validated,2868,2022-11-18,2022-11-28,-0.0179672806084416,2022,2022-09-30,learned_order_offset,20260912,0.4199934200293093,0.4199934200293093,0,0
quarter_trend2_validated,2873,2022-11-25,2022-12-05,0.0555768659337096,2022,2022-09-30,learned_order_offset,20260912,0.4681523148388295,0.4681523148388295,0,1
quarter_volatility2_validated,2873,2022-11-25,2022-12-05,0.0555768659337096,2022,2022-09-30,learned_order_offset,20260912,0.4681523148388295,0.4681523148388295,0,1
quarter_trend2_validated,2878,2022-12-02,2022-12-12,0.0175374394775362,2022,2022-09-30,learned_order_offset,20260912,0.4495540620666624,0.4495540620666624,0,1
quarter_volatility2_validated,2878,2022-12-02,2022-12-12,0.0175374394775362,2022,2022-09-30,learned_order_offset,20260912,0.4495540620666624,0.4495540620666624,0,1
quarter_trend2_validated,2883,2022-12-09,2022-12-19,-0.0058850602464181,2022,2022-09-30,learned_order_offset,20260912,0.5079832164008727,0.5079832164008727,1,0
quarter_volatility2_validated,2883,2022-12-09,2022-12-19,-0.0058850602464181,2022,2022-09-30,learned_order_offset,20260912,0.5079832164008727,0.5079832164008727,1,0
quarter_trend2_validated,2888,2022-12-16,2022-12-26,-0.0309150292073658,2022,2022-09-30,learned_order_offset,20260912,0.5830628381963121,0.5830628381963121,1,0
quarter_volatility2_validated,2888,2022-12-16,2022-12-26,-0.0309150292073658,2022,2022-09-30,learned_order_offset,20260912,0.5938461065552835,0.5938461065552835,1,0
quarter_trend2_validated,2893,2022-12-23,2023-01-03,0.0089464492229616,2022,2022-09-30,learned_order_offset,20260912,0.45834125092049666,0.45834125092049666,0,1
quarter_volatility2_validated,2893,2022-12-23,2023-01-03,0.0089464492229616,2022,2022-09-30,learned_order_offset,20260912,0.45834125092049666,0.45834125092049666,0,1
quarter_trend2_validated,2898,2022-12-30,2023-01-09,0.0345913414268119,2022,2022-09-30,learned_order_offset,20260912,0.3919186219925289,0.3919186219925289,0,1
quarter_volatility2_validated,2898,2022-12-30,2023-01-09,0.0345913414268119,2022,2022-09-30,learned_order_offset,20260912,0.4025801626896032,0.4025801626896032,0,1
quarter_trend2_validated,2902,2023-01-06,2023-01-16,0.0198447929614133,2023,2022-12-31,learned_market,20260910,0.2720748657753032,0.2720748657753032,0,1
quarter_volatility2_validated,2902,2023-01-06,2023-01-16,0.0198447929614133,2023,2022-12-31,learned_market,20260910,0.2720748657753032,0.2720748657753032,0,1
quarter_trend2_validated,2907,2023-01-13,2023-01-30,0.0465290788350809,2023,2022-12-31,learned_market,20260910,0.47236248212800225,0.47236248212800225,0,1
quarter_volatility2_validated,2907,2023-01-13,2023-01-30,0.0465290788350809,2023,2022-12-31,learned_market,20260910,0.47236248212800225,0.47236248212800225,0,1
quarter_trend2_validated,2912,2023-01-20,2023-02-06,-0.0383797057844887,2023,2022-12-31,learned_market,20260910,0.406664897579608,0.406664897579608,0,0
quarter_volatility2_validated,2912,2023-01-20,2023-02-06,-0.0383797057844887,2023,2022-12-31,learned_market,20260910,0.406664897579608,0.406664897579608,0,0
quarter_trend2_validated,2917,2023-02-03,2023-02-13,-0.0012061903149008,2023,2022-12-31,learned_market,20260910,0.7077615943567296,0.7077615943567296,1,0
quarter_volatility2_validated,2917,2023-02-03,2023-02-13,-0.0012061903149008,2023,2022-12-31,learned_market,20260910,0.7077615943567296,0.7077615943567296,1,0
quarter_trend2_validated,2922,2023-02-10,2023-02-20,-0.0143746584432821,2023,2022-12-31,learned_market,20260910,0.3396729663973045,0.3396729663973045,0,0
quarter_volatility2_validated,2922,2023-02-10,2023-02-20,-0.0143746584432821,2023,2022-12-31,learned_market,20260910,0.3396729663973045,0.3396729663973045,0,0
quarter_trend2_validated,2927,2023-02-17,2023-02-27,0.0001237636016198,2023,2022-12-31,learned_market,20260910,0.3940367299508906,0.3940367299508906,0,1
quarter_volatility2_validated,2927,2023-02-17,2023-02-27,0.0001237636016198,2023,2022-12-31,learned_market,20260910,0.3940367299508906,0.3940367299508906,0,1
quarter_trend2_validated,2932,2023-02-24,2023-03-06,0.0224454641303217,2023,2022-12-31,learned_market,20260910,0.6368517662464305,0.6368517662464305,1,1
quarter_volatility2_validated,2932,2023-02-24,2023-03-06,0.0224454641303217,2023,2022-12-31,learned_market,20260910,0.6368517662464305,0.6368517662464305,1,1
quarter_trend2_validated,2937,2023-03-03,2023-03-13,-0.0407900947678007,2023,2022-12-31,learned_market,20260910,0.7365179717700991,0.7365179717700991,1,0
quarter_volatility2_validated,2937,2023-03-03,2023-03-13,-0.0407900947678007,2023,2022-12-31,learned_market,20260910,0.7365179717700991,0.7365179717700991,1,0
quarter_trend2_validated,2942,2023-03-10,2023-03-20,5.0471402903706775e-06,2023,2022-12-31,learned_market,20260910,0.5813776336748179,0.5813776336748179,1,1
quarter_volatility2_validated,2942,2023-03-10,2023-03-20,5.0471402903706775e-06,2023,2022-12-31,learned_market,20260910,0.5813776336748179,0.5813776336748179,1,1
quarter_trend2_validated,2947,2023-03-17,2023-03-27,0.015302852124583,2023,2022-12-31,learned_market,20260910,0.42485803758448765,0.42485803758448765,0,1
quarter_volatility2_validated,2947,2023-03-17,2023-03-27,0.015302852124583,2023,2022-12-31,learned_market,20260910,0.42485803758448765,0.42485803758448765,0,1
quarter_trend2_validated,2952,2023-03-24,2023-04-03,0.0090274153058433,2023,2022-12-31,learned_market,20260910,0.37090574302943613,0.37090574302943613,0,1
quarter_volatility2_validated,2952,2023-03-24,2023-04-03,0.0090274153058433,2023,2022-12-31,learned_market,20260910,0.37090574302943613,0.37090574302943613,0,1
quarter_trend2_validated,2957,2023-03-31,2023-04-10,0.0178317182396383,2023,2022-12-31,learned_market,20260910,0.3924154635264961,0.3924154635264961,0,1
quarter_volatility2_validated,2957,2023-03-31,2023-04-10,0.0178317182396383,2023,2022-12-31,learned_market,20260910,0.3924154635264961,0.3924154635264961,0,1
quarter_trend2_validated,2961,2023-04-07,2023-04-17,-0.0101500238382772,2023,2023-03-31,learned_market,20260910,0.595589872428567,0.595589872428567,1,0
quarter_volatility2_validated,2961,2023-04-07,2023-04-17,-0.0101500238382772,2023,2023-03-31,learned_market,20260910,0.595589872428567,0.595589872428567,1,0
quarter_trend2_validated,2966,2023-04-14,2023-04-24,-0.014368947230732,2023,2023-03-31,learned_market,20260910,0.3348532730298861,0.3348532730298861,0,0
quarter_volatility2_validated,2966,2023-04-14,2023-04-24,-0.014368947230732,2023,2023-03-31,learned_market,20260910,0.3348532730298861,0.3348532730298861,0,0
quarter_trend2_validated,2971,2023-04-21,2023-05-04,-0.0044228908788729,2023,2023-03-31,learned_market,20260910,0.4942947568375473,0.4942947568375473,0,0
quarter_volatility2_validated,2971,2023-04-21,2023-05-04,-0.0044228908788729,2023,2023-03-31,learned_market,20260910,0.4942947568375473,0.4942947568375473,0,0
quarter_trend2_validated,2976,2023-04-28,2023-05-10,0.0036477163153083,2023,2023-03-31,learned_market,20260910,0.3714756111943182,0.3714756111943182,0,1
quarter_volatility2_validated,2976,2023-04-28,2023-05-10,0.0036477163153083,2023,2023-03-31,learned_market,20260910,0.3714756111943182,0.3714756111943182,0,1
quarter_trend2_validated,2978,2023-05-05,2023-05-15,-0.0221642407977935,2023,2023-03-31,learned_market,20260910,0.4497529451200874,0.4497529451200874,0,0
quarter_volatility2_validated,2978,2023-05-05,2023-05-15,-0.0221642407977935,2023,2023-03-31,learned_market,20260910,0.4497529451200874,0.4497529451200874,0,0
quarter_trend2_validated,2983,2023-05-12,2023-05-22,0.0005509250208819,2023,2023-03-31,learned_market,20260910,0.33357360179734663,0.33357360179734663,0,1
quarter_volatility2_validated,2983,2023-05-12,2023-05-22,0.0005509250208819,2023,2023-03-31,learned_market,20260910,0.33357360179734663,0.33357360179734663,0,1
quarter_trend2_validated,2988,2023-05-19,2023-05-29,-0.0200253742704897,2023,2023-03-31,learned_market,20260910,0.5625170222669913,0.5625170222669913,1,0
quarter_volatility2_validated,2988,2023-05-19,2023-05-29,-0.0200253742704897,2023,2023-03-31,learned_market,20260910,0.5625170222669913,0.5625170222669913,1,0
quarter_trend2_validated,2993,2023-05-26,2023-06-05,-0.0003935703040848,2023,2023-03-31,learned_market,20260910,0.516241495805648,0.516241495805648,1,0
quarter_volatility2_validated,2993,2023-05-26,2023-06-05,-0.0003935703040848,2023,2023-03-31,learned_market,20260910,0.516241495805648,0.516241495805648,1,0
quarter_trend2_validated,2998,2023-06-02,2023-06-12,-0.0086075595250429,2023,2023-03-31,learned_market,20260910,0.4611271604446467,0.4611271604446467,0,0
quarter_volatility2_validated,2998,2023-06-02,2023-06-12,-0.0086075595250429,2023,2023-03-31,learned_market,20260910,0.4611271604446467,0.4611271604446467,0,0
quarter_trend2_validated,3003,2023-06-09,2023-06-19,0.0338878539347273,2023,2023-03-31,learned_market,20260910,0.3966512245556026,0.3966512245556026,0,1
quarter_volatility2_validated,3003,2023-06-09,2023-06-19,0.0338878539347273,2023,2023-03-31,learned_market,20260910,0.3966512245556026,0.3966512245556026,0,1
quarter_trend2_validated,3008,2023-06-16,2023-07-03,-0.026216632171098,2023,2023-03-31,learned_market,20260910,0.4023630749492596,0.4023630749492596,0,0
quarter_volatility2_validated,3008,2023-06-16,2023-07-03,-0.026216632171098,2023,2023-03-31,learned_market,20260910,0.4023630749492596,0.4023630749492596,0,0
quarter_trend2_validated,3016,2023-06-30,2023-07-10,-0.0030441518806006,2023,2023-03-31,learned_market,20260910,0.4213657002217921,0.4213657002217921,0,0
quarter_volatility2_validated,3016,2023-06-30,2023-07-10,-0.0030441518806006,2023,2023-03-31,learned_market,20260910,0.4213657002217921,0.4213657002217921,0,0
quarter_trend2_validated,3021,2023-07-07,2023-07-17,0.0104280552692135,2023,2023-06-30,learned_market,20260910,0.36822082192303346,0.36822082192303346,0,1
quarter_volatility2_validated,3021,2023-07-07,2023-07-17,0.0104280552692135,2023,2023-06-30,learned_market,20260910,0.4148371344756111,0.4148371344756111,0,1
quarter_trend2_validated,3026,2023-07-14,2023-07-24,-0.0201642613135752,2023,2023-06-30,learned_market,20260910,0.6359503954455491,0.6359503954455491,1,0
quarter_volatility2_validated,3026,2023-07-14,2023-07-24,-0.0201642613135752,2023,2023-06-30,learned_market,20260910,0.6799807480428174,0.6799807480428174,1,0
quarter_trend2_validated,3031,2023-07-21,2023-07-31,0.0566710925894278,2023,2023-06-30,learned_market,20260910,0.5714433618081434,0.5714433618081434,1,1
quarter_volatility2_validated,3031,2023-07-21,2023-07-31,0.0566710925894278,2023,2023-06-30,learned_market,20260910,0.6185965077641518,0.6185965077641518,1,1
quarter_trend2_validated,3036,2023-07-28,2023-08-07,-0.0039612927947766,2023,2023-06-30,learned_market,20260910,0.3746776824862685,0.3746776824862685,0,0
quarter_volatility2_validated,3036,2023-07-28,2023-08-07,-0.0039612927947766,2023,2023-06-30,learned_market,20260910,0.4215659804761882,0.4215659804761882,0,0
quarter_trend2_validated,3041,2023-08-04,2023-08-14,-0.0404899362223548,2023,2023-06-30,learned_market,20260910,0.3422681158561934,0.3422681158561934,0,0
quarter_volatility2_validated,3041,2023-08-04,2023-08-14,-0.0404899362223548,2023,2023-06-30,learned_market,20260910,0.3422681158561934,0.3422681158561934,0,0
quarter_trend2_validated,3046,2023-08-11,2023-08-21,-0.0176157088591445,2023,2023-06-30,learned_market,20260910,0.2309536488606889,0.2309536488606889,0,0
quarter_volatility2_validated,3046,2023-08-11,2023-08-21,-0.0176157088591445,2023,2023-06-30,learned_market,20260910,0.26755143190839087,0.26755143190839087,0,0
quarter_trend2_validated,3051,2023-08-18,2023-08-28,0.0366582477081969,2023,2023-06-30,learned_market,20260910,0.5620095829840546,0.5620095829840546,1,1
quarter_volatility2_validated,3051,2023-08-18,2023-08-28,0.0366582477081969,2023,2023-06-30,learned_market,20260910,0.6094913814194294,0.6094913814194294,1,1
quarter_trend2_validated,3056,2023-08-25,2023-09-04,-0.025197172476384,2023,2023-06-30,learned_market,20260910,0.25359446265862995,0.25359446265862995,0,0
quarter_volatility2_validated,3056,2023-08-25,2023-09-04,-0.025197172476384,2023,2023-06-30,learned_market,20260910,0.292415818373573,0.292415818373573,0,0
quarter_trend2_validated,3061,2023-09-01,2023-09-11,-0.0189903461587886,2023,2023-06-30,learned_market,20260910,0.5727239862672711,0.5727239862672711,1,0
quarter_volatility2_validated,3061,2023-09-01,2023-09-11,-0.0189903461587886,2023,2023-06-30,learned_market,20260910,0.5727239862672711,0.5727239862672711,1,0
quarter_trend2_validated,3066,2023-09-08,2023-09-18,-0.0111346368744954,2023,2023-06-30,learned_market,20260910,0.5570358079646478,0.5570358079646478,1,0
quarter_volatility2_validated,3066,2023-09-08,2023-09-18,-0.0111346368744954,2023,2023-06-30,learned_market,20260910,0.6046775279486832,0.6046775279486832,1,0
quarter_trend2_validated,3071,2023-09-15,2023-09-25,0.0105787349314532,2023,2023-06-30,learned_market,20260910,0.6425080754549214,0.6425080754549214,1,1
quarter_volatility2_validated,3071,2023-09-15,2023-09-25,0.0105787349314532,2023,2023-06-30,learned_market,20260910,0.6861367371884997,0.6861367371884997,1,1
quarter_trend2_validated,3076,2023-09-22,2023-10-16,-0.0198017153282719,2023,2023-06-30,learned_market,20260910,0.28299012234851856,0.28299012234851856,0,0
quarter_volatility2_validated,3076,2023-09-22,2023-10-16,-0.0198017153282719,2023,2023-06-30,learned_market,20260910,0.32435597972671854,0.32435597972671854,0,0
quarter_trend2_validated,3085,2023-10-13,2023-10-23,-0.0447156690429144,2023,2023-09-30,learned_market,20260910,0.31398039860875787,0.31398039860875787,0,0
quarter_volatility2_validated,3085,2023-10-13,2023-10-23,-0.0447156690429144,2023,2023-09-30,learned_market,20260910,0.3129100414124265,0.3129100414124265,0,0
quarter_trend2_validated,3090,2023-10-20,2023-10-30,0.0154019770298841,2023,2023-09-30,learned_market,20260910,0.4535052012283929,0.4535052012283929,0,1
quarter_volatility2_validated,3090,2023-10-20,2023-10-30,0.0154019770298841,2023,2023-09-30,learned_market,20260910,0.45227277993915765,0.45227277993915765,0,1
quarter_trend2_validated,3095,2023-10-27,2023-11-06,0.0152527637017425,2023,2023-09-30,learned_market,20260910,0.6145251675821222,0.6145251675821222,1,1
quarter_volatility2_validated,3095,2023-10-27,2023-11-06,0.0152527637017425,2023,2023-09-30,learned_market,20260910,0.6133462743667211,0.6133462743667211,1,1
quarter_trend2_validated,3100,2023-11-03,2023-11-13,-0.0039935482440582,2023,2023-09-30,learned_market,20260910,0.5924017196995008,0.5924017196995008,1,0
quarter_volatility2_validated,3100,2023-11-03,2023-11-13,-0.0039935482440582,2023,2023-09-30,learned_market,20260910,0.5912001759016701,0.5912001759016701,1,0
quarter_trend2_validated,3105,2023-11-10,2023-11-20,-0.0067280482816765,2023,2023-09-30,learned_market,20260910,0.33828246304711673,0.33828246304711673,0,0
quarter_volatility2_validated,3105,2023-11-10,2023-11-20,-0.0067280482816765,2023,2023-09-30,learned_market,20260910,0.3371699778258547,0.3371699778258547,0,0
quarter_trend2_validated,3110,2023-11-17,2023-11-27,-0.0098859017348651,2023,2023-09-30,learned_market,20260910,0.4856015017631865,0.4856015017631865,0,0
quarter_volatility2_validated,3110,2023-11-17,2023-11-27,-0.0098859017348651,2023,2023-09-30,learned_market,20260910,0.48435916333019796,0.48435916333019796,0,0
quarter_trend2_validated,3115,2023-11-24,2023-12-04,-0.0151084754586299,2023,2023-09-30,learned_market,20260910,0.5709314334852036,0.5709314334852036,1,0
quarter_volatility2_validated,3115,2023-11-24,2023-12-04,-0.0151084754586299,2023,2023-09-30,learned_market,20260910,0.5697125695998181,0.5697125695998181,1,0
quarter_trend2_validated,3120,2023-12-01,2023-12-11,-0.0295859857973478,2023,2023-09-30,learned_market,20260910,0.6030884629463885,0.6030884629463885,1,0
quarter_volatility2_validated,3120,2023-12-01,2023-12-11,-0.0295859857973478,2023,2023-09-30,learned_market,20260910,0.6018972516822316,0.6018972516822316,1,0
quarter_trend2_validated,3125,2023-12-08,2023-12-18,-0.0144639658974852,2023,2023-09-30,learned_market,20260910,0.6756795521180627,0.6756795521180627,1,0
quarter_volatility2_validated,3125,2023-12-08,2023-12-18,-0.0144639658974852,2023,2023-09-30,learned_market,20260910,0.6745886492866847,0.6745886492866847,1,0
quarter_trend2_validated,3130,2023-12-15,2023-12-25,0.0003424256350643,2023,2023-09-30,learned_market,20260910,0.4828504840076121,0.4828504840076121,0,1
quarter_volatility2_validated,3130,2023-12-15,2023-12-25,0.0003424256350643,2023,2023-09-30,learned_market,20260910,0.481608594210238,0.481608594210238,0,1
quarter_trend2_validated,3135,2023-12-22,2024-01-02,0.0288079559683274,2023,2023-09-30,learned_market,20260910,0.309047388780294,0.309047388780294,0,1
quarter_volatility2_validated,3135,2023-12-22,2024-01-02,0.0288079559683274,2023,2023-09-30,learned_market,20260910,0.30798629842500735,0.30798629842500735,0,1
quarter_trend2_validated,3140,2023-12-29,2024-01-08,-0.0302544749829989,2023,2023-09-30,learned_market,20260910,0.56094246743445,0.56094246743445,1,0
quarter_volatility2_validated,3140,2023-12-29,2024-01-08,-0.0302544749829989,2023,2023-09-30,learned_market,20260910,0.55971711018631,0.55971711018631,1,0
quarter_trend2_validated,2902,2023-01-06,2023-01-16,0.0198447929614133,2023,2022-12-31,learned_vol_interaction,20260910,0.2579229355480302,0.2579229355480302,0,1
quarter_volatility2_validated,2902,2023-01-06,2023-01-16,0.0198447929614133,2023,2022-12-31,learned_vol_interaction,20260910,0.2579229355480302,0.2579229355480302,0,1
quarter_trend2_validated,2907,2023-01-13,2023-01-30,0.0465290788350809,2023,2022-12-31,learned_vol_interaction,20260910,0.46834593067568,0.46834593067568,0,1
quarter_volatility2_validated,2907,2023-01-13,2023-01-30,0.0465290788350809,2023,2022-12-31,learned_vol_interaction,20260910,0.46834593067568,0.46834593067568,0,1
quarter_trend2_validated,2912,2023-01-20,2023-02-06,-0.0383797057844887,2023,2022-12-31,learned_vol_interaction,20260910,0.3968582316115995,0.3968582316115995,0,0
quarter_volatility2_validated,2912,2023-01-20,2023-02-06,-0.0383797057844887,2023,2022-12-31,learned_vol_interaction,20260910,0.3968582316115995,0.3968582316115995,0,0
quarter_trend2_validated,2917,2023-02-03,2023-02-13,-0.0012061903149008,2023,2022-12-31,learned_vol_interaction,20260910,0.7386639107975522,0.7386639107975522,1,0
quarter_volatility2_validated,2917,2023-02-03,2023-02-13,-0.0012061903149008,2023,2022-12-31,learned_vol_interaction,20260910,0.7386639107975522,0.7386639107975522,1,0
quarter_trend2_validated,2922,2023-02-10,2023-02-20,-0.0143746584432821,2023,2022-12-31,learned_vol_interaction,20260910,0.3303769483660095,0.3303769483660095,0,0
quarter_volatility2_validated,2922,2023-02-10,2023-02-20,-0.0143746584432821,2023,2022-12-31,learned_vol_interaction,20260910,0.3303769483660095,0.3303769483660095,0,0
quarter_trend2_validated,2927,2023-02-17,2023-02-27,0.0001237636016198,2023,2022-12-31,learned_vol_interaction,20260910,0.37895686267521006,0.37895686267521006,0,1
quarter_volatility2_validated,2927,2023-02-17,2023-02-27,0.0001237636016198,2023,2022-12-31,learned_vol_interaction,20260910,0.37895686267521006,0.37895686267521006,0,1
quarter_trend2_validated,2932,2023-02-24,2023-03-06,0.0224454641303217,2023,2022-12-31,learned_vol_interaction,20260910,0.6474147480213357,0.6474147480213357,1,1
quarter_volatility2_validated,2932,2023-02-24,2023-03-06,0.0224454641303217,2023,2022-12-31,learned_vol_interaction,20260910,0.6474147480213357,0.6474147480213357,1,1
quarter_trend2_validated,2937,2023-03-03,2023-03-13,-0.0407900947678007,2023,2022-12-31,learned_vol_interaction,20260910,0.7530412308563522,0.7530412308563522,1,0
quarter_volatility2_validated,2937,2023-03-03,2023-03-13,-0.0407900947678007,2023,2022-12-31,learned_vol_interaction,20260910,0.7530412308563522,0.7530412308563522,1,0
quarter_trend2_validated,2942,2023-03-10,2023-03-20,5.0471402903706775e-06,2023,2022-12-31,learned_vol_interaction,20260910,0.5873882519994295,0.5873882519994295,1,1
quarter_volatility2_validated,2942,2023-03-10,2023-03-20,5.0471402903706775e-06,2023,2022-12-31,learned_vol_interaction,20260910,0.5873882519994295,0.5873882519994295,1,1
quarter_trend2_validated,2947,2023-03-17,2023-03-27,0.015302852124583,2023,2022-12-31,learned_vol_interaction,20260910,0.41458186592231894,0.41458186592231894,0,1
quarter_volatility2_validated,2947,2023-03-17,2023-03-27,0.015302852124583,2023,2022-12-31,learned_vol_interaction,20260910,0.41458186592231894,0.41458186592231894,0,1
quarter_trend2_validated,2952,2023-03-24,2023-04-03,0.0090274153058433,2023,2022-12-31,learned_vol_interaction,20260910,0.35652402288788393,0.35652402288788393,0,1
quarter_volatility2_validated,2952,2023-03-24,2023-04-03,0.0090274153058433,2023,2022-12-31,learned_vol_interaction,20260910,0.35652402288788393,0.35652402288788393,0,1
quarter_trend2_validated,2957,2023-03-31,2023-04-10,0.0178317182396383,2023,2022-12-31,learned_vol_interaction,20260910,0.3863632737017367,0.3863632737017367,0,1
quarter_volatility2_validated,2957,2023-03-31,2023-04-10,0.0178317182396383,2023,2022-12-31,learned_vol_interaction,20260910,0.3863632737017367,0.3863632737017367,0,1
quarter_trend2_validated,2961,2023-04-07,2023-04-17,-0.0101500238382772,2023,2023-03-31,learned_vol_interaction,20260910,0.6043529683218729,0.6043529683218729,1,0
quarter_volatility2_validated,2961,2023-04-07,2023-04-17,-0.0101500238382772,2023,2023-03-31,learned_vol_interaction,20260910,0.6043529683218729,0.6043529683218729,1,0
quarter_trend2_validated,2966,2023-04-14,2023-04-24,-0.014368947230732,2023,2023-03-31,learned_vol_interaction,20260910,0.3144567628179821,0.3144567628179821,0,0
quarter_volatility2_validated,2966,2023-04-14,2023-04-24,-0.014368947230732,2023,2023-03-31,learned_vol_interaction,20260910,0.3144567628179821,0.3144567628179821,0,0
quarter_trend2_validated,2971,2023-04-21,2023-05-04,-0.0044228908788729,2023,2023-03-31,learned_vol_interaction,20260910,0.4875429689874716,0.4875429689874716,0,0
quarter_volatility2_validated,2971,2023-04-21,2023-05-04,-0.0044228908788729,2023,2023-03-31,learned_vol_interaction,20260910,0.4875429689874716,0.4875429689874716,0,0
quarter_trend2_validated,2976,2023-04-28,2023-05-10,0.0036477163153083,2023,2023-03-31,learned_vol_interaction,20260910,0.3596297147597128,0.3596297147597128,0,1
quarter_volatility2_validated,2976,2023-04-28,2023-05-10,0.0036477163153083,2023,2023-03-31,learned_vol_interaction,20260910,0.3596297147597128,0.3596297147597128,0,1
quarter_trend2_validated,2978,2023-05-05,2023-05-15,-0.0221642407977935,2023,2023-03-31,learned_vol_interaction,20260910,0.44140831433605277,0.44140831433605277,0,0
quarter_volatility2_validated,2978,2023-05-05,2023-05-15,-0.0221642407977935,2023,2023-03-31,learned_vol_interaction,20260910,0.44140831433605277,0.44140831433605277,0,0
quarter_trend2_validated,2983,2023-05-12,2023-05-22,0.0005509250208819,2023,2023-03-31,learned_vol_interaction,20260910,0.3241710306632204,0.3241710306632204,0,1
quarter_volatility2_validated,2983,2023-05-12,2023-05-22,0.0005509250208819,2023,2023-03-31,learned_vol_interaction,20260910,0.3241710306632204,0.3241710306632204,0,1
quarter_trend2_validated,2988,2023-05-19,2023-05-29,-0.0200253742704897,2023,2023-03-31,learned_vol_interaction,20260910,0.5771140415412856,0.5771140415412856,1,0
quarter_volatility2_validated,2988,2023-05-19,2023-05-29,-0.0200253742704897,2023,2023-03-31,learned_vol_interaction,20260910,0.5771140415412856,0.5771140415412856,1,0
quarter_trend2_validated,2993,2023-05-26,2023-06-05,-0.0003935703040848,2023,2023-03-31,learned_vol_interaction,20260910,0.5170651713386136,0.5170651713386136,1,0
quarter_volatility2_validated,2993,2023-05-26,2023-06-05,-0.0003935703040848,2023,2023-03-31,learned_vol_interaction,20260910,0.5170651713386136,0.5170651713386136,1,0
quarter_trend2_validated,2998,2023-06-02,2023-06-12,-0.0086075595250429,2023,2023-03-31,learned_vol_interaction,20260910,0.45864589830252817,0.45864589830252817,0,0
quarter_volatility2_validated,2998,2023-06-02,2023-06-12,-0.0086075595250429,2023,2023-03-31,learned_vol_interaction,20260910,0.45864589830252817,0.45864589830252817,0,0
quarter_trend2_validated,3003,2023-06-09,2023-06-19,0.0338878539347273,2023,2023-03-31,learned_vol_interaction,20260910,0.3918169460644426,0.3918169460644426,0,1
quarter_volatility2_validated,3003,2023-06-09,2023-06-19,0.0338878539347273,2023,2023-03-31,learned_vol_interaction,20260910,0.3918169460644426,0.3918169460644426,0,1
quarter_trend2_validated,3008,2023-06-16,2023-07-03,-0.026216632171098,2023,2023-03-31,learned_vol_interaction,20260910,0.39897150529552516,0.39897150529552516,0,0
quarter_volatility2_validated,3008,2023-06-16,2023-07-03,-0.026216632171098,2023,2023-03-31,learned_vol_interaction,20260910,0.39897150529552516,0.39897150529552516,0,0
quarter_trend2_validated,3016,2023-06-30,2023-07-10,-0.0030441518806006,2023,2023-03-31,learned_vol_interaction,20260910,0.4213702849064111,0.4213702849064111,0,0
quarter_volatility2_validated,3016,2023-06-30,2023-07-10,-0.0030441518806006,2023,2023-03-31,learned_vol_interaction,20260910,0.4213702849064111,0.4213702849064111,0,0
quarter_trend2_validated,3021,2023-07-07,2023-07-17,0.0104280552692135,2023,2023-06-30,learned_vol_interaction,20260910,0.360414248010015,0.360414248010015,0,1
quarter_volatility2_validated,3021,2023-07-07,2023-07-17,0.0104280552692135,2023,2023-06-30,learned_vol_interaction,20260910,0.40513894935035405,0.40513894935035405,0,1
quarter_trend2_validated,3026,2023-07-14,2023-07-24,-0.0201642613135752,2023,2023-06-30,learned_vol_interaction,20260910,0.6568946518378538,0.6568946518378538,1,0
quarter_volatility2_validated,3026,2023-07-14,2023-07-24,-0.0201642613135752,2023,2023-06-30,learned_vol_interaction,20260910,0.6982450832721806,0.6982450832721806,1,0
quarter_trend2_validated,3031,2023-07-21,2023-07-31,0.0566710925894278,2023,2023-06-30,learned_vol_interaction,20260910,0.5956689076417772,0.5956689076417772,1,1
quarter_volatility2_validated,3031,2023-07-21,2023-07-31,0.0566710925894278,2023,2023-06-30,learned_vol_interaction,20260910,0.6403583446603761,0.6403583446603761,1,1
quarter_trend2_validated,3036,2023-07-28,2023-08-07,-0.0039612927947766,2023,2023-06-30,learned_vol_interaction,20260910,0.36942336675264087,0.36942336675264087,0,0
quarter_volatility2_validated,3036,2023-07-28,2023-08-07,-0.0039612927947766,2023,2023-06-30,learned_vol_interaction,20260910,0.41454143432883767,0.41454143432883767,0,0
quarter_trend2_validated,3041,2023-08-04,2023-08-14,-0.0404899362223548,2023,2023-06-30,learned_vol_interaction,20260910,0.3264187058912034,0.3264187058912034,0,0
quarter_volatility2_validated,3041,2023-08-04,2023-08-14,-0.0404899362223548,2023,2023-06-30,learned_vol_interaction,20260910,0.3264187058912034,0.3264187058912034,0,0
quarter_trend2_validated,3046,2023-08-11,2023-08-21,-0.0176157088591445,2023,2023-06-30,learned_vol_interaction,20260910,0.22111029552971623,0.22111029552971623,0,0
quarter_volatility2_validated,3046,2023-08-11,2023-08-21,-0.0176157088591445,2023,2023-06-30,learned_vol_interaction,20260910,0.2554527395532382,0.2554527395532382,0,0
quarter_trend2_validated,3051,2023-08-18,2023-08-28,0.0366582477081969,2023,2023-06-30,learned_vol_interaction,20260910,0.5692112431469332,0.5692112431469332,1,1
quarter_volatility2_validated,3051,2023-08-18,2023-08-28,0.0366582477081969,2023,2023-06-30,learned_vol_interaction,20260910,0.6149345833754644,0.6149345833754644,1,1
quarter_trend2_validated,3056,2023-08-25,2023-09-04,-0.025197172476384,2023,2023-06-30,learned_vol_interaction,20260910,0.2449668991354607,0.2449668991354607,0,0
quarter_volatility2_validated,3056,2023-08-25,2023-09-04,-0.025197172476384,2023,2023-06-30,learned_vol_interaction,20260910,0.2816747132417266,0.2816747132417266,0,0
quarter_trend2_validated,3061,2023-09-01,2023-09-11,-0.0189903461587886,2023,2023-06-30,learned_vol_interaction,20260910,0.586511889761913,0.586511889761913,1,0
quarter_volatility2_validated,3061,2023-09-01,2023-09-11,-0.0189903461587886,2023,2023-06-30,learned_vol_interaction,20260910,0.586511889761913,0.586511889761913,1,0
quarter_trend2_validated,3066,2023-09-08,2023-09-18,-0.0111346368744954,2023,2023-06-30,learned_vol_interaction,20260910,0.569751096395634,0.569751096395634,1,0
quarter_volatility2_validated,3066,2023-09-08,2023-09-18,-0.0111346368744954,2023,2023-06-30,learned_vol_interaction,20260910,0.6154558472253346,0.6154558472253346,1,0
quarter_trend2_validated,3071,2023-09-15,2023-09-25,0.0105787349314532,2023,2023-06-30,learned_vol_interaction,20260910,0.6563660888335716,0.6563660888335716,1,1
quarter_volatility2_validated,3071,2023-09-15,2023-09-25,0.0105787349314532,2023,2023-06-30,learned_vol_interaction,20260910,0.6977509115308642,0.6977509115308642,1,1
quarter_trend2_validated,3076,2023-09-22,2023-10-16,-0.0198017153282719,2023,2023-06-30,learned_vol_interaction,20260910,0.2692530460170627,0.2692530460170627,0,0
quarter_volatility2_validated,3076,2023-09-22,2023-10-16,-0.0198017153282719,2023,2023-06-30,learned_vol_interaction,20260910,0.30811498908515295,0.30811498908515295,0,0
quarter_trend2_validated,3085,2023-10-13,2023-10-23,-0.0447156690429144,2023,2023-09-30,learned_vol_interaction,20260910,0.2969368014059435,0.2969368014059435,0,0
quarter_volatility2_validated,3085,2023-10-13,2023-10-23,-0.0447156690429144,2023,2023-09-30,learned_vol_interaction,20260910,0.29549513111829284,0.29549513111829284,0,0
quarter_trend2_validated,3090,2023-10-20,2023-10-30,0.0154019770298841,2023,2023-09-30,learned_vol_interaction,20260910,0.44972361015997897,0.44972361015997897,0,1
quarter_volatility2_validated,3090,2023-10-20,2023-10-30,0.0154019770298841,2023,2023-09-30,learned_vol_interaction,20260910,0.4480128363633454,0.4480128363633454,0,1
quarter_trend2_validated,3095,2023-10-27,2023-11-06,0.0152527637017425,2023,2023-09-30,learned_vol_interaction,20260910,0.627582878048397,0.627582878048397,1,1
quarter_volatility2_validated,3095,2023-10-27,2023-11-06,0.0152527637017425,2023,2023-09-30,learned_vol_interaction,20260910,0.6259651666004157,0.6259651666004157,1,1
quarter_trend2_validated,3100,2023-11-03,2023-11-13,-0.0039935482440582,2023,2023-09-30,learned_vol_interaction,20260910,0.6098271696392392,0.6098271696392392,1,0
quarter_volatility2_validated,3100,2023-11-03,2023-11-13,-0.0039935482440582,2023,2023-09-30,learned_vol_interaction,20260910,0.6081804837778259,0.6081804837778259,1,0
quarter_trend2_validated,3105,2023-11-10,2023-11-20,-0.0067280482816765,2023,2023-09-30,learned_vol_interaction,20260910,0.3327098712835831,0.3327098712835831,0,0
quarter_volatility2_validated,3105,2023-11-10,2023-11-20,-0.0067280482816765,2023,2023-09-30,learned_vol_interaction,20260910,0.3311763308069515,0.3311763308069515,0,0
quarter_trend2_validated,3110,2023-11-17,2023-11-27,-0.0098859017348651,2023,2023-09-30,learned_vol_interaction,20260910,0.49858070820239275,0.49858070820239275,0,0
quarter_volatility2_validated,3110,2023-11-17,2023-11-27,-0.0098859017348651,2023,2023-09-30,learned_vol_interaction,20260910,0.4968518903503589,0.4968518903503589,0,0
quarter_trend2_validated,3115,2023-11-24,2023-12-04,-0.0151084754586299,2023,2023-09-30,learned_vol_interaction,20260910,0.5971146955910086,0.5971146955910086,1,0
quarter_volatility2_validated,3115,2023-11-24,2023-12-04,-0.0151084754586299,2023,2023-09-30,learned_vol_interaction,20260910,0.5954499497362062,0.5954499497362062,1,0
quarter_trend2_validated,3120,2023-12-01,2023-12-11,-0.0295859857973478,2023,2023-09-30,learned_vol_interaction,20260910,0.6314817639760861,0.6314817639760861,1,0
quarter_volatility2_validated,3120,2023-12-01,2023-12-11,-0.0295859857973478,2023,2023-09-30,learned_vol_interaction,20260910,0.6298710002159895,0.6298710002159895,1,0
quarter_trend2_validated,3125,2023-12-08,2023-12-18,-0.0144639658974852,2023,2023-09-30,learned_vol_interaction,20260910,0.7031890569802713,0.7031890569802713,1,0
quarter_volatility2_validated,3125,2023-12-08,2023-12-18,-0.0144639658974852,2023,2023-09-30,learned_vol_interaction,20260910,0.7017436848559121,0.7017436848559121,1,0
quarter_trend2_validated,3130,2023-12-15,2023-12-25,0.0003424256350643,2023,2023-09-30,learned_vol_interaction,20260910,0.48391909852662973,0.48391909852662973,0,1
quarter_volatility2_validated,3130,2023-12-15,2023-12-25,0.0003424256350643,2023,2023-09-30,learned_vol_interaction,20260910,0.4821922301030576,0.4821922301030576,0,1
quarter_trend2_validated,3135,2023-12-22,2024-01-02,0.0288079559683274,2023,2023-09-30,learned_vol_interaction,20260910,0.28971255653762945,0.28971255653762945,0,1
quarter_volatility2_validated,3135,2023-12-22,2024-01-02,0.0288079559683274,2023,2023-09-30,learned_vol_interaction,20260910,0.2882915785633689,0.2882915785633689,0,1
quarter_trend2_validated,3140,2023-12-29,2024-01-08,-0.0302544749829989,2023,2023-09-30,learned_vol_interaction,20260910,0.5752260612386977,0.5752260612386977,1,0
quarter_volatility2_validated,3140,2023-12-29,2024-01-08,-0.0302544749829989,2023,2023-09-30,learned_vol_interaction,20260910,0.5735354669563334,0.5735354669563334,1,0
quarter_trend2_validated,2902,2023-01-06,2023-01-16,0.0198447929614133,2023,2022-12-31,learned_order_extension,20260910,0.2943161630816726,0.2943161630816726,0,1
quarter_volatility2_validated,2902,2023-01-06,2023-01-16,0.0198447929614133,2023,2022-12-31,learned_order_extension,20260910,0.2943161630816726,0.2943161630816726,0,1
quarter_trend2_validated,2907,2023-01-13,2023-01-30,0.0465290788350809,2023,2022-12-31,learned_order_extension,20260910,0.46027187341536235,0.46027187341536235,0,1
quarter_volatility2_validated,2907,2023-01-13,2023-01-30,0.0465290788350809,2023,2022-12-31,learned_order_extension,20260910,0.46027187341536235,0.46027187341536235,0,1
quarter_trend2_validated,2912,2023-01-20,2023-02-06,-0.0383797057844887,2023,2022-12-31,learned_order_extension,20260910,0.3872152058090037,0.3872152058090037,0,0
quarter_volatility2_validated,2912,2023-01-20,2023-02-06,-0.0383797057844887,2023,2022-12-31,learned_order_extension,20260910,0.3872152058090037,0.3872152058090037,0,0
quarter_trend2_validated,2917,2023-02-03,2023-02-13,-0.0012061903149008,2023,2022-12-31,learned_order_extension,20260910,0.7087431108814826,0.7087431108814826,1,0
quarter_volatility2_validated,2917,2023-02-03,2023-02-13,-0.0012061903149008,2023,2022-12-31,learned_order_extension,20260910,0.7087431108814826,0.7087431108814826,1,0
quarter_trend2_validated,2922,2023-02-10,2023-02-20,-0.0143746584432821,2023,2022-12-31,learned_order_extension,20260910,0.33420380659580207,0.33420380659580207,0,0
quarter_volatility2_validated,2922,2023-02-10,2023-02-20,-0.0143746584432821,2023,2022-12-31,learned_order_extension,20260910,0.33420380659580207,0.33420380659580207,0,0
quarter_trend2_validated,2927,2023-02-17,2023-02-27,0.0001237636016198,2023,2022-12-31,learned_order_extension,20260910,0.37695809393703467,0.37695809393703467,0,1
quarter_volatility2_validated,2927,2023-02-17,2023-02-27,0.0001237636016198,2023,2022-12-31,learned_order_extension,20260910,0.37695809393703467,0.37695809393703467,0,1
quarter_trend2_validated,2932,2023-02-24,2023-03-06,0.0224454641303217,2023,2022-12-31,learned_order_extension,20260910,0.6504979423759706,0.6504979423759706,1,1
quarter_volatility2_validated,2932,2023-02-24,2023-03-06,0.0224454641303217,2023,2022-12-31,learned_order_extension,20260910,0.6504979423759706,0.6504979423759706,1,1
quarter_trend2_validated,2937,2023-03-03,2023-03-13,-0.0407900947678007,2023,2022-12-31,learned_order_extension,20260910,0.7451391997229981,0.7451391997229981,1,0
quarter_volatility2_validated,2937,2023-03-03,2023-03-13,-0.0407900947678007,2023,2022-12-31,learned_order_extension,20260910,0.7451391997229981,0.7451391997229981,1,0
quarter_trend2_validated,2942,2023-03-10,2023-03-20,5.0471402903706775e-06,2023,2022-12-31,learned_order_extension,20260910,0.5807717243209339,0.5807717243209339,1,1
quarter_volatility2_validated,2942,2023-03-10,2023-03-20,5.0471402903706775e-06,2023,2022-12-31,learned_order_extension,20260910,0.5807717243209339,0.5807717243209339,1,1
quarter_trend2_validated,2947,2023-03-17,2023-03-27,0.015302852124583,2023,2022-12-31,learned_order_extension,20260910,0.4261400351912486,0.4261400351912486,0,1
quarter_volatility2_validated,2947,2023-03-17,2023-03-27,0.015302852124583,2023,2022-12-31,learned_order_extension,20260910,0.4261400351912486,0.4261400351912486,0,1
quarter_trend2_validated,2952,2023-03-24,2023-04-03,0.0090274153058433,2023,2022-12-31,learned_order_extension,20260910,0.35549705087245137,0.35549705087245137,0,1
quarter_volatility2_validated,2952,2023-03-24,2023-04-03,0.0090274153058433,2023,2022-12-31,learned_order_extension,20260910,0.35549705087245137,0.35549705087245137,0,1
quarter_trend2_validated,2957,2023-03-31,2023-04-10,0.0178317182396383,2023,2022-12-31,learned_order_extension,20260910,0.38561638910546875,0.38561638910546875,0,1
quarter_volatility2_validated,2957,2023-03-31,2023-04-10,0.0178317182396383,2023,2022-12-31,learned_order_extension,20260910,0.38561638910546875,0.38561638910546875,0,1
quarter_trend2_validated,2961,2023-04-07,2023-04-17,-0.0101500238382772,2023,2023-03-31,learned_order_extension,20260910,0.5803253034213908,0.5803253034213908,1,0
quarter_volatility2_validated,2961,2023-04-07,2023-04-17,-0.0101500238382772,2023,2023-03-31,learned_order_extension,20260910,0.5803253034213908,0.5803253034213908,1,0
quarter_trend2_validated,2966,2023-04-14,2023-04-24,-0.014368947230732,2023,2023-03-31,learned_order_extension,20260910,0.3132796546081912,0.3132796546081912,0,0
quarter_volatility2_validated,2966,2023-04-14,2023-04-24,-0.014368947230732,2023,2023-03-31,learned_order_extension,20260910,0.3132796546081912,0.3132796546081912,0,0
quarter_trend2_validated,2971,2023-04-21,2023-05-04,-0.0044228908788729,2023,2023-03-31,learned_order_extension,20260910,0.5129717529119044,0.5129717529119044,1,0
quarter_volatility2_validated,2971,2023-04-21,2023-05-04,-0.0044228908788729,2023,2023-03-31,learned_order_extension,20260910,0.5129717529119044,0.5129717529119044,1,0
quarter_trend2_validated,2976,2023-04-28,2023-05-10,0.0036477163153083,2023,2023-03-31,learned_order_extension,20260910,0.3973579997453356,0.3973579997453356,0,1
quarter_volatility2_validated,2976,2023-04-28,2023-05-10,0.0036477163153083,2023,2023-03-31,learned_order_extension,20260910,0.3973579997453356,0.3973579997453356,0,1
quarter_trend2_validated,2978,2023-05-05,2023-05-15,-0.0221642407977935,2023,2023-03-31,learned_order_extension,20260910,0.4552249172640749,0.4552249172640749,0,0
quarter_volatility2_validated,2978,2023-05-05,2023-05-15,-0.0221642407977935,2023,2023-03-31,learned_order_extension,20260910,0.4552249172640749,0.4552249172640749,0,0
quarter_trend2_validated,2983,2023-05-12,2023-05-22,0.0005509250208819,2023,2023-03-31,learned_order_extension,20260910,0.3862794729795211,0.3862794729795211,0,1
quarter_volatility2_validated,2983,2023-05-12,2023-05-22,0.0005509250208819,2023,2023-03-31,learned_order_extension,20260910,0.3862794729795211,0.3862794729795211,0,1
quarter_trend2_validated,2988,2023-05-19,2023-05-29,-0.0200253742704897,2023,2023-03-31,learned_order_extension,20260910,0.558285474010296,0.558285474010296,1,0
quarter_volatility2_validated,2988,2023-05-19,2023-05-29,-0.0200253742704897,2023,2023-03-31,learned_order_extension,20260910,0.558285474010296,0.558285474010296,1,0
quarter_trend2_validated,2993,2023-05-26,2023-06-05,-0.0003935703040848,2023,2023-03-31,learned_order_extension,20260910,0.5195420946101187,0.5195420946101187,1,0
quarter_volatility2_validated,2993,2023-05-26,2023-06-05,-0.0003935703040848,2023,2023-03-31,learned_order_extension,20260910,0.5195420946101187,0.5195420946101187,1,0
quarter_trend2_validated,2998,2023-06-02,2023-06-12,-0.0086075595250429,2023,2023-03-31,learned_order_extension,20260910,0.4764646687624865,0.4764646687624865,0,0
quarter_volatility2_validated,2998,2023-06-02,2023-06-12,-0.0086075595250429,2023,2023-03-31,learned_order_extension,20260910,0.4764646687624865,0.4764646687624865,0,0
quarter_trend2_validated,3003,2023-06-09,2023-06-19,0.0338878539347273,2023,2023-03-31,learned_order_extension,20260910,0.4399504044091518,0.4399504044091518,0,1
quarter_volatility2_validated,3003,2023-06-09,2023-06-19,0.0338878539347273,2023,2023-03-31,learned_order_extension,20260910,0.4399504044091518,0.4399504044091518,0,1
quarter_trend2_validated,3008,2023-06-16,2023-07-03,-0.026216632171098,2023,2023-03-31,learned_order_extension,20260910,0.4403657460993596,0.4403657460993596,0,0
quarter_volatility2_validated,3008,2023-06-16,2023-07-03,-0.026216632171098,2023,2023-03-31,learned_order_extension,20260910,0.4403657460993596,0.4403657460993596,0,0
quarter_trend2_validated,3016,2023-06-30,2023-07-10,-0.0030441518806006,2023,2023-03-31,learned_order_extension,20260910,0.44347540699034627,0.44347540699034627,0,0
quarter_volatility2_validated,3016,2023-06-30,2023-07-10,-0.0030441518806006,2023,2023-03-31,learned_order_extension,20260910,0.44347540699034627,0.44347540699034627,0,0
quarter_trend2_validated,3021,2023-07-07,2023-07-17,0.0104280552692135,2023,2023-06-30,learned_order_extension,20260910,0.3826569988348069,0.3826569988348069,0,1
quarter_volatility2_validated,3021,2023-07-07,2023-07-17,0.0104280552692135,2023,2023-06-30,learned_order_extension,20260910,0.42525896977192723,0.42525896977192723,0,1
quarter_trend2_validated,3026,2023-07-14,2023-07-24,-0.0201642613135752,2023,2023-06-30,learned_order_extension,20260910,0.5821504340431406,0.5821504340431406,1,0
quarter_volatility2_validated,3026,2023-07-14,2023-07-24,-0.0201642613135752,2023,2023-06-30,learned_order_extension,20260910,0.6244950957532646,0.6244950957532646,1,0
quarter_trend2_validated,3031,2023-07-21,2023-07-31,0.0566710925894278,2023,2023-06-30,learned_order_extension,20260910,0.5478127740074251,0.5478127740074251,1,1
quarter_volatility2_validated,3031,2023-07-21,2023-07-31,0.0566710925894278,2023,2023-06-30,learned_order_extension,20260910,0.591193586714307,0.591193586714307,1,1
quarter_trend2_validated,3036,2023-07-28,2023-08-07,-0.0039612927947766,2023,2023-06-30,learned_order_extension,20260910,0.3715104920543613,0.3715104920543613,0,0
quarter_volatility2_validated,3036,2023-07-28,2023-08-07,-0.0039612927947766,2023,2023-06-30,learned_order_extension,20260910,0.4137031126689188,0.4137031126689188,0,0
quarter_trend2_validated,3041,2023-08-04,2023-08-14,-0.0404899362223548,2023,2023-06-30,learned_order_extension,20260910,0.34971805428457803,0.34971805428457803,0,0
quarter_volatility2_validated,3041,2023-08-04,2023-08-14,-0.0404899362223548,2023,2023-06-30,learned_order_extension,20260910,0.34971805428457803,0.34971805428457803,0,0
quarter_trend2_validated,3046,2023-08-11,2023-08-21,-0.0176157088591445,2023,2023-06-30,learned_order_extension,20260910,0.24655637825727098,0.24655637825727098,0,0
quarter_volatility2_validated,3046,2023-08-11,2023-08-21,-0.0176157088591445,2023,2023-06-30,learned_order_extension,20260910,0.2809005484837032,0.2809005484837032,0,0
quarter_trend2_validated,3051,2023-08-18,2023-08-28,0.0366582477081969,2023,2023-06-30,learned_order_extension,20260910,0.5373679839530731,0.5373679839530731,1,1
quarter_volatility2_validated,3051,2023-08-18,2023-08-28,0.0366582477081969,2023,2023-06-30,learned_order_extension,20260910,0.5809843846986696,0.5809843846986696,1,1
quarter_trend2_validated,3056,2023-08-25,2023-09-04,-0.025197172476384,2023,2023-06-30,learned_order_extension,20260910,0.2746531490490264,0.2746531490490264,0,0
quarter_volatility2_validated,3056,2023-08-25,2023-09-04,-0.025197172476384,2023,2023-06-30,learned_order_extension,20260910,0.31129405822030537,0.31129405822030537,0,0
quarter_trend2_validated,3061,2023-09-01,2023-09-11,-0.0189903461587886,2023,2023-06-30,learned_order_extension,20260910,0.5671782602532678,0.5671782602532678,1,0
quarter_volatility2_validated,3061,2023-09-01,2023-09-11,-0.0189903461587886,2023,2023-06-30,learned_order_extension,20260910,0.5671782602532678,0.5671782602532678,1,0
quarter_trend2_validated,3066,2023-09-08,2023-09-18,-0.0111346368744954,2023,2023-06-30,learned_order_extension,20260910,0.5554529972116437,0.5554529972116437,1,0
quarter_volatility2_validated,3066,2023-09-08,2023-09-18,-0.0111346368744954,2023,2023-06-30,learned_order_extension,20260910,0.5986378602457478,0.5986378602457478,1,0
quarter_trend2_validated,3071,2023-09-15,2023-09-25,0.0105787349314532,2023,2023-06-30,learned_order_extension,20260910,0.6504000931356596,0.6504000931356596,1,1
quarter_volatility2_validated,3071,2023-09-15,2023-09-25,0.0105787349314532,2023,2023-06-30,learned_order_extension,20260910,0.6895171394617714,0.6895171394617714,1,1
quarter_trend2_validated,3076,2023-09-22,2023-10-16,-0.0198017153282719,2023,2023-06-30,learned_order_extension,20260910,0.2968867142619654,0.2968867142619654,0,0
quarter_volatility2_validated,3076,2023-09-22,2023-10-16,-0.0198017153282719,2023,2023-06-30,learned_order_extension,20260910,0.33512334993612697,0.33512334993612697,0,0
quarter_trend2_validated,3085,2023-10-13,2023-10-23,-0.0447156690429144,2023,2023-09-30,learned_order_extension,20260910,0.28448365965144135,0.28448365965144135,0,0
quarter_volatility2_validated,3085,2023-10-13,2023-10-23,-0.0447156690429144,2023,2023-09-30,learned_order_extension,20260910,0.2839134759905951,0.2839134759905951,0,0
quarter_trend2_validated,3090,2023-10-20,2023-10-30,0.0154019770298841,2023,2023-09-30,learned_order_extension,20260910,0.45277221721464345,0.45277221721464345,0,1
quarter_volatility2_validated,3090,2023-10-20,2023-10-30,0.0154019770298841,2023,2023-09-30,learned_order_extension,20260910,0.45207784782047916,0.45207784782047916,0,1
quarter_trend2_validated,3095,2023-10-27,2023-11-06,0.0152527637017425,2023,2023-09-30,learned_order_extension,20260910,0.6042224969119705,0.6042224969119705,1,1
quarter_volatility2_validated,3095,2023-10-27,2023-11-06,0.0152527637017425,2023,2023-09-30,learned_order_extension,20260910,0.6035520335866059,0.6035520335866059,1,1
quarter_trend2_validated,3100,2023-11-03,2023-11-13,-0.0039935482440582,2023,2023-09-30,learned_order_extension,20260910,0.5972628466143376,0.5972628466143376,1,0
quarter_volatility2_validated,3100,2023-11-03,2023-11-13,-0.0039935482440582,2023,2023-09-30,learned_order_extension,20260910,0.5965884649512458,0.5965884649512458,1,0
quarter_trend2_validated,3105,2023-11-10,2023-11-20,-0.0067280482816765,2023,2023-09-30,learned_order_extension,20260910,0.35171705264086844,0.35171705264086844,0,0
quarter_volatility2_validated,3105,2023-11-10,2023-11-20,-0.0067280482816765,2023,2023-09-30,learned_order_extension,20260910,0.3510782338128189,0.3510782338128189,0,0
quarter_trend2_validated,3110,2023-11-17,2023-11-27,-0.0098859017348651,2023,2023-09-30,learned_order_extension,20260910,0.5106088491567358,0.5106088491567358,1,0
quarter_volatility2_validated,3110,2023-11-17,2023-11-27,-0.0098859017348651,2023,2023-09-30,learned_order_extension,20260910,0.5099084308159818,0.5099084308159818,1,0
quarter_trend2_validated,3115,2023-11-24,2023-12-04,-0.0151084754586299,2023,2023-09-30,learned_order_extension,20260910,0.5757349565279704,0.5757349565279704,1,0
quarter_volatility2_validated,3115,2023-11-24,2023-12-04,-0.0151084754586299,2023,2023-09-30,learned_order_extension,20260910,0.5750501747503471,0.5750501747503471,1,0
quarter_trend2_validated,3120,2023-12-01,2023-12-11,-0.0295859857973478,2023,2023-09-30,learned_order_extension,20260910,0.6147136404544482,0.6147136404544482,1,0
quarter_volatility2_validated,3120,2023-12-01,2023-12-11,-0.0295859857973478,2023,2023-09-30,learned_order_extension,20260910,0.6140495973219653,0.6140495973219653,1,0
quarter_trend2_validated,3125,2023-12-08,2023-12-18,-0.0144639658974852,2023,2023-09-30,learned_order_extension,20260910,0.7066444503574694,0.7066444503574694,1,0
quarter_volatility2_validated,3125,2023-12-08,2023-12-18,-0.0144639658974852,2023,2023-09-30,learned_order_extension,20260910,0.7060630878489482,0.7060630878489482,1,0
quarter_trend2_validated,3130,2023-12-15,2023-12-25,0.0003424256350643,2023,2023-09-30,learned_order_extension,20260910,0.48314210312272077,0.48314210312272077,0,1
quarter_volatility2_validated,3130,2023-12-15,2023-12-25,0.0003424256350643,2023,2023-09-30,learned_order_extension,20260910,0.4824422197628665,0.4824422197628665,0,1
quarter_trend2_validated,3135,2023-12-22,2024-01-02,0.0288079559683274,2023,2023-09-30,learned_order_extension,20260910,0.30634065324567555,0.30634065324567555,0,1
quarter_volatility2_validated,3135,2023-12-22,2024-01-02,0.0288079559683274,2023,2023-09-30,learned_order_extension,20260910,0.30574538138578045,0.30574538138578045,0,1
quarter_trend2_validated,3140,2023-12-29,2024-01-08,-0.0302544749829989,2023,2023-09-30,learned_order_extension,20260910,0.5759865966466814,0.5759865966466814,1,0
quarter_volatility2_validated,3140,2023-12-29,2024-01-08,-0.0302544749829989,2023,2023-09-30,learned_order_extension,20260910,0.5753019214194932,0.5753019214194932,1,0
quarter_trend2_validated,2902,2023-01-06,2023-01-16,0.0198447929614133,2023,2022-12-31,learned_order_offset,20260910,0.29436491679511234,0.29436491679511234,0,1
quarter_volatility2_validated,2902,2023-01-06,2023-01-16,0.0198447929614133,2023,2022-12-31,learned_order_offset,20260910,0.29436491679511234,0.29436491679511234,0,1
quarter_trend2_validated,2907,2023-01-13,2023-01-30,0.0465290788350809,2023,2022-12-31,learned_order_offset,20260910,0.45922844261203544,0.45922844261203544,0,1
quarter_volatility2_validated,2907,2023-01-13,2023-01-30,0.0465290788350809,2023,2022-12-31,learned_order_offset,20260910,0.45922844261203544,0.45922844261203544,0,1
quarter_trend2_validated,2912,2023-01-20,2023-02-06,-0.0383797057844887,2023,2022-12-31,learned_order_offset,20260910,0.3863007910171924,0.3863007910171924,0,0
quarter_volatility2_validated,2912,2023-01-20,2023-02-06,-0.0383797057844887,2023,2022-12-31,learned_order_offset,20260910,0.3863007910171924,0.3863007910171924,0,0
quarter_trend2_validated,2917,2023-02-03,2023-02-13,-0.0012061903149008,2023,2022-12-31,learned_order_offset,20260910,0.708109906191393,0.708109906191393,1,0
quarter_volatility2_validated,2917,2023-02-03,2023-02-13,-0.0012061903149008,2023,2022-12-31,learned_order_offset,20260910,0.708109906191393,0.708109906191393,1,0
quarter_trend2_validated,2922,2023-02-10,2023-02-20,-0.0143746584432821,2023,2022-12-31,learned_order_offset,20260910,0.3342356424663725,0.3342356424663725,0,0
quarter_volatility2_validated,2922,2023-02-10,2023-02-20,-0.0143746584432821,2023,2022-12-31,learned_order_offset,20260910,0.3342356424663725,0.3342356424663725,0,0
quarter_trend2_validated,2927,2023-02-17,2023-02-27,0.0001237636016198,2023,2022-12-31,learned_order_offset,20260910,0.3768936129162209,0.3768936129162209,0,1
quarter_volatility2_validated,2927,2023-02-17,2023-02-27,0.0001237636016198,2023,2022-12-31,learned_order_offset,20260910,0.3768936129162209,0.3768936129162209,0,1
quarter_trend2_validated,2932,2023-02-24,2023-03-06,0.0224454641303217,2023,2022-12-31,learned_order_offset,20260910,0.650954614063496,0.650954614063496,1,1
quarter_volatility2_validated,2932,2023-02-24,2023-03-06,0.0224454641303217,2023,2022-12-31,learned_order_offset,20260910,0.650954614063496,0.650954614063496,1,1
quarter_trend2_validated,2937,2023-03-03,2023-03-13,-0.0407900947678007,2023,2022-12-31,learned_order_offset,20260910,0.744213255918267,0.744213255918267,1,0
quarter_volatility2_validated,2937,2023-03-03,2023-03-13,-0.0407900947678007,2023,2022-12-31,learned_order_offset,20260910,0.744213255918267,0.744213255918267,1,0
quarter_trend2_validated,2942,2023-03-10,2023-03-20,5.0471402903706775e-06,2023,2022-12-31,learned_order_offset,20260910,0.581402685223824,0.581402685223824,1,1
quarter_volatility2_validated,2942,2023-03-10,2023-03-20,5.0471402903706775e-06,2023,2022-12-31,learned_order_offset,20260910,0.581402685223824,0.581402685223824,1,1
quarter_trend2_validated,2947,2023-03-17,2023-03-27,0.015302852124583,2023,2022-12-31,learned_order_offset,20260910,0.4267138677564879,0.4267138677564879,0,1
quarter_volatility2_validated,2947,2023-03-17,2023-03-27,0.015302852124583,2023,2022-12-31,learned_order_offset,20260910,0.4267138677564879,0.4267138677564879,0,1
quarter_trend2_validated,2952,2023-03-24,2023-04-03,0.0090274153058433,2023,2022-12-31,learned_order_offset,20260910,0.3550974197538086,0.3550974197538086,0,1
quarter_volatility2_validated,2952,2023-03-24,2023-04-03,0.0090274153058433,2023,2022-12-31,learned_order_offset,20260910,0.3550974197538086,0.3550974197538086,0,1
quarter_trend2_validated,2957,2023-03-31,2023-04-10,0.0178317182396383,2023,2022-12-31,learned_order_offset,20260910,0.38476763491007665,0.38476763491007665,0,1
quarter_volatility2_validated,2957,2023-03-31,2023-04-10,0.0178317182396383,2023,2022-12-31,learned_order_offset,20260910,0.38476763491007665,0.38476763491007665,0,1
quarter_trend2_validated,2961,2023-04-07,2023-04-17,-0.0101500238382772,2023,2023-03-31,learned_order_offset,20260910,0.5794010068026585,0.5794010068026585,1,0
quarter_volatility2_validated,2961,2023-04-07,2023-04-17,-0.0101500238382772,2023,2023-03-31,learned_order_offset,20260910,0.5794010068026585,0.5794010068026585,1,0
quarter_trend2_validated,2966,2023-04-14,2023-04-24,-0.014368947230732,2023,2023-03-31,learned_order_offset,20260910,0.31197453771328737,0.31197453771328737,0,0
quarter_volatility2_validated,2966,2023-04-14,2023-04-24,-0.014368947230732,2023,2023-03-31,learned_order_offset,20260910,0.31197453771328737,0.31197453771328737,0,0
quarter_trend2_validated,2971,2023-04-21,2023-05-04,-0.0044228908788729,2023,2023-03-31,learned_order_offset,20260910,0.5149450703710334,0.5149450703710334,1,0
quarter_volatility2_validated,2971,2023-04-21,2023-05-04,-0.0044228908788729,2023,2023-03-31,learned_order_offset,20260910,0.5149450703710334,0.5149450703710334,1,0
quarter_trend2_validated,2976,2023-04-28,2023-05-10,0.0036477163153083,2023,2023-03-31,learned_order_offset,20260910,0.39823395699918146,0.39823395699918146,0,1
quarter_volatility2_validated,2976,2023-04-28,2023-05-10,0.0036477163153083,2023,2023-03-31,learned_order_offset,20260910,0.39823395699918146,0.39823395699918146,0,1
quarter_trend2_validated,2978,2023-05-05,2023-05-15,-0.0221642407977935,2023,2023-03-31,learned_order_offset,20260910,0.4559542898668919,0.4559542898668919,0,0
quarter_volatility2_validated,2978,2023-05-05,2023-05-15,-0.0221642407977935,2023,2023-03-31,learned_order_offset,20260910,0.4559542898668919,0.4559542898668919,0,0
quarter_trend2_validated,2983,2023-05-12,2023-05-22,0.0005509250208819,2023,2023-03-31,learned_order_offset,20260910,0.38735140673750457,0.38735140673750457,0,1
quarter_volatility2_validated,2983,2023-05-12,2023-05-22,0.0005509250208819,2023,2023-03-31,learned_order_offset,20260910,0.38735140673750457,0.38735140673750457,0,1
quarter_trend2_validated,2988,2023-05-19,2023-05-29,-0.0200253742704897,2023,2023-03-31,learned_order_offset,20260910,0.5583236766115218,0.5583236766115218,1,0
quarter_volatility2_validated,2988,2023-05-19,2023-05-29,-0.0200253742704897,2023,2023-03-31,learned_order_offset,20260910,0.5583236766115218,0.5583236766115218,1,0
quarter_trend2_validated,2993,2023-05-26,2023-06-05,-0.0003935703040848,2023,2023-03-31,learned_order_offset,20260910,0.5196713253356512,0.5196713253356512,1,0
quarter_volatility2_validated,2993,2023-05-26,2023-06-05,-0.0003935703040848,2023,2023-03-31,learned_order_offset,20260910,0.5196713253356512,0.5196713253356512,1,0
quarter_trend2_validated,2998,2023-06-02,2023-06-12,-0.0086075595250429,2023,2023-03-31,learned_order_offset,20260910,0.4774002230107331,0.4774002230107331,0,0
quarter_volatility2_validated,2998,2023-06-02,2023-06-12,-0.0086075595250429,2023,2023-03-31,learned_order_offset,20260910,0.4774002230107331,0.4774002230107331,0,0
quarter_trend2_validated,3003,2023-06-09,2023-06-19,0.0338878539347273,2023,2023-03-31,learned_order_offset,20260910,0.44203236200402185,0.44203236200402185,0,1
quarter_volatility2_validated,3003,2023-06-09,2023-06-19,0.0338878539347273,2023,2023-03-31,learned_order_offset,20260910,0.44203236200402185,0.44203236200402185,0,1
quarter_trend2_validated,3008,2023-06-16,2023-07-03,-0.026216632171098,2023,2023-03-31,learned_order_offset,20260910,0.44122158681927054,0.44122158681927054,0,0
quarter_volatility2_validated,3008,2023-06-16,2023-07-03,-0.026216632171098,2023,2023-03-31,learned_order_offset,20260910,0.44122158681927054,0.44122158681927054,0,0
quarter_trend2_validated,3016,2023-06-30,2023-07-10,-0.0030441518806006,2023,2023-03-31,learned_order_offset,20260910,0.4443353288773946,0.4443353288773946,0,0
quarter_volatility2_validated,3016,2023-06-30,2023-07-10,-0.0030441518806006,2023,2023-03-31,learned_order_offset,20260910,0.4443353288773946,0.4443353288773946,0,0
quarter_trend2_validated,3021,2023-07-07,2023-07-17,0.0104280552692135,2023,2023-06-30,learned_order_offset,20260910,0.38304112323798994,0.38304112323798994,0,1
quarter_volatility2_validated,3021,2023-07-07,2023-07-17,0.0104280552692135,2023,2023-06-30,learned_order_offset,20260910,0.4256085180406109,0.4256085180406109,0,1
quarter_trend2_validated,3026,2023-07-14,2023-07-24,-0.0201642613135752,2023,2023-06-30,learned_order_offset,20260910,0.5815880605073344,0.5815880605073344,1,0
quarter_volatility2_validated,3026,2023-07-14,2023-07-24,-0.0201642613135752,2023,2023-06-30,learned_order_offset,20260910,0.623906968031916,0.623906968031916,1,0
quarter_trend2_validated,3031,2023-07-21,2023-07-31,0.0566710925894278,2023,2023-06-30,learned_order_offset,20260910,0.547577229894343,0.547577229894343,1,1
quarter_volatility2_validated,3031,2023-07-21,2023-07-31,0.0566710925894278,2023,2023-06-30,learned_order_offset,20260910,0.5909164484602238,0.5909164484602238,1,1
quarter_trend2_validated,3036,2023-07-28,2023-08-07,-0.0039612927947766,2023,2023-06-30,learned_order_offset,20260910,0.37166705059989874,0.37166705059989874,0,0
quarter_volatility2_validated,3036,2023-07-28,2023-08-07,-0.0039612927947766,2023,2023-06-30,learned_order_offset,20260910,0.4138182586819264,0.4138182586819264,0,0
quarter_trend2_validated,3041,2023-08-04,2023-08-14,-0.0404899362223548,2023,2023-06-30,learned_order_offset,20260910,0.3499694885504753,0.3499694885504753,0,0
quarter_volatility2_validated,3041,2023-08-04,2023-08-14,-0.0404899362223548,2023,2023-06-30,learned_order_offset,20260910,0.3499694885504753,0.3499694885504753,0,0
quarter_trend2_validated,3046,2023-08-11,2023-08-21,-0.0176157088591445,2023,2023-06-30,learned_order_offset,20260910,0.24779162202998292,0.24779162202998292,0,0
quarter_volatility2_validated,3046,2023-08-11,2023-08-21,-0.0176157088591445,2023,2023-06-30,learned_order_offset,20260910,0.28220374642564056,0.28220374642564056,0,0
quarter_trend2_validated,3051,2023-08-18,2023-08-28,0.0366582477081969,2023,2023-06-30,learned_order_offset,20260910,0.5364370135951352,0.5364370135951352,1,1
quarter_volatility2_validated,3051,2023-08-18,2023-08-28,0.0366582477081969,2023,2023-06-30,learned_order_offset,20260910,0.5800249132918106,0.5800249132918106,1,1
quarter_trend2_validated,3056,2023-08-25,2023-09-04,-0.025197172476384,2023,2023-06-30,learned_order_offset,20260910,0.27502182146077486,0.27502182146077486,0,0
quarter_volatility2_validated,3056,2023-08-25,2023-09-04,-0.025197172476384,2023,2023-06-30,learned_order_offset,20260910,0.311648784966294,0.311648784966294,0,0
quarter_trend2_validated,3061,2023-09-01,2023-09-11,-0.0189903461587886,2023,2023-06-30,learned_order_offset,20260910,0.566362837903968,0.566362837903968,1,0
quarter_volatility2_validated,3061,2023-09-01,2023-09-11,-0.0189903461587886,2023,2023-06-30,learned_order_offset,20260910,0.566362837903968,0.566362837903968,1,0
quarter_trend2_validated,3066,2023-09-08,2023-09-18,-0.0111346368744954,2023,2023-06-30,learned_order_offset,20260910,0.5560197514411384,0.5560197514411384,1,0
quarter_volatility2_validated,3066,2023-09-08,2023-09-18,-0.0111346368744954,2023,2023-06-30,learned_order_offset,20260910,0.5991422738205142,0.5991422738205142,1,0
quarter_trend2_validated,3071,2023-09-15,2023-09-25,0.0105787349314532,2023,2023-06-30,learned_order_offset,20260910,0.6499557949564855,0.6499557949564855,1,1
quarter_volatility2_validated,3071,2023-09-15,2023-09-25,0.0105787349314532,2023,2023-06-30,learned_order_offset,20260910,0.6890568513220626,0.6890568513220626,1,1
quarter_trend2_validated,3076,2023-09-22,2023-10-16,-0.0198017153282719,2023,2023-06-30,learned_order_offset,20260910,0.2982467977499737,0.2982467977499737,0,0
quarter_volatility2_validated,3076,2023-09-22,2023-10-16,-0.0198017153282719,2023,2023-06-30,learned_order_offset,20260910,0.33653104179539023,0.33653104179539023,0,0
quarter_trend2_validated,3085,2023-10-13,2023-10-23,-0.0447156690429144,2023,2023-09-30,learned_order_offset,20260910,0.28438044668532336,0.28438044668532336,0,0
quarter_volatility2_validated,3085,2023-10-13,2023-10-23,-0.0447156690429144,2023,2023-09-30,learned_order_offset,20260910,0.28385154214669966,0.28385154214669966,0,0
quarter_trend2_validated,3090,2023-10-20,2023-10-30,0.0154019770298841,2023,2023-09-30,learned_order_offset,20260910,0.4527016214780886,0.4527016214780886,0,1
quarter_volatility2_validated,3090,2023-10-20,2023-10-30,0.0154019770298841,2023,2023-09-30,learned_order_offset,20260910,0.4520574201721644,0.4520574201721644,0,1
quarter_trend2_validated,3095,2023-10-27,2023-11-06,0.0152527637017425,2023,2023-09-30,learned_order_offset,20260910,0.6036924794657714,0.6036924794657714,1,1
quarter_volatility2_validated,3095,2023-10-27,2023-11-06,0.0152527637017425,2023,2023-09-30,learned_order_offset,20260910,0.6030701734479508,0.6030701734479508,1,1
quarter_trend2_validated,3100,2023-11-03,2023-11-13,-0.0039935482440582,2023,2023-09-30,learned_order_offset,20260910,0.5972021499146761,0.5972021499146761,1,0
quarter_volatility2_validated,3100,2023-11-03,2023-11-13,-0.0039935482440582,2023,2023-09-30,learned_order_offset,20260910,0.5965764629661112,0.5965764629661112,1,0
quarter_trend2_validated,3105,2023-11-10,2023-11-20,-0.0067280482816765,2023,2023-09-30,learned_order_offset,20260910,0.3527382455416184,0.3527382455416184,0,0
quarter_volatility2_validated,3105,2023-11-10,2023-11-20,-0.0067280482816765,2023,2023-09-30,learned_order_offset,20260910,0.3521447669980012,0.3521447669980012,0,0
quarter_trend2_validated,3110,2023-11-17,2023-11-27,-0.0098859017348651,2023,2023-09-30,learned_order_offset,20260910,0.5114756394074201,0.5114756394074201,1,0
quarter_volatility2_validated,3110,2023-11-17,2023-11-27,-0.0098859017348651,2023,2023-09-30,learned_order_offset,20260910,0.510825864492859,0.510825864492859,1,0
quarter_trend2_validated,3115,2023-11-24,2023-12-04,-0.0151084754586299,2023,2023-09-30,learned_order_offset,20260910,0.5756359681063548,0.5756359681063548,1,0
quarter_volatility2_validated,3115,2023-11-24,2023-12-04,-0.0151084754586299,2023,2023-09-30,learned_order_offset,20260910,0.5750006214944995,0.5750006214944995,1,0
quarter_trend2_validated,3120,2023-12-01,2023-12-11,-0.0295859857973478,2023,2023-09-30,learned_order_offset,20260910,0.614854464646644,0.614854464646644,1,0
quarter_volatility2_validated,3120,2023-12-01,2023-12-11,-0.0295859857973478,2023,2023-09-30,learned_order_offset,20260910,0.6142384858979237,0.6142384858979237,1,0
quarter_trend2_validated,3125,2023-12-08,2023-12-18,-0.0144639658974852,2023,2023-09-30,learned_order_offset,20260910,0.7068210929833594,0.7068210929833594,1,0
quarter_volatility2_validated,3125,2023-12-08,2023-12-18,-0.0144639658974852,2023,2023-09-30,learned_order_offset,20260910,0.7062819367161562,0.7062819367161562,1,0
quarter_trend2_validated,3130,2023-12-15,2023-12-25,0.0003424256350643,2023,2023-09-30,learned_order_offset,20260910,0.48303915628530486,0.48303915628530486,0,1
quarter_volatility2_validated,3130,2023-12-15,2023-12-25,0.0003424256350643,2023,2023-09-30,learned_order_offset,20260910,0.4823898350079092,0.4823898350079092,0,1
quarter_trend2_validated,3135,2023-12-22,2024-01-02,0.0288079559683274,2023,2023-09-30,learned_order_offset,20260910,0.30673827009254967,0.30673827009254967,0,1
quarter_volatility2_validated,3135,2023-12-22,2024-01-02,0.0288079559683274,2023,2023-09-30,learned_order_offset,20260910,0.30618557476925246,0.30618557476925246,0,1
quarter_trend2_validated,3140,2023-12-29,2024-01-08,-0.0302544749829989,2023,2023-09-30,learned_order_offset,20260910,0.5758861934062534,0.5758861934062534,1,0
quarter_volatility2_validated,3140,2023-12-29,2024-01-08,-0.0302544749829989,2023,2023-09-30,learned_order_offset,20260910,0.575250944993388,0.575250944993388,1,0
quarter_trend2_validated,2902,2023-01-06,2023-01-16,0.0198447929614133,2023,2022-12-31,learned_market,20260911,0.4109996836659653,0.4109996836659653,0,1
quarter_volatility2_validated,2902,2023-01-06,2023-01-16,0.0198447929614133,2023,2022-12-31,learned_market,20260911,0.4109996836659653,0.4109996836659653,0,1
quarter_trend2_validated,2907,2023-01-13,2023-01-30,0.0465290788350809,2023,2022-12-31,learned_market,20260911,0.344318482304961,0.344318482304961,0,1
quarter_volatility2_validated,2907,2023-01-13,2023-01-30,0.0465290788350809,2023,2022-12-31,learned_market,20260911,0.344318482304961,0.344318482304961,0,1
quarter_trend2_validated,2912,2023-01-20,2023-02-06,-0.0383797057844887,2023,2022-12-31,learned_market,20260911,0.6588589521771411,0.6588589521771411,1,0
quarter_volatility2_validated,2912,2023-01-20,2023-02-06,-0.0383797057844887,2023,2022-12-31,learned_market,20260911,0.6588589521771411,0.6588589521771411,1,0
quarter_trend2_validated,2917,2023-02-03,2023-02-13,-0.0012061903149008,2023,2022-12-31,learned_market,20260911,0.5846417083500102,0.5846417083500102,1,0
quarter_volatility2_validated,2917,2023-02-03,2023-02-13,-0.0012061903149008,2023,2022-12-31,learned_market,20260911,0.5846417083500102,0.5846417083500102,1,0
quarter_trend2_validated,2922,2023-02-10,2023-02-20,-0.0143746584432821,2023,2022-12-31,learned_market,20260911,0.37229435163057095,0.37229435163057095,0,0
quarter_volatility2_validated,2922,2023-02-10,2023-02-20,-0.0143746584432821,2023,2022-12-31,learned_market,20260911,0.37229435163057095,0.37229435163057095,0,0
quarter_trend2_validated,2927,2023-02-17,2023-02-27,0.0001237636016198,2023,2022-12-31,learned_market,20260911,0.4278917331001193,0.4278917331001193,0,1
quarter_volatility2_validated,2927,2023-02-17,2023-02-27,0.0001237636016198,2023,2022-12-31,learned_market,20260911,0.4278917331001193,0.4278917331001193,0,1
quarter_trend2_validated,2932,2023-02-24,2023-03-06,0.0224454641303217,2023,2022-12-31,learned_market,20260911,0.6524353768671635,0.6524353768671635,1,1
quarter_volatility2_validated,2932,2023-02-24,2023-03-06,0.0224454641303217,2023,2022-12-31,learned_market,20260911,0.6524353768671635,0.6524353768671635,1,1
quarter_trend2_validated,2937,2023-03-03,2023-03-13,-0.0407900947678007,2023,2022-12-31,learned_market,20260911,0.767620468884498,0.767620468884498,1,0
quarter_volatility2_validated,2937,2023-03-03,2023-03-13,-0.0407900947678007,2023,2022-12-31,learned_market,20260911,0.767620468884498,0.767620468884498,1,0
quarter_trend2_validated,2942,2023-03-10,2023-03-20,5.0471402903706775e-06,2023,2022-12-31,learned_market,20260911,0.6078004132598206,0.6078004132598206,1,1
quarter_volatility2_validated,2942,2023-03-10,2023-03-20,5.0471402903706775e-06,2023,2022-12-31,learned_market,20260911,0.6078004132598206,0.6078004132598206,1,1
quarter_trend2_validated,2947,2023-03-17,2023-03-27,0.015302852124583,2023,2022-12-31,learned_market,20260911,0.41902195233093853,0.41902195233093853,0,1
quarter_volatility2_validated,2947,2023-03-17,2023-03-27,0.015302852124583,2023,2022-12-31,learned_market,20260911,0.41902195233093853,0.41902195233093853,0,1
quarter_trend2_validated,2952,2023-03-24,2023-04-03,0.0090274153058433,2023,2022-12-31,learned_market,20260911,0.4677158880927443,0.4677158880927443,0,1
quarter_volatility2_validated,2952,2023-03-24,2023-04-03,0.0090274153058433,2023,2022-12-31,learned_market,20260911,0.4677158880927443,0.4677158880927443,0,1
quarter_trend2_validated,2957,2023-03-31,2023-04-10,0.0178317182396383,2023,2022-12-31,learned_market,20260911,0.5644297293997745,0.5644297293997745,1,1
quarter_volatility2_validated,2957,2023-03-31,2023-04-10,0.0178317182396383,2023,2022-12-31,learned_market,20260911,0.5644297293997745,0.5644297293997745,1,1
quarter_trend2_validated,2961,2023-04-07,2023-04-17,-0.0101500238382772,2023,2023-03-31,learned_market,20260911,0.5123926969413866,0.5123926969413866,1,0
quarter_volatility2_validated,2961,2023-04-07,2023-04-17,-0.0101500238382772,2023,2023-03-31,learned_market,20260911,0.5123926969413866,0.5123926969413866,1,0
quarter_trend2_validated,2966,2023-04-14,2023-04-24,-0.014368947230732,2023,2023-03-31,learned_market,20260911,0.511707795083602,0.511707795083602,1,0
quarter_volatility2_validated,2966,2023-04-14,2023-04-24,-0.014368947230732,2023,2023-03-31,learned_market,20260911,0.511707795083602,0.511707795083602,1,0
quarter_trend2_validated,2971,2023-04-21,2023-05-04,-0.0044228908788729,2023,2023-03-31,learned_market,20260911,0.37484009153446224,0.37484009153446224,0,0
quarter_volatility2_validated,2971,2023-04-21,2023-05-04,-0.0044228908788729,2023,2023-03-31,learned_market,20260911,0.37484009153446224,0.37484009153446224,0,0
quarter_trend2_validated,2976,2023-04-28,2023-05-10,0.0036477163153083,2023,2023-03-31,learned_market,20260911,0.35090610116443816,0.35090610116443816,0,1
quarter_volatility2_validated,2976,2023-04-28,2023-05-10,0.0036477163153083,2023,2023-03-31,learned_market,20260911,0.35090610116443816,0.35090610116443816,0,1
quarter_trend2_validated,2978,2023-05-05,2023-05-15,-0.0221642407977935,2023,2023-03-31,learned_market,20260911,0.34027916805748615,0.34027916805748615,0,0
quarter_volatility2_validated,2978,2023-05-05,2023-05-15,-0.0221642407977935,2023,2023-03-31,learned_market,20260911,0.34027916805748615,0.34027916805748615,0,0
quarter_trend2_validated,2983,2023-05-12,2023-05-22,0.0005509250208819,2023,2023-03-31,learned_market,20260911,0.49754285644712,0.49754285644712,0,1
quarter_volatility2_validated,2983,2023-05-12,2023-05-22,0.0005509250208819,2023,2023-03-31,learned_market,20260911,0.49754285644712,0.49754285644712,0,1
quarter_trend2_validated,2988,2023-05-19,2023-05-29,-0.0200253742704897,2023,2023-03-31,learned_market,20260911,0.7549084578883676,0.7549084578883676,1,0
quarter_volatility2_validated,2988,2023-05-19,2023-05-29,-0.0200253742704897,2023,2023-03-31,learned_market,20260911,0.7549084578883676,0.7549084578883676,1,0
quarter_trend2_validated,2993,2023-05-26,2023-06-05,-0.0003935703040848,2023,2023-03-31,learned_market,20260911,0.5039392773809649,0.5039392773809649,1,0
quarter_volatility2_validated,2993,2023-05-26,2023-06-05,-0.0003935703040848,2023,2023-03-31,learned_market,20260911,0.5039392773809649,0.5039392773809649,1,0
quarter_trend2_validated,2998,2023-06-02,2023-06-12,-0.0086075595250429,2023,2023-03-31,learned_market,20260911,0.39899180688484476,0.39899180688484476,0,0
quarter_volatility2_validated,2998,2023-06-02,2023-06-12,-0.0086075595250429,2023,2023-03-31,learned_market,20260911,0.39899180688484476,0.39899180688484476,0,0
quarter_trend2_validated,3003,2023-06-09,2023-06-19,0.0338878539347273,2023,2023-03-31,learned_market,20260911,0.4684734509310129,0.4684734509310129,0,1
quarter_volatility2_validated,3003,2023-06-09,2023-06-19,0.0338878539347273,2023,2023-03-31,learned_market,20260911,0.4684734509310129,0.4684734509310129,0,1
quarter_trend2_validated,3008,2023-06-16,2023-07-03,-0.026216632171098,2023,2023-03-31,learned_market,20260911,0.43999508820011124,0.43999508820011124,0,0
quarter_volatility2_validated,3008,2023-06-16,2023-07-03,-0.026216632171098,2023,2023-03-31,learned_market,20260911,0.43999508820011124,0.43999508820011124,0,0
quarter_trend2_validated,3016,2023-06-30,2023-07-10,-0.0030441518806006,2023,2023-03-31,learned_market,20260911,0.494623114929346,0.494623114929346,0,0
quarter_volatility2_validated,3016,2023-06-30,2023-07-10,-0.0030441518806006,2023,2023-03-31,learned_market,20260911,0.494623114929346,0.494623114929346,0,0
quarter_trend2_validated,3021,2023-07-07,2023-07-17,0.0104280552692135,2023,2023-06-30,learned_market,20260911,0.39651065937993113,0.39651065937993113,0,1
quarter_volatility2_validated,3021,2023-07-07,2023-07-17,0.0104280552692135,2023,2023-06-30,learned_market,20260911,0.4321304643658555,0.4321304643658555,0,1
quarter_trend2_validated,3026,2023-07-14,2023-07-24,-0.0201642613135752,2023,2023-06-30,learned_market,20260911,0.3737555192289703,0.3737555192289703,0,0
quarter_volatility2_validated,3026,2023-07-14,2023-07-24,-0.0201642613135752,2023,2023-06-30,learned_market,20260911,0.40871557780436546,0.40871557780436546,0,0
quarter_trend2_validated,3031,2023-07-21,2023-07-31,0.0566710925894278,2023,2023-06-30,learned_market,20260911,0.36093946472189176,0.36093946472189176,0,1
quarter_volatility2_validated,3031,2023-07-21,2023-07-31,0.0566710925894278,2023,2023-06-30,learned_market,20260911,0.39545774353332364,0.39545774353332364,0,1
quarter_trend2_validated,3036,2023-07-28,2023-08-07,-0.0039612927947766,2023,2023-06-30,learned_market,20260911,0.38914323465364475,0.38914323465364475,0,0
quarter_volatility2_validated,3036,2023-07-28,2023-08-07,-0.0039612927947766,2023,2023-06-30,learned_market,20260911,0.42456681759896686,0.42456681759896686,0,0
quarter_trend2_validated,3041,2023-08-04,2023-08-14,-0.0404899362223548,2023,2023-06-30,learned_market,20260911,0.4091884265741096,0.4091884265741096,0,0
quarter_volatility2_validated,3041,2023-08-04,2023-08-14,-0.0404899362223548,2023,2023-06-30,learned_market,20260911,0.4091884265741096,0.4091884265741096,0,0
quarter_trend2_validated,3046,2023-08-11,2023-08-21,-0.0176157088591445,2023,2023-06-30,learned_market,20260911,0.6487192991601417,0.6487192991601417,1,0
quarter_volatility2_validated,3046,2023-08-11,2023-08-21,-0.0176157088591445,2023,2023-06-30,learned_market,20260911,0.6814136065435475,0.6814136065435475,1,0
quarter_trend2_validated,3051,2023-08-18,2023-08-28,0.0366582477081969,2023,2023-06-30,learned_market,20260911,0.4378877757107068,0.4378877757107068,0,1
quarter_volatility2_validated,3051,2023-08-18,2023-08-28,0.0366582477081969,2023,2023-06-30,learned_market,20260911,0.47430326900984304,0.47430326900984304,0,1
quarter_trend2_validated,3056,2023-08-25,2023-09-04,-0.025197172476384,2023,2023-06-30,learned_market,20260911,0.4892305745266533,0.4892305745266533,0,0
quarter_volatility2_validated,3056,2023-08-25,2023-09-04,-0.025197172476384,2023,2023-06-30,learned_market,20260911,0.5259209733581712,0.5259209733581712,1,0
quarter_trend2_validated,3061,2023-09-01,2023-09-11,-0.0189903461587886,2023,2023-06-30,learned_market,20260911,0.395595892092896,0.395595892092896,0,0
quarter_volatility2_validated,3061,2023-09-01,2023-09-11,-0.0189903461587886,2023,2023-06-30,learned_market,20260911,0.395595892092896,0.395595892092896,0,0
quarter_trend2_validated,3066,2023-09-08,2023-09-18,-0.0111346368744954,2023,2023-06-30,learned_market,20260911,0.5436777115628459,0.5436777115628459,1,0
quarter_volatility2_validated,3066,2023-09-08,2023-09-18,-0.0111346368744954,2023,2023-06-30,learned_market,20260911,0.5798161195333322,0.5798161195333322,1,0
quarter_trend2_validated,3071,2023-09-15,2023-09-25,0.0105787349314532,2023,2023-06-30,learned_market,20260911,0.7161328437423399,0.7161328437423399,1,1
quarter_volatility2_validated,3071,2023-09-15,2023-09-25,0.0105787349314532,2023,2023-06-30,learned_market,20260911,0.7450189853974029,0.7450189853974029,1,1
quarter_trend2_validated,3076,2023-09-22,2023-10-16,-0.0198017153282719,2023,2023-06-30,learned_market,20260911,0.547511626061429,0.547511626061429,1,0
quarter_volatility2_validated,3076,2023-09-22,2023-10-16,-0.0198017153282719,2023,2023-06-30,learned_market,20260911,0.583578965260687,0.583578965260687,1,0
quarter_trend2_validated,3085,2023-10-13,2023-10-23,-0.0447156690429144,2023,2023-09-30,learned_market,20260911,0.3392020771894761,0.3392020771894761,0,0
quarter_volatility2_validated,3085,2023-10-13,2023-10-23,-0.0447156690429144,2023,2023-09-30,learned_market,20260911,0.33311398583750795,0.33311398583750795,0,0
quarter_trend2_validated,3090,2023-10-20,2023-10-30,0.0154019770298841,2023,2023-09-30,learned_market,20260911,0.34002072190743293,0.34002072190743293,0,1
quarter_volatility2_validated,3090,2023-10-20,2023-10-30,0.0154019770298841,2023,2023-09-30,learned_market,20260911,0.3339253623379284,0.3339253623379284,0,1
quarter_trend2_validated,3095,2023-10-27,2023-11-06,0.0152527637017425,2023,2023-09-30,learned_market,20260911,0.43354971905860185,0.43354971905860185,0,1
quarter_volatility2_validated,3095,2023-10-27,2023-11-06,0.0152527637017425,2023,2023-09-30,learned_market,20260911,0.4268621380446513,0.4268621380446513,0,1
quarter_trend2_validated,3100,2023-11-03,2023-11-13,-0.0039935482440582,2023,2023-09-30,learned_market,20260911,0.6257115940622524,0.6257115940622524,1,0
quarter_volatility2_validated,3100,2023-11-03,2023-11-13,-0.0039935482440582,2023,2023-09-30,learned_market,20260911,0.6193005689536845,0.6193005689536845,1,0
quarter_trend2_validated,3105,2023-11-10,2023-11-20,-0.0067280482816765,2023,2023-09-30,learned_market,20260911,0.45657183225607806,0.45657183225607806,0,0
quarter_volatility2_validated,3105,2023-11-10,2023-11-20,-0.0067280482816765,2023,2023-09-30,learned_market,20260911,0.4498111275866113,0.4498111275866113,0,0
quarter_trend2_validated,3110,2023-11-17,2023-11-27,-0.0098859017348651,2023,2023-09-30,learned_market,20260911,0.4138831168742779,0.4138831168742779,0,0
quarter_volatility2_validated,3110,2023-11-17,2023-11-27,-0.0098859017348651,2023,2023-09-30,learned_market,20260911,0.40728077862795925,0.40728077862795925,0,0
quarter_trend2_validated,3115,2023-11-24,2023-12-04,-0.0151084754586299,2023,2023-09-30,learned_market,20260911,0.4688790218889588,0.4688790218889588,0,0
quarter_volatility2_validated,3115,2023-11-24,2023-12-04,-0.0151084754586299,2023,2023-09-30,learned_market,20260911,0.4620910407331577,0.4620910407331577,0,0
quarter_trend2_validated,3120,2023-12-01,2023-12-11,-0.0295859857973478,2023,2023-09-30,learned_market,20260911,0.546919136293789,0.546919136293789,1,0
quarter_volatility2_validated,3120,2023-12-01,2023-12-11,-0.0295859857973478,2023,2023-09-30,learned_market,20260911,0.5401503622645429,0.5401503622645429,1,0
quarter_trend2_validated,3125,2023-12-08,2023-12-18,-0.0144639658974852,2023,2023-09-30,learned_market,20260911,0.42944892885131014,0.42944892885131014,0,0
quarter_volatility2_validated,3125,2023-12-08,2023-12-18,-0.0144639658974852,2023,2023-09-30,learned_market,20260911,0.4227773917662141,0.4227773917662141,0,0
quarter_trend2_validated,3130,2023-12-15,2023-12-25,0.0003424256350643,2023,2023-09-30,learned_market,20260911,0.43321452423752466,0.43321452423752466,0,1
quarter_volatility2_validated,3130,2023-12-15,2023-12-25,0.0003424256350643,2023,2023-09-30,learned_market,20260911,0.4265282204027901,0.4265282204027901,0,1
quarter_trend2_validated,3135,2023-12-22,2024-01-02,0.0288079559683274,2023,2023-09-30,learned_market,20260911,0.45336756391392036,0.45336756391392036,0,1
quarter_volatility2_validated,3135,2023-12-22,2024-01-02,0.0288079559683274,2023,2023-09-30,learned_market,20260911,0.4466153120837867,0.4466153120837867,0,1
quarter_trend2_validated,3140,2023-12-29,2024-01-08,-0.0302544749829989,2023,2023-09-30,learned_market,20260911,0.5209267042651046,0.5209267042651046,1,0
quarter_volatility2_validated,3140,2023-12-29,2024-01-08,-0.0302544749829989,2023,2023-09-30,learned_market,20260911,0.5141145963111592,0.5141145963111592,1,0
quarter_trend2_validated,2902,2023-01-06,2023-01-16,0.0198447929614133,2023,2022-12-31,learned_vol_interaction,20260911,0.40969442309749926,0.40969442309749926,0,1
quarter_volatility2_validated,2902,2023-01-06,2023-01-16,0.0198447929614133,2023,2022-12-31,learned_vol_interaction,20260911,0.40969442309749926,0.40969442309749926,0,1
quarter_trend2_validated,2907,2023-01-13,2023-01-30,0.0465290788350809,2023,2022-12-31,learned_vol_interaction,20260911,0.36456829174456845,0.36456829174456845,0,1
quarter_volatility2_validated,2907,2023-01-13,2023-01-30,0.0465290788350809,2023,2022-12-31,learned_vol_interaction,20260911,0.36456829174456845,0.36456829174456845,0,1
quarter_trend2_validated,2912,2023-01-20,2023-02-06,-0.0383797057844887,2023,2022-12-31,learned_vol_interaction,20260911,0.5794436004575169,0.5794436004575169,1,0
quarter_volatility2_validated,2912,2023-01-20,2023-02-06,-0.0383797057844887,2023,2022-12-31,learned_vol_interaction,20260911,0.5794436004575169,0.5794436004575169,1,0
quarter_trend2_validated,2917,2023-02-03,2023-02-13,-0.0012061903149008,2023,2022-12-31,learned_vol_interaction,20260911,0.5514968469417321,0.5514968469417321,1,0
quarter_volatility2_validated,2917,2023-02-03,2023-02-13,-0.0012061903149008,2023,2022-12-31,learned_vol_interaction,20260911,0.5514968469417321,0.5514968469417321,1,0
quarter_trend2_validated,2922,2023-02-10,2023-02-20,-0.0143746584432821,2023,2022-12-31,learned_vol_interaction,20260911,0.3927055424872561,0.3927055424872561,0,0
quarter_volatility2_validated,2922,2023-02-10,2023-02-20,-0.0143746584432821,2023,2022-12-31,learned_vol_interaction,20260911,0.3927055424872561,0.3927055424872561,0,0
quarter_trend2_validated,2927,2023-02-17,2023-02-27,0.0001237636016198,2023,2022-12-31,learned_vol_interaction,20260911,0.44774683758526995,0.44774683758526995,0,1
quarter_volatility2_validated,2927,2023-02-17,2023-02-27,0.0001237636016198,2023,2022-12-31,learned_vol_interaction,20260911,0.44774683758526995,0.44774683758526995,0,1
quarter_trend2_validated,2932,2023-02-24,2023-03-06,0.0224454641303217,2023,2022-12-31,learned_vol_interaction,20260911,0.619096546985403,0.619096546985403,1,1
quarter_volatility2_validated,2932,2023-02-24,2023-03-06,0.0224454641303217,2023,2022-12-31,learned_vol_interaction,20260911,0.619096546985403,0.619096546985403,1,1
quarter_trend2_validated,2937,2023-03-03,2023-03-13,-0.0407900947678007,2023,2022-12-31,learned_vol_interaction,20260911,0.7361671223361639,0.7361671223361639,1,0
quarter_volatility2_validated,2937,2023-03-03,2023-03-13,-0.0407900947678007,2023,2022-12-31,learned_vol_interaction,20260911,0.7361671223361639,0.7361671223361639,1,0
quarter_trend2_validated,2942,2023-03-10,2023-03-20,5.0471402903706775e-06,2023,2022-12-31,learned_vol_interaction,20260911,0.5923713060138441,0.5923713060138441,1,1
quarter_volatility2_validated,2942,2023-03-10,2023-03-20,5.0471402903706775e-06,2023,2022-12-31,learned_vol_interaction,20260911,0.5923713060138441,0.5923713060138441,1,1
quarter_trend2_validated,2947,2023-03-17,2023-03-27,0.015302852124583,2023,2022-12-31,learned_vol_interaction,20260911,0.44129297023126407,0.44129297023126407,0,1
quarter_volatility2_validated,2947,2023-03-17,2023-03-27,0.015302852124583,2023,2022-12-31,learned_vol_interaction,20260911,0.44129297023126407,0.44129297023126407,0,1
quarter_trend2_validated,2952,2023-03-24,2023-04-03,0.0090274153058433,2023,2022-12-31,learned_vol_interaction,20260911,0.48118952805584325,0.48118952805584325,0,1
quarter_volatility2_validated,2952,2023-03-24,2023-04-03,0.0090274153058433,2023,2022-12-31,learned_vol_interaction,20260911,0.48118952805584325,0.48118952805584325,0,1
quarter_trend2_validated,2957,2023-03-31,2023-04-10,0.0178317182396383,2023,2022-12-31,learned_vol_interaction,20260911,0.5581984383579583,0.5581984383579583,1,1
quarter_volatility2_validated,2957,2023-03-31,2023-04-10,0.0178317182396383,2023,2022-12-31,learned_vol_interaction,20260911,0.5581984383579583,0.5581984383579583,1,1
quarter_trend2_validated,2961,2023-04-07,2023-04-17,-0.0101500238382772,2023,2023-03-31,learned_vol_interaction,20260911,0.505035431875157,0.505035431875157,1,0
quarter_volatility2_validated,2961,2023-04-07,2023-04-17,-0.0101500238382772,2023,2023-03-31,learned_vol_interaction,20260911,0.505035431875157,0.505035431875157,1,0
quarter_trend2_validated,2966,2023-04-14,2023-04-24,-0.014368947230732,2023,2023-03-31,learned_vol_interaction,20260911,0.49347349841953947,0.49347349841953947,0,0
quarter_volatility2_validated,2966,2023-04-14,2023-04-24,-0.014368947230732,2023,2023-03-31,learned_vol_interaction,20260911,0.49347349841953947,0.49347349841953947,0,0
quarter_trend2_validated,2971,2023-04-21,2023-05-04,-0.0044228908788729,2023,2023-03-31,learned_vol_interaction,20260911,0.397890632401885,0.397890632401885,0,0
quarter_volatility2_validated,2971,2023-04-21,2023-05-04,-0.0044228908788729,2023,2023-03-31,learned_vol_interaction,20260911,0.397890632401885,0.397890632401885,0,0
quarter_trend2_validated,2976,2023-04-28,2023-05-10,0.0036477163153083,2023,2023-03-31,learned_vol_interaction,20260911,0.3746539512039826,0.3746539512039826,0,1
quarter_volatility2_validated,2976,2023-04-28,2023-05-10,0.0036477163153083,2023,2023-03-31,learned_vol_interaction,20260911,0.3746539512039826,0.3746539512039826,0,1
quarter_trend2_validated,2978,2023-05-05,2023-05-15,-0.0221642407977935,2023,2023-03-31,learned_vol_interaction,20260911,0.3794183322213578,0.3794183322213578,0,0
quarter_volatility2_validated,2978,2023-05-05,2023-05-15,-0.0221642407977935,2023,2023-03-31,learned_vol_interaction,20260911,0.3794183322213578,0.3794183322213578,0,0
quarter_trend2_validated,2983,2023-05-12,2023-05-22,0.0005509250208819,2023,2023-03-31,learned_vol_interaction,20260911,0.5207253080904825,0.5207253080904825,1,1
quarter_volatility2_validated,2983,2023-05-12,2023-05-22,0.0005509250208819,2023,2023-03-31,learned_vol_interaction,20260911,0.5207253080904825,0.5207253080904825,1,1
quarter_trend2_validated,2988,2023-05-19,2023-05-29,-0.0200253742704897,2023,2023-03-31,learned_vol_interaction,20260911,0.7158994131477658,0.7158994131477658,1,0
quarter_volatility2_validated,2988,2023-05-19,2023-05-29,-0.0200253742704897,2023,2023-03-31,learned_vol_interaction,20260911,0.7158994131477658,0.7158994131477658,1,0
quarter_trend2_validated,2993,2023-05-26,2023-06-05,-0.0003935703040848,2023,2023-03-31,learned_vol_interaction,20260911,0.5106796239963189,0.5106796239963189,1,0
quarter_volatility2_validated,2993,2023-05-26,2023-06-05,-0.0003935703040848,2023,2023-03-31,learned_vol_interaction,20260911,0.5106796239963189,0.5106796239963189,1,0
quarter_trend2_validated,2998,2023-06-02,2023-06-12,-0.0086075595250429,2023,2023-03-31,learned_vol_interaction,20260911,0.41473330630809063,0.41473330630809063,0,0
quarter_volatility2_validated,2998,2023-06-02,2023-06-12,-0.0086075595250429,2023,2023-03-31,learned_vol_interaction,20260911,0.41473330630809063,0.41473330630809063,0,0
quarter_trend2_validated,3003,2023-06-09,2023-06-19,0.0338878539347273,2023,2023-03-31,learned_vol_interaction,20260911,0.4862687443116524,0.4862687443116524,0,1
quarter_volatility2_validated,3003,2023-06-09,2023-06-19,0.0338878539347273,2023,2023-03-31,learned_vol_interaction,20260911,0.4862687443116524,0.4862687443116524,0,1
quarter_trend2_validated,3008,2023-06-16,2023-07-03,-0.026216632171098,2023,2023-03-31,learned_vol_interaction,20260911,0.4615744120462823,0.4615744120462823,0,0
quarter_volatility2_validated,3008,2023-06-16,2023-07-03,-0.026216632171098,2023,2023-03-31,learned_vol_interaction,20260911,0.4615744120462823,0.4615744120462823,0,0
quarter_trend2_validated,3016,2023-06-30,2023-07-10,-0.0030441518806006,2023,2023-03-31,learned_vol_interaction,20260911,0.5010023580261896,0.5010023580261896,1,0
quarter_volatility2_validated,3016,2023-06-30,2023-07-10,-0.0030441518806006,2023,2023-03-31,learned_vol_interaction,20260911,0.5010023580261896,0.5010023580261896,1,0
quarter_trend2_validated,3021,2023-07-07,2023-07-17,0.0104280552692135,2023,2023-06-30,learned_vol_interaction,20260911,0.4176364458465755,0.4176364458465755,0,1
quarter_volatility2_validated,3021,2023-07-07,2023-07-17,0.0104280552692135,2023,2023-06-30,learned_vol_interaction,20260911,0.4535961698689514,0.4535961698689514,0,1
quarter_trend2_validated,3026,2023-07-14,2023-07-24,-0.0201642613135752,2023,2023-06-30,learned_vol_interaction,20260911,0.38497857685294284,0.38497857685294284,0,0
quarter_volatility2_validated,3026,2023-07-14,2023-07-24,-0.0201642613135752,2023,2023-06-30,learned_vol_interaction,20260911,0.4201550783721589,0.4201550783721589,0,0
quarter_trend2_validated,3031,2023-07-21,2023-07-31,0.0566710925894278,2023,2023-06-30,learned_vol_interaction,20260911,0.38457168624515137,0.38457168624515137,0,1
quarter_volatility2_validated,3031,2023-07-21,2023-07-31,0.0566710925894278,2023,2023-06-30,learned_vol_interaction,20260911,0.41973638258801144,0.41973638258801144,0,1
quarter_trend2_validated,3036,2023-07-28,2023-08-07,-0.0039612927947766,2023,2023-06-30,learned_vol_interaction,20260911,0.39998324496243753,0.39998324496243753,0,0
quarter_volatility2_validated,3036,2023-07-28,2023-08-07,-0.0039612927947766,2023,2023-06-30,learned_vol_interaction,20260911,0.4355598052653261,0.4355598052653261,0,0
quarter_trend2_validated,3041,2023-08-04,2023-08-14,-0.0404899362223548,2023,2023-06-30,learned_vol_interaction,20260911,0.4290686701601754,0.4290686701601754,0,0
quarter_volatility2_validated,3041,2023-08-04,2023-08-14,-0.0404899362223548,2023,2023-06-30,learned_vol_interaction,20260911,0.4290686701601754,0.4290686701601754,0,0
quarter_trend2_validated,3046,2023-08-11,2023-08-21,-0.0176157088591445,2023,2023-06-30,learned_vol_interaction,20260911,0.614309024545432,0.614309024545432,1,0
quarter_volatility2_validated,3046,2023-08-11,2023-08-21,-0.0176157088591445,2023,2023-06-30,learned_vol_interaction,20260911,0.6483499817470775,0.6483499817470775,1,0
quarter_trend2_validated,3051,2023-08-18,2023-08-28,0.0366582477081969,2023,2023-06-30,learned_vol_interaction,20260911,0.432345969397627,0.432345969397627,0,1
quarter_volatility2_validated,3051,2023-08-18,2023-08-28,0.0366582477081969,2023,2023-06-30,learned_vol_interaction,20260911,0.4685532098964361,0.4685532098964361,0,1
quarter_trend2_validated,3056,2023-08-25,2023-09-04,-0.025197172476384,2023,2023-06-30,learned_vol_interaction,20260911,0.4891824314213776,0.4891824314213776,0,0
quarter_volatility2_validated,3056,2023-08-25,2023-09-04,-0.025197172476384,2023,2023-06-30,learned_vol_interaction,20260911,0.5257411151596749,0.5257411151596749,1,0
quarter_trend2_validated,3061,2023-09-01,2023-09-11,-0.0189903461587886,2023,2023-06-30,learned_vol_interaction,20260911,0.41992779299148897,0.41992779299148897,0,0
quarter_volatility2_validated,3061,2023-09-01,2023-09-11,-0.0189903461587886,2023,2023-06-30,learned_vol_interaction,20260911,0.41992779299148897,0.41992779299148897,0,0
quarter_trend2_validated,3066,2023-09-08,2023-09-18,-0.0111346368744954,2023,2023-06-30,learned_vol_interaction,20260911,0.5354520356190764,0.5354520356190764,1,0
quarter_volatility2_validated,3066,2023-09-08,2023-09-18,-0.0111346368744954,2023,2023-06-30,learned_vol_interaction,20260911,0.5715992642380437,0.5715992642380437,1,0
quarter_trend2_validated,3071,2023-09-15,2023-09-25,0.0105787349314532,2023,2023-06-30,learned_vol_interaction,20260911,0.694563767502845,0.694563767502845,1,1
quarter_volatility2_validated,3071,2023-09-15,2023-09-25,0.0105787349314532,2023,2023-06-30,learned_vol_interaction,20260911,0.7246958473990663,0.7246958473990663,1,1
quarter_trend2_validated,3076,2023-09-22,2023-10-16,-0.0198017153282719,2023,2023-06-30,learned_vol_interaction,20260911,0.5380112636672986,0.5380112636672986,1,0
quarter_volatility2_validated,3076,2023-09-22,2023-10-16,-0.0198017153282719,2023,2023-06-30,learned_vol_interaction,20260911,0.5741177426590414,0.5741177426590414,1,0
quarter_trend2_validated,3085,2023-10-13,2023-10-23,-0.0447156690429144,2023,2023-09-30,learned_vol_interaction,20260911,0.3948282525676874,0.3948282525676874,0,0
quarter_volatility2_validated,3085,2023-10-13,2023-10-23,-0.0447156690429144,2023,2023-09-30,learned_vol_interaction,20260911,0.3890440013392044,0.3890440013392044,0,0
quarter_trend2_validated,3090,2023-10-20,2023-10-30,0.0154019770298841,2023,2023-09-30,learned_vol_interaction,20260911,0.3758036849533909,0.3758036849533909,0,1
quarter_volatility2_validated,3090,2023-10-20,2023-10-30,0.0154019770298841,2023,2023-09-30,learned_vol_interaction,20260911,0.3701276828424881,0.3701276828424881,0,1
quarter_trend2_validated,3095,2023-10-27,2023-11-06,0.0152527637017425,2023,2023-09-30,learned_vol_interaction,20260911,0.42915944924368693,0.42915944924368693,0,1
quarter_volatility2_validated,3095,2023-10-27,2023-11-06,0.0152527637017425,2023,2023-09-30,learned_vol_interaction,20260911,0.4232239826413386,0.4232239826413386,0,1
quarter_trend2_validated,3100,2023-11-03,2023-11-13,-0.0039935482440582,2023,2023-09-30,learned_vol_interaction,20260911,0.6062686162842802,0.6062686162842802,1,0
quarter_volatility2_validated,3100,2023-11-03,2023-11-13,-0.0039935482440582,2023,2023-09-30,learned_vol_interaction,20260911,0.6004602489470222,0.6004602489470222,1,0
quarter_trend2_validated,3105,2023-11-10,2023-11-20,-0.0067280482816765,2023,2023-09-30,learned_vol_interaction,20260911,0.4675331719466798,0.4675331719466798,0,0
quarter_volatility2_validated,3105,2023-11-10,2023-11-20,-0.0067280482816765,2023,2023-09-30,learned_vol_interaction,20260911,0.46149604483778595,0.46149604483778595,0,0
quarter_trend2_validated,3110,2023-11-17,2023-11-27,-0.0098859017348651,2023,2023-09-30,learned_vol_interaction,20260911,0.4493372260828683,0.4493372260828683,0,0
quarter_volatility2_validated,3110,2023-11-17,2023-11-27,-0.0098859017348651,2023,2023-09-30,learned_vol_interaction,20260911,0.44333942782036156,0.44333942782036156,0,0
quarter_trend2_validated,3115,2023-11-24,2023-12-04,-0.0151084754586299,2023,2023-09-30,learned_vol_interaction,20260911,0.47039119010528735,0.47039119010528735,0,0
quarter_volatility2_validated,3115,2023-11-24,2023-12-04,-0.0151084754586299,2023,2023-09-30,learned_vol_interaction,20260911,0.4643493418341072,0.4643493418341072,0,0
quarter_trend2_validated,3120,2023-12-01,2023-12-11,-0.0295859857973478,2023,2023-09-30,learned_vol_interaction,20260911,0.5309113475841806,0.5309113475841806,1,0
quarter_volatility2_validated,3120,2023-12-01,2023-12-11,-0.0295859857973478,2023,2023-09-30,learned_vol_interaction,20260911,0.5248625329105011,0.5248625329105011,1,0
quarter_trend2_validated,3125,2023-12-08,2023-12-18,-0.0144639658974852,2023,2023-09-30,learned_vol_interaction,20260911,0.4806631802020354,0.4806631802020354,0,0
quarter_volatility2_validated,3125,2023-12-08,2023-12-18,-0.0144639658974852,2023,2023-09-30,learned_vol_interaction,20260911,0.4746076299917612,0.4746076299917612,0,0
quarter_trend2_validated,3130,2023-12-15,2023-12-25,0.0003424256350643,2023,2023-09-30,learned_vol_interaction,20260911,0.48654478358075504,0.48654478358075504,0,1
quarter_volatility2_validated,3130,2023-12-15,2023-12-25,0.0003424256350643,2023,2023-09-30,learned_vol_interaction,20260911,0.4804836898534614,0.4804836898534614,0,1
quarter_trend2_validated,3135,2023-12-22,2024-01-02,0.0288079559683274,2023,2023-09-30,learned_vol_interaction,20260911,0.4901589888416126,0.4901589888416126,0,1
quarter_volatility2_validated,3135,2023-12-22,2024-01-02,0.0288079559683274,2023,2023-09-30,learned_vol_interaction,20260911,0.4840953206141035,0.4840953206141035,0,1
quarter_trend2_validated,3140,2023-12-29,2024-01-08,-0.0302544749829989,2023,2023-09-30,learned_vol_interaction,20260911,0.5258862434516867,0.5258862434516867,1,0
quarter_volatility2_validated,3140,2023-12-29,2024-01-08,-0.0302544749829989,2023,2023-09-30,learned_vol_interaction,20260911,0.5198312356368046,0.5198312356368046,1,0
quarter_trend2_validated,2902,2023-01-06,2023-01-16,0.0198447929614133,2023,2022-12-31,learned_order_extension,20260911,0.4111458737354107,0.4111458737354107,0,1
quarter_volatility2_validated,2902,2023-01-06,2023-01-16,0.0198447929614133,2023,2022-12-31,learned_order_extension,20260911,0.4111458737354107,0.4111458737354107,0,1
quarter_trend2_validated,2907,2023-01-13,2023-01-30,0.0465290788350809,2023,2022-12-31,learned_order_extension,20260911,0.36472782557647304,0.36472782557647304,0,1
quarter_volatility2_validated,2907,2023-01-13,2023-01-30,0.0465290788350809,2023,2022-12-31,learned_order_extension,20260911,0.36472782557647304,0.36472782557647304,0,1
quarter_trend2_validated,2912,2023-01-20,2023-02-06,-0.0383797057844887,2023,2022-12-31,learned_order_extension,20260911,0.5780473136480286,0.5780473136480286,1,0
quarter_volatility2_validated,2912,2023-01-20,2023-02-06,-0.0383797057844887,2023,2022-12-31,learned_order_extension,20260911,0.5780473136480286,0.5780473136480286,1,0
quarter_trend2_validated,2917,2023-02-03,2023-02-13,-0.0012061903149008,2023,2022-12-31,learned_order_extension,20260911,0.5514322848293292,0.5514322848293292,1,0
quarter_volatility2_validated,2917,2023-02-03,2023-02-13,-0.0012061903149008,2023,2022-12-31,learned_order_extension,20260911,0.5514322848293292,0.5514322848293292,1,0
quarter_trend2_validated,2922,2023-02-10,2023-02-20,-0.0143746584432821,2023,2022-12-31,learned_order_extension,20260911,0.3920291907474336,0.3920291907474336,0,0
quarter_volatility2_validated,2922,2023-02-10,2023-02-20,-0.0143746584432821,2023,2022-12-31,learned_order_extension,20260911,0.3920291907474336,0.3920291907474336,0,0
quarter_trend2_validated,2927,2023-02-17,2023-02-27,0.0001237636016198,2023,2022-12-31,learned_order_extension,20260911,0.4473244932999703,0.4473244932999703,0,1
quarter_volatility2_validated,2927,2023-02-17,2023-02-27,0.0001237636016198,2023,2022-12-31,learned_order_extension,20260911,0.4473244932999703,0.4473244932999703,0,1
quarter_trend2_validated,2932,2023-02-24,2023-03-06,0.0224454641303217,2023,2022-12-31,learned_order_extension,20260911,0.6194433589464242,0.6194433589464242,1,1
quarter_volatility2_validated,2932,2023-02-24,2023-03-06,0.0224454641303217,2023,2022-12-31,learned_order_extension,20260911,0.6194433589464242,0.6194433589464242,1,1
quarter_trend2_validated,2937,2023-03-03,2023-03-13,-0.0407900947678007,2023,2022-12-31,learned_order_extension,20260911,0.7367440693214489,0.7367440693214489,1,0
quarter_volatility2_validated,2937,2023-03-03,2023-03-13,-0.0407900947678007,2023,2022-12-31,learned_order_extension,20260911,0.7367440693214489,0.7367440693214489,1,0
quarter_trend2_validated,2942,2023-03-10,2023-03-20,5.0471402903706775e-06,2023,2022-12-31,learned_order_extension,20260911,0.5926520405957385,0.5926520405957385,1,1
quarter_volatility2_validated,2942,2023-03-10,2023-03-20,5.0471402903706775e-06,2023,2022-12-31,learned_order_extension,20260911,0.5926520405957385,0.5926520405957385,1,1
quarter_trend2_validated,2947,2023-03-17,2023-03-27,0.015302852124583,2023,2022-12-31,learned_order_extension,20260911,0.44150652320643097,0.44150652320643097,0,1
quarter_volatility2_validated,2947,2023-03-17,2023-03-27,0.015302852124583,2023,2022-12-31,learned_order_extension,20260911,0.44150652320643097,0.44150652320643097,0,1
quarter_trend2_validated,2952,2023-03-24,2023-04-03,0.0090274153058433,2023,2022-12-31,learned_order_extension,20260911,0.4806406899115495,0.4806406899115495,0,1
quarter_volatility2_validated,2952,2023-03-24,2023-04-03,0.0090274153058433,2023,2022-12-31,learned_order_extension,20260911,0.4806406899115495,0.4806406899115495,0,1
quarter_trend2_validated,2957,2023-03-31,2023-04-10,0.0178317182396383,2023,2022-12-31,learned_order_extension,20260911,0.5564015664237618,0.5564015664237618,1,1
quarter_volatility2_validated,2957,2023-03-31,2023-04-10,0.0178317182396383,2023,2022-12-31,learned_order_extension,20260911,0.5564015664237618,0.5564015664237618,1,1
quarter_trend2_validated,2961,2023-04-07,2023-04-17,-0.0101500238382772,2023,2023-03-31,learned_order_extension,20260911,0.5048460180326865,0.5048460180326865,1,0
quarter_volatility2_validated,2961,2023-04-07,2023-04-17,-0.0101500238382772,2023,2023-03-31,learned_order_extension,20260911,0.5048460180326865,0.5048460180326865,1,0
quarter_trend2_validated,2966,2023-04-14,2023-04-24,-0.014368947230732,2023,2023-03-31,learned_order_extension,20260911,0.49439461564860404,0.49439461564860404,0,0
quarter_volatility2_validated,2966,2023-04-14,2023-04-24,-0.014368947230732,2023,2023-03-31,learned_order_extension,20260911,0.49439461564860404,0.49439461564860404,0,0
quarter_trend2_validated,2971,2023-04-21,2023-05-04,-0.0044228908788729,2023,2023-03-31,learned_order_extension,20260911,0.39936804356030803,0.39936804356030803,0,0
quarter_volatility2_validated,2971,2023-04-21,2023-05-04,-0.0044228908788729,2023,2023-03-31,learned_order_extension,20260911,0.39936804356030803,0.39936804356030803,0,0
quarter_trend2_validated,2976,2023-04-28,2023-05-10,0.0036477163153083,2023,2023-03-31,learned_order_extension,20260911,0.37816937180792504,0.37816937180792504,0,1
quarter_volatility2_validated,2976,2023-04-28,2023-05-10,0.0036477163153083,2023,2023-03-31,learned_order_extension,20260911,0.37816937180792504,0.37816937180792504,0,1
quarter_trend2_validated,2978,2023-05-05,2023-05-15,-0.0221642407977935,2023,2023-03-31,learned_order_extension,20260911,0.3826637989359542,0.3826637989359542,0,0
quarter_volatility2_validated,2978,2023-05-05,2023-05-15,-0.0221642407977935,2023,2023-03-31,learned_order_extension,20260911,0.3826637989359542,0.3826637989359542,0,0
quarter_trend2_validated,2983,2023-05-12,2023-05-22,0.0005509250208819,2023,2023-03-31,learned_order_extension,20260911,0.5207604762186022,0.5207604762186022,1,1
quarter_volatility2_validated,2983,2023-05-12,2023-05-22,0.0005509250208819,2023,2023-03-31,learned_order_extension,20260911,0.5207604762186022,0.5207604762186022,1,1
quarter_trend2_validated,2988,2023-05-19,2023-05-29,-0.0200253742704897,2023,2023-03-31,learned_order_extension,20260911,0.7111561389087265,0.7111561389087265,1,0
quarter_volatility2_validated,2988,2023-05-19,2023-05-29,-0.0200253742704897,2023,2023-03-31,learned_order_extension,20260911,0.7111561389087265,0.7111561389087265,1,0
quarter_trend2_validated,2993,2023-05-26,2023-06-05,-0.0003935703040848,2023,2023-03-31,learned_order_extension,20260911,0.5113938646839422,0.5113938646839422,1,0
quarter_volatility2_validated,2993,2023-05-26,2023-06-05,-0.0003935703040848,2023,2023-03-31,learned_order_extension,20260911,0.5113938646839422,0.5113938646839422,1,0
quarter_trend2_validated,2998,2023-06-02,2023-06-12,-0.0086075595250429,2023,2023-03-31,learned_order_extension,20260911,0.4176728512227212,0.4176728512227212,0,0
quarter_volatility2_validated,2998,2023-06-02,2023-06-12,-0.0086075595250429,2023,2023-03-31,learned_order_extension,20260911,0.4176728512227212,0.4176728512227212,0,0
quarter_trend2_validated,3003,2023-06-09,2023-06-19,0.0338878539347273,2023,2023-03-31,learned_order_extension,20260911,0.4874736850302981,0.4874736850302981,0,1
quarter_volatility2_validated,3003,2023-06-09,2023-06-19,0.0338878539347273,2023,2023-03-31,learned_order_extension,20260911,0.4874736850302981,0.4874736850302981,0,1
quarter_trend2_validated,3008,2023-06-16,2023-07-03,-0.026216632171098,2023,2023-03-31,learned_order_extension,20260911,0.4634868787327687,0.4634868787327687,0,0
quarter_volatility2_validated,3008,2023-06-16,2023-07-03,-0.026216632171098,2023,2023-03-31,learned_order_extension,20260911,0.4634868787327687,0.4634868787327687,0,0
quarter_trend2_validated,3016,2023-06-30,2023-07-10,-0.0030441518806006,2023,2023-03-31,learned_order_extension,20260911,0.4996986134035337,0.4996986134035337,0,0
quarter_volatility2_validated,3016,2023-06-30,2023-07-10,-0.0030441518806006,2023,2023-03-31,learned_order_extension,20260911,0.4996986134035337,0.4996986134035337,0,0
quarter_trend2_validated,3021,2023-07-07,2023-07-17,0.0104280552692135,2023,2023-06-30,learned_order_extension,20260911,0.41753892164870443,0.41753892164870443,0,1
quarter_volatility2_validated,3021,2023-07-07,2023-07-17,0.0104280552692135,2023,2023-06-30,learned_order_extension,20260911,0.45538171676954997,0.45538171676954997,0,1
quarter_trend2_validated,3026,2023-07-14,2023-07-24,-0.0201642613135752,2023,2023-06-30,learned_order_extension,20260911,0.38351491116260783,0.38351491116260783,0,0
quarter_volatility2_validated,3026,2023-07-14,2023-07-24,-0.0201642613135752,2023,2023-06-30,learned_order_extension,20260911,0.4205002443689337,0.4205002443689337,0,0
quarter_trend2_validated,3031,2023-07-21,2023-07-31,0.0566710925894278,2023,2023-06-30,learned_order_extension,20260911,0.38451172564438146,0.38451172564438146,0,1
quarter_volatility2_validated,3031,2023-07-21,2023-07-31,0.0566710925894278,2023,2023-06-30,learned_order_extension,20260911,0.4215274592494197,0.4215274592494197,0,1
quarter_trend2_validated,3036,2023-07-28,2023-08-07,-0.0039612927947766,2023,2023-06-30,learned_order_extension,20260911,0.3982698428242383,0.3982698428242383,0,0
quarter_volatility2_validated,3036,2023-07-28,2023-08-07,-0.0039612927947766,2023,2023-06-30,learned_order_extension,20260911,0.4356725165305554,0.4356725165305554,0,0
quarter_trend2_validated,3041,2023-08-04,2023-08-14,-0.0404899362223548,2023,2023-06-30,learned_order_extension,20260911,0.4299948290683337,0.4299948290683337,0,0
quarter_volatility2_validated,3041,2023-08-04,2023-08-14,-0.0404899362223548,2023,2023-06-30,learned_order_extension,20260911,0.4299948290683337,0.4299948290683337,0,0
quarter_trend2_validated,3046,2023-08-11,2023-08-21,-0.0176157088591445,2023,2023-06-30,learned_order_extension,20260911,0.6096965932971254,0.6096965932971254,1,0
quarter_volatility2_validated,3046,2023-08-11,2023-08-21,-0.0176157088591445,2023,2023-06-30,learned_order_extension,20260911,0.6456500137103086,0.6456500137103086,1,0
quarter_trend2_validated,3051,2023-08-18,2023-08-28,0.0366582477081969,2023,2023-06-30,learned_order_extension,20260911,0.4312198149772815,0.4312198149772815,0,1
quarter_volatility2_validated,3051,2023-08-18,2023-08-28,0.0366582477081969,2023,2023-06-30,learned_order_extension,20260911,0.4693034993568277,0.4693034993568277,0,1
quarter_trend2_validated,3056,2023-08-25,2023-09-04,-0.025197172476384,2023,2023-06-30,learned_order_extension,20260911,0.48583464404176957,0.48583464404176957,0,0
quarter_volatility2_validated,3056,2023-08-25,2023-09-04,-0.025197172476384,2023,2023-06-30,learned_order_extension,20260911,0.5242955671160714,0.5242955671160714,1,0
quarter_trend2_validated,3061,2023-09-01,2023-09-11,-0.0189903461587886,2023,2023-06-30,learned_order_extension,20260911,0.42158907759995046,0.42158907759995046,0,0
quarter_volatility2_validated,3061,2023-09-01,2023-09-11,-0.0189903461587886,2023,2023-06-30,learned_order_extension,20260911,0.42158907759995046,0.42158907759995046,0,0
quarter_trend2_validated,3066,2023-09-08,2023-09-18,-0.0111346368744954,2023,2023-06-30,learned_order_extension,20260911,0.5324335811333136,0.5324335811333136,1,0
quarter_volatility2_validated,3066,2023-09-08,2023-09-18,-0.0111346368744954,2023,2023-06-30,learned_order_extension,20260911,0.5704903883683057,0.5704903883683057,1,0
quarter_trend2_validated,3071,2023-09-15,2023-09-25,0.0105787349314532,2023,2023-06-30,learned_order_extension,20260911,0.6928081698224017,0.6928081698224017,1,1
quarter_volatility2_validated,3071,2023-09-15,2023-09-25,0.0105787349314532,2023,2023-06-30,learned_order_extension,20260911,0.7245642790810853,0.7245642790810853,1,1
quarter_trend2_validated,3076,2023-09-22,2023-10-16,-0.0198017153282719,2023,2023-06-30,learned_order_extension,20260911,0.535973556543523,0.535973556543523,1,0
quarter_volatility2_validated,3076,2023-09-22,2023-10-16,-0.0198017153282719,2023,2023-06-30,learned_order_extension,20260911,0.5739727811559294,0.5739727811559294,1,0
quarter_trend2_validated,3085,2023-10-13,2023-10-23,-0.0447156690429144,2023,2023-09-30,learned_order_extension,20260911,0.3914966663588927,0.3914966663588927,0,0
quarter_volatility2_validated,3085,2023-10-13,2023-10-23,-0.0447156690429144,2023,2023-09-30,learned_order_extension,20260911,0.38471304960097735,0.38471304960097735,0,0
quarter_trend2_validated,3090,2023-10-20,2023-10-30,0.0154019770298841,2023,2023-09-30,learned_order_extension,20260911,0.372297479847794,0.372297479847794,0,1
quarter_volatility2_validated,3090,2023-10-20,2023-10-30,0.0154019770298841,2023,2023-09-30,learned_order_extension,20260911,0.3656466340789228,0.3656466340789228,0,1
quarter_trend2_validated,3095,2023-10-27,2023-11-06,0.0152527637017425,2023,2023-09-30,learned_order_extension,20260911,0.4272101148640242,0.4272101148640242,0,1
quarter_volatility2_validated,3095,2023-10-27,2023-11-06,0.0152527637017425,2023,2023-09-30,learned_order_extension,20260911,0.4202350375773019,0.4202350375773019,0,1
quarter_trend2_validated,3100,2023-11-03,2023-11-13,-0.0039935482440582,2023,2023-09-30,learned_order_extension,20260911,0.6045895428245783,0.6045895428245783,1,0
quarter_volatility2_validated,3100,2023-11-03,2023-11-13,-0.0039935482440582,2023,2023-09-30,learned_order_extension,20260911,0.5977406188707467,0.5977406188707467,1,0
quarter_trend2_validated,3105,2023-11-10,2023-11-20,-0.0067280482816765,2023,2023-09-30,learned_order_extension,20260911,0.4662970625024186,0.4662970625024186,0,0
quarter_volatility2_validated,3105,2023-11-10,2023-11-20,-0.0067280482816765,2023,2023-09-30,learned_order_extension,20260911,0.45919542387394113,0.45919542387394113,0,0
quarter_trend2_validated,3110,2023-11-17,2023-11-27,-0.0098859017348651,2023,2023-09-30,learned_order_extension,20260911,0.4477216261050196,0.4477216261050196,0,0
quarter_volatility2_validated,3110,2023-11-17,2023-11-27,-0.0098859017348651,2023,2023-09-30,learned_order_extension,20260911,0.4406693020537427,0.4406693020537427,0,0
quarter_trend2_validated,3115,2023-11-24,2023-12-04,-0.0151084754586299,2023,2023-09-30,learned_order_extension,20260911,0.469093342507028,0.469093342507028,0,0
quarter_volatility2_validated,3115,2023-11-24,2023-12-04,-0.0151084754586299,2023,2023-09-30,learned_order_extension,20260911,0.46198598120722856,0.46198598120722856,0,0
quarter_trend2_validated,3120,2023-12-01,2023-12-11,-0.0295859857973478,2023,2023-09-30,learned_order_extension,20260911,0.5293721718826708,0.5293721718826708,1,0
quarter_volatility2_validated,3120,2023-12-01,2023-12-11,-0.0295859857973478,2023,2023-09-30,learned_order_extension,20260911,0.52224991868407,0.52224991868407,1,0
quarter_trend2_validated,3125,2023-12-08,2023-12-18,-0.0144639658974852,2023,2023-09-30,learned_order_extension,20260911,0.47816714153582884,0.47816714153582884,0,0
quarter_volatility2_validated,3125,2023-12-08,2023-12-18,-0.0144639658974852,2023,2023-09-30,learned_order_extension,20260911,0.47104427872337934,0.47104427872337934,0,0
quarter_trend2_validated,3130,2023-12-15,2023-12-25,0.0003424256350643,2023,2023-09-30,learned_order_extension,20260911,0.4854107458614466,0.4854107458614466,0,1
quarter_volatility2_validated,3130,2023-12-15,2023-12-25,0.0003424256350643,2023,2023-09-30,learned_order_extension,20260911,0.47827887717205686,0.47827887717205686,0,1
quarter_trend2_validated,3135,2023-12-22,2024-01-02,0.0288079559683274,2023,2023-09-30,learned_order_extension,20260911,0.48956703667437496,0.48956703667437496,0,1
quarter_volatility2_validated,3135,2023-12-22,2024-01-02,0.0288079559683274,2023,2023-09-30,learned_order_extension,20260911,0.4824313518223224,0.4824313518223224,0,1
quarter_trend2_validated,3140,2023-12-29,2024-01-08,-0.0302544749829989,2023,2023-09-30,learned_order_extension,20260911,0.5237720908993978,0.5237720908993978,1,0
quarter_volatility2_validated,3140,2023-12-29,2024-01-08,-0.0302544749829989,2023,2023-09-30,learned_order_extension,20260911,0.5166424710673253,0.5166424710673253,1,0
quarter_trend2_validated,2902,2023-01-06,2023-01-16,0.0198447929614133,2023,2022-12-31,learned_order_offset,20260911,0.41117201615041793,0.41117201615041793,0,1
quarter_volatility2_validated,2902,2023-01-06,2023-01-16,0.0198447929614133,2023,2022-12-31,learned_order_offset,20260911,0.41117201615041793,0.41117201615041793,0,1
quarter_trend2_validated,2907,2023-01-13,2023-01-30,0.0465290788350809,2023,2022-12-31,learned_order_offset,20260911,0.364680620051655,0.364680620051655,0,1
quarter_volatility2_validated,2907,2023-01-13,2023-01-30,0.0465290788350809,2023,2022-12-31,learned_order_offset,20260911,0.364680620051655,0.364680620051655,0,1
quarter_trend2_validated,2912,2023-01-20,2023-02-06,-0.0383797057844887,2023,2022-12-31,learned_order_offset,20260911,0.578179649696222,0.578179649696222,1,0
quarter_volatility2_validated,2912,2023-01-20,2023-02-06,-0.0383797057844887,2023,2022-12-31,learned_order_offset,20260911,0.578179649696222,0.578179649696222,1,0
quarter_trend2_validated,2917,2023-02-03,2023-02-13,-0.0012061903149008,2023,2022-12-31,learned_order_offset,20260911,0.5515128874638535,0.5515128874638535,1,0
quarter_volatility2_validated,2917,2023-02-03,2023-02-13,-0.0012061903149008,2023,2022-12-31,learned_order_offset,20260911,0.5515128874638535,0.5515128874638535,1,0
quarter_trend2_validated,2922,2023-02-10,2023-02-20,-0.0143746584432821,2023,2022-12-31,learned_order_offset,20260911,0.39192014326711666,0.39192014326711666,0,0
quarter_volatility2_validated,2922,2023-02-10,2023-02-20,-0.0143746584432821,2023,2022-12-31,learned_order_offset,20260911,0.39192014326711666,0.39192014326711666,0,0
quarter_trend2_validated,2927,2023-02-17,2023-02-27,0.0001237636016198,2023,2022-12-31,learned_order_offset,20260911,0.44735551730013157,0.44735551730013157,0,1
quarter_volatility2_validated,2927,2023-02-17,2023-02-27,0.0001237636016198,2023,2022-12-31,learned_order_offset,20260911,0.44735551730013157,0.44735551730013157,0,1
quarter_trend2_validated,2932,2023-02-24,2023-03-06,0.0224454641303217,2023,2022-12-31,learned_order_offset,20260911,0.6194755772192605,0.6194755772192605,1,1
quarter_volatility2_validated,2932,2023-02-24,2023-03-06,0.0224454641303217,2023,2022-12-31,learned_order_offset,20260911,0.6194755772192605,0.6194755772192605,1,1
quarter_trend2_validated,2937,2023-03-03,2023-03-13,-0.0407900947678007,2023,2022-12-31,learned_order_offset,20260911,0.7367890366176728,0.7367890366176728,1,0
quarter_volatility2_validated,2937,2023-03-03,2023-03-13,-0.0407900947678007,2023,2022-12-31,learned_order_offset,20260911,0.7367890366176728,0.7367890366176728,1,0
quarter_trend2_validated,2942,2023-03-10,2023-03-20,5.0471402903706775e-06,2023,2022-12-31,learned_order_offset,20260911,0.5927141757173765,0.5927141757173765,1,1
quarter_volatility2_validated,2942,2023-03-10,2023-03-20,5.0471402903706775e-06,2023,2022-12-31,learned_order_offset,20260911,0.5927141757173765,0.5927141757173765,1,1
quarter_trend2_validated,2947,2023-03-17,2023-03-27,0.015302852124583,2023,2022-12-31,learned_order_offset,20260911,0.44144992787218895,0.44144992787218895,0,1
quarter_volatility2_validated,2947,2023-03-17,2023-03-27,0.015302852124583,2023,2022-12-31,learned_order_offset,20260911,0.44144992787218895,0.44144992787218895,0,1
quarter_trend2_validated,2952,2023-03-24,2023-04-03,0.0090274153058433,2023,2022-12-31,learned_order_offset,20260911,0.48064826466248156,0.48064826466248156,0,1
quarter_volatility2_validated,2952,2023-03-24,2023-04-03,0.0090274153058433,2023,2022-12-31,learned_order_offset,20260911,0.48064826466248156,0.48064826466248156,0,1
quarter_trend2_validated,2957,2023-03-31,2023-04-10,0.0178317182396383,2023,2022-12-31,learned_order_offset,20260911,0.556461403271004,0.556461403271004,1,1
quarter_volatility2_validated,2957,2023-03-31,2023-04-10,0.0178317182396383,2023,2022-12-31,learned_order_offset,20260911,0.556461403271004,0.556461403271004,1,1
quarter_trend2_validated,2961,2023-04-07,2023-04-17,-0.0101500238382772,2023,2023-03-31,learned_order_offset,20260911,0.504790898079976,0.504790898079976,1,0
quarter_volatility2_validated,2961,2023-04-07,2023-04-17,-0.0101500238382772,2023,2023-03-31,learned_order_offset,20260911,0.504790898079976,0.504790898079976,1,0
quarter_trend2_validated,2966,2023-04-14,2023-04-24,-0.014368947230732,2023,2023-03-31,learned_order_offset,20260911,0.4942633891147542,0.4942633891147542,0,0
quarter_volatility2_validated,2966,2023-04-14,2023-04-24,-0.014368947230732,2023,2023-03-31,learned_order_offset,20260911,0.4942633891147542,0.4942633891147542,0,0
quarter_trend2_validated,2971,2023-04-21,2023-05-04,-0.0044228908788729,2023,2023-03-31,learned_order_offset,20260911,0.39928777128910625,0.39928777128910625,0,0
quarter_volatility2_validated,2971,2023-04-21,2023-05-04,-0.0044228908788729,2023,2023-03-31,learned_order_offset,20260911,0.39928777128910625,0.39928777128910625,0,0
quarter_trend2_validated,2976,2023-04-28,2023-05-10,0.0036477163153083,2023,2023-03-31,learned_order_offset,20260911,0.37810919654324093,0.37810919654324093,0,1
quarter_volatility2_validated,2976,2023-04-28,2023-05-10,0.0036477163153083,2023,2023-03-31,learned_order_offset,20260911,0.37810919654324093,0.37810919654324093,0,1
quarter_trend2_validated,2978,2023-05-05,2023-05-15,-0.0221642407977935,2023,2023-03-31,learned_order_offset,20260911,0.3825900800128016,0.3825900800128016,0,0
quarter_volatility2_validated,2978,2023-05-05,2023-05-15,-0.0221642407977935,2023,2023-03-31,learned_order_offset,20260911,0.3825900800128016,0.3825900800128016,0,0
quarter_trend2_validated,2983,2023-05-12,2023-05-22,0.0005509250208819,2023,2023-03-31,learned_order_offset,20260911,0.5206526224591033,0.5206526224591033,1,1
quarter_volatility2_validated,2983,2023-05-12,2023-05-22,0.0005509250208819,2023,2023-03-31,learned_order_offset,20260911,0.5206526224591033,0.5206526224591033,1,1
quarter_trend2_validated,2988,2023-05-19,2023-05-29,-0.0200253742704897,2023,2023-03-31,learned_order_offset,20260911,0.7111689672715988,0.7111689672715988,1,0
quarter_volatility2_validated,2988,2023-05-19,2023-05-29,-0.0200253742704897,2023,2023-03-31,learned_order_offset,20260911,0.7111689672715988,0.7111689672715988,1,0
quarter_trend2_validated,2993,2023-05-26,2023-06-05,-0.0003935703040848,2023,2023-03-31,learned_order_offset,20260911,0.5113376197418289,0.5113376197418289,1,0
quarter_volatility2_validated,2993,2023-05-26,2023-06-05,-0.0003935703040848,2023,2023-03-31,learned_order_offset,20260911,0.5113376197418289,0.5113376197418289,1,0
quarter_trend2_validated,2998,2023-06-02,2023-06-12,-0.0086075595250429,2023,2023-03-31,learned_order_offset,20260911,0.4176331380681734,0.4176331380681734,0,0
quarter_volatility2_validated,2998,2023-06-02,2023-06-12,-0.0086075595250429,2023,2023-03-31,learned_order_offset,20260911,0.4176331380681734,0.4176331380681734,0,0
quarter_trend2_validated,3003,2023-06-09,2023-06-19,0.0338878539347273,2023,2023-03-31,learned_order_offset,20260911,0.4874307767794157,0.4874307767794157,0,1
quarter_volatility2_validated,3003,2023-06-09,2023-06-19,0.0338878539347273,2023,2023-03-31,learned_order_offset,20260911,0.4874307767794157,0.4874307767794157,0,1
quarter_trend2_validated,3008,2023-06-16,2023-07-03,-0.026216632171098,2023,2023-03-31,learned_order_offset,20260911,0.46345232219332494,0.46345232219332494,0,0
quarter_volatility2_validated,3008,2023-06-16,2023-07-03,-0.026216632171098,2023,2023-03-31,learned_order_offset,20260911,0.46345232219332494,0.46345232219332494,0,0
quarter_trend2_validated,3016,2023-06-30,2023-07-10,-0.0030441518806006,2023,2023-03-31,learned_order_offset,20260911,0.4995175845112385,0.4995175845112385,0,0
quarter_volatility2_validated,3016,2023-06-30,2023-07-10,-0.0030441518806006,2023,2023-03-31,learned_order_offset,20260911,0.4995175845112385,0.4995175845112385,0,0
quarter_trend2_validated,3021,2023-07-07,2023-07-17,0.0104280552692135,2023,2023-06-30,learned_order_offset,20260911,0.417660486219323,0.417660486219323,0,1
quarter_volatility2_validated,3021,2023-07-07,2023-07-17,0.0104280552692135,2023,2023-06-30,learned_order_offset,20260911,0.45528383097218506,0.45528383097218506,0,1
quarter_trend2_validated,3026,2023-07-14,2023-07-24,-0.0201642613135752,2023,2023-06-30,learned_order_offset,20260911,0.3836238622552688,0.3836238622552688,0,0
quarter_volatility2_validated,3026,2023-07-14,2023-07-24,-0.0201642613135752,2023,2023-06-30,learned_order_offset,20260911,0.4203945553087095,0.4203945553087095,0,0
quarter_trend2_validated,3031,2023-07-21,2023-07-31,0.0566710925894278,2023,2023-06-30,learned_order_offset,20260911,0.38463994320464956,0.38463994320464956,0,1
quarter_volatility2_validated,3031,2023-07-21,2023-07-31,0.0566710925894278,2023,2023-06-30,learned_order_offset,20260911,0.42144143747309903,0.42144143747309903,0,1
quarter_trend2_validated,3036,2023-07-28,2023-08-07,-0.0039612927947766,2023,2023-06-30,learned_order_offset,20260911,0.39838468010224337,0.39838468010224337,0,0
quarter_volatility2_validated,3036,2023-07-28,2023-08-07,-0.0039612927947766,2023,2023-06-30,learned_order_offset,20260911,0.43557039697383443,0.43557039697383443,0,0
quarter_trend2_validated,3041,2023-08-04,2023-08-14,-0.0404899362223548,2023,2023-06-30,learned_order_offset,20260911,0.4299283654009098,0.4299283654009098,0,0
quarter_volatility2_validated,3041,2023-08-04,2023-08-14,-0.0404899362223548,2023,2023-06-30,learned_order_offset,20260911,0.4299283654009098,0.4299283654009098,0,0
quarter_trend2_validated,3046,2023-08-11,2023-08-21,-0.0176157088591445,2023,2023-06-30,learned_order_offset,20260911,0.6099179258624198,0.6099179258624198,1,0
quarter_volatility2_validated,3046,2023-08-11,2023-08-21,-0.0176157088591445,2023,2023-06-30,learned_order_offset,20260911,0.6456581739098262,0.6456581739098262,1,0
quarter_trend2_validated,3051,2023-08-18,2023-08-28,0.0366582477081969,2023,2023-06-30,learned_order_offset,20260911,0.4313190431632442,0.4313190431632442,0,1
quarter_volatility2_validated,3051,2023-08-18,2023-08-28,0.0366582477081969,2023,2023-06-30,learned_order_offset,20260911,0.4691814705322716,0.4691814705322716,0,1
quarter_trend2_validated,3056,2023-08-25,2023-09-04,-0.025197172476384,2023,2023-06-30,learned_order_offset,20260911,0.4859930079876786,0.4859930079876786,0,0
quarter_volatility2_validated,3056,2023-08-25,2023-09-04,-0.025197172476384,2023,2023-06-30,learned_order_offset,20260911,0.5242305786306066,0.5242305786306066,1,0
quarter_trend2_validated,3061,2023-09-01,2023-09-11,-0.0189903461587886,2023,2023-06-30,learned_order_offset,20260911,0.42160328494796695,0.42160328494796695,0,0
quarter_volatility2_validated,3061,2023-09-01,2023-09-11,-0.0189903461587886,2023,2023-06-30,learned_order_offset,20260911,0.42160328494796695,0.42160328494796695,0,0
quarter_trend2_validated,3066,2023-09-08,2023-09-18,-0.0111346368744954,2023,2023-06-30,learned_order_offset,20260911,0.5326493440976707,0.5326493440976707,1,0
quarter_volatility2_validated,3066,2023-09-08,2023-09-18,-0.0111346368744954,2023,2023-06-30,learned_order_offset,20260911,0.5704835756699517,0.5704835756699517,1,0
quarter_trend2_validated,3071,2023-09-15,2023-09-25,0.0105787349314532,2023,2023-06-30,learned_order_offset,20260911,0.6929726314051662,0.6929726314051662,1,1
quarter_volatility2_validated,3071,2023-09-15,2023-09-25,0.0105787349314532,2023,2023-06-30,learned_order_offset,20260911,0.7245399993588199,0.7245399993588199,1,1
quarter_trend2_validated,3076,2023-09-22,2023-10-16,-0.0198017153282719,2023,2023-06-30,learned_order_offset,20260911,0.5362002049586337,0.5362002049586337,1,0
quarter_volatility2_validated,3076,2023-09-22,2023-10-16,-0.0198017153282719,2023,2023-06-30,learned_order_offset,20260911,0.5739768927489775,0.5739768927489775,1,0
quarter_trend2_validated,3085,2023-10-13,2023-10-23,-0.0447156690429144,2023,2023-09-30,learned_order_offset,20260911,0.39156955308358626,0.39156955308358626,0,0
quarter_volatility2_validated,3085,2023-10-13,2023-10-23,-0.0447156690429144,2023,2023-09-30,learned_order_offset,20260911,0.38466696849278803,0.38466696849278803,0,0
quarter_trend2_validated,3090,2023-10-20,2023-10-30,0.0154019770298841,2023,2023-09-30,learned_order_offset,20260911,0.37231720310689514,0.37231720310689514,0,1
quarter_volatility2_validated,3090,2023-10-20,2023-10-30,0.0154019770298841,2023,2023-09-30,learned_order_offset,20260911,0.36555009627768514,0.36555009627768514,0,1
quarter_trend2_validated,3095,2023-10-27,2023-11-06,0.0152527637017425,2023,2023-09-30,learned_order_offset,20260911,0.427232637864949,0.427232637864949,0,1
quarter_volatility2_validated,3095,2023-10-27,2023-11-06,0.0152527637017425,2023,2023-09-30,learned_order_offset,20260911,0.4201354951070632,0.4201354951070632,0,1
quarter_trend2_validated,3100,2023-11-03,2023-11-13,-0.0039935482440582,2023,2023-09-30,learned_order_offset,20260911,0.6046657240197032,0.6046657240197032,1,0
quarter_volatility2_validated,3100,2023-11-03,2023-11-13,-0.0039935482440582,2023,2023-09-30,learned_order_offset,20260911,0.5976968701881904,0.5976968701881904,1,0
quarter_trend2_validated,3105,2023-11-10,2023-11-20,-0.0067280482816765,2023,2023-09-30,learned_order_offset,20260911,0.4663507225366181,0.4663507225366181,0,0
quarter_volatility2_validated,3105,2023-11-10,2023-11-20,-0.0067280482816765,2023,2023-09-30,learned_order_offset,20260911,0.4591246479817544,0.4591246479817544,0,0
quarter_trend2_validated,3110,2023-11-17,2023-11-27,-0.0098859017348651,2023,2023-09-30,learned_order_offset,20260911,0.44775800707023944,0.44775800707023944,0,0
quarter_volatility2_validated,3110,2023-11-17,2023-11-27,-0.0098859017348651,2023,2023-09-30,learned_order_offset,20260911,0.4405821752042028,0.4405821752042028,0,0
quarter_trend2_validated,3115,2023-11-24,2023-12-04,-0.0151084754586299,2023,2023-09-30,learned_order_offset,20260911,0.4691781841269915,0.4691781841269915,0,0
quarter_volatility2_validated,3115,2023-11-24,2023-12-04,-0.0151084754586299,2023,2023-09-30,learned_order_offset,20260911,0.4619462229219331,0.4619462229219331,0,0
quarter_trend2_validated,3120,2023-12-01,2023-12-11,-0.0295859857973478,2023,2023-09-30,learned_order_offset,20260911,0.5294634663278608,0.5294634663278608,1,0
quarter_volatility2_validated,3120,2023-12-01,2023-12-11,-0.0295859857973478,2023,2023-09-30,learned_order_offset,20260911,0.5222164407651307,0.5222164407651307,1,0
quarter_trend2_validated,3125,2023-12-08,2023-12-18,-0.0144639658974852,2023,2023-09-30,learned_order_offset,20260911,0.4782000412355194,0.4782000412355194,0,0
quarter_volatility2_validated,3125,2023-12-08,2023-12-18,-0.0144639658974852,2023,2023-09-30,learned_order_offset,20260911,0.4709523955364781,0.4709523955364781,0,0
quarter_trend2_validated,3130,2023-12-15,2023-12-25,0.0003424256350643,2023,2023-09-30,learned_order_offset,20260911,0.48545758915844206,0.48545758915844206,0,1
quarter_volatility2_validated,3130,2023-12-15,2023-12-25,0.0003424256350643,2023,2023-09-30,learned_order_offset,20260911,0.47820075269151097,0.47820075269151097,0,1
quarter_trend2_validated,3135,2023-12-22,2024-01-02,0.0288079559683274,2023,2023-09-30,learned_order_offset,20260911,0.48964173288973234,0.48964173288973234,0,1
quarter_volatility2_validated,3135,2023-12-22,2024-01-02,0.0288079559683274,2023,2023-09-30,learned_order_offset,20260911,0.48238098696322185,0.48238098696322185,0,1
quarter_trend2_validated,3140,2023-12-29,2024-01-08,-0.0302544749829989,2023,2023-09-30,learned_order_offset,20260911,0.5238432659594711,0.5238432659594711,1,0
quarter_volatility2_validated,3140,2023-12-29,2024-01-08,-0.0302544749829989,2023,2023-09-30,learned_order_offset,20260911,0.516588711481331,0.516588711481331,1,0
quarter_trend2_validated,2902,2023-01-06,2023-01-16,0.0198447929614133,2023,2022-12-31,learned_market,20260912,0.30052885603711643,0.30052885603711643,0,1
quarter_volatility2_validated,2902,2023-01-06,2023-01-16,0.0198447929614133,2023,2022-12-31,learned_market,20260912,0.30052885603711643,0.30052885603711643,0,1
quarter_trend2_validated,2907,2023-01-13,2023-01-30,0.0465290788350809,2023,2022-12-31,learned_market,20260912,0.25642703962175933,0.25642703962175933,0,1
quarter_volatility2_validated,2907,2023-01-13,2023-01-30,0.0465290788350809,2023,2022-12-31,learned_market,20260912,0.25642703962175933,0.25642703962175933,0,1
quarter_trend2_validated,2912,2023-01-20,2023-02-06,-0.0383797057844887,2023,2022-12-31,learned_market,20260912,0.6884031394091166,0.6884031394091166,1,0
quarter_volatility2_validated,2912,2023-01-20,2023-02-06,-0.0383797057844887,2023,2022-12-31,learned_market,20260912,0.6884031394091166,0.6884031394091166,1,0
quarter_trend2_validated,2917,2023-02-03,2023-02-13,-0.0012061903149008,2023,2022-12-31,learned_market,20260912,0.48719446040105807,0.48719446040105807,0,0
quarter_volatility2_validated,2917,2023-02-03,2023-02-13,-0.0012061903149008,2023,2022-12-31,learned_market,20260912,0.48719446040105807,0.48719446040105807,0,0
quarter_trend2_validated,2922,2023-02-10,2023-02-20,-0.0143746584432821,2023,2022-12-31,learned_market,20260912,0.25478983111842135,0.25478983111842135,0,0
quarter_volatility2_validated,2922,2023-02-10,2023-02-20,-0.0143746584432821,2023,2022-12-31,learned_market,20260912,0.25478983111842135,0.25478983111842135,0,0
quarter_trend2_validated,2927,2023-02-17,2023-02-27,0.0001237636016198,2023,2022-12-31,learned_market,20260912,0.4079835806267681,0.4079835806267681,0,1
quarter_volatility2_validated,2927,2023-02-17,2023-02-27,0.0001237636016198,2023,2022-12-31,learned_market,20260912,0.4079835806267681,0.4079835806267681,0,1
quarter_trend2_validated,2932,2023-02-24,2023-03-06,0.0224454641303217,2023,2022-12-31,learned_market,20260912,0.7137242634797857,0.7137242634797857,1,1
quarter_volatility2_validated,2932,2023-02-24,2023-03-06,0.0224454641303217,2023,2022-12-31,learned_market,20260912,0.7137242634797857,0.7137242634797857,1,1
quarter_trend2_validated,2937,2023-03-03,2023-03-13,-0.0407900947678007,2023,2022-12-31,learned_market,20260912,0.5807881322909977,0.5807881322909977,1,0
quarter_volatility2_validated,2937,2023-03-03,2023-03-13,-0.0407900947678007,2023,2022-12-31,learned_market,20260912,0.5807881322909977,0.5807881322909977,1,0
quarter_trend2_validated,2942,2023-03-10,2023-03-20,5.0471402903706775e-06,2023,2022-12-31,learned_market,20260912,0.41460120883303464,0.41460120883303464,0,1
quarter_volatility2_validated,2942,2023-03-10,2023-03-20,5.0471402903706775e-06,2023,2022-12-31,learned_market,20260912,0.41460120883303464,0.41460120883303464,0,1
quarter_trend2_validated,2947,2023-03-17,2023-03-27,0.015302852124583,2023,2022-12-31,learned_market,20260912,0.30490069121650976,0.30490069121650976,0,1
quarter_volatility2_validated,2947,2023-03-17,2023-03-27,0.015302852124583,2023,2022-12-31,learned_market,20260912,0.30490069121650976,0.30490069121650976,0,1
quarter_trend2_validated,2952,2023-03-24,2023-04-03,0.0090274153058433,2023,2022-12-31,learned_market,20260912,0.5481390563099999,0.5481390563099999,1,1
quarter_volatility2_validated,2952,2023-03-24,2023-04-03,0.0090274153058433,2023,2022-12-31,learned_market,20260912,0.5481390563099999,0.5481390563099999,1,1
quarter_trend2_validated,2957,2023-03-31,2023-04-10,0.0178317182396383,2023,2022-12-31,learned_market,20260912,0.611788401190659,0.611788401190659,1,1
quarter_volatility2_validated,2957,2023-03-31,2023-04-10,0.0178317182396383,2023,2022-12-31,learned_market,20260912,0.611788401190659,0.611788401190659,1,1
quarter_trend2_validated,2961,2023-04-07,2023-04-17,-0.0101500238382772,2023,2023-03-31,learned_market,20260912,0.6373271507100488,0.6373271507100488,1,0
quarter_volatility2_validated,2961,2023-04-07,2023-04-17,-0.0101500238382772,2023,2023-03-31,learned_market,20260912,0.6373271507100488,0.6373271507100488,1,0
quarter_trend2_validated,2966,2023-04-14,2023-04-24,-0.014368947230732,2023,2023-03-31,learned_market,20260912,0.3845861584135212,0.3845861584135212,0,0
quarter_volatility2_validated,2966,2023-04-14,2023-04-24,-0.014368947230732,2023,2023-03-31,learned_market,20260912,0.3845861584135212,0.3845861584135212,0,0
quarter_trend2_validated,2971,2023-04-21,2023-05-04,-0.0044228908788729,2023,2023-03-31,learned_market,20260912,0.3355239890755223,0.3355239890755223,0,0
quarter_volatility2_validated,2971,2023-04-21,2023-05-04,-0.0044228908788729,2023,2023-03-31,learned_market,20260912,0.3355239890755223,0.3355239890755223,0,0
quarter_trend2_validated,2976,2023-04-28,2023-05-10,0.0036477163153083,2023,2023-03-31,learned_market,20260912,0.4803897810444189,0.4803897810444189,0,1
quarter_volatility2_validated,2976,2023-04-28,2023-05-10,0.0036477163153083,2023,2023-03-31,learned_market,20260912,0.4803897810444189,0.4803897810444189,0,1
quarter_trend2_validated,2978,2023-05-05,2023-05-15,-0.0221642407977935,2023,2023-03-31,learned_market,20260912,0.3214134174707162,0.3214134174707162,0,0
quarter_volatility2_validated,2978,2023-05-05,2023-05-15,-0.0221642407977935,2023,2023-03-31,learned_market,20260912,0.3214134174707162,0.3214134174707162,0,0
quarter_trend2_validated,2983,2023-05-12,2023-05-22,0.0005509250208819,2023,2023-03-31,learned_market,20260912,0.41963299671663734,0.41963299671663734,0,1
quarter_volatility2_validated,2983,2023-05-12,2023-05-22,0.0005509250208819,2023,2023-03-31,learned_market,20260912,0.41963299671663734,0.41963299671663734,0,1
quarter_trend2_validated,2988,2023-05-19,2023-05-29,-0.0200253742704897,2023,2023-03-31,learned_market,20260912,0.663522806485192,0.663522806485192,1,0
quarter_volatility2_validated,2988,2023-05-19,2023-05-29,-0.0200253742704897,2023,2023-03-31,learned_market,20260912,0.663522806485192,0.663522806485192,1,0
quarter_trend2_validated,2993,2023-05-26,2023-06-05,-0.0003935703040848,2023,2023-03-31,learned_market,20260912,0.4734681491976751,0.4734681491976751,0,0
quarter_volatility2_validated,2993,2023-05-26,2023-06-05,-0.0003935703040848,2023,2023-03-31,learned_market,20260912,0.4734681491976751,0.4734681491976751,0,0
quarter_trend2_validated,2998,2023-06-02,2023-06-12,-0.0086075595250429,2023,2023-03-31,learned_market,20260912,0.40456629164978614,0.40456629164978614,0,0
quarter_volatility2_validated,2998,2023-06-02,2023-06-12,-0.0086075595250429,2023,2023-03-31,learned_market,20260912,0.40456629164978614,0.40456629164978614,0,0
quarter_trend2_validated,3003,2023-06-09,2023-06-19,0.0338878539347273,2023,2023-03-31,learned_market,20260912,0.30238432481971794,0.30238432481971794,0,1
quarter_volatility2_validated,3003,2023-06-09,2023-06-19,0.0338878539347273,2023,2023-03-31,learned_market,20260912,0.30238432481971794,0.30238432481971794,0,1
quarter_trend2_validated,3008,2023-06-16,2023-07-03,-0.026216632171098,2023,2023-03-31,learned_market,20260912,0.3205141256506379,0.3205141256506379,0,0
quarter_volatility2_validated,3008,2023-06-16,2023-07-03,-0.026216632171098,2023,2023-03-31,learned_market,20260912,0.3205141256506379,0.3205141256506379,0,0
quarter_trend2_validated,3016,2023-06-30,2023-07-10,-0.0030441518806006,2023,2023-03-31,learned_market,20260912,0.6005178559534365,0.6005178559534365,1,0
quarter_volatility2_validated,3016,2023-06-30,2023-07-10,-0.0030441518806006,2023,2023-03-31,learned_market,20260912,0.6005178559534365,0.6005178559534365,1,0
quarter_trend2_validated,3021,2023-07-07,2023-07-17,0.0104280552692135,2023,2023-06-30,learned_market,20260912,0.5162127336615657,0.5162127336615657,1,1
quarter_volatility2_validated,3021,2023-07-07,2023-07-17,0.0104280552692135,2023,2023-06-30,learned_market,20260912,0.5476174471948578,0.5476174471948578,1,1
quarter_trend2_validated,3026,2023-07-14,2023-07-24,-0.0201642613135752,2023,2023-06-30,learned_market,20260912,0.6231083970639814,0.6231083970639814,1,0
quarter_volatility2_validated,3026,2023-07-14,2023-07-24,-0.0201642613135752,2023,2023-06-30,learned_market,20260912,0.6522486120714398,0.6522486120714398,1,0
quarter_trend2_validated,3031,2023-07-21,2023-07-31,0.0566710925894278,2023,2023-06-30,learned_market,20260912,0.1870578666091429,0.1870578666091429,0,1
quarter_volatility2_validated,3031,2023-07-21,2023-07-31,0.0566710925894278,2023,2023-06-30,learned_market,20260912,0.20700617431869667,0.20700617431869667,0,1
quarter_trend2_validated,3036,2023-07-28,2023-08-07,-0.0039612927947766,2023,2023-06-30,learned_market,20260912,0.5205587864631629,0.5205587864631629,1,0
quarter_volatility2_validated,3036,2023-07-28,2023-08-07,-0.0039612927947766,2023,2023-06-30,learned_market,20260912,0.5519262606194112,0.5519262606194112,1,0
quarter_trend2_validated,3041,2023-08-04,2023-08-14,-0.0404899362223548,2023,2023-06-30,learned_market,20260912,0.698021646037714,0.698021646037714,1,0
quarter_volatility2_validated,3041,2023-08-04,2023-08-14,-0.0404899362223548,2023,2023-06-30,learned_market,20260912,0.698021646037714,0.698021646037714,1,0
quarter_trend2_validated,3046,2023-08-11,2023-08-21,-0.0176157088591445,2023,2023-06-30,learned_market,20260912,0.8046908606049662,0.8046908606049662,1,0
quarter_volatility2_validated,3046,2023-08-11,2023-08-21,-0.0176157088591445,2023,2023-06-30,learned_market,20260912,0.8237624858039104,0.8237624858039104,1,0
quarter_trend2_validated,3051,2023-08-18,2023-08-28,0.0366582477081969,2023,2023-06-30,learned_market,20260912,0.3831681449846201,0.3831681449846201,0,1
quarter_volatility2_validated,3051,2023-08-18,2023-08-28,0.0366582477081969,2023,2023-06-30,learned_market,20260912,0.41339516348274463,0.41339516348274463,0,1
quarter_trend2_validated,3056,2023-08-25,2023-09-04,-0.025197172476384,2023,2023-06-30,learned_market,20260912,0.3313413603543106,0.3313413603543106,0,0
quarter_volatility2_validated,3056,2023-08-25,2023-09-04,-0.025197172476384,2023,2023-06-30,learned_market,20260912,0.3598651609059206,0.3598651609059206,0,0
quarter_trend2_validated,3061,2023-09-01,2023-09-11,-0.0189903461587886,2023,2023-06-30,learned_market,20260912,0.20617247589152174,0.20617247589152174,0,0
quarter_volatility2_validated,3061,2023-09-01,2023-09-11,-0.0189903461587886,2023,2023-06-30,learned_market,20260912,0.20617247589152174,0.20617247589152174,0,0
quarter_trend2_validated,3066,2023-09-08,2023-09-18,-0.0111346368744954,2023,2023-06-30,learned_market,20260912,0.49297112213091276,0.49297112213091276,0,0
quarter_volatility2_validated,3066,2023-09-08,2023-09-18,-0.0111346368744954,2023,2023-06-30,learned_market,20260912,0.5244948098725477,0.5244948098725477,1,0
quarter_trend2_validated,3071,2023-09-15,2023-09-25,0.0105787349314532,2023,2023-06-30,learned_market,20260912,0.39595919784840256,0.39595919784840256,0,1
quarter_volatility2_validated,3071,2023-09-15,2023-09-25,0.0105787349314532,2023,2023-06-30,learned_market,20260912,0.42649757606540895,0.42649757606540895,0,1
quarter_trend2_validated,3076,2023-09-22,2023-10-16,-0.0198017153282719,2023,2023-06-30,learned_market,20260912,0.36370217715042846,0.36370217715042846,0,0
quarter_volatility2_validated,3076,2023-09-22,2023-10-16,-0.0198017153282719,2023,2023-06-30,learned_market,20260912,0.39337289072406006,0.39337289072406006,0,0
quarter_trend2_validated,3085,2023-10-13,2023-10-23,-0.0447156690429144,2023,2023-09-30,learned_market,20260912,0.38573705045627804,0.38573705045627804,0,0
quarter_volatility2_validated,3085,2023-10-13,2023-10-23,-0.0447156690429144,2023,2023-09-30,learned_market,20260912,0.3806280119269223,0.3806280119269223,0,0
quarter_trend2_validated,3090,2023-10-20,2023-10-30,0.0154019770298841,2023,2023-09-30,learned_market,20260912,0.40819022228336355,0.40819022228336355,0,1
quarter_volatility2_validated,3090,2023-10-20,2023-10-30,0.0154019770298841,2023,2023-09-30,learned_market,20260912,0.40297889263515463,0.40297889263515463,0,1
quarter_trend2_validated,3095,2023-10-27,2023-11-06,0.0152527637017425,2023,2023-09-30,learned_market,20260912,0.8119416505016399,0.8119416505016399,1,1
quarter_volatility2_validated,3095,2023-10-27,2023-11-06,0.0152527637017425,2023,2023-09-30,learned_market,20260912,0.8086187256100102,0.8086187256100102,1,1
quarter_trend2_validated,3100,2023-11-03,2023-11-13,-0.0039935482440582,2023,2023-09-30,learned_market,20260912,0.319651443861276,0.319651443861276,0,0
quarter_volatility2_validated,3100,2023-11-03,2023-11-13,-0.0039935482440582,2023,2023-09-30,learned_market,20260912,0.314968885152162,0.314968885152162,0,0
quarter_trend2_validated,3105,2023-11-10,2023-11-20,-0.0067280482816765,2023,2023-09-30,learned_market,20260912,0.29252965081269716,0.29252965081269716,0,0
quarter_volatility2_validated,3105,2023-11-10,2023-11-20,-0.0067280482816765,2023,2023-09-30,learned_market,20260912,0.2880761689677401,0.2880761689677401,0,0
quarter_trend2_validated,3110,2023-11-17,2023-11-27,-0.0098859017348651,2023,2023-09-30,learned_market,20260912,0.2167108278827403,0.2167108278827403,0,0
quarter_volatility2_validated,3110,2023-11-17,2023-11-27,-0.0098859017348651,2023,2023-09-30,learned_market,20260912,0.21306399138914983,0.21306399138914983,0,0
quarter_trend2_validated,3115,2023-11-24,2023-12-04,-0.0151084754586299,2023,2023-09-30,learned_market,20260912,0.5352671154261796,0.5352671154261796,1,0
quarter_volatility2_validated,3115,2023-11-24,2023-12-04,-0.0151084754586299,2023,2023-09-30,learned_market,20260912,0.5298860287975473,0.5298860287975473,1,0
quarter_trend2_validated,3120,2023-12-01,2023-12-11,-0.0295859857973478,2023,2023-09-30,learned_market,20260912,0.30724490162870655,0.30724490162870655,0,0
quarter_volatility2_validated,3120,2023-12-01,2023-12-11,-0.0295859857973478,2023,2023-09-30,learned_market,20260912,0.3026632347399586,0.3026632347399586,0,0
quarter_trend2_validated,3125,2023-12-08,2023-12-18,-0.0144639658974852,2023,2023-09-30,learned_market,20260912,0.38105499949004973,0.38105499949004973,0,0
quarter_volatility2_validated,3125,2023-12-08,2023-12-18,-0.0144639658974852,2023,2023-09-30,learned_market,20260912,0.3759700179236193,0.3759700179236193,0,0
quarter_trend2_validated,3130,2023-12-15,2023-12-25,0.0003424256350643,2023,2023-09-30,learned_market,20260912,0.42965617974412723,0.42965617974412723,0,1
quarter_volatility2_validated,3130,2023-12-15,2023-12-25,0.0003424256350643,2023,2023-09-30,learned_market,20260912,0.42436731118633375,0.42436731118633375,0,1
quarter_trend2_validated,3135,2023-12-22,2024-01-02,0.0288079559683274,2023,2023-09-30,learned_market,20260912,0.3196862144163143,0.3196862144163143,0,1
quarter_volatility2_validated,3135,2023-12-22,2024-01-02,0.0288079559683274,2023,2023-09-30,learned_market,20260912,0.31500338218656815,0.31500338218656815,0,1
quarter_trend2_validated,3140,2023-12-29,2024-01-08,-0.0302544749829989,2023,2023-09-30,learned_market,20260912,0.26314986048041294,0.26314986048041294,0,0
quarter_volatility2_validated,3140,2023-12-29,2024-01-08,-0.0302544749829989,2023,2023-09-30,learned_market,20260912,0.25897992456552876,0.25897992456552876,0,0
quarter_trend2_validated,2902,2023-01-06,2023-01-16,0.0198447929614133,2023,2022-12-31,learned_vol_interaction,20260912,0.28965659740268485,0.28965659740268485,0,1
quarter_volatility2_validated,2902,2023-01-06,2023-01-16,0.0198447929614133,2023,2022-12-31,learned_vol_interaction,20260912,0.28965659740268485,0.28965659740268485,0,1
quarter_trend2_validated,2907,2023-01-13,2023-01-30,0.0465290788350809,2023,2022-12-31,learned_vol_interaction,20260912,0.24376767561556023,0.24376767561556023,0,1
quarter_volatility2_validated,2907,2023-01-13,2023-01-30,0.0465290788350809,2023,2022-12-31,learned_vol_interaction,20260912,0.24376767561556023,0.24376767561556023,0,1
quarter_trend2_validated,2912,2023-01-20,2023-02-06,-0.0383797057844887,2023,2022-12-31,learned_vol_interaction,20260912,0.7144269683090918,0.7144269683090918,1,0
quarter_volatility2_validated,2912,2023-01-20,2023-02-06,-0.0383797057844887,2023,2022-12-31,learned_vol_interaction,20260912,0.7144269683090918,0.7144269683090918,1,0
quarter_trend2_validated,2917,2023-02-03,2023-02-13,-0.0012061903149008,2023,2022-12-31,learned_vol_interaction,20260912,0.48449097695552545,0.48449097695552545,0,0
quarter_volatility2_validated,2917,2023-02-03,2023-02-13,-0.0012061903149008,2023,2022-12-31,learned_vol_interaction,20260912,0.48449097695552545,0.48449097695552545,0,0
quarter_trend2_validated,2922,2023-02-10,2023-02-20,-0.0143746584432821,2023,2022-12-31,learned_vol_interaction,20260912,0.24568395555451436,0.24568395555451436,0,0
quarter_volatility2_validated,2922,2023-02-10,2023-02-20,-0.0143746584432821,2023,2022-12-31,learned_vol_interaction,20260912,0.24568395555451436,0.24568395555451436,0,0
quarter_trend2_validated,2927,2023-02-17,2023-02-27,0.0001237636016198,2023,2022-12-31,learned_vol_interaction,20260912,0.4043340500782045,0.4043340500782045,0,1
quarter_volatility2_validated,2927,2023-02-17,2023-02-27,0.0001237636016198,2023,2022-12-31,learned_vol_interaction,20260912,0.4043340500782045,0.4043340500782045,0,1
quarter_trend2_validated,2932,2023-02-24,2023-03-06,0.0224454641303217,2023,2022-12-31,learned_vol_interaction,20260912,0.7237644100552868,0.7237644100552868,1,1
quarter_volatility2_validated,2932,2023-02-24,2023-03-06,0.0224454641303217,2023,2022-12-31,learned_vol_interaction,20260912,0.7237644100552868,0.7237644100552868,1,1
quarter_trend2_validated,2937,2023-03-03,2023-03-13,-0.0407900947678007,2023,2022-12-31,learned_vol_interaction,20260912,0.5909800662310533,0.5909800662310533,1,0
quarter_volatility2_validated,2937,2023-03-03,2023-03-13,-0.0407900947678007,2023,2022-12-31,learned_vol_interaction,20260912,0.5909800662310533,0.5909800662310533,1,0
quarter_trend2_validated,2942,2023-03-10,2023-03-20,5.0471402903706775e-06,2023,2022-12-31,learned_vol_interaction,20260912,0.42073806711796297,0.42073806711796297,0,1
quarter_volatility2_validated,2942,2023-03-10,2023-03-20,5.0471402903706775e-06,2023,2022-12-31,learned_vol_interaction,20260912,0.42073806711796297,0.42073806711796297,0,1
quarter_trend2_validated,2947,2023-03-17,2023-03-27,0.015302852124583,2023,2022-12-31,learned_vol_interaction,20260912,0.29115877511006416,0.29115877511006416,0,1
quarter_volatility2_validated,2947,2023-03-17,2023-03-27,0.015302852124583,2023,2022-12-31,learned_vol_interaction,20260912,0.29115877511006416,0.29115877511006416,0,1
quarter_trend2_validated,2952,2023-03-24,2023-04-03,0.0090274153058433,2023,2022-12-31,learned_vol_interaction,20260912,0.5529999746105244,0.5529999746105244,1,1
quarter_volatility2_validated,2952,2023-03-24,2023-04-03,0.0090274153058433,2023,2022-12-31,learned_vol_interaction,20260912,0.5529999746105244,0.5529999746105244,1,1
quarter_trend2_validated,2957,2023-03-31,2023-04-10,0.0178317182396383,2023,2022-12-31,learned_vol_interaction,20260912,0.632100803954458,0.632100803954458,1,1
quarter_volatility2_validated,2957,2023-03-31,2023-04-10,0.0178317182396383,2023,2022-12-31,learned_vol_interaction,20260912,0.632100803954458,0.632100803954458,1,1
quarter_trend2_validated,2961,2023-04-07,2023-04-17,-0.0101500238382772,2023,2023-03-31,learned_vol_interaction,20260912,0.6574524863442807,0.6574524863442807,1,0
quarter_volatility2_validated,2961,2023-04-07,2023-04-17,-0.0101500238382772,2023,2023-03-31,learned_vol_interaction,20260912,0.6574524863442807,0.6574524863442807,1,0
quarter_trend2_validated,2966,2023-04-14,2023-04-24,-0.014368947230732,2023,2023-03-31,learned_vol_interaction,20260912,0.37636812323839336,0.37636812323839336,0,0
quarter_volatility2_validated,2966,2023-04-14,2023-04-24,-0.014368947230732,2023,2023-03-31,learned_vol_interaction,20260912,0.37636812323839336,0.37636812323839336,0,0
quarter_trend2_validated,2971,2023-04-21,2023-05-04,-0.0044228908788729,2023,2023-03-31,learned_vol_interaction,20260912,0.32843574732408615,0.32843574732408615,0,0
quarter_volatility2_validated,2971,2023-04-21,2023-05-04,-0.0044228908788729,2023,2023-03-31,learned_vol_interaction,20260912,0.32843574732408615,0.32843574732408615,0,0
quarter_trend2_validated,2976,2023-04-28,2023-05-10,0.0036477163153083,2023,2023-03-31,learned_vol_interaction,20260912,0.47644399303156704,0.47644399303156704,0,1
quarter_volatility2_validated,2976,2023-04-28,2023-05-10,0.0036477163153083,2023,2023-03-31,learned_vol_interaction,20260912,0.47644399303156704,0.47644399303156704,0,1
quarter_trend2_validated,2978,2023-05-05,2023-05-15,-0.0221642407977935,2023,2023-03-31,learned_vol_interaction,20260912,0.30788719174740625,0.30788719174740625,0,0
quarter_volatility2_validated,2978,2023-05-05,2023-05-15,-0.0221642407977935,2023,2023-03-31,learned_vol_interaction,20260912,0.30788719174740625,0.30788719174740625,0,0
quarter_trend2_validated,2983,2023-05-12,2023-05-22,0.0005509250208819,2023,2023-03-31,learned_vol_interaction,20260912,0.42598051823633404,0.42598051823633404,0,1
quarter_volatility2_validated,2983,2023-05-12,2023-05-22,0.0005509250208819,2023,2023-03-31,learned_vol_interaction,20260912,0.42598051823633404,0.42598051823633404,0,1
quarter_trend2_validated,2988,2023-05-19,2023-05-29,-0.0200253742704897,2023,2023-03-31,learned_vol_interaction,20260912,0.6767118241469199,0.6767118241469199,1,0
quarter_volatility2_validated,2988,2023-05-19,2023-05-29,-0.0200253742704897,2023,2023-03-31,learned_vol_interaction,20260912,0.6767118241469199,0.6767118241469199,1,0
quarter_trend2_validated,2993,2023-05-26,2023-06-05,-0.0003935703040848,2023,2023-03-31,learned_vol_interaction,20260912,0.4883023609978598,0.4883023609978598,0,0
quarter_volatility2_validated,2993,2023-05-26,2023-06-05,-0.0003935703040848,2023,2023-03-31,learned_vol_interaction,20260912,0.4883023609978598,0.4883023609978598,0,0
quarter_trend2_validated,2998,2023-06-02,2023-06-12,-0.0086075595250429,2023,2023-03-31,learned_vol_interaction,20260912,0.3935432366359235,0.3935432366359235,0,0
quarter_volatility2_validated,2998,2023-06-02,2023-06-12,-0.0086075595250429,2023,2023-03-31,learned_vol_interaction,20260912,0.3935432366359235,0.3935432366359235,0,0
quarter_trend2_validated,3003,2023-06-09,2023-06-19,0.0338878539347273,2023,2023-03-31,learned_vol_interaction,20260912,0.27933481732197507,0.27933481732197507,0,1
quarter_volatility2_validated,3003,2023-06-09,2023-06-19,0.0338878539347273,2023,2023-03-31,learned_vol_interaction,20260912,0.27933481732197507,0.27933481732197507,0,1
quarter_trend2_validated,3008,2023-06-16,2023-07-03,-0.026216632171098,2023,2023-03-31,learned_vol_interaction,20260912,0.29070233426464753,0.29070233426464753,0,0
quarter_volatility2_validated,3008,2023-06-16,2023-07-03,-0.026216632171098,2023,2023-03-31,learned_vol_interaction,20260912,0.29070233426464753,0.29070233426464753,0,0
quarter_trend2_validated,3016,2023-06-30,2023-07-10,-0.0030441518806006,2023,2023-03-31,learned_vol_interaction,20260912,0.6177370664994124,0.6177370664994124,1,0
quarter_volatility2_validated,3016,2023-06-30,2023-07-10,-0.0030441518806006,2023,2023-03-31,learned_vol_interaction,20260912,0.6177370664994124,0.6177370664994124,1,0
quarter_trend2_validated,3021,2023-07-07,2023-07-17,0.0104280552692135,2023,2023-06-30,learned_vol_interaction,20260912,0.5275434094167727,0.5275434094167727,1,1
quarter_volatility2_validated,3021,2023-07-07,2023-07-17,0.0104280552692135,2023,2023-06-30,learned_vol_interaction,20260912,0.5594291110807199,0.5594291110807199,1,1
quarter_trend2_validated,3026,2023-07-14,2023-07-24,-0.0201642613135752,2023,2023-06-30,learned_vol_interaction,20260912,0.6388504735449988,0.6388504735449988,1,0
quarter_volatility2_validated,3026,2023-07-14,2023-07-24,-0.0201642613135752,2023,2023-06-30,learned_vol_interaction,20260912,0.6679523881039575,0.6679523881039575,1,0
quarter_trend2_validated,3031,2023-07-21,2023-07-31,0.0566710925894278,2023,2023-06-30,learned_vol_interaction,20260912,0.16764308061884606,0.16764308061884606,0,1
quarter_volatility2_validated,3031,2023-07-21,2023-07-31,0.0566710925894278,2023,2023-06-30,learned_vol_interaction,20260912,0.18635602070763757,0.18635602070763757,0,1
quarter_trend2_validated,3036,2023-07-28,2023-08-07,-0.0039612927947766,2023,2023-06-30,learned_vol_interaction,20260912,0.5158422339720599,0.5158422339720599,1,0
quarter_volatility2_validated,3036,2023-07-28,2023-08-07,-0.0039612927947766,2023,2023-06-30,learned_vol_interaction,20260912,0.5478407814968878,0.5478407814968878,1,0
quarter_trend2_validated,3041,2023-08-04,2023-08-14,-0.0404899362223548,2023,2023-06-30,learned_vol_interaction,20260912,0.7033947900566206,0.7033947900566206,1,0
quarter_volatility2_validated,3041,2023-08-04,2023-08-14,-0.0404899362223548,2023,2023-06-30,learned_vol_interaction,20260912,0.7033947900566206,0.7033947900566206,1,0
quarter_trend2_validated,3046,2023-08-11,2023-08-21,-0.0176157088591445,2023,2023-06-30,learned_vol_interaction,20260912,0.8129647716684814,0.8129647716684814,1,0
quarter_volatility2_validated,3046,2023-08-11,2023-08-21,-0.0176157088591445,2023,2023-06-30,learned_vol_interaction,20260912,0.8317318095324455,0.8317318095324455,1,0
quarter_trend2_validated,3051,2023-08-18,2023-08-28,0.0366582477081969,2023,2023-06-30,learned_vol_interaction,20260912,0.39376712152521737,0.39376712152521737,0,1
quarter_volatility2_validated,3051,2023-08-18,2023-08-28,0.0366582477081969,2023,2023-06-30,learned_vol_interaction,20260912,0.42483786987653466,0.42483786987653466,0,1
quarter_trend2_validated,3056,2023-08-25,2023-09-04,-0.025197172476384,2023,2023-06-30,learned_vol_interaction,20260912,0.32183737646980537,0.32183737646980537,0,0
quarter_volatility2_validated,3056,2023-08-25,2023-09-04,-0.025197172476384,2023,2023-06-30,learned_vol_interaction,20260912,0.3505140150291582,0.3505140150291582,0,0
quarter_trend2_validated,3061,2023-09-01,2023-09-11,-0.0189903461587886,2023,2023-06-30,learned_vol_interaction,20260912,0.18874661788961722,0.18874661788961722,0,0
quarter_volatility2_validated,3061,2023-09-01,2023-09-11,-0.0189903461587886,2023,2023-06-30,learned_vol_interaction,20260912,0.18874661788961722,0.18874661788961722,0,0
quarter_trend2_validated,3066,2023-09-08,2023-09-18,-0.0111346368744954,2023,2023-06-30,learned_vol_interaction,20260912,0.48855182132867625,0.48855182132867625,0,0
quarter_volatility2_validated,3066,2023-09-08,2023-09-18,-0.0111346368744954,2023,2023-06-30,learned_vol_interaction,20260912,0.5206780629644419,0.5206780629644419,1,0
quarter_trend2_validated,3071,2023-09-15,2023-09-25,0.0105787349314532,2023,2023-06-30,learned_vol_interaction,20260912,0.38044022944638994,0.38044022944638994,0,1
quarter_volatility2_validated,3071,2023-09-15,2023-09-25,0.0105787349314532,2023,2023-06-30,learned_vol_interaction,20260912,0.41117262447742026,0.41117262447742026,0,1
quarter_trend2_validated,3076,2023-09-22,2023-10-16,-0.0198017153282719,2023,2023-06-30,learned_vol_interaction,20260912,0.3588110456456926,0.3588110456456926,0,0
quarter_volatility2_validated,3076,2023-09-22,2023-10-16,-0.0198017153282719,2023,2023-06-30,learned_vol_interaction,20260912,0.38889293355827786,0.38889293355827786,0,0
quarter_trend2_validated,3085,2023-10-13,2023-10-23,-0.0447156690429144,2023,2023-09-30,learned_vol_interaction,20260912,0.37765626492281773,0.37765626492281773,0,0
quarter_volatility2_validated,3085,2023-10-13,2023-10-23,-0.0447156690429144,2023,2023-09-30,learned_vol_interaction,20260912,0.37264177566906487,0.37264177566906487,0,0
quarter_trend2_validated,3090,2023-10-20,2023-10-30,0.0154019770298841,2023,2023-09-30,learned_vol_interaction,20260912,0.4107848732978463,0.4107848732978463,0,1
quarter_volatility2_validated,3090,2023-10-20,2023-10-30,0.0154019770298841,2023,2023-09-30,learned_vol_interaction,20260912,0.40561719949198977,0.40561719949198977,0,1
quarter_trend2_validated,3095,2023-10-27,2023-11-06,0.0152527637017425,2023,2023-09-30,learned_vol_interaction,20260912,0.8270026268434054,0.8270026268434054,1,1
quarter_volatility2_validated,3095,2023-10-27,2023-11-06,0.0152527637017425,2023,2023-09-30,learned_vol_interaction,20260912,0.8239206474020174,0.8239206474020174,1,1
quarter_trend2_validated,3100,2023-11-03,2023-11-13,-0.0039935482440582,2023,2023-09-30,learned_vol_interaction,20260912,0.3164085265831693,0.3164085265831693,0,0
quarter_volatility2_validated,3100,2023-11-03,2023-11-13,-0.0039935482440582,2023,2023-09-30,learned_vol_interaction,20260912,0.3117998379851754,0.3117998379851754,0,0
quarter_trend2_validated,3105,2023-11-10,2023-11-20,-0.0067280482816765,2023,2023-09-30,learned_vol_interaction,20260912,0.286303677867891,0.286303677867891,0,0
quarter_volatility2_validated,3105,2023-11-10,2023-11-20,-0.0067280482816765,2023,2023-09-30,learned_vol_interaction,20260912,0.2819526241810401,0.2819526241810401,0,0
quarter_trend2_validated,3110,2023-11-17,2023-11-27,-0.0098859017348651,2023,2023-09-30,learned_vol_interaction,20260912,0.1888856126645934,0.1888856126645934,0,0
quarter_volatility2_validated,3110,2023-11-17,2023-11-27,-0.0098859017348651,2023,2023-09-30,learned_vol_interaction,20260912,0.18562998244725523,0.18562998244725523,0,0
quarter_trend2_validated,3115,2023-11-24,2023-12-04,-0.0151084754586299,2023,2023-09-30,learned_vol_interaction,20260912,0.5550810362881851,0.5550810362881851,1,0
quarter_volatility2_validated,3115,2023-11-24,2023-12-04,-0.0151084754586299,2023,2023-09-30,learned_vol_interaction,20260912,0.5497919079785216,0.5497919079785216,1,0
quarter_trend2_validated,3120,2023-12-01,2023-12-11,-0.0295859857973478,2023,2023-09-30,learned_vol_interaction,20260912,0.28955804647703787,0.28955804647703787,0,0
quarter_volatility2_validated,3120,2023-12-01,2023-12-11,-0.0295859857973478,2023,2023-09-30,learned_vol_interaction,20260912,0.28517729727211893,0.28517729727211893,0,0
quarter_trend2_validated,3125,2023-12-08,2023-12-18,-0.0144639658974852,2023,2023-09-30,learned_vol_interaction,20260912,0.37077596050615497,0.37077596050615497,0,0
quarter_volatility2_validated,3125,2023-12-08,2023-12-18,-0.0144639658974852,2023,2023-09-30,learned_vol_interaction,20260912,0.365799130377725,0.365799130377725,0,0
quarter_trend2_validated,3130,2023-12-15,2023-12-25,0.0003424256350643,2023,2023-09-30,learned_vol_interaction,20260912,0.4205112112652318,0.4205112112652318,0,1
quarter_volatility2_validated,3130,2023-12-15,2023-12-25,0.0003424256350643,2023,2023-09-30,learned_vol_interaction,20260912,0.4153074235139613,0.4153074235139613,0,1
quarter_trend2_validated,3135,2023-12-22,2024-01-02,0.0288079559683274,2023,2023-09-30,learned_vol_interaction,20260912,0.29496758850593335,0.29496758850593335,0,1
quarter_volatility2_validated,3135,2023-12-22,2024-01-02,0.0288079559683274,2023,2023-09-30,learned_vol_interaction,20260912,0.2905384672911505,0.2905384672911505,0,1
quarter_trend2_validated,3140,2023-12-29,2024-01-08,-0.0302544749829989,2023,2023-09-30,learned_vol_interaction,20260912,0.2517936873220829,0.2517936873220829,0,0
quarter_volatility2_validated,3140,2023-12-29,2024-01-08,-0.0302544749829989,2023,2023-09-30,learned_vol_interaction,20260912,0.24778500872003276,0.24778500872003276,0,0
quarter_trend2_validated,2902,2023-01-06,2023-01-16,0.0198447929614133,2023,2022-12-31,learned_order_extension,20260912,0.3320870087441045,0.3320870087441045,0,1
quarter_volatility2_validated,2902,2023-01-06,2023-01-16,0.0198447929614133,2023,2022-12-31,learned_order_extension,20260912,0.3320870087441045,0.3320870087441045,0,1
quarter_trend2_validated,2907,2023-01-13,2023-01-30,0.0465290788350809,2023,2022-12-31,learned_order_extension,20260912,0.27988954900977053,0.27988954900977053,0,1
quarter_volatility2_validated,2907,2023-01-13,2023-01-30,0.0465290788350809,2023,2022-12-31,learned_order_extension,20260912,0.27988954900977053,0.27988954900977053,0,1
quarter_trend2_validated,2912,2023-01-20,2023-02-06,-0.0383797057844887,2023,2022-12-31,learned_order_extension,20260912,0.6620064456911843,0.6620064456911843,1,0
quarter_volatility2_validated,2912,2023-01-20,2023-02-06,-0.0383797057844887,2023,2022-12-31,learned_order_extension,20260912,0.6620064456911843,0.6620064456911843,1,0
quarter_trend2_validated,2917,2023-02-03,2023-02-13,-0.0012061903149008,2023,2022-12-31,learned_order_extension,20260912,0.47399209037220413,0.47399209037220413,0,0
quarter_volatility2_validated,2917,2023-02-03,2023-02-13,-0.0012061903149008,2023,2022-12-31,learned_order_extension,20260912,0.47399209037220413,0.47399209037220413,0,0
quarter_trend2_validated,2922,2023-02-10,2023-02-20,-0.0143746584432821,2023,2022-12-31,learned_order_extension,20260912,0.24616016767148868,0.24616016767148868,0,0
quarter_volatility2_validated,2922,2023-02-10,2023-02-20,-0.0143746584432821,2023,2022-12-31,learned_order_extension,20260912,0.24616016767148868,0.24616016767148868,0,0
quarter_trend2_validated,2927,2023-02-17,2023-02-27,0.0001237636016198,2023,2022-12-31,learned_order_extension,20260912,0.39614793530843245,0.39614793530843245,0,1
quarter_volatility2_validated,2927,2023-02-17,2023-02-27,0.0001237636016198,2023,2022-12-31,learned_order_extension,20260912,0.39614793530843245,0.39614793530843245,0,1
quarter_trend2_validated,2932,2023-02-24,2023-03-06,0.0224454641303217,2023,2022-12-31,learned_order_extension,20260912,0.7129289281429624,0.7129289281429624,1,1
quarter_volatility2_validated,2932,2023-02-24,2023-03-06,0.0224454641303217,2023,2022-12-31,learned_order_extension,20260912,0.7129289281429624,0.7129289281429624,1,1
quarter_trend2_validated,2937,2023-03-03,2023-03-13,-0.0407900947678007,2023,2022-12-31,learned_order_extension,20260912,0.5872179709776264,0.5872179709776264,1,0
quarter_volatility2_validated,2937,2023-03-03,2023-03-13,-0.0407900947678007,2023,2022-12-31,learned_order_extension,20260912,0.5872179709776264,0.5872179709776264,1,0
quarter_trend2_validated,2942,2023-03-10,2023-03-20,5.0471402903706775e-06,2023,2022-12-31,learned_order_extension,20260912,0.45917963346836393,0.45917963346836393,0,1
quarter_volatility2_validated,2942,2023-03-10,2023-03-20,5.0471402903706775e-06,2023,2022-12-31,learned_order_extension,20260912,0.45917963346836393,0.45917963346836393,0,1
quarter_trend2_validated,2947,2023-03-17,2023-03-27,0.015302852124583,2023,2022-12-31,learned_order_extension,20260912,0.3321757909492291,0.3321757909492291,0,1
quarter_volatility2_validated,2947,2023-03-17,2023-03-27,0.015302852124583,2023,2022-12-31,learned_order_extension,20260912,0.3321757909492291,0.3321757909492291,0,1
quarter_trend2_validated,2952,2023-03-24,2023-04-03,0.0090274153058433,2023,2022-12-31,learned_order_extension,20260912,0.5428268381901444,0.5428268381901444,1,1
quarter_volatility2_validated,2952,2023-03-24,2023-04-03,0.0090274153058433,2023,2022-12-31,learned_order_extension,20260912,0.5428268381901444,0.5428268381901444,1,1
quarter_trend2_validated,2957,2023-03-31,2023-04-10,0.0178317182396383,2023,2022-12-31,learned_order_extension,20260912,0.5750765947333518,0.5750765947333518,1,1
quarter_volatility2_validated,2957,2023-03-31,2023-04-10,0.0178317182396383,2023,2022-12-31,learned_order_extension,20260912,0.5750765947333518,0.5750765947333518,1,1
quarter_trend2_validated,2961,2023-04-07,2023-04-17,-0.0101500238382772,2023,2023-03-31,learned_order_extension,20260912,0.637499787070465,0.637499787070465,1,0
quarter_volatility2_validated,2961,2023-04-07,2023-04-17,-0.0101500238382772,2023,2023-03-31,learned_order_extension,20260912,0.637499787070465,0.637499787070465,1,0
quarter_trend2_validated,2966,2023-04-14,2023-04-24,-0.014368947230732,2023,2023-03-31,learned_order_extension,20260912,0.39981071424461395,0.39981071424461395,0,0
quarter_volatility2_validated,2966,2023-04-14,2023-04-24,-0.014368947230732,2023,2023-03-31,learned_order_extension,20260912,0.39981071424461395,0.39981071424461395,0,0
quarter_trend2_validated,2971,2023-04-21,2023-05-04,-0.0044228908788729,2023,2023-03-31,learned_order_extension,20260912,0.3696006256220921,0.3696006256220921,0,0
quarter_volatility2_validated,2971,2023-04-21,2023-05-04,-0.0044228908788729,2023,2023-03-31,learned_order_extension,20260912,0.3696006256220921,0.3696006256220921,0,0
quarter_trend2_validated,2976,2023-04-28,2023-05-10,0.0036477163153083,2023,2023-03-31,learned_order_extension,20260912,0.4688564801514378,0.4688564801514378,0,1
quarter_volatility2_validated,2976,2023-04-28,2023-05-10,0.0036477163153083,2023,2023-03-31,learned_order_extension,20260912,0.4688564801514378,0.4688564801514378,0,1
quarter_trend2_validated,2978,2023-05-05,2023-05-15,-0.0221642407977935,2023,2023-03-31,learned_order_extension,20260912,0.35316398446807334,0.35316398446807334,0,0
quarter_volatility2_validated,2978,2023-05-05,2023-05-15,-0.0221642407977935,2023,2023-03-31,learned_order_extension,20260912,0.35316398446807334,0.35316398446807334,0,0
quarter_trend2_validated,2983,2023-05-12,2023-05-22,0.0005509250208819,2023,2023-03-31,learned_order_extension,20260912,0.4594935783345266,0.4594935783345266,0,1
quarter_volatility2_validated,2983,2023-05-12,2023-05-22,0.0005509250208819,2023,2023-03-31,learned_order_extension,20260912,0.4594935783345266,0.4594935783345266,0,1
quarter_trend2_validated,2988,2023-05-19,2023-05-29,-0.0200253742704897,2023,2023-03-31,learned_order_extension,20260912,0.5613551046736279,0.5613551046736279,1,0
quarter_volatility2_validated,2988,2023-05-19,2023-05-29,-0.0200253742704897,2023,2023-03-31,learned_order_extension,20260912,0.5613551046736279,0.5613551046736279,1,0
quarter_trend2_validated,2993,2023-05-26,2023-06-05,-0.0003935703040848,2023,2023-03-31,learned_order_extension,20260912,0.4825311640837267,0.4825311640837267,0,0
quarter_volatility2_validated,2993,2023-05-26,2023-06-05,-0.0003935703040848,2023,2023-03-31,learned_order_extension,20260912,0.4825311640837267,0.4825311640837267,0,0
quarter_trend2_validated,2998,2023-06-02,2023-06-12,-0.0086075595250429,2023,2023-03-31,learned_order_extension,20260912,0.43993698612115767,0.43993698612115767,0,0
quarter_volatility2_validated,2998,2023-06-02,2023-06-12,-0.0086075595250429,2023,2023-03-31,learned_order_extension,20260912,0.43993698612115767,0.43993698612115767,0,0
quarter_trend2_validated,3003,2023-06-09,2023-06-19,0.0338878539347273,2023,2023-03-31,learned_order_extension,20260912,0.35568367267039286,0.35568367267039286,0,1
quarter_volatility2_validated,3003,2023-06-09,2023-06-19,0.0338878539347273,2023,2023-03-31,learned_order_extension,20260912,0.35568367267039286,0.35568367267039286,0,1
quarter_trend2_validated,3008,2023-06-16,2023-07-03,-0.026216632171098,2023,2023-03-31,learned_order_extension,20260912,0.39069608421932794,0.39069608421932794,0,0
quarter_volatility2_validated,3008,2023-06-16,2023-07-03,-0.026216632171098,2023,2023-03-31,learned_order_extension,20260912,0.39069608421932794,0.39069608421932794,0,0
quarter_trend2_validated,3016,2023-06-30,2023-07-10,-0.0030441518806006,2023,2023-03-31,learned_order_extension,20260912,0.5677359269311923,0.5677359269311923,1,0
quarter_volatility2_validated,3016,2023-06-30,2023-07-10,-0.0030441518806006,2023,2023-03-31,learned_order_extension,20260912,0.5677359269311923,0.5677359269311923,1,0
quarter_trend2_validated,3021,2023-07-07,2023-07-17,0.0104280552692135,2023,2023-06-30,learned_order_extension,20260912,0.5157849905022505,0.5157849905022505,1,1
quarter_volatility2_validated,3021,2023-07-07,2023-07-17,0.0104280552692135,2023,2023-06-30,learned_order_extension,20260912,0.5454708742834323,0.5454708742834323,1,1
quarter_trend2_validated,3026,2023-07-14,2023-07-24,-0.0201642613135752,2023,2023-06-30,learned_order_extension,20260912,0.5537035961527205,0.5537035961527205,1,0
quarter_volatility2_validated,3026,2023-07-14,2023-07-24,-0.0201642613135752,2023,2023-06-30,learned_order_extension,20260912,0.5829444980994714,0.5829444980994714,1,0
quarter_trend2_validated,3031,2023-07-21,2023-07-31,0.0566710925894278,2023,2023-06-30,learned_order_extension,20260912,0.25046682795103864,0.25046682795103864,0,1
quarter_volatility2_validated,3031,2023-07-21,2023-07-31,0.0566710925894278,2023,2023-06-30,learned_order_extension,20260912,0.2735077969075347,0.2735077969075347,0,1
quarter_trend2_validated,3036,2023-07-28,2023-08-07,-0.0039612927947766,2023,2023-06-30,learned_order_extension,20260912,0.4982754999514319,0.4982754999514319,0,0
quarter_volatility2_validated,3036,2023-07-28,2023-08-07,-0.0039612927947766,2023,2023-06-30,learned_order_extension,20260912,0.5280526191390094,0.5280526191390094,1,0
quarter_trend2_validated,3041,2023-08-04,2023-08-14,-0.0404899362223548,2023,2023-06-30,learned_order_extension,20260912,0.6473763569680311,0.6473763569680311,1,0
quarter_volatility2_validated,3041,2023-08-04,2023-08-14,-0.0404899362223548,2023,2023-06-30,learned_order_extension,20260912,0.6473763569680311,0.6473763569680311,1,0
quarter_trend2_validated,3046,2023-08-11,2023-08-21,-0.0176157088591445,2023,2023-06-30,learned_order_extension,20260912,0.7337737787915045,0.7337737787915045,1,0
quarter_volatility2_validated,3046,2023-08-11,2023-08-21,-0.0176157088591445,2023,2023-06-30,learned_order_extension,20260912,0.7564070090465949,0.7564070090465949,1,0
quarter_trend2_validated,3051,2023-08-18,2023-08-28,0.0366582477081969,2023,2023-06-30,learned_order_extension,20260912,0.3976276735763384,0.3976276735763384,0,1
quarter_volatility2_validated,3051,2023-08-18,2023-08-28,0.0366582477081969,2023,2023-06-30,learned_order_extension,20260912,0.4265030263110565,0.4265030263110565,0,1
quarter_trend2_validated,3056,2023-08-25,2023-09-04,-0.025197172476384,2023,2023-06-30,learned_order_extension,20260912,0.3462544283240727,0.3462544283240727,0,0
quarter_volatility2_validated,3056,2023-08-25,2023-09-04,-0.025197172476384,2023,2023-06-30,learned_order_extension,20260912,0.3737136272862438,0.3737136272862438,0,0
quarter_trend2_validated,3061,2023-09-01,2023-09-11,-0.0189903461587886,2023,2023-06-30,learned_order_extension,20260912,0.2333986657354188,0.2333986657354188,0,0
quarter_volatility2_validated,3061,2023-09-01,2023-09-11,-0.0189903461587886,2023,2023-06-30,learned_order_extension,20260912,0.2333986657354188,0.2333986657354188,0,0
quarter_trend2_validated,3066,2023-09-08,2023-09-18,-0.0111346368744954,2023,2023-06-30,learned_order_extension,20260912,0.4552419272652828,0.4552419272652828,0,0
quarter_volatility2_validated,3066,2023-09-08,2023-09-18,-0.0111346368744954,2023,2023-06-30,learned_order_extension,20260912,0.4849329777395086,0.4849329777395086,0,0
quarter_trend2_validated,3071,2023-09-15,2023-09-25,0.0105787349314532,2023,2023-06-30,learned_order_extension,20260912,0.38461121935817594,0.38461121935817594,0,1
quarter_volatility2_validated,3071,2023-09-15,2023-09-25,0.0105787349314532,2023,2023-06-30,learned_order_extension,20260912,0.41318970667133637,0.41318970667133637,0,1
quarter_trend2_validated,3076,2023-09-22,2023-10-16,-0.0198017153282719,2023,2023-06-30,learned_order_extension,20260912,0.38229841134557335,0.38229841134557335,0,0
quarter_volatility2_validated,3076,2023-09-22,2023-10-16,-0.0198017153282719,2023,2023-06-30,learned_order_extension,20260912,0.4108197709059615,0.4108197709059615,0,0
quarter_trend2_validated,3085,2023-10-13,2023-10-23,-0.0447156690429144,2023,2023-09-30,learned_order_extension,20260912,0.3845241703380171,0.3845241703380171,0,0
quarter_volatility2_validated,3085,2023-10-13,2023-10-23,-0.0447156690429144,2023,2023-09-30,learned_order_extension,20260912,0.37945708822522717,0.37945708822522717,0,0
quarter_trend2_validated,3090,2023-10-20,2023-10-30,0.0154019770298841,2023,2023-09-30,learned_order_extension,20260912,0.4271810091377473,0.4271810091377473,0,1
quarter_volatility2_validated,3090,2023-10-20,2023-10-30,0.0154019770298841,2023,2023-09-30,learned_order_extension,20260912,0.42193716877401816,0.42193716877401816,0,1
quarter_trend2_validated,3095,2023-10-27,2023-11-06,0.0152527637017425,2023,2023-09-30,learned_order_extension,20260912,0.7890472938378663,0.7890472938378663,1,1
quarter_volatility2_validated,3095,2023-10-27,2023-11-06,0.0152527637017425,2023,2023-09-30,learned_order_extension,20260912,0.7854523738601787,0.7854523738601787,1,1
quarter_trend2_validated,3100,2023-11-03,2023-11-13,-0.0039935482440582,2023,2023-09-30,learned_order_extension,20260912,0.35911343443799726,0.35911343443799726,0,0
quarter_volatility2_validated,3100,2023-11-03,2023-11-13,-0.0039935482440582,2023,2023-09-30,learned_order_extension,20260912,0.3541885062577364,0.3541885062577364,0,0
quarter_trend2_validated,3105,2023-11-10,2023-11-20,-0.0067280482816765,2023,2023-09-30,learned_order_extension,20260912,0.30623913873375386,0.30623913873375386,0,0
quarter_volatility2_validated,3105,2023-11-10,2023-11-20,-0.0067280482816765,2023,2023-09-30,learned_order_extension,20260912,0.3016979822154623,0.3016979822154623,0,0
quarter_trend2_validated,3110,2023-11-17,2023-11-27,-0.0098859017348651,2023,2023-09-30,learned_order_extension,20260912,0.23774531797301504,0.23774531797301504,0,0
quarter_volatility2_validated,3110,2023-11-17,2023-11-27,-0.0098859017348651,2023,2023-09-30,learned_order_extension,20260912,0.2338774405447358,0.2338774405447358,0,0
quarter_trend2_validated,3115,2023-11-24,2023-12-04,-0.0151084754586299,2023,2023-09-30,learned_order_extension,20260912,0.5312573580835969,0.5312573580835969,1,0
quarter_volatility2_validated,3115,2023-11-24,2023-12-04,-0.0151084754586299,2023,2023-09-30,learned_order_extension,20260912,0.5259088919868231,0.5259088919868231,1,0
quarter_trend2_validated,3120,2023-12-01,2023-12-11,-0.0295859857973478,2023,2023-09-30,learned_order_extension,20260912,0.3274415862874696,0.3274415862874696,0,0
quarter_volatility2_validated,3120,2023-12-01,2023-12-11,-0.0295859857973478,2023,2023-09-30,learned_order_extension,20260912,0.322732282684882,0.322732282684882,0,0
quarter_trend2_validated,3125,2023-12-08,2023-12-18,-0.0144639658974852,2023,2023-09-30,learned_order_extension,20260912,0.38145339197277517,0.38145339197277517,0,0
quarter_volatility2_validated,3125,2023-12-08,2023-12-18,-0.0144639658974852,2023,2023-09-30,learned_order_extension,20260912,0.37640202809418893,0.37640202809418893,0,0
quarter_trend2_validated,3130,2023-12-15,2023-12-25,0.0003424256350643,2023,2023-09-30,learned_order_extension,20260912,0.4443753504153163,0.4443753504153163,0,1
quarter_volatility2_validated,3130,2023-12-15,2023-12-25,0.0003424256350643,2023,2023-09-30,learned_order_extension,20260912,0.43908223166794635,0.43908223166794635,0,1
quarter_trend2_validated,3135,2023-12-22,2024-01-02,0.0288079559683274,2023,2023-09-30,learned_order_extension,20260912,0.31866125561355746,0.31866125561355746,0,1
quarter_volatility2_validated,3135,2023-12-22,2024-01-02,0.0288079559683274,2023,2023-09-30,learned_order_extension,20260912,0.3140192714194631,0.3140192714194631,0,1
quarter_trend2_validated,3140,2023-12-29,2024-01-08,-0.0302544749829989,2023,2023-09-30,learned_order_extension,20260912,0.306284164114001,0.306284164114001,0,0
quarter_volatility2_validated,3140,2023-12-29,2024-01-08,-0.0302544749829989,2023,2023-09-30,learned_order_extension,20260912,0.30174263031931364,0.30174263031931364,0,0
quarter_trend2_validated,2902,2023-01-06,2023-01-16,0.0198447929614133,2023,2022-12-31,learned_order_offset,20260912,0.33518639317613286,0.33518639317613286,0,1
quarter_volatility2_validated,2902,2023-01-06,2023-01-16,0.0198447929614133,2023,2022-12-31,learned_order_offset,20260912,0.33518639317613286,0.33518639317613286,0,1
quarter_trend2_validated,2907,2023-01-13,2023-01-30,0.0465290788350809,2023,2022-12-31,learned_order_offset,20260912,0.283926532884273,0.283926532884273,0,1
quarter_volatility2_validated,2907,2023-01-13,2023-01-30,0.0465290788350809,2023,2022-12-31,learned_order_offset,20260912,0.283926532884273,0.283926532884273,0,1
quarter_trend2_validated,2912,2023-01-20,2023-02-06,-0.0383797057844887,2023,2022-12-31,learned_order_offset,20260912,0.656265266213206,0.656265266213206,1,0
quarter_volatility2_validated,2912,2023-01-20,2023-02-06,-0.0383797057844887,2023,2022-12-31,learned_order_offset,20260912,0.656265266213206,0.656265266213206,1,0
quarter_trend2_validated,2917,2023-02-03,2023-02-13,-0.0012061903149008,2023,2022-12-31,learned_order_offset,20260912,0.47265762776020354,0.47265762776020354,0,0
quarter_volatility2_validated,2917,2023-02-03,2023-02-13,-0.0012061903149008,2023,2022-12-31,learned_order_offset,20260912,0.47265762776020354,0.47265762776020354,0,0
quarter_trend2_validated,2922,2023-02-10,2023-02-20,-0.0143746584432821,2023,2022-12-31,learned_order_offset,20260912,0.2502577591654617,0.2502577591654617,0,0
quarter_volatility2_validated,2922,2023-02-10,2023-02-20,-0.0143746584432821,2023,2022-12-31,learned_order_offset,20260912,0.2502577591654617,0.2502577591654617,0,0
quarter_trend2_validated,2927,2023-02-17,2023-02-27,0.0001237636016198,2023,2022-12-31,learned_order_offset,20260912,0.3981719184557722,0.3981719184557722,0,1
quarter_volatility2_validated,2927,2023-02-17,2023-02-27,0.0001237636016198,2023,2022-12-31,learned_order_offset,20260912,0.3981719184557722,0.3981719184557722,0,1
quarter_trend2_validated,2932,2023-02-24,2023-03-06,0.0224454641303217,2023,2022-12-31,learned_order_offset,20260912,0.7071114667508918,0.7071114667508918,1,1
quarter_volatility2_validated,2932,2023-02-24,2023-03-06,0.0224454641303217,2023,2022-12-31,learned_order_offset,20260912,0.7071114667508918,0.7071114667508918,1,1
quarter_trend2_validated,2937,2023-03-03,2023-03-13,-0.0407900947678007,2023,2022-12-31,learned_order_offset,20260912,0.5854544425200702,0.5854544425200702,1,0
quarter_volatility2_validated,2937,2023-03-03,2023-03-13,-0.0407900947678007,2023,2022-12-31,learned_order_offset,20260912,0.5854544425200702,0.5854544425200702,1,0
quarter_trend2_validated,2942,2023-03-10,2023-03-20,5.0471402903706775e-06,2023,2022-12-31,learned_order_offset,20260912,0.4623204109511431,0.4623204109511431,0,1
quarter_volatility2_validated,2942,2023-03-10,2023-03-20,5.0471402903706775e-06,2023,2022-12-31,learned_order_offset,20260912,0.4623204109511431,0.4623204109511431,0,1
quarter_trend2_validated,2947,2023-03-17,2023-03-27,0.015302852124583,2023,2022-12-31,learned_order_offset,20260912,0.339217920591994,0.339217920591994,0,1
quarter_volatility2_validated,2947,2023-03-17,2023-03-27,0.015302852124583,2023,2022-12-31,learned_order_offset,20260912,0.339217920591994,0.339217920591994,0,1
quarter_trend2_validated,2952,2023-03-24,2023-04-03,0.0090274153058433,2023,2022-12-31,learned_order_offset,20260912,0.5430909588293242,0.5430909588293242,1,1
quarter_volatility2_validated,2952,2023-03-24,2023-04-03,0.0090274153058433,2023,2022-12-31,learned_order_offset,20260912,0.5430909588293242,0.5430909588293242,1,1
quarter_trend2_validated,2957,2023-03-31,2023-04-10,0.0178317182396383,2023,2022-12-31,learned_order_offset,20260912,0.5725347377994414,0.5725347377994414,1,1
quarter_volatility2_validated,2957,2023-03-31,2023-04-10,0.0178317182396383,2023,2022-12-31,learned_order_offset,20260912,0.5725347377994414,0.5725347377994414,1,1
quarter_trend2_validated,2961,2023-04-07,2023-04-17,-0.0101500238382772,2023,2023-03-31,learned_order_offset,20260912,0.6359786222461823,0.6359786222461823,1,0
quarter_volatility2_validated,2961,2023-04-07,2023-04-17,-0.0101500238382772,2023,2023-03-31,learned_order_offset,20260912,0.6359786222461823,0.6359786222461823,1,0
quarter_trend2_validated,2966,2023-04-14,2023-04-24,-0.014368947230732,2023,2023-03-31,learned_order_offset,20260912,0.4040571614648592,0.4040571614648592,0,0
quarter_volatility2_validated,2966,2023-04-14,2023-04-24,-0.014368947230732,2023,2023-03-31,learned_order_offset,20260912,0.4040571614648592,0.4040571614648592,0,0
quarter_trend2_validated,2971,2023-04-21,2023-05-04,-0.0044228908788729,2023,2023-03-31,learned_order_offset,20260912,0.373753908234859,0.373753908234859,0,0
quarter_volatility2_validated,2971,2023-04-21,2023-05-04,-0.0044228908788729,2023,2023-03-31,learned_order_offset,20260912,0.373753908234859,0.373753908234859,0,0
quarter_trend2_validated,2976,2023-04-28,2023-05-10,0.0036477163153083,2023,2023-03-31,learned_order_offset,20260912,0.4682938791565345,0.4682938791565345,0,1
quarter_volatility2_validated,2976,2023-04-28,2023-05-10,0.0036477163153083,2023,2023-03-31,learned_order_offset,20260912,0.4682938791565345,0.4682938791565345,0,1
quarter_trend2_validated,2978,2023-05-05,2023-05-15,-0.0221642407977935,2023,2023-03-31,learned_order_offset,20260912,0.35468620955831676,0.35468620955831676,0,0
quarter_volatility2_validated,2978,2023-05-05,2023-05-15,-0.0221642407977935,2023,2023-03-31,learned_order_offset,20260912,0.35468620955831676,0.35468620955831676,0,0
quarter_trend2_validated,2983,2023-05-12,2023-05-22,0.0005509250208819,2023,2023-03-31,learned_order_offset,20260912,0.45944687309341087,0.45944687309341087,0,1
quarter_volatility2_validated,2983,2023-05-12,2023-05-22,0.0005509250208819,2023,2023-03-31,learned_order_offset,20260912,0.45944687309341087,0.45944687309341087,0,1
quarter_trend2_validated,2988,2023-05-19,2023-05-29,-0.0200253742704897,2023,2023-03-31,learned_order_offset,20260912,0.5528609060536627,0.5528609060536627,1,0
quarter_volatility2_validated,2988,2023-05-19,2023-05-29,-0.0200253742704897,2023,2023-03-31,learned_order_offset,20260912,0.5528609060536627,0.5528609060536627,1,0
quarter_trend2_validated,2993,2023-05-26,2023-06-05,-0.0003935703040848,2023,2023-03-31,learned_order_offset,20260912,0.48081388523345875,0.48081388523345875,0,0
quarter_volatility2_validated,2993,2023-05-26,2023-06-05,-0.0003935703040848,2023,2023-03-31,learned_order_offset,20260912,0.48081388523345875,0.48081388523345875,0,0
quarter_trend2_validated,2998,2023-06-02,2023-06-12,-0.0086075595250429,2023,2023-03-31,learned_order_offset,20260912,0.4462826688282708,0.4462826688282708,0,0
quarter_volatility2_validated,2998,2023-06-02,2023-06-12,-0.0086075595250429,2023,2023-03-31,learned_order_offset,20260912,0.4462826688282708,0.4462826688282708,0,0
quarter_trend2_validated,3003,2023-06-09,2023-06-19,0.0338878539347273,2023,2023-03-31,learned_order_offset,20260912,0.3657926874386867,0.3657926874386867,0,1
quarter_volatility2_validated,3003,2023-06-09,2023-06-19,0.0338878539347273,2023,2023-03-31,learned_order_offset,20260912,0.3657926874386867,0.3657926874386867,0,1
quarter_trend2_validated,3008,2023-06-16,2023-07-03,-0.026216632171098,2023,2023-03-31,learned_order_offset,20260912,0.3970710272316485,0.3970710272316485,0,0
quarter_volatility2_validated,3008,2023-06-16,2023-07-03,-0.026216632171098,2023,2023-03-31,learned_order_offset,20260912,0.3970710272316485,0.3970710272316485,0,0
quarter_trend2_validated,3016,2023-06-30,2023-07-10,-0.0030441518806006,2023,2023-03-31,learned_order_offset,20260912,0.5701260577969851,0.5701260577969851,1,0
quarter_volatility2_validated,3016,2023-06-30,2023-07-10,-0.0030441518806006,2023,2023-03-31,learned_order_offset,20260912,0.5701260577969851,0.5701260577969851,1,0
quarter_trend2_validated,3021,2023-07-07,2023-07-17,0.0104280552692135,2023,2023-06-30,learned_order_offset,20260912,0.519282759511543,0.519282759511543,1,1
quarter_volatility2_validated,3021,2023-07-07,2023-07-17,0.0104280552692135,2023,2023-06-30,learned_order_offset,20260912,0.5489589265996276,0.5489589265996276,1,1
quarter_trend2_validated,3026,2023-07-14,2023-07-24,-0.0201642613135752,2023,2023-06-30,learned_order_offset,20260912,0.5531897721664684,0.5531897721664684,1,0
quarter_volatility2_validated,3026,2023-07-14,2023-07-24,-0.0201642613135752,2023,2023-06-30,learned_order_offset,20260912,0.5824558395211001,0.5824558395211001,1,0
quarter_trend2_validated,3031,2023-07-21,2023-07-31,0.0566710925894278,2023,2023-06-30,learned_order_offset,20260912,0.25648776258587674,0.25648776258587674,0,1
quarter_volatility2_validated,3031,2023-07-21,2023-07-31,0.0566710925894278,2023,2023-06-30,learned_order_offset,20260912,0.27988978715458734,0.27988978715458734,0,1
quarter_trend2_validated,3036,2023-07-28,2023-08-07,-0.0039612927947766,2023,2023-06-30,learned_order_offset,20260912,0.49861479799331837,0.49861479799331837,0,0
quarter_volatility2_validated,3036,2023-07-28,2023-08-07,-0.0039612927947766,2023,2023-06-30,learned_order_offset,20260912,0.5284081434359106,0.5284081434359106,1,0
quarter_trend2_validated,3041,2023-08-04,2023-08-14,-0.0404899362223548,2023,2023-06-30,learned_order_offset,20260912,0.6464705079150657,0.6464705079150657,1,0
quarter_volatility2_validated,3041,2023-08-04,2023-08-14,-0.0404899362223548,2023,2023-06-30,learned_order_offset,20260912,0.6464705079150657,0.6464705079150657,1,0
quarter_trend2_validated,3046,2023-08-11,2023-08-21,-0.0176157088591445,2023,2023-06-30,learned_order_offset,20260912,0.7267466016246247,0.7267466016246247,1,0
quarter_volatility2_validated,3046,2023-08-11,2023-08-21,-0.0176157088591445,2023,2023-06-30,learned_order_offset,20260912,0.7497865485741146,0.7497865485741146,1,0
quarter_trend2_validated,3051,2023-08-18,2023-08-28,0.0366582477081969,2023,2023-06-30,learned_order_offset,20260912,0.39636327890746814,0.39636327890746814,0,1
quarter_volatility2_validated,3051,2023-08-18,2023-08-28,0.0366582477081969,2023,2023-06-30,learned_order_offset,20260912,0.42522859880571334,0.42522859880571334,0,1
quarter_trend2_validated,3056,2023-08-25,2023-09-04,-0.025197172476384,2023,2023-06-30,learned_order_offset,20260912,0.347103861912908,0.347103861912908,0,0
quarter_volatility2_validated,3056,2023-08-25,2023-09-04,-0.025197172476384,2023,2023-06-30,learned_order_offset,20260912,0.37460809335848105,0.37460809335848105,0,0
quarter_trend2_validated,3061,2023-09-01,2023-09-11,-0.0189903461587886,2023,2023-06-30,learned_order_offset,20260912,0.23706180643728625,0.23706180643728625,0,0
quarter_volatility2_validated,3061,2023-09-01,2023-09-11,-0.0189903461587886,2023,2023-06-30,learned_order_offset,20260912,0.23706180643728625,0.23706180643728625,0,0
quarter_trend2_validated,3066,2023-09-08,2023-09-18,-0.0111346368744954,2023,2023-06-30,learned_order_offset,20260912,0.45316679193657816,0.45316679193657816,0,0
quarter_volatility2_validated,3066,2023-09-08,2023-09-18,-0.0111346368744954,2023,2023-06-30,learned_order_offset,20260912,0.48285979946132007,0.48285979946132007,0,0
quarter_trend2_validated,3071,2023-09-15,2023-09-25,0.0105787349314532,2023,2023-06-30,learned_order_offset,20260912,0.3870840430114401,0.3870840430114401,0,1
quarter_volatility2_validated,3071,2023-09-15,2023-09-25,0.0105787349314532,2023,2023-06-30,learned_order_offset,20260912,0.4157390136403382,0.4157390136403382,0,1
quarter_trend2_validated,3076,2023-09-22,2023-10-16,-0.0198017153282719,2023,2023-06-30,learned_order_offset,20260912,0.3834294276861957,0.3834294276861957,0,0
quarter_volatility2_validated,3076,2023-09-22,2023-10-16,-0.0198017153282719,2023,2023-06-30,learned_order_offset,20260912,0.41199571148298614,0.41199571148298614,0,0
quarter_trend2_validated,3085,2023-10-13,2023-10-23,-0.0447156690429144,2023,2023-09-30,learned_order_offset,20260912,0.38790143705090185,0.38790143705090185,0,0
quarter_volatility2_validated,3085,2023-10-13,2023-10-23,-0.0447156690429144,2023,2023-09-30,learned_order_offset,20260912,0.38275688821797466,0.38275688821797466,0,0
quarter_trend2_validated,3090,2023-10-20,2023-10-30,0.0154019770298841,2023,2023-09-30,learned_order_offset,20260912,0.4315969885828987,0.4315969885828987,0,1
quarter_volatility2_validated,3090,2023-10-20,2023-10-30,0.0154019770298841,2023,2023-09-30,learned_order_offset,20260912,0.4262765101056876,0.4262765101056876,0,1
quarter_trend2_validated,3095,2023-10-27,2023-11-06,0.0152527637017425,2023,2023-09-30,learned_order_offset,20260912,0.7848995789590135,0.7848995789590135,1,1
quarter_volatility2_validated,3095,2023-10-27,2023-11-06,0.0152527637017425,2023,2023-09-30,learned_order_offset,20260912,0.7812097026506915,0.7812097026506915,1,1
quarter_trend2_validated,3100,2023-11-03,2023-11-13,-0.0039935482440582,2023,2023-09-30,learned_order_offset,20260912,0.36387003337063145,0.36387003337063145,0,0
quarter_volatility2_validated,3100,2023-11-03,2023-11-13,-0.0039935482440582,2023,2023-09-30,learned_order_offset,20260912,0.3588573460572353,0.3588573460572353,0,0
quarter_trend2_validated,3105,2023-11-10,2023-11-20,-0.0067280482816765,2023,2023-09-30,learned_order_offset,20260912,0.30904610248587494,0.30904610248587494,0,0
quarter_volatility2_validated,3105,2023-11-10,2023-11-20,-0.0067280482816765,2023,2023-09-30,learned_order_offset,20260912,0.3044272351005323,0.3044272351005323,0,0
quarter_trend2_validated,3110,2023-11-17,2023-11-27,-0.0098859017348651,2023,2023-09-30,learned_order_offset,20260912,0.2454268436578819,0.2454268436578819,0,0
quarter_volatility2_validated,3110,2023-11-17,2023-11-27,-0.0098859017348651,2023,2023-09-30,learned_order_offset,20260912,0.24142657333269274,0.24142657333269274,0,0
quarter_trend2_validated,3115,2023-11-24,2023-12-04,-0.0151084754586299,2023,2023-09-30,learned_order_offset,20260912,0.5290253119116421,0.5290253119116421,1,0
quarter_volatility2_validated,3115,2023-11-24,2023-12-04,-0.0151084754586299,2023,2023-09-30,learned_order_offset,20260912,0.5236101858351686,0.5236101858351686,1,0
quarter_trend2_validated,3120,2023-12-01,2023-12-11,-0.0295859857973478,2023,2023-09-30,learned_order_offset,20260912,0.33371875980123267,0.33371875980123267,0,0
quarter_volatility2_validated,3120,2023-12-01,2023-12-11,-0.0295859857973478,2023,2023-09-30,learned_order_offset,20260912,0.3289066758774984,0.3289066758774984,0,0
quarter_trend2_validated,3125,2023-12-08,2023-12-18,-0.0144639658974852,2023,2023-09-30,learned_order_offset,20260912,0.3867654968582484,0.3867654968582484,0,0
quarter_volatility2_validated,3125,2023-12-08,2023-12-18,-0.0144639658974852,2023,2023-09-30,learned_order_offset,20260912,0.3816266205719419,0.3816266205719419,0,0
quarter_trend2_validated,3130,2023-12-15,2023-12-25,0.0003424256350643,2023,2023-09-30,learned_order_offset,20260912,0.4481061905696238,0.4481061905696238,0,1
quarter_volatility2_validated,3130,2023-12-15,2023-12-25,0.0003424256350643,2023,2023-09-30,learned_order_offset,20260912,0.44274071888285377,0.44274071888285377,0,1
quarter_trend2_validated,3135,2023-12-22,2024-01-02,0.0288079559683274,2023,2023-09-30,learned_order_offset,20260912,0.3243099809969818,0.3243099809969818,0,1
quarter_volatility2_validated,3135,2023-12-22,2024-01-02,0.0288079559683274,2023,2023-09-30,learned_order_offset,20260912,0.31956849599213233,0.31956849599213233,0,1
quarter_trend2_validated,3140,2023-12-29,2024-01-08,-0.0302544749829989,2023,2023-09-30,learned_order_offset,20260912,0.3110418544996122,0.3110418544996122,0,0
quarter_volatility2_validated,3140,2023-12-29,2024-01-08,-0.0302544749829989,2023,2023-09-30,learned_order_offset,20260912,0.30640638666919584,0.30640638666919584,0,0
quarter_trend2_validated,3144,2024-01-05,2024-01-15,-0.0158038409563566,2024,2023-12-31,learned_market,20260910,0.37911601118731636,0.37911601118731636,0,0
quarter_volatility2_validated,3144,2024-01-05,2024-01-15,-0.0158038409563566,2024,2023-12-31,learned_market,20260910,0.37911601118731636,0.37911601118731636,0,0
quarter_trend2_validated,3149,2024-01-12,2024-01-22,-0.002333261979756,2024,2023-12-31,learned_market,20260910,0.4589111880907024,0.4589111880907024,0,0
quarter_volatility2_validated,3149,2024-01-12,2024-01-22,-0.002333261979756,2024,2023-12-31,learned_market,20260910,0.4589111880907024,0.4589111880907024,0,0
quarter_trend2_validated,3154,2024-01-19,2024-01-29,0.0223511633823452,2024,2023-12-31,learned_market,20260910,0.41956122213307734,0.41956122213307734,0,1
quarter_volatility2_validated,3154,2024-01-19,2024-01-29,0.0223511633823452,2024,2023-12-31,learned_market,20260910,0.41956122213307734,0.41956122213307734,0,1
quarter_trend2_validated,3159,2024-01-26,2024-02-05,-0.0513103415192826,2024,2023-12-31,learned_market,20260910,0.4467918935376125,0.4467918935376125,0,0
quarter_volatility2_validated,3159,2024-01-26,2024-02-05,-0.0513103415192826,2024,2023-12-31,learned_market,20260910,0.4467918935376125,0.4467918935376125,0,0
quarter_trend2_validated,3164,2024-02-02,2024-02-26,0.1015374891364462,2024,2023-12-31,learned_market,20260910,0.6470923056808707,0.6470923056808707,1,1
quarter_volatility2_validated,3164,2024-02-02,2024-02-26,0.1015374891364462,2024,2023-12-31,learned_market,20260910,0.6470923056808707,0.6470923056808707,1,1
quarter_trend2_validated,3173,2024-02-23,2024-03-04,0.0151569053862528,2024,2023-12-31,learned_market,20260910,0.6974540268702009,0.6974540268702009,1,1
quarter_volatility2_validated,3173,2024-02-23,2024-03-04,0.0151569053862528,2024,2023-12-31,learned_market,20260910,0.6974540268702009,0.6974540268702009,1,1
quarter_trend2_validated,3178,2024-03-01,2024-03-11,0.0021394031715169,2024,2023-12-31,learned_market,20260910,0.6539310685581109,0.6539310685581109,1,1
quarter_volatility2_validated,3178,2024-03-01,2024-03-11,0.0021394031715169,2024,2023-12-31,learned_market,20260910,0.6539310685581109,0.6539310685581109,1,1
quarter_trend2_validated,3183,2024-03-08,2024-03-18,0.0087762342284414,2024,2023-12-31,learned_market,20260910,0.651636534380962,0.651636534380962,1,1
quarter_volatility2_validated,3183,2024-03-08,2024-03-18,0.0087762342284414,2024,2023-12-31,learned_market,20260910,0.651636534380962,0.651636534380962,1,1
quarter_trend2_validated,3188,2024-03-15,2024-03-25,-0.0112802133595746,2024,2023-12-31,learned_market,20260910,0.6184866579610433,0.6184866579610433,1,0
quarter_volatility2_validated,3188,2024-03-15,2024-03-25,-0.0112802133595746,2024,2023-12-31,learned_market,20260910,0.6184866579610433,0.6184866579610433,1,0
quarter_trend2_validated,3193,2024-03-22,2024-04-01,0.0042044725182444,2024,2023-12-31,learned_market,20260910,0.49537529534083324,0.49537529534083324,0,1
quarter_volatility2_validated,3193,2024-03-22,2024-04-01,0.0042044725182444,2024,2023-12-31,learned_market,20260910,0.49537529534083324,0.49537529534083324,0,1
quarter_trend2_validated,3198,2024-03-29,2024-04-15,-0.0219845815102011,2024,2023-12-31,learned_market,20260910,0.4469684467331579,0.4469684467331579,0,0
quarter_volatility2_validated,3198,2024-03-29,2024-04-15,-0.0219845815102011,2024,2023-12-31,learned_market,20260910,0.4469684467331579,0.4469684467331579,0,0
quarter_trend2_validated,3206,2024-04-12,2024-04-22,0.018045199366633,2024,2024-03-31,learned_market,20260910,0.40607560893230144,0.40607560893230144,0,1
quarter_volatility2_validated,3206,2024-04-12,2024-04-22,0.018045199366633,2024,2024-03-31,learned_market,20260910,0.3746272962431844,0.3746272962431844,0,1
quarter_trend2_validated,3211,2024-04-19,2024-04-29,0.0136757744232476,2024,2024-03-31,learned_market,20260910,0.3892776100417879,0.3892776100417879,0,1
quarter_volatility2_validated,3211,2024-04-19,2024-04-29,0.0136757744232476,2024,2024-03-31,learned_market,20260910,0.35834530194901126,0.35834530194901126,0,1
quarter_trend2_validated,3216,2024-04-26,2024-05-13,0.0172434956786644,2024,2024-03-31,learned_market,20260910,0.3282744753478747,0.3282744753478747,0,1
quarter_volatility2_validated,3216,2024-04-26,2024-05-13,0.0172434956786644,2024,2024-03-31,learned_market,20260910,0.29980990708573885,0.29980990708573885,0,1
quarter_trend2_validated,3223,2024-05-10,2024-05-20,0.0097933549988344,2024,2024-03-31,learned_market,20260910,0.3990687988287244,0.3990687988287244,0,1
quarter_volatility2_validated,3223,2024-05-10,2024-05-20,0.0097933549988344,2024,2024-03-31,learned_market,20260910,0.36782705985813413,0.36782705985813413,0,1
quarter_trend2_validated,3228,2024-05-17,2024-05-27,-0.0204803832637164,2024,2024-03-31,learned_market,20260910,0.3897084593157539,0.3897084593157539,0,0
quarter_volatility2_validated,3228,2024-05-17,2024-05-27,-0.0204803832637164,2024,2024-03-31,learned_market,20260910,0.3587620269321729,0.3587620269321729,0,0
quarter_trend2_validated,3233,2024-05-24,2024-06-03,-0.0081155643048258,2024,2024-03-31,learned_market,20260910,0.43186519496988945,0.43186519496988945,0,0
quarter_volatility2_validated,3233,2024-05-24,2024-06-03,-0.0081155643048258,2024,2024-03-31,learned_market,20260910,0.3997639556355064,0.3997639556355064,0,0
quarter_trend2_validated,3238,2024-05-31,2024-06-11,-0.0060267570121149,2024,2024-03-31,learned_market,20260910,0.4565336986968196,0.4565336986968196,0,0
quarter_volatility2_validated,3238,2024-05-31,2024-06-11,-0.0060267570121149,2024,2024-03-31,learned_market,20260910,0.42396715961943193,0.42396715961943193,0,0
quarter_trend2_validated,3243,2024-06-07,2024-06-17,-0.0096686558937179,2024,2024-03-31,learned_market,20260910,0.6105718695143069,0.6105718695143069,1,0
quarter_volatility2_validated,3243,2024-06-07,2024-06-17,-0.0096686558937179,2024,2024-03-31,learned_market,20260910,0.5787180776138444,0.5787180776138444,1,0
quarter_trend2_validated,3247,2024-06-14,2024-06-24,-0.013573992457631,2024,2024-03-31,learned_market,20260910,0.6713582427300896,0.6713582427300896,1,0
quarter_volatility2_validated,3247,2024-06-14,2024-06-24,-0.013573992457631,2024,2024-03-31,learned_market,20260910,0.6415576303412741,0.6415576303412741,1,0
quarter_trend2_validated,3252,2024-06-21,2024-07-01,-0.004427632109257,2024,2024-03-31,learned_market,20260910,0.4416184455773017,0.4416184455773017,0,0
quarter_volatility2_validated,3252,2024-06-21,2024-07-01,-0.004427632109257,2024,2024-03-31,learned_market,20260910,0.4093145418304687,0.4093145418304687,0,0
quarter_trend2_validated,3257,2024-06-28,2024-07-08,-0.0108320369203009,2024,2024-03-31,learned_market,20260910,0.5341806270801527,0.5341806270801527,1,0
quarter_volatility2_validated,3257,2024-06-28,2024-07-08,-0.0108320369203009,2024,2024-03-31,learned_market,20260910,0.5011831470122979,0.5011831470122979,1,0
quarter_trend2_validated,3262,2024-07-05,2024-07-15,0.0122222871842843,2024,2024-06-30,learned_market,20260910,0.5312099723736838,0.5312099723736838,1,1
quarter_volatility2_validated,3262,2024-07-05,2024-07-15,0.0122222871842843,2024,2024-06-30,learned_market,20260910,0.4822425385837304,0.4822425385837304,0,1
quarter_trend2_validated,3267,2024-07-12,2024-07-22,0.0218881133018156,2024,2024-06-30,learned_market,20260910,0.4706196251419226,0.4706196251419226,0,1
quarter_volatility2_validated,3267,2024-07-12,2024-07-22,0.0218881133018156,2024,2024-06-30,learned_market,20260910,0.4222071902744804,0.4222071902744804,0,1
quarter_trend2_validated,3272,2024-07-19,2024-07-29,-0.0378787022382998,2024,2024-06-30,learned_market,20260910,0.5105887349481063,0.5105887349481063,1,0
quarter_volatility2_validated,3272,2024-07-19,2024-07-29,-0.0378787022382998,2024,2024-06-30,learned_market,20260910,0.4616502520564618,0.4616502520564618,0,0
quarter_trend2_validated,3277,2024-07-26,2024-08-05,-0.0124134568216732,2024,2024-06-30,learned_market,20260910,0.5168087974043634,0.5168087974043634,1,0
quarter_volatility2_validated,3277,2024-07-26,2024-08-05,-0.0124134568216732,2024,2024-06-30,learned_market,20260910,0.4678440424435944,0.4678440424435944,0,0
quarter_trend2_validated,3282,2024-08-02,2024-08-12,-0.0102762848330364,2024,2024-06-30,learned_market,20260910,0.5103969021168359,0.5103969021168359,1,0
quarter_volatility2_validated,3282,2024-08-02,2024-08-12,-0.0102762848330364,2024,2024-06-30,learned_market,20260910,0.4614594693428506,0.4614594693428506,0,0
quarter_trend2_validated,3287,2024-08-09,2024-08-19,0.0050186923751938,2024,2024-06-30,learned_market,20260910,0.5738642832331972,0.5738642832331972,1,1
quarter_volatility2_validated,3287,2024-08-09,2024-08-19,0.0050186923751938,2024,2024-06-30,learned_market,20260910,0.5253714183809267,0.5253714183809267,1,1
quarter_trend2_validated,3292,2024-08-16,2024-08-26,-0.0040487282687352,2024,2024-06-30,learned_market,20260910,0.3949171401752265,0.3949171401752265,0,0
quarter_volatility2_validated,3292,2024-08-16,2024-08-26,-0.0040487282687352,2024,2024-06-30,learned_market,20260910,0.3491559080481622,0.3491559080481622,0,0
quarter_trend2_validated,3297,2024-08-23,2024-09-02,-0.0069594562136714,2024,2024-06-30,learned_market,20260910,0.29072042976701107,0.29072042976701107,0,0
quarter_volatility2_validated,3297,2024-08-23,2024-09-02,-0.0069594562136714,2024,2024-06-30,learned_market,20260910,0.25200453733610084,0.25200453733610084,0,0
quarter_trend2_validated,3302,2024-08-30,2024-09-09,-0.0280389655151561,2024,2024-06-30,learned_market,20260910,0.2698525733496452,0.2698525733496452,0,0
quarter_volatility2_validated,3302,2024-08-30,2024-09-09,-0.0280389655151561,2024,2024-06-30,learned_market,20260910,0.23300277499527072,0.23300277499527072,0,0
quarter_trend2_validated,3307,2024-09-06,2024-09-18,-0.0174132138857783,2024,2024-06-30,learned_market,20260910,0.28624372995779085,0.28624372995779085,0,0
quarter_volatility2_validated,3307,2024-09-06,2024-09-18,-0.0174132138857783,2024,2024-06-30,learned_market,20260910,0.24791562867695352,0.24791562867695352,0,0
quarter_trend2_validated,3312,2024-09-13,2024-09-24,0.0133119329369826,2024,2024-06-30,learned_market,20260910,0.3257397725885097,0.3257397725885097,0,1
quarter_volatility2_validated,3312,2024-09-13,2024-09-24,0.0133119329369826,2024,2024-06-30,learned_market,20260910,0.2842291186992727,0.2842291186992727,0,1
quarter_trend2_validated,3315,2024-09-20,2024-09-30,0.2017513988384409,2024,2024-06-30,learned_market,20260910,0.30329361432845675,0.30329361432845675,0,1
quarter_volatility2_validated,3315,2024-09-20,2024-09-30,0.2017513988384409,2024,2024-06-30,learned_market,20260910,0.2635254282474634,0.2635254282474634,0,1
quarter_trend2_validated,3320,2024-09-27,2024-10-14,0.0178259004588408,2024,2024-06-30,learned_market,20260910,0.5539828044064032,0.5539828044064032,1,1
quarter_volatility2_validated,3320,2024-09-27,2024-10-14,0.0178259004588408,2024,2024-06-30,learned_market,20260910,0.5539828044064032,0.5539828044064032,1,1
quarter_trend2_validated,3325,2024-10-11,2024-10-21,0.0080914993282625,2024,2024-09-30,learned_market,20260910,0.5869953939238736,0.5869953939238736,1,1
quarter_volatility2_validated,3325,2024-10-11,2024-10-21,0.0080914993282625,2024,2024-09-30,learned_market,20260910,0.5869953939238736,0.5869953939238736,1,1
quarter_trend2_validated,3330,2024-10-18,2024-10-28,0.0015733867085561,2024,2024-09-30,learned_market,20260910,0.461607129389693,0.461607129389693,0,1
quarter_volatility2_validated,3330,2024-10-18,2024-10-28,0.0015733867085561,2024,2024-09-30,learned_market,20260910,0.461607129389693,0.461607129389693,0,1
quarter_trend2_validated,3335,2024-10-25,2024-11-04,-0.0140142824257356,2024,2024-09-30,learned_market,20260910,0.4436454565513719,0.4436454565513719,0,0
quarter_volatility2_validated,3335,2024-10-25,2024-11-04,-0.0140142824257356,2024,2024-09-30,learned_market,20260910,0.4436454565513719,0.4436454565513719,0,0
quarter_trend2_validated,3340,2024-11-01,2024-11-11,0.0434152361258277,2024,2024-09-30,learned_market,20260910,0.4265577715457495,0.4265577715457495,0,1
quarter_volatility2_validated,3340,2024-11-01,2024-11-11,0.0434152361258277,2024,2024-09-30,learned_market,20260910,0.4265577715457495,0.4265577715457495,0,1
quarter_trend2_validated,3345,2024-11-08,2024-11-18,-0.0208584853931589,2024,2024-09-30,learned_market,20260910,0.3988216599252063,0.3988216599252063,0,0
quarter_volatility2_validated,3345,2024-11-08,2024-11-18,-0.0208584853931589,2024,2024-09-30,learned_market,20260910,0.3988216599252063,0.3988216599252063,0,0
quarter_trend2_validated,3350,2024-11-15,2024-11-25,-0.0267421712161923,2024,2024-09-30,learned_market,20260910,0.4128285607379882,0.4128285607379882,0,0
quarter_volatility2_validated,3350,2024-11-15,2024-11-25,-0.0267421712161923,2024,2024-09-30,learned_market,20260910,0.4128285607379882,0.4128285607379882,0,0
quarter_trend2_validated,3355,2024-11-22,2024-12-02,0.0087960346887328,2024,2024-09-30,learned_market,20260910,0.5498480838757407,0.5498480838757407,1,1
quarter_volatility2_validated,3355,2024-11-22,2024-12-02,0.0087960346887328,2024,2024-09-30,learned_market,20260910,0.5498480838757407,0.5498480838757407,1,1
quarter_trend2_validated,3360,2024-11-29,2024-12-09,0.0155919891551781,2024,2024-09-30,learned_market,20260910,0.5787371739371491,0.5787371739371491,1,1
quarter_volatility2_validated,3360,2024-11-29,2024-12-09,0.0155919891551781,2024,2024-09-30,learned_market,20260910,0.5787371739371491,0.5787371739371491,1,1
quarter_trend2_validated,3365,2024-12-06,2024-12-16,-0.0100436703218104,2024,2024-09-30,learned_market,20260910,0.5274145252381006,0.5274145252381006,1,0
quarter_volatility2_validated,3365,2024-12-06,2024-12-16,-0.0100436703218104,2024,2024-09-30,learned_market,20260910,0.5274145252381006,0.5274145252381006,1,0
quarter_trend2_validated,3370,2024-12-13,2024-12-23,-0.0006690784017421,2024,2024-09-30,learned_market,20260910,0.44138037595664,0.44138037595664,0,0
quarter_volatility2_validated,3370,2024-12-13,2024-12-23,-0.0006690784017421,2024,2024-09-30,learned_market,20260910,0.44138037595664,0.44138037595664,0,0
quarter_trend2_validated,3375,2024-12-20,2024-12-30,0.0123595076562756,2024,2024-09-30,learned_market,20260910,0.4027666853457167,0.4027666853457167,0,1
quarter_volatility2_validated,3375,2024-12-20,2024-12-30,0.0123595076562756,2024,2024-09-30,learned_market,20260910,0.4027666853457167,0.4027666853457167,0,1
quarter_trend2_validated,3380,2024-12-27,2025-01-06,-0.0504714964669198,2024,2024-09-30,learned_market,20260910,0.38910693571889354,0.38910693571889354,0,0
quarter_volatility2_validated,3380,2024-12-27,2025-01-06,-0.0504714964669198,2024,2024-09-30,learned_market,20260910,0.38910693571889354,0.38910693571889354,0,0
quarter_trend2_validated,3144,2024-01-05,2024-01-15,-0.0158038409563566,2024,2023-12-31,learned_vol_interaction,20260910,0.375948748112503,0.375948748112503,0,0
quarter_volatility2_validated,3144,2024-01-05,2024-01-15,-0.0158038409563566,2024,2023-12-31,learned_vol_interaction,20260910,0.375948748112503,0.375948748112503,0,0
quarter_trend2_validated,3149,2024-01-12,2024-01-22,-0.002333261979756,2024,2023-12-31,learned_vol_interaction,20260910,0.4653387886294592,0.4653387886294592,0,0
quarter_volatility2_validated,3149,2024-01-12,2024-01-22,-0.002333261979756,2024,2023-12-31,learned_vol_interaction,20260910,0.4653387886294592,0.4653387886294592,0,0
quarter_trend2_validated,3154,2024-01-19,2024-01-29,0.0223511633823452,2024,2023-12-31,learned_vol_interaction,20260910,0.409541362332266,0.409541362332266,0,1
quarter_volatility2_validated,3154,2024-01-19,2024-01-29,0.0223511633823452,2024,2023-12-31,learned_vol_interaction,20260910,0.409541362332266,0.409541362332266,0,1
quarter_trend2_validated,3159,2024-01-26,2024-02-05,-0.0513103415192826,2024,2023-12-31,learned_vol_interaction,20260910,0.4427031623961251,0.4427031623961251,0,0
quarter_volatility2_validated,3159,2024-01-26,2024-02-05,-0.0513103415192826,2024,2023-12-31,learned_vol_interaction,20260910,0.4427031623961251,0.4427031623961251,0,0
quarter_trend2_validated,3164,2024-02-02,2024-02-26,0.1015374891364462,2024,2023-12-31,learned_vol_interaction,20260910,0.6537066574488869,0.6537066574488869,1,1
quarter_volatility2_validated,3164,2024-02-02,2024-02-26,0.1015374891364462,2024,2023-12-31,learned_vol_interaction,20260910,0.6537066574488869,0.6537066574488869,1,1
quarter_trend2_validated,3173,2024-02-23,2024-03-04,0.0151569053862528,2024,2023-12-31,learned_vol_interaction,20260910,0.689311779469667,0.689311779469667,1,1
quarter_volatility2_validated,3173,2024-02-23,2024-03-04,0.0151569053862528,2024,2023-12-31,learned_vol_interaction,20260910,0.689311779469667,0.689311779469667,1,1
quarter_trend2_validated,3178,2024-03-01,2024-03-11,0.0021394031715169,2024,2023-12-31,learned_vol_interaction,20260910,0.6480049647794901,0.6480049647794901,1,1
quarter_volatility2_validated,3178,2024-03-01,2024-03-11,0.0021394031715169,2024,2023-12-31,learned_vol_interaction,20260910,0.6480049647794901,0.6480049647794901,1,1
quarter_trend2_validated,3183,2024-03-08,2024-03-18,0.0087762342284414,2024,2023-12-31,learned_vol_interaction,20260910,0.6491293260006892,0.6491293260006892,1,1
quarter_volatility2_validated,3183,2024-03-08,2024-03-18,0.0087762342284414,2024,2023-12-31,learned_vol_interaction,20260910,0.6491293260006892,0.6491293260006892,1,1
quarter_trend2_validated,3188,2024-03-15,2024-03-25,-0.0112802133595746,2024,2023-12-31,learned_vol_interaction,20260910,0.6390487602979349,0.6390487602979349,1,0
quarter_volatility2_validated,3188,2024-03-15,2024-03-25,-0.0112802133595746,2024,2023-12-31,learned_vol_interaction,20260910,0.6390487602979349,0.6390487602979349,1,0
quarter_trend2_validated,3193,2024-03-22,2024-04-01,0.0042044725182444,2024,2023-12-31,learned_vol_interaction,20260910,0.502579297882782,0.502579297882782,1,1
quarter_volatility2_validated,3193,2024-03-22,2024-04-01,0.0042044725182444,2024,2023-12-31,learned_vol_interaction,20260910,0.502579297882782,0.502579297882782,1,1
quarter_trend2_validated,3198,2024-03-29,2024-04-15,-0.0219845815102011,2024,2023-12-31,learned_vol_interaction,20260910,0.4621147966680959,0.4621147966680959,0,0
quarter_volatility2_validated,3198,2024-03-29,2024-04-15,-0.0219845815102011,2024,2023-12-31,learned_vol_interaction,20260910,0.4621147966680959,0.4621147966680959,0,0
quarter_trend2_validated,3206,2024-04-12,2024-04-22,0.018045199366633,2024,2024-03-31,learned_vol_interaction,20260910,0.3996858180028398,0.3996858180028398,0,1
quarter_volatility2_validated,3206,2024-04-12,2024-04-22,0.018045199366633,2024,2024-03-31,learned_vol_interaction,20260910,0.36843328637167755,0.36843328637167755,0,1
quarter_trend2_validated,3211,2024-04-19,2024-04-29,0.0136757744232476,2024,2024-03-31,learned_vol_interaction,20260910,0.37319633634071175,0.37319633634071175,0,1
quarter_volatility2_validated,3211,2024-04-19,2024-04-29,0.0136757744232476,2024,2024-03-31,learned_vol_interaction,20260910,0.3428322039092645,0.3428322039092645,0,1
quarter_trend2_validated,3216,2024-04-26,2024-05-13,0.0172434956786644,2024,2024-03-31,learned_vol_interaction,20260910,0.3146645175119406,0.3146645175119406,0,1
quarter_volatility2_validated,3216,2024-04-26,2024-05-13,0.0172434956786644,2024,2024-03-31,learned_vol_interaction,20260910,0.2868830112673527,0.2868830112673527,0,1
quarter_trend2_validated,3223,2024-05-10,2024-05-20,0.0097933549988344,2024,2024-03-31,learned_vol_interaction,20260910,0.37518028476500903,0.37518028476500903,0,1
quarter_volatility2_validated,3223,2024-05-10,2024-05-20,0.0097933549988344,2024,2024-03-31,learned_vol_interaction,20260910,0.34474351429835487,0.34474351429835487,0,1
quarter_trend2_validated,3228,2024-05-17,2024-05-27,-0.0204803832637164,2024,2024-03-31,learned_vol_interaction,20260910,0.3743945093004113,0.3743945093004113,0,0
quarter_volatility2_validated,3228,2024-05-17,2024-05-27,-0.0204803832637164,2024,2024-03-31,learned_vol_interaction,20260910,0.3439863905697904,0.3439863905697904,0,0
quarter_trend2_validated,3233,2024-05-24,2024-06-03,-0.0081155643048258,2024,2024-03-31,learned_vol_interaction,20260910,0.41682706486348087,0.41682706486348087,0,0
quarter_volatility2_validated,3233,2024-05-24,2024-06-03,-0.0081155643048258,2024,2024-03-31,learned_vol_interaction,20260910,0.38509401126932125,0.38509401126932125,0,0
quarter_trend2_validated,3238,2024-05-31,2024-06-11,-0.0060267570121149,2024,2024-03-31,learned_vol_interaction,20260910,0.4492331097002634,0.4492331097002634,0,0
quarter_volatility2_validated,3238,2024-05-31,2024-06-11,-0.0060267570121149,2024,2024-03-31,learned_vol_interaction,20260910,0.41679621084218177,0.41679621084218177,0,0
quarter_trend2_validated,3243,2024-06-07,2024-06-17,-0.0096686558937179,2024,2024-03-31,learned_vol_interaction,20260910,0.646939742462589,0.646939742462589,1,0
quarter_volatility2_validated,3243,2024-06-07,2024-06-17,-0.0096686558937179,2024,2024-03-31,learned_vol_interaction,20260910,0.6161987835553754,0.6161987835553754,1,0
quarter_trend2_validated,3247,2024-06-14,2024-06-24,-0.013573992457631,2024,2024-03-31,learned_vol_interaction,20260910,0.728816996452314,0.728816996452314,1,0
quarter_volatility2_validated,3247,2024-06-14,2024-06-24,-0.013573992457631,2024,2024-03-31,learned_vol_interaction,20260910,0.7019203556129782,0.7019203556129782,1,0
quarter_trend2_validated,3252,2024-06-21,2024-07-01,-0.004427632109257,2024,2024-03-31,learned_vol_interaction,20260910,0.45786386069259544,0.45786386069259544,0,0
quarter_volatility2_validated,3252,2024-06-21,2024-07-01,-0.004427632109257,2024,2024-03-31,learned_vol_interaction,20260910,0.42528498108991436,0.42528498108991436,0,0
quarter_trend2_validated,3257,2024-06-28,2024-07-08,-0.0108320369203009,2024,2024-03-31,learned_vol_interaction,20260910,0.5781155623946855,0.5781155623946855,1,0
quarter_volatility2_validated,3257,2024-06-28,2024-07-08,-0.0108320369203009,2024,2024-03-31,learned_vol_interaction,20260910,0.5455912133586759,0.5455912133586759,1,0
quarter_trend2_validated,3262,2024-07-05,2024-07-15,0.0122222871842843,2024,2024-06-30,learned_vol_interaction,20260910,0.5756856823794781,0.5756856823794781,1,1
quarter_volatility2_validated,3262,2024-07-05,2024-07-15,0.0122222871842843,2024,2024-06-30,learned_vol_interaction,20260910,0.5266598922373181,0.5266598922373181,1,1
quarter_trend2_validated,3267,2024-07-12,2024-07-22,0.0218881133018156,2024,2024-06-30,learned_vol_interaction,20260910,0.4866386539421122,0.4866386539421122,0,1
quarter_volatility2_validated,3267,2024-07-12,2024-07-22,0.0218881133018156,2024,2024-06-30,learned_vol_interaction,20260910,0.4373793664502165,0.4373793664502165,0,1
quarter_trend2_validated,3272,2024-07-19,2024-07-29,-0.0378787022382998,2024,2024-06-30,learned_vol_interaction,20260910,0.5389372826354385,0.5389372826354385,1,0
quarter_volatility2_validated,3272,2024-07-19,2024-07-29,-0.0378787022382998,2024,2024-06-30,learned_vol_interaction,20260910,0.4894312244592025,0.4894312244592025,0,0
quarter_trend2_validated,3277,2024-07-26,2024-08-05,-0.0124134568216732,2024,2024-06-30,learned_vol_interaction,20260910,0.5302304235904278,0.5302304235904278,1,0
quarter_volatility2_validated,3277,2024-07-26,2024-08-05,-0.0124134568216732,2024,2024-06-30,learned_vol_interaction,20260910,0.4806903176316604,0.4806903176316604,0,0
quarter_trend2_validated,3282,2024-08-02,2024-08-12,-0.0102762848330364,2024,2024-06-30,learned_vol_interaction,20260910,0.5215565305204753,0.5215565305204753,1,0
quarter_volatility2_validated,3282,2024-08-02,2024-08-12,-0.0102762848330364,2024,2024-06-30,learned_vol_interaction,20260910,0.472012555135052,0.472012555135052,0,0
quarter_trend2_validated,3287,2024-08-09,2024-08-19,0.0050186923751938,2024,2024-06-30,learned_vol_interaction,20260910,0.5855654639145639,0.5855654639145639,1,1
quarter_volatility2_validated,3287,2024-08-09,2024-08-19,0.0050186923751938,2024,2024-06-30,learned_vol_interaction,20260910,0.5367626465450512,0.5367626465450512,1,1
quarter_trend2_validated,3292,2024-08-16,2024-08-26,-0.0040487282687352,2024,2024-06-30,learned_vol_interaction,20260910,0.3778758904529602,0.3778758904529602,0,0
quarter_volatility2_validated,3292,2024-08-16,2024-08-26,-0.0040487282687352,2024,2024-06-30,learned_vol_interaction,20260910,0.3324953854966765,0.3324953854966765,0,0
quarter_trend2_validated,3297,2024-08-23,2024-09-02,-0.0069594562136714,2024,2024-06-30,learned_vol_interaction,20260910,0.25486310438949394,0.25486310438949394,0,0
quarter_volatility2_validated,3297,2024-08-23,2024-09-02,-0.0069594562136714,2024,2024-06-30,learned_vol_interaction,20260910,0.21905396694326626,0.21905396694326626,0,0
quarter_trend2_validated,3302,2024-08-30,2024-09-09,-0.0280389655151561,2024,2024-06-30,learned_vol_interaction,20260910,0.23399162737304185,0.23399162737304185,0,0
quarter_volatility2_validated,3302,2024-08-30,2024-09-09,-0.0280389655151561,2024,2024-06-30,learned_vol_interaction,20260910,0.20032661099621124,0.20032661099621124,0,0
quarter_trend2_validated,3307,2024-09-06,2024-09-18,-0.0174132138857783,2024,2024-06-30,learned_vol_interaction,20260910,0.25707507643008914,0.25707507643008914,0,0
quarter_volatility2_validated,3307,2024-09-06,2024-09-18,-0.0174132138857783,2024,2024-06-30,learned_vol_interaction,20260910,0.2210473461319836,0.2210473461319836,0,0
quarter_trend2_validated,3312,2024-09-13,2024-09-24,0.0133119329369826,2024,2024-06-30,learned_vol_interaction,20260910,0.3084747782851401,0.3084747782851401,0,1
quarter_volatility2_validated,3312,2024-09-13,2024-09-24,0.0133119329369826,2024,2024-06-30,learned_vol_interaction,20260910,0.26784063074567555,0.26784063074567555,0,1
quarter_trend2_validated,3315,2024-09-20,2024-09-30,0.2017513988384409,2024,2024-06-30,learned_vol_interaction,20260910,0.2767223781764832,0.2767223781764832,0,1
quarter_volatility2_validated,3315,2024-09-20,2024-09-30,0.2017513988384409,2024,2024-06-30,learned_vol_interaction,20260910,0.2388263315874652,0.2388263315874652,0,1
quarter_trend2_validated,3320,2024-09-27,2024-10-14,0.0178259004588408,2024,2024-06-30,learned_vol_interaction,20260910,0.539577352579499,0.539577352579499,1,1
quarter_volatility2_validated,3320,2024-09-27,2024-10-14,0.0178259004588408,2024,2024-06-30,learned_vol_interaction,20260910,0.539577352579499,0.539577352579499,1,1
quarter_trend2_validated,3325,2024-10-11,2024-10-21,0.0080914993282625,2024,2024-09-30,learned_vol_interaction,20260910,0.5707045524539156,0.5707045524539156,1,1
quarter_volatility2_validated,3325,2024-10-11,2024-10-21,0.0080914993282625,2024,2024-09-30,learned_vol_interaction,20260910,0.5707045524539156,0.5707045524539156,1,1
quarter_trend2_validated,3330,2024-10-18,2024-10-28,0.0015733867085561,2024,2024-09-30,learned_vol_interaction,20260910,0.5457998125542788,0.5457998125542788,1,1
quarter_volatility2_validated,3330,2024-10-18,2024-10-28,0.0015733867085561,2024,2024-09-30,learned_vol_interaction,20260910,0.5457998125542788,0.5457998125542788,1,1
quarter_trend2_validated,3335,2024-10-25,2024-11-04,-0.0140142824257356,2024,2024-09-30,learned_vol_interaction,20260910,0.5480447349870543,0.5480447349870543,1,0
quarter_volatility2_validated,3335,2024-10-25,2024-11-04,-0.0140142824257356,2024,2024-09-30,learned_vol_interaction,20260910,0.5480447349870543,0.5480447349870543,1,0
quarter_trend2_validated,3340,2024-11-01,2024-11-11,0.0434152361258277,2024,2024-09-30,learned_vol_interaction,20260910,0.5424556290324919,0.5424556290324919,1,1
quarter_volatility2_validated,3340,2024-11-01,2024-11-11,0.0434152361258277,2024,2024-09-30,learned_vol_interaction,20260910,0.5424556290324919,0.5424556290324919,1,1
quarter_trend2_validated,3345,2024-11-08,2024-11-18,-0.0208584853931589,2024,2024-09-30,learned_vol_interaction,20260910,0.41385174274995,0.41385174274995,0,0
quarter_volatility2_validated,3345,2024-11-08,2024-11-18,-0.0208584853931589,2024,2024-09-30,learned_vol_interaction,20260910,0.41385174274995,0.41385174274995,0,0
quarter_trend2_validated,3350,2024-11-15,2024-11-25,-0.0267421712161923,2024,2024-09-30,learned_vol_interaction,20260910,0.40978407838391767,0.40978407838391767,0,0
quarter_volatility2_validated,3350,2024-11-15,2024-11-25,-0.0267421712161923,2024,2024-09-30,learned_vol_interaction,20260910,0.40978407838391767,0.40978407838391767,0,0
quarter_trend2_validated,3355,2024-11-22,2024-12-02,0.0087960346887328,2024,2024-09-30,learned_vol_interaction,20260910,0.5313658042769484,0.5313658042769484,1,1
quarter_volatility2_validated,3355,2024-11-22,2024-12-02,0.0087960346887328,2024,2024-09-30,learned_vol_interaction,20260910,0.5313658042769484,0.5313658042769484,1,1
quarter_trend2_validated,3360,2024-11-29,2024-12-09,0.0155919891551781,2024,2024-09-30,learned_vol_interaction,20260910,0.5550717836556399,0.5550717836556399,1,1
quarter_volatility2_validated,3360,2024-11-29,2024-12-09,0.0155919891551781,2024,2024-09-30,learned_vol_interaction,20260910,0.5550717836556399,0.5550717836556399,1,1
quarter_trend2_validated,3365,2024-12-06,2024-12-16,-0.0100436703218104,2024,2024-09-30,learned_vol_interaction,20260910,0.5155855931739847,0.5155855931739847,1,0
quarter_volatility2_validated,3365,2024-12-06,2024-12-16,-0.0100436703218104,2024,2024-09-30,learned_vol_interaction,20260910,0.5155855931739847,0.5155855931739847,1,0
quarter_trend2_validated,3370,2024-12-13,2024-12-23,-0.0006690784017421,2024,2024-09-30,learned_vol_interaction,20260910,0.4374261593980381,0.4374261593980381,0,0
quarter_volatility2_validated,3370,2024-12-13,2024-12-23,-0.0006690784017421,2024,2024-09-30,learned_vol_interaction,20260910,0.4374261593980381,0.4374261593980381,0,0
quarter_trend2_validated,3375,2024-12-20,2024-12-30,0.0123595076562756,2024,2024-09-30,learned_vol_interaction,20260910,0.38028593735367683,0.38028593735367683,0,1
quarter_volatility2_validated,3375,2024-12-20,2024-12-30,0.0123595076562756,2024,2024-09-30,learned_vol_interaction,20260910,0.3274814880937184,0.3274814880937184,0,1
quarter_trend2_validated,3380,2024-12-27,2025-01-06,-0.0504714964669198,2024,2024-09-30,learned_vol_interaction,20260910,0.35616480654444505,0.35616480654444505,0,0
quarter_volatility2_validated,3380,2024-12-27,2025-01-06,-0.0504714964669198,2024,2024-09-30,learned_vol_interaction,20260910,0.3050609433083651,0.3050609433083651,0,0
quarter_trend2_validated,3144,2024-01-05,2024-01-15,-0.0158038409563566,2024,2023-12-31,learned_order_extension,20260910,0.4019000383386628,0.4019000383386628,0,0
quarter_volatility2_validated,3144,2024-01-05,2024-01-15,-0.0158038409563566,2024,2023-12-31,learned_order_extension,20260910,0.4019000383386628,0.4019000383386628,0,0
quarter_trend2_validated,3149,2024-01-12,2024-01-22,-0.002333261979756,2024,2023-12-31,learned_order_extension,20260910,0.4536929976964038,0.4536929976964038,0,0
quarter_volatility2_validated,3149,2024-01-12,2024-01-22,-0.002333261979756,2024,2023-12-31,learned_order_extension,20260910,0.4536929976964038,0.4536929976964038,0,0
quarter_trend2_validated,3154,2024-01-19,2024-01-29,0.0223511633823452,2024,2023-12-31,learned_order_extension,20260910,0.4065097447533653,0.4065097447533653,0,1
quarter_volatility2_validated,3154,2024-01-19,2024-01-29,0.0223511633823452,2024,2023-12-31,learned_order_extension,20260910,0.4065097447533653,0.4065097447533653,0,1
quarter_trend2_validated,3159,2024-01-26,2024-02-05,-0.0513103415192826,2024,2023-12-31,learned_order_extension,20260910,0.4181108069924978,0.4181108069924978,0,0
quarter_volatility2_validated,3159,2024-01-26,2024-02-05,-0.0513103415192826,2024,2023-12-31,learned_order_extension,20260910,0.4181108069924978,0.4181108069924978,0,0
quarter_trend2_validated,3164,2024-02-02,2024-02-26,0.1015374891364462,2024,2023-12-31,learned_order_extension,20260910,0.6639940867614434,0.6639940867614434,1,1
quarter_volatility2_validated,3164,2024-02-02,2024-02-26,0.1015374891364462,2024,2023-12-31,learned_order_extension,20260910,0.6639940867614434,0.6639940867614434,1,1
quarter_trend2_validated,3173,2024-02-23,2024-03-04,0.0151569053862528,2024,2023-12-31,learned_order_extension,20260910,0.6509742827223437,0.6509742827223437,1,1
quarter_volatility2_validated,3173,2024-02-23,2024-03-04,0.0151569053862528,2024,2023-12-31,learned_order_extension,20260910,0.6509742827223437,0.6509742827223437,1,1
quarter_trend2_validated,3178,2024-03-01,2024-03-11,0.0021394031715169,2024,2023-12-31,learned_order_extension,20260910,0.596427953854031,0.596427953854031,1,1
quarter_volatility2_validated,3178,2024-03-01,2024-03-11,0.0021394031715169,2024,2023-12-31,learned_order_extension,20260910,0.596427953854031,0.596427953854031,1,1
quarter_trend2_validated,3183,2024-03-08,2024-03-18,0.0087762342284414,2024,2023-12-31,learned_order_extension,20260910,0.5823638998065179,0.5823638998065179,1,1
quarter_volatility2_validated,3183,2024-03-08,2024-03-18,0.0087762342284414,2024,2023-12-31,learned_order_extension,20260910,0.5823638998065179,0.5823638998065179,1,1
quarter_trend2_validated,3188,2024-03-15,2024-03-25,-0.0112802133595746,2024,2023-12-31,learned_order_extension,20260910,0.5649258035498114,0.5649258035498114,1,0
quarter_volatility2_validated,3188,2024-03-15,2024-03-25,-0.0112802133595746,2024,2023-12-31,learned_order_extension,20260910,0.5649258035498114,0.5649258035498114,1,0
quarter_trend2_validated,3193,2024-03-22,2024-04-01,0.0042044725182444,2024,2023-12-31,learned_order_extension,20260910,0.4756478826315535,0.4756478826315535,0,1
quarter_volatility2_validated,3193,2024-03-22,2024-04-01,0.0042044725182444,2024,2023-12-31,learned_order_extension,20260910,0.4756478826315535,0.4756478826315535,0,1
quarter_trend2_validated,3198,2024-03-29,2024-04-15,-0.0219845815102011,2024,2023-12-31,learned_order_extension,20260910,0.44826023295447676,0.44826023295447676,0,0
quarter_volatility2_validated,3198,2024-03-29,2024-04-15,-0.0219845815102011,2024,2023-12-31,learned_order_extension,20260910,0.44826023295447676,0.44826023295447676,0,0
quarter_trend2_validated,3206,2024-04-12,2024-04-22,0.018045199366633,2024,2024-03-31,learned_order_extension,20260910,0.3886483454535768,0.3886483454535768,0,1
quarter_volatility2_validated,3206,2024-04-12,2024-04-22,0.018045199366633,2024,2024-03-31,learned_order_extension,20260910,0.35689306240397456,0.35689306240397456,0,1
quarter_trend2_validated,3211,2024-04-19,2024-04-29,0.0136757744232476,2024,2024-03-31,learned_order_extension,20260910,0.3831378513745901,0.3831378513745901,0,1
quarter_volatility2_validated,3211,2024-04-19,2024-04-29,0.0136757744232476,2024,2024-03-31,learned_order_extension,20260910,0.3515738884214033,0.3515738884214033,0,1
quarter_trend2_validated,3216,2024-04-26,2024-05-13,0.0172434956786644,2024,2024-03-31,learned_order_extension,20260910,0.37424697076859526,0.37424697076859526,0,1
quarter_volatility2_validated,3216,2024-04-26,2024-05-13,0.0172434956786644,2024,2024-03-31,learned_order_extension,20260910,0.3430081790815168,0.3430081790815168,0,1
quarter_trend2_validated,3223,2024-05-10,2024-05-20,0.0097933549988344,2024,2024-03-31,learned_order_extension,20260910,0.3903039016654425,0.3903039016654425,0,1
quarter_volatility2_validated,3223,2024-05-10,2024-05-20,0.0097933549988344,2024,2024-03-31,learned_order_extension,20260910,0.35849266986507267,0.35849266986507267,0,1
quarter_trend2_validated,3228,2024-05-17,2024-05-27,-0.0204803832637164,2024,2024-03-31,learned_order_extension,20260910,0.40843859964633433,0.40843859964633433,0,0
quarter_volatility2_validated,3228,2024-05-17,2024-05-27,-0.0204803832637164,2024,2024-03-31,learned_order_extension,20260910,0.37606098169574703,0.37606098169574703,0,0
quarter_trend2_validated,3233,2024-05-24,2024-06-03,-0.0081155643048258,2024,2024-03-31,learned_order_extension,20260910,0.43309876347512,0.43309876347512,0,0
quarter_volatility2_validated,3233,2024-05-24,2024-06-03,-0.0081155643048258,2024,2024-03-31,learned_order_extension,20260910,0.400088410662973,0.400088410662973,0,0
quarter_trend2_validated,3238,2024-05-31,2024-06-11,-0.0060267570121149,2024,2024-03-31,learned_order_extension,20260910,0.446586280617722,0.446586280617722,0,0
quarter_volatility2_validated,3238,2024-05-31,2024-06-11,-0.0060267570121149,2024,2024-03-31,learned_order_extension,20260910,0.4132973862930691,0.4132973862930691,0,0
quarter_trend2_validated,3243,2024-06-07,2024-06-17,-0.0096686558937179,2024,2024-03-31,learned_order_extension,20260910,0.626798924605605,0.626798924605605,1,0
quarter_volatility2_validated,3243,2024-06-07,2024-06-17,-0.0096686558937179,2024,2024-03-31,learned_order_extension,20260910,0.5945075134366742,0.5945075134366742,1,0
quarter_trend2_validated,3247,2024-06-14,2024-06-24,-0.013573992457631,2024,2024-03-31,learned_order_extension,20260910,0.7178883635744532,0.7178883635744532,1,0
quarter_volatility2_validated,3247,2024-06-14,2024-06-24,-0.013573992457631,2024,2024-03-31,learned_order_extension,20260910,0.6895751357136342,0.6895751357136342,1,0
quarter_trend2_validated,3252,2024-06-21,2024-07-01,-0.004427632109257,2024,2024-03-31,learned_order_extension,20260910,0.4529899421679954,0.4529899421679954,0,0
quarter_volatility2_validated,3252,2024-06-21,2024-07-01,-0.004427632109257,2024,2024-03-31,learned_order_extension,20260910,0.4195856175603401,0.4195856175603401,0,0
quarter_trend2_validated,3257,2024-06-28,2024-07-08,-0.0108320369203009,2024,2024-03-31,learned_order_extension,20260910,0.5695267559005048,0.5695267559005048,1,0
quarter_volatility2_validated,3257,2024-06-28,2024-07-08,-0.0108320369203009,2024,2024-03-31,learned_order_extension,20260910,0.5359486543315358,0.5359486543315358,1,0
quarter_trend2_validated,3262,2024-07-05,2024-07-15,0.0122222871842843,2024,2024-06-30,learned_order_extension,20260910,0.5846151349808663,0.5846151349808663,1,1
quarter_volatility2_validated,3262,2024-07-05,2024-07-15,0.0122222871842843,2024,2024-06-30,learned_order_extension,20260910,0.535216671797272,0.535216671797272,1,1
quarter_trend2_validated,3267,2024-07-12,2024-07-22,0.0218881133018156,2024,2024-06-30,learned_order_extension,20260910,0.4936385751696033,0.4936385751696033,0,1
quarter_volatility2_validated,3267,2024-07-12,2024-07-22,0.0218881133018156,2024,2024-06-30,learned_order_extension,20260910,0.4437158078863262,0.4437158078863262,0,1
quarter_trend2_validated,3272,2024-07-19,2024-07-29,-0.0378787022382998,2024,2024-06-30,learned_order_extension,20260910,0.5296682623864001,0.5296682623864001,1,0
quarter_volatility2_validated,3272,2024-07-19,2024-07-29,-0.0378787022382998,2024,2024-06-30,learned_order_extension,20260910,0.4795525794134292,0.4795525794134292,0,0
quarter_trend2_validated,3277,2024-07-26,2024-08-05,-0.0124134568216732,2024,2024-06-30,learned_order_extension,20260910,0.5342552376814222,0.5342552376814222,1,0
quarter_volatility2_validated,3277,2024-07-26,2024-08-05,-0.0124134568216732,2024,2024-06-30,learned_order_extension,20260910,0.4841523078676432,0.4841523078676432,0,0
quarter_trend2_validated,3282,2024-08-02,2024-08-12,-0.0102762848330364,2024,2024-06-30,learned_order_extension,20260910,0.5292356219824177,0.5292356219824177,1,0
quarter_volatility2_validated,3282,2024-08-02,2024-08-12,-0.0102762848330364,2024,2024-06-30,learned_order_extension,20260910,0.47911917419744215,0.47911917419744215,0,0
quarter_trend2_validated,3287,2024-08-09,2024-08-19,0.0050186923751938,2024,2024-06-30,learned_order_extension,20260910,0.5758956552207214,0.5758956552207214,1,1
quarter_volatility2_validated,3287,2024-08-09,2024-08-19,0.0050186923751938,2024,2024-06-30,learned_order_extension,20260910,0.5263004596323512,0.5263004596323512,1,1
quarter_trend2_validated,3292,2024-08-16,2024-08-26,-0.0040487282687352,2024,2024-06-30,learned_order_extension,20260910,0.3908604034072806,0.3908604034072806,0,0
quarter_volatility2_validated,3292,2024-08-16,2024-08-26,-0.0040487282687352,2024,2024-06-30,learned_order_extension,20260910,0.34426502233108,0.34426502233108,0,0
quarter_trend2_validated,3297,2024-08-23,2024-09-02,-0.0069594562136714,2024,2024-06-30,learned_order_extension,20260910,0.2988950234639935,0.2988950234639935,0,0
quarter_volatility2_validated,3297,2024-08-23,2024-09-02,-0.0069594562136714,2024,2024-06-30,learned_order_extension,20260910,0.25860856501154833,0.25860856501154833,0,0
quarter_trend2_validated,3302,2024-08-30,2024-09-09,-0.0280389655151561,2024,2024-06-30,learned_order_extension,20260910,0.2686520456873332,0.2686520456873332,0,0
quarter_volatility2_validated,3302,2024-08-30,2024-09-09,-0.0280389655151561,2024,2024-06-30,learned_order_extension,20260910,0.23109824963198164,0.23109824963198164,0,0
quarter_trend2_validated,3307,2024-09-06,2024-09-18,-0.0174132138857783,2024,2024-06-30,learned_order_extension,20260910,0.28845699674235586,0.28845699674235586,0,0
quarter_volatility2_validated,3307,2024-09-06,2024-09-18,-0.0174132138857783,2024,2024-06-30,learned_order_extension,20260910,0.24907760763878103,0.24907760763878103,0,0
quarter_trend2_validated,3312,2024-09-13,2024-09-24,0.0133119329369826,2024,2024-06-30,learned_order_extension,20260910,0.3306515596775702,0.3306515596775702,0,1
quarter_volatility2_validated,3312,2024-09-13,2024-09-24,0.0133119329369826,2024,2024-06-30,learned_order_extension,20260910,0.2878421034137008,0.2878421034137008,0,1
quarter_trend2_validated,3315,2024-09-20,2024-09-30,0.2017513988384409,2024,2024-06-30,learned_order_extension,20260910,0.3078891103773537,0.3078891103773537,0,1
quarter_volatility2_validated,3315,2024-09-20,2024-09-30,0.2017513988384409,2024,2024-06-30,learned_order_extension,20260910,0.2668517945581514,0.2668517945581514,0,1
quarter_trend2_validated,3320,2024-09-27,2024-10-14,0.0178259004588408,2024,2024-06-30,learned_order_extension,20260910,0.5428289525080278,0.5428289525080278,1,1
quarter_volatility2_validated,3320,2024-09-27,2024-10-14,0.0178259004588408,2024,2024-06-30,learned_order_extension,20260910,0.5428289525080278,0.5428289525080278,1,1
quarter_trend2_validated,3325,2024-10-11,2024-10-21,0.0080914993282625,2024,2024-09-30,learned_order_extension,20260910,0.5822023275306868,0.5822023275306868,1,1
quarter_volatility2_validated,3325,2024-10-11,2024-10-21,0.0080914993282625,2024,2024-09-30,learned_order_extension,20260910,0.5822023275306868,0.5822023275306868,1,1
quarter_trend2_validated,3330,2024-10-18,2024-10-28,0.0015733867085561,2024,2024-09-30,learned_order_extension,20260910,0.5714046015164417,0.5714046015164417,1,1
quarter_volatility2_validated,3330,2024-10-18,2024-10-28,0.0015733867085561,2024,2024-09-30,learned_order_extension,20260910,0.5714046015164417,0.5714046015164417,1,1
quarter_trend2_validated,3335,2024-10-25,2024-11-04,-0.0140142824257356,2024,2024-09-30,learned_order_extension,20260910,0.5699380979169686,0.5699380979169686,1,0
quarter_volatility2_validated,3335,2024-10-25,2024-11-04,-0.0140142824257356,2024,2024-09-30,learned_order_extension,20260910,0.5699380979169686,0.5699380979169686,1,0
quarter_trend2_validated,3340,2024-11-01,2024-11-11,0.0434152361258277,2024,2024-09-30,learned_order_extension,20260910,0.5940299307722281,0.5940299307722281,1,1
quarter_volatility2_validated,3340,2024-11-01,2024-11-11,0.0434152361258277,2024,2024-09-30,learned_order_extension,20260910,0.5940299307722281,0.5940299307722281,1,1
quarter_trend2_validated,3345,2024-11-08,2024-11-18,-0.0208584853931589,2024,2024-09-30,learned_order_extension,20260910,0.411107283779769,0.411107283779769,0,0
quarter_volatility2_validated,3345,2024-11-08,2024-11-18,-0.0208584853931589,2024,2024-09-30,learned_order_extension,20260910,0.411107283779769,0.411107283779769,0,0
quarter_trend2_validated,3350,2024-11-15,2024-11-25,-0.0267421712161923,2024,2024-09-30,learned_order_extension,20260910,0.39605543665647713,0.39605543665647713,0,0
quarter_volatility2_validated,3350,2024-11-15,2024-11-25,-0.0267421712161923,2024,2024-09-30,learned_order_extension,20260910,0.39605543665647713,0.39605543665647713,0,0
quarter_trend2_validated,3355,2024-11-22,2024-12-02,0.0087960346887328,2024,2024-09-30,learned_order_extension,20260910,0.5115475257965196,0.5115475257965196,1,1
quarter_volatility2_validated,3355,2024-11-22,2024-12-02,0.0087960346887328,2024,2024-09-30,learned_order_extension,20260910,0.5115475257965196,0.5115475257965196,1,1
quarter_trend2_validated,3360,2024-11-29,2024-12-09,0.0155919891551781,2024,2024-09-30,learned_order_extension,20260910,0.5440391301685066,0.5440391301685066,1,1
quarter_volatility2_validated,3360,2024-11-29,2024-12-09,0.0155919891551781,2024,2024-09-30,learned_order_extension,20260910,0.5440391301685066,0.5440391301685066,1,1
quarter_trend2_validated,3365,2024-12-06,2024-12-16,-0.0100436703218104,2024,2024-09-30,learned_order_extension,20260910,0.49467283869914347,0.49467283869914347,0,0
quarter_volatility2_validated,3365,2024-12-06,2024-12-16,-0.0100436703218104,2024,2024-09-30,learned_order_extension,20260910,0.49467283869914347,0.49467283869914347,0,0
quarter_trend2_validated,3370,2024-12-13,2024-12-23,-0.0006690784017421,2024,2024-09-30,learned_order_extension,20260910,0.41586894239738387,0.41586894239738387,0,0
quarter_volatility2_validated,3370,2024-12-13,2024-12-23,-0.0006690784017421,2024,2024-09-30,learned_order_extension,20260910,0.41586894239738387,0.41586894239738387,0,0
quarter_trend2_validated,3375,2024-12-20,2024-12-30,0.0123595076562756,2024,2024-09-30,learned_order_extension,20260910,0.35397540001038474,0.35397540001038474,0,1
quarter_volatility2_validated,3375,2024-12-20,2024-12-30,0.0123595076562756,2024,2024-09-30,learned_order_extension,20260910,0.3027833709281202,0.3027833709281202,0,1
quarter_trend2_validated,3380,2024-12-27,2025-01-06,-0.0504714964669198,2024,2024-09-30,learned_order_extension,20260910,0.3176586272754358,0.3176586272754358,0,0
quarter_volatility2_validated,3380,2024-12-27,2025-01-06,-0.0504714964669198,2024,2024-09-30,learned_order_extension,20260910,0.26952749785201796,0.26952749785201796,0,0
quarter_trend2_validated,3144,2024-01-05,2024-01-15,-0.0158038409563566,2024,2023-12-31,learned_order_offset,20260910,0.40294607271257427,0.40294607271257427,0,0
quarter_volatility2_validated,3144,2024-01-05,2024-01-15,-0.0158038409563566,2024,2023-12-31,learned_order_offset,20260910,0.40294607271257427,0.40294607271257427,0,0
quarter_trend2_validated,3149,2024-01-12,2024-01-22,-0.002333261979756,2024,2023-12-31,learned_order_offset,20260910,0.45320010017286466,0.45320010017286466,0,0
quarter_volatility2_validated,3149,2024-01-12,2024-01-22,-0.002333261979756,2024,2023-12-31,learned_order_offset,20260910,0.45320010017286466,0.45320010017286466,0,0
quarter_trend2_validated,3154,2024-01-19,2024-01-29,0.0223511633823452,2024,2023-12-31,learned_order_offset,20260910,0.40698948981731453,0.40698948981731453,0,1
quarter_volatility2_validated,3154,2024-01-19,2024-01-29,0.0223511633823452,2024,2023-12-31,learned_order_offset,20260910,0.40698948981731453,0.40698948981731453,0,1
quarter_trend2_validated,3159,2024-01-26,2024-02-05,-0.0513103415192826,2024,2023-12-31,learned_order_offset,20260910,0.4180998926398431,0.4180998926398431,0,0
quarter_volatility2_validated,3159,2024-01-26,2024-02-05,-0.0513103415192826,2024,2023-12-31,learned_order_offset,20260910,0.4180998926398431,0.4180998926398431,0,0
quarter_trend2_validated,3164,2024-02-02,2024-02-26,0.1015374891364462,2024,2023-12-31,learned_order_offset,20260910,0.662467427882048,0.662467427882048,1,1
quarter_volatility2_validated,3164,2024-02-02,2024-02-26,0.1015374891364462,2024,2023-12-31,learned_order_offset,20260910,0.662467427882048,0.662467427882048,1,1
quarter_trend2_validated,3173,2024-02-23,2024-03-04,0.0151569053862528,2024,2023-12-31,learned_order_offset,20260910,0.6495192030104356,0.6495192030104356,1,1
quarter_volatility2_validated,3173,2024-02-23,2024-03-04,0.0151569053862528,2024,2023-12-31,learned_order_offset,20260910,0.6495192030104356,0.6495192030104356,1,1
quarter_trend2_validated,3178,2024-03-01,2024-03-11,0.0021394031715169,2024,2023-12-31,learned_order_offset,20260910,0.5953483627631191,0.5953483627631191,1,1
quarter_volatility2_validated,3178,2024-03-01,2024-03-11,0.0021394031715169,2024,2023-12-31,learned_order_offset,20260910,0.5953483627631191,0.5953483627631191,1,1
quarter_trend2_validated,3183,2024-03-08,2024-03-18,0.0087762342284414,2024,2023-12-31,learned_order_offset,20260910,0.5813453143574694,0.5813453143574694,1,1
quarter_volatility2_validated,3183,2024-03-08,2024-03-18,0.0087762342284414,2024,2023-12-31,learned_order_offset,20260910,0.5813453143574694,0.5813453143574694,1,1
quarter_trend2_validated,3188,2024-03-15,2024-03-25,-0.0112802133595746,2024,2023-12-31,learned_order_offset,20260910,0.5629285714576356,0.5629285714576356,1,0
quarter_volatility2_validated,3188,2024-03-15,2024-03-25,-0.0112802133595746,2024,2023-12-31,learned_order_offset,20260910,0.5629285714576356,0.5629285714576356,1,0
quarter_trend2_validated,3193,2024-03-22,2024-04-01,0.0042044725182444,2024,2023-12-31,learned_order_offset,20260910,0.4746800194029474,0.4746800194029474,0,1
quarter_volatility2_validated,3193,2024-03-22,2024-04-01,0.0042044725182444,2024,2023-12-31,learned_order_offset,20260910,0.4746800194029474,0.4746800194029474,0,1
quarter_trend2_validated,3198,2024-03-29,2024-04-15,-0.0219845815102011,2024,2023-12-31,learned_order_offset,20260910,0.4474975970181041,0.4474975970181041,0,0
quarter_volatility2_validated,3198,2024-03-29,2024-04-15,-0.0219845815102011,2024,2023-12-31,learned_order_offset,20260910,0.4474975970181041,0.4474975970181041,0,0
quarter_trend2_validated,3206,2024-04-12,2024-04-22,0.018045199366633,2024,2024-03-31,learned_order_offset,20260910,0.38808228102297715,0.38808228102297715,0,1
quarter_volatility2_validated,3206,2024-04-12,2024-04-22,0.018045199366633,2024,2024-03-31,learned_order_offset,20260910,0.3562910282337768,0.3562910282337768,0,1
quarter_trend2_validated,3211,2024-04-19,2024-04-29,0.0136757744232476,2024,2024-03-31,learned_order_offset,20260910,0.3836585040753394,0.3836585040753394,0,1
quarter_volatility2_validated,3211,2024-04-19,2024-04-29,0.0136757744232476,2024,2024-03-31,learned_order_offset,20260910,0.3520211675586145,0.3520211675586145,0,1
quarter_trend2_validated,3216,2024-04-26,2024-05-13,0.0172434956786644,2024,2024-03-31,learned_order_offset,20260910,0.3751323735259505,0.3751323735259505,0,1
quarter_volatility2_validated,3216,2024-04-26,2024-05-13,0.0172434956786644,2024,2024-03-31,learned_order_offset,20260910,0.34380592850551694,0.34380592850551694,0,1
quarter_trend2_validated,3223,2024-05-10,2024-05-20,0.0097933549988344,2024,2024-03-31,learned_order_offset,20260910,0.39075291038896165,0.39075291038896165,0,1
quarter_volatility2_validated,3223,2024-05-10,2024-05-20,0.0097933549988344,2024,2024-03-31,learned_order_offset,20260910,0.3588711875544273,0.3588711875544273,0,1
quarter_trend2_validated,3228,2024-05-17,2024-05-27,-0.0204803832637164,2024,2024-03-31,learned_order_offset,20260910,0.4087832887536437,0.4087832887536437,0,0
quarter_volatility2_validated,3228,2024-05-17,2024-05-27,-0.0204803832637164,2024,2024-03-31,learned_order_offset,20260910,0.37633917904351166,0.37633917904351166,0,0
quarter_trend2_validated,3233,2024-05-24,2024-06-03,-0.0081155643048258,2024,2024-03-31,learned_order_offset,20260910,0.4331137649724263,0.4331137649724263,0,0
quarter_volatility2_validated,3233,2024-05-24,2024-06-03,-0.0081155643048258,2024,2024-03-31,learned_order_offset,20260910,0.4000452454686648,0.4000452454686648,0,0
quarter_trend2_validated,3238,2024-05-31,2024-06-11,-0.0060267570121149,2024,2024-03-31,learned_order_offset,20260910,0.44619955765953745,0.44619955765953745,0,0
quarter_volatility2_validated,3238,2024-05-31,2024-06-11,-0.0060267570121149,2024,2024-03-31,learned_order_offset,20260910,0.4128595738141019,0.4128595738141019,0,0
quarter_trend2_validated,3243,2024-06-07,2024-06-17,-0.0096686558937179,2024,2024-03-31,learned_order_offset,20260910,0.6254437339879714,0.6254437339879714,1,0
quarter_volatility2_validated,3243,2024-06-07,2024-06-17,-0.0096686558937179,2024,2024-03-31,learned_order_offset,20260910,0.5930530345515971,0.5930530345515971,1,0
quarter_trend2_validated,3247,2024-06-14,2024-06-24,-0.013573992457631,2024,2024-03-31,learned_order_offset,20260910,0.71648459870885,0.71648459870885,1,0
quarter_volatility2_validated,3247,2024-06-14,2024-06-24,-0.013573992457631,2024,2024-03-31,learned_order_offset,20260910,0.6880399837290658,0.6880399837290658,1,0
quarter_trend2_validated,3252,2024-06-21,2024-07-01,-0.004427632109257,2024,2024-03-31,learned_order_offset,20260910,0.4526436242684473,0.4526436242684473,0,0
quarter_volatility2_validated,3252,2024-06-21,2024-07-01,-0.004427632109257,2024,2024-03-31,learned_order_offset,20260910,0.41918660086040455,0.41918660086040455,0,0
quarter_trend2_validated,3257,2024-06-28,2024-07-08,-0.0108320369203009,2024,2024-03-31,learned_order_offset,20260910,0.5689843527024087,0.5689843527024087,1,0
quarter_volatility2_validated,3257,2024-06-28,2024-07-08,-0.0108320369203009,2024,2024-03-31,learned_order_offset,20260910,0.5353385217193769,0.5353385217193769,1,0
quarter_trend2_validated,3262,2024-07-05,2024-07-15,0.0122222871842843,2024,2024-06-30,learned_order_offset,20260910,0.5842448716823806,0.5842448716823806,1,1
quarter_volatility2_validated,3262,2024-07-05,2024-07-15,0.0122222871842843,2024,2024-06-30,learned_order_offset,20260910,0.534759231220864,0.534759231220864,1,1
quarter_trend2_validated,3267,2024-07-12,2024-07-22,0.0218881133018156,2024,2024-06-30,learned_order_offset,20260910,0.4936392396364766,0.4936392396364766,0,1
quarter_volatility2_validated,3267,2024-07-12,2024-07-22,0.0218881133018156,2024,2024-06-30,learned_order_offset,20260910,0.4436389001027623,0.4436389001027623,0,1
quarter_trend2_validated,3272,2024-07-19,2024-07-29,-0.0378787022382998,2024,2024-06-30,learned_order_offset,20260910,0.5295267723966676,0.5295267723966676,1,0
quarter_volatility2_validated,3272,2024-07-19,2024-07-29,-0.0378787022382998,2024,2024-06-30,learned_order_offset,20260910,0.4793324039391855,0.4793324039391855,0,0
quarter_trend2_validated,3277,2024-07-26,2024-08-05,-0.0124134568216732,2024,2024-06-30,learned_order_offset,20260910,0.534747071252778,0.534747071252778,1,0
quarter_volatility2_validated,3277,2024-07-26,2024-08-05,-0.0124134568216732,2024,2024-06-30,learned_order_offset,20260910,0.48456752698677047,0.48456752698677047,0,0
quarter_trend2_validated,3282,2024-08-02,2024-08-12,-0.0102762848330364,2024,2024-06-30,learned_order_offset,20260910,0.5292954801203056,0.5292954801203056,1,0
quarter_volatility2_validated,3282,2024-08-02,2024-08-12,-0.0102762848330364,2024,2024-06-30,learned_order_offset,20260910,0.47910070961533835,0.47910070961533835,0,0
quarter_trend2_validated,3287,2024-08-09,2024-08-19,0.0050186923751938,2024,2024-06-30,learned_order_offset,20260910,0.5750745514649787,0.5750745514649787,1,1
quarter_volatility2_validated,3287,2024-08-09,2024-08-19,0.0050186923751938,2024,2024-06-30,learned_order_offset,20260910,0.5253840984807038,0.5253840984807038,1,1
quarter_trend2_validated,3292,2024-08-16,2024-08-26,-0.0040487282687352,2024,2024-06-30,learned_order_offset,20260910,0.39186360794620234,0.39186360794620234,0,0
quarter_volatility2_validated,3292,2024-08-16,2024-08-26,-0.0040487282687352,2024,2024-06-30,learned_order_offset,20260910,0.34514538127310523,0.34514538127310523,0,0
quarter_trend2_validated,3297,2024-08-23,2024-09-02,-0.0069594562136714,2024,2024-06-30,learned_order_offset,20260910,0.30043221421652405,0.30043221421652405,0,0
quarter_volatility2_validated,3297,2024-08-23,2024-09-02,-0.0069594562136714,2024,2024-06-30,learned_order_offset,20260910,0.2599549473616131,0.2599549473616131,0,0
quarter_trend2_validated,3302,2024-08-30,2024-09-09,-0.0280389655151561,2024,2024-06-30,learned_order_offset,20260910,0.2705414281447007,0.2705414281447007,0,0
quarter_volatility2_validated,3302,2024-08-30,2024-09-09,-0.0280389655151561,2024,2024-06-30,learned_order_offset,20260910,0.23275147419655748,0.23275147419655748,0,0
quarter_trend2_validated,3307,2024-09-06,2024-09-18,-0.0174132138857783,2024,2024-06-30,learned_order_offset,20260910,0.2898359177118046,0.2898359177118046,0,0
quarter_volatility2_validated,3307,2024-09-06,2024-09-18,-0.0174132138857783,2024,2024-06-30,learned_order_offset,20260910,0.25027554226287757,0.25027554226287757,0,0
quarter_trend2_validated,3312,2024-09-13,2024-09-24,0.0133119329369826,2024,2024-06-30,learned_order_offset,20260910,0.33145087529619405,0.33145087529619405,0,1
quarter_volatility2_validated,3312,2024-09-13,2024-09-24,0.0133119329369826,2024,2024-06-30,learned_order_offset,20260910,0.28851803848068897,0.28851803848068897,0,1
quarter_trend2_validated,3315,2024-09-20,2024-09-30,0.2017513988384409,2024,2024-06-30,learned_order_offset,20260910,0.30890371440648795,0.30890371440648795,0,1
quarter_volatility2_validated,3315,2024-09-20,2024-09-30,0.2017513988384409,2024,2024-06-30,learned_order_offset,20260910,0.26772187777033046,0.26772187777033046,0,1
quarter_trend2_validated,3320,2024-09-27,2024-10-14,0.0178259004588408,2024,2024-06-30,learned_order_offset,20260910,0.5430894109936676,0.5430894109936676,1,1
quarter_volatility2_validated,3320,2024-09-27,2024-10-14,0.0178259004588408,2024,2024-06-30,learned_order_offset,20260910,0.5430894109936676,0.5430894109936676,1,1
quarter_trend2_validated,3325,2024-10-11,2024-10-21,0.0080914993282625,2024,2024-09-30,learned_order_offset,20260910,0.5826381124149342,0.5826381124149342,1,1
quarter_volatility2_validated,3325,2024-10-11,2024-10-21,0.0080914993282625,2024,2024-09-30,learned_order_offset,20260910,0.5826381124149342,0.5826381124149342,1,1
quarter_trend2_validated,3330,2024-10-18,2024-10-28,0.0015733867085561,2024,2024-09-30,learned_order_offset,20260910,0.5719329439518137,0.5719329439518137,1,1
quarter_volatility2_validated,3330,2024-10-18,2024-10-28,0.0015733867085561,2024,2024-09-30,learned_order_offset,20260910,0.5719329439518137,0.5719329439518137,1,1
quarter_trend2_validated,3335,2024-10-25,2024-11-04,-0.0140142824257356,2024,2024-09-30,learned_order_offset,20260910,0.5699230458006388,0.5699230458006388,1,0
quarter_volatility2_validated,3335,2024-10-25,2024-11-04,-0.0140142824257356,2024,2024-09-30,learned_order_offset,20260910,0.5699230458006388,0.5699230458006388,1,0
quarter_trend2_validated,3340,2024-11-01,2024-11-11,0.0434152361258277,2024,2024-09-30,learned_order_offset,20260910,0.5943872844245232,0.5943872844245232,1,1
quarter_volatility2_validated,3340,2024-11-01,2024-11-11,0.0434152361258277,2024,2024-09-30,learned_order_offset,20260910,0.5943872844245232,0.5943872844245232,1,1
quarter_trend2_validated,3345,2024-11-08,2024-11-18,-0.0208584853931589,2024,2024-09-30,learned_order_offset,20260910,0.4117587061424781,0.4117587061424781,0,0
quarter_volatility2_validated,3345,2024-11-08,2024-11-18,-0.0208584853931589,2024,2024-09-30,learned_order_offset,20260910,0.4117587061424781,0.4117587061424781,0,0
quarter_trend2_validated,3350,2024-11-15,2024-11-25,-0.0267421712161923,2024,2024-09-30,learned_order_offset,20260910,0.39692557218174884,0.39692557218174884,0,0
quarter_volatility2_validated,3350,2024-11-15,2024-11-25,-0.0267421712161923,2024,2024-09-30,learned_order_offset,20260910,0.39692557218174884,0.39692557218174884,0,0
quarter_trend2_validated,3355,2024-11-22,2024-12-02,0.0087960346887328,2024,2024-09-30,learned_order_offset,20260910,0.5105432513675927,0.5105432513675927,1,1
quarter_volatility2_validated,3355,2024-11-22,2024-12-02,0.0087960346887328,2024,2024-09-30,learned_order_offset,20260910,0.5105432513675927,0.5105432513675927,1,1
quarter_trend2_validated,3360,2024-11-29,2024-12-09,0.0155919891551781,2024,2024-09-30,learned_order_offset,20260910,0.5431521172921228,0.5431521172921228,1,1
quarter_volatility2_validated,3360,2024-11-29,2024-12-09,0.0155919891551781,2024,2024-09-30,learned_order_offset,20260910,0.5431521172921228,0.5431521172921228,1,1
quarter_trend2_validated,3365,2024-12-06,2024-12-16,-0.0100436703218104,2024,2024-09-30,learned_order_offset,20260910,0.4931973928594116,0.4931973928594116,0,0
quarter_volatility2_validated,3365,2024-12-06,2024-12-16,-0.0100436703218104,2024,2024-09-30,learned_order_offset,20260910,0.4931973928594116,0.4931973928594116,0,0
quarter_trend2_validated,3370,2024-12-13,2024-12-23,-0.0006690784017421,2024,2024-09-30,learned_order_offset,20260910,0.4157930804208651,0.4157930804208651,0,0
quarter_volatility2_validated,3370,2024-12-13,2024-12-23,-0.0006690784017421,2024,2024-09-30,learned_order_offset,20260910,0.4157930804208651,0.4157930804208651,0,0
quarter_trend2_validated,3375,2024-12-20,2024-12-30,0.0123595076562756,2024,2024-09-30,learned_order_offset,20260910,0.35365572271165413,0.35365572271165413,0,1
quarter_volatility2_validated,3375,2024-12-20,2024-12-30,0.0123595076562756,2024,2024-09-30,learned_order_offset,20260910,0.30244983765308714,0.30244983765308714,0,1
quarter_trend2_validated,3380,2024-12-27,2025-01-06,-0.0504714964669198,2024,2024-09-30,learned_order_offset,20260910,0.3182149884773887,0.3182149884773887,0,0
quarter_volatility2_validated,3380,2024-12-27,2025-01-06,-0.0504714964669198,2024,2024-09-30,learned_order_offset,20260910,0.26999700823746664,0.26999700823746664,0,0
quarter_trend2_validated,3144,2024-01-05,2024-01-15,-0.0158038409563566,2024,2023-12-31,learned_market,20260911,0.5054381986976906,0.5054381986976906,1,0
quarter_volatility2_validated,3144,2024-01-05,2024-01-15,-0.0158038409563566,2024,2023-12-31,learned_market,20260911,0.5054381986976906,0.5054381986976906,1,0
quarter_trend2_validated,3149,2024-01-12,2024-01-22,-0.002333261979756,2024,2023-12-31,learned_market,20260911,0.5344404908323787,0.5344404908323787,1,0
quarter_volatility2_validated,3149,2024-01-12,2024-01-22,-0.002333261979756,2024,2023-12-31,learned_market,20260911,0.5344404908323787,0.5344404908323787,1,0
quarter_trend2_validated,3154,2024-01-19,2024-01-29,0.0223511633823452,2024,2023-12-31,learned_market,20260911,0.6056082203678326,0.6056082203678326,1,1
quarter_volatility2_validated,3154,2024-01-19,2024-01-29,0.0223511633823452,2024,2023-12-31,learned_market,20260911,0.6056082203678326,0.6056082203678326,1,1
quarter_trend2_validated,3159,2024-01-26,2024-02-05,-0.0513103415192826,2024,2023-12-31,learned_market,20260911,0.536236284491504,0.536236284491504,1,0
quarter_volatility2_validated,3159,2024-01-26,2024-02-05,-0.0513103415192826,2024,2023-12-31,learned_market,20260911,0.536236284491504,0.536236284491504,1,0
quarter_trend2_validated,3164,2024-02-02,2024-02-26,0.1015374891364462,2024,2023-12-31,learned_market,20260911,0.5342416496354764,0.5342416496354764,1,1
quarter_volatility2_validated,3164,2024-02-02,2024-02-26,0.1015374891364462,2024,2023-12-31,learned_market,20260911,0.5342416496354764,0.5342416496354764,1,1
quarter_trend2_validated,3173,2024-02-23,2024-03-04,0.0151569053862528,2024,2023-12-31,learned_market,20260911,0.636064859077555,0.636064859077555,1,1
quarter_volatility2_validated,3173,2024-02-23,2024-03-04,0.0151569053862528,2024,2023-12-31,learned_market,20260911,0.636064859077555,0.636064859077555,1,1
quarter_trend2_validated,3178,2024-03-01,2024-03-11,0.0021394031715169,2024,2023-12-31,learned_market,20260911,0.5744958412225454,0.5744958412225454,1,1
quarter_volatility2_validated,3178,2024-03-01,2024-03-11,0.0021394031715169,2024,2023-12-31,learned_market,20260911,0.5744958412225454,0.5744958412225454,1,1
quarter_trend2_validated,3183,2024-03-08,2024-03-18,0.0087762342284414,2024,2023-12-31,learned_market,20260911,0.6235376359173743,0.6235376359173743,1,1
quarter_volatility2_validated,3183,2024-03-08,2024-03-18,0.0087762342284414,2024,2023-12-31,learned_market,20260911,0.6235376359173743,0.6235376359173743,1,1
quarter_trend2_validated,3188,2024-03-15,2024-03-25,-0.0112802133595746,2024,2023-12-31,learned_market,20260911,0.5250838960153138,0.5250838960153138,1,0
quarter_volatility2_validated,3188,2024-03-15,2024-03-25,-0.0112802133595746,2024,2023-12-31,learned_market,20260911,0.5250838960153138,0.5250838960153138,1,0
quarter_trend2_validated,3193,2024-03-22,2024-04-01,0.0042044725182444,2024,2023-12-31,learned_market,20260911,0.5710939352608271,0.5710939352608271,1,1
quarter_volatility2_validated,3193,2024-03-22,2024-04-01,0.0042044725182444,2024,2023-12-31,learned_market,20260911,0.5710939352608271,0.5710939352608271,1,1
quarter_trend2_validated,3198,2024-03-29,2024-04-15,-0.0219845815102011,2024,2023-12-31,learned_market,20260911,0.3834197760468657,0.3834197760468657,0,0
quarter_volatility2_validated,3198,2024-03-29,2024-04-15,-0.0219845815102011,2024,2023-12-31,learned_market,20260911,0.3834197760468657,0.3834197760468657,0,0
quarter_trend2_validated,3206,2024-04-12,2024-04-22,0.018045199366633,2024,2024-03-31,learned_market,20260911,0.4010137779932345,0.4010137779932345,0,1
quarter_volatility2_validated,3206,2024-04-12,2024-04-22,0.018045199366633,2024,2024-03-31,learned_market,20260911,0.3659366323423707,0.3659366323423707,0,1
quarter_trend2_validated,3211,2024-04-19,2024-04-29,0.0136757744232476,2024,2024-03-31,learned_market,20260911,0.6881239388416772,0.6881239388416772,1,1
quarter_volatility2_validated,3211,2024-04-19,2024-04-29,0.0136757744232476,2024,2024-03-31,learned_market,20260911,0.6554125975996905,0.6554125975996905,1,1
quarter_trend2_validated,3216,2024-04-26,2024-05-13,0.0172434956786644,2024,2024-03-31,learned_market,20260911,0.7017626392504613,0.7017626392504613,1,1
quarter_volatility2_validated,3216,2024-04-26,2024-05-13,0.0172434956786644,2024,2024-03-31,learned_market,20260911,0.6697953576473912,0.6697953576473912,1,1
quarter_trend2_validated,3223,2024-05-10,2024-05-20,0.0097933549988344,2024,2024-03-31,learned_market,20260911,0.34643372246634235,0.34643372246634235,0,1
quarter_volatility2_validated,3223,2024-05-10,2024-05-20,0.0097933549988344,2024,2024-03-31,learned_market,20260911,0.3136309825581568,0.3136309825581568,0,1
quarter_trend2_validated,3228,2024-05-17,2024-05-27,-0.0204803832637164,2024,2024-03-31,learned_market,20260911,0.4431227189539159,0.4431227189539159,0,0
quarter_volatility2_validated,3228,2024-05-17,2024-05-27,-0.0204803832637164,2024,2024-03-31,learned_market,20260911,0.40686416596587727,0.40686416596587727,0,0
quarter_trend2_validated,3233,2024-05-24,2024-06-03,-0.0081155643048258,2024,2024-03-31,learned_market,20260911,0.37604335071722716,0.37604335071722716,0,0
quarter_volatility2_validated,3233,2024-05-24,2024-06-03,-0.0081155643048258,2024,2024-03-31,learned_market,20260911,0.34190365207032924,0.34190365207032924,0,0
quarter_trend2_validated,3238,2024-05-31,2024-06-11,-0.0060267570121149,2024,2024-03-31,learned_market,20260911,0.4623695985721365,0.4623695985721365,0,0
quarter_volatility2_validated,3238,2024-05-31,2024-06-11,-0.0060267570121149,2024,2024-03-31,learned_market,20260911,0.42574018314580053,0.42574018314580053,0,0
quarter_trend2_validated,3243,2024-06-07,2024-06-17,-0.0096686558937179,2024,2024-03-31,learned_market,20260911,0.4582644121723416,0.4582644121723416,0,0
quarter_volatility2_validated,3243,2024-06-07,2024-06-17,-0.0096686558937179,2024,2024-03-31,learned_market,20260911,0.42170512094844376,0.42170512094844376,0,0
quarter_trend2_validated,3247,2024-06-14,2024-06-24,-0.013573992457631,2024,2024-03-31,learned_market,20260911,0.547653314525006,0.547653314525006,1,0
quarter_volatility2_validated,3247,2024-06-14,2024-06-24,-0.013573992457631,2024,2024-03-31,learned_market,20260911,0.5106852865468885,0.5106852865468885,1,0
quarter_trend2_validated,3252,2024-06-21,2024-07-01,-0.004427632109257,2024,2024-03-31,learned_market,20260911,0.47189161681005365,0.47189161681005365,0,0
quarter_volatility2_validated,3252,2024-06-21,2024-07-01,-0.004427632109257,2024,2024-03-31,learned_market,20260911,0.43511836764917694,0.43511836764917694,0,0
quarter_trend2_validated,3257,2024-06-28,2024-07-08,-0.0108320369203009,2024,2024-03-31,learned_market,20260911,0.5123469688343429,0.5123469688343429,1,0
quarter_volatility2_validated,3257,2024-06-28,2024-07-08,-0.0108320369203009,2024,2024-03-31,learned_market,20260911,0.475258227246939,0.475258227246939,0,0
quarter_trend2_validated,3262,2024-07-05,2024-07-15,0.0122222871842843,2024,2024-06-30,learned_market,20260911,0.45126286241747676,0.45126286241747676,0,1
quarter_volatility2_validated,3262,2024-07-05,2024-07-15,0.0122222871842843,2024,2024-06-30,learned_market,20260911,0.3960874264998313,0.3960874264998313,0,1
quarter_trend2_validated,3267,2024-07-12,2024-07-22,0.0218881133018156,2024,2024-06-30,learned_market,20260911,0.5332769498693494,0.5332769498693494,1,1
quarter_volatility2_validated,3267,2024-07-12,2024-07-22,0.0218881133018156,2024,2024-06-30,learned_market,20260911,0.47678667095499744,0.47678667095499744,0,1
quarter_trend2_validated,3272,2024-07-19,2024-07-29,-0.0378787022382998,2024,2024-06-30,learned_market,20260911,0.40748796116344355,0.40748796116344355,0,0
quarter_volatility2_validated,3272,2024-07-19,2024-07-29,-0.0378787022382998,2024,2024-06-30,learned_market,20260911,0.3542099186160601,0.3542099186160601,0,0
quarter_trend2_validated,3277,2024-07-26,2024-08-05,-0.0124134568216732,2024,2024-06-30,learned_market,20260911,0.478355530473102,0.478355530473102,0,0
quarter_volatility2_validated,3277,2024-07-26,2024-08-05,-0.0124134568216732,2024,2024-06-30,learned_market,20260911,0.42241753396690573,0.42241753396690573,0,0
quarter_trend2_validated,3282,2024-08-02,2024-08-12,-0.0102762848330364,2024,2024-06-30,learned_market,20260911,0.3834188816798506,0.3834188816798506,0,0
quarter_volatility2_validated,3282,2024-08-02,2024-08-12,-0.0102762848330364,2024,2024-06-30,learned_market,20260911,0.331526992880911,0.331526992880911,0,0
quarter_trend2_validated,3287,2024-08-09,2024-08-19,0.0050186923751938,2024,2024-06-30,learned_market,20260911,0.42469973553977347,0.42469973553977347,0,1
quarter_volatility2_validated,3287,2024-08-09,2024-08-19,0.0050186923751938,2024,2024-06-30,learned_market,20260911,0.37057877691049607,0.37057877691049607,0,1
quarter_trend2_validated,3292,2024-08-16,2024-08-26,-0.0040487282687352,2024,2024-06-30,learned_market,20260911,0.29687018071515625,0.29687018071515625,0,0
quarter_volatility2_validated,3292,2024-08-16,2024-08-26,-0.0040487282687352,2024,2024-06-30,learned_market,20260911,0.2519062014499014,0.2519062014499014,0,0
quarter_trend2_validated,3297,2024-08-23,2024-09-02,-0.0069594562136714,2024,2024-06-30,learned_market,20260911,0.34723831026140495,0.34723831026140495,0,0
quarter_volatility2_validated,3297,2024-08-23,2024-09-02,-0.0069594562136714,2024,2024-06-30,learned_market,20260911,0.29787745695867346,0.29787745695867346,0,0
quarter_trend2_validated,3302,2024-08-30,2024-09-09,-0.0280389655151561,2024,2024-06-30,learned_market,20260911,0.338131357699674,0.338131357699674,0,0
quarter_volatility2_validated,3302,2024-08-30,2024-09-09,-0.0280389655151561,2024,2024-06-30,learned_market,20260911,0.2894909544106383,0.2894909544106383,0,0
quarter_trend2_validated,3307,2024-09-06,2024-09-18,-0.0174132138857783,2024,2024-06-30,learned_market,20260911,0.3981701161949381,0.3981701161949381,0,0
quarter_volatility2_validated,3307,2024-09-06,2024-09-18,-0.0174132138857783,2024,2024-06-30,learned_market,20260911,0.345400169191235,0.345400169191235,0,0
quarter_trend2_validated,3312,2024-09-13,2024-09-24,0.0133119329369826,2024,2024-06-30,learned_market,20260911,0.4602703023881774,0.4602703023881774,0,1
quarter_volatility2_validated,3312,2024-09-13,2024-09-24,0.0133119329369826,2024,2024-06-30,learned_market,20260911,0.40480599278530516,0.40480599278530516,0,1
quarter_trend2_validated,3315,2024-09-20,2024-09-30,0.2017513988384409,2024,2024-06-30,learned_market,20260911,0.48844687615774224,0.48844687615774224,0,1
quarter_volatility2_validated,3315,2024-09-20,2024-09-30,0.2017513988384409,2024,2024-06-30,learned_market,20260911,0.43230678012318163,0.43230678012318163,0,1
quarter_trend2_validated,3320,2024-09-27,2024-10-14,0.0178259004588408,2024,2024-06-30,learned_market,20260911,0.6935862325010999,0.6935862325010999,1,1
quarter_volatility2_validated,3320,2024-09-27,2024-10-14,0.0178259004588408,2024,2024-06-30,learned_market,20260911,0.6935862325010999,0.6935862325010999,1,1
quarter_trend2_validated,3325,2024-10-11,2024-10-21,0.0080914993282625,2024,2024-09-30,learned_market,20260911,0.7037035552786773,0.7037035552786773,1,1
quarter_volatility2_validated,3325,2024-10-11,2024-10-21,0.0080914993282625,2024,2024-09-30,learned_market,20260911,0.7037035552786773,0.7037035552786773,1,1
quarter_trend2_validated,3330,2024-10-18,2024-10-28,0.0015733867085561,2024,2024-09-30,learned_market,20260911,0.6276974127279125,0.6276974127279125,1,1
quarter_volatility2_validated,3330,2024-10-18,2024-10-28,0.0015733867085561,2024,2024-09-30,learned_market,20260911,0.6276974127279125,0.6276974127279125,1,1
quarter_trend2_validated,3335,2024-10-25,2024-11-04,-0.0140142824257356,2024,2024-09-30,learned_market,20260911,0.45809633325380006,0.45809633325380006,0,0
quarter_volatility2_validated,3335,2024-10-25,2024-11-04,-0.0140142824257356,2024,2024-09-30,learned_market,20260911,0.45809633325380006,0.45809633325380006,0,0
quarter_trend2_validated,3340,2024-11-01,2024-11-11,0.0434152361258277,2024,2024-09-30,learned_market,20260911,0.4000970572378428,0.4000970572378428,0,1
quarter_volatility2_validated,3340,2024-11-01,2024-11-11,0.0434152361258277,2024,2024-09-30,learned_market,20260911,0.4000970572378428,0.4000970572378428,0,1
quarter_trend2_validated,3345,2024-11-08,2024-11-18,-0.0208584853931589,2024,2024-09-30,learned_market,20260911,0.40593736915879713,0.40593736915879713,0,0
quarter_volatility2_validated,3345,2024-11-08,2024-11-18,-0.0208584853931589,2024,2024-09-30,learned_market,20260911,0.40593736915879713,0.40593736915879713,0,0
quarter_trend2_validated,3350,2024-11-15,2024-11-25,-0.0267421712161923,2024,2024-09-30,learned_market,20260911,0.455730074665633,0.455730074665633,0,0
quarter_volatility2_validated,3350,2024-11-15,2024-11-25,-0.0267421712161923,2024,2024-09-30,learned_market,20260911,0.455730074665633,0.455730074665633,0,0
quarter_trend2_validated,3355,2024-11-22,2024-12-02,0.0087960346887328,2024,2024-09-30,learned_market,20260911,0.3896395612224614,0.3896395612224614,0,1
quarter_volatility2_validated,3355,2024-11-22,2024-12-02,0.0087960346887328,2024,2024-09-30,learned_market,20260911,0.3896395612224614,0.3896395612224614,0,1
quarter_trend2_validated,3360,2024-11-29,2024-12-09,0.0155919891551781,2024,2024-09-30,learned_market,20260911,0.5648004239815676,0.5648004239815676,1,1
quarter_volatility2_validated,3360,2024-11-29,2024-12-09,0.0155919891551781,2024,2024-09-30,learned_market,20260911,0.5648004239815676,0.5648004239815676,1,1
quarter_trend2_validated,3365,2024-12-06,2024-12-16,-0.0100436703218104,2024,2024-09-30,learned_market,20260911,0.4339892041348209,0.4339892041348209,0,0
quarter_volatility2_validated,3365,2024-12-06,2024-12-16,-0.0100436703218104,2024,2024-09-30,learned_market,20260911,0.4339892041348209,0.4339892041348209,0,0
quarter_trend2_validated,3370,2024-12-13,2024-12-23,-0.0006690784017421,2024,2024-09-30,learned_market,20260911,0.31485157623264104,0.31485157623264104,0,0
quarter_volatility2_validated,3370,2024-12-13,2024-12-23,-0.0006690784017421,2024,2024-09-30,learned_market,20260911,0.31485157623264104,0.31485157623264104,0,0
quarter_trend2_validated,3375,2024-12-20,2024-12-30,0.0123595076562756,2024,2024-09-30,learned_market,20260911,0.30917200008354345,0.30917200008354345,0,1
quarter_volatility2_validated,3375,2024-12-20,2024-12-30,0.0123595076562756,2024,2024-09-30,learned_market,20260911,0.30917200008354345,0.30917200008354345,0,1
quarter_trend2_validated,3380,2024-12-27,2025-01-06,-0.0504714964669198,2024,2024-09-30,learned_market,20260911,0.5719698356929027,0.5719698356929027,1,0
quarter_volatility2_validated,3380,2024-12-27,2025-01-06,-0.0504714964669198,2024,2024-09-30,learned_market,20260911,0.5719698356929027,0.5719698356929027,1,0
quarter_trend2_validated,3144,2024-01-05,2024-01-15,-0.0158038409563566,2024,2023-12-31,learned_vol_interaction,20260911,0.5055907048902185,0.5055907048902185,1,0
quarter_volatility2_validated,3144,2024-01-05,2024-01-15,-0.0158038409563566,2024,2023-12-31,learned_vol_interaction,20260911,0.5055907048902185,0.5055907048902185,1,0
quarter_trend2_validated,3149,2024-01-12,2024-01-22,-0.002333261979756,2024,2023-12-31,learned_vol_interaction,20260911,0.5345697430715253,0.5345697430715253,1,0
quarter_volatility2_validated,3149,2024-01-12,2024-01-22,-0.002333261979756,2024,2023-12-31,learned_vol_interaction,20260911,0.5345697430715253,0.5345697430715253,1,0
quarter_trend2_validated,3154,2024-01-19,2024-01-29,0.0223511633823452,2024,2023-12-31,learned_vol_interaction,20260911,0.6057144516952688,0.6057144516952688,1,1
quarter_volatility2_validated,3154,2024-01-19,2024-01-29,0.0223511633823452,2024,2023-12-31,learned_vol_interaction,20260911,0.6057144516952688,0.6057144516952688,1,1
quarter_trend2_validated,3159,2024-01-26,2024-02-05,-0.0513103415192826,2024,2023-12-31,learned_vol_interaction,20260911,0.5360497014286747,0.5360497014286747,1,0
quarter_volatility2_validated,3159,2024-01-26,2024-02-05,-0.0513103415192826,2024,2023-12-31,learned_vol_interaction,20260911,0.5360497014286747,0.5360497014286747,1,0
quarter_trend2_validated,3164,2024-02-02,2024-02-26,0.1015374891364462,2024,2023-12-31,learned_vol_interaction,20260911,0.5340699292580867,0.5340699292580867,1,1
quarter_volatility2_validated,3164,2024-02-02,2024-02-26,0.1015374891364462,2024,2023-12-31,learned_vol_interaction,20260911,0.5340699292580867,0.5340699292580867,1,1
quarter_trend2_validated,3173,2024-02-23,2024-03-04,0.0151569053862528,2024,2023-12-31,learned_vol_interaction,20260911,0.635598842460853,0.635598842460853,1,1
quarter_volatility2_validated,3173,2024-02-23,2024-03-04,0.0151569053862528,2024,2023-12-31,learned_vol_interaction,20260911,0.635598842460853,0.635598842460853,1,1
quarter_trend2_validated,3178,2024-03-01,2024-03-11,0.0021394031715169,2024,2023-12-31,learned_vol_interaction,20260911,0.5740233508322927,0.5740233508322927,1,1
quarter_volatility2_validated,3178,2024-03-01,2024-03-11,0.0021394031715169,2024,2023-12-31,learned_vol_interaction,20260911,0.5740233508322927,0.5740233508322927,1,1
quarter_trend2_validated,3183,2024-03-08,2024-03-18,0.0087762342284414,2024,2023-12-31,learned_vol_interaction,20260911,0.6228491427098055,0.6228491427098055,1,1
quarter_volatility2_validated,3183,2024-03-08,2024-03-18,0.0087762342284414,2024,2023-12-31,learned_vol_interaction,20260911,0.6228491427098055,0.6228491427098055,1,1
quarter_trend2_validated,3188,2024-03-15,2024-03-25,-0.0112802133595746,2024,2023-12-31,learned_vol_interaction,20260911,0.5244855050624243,0.5244855050624243,1,0
quarter_volatility2_validated,3188,2024-03-15,2024-03-25,-0.0112802133595746,2024,2023-12-31,learned_vol_interaction,20260911,0.5244855050624243,0.5244855050624243,1,0
quarter_trend2_validated,3193,2024-03-22,2024-04-01,0.0042044725182444,2024,2023-12-31,learned_vol_interaction,20260911,0.5705279783235351,0.5705279783235351,1,1
quarter_volatility2_validated,3193,2024-03-22,2024-04-01,0.0042044725182444,2024,2023-12-31,learned_vol_interaction,20260911,0.5705279783235351,0.5705279783235351,1,1
quarter_trend2_validated,3198,2024-03-29,2024-04-15,-0.0219845815102011,2024,2023-12-31,learned_vol_interaction,20260911,0.38271605688876176,0.38271605688876176,0,0
quarter_volatility2_validated,3198,2024-03-29,2024-04-15,-0.0219845815102011,2024,2023-12-31,learned_vol_interaction,20260911,0.38271605688876176,0.38271605688876176,0,0
quarter_trend2_validated,3206,2024-04-12,2024-04-22,0.018045199366633,2024,2024-03-31,learned_vol_interaction,20260911,0.4005671244257861,0.4005671244257861,0,1
quarter_volatility2_validated,3206,2024-04-12,2024-04-22,0.018045199366633,2024,2024-03-31,learned_vol_interaction,20260911,0.364344357260996,0.364344357260996,0,1
quarter_trend2_validated,3211,2024-04-19,2024-04-29,0.0136757744232476,2024,2024-03-31,learned_vol_interaction,20260911,0.6887193746097363,0.6887193746097363,1,1
quarter_volatility2_validated,3211,2024-04-19,2024-04-29,0.0136757744232476,2024,2024-03-31,learned_vol_interaction,20260911,0.6549081053484264,0.6549081053484264,1,1
quarter_trend2_validated,3216,2024-04-26,2024-05-13,0.0172434956786644,2024,2024-03-31,learned_vol_interaction,20260911,0.7022970676469774,0.7022970676469774,1,1
quarter_volatility2_validated,3216,2024-04-26,2024-05-13,0.0172434956786644,2024,2024-03-31,learned_vol_interaction,20260911,0.6692523506915403,0.6692523506915403,1,1
quarter_trend2_validated,3223,2024-05-10,2024-05-20,0.0097933549988344,2024,2024-03-31,learned_vol_interaction,20260911,0.3455594321474703,0.3455594321474703,0,1
quarter_volatility2_validated,3223,2024-05-10,2024-05-20,0.0097933549988344,2024,2024-03-31,learned_vol_interaction,20260911,0.3117241585466332,0.3117241585466332,0,1
quarter_trend2_validated,3228,2024-05-17,2024-05-27,-0.0204803832637164,2024,2024-03-31,learned_vol_interaction,20260911,0.44349832999365935,0.44349832999365935,0,0
quarter_volatility2_validated,3228,2024-05-17,2024-05-27,-0.0204803832637164,2024,2024-03-31,learned_vol_interaction,20260911,0.4060229478216008,0.4060229478216008,0,0
quarter_trend2_validated,3233,2024-05-24,2024-06-03,-0.0081155643048258,2024,2024-03-31,learned_vol_interaction,20260911,0.37584176621168797,0.37584176621168797,0,0
quarter_volatility2_validated,3233,2024-05-24,2024-06-03,-0.0081155643048258,2024,2024-03-31,learned_vol_interaction,20260911,0.3405845024206921,0.3405845024206921,0,0
quarter_trend2_validated,3238,2024-05-31,2024-06-11,-0.0060267570121149,2024,2024-03-31,learned_vol_interaction,20260911,0.462679170258509,0.462679170258509,0,0
quarter_volatility2_validated,3238,2024-05-31,2024-06-11,-0.0060267570121149,2024,2024-03-31,learned_vol_interaction,20260911,0.4248202754700681,0.4248202754700681,0,0
quarter_trend2_validated,3243,2024-06-07,2024-06-17,-0.0096686558937179,2024,2024-03-31,learned_vol_interaction,20260911,0.45791502581125104,0.45791502581125104,0,0
quarter_volatility2_validated,3243,2024-06-07,2024-06-17,-0.0096686558937179,2024,2024-03-31,learned_vol_interaction,20260911,0.42014114523834434,0.42014114523834434,0,0
quarter_trend2_validated,3247,2024-06-14,2024-06-24,-0.013573992457631,2024,2024-03-31,learned_vol_interaction,20260911,0.5487064397258339,0.5487064397258339,1,0
quarter_volatility2_validated,3247,2024-06-14,2024-06-24,-0.013573992457631,2024,2024-03-31,learned_vol_interaction,20260911,0.5104961258211199,0.5104961258211199,1,0
quarter_trend2_validated,3252,2024-06-21,2024-07-01,-0.004427632109257,2024,2024-03-31,learned_vol_interaction,20260911,0.4727875387503036,0.4727875387503036,0,0
quarter_volatility2_validated,3252,2024-06-21,2024-07-01,-0.004427632109257,2024,2024-03-31,learned_vol_interaction,20260911,0.4347707842777936,0.4347707842777936,0,0
quarter_trend2_validated,3257,2024-06-28,2024-07-08,-0.0108320369203009,2024,2024-03-31,learned_vol_interaction,20260911,0.5132044653177142,0.5132044653177142,1,0
quarter_volatility2_validated,3257,2024-06-28,2024-07-08,-0.0108320369203009,2024,2024-03-31,learned_vol_interaction,20260911,0.474865023402622,0.474865023402622,0,0
quarter_trend2_validated,3262,2024-07-05,2024-07-15,0.0122222871842843,2024,2024-06-30,learned_vol_interaction,20260911,0.4522611437941403,0.4522611437941403,0,1
quarter_volatility2_validated,3262,2024-07-05,2024-07-15,0.0122222871842843,2024,2024-06-30,learned_vol_interaction,20260911,0.39521639154951366,0.39521639154951366,0,1
quarter_trend2_validated,3267,2024-07-12,2024-07-22,0.0218881133018156,2024,2024-06-30,learned_vol_interaction,20260911,0.534956256393257,0.534956256393257,1,1
quarter_volatility2_validated,3267,2024-07-12,2024-07-22,0.0218881133018156,2024,2024-06-30,learned_vol_interaction,20260911,0.4765559768597226,0.4765559768597226,0,1
quarter_trend2_validated,3272,2024-07-19,2024-07-29,-0.0378787022382998,2024,2024-06-30,learned_vol_interaction,20260911,0.40803032188098237,0.40803032188098237,0,0
quarter_volatility2_validated,3272,2024-07-19,2024-07-29,-0.0378787022382998,2024,2024-06-30,learned_vol_interaction,20260911,0.3529693737697001,0.3529693737697001,0,0
quarter_trend2_validated,3277,2024-07-26,2024-08-05,-0.0124134568216732,2024,2024-06-30,learned_vol_interaction,20260911,0.47904891822544815,0.47904891822544815,0,0
quarter_volatility2_validated,3277,2024-07-26,2024-08-05,-0.0124134568216732,2024,2024-06-30,learned_vol_interaction,20260911,0.4212237396310236,0.4212237396310236,0,0
quarter_trend2_validated,3282,2024-08-02,2024-08-12,-0.0102762848330364,2024,2024-06-30,learned_vol_interaction,20260911,0.3835304997712279,0.3835304997712279,0,0
quarter_volatility2_validated,3282,2024-08-02,2024-08-12,-0.0102762848330364,2024,2024-06-30,learned_vol_interaction,20260911,0.32993299800747783,0.32993299800747783,0,0
quarter_trend2_validated,3287,2024-08-09,2024-08-19,0.0050186923751938,2024,2024-06-30,learned_vol_interaction,20260911,0.4241805247030577,0.4241805247030577,0,1
quarter_volatility2_validated,3287,2024-08-09,2024-08-19,0.0050186923751938,2024,2024-06-30,learned_vol_interaction,20260911,0.3682961129540976,0.3682961129540976,0,1
quarter_trend2_validated,3292,2024-08-16,2024-08-26,-0.0040487282687352,2024,2024-06-30,learned_vol_interaction,20260911,0.2956504689782993,0.2956504689782993,0,0
quarter_volatility2_validated,3292,2024-08-16,2024-08-26,-0.0040487282687352,2024,2024-06-30,learned_vol_interaction,20260911,0.24936623529530763,0.24936623529530763,0,0
quarter_trend2_validated,3297,2024-08-23,2024-09-02,-0.0069594562136714,2024,2024-06-30,learned_vol_interaction,20260911,0.3460155814509531,0.3460155814509531,0,0
quarter_volatility2_validated,3297,2024-08-23,2024-09-02,-0.0069594562136714,2024,2024-06-30,learned_vol_interaction,20260911,0.29515066191513356,0.29515066191513356,0,0
quarter_trend2_validated,3302,2024-08-30,2024-09-09,-0.0280389655151561,2024,2024-06-30,learned_vol_interaction,20260911,0.33759368552448255,0.33759368552448255,0,0
quarter_volatility2_validated,3302,2024-08-30,2024-09-09,-0.0280389655151561,2024,2024-06-30,learned_vol_interaction,20260911,0.28742269060513437,0.28742269060513437,0,0
quarter_trend2_validated,3307,2024-09-06,2024-09-18,-0.0174132138857783,2024,2024-06-30,learned_vol_interaction,20260911,0.397975241873378,0.397975241873378,0,0
quarter_volatility2_validated,3307,2024-09-06,2024-09-18,-0.0174132138857783,2024,2024-06-30,learned_vol_interaction,20260911,0.3434838530462841,0.3434838530462841,0,0
quarter_trend2_validated,3312,2024-09-13,2024-09-24,0.0133119329369826,2024,2024-06-30,learned_vol_interaction,20260911,0.461342267631887,0.461342267631887,0,1
quarter_volatility2_validated,3312,2024-09-13,2024-09-24,0.0133119329369826,2024,2024-06-30,learned_vol_interaction,20260911,0.40399692440593127,0.40399692440593127,0,1
quarter_trend2_validated,3315,2024-09-20,2024-09-30,0.2017513988384409,2024,2024-06-30,learned_vol_interaction,20260911,0.4886156386697026,0.4886156386697026,0,1
quarter_volatility2_validated,3315,2024-09-20,2024-09-30,0.2017513988384409,2024,2024-06-30,learned_vol_interaction,20260911,0.4305901587066117,0.4305901587066117,0,1
quarter_trend2_validated,3320,2024-09-27,2024-10-14,0.0178259004588408,2024,2024-06-30,learned_vol_interaction,20260911,0.6918366307791042,0.6918366307791042,1,1
quarter_volatility2_validated,3320,2024-09-27,2024-10-14,0.0178259004588408,2024,2024-06-30,learned_vol_interaction,20260911,0.6918366307791042,0.6918366307791042,1,1
quarter_trend2_validated,3325,2024-10-11,2024-10-21,0.0080914993282625,2024,2024-09-30,learned_vol_interaction,20260911,0.7018703597644868,0.7018703597644868,1,1
quarter_volatility2_validated,3325,2024-10-11,2024-10-21,0.0080914993282625,2024,2024-09-30,learned_vol_interaction,20260911,0.7018703597644868,0.7018703597644868,1,1
quarter_trend2_validated,3330,2024-10-18,2024-10-28,0.0015733867085561,2024,2024-09-30,learned_vol_interaction,20260911,0.6274387204351971,0.6274387204351971,1,1
quarter_volatility2_validated,3330,2024-10-18,2024-10-28,0.0015733867085561,2024,2024-09-30,learned_vol_interaction,20260911,0.6274387204351971,0.6274387204351971,1,1
quarter_trend2_validated,3335,2024-10-25,2024-11-04,-0.0140142824257356,2024,2024-09-30,learned_vol_interaction,20260911,0.4612473434817257,0.4612473434817257,0,0
quarter_volatility2_validated,3335,2024-10-25,2024-11-04,-0.0140142824257356,2024,2024-09-30,learned_vol_interaction,20260911,0.4612473434817257,0.4612473434817257,0,0
quarter_trend2_validated,3340,2024-11-01,2024-11-11,0.0434152361258277,2024,2024-09-30,learned_vol_interaction,20260911,0.40396264616491484,0.40396264616491484,0,1
quarter_volatility2_validated,3340,2024-11-01,2024-11-11,0.0434152361258277,2024,2024-09-30,learned_vol_interaction,20260911,0.40396264616491484,0.40396264616491484,0,1
quarter_trend2_validated,3345,2024-11-08,2024-11-18,-0.0208584853931589,2024,2024-09-30,learned_vol_interaction,20260911,0.4058838104038455,0.4058838104038455,0,0
quarter_volatility2_validated,3345,2024-11-08,2024-11-18,-0.0208584853931589,2024,2024-09-30,learned_vol_interaction,20260911,0.4058838104038455,0.4058838104038455,0,0
quarter_trend2_validated,3350,2024-11-15,2024-11-25,-0.0267421712161923,2024,2024-09-30,learned_vol_interaction,20260911,0.4556461044457154,0.4556461044457154,0,0
quarter_volatility2_validated,3350,2024-11-15,2024-11-25,-0.0267421712161923,2024,2024-09-30,learned_vol_interaction,20260911,0.4556461044457154,0.4556461044457154,0,0
quarter_trend2_validated,3355,2024-11-22,2024-12-02,0.0087960346887328,2024,2024-09-30,learned_vol_interaction,20260911,0.3897555680643098,0.3897555680643098,0,1
quarter_volatility2_validated,3355,2024-11-22,2024-12-02,0.0087960346887328,2024,2024-09-30,learned_vol_interaction,20260911,0.3897555680643098,0.3897555680643098,0,1
quarter_trend2_validated,3360,2024-11-29,2024-12-09,0.0155919891551781,2024,2024-09-30,learned_vol_interaction,20260911,0.5639943448578677,0.5639943448578677,1,1
quarter_volatility2_validated,3360,2024-11-29,2024-12-09,0.0155919891551781,2024,2024-09-30,learned_vol_interaction,20260911,0.5639943448578677,0.5639943448578677,1,1
quarter_trend2_validated,3365,2024-12-06,2024-12-16,-0.0100436703218104,2024,2024-09-30,learned_vol_interaction,20260911,0.43406190636390596,0.43406190636390596,0,0
quarter_volatility2_validated,3365,2024-12-06,2024-12-16,-0.0100436703218104,2024,2024-09-30,learned_vol_interaction,20260911,0.43406190636390596,0.43406190636390596,0,0
quarter_trend2_validated,3370,2024-12-13,2024-12-23,-0.0006690784017421,2024,2024-09-30,learned_vol_interaction,20260911,0.31406271260453134,0.31406271260453134,0,0
quarter_volatility2_validated,3370,2024-12-13,2024-12-23,-0.0006690784017421,2024,2024-09-30,learned_vol_interaction,20260911,0.31406271260453134,0.31406271260453134,0,0
quarter_trend2_validated,3375,2024-12-20,2024-12-30,0.0123595076562756,2024,2024-09-30,learned_vol_interaction,20260911,0.3085226494455729,0.3085226494455729,0,1
quarter_volatility2_validated,3375,2024-12-20,2024-12-30,0.0123595076562756,2024,2024-09-30,learned_vol_interaction,20260911,0.2556667941290903,0.2556667941290903,0,1
quarter_trend2_validated,3380,2024-12-27,2025-01-06,-0.0504714964669198,2024,2024-09-30,learned_vol_interaction,20260911,0.5726178987535363,0.5726178987535363,1,0
quarter_volatility2_validated,3380,2024-12-27,2025-01-06,-0.0504714964669198,2024,2024-09-30,learned_vol_interaction,20260911,0.5077397677988309,0.5077397677988309,1,0
quarter_trend2_validated,3144,2024-01-05,2024-01-15,-0.0158038409563566,2024,2023-12-31,learned_order_extension,20260911,0.5046246382575834,0.5046246382575834,1,0
quarter_volatility2_validated,3144,2024-01-05,2024-01-15,-0.0158038409563566,2024,2023-12-31,learned_order_extension,20260911,0.5046246382575834,0.5046246382575834,1,0
quarter_trend2_validated,3149,2024-01-12,2024-01-22,-0.002333261979756,2024,2023-12-31,learned_order_extension,20260911,0.5273727883107168,0.5273727883107168,1,0
quarter_volatility2_validated,3149,2024-01-12,2024-01-22,-0.002333261979756,2024,2023-12-31,learned_order_extension,20260911,0.5273727883107168,0.5273727883107168,1,0
quarter_trend2_validated,3154,2024-01-19,2024-01-29,0.0223511633823452,2024,2023-12-31,learned_order_extension,20260911,0.6361976645125996,0.6361976645125996,1,1
quarter_volatility2_validated,3154,2024-01-19,2024-01-29,0.0223511633823452,2024,2023-12-31,learned_order_extension,20260911,0.6361976645125996,0.6361976645125996,1,1
quarter_trend2_validated,3159,2024-01-26,2024-02-05,-0.0513103415192826,2024,2023-12-31,learned_order_extension,20260911,0.5444608640891567,0.5444608640891567,1,0
quarter_volatility2_validated,3159,2024-01-26,2024-02-05,-0.0513103415192826,2024,2023-12-31,learned_order_extension,20260911,0.5444608640891567,0.5444608640891567,1,0
quarter_trend2_validated,3164,2024-02-02,2024-02-26,0.1015374891364462,2024,2023-12-31,learned_order_extension,20260911,0.545031438848448,0.545031438848448,1,1
quarter_volatility2_validated,3164,2024-02-02,2024-02-26,0.1015374891364462,2024,2023-12-31,learned_order_extension,20260911,0.545031438848448,0.545031438848448,1,1
quarter_trend2_validated,3173,2024-02-23,2024-03-04,0.0151569053862528,2024,2023-12-31,learned_order_extension,20260911,0.6125199424254827,0.6125199424254827,1,1
quarter_volatility2_validated,3173,2024-02-23,2024-03-04,0.0151569053862528,2024,2023-12-31,learned_order_extension,20260911,0.6125199424254827,0.6125199424254827,1,1
quarter_trend2_validated,3178,2024-03-01,2024-03-11,0.0021394031715169,2024,2023-12-31,learned_order_extension,20260911,0.5496769035930799,0.5496769035930799,1,1
quarter_volatility2_validated,3178,2024-03-01,2024-03-11,0.0021394031715169,2024,2023-12-31,learned_order_extension,20260911,0.5496769035930799,0.5496769035930799,1,1
quarter_trend2_validated,3183,2024-03-08,2024-03-18,0.0087762342284414,2024,2023-12-31,learned_order_extension,20260911,0.5653384521782018,0.5653384521782018,1,1
quarter_volatility2_validated,3183,2024-03-08,2024-03-18,0.0087762342284414,2024,2023-12-31,learned_order_extension,20260911,0.5653384521782018,0.5653384521782018,1,1
quarter_trend2_validated,3188,2024-03-15,2024-03-25,-0.0112802133595746,2024,2023-12-31,learned_order_extension,20260911,0.4741066250462846,0.4741066250462846,0,0
quarter_volatility2_validated,3188,2024-03-15,2024-03-25,-0.0112802133595746,2024,2023-12-31,learned_order_extension,20260911,0.4741066250462846,0.4741066250462846,0,0
quarter_trend2_validated,3193,2024-03-22,2024-04-01,0.0042044725182444,2024,2023-12-31,learned_order_extension,20260911,0.5034201205076809,0.5034201205076809,1,1
quarter_volatility2_validated,3193,2024-03-22,2024-04-01,0.0042044725182444,2024,2023-12-31,learned_order_extension,20260911,0.5034201205076809,0.5034201205076809,1,1
quarter_trend2_validated,3198,2024-03-29,2024-04-15,-0.0219845815102011,2024,2023-12-31,learned_order_extension,20260911,0.3647496103237538,0.3647496103237538,0,0
quarter_volatility2_validated,3198,2024-03-29,2024-04-15,-0.0219845815102011,2024,2023-12-31,learned_order_extension,20260911,0.3647496103237538,0.3647496103237538,0,0
quarter_trend2_validated,3206,2024-04-12,2024-04-22,0.018045199366633,2024,2024-03-31,learned_order_extension,20260911,0.3866844940005672,0.3866844940005672,0,1
quarter_volatility2_validated,3206,2024-04-12,2024-04-22,0.018045199366633,2024,2024-03-31,learned_order_extension,20260911,0.35096318886411715,0.35096318886411715,0,1
quarter_trend2_validated,3211,2024-04-19,2024-04-29,0.0136757744232476,2024,2024-03-31,learned_order_extension,20260911,0.5343459488053159,0.5343459488053159,1,1
quarter_volatility2_validated,3211,2024-04-19,2024-04-29,0.0136757744232476,2024,2024-03-31,learned_order_extension,20260911,0.49601578385906153,0.49601578385906153,0,1
quarter_trend2_validated,3216,2024-04-26,2024-05-13,0.0172434956786644,2024,2024-03-31,learned_order_extension,20260911,0.513240014593565,0.513240014593565,1,1
quarter_volatility2_validated,3216,2024-04-26,2024-05-13,0.0172434956786644,2024,2024-03-31,learned_order_extension,20260911,0.4748798536357725,0.4748798536357725,0,1
quarter_trend2_validated,3223,2024-05-10,2024-05-20,0.0097933549988344,2024,2024-03-31,learned_order_extension,20260911,0.3965400007837658,0.3965400007837658,0,1
quarter_volatility2_validated,3223,2024-05-10,2024-05-20,0.0097933549988344,2024,2024-03-31,learned_order_extension,20260911,0.36044331952728553,0.36044331952728553,0,1
quarter_trend2_validated,3228,2024-05-17,2024-05-27,-0.0204803832637164,2024,2024-03-31,learned_order_extension,20260911,0.45967482999568354,0.45967482999568354,0,0
quarter_volatility2_validated,3228,2024-05-17,2024-05-27,-0.0204803832637164,2024,2024-03-31,learned_order_extension,20260911,0.4218485553979348,0.4218485553979348,0,0
quarter_trend2_validated,3233,2024-05-24,2024-06-03,-0.0081155643048258,2024,2024-03-31,learned_order_extension,20260911,0.4103835614322711,0.4103835614322711,0,0
quarter_volatility2_validated,3233,2024-05-24,2024-06-03,-0.0081155643048258,2024,2024-03-31,learned_order_extension,20260911,0.3738073111509847,0.3738073111509847,0,0
quarter_trend2_validated,3238,2024-05-31,2024-06-11,-0.0060267570121149,2024,2024-03-31,learned_order_extension,20260911,0.483584132532498,0.483584132532498,0,0
quarter_volatility2_validated,3238,2024-05-31,2024-06-11,-0.0060267570121149,2024,2024-03-31,learned_order_extension,20260911,0.44541225304672977,0.44541225304672977,0,0
quarter_trend2_validated,3243,2024-06-07,2024-06-17,-0.0096686558937179,2024,2024-03-31,learned_order_extension,20260911,0.4576789647131029,0.4576789647131029,0,0
quarter_volatility2_validated,3243,2024-06-07,2024-06-17,-0.0096686558937179,2024,2024-03-31,learned_order_extension,20260911,0.4198892980083468,0.4198892980083468,0,0
quarter_trend2_validated,3247,2024-06-14,2024-06-24,-0.013573992457631,2024,2024-03-31,learned_order_extension,20260911,0.5515041025200125,0.5515041025200125,1,0
quarter_volatility2_validated,3247,2024-06-14,2024-06-24,-0.013573992457631,2024,2024-03-31,learned_order_extension,20260911,0.5132998736516612,0.5132998736516612,1,0
quarter_trend2_validated,3252,2024-06-21,2024-07-01,-0.004427632109257,2024,2024-03-31,learned_order_extension,20260911,0.4894889896317385,0.4894889896317385,0,0
quarter_volatility2_validated,3252,2024-06-21,2024-07-01,-0.004427632109257,2024,2024-03-31,learned_order_extension,20260911,0.45125830082396445,0.45125830082396445,0,0
quarter_trend2_validated,3257,2024-06-28,2024-07-08,-0.0108320369203009,2024,2024-03-31,learned_order_extension,20260911,0.5121801875037945,0.5121801875037945,1,0
quarter_volatility2_validated,3257,2024-06-28,2024-07-08,-0.0108320369203009,2024,2024-03-31,learned_order_extension,20260911,0.47382213198316997,0.47382213198316997,0,0
quarter_trend2_validated,3262,2024-07-05,2024-07-15,0.0122222871842843,2024,2024-06-30,learned_order_extension,20260911,0.45115521138622566,0.45115521138622566,0,1
quarter_volatility2_validated,3262,2024-07-05,2024-07-15,0.0122222871842843,2024,2024-06-30,learned_order_extension,20260911,0.3939136370963112,0.3939136370963112,0,1
quarter_trend2_validated,3267,2024-07-12,2024-07-22,0.0218881133018156,2024,2024-06-30,learned_order_extension,20260911,0.5531026546000134,0.5531026546000134,1,1
quarter_volatility2_validated,3267,2024-07-12,2024-07-22,0.0218881133018156,2024,2024-06-30,learned_order_extension,20260911,0.4945822512924895,0.4945822512924895,0,1
quarter_trend2_validated,3272,2024-07-19,2024-07-29,-0.0378787022382998,2024,2024-06-30,learned_order_extension,20260911,0.43829998086615624,0.43829998086615624,0,0
quarter_volatility2_validated,3272,2024-07-19,2024-07-29,-0.0378787022382998,2024,2024-06-30,learned_order_extension,20260911,0.381555552534556,0.381555552534556,0,0
quarter_trend2_validated,3277,2024-07-26,2024-08-05,-0.0124134568216732,2024,2024-06-30,learned_order_extension,20260911,0.5141057686767685,0.5141057686767685,1,0
quarter_volatility2_validated,3277,2024-07-26,2024-08-05,-0.0124134568216732,2024,2024-06-30,learned_order_extension,20260911,0.4555058862101726,0.4555058862101726,0,0
quarter_trend2_validated,3282,2024-08-02,2024-08-12,-0.0102762848330364,2024,2024-06-30,learned_order_extension,20260911,0.41788195157055885,0.41788195157055885,0,0
quarter_volatility2_validated,3282,2024-08-02,2024-08-12,-0.0102762848330364,2024,2024-06-30,learned_order_extension,20260911,0.3620769692869601,0.3620769692869601,0,0
quarter_trend2_validated,3287,2024-08-09,2024-08-19,0.0050186923751938,2024,2024-06-30,learned_order_extension,20260911,0.461166338855283,0.461166338855283,0,1
quarter_volatility2_validated,3287,2024-08-09,2024-08-19,0.0050186923751938,2024,2024-06-30,learned_order_extension,20260911,0.4035885986432294,0.4035885986432294,0,1
quarter_trend2_validated,3292,2024-08-16,2024-08-26,-0.0040487282687352,2024,2024-06-30,learned_order_extension,20260911,0.3524150315340549,0.3524150315340549,0,0
quarter_volatility2_validated,3292,2024-08-16,2024-08-26,-0.0040487282687352,2024,2024-06-30,learned_order_extension,20260911,0.30083454107404684,0.30083454107404684,0,0
quarter_trend2_validated,3297,2024-08-23,2024-09-02,-0.0069594562136714,2024,2024-06-30,learned_order_extension,20260911,0.3805014561152239,0.3805014561152239,0,0
quarter_volatility2_validated,3297,2024-08-23,2024-09-02,-0.0069594562136714,2024,2024-06-30,learned_order_extension,20260911,0.32688519243448705,0.32688519243448705,0,0
quarter_trend2_validated,3302,2024-08-30,2024-09-09,-0.0280389655151561,2024,2024-06-30,learned_order_extension,20260911,0.3769790143868762,0.3769790143868762,0,0
quarter_volatility2_validated,3302,2024-08-30,2024-09-09,-0.0280389655151561,2024,2024-06-30,learned_order_extension,20260911,0.3235998262926244,0.3235998262926244,0,0
quarter_trend2_validated,3307,2024-09-06,2024-09-18,-0.0174132138857783,2024,2024-06-30,learned_order_extension,20260911,0.4377655525059009,0.4377655525059009,0,0
quarter_volatility2_validated,3307,2024-09-06,2024-09-18,-0.0174132138857783,2024,2024-06-30,learned_order_extension,20260911,0.3810433772868445,0.3810433772868445,0,0
quarter_trend2_validated,3312,2024-09-13,2024-09-24,0.0133119329369826,2024,2024-06-30,learned_order_extension,20260911,0.47634533351149555,0.47634533351149555,0,1
quarter_volatility2_validated,3312,2024-09-13,2024-09-24,0.0133119329369826,2024,2024-06-30,learned_order_extension,20260911,0.41834381789714925,0.41834381789714925,0,1
quarter_trend2_validated,3315,2024-09-20,2024-09-30,0.2017513988384409,2024,2024-06-30,learned_order_extension,20260911,0.4741196298736314,0.4741196298736314,0,1
quarter_volatility2_validated,3315,2024-09-20,2024-09-30,0.2017513988384409,2024,2024-06-30,learned_order_extension,20260911,0.41617373940843,0.41617373940843,0,1
quarter_trend2_validated,3320,2024-09-27,2024-10-14,0.0178259004588408,2024,2024-06-30,learned_order_extension,20260911,0.6045687657277363,0.6045687657277363,1,1
quarter_volatility2_validated,3320,2024-09-27,2024-10-14,0.0178259004588408,2024,2024-06-30,learned_order_extension,20260911,0.6045687657277363,0.6045687657277363,1,1
quarter_trend2_validated,3325,2024-10-11,2024-10-21,0.0080914993282625,2024,2024-09-30,learned_order_extension,20260911,0.6645766250551,0.6645766250551,1,1
quarter_volatility2_validated,3325,2024-10-11,2024-10-21,0.0080914993282625,2024,2024-09-30,learned_order_extension,20260911,0.6645766250551,0.6645766250551,1,1
quarter_trend2_validated,3330,2024-10-18,2024-10-28,0.0015733867085561,2024,2024-09-30,learned_order_extension,20260911,0.6217401283532429,0.6217401283532429,1,1
quarter_volatility2_validated,3330,2024-10-18,2024-10-28,0.0015733867085561,2024,2024-09-30,learned_order_extension,20260911,0.6217401283532429,0.6217401283532429,1,1
quarter_trend2_validated,3335,2024-10-25,2024-11-04,-0.0140142824257356,2024,2024-09-30,learned_order_extension,20260911,0.516035023904667,0.516035023904667,1,0
quarter_volatility2_validated,3335,2024-10-25,2024-11-04,-0.0140142824257356,2024,2024-09-30,learned_order_extension,20260911,0.516035023904667,0.516035023904667,1,0
quarter_trend2_validated,3340,2024-11-01,2024-11-11,0.0434152361258277,2024,2024-09-30,learned_order_extension,20260911,0.5005097124804287,0.5005097124804287,1,1
quarter_volatility2_validated,3340,2024-11-01,2024-11-11,0.0434152361258277,2024,2024-09-30,learned_order_extension,20260911,0.5005097124804287,0.5005097124804287,1,1
quarter_trend2_validated,3345,2024-11-08,2024-11-18,-0.0208584853931589,2024,2024-09-30,learned_order_extension,20260911,0.3862789521746162,0.3862789521746162,0,0
quarter_volatility2_validated,3345,2024-11-08,2024-11-18,-0.0208584853931589,2024,2024-09-30,learned_order_extension,20260911,0.3862789521746162,0.3862789521746162,0,0
quarter_trend2_validated,3350,2024-11-15,2024-11-25,-0.0267421712161923,2024,2024-09-30,learned_order_extension,20260911,0.42164042720008793,0.42164042720008793,0,0
quarter_volatility2_validated,3350,2024-11-15,2024-11-25,-0.0267421712161923,2024,2024-09-30,learned_order_extension,20260911,0.42164042720008793,0.42164042720008793,0,0
quarter_trend2_validated,3355,2024-11-22,2024-12-02,0.0087960346887328,2024,2024-09-30,learned_order_extension,20260911,0.3587358053522859,0.3587358053522859,0,1
quarter_volatility2_validated,3355,2024-11-22,2024-12-02,0.0087960346887328,2024,2024-09-30,learned_order_extension,20260911,0.3587358053522859,0.3587358053522859,0,1
quarter_trend2_validated,3360,2024-11-29,2024-12-09,0.0155919891551781,2024,2024-09-30,learned_order_extension,20260911,0.5668511595937642,0.5668511595937642,1,1
quarter_volatility2_validated,3360,2024-11-29,2024-12-09,0.0155919891551781,2024,2024-09-30,learned_order_extension,20260911,0.5668511595937642,0.5668511595937642,1,1
quarter_trend2_validated,3365,2024-12-06,2024-12-16,-0.0100436703218104,2024,2024-09-30,learned_order_extension,20260911,0.4286991101928549,0.4286991101928549,0,0
quarter_volatility2_validated,3365,2024-12-06,2024-12-16,-0.0100436703218104,2024,2024-09-30,learned_order_extension,20260911,0.4286991101928549,0.4286991101928549,0,0
quarter_trend2_validated,3370,2024-12-13,2024-12-23,-0.0006690784017421,2024,2024-09-30,learned_order_extension,20260911,0.2761154663058125,0.2761154663058125,0,0
quarter_volatility2_validated,3370,2024-12-13,2024-12-23,-0.0006690784017421,2024,2024-09-30,learned_order_extension,20260911,0.2761154663058125,0.2761154663058125,0,0
quarter_trend2_validated,3375,2024-12-20,2024-12-30,0.0123595076562756,2024,2024-09-30,learned_order_extension,20260911,0.2681467130129062,0.2681467130129062,0,1
quarter_volatility2_validated,3375,2024-12-20,2024-12-30,0.0123595076562756,2024,2024-09-30,learned_order_extension,20260911,0.22199335517768834,0.22199335517768834,0,1
quarter_trend2_validated,3380,2024-12-27,2025-01-06,-0.0504714964669198,2024,2024-09-30,learned_order_extension,20260911,0.6253462942157451,0.6253462942157451,1,0
quarter_volatility2_validated,3380,2024-12-27,2025-01-06,-0.0504714964669198,2024,2024-09-30,learned_order_extension,20260911,0.5651921623276268,0.5651921623276268,1,0
quarter_trend2_validated,3144,2024-01-05,2024-01-15,-0.0158038409563566,2024,2023-12-31,learned_order_offset,20260911,0.5039028855862143,0.5039028855862143,1,0
quarter_volatility2_validated,3144,2024-01-05,2024-01-15,-0.0158038409563566,2024,2023-12-31,learned_order_offset,20260911,0.5039028855862143,0.5039028855862143,1,0
quarter_trend2_validated,3149,2024-01-12,2024-01-22,-0.002333261979756,2024,2023-12-31,learned_order_offset,20260911,0.5267036688758374,0.5267036688758374,1,0
quarter_volatility2_validated,3149,2024-01-12,2024-01-22,-0.002333261979756,2024,2023-12-31,learned_order_offset,20260911,0.5267036688758374,0.5267036688758374,1,0
quarter_trend2_validated,3154,2024-01-19,2024-01-29,0.0223511633823452,2024,2023-12-31,learned_order_offset,20260911,0.6349472157761124,0.6349472157761124,1,1
quarter_volatility2_validated,3154,2024-01-19,2024-01-29,0.0223511633823452,2024,2023-12-31,learned_order_offset,20260911,0.6349472157761124,0.6349472157761124,1,1
quarter_trend2_validated,3159,2024-01-26,2024-02-05,-0.0513103415192826,2024,2023-12-31,learned_order_offset,20260911,0.5443793909861219,0.5443793909861219,1,0
quarter_volatility2_validated,3159,2024-01-26,2024-02-05,-0.0513103415192826,2024,2023-12-31,learned_order_offset,20260911,0.5443793909861219,0.5443793909861219,1,0
quarter_trend2_validated,3164,2024-02-02,2024-02-26,0.1015374891364462,2024,2023-12-31,learned_order_offset,20260911,0.5451794882867483,0.5451794882867483,1,1
quarter_volatility2_validated,3164,2024-02-02,2024-02-26,0.1015374891364462,2024,2023-12-31,learned_order_offset,20260911,0.5451794882867483,0.5451794882867483,1,1
quarter_trend2_validated,3173,2024-02-23,2024-03-04,0.0151569053862528,2024,2023-12-31,learned_order_offset,20260911,0.6109679669122872,0.6109679669122872,1,1
quarter_volatility2_validated,3173,2024-02-23,2024-03-04,0.0151569053862528,2024,2023-12-31,learned_order_offset,20260911,0.6109679669122872,0.6109679669122872,1,1
quarter_trend2_validated,3178,2024-03-01,2024-03-11,0.0021394031715169,2024,2023-12-31,learned_order_offset,20260911,0.5481247094966736,0.5481247094966736,1,1
quarter_volatility2_validated,3178,2024-03-01,2024-03-11,0.0021394031715169,2024,2023-12-31,learned_order_offset,20260911,0.5481247094966736,0.5481247094966736,1,1
quarter_trend2_validated,3183,2024-03-08,2024-03-18,0.0087762342284414,2024,2023-12-31,learned_order_offset,20260911,0.5633395909983205,0.5633395909983205,1,1
quarter_volatility2_validated,3183,2024-03-08,2024-03-18,0.0087762342284414,2024,2023-12-31,learned_order_offset,20260911,0.5633395909983205,0.5633395909983205,1,1
quarter_trend2_validated,3188,2024-03-15,2024-03-25,-0.0112802133595746,2024,2023-12-31,learned_order_offset,20260911,0.47094256842793375,0.47094256842793375,0,0
quarter_volatility2_validated,3188,2024-03-15,2024-03-25,-0.0112802133595746,2024,2023-12-31,learned_order_offset,20260911,0.47094256842793375,0.47094256842793375,0,0
quarter_trend2_validated,3193,2024-03-22,2024-04-01,0.0042044725182444,2024,2023-12-31,learned_order_offset,20260911,0.4995363819528175,0.4995363819528175,0,1
quarter_volatility2_validated,3193,2024-03-22,2024-04-01,0.0042044725182444,2024,2023-12-31,learned_order_offset,20260911,0.4995363819528175,0.4995363819528175,0,1
quarter_trend2_validated,3198,2024-03-29,2024-04-15,-0.0219845815102011,2024,2023-12-31,learned_order_offset,20260911,0.3626011592845029,0.3626011592845029,0,0
quarter_volatility2_validated,3198,2024-03-29,2024-04-15,-0.0219845815102011,2024,2023-12-31,learned_order_offset,20260911,0.3626011592845029,0.3626011592845029,0,0
quarter_trend2_validated,3206,2024-04-12,2024-04-22,0.018045199366633,2024,2024-03-31,learned_order_offset,20260911,0.38475750018966987,0.38475750018966987,0,1
quarter_volatility2_validated,3206,2024-04-12,2024-04-22,0.018045199366633,2024,2024-03-31,learned_order_offset,20260911,0.34910999114371644,0.34910999114371644,0,1
quarter_trend2_validated,3211,2024-04-19,2024-04-29,0.0136757744232476,2024,2024-03-31,learned_order_offset,20260911,0.5305043269791333,0.5305043269791333,1,1
quarter_volatility2_validated,3211,2024-04-19,2024-04-29,0.0136757744232476,2024,2024-03-31,learned_order_offset,20260911,0.49215530057000184,0.49215530057000184,0,1
quarter_trend2_validated,3216,2024-04-26,2024-05-13,0.0172434956786644,2024,2024-03-31,learned_order_offset,20260911,0.5107638404545624,0.5107638404545624,1,1
quarter_volatility2_validated,3216,2024-04-26,2024-05-13,0.0172434956786644,2024,2024-03-31,learned_order_offset,20260911,0.47240596841598326,0.47240596841598326,0,1
quarter_trend2_validated,3223,2024-05-10,2024-05-20,0.0097933549988344,2024,2024-03-31,learned_order_offset,20260911,0.3967922716976589,0.3967922716976589,0,1
quarter_volatility2_validated,3223,2024-05-10,2024-05-20,0.0097933549988344,2024,2024-03-31,learned_order_offset,20260911,0.36068342149048527,0.36068342149048527,0,1
quarter_trend2_validated,3228,2024-05-17,2024-05-27,-0.0204803832637164,2024,2024-03-31,learned_order_offset,20260911,0.459025127987619,0.459025127987619,0,0
quarter_volatility2_validated,3228,2024-05-17,2024-05-27,-0.0204803832637164,2024,2024-03-31,learned_order_offset,20260911,0.4212075411621906,0.4212075411621906,0,0
quarter_trend2_validated,3233,2024-05-24,2024-06-03,-0.0081155643048258,2024,2024-03-31,learned_order_offset,20260911,0.40953378651570865,0.40953378651570865,0,0
quarter_volatility2_validated,3233,2024-05-24,2024-06-03,-0.0081155643048258,2024,2024-03-31,learned_order_offset,20260911,0.3729823910018392,0.3729823910018392,0,0
quarter_trend2_validated,3238,2024-05-31,2024-06-11,-0.0060267570121149,2024,2024-03-31,learned_order_offset,20260911,0.48223477976059065,0.48223477976059065,0,0
quarter_volatility2_validated,3238,2024-05-31,2024-06-11,-0.0060267570121149,2024,2024-03-31,learned_order_offset,20260911,0.44407468273515194,0.44407468273515194,0,0
quarter_trend2_validated,3243,2024-06-07,2024-06-17,-0.0096686558937179,2024,2024-03-31,learned_order_offset,20260911,0.456270009415854,0.456270009415854,0,0
quarter_volatility2_validated,3243,2024-06-07,2024-06-17,-0.0096686558937179,2024,2024-03-31,learned_order_offset,20260911,0.41850380968208406,0.41850380968208406,0,0
quarter_trend2_validated,3247,2024-06-14,2024-06-24,-0.013573992457631,2024,2024-03-31,learned_order_offset,20260911,0.5504043507355747,0.5504043507355747,1,0
quarter_volatility2_validated,3247,2024-06-14,2024-06-24,-0.013573992457631,2024,2024-03-31,learned_order_offset,20260911,0.5121861274729007,0.5121861274729007,1,0
quarter_trend2_validated,3252,2024-06-21,2024-07-01,-0.004427632109257,2024,2024-03-31,learned_order_offset,20260911,0.48936496243955907,0.48936496243955907,0,0
quarter_volatility2_validated,3252,2024-06-21,2024-07-01,-0.004427632109257,2024,2024-03-31,learned_order_offset,20260911,0.4511322535019808,0.4511322535019808,0,0
quarter_trend2_validated,3257,2024-06-28,2024-07-08,-0.0108320369203009,2024,2024-03-31,learned_order_offset,20260911,0.51219411188397,0.51219411188397,1,0
quarter_volatility2_validated,3257,2024-06-28,2024-07-08,-0.0108320369203009,2024,2024-03-31,learned_order_offset,20260911,0.4738328580440376,0.4738328580440376,0,0
quarter_trend2_validated,3262,2024-07-05,2024-07-15,0.0122222871842843,2024,2024-06-30,learned_order_offset,20260911,0.4508497655906378,0.4508497655906378,0,1
quarter_volatility2_validated,3262,2024-07-05,2024-07-15,0.0122222871842843,2024,2024-06-30,learned_order_offset,20260911,0.3936537310433133,0.3936537310433133,0,1
quarter_trend2_validated,3267,2024-07-12,2024-07-22,0.0218881133018156,2024,2024-06-30,learned_order_offset,20260911,0.5509513713756881,0.5509513713756881,1,1
quarter_volatility2_validated,3267,2024-07-12,2024-07-22,0.0218881133018156,2024,2024-06-30,learned_order_offset,20260911,0.4924439984760876,0.4924439984760876,0,1
quarter_trend2_validated,3272,2024-07-19,2024-07-29,-0.0378787022382998,2024,2024-06-30,learned_order_offset,20260911,0.4378580673825642,0.4378580673825642,0,0
quarter_volatility2_validated,3272,2024-07-19,2024-07-29,-0.0378787022382998,2024,2024-06-30,learned_order_offset,20260911,0.3811662026290459,0.3811662026290459,0,0
quarter_trend2_validated,3277,2024-07-26,2024-08-05,-0.0124134568216732,2024,2024-06-30,learned_order_offset,20260911,0.5143054270726866,0.5143054270726866,1,0
quarter_volatility2_validated,3277,2024-07-26,2024-08-05,-0.0124134568216732,2024,2024-06-30,learned_order_offset,20260911,0.45574006469430134,0.45574006469430134,0,0
quarter_trend2_validated,3282,2024-08-02,2024-08-12,-0.0102762848330364,2024,2024-06-30,learned_order_offset,20260911,0.4187543205474362,0.4187543205474362,0,0
quarter_volatility2_validated,3282,2024-08-02,2024-08-12,-0.0102762848330364,2024,2024-06-30,learned_order_offset,20260911,0.36293896355405814,0.36293896355405814,0,0
quarter_trend2_validated,3287,2024-08-09,2024-08-19,0.0050186923751938,2024,2024-06-30,learned_order_offset,20260911,0.46274794534702096,0.46274794534702096,0,1
quarter_volatility2_validated,3287,2024-08-09,2024-08-19,0.0050186923751938,2024,2024-06-30,learned_order_offset,20260911,0.40515611774211696,0.40515611774211696,0,1
quarter_trend2_validated,3292,2024-08-16,2024-08-26,-0.0040487282687352,2024,2024-06-30,learned_order_offset,20260911,0.35619445584136267,0.35619445584136267,0,0
quarter_volatility2_validated,3292,2024-08-16,2024-08-26,-0.0040487282687352,2024,2024-06-30,learned_order_offset,20260911,0.3043514206154762,0.3043514206154762,0,0
quarter_trend2_validated,3297,2024-08-23,2024-09-02,-0.0069594562136714,2024,2024-06-30,learned_order_offset,20260911,0.3834802143774693,0.3834802143774693,0,0
quarter_volatility2_validated,3297,2024-08-23,2024-09-02,-0.0069594562136714,2024,2024-06-30,learned_order_offset,20260911,0.32969959422635153,0.32969959422635153,0,0
quarter_trend2_validated,3302,2024-08-30,2024-09-09,-0.0280389655151561,2024,2024-06-30,learned_order_offset,20260911,0.37959140825702087,0.37959140825702087,0,0
quarter_volatility2_validated,3302,2024-08-30,2024-09-09,-0.0280389655151561,2024,2024-06-30,learned_order_offset,20260911,0.3260677250645238,0.3260677250645238,0,0
quarter_trend2_validated,3307,2024-09-06,2024-09-18,-0.0174132138857783,2024,2024-06-30,learned_order_offset,20260911,0.4399785205661903,0.4399785205661903,0,0
quarter_volatility2_validated,3307,2024-09-06,2024-09-18,-0.0174132138857783,2024,2024-06-30,learned_order_offset,20260911,0.3831992613314456,0.3831992613314456,0,0
quarter_trend2_validated,3312,2024-09-13,2024-09-24,0.0133119329369826,2024,2024-06-30,learned_order_offset,20260911,0.4763444943146473,0.4763444943146473,0,1
quarter_volatility2_validated,3312,2024-09-13,2024-09-24,0.0133119329369826,2024,2024-06-30,learned_order_offset,20260911,0.4183782518093904,0.4183782518093904,0,1
quarter_trend2_validated,3315,2024-09-20,2024-09-30,0.2017513988384409,2024,2024-06-30,learned_order_offset,20260911,0.47380763133966547,0.47380763133966547,0,1
quarter_volatility2_validated,3315,2024-09-20,2024-09-30,0.2017513988384409,2024,2024-06-30,learned_order_offset,20260911,0.41590491095843357,0.41590491095843357,0,1
quarter_trend2_validated,3320,2024-09-27,2024-10-14,0.0178259004588408,2024,2024-06-30,learned_order_offset,20260911,0.6050544676220191,0.6050544676220191,1,1
quarter_volatility2_validated,3320,2024-09-27,2024-10-14,0.0178259004588408,2024,2024-06-30,learned_order_offset,20260911,0.6050544676220191,0.6050544676220191,1,1
quarter_trend2_validated,3325,2024-10-11,2024-10-21,0.0080914993282625,2024,2024-09-30,learned_order_offset,20260911,0.6643779049639545,0.6643779049639545,1,1
quarter_volatility2_validated,3325,2024-10-11,2024-10-21,0.0080914993282625,2024,2024-09-30,learned_order_offset,20260911,0.6643779049639545,0.6643779049639545,1,1
quarter_trend2_validated,3330,2024-10-18,2024-10-28,0.0015733867085561,2024,2024-09-30,learned_order_offset,20260911,0.6227872251882844,0.6227872251882844,1,1
quarter_volatility2_validated,3330,2024-10-18,2024-10-28,0.0015733867085561,2024,2024-09-30,learned_order_offset,20260911,0.6227872251882844,0.6227872251882844,1,1
quarter_trend2_validated,3335,2024-10-25,2024-11-04,-0.0140142824257356,2024,2024-09-30,learned_order_offset,20260911,0.5165538018073565,0.5165538018073565,1,0
quarter_volatility2_validated,3335,2024-10-25,2024-11-04,-0.0140142824257356,2024,2024-09-30,learned_order_offset,20260911,0.5165538018073565,0.5165538018073565,1,0
quarter_trend2_validated,3340,2024-11-01,2024-11-11,0.0434152361258277,2024,2024-09-30,learned_order_offset,20260911,0.5002268984226751,0.5002268984226751,1,1
quarter_volatility2_validated,3340,2024-11-01,2024-11-11,0.0434152361258277,2024,2024-09-30,learned_order_offset,20260911,0.5002268984226751,0.5002268984226751,1,1
quarter_trend2_validated,3345,2024-11-08,2024-11-18,-0.0208584853931589,2024,2024-09-30,learned_order_offset,20260911,0.3875660008845143,0.3875660008845143,0,0
quarter_volatility2_validated,3345,2024-11-08,2024-11-18,-0.0208584853931589,2024,2024-09-30,learned_order_offset,20260911,0.3875660008845143,0.3875660008845143,0,0
quarter_trend2_validated,3350,2024-11-15,2024-11-25,-0.0267421712161923,2024,2024-09-30,learned_order_offset,20260911,0.42067738369660546,0.42067738369660546,0,0
quarter_volatility2_validated,3350,2024-11-15,2024-11-25,-0.0267421712161923,2024,2024-09-30,learned_order_offset,20260911,0.42067738369660546,0.42067738369660546,0,0
quarter_trend2_validated,3355,2024-11-22,2024-12-02,0.0087960346887328,2024,2024-09-30,learned_order_offset,20260911,0.359617784320977,0.359617784320977,0,1
quarter_volatility2_validated,3355,2024-11-22,2024-12-02,0.0087960346887328,2024,2024-09-30,learned_order_offset,20260911,0.359617784320977,0.359617784320977,0,1
quarter_trend2_validated,3360,2024-11-29,2024-12-09,0.0155919891551781,2024,2024-09-30,learned_order_offset,20260911,0.5668993585118391,0.5668993585118391,1,1
quarter_volatility2_validated,3360,2024-11-29,2024-12-09,0.0155919891551781,2024,2024-09-30,learned_order_offset,20260911,0.5668993585118391,0.5668993585118391,1,1
quarter_trend2_validated,3365,2024-12-06,2024-12-16,-0.0100436703218104,2024,2024-09-30,learned_order_offset,20260911,0.4285689114501956,0.4285689114501956,0,0
quarter_volatility2_validated,3365,2024-12-06,2024-12-16,-0.0100436703218104,2024,2024-09-30,learned_order_offset,20260911,0.4285689114501956,0.4285689114501956,0,0
quarter_trend2_validated,3370,2024-12-13,2024-12-23,-0.0006690784017421,2024,2024-09-30,learned_order_offset,20260911,0.277133608311407,0.277133608311407,0,0
quarter_volatility2_validated,3370,2024-12-13,2024-12-23,-0.0006690784017421,2024,2024-09-30,learned_order_offset,20260911,0.277133608311407,0.277133608311407,0,0
quarter_trend2_validated,3375,2024-12-20,2024-12-30,0.0123595076562756,2024,2024-09-30,learned_order_offset,20260911,0.26960863109736993,0.26960863109736993,0,1
quarter_volatility2_validated,3375,2024-12-20,2024-12-30,0.0123595076562756,2024,2024-09-30,learned_order_offset,20260911,0.22342868416222067,0.22342868416222067,0,1
quarter_trend2_validated,3380,2024-12-27,2025-01-06,-0.0504714964669198,2024,2024-09-30,learned_order_offset,20260911,0.6241226842198904,0.6241226842198904,1,0
quarter_volatility2_validated,3380,2024-12-27,2025-01-06,-0.0504714964669198,2024,2024-09-30,learned_order_offset,20260911,0.564119275163509,0.564119275163509,1,0
quarter_trend2_validated,3144,2024-01-05,2024-01-15,-0.0158038409563566,2024,2023-12-31,learned_market,20260912,0.5011992069392154,0.5011992069392154,1,0
quarter_volatility2_validated,3144,2024-01-05,2024-01-15,-0.0158038409563566,2024,2023-12-31,learned_market,20260912,0.5011992069392154,0.5011992069392154,1,0
quarter_trend2_validated,3149,2024-01-12,2024-01-22,-0.002333261979756,2024,2023-12-31,learned_market,20260912,0.47277699760132935,0.47277699760132935,0,0
quarter_volatility2_validated,3149,2024-01-12,2024-01-22,-0.002333261979756,2024,2023-12-31,learned_market,20260912,0.47277699760132935,0.47277699760132935,0,0
quarter_trend2_validated,3154,2024-01-19,2024-01-29,0.0223511633823452,2024,2023-12-31,learned_market,20260912,0.4519385169732587,0.4519385169732587,0,1
quarter_volatility2_validated,3154,2024-01-19,2024-01-29,0.0223511633823452,2024,2023-12-31,learned_market,20260912,0.4519385169732587,0.4519385169732587,0,1
quarter_trend2_validated,3159,2024-01-26,2024-02-05,-0.0513103415192826,2024,2023-12-31,learned_market,20260912,0.5136187590656476,0.5136187590656476,1,0
quarter_volatility2_validated,3159,2024-01-26,2024-02-05,-0.0513103415192826,2024,2023-12-31,learned_market,20260912,0.5136187590656476,0.5136187590656476,1,0
quarter_trend2_validated,3164,2024-02-02,2024-02-26,0.1015374891364462,2024,2023-12-31,learned_market,20260912,0.5626550395617658,0.5626550395617658,1,1
quarter_volatility2_validated,3164,2024-02-02,2024-02-26,0.1015374891364462,2024,2023-12-31,learned_market,20260912,0.5626550395617658,0.5626550395617658,1,1
quarter_trend2_validated,3173,2024-02-23,2024-03-04,0.0151569053862528,2024,2023-12-31,learned_market,20260912,0.4999534810647158,0.4999534810647158,0,1
quarter_volatility2_validated,3173,2024-02-23,2024-03-04,0.0151569053862528,2024,2023-12-31,learned_market,20260912,0.4999534810647158,0.4999534810647158,0,1
quarter_trend2_validated,3178,2024-03-01,2024-03-11,0.0021394031715169,2024,2023-12-31,learned_market,20260912,0.5749313458355619,0.5749313458355619,1,1
quarter_volatility2_validated,3178,2024-03-01,2024-03-11,0.0021394031715169,2024,2023-12-31,learned_market,20260912,0.5749313458355619,0.5749313458355619,1,1
quarter_trend2_validated,3183,2024-03-08,2024-03-18,0.0087762342284414,2024,2023-12-31,learned_market,20260912,0.5879570158742811,0.5879570158742811,1,1
quarter_volatility2_validated,3183,2024-03-08,2024-03-18,0.0087762342284414,2024,2023-12-31,learned_market,20260912,0.5879570158742811,0.5879570158742811,1,1
quarter_trend2_validated,3188,2024-03-15,2024-03-25,-0.0112802133595746,2024,2023-12-31,learned_market,20260912,0.48185973058558346,0.48185973058558346,0,0
quarter_volatility2_validated,3188,2024-03-15,2024-03-25,-0.0112802133595746,2024,2023-12-31,learned_market,20260912,0.48185973058558346,0.48185973058558346,0,0
quarter_trend2_validated,3193,2024-03-22,2024-04-01,0.0042044725182444,2024,2023-12-31,learned_market,20260912,0.5819259306110321,0.5819259306110321,1,1
quarter_volatility2_validated,3193,2024-03-22,2024-04-01,0.0042044725182444,2024,2023-12-31,learned_market,20260912,0.5819259306110321,0.5819259306110321,1,1
quarter_trend2_validated,3198,2024-03-29,2024-04-15,-0.0219845815102011,2024,2023-12-31,learned_market,20260912,0.5513216063045803,0.5513216063045803,1,0
quarter_volatility2_validated,3198,2024-03-29,2024-04-15,-0.0219845815102011,2024,2023-12-31,learned_market,20260912,0.5513216063045803,0.5513216063045803,1,0
quarter_trend2_validated,3206,2024-04-12,2024-04-22,0.018045199366633,2024,2024-03-31,learned_market,20260912,0.5884547036684491,0.5884547036684491,1,1
quarter_volatility2_validated,3206,2024-04-12,2024-04-22,0.018045199366633,2024,2024-03-31,learned_market,20260912,0.5601588073541274,0.5601588073541274,1,1
quarter_trend2_validated,3211,2024-04-19,2024-04-29,0.0136757744232476,2024,2024-03-31,learned_market,20260912,0.6010925671138769,0.6010925671138769,1,1
quarter_volatility2_validated,3211,2024-04-19,2024-04-29,0.0136757744232476,2024,2024-03-31,learned_market,20260912,0.573035128645426,0.573035128645426,1,1
quarter_trend2_validated,3216,2024-04-26,2024-05-13,0.0172434956786644,2024,2024-03-31,learned_market,20260912,0.44046614548943686,0.44046614548943686,0,1
quarter_volatility2_validated,3216,2024-04-26,2024-05-13,0.0172434956786644,2024,2024-03-31,learned_market,20260912,0.41215962676791007,0.41215962676791007,0,1
quarter_trend2_validated,3223,2024-05-10,2024-05-20,0.0097933549988344,2024,2024-03-31,learned_market,20260912,0.26259823398744064,0.26259823398744064,0,1
quarter_volatility2_validated,3223,2024-05-10,2024-05-20,0.0097933549988344,2024,2024-03-31,learned_market,20260912,0.24080303796653554,0.24080303796653554,0,1
quarter_trend2_validated,3228,2024-05-17,2024-05-27,-0.0204803832637164,2024,2024-03-31,learned_market,20260912,0.25562213134474004,0.25562213134474004,0,0
quarter_volatility2_validated,3228,2024-05-17,2024-05-27,-0.0204803832637164,2024,2024-03-31,learned_market,20260912,0.23422202966556482,0.23422202966556482,0,0
quarter_trend2_validated,3233,2024-05-24,2024-06-03,-0.0081155643048258,2024,2024-03-31,learned_market,20260912,0.29490360620746897,0.29490360620746897,0,0
quarter_volatility2_validated,3233,2024-05-24,2024-06-03,-0.0081155643048258,2024,2024-03-31,learned_market,20260912,0.2714140175604397,0.2714140175604397,0,0
quarter_trend2_validated,3238,2024-05-31,2024-06-11,-0.0060267570121149,2024,2024-03-31,learned_market,20260912,0.3110520233043453,0.3110520233043453,0,0
quarter_volatility2_validated,3238,2024-05-31,2024-06-11,-0.0060267570121149,2024,2024-03-31,learned_market,20260912,0.2867993695977491,0.2867993695977491,0,0
quarter_trend2_validated,3243,2024-06-07,2024-06-17,-0.0096686558937179,2024,2024-03-31,learned_market,20260912,0.3842886357568022,0.3842886357568022,0,0
quarter_volatility2_validated,3243,2024-06-07,2024-06-17,-0.0096686558937179,2024,2024-03-31,learned_market,20260912,0.3572870604741268,0.3572870604741268,0,0
quarter_trend2_validated,3247,2024-06-14,2024-06-24,-0.013573992457631,2024,2024-03-31,learned_market,20260912,0.4060511684917983,0.4060511684917983,0,0
quarter_volatility2_validated,3247,2024-06-14,2024-06-24,-0.013573992457631,2024,2024-03-31,learned_market,20260912,0.37846038084804545,0.37846038084804545,0,0
quarter_trend2_validated,3252,2024-06-21,2024-07-01,-0.004427632109257,2024,2024-03-31,learned_market,20260912,0.44936005072663476,0.44936005072663476,0,0
quarter_volatility2_validated,3252,2024-06-21,2024-07-01,-0.004427632109257,2024,2024-03-31,learned_market,20260912,0.42091192915886216,0.42091192915886216,0,0
quarter_trend2_validated,3257,2024-06-28,2024-07-08,-0.0108320369203009,2024,2024-03-31,learned_market,20260912,0.43297494254632307,0.43297494254632307,0,0
quarter_volatility2_validated,3257,2024-06-28,2024-07-08,-0.0108320369203009,2024,2024-03-31,learned_market,20260912,0.4048015551026398,0.4048015551026398,0,0
quarter_trend2_validated,3262,2024-07-05,2024-07-15,0.0122222871842843,2024,2024-06-30,learned_market,20260912,0.6034793238713074,0.6034793238713074,1,1
quarter_volatility2_validated,3262,2024-07-05,2024-07-15,0.0122222871842843,2024,2024-06-30,learned_market,20260912,0.5635106418816377,0.5635106418816377,1,1
quarter_trend2_validated,3267,2024-07-12,2024-07-22,0.0218881133018156,2024,2024-06-30,learned_market,20260912,0.5610794385801106,0.5610794385801106,1,1
quarter_volatility2_validated,3267,2024-07-12,2024-07-22,0.0218881133018156,2024,2024-06-30,learned_market,20260912,0.5202346137713902,0.5202346137713902,1,1
quarter_trend2_validated,3272,2024-07-19,2024-07-29,-0.0378787022382998,2024,2024-06-30,learned_market,20260912,0.47508444844981573,0.47508444844981573,0,0
quarter_volatility2_validated,3272,2024-07-19,2024-07-29,-0.0378787022382998,2024,2024-06-30,learned_market,20260912,0.4343054473498775,0.4343054473498775,0,0
quarter_trend2_validated,3277,2024-07-26,2024-08-05,-0.0124134568216732,2024,2024-06-30,learned_market,20260912,0.6067866221715498,0.6067866221715498,1,0
quarter_volatility2_validated,3277,2024-07-26,2024-08-05,-0.0124134568216732,2024,2024-06-30,learned_market,20260912,0.5669120668333962,0.5669120668333962,1,0
quarter_trend2_validated,3282,2024-08-02,2024-08-12,-0.0102762848330364,2024,2024-06-30,learned_market,20260912,0.5988840805331399,0.5988840805331399,1,0
quarter_volatility2_validated,3282,2024-08-02,2024-08-12,-0.0102762848330364,2024,2024-06-30,learned_market,20260912,0.5587908499551253,0.5587908499551253,1,0
quarter_trend2_validated,3287,2024-08-09,2024-08-19,0.0050186923751938,2024,2024-06-30,learned_market,20260912,0.49990964765168316,0.49990964765168316,0,1
quarter_volatility2_validated,3287,2024-08-09,2024-08-19,0.0050186923751938,2024,2024-06-30,learned_market,20260912,0.4588625063599538,0.4588625063599538,0,1
quarter_trend2_validated,3292,2024-08-16,2024-08-26,-0.0040487282687352,2024,2024-06-30,learned_market,20260912,0.386114932843502,0.386114932843502,0,0
quarter_volatility2_validated,3292,2024-08-16,2024-08-26,-0.0040487282687352,2024,2024-06-30,learned_market,20260912,0.34791107740428034,0.34791107740428034,0,0
quarter_trend2_validated,3297,2024-08-23,2024-09-02,-0.0069594562136714,2024,2024-06-30,learned_market,20260912,0.29793160550776904,0.29793160550776904,0,0
quarter_volatility2_validated,3297,2024-08-23,2024-09-02,-0.0069594562136714,2024,2024-06-30,learned_market,20260912,0.26469089541516566,0.26469089541516566,0,0
quarter_trend2_validated,3302,2024-08-30,2024-09-09,-0.0280389655151561,2024,2024-06-30,learned_market,20260912,0.3333966760605091,0.3333966760605091,0,0
quarter_volatility2_validated,3302,2024-08-30,2024-09-09,-0.0280389655151561,2024,2024-06-30,learned_market,20260912,0.2978779267925083,0.2978779267925083,0,0
quarter_trend2_validated,3307,2024-09-06,2024-09-18,-0.0174132138857783,2024,2024-06-30,learned_market,20260912,0.4055616172512009,0.4055616172512009,0,0
quarter_volatility2_validated,3307,2024-09-06,2024-09-18,-0.0174132138857783,2024,2024-06-30,learned_market,20260912,0.36658262654932916,0.36658262654932916,0,0
quarter_trend2_validated,3312,2024-09-13,2024-09-24,0.0133119329369826,2024,2024-06-30,learned_market,20260912,0.38664422840881285,0.38664422840881285,0,1
quarter_volatility2_validated,3312,2024-09-13,2024-09-24,0.0133119329369826,2024,2024-06-30,learned_market,20260912,0.3484177258548051,0.3484177258548051,0,1
quarter_trend2_validated,3315,2024-09-20,2024-09-30,0.2017513988384409,2024,2024-06-30,learned_market,20260912,0.4117180714207147,0.4117180714207147,0,1
quarter_volatility2_validated,3315,2024-09-20,2024-09-30,0.2017513988384409,2024,2024-06-30,learned_market,20260912,0.37251818139426013,0.37251818139426013,0,1
quarter_trend2_validated,3320,2024-09-27,2024-10-14,0.0178259004588408,2024,2024-06-30,learned_market,20260912,0.42243022170956096,0.42243022170956096,0,1
quarter_volatility2_validated,3320,2024-09-27,2024-10-14,0.0178259004588408,2024,2024-06-30,learned_market,20260912,0.42243022170956096,0.42243022170956096,0,1
quarter_trend2_validated,3325,2024-10-11,2024-10-21,0.0080914993282625,2024,2024-09-30,learned_market,20260912,0.6391238419546599,0.6391238419546599,1,1
quarter_volatility2_validated,3325,2024-10-11,2024-10-21,0.0080914993282625,2024,2024-09-30,learned_market,20260912,0.6391238419546599,0.6391238419546599,1,1
quarter_trend2_validated,3330,2024-10-18,2024-10-28,0.0015733867085561,2024,2024-09-30,learned_market,20260912,0.7479133612500116,0.7479133612500116,1,1
quarter_volatility2_validated,3330,2024-10-18,2024-10-28,0.0015733867085561,2024,2024-09-30,learned_market,20260912,0.7479133612500116,0.7479133612500116,1,1
quarter_trend2_validated,3335,2024-10-25,2024-11-04,-0.0140142824257356,2024,2024-09-30,learned_market,20260912,0.7047213785907145,0.7047213785907145,1,0
quarter_volatility2_validated,3335,2024-10-25,2024-11-04,-0.0140142824257356,2024,2024-09-30,learned_market,20260912,0.7047213785907145,0.7047213785907145,1,0
quarter_trend2_validated,3340,2024-11-01,2024-11-11,0.0434152361258277,2024,2024-09-30,learned_market,20260912,0.7564382143782475,0.7564382143782475,1,1
quarter_volatility2_validated,3340,2024-11-01,2024-11-11,0.0434152361258277,2024,2024-09-30,learned_market,20260912,0.7564382143782475,0.7564382143782475,1,1
quarter_trend2_validated,3345,2024-11-08,2024-11-18,-0.0208584853931589,2024,2024-09-30,learned_market,20260912,0.6534693612294474,0.6534693612294474,1,0
quarter_volatility2_validated,3345,2024-11-08,2024-11-18,-0.0208584853931589,2024,2024-09-30,learned_market,20260912,0.6534693612294474,0.6534693612294474,1,0
quarter_trend2_validated,3350,2024-11-15,2024-11-25,-0.0267421712161923,2024,2024-09-30,learned_market,20260912,0.6053975436260323,0.6053975436260323,1,0
quarter_volatility2_validated,3350,2024-11-15,2024-11-25,-0.0267421712161923,2024,2024-09-30,learned_market,20260912,0.6053975436260323,0.6053975436260323,1,0
quarter_trend2_validated,3355,2024-11-22,2024-12-02,0.0087960346887328,2024,2024-09-30,learned_market,20260912,0.6365936876664182,0.6365936876664182,1,1
quarter_volatility2_validated,3355,2024-11-22,2024-12-02,0.0087960346887328,2024,2024-09-30,learned_market,20260912,0.6365936876664182,0.6365936876664182,1,1
quarter_trend2_validated,3360,2024-11-29,2024-12-09,0.0155919891551781,2024,2024-09-30,learned_market,20260912,0.5579955410836633,0.5579955410836633,1,1
quarter_volatility2_validated,3360,2024-11-29,2024-12-09,0.0155919891551781,2024,2024-09-30,learned_market,20260912,0.5579955410836633,0.5579955410836633,1,1
quarter_trend2_validated,3365,2024-12-06,2024-12-16,-0.0100436703218104,2024,2024-09-30,learned_market,20260912,0.541404145848568,0.541404145848568,1,0
quarter_volatility2_validated,3365,2024-12-06,2024-12-16,-0.0100436703218104,2024,2024-09-30,learned_market,20260912,0.541404145848568,0.541404145848568,1,0
quarter_trend2_validated,3370,2024-12-13,2024-12-23,-0.0006690784017421,2024,2024-09-30,learned_market,20260912,0.39882455300182545,0.39882455300182545,0,0
quarter_volatility2_validated,3370,2024-12-13,2024-12-23,-0.0006690784017421,2024,2024-09-30,learned_market,20260912,0.39882455300182545,0.39882455300182545,0,0
quarter_trend2_validated,3375,2024-12-20,2024-12-30,0.0123595076562756,2024,2024-09-30,learned_market,20260912,0.3151494536061462,0.3151494536061462,0,1
quarter_volatility2_validated,3375,2024-12-20,2024-12-30,0.0123595076562756,2024,2024-09-30,learned_market,20260912,0.3151494536061462,0.3151494536061462,0,1
quarter_trend2_validated,3380,2024-12-27,2025-01-06,-0.0504714964669198,2024,2024-09-30,learned_market,20260912,0.28110990925447626,0.28110990925447626,0,0
quarter_volatility2_validated,3380,2024-12-27,2025-01-06,-0.0504714964669198,2024,2024-09-30,learned_market,20260912,0.28110990925447626,0.28110990925447626,0,0
quarter_trend2_validated,3144,2024-01-05,2024-01-15,-0.0158038409563566,2024,2023-12-31,learned_vol_interaction,20260912,0.4952442890139834,0.4952442890139834,0,0
quarter_volatility2_validated,3144,2024-01-05,2024-01-15,-0.0158038409563566,2024,2023-12-31,learned_vol_interaction,20260912,0.4952442890139834,0.4952442890139834,0,0
quarter_trend2_validated,3149,2024-01-12,2024-01-22,-0.002333261979756,2024,2023-12-31,learned_vol_interaction,20260912,0.46734394081550534,0.46734394081550534,0,0
quarter_volatility2_validated,3149,2024-01-12,2024-01-22,-0.002333261979756,2024,2023-12-31,learned_vol_interaction,20260912,0.46734394081550534,0.46734394081550534,0,0
quarter_trend2_validated,3154,2024-01-19,2024-01-29,0.0223511633823452,2024,2023-12-31,learned_vol_interaction,20260912,0.4458542659590224,0.4458542659590224,0,1
quarter_volatility2_validated,3154,2024-01-19,2024-01-29,0.0223511633823452,2024,2023-12-31,learned_vol_interaction,20260912,0.4458542659590224,0.4458542659590224,0,1
quarter_trend2_validated,3159,2024-01-26,2024-02-05,-0.0513103415192826,2024,2023-12-31,learned_vol_interaction,20260912,0.5051200250772759,0.5051200250772759,1,0
quarter_volatility2_validated,3159,2024-01-26,2024-02-05,-0.0513103415192826,2024,2023-12-31,learned_vol_interaction,20260912,0.5051200250772759,0.5051200250772759,1,0
quarter_trend2_validated,3164,2024-02-02,2024-02-26,0.1015374891364462,2024,2023-12-31,learned_vol_interaction,20260912,0.5544379606615297,0.5544379606615297,1,1
quarter_volatility2_validated,3164,2024-02-02,2024-02-26,0.1015374891364462,2024,2023-12-31,learned_vol_interaction,20260912,0.5544379606615297,0.5544379606615297,1,1
quarter_trend2_validated,3173,2024-02-23,2024-03-04,0.0151569053862528,2024,2023-12-31,learned_vol_interaction,20260912,0.4830624305901862,0.4830624305901862,0,1
quarter_volatility2_validated,3173,2024-02-23,2024-03-04,0.0151569053862528,2024,2023-12-31,learned_vol_interaction,20260912,0.4830624305901862,0.4830624305901862,0,1
quarter_trend2_validated,3178,2024-03-01,2024-03-11,0.0021394031715169,2024,2023-12-31,learned_vol_interaction,20260912,0.5592748903954966,0.5592748903954966,1,1
quarter_volatility2_validated,3178,2024-03-01,2024-03-11,0.0021394031715169,2024,2023-12-31,learned_vol_interaction,20260912,0.5592748903954966,0.5592748903954966,1,1
quarter_trend2_validated,3183,2024-03-08,2024-03-18,0.0087762342284414,2024,2023-12-31,learned_vol_interaction,20260912,0.5740363843191351,0.5740363843191351,1,1
quarter_volatility2_validated,3183,2024-03-08,2024-03-18,0.0087762342284414,2024,2023-12-31,learned_vol_interaction,20260912,0.5740363843191351,0.5740363843191351,1,1
quarter_trend2_validated,3188,2024-03-15,2024-03-25,-0.0112802133595746,2024,2023-12-31,learned_vol_interaction,20260912,0.4809004633653104,0.4809004633653104,0,0
quarter_volatility2_validated,3188,2024-03-15,2024-03-25,-0.0112802133595746,2024,2023-12-31,learned_vol_interaction,20260912,0.4809004633653104,0.4809004633653104,0,0
quarter_trend2_validated,3193,2024-03-22,2024-04-01,0.0042044725182444,2024,2023-12-31,learned_vol_interaction,20260912,0.5933081539859947,0.5933081539859947,1,1
quarter_volatility2_validated,3193,2024-03-22,2024-04-01,0.0042044725182444,2024,2023-12-31,learned_vol_interaction,20260912,0.5933081539859947,0.5933081539859947,1,1
quarter_trend2_validated,3198,2024-03-29,2024-04-15,-0.0219845815102011,2024,2023-12-31,learned_vol_interaction,20260912,0.5653073701837698,0.5653073701837698,1,0
quarter_volatility2_validated,3198,2024-03-29,2024-04-15,-0.0219845815102011,2024,2023-12-31,learned_vol_interaction,20260912,0.5653073701837698,0.5653073701837698,1,0
quarter_trend2_validated,3206,2024-04-12,2024-04-22,0.018045199366633,2024,2024-03-31,learned_vol_interaction,20260912,0.6033137229015121,0.6033137229015121,1,1
quarter_volatility2_validated,3206,2024-04-12,2024-04-22,0.018045199366633,2024,2024-03-31,learned_vol_interaction,20260912,0.57564801490447,0.57564801490447,1,1
quarter_trend2_validated,3211,2024-04-19,2024-04-29,0.0136757744232476,2024,2024-03-31,learned_vol_interaction,20260912,0.6013392386798665,0.6013392386798665,1,1
quarter_volatility2_validated,3211,2024-04-19,2024-04-29,0.0136757744232476,2024,2024-03-31,learned_vol_interaction,20260912,0.5736331430917176,0.5736331430917176,1,1
quarter_trend2_validated,3216,2024-04-26,2024-05-13,0.0172434956786644,2024,2024-03-31,learned_vol_interaction,20260912,0.43642493305163865,0.43642493305163865,0,1
quarter_volatility2_validated,3216,2024-04-26,2024-05-13,0.0172434956786644,2024,2024-03-31,learned_vol_interaction,20260912,0.4085307213415466,0.4085307213415466,0,1
quarter_trend2_validated,3223,2024-05-10,2024-05-20,0.0097933549988344,2024,2024-03-31,learned_vol_interaction,20260912,0.26616465038111153,0.26616465038111153,0,1
quarter_volatility2_validated,3223,2024-05-10,2024-05-20,0.0097933549988344,2024,2024-03-31,learned_vol_interaction,20260912,0.24443284571113316,0.24443284571113316,0,1
quarter_trend2_validated,3228,2024-05-17,2024-05-27,-0.0204803832637164,2024,2024-03-31,learned_vol_interaction,20260912,0.2488786215709529,0.2488786215709529,0,0
quarter_volatility2_validated,3228,2024-05-17,2024-05-27,-0.0204803832637164,2024,2024-03-31,learned_vol_interaction,20260912,0.22811944907118842,0.22811944907118842,0,0
quarter_trend2_validated,3233,2024-05-24,2024-06-03,-0.0081155643048258,2024,2024-03-31,learned_vol_interaction,20260912,0.28744477926146755,0.28744477926146755,0,0
quarter_volatility2_validated,3233,2024-05-24,2024-06-03,-0.0081155643048258,2024,2024-03-31,learned_vol_interaction,20260912,0.26460198516104094,0.26460198516104094,0,0
quarter_trend2_validated,3238,2024-05-31,2024-06-11,-0.0060267570121149,2024,2024-03-31,learned_vol_interaction,20260912,0.3030632705456588,0.3030632705456588,0,0
quarter_volatility2_validated,3238,2024-05-31,2024-06-11,-0.0060267570121149,2024,2024-03-31,learned_vol_interaction,20260912,0.2794660921557831,0.2794660921557831,0,0
quarter_trend2_validated,3243,2024-06-07,2024-06-17,-0.0096686558937179,2024,2024-03-31,learned_vol_interaction,20260912,0.3753543443366508,0.3753543443366508,0,0
quarter_volatility2_validated,3243,2024-06-07,2024-06-17,-0.0096686558937179,2024,2024-03-31,learned_vol_interaction,20260912,0.34894665716260265,0.34894665716260265,0,0
quarter_trend2_validated,3247,2024-06-14,2024-06-24,-0.013573992457631,2024,2024-03-31,learned_vol_interaction,20260912,0.397914021804278,0.397914021804278,0,0
quarter_volatility2_validated,3247,2024-06-14,2024-06-24,-0.013573992457631,2024,2024-03-31,learned_vol_interaction,20260912,0.3708614936970669,0.3708614936970669,0,0
quarter_trend2_validated,3252,2024-06-21,2024-07-01,-0.004427632109257,2024,2024-03-31,learned_vol_interaction,20260912,0.45060839168891526,0.45060839168891526,0,0
quarter_volatility2_validated,3252,2024-06-21,2024-07-01,-0.004427632109257,2024,2024-03-31,learned_vol_interaction,20260912,0.42248723296109214,0.42248723296109214,0,0
quarter_trend2_validated,3257,2024-06-28,2024-07-08,-0.0108320369203009,2024,2024-03-31,learned_vol_interaction,20260912,0.42556707786565773,0.42556707786565773,0,0
quarter_volatility2_validated,3257,2024-06-28,2024-07-08,-0.0108320369203009,2024,2024-03-31,learned_vol_interaction,20260912,0.3978769057734136,0.3978769057734136,0,0
quarter_trend2_validated,3262,2024-07-05,2024-07-15,0.0122222871842843,2024,2024-06-30,learned_vol_interaction,20260912,0.6195668960408595,0.6195668960408595,1,1
quarter_volatility2_validated,3262,2024-07-05,2024-07-15,0.0122222871842843,2024,2024-06-30,learned_vol_interaction,20260912,0.5807479541372735,0.5807479541372735,1,1
quarter_trend2_validated,3267,2024-07-12,2024-07-22,0.0218881133018156,2024,2024-06-30,learned_vol_interaction,20260912,0.5647279382660869,0.5647279382660869,1,1
quarter_volatility2_validated,3267,2024-07-12,2024-07-22,0.0218881133018156,2024,2024-06-30,learned_vol_interaction,20260912,0.5246068715105465,0.5246068715105465,1,1
quarter_trend2_validated,3272,2024-07-19,2024-07-29,-0.0378787022382998,2024,2024-06-30,learned_vol_interaction,20260912,0.4675814127015745,0.4675814127015745,0,0
quarter_volatility2_validated,3272,2024-07-19,2024-07-29,-0.0378787022382998,2024,2024-06-30,learned_vol_interaction,20260912,0.42758227687086703,0.42758227687086703,0,0
quarter_trend2_validated,3277,2024-07-26,2024-08-05,-0.0124134568216732,2024,2024-06-30,learned_vol_interaction,20260912,0.6123160507995845,0.6123160507995845,1,0
quarter_volatility2_validated,3277,2024-07-26,2024-08-05,-0.0124134568216732,2024,2024-06-30,learned_vol_interaction,20260912,0.5732668328185295,0.5732668328185295,1,0
quarter_trend2_validated,3282,2024-08-02,2024-08-12,-0.0102762848330364,2024,2024-06-30,learned_vol_interaction,20260912,0.5993027434239192,0.5993027434239192,1,0
quarter_volatility2_validated,3282,2024-08-02,2024-08-12,-0.0102762848330364,2024,2024-06-30,learned_vol_interaction,20260912,0.5598849027086656,0.5598849027086656,1,0
quarter_trend2_validated,3287,2024-08-09,2024-08-19,0.0050186923751938,2024,2024-06-30,learned_vol_interaction,20260912,0.49286935350004685,0.49286935350004685,0,1
quarter_volatility2_validated,3287,2024-08-09,2024-08-19,0.0050186923751938,2024,2024-06-30,learned_vol_interaction,20260912,0.4525456889985902,0.4525456889985902,0,1
quarter_trend2_validated,3292,2024-08-16,2024-08-26,-0.0040487282687352,2024,2024-06-30,learned_vol_interaction,20260912,0.37415507577043683,0.37415507577043683,0,0
quarter_volatility2_validated,3292,2024-08-16,2024-08-26,-0.0040487282687352,2024,2024-06-30,learned_vol_interaction,20260912,0.33708804573694673,0.33708804573694673,0,0
quarter_trend2_validated,3297,2024-08-23,2024-09-02,-0.0069594562136714,2024,2024-06-30,learned_vol_interaction,20260912,0.2775486555086619,0.2775486555086619,0,0
quarter_volatility2_validated,3297,2024-08-23,2024-09-02,-0.0069594562136714,2024,2024-06-30,learned_vol_interaction,20260912,0.24628598925534848,0.24628598925534848,0,0
quarter_trend2_validated,3302,2024-08-30,2024-09-09,-0.0280389655151561,2024,2024-06-30,learned_vol_interaction,20260912,0.3043107501623469,0.3043107501623469,0,0
quarter_volatility2_validated,3302,2024-08-30,2024-09-09,-0.0280389655151561,2024,2024-06-30,learned_vol_interaction,20260912,0.2711650831392882,0.2711650831392882,0,0
quarter_trend2_validated,3307,2024-09-06,2024-09-18,-0.0174132138857783,2024,2024-06-30,learned_vol_interaction,20260912,0.391111048873372,0.391111048873372,0,0
quarter_volatility2_validated,3307,2024-09-06,2024-09-18,-0.0174132138857783,2024,2024-06-30,learned_vol_interaction,20260912,0.35331252567601934,0.35331252567601934,0,0
quarter_trend2_validated,3312,2024-09-13,2024-09-24,0.0133119329369826,2024,2024-06-30,learned_vol_interaction,20260912,0.36688921505206057,0.36688921505206057,0,1
quarter_volatility2_validated,3312,2024-09-13,2024-09-24,0.0133119329369826,2024,2024-06-30,learned_vol_interaction,20260912,0.3301622659933445,0.3301622659933445,0,1
quarter_trend2_validated,3315,2024-09-20,2024-09-30,0.2017513988384409,2024,2024-06-30,learned_vol_interaction,20260912,0.3927215894593369,0.3927215894593369,0,1
quarter_volatility2_validated,3315,2024-09-20,2024-09-30,0.2017513988384409,2024,2024-06-30,learned_vol_interaction,20260912,0.3548581288851337,0.3548581288851337,0,1
quarter_trend2_validated,3320,2024-09-27,2024-10-14,0.0178259004588408,2024,2024-06-30,learned_vol_interaction,20260912,0.4442843434187072,0.4442843434187072,0,1
quarter_volatility2_validated,3320,2024-09-27,2024-10-14,0.0178259004588408,2024,2024-06-30,learned_vol_interaction,20260912,0.4442843434187072,0.4442843434187072,0,1
quarter_trend2_validated,3325,2024-10-11,2024-10-21,0.0080914993282625,2024,2024-09-30,learned_vol_interaction,20260912,0.6154592441744525,0.6154592441744525,1,1
quarter_volatility2_validated,3325,2024-10-11,2024-10-21,0.0080914993282625,2024,2024-09-30,learned_vol_interaction,20260912,0.6154592441744525,0.6154592441744525,1,1
quarter_trend2_validated,3330,2024-10-18,2024-10-28,0.0015733867085561,2024,2024-09-30,learned_vol_interaction,20260912,0.6984112732542341,0.6984112732542341,1,1
quarter_volatility2_validated,3330,2024-10-18,2024-10-28,0.0015733867085561,2024,2024-09-30,learned_vol_interaction,20260912,0.6984112732542341,0.6984112732542341,1,1
quarter_trend2_validated,3335,2024-10-25,2024-11-04,-0.0140142824257356,2024,2024-09-30,learned_vol_interaction,20260912,0.6614014700577392,0.6614014700577392,1,0
quarter_volatility2_validated,3335,2024-10-25,2024-11-04,-0.0140142824257356,2024,2024-09-30,learned_vol_interaction,20260912,0.6614014700577392,0.6614014700577392,1,0
quarter_trend2_validated,3340,2024-11-01,2024-11-11,0.0434152361258277,2024,2024-09-30,learned_vol_interaction,20260912,0.6960317071765945,0.6960317071765945,1,1
quarter_volatility2_validated,3340,2024-11-01,2024-11-11,0.0434152361258277,2024,2024-09-30,learned_vol_interaction,20260912,0.6960317071765945,0.6960317071765945,1,1
quarter_trend2_validated,3345,2024-11-08,2024-11-18,-0.0208584853931589,2024,2024-09-30,learned_vol_interaction,20260912,0.627992228455405,0.627992228455405,1,0
quarter_volatility2_validated,3345,2024-11-08,2024-11-18,-0.0208584853931589,2024,2024-09-30,learned_vol_interaction,20260912,0.627992228455405,0.627992228455405,1,0
quarter_trend2_validated,3350,2024-11-15,2024-11-25,-0.0267421712161923,2024,2024-09-30,learned_vol_interaction,20260912,0.600402896142829,0.600402896142829,1,0
quarter_volatility2_validated,3350,2024-11-15,2024-11-25,-0.0267421712161923,2024,2024-09-30,learned_vol_interaction,20260912,0.600402896142829,0.600402896142829,1,0
quarter_trend2_validated,3355,2024-11-22,2024-12-02,0.0087960346887328,2024,2024-09-30,learned_vol_interaction,20260912,0.6257055825822537,0.6257055825822537,1,1
quarter_volatility2_validated,3355,2024-11-22,2024-12-02,0.0087960346887328,2024,2024-09-30,learned_vol_interaction,20260912,0.6257055825822537,0.6257055825822537,1,1
quarter_trend2_validated,3360,2024-11-29,2024-12-09,0.0155919891551781,2024,2024-09-30,learned_vol_interaction,20260912,0.5403979506938085,0.5403979506938085,1,1
quarter_volatility2_validated,3360,2024-11-29,2024-12-09,0.0155919891551781,2024,2024-09-30,learned_vol_interaction,20260912,0.5403979506938085,0.5403979506938085,1,1
quarter_trend2_validated,3365,2024-12-06,2024-12-16,-0.0100436703218104,2024,2024-09-30,learned_vol_interaction,20260912,0.5359614220710596,0.5359614220710596,1,0
quarter_volatility2_validated,3365,2024-12-06,2024-12-16,-0.0100436703218104,2024,2024-09-30,learned_vol_interaction,20260912,0.5359614220710596,0.5359614220710596,1,0
quarter_trend2_validated,3370,2024-12-13,2024-12-23,-0.0006690784017421,2024,2024-09-30,learned_vol_interaction,20260912,0.4004266447398538,0.4004266447398538,0,0
quarter_volatility2_validated,3370,2024-12-13,2024-12-23,-0.0006690784017421,2024,2024-09-30,learned_vol_interaction,20260912,0.4004266447398538,0.4004266447398538,0,0
quarter_trend2_validated,3375,2024-12-20,2024-12-30,0.0123595076562756,2024,2024-09-30,learned_vol_interaction,20260912,0.3173047617142704,0.3173047617142704,0,1
quarter_volatility2_validated,3375,2024-12-20,2024-12-30,0.0123595076562756,2024,2024-09-30,learned_vol_interaction,20260912,0.2810459324078975,0.2810459324078975,0,1
quarter_trend2_validated,3380,2024-12-27,2025-01-06,-0.0504714964669198,2024,2024-09-30,learned_vol_interaction,20260912,0.27582764169478674,0.27582764169478674,0,0
quarter_volatility2_validated,3380,2024-12-27,2025-01-06,-0.0504714964669198,2024,2024-09-30,learned_vol_interaction,20260912,0.24262402800811808,0.24262402800811808,0,0
quarter_trend2_validated,3144,2024-01-05,2024-01-15,-0.0158038409563566,2024,2023-12-31,learned_order_extension,20260912,0.5535119994762409,0.5535119994762409,1,0
quarter_volatility2_validated,3144,2024-01-05,2024-01-15,-0.0158038409563566,2024,2023-12-31,learned_order_extension,20260912,0.5535119994762409,0.5535119994762409,1,0
quarter_trend2_validated,3149,2024-01-12,2024-01-22,-0.002333261979756,2024,2023-12-31,learned_order_extension,20260912,0.48736548091739423,0.48736548091739423,0,0
quarter_volatility2_validated,3149,2024-01-12,2024-01-22,-0.002333261979756,2024,2023-12-31,learned_order_extension,20260912,0.48736548091739423,0.48736548091739423,0,0
quarter_trend2_validated,3154,2024-01-19,2024-01-29,0.0223511633823452,2024,2023-12-31,learned_order_extension,20260912,0.4215435053964147,0.4215435053964147,0,1
quarter_volatility2_validated,3154,2024-01-19,2024-01-29,0.0223511633823452,2024,2023-12-31,learned_order_extension,20260912,0.4215435053964147,0.4215435053964147,0,1
quarter_trend2_validated,3159,2024-01-26,2024-02-05,-0.0513103415192826,2024,2023-12-31,learned_order_extension,20260912,0.48649269504735876,0.48649269504735876,0,0
quarter_volatility2_validated,3159,2024-01-26,2024-02-05,-0.0513103415192826,2024,2023-12-31,learned_order_extension,20260912,0.48649269504735876,0.48649269504735876,0,0
quarter_trend2_validated,3164,2024-02-02,2024-02-26,0.1015374891364462,2024,2023-12-31,learned_order_extension,20260912,0.5496050819275686,0.5496050819275686,1,1
quarter_volatility2_validated,3164,2024-02-02,2024-02-26,0.1015374891364462,2024,2023-12-31,learned_order_extension,20260912,0.5496050819275686,0.5496050819275686,1,1
quarter_trend2_validated,3173,2024-02-23,2024-03-04,0.0151569053862528,2024,2023-12-31,learned_order_extension,20260912,0.4386082807089806,0.4386082807089806,0,1
quarter_volatility2_validated,3173,2024-02-23,2024-03-04,0.0151569053862528,2024,2023-12-31,learned_order_extension,20260912,0.4386082807089806,0.4386082807089806,0,1
quarter_trend2_validated,3178,2024-03-01,2024-03-11,0.0021394031715169,2024,2023-12-31,learned_order_extension,20260912,0.46924981751922445,0.46924981751922445,0,1
quarter_volatility2_validated,3178,2024-03-01,2024-03-11,0.0021394031715169,2024,2023-12-31,learned_order_extension,20260912,0.46924981751922445,0.46924981751922445,0,1
quarter_trend2_validated,3183,2024-03-08,2024-03-18,0.0087762342284414,2024,2023-12-31,learned_order_extension,20260912,0.4701956287186797,0.4701956287186797,0,1
quarter_volatility2_validated,3183,2024-03-08,2024-03-18,0.0087762342284414,2024,2023-12-31,learned_order_extension,20260912,0.4701956287186797,0.4701956287186797,0,1
quarter_trend2_validated,3188,2024-03-15,2024-03-25,-0.0112802133595746,2024,2023-12-31,learned_order_extension,20260912,0.41374971985365583,0.41374971985365583,0,0
quarter_volatility2_validated,3188,2024-03-15,2024-03-25,-0.0112802133595746,2024,2023-12-31,learned_order_extension,20260912,0.41374971985365583,0.41374971985365583,0,0
quarter_trend2_validated,3193,2024-03-22,2024-04-01,0.0042044725182444,2024,2023-12-31,learned_order_extension,20260912,0.4779698312307604,0.4779698312307604,0,1
quarter_volatility2_validated,3193,2024-03-22,2024-04-01,0.0042044725182444,2024,2023-12-31,learned_order_extension,20260912,0.4779698312307604,0.4779698312307604,0,1
quarter_trend2_validated,3198,2024-03-29,2024-04-15,-0.0219845815102011,2024,2023-12-31,learned_order_extension,20260912,0.47494867441409877,0.47494867441409877,0,0
quarter_volatility2_validated,3198,2024-03-29,2024-04-15,-0.0219845815102011,2024,2023-12-31,learned_order_extension,20260912,0.47494867441409877,0.47494867441409877,0,0
quarter_trend2_validated,3206,2024-04-12,2024-04-22,0.018045199366633,2024,2024-03-31,learned_order_extension,20260912,0.4521631675666491,0.4521631675666491,0,1
quarter_volatility2_validated,3206,2024-04-12,2024-04-22,0.018045199366633,2024,2024-03-31,learned_order_extension,20260912,0.42329278119526015,0.42329278119526015,0,1
quarter_trend2_validated,3211,2024-04-19,2024-04-29,0.0136757744232476,2024,2024-03-31,learned_order_extension,20260912,0.46878386183965415,0.46878386183965415,0,1
quarter_volatility2_validated,3211,2024-04-19,2024-04-29,0.0136757744232476,2024,2024-03-31,learned_order_extension,20260912,0.4397040097830974,0.4397040097830974,0,1
quarter_trend2_validated,3216,2024-04-26,2024-05-13,0.0172434956786644,2024,2024-03-31,learned_order_extension,20260912,0.43436499150897173,0.43436499150897173,0,1
quarter_volatility2_validated,3216,2024-04-26,2024-05-13,0.0172434956786644,2024,2024-03-31,learned_order_extension,20260912,0.40578926127844095,0.40578926127844095,0,1
quarter_trend2_validated,3223,2024-05-10,2024-05-20,0.0097933549988344,2024,2024-03-31,learned_order_extension,20260912,0.38174358105162726,0.38174358105162726,0,1
quarter_volatility2_validated,3223,2024-05-10,2024-05-20,0.0097933549988344,2024,2024-03-31,learned_order_extension,20260912,0.35446029158192954,0.35446029158192954,0,1
quarter_trend2_validated,3228,2024-05-17,2024-05-27,-0.0204803832637164,2024,2024-03-31,learned_order_extension,20260912,0.35464216087181455,0.35464216087181455,0,0
quarter_volatility2_validated,3228,2024-05-17,2024-05-27,-0.0204803832637164,2024,2024-03-31,learned_order_extension,20260912,0.3282673819687472,0.3282673819687472,0,0
quarter_trend2_validated,3233,2024-05-24,2024-06-03,-0.0081155643048258,2024,2024-03-31,learned_order_extension,20260912,0.3707564745857874,0.3707564745857874,0,0
quarter_volatility2_validated,3233,2024-05-24,2024-06-03,-0.0081155643048258,2024,2024-03-31,learned_order_extension,20260912,0.34382174601509174,0.34382174601509174,0,0
quarter_trend2_validated,3238,2024-05-31,2024-06-11,-0.0060267570121149,2024,2024-03-31,learned_order_extension,20260912,0.3486366599267159,0.3486366599267159,0,0
quarter_volatility2_validated,3238,2024-05-31,2024-06-11,-0.0060267570121149,2024,2024-03-31,learned_order_extension,20260912,0.3224853299035156,0.3224853299035156,0,0
quarter_trend2_validated,3243,2024-06-07,2024-06-17,-0.0096686558937179,2024,2024-03-31,learned_order_extension,20260912,0.40347652723788147,0.40347652723788147,0,0
quarter_volatility2_validated,3243,2024-06-07,2024-06-17,-0.0096686558937179,2024,2024-03-31,learned_order_extension,20260912,0.3755835659025047,0.3755835659025047,0,0
quarter_trend2_validated,3247,2024-06-14,2024-06-24,-0.013573992457631,2024,2024-03-31,learned_order_extension,20260912,0.4129717305667233,0.4129717305667233,0,0
quarter_volatility2_validated,3247,2024-06-14,2024-06-24,-0.013573992457631,2024,2024-03-31,learned_order_extension,20260912,0.38484583782072035,0.38484583782072035,0,0
quarter_trend2_validated,3252,2024-06-21,2024-07-01,-0.004427632109257,2024,2024-03-31,learned_order_extension,20260912,0.4595021392734005,0.4595021392734005,0,0
quarter_volatility2_validated,3252,2024-06-21,2024-07-01,-0.004427632109257,2024,2024-03-31,learned_order_extension,20260912,0.43053141628274577,0.43053141628274577,0,0
quarter_trend2_validated,3257,2024-06-28,2024-07-08,-0.0108320369203009,2024,2024-03-31,learned_order_extension,20260912,0.4553896778333283,0.4553896778333283,0,0
quarter_volatility2_validated,3257,2024-06-28,2024-07-08,-0.0108320369203009,2024,2024-03-31,learned_order_extension,20260912,0.4264736535064048,0.4264736535064048,0,0
quarter_trend2_validated,3262,2024-07-05,2024-07-15,0.0122222871842843,2024,2024-06-30,learned_order_extension,20260912,0.6482583591356186,0.6482583591356186,1,1
quarter_volatility2_validated,3262,2024-07-05,2024-07-15,0.0122222871842843,2024,2024-06-30,learned_order_extension,20260912,0.6091673055963797,0.6091673055963797,1,1
quarter_trend2_validated,3267,2024-07-12,2024-07-22,0.0218881133018156,2024,2024-06-30,learned_order_extension,20260912,0.5768939392068954,0.5768939392068954,1,1
quarter_volatility2_validated,3267,2024-07-12,2024-07-22,0.0218881133018156,2024,2024-06-30,learned_order_extension,20260912,0.5355540279475568,0.5355540279475568,1,1
quarter_trend2_validated,3272,2024-07-19,2024-07-29,-0.0378787022382998,2024,2024-06-30,learned_order_extension,20260912,0.5138214723605654,0.5138214723605654,1,0
quarter_volatility2_validated,3272,2024-07-19,2024-07-29,-0.0378787022382998,2024,2024-06-30,learned_order_extension,20260912,0.471959692713267,0.471959692713267,0,0
quarter_trend2_validated,3277,2024-07-26,2024-08-05,-0.0124134568216732,2024,2024-06-30,learned_order_extension,20260912,0.6251892673443031,0.6251892673443031,1,0
quarter_volatility2_validated,3277,2024-07-26,2024-08-05,-0.0124134568216732,2024,2024-06-30,learned_order_extension,20260912,0.5851750072179273,0.5851750072179273,1,0
quarter_trend2_validated,3282,2024-08-02,2024-08-12,-0.0102762848330364,2024,2024-06-30,learned_order_extension,20260912,0.6275315784950272,0.6275315784950272,1,0
quarter_volatility2_validated,3282,2024-08-02,2024-08-12,-0.0102762848330364,2024,2024-06-30,learned_order_extension,20260912,0.5876024303154023,0.5876024303154023,1,0
quarter_trend2_validated,3287,2024-08-09,2024-08-19,0.0050186923751938,2024,2024-06-30,learned_order_extension,20260912,0.5359642347219611,0.5359642347219611,1,1
quarter_volatility2_validated,3287,2024-08-09,2024-08-19,0.0050186923751938,2024,2024-06-30,learned_order_extension,20260912,0.49413196692455663,0.49413196692455663,0,1
quarter_trend2_validated,3292,2024-08-16,2024-08-26,-0.0040487282687352,2024,2024-06-30,learned_order_extension,20260912,0.42012358052309684,0.42012358052309684,0,0
quarter_volatility2_validated,3292,2024-08-16,2024-08-26,-0.0040487282687352,2024,2024-06-30,learned_order_extension,20260912,0.37993005489410425,0.37993005489410425,0,0
quarter_trend2_validated,3297,2024-08-23,2024-09-02,-0.0069594562136714,2024,2024-06-30,learned_order_extension,20260912,0.382715542188067,0.382715542188067,0,0
quarter_volatility2_validated,3297,2024-08-23,2024-09-02,-0.0069594562136714,2024,2024-06-30,learned_order_extension,20260912,0.3439779237859101,0.3439779237859101,0,0
quarter_trend2_validated,3302,2024-08-30,2024-09-09,-0.0280389655151561,2024,2024-06-30,learned_order_extension,20260912,0.4020856235184914,0.4020856235184914,0,0
quarter_volatility2_validated,3302,2024-08-30,2024-09-09,-0.0280389655151561,2024,2024-06-30,learned_order_extension,20260912,0.3625388914187582,0.3625388914187582,0,0
quarter_trend2_validated,3307,2024-09-06,2024-09-18,-0.0174132138857783,2024,2024-06-30,learned_order_extension,20260912,0.4515132387885508,0.4515132387885508,0,0
quarter_volatility2_validated,3307,2024-09-06,2024-09-18,-0.0174132138857783,2024,2024-06-30,learned_order_extension,20260912,0.41044224534899476,0.41044224534899476,0,0
quarter_trend2_validated,3312,2024-09-13,2024-09-24,0.0133119329369826,2024,2024-06-30,learned_order_extension,20260912,0.41574811043305754,0.41574811043305754,0,1
quarter_volatility2_validated,3312,2024-09-13,2024-09-24,0.0133119329369826,2024,2024-06-30,learned_order_extension,20260912,0.3757019753736186,0.3757019753736186,0,1
quarter_trend2_validated,3315,2024-09-20,2024-09-30,0.2017513988384409,2024,2024-06-30,learned_order_extension,20260912,0.4804948585987177,0.4804948585987177,0,1
quarter_volatility2_validated,3315,2024-09-20,2024-09-30,0.2017513988384409,2024,2024-06-30,learned_order_extension,20260912,0.43889713197205416,0.43889713197205416,0,1
quarter_trend2_validated,3320,2024-09-27,2024-10-14,0.0178259004588408,2024,2024-06-30,learned_order_extension,20260912,0.576228156163883,0.576228156163883,1,1
quarter_volatility2_validated,3320,2024-09-27,2024-10-14,0.0178259004588408,2024,2024-06-30,learned_order_extension,20260912,0.576228156163883,0.576228156163883,1,1
quarter_trend2_validated,3325,2024-10-11,2024-10-21,0.0080914993282625,2024,2024-09-30,learned_order_extension,20260912,0.5860467122529138,0.5860467122529138,1,1
quarter_volatility2_validated,3325,2024-10-11,2024-10-21,0.0080914993282625,2024,2024-09-30,learned_order_extension,20260912,0.5860467122529138,0.5860467122529138,1,1
quarter_trend2_validated,3330,2024-10-18,2024-10-28,0.0015733867085561,2024,2024-09-30,learned_order_extension,20260912,0.612479916640697,0.612479916640697,1,1
quarter_volatility2_validated,3330,2024-10-18,2024-10-28,0.0015733867085561,2024,2024-09-30,learned_order_extension,20260912,0.612479916640697,0.612479916640697,1,1
quarter_trend2_validated,3335,2024-10-25,2024-11-04,-0.0140142824257356,2024,2024-09-30,learned_order_extension,20260912,0.5803945500365179,0.5803945500365179,1,0
quarter_volatility2_validated,3335,2024-10-25,2024-11-04,-0.0140142824257356,2024,2024-09-30,learned_order_extension,20260912,0.5803945500365179,0.5803945500365179,1,0
quarter_trend2_validated,3340,2024-11-01,2024-11-11,0.0434152361258277,2024,2024-09-30,learned_order_extension,20260912,0.5735861212793831,0.5735861212793831,1,1
quarter_volatility2_validated,3340,2024-11-01,2024-11-11,0.0434152361258277,2024,2024-09-30,learned_order_extension,20260912,0.5735861212793831,0.5735861212793831,1,1
quarter_trend2_validated,3345,2024-11-08,2024-11-18,-0.0208584853931589,2024,2024-09-30,learned_order_extension,20260912,0.5817441245707554,0.5817441245707554,1,0
quarter_volatility2_validated,3345,2024-11-08,2024-11-18,-0.0208584853931589,2024,2024-09-30,learned_order_extension,20260912,0.5817441245707554,0.5817441245707554,1,0
quarter_trend2_validated,3350,2024-11-15,2024-11-25,-0.0267421712161923,2024,2024-09-30,learned_order_extension,20260912,0.566996458597694,0.566996458597694,1,0
quarter_volatility2_validated,3350,2024-11-15,2024-11-25,-0.0267421712161923,2024,2024-09-30,learned_order_extension,20260912,0.566996458597694,0.566996458597694,1,0
quarter_trend2_validated,3355,2024-11-22,2024-12-02,0.0087960346887328,2024,2024-09-30,learned_order_extension,20260912,0.6308649379708478,0.6308649379708478,1,1
quarter_volatility2_validated,3355,2024-11-22,2024-12-02,0.0087960346887328,2024,2024-09-30,learned_order_extension,20260912,0.6308649379708478,0.6308649379708478,1,1
quarter_trend2_validated,3360,2024-11-29,2024-12-09,0.0155919891551781,2024,2024-09-30,learned_order_extension,20260912,0.5481166154807285,0.5481166154807285,1,1
quarter_volatility2_validated,3360,2024-11-29,2024-12-09,0.0155919891551781,2024,2024-09-30,learned_order_extension,20260912,0.5481166154807285,0.5481166154807285,1,1
quarter_trend2_validated,3365,2024-12-06,2024-12-16,-0.0100436703218104,2024,2024-09-30,learned_order_extension,20260912,0.5160872470925407,0.5160872470925407,1,0
quarter_volatility2_validated,3365,2024-12-06,2024-12-16,-0.0100436703218104,2024,2024-09-30,learned_order_extension,20260912,0.5160872470925407,0.5160872470925407,1,0
quarter_trend2_validated,3370,2024-12-13,2024-12-23,-0.0006690784017421,2024,2024-09-30,learned_order_extension,20260912,0.3979505994458215,0.3979505994458215,0,0
quarter_volatility2_validated,3370,2024-12-13,2024-12-23,-0.0006690784017421,2024,2024-09-30,learned_order_extension,20260912,0.3979505994458215,0.3979505994458215,0,0
quarter_trend2_validated,3375,2024-12-20,2024-12-30,0.0123595076562756,2024,2024-09-30,learned_order_extension,20260912,0.2883934543425278,0.2883934543425278,0,1
quarter_volatility2_validated,3375,2024-12-20,2024-12-30,0.0123595076562756,2024,2024-09-30,learned_order_extension,20260912,0.254019764608483,0.254019764608483,0,1
quarter_trend2_validated,3380,2024-12-27,2025-01-06,-0.0504714964669198,2024,2024-09-30,learned_order_extension,20260912,0.2139925614407288,0.2139925614407288,0,0
quarter_volatility2_validated,3380,2024-12-27,2025-01-06,-0.0504714964669198,2024,2024-09-30,learned_order_extension,20260912,0.1861667698161214,0.1861667698161214,0,0
quarter_trend2_validated,3144,2024-01-05,2024-01-15,-0.0158038409563566,2024,2023-12-31,learned_order_offset,20260912,0.555524023910941,0.555524023910941,1,0
quarter_volatility2_validated,3144,2024-01-05,2024-01-15,-0.0158038409563566,2024,2023-12-31,learned_order_offset,20260912,0.555524023910941,0.555524023910941,1,0
quarter_trend2_validated,3149,2024-01-12,2024-01-22,-0.002333261979756,2024,2023-12-31,learned_order_offset,20260912,0.4886344435127239,0.4886344435127239,0,0
quarter_volatility2_validated,3149,2024-01-12,2024-01-22,-0.002333261979756,2024,2023-12-31,learned_order_offset,20260912,0.4886344435127239,0.4886344435127239,0,0
quarter_trend2_validated,3154,2024-01-19,2024-01-29,0.0223511633823452,2024,2023-12-31,learned_order_offset,20260912,0.4229445653552536,0.4229445653552536,0,1
quarter_volatility2_validated,3154,2024-01-19,2024-01-29,0.0223511633823452,2024,2023-12-31,learned_order_offset,20260912,0.4229445653552536,0.4229445653552536,0,1
quarter_trend2_validated,3159,2024-01-26,2024-02-05,-0.0513103415192826,2024,2023-12-31,learned_order_offset,20260912,0.4868819752675603,0.4868819752675603,0,0
quarter_volatility2_validated,3159,2024-01-26,2024-02-05,-0.0513103415192826,2024,2023-12-31,learned_order_offset,20260912,0.4868819752675603,0.4868819752675603,0,0
quarter_trend2_validated,3164,2024-02-02,2024-02-26,0.1015374891364462,2024,2023-12-31,learned_order_offset,20260912,0.5512261346233363,0.5512261346233363,1,1
quarter_volatility2_validated,3164,2024-02-02,2024-02-26,0.1015374891364462,2024,2023-12-31,learned_order_offset,20260912,0.5512261346233363,0.5512261346233363,1,1
quarter_trend2_validated,3173,2024-02-23,2024-03-04,0.0151569053862528,2024,2023-12-31,learned_order_offset,20260912,0.4383060233141652,0.4383060233141652,0,1
quarter_volatility2_validated,3173,2024-02-23,2024-03-04,0.0151569053862528,2024,2023-12-31,learned_order_offset,20260912,0.4383060233141652,0.4383060233141652,0,1
quarter_trend2_validated,3178,2024-03-01,2024-03-11,0.0021394031715169,2024,2023-12-31,learned_order_offset,20260912,0.4671863792327489,0.4671863792327489,0,1
quarter_volatility2_validated,3178,2024-03-01,2024-03-11,0.0021394031715169,2024,2023-12-31,learned_order_offset,20260912,0.4671863792327489,0.4671863792327489,0,1
quarter_trend2_validated,3183,2024-03-08,2024-03-18,0.0087762342284414,2024,2023-12-31,learned_order_offset,20260912,0.4682690873666851,0.4682690873666851,0,1
quarter_volatility2_validated,3183,2024-03-08,2024-03-18,0.0087762342284414,2024,2023-12-31,learned_order_offset,20260912,0.4682690873666851,0.4682690873666851,0,1
quarter_trend2_validated,3188,2024-03-15,2024-03-25,-0.0112802133595746,2024,2023-12-31,learned_order_offset,20260912,0.410883959095752,0.410883959095752,0,0
quarter_volatility2_validated,3188,2024-03-15,2024-03-25,-0.0112802133595746,2024,2023-12-31,learned_order_offset,20260912,0.410883959095752,0.410883959095752,0,0
quarter_trend2_validated,3193,2024-03-22,2024-04-01,0.0042044725182444,2024,2023-12-31,learned_order_offset,20260912,0.4736922823747903,0.4736922823747903,0,1
quarter_volatility2_validated,3193,2024-03-22,2024-04-01,0.0042044725182444,2024,2023-12-31,learned_order_offset,20260912,0.4736922823747903,0.4736922823747903,0,1
quarter_trend2_validated,3198,2024-03-29,2024-04-15,-0.0219845815102011,2024,2023-12-31,learned_order_offset,20260912,0.4721761686206615,0.4721761686206615,0,0
quarter_volatility2_validated,3198,2024-03-29,2024-04-15,-0.0219845815102011,2024,2023-12-31,learned_order_offset,20260912,0.4721761686206615,0.4721761686206615,0,0
quarter_trend2_validated,3206,2024-04-12,2024-04-22,0.018045199366633,2024,2024-03-31,learned_order_offset,20260912,0.44900290436109536,0.44900290436109536,0,1
quarter_volatility2_validated,3206,2024-04-12,2024-04-22,0.018045199366633,2024,2024-03-31,learned_order_offset,20260912,0.4197681926470872,0.4197681926470872,0,1
quarter_trend2_validated,3211,2024-04-19,2024-04-29,0.0136757744232476,2024,2024-03-31,learned_order_offset,20260912,0.4666007685534335,0.4666007685534335,0,1
quarter_volatility2_validated,3211,2024-04-19,2024-04-29,0.0136757744232476,2024,2024-03-31,learned_order_offset,20260912,0.43712926793231766,0.43712926793231766,0,1
quarter_trend2_validated,3216,2024-04-26,2024-05-13,0.0172434956786644,2024,2024-03-31,learned_order_offset,20260912,0.4343770329705723,0.4343770329705723,0,1
quarter_volatility2_validated,3216,2024-04-26,2024-05-13,0.0172434956786644,2024,2024-03-31,learned_order_offset,20260912,0.40539396886496465,0.40539396886496465,0,1
quarter_trend2_validated,3223,2024-05-10,2024-05-20,0.0097933549988344,2024,2024-03-31,learned_order_offset,20260912,0.3824496760888333,0.3824496760888333,0,1
quarter_volatility2_validated,3223,2024-05-10,2024-05-20,0.0097933549988344,2024,2024-03-31,learned_order_offset,20260912,0.3547582787416007,0.3547582787416007,0,1
quarter_trend2_validated,3228,2024-05-17,2024-05-27,-0.0204803832637164,2024,2024-03-31,learned_order_offset,20260912,0.35711137240492025,0.35711137240492025,0,0
quarter_volatility2_validated,3228,2024-05-17,2024-05-27,-0.0204803832637164,2024,2024-03-31,learned_order_offset,20260912,0.33027342188022246,0.33027342188022246,0,0
quarter_trend2_validated,3233,2024-05-24,2024-06-03,-0.0081155643048258,2024,2024-03-31,learned_order_offset,20260912,0.3737645520851825,0.3737645520851825,0,0
quarter_volatility2_validated,3233,2024-05-24,2024-06-03,-0.0081155643048258,2024,2024-03-31,learned_order_offset,20260912,0.3463493177686196,0.3463493177686196,0,0
quarter_trend2_validated,3238,2024-05-31,2024-06-11,-0.0060267570121149,2024,2024-03-31,learned_order_offset,20260912,0.3510285369082652,0.3510285369082652,0,0
quarter_volatility2_validated,3238,2024-05-31,2024-06-11,-0.0060267570121149,2024,2024-03-31,learned_order_offset,20260912,0.32441704387025705,0.32441704387025705,0,0
quarter_trend2_validated,3243,2024-06-07,2024-06-17,-0.0096686558937179,2024,2024-03-31,learned_order_offset,20260912,0.4052492624281903,0.4052492624281903,0,0
quarter_volatility2_validated,3243,2024-06-07,2024-06-17,-0.0096686558937179,2024,2024-03-31,learned_order_offset,20260912,0.376914606961625,0.376914606961625,0,0
quarter_trend2_validated,3247,2024-06-14,2024-06-24,-0.013573992457631,2024,2024-03-31,learned_order_offset,20260912,0.41450780904711865,0.41450780904711865,0,0
quarter_volatility2_validated,3247,2024-06-14,2024-06-24,-0.013573992457631,2024,2024-03-31,learned_order_offset,20260912,0.385945882527616,0.385945882527616,0,0
quarter_trend2_validated,3252,2024-06-21,2024-07-01,-0.004427632109257,2024,2024-03-31,learned_order_offset,20260912,0.46004587730144675,0.46004587730144675,0,0
quarter_volatility2_validated,3252,2024-06-21,2024-07-01,-0.004427632109257,2024,2024-03-31,learned_order_offset,20260912,0.43065412674507847,0.43065412674507847,0,0
quarter_trend2_validated,3257,2024-06-28,2024-07-08,-0.0108320369203009,2024,2024-03-31,learned_order_offset,20260912,0.4589655459892309,0.4589655459892309,0,0
quarter_volatility2_validated,3257,2024-06-28,2024-07-08,-0.0108320369203009,2024,2024-03-31,learned_order_offset,20260912,0.42958790327458163,0.42958790327458163,0,0
quarter_trend2_validated,3262,2024-07-05,2024-07-15,0.0122222871842843,2024,2024-06-30,learned_order_offset,20260912,0.6488790466154806,0.6488790466154806,1,1
quarter_volatility2_validated,3262,2024-07-05,2024-07-15,0.0122222871842843,2024,2024-06-30,learned_order_offset,20260912,0.6092660741651483,0.6092660741651483,1,1
quarter_trend2_validated,3267,2024-07-12,2024-07-22,0.0218881133018156,2024,2024-06-30,learned_order_offset,20260912,0.5774913316908258,0.5774913316908258,1,1
quarter_volatility2_validated,3267,2024-07-12,2024-07-22,0.0218881133018156,2024,2024-06-30,learned_order_offset,20260912,0.5355887520494731,0.5355887520494731,1,1
quarter_trend2_validated,3272,2024-07-19,2024-07-29,-0.0378787022382998,2024,2024-06-30,learned_order_offset,20260912,0.5157601153269719,0.5157601153269719,1,0
quarter_volatility2_validated,3272,2024-07-19,2024-07-29,-0.0378787022382998,2024,2024-06-30,learned_order_offset,20260912,0.47331887477480244,0.47331887477480244,0,0
quarter_trend2_validated,3277,2024-07-26,2024-08-05,-0.0124134568216732,2024,2024-06-30,learned_order_offset,20260912,0.6244882450131677,0.6244882450131677,1,0
quarter_volatility2_validated,3277,2024-07-26,2024-08-05,-0.0124134568216732,2024,2024-06-30,learned_order_offset,20260912,0.5838881642464712,0.5838881642464712,1,0
quarter_trend2_validated,3282,2024-08-02,2024-08-12,-0.0102762848330364,2024,2024-06-30,learned_order_offset,20260912,0.6270675399861252,0.6270675399861252,1,0
quarter_volatility2_validated,3282,2024-08-02,2024-08-12,-0.0102762848330364,2024,2024-06-30,learned_order_offset,20260912,0.5865617057474023,0.5865617057474023,1,0
quarter_trend2_validated,3287,2024-08-09,2024-08-19,0.0050186923751938,2024,2024-06-30,learned_order_offset,20260912,0.5377555905505339,0.5377555905505339,1,1
quarter_volatility2_validated,3287,2024-08-09,2024-08-19,0.0050186923751938,2024,2024-06-30,learned_order_offset,20260912,0.4953558991548632,0.4953558991548632,0,1
quarter_trend2_validated,3292,2024-08-16,2024-08-26,-0.0040487282687352,2024,2024-06-30,learned_order_offset,20260912,0.42279669771745343,0.42279669771745343,0,0
quarter_volatility2_validated,3292,2024-08-16,2024-08-26,-0.0040487282687352,2024,2024-06-30,learned_order_offset,20260912,0.3819710618223871,0.3819710618223871,0,0
quarter_trend2_validated,3297,2024-08-23,2024-09-02,-0.0069594562136714,2024,2024-06-30,learned_order_offset,20260912,0.3863647344348675,0.3863647344348675,0,0
quarter_volatility2_validated,3297,2024-08-23,2024-09-02,-0.0069594562136714,2024,2024-06-30,learned_order_offset,20260912,0.3469424782536344,0.3469424782536344,0,0
quarter_trend2_validated,3302,2024-08-30,2024-09-09,-0.0280389655151561,2024,2024-06-30,learned_order_offset,20260912,0.4062697859689684,0.4062697859689684,0,0
quarter_volatility2_validated,3302,2024-08-30,2024-09-09,-0.0280389655151561,2024,2024-06-30,learned_order_offset,20260912,0.3660280082682706,0.3660280082682706,0,0
quarter_trend2_validated,3307,2024-09-06,2024-09-18,-0.0174132138857783,2024,2024-06-30,learned_order_offset,20260912,0.45448430889716435,0.45448430889716435,0,0
quarter_volatility2_validated,3307,2024-09-06,2024-09-18,-0.0174132138857783,2024,2024-06-30,learned_order_offset,20260912,0.4127870941323253,0.4127870941323253,0,0
quarter_trend2_validated,3312,2024-09-13,2024-09-24,0.0133119329369826,2024,2024-06-30,learned_order_offset,20260912,0.41946199575362714,0.41946199575362714,0,1
quarter_volatility2_validated,3312,2024-09-13,2024-09-24,0.0133119329369826,2024,2024-06-30,learned_order_offset,20260912,0.3787470717645897,0.3787470717645897,0,1
quarter_trend2_validated,3315,2024-09-20,2024-09-30,0.2017513988384409,2024,2024-06-30,learned_order_offset,20260912,0.48448722299654073,0.48448722299654073,0,1
quarter_volatility2_validated,3315,2024-09-20,2024-09-30,0.2017513988384409,2024,2024-06-30,learned_order_offset,20260912,0.4422690290561614,0.4422690290561614,0,1
quarter_trend2_validated,3320,2024-09-27,2024-10-14,0.0178259004588408,2024,2024-06-30,learned_order_offset,20260912,0.5746740950620535,0.5746740950620535,1,1
quarter_volatility2_validated,3320,2024-09-27,2024-10-14,0.0178259004588408,2024,2024-06-30,learned_order_offset,20260912,0.5746740950620535,0.5746740950620535,1,1
quarter_trend2_validated,3325,2024-10-11,2024-10-21,0.0080914993282625,2024,2024-09-30,learned_order_offset,20260912,0.5862386145900477,0.5862386145900477,1,1
quarter_volatility2_validated,3325,2024-10-11,2024-10-21,0.0080914993282625,2024,2024-09-30,learned_order_offset,20260912,0.5862386145900477,0.5862386145900477,1,1
quarter_trend2_validated,3330,2024-10-18,2024-10-28,0.0015733867085561,2024,2024-09-30,learned_order_offset,20260912,0.6125407697732707,0.6125407697732707,1,1
quarter_volatility2_validated,3330,2024-10-18,2024-10-28,0.0015733867085561,2024,2024-09-30,learned_order_offset,20260912,0.6125407697732707,0.6125407697732707,1,1
quarter_trend2_validated,3335,2024-10-25,2024-11-04,-0.0140142824257356,2024,2024-09-30,learned_order_offset,20260912,0.5782982032930605,0.5782982032930605,1,0
quarter_volatility2_validated,3335,2024-10-25,2024-11-04,-0.0140142824257356,2024,2024-09-30,learned_order_offset,20260912,0.5782982032930605,0.5782982032930605,1,0
quarter_trend2_validated,3340,2024-11-01,2024-11-11,0.0434152361258277,2024,2024-09-30,learned_order_offset,20260912,0.5719000509394175,0.5719000509394175,1,1
quarter_volatility2_validated,3340,2024-11-01,2024-11-11,0.0434152361258277,2024,2024-09-30,learned_order_offset,20260912,0.5719000509394175,0.5719000509394175,1,1
quarter_trend2_validated,3345,2024-11-08,2024-11-18,-0.0208584853931589,2024,2024-09-30,learned_order_offset,20260912,0.5792076167183184,0.5792076167183184,1,0
quarter_volatility2_validated,3345,2024-11-08,2024-11-18,-0.0208584853931589,2024,2024-09-30,learned_order_offset,20260912,0.5792076167183184,0.5792076167183184,1,0
quarter_trend2_validated,3350,2024-11-15,2024-11-25,-0.0267421712161923,2024,2024-09-30,learned_order_offset,20260912,0.5639088935846646,0.5639088935846646,1,0
quarter_volatility2_validated,3350,2024-11-15,2024-11-25,-0.0267421712161923,2024,2024-09-30,learned_order_offset,20260912,0.5639088935846646,0.5639088935846646,1,0
quarter_trend2_validated,3355,2024-11-22,2024-12-02,0.0087960346887328,2024,2024-09-30,learned_order_offset,20260912,0.6291616290547493,0.6291616290547493,1,1
quarter_volatility2_validated,3355,2024-11-22,2024-12-02,0.0087960346887328,2024,2024-09-30,learned_order_offset,20260912,0.6291616290547493,0.6291616290547493,1,1
quarter_trend2_validated,3360,2024-11-29,2024-12-09,0.0155919891551781,2024,2024-09-30,learned_order_offset,20260912,0.5470802465571543,0.5470802465571543,1,1
quarter_volatility2_validated,3360,2024-11-29,2024-12-09,0.0155919891551781,2024,2024-09-30,learned_order_offset,20260912,0.5470802465571543,0.5470802465571543,1,1
quarter_trend2_validated,3365,2024-12-06,2024-12-16,-0.0100436703218104,2024,2024-09-30,learned_order_offset,20260912,0.5150626516103205,0.5150626516103205,1,0
quarter_volatility2_validated,3365,2024-12-06,2024-12-16,-0.0100436703218104,2024,2024-09-30,learned_order_offset,20260912,0.5150626516103205,0.5150626516103205,1,0
quarter_trend2_validated,3370,2024-12-13,2024-12-23,-0.0006690784017421,2024,2024-09-30,learned_order_offset,20260912,0.3987822872324129,0.3987822872324129,0,0
quarter_volatility2_validated,3370,2024-12-13,2024-12-23,-0.0006690784017421,2024,2024-09-30,learned_order_offset,20260912,0.3987822872324129,0.3987822872324129,0,0
quarter_trend2_validated,3375,2024-12-20,2024-12-30,0.0123595076562756,2024,2024-09-30,learned_order_offset,20260912,0.2901534172352464,0.2901534172352464,0,1
quarter_volatility2_validated,3375,2024-12-20,2024-12-30,0.0123595076562756,2024,2024-09-30,learned_order_offset,20260912,0.2552462375960248,0.2552462375960248,0,1
quarter_trend2_validated,3380,2024-12-27,2025-01-06,-0.0504714964669198,2024,2024-09-30,learned_order_offset,20260912,0.2168218722083948,0.2168218722083948,0,0
quarter_volatility2_validated,3380,2024-12-27,2025-01-06,-0.0504714964669198,2024,2024-09-30,learned_order_offset,20260912,0.18839546856054934,0.18839546856054934,0,0
quarter_trend2_validated,3384,2025-01-03,2025-01-13,-0.0189486730632231,2025,2024-12-31,learned_market,20260910,0.38233645545210077,0.38233645545210077,0,0
quarter_volatility2_validated,3384,2025-01-03,2025-01-13,-0.0189486730632231,2025,2024-12-31,learned_market,20260910,0.38233645545210077,0.38233645545210077,0,0
quarter_trend2_validated,3389,2025-01-10,2025-01-20,0.0353251773547418,2025,2024-12-31,learned_market,20260910,0.3910227915849612,0.3910227915849612,0,1
quarter_volatility2_validated,3389,2025-01-10,2025-01-20,0.0353251773547418,2025,2024-12-31,learned_market,20260910,0.3910227915849612,0.3910227915849612,0,1
quarter_trend2_validated,3394,2025-01-17,2025-01-27,0.000432821422053,2025,2024-12-31,learned_market,20260910,0.49015728346105064,0.49015728346105064,0,1
quarter_volatility2_validated,3394,2025-01-17,2025-01-27,0.000432821422053,2025,2024-12-31,learned_market,20260910,0.49015728346105064,0.49015728346105064,0,1
quarter_trend2_validated,3399,2025-01-24,2025-02-10,0.0159344898044284,2025,2024-12-31,learned_market,20260910,0.43779872313730184,0.43779872313730184,0,1
quarter_volatility2_validated,3399,2025-01-24,2025-02-10,0.0159344898044284,2025,2024-12-31,learned_market,20260910,0.43779872313730184,0.43779872313730184,0,1
quarter_trend2_validated,3403,2025-02-07,2025-02-17,0.0144454990892999,2025,2024-12-31,learned_market,20260910,0.5065763414140139,0.5065763414140139,1,1
quarter_volatility2_validated,3403,2025-02-07,2025-02-17,0.0144454990892999,2025,2024-12-31,learned_market,20260910,0.5065763414140139,0.5065763414140139,1,1
quarter_trend2_validated,3408,2025-02-14,2025-02-24,0.0045695818086644,2025,2024-12-31,learned_market,20260910,0.5698063647751795,0.5698063647751795,1,1
quarter_volatility2_validated,3408,2025-02-14,2025-02-24,0.0045695818086644,2025,2024-12-31,learned_market,20260910,0.5698063647751795,0.5698063647751795,1,1
quarter_trend2_validated,3413,2025-02-21,2025-03-03,-0.0183210488158531,2025,2024-12-31,learned_market,20260910,0.5387747536285505,0.5387747536285505,1,0
quarter_volatility2_validated,3413,2025-02-21,2025-03-03,-0.0183210488158531,2025,2024-12-31,learned_market,20260910,0.5387747536285505,0.5387747536285505,1,0
quarter_trend2_validated,3418,2025-02-28,2025-03-10,0.0117650075646844,2025,2024-12-31,learned_market,20260910,0.4812656782302869,0.4812656782302869,0,1
quarter_volatility2_validated,3418,2025-02-28,2025-03-10,0.0117650075646844,2025,2024-12-31,learned_market,20260910,0.4812656782302869,0.4812656782302869,0,1
quarter_trend2_validated,3423,2025-03-07,2025-03-17,0.019023819058288,2025,2024-12-31,learned_market,20260910,0.6111767156385011,0.6111767156385011,1,1
quarter_volatility2_validated,3423,2025-03-07,2025-03-17,0.019023819058288,2025,2024-12-31,learned_market,20260910,0.6111767156385011,0.6111767156385011,1,1
quarter_trend2_validated,3428,2025-03-14,2025-03-24,-0.0259983485216283,2025,2024-12-31,learned_market,20260910,0.44730435644814126,0.44730435644814126,0,0
quarter_volatility2_validated,3428,2025-03-14,2025-03-24,-0.0259983485216283,2025,2024-12-31,learned_market,20260910,0.44730435644814126,0.44730435644814126,0,0
quarter_trend2_validated,3433,2025-03-21,2025-03-31,-0.0025867506275359,2025,2024-12-31,learned_market,20260910,0.5315675954271929,0.5315675954271929,1,0
quarter_volatility2_validated,3433,2025-03-21,2025-03-31,-0.0025867506275359,2025,2024-12-31,learned_market,20260910,0.5315675954271929,0.5315675954271929,1,0
quarter_trend2_validated,3438,2025-03-28,2025-04-14,-0.0342910101946246,2025,2024-12-31,learned_market,20260910,0.7166635184412673,0.7166635184412673,1,0
quarter_volatility2_validated,3438,2025-03-28,2025-04-14,-0.0342910101946246,2025,2024-12-31,learned_market,20260910,0.7166635184412673,0.7166635184412673,1,0
quarter_trend2_validated,3447,2025-04-11,2025-04-21,-0.0010339232881941,2025,2025-03-31,learned_market,20260910,0.5214083358108379,0.5214083358108379,1,0
quarter_volatility2_validated,3447,2025-04-11,2025-04-21,-0.0010339232881941,2025,2025-03-31,learned_market,20260910,0.5214083358108379,0.5214083358108379,1,0
quarter_trend2_validated,3452,2025-04-18,2025-04-28,0.0048432383085554,2025,2025-03-31,learned_market,20260910,0.7734052582999416,0.7734052582999416,1,1
quarter_volatility2_validated,3452,2025-04-18,2025-04-28,0.0048432383085554,2025,2025-03-31,learned_market,20260910,0.7734052582999416,0.7734052582999416,1,1
quarter_trend2_validated,3457,2025-04-25,2025-05-12,0.02116527880118,2025,2025-03-31,learned_market,20260910,0.4558498073052,0.4558498073052,0,1
quarter_volatility2_validated,3457,2025-04-25,2025-05-12,0.02116527880118,2025,2025-03-31,learned_market,20260910,0.4558498073052,0.4558498073052,0,1
quarter_trend2_validated,3464,2025-05-09,2025-05-19,0.0041484224873464,2025,2025-03-31,learned_market,20260910,0.3719118552957933,0.3719118552957933,0,1
quarter_volatility2_validated,3464,2025-05-09,2025-05-19,0.0041484224873464,2025,2025-03-31,learned_market,20260910,0.3719118552957933,0.3719118552957933,0,1
quarter_trend2_validated,3469,2025-05-16,2025-05-26,-0.0017462660042188,2025,2025-03-31,learned_market,20260910,0.3347557846128493,0.3347557846128493,0,0
quarter_volatility2_validated,3469,2025-05-16,2025-05-26,-0.0017462660042188,2025,2025-03-31,learned_market,20260910,0.3347557846128493,0.3347557846128493,0,0
quarter_trend2_validated,3474,2025-05-23,2025-06-03,-0.0109216443615366,2025,2025-03-31,learned_market,20260910,0.4355752261120325,0.4355752261120325,0,0
quarter_volatility2_validated,3474,2025-05-23,2025-06-03,-0.0109216443615366,2025,2025-03-31,learned_market,20260910,0.4355752261120325,0.4355752261120325,0,0
quarter_trend2_validated,3479,2025-05-30,2025-06-09,0.011566574321892,2025,2025-03-31,learned_market,20260910,0.36634985851125834,0.36634985851125834,0,1
quarter_volatility2_validated,3479,2025-05-30,2025-06-09,0.011566574321892,2025,2025-03-31,learned_market,20260910,0.36634985851125834,0.36634985851125834,0,1
quarter_trend2_validated,3483,2025-06-06,2025-06-16,-0.0062354943524679,2025,2025-03-31,learned_market,20260910,0.4008337518523243,0.4008337518523243,0,0
quarter_volatility2_validated,3483,2025-06-06,2025-06-16,-0.0062354943524679,2025,2025-03-31,learned_market,20260910,0.4008337518523243,0.4008337518523243,0,0
quarter_trend2_validated,3488,2025-06-13,2025-06-23,-0.005825691168304,2025,2025-03-31,learned_market,20260910,0.39810789776620636,0.39810789776620636,0,0
quarter_volatility2_validated,3488,2025-06-13,2025-06-23,-0.005825691168304,2025,2025-03-31,learned_market,20260910,0.39810789776620636,0.39810789776620636,0,0
quarter_trend2_validated,3493,2025-06-20,2025-06-30,0.0232670437490374,2025,2025-03-31,learned_market,20260910,0.4122689448247892,0.4122689448247892,0,1
quarter_volatility2_validated,3493,2025-06-20,2025-06-30,0.0232670437490374,2025,2025-03-31,learned_market,20260910,0.4122689448247892,0.4122689448247892,0,1
quarter_trend2_validated,3498,2025-06-27,2025-07-07,0.0145345648685946,2025,2025-03-31,learned_market,20260910,0.3732862575696102,0.3732862575696102,0,1
quarter_volatility2_validated,3498,2025-06-27,2025-07-07,0.0145345648685946,2025,2025-03-31,learned_market,20260910,0.3732862575696102,0.3732862575696102,0,1
quarter_trend2_validated,3503,2025-07-04,2025-07-14,0.0110426949002964,2025,2025-06-30,learned_market,20260910,0.7015823439777326,0.7015823439777326,1,1
quarter_volatility2_validated,3503,2025-07-04,2025-07-14,0.0110426949002964,2025,2025-06-30,learned_market,20260910,0.6978364696812435,0.6978364696812435,1,1
quarter_trend2_validated,3508,2025-07-11,2025-07-21,0.0120759671840067,2025,2025-06-30,learned_market,20260910,0.7139989728727871,0.7139989728727871,1,1
quarter_volatility2_validated,3508,2025-07-11,2025-07-21,0.0120759671840067,2025,2025-06-30,learned_market,20260910,0.7103446097119223,0.7103446097119223,1,1
quarter_trend2_validated,3513,2025-07-18,2025-07-28,0.0143570766898375,2025,2025-06-30,learned_market,20260910,0.4034517865000961,0.4034517865000961,0,1
quarter_volatility2_validated,3513,2025-07-18,2025-07-28,0.0143570766898375,2025,2025-06-30,learned_market,20260910,0.39916850283803207,0.39916850283803207,0,1
quarter_trend2_validated,3518,2025-07-25,2025-08-04,-0.0218642507630443,2025,2025-06-30,learned_market,20260910,0.48275696040931965,0.48275696040931965,0,0
quarter_volatility2_validated,3518,2025-07-25,2025-08-04,-0.0218642507630443,2025,2025-06-30,learned_market,20260910,0.47830679424611494,0.47830679424611494,0,0
quarter_trend2_validated,3523,2025-08-01,2025-08-11,0.0179175520190988,2025,2025-06-30,learned_market,20260910,0.5124883538124961,0.5124883538124961,1,1
quarter_volatility2_validated,3523,2025-08-01,2025-08-11,0.0179175520190988,2025,2025-06-30,learned_market,20260910,0.5080333077003415,0.5080333077003415,1,1
quarter_trend2_validated,3528,2025-08-08,2025-08-18,0.026265786598999,2025,2025-06-30,learned_market,20260910,0.337061662660508,0.337061662660508,0,1
quarter_volatility2_validated,3528,2025-08-08,2025-08-18,0.026265786598999,2025,2025-06-30,learned_market,20260910,0.33308966201239026,0.33308966201239026,0,1
quarter_trend2_validated,3533,2025-08-15,2025-08-25,0.0469483790671487,2025,2025-06-30,learned_market,20260910,0.4403874641150846,0.4403874641150846,0,1
quarter_volatility2_validated,3533,2025-08-15,2025-08-25,0.0469483790671487,2025,2025-06-30,learned_market,20260910,0.4359986458561306,0.4359986458561306,0,1
quarter_trend2_validated,3538,2025-08-22,2025-09-01,0.0227770368340847,2025,2025-06-30,learned_market,20260910,0.4148027182610919,0.4148027182610919,0,1
quarter_volatility2_validated,3538,2025-08-22,2025-09-01,0.0227770368340847,2025,2025-06-30,learned_market,20260910,0.41048184748055444,0.41048184748055444,0,1
quarter_trend2_validated,3543,2025-08-29,2025-09-08,-0.0110053842475337,2025,2025-06-30,learned_market,20260910,0.44547018940253946,0.44547018940253946,0,0
quarter_volatility2_validated,3543,2025-08-29,2025-09-08,-0.0110053842475337,2025,2025-06-30,learned_market,20260910,0.4410706412919721,0.4410706412919721,0,0
quarter_trend2_validated,3548,2025-09-05,2025-09-15,0.0151594857594405,2025,2025-06-30,learned_market,20260910,0.439099196508694,0.439099196508694,0,1
quarter_volatility2_validated,3548,2025-09-05,2025-09-15,0.0151594857594405,2025,2025-06-30,learned_market,20260910,0.439099196508694,0.439099196508694,0,1
quarter_trend2_validated,3553,2025-09-12,2025-09-22,-0.0050409160971932,2025,2025-06-30,learned_market,20260910,0.47404842126415475,0.47404842126415475,0,0
quarter_volatility2_validated,3553,2025-09-12,2025-09-22,-0.0050409160971932,2025,2025-06-30,learned_market,20260910,0.47404842126415475,0.47404842126415475,0,0
quarter_trend2_validated,3558,2025-09-19,2025-09-29,0.0095300784790881,2025,2025-06-30,learned_market,20260910,0.46350428274903427,0.46350428274903427,0,1
quarter_volatility2_validated,3558,2025-09-19,2025-09-29,0.0095300784790881,2025,2025-06-30,learned_market,20260910,0.46350428274903427,0.46350428274903427,0,1
quarter_trend2_validated,3563,2025-09-26,2025-10-13,-0.0140855274279203,2025,2025-06-30,learned_market,20260910,0.47329908698714157,0.47329908698714157,0,0
quarter_volatility2_validated,3563,2025-09-26,2025-10-13,-0.0140855274279203,2025,2025-06-30,learned_market,20260910,0.47329908698714157,0.47329908698714157,0,0
quarter_trend2_validated,3567,2025-10-10,2025-10-20,0.015001547584321,2025,2025-09-30,learned_market,20260910,0.4508331585950284,0.4508331585950284,0,1
quarter_volatility2_validated,3567,2025-10-10,2025-10-20,0.015001547584321,2025,2025-09-30,learned_market,20260910,0.4508331585950284,0.4508331585950284,0,1
quarter_trend2_validated,3572,2025-10-17,2025-10-27,0.0309637052897611,2025,2025-09-30,learned_market,20260910,0.4380873622035425,0.4380873622035425,0,1
quarter_volatility2_validated,3572,2025-10-17,2025-10-27,0.0309637052897611,2025,2025-09-30,learned_market,20260910,0.4380873622035425,0.4380873622035425,0,1
quarter_trend2_validated,3577,2025-10-24,2025-11-03,-0.013331545863497,2025,2025-09-30,learned_market,20260910,0.45478895664449515,0.45478895664449515,0,0
quarter_volatility2_validated,3577,2025-10-24,2025-11-03,-0.013331545863497,2025,2025-09-30,learned_market,20260910,0.45478895664449515,0.45478895664449515,0,0
quarter_trend2_validated,3582,2025-10-31,2025-11-10,0.0110832418536339,2025,2025-09-30,learned_market,20260910,0.45629729111767653,0.45629729111767653,0,1
quarter_volatility2_validated,3582,2025-10-31,2025-11-10,0.0110832418536339,2025,2025-09-30,learned_market,20260910,0.45629729111767653,0.45629729111767653,0,1
quarter_trend2_validated,3587,2025-11-07,2025-11-17,-0.0152107881197579,2025,2025-09-30,learned_market,20260910,0.4596017809890631,0.4596017809890631,0,0
quarter_volatility2_validated,3587,2025-11-07,2025-11-17,-0.0152107881197579,2025,2025-09-30,learned_market,20260910,0.4596017809890631,0.4596017809890631,0,0
quarter_trend2_validated,3592,2025-11-14,2025-11-24,-0.031114557454173,2025,2025-09-30,learned_market,20260910,0.421919095541908,0.421919095541908,0,0
quarter_volatility2_validated,3592,2025-11-14,2025-11-24,-0.031114557454173,2025,2025-09-30,learned_market,20260910,0.421919095541908,0.421919095541908,0,0
quarter_trend2_validated,3597,2025-11-21,2025-12-01,0.0147613767448515,2025,2025-09-30,learned_market,20260910,0.3917781851882584,0.3917781851882584,0,1
quarter_volatility2_validated,3597,2025-11-21,2025-12-01,0.0147613767448515,2025,2025-09-30,learned_market,20260910,0.3917781851882584,0.3917781851882584,0,1
quarter_trend2_validated,3602,2025-11-28,2025-12-08,0.0118853804313106,2025,2025-09-30,learned_market,20260910,0.391495718394583,0.391495718394583,0,1
quarter_volatility2_validated,3602,2025-11-28,2025-12-08,0.0118853804313106,2025,2025-09-30,learned_market,20260910,0.391495718394583,0.391495718394583,0,1
quarter_trend2_validated,3607,2025-12-05,2025-12-15,-0.0093922675990717,2025,2025-09-30,learned_market,20260910,0.391998136773391,0.391998136773391,0,0
quarter_volatility2_validated,3607,2025-12-05,2025-12-15,-0.0093922675990717,2025,2025-09-30,learned_market,20260910,0.391998136773391,0.391998136773391,0,0
quarter_trend2_validated,3612,2025-12-12,2025-12-22,0.0082791208791208,2025,2025-09-30,learned_market,20260910,0.414619478732369,0.414619478732369,0,1
quarter_volatility2_validated,3612,2025-12-12,2025-12-22,0.0082791208791208,2025,2025-09-30,learned_market,20260910,0.414619478732369,0.414619478732369,0,1
quarter_trend2_validated,3617,2025-12-19,2025-12-29,0.0153890755001995,2025,2025-09-30,learned_market,20260910,0.584196917516146,0.584196917516146,1,1
quarter_volatility2_validated,3617,2025-12-19,2025-12-29,0.0153890755001995,2025,2025-09-30,learned_market,20260910,0.584196917516146,0.584196917516146,1,1
quarter_trend2_validated,3622,2025-12-26,2026-01-12,0.0239101640737868,2025,2025-09-30,learned_market,20260910,0.3188740450267267,0.3188740450267267,0,1
quarter_volatility2_validated,3622,2025-12-26,2026-01-12,0.0239101640737868,2025,2025-09-30,learned_market,20260910,0.3188740450267267,0.3188740450267267,0,1
quarter_trend2_validated,3384,2025-01-03,2025-01-13,-0.0189486730632231,2025,2024-12-31,learned_vol_interaction,20260910,0.38666219011730185,0.38666219011730185,0,0
quarter_volatility2_validated,3384,2025-01-03,2025-01-13,-0.0189486730632231,2025,2024-12-31,learned_vol_interaction,20260910,0.38666219011730185,0.38666219011730185,0,0
quarter_trend2_validated,3389,2025-01-10,2025-01-20,0.0353251773547418,2025,2024-12-31,learned_vol_interaction,20260910,0.3791321657754841,0.3791321657754841,0,1
quarter_volatility2_validated,3389,2025-01-10,2025-01-20,0.0353251773547418,2025,2024-12-31,learned_vol_interaction,20260910,0.3791321657754841,0.3791321657754841,0,1
quarter_trend2_validated,3394,2025-01-17,2025-01-27,0.000432821422053,2025,2024-12-31,learned_vol_interaction,20260910,0.4768105126561029,0.4768105126561029,0,1
quarter_volatility2_validated,3394,2025-01-17,2025-01-27,0.000432821422053,2025,2024-12-31,learned_vol_interaction,20260910,0.4768105126561029,0.4768105126561029,0,1
quarter_trend2_validated,3399,2025-01-24,2025-02-10,0.0159344898044284,2025,2024-12-31,learned_vol_interaction,20260910,0.46081361135637805,0.46081361135637805,0,1
quarter_volatility2_validated,3399,2025-01-24,2025-02-10,0.0159344898044284,2025,2024-12-31,learned_vol_interaction,20260910,0.46081361135637805,0.46081361135637805,0,1
quarter_trend2_validated,3403,2025-02-07,2025-02-17,0.0144454990892999,2025,2024-12-31,learned_vol_interaction,20260910,0.5021249737202294,0.5021249737202294,1,1
quarter_volatility2_validated,3403,2025-02-07,2025-02-17,0.0144454990892999,2025,2024-12-31,learned_vol_interaction,20260910,0.5021249737202294,0.5021249737202294,1,1
quarter_trend2_validated,3408,2025-02-14,2025-02-24,0.0045695818086644,2025,2024-12-31,learned_vol_interaction,20260910,0.5796741457129003,0.5796741457129003,1,1
quarter_volatility2_validated,3408,2025-02-14,2025-02-24,0.0045695818086644,2025,2024-12-31,learned_vol_interaction,20260910,0.5796741457129003,0.5796741457129003,1,1
quarter_trend2_validated,3413,2025-02-21,2025-03-03,-0.0183210488158531,2025,2024-12-31,learned_vol_interaction,20260910,0.5894724308913238,0.5894724308913238,1,0
quarter_volatility2_validated,3413,2025-02-21,2025-03-03,-0.0183210488158531,2025,2024-12-31,learned_vol_interaction,20260910,0.5894724308913238,0.5894724308913238,1,0
quarter_trend2_validated,3418,2025-02-28,2025-03-10,0.0117650075646844,2025,2024-12-31,learned_vol_interaction,20260910,0.5038224926529957,0.5038224926529957,1,1
quarter_volatility2_validated,3418,2025-02-28,2025-03-10,0.0117650075646844,2025,2024-12-31,learned_vol_interaction,20260910,0.5038224926529957,0.5038224926529957,1,1
quarter_trend2_validated,3423,2025-03-07,2025-03-17,0.019023819058288,2025,2024-12-31,learned_vol_interaction,20260910,0.6257731101792092,0.6257731101792092,1,1
quarter_volatility2_validated,3423,2025-03-07,2025-03-17,0.019023819058288,2025,2024-12-31,learned_vol_interaction,20260910,0.6257731101792092,0.6257731101792092,1,1
quarter_trend2_validated,3428,2025-03-14,2025-03-24,-0.0259983485216283,2025,2024-12-31,learned_vol_interaction,20260910,0.44102075881393793,0.44102075881393793,0,0
quarter_volatility2_validated,3428,2025-03-14,2025-03-24,-0.0259983485216283,2025,2024-12-31,learned_vol_interaction,20260910,0.44102075881393793,0.44102075881393793,0,0
quarter_trend2_validated,3433,2025-03-21,2025-03-31,-0.0025867506275359,2025,2024-12-31,learned_vol_interaction,20260910,0.5122265111637169,0.5122265111637169,1,0
quarter_volatility2_validated,3433,2025-03-21,2025-03-31,-0.0025867506275359,2025,2024-12-31,learned_vol_interaction,20260910,0.5122265111637169,0.5122265111637169,1,0
quarter_trend2_validated,3438,2025-03-28,2025-04-14,-0.0342910101946246,2025,2024-12-31,learned_vol_interaction,20260910,0.7509067743034049,0.7509067743034049,1,0
quarter_volatility2_validated,3438,2025-03-28,2025-04-14,-0.0342910101946246,2025,2024-12-31,learned_vol_interaction,20260910,0.7509067743034049,0.7509067743034049,1,0
quarter_trend2_validated,3447,2025-04-11,2025-04-21,-0.0010339232881941,2025,2025-03-31,learned_vol_interaction,20260910,0.5594314824149098,0.5594314824149098,1,0
quarter_volatility2_validated,3447,2025-04-11,2025-04-21,-0.0010339232881941,2025,2025-03-31,learned_vol_interaction,20260910,0.5594314824149098,0.5594314824149098,1,0
quarter_trend2_validated,3452,2025-04-18,2025-04-28,0.0048432383085554,2025,2025-03-31,learned_vol_interaction,20260910,0.6161803550192988,0.6161803550192988,1,1
quarter_volatility2_validated,3452,2025-04-18,2025-04-28,0.0048432383085554,2025,2025-03-31,learned_vol_interaction,20260910,0.6161803550192988,0.6161803550192988,1,1
quarter_trend2_validated,3457,2025-04-25,2025-05-12,0.02116527880118,2025,2025-03-31,learned_vol_interaction,20260910,0.5129504837776576,0.5129504837776576,1,1
quarter_volatility2_validated,3457,2025-04-25,2025-05-12,0.02116527880118,2025,2025-03-31,learned_vol_interaction,20260910,0.5129504837776576,0.5129504837776576,1,1
quarter_trend2_validated,3464,2025-05-09,2025-05-19,0.0041484224873464,2025,2025-03-31,learned_vol_interaction,20260910,0.3397584672529613,0.3397584672529613,0,1
quarter_volatility2_validated,3464,2025-05-09,2025-05-19,0.0041484224873464,2025,2025-03-31,learned_vol_interaction,20260910,0.3397584672529613,0.3397584672529613,0,1
quarter_trend2_validated,3469,2025-05-16,2025-05-26,-0.0017462660042188,2025,2025-03-31,learned_vol_interaction,20260910,0.3057602604209353,0.3057602604209353,0,0
quarter_volatility2_validated,3469,2025-05-16,2025-05-26,-0.0017462660042188,2025,2025-03-31,learned_vol_interaction,20260910,0.3057602604209353,0.3057602604209353,0,0
quarter_trend2_validated,3474,2025-05-23,2025-06-03,-0.0109216443615366,2025,2025-03-31,learned_vol_interaction,20260910,0.4388710457955909,0.4388710457955909,0,0
quarter_volatility2_validated,3474,2025-05-23,2025-06-03,-0.0109216443615366,2025,2025-03-31,learned_vol_interaction,20260910,0.4388710457955909,0.4388710457955909,0,0
quarter_trend2_validated,3479,2025-05-30,2025-06-09,0.011566574321892,2025,2025-03-31,learned_vol_interaction,20260910,0.36460442555702505,0.36460442555702505,0,1
quarter_volatility2_validated,3479,2025-05-30,2025-06-09,0.011566574321892,2025,2025-03-31,learned_vol_interaction,20260910,0.36460442555702505,0.36460442555702505,0,1
quarter_trend2_validated,3483,2025-06-06,2025-06-16,-0.0062354943524679,2025,2025-03-31,learned_vol_interaction,20260910,0.39394803233936054,0.39394803233936054,0,0
quarter_volatility2_validated,3483,2025-06-06,2025-06-16,-0.0062354943524679,2025,2025-03-31,learned_vol_interaction,20260910,0.39394803233936054,0.39394803233936054,0,0
quarter_trend2_validated,3488,2025-06-13,2025-06-23,-0.005825691168304,2025,2025-03-31,learned_vol_interaction,20260910,0.3901672438709687,0.3901672438709687,0,0
quarter_volatility2_validated,3488,2025-06-13,2025-06-23,-0.005825691168304,2025,2025-03-31,learned_vol_interaction,20260910,0.3901672438709687,0.3901672438709687,0,0
quarter_trend2_validated,3493,2025-06-20,2025-06-30,0.0232670437490374,2025,2025-03-31,learned_vol_interaction,20260910,0.422539141417078,0.422539141417078,0,1
quarter_volatility2_validated,3493,2025-06-20,2025-06-30,0.0232670437490374,2025,2025-03-31,learned_vol_interaction,20260910,0.422539141417078,0.422539141417078,0,1
quarter_trend2_validated,3498,2025-06-27,2025-07-07,0.0145345648685946,2025,2025-03-31,learned_vol_interaction,20260910,0.38892299865015934,0.38892299865015934,0,1
quarter_volatility2_validated,3498,2025-06-27,2025-07-07,0.0145345648685946,2025,2025-03-31,learned_vol_interaction,20260910,0.38892299865015934,0.38892299865015934,0,1
quarter_trend2_validated,3503,2025-07-04,2025-07-14,0.0110426949002964,2025,2025-06-30,learned_vol_interaction,20260910,0.7804471157978421,0.7804471157978421,1,1
quarter_volatility2_validated,3503,2025-07-04,2025-07-14,0.0110426949002964,2025,2025-06-30,learned_vol_interaction,20260910,0.7768166526409487,0.7768166526409487,1,1
quarter_trend2_validated,3508,2025-07-11,2025-07-21,0.0120759671840067,2025,2025-06-30,learned_vol_interaction,20260910,0.8059006088843718,0.8059006088843718,1,1
quarter_volatility2_validated,3508,2025-07-11,2025-07-21,0.0120759671840067,2025,2025-06-30,learned_vol_interaction,20260910,0.8025845720941297,0.8025845720941297,1,1
quarter_trend2_validated,3513,2025-07-18,2025-07-28,0.0143570766898375,2025,2025-06-30,learned_vol_interaction,20260910,0.4022202754416644,0.4022202754416644,0,1
quarter_volatility2_validated,3513,2025-07-18,2025-07-28,0.0143570766898375,2025,2025-06-30,learned_vol_interaction,20260910,0.3971664746089263,0.3971664746089263,0,1
quarter_trend2_validated,3518,2025-07-25,2025-08-04,-0.0218642507630443,2025,2025-06-30,learned_vol_interaction,20260910,0.4655503807560464,0.4655503807560464,0,0
quarter_volatility2_validated,3518,2025-07-25,2025-08-04,-0.0218642507630443,2025,2025-06-30,learned_vol_interaction,20260910,0.4603135934854243,0.4603135934854243,0,0
quarter_trend2_validated,3523,2025-08-01,2025-08-11,0.0179175520190988,2025,2025-06-30,learned_vol_interaction,20260910,0.5131744614899625,0.5131744614899625,1,1
quarter_volatility2_validated,3523,2025-08-01,2025-08-11,0.0179175520190988,2025,2025-06-30,learned_vol_interaction,20260910,0.5079110733884357,0.5079110733884357,1,1
quarter_trend2_validated,3528,2025-08-08,2025-08-18,0.026265786598999,2025,2025-06-30,learned_vol_interaction,20260910,0.26813484576790564,0.26813484576790564,0,1
quarter_volatility2_validated,3528,2025-08-08,2025-08-18,0.026265786598999,2025,2025-06-30,learned_vol_interaction,20260910,0.264021691120921,0.264021691120921,0,1
quarter_trend2_validated,3533,2025-08-15,2025-08-25,0.0469483790671487,2025,2025-06-30,learned_vol_interaction,20260910,0.3957918177235022,0.3957918177235022,0,1
quarter_volatility2_validated,3533,2025-08-15,2025-08-25,0.0469483790671487,2025,2025-06-30,learned_vol_interaction,20260910,0.39076598859566686,0.39076598859566686,0,1
quarter_trend2_validated,3538,2025-08-22,2025-09-01,0.0227770368340847,2025,2025-06-30,learned_vol_interaction,20260910,0.3814946408024303,0.3814946408024303,0,1
quarter_volatility2_validated,3538,2025-08-22,2025-09-01,0.0227770368340847,2025,2025-06-30,learned_vol_interaction,20260910,0.3765372205165479,0.3765372205165479,0,1
quarter_trend2_validated,3543,2025-08-29,2025-09-08,-0.0110053842475337,2025,2025-06-30,learned_vol_interaction,20260910,0.4238694970722328,0.4238694970722328,0,0
quarter_volatility2_validated,3543,2025-08-29,2025-09-08,-0.0110053842475337,2025,2025-06-30,learned_vol_interaction,20260910,0.4187342223058204,0.4187342223058204,0,0
quarter_trend2_validated,3548,2025-09-05,2025-09-15,0.0151594857594405,2025,2025-06-30,learned_vol_interaction,20260910,0.43903974814462976,0.43903974814462976,0,1
quarter_volatility2_validated,3548,2025-09-05,2025-09-15,0.0151594857594405,2025,2025-06-30,learned_vol_interaction,20260910,0.43903974814462976,0.43903974814462976,0,1
quarter_trend2_validated,3553,2025-09-12,2025-09-22,-0.0050409160971932,2025,2025-06-30,learned_vol_interaction,20260910,0.47422353562658653,0.47422353562658653,0,0
quarter_volatility2_validated,3553,2025-09-12,2025-09-22,-0.0050409160971932,2025,2025-06-30,learned_vol_interaction,20260910,0.47422353562658653,0.47422353562658653,0,0
quarter_trend2_validated,3558,2025-09-19,2025-09-29,0.0095300784790881,2025,2025-06-30,learned_vol_interaction,20260910,0.458739778875352,0.458739778875352,0,1
quarter_volatility2_validated,3558,2025-09-19,2025-09-29,0.0095300784790881,2025,2025-06-30,learned_vol_interaction,20260910,0.458739778875352,0.458739778875352,0,1
quarter_trend2_validated,3563,2025-09-26,2025-10-13,-0.0140855274279203,2025,2025-06-30,learned_vol_interaction,20260910,0.45076701170720995,0.45076701170720995,0,0
quarter_volatility2_validated,3563,2025-09-26,2025-10-13,-0.0140855274279203,2025,2025-06-30,learned_vol_interaction,20260910,0.45076701170720995,0.45076701170720995,0,0
quarter_trend2_validated,3567,2025-10-10,2025-10-20,0.015001547584321,2025,2025-09-30,learned_vol_interaction,20260910,0.44722373023939194,0.44722373023939194,0,1
quarter_volatility2_validated,3567,2025-10-10,2025-10-20,0.015001547584321,2025,2025-09-30,learned_vol_interaction,20260910,0.44722373023939194,0.44722373023939194,0,1
quarter_trend2_validated,3572,2025-10-17,2025-10-27,0.0309637052897611,2025,2025-09-30,learned_vol_interaction,20260910,0.4295343873662784,0.4295343873662784,0,1
quarter_volatility2_validated,3572,2025-10-17,2025-10-27,0.0309637052897611,2025,2025-09-30,learned_vol_interaction,20260910,0.4295343873662784,0.4295343873662784,0,1
quarter_trend2_validated,3577,2025-10-24,2025-11-03,-0.013331545863497,2025,2025-09-30,learned_vol_interaction,20260910,0.44980770107691576,0.44980770107691576,0,0
quarter_volatility2_validated,3577,2025-10-24,2025-11-03,-0.013331545863497,2025,2025-09-30,learned_vol_interaction,20260910,0.44980770107691576,0.44980770107691576,0,0
quarter_trend2_validated,3582,2025-10-31,2025-11-10,0.0110832418536339,2025,2025-09-30,learned_vol_interaction,20260910,0.4681567893812729,0.4681567893812729,0,1
quarter_volatility2_validated,3582,2025-10-31,2025-11-10,0.0110832418536339,2025,2025-09-30,learned_vol_interaction,20260910,0.4681567893812729,0.4681567893812729,0,1
quarter_trend2_validated,3587,2025-11-07,2025-11-17,-0.0152107881197579,2025,2025-09-30,learned_vol_interaction,20260910,0.4479188757258939,0.4479188757258939,0,0
quarter_volatility2_validated,3587,2025-11-07,2025-11-17,-0.0152107881197579,2025,2025-09-30,learned_vol_interaction,20260910,0.4479188757258939,0.4479188757258939,0,0
quarter_trend2_validated,3592,2025-11-14,2025-11-24,-0.031114557454173,2025,2025-09-30,learned_vol_interaction,20260910,0.4196138900791056,0.4196138900791056,0,0
quarter_volatility2_validated,3592,2025-11-14,2025-11-24,-0.031114557454173,2025,2025-09-30,learned_vol_interaction,20260910,0.4196138900791056,0.4196138900791056,0,0
quarter_trend2_validated,3597,2025-11-21,2025-12-01,0.0147613767448515,2025,2025-09-30,learned_vol_interaction,20260910,0.3983762032629547,0.3983762032629547,0,1
quarter_volatility2_validated,3597,2025-11-21,2025-12-01,0.0147613767448515,2025,2025-09-30,learned_vol_interaction,20260910,0.3983762032629547,0.3983762032629547,0,1
quarter_trend2_validated,3602,2025-11-28,2025-12-08,0.0118853804313106,2025,2025-09-30,learned_vol_interaction,20260910,0.3714344427967257,0.3714344427967257,0,1
quarter_volatility2_validated,3602,2025-11-28,2025-12-08,0.0118853804313106,2025,2025-09-30,learned_vol_interaction,20260910,0.3714344427967257,0.3714344427967257,0,1
quarter_trend2_validated,3607,2025-12-05,2025-12-15,-0.0093922675990717,2025,2025-09-30,learned_vol_interaction,20260910,0.39417455635477106,0.39417455635477106,0,0
quarter_volatility2_validated,3607,2025-12-05,2025-12-15,-0.0093922675990717,2025,2025-09-30,learned_vol_interaction,20260910,0.39417455635477106,0.39417455635477106,0,0
quarter_trend2_validated,3612,2025-12-12,2025-12-22,0.0082791208791208,2025,2025-09-30,learned_vol_interaction,20260910,0.4149719916251764,0.4149719916251764,0,1
quarter_volatility2_validated,3612,2025-12-12,2025-12-22,0.0082791208791208,2025,2025-09-30,learned_vol_interaction,20260910,0.4149719916251764,0.4149719916251764,0,1
quarter_trend2_validated,3617,2025-12-19,2025-12-29,0.0153890755001995,2025,2025-09-30,learned_vol_interaction,20260910,0.6003183983490965,0.6003183983490965,1,1
quarter_volatility2_validated,3617,2025-12-19,2025-12-29,0.0153890755001995,2025,2025-09-30,learned_vol_interaction,20260910,0.6003183983490965,0.6003183983490965,1,1
quarter_trend2_validated,3622,2025-12-26,2026-01-12,0.0239101640737868,2025,2025-09-30,learned_vol_interaction,20260910,0.30192881781235653,0.30192881781235653,0,1
quarter_volatility2_validated,3622,2025-12-26,2026-01-12,0.0239101640737868,2025,2025-09-30,learned_vol_interaction,20260910,0.30192881781235653,0.30192881781235653,0,1
quarter_trend2_validated,3384,2025-01-03,2025-01-13,-0.0189486730632231,2025,2024-12-31,learned_order_extension,20260910,0.36600157937330885,0.36600157937330885,0,0
quarter_volatility2_validated,3384,2025-01-03,2025-01-13,-0.0189486730632231,2025,2024-12-31,learned_order_extension,20260910,0.36600157937330885,0.36600157937330885,0,0
quarter_trend2_validated,3389,2025-01-10,2025-01-20,0.0353251773547418,2025,2024-12-31,learned_order_extension,20260910,0.35256611690823136,0.35256611690823136,0,1
quarter_volatility2_validated,3389,2025-01-10,2025-01-20,0.0353251773547418,2025,2024-12-31,learned_order_extension,20260910,0.35256611690823136,0.35256611690823136,0,1
quarter_trend2_validated,3394,2025-01-17,2025-01-27,0.000432821422053,2025,2024-12-31,learned_order_extension,20260910,0.48744472138871614,0.48744472138871614,0,1
quarter_volatility2_validated,3394,2025-01-17,2025-01-27,0.000432821422053,2025,2024-12-31,learned_order_extension,20260910,0.48744472138871614,0.48744472138871614,0,1
quarter_trend2_validated,3399,2025-01-24,2025-02-10,0.0159344898044284,2025,2024-12-31,learned_order_extension,20260910,0.4710830358173244,0.4710830358173244,0,1
quarter_volatility2_validated,3399,2025-01-24,2025-02-10,0.0159344898044284,2025,2024-12-31,learned_order_extension,20260910,0.4710830358173244,0.4710830358173244,0,1
quarter_trend2_validated,3403,2025-02-07,2025-02-17,0.0144454990892999,2025,2024-12-31,learned_order_extension,20260910,0.5229042647242248,0.5229042647242248,1,1
quarter_volatility2_validated,3403,2025-02-07,2025-02-17,0.0144454990892999,2025,2024-12-31,learned_order_extension,20260910,0.5229042647242248,0.5229042647242248,1,1
quarter_trend2_validated,3408,2025-02-14,2025-02-24,0.0045695818086644,2025,2024-12-31,learned_order_extension,20260910,0.5778482952092869,0.5778482952092869,1,1
quarter_volatility2_validated,3408,2025-02-14,2025-02-24,0.0045695818086644,2025,2024-12-31,learned_order_extension,20260910,0.5778482952092869,0.5778482952092869,1,1
quarter_trend2_validated,3413,2025-02-21,2025-03-03,-0.0183210488158531,2025,2024-12-31,learned_order_extension,20260910,0.6398652110146743,0.6398652110146743,1,0
quarter_volatility2_validated,3413,2025-02-21,2025-03-03,-0.0183210488158531,2025,2024-12-31,learned_order_extension,20260910,0.6398652110146743,0.6398652110146743,1,0
quarter_trend2_validated,3418,2025-02-28,2025-03-10,0.0117650075646844,2025,2024-12-31,learned_order_extension,20260910,0.5091435465758709,0.5091435465758709,1,1
quarter_volatility2_validated,3418,2025-02-28,2025-03-10,0.0117650075646844,2025,2024-12-31,learned_order_extension,20260910,0.5091435465758709,0.5091435465758709,1,1
quarter_trend2_validated,3423,2025-03-07,2025-03-17,0.019023819058288,2025,2024-12-31,learned_order_extension,20260910,0.6768915881499589,0.6768915881499589,1,1
quarter_volatility2_validated,3423,2025-03-07,2025-03-17,0.019023819058288,2025,2024-12-31,learned_order_extension,20260910,0.6768915881499589,0.6768915881499589,1,1
quarter_trend2_validated,3428,2025-03-14,2025-03-24,-0.0259983485216283,2025,2024-12-31,learned_order_extension,20260910,0.45607712059245215,0.45607712059245215,0,0
quarter_volatility2_validated,3428,2025-03-14,2025-03-24,-0.0259983485216283,2025,2024-12-31,learned_order_extension,20260910,0.45607712059245215,0.45607712059245215,0,0
quarter_trend2_validated,3433,2025-03-21,2025-03-31,-0.0025867506275359,2025,2024-12-31,learned_order_extension,20260910,0.5368074346463041,0.5368074346463041,1,0
quarter_volatility2_validated,3433,2025-03-21,2025-03-31,-0.0025867506275359,2025,2024-12-31,learned_order_extension,20260910,0.5368074346463041,0.5368074346463041,1,0
quarter_trend2_validated,3438,2025-03-28,2025-04-14,-0.0342910101946246,2025,2024-12-31,learned_order_extension,20260910,0.8368647681799748,0.8368647681799748,1,0
quarter_volatility2_validated,3438,2025-03-28,2025-04-14,-0.0342910101946246,2025,2024-12-31,learned_order_extension,20260910,0.8368647681799748,0.8368647681799748,1,0
quarter_trend2_validated,3447,2025-04-11,2025-04-21,-0.0010339232881941,2025,2025-03-31,learned_order_extension,20260910,0.567649834278569,0.567649834278569,1,0
quarter_volatility2_validated,3447,2025-04-11,2025-04-21,-0.0010339232881941,2025,2025-03-31,learned_order_extension,20260910,0.567649834278569,0.567649834278569,1,0
quarter_trend2_validated,3452,2025-04-18,2025-04-28,0.0048432383085554,2025,2025-03-31,learned_order_extension,20260910,0.681410394058545,0.681410394058545,1,1
quarter_volatility2_validated,3452,2025-04-18,2025-04-28,0.0048432383085554,2025,2025-03-31,learned_order_extension,20260910,0.681410394058545,0.681410394058545,1,1
quarter_trend2_validated,3457,2025-04-25,2025-05-12,0.02116527880118,2025,2025-03-31,learned_order_extension,20260910,0.5052829053147527,0.5052829053147527,1,1
quarter_volatility2_validated,3457,2025-04-25,2025-05-12,0.02116527880118,2025,2025-03-31,learned_order_extension,20260910,0.5052829053147527,0.5052829053147527,1,1
quarter_trend2_validated,3464,2025-05-09,2025-05-19,0.0041484224873464,2025,2025-03-31,learned_order_extension,20260910,0.3280238538809617,0.3280238538809617,0,1
quarter_volatility2_validated,3464,2025-05-09,2025-05-19,0.0041484224873464,2025,2025-03-31,learned_order_extension,20260910,0.3280238538809617,0.3280238538809617,0,1
quarter_trend2_validated,3469,2025-05-16,2025-05-26,-0.0017462660042188,2025,2025-03-31,learned_order_extension,20260910,0.3040369005743606,0.3040369005743606,0,0
quarter_volatility2_validated,3469,2025-05-16,2025-05-26,-0.0017462660042188,2025,2025-03-31,learned_order_extension,20260910,0.3040369005743606,0.3040369005743606,0,0
quarter_trend2_validated,3474,2025-05-23,2025-06-03,-0.0109216443615366,2025,2025-03-31,learned_order_extension,20260910,0.44422438744915205,0.44422438744915205,0,0
quarter_volatility2_validated,3474,2025-05-23,2025-06-03,-0.0109216443615366,2025,2025-03-31,learned_order_extension,20260910,0.44422438744915205,0.44422438744915205,0,0
quarter_trend2_validated,3479,2025-05-30,2025-06-09,0.011566574321892,2025,2025-03-31,learned_order_extension,20260910,0.38913330899989523,0.38913330899989523,0,1
quarter_volatility2_validated,3479,2025-05-30,2025-06-09,0.011566574321892,2025,2025-03-31,learned_order_extension,20260910,0.38913330899989523,0.38913330899989523,0,1
quarter_trend2_validated,3483,2025-06-06,2025-06-16,-0.0062354943524679,2025,2025-03-31,learned_order_extension,20260910,0.40874376815426067,0.40874376815426067,0,0
quarter_volatility2_validated,3483,2025-06-06,2025-06-16,-0.0062354943524679,2025,2025-03-31,learned_order_extension,20260910,0.40874376815426067,0.40874376815426067,0,0
quarter_trend2_validated,3488,2025-06-13,2025-06-23,-0.005825691168304,2025,2025-03-31,learned_order_extension,20260910,0.3992895348297111,0.3992895348297111,0,0
quarter_volatility2_validated,3488,2025-06-13,2025-06-23,-0.005825691168304,2025,2025-03-31,learned_order_extension,20260910,0.3992895348297111,0.3992895348297111,0,0
quarter_trend2_validated,3493,2025-06-20,2025-06-30,0.0232670437490374,2025,2025-03-31,learned_order_extension,20260910,0.43522740351269595,0.43522740351269595,0,1
quarter_volatility2_validated,3493,2025-06-20,2025-06-30,0.0232670437490374,2025,2025-03-31,learned_order_extension,20260910,0.43522740351269595,0.43522740351269595,0,1
quarter_trend2_validated,3498,2025-06-27,2025-07-07,0.0145345648685946,2025,2025-03-31,learned_order_extension,20260910,0.40978431801033516,0.40978431801033516,0,1
quarter_volatility2_validated,3498,2025-06-27,2025-07-07,0.0145345648685946,2025,2025-03-31,learned_order_extension,20260910,0.40978431801033516,0.40978431801033516,0,1
quarter_trend2_validated,3503,2025-07-04,2025-07-14,0.0110426949002964,2025,2025-06-30,learned_order_extension,20260910,0.7176321167186754,0.7176321167186754,1,1
quarter_volatility2_validated,3503,2025-07-04,2025-07-14,0.0110426949002964,2025,2025-06-30,learned_order_extension,20260910,0.712194079528977,0.712194079528977,1,1
quarter_trend2_validated,3508,2025-07-11,2025-07-21,0.0120759671840067,2025,2025-06-30,learned_order_extension,20260910,0.8326931438759837,0.8326931438759837,1,1
quarter_volatility2_validated,3508,2025-07-11,2025-07-21,0.0120759671840067,2025,2025-06-30,learned_order_extension,20260910,0.8289428367300429,0.8289428367300429,1,1
quarter_trend2_validated,3513,2025-07-18,2025-07-28,0.0143570766898375,2025,2025-06-30,learned_order_extension,20260910,0.39152870941681295,0.39152870941681295,0,1
quarter_volatility2_validated,3513,2025-07-18,2025-07-28,0.0143570766898375,2025,2025-06-30,learned_order_extension,20260910,0.38519082174060515,0.38519082174060515,0,1
quarter_trend2_validated,3518,2025-07-25,2025-08-04,-0.0218642507630443,2025,2025-06-30,learned_order_extension,20260910,0.44803558799905846,0.44803558799905846,0,0
quarter_volatility2_validated,3518,2025-07-25,2025-08-04,-0.0218642507630443,2025,2025-06-30,learned_order_extension,20260910,0.4414466141539368,0.4414466141539368,0,0
quarter_trend2_validated,3523,2025-08-01,2025-08-11,0.0179175520190988,2025,2025-06-30,learned_order_extension,20260910,0.4974977283652398,0.4974977283652398,0,1
quarter_volatility2_validated,3523,2025-08-01,2025-08-11,0.0179175520190988,2025,2025-06-30,learned_order_extension,20260910,0.4908281859370126,0.4908281859370126,0,1
quarter_trend2_validated,3528,2025-08-08,2025-08-18,0.026265786598999,2025,2025-06-30,learned_order_extension,20260910,0.28923456244235046,0.28923456244235046,0,1
quarter_volatility2_validated,3528,2025-08-08,2025-08-18,0.026265786598999,2025,2025-06-30,learned_order_extension,20260910,0.2837802873123848,0.2837802873123848,0,1
quarter_trend2_validated,3533,2025-08-15,2025-08-25,0.0469483790671487,2025,2025-06-30,learned_order_extension,20260910,0.37567196821432247,0.37567196821432247,0,1
quarter_volatility2_validated,3533,2025-08-15,2025-08-25,0.0469483790671487,2025,2025-06-30,learned_order_extension,20260910,0.36943491727019956,0.36943491727019956,0,1
quarter_trend2_validated,3538,2025-08-22,2025-09-01,0.0227770368340847,2025,2025-06-30,learned_order_extension,20260910,0.35309160588380617,0.35309160588380617,0,1
quarter_volatility2_validated,3538,2025-08-22,2025-09-01,0.0227770368340847,2025,2025-06-30,learned_order_extension,20260910,0.34702106840076535,0.34702106840076535,0,1
quarter_trend2_validated,3543,2025-08-29,2025-09-08,-0.0110053842475337,2025,2025-06-30,learned_order_extension,20260910,0.414950573852872,0.414950573852872,0,0
quarter_volatility2_validated,3543,2025-08-29,2025-09-08,-0.0110053842475337,2025,2025-06-30,learned_order_extension,20260910,0.40848807533110804,0.40848807533110804,0,0
quarter_trend2_validated,3548,2025-09-05,2025-09-15,0.0151594857594405,2025,2025-06-30,learned_order_extension,20260910,0.44419609703054896,0.44419609703054896,0,1
quarter_volatility2_validated,3548,2025-09-05,2025-09-15,0.0151594857594405,2025,2025-06-30,learned_order_extension,20260910,0.44419609703054896,0.44419609703054896,0,1
quarter_trend2_validated,3553,2025-09-12,2025-09-22,-0.0050409160971932,2025,2025-06-30,learned_order_extension,20260910,0.48911647755360804,0.48911647755360804,0,0
quarter_volatility2_validated,3553,2025-09-12,2025-09-22,-0.0050409160971932,2025,2025-06-30,learned_order_extension,20260910,0.48911647755360804,0.48911647755360804,0,0
quarter_trend2_validated,3558,2025-09-19,2025-09-29,0.0095300784790881,2025,2025-06-30,learned_order_extension,20260910,0.4484611229876225,0.4484611229876225,0,1
quarter_volatility2_validated,3558,2025-09-19,2025-09-29,0.0095300784790881,2025,2025-06-30,learned_order_extension,20260910,0.4484611229876225,0.4484611229876225,0,1
quarter_trend2_validated,3563,2025-09-26,2025-10-13,-0.0140855274279203,2025,2025-06-30,learned_order_extension,20260910,0.4329956852716207,0.4329956852716207,0,0
quarter_volatility2_validated,3563,2025-09-26,2025-10-13,-0.0140855274279203,2025,2025-06-30,learned_order_extension,20260910,0.4329956852716207,0.4329956852716207,0,0
quarter_trend2_validated,3567,2025-10-10,2025-10-20,0.015001547584321,2025,2025-09-30,learned_order_extension,20260910,0.4374250973987012,0.4374250973987012,0,1
quarter_volatility2_validated,3567,2025-10-10,2025-10-20,0.015001547584321,2025,2025-09-30,learned_order_extension,20260910,0.4374250973987012,0.4374250973987012,0,1
quarter_trend2_validated,3572,2025-10-17,2025-10-27,0.0309637052897611,2025,2025-09-30,learned_order_extension,20260910,0.42175299872804267,0.42175299872804267,0,1
quarter_volatility2_validated,3572,2025-10-17,2025-10-27,0.0309637052897611,2025,2025-09-30,learned_order_extension,20260910,0.42175299872804267,0.42175299872804267,0,1
quarter_trend2_validated,3577,2025-10-24,2025-11-03,-0.013331545863497,2025,2025-09-30,learned_order_extension,20260910,0.4366552310757828,0.4366552310757828,0,0
quarter_volatility2_validated,3577,2025-10-24,2025-11-03,-0.013331545863497,2025,2025-09-30,learned_order_extension,20260910,0.4366552310757828,0.4366552310757828,0,0
quarter_trend2_validated,3582,2025-10-31,2025-11-10,0.0110832418536339,2025,2025-09-30,learned_order_extension,20260910,0.44422704458498696,0.44422704458498696,0,1
quarter_volatility2_validated,3582,2025-10-31,2025-11-10,0.0110832418536339,2025,2025-09-30,learned_order_extension,20260910,0.44422704458498696,0.44422704458498696,0,1
quarter_trend2_validated,3587,2025-11-07,2025-11-17,-0.0152107881197579,2025,2025-09-30,learned_order_extension,20260910,0.4121821919684248,0.4121821919684248,0,0
quarter_volatility2_validated,3587,2025-11-07,2025-11-17,-0.0152107881197579,2025,2025-09-30,learned_order_extension,20260910,0.4121821919684248,0.4121821919684248,0,0
quarter_trend2_validated,3592,2025-11-14,2025-11-24,-0.031114557454173,2025,2025-09-30,learned_order_extension,20260910,0.3834394392569858,0.3834394392569858,0,0
quarter_volatility2_validated,3592,2025-11-14,2025-11-24,-0.031114557454173,2025,2025-09-30,learned_order_extension,20260910,0.3834394392569858,0.3834394392569858,0,0
quarter_trend2_validated,3597,2025-11-21,2025-12-01,0.0147613767448515,2025,2025-09-30,learned_order_extension,20260910,0.36890976533068714,0.36890976533068714,0,1
quarter_volatility2_validated,3597,2025-11-21,2025-12-01,0.0147613767448515,2025,2025-09-30,learned_order_extension,20260910,0.36890976533068714,0.36890976533068714,0,1
quarter_trend2_validated,3602,2025-11-28,2025-12-08,0.0118853804313106,2025,2025-09-30,learned_order_extension,20260910,0.32234639686295663,0.32234639686295663,0,1
quarter_volatility2_validated,3602,2025-11-28,2025-12-08,0.0118853804313106,2025,2025-09-30,learned_order_extension,20260910,0.32234639686295663,0.32234639686295663,0,1
quarter_trend2_validated,3607,2025-12-05,2025-12-15,-0.0093922675990717,2025,2025-09-30,learned_order_extension,20260910,0.3536741737892265,0.3536741737892265,0,0
quarter_volatility2_validated,3607,2025-12-05,2025-12-15,-0.0093922675990717,2025,2025-09-30,learned_order_extension,20260910,0.3536741737892265,0.3536741737892265,0,0
quarter_trend2_validated,3612,2025-12-12,2025-12-22,0.0082791208791208,2025,2025-09-30,learned_order_extension,20260910,0.4084124508900537,0.4084124508900537,0,1
quarter_volatility2_validated,3612,2025-12-12,2025-12-22,0.0082791208791208,2025,2025-09-30,learned_order_extension,20260910,0.4084124508900537,0.4084124508900537,0,1
quarter_trend2_validated,3617,2025-12-19,2025-12-29,0.0153890755001995,2025,2025-09-30,learned_order_extension,20260910,0.6626830721040038,0.6626830721040038,1,1
quarter_volatility2_validated,3617,2025-12-19,2025-12-29,0.0153890755001995,2025,2025-09-30,learned_order_extension,20260910,0.6626830721040038,0.6626830721040038,1,1
quarter_trend2_validated,3622,2025-12-26,2026-01-12,0.0239101640737868,2025,2025-09-30,learned_order_extension,20260910,0.29817910640968603,0.29817910640968603,0,1
quarter_volatility2_validated,3622,2025-12-26,2026-01-12,0.0239101640737868,2025,2025-09-30,learned_order_extension,20260910,0.29817910640968603,0.29817910640968603,0,1
quarter_trend2_validated,3384,2025-01-03,2025-01-13,-0.0189486730632231,2025,2024-12-31,learned_order_offset,20260910,0.36669421956338505,0.36669421956338505,0,0
quarter_volatility2_validated,3384,2025-01-03,2025-01-13,-0.0189486730632231,2025,2024-12-31,learned_order_offset,20260910,0.36669421956338505,0.36669421956338505,0,0
quarter_trend2_validated,3389,2025-01-10,2025-01-20,0.0353251773547418,2025,2024-12-31,learned_order_offset,20260910,0.35282059228350937,0.35282059228350937,0,1
quarter_volatility2_validated,3389,2025-01-10,2025-01-20,0.0353251773547418,2025,2024-12-31,learned_order_offset,20260910,0.35282059228350937,0.35282059228350937,0,1
quarter_trend2_validated,3394,2025-01-17,2025-01-27,0.000432821422053,2025,2024-12-31,learned_order_offset,20260910,0.48807314138283653,0.48807314138283653,0,1
quarter_volatility2_validated,3394,2025-01-17,2025-01-27,0.000432821422053,2025,2024-12-31,learned_order_offset,20260910,0.48807314138283653,0.48807314138283653,0,1
quarter_trend2_validated,3399,2025-01-24,2025-02-10,0.0159344898044284,2025,2024-12-31,learned_order_offset,20260910,0.4717801139449288,0.4717801139449288,0,1
quarter_volatility2_validated,3399,2025-01-24,2025-02-10,0.0159344898044284,2025,2024-12-31,learned_order_offset,20260910,0.4717801139449288,0.4717801139449288,0,1
quarter_trend2_validated,3403,2025-02-07,2025-02-17,0.0144454990892999,2025,2024-12-31,learned_order_offset,20260910,0.524022842955718,0.524022842955718,1,1
quarter_volatility2_validated,3403,2025-02-07,2025-02-17,0.0144454990892999,2025,2024-12-31,learned_order_offset,20260910,0.524022842955718,0.524022842955718,1,1
quarter_trend2_validated,3408,2025-02-14,2025-02-24,0.0045695818086644,2025,2024-12-31,learned_order_offset,20260910,0.5772818750748553,0.5772818750748553,1,1
quarter_volatility2_validated,3408,2025-02-14,2025-02-24,0.0045695818086644,2025,2024-12-31,learned_order_offset,20260910,0.5772818750748553,0.5772818750748553,1,1
quarter_trend2_validated,3413,2025-02-21,2025-03-03,-0.0183210488158531,2025,2024-12-31,learned_order_offset,20260910,0.6395827908381064,0.6395827908381064,1,0
quarter_volatility2_validated,3413,2025-02-21,2025-03-03,-0.0183210488158531,2025,2024-12-31,learned_order_offset,20260910,0.6395827908381064,0.6395827908381064,1,0
quarter_trend2_validated,3418,2025-02-28,2025-03-10,0.0117650075646844,2025,2024-12-31,learned_order_offset,20260910,0.5071295431195366,0.5071295431195366,1,1
quarter_volatility2_validated,3418,2025-02-28,2025-03-10,0.0117650075646844,2025,2024-12-31,learned_order_offset,20260910,0.5071295431195366,0.5071295431195366,1,1
quarter_trend2_validated,3423,2025-03-07,2025-03-17,0.019023819058288,2025,2024-12-31,learned_order_offset,20260910,0.6756470892929178,0.6756470892929178,1,1
quarter_volatility2_validated,3423,2025-03-07,2025-03-17,0.019023819058288,2025,2024-12-31,learned_order_offset,20260910,0.6756470892929178,0.6756470892929178,1,1
quarter_trend2_validated,3428,2025-03-14,2025-03-24,-0.0259983485216283,2025,2024-12-31,learned_order_offset,20260910,0.455714753994421,0.455714753994421,0,0
quarter_volatility2_validated,3428,2025-03-14,2025-03-24,-0.0259983485216283,2025,2024-12-31,learned_order_offset,20260910,0.455714753994421,0.455714753994421,0,0
quarter_trend2_validated,3433,2025-03-21,2025-03-31,-0.0025867506275359,2025,2024-12-31,learned_order_offset,20260910,0.5359223493617127,0.5359223493617127,1,0
quarter_volatility2_validated,3433,2025-03-21,2025-03-31,-0.0025867506275359,2025,2024-12-31,learned_order_offset,20260910,0.5359223493617127,0.5359223493617127,1,0
quarter_trend2_validated,3438,2025-03-28,2025-04-14,-0.0342910101946246,2025,2024-12-31,learned_order_offset,20260910,0.834993269183481,0.834993269183481,1,0
quarter_volatility2_validated,3438,2025-03-28,2025-04-14,-0.0342910101946246,2025,2024-12-31,learned_order_offset,20260910,0.834993269183481,0.834993269183481,1,0
quarter_trend2_validated,3447,2025-04-11,2025-04-21,-0.0010339232881941,2025,2025-03-31,learned_order_offset,20260910,0.5649605883931398,0.5649605883931398,1,0
quarter_volatility2_validated,3447,2025-04-11,2025-04-21,-0.0010339232881941,2025,2025-03-31,learned_order_offset,20260910,0.5649605883931398,0.5649605883931398,1,0
quarter_trend2_validated,3452,2025-04-18,2025-04-28,0.0048432383085554,2025,2025-03-31,learned_order_offset,20260910,0.6812464486051237,0.6812464486051237,1,1
quarter_volatility2_validated,3452,2025-04-18,2025-04-28,0.0048432383085554,2025,2025-03-31,learned_order_offset,20260910,0.6812464486051237,0.6812464486051237,1,1
quarter_trend2_validated,3457,2025-04-25,2025-05-12,0.02116527880118,2025,2025-03-31,learned_order_offset,20260910,0.5051445248644001,0.5051445248644001,1,1
quarter_volatility2_validated,3457,2025-04-25,2025-05-12,0.02116527880118,2025,2025-03-31,learned_order_offset,20260910,0.5051445248644001,0.5051445248644001,1,1
quarter_trend2_validated,3464,2025-05-09,2025-05-19,0.0041484224873464,2025,2025-03-31,learned_order_offset,20260910,0.3288144848914296,0.3288144848914296,0,1
quarter_volatility2_validated,3464,2025-05-09,2025-05-19,0.0041484224873464,2025,2025-03-31,learned_order_offset,20260910,0.3288144848914296,0.3288144848914296,0,1
quarter_trend2_validated,3469,2025-05-16,2025-05-26,-0.0017462660042188,2025,2025-03-31,learned_order_offset,20260910,0.3043209517441266,0.3043209517441266,0,0
quarter_volatility2_validated,3469,2025-05-16,2025-05-26,-0.0017462660042188,2025,2025-03-31,learned_order_offset,20260910,0.3043209517441266,0.3043209517441266,0,0
quarter_trend2_validated,3474,2025-05-23,2025-06-03,-0.0109216443615366,2025,2025-03-31,learned_order_offset,20260910,0.44478990167489674,0.44478990167489674,0,0
quarter_volatility2_validated,3474,2025-05-23,2025-06-03,-0.0109216443615366,2025,2025-03-31,learned_order_offset,20260910,0.44478990167489674,0.44478990167489674,0,0
quarter_trend2_validated,3479,2025-05-30,2025-06-09,0.011566574321892,2025,2025-03-31,learned_order_offset,20260910,0.3894673260808954,0.3894673260808954,0,1
quarter_volatility2_validated,3479,2025-05-30,2025-06-09,0.011566574321892,2025,2025-03-31,learned_order_offset,20260910,0.3894673260808954,0.3894673260808954,0,1
quarter_trend2_validated,3483,2025-06-06,2025-06-16,-0.0062354943524679,2025,2025-03-31,learned_order_offset,20260910,0.4096952673269118,0.4096952673269118,0,0
quarter_volatility2_validated,3483,2025-06-06,2025-06-16,-0.0062354943524679,2025,2025-03-31,learned_order_offset,20260910,0.4096952673269118,0.4096952673269118,0,0
quarter_trend2_validated,3488,2025-06-13,2025-06-23,-0.005825691168304,2025,2025-03-31,learned_order_offset,20260910,0.3998744310516097,0.3998744310516097,0,0
quarter_volatility2_validated,3488,2025-06-13,2025-06-23,-0.005825691168304,2025,2025-03-31,learned_order_offset,20260910,0.3998744310516097,0.3998744310516097,0,0
quarter_trend2_validated,3493,2025-06-20,2025-06-30,0.0232670437490374,2025,2025-03-31,learned_order_offset,20260910,0.43535837385464177,0.43535837385464177,0,1
quarter_volatility2_validated,3493,2025-06-20,2025-06-30,0.0232670437490374,2025,2025-03-31,learned_order_offset,20260910,0.43535837385464177,0.43535837385464177,0,1
quarter_trend2_validated,3498,2025-06-27,2025-07-07,0.0145345648685946,2025,2025-03-31,learned_order_offset,20260910,0.4097128200210753,0.4097128200210753,0,1
quarter_volatility2_validated,3498,2025-06-27,2025-07-07,0.0145345648685946,2025,2025-03-31,learned_order_offset,20260910,0.4097128200210753,0.4097128200210753,0,1
quarter_trend2_validated,3503,2025-07-04,2025-07-14,0.0110426949002964,2025,2025-06-30,learned_order_offset,20260910,0.7138049429629315,0.7138049429629315,1,1
quarter_volatility2_validated,3503,2025-07-04,2025-07-14,0.0110426949002964,2025,2025-06-30,learned_order_offset,20260910,0.7083299629429652,0.7083299629429652,1,1
quarter_trend2_validated,3508,2025-07-11,2025-07-21,0.0120759671840067,2025,2025-06-30,learned_order_offset,20260910,0.8295391005206344,0.8295391005206344,1,1
quarter_volatility2_validated,3508,2025-07-11,2025-07-21,0.0120759671840067,2025,2025-06-30,learned_order_offset,20260910,0.8257376298083934,0.8257376298083934,1,1
quarter_trend2_validated,3513,2025-07-18,2025-07-28,0.0143570766898375,2025,2025-06-30,learned_order_offset,20260910,0.3912754070593162,0.3912754070593162,0,1
quarter_volatility2_validated,3513,2025-07-18,2025-07-28,0.0143570766898375,2025,2025-06-30,learned_order_offset,20260910,0.38494682541663916,0.38494682541663916,0,1
quarter_trend2_validated,3518,2025-07-25,2025-08-04,-0.0218642507630443,2025,2025-06-30,learned_order_offset,20260910,0.4472338795260976,0.4472338795260976,0,0
quarter_volatility2_validated,3518,2025-07-25,2025-08-04,-0.0218642507630443,2025,2025-06-30,learned_order_offset,20260910,0.44065540324153984,0.44065540324153984,0,0
quarter_trend2_validated,3523,2025-08-01,2025-08-11,0.0179175520190988,2025,2025-06-30,learned_order_offset,20260910,0.49738369791735854,0.49738369791735854,0,1
quarter_volatility2_validated,3523,2025-08-01,2025-08-11,0.0179175520190988,2025,2025-06-30,learned_order_offset,20260910,0.49072242432265556,0.49072242432265556,0,1
quarter_trend2_validated,3528,2025-08-08,2025-08-18,0.026265786598999,2025,2025-06-30,learned_order_offset,20260910,0.29021186818668443,0.29021186818668443,0,1
quarter_volatility2_validated,3528,2025-08-08,2025-08-18,0.026265786598999,2025,2025-06-30,learned_order_offset,20260910,0.2847532561435104,0.2847532561435104,0,1
quarter_trend2_validated,3533,2025-08-15,2025-08-25,0.0469483790671487,2025,2025-06-30,learned_order_offset,20260910,0.3765210913585545,0.3765210913585545,0,1
quarter_volatility2_validated,3533,2025-08-15,2025-08-25,0.0469483790671487,2025,2025-06-30,learned_order_offset,20260910,0.37028598539651153,0.37028598539651153,0,1
quarter_trend2_validated,3538,2025-08-22,2025-09-01,0.0227770368340847,2025,2025-06-30,learned_order_offset,20260910,0.3535124963113698,0.3535124963113698,0,1
quarter_volatility2_validated,3538,2025-08-22,2025-09-01,0.0227770368340847,2025,2025-06-30,learned_order_offset,20260910,0.34744607812144174,0.34744607812144174,0,1
quarter_trend2_validated,3543,2025-08-29,2025-09-08,-0.0110053842475337,2025,2025-06-30,learned_order_offset,20260910,0.4155611592025284,0.4155611592025284,0,0
quarter_volatility2_validated,3543,2025-08-29,2025-09-08,-0.0110053842475337,2025,2025-06-30,learned_order_offset,20260910,0.4091037643508384,0.4091037643508384,0,0
quarter_trend2_validated,3548,2025-09-05,2025-09-15,0.0151594857594405,2025,2025-06-30,learned_order_offset,20260910,0.44480586026466634,0.44480586026466634,0,1
quarter_volatility2_validated,3548,2025-09-05,2025-09-15,0.0151594857594405,2025,2025-06-30,learned_order_offset,20260910,0.44480586026466634,0.44480586026466634,0,1
quarter_trend2_validated,3553,2025-09-12,2025-09-22,-0.0050409160971932,2025,2025-06-30,learned_order_offset,20260910,0.4900756775013041,0.4900756775013041,0,0
quarter_volatility2_validated,3553,2025-09-12,2025-09-22,-0.0050409160971932,2025,2025-06-30,learned_order_offset,20260910,0.4900756775013041,0.4900756775013041,0,0
quarter_trend2_validated,3558,2025-09-19,2025-09-29,0.0095300784790881,2025,2025-06-30,learned_order_offset,20260910,0.4492520954551793,0.4492520954551793,0,1
quarter_volatility2_validated,3558,2025-09-19,2025-09-29,0.0095300784790881,2025,2025-06-30,learned_order_offset,20260910,0.4492520954551793,0.4492520954551793,0,1
quarter_trend2_validated,3563,2025-09-26,2025-10-13,-0.0140855274279203,2025,2025-06-30,learned_order_offset,20260910,0.4335073624553348,0.4335073624553348,0,0
quarter_volatility2_validated,3563,2025-09-26,2025-10-13,-0.0140855274279203,2025,2025-06-30,learned_order_offset,20260910,0.4335073624553348,0.4335073624553348,0,0
quarter_trend2_validated,3567,2025-10-10,2025-10-20,0.015001547584321,2025,2025-09-30,learned_order_offset,20260910,0.4383291264578575,0.4383291264578575,0,1
quarter_volatility2_validated,3567,2025-10-10,2025-10-20,0.015001547584321,2025,2025-09-30,learned_order_offset,20260910,0.4383291264578575,0.4383291264578575,0,1
quarter_trend2_validated,3572,2025-10-17,2025-10-27,0.0309637052897611,2025,2025-09-30,learned_order_offset,20260910,0.42244156693704515,0.42244156693704515,0,1
quarter_volatility2_validated,3572,2025-10-17,2025-10-27,0.0309637052897611,2025,2025-09-30,learned_order_offset,20260910,0.42244156693704515,0.42244156693704515,0,1
quarter_trend2_validated,3577,2025-10-24,2025-11-03,-0.013331545863497,2025,2025-09-30,learned_order_offset,20260910,0.4373772094377323,0.4373772094377323,0,0
quarter_volatility2_validated,3577,2025-10-24,2025-11-03,-0.013331545863497,2025,2025-09-30,learned_order_offset,20260910,0.4373772094377323,0.4373772094377323,0,0
quarter_trend2_validated,3582,2025-10-31,2025-11-10,0.0110832418536339,2025,2025-09-30,learned_order_offset,20260910,0.4448868201240668,0.4448868201240668,0,1
quarter_volatility2_validated,3582,2025-10-31,2025-11-10,0.0110832418536339,2025,2025-09-30,learned_order_offset,20260910,0.4448868201240668,0.4448868201240668,0,1
quarter_trend2_validated,3587,2025-11-07,2025-11-17,-0.0152107881197579,2025,2025-09-30,learned_order_offset,20260910,0.4128358919320841,0.4128358919320841,0,0
quarter_volatility2_validated,3587,2025-11-07,2025-11-17,-0.0152107881197579,2025,2025-09-30,learned_order_offset,20260910,0.4128358919320841,0.4128358919320841,0,0
quarter_trend2_validated,3592,2025-11-14,2025-11-24,-0.031114557454173,2025,2025-09-30,learned_order_offset,20260910,0.3842630437962762,0.3842630437962762,0,0
quarter_volatility2_validated,3592,2025-11-14,2025-11-24,-0.031114557454173,2025,2025-09-30,learned_order_offset,20260910,0.3842630437962762,0.3842630437962762,0,0
quarter_trend2_validated,3597,2025-11-21,2025-12-01,0.0147613767448515,2025,2025-09-30,learned_order_offset,20260910,0.369912667424471,0.369912667424471,0,1
quarter_volatility2_validated,3597,2025-11-21,2025-12-01,0.0147613767448515,2025,2025-09-30,learned_order_offset,20260910,0.369912667424471,0.369912667424471,0,1
quarter_trend2_validated,3602,2025-11-28,2025-12-08,0.0118853804313106,2025,2025-09-30,learned_order_offset,20260910,0.3228815407821598,0.3228815407821598,0,1
quarter_volatility2_validated,3602,2025-11-28,2025-12-08,0.0118853804313106,2025,2025-09-30,learned_order_offset,20260910,0.3228815407821598,0.3228815407821598,0,1
quarter_trend2_validated,3607,2025-12-05,2025-12-15,-0.0093922675990717,2025,2025-09-30,learned_order_offset,20260910,0.3542499269143583,0.3542499269143583,0,0
quarter_volatility2_validated,3607,2025-12-05,2025-12-15,-0.0093922675990717,2025,2025-09-30,learned_order_offset,20260910,0.3542499269143583,0.3542499269143583,0,0
quarter_trend2_validated,3612,2025-12-12,2025-12-22,0.0082791208791208,2025,2025-09-30,learned_order_offset,20260910,0.4080196331095147,0.4080196331095147,0,1
quarter_volatility2_validated,3612,2025-12-12,2025-12-22,0.0082791208791208,2025,2025-09-30,learned_order_offset,20260910,0.4080196331095147,0.4080196331095147,0,1
quarter_trend2_validated,3617,2025-12-19,2025-12-29,0.0153890755001995,2025,2025-09-30,learned_order_offset,20260910,0.6618244415513685,0.6618244415513685,1,1
quarter_volatility2_validated,3617,2025-12-19,2025-12-29,0.0153890755001995,2025,2025-09-30,learned_order_offset,20260910,0.6618244415513685,0.6618244415513685,1,1
quarter_trend2_validated,3622,2025-12-26,2026-01-12,0.0239101640737868,2025,2025-09-30,learned_order_offset,20260910,0.2985952086190204,0.2985952086190204,0,1
quarter_volatility2_validated,3622,2025-12-26,2026-01-12,0.0239101640737868,2025,2025-09-30,learned_order_offset,20260910,0.2985952086190204,0.2985952086190204,0,1
quarter_trend2_validated,3384,2025-01-03,2025-01-13,-0.0189486730632231,2025,2024-12-31,learned_market,20260911,0.42821132783780086,0.42821132783780086,0,0
quarter_volatility2_validated,3384,2025-01-03,2025-01-13,-0.0189486730632231,2025,2024-12-31,learned_market,20260911,0.42821132783780086,0.42821132783780086,0,0
quarter_trend2_validated,3389,2025-01-10,2025-01-20,0.0353251773547418,2025,2024-12-31,learned_market,20260911,0.3899957296673264,0.3899957296673264,0,1
quarter_volatility2_validated,3389,2025-01-10,2025-01-20,0.0353251773547418,2025,2024-12-31,learned_market,20260911,0.3899957296673264,0.3899957296673264,0,1
quarter_trend2_validated,3394,2025-01-17,2025-01-27,0.000432821422053,2025,2024-12-31,learned_market,20260911,0.5369659260153571,0.5369659260153571,1,1
quarter_volatility2_validated,3394,2025-01-17,2025-01-27,0.000432821422053,2025,2024-12-31,learned_market,20260911,0.5369659260153571,0.5369659260153571,1,1
quarter_trend2_validated,3399,2025-01-24,2025-02-10,0.0159344898044284,2025,2024-12-31,learned_market,20260911,0.579417237715051,0.579417237715051,1,1
quarter_volatility2_validated,3399,2025-01-24,2025-02-10,0.0159344898044284,2025,2024-12-31,learned_market,20260911,0.579417237715051,0.579417237715051,1,1
quarter_trend2_validated,3403,2025-02-07,2025-02-17,0.0144454990892999,2025,2024-12-31,learned_market,20260911,0.6179638900480853,0.6179638900480853,1,1
quarter_volatility2_validated,3403,2025-02-07,2025-02-17,0.0144454990892999,2025,2024-12-31,learned_market,20260911,0.6179638900480853,0.6179638900480853,1,1
quarter_trend2_validated,3408,2025-02-14,2025-02-24,0.0045695818086644,2025,2024-12-31,learned_market,20260911,0.616114705527485,0.616114705527485,1,1
quarter_volatility2_validated,3408,2025-02-14,2025-02-24,0.0045695818086644,2025,2024-12-31,learned_market,20260911,0.616114705527485,0.616114705527485,1,1
quarter_trend2_validated,3413,2025-02-21,2025-03-03,-0.0183210488158531,2025,2024-12-31,learned_market,20260911,0.562117179520429,0.562117179520429,1,0
quarter_volatility2_validated,3413,2025-02-21,2025-03-03,-0.0183210488158531,2025,2024-12-31,learned_market,20260911,0.562117179520429,0.562117179520429,1,0
quarter_trend2_validated,3418,2025-02-28,2025-03-10,0.0117650075646844,2025,2024-12-31,learned_market,20260911,0.5285781284571346,0.5285781284571346,1,1
quarter_volatility2_validated,3418,2025-02-28,2025-03-10,0.0117650075646844,2025,2024-12-31,learned_market,20260911,0.5285781284571346,0.5285781284571346,1,1
quarter_trend2_validated,3423,2025-03-07,2025-03-17,0.019023819058288,2025,2024-12-31,learned_market,20260911,0.4669000809915797,0.4669000809915797,0,1
quarter_volatility2_validated,3423,2025-03-07,2025-03-17,0.019023819058288,2025,2024-12-31,learned_market,20260911,0.4669000809915797,0.4669000809915797,0,1
quarter_trend2_validated,3428,2025-03-14,2025-03-24,-0.0259983485216283,2025,2024-12-31,learned_market,20260911,0.5699083421091582,0.5699083421091582,1,0
quarter_volatility2_validated,3428,2025-03-14,2025-03-24,-0.0259983485216283,2025,2024-12-31,learned_market,20260911,0.5699083421091582,0.5699083421091582,1,0
quarter_trend2_validated,3433,2025-03-21,2025-03-31,-0.0025867506275359,2025,2024-12-31,learned_market,20260911,0.41241409635776066,0.41241409635776066,0,0
quarter_volatility2_validated,3433,2025-03-21,2025-03-31,-0.0025867506275359,2025,2024-12-31,learned_market,20260911,0.41241409635776066,0.41241409635776066,0,0
quarter_trend2_validated,3438,2025-03-28,2025-04-14,-0.0342910101946246,2025,2024-12-31,learned_market,20260911,0.48277123146752016,0.48277123146752016,0,0
quarter_volatility2_validated,3438,2025-03-28,2025-04-14,-0.0342910101946246,2025,2024-12-31,learned_market,20260911,0.48277123146752016,0.48277123146752016,0,0
quarter_trend2_validated,3447,2025-04-11,2025-04-21,-0.0010339232881941,2025,2025-03-31,learned_market,20260911,0.5805268836119362,0.5805268836119362,1,0
quarter_volatility2_validated,3447,2025-04-11,2025-04-21,-0.0010339232881941,2025,2025-03-31,learned_market,20260911,0.5805268836119362,0.5805268836119362,1,0
quarter_trend2_validated,3452,2025-04-18,2025-04-28,0.0048432383085554,2025,2025-03-31,learned_market,20260911,0.5688872565915271,0.5688872565915271,1,1
quarter_volatility2_validated,3452,2025-04-18,2025-04-28,0.0048432383085554,2025,2025-03-31,learned_market,20260911,0.5688872565915271,0.5688872565915271,1,1
quarter_trend2_validated,3457,2025-04-25,2025-05-12,0.02116527880118,2025,2025-03-31,learned_market,20260911,0.46122086100259085,0.46122086100259085,0,1
quarter_volatility2_validated,3457,2025-04-25,2025-05-12,0.02116527880118,2025,2025-03-31,learned_market,20260911,0.46122086100259085,0.46122086100259085,0,1
quarter_trend2_validated,3464,2025-05-09,2025-05-19,0.0041484224873464,2025,2025-03-31,learned_market,20260911,0.36466861561285696,0.36466861561285696,0,1
quarter_volatility2_validated,3464,2025-05-09,2025-05-19,0.0041484224873464,2025,2025-03-31,learned_market,20260911,0.36466861561285696,0.36466861561285696,0,1
quarter_trend2_validated,3469,2025-05-16,2025-05-26,-0.0017462660042188,2025,2025-03-31,learned_market,20260911,0.18741885684315504,0.18741885684315504,0,0
quarter_volatility2_validated,3469,2025-05-16,2025-05-26,-0.0017462660042188,2025,2025-03-31,learned_market,20260911,0.18741885684315504,0.18741885684315504,0,0
quarter_trend2_validated,3474,2025-05-23,2025-06-03,-0.0109216443615366,2025,2025-03-31,learned_market,20260911,0.3329216730635309,0.3329216730635309,0,0
quarter_volatility2_validated,3474,2025-05-23,2025-06-03,-0.0109216443615366,2025,2025-03-31,learned_market,20260911,0.3329216730635309,0.3329216730635309,0,0
quarter_trend2_validated,3479,2025-05-30,2025-06-09,0.011566574321892,2025,2025-03-31,learned_market,20260911,0.27007284209566695,0.27007284209566695,0,1
quarter_volatility2_validated,3479,2025-05-30,2025-06-09,0.011566574321892,2025,2025-03-31,learned_market,20260911,0.27007284209566695,0.27007284209566695,0,1
quarter_trend2_validated,3483,2025-06-06,2025-06-16,-0.0062354943524679,2025,2025-03-31,learned_market,20260911,0.5350200825873069,0.5350200825873069,1,0
quarter_volatility2_validated,3483,2025-06-06,2025-06-16,-0.0062354943524679,2025,2025-03-31,learned_market,20260911,0.5350200825873069,0.5350200825873069,1,0
quarter_trend2_validated,3488,2025-06-13,2025-06-23,-0.005825691168304,2025,2025-03-31,learned_market,20260911,0.46140451244920655,0.46140451244920655,0,0
quarter_volatility2_validated,3488,2025-06-13,2025-06-23,-0.005825691168304,2025,2025-03-31,learned_market,20260911,0.46140451244920655,0.46140451244920655,0,0
quarter_trend2_validated,3493,2025-06-20,2025-06-30,0.0232670437490374,2025,2025-03-31,learned_market,20260911,0.5232923093031243,0.5232923093031243,1,1
quarter_volatility2_validated,3493,2025-06-20,2025-06-30,0.0232670437490374,2025,2025-03-31,learned_market,20260911,0.5232923093031243,0.5232923093031243,1,1
quarter_trend2_validated,3498,2025-06-27,2025-07-07,0.0145345648685946,2025,2025-03-31,learned_market,20260911,0.5610127223665392,0.5610127223665392,1,1
quarter_volatility2_validated,3498,2025-06-27,2025-07-07,0.0145345648685946,2025,2025-03-31,learned_market,20260911,0.5610127223665392,0.5610127223665392,1,1
quarter_trend2_validated,3503,2025-07-04,2025-07-14,0.0110426949002964,2025,2025-06-30,learned_market,20260911,0.6568898114490267,0.6568898114490267,1,1
quarter_volatility2_validated,3503,2025-07-04,2025-07-14,0.0110426949002964,2025,2025-06-30,learned_market,20260911,0.6478432979829334,0.6478432979829334,1,1
quarter_trend2_validated,3508,2025-07-11,2025-07-21,0.0120759671840067,2025,2025-06-30,learned_market,20260911,0.43798275099067796,0.43798275099067796,0,1
quarter_volatility2_validated,3508,2025-07-11,2025-07-21,0.0120759671840067,2025,2025-06-30,learned_market,20260911,0.42818869701824414,0.42818869701824414,0,1
quarter_trend2_validated,3513,2025-07-18,2025-07-28,0.0143570766898375,2025,2025-06-30,learned_market,20260911,0.45123982610211855,0.45123982610211855,0,1
quarter_volatility2_validated,3513,2025-07-18,2025-07-28,0.0143570766898375,2025,2025-06-30,learned_market,20260911,0.44138213987976094,0.44138213987976094,0,1
quarter_trend2_validated,3518,2025-07-25,2025-08-04,-0.0218642507630443,2025,2025-06-30,learned_market,20260911,0.37704556959575936,0.37704556959575936,0,0
quarter_volatility2_validated,3518,2025-07-25,2025-08-04,-0.0218642507630443,2025,2025-06-30,learned_market,20260911,0.3677226003703003,0.3677226003703003,0,0
quarter_trend2_validated,3523,2025-08-01,2025-08-11,0.0179175520190988,2025,2025-06-30,learned_market,20260911,0.3633584459405606,0.3633584459405606,0,1
quarter_volatility2_validated,3523,2025-08-01,2025-08-11,0.0179175520190988,2025,2025-06-30,learned_market,20260911,0.35418149318947734,0.35418149318947734,0,1
quarter_trend2_validated,3528,2025-08-08,2025-08-18,0.026265786598999,2025,2025-06-30,learned_market,20260911,0.25506671682854865,0.25506671682854865,0,1
quarter_volatility2_validated,3528,2025-08-08,2025-08-18,0.026265786598999,2025,2025-06-30,learned_market,20260911,0.24756125025245904,0.24756125025245904,0,1
quarter_trend2_validated,3533,2025-08-15,2025-08-25,0.0469483790671487,2025,2025-06-30,learned_market,20260911,0.43449755283990127,0.43449755283990127,0,1
quarter_volatility2_validated,3533,2025-08-15,2025-08-25,0.0469483790671487,2025,2025-06-30,learned_market,20260911,0.4247225375601943,0.4247225375601943,0,1
quarter_trend2_validated,3538,2025-08-22,2025-09-01,0.0227770368340847,2025,2025-06-30,learned_market,20260911,0.2874119167958537,0.2874119167958537,0,1
quarter_volatility2_validated,3538,2025-08-22,2025-09-01,0.0227770368340847,2025,2025-06-30,learned_market,20260911,0.2793115424856906,0.2793115424856906,0,1
quarter_trend2_validated,3543,2025-08-29,2025-09-08,-0.0110053842475337,2025,2025-06-30,learned_market,20260911,0.4144480705711107,0.4144480705711107,0,0
quarter_volatility2_validated,3543,2025-08-29,2025-09-08,-0.0110053842475337,2025,2025-06-30,learned_market,20260911,0.4048012346038451,0.4048012346038451,0,0
quarter_trend2_validated,3548,2025-09-05,2025-09-15,0.0151594857594405,2025,2025-06-30,learned_market,20260911,0.3838102273043383,0.3838102273043383,0,1
quarter_volatility2_validated,3548,2025-09-05,2025-09-15,0.0151594857594405,2025,2025-06-30,learned_market,20260911,0.3838102273043383,0.3838102273043383,0,1
quarter_trend2_validated,3553,2025-09-12,2025-09-22,-0.0050409160971932,2025,2025-06-30,learned_market,20260911,0.5124875202553011,0.5124875202553011,1,0
quarter_volatility2_validated,3553,2025-09-12,2025-09-22,-0.0050409160971932,2025,2025-06-30,learned_market,20260911,0.5124875202553011,0.5124875202553011,1,0
quarter_trend2_validated,3558,2025-09-19,2025-09-29,0.0095300784790881,2025,2025-06-30,learned_market,20260911,0.3928507736042907,0.3928507736042907,0,1
quarter_volatility2_validated,3558,2025-09-19,2025-09-29,0.0095300784790881,2025,2025-06-30,learned_market,20260911,0.3928507736042907,0.3928507736042907,0,1
quarter_trend2_validated,3563,2025-09-26,2025-10-13,-0.0140855274279203,2025,2025-06-30,learned_market,20260911,0.41332433429860765,0.41332433429860765,0,0
quarter_volatility2_validated,3563,2025-09-26,2025-10-13,-0.0140855274279203,2025,2025-06-30,learned_market,20260911,0.41332433429860765,0.41332433429860765,0,0
quarter_trend2_validated,3567,2025-10-10,2025-10-20,0.015001547584321,2025,2025-09-30,learned_market,20260911,0.39652535500617797,0.39652535500617797,0,1
quarter_volatility2_validated,3567,2025-10-10,2025-10-20,0.015001547584321,2025,2025-09-30,learned_market,20260911,0.39652535500617797,0.39652535500617797,0,1
quarter_trend2_validated,3572,2025-10-17,2025-10-27,0.0309637052897611,2025,2025-09-30,learned_market,20260911,0.42439454752251166,0.42439454752251166,0,1
quarter_volatility2_validated,3572,2025-10-17,2025-10-27,0.0309637052897611,2025,2025-09-30,learned_market,20260911,0.42439454752251166,0.42439454752251166,0,1
quarter_trend2_validated,3577,2025-10-24,2025-11-03,-0.013331545863497,2025,2025-09-30,learned_market,20260911,0.4963236766187404,0.4963236766187404,0,0
quarter_volatility2_validated,3577,2025-10-24,2025-11-03,-0.013331545863497,2025,2025-09-30,learned_market,20260911,0.4963236766187404,0.4963236766187404,0,0
quarter_trend2_validated,3582,2025-10-31,2025-11-10,0.0110832418536339,2025,2025-09-30,learned_market,20260911,0.4730427794043573,0.4730427794043573,0,1
quarter_volatility2_validated,3582,2025-10-31,2025-11-10,0.0110832418536339,2025,2025-09-30,learned_market,20260911,0.4730427794043573,0.4730427794043573,0,1
quarter_trend2_validated,3587,2025-11-07,2025-11-17,-0.0152107881197579,2025,2025-09-30,learned_market,20260911,0.44365920815082127,0.44365920815082127,0,0
quarter_volatility2_validated,3587,2025-11-07,2025-11-17,-0.0152107881197579,2025,2025-09-30,learned_market,20260911,0.44365920815082127,0.44365920815082127,0,0
quarter_trend2_validated,3592,2025-11-14,2025-11-24,-0.031114557454173,2025,2025-09-30,learned_market,20260911,0.3630011295793128,0.3630011295793128,0,0
quarter_volatility2_validated,3592,2025-11-14,2025-11-24,-0.031114557454173,2025,2025-09-30,learned_market,20260911,0.3630011295793128,0.3630011295793128,0,0
quarter_trend2_validated,3597,2025-11-21,2025-12-01,0.0147613767448515,2025,2025-09-30,learned_market,20260911,0.4325167072212306,0.4325167072212306,0,1
quarter_volatility2_validated,3597,2025-11-21,2025-12-01,0.0147613767448515,2025,2025-09-30,learned_market,20260911,0.4325167072212306,0.4325167072212306,0,1
quarter_trend2_validated,3602,2025-11-28,2025-12-08,0.0118853804313106,2025,2025-09-30,learned_market,20260911,0.4434066953212215,0.4434066953212215,0,1
quarter_volatility2_validated,3602,2025-11-28,2025-12-08,0.0118853804313106,2025,2025-09-30,learned_market,20260911,0.4434066953212215,0.4434066953212215,0,1
quarter_trend2_validated,3607,2025-12-05,2025-12-15,-0.0093922675990717,2025,2025-09-30,learned_market,20260911,0.47126486204905454,0.47126486204905454,0,0
quarter_volatility2_validated,3607,2025-12-05,2025-12-15,-0.0093922675990717,2025,2025-09-30,learned_market,20260911,0.47126486204905454,0.47126486204905454,0,0
quarter_trend2_validated,3612,2025-12-12,2025-12-22,0.0082791208791208,2025,2025-09-30,learned_market,20260911,0.466174156942272,0.466174156942272,0,1
quarter_volatility2_validated,3612,2025-12-12,2025-12-22,0.0082791208791208,2025,2025-09-30,learned_market,20260911,0.466174156942272,0.466174156942272,0,1
quarter_trend2_validated,3617,2025-12-19,2025-12-29,0.0153890755001995,2025,2025-09-30,learned_market,20260911,0.5523517140626968,0.5523517140626968,1,1
quarter_volatility2_validated,3617,2025-12-19,2025-12-29,0.0153890755001995,2025,2025-09-30,learned_market,20260911,0.5523517140626968,0.5523517140626968,1,1
quarter_trend2_validated,3622,2025-12-26,2026-01-12,0.0239101640737868,2025,2025-09-30,learned_market,20260911,0.533323234860134,0.533323234860134,1,1
quarter_volatility2_validated,3622,2025-12-26,2026-01-12,0.0239101640737868,2025,2025-09-30,learned_market,20260911,0.533323234860134,0.533323234860134,1,1
quarter_trend2_validated,3384,2025-01-03,2025-01-13,-0.0189486730632231,2025,2024-12-31,learned_vol_interaction,20260911,0.4305231359543153,0.4305231359543153,0,0
quarter_volatility2_validated,3384,2025-01-03,2025-01-13,-0.0189486730632231,2025,2024-12-31,learned_vol_interaction,20260911,0.4305231359543153,0.4305231359543153,0,0
quarter_trend2_validated,3389,2025-01-10,2025-01-20,0.0353251773547418,2025,2024-12-31,learned_vol_interaction,20260911,0.38884089510088987,0.38884089510088987,0,1
quarter_volatility2_validated,3389,2025-01-10,2025-01-20,0.0353251773547418,2025,2024-12-31,learned_vol_interaction,20260911,0.38884089510088987,0.38884089510088987,0,1
quarter_trend2_validated,3394,2025-01-17,2025-01-27,0.000432821422053,2025,2024-12-31,learned_vol_interaction,20260911,0.5344292773183893,0.5344292773183893,1,1
quarter_volatility2_validated,3394,2025-01-17,2025-01-27,0.000432821422053,2025,2024-12-31,learned_vol_interaction,20260911,0.5344292773183893,0.5344292773183893,1,1
quarter_trend2_validated,3399,2025-01-24,2025-02-10,0.0159344898044284,2025,2024-12-31,learned_vol_interaction,20260911,0.5733087009015438,0.5733087009015438,1,1
quarter_volatility2_validated,3399,2025-01-24,2025-02-10,0.0159344898044284,2025,2024-12-31,learned_vol_interaction,20260911,0.5733087009015438,0.5733087009015438,1,1
quarter_trend2_validated,3403,2025-02-07,2025-02-17,0.0144454990892999,2025,2024-12-31,learned_vol_interaction,20260911,0.6229730094392066,0.6229730094392066,1,1
quarter_volatility2_validated,3403,2025-02-07,2025-02-17,0.0144454990892999,2025,2024-12-31,learned_vol_interaction,20260911,0.6229730094392066,0.6229730094392066,1,1
quarter_trend2_validated,3408,2025-02-14,2025-02-24,0.0045695818086644,2025,2024-12-31,learned_vol_interaction,20260911,0.6249392220388966,0.6249392220388966,1,1
quarter_volatility2_validated,3408,2025-02-14,2025-02-24,0.0045695818086644,2025,2024-12-31,learned_vol_interaction,20260911,0.6249392220388966,0.6249392220388966,1,1
quarter_trend2_validated,3413,2025-02-21,2025-03-03,-0.0183210488158531,2025,2024-12-31,learned_vol_interaction,20260911,0.5770853748295083,0.5770853748295083,1,0
quarter_volatility2_validated,3413,2025-02-21,2025-03-03,-0.0183210488158531,2025,2024-12-31,learned_vol_interaction,20260911,0.5770853748295083,0.5770853748295083,1,0
quarter_trend2_validated,3418,2025-02-28,2025-03-10,0.0117650075646844,2025,2024-12-31,learned_vol_interaction,20260911,0.5320196258694382,0.5320196258694382,1,1
quarter_volatility2_validated,3418,2025-02-28,2025-03-10,0.0117650075646844,2025,2024-12-31,learned_vol_interaction,20260911,0.5320196258694382,0.5320196258694382,1,1
quarter_trend2_validated,3423,2025-03-07,2025-03-17,0.019023819058288,2025,2024-12-31,learned_vol_interaction,20260911,0.4709950343968562,0.4709950343968562,0,1
quarter_volatility2_validated,3423,2025-03-07,2025-03-17,0.019023819058288,2025,2024-12-31,learned_vol_interaction,20260911,0.4709950343968562,0.4709950343968562,0,1
quarter_trend2_validated,3428,2025-03-14,2025-03-24,-0.0259983485216283,2025,2024-12-31,learned_vol_interaction,20260911,0.5689479286300063,0.5689479286300063,1,0
quarter_volatility2_validated,3428,2025-03-14,2025-03-24,-0.0259983485216283,2025,2024-12-31,learned_vol_interaction,20260911,0.5689479286300063,0.5689479286300063,1,0
quarter_trend2_validated,3433,2025-03-21,2025-03-31,-0.0025867506275359,2025,2024-12-31,learned_vol_interaction,20260911,0.4073280883173269,0.4073280883173269,0,0
quarter_volatility2_validated,3433,2025-03-21,2025-03-31,-0.0025867506275359,2025,2024-12-31,learned_vol_interaction,20260911,0.4073280883173269,0.4073280883173269,0,0
quarter_trend2_validated,3438,2025-03-28,2025-04-14,-0.0342910101946246,2025,2024-12-31,learned_vol_interaction,20260911,0.4833458290624725,0.4833458290624725,0,0
quarter_volatility2_validated,3438,2025-03-28,2025-04-14,-0.0342910101946246,2025,2024-12-31,learned_vol_interaction,20260911,0.4833458290624725,0.4833458290624725,0,0
quarter_trend2_validated,3447,2025-04-11,2025-04-21,-0.0010339232881941,2025,2025-03-31,learned_vol_interaction,20260911,0.5558462748112867,0.5558462748112867,1,0
quarter_volatility2_validated,3447,2025-04-11,2025-04-21,-0.0010339232881941,2025,2025-03-31,learned_vol_interaction,20260911,0.5558462748112867,0.5558462748112867,1,0
quarter_trend2_validated,3452,2025-04-18,2025-04-28,0.0048432383085554,2025,2025-03-31,learned_vol_interaction,20260911,0.5512669000081979,0.5512669000081979,1,1
quarter_volatility2_validated,3452,2025-04-18,2025-04-28,0.0048432383085554,2025,2025-03-31,learned_vol_interaction,20260911,0.5512669000081979,0.5512669000081979,1,1
quarter_trend2_validated,3457,2025-04-25,2025-05-12,0.02116527880118,2025,2025-03-31,learned_vol_interaction,20260911,0.46126589698872084,0.46126589698872084,0,1
quarter_volatility2_validated,3457,2025-04-25,2025-05-12,0.02116527880118,2025,2025-03-31,learned_vol_interaction,20260911,0.46126589698872084,0.46126589698872084,0,1
quarter_trend2_validated,3464,2025-05-09,2025-05-19,0.0041484224873464,2025,2025-03-31,learned_vol_interaction,20260911,0.3657811119346164,0.3657811119346164,0,1
quarter_volatility2_validated,3464,2025-05-09,2025-05-19,0.0041484224873464,2025,2025-03-31,learned_vol_interaction,20260911,0.3657811119346164,0.3657811119346164,0,1
quarter_trend2_validated,3469,2025-05-16,2025-05-26,-0.0017462660042188,2025,2025-03-31,learned_vol_interaction,20260911,0.17005088379113875,0.17005088379113875,0,0
quarter_volatility2_validated,3469,2025-05-16,2025-05-26,-0.0017462660042188,2025,2025-03-31,learned_vol_interaction,20260911,0.17005088379113875,0.17005088379113875,0,0
quarter_trend2_validated,3474,2025-05-23,2025-06-03,-0.0109216443615366,2025,2025-03-31,learned_vol_interaction,20260911,0.33365244663818855,0.33365244663818855,0,0
quarter_volatility2_validated,3474,2025-05-23,2025-06-03,-0.0109216443615366,2025,2025-03-31,learned_vol_interaction,20260911,0.33365244663818855,0.33365244663818855,0,0
quarter_trend2_validated,3479,2025-05-30,2025-06-09,0.011566574321892,2025,2025-03-31,learned_vol_interaction,20260911,0.25952747706866647,0.25952747706866647,0,1
quarter_volatility2_validated,3479,2025-05-30,2025-06-09,0.011566574321892,2025,2025-03-31,learned_vol_interaction,20260911,0.25952747706866647,0.25952747706866647,0,1
quarter_trend2_validated,3483,2025-06-06,2025-06-16,-0.0062354943524679,2025,2025-03-31,learned_vol_interaction,20260911,0.5526607674508816,0.5526607674508816,1,0
quarter_volatility2_validated,3483,2025-06-06,2025-06-16,-0.0062354943524679,2025,2025-03-31,learned_vol_interaction,20260911,0.5526607674508816,0.5526607674508816,1,0
quarter_trend2_validated,3488,2025-06-13,2025-06-23,-0.005825691168304,2025,2025-03-31,learned_vol_interaction,20260911,0.47804200570352084,0.47804200570352084,0,0
quarter_volatility2_validated,3488,2025-06-13,2025-06-23,-0.005825691168304,2025,2025-03-31,learned_vol_interaction,20260911,0.47804200570352084,0.47804200570352084,0,0
quarter_trend2_validated,3493,2025-06-20,2025-06-30,0.0232670437490374,2025,2025-03-31,learned_vol_interaction,20260911,0.5462388483085826,0.5462388483085826,1,1
quarter_volatility2_validated,3493,2025-06-20,2025-06-30,0.0232670437490374,2025,2025-03-31,learned_vol_interaction,20260911,0.5462388483085826,0.5462388483085826,1,1
quarter_trend2_validated,3498,2025-06-27,2025-07-07,0.0145345648685946,2025,2025-03-31,learned_vol_interaction,20260911,0.578261270104434,0.578261270104434,1,1
quarter_volatility2_validated,3498,2025-06-27,2025-07-07,0.0145345648685946,2025,2025-03-31,learned_vol_interaction,20260911,0.578261270104434,0.578261270104434,1,1
quarter_trend2_validated,3503,2025-07-04,2025-07-14,0.0110426949002964,2025,2025-06-30,learned_vol_interaction,20260911,0.6743637676475238,0.6743637676475238,1,1
quarter_volatility2_validated,3503,2025-07-04,2025-07-14,0.0110426949002964,2025,2025-06-30,learned_vol_interaction,20260911,0.6652612166774724,0.6652612166774724,1,1
quarter_trend2_validated,3508,2025-07-11,2025-07-21,0.0120759671840067,2025,2025-06-30,learned_vol_interaction,20260911,0.44186685371591494,0.44186685371591494,0,1
quarter_volatility2_validated,3508,2025-07-11,2025-07-21,0.0120759671840067,2025,2025-06-30,learned_vol_interaction,20260911,0.4317417369133852,0.4317417369133852,0,1
quarter_trend2_validated,3513,2025-07-18,2025-07-28,0.0143570766898375,2025,2025-06-30,learned_vol_interaction,20260911,0.4541727142574433,0.4541727142574433,0,1
quarter_volatility2_validated,3513,2025-07-18,2025-07-28,0.0143570766898375,2025,2025-06-30,learned_vol_interaction,20260911,0.4439899297193669,0.4439899297193669,0,1
quarter_trend2_validated,3518,2025-07-25,2025-08-04,-0.0218642507630443,2025,2025-06-30,learned_vol_interaction,20260911,0.3697066493096656,0.3697066493096656,0,0
quarter_volatility2_validated,3518,2025-07-25,2025-08-04,-0.0218642507630443,2025,2025-06-30,learned_vol_interaction,20260911,0.3601680179713586,0.3601680179713586,0,0
quarter_trend2_validated,3523,2025-08-01,2025-08-11,0.0179175520190988,2025,2025-06-30,learned_vol_interaction,20260911,0.3568661377683452,0.3568661377683452,0,1
quarter_volatility2_validated,3523,2025-08-01,2025-08-11,0.0179175520190988,2025,2025-06-30,learned_vol_interaction,20260911,0.34747615961099715,0.34747615961099715,0,1
quarter_trend2_validated,3528,2025-08-08,2025-08-18,0.026265786598999,2025,2025-06-30,learned_vol_interaction,20260911,0.24449969015279646,0.24449969015279646,0,1
quarter_volatility2_validated,3528,2025-08-08,2025-08-18,0.026265786598999,2025,2025-06-30,learned_vol_interaction,20260911,0.2369769015810735,0.2369769015810735,0,1
quarter_trend2_validated,3533,2025-08-15,2025-08-25,0.0469483790671487,2025,2025-06-30,learned_vol_interaction,20260911,0.4318144455464327,0.4318144455464327,0,1
quarter_volatility2_validated,3533,2025-08-15,2025-08-25,0.0469483790671487,2025,2025-06-30,learned_vol_interaction,20260911,0.421745616713044,0.421745616713044,0,1
quarter_trend2_validated,3538,2025-08-22,2025-09-01,0.0227770368340847,2025,2025-06-30,learned_vol_interaction,20260911,0.27370668176480956,0.27370668176480956,0,1
quarter_volatility2_validated,3538,2025-08-22,2025-09-01,0.0227770368340847,2025,2025-06-30,learned_vol_interaction,20260911,0.2656011739021504,0.2656011739021504,0,1
quarter_trend2_validated,3543,2025-08-29,2025-09-08,-0.0110053842475337,2025,2025-06-30,learned_vol_interaction,20260911,0.40151160251610146,0.40151160251610146,0,0
quarter_volatility2_validated,3543,2025-08-29,2025-09-08,-0.0110053842475337,2025,2025-06-30,learned_vol_interaction,20260911,0.39166229510971134,0.39166229510971134,0,0
quarter_trend2_validated,3548,2025-09-05,2025-09-15,0.0151594857594405,2025,2025-06-30,learned_vol_interaction,20260911,0.3754866622737605,0.3754866622737605,0,1
quarter_volatility2_validated,3548,2025-09-05,2025-09-15,0.0151594857594405,2025,2025-06-30,learned_vol_interaction,20260911,0.3754866622737605,0.3754866622737605,0,1
quarter_trend2_validated,3553,2025-09-12,2025-09-22,-0.0050409160971932,2025,2025-06-30,learned_vol_interaction,20260911,0.5014167977109265,0.5014167977109265,1,0
quarter_volatility2_validated,3553,2025-09-12,2025-09-22,-0.0050409160971932,2025,2025-06-30,learned_vol_interaction,20260911,0.5014167977109265,0.5014167977109265,1,0
quarter_trend2_validated,3558,2025-09-19,2025-09-29,0.0095300784790881,2025,2025-06-30,learned_vol_interaction,20260911,0.38974705652523406,0.38974705652523406,0,1
quarter_volatility2_validated,3558,2025-09-19,2025-09-29,0.0095300784790881,2025,2025-06-30,learned_vol_interaction,20260911,0.38974705652523406,0.38974705652523406,0,1
quarter_trend2_validated,3563,2025-09-26,2025-10-13,-0.0140855274279203,2025,2025-06-30,learned_vol_interaction,20260911,0.40553483605344315,0.40553483605344315,0,0
quarter_volatility2_validated,3563,2025-09-26,2025-10-13,-0.0140855274279203,2025,2025-06-30,learned_vol_interaction,20260911,0.40553483605344315,0.40553483605344315,0,0
quarter_trend2_validated,3567,2025-10-10,2025-10-20,0.015001547584321,2025,2025-09-30,learned_vol_interaction,20260911,0.39263370477182047,0.39263370477182047,0,1
quarter_volatility2_validated,3567,2025-10-10,2025-10-20,0.015001547584321,2025,2025-09-30,learned_vol_interaction,20260911,0.39263370477182047,0.39263370477182047,0,1
quarter_trend2_validated,3572,2025-10-17,2025-10-27,0.0309637052897611,2025,2025-09-30,learned_vol_interaction,20260911,0.42128573794261726,0.42128573794261726,0,1
quarter_volatility2_validated,3572,2025-10-17,2025-10-27,0.0309637052897611,2025,2025-09-30,learned_vol_interaction,20260911,0.42128573794261726,0.42128573794261726,0,1
quarter_trend2_validated,3577,2025-10-24,2025-11-03,-0.013331545863497,2025,2025-09-30,learned_vol_interaction,20260911,0.49112931362620926,0.49112931362620926,0,0
quarter_volatility2_validated,3577,2025-10-24,2025-11-03,-0.013331545863497,2025,2025-09-30,learned_vol_interaction,20260911,0.49112931362620926,0.49112931362620926,0,0
quarter_trend2_validated,3582,2025-10-31,2025-11-10,0.0110832418536339,2025,2025-09-30,learned_vol_interaction,20260911,0.46985105287253015,0.46985105287253015,0,1
quarter_volatility2_validated,3582,2025-10-31,2025-11-10,0.0110832418536339,2025,2025-09-30,learned_vol_interaction,20260911,0.46985105287253015,0.46985105287253015,0,1
quarter_trend2_validated,3587,2025-11-07,2025-11-17,-0.0152107881197579,2025,2025-09-30,learned_vol_interaction,20260911,0.4380619074891022,0.4380619074891022,0,0
quarter_volatility2_validated,3587,2025-11-07,2025-11-17,-0.0152107881197579,2025,2025-09-30,learned_vol_interaction,20260911,0.4380619074891022,0.4380619074891022,0,0
quarter_trend2_validated,3592,2025-11-14,2025-11-24,-0.031114557454173,2025,2025-09-30,learned_vol_interaction,20260911,0.3608128995476907,0.3608128995476907,0,0
quarter_volatility2_validated,3592,2025-11-14,2025-11-24,-0.031114557454173,2025,2025-09-30,learned_vol_interaction,20260911,0.3608128995476907,0.3608128995476907,0,0
quarter_trend2_validated,3597,2025-11-21,2025-12-01,0.0147613767448515,2025,2025-09-30,learned_vol_interaction,20260911,0.43045334038020117,0.43045334038020117,0,1
quarter_volatility2_validated,3597,2025-11-21,2025-12-01,0.0147613767448515,2025,2025-09-30,learned_vol_interaction,20260911,0.43045334038020117,0.43045334038020117,0,1
quarter_trend2_validated,3602,2025-11-28,2025-12-08,0.0118853804313106,2025,2025-09-30,learned_vol_interaction,20260911,0.44305774903695255,0.44305774903695255,0,1
quarter_volatility2_validated,3602,2025-11-28,2025-12-08,0.0118853804313106,2025,2025-09-30,learned_vol_interaction,20260911,0.44305774903695255,0.44305774903695255,0,1
quarter_trend2_validated,3607,2025-12-05,2025-12-15,-0.0093922675990717,2025,2025-09-30,learned_vol_interaction,20260911,0.47164710073246285,0.47164710073246285,0,0
quarter_volatility2_validated,3607,2025-12-05,2025-12-15,-0.0093922675990717,2025,2025-09-30,learned_vol_interaction,20260911,0.47164710073246285,0.47164710073246285,0,0
quarter_trend2_validated,3612,2025-12-12,2025-12-22,0.0082791208791208,2025,2025-09-30,learned_vol_interaction,20260911,0.46870417547105653,0.46870417547105653,0,1
quarter_volatility2_validated,3612,2025-12-12,2025-12-22,0.0082791208791208,2025,2025-09-30,learned_vol_interaction,20260911,0.46870417547105653,0.46870417547105653,0,1
quarter_trend2_validated,3617,2025-12-19,2025-12-29,0.0153890755001995,2025,2025-09-30,learned_vol_interaction,20260911,0.5642517372007931,0.5642517372007931,1,1
quarter_volatility2_validated,3617,2025-12-19,2025-12-29,0.0153890755001995,2025,2025-09-30,learned_vol_interaction,20260911,0.5642517372007931,0.5642517372007931,1,1
quarter_trend2_validated,3622,2025-12-26,2026-01-12,0.0239101640737868,2025,2025-09-30,learned_vol_interaction,20260911,0.5419304727663321,0.5419304727663321,1,1
quarter_volatility2_validated,3622,2025-12-26,2026-01-12,0.0239101640737868,2025,2025-09-30,learned_vol_interaction,20260911,0.5419304727663321,0.5419304727663321,1,1
quarter_trend2_validated,3384,2025-01-03,2025-01-13,-0.0189486730632231,2025,2024-12-31,learned_order_extension,20260911,0.43065388292304235,0.43065388292304235,0,0
quarter_volatility2_validated,3384,2025-01-03,2025-01-13,-0.0189486730632231,2025,2024-12-31,learned_order_extension,20260911,0.43065388292304235,0.43065388292304235,0,0
quarter_trend2_validated,3389,2025-01-10,2025-01-20,0.0353251773547418,2025,2024-12-31,learned_order_extension,20260911,0.3891931634884253,0.3891931634884253,0,1
quarter_volatility2_validated,3389,2025-01-10,2025-01-20,0.0353251773547418,2025,2024-12-31,learned_order_extension,20260911,0.3891931634884253,0.3891931634884253,0,1
quarter_trend2_validated,3394,2025-01-17,2025-01-27,0.000432821422053,2025,2024-12-31,learned_order_extension,20260911,0.5293310636016386,0.5293310636016386,1,1
quarter_volatility2_validated,3394,2025-01-17,2025-01-27,0.000432821422053,2025,2024-12-31,learned_order_extension,20260911,0.5293310636016386,0.5293310636016386,1,1
quarter_trend2_validated,3399,2025-01-24,2025-02-10,0.0159344898044284,2025,2024-12-31,learned_order_extension,20260911,0.5678795814188538,0.5678795814188538,1,1
quarter_volatility2_validated,3399,2025-01-24,2025-02-10,0.0159344898044284,2025,2024-12-31,learned_order_extension,20260911,0.5678795814188538,0.5678795814188538,1,1
quarter_trend2_validated,3403,2025-02-07,2025-02-17,0.0144454990892999,2025,2024-12-31,learned_order_extension,20260911,0.6181569415812861,0.6181569415812861,1,1
quarter_volatility2_validated,3403,2025-02-07,2025-02-17,0.0144454990892999,2025,2024-12-31,learned_order_extension,20260911,0.6181569415812861,0.6181569415812861,1,1
quarter_trend2_validated,3408,2025-02-14,2025-02-24,0.0045695818086644,2025,2024-12-31,learned_order_extension,20260911,0.623244763024503,0.623244763024503,1,1
quarter_volatility2_validated,3408,2025-02-14,2025-02-24,0.0045695818086644,2025,2024-12-31,learned_order_extension,20260911,0.623244763024503,0.623244763024503,1,1
quarter_trend2_validated,3413,2025-02-21,2025-03-03,-0.0183210488158531,2025,2024-12-31,learned_order_extension,20260911,0.5698307059548449,0.5698307059548449,1,0
quarter_volatility2_validated,3413,2025-02-21,2025-03-03,-0.0183210488158531,2025,2024-12-31,learned_order_extension,20260911,0.5698307059548449,0.5698307059548449,1,0
quarter_trend2_validated,3418,2025-02-28,2025-03-10,0.0117650075646844,2025,2024-12-31,learned_order_extension,20260911,0.5277004284689892,0.5277004284689892,1,1
quarter_volatility2_validated,3418,2025-02-28,2025-03-10,0.0117650075646844,2025,2024-12-31,learned_order_extension,20260911,0.5277004284689892,0.5277004284689892,1,1
quarter_trend2_validated,3423,2025-03-07,2025-03-17,0.019023819058288,2025,2024-12-31,learned_order_extension,20260911,0.4694347191401159,0.4694347191401159,0,1
quarter_volatility2_validated,3423,2025-03-07,2025-03-17,0.019023819058288,2025,2024-12-31,learned_order_extension,20260911,0.4694347191401159,0.4694347191401159,0,1
quarter_trend2_validated,3428,2025-03-14,2025-03-24,-0.0259983485216283,2025,2024-12-31,learned_order_extension,20260911,0.5654667556034778,0.5654667556034778,1,0
quarter_volatility2_validated,3428,2025-03-14,2025-03-24,-0.0259983485216283,2025,2024-12-31,learned_order_extension,20260911,0.5654667556034778,0.5654667556034778,1,0
quarter_trend2_validated,3433,2025-03-21,2025-03-31,-0.0025867506275359,2025,2024-12-31,learned_order_extension,20260911,0.40561065982780425,0.40561065982780425,0,0
quarter_volatility2_validated,3433,2025-03-21,2025-03-31,-0.0025867506275359,2025,2024-12-31,learned_order_extension,20260911,0.40561065982780425,0.40561065982780425,0,0
quarter_trend2_validated,3438,2025-03-28,2025-04-14,-0.0342910101946246,2025,2024-12-31,learned_order_extension,20260911,0.47795042275731253,0.47795042275731253,0,0
quarter_volatility2_validated,3438,2025-03-28,2025-04-14,-0.0342910101946246,2025,2024-12-31,learned_order_extension,20260911,0.47795042275731253,0.47795042275731253,0,0
quarter_trend2_validated,3447,2025-04-11,2025-04-21,-0.0010339232881941,2025,2025-03-31,learned_order_extension,20260911,0.5534048068203342,0.5534048068203342,1,0
quarter_volatility2_validated,3447,2025-04-11,2025-04-21,-0.0010339232881941,2025,2025-03-31,learned_order_extension,20260911,0.5534048068203342,0.5534048068203342,1,0
quarter_trend2_validated,3452,2025-04-18,2025-04-28,0.0048432383085554,2025,2025-03-31,learned_order_extension,20260911,0.5527203776973565,0.5527203776973565,1,1
quarter_volatility2_validated,3452,2025-04-18,2025-04-28,0.0048432383085554,2025,2025-03-31,learned_order_extension,20260911,0.5527203776973565,0.5527203776973565,1,1
quarter_trend2_validated,3457,2025-04-25,2025-05-12,0.02116527880118,2025,2025-03-31,learned_order_extension,20260911,0.46353892920875955,0.46353892920875955,0,1
quarter_volatility2_validated,3457,2025-04-25,2025-05-12,0.02116527880118,2025,2025-03-31,learned_order_extension,20260911,0.46353892920875955,0.46353892920875955,0,1
quarter_trend2_validated,3464,2025-05-09,2025-05-19,0.0041484224873464,2025,2025-03-31,learned_order_extension,20260911,0.3649445140094585,0.3649445140094585,0,1
quarter_volatility2_validated,3464,2025-05-09,2025-05-19,0.0041484224873464,2025,2025-03-31,learned_order_extension,20260911,0.3649445140094585,0.3649445140094585,0,1
quarter_trend2_validated,3469,2025-05-16,2025-05-26,-0.0017462660042188,2025,2025-03-31,learned_order_extension,20260911,0.17192052045639458,0.17192052045639458,0,0
quarter_volatility2_validated,3469,2025-05-16,2025-05-26,-0.0017462660042188,2025,2025-03-31,learned_order_extension,20260911,0.17192052045639458,0.17192052045639458,0,0
quarter_trend2_validated,3474,2025-05-23,2025-06-03,-0.0109216443615366,2025,2025-03-31,learned_order_extension,20260911,0.3297069268491959,0.3297069268491959,0,0
quarter_volatility2_validated,3474,2025-05-23,2025-06-03,-0.0109216443615366,2025,2025-03-31,learned_order_extension,20260911,0.3297069268491959,0.3297069268491959,0,0
quarter_trend2_validated,3479,2025-05-30,2025-06-09,0.011566574321892,2025,2025-03-31,learned_order_extension,20260911,0.25644623657123405,0.25644623657123405,0,1
quarter_volatility2_validated,3479,2025-05-30,2025-06-09,0.011566574321892,2025,2025-03-31,learned_order_extension,20260911,0.25644623657123405,0.25644623657123405,0,1
quarter_trend2_validated,3483,2025-06-06,2025-06-16,-0.0062354943524679,2025,2025-03-31,learned_order_extension,20260911,0.5532426962840995,0.5532426962840995,1,0
quarter_volatility2_validated,3483,2025-06-06,2025-06-16,-0.0062354943524679,2025,2025-03-31,learned_order_extension,20260911,0.5532426962840995,0.5532426962840995,1,0
quarter_trend2_validated,3488,2025-06-13,2025-06-23,-0.005825691168304,2025,2025-03-31,learned_order_extension,20260911,0.47407583994699376,0.47407583994699376,0,0
quarter_volatility2_validated,3488,2025-06-13,2025-06-23,-0.005825691168304,2025,2025-03-31,learned_order_extension,20260911,0.47407583994699376,0.47407583994699376,0,0
quarter_trend2_validated,3493,2025-06-20,2025-06-30,0.0232670437490374,2025,2025-03-31,learned_order_extension,20260911,0.5441758763268831,0.5441758763268831,1,1
quarter_volatility2_validated,3493,2025-06-20,2025-06-30,0.0232670437490374,2025,2025-03-31,learned_order_extension,20260911,0.5441758763268831,0.5441758763268831,1,1
quarter_trend2_validated,3498,2025-06-27,2025-07-07,0.0145345648685946,2025,2025-03-31,learned_order_extension,20260911,0.5789884729243365,0.5789884729243365,1,1
quarter_volatility2_validated,3498,2025-06-27,2025-07-07,0.0145345648685946,2025,2025-03-31,learned_order_extension,20260911,0.5789884729243365,0.5789884729243365,1,1
quarter_trend2_validated,3503,2025-07-04,2025-07-14,0.0110426949002964,2025,2025-06-30,learned_order_extension,20260911,0.6783853641950703,0.6783853641950703,1,1
quarter_volatility2_validated,3503,2025-07-04,2025-07-14,0.0110426949002964,2025,2025-06-30,learned_order_extension,20260911,0.6696471497415615,0.6696471497415615,1,1
quarter_trend2_validated,3508,2025-07-11,2025-07-21,0.0120759671840067,2025,2025-06-30,learned_order_extension,20260911,0.44194145653903777,0.44194145653903777,0,1
quarter_volatility2_validated,3508,2025-07-11,2025-07-21,0.0120759671840067,2025,2025-06-30,learned_order_extension,20260911,0.43215643875164256,0.43215643875164256,0,1
quarter_trend2_validated,3513,2025-07-18,2025-07-28,0.0143570766898375,2025,2025-06-30,learned_order_extension,20260911,0.4542765697501973,0.4542765697501973,0,1
quarter_volatility2_validated,3513,2025-07-18,2025-07-28,0.0143570766898375,2025,2025-06-30,learned_order_extension,20260911,0.44443594553836546,0.44443594553836546,0,1
quarter_trend2_validated,3518,2025-07-25,2025-08-04,-0.0218642507630443,2025,2025-06-30,learned_order_extension,20260911,0.3705804310840424,0.3705804310840424,0,0
quarter_volatility2_validated,3518,2025-07-25,2025-08-04,-0.0218642507630443,2025,2025-06-30,learned_order_extension,20260911,0.36135233771394765,0.36135233771394765,0,0
quarter_trend2_validated,3523,2025-08-01,2025-08-11,0.0179175520190988,2025,2025-06-30,learned_order_extension,20260911,0.35640700933897784,0.35640700933897784,0,1
quarter_volatility2_validated,3523,2025-08-01,2025-08-11,0.0179175520190988,2025,2025-06-30,learned_order_extension,20260911,0.3473370917820073,0.3473370917820073,0,1
quarter_trend2_validated,3528,2025-08-08,2025-08-18,0.026265786598999,2025,2025-06-30,learned_order_extension,20260911,0.2417717229228953,0.2417717229228953,0,1
quarter_volatility2_validated,3528,2025-08-08,2025-08-18,0.026265786598999,2025,2025-06-30,learned_order_extension,20260911,0.2345558783739991,0.2345558783739991,0,1
quarter_trend2_validated,3533,2025-08-15,2025-08-25,0.0469483790671487,2025,2025-06-30,learned_order_extension,20260911,0.43183334017409475,0.43183334017409475,0,1
quarter_volatility2_validated,3533,2025-08-15,2025-08-25,0.0469483790671487,2025,2025-06-30,learned_order_extension,20260911,0.42210284601651754,0.42210284601651754,0,1
quarter_trend2_validated,3538,2025-08-22,2025-09-01,0.0227770368340847,2025,2025-06-30,learned_order_extension,20260911,0.27716170555763187,0.27716170555763187,0,1
quarter_volatility2_validated,3538,2025-08-22,2025-09-01,0.0227770368340847,2025,2025-06-30,learned_order_extension,20260911,0.2692647176445629,0.2692647176445629,0,1
quarter_trend2_validated,3543,2025-08-29,2025-09-08,-0.0110053842475337,2025,2025-06-30,learned_order_extension,20260911,0.4016632874897146,0.4016632874897146,0,0
quarter_volatility2_validated,3543,2025-08-29,2025-09-08,-0.0110053842475337,2025,2025-06-30,learned_order_extension,20260911,0.392143408230555,0.392143408230555,0,0
quarter_trend2_validated,3548,2025-09-05,2025-09-15,0.0151594857594405,2025,2025-06-30,learned_order_extension,20260911,0.37420831674124977,0.37420831674124977,0,1
quarter_volatility2_validated,3548,2025-09-05,2025-09-15,0.0151594857594405,2025,2025-06-30,learned_order_extension,20260911,0.37420831674124977,0.37420831674124977,0,1
quarter_trend2_validated,3553,2025-09-12,2025-09-22,-0.0050409160971932,2025,2025-06-30,learned_order_extension,20260911,0.503147055984005,0.503147055984005,1,0
quarter_volatility2_validated,3553,2025-09-12,2025-09-22,-0.0050409160971932,2025,2025-06-30,learned_order_extension,20260911,0.503147055984005,0.503147055984005,1,0
quarter_trend2_validated,3558,2025-09-19,2025-09-29,0.0095300784790881,2025,2025-06-30,learned_order_extension,20260911,0.39333913585245617,0.39333913585245617,0,1
quarter_volatility2_validated,3558,2025-09-19,2025-09-29,0.0095300784790881,2025,2025-06-30,learned_order_extension,20260911,0.39333913585245617,0.39333913585245617,0,1
quarter_trend2_validated,3563,2025-09-26,2025-10-13,-0.0140855274279203,2025,2025-06-30,learned_order_extension,20260911,0.4081318148640021,0.4081318148640021,0,0
quarter_volatility2_validated,3563,2025-09-26,2025-10-13,-0.0140855274279203,2025,2025-06-30,learned_order_extension,20260911,0.4081318148640021,0.4081318148640021,0,0
quarter_trend2_validated,3567,2025-10-10,2025-10-20,0.015001547584321,2025,2025-09-30,learned_order_extension,20260911,0.39565615038452323,0.39565615038452323,0,1
quarter_volatility2_validated,3567,2025-10-10,2025-10-20,0.015001547584321,2025,2025-09-30,learned_order_extension,20260911,0.39565615038452323,0.39565615038452323,0,1
quarter_trend2_validated,3572,2025-10-17,2025-10-27,0.0309637052897611,2025,2025-09-30,learned_order_extension,20260911,0.42255179794346875,0.42255179794346875,0,1
quarter_volatility2_validated,3572,2025-10-17,2025-10-27,0.0309637052897611,2025,2025-09-30,learned_order_extension,20260911,0.42255179794346875,0.42255179794346875,0,1
quarter_trend2_validated,3577,2025-10-24,2025-11-03,-0.013331545863497,2025,2025-09-30,learned_order_extension,20260911,0.49361418515659217,0.49361418515659217,0,0
quarter_volatility2_validated,3577,2025-10-24,2025-11-03,-0.013331545863497,2025,2025-09-30,learned_order_extension,20260911,0.49361418515659217,0.49361418515659217,0,0
quarter_trend2_validated,3582,2025-10-31,2025-11-10,0.0110832418536339,2025,2025-09-30,learned_order_extension,20260911,0.4726211474285555,0.4726211474285555,0,1
quarter_volatility2_validated,3582,2025-10-31,2025-11-10,0.0110832418536339,2025,2025-09-30,learned_order_extension,20260911,0.4726211474285555,0.4726211474285555,0,1
quarter_trend2_validated,3587,2025-11-07,2025-11-17,-0.0152107881197579,2025,2025-09-30,learned_order_extension,20260911,0.4416487626577909,0.4416487626577909,0,0
quarter_volatility2_validated,3587,2025-11-07,2025-11-17,-0.0152107881197579,2025,2025-09-30,learned_order_extension,20260911,0.4416487626577909,0.4416487626577909,0,0
quarter_trend2_validated,3592,2025-11-14,2025-11-24,-0.031114557454173,2025,2025-09-30,learned_order_extension,20260911,0.3660465218959073,0.3660465218959073,0,0
quarter_volatility2_validated,3592,2025-11-14,2025-11-24,-0.031114557454173,2025,2025-09-30,learned_order_extension,20260911,0.3660465218959073,0.3660465218959073,0,0
quarter_trend2_validated,3597,2025-11-21,2025-12-01,0.0147613767448515,2025,2025-09-30,learned_order_extension,20260911,0.43021957760648394,0.43021957760648394,0,1
quarter_volatility2_validated,3597,2025-11-21,2025-12-01,0.0147613767448515,2025,2025-09-30,learned_order_extension,20260911,0.43021957760648394,0.43021957760648394,0,1
quarter_trend2_validated,3602,2025-11-28,2025-12-08,0.0118853804313106,2025,2025-09-30,learned_order_extension,20260911,0.44090841427684524,0.44090841427684524,0,1
quarter_volatility2_validated,3602,2025-11-28,2025-12-08,0.0118853804313106,2025,2025-09-30,learned_order_extension,20260911,0.44090841427684524,0.44090841427684524,0,1
quarter_trend2_validated,3607,2025-12-05,2025-12-15,-0.0093922675990717,2025,2025-09-30,learned_order_extension,20260911,0.46850888999820245,0.46850888999820245,0,0
quarter_volatility2_validated,3607,2025-12-05,2025-12-15,-0.0093922675990717,2025,2025-09-30,learned_order_extension,20260911,0.46850888999820245,0.46850888999820245,0,0
quarter_trend2_validated,3612,2025-12-12,2025-12-22,0.0082791208791208,2025,2025-09-30,learned_order_extension,20260911,0.46414163121931723,0.46414163121931723,0,1
quarter_volatility2_validated,3612,2025-12-12,2025-12-22,0.0082791208791208,2025,2025-09-30,learned_order_extension,20260911,0.46414163121931723,0.46414163121931723,0,1
quarter_trend2_validated,3617,2025-12-19,2025-12-29,0.0153890755001995,2025,2025-09-30,learned_order_extension,20260911,0.5579043003982375,0.5579043003982375,1,1
quarter_volatility2_validated,3617,2025-12-19,2025-12-29,0.0153890755001995,2025,2025-09-30,learned_order_extension,20260911,0.5579043003982375,0.5579043003982375,1,1
quarter_trend2_validated,3622,2025-12-26,2026-01-12,0.0239101640737868,2025,2025-09-30,learned_order_extension,20260911,0.5396185574902365,0.5396185574902365,1,1
quarter_volatility2_validated,3622,2025-12-26,2026-01-12,0.0239101640737868,2025,2025-09-30,learned_order_extension,20260911,0.5396185574902365,0.5396185574902365,1,1
quarter_trend2_validated,3384,2025-01-03,2025-01-13,-0.0189486730632231,2025,2024-12-31,learned_order_offset,20260911,0.430743812553328,0.430743812553328,0,0
quarter_volatility2_validated,3384,2025-01-03,2025-01-13,-0.0189486730632231,2025,2024-12-31,learned_order_offset,20260911,0.430743812553328,0.430743812553328,0,0
quarter_trend2_validated,3389,2025-01-10,2025-01-20,0.0353251773547418,2025,2024-12-31,learned_order_offset,20260911,0.3892930545383684,0.3892930545383684,0,1
quarter_volatility2_validated,3389,2025-01-10,2025-01-20,0.0353251773547418,2025,2024-12-31,learned_order_offset,20260911,0.3892930545383684,0.3892930545383684,0,1
quarter_trend2_validated,3394,2025-01-17,2025-01-27,0.000432821422053,2025,2024-12-31,learned_order_offset,20260911,0.52934454260111,0.52934454260111,1,1
quarter_volatility2_validated,3394,2025-01-17,2025-01-27,0.000432821422053,2025,2024-12-31,learned_order_offset,20260911,0.52934454260111,0.52934454260111,1,1
quarter_trend2_validated,3399,2025-01-24,2025-02-10,0.0159344898044284,2025,2024-12-31,learned_order_offset,20260911,0.5679288793949586,0.5679288793949586,1,1
quarter_volatility2_validated,3399,2025-01-24,2025-02-10,0.0159344898044284,2025,2024-12-31,learned_order_offset,20260911,0.5679288793949586,0.5679288793949586,1,1
quarter_trend2_validated,3403,2025-02-07,2025-02-17,0.0144454990892999,2025,2024-12-31,learned_order_offset,20260911,0.6181544426401614,0.6181544426401614,1,1
quarter_volatility2_validated,3403,2025-02-07,2025-02-17,0.0144454990892999,2025,2024-12-31,learned_order_offset,20260911,0.6181544426401614,0.6181544426401614,1,1
quarter_trend2_validated,3408,2025-02-14,2025-02-24,0.0045695818086644,2025,2024-12-31,learned_order_offset,20260911,0.6233447631977894,0.6233447631977894,1,1
quarter_volatility2_validated,3408,2025-02-14,2025-02-24,0.0045695818086644,2025,2024-12-31,learned_order_offset,20260911,0.6233447631977894,0.6233447631977894,1,1
quarter_trend2_validated,3413,2025-02-21,2025-03-03,-0.0183210488158531,2025,2024-12-31,learned_order_offset,20260911,0.5699444546955538,0.5699444546955538,1,0
quarter_volatility2_validated,3413,2025-02-21,2025-03-03,-0.0183210488158531,2025,2024-12-31,learned_order_offset,20260911,0.5699444546955538,0.5699444546955538,1,0
quarter_trend2_validated,3418,2025-02-28,2025-03-10,0.0117650075646844,2025,2024-12-31,learned_order_offset,20260911,0.5277660121776485,0.5277660121776485,1,1
quarter_volatility2_validated,3418,2025-02-28,2025-03-10,0.0117650075646844,2025,2024-12-31,learned_order_offset,20260911,0.5277660121776485,0.5277660121776485,1,1
quarter_trend2_validated,3423,2025-03-07,2025-03-17,0.019023819058288,2025,2024-12-31,learned_order_offset,20260911,0.46953630716328854,0.46953630716328854,0,1
quarter_volatility2_validated,3423,2025-03-07,2025-03-17,0.019023819058288,2025,2024-12-31,learned_order_offset,20260911,0.46953630716328854,0.46953630716328854,0,1
quarter_trend2_validated,3428,2025-03-14,2025-03-24,-0.0259983485216283,2025,2024-12-31,learned_order_offset,20260911,0.5655482902240324,0.5655482902240324,1,0
quarter_volatility2_validated,3428,2025-03-14,2025-03-24,-0.0259983485216283,2025,2024-12-31,learned_order_offset,20260911,0.5655482902240324,0.5655482902240324,1,0
quarter_trend2_validated,3433,2025-03-21,2025-03-31,-0.0025867506275359,2025,2024-12-31,learned_order_offset,20260911,0.4056793971990091,0.4056793971990091,0,0
quarter_volatility2_validated,3433,2025-03-21,2025-03-31,-0.0025867506275359,2025,2024-12-31,learned_order_offset,20260911,0.4056793971990091,0.4056793971990091,0,0
quarter_trend2_validated,3438,2025-03-28,2025-04-14,-0.0342910101946246,2025,2024-12-31,learned_order_offset,20260911,0.4779797038173516,0.4779797038173516,0,0
quarter_volatility2_validated,3438,2025-03-28,2025-04-14,-0.0342910101946246,2025,2024-12-31,learned_order_offset,20260911,0.4779797038173516,0.4779797038173516,0,0
quarter_trend2_validated,3447,2025-04-11,2025-04-21,-0.0010339232881941,2025,2025-03-31,learned_order_offset,20260911,0.5534156127217199,0.5534156127217199,1,0
quarter_volatility2_validated,3447,2025-04-11,2025-04-21,-0.0010339232881941,2025,2025-03-31,learned_order_offset,20260911,0.5534156127217199,0.5534156127217199,1,0
quarter_trend2_validated,3452,2025-04-18,2025-04-28,0.0048432383085554,2025,2025-03-31,learned_order_offset,20260911,0.5527711816702962,0.5527711816702962,1,1
quarter_volatility2_validated,3452,2025-04-18,2025-04-28,0.0048432383085554,2025,2025-03-31,learned_order_offset,20260911,0.5527711816702962,0.5527711816702962,1,1
quarter_trend2_validated,3457,2025-04-25,2025-05-12,0.02116527880118,2025,2025-03-31,learned_order_offset,20260911,0.4636520171330569,0.4636520171330569,0,1
quarter_volatility2_validated,3457,2025-04-25,2025-05-12,0.02116527880118,2025,2025-03-31,learned_order_offset,20260911,0.4636520171330569,0.4636520171330569,0,1
quarter_trend2_validated,3464,2025-05-09,2025-05-19,0.0041484224873464,2025,2025-03-31,learned_order_offset,20260911,0.3649837526397116,0.3649837526397116,0,1
quarter_volatility2_validated,3464,2025-05-09,2025-05-19,0.0041484224873464,2025,2025-03-31,learned_order_offset,20260911,0.3649837526397116,0.3649837526397116,0,1
quarter_trend2_validated,3469,2025-05-16,2025-05-26,-0.0017462660042188,2025,2025-03-31,learned_order_offset,20260911,0.17197716836939528,0.17197716836939528,0,0
quarter_volatility2_validated,3469,2025-05-16,2025-05-26,-0.0017462660042188,2025,2025-03-31,learned_order_offset,20260911,0.17197716836939528,0.17197716836939528,0,0
quarter_trend2_validated,3474,2025-05-23,2025-06-03,-0.0109216443615366,2025,2025-03-31,learned_order_offset,20260911,0.32979664486342924,0.32979664486342924,0,0
quarter_volatility2_validated,3474,2025-05-23,2025-06-03,-0.0109216443615366,2025,2025-03-31,learned_order_offset,20260911,0.32979664486342924,0.32979664486342924,0,0
quarter_trend2_validated,3479,2025-05-30,2025-06-09,0.011566574321892,2025,2025-03-31,learned_order_offset,20260911,0.25647722408918133,0.25647722408918133,0,1
quarter_volatility2_validated,3479,2025-05-30,2025-06-09,0.011566574321892,2025,2025-03-31,learned_order_offset,20260911,0.25647722408918133,0.25647722408918133,0,1
quarter_trend2_validated,3483,2025-06-06,2025-06-16,-0.0062354943524679,2025,2025-03-31,learned_order_offset,20260911,0.5531494136647972,0.5531494136647972,1,0
quarter_volatility2_validated,3483,2025-06-06,2025-06-16,-0.0062354943524679,2025,2025-03-31,learned_order_offset,20260911,0.5531494136647972,0.5531494136647972,1,0
quarter_trend2_validated,3488,2025-06-13,2025-06-23,-0.005825691168304,2025,2025-03-31,learned_order_offset,20260911,0.4740674277221567,0.4740674277221567,0,0
quarter_volatility2_validated,3488,2025-06-13,2025-06-23,-0.005825691168304,2025,2025-03-31,learned_order_offset,20260911,0.4740674277221567,0.4740674277221567,0,0
quarter_trend2_validated,3493,2025-06-20,2025-06-30,0.0232670437490374,2025,2025-03-31,learned_order_offset,20260911,0.5441829119226477,0.5441829119226477,1,1
quarter_volatility2_validated,3493,2025-06-20,2025-06-30,0.0232670437490374,2025,2025-03-31,learned_order_offset,20260911,0.5441829119226477,0.5441829119226477,1,1
quarter_trend2_validated,3498,2025-06-27,2025-07-07,0.0145345648685946,2025,2025-03-31,learned_order_offset,20260911,0.578950056434683,0.578950056434683,1,1
quarter_volatility2_validated,3498,2025-06-27,2025-07-07,0.0145345648685946,2025,2025-03-31,learned_order_offset,20260911,0.578950056434683,0.578950056434683,1,1
quarter_trend2_validated,3503,2025-07-04,2025-07-14,0.0110426949002964,2025,2025-06-30,learned_order_offset,20260911,0.678441879183803,0.678441879183803,1,1
quarter_volatility2_validated,3503,2025-07-04,2025-07-14,0.0110426949002964,2025,2025-06-30,learned_order_offset,20260911,0.6697939495011929,0.6697939495011929,1,1
quarter_trend2_validated,3508,2025-07-11,2025-07-21,0.0120759671840067,2025,2025-06-30,learned_order_offset,20260911,0.44212080116495506,0.44212080116495506,0,1
quarter_volatility2_validated,3508,2025-07-11,2025-07-21,0.0120759671840067,2025,2025-06-30,learned_order_offset,20260911,0.4324341949520178,0.4324341949520178,0,1
quarter_trend2_validated,3513,2025-07-18,2025-07-28,0.0143570766898375,2025,2025-06-30,learned_order_offset,20260911,0.4543231137369766,0.4543231137369766,0,1
quarter_volatility2_validated,3513,2025-07-18,2025-07-28,0.0143570766898375,2025,2025-06-30,learned_order_offset,20260911,0.4445822136254823,0.4445822136254823,0,1
quarter_trend2_validated,3518,2025-07-25,2025-08-04,-0.0218642507630443,2025,2025-06-30,learned_order_offset,20260911,0.370682013137504,0.370682013137504,0,0
quarter_volatility2_validated,3518,2025-07-25,2025-08-04,-0.0218642507630443,2025,2025-06-30,learned_order_offset,20260911,0.361546237227049,0.361546237227049,0,0
quarter_trend2_validated,3523,2025-08-01,2025-08-11,0.0179175520190988,2025,2025-06-30,learned_order_offset,20260911,0.35640730086727934,0.35640730086727934,0,1
quarter_volatility2_validated,3523,2025-08-01,2025-08-11,0.0179175520190988,2025,2025-06-30,learned_order_offset,20260911,0.34742911148250044,0.34742911148250044,0,1
quarter_trend2_validated,3528,2025-08-08,2025-08-18,0.026265786598999,2025,2025-06-30,learned_order_offset,20260911,0.2417753577493673,0.2417753577493673,0,1
quarter_volatility2_validated,3528,2025-08-08,2025-08-18,0.026265786598999,2025,2025-06-30,learned_order_offset,20260911,0.23463209283159275,0.23463209283159275,0,1
quarter_trend2_validated,3533,2025-08-15,2025-08-25,0.0469483790671487,2025,2025-06-30,learned_order_offset,20260911,0.4318249881848226,0.4318249881848226,0,1
quarter_volatility2_validated,3533,2025-08-15,2025-08-25,0.0469483790671487,2025,2025-06-30,learned_order_offset,20260911,0.4221932457943642,0.4221932457943642,0,1
quarter_trend2_validated,3538,2025-08-22,2025-09-01,0.0227770368340847,2025,2025-06-30,learned_order_offset,20260911,0.2771710881877151,0.2771710881877151,0,1
quarter_volatility2_validated,3538,2025-08-22,2025-09-01,0.0227770368340847,2025,2025-06-30,learned_order_offset,20260911,0.2693535560315049,0.2693535560315049,0,1
quarter_trend2_validated,3543,2025-08-29,2025-09-08,-0.0110053842475337,2025,2025-06-30,learned_order_offset,20260911,0.4015498956176379,0.4015498956176379,0,0
quarter_volatility2_validated,3543,2025-08-29,2025-09-08,-0.0110053842475337,2025,2025-06-30,learned_order_offset,20260911,0.39212738643343664,0.39212738643343664,0,0
quarter_trend2_validated,3548,2025-09-05,2025-09-15,0.0151594857594405,2025,2025-06-30,learned_order_offset,20260911,0.37420565733546446,0.37420565733546446,0,1
quarter_volatility2_validated,3548,2025-09-05,2025-09-15,0.0151594857594405,2025,2025-06-30,learned_order_offset,20260911,0.37420565733546446,0.37420565733546446,0,1
quarter_trend2_validated,3553,2025-09-12,2025-09-22,-0.0050409160971932,2025,2025-06-30,learned_order_offset,20260911,0.5031042607505921,0.5031042607505921,1,0
quarter_volatility2_validated,3553,2025-09-12,2025-09-22,-0.0050409160971932,2025,2025-06-30,learned_order_offset,20260911,0.5031042607505921,0.5031042607505921,1,0
quarter_trend2_validated,3558,2025-09-19,2025-09-29,0.0095300784790881,2025,2025-06-30,learned_order_offset,20260911,0.39333063714085875,0.39333063714085875,0,1
quarter_volatility2_validated,3558,2025-09-19,2025-09-29,0.0095300784790881,2025,2025-06-30,learned_order_offset,20260911,0.39333063714085875,0.39333063714085875,0,1
quarter_trend2_validated,3563,2025-09-26,2025-10-13,-0.0140855274279203,2025,2025-06-30,learned_order_offset,20260911,0.40808585003619935,0.40808585003619935,0,0
quarter_volatility2_validated,3563,2025-09-26,2025-10-13,-0.0140855274279203,2025,2025-06-30,learned_order_offset,20260911,0.40808585003619935,0.40808585003619935,0,0
quarter_trend2_validated,3567,2025-10-10,2025-10-20,0.015001547584321,2025,2025-09-30,learned_order_offset,20260911,0.3957431714352963,0.3957431714352963,0,1
quarter_volatility2_validated,3567,2025-10-10,2025-10-20,0.015001547584321,2025,2025-09-30,learned_order_offset,20260911,0.3957431714352963,0.3957431714352963,0,1
quarter_trend2_validated,3572,2025-10-17,2025-10-27,0.0309637052897611,2025,2025-09-30,learned_order_offset,20260911,0.42266319973139616,0.42266319973139616,0,1
quarter_volatility2_validated,3572,2025-10-17,2025-10-27,0.0309637052897611,2025,2025-09-30,learned_order_offset,20260911,0.42266319973139616,0.42266319973139616,0,1
quarter_trend2_validated,3577,2025-10-24,2025-11-03,-0.013331545863497,2025,2025-09-30,learned_order_offset,20260911,0.49371915485702594,0.49371915485702594,0,0
quarter_volatility2_validated,3577,2025-10-24,2025-11-03,-0.013331545863497,2025,2025-09-30,learned_order_offset,20260911,0.49371915485702594,0.49371915485702594,0,0
quarter_trend2_validated,3582,2025-10-31,2025-11-10,0.0110832418536339,2025,2025-09-30,learned_order_offset,20260911,0.47277881290406026,0.47277881290406026,0,1
quarter_volatility2_validated,3582,2025-10-31,2025-11-10,0.0110832418536339,2025,2025-09-30,learned_order_offset,20260911,0.47277881290406026,0.47277881290406026,0,1
quarter_trend2_validated,3587,2025-11-07,2025-11-17,-0.0152107881197579,2025,2025-09-30,learned_order_offset,20260911,0.4417302067850907,0.4417302067850907,0,0
quarter_volatility2_validated,3587,2025-11-07,2025-11-17,-0.0152107881197579,2025,2025-09-30,learned_order_offset,20260911,0.4417302067850907,0.4417302067850907,0,0
quarter_trend2_validated,3592,2025-11-14,2025-11-24,-0.031114557454173,2025,2025-09-30,learned_order_offset,20260911,0.3662030345617859,0.3662030345617859,0,0
quarter_volatility2_validated,3592,2025-11-14,2025-11-24,-0.031114557454173,2025,2025-09-30,learned_order_offset,20260911,0.3662030345617859,0.3662030345617859,0,0
quarter_trend2_validated,3597,2025-11-21,2025-12-01,0.0147613767448515,2025,2025-09-30,learned_order_offset,20260911,0.4303049057033289,0.4303049057033289,0,1
quarter_volatility2_validated,3597,2025-11-21,2025-12-01,0.0147613767448515,2025,2025-09-30,learned_order_offset,20260911,0.4303049057033289,0.4303049057033289,0,1
quarter_trend2_validated,3602,2025-11-28,2025-12-08,0.0118853804313106,2025,2025-09-30,learned_order_offset,20260911,0.4410215325004137,0.4410215325004137,0,1
quarter_volatility2_validated,3602,2025-11-28,2025-12-08,0.0118853804313106,2025,2025-09-30,learned_order_offset,20260911,0.4410215325004137,0.4410215325004137,0,1
quarter_trend2_validated,3607,2025-12-05,2025-12-15,-0.0093922675990717,2025,2025-09-30,learned_order_offset,20260911,0.46862239506081244,0.46862239506081244,0,0
quarter_volatility2_validated,3607,2025-12-05,2025-12-15,-0.0093922675990717,2025,2025-09-30,learned_order_offset,20260911,0.46862239506081244,0.46862239506081244,0,0
quarter_trend2_validated,3612,2025-12-12,2025-12-22,0.0082791208791208,2025,2025-09-30,learned_order_offset,20260911,0.4642603203194423,0.4642603203194423,0,1
quarter_volatility2_validated,3612,2025-12-12,2025-12-22,0.0082791208791208,2025,2025-09-30,learned_order_offset,20260911,0.4642603203194423,0.4642603203194423,0,1
quarter_trend2_validated,3617,2025-12-19,2025-12-29,0.0153890755001995,2025,2025-09-30,learned_order_offset,20260911,0.557967937341776,0.557967937341776,1,1
quarter_volatility2_validated,3617,2025-12-19,2025-12-29,0.0153890755001995,2025,2025-09-30,learned_order_offset,20260911,0.557967937341776,0.557967937341776,1,1
quarter_trend2_validated,3622,2025-12-26,2026-01-12,0.0239101640737868,2025,2025-09-30,learned_order_offset,20260911,0.5397728826316699,0.5397728826316699,1,1
quarter_volatility2_validated,3622,2025-12-26,2026-01-12,0.0239101640737868,2025,2025-09-30,learned_order_offset,20260911,0.5397728826316699,0.5397728826316699,1,1
quarter_trend2_validated,3384,2025-01-03,2025-01-13,-0.0189486730632231,2025,2024-12-31,learned_market,20260912,0.42089025641362,0.42089025641362,0,0
quarter_volatility2_validated,3384,2025-01-03,2025-01-13,-0.0189486730632231,2025,2024-12-31,learned_market,20260912,0.42089025641362,0.42089025641362,0,0
quarter_trend2_validated,3389,2025-01-10,2025-01-20,0.0353251773547418,2025,2024-12-31,learned_market,20260912,0.6539720773420672,0.6539720773420672,1,1
quarter_volatility2_validated,3389,2025-01-10,2025-01-20,0.0353251773547418,2025,2024-12-31,learned_market,20260912,0.6539720773420672,0.6539720773420672,1,1
quarter_trend2_validated,3394,2025-01-17,2025-01-27,0.000432821422053,2025,2024-12-31,learned_market,20260912,0.5597316894392553,0.5597316894392553,1,1
quarter_volatility2_validated,3394,2025-01-17,2025-01-27,0.000432821422053,2025,2024-12-31,learned_market,20260912,0.5597316894392553,0.5597316894392553,1,1
quarter_trend2_validated,3399,2025-01-24,2025-02-10,0.0159344898044284,2025,2024-12-31,learned_market,20260912,0.7143346906245566,0.7143346906245566,1,1
quarter_volatility2_validated,3399,2025-01-24,2025-02-10,0.0159344898044284,2025,2024-12-31,learned_market,20260912,0.7143346906245566,0.7143346906245566,1,1
quarter_trend2_validated,3403,2025-02-07,2025-02-17,0.0144454990892999,2025,2024-12-31,learned_market,20260912,0.6628191037923492,0.6628191037923492,1,1
quarter_volatility2_validated,3403,2025-02-07,2025-02-17,0.0144454990892999,2025,2024-12-31,learned_market,20260912,0.6628191037923492,0.6628191037923492,1,1
quarter_trend2_validated,3408,2025-02-14,2025-02-24,0.0045695818086644,2025,2024-12-31,learned_market,20260912,0.6357468977060057,0.6357468977060057,1,1
quarter_volatility2_validated,3408,2025-02-14,2025-02-24,0.0045695818086644,2025,2024-12-31,learned_market,20260912,0.6357468977060057,0.6357468977060057,1,1
quarter_trend2_validated,3413,2025-02-21,2025-03-03,-0.0183210488158531,2025,2024-12-31,learned_market,20260912,0.3807729420629625,0.3807729420629625,0,0
quarter_volatility2_validated,3413,2025-02-21,2025-03-03,-0.0183210488158531,2025,2024-12-31,learned_market,20260912,0.3807729420629625,0.3807729420629625,0,0
quarter_trend2_validated,3418,2025-02-28,2025-03-10,0.0117650075646844,2025,2024-12-31,learned_market,20260912,0.5714127704615375,0.5714127704615375,1,1
quarter_volatility2_validated,3418,2025-02-28,2025-03-10,0.0117650075646844,2025,2024-12-31,learned_market,20260912,0.5714127704615375,0.5714127704615375,1,1
quarter_trend2_validated,3423,2025-03-07,2025-03-17,0.019023819058288,2025,2024-12-31,learned_market,20260912,0.2731298059228326,0.2731298059228326,0,1
quarter_volatility2_validated,3423,2025-03-07,2025-03-17,0.019023819058288,2025,2024-12-31,learned_market,20260912,0.2731298059228326,0.2731298059228326,0,1
quarter_trend2_validated,3428,2025-03-14,2025-03-24,-0.0259983485216283,2025,2024-12-31,learned_market,20260912,0.696672234818679,0.696672234818679,1,0
quarter_volatility2_validated,3428,2025-03-14,2025-03-24,-0.0259983485216283,2025,2024-12-31,learned_market,20260912,0.696672234818679,0.696672234818679,1,0
quarter_trend2_validated,3433,2025-03-21,2025-03-31,-0.0025867506275359,2025,2024-12-31,learned_market,20260912,0.5676267142547179,0.5676267142547179,1,0
quarter_volatility2_validated,3433,2025-03-21,2025-03-31,-0.0025867506275359,2025,2024-12-31,learned_market,20260912,0.5676267142547179,0.5676267142547179,1,0
quarter_trend2_validated,3438,2025-03-28,2025-04-14,-0.0342910101946246,2025,2024-12-31,learned_market,20260912,0.560911448173473,0.560911448173473,1,0
quarter_volatility2_validated,3438,2025-03-28,2025-04-14,-0.0342910101946246,2025,2024-12-31,learned_market,20260912,0.560911448173473,0.560911448173473,1,0
quarter_trend2_validated,3447,2025-04-11,2025-04-21,-0.0010339232881941,2025,2025-03-31,learned_market,20260912,0.5215906360273727,0.5215906360273727,1,0
quarter_volatility2_validated,3447,2025-04-11,2025-04-21,-0.0010339232881941,2025,2025-03-31,learned_market,20260912,0.5215906360273727,0.5215906360273727,1,0
quarter_trend2_validated,3452,2025-04-18,2025-04-28,0.0048432383085554,2025,2025-03-31,learned_market,20260912,0.6471632189538753,0.6471632189538753,1,1
quarter_volatility2_validated,3452,2025-04-18,2025-04-28,0.0048432383085554,2025,2025-03-31,learned_market,20260912,0.6471632189538753,0.6471632189538753,1,1
quarter_trend2_validated,3457,2025-04-25,2025-05-12,0.02116527880118,2025,2025-03-31,learned_market,20260912,0.4695696106758965,0.4695696106758965,0,1
quarter_volatility2_validated,3457,2025-04-25,2025-05-12,0.02116527880118,2025,2025-03-31,learned_market,20260912,0.4695696106758965,0.4695696106758965,0,1
quarter_trend2_validated,3464,2025-05-09,2025-05-19,0.0041484224873464,2025,2025-03-31,learned_market,20260912,0.22514170688818488,0.22514170688818488,0,1
quarter_volatility2_validated,3464,2025-05-09,2025-05-19,0.0041484224873464,2025,2025-03-31,learned_market,20260912,0.22514170688818488,0.22514170688818488,0,1
quarter_trend2_validated,3469,2025-05-16,2025-05-26,-0.0017462660042188,2025,2025-03-31,learned_market,20260912,0.31332898029792033,0.31332898029792033,0,0
quarter_volatility2_validated,3469,2025-05-16,2025-05-26,-0.0017462660042188,2025,2025-03-31,learned_market,20260912,0.31332898029792033,0.31332898029792033,0,0
quarter_trend2_validated,3474,2025-05-23,2025-06-03,-0.0109216443615366,2025,2025-03-31,learned_market,20260912,0.19958434143711248,0.19958434143711248,0,0
quarter_volatility2_validated,3474,2025-05-23,2025-06-03,-0.0109216443615366,2025,2025-03-31,learned_market,20260912,0.19958434143711248,0.19958434143711248,0,0
quarter_trend2_validated,3479,2025-05-30,2025-06-09,0.011566574321892,2025,2025-03-31,learned_market,20260912,0.15629075747992066,0.15629075747992066,0,1
quarter_volatility2_validated,3479,2025-05-30,2025-06-09,0.011566574321892,2025,2025-03-31,learned_market,20260912,0.15629075747992066,0.15629075747992066,0,1
quarter_trend2_validated,3483,2025-06-06,2025-06-16,-0.0062354943524679,2025,2025-03-31,learned_market,20260912,0.37428363998955994,0.37428363998955994,0,0
quarter_volatility2_validated,3483,2025-06-06,2025-06-16,-0.0062354943524679,2025,2025-03-31,learned_market,20260912,0.37428363998955994,0.37428363998955994,0,0
quarter_trend2_validated,3488,2025-06-13,2025-06-23,-0.005825691168304,2025,2025-03-31,learned_market,20260912,0.2863959921610815,0.2863959921610815,0,0
quarter_volatility2_validated,3488,2025-06-13,2025-06-23,-0.005825691168304,2025,2025-03-31,learned_market,20260912,0.2863959921610815,0.2863959921610815,0,0
quarter_trend2_validated,3493,2025-06-20,2025-06-30,0.0232670437490374,2025,2025-03-31,learned_market,20260912,0.41408451859112755,0.41408451859112755,0,1
quarter_volatility2_validated,3493,2025-06-20,2025-06-30,0.0232670437490374,2025,2025-03-31,learned_market,20260912,0.41408451859112755,0.41408451859112755,0,1
quarter_trend2_validated,3498,2025-06-27,2025-07-07,0.0145345648685946,2025,2025-03-31,learned_market,20260912,0.5266011272495493,0.5266011272495493,1,1
quarter_volatility2_validated,3498,2025-06-27,2025-07-07,0.0145345648685946,2025,2025-03-31,learned_market,20260912,0.5266011272495493,0.5266011272495493,1,1
quarter_trend2_validated,3503,2025-07-04,2025-07-14,0.0110426949002964,2025,2025-06-30,learned_market,20260912,0.44691982418443277,0.44691982418443277,0,1
quarter_volatility2_validated,3503,2025-07-04,2025-07-14,0.0110426949002964,2025,2025-06-30,learned_market,20260912,0.44282065207244437,0.44282065207244437,0,1
quarter_trend2_validated,3508,2025-07-11,2025-07-21,0.0120759671840067,2025,2025-06-30,learned_market,20260912,0.5272263603973415,0.5272263603973415,1,1
quarter_volatility2_validated,3508,2025-07-11,2025-07-21,0.0120759671840067,2025,2025-06-30,learned_market,20260912,0.5230872445893386,0.5230872445893386,1,1
quarter_trend2_validated,3513,2025-07-18,2025-07-28,0.0143570766898375,2025,2025-06-30,learned_market,20260912,0.7010339582730474,0.7010339582730474,1,1
quarter_volatility2_validated,3513,2025-07-18,2025-07-28,0.0143570766898375,2025,2025-06-30,learned_market,20260912,0.6975435727634689,0.6975435727634689,1,1
quarter_trend2_validated,3518,2025-07-25,2025-08-04,-0.0218642507630443,2025,2025-06-30,learned_market,20260912,0.5207227531667084,0.5207227531667084,1,0
quarter_volatility2_validated,3518,2025-07-25,2025-08-04,-0.0218642507630443,2025,2025-06-30,learned_market,20260912,0.5165789065232373,0.5165789065232373,1,0
quarter_trend2_validated,3523,2025-08-01,2025-08-11,0.0179175520190988,2025,2025-06-30,learned_market,20260912,0.5533128799487951,0.5533128799487951,1,1
quarter_volatility2_validated,3523,2025-08-01,2025-08-11,0.0179175520190988,2025,2025-06-30,learned_market,20260912,0.5492068738666338,0.5492068738666338,1,1
quarter_trend2_validated,3528,2025-08-08,2025-08-18,0.026265786598999,2025,2025-06-30,learned_market,20260912,0.2654483154600339,0.2654483154600339,0,1
quarter_volatility2_validated,3528,2025-08-08,2025-08-18,0.026265786598999,2025,2025-06-30,learned_market,20260912,0.2622244586017739,0.2622244586017739,0,1
quarter_trend2_validated,3533,2025-08-15,2025-08-25,0.0469483790671487,2025,2025-06-30,learned_market,20260912,0.430346000343231,0.430346000343231,0,1
quarter_volatility2_validated,3533,2025-08-15,2025-08-25,0.0469483790671487,2025,2025-06-30,learned_market,20260912,0.4262816792329009,0.4262816792329009,0,1
quarter_trend2_validated,3538,2025-08-22,2025-09-01,0.0227770368340847,2025,2025-06-30,learned_market,20260912,0.3374740410180076,0.3374740410180076,0,1
quarter_volatility2_validated,3538,2025-08-22,2025-09-01,0.0227770368340847,2025,2025-06-30,learned_market,20260912,0.3337729123644631,0.3337729123644631,0,1
quarter_trend2_validated,3543,2025-08-29,2025-09-08,-0.0110053842475337,2025,2025-06-30,learned_market,20260912,0.6668290394265773,0.6668290394265773,1,0
quarter_volatility2_validated,3543,2025-08-29,2025-09-08,-0.0110053842475337,2025,2025-06-30,learned_market,20260912,0.6631312105997017,0.6631312105997017,1,0
quarter_trend2_validated,3548,2025-09-05,2025-09-15,0.0151594857594405,2025,2025-06-30,learned_market,20260912,0.4151247806853778,0.4151247806853778,0,1
quarter_volatility2_validated,3548,2025-09-05,2025-09-15,0.0151594857594405,2025,2025-06-30,learned_market,20260912,0.4151247806853778,0.4151247806853778,0,1
quarter_trend2_validated,3553,2025-09-12,2025-09-22,-0.0050409160971932,2025,2025-06-30,learned_market,20260912,0.616582283637926,0.616582283637926,1,0
quarter_volatility2_validated,3553,2025-09-12,2025-09-22,-0.0050409160971932,2025,2025-06-30,learned_market,20260912,0.616582283637926,0.616582283637926,1,0
quarter_trend2_validated,3558,2025-09-19,2025-09-29,0.0095300784790881,2025,2025-06-30,learned_market,20260912,0.346159438667962,0.346159438667962,0,1
quarter_volatility2_validated,3558,2025-09-19,2025-09-29,0.0095300784790881,2025,2025-06-30,learned_market,20260912,0.346159438667962,0.346159438667962,0,1
quarter_trend2_validated,3563,2025-09-26,2025-10-13,-0.0140855274279203,2025,2025-06-30,learned_market,20260912,0.49779557172832706,0.49779557172832706,0,0
quarter_volatility2_validated,3563,2025-09-26,2025-10-13,-0.0140855274279203,2025,2025-06-30,learned_market,20260912,0.49779557172832706,0.49779557172832706,0,0
quarter_trend2_validated,3567,2025-10-10,2025-10-20,0.015001547584321,2025,2025-09-30,learned_market,20260912,0.3895908035061002,0.3895908035061002,0,1
quarter_volatility2_validated,3567,2025-10-10,2025-10-20,0.015001547584321,2025,2025-09-30,learned_market,20260912,0.3895908035061002,0.3895908035061002,0,1
quarter_trend2_validated,3572,2025-10-17,2025-10-27,0.0309637052897611,2025,2025-09-30,learned_market,20260912,0.3177445291528448,0.3177445291528448,0,1
quarter_volatility2_validated,3572,2025-10-17,2025-10-27,0.0309637052897611,2025,2025-09-30,learned_market,20260912,0.3177445291528448,0.3177445291528448,0,1
quarter_trend2_validated,3577,2025-10-24,2025-11-03,-0.013331545863497,2025,2025-09-30,learned_market,20260912,0.42278957435073633,0.42278957435073633,0,0
quarter_volatility2_validated,3577,2025-10-24,2025-11-03,-0.013331545863497,2025,2025-09-30,learned_market,20260912,0.42278957435073633,0.42278957435073633,0,0
quarter_trend2_validated,3582,2025-10-31,2025-11-10,0.0110832418536339,2025,2025-09-30,learned_market,20260912,0.3919874136237784,0.3919874136237784,0,1
quarter_volatility2_validated,3582,2025-10-31,2025-11-10,0.0110832418536339,2025,2025-09-30,learned_market,20260912,0.3919874136237784,0.3919874136237784,0,1
quarter_trend2_validated,3587,2025-11-07,2025-11-17,-0.0152107881197579,2025,2025-09-30,learned_market,20260912,0.6609499739654151,0.6609499739654151,1,0
quarter_volatility2_validated,3587,2025-11-07,2025-11-17,-0.0152107881197579,2025,2025-09-30,learned_market,20260912,0.6609499739654151,0.6609499739654151,1,0
quarter_trend2_validated,3592,2025-11-14,2025-11-24,-0.031114557454173,2025,2025-09-30,learned_market,20260912,0.3466593681574228,0.3466593681574228,0,0
quarter_volatility2_validated,3592,2025-11-14,2025-11-24,-0.031114557454173,2025,2025-09-30,learned_market,20260912,0.3466593681574228,0.3466593681574228,0,0
quarter_trend2_validated,3597,2025-11-21,2025-12-01,0.0147613767448515,2025,2025-09-30,learned_market,20260912,0.4838072174788579,0.4838072174788579,0,1
quarter_volatility2_validated,3597,2025-11-21,2025-12-01,0.0147613767448515,2025,2025-09-30,learned_market,20260912,0.4838072174788579,0.4838072174788579,0,1
quarter_trend2_validated,3602,2025-11-28,2025-12-08,0.0118853804313106,2025,2025-09-30,learned_market,20260912,0.414545745424932,0.414545745424932,0,1
quarter_volatility2_validated,3602,2025-11-28,2025-12-08,0.0118853804313106,2025,2025-09-30,learned_market,20260912,0.414545745424932,0.414545745424932,0,1
quarter_trend2_validated,3607,2025-12-05,2025-12-15,-0.0093922675990717,2025,2025-09-30,learned_market,20260912,0.4072710676381864,0.4072710676381864,0,0
quarter_volatility2_validated,3607,2025-12-05,2025-12-15,-0.0093922675990717,2025,2025-09-30,learned_market,20260912,0.4072710676381864,0.4072710676381864,0,0
quarter_trend2_validated,3612,2025-12-12,2025-12-22,0.0082791208791208,2025,2025-09-30,learned_market,20260912,0.6119699471537875,0.6119699471537875,1,1
quarter_volatility2_validated,3612,2025-12-12,2025-12-22,0.0082791208791208,2025,2025-09-30,learned_market,20260912,0.6119699471537875,0.6119699471537875,1,1
quarter_trend2_validated,3617,2025-12-19,2025-12-29,0.0153890755001995,2025,2025-09-30,learned_market,20260912,0.6182896063570782,0.6182896063570782,1,1
quarter_volatility2_validated,3617,2025-12-19,2025-12-29,0.0153890755001995,2025,2025-09-30,learned_market,20260912,0.6182896063570782,0.6182896063570782,1,1
quarter_trend2_validated,3622,2025-12-26,2026-01-12,0.0239101640737868,2025,2025-09-30,learned_market,20260912,0.5300571832747044,0.5300571832747044,1,1
quarter_volatility2_validated,3622,2025-12-26,2026-01-12,0.0239101640737868,2025,2025-09-30,learned_market,20260912,0.5300571832747044,0.5300571832747044,1,1
quarter_trend2_validated,3384,2025-01-03,2025-01-13,-0.0189486730632231,2025,2024-12-31,learned_vol_interaction,20260912,0.4216991098514313,0.4216991098514313,0,0
quarter_volatility2_validated,3384,2025-01-03,2025-01-13,-0.0189486730632231,2025,2024-12-31,learned_vol_interaction,20260912,0.4216991098514313,0.4216991098514313,0,0
quarter_trend2_validated,3389,2025-01-10,2025-01-20,0.0353251773547418,2025,2024-12-31,learned_vol_interaction,20260912,0.6572683815072808,0.6572683815072808,1,1
quarter_volatility2_validated,3389,2025-01-10,2025-01-20,0.0353251773547418,2025,2024-12-31,learned_vol_interaction,20260912,0.6572683815072808,0.6572683815072808,1,1
quarter_trend2_validated,3394,2025-01-17,2025-01-27,0.000432821422053,2025,2024-12-31,learned_vol_interaction,20260912,0.5624117839252505,0.5624117839252505,1,1
quarter_volatility2_validated,3394,2025-01-17,2025-01-27,0.000432821422053,2025,2024-12-31,learned_vol_interaction,20260912,0.5624117839252505,0.5624117839252505,1,1
quarter_trend2_validated,3399,2025-01-24,2025-02-10,0.0159344898044284,2025,2024-12-31,learned_vol_interaction,20260912,0.7143566519320824,0.7143566519320824,1,1
quarter_volatility2_validated,3399,2025-01-24,2025-02-10,0.0159344898044284,2025,2024-12-31,learned_vol_interaction,20260912,0.7143566519320824,0.7143566519320824,1,1
quarter_trend2_validated,3403,2025-02-07,2025-02-17,0.0144454990892999,2025,2024-12-31,learned_vol_interaction,20260912,0.6656753647706254,0.6656753647706254,1,1
quarter_volatility2_validated,3403,2025-02-07,2025-02-17,0.0144454990892999,2025,2024-12-31,learned_vol_interaction,20260912,0.6656753647706254,0.6656753647706254,1,1
quarter_trend2_validated,3408,2025-02-14,2025-02-24,0.0045695818086644,2025,2024-12-31,learned_vol_interaction,20260912,0.6366748986711647,0.6366748986711647,1,1
quarter_volatility2_validated,3408,2025-02-14,2025-02-24,0.0045695818086644,2025,2024-12-31,learned_vol_interaction,20260912,0.6366748986711647,0.6366748986711647,1,1
quarter_trend2_validated,3413,2025-02-21,2025-03-03,-0.0183210488158531,2025,2024-12-31,learned_vol_interaction,20260912,0.3758479309011285,0.3758479309011285,0,0
quarter_volatility2_validated,3413,2025-02-21,2025-03-03,-0.0183210488158531,2025,2024-12-31,learned_vol_interaction,20260912,0.3758479309011285,0.3758479309011285,0,0
quarter_trend2_validated,3418,2025-02-28,2025-03-10,0.0117650075646844,2025,2024-12-31,learned_vol_interaction,20260912,0.5709205167438731,0.5709205167438731,1,1
quarter_volatility2_validated,3418,2025-02-28,2025-03-10,0.0117650075646844,2025,2024-12-31,learned_vol_interaction,20260912,0.5709205167438731,0.5709205167438731,1,1
quarter_trend2_validated,3423,2025-03-07,2025-03-17,0.019023819058288,2025,2024-12-31,learned_vol_interaction,20260912,0.2697314685006311,0.2697314685006311,0,1
quarter_volatility2_validated,3423,2025-03-07,2025-03-17,0.019023819058288,2025,2024-12-31,learned_vol_interaction,20260912,0.2697314685006311,0.2697314685006311,0,1
quarter_trend2_validated,3428,2025-03-14,2025-03-24,-0.0259983485216283,2025,2024-12-31,learned_vol_interaction,20260912,0.6971511109958376,0.6971511109958376,1,0
quarter_volatility2_validated,3428,2025-03-14,2025-03-24,-0.0259983485216283,2025,2024-12-31,learned_vol_interaction,20260912,0.6971511109958376,0.6971511109958376,1,0
quarter_trend2_validated,3433,2025-03-21,2025-03-31,-0.0025867506275359,2025,2024-12-31,learned_vol_interaction,20260912,0.5692380331101397,0.5692380331101397,1,0
quarter_volatility2_validated,3433,2025-03-21,2025-03-31,-0.0025867506275359,2025,2024-12-31,learned_vol_interaction,20260912,0.5692380331101397,0.5692380331101397,1,0
quarter_trend2_validated,3438,2025-03-28,2025-04-14,-0.0342910101946246,2025,2024-12-31,learned_vol_interaction,20260912,0.5653548865619433,0.5653548865619433,1,0
quarter_volatility2_validated,3438,2025-03-28,2025-04-14,-0.0342910101946246,2025,2024-12-31,learned_vol_interaction,20260912,0.5653548865619433,0.5653548865619433,1,0
quarter_trend2_validated,3447,2025-04-11,2025-04-21,-0.0010339232881941,2025,2025-03-31,learned_vol_interaction,20260912,0.5182124590150238,0.5182124590150238,1,0
quarter_volatility2_validated,3447,2025-04-11,2025-04-21,-0.0010339232881941,2025,2025-03-31,learned_vol_interaction,20260912,0.5182124590150238,0.5182124590150238,1,0
quarter_trend2_validated,3452,2025-04-18,2025-04-28,0.0048432383085554,2025,2025-03-31,learned_vol_interaction,20260912,0.6373210111342115,0.6373210111342115,1,1
quarter_volatility2_validated,3452,2025-04-18,2025-04-28,0.0048432383085554,2025,2025-03-31,learned_vol_interaction,20260912,0.6373210111342115,0.6373210111342115,1,1
quarter_trend2_validated,3457,2025-04-25,2025-05-12,0.02116527880118,2025,2025-03-31,learned_vol_interaction,20260912,0.4715989287340677,0.4715989287340677,0,1
quarter_volatility2_validated,3457,2025-04-25,2025-05-12,0.02116527880118,2025,2025-03-31,learned_vol_interaction,20260912,0.4715989287340677,0.4715989287340677,0,1
quarter_trend2_validated,3464,2025-05-09,2025-05-19,0.0041484224873464,2025,2025-03-31,learned_vol_interaction,20260912,0.2195213618582217,0.2195213618582217,0,1
quarter_volatility2_validated,3464,2025-05-09,2025-05-19,0.0041484224873464,2025,2025-03-31,learned_vol_interaction,20260912,0.2195213618582217,0.2195213618582217,0,1
quarter_trend2_validated,3469,2025-05-16,2025-05-26,-0.0017462660042188,2025,2025-03-31,learned_vol_interaction,20260912,0.30980692288748674,0.30980692288748674,0,0
quarter_volatility2_validated,3469,2025-05-16,2025-05-26,-0.0017462660042188,2025,2025-03-31,learned_vol_interaction,20260912,0.30980692288748674,0.30980692288748674,0,0
quarter_trend2_validated,3474,2025-05-23,2025-06-03,-0.0109216443615366,2025,2025-03-31,learned_vol_interaction,20260912,0.19480935035671804,0.19480935035671804,0,0
quarter_volatility2_validated,3474,2025-05-23,2025-06-03,-0.0109216443615366,2025,2025-03-31,learned_vol_interaction,20260912,0.19480935035671804,0.19480935035671804,0,0
quarter_trend2_validated,3479,2025-05-30,2025-06-09,0.011566574321892,2025,2025-03-31,learned_vol_interaction,20260912,0.15118619506064962,0.15118619506064962,0,1
quarter_volatility2_validated,3479,2025-05-30,2025-06-09,0.011566574321892,2025,2025-03-31,learned_vol_interaction,20260912,0.15118619506064962,0.15118619506064962,0,1
quarter_trend2_validated,3483,2025-06-06,2025-06-16,-0.0062354943524679,2025,2025-03-31,learned_vol_interaction,20260912,0.37427363804780367,0.37427363804780367,0,0
quarter_volatility2_validated,3483,2025-06-06,2025-06-16,-0.0062354943524679,2025,2025-03-31,learned_vol_interaction,20260912,0.37427363804780367,0.37427363804780367,0,0
quarter_trend2_validated,3488,2025-06-13,2025-06-23,-0.005825691168304,2025,2025-03-31,learned_vol_interaction,20260912,0.28249272154558186,0.28249272154558186,0,0
quarter_volatility2_validated,3488,2025-06-13,2025-06-23,-0.005825691168304,2025,2025-03-31,learned_vol_interaction,20260912,0.28249272154558186,0.28249272154558186,0,0
quarter_trend2_validated,3493,2025-06-20,2025-06-30,0.0232670437490374,2025,2025-03-31,learned_vol_interaction,20260912,0.41432413530429735,0.41432413530429735,0,1
quarter_volatility2_validated,3493,2025-06-20,2025-06-30,0.0232670437490374,2025,2025-03-31,learned_vol_interaction,20260912,0.41432413530429735,0.41432413530429735,0,1
quarter_trend2_validated,3498,2025-06-27,2025-07-07,0.0145345648685946,2025,2025-03-31,learned_vol_interaction,20260912,0.527574063118162,0.527574063118162,1,1
quarter_volatility2_validated,3498,2025-06-27,2025-07-07,0.0145345648685946,2025,2025-03-31,learned_vol_interaction,20260912,0.527574063118162,0.527574063118162,1,1
quarter_trend2_validated,3503,2025-07-04,2025-07-14,0.0110426949002964,2025,2025-06-30,learned_vol_interaction,20260912,0.4460138413271689,0.4460138413271689,0,1
quarter_volatility2_validated,3503,2025-07-04,2025-07-14,0.0110426949002964,2025,2025-06-30,learned_vol_interaction,20260912,0.4429397337421643,0.4429397337421643,0,1
quarter_trend2_validated,3508,2025-07-11,2025-07-21,0.0120759671840067,2025,2025-06-30,learned_vol_interaction,20260912,0.5313131532633956,0.5313131532633956,1,1
quarter_volatility2_validated,3508,2025-07-11,2025-07-21,0.0120759671840067,2025,2025-06-30,learned_vol_interaction,20260912,0.5282116925491037,0.5282116925491037,1,1
quarter_trend2_validated,3513,2025-07-18,2025-07-28,0.0143570766898375,2025,2025-06-30,learned_vol_interaction,20260912,0.7086416116210668,0.7086416116210668,1,1
quarter_volatility2_validated,3513,2025-07-18,2025-07-28,0.0143570766898375,2025,2025-06-30,learned_vol_interaction,20260912,0.7060644161521417,0.7060644161521417,1,1
quarter_trend2_validated,3518,2025-07-25,2025-08-04,-0.0218642507630443,2025,2025-06-30,learned_vol_interaction,20260912,0.5244618144098299,0.5244618144098299,1,0
quarter_volatility2_validated,3518,2025-07-25,2025-08-04,-0.0218642507630443,2025,2025-06-30,learned_vol_interaction,20260912,0.5213558593798405,0.5213558593798405,1,0
quarter_trend2_validated,3523,2025-08-01,2025-08-11,0.0179175520190988,2025,2025-06-30,learned_vol_interaction,20260912,0.5580312472539825,0.5580312472539825,1,1
quarter_volatility2_validated,3523,2025-08-01,2025-08-11,0.0179175520190988,2025,2025-06-30,learned_vol_interaction,20260912,0.5549584947764338,0.5549584947764338,1,1
quarter_trend2_validated,3528,2025-08-08,2025-08-18,0.026265786598999,2025,2025-06-30,learned_vol_interaction,20260912,0.25990682624063666,0.25990682624063666,0,1
quarter_volatility2_validated,3528,2025-08-08,2025-08-18,0.026265786598999,2025,2025-06-30,learned_vol_interaction,20260912,0.25751917179423656,0.25751917179423656,0,1
quarter_trend2_validated,3533,2025-08-15,2025-08-25,0.0469483790671487,2025,2025-06-30,learned_vol_interaction,20260912,0.4307306379319456,0.4307306379319456,0,1
quarter_volatility2_validated,3533,2025-08-15,2025-08-25,0.0469483790671487,2025,2025-06-30,learned_vol_interaction,20260912,0.42768054679912526,0.42768054679912526,0,1
quarter_trend2_validated,3538,2025-08-22,2025-09-01,0.0227770368340847,2025,2025-06-30,learned_vol_interaction,20260912,0.3345407523434467,0.3345407523434467,0,1
quarter_volatility2_validated,3538,2025-08-22,2025-09-01,0.0227770368340847,2025,2025-06-30,learned_vol_interaction,20260912,0.3317748273118798,0.3317748273118798,0,1
quarter_trend2_validated,3543,2025-08-29,2025-09-08,-0.0110053842475337,2025,2025-06-30,learned_vol_interaction,20260912,0.6696935042280467,0.6696935042280467,1,0
quarter_volatility2_validated,3543,2025-08-29,2025-09-08,-0.0110053842475337,2025,2025-06-30,learned_vol_interaction,20260912,0.6669337189228184,0.6669337189228184,1,0
quarter_trend2_validated,3548,2025-09-05,2025-09-15,0.0151594857594405,2025,2025-06-30,learned_vol_interaction,20260912,0.4127840561217513,0.4127840561217513,0,1
quarter_volatility2_validated,3548,2025-09-05,2025-09-15,0.0151594857594405,2025,2025-06-30,learned_vol_interaction,20260912,0.4127840561217513,0.4127840561217513,0,1
quarter_trend2_validated,3553,2025-09-12,2025-09-22,-0.0050409160971932,2025,2025-06-30,learned_vol_interaction,20260912,0.6132751573531933,0.6132751573531933,1,0
quarter_volatility2_validated,3553,2025-09-12,2025-09-22,-0.0050409160971932,2025,2025-06-30,learned_vol_interaction,20260912,0.6132751573531933,0.6132751573531933,1,0
quarter_trend2_validated,3558,2025-09-19,2025-09-29,0.0095300784790881,2025,2025-06-30,learned_vol_interaction,20260912,0.3454408676898515,0.3454408676898515,0,1
quarter_volatility2_validated,3558,2025-09-19,2025-09-29,0.0095300784790881,2025,2025-06-30,learned_vol_interaction,20260912,0.3454408676898515,0.3454408676898515,0,1
quarter_trend2_validated,3563,2025-09-26,2025-10-13,-0.0140855274279203,2025,2025-06-30,learned_vol_interaction,20260912,0.49682258462544754,0.49682258462544754,0,0
quarter_volatility2_validated,3563,2025-09-26,2025-10-13,-0.0140855274279203,2025,2025-06-30,learned_vol_interaction,20260912,0.49682258462544754,0.49682258462544754,0,0
quarter_trend2_validated,3567,2025-10-10,2025-10-20,0.015001547584321,2025,2025-09-30,learned_vol_interaction,20260912,0.38708416794246603,0.38708416794246603,0,1
quarter_volatility2_validated,3567,2025-10-10,2025-10-20,0.015001547584321,2025,2025-09-30,learned_vol_interaction,20260912,0.38708416794246603,0.38708416794246603,0,1
quarter_trend2_validated,3572,2025-10-17,2025-10-27,0.0309637052897611,2025,2025-09-30,learned_vol_interaction,20260912,0.3157098671172643,0.3157098671172643,0,1
quarter_volatility2_validated,3572,2025-10-17,2025-10-27,0.0309637052897611,2025,2025-09-30,learned_vol_interaction,20260912,0.3157098671172643,0.3157098671172643,0,1
quarter_trend2_validated,3577,2025-10-24,2025-11-03,-0.013331545863497,2025,2025-09-30,learned_vol_interaction,20260912,0.4208911959584494,0.4208911959584494,0,0
quarter_volatility2_validated,3577,2025-10-24,2025-11-03,-0.013331545863497,2025,2025-09-30,learned_vol_interaction,20260912,0.4208911959584494,0.4208911959584494,0,0
quarter_trend2_validated,3582,2025-10-31,2025-11-10,0.0110832418536339,2025,2025-09-30,learned_vol_interaction,20260912,0.3900158389526887,0.3900158389526887,0,1
quarter_volatility2_validated,3582,2025-10-31,2025-11-10,0.0110832418536339,2025,2025-09-30,learned_vol_interaction,20260912,0.3900158389526887,0.3900158389526887,0,1
quarter_trend2_validated,3587,2025-11-07,2025-11-17,-0.0152107881197579,2025,2025-09-30,learned_vol_interaction,20260912,0.659622747508864,0.659622747508864,1,0
quarter_volatility2_validated,3587,2025-11-07,2025-11-17,-0.0152107881197579,2025,2025-09-30,learned_vol_interaction,20260912,0.659622747508864,0.659622747508864,1,0
quarter_trend2_validated,3592,2025-11-14,2025-11-24,-0.031114557454173,2025,2025-09-30,learned_vol_interaction,20260912,0.34326605537210186,0.34326605537210186,0,0
quarter_volatility2_validated,3592,2025-11-14,2025-11-24,-0.031114557454173,2025,2025-09-30,learned_vol_interaction,20260912,0.34326605537210186,0.34326605537210186,0,0
quarter_trend2_validated,3597,2025-11-21,2025-12-01,0.0147613767448515,2025,2025-09-30,learned_vol_interaction,20260912,0.48314566355901645,0.48314566355901645,0,1
quarter_volatility2_validated,3597,2025-11-21,2025-12-01,0.0147613767448515,2025,2025-09-30,learned_vol_interaction,20260912,0.48314566355901645,0.48314566355901645,0,1
quarter_trend2_validated,3602,2025-11-28,2025-12-08,0.0118853804313106,2025,2025-09-30,learned_vol_interaction,20260912,0.41500219502025004,0.41500219502025004,0,1
quarter_volatility2_validated,3602,2025-11-28,2025-12-08,0.0118853804313106,2025,2025-09-30,learned_vol_interaction,20260912,0.41500219502025004,0.41500219502025004,0,1
quarter_trend2_validated,3607,2025-12-05,2025-12-15,-0.0093922675990717,2025,2025-09-30,learned_vol_interaction,20260912,0.4068651499818389,0.4068651499818389,0,0
quarter_volatility2_validated,3607,2025-12-05,2025-12-15,-0.0093922675990717,2025,2025-09-30,learned_vol_interaction,20260912,0.4068651499818389,0.4068651499818389,0,0
quarter_trend2_validated,3612,2025-12-12,2025-12-22,0.0082791208791208,2025,2025-09-30,learned_vol_interaction,20260912,0.616228716247792,0.616228716247792,1,1
quarter_volatility2_validated,3612,2025-12-12,2025-12-22,0.0082791208791208,2025,2025-09-30,learned_vol_interaction,20260912,0.616228716247792,0.616228716247792,1,1
quarter_trend2_validated,3617,2025-12-19,2025-12-29,0.0153890755001995,2025,2025-09-30,learned_vol_interaction,20260912,0.623898158108595,0.623898158108595,1,1
quarter_volatility2_validated,3617,2025-12-19,2025-12-29,0.0153890755001995,2025,2025-09-30,learned_vol_interaction,20260912,0.623898158108595,0.623898158108595,1,1
quarter_trend2_validated,3622,2025-12-26,2026-01-12,0.0239101640737868,2025,2025-09-30,learned_vol_interaction,20260912,0.5313345497973928,0.5313345497973928,1,1
quarter_volatility2_validated,3622,2025-12-26,2026-01-12,0.0239101640737868,2025,2025-09-30,learned_vol_interaction,20260912,0.5313345497973928,0.5313345497973928,1,1
quarter_trend2_validated,3384,2025-01-03,2025-01-13,-0.0189486730632231,2025,2024-12-31,learned_order_extension,20260912,0.43188465804609494,0.43188465804609494,0,0
quarter_volatility2_validated,3384,2025-01-03,2025-01-13,-0.0189486730632231,2025,2024-12-31,learned_order_extension,20260912,0.43188465804609494,0.43188465804609494,0,0
quarter_trend2_validated,3389,2025-01-10,2025-01-20,0.0353251773547418,2025,2024-12-31,learned_order_extension,20260912,0.7180313467789317,0.7180313467789317,1,1
quarter_volatility2_validated,3389,2025-01-10,2025-01-20,0.0353251773547418,2025,2024-12-31,learned_order_extension,20260912,0.7180313467789317,0.7180313467789317,1,1
quarter_trend2_validated,3394,2025-01-17,2025-01-27,0.000432821422053,2025,2024-12-31,learned_order_extension,20260912,0.6186516338053223,0.6186516338053223,1,1
quarter_volatility2_validated,3394,2025-01-17,2025-01-27,0.000432821422053,2025,2024-12-31,learned_order_extension,20260912,0.6186516338053223,0.6186516338053223,1,1
quarter_trend2_validated,3399,2025-01-24,2025-02-10,0.0159344898044284,2025,2024-12-31,learned_order_extension,20260912,0.7832822932916682,0.7832822932916682,1,1
quarter_volatility2_validated,3399,2025-01-24,2025-02-10,0.0159344898044284,2025,2024-12-31,learned_order_extension,20260912,0.7832822932916682,0.7832822932916682,1,1
quarter_trend2_validated,3403,2025-02-07,2025-02-17,0.0144454990892999,2025,2024-12-31,learned_order_extension,20260912,0.7098765758367355,0.7098765758367355,1,1
quarter_volatility2_validated,3403,2025-02-07,2025-02-17,0.0144454990892999,2025,2024-12-31,learned_order_extension,20260912,0.7098765758367355,0.7098765758367355,1,1
quarter_trend2_validated,3408,2025-02-14,2025-02-24,0.0045695818086644,2025,2024-12-31,learned_order_extension,20260912,0.6855283540318028,0.6855283540318028,1,1
quarter_volatility2_validated,3408,2025-02-14,2025-02-24,0.0045695818086644,2025,2024-12-31,learned_order_extension,20260912,0.6855283540318028,0.6855283540318028,1,1
quarter_trend2_validated,3413,2025-02-21,2025-03-03,-0.0183210488158531,2025,2024-12-31,learned_order_extension,20260912,0.40938066472725215,0.40938066472725215,0,0
quarter_volatility2_validated,3413,2025-02-21,2025-03-03,-0.0183210488158531,2025,2024-12-31,learned_order_extension,20260912,0.40938066472725215,0.40938066472725215,0,0
quarter_trend2_validated,3418,2025-02-28,2025-03-10,0.0117650075646844,2025,2024-12-31,learned_order_extension,20260912,0.6433684681685069,0.6433684681685069,1,1
quarter_volatility2_validated,3418,2025-02-28,2025-03-10,0.0117650075646844,2025,2024-12-31,learned_order_extension,20260912,0.6433684681685069,0.6433684681685069,1,1
quarter_trend2_validated,3423,2025-03-07,2025-03-17,0.019023819058288,2025,2024-12-31,learned_order_extension,20260912,0.25002023502263354,0.25002023502263354,0,1
quarter_volatility2_validated,3423,2025-03-07,2025-03-17,0.019023819058288,2025,2024-12-31,learned_order_extension,20260912,0.25002023502263354,0.25002023502263354,0,1
quarter_trend2_validated,3428,2025-03-14,2025-03-24,-0.0259983485216283,2025,2024-12-31,learned_order_extension,20260912,0.7238176657049011,0.7238176657049011,1,0
quarter_volatility2_validated,3428,2025-03-14,2025-03-24,-0.0259983485216283,2025,2024-12-31,learned_order_extension,20260912,0.7238176657049011,0.7238176657049011,1,0
quarter_trend2_validated,3433,2025-03-21,2025-03-31,-0.0025867506275359,2025,2024-12-31,learned_order_extension,20260912,0.5988742871040955,0.5988742871040955,1,0
quarter_volatility2_validated,3433,2025-03-21,2025-03-31,-0.0025867506275359,2025,2024-12-31,learned_order_extension,20260912,0.5988742871040955,0.5988742871040955,1,0
quarter_trend2_validated,3438,2025-03-28,2025-04-14,-0.0342910101946246,2025,2024-12-31,learned_order_extension,20260912,0.6204095542696454,0.6204095542696454,1,0
quarter_volatility2_validated,3438,2025-03-28,2025-04-14,-0.0342910101946246,2025,2024-12-31,learned_order_extension,20260912,0.6204095542696454,0.6204095542696454,1,0
quarter_trend2_validated,3447,2025-04-11,2025-04-21,-0.0010339232881941,2025,2025-03-31,learned_order_extension,20260912,0.5146965896009417,0.5146965896009417,1,0
quarter_volatility2_validated,3447,2025-04-11,2025-04-21,-0.0010339232881941,2025,2025-03-31,learned_order_extension,20260912,0.5146965896009417,0.5146965896009417,1,0
quarter_trend2_validated,3452,2025-04-18,2025-04-28,0.0048432383085554,2025,2025-03-31,learned_order_extension,20260912,0.6661309990671398,0.6661309990671398,1,1
quarter_volatility2_validated,3452,2025-04-18,2025-04-28,0.0048432383085554,2025,2025-03-31,learned_order_extension,20260912,0.6661309990671398,0.6661309990671398,1,1
quarter_trend2_validated,3457,2025-04-25,2025-05-12,0.02116527880118,2025,2025-03-31,learned_order_extension,20260912,0.4604952035655177,0.4604952035655177,0,1
quarter_volatility2_validated,3457,2025-04-25,2025-05-12,0.02116527880118,2025,2025-03-31,learned_order_extension,20260912,0.4604952035655177,0.4604952035655177,0,1
quarter_trend2_validated,3464,2025-05-09,2025-05-19,0.0041484224873464,2025,2025-03-31,learned_order_extension,20260912,0.21512770114159974,0.21512770114159974,0,1
quarter_volatility2_validated,3464,2025-05-09,2025-05-19,0.0041484224873464,2025,2025-03-31,learned_order_extension,20260912,0.21512770114159974,0.21512770114159974,0,1
quarter_trend2_validated,3469,2025-05-16,2025-05-26,-0.0017462660042188,2025,2025-03-31,learned_order_extension,20260912,0.3277789625470372,0.3277789625470372,0,0
quarter_volatility2_validated,3469,2025-05-16,2025-05-26,-0.0017462660042188,2025,2025-03-31,learned_order_extension,20260912,0.3277789625470372,0.3277789625470372,0,0
quarter_trend2_validated,3474,2025-05-23,2025-06-03,-0.0109216443615366,2025,2025-03-31,learned_order_extension,20260912,0.22531154624064548,0.22531154624064548,0,0
quarter_volatility2_validated,3474,2025-05-23,2025-06-03,-0.0109216443615366,2025,2025-03-31,learned_order_extension,20260912,0.22531154624064548,0.22531154624064548,0,0
quarter_trend2_validated,3479,2025-05-30,2025-06-09,0.011566574321892,2025,2025-03-31,learned_order_extension,20260912,0.20222044538989106,0.20222044538989106,0,1
quarter_volatility2_validated,3479,2025-05-30,2025-06-09,0.011566574321892,2025,2025-03-31,learned_order_extension,20260912,0.20222044538989106,0.20222044538989106,0,1
quarter_trend2_validated,3483,2025-06-06,2025-06-16,-0.0062354943524679,2025,2025-03-31,learned_order_extension,20260912,0.407089298223714,0.407089298223714,0,0
quarter_volatility2_validated,3483,2025-06-06,2025-06-16,-0.0062354943524679,2025,2025-03-31,learned_order_extension,20260912,0.407089298223714,0.407089298223714,0,0
quarter_trend2_validated,3488,2025-06-13,2025-06-23,-0.005825691168304,2025,2025-03-31,learned_order_extension,20260912,0.2982937492446568,0.2982937492446568,0,0
quarter_volatility2_validated,3488,2025-06-13,2025-06-23,-0.005825691168304,2025,2025-03-31,learned_order_extension,20260912,0.2982937492446568,0.2982937492446568,0,0
quarter_trend2_validated,3493,2025-06-20,2025-06-30,0.0232670437490374,2025,2025-03-31,learned_order_extension,20260912,0.4376549986924258,0.4376549986924258,0,1
quarter_volatility2_validated,3493,2025-06-20,2025-06-30,0.0232670437490374,2025,2025-03-31,learned_order_extension,20260912,0.4376549986924258,0.4376549986924258,0,1
quarter_trend2_validated,3498,2025-06-27,2025-07-07,0.0145345648685946,2025,2025-03-31,learned_order_extension,20260912,0.5181270090222981,0.5181270090222981,1,1
quarter_volatility2_validated,3498,2025-06-27,2025-07-07,0.0145345648685946,2025,2025-03-31,learned_order_extension,20260912,0.5181270090222981,0.5181270090222981,1,1
quarter_trend2_validated,3503,2025-07-04,2025-07-14,0.0110426949002964,2025,2025-06-30,learned_order_extension,20260912,0.44975661840836995,0.44975661840836995,0,1
quarter_volatility2_validated,3503,2025-07-04,2025-07-14,0.0110426949002964,2025,2025-06-30,learned_order_extension,20260912,0.4413267652086284,0.4413267652086284,0,1
quarter_trend2_validated,3508,2025-07-11,2025-07-21,0.0120759671840067,2025,2025-06-30,learned_order_extension,20260912,0.5396775320772306,0.5396775320772306,1,1
quarter_volatility2_validated,3508,2025-07-11,2025-07-21,0.0120759671840067,2025,2025-06-30,learned_order_extension,20260912,0.5311893160953991,0.5311893160953991,1,1
quarter_trend2_validated,3513,2025-07-18,2025-07-28,0.0143570766898375,2025,2025-06-30,learned_order_extension,20260912,0.7181896217551942,0.7181896217551942,1,1
quarter_volatility2_validated,3513,2025-07-18,2025-07-28,0.0143570766898375,2025,2025-06-30,learned_order_extension,20260912,0.7112318036888464,0.7112318036888464,1,1
quarter_trend2_validated,3518,2025-07-25,2025-08-04,-0.0218642507630443,2025,2025-06-30,learned_order_extension,20260912,0.4788967000353738,0.4788967000353738,0,0
quarter_volatility2_validated,3518,2025-07-25,2025-08-04,-0.0218642507630443,2025,2025-06-30,learned_order_extension,20260912,0.47038758121723717,0.47038758121723717,0,0
quarter_trend2_validated,3523,2025-08-01,2025-08-11,0.0179175520190988,2025,2025-06-30,learned_order_extension,20260912,0.5048920607412078,0.5048920607412078,1,1
quarter_volatility2_validated,3523,2025-08-01,2025-08-11,0.0179175520190988,2025,2025-06-30,learned_order_extension,20260912,0.4963610111146614,0.4963610111146614,0,1
quarter_trend2_validated,3528,2025-08-08,2025-08-18,0.026265786598999,2025,2025-06-30,learned_order_extension,20260912,0.2671707254058088,0.2671707254058088,0,1
quarter_volatility2_validated,3528,2025-08-08,2025-08-18,0.026265786598999,2025,2025-06-30,learned_order_extension,20260912,0.26054266320648645,0.26054266320648645,0,1
quarter_trend2_validated,3533,2025-08-15,2025-08-25,0.0469483790671487,2025,2025-06-30,learned_order_extension,20260912,0.42899078082677655,0.42899078082677655,0,1
quarter_volatility2_validated,3533,2025-08-15,2025-08-25,0.0469483790671487,2025,2025-06-30,learned_order_extension,20260912,0.4206525942437997,0.4206525942437997,0,1
quarter_trend2_validated,3538,2025-08-22,2025-09-01,0.0227770368340847,2025,2025-06-30,learned_order_extension,20260912,0.3149107808618338,0.3149107808618338,0,1
quarter_volatility2_validated,3538,2025-08-22,2025-09-01,0.0227770368340847,2025,2025-06-30,learned_order_extension,20260912,0.3075954831654598,0.3075954831654598,0,1
quarter_trend2_validated,3543,2025-08-29,2025-09-08,-0.0110053842475337,2025,2025-06-30,learned_order_extension,20260912,0.6822563563025544,0.6822563563025544,1,0
quarter_volatility2_validated,3543,2025-08-29,2025-09-08,-0.0110053842475337,2025,2025-06-30,learned_order_extension,20260912,0.6748130606755909,0.6748130606755909,1,0
quarter_trend2_validated,3548,2025-09-05,2025-09-15,0.0151594857594405,2025,2025-06-30,learned_order_extension,20260912,0.413546101176203,0.413546101176203,0,1
quarter_volatility2_validated,3548,2025-09-05,2025-09-15,0.0151594857594405,2025,2025-06-30,learned_order_extension,20260912,0.413546101176203,0.413546101176203,0,1
quarter_trend2_validated,3553,2025-09-12,2025-09-22,-0.0050409160971932,2025,2025-06-30,learned_order_extension,20260912,0.5955127190576712,0.5955127190576712,1,0
quarter_volatility2_validated,3553,2025-09-12,2025-09-22,-0.0050409160971932,2025,2025-06-30,learned_order_extension,20260912,0.5955127190576712,0.5955127190576712,1,0
quarter_trend2_validated,3558,2025-09-19,2025-09-29,0.0095300784790881,2025,2025-06-30,learned_order_extension,20260912,0.3203365822384075,0.3203365822384075,0,1
quarter_volatility2_validated,3558,2025-09-19,2025-09-29,0.0095300784790881,2025,2025-06-30,learned_order_extension,20260912,0.3203365822384075,0.3203365822384075,0,1
quarter_trend2_validated,3563,2025-09-26,2025-10-13,-0.0140855274279203,2025,2025-06-30,learned_order_extension,20260912,0.49370493999167486,0.49370493999167486,0,0
quarter_volatility2_validated,3563,2025-09-26,2025-10-13,-0.0140855274279203,2025,2025-06-30,learned_order_extension,20260912,0.49370493999167486,0.49370493999167486,0,0
quarter_trend2_validated,3567,2025-10-10,2025-10-20,0.015001547584321,2025,2025-09-30,learned_order_extension,20260912,0.3618256973057808,0.3618256973057808,0,1
quarter_volatility2_validated,3567,2025-10-10,2025-10-20,0.015001547584321,2025,2025-09-30,learned_order_extension,20260912,0.3618256973057808,0.3618256973057808,0,1
quarter_trend2_validated,3572,2025-10-17,2025-10-27,0.0309637052897611,2025,2025-09-30,learned_order_extension,20260912,0.312619869218582,0.312619869218582,0,1
quarter_volatility2_validated,3572,2025-10-17,2025-10-27,0.0309637052897611,2025,2025-09-30,learned_order_extension,20260912,0.312619869218582,0.312619869218582,0,1
quarter_trend2_validated,3577,2025-10-24,2025-11-03,-0.013331545863497,2025,2025-09-30,learned_order_extension,20260912,0.40985370086401507,0.40985370086401507,0,0
quarter_volatility2_validated,3577,2025-10-24,2025-11-03,-0.013331545863497,2025,2025-09-30,learned_order_extension,20260912,0.40985370086401507,0.40985370086401507,0,0
quarter_trend2_validated,3582,2025-10-31,2025-11-10,0.0110832418536339,2025,2025-09-30,learned_order_extension,20260912,0.3627331529148393,0.3627331529148393,0,1
quarter_volatility2_validated,3582,2025-10-31,2025-11-10,0.0110832418536339,2025,2025-09-30,learned_order_extension,20260912,0.3627331529148393,0.3627331529148393,0,1
quarter_trend2_validated,3587,2025-11-07,2025-11-17,-0.0152107881197579,2025,2025-09-30,learned_order_extension,20260912,0.718885721140873,0.718885721140873,1,0
quarter_volatility2_validated,3587,2025-11-07,2025-11-17,-0.0152107881197579,2025,2025-09-30,learned_order_extension,20260912,0.718885721140873,0.718885721140873,1,0
quarter_trend2_validated,3592,2025-11-14,2025-11-24,-0.031114557454173,2025,2025-09-30,learned_order_extension,20260912,0.30698939617400184,0.30698939617400184,0,0
quarter_volatility2_validated,3592,2025-11-14,2025-11-24,-0.031114557454173,2025,2025-09-30,learned_order_extension,20260912,0.30698939617400184,0.30698939617400184,0,0
quarter_trend2_validated,3597,2025-11-21,2025-12-01,0.0147613767448515,2025,2025-09-30,learned_order_extension,20260912,0.5182169356345201,0.5182169356345201,1,1
quarter_volatility2_validated,3597,2025-11-21,2025-12-01,0.0147613767448515,2025,2025-09-30,learned_order_extension,20260912,0.5182169356345201,0.5182169356345201,1,1
quarter_trend2_validated,3602,2025-11-28,2025-12-08,0.0118853804313106,2025,2025-09-30,learned_order_extension,20260912,0.4275392206065502,0.4275392206065502,0,1
quarter_volatility2_validated,3602,2025-11-28,2025-12-08,0.0118853804313106,2025,2025-09-30,learned_order_extension,20260912,0.4275392206065502,0.4275392206065502,0,1
quarter_trend2_validated,3607,2025-12-05,2025-12-15,-0.0093922675990717,2025,2025-09-30,learned_order_extension,20260912,0.4221602938281845,0.4221602938281845,0,0
quarter_volatility2_validated,3607,2025-12-05,2025-12-15,-0.0093922675990717,2025,2025-09-30,learned_order_extension,20260912,0.4221602938281845,0.4221602938281845,0,0
quarter_trend2_validated,3612,2025-12-12,2025-12-22,0.0082791208791208,2025,2025-09-30,learned_order_extension,20260912,0.686955951008886,0.686955951008886,1,1
quarter_volatility2_validated,3612,2025-12-12,2025-12-22,0.0082791208791208,2025,2025-09-30,learned_order_extension,20260912,0.686955951008886,0.686955951008886,1,1
quarter_trend2_validated,3617,2025-12-19,2025-12-29,0.0153890755001995,2025,2025-09-30,learned_order_extension,20260912,0.6978439415509934,0.6978439415509934,1,1
quarter_volatility2_validated,3617,2025-12-19,2025-12-29,0.0153890755001995,2025,2025-09-30,learned_order_extension,20260912,0.6978439415509934,0.6978439415509934,1,1
quarter_trend2_validated,3622,2025-12-26,2026-01-12,0.0239101640737868,2025,2025-09-30,learned_order_extension,20260912,0.5576069048924787,0.5576069048924787,1,1
quarter_volatility2_validated,3622,2025-12-26,2026-01-12,0.0239101640737868,2025,2025-09-30,learned_order_extension,20260912,0.5576069048924787,0.5576069048924787,1,1
quarter_trend2_validated,3384,2025-01-03,2025-01-13,-0.0189486730632231,2025,2024-12-31,learned_order_offset,20260912,0.4326309825835323,0.4326309825835323,0,0
quarter_volatility2_validated,3384,2025-01-03,2025-01-13,-0.0189486730632231,2025,2024-12-31,learned_order_offset,20260912,0.4326309825835323,0.4326309825835323,0,0
quarter_trend2_validated,3389,2025-01-10,2025-01-20,0.0353251773547418,2025,2024-12-31,learned_order_offset,20260912,0.7155096866522207,0.7155096866522207,1,1
quarter_volatility2_validated,3389,2025-01-10,2025-01-20,0.0353251773547418,2025,2024-12-31,learned_order_offset,20260912,0.7155096866522207,0.7155096866522207,1,1
quarter_trend2_validated,3394,2025-01-17,2025-01-27,0.000432821422053,2025,2024-12-31,learned_order_offset,20260912,0.6172483281551261,0.6172483281551261,1,1
quarter_volatility2_validated,3394,2025-01-17,2025-01-27,0.000432821422053,2025,2024-12-31,learned_order_offset,20260912,0.6172483281551261,0.6172483281551261,1,1
quarter_trend2_validated,3399,2025-01-24,2025-02-10,0.0159344898044284,2025,2024-12-31,learned_order_offset,20260912,0.7808632543831274,0.7808632543831274,1,1
quarter_volatility2_validated,3399,2025-01-24,2025-02-10,0.0159344898044284,2025,2024-12-31,learned_order_offset,20260912,0.7808632543831274,0.7808632543831274,1,1
quarter_trend2_validated,3403,2025-02-07,2025-02-17,0.0144454990892999,2025,2024-12-31,learned_order_offset,20260912,0.7081726942730068,0.7081726942730068,1,1
quarter_volatility2_validated,3403,2025-02-07,2025-02-17,0.0144454990892999,2025,2024-12-31,learned_order_offset,20260912,0.7081726942730068,0.7081726942730068,1,1
quarter_trend2_validated,3408,2025-02-14,2025-02-24,0.0045695818086644,2025,2024-12-31,learned_order_offset,20260912,0.6832841057647039,0.6832841057647039,1,1
quarter_volatility2_validated,3408,2025-02-14,2025-02-24,0.0045695818086644,2025,2024-12-31,learned_order_offset,20260912,0.6832841057647039,0.6832841057647039,1,1
quarter_trend2_validated,3413,2025-02-21,2025-03-03,-0.0183210488158531,2025,2024-12-31,learned_order_offset,20260912,0.4117646835265383,0.4117646835265383,0,0
quarter_volatility2_validated,3413,2025-02-21,2025-03-03,-0.0183210488158531,2025,2024-12-31,learned_order_offset,20260912,0.4117646835265383,0.4117646835265383,0,0
quarter_trend2_validated,3418,2025-02-28,2025-03-10,0.0117650075646844,2025,2024-12-31,learned_order_offset,20260912,0.6412881777301309,0.6412881777301309,1,1
quarter_volatility2_validated,3418,2025-02-28,2025-03-10,0.0117650075646844,2025,2024-12-31,learned_order_offset,20260912,0.6412881777301309,0.6412881777301309,1,1
quarter_trend2_validated,3423,2025-03-07,2025-03-17,0.019023819058288,2025,2024-12-31,learned_order_offset,20260912,0.25180315037211576,0.25180315037211576,0,1
quarter_volatility2_validated,3423,2025-03-07,2025-03-17,0.019023819058288,2025,2024-12-31,learned_order_offset,20260912,0.25180315037211576,0.25180315037211576,0,1
quarter_trend2_validated,3428,2025-03-14,2025-03-24,-0.0259983485216283,2025,2024-12-31,learned_order_offset,20260912,0.7172777696525664,0.7172777696525664,1,0
quarter_volatility2_validated,3428,2025-03-14,2025-03-24,-0.0259983485216283,2025,2024-12-31,learned_order_offset,20260912,0.7172777696525664,0.7172777696525664,1,0
quarter_trend2_validated,3433,2025-03-21,2025-03-31,-0.0025867506275359,2025,2024-12-31,learned_order_offset,20260912,0.5938462138293957,0.5938462138293957,1,0
quarter_volatility2_validated,3433,2025-03-21,2025-03-31,-0.0025867506275359,2025,2024-12-31,learned_order_offset,20260912,0.5938462138293957,0.5938462138293957,1,0
quarter_trend2_validated,3438,2025-03-28,2025-04-14,-0.0342910101946246,2025,2024-12-31,learned_order_offset,20260912,0.6157709090258536,0.6157709090258536,1,0
quarter_volatility2_validated,3438,2025-03-28,2025-04-14,-0.0342910101946246,2025,2024-12-31,learned_order_offset,20260912,0.6157709090258536,0.6157709090258536,1,0
quarter_trend2_validated,3447,2025-04-11,2025-04-21,-0.0010339232881941,2025,2025-03-31,learned_order_offset,20260912,0.5120728879925767,0.5120728879925767,1,0
quarter_volatility2_validated,3447,2025-04-11,2025-04-21,-0.0010339232881941,2025,2025-03-31,learned_order_offset,20260912,0.5120728879925767,0.5120728879925767,1,0
quarter_trend2_validated,3452,2025-04-18,2025-04-28,0.0048432383085554,2025,2025-03-31,learned_order_offset,20260912,0.6635249152228766,0.6635249152228766,1,1
quarter_volatility2_validated,3452,2025-04-18,2025-04-28,0.0048432383085554,2025,2025-03-31,learned_order_offset,20260912,0.6635249152228766,0.6635249152228766,1,1
quarter_trend2_validated,3457,2025-04-25,2025-05-12,0.02116527880118,2025,2025-03-31,learned_order_offset,20260912,0.46286812448480785,0.46286812448480785,0,1
quarter_volatility2_validated,3457,2025-04-25,2025-05-12,0.02116527880118,2025,2025-03-31,learned_order_offset,20260912,0.46286812448480785,0.46286812448480785,0,1
quarter_trend2_validated,3464,2025-05-09,2025-05-19,0.0041484224873464,2025,2025-03-31,learned_order_offset,20260912,0.21962607564301329,0.21962607564301329,0,1
quarter_volatility2_validated,3464,2025-05-09,2025-05-19,0.0041484224873464,2025,2025-03-31,learned_order_offset,20260912,0.21962607564301329,0.21962607564301329,0,1
quarter_trend2_validated,3469,2025-05-16,2025-05-26,-0.0017462660042188,2025,2025-03-31,learned_order_offset,20260912,0.33141150174739936,0.33141150174739936,0,0
quarter_volatility2_validated,3469,2025-05-16,2025-05-26,-0.0017462660042188,2025,2025-03-31,learned_order_offset,20260912,0.33141150174739936,0.33141150174739936,0,0
quarter_trend2_validated,3474,2025-05-23,2025-06-03,-0.0109216443615366,2025,2025-03-31,learned_order_offset,20260912,0.23046429657969508,0.23046429657969508,0,0
quarter_volatility2_validated,3474,2025-05-23,2025-06-03,-0.0109216443615366,2025,2025-03-31,learned_order_offset,20260912,0.23046429657969508,0.23046429657969508,0,0
quarter_trend2_validated,3479,2025-05-30,2025-06-09,0.011566574321892,2025,2025-03-31,learned_order_offset,20260912,0.2076334788658006,0.2076334788658006,0,1
quarter_volatility2_validated,3479,2025-05-30,2025-06-09,0.011566574321892,2025,2025-03-31,learned_order_offset,20260912,0.2076334788658006,0.2076334788658006,0,1
quarter_trend2_validated,3483,2025-06-06,2025-06-16,-0.0062354943524679,2025,2025-03-31,learned_order_offset,20260912,0.4107608831952894,0.4107608831952894,0,0
quarter_volatility2_validated,3483,2025-06-06,2025-06-16,-0.0062354943524679,2025,2025-03-31,learned_order_offset,20260912,0.4107608831952894,0.4107608831952894,0,0
quarter_trend2_validated,3488,2025-06-13,2025-06-23,-0.005825691168304,2025,2025-03-31,learned_order_offset,20260912,0.2988370145555203,0.2988370145555203,0,0
quarter_volatility2_validated,3488,2025-06-13,2025-06-23,-0.005825691168304,2025,2025-03-31,learned_order_offset,20260912,0.2988370145555203,0.2988370145555203,0,0
quarter_trend2_validated,3493,2025-06-20,2025-06-30,0.0232670437490374,2025,2025-03-31,learned_order_offset,20260912,0.4375904241651662,0.4375904241651662,0,1
quarter_volatility2_validated,3493,2025-06-20,2025-06-30,0.0232670437490374,2025,2025-03-31,learned_order_offset,20260912,0.4375904241651662,0.4375904241651662,0,1
quarter_trend2_validated,3498,2025-06-27,2025-07-07,0.0145345648685946,2025,2025-03-31,learned_order_offset,20260912,0.51621490195825,0.51621490195825,1,1
quarter_volatility2_validated,3498,2025-06-27,2025-07-07,0.0145345648685946,2025,2025-03-31,learned_order_offset,20260912,0.51621490195825,0.51621490195825,1,1
quarter_trend2_validated,3503,2025-07-04,2025-07-14,0.0110426949002964,2025,2025-06-30,learned_order_offset,20260912,0.4492168708376479,0.4492168708376479,0,1
quarter_volatility2_validated,3503,2025-07-04,2025-07-14,0.0110426949002964,2025,2025-06-30,learned_order_offset,20260912,0.44055346157670666,0.44055346157670666,0,1
quarter_trend2_validated,3508,2025-07-11,2025-07-21,0.0120759671840067,2025,2025-06-30,learned_order_offset,20260912,0.5370542470526525,0.5370542470526525,1,1
quarter_volatility2_validated,3508,2025-07-11,2025-07-21,0.0120759671840067,2025,2025-06-30,learned_order_offset,20260912,0.5283217553285328,0.5283217553285328,1,1
quarter_trend2_validated,3513,2025-07-18,2025-07-28,0.0143570766898375,2025,2025-06-30,learned_order_offset,20260912,0.7112619395712232,0.7112619395712232,1,1
quarter_volatility2_validated,3513,2025-07-18,2025-07-28,0.0143570766898375,2025,2025-06-30,learned_order_offset,20260912,0.7040044069505764,0.7040044069505764,1,1
quarter_trend2_validated,3518,2025-07-25,2025-08-04,-0.0218642507630443,2025,2025-06-30,learned_order_offset,20260912,0.4726001591921405,0.4726001591921405,0,0
quarter_volatility2_validated,3518,2025-07-25,2025-08-04,-0.0218642507630443,2025,2025-06-30,learned_order_offset,20260912,0.4638655851407091,0.4638655851407091,0,0
quarter_trend2_validated,3523,2025-08-01,2025-08-11,0.0179175520190988,2025,2025-06-30,learned_order_offset,20260912,0.5020957913429207,0.5020957913429207,1,1
quarter_volatility2_validated,3523,2025-08-01,2025-08-11,0.0179175520190988,2025,2025-06-30,learned_order_offset,20260912,0.49332599750625133,0.49332599750625133,0,1
quarter_trend2_validated,3528,2025-08-08,2025-08-18,0.026265786598999,2025,2025-06-30,learned_order_offset,20260912,0.2658596532709608,0.2658596532709608,0,1
quarter_volatility2_validated,3528,2025-08-08,2025-08-18,0.026265786598999,2025,2025-06-30,learned_order_offset,20260912,0.25906911321918996,0.25906911321918996,0,1
quarter_trend2_validated,3533,2025-08-15,2025-08-25,0.0469483790671487,2025,2025-06-30,learned_order_offset,20260912,0.4277797400971979,0.4277797400971979,0,1
quarter_volatility2_validated,3533,2025-08-15,2025-08-25,0.0469483790671487,2025,2025-06-30,learned_order_offset,20260912,0.4192150881364154,0.4192150881364154,0,1
quarter_trend2_validated,3538,2025-08-22,2025-09-01,0.0227770368340847,2025,2025-06-30,learned_order_offset,20260912,0.31588824917538333,0.31588824917538333,0,1
quarter_volatility2_validated,3538,2025-08-22,2025-09-01,0.0227770368340847,2025,2025-06-30,learned_order_offset,20260912,0.30835660338096404,0.30835660338096404,0,1
quarter_trend2_validated,3543,2025-08-29,2025-09-08,-0.0110053842475337,2025,2025-06-30,learned_order_offset,20260912,0.6781481763268534,0.6781481763268534,1,0
quarter_volatility2_validated,3543,2025-08-29,2025-09-08,-0.0110053842475337,2025,2025-06-30,learned_order_offset,20260912,0.6704439675067729,0.6704439675067729,1,0
quarter_trend2_validated,3548,2025-09-05,2025-09-15,0.0151594857594405,2025,2025-06-30,learned_order_offset,20260912,0.41515740085251923,0.41515740085251923,0,1
quarter_volatility2_validated,3548,2025-09-05,2025-09-15,0.0151594857594405,2025,2025-06-30,learned_order_offset,20260912,0.41515740085251923,0.41515740085251923,0,1
quarter_trend2_validated,3553,2025-09-12,2025-09-22,-0.0050409160971932,2025,2025-06-30,learned_order_offset,20260912,0.595827474959161,0.595827474959161,1,0
quarter_volatility2_validated,3553,2025-09-12,2025-09-22,-0.0050409160971932,2025,2025-06-30,learned_order_offset,20260912,0.595827474959161,0.595827474959161,1,0
quarter_trend2_validated,3558,2025-09-19,2025-09-29,0.0095300784790881,2025,2025-06-30,learned_order_offset,20260912,0.32359209816667756,0.32359209816667756,0,1
quarter_volatility2_validated,3558,2025-09-19,2025-09-29,0.0095300784790881,2025,2025-06-30,learned_order_offset,20260912,0.32359209816667756,0.32359209816667756,0,1
quarter_trend2_validated,3563,2025-09-26,2025-10-13,-0.0140855274279203,2025,2025-06-30,learned_order_offset,20260912,0.4955932405531918,0.4955932405531918,0,0
quarter_volatility2_validated,3563,2025-09-26,2025-10-13,-0.0140855274279203,2025,2025-06-30,learned_order_offset,20260912,0.4955932405531918,0.4955932405531918,0,0
quarter_trend2_validated,3567,2025-10-10,2025-10-20,0.015001547584321,2025,2025-09-30,learned_order_offset,20260912,0.3626841037082148,0.3626841037082148,0,1
quarter_volatility2_validated,3567,2025-10-10,2025-10-20,0.015001547584321,2025,2025-09-30,learned_order_offset,20260912,0.3626841037082148,0.3626841037082148,0,1
quarter_trend2_validated,3572,2025-10-17,2025-10-27,0.0309637052897611,2025,2025-09-30,learned_order_offset,20260912,0.3155072074467302,0.3155072074467302,0,1
quarter_volatility2_validated,3572,2025-10-17,2025-10-27,0.0309637052897611,2025,2025-09-30,learned_order_offset,20260912,0.3155072074467302,0.3155072074467302,0,1
quarter_trend2_validated,3577,2025-10-24,2025-11-03,-0.013331545863497,2025,2025-09-30,learned_order_offset,20260912,0.41018847226300936,0.41018847226300936,0,0
quarter_volatility2_validated,3577,2025-10-24,2025-11-03,-0.013331545863497,2025,2025-09-30,learned_order_offset,20260912,0.41018847226300936,0.41018847226300936,0,0
quarter_trend2_validated,3582,2025-10-31,2025-11-10,0.0110832418536339,2025,2025-09-30,learned_order_offset,20260912,0.36389960460436116,0.36389960460436116,0,1
quarter_volatility2_validated,3582,2025-10-31,2025-11-10,0.0110832418536339,2025,2025-09-30,learned_order_offset,20260912,0.36389960460436116,0.36389960460436116,0,1
quarter_trend2_validated,3587,2025-11-07,2025-11-17,-0.0152107881197579,2025,2025-09-30,learned_order_offset,20260912,0.7158905437459984,0.7158905437459984,1,0
quarter_volatility2_validated,3587,2025-11-07,2025-11-17,-0.0152107881197579,2025,2025-09-30,learned_order_offset,20260912,0.7158905437459984,0.7158905437459984,1,0
quarter_trend2_validated,3592,2025-11-14,2025-11-24,-0.031114557454173,2025,2025-09-30,learned_order_offset,20260912,0.30770955732411853,0.30770955732411853,0,0
quarter_volatility2_validated,3592,2025-11-14,2025-11-24,-0.031114557454173,2025,2025-09-30,learned_order_offset,20260912,0.30770955732411853,0.30770955732411853,0,0
quarter_trend2_validated,3597,2025-11-21,2025-12-01,0.0147613767448515,2025,2025-09-30,learned_order_offset,20260912,0.5191415404011084,0.5191415404011084,1,1
quarter_volatility2_validated,3597,2025-11-21,2025-12-01,0.0147613767448515,2025,2025-09-30,learned_order_offset,20260912,0.5191415404011084,0.5191415404011084,1,1
quarter_trend2_validated,3602,2025-11-28,2025-12-08,0.0118853804313106,2025,2025-09-30,learned_order_offset,20260912,0.42732723868442246,0.42732723868442246,0,1
quarter_volatility2_validated,3602,2025-11-28,2025-12-08,0.0118853804313106,2025,2025-09-30,learned_order_offset,20260912,0.42732723868442246,0.42732723868442246,0,1
quarter_trend2_validated,3607,2025-12-05,2025-12-15,-0.0093922675990717,2025,2025-09-30,learned_order_offset,20260912,0.42170161654928456,0.42170161654928456,0,0
quarter_volatility2_validated,3607,2025-12-05,2025-12-15,-0.0093922675990717,2025,2025-09-30,learned_order_offset,20260912,0.42170161654928456,0.42170161654928456,0,0
quarter_trend2_validated,3612,2025-12-12,2025-12-22,0.0082791208791208,2025,2025-09-30,learned_order_offset,20260912,0.6839209467759624,0.6839209467759624,1,1
quarter_volatility2_validated,3612,2025-12-12,2025-12-22,0.0082791208791208,2025,2025-09-30,learned_order_offset,20260912,0.6839209467759624,0.6839209467759624,1,1
quarter_trend2_validated,3617,2025-12-19,2025-12-29,0.0153890755001995,2025,2025-09-30,learned_order_offset,20260912,0.6937306559843779,0.6937306559843779,1,1
quarter_volatility2_validated,3617,2025-12-19,2025-12-29,0.0153890755001995,2025,2025-09-30,learned_order_offset,20260912,0.6937306559843779,0.6937306559843779,1,1
quarter_trend2_validated,3622,2025-12-26,2026-01-12,0.0239101640737868,2025,2025-09-30,learned_order_offset,20260912,0.556765310818863,0.556765310818863,1,1
quarter_volatility2_validated,3622,2025-12-26,2026-01-12,0.0239101640737868,2025,2025-09-30,learned_order_offset,20260912,0.556765310818863,0.556765310818863,1,1
quarter_trend2_validated,3630,2026-01-09,2026-01-19,-0.0103697336282536,2026,2025-12-31,learned_market,20260910,0.5209270458842004,0.5209270458842004,1,0
quarter_volatility2_validated,3630,2026-01-09,2026-01-19,-0.0103697336282536,2026,2025-12-31,learned_market,20260910,0.5209270458842004,0.5209270458842004,1,0
quarter_trend2_validated,3635,2026-01-16,2026-01-26,-0.0010190267764643,2026,2025-12-31,learned_market,20260910,0.5197139065453521,0.5197139065453521,1,0
quarter_volatility2_validated,3635,2026-01-16,2026-01-26,-0.0010190267764643,2026,2025-12-31,learned_market,20260910,0.5197139065453521,0.5197139065453521,1,0
quarter_trend2_validated,3640,2026-01-23,2026-02-02,-0.0087161586128796,2026,2025-12-31,learned_market,20260910,0.2755814653004309,0.2755814653004309,0,0
quarter_volatility2_validated,3640,2026-01-23,2026-02-02,-0.0087161586128796,2026,2025-12-31,learned_market,20260910,0.2755814653004309,0.2755814653004309,0,0
quarter_trend2_validated,3645,2026-01-30,2026-02-09,0.0041482324550519,2026,2025-12-31,learned_market,20260910,0.41561123934774186,0.41561123934774186,0,1
quarter_volatility2_validated,3645,2026-01-30,2026-02-09,0.0041482324550519,2026,2025-12-31,learned_market,20260910,0.41561123934774186,0.41561123934774186,0,1
quarter_trend2_validated,3650,2026-02-06,2026-02-24,0.0071649689901505,2026,2025-12-31,learned_market,20260910,0.5571228245636697,0.5571228245636697,1,1
quarter_volatility2_validated,3650,2026-02-06,2026-02-24,0.0071649689901505,2026,2025-12-31,learned_market,20260910,0.5571228245636697,0.5571228245636697,1,1
quarter_trend2_validated,3655,2026-02-13,2026-03-02,-0.0097920588919678,2026,2025-12-31,learned_market,20260910,0.4304939364707622,0.4304939364707622,0,0
quarter_volatility2_validated,3655,2026-02-13,2026-03-02,-0.0097920588919678,2026,2025-12-31,learned_market,20260910,0.4304939364707622,0.4304939364707622,0,0
quarter_trend2_validated,3659,2026-02-27,2026-03-09,-0.0172526869201304,2026,2025-12-31,learned_market,20260910,0.5160143853208942,0.5160143853208942,1,0
quarter_volatility2_validated,3659,2026-02-27,2026-03-09,-0.0172526869201304,2026,2025-12-31,learned_market,20260910,0.5160143853208942,0.5160143853208942,1,0
quarter_trend2_validated,3664,2026-03-06,2026-03-16,0.0149926634422041,2026,2025-12-31,learned_market,20260910,0.4236869357819852,0.4236869357819852,0,1
quarter_volatility2_validated,3664,2026-03-06,2026-03-16,0.0149926634422041,2026,2025-12-31,learned_market,20260910,0.4236869357819852,0.4236869357819852,0,1
quarter_trend2_validated,3669,2026-03-13,2026-03-23,-0.0364343509194254,2026,2025-12-31,learned_market,20260910,0.40086366037455606,0.40086366037455606,0,0
quarter_volatility2_validated,3669,2026-03-13,2026-03-23,-0.0364343509194254,2026,2025-12-31,learned_market,20260910,0.40086366037455606,0.40086366037455606,0,0
quarter_trend2_validated,3674,2026-03-20,2026-03-30,-0.0083038829988221,2026,2025-12-31,learned_market,20260910,0.43855196230093557,0.43855196230093557,0,0
quarter_volatility2_validated,3674,2026-03-20,2026-03-30,-0.0083038829988221,2026,2025-12-31,learned_market,20260910,0.43855196230093557,0.43855196230093557,0,0
quarter_trend2_validated,3679,2026-03-27,2026-04-07,-0.0035591495694504,2026,2025-12-31,learned_market,20260910,0.5651756750942187,0.5651756750942187,1,0
quarter_volatility2_validated,3679,2026-03-27,2026-04-07,-0.0035591495694504,2026,2025-12-31,learned_market,20260910,0.5651756750942187,0.5651756750942187,1,0
quarter_trend2_validated,3684,2026-04-03,2026-04-13,0.0380736235508991,2026,2026-03-31,learned_market,20260910,0.5135356772227653,0.5135356772227653,1,1
quarter_volatility2_validated,3684,2026-04-03,2026-04-13,0.0380736235508991,2026,2026-03-31,learned_market,20260910,0.5135356772227653,0.5135356772227653,1,1
quarter_trend2_validated,3688,2026-04-10,2026-04-20,0.0242766725964382,2026,2026-03-31,learned_market,20260910,0.4414243711182377,0.4414243711182377,0,1
quarter_volatility2_validated,3688,2026-04-10,2026-04-20,0.0242766725964382,2026,2026-03-31,learned_market,20260910,0.4414243711182377,0.4414243711182377,0,1
quarter_trend2_validated,3693,2026-04-17,2026-04-27,0.010401572188011,2026,2026-03-31,learned_market,20260910,0.5274890760934624,0.5274890760934624,1,1
quarter_volatility2_validated,3693,2026-04-17,2026-04-27,0.010401572188011,2026,2026-03-31,learned_market,20260910,0.5274890760934624,0.5274890760934624,1,1
quarter_trend2_validated,3698,2026-04-24,2026-05-11,0.0263674696524953,2026,2026-03-31,learned_market,20260910,0.5599058490281199,0.5599058490281199,1,1
quarter_volatility2_validated,3698,2026-04-24,2026-05-11,0.0263674696524953,2026,2026-03-31,learned_market,20260910,0.5599058490281199,0.5599058490281199,1,1
quarter_trend2_validated,3705,2026-05-08,2026-05-18,-0.0134529239455926,2026,2026-03-31,learned_market,20260910,0.7550729207988254,0.7550729207988254,1,0
quarter_volatility2_validated,3705,2026-05-08,2026-05-18,-0.0134529239455926,2026,2026-03-31,learned_market,20260910,0.7550729207988254,0.7550729207988254,1,0
quarter_trend2_validated,3710,2026-05-15,2026-05-25,0.0076235492615268,2026,2026-03-31,learned_market,20260910,0.804363668790624,0.804363668790624,1,1
quarter_volatility2_validated,3710,2026-05-15,2026-05-25,0.0076235492615268,2026,2026-03-31,learned_market,20260910,0.804363668790624,0.804363668790624,1,1
quarter_trend2_validated,3715,2026-05-22,2026-06-01,0.005068538126898,2026,2026-03-31,learned_market,20260910,0.34489025597783224,0.34489025597783224,0,1
quarter_volatility2_validated,3715,2026-05-22,2026-06-01,0.005068538126898,2026,2026-03-31,learned_market,20260910,0.34489025597783224,0.34489025597783224,0,1
quarter_trend2_validated,3720,2026-05-29,2026-06-08,-0.039635353927193,2026,2026-03-31,learned_market,20260910,0.4051698015001944,0.4051698015001944,0,0
quarter_volatility2_validated,3720,2026-05-29,2026-06-08,-0.039635353927193,2026,2026-03-31,learned_market,20260910,0.4051698015001944,0.4051698015001944,0,0
quarter_trend2_validated,3725,2026-06-05,2026-06-15,0.0266849782195981,2026,2026-03-31,learned_market,20260910,0.43325058670455674,0.43325058670455674,0,1
quarter_volatility2_validated,3725,2026-06-05,2026-06-15,0.0266849782195981,2026,2026-03-31,learned_market,20260910,0.43325058670455674,0.43325058670455674,0,1
quarter_trend2_validated,3730,2026-06-12,2026-06-29,0.0076098142791176,2026,2026-03-31,learned_market,20260910,0.4284564728112197,0.4284564728112197,0,1
quarter_volatility2_validated,3730,2026-06-12,2026-06-29,0.0076098142791176,2026,2026-03-31,learned_market,20260910,0.4284564728112197,0.4284564728112197,0,1
quarter_trend2_validated,3739,2026-06-26,2026-07-06,0.0005137647861506,2026,2026-03-31,learned_market,20260910,0.5031202151919982,0.5031202151919982,1,1
quarter_volatility2_validated,3739,2026-06-26,2026-07-06,0.0005137647861506,2026,2026-03-31,learned_market,20260910,0.5031202151919982,0.5031202151919982,1,1
quarter_trend2_validated,3744,2026-07-03,2026-07-13,-0.0252847876365399,2026,2026-06-30,learned_market,20260910,0.5293060243995025,0.5293060243995025,1,0
quarter_volatility2_validated,3744,2026-07-03,2026-07-13,-0.0252847876365399,2026,2026-06-30,learned_market,20260910,0.5121496608409457,0.5121496608409457,1,0
quarter_trend2_validated,3749,2026-07-10,2026-07-20,-0.035775397012711,2026,2026-06-30,learned_market,20260910,0.6355913489953969,0.6355913489953969,1,0
quarter_volatility2_validated,3749,2026-07-10,2026-07-20,-0.035775397012711,2026,2026-06-30,learned_market,20260910,0.619524277728825,0.619524277728825,1,0
quarter_trend2_validated,3754,2026-07-17,2026-07-27,0.01756245533441,2026,2026-06-30,learned_market,20260910,0.5449511844259397,0.5449511844259397,1,1
quarter_volatility2_validated,3754,2026-07-17,2026-07-27,0.01756245533441,2026,2026-06-30,learned_market,20260910,0.5693097347312671,0.5693097347312671,1,1
quarter_trend2_validated,3759,2026-07-24,2026-08-03,-0.0202339761556519,2026,2026-06-30,learned_market,20260910,0.5453196593301617,0.5453196593301617,1,0
quarter_volatility2_validated,3759,2026-07-24,2026-08-03,-0.0202339761556519,2026,2026-06-30,learned_market,20260910,0.569674060820761,0.569674060820761,1,0
quarter_trend2_validated,3764,2026-07-31,2026-08-10,0.0300318732435738,2026,2026-06-30,learned_market,20260910,0.2767208007713581,0.2767208007713581,0,1
quarter_volatility2_validated,3764,2026-07-31,2026-08-10,0.0300318732435738,2026,2026-06-30,learned_market,20260910,0.29691282067894087,0.29691282067894087,0,1
quarter_trend2_validated,3769,2026-08-07,2026-08-17,-0.0056482265760339,2026,2026-06-30,learned_market,20260910,0.5027122241666967,0.5027122241666967,1,0
quarter_volatility2_validated,3769,2026-08-07,2026-08-17,-0.0056482265760339,2026,2026-06-30,learned_market,20260910,0.5273708424535488,0.5273708424535488,1,0
quarter_trend2_validated,3774,2026-08-14,2026-08-24,-0.0109860710402629,2026,2026-06-30,learned_market,20260910,0.5310817605680674,0.5310817605680674,1,0
quarter_volatility2_validated,3774,2026-08-14,2026-08-24,-0.0109860710402629,2026,2026-06-30,learned_market,20260910,0.5555772675674947,0.5555772675674947,1,0
quarter_trend2_validated,3779,2026-08-21,2026-08-31,-0.0127592811002066,2026,2026-06-30,learned_market,20260910,0.6651537896005871,0.6651537896005871,1,0
quarter_volatility2_validated,3779,2026-08-21,2026-08-31,-0.0127592811002066,2026,2026-06-30,learned_market,20260910,0.6867762698101523,0.6867762698101523,1,0
quarter_trend2_validated,3630,2026-01-09,2026-01-19,-0.0103697336282536,2026,2025-12-31,learned_vol_interaction,20260910,0.5249822005515526,0.5249822005515526,1,0
quarter_volatility2_validated,3630,2026-01-09,2026-01-19,-0.0103697336282536,2026,2025-12-31,learned_vol_interaction,20260910,0.5249822005515526,0.5249822005515526,1,0
quarter_trend2_validated,3635,2026-01-16,2026-01-26,-0.0010190267764643,2026,2025-12-31,learned_vol_interaction,20260910,0.5217999415123397,0.5217999415123397,1,0
quarter_volatility2_validated,3635,2026-01-16,2026-01-26,-0.0010190267764643,2026,2025-12-31,learned_vol_interaction,20260910,0.5217999415123397,0.5217999415123397,1,0
quarter_trend2_validated,3640,2026-01-23,2026-02-02,-0.0087161586128796,2026,2025-12-31,learned_vol_interaction,20260910,0.2703686171181188,0.2703686171181188,0,0
quarter_volatility2_validated,3640,2026-01-23,2026-02-02,-0.0087161586128796,2026,2025-12-31,learned_vol_interaction,20260910,0.2703686171181188,0.2703686171181188,0,0
quarter_trend2_validated,3645,2026-01-30,2026-02-09,0.0041482324550519,2026,2025-12-31,learned_vol_interaction,20260910,0.4125281641526105,0.4125281641526105,0,1
quarter_volatility2_validated,3645,2026-01-30,2026-02-09,0.0041482324550519,2026,2025-12-31,learned_vol_interaction,20260910,0.4125281641526105,0.4125281641526105,0,1
quarter_trend2_validated,3650,2026-02-06,2026-02-24,0.0071649689901505,2026,2025-12-31,learned_vol_interaction,20260910,0.5560675092745206,0.5560675092745206,1,1
quarter_volatility2_validated,3650,2026-02-06,2026-02-24,0.0071649689901505,2026,2025-12-31,learned_vol_interaction,20260910,0.5560675092745206,0.5560675092745206,1,1
quarter_trend2_validated,3655,2026-02-13,2026-03-02,-0.0097920588919678,2026,2025-12-31,learned_vol_interaction,20260910,0.4244643603856174,0.4244643603856174,0,0
quarter_volatility2_validated,3655,2026-02-13,2026-03-02,-0.0097920588919678,2026,2025-12-31,learned_vol_interaction,20260910,0.4244643603856174,0.4244643603856174,0,0
quarter_trend2_validated,3659,2026-02-27,2026-03-09,-0.0172526869201304,2026,2025-12-31,learned_vol_interaction,20260910,0.5169468531475478,0.5169468531475478,1,0
quarter_volatility2_validated,3659,2026-02-27,2026-03-09,-0.0172526869201304,2026,2025-12-31,learned_vol_interaction,20260910,0.5169468531475478,0.5169468531475478,1,0
quarter_trend2_validated,3664,2026-03-06,2026-03-16,0.0149926634422041,2026,2025-12-31,learned_vol_interaction,20260910,0.42392001130005047,0.42392001130005047,0,1
quarter_volatility2_validated,3664,2026-03-06,2026-03-16,0.0149926634422041,2026,2025-12-31,learned_vol_interaction,20260910,0.42392001130005047,0.42392001130005047,0,1
quarter_trend2_validated,3669,2026-03-13,2026-03-23,-0.0364343509194254,2026,2025-12-31,learned_vol_interaction,20260910,0.3996582436829412,0.3996582436829412,0,0
quarter_volatility2_validated,3669,2026-03-13,2026-03-23,-0.0364343509194254,2026,2025-12-31,learned_vol_interaction,20260910,0.3996582436829412,0.3996582436829412,0,0
quarter_trend2_validated,3674,2026-03-20,2026-03-30,-0.0083038829988221,2026,2025-12-31,learned_vol_interaction,20260910,0.4401239045442557,0.4401239045442557,0,0
quarter_volatility2_validated,3674,2026-03-20,2026-03-30,-0.0083038829988221,2026,2025-12-31,learned_vol_interaction,20260910,0.4401239045442557,0.4401239045442557,0,0
quarter_trend2_validated,3679,2026-03-27,2026-04-07,-0.0035591495694504,2026,2025-12-31,learned_vol_interaction,20260910,0.5634266232389387,0.5634266232389387,1,0
quarter_volatility2_validated,3679,2026-03-27,2026-04-07,-0.0035591495694504,2026,2025-12-31,learned_vol_interaction,20260910,0.5634266232389387,0.5634266232389387,1,0
quarter_trend2_validated,3684,2026-04-03,2026-04-13,0.0380736235508991,2026,2026-03-31,learned_vol_interaction,20260910,0.515659416956686,0.515659416956686,1,1
quarter_volatility2_validated,3684,2026-04-03,2026-04-13,0.0380736235508991,2026,2026-03-31,learned_vol_interaction,20260910,0.515659416956686,0.515659416956686,1,1
quarter_trend2_validated,3688,2026-04-10,2026-04-20,0.0242766725964382,2026,2026-03-31,learned_vol_interaction,20260910,0.4493722448458667,0.4493722448458667,0,1
quarter_volatility2_validated,3688,2026-04-10,2026-04-20,0.0242766725964382,2026,2026-03-31,learned_vol_interaction,20260910,0.4493722448458667,0.4493722448458667,0,1
quarter_trend2_validated,3693,2026-04-17,2026-04-27,0.010401572188011,2026,2026-03-31,learned_vol_interaction,20260910,0.5273621904757047,0.5273621904757047,1,1
quarter_volatility2_validated,3693,2026-04-17,2026-04-27,0.010401572188011,2026,2026-03-31,learned_vol_interaction,20260910,0.5273621904757047,0.5273621904757047,1,1
quarter_trend2_validated,3698,2026-04-24,2026-05-11,0.0263674696524953,2026,2026-03-31,learned_vol_interaction,20260910,0.562569101111175,0.562569101111175,1,1
quarter_volatility2_validated,3698,2026-04-24,2026-05-11,0.0263674696524953,2026,2026-03-31,learned_vol_interaction,20260910,0.562569101111175,0.562569101111175,1,1
quarter_trend2_validated,3705,2026-05-08,2026-05-18,-0.0134529239455926,2026,2026-03-31,learned_vol_interaction,20260910,0.7583539673291619,0.7583539673291619,1,0
quarter_volatility2_validated,3705,2026-05-08,2026-05-18,-0.0134529239455926,2026,2026-03-31,learned_vol_interaction,20260910,0.7583539673291619,0.7583539673291619,1,0
quarter_trend2_validated,3710,2026-05-15,2026-05-25,0.0076235492615268,2026,2026-03-31,learned_vol_interaction,20260910,0.808954967014337,0.808954967014337,1,1
quarter_volatility2_validated,3710,2026-05-15,2026-05-25,0.0076235492615268,2026,2026-03-31,learned_vol_interaction,20260910,0.808954967014337,0.808954967014337,1,1
quarter_trend2_validated,3715,2026-05-22,2026-06-01,0.005068538126898,2026,2026-03-31,learned_vol_interaction,20260910,0.3451660204622861,0.3451660204622861,0,1
quarter_volatility2_validated,3715,2026-05-22,2026-06-01,0.005068538126898,2026,2026-03-31,learned_vol_interaction,20260910,0.3451660204622861,0.3451660204622861,0,1
quarter_trend2_validated,3720,2026-05-29,2026-06-08,-0.039635353927193,2026,2026-03-31,learned_vol_interaction,20260910,0.40602485778719405,0.40602485778719405,0,0
quarter_volatility2_validated,3720,2026-05-29,2026-06-08,-0.039635353927193,2026,2026-03-31,learned_vol_interaction,20260910,0.40602485778719405,0.40602485778719405,0,0
quarter_trend2_validated,3725,2026-06-05,2026-06-15,0.0266849782195981,2026,2026-03-31,learned_vol_interaction,20260910,0.432960289448338,0.432960289448338,0,1
quarter_volatility2_validated,3725,2026-06-05,2026-06-15,0.0266849782195981,2026,2026-03-31,learned_vol_interaction,20260910,0.432960289448338,0.432960289448338,0,1
quarter_trend2_validated,3730,2026-06-12,2026-06-29,0.0076098142791176,2026,2026-03-31,learned_vol_interaction,20260910,0.4280160370991171,0.4280160370991171,0,1
quarter_volatility2_validated,3730,2026-06-12,2026-06-29,0.0076098142791176,2026,2026-03-31,learned_vol_interaction,20260910,0.4280160370991171,0.4280160370991171,0,1
quarter_trend2_validated,3739,2026-06-26,2026-07-06,0.0005137647861506,2026,2026-03-31,learned_vol_interaction,20260910,0.5090642838694552,0.5090642838694552,1,1
quarter_volatility2_validated,3739,2026-06-26,2026-07-06,0.0005137647861506,2026,2026-03-31,learned_vol_interaction,20260910,0.5090642838694552,0.5090642838694552,1,1
quarter_trend2_validated,3744,2026-07-03,2026-07-13,-0.0252847876365399,2026,2026-06-30,learned_vol_interaction,20260910,0.5384113579082478,0.5384113579082478,1,0
quarter_volatility2_validated,3744,2026-07-03,2026-07-13,-0.0252847876365399,2026,2026-06-30,learned_vol_interaction,20260910,0.5213615073855554,0.5213615073855554,1,0
quarter_trend2_validated,3749,2026-07-10,2026-07-20,-0.035775397012711,2026,2026-06-30,learned_vol_interaction,20260910,0.6324115948138271,0.6324115948138271,1,0
quarter_volatility2_validated,3749,2026-07-10,2026-07-20,-0.035775397012711,2026,2026-06-30,learned_vol_interaction,20260910,0.6163598357270607,0.6163598357270607,1,0
quarter_trend2_validated,3754,2026-07-17,2026-07-27,0.01756245533441,2026,2026-06-30,learned_vol_interaction,20260910,0.5400320366057051,0.5400320366057051,1,1
quarter_volatility2_validated,3754,2026-07-17,2026-07-27,0.01756245533441,2026,2026-06-30,learned_vol_interaction,20260910,0.5651849922810075,0.5651849922810075,1,1
quarter_trend2_validated,3759,2026-07-24,2026-08-03,-0.0202339761556519,2026,2026-06-30,learned_vol_interaction,20260910,0.5452135003498544,0.5452135003498544,1,0
quarter_volatility2_validated,3759,2026-07-24,2026-08-03,-0.0202339761556519,2026,2026-06-30,learned_vol_interaction,20260910,0.5703085625368581,0.5703085625368581,1,0
quarter_trend2_validated,3764,2026-07-31,2026-08-10,0.0300318732435738,2026,2026-06-30,learned_vol_interaction,20260910,0.2927729237284659,0.2927729237284659,0,1
quarter_volatility2_validated,3764,2026-07-31,2026-08-10,0.0300318732435738,2026,2026-06-30,learned_vol_interaction,20260910,0.3142781431377573,0.3142781431377573,0,1
quarter_trend2_validated,3769,2026-08-07,2026-08-17,-0.0056482265760339,2026,2026-06-30,learned_vol_interaction,20260910,0.5018241632757133,0.5018241632757133,1,0
quarter_volatility2_validated,3769,2026-08-07,2026-08-17,-0.0056482265760339,2026,2026-06-30,learned_vol_interaction,20260910,0.5272373819657102,0.5272373819657102,1,0
quarter_trend2_validated,3774,2026-08-14,2026-08-24,-0.0109860710402629,2026,2026-06-30,learned_vol_interaction,20260910,0.5283667849838735,0.5283667849838735,1,0
quarter_volatility2_validated,3774,2026-08-14,2026-08-24,-0.0109860710402629,2026,2026-06-30,learned_vol_interaction,20260910,0.5536303779103542,0.5536303779103542,1,0
quarter_trend2_validated,3779,2026-08-21,2026-08-31,-0.0127592811002066,2026,2026-06-30,learned_vol_interaction,20260910,0.6645868105074454,0.6645868105074454,1,0
quarter_volatility2_validated,3779,2026-08-21,2026-08-31,-0.0127592811002066,2026,2026-06-30,learned_vol_interaction,20260910,0.6868778577906246,0.6868778577906246,1,0
quarter_trend2_validated,3630,2026-01-09,2026-01-19,-0.0103697336282536,2026,2025-12-31,learned_order_extension,20260910,0.5118603699776423,0.5118603699776423,1,0
quarter_volatility2_validated,3630,2026-01-09,2026-01-19,-0.0103697336282536,2026,2025-12-31,learned_order_extension,20260910,0.5118603699776423,0.5118603699776423,1,0
quarter_trend2_validated,3635,2026-01-16,2026-01-26,-0.0010190267764643,2026,2025-12-31,learned_order_extension,20260910,0.5121161981098539,0.5121161981098539,1,0
quarter_volatility2_validated,3635,2026-01-16,2026-01-26,-0.0010190267764643,2026,2025-12-31,learned_order_extension,20260910,0.5121161981098539,0.5121161981098539,1,0
quarter_trend2_validated,3640,2026-01-23,2026-02-02,-0.0087161586128796,2026,2025-12-31,learned_order_extension,20260910,0.2938325386236829,0.2938325386236829,0,0
quarter_volatility2_validated,3640,2026-01-23,2026-02-02,-0.0087161586128796,2026,2025-12-31,learned_order_extension,20260910,0.2938325386236829,0.2938325386236829,0,0
quarter_trend2_validated,3645,2026-01-30,2026-02-09,0.0041482324550519,2026,2025-12-31,learned_order_extension,20260910,0.43621861720931454,0.43621861720931454,0,1
quarter_volatility2_validated,3645,2026-01-30,2026-02-09,0.0041482324550519,2026,2025-12-31,learned_order_extension,20260910,0.43621861720931454,0.43621861720931454,0,1
quarter_trend2_validated,3650,2026-02-06,2026-02-24,0.0071649689901505,2026,2025-12-31,learned_order_extension,20260910,0.5517322930511716,0.5517322930511716,1,1
quarter_volatility2_validated,3650,2026-02-06,2026-02-24,0.0071649689901505,2026,2025-12-31,learned_order_extension,20260910,0.5517322930511716,0.5517322930511716,1,1
quarter_trend2_validated,3655,2026-02-13,2026-03-02,-0.0097920588919678,2026,2025-12-31,learned_order_extension,20260910,0.4214021419664105,0.4214021419664105,0,0
quarter_volatility2_validated,3655,2026-02-13,2026-03-02,-0.0097920588919678,2026,2025-12-31,learned_order_extension,20260910,0.4214021419664105,0.4214021419664105,0,0
quarter_trend2_validated,3659,2026-02-27,2026-03-09,-0.0172526869201304,2026,2025-12-31,learned_order_extension,20260910,0.5148692090014166,0.5148692090014166,1,0
quarter_volatility2_validated,3659,2026-02-27,2026-03-09,-0.0172526869201304,2026,2025-12-31,learned_order_extension,20260910,0.5148692090014166,0.5148692090014166,1,0
quarter_trend2_validated,3664,2026-03-06,2026-03-16,0.0149926634422041,2026,2025-12-31,learned_order_extension,20260910,0.43198850893548346,0.43198850893548346,0,1
quarter_volatility2_validated,3664,2026-03-06,2026-03-16,0.0149926634422041,2026,2025-12-31,learned_order_extension,20260910,0.43198850893548346,0.43198850893548346,0,1
quarter_trend2_validated,3669,2026-03-13,2026-03-23,-0.0364343509194254,2026,2025-12-31,learned_order_extension,20260910,0.42629911883001154,0.42629911883001154,0,0
quarter_volatility2_validated,3669,2026-03-13,2026-03-23,-0.0364343509194254,2026,2025-12-31,learned_order_extension,20260910,0.42629911883001154,0.42629911883001154,0,0
quarter_trend2_validated,3674,2026-03-20,2026-03-30,-0.0083038829988221,2026,2025-12-31,learned_order_extension,20260910,0.4749564207401761,0.4749564207401761,0,0
quarter_volatility2_validated,3674,2026-03-20,2026-03-30,-0.0083038829988221,2026,2025-12-31,learned_order_extension,20260910,0.4749564207401761,0.4749564207401761,0,0
quarter_trend2_validated,3679,2026-03-27,2026-04-07,-0.0035591495694504,2026,2025-12-31,learned_order_extension,20260910,0.5307522668879032,0.5307522668879032,1,0
quarter_volatility2_validated,3679,2026-03-27,2026-04-07,-0.0035591495694504,2026,2025-12-31,learned_order_extension,20260910,0.5307522668879032,0.5307522668879032,1,0
quarter_trend2_validated,3684,2026-04-03,2026-04-13,0.0380736235508991,2026,2026-03-31,learned_order_extension,20260910,0.4794368120870296,0.4794368120870296,0,1
quarter_volatility2_validated,3684,2026-04-03,2026-04-13,0.0380736235508991,2026,2026-03-31,learned_order_extension,20260910,0.4794368120870296,0.4794368120870296,0,1
quarter_trend2_validated,3688,2026-04-10,2026-04-20,0.0242766725964382,2026,2026-03-31,learned_order_extension,20260910,0.46167487445755256,0.46167487445755256,0,1
quarter_volatility2_validated,3688,2026-04-10,2026-04-20,0.0242766725964382,2026,2026-03-31,learned_order_extension,20260910,0.46167487445755256,0.46167487445755256,0,1
quarter_trend2_validated,3693,2026-04-17,2026-04-27,0.010401572188011,2026,2026-03-31,learned_order_extension,20260910,0.48915840397780913,0.48915840397780913,0,1
quarter_volatility2_validated,3693,2026-04-17,2026-04-27,0.010401572188011,2026,2026-03-31,learned_order_extension,20260910,0.48915840397780913,0.48915840397780913,0,1
quarter_trend2_validated,3698,2026-04-24,2026-05-11,0.0263674696524953,2026,2026-03-31,learned_order_extension,20260910,0.5334939283024217,0.5334939283024217,1,1
quarter_volatility2_validated,3698,2026-04-24,2026-05-11,0.0263674696524953,2026,2026-03-31,learned_order_extension,20260910,0.5334939283024217,0.5334939283024217,1,1
quarter_trend2_validated,3705,2026-05-08,2026-05-18,-0.0134529239455926,2026,2026-03-31,learned_order_extension,20260910,0.6608729457947353,0.6608729457947353,1,0
quarter_volatility2_validated,3705,2026-05-08,2026-05-18,-0.0134529239455926,2026,2026-03-31,learned_order_extension,20260910,0.6608729457947353,0.6608729457947353,1,0
quarter_trend2_validated,3710,2026-05-15,2026-05-25,0.0076235492615268,2026,2026-03-31,learned_order_extension,20260910,0.6621456099988644,0.6621456099988644,1,1
quarter_volatility2_validated,3710,2026-05-15,2026-05-25,0.0076235492615268,2026,2026-03-31,learned_order_extension,20260910,0.6621456099988644,0.6621456099988644,1,1
quarter_trend2_validated,3715,2026-05-22,2026-06-01,0.005068538126898,2026,2026-03-31,learned_order_extension,20260910,0.40802462143294466,0.40802462143294466,0,1
quarter_volatility2_validated,3715,2026-05-22,2026-06-01,0.005068538126898,2026,2026-03-31,learned_order_extension,20260910,0.40802462143294466,0.40802462143294466,0,1
quarter_trend2_validated,3720,2026-05-29,2026-06-08,-0.039635353927193,2026,2026-03-31,learned_order_extension,20260910,0.4710367249905899,0.4710367249905899,0,0
quarter_volatility2_validated,3720,2026-05-29,2026-06-08,-0.039635353927193,2026,2026-03-31,learned_order_extension,20260910,0.4710367249905899,0.4710367249905899,0,0
quarter_trend2_validated,3725,2026-06-05,2026-06-15,0.0266849782195981,2026,2026-03-31,learned_order_extension,20260910,0.4787674603567685,0.4787674603567685,0,1
quarter_volatility2_validated,3725,2026-06-05,2026-06-15,0.0266849782195981,2026,2026-03-31,learned_order_extension,20260910,0.4787674603567685,0.4787674603567685,0,1
quarter_trend2_validated,3730,2026-06-12,2026-06-29,0.0076098142791176,2026,2026-03-31,learned_order_extension,20260910,0.46726942898894935,0.46726942898894935,0,1
quarter_volatility2_validated,3730,2026-06-12,2026-06-29,0.0076098142791176,2026,2026-03-31,learned_order_extension,20260910,0.46726942898894935,0.46726942898894935,0,1
quarter_trend2_validated,3739,2026-06-26,2026-07-06,0.0005137647861506,2026,2026-03-31,learned_order_extension,20260910,0.50390759823315,0.50390759823315,1,1
quarter_volatility2_validated,3739,2026-06-26,2026-07-06,0.0005137647861506,2026,2026-03-31,learned_order_extension,20260910,0.50390759823315,0.50390759823315,1,1
quarter_trend2_validated,3744,2026-07-03,2026-07-13,-0.0252847876365399,2026,2026-06-30,learned_order_extension,20260910,0.5209645843255333,0.5209645843255333,1,0
quarter_volatility2_validated,3744,2026-07-03,2026-07-13,-0.0252847876365399,2026,2026-06-30,learned_order_extension,20260910,0.5209645843255333,0.5209645843255333,1,0
quarter_trend2_validated,3749,2026-07-10,2026-07-20,-0.035775397012711,2026,2026-06-30,learned_order_extension,20260910,0.5454797914275038,0.5454797914275038,1,0
quarter_volatility2_validated,3749,2026-07-10,2026-07-20,-0.035775397012711,2026,2026-06-30,learned_order_extension,20260910,0.5454797914275038,0.5454797914275038,1,0
quarter_trend2_validated,3754,2026-07-17,2026-07-27,0.01756245533441,2026,2026-06-30,learned_order_extension,20260910,0.509635762223466,0.509635762223466,1,1
quarter_volatility2_validated,3754,2026-07-17,2026-07-27,0.01756245533441,2026,2026-06-30,learned_order_extension,20260910,0.509635762223466,0.509635762223466,1,1
quarter_trend2_validated,3759,2026-07-24,2026-08-03,-0.0202339761556519,2026,2026-06-30,learned_order_extension,20260910,0.518520792881256,0.518520792881256,1,0
quarter_volatility2_validated,3759,2026-07-24,2026-08-03,-0.0202339761556519,2026,2026-06-30,learned_order_extension,20260910,0.518520792881256,0.518520792881256,1,0
quarter_trend2_validated,3764,2026-07-31,2026-08-10,0.0300318732435738,2026,2026-06-30,learned_order_extension,20260910,0.36135032927063787,0.36135032927063787,0,1
quarter_volatility2_validated,3764,2026-07-31,2026-08-10,0.0300318732435738,2026,2026-06-30,learned_order_extension,20260910,0.36135032927063787,0.36135032927063787,0,1
quarter_trend2_validated,3769,2026-08-07,2026-08-17,-0.0056482265760339,2026,2026-06-30,learned_order_extension,20260910,0.4821947855603083,0.4821947855603083,0,0
quarter_volatility2_validated,3769,2026-08-07,2026-08-17,-0.0056482265760339,2026,2026-06-30,learned_order_extension,20260910,0.4821947855603083,0.4821947855603083,0,0
quarter_trend2_validated,3774,2026-08-14,2026-08-24,-0.0109860710402629,2026,2026-06-30,learned_order_extension,20260910,0.49567013865267634,0.49567013865267634,0,0
quarter_volatility2_validated,3774,2026-08-14,2026-08-24,-0.0109860710402629,2026,2026-06-30,learned_order_extension,20260910,0.49567013865267634,0.49567013865267634,0,0
quarter_trend2_validated,3779,2026-08-21,2026-08-31,-0.0127592811002066,2026,2026-06-30,learned_order_extension,20260910,0.5942017644460034,0.5942017644460034,1,0
quarter_volatility2_validated,3779,2026-08-21,2026-08-31,-0.0127592811002066,2026,2026-06-30,learned_order_extension,20260910,0.5942017644460034,0.5942017644460034,1,0
quarter_trend2_validated,3630,2026-01-09,2026-01-19,-0.0103697336282536,2026,2025-12-31,learned_order_offset,20260910,0.5108025931769093,0.5108025931769093,1,0
quarter_volatility2_validated,3630,2026-01-09,2026-01-19,-0.0103697336282536,2026,2025-12-31,learned_order_offset,20260910,0.5108025931769093,0.5108025931769093,1,0
quarter_trend2_validated,3635,2026-01-16,2026-01-26,-0.0010190267764643,2026,2025-12-31,learned_order_offset,20260910,0.5113982623384066,0.5113982623384066,1,0
quarter_volatility2_validated,3635,2026-01-16,2026-01-26,-0.0010190267764643,2026,2025-12-31,learned_order_offset,20260910,0.5113982623384066,0.5113982623384066,1,0
quarter_trend2_validated,3640,2026-01-23,2026-02-02,-0.0087161586128796,2026,2025-12-31,learned_order_offset,20260910,0.2944555803643879,0.2944555803643879,0,0
quarter_volatility2_validated,3640,2026-01-23,2026-02-02,-0.0087161586128796,2026,2025-12-31,learned_order_offset,20260910,0.2944555803643879,0.2944555803643879,0,0
quarter_trend2_validated,3645,2026-01-30,2026-02-09,0.0041482324550519,2026,2025-12-31,learned_order_offset,20260910,0.43663121014690576,0.43663121014690576,0,1
quarter_volatility2_validated,3645,2026-01-30,2026-02-09,0.0041482324550519,2026,2025-12-31,learned_order_offset,20260910,0.43663121014690576,0.43663121014690576,0,1
quarter_trend2_validated,3650,2026-02-06,2026-02-24,0.0071649689901505,2026,2025-12-31,learned_order_offset,20260910,0.5521384139661094,0.5521384139661094,1,1
quarter_volatility2_validated,3650,2026-02-06,2026-02-24,0.0071649689901505,2026,2025-12-31,learned_order_offset,20260910,0.5521384139661094,0.5521384139661094,1,1
quarter_trend2_validated,3655,2026-02-13,2026-03-02,-0.0097920588919678,2026,2025-12-31,learned_order_offset,20260910,0.42280069136931375,0.42280069136931375,0,0
quarter_volatility2_validated,3655,2026-02-13,2026-03-02,-0.0097920588919678,2026,2025-12-31,learned_order_offset,20260910,0.42280069136931375,0.42280069136931375,0,0
quarter_trend2_validated,3659,2026-02-27,2026-03-09,-0.0172526869201304,2026,2025-12-31,learned_order_offset,20260910,0.5153156845902671,0.5153156845902671,1,0
quarter_volatility2_validated,3659,2026-02-27,2026-03-09,-0.0172526869201304,2026,2025-12-31,learned_order_offset,20260910,0.5153156845902671,0.5153156845902671,1,0
quarter_trend2_validated,3664,2026-03-06,2026-03-16,0.0149926634422041,2026,2025-12-31,learned_order_offset,20260910,0.43177972341367155,0.43177972341367155,0,1
quarter_volatility2_validated,3664,2026-03-06,2026-03-16,0.0149926634422041,2026,2025-12-31,learned_order_offset,20260910,0.43177972341367155,0.43177972341367155,0,1
quarter_trend2_validated,3669,2026-03-13,2026-03-23,-0.0364343509194254,2026,2025-12-31,learned_order_offset,20260910,0.4256062271162684,0.4256062271162684,0,0
quarter_volatility2_validated,3669,2026-03-13,2026-03-23,-0.0364343509194254,2026,2025-12-31,learned_order_offset,20260910,0.4256062271162684,0.4256062271162684,0,0
quarter_trend2_validated,3674,2026-03-20,2026-03-30,-0.0083038829988221,2026,2025-12-31,learned_order_offset,20260910,0.47357009046646403,0.47357009046646403,0,0
quarter_volatility2_validated,3674,2026-03-20,2026-03-30,-0.0083038829988221,2026,2025-12-31,learned_order_offset,20260910,0.47357009046646403,0.47357009046646403,0,0
quarter_trend2_validated,3679,2026-03-27,2026-04-07,-0.0035591495694504,2026,2025-12-31,learned_order_offset,20260910,0.5299745221118999,0.5299745221118999,1,0
quarter_volatility2_validated,3679,2026-03-27,2026-04-07,-0.0035591495694504,2026,2025-12-31,learned_order_offset,20260910,0.5299745221118999,0.5299745221118999,1,0
quarter_trend2_validated,3684,2026-04-03,2026-04-13,0.0380736235508991,2026,2026-03-31,learned_order_offset,20260910,0.4782165227179181,0.4782165227179181,0,1
quarter_volatility2_validated,3684,2026-04-03,2026-04-13,0.0380736235508991,2026,2026-03-31,learned_order_offset,20260910,0.4782165227179181,0.4782165227179181,0,1
quarter_trend2_validated,3688,2026-04-10,2026-04-20,0.0242766725964382,2026,2026-03-31,learned_order_offset,20260910,0.4615862587370742,0.4615862587370742,0,1
quarter_volatility2_validated,3688,2026-04-10,2026-04-20,0.0242766725964382,2026,2026-03-31,learned_order_offset,20260910,0.4615862587370742,0.4615862587370742,0,1
quarter_trend2_validated,3693,2026-04-17,2026-04-27,0.010401572188011,2026,2026-03-31,learned_order_offset,20260910,0.48781762002384393,0.48781762002384393,0,1
quarter_volatility2_validated,3693,2026-04-17,2026-04-27,0.010401572188011,2026,2026-03-31,learned_order_offset,20260910,0.48781762002384393,0.48781762002384393,0,1
quarter_trend2_validated,3698,2026-04-24,2026-05-11,0.0263674696524953,2026,2026-03-31,learned_order_offset,20260910,0.5331761180129994,0.5331761180129994,1,1
quarter_volatility2_validated,3698,2026-04-24,2026-05-11,0.0263674696524953,2026,2026-03-31,learned_order_offset,20260910,0.5331761180129994,0.5331761180129994,1,1
quarter_trend2_validated,3705,2026-05-08,2026-05-18,-0.0134529239455926,2026,2026-03-31,learned_order_offset,20260910,0.6596035363014215,0.6596035363014215,1,0
quarter_volatility2_validated,3705,2026-05-08,2026-05-18,-0.0134529239455926,2026,2026-03-31,learned_order_offset,20260910,0.6596035363014215,0.6596035363014215,1,0
quarter_trend2_validated,3710,2026-05-15,2026-05-25,0.0076235492615268,2026,2026-03-31,learned_order_offset,20260910,0.6598534157480438,0.6598534157480438,1,1
quarter_volatility2_validated,3710,2026-05-15,2026-05-25,0.0076235492615268,2026,2026-03-31,learned_order_offset,20260910,0.6598534157480438,0.6598534157480438,1,1
quarter_trend2_validated,3715,2026-05-22,2026-06-01,0.005068538126898,2026,2026-03-31,learned_order_offset,20260910,0.4084421988760729,0.4084421988760729,0,1
quarter_volatility2_validated,3715,2026-05-22,2026-06-01,0.005068538126898,2026,2026-03-31,learned_order_offset,20260910,0.4084421988760729,0.4084421988760729,0,1
quarter_trend2_validated,3720,2026-05-29,2026-06-08,-0.039635353927193,2026,2026-03-31,learned_order_offset,20260910,0.4707708671158844,0.4707708671158844,0,0
quarter_volatility2_validated,3720,2026-05-29,2026-06-08,-0.039635353927193,2026,2026-03-31,learned_order_offset,20260910,0.4707708671158844,0.4707708671158844,0,0
quarter_trend2_validated,3725,2026-06-05,2026-06-15,0.0266849782195981,2026,2026-03-31,learned_order_offset,20260910,0.47868630672112744,0.47868630672112744,0,1
quarter_volatility2_validated,3725,2026-06-05,2026-06-15,0.0266849782195981,2026,2026-03-31,learned_order_offset,20260910,0.47868630672112744,0.47868630672112744,0,1
quarter_trend2_validated,3730,2026-06-12,2026-06-29,0.0076098142791176,2026,2026-03-31,learned_order_offset,20260910,0.46795283108360136,0.46795283108360136,0,1
quarter_volatility2_validated,3730,2026-06-12,2026-06-29,0.0076098142791176,2026,2026-03-31,learned_order_offset,20260910,0.46795283108360136,0.46795283108360136,0,1
quarter_trend2_validated,3739,2026-06-26,2026-07-06,0.0005137647861506,2026,2026-03-31,learned_order_offset,20260910,0.502351064392109,0.502351064392109,1,1
quarter_volatility2_validated,3739,2026-06-26,2026-07-06,0.0005137647861506,2026,2026-03-31,learned_order_offset,20260910,0.502351064392109,0.502351064392109,1,1
quarter_trend2_validated,3744,2026-07-03,2026-07-13,-0.0252847876365399,2026,2026-06-30,learned_order_offset,20260910,0.5200345973909772,0.5200345973909772,1,0
quarter_volatility2_validated,3744,2026-07-03,2026-07-13,-0.0252847876365399,2026,2026-06-30,learned_order_offset,20260910,0.5200345973909772,0.5200345973909772,1,0
quarter_trend2_validated,3749,2026-07-10,2026-07-20,-0.035775397012711,2026,2026-06-30,learned_order_offset,20260910,0.5436950585124818,0.5436950585124818,1,0
quarter_volatility2_validated,3749,2026-07-10,2026-07-20,-0.035775397012711,2026,2026-06-30,learned_order_offset,20260910,0.5436950585124818,0.5436950585124818,1,0
quarter_trend2_validated,3754,2026-07-17,2026-07-27,0.01756245533441,2026,2026-06-30,learned_order_offset,20260910,0.508054785466941,0.508054785466941,1,1
quarter_volatility2_validated,3754,2026-07-17,2026-07-27,0.01756245533441,2026,2026-06-30,learned_order_offset,20260910,0.508054785466941,0.508054785466941,1,1
quarter_trend2_validated,3759,2026-07-24,2026-08-03,-0.0202339761556519,2026,2026-06-30,learned_order_offset,20260910,0.5169961256143539,0.5169961256143539,1,0
quarter_volatility2_validated,3759,2026-07-24,2026-08-03,-0.0202339761556519,2026,2026-06-30,learned_order_offset,20260910,0.5169961256143539,0.5169961256143539,1,0
quarter_trend2_validated,3764,2026-07-31,2026-08-10,0.0300318732435738,2026,2026-06-30,learned_order_offset,20260910,0.3614644685354211,0.3614644685354211,0,1
quarter_volatility2_validated,3764,2026-07-31,2026-08-10,0.0300318732435738,2026,2026-06-30,learned_order_offset,20260910,0.3614644685354211,0.3614644685354211,0,1
quarter_trend2_validated,3769,2026-08-07,2026-08-17,-0.0056482265760339,2026,2026-06-30,learned_order_offset,20260910,0.48135180455157167,0.48135180455157167,0,0
quarter_volatility2_validated,3769,2026-08-07,2026-08-17,-0.0056482265760339,2026,2026-06-30,learned_order_offset,20260910,0.48135180455157167,0.48135180455157167,0,0
quarter_trend2_validated,3774,2026-08-14,2026-08-24,-0.0109860710402629,2026,2026-06-30,learned_order_offset,20260910,0.49538994348876286,0.49538994348876286,0,0
quarter_volatility2_validated,3774,2026-08-14,2026-08-24,-0.0109860710402629,2026,2026-06-30,learned_order_offset,20260910,0.49538994348876286,0.49538994348876286,0,0
quarter_trend2_validated,3779,2026-08-21,2026-08-31,-0.0127592811002066,2026,2026-06-30,learned_order_offset,20260910,0.593020025927001,0.593020025927001,1,0
quarter_volatility2_validated,3779,2026-08-21,2026-08-31,-0.0127592811002066,2026,2026-06-30,learned_order_offset,20260910,0.593020025927001,0.593020025927001,1,0
quarter_trend2_validated,3630,2026-01-09,2026-01-19,-0.0103697336282536,2026,2025-12-31,learned_market,20260911,0.5413510609744506,0.5413510609744506,1,0
quarter_volatility2_validated,3630,2026-01-09,2026-01-19,-0.0103697336282536,2026,2025-12-31,learned_market,20260911,0.5413510609744506,0.5413510609744506,1,0
quarter_trend2_validated,3635,2026-01-16,2026-01-26,-0.0010190267764643,2026,2025-12-31,learned_market,20260911,0.5314359715780813,0.5314359715780813,1,0
quarter_volatility2_validated,3635,2026-01-16,2026-01-26,-0.0010190267764643,2026,2025-12-31,learned_market,20260911,0.5314359715780813,0.5314359715780813,1,0
quarter_trend2_validated,3640,2026-01-23,2026-02-02,-0.0087161586128796,2026,2025-12-31,learned_market,20260911,0.5322660389568398,0.5322660389568398,1,0
quarter_volatility2_validated,3640,2026-01-23,2026-02-02,-0.0087161586128796,2026,2025-12-31,learned_market,20260911,0.5322660389568398,0.5322660389568398,1,0
quarter_trend2_validated,3645,2026-01-30,2026-02-09,0.0041482324550519,2026,2025-12-31,learned_market,20260911,0.45886324630014486,0.45886324630014486,0,1
quarter_volatility2_validated,3645,2026-01-30,2026-02-09,0.0041482324550519,2026,2025-12-31,learned_market,20260911,0.45886324630014486,0.45886324630014486,0,1
quarter_trend2_validated,3650,2026-02-06,2026-02-24,0.0071649689901505,2026,2025-12-31,learned_market,20260911,0.5329149888621901,0.5329149888621901,1,1
quarter_volatility2_validated,3650,2026-02-06,2026-02-24,0.0071649689901505,2026,2025-12-31,learned_market,20260911,0.5329149888621901,0.5329149888621901,1,1
quarter_trend2_validated,3655,2026-02-13,2026-03-02,-0.0097920588919678,2026,2025-12-31,learned_market,20260911,0.5096151640594386,0.5096151640594386,1,0
quarter_volatility2_validated,3655,2026-02-13,2026-03-02,-0.0097920588919678,2026,2025-12-31,learned_market,20260911,0.5096151640594386,0.5096151640594386,1,0
quarter_trend2_validated,3659,2026-02-27,2026-03-09,-0.0172526869201304,2026,2025-12-31,learned_market,20260911,0.5369210179709557,0.5369210179709557,1,0
quarter_volatility2_validated,3659,2026-02-27,2026-03-09,-0.0172526869201304,2026,2025-12-31,learned_market,20260911,0.5369210179709557,0.5369210179709557,1,0
quarter_trend2_validated,3664,2026-03-06,2026-03-16,0.0149926634422041,2026,2025-12-31,learned_market,20260911,0.6237121770434778,0.6237121770434778,1,1
quarter_volatility2_validated,3664,2026-03-06,2026-03-16,0.0149926634422041,2026,2025-12-31,learned_market,20260911,0.6237121770434778,0.6237121770434778,1,1
quarter_trend2_validated,3669,2026-03-13,2026-03-23,-0.0364343509194254,2026,2025-12-31,learned_market,20260911,0.45542191984179375,0.45542191984179375,0,0
quarter_volatility2_validated,3669,2026-03-13,2026-03-23,-0.0364343509194254,2026,2025-12-31,learned_market,20260911,0.45542191984179375,0.45542191984179375,0,0
quarter_trend2_validated,3674,2026-03-20,2026-03-30,-0.0083038829988221,2026,2025-12-31,learned_market,20260911,0.46187353471109566,0.46187353471109566,0,0
quarter_volatility2_validated,3674,2026-03-20,2026-03-30,-0.0083038829988221,2026,2025-12-31,learned_market,20260911,0.46187353471109566,0.46187353471109566,0,0
quarter_trend2_validated,3679,2026-03-27,2026-04-07,-0.0035591495694504,2026,2025-12-31,learned_market,20260911,0.4403313235638202,0.4403313235638202,0,0
quarter_volatility2_validated,3679,2026-03-27,2026-04-07,-0.0035591495694504,2026,2025-12-31,learned_market,20260911,0.4403313235638202,0.4403313235638202,0,0
quarter_trend2_validated,3684,2026-04-03,2026-04-13,0.0380736235508991,2026,2026-03-31,learned_market,20260911,0.4917583888579656,0.4917583888579656,0,1
quarter_volatility2_validated,3684,2026-04-03,2026-04-13,0.0380736235508991,2026,2026-03-31,learned_market,20260911,0.4917583888579656,0.4917583888579656,0,1
quarter_trend2_validated,3688,2026-04-10,2026-04-20,0.0242766725964382,2026,2026-03-31,learned_market,20260911,0.42353463813148706,0.42353463813148706,0,1
quarter_volatility2_validated,3688,2026-04-10,2026-04-20,0.0242766725964382,2026,2026-03-31,learned_market,20260911,0.42353463813148706,0.42353463813148706,0,1
quarter_trend2_validated,3693,2026-04-17,2026-04-27,0.010401572188011,2026,2026-03-31,learned_market,20260911,0.47814615742976047,0.47814615742976047,0,1
quarter_volatility2_validated,3693,2026-04-17,2026-04-27,0.010401572188011,2026,2026-03-31,learned_market,20260911,0.47814615742976047,0.47814615742976047,0,1
quarter_trend2_validated,3698,2026-04-24,2026-05-11,0.0263674696524953,2026,2026-03-31,learned_market,20260911,0.397009215522116,0.397009215522116,0,1
quarter_volatility2_validated,3698,2026-04-24,2026-05-11,0.0263674696524953,2026,2026-03-31,learned_market,20260911,0.397009215522116,0.397009215522116,0,1
quarter_trend2_validated,3705,2026-05-08,2026-05-18,-0.0134529239455926,2026,2026-03-31,learned_market,20260911,0.41986421610847413,0.41986421610847413,0,0
quarter_volatility2_validated,3705,2026-05-08,2026-05-18,-0.0134529239455926,2026,2026-03-31,learned_market,20260911,0.41986421610847413,0.41986421610847413,0,0
quarter_trend2_validated,3710,2026-05-15,2026-05-25,0.0076235492615268,2026,2026-03-31,learned_market,20260911,0.49182407037984965,0.49182407037984965,0,1
quarter_volatility2_validated,3710,2026-05-15,2026-05-25,0.0076235492615268,2026,2026-03-31,learned_market,20260911,0.49182407037984965,0.49182407037984965,0,1
quarter_trend2_validated,3715,2026-05-22,2026-06-01,0.005068538126898,2026,2026-03-31,learned_market,20260911,0.5675464106677375,0.5675464106677375,1,1
quarter_volatility2_validated,3715,2026-05-22,2026-06-01,0.005068538126898,2026,2026-03-31,learned_market,20260911,0.5675464106677375,0.5675464106677375,1,1
quarter_trend2_validated,3720,2026-05-29,2026-06-08,-0.039635353927193,2026,2026-03-31,learned_market,20260911,0.5335990500389893,0.5335990500389893,1,0
quarter_volatility2_validated,3720,2026-05-29,2026-06-08,-0.039635353927193,2026,2026-03-31,learned_market,20260911,0.5335990500389893,0.5335990500389893,1,0
quarter_trend2_validated,3725,2026-06-05,2026-06-15,0.0266849782195981,2026,2026-03-31,learned_market,20260911,0.3985532767602021,0.3985532767602021,0,1
quarter_volatility2_validated,3725,2026-06-05,2026-06-15,0.0266849782195981,2026,2026-03-31,learned_market,20260911,0.3985532767602021,0.3985532767602021,0,1
quarter_trend2_validated,3730,2026-06-12,2026-06-29,0.0076098142791176,2026,2026-03-31,learned_market,20260911,0.3056186128589413,0.3056186128589413,0,1
quarter_volatility2_validated,3730,2026-06-12,2026-06-29,0.0076098142791176,2026,2026-03-31,learned_market,20260911,0.3056186128589413,0.3056186128589413,0,1
quarter_trend2_validated,3739,2026-06-26,2026-07-06,0.0005137647861506,2026,2026-03-31,learned_market,20260911,0.47152715176422977,0.47152715176422977,0,1
quarter_volatility2_validated,3739,2026-06-26,2026-07-06,0.0005137647861506,2026,2026-03-31,learned_market,20260911,0.47152715176422977,0.47152715176422977,0,1
quarter_trend2_validated,3744,2026-07-03,2026-07-13,-0.0252847876365399,2026,2026-06-30,learned_market,20260911,0.5210304122151752,0.5210304122151752,1,0
quarter_volatility2_validated,3744,2026-07-03,2026-07-13,-0.0252847876365399,2026,2026-06-30,learned_market,20260911,0.5029224964603437,0.5029224964603437,1,0
quarter_trend2_validated,3749,2026-07-10,2026-07-20,-0.035775397012711,2026,2026-06-30,learned_market,20260911,0.46037609563204923,0.46037609563204923,0,0
quarter_volatility2_validated,3749,2026-07-10,2026-07-20,-0.035775397012711,2026,2026-06-30,learned_market,20260911,0.4424289979009286,0.4424289979009286,0,0
quarter_trend2_validated,3754,2026-07-17,2026-07-27,0.01756245533441,2026,2026-06-30,learned_market,20260911,0.4469468298475024,0.4469468298475024,0,1
quarter_volatility2_validated,3754,2026-07-17,2026-07-27,0.01756245533441,2026,2026-06-30,learned_market,20260911,0.47281727633741966,0.47281727633741966,0,1
quarter_trend2_validated,3759,2026-07-24,2026-08-03,-0.0202339761556519,2026,2026-06-30,learned_market,20260911,0.4523286144237616,0.4523286144237616,0,0
quarter_volatility2_validated,3759,2026-07-24,2026-08-03,-0.0202339761556519,2026,2026-06-30,learned_market,20260911,0.4782411993661475,0.4782411993661475,0,0
quarter_trend2_validated,3764,2026-07-31,2026-08-10,0.0300318732435738,2026,2026-06-30,learned_market,20260911,0.43916052641204817,0.43916052641204817,0,1
quarter_volatility2_validated,3764,2026-07-31,2026-08-10,0.0300318732435738,2026,2026-06-30,learned_market,20260911,0.46495918375974954,0.46495918375974954,0,1
quarter_trend2_validated,3769,2026-08-07,2026-08-17,-0.0056482265760339,2026,2026-06-30,learned_market,20260911,0.33016870403212256,0.33016870403212256,0,0
quarter_volatility2_validated,3769,2026-08-07,2026-08-17,-0.0056482265760339,2026,2026-06-30,learned_market,20260911,0.35360144935431786,0.35360144935431786,0,0
quarter_trend2_validated,3774,2026-08-14,2026-08-24,-0.0109860710402629,2026,2026-06-30,learned_market,20260911,0.459964206845313,0.459964206845313,0,0
quarter_volatility2_validated,3774,2026-08-14,2026-08-24,-0.0109860710402629,2026,2026-06-30,learned_market,20260911,0.48592610725090013,0.48592610725090013,0,0
quarter_trend2_validated,3779,2026-08-21,2026-08-31,-0.0127592811002066,2026,2026-06-30,learned_market,20260911,0.4343413838297144,0.4343413838297144,0,0
quarter_volatility2_validated,3779,2026-08-21,2026-08-31,-0.0127592811002066,2026,2026-06-30,learned_market,20260911,0.460089184110107,0.460089184110107,0,0
quarter_trend2_validated,3630,2026-01-09,2026-01-19,-0.0103697336282536,2026,2025-12-31,learned_vol_interaction,20260911,0.5419308229071979,0.5419308229071979,1,0
quarter_volatility2_validated,3630,2026-01-09,2026-01-19,-0.0103697336282536,2026,2025-12-31,learned_vol_interaction,20260911,0.5419308229071979,0.5419308229071979,1,0
quarter_trend2_validated,3635,2026-01-16,2026-01-26,-0.0010190267764643,2026,2025-12-31,learned_vol_interaction,20260911,0.5357337652448725,0.5357337652448725,1,0
quarter_volatility2_validated,3635,2026-01-16,2026-01-26,-0.0010190267764643,2026,2025-12-31,learned_vol_interaction,20260911,0.5357337652448725,0.5357337652448725,1,0
quarter_trend2_validated,3640,2026-01-23,2026-02-02,-0.0087161586128796,2026,2025-12-31,learned_vol_interaction,20260911,0.5371665022159147,0.5371665022159147,1,0
quarter_volatility2_validated,3640,2026-01-23,2026-02-02,-0.0087161586128796,2026,2025-12-31,learned_vol_interaction,20260911,0.5371665022159147,0.5371665022159147,1,0
quarter_trend2_validated,3645,2026-01-30,2026-02-09,0.0041482324550519,2026,2025-12-31,learned_vol_interaction,20260911,0.4536669400564477,0.4536669400564477,0,1
quarter_volatility2_validated,3645,2026-01-30,2026-02-09,0.0041482324550519,2026,2025-12-31,learned_vol_interaction,20260911,0.4536669400564477,0.4536669400564477,0,1
quarter_trend2_validated,3650,2026-02-06,2026-02-24,0.0071649689901505,2026,2025-12-31,learned_vol_interaction,20260911,0.535655258471591,0.535655258471591,1,1
quarter_volatility2_validated,3650,2026-02-06,2026-02-24,0.0071649689901505,2026,2025-12-31,learned_vol_interaction,20260911,0.535655258471591,0.535655258471591,1,1
quarter_trend2_validated,3655,2026-02-13,2026-03-02,-0.0097920588919678,2026,2025-12-31,learned_vol_interaction,20260911,0.5053590625088199,0.5053590625088199,1,0
quarter_volatility2_validated,3655,2026-02-13,2026-03-02,-0.0097920588919678,2026,2025-12-31,learned_vol_interaction,20260911,0.5053590625088199,0.5053590625088199,1,0
quarter_trend2_validated,3659,2026-02-27,2026-03-09,-0.0172526869201304,2026,2025-12-31,learned_vol_interaction,20260911,0.5322976681186429,0.5322976681186429,1,0
quarter_volatility2_validated,3659,2026-02-27,2026-03-09,-0.0172526869201304,2026,2025-12-31,learned_vol_interaction,20260911,0.5322976681186429,0.5322976681186429,1,0
quarter_trend2_validated,3664,2026-03-06,2026-03-16,0.0149926634422041,2026,2025-12-31,learned_vol_interaction,20260911,0.6174856955773433,0.6174856955773433,1,1
quarter_volatility2_validated,3664,2026-03-06,2026-03-16,0.0149926634422041,2026,2025-12-31,learned_vol_interaction,20260911,0.6174856955773433,0.6174856955773433,1,1
quarter_trend2_validated,3669,2026-03-13,2026-03-23,-0.0364343509194254,2026,2025-12-31,learned_vol_interaction,20260911,0.44896092371547813,0.44896092371547813,0,0
quarter_volatility2_validated,3669,2026-03-13,2026-03-23,-0.0364343509194254,2026,2025-12-31,learned_vol_interaction,20260911,0.44896092371547813,0.44896092371547813,0,0
quarter_trend2_validated,3674,2026-03-20,2026-03-30,-0.0083038829988221,2026,2025-12-31,learned_vol_interaction,20260911,0.45425867209133697,0.45425867209133697,0,0
quarter_volatility2_validated,3674,2026-03-20,2026-03-30,-0.0083038829988221,2026,2025-12-31,learned_vol_interaction,20260911,0.45425867209133697,0.45425867209133697,0,0
quarter_trend2_validated,3679,2026-03-27,2026-04-07,-0.0035591495694504,2026,2025-12-31,learned_vol_interaction,20260911,0.43340188452247674,0.43340188452247674,0,0
quarter_volatility2_validated,3679,2026-03-27,2026-04-07,-0.0035591495694504,2026,2025-12-31,learned_vol_interaction,20260911,0.43340188452247674,0.43340188452247674,0,0
quarter_trend2_validated,3684,2026-04-03,2026-04-13,0.0380736235508991,2026,2026-03-31,learned_vol_interaction,20260911,0.4940578595412546,0.4940578595412546,0,1
quarter_volatility2_validated,3684,2026-04-03,2026-04-13,0.0380736235508991,2026,2026-03-31,learned_vol_interaction,20260911,0.4940578595412546,0.4940578595412546,0,1
quarter_trend2_validated,3688,2026-04-10,2026-04-20,0.0242766725964382,2026,2026-03-31,learned_vol_interaction,20260911,0.4337471397432452,0.4337471397432452,0,1
quarter_volatility2_validated,3688,2026-04-10,2026-04-20,0.0242766725964382,2026,2026-03-31,learned_vol_interaction,20260911,0.4337471397432452,0.4337471397432452,0,1
quarter_trend2_validated,3693,2026-04-17,2026-04-27,0.010401572188011,2026,2026-03-31,learned_vol_interaction,20260911,0.4850032907922162,0.4850032907922162,0,1
quarter_volatility2_validated,3693,2026-04-17,2026-04-27,0.010401572188011,2026,2026-03-31,learned_vol_interaction,20260911,0.4850032907922162,0.4850032907922162,0,1
quarter_trend2_validated,3698,2026-04-24,2026-05-11,0.0263674696524953,2026,2026-03-31,learned_vol_interaction,20260911,0.4058893273550579,0.4058893273550579,0,1
quarter_volatility2_validated,3698,2026-04-24,2026-05-11,0.0263674696524953,2026,2026-03-31,learned_vol_interaction,20260911,0.4058893273550579,0.4058893273550579,0,1
quarter_trend2_validated,3705,2026-05-08,2026-05-18,-0.0134529239455926,2026,2026-03-31,learned_vol_interaction,20260911,0.42973836440374286,0.42973836440374286,0,0
quarter_volatility2_validated,3705,2026-05-08,2026-05-18,-0.0134529239455926,2026,2026-03-31,learned_vol_interaction,20260911,0.42973836440374286,0.42973836440374286,0,0
quarter_trend2_validated,3710,2026-05-15,2026-05-25,0.0076235492615268,2026,2026-03-31,learned_vol_interaction,20260911,0.4949230127164896,0.4949230127164896,0,1
quarter_volatility2_validated,3710,2026-05-15,2026-05-25,0.0076235492615268,2026,2026-03-31,learned_vol_interaction,20260911,0.4949230127164896,0.4949230127164896,0,1
quarter_trend2_validated,3715,2026-05-22,2026-06-01,0.005068538126898,2026,2026-03-31,learned_vol_interaction,20260911,0.5688910502105043,0.5688910502105043,1,1
quarter_volatility2_validated,3715,2026-05-22,2026-06-01,0.005068538126898,2026,2026-03-31,learned_vol_interaction,20260911,0.5688910502105043,0.5688910502105043,1,1
quarter_trend2_validated,3720,2026-05-29,2026-06-08,-0.039635353927193,2026,2026-03-31,learned_vol_interaction,20260911,0.5277526974219006,0.5277526974219006,1,0
quarter_volatility2_validated,3720,2026-05-29,2026-06-08,-0.039635353927193,2026,2026-03-31,learned_vol_interaction,20260911,0.5277526974219006,0.5277526974219006,1,0
quarter_trend2_validated,3725,2026-06-05,2026-06-15,0.0266849782195981,2026,2026-03-31,learned_vol_interaction,20260911,0.3941068335829671,0.3941068335829671,0,1
quarter_volatility2_validated,3725,2026-06-05,2026-06-15,0.0266849782195981,2026,2026-03-31,learned_vol_interaction,20260911,0.3941068335829671,0.3941068335829671,0,1
quarter_trend2_validated,3730,2026-06-12,2026-06-29,0.0076098142791176,2026,2026-03-31,learned_vol_interaction,20260911,0.3023086014266972,0.3023086014266972,0,1
quarter_volatility2_validated,3730,2026-06-12,2026-06-29,0.0076098142791176,2026,2026-03-31,learned_vol_interaction,20260911,0.3023086014266972,0.3023086014266972,0,1
quarter_trend2_validated,3739,2026-06-26,2026-07-06,0.0005137647861506,2026,2026-03-31,learned_vol_interaction,20260911,0.4831146486882105,0.4831146486882105,0,1
quarter_volatility2_validated,3739,2026-06-26,2026-07-06,0.0005137647861506,2026,2026-03-31,learned_vol_interaction,20260911,0.4831146486882105,0.4831146486882105,0,1
quarter_trend2_validated,3744,2026-07-03,2026-07-13,-0.0252847876365399,2026,2026-06-30,learned_vol_interaction,20260911,0.5435390362517667,0.5435390362517667,1,0
quarter_volatility2_validated,3744,2026-07-03,2026-07-13,-0.0252847876365399,2026,2026-06-30,learned_vol_interaction,20260911,0.5260837025012235,0.5260837025012235,1,0
quarter_trend2_validated,3749,2026-07-10,2026-07-20,-0.035775397012711,2026,2026-06-30,learned_vol_interaction,20260911,0.48703149770941556,0.48703149770941556,0,0
quarter_volatility2_validated,3749,2026-07-10,2026-07-20,-0.035775397012711,2026,2026-06-30,learned_vol_interaction,20260911,0.46952422993889237,0.46952422993889237,0,0
quarter_trend2_validated,3754,2026-07-17,2026-07-27,0.01756245533441,2026,2026-06-30,learned_vol_interaction,20260911,0.4550925466085049,0.4550925466085049,0,1
quarter_volatility2_validated,3754,2026-07-17,2026-07-27,0.01756245533441,2026,2026-06-30,learned_vol_interaction,20260911,0.4821047731860391,0.4821047731860391,0,1
quarter_trend2_validated,3759,2026-07-24,2026-08-03,-0.0202339761556519,2026,2026-06-30,learned_vol_interaction,20260911,0.46430649386915596,0.46430649386915596,0,0
quarter_volatility2_validated,3759,2026-07-24,2026-08-03,-0.0202339761556519,2026,2026-06-30,learned_vol_interaction,20260911,0.4913724510183375,0.4913724510183375,0,0
quarter_trend2_validated,3764,2026-07-31,2026-08-10,0.0300318732435738,2026,2026-06-30,learned_vol_interaction,20260911,0.4507338855746796,0.4507338855746796,0,1
quarter_volatility2_validated,3764,2026-07-31,2026-08-10,0.0300318732435738,2026,2026-06-30,learned_vol_interaction,20260911,0.4777142102476178,0.4777142102476178,0,1
quarter_trend2_validated,3769,2026-08-07,2026-08-17,-0.0056482265760339,2026,2026-06-30,learned_vol_interaction,20260911,0.3598878838643001,0.3598878838643001,0,0
quarter_volatility2_validated,3769,2026-08-07,2026-08-17,-0.0056482265760339,2026,2026-06-30,learned_vol_interaction,20260911,0.38524433768901395,0.38524433768901395,0,0
quarter_trend2_validated,3774,2026-08-14,2026-08-24,-0.0109860710402629,2026,2026-06-30,learned_vol_interaction,20260911,0.4653583842913121,0.4653583842913121,0,0
quarter_volatility2_validated,3774,2026-08-14,2026-08-24,-0.0109860710402629,2026,2026-06-30,learned_vol_interaction,20260911,0.4924292936790104,0.4924292936790104,0,0
quarter_trend2_validated,3779,2026-08-21,2026-08-31,-0.0127592811002066,2026,2026-06-30,learned_vol_interaction,20260911,0.4414273259619546,0.4414273259619546,0,0
quarter_volatility2_validated,3779,2026-08-21,2026-08-31,-0.0127592811002066,2026,2026-06-30,learned_vol_interaction,20260911,0.46832555888755556,0.46832555888755556,0,0
quarter_trend2_validated,3630,2026-01-09,2026-01-19,-0.0103697336282536,2026,2025-12-31,learned_order_extension,20260911,0.5459060256811782,0.5459060256811782,1,0
quarter_volatility2_validated,3630,2026-01-09,2026-01-19,-0.0103697336282536,2026,2025-12-31,learned_order_extension,20260911,0.5459060256811782,0.5459060256811782,1,0
quarter_trend2_validated,3635,2026-01-16,2026-01-26,-0.0010190267764643,2026,2025-12-31,learned_order_extension,20260911,0.5315584772037104,0.5315584772037104,1,0
quarter_volatility2_validated,3635,2026-01-16,2026-01-26,-0.0010190267764643,2026,2025-12-31,learned_order_extension,20260911,0.5315584772037104,0.5315584772037104,1,0
quarter_trend2_validated,3640,2026-01-23,2026-02-02,-0.0087161586128796,2026,2025-12-31,learned_order_extension,20260911,0.5380779045961513,0.5380779045961513,1,0
quarter_volatility2_validated,3640,2026-01-23,2026-02-02,-0.0087161586128796,2026,2025-12-31,learned_order_extension,20260911,0.5380779045961513,0.5380779045961513,1,0
quarter_trend2_validated,3645,2026-01-30,2026-02-09,0.0041482324550519,2026,2025-12-31,learned_order_extension,20260911,0.43274829616923166,0.43274829616923166,0,1
quarter_volatility2_validated,3645,2026-01-30,2026-02-09,0.0041482324550519,2026,2025-12-31,learned_order_extension,20260911,0.43274829616923166,0.43274829616923166,0,1
quarter_trend2_validated,3650,2026-02-06,2026-02-24,0.0071649689901505,2026,2025-12-31,learned_order_extension,20260911,0.5358238036456818,0.5358238036456818,1,1
quarter_volatility2_validated,3650,2026-02-06,2026-02-24,0.0071649689901505,2026,2025-12-31,learned_order_extension,20260911,0.5358238036456818,0.5358238036456818,1,1
quarter_trend2_validated,3655,2026-02-13,2026-03-02,-0.0097920588919678,2026,2025-12-31,learned_order_extension,20260911,0.5188075700840837,0.5188075700840837,1,0
quarter_volatility2_validated,3655,2026-02-13,2026-03-02,-0.0097920588919678,2026,2025-12-31,learned_order_extension,20260911,0.5188075700840837,0.5188075700840837,1,0
quarter_trend2_validated,3659,2026-02-27,2026-03-09,-0.0172526869201304,2026,2025-12-31,learned_order_extension,20260911,0.5395237482049954,0.5395237482049954,1,0
quarter_volatility2_validated,3659,2026-02-27,2026-03-09,-0.0172526869201304,2026,2025-12-31,learned_order_extension,20260911,0.5395237482049954,0.5395237482049954,1,0
quarter_trend2_validated,3664,2026-03-06,2026-03-16,0.0149926634422041,2026,2025-12-31,learned_order_extension,20260911,0.6721134681647395,0.6721134681647395,1,1
quarter_volatility2_validated,3664,2026-03-06,2026-03-16,0.0149926634422041,2026,2025-12-31,learned_order_extension,20260911,0.6721134681647395,0.6721134681647395,1,1
quarter_trend2_validated,3669,2026-03-13,2026-03-23,-0.0364343509194254,2026,2025-12-31,learned_order_extension,20260911,0.44254310728173424,0.44254310728173424,0,0
quarter_volatility2_validated,3669,2026-03-13,2026-03-23,-0.0364343509194254,2026,2025-12-31,learned_order_extension,20260911,0.44254310728173424,0.44254310728173424,0,0
quarter_trend2_validated,3674,2026-03-20,2026-03-30,-0.0083038829988221,2026,2025-12-31,learned_order_extension,20260911,0.4378410999680901,0.4378410999680901,0,0
quarter_volatility2_validated,3674,2026-03-20,2026-03-30,-0.0083038829988221,2026,2025-12-31,learned_order_extension,20260911,0.4378410999680901,0.4378410999680901,0,0
quarter_trend2_validated,3679,2026-03-27,2026-04-07,-0.0035591495694504,2026,2025-12-31,learned_order_extension,20260911,0.4159760364157841,0.4159760364157841,0,0
quarter_volatility2_validated,3679,2026-03-27,2026-04-07,-0.0035591495694504,2026,2025-12-31,learned_order_extension,20260911,0.4159760364157841,0.4159760364157841,0,0
quarter_trend2_validated,3684,2026-04-03,2026-04-13,0.0380736235508991,2026,2026-03-31,learned_order_extension,20260911,0.5225865555186127,0.5225865555186127,1,1
quarter_volatility2_validated,3684,2026-04-03,2026-04-13,0.0380736235508991,2026,2026-03-31,learned_order_extension,20260911,0.5225865555186127,0.5225865555186127,1,1
quarter_trend2_validated,3688,2026-04-10,2026-04-20,0.0242766725964382,2026,2026-03-31,learned_order_extension,20260911,0.3902218447958239,0.3902218447958239,0,1
quarter_volatility2_validated,3688,2026-04-10,2026-04-20,0.0242766725964382,2026,2026-03-31,learned_order_extension,20260911,0.3902218447958239,0.3902218447958239,0,1
quarter_trend2_validated,3693,2026-04-17,2026-04-27,0.010401572188011,2026,2026-03-31,learned_order_extension,20260911,0.47502129653057895,0.47502129653057895,0,1
quarter_volatility2_validated,3693,2026-04-17,2026-04-27,0.010401572188011,2026,2026-03-31,learned_order_extension,20260911,0.47502129653057895,0.47502129653057895,0,1
quarter_trend2_validated,3698,2026-04-24,2026-05-11,0.0263674696524953,2026,2026-03-31,learned_order_extension,20260911,0.3615628091350967,0.3615628091350967,0,1
quarter_volatility2_validated,3698,2026-04-24,2026-05-11,0.0263674696524953,2026,2026-03-31,learned_order_extension,20260911,0.3615628091350967,0.3615628091350967,0,1
quarter_trend2_validated,3705,2026-05-08,2026-05-18,-0.0134529239455926,2026,2026-03-31,learned_order_extension,20260911,0.37473317599903294,0.37473317599903294,0,0
quarter_volatility2_validated,3705,2026-05-08,2026-05-18,-0.0134529239455926,2026,2026-03-31,learned_order_extension,20260911,0.37473317599903294,0.37473317599903294,0,0
quarter_trend2_validated,3710,2026-05-15,2026-05-25,0.0076235492615268,2026,2026-03-31,learned_order_extension,20260911,0.48789190366124763,0.48789190366124763,0,1
quarter_volatility2_validated,3710,2026-05-15,2026-05-25,0.0076235492615268,2026,2026-03-31,learned_order_extension,20260911,0.48789190366124763,0.48789190366124763,0,1
quarter_trend2_validated,3715,2026-05-22,2026-06-01,0.005068538126898,2026,2026-03-31,learned_order_extension,20260911,0.6050079630522534,0.6050079630522534,1,1
quarter_volatility2_validated,3715,2026-05-22,2026-06-01,0.005068538126898,2026,2026-03-31,learned_order_extension,20260911,0.6050079630522534,0.6050079630522534,1,1
quarter_trend2_validated,3720,2026-05-29,2026-06-08,-0.039635353927193,2026,2026-03-31,learned_order_extension,20260911,0.5389218116035444,0.5389218116035444,1,0
quarter_volatility2_validated,3720,2026-05-29,2026-06-08,-0.039635353927193,2026,2026-03-31,learned_order_extension,20260911,0.5389218116035444,0.5389218116035444,1,0
quarter_trend2_validated,3725,2026-06-05,2026-06-15,0.0266849782195981,2026,2026-03-31,learned_order_extension,20260911,0.3259340934446785,0.3259340934446785,0,1
quarter_volatility2_validated,3725,2026-06-05,2026-06-15,0.0266849782195981,2026,2026-03-31,learned_order_extension,20260911,0.3259340934446785,0.3259340934446785,0,1
quarter_trend2_validated,3730,2026-06-12,2026-06-29,0.0076098142791176,2026,2026-03-31,learned_order_extension,20260911,0.20659956001017632,0.20659956001017632,0,1
quarter_volatility2_validated,3730,2026-06-12,2026-06-29,0.0076098142791176,2026,2026-03-31,learned_order_extension,20260911,0.20659956001017632,0.20659956001017632,0,1
quarter_trend2_validated,3739,2026-06-26,2026-07-06,0.0005137647861506,2026,2026-03-31,learned_order_extension,20260911,0.43462554431806527,0.43462554431806527,0,1
quarter_volatility2_validated,3739,2026-06-26,2026-07-06,0.0005137647861506,2026,2026-03-31,learned_order_extension,20260911,0.43462554431806527,0.43462554431806527,0,1
quarter_trend2_validated,3744,2026-07-03,2026-07-13,-0.0252847876365399,2026,2026-06-30,learned_order_extension,20260911,0.4506693788167256,0.4506693788167256,0,0
quarter_volatility2_validated,3744,2026-07-03,2026-07-13,-0.0252847876365399,2026,2026-06-30,learned_order_extension,20260911,0.4506693788167256,0.4506693788167256,0,0
quarter_trend2_validated,3749,2026-07-10,2026-07-20,-0.035775397012711,2026,2026-06-30,learned_order_extension,20260911,0.3824829838916093,0.3824829838916093,0,0
quarter_volatility2_validated,3749,2026-07-10,2026-07-20,-0.035775397012711,2026,2026-06-30,learned_order_extension,20260911,0.3824829838916093,0.3824829838916093,0,0
quarter_trend2_validated,3754,2026-07-17,2026-07-27,0.01756245533441,2026,2026-06-30,learned_order_extension,20260911,0.43688665591392856,0.43688665591392856,0,1
quarter_volatility2_validated,3754,2026-07-17,2026-07-27,0.01756245533441,2026,2026-06-30,learned_order_extension,20260911,0.43688665591392856,0.43688665591392856,0,1
quarter_trend2_validated,3759,2026-07-24,2026-08-03,-0.0202339761556519,2026,2026-06-30,learned_order_extension,20260911,0.44905597298529143,0.44905597298529143,0,0
quarter_volatility2_validated,3759,2026-07-24,2026-08-03,-0.0202339761556519,2026,2026-06-30,learned_order_extension,20260911,0.44905597298529143,0.44905597298529143,0,0
quarter_trend2_validated,3764,2026-07-31,2026-08-10,0.0300318732435738,2026,2026-06-30,learned_order_extension,20260911,0.4331657943702479,0.4331657943702479,0,1
quarter_volatility2_validated,3764,2026-07-31,2026-08-10,0.0300318732435738,2026,2026-06-30,learned_order_extension,20260911,0.4331657943702479,0.4331657943702479,0,1
quarter_trend2_validated,3769,2026-08-07,2026-08-17,-0.0056482265760339,2026,2026-06-30,learned_order_extension,20260911,0.2872017560126486,0.2872017560126486,0,0
quarter_volatility2_validated,3769,2026-08-07,2026-08-17,-0.0056482265760339,2026,2026-06-30,learned_order_extension,20260911,0.2872017560126486,0.2872017560126486,0,0
quarter_trend2_validated,3774,2026-08-14,2026-08-24,-0.0109860710402629,2026,2026-06-30,learned_order_extension,20260911,0.46907910630736294,0.46907910630736294,0,0
quarter_volatility2_validated,3774,2026-08-14,2026-08-24,-0.0109860710402629,2026,2026-06-30,learned_order_extension,20260911,0.46907910630736294,0.46907910630736294,0,0
quarter_trend2_validated,3779,2026-08-21,2026-08-31,-0.0127592811002066,2026,2026-06-30,learned_order_extension,20260911,0.44303971633290073,0.44303971633290073,0,0
quarter_volatility2_validated,3779,2026-08-21,2026-08-31,-0.0127592811002066,2026,2026-06-30,learned_order_extension,20260911,0.44303971633290073,0.44303971633290073,0,0
quarter_trend2_validated,3630,2026-01-09,2026-01-19,-0.0103697336282536,2026,2025-12-31,learned_order_offset,20260911,0.545843670764125,0.545843670764125,1,0
quarter_volatility2_validated,3630,2026-01-09,2026-01-19,-0.0103697336282536,2026,2025-12-31,learned_order_offset,20260911,0.545843670764125,0.545843670764125,1,0
quarter_trend2_validated,3635,2026-01-16,2026-01-26,-0.0010190267764643,2026,2025-12-31,learned_order_offset,20260911,0.5315791456859873,0.5315791456859873,1,0
quarter_volatility2_validated,3635,2026-01-16,2026-01-26,-0.0010190267764643,2026,2025-12-31,learned_order_offset,20260911,0.5315791456859873,0.5315791456859873,1,0
quarter_trend2_validated,3640,2026-01-23,2026-02-02,-0.0087161586128796,2026,2025-12-31,learned_order_offset,20260911,0.5378362799693707,0.5378362799693707,1,0
quarter_volatility2_validated,3640,2026-01-23,2026-02-02,-0.0087161586128796,2026,2025-12-31,learned_order_offset,20260911,0.5378362799693707,0.5378362799693707,1,0
quarter_trend2_validated,3645,2026-01-30,2026-02-09,0.0041482324550519,2026,2025-12-31,learned_order_offset,20260911,0.43267035311859725,0.43267035311859725,0,1
quarter_volatility2_validated,3645,2026-01-30,2026-02-09,0.0041482324550519,2026,2025-12-31,learned_order_offset,20260911,0.43267035311859725,0.43267035311859725,0,1
quarter_trend2_validated,3650,2026-02-06,2026-02-24,0.0071649689901505,2026,2025-12-31,learned_order_offset,20260911,0.5355468761174008,0.5355468761174008,1,1
quarter_volatility2_validated,3650,2026-02-06,2026-02-24,0.0071649689901505,2026,2025-12-31,learned_order_offset,20260911,0.5355468761174008,0.5355468761174008,1,1
quarter_trend2_validated,3655,2026-02-13,2026-03-02,-0.0097920588919678,2026,2025-12-31,learned_order_offset,20260911,0.5185004295200895,0.5185004295200895,1,0
quarter_volatility2_validated,3655,2026-02-13,2026-03-02,-0.0097920588919678,2026,2025-12-31,learned_order_offset,20260911,0.5185004295200895,0.5185004295200895,1,0
quarter_trend2_validated,3659,2026-02-27,2026-03-09,-0.0172526869201304,2026,2025-12-31,learned_order_offset,20260911,0.5394279755034715,0.5394279755034715,1,0
quarter_volatility2_validated,3659,2026-02-27,2026-03-09,-0.0172526869201304,2026,2025-12-31,learned_order_offset,20260911,0.5394279755034715,0.5394279755034715,1,0
quarter_trend2_validated,3664,2026-03-06,2026-03-16,0.0149926634422041,2026,2025-12-31,learned_order_offset,20260911,0.6720878025271129,0.6720878025271129,1,1
quarter_volatility2_validated,3664,2026-03-06,2026-03-16,0.0149926634422041,2026,2025-12-31,learned_order_offset,20260911,0.6720878025271129,0.6720878025271129,1,1
quarter_trend2_validated,3669,2026-03-13,2026-03-23,-0.0364343509194254,2026,2025-12-31,learned_order_offset,20260911,0.44301866763301645,0.44301866763301645,0,0
quarter_volatility2_validated,3669,2026-03-13,2026-03-23,-0.0364343509194254,2026,2025-12-31,learned_order_offset,20260911,0.44301866763301645,0.44301866763301645,0,0
quarter_trend2_validated,3674,2026-03-20,2026-03-30,-0.0083038829988221,2026,2025-12-31,learned_order_offset,20260911,0.4379475907087764,0.4379475907087764,0,0
quarter_volatility2_validated,3674,2026-03-20,2026-03-30,-0.0083038829988221,2026,2025-12-31,learned_order_offset,20260911,0.4379475907087764,0.4379475907087764,0,0
quarter_trend2_validated,3679,2026-03-27,2026-04-07,-0.0035591495694504,2026,2025-12-31,learned_order_offset,20260911,0.4162726411546184,0.4162726411546184,0,0
quarter_volatility2_validated,3679,2026-03-27,2026-04-07,-0.0035591495694504,2026,2025-12-31,learned_order_offset,20260911,0.4162726411546184,0.4162726411546184,0,0
quarter_trend2_validated,3684,2026-04-03,2026-04-13,0.0380736235508991,2026,2026-03-31,learned_order_offset,20260911,0.5224823337812894,0.5224823337812894,1,1
quarter_volatility2_validated,3684,2026-04-03,2026-04-13,0.0380736235508991,2026,2026-03-31,learned_order_offset,20260911,0.5224823337812894,0.5224823337812894,1,1
quarter_trend2_validated,3688,2026-04-10,2026-04-20,0.0242766725964382,2026,2026-03-31,learned_order_offset,20260911,0.3902357573397548,0.3902357573397548,0,1
quarter_volatility2_validated,3688,2026-04-10,2026-04-20,0.0242766725964382,2026,2026-03-31,learned_order_offset,20260911,0.3902357573397548,0.3902357573397548,0,1
quarter_trend2_validated,3693,2026-04-17,2026-04-27,0.010401572188011,2026,2026-03-31,learned_order_offset,20260911,0.47553685695761877,0.47553685695761877,0,1
quarter_volatility2_validated,3693,2026-04-17,2026-04-27,0.010401572188011,2026,2026-03-31,learned_order_offset,20260911,0.47553685695761877,0.47553685695761877,0,1
quarter_trend2_validated,3698,2026-04-24,2026-05-11,0.0263674696524953,2026,2026-03-31,learned_order_offset,20260911,0.3620463682387632,0.3620463682387632,0,1
quarter_volatility2_validated,3698,2026-04-24,2026-05-11,0.0263674696524953,2026,2026-03-31,learned_order_offset,20260911,0.3620463682387632,0.3620463682387632,0,1
quarter_trend2_validated,3705,2026-05-08,2026-05-18,-0.0134529239455926,2026,2026-03-31,learned_order_offset,20260911,0.37506110199237114,0.37506110199237114,0,0
quarter_volatility2_validated,3705,2026-05-08,2026-05-18,-0.0134529239455926,2026,2026-03-31,learned_order_offset,20260911,0.37506110199237114,0.37506110199237114,0,0
quarter_trend2_validated,3710,2026-05-15,2026-05-25,0.0076235492615268,2026,2026-03-31,learned_order_offset,20260911,0.4883726515758041,0.4883726515758041,0,1
quarter_volatility2_validated,3710,2026-05-15,2026-05-25,0.0076235492615268,2026,2026-03-31,learned_order_offset,20260911,0.4883726515758041,0.4883726515758041,0,1
quarter_trend2_validated,3715,2026-05-22,2026-06-01,0.005068538126898,2026,2026-03-31,learned_order_offset,20260911,0.604795171228401,0.604795171228401,1,1
quarter_volatility2_validated,3715,2026-05-22,2026-06-01,0.005068538126898,2026,2026-03-31,learned_order_offset,20260911,0.604795171228401,0.604795171228401,1,1
quarter_trend2_validated,3720,2026-05-29,2026-06-08,-0.039635353927193,2026,2026-03-31,learned_order_offset,20260911,0.539117103351593,0.539117103351593,1,0
quarter_volatility2_validated,3720,2026-05-29,2026-06-08,-0.039635353927193,2026,2026-03-31,learned_order_offset,20260911,0.539117103351593,0.539117103351593,1,0
quarter_trend2_validated,3725,2026-06-05,2026-06-15,0.0266849782195981,2026,2026-03-31,learned_order_offset,20260911,0.32656706271307595,0.32656706271307595,0,1
quarter_volatility2_validated,3725,2026-06-05,2026-06-15,0.0266849782195981,2026,2026-03-31,learned_order_offset,20260911,0.32656706271307595,0.32656706271307595,0,1
quarter_trend2_validated,3730,2026-06-12,2026-06-29,0.0076098142791176,2026,2026-03-31,learned_order_offset,20260911,0.20714161696112363,0.20714161696112363,0,1
quarter_volatility2_validated,3730,2026-06-12,2026-06-29,0.0076098142791176,2026,2026-03-31,learned_order_offset,20260911,0.20714161696112363,0.20714161696112363,0,1
quarter_trend2_validated,3739,2026-06-26,2026-07-06,0.0005137647861506,2026,2026-03-31,learned_order_offset,20260911,0.4347302511570772,0.4347302511570772,0,1
quarter_volatility2_validated,3739,2026-06-26,2026-07-06,0.0005137647861506,2026,2026-03-31,learned_order_offset,20260911,0.4347302511570772,0.4347302511570772,0,1
quarter_trend2_validated,3744,2026-07-03,2026-07-13,-0.0252847876365399,2026,2026-06-30,learned_order_offset,20260911,0.4511056441001019,0.4511056441001019,0,0
quarter_volatility2_validated,3744,2026-07-03,2026-07-13,-0.0252847876365399,2026,2026-06-30,learned_order_offset,20260911,0.4511056441001019,0.4511056441001019,0,0
quarter_trend2_validated,3749,2026-07-10,2026-07-20,-0.035775397012711,2026,2026-06-30,learned_order_offset,20260911,0.3827592265438766,0.3827592265438766,0,0
quarter_volatility2_validated,3749,2026-07-10,2026-07-20,-0.035775397012711,2026,2026-06-30,learned_order_offset,20260911,0.3827592265438766,0.3827592265438766,0,0
quarter_trend2_validated,3754,2026-07-17,2026-07-27,0.01756245533441,2026,2026-06-30,learned_order_offset,20260911,0.43716941946487026,0.43716941946487026,0,1
quarter_volatility2_validated,3754,2026-07-17,2026-07-27,0.01756245533441,2026,2026-06-30,learned_order_offset,20260911,0.43716941946487026,0.43716941946487026,0,1
quarter_trend2_validated,3759,2026-07-24,2026-08-03,-0.0202339761556519,2026,2026-06-30,learned_order_offset,20260911,0.44889763247147363,0.44889763247147363,0,0
quarter_volatility2_validated,3759,2026-07-24,2026-08-03,-0.0202339761556519,2026,2026-06-30,learned_order_offset,20260911,0.44889763247147363,0.44889763247147363,0,0
quarter_trend2_validated,3764,2026-07-31,2026-08-10,0.0300318732435738,2026,2026-06-30,learned_order_offset,20260911,0.43353434012232234,0.43353434012232234,0,1
quarter_volatility2_validated,3764,2026-07-31,2026-08-10,0.0300318732435738,2026,2026-06-30,learned_order_offset,20260911,0.43353434012232234,0.43353434012232234,0,1
quarter_trend2_validated,3769,2026-08-07,2026-08-17,-0.0056482265760339,2026,2026-06-30,learned_order_offset,20260911,0.2875992386914778,0.2875992386914778,0,0
quarter_volatility2_validated,3769,2026-08-07,2026-08-17,-0.0056482265760339,2026,2026-06-30,learned_order_offset,20260911,0.2875992386914778,0.2875992386914778,0,0
quarter_trend2_validated,3774,2026-08-14,2026-08-24,-0.0109860710402629,2026,2026-06-30,learned_order_offset,20260911,0.46970929218369795,0.46970929218369795,0,0
quarter_volatility2_validated,3774,2026-08-14,2026-08-24,-0.0109860710402629,2026,2026-06-30,learned_order_offset,20260911,0.46970929218369795,0.46970929218369795,0,0
quarter_trend2_validated,3779,2026-08-21,2026-08-31,-0.0127592811002066,2026,2026-06-30,learned_order_offset,20260911,0.44364661674139716,0.44364661674139716,0,0
quarter_volatility2_validated,3779,2026-08-21,2026-08-31,-0.0127592811002066,2026,2026-06-30,learned_order_offset,20260911,0.44364661674139716,0.44364661674139716,0,0
quarter_trend2_validated,3630,2026-01-09,2026-01-19,-0.0103697336282536,2026,2025-12-31,learned_market,20260912,0.5119803822427041,0.5119803822427041,1,0
quarter_volatility2_validated,3630,2026-01-09,2026-01-19,-0.0103697336282536,2026,2025-12-31,learned_market,20260912,0.5119803822427041,0.5119803822427041,1,0
quarter_trend2_validated,3635,2026-01-16,2026-01-26,-0.0010190267764643,2026,2025-12-31,learned_market,20260912,0.5563532391014436,0.5563532391014436,1,0
quarter_volatility2_validated,3635,2026-01-16,2026-01-26,-0.0010190267764643,2026,2025-12-31,learned_market,20260912,0.5563532391014436,0.5563532391014436,1,0
quarter_trend2_validated,3640,2026-01-23,2026-02-02,-0.0087161586128796,2026,2025-12-31,learned_market,20260912,0.47986345901765604,0.47986345901765604,0,0
quarter_volatility2_validated,3640,2026-01-23,2026-02-02,-0.0087161586128796,2026,2025-12-31,learned_market,20260912,0.47986345901765604,0.47986345901765604,0,0
quarter_trend2_validated,3645,2026-01-30,2026-02-09,0.0041482324550519,2026,2025-12-31,learned_market,20260912,0.5030177692550698,0.5030177692550698,1,1
quarter_volatility2_validated,3645,2026-01-30,2026-02-09,0.0041482324550519,2026,2025-12-31,learned_market,20260912,0.5030177692550698,0.5030177692550698,1,1
quarter_trend2_validated,3650,2026-02-06,2026-02-24,0.0071649689901505,2026,2025-12-31,learned_market,20260912,0.43906676808287387,0.43906676808287387,0,1
quarter_volatility2_validated,3650,2026-02-06,2026-02-24,0.0071649689901505,2026,2025-12-31,learned_market,20260912,0.43906676808287387,0.43906676808287387,0,1
quarter_trend2_validated,3655,2026-02-13,2026-03-02,-0.0097920588919678,2026,2025-12-31,learned_market,20260912,0.431368044613122,0.431368044613122,0,0
quarter_volatility2_validated,3655,2026-02-13,2026-03-02,-0.0097920588919678,2026,2025-12-31,learned_market,20260912,0.431368044613122,0.431368044613122,0,0
quarter_trend2_validated,3659,2026-02-27,2026-03-09,-0.0172526869201304,2026,2025-12-31,learned_market,20260912,0.48137527566018024,0.48137527566018024,0,0
quarter_volatility2_validated,3659,2026-02-27,2026-03-09,-0.0172526869201304,2026,2025-12-31,learned_market,20260912,0.48137527566018024,0.48137527566018024,0,0
quarter_trend2_validated,3664,2026-03-06,2026-03-16,0.0149926634422041,2026,2025-12-31,learned_market,20260912,0.46731902499821354,0.46731902499821354,0,1
quarter_volatility2_validated,3664,2026-03-06,2026-03-16,0.0149926634422041,2026,2025-12-31,learned_market,20260912,0.46731902499821354,0.46731902499821354,0,1
quarter_trend2_validated,3669,2026-03-13,2026-03-23,-0.0364343509194254,2026,2025-12-31,learned_market,20260912,0.5227160800792146,0.5227160800792146,1,0
quarter_volatility2_validated,3669,2026-03-13,2026-03-23,-0.0364343509194254,2026,2025-12-31,learned_market,20260912,0.5227160800792146,0.5227160800792146,1,0
quarter_trend2_validated,3674,2026-03-20,2026-03-30,-0.0083038829988221,2026,2025-12-31,learned_market,20260912,0.4464645109091068,0.4464645109091068,0,0
quarter_volatility2_validated,3674,2026-03-20,2026-03-30,-0.0083038829988221,2026,2025-12-31,learned_market,20260912,0.4464645109091068,0.4464645109091068,0,0
quarter_trend2_validated,3679,2026-03-27,2026-04-07,-0.0035591495694504,2026,2025-12-31,learned_market,20260912,0.39113208857052434,0.39113208857052434,0,0
quarter_volatility2_validated,3679,2026-03-27,2026-04-07,-0.0035591495694504,2026,2025-12-31,learned_market,20260912,0.39113208857052434,0.39113208857052434,0,0
quarter_trend2_validated,3684,2026-04-03,2026-04-13,0.0380736235508991,2026,2026-03-31,learned_market,20260912,0.42407385697810146,0.42407385697810146,0,1
quarter_volatility2_validated,3684,2026-04-03,2026-04-13,0.0380736235508991,2026,2026-03-31,learned_market,20260912,0.42407385697810146,0.42407385697810146,0,1
quarter_trend2_validated,3688,2026-04-10,2026-04-20,0.0242766725964382,2026,2026-03-31,learned_market,20260912,0.4843345016251858,0.4843345016251858,0,1
quarter_volatility2_validated,3688,2026-04-10,2026-04-20,0.0242766725964382,2026,2026-03-31,learned_market,20260912,0.4843345016251858,0.4843345016251858,0,1
quarter_trend2_validated,3693,2026-04-17,2026-04-27,0.010401572188011,2026,2026-03-31,learned_market,20260912,0.42352930830164365,0.42352930830164365,0,1
quarter_volatility2_validated,3693,2026-04-17,2026-04-27,0.010401572188011,2026,2026-03-31,learned_market,20260912,0.42352930830164365,0.42352930830164365,0,1
quarter_trend2_validated,3698,2026-04-24,2026-05-11,0.0263674696524953,2026,2026-03-31,learned_market,20260912,0.43134778732263795,0.43134778732263795,0,1
quarter_volatility2_validated,3698,2026-04-24,2026-05-11,0.0263674696524953,2026,2026-03-31,learned_market,20260912,0.43134778732263795,0.43134778732263795,0,1
quarter_trend2_validated,3705,2026-05-08,2026-05-18,-0.0134529239455926,2026,2026-03-31,learned_market,20260912,0.47804055860260325,0.47804055860260325,0,0
quarter_volatility2_validated,3705,2026-05-08,2026-05-18,-0.0134529239455926,2026,2026-03-31,learned_market,20260912,0.47804055860260325,0.47804055860260325,0,0
quarter_trend2_validated,3710,2026-05-15,2026-05-25,0.0076235492615268,2026,2026-03-31,learned_market,20260912,0.5242439932504063,0.5242439932504063,1,1
quarter_volatility2_validated,3710,2026-05-15,2026-05-25,0.0076235492615268,2026,2026-03-31,learned_market,20260912,0.5242439932504063,0.5242439932504063,1,1
quarter_trend2_validated,3715,2026-05-22,2026-06-01,0.005068538126898,2026,2026-03-31,learned_market,20260912,0.5118662537721262,0.5118662537721262,1,1
quarter_volatility2_validated,3715,2026-05-22,2026-06-01,0.005068538126898,2026,2026-03-31,learned_market,20260912,0.5118662537721262,0.5118662537721262,1,1
quarter_trend2_validated,3720,2026-05-29,2026-06-08,-0.039635353927193,2026,2026-03-31,learned_market,20260912,0.47332917945413594,0.47332917945413594,0,0
quarter_volatility2_validated,3720,2026-05-29,2026-06-08,-0.039635353927193,2026,2026-03-31,learned_market,20260912,0.47332917945413594,0.47332917945413594,0,0
quarter_trend2_validated,3725,2026-06-05,2026-06-15,0.0266849782195981,2026,2026-03-31,learned_market,20260912,0.46849386998390014,0.46849386998390014,0,1
quarter_volatility2_validated,3725,2026-06-05,2026-06-15,0.0266849782195981,2026,2026-03-31,learned_market,20260912,0.46849386998390014,0.46849386998390014,0,1
quarter_trend2_validated,3730,2026-06-12,2026-06-29,0.0076098142791176,2026,2026-03-31,learned_market,20260912,0.4497314325369085,0.4497314325369085,0,1
quarter_volatility2_validated,3730,2026-06-12,2026-06-29,0.0076098142791176,2026,2026-03-31,learned_market,20260912,0.4497314325369085,0.4497314325369085,0,1
quarter_trend2_validated,3739,2026-06-26,2026-07-06,0.0005137647861506,2026,2026-03-31,learned_market,20260912,0.5338580433420232,0.5338580433420232,1,1
quarter_volatility2_validated,3739,2026-06-26,2026-07-06,0.0005137647861506,2026,2026-03-31,learned_market,20260912,0.5338580433420232,0.5338580433420232,1,1
quarter_trend2_validated,3744,2026-07-03,2026-07-13,-0.0252847876365399,2026,2026-06-30,learned_market,20260912,0.541246759619981,0.541246759619981,1,0
quarter_volatility2_validated,3744,2026-07-03,2026-07-13,-0.0252847876365399,2026,2026-06-30,learned_market,20260912,0.5270345159658529,0.5270345159658529,1,0
quarter_trend2_validated,3749,2026-07-10,2026-07-20,-0.035775397012711,2026,2026-06-30,learned_market,20260912,0.5573775099921217,0.5573775099921217,1,0
quarter_volatility2_validated,3749,2026-07-10,2026-07-20,-0.035775397012711,2026,2026-06-30,learned_market,20260912,0.5432432759744005,0.5432432759744005,1,0
quarter_trend2_validated,3754,2026-07-17,2026-07-27,0.01756245533441,2026,2026-06-30,learned_market,20260912,0.4491236951454709,0.4491236951454709,0,1
quarter_volatility2_validated,3754,2026-07-17,2026-07-27,0.01756245533441,2026,2026-06-30,learned_market,20260912,0.47156316292305434,0.47156316292305434,0,1
quarter_trend2_validated,3759,2026-07-24,2026-08-03,-0.0202339761556519,2026,2026-06-30,learned_market,20260912,0.45912056712344607,0.45912056712344607,0,0
quarter_volatility2_validated,3759,2026-07-24,2026-08-03,-0.0202339761556519,2026,2026-06-30,learned_market,20260912,0.481622826019094,0.481622826019094,0,0
quarter_trend2_validated,3764,2026-07-31,2026-08-10,0.0300318732435738,2026,2026-06-30,learned_market,20260912,0.4747199415260046,0.4747199415260046,0,1
quarter_volatility2_validated,3764,2026-07-31,2026-08-10,0.0300318732435738,2026,2026-06-30,learned_market,20260912,0.49728382427168605,0.49728382427168605,0,1
quarter_trend2_validated,3769,2026-08-07,2026-08-17,-0.0056482265760339,2026,2026-06-30,learned_market,20260912,0.5169922363203473,0.5169922363203473,1,0
quarter_volatility2_validated,3769,2026-08-07,2026-08-17,-0.0056482265760339,2026,2026-06-30,learned_market,20260912,0.5395017199794787,0.5395017199794787,1,0
quarter_trend2_validated,3774,2026-08-14,2026-08-24,-0.0109860710402629,2026,2026-06-30,learned_market,20260912,0.47409296619698144,0.47409296619698144,0,0
quarter_volatility2_validated,3774,2026-08-14,2026-08-24,-0.0109860710402629,2026,2026-06-30,learned_market,20260912,0.4966552249694314,0.4966552249694314,0,0
quarter_trend2_validated,3779,2026-08-21,2026-08-31,-0.0127592811002066,2026,2026-06-30,learned_market,20260912,0.4643846053465112,0.4643846053465112,0,0
quarter_volatility2_validated,3779,2026-08-21,2026-08-31,-0.0127592811002066,2026,2026-06-30,learned_market,20260912,0.48691260639209727,0.48691260639209727,0,0
quarter_trend2_validated,3630,2026-01-09,2026-01-19,-0.0103697336282536,2026,2025-12-31,learned_vol_interaction,20260912,0.5113420632666249,0.5113420632666249,1,0
quarter_volatility2_validated,3630,2026-01-09,2026-01-19,-0.0103697336282536,2026,2025-12-31,learned_vol_interaction,20260912,0.5113420632666249,0.5113420632666249,1,0
quarter_trend2_validated,3635,2026-01-16,2026-01-26,-0.0010190267764643,2026,2025-12-31,learned_vol_interaction,20260912,0.5720485316988371,0.5720485316988371,1,0
quarter_volatility2_validated,3635,2026-01-16,2026-01-26,-0.0010190267764643,2026,2025-12-31,learned_vol_interaction,20260912,0.5720485316988371,0.5720485316988371,1,0
quarter_trend2_validated,3640,2026-01-23,2026-02-02,-0.0087161586128796,2026,2025-12-31,learned_vol_interaction,20260912,0.46450523759698337,0.46450523759698337,0,0
quarter_volatility2_validated,3640,2026-01-23,2026-02-02,-0.0087161586128796,2026,2025-12-31,learned_vol_interaction,20260912,0.46450523759698337,0.46450523759698337,0,0
quarter_trend2_validated,3645,2026-01-30,2026-02-09,0.0041482324550519,2026,2025-12-31,learned_vol_interaction,20260912,0.5055364466448413,0.5055364466448413,1,1
quarter_volatility2_validated,3645,2026-01-30,2026-02-09,0.0041482324550519,2026,2025-12-31,learned_vol_interaction,20260912,0.5055364466448413,0.5055364466448413,1,1
quarter_trend2_validated,3650,2026-02-06,2026-02-24,0.0071649689901505,2026,2025-12-31,learned_vol_interaction,20260912,0.42116451389141074,0.42116451389141074,0,1
quarter_volatility2_validated,3650,2026-02-06,2026-02-24,0.0071649689901505,2026,2025-12-31,learned_vol_interaction,20260912,0.42116451389141074,0.42116451389141074,0,1
quarter_trend2_validated,3655,2026-02-13,2026-03-02,-0.0097920588919678,2026,2025-12-31,learned_vol_interaction,20260912,0.4216952789502379,0.4216952789502379,0,0
quarter_volatility2_validated,3655,2026-02-13,2026-03-02,-0.0097920588919678,2026,2025-12-31,learned_vol_interaction,20260912,0.4216952789502379,0.4216952789502379,0,0
quarter_trend2_validated,3659,2026-02-27,2026-03-09,-0.0172526869201304,2026,2025-12-31,learned_vol_interaction,20260912,0.46280074037648433,0.46280074037648433,0,0
quarter_volatility2_validated,3659,2026-02-27,2026-03-09,-0.0172526869201304,2026,2025-12-31,learned_vol_interaction,20260912,0.46280074037648433,0.46280074037648433,0,0
quarter_trend2_validated,3664,2026-03-06,2026-03-16,0.0149926634422041,2026,2025-12-31,learned_vol_interaction,20260912,0.4454734654507731,0.4454734654507731,0,1
quarter_volatility2_validated,3664,2026-03-06,2026-03-16,0.0149926634422041,2026,2025-12-31,learned_vol_interaction,20260912,0.4454734654507731,0.4454734654507731,0,1
quarter_trend2_validated,3669,2026-03-13,2026-03-23,-0.0364343509194254,2026,2025-12-31,learned_vol_interaction,20260912,0.5162800418391823,0.5162800418391823,1,0
quarter_volatility2_validated,3669,2026-03-13,2026-03-23,-0.0364343509194254,2026,2025-12-31,learned_vol_interaction,20260912,0.5162800418391823,0.5162800418391823,1,0
quarter_trend2_validated,3674,2026-03-20,2026-03-30,-0.0083038829988221,2026,2025-12-31,learned_vol_interaction,20260912,0.44815597826032155,0.44815597826032155,0,0
quarter_volatility2_validated,3674,2026-03-20,2026-03-30,-0.0083038829988221,2026,2025-12-31,learned_vol_interaction,20260912,0.44815597826032155,0.44815597826032155,0,0
quarter_trend2_validated,3679,2026-03-27,2026-04-07,-0.0035591495694504,2026,2025-12-31,learned_vol_interaction,20260912,0.41145491799092687,0.41145491799092687,0,0
quarter_volatility2_validated,3679,2026-03-27,2026-04-07,-0.0035591495694504,2026,2025-12-31,learned_vol_interaction,20260912,0.41145491799092687,0.41145491799092687,0,0
quarter_trend2_validated,3684,2026-04-03,2026-04-13,0.0380736235508991,2026,2026-03-31,learned_vol_interaction,20260912,0.44194013633414186,0.44194013633414186,0,1
quarter_volatility2_validated,3684,2026-04-03,2026-04-13,0.0380736235508991,2026,2026-03-31,learned_vol_interaction,20260912,0.44194013633414186,0.44194013633414186,0,1
quarter_trend2_validated,3688,2026-04-10,2026-04-20,0.0242766725964382,2026,2026-03-31,learned_vol_interaction,20260912,0.474602811789107,0.474602811789107,0,1
quarter_volatility2_validated,3688,2026-04-10,2026-04-20,0.0242766725964382,2026,2026-03-31,learned_vol_interaction,20260912,0.474602811789107,0.474602811789107,0,1
quarter_trend2_validated,3693,2026-04-17,2026-04-27,0.010401572188011,2026,2026-03-31,learned_vol_interaction,20260912,0.4655670623093444,0.4655670623093444,0,1
quarter_volatility2_validated,3693,2026-04-17,2026-04-27,0.010401572188011,2026,2026-03-31,learned_vol_interaction,20260912,0.4655670623093444,0.4655670623093444,0,1
quarter_trend2_validated,3698,2026-04-24,2026-05-11,0.0263674696524953,2026,2026-03-31,learned_vol_interaction,20260912,0.42735120615774097,0.42735120615774097,0,1
quarter_volatility2_validated,3698,2026-04-24,2026-05-11,0.0263674696524953,2026,2026-03-31,learned_vol_interaction,20260912,0.42735120615774097,0.42735120615774097,0,1
quarter_trend2_validated,3705,2026-05-08,2026-05-18,-0.0134529239455926,2026,2026-03-31,learned_vol_interaction,20260912,0.45536406167315674,0.45536406167315674,0,0
quarter_volatility2_validated,3705,2026-05-08,2026-05-18,-0.0134529239455926,2026,2026-03-31,learned_vol_interaction,20260912,0.45536406167315674,0.45536406167315674,0,0
quarter_trend2_validated,3710,2026-05-15,2026-05-25,0.0076235492615268,2026,2026-03-31,learned_vol_interaction,20260912,0.5065051153684339,0.5065051153684339,1,1
quarter_volatility2_validated,3710,2026-05-15,2026-05-25,0.0076235492615268,2026,2026-03-31,learned_vol_interaction,20260912,0.5065051153684339,0.5065051153684339,1,1
quarter_trend2_validated,3715,2026-05-22,2026-06-01,0.005068538126898,2026,2026-03-31,learned_vol_interaction,20260912,0.49203695640068734,0.49203695640068734,0,1
quarter_volatility2_validated,3715,2026-05-22,2026-06-01,0.005068538126898,2026,2026-03-31,learned_vol_interaction,20260912,0.49203695640068734,0.49203695640068734,0,1
quarter_trend2_validated,3720,2026-05-29,2026-06-08,-0.039635353927193,2026,2026-03-31,learned_vol_interaction,20260912,0.47113595890062737,0.47113595890062737,0,0
quarter_volatility2_validated,3720,2026-05-29,2026-06-08,-0.039635353927193,2026,2026-03-31,learned_vol_interaction,20260912,0.47113595890062737,0.47113595890062737,0,0
quarter_trend2_validated,3725,2026-06-05,2026-06-15,0.0266849782195981,2026,2026-03-31,learned_vol_interaction,20260912,0.45682558024935527,0.45682558024935527,0,1
quarter_volatility2_validated,3725,2026-06-05,2026-06-15,0.0266849782195981,2026,2026-03-31,learned_vol_interaction,20260912,0.45682558024935527,0.45682558024935527,0,1
quarter_trend2_validated,3730,2026-06-12,2026-06-29,0.0076098142791176,2026,2026-03-31,learned_vol_interaction,20260912,0.442975733059148,0.442975733059148,0,1
quarter_volatility2_validated,3730,2026-06-12,2026-06-29,0.0076098142791176,2026,2026-03-31,learned_vol_interaction,20260912,0.442975733059148,0.442975733059148,0,1
quarter_trend2_validated,3739,2026-06-26,2026-07-06,0.0005137647861506,2026,2026-03-31,learned_vol_interaction,20260912,0.5201528170131723,0.5201528170131723,1,1
quarter_volatility2_validated,3739,2026-06-26,2026-07-06,0.0005137647861506,2026,2026-03-31,learned_vol_interaction,20260912,0.5201528170131723,0.5201528170131723,1,1
quarter_trend2_validated,3744,2026-07-03,2026-07-13,-0.0252847876365399,2026,2026-06-30,learned_vol_interaction,20260912,0.553512305775052,0.553512305775052,1,0
quarter_volatility2_validated,3744,2026-07-03,2026-07-13,-0.0252847876365399,2026,2026-06-30,learned_vol_interaction,20260912,0.5395607029536555,0.5395607029536555,1,0
quarter_trend2_validated,3749,2026-07-10,2026-07-20,-0.035775397012711,2026,2026-06-30,learned_vol_interaction,20260912,0.5607824244219408,0.5607824244219408,1,0
quarter_volatility2_validated,3749,2026-07-10,2026-07-20,-0.035775397012711,2026,2026-06-30,learned_vol_interaction,20260912,0.546872021365717,0.546872021365717,1,0
quarter_trend2_validated,3754,2026-07-17,2026-07-27,0.01756245533441,2026,2026-06-30,learned_vol_interaction,20260912,0.5152580314937659,0.5152580314937659,1,1
quarter_volatility2_validated,3754,2026-07-17,2026-07-27,0.01756245533441,2026,2026-06-30,learned_vol_interaction,20260912,0.5380824703011342,0.5380824703011342,1,1
quarter_trend2_validated,3759,2026-07-24,2026-08-03,-0.0202339761556519,2026,2026-06-30,learned_vol_interaction,20260912,0.5102837642282361,0.5102837642282361,1,0
quarter_volatility2_validated,3759,2026-07-24,2026-08-03,-0.0202339761556519,2026,2026-06-30,learned_vol_interaction,20260912,0.5331301985219155,0.5331301985219155,1,0
quarter_trend2_validated,3764,2026-07-31,2026-08-10,0.0300318732435738,2026,2026-06-30,learned_vol_interaction,20260912,0.49813339636912884,0.49813339636912884,0,1
quarter_volatility2_validated,3764,2026-07-31,2026-08-10,0.0300318732435738,2026,2026-06-30,learned_vol_interaction,20260912,0.5210145981430189,0.5210145981430189,1,1
quarter_trend2_validated,3769,2026-08-07,2026-08-17,-0.0056482265760339,2026,2026-06-30,learned_vol_interaction,20260912,0.4913068589563322,0.4913068589563322,0,0
quarter_volatility2_validated,3769,2026-08-07,2026-08-17,-0.0056482265760339,2026,2026-06-30,learned_vol_interaction,20260912,0.5141957640664443,0.5141957640664443,1,0
quarter_trend2_validated,3774,2026-08-14,2026-08-24,-0.0109860710402629,2026,2026-06-30,learned_vol_interaction,20260912,0.46547315716272203,0.46547315716272203,0,0
quarter_volatility2_validated,3774,2026-08-14,2026-08-24,-0.0109860710402629,2026,2026-06-30,learned_vol_interaction,20260912,0.4883138461699682,0.4883138461699682,0,0
quarter_trend2_validated,3779,2026-08-21,2026-08-31,-0.0127592811002066,2026,2026-06-30,learned_vol_interaction,20260912,0.4565503959943362,0.4565503959943362,0,0
quarter_volatility2_validated,3779,2026-08-21,2026-08-31,-0.0127592811002066,2026,2026-06-30,learned_vol_interaction,20260912,0.47934588551109736,0.47934588551109736,0,0
quarter_trend2_validated,3630,2026-01-09,2026-01-19,-0.0103697336282536,2026,2025-12-31,learned_order_extension,20260912,0.5234527600872158,0.5234527600872158,1,0
quarter_volatility2_validated,3630,2026-01-09,2026-01-19,-0.0103697336282536,2026,2025-12-31,learned_order_extension,20260912,0.5234527600872158,0.5234527600872158,1,0
quarter_trend2_validated,3635,2026-01-16,2026-01-26,-0.0010190267764643,2026,2025-12-31,learned_order_extension,20260912,0.5847075352595175,0.5847075352595175,1,0
quarter_volatility2_validated,3635,2026-01-16,2026-01-26,-0.0010190267764643,2026,2025-12-31,learned_order_extension,20260912,0.5847075352595175,0.5847075352595175,1,0
quarter_trend2_validated,3640,2026-01-23,2026-02-02,-0.0087161586128796,2026,2025-12-31,learned_order_extension,20260912,0.4700767353741261,0.4700767353741261,0,0
quarter_volatility2_validated,3640,2026-01-23,2026-02-02,-0.0087161586128796,2026,2025-12-31,learned_order_extension,20260912,0.4700767353741261,0.4700767353741261,0,0
quarter_trend2_validated,3645,2026-01-30,2026-02-09,0.0041482324550519,2026,2025-12-31,learned_order_extension,20260912,0.5148835278265028,0.5148835278265028,1,1
quarter_volatility2_validated,3645,2026-01-30,2026-02-09,0.0041482324550519,2026,2025-12-31,learned_order_extension,20260912,0.5148835278265028,0.5148835278265028,1,1
quarter_trend2_validated,3650,2026-02-06,2026-02-24,0.0071649689901505,2026,2025-12-31,learned_order_extension,20260912,0.4220765070574473,0.4220765070574473,0,1
quarter_volatility2_validated,3650,2026-02-06,2026-02-24,0.0071649689901505,2026,2025-12-31,learned_order_extension,20260912,0.4220765070574473,0.4220765070574473,0,1
quarter_trend2_validated,3655,2026-02-13,2026-03-02,-0.0097920588919678,2026,2025-12-31,learned_order_extension,20260912,0.41397752179190594,0.41397752179190594,0,0
quarter_volatility2_validated,3655,2026-02-13,2026-03-02,-0.0097920588919678,2026,2025-12-31,learned_order_extension,20260912,0.41397752179190594,0.41397752179190594,0,0
quarter_trend2_validated,3659,2026-02-27,2026-03-09,-0.0172526869201304,2026,2025-12-31,learned_order_extension,20260912,0.45946498078572456,0.45946498078572456,0,0
quarter_volatility2_validated,3659,2026-02-27,2026-03-09,-0.0172526869201304,2026,2025-12-31,learned_order_extension,20260912,0.45946498078572456,0.45946498078572456,0,0
quarter_trend2_validated,3664,2026-03-06,2026-03-16,0.0149926634422041,2026,2025-12-31,learned_order_extension,20260912,0.44635455978232025,0.44635455978232025,0,1
quarter_volatility2_validated,3664,2026-03-06,2026-03-16,0.0149926634422041,2026,2025-12-31,learned_order_extension,20260912,0.44635455978232025,0.44635455978232025,0,1
quarter_trend2_validated,3669,2026-03-13,2026-03-23,-0.0364343509194254,2026,2025-12-31,learned_order_extension,20260912,0.5383866937008707,0.5383866937008707,1,0
quarter_volatility2_validated,3669,2026-03-13,2026-03-23,-0.0364343509194254,2026,2025-12-31,learned_order_extension,20260912,0.5383866937008707,0.5383866937008707,1,0
quarter_trend2_validated,3674,2026-03-20,2026-03-30,-0.0083038829988221,2026,2025-12-31,learned_order_extension,20260912,0.43243079892634145,0.43243079892634145,0,0
quarter_volatility2_validated,3674,2026-03-20,2026-03-30,-0.0083038829988221,2026,2025-12-31,learned_order_extension,20260912,0.43243079892634145,0.43243079892634145,0,0
quarter_trend2_validated,3679,2026-03-27,2026-04-07,-0.0035591495694504,2026,2025-12-31,learned_order_extension,20260912,0.3847558274890985,0.3847558274890985,0,0
quarter_volatility2_validated,3679,2026-03-27,2026-04-07,-0.0035591495694504,2026,2025-12-31,learned_order_extension,20260912,0.3847558274890985,0.3847558274890985,0,0
quarter_trend2_validated,3684,2026-04-03,2026-04-13,0.0380736235508991,2026,2026-03-31,learned_order_extension,20260912,0.4144033852774401,0.4144033852774401,0,1
quarter_volatility2_validated,3684,2026-04-03,2026-04-13,0.0380736235508991,2026,2026-03-31,learned_order_extension,20260912,0.4144033852774401,0.4144033852774401,0,1
quarter_trend2_validated,3688,2026-04-10,2026-04-20,0.0242766725964382,2026,2026-03-31,learned_order_extension,20260912,0.47938167585700264,0.47938167585700264,0,1
quarter_volatility2_validated,3688,2026-04-10,2026-04-20,0.0242766725964382,2026,2026-03-31,learned_order_extension,20260912,0.47938167585700264,0.47938167585700264,0,1
quarter_trend2_validated,3693,2026-04-17,2026-04-27,0.010401572188011,2026,2026-03-31,learned_order_extension,20260912,0.4174512738947204,0.4174512738947204,0,1
quarter_volatility2_validated,3693,2026-04-17,2026-04-27,0.010401572188011,2026,2026-03-31,learned_order_extension,20260912,0.4174512738947204,0.4174512738947204,0,1
quarter_trend2_validated,3698,2026-04-24,2026-05-11,0.0263674696524953,2026,2026-03-31,learned_order_extension,20260912,0.40789835430240917,0.40789835430240917,0,1
quarter_volatility2_validated,3698,2026-04-24,2026-05-11,0.0263674696524953,2026,2026-03-31,learned_order_extension,20260912,0.40789835430240917,0.40789835430240917,0,1
quarter_trend2_validated,3705,2026-05-08,2026-05-18,-0.0134529239455926,2026,2026-03-31,learned_order_extension,20260912,0.4584298418185969,0.4584298418185969,0,0
quarter_volatility2_validated,3705,2026-05-08,2026-05-18,-0.0134529239455926,2026,2026-03-31,learned_order_extension,20260912,0.4584298418185969,0.4584298418185969,0,0
quarter_trend2_validated,3710,2026-05-15,2026-05-25,0.0076235492615268,2026,2026-03-31,learned_order_extension,20260912,0.5410895291105667,0.5410895291105667,1,1
quarter_volatility2_validated,3710,2026-05-15,2026-05-25,0.0076235492615268,2026,2026-03-31,learned_order_extension,20260912,0.5410895291105667,0.5410895291105667,1,1
quarter_trend2_validated,3715,2026-05-22,2026-06-01,0.005068538126898,2026,2026-03-31,learned_order_extension,20260912,0.5021226383630596,0.5021226383630596,1,1
quarter_volatility2_validated,3715,2026-05-22,2026-06-01,0.005068538126898,2026,2026-03-31,learned_order_extension,20260912,0.5021226383630596,0.5021226383630596,1,1
quarter_trend2_validated,3720,2026-05-29,2026-06-08,-0.039635353927193,2026,2026-03-31,learned_order_extension,20260912,0.4573299409387087,0.4573299409387087,0,0
quarter_volatility2_validated,3720,2026-05-29,2026-06-08,-0.039635353927193,2026,2026-03-31,learned_order_extension,20260912,0.4573299409387087,0.4573299409387087,0,0
quarter_trend2_validated,3725,2026-06-05,2026-06-15,0.0266849782195981,2026,2026-03-31,learned_order_extension,20260912,0.4366421559336363,0.4366421559336363,0,1
quarter_volatility2_validated,3725,2026-06-05,2026-06-15,0.0266849782195981,2026,2026-03-31,learned_order_extension,20260912,0.4366421559336363,0.4366421559336363,0,1
quarter_trend2_validated,3730,2026-06-12,2026-06-29,0.0076098142791176,2026,2026-03-31,learned_order_extension,20260912,0.4102842493878904,0.4102842493878904,0,1
quarter_volatility2_validated,3730,2026-06-12,2026-06-29,0.0076098142791176,2026,2026-03-31,learned_order_extension,20260912,0.4102842493878904,0.4102842493878904,0,1
quarter_trend2_validated,3739,2026-06-26,2026-07-06,0.0005137647861506,2026,2026-03-31,learned_order_extension,20260912,0.5188140124051438,0.5188140124051438,1,1
quarter_volatility2_validated,3739,2026-06-26,2026-07-06,0.0005137647861506,2026,2026-03-31,learned_order_extension,20260912,0.5188140124051438,0.5188140124051438,1,1
quarter_trend2_validated,3744,2026-07-03,2026-07-13,-0.0252847876365399,2026,2026-06-30,learned_order_extension,20260912,0.4989429054386354,0.4989429054386354,0,0
quarter_volatility2_validated,3744,2026-07-03,2026-07-13,-0.0252847876365399,2026,2026-06-30,learned_order_extension,20260912,0.4989429054386354,0.4989429054386354,0,0
quarter_trend2_validated,3749,2026-07-10,2026-07-20,-0.035775397012711,2026,2026-06-30,learned_order_extension,20260912,0.5236629920895812,0.5236629920895812,1,0
quarter_volatility2_validated,3749,2026-07-10,2026-07-20,-0.035775397012711,2026,2026-06-30,learned_order_extension,20260912,0.5236629920895812,0.5236629920895812,1,0
quarter_trend2_validated,3754,2026-07-17,2026-07-27,0.01756245533441,2026,2026-06-30,learned_order_extension,20260912,0.5032118538805617,0.5032118538805617,1,1
quarter_volatility2_validated,3754,2026-07-17,2026-07-27,0.01756245533441,2026,2026-06-30,learned_order_extension,20260912,0.5032118538805617,0.5032118538805617,1,1
quarter_trend2_validated,3759,2026-07-24,2026-08-03,-0.0202339761556519,2026,2026-06-30,learned_order_extension,20260912,0.4921460637997216,0.4921460637997216,0,0
quarter_volatility2_validated,3759,2026-07-24,2026-08-03,-0.0202339761556519,2026,2026-06-30,learned_order_extension,20260912,0.4921460637997216,0.4921460637997216,0,0
quarter_trend2_validated,3764,2026-07-31,2026-08-10,0.0300318732435738,2026,2026-06-30,learned_order_extension,20260912,0.4818553927993659,0.4818553927993659,0,1
quarter_volatility2_validated,3764,2026-07-31,2026-08-10,0.0300318732435738,2026,2026-06-30,learned_order_extension,20260912,0.4818553927993659,0.4818553927993659,0,1
quarter_trend2_validated,3769,2026-08-07,2026-08-17,-0.0056482265760339,2026,2026-06-30,learned_order_extension,20260912,0.5028354128920006,0.5028354128920006,1,0
quarter_volatility2_validated,3769,2026-08-07,2026-08-17,-0.0056482265760339,2026,2026-06-30,learned_order_extension,20260912,0.5028354128920006,0.5028354128920006,1,0
quarter_trend2_validated,3774,2026-08-14,2026-08-24,-0.0109860710402629,2026,2026-06-30,learned_order_extension,20260912,0.4725810214103995,0.4725810214103995,0,0
quarter_volatility2_validated,3774,2026-08-14,2026-08-24,-0.0109860710402629,2026,2026-06-30,learned_order_extension,20260912,0.4725810214103995,0.4725810214103995,0,0
quarter_trend2_validated,3779,2026-08-21,2026-08-31,-0.0127592811002066,2026,2026-06-30,learned_order_extension,20260912,0.46653070967261673,0.46653070967261673,0,0
quarter_volatility2_validated,3779,2026-08-21,2026-08-31,-0.0127592811002066,2026,2026-06-30,learned_order_extension,20260912,0.46653070967261673,0.46653070967261673,0,0
quarter_trend2_validated,3630,2026-01-09,2026-01-19,-0.0103697336282536,2026,2025-12-31,learned_order_offset,20260912,0.5234772415055928,0.5234772415055928,1,0
quarter_volatility2_validated,3630,2026-01-09,2026-01-19,-0.0103697336282536,2026,2025-12-31,learned_order_offset,20260912,0.5234772415055928,0.5234772415055928,1,0
quarter_trend2_validated,3635,2026-01-16,2026-01-26,-0.0010190267764643,2026,2025-12-31,learned_order_offset,20260912,0.5844150879103954,0.5844150879103954,1,0
quarter_volatility2_validated,3635,2026-01-16,2026-01-26,-0.0010190267764643,2026,2025-12-31,learned_order_offset,20260912,0.5844150879103954,0.5844150879103954,1,0
quarter_trend2_validated,3640,2026-01-23,2026-02-02,-0.0087161586128796,2026,2025-12-31,learned_order_offset,20260912,0.46996206356235715,0.46996206356235715,0,0
quarter_volatility2_validated,3640,2026-01-23,2026-02-02,-0.0087161586128796,2026,2025-12-31,learned_order_offset,20260912,0.46996206356235715,0.46996206356235715,0,0
quarter_trend2_validated,3645,2026-01-30,2026-02-09,0.0041482324550519,2026,2025-12-31,learned_order_offset,20260912,0.514701020079869,0.514701020079869,1,1
quarter_volatility2_validated,3645,2026-01-30,2026-02-09,0.0041482324550519,2026,2025-12-31,learned_order_offset,20260912,0.514701020079869,0.514701020079869,1,1
quarter_trend2_validated,3650,2026-02-06,2026-02-24,0.0071649689901505,2026,2025-12-31,learned_order_offset,20260912,0.42213589824970216,0.42213589824970216,0,1
quarter_volatility2_validated,3650,2026-02-06,2026-02-24,0.0071649689901505,2026,2025-12-31,learned_order_offset,20260912,0.42213589824970216,0.42213589824970216,0,1
quarter_trend2_validated,3655,2026-02-13,2026-03-02,-0.0097920588919678,2026,2025-12-31,learned_order_offset,20260912,0.4139092534456115,0.4139092534456115,0,0
quarter_volatility2_validated,3655,2026-02-13,2026-03-02,-0.0097920588919678,2026,2025-12-31,learned_order_offset,20260912,0.4139092534456115,0.4139092534456115,0,0
quarter_trend2_validated,3659,2026-02-27,2026-03-09,-0.0172526869201304,2026,2025-12-31,learned_order_offset,20260912,0.4590491088219428,0.4590491088219428,0,0
quarter_volatility2_validated,3659,2026-02-27,2026-03-09,-0.0172526869201304,2026,2025-12-31,learned_order_offset,20260912,0.4590491088219428,0.4590491088219428,0,0
quarter_trend2_validated,3664,2026-03-06,2026-03-16,0.0149926634422041,2026,2025-12-31,learned_order_offset,20260912,0.4464707132363767,0.4464707132363767,0,1
quarter_volatility2_validated,3664,2026-03-06,2026-03-16,0.0149926634422041,2026,2025-12-31,learned_order_offset,20260912,0.4464707132363767,0.4464707132363767,0,1
quarter_trend2_validated,3669,2026-03-13,2026-03-23,-0.0364343509194254,2026,2025-12-31,learned_order_offset,20260912,0.5384561051408137,0.5384561051408137,1,0
quarter_volatility2_validated,3669,2026-03-13,2026-03-23,-0.0364343509194254,2026,2025-12-31,learned_order_offset,20260912,0.5384561051408137,0.5384561051408137,1,0
quarter_trend2_validated,3674,2026-03-20,2026-03-30,-0.0083038829988221,2026,2025-12-31,learned_order_offset,20260912,0.43269622737784763,0.43269622737784763,0,0
quarter_volatility2_validated,3674,2026-03-20,2026-03-30,-0.0083038829988221,2026,2025-12-31,learned_order_offset,20260912,0.43269622737784763,0.43269622737784763,0,0
quarter_trend2_validated,3679,2026-03-27,2026-04-07,-0.0035591495694504,2026,2025-12-31,learned_order_offset,20260912,0.3852504154330894,0.3852504154330894,0,0
quarter_volatility2_validated,3679,2026-03-27,2026-04-07,-0.0035591495694504,2026,2025-12-31,learned_order_offset,20260912,0.3852504154330894,0.3852504154330894,0,0
quarter_trend2_validated,3684,2026-04-03,2026-04-13,0.0380736235508991,2026,2026-03-31,learned_order_offset,20260912,0.41463312595207424,0.41463312595207424,0,1
quarter_volatility2_validated,3684,2026-04-03,2026-04-13,0.0380736235508991,2026,2026-03-31,learned_order_offset,20260912,0.41463312595207424,0.41463312595207424,0,1
quarter_trend2_validated,3688,2026-04-10,2026-04-20,0.0242766725964382,2026,2026-03-31,learned_order_offset,20260912,0.47957887458862364,0.47957887458862364,0,1
quarter_volatility2_validated,3688,2026-04-10,2026-04-20,0.0242766725964382,2026,2026-03-31,learned_order_offset,20260912,0.47957887458862364,0.47957887458862364,0,1
quarter_trend2_validated,3693,2026-04-17,2026-04-27,0.010401572188011,2026,2026-03-31,learned_order_offset,20260912,0.4174462723853696,0.4174462723853696,0,1
quarter_volatility2_validated,3693,2026-04-17,2026-04-27,0.010401572188011,2026,2026-03-31,learned_order_offset,20260912,0.4174462723853696,0.4174462723853696,0,1
quarter_trend2_validated,3698,2026-04-24,2026-05-11,0.0263674696524953,2026,2026-03-31,learned_order_offset,20260912,0.4078121898572776,0.4078121898572776,0,1
quarter_volatility2_validated,3698,2026-04-24,2026-05-11,0.0263674696524953,2026,2026-03-31,learned_order_offset,20260912,0.4078121898572776,0.4078121898572776,0,1
quarter_trend2_validated,3705,2026-05-08,2026-05-18,-0.0134529239455926,2026,2026-03-31,learned_order_offset,20260912,0.45820168742787637,0.45820168742787637,0,0
quarter_volatility2_validated,3705,2026-05-08,2026-05-18,-0.0134529239455926,2026,2026-03-31,learned_order_offset,20260912,0.45820168742787637,0.45820168742787637,0,0
quarter_trend2_validated,3710,2026-05-15,2026-05-25,0.0076235492615268,2026,2026-03-31,learned_order_offset,20260912,0.5408516437983437,0.5408516437983437,1,1
quarter_volatility2_validated,3710,2026-05-15,2026-05-25,0.0076235492615268,2026,2026-03-31,learned_order_offset,20260912,0.5408516437983437,0.5408516437983437,1,1
quarter_trend2_validated,3715,2026-05-22,2026-06-01,0.005068538126898,2026,2026-03-31,learned_order_offset,20260912,0.5018942264488259,0.5018942264488259,1,1
quarter_volatility2_validated,3715,2026-05-22,2026-06-01,0.005068538126898,2026,2026-03-31,learned_order_offset,20260912,0.5018942264488259,0.5018942264488259,1,1
quarter_trend2_validated,3720,2026-05-29,2026-06-08,-0.039635353927193,2026,2026-03-31,learned_order_offset,20260912,0.4571886722395474,0.4571886722395474,0,0
quarter_volatility2_validated,3720,2026-05-29,2026-06-08,-0.039635353927193,2026,2026-03-31,learned_order_offset,20260912,0.4571886722395474,0.4571886722395474,0,0
quarter_trend2_validated,3725,2026-06-05,2026-06-15,0.0266849782195981,2026,2026-03-31,learned_order_offset,20260912,0.43649391290109524,0.43649391290109524,0,1
quarter_volatility2_validated,3725,2026-06-05,2026-06-15,0.0266849782195981,2026,2026-03-31,learned_order_offset,20260912,0.43649391290109524,0.43649391290109524,0,1
quarter_trend2_validated,3730,2026-06-12,2026-06-29,0.0076098142791176,2026,2026-03-31,learned_order_offset,20260912,0.4101169616257996,0.4101169616257996,0,1
quarter_volatility2_validated,3730,2026-06-12,2026-06-29,0.0076098142791176,2026,2026-03-31,learned_order_offset,20260912,0.4101169616257996,0.4101169616257996,0,1
quarter_trend2_validated,3739,2026-06-26,2026-07-06,0.0005137647861506,2026,2026-03-31,learned_order_offset,20260912,0.5185047287941408,0.5185047287941408,1,1
quarter_volatility2_validated,3739,2026-06-26,2026-07-06,0.0005137647861506,2026,2026-03-31,learned_order_offset,20260912,0.5185047287941408,0.5185047287941408,1,1
quarter_trend2_validated,3744,2026-07-03,2026-07-13,-0.0252847876365399,2026,2026-06-30,learned_order_offset,20260912,0.4988441113201745,0.4988441113201745,0,0
quarter_volatility2_validated,3744,2026-07-03,2026-07-13,-0.0252847876365399,2026,2026-06-30,learned_order_offset,20260912,0.4988441113201745,0.4988441113201745,0,0
quarter_trend2_validated,3749,2026-07-10,2026-07-20,-0.035775397012711,2026,2026-06-30,learned_order_offset,20260912,0.523535406519861,0.523535406519861,1,0
quarter_volatility2_validated,3749,2026-07-10,2026-07-20,-0.035775397012711,2026,2026-06-30,learned_order_offset,20260912,0.523535406519861,0.523535406519861,1,0
quarter_trend2_validated,3754,2026-07-17,2026-07-27,0.01756245533441,2026,2026-06-30,learned_order_offset,20260912,0.5033052897147685,0.5033052897147685,1,1
quarter_volatility2_validated,3754,2026-07-17,2026-07-27,0.01756245533441,2026,2026-06-30,learned_order_offset,20260912,0.5033052897147685,0.5033052897147685,1,1
quarter_trend2_validated,3759,2026-07-24,2026-08-03,-0.0202339761556519,2026,2026-06-30,learned_order_offset,20260912,0.4922428591218114,0.4922428591218114,0,0
quarter_volatility2_validated,3759,2026-07-24,2026-08-03,-0.0202339761556519,2026,2026-06-30,learned_order_offset,20260912,0.4922428591218114,0.4922428591218114,0,0
quarter_trend2_validated,3764,2026-07-31,2026-08-10,0.0300318732435738,2026,2026-06-30,learned_order_offset,20260912,0.4819029511308941,0.4819029511308941,0,1
quarter_volatility2_validated,3764,2026-07-31,2026-08-10,0.0300318732435738,2026,2026-06-30,learned_order_offset,20260912,0.4819029511308941,0.4819029511308941,0,1
quarter_trend2_validated,3769,2026-08-07,2026-08-17,-0.0056482265760339,2026,2026-06-30,learned_order_offset,20260912,0.5027660682169325,0.5027660682169325,1,0
quarter_volatility2_validated,3769,2026-08-07,2026-08-17,-0.0056482265760339,2026,2026-06-30,learned_order_offset,20260912,0.5027660682169325,0.5027660682169325,1,0
quarter_trend2_validated,3774,2026-08-14,2026-08-24,-0.0109860710402629,2026,2026-06-30,learned_order_offset,20260912,0.4725999925469034,0.4725999925469034,0,0
quarter_volatility2_validated,3774,2026-08-14,2026-08-24,-0.0109860710402629,2026,2026-06-30,learned_order_offset,20260912,0.4725999925469034,0.4725999925469034,0,0
quarter_trend2_validated,3779,2026-08-21,2026-08-31,-0.0127592811002066,2026,2026-06-30,learned_order_offset,20260912,0.4665968127191565,0.4665968127191565,0,0
quarter_volatility2_validated,3779,2026-08-21,2026-08-31,-0.0127592811002066,2026,2026-06-30,learned_order_offset,20260912,0.4665968127191565,0.4665968127191565,0,0
quarter_trend2_validated,2418,2021-01-08,2021-01-18,-0.0120052904669853,2021,2020-12-31,native_mse,20260910,-0.00016719672473286887,,0,0
quarter_trend2_validated,2423,2021-01-15,2021-01-25,0.0231622460538123,2021,2020-12-31,native_mse,20260910,-0.0024576018862454926,,0,1
quarter_trend2_validated,2428,2021-01-22,2021-02-01,-0.0372511735907923,2021,2020-12-31,native_mse,20260910,-0.003647746896638798,,0,0
quarter_trend2_validated,2433,2021-01-29,2021-02-08,0.0278689901714626,2021,2020-12-31,native_mse,20260910,-0.0025472735860022446,,0,1
quarter_trend2_validated,2438,2021-02-05,2021-02-22,0.0507379035040882,2021,2020-12-31,native_mse,20260910,-0.0030793775400414984,,0,1
quarter_trend2_validated,2443,2021-02-19,2021-03-01,-0.0684918010685315,2021,2020-12-31,native_mse,20260910,-0.0023490676188242655,,0,0
quarter_trend2_validated,2448,2021-02-26,2021-03-08,-0.0165997123904068,2021,2020-12-31,native_mse,20260910,-0.0023665663755005908,,0,0
quarter_trend2_validated,2453,2021-03-05,2021-03-15,-0.0346560901469681,2021,2020-12-31,native_mse,20260910,-0.0014253865572098575,,0,0
quarter_trend2_validated,2458,2021-03-12,2021-03-22,-0.0210550182560221,2021,2020-12-31,native_mse,20260910,-0.0005000901973691782,,0,0
quarter_trend2_validated,2463,2021-03-19,2021-03-29,0.0087572877565691,2021,2020-12-31,native_mse,20260910,0.006023340982564988,,1,1
quarter_trend2_validated,2468,2021-03-26,2021-04-06,0.0250145479448802,2021,2020-12-31,native_mse,20260910,0.005598392317839315,,1,1
quarter_trend2_validated,2473,2021-04-02,2021-04-12,-0.0292856811827044,2021,2020-12-31,native_mse,20260910,0.0036485752776130036,,1,0
quarter_trend2_validated,2477,2021-04-09,2021-04-19,-0.0120489836840408,2021,2020-12-31,native_mse,20260910,0.007350243400305611,,1,0
quarter_trend2_validated,2482,2021-04-16,2021-04-26,0.0382932540809155,2021,2020-12-31,native_mse,20260910,0.002900059176571625,,1,1
quarter_trend2_validated,2487,2021-04-23,2021-05-06,-0.0112070185917437,2021,2020-12-31,native_mse,20260910,0.007596625467989239,,1,0
quarter_trend2_validated,2492,2021-04-30,2021-05-12,-0.0190946889464188,2021,2020-12-31,native_mse,20260910,0.007105998256782256,,1,0
quarter_trend2_validated,2494,2021-05-07,2021-05-17,0.0227674429764228,2021,2020-12-31,native_mse,20260910,0.0072995237328683515,,1,1
quarter_trend2_validated,2499,2021-05-14,2021-05-24,0.0045940519733895,2021,2020-12-31,native_mse,20260910,0.006906583839110419,,1,1
quarter_trend2_validated,2504,2021-05-21,2021-05-31,0.0348855085126711,2021,2020-12-31,native_mse,20260910,0.0039949465805707365,,1,1
quarter_trend2_validated,2509,2021-05-28,2021-06-07,-0.0062409741861724,2021,2020-12-31,native_mse,20260910,0.004302626766656515,,1,0
quarter_trend2_validated,2514,2021-06-04,2021-06-15,-0.0125508761771767,2021,2020-12-31,native_mse,20260910,0.0018010688105476373,,1,0
quarter_trend2_validated,2519,2021-06-11,2021-06-21,-0.0250011497424577,2021,2020-12-31,native_mse,20260910,-0.0027939130847951473,,0,0
quarter_trend2_validated,2523,2021-06-18,2021-06-28,0.0325308711127356,2021,2020-12-31,native_mse,20260910,-0.0024054667576293687,,0,1
quarter_trend2_validated,2528,2021-06-25,2021-07-05,-0.0342297962734196,2021,2020-12-31,native_mse,20260910,-0.0021641013171994155,,0,0
quarter_trend2_validated,2533,2021-07-02,2021-07-12,0.0068193733271841,2021,2020-12-31,native_mse,20260910,-0.002740282150259048,,0,1
quarter_trend2_validated,2538,2021-07-09,2021-07-19,-0.0048254045313779,2021,2020-12-31,native_mse,20260910,-0.0025804416168060183,,0,0
quarter_trend2_validated,2543,2021-07-16,2021-07-26,-0.0032299118953994,2021,2020-12-31,native_mse,20260910,-0.0035112489700114967,,0,0
quarter_trend2_validated,2548,2021-07-23,2021-08-02,-0.0537740931579083,2021,2020-12-31,native_mse,20260910,-0.002252148085559406,,0,0
quarter_trend2_validated,2553,2021-07-30,2021-08-09,0.019904813945049,2021,2020-12-31,native_mse,20260910,-0.0013935392955686378,,0,1
quarter_trend2_validated,2558,2021-08-06,2021-08-16,0.0093369268709639,2021,2020-12-31,native_mse,20260910,-0.0008547058545780883,,0,1
quarter_trend2_validated,2563,2021-08-13,2021-08-23,-0.032048736608373,2021,2020-12-31,native_mse,20260910,-0.0010996712313164061,,0,0
quarter_trend2_validated,2568,2021-08-20,2021-08-30,0.0145047962107527,2021,2020-12-31,native_mse,20260910,0.0014984460902095808,,1,1
quarter_trend2_validated,2573,2021-08-27,2021-09-06,-0.0012316820816045,2021,2020-12-31,native_mse,20260910,0.006590900742918945,,1,0
quarter_trend2_validated,2578,2021-09-03,2021-09-13,0.0342301066295398,2021,2020-12-31,native_mse,20260910,0.009486980636077728,,1,1
quarter_trend2_validated,2583,2021-09-10,2021-09-22,-0.0471441667981554,2021,2020-12-31,native_mse,20260910,0.009371153033789907,,1,0
quarter_trend2_validated,2588,2021-09-17,2021-09-28,0.0209863060789441,2021,2020-12-31,native_mse,20260910,0.009603132896707183,,1,1
quarter_trend2_validated,2591,2021-09-24,2021-10-11,0.0144615416200457,2021,2020-12-31,native_mse,20260910,0.009682760274058575,,1,1
quarter_trend2_validated,2596,2021-10-08,2021-10-18,-0.0038006269617851,2021,2020-12-31,native_mse,20260910,0.009091248352644028,,1,0
quarter_trend2_validated,2601,2021-10-15,2021-10-25,0.0037358989621147,2021,2020-12-31,native_mse,20260910,0.008469619450977196,,1,1
quarter_trend2_validated,2606,2021-10-22,2021-11-01,-0.0127041632091318,2021,2020-12-31,native_mse,20260910,0.0008933657456787875,,1,0
quarter_trend2_validated,2611,2021-10-29,2021-11-08,-0.0075807737801166,2021,2020-12-31,native_mse,20260910,0.002406790555140204,,1,0
quarter_trend2_validated,2616,2021-11-05,2021-11-15,0.0110015182343039,2021,2020-12-31,native_mse,20260910,0.004495816516502967,,1,1
quarter_trend2_validated,2621,2021-11-12,2021-11-22,0.0002002284238551,2021,2020-12-31,native_mse,20260910,0.008345328596010884,,1,1
quarter_trend2_validated,2626,2021-11-19,2021-11-29,-0.0153981603100059,2021,2020-12-31,native_mse,20260910,0.006936498727743483,,1,0
quarter_trend2_validated,2631,2021-11-26,2021-12-06,0.0185518287306458,2021,2020-12-31,native_mse,20260910,0.0043122154605937865,,1,1
quarter_trend2_validated,2636,2021-12-03,2021-12-13,0.0367843110096284,2021,2020-12-31,native_mse,20260910,0.003903132217743633,,1,1
quarter_trend2_validated,2641,2021-12-10,2021-12-20,-0.0304615698955996,2021,2020-12-31,native_mse,20260910,0.0011584734670292821,,1,0
quarter_trend2_validated,2646,2021-12-17,2021-12-27,-0.0034083287233763,2021,2020-12-31,native_mse,20260910,0.008060168302998738,,1,0
quarter_trend2_validated,2651,2021-12-24,2022-01-04,0.0080985736506613,2021,2020-12-31,native_mse,20260910,0.0074924187486900135,,1,1
quarter_trend2_validated,2656,2021-12-31,2022-01-10,-0.0293970528320001,2021,2020-12-31,native_mse,20260910,0.008334791957105143,,1,0
quarter_trend2_validated,2418,2021-01-08,2021-01-18,-0.0120052904669853,2021,2020-12-31,training_frequency,-1,0.5577557755775577,0.5577557755775577,1,0
quarter_trend2_validated,2423,2021-01-15,2021-01-25,0.0231622460538123,2021,2020-12-31,training_frequency,-1,0.5577557755775577,0.5577557755775577,1,1
quarter_trend2_validated,2428,2021-01-22,2021-02-01,-0.0372511735907923,2021,2020-12-31,training_frequency,-1,0.5577557755775577,0.5577557755775577,1,0
quarter_trend2_validated,2433,2021-01-29,2021-02-08,0.0278689901714626,2021,2020-12-31,training_frequency,-1,0.5577557755775577,0.5577557755775577,1,1
quarter_trend2_validated,2438,2021-02-05,2021-02-22,0.0507379035040882,2021,2020-12-31,training_frequency,-1,0.5577557755775577,0.5577557755775577,1,1
quarter_trend2_validated,2443,2021-02-19,2021-03-01,-0.0684918010685315,2021,2020-12-31,training_frequency,-1,0.5577557755775577,0.5577557755775577,1,0
quarter_trend2_validated,2448,2021-02-26,2021-03-08,-0.0165997123904068,2021,2020-12-31,training_frequency,-1,0.5577557755775577,0.5577557755775577,1,0
quarter_trend2_validated,2453,2021-03-05,2021-03-15,-0.0346560901469681,2021,2020-12-31,training_frequency,-1,0.5577557755775577,0.5577557755775577,1,0
quarter_trend2_validated,2458,2021-03-12,2021-03-22,-0.0210550182560221,2021,2020-12-31,training_frequency,-1,0.5577557755775577,0.5577557755775577,1,0
quarter_trend2_validated,2463,2021-03-19,2021-03-29,0.0087572877565691,2021,2020-12-31,training_frequency,-1,0.5577557755775577,0.5577557755775577,1,1
quarter_trend2_validated,2468,2021-03-26,2021-04-06,0.0250145479448802,2021,2020-12-31,training_frequency,-1,0.5577557755775577,0.5577557755775577,1,1
quarter_trend2_validated,2473,2021-04-02,2021-04-12,-0.0292856811827044,2021,2020-12-31,training_frequency,-1,0.5577557755775577,0.5577557755775577,1,0
quarter_trend2_validated,2477,2021-04-09,2021-04-19,-0.0120489836840408,2021,2020-12-31,training_frequency,-1,0.5577557755775577,0.5577557755775577,1,0
quarter_trend2_validated,2482,2021-04-16,2021-04-26,0.0382932540809155,2021,2020-12-31,training_frequency,-1,0.5577557755775577,0.5577557755775577,1,1
quarter_trend2_validated,2487,2021-04-23,2021-05-06,-0.0112070185917437,2021,2020-12-31,training_frequency,-1,0.5577557755775577,0.5577557755775577,1,0
quarter_trend2_validated,2492,2021-04-30,2021-05-12,-0.0190946889464188,2021,2020-12-31,training_frequency,-1,0.5577557755775577,0.5577557755775577,1,0
quarter_trend2_validated,2494,2021-05-07,2021-05-17,0.0227674429764228,2021,2020-12-31,training_frequency,-1,0.5577557755775577,0.5577557755775577,1,1
quarter_trend2_validated,2499,2021-05-14,2021-05-24,0.0045940519733895,2021,2020-12-31,training_frequency,-1,0.5577557755775577,0.5577557755775577,1,1
quarter_trend2_validated,2504,2021-05-21,2021-05-31,0.0348855085126711,2021,2020-12-31,training_frequency,-1,0.5577557755775577,0.5577557755775577,1,1
quarter_trend2_validated,2509,2021-05-28,2021-06-07,-0.0062409741861724,2021,2020-12-31,training_frequency,-1,0.5577557755775577,0.5577557755775577,1,0
quarter_trend2_validated,2514,2021-06-04,2021-06-15,-0.0125508761771767,2021,2020-12-31,training_frequency,-1,0.5577557755775577,0.5577557755775577,1,0
quarter_trend2_validated,2519,2021-06-11,2021-06-21,-0.0250011497424577,2021,2020-12-31,training_frequency,-1,0.5577557755775577,0.5577557755775577,1,0
quarter_trend2_validated,2523,2021-06-18,2021-06-28,0.0325308711127356,2021,2020-12-31,training_frequency,-1,0.5577557755775577,0.5577557755775577,1,1
quarter_trend2_validated,2528,2021-06-25,2021-07-05,-0.0342297962734196,2021,2020-12-31,training_frequency,-1,0.5577557755775577,0.5577557755775577,1,0
quarter_trend2_validated,2533,2021-07-02,2021-07-12,0.0068193733271841,2021,2020-12-31,training_frequency,-1,0.5577557755775577,0.5577557755775577,1,1
quarter_trend2_validated,2538,2021-07-09,2021-07-19,-0.0048254045313779,2021,2020-12-31,training_frequency,-1,0.5577557755775577,0.5577557755775577,1,0
quarter_trend2_validated,2543,2021-07-16,2021-07-26,-0.0032299118953994,2021,2020-12-31,training_frequency,-1,0.5577557755775577,0.5577557755775577,1,0
quarter_trend2_validated,2548,2021-07-23,2021-08-02,-0.0537740931579083,2021,2020-12-31,training_frequency,-1,0.5577557755775577,0.5577557755775577,1,0
quarter_trend2_validated,2553,2021-07-30,2021-08-09,0.019904813945049,2021,2020-12-31,training_frequency,-1,0.5577557755775577,0.5577557755775577,1,1
quarter_trend2_validated,2558,2021-08-06,2021-08-16,0.0093369268709639,2021,2020-12-31,training_frequency,-1,0.5577557755775577,0.5577557755775577,1,1
quarter_trend2_validated,2563,2021-08-13,2021-08-23,-0.032048736608373,2021,2020-12-31,training_frequency,-1,0.5577557755775577,0.5577557755775577,1,0
quarter_trend2_validated,2568,2021-08-20,2021-08-30,0.0145047962107527,2021,2020-12-31,training_frequency,-1,0.5577557755775577,0.5577557755775577,1,1
quarter_trend2_validated,2573,2021-08-27,2021-09-06,-0.0012316820816045,2021,2020-12-31,training_frequency,-1,0.5577557755775577,0.5577557755775577,1,0
quarter_trend2_validated,2578,2021-09-03,2021-09-13,0.0342301066295398,2021,2020-12-31,training_frequency,-1,0.5577557755775577,0.5577557755775577,1,1
quarter_trend2_validated,2583,2021-09-10,2021-09-22,-0.0471441667981554,2021,2020-12-31,training_frequency,-1,0.5577557755775577,0.5577557755775577,1,0
quarter_trend2_validated,2588,2021-09-17,2021-09-28,0.0209863060789441,2021,2020-12-31,training_frequency,-1,0.5577557755775577,0.5577557755775577,1,1
quarter_trend2_validated,2591,2021-09-24,2021-10-11,0.0144615416200457,2021,2020-12-31,training_frequency,-1,0.5577557755775577,0.5577557755775577,1,1
quarter_trend2_validated,2596,2021-10-08,2021-10-18,-0.0038006269617851,2021,2020-12-31,training_frequency,-1,0.5577557755775577,0.5577557755775577,1,0
quarter_trend2_validated,2601,2021-10-15,2021-10-25,0.0037358989621147,2021,2020-12-31,training_frequency,-1,0.5577557755775577,0.5577557755775577,1,1
quarter_trend2_validated,2606,2021-10-22,2021-11-01,-0.0127041632091318,2021,2020-12-31,training_frequency,-1,0.5577557755775577,0.5577557755775577,1,0
quarter_trend2_validated,2611,2021-10-29,2021-11-08,-0.0075807737801166,2021,2020-12-31,training_frequency,-1,0.5577557755775577,0.5577557755775577,1,0
quarter_trend2_validated,2616,2021-11-05,2021-11-15,0.0110015182343039,2021,2020-12-31,training_frequency,-1,0.5577557755775577,0.5577557755775577,1,1
quarter_trend2_validated,2621,2021-11-12,2021-11-22,0.0002002284238551,2021,2020-12-31,training_frequency,-1,0.5577557755775577,0.5577557755775577,1,1
quarter_trend2_validated,2626,2021-11-19,2021-11-29,-0.0153981603100059,2021,2020-12-31,training_frequency,-1,0.5577557755775577,0.5577557755775577,1,0
quarter_trend2_validated,2631,2021-11-26,2021-12-06,0.0185518287306458,2021,2020-12-31,training_frequency,-1,0.5577557755775577,0.5577557755775577,1,1
quarter_trend2_validated,2636,2021-12-03,2021-12-13,0.0367843110096284,2021,2020-12-31,training_frequency,-1,0.5577557755775577,0.5577557755775577,1,1
quarter_trend2_validated,2641,2021-12-10,2021-12-20,-0.0304615698955996,2021,2020-12-31,training_frequency,-1,0.5577557755775577,0.5577557755775577,1,0
quarter_trend2_validated,2646,2021-12-17,2021-12-27,-0.0034083287233763,2021,2020-12-31,training_frequency,-1,0.5577557755775577,0.5577557755775577,1,0
quarter_trend2_validated,2651,2021-12-24,2022-01-04,0.0080985736506613,2021,2020-12-31,training_frequency,-1,0.5577557755775577,0.5577557755775577,1,1
quarter_trend2_validated,2656,2021-12-31,2022-01-10,-0.0293970528320001,2021,2020-12-31,training_frequency,-1,0.5577557755775577,0.5577557755775577,1,0
quarter_trend2_validated,2418,2021-01-08,2021-01-18,-0.0120052904669853,2021,2020-12-31,native_mse,20260911,0.008552411017393067,,1,0
quarter_trend2_validated,2423,2021-01-15,2021-01-25,0.0231622460538123,2021,2020-12-31,native_mse,20260911,0.004218820233000888,,1,1
quarter_trend2_validated,2428,2021-01-22,2021-02-01,-0.0372511735907923,2021,2020-12-31,native_mse,20260911,0.004959951689017089,,1,0
quarter_trend2_validated,2433,2021-01-29,2021-02-08,0.0278689901714626,2021,2020-12-31,native_mse,20260911,-0.006242641410233065,,0,1
quarter_trend2_validated,2438,2021-02-05,2021-02-22,0.0507379035040882,2021,2020-12-31,native_mse,20260911,0.0007951359987466982,,1,1
quarter_trend2_validated,2443,2021-02-19,2021-03-01,-0.0684918010685315,2021,2020-12-31,native_mse,20260911,-0.0016330918552967294,,0,0
quarter_trend2_validated,2448,2021-02-26,2021-03-08,-0.0165997123904068,2021,2020-12-31,native_mse,20260911,-0.00533638880364651,,0,0
quarter_trend2_validated,2453,2021-03-05,2021-03-15,-0.0346560901469681,2021,2020-12-31,native_mse,20260911,-0.011674592766508288,,0,0
quarter_trend2_validated,2458,2021-03-12,2021-03-22,-0.0210550182560221,2021,2020-12-31,native_mse,20260911,-0.007847066861436623,,0,0
quarter_trend2_validated,2463,2021-03-19,2021-03-29,0.0087572877565691,2021,2020-12-31,native_mse,20260911,-0.0039060339233599494,,0,1
quarter_trend2_validated,2468,2021-03-26,2021-04-06,0.0250145479448802,2021,2020-12-31,native_mse,20260911,0.0009273635613917179,,1,1
quarter_trend2_validated,2473,2021-04-02,2021-04-12,-0.0292856811827044,2021,2020-12-31,native_mse,20260911,-0.0027355840325147787,,0,0
quarter_trend2_validated,2477,2021-04-09,2021-04-19,-0.0120489836840408,2021,2020-12-31,native_mse,20260911,-0.0036343506408249315,,0,0
quarter_trend2_validated,2482,2021-04-16,2021-04-26,0.0382932540809155,2021,2020-12-31,native_mse,20260911,-0.0006724515978878938,,0,1
quarter_trend2_validated,2487,2021-04-23,2021-05-06,-0.0112070185917437,2021,2020-12-31,native_mse,20260911,0.0055289088739753755,,1,0
quarter_trend2_validated,2492,2021-04-30,2021-05-12,-0.0190946889464188,2021,2020-12-31,native_mse,20260911,0.0033327575219957396,,1,0
quarter_trend2_validated,2494,2021-05-07,2021-05-17,0.0227674429764228,2021,2020-12-31,native_mse,20260911,0.0021669511395786133,,1,1
quarter_trend2_validated,2499,2021-05-14,2021-05-24,0.0045940519733895,2021,2020-12-31,native_mse,20260911,0.0011114542693073139,,1,1
quarter_trend2_validated,2504,2021-05-21,2021-05-31,0.0348855085126711,2021,2020-12-31,native_mse,20260911,0.008400289317996804,,1,1
quarter_trend2_validated,2509,2021-05-28,2021-06-07,-0.0062409741861724,2021,2020-12-31,native_mse,20260911,0.0007953145198423817,,1,0
quarter_trend2_validated,2514,2021-06-04,2021-06-15,-0.0125508761771767,2021,2020-12-31,native_mse,20260911,-0.007020166164517651,,0,0
quarter_trend2_validated,2519,2021-06-11,2021-06-21,-0.0250011497424577,2021,2020-12-31,native_mse,20260911,-0.008619872591947365,,0,0
quarter_trend2_validated,2523,2021-06-18,2021-06-28,0.0325308711127356,2021,2020-12-31,native_mse,20260911,-0.008791375820448139,,0,1
quarter_trend2_validated,2528,2021-06-25,2021-07-05,-0.0342297962734196,2021,2020-12-31,native_mse,20260911,-0.008045520831514462,,0,0
quarter_trend2_validated,2533,2021-07-02,2021-07-12,0.0068193733271841,2021,2020-12-31,native_mse,20260911,-0.007174844548354277,,0,1
quarter_trend2_validated,2538,2021-07-09,2021-07-19,-0.0048254045313779,2021,2020-12-31,native_mse,20260911,-0.015340492927170088,,0,0
quarter_trend2_validated,2543,2021-07-16,2021-07-26,-0.0032299118953994,2021,2020-12-31,native_mse,20260911,-0.005208717730643443,,0,0
quarter_trend2_validated,2548,2021-07-23,2021-08-02,-0.0537740931579083,2021,2020-12-31,native_mse,20260911,-0.005850917345567664,,0,0
quarter_trend2_validated,2553,2021-07-30,2021-08-09,0.019904813945049,2021,2020-12-31,native_mse,20260911,-0.0028205260505218244,,0,1
quarter_trend2_validated,2558,2021-08-06,2021-08-16,0.0093369268709639,2021,2020-12-31,native_mse,20260911,0.0007831311211854701,,1,1
quarter_trend2_validated,2563,2021-08-13,2021-08-23,-0.032048736608373,2021,2020-12-31,native_mse,20260911,-0.0005906639308137641,,0,0
quarter_trend2_validated,2568,2021-08-20,2021-08-30,0.0145047962107527,2021,2020-12-31,native_mse,20260911,-0.004641917146108556,,0,1
quarter_trend2_validated,2573,2021-08-27,2021-09-06,-0.0012316820816045,2021,2020-12-31,native_mse,20260911,0.014579973106645959,,1,0
quarter_trend2_validated,2578,2021-09-03,2021-09-13,0.0342301066295398,2021,2020-12-31,native_mse,20260911,0.008593989010996025,,1,1
quarter_trend2_validated,2583,2021-09-10,2021-09-22,-0.0471441667981554,2021,2020-12-31,native_mse,20260911,0.008313547741757724,,1,0
quarter_trend2_validated,2588,2021-09-17,2021-09-28,0.0209863060789441,2021,2020-12-31,native_mse,20260911,0.01165935650344279,,1,1
quarter_trend2_validated,2591,2021-09-24,2021-10-11,0.0144615416200457,2021,2020-12-31,native_mse,20260911,0.005518532924551857,,1,1
quarter_trend2_validated,2596,2021-10-08,2021-10-18,-0.0038006269617851,2021,2020-12-31,native_mse,20260911,0.012263523541426666,,1,0
quarter_trend2_validated,2601,2021-10-15,2021-10-25,0.0037358989621147,2021,2020-12-31,native_mse,20260911,0.005744974739242532,,1,1
quarter_trend2_validated,2606,2021-10-22,2021-11-01,-0.0127041632091318,2021,2020-12-31,native_mse,20260911,-0.002876912071818175,,0,0
quarter_trend2_validated,2611,2021-10-29,2021-11-08,-0.0075807737801166,2021,2020-12-31,native_mse,20260911,0.007299876265916085,,1,0
quarter_trend2_validated,2616,2021-11-05,2021-11-15,0.0110015182343039,2021,2020-12-31,native_mse,20260911,0.01509194783358179,,1,1
quarter_trend2_validated,2621,2021-11-12,2021-11-22,0.0002002284238551,2021,2020-12-31,native_mse,20260911,0.015091062401740971,,1,1
quarter_trend2_validated,2626,2021-11-19,2021-11-29,-0.0153981603100059,2021,2020-12-31,native_mse,20260911,0.0038828482450291406,,1,0
quarter_trend2_validated,2631,2021-11-26,2021-12-06,0.0185518287306458,2021,2020-12-31,native_mse,20260911,0.012319022901115752,,1,1
quarter_trend2_validated,2636,2021-12-03,2021-12-13,0.0367843110096284,2021,2020-12-31,native_mse,20260911,-0.0032795392457900994,,0,1
quarter_trend2_validated,2641,2021-12-10,2021-12-20,-0.0304615698955996,2021,2020-12-31,native_mse,20260911,0.0011267436480836153,,1,0
quarter_trend2_validated,2646,2021-12-17,2021-12-27,-0.0034083287233763,2021,2020-12-31,native_mse,20260911,0.009051863032613542,,1,0
quarter_trend2_validated,2651,2021-12-24,2022-01-04,0.0080985736506613,2021,2020-12-31,native_mse,20260911,0.011692479032888078,,1,1
quarter_trend2_validated,2656,2021-12-31,2022-01-10,-0.0293970528320001,2021,2020-12-31,native_mse,20260911,0.0061027978323025915,,1,0
quarter_trend2_validated,2418,2021-01-08,2021-01-18,-0.0120052904669853,2021,2020-12-31,native_mse,20260912,0.001397497585867654,,1,0
quarter_trend2_validated,2423,2021-01-15,2021-01-25,0.0231622460538123,2021,2020-12-31,native_mse,20260912,0.0006715229500529757,,1,1
quarter_trend2_validated,2428,2021-01-22,2021-02-01,-0.0372511735907923,2021,2020-12-31,native_mse,20260912,0.0008989216255188498,,1,0
quarter_trend2_validated,2433,2021-01-29,2021-02-08,0.0278689901714626,2021,2020-12-31,native_mse,20260912,0.0007959764416317159,,1,1
quarter_trend2_validated,2438,2021-02-05,2021-02-22,0.0507379035040882,2021,2020-12-31,native_mse,20260912,0.0012803740659475327,,1,1
quarter_trend2_validated,2443,2021-02-19,2021-03-01,-0.0684918010685315,2021,2020-12-31,native_mse,20260912,0.0009133829615551264,,1,0
quarter_trend2_validated,2448,2021-02-26,2021-03-08,-0.0165997123904068,2021,2020-12-31,native_mse,20260912,0.0013704992420810927,,1,0
quarter_trend2_validated,2453,2021-03-05,2021-03-15,-0.0346560901469681,2021,2020-12-31,native_mse,20260912,0.0008756814992302536,,1,0
quarter_trend2_validated,2458,2021-03-12,2021-03-22,-0.0210550182560221,2021,2020-12-31,native_mse,20260912,0.0011757184818956695,,1,0
quarter_trend2_validated,2463,2021-03-19,2021-03-29,0.0087572877565691,2021,2020-12-31,native_mse,20260912,0.0010792053864410744,,1,1
quarter_trend2_validated,2468,2021-03-26,2021-04-06,0.0250145479448802,2021,2020-12-31,native_mse,20260912,0.0011499309968955886,,1,1
quarter_trend2_validated,2473,2021-04-02,2021-04-12,-0.0292856811827044,2021,2020-12-31,native_mse,20260912,0.0010410156043567688,,1,0
quarter_trend2_validated,2477,2021-04-09,2021-04-19,-0.0120489836840408,2021,2020-12-31,native_mse,20260912,0.0015346227958627386,,1,0
quarter_trend2_validated,2482,2021-04-16,2021-04-26,0.0382932540809155,2021,2020-12-31,native_mse,20260912,0.001333459240383137,,1,1
quarter_trend2_validated,2487,2021-04-23,2021-05-06,-0.0112070185917437,2021,2020-12-31,native_mse,20260912,0.0016691075435783544,,1,0
quarter_trend2_validated,2492,2021-04-30,2021-05-12,-0.0190946889464188,2021,2020-12-31,native_mse,20260912,0.0008697905080337705,,1,0
quarter_trend2_validated,2494,2021-05-07,2021-05-17,0.0227674429764228,2021,2020-12-31,native_mse,20260912,0.0011496090030479206,,1,1
quarter_trend2_validated,2499,2021-05-14,2021-05-24,0.0045940519733895,2021,2020-12-31,native_mse,20260912,0.0010483063772099349,,1,1
quarter_trend2_validated,2504,2021-05-21,2021-05-31,0.0348855085126711,2021,2020-12-31,native_mse,20260912,0.0011439525898009322,,1,1
quarter_trend2_validated,2509,2021-05-28,2021-06-07,-0.0062409741861724,2021,2020-12-31,native_mse,20260912,0.0011525125328662067,,1,0
quarter_trend2_validated,2514,2021-06-04,2021-06-15,-0.0125508761771767,2021,2020-12-31,native_mse,20260912,0.0007128828650729158,,1,0
quarter_trend2_validated,2519,2021-06-11,2021-06-21,-0.0250011497424577,2021,2020-12-31,native_mse,20260912,0.0008407535701623152,,1,0
quarter_trend2_validated,2523,2021-06-18,2021-06-28,0.0325308711127356,2021,2020-12-31,native_mse,20260912,0.0005295128002944305,,1,1
quarter_trend2_validated,2528,2021-06-25,2021-07-05,-0.0342297962734196,2021,2020-12-31,native_mse,20260912,0.0004392776625445282,,1,0
quarter_trend2_validated,2533,2021-07-02,2021-07-12,0.0068193733271841,2021,2020-12-31,native_mse,20260912,0.0008802423955353033,,1,1
quarter_trend2_validated,2538,2021-07-09,2021-07-19,-0.0048254045313779,2021,2020-12-31,native_mse,20260912,0.001025036941487719,,1,0
quarter_trend2_validated,2543,2021-07-16,2021-07-26,-0.0032299118953994,2021,2020-12-31,native_mse,20260912,0.0009848540154367372,,1,0
quarter_trend2_validated,2548,2021-07-23,2021-08-02,-0.0537740931579083,2021,2020-12-31,native_mse,20260912,0.0010837390229232473,,1,0
quarter_trend2_validated,2553,2021-07-30,2021-08-09,0.019904813945049,2021,2020-12-31,native_mse,20260912,0.0007753634039124927,,1,1
quarter_trend2_validated,2558,2021-08-06,2021-08-16,0.0093369268709639,2021,2020-12-31,native_mse,20260912,0.0010686946751112278,,1,1
quarter_trend2_validated,2563,2021-08-13,2021-08-23,-0.032048736608373,2021,2020-12-31,native_mse,20260912,0.0016819071064647707,,1,0
quarter_trend2_validated,2568,2021-08-20,2021-08-30,0.0145047962107527,2021,2020-12-31,native_mse,20260912,0.0015674609930577542,,1,1
quarter_trend2_validated,2573,2021-08-27,2021-09-06,-0.0012316820816045,2021,2020-12-31,native_mse,20260912,0.0015518786224257932,,1,0
quarter_trend2_validated,2578,2021-09-03,2021-09-13,0.0342301066295398,2021,2020-12-31,native_mse,20260912,0.0015775578367383941,,1,1
quarter_trend2_validated,2583,2021-09-10,2021-09-22,-0.0471441667981554,2021,2020-12-31,native_mse,20260912,0.00097730888589041,,1,0
quarter_trend2_validated,2588,2021-09-17,2021-09-28,0.0209863060789441,2021,2020-12-31,native_mse,20260912,0.0010514539644274003,,1,1
quarter_trend2_validated,2591,2021-09-24,2021-10-11,0.0144615416200457,2021,2020-12-31,native_mse,20260912,0.0009736007301348337,,1,1
quarter_trend2_validated,2596,2021-10-08,2021-10-18,-0.0038006269617851,2021,2020-12-31,native_mse,20260912,0.0017059097904301645,,1,0
quarter_trend2_validated,2601,2021-10-15,2021-10-25,0.0037358989621147,2021,2020-12-31,native_mse,20260912,0.0013112113818953192,,1,1
quarter_trend2_validated,2606,2021-10-22,2021-11-01,-0.0127041632091318,2021,2020-12-31,native_mse,20260912,0.001166627382206441,,1,0
quarter_trend2_validated,2611,2021-10-29,2021-11-08,-0.0075807737801166,2021,2020-12-31,native_mse,20260912,0.0010497018546840582,,1,0
quarter_trend2_validated,2616,2021-11-05,2021-11-15,0.0110015182343039,2021,2020-12-31,native_mse,20260912,0.0009666279543883876,,1,1
quarter_trend2_validated,2621,2021-11-12,2021-11-22,0.0002002284238551,2021,2020-12-31,native_mse,20260912,0.00100753152357648,,1,1
quarter_trend2_validated,2626,2021-11-19,2021-11-29,-0.0153981603100059,2021,2020-12-31,native_mse,20260912,0.0011440904261233744,,1,0
quarter_trend2_validated,2631,2021-11-26,2021-12-06,0.0185518287306458,2021,2020-12-31,native_mse,20260912,0.0008222023383696463,,1,1
quarter_trend2_validated,2636,2021-12-03,2021-12-13,0.0367843110096284,2021,2020-12-31,native_mse,20260912,0.000663622110562264,,1,1
quarter_trend2_validated,2641,2021-12-10,2021-12-20,-0.0304615698955996,2021,2020-12-31,native_mse,20260912,0.0012207854253852776,,1,0
quarter_trend2_validated,2646,2021-12-17,2021-12-27,-0.0034083287233763,2021,2020-12-31,native_mse,20260912,0.0012339786672550855,,1,0
quarter_trend2_validated,2651,2021-12-24,2022-01-04,0.0080985736506613,2021,2020-12-31,native_mse,20260912,0.0010451229218044734,,1,1
quarter_trend2_validated,2656,2021-12-31,2022-01-10,-0.0293970528320001,2021,2020-12-31,native_mse,20260912,0.001214204791414166,,1,0
quarter_trend2_validated,2660,2022-01-07,2022-01-17,-0.0173453887283024,2022,2021-12-31,native_mse,20260910,-0.0034182510339292468,,0,0
quarter_trend2_validated,2665,2022-01-14,2022-01-24,0.0053248631776616,2022,2021-12-31,native_mse,20260910,0.004761167720503064,,1,1
quarter_trend2_validated,2670,2022-01-21,2022-02-07,-0.0242661876254222,2022,2021-12-31,native_mse,20260910,0.013137367547165641,,1,0
quarter_trend2_validated,2675,2022-01-28,2022-02-14,-0.0127539031341488,2022,2021-12-31,native_mse,20260910,0.010886081661597602,,1,0
quarter_trend2_validated,2680,2022-02-11,2022-02-21,0.0145498774954033,2022,2021-12-31,native_mse,20260910,0.008879219089809445,,1,1
quarter_trend2_validated,2685,2022-02-18,2022-02-28,-0.0177161244498015,2022,2021-12-31,native_mse,20260910,0.009476567447344621,,1,0
quarter_trend2_validated,2690,2022-02-25,2022-03-07,-0.0221791776043331,2022,2021-12-31,native_mse,20260910,0.01051598647298397,,1,0
quarter_trend2_validated,2695,2022-03-04,2022-03-14,-0.0480378799422749,2022,2021-12-31,native_mse,20260910,0.007053677912636015,,1,0
quarter_trend2_validated,2700,2022-03-11,2022-03-21,0.007530336734814,2022,2021-12-31,native_mse,20260910,0.010804442451387935,,1,1
quarter_trend2_validated,2705,2022-03-18,2022-03-28,-0.0353493110038457,2022,2021-12-31,native_mse,20260910,0.0072982657258971444,,1,0
quarter_trend2_validated,2710,2022-03-25,2022-04-06,0.0314834190717003,2022,2021-12-31,native_mse,20260910,0.007546796616275884,,1,1
quarter_trend2_validated,2715,2022-04-01,2022-04-12,-0.0129237372705649,2022,2021-12-31,native_mse,20260910,0.006781430452769677,,1,0
quarter_trend2_validated,2718,2022-04-08,2022-04-18,-0.0120986062576864,2022,2021-12-31,native_mse,20260910,0.00652895075643567,,1,0
quarter_trend2_validated,2723,2022-04-15,2022-04-25,-0.0528494340140576,2022,2021-12-31,native_mse,20260910,0.006385447465197085,,1,0
quarter_trend2_validated,2728,2022-04-22,2022-05-05,0.015736821365468,2022,2021-12-31,native_mse,20260910,0.005099274511858865,,1,1
quarter_trend2_validated,2733,2022-04-29,2022-05-11,-0.0278824133054675,2022,2021-12-31,native_mse,20260910,0.004344044298975658,,1,0
quarter_trend2_validated,2735,2022-05-06,2022-05-16,0.033741423035827,2022,2021-12-31,native_mse,20260910,0.0035518248227642247,,1,1
quarter_trend2_validated,2740,2022-05-13,2022-05-23,0.0164308841843088,2022,2021-12-31,native_mse,20260910,0.002890441768532801,,1,1
quarter_trend2_validated,2745,2022-05-20,2022-05-30,-0.0147293413085614,2022,2021-12-31,native_mse,20260910,0.002556802191789734,,1,0
quarter_trend2_validated,2750,2022-05-27,2022-06-13,0.0431748431927498,2022,2021-12-31,native_mse,20260910,-0.006714076298392413,,0,1
quarter_trend2_validated,2759,2022-06-10,2022-06-20,0.0306046547112142,2022,2021-12-31,native_mse,20260910,-0.0017160693271902699,,0,1
quarter_trend2_validated,2764,2022-06-17,2022-06-27,0.0211666894141107,2022,2021-12-31,native_mse,20260910,-0.005554400786314341,,0,1
quarter_trend2_validated,2769,2022-06-24,2022-07-04,0.0074507343130214,2022,2021-12-31,native_mse,20260910,-0.006611900023593844,,0,1
quarter_trend2_validated,2774,2022-07-01,2022-07-11,-0.0092349827532707,2022,2021-12-31,native_mse,20260910,-0.001849659274069034,,0,0
quarter_trend2_validated,2779,2022-07-08,2022-07-18,-0.0326815927737367,2022,2021-12-31,native_mse,20260910,-0.0036295526636022737,,0,0
quarter_trend2_validated,2784,2022-07-15,2022-07-25,-0.0066210715249344,2022,2021-12-31,native_mse,20260910,-0.00726704662423343,,0,0
quarter_trend2_validated,2789,2022-07-22,2022-08-01,-0.0173077967751003,2022,2021-12-31,native_mse,20260910,-0.005304375487712945,,0,0
quarter_trend2_validated,2794,2022-07-29,2022-08-08,-0.004456034513838,2022,2021-12-31,native_mse,20260910,0.012166125781651363,,1,0
quarter_trend2_validated,2799,2022-08-05,2022-08-15,0.0091475117753996,2022,2021-12-31,native_mse,20260910,0.004077391662883762,,1,1
quarter_trend2_validated,2804,2022-08-12,2022-08-22,-0.0107272727272728,2022,2021-12-31,native_mse,20260910,0.0035826870942200968,,1,0
quarter_trend2_validated,2809,2022-08-19,2022-08-29,-0.0172375434082356,2022,2021-12-31,native_mse,20260910,0.012796192349441387,,1,0
quarter_trend2_validated,2814,2022-08-26,2022-09-05,-0.0131573766941938,2022,2021-12-31,native_mse,20260910,0.0045980644388349074,,1,0
quarter_trend2_validated,2819,2022-09-02,2022-09-13,0.0253340680878015,2022,2021-12-31,native_mse,20260910,0.0016393163861851791,,1,1
quarter_trend2_validated,2824,2022-09-09,2022-09-19,-0.044647264962877,2022,2021-12-31,native_mse,20260910,0.011024491197755238,,1,0
quarter_trend2_validated,2828,2022-09-16,2022-09-26,-0.025155151434928,2022,2021-12-31,native_mse,20260910,0.0006249539921165778,,1,0
quarter_trend2_validated,2833,2022-09-23,2022-10-10,-0.0060162941299352,2022,2021-12-31,native_mse,20260910,0.00941379002591237,,1,0
quarter_trend2_validated,2838,2022-09-30,2022-10-17,0.0041192047412885,2022,2021-12-31,native_mse,20260910,-0.003455449604433236,,0,1
quarter_trend2_validated,2843,2022-10-14,2022-10-24,-0.0246766294110258,2022,2021-12-31,native_mse,20260910,0.004982119577206458,,1,0
quarter_trend2_validated,2848,2022-10-21,2022-10-31,-0.059928861134359,2022,2021-12-31,native_mse,20260910,0.004400428951388619,,1,0
quarter_trend2_validated,2853,2022-10-28,2022-11-07,0.071339502526744,2022,2021-12-31,native_mse,20260910,-0.004533662272660886,,0,1
quarter_trend2_validated,2858,2022-11-04,2022-11-14,0.0169449090696014,2022,2021-12-31,native_mse,20260910,0.009145763900992613,,1,1
quarter_trend2_validated,2863,2022-11-11,2022-11-21,-0.0127051391515239,2022,2021-12-31,native_mse,20260910,0.005105981957746508,,1,0
quarter_trend2_validated,2868,2022-11-18,2022-11-28,-0.0179672806084416,2022,2021-12-31,native_mse,20260910,0.004390010241707061,,1,0
quarter_trend2_validated,2873,2022-11-25,2022-12-05,0.0555768659337096,2022,2021-12-31,native_mse,20260910,-0.0021694749097981593,,0,1
quarter_trend2_validated,2878,2022-12-02,2022-12-12,0.0175374394775362,2022,2021-12-31,native_mse,20260910,-0.008963509314181651,,0,1
quarter_trend2_validated,2883,2022-12-09,2022-12-19,-0.0058850602464181,2022,2021-12-31,native_mse,20260910,-0.008742160121666592,,0,0
quarter_trend2_validated,2888,2022-12-16,2022-12-26,-0.0309150292073658,2022,2021-12-31,native_mse,20260910,0.00021070675399415396,,1,0
quarter_trend2_validated,2893,2022-12-23,2023-01-03,0.0089464492229616,2022,2021-12-31,native_mse,20260910,-0.006931659189351796,,0,1
quarter_trend2_validated,2898,2022-12-30,2023-01-09,0.0345913414268119,2022,2021-12-31,native_mse,20260910,-0.004005139352311209,,0,1
quarter_trend2_validated,2660,2022-01-07,2022-01-17,-0.0173453887283024,2022,2021-12-31,training_frequency,-1,0.5458298926507019,0.5458298926507019,1,0
quarter_trend2_validated,2665,2022-01-14,2022-01-24,0.0053248631776616,2022,2021-12-31,training_frequency,-1,0.5458298926507019,0.5458298926507019,1,1
quarter_trend2_validated,2670,2022-01-21,2022-02-07,-0.0242661876254222,2022,2021-12-31,training_frequency,-1,0.5458298926507019,0.5458298926507019,1,0
quarter_trend2_validated,2675,2022-01-28,2022-02-14,-0.0127539031341488,2022,2021-12-31,training_frequency,-1,0.5458298926507019,0.5458298926507019,1,0
quarter_trend2_validated,2680,2022-02-11,2022-02-21,0.0145498774954033,2022,2021-12-31,training_frequency,-1,0.5458298926507019,0.5458298926507019,1,1
quarter_trend2_validated,2685,2022-02-18,2022-02-28,-0.0177161244498015,2022,2021-12-31,training_frequency,-1,0.5458298926507019,0.5458298926507019,1,0
quarter_trend2_validated,2690,2022-02-25,2022-03-07,-0.0221791776043331,2022,2021-12-31,training_frequency,-1,0.5458298926507019,0.5458298926507019,1,0
quarter_trend2_validated,2695,2022-03-04,2022-03-14,-0.0480378799422749,2022,2021-12-31,training_frequency,-1,0.5458298926507019,0.5458298926507019,1,0
quarter_trend2_validated,2700,2022-03-11,2022-03-21,0.007530336734814,2022,2021-12-31,training_frequency,-1,0.5458298926507019,0.5458298926507019,1,1
quarter_trend2_validated,2705,2022-03-18,2022-03-28,-0.0353493110038457,2022,2021-12-31,training_frequency,-1,0.5458298926507019,0.5458298926507019,1,0
quarter_trend2_validated,2710,2022-03-25,2022-04-06,0.0314834190717003,2022,2021-12-31,training_frequency,-1,0.5458298926507019,0.5458298926507019,1,1
quarter_trend2_validated,2715,2022-04-01,2022-04-12,-0.0129237372705649,2022,2021-12-31,training_frequency,-1,0.5458298926507019,0.5458298926507019,1,0
quarter_trend2_validated,2718,2022-04-08,2022-04-18,-0.0120986062576864,2022,2021-12-31,training_frequency,-1,0.5458298926507019,0.5458298926507019,1,0
quarter_trend2_validated,2723,2022-04-15,2022-04-25,-0.0528494340140576,2022,2021-12-31,training_frequency,-1,0.5458298926507019,0.5458298926507019,1,0
quarter_trend2_validated,2728,2022-04-22,2022-05-05,0.015736821365468,2022,2021-12-31,training_frequency,-1,0.5458298926507019,0.5458298926507019,1,1
quarter_trend2_validated,2733,2022-04-29,2022-05-11,-0.0278824133054675,2022,2021-12-31,training_frequency,-1,0.5458298926507019,0.5458298926507019,1,0
quarter_trend2_validated,2735,2022-05-06,2022-05-16,0.033741423035827,2022,2021-12-31,training_frequency,-1,0.5458298926507019,0.5458298926507019,1,1
quarter_trend2_validated,2740,2022-05-13,2022-05-23,0.0164308841843088,2022,2021-12-31,training_frequency,-1,0.5458298926507019,0.5458298926507019,1,1
quarter_trend2_validated,2745,2022-05-20,2022-05-30,-0.0147293413085614,2022,2021-12-31,training_frequency,-1,0.5458298926507019,0.5458298926507019,1,0
quarter_trend2_validated,2750,2022-05-27,2022-06-13,0.0431748431927498,2022,2021-12-31,training_frequency,-1,0.5458298926507019,0.5458298926507019,1,1
quarter_trend2_validated,2759,2022-06-10,2022-06-20,0.0306046547112142,2022,2021-12-31,training_frequency,-1,0.5458298926507019,0.5458298926507019,1,1
quarter_trend2_validated,2764,2022-06-17,2022-06-27,0.0211666894141107,2022,2021-12-31,training_frequency,-1,0.5458298926507019,0.5458298926507019,1,1
quarter_trend2_validated,2769,2022-06-24,2022-07-04,0.0074507343130214,2022,2021-12-31,training_frequency,-1,0.5458298926507019,0.5458298926507019,1,1
quarter_trend2_validated,2774,2022-07-01,2022-07-11,-0.0092349827532707,2022,2021-12-31,training_frequency,-1,0.5458298926507019,0.5458298926507019,1,0
quarter_trend2_validated,2779,2022-07-08,2022-07-18,-0.0326815927737367,2022,2021-12-31,training_frequency,-1,0.5458298926507019,0.5458298926507019,1,0
quarter_trend2_validated,2784,2022-07-15,2022-07-25,-0.0066210715249344,2022,2021-12-31,training_frequency,-1,0.5458298926507019,0.5458298926507019,1,0
quarter_trend2_validated,2789,2022-07-22,2022-08-01,-0.0173077967751003,2022,2021-12-31,training_frequency,-1,0.5458298926507019,0.5458298926507019,1,0
quarter_trend2_validated,2794,2022-07-29,2022-08-08,-0.004456034513838,2022,2021-12-31,training_frequency,-1,0.5458298926507019,0.5458298926507019,1,0
quarter_trend2_validated,2799,2022-08-05,2022-08-15,0.0091475117753996,2022,2021-12-31,training_frequency,-1,0.5458298926507019,0.5458298926507019,1,1
quarter_trend2_validated,2804,2022-08-12,2022-08-22,-0.0107272727272728,2022,2021-12-31,training_frequency,-1,0.5458298926507019,0.5458298926507019,1,0
quarter_trend2_validated,2809,2022-08-19,2022-08-29,-0.0172375434082356,2022,2021-12-31,training_frequency,-1,0.5458298926507019,0.5458298926507019,1,0
quarter_trend2_validated,2814,2022-08-26,2022-09-05,-0.0131573766941938,2022,2021-12-31,training_frequency,-1,0.5458298926507019,0.5458298926507019,1,0
quarter_trend2_validated,2819,2022-09-02,2022-09-13,0.0253340680878015,2022,2021-12-31,training_frequency,-1,0.5458298926507019,0.5458298926507019,1,1
quarter_trend2_validated,2824,2022-09-09,2022-09-19,-0.044647264962877,2022,2021-12-31,training_frequency,-1,0.5458298926507019,0.5458298926507019,1,0
quarter_trend2_validated,2828,2022-09-16,2022-09-26,-0.025155151434928,2022,2021-12-31,training_frequency,-1,0.5458298926507019,0.5458298926507019,1,0
quarter_trend2_validated,2833,2022-09-23,2022-10-10,-0.0060162941299352,2022,2021-12-31,training_frequency,-1,0.5458298926507019,0.5458298926507019,1,0
quarter_trend2_validated,2838,2022-09-30,2022-10-17,0.0041192047412885,2022,2021-12-31,training_frequency,-1,0.5458298926507019,0.5458298926507019,1,1
quarter_trend2_validated,2843,2022-10-14,2022-10-24,-0.0246766294110258,2022,2021-12-31,training_frequency,-1,0.5458298926507019,0.5458298926507019,1,0
quarter_trend2_validated,2848,2022-10-21,2022-10-31,-0.059928861134359,2022,2021-12-31,training_frequency,-1,0.5458298926507019,0.5458298926507019,1,0
quarter_trend2_validated,2853,2022-10-28,2022-11-07,0.071339502526744,2022,2021-12-31,training_frequency,-1,0.5458298926507019,0.5458298926507019,1,1
quarter_trend2_validated,2858,2022-11-04,2022-11-14,0.0169449090696014,2022,2021-12-31,training_frequency,-1,0.5458298926507019,0.5458298926507019,1,1
quarter_trend2_validated,2863,2022-11-11,2022-11-21,-0.0127051391515239,2022,2021-12-31,training_frequency,-1,0.5458298926507019,0.5458298926507019,1,0
quarter_trend2_validated,2868,2022-11-18,2022-11-28,-0.0179672806084416,2022,2021-12-31,training_frequency,-1,0.5458298926507019,0.5458298926507019,1,0
quarter_trend2_validated,2873,2022-11-25,2022-12-05,0.0555768659337096,2022,2021-12-31,training_frequency,-1,0.5458298926507019,0.5458298926507019,1,1
quarter_trend2_validated,2878,2022-12-02,2022-12-12,0.0175374394775362,2022,2021-12-31,training_frequency,-1,0.5458298926507019,0.5458298926507019,1,1
quarter_trend2_validated,2883,2022-12-09,2022-12-19,-0.0058850602464181,2022,2021-12-31,training_frequency,-1,0.5458298926507019,0.5458298926507019,1,0
quarter_trend2_validated,2888,2022-12-16,2022-12-26,-0.0309150292073658,2022,2021-12-31,training_frequency,-1,0.5458298926507019,0.5458298926507019,1,0
quarter_trend2_validated,2893,2022-12-23,2023-01-03,0.0089464492229616,2022,2021-12-31,training_frequency,-1,0.5458298926507019,0.5458298926507019,1,1
quarter_trend2_validated,2898,2022-12-30,2023-01-09,0.0345913414268119,2022,2021-12-31,training_frequency,-1,0.5458298926507019,0.5458298926507019,1,1
quarter_trend2_validated,2660,2022-01-07,2022-01-17,-0.0173453887283024,2022,2021-12-31,native_mse,20260911,0.007330315708159769,,1,0
quarter_trend2_validated,2665,2022-01-14,2022-01-24,0.0053248631776616,2022,2021-12-31,native_mse,20260911,0.015471274729398543,,1,1
quarter_trend2_validated,2670,2022-01-21,2022-02-07,-0.0242661876254222,2022,2021-12-31,native_mse,20260911,0.009873111042602054,,1,0
quarter_trend2_validated,2675,2022-01-28,2022-02-14,-0.0127539031341488,2022,2021-12-31,native_mse,20260911,0.0025503118790792955,,1,0
quarter_trend2_validated,2680,2022-02-11,2022-02-21,0.0145498774954033,2022,2021-12-31,native_mse,20260911,0.0063949393307865515,,1,1
quarter_trend2_validated,2685,2022-02-18,2022-02-28,-0.0177161244498015,2022,2021-12-31,native_mse,20260911,0.004306186298337274,,1,0
quarter_trend2_validated,2690,2022-02-25,2022-03-07,-0.0221791776043331,2022,2021-12-31,native_mse,20260911,0.00884306439536679,,1,0
quarter_trend2_validated,2695,2022-03-04,2022-03-14,-0.0480378799422749,2022,2021-12-31,native_mse,20260911,0.008878575004775912,,1,0
quarter_trend2_validated,2700,2022-03-11,2022-03-21,0.007530336734814,2022,2021-12-31,native_mse,20260911,0.008804997087552644,,1,1
quarter_trend2_validated,2705,2022-03-18,2022-03-28,-0.0353493110038457,2022,2021-12-31,native_mse,20260911,0.0029149751065889705,,1,0
quarter_trend2_validated,2710,2022-03-25,2022-04-06,0.0314834190717003,2022,2021-12-31,native_mse,20260911,0.009608904415587632,,1,1
quarter_trend2_validated,2715,2022-04-01,2022-04-12,-0.0129237372705649,2022,2021-12-31,native_mse,20260911,0.013290024702572031,,1,0
quarter_trend2_validated,2718,2022-04-08,2022-04-18,-0.0120986062576864,2022,2021-12-31,native_mse,20260911,0.0032429576095984285,,1,0
quarter_trend2_validated,2723,2022-04-15,2022-04-25,-0.0528494340140576,2022,2021-12-31,native_mse,20260911,0.016983479995433693,,1,0
quarter_trend2_validated,2728,2022-04-22,2022-05-05,0.015736821365468,2022,2021-12-31,native_mse,20260911,0.011987542362233185,,1,1
quarter_trend2_validated,2733,2022-04-29,2022-05-11,-0.0278824133054675,2022,2021-12-31,native_mse,20260911,0.0046606294840712235,,1,0
quarter_trend2_validated,2735,2022-05-06,2022-05-16,0.033741423035827,2022,2021-12-31,native_mse,20260911,-0.002196005566182584,,0,1
quarter_trend2_validated,2740,2022-05-13,2022-05-23,0.0164308841843088,2022,2021-12-31,native_mse,20260911,0.0038854901281264037,,1,1
quarter_trend2_validated,2745,2022-05-20,2022-05-30,-0.0147293413085614,2022,2021-12-31,native_mse,20260911,0.005767086549547615,,1,0
quarter_trend2_validated,2750,2022-05-27,2022-06-13,0.0431748431927498,2022,2021-12-31,native_mse,20260911,0.001263767062796844,,1,1
quarter_trend2_validated,2759,2022-06-10,2022-06-20,0.0306046547112142,2022,2021-12-31,native_mse,20260911,-0.0024637080117748144,,0,1
quarter_trend2_validated,2764,2022-06-17,2022-06-27,0.0211666894141107,2022,2021-12-31,native_mse,20260911,-0.0034192691302211337,,0,1
quarter_trend2_validated,2769,2022-06-24,2022-07-04,0.0074507343130214,2022,2021-12-31,native_mse,20260911,0.0007173637240202417,,1,1
quarter_trend2_validated,2774,2022-07-01,2022-07-11,-0.0092349827532707,2022,2021-12-31,native_mse,20260911,0.00019356382111467723,,1,0
quarter_trend2_validated,2779,2022-07-08,2022-07-18,-0.0326815927737367,2022,2021-12-31,native_mse,20260911,-0.002705313965036355,,0,0
quarter_trend2_validated,2784,2022-07-15,2022-07-25,-0.0066210715249344,2022,2021-12-31,native_mse,20260911,-0.01432584048846508,,0,0
quarter_trend2_validated,2789,2022-07-22,2022-08-01,-0.0173077967751003,2022,2021-12-31,native_mse,20260911,-0.01380965748442494,,0,0
quarter_trend2_validated,2794,2022-07-29,2022-08-08,-0.004456034513838,2022,2021-12-31,native_mse,20260911,-0.0005052222003642227,,0,0
quarter_trend2_validated,2799,2022-08-05,2022-08-15,0.0091475117753996,2022,2021-12-31,native_mse,20260911,0.011525493600414192,,1,1
quarter_trend2_validated,2804,2022-08-12,2022-08-22,-0.0107272727272728,2022,2021-12-31,native_mse,20260911,0.011216024245490553,,1,0
quarter_trend2_validated,2809,2022-08-19,2022-08-29,-0.0172375434082356,2022,2021-12-31,native_mse,20260911,0.011754323018096325,,1,0
quarter_trend2_validated,2814,2022-08-26,2022-09-05,-0.0131573766941938,2022,2021-12-31,native_mse,20260911,0.015594603509631271,,1,0
quarter_trend2_validated,2819,2022-09-02,2022-09-13,0.0253340680878015,2022,2021-12-31,native_mse,20260911,0.010900596081000016,,1,1
quarter_trend2_validated,2824,2022-09-09,2022-09-19,-0.044647264962877,2022,2021-12-31,native_mse,20260911,0.009845699372826781,,1,0
quarter_trend2_validated,2828,2022-09-16,2022-09-26,-0.025155151434928,2022,2021-12-31,native_mse,20260911,0.008491582609497948,,1,0
quarter_trend2_validated,2833,2022-09-23,2022-10-10,-0.0060162941299352,2022,2021-12-31,native_mse,20260911,0.016496050845990925,,1,0
quarter_trend2_validated,2838,2022-09-30,2022-10-17,0.0041192047412885,2022,2021-12-31,native_mse,20260911,0.0066528810646222045,,1,1
quarter_trend2_validated,2843,2022-10-14,2022-10-24,-0.0246766294110258,2022,2021-12-31,native_mse,20260911,0.007009044538463505,,1,0
quarter_trend2_validated,2848,2022-10-21,2022-10-31,-0.059928861134359,2022,2021-12-31,native_mse,20260911,0.010852556503638734,,1,0
quarter_trend2_validated,2853,2022-10-28,2022-11-07,0.071339502526744,2022,2021-12-31,native_mse,20260911,0.006842543646863063,,1,1
quarter_trend2_validated,2858,2022-11-04,2022-11-14,0.0169449090696014,2022,2021-12-31,native_mse,20260911,-0.008549410923537592,,0,1
quarter_trend2_validated,2863,2022-11-11,2022-11-21,-0.0127051391515239,2022,2021-12-31,native_mse,20260911,-0.005215109557773304,,0,0
quarter_trend2_validated,2868,2022-11-18,2022-11-28,-0.0179672806084416,2022,2021-12-31,native_mse,20260911,-0.010307087880643545,,0,0
quarter_trend2_validated,2873,2022-11-25,2022-12-05,0.0555768659337096,2022,2021-12-31,native_mse,20260911,0.0013951717650121252,,1,1
quarter_trend2_validated,2878,2022-12-02,2022-12-12,0.0175374394775362,2022,2021-12-31,native_mse,20260911,0.009832549235191711,,1,1
quarter_trend2_validated,2883,2022-12-09,2022-12-19,-0.0058850602464181,2022,2021-12-31,native_mse,20260911,0.003809464155812216,,1,0
quarter_trend2_validated,2888,2022-12-16,2022-12-26,-0.0309150292073658,2022,2021-12-31,native_mse,20260911,-0.00026475301217457076,,0,0
quarter_trend2_validated,2893,2022-12-23,2023-01-03,0.0089464492229616,2022,2021-12-31,native_mse,20260911,0.0011212783896272817,,1,1
quarter_trend2_validated,2898,2022-12-30,2023-01-09,0.0345913414268119,2022,2021-12-31,native_mse,20260911,-0.013209134532423342,,0,1
quarter_trend2_validated,2660,2022-01-07,2022-01-17,-0.0173453887283024,2022,2021-12-31,native_mse,20260912,0.001814179283598589,,1,0
quarter_trend2_validated,2665,2022-01-14,2022-01-24,0.0053248631776616,2022,2021-12-31,native_mse,20260912,0.0008133505012356114,,1,1
quarter_trend2_validated,2670,2022-01-21,2022-02-07,-0.0242661876254222,2022,2021-12-31,native_mse,20260912,0.003394922189452561,,1,0
quarter_trend2_validated,2675,2022-01-28,2022-02-14,-0.0127539031341488,2022,2021-12-31,native_mse,20260912,0.001858669558311765,,1,0
quarter_trend2_validated,2680,2022-02-11,2022-02-21,0.0145498774954033,2022,2021-12-31,native_mse,20260912,0.003479305001395758,,1,1
quarter_trend2_validated,2685,2022-02-18,2022-02-28,-0.0177161244498015,2022,2021-12-31,native_mse,20260912,0.00484344917433416,,1,0
quarter_trend2_validated,2690,2022-02-25,2022-03-07,-0.0221791776043331,2022,2021-12-31,native_mse,20260912,0.004930593592929232,,1,0
quarter_trend2_validated,2695,2022-03-04,2022-03-14,-0.0480378799422749,2022,2021-12-31,native_mse,20260912,0.004780982951547397,,1,0
quarter_trend2_validated,2700,2022-03-11,2022-03-21,0.007530336734814,2022,2021-12-31,native_mse,20260912,0.004193854635787947,,1,1
quarter_trend2_validated,2705,2022-03-18,2022-03-28,-0.0353493110038457,2022,2021-12-31,native_mse,20260912,0.004396502651581285,,1,0
quarter_trend2_validated,2710,2022-03-25,2022-04-06,0.0314834190717003,2022,2021-12-31,native_mse,20260912,0.0036897334948297125,,1,1
quarter_trend2_validated,2715,2022-04-01,2022-04-12,-0.0129237372705649,2022,2021-12-31,native_mse,20260912,0.003704448832752752,,1,0
quarter_trend2_validated,2718,2022-04-08,2022-04-18,-0.0120986062576864,2022,2021-12-31,native_mse,20260912,0.0033120503584409514,,1,0
quarter_trend2_validated,2723,2022-04-15,2022-04-25,-0.0528494340140576,2022,2021-12-31,native_mse,20260912,0.0030085181253416615,,1,0
quarter_trend2_validated,2728,2022-04-22,2022-05-05,0.015736821365468,2022,2021-12-31,native_mse,20260912,0.0026567146550084044,,1,1
quarter_trend2_validated,2733,2022-04-29,2022-05-11,-0.0278824133054675,2022,2021-12-31,native_mse,20260912,0.0018367479372410052,,1,0
quarter_trend2_validated,2735,2022-05-06,2022-05-16,0.033741423035827,2022,2021-12-31,native_mse,20260912,0.0020912186604119124,,1,1
quarter_trend2_validated,2740,2022-05-13,2022-05-23,0.0164308841843088,2022,2021-12-31,native_mse,20260912,0.0018493178254621319,,1,1
quarter_trend2_validated,2745,2022-05-20,2022-05-30,-0.0147293413085614,2022,2021-12-31,native_mse,20260912,0.0016372108848958446,,1,0
quarter_trend2_validated,2750,2022-05-27,2022-06-13,0.0431748431927498,2022,2021-12-31,native_mse,20260912,0.0012702553294938346,,1,1
quarter_trend2_validated,2759,2022-06-10,2022-06-20,0.0306046547112142,2022,2021-12-31,native_mse,20260912,-0.00018870985334741705,,0,1
quarter_trend2_validated,2764,2022-06-17,2022-06-27,0.0211666894141107,2022,2021-12-31,native_mse,20260912,-0.0009698518035469311,,0,1
quarter_trend2_validated,2769,2022-06-24,2022-07-04,0.0074507343130214,2022,2021-12-31,native_mse,20260912,-0.00016157705520515077,,0,1
quarter_trend2_validated,2774,2022-07-01,2022-07-11,-0.0092349827532707,2022,2021-12-31,native_mse,20260912,0.00012114906253678204,,1,0
quarter_trend2_validated,2779,2022-07-08,2022-07-18,-0.0326815927737367,2022,2021-12-31,native_mse,20260912,0.0009385572149118832,,1,0
quarter_trend2_validated,2784,2022-07-15,2022-07-25,-0.0066210715249344,2022,2021-12-31,native_mse,20260912,0.0008465033870475552,,1,0
quarter_trend2_validated,2789,2022-07-22,2022-08-01,-0.0173077967751003,2022,2021-12-31,native_mse,20260912,0.001749105544547778,,1,0
quarter_trend2_validated,2794,2022-07-29,2022-08-08,-0.004456034513838,2022,2021-12-31,native_mse,20260912,0.0022855909610094674,,1,0
quarter_trend2_validated,2799,2022-08-05,2022-08-15,0.0091475117753996,2022,2021-12-31,native_mse,20260912,0.0023275813973101045,,1,1
quarter_trend2_validated,2804,2022-08-12,2022-08-22,-0.0107272727272728,2022,2021-12-31,native_mse,20260912,0.00116828161002665,,1,0
quarter_trend2_validated,2809,2022-08-19,2022-08-29,-0.0172375434082356,2022,2021-12-31,native_mse,20260912,0.002641518401624336,,1,0
quarter_trend2_validated,2814,2022-08-26,2022-09-05,-0.0131573766941938,2022,2021-12-31,native_mse,20260912,0.00258122146459616,,1,0
quarter_trend2_validated,2819,2022-09-02,2022-09-13,0.0253340680878015,2022,2021-12-31,native_mse,20260912,0.003426320209529877,,1,1
quarter_trend2_validated,2824,2022-09-09,2022-09-19,-0.044647264962877,2022,2021-12-31,native_mse,20260912,0.004071954177543495,,1,0
quarter_trend2_validated,2828,2022-09-16,2022-09-26,-0.025155151434928,2022,2021-12-31,native_mse,20260912,0.004321372628556118,,1,0
quarter_trend2_validated,2833,2022-09-23,2022-10-10,-0.0060162941299352,2022,2021-12-31,native_mse,20260912,0.0034216908995016978,,1,0
quarter_trend2_validated,2838,2022-09-30,2022-10-17,0.0041192047412885,2022,2021-12-31,native_mse,20260912,0.003515450079575204,,1,1
quarter_trend2_validated,2843,2022-10-14,2022-10-24,-0.0246766294110258,2022,2021-12-31,native_mse,20260912,0.002607809358206801,,1,0
quarter_trend2_validated,2848,2022-10-21,2022-10-31,-0.059928861134359,2022,2021-12-31,native_mse,20260912,0.003699251753992663,,1,0
quarter_trend2_validated,2853,2022-10-28,2022-11-07,0.071339502526744,2022,2021-12-31,native_mse,20260912,0.0018115173178016464,,1,1
quarter_trend2_validated,2858,2022-11-04,2022-11-14,0.0169449090696014,2022,2021-12-31,native_mse,20260912,0.0023418219066621243,,1,1
quarter_trend2_validated,2863,2022-11-11,2022-11-21,-0.0127051391515239,2022,2021-12-31,native_mse,20260912,0.0018573604038192703,,1,0
quarter_trend2_validated,2868,2022-11-18,2022-11-28,-0.0179672806084416,2022,2021-12-31,native_mse,20260912,0.0016249204309614228,,1,0
quarter_trend2_validated,2873,2022-11-25,2022-12-05,0.0555768659337096,2022,2021-12-31,native_mse,20260912,0.0016075771422150188,,1,1
quarter_trend2_validated,2878,2022-12-02,2022-12-12,0.0175374394775362,2022,2021-12-31,native_mse,20260912,0.0015010231403169106,,1,1
quarter_trend2_validated,2883,2022-12-09,2022-12-19,-0.0058850602464181,2022,2021-12-31,native_mse,20260912,0.001187317105345827,,1,0
quarter_trend2_validated,2888,2022-12-16,2022-12-26,-0.0309150292073658,2022,2021-12-31,native_mse,20260912,0.0019485697779955545,,1,0
quarter_trend2_validated,2893,2022-12-23,2023-01-03,0.0089464492229616,2022,2021-12-31,native_mse,20260912,0.0001928217320369698,,1,1
quarter_trend2_validated,2898,2022-12-30,2023-01-09,0.0345913414268119,2022,2021-12-31,native_mse,20260912,0.00047968928790032895,,1,1
quarter_trend2_validated,2902,2023-01-06,2023-01-16,0.0198447929614133,2023,2022-12-31,native_mse,20260910,-0.0025267983391307767,,0,1
quarter_trend2_validated,2907,2023-01-13,2023-01-30,0.0465290788350809,2023,2022-12-31,native_mse,20260910,-0.0004635399148201708,,0,1
quarter_trend2_validated,2912,2023-01-20,2023-02-06,-0.0383797057844887,2023,2022-12-31,native_mse,20260910,7.519190422555292e-05,,1,0
quarter_trend2_validated,2917,2023-02-03,2023-02-13,-0.0012061903149008,2023,2022-12-31,native_mse,20260910,0.0016271329266920357,,1,0
quarter_trend2_validated,2922,2023-02-10,2023-02-20,-0.0143746584432821,2023,2022-12-31,native_mse,20260910,-0.0011564163814400644,,0,0
quarter_trend2_validated,2927,2023-02-17,2023-02-27,0.0001237636016198,2023,2022-12-31,native_mse,20260910,-0.0016426518503498255,,0,1
quarter_trend2_validated,2932,2023-02-24,2023-03-06,0.0224454641303217,2023,2022-12-31,native_mse,20260910,0.0015810555880606469,,1,1
quarter_trend2_validated,2937,2023-03-03,2023-03-13,-0.0407900947678007,2023,2022-12-31,native_mse,20260910,0.0007073892257839969,,1,0
quarter_trend2_validated,2942,2023-03-10,2023-03-20,5.0471402903706775e-06,2023,2022-12-31,native_mse,20260910,-0.0001794060398361263,,0,1
quarter_trend2_validated,2947,2023-03-17,2023-03-27,0.015302852124583,2023,2022-12-31,native_mse,20260910,-0.0018976163672993884,,0,1
quarter_trend2_validated,2952,2023-03-24,2023-04-03,0.0090274153058433,2023,2022-12-31,native_mse,20260910,-0.001832954139676603,,0,1
quarter_trend2_validated,2957,2023-03-31,2023-04-10,0.0178317182396383,2023,2022-12-31,native_mse,20260910,-0.00172129069982479,,0,1
quarter_trend2_validated,2961,2023-04-07,2023-04-17,-0.0101500238382772,2023,2022-12-31,native_mse,20260910,-0.00033641886926452733,,0,0
quarter_trend2_validated,2966,2023-04-14,2023-04-24,-0.014368947230732,2023,2022-12-31,native_mse,20260910,-0.0013230092163269815,,0,0
quarter_trend2_validated,2971,2023-04-21,2023-05-04,-0.0044228908788729,2023,2022-12-31,native_mse,20260910,-0.0007286066396655064,,0,0
quarter_trend2_validated,2976,2023-04-28,2023-05-10,0.0036477163153083,2023,2022-12-31,native_mse,20260910,-0.00030575704561793394,,0,1
quarter_trend2_validated,2978,2023-05-05,2023-05-15,-0.0221642407977935,2023,2022-12-31,native_mse,20260910,-0.00011486613921578474,,0,0
quarter_trend2_validated,2983,2023-05-12,2023-05-22,0.0005509250208819,2023,2022-12-31,native_mse,20260910,-0.0001792163459168561,,0,1
quarter_trend2_validated,2988,2023-05-19,2023-05-29,-0.0200253742704897,2023,2022-12-31,native_mse,20260910,0.0009439667644663131,,1,0
quarter_trend2_validated,2993,2023-05-26,2023-06-05,-0.0003935703040848,2023,2022-12-31,native_mse,20260910,0.000557122093874036,,1,0
quarter_trend2_validated,2998,2023-06-02,2023-06-12,-0.0086075595250429,2023,2022-12-31,native_mse,20260910,-0.001180815938657947,,0,0
quarter_trend2_validated,3003,2023-06-09,2023-06-19,0.0338878539347273,2023,2022-12-31,native_mse,20260910,-0.0014426234760102343,,0,1
quarter_trend2_validated,3008,2023-06-16,2023-07-03,-0.026216632171098,2023,2022-12-31,native_mse,20260910,-0.0010042817493535598,,0,0
quarter_trend2_validated,3016,2023-06-30,2023-07-10,-0.0030441518806006,2023,2022-12-31,native_mse,20260910,-0.0011931588855691256,,0,0
quarter_trend2_validated,3021,2023-07-07,2023-07-17,0.0104280552692135,2023,2022-12-31,native_mse,20260910,-0.001925244639091561,,0,1
quarter_trend2_validated,3026,2023-07-14,2023-07-24,-0.0201642613135752,2023,2022-12-31,native_mse,20260910,0.00072512762062503,,1,0
quarter_trend2_validated,3031,2023-07-21,2023-07-31,0.0566710925894278,2023,2022-12-31,native_mse,20260910,0.0009939160139214966,,1,1
quarter_trend2_validated,3036,2023-07-28,2023-08-07,-0.0039612927947766,2023,2022-12-31,native_mse,20260910,-0.0005682320215149167,,0,0
quarter_trend2_validated,3041,2023-08-04,2023-08-14,-0.0404899362223548,2023,2022-12-31,native_mse,20260910,-0.0009301134947241365,,0,0
quarter_trend2_validated,3046,2023-08-11,2023-08-21,-0.0176157088591445,2023,2022-12-31,native_mse,20260910,-0.000726777176221484,,0,0
quarter_trend2_validated,3051,2023-08-18,2023-08-28,0.0366582477081969,2023,2022-12-31,native_mse,20260910,0.0008756120897448488,,1,1
quarter_trend2_validated,3056,2023-08-25,2023-09-04,-0.025197172476384,2023,2022-12-31,native_mse,20260910,-0.0006648239910763075,,0,0
quarter_trend2_validated,3061,2023-09-01,2023-09-11,-0.0189903461587886,2023,2022-12-31,native_mse,20260910,0.00015839660362514175,,1,0
quarter_trend2_validated,3066,2023-09-08,2023-09-18,-0.0111346368744954,2023,2022-12-31,native_mse,20260910,0.001744965500114605,,1,0
quarter_trend2_validated,3071,2023-09-15,2023-09-25,0.0105787349314532,2023,2022-12-31,native_mse,20260910,0.0006876575211446893,,1,1
quarter_trend2_validated,3076,2023-09-22,2023-10-16,-0.0198017153282719,2023,2022-12-31,native_mse,20260910,-0.00243132015475,,0,0
quarter_trend2_validated,3085,2023-10-13,2023-10-23,-0.0447156690429144,2023,2022-12-31,native_mse,20260910,-0.0021908711949872265,,0,0
quarter_trend2_validated,3090,2023-10-20,2023-10-30,0.0154019770298841,2023,2022-12-31,native_mse,20260910,-0.0005611083237640583,,0,1
quarter_trend2_validated,3095,2023-10-27,2023-11-06,0.0152527637017425,2023,2022-12-31,native_mse,20260910,0.0010289915405626282,,1,1
quarter_trend2_validated,3100,2023-11-03,2023-11-13,-0.0039935482440582,2023,2022-12-31,native_mse,20260910,0.001023319006735779,,1,0
quarter_trend2_validated,3105,2023-11-10,2023-11-20,-0.0067280482816765,2023,2022-12-31,native_mse,20260910,-0.0009564130384265961,,0,0
quarter_trend2_validated,3110,2023-11-17,2023-11-27,-0.0098859017348651,2023,2022-12-31,native_mse,20260910,0.00023192130830153903,,1,0
quarter_trend2_validated,3115,2023-11-24,2023-12-04,-0.0151084754586299,2023,2022-12-31,native_mse,20260910,0.0008732338960994725,,1,0
quarter_trend2_validated,3120,2023-12-01,2023-12-11,-0.0295859857973478,2023,2022-12-31,native_mse,20260910,0.000837366835393595,,1,0
quarter_trend2_validated,3125,2023-12-08,2023-12-18,-0.0144639658974852,2023,2022-12-31,native_mse,20260910,0.0006391538307731006,,1,0
quarter_trend2_validated,3130,2023-12-15,2023-12-25,0.0003424256350643,2023,2022-12-31,native_mse,20260910,0.000382991564868559,,1,1
quarter_trend2_validated,3135,2023-12-22,2024-01-02,0.0288079559683274,2023,2022-12-31,native_mse,20260910,-0.0008222024683218445,,0,1
quarter_trend2_validated,3140,2023-12-29,2024-01-08,-0.0302544749829989,2023,2022-12-31,native_mse,20260910,0.0008212539531046094,,1,0
quarter_trend2_validated,2902,2023-01-06,2023-01-16,0.0198447929614133,2023,2022-12-31,training_frequency,-1,0.5028949545078577,0.5028949545078577,1,1
quarter_trend2_validated,2907,2023-01-13,2023-01-30,0.0465290788350809,2023,2022-12-31,training_frequency,-1,0.5028949545078577,0.5028949545078577,1,1
quarter_trend2_validated,2912,2023-01-20,2023-02-06,-0.0383797057844887,2023,2022-12-31,training_frequency,-1,0.5028949545078577,0.5028949545078577,1,0
quarter_trend2_validated,2917,2023-02-03,2023-02-13,-0.0012061903149008,2023,2022-12-31,training_frequency,-1,0.5028949545078577,0.5028949545078577,1,0
quarter_trend2_validated,2922,2023-02-10,2023-02-20,-0.0143746584432821,2023,2022-12-31,training_frequency,-1,0.5028949545078577,0.5028949545078577,1,0
quarter_trend2_validated,2927,2023-02-17,2023-02-27,0.0001237636016198,2023,2022-12-31,training_frequency,-1,0.5028949545078577,0.5028949545078577,1,1
quarter_trend2_validated,2932,2023-02-24,2023-03-06,0.0224454641303217,2023,2022-12-31,training_frequency,-1,0.5028949545078577,0.5028949545078577,1,1
quarter_trend2_validated,2937,2023-03-03,2023-03-13,-0.0407900947678007,2023,2022-12-31,training_frequency,-1,0.5028949545078577,0.5028949545078577,1,0
quarter_trend2_validated,2942,2023-03-10,2023-03-20,5.0471402903706775e-06,2023,2022-12-31,training_frequency,-1,0.5028949545078577,0.5028949545078577,1,1
quarter_trend2_validated,2947,2023-03-17,2023-03-27,0.015302852124583,2023,2022-12-31,training_frequency,-1,0.5028949545078577,0.5028949545078577,1,1
quarter_trend2_validated,2952,2023-03-24,2023-04-03,0.0090274153058433,2023,2022-12-31,training_frequency,-1,0.5028949545078577,0.5028949545078577,1,1
quarter_trend2_validated,2957,2023-03-31,2023-04-10,0.0178317182396383,2023,2022-12-31,training_frequency,-1,0.5028949545078577,0.5028949545078577,1,1
quarter_trend2_validated,2961,2023-04-07,2023-04-17,-0.0101500238382772,2023,2022-12-31,training_frequency,-1,0.5028949545078577,0.5028949545078577,1,0
quarter_trend2_validated,2966,2023-04-14,2023-04-24,-0.014368947230732,2023,2022-12-31,training_frequency,-1,0.5028949545078577,0.5028949545078577,1,0
quarter_trend2_validated,2971,2023-04-21,2023-05-04,-0.0044228908788729,2023,2022-12-31,training_frequency,-1,0.5028949545078577,0.5028949545078577,1,0
quarter_trend2_validated,2976,2023-04-28,2023-05-10,0.0036477163153083,2023,2022-12-31,training_frequency,-1,0.5028949545078577,0.5028949545078577,1,1
quarter_trend2_validated,2978,2023-05-05,2023-05-15,-0.0221642407977935,2023,2022-12-31,training_frequency,-1,0.5028949545078577,0.5028949545078577,1,0
quarter_trend2_validated,2983,2023-05-12,2023-05-22,0.0005509250208819,2023,2022-12-31,training_frequency,-1,0.5028949545078577,0.5028949545078577,1,1
quarter_trend2_validated,2988,2023-05-19,2023-05-29,-0.0200253742704897,2023,2022-12-31,training_frequency,-1,0.5028949545078577,0.5028949545078577,1,0
quarter_trend2_validated,2993,2023-05-26,2023-06-05,-0.0003935703040848,2023,2022-12-31,training_frequency,-1,0.5028949545078577,0.5028949545078577,1,0
quarter_trend2_validated,2998,2023-06-02,2023-06-12,-0.0086075595250429,2023,2022-12-31,training_frequency,-1,0.5028949545078577,0.5028949545078577,1,0
quarter_trend2_validated,3003,2023-06-09,2023-06-19,0.0338878539347273,2023,2022-12-31,training_frequency,-1,0.5028949545078577,0.5028949545078577,1,1
quarter_trend2_validated,3008,2023-06-16,2023-07-03,-0.026216632171098,2023,2022-12-31,training_frequency,-1,0.5028949545078577,0.5028949545078577,1,0
quarter_trend2_validated,3016,2023-06-30,2023-07-10,-0.0030441518806006,2023,2022-12-31,training_frequency,-1,0.5028949545078577,0.5028949545078577,1,0
quarter_trend2_validated,3021,2023-07-07,2023-07-17,0.0104280552692135,2023,2022-12-31,training_frequency,-1,0.5028949545078577,0.5028949545078577,1,1
quarter_trend2_validated,3026,2023-07-14,2023-07-24,-0.0201642613135752,2023,2022-12-31,training_frequency,-1,0.5028949545078577,0.5028949545078577,1,0
quarter_trend2_validated,3031,2023-07-21,2023-07-31,0.0566710925894278,2023,2022-12-31,training_frequency,-1,0.5028949545078577,0.5028949545078577,1,1
quarter_trend2_validated,3036,2023-07-28,2023-08-07,-0.0039612927947766,2023,2022-12-31,training_frequency,-1,0.5028949545078577,0.5028949545078577,1,0
quarter_trend2_validated,3041,2023-08-04,2023-08-14,-0.0404899362223548,2023,2022-12-31,training_frequency,-1,0.5028949545078577,0.5028949545078577,1,0
quarter_trend2_validated,3046,2023-08-11,2023-08-21,-0.0176157088591445,2023,2022-12-31,training_frequency,-1,0.5028949545078577,0.5028949545078577,1,0
quarter_trend2_validated,3051,2023-08-18,2023-08-28,0.0366582477081969,2023,2022-12-31,training_frequency,-1,0.5028949545078577,0.5028949545078577,1,1
quarter_trend2_validated,3056,2023-08-25,2023-09-04,-0.025197172476384,2023,2022-12-31,training_frequency,-1,0.5028949545078577,0.5028949545078577,1,0
quarter_trend2_validated,3061,2023-09-01,2023-09-11,-0.0189903461587886,2023,2022-12-31,training_frequency,-1,0.5028949545078577,0.5028949545078577,1,0
quarter_trend2_validated,3066,2023-09-08,2023-09-18,-0.0111346368744954,2023,2022-12-31,training_frequency,-1,0.5028949545078577,0.5028949545078577,1,0
quarter_trend2_validated,3071,2023-09-15,2023-09-25,0.0105787349314532,2023,2022-12-31,training_frequency,-1,0.5028949545078577,0.5028949545078577,1,1
quarter_trend2_validated,3076,2023-09-22,2023-10-16,-0.0198017153282719,2023,2022-12-31,training_frequency,-1,0.5028949545078577,0.5028949545078577,1,0
quarter_trend2_validated,3085,2023-10-13,2023-10-23,-0.0447156690429144,2023,2022-12-31,training_frequency,-1,0.5028949545078577,0.5028949545078577,1,0
quarter_trend2_validated,3090,2023-10-20,2023-10-30,0.0154019770298841,2023,2022-12-31,training_frequency,-1,0.5028949545078577,0.5028949545078577,1,1
quarter_trend2_validated,3095,2023-10-27,2023-11-06,0.0152527637017425,2023,2022-12-31,training_frequency,-1,0.5028949545078577,0.5028949545078577,1,1
quarter_trend2_validated,3100,2023-11-03,2023-11-13,-0.0039935482440582,2023,2022-12-31,training_frequency,-1,0.5028949545078577,0.5028949545078577,1,0
quarter_trend2_validated,3105,2023-11-10,2023-11-20,-0.0067280482816765,2023,2022-12-31,training_frequency,-1,0.5028949545078577,0.5028949545078577,1,0
quarter_trend2_validated,3110,2023-11-17,2023-11-27,-0.0098859017348651,2023,2022-12-31,training_frequency,-1,0.5028949545078577,0.5028949545078577,1,0
quarter_trend2_validated,3115,2023-11-24,2023-12-04,-0.0151084754586299,2023,2022-12-31,training_frequency,-1,0.5028949545078577,0.5028949545078577,1,0
quarter_trend2_validated,3120,2023-12-01,2023-12-11,-0.0295859857973478,2023,2022-12-31,training_frequency,-1,0.5028949545078577,0.5028949545078577,1,0
quarter_trend2_validated,3125,2023-12-08,2023-12-18,-0.0144639658974852,2023,2022-12-31,training_frequency,-1,0.5028949545078577,0.5028949545078577,1,0
quarter_trend2_validated,3130,2023-12-15,2023-12-25,0.0003424256350643,2023,2022-12-31,training_frequency,-1,0.5028949545078577,0.5028949545078577,1,1
quarter_trend2_validated,3135,2023-12-22,2024-01-02,0.0288079559683274,2023,2022-12-31,training_frequency,-1,0.5028949545078577,0.5028949545078577,1,1
quarter_trend2_validated,3140,2023-12-29,2024-01-08,-0.0302544749829989,2023,2022-12-31,training_frequency,-1,0.5028949545078577,0.5028949545078577,1,0
quarter_trend2_validated,2902,2023-01-06,2023-01-16,0.0198447929614133,2023,2022-12-31,native_mse,20260911,-0.0028881799476405084,,0,1
quarter_trend2_validated,2907,2023-01-13,2023-01-30,0.0465290788350809,2023,2022-12-31,native_mse,20260911,0.002600529697082545,,1,1
quarter_trend2_validated,2912,2023-01-20,2023-02-06,-0.0383797057844887,2023,2022-12-31,native_mse,20260911,0.009824735187562814,,1,0
quarter_trend2_validated,2917,2023-02-03,2023-02-13,-0.0012061903149008,2023,2022-12-31,native_mse,20260911,0.001758336799202022,,1,0
quarter_trend2_validated,2922,2023-02-10,2023-02-20,-0.0143746584432821,2023,2022-12-31,native_mse,20260911,-0.004455423490420713,,0,0
quarter_trend2_validated,2927,2023-02-17,2023-02-27,0.0001237636016198,2023,2022-12-31,native_mse,20260911,-0.004320463721841919,,0,1
quarter_trend2_validated,2932,2023-02-24,2023-03-06,0.0224454641303217,2023,2022-12-31,native_mse,20260911,0.007109894584169036,,1,1
quarter_trend2_validated,2937,2023-03-03,2023-03-13,-0.0407900947678007,2023,2022-12-31,native_mse,20260911,0.012121075090535267,,1,0
quarter_trend2_validated,2942,2023-03-10,2023-03-20,5.0471402903706775e-06,2023,2022-12-31,native_mse,20260911,-0.0015684618293498606,,0,1
quarter_trend2_validated,2947,2023-03-17,2023-03-27,0.015302852124583,2023,2022-12-31,native_mse,20260911,-0.00455123687690783,,0,1
quarter_trend2_validated,2952,2023-03-24,2023-04-03,0.0090274153058433,2023,2022-12-31,native_mse,20260911,-0.0032713642765306557,,0,1
quarter_trend2_validated,2957,2023-03-31,2023-04-10,0.0178317182396383,2023,2022-12-31,native_mse,20260911,0.009972413917103892,,1,1
quarter_trend2_validated,2961,2023-04-07,2023-04-17,-0.0101500238382772,2023,2022-12-31,native_mse,20260911,0.007806808930188104,,1,0
quarter_trend2_validated,2966,2023-04-14,2023-04-24,-0.014368947230732,2023,2022-12-31,native_mse,20260911,0.007226249329863683,,1,0
quarter_trend2_validated,2971,2023-04-21,2023-05-04,-0.0044228908788729,2023,2022-12-31,native_mse,20260911,-0.0024232716039148286,,0,0
quarter_trend2_validated,2976,2023-04-28,2023-05-10,0.0036477163153083,2023,2022-12-31,native_mse,20260911,-0.003907239624967295,,0,1
quarter_trend2_validated,2978,2023-05-05,2023-05-15,-0.0221642407977935,2023,2022-12-31,native_mse,20260911,-0.0031947009428460477,,0,0
quarter_trend2_validated,2983,2023-05-12,2023-05-22,0.0005509250208819,2023,2022-12-31,native_mse,20260911,0.003981441571850173,,1,1
quarter_trend2_validated,2988,2023-05-19,2023-05-29,-0.0200253742704897,2023,2022-12-31,native_mse,20260911,0.01107004322684732,,1,0
quarter_trend2_validated,2993,2023-05-26,2023-06-05,-0.0003935703040848,2023,2022-12-31,native_mse,20260911,0.004560043069480671,,1,0
quarter_trend2_validated,2998,2023-06-02,2023-06-12,-0.0086075595250429,2023,2022-12-31,native_mse,20260911,-0.0048559678058000275,,0,0
quarter_trend2_validated,3003,2023-06-09,2023-06-19,0.0338878539347273,2023,2022-12-31,native_mse,20260911,-0.0042897134995229635,,0,1
quarter_trend2_validated,3008,2023-06-16,2023-07-03,-0.026216632171098,2023,2022-12-31,native_mse,20260911,-0.004761761648113702,,0,0
quarter_trend2_validated,3016,2023-06-30,2023-07-10,-0.0030441518806006,2023,2022-12-31,native_mse,20260911,0.001449000541630631,,1,0
quarter_trend2_validated,3021,2023-07-07,2023-07-17,0.0104280552692135,2023,2022-12-31,native_mse,20260911,-0.005015012063383114,,0,1
quarter_trend2_validated,3026,2023-07-14,2023-07-24,-0.0201642613135752,2023,2022-12-31,native_mse,20260911,-0.002212730290267345,,0,0
quarter_trend2_validated,3031,2023-07-21,2023-07-31,0.0566710925894278,2023,2022-12-31,native_mse,20260911,-0.005112763962830667,,0,1
quarter_trend2_validated,3036,2023-07-28,2023-08-07,-0.0039612927947766,2023,2022-12-31,native_mse,20260911,-0.0052814272148835025,,0,0
quarter_trend2_validated,3041,2023-08-04,2023-08-14,-0.0404899362223548,2023,2022-12-31,native_mse,20260911,-0.004618211999064367,,0,0
quarter_trend2_validated,3046,2023-08-11,2023-08-21,-0.0176157088591445,2023,2022-12-31,native_mse,20260911,0.009053312378542757,,1,0
quarter_trend2_validated,3051,2023-08-18,2023-08-28,0.0366582477081969,2023,2022-12-31,native_mse,20260911,0.004561021250172811,,1,1
quarter_trend2_validated,3056,2023-08-25,2023-09-04,-0.025197172476384,2023,2022-12-31,native_mse,20260911,-0.0025275908526821967,,0,0
quarter_trend2_validated,3061,2023-09-01,2023-09-11,-0.0189903461587886,2023,2022-12-31,native_mse,20260911,-0.0049631793698849645,,0,0
quarter_trend2_validated,3066,2023-09-08,2023-09-18,-0.0111346368744954,2023,2022-12-31,native_mse,20260911,0.00680202581529956,,1,0
quarter_trend2_validated,3071,2023-09-15,2023-09-25,0.0105787349314532,2023,2022-12-31,native_mse,20260911,0.008596091481564963,,1,1
quarter_trend2_validated,3076,2023-09-22,2023-10-16,-0.0198017153282719,2023,2022-12-31,native_mse,20260911,-0.0031471179155324424,,0,0
quarter_trend2_validated,3085,2023-10-13,2023-10-23,-0.0447156690429144,2023,2022-12-31,native_mse,20260911,-0.004148291730857776,,0,0
quarter_trend2_validated,3090,2023-10-20,2023-10-30,0.0154019770298841,2023,2022-12-31,native_mse,20260911,-0.005712800982170543,,0,1
quarter_trend2_validated,3095,2023-10-27,2023-11-06,0.0152527637017425,2023,2022-12-31,native_mse,20260911,-0.0033253387808900993,,0,1
quarter_trend2_validated,3100,2023-11-03,2023-11-13,-0.0039935482440582,2023,2022-12-31,native_mse,20260911,-0.0006739370262628165,,0,0
quarter_trend2_validated,3105,2023-11-10,2023-11-20,-0.0067280482816765,2023,2022-12-31,native_mse,20260911,-0.004003258050664914,,0,0
quarter_trend2_validated,3110,2023-11-17,2023-11-27,-0.0098859017348651,2023,2022-12-31,native_mse,20260911,-0.003231557067429336,,0,0
quarter_trend2_validated,3115,2023-11-24,2023-12-04,-0.0151084754586299,2023,2022-12-31,native_mse,20260911,-0.003968465813336381,,0,0
quarter_trend2_validated,3120,2023-12-01,2023-12-11,-0.0295859857973478,2023,2022-12-31,native_mse,20260911,-0.004170192617569334,,0,0
quarter_trend2_validated,3125,2023-12-08,2023-12-18,-0.0144639658974852,2023,2022-12-31,native_mse,20260911,-0.004708072283208354,,0,0
quarter_trend2_validated,3130,2023-12-15,2023-12-25,0.0003424256350643,2023,2022-12-31,native_mse,20260911,-0.005014383450601872,,0,1
quarter_trend2_validated,3135,2023-12-22,2024-01-02,0.0288079559683274,2023,2022-12-31,native_mse,20260911,-0.005140476035149425,,0,1
quarter_trend2_validated,3140,2023-12-29,2024-01-08,-0.0302544749829989,2023,2022-12-31,native_mse,20260911,-0.0034098597743402285,,0,0
quarter_trend2_validated,2902,2023-01-06,2023-01-16,0.0198447929614133,2023,2022-12-31,native_mse,20260912,0.0004281627694943007,,1,1
quarter_trend2_validated,2907,2023-01-13,2023-01-30,0.0465290788350809,2023,2022-12-31,native_mse,20260912,4.2102919401855305e-05,,1,1
quarter_trend2_validated,2912,2023-01-20,2023-02-06,-0.0383797057844887,2023,2022-12-31,native_mse,20260912,0.0010967633118809882,,1,0
quarter_trend2_validated,2917,2023-02-03,2023-02-13,-0.0012061903149008,2023,2022-12-31,native_mse,20260912,0.0008747039967658528,,1,0
quarter_trend2_validated,2922,2023-02-10,2023-02-20,-0.0143746584432821,2023,2022-12-31,native_mse,20260912,0.0001818132935792269,,1,0
quarter_trend2_validated,2927,2023-02-17,2023-02-27,0.0001237636016198,2023,2022-12-31,native_mse,20260912,0.00010126624081480557,,1,1
quarter_trend2_validated,2932,2023-02-24,2023-03-06,0.0224454641303217,2023,2022-12-31,native_mse,20260912,0.000782385799644381,,1,1
quarter_trend2_validated,2937,2023-03-03,2023-03-13,-0.0407900947678007,2023,2022-12-31,native_mse,20260912,0.00040350503591383166,,1,0
quarter_trend2_validated,2942,2023-03-10,2023-03-20,5.0471402903706775e-06,2023,2022-12-31,native_mse,20260912,0.00023517524465769396,,1,1
quarter_trend2_validated,2947,2023-03-17,2023-03-27,0.015302852124583,2023,2022-12-31,native_mse,20260912,-0.0005550490015326846,,0,1
quarter_trend2_validated,2952,2023-03-24,2023-04-03,0.0090274153058433,2023,2022-12-31,native_mse,20260912,0.0004555071806066471,,1,1
quarter_trend2_validated,2957,2023-03-31,2023-04-10,0.0178317182396383,2023,2022-12-31,native_mse,20260912,0.0006137448037054246,,1,1
quarter_trend2_validated,2961,2023-04-07,2023-04-17,-0.0101500238382772,2023,2022-12-31,native_mse,20260912,0.0007714668086940345,,1,0
quarter_trend2_validated,2966,2023-04-14,2023-04-24,-0.014368947230732,2023,2022-12-31,native_mse,20260912,0.0006120128536014287,,1,0
quarter_trend2_validated,2971,2023-04-21,2023-05-04,-0.0044228908788729,2023,2022-12-31,native_mse,20260912,0.0004168718728952876,,1,0
quarter_trend2_validated,2976,2023-04-28,2023-05-10,0.0036477163153083,2023,2022-12-31,native_mse,20260912,0.0007975995131662927,,1,1
quarter_trend2_validated,2978,2023-05-05,2023-05-15,-0.0221642407977935,2023,2022-12-31,native_mse,20260912,3.748499343571029e-05,,1,0
quarter_trend2_validated,2983,2023-05-12,2023-05-22,0.0005509250208819,2023,2022-12-31,native_mse,20260912,0.00013564688457888487,,1,1
quarter_trend2_validated,2988,2023-05-19,2023-05-29,-0.0200253742704897,2023,2022-12-31,native_mse,20260912,0.0006049797039520234,,1,0
quarter_trend2_validated,2993,2023-05-26,2023-06-05,-0.0003935703040848,2023,2022-12-31,native_mse,20260912,5.080512794837295e-05,,1,0
quarter_trend2_validated,2998,2023-06-02,2023-06-12,-0.0086075595250429,2023,2022-12-31,native_mse,20260912,-0.0003527596454530836,,0,0
quarter_trend2_validated,3003,2023-06-09,2023-06-19,0.0338878539347273,2023,2022-12-31,native_mse,20260912,-0.0004629538008774116,,0,1
quarter_trend2_validated,3008,2023-06-16,2023-07-03,-0.026216632171098,2023,2022-12-31,native_mse,20260912,-0.0003413110242915335,,0,0
quarter_trend2_validated,3016,2023-06-30,2023-07-10,-0.0030441518806006,2023,2022-12-31,native_mse,20260912,0.0003431408638381007,,1,0
quarter_trend2_validated,3021,2023-07-07,2023-07-17,0.0104280552692135,2023,2022-12-31,native_mse,20260912,0.000814771057302496,,1,1
quarter_trend2_validated,3026,2023-07-14,2023-07-24,-0.0201642613135752,2023,2022-12-31,native_mse,20260912,0.0006501402430561996,,1,0
quarter_trend2_validated,3031,2023-07-21,2023-07-31,0.0566710925894278,2023,2022-12-31,native_mse,20260912,2.5045124957704355e-05,,1,1
quarter_trend2_validated,3036,2023-07-28,2023-08-07,-0.0039612927947766,2023,2022-12-31,native_mse,20260912,0.00047471401642830695,,1,0
quarter_trend2_validated,3041,2023-08-04,2023-08-14,-0.0404899362223548,2023,2022-12-31,native_mse,20260912,0.0008553072765691807,,1,0
quarter_trend2_validated,3046,2023-08-11,2023-08-21,-0.0176157088591445,2023,2022-12-31,native_mse,20260912,0.0015027086256146451,,1,0
quarter_trend2_validated,3051,2023-08-18,2023-08-28,0.0366582477081969,2023,2022-12-31,native_mse,20260912,0.0006099353623650846,,1,1
quarter_trend2_validated,3056,2023-08-25,2023-09-04,-0.025197172476384,2023,2022-12-31,native_mse,20260912,0.00044421971221099443,,1,0
quarter_trend2_validated,3061,2023-09-01,2023-09-11,-0.0189903461587886,2023,2022-12-31,native_mse,20260912,-0.0002025361551160587,,0,0
quarter_trend2_validated,3066,2023-09-08,2023-09-18,-0.0111346368744954,2023,2022-12-31,native_mse,20260912,0.00041052847232038274,,1,0
quarter_trend2_validated,3071,2023-09-15,2023-09-25,0.0105787349314532,2023,2022-12-31,native_mse,20260912,0.0001624781603077036,,1,1
quarter_trend2_validated,3076,2023-09-22,2023-10-16,-0.0198017153282719,2023,2022-12-31,native_mse,20260912,-2.0047557486308507e-05,,0,0
quarter_trend2_validated,3085,2023-10-13,2023-10-23,-0.0447156690429144,2023,2022-12-31,native_mse,20260912,-7.666747850147154e-05,,0,0
quarter_trend2_validated,3090,2023-10-20,2023-10-30,0.0154019770298841,2023,2022-12-31,native_mse,20260912,0.00029732197364893017,,1,1
quarter_trend2_validated,3095,2023-10-27,2023-11-06,0.0152527637017425,2023,2022-12-31,native_mse,20260912,0.0012245039371740986,,1,1
quarter_trend2_validated,3100,2023-11-03,2023-11-13,-0.0039935482440582,2023,2022-12-31,native_mse,20260912,0.00041856415378897153,,1,0
quarter_trend2_validated,3105,2023-11-10,2023-11-20,-0.0067280482816765,2023,2022-12-31,native_mse,20260912,0.00022000524072862617,,1,0
quarter_trend2_validated,3110,2023-11-17,2023-11-27,-0.0098859017348651,2023,2022-12-31,native_mse,20260912,-0.00011003873914113989,,0,0
quarter_trend2_validated,3115,2023-11-24,2023-12-04,-0.0151084754586299,2023,2022-12-31,native_mse,20260912,0.0006004861455855604,,1,0
quarter_trend2_validated,3120,2023-12-01,2023-12-11,-0.0295859857973478,2023,2022-12-31,native_mse,20260912,9.164477722239853e-05,,1,0
quarter_trend2_validated,3125,2023-12-08,2023-12-18,-0.0144639658974852,2023,2022-12-31,native_mse,20260912,0.0003716320497864135,,1,0
quarter_trend2_validated,3130,2023-12-15,2023-12-25,0.0003424256350643,2023,2022-12-31,native_mse,20260912,0.0007186720416179463,,1,1
quarter_trend2_validated,3135,2023-12-22,2024-01-02,0.0288079559683274,2023,2022-12-31,native_mse,20260912,0.00031752353260434155,,1,1
quarter_trend2_validated,3140,2023-12-29,2024-01-08,-0.0302544749829989,2023,2022-12-31,native_mse,20260912,-5.293223214677527e-06,,0,0
quarter_trend2_validated,3144,2024-01-05,2024-01-15,-0.0158038409563566,2024,2023-12-31,native_mse,20260910,0.000251131835275678,,1,0
quarter_trend2_validated,3149,2024-01-12,2024-01-22,-0.002333261979756,2024,2023-12-31,native_mse,20260910,0.0007362057214049004,,1,0
quarter_trend2_validated,3154,2024-01-19,2024-01-29,0.0223511633823452,2024,2023-12-31,native_mse,20260910,-0.00023540604600351487,,0,1
quarter_trend2_validated,3159,2024-01-26,2024-02-05,-0.0513103415192826,2024,2023-12-31,native_mse,20260910,-0.001531436704987099,,0,0
quarter_trend2_validated,3164,2024-02-02,2024-02-26,0.1015374891364462,2024,2023-12-31,native_mse,20260910,0.004796229141878599,,1,1
quarter_trend2_validated,3173,2024-02-23,2024-03-04,0.0151569053862528,2024,2023-12-31,native_mse,20260910,0.005981439448417525,,1,1
quarter_trend2_validated,3178,2024-03-01,2024-03-11,0.0021394031715169,2024,2023-12-31,native_mse,20260910,0.002923079585146593,,1,1
quarter_trend2_validated,3183,2024-03-08,2024-03-18,0.0087762342284414,2024,2023-12-31,native_mse,20260910,0.004534858645957669,,1,1
quarter_trend2_validated,3188,2024-03-15,2024-03-25,-0.0112802133595746,2024,2023-12-31,native_mse,20260910,0.004141952477981538,,1,0
quarter_trend2_validated,3193,2024-03-22,2024-04-01,0.0042044725182444,2024,2023-12-31,native_mse,20260910,0.0018727898596620025,,1,1
quarter_trend2_validated,3198,2024-03-29,2024-04-15,-0.0219845815102011,2024,2023-12-31,native_mse,20260910,0.0003645787473085561,,1,0
quarter_trend2_validated,3206,2024-04-12,2024-04-22,0.018045199366633,2024,2023-12-31,native_mse,20260910,-0.00021832918624461518,,0,1
quarter_trend2_validated,3211,2024-04-19,2024-04-29,0.0136757744232476,2024,2023-12-31,native_mse,20260910,0.0005323002819172812,,1,1
quarter_trend2_validated,3216,2024-04-26,2024-05-13,0.0172434956786644,2024,2023-12-31,native_mse,20260910,-0.00014728683736751251,,0,1
quarter_trend2_validated,3223,2024-05-10,2024-05-20,0.0097933549988344,2024,2023-12-31,native_mse,20260910,0.0004133340837300701,,1,1
quarter_trend2_validated,3228,2024-05-17,2024-05-27,-0.0204803832637164,2024,2023-12-31,native_mse,20260910,0.0036262081384896457,,1,0
quarter_trend2_validated,3233,2024-05-24,2024-06-03,-0.0081155643048258,2024,2023-12-31,native_mse,20260910,0.0049904247327292855,,1,0
quarter_trend2_validated,3238,2024-05-31,2024-06-11,-0.0060267570121149,2024,2023-12-31,native_mse,20260910,0.0040244113389711345,,1,0
quarter_trend2_validated,3243,2024-06-07,2024-06-17,-0.0096686558937179,2024,2023-12-31,native_mse,20260910,0.008609928356971403,,1,0
quarter_trend2_validated,3247,2024-06-14,2024-06-24,-0.013573992457631,2024,2023-12-31,native_mse,20260910,0.008961501129694911,,1,0
quarter_trend2_validated,3252,2024-06-21,2024-07-01,-0.004427632109257,2024,2023-12-31,native_mse,20260910,0.0009177608055072099,,1,0
quarter_trend2_validated,3257,2024-06-28,2024-07-08,-0.0108320369203009,2024,2023-12-31,native_mse,20260910,0.0030020981914033497,,1,0
quarter_trend2_validated,3262,2024-07-05,2024-07-15,0.0122222871842843,2024,2023-12-31,native_mse,20260910,0.00336049012064386,,1,1
quarter_trend2_validated,3267,2024-07-12,2024-07-22,0.0218881133018156,2024,2023-12-31,native_mse,20260910,-0.0006421845267103974,,0,1
quarter_trend2_validated,3272,2024-07-19,2024-07-29,-0.0378787022382998,2024,2023-12-31,native_mse,20260910,0.0004540341648428114,,1,0
quarter_trend2_validated,3277,2024-07-26,2024-08-05,-0.0124134568216732,2024,2023-12-31,native_mse,20260910,0.0013231998081271626,,1,0
quarter_trend2_validated,3282,2024-08-02,2024-08-12,-0.0102762848330364,2024,2023-12-31,native_mse,20260910,0.001303372172405589,,1,0
quarter_trend2_validated,3287,2024-08-09,2024-08-19,0.0050186923751938,2024,2023-12-31,native_mse,20260910,0.00011119162293128984,,1,1
quarter_trend2_validated,3292,2024-08-16,2024-08-26,-0.0040487282687352,2024,2023-12-31,native_mse,20260910,0.0014903087569155989,,1,0
quarter_trend2_validated,3297,2024-08-23,2024-09-02,-0.0069594562136714,2024,2023-12-31,native_mse,20260910,-0.0030751570665977007,,0,0
quarter_trend2_validated,3302,2024-08-30,2024-09-09,-0.0280389655151561,2024,2023-12-31,native_mse,20260910,-0.003508085985855703,,0,0
quarter_trend2_validated,3307,2024-09-06,2024-09-18,-0.0174132138857783,2024,2023-12-31,native_mse,20260910,-0.0025693655960970898,,0,0
quarter_trend2_validated,3312,2024-09-13,2024-09-24,0.0133119329369826,2024,2023-12-31,native_mse,20260910,0.00017194356388446877,,1,1
quarter_trend2_validated,3315,2024-09-20,2024-09-30,0.2017513988384409,2024,2023-12-31,native_mse,20260910,0.0007791555801138394,,1,1
quarter_trend2_validated,3320,2024-09-27,2024-10-14,0.0178259004588408,2024,2023-12-31,native_mse,20260910,0.0007616530796663938,,1,1
quarter_trend2_validated,3325,2024-10-11,2024-10-21,0.0080914993282625,2024,2023-12-31,native_mse,20260910,-0.0026429925872939004,,0,1
quarter_trend2_validated,3330,2024-10-18,2024-10-28,0.0015733867085561,2024,2023-12-31,native_mse,20260910,-0.004083051697418182,,0,1
quarter_trend2_validated,3335,2024-10-25,2024-11-04,-0.0140142824257356,2024,2023-12-31,native_mse,20260910,-0.003618447449131282,,0,0
quarter_trend2_validated,3340,2024-11-01,2024-11-11,0.0434152361258277,2024,2023-12-31,native_mse,20260910,-0.0042863223001300965,,0,1
quarter_trend2_validated,3345,2024-11-08,2024-11-18,-0.0208584853931589,2024,2023-12-31,native_mse,20260910,-0.0028591792362593097,,0,0
quarter_trend2_validated,3350,2024-11-15,2024-11-25,-0.0267421712161923,2024,2023-12-31,native_mse,20260910,-0.0017028092388012967,,0,0
quarter_trend2_validated,3355,2024-11-22,2024-12-02,0.0087960346887328,2024,2023-12-31,native_mse,20260910,-0.0009456406767515755,,0,1
quarter_trend2_validated,3360,2024-11-29,2024-12-09,0.0155919891551781,2024,2023-12-31,native_mse,20260910,-0.0002599534945060551,,0,1
quarter_trend2_validated,3365,2024-12-06,2024-12-16,-0.0100436703218104,2024,2023-12-31,native_mse,20260910,0.0007542474780432574,,1,0
quarter_trend2_validated,3370,2024-12-13,2024-12-23,-0.0006690784017421,2024,2023-12-31,native_mse,20260910,-0.0007125951992407705,,0,0
quarter_trend2_validated,3375,2024-12-20,2024-12-30,0.0123595076562756,2024,2023-12-31,native_mse,20260910,-0.0012475930255920083,,0,1
quarter_trend2_validated,3380,2024-12-27,2025-01-06,-0.0504714964669198,2024,2023-12-31,native_mse,20260910,-0.00024548952899875387,,0,0
quarter_trend2_validated,3144,2024-01-05,2024-01-15,-0.0158038409563566,2024,2023-12-31,training_frequency,-1,0.5024834437086093,0.5024834437086093,1,0
quarter_trend2_validated,3149,2024-01-12,2024-01-22,-0.002333261979756,2024,2023-12-31,training_frequency,-1,0.5024834437086093,0.5024834437086093,1,0
quarter_trend2_validated,3154,2024-01-19,2024-01-29,0.0223511633823452,2024,2023-12-31,training_frequency,-1,0.5024834437086093,0.5024834437086093,1,1
quarter_trend2_validated,3159,2024-01-26,2024-02-05,-0.0513103415192826,2024,2023-12-31,training_frequency,-1,0.5024834437086093,0.5024834437086093,1,0
quarter_trend2_validated,3164,2024-02-02,2024-02-26,0.1015374891364462,2024,2023-12-31,training_frequency,-1,0.5024834437086093,0.5024834437086093,1,1
quarter_trend2_validated,3173,2024-02-23,2024-03-04,0.0151569053862528,2024,2023-12-31,training_frequency,-1,0.5024834437086093,0.5024834437086093,1,1
quarter_trend2_validated,3178,2024-03-01,2024-03-11,0.0021394031715169,2024,2023-12-31,training_frequency,-1,0.5024834437086093,0.5024834437086093,1,1
quarter_trend2_validated,3183,2024-03-08,2024-03-18,0.0087762342284414,2024,2023-12-31,training_frequency,-1,0.5024834437086093,0.5024834437086093,1,1
quarter_trend2_validated,3188,2024-03-15,2024-03-25,-0.0112802133595746,2024,2023-12-31,training_frequency,-1,0.5024834437086093,0.5024834437086093,1,0
quarter_trend2_validated,3193,2024-03-22,2024-04-01,0.0042044725182444,2024,2023-12-31,training_frequency,-1,0.5024834437086093,0.5024834437086093,1,1
quarter_trend2_validated,3198,2024-03-29,2024-04-15,-0.0219845815102011,2024,2023-12-31,training_frequency,-1,0.5024834437086093,0.5024834437086093,1,0
quarter_trend2_validated,3206,2024-04-12,2024-04-22,0.018045199366633,2024,2023-12-31,training_frequency,-1,0.5024834437086093,0.5024834437086093,1,1
quarter_trend2_validated,3211,2024-04-19,2024-04-29,0.0136757744232476,2024,2023-12-31,training_frequency,-1,0.5024834437086093,0.5024834437086093,1,1
quarter_trend2_validated,3216,2024-04-26,2024-05-13,0.0172434956786644,2024,2023-12-31,training_frequency,-1,0.5024834437086093,0.5024834437086093,1,1
quarter_trend2_validated,3223,2024-05-10,2024-05-20,0.0097933549988344,2024,2023-12-31,training_frequency,-1,0.5024834437086093,0.5024834437086093,1,1
quarter_trend2_validated,3228,2024-05-17,2024-05-27,-0.0204803832637164,2024,2023-12-31,training_frequency,-1,0.5024834437086093,0.5024834437086093,1,0
quarter_trend2_validated,3233,2024-05-24,2024-06-03,-0.0081155643048258,2024,2023-12-31,training_frequency,-1,0.5024834437086093,0.5024834437086093,1,0
quarter_trend2_validated,3238,2024-05-31,2024-06-11,-0.0060267570121149,2024,2023-12-31,training_frequency,-1,0.5024834437086093,0.5024834437086093,1,0
quarter_trend2_validated,3243,2024-06-07,2024-06-17,-0.0096686558937179,2024,2023-12-31,training_frequency,-1,0.5024834437086093,0.5024834437086093,1,0
quarter_trend2_validated,3247,2024-06-14,2024-06-24,-0.013573992457631,2024,2023-12-31,training_frequency,-1,0.5024834437086093,0.5024834437086093,1,0
quarter_trend2_validated,3252,2024-06-21,2024-07-01,-0.004427632109257,2024,2023-12-31,training_frequency,-1,0.5024834437086093,0.5024834437086093,1,0
quarter_trend2_validated,3257,2024-06-28,2024-07-08,-0.0108320369203009,2024,2023-12-31,training_frequency,-1,0.5024834437086093,0.5024834437086093,1,0
quarter_trend2_validated,3262,2024-07-05,2024-07-15,0.0122222871842843,2024,2023-12-31,training_frequency,-1,0.5024834437086093,0.5024834437086093,1,1
quarter_trend2_validated,3267,2024-07-12,2024-07-22,0.0218881133018156,2024,2023-12-31,training_frequency,-1,0.5024834437086093,0.5024834437086093,1,1
quarter_trend2_validated,3272,2024-07-19,2024-07-29,-0.0378787022382998,2024,2023-12-31,training_frequency,-1,0.5024834437086093,0.5024834437086093,1,0
quarter_trend2_validated,3277,2024-07-26,2024-08-05,-0.0124134568216732,2024,2023-12-31,training_frequency,-1,0.5024834437086093,0.5024834437086093,1,0
quarter_trend2_validated,3282,2024-08-02,2024-08-12,-0.0102762848330364,2024,2023-12-31,training_frequency,-1,0.5024834437086093,0.5024834437086093,1,0
quarter_trend2_validated,3287,2024-08-09,2024-08-19,0.0050186923751938,2024,2023-12-31,training_frequency,-1,0.5024834437086093,0.5024834437086093,1,1
quarter_trend2_validated,3292,2024-08-16,2024-08-26,-0.0040487282687352,2024,2023-12-31,training_frequency,-1,0.5024834437086093,0.5024834437086093,1,0
quarter_trend2_validated,3297,2024-08-23,2024-09-02,-0.0069594562136714,2024,2023-12-31,training_frequency,-1,0.5024834437086093,0.5024834437086093,1,0
quarter_trend2_validated,3302,2024-08-30,2024-09-09,-0.0280389655151561,2024,2023-12-31,training_frequency,-1,0.5024834437086093,0.5024834437086093,1,0
quarter_trend2_validated,3307,2024-09-06,2024-09-18,-0.0174132138857783,2024,2023-12-31,training_frequency,-1,0.5024834437086093,0.5024834437086093,1,0
quarter_trend2_validated,3312,2024-09-13,2024-09-24,0.0133119329369826,2024,2023-12-31,training_frequency,-1,0.5024834437086093,0.5024834437086093,1,1
quarter_trend2_validated,3315,2024-09-20,2024-09-30,0.2017513988384409,2024,2023-12-31,training_frequency,-1,0.5024834437086093,0.5024834437086093,1,1
quarter_trend2_validated,3320,2024-09-27,2024-10-14,0.0178259004588408,2024,2023-12-31,training_frequency,-1,0.5024834437086093,0.5024834437086093,1,1
quarter_trend2_validated,3325,2024-10-11,2024-10-21,0.0080914993282625,2024,2023-12-31,training_frequency,-1,0.5024834437086093,0.5024834437086093,1,1
quarter_trend2_validated,3330,2024-10-18,2024-10-28,0.0015733867085561,2024,2023-12-31,training_frequency,-1,0.5024834437086093,0.5024834437086093,1,1
quarter_trend2_validated,3335,2024-10-25,2024-11-04,-0.0140142824257356,2024,2023-12-31,training_frequency,-1,0.5024834437086093,0.5024834437086093,1,0
quarter_trend2_validated,3340,2024-11-01,2024-11-11,0.0434152361258277,2024,2023-12-31,training_frequency,-1,0.5024834437086093,0.5024834437086093,1,1
quarter_trend2_validated,3345,2024-11-08,2024-11-18,-0.0208584853931589,2024,2023-12-31,training_frequency,-1,0.5024834437086093,0.5024834437086093,1,0
quarter_trend2_validated,3350,2024-11-15,2024-11-25,-0.0267421712161923,2024,2023-12-31,training_frequency,-1,0.5024834437086093,0.5024834437086093,1,0
quarter_trend2_validated,3355,2024-11-22,2024-12-02,0.0087960346887328,2024,2023-12-31,training_frequency,-1,0.5024834437086093,0.5024834437086093,1,1
quarter_trend2_validated,3360,2024-11-29,2024-12-09,0.0155919891551781,2024,2023-12-31,training_frequency,-1,0.5024834437086093,0.5024834437086093,1,1
quarter_trend2_validated,3365,2024-12-06,2024-12-16,-0.0100436703218104,2024,2023-12-31,training_frequency,-1,0.5024834437086093,0.5024834437086093,1,0
quarter_trend2_validated,3370,2024-12-13,2024-12-23,-0.0006690784017421,2024,2023-12-31,training_frequency,-1,0.5024834437086093,0.5024834437086093,1,0
quarter_trend2_validated,3375,2024-12-20,2024-12-30,0.0123595076562756,2024,2023-12-31,training_frequency,-1,0.5024834437086093,0.5024834437086093,1,1
quarter_trend2_validated,3380,2024-12-27,2025-01-06,-0.0504714964669198,2024,2023-12-31,training_frequency,-1,0.5024834437086093,0.5024834437086093,1,0
quarter_trend2_validated,3144,2024-01-05,2024-01-15,-0.0158038409563566,2024,2023-12-31,native_mse,20260911,0.006524465736805172,,1,0
quarter_trend2_validated,3149,2024-01-12,2024-01-22,-0.002333261979756,2024,2023-12-31,native_mse,20260911,0.008213225375018137,,1,0
quarter_trend2_validated,3154,2024-01-19,2024-01-29,0.0223511633823452,2024,2023-12-31,native_mse,20260911,0.009988969845384454,,1,1
quarter_trend2_validated,3159,2024-01-26,2024-02-05,-0.0513103415192826,2024,2023-12-31,native_mse,20260911,0.007709942184731473,,1,0
quarter_trend2_validated,3164,2024-02-02,2024-02-26,0.1015374891364462,2024,2023-12-31,native_mse,20260911,0.006449485928463916,,1,1
quarter_trend2_validated,3173,2024-02-23,2024-03-04,0.0151569053862528,2024,2023-12-31,native_mse,20260911,0.010256530380527457,,1,1
quarter_trend2_validated,3178,2024-03-01,2024-03-11,0.0021394031715169,2024,2023-12-31,native_mse,20260911,0.00705766649461919,,1,1
quarter_trend2_validated,3183,2024-03-08,2024-03-18,0.0087762342284414,2024,2023-12-31,native_mse,20260911,0.008632918878357794,,1,1
quarter_trend2_validated,3188,2024-03-15,2024-03-25,-0.0112802133595746,2024,2023-12-31,native_mse,20260911,0.004101422624994645,,1,0
quarter_trend2_validated,3193,2024-03-22,2024-04-01,0.0042044725182444,2024,2023-12-31,native_mse,20260911,0.0049895841353934664,,1,1
quarter_trend2_validated,3198,2024-03-29,2024-04-15,-0.0219845815102011,2024,2023-12-31,native_mse,20260911,0.0016010611409444046,,1,0
quarter_trend2_validated,3206,2024-04-12,2024-04-22,0.018045199366633,2024,2023-12-31,native_mse,20260911,0.001857502186560773,,1,1
quarter_trend2_validated,3211,2024-04-19,2024-04-29,0.0136757744232476,2024,2023-12-31,native_mse,20260911,0.009651811290201222,,1,1
quarter_trend2_validated,3216,2024-04-26,2024-05-13,0.0172434956786644,2024,2023-12-31,native_mse,20260911,0.005960111287081512,,1,1
quarter_trend2_validated,3223,2024-05-10,2024-05-20,0.0097933549988344,2024,2023-12-31,native_mse,20260911,-0.004933376296222066,,0,1
quarter_trend2_validated,3228,2024-05-17,2024-05-27,-0.0204803832637164,2024,2023-12-31,native_mse,20260911,-0.003099362011607103,,0,0
quarter_trend2_validated,3233,2024-05-24,2024-06-03,-0.0081155643048258,2024,2023-12-31,native_mse,20260911,-0.0038744398417857777,,0,0
quarter_trend2_validated,3238,2024-05-31,2024-06-11,-0.0060267570121149,2024,2023-12-31,native_mse,20260911,-0.0020292253039693184,,0,0
quarter_trend2_validated,3243,2024-06-07,2024-06-17,-0.0096686558937179,2024,2023-12-31,native_mse,20260911,5.7354393489387904e-05,,1,0
quarter_trend2_validated,3247,2024-06-14,2024-06-24,-0.013573992457631,2024,2023-12-31,native_mse,20260911,0.0016373878025280563,,1,0
quarter_trend2_validated,3252,2024-06-21,2024-07-01,-0.004427632109257,2024,2023-12-31,native_mse,20260911,0.0027588932782398315,,1,0
quarter_trend2_validated,3257,2024-06-28,2024-07-08,-0.0108320369203009,2024,2023-12-31,native_mse,20260911,0.0032470747873102144,,1,0
quarter_trend2_validated,3262,2024-07-05,2024-07-15,0.0122222871842843,2024,2023-12-31,native_mse,20260911,0.002652089101692747,,1,1
quarter_trend2_validated,3267,2024-07-12,2024-07-22,0.0218881133018156,2024,2023-12-31,native_mse,20260911,0.004450330503533944,,1,1
quarter_trend2_validated,3272,2024-07-19,2024-07-29,-0.0378787022382998,2024,2023-12-31,native_mse,20260911,-0.0012744559041647184,,0,0
quarter_trend2_validated,3277,2024-07-26,2024-08-05,-0.0124134568216732,2024,2023-12-31,native_mse,20260911,-0.001291795834448832,,0,0
quarter_trend2_validated,3282,2024-08-02,2024-08-12,-0.0102762848330364,2024,2023-12-31,native_mse,20260911,-0.002458562952290899,,0,0
quarter_trend2_validated,3287,2024-08-09,2024-08-19,0.0050186923751938,2024,2023-12-31,native_mse,20260911,-0.0009352769264030156,,0,1
quarter_trend2_validated,3292,2024-08-16,2024-08-26,-0.0040487282687352,2024,2023-12-31,native_mse,20260911,-0.0034014636043486098,,0,0
quarter_trend2_validated,3297,2024-08-23,2024-09-02,-0.0069594562136714,2024,2023-12-31,native_mse,20260911,-0.0018665564124188876,,0,0
quarter_trend2_validated,3302,2024-08-30,2024-09-09,-0.0280389655151561,2024,2023-12-31,native_mse,20260911,2.766314850337684e-05,,1,0
quarter_trend2_validated,3307,2024-09-06,2024-09-18,-0.0174132138857783,2024,2023-12-31,native_mse,20260911,0.0015093996928045017,,1,0
quarter_trend2_validated,3312,2024-09-13,2024-09-24,0.0133119329369826,2024,2023-12-31,native_mse,20260911,0.005047902673988417,,1,1
quarter_trend2_validated,3315,2024-09-20,2024-09-30,0.2017513988384409,2024,2023-12-31,native_mse,20260911,0.006841795120835749,,1,1
quarter_trend2_validated,3320,2024-09-27,2024-10-14,0.0178259004588408,2024,2023-12-31,native_mse,20260911,0.011643607701046107,,1,1
quarter_trend2_validated,3325,2024-10-11,2024-10-21,0.0080914993282625,2024,2023-12-31,native_mse,20260911,0.006958055096152153,,1,1
quarter_trend2_validated,3330,2024-10-18,2024-10-28,0.0015733867085561,2024,2023-12-31,native_mse,20260911,0.0035488889473533555,,1,1
quarter_trend2_validated,3335,2024-10-25,2024-11-04,-0.0140142824257356,2024,2023-12-31,native_mse,20260911,-0.004087166652715301,,0,0
quarter_trend2_validated,3340,2024-11-01,2024-11-11,0.0434152361258277,2024,2023-12-31,native_mse,20260911,-0.008879815780234165,,0,1
quarter_trend2_validated,3345,2024-11-08,2024-11-18,-0.0208584853931589,2024,2023-12-31,native_mse,20260911,-0.0016665405141504353,,0,0
quarter_trend2_validated,3350,2024-11-15,2024-11-25,-0.0267421712161923,2024,2023-12-31,native_mse,20260911,-0.0014397200836903515,,0,0
quarter_trend2_validated,3355,2024-11-22,2024-12-02,0.0087960346887328,2024,2023-12-31,native_mse,20260911,-0.00394305191034785,,0,1
quarter_trend2_validated,3360,2024-11-29,2024-12-09,0.0155919891551781,2024,2023-12-31,native_mse,20260911,-0.003787046789689023,,0,1
quarter_trend2_validated,3365,2024-12-06,2024-12-16,-0.0100436703218104,2024,2023-12-31,native_mse,20260911,-0.0013163950781598383,,0,0
quarter_trend2_validated,3370,2024-12-13,2024-12-23,-0.0006690784017421,2024,2023-12-31,native_mse,20260911,-0.007731413237017607,,0,0
quarter_trend2_validated,3375,2024-12-20,2024-12-30,0.0123595076562756,2024,2023-12-31,native_mse,20260911,-0.005503589541502588,,0,1
quarter_trend2_validated,3380,2024-12-27,2025-01-06,-0.0504714964669198,2024,2023-12-31,native_mse,20260911,0.006049137218951889,,1,0
quarter_trend2_validated,3144,2024-01-05,2024-01-15,-0.0158038409563566,2024,2023-12-31,native_mse,20260912,0.001652613648937757,,1,0
quarter_trend2_validated,3149,2024-01-12,2024-01-22,-0.002333261979756,2024,2023-12-31,native_mse,20260912,0.0017566823014709063,,1,0
quarter_trend2_validated,3154,2024-01-19,2024-01-29,0.0223511633823452,2024,2023-12-31,native_mse,20260912,0.0017349357863463528,,1,1
quarter_trend2_validated,3159,2024-01-26,2024-02-05,-0.0513103415192826,2024,2023-12-31,native_mse,20260912,0.0017756045446650414,,1,0
quarter_trend2_validated,3164,2024-02-02,2024-02-26,0.1015374891364462,2024,2023-12-31,native_mse,20260912,0.0017702651342618495,,1,1
quarter_trend2_validated,3173,2024-02-23,2024-03-04,0.0151569053862528,2024,2023-12-31,native_mse,20260912,0.0018705013508167863,,1,1
quarter_trend2_validated,3178,2024-03-01,2024-03-11,0.0021394031715169,2024,2023-12-31,native_mse,20260912,0.0020966839632058165,,1,1
quarter_trend2_validated,3183,2024-03-08,2024-03-18,0.0087762342284414,2024,2023-12-31,native_mse,20260912,0.0021229030867072935,,1,1
quarter_trend2_validated,3188,2024-03-15,2024-03-25,-0.0112802133595746,2024,2023-12-31,native_mse,20260912,0.002169492364912302,,1,0
quarter_trend2_validated,3193,2024-03-22,2024-04-01,0.0042044725182444,2024,2023-12-31,native_mse,20260912,0.0021346683785466035,,1,1
quarter_trend2_validated,3198,2024-03-29,2024-04-15,-0.0219845815102011,2024,2023-12-31,native_mse,20260912,0.001970104765042201,,1,0
quarter_trend2_validated,3206,2024-04-12,2024-04-22,0.018045199366633,2024,2023-12-31,native_mse,20260912,0.0018950666103198662,,1,1
quarter_trend2_validated,3211,2024-04-19,2024-04-29,0.0136757744232476,2024,2023-12-31,native_mse,20260912,0.0014826942470986316,,1,1
quarter_trend2_validated,3216,2024-04-26,2024-05-13,0.0172434956786644,2024,2023-12-31,native_mse,20260912,0.0010502698704938512,,1,1
quarter_trend2_validated,3223,2024-05-10,2024-05-20,0.0097933549988344,2024,2023-12-31,native_mse,20260912,0.0008603132721811119,,1,1
quarter_trend2_validated,3228,2024-05-17,2024-05-27,-0.0204803832637164,2024,2023-12-31,native_mse,20260912,0.000598359363630433,,1,0
quarter_trend2_validated,3233,2024-05-24,2024-06-03,-0.0081155643048258,2024,2023-12-31,native_mse,20260912,0.0005736014331172037,,1,0
quarter_trend2_validated,3238,2024-05-31,2024-06-11,-0.0060267570121149,2024,2023-12-31,native_mse,20260912,0.0005483327414548749,,1,0
quarter_trend2_validated,3243,2024-06-07,2024-06-17,-0.0096686558937179,2024,2023-12-31,native_mse,20260912,0.000585176229140396,,1,0
quarter_trend2_validated,3247,2024-06-14,2024-06-24,-0.013573992457631,2024,2023-12-31,native_mse,20260912,0.000605835607878555,,1,0
quarter_trend2_validated,3252,2024-06-21,2024-07-01,-0.004427632109257,2024,2023-12-31,native_mse,20260912,0.0006286050015987623,,1,0
quarter_trend2_validated,3257,2024-06-28,2024-07-08,-0.0108320369203009,2024,2023-12-31,native_mse,20260912,0.00064228262166844,,1,0
quarter_trend2_validated,3262,2024-07-05,2024-07-15,0.0122222871842843,2024,2023-12-31,native_mse,20260912,0.000721007461573622,,1,1
quarter_trend2_validated,3267,2024-07-12,2024-07-22,0.0218881133018156,2024,2023-12-31,native_mse,20260912,0.000821435978076197,,1,1
quarter_trend2_validated,3272,2024-07-19,2024-07-29,-0.0378787022382998,2024,2023-12-31,native_mse,20260912,0.0008418861287390497,,1,0
quarter_trend2_validated,3277,2024-07-26,2024-08-05,-0.0124134568216732,2024,2023-12-31,native_mse,20260912,0.0012675510770958798,,1,0
quarter_trend2_validated,3282,2024-08-02,2024-08-12,-0.0102762848330364,2024,2023-12-31,native_mse,20260912,0.0015249857513458085,,1,0
quarter_trend2_validated,3287,2024-08-09,2024-08-19,0.0050186923751938,2024,2023-12-31,native_mse,20260912,0.0015779514189250905,,1,1
quarter_trend2_validated,3292,2024-08-16,2024-08-26,-0.0040487282687352,2024,2023-12-31,native_mse,20260912,0.0013998325080271312,,1,0
quarter_trend2_validated,3297,2024-08-23,2024-09-02,-0.0069594562136714,2024,2023-12-31,native_mse,20260912,0.0014255873683507452,,1,0
quarter_trend2_validated,3302,2024-08-30,2024-09-09,-0.0280389655151561,2024,2023-12-31,native_mse,20260912,0.0015330401621674865,,1,0
quarter_trend2_validated,3307,2024-09-06,2024-09-18,-0.0174132138857783,2024,2023-12-31,native_mse,20260912,0.0015627932338450265,,1,0
quarter_trend2_validated,3312,2024-09-13,2024-09-24,0.0133119329369826,2024,2023-12-31,native_mse,20260912,0.0015103830852308555,,1,1
quarter_trend2_validated,3315,2024-09-20,2024-09-30,0.2017513988384409,2024,2023-12-31,native_mse,20260912,0.0015343284400254939,,1,1
quarter_trend2_validated,3320,2024-09-27,2024-10-14,0.0178259004588408,2024,2023-12-31,native_mse,20260912,0.0015725051425186597,,1,1
quarter_trend2_validated,3325,2024-10-11,2024-10-21,0.0080914993282625,2024,2023-12-31,native_mse,20260912,0.0019394229622847915,,1,1
quarter_trend2_validated,3330,2024-10-18,2024-10-28,0.0015733867085561,2024,2023-12-31,native_mse,20260912,0.0021210173726156634,,1,1
quarter_trend2_validated,3335,2024-10-25,2024-11-04,-0.0140142824257356,2024,2023-12-31,native_mse,20260912,0.0021565584052961957,,1,0
quarter_trend2_validated,3340,2024-11-01,2024-11-11,0.0434152361258277,2024,2023-12-31,native_mse,20260912,0.002066143931918221,,1,1
quarter_trend2_validated,3345,2024-11-08,2024-11-18,-0.0208584853931589,2024,2023-12-31,native_mse,20260912,0.0019328021834634566,,1,0
quarter_trend2_validated,3350,2024-11-15,2024-11-25,-0.0267421712161923,2024,2023-12-31,native_mse,20260912,0.0016078398644429398,,1,0
quarter_trend2_validated,3355,2024-11-22,2024-12-02,0.0087960346887328,2024,2023-12-31,native_mse,20260912,0.0014387624930086427,,1,1
quarter_trend2_validated,3360,2024-11-29,2024-12-09,0.0155919891551781,2024,2023-12-31,native_mse,20260912,0.001055672591838617,,1,1
quarter_trend2_validated,3365,2024-12-06,2024-12-16,-0.0100436703218104,2024,2023-12-31,native_mse,20260912,0.0009332123922739673,,1,0
quarter_trend2_validated,3370,2024-12-13,2024-12-23,-0.0006690784017421,2024,2023-12-31,native_mse,20260912,0.0007303535282016855,,1,0
quarter_trend2_validated,3375,2024-12-20,2024-12-30,0.0123595076562756,2024,2023-12-31,native_mse,20260912,0.0006347143027364932,,1,1
quarter_trend2_validated,3380,2024-12-27,2025-01-06,-0.0504714964669198,2024,2023-12-31,native_mse,20260912,0.0004962445983289108,,1,0
quarter_trend2_validated,3384,2025-01-03,2025-01-13,-0.0189486730632231,2025,2024-12-31,native_mse,20260910,-0.0042551962797835255,,0,0
quarter_trend2_validated,3389,2025-01-10,2025-01-20,0.0353251773547418,2025,2024-12-31,native_mse,20260910,-0.004346017102457373,,0,1
quarter_trend2_validated,3394,2025-01-17,2025-01-27,0.000432821422053,2025,2024-12-31,native_mse,20260910,-0.0019110835117753682,,0,1
quarter_trend2_validated,3399,2025-01-24,2025-02-10,0.0159344898044284,2025,2024-12-31,native_mse,20260910,-0.0018767518511483509,,0,1
quarter_trend2_validated,3403,2025-02-07,2025-02-17,0.0144454990892999,2025,2024-12-31,native_mse,20260910,-0.0005243581714439598,,0,1
quarter_trend2_validated,3408,2025-02-14,2025-02-24,0.0045695818086644,2025,2024-12-31,native_mse,20260910,0.0018166916350322408,,1,1
quarter_trend2_validated,3413,2025-02-21,2025-03-03,-0.0183210488158531,2025,2024-12-31,native_mse,20260910,-0.0017910693651536675,,0,0
quarter_trend2_validated,3418,2025-02-28,2025-03-10,0.0117650075646844,2025,2024-12-31,native_mse,20260910,8.039864129989814e-05,,1,1
quarter_trend2_validated,3423,2025-03-07,2025-03-17,0.019023819058288,2025,2024-12-31,native_mse,20260910,0.00045020548490624885,,1,1
quarter_trend2_validated,3428,2025-03-14,2025-03-24,-0.0259983485216283,2025,2024-12-31,native_mse,20260910,0.004030585426274574,,1,0
quarter_trend2_validated,3433,2025-03-21,2025-03-31,-0.0025867506275359,2025,2024-12-31,native_mse,20260910,0.0025467178052053364,,1,0
quarter_trend2_validated,3438,2025-03-28,2025-04-14,-0.0342910101946246,2025,2024-12-31,native_mse,20260910,0.007880897711304511,,1,0
quarter_trend2_validated,3447,2025-04-11,2025-04-21,-0.0010339232881941,2025,2024-12-31,native_mse,20260910,5.880823721327009e-05,,1,0
quarter_trend2_validated,3452,2025-04-18,2025-04-28,0.0048432383085554,2025,2024-12-31,native_mse,20260910,0.005609692399565023,,1,1
quarter_trend2_validated,3457,2025-04-25,2025-05-12,0.02116527880118,2025,2024-12-31,native_mse,20260910,-0.000987643148635555,,0,1
quarter_trend2_validated,3464,2025-05-09,2025-05-19,0.0041484224873464,2025,2024-12-31,native_mse,20260910,-0.0013747677302766792,,0,1
quarter_trend2_validated,3469,2025-05-16,2025-05-26,-0.0017462660042188,2025,2024-12-31,native_mse,20260910,-0.0004666942525332647,,0,0
quarter_trend2_validated,3474,2025-05-23,2025-06-03,-0.0109216443615366,2025,2024-12-31,native_mse,20260910,-0.0003784346347167226,,0,0
quarter_trend2_validated,3479,2025-05-30,2025-06-09,0.011566574321892,2025,2024-12-31,native_mse,20260910,0.0010175785321809984,,1,1
quarter_trend2_validated,3483,2025-06-06,2025-06-16,-0.0062354943524679,2025,2024-12-31,native_mse,20260910,-0.0001914645603575384,,0,0
quarter_trend2_validated,3488,2025-06-13,2025-06-23,-0.005825691168304,2025,2024-12-31,native_mse,20260910,1.1665969000571627e-05,,1,0
quarter_trend2_validated,3493,2025-06-20,2025-06-30,0.0232670437490374,2025,2024-12-31,native_mse,20260910,0.0007044968618821799,,1,1
quarter_trend2_validated,3498,2025-06-27,2025-07-07,0.0145345648685946,2025,2024-12-31,native_mse,20260910,-0.003232334991441291,,0,1
quarter_trend2_validated,3503,2025-07-04,2025-07-14,0.0110426949002964,2025,2024-12-31,native_mse,20260910,0.003419117861495023,,1,1
quarter_trend2_validated,3508,2025-07-11,2025-07-21,0.0120759671840067,2025,2024-12-31,native_mse,20260910,0.011140680775400312,,1,1
quarter_trend2_validated,3513,2025-07-18,2025-07-28,0.0143570766898375,2025,2024-12-31,native_mse,20260910,-0.002127522022613997,,0,1
quarter_trend2_validated,3518,2025-07-25,2025-08-04,-0.0218642507630443,2025,2024-12-31,native_mse,20260910,-0.001869242573817923,,0,0
quarter_trend2_validated,3523,2025-08-01,2025-08-11,0.0179175520190988,2025,2024-12-31,native_mse,20260910,2.2319590068522338e-05,,1,1
quarter_trend2_validated,3528,2025-08-08,2025-08-18,0.026265786598999,2025,2024-12-31,native_mse,20260910,-0.004614466433741538,,0,1
quarter_trend2_validated,3533,2025-08-15,2025-08-25,0.0469483790671487,2025,2024-12-31,native_mse,20260910,-0.0013489789955213162,,0,1
quarter_trend2_validated,3538,2025-08-22,2025-09-01,0.0227770368340847,2025,2024-12-31,native_mse,20260910,-0.004341013056443359,,0,1
quarter_trend2_validated,3543,2025-08-29,2025-09-08,-0.0110053842475337,2025,2024-12-31,native_mse,20260910,-0.004924417538845909,,0,0
quarter_trend2_validated,3548,2025-09-05,2025-09-15,0.0151594857594405,2025,2024-12-31,native_mse,20260910,-0.004519124644784283,,0,1
quarter_trend2_validated,3553,2025-09-12,2025-09-22,-0.0050409160971932,2025,2024-12-31,native_mse,20260910,-0.004114428954602145,,0,0
quarter_trend2_validated,3558,2025-09-19,2025-09-29,0.0095300784790881,2025,2024-12-31,native_mse,20260910,-0.0047590961051182015,,0,1
quarter_trend2_validated,3563,2025-09-26,2025-10-13,-0.0140855274279203,2025,2024-12-31,native_mse,20260910,-0.004219803127072934,,0,0
quarter_trend2_validated,3567,2025-10-10,2025-10-20,0.015001547584321,2025,2024-12-31,native_mse,20260910,-0.003823350500415441,,0,1
quarter_trend2_validated,3572,2025-10-17,2025-10-27,0.0309637052897611,2025,2024-12-31,native_mse,20260910,-0.003866623261027931,,0,1
quarter_trend2_validated,3577,2025-10-24,2025-11-03,-0.013331545863497,2025,2024-12-31,native_mse,20260910,-0.0036382658807448576,,0,0
quarter_trend2_validated,3582,2025-10-31,2025-11-10,0.0110832418536339,2025,2024-12-31,native_mse,20260910,-0.003790641327688186,,0,1
quarter_trend2_validated,3587,2025-11-07,2025-11-17,-0.0152107881197579,2025,2024-12-31,native_mse,20260910,-0.003538974204578519,,0,0
quarter_trend2_validated,3592,2025-11-14,2025-11-24,-0.031114557454173,2025,2024-12-31,native_mse,20260910,-0.003282621345580935,,0,0
quarter_trend2_validated,3597,2025-11-21,2025-12-01,0.0147613767448515,2025,2024-12-31,native_mse,20260910,-0.0034884891644206416,,0,1
quarter_trend2_validated,3602,2025-11-28,2025-12-08,0.0118853804313106,2025,2024-12-31,native_mse,20260910,-0.003806133337151431,,0,1
quarter_trend2_validated,3607,2025-12-05,2025-12-15,-0.0093922675990717,2025,2024-12-31,native_mse,20260910,-0.003208553856296927,,0,0
quarter_trend2_validated,3612,2025-12-12,2025-12-22,0.0082791208791208,2025,2024-12-31,native_mse,20260910,0.0022387132272507658,,1,1
quarter_trend2_validated,3617,2025-12-19,2025-12-29,0.0153890755001995,2025,2024-12-31,native_mse,20260910,0.006486312528548796,,1,1
quarter_trend2_validated,3622,2025-12-26,2026-01-12,0.0239101640737868,2025,2024-12-31,native_mse,20260910,-0.0003728277129905187,,0,1
quarter_trend2_validated,3384,2025-01-03,2025-01-13,-0.0189486730632231,2025,2024-12-31,training_frequency,-1,0.472636815920398,0.472636815920398,0,0
quarter_trend2_validated,3389,2025-01-10,2025-01-20,0.0353251773547418,2025,2024-12-31,training_frequency,-1,0.472636815920398,0.472636815920398,0,1
quarter_trend2_validated,3394,2025-01-17,2025-01-27,0.000432821422053,2025,2024-12-31,training_frequency,-1,0.472636815920398,0.472636815920398,0,1
quarter_trend2_validated,3399,2025-01-24,2025-02-10,0.0159344898044284,2025,2024-12-31,training_frequency,-1,0.472636815920398,0.472636815920398,0,1
quarter_trend2_validated,3403,2025-02-07,2025-02-17,0.0144454990892999,2025,2024-12-31,training_frequency,-1,0.472636815920398,0.472636815920398,0,1
quarter_trend2_validated,3408,2025-02-14,2025-02-24,0.0045695818086644,2025,2024-12-31,training_frequency,-1,0.472636815920398,0.472636815920398,0,1
quarter_trend2_validated,3413,2025-02-21,2025-03-03,-0.0183210488158531,2025,2024-12-31,training_frequency,-1,0.472636815920398,0.472636815920398,0,0
quarter_trend2_validated,3418,2025-02-28,2025-03-10,0.0117650075646844,2025,2024-12-31,training_frequency,-1,0.472636815920398,0.472636815920398,0,1
quarter_trend2_validated,3423,2025-03-07,2025-03-17,0.019023819058288,2025,2024-12-31,training_frequency,-1,0.472636815920398,0.472636815920398,0,1
quarter_trend2_validated,3428,2025-03-14,2025-03-24,-0.0259983485216283,2025,2024-12-31,training_frequency,-1,0.472636815920398,0.472636815920398,0,0
quarter_trend2_validated,3433,2025-03-21,2025-03-31,-0.0025867506275359,2025,2024-12-31,training_frequency,-1,0.472636815920398,0.472636815920398,0,0
quarter_trend2_validated,3438,2025-03-28,2025-04-14,-0.0342910101946246,2025,2024-12-31,training_frequency,-1,0.472636815920398,0.472636815920398,0,0
quarter_trend2_validated,3447,2025-04-11,2025-04-21,-0.0010339232881941,2025,2024-12-31,training_frequency,-1,0.472636815920398,0.472636815920398,0,0
quarter_trend2_validated,3452,2025-04-18,2025-04-28,0.0048432383085554,2025,2024-12-31,training_frequency,-1,0.472636815920398,0.472636815920398,0,1
quarter_trend2_validated,3457,2025-04-25,2025-05-12,0.02116527880118,2025,2024-12-31,training_frequency,-1,0.472636815920398,0.472636815920398,0,1
quarter_trend2_validated,3464,2025-05-09,2025-05-19,0.0041484224873464,2025,2024-12-31,training_frequency,-1,0.472636815920398,0.472636815920398,0,1
quarter_trend2_validated,3469,2025-05-16,2025-05-26,-0.0017462660042188,2025,2024-12-31,training_frequency,-1,0.472636815920398,0.472636815920398,0,0
quarter_trend2_validated,3474,2025-05-23,2025-06-03,-0.0109216443615366,2025,2024-12-31,training_frequency,-1,0.472636815920398,0.472636815920398,0,0
quarter_trend2_validated,3479,2025-05-30,2025-06-09,0.011566574321892,2025,2024-12-31,training_frequency,-1,0.472636815920398,0.472636815920398,0,1
quarter_trend2_validated,3483,2025-06-06,2025-06-16,-0.0062354943524679,2025,2024-12-31,training_frequency,-1,0.472636815920398,0.472636815920398,0,0
quarter_trend2_validated,3488,2025-06-13,2025-06-23,-0.005825691168304,2025,2024-12-31,training_frequency,-1,0.472636815920398,0.472636815920398,0,0
quarter_trend2_validated,3493,2025-06-20,2025-06-30,0.0232670437490374,2025,2024-12-31,training_frequency,-1,0.472636815920398,0.472636815920398,0,1
quarter_trend2_validated,3498,2025-06-27,2025-07-07,0.0145345648685946,2025,2024-12-31,training_frequency,-1,0.472636815920398,0.472636815920398,0,1
quarter_trend2_validated,3503,2025-07-04,2025-07-14,0.0110426949002964,2025,2024-12-31,training_frequency,-1,0.472636815920398,0.472636815920398,0,1
quarter_trend2_validated,3508,2025-07-11,2025-07-21,0.0120759671840067,2025,2024-12-31,training_frequency,-1,0.472636815920398,0.472636815920398,0,1
quarter_trend2_validated,3513,2025-07-18,2025-07-28,0.0143570766898375,2025,2024-12-31,training_frequency,-1,0.472636815920398,0.472636815920398,0,1
quarter_trend2_validated,3518,2025-07-25,2025-08-04,-0.0218642507630443,2025,2024-12-31,training_frequency,-1,0.472636815920398,0.472636815920398,0,0
quarter_trend2_validated,3523,2025-08-01,2025-08-11,0.0179175520190988,2025,2024-12-31,training_frequency,-1,0.472636815920398,0.472636815920398,0,1
quarter_trend2_validated,3528,2025-08-08,2025-08-18,0.026265786598999,2025,2024-12-31,training_frequency,-1,0.472636815920398,0.472636815920398,0,1
quarter_trend2_validated,3533,2025-08-15,2025-08-25,0.0469483790671487,2025,2024-12-31,training_frequency,-1,0.472636815920398,0.472636815920398,0,1
quarter_trend2_validated,3538,2025-08-22,2025-09-01,0.0227770368340847,2025,2024-12-31,training_frequency,-1,0.472636815920398,0.472636815920398,0,1
quarter_trend2_validated,3543,2025-08-29,2025-09-08,-0.0110053842475337,2025,2024-12-31,training_frequency,-1,0.472636815920398,0.472636815920398,0,0
quarter_trend2_validated,3548,2025-09-05,2025-09-15,0.0151594857594405,2025,2024-12-31,training_frequency,-1,0.472636815920398,0.472636815920398,0,1
quarter_trend2_validated,3553,2025-09-12,2025-09-22,-0.0050409160971932,2025,2024-12-31,training_frequency,-1,0.472636815920398,0.472636815920398,0,0
quarter_trend2_validated,3558,2025-09-19,2025-09-29,0.0095300784790881,2025,2024-12-31,training_frequency,-1,0.472636815920398,0.472636815920398,0,1
quarter_trend2_validated,3563,2025-09-26,2025-10-13,-0.0140855274279203,2025,2024-12-31,training_frequency,-1,0.472636815920398,0.472636815920398,0,0
quarter_trend2_validated,3567,2025-10-10,2025-10-20,0.015001547584321,2025,2024-12-31,training_frequency,-1,0.472636815920398,0.472636815920398,0,1
quarter_trend2_validated,3572,2025-10-17,2025-10-27,0.0309637052897611,2025,2024-12-31,training_frequency,-1,0.472636815920398,0.472636815920398,0,1
quarter_trend2_validated,3577,2025-10-24,2025-11-03,-0.013331545863497,2025,2024-12-31,training_frequency,-1,0.472636815920398,0.472636815920398,0,0
quarter_trend2_validated,3582,2025-10-31,2025-11-10,0.0110832418536339,2025,2024-12-31,training_frequency,-1,0.472636815920398,0.472636815920398,0,1
quarter_trend2_validated,3587,2025-11-07,2025-11-17,-0.0152107881197579,2025,2024-12-31,training_frequency,-1,0.472636815920398,0.472636815920398,0,0
quarter_trend2_validated,3592,2025-11-14,2025-11-24,-0.031114557454173,2025,2024-12-31,training_frequency,-1,0.472636815920398,0.472636815920398,0,0
quarter_trend2_validated,3597,2025-11-21,2025-12-01,0.0147613767448515,2025,2024-12-31,training_frequency,-1,0.472636815920398,0.472636815920398,0,1
quarter_trend2_validated,3602,2025-11-28,2025-12-08,0.0118853804313106,2025,2024-12-31,training_frequency,-1,0.472636815920398,0.472636815920398,0,1
quarter_trend2_validated,3607,2025-12-05,2025-12-15,-0.0093922675990717,2025,2024-12-31,training_frequency,-1,0.472636815920398,0.472636815920398,0,0
quarter_trend2_validated,3612,2025-12-12,2025-12-22,0.0082791208791208,2025,2024-12-31,training_frequency,-1,0.472636815920398,0.472636815920398,0,1
quarter_trend2_validated,3617,2025-12-19,2025-12-29,0.0153890755001995,2025,2024-12-31,training_frequency,-1,0.472636815920398,0.472636815920398,0,1
quarter_trend2_validated,3622,2025-12-26,2026-01-12,0.0239101640737868,2025,2024-12-31,training_frequency,-1,0.472636815920398,0.472636815920398,0,1
quarter_trend2_validated,3384,2025-01-03,2025-01-13,-0.0189486730632231,2025,2024-12-31,native_mse,20260911,-0.002243633031677963,,0,0
quarter_trend2_validated,3389,2025-01-10,2025-01-20,0.0353251773547418,2025,2024-12-31,native_mse,20260911,-0.0018394813791051527,,0,1
quarter_trend2_validated,3394,2025-01-17,2025-01-27,0.000432821422053,2025,2024-12-31,native_mse,20260911,-0.0014393263633927758,,0,1
quarter_trend2_validated,3399,2025-01-24,2025-02-10,0.0159344898044284,2025,2024-12-31,native_mse,20260911,-0.0005732481089145066,,0,1
quarter_trend2_validated,3403,2025-02-07,2025-02-17,0.0144454990892999,2025,2024-12-31,native_mse,20260911,-0.0003493640286036611,,0,1
quarter_trend2_validated,3408,2025-02-14,2025-02-24,0.0045695818086644,2025,2024-12-31,native_mse,20260911,-6.571465300264602e-06,,0,1
quarter_trend2_validated,3413,2025-02-21,2025-03-03,-0.0183210488158531,2025,2024-12-31,native_mse,20260911,0.00010564573035517886,,1,0
quarter_trend2_validated,3418,2025-02-28,2025-03-10,0.0117650075646844,2025,2024-12-31,native_mse,20260911,0.00030938900384146466,,1,1
quarter_trend2_validated,3423,2025-03-07,2025-03-17,0.019023819058288,2025,2024-12-31,native_mse,20260911,0.0003527669941379203,,1,1
quarter_trend2_validated,3428,2025-03-14,2025-03-24,-0.0259983485216283,2025,2024-12-31,native_mse,20260911,0.0004719065040533454,,1,0
quarter_trend2_validated,3433,2025-03-21,2025-03-31,-0.0025867506275359,2025,2024-12-31,native_mse,20260911,0.0001374212134311476,,1,0
quarter_trend2_validated,3438,2025-03-28,2025-04-14,-0.0342910101946246,2025,2024-12-31,native_mse,20260911,0.0003460895283123176,,1,0
quarter_trend2_validated,3447,2025-04-11,2025-04-21,-0.0010339232881941,2025,2024-12-31,native_mse,20260911,0.000247650617921614,,1,0
quarter_trend2_validated,3452,2025-04-18,2025-04-28,0.0048432383085554,2025,2024-12-31,native_mse,20260911,0.0005399418130639047,,1,1
quarter_trend2_validated,3457,2025-04-25,2025-05-12,0.02116527880118,2025,2024-12-31,native_mse,20260911,0.00041859235087992534,,1,1
quarter_trend2_validated,3464,2025-05-09,2025-05-19,0.0041484224873464,2025,2024-12-31,native_mse,20260911,-0.00023324757687195213,,0,1
quarter_trend2_validated,3469,2025-05-16,2025-05-26,-0.0017462660042188,2025,2024-12-31,native_mse,20260911,-0.0007053097438131018,,0,0
quarter_trend2_validated,3474,2025-05-23,2025-06-03,-0.0109216443615366,2025,2024-12-31,native_mse,20260911,-0.0004283154814639044,,0,0
quarter_trend2_validated,3479,2025-05-30,2025-06-09,0.011566574321892,2025,2024-12-31,native_mse,20260911,-0.0007435280421209072,,0,1
quarter_trend2_validated,3483,2025-06-06,2025-06-16,-0.0062354943524679,2025,2024-12-31,native_mse,20260911,0.00031992663879525335,,1,0
quarter_trend2_validated,3488,2025-06-13,2025-06-23,-0.005825691168304,2025,2024-12-31,native_mse,20260911,-0.00012583521126832513,,0,0
quarter_trend2_validated,3493,2025-06-20,2025-06-30,0.0232670437490374,2025,2024-12-31,native_mse,20260911,0.0004804870845920942,,1,1
quarter_trend2_validated,3498,2025-06-27,2025-07-07,0.0145345648685946,2025,2024-12-31,native_mse,20260911,0.0003559800730399111,,1,1
quarter_trend2_validated,3503,2025-07-04,2025-07-14,0.0110426949002964,2025,2024-12-31,native_mse,20260911,0.0001003436982822433,,1,1
quarter_trend2_validated,3508,2025-07-11,2025-07-21,0.0120759671840067,2025,2024-12-31,native_mse,20260911,0.00011930674045287023,,1,1
quarter_trend2_validated,3513,2025-07-18,2025-07-28,0.0143570766898375,2025,2024-12-31,native_mse,20260911,-0.00014021210404791933,,0,1
quarter_trend2_validated,3518,2025-07-25,2025-08-04,-0.0218642507630443,2025,2024-12-31,native_mse,20260911,-0.0010675431152552786,,0,0
quarter_trend2_validated,3523,2025-08-01,2025-08-11,0.0179175520190988,2025,2024-12-31,native_mse,20260911,-0.0011114652147751107,,0,1
quarter_trend2_validated,3528,2025-08-08,2025-08-18,0.026265786598999,2025,2024-12-31,native_mse,20260911,-0.0011821175732785794,,0,1
quarter_trend2_validated,3533,2025-08-15,2025-08-25,0.0469483790671487,2025,2024-12-31,native_mse,20260911,-0.001692750035902398,,0,1
quarter_trend2_validated,3538,2025-08-22,2025-09-01,0.0227770368340847,2025,2024-12-31,native_mse,20260911,-0.0020785336587941633,,0,1
quarter_trend2_validated,3543,2025-08-29,2025-09-08,-0.0110053842475337,2025,2024-12-31,native_mse,20260911,-0.0022958519339049935,,0,0
quarter_trend2_validated,3548,2025-09-05,2025-09-15,0.0151594857594405,2025,2024-12-31,native_mse,20260911,-0.002811169444921857,,0,1
quarter_trend2_validated,3553,2025-09-12,2025-09-22,-0.0050409160971932,2025,2024-12-31,native_mse,20260911,-0.0028821755195373713,,0,0
quarter_trend2_validated,3558,2025-09-19,2025-09-29,0.0095300784790881,2025,2024-12-31,native_mse,20260911,-0.0027270038017814854,,0,1
quarter_trend2_validated,3563,2025-09-26,2025-10-13,-0.0140855274279203,2025,2024-12-31,native_mse,20260911,-0.002671446424452231,,0,0
quarter_trend2_validated,3567,2025-10-10,2025-10-20,0.015001547584321,2025,2024-12-31,native_mse,20260911,-0.002875353278749809,,0,1
quarter_trend2_validated,3572,2025-10-17,2025-10-27,0.0309637052897611,2025,2024-12-31,native_mse,20260911,-0.0026759293493526775,,0,1
quarter_trend2_validated,3577,2025-10-24,2025-11-03,-0.013331545863497,2025,2024-12-31,native_mse,20260911,-0.0024118634853773644,,0,0
quarter_trend2_validated,3582,2025-10-31,2025-11-10,0.0110832418536339,2025,2024-12-31,native_mse,20260911,-0.0024513790865101073,,0,1
quarter_trend2_validated,3587,2025-11-07,2025-11-17,-0.0152107881197579,2025,2024-12-31,native_mse,20260911,-0.0023441841984512364,,0,0
quarter_trend2_validated,3592,2025-11-14,2025-11-24,-0.031114557454173,2025,2024-12-31,native_mse,20260911,-0.0023326617843834286,,0,0
quarter_trend2_validated,3597,2025-11-21,2025-12-01,0.0147613767448515,2025,2024-12-31,native_mse,20260911,-0.0021695162719280723,,0,1
quarter_trend2_validated,3602,2025-11-28,2025-12-08,0.0118853804313106,2025,2024-12-31,native_mse,20260911,-0.0021230276394656705,,0,1
quarter_trend2_validated,3607,2025-12-05,2025-12-15,-0.0093922675990717,2025,2024-12-31,native_mse,20260911,-0.0018508009821854902,,0,0
quarter_trend2_validated,3612,2025-12-12,2025-12-22,0.0082791208791208,2025,2024-12-31,native_mse,20260911,-0.0014574936445709685,,0,1
quarter_trend2_validated,3617,2025-12-19,2025-12-29,0.0153890755001995,2025,2024-12-31,native_mse,20260911,-0.001196551069802699,,0,1
quarter_trend2_validated,3622,2025-12-26,2026-01-12,0.0239101640737868,2025,2024-12-31,native_mse,20260911,-0.0009424910062058391,,0,1
quarter_trend2_validated,3384,2025-01-03,2025-01-13,-0.0189486730632231,2025,2024-12-31,native_mse,20260912,-0.003930728949605344,,0,0
quarter_trend2_validated,3389,2025-01-10,2025-01-20,0.0353251773547418,2025,2024-12-31,native_mse,20260912,0.004608697114816542,,1,1
quarter_trend2_validated,3394,2025-01-17,2025-01-27,0.000432821422053,2025,2024-12-31,native_mse,20260912,-0.0013781107886780553,,0,1
quarter_trend2_validated,3399,2025-01-24,2025-02-10,0.0159344898044284,2025,2024-12-31,native_mse,20260912,0.008065382377116114,,1,1
quarter_trend2_validated,3403,2025-02-07,2025-02-17,0.0144454990892999,2025,2024-12-31,native_mse,20260912,0.0020560919017093573,,1,1
quarter_trend2_validated,3408,2025-02-14,2025-02-24,0.0045695818086644,2025,2024-12-31,native_mse,20260912,0.0004574229206631815,,1,1
quarter_trend2_validated,3413,2025-02-21,2025-03-03,-0.0183210488158531,2025,2024-12-31,native_mse,20260912,-0.004487069050516085,,0,0
quarter_trend2_validated,3418,2025-02-28,2025-03-10,0.0117650075646844,2025,2024-12-31,native_mse,20260912,0.007907777385840498,,1,1
quarter_trend2_validated,3423,2025-03-07,2025-03-17,0.019023819058288,2025,2024-12-31,native_mse,20260912,-0.007080334543719193,,0,1
quarter_trend2_validated,3428,2025-03-14,2025-03-24,-0.0259983485216283,2025,2024-12-31,native_mse,20260912,0.005416181842733637,,1,0
quarter_trend2_validated,3433,2025-03-21,2025-03-31,-0.0025867506275359,2025,2024-12-31,native_mse,20260912,0.0028174386195491687,,1,0
quarter_trend2_validated,3438,2025-03-28,2025-04-14,-0.0342910101946246,2025,2024-12-31,native_mse,20260912,0.0006099430279859906,,1,0
quarter_trend2_validated,3447,2025-04-11,2025-04-21,-0.0010339232881941,2025,2024-12-31,native_mse,20260912,-0.0038314464400373087,,0,0
quarter_trend2_validated,3452,2025-04-18,2025-04-28,0.0048432383085554,2025,2024-12-31,native_mse,20260912,-0.002239070357372274,,0,1
quarter_trend2_validated,3457,2025-04-25,2025-05-12,0.02116527880118,2025,2024-12-31,native_mse,20260912,-0.0030291142570267483,,0,1
quarter_trend2_validated,3464,2025-05-09,2025-05-19,0.0041484224873464,2025,2024-12-31,native_mse,20260912,-0.006797100864360832,,0,1
quarter_trend2_validated,3469,2025-05-16,2025-05-26,-0.0017462660042188,2025,2024-12-31,native_mse,20260912,0.0011635229802106158,,1,0
quarter_trend2_validated,3474,2025-05-23,2025-06-03,-0.0109216443615366,2025,2024-12-31,native_mse,20260912,-0.0015437185640202761,,0,0
quarter_trend2_validated,3479,2025-05-30,2025-06-09,0.011566574321892,2025,2024-12-31,native_mse,20260912,-0.007042284452490261,,0,1
quarter_trend2_validated,3483,2025-06-06,2025-06-16,-0.0062354943524679,2025,2024-12-31,native_mse,20260912,0.00028466611619904517,,1,0
quarter_trend2_validated,3488,2025-06-13,2025-06-23,-0.005825691168304,2025,2024-12-31,native_mse,20260912,-0.006674179072757184,,0,0
quarter_trend2_validated,3493,2025-06-20,2025-06-30,0.0232670437490374,2025,2024-12-31,native_mse,20260912,-0.0026285119113171485,,0,1
quarter_trend2_validated,3498,2025-06-27,2025-07-07,0.0145345648685946,2025,2024-12-31,native_mse,20260912,-0.001664357643481335,,0,1
quarter_trend2_validated,3503,2025-07-04,2025-07-14,0.0110426949002964,2025,2024-12-31,native_mse,20260912,0.0037107408116209707,,1,1
quarter_trend2_validated,3508,2025-07-11,2025-07-21,0.0120759671840067,2025,2024-12-31,native_mse,20260912,0.002218014475368515,,1,1
quarter_trend2_validated,3513,2025-07-18,2025-07-28,0.0143570766898375,2025,2024-12-31,native_mse,20260912,0.009911597608358887,,1,1
quarter_trend2_validated,3518,2025-07-25,2025-08-04,-0.0218642507630443,2025,2024-12-31,native_mse,20260912,-0.0013540938427923275,,0,0
quarter_trend2_validated,3523,2025-08-01,2025-08-11,0.0179175520190988,2025,2024-12-31,native_mse,20260912,0.002501110312004882,,1,1
quarter_trend2_validated,3528,2025-08-08,2025-08-18,0.026265786598999,2025,2024-12-31,native_mse,20260912,-0.006121881900028309,,0,1
quarter_trend2_validated,3533,2025-08-15,2025-08-25,0.0469483790671487,2025,2024-12-31,native_mse,20260912,-0.0031833828356847573,,0,1
quarter_trend2_validated,3538,2025-08-22,2025-09-01,0.0227770368340847,2025,2024-12-31,native_mse,20260912,-0.005229739970136804,,0,1
quarter_trend2_validated,3543,2025-08-29,2025-09-08,-0.0110053842475337,2025,2024-12-31,native_mse,20260912,0.0017396293034999204,,1,0
quarter_trend2_validated,3548,2025-09-05,2025-09-15,0.0151594857594405,2025,2024-12-31,native_mse,20260912,-0.006315423164964012,,0,1
quarter_trend2_validated,3553,2025-09-12,2025-09-22,-0.0050409160971932,2025,2024-12-31,native_mse,20260912,0.0036445584301978444,,1,0
quarter_trend2_validated,3558,2025-09-19,2025-09-29,0.0095300784790881,2025,2024-12-31,native_mse,20260912,-0.007907179585583714,,0,1
quarter_trend2_validated,3563,2025-09-26,2025-10-13,-0.0140855274279203,2025,2024-12-31,native_mse,20260912,-0.0016751946251609804,,0,0
quarter_trend2_validated,3567,2025-10-10,2025-10-20,0.015001547584321,2025,2024-12-31,native_mse,20260912,-0.006402638764524997,,0,1
quarter_trend2_validated,3572,2025-10-17,2025-10-27,0.0309637052897611,2025,2024-12-31,native_mse,20260912,-0.00870396964325983,,0,1
quarter_trend2_validated,3577,2025-10-24,2025-11-03,-0.013331545863497,2025,2024-12-31,native_mse,20260912,-0.005475122015119508,,0,0
quarter_trend2_validated,3582,2025-10-31,2025-11-10,0.0110832418536339,2025,2024-12-31,native_mse,20260912,-0.006949842516906396,,0,1
quarter_trend2_validated,3587,2025-11-07,2025-11-17,-0.0152107881197579,2025,2024-12-31,native_mse,20260912,0.005808210669049744,,1,0
quarter_trend2_validated,3592,2025-11-14,2025-11-24,-0.031114557454173,2025,2024-12-31,native_mse,20260912,-0.005729952989633713,,0,0
quarter_trend2_validated,3597,2025-11-21,2025-12-01,0.0147613767448515,2025,2024-12-31,native_mse,20260912,-0.0015450315646448089,,0,1
quarter_trend2_validated,3602,2025-11-28,2025-12-08,0.0118853804313106,2025,2024-12-31,native_mse,20260912,-0.0032204954130721736,,0,1
quarter_trend2_validated,3607,2025-12-05,2025-12-15,-0.0093922675990717,2025,2024-12-31,native_mse,20260912,-0.0047114270439592345,,0,0
quarter_trend2_validated,3612,2025-12-12,2025-12-22,0.0082791208791208,2025,2024-12-31,native_mse,20260912,0.0035042182684974187,,1,1
quarter_trend2_validated,3617,2025-12-19,2025-12-29,0.0153890755001995,2025,2024-12-31,native_mse,20260912,-0.0005370407904008248,,0,1
quarter_trend2_validated,3622,2025-12-26,2026-01-12,0.0239101640737868,2025,2024-12-31,native_mse,20260912,0.002315041428841435,,1,1
quarter_trend2_validated,3630,2026-01-09,2026-01-19,-0.0103697336282536,2026,2025-12-31,native_mse,20260910,-0.002855102612462861,,0,0
quarter_trend2_validated,3635,2026-01-16,2026-01-26,-0.0010190267764643,2026,2025-12-31,native_mse,20260910,-0.00015744638603756636,,0,0
quarter_trend2_validated,3640,2026-01-23,2026-02-02,-0.0087161586128796,2026,2025-12-31,native_mse,20260910,-0.006105688647517694,,0,0
quarter_trend2_validated,3645,2026-01-30,2026-02-09,0.0041482324550519,2026,2025-12-31,native_mse,20260910,-0.0019649521887390433,,0,1
quarter_trend2_validated,3650,2026-02-06,2026-02-24,0.0071649689901505,2026,2025-12-31,native_mse,20260910,0.0047027542719540035,,1,1
quarter_trend2_validated,3655,2026-02-13,2026-03-02,-0.0097920588919678,2026,2025-12-31,native_mse,20260910,0.0004179826835146159,,1,0
quarter_trend2_validated,3659,2026-02-27,2026-03-09,-0.0172526869201304,2026,2025-12-31,native_mse,20260910,0.0022625269962182996,,1,0
quarter_trend2_validated,3664,2026-03-06,2026-03-16,0.0149926634422041,2026,2025-12-31,native_mse,20260910,-0.003806878947664824,,0,1
quarter_trend2_validated,3669,2026-03-13,2026-03-23,-0.0364343509194254,2026,2025-12-31,native_mse,20260910,-0.006468904470141985,,0,0
quarter_trend2_validated,3674,2026-03-20,2026-03-30,-0.0083038829988221,2026,2025-12-31,native_mse,20260910,-0.006677801015318794,,0,0
quarter_trend2_validated,3679,2026-03-27,2026-04-07,-0.0035591495694504,2026,2025-12-31,native_mse,20260910,-0.0012459609623288559,,0,0
quarter_trend2_validated,3684,2026-04-03,2026-04-13,0.0380736235508991,2026,2025-12-31,native_mse,20260910,-0.0002708764126667155,,0,1
quarter_trend2_validated,3688,2026-04-10,2026-04-20,0.0242766725964382,2026,2025-12-31,native_mse,20260910,-0.0014516073248232214,,0,1
quarter_trend2_validated,3693,2026-04-17,2026-04-27,0.010401572188011,2026,2025-12-31,native_mse,20260910,-0.00019243492513075974,,0,1
quarter_trend2_validated,3698,2026-04-24,2026-05-11,0.0263674696524953,2026,2025-12-31,native_mse,20260910,0.00044530537803680217,,1,1
quarter_trend2_validated,3705,2026-05-08,2026-05-18,-0.0134529239455926,2026,2025-12-31,native_mse,20260910,0.00821158666179363,,1,0
quarter_trend2_validated,3710,2026-05-15,2026-05-25,0.0076235492615268,2026,2025-12-31,native_mse,20260910,0.009209478129531542,,1,1
quarter_trend2_validated,3715,2026-05-22,2026-06-01,0.005068538126898,2026,2025-12-31,native_mse,20260910,-0.0037899662548005076,,0,1
quarter_trend2_validated,3720,2026-05-29,2026-06-08,-0.039635353927193,2026,2025-12-31,native_mse,20260910,-0.005878390043911763,,0,0
quarter_trend2_validated,3725,2026-06-05,2026-06-15,0.0266849782195981,2026,2025-12-31,native_mse,20260910,-0.005079831260852612,,0,1
quarter_trend2_validated,3730,2026-06-12,2026-06-29,0.0076098142791176,2026,2025-12-31,native_mse,20260910,-0.0013875397965599067,,0,1
quarter_trend2_validated,3739,2026-06-26,2026-07-06,0.0005137647861506,2026,2025-12-31,native_mse,20260910,-0.002031043716013942,,0,1
quarter_trend2_validated,3744,2026-07-03,2026-07-13,-0.0252847876365399,2026,2025-12-31,native_mse,20260910,-0.003966417206833292,,0,0
quarter_trend2_validated,3749,2026-07-10,2026-07-20,-0.035775397012711,2026,2025-12-31,native_mse,20260910,-0.000224192482655729,,0,0
quarter_trend2_validated,3754,2026-07-17,2026-07-27,0.01756245533441,2026,2025-12-31,native_mse,20260910,-0.001279240964054163,,0,1
quarter_trend2_validated,3759,2026-07-24,2026-08-03,-0.0202339761556519,2026,2025-12-31,native_mse,20260910,-0.0020989123929827714,,0,0
quarter_trend2_validated,3764,2026-07-31,2026-08-10,0.0300318732435738,2026,2025-12-31,native_mse,20260910,-0.005698998401180227,,0,1
quarter_trend2_validated,3769,2026-08-07,2026-08-17,-0.0056482265760339,2026,2025-12-31,native_mse,20260910,-0.000843785639629233,,0,0
quarter_trend2_validated,3774,2026-08-14,2026-08-24,-0.0109860710402629,2026,2025-12-31,native_mse,20260910,0.001103287661206875,,1,0
quarter_trend2_validated,3779,2026-08-21,2026-08-31,-0.0127592811002066,2026,2025-12-31,native_mse,20260910,0.005195736341319573,,1,0
quarter_trend2_validated,3630,2026-01-09,2026-01-19,-0.0103697336282536,2026,2025-12-31,training_frequency,-1,0.4792703150912106,0.4792703150912106,0,0
quarter_trend2_validated,3635,2026-01-16,2026-01-26,-0.0010190267764643,2026,2025-12-31,training_frequency,-1,0.4792703150912106,0.4792703150912106,0,0
quarter_trend2_validated,3640,2026-01-23,2026-02-02,-0.0087161586128796,2026,2025-12-31,training_frequency,-1,0.4792703150912106,0.4792703150912106,0,0
quarter_trend2_validated,3645,2026-01-30,2026-02-09,0.0041482324550519,2026,2025-12-31,training_frequency,-1,0.4792703150912106,0.4792703150912106,0,1
quarter_trend2_validated,3650,2026-02-06,2026-02-24,0.0071649689901505,2026,2025-12-31,training_frequency,-1,0.4792703150912106,0.4792703150912106,0,1
quarter_trend2_validated,3655,2026-02-13,2026-03-02,-0.0097920588919678,2026,2025-12-31,training_frequency,-1,0.4792703150912106,0.4792703150912106,0,0
quarter_trend2_validated,3659,2026-02-27,2026-03-09,-0.0172526869201304,2026,2025-12-31,training_frequency,-1,0.4792703150912106,0.4792703150912106,0,0
quarter_trend2_validated,3664,2026-03-06,2026-03-16,0.0149926634422041,2026,2025-12-31,training_frequency,-1,0.4792703150912106,0.4792703150912106,0,1
quarter_trend2_validated,3669,2026-03-13,2026-03-23,-0.0364343509194254,2026,2025-12-31,training_frequency,-1,0.4792703150912106,0.4792703150912106,0,0
quarter_trend2_validated,3674,2026-03-20,2026-03-30,-0.0083038829988221,2026,2025-12-31,training_frequency,-1,0.4792703150912106,0.4792703150912106,0,0
quarter_trend2_validated,3679,2026-03-27,2026-04-07,-0.0035591495694504,2026,2025-12-31,training_frequency,-1,0.4792703150912106,0.4792703150912106,0,0
quarter_trend2_validated,3684,2026-04-03,2026-04-13,0.0380736235508991,2026,2025-12-31,training_frequency,-1,0.4792703150912106,0.4792703150912106,0,1
quarter_trend2_validated,3688,2026-04-10,2026-04-20,0.0242766725964382,2026,2025-12-31,training_frequency,-1,0.4792703150912106,0.4792703150912106,0,1
quarter_trend2_validated,3693,2026-04-17,2026-04-27,0.010401572188011,2026,2025-12-31,training_frequency,-1,0.4792703150912106,0.4792703150912106,0,1
quarter_trend2_validated,3698,2026-04-24,2026-05-11,0.0263674696524953,2026,2025-12-31,training_frequency,-1,0.4792703150912106,0.4792703150912106,0,1
quarter_trend2_validated,3705,2026-05-08,2026-05-18,-0.0134529239455926,2026,2025-12-31,training_frequency,-1,0.4792703150912106,0.4792703150912106,0,0
quarter_trend2_validated,3710,2026-05-15,2026-05-25,0.0076235492615268,2026,2025-12-31,training_frequency,-1,0.4792703150912106,0.4792703150912106,0,1
quarter_trend2_validated,3715,2026-05-22,2026-06-01,0.005068538126898,2026,2025-12-31,training_frequency,-1,0.4792703150912106,0.4792703150912106,0,1
quarter_trend2_validated,3720,2026-05-29,2026-06-08,-0.039635353927193,2026,2025-12-31,training_frequency,-1,0.4792703150912106,0.4792703150912106,0,0
quarter_trend2_validated,3725,2026-06-05,2026-06-15,0.0266849782195981,2026,2025-12-31,training_frequency,-1,0.4792703150912106,0.4792703150912106,0,1
quarter_trend2_validated,3730,2026-06-12,2026-06-29,0.0076098142791176,2026,2025-12-31,training_frequency,-1,0.4792703150912106,0.4792703150912106,0,1
quarter_trend2_validated,3739,2026-06-26,2026-07-06,0.0005137647861506,2026,2025-12-31,training_frequency,-1,0.4792703150912106,0.4792703150912106,0,1
quarter_trend2_validated,3744,2026-07-03,2026-07-13,-0.0252847876365399,2026,2025-12-31,training_frequency,-1,0.4792703150912106,0.4792703150912106,0,0
quarter_trend2_validated,3749,2026-07-10,2026-07-20,-0.035775397012711,2026,2025-12-31,training_frequency,-1,0.4792703150912106,0.4792703150912106,0,0
quarter_trend2_validated,3754,2026-07-17,2026-07-27,0.01756245533441,2026,2025-12-31,training_frequency,-1,0.4792703150912106,0.4792703150912106,0,1
quarter_trend2_validated,3759,2026-07-24,2026-08-03,-0.0202339761556519,2026,2025-12-31,training_frequency,-1,0.4792703150912106,0.4792703150912106,0,0
quarter_trend2_validated,3764,2026-07-31,2026-08-10,0.0300318732435738,2026,2025-12-31,training_frequency,-1,0.4792703150912106,0.4792703150912106,0,1
quarter_trend2_validated,3769,2026-08-07,2026-08-17,-0.0056482265760339,2026,2025-12-31,training_frequency,-1,0.4792703150912106,0.4792703150912106,0,0
quarter_trend2_validated,3774,2026-08-14,2026-08-24,-0.0109860710402629,2026,2025-12-31,training_frequency,-1,0.4792703150912106,0.4792703150912106,0,0
quarter_trend2_validated,3779,2026-08-21,2026-08-31,-0.0127592811002066,2026,2025-12-31,training_frequency,-1,0.4792703150912106,0.4792703150912106,0,0
quarter_trend2_validated,3630,2026-01-09,2026-01-19,-0.0103697336282536,2026,2025-12-31,native_mse,20260911,-0.0030890692487675277,,0,0
quarter_trend2_validated,3635,2026-01-16,2026-01-26,-0.0010190267764643,2026,2025-12-31,native_mse,20260911,-0.0029844245717806552,,0,0
quarter_trend2_validated,3640,2026-01-23,2026-02-02,-0.0087161586128796,2026,2025-12-31,native_mse,20260911,-0.0018485669736654138,,0,0
quarter_trend2_validated,3645,2026-01-30,2026-02-09,0.0041482324550519,2026,2025-12-31,native_mse,20260911,-0.002659061252019485,,0,1
quarter_trend2_validated,3650,2026-02-06,2026-02-24,0.0071649689901505,2026,2025-12-31,native_mse,20260911,-0.0015567976959256278,,0,1
quarter_trend2_validated,3655,2026-02-13,2026-03-02,-0.0097920588919678,2026,2025-12-31,native_mse,20260911,-0.0015389707922718095,,0,0
quarter_trend2_validated,3659,2026-02-27,2026-03-09,-0.0172526869201304,2026,2025-12-31,native_mse,20260911,-0.0019681718770543553,,0,0
quarter_trend2_validated,3664,2026-03-06,2026-03-16,0.0149926634422041,2026,2025-12-31,native_mse,20260911,0.00014521785716820214,,1,1
quarter_trend2_validated,3669,2026-03-13,2026-03-23,-0.0364343509194254,2026,2025-12-31,native_mse,20260911,-0.0022671453715006956,,0,0
quarter_trend2_validated,3674,2026-03-20,2026-03-30,-0.0083038829988221,2026,2025-12-31,native_mse,20260911,-0.001986856137592856,,0,0
quarter_trend2_validated,3679,2026-03-27,2026-04-07,-0.0035591495694504,2026,2025-12-31,native_mse,20260911,-0.002218520604235266,,0,0
quarter_trend2_validated,3684,2026-04-03,2026-04-13,0.0380736235508991,2026,2025-12-31,native_mse,20260911,-0.002090390096021022,,0,1
quarter_trend2_validated,3688,2026-04-10,2026-04-20,0.0242766725964382,2026,2025-12-31,native_mse,20260911,-0.0024408235069100508,,0,1
quarter_trend2_validated,3693,2026-04-17,2026-04-27,0.010401572188011,2026,2025-12-31,native_mse,20260911,-0.0029629470272129906,,0,1
quarter_trend2_validated,3698,2026-04-24,2026-05-11,0.0263674696524953,2026,2025-12-31,native_mse,20260911,-0.003359926419865766,,0,1
quarter_trend2_validated,3705,2026-05-08,2026-05-18,-0.0134529239455926,2026,2025-12-31,native_mse,20260911,-0.002535154678821143,,0,0
quarter_trend2_validated,3710,2026-05-15,2026-05-25,0.0076235492615268,2026,2025-12-31,native_mse,20260911,-0.002260058894062486,,0,1
quarter_trend2_validated,3715,2026-05-22,2026-06-01,0.005068538126898,2026,2025-12-31,native_mse,20260911,-0.0015057276938992676,,0,1
quarter_trend2_validated,3720,2026-05-29,2026-06-08,-0.039635353927193,2026,2025-12-31,native_mse,20260911,-0.002635162144589442,,0,0
quarter_trend2_validated,3725,2026-06-05,2026-06-15,0.0266849782195981,2026,2025-12-31,native_mse,20260911,-0.003913781241526722,,0,1
quarter_trend2_validated,3730,2026-06-12,2026-06-29,0.0076098142791176,2026,2025-12-31,native_mse,20260911,-0.0036857925348870147,,0,1
quarter_trend2_validated,3739,2026-06-26,2026-07-06,0.0005137647861506,2026,2025-12-31,native_mse,20260911,-0.0021369319429553274,,0,1
quarter_trend2_validated,3744,2026-07-03,2026-07-13,-0.0252847876365399,2026,2025-12-31,native_mse,20260911,-0.0022933277317483012,,0,0
quarter_trend2_validated,3749,2026-07-10,2026-07-20,-0.035775397012711,2026,2025-12-31,native_mse,20260911,-0.0023056933526758674,,0,0
quarter_trend2_validated,3754,2026-07-17,2026-07-27,0.01756245533441,2026,2025-12-31,native_mse,20260911,-0.0024493044555773855,,0,1
quarter_trend2_validated,3759,2026-07-24,2026-08-03,-0.0202339761556519,2026,2025-12-31,native_mse,20260911,-0.0026633393533010696,,0,0
quarter_trend2_validated,3764,2026-07-31,2026-08-10,0.0300318732435738,2026,2025-12-31,native_mse,20260911,-0.0024432171596736993,,0,1
quarter_trend2_validated,3769,2026-08-07,2026-08-17,-0.0056482265760339,2026,2025-12-31,native_mse,20260911,-0.0034017483589926685,,0,0
quarter_trend2_validated,3774,2026-08-14,2026-08-24,-0.0109860710402629,2026,2025-12-31,native_mse,20260911,-0.002813706354026954,,0,0
quarter_trend2_validated,3779,2026-08-21,2026-08-31,-0.0127592811002066,2026,2025-12-31,native_mse,20260911,-0.0019809857134933735,,0,0
quarter_trend2_validated,3630,2026-01-09,2026-01-19,-0.0103697336282536,2026,2025-12-31,native_mse,20260912,-0.0012654744629118373,,0,0
quarter_trend2_validated,3635,2026-01-16,2026-01-26,-0.0010190267764643,2026,2025-12-31,native_mse,20260912,-0.0009824454910161004,,0,0
quarter_trend2_validated,3640,2026-01-23,2026-02-02,-0.0087161586128796,2026,2025-12-31,native_mse,20260912,-0.0014318861524315442,,0,0
quarter_trend2_validated,3645,2026-01-30,2026-02-09,0.0041482324550519,2026,2025-12-31,native_mse,20260912,-0.0015519331724585116,,0,1
quarter_trend2_validated,3650,2026-02-06,2026-02-24,0.0071649689901505,2026,2025-12-31,native_mse,20260912,-0.0016869022750859507,,0,1
quarter_trend2_validated,3655,2026-02-13,2026-03-02,-0.0097920588919678,2026,2025-12-31,native_mse,20260912,-0.0011765097827620523,,0,0
quarter_trend2_validated,3659,2026-02-27,2026-03-09,-0.0172526869201304,2026,2025-12-31,native_mse,20260912,-0.0007085124719817442,,0,0
quarter_trend2_validated,3664,2026-03-06,2026-03-16,0.0149926634422041,2026,2025-12-31,native_mse,20260912,-0.0009899154221996353,,0,1
quarter_trend2_validated,3669,2026-03-13,2026-03-23,-0.0364343509194254,2026,2025-12-31,native_mse,20260912,-0.0011266305599294578,,0,0
quarter_trend2_validated,3674,2026-03-20,2026-03-30,-0.0083038829988221,2026,2025-12-31,native_mse,20260912,-0.001524311581453077,,0,0
quarter_trend2_validated,3679,2026-03-27,2026-04-07,-0.0035591495694504,2026,2025-12-31,native_mse,20260912,-0.0019205134194293897,,0,0
quarter_trend2_validated,3684,2026-04-03,2026-04-13,0.0380736235508991,2026,2025-12-31,native_mse,20260912,-0.0011376256916386593,,0,1
quarter_trend2_validated,3688,2026-04-10,2026-04-20,0.0242766725964382,2026,2025-12-31,native_mse,20260912,-0.0013216896399536517,,0,1
quarter_trend2_validated,3693,2026-04-17,2026-04-27,0.010401572188011,2026,2025-12-31,native_mse,20260912,-0.0015028502660909705,,0,1
quarter_trend2_validated,3698,2026-04-24,2026-05-11,0.0263674696524953,2026,2025-12-31,native_mse,20260912,-0.0012568015547876838,,0,1
quarter_trend2_validated,3705,2026-05-08,2026-05-18,-0.0134529239455926,2026,2025-12-31,native_mse,20260912,-0.0004371239494575972,,0,0
quarter_trend2_validated,3710,2026-05-15,2026-05-25,0.0076235492615268,2026,2025-12-31,native_mse,20260912,6.163719011948235e-05,,1,1
quarter_trend2_validated,3715,2026-05-22,2026-06-01,0.005068538126898,2026,2025-12-31,native_mse,20260912,7.730204085298746e-06,,1,1
quarter_trend2_validated,3720,2026-05-29,2026-06-08,-0.039635353927193,2026,2025-12-31,native_mse,20260912,-0.00019569943758148556,,0,0
quarter_trend2_validated,3725,2026-06-05,2026-06-15,0.0266849782195981,2026,2025-12-31,native_mse,20260912,-0.00010540438898025962,,0,1
quarter_trend2_validated,3730,2026-06-12,2026-06-29,0.0076098142791176,2026,2025-12-31,native_mse,20260912,-0.0007095936265099443,,0,1
quarter_trend2_validated,3739,2026-06-26,2026-07-06,0.0005137647861506,2026,2025-12-31,native_mse,20260912,-0.00033128119271872585,,0,1
quarter_trend2_validated,3744,2026-07-03,2026-07-13,-0.0252847876365399,2026,2025-12-31,native_mse,20260912,-0.0011443460816151978,,0,0
quarter_trend2_validated,3749,2026-07-10,2026-07-20,-0.035775397012711,2026,2025-12-31,native_mse,20260912,-0.0017039989678604111,,0,0
quarter_trend2_validated,3754,2026-07-17,2026-07-27,0.01756245533441,2026,2025-12-31,native_mse,20260912,-0.0017003094595498154,,0,1
quarter_trend2_validated,3759,2026-07-24,2026-08-03,-0.0202339761556519,2026,2025-12-31,native_mse,20260912,-0.0018633248001663242,,0,0
quarter_trend2_validated,3764,2026-07-31,2026-08-10,0.0300318732435738,2026,2025-12-31,native_mse,20260912,-0.0013665112944695823,,0,1
quarter_trend2_validated,3769,2026-08-07,2026-08-17,-0.0056482265760339,2026,2025-12-31,native_mse,20260912,-0.0010726869031266657,,0,0
quarter_trend2_validated,3774,2026-08-14,2026-08-24,-0.0109860710402629,2026,2025-12-31,native_mse,20260912,-0.0012030503226100222,,0,0
quarter_trend2_validated,3779,2026-08-21,2026-08-31,-0.0127592811002066,2026,2025-12-31,native_mse,20260912,-0.0005090624873602664,,0,0
quarter_volatility2_validated,2418,2021-01-08,2021-01-18,-0.0120052904669853,2021,2020-12-31,native_mse,20260910,-0.00016719672473286887,,0,0
quarter_volatility2_validated,2423,2021-01-15,2021-01-25,0.0231622460538123,2021,2020-12-31,native_mse,20260910,-0.0024576018862454926,,0,1
quarter_volatility2_validated,2428,2021-01-22,2021-02-01,-0.0372511735907923,2021,2020-12-31,native_mse,20260910,-0.003647746896638798,,0,0
quarter_volatility2_validated,2433,2021-01-29,2021-02-08,0.0278689901714626,2021,2020-12-31,native_mse,20260910,-0.0025472735860022446,,0,1
quarter_volatility2_validated,2438,2021-02-05,2021-02-22,0.0507379035040882,2021,2020-12-31,native_mse,20260910,-0.0030793775400414984,,0,1
quarter_volatility2_validated,2443,2021-02-19,2021-03-01,-0.0684918010685315,2021,2020-12-31,native_mse,20260910,-0.0023490676188242655,,0,0
quarter_volatility2_validated,2448,2021-02-26,2021-03-08,-0.0165997123904068,2021,2020-12-31,native_mse,20260910,-0.0023665663755005908,,0,0
quarter_volatility2_validated,2453,2021-03-05,2021-03-15,-0.0346560901469681,2021,2020-12-31,native_mse,20260910,-0.0014253865572098575,,0,0
quarter_volatility2_validated,2458,2021-03-12,2021-03-22,-0.0210550182560221,2021,2020-12-31,native_mse,20260910,-0.0005000901973691782,,0,0
quarter_volatility2_validated,2463,2021-03-19,2021-03-29,0.0087572877565691,2021,2020-12-31,native_mse,20260910,0.006023340982564988,,1,1
quarter_volatility2_validated,2468,2021-03-26,2021-04-06,0.0250145479448802,2021,2020-12-31,native_mse,20260910,0.005598392317839315,,1,1
quarter_volatility2_validated,2473,2021-04-02,2021-04-12,-0.0292856811827044,2021,2020-12-31,native_mse,20260910,0.0036485752776130036,,1,0
quarter_volatility2_validated,2477,2021-04-09,2021-04-19,-0.0120489836840408,2021,2020-12-31,native_mse,20260910,0.007350243400305611,,1,0
quarter_volatility2_validated,2482,2021-04-16,2021-04-26,0.0382932540809155,2021,2020-12-31,native_mse,20260910,0.002900059176571625,,1,1
quarter_volatility2_validated,2487,2021-04-23,2021-05-06,-0.0112070185917437,2021,2020-12-31,native_mse,20260910,0.007596625467989239,,1,0
quarter_volatility2_validated,2492,2021-04-30,2021-05-12,-0.0190946889464188,2021,2020-12-31,native_mse,20260910,0.007105998256782256,,1,0
quarter_volatility2_validated,2494,2021-05-07,2021-05-17,0.0227674429764228,2021,2020-12-31,native_mse,20260910,0.0072995237328683515,,1,1
quarter_volatility2_validated,2499,2021-05-14,2021-05-24,0.0045940519733895,2021,2020-12-31,native_mse,20260910,0.006906583839110419,,1,1
quarter_volatility2_validated,2504,2021-05-21,2021-05-31,0.0348855085126711,2021,2020-12-31,native_mse,20260910,0.0039949465805707365,,1,1
quarter_volatility2_validated,2509,2021-05-28,2021-06-07,-0.0062409741861724,2021,2020-12-31,native_mse,20260910,0.004302626766656515,,1,0
quarter_volatility2_validated,2514,2021-06-04,2021-06-15,-0.0125508761771767,2021,2020-12-31,native_mse,20260910,0.0018010688105476373,,1,0
quarter_volatility2_validated,2519,2021-06-11,2021-06-21,-0.0250011497424577,2021,2020-12-31,native_mse,20260910,-0.0027939130847951473,,0,0
quarter_volatility2_validated,2523,2021-06-18,2021-06-28,0.0325308711127356,2021,2020-12-31,native_mse,20260910,-0.0024054667576293687,,0,1
quarter_volatility2_validated,2528,2021-06-25,2021-07-05,-0.0342297962734196,2021,2020-12-31,native_mse,20260910,-0.0021641013171994155,,0,0
quarter_volatility2_validated,2533,2021-07-02,2021-07-12,0.0068193733271841,2021,2020-12-31,native_mse,20260910,-0.002740282150259048,,0,1
quarter_volatility2_validated,2538,2021-07-09,2021-07-19,-0.0048254045313779,2021,2020-12-31,native_mse,20260910,-0.0025804416168060183,,0,0
quarter_volatility2_validated,2543,2021-07-16,2021-07-26,-0.0032299118953994,2021,2020-12-31,native_mse,20260910,-0.0035112489700114967,,0,0
quarter_volatility2_validated,2548,2021-07-23,2021-08-02,-0.0537740931579083,2021,2020-12-31,native_mse,20260910,-0.002252148085559406,,0,0
quarter_volatility2_validated,2553,2021-07-30,2021-08-09,0.019904813945049,2021,2020-12-31,native_mse,20260910,-0.0013935392955686378,,0,1
quarter_volatility2_validated,2558,2021-08-06,2021-08-16,0.0093369268709639,2021,2020-12-31,native_mse,20260910,-0.0008547058545780883,,0,1
quarter_volatility2_validated,2563,2021-08-13,2021-08-23,-0.032048736608373,2021,2020-12-31,native_mse,20260910,-0.0010996712313164061,,0,0
quarter_volatility2_validated,2568,2021-08-20,2021-08-30,0.0145047962107527,2021,2020-12-31,native_mse,20260910,0.0014984460902095808,,1,1
quarter_volatility2_validated,2573,2021-08-27,2021-09-06,-0.0012316820816045,2021,2020-12-31,native_mse,20260910,0.006590900742918945,,1,0
quarter_volatility2_validated,2578,2021-09-03,2021-09-13,0.0342301066295398,2021,2020-12-31,native_mse,20260910,0.009486980636077728,,1,1
quarter_volatility2_validated,2583,2021-09-10,2021-09-22,-0.0471441667981554,2021,2020-12-31,native_mse,20260910,0.009371153033789907,,1,0
quarter_volatility2_validated,2588,2021-09-17,2021-09-28,0.0209863060789441,2021,2020-12-31,native_mse,20260910,0.009603132896707183,,1,1
quarter_volatility2_validated,2591,2021-09-24,2021-10-11,0.0144615416200457,2021,2020-12-31,native_mse,20260910,0.009682760274058575,,1,1
quarter_volatility2_validated,2596,2021-10-08,2021-10-18,-0.0038006269617851,2021,2020-12-31,native_mse,20260910,0.009091248352644028,,1,0
quarter_volatility2_validated,2601,2021-10-15,2021-10-25,0.0037358989621147,2021,2020-12-31,native_mse,20260910,0.008469619450977196,,1,1
quarter_volatility2_validated,2606,2021-10-22,2021-11-01,-0.0127041632091318,2021,2020-12-31,native_mse,20260910,0.0008933657456787875,,1,0
quarter_volatility2_validated,2611,2021-10-29,2021-11-08,-0.0075807737801166,2021,2020-12-31,native_mse,20260910,0.002406790555140204,,1,0
quarter_volatility2_validated,2616,2021-11-05,2021-11-15,0.0110015182343039,2021,2020-12-31,native_mse,20260910,0.004495816516502967,,1,1
quarter_volatility2_validated,2621,2021-11-12,2021-11-22,0.0002002284238551,2021,2020-12-31,native_mse,20260910,0.008345328596010884,,1,1
quarter_volatility2_validated,2626,2021-11-19,2021-11-29,-0.0153981603100059,2021,2020-12-31,native_mse,20260910,0.006936498727743483,,1,0
quarter_volatility2_validated,2631,2021-11-26,2021-12-06,0.0185518287306458,2021,2020-12-31,native_mse,20260910,0.0043122154605937865,,1,1
quarter_volatility2_validated,2636,2021-12-03,2021-12-13,0.0367843110096284,2021,2020-12-31,native_mse,20260910,0.003903132217743633,,1,1
quarter_volatility2_validated,2641,2021-12-10,2021-12-20,-0.0304615698955996,2021,2020-12-31,native_mse,20260910,0.0011584734670292821,,1,0
quarter_volatility2_validated,2646,2021-12-17,2021-12-27,-0.0034083287233763,2021,2020-12-31,native_mse,20260910,0.008060168302998738,,1,0
quarter_volatility2_validated,2651,2021-12-24,2022-01-04,0.0080985736506613,2021,2020-12-31,native_mse,20260910,0.0074924187486900135,,1,1
quarter_volatility2_validated,2656,2021-12-31,2022-01-10,-0.0293970528320001,2021,2020-12-31,native_mse,20260910,0.008334791957105143,,1,0
quarter_volatility2_validated,2418,2021-01-08,2021-01-18,-0.0120052904669853,2021,2020-12-31,training_frequency,-1,0.5577557755775577,0.5577557755775577,1,0
quarter_volatility2_validated,2423,2021-01-15,2021-01-25,0.0231622460538123,2021,2020-12-31,training_frequency,-1,0.5577557755775577,0.5577557755775577,1,1
quarter_volatility2_validated,2428,2021-01-22,2021-02-01,-0.0372511735907923,2021,2020-12-31,training_frequency,-1,0.5577557755775577,0.5577557755775577,1,0
quarter_volatility2_validated,2433,2021-01-29,2021-02-08,0.0278689901714626,2021,2020-12-31,training_frequency,-1,0.5577557755775577,0.5577557755775577,1,1
quarter_volatility2_validated,2438,2021-02-05,2021-02-22,0.0507379035040882,2021,2020-12-31,training_frequency,-1,0.5577557755775577,0.5577557755775577,1,1
quarter_volatility2_validated,2443,2021-02-19,2021-03-01,-0.0684918010685315,2021,2020-12-31,training_frequency,-1,0.5577557755775577,0.5577557755775577,1,0
quarter_volatility2_validated,2448,2021-02-26,2021-03-08,-0.0165997123904068,2021,2020-12-31,training_frequency,-1,0.5577557755775577,0.5577557755775577,1,0
quarter_volatility2_validated,2453,2021-03-05,2021-03-15,-0.0346560901469681,2021,2020-12-31,training_frequency,-1,0.5577557755775577,0.5577557755775577,1,0
quarter_volatility2_validated,2458,2021-03-12,2021-03-22,-0.0210550182560221,2021,2020-12-31,training_frequency,-1,0.5577557755775577,0.5577557755775577,1,0
quarter_volatility2_validated,2463,2021-03-19,2021-03-29,0.0087572877565691,2021,2020-12-31,training_frequency,-1,0.5577557755775577,0.5577557755775577,1,1
quarter_volatility2_validated,2468,2021-03-26,2021-04-06,0.0250145479448802,2021,2020-12-31,training_frequency,-1,0.5577557755775577,0.5577557755775577,1,1
quarter_volatility2_validated,2473,2021-04-02,2021-04-12,-0.0292856811827044,2021,2020-12-31,training_frequency,-1,0.5577557755775577,0.5577557755775577,1,0
quarter_volatility2_validated,2477,2021-04-09,2021-04-19,-0.0120489836840408,2021,2020-12-31,training_frequency,-1,0.5577557755775577,0.5577557755775577,1,0
quarter_volatility2_validated,2482,2021-04-16,2021-04-26,0.0382932540809155,2021,2020-12-31,training_frequency,-1,0.5577557755775577,0.5577557755775577,1,1
quarter_volatility2_validated,2487,2021-04-23,2021-05-06,-0.0112070185917437,2021,2020-12-31,training_frequency,-1,0.5577557755775577,0.5577557755775577,1,0
quarter_volatility2_validated,2492,2021-04-30,2021-05-12,-0.0190946889464188,2021,2020-12-31,training_frequency,-1,0.5577557755775577,0.5577557755775577,1,0
quarter_volatility2_validated,2494,2021-05-07,2021-05-17,0.0227674429764228,2021,2020-12-31,training_frequency,-1,0.5577557755775577,0.5577557755775577,1,1
quarter_volatility2_validated,2499,2021-05-14,2021-05-24,0.0045940519733895,2021,2020-12-31,training_frequency,-1,0.5577557755775577,0.5577557755775577,1,1
quarter_volatility2_validated,2504,2021-05-21,2021-05-31,0.0348855085126711,2021,2020-12-31,training_frequency,-1,0.5577557755775577,0.5577557755775577,1,1
quarter_volatility2_validated,2509,2021-05-28,2021-06-07,-0.0062409741861724,2021,2020-12-31,training_frequency,-1,0.5577557755775577,0.5577557755775577,1,0
quarter_volatility2_validated,2514,2021-06-04,2021-06-15,-0.0125508761771767,2021,2020-12-31,training_frequency,-1,0.5577557755775577,0.5577557755775577,1,0
quarter_volatility2_validated,2519,2021-06-11,2021-06-21,-0.0250011497424577,2021,2020-12-31,training_frequency,-1,0.5577557755775577,0.5577557755775577,1,0
quarter_volatility2_validated,2523,2021-06-18,2021-06-28,0.0325308711127356,2021,2020-12-31,training_frequency,-1,0.5577557755775577,0.5577557755775577,1,1
quarter_volatility2_validated,2528,2021-06-25,2021-07-05,-0.0342297962734196,2021,2020-12-31,training_frequency,-1,0.5577557755775577,0.5577557755775577,1,0
quarter_volatility2_validated,2533,2021-07-02,2021-07-12,0.0068193733271841,2021,2020-12-31,training_frequency,-1,0.5577557755775577,0.5577557755775577,1,1
quarter_volatility2_validated,2538,2021-07-09,2021-07-19,-0.0048254045313779,2021,2020-12-31,training_frequency,-1,0.5577557755775577,0.5577557755775577,1,0
quarter_volatility2_validated,2543,2021-07-16,2021-07-26,-0.0032299118953994,2021,2020-12-31,training_frequency,-1,0.5577557755775577,0.5577557755775577,1,0
quarter_volatility2_validated,2548,2021-07-23,2021-08-02,-0.0537740931579083,2021,2020-12-31,training_frequency,-1,0.5577557755775577,0.5577557755775577,1,0
quarter_volatility2_validated,2553,2021-07-30,2021-08-09,0.019904813945049,2021,2020-12-31,training_frequency,-1,0.5577557755775577,0.5577557755775577,1,1
quarter_volatility2_validated,2558,2021-08-06,2021-08-16,0.0093369268709639,2021,2020-12-31,training_frequency,-1,0.5577557755775577,0.5577557755775577,1,1
quarter_volatility2_validated,2563,2021-08-13,2021-08-23,-0.032048736608373,2021,2020-12-31,training_frequency,-1,0.5577557755775577,0.5577557755775577,1,0
quarter_volatility2_validated,2568,2021-08-20,2021-08-30,0.0145047962107527,2021,2020-12-31,training_frequency,-1,0.5577557755775577,0.5577557755775577,1,1
quarter_volatility2_validated,2573,2021-08-27,2021-09-06,-0.0012316820816045,2021,2020-12-31,training_frequency,-1,0.5577557755775577,0.5577557755775577,1,0
quarter_volatility2_validated,2578,2021-09-03,2021-09-13,0.0342301066295398,2021,2020-12-31,training_frequency,-1,0.5577557755775577,0.5577557755775577,1,1
quarter_volatility2_validated,2583,2021-09-10,2021-09-22,-0.0471441667981554,2021,2020-12-31,training_frequency,-1,0.5577557755775577,0.5577557755775577,1,0
quarter_volatility2_validated,2588,2021-09-17,2021-09-28,0.0209863060789441,2021,2020-12-31,training_frequency,-1,0.5577557755775577,0.5577557755775577,1,1
quarter_volatility2_validated,2591,2021-09-24,2021-10-11,0.0144615416200457,2021,2020-12-31,training_frequency,-1,0.5577557755775577,0.5577557755775577,1,1
quarter_volatility2_validated,2596,2021-10-08,2021-10-18,-0.0038006269617851,2021,2020-12-31,training_frequency,-1,0.5577557755775577,0.5577557755775577,1,0
quarter_volatility2_validated,2601,2021-10-15,2021-10-25,0.0037358989621147,2021,2020-12-31,training_frequency,-1,0.5577557755775577,0.5577557755775577,1,1
quarter_volatility2_validated,2606,2021-10-22,2021-11-01,-0.0127041632091318,2021,2020-12-31,training_frequency,-1,0.5577557755775577,0.5577557755775577,1,0
quarter_volatility2_validated,2611,2021-10-29,2021-11-08,-0.0075807737801166,2021,2020-12-31,training_frequency,-1,0.5577557755775577,0.5577557755775577,1,0
quarter_volatility2_validated,2616,2021-11-05,2021-11-15,0.0110015182343039,2021,2020-12-31,training_frequency,-1,0.5577557755775577,0.5577557755775577,1,1
quarter_volatility2_validated,2621,2021-11-12,2021-11-22,0.0002002284238551,2021,2020-12-31,training_frequency,-1,0.5577557755775577,0.5577557755775577,1,1
quarter_volatility2_validated,2626,2021-11-19,2021-11-29,-0.0153981603100059,2021,2020-12-31,training_frequency,-1,0.5577557755775577,0.5577557755775577,1,0
quarter_volatility2_validated,2631,2021-11-26,2021-12-06,0.0185518287306458,2021,2020-12-31,training_frequency,-1,0.5577557755775577,0.5577557755775577,1,1
quarter_volatility2_validated,2636,2021-12-03,2021-12-13,0.0367843110096284,2021,2020-12-31,training_frequency,-1,0.5577557755775577,0.5577557755775577,1,1
quarter_volatility2_validated,2641,2021-12-10,2021-12-20,-0.0304615698955996,2021,2020-12-31,training_frequency,-1,0.5577557755775577,0.5577557755775577,1,0
quarter_volatility2_validated,2646,2021-12-17,2021-12-27,-0.0034083287233763,2021,2020-12-31,training_frequency,-1,0.5577557755775577,0.5577557755775577,1,0
quarter_volatility2_validated,2651,2021-12-24,2022-01-04,0.0080985736506613,2021,2020-12-31,training_frequency,-1,0.5577557755775577,0.5577557755775577,1,1
quarter_volatility2_validated,2656,2021-12-31,2022-01-10,-0.0293970528320001,2021,2020-12-31,training_frequency,-1,0.5577557755775577,0.5577557755775577,1,0
quarter_volatility2_validated,2418,2021-01-08,2021-01-18,-0.0120052904669853,2021,2020-12-31,native_mse,20260911,0.008552411017393067,,1,0
quarter_volatility2_validated,2423,2021-01-15,2021-01-25,0.0231622460538123,2021,2020-12-31,native_mse,20260911,0.004218820233000888,,1,1
quarter_volatility2_validated,2428,2021-01-22,2021-02-01,-0.0372511735907923,2021,2020-12-31,native_mse,20260911,0.004959951689017089,,1,0
quarter_volatility2_validated,2433,2021-01-29,2021-02-08,0.0278689901714626,2021,2020-12-31,native_mse,20260911,-0.006242641410233065,,0,1
quarter_volatility2_validated,2438,2021-02-05,2021-02-22,0.0507379035040882,2021,2020-12-31,native_mse,20260911,0.0007951359987466982,,1,1
quarter_volatility2_validated,2443,2021-02-19,2021-03-01,-0.0684918010685315,2021,2020-12-31,native_mse,20260911,-0.0016330918552967294,,0,0
quarter_volatility2_validated,2448,2021-02-26,2021-03-08,-0.0165997123904068,2021,2020-12-31,native_mse,20260911,-0.00533638880364651,,0,0
quarter_volatility2_validated,2453,2021-03-05,2021-03-15,-0.0346560901469681,2021,2020-12-31,native_mse,20260911,-0.011674592766508288,,0,0
quarter_volatility2_validated,2458,2021-03-12,2021-03-22,-0.0210550182560221,2021,2020-12-31,native_mse,20260911,-0.007847066861436623,,0,0
quarter_volatility2_validated,2463,2021-03-19,2021-03-29,0.0087572877565691,2021,2020-12-31,native_mse,20260911,-0.0039060339233599494,,0,1
quarter_volatility2_validated,2468,2021-03-26,2021-04-06,0.0250145479448802,2021,2020-12-31,native_mse,20260911,0.0009273635613917179,,1,1
quarter_volatility2_validated,2473,2021-04-02,2021-04-12,-0.0292856811827044,2021,2020-12-31,native_mse,20260911,-0.0027355840325147787,,0,0
quarter_volatility2_validated,2477,2021-04-09,2021-04-19,-0.0120489836840408,2021,2020-12-31,native_mse,20260911,-0.0036343506408249315,,0,0
quarter_volatility2_validated,2482,2021-04-16,2021-04-26,0.0382932540809155,2021,2020-12-31,native_mse,20260911,-0.0006724515978878938,,0,1
quarter_volatility2_validated,2487,2021-04-23,2021-05-06,-0.0112070185917437,2021,2020-12-31,native_mse,20260911,0.0055289088739753755,,1,0
quarter_volatility2_validated,2492,2021-04-30,2021-05-12,-0.0190946889464188,2021,2020-12-31,native_mse,20260911,0.0033327575219957396,,1,0
quarter_volatility2_validated,2494,2021-05-07,2021-05-17,0.0227674429764228,2021,2020-12-31,native_mse,20260911,0.0021669511395786133,,1,1
quarter_volatility2_validated,2499,2021-05-14,2021-05-24,0.0045940519733895,2021,2020-12-31,native_mse,20260911,0.0011114542693073139,,1,1
quarter_volatility2_validated,2504,2021-05-21,2021-05-31,0.0348855085126711,2021,2020-12-31,native_mse,20260911,0.008400289317996804,,1,1
quarter_volatility2_validated,2509,2021-05-28,2021-06-07,-0.0062409741861724,2021,2020-12-31,native_mse,20260911,0.0007953145198423817,,1,0
quarter_volatility2_validated,2514,2021-06-04,2021-06-15,-0.0125508761771767,2021,2020-12-31,native_mse,20260911,-0.007020166164517651,,0,0
quarter_volatility2_validated,2519,2021-06-11,2021-06-21,-0.0250011497424577,2021,2020-12-31,native_mse,20260911,-0.008619872591947365,,0,0
quarter_volatility2_validated,2523,2021-06-18,2021-06-28,0.0325308711127356,2021,2020-12-31,native_mse,20260911,-0.008791375820448139,,0,1
quarter_volatility2_validated,2528,2021-06-25,2021-07-05,-0.0342297962734196,2021,2020-12-31,native_mse,20260911,-0.008045520831514462,,0,0
quarter_volatility2_validated,2533,2021-07-02,2021-07-12,0.0068193733271841,2021,2020-12-31,native_mse,20260911,-0.007174844548354277,,0,1
quarter_volatility2_validated,2538,2021-07-09,2021-07-19,-0.0048254045313779,2021,2020-12-31,native_mse,20260911,-0.015340492927170088,,0,0
quarter_volatility2_validated,2543,2021-07-16,2021-07-26,-0.0032299118953994,2021,2020-12-31,native_mse,20260911,-0.005208717730643443,,0,0
quarter_volatility2_validated,2548,2021-07-23,2021-08-02,-0.0537740931579083,2021,2020-12-31,native_mse,20260911,-0.005850917345567664,,0,0
quarter_volatility2_validated,2553,2021-07-30,2021-08-09,0.019904813945049,2021,2020-12-31,native_mse,20260911,-0.0028205260505218244,,0,1
quarter_volatility2_validated,2558,2021-08-06,2021-08-16,0.0093369268709639,2021,2020-12-31,native_mse,20260911,0.0007831311211854701,,1,1
quarter_volatility2_validated,2563,2021-08-13,2021-08-23,-0.032048736608373,2021,2020-12-31,native_mse,20260911,-0.0005906639308137641,,0,0
quarter_volatility2_validated,2568,2021-08-20,2021-08-30,0.0145047962107527,2021,2020-12-31,native_mse,20260911,-0.004641917146108556,,0,1
quarter_volatility2_validated,2573,2021-08-27,2021-09-06,-0.0012316820816045,2021,2020-12-31,native_mse,20260911,0.014579973106645959,,1,0
quarter_volatility2_validated,2578,2021-09-03,2021-09-13,0.0342301066295398,2021,2020-12-31,native_mse,20260911,0.008593989010996025,,1,1
quarter_volatility2_validated,2583,2021-09-10,2021-09-22,-0.0471441667981554,2021,2020-12-31,native_mse,20260911,0.008313547741757724,,1,0
quarter_volatility2_validated,2588,2021-09-17,2021-09-28,0.0209863060789441,2021,2020-12-31,native_mse,20260911,0.01165935650344279,,1,1
quarter_volatility2_validated,2591,2021-09-24,2021-10-11,0.0144615416200457,2021,2020-12-31,native_mse,20260911,0.005518532924551857,,1,1
quarter_volatility2_validated,2596,2021-10-08,2021-10-18,-0.0038006269617851,2021,2020-12-31,native_mse,20260911,0.012263523541426666,,1,0
quarter_volatility2_validated,2601,2021-10-15,2021-10-25,0.0037358989621147,2021,2020-12-31,native_mse,20260911,0.005744974739242532,,1,1
quarter_volatility2_validated,2606,2021-10-22,2021-11-01,-0.0127041632091318,2021,2020-12-31,native_mse,20260911,-0.002876912071818175,,0,0
quarter_volatility2_validated,2611,2021-10-29,2021-11-08,-0.0075807737801166,2021,2020-12-31,native_mse,20260911,0.007299876265916085,,1,0
quarter_volatility2_validated,2616,2021-11-05,2021-11-15,0.0110015182343039,2021,2020-12-31,native_mse,20260911,0.01509194783358179,,1,1
quarter_volatility2_validated,2621,2021-11-12,2021-11-22,0.0002002284238551,2021,2020-12-31,native_mse,20260911,0.015091062401740971,,1,1
quarter_volatility2_validated,2626,2021-11-19,2021-11-29,-0.0153981603100059,2021,2020-12-31,native_mse,20260911,0.0038828482450291406,,1,0
quarter_volatility2_validated,2631,2021-11-26,2021-12-06,0.0185518287306458,2021,2020-12-31,native_mse,20260911,0.012319022901115752,,1,1
quarter_volatility2_validated,2636,2021-12-03,2021-12-13,0.0367843110096284,2021,2020-12-31,native_mse,20260911,-0.0032795392457900994,,0,1
quarter_volatility2_validated,2641,2021-12-10,2021-12-20,-0.0304615698955996,2021,2020-12-31,native_mse,20260911,0.0011267436480836153,,1,0
quarter_volatility2_validated,2646,2021-12-17,2021-12-27,-0.0034083287233763,2021,2020-12-31,native_mse,20260911,0.009051863032613542,,1,0
quarter_volatility2_validated,2651,2021-12-24,2022-01-04,0.0080985736506613,2021,2020-12-31,native_mse,20260911,0.011692479032888078,,1,1
quarter_volatility2_validated,2656,2021-12-31,2022-01-10,-0.0293970528320001,2021,2020-12-31,native_mse,20260911,0.0061027978323025915,,1,0
quarter_volatility2_validated,2418,2021-01-08,2021-01-18,-0.0120052904669853,2021,2020-12-31,native_mse,20260912,0.001397497585867654,,1,0
quarter_volatility2_validated,2423,2021-01-15,2021-01-25,0.0231622460538123,2021,2020-12-31,native_mse,20260912,0.0006715229500529757,,1,1
quarter_volatility2_validated,2428,2021-01-22,2021-02-01,-0.0372511735907923,2021,2020-12-31,native_mse,20260912,0.0008989216255188498,,1,0
quarter_volatility2_validated,2433,2021-01-29,2021-02-08,0.0278689901714626,2021,2020-12-31,native_mse,20260912,0.0007959764416317159,,1,1
quarter_volatility2_validated,2438,2021-02-05,2021-02-22,0.0507379035040882,2021,2020-12-31,native_mse,20260912,0.0012803740659475327,,1,1
quarter_volatility2_validated,2443,2021-02-19,2021-03-01,-0.0684918010685315,2021,2020-12-31,native_mse,20260912,0.0009133829615551264,,1,0
quarter_volatility2_validated,2448,2021-02-26,2021-03-08,-0.0165997123904068,2021,2020-12-31,native_mse,20260912,0.0013704992420810927,,1,0
quarter_volatility2_validated,2453,2021-03-05,2021-03-15,-0.0346560901469681,2021,2020-12-31,native_mse,20260912,0.0008756814992302536,,1,0
quarter_volatility2_validated,2458,2021-03-12,2021-03-22,-0.0210550182560221,2021,2020-12-31,native_mse,20260912,0.0011757184818956695,,1,0
quarter_volatility2_validated,2463,2021-03-19,2021-03-29,0.0087572877565691,2021,2020-12-31,native_mse,20260912,0.0010792053864410744,,1,1
quarter_volatility2_validated,2468,2021-03-26,2021-04-06,0.0250145479448802,2021,2020-12-31,native_mse,20260912,0.0011499309968955886,,1,1
quarter_volatility2_validated,2473,2021-04-02,2021-04-12,-0.0292856811827044,2021,2020-12-31,native_mse,20260912,0.0010410156043567688,,1,0
quarter_volatility2_validated,2477,2021-04-09,2021-04-19,-0.0120489836840408,2021,2020-12-31,native_mse,20260912,0.0015346227958627386,,1,0
quarter_volatility2_validated,2482,2021-04-16,2021-04-26,0.0382932540809155,2021,2020-12-31,native_mse,20260912,0.001333459240383137,,1,1
quarter_volatility2_validated,2487,2021-04-23,2021-05-06,-0.0112070185917437,2021,2020-12-31,native_mse,20260912,0.0016691075435783544,,1,0
quarter_volatility2_validated,2492,2021-04-30,2021-05-12,-0.0190946889464188,2021,2020-12-31,native_mse,20260912,0.0008697905080337705,,1,0
quarter_volatility2_validated,2494,2021-05-07,2021-05-17,0.0227674429764228,2021,2020-12-31,native_mse,20260912,0.0011496090030479206,,1,1
quarter_volatility2_validated,2499,2021-05-14,2021-05-24,0.0045940519733895,2021,2020-12-31,native_mse,20260912,0.0010483063772099349,,1,1
quarter_volatility2_validated,2504,2021-05-21,2021-05-31,0.0348855085126711,2021,2020-12-31,native_mse,20260912,0.0011439525898009322,,1,1
quarter_volatility2_validated,2509,2021-05-28,2021-06-07,-0.0062409741861724,2021,2020-12-31,native_mse,20260912,0.0011525125328662067,,1,0
quarter_volatility2_validated,2514,2021-06-04,2021-06-15,-0.0125508761771767,2021,2020-12-31,native_mse,20260912,0.0007128828650729158,,1,0
quarter_volatility2_validated,2519,2021-06-11,2021-06-21,-0.0250011497424577,2021,2020-12-31,native_mse,20260912,0.0008407535701623152,,1,0
quarter_volatility2_validated,2523,2021-06-18,2021-06-28,0.0325308711127356,2021,2020-12-31,native_mse,20260912,0.0005295128002944305,,1,1
quarter_volatility2_validated,2528,2021-06-25,2021-07-05,-0.0342297962734196,2021,2020-12-31,native_mse,20260912,0.0004392776625445282,,1,0
quarter_volatility2_validated,2533,2021-07-02,2021-07-12,0.0068193733271841,2021,2020-12-31,native_mse,20260912,0.0008802423955353033,,1,1
quarter_volatility2_validated,2538,2021-07-09,2021-07-19,-0.0048254045313779,2021,2020-12-31,native_mse,20260912,0.001025036941487719,,1,0
quarter_volatility2_validated,2543,2021-07-16,2021-07-26,-0.0032299118953994,2021,2020-12-31,native_mse,20260912,0.0009848540154367372,,1,0
quarter_volatility2_validated,2548,2021-07-23,2021-08-02,-0.0537740931579083,2021,2020-12-31,native_mse,20260912,0.0010837390229232473,,1,0
quarter_volatility2_validated,2553,2021-07-30,2021-08-09,0.019904813945049,2021,2020-12-31,native_mse,20260912,0.0007753634039124927,,1,1
quarter_volatility2_validated,2558,2021-08-06,2021-08-16,0.0093369268709639,2021,2020-12-31,native_mse,20260912,0.0010686946751112278,,1,1
quarter_volatility2_validated,2563,2021-08-13,2021-08-23,-0.032048736608373,2021,2020-12-31,native_mse,20260912,0.0016819071064647707,,1,0
quarter_volatility2_validated,2568,2021-08-20,2021-08-30,0.0145047962107527,2021,2020-12-31,native_mse,20260912,0.0015674609930577542,,1,1
quarter_volatility2_validated,2573,2021-08-27,2021-09-06,-0.0012316820816045,2021,2020-12-31,native_mse,20260912,0.0015518786224257932,,1,0
quarter_volatility2_validated,2578,2021-09-03,2021-09-13,0.0342301066295398,2021,2020-12-31,native_mse,20260912,0.0015775578367383941,,1,1
quarter_volatility2_validated,2583,2021-09-10,2021-09-22,-0.0471441667981554,2021,2020-12-31,native_mse,20260912,0.00097730888589041,,1,0
quarter_volatility2_validated,2588,2021-09-17,2021-09-28,0.0209863060789441,2021,2020-12-31,native_mse,20260912,0.0010514539644274003,,1,1
quarter_volatility2_validated,2591,2021-09-24,2021-10-11,0.0144615416200457,2021,2020-12-31,native_mse,20260912,0.0009736007301348337,,1,1
quarter_volatility2_validated,2596,2021-10-08,2021-10-18,-0.0038006269617851,2021,2020-12-31,native_mse,20260912,0.0017059097904301645,,1,0
quarter_volatility2_validated,2601,2021-10-15,2021-10-25,0.0037358989621147,2021,2020-12-31,native_mse,20260912,0.0013112113818953192,,1,1
quarter_volatility2_validated,2606,2021-10-22,2021-11-01,-0.0127041632091318,2021,2020-12-31,native_mse,20260912,0.001166627382206441,,1,0
quarter_volatility2_validated,2611,2021-10-29,2021-11-08,-0.0075807737801166,2021,2020-12-31,native_mse,20260912,0.0010497018546840582,,1,0
quarter_volatility2_validated,2616,2021-11-05,2021-11-15,0.0110015182343039,2021,2020-12-31,native_mse,20260912,0.0009666279543883876,,1,1
quarter_volatility2_validated,2621,2021-11-12,2021-11-22,0.0002002284238551,2021,2020-12-31,native_mse,20260912,0.00100753152357648,,1,1
quarter_volatility2_validated,2626,2021-11-19,2021-11-29,-0.0153981603100059,2021,2020-12-31,native_mse,20260912,0.0011440904261233744,,1,0
quarter_volatility2_validated,2631,2021-11-26,2021-12-06,0.0185518287306458,2021,2020-12-31,native_mse,20260912,0.0008222023383696463,,1,1
quarter_volatility2_validated,2636,2021-12-03,2021-12-13,0.0367843110096284,2021,2020-12-31,native_mse,20260912,0.000663622110562264,,1,1
quarter_volatility2_validated,2641,2021-12-10,2021-12-20,-0.0304615698955996,2021,2020-12-31,native_mse,20260912,0.0012207854253852776,,1,0
quarter_volatility2_validated,2646,2021-12-17,2021-12-27,-0.0034083287233763,2021,2020-12-31,native_mse,20260912,0.0012339786672550855,,1,0
quarter_volatility2_validated,2651,2021-12-24,2022-01-04,0.0080985736506613,2021,2020-12-31,native_mse,20260912,0.0010451229218044734,,1,1
quarter_volatility2_validated,2656,2021-12-31,2022-01-10,-0.0293970528320001,2021,2020-12-31,native_mse,20260912,0.001214204791414166,,1,0
quarter_volatility2_validated,2660,2022-01-07,2022-01-17,-0.0173453887283024,2022,2021-12-31,native_mse,20260910,-0.0034182510339292468,,0,0
quarter_volatility2_validated,2665,2022-01-14,2022-01-24,0.0053248631776616,2022,2021-12-31,native_mse,20260910,0.004761167720503064,,1,1
quarter_volatility2_validated,2670,2022-01-21,2022-02-07,-0.0242661876254222,2022,2021-12-31,native_mse,20260910,0.013137367547165641,,1,0
quarter_volatility2_validated,2675,2022-01-28,2022-02-14,-0.0127539031341488,2022,2021-12-31,native_mse,20260910,0.010886081661597602,,1,0
quarter_volatility2_validated,2680,2022-02-11,2022-02-21,0.0145498774954033,2022,2021-12-31,native_mse,20260910,0.008879219089809445,,1,1
quarter_volatility2_validated,2685,2022-02-18,2022-02-28,-0.0177161244498015,2022,2021-12-31,native_mse,20260910,0.009476567447344621,,1,0
quarter_volatility2_validated,2690,2022-02-25,2022-03-07,-0.0221791776043331,2022,2021-12-31,native_mse,20260910,0.01051598647298397,,1,0
quarter_volatility2_validated,2695,2022-03-04,2022-03-14,-0.0480378799422749,2022,2021-12-31,native_mse,20260910,0.007053677912636015,,1,0
quarter_volatility2_validated,2700,2022-03-11,2022-03-21,0.007530336734814,2022,2021-12-31,native_mse,20260910,0.010804442451387935,,1,1
quarter_volatility2_validated,2705,2022-03-18,2022-03-28,-0.0353493110038457,2022,2021-12-31,native_mse,20260910,0.0072982657258971444,,1,0
quarter_volatility2_validated,2710,2022-03-25,2022-04-06,0.0314834190717003,2022,2021-12-31,native_mse,20260910,0.007546796616275884,,1,1
quarter_volatility2_validated,2715,2022-04-01,2022-04-12,-0.0129237372705649,2022,2021-12-31,native_mse,20260910,0.006781430452769677,,1,0
quarter_volatility2_validated,2718,2022-04-08,2022-04-18,-0.0120986062576864,2022,2021-12-31,native_mse,20260910,0.00652895075643567,,1,0
quarter_volatility2_validated,2723,2022-04-15,2022-04-25,-0.0528494340140576,2022,2021-12-31,native_mse,20260910,0.006385447465197085,,1,0
quarter_volatility2_validated,2728,2022-04-22,2022-05-05,0.015736821365468,2022,2021-12-31,native_mse,20260910,0.005099274511858865,,1,1
quarter_volatility2_validated,2733,2022-04-29,2022-05-11,-0.0278824133054675,2022,2021-12-31,native_mse,20260910,0.004344044298975658,,1,0
quarter_volatility2_validated,2735,2022-05-06,2022-05-16,0.033741423035827,2022,2021-12-31,native_mse,20260910,0.0035518248227642247,,1,1
quarter_volatility2_validated,2740,2022-05-13,2022-05-23,0.0164308841843088,2022,2021-12-31,native_mse,20260910,0.002890441768532801,,1,1
quarter_volatility2_validated,2745,2022-05-20,2022-05-30,-0.0147293413085614,2022,2021-12-31,native_mse,20260910,0.002556802191789734,,1,0
quarter_volatility2_validated,2750,2022-05-27,2022-06-13,0.0431748431927498,2022,2021-12-31,native_mse,20260910,-0.006714076298392413,,0,1
quarter_volatility2_validated,2759,2022-06-10,2022-06-20,0.0306046547112142,2022,2021-12-31,native_mse,20260910,-0.0017160693271902699,,0,1
quarter_volatility2_validated,2764,2022-06-17,2022-06-27,0.0211666894141107,2022,2021-12-31,native_mse,20260910,-0.005554400786314341,,0,1
quarter_volatility2_validated,2769,2022-06-24,2022-07-04,0.0074507343130214,2022,2021-12-31,native_mse,20260910,-0.006611900023593844,,0,1
quarter_volatility2_validated,2774,2022-07-01,2022-07-11,-0.0092349827532707,2022,2021-12-31,native_mse,20260910,-0.001849659274069034,,0,0
quarter_volatility2_validated,2779,2022-07-08,2022-07-18,-0.0326815927737367,2022,2021-12-31,native_mse,20260910,-0.0036295526636022737,,0,0
quarter_volatility2_validated,2784,2022-07-15,2022-07-25,-0.0066210715249344,2022,2021-12-31,native_mse,20260910,-0.00726704662423343,,0,0
quarter_volatility2_validated,2789,2022-07-22,2022-08-01,-0.0173077967751003,2022,2021-12-31,native_mse,20260910,-0.005304375487712945,,0,0
quarter_volatility2_validated,2794,2022-07-29,2022-08-08,-0.004456034513838,2022,2021-12-31,native_mse,20260910,0.012166125781651363,,1,0
quarter_volatility2_validated,2799,2022-08-05,2022-08-15,0.0091475117753996,2022,2021-12-31,native_mse,20260910,0.004077391662883762,,1,1
quarter_volatility2_validated,2804,2022-08-12,2022-08-22,-0.0107272727272728,2022,2021-12-31,native_mse,20260910,0.0035826870942200968,,1,0
quarter_volatility2_validated,2809,2022-08-19,2022-08-29,-0.0172375434082356,2022,2021-12-31,native_mse,20260910,0.012796192349441387,,1,0
quarter_volatility2_validated,2814,2022-08-26,2022-09-05,-0.0131573766941938,2022,2021-12-31,native_mse,20260910,0.0045980644388349074,,1,0
quarter_volatility2_validated,2819,2022-09-02,2022-09-13,0.0253340680878015,2022,2021-12-31,native_mse,20260910,0.0016393163861851791,,1,1
quarter_volatility2_validated,2824,2022-09-09,2022-09-19,-0.044647264962877,2022,2021-12-31,native_mse,20260910,0.011024491197755238,,1,0
quarter_volatility2_validated,2828,2022-09-16,2022-09-26,-0.025155151434928,2022,2021-12-31,native_mse,20260910,0.0006249539921165778,,1,0
quarter_volatility2_validated,2833,2022-09-23,2022-10-10,-0.0060162941299352,2022,2021-12-31,native_mse,20260910,0.00941379002591237,,1,0
quarter_volatility2_validated,2838,2022-09-30,2022-10-17,0.0041192047412885,2022,2021-12-31,native_mse,20260910,-0.003455449604433236,,0,1
quarter_volatility2_validated,2843,2022-10-14,2022-10-24,-0.0246766294110258,2022,2021-12-31,native_mse,20260910,0.004982119577206458,,1,0
quarter_volatility2_validated,2848,2022-10-21,2022-10-31,-0.059928861134359,2022,2021-12-31,native_mse,20260910,0.004400428951388619,,1,0
quarter_volatility2_validated,2853,2022-10-28,2022-11-07,0.071339502526744,2022,2021-12-31,native_mse,20260910,-0.004533662272660886,,0,1
quarter_volatility2_validated,2858,2022-11-04,2022-11-14,0.0169449090696014,2022,2021-12-31,native_mse,20260910,0.009145763900992613,,1,1
quarter_volatility2_validated,2863,2022-11-11,2022-11-21,-0.0127051391515239,2022,2021-12-31,native_mse,20260910,0.005105981957746508,,1,0
quarter_volatility2_validated,2868,2022-11-18,2022-11-28,-0.0179672806084416,2022,2021-12-31,native_mse,20260910,0.004390010241707061,,1,0
quarter_volatility2_validated,2873,2022-11-25,2022-12-05,0.0555768659337096,2022,2021-12-31,native_mse,20260910,-0.0021694749097981593,,0,1
quarter_volatility2_validated,2878,2022-12-02,2022-12-12,0.0175374394775362,2022,2021-12-31,native_mse,20260910,-0.008963509314181651,,0,1
quarter_volatility2_validated,2883,2022-12-09,2022-12-19,-0.0058850602464181,2022,2021-12-31,native_mse,20260910,-0.008742160121666592,,0,0
quarter_volatility2_validated,2888,2022-12-16,2022-12-26,-0.0309150292073658,2022,2021-12-31,native_mse,20260910,0.00021070675399415396,,1,0
quarter_volatility2_validated,2893,2022-12-23,2023-01-03,0.0089464492229616,2022,2021-12-31,native_mse,20260910,-0.006931659189351796,,0,1
quarter_volatility2_validated,2898,2022-12-30,2023-01-09,0.0345913414268119,2022,2021-12-31,native_mse,20260910,-0.004005139352311209,,0,1
quarter_volatility2_validated,2660,2022-01-07,2022-01-17,-0.0173453887283024,2022,2021-12-31,training_frequency,-1,0.5458298926507019,0.5458298926507019,1,0
quarter_volatility2_validated,2665,2022-01-14,2022-01-24,0.0053248631776616,2022,2021-12-31,training_frequency,-1,0.5458298926507019,0.5458298926507019,1,1
quarter_volatility2_validated,2670,2022-01-21,2022-02-07,-0.0242661876254222,2022,2021-12-31,training_frequency,-1,0.5458298926507019,0.5458298926507019,1,0
quarter_volatility2_validated,2675,2022-01-28,2022-02-14,-0.0127539031341488,2022,2021-12-31,training_frequency,-1,0.5458298926507019,0.5458298926507019,1,0
quarter_volatility2_validated,2680,2022-02-11,2022-02-21,0.0145498774954033,2022,2021-12-31,training_frequency,-1,0.5458298926507019,0.5458298926507019,1,1
quarter_volatility2_validated,2685,2022-02-18,2022-02-28,-0.0177161244498015,2022,2021-12-31,training_frequency,-1,0.5458298926507019,0.5458298926507019,1,0
quarter_volatility2_validated,2690,2022-02-25,2022-03-07,-0.0221791776043331,2022,2021-12-31,training_frequency,-1,0.5458298926507019,0.5458298926507019,1,0
quarter_volatility2_validated,2695,2022-03-04,2022-03-14,-0.0480378799422749,2022,2021-12-31,training_frequency,-1,0.5458298926507019,0.5458298926507019,1,0
quarter_volatility2_validated,2700,2022-03-11,2022-03-21,0.007530336734814,2022,2021-12-31,training_frequency,-1,0.5458298926507019,0.5458298926507019,1,1
quarter_volatility2_validated,2705,2022-03-18,2022-03-28,-0.0353493110038457,2022,2021-12-31,training_frequency,-1,0.5458298926507019,0.5458298926507019,1,0
quarter_volatility2_validated,2710,2022-03-25,2022-04-06,0.0314834190717003,2022,2021-12-31,training_frequency,-1,0.5458298926507019,0.5458298926507019,1,1
quarter_volatility2_validated,2715,2022-04-01,2022-04-12,-0.0129237372705649,2022,2021-12-31,training_frequency,-1,0.5458298926507019,0.5458298926507019,1,0
quarter_volatility2_validated,2718,2022-04-08,2022-04-18,-0.0120986062576864,2022,2021-12-31,training_frequency,-1,0.5458298926507019,0.5458298926507019,1,0
quarter_volatility2_validated,2723,2022-04-15,2022-04-25,-0.0528494340140576,2022,2021-12-31,training_frequency,-1,0.5458298926507019,0.5458298926507019,1,0
quarter_volatility2_validated,2728,2022-04-22,2022-05-05,0.015736821365468,2022,2021-12-31,training_frequency,-1,0.5458298926507019,0.5458298926507019,1,1
quarter_volatility2_validated,2733,2022-04-29,2022-05-11,-0.0278824133054675,2022,2021-12-31,training_frequency,-1,0.5458298926507019,0.5458298926507019,1,0
quarter_volatility2_validated,2735,2022-05-06,2022-05-16,0.033741423035827,2022,2021-12-31,training_frequency,-1,0.5458298926507019,0.5458298926507019,1,1
quarter_volatility2_validated,2740,2022-05-13,2022-05-23,0.0164308841843088,2022,2021-12-31,training_frequency,-1,0.5458298926507019,0.5458298926507019,1,1
quarter_volatility2_validated,2745,2022-05-20,2022-05-30,-0.0147293413085614,2022,2021-12-31,training_frequency,-1,0.5458298926507019,0.5458298926507019,1,0
quarter_volatility2_validated,2750,2022-05-27,2022-06-13,0.0431748431927498,2022,2021-12-31,training_frequency,-1,0.5458298926507019,0.5458298926507019,1,1
quarter_volatility2_validated,2759,2022-06-10,2022-06-20,0.0306046547112142,2022,2021-12-31,training_frequency,-1,0.5458298926507019,0.5458298926507019,1,1
quarter_volatility2_validated,2764,2022-06-17,2022-06-27,0.0211666894141107,2022,2021-12-31,training_frequency,-1,0.5458298926507019,0.5458298926507019,1,1
quarter_volatility2_validated,2769,2022-06-24,2022-07-04,0.0074507343130214,2022,2021-12-31,training_frequency,-1,0.5458298926507019,0.5458298926507019,1,1
quarter_volatility2_validated,2774,2022-07-01,2022-07-11,-0.0092349827532707,2022,2021-12-31,training_frequency,-1,0.5458298926507019,0.5458298926507019,1,0
quarter_volatility2_validated,2779,2022-07-08,2022-07-18,-0.0326815927737367,2022,2021-12-31,training_frequency,-1,0.5458298926507019,0.5458298926507019,1,0
quarter_volatility2_validated,2784,2022-07-15,2022-07-25,-0.0066210715249344,2022,2021-12-31,training_frequency,-1,0.5458298926507019,0.5458298926507019,1,0
quarter_volatility2_validated,2789,2022-07-22,2022-08-01,-0.0173077967751003,2022,2021-12-31,training_frequency,-1,0.5458298926507019,0.5458298926507019,1,0
quarter_volatility2_validated,2794,2022-07-29,2022-08-08,-0.004456034513838,2022,2021-12-31,training_frequency,-1,0.5458298926507019,0.5458298926507019,1,0
quarter_volatility2_validated,2799,2022-08-05,2022-08-15,0.0091475117753996,2022,2021-12-31,training_frequency,-1,0.5458298926507019,0.5458298926507019,1,1
quarter_volatility2_validated,2804,2022-08-12,2022-08-22,-0.0107272727272728,2022,2021-12-31,training_frequency,-1,0.5458298926507019,0.5458298926507019,1,0
quarter_volatility2_validated,2809,2022-08-19,2022-08-29,-0.0172375434082356,2022,2021-12-31,training_frequency,-1,0.5458298926507019,0.5458298926507019,1,0
quarter_volatility2_validated,2814,2022-08-26,2022-09-05,-0.0131573766941938,2022,2021-12-31,training_frequency,-1,0.5458298926507019,0.5458298926507019,1,0
quarter_volatility2_validated,2819,2022-09-02,2022-09-13,0.0253340680878015,2022,2021-12-31,training_frequency,-1,0.5458298926507019,0.5458298926507019,1,1
quarter_volatility2_validated,2824,2022-09-09,2022-09-19,-0.044647264962877,2022,2021-12-31,training_frequency,-1,0.5458298926507019,0.5458298926507019,1,0
quarter_volatility2_validated,2828,2022-09-16,2022-09-26,-0.025155151434928,2022,2021-12-31,training_frequency,-1,0.5458298926507019,0.5458298926507019,1,0
quarter_volatility2_validated,2833,2022-09-23,2022-10-10,-0.0060162941299352,2022,2021-12-31,training_frequency,-1,0.5458298926507019,0.5458298926507019,1,0
quarter_volatility2_validated,2838,2022-09-30,2022-10-17,0.0041192047412885,2022,2021-12-31,training_frequency,-1,0.5458298926507019,0.5458298926507019,1,1
quarter_volatility2_validated,2843,2022-10-14,2022-10-24,-0.0246766294110258,2022,2021-12-31,training_frequency,-1,0.5458298926507019,0.5458298926507019,1,0
quarter_volatility2_validated,2848,2022-10-21,2022-10-31,-0.059928861134359,2022,2021-12-31,training_frequency,-1,0.5458298926507019,0.5458298926507019,1,0
quarter_volatility2_validated,2853,2022-10-28,2022-11-07,0.071339502526744,2022,2021-12-31,training_frequency,-1,0.5458298926507019,0.5458298926507019,1,1
quarter_volatility2_validated,2858,2022-11-04,2022-11-14,0.0169449090696014,2022,2021-12-31,training_frequency,-1,0.5458298926507019,0.5458298926507019,1,1
quarter_volatility2_validated,2863,2022-11-11,2022-11-21,-0.0127051391515239,2022,2021-12-31,training_frequency,-1,0.5458298926507019,0.5458298926507019,1,0
quarter_volatility2_validated,2868,2022-11-18,2022-11-28,-0.0179672806084416,2022,2021-12-31,training_frequency,-1,0.5458298926507019,0.5458298926507019,1,0
quarter_volatility2_validated,2873,2022-11-25,2022-12-05,0.0555768659337096,2022,2021-12-31,training_frequency,-1,0.5458298926507019,0.5458298926507019,1,1
quarter_volatility2_validated,2878,2022-12-02,2022-12-12,0.0175374394775362,2022,2021-12-31,training_frequency,-1,0.5458298926507019,0.5458298926507019,1,1
quarter_volatility2_validated,2883,2022-12-09,2022-12-19,-0.0058850602464181,2022,2021-12-31,training_frequency,-1,0.5458298926507019,0.5458298926507019,1,0
quarter_volatility2_validated,2888,2022-12-16,2022-12-26,-0.0309150292073658,2022,2021-12-31,training_frequency,-1,0.5458298926507019,0.5458298926507019,1,0
quarter_volatility2_validated,2893,2022-12-23,2023-01-03,0.0089464492229616,2022,2021-12-31,training_frequency,-1,0.5458298926507019,0.5458298926507019,1,1
quarter_volatility2_validated,2898,2022-12-30,2023-01-09,0.0345913414268119,2022,2021-12-31,training_frequency,-1,0.5458298926507019,0.5458298926507019,1,1
quarter_volatility2_validated,2660,2022-01-07,2022-01-17,-0.0173453887283024,2022,2021-12-31,native_mse,20260911,0.007330315708159769,,1,0
quarter_volatility2_validated,2665,2022-01-14,2022-01-24,0.0053248631776616,2022,2021-12-31,native_mse,20260911,0.015471274729398543,,1,1
quarter_volatility2_validated,2670,2022-01-21,2022-02-07,-0.0242661876254222,2022,2021-12-31,native_mse,20260911,0.009873111042602054,,1,0
quarter_volatility2_validated,2675,2022-01-28,2022-02-14,-0.0127539031341488,2022,2021-12-31,native_mse,20260911,0.0025503118790792955,,1,0
quarter_volatility2_validated,2680,2022-02-11,2022-02-21,0.0145498774954033,2022,2021-12-31,native_mse,20260911,0.0063949393307865515,,1,1
quarter_volatility2_validated,2685,2022-02-18,2022-02-28,-0.0177161244498015,2022,2021-12-31,native_mse,20260911,0.004306186298337274,,1,0
quarter_volatility2_validated,2690,2022-02-25,2022-03-07,-0.0221791776043331,2022,2021-12-31,native_mse,20260911,0.00884306439536679,,1,0
quarter_volatility2_validated,2695,2022-03-04,2022-03-14,-0.0480378799422749,2022,2021-12-31,native_mse,20260911,0.008878575004775912,,1,0
quarter_volatility2_validated,2700,2022-03-11,2022-03-21,0.007530336734814,2022,2021-12-31,native_mse,20260911,0.008804997087552644,,1,1
quarter_volatility2_validated,2705,2022-03-18,2022-03-28,-0.0353493110038457,2022,2021-12-31,native_mse,20260911,0.0029149751065889705,,1,0
quarter_volatility2_validated,2710,2022-03-25,2022-04-06,0.0314834190717003,2022,2021-12-31,native_mse,20260911,0.009608904415587632,,1,1
quarter_volatility2_validated,2715,2022-04-01,2022-04-12,-0.0129237372705649,2022,2021-12-31,native_mse,20260911,0.013290024702572031,,1,0
quarter_volatility2_validated,2718,2022-04-08,2022-04-18,-0.0120986062576864,2022,2021-12-31,native_mse,20260911,0.0032429576095984285,,1,0
quarter_volatility2_validated,2723,2022-04-15,2022-04-25,-0.0528494340140576,2022,2021-12-31,native_mse,20260911,0.016983479995433693,,1,0
quarter_volatility2_validated,2728,2022-04-22,2022-05-05,0.015736821365468,2022,2021-12-31,native_mse,20260911,0.011987542362233185,,1,1
quarter_volatility2_validated,2733,2022-04-29,2022-05-11,-0.0278824133054675,2022,2021-12-31,native_mse,20260911,0.0046606294840712235,,1,0
quarter_volatility2_validated,2735,2022-05-06,2022-05-16,0.033741423035827,2022,2021-12-31,native_mse,20260911,-0.002196005566182584,,0,1
quarter_volatility2_validated,2740,2022-05-13,2022-05-23,0.0164308841843088,2022,2021-12-31,native_mse,20260911,0.0038854901281264037,,1,1
quarter_volatility2_validated,2745,2022-05-20,2022-05-30,-0.0147293413085614,2022,2021-12-31,native_mse,20260911,0.005767086549547615,,1,0
quarter_volatility2_validated,2750,2022-05-27,2022-06-13,0.0431748431927498,2022,2021-12-31,native_mse,20260911,0.001263767062796844,,1,1
quarter_volatility2_validated,2759,2022-06-10,2022-06-20,0.0306046547112142,2022,2021-12-31,native_mse,20260911,-0.0024637080117748144,,0,1
quarter_volatility2_validated,2764,2022-06-17,2022-06-27,0.0211666894141107,2022,2021-12-31,native_mse,20260911,-0.0034192691302211337,,0,1
quarter_volatility2_validated,2769,2022-06-24,2022-07-04,0.0074507343130214,2022,2021-12-31,native_mse,20260911,0.0007173637240202417,,1,1
quarter_volatility2_validated,2774,2022-07-01,2022-07-11,-0.0092349827532707,2022,2021-12-31,native_mse,20260911,0.00019356382111467723,,1,0
quarter_volatility2_validated,2779,2022-07-08,2022-07-18,-0.0326815927737367,2022,2021-12-31,native_mse,20260911,-0.002705313965036355,,0,0
quarter_volatility2_validated,2784,2022-07-15,2022-07-25,-0.0066210715249344,2022,2021-12-31,native_mse,20260911,-0.01432584048846508,,0,0
quarter_volatility2_validated,2789,2022-07-22,2022-08-01,-0.0173077967751003,2022,2021-12-31,native_mse,20260911,-0.01380965748442494,,0,0
quarter_volatility2_validated,2794,2022-07-29,2022-08-08,-0.004456034513838,2022,2021-12-31,native_mse,20260911,-0.0005052222003642227,,0,0
quarter_volatility2_validated,2799,2022-08-05,2022-08-15,0.0091475117753996,2022,2021-12-31,native_mse,20260911,0.011525493600414192,,1,1
quarter_volatility2_validated,2804,2022-08-12,2022-08-22,-0.0107272727272728,2022,2021-12-31,native_mse,20260911,0.011216024245490553,,1,0
quarter_volatility2_validated,2809,2022-08-19,2022-08-29,-0.0172375434082356,2022,2021-12-31,native_mse,20260911,0.011754323018096325,,1,0
quarter_volatility2_validated,2814,2022-08-26,2022-09-05,-0.0131573766941938,2022,2021-12-31,native_mse,20260911,0.015594603509631271,,1,0
quarter_volatility2_validated,2819,2022-09-02,2022-09-13,0.0253340680878015,2022,2021-12-31,native_mse,20260911,0.010900596081000016,,1,1
quarter_volatility2_validated,2824,2022-09-09,2022-09-19,-0.044647264962877,2022,2021-12-31,native_mse,20260911,0.009845699372826781,,1,0
quarter_volatility2_validated,2828,2022-09-16,2022-09-26,-0.025155151434928,2022,2021-12-31,native_mse,20260911,0.008491582609497948,,1,0
quarter_volatility2_validated,2833,2022-09-23,2022-10-10,-0.0060162941299352,2022,2021-12-31,native_mse,20260911,0.016496050845990925,,1,0
quarter_volatility2_validated,2838,2022-09-30,2022-10-17,0.0041192047412885,2022,2021-12-31,native_mse,20260911,0.0066528810646222045,,1,1
quarter_volatility2_validated,2843,2022-10-14,2022-10-24,-0.0246766294110258,2022,2021-12-31,native_mse,20260911,0.007009044538463505,,1,0
quarter_volatility2_validated,2848,2022-10-21,2022-10-31,-0.059928861134359,2022,2021-12-31,native_mse,20260911,0.010852556503638734,,1,0
quarter_volatility2_validated,2853,2022-10-28,2022-11-07,0.071339502526744,2022,2021-12-31,native_mse,20260911,0.006842543646863063,,1,1
quarter_volatility2_validated,2858,2022-11-04,2022-11-14,0.0169449090696014,2022,2021-12-31,native_mse,20260911,-0.008549410923537592,,0,1
quarter_volatility2_validated,2863,2022-11-11,2022-11-21,-0.0127051391515239,2022,2021-12-31,native_mse,20260911,-0.005215109557773304,,0,0
quarter_volatility2_validated,2868,2022-11-18,2022-11-28,-0.0179672806084416,2022,2021-12-31,native_mse,20260911,-0.010307087880643545,,0,0
quarter_volatility2_validated,2873,2022-11-25,2022-12-05,0.0555768659337096,2022,2021-12-31,native_mse,20260911,0.0013951717650121252,,1,1
quarter_volatility2_validated,2878,2022-12-02,2022-12-12,0.0175374394775362,2022,2021-12-31,native_mse,20260911,0.009832549235191711,,1,1
quarter_volatility2_validated,2883,2022-12-09,2022-12-19,-0.0058850602464181,2022,2021-12-31,native_mse,20260911,0.003809464155812216,,1,0
quarter_volatility2_validated,2888,2022-12-16,2022-12-26,-0.0309150292073658,2022,2021-12-31,native_mse,20260911,-0.00026475301217457076,,0,0
quarter_volatility2_validated,2893,2022-12-23,2023-01-03,0.0089464492229616,2022,2021-12-31,native_mse,20260911,0.0011212783896272817,,1,1
quarter_volatility2_validated,2898,2022-12-30,2023-01-09,0.0345913414268119,2022,2021-12-31,native_mse,20260911,-0.013209134532423342,,0,1
quarter_volatility2_validated,2660,2022-01-07,2022-01-17,-0.0173453887283024,2022,2021-12-31,native_mse,20260912,0.001814179283598589,,1,0
quarter_volatility2_validated,2665,2022-01-14,2022-01-24,0.0053248631776616,2022,2021-12-31,native_mse,20260912,0.0008133505012356114,,1,1
quarter_volatility2_validated,2670,2022-01-21,2022-02-07,-0.0242661876254222,2022,2021-12-31,native_mse,20260912,0.003394922189452561,,1,0
quarter_volatility2_validated,2675,2022-01-28,2022-02-14,-0.0127539031341488,2022,2021-12-31,native_mse,20260912,0.001858669558311765,,1,0
quarter_volatility2_validated,2680,2022-02-11,2022-02-21,0.0145498774954033,2022,2021-12-31,native_mse,20260912,0.003479305001395758,,1,1
quarter_volatility2_validated,2685,2022-02-18,2022-02-28,-0.0177161244498015,2022,2021-12-31,native_mse,20260912,0.00484344917433416,,1,0
quarter_volatility2_validated,2690,2022-02-25,2022-03-07,-0.0221791776043331,2022,2021-12-31,native_mse,20260912,0.004930593592929232,,1,0
quarter_volatility2_validated,2695,2022-03-04,2022-03-14,-0.0480378799422749,2022,2021-12-31,native_mse,20260912,0.004780982951547397,,1,0
quarter_volatility2_validated,2700,2022-03-11,2022-03-21,0.007530336734814,2022,2021-12-31,native_mse,20260912,0.004193854635787947,,1,1
quarter_volatility2_validated,2705,2022-03-18,2022-03-28,-0.0353493110038457,2022,2021-12-31,native_mse,20260912,0.004396502651581285,,1,0
quarter_volatility2_validated,2710,2022-03-25,2022-04-06,0.0314834190717003,2022,2021-12-31,native_mse,20260912,0.0036897334948297125,,1,1
quarter_volatility2_validated,2715,2022-04-01,2022-04-12,-0.0129237372705649,2022,2021-12-31,native_mse,20260912,0.003704448832752752,,1,0
quarter_volatility2_validated,2718,2022-04-08,2022-04-18,-0.0120986062576864,2022,2021-12-31,native_mse,20260912,0.0033120503584409514,,1,0
quarter_volatility2_validated,2723,2022-04-15,2022-04-25,-0.0528494340140576,2022,2021-12-31,native_mse,20260912,0.0030085181253416615,,1,0
quarter_volatility2_validated,2728,2022-04-22,2022-05-05,0.015736821365468,2022,2021-12-31,native_mse,20260912,0.0026567146550084044,,1,1
quarter_volatility2_validated,2733,2022-04-29,2022-05-11,-0.0278824133054675,2022,2021-12-31,native_mse,20260912,0.0018367479372410052,,1,0
quarter_volatility2_validated,2735,2022-05-06,2022-05-16,0.033741423035827,2022,2021-12-31,native_mse,20260912,0.0020912186604119124,,1,1
quarter_volatility2_validated,2740,2022-05-13,2022-05-23,0.0164308841843088,2022,2021-12-31,native_mse,20260912,0.0018493178254621319,,1,1
quarter_volatility2_validated,2745,2022-05-20,2022-05-30,-0.0147293413085614,2022,2021-12-31,native_mse,20260912,0.0016372108848958446,,1,0
quarter_volatility2_validated,2750,2022-05-27,2022-06-13,0.0431748431927498,2022,2021-12-31,native_mse,20260912,0.0012702553294938346,,1,1
quarter_volatility2_validated,2759,2022-06-10,2022-06-20,0.0306046547112142,2022,2021-12-31,native_mse,20260912,-0.00018870985334741705,,0,1
quarter_volatility2_validated,2764,2022-06-17,2022-06-27,0.0211666894141107,2022,2021-12-31,native_mse,20260912,-0.0009698518035469311,,0,1
quarter_volatility2_validated,2769,2022-06-24,2022-07-04,0.0074507343130214,2022,2021-12-31,native_mse,20260912,-0.00016157705520515077,,0,1
quarter_volatility2_validated,2774,2022-07-01,2022-07-11,-0.0092349827532707,2022,2021-12-31,native_mse,20260912,0.00012114906253678204,,1,0
quarter_volatility2_validated,2779,2022-07-08,2022-07-18,-0.0326815927737367,2022,2021-12-31,native_mse,20260912,0.0009385572149118832,,1,0
quarter_volatility2_validated,2784,2022-07-15,2022-07-25,-0.0066210715249344,2022,2021-12-31,native_mse,20260912,0.0008465033870475552,,1,0
quarter_volatility2_validated,2789,2022-07-22,2022-08-01,-0.0173077967751003,2022,2021-12-31,native_mse,20260912,0.001749105544547778,,1,0
quarter_volatility2_validated,2794,2022-07-29,2022-08-08,-0.004456034513838,2022,2021-12-31,native_mse,20260912,0.0022855909610094674,,1,0
quarter_volatility2_validated,2799,2022-08-05,2022-08-15,0.0091475117753996,2022,2021-12-31,native_mse,20260912,0.0023275813973101045,,1,1
quarter_volatility2_validated,2804,2022-08-12,2022-08-22,-0.0107272727272728,2022,2021-12-31,native_mse,20260912,0.00116828161002665,,1,0
quarter_volatility2_validated,2809,2022-08-19,2022-08-29,-0.0172375434082356,2022,2021-12-31,native_mse,20260912,0.002641518401624336,,1,0
quarter_volatility2_validated,2814,2022-08-26,2022-09-05,-0.0131573766941938,2022,2021-12-31,native_mse,20260912,0.00258122146459616,,1,0
quarter_volatility2_validated,2819,2022-09-02,2022-09-13,0.0253340680878015,2022,2021-12-31,native_mse,20260912,0.003426320209529877,,1,1
quarter_volatility2_validated,2824,2022-09-09,2022-09-19,-0.044647264962877,2022,2021-12-31,native_mse,20260912,0.004071954177543495,,1,0
quarter_volatility2_validated,2828,2022-09-16,2022-09-26,-0.025155151434928,2022,2021-12-31,native_mse,20260912,0.004321372628556118,,1,0
quarter_volatility2_validated,2833,2022-09-23,2022-10-10,-0.0060162941299352,2022,2021-12-31,native_mse,20260912,0.0034216908995016978,,1,0
quarter_volatility2_validated,2838,2022-09-30,2022-10-17,0.0041192047412885,2022,2021-12-31,native_mse,20260912,0.003515450079575204,,1,1
quarter_volatility2_validated,2843,2022-10-14,2022-10-24,-0.0246766294110258,2022,2021-12-31,native_mse,20260912,0.002607809358206801,,1,0
quarter_volatility2_validated,2848,2022-10-21,2022-10-31,-0.059928861134359,2022,2021-12-31,native_mse,20260912,0.003699251753992663,,1,0
quarter_volatility2_validated,2853,2022-10-28,2022-11-07,0.071339502526744,2022,2021-12-31,native_mse,20260912,0.0018115173178016464,,1,1
quarter_volatility2_validated,2858,2022-11-04,2022-11-14,0.0169449090696014,2022,2021-12-31,native_mse,20260912,0.0023418219066621243,,1,1
quarter_volatility2_validated,2863,2022-11-11,2022-11-21,-0.0127051391515239,2022,2021-12-31,native_mse,20260912,0.0018573604038192703,,1,0
quarter_volatility2_validated,2868,2022-11-18,2022-11-28,-0.0179672806084416,2022,2021-12-31,native_mse,20260912,0.0016249204309614228,,1,0
quarter_volatility2_validated,2873,2022-11-25,2022-12-05,0.0555768659337096,2022,2021-12-31,native_mse,20260912,0.0016075771422150188,,1,1
quarter_volatility2_validated,2878,2022-12-02,2022-12-12,0.0175374394775362,2022,2021-12-31,native_mse,20260912,0.0015010231403169106,,1,1
quarter_volatility2_validated,2883,2022-12-09,2022-12-19,-0.0058850602464181,2022,2021-12-31,native_mse,20260912,0.001187317105345827,,1,0
quarter_volatility2_validated,2888,2022-12-16,2022-12-26,-0.0309150292073658,2022,2021-12-31,native_mse,20260912,0.0019485697779955545,,1,0
quarter_volatility2_validated,2893,2022-12-23,2023-01-03,0.0089464492229616,2022,2021-12-31,native_mse,20260912,0.0001928217320369698,,1,1
quarter_volatility2_validated,2898,2022-12-30,2023-01-09,0.0345913414268119,2022,2021-12-31,native_mse,20260912,0.00047968928790032895,,1,1
quarter_volatility2_validated,2902,2023-01-06,2023-01-16,0.0198447929614133,2023,2022-12-31,native_mse,20260910,-0.0025267983391307767,,0,1
quarter_volatility2_validated,2907,2023-01-13,2023-01-30,0.0465290788350809,2023,2022-12-31,native_mse,20260910,-0.0004635399148201708,,0,1
quarter_volatility2_validated,2912,2023-01-20,2023-02-06,-0.0383797057844887,2023,2022-12-31,native_mse,20260910,7.519190422555292e-05,,1,0
quarter_volatility2_validated,2917,2023-02-03,2023-02-13,-0.0012061903149008,2023,2022-12-31,native_mse,20260910,0.0016271329266920357,,1,0
quarter_volatility2_validated,2922,2023-02-10,2023-02-20,-0.0143746584432821,2023,2022-12-31,native_mse,20260910,-0.0011564163814400644,,0,0
quarter_volatility2_validated,2927,2023-02-17,2023-02-27,0.0001237636016198,2023,2022-12-31,native_mse,20260910,-0.0016426518503498255,,0,1
quarter_volatility2_validated,2932,2023-02-24,2023-03-06,0.0224454641303217,2023,2022-12-31,native_mse,20260910,0.0015810555880606469,,1,1
quarter_volatility2_validated,2937,2023-03-03,2023-03-13,-0.0407900947678007,2023,2022-12-31,native_mse,20260910,0.0007073892257839969,,1,0
quarter_volatility2_validated,2942,2023-03-10,2023-03-20,5.0471402903706775e-06,2023,2022-12-31,native_mse,20260910,-0.0001794060398361263,,0,1
quarter_volatility2_validated,2947,2023-03-17,2023-03-27,0.015302852124583,2023,2022-12-31,native_mse,20260910,-0.0018976163672993884,,0,1
quarter_volatility2_validated,2952,2023-03-24,2023-04-03,0.0090274153058433,2023,2022-12-31,native_mse,20260910,-0.001832954139676603,,0,1
quarter_volatility2_validated,2957,2023-03-31,2023-04-10,0.0178317182396383,2023,2022-12-31,native_mse,20260910,-0.00172129069982479,,0,1
quarter_volatility2_validated,2961,2023-04-07,2023-04-17,-0.0101500238382772,2023,2022-12-31,native_mse,20260910,-0.00033641886926452733,,0,0
quarter_volatility2_validated,2966,2023-04-14,2023-04-24,-0.014368947230732,2023,2022-12-31,native_mse,20260910,-0.0013230092163269815,,0,0
quarter_volatility2_validated,2971,2023-04-21,2023-05-04,-0.0044228908788729,2023,2022-12-31,native_mse,20260910,-0.0007286066396655064,,0,0
quarter_volatility2_validated,2976,2023-04-28,2023-05-10,0.0036477163153083,2023,2022-12-31,native_mse,20260910,-0.00030575704561793394,,0,1
quarter_volatility2_validated,2978,2023-05-05,2023-05-15,-0.0221642407977935,2023,2022-12-31,native_mse,20260910,-0.00011486613921578474,,0,0
quarter_volatility2_validated,2983,2023-05-12,2023-05-22,0.0005509250208819,2023,2022-12-31,native_mse,20260910,-0.0001792163459168561,,0,1
quarter_volatility2_validated,2988,2023-05-19,2023-05-29,-0.0200253742704897,2023,2022-12-31,native_mse,20260910,0.0009439667644663131,,1,0
quarter_volatility2_validated,2993,2023-05-26,2023-06-05,-0.0003935703040848,2023,2022-12-31,native_mse,20260910,0.000557122093874036,,1,0
quarter_volatility2_validated,2998,2023-06-02,2023-06-12,-0.0086075595250429,2023,2022-12-31,native_mse,20260910,-0.001180815938657947,,0,0
quarter_volatility2_validated,3003,2023-06-09,2023-06-19,0.0338878539347273,2023,2022-12-31,native_mse,20260910,-0.0014426234760102343,,0,1
quarter_volatility2_validated,3008,2023-06-16,2023-07-03,-0.026216632171098,2023,2022-12-31,native_mse,20260910,-0.0010042817493535598,,0,0
quarter_volatility2_validated,3016,2023-06-30,2023-07-10,-0.0030441518806006,2023,2022-12-31,native_mse,20260910,-0.0011931588855691256,,0,0
quarter_volatility2_validated,3021,2023-07-07,2023-07-17,0.0104280552692135,2023,2022-12-31,native_mse,20260910,-0.001925244639091561,,0,1
quarter_volatility2_validated,3026,2023-07-14,2023-07-24,-0.0201642613135752,2023,2022-12-31,native_mse,20260910,0.00072512762062503,,1,0
quarter_volatility2_validated,3031,2023-07-21,2023-07-31,0.0566710925894278,2023,2022-12-31,native_mse,20260910,0.0009939160139214966,,1,1
quarter_volatility2_validated,3036,2023-07-28,2023-08-07,-0.0039612927947766,2023,2022-12-31,native_mse,20260910,-0.0005682320215149167,,0,0
quarter_volatility2_validated,3041,2023-08-04,2023-08-14,-0.0404899362223548,2023,2022-12-31,native_mse,20260910,-0.0009301134947241365,,0,0
quarter_volatility2_validated,3046,2023-08-11,2023-08-21,-0.0176157088591445,2023,2022-12-31,native_mse,20260910,-0.000726777176221484,,0,0
quarter_volatility2_validated,3051,2023-08-18,2023-08-28,0.0366582477081969,2023,2022-12-31,native_mse,20260910,0.0008756120897448488,,1,1
quarter_volatility2_validated,3056,2023-08-25,2023-09-04,-0.025197172476384,2023,2022-12-31,native_mse,20260910,-0.0006648239910763075,,0,0
quarter_volatility2_validated,3061,2023-09-01,2023-09-11,-0.0189903461587886,2023,2022-12-31,native_mse,20260910,0.00015839660362514175,,1,0
quarter_volatility2_validated,3066,2023-09-08,2023-09-18,-0.0111346368744954,2023,2022-12-31,native_mse,20260910,0.001744965500114605,,1,0
quarter_volatility2_validated,3071,2023-09-15,2023-09-25,0.0105787349314532,2023,2022-12-31,native_mse,20260910,0.0006876575211446893,,1,1
quarter_volatility2_validated,3076,2023-09-22,2023-10-16,-0.0198017153282719,2023,2022-12-31,native_mse,20260910,-0.00243132015475,,0,0
quarter_volatility2_validated,3085,2023-10-13,2023-10-23,-0.0447156690429144,2023,2022-12-31,native_mse,20260910,-0.0021908711949872265,,0,0
quarter_volatility2_validated,3090,2023-10-20,2023-10-30,0.0154019770298841,2023,2022-12-31,native_mse,20260910,-0.0005611083237640583,,0,1
quarter_volatility2_validated,3095,2023-10-27,2023-11-06,0.0152527637017425,2023,2022-12-31,native_mse,20260910,0.0010289915405626282,,1,1
quarter_volatility2_validated,3100,2023-11-03,2023-11-13,-0.0039935482440582,2023,2022-12-31,native_mse,20260910,0.001023319006735779,,1,0
quarter_volatility2_validated,3105,2023-11-10,2023-11-20,-0.0067280482816765,2023,2022-12-31,native_mse,20260910,-0.0009564130384265961,,0,0
quarter_volatility2_validated,3110,2023-11-17,2023-11-27,-0.0098859017348651,2023,2022-12-31,native_mse,20260910,0.00023192130830153903,,1,0
quarter_volatility2_validated,3115,2023-11-24,2023-12-04,-0.0151084754586299,2023,2022-12-31,native_mse,20260910,0.0008732338960994725,,1,0
quarter_volatility2_validated,3120,2023-12-01,2023-12-11,-0.0295859857973478,2023,2022-12-31,native_mse,20260910,0.000837366835393595,,1,0
quarter_volatility2_validated,3125,2023-12-08,2023-12-18,-0.0144639658974852,2023,2022-12-31,native_mse,20260910,0.0006391538307731006,,1,0
quarter_volatility2_validated,3130,2023-12-15,2023-12-25,0.0003424256350643,2023,2022-12-31,native_mse,20260910,0.000382991564868559,,1,1
quarter_volatility2_validated,3135,2023-12-22,2024-01-02,0.0288079559683274,2023,2022-12-31,native_mse,20260910,-0.0008222024683218445,,0,1
quarter_volatility2_validated,3140,2023-12-29,2024-01-08,-0.0302544749829989,2023,2022-12-31,native_mse,20260910,0.0008212539531046094,,1,0
quarter_volatility2_validated,2902,2023-01-06,2023-01-16,0.0198447929614133,2023,2022-12-31,training_frequency,-1,0.5028949545078577,0.5028949545078577,1,1
quarter_volatility2_validated,2907,2023-01-13,2023-01-30,0.0465290788350809,2023,2022-12-31,training_frequency,-1,0.5028949545078577,0.5028949545078577,1,1
quarter_volatility2_validated,2912,2023-01-20,2023-02-06,-0.0383797057844887,2023,2022-12-31,training_frequency,-1,0.5028949545078577,0.5028949545078577,1,0
quarter_volatility2_validated,2917,2023-02-03,2023-02-13,-0.0012061903149008,2023,2022-12-31,training_frequency,-1,0.5028949545078577,0.5028949545078577,1,0
quarter_volatility2_validated,2922,2023-02-10,2023-02-20,-0.0143746584432821,2023,2022-12-31,training_frequency,-1,0.5028949545078577,0.5028949545078577,1,0
quarter_volatility2_validated,2927,2023-02-17,2023-02-27,0.0001237636016198,2023,2022-12-31,training_frequency,-1,0.5028949545078577,0.5028949545078577,1,1
quarter_volatility2_validated,2932,2023-02-24,2023-03-06,0.0224454641303217,2023,2022-12-31,training_frequency,-1,0.5028949545078577,0.5028949545078577,1,1
quarter_volatility2_validated,2937,2023-03-03,2023-03-13,-0.0407900947678007,2023,2022-12-31,training_frequency,-1,0.5028949545078577,0.5028949545078577,1,0
quarter_volatility2_validated,2942,2023-03-10,2023-03-20,5.0471402903706775e-06,2023,2022-12-31,training_frequency,-1,0.5028949545078577,0.5028949545078577,1,1
quarter_volatility2_validated,2947,2023-03-17,2023-03-27,0.015302852124583,2023,2022-12-31,training_frequency,-1,0.5028949545078577,0.5028949545078577,1,1
quarter_volatility2_validated,2952,2023-03-24,2023-04-03,0.0090274153058433,2023,2022-12-31,training_frequency,-1,0.5028949545078577,0.5028949545078577,1,1
quarter_volatility2_validated,2957,2023-03-31,2023-04-10,0.0178317182396383,2023,2022-12-31,training_frequency,-1,0.5028949545078577,0.5028949545078577,1,1
quarter_volatility2_validated,2961,2023-04-07,2023-04-17,-0.0101500238382772,2023,2022-12-31,training_frequency,-1,0.5028949545078577,0.5028949545078577,1,0
quarter_volatility2_validated,2966,2023-04-14,2023-04-24,-0.014368947230732,2023,2022-12-31,training_frequency,-1,0.5028949545078577,0.5028949545078577,1,0
quarter_volatility2_validated,2971,2023-04-21,2023-05-04,-0.0044228908788729,2023,2022-12-31,training_frequency,-1,0.5028949545078577,0.5028949545078577,1,0
quarter_volatility2_validated,2976,2023-04-28,2023-05-10,0.0036477163153083,2023,2022-12-31,training_frequency,-1,0.5028949545078577,0.5028949545078577,1,1
quarter_volatility2_validated,2978,2023-05-05,2023-05-15,-0.0221642407977935,2023,2022-12-31,training_frequency,-1,0.5028949545078577,0.5028949545078577,1,0
quarter_volatility2_validated,2983,2023-05-12,2023-05-22,0.0005509250208819,2023,2022-12-31,training_frequency,-1,0.5028949545078577,0.5028949545078577,1,1
quarter_volatility2_validated,2988,2023-05-19,2023-05-29,-0.0200253742704897,2023,2022-12-31,training_frequency,-1,0.5028949545078577,0.5028949545078577,1,0
quarter_volatility2_validated,2993,2023-05-26,2023-06-05,-0.0003935703040848,2023,2022-12-31,training_frequency,-1,0.5028949545078577,0.5028949545078577,1,0
quarter_volatility2_validated,2998,2023-06-02,2023-06-12,-0.0086075595250429,2023,2022-12-31,training_frequency,-1,0.5028949545078577,0.5028949545078577,1,0
quarter_volatility2_validated,3003,2023-06-09,2023-06-19,0.0338878539347273,2023,2022-12-31,training_frequency,-1,0.5028949545078577,0.5028949545078577,1,1
quarter_volatility2_validated,3008,2023-06-16,2023-07-03,-0.026216632171098,2023,2022-12-31,training_frequency,-1,0.5028949545078577,0.5028949545078577,1,0
quarter_volatility2_validated,3016,2023-06-30,2023-07-10,-0.0030441518806006,2023,2022-12-31,training_frequency,-1,0.5028949545078577,0.5028949545078577,1,0
quarter_volatility2_validated,3021,2023-07-07,2023-07-17,0.0104280552692135,2023,2022-12-31,training_frequency,-1,0.5028949545078577,0.5028949545078577,1,1
quarter_volatility2_validated,3026,2023-07-14,2023-07-24,-0.0201642613135752,2023,2022-12-31,training_frequency,-1,0.5028949545078577,0.5028949545078577,1,0
quarter_volatility2_validated,3031,2023-07-21,2023-07-31,0.0566710925894278,2023,2022-12-31,training_frequency,-1,0.5028949545078577,0.5028949545078577,1,1
quarter_volatility2_validated,3036,2023-07-28,2023-08-07,-0.0039612927947766,2023,2022-12-31,training_frequency,-1,0.5028949545078577,0.5028949545078577,1,0
quarter_volatility2_validated,3041,2023-08-04,2023-08-14,-0.0404899362223548,2023,2022-12-31,training_frequency,-1,0.5028949545078577,0.5028949545078577,1,0
quarter_volatility2_validated,3046,2023-08-11,2023-08-21,-0.0176157088591445,2023,2022-12-31,training_frequency,-1,0.5028949545078577,0.5028949545078577,1,0
quarter_volatility2_validated,3051,2023-08-18,2023-08-28,0.0366582477081969,2023,2022-12-31,training_frequency,-1,0.5028949545078577,0.5028949545078577,1,1
quarter_volatility2_validated,3056,2023-08-25,2023-09-04,-0.025197172476384,2023,2022-12-31,training_frequency,-1,0.5028949545078577,0.5028949545078577,1,0
quarter_volatility2_validated,3061,2023-09-01,2023-09-11,-0.0189903461587886,2023,2022-12-31,training_frequency,-1,0.5028949545078577,0.5028949545078577,1,0
quarter_volatility2_validated,3066,2023-09-08,2023-09-18,-0.0111346368744954,2023,2022-12-31,training_frequency,-1,0.5028949545078577,0.5028949545078577,1,0
quarter_volatility2_validated,3071,2023-09-15,2023-09-25,0.0105787349314532,2023,2022-12-31,training_frequency,-1,0.5028949545078577,0.5028949545078577,1,1
quarter_volatility2_validated,3076,2023-09-22,2023-10-16,-0.0198017153282719,2023,2022-12-31,training_frequency,-1,0.5028949545078577,0.5028949545078577,1,0
quarter_volatility2_validated,3085,2023-10-13,2023-10-23,-0.0447156690429144,2023,2022-12-31,training_frequency,-1,0.5028949545078577,0.5028949545078577,1,0
quarter_volatility2_validated,3090,2023-10-20,2023-10-30,0.0154019770298841,2023,2022-12-31,training_frequency,-1,0.5028949545078577,0.5028949545078577,1,1
quarter_volatility2_validated,3095,2023-10-27,2023-11-06,0.0152527637017425,2023,2022-12-31,training_frequency,-1,0.5028949545078577,0.5028949545078577,1,1
quarter_volatility2_validated,3100,2023-11-03,2023-11-13,-0.0039935482440582,2023,2022-12-31,training_frequency,-1,0.5028949545078577,0.5028949545078577,1,0
quarter_volatility2_validated,3105,2023-11-10,2023-11-20,-0.0067280482816765,2023,2022-12-31,training_frequency,-1,0.5028949545078577,0.5028949545078577,1,0
quarter_volatility2_validated,3110,2023-11-17,2023-11-27,-0.0098859017348651,2023,2022-12-31,training_frequency,-1,0.5028949545078577,0.5028949545078577,1,0
quarter_volatility2_validated,3115,2023-11-24,2023-12-04,-0.0151084754586299,2023,2022-12-31,training_frequency,-1,0.5028949545078577,0.5028949545078577,1,0
quarter_volatility2_validated,3120,2023-12-01,2023-12-11,-0.0295859857973478,2023,2022-12-31,training_frequency,-1,0.5028949545078577,0.5028949545078577,1,0
quarter_volatility2_validated,3125,2023-12-08,2023-12-18,-0.0144639658974852,2023,2022-12-31,training_frequency,-1,0.5028949545078577,0.5028949545078577,1,0
quarter_volatility2_validated,3130,2023-12-15,2023-12-25,0.0003424256350643,2023,2022-12-31,training_frequency,-1,0.5028949545078577,0.5028949545078577,1,1
quarter_volatility2_validated,3135,2023-12-22,2024-01-02,0.0288079559683274,2023,2022-12-31,training_frequency,-1,0.5028949545078577,0.5028949545078577,1,1
quarter_volatility2_validated,3140,2023-12-29,2024-01-08,-0.0302544749829989,2023,2022-12-31,training_frequency,-1,0.5028949545078577,0.5028949545078577,1,0
quarter_volatility2_validated,2902,2023-01-06,2023-01-16,0.0198447929614133,2023,2022-12-31,native_mse,20260911,-0.0028881799476405084,,0,1
quarter_volatility2_validated,2907,2023-01-13,2023-01-30,0.0465290788350809,2023,2022-12-31,native_mse,20260911,0.002600529697082545,,1,1
quarter_volatility2_validated,2912,2023-01-20,2023-02-06,-0.0383797057844887,2023,2022-12-31,native_mse,20260911,0.009824735187562814,,1,0
quarter_volatility2_validated,2917,2023-02-03,2023-02-13,-0.0012061903149008,2023,2022-12-31,native_mse,20260911,0.001758336799202022,,1,0
quarter_volatility2_validated,2922,2023-02-10,2023-02-20,-0.0143746584432821,2023,2022-12-31,native_mse,20260911,-0.004455423490420713,,0,0
quarter_volatility2_validated,2927,2023-02-17,2023-02-27,0.0001237636016198,2023,2022-12-31,native_mse,20260911,-0.004320463721841919,,0,1
quarter_volatility2_validated,2932,2023-02-24,2023-03-06,0.0224454641303217,2023,2022-12-31,native_mse,20260911,0.007109894584169036,,1,1
quarter_volatility2_validated,2937,2023-03-03,2023-03-13,-0.0407900947678007,2023,2022-12-31,native_mse,20260911,0.012121075090535267,,1,0
quarter_volatility2_validated,2942,2023-03-10,2023-03-20,5.0471402903706775e-06,2023,2022-12-31,native_mse,20260911,-0.0015684618293498606,,0,1
quarter_volatility2_validated,2947,2023-03-17,2023-03-27,0.015302852124583,2023,2022-12-31,native_mse,20260911,-0.00455123687690783,,0,1
quarter_volatility2_validated,2952,2023-03-24,2023-04-03,0.0090274153058433,2023,2022-12-31,native_mse,20260911,-0.0032713642765306557,,0,1
quarter_volatility2_validated,2957,2023-03-31,2023-04-10,0.0178317182396383,2023,2022-12-31,native_mse,20260911,0.009972413917103892,,1,1
quarter_volatility2_validated,2961,2023-04-07,2023-04-17,-0.0101500238382772,2023,2022-12-31,native_mse,20260911,0.007806808930188104,,1,0
quarter_volatility2_validated,2966,2023-04-14,2023-04-24,-0.014368947230732,2023,2022-12-31,native_mse,20260911,0.007226249329863683,,1,0
quarter_volatility2_validated,2971,2023-04-21,2023-05-04,-0.0044228908788729,2023,2022-12-31,native_mse,20260911,-0.0024232716039148286,,0,0
quarter_volatility2_validated,2976,2023-04-28,2023-05-10,0.0036477163153083,2023,2022-12-31,native_mse,20260911,-0.003907239624967295,,0,1
quarter_volatility2_validated,2978,2023-05-05,2023-05-15,-0.0221642407977935,2023,2022-12-31,native_mse,20260911,-0.0031947009428460477,,0,0
quarter_volatility2_validated,2983,2023-05-12,2023-05-22,0.0005509250208819,2023,2022-12-31,native_mse,20260911,0.003981441571850173,,1,1
quarter_volatility2_validated,2988,2023-05-19,2023-05-29,-0.0200253742704897,2023,2022-12-31,native_mse,20260911,0.01107004322684732,,1,0
quarter_volatility2_validated,2993,2023-05-26,2023-06-05,-0.0003935703040848,2023,2022-12-31,native_mse,20260911,0.004560043069480671,,1,0
quarter_volatility2_validated,2998,2023-06-02,2023-06-12,-0.0086075595250429,2023,2022-12-31,native_mse,20260911,-0.0048559678058000275,,0,0
quarter_volatility2_validated,3003,2023-06-09,2023-06-19,0.0338878539347273,2023,2022-12-31,native_mse,20260911,-0.0042897134995229635,,0,1
quarter_volatility2_validated,3008,2023-06-16,2023-07-03,-0.026216632171098,2023,2022-12-31,native_mse,20260911,-0.004761761648113702,,0,0
quarter_volatility2_validated,3016,2023-06-30,2023-07-10,-0.0030441518806006,2023,2022-12-31,native_mse,20260911,0.001449000541630631,,1,0
quarter_volatility2_validated,3021,2023-07-07,2023-07-17,0.0104280552692135,2023,2022-12-31,native_mse,20260911,-0.005015012063383114,,0,1
quarter_volatility2_validated,3026,2023-07-14,2023-07-24,-0.0201642613135752,2023,2022-12-31,native_mse,20260911,-0.002212730290267345,,0,0
quarter_volatility2_validated,3031,2023-07-21,2023-07-31,0.0566710925894278,2023,2022-12-31,native_mse,20260911,-0.005112763962830667,,0,1
quarter_volatility2_validated,3036,2023-07-28,2023-08-07,-0.0039612927947766,2023,2022-12-31,native_mse,20260911,-0.0052814272148835025,,0,0
quarter_volatility2_validated,3041,2023-08-04,2023-08-14,-0.0404899362223548,2023,2022-12-31,native_mse,20260911,-0.004618211999064367,,0,0
quarter_volatility2_validated,3046,2023-08-11,2023-08-21,-0.0176157088591445,2023,2022-12-31,native_mse,20260911,0.009053312378542757,,1,0
quarter_volatility2_validated,3051,2023-08-18,2023-08-28,0.0366582477081969,2023,2022-12-31,native_mse,20260911,0.004561021250172811,,1,1
quarter_volatility2_validated,3056,2023-08-25,2023-09-04,-0.025197172476384,2023,2022-12-31,native_mse,20260911,-0.0025275908526821967,,0,0
quarter_volatility2_validated,3061,2023-09-01,2023-09-11,-0.0189903461587886,2023,2022-12-31,native_mse,20260911,-0.0049631793698849645,,0,0
quarter_volatility2_validated,3066,2023-09-08,2023-09-18,-0.0111346368744954,2023,2022-12-31,native_mse,20260911,0.00680202581529956,,1,0
quarter_volatility2_validated,3071,2023-09-15,2023-09-25,0.0105787349314532,2023,2022-12-31,native_mse,20260911,0.008596091481564963,,1,1
quarter_volatility2_validated,3076,2023-09-22,2023-10-16,-0.0198017153282719,2023,2022-12-31,native_mse,20260911,-0.0031471179155324424,,0,0
quarter_volatility2_validated,3085,2023-10-13,2023-10-23,-0.0447156690429144,2023,2022-12-31,native_mse,20260911,-0.004148291730857776,,0,0
quarter_volatility2_validated,3090,2023-10-20,2023-10-30,0.0154019770298841,2023,2022-12-31,native_mse,20260911,-0.005712800982170543,,0,1
quarter_volatility2_validated,3095,2023-10-27,2023-11-06,0.0152527637017425,2023,2022-12-31,native_mse,20260911,-0.0033253387808900993,,0,1
quarter_volatility2_validated,3100,2023-11-03,2023-11-13,-0.0039935482440582,2023,2022-12-31,native_mse,20260911,-0.0006739370262628165,,0,0
quarter_volatility2_validated,3105,2023-11-10,2023-11-20,-0.0067280482816765,2023,2022-12-31,native_mse,20260911,-0.004003258050664914,,0,0
quarter_volatility2_validated,3110,2023-11-17,2023-11-27,-0.0098859017348651,2023,2022-12-31,native_mse,20260911,-0.003231557067429336,,0,0
quarter_volatility2_validated,3115,2023-11-24,2023-12-04,-0.0151084754586299,2023,2022-12-31,native_mse,20260911,-0.003968465813336381,,0,0
quarter_volatility2_validated,3120,2023-12-01,2023-12-11,-0.0295859857973478,2023,2022-12-31,native_mse,20260911,-0.004170192617569334,,0,0
quarter_volatility2_validated,3125,2023-12-08,2023-12-18,-0.0144639658974852,2023,2022-12-31,native_mse,20260911,-0.004708072283208354,,0,0
quarter_volatility2_validated,3130,2023-12-15,2023-12-25,0.0003424256350643,2023,2022-12-31,native_mse,20260911,-0.005014383450601872,,0,1
quarter_volatility2_validated,3135,2023-12-22,2024-01-02,0.0288079559683274,2023,2022-12-31,native_mse,20260911,-0.005140476035149425,,0,1
quarter_volatility2_validated,3140,2023-12-29,2024-01-08,-0.0302544749829989,2023,2022-12-31,native_mse,20260911,-0.0034098597743402285,,0,0
quarter_volatility2_validated,2902,2023-01-06,2023-01-16,0.0198447929614133,2023,2022-12-31,native_mse,20260912,0.0004281627694943007,,1,1
quarter_volatility2_validated,2907,2023-01-13,2023-01-30,0.0465290788350809,2023,2022-12-31,native_mse,20260912,4.2102919401855305e-05,,1,1
quarter_volatility2_validated,2912,2023-01-20,2023-02-06,-0.0383797057844887,2023,2022-12-31,native_mse,20260912,0.0010967633118809882,,1,0
quarter_volatility2_validated,2917,2023-02-03,2023-02-13,-0.0012061903149008,2023,2022-12-31,native_mse,20260912,0.0008747039967658528,,1,0
quarter_volatility2_validated,2922,2023-02-10,2023-02-20,-0.0143746584432821,2023,2022-12-31,native_mse,20260912,0.0001818132935792269,,1,0
quarter_volatility2_validated,2927,2023-02-17,2023-02-27,0.0001237636016198,2023,2022-12-31,native_mse,20260912,0.00010126624081480557,,1,1
quarter_volatility2_validated,2932,2023-02-24,2023-03-06,0.0224454641303217,2023,2022-12-31,native_mse,20260912,0.000782385799644381,,1,1
quarter_volatility2_validated,2937,2023-03-03,2023-03-13,-0.0407900947678007,2023,2022-12-31,native_mse,20260912,0.00040350503591383166,,1,0
quarter_volatility2_validated,2942,2023-03-10,2023-03-20,5.0471402903706775e-06,2023,2022-12-31,native_mse,20260912,0.00023517524465769396,,1,1
quarter_volatility2_validated,2947,2023-03-17,2023-03-27,0.015302852124583,2023,2022-12-31,native_mse,20260912,-0.0005550490015326846,,0,1
quarter_volatility2_validated,2952,2023-03-24,2023-04-03,0.0090274153058433,2023,2022-12-31,native_mse,20260912,0.0004555071806066471,,1,1
quarter_volatility2_validated,2957,2023-03-31,2023-04-10,0.0178317182396383,2023,2022-12-31,native_mse,20260912,0.0006137448037054246,,1,1
quarter_volatility2_validated,2961,2023-04-07,2023-04-17,-0.0101500238382772,2023,2022-12-31,native_mse,20260912,0.0007714668086940345,,1,0
quarter_volatility2_validated,2966,2023-04-14,2023-04-24,-0.014368947230732,2023,2022-12-31,native_mse,20260912,0.0006120128536014287,,1,0
quarter_volatility2_validated,2971,2023-04-21,2023-05-04,-0.0044228908788729,2023,2022-12-31,native_mse,20260912,0.0004168718728952876,,1,0
quarter_volatility2_validated,2976,2023-04-28,2023-05-10,0.0036477163153083,2023,2022-12-31,native_mse,20260912,0.0007975995131662927,,1,1
quarter_volatility2_validated,2978,2023-05-05,2023-05-15,-0.0221642407977935,2023,2022-12-31,native_mse,20260912,3.748499343571029e-05,,1,0
quarter_volatility2_validated,2983,2023-05-12,2023-05-22,0.0005509250208819,2023,2022-12-31,native_mse,20260912,0.00013564688457888487,,1,1
quarter_volatility2_validated,2988,2023-05-19,2023-05-29,-0.0200253742704897,2023,2022-12-31,native_mse,20260912,0.0006049797039520234,,1,0
quarter_volatility2_validated,2993,2023-05-26,2023-06-05,-0.0003935703040848,2023,2022-12-31,native_mse,20260912,5.080512794837295e-05,,1,0
quarter_volatility2_validated,2998,2023-06-02,2023-06-12,-0.0086075595250429,2023,2022-12-31,native_mse,20260912,-0.0003527596454530836,,0,0
quarter_volatility2_validated,3003,2023-06-09,2023-06-19,0.0338878539347273,2023,2022-12-31,native_mse,20260912,-0.0004629538008774116,,0,1
quarter_volatility2_validated,3008,2023-06-16,2023-07-03,-0.026216632171098,2023,2022-12-31,native_mse,20260912,-0.0003413110242915335,,0,0
quarter_volatility2_validated,3016,2023-06-30,2023-07-10,-0.0030441518806006,2023,2022-12-31,native_mse,20260912,0.0003431408638381007,,1,0
quarter_volatility2_validated,3021,2023-07-07,2023-07-17,0.0104280552692135,2023,2022-12-31,native_mse,20260912,0.000814771057302496,,1,1
quarter_volatility2_validated,3026,2023-07-14,2023-07-24,-0.0201642613135752,2023,2022-12-31,native_mse,20260912,0.0006501402430561996,,1,0
quarter_volatility2_validated,3031,2023-07-21,2023-07-31,0.0566710925894278,2023,2022-12-31,native_mse,20260912,2.5045124957704355e-05,,1,1
quarter_volatility2_validated,3036,2023-07-28,2023-08-07,-0.0039612927947766,2023,2022-12-31,native_mse,20260912,0.00047471401642830695,,1,0
quarter_volatility2_validated,3041,2023-08-04,2023-08-14,-0.0404899362223548,2023,2022-12-31,native_mse,20260912,0.0008553072765691807,,1,0
quarter_volatility2_validated,3046,2023-08-11,2023-08-21,-0.0176157088591445,2023,2022-12-31,native_mse,20260912,0.0015027086256146451,,1,0
quarter_volatility2_validated,3051,2023-08-18,2023-08-28,0.0366582477081969,2023,2022-12-31,native_mse,20260912,0.0006099353623650846,,1,1
quarter_volatility2_validated,3056,2023-08-25,2023-09-04,-0.025197172476384,2023,2022-12-31,native_mse,20260912,0.00044421971221099443,,1,0
quarter_volatility2_validated,3061,2023-09-01,2023-09-11,-0.0189903461587886,2023,2022-12-31,native_mse,20260912,-0.0002025361551160587,,0,0
quarter_volatility2_validated,3066,2023-09-08,2023-09-18,-0.0111346368744954,2023,2022-12-31,native_mse,20260912,0.00041052847232038274,,1,0
quarter_volatility2_validated,3071,2023-09-15,2023-09-25,0.0105787349314532,2023,2022-12-31,native_mse,20260912,0.0001624781603077036,,1,1
quarter_volatility2_validated,3076,2023-09-22,2023-10-16,-0.0198017153282719,2023,2022-12-31,native_mse,20260912,-2.0047557486308507e-05,,0,0
quarter_volatility2_validated,3085,2023-10-13,2023-10-23,-0.0447156690429144,2023,2022-12-31,native_mse,20260912,-7.666747850147154e-05,,0,0
quarter_volatility2_validated,3090,2023-10-20,2023-10-30,0.0154019770298841,2023,2022-12-31,native_mse,20260912,0.00029732197364893017,,1,1
quarter_volatility2_validated,3095,2023-10-27,2023-11-06,0.0152527637017425,2023,2022-12-31,native_mse,20260912,0.0012245039371740986,,1,1
quarter_volatility2_validated,3100,2023-11-03,2023-11-13,-0.0039935482440582,2023,2022-12-31,native_mse,20260912,0.00041856415378897153,,1,0
quarter_volatility2_validated,3105,2023-11-10,2023-11-20,-0.0067280482816765,2023,2022-12-31,native_mse,20260912,0.00022000524072862617,,1,0
quarter_volatility2_validated,3110,2023-11-17,2023-11-27,-0.0098859017348651,2023,2022-12-31,native_mse,20260912,-0.00011003873914113989,,0,0
quarter_volatility2_validated,3115,2023-11-24,2023-12-04,-0.0151084754586299,2023,2022-12-31,native_mse,20260912,0.0006004861455855604,,1,0
quarter_volatility2_validated,3120,2023-12-01,2023-12-11,-0.0295859857973478,2023,2022-12-31,native_mse,20260912,9.164477722239853e-05,,1,0
quarter_volatility2_validated,3125,2023-12-08,2023-12-18,-0.0144639658974852,2023,2022-12-31,native_mse,20260912,0.0003716320497864135,,1,0
quarter_volatility2_validated,3130,2023-12-15,2023-12-25,0.0003424256350643,2023,2022-12-31,native_mse,20260912,0.0007186720416179463,,1,1
quarter_volatility2_validated,3135,2023-12-22,2024-01-02,0.0288079559683274,2023,2022-12-31,native_mse,20260912,0.00031752353260434155,,1,1
quarter_volatility2_validated,3140,2023-12-29,2024-01-08,-0.0302544749829989,2023,2022-12-31,native_mse,20260912,-5.293223214677527e-06,,0,0
quarter_volatility2_validated,3144,2024-01-05,2024-01-15,-0.0158038409563566,2024,2023-12-31,native_mse,20260910,0.000251131835275678,,1,0
quarter_volatility2_validated,3149,2024-01-12,2024-01-22,-0.002333261979756,2024,2023-12-31,native_mse,20260910,0.0007362057214049004,,1,0
quarter_volatility2_validated,3154,2024-01-19,2024-01-29,0.0223511633823452,2024,2023-12-31,native_mse,20260910,-0.00023540604600351487,,0,1
quarter_volatility2_validated,3159,2024-01-26,2024-02-05,-0.0513103415192826,2024,2023-12-31,native_mse,20260910,-0.001531436704987099,,0,0
quarter_volatility2_validated,3164,2024-02-02,2024-02-26,0.1015374891364462,2024,2023-12-31,native_mse,20260910,0.004796229141878599,,1,1
quarter_volatility2_validated,3173,2024-02-23,2024-03-04,0.0151569053862528,2024,2023-12-31,native_mse,20260910,0.005981439448417525,,1,1
quarter_volatility2_validated,3178,2024-03-01,2024-03-11,0.0021394031715169,2024,2023-12-31,native_mse,20260910,0.002923079585146593,,1,1
quarter_volatility2_validated,3183,2024-03-08,2024-03-18,0.0087762342284414,2024,2023-12-31,native_mse,20260910,0.004534858645957669,,1,1
quarter_volatility2_validated,3188,2024-03-15,2024-03-25,-0.0112802133595746,2024,2023-12-31,native_mse,20260910,0.004141952477981538,,1,0
quarter_volatility2_validated,3193,2024-03-22,2024-04-01,0.0042044725182444,2024,2023-12-31,native_mse,20260910,0.0018727898596620025,,1,1
quarter_volatility2_validated,3198,2024-03-29,2024-04-15,-0.0219845815102011,2024,2023-12-31,native_mse,20260910,0.0003645787473085561,,1,0
quarter_volatility2_validated,3206,2024-04-12,2024-04-22,0.018045199366633,2024,2023-12-31,native_mse,20260910,-0.00021832918624461518,,0,1
quarter_volatility2_validated,3211,2024-04-19,2024-04-29,0.0136757744232476,2024,2023-12-31,native_mse,20260910,0.0005323002819172812,,1,1
quarter_volatility2_validated,3216,2024-04-26,2024-05-13,0.0172434956786644,2024,2023-12-31,native_mse,20260910,-0.00014728683736751251,,0,1
quarter_volatility2_validated,3223,2024-05-10,2024-05-20,0.0097933549988344,2024,2023-12-31,native_mse,20260910,0.0004133340837300701,,1,1
quarter_volatility2_validated,3228,2024-05-17,2024-05-27,-0.0204803832637164,2024,2023-12-31,native_mse,20260910,0.0036262081384896457,,1,0
quarter_volatility2_validated,3233,2024-05-24,2024-06-03,-0.0081155643048258,2024,2023-12-31,native_mse,20260910,0.0049904247327292855,,1,0
quarter_volatility2_validated,3238,2024-05-31,2024-06-11,-0.0060267570121149,2024,2023-12-31,native_mse,20260910,0.0040244113389711345,,1,0
quarter_volatility2_validated,3243,2024-06-07,2024-06-17,-0.0096686558937179,2024,2023-12-31,native_mse,20260910,0.008609928356971403,,1,0
quarter_volatility2_validated,3247,2024-06-14,2024-06-24,-0.013573992457631,2024,2023-12-31,native_mse,20260910,0.008961501129694911,,1,0
quarter_volatility2_validated,3252,2024-06-21,2024-07-01,-0.004427632109257,2024,2023-12-31,native_mse,20260910,0.0009177608055072099,,1,0
quarter_volatility2_validated,3257,2024-06-28,2024-07-08,-0.0108320369203009,2024,2023-12-31,native_mse,20260910,0.0030020981914033497,,1,0
quarter_volatility2_validated,3262,2024-07-05,2024-07-15,0.0122222871842843,2024,2023-12-31,native_mse,20260910,0.00336049012064386,,1,1
quarter_volatility2_validated,3267,2024-07-12,2024-07-22,0.0218881133018156,2024,2023-12-31,native_mse,20260910,-0.0006421845267103974,,0,1
quarter_volatility2_validated,3272,2024-07-19,2024-07-29,-0.0378787022382998,2024,2023-12-31,native_mse,20260910,0.0004540341648428114,,1,0
quarter_volatility2_validated,3277,2024-07-26,2024-08-05,-0.0124134568216732,2024,2023-12-31,native_mse,20260910,0.0013231998081271626,,1,0
quarter_volatility2_validated,3282,2024-08-02,2024-08-12,-0.0102762848330364,2024,2023-12-31,native_mse,20260910,0.001303372172405589,,1,0
quarter_volatility2_validated,3287,2024-08-09,2024-08-19,0.0050186923751938,2024,2023-12-31,native_mse,20260910,0.00011119162293128984,,1,1
quarter_volatility2_validated,3292,2024-08-16,2024-08-26,-0.0040487282687352,2024,2023-12-31,native_mse,20260910,0.0014903087569155989,,1,0
quarter_volatility2_validated,3297,2024-08-23,2024-09-02,-0.0069594562136714,2024,2023-12-31,native_mse,20260910,-0.0030751570665977007,,0,0
quarter_volatility2_validated,3302,2024-08-30,2024-09-09,-0.0280389655151561,2024,2023-12-31,native_mse,20260910,-0.003508085985855703,,0,0
quarter_volatility2_validated,3307,2024-09-06,2024-09-18,-0.0174132138857783,2024,2023-12-31,native_mse,20260910,-0.0025693655960970898,,0,0
quarter_volatility2_validated,3312,2024-09-13,2024-09-24,0.0133119329369826,2024,2023-12-31,native_mse,20260910,0.00017194356388446877,,1,1
quarter_volatility2_validated,3315,2024-09-20,2024-09-30,0.2017513988384409,2024,2023-12-31,native_mse,20260910,0.0007791555801138394,,1,1
quarter_volatility2_validated,3320,2024-09-27,2024-10-14,0.0178259004588408,2024,2023-12-31,native_mse,20260910,0.0007616530796663938,,1,1
quarter_volatility2_validated,3325,2024-10-11,2024-10-21,0.0080914993282625,2024,2023-12-31,native_mse,20260910,-0.0026429925872939004,,0,1
quarter_volatility2_validated,3330,2024-10-18,2024-10-28,0.0015733867085561,2024,2023-12-31,native_mse,20260910,-0.004083051697418182,,0,1
quarter_volatility2_validated,3335,2024-10-25,2024-11-04,-0.0140142824257356,2024,2023-12-31,native_mse,20260910,-0.003618447449131282,,0,0
quarter_volatility2_validated,3340,2024-11-01,2024-11-11,0.0434152361258277,2024,2023-12-31,native_mse,20260910,-0.0042863223001300965,,0,1
quarter_volatility2_validated,3345,2024-11-08,2024-11-18,-0.0208584853931589,2024,2023-12-31,native_mse,20260910,-0.0028591792362593097,,0,0
quarter_volatility2_validated,3350,2024-11-15,2024-11-25,-0.0267421712161923,2024,2023-12-31,native_mse,20260910,-0.0017028092388012967,,0,0
quarter_volatility2_validated,3355,2024-11-22,2024-12-02,0.0087960346887328,2024,2023-12-31,native_mse,20260910,-0.0009456406767515755,,0,1
quarter_volatility2_validated,3360,2024-11-29,2024-12-09,0.0155919891551781,2024,2023-12-31,native_mse,20260910,-0.0002599534945060551,,0,1
quarter_volatility2_validated,3365,2024-12-06,2024-12-16,-0.0100436703218104,2024,2023-12-31,native_mse,20260910,0.0007542474780432574,,1,0
quarter_volatility2_validated,3370,2024-12-13,2024-12-23,-0.0006690784017421,2024,2023-12-31,native_mse,20260910,-0.0007125951992407705,,0,0
quarter_volatility2_validated,3375,2024-12-20,2024-12-30,0.0123595076562756,2024,2023-12-31,native_mse,20260910,-0.0012475930255920083,,0,1
quarter_volatility2_validated,3380,2024-12-27,2025-01-06,-0.0504714964669198,2024,2023-12-31,native_mse,20260910,-0.00024548952899875387,,0,0
quarter_volatility2_validated,3144,2024-01-05,2024-01-15,-0.0158038409563566,2024,2023-12-31,training_frequency,-1,0.5024834437086093,0.5024834437086093,1,0
quarter_volatility2_validated,3149,2024-01-12,2024-01-22,-0.002333261979756,2024,2023-12-31,training_frequency,-1,0.5024834437086093,0.5024834437086093,1,0
quarter_volatility2_validated,3154,2024-01-19,2024-01-29,0.0223511633823452,2024,2023-12-31,training_frequency,-1,0.5024834437086093,0.5024834437086093,1,1
quarter_volatility2_validated,3159,2024-01-26,2024-02-05,-0.0513103415192826,2024,2023-12-31,training_frequency,-1,0.5024834437086093,0.5024834437086093,1,0
quarter_volatility2_validated,3164,2024-02-02,2024-02-26,0.1015374891364462,2024,2023-12-31,training_frequency,-1,0.5024834437086093,0.5024834437086093,1,1
quarter_volatility2_validated,3173,2024-02-23,2024-03-04,0.0151569053862528,2024,2023-12-31,training_frequency,-1,0.5024834437086093,0.5024834437086093,1,1
quarter_volatility2_validated,3178,2024-03-01,2024-03-11,0.0021394031715169,2024,2023-12-31,training_frequency,-1,0.5024834437086093,0.5024834437086093,1,1
quarter_volatility2_validated,3183,2024-03-08,2024-03-18,0.0087762342284414,2024,2023-12-31,training_frequency,-1,0.5024834437086093,0.5024834437086093,1,1
quarter_volatility2_validated,3188,2024-03-15,2024-03-25,-0.0112802133595746,2024,2023-12-31,training_frequency,-1,0.5024834437086093,0.5024834437086093,1,0
quarter_volatility2_validated,3193,2024-03-22,2024-04-01,0.0042044725182444,2024,2023-12-31,training_frequency,-1,0.5024834437086093,0.5024834437086093,1,1
quarter_volatility2_validated,3198,2024-03-29,2024-04-15,-0.0219845815102011,2024,2023-12-31,training_frequency,-1,0.5024834437086093,0.5024834437086093,1,0
quarter_volatility2_validated,3206,2024-04-12,2024-04-22,0.018045199366633,2024,2023-12-31,training_frequency,-1,0.5024834437086093,0.5024834437086093,1,1
quarter_volatility2_validated,3211,2024-04-19,2024-04-29,0.0136757744232476,2024,2023-12-31,training_frequency,-1,0.5024834437086093,0.5024834437086093,1,1
quarter_volatility2_validated,3216,2024-04-26,2024-05-13,0.0172434956786644,2024,2023-12-31,training_frequency,-1,0.5024834437086093,0.5024834437086093,1,1
quarter_volatility2_validated,3223,2024-05-10,2024-05-20,0.0097933549988344,2024,2023-12-31,training_frequency,-1,0.5024834437086093,0.5024834437086093,1,1
quarter_volatility2_validated,3228,2024-05-17,2024-05-27,-0.0204803832637164,2024,2023-12-31,training_frequency,-1,0.5024834437086093,0.5024834437086093,1,0
quarter_volatility2_validated,3233,2024-05-24,2024-06-03,-0.0081155643048258,2024,2023-12-31,training_frequency,-1,0.5024834437086093,0.5024834437086093,1,0
quarter_volatility2_validated,3238,2024-05-31,2024-06-11,-0.0060267570121149,2024,2023-12-31,training_frequency,-1,0.5024834437086093,0.5024834437086093,1,0
quarter_volatility2_validated,3243,2024-06-07,2024-06-17,-0.0096686558937179,2024,2023-12-31,training_frequency,-1,0.5024834437086093,0.5024834437086093,1,0
quarter_volatility2_validated,3247,2024-06-14,2024-06-24,-0.013573992457631,2024,2023-12-31,training_frequency,-1,0.5024834437086093,0.5024834437086093,1,0
quarter_volatility2_validated,3252,2024-06-21,2024-07-01,-0.004427632109257,2024,2023-12-31,training_frequency,-1,0.5024834437086093,0.5024834437086093,1,0
quarter_volatility2_validated,3257,2024-06-28,2024-07-08,-0.0108320369203009,2024,2023-12-31,training_frequency,-1,0.5024834437086093,0.5024834437086093,1,0
quarter_volatility2_validated,3262,2024-07-05,2024-07-15,0.0122222871842843,2024,2023-12-31,training_frequency,-1,0.5024834437086093,0.5024834437086093,1,1
quarter_volatility2_validated,3267,2024-07-12,2024-07-22,0.0218881133018156,2024,2023-12-31,training_frequency,-1,0.5024834437086093,0.5024834437086093,1,1
quarter_volatility2_validated,3272,2024-07-19,2024-07-29,-0.0378787022382998,2024,2023-12-31,training_frequency,-1,0.5024834437086093,0.5024834437086093,1,0
quarter_volatility2_validated,3277,2024-07-26,2024-08-05,-0.0124134568216732,2024,2023-12-31,training_frequency,-1,0.5024834437086093,0.5024834437086093,1,0
quarter_volatility2_validated,3282,2024-08-02,2024-08-12,-0.0102762848330364,2024,2023-12-31,training_frequency,-1,0.5024834437086093,0.5024834437086093,1,0
quarter_volatility2_validated,3287,2024-08-09,2024-08-19,0.0050186923751938,2024,2023-12-31,training_frequency,-1,0.5024834437086093,0.5024834437086093,1,1
quarter_volatility2_validated,3292,2024-08-16,2024-08-26,-0.0040487282687352,2024,2023-12-31,training_frequency,-1,0.5024834437086093,0.5024834437086093,1,0
quarter_volatility2_validated,3297,2024-08-23,2024-09-02,-0.0069594562136714,2024,2023-12-31,training_frequency,-1,0.5024834437086093,0.5024834437086093,1,0
quarter_volatility2_validated,3302,2024-08-30,2024-09-09,-0.0280389655151561,2024,2023-12-31,training_frequency,-1,0.5024834437086093,0.5024834437086093,1,0
quarter_volatility2_validated,3307,2024-09-06,2024-09-18,-0.0174132138857783,2024,2023-12-31,training_frequency,-1,0.5024834437086093,0.5024834437086093,1,0
quarter_volatility2_validated,3312,2024-09-13,2024-09-24,0.0133119329369826,2024,2023-12-31,training_frequency,-1,0.5024834437086093,0.5024834437086093,1,1
quarter_volatility2_validated,3315,2024-09-20,2024-09-30,0.2017513988384409,2024,2023-12-31,training_frequency,-1,0.5024834437086093,0.5024834437086093,1,1
quarter_volatility2_validated,3320,2024-09-27,2024-10-14,0.0178259004588408,2024,2023-12-31,training_frequency,-1,0.5024834437086093,0.5024834437086093,1,1
quarter_volatility2_validated,3325,2024-10-11,2024-10-21,0.0080914993282625,2024,2023-12-31,training_frequency,-1,0.5024834437086093,0.5024834437086093,1,1
quarter_volatility2_validated,3330,2024-10-18,2024-10-28,0.0015733867085561,2024,2023-12-31,training_frequency,-1,0.5024834437086093,0.5024834437086093,1,1
quarter_volatility2_validated,3335,2024-10-25,2024-11-04,-0.0140142824257356,2024,2023-12-31,training_frequency,-1,0.5024834437086093,0.5024834437086093,1,0
quarter_volatility2_validated,3340,2024-11-01,2024-11-11,0.0434152361258277,2024,2023-12-31,training_frequency,-1,0.5024834437086093,0.5024834437086093,1,1
quarter_volatility2_validated,3345,2024-11-08,2024-11-18,-0.0208584853931589,2024,2023-12-31,training_frequency,-1,0.5024834437086093,0.5024834437086093,1,0
quarter_volatility2_validated,3350,2024-11-15,2024-11-25,-0.0267421712161923,2024,2023-12-31,training_frequency,-1,0.5024834437086093,0.5024834437086093,1,0
quarter_volatility2_validated,3355,2024-11-22,2024-12-02,0.0087960346887328,2024,2023-12-31,training_frequency,-1,0.5024834437086093,0.5024834437086093,1,1
quarter_volatility2_validated,3360,2024-11-29,2024-12-09,0.0155919891551781,2024,2023-12-31,training_frequency,-1,0.5024834437086093,0.5024834437086093,1,1
quarter_volatility2_validated,3365,2024-12-06,2024-12-16,-0.0100436703218104,2024,2023-12-31,training_frequency,-1,0.5024834437086093,0.5024834437086093,1,0
quarter_volatility2_validated,3370,2024-12-13,2024-12-23,-0.0006690784017421,2024,2023-12-31,training_frequency,-1,0.5024834437086093,0.5024834437086093,1,0
quarter_volatility2_validated,3375,2024-12-20,2024-12-30,0.0123595076562756,2024,2023-12-31,training_frequency,-1,0.5024834437086093,0.5024834437086093,1,1
quarter_volatility2_validated,3380,2024-12-27,2025-01-06,-0.0504714964669198,2024,2023-12-31,training_frequency,-1,0.5024834437086093,0.5024834437086093,1,0
quarter_volatility2_validated,3144,2024-01-05,2024-01-15,-0.0158038409563566,2024,2023-12-31,native_mse,20260911,0.006524465736805172,,1,0
quarter_volatility2_validated,3149,2024-01-12,2024-01-22,-0.002333261979756,2024,2023-12-31,native_mse,20260911,0.008213225375018137,,1,0
quarter_volatility2_validated,3154,2024-01-19,2024-01-29,0.0223511633823452,2024,2023-12-31,native_mse,20260911,0.009988969845384454,,1,1
quarter_volatility2_validated,3159,2024-01-26,2024-02-05,-0.0513103415192826,2024,2023-12-31,native_mse,20260911,0.007709942184731473,,1,0
quarter_volatility2_validated,3164,2024-02-02,2024-02-26,0.1015374891364462,2024,2023-12-31,native_mse,20260911,0.006449485928463916,,1,1
quarter_volatility2_validated,3173,2024-02-23,2024-03-04,0.0151569053862528,2024,2023-12-31,native_mse,20260911,0.010256530380527457,,1,1
quarter_volatility2_validated,3178,2024-03-01,2024-03-11,0.0021394031715169,2024,2023-12-31,native_mse,20260911,0.00705766649461919,,1,1
quarter_volatility2_validated,3183,2024-03-08,2024-03-18,0.0087762342284414,2024,2023-12-31,native_mse,20260911,0.008632918878357794,,1,1
quarter_volatility2_validated,3188,2024-03-15,2024-03-25,-0.0112802133595746,2024,2023-12-31,native_mse,20260911,0.004101422624994645,,1,0
quarter_volatility2_validated,3193,2024-03-22,2024-04-01,0.0042044725182444,2024,2023-12-31,native_mse,20260911,0.0049895841353934664,,1,1
quarter_volatility2_validated,3198,2024-03-29,2024-04-15,-0.0219845815102011,2024,2023-12-31,native_mse,20260911,0.0016010611409444046,,1,0
quarter_volatility2_validated,3206,2024-04-12,2024-04-22,0.018045199366633,2024,2023-12-31,native_mse,20260911,0.001857502186560773,,1,1
quarter_volatility2_validated,3211,2024-04-19,2024-04-29,0.0136757744232476,2024,2023-12-31,native_mse,20260911,0.009651811290201222,,1,1
quarter_volatility2_validated,3216,2024-04-26,2024-05-13,0.0172434956786644,2024,2023-12-31,native_mse,20260911,0.005960111287081512,,1,1
quarter_volatility2_validated,3223,2024-05-10,2024-05-20,0.0097933549988344,2024,2023-12-31,native_mse,20260911,-0.004933376296222066,,0,1
quarter_volatility2_validated,3228,2024-05-17,2024-05-27,-0.0204803832637164,2024,2023-12-31,native_mse,20260911,-0.003099362011607103,,0,0
quarter_volatility2_validated,3233,2024-05-24,2024-06-03,-0.0081155643048258,2024,2023-12-31,native_mse,20260911,-0.0038744398417857777,,0,0
quarter_volatility2_validated,3238,2024-05-31,2024-06-11,-0.0060267570121149,2024,2023-12-31,native_mse,20260911,-0.0020292253039693184,,0,0
quarter_volatility2_validated,3243,2024-06-07,2024-06-17,-0.0096686558937179,2024,2023-12-31,native_mse,20260911,5.7354393489387904e-05,,1,0
quarter_volatility2_validated,3247,2024-06-14,2024-06-24,-0.013573992457631,2024,2023-12-31,native_mse,20260911,0.0016373878025280563,,1,0
quarter_volatility2_validated,3252,2024-06-21,2024-07-01,-0.004427632109257,2024,2023-12-31,native_mse,20260911,0.0027588932782398315,,1,0
quarter_volatility2_validated,3257,2024-06-28,2024-07-08,-0.0108320369203009,2024,2023-12-31,native_mse,20260911,0.0032470747873102144,,1,0
quarter_volatility2_validated,3262,2024-07-05,2024-07-15,0.0122222871842843,2024,2023-12-31,native_mse,20260911,0.002652089101692747,,1,1
quarter_volatility2_validated,3267,2024-07-12,2024-07-22,0.0218881133018156,2024,2023-12-31,native_mse,20260911,0.004450330503533944,,1,1
quarter_volatility2_validated,3272,2024-07-19,2024-07-29,-0.0378787022382998,2024,2023-12-31,native_mse,20260911,-0.0012744559041647184,,0,0
quarter_volatility2_validated,3277,2024-07-26,2024-08-05,-0.0124134568216732,2024,2023-12-31,native_mse,20260911,-0.001291795834448832,,0,0
quarter_volatility2_validated,3282,2024-08-02,2024-08-12,-0.0102762848330364,2024,2023-12-31,native_mse,20260911,-0.002458562952290899,,0,0
quarter_volatility2_validated,3287,2024-08-09,2024-08-19,0.0050186923751938,2024,2023-12-31,native_mse,20260911,-0.0009352769264030156,,0,1
quarter_volatility2_validated,3292,2024-08-16,2024-08-26,-0.0040487282687352,2024,2023-12-31,native_mse,20260911,-0.0034014636043486098,,0,0
quarter_volatility2_validated,3297,2024-08-23,2024-09-02,-0.0069594562136714,2024,2023-12-31,native_mse,20260911,-0.0018665564124188876,,0,0
quarter_volatility2_validated,3302,2024-08-30,2024-09-09,-0.0280389655151561,2024,2023-12-31,native_mse,20260911,2.766314850337684e-05,,1,0
quarter_volatility2_validated,3307,2024-09-06,2024-09-18,-0.0174132138857783,2024,2023-12-31,native_mse,20260911,0.0015093996928045017,,1,0
quarter_volatility2_validated,3312,2024-09-13,2024-09-24,0.0133119329369826,2024,2023-12-31,native_mse,20260911,0.005047902673988417,,1,1
quarter_volatility2_validated,3315,2024-09-20,2024-09-30,0.2017513988384409,2024,2023-12-31,native_mse,20260911,0.006841795120835749,,1,1
quarter_volatility2_validated,3320,2024-09-27,2024-10-14,0.0178259004588408,2024,2023-12-31,native_mse,20260911,0.011643607701046107,,1,1
quarter_volatility2_validated,3325,2024-10-11,2024-10-21,0.0080914993282625,2024,2023-12-31,native_mse,20260911,0.006958055096152153,,1,1
quarter_volatility2_validated,3330,2024-10-18,2024-10-28,0.0015733867085561,2024,2023-12-31,native_mse,20260911,0.0035488889473533555,,1,1
quarter_volatility2_validated,3335,2024-10-25,2024-11-04,-0.0140142824257356,2024,2023-12-31,native_mse,20260911,-0.004087166652715301,,0,0
quarter_volatility2_validated,3340,2024-11-01,2024-11-11,0.0434152361258277,2024,2023-12-31,native_mse,20260911,-0.008879815780234165,,0,1
quarter_volatility2_validated,3345,2024-11-08,2024-11-18,-0.0208584853931589,2024,2023-12-31,native_mse,20260911,-0.0016665405141504353,,0,0
quarter_volatility2_validated,3350,2024-11-15,2024-11-25,-0.0267421712161923,2024,2023-12-31,native_mse,20260911,-0.0014397200836903515,,0,0
quarter_volatility2_validated,3355,2024-11-22,2024-12-02,0.0087960346887328,2024,2023-12-31,native_mse,20260911,-0.00394305191034785,,0,1
quarter_volatility2_validated,3360,2024-11-29,2024-12-09,0.0155919891551781,2024,2023-12-31,native_mse,20260911,-0.003787046789689023,,0,1
quarter_volatility2_validated,3365,2024-12-06,2024-12-16,-0.0100436703218104,2024,2023-12-31,native_mse,20260911,-0.0013163950781598383,,0,0
quarter_volatility2_validated,3370,2024-12-13,2024-12-23,-0.0006690784017421,2024,2023-12-31,native_mse,20260911,-0.007731413237017607,,0,0
quarter_volatility2_validated,3375,2024-12-20,2024-12-30,0.0123595076562756,2024,2023-12-31,native_mse,20260911,-0.005503589541502588,,0,1
quarter_volatility2_validated,3380,2024-12-27,2025-01-06,-0.0504714964669198,2024,2023-12-31,native_mse,20260911,0.006049137218951889,,1,0
quarter_volatility2_validated,3144,2024-01-05,2024-01-15,-0.0158038409563566,2024,2023-12-31,native_mse,20260912,0.001652613648937757,,1,0
quarter_volatility2_validated,3149,2024-01-12,2024-01-22,-0.002333261979756,2024,2023-12-31,native_mse,20260912,0.0017566823014709063,,1,0
quarter_volatility2_validated,3154,2024-01-19,2024-01-29,0.0223511633823452,2024,2023-12-31,native_mse,20260912,0.0017349357863463528,,1,1
quarter_volatility2_validated,3159,2024-01-26,2024-02-05,-0.0513103415192826,2024,2023-12-31,native_mse,20260912,0.0017756045446650414,,1,0
quarter_volatility2_validated,3164,2024-02-02,2024-02-26,0.1015374891364462,2024,2023-12-31,native_mse,20260912,0.0017702651342618495,,1,1
quarter_volatility2_validated,3173,2024-02-23,2024-03-04,0.0151569053862528,2024,2023-12-31,native_mse,20260912,0.0018705013508167863,,1,1
quarter_volatility2_validated,3178,2024-03-01,2024-03-11,0.0021394031715169,2024,2023-12-31,native_mse,20260912,0.0020966839632058165,,1,1
quarter_volatility2_validated,3183,2024-03-08,2024-03-18,0.0087762342284414,2024,2023-12-31,native_mse,20260912,0.0021229030867072935,,1,1
quarter_volatility2_validated,3188,2024-03-15,2024-03-25,-0.0112802133595746,2024,2023-12-31,native_mse,20260912,0.002169492364912302,,1,0
quarter_volatility2_validated,3193,2024-03-22,2024-04-01,0.0042044725182444,2024,2023-12-31,native_mse,20260912,0.0021346683785466035,,1,1
quarter_volatility2_validated,3198,2024-03-29,2024-04-15,-0.0219845815102011,2024,2023-12-31,native_mse,20260912,0.001970104765042201,,1,0
quarter_volatility2_validated,3206,2024-04-12,2024-04-22,0.018045199366633,2024,2023-12-31,native_mse,20260912,0.0018950666103198662,,1,1
quarter_volatility2_validated,3211,2024-04-19,2024-04-29,0.0136757744232476,2024,2023-12-31,native_mse,20260912,0.0014826942470986316,,1,1
quarter_volatility2_validated,3216,2024-04-26,2024-05-13,0.0172434956786644,2024,2023-12-31,native_mse,20260912,0.0010502698704938512,,1,1
quarter_volatility2_validated,3223,2024-05-10,2024-05-20,0.0097933549988344,2024,2023-12-31,native_mse,20260912,0.0008603132721811119,,1,1
quarter_volatility2_validated,3228,2024-05-17,2024-05-27,-0.0204803832637164,2024,2023-12-31,native_mse,20260912,0.000598359363630433,,1,0
quarter_volatility2_validated,3233,2024-05-24,2024-06-03,-0.0081155643048258,2024,2023-12-31,native_mse,20260912,0.0005736014331172037,,1,0
quarter_volatility2_validated,3238,2024-05-31,2024-06-11,-0.0060267570121149,2024,2023-12-31,native_mse,20260912,0.0005483327414548749,,1,0
quarter_volatility2_validated,3243,2024-06-07,2024-06-17,-0.0096686558937179,2024,2023-12-31,native_mse,20260912,0.000585176229140396,,1,0
quarter_volatility2_validated,3247,2024-06-14,2024-06-24,-0.013573992457631,2024,2023-12-31,native_mse,20260912,0.000605835607878555,,1,0
quarter_volatility2_validated,3252,2024-06-21,2024-07-01,-0.004427632109257,2024,2023-12-31,native_mse,20260912,0.0006286050015987623,,1,0
quarter_volatility2_validated,3257,2024-06-28,2024-07-08,-0.0108320369203009,2024,2023-12-31,native_mse,20260912,0.00064228262166844,,1,0
quarter_volatility2_validated,3262,2024-07-05,2024-07-15,0.0122222871842843,2024,2023-12-31,native_mse,20260912,0.000721007461573622,,1,1
quarter_volatility2_validated,3267,2024-07-12,2024-07-22,0.0218881133018156,2024,2023-12-31,native_mse,20260912,0.000821435978076197,,1,1
quarter_volatility2_validated,3272,2024-07-19,2024-07-29,-0.0378787022382998,2024,2023-12-31,native_mse,20260912,0.0008418861287390497,,1,0
quarter_volatility2_validated,3277,2024-07-26,2024-08-05,-0.0124134568216732,2024,2023-12-31,native_mse,20260912,0.0012675510770958798,,1,0
quarter_volatility2_validated,3282,2024-08-02,2024-08-12,-0.0102762848330364,2024,2023-12-31,native_mse,20260912,0.0015249857513458085,,1,0
quarter_volatility2_validated,3287,2024-08-09,2024-08-19,0.0050186923751938,2024,2023-12-31,native_mse,20260912,0.0015779514189250905,,1,1
quarter_volatility2_validated,3292,2024-08-16,2024-08-26,-0.0040487282687352,2024,2023-12-31,native_mse,20260912,0.0013998325080271312,,1,0
quarter_volatility2_validated,3297,2024-08-23,2024-09-02,-0.0069594562136714,2024,2023-12-31,native_mse,20260912,0.0014255873683507452,,1,0
quarter_volatility2_validated,3302,2024-08-30,2024-09-09,-0.0280389655151561,2024,2023-12-31,native_mse,20260912,0.0015330401621674865,,1,0
quarter_volatility2_validated,3307,2024-09-06,2024-09-18,-0.0174132138857783,2024,2023-12-31,native_mse,20260912,0.0015627932338450265,,1,0
quarter_volatility2_validated,3312,2024-09-13,2024-09-24,0.0133119329369826,2024,2023-12-31,native_mse,20260912,0.0015103830852308555,,1,1
quarter_volatility2_validated,3315,2024-09-20,2024-09-30,0.2017513988384409,2024,2023-12-31,native_mse,20260912,0.0015343284400254939,,1,1
quarter_volatility2_validated,3320,2024-09-27,2024-10-14,0.0178259004588408,2024,2023-12-31,native_mse,20260912,0.0015725051425186597,,1,1
quarter_volatility2_validated,3325,2024-10-11,2024-10-21,0.0080914993282625,2024,2023-12-31,native_mse,20260912,0.0019394229622847915,,1,1
quarter_volatility2_validated,3330,2024-10-18,2024-10-28,0.0015733867085561,2024,2023-12-31,native_mse,20260912,0.0021210173726156634,,1,1
quarter_volatility2_validated,3335,2024-10-25,2024-11-04,-0.0140142824257356,2024,2023-12-31,native_mse,20260912,0.0021565584052961957,,1,0
quarter_volatility2_validated,3340,2024-11-01,2024-11-11,0.0434152361258277,2024,2023-12-31,native_mse,20260912,0.002066143931918221,,1,1
quarter_volatility2_validated,3345,2024-11-08,2024-11-18,-0.0208584853931589,2024,2023-12-31,native_mse,20260912,0.0019328021834634566,,1,0
quarter_volatility2_validated,3350,2024-11-15,2024-11-25,-0.0267421712161923,2024,2023-12-31,native_mse,20260912,0.0016078398644429398,,1,0
quarter_volatility2_validated,3355,2024-11-22,2024-12-02,0.0087960346887328,2024,2023-12-31,native_mse,20260912,0.0014387624930086427,,1,1
quarter_volatility2_validated,3360,2024-11-29,2024-12-09,0.0155919891551781,2024,2023-12-31,native_mse,20260912,0.001055672591838617,,1,1
quarter_volatility2_validated,3365,2024-12-06,2024-12-16,-0.0100436703218104,2024,2023-12-31,native_mse,20260912,0.0009332123922739673,,1,0
quarter_volatility2_validated,3370,2024-12-13,2024-12-23,-0.0006690784017421,2024,2023-12-31,native_mse,20260912,0.0007303535282016855,,1,0
quarter_volatility2_validated,3375,2024-12-20,2024-12-30,0.0123595076562756,2024,2023-12-31,native_mse,20260912,0.0006347143027364932,,1,1
quarter_volatility2_validated,3380,2024-12-27,2025-01-06,-0.0504714964669198,2024,2023-12-31,native_mse,20260912,0.0004962445983289108,,1,0
quarter_volatility2_validated,3384,2025-01-03,2025-01-13,-0.0189486730632231,2025,2024-12-31,native_mse,20260910,-0.0042551962797835255,,0,0
quarter_volatility2_validated,3389,2025-01-10,2025-01-20,0.0353251773547418,2025,2024-12-31,native_mse,20260910,-0.004346017102457373,,0,1
quarter_volatility2_validated,3394,2025-01-17,2025-01-27,0.000432821422053,2025,2024-12-31,native_mse,20260910,-0.0019110835117753682,,0,1
quarter_volatility2_validated,3399,2025-01-24,2025-02-10,0.0159344898044284,2025,2024-12-31,native_mse,20260910,-0.0018767518511483509,,0,1
quarter_volatility2_validated,3403,2025-02-07,2025-02-17,0.0144454990892999,2025,2024-12-31,native_mse,20260910,-0.0005243581714439598,,0,1
quarter_volatility2_validated,3408,2025-02-14,2025-02-24,0.0045695818086644,2025,2024-12-31,native_mse,20260910,0.0018166916350322408,,1,1
quarter_volatility2_validated,3413,2025-02-21,2025-03-03,-0.0183210488158531,2025,2024-12-31,native_mse,20260910,-0.0017910693651536675,,0,0
quarter_volatility2_validated,3418,2025-02-28,2025-03-10,0.0117650075646844,2025,2024-12-31,native_mse,20260910,8.039864129989814e-05,,1,1
quarter_volatility2_validated,3423,2025-03-07,2025-03-17,0.019023819058288,2025,2024-12-31,native_mse,20260910,0.00045020548490624885,,1,1
quarter_volatility2_validated,3428,2025-03-14,2025-03-24,-0.0259983485216283,2025,2024-12-31,native_mse,20260910,0.004030585426274574,,1,0
quarter_volatility2_validated,3433,2025-03-21,2025-03-31,-0.0025867506275359,2025,2024-12-31,native_mse,20260910,0.0025467178052053364,,1,0
quarter_volatility2_validated,3438,2025-03-28,2025-04-14,-0.0342910101946246,2025,2024-12-31,native_mse,20260910,0.007880897711304511,,1,0
quarter_volatility2_validated,3447,2025-04-11,2025-04-21,-0.0010339232881941,2025,2024-12-31,native_mse,20260910,5.880823721327009e-05,,1,0
quarter_volatility2_validated,3452,2025-04-18,2025-04-28,0.0048432383085554,2025,2024-12-31,native_mse,20260910,0.005609692399565023,,1,1
quarter_volatility2_validated,3457,2025-04-25,2025-05-12,0.02116527880118,2025,2024-12-31,native_mse,20260910,-0.000987643148635555,,0,1
quarter_volatility2_validated,3464,2025-05-09,2025-05-19,0.0041484224873464,2025,2024-12-31,native_mse,20260910,-0.0013747677302766792,,0,1
quarter_volatility2_validated,3469,2025-05-16,2025-05-26,-0.0017462660042188,2025,2024-12-31,native_mse,20260910,-0.0004666942525332647,,0,0
quarter_volatility2_validated,3474,2025-05-23,2025-06-03,-0.0109216443615366,2025,2024-12-31,native_mse,20260910,-0.0003784346347167226,,0,0
quarter_volatility2_validated,3479,2025-05-30,2025-06-09,0.011566574321892,2025,2024-12-31,native_mse,20260910,0.0010175785321809984,,1,1
quarter_volatility2_validated,3483,2025-06-06,2025-06-16,-0.0062354943524679,2025,2024-12-31,native_mse,20260910,-0.0001914645603575384,,0,0
quarter_volatility2_validated,3488,2025-06-13,2025-06-23,-0.005825691168304,2025,2024-12-31,native_mse,20260910,1.1665969000571627e-05,,1,0
quarter_volatility2_validated,3493,2025-06-20,2025-06-30,0.0232670437490374,2025,2024-12-31,native_mse,20260910,0.0007044968618821799,,1,1
quarter_volatility2_validated,3498,2025-06-27,2025-07-07,0.0145345648685946,2025,2024-12-31,native_mse,20260910,-0.003232334991441291,,0,1
quarter_volatility2_validated,3503,2025-07-04,2025-07-14,0.0110426949002964,2025,2024-12-31,native_mse,20260910,0.003419117861495023,,1,1
quarter_volatility2_validated,3508,2025-07-11,2025-07-21,0.0120759671840067,2025,2024-12-31,native_mse,20260910,0.011140680775400312,,1,1
quarter_volatility2_validated,3513,2025-07-18,2025-07-28,0.0143570766898375,2025,2024-12-31,native_mse,20260910,-0.002127522022613997,,0,1
quarter_volatility2_validated,3518,2025-07-25,2025-08-04,-0.0218642507630443,2025,2024-12-31,native_mse,20260910,-0.001869242573817923,,0,0
quarter_volatility2_validated,3523,2025-08-01,2025-08-11,0.0179175520190988,2025,2024-12-31,native_mse,20260910,2.2319590068522338e-05,,1,1
quarter_volatility2_validated,3528,2025-08-08,2025-08-18,0.026265786598999,2025,2024-12-31,native_mse,20260910,-0.004614466433741538,,0,1
quarter_volatility2_validated,3533,2025-08-15,2025-08-25,0.0469483790671487,2025,2024-12-31,native_mse,20260910,-0.0013489789955213162,,0,1
quarter_volatility2_validated,3538,2025-08-22,2025-09-01,0.0227770368340847,2025,2024-12-31,native_mse,20260910,-0.004341013056443359,,0,1
quarter_volatility2_validated,3543,2025-08-29,2025-09-08,-0.0110053842475337,2025,2024-12-31,native_mse,20260910,-0.004924417538845909,,0,0
quarter_volatility2_validated,3548,2025-09-05,2025-09-15,0.0151594857594405,2025,2024-12-31,native_mse,20260910,-0.004519124644784283,,0,1
quarter_volatility2_validated,3553,2025-09-12,2025-09-22,-0.0050409160971932,2025,2024-12-31,native_mse,20260910,-0.004114428954602145,,0,0
quarter_volatility2_validated,3558,2025-09-19,2025-09-29,0.0095300784790881,2025,2024-12-31,native_mse,20260910,-0.0047590961051182015,,0,1
quarter_volatility2_validated,3563,2025-09-26,2025-10-13,-0.0140855274279203,2025,2024-12-31,native_mse,20260910,-0.004219803127072934,,0,0
quarter_volatility2_validated,3567,2025-10-10,2025-10-20,0.015001547584321,2025,2024-12-31,native_mse,20260910,-0.003823350500415441,,0,1
quarter_volatility2_validated,3572,2025-10-17,2025-10-27,0.0309637052897611,2025,2024-12-31,native_mse,20260910,-0.003866623261027931,,0,1
quarter_volatility2_validated,3577,2025-10-24,2025-11-03,-0.013331545863497,2025,2024-12-31,native_mse,20260910,-0.0036382658807448576,,0,0
quarter_volatility2_validated,3582,2025-10-31,2025-11-10,0.0110832418536339,2025,2024-12-31,native_mse,20260910,-0.003790641327688186,,0,1
quarter_volatility2_validated,3587,2025-11-07,2025-11-17,-0.0152107881197579,2025,2024-12-31,native_mse,20260910,-0.003538974204578519,,0,0
quarter_volatility2_validated,3592,2025-11-14,2025-11-24,-0.031114557454173,2025,2024-12-31,native_mse,20260910,-0.003282621345580935,,0,0
quarter_volatility2_validated,3597,2025-11-21,2025-12-01,0.0147613767448515,2025,2024-12-31,native_mse,20260910,-0.0034884891644206416,,0,1
quarter_volatility2_validated,3602,2025-11-28,2025-12-08,0.0118853804313106,2025,2024-12-31,native_mse,20260910,-0.003806133337151431,,0,1
quarter_volatility2_validated,3607,2025-12-05,2025-12-15,-0.0093922675990717,2025,2024-12-31,native_mse,20260910,-0.003208553856296927,,0,0
quarter_volatility2_validated,3612,2025-12-12,2025-12-22,0.0082791208791208,2025,2024-12-31,native_mse,20260910,0.0022387132272507658,,1,1
quarter_volatility2_validated,3617,2025-12-19,2025-12-29,0.0153890755001995,2025,2024-12-31,native_mse,20260910,0.006486312528548796,,1,1
quarter_volatility2_validated,3622,2025-12-26,2026-01-12,0.0239101640737868,2025,2024-12-31,native_mse,20260910,-0.0003728277129905187,,0,1
quarter_volatility2_validated,3384,2025-01-03,2025-01-13,-0.0189486730632231,2025,2024-12-31,training_frequency,-1,0.472636815920398,0.472636815920398,0,0
quarter_volatility2_validated,3389,2025-01-10,2025-01-20,0.0353251773547418,2025,2024-12-31,training_frequency,-1,0.472636815920398,0.472636815920398,0,1
quarter_volatility2_validated,3394,2025-01-17,2025-01-27,0.000432821422053,2025,2024-12-31,training_frequency,-1,0.472636815920398,0.472636815920398,0,1
quarter_volatility2_validated,3399,2025-01-24,2025-02-10,0.0159344898044284,2025,2024-12-31,training_frequency,-1,0.472636815920398,0.472636815920398,0,1
quarter_volatility2_validated,3403,2025-02-07,2025-02-17,0.0144454990892999,2025,2024-12-31,training_frequency,-1,0.472636815920398,0.472636815920398,0,1
quarter_volatility2_validated,3408,2025-02-14,2025-02-24,0.0045695818086644,2025,2024-12-31,training_frequency,-1,0.472636815920398,0.472636815920398,0,1
quarter_volatility2_validated,3413,2025-02-21,2025-03-03,-0.0183210488158531,2025,2024-12-31,training_frequency,-1,0.472636815920398,0.472636815920398,0,0
quarter_volatility2_validated,3418,2025-02-28,2025-03-10,0.0117650075646844,2025,2024-12-31,training_frequency,-1,0.472636815920398,0.472636815920398,0,1
quarter_volatility2_validated,3423,2025-03-07,2025-03-17,0.019023819058288,2025,2024-12-31,training_frequency,-1,0.472636815920398,0.472636815920398,0,1
quarter_volatility2_validated,3428,2025-03-14,2025-03-24,-0.0259983485216283,2025,2024-12-31,training_frequency,-1,0.472636815920398,0.472636815920398,0,0
quarter_volatility2_validated,3433,2025-03-21,2025-03-31,-0.0025867506275359,2025,2024-12-31,training_frequency,-1,0.472636815920398,0.472636815920398,0,0
quarter_volatility2_validated,3438,2025-03-28,2025-04-14,-0.0342910101946246,2025,2024-12-31,training_frequency,-1,0.472636815920398,0.472636815920398,0,0
quarter_volatility2_validated,3447,2025-04-11,2025-04-21,-0.0010339232881941,2025,2024-12-31,training_frequency,-1,0.472636815920398,0.472636815920398,0,0
quarter_volatility2_validated,3452,2025-04-18,2025-04-28,0.0048432383085554,2025,2024-12-31,training_frequency,-1,0.472636815920398,0.472636815920398,0,1
quarter_volatility2_validated,3457,2025-04-25,2025-05-12,0.02116527880118,2025,2024-12-31,training_frequency,-1,0.472636815920398,0.472636815920398,0,1
quarter_volatility2_validated,3464,2025-05-09,2025-05-19,0.0041484224873464,2025,2024-12-31,training_frequency,-1,0.472636815920398,0.472636815920398,0,1
quarter_volatility2_validated,3469,2025-05-16,2025-05-26,-0.0017462660042188,2025,2024-12-31,training_frequency,-1,0.472636815920398,0.472636815920398,0,0
quarter_volatility2_validated,3474,2025-05-23,2025-06-03,-0.0109216443615366,2025,2024-12-31,training_frequency,-1,0.472636815920398,0.472636815920398,0,0
quarter_volatility2_validated,3479,2025-05-30,2025-06-09,0.011566574321892,2025,2024-12-31,training_frequency,-1,0.472636815920398,0.472636815920398,0,1
quarter_volatility2_validated,3483,2025-06-06,2025-06-16,-0.0062354943524679,2025,2024-12-31,training_frequency,-1,0.472636815920398,0.472636815920398,0,0
quarter_volatility2_validated,3488,2025-06-13,2025-06-23,-0.005825691168304,2025,2024-12-31,training_frequency,-1,0.472636815920398,0.472636815920398,0,0
quarter_volatility2_validated,3493,2025-06-20,2025-06-30,0.0232670437490374,2025,2024-12-31,training_frequency,-1,0.472636815920398,0.472636815920398,0,1
quarter_volatility2_validated,3498,2025-06-27,2025-07-07,0.0145345648685946,2025,2024-12-31,training_frequency,-1,0.472636815920398,0.472636815920398,0,1
quarter_volatility2_validated,3503,2025-07-04,2025-07-14,0.0110426949002964,2025,2024-12-31,training_frequency,-1,0.472636815920398,0.472636815920398,0,1
quarter_volatility2_validated,3508,2025-07-11,2025-07-21,0.0120759671840067,2025,2024-12-31,training_frequency,-1,0.472636815920398,0.472636815920398,0,1
quarter_volatility2_validated,3513,2025-07-18,2025-07-28,0.0143570766898375,2025,2024-12-31,training_frequency,-1,0.472636815920398,0.472636815920398,0,1
quarter_volatility2_validated,3518,2025-07-25,2025-08-04,-0.0218642507630443,2025,2024-12-31,training_frequency,-1,0.472636815920398,0.472636815920398,0,0
quarter_volatility2_validated,3523,2025-08-01,2025-08-11,0.0179175520190988,2025,2024-12-31,training_frequency,-1,0.472636815920398,0.472636815920398,0,1
quarter_volatility2_validated,3528,2025-08-08,2025-08-18,0.026265786598999,2025,2024-12-31,training_frequency,-1,0.472636815920398,0.472636815920398,0,1
quarter_volatility2_validated,3533,2025-08-15,2025-08-25,0.0469483790671487,2025,2024-12-31,training_frequency,-1,0.472636815920398,0.472636815920398,0,1
quarter_volatility2_validated,3538,2025-08-22,2025-09-01,0.0227770368340847,2025,2024-12-31,training_frequency,-1,0.472636815920398,0.472636815920398,0,1
quarter_volatility2_validated,3543,2025-08-29,2025-09-08,-0.0110053842475337,2025,2024-12-31,training_frequency,-1,0.472636815920398,0.472636815920398,0,0
quarter_volatility2_validated,3548,2025-09-05,2025-09-15,0.0151594857594405,2025,2024-12-31,training_frequency,-1,0.472636815920398,0.472636815920398,0,1
quarter_volatility2_validated,3553,2025-09-12,2025-09-22,-0.0050409160971932,2025,2024-12-31,training_frequency,-1,0.472636815920398,0.472636815920398,0,0
quarter_volatility2_validated,3558,2025-09-19,2025-09-29,0.0095300784790881,2025,2024-12-31,training_frequency,-1,0.472636815920398,0.472636815920398,0,1
quarter_volatility2_validated,3563,2025-09-26,2025-10-13,-0.0140855274279203,2025,2024-12-31,training_frequency,-1,0.472636815920398,0.472636815920398,0,0
quarter_volatility2_validated,3567,2025-10-10,2025-10-20,0.015001547584321,2025,2024-12-31,training_frequency,-1,0.472636815920398,0.472636815920398,0,1
quarter_volatility2_validated,3572,2025-10-17,2025-10-27,0.0309637052897611,2025,2024-12-31,training_frequency,-1,0.472636815920398,0.472636815920398,0,1
quarter_volatility2_validated,3577,2025-10-24,2025-11-03,-0.013331545863497,2025,2024-12-31,training_frequency,-1,0.472636815920398,0.472636815920398,0,0
quarter_volatility2_validated,3582,2025-10-31,2025-11-10,0.0110832418536339,2025,2024-12-31,training_frequency,-1,0.472636815920398,0.472636815920398,0,1
quarter_volatility2_validated,3587,2025-11-07,2025-11-17,-0.0152107881197579,2025,2024-12-31,training_frequency,-1,0.472636815920398,0.472636815920398,0,0
quarter_volatility2_validated,3592,2025-11-14,2025-11-24,-0.031114557454173,2025,2024-12-31,training_frequency,-1,0.472636815920398,0.472636815920398,0,0
quarter_volatility2_validated,3597,2025-11-21,2025-12-01,0.0147613767448515,2025,2024-12-31,training_frequency,-1,0.472636815920398,0.472636815920398,0,1
quarter_volatility2_validated,3602,2025-11-28,2025-12-08,0.0118853804313106,2025,2024-12-31,training_frequency,-1,0.472636815920398,0.472636815920398,0,1
quarter_volatility2_validated,3607,2025-12-05,2025-12-15,-0.0093922675990717,2025,2024-12-31,training_frequency,-1,0.472636815920398,0.472636815920398,0,0
quarter_volatility2_validated,3612,2025-12-12,2025-12-22,0.0082791208791208,2025,2024-12-31,training_frequency,-1,0.472636815920398,0.472636815920398,0,1
quarter_volatility2_validated,3617,2025-12-19,2025-12-29,0.0153890755001995,2025,2024-12-31,training_frequency,-1,0.472636815920398,0.472636815920398,0,1
quarter_volatility2_validated,3622,2025-12-26,2026-01-12,0.0239101640737868,2025,2024-12-31,training_frequency,-1,0.472636815920398,0.472636815920398,0,1
quarter_volatility2_validated,3384,2025-01-03,2025-01-13,-0.0189486730632231,2025,2024-12-31,native_mse,20260911,-0.002243633031677963,,0,0
quarter_volatility2_validated,3389,2025-01-10,2025-01-20,0.0353251773547418,2025,2024-12-31,native_mse,20260911,-0.0018394813791051527,,0,1
quarter_volatility2_validated,3394,2025-01-17,2025-01-27,0.000432821422053,2025,2024-12-31,native_mse,20260911,-0.0014393263633927758,,0,1
quarter_volatility2_validated,3399,2025-01-24,2025-02-10,0.0159344898044284,2025,2024-12-31,native_mse,20260911,-0.0005732481089145066,,0,1
quarter_volatility2_validated,3403,2025-02-07,2025-02-17,0.0144454990892999,2025,2024-12-31,native_mse,20260911,-0.0003493640286036611,,0,1
quarter_volatility2_validated,3408,2025-02-14,2025-02-24,0.0045695818086644,2025,2024-12-31,native_mse,20260911,-6.571465300264602e-06,,0,1
quarter_volatility2_validated,3413,2025-02-21,2025-03-03,-0.0183210488158531,2025,2024-12-31,native_mse,20260911,0.00010564573035517886,,1,0
quarter_volatility2_validated,3418,2025-02-28,2025-03-10,0.0117650075646844,2025,2024-12-31,native_mse,20260911,0.00030938900384146466,,1,1
quarter_volatility2_validated,3423,2025-03-07,2025-03-17,0.019023819058288,2025,2024-12-31,native_mse,20260911,0.0003527669941379203,,1,1
quarter_volatility2_validated,3428,2025-03-14,2025-03-24,-0.0259983485216283,2025,2024-12-31,native_mse,20260911,0.0004719065040533454,,1,0
quarter_volatility2_validated,3433,2025-03-21,2025-03-31,-0.0025867506275359,2025,2024-12-31,native_mse,20260911,0.0001374212134311476,,1,0
quarter_volatility2_validated,3438,2025-03-28,2025-04-14,-0.0342910101946246,2025,2024-12-31,native_mse,20260911,0.0003460895283123176,,1,0
quarter_volatility2_validated,3447,2025-04-11,2025-04-21,-0.0010339232881941,2025,2024-12-31,native_mse,20260911,0.000247650617921614,,1,0
quarter_volatility2_validated,3452,2025-04-18,2025-04-28,0.0048432383085554,2025,2024-12-31,native_mse,20260911,0.0005399418130639047,,1,1
quarter_volatility2_validated,3457,2025-04-25,2025-05-12,0.02116527880118,2025,2024-12-31,native_mse,20260911,0.00041859235087992534,,1,1
quarter_volatility2_validated,3464,2025-05-09,2025-05-19,0.0041484224873464,2025,2024-12-31,native_mse,20260911,-0.00023324757687195213,,0,1
quarter_volatility2_validated,3469,2025-05-16,2025-05-26,-0.0017462660042188,2025,2024-12-31,native_mse,20260911,-0.0007053097438131018,,0,0
quarter_volatility2_validated,3474,2025-05-23,2025-06-03,-0.0109216443615366,2025,2024-12-31,native_mse,20260911,-0.0004283154814639044,,0,0
quarter_volatility2_validated,3479,2025-05-30,2025-06-09,0.011566574321892,2025,2024-12-31,native_mse,20260911,-0.0007435280421209072,,0,1
quarter_volatility2_validated,3483,2025-06-06,2025-06-16,-0.0062354943524679,2025,2024-12-31,native_mse,20260911,0.00031992663879525335,,1,0
quarter_volatility2_validated,3488,2025-06-13,2025-06-23,-0.005825691168304,2025,2024-12-31,native_mse,20260911,-0.00012583521126832513,,0,0
quarter_volatility2_validated,3493,2025-06-20,2025-06-30,0.0232670437490374,2025,2024-12-31,native_mse,20260911,0.0004804870845920942,,1,1
quarter_volatility2_validated,3498,2025-06-27,2025-07-07,0.0145345648685946,2025,2024-12-31,native_mse,20260911,0.0003559800730399111,,1,1
quarter_volatility2_validated,3503,2025-07-04,2025-07-14,0.0110426949002964,2025,2024-12-31,native_mse,20260911,0.0001003436982822433,,1,1
quarter_volatility2_validated,3508,2025-07-11,2025-07-21,0.0120759671840067,2025,2024-12-31,native_mse,20260911,0.00011930674045287023,,1,1
quarter_volatility2_validated,3513,2025-07-18,2025-07-28,0.0143570766898375,2025,2024-12-31,native_mse,20260911,-0.00014021210404791933,,0,1
quarter_volatility2_validated,3518,2025-07-25,2025-08-04,-0.0218642507630443,2025,2024-12-31,native_mse,20260911,-0.0010675431152552786,,0,0
quarter_volatility2_validated,3523,2025-08-01,2025-08-11,0.0179175520190988,2025,2024-12-31,native_mse,20260911,-0.0011114652147751107,,0,1
quarter_volatility2_validated,3528,2025-08-08,2025-08-18,0.026265786598999,2025,2024-12-31,native_mse,20260911,-0.0011821175732785794,,0,1
quarter_volatility2_validated,3533,2025-08-15,2025-08-25,0.0469483790671487,2025,2024-12-31,native_mse,20260911,-0.001692750035902398,,0,1
quarter_volatility2_validated,3538,2025-08-22,2025-09-01,0.0227770368340847,2025,2024-12-31,native_mse,20260911,-0.0020785336587941633,,0,1
quarter_volatility2_validated,3543,2025-08-29,2025-09-08,-0.0110053842475337,2025,2024-12-31,native_mse,20260911,-0.0022958519339049935,,0,0
quarter_volatility2_validated,3548,2025-09-05,2025-09-15,0.0151594857594405,2025,2024-12-31,native_mse,20260911,-0.002811169444921857,,0,1
quarter_volatility2_validated,3553,2025-09-12,2025-09-22,-0.0050409160971932,2025,2024-12-31,native_mse,20260911,-0.0028821755195373713,,0,0
quarter_volatility2_validated,3558,2025-09-19,2025-09-29,0.0095300784790881,2025,2024-12-31,native_mse,20260911,-0.0027270038017814854,,0,1
quarter_volatility2_validated,3563,2025-09-26,2025-10-13,-0.0140855274279203,2025,2024-12-31,native_mse,20260911,-0.002671446424452231,,0,0
quarter_volatility2_validated,3567,2025-10-10,2025-10-20,0.015001547584321,2025,2024-12-31,native_mse,20260911,-0.002875353278749809,,0,1
quarter_volatility2_validated,3572,2025-10-17,2025-10-27,0.0309637052897611,2025,2024-12-31,native_mse,20260911,-0.0026759293493526775,,0,1
quarter_volatility2_validated,3577,2025-10-24,2025-11-03,-0.013331545863497,2025,2024-12-31,native_mse,20260911,-0.0024118634853773644,,0,0
quarter_volatility2_validated,3582,2025-10-31,2025-11-10,0.0110832418536339,2025,2024-12-31,native_mse,20260911,-0.0024513790865101073,,0,1
quarter_volatility2_validated,3587,2025-11-07,2025-11-17,-0.0152107881197579,2025,2024-12-31,native_mse,20260911,-0.0023441841984512364,,0,0
quarter_volatility2_validated,3592,2025-11-14,2025-11-24,-0.031114557454173,2025,2024-12-31,native_mse,20260911,-0.0023326617843834286,,0,0
quarter_volatility2_validated,3597,2025-11-21,2025-12-01,0.0147613767448515,2025,2024-12-31,native_mse,20260911,-0.0021695162719280723,,0,1
quarter_volatility2_validated,3602,2025-11-28,2025-12-08,0.0118853804313106,2025,2024-12-31,native_mse,20260911,-0.0021230276394656705,,0,1
quarter_volatility2_validated,3607,2025-12-05,2025-12-15,-0.0093922675990717,2025,2024-12-31,native_mse,20260911,-0.0018508009821854902,,0,0
quarter_volatility2_validated,3612,2025-12-12,2025-12-22,0.0082791208791208,2025,2024-12-31,native_mse,20260911,-0.0014574936445709685,,0,1
quarter_volatility2_validated,3617,2025-12-19,2025-12-29,0.0153890755001995,2025,2024-12-31,native_mse,20260911,-0.001196551069802699,,0,1
quarter_volatility2_validated,3622,2025-12-26,2026-01-12,0.0239101640737868,2025,2024-12-31,native_mse,20260911,-0.0009424910062058391,,0,1
quarter_volatility2_validated,3384,2025-01-03,2025-01-13,-0.0189486730632231,2025,2024-12-31,native_mse,20260912,-0.003930728949605344,,0,0
quarter_volatility2_validated,3389,2025-01-10,2025-01-20,0.0353251773547418,2025,2024-12-31,native_mse,20260912,0.004608697114816542,,1,1
quarter_volatility2_validated,3394,2025-01-17,2025-01-27,0.000432821422053,2025,2024-12-31,native_mse,20260912,-0.0013781107886780553,,0,1
quarter_volatility2_validated,3399,2025-01-24,2025-02-10,0.0159344898044284,2025,2024-12-31,native_mse,20260912,0.008065382377116114,,1,1
quarter_volatility2_validated,3403,2025-02-07,2025-02-17,0.0144454990892999,2025,2024-12-31,native_mse,20260912,0.0020560919017093573,,1,1
quarter_volatility2_validated,3408,2025-02-14,2025-02-24,0.0045695818086644,2025,2024-12-31,native_mse,20260912,0.0004574229206631815,,1,1
quarter_volatility2_validated,3413,2025-02-21,2025-03-03,-0.0183210488158531,2025,2024-12-31,native_mse,20260912,-0.004487069050516085,,0,0
quarter_volatility2_validated,3418,2025-02-28,2025-03-10,0.0117650075646844,2025,2024-12-31,native_mse,20260912,0.007907777385840498,,1,1
quarter_volatility2_validated,3423,2025-03-07,2025-03-17,0.019023819058288,2025,2024-12-31,native_mse,20260912,-0.007080334543719193,,0,1
quarter_volatility2_validated,3428,2025-03-14,2025-03-24,-0.0259983485216283,2025,2024-12-31,native_mse,20260912,0.005416181842733637,,1,0
quarter_volatility2_validated,3433,2025-03-21,2025-03-31,-0.0025867506275359,2025,2024-12-31,native_mse,20260912,0.0028174386195491687,,1,0
quarter_volatility2_validated,3438,2025-03-28,2025-04-14,-0.0342910101946246,2025,2024-12-31,native_mse,20260912,0.0006099430279859906,,1,0
quarter_volatility2_validated,3447,2025-04-11,2025-04-21,-0.0010339232881941,2025,2024-12-31,native_mse,20260912,-0.0038314464400373087,,0,0
quarter_volatility2_validated,3452,2025-04-18,2025-04-28,0.0048432383085554,2025,2024-12-31,native_mse,20260912,-0.002239070357372274,,0,1
quarter_volatility2_validated,3457,2025-04-25,2025-05-12,0.02116527880118,2025,2024-12-31,native_mse,20260912,-0.0030291142570267483,,0,1
quarter_volatility2_validated,3464,2025-05-09,2025-05-19,0.0041484224873464,2025,2024-12-31,native_mse,20260912,-0.006797100864360832,,0,1
quarter_volatility2_validated,3469,2025-05-16,2025-05-26,-0.0017462660042188,2025,2024-12-31,native_mse,20260912,0.0011635229802106158,,1,0
quarter_volatility2_validated,3474,2025-05-23,2025-06-03,-0.0109216443615366,2025,2024-12-31,native_mse,20260912,-0.0015437185640202761,,0,0
quarter_volatility2_validated,3479,2025-05-30,2025-06-09,0.011566574321892,2025,2024-12-31,native_mse,20260912,-0.007042284452490261,,0,1
quarter_volatility2_validated,3483,2025-06-06,2025-06-16,-0.0062354943524679,2025,2024-12-31,native_mse,20260912,0.00028466611619904517,,1,0
quarter_volatility2_validated,3488,2025-06-13,2025-06-23,-0.005825691168304,2025,2024-12-31,native_mse,20260912,-0.006674179072757184,,0,0
quarter_volatility2_validated,3493,2025-06-20,2025-06-30,0.0232670437490374,2025,2024-12-31,native_mse,20260912,-0.0026285119113171485,,0,1
quarter_volatility2_validated,3498,2025-06-27,2025-07-07,0.0145345648685946,2025,2024-12-31,native_mse,20260912,-0.001664357643481335,,0,1
quarter_volatility2_validated,3503,2025-07-04,2025-07-14,0.0110426949002964,2025,2024-12-31,native_mse,20260912,0.0037107408116209707,,1,1
quarter_volatility2_validated,3508,2025-07-11,2025-07-21,0.0120759671840067,2025,2024-12-31,native_mse,20260912,0.002218014475368515,,1,1
quarter_volatility2_validated,3513,2025-07-18,2025-07-28,0.0143570766898375,2025,2024-12-31,native_mse,20260912,0.009911597608358887,,1,1
quarter_volatility2_validated,3518,2025-07-25,2025-08-04,-0.0218642507630443,2025,2024-12-31,native_mse,20260912,-0.0013540938427923275,,0,0
quarter_volatility2_validated,3523,2025-08-01,2025-08-11,0.0179175520190988,2025,2024-12-31,native_mse,20260912,0.002501110312004882,,1,1
quarter_volatility2_validated,3528,2025-08-08,2025-08-18,0.026265786598999,2025,2024-12-31,native_mse,20260912,-0.006121881900028309,,0,1
quarter_volatility2_validated,3533,2025-08-15,2025-08-25,0.0469483790671487,2025,2024-12-31,native_mse,20260912,-0.0031833828356847573,,0,1
quarter_volatility2_validated,3538,2025-08-22,2025-09-01,0.0227770368340847,2025,2024-12-31,native_mse,20260912,-0.005229739970136804,,0,1
quarter_volatility2_validated,3543,2025-08-29,2025-09-08,-0.0110053842475337,2025,2024-12-31,native_mse,20260912,0.0017396293034999204,,1,0
quarter_volatility2_validated,3548,2025-09-05,2025-09-15,0.0151594857594405,2025,2024-12-31,native_mse,20260912,-0.006315423164964012,,0,1
quarter_volatility2_validated,3553,2025-09-12,2025-09-22,-0.0050409160971932,2025,2024-12-31,native_mse,20260912,0.0036445584301978444,,1,0
quarter_volatility2_validated,3558,2025-09-19,2025-09-29,0.0095300784790881,2025,2024-12-31,native_mse,20260912,-0.007907179585583714,,0,1
quarter_volatility2_validated,3563,2025-09-26,2025-10-13,-0.0140855274279203,2025,2024-12-31,native_mse,20260912,-0.0016751946251609804,,0,0
quarter_volatility2_validated,3567,2025-10-10,2025-10-20,0.015001547584321,2025,2024-12-31,native_mse,20260912,-0.006402638764524997,,0,1
quarter_volatility2_validated,3572,2025-10-17,2025-10-27,0.0309637052897611,2025,2024-12-31,native_mse,20260912,-0.00870396964325983,,0,1
quarter_volatility2_validated,3577,2025-10-24,2025-11-03,-0.013331545863497,2025,2024-12-31,native_mse,20260912,-0.005475122015119508,,0,0
quarter_volatility2_validated,3582,2025-10-31,2025-11-10,0.0110832418536339,2025,2024-12-31,native_mse,20260912,-0.006949842516906396,,0,1
quarter_volatility2_validated,3587,2025-11-07,2025-11-17,-0.0152107881197579,2025,2024-12-31,native_mse,20260912,0.005808210669049744,,1,0
quarter_volatility2_validated,3592,2025-11-14,2025-11-24,-0.031114557454173,2025,2024-12-31,native_mse,20260912,-0.005729952989633713,,0,0
quarter_volatility2_validated,3597,2025-11-21,2025-12-01,0.0147613767448515,2025,2024-12-31,native_mse,20260912,-0.0015450315646448089,,0,1
quarter_volatility2_validated,3602,2025-11-28,2025-12-08,0.0118853804313106,2025,2024-12-31,native_mse,20260912,-0.0032204954130721736,,0,1
quarter_volatility2_validated,3607,2025-12-05,2025-12-15,-0.0093922675990717,2025,2024-12-31,native_mse,20260912,-0.0047114270439592345,,0,0
quarter_volatility2_validated,3612,2025-12-12,2025-12-22,0.0082791208791208,2025,2024-12-31,native_mse,20260912,0.0035042182684974187,,1,1
quarter_volatility2_validated,3617,2025-12-19,2025-12-29,0.0153890755001995,2025,2024-12-31,native_mse,20260912,-0.0005370407904008248,,0,1
quarter_volatility2_validated,3622,2025-12-26,2026-01-12,0.0239101640737868,2025,2024-12-31,native_mse,20260912,0.002315041428841435,,1,1
quarter_volatility2_validated,3630,2026-01-09,2026-01-19,-0.0103697336282536,2026,2025-12-31,native_mse,20260910,-0.002855102612462861,,0,0
quarter_volatility2_validated,3635,2026-01-16,2026-01-26,-0.0010190267764643,2026,2025-12-31,native_mse,20260910,-0.00015744638603756636,,0,0
quarter_volatility2_validated,3640,2026-01-23,2026-02-02,-0.0087161586128796,2026,2025-12-31,native_mse,20260910,-0.006105688647517694,,0,0
quarter_volatility2_validated,3645,2026-01-30,2026-02-09,0.0041482324550519,2026,2025-12-31,native_mse,20260910,-0.0019649521887390433,,0,1
quarter_volatility2_validated,3650,2026-02-06,2026-02-24,0.0071649689901505,2026,2025-12-31,native_mse,20260910,0.0047027542719540035,,1,1
quarter_volatility2_validated,3655,2026-02-13,2026-03-02,-0.0097920588919678,2026,2025-12-31,native_mse,20260910,0.0004179826835146159,,1,0
quarter_volatility2_validated,3659,2026-02-27,2026-03-09,-0.0172526869201304,2026,2025-12-31,native_mse,20260910,0.0022625269962182996,,1,0
quarter_volatility2_validated,3664,2026-03-06,2026-03-16,0.0149926634422041,2026,2025-12-31,native_mse,20260910,-0.003806878947664824,,0,1
quarter_volatility2_validated,3669,2026-03-13,2026-03-23,-0.0364343509194254,2026,2025-12-31,native_mse,20260910,-0.006468904470141985,,0,0
quarter_volatility2_validated,3674,2026-03-20,2026-03-30,-0.0083038829988221,2026,2025-12-31,native_mse,20260910,-0.006677801015318794,,0,0
quarter_volatility2_validated,3679,2026-03-27,2026-04-07,-0.0035591495694504,2026,2025-12-31,native_mse,20260910,-0.0012459609623288559,,0,0
quarter_volatility2_validated,3684,2026-04-03,2026-04-13,0.0380736235508991,2026,2025-12-31,native_mse,20260910,-0.0002708764126667155,,0,1
quarter_volatility2_validated,3688,2026-04-10,2026-04-20,0.0242766725964382,2026,2025-12-31,native_mse,20260910,-0.0014516073248232214,,0,1
quarter_volatility2_validated,3693,2026-04-17,2026-04-27,0.010401572188011,2026,2025-12-31,native_mse,20260910,-0.00019243492513075974,,0,1
quarter_volatility2_validated,3698,2026-04-24,2026-05-11,0.0263674696524953,2026,2025-12-31,native_mse,20260910,0.00044530537803680217,,1,1
quarter_volatility2_validated,3705,2026-05-08,2026-05-18,-0.0134529239455926,2026,2025-12-31,native_mse,20260910,0.00821158666179363,,1,0
quarter_volatility2_validated,3710,2026-05-15,2026-05-25,0.0076235492615268,2026,2025-12-31,native_mse,20260910,0.009209478129531542,,1,1
quarter_volatility2_validated,3715,2026-05-22,2026-06-01,0.005068538126898,2026,2025-12-31,native_mse,20260910,-0.0037899662548005076,,0,1
quarter_volatility2_validated,3720,2026-05-29,2026-06-08,-0.039635353927193,2026,2025-12-31,native_mse,20260910,-0.005878390043911763,,0,0
quarter_volatility2_validated,3725,2026-06-05,2026-06-15,0.0266849782195981,2026,2025-12-31,native_mse,20260910,-0.005079831260852612,,0,1
quarter_volatility2_validated,3730,2026-06-12,2026-06-29,0.0076098142791176,2026,2025-12-31,native_mse,20260910,-0.0013875397965599067,,0,1
quarter_volatility2_validated,3739,2026-06-26,2026-07-06,0.0005137647861506,2026,2025-12-31,native_mse,20260910,-0.002031043716013942,,0,1
quarter_volatility2_validated,3744,2026-07-03,2026-07-13,-0.0252847876365399,2026,2025-12-31,native_mse,20260910,-0.003966417206833292,,0,0
quarter_volatility2_validated,3749,2026-07-10,2026-07-20,-0.035775397012711,2026,2025-12-31,native_mse,20260910,-0.000224192482655729,,0,0
quarter_volatility2_validated,3754,2026-07-17,2026-07-27,0.01756245533441,2026,2025-12-31,native_mse,20260910,-0.001279240964054163,,0,1
quarter_volatility2_validated,3759,2026-07-24,2026-08-03,-0.0202339761556519,2026,2025-12-31,native_mse,20260910,-0.0020989123929827714,,0,0
quarter_volatility2_validated,3764,2026-07-31,2026-08-10,0.0300318732435738,2026,2025-12-31,native_mse,20260910,-0.005698998401180227,,0,1
quarter_volatility2_validated,3769,2026-08-07,2026-08-17,-0.0056482265760339,2026,2025-12-31,native_mse,20260910,-0.000843785639629233,,0,0
quarter_volatility2_validated,3774,2026-08-14,2026-08-24,-0.0109860710402629,2026,2025-12-31,native_mse,20260910,0.001103287661206875,,1,0
quarter_volatility2_validated,3779,2026-08-21,2026-08-31,-0.0127592811002066,2026,2025-12-31,native_mse,20260910,0.005195736341319573,,1,0
quarter_volatility2_validated,3630,2026-01-09,2026-01-19,-0.0103697336282536,2026,2025-12-31,training_frequency,-1,0.4792703150912106,0.4792703150912106,0,0
quarter_volatility2_validated,3635,2026-01-16,2026-01-26,-0.0010190267764643,2026,2025-12-31,training_frequency,-1,0.4792703150912106,0.4792703150912106,0,0
quarter_volatility2_validated,3640,2026-01-23,2026-02-02,-0.0087161586128796,2026,2025-12-31,training_frequency,-1,0.4792703150912106,0.4792703150912106,0,0
quarter_volatility2_validated,3645,2026-01-30,2026-02-09,0.0041482324550519,2026,2025-12-31,training_frequency,-1,0.4792703150912106,0.4792703150912106,0,1
quarter_volatility2_validated,3650,2026-02-06,2026-02-24,0.0071649689901505,2026,2025-12-31,training_frequency,-1,0.4792703150912106,0.4792703150912106,0,1
quarter_volatility2_validated,3655,2026-02-13,2026-03-02,-0.0097920588919678,2026,2025-12-31,training_frequency,-1,0.4792703150912106,0.4792703150912106,0,0
quarter_volatility2_validated,3659,2026-02-27,2026-03-09,-0.0172526869201304,2026,2025-12-31,training_frequency,-1,0.4792703150912106,0.4792703150912106,0,0
quarter_volatility2_validated,3664,2026-03-06,2026-03-16,0.0149926634422041,2026,2025-12-31,training_frequency,-1,0.4792703150912106,0.4792703150912106,0,1
quarter_volatility2_validated,3669,2026-03-13,2026-03-23,-0.0364343509194254,2026,2025-12-31,training_frequency,-1,0.4792703150912106,0.4792703150912106,0,0
quarter_volatility2_validated,3674,2026-03-20,2026-03-30,-0.0083038829988221,2026,2025-12-31,training_frequency,-1,0.4792703150912106,0.4792703150912106,0,0
quarter_volatility2_validated,3679,2026-03-27,2026-04-07,-0.0035591495694504,2026,2025-12-31,training_frequency,-1,0.4792703150912106,0.4792703150912106,0,0
quarter_volatility2_validated,3684,2026-04-03,2026-04-13,0.0380736235508991,2026,2025-12-31,training_frequency,-1,0.4792703150912106,0.4792703150912106,0,1
quarter_volatility2_validated,3688,2026-04-10,2026-04-20,0.0242766725964382,2026,2025-12-31,training_frequency,-1,0.4792703150912106,0.4792703150912106,0,1
quarter_volatility2_validated,3693,2026-04-17,2026-04-27,0.010401572188011,2026,2025-12-31,training_frequency,-1,0.4792703150912106,0.4792703150912106,0,1
quarter_volatility2_validated,3698,2026-04-24,2026-05-11,0.0263674696524953,2026,2025-12-31,training_frequency,-1,0.4792703150912106,0.4792703150912106,0,1
quarter_volatility2_validated,3705,2026-05-08,2026-05-18,-0.0134529239455926,2026,2025-12-31,training_frequency,-1,0.4792703150912106,0.4792703150912106,0,0
quarter_volatility2_validated,3710,2026-05-15,2026-05-25,0.0076235492615268,2026,2025-12-31,training_frequency,-1,0.4792703150912106,0.4792703150912106,0,1
quarter_volatility2_validated,3715,2026-05-22,2026-06-01,0.005068538126898,2026,2025-12-31,training_frequency,-1,0.4792703150912106,0.4792703150912106,0,1
quarter_volatility2_validated,3720,2026-05-29,2026-06-08,-0.039635353927193,2026,2025-12-31,training_frequency,-1,0.4792703150912106,0.4792703150912106,0,0
quarter_volatility2_validated,3725,2026-06-05,2026-06-15,0.0266849782195981,2026,2025-12-31,training_frequency,-1,0.4792703150912106,0.4792703150912106,0,1
quarter_volatility2_validated,3730,2026-06-12,2026-06-29,0.0076098142791176,2026,2025-12-31,training_frequency,-1,0.4792703150912106,0.4792703150912106,0,1
quarter_volatility2_validated,3739,2026-06-26,2026-07-06,0.0005137647861506,2026,2025-12-31,training_frequency,-1,0.4792703150912106,0.4792703150912106,0,1
quarter_volatility2_validated,3744,2026-07-03,2026-07-13,-0.0252847876365399,2026,2025-12-31,training_frequency,-1,0.4792703150912106,0.4792703150912106,0,0
quarter_volatility2_validated,3749,2026-07-10,2026-07-20,-0.035775397012711,2026,2025-12-31,training_frequency,-1,0.4792703150912106,0.4792703150912106,0,0
quarter_volatility2_validated,3754,2026-07-17,2026-07-27,0.01756245533441,2026,2025-12-31,training_frequency,-1,0.4792703150912106,0.4792703150912106,0,1
quarter_volatility2_validated,3759,2026-07-24,2026-08-03,-0.0202339761556519,2026,2025-12-31,training_frequency,-1,0.4792703150912106,0.4792703150912106,0,0
quarter_volatility2_validated,3764,2026-07-31,2026-08-10,0.0300318732435738,2026,2025-12-31,training_frequency,-1,0.4792703150912106,0.4792703150912106,0,1
quarter_volatility2_validated,3769,2026-08-07,2026-08-17,-0.0056482265760339,2026,2025-12-31,training_frequency,-1,0.4792703150912106,0.4792703150912106,0,0
quarter_volatility2_validated,3774,2026-08-14,2026-08-24,-0.0109860710402629,2026,2025-12-31,training_frequency,-1,0.4792703150912106,0.4792703150912106,0,0
quarter_volatility2_validated,3779,2026-08-21,2026-08-31,-0.0127592811002066,2026,2025-12-31,training_frequency,-1,0.4792703150912106,0.4792703150912106,0,0
quarter_volatility2_validated,3630,2026-01-09,2026-01-19,-0.0103697336282536,2026,2025-12-31,native_mse,20260911,-0.0030890692487675277,,0,0
quarter_volatility2_validated,3635,2026-01-16,2026-01-26,-0.0010190267764643,2026,2025-12-31,native_mse,20260911,-0.0029844245717806552,,0,0
quarter_volatility2_validated,3640,2026-01-23,2026-02-02,-0.0087161586128796,2026,2025-12-31,native_mse,20260911,-0.0018485669736654138,,0,0
quarter_volatility2_validated,3645,2026-01-30,2026-02-09,0.0041482324550519,2026,2025-12-31,native_mse,20260911,-0.002659061252019485,,0,1
quarter_volatility2_validated,3650,2026-02-06,2026-02-24,0.0071649689901505,2026,2025-12-31,native_mse,20260911,-0.0015567976959256278,,0,1
quarter_volatility2_validated,3655,2026-02-13,2026-03-02,-0.0097920588919678,2026,2025-12-31,native_mse,20260911,-0.0015389707922718095,,0,0
quarter_volatility2_validated,3659,2026-02-27,2026-03-09,-0.0172526869201304,2026,2025-12-31,native_mse,20260911,-0.0019681718770543553,,0,0
quarter_volatility2_validated,3664,2026-03-06,2026-03-16,0.0149926634422041,2026,2025-12-31,native_mse,20260911,0.00014521785716820214,,1,1
quarter_volatility2_validated,3669,2026-03-13,2026-03-23,-0.0364343509194254,2026,2025-12-31,native_mse,20260911,-0.0022671453715006956,,0,0
quarter_volatility2_validated,3674,2026-03-20,2026-03-30,-0.0083038829988221,2026,2025-12-31,native_mse,20260911,-0.001986856137592856,,0,0
quarter_volatility2_validated,3679,2026-03-27,2026-04-07,-0.0035591495694504,2026,2025-12-31,native_mse,20260911,-0.002218520604235266,,0,0
quarter_volatility2_validated,3684,2026-04-03,2026-04-13,0.0380736235508991,2026,2025-12-31,native_mse,20260911,-0.002090390096021022,,0,1
quarter_volatility2_validated,3688,2026-04-10,2026-04-20,0.0242766725964382,2026,2025-12-31,native_mse,20260911,-0.0024408235069100508,,0,1
quarter_volatility2_validated,3693,2026-04-17,2026-04-27,0.010401572188011,2026,2025-12-31,native_mse,20260911,-0.0029629470272129906,,0,1
quarter_volatility2_validated,3698,2026-04-24,2026-05-11,0.0263674696524953,2026,2025-12-31,native_mse,20260911,-0.003359926419865766,,0,1
quarter_volatility2_validated,3705,2026-05-08,2026-05-18,-0.0134529239455926,2026,2025-12-31,native_mse,20260911,-0.002535154678821143,,0,0
quarter_volatility2_validated,3710,2026-05-15,2026-05-25,0.0076235492615268,2026,2025-12-31,native_mse,20260911,-0.002260058894062486,,0,1
quarter_volatility2_validated,3715,2026-05-22,2026-06-01,0.005068538126898,2026,2025-12-31,native_mse,20260911,-0.0015057276938992676,,0,1
quarter_volatility2_validated,3720,2026-05-29,2026-06-08,-0.039635353927193,2026,2025-12-31,native_mse,20260911,-0.002635162144589442,,0,0
quarter_volatility2_validated,3725,2026-06-05,2026-06-15,0.0266849782195981,2026,2025-12-31,native_mse,20260911,-0.003913781241526722,,0,1
quarter_volatility2_validated,3730,2026-06-12,2026-06-29,0.0076098142791176,2026,2025-12-31,native_mse,20260911,-0.0036857925348870147,,0,1
quarter_volatility2_validated,3739,2026-06-26,2026-07-06,0.0005137647861506,2026,2025-12-31,native_mse,20260911,-0.0021369319429553274,,0,1
quarter_volatility2_validated,3744,2026-07-03,2026-07-13,-0.0252847876365399,2026,2025-12-31,native_mse,20260911,-0.0022933277317483012,,0,0
quarter_volatility2_validated,3749,2026-07-10,2026-07-20,-0.035775397012711,2026,2025-12-31,native_mse,20260911,-0.0023056933526758674,,0,0
quarter_volatility2_validated,3754,2026-07-17,2026-07-27,0.01756245533441,2026,2025-12-31,native_mse,20260911,-0.0024493044555773855,,0,1
quarter_volatility2_validated,3759,2026-07-24,2026-08-03,-0.0202339761556519,2026,2025-12-31,native_mse,20260911,-0.0026633393533010696,,0,0
quarter_volatility2_validated,3764,2026-07-31,2026-08-10,0.0300318732435738,2026,2025-12-31,native_mse,20260911,-0.0024432171596736993,,0,1
quarter_volatility2_validated,3769,2026-08-07,2026-08-17,-0.0056482265760339,2026,2025-12-31,native_mse,20260911,-0.0034017483589926685,,0,0
quarter_volatility2_validated,3774,2026-08-14,2026-08-24,-0.0109860710402629,2026,2025-12-31,native_mse,20260911,-0.002813706354026954,,0,0
quarter_volatility2_validated,3779,2026-08-21,2026-08-31,-0.0127592811002066,2026,2025-12-31,native_mse,20260911,-0.0019809857134933735,,0,0
quarter_volatility2_validated,3630,2026-01-09,2026-01-19,-0.0103697336282536,2026,2025-12-31,native_mse,20260912,-0.0012654744629118373,,0,0
quarter_volatility2_validated,3635,2026-01-16,2026-01-26,-0.0010190267764643,2026,2025-12-31,native_mse,20260912,-0.0009824454910161004,,0,0
quarter_volatility2_validated,3640,2026-01-23,2026-02-02,-0.0087161586128796,2026,2025-12-31,native_mse,20260912,-0.0014318861524315442,,0,0
quarter_volatility2_validated,3645,2026-01-30,2026-02-09,0.0041482324550519,2026,2025-12-31,native_mse,20260912,-0.0015519331724585116,,0,1
quarter_volatility2_validated,3650,2026-02-06,2026-02-24,0.0071649689901505,2026,2025-12-31,native_mse,20260912,-0.0016869022750859507,,0,1
quarter_volatility2_validated,3655,2026-02-13,2026-03-02,-0.0097920588919678,2026,2025-12-31,native_mse,20260912,-0.0011765097827620523,,0,0
quarter_volatility2_validated,3659,2026-02-27,2026-03-09,-0.0172526869201304,2026,2025-12-31,native_mse,20260912,-0.0007085124719817442,,0,0
quarter_volatility2_validated,3664,2026-03-06,2026-03-16,0.0149926634422041,2026,2025-12-31,native_mse,20260912,-0.0009899154221996353,,0,1
quarter_volatility2_validated,3669,2026-03-13,2026-03-23,-0.0364343509194254,2026,2025-12-31,native_mse,20260912,-0.0011266305599294578,,0,0
quarter_volatility2_validated,3674,2026-03-20,2026-03-30,-0.0083038829988221,2026,2025-12-31,native_mse,20260912,-0.001524311581453077,,0,0
quarter_volatility2_validated,3679,2026-03-27,2026-04-07,-0.0035591495694504,2026,2025-12-31,native_mse,20260912,-0.0019205134194293897,,0,0
quarter_volatility2_validated,3684,2026-04-03,2026-04-13,0.0380736235508991,2026,2025-12-31,native_mse,20260912,-0.0011376256916386593,,0,1
quarter_volatility2_validated,3688,2026-04-10,2026-04-20,0.0242766725964382,2026,2025-12-31,native_mse,20260912,-0.0013216896399536517,,0,1
quarter_volatility2_validated,3693,2026-04-17,2026-04-27,0.010401572188011,2026,2025-12-31,native_mse,20260912,-0.0015028502660909705,,0,1
quarter_volatility2_validated,3698,2026-04-24,2026-05-11,0.0263674696524953,2026,2025-12-31,native_mse,20260912,-0.0012568015547876838,,0,1
quarter_volatility2_validated,3705,2026-05-08,2026-05-18,-0.0134529239455926,2026,2025-12-31,native_mse,20260912,-0.0004371239494575972,,0,0
quarter_volatility2_validated,3710,2026-05-15,2026-05-25,0.0076235492615268,2026,2025-12-31,native_mse,20260912,6.163719011948235e-05,,1,1
quarter_volatility2_validated,3715,2026-05-22,2026-06-01,0.005068538126898,2026,2025-12-31,native_mse,20260912,7.730204085298746e-06,,1,1
quarter_volatility2_validated,3720,2026-05-29,2026-06-08,-0.039635353927193,2026,2025-12-31,native_mse,20260912,-0.00019569943758148556,,0,0
quarter_volatility2_validated,3725,2026-06-05,2026-06-15,0.0266849782195981,2026,2025-12-31,native_mse,20260912,-0.00010540438898025962,,0,1
quarter_volatility2_validated,3730,2026-06-12,2026-06-29,0.0076098142791176,2026,2025-12-31,native_mse,20260912,-0.0007095936265099443,,0,1
quarter_volatility2_validated,3739,2026-06-26,2026-07-06,0.0005137647861506,2026,2025-12-31,native_mse,20260912,-0.00033128119271872585,,0,1
quarter_volatility2_validated,3744,2026-07-03,2026-07-13,-0.0252847876365399,2026,2025-12-31,native_mse,20260912,-0.0011443460816151978,,0,0
quarter_volatility2_validated,3749,2026-07-10,2026-07-20,-0.035775397012711,2026,2025-12-31,native_mse,20260912,-0.0017039989678604111,,0,0
quarter_volatility2_validated,3754,2026-07-17,2026-07-27,0.01756245533441,2026,2025-12-31,native_mse,20260912,-0.0017003094595498154,,0,1
quarter_volatility2_validated,3759,2026-07-24,2026-08-03,-0.0202339761556519,2026,2025-12-31,native_mse,20260912,-0.0018633248001663242,,0,0
quarter_volatility2_validated,3764,2026-07-31,2026-08-10,0.0300318732435738,2026,2025-12-31,native_mse,20260912,-0.0013665112944695823,,0,1
quarter_volatility2_validated,3769,2026-08-07,2026-08-17,-0.0056482265760339,2026,2025-12-31,native_mse,20260912,-0.0010726869031266657,,0,0
quarter_volatility2_validated,3774,2026-08-14,2026-08-24,-0.0109860710402629,2026,2025-12-31,native_mse,20260912,-0.0012030503226100222,,0,0
quarter_volatility2_validated,3779,2026-08-21,2026-08-31,-0.0127592811002066,2026,2025-12-31,native_mse,20260912,-0.0005090624873602664,,0,0
